01/01/2000,CRW,WV,AEA,CE,Towers with Radar,14,24,19,2,59,1,13,48,0,62,15,37,67,2,121,44,0,44,165
01/02/2000,CRW,WV,AEA,CE,Towers with Radar,10,51,29,1,91,0,11,33,1,45,10,62,62,2,136,20,0,20,156
01/03/2000,CRW,WV,AEA,CE,Towers with Radar,14,60,33,0,107,1,12,44,0,57,15,72,77,0,164,10,0,10,174
01/04/2000,CRW,WV,AEA,CE,Towers with Radar,17,73,36,20,146,0,16,2,1,19,17,89,38,21,165,4,24,28,193
01/05/2000,CRW,WV,AEA,CE,Towers with Radar,16,86,35,9,146,0,16,49,3,68,16,102,84,12,214,6,18,24,238
01/06/2000,CRW,WV,AEA,CE,Towers with Radar,11,85,45,13,154,0,23,55,11,89,11,108,100,24,243,36,12,48,291
01/07/2000,CRW,WV,AEA,CE,Towers with Radar,16,90,47,13,166,0,0,59,7,66,16,90,106,20,232,82,44,126,358
01/08/2000,CRW,WV,AEA,CE,Towers with Radar,15,59,17,13,104,1,24,48,1,74,16,83,65,14,178,162,20,182,360
01/09/2000,CRW,WV,AEA,CE,Towers with Radar,10,56,21,5,92,0,7,0,0,7,10,63,21,5,99,8,0,8,107
01/10/2000,CRW,WV,AEA,CE,Towers with Radar,13,63,33,11,120,1,1,16,4,22,14,64,49,15,142,6,6,12,154
01/11/2000,CRW,WV,AEA,CE,Towers with Radar,16,91,48,15,170,0,9,18,8,35,16,100,66,23,205,2,32,34,239
01/12/2000,CRW,WV,AEA,CE,Towers with Radar,15,97,51,16,179,0,12,70,16,98,15,109,121,32,277,92,56,148,425
01/13/2000,CRW,WV,AEA,CE,Towers with Radar,10,85,42,16,153,1,7,11,0,19,11,92,53,16,172,0,0,0,172
01/14/2000,CRW,WV,AEA,CE,Towers with Radar,18,80,56,29,183,1,18,50,8,77,19,98,106,37,260,6,16,22,282
01/15/2000,CRW,WV,AEA,CE,Towers with Radar,9,71,20,5,105,1,27,46,2,76,10,98,66,7,181,32,0,32,213
01/16/2000,CRW,WV,AEA,CE,Towers with Radar,22,46,42,1,111,0,4,21,1,26,22,50,63,2,137,2,0,2,139
01/17/2000,CRW,WV,AEA,CE,Towers with Radar,14,60,32,3,109,7,21,49,0,77,21,81,81,3,186,66,8,74,260
01/18/2000,CRW,WV,AEA,CE,Towers with Radar,14,71,32,12,129,0,6,0,0,6,14,77,32,12,135,0,0,0,135
01/19/2000,CRW,WV,AEA,CE,Towers with Radar,17,79,44,12,152,0,14,35,6,55,17,93,79,18,207,10,0,10,217
01/20/2000,CRW,WV,AEA,CE,Towers with Radar,12,54,29,7,102,0,11,3,0,14,12,65,32,7,116,0,0,0,116
01/21/2000,CRW,WV,AEA,CE,Towers with Radar,15,83,44,4,146,0,10,42,0,52,15,93,86,4,198,26,0,26,224
01/22/2000,CRW,WV,AEA,CE,Towers with Radar,11,47,25,3,86,3,25,3,0,31,14,72,28,3,117,10,0,10,127
01/23/2000,CRW,WV,AEA,CE,Towers with Radar,8,36,1,3,48,0,19,0,0,19,8,55,1,3,67,0,0,0,67
01/24/2000,CRW,WV,AEA,CE,Towers with Radar,17,74,40,12,143,0,10,42,5,57,17,84,82,17,200,2,4,6,206
01/25/2000,CRW,WV,AEA,CE,Towers with Radar,15,76,41,13,145,0,40,44,5,89,15,116,85,18,234,18,8,26,260
01/26/2000,CRW,WV,AEA,CE,Towers with Radar,15,83,37,22,157,0,2,0,1,3,15,85,37,23,160,0,0,0,160
01/27/2000,CRW,WV,AEA,CE,Towers with Radar,11,85,37,8,141,0,13,12,4,29,11,98,49,12,170,22,0,22,192
01/28/2000,CRW,WV,AEA,CE,Towers with Radar,16,78,42,12,148,0,15,33,7,55,16,93,75,19,203,20,2,22,225
01/29/2000,CRW,WV,AEA,CE,Towers with Radar,18,45,16,9,88,0,30,27,0,57,18,75,43,9,145,34,2,36,181
01/30/2000,CRW,WV,AEA,CE,Towers with Radar,5,19,10,1,35,12,8,0,0,20,17,27,10,1,55,0,0,0,55
01/31/2000,CRW,WV,AEA,CE,Towers with Radar,16,60,32,12,120,0,1,28,5,34,16,61,60,17,154,0,18,18,172
02/01/2000,CRW,WV,AEA,CE,Towers with Radar,23,69,30,10,132,1,10,3,0,14,24,79,33,10,146,28,0,28,174
02/02/2000,CRW,WV,AEA,CE,Towers with Radar,13,90,71,18,192,0,19,79,4,102,13,109,150,22,294,40,16,56,350
02/03/2000,CRW,WV,AEA,CE,Towers with Radar,16,77,29,59,181,0,26,17,2,45,16,103,46,61,226,20,52,72,298
02/04/2000,CRW,WV,AEA,CE,Towers with Radar,13,66,36,8,123,1,40,3,0,44,14,106,39,8,167,10,0,10,177
02/05/2000,CRW,WV,AEA,CE,Towers with Radar,14,62,20,31,127,0,15,21,3,39,14,77,41,34,166,42,32,74,240
02/06/2000,CRW,WV,AEA,CE,Towers with Radar,9,56,28,7,100,0,0,61,2,63,9,56,89,9,163,8,0,8,171
02/07/2000,CRW,WV,AEA,CE,Towers with Radar,17,70,53,6,146,0,22,60,3,85,17,92,113,9,231,62,16,78,309
02/08/2000,CRW,WV,AEA,CE,Towers with Radar,9,91,52,14,166,0,33,52,0,85,9,124,104,14,251,24,56,80,331
02/09/2000,CRW,WV,AEA,CE,Towers with Radar,24,84,61,21,190,1,3,98,5,107,25,87,159,26,297,46,58,104,401
02/10/2000,CRW,WV,AEA,CE,Towers with Radar,18,91,57,7,173,1,14,52,9,76,19,105,109,16,249,160,0,160,409
02/11/2000,CRW,WV,AEA,CE,Towers with Radar,14,85,53,4,156,1,3,7,2,13,15,88,60,6,169,0,0,0,169
02/12/2000,CRW,WV,AEA,CE,Towers with Radar,9,50,28,0,87,11,28,6,0,45,20,78,34,0,132,70,0,70,202
02/13/2000,CRW,WV,AEA,CE,Towers with Radar,12,53,47,2,114,1,4,11,2,18,13,57,58,4,132,10,0,10,142
02/14/2000,CRW,WV,AEA,CE,Towers with Radar,10,58,33,0,101,1,19,10,0,30,11,77,43,0,131,0,0,0,131
02/15/2000,CRW,WV,AEA,CE,Towers with Radar,14,93,53,13,173,0,9,68,0,77,14,102,121,13,250,36,22,58,308
02/16/2000,CRW,WV,AEA,CE,Towers with Radar,16,88,54,14,172,1,5,33,3,42,17,93,87,17,214,10,40,50,264
02/17/2000,CRW,WV,AEA,CE,Towers with Radar,17,91,56,15,179,1,60,51,2,114,18,151,107,17,293,36,6,42,335
02/18/2000,CRW,WV,AEA,CE,Towers with Radar,10,56,10,0,76,4,16,0,0,20,14,72,10,0,96,0,24,24,120
02/19/2000,CRW,WV,AEA,CE,Towers with Radar,19,52,9,1,81,1,1,6,3,11,20,53,15,4,92,0,0,0,92
02/20/2000,CRW,WV,AEA,CE,Towers with Radar,17,65,11,0,93,1,23,20,6,50,18,88,31,6,143,26,0,26,169
02/21/2000,CRW,WV,AEA,CE,Towers with Radar,8,72,40,4,124,0,25,85,0,110,8,97,125,4,234,22,0,22,256
02/22/2000,CRW,WV,AEA,CE,Towers with Radar,18,78,79,27,202,1,25,49,1,76,19,103,128,28,278,38,46,84,362
02/23/2000,CRW,WV,AEA,CE,Towers with Radar,17,83,57,13,170,1,28,100,7,136,18,111,157,20,306,60,32,92,398
02/24/2000,CRW,WV,AEA,CE,Towers with Radar,10,89,49,30,178,1,17,32,1,51,11,106,81,31,229,0,48,48,277
02/25/2000,CRW,WV,AEA,CE,Towers with Radar,10,102,59,18,189,0,0,60,11,71,10,102,119,29,260,32,32,64,324
02/26/2000,CRW,WV,AEA,CE,Towers with Radar,13,66,34,9,122,0,17,53,4,74,13,83,87,13,196,102,0,102,298
02/27/2000,CRW,WV,AEA,CE,Towers with Radar,10,65,34,0,109,0,4,6,1,11,10,69,40,1,120,46,0,46,166
02/28/2000,CRW,WV,AEA,CE,Towers with Radar,11,82,36,15,144,0,30,55,11,96,11,112,91,26,240,66,34,100,340
02/29/2000,CRW,WV,AEA,CE,Towers with Radar,16,88,55,21,180,0,25,60,1,86,16,113,115,22,266,0,12,12,278
03/01/2000,CRW,WV,AEA,CE,Towers with Radar,21,83,49,11,164,1,22,32,0,55,22,105,81,11,219,18,26,44,263
03/02/2000,CRW,WV,AEA,CE,Towers with Radar,12,88,58,12,170,0,22,20,3,45,12,110,78,15,215,24,30,54,269
03/03/2000,CRW,WV,AEA,CE,Towers with Radar,12,102,47,22,183,0,28,51,0,79,12,130,98,22,262,32,16,48,310
03/04/2000,CRW,WV,AEA,CE,Towers with Radar,10,68,39,0,117,0,22,77,2,101,10,90,116,2,218,34,0,34,252
03/05/2000,CRW,WV,AEA,CE,Towers with Radar,9,60,33,6,108,7,26,50,1,84,16,86,83,7,192,54,0,54,246
03/06/2000,CRW,WV,AEA,CE,Towers with Radar,10,80,41,1,132,1,55,76,0,132,11,135,117,1,264,14,0,14,278
03/07/2000,CRW,WV,AEA,CE,Towers with Radar,15,85,30,25,155,1,57,74,1,133,16,142,104,26,288,22,8,30,318
03/08/2000,CRW,WV,AEA,CE,Towers with Radar,14,86,53,8,161,1,26,109,2,138,15,112,162,10,299,82,40,122,421
03/09/2000,CRW,WV,AEA,CE,Towers with Radar,13,86,45,2,146,0,39,26,0,65,13,125,71,2,211,0,0,0,211
03/10/2000,CRW,WV,AEA,CE,Towers with Radar,13,95,55,12,175,1,25,57,5,88,14,120,112,17,263,16,4,20,283
03/11/2000,CRW,WV,AEA,CE,Towers with Radar,10,74,3,2,89,1,12,0,0,13,11,86,3,2,102,0,0,0,102
03/12/2000,CRW,WV,AEA,CE,Towers with Radar,7,51,24,4,86,3,14,0,0,17,10,65,24,4,103,16,0,16,119
03/13/2000,CRW,WV,AEA,CE,Towers with Radar,9,79,57,4,149,1,13,75,8,97,10,92,132,12,246,14,0,14,260
03/14/2000,CRW,WV,AEA,CE,Towers with Radar,6,97,51,11,165,0,23,85,6,114,6,120,136,17,279,4,30,34,313
03/15/2000,CRW,WV,AEA,CE,Towers with Radar,15,89,45,14,163,1,25,51,0,77,16,114,96,14,240,68,50,118,358
03/16/2000,CRW,WV,AEA,CE,Towers with Radar,13,84,43,10,150,9,4,8,15,36,22,88,51,25,186,16,10,26,212
03/17/2000,CRW,WV,AEA,CE,Towers with Radar,10,98,39,2,149,1,8,21,0,30,11,106,60,2,179,0,0,0,179
03/18/2000,CRW,WV,AEA,CE,Towers with Radar,16,73,35,1,125,1,26,57,0,84,17,99,92,1,209,80,0,80,289
03/19/2000,CRW,WV,AEA,CE,Towers with Radar,12,64,23,0,99,1,26,23,0,50,13,90,46,0,149,8,24,32,181
03/20/2000,CRW,WV,AEA,CE,Towers with Radar,17,75,42,5,139,1,10,8,0,19,18,85,50,5,158,0,0,0,158
03/21/2000,CRW,WV,AEA,CE,Towers with Radar,13,83,42,21,159,1,13,45,0,59,14,96,87,21,218,34,28,62,280
03/22/2000,CRW,WV,AEA,CE,Towers with Radar,8,93,76,15,192,1,22,53,3,79,9,115,129,18,271,54,20,74,345
03/23/2000,CRW,WV,AEA,CE,Towers with Radar,11,106,56,10,183,0,14,84,0,98,11,120,140,10,281,24,0,24,305
03/24/2000,CRW,WV,AEA,CE,Towers with Radar,16,105,56,12,189,0,18,68,7,93,16,123,124,19,282,68,64,132,414
03/25/2000,CRW,WV,AEA,CE,Towers with Radar,14,67,19,6,106,0,18,15,0,33,14,85,34,6,139,6,0,6,145
03/26/2000,CRW,WV,AEA,CE,Towers with Radar,12,69,37,5,123,2,39,72,0,113,14,108,109,5,236,20,0,20,256
03/27/2000,CRW,WV,AEA,CE,Towers with Radar,8,84,45,9,146,0,21,13,5,39,8,105,58,14,185,2,6,8,193
03/28/2000,CRW,WV,AEA,CE,Towers with Radar,14,82,44,1,141,2,26,29,0,57,16,108,73,1,198,16,0,16,214
03/29/2000,CRW,WV,AEA,CE,Towers with Radar,9,93,49,10,161,0,52,33,2,87,9,145,82,12,248,74,16,90,338
03/30/2000,CRW,WV,AEA,CE,Towers with Radar,10,114,60,12,196,0,26,87,6,119,10,140,147,18,315,42,38,80,395
03/31/2000,CRW,WV,AEA,CE,Towers with Radar,17,100,53,11,181,1,14,74,5,94,18,114,127,16,275,36,22,58,333
04/01/2000,CRW,WV,AEA,CE,Towers with Radar,12,62,38,9,121,0,48,52,5,105,12,110,90,14,226,92,10,102,328
04/02/2000,CRW,WV,AEA,CE,Towers with Radar,13,64,39,2,118,2,19,9,0,30,15,83,48,2,148,0,0,0,148
04/03/2000,CRW,WV,AEA,CE,Towers with Radar,11,67,40,5,123,0,23,26,0,49,11,90,66,5,172,0,0,0,172
04/04/2000,CRW,WV,AEA,CE,Towers with Radar,14,70,42,10,136,2,45,18,0,65,16,115,60,10,201,14,0,14,215
04/05/2000,CRW,WV,AEA,CE,Towers with Radar,19,94,58,14,185,8,4,77,4,93,27,98,135,18,278,18,20,38,316
04/06/2000,CRW,WV,AEA,CE,Towers with Radar,18,87,53,12,170,3,28,36,0,67,21,115,89,12,237,28,0,28,265
04/07/2000,CRW,WV,AEA,CE,Towers with Radar,10,95,58,7,170,0,45,28,0,73,10,140,86,7,243,38,28,66,309
04/08/2000,CRW,WV,AEA,CE,Towers with Radar,8,43,15,0,66,13,31,0,0,44,21,74,15,0,110,0,0,0,110
04/09/2000,CRW,WV,AEA,CE,Towers with Radar,10,66,40,5,121,0,8,27,0,35,10,74,67,5,156,46,0,46,202
04/10/2000,CRW,WV,AEA,CE,Towers with Radar,16,80,49,12,157,0,11,90,3,104,16,91,139,15,261,30,22,52,313
04/11/2000,CRW,WV,AEA,CE,Towers with Radar,14,92,57,14,177,0,24,37,22,83,14,116,94,36,260,10,58,68,328
04/12/2000,CRW,WV,AEA,CE,Towers with Radar,15,87,53,13,168,0,17,39,6,62,15,104,92,19,230,26,14,40,270
04/13/2000,CRW,WV,AEA,CE,Towers with Radar,18,97,60,13,188,0,6,105,0,111,18,103,165,13,299,24,80,104,403
04/14/2000,CRW,WV,AEA,CE,Towers with Radar,19,85,53,8,165,2,19,70,0,91,21,104,123,8,256,34,18,52,308
04/15/2000,CRW,WV,AEA,CE,Towers with Radar,16,55,47,10,128,6,0,48,1,55,22,55,95,11,183,8,6,14,197
04/16/2000,CRW,WV,AEA,CE,Towers with Radar,11,65,40,8,124,0,17,45,0,62,11,82,85,8,186,24,8,32,218
04/17/2000,CRW,WV,AEA,CE,Towers with Radar,12,53,33,0,98,1,25,13,0,39,13,78,46,0,137,10,0,10,147
04/18/2000,CRW,WV,AEA,CE,Towers with Radar,18,79,45,2,144,3,0,0,0,3,21,79,45,2,147,0,0,0,147
04/19/2000,CRW,WV,AEA,CE,Towers with Radar,14,98,62,13,187,0,21,28,2,51,14,119,90,15,238,0,6,6,244
04/20/2000,CRW,WV,AEA,CE,Towers with Radar,13,85,53,12,163,0,16,36,10,62,13,101,89,22,225,16,10,26,251
04/21/2000,CRW,WV,AEA,CE,Towers with Radar,14,70,43,6,133,0,24,0,0,24,14,94,43,6,157,4,0,4,161
04/22/2000,CRW,WV,AEA,CE,Towers with Radar,13,57,36,0,106,4,10,6,0,20,17,67,42,0,126,0,0,0,126
04/23/2000,CRW,WV,AEA,CE,Towers with Radar,11,51,33,2,97,2,26,25,0,53,13,77,58,2,150,37,0,37,187
04/24/2000,CRW,WV,AEA,CE,Towers with Radar,18,80,51,11,160,4,20,47,16,87,22,100,98,27,247,10,62,72,319
04/25/2000,CRW,WV,AEA,CE,Towers with Radar,14,85,54,12,165,0,45,60,10,115,14,130,114,22,280,58,60,118,398
04/26/2000,CRW,WV,AEA,CE,Towers with Radar,18,84,53,11,166,0,46,71,3,120,18,130,124,14,286,54,0,54,340
04/27/2000,CRW,WV,AEA,CE,Towers with Radar,17,80,51,11,159,0,40,67,18,125,17,120,118,29,284,74,6,80,364
04/28/2000,CRW,WV,AEA,CE,Towers with Radar,15,87,55,7,164,0,22,85,0,107,15,109,140,7,271,42,14,56,327
04/29/2000,CRW,WV,AEA,CE,Towers with Radar,15,67,43,9,134,2,18,50,8,78,17,85,93,17,212,38,0,38,250
04/30/2000,CRW,WV,AEA,CE,Towers with Radar,14,62,39,6,121,0,23,66,0,89,14,85,105,6,210,58,0,58,268
05/01/2000,CRW,WV,AEA,CE,Towers with Radar,3,78,36,5,122,1,36,62,0,99,4,114,98,5,221,38,18,56,277
05/02/2000,CRW,WV,AEA,CE,Towers with Radar,8,85,50,9,152,0,60,67,0,127,8,145,117,9,279,28,19,47,326
05/03/2000,CRW,WV,AEA,CE,Towers with Radar,9,87,67,12,175,2,33,101,3,139,11,120,168,15,314,38,34,72,386
05/04/2000,CRW,WV,AEA,CE,Towers with Radar,9,84,68,40,201,2,65,46,1,114,11,149,114,41,315,8,48,56,371
05/05/2000,CRW,WV,AEA,CE,Towers with Radar,13,88,44,30,175,1,28,40,3,72,14,116,84,33,247,34,25,59,306
05/06/2000,CRW,WV,AEA,CE,Towers with Radar,16,60,24,6,106,1,11,48,3,63,17,71,72,9,169,90,0,90,259
05/07/2000,CRW,WV,AEA,CE,Towers with Radar,15,58,34,17,124,0,31,49,1,81,15,89,83,18,205,22,20,42,247
05/08/2000,CRW,WV,AEA,CE,Towers with Radar,16,68,54,3,141,0,19,64,4,87,16,87,118,7,228,72,26,98,326
05/09/2000,CRW,WV,AEA,CE,Towers with Radar,15,78,50,20,163,0,29,68,4,101,15,107,118,24,264,12,28,40,304
05/10/2000,CRW,WV,AEA,CE,Towers with Radar,21,85,59,15,180,0,77,51,3,131,21,162,110,18,311,0,16,16,327
05/11/2000,CRW,WV,AEA,CE,Towers with Radar,16,92,55,13,176,0,23,63,20,106,16,115,118,33,282,50,72,122,404
05/12/2000,CRW,WV,AEA,CE,Towers with Radar,21,92,58,0,171,0,66,31,0,97,21,158,89,0,268,10,0,10,278
05/13/2000,CRW,WV,AEA,CE,Towers with Radar,12,71,12,7,102,0,13,7,0,20,12,84,19,7,122,10,0,10,132
05/14/2000,CRW,WV,AEA,CE,Towers with Radar,23,60,33,6,122,0,35,45,0,80,23,95,78,6,202,36,0,36,238
05/15/2000,CRW,WV,AEA,CE,Towers with Radar,7,74,39,17,137,0,30,47,1,78,7,104,86,18,215,62,14,76,291
05/16/2000,CRW,WV,AEA,CE,Towers with Radar,9,100,57,22,188,0,47,52,3,102,9,147,109,25,290,44,38,82,372
05/17/2000,CRW,WV,AEA,CE,Towers with Radar,9,92,54,9,164,0,9,73,0,82,9,101,127,9,246,20,0,20,266
05/18/2000,CRW,WV,AEA,CE,Towers with Radar,15,85,50,13,163,0,27,36,4,67,15,112,86,17,230,34,36,70,300
05/19/2000,CRW,WV,AEA,CE,Towers with Radar,14,79,40,0,133,0,5,23,1,29,14,84,63,1,162,0,0,0,162
05/20/2000,CRW,WV,AEA,CE,Towers with Radar,12,65,39,1,117,5,8,21,0,34,17,73,60,1,151,50,0,50,201
05/21/2000,CRW,WV,AEA,CE,Towers with Radar,17,57,47,1,122,0,6,16,1,23,17,63,63,2,145,40,0,40,185
05/22/2000,CRW,WV,AEA,CE,Towers with Radar,7,84,46,1,138,0,18,55,1,74,7,102,101,2,212,16,0,16,228
05/23/2000,CRW,WV,AEA,CE,Towers with Radar,13,98,43,40,194,0,13,15,5,33,13,111,58,45,227,0,132,132,359
05/24/2000,CRW,WV,AEA,CE,Towers with Radar,18,85,58,10,171,0,10,50,0,60,18,95,108,10,231,18,0,18,249
05/25/2000,CRW,WV,AEA,CE,Towers with Radar,16,83,71,19,189,0,13,64,0,77,16,96,135,19,266,68,0,68,334
05/26/2000,CRW,WV,AEA,CE,Towers with Radar,24,80,53,4,161,0,14,59,5,78,24,94,112,9,239,44,18,62,301
05/27/2000,CRW,WV,AEA,CE,Towers with Radar,12,59,11,1,83,0,21,10,0,31,12,80,21,1,114,0,0,0,114
05/28/2000,CRW,WV,AEA,CE,Towers with Radar,7,66,16,0,89,0,0,2,0,2,7,66,18,0,91,14,0,14,105
05/29/2000,CRW,WV,AEA,CE,Towers with Radar,8,68,60,0,136,0,4,11,0,15,8,72,71,0,151,24,0,24,175
05/30/2000,CRW,WV,AEA,CE,Towers with Radar,12,79,43,5,139,0,71,69,0,140,12,150,112,5,279,42,22,64,343
05/31/2000,CRW,WV,AEA,CE,Towers with Radar,8,91,68,11,178,0,25,98,1,124,8,116,166,12,302,80,30,110,412
06/01/2000,CRW,WV,AEA,CE,Towers with Radar,19,81,60,24,184,1,19,56,1,77,20,100,116,25,261,76,40,116,377
06/02/2000,CRW,WV,AEA,CE,Towers with Radar,16,78,52,48,194,0,2,61,0,63,16,80,113,48,257,54,30,84,341
06/03/2000,CRW,WV,AEA,CE,Towers with Radar,12,60,37,9,118,6,10,33,38,87,18,70,70,47,205,18,6,24,229
06/04/2000,CRW,WV,AEA,CE,Towers with Radar,15,63,30,15,123,0,32,67,6,105,15,95,97,21,228,10,4,14,242
06/05/2000,CRW,WV,AEA,CE,Towers with Radar,21,63,65,9,158,0,26,50,0,76,21,89,115,9,234,16,0,16,250
06/06/2000,CRW,WV,AEA,CE,Towers with Radar,14,89,56,12,171,0,0,17,0,17,14,89,73,12,188,0,24,24,212
06/07/2000,CRW,WV,AEA,CE,Towers with Radar,20,88,71,9,188,0,6,60,0,66,20,94,131,9,254,24,10,34,288
06/08/2000,CRW,WV,AEA,CE,Towers with Radar,19,89,52,13,173,1,46,40,0,87,20,135,92,13,260,2,12,14,274
06/09/2000,CRW,WV,AEA,CE,Towers with Radar,20,80,42,14,156,1,64,80,4,149,21,144,122,18,305,8,16,24,329
06/10/2000,CRW,WV,AEA,CE,Towers with Radar,12,69,28,0,109,1,32,22,0,55,13,101,50,0,164,4,0,4,168
06/11/2000,CRW,WV,AEA,CE,Towers with Radar,17,61,22,10,110,1,61,53,0,115,18,122,75,10,225,20,0,20,245
06/12/2000,CRW,WV,AEA,CE,Towers with Radar,16,72,43,12,143,1,4,37,1,43,17,76,80,13,186,12,0,12,198
06/13/2000,CRW,WV,AEA,CE,Towers with Radar,6,97,55,18,176,1,33,28,2,64,7,130,83,20,240,32,48,80,320
06/14/2000,CRW,WV,AEA,CE,Towers with Radar,12,81,52,14,159,0,23,49,0,72,12,104,101,14,231,6,50,56,287
06/15/2000,CRW,WV,AEA,CE,Towers with Radar,10,75,50,9,144,1,18,26,2,47,11,93,76,11,191,20,16,36,227
06/16/2000,CRW,WV,AEA,CE,Towers with Radar,22,71,45,9,147,1,36,37,5,79,23,107,82,14,226,10,10,20,246
06/17/2000,CRW,WV,AEA,CE,Towers with Radar,17,57,27,3,104,1,25,11,0,37,18,82,38,3,141,0,0,0,141
06/18/2000,CRW,WV,AEA,CE,Towers with Radar,10,68,24,4,106,0,13,6,2,21,10,81,30,6,127,0,0,0,127
06/19/2000,CRW,WV,AEA,CE,Towers with Radar,11,74,46,7,138,0,7,14,0,21,11,81,60,7,159,0,8,8,167
06/20/2000,CRW,WV,AEA,CE,Towers with Radar,15,84,80,6,185,0,18,49,3,70,15,102,129,9,255,18,20,38,293
06/21/2000,CRW,WV,AEA,CE,Towers with Radar,16,90,63,11,180,0,13,31,1,45,16,103,94,12,225,16,10,26,251
06/22/2000,CRW,WV,AEA,CE,Towers with Radar,14,90,61,27,192,0,50,38,2,90,14,140,99,29,282,16,9,25,307
06/23/2000,CRW,WV,AEA,CE,Towers with Radar,21,79,49,19,168,0,33,82,0,115,21,112,131,19,283,0,4,4,287
06/24/2000,CRW,WV,AEA,CE,Towers with Radar,17,69,34,5,125,0,20,44,2,66,17,89,78,7,191,56,20,76,267
06/25/2000,CRW,WV,AEA,CE,Towers with Radar,19,60,29,9,117,0,11,20,3,34,19,71,49,12,151,0,10,10,161
06/26/2000,CRW,WV,AEA,CE,Towers with Radar,9,81,33,11,134,0,5,63,0,68,9,86,96,11,202,12,8,20,222
06/27/2000,CRW,WV,AEA,CE,Towers with Radar,13,90,53,29,185,0,7,8,0,15,13,97,61,29,200,0,2,2,202
06/28/2000,CRW,WV,AEA,CE,Towers with Radar,16,93,58,14,181,0,7,40,0,47,16,100,98,14,228,0,18,18,246
06/29/2000,CRW,WV,AEA,CE,Towers with Radar,12,87,46,12,157,0,32,49,4,85,12,119,95,16,242,4,62,66,308
06/30/2000,CRW,WV,AEA,CE,Towers with Radar,16,82,55,4,157,0,27,50,0,77,16,109,105,4,234,26,0,26,260
07/01/2000,CRW,WV,AEA,CE,Towers with Radar,12,70,38,3,123,0,38,34,0,72,12,108,72,3,195,2,0,2,197
07/02/2000,CRW,WV,AEA,CE,Towers with Radar,13,60,18,0,91,1,19,41,0,61,14,79,59,0,152,28,8,36,188
07/03/2000,CRW,WV,AEA,CE,Towers with Radar,4,68,25,0,97,1,12,27,0,40,5,80,52,0,137,22,0,22,159
07/04/2000,CRW,WV,AEA,CE,Towers with Radar,11,55,25,0,91,3,17,0,0,20,14,72,25,0,111,6,0,6,117
07/05/2000,CRW,WV,AEA,CE,Towers with Radar,17,61,37,2,117,0,0,4,0,4,17,61,41,2,121,0,0,0,121
07/06/2000,CRW,WV,AEA,CE,Towers with Radar,16,87,47,9,159,0,17,56,0,73,16,104,103,9,232,0,6,6,238
07/07/2000,CRW,WV,AEA,CE,Towers with Radar,12,81,44,11,148,0,54,71,2,127,12,135,115,13,275,26,12,38,313
07/08/2000,CRW,WV,AEA,CE,Towers with Radar,10,68,36,9,123,0,30,59,7,96,10,98,95,16,219,76,24,100,319
07/09/2000,CRW,WV,AEA,CE,Towers with Radar,23,54,50,7,134,0,48,46,0,94,23,102,96,7,228,40,0,40,268
07/10/2000,CRW,WV,AEA,CE,Towers with Radar,13,59,48,43,163,0,0,27,0,27,13,59,75,43,190,20,16,36,226
07/11/2000,CRW,WV,AEA,CE,Towers with Radar,17,87,47,12,163,0,3,11,11,25,17,90,58,23,188,0,0,0,188
07/12/2000,CRW,WV,AEA,CE,Towers with Radar,18,72,46,10,146,9,0,29,3,41,27,72,75,13,187,34,4,38,225
07/13/2000,CRW,WV,AEA,CE,Towers with Radar,18,93,38,11,160,0,9,35,0,44,18,102,73,11,204,22,18,40,244
07/14/2000,CRW,WV,AEA,CE,Towers with Radar,14,74,39,2,129,0,17,31,6,54,14,91,70,8,183,18,10,28,211
07/15/2000,CRW,WV,AEA,CE,Towers with Radar,19,65,24,5,113,0,13,10,0,23,19,78,34,5,136,6,0,6,142
07/16/2000,CRW,WV,AEA,CE,Towers with Radar,10,65,31,2,108,0,14,20,0,34,10,79,51,2,142,18,0,18,160
07/17/2000,CRW,WV,AEA,CE,Towers with Radar,17,79,42,13,151,0,37,56,0,93,17,116,98,13,244,10,16,26,270
07/18/2000,CRW,WV,AEA,CE,Towers with Radar,18,83,45,10,156,2,23,23,18,66,20,106,68,28,222,32,32,64,286
07/19/2000,CRW,WV,AEA,CE,Towers with Radar,17,79,35,2,133,0,12,7,0,19,17,91,42,2,152,0,8,8,160
07/20/2000,CRW,WV,AEA,CE,Towers with Radar,23,70,68,14,175,0,29,49,1,79,23,99,117,15,254,8,56,64,318
07/21/2000,CRW,WV,AEA,CE,Towers with Radar,9,84,58,7,158,0,16,31,3,50,9,100,89,10,208,10,10,20,228
07/22/2000,CRW,WV,AEA,CE,Towers with Radar,17,73,21,13,124,0,26,46,0,72,17,99,67,13,196,56,0,56,252
07/23/2000,CRW,WV,AEA,CE,Towers with Radar,17,62,49,7,135,0,14,58,0,72,17,76,107,7,207,44,0,44,251
07/24/2000,CRW,WV,AEA,CE,Towers with Radar,19,73,61,1,154,0,27,25,0,52,19,100,86,1,206,8,0,8,214
07/25/2000,CRW,WV,AEA,CE,Towers with Radar,13,85,57,16,171,0,80,41,1,122,13,165,98,17,293,66,8,74,367
07/26/2000,CRW,WV,AEA,CE,Towers with Radar,15,82,50,14,161,0,12,47,3,62,15,94,97,17,223,29,28,57,280
07/27/2000,CRW,WV,AEA,CE,Towers with Radar,11,82,68,10,171,0,28,55,0,83,11,110,123,10,254,14,22,36,290
07/28/2000,CRW,WV,AEA,CE,Towers with Radar,13,62,28,11,114,0,10,25,4,39,13,72,53,15,153,6,0,6,159
07/29/2000,CRW,WV,AEA,CE,Towers with Radar,18,61,12,2,93,0,20,9,0,29,18,81,21,2,122,16,0,16,138
07/30/2000,CRW,WV,AEA,CE,Towers with Radar,8,63,38,3,112,0,17,24,3,44,8,80,62,6,156,2,0,2,158
07/31/2000,CRW,WV,AEA,CE,Towers with Radar,14,72,33,23,142,0,3,18,4,25,14,75,51,27,167,50,0,50,217
08/01/2000,CRW,WV,AEA,CE,Towers with Radar,13,77,40,18,148,1,39,63,7,110,14,116,103,25,258,0,60,60,318
08/02/2000,CRW,WV,AEA,CE,Towers with Radar,18,84,45,7,154,1,6,22,6,35,19,90,67,13,189,8,0,8,197
08/03/2000,CRW,WV,AEA,CE,Towers with Radar,9,87,45,10,151,1,9,53,10,73,10,96,98,20,224,16,8,24,248
08/04/2000,CRW,WV,AEA,CE,Towers with Radar,25,71,51,19,166,0,12,16,2,30,25,83,67,21,196,20,0,20,216
08/05/2000,CRW,WV,AEA,CE,Towers with Radar,11,60,61,10,142,0,17,54,13,84,11,77,115,23,226,2,12,14,240
08/06/2000,CRW,WV,AEA,CE,Towers with Radar,17,53,45,11,126,0,6,22,11,39,17,59,67,22,165,0,0,0,165
08/07/2000,CRW,WV,AEA,CE,Towers with Radar,21,58,34,5,118,0,30,28,29,87,21,88,62,34,205,14,8,22,227
08/08/2000,CRW,WV,AEA,CE,Towers with Radar,16,86,29,6,137,0,7,27,9,43,16,93,56,15,180,16,10,26,206
08/09/2000,CRW,WV,AEA,CE,Towers with Radar,16,84,27,21,148,0,11,37,3,51,16,95,64,24,199,12,0,12,211
08/10/2000,CRW,WV,AEA,CE,Towers with Radar,17,70,59,17,163,0,34,40,6,80,17,104,99,23,243,30,18,48,291
08/11/2000,CRW,WV,AEA,CE,Towers with Radar,17,86,53,14,170,0,0,39,9,48,17,86,92,23,218,52,16,68,286
08/12/2000,CRW,WV,AEA,CE,Towers with Radar,16,84,50,6,156,0,36,34,0,70,16,120,84,6,226,54,0,54,280
08/13/2000,CRW,WV,AEA,CE,Towers with Radar,13,79,38,12,142,0,6,45,0,51,13,85,83,12,193,24,0,24,217
08/14/2000,CRW,WV,AEA,CE,Towers with Radar,10,71,41,3,125,0,20,60,0,80,10,91,101,3,205,56,0,56,261
08/15/2000,CRW,WV,AEA,CE,Towers with Radar,17,83,49,13,162,0,37,54,0,91,17,120,103,13,253,28,4,32,285
08/16/2000,CRW,WV,AEA,CE,Towers with Radar,11,93,45,20,169,0,24,38,0,62,11,117,83,20,231,26,30,56,287
08/17/2000,CRW,WV,AEA,CE,Towers with Radar,11,73,84,25,193,0,5,49,2,56,11,78,133,27,249,22,40,62,311
08/18/2000,CRW,WV,AEA,CE,Towers with Radar,14,95,65,6,180,0,35,26,6,67,14,130,91,12,247,6,0,6,253
08/19/2000,CRW,WV,AEA,CE,Towers with Radar,18,64,37,1,120,0,12,43,0,55,18,76,80,1,175,38,0,38,213
08/20/2000,CRW,WV,AEA,CE,Towers with Radar,18,59,16,11,104,0,9,52,0,61,18,68,68,11,165,20,0,20,185
08/21/2000,CRW,WV,AEA,CE,Towers with Radar,10,69,25,1,105,0,30,56,0,86,10,99,81,1,191,24,8,32,223
08/22/2000,CRW,WV,AEA,CE,Towers with Radar,21,80,68,6,175,0,10,47,0,57,21,90,115,6,232,0,2,2,234
08/23/2000,CRW,WV,AEA,CE,Towers with Radar,11,92,58,2,163,0,13,25,0,38,11,105,83,2,201,0,0,0,201
08/24/2000,CRW,WV,AEA,CE,Towers with Radar,19,87,48,29,183,0,18,27,0,45,19,105,75,29,228,0,2,2,230
08/25/2000,CRW,WV,AEA,CE,Towers with Radar,9,89,41,18,157,0,8,24,6,38,9,97,65,24,195,10,0,10,205
08/26/2000,CRW,WV,AEA,CE,Towers with Radar,16,66,27,0,109,0,6,22,0,28,16,72,49,0,137,0,0,0,137
08/27/2000,CRW,WV,AEA,CE,Towers with Radar,24,57,39,2,122,0,8,22,0,30,24,65,61,2,152,30,0,30,182
08/28/2000,CRW,WV,AEA,CE,Towers with Radar,21,63,51,16,151,0,16,29,0,45,21,79,80,16,196,34,0,34,230
08/29/2000,CRW,WV,AEA,CE,Towers with Radar,10,88,54,18,170,0,7,47,3,57,10,95,101,21,227,10,28,38,265
08/30/2000,CRW,WV,AEA,CE,Towers with Radar,22,84,35,28,169,0,20,64,0,84,22,104,99,28,253,10,16,26,279
08/31/2000,CRW,WV,AEA,CE,Towers with Radar,21,72,58,27,178,0,19,51,2,72,21,91,109,29,250,14,64,78,328
09/01/2000,CRW,WV,AEA,CE,Towers with Radar,14,84,47,5,150,0,22,39,9,70,14,106,86,14,220,35,8,43,263
09/02/2000,CRW,WV,AEA,CE,Towers with Radar,15,55,23,0,93,0,20,29,1,50,15,75,52,1,143,48,6,54,197
09/03/2000,CRW,WV,AEA,CE,Towers with Radar,20,46,15,2,83,0,11,273,1,285,20,57,288,3,368,24,2,26,394
09/04/2000,CRW,WV,AEA,CE,Towers with Radar,9,62,25,0,96,0,9,10,0,19,9,71,35,0,115,0,0,0,115
09/05/2000,CRW,WV,AEA,CE,Towers with Radar,17,74,45,13,149,5,3,33,7,48,22,77,78,20,197,14,8,22,219
09/06/2000,CRW,WV,AEA,CE,Towers with Radar,12,77,48,16,153,0,25,64,0,89,12,102,112,16,242,50,30,80,322
09/07/2000,CRW,WV,AEA,CE,Towers with Radar,9,86,63,29,187,0,30,69,0,99,9,116,132,29,286,52,74,126,412
09/08/2000,CRW,WV,AEA,CE,Towers with Radar,19,94,57,11,181,7,13,52,0,72,26,107,109,11,253,16,8,24,277
09/09/2000,CRW,WV,AEA,CE,Towers with Radar,15,61,33,55,164,0,13,50,3,66,15,74,83,58,230,36,68,104,334
09/10/2000,CRW,WV,AEA,CE,Towers with Radar,17,41,35,12,105,0,21,39,7,67,17,62,74,19,172,40,0,40,212
09/11/2000,CRW,WV,AEA,CE,Towers with Radar,14,65,40,4,123,4,5,53,0,62,18,70,93,4,185,28,0,28,213
09/12/2000,CRW,WV,AEA,CE,Towers with Radar,14,90,51,9,164,0,11,38,0,49,14,101,89,9,213,18,0,18,231
09/13/2000,CRW,WV,AEA,CE,Towers with Radar,14,96,96,9,215,0,33,54,0,87,14,129,150,9,302,44,8,52,354
09/14/2000,CRW,WV,AEA,CE,Towers with Radar,17,88,65,9,179,0,19,34,1,54,17,107,99,10,233,38,0,38,271
09/15/2000,CRW,WV,AEA,CE,Towers with Radar,8,86,55,22,171,0,19,39,4,62,8,105,94,26,233,0,0,0,233
09/16/2000,CRW,WV,AEA,CE,Towers with Radar,14,67,31,14,126,0,25,57,8,90,14,92,88,22,216,39,12,51,267
09/17/2000,CRW,WV,AEA,CE,Towers with Radar,11,64,36,7,118,0,30,48,5,83,11,94,84,12,201,14,34,48,249
09/18/2000,CRW,WV,AEA,CE,Towers with Radar,12,76,55,14,157,0,4,78,2,84,12,80,133,16,241,22,23,45,286
09/19/2000,CRW,WV,AEA,CE,Towers with Radar,15,87,44,10,156,0,1,59,1,61,15,88,103,11,217,20,14,34,251
09/20/2000,CRW,WV,AEA,CE,Towers with Radar,16,91,45,20,172,0,25,83,0,108,16,116,128,20,280,64,12,76,356
09/21/2000,CRW,WV,AEA,CE,Towers with Radar,10,98,59,38,205,0,11,42,1,54,10,109,101,39,259,42,52,94,353
09/22/2000,CRW,WV,AEA,CE,Towers with Radar,8,95,58,16,177,0,24,62,4,90,8,119,120,20,267,48,0,48,315
09/23/2000,CRW,WV,AEA,CE,Towers with Radar,16,65,19,0,100,0,23,34,0,57,16,88,53,0,157,42,0,42,199
09/24/2000,CRW,WV,AEA,CE,Towers with Radar,15,60,36,5,116,0,0,0,0,0,15,60,36,5,116,0,0,0,116
09/25/2000,CRW,WV,AEA,CE,Towers with Radar,13,64,40,9,126,5,8,7,0,20,18,72,47,9,146,0,0,0,146
09/26/2000,CRW,WV,AEA,CE,Towers with Radar,16,87,72,14,189,0,32,27,0,59,16,119,99,14,248,12,2,14,262
09/27/2000,CRW,WV,AEA,CE,Towers with Radar,20,87,58,11,176,0,4,61,0,65,20,91,119,11,241,58,0,58,299
09/28/2000,CRW,WV,AEA,CE,Towers with Radar,18,89,52,25,184,0,6,50,2,58,18,95,102,27,242,38,26,64,306
09/29/2000,CRW,WV,AEA,CE,Towers with Radar,11,92,54,5,162,0,7,28,0,35,11,99,82,5,197,24,0,24,221
09/30/2000,CRW,WV,AEA,CE,Towers with Radar,15,65,18,1,99,0,8,51,0,59,15,73,69,1,158,46,0,46,204
10/01/2000,CRW,WV,AEA,CE,Towers with Radar,13,60,38,0,111,3,15,62,0,80,16,75,100,0,191,2,0,2,193
10/02/2000,CRW,WV,AEA,CE,Towers with Radar,11,67,42,7,127,0,22,54,0,76,11,89,96,7,203,42,16,58,261
10/03/2000,CRW,WV,AEA,CE,Towers with Radar,12,81,56,36,185,0,35,56,2,93,12,116,112,38,278,12,2,14,292
10/04/2000,CRW,WV,AEA,CE,Towers with Radar,19,87,69,7,182,0,10,61,1,72,19,97,130,8,254,36,14,50,304
10/05/2000,CRW,WV,AEA,CE,Towers with Radar,16,77,49,12,154,4,21,27,2,54,20,98,76,14,208,0,32,32,240
10/06/2000,CRW,WV,AEA,CE,Towers with Radar,19,77,51,4,151,0,5,13,4,22,19,82,64,8,173,0,0,0,173
10/07/2000,CRW,WV,AEA,CE,Towers with Radar,12,57,46,7,122,0,18,32,0,50,12,75,78,7,172,16,8,24,196
10/08/2000,CRW,WV,AEA,CE,Towers with Radar,20,61,37,1,119,0,19,25,0,44,20,80,62,1,163,16,0,16,179
10/09/2000,CRW,WV,AEA,CE,Towers with Radar,6,81,36,0,123,0,20,22,0,42,6,101,58,0,165,20,4,24,189
10/10/2000,CRW,WV,AEA,CE,Towers with Radar,15,93,52,23,183,0,36,60,0,96,15,129,112,23,279,18,32,50,329
10/11/2000,CRW,WV,AEA,CE,Towers with Radar,12,85,50,5,152,0,43,109,0,152,12,128,159,5,304,50,24,74,378
10/12/2000,CRW,WV,AEA,CE,Towers with Radar,16,130,86,17,249,0,18,82,2,102,16,148,168,19,351,52,12,64,415
10/13/2000,CRW,WV,AEA,CE,Towers with Radar,14,78,43,20,155,0,10,77,3,90,14,88,120,23,245,30,0,30,275
10/14/2000,CRW,WV,AEA,CE,Towers with Radar,10,71,17,20,118,0,27,53,1,81,10,98,70,21,199,58,0,58,257
10/15/2000,CRW,WV,AEA,CE,Towers with Radar,13,66,41,10,130,2,6,35,20,63,15,72,76,30,193,32,0,32,225
10/16/2000,CRW,WV,AEA,CE,Towers with Radar,18,67,65,1,151,0,11,39,0,50,18,78,104,1,201,36,0,36,237
10/17/2000,CRW,WV,AEA,CE,Towers with Radar,8,90,43,19,160,0,2,16,0,18,8,92,59,19,178,0,22,22,200
10/18/2000,CRW,WV,AEA,CE,Towers with Radar,18,90,55,15,178,0,15,33,0,48,18,105,88,15,226,0,32,32,258
10/19/2000,CRW,WV,AEA,CE,Towers with Radar,18,91,56,14,179,0,18,34,16,68,18,109,90,30,247,34,28,62,309
10/20/2000,CRW,WV,AEA,CE,Towers with Radar,12,89,48,14,163,0,26,66,16,108,12,115,114,30,271,0,34,34,305
10/21/2000,CRW,WV,AEA,CE,Towers with Radar,8,58,37,4,107,0,45,47,0,92,8,103,84,4,199,38,20,58,257
10/22/2000,CRW,WV,AEA,CE,Towers with Radar,12,59,35,3,109,0,20,38,0,58,12,79,73,3,167,2,0,2,169
10/23/2000,CRW,WV,AEA,CE,Towers with Radar,11,70,43,12,136,0,16,45,4,65,11,86,88,16,201,10,4,14,215
10/24/2000,CRW,WV,AEA,CE,Towers with Radar,9,87,51,18,165,0,16,49,4,69,9,103,100,22,234,24,20,44,278
10/25/2000,CRW,WV,AEA,CE,Towers with Radar,18,94,58,8,178,3,15,64,0,82,21,109,122,8,260,18,0,18,278
10/26/2000,CRW,WV,AEA,CE,Towers with Radar,18,92,56,15,181,2,5,62,13,82,20,97,118,28,263,50,10,60,323
10/27/2000,CRW,WV,AEA,CE,Towers with Radar,15,93,48,25,181,0,44,56,0,100,15,137,104,25,281,12,6,18,299
10/28/2000,CRW,WV,AEA,CE,Towers with Radar,14,67,30,2,113,0,18,28,2,48,14,85,58,4,161,48,0,48,209
10/29/2000,CRW,WV,AEA,CE,Towers with Radar,12,57,16,7,92,0,19,48,3,70,12,76,64,10,162,32,10,42,204
10/30/2000,CRW,WV,AEA,CE,Towers with Radar,9,46,30,7,92,8,51,66,4,129,17,97,96,11,221,32,20,52,273
10/31/2000,CRW,WV,AEA,CE,Towers with Radar,17,71,25,20,133,0,77,64,0,141,17,148,89,20,274,40,63,103,377
11/01/2000,CRW,WV,AEA,CE,Towers with Radar,14,89,66,50,219,1,44,72,9,126,15,133,138,59,345,40,20,60,405
11/02/2000,CRW,WV,AEA,CE,Towers with Radar,17,90,48,14,169,0,12,79,2,93,17,102,127,16,262,0,36,36,298
11/03/2000,CRW,WV,AEA,CE,Towers with Radar,23,71,54,8,156,1,23,44,0,68,24,94,98,8,224,0,0,0,224
11/04/2000,CRW,WV,AEA,CE,Towers with Radar,11,64,30,8,113,1,10,51,0,62,12,74,81,8,175,0,14,14,189
11/05/2000,CRW,WV,AEA,CE,Towers with Radar,8,58,24,34,124,1,26,44,2,73,9,84,68,36,197,28,48,76,273
11/06/2000,CRW,WV,AEA,CE,Towers with Radar,19,86,46,13,164,2,23,58,7,90,21,109,104,20,254,38,8,46,300
11/07/2000,CRW,WV,AEA,CE,Towers with Radar,15,79,36,12,142,1,5,7,1,14,16,84,43,13,156,0,0,0,156
11/08/2000,CRW,WV,AEA,CE,Towers with Radar,21,84,56,17,178,1,10,18,0,29,22,94,74,17,207,8,0,8,215
11/09/2000,CRW,WV,AEA,CE,Towers with Radar,22,76,36,18,152,1,11,6,0,18,23,87,42,18,170,2,6,8,178
11/10/2000,CRW,WV,AEA,CE,Towers with Radar,13,54,31,0,98,1,8,11,0,20,14,62,42,0,118,0,0,0,118
11/11/2000,CRW,WV,AEA,CE,Towers with Radar,15,66,25,4,110,1,15,18,1,35,16,81,43,5,145,2,2,4,149
11/12/2000,CRW,WV,AEA,CE,Towers with Radar,14,60,29,7,110,0,8,34,0,42,14,68,63,7,152,10,0,10,162
11/13/2000,CRW,WV,AEA,CE,Towers with Radar,9,34,23,4,70,0,0,71,0,71,9,34,94,4,141,70,0,70,211
11/14/2000,CRW,WV,AEA,CE,Towers with Radar,11,92,67,16,186,1,23,38,1,63,12,115,105,17,249,22,28,50,299
11/15/2000,CRW,WV,AEA,CE,Towers with Radar,21,85,62,16,184,1,40,45,1,87,22,125,107,17,271,42,0,42,313
11/16/2000,CRW,WV,AEA,CE,Towers with Radar,23,83,37,28,171,0,40,39,0,79,23,123,76,28,250,0,22,22,272
11/17/2000,CRW,WV,AEA,CE,Towers with Radar,18,77,39,5,139,0,24,38,0,62,18,101,77,5,201,0,0,0,201
11/18/2000,CRW,WV,AEA,CE,Towers with Radar,15,62,23,2,102,0,23,39,0,62,15,85,62,2,164,66,0,66,230
11/19/2000,CRW,WV,AEA,CE,Towers with Radar,16,54,22,1,93,0,20,24,0,44,16,74,46,1,137,16,0,16,153
11/20/2000,CRW,WV,AEA,CE,Towers with Radar,9,73,27,8,117,0,32,14,0,46,9,105,41,8,163,0,0,0,163
11/21/2000,CRW,WV,AEA,CE,Towers with Radar,27,80,31,10,148,0,21,14,3,38,27,101,45,13,186,10,30,40,226
11/22/2000,CRW,WV,AEA,CE,Towers with Radar,14,94,45,12,165,0,21,34,0,55,14,115,79,12,220,66,8,74,294
11/23/2000,CRW,WV,AEA,CE,Towers with Radar,13,61,15,0,89,0,18,15,0,33,13,79,30,0,122,0,0,0,122
11/24/2000,CRW,WV,AEA,CE,Towers with Radar,12,48,26,0,86,5,24,35,0,64,17,72,61,0,150,24,0,24,174
11/25/2000,CRW,WV,AEA,CE,Towers with Radar,16,62,4,0,82,0,14,4,0,18,16,76,8,0,100,0,0,0,100
11/26/2000,CRW,WV,AEA,CE,Towers with Radar,17,58,34,0,109,0,20,10,0,30,17,78,44,0,139,12,0,12,151
11/27/2000,CRW,WV,AEA,CE,Towers with Radar,13,82,38,0,133,0,28,53,0,81,13,110,91,0,214,16,0,16,230
11/28/2000,CRW,WV,AEA,CE,Towers with Radar,10,88,75,17,190,0,55,34,2,91,10,143,109,19,281,20,24,44,325
11/29/2000,CRW,WV,AEA,CE,Towers with Radar,18,78,42,12,150,1,39,15,8,63,19,117,57,20,213,0,28,28,241
11/30/2000,CRW,WV,AEA,CE,Towers with Radar,13,75,41,9,138,0,79,6,0,85,13,154,47,9,223,0,4,4,227
12/01/2000,CRW,WV,AEA,CE,Towers with Radar,18,82,42,37,179,1,19,46,0,66,19,101,88,37,245,20,16,36,281
12/02/2000,CRW,WV,AEA,CE,Towers with Radar,11,59,11,15,96,0,0,6,0,6,11,59,17,15,102,40,18,58,160
12/03/2000,CRW,WV,AEA,CE,Towers with Radar,12,60,23,5,100,1,31,36,0,68,13,91,59,5,168,16,0,16,184
12/04/2000,CRW,WV,AEA,CE,Towers with Radar,30,70,53,12,165,0,23,66,1,90,30,93,119,13,255,34,24,58,313
12/05/2000,CRW,WV,AEA,CE,Towers with Radar,8,91,38,9,146,0,12,29,8,49,8,103,67,17,195,0,42,42,237
12/06/2000,CRW,WV,AEA,CE,Towers with Radar,14,98,41,10,163,0,47,51,0,98,14,145,92,10,261,18,10,28,289
12/07/2000,CRW,WV,AEA,CE,Towers with Radar,11,94,56,10,171,1,12,16,1,30,12,106,72,11,201,0,0,0,201
12/08/2000,CRW,WV,AEA,CE,Towers with Radar,8,99,49,7,163,1,35,27,0,63,9,134,76,7,226,10,0,10,236
12/09/2000,CRW,WV,AEA,CE,Towers with Radar,15,63,15,1,94,1,14,24,0,39,16,77,39,1,133,24,0,24,157
12/10/2000,CRW,WV,AEA,CE,Towers with Radar,22,52,14,1,89,1,9,5,0,15,23,61,19,1,104,6,0,6,110
12/11/2000,CRW,WV,AEA,CE,Towers with Radar,12,72,59,3,146,1,5,42,0,48,13,77,101,3,194,6,6,12,206
12/12/2000,CRW,WV,AEA,CE,Towers with Radar,21,86,46,15,168,1,15,10,0,26,22,101,56,15,194,2,18,20,214
12/13/2000,CRW,WV,AEA,CE,Towers with Radar,17,82,38,4,141,1,52,33,0,86,18,134,71,4,227,20,2,22,249
12/14/2000,CRW,WV,AEA,CE,Towers with Radar,13,79,28,14,134,1,0,1,0,2,14,79,29,14,136,0,22,22,158
12/15/2000,CRW,WV,AEA,CE,Towers with Radar,16,89,54,19,178,1,36,32,2,71,17,125,86,21,249,4,22,26,275
12/16/2000,CRW,WV,AEA,CE,Towers with Radar,14,65,15,2,96,1,8,2,0,11,15,73,17,2,107,12,0,12,119
12/17/2000,CRW,WV,AEA,CE,Towers with Radar,14,39,6,0,59,1,0,0,0,1,15,39,6,0,60,0,0,0,60
12/18/2000,CRW,WV,AEA,CE,Towers with Radar,11,77,74,6,168,1,19,46,0,66,12,96,120,6,234,24,0,24,258
12/19/2000,CRW,WV,AEA,CE,Towers with Radar,13,76,27,9,125,1,3,3,0,7,14,79,30,9,132,0,10,10,142
12/20/2000,CRW,WV,AEA,CE,Towers with Radar,16,90,45,18,169,0,10,30,0,40,16,100,75,18,209,18,46,64,273
12/21/2000,CRW,WV,AEA,CE,Towers with Radar,19,74,27,1,121,0,47,13,1,61,19,121,40,2,182,0,30,30,212
12/22/2000,CRW,WV,AEA,CE,Towers with Radar,15,83,21,5,124,0,21,7,0,28,15,104,28,5,152,0,4,4,156
12/23/2000,CRW,WV,AEA,CE,Towers with Radar,13,62,18,0,93,0,20,12,0,32,13,82,30,0,125,0,0,0,125
12/24/2000,CRW,WV,AEA,CE,Towers with Radar,11,57,8,0,76,0,28,6,0,34,11,85,14,0,110,0,0,0,110
12/25/2000,CRW,WV,AEA,CE,Towers with Radar,11,53,10,0,74,0,7,7,0,14,11,60,17,0,88,0,0,0,88
12/26/2000,CRW,WV,AEA,CE,Towers with Radar,12,73,15,0,100,0,49,39,0,88,12,122,54,0,188,0,0,0,188
12/27/2000,CRW,WV,AEA,CE,Towers with Radar,14,85,30,15,144,0,3,8,0,11,14,88,38,15,155,6,18,24,179
12/28/2000,CRW,WV,AEA,CE,Towers with Radar,8,80,24,10,122,0,36,42,1,79,8,116,66,11,201,14,10,24,225
12/29/2000,CRW,WV,AEA,CE,Towers with Radar,16,85,22,0,123,0,14,15,0,29,16,99,37,0,152,10,0,10,162
12/30/2000,CRW,WV,AEA,CE,Towers with Radar,20,54,5,2,81,0,2,0,0,2,20,56,5,2,83,0,0,0,83
12/31/2000,CRW,WV,AEA,CE,Towers with Radar,15,49,4,1,69,0,0,0,0,0,15,49,4,1,69,0,0,0,69
01/01/2001,CRW,WV,AEA,CE,Towers with Radar,8,58,5,0,71,1,9,0,0,10,9,67,5,0,81,0,0,0,81
01/02/2001,CRW,WV,AEA,CE,Towers with Radar,14,60,23,0,97,6,2,7,0,15,20,62,30,0,112,0,2,2,114
01/03/2001,CRW,WV,AEA,CE,Towers with Radar,15,79,38,12,144,0,37,18,0,55,15,116,56,12,199,0,6,6,205
01/04/2001,CRW,WV,AEA,CE,Towers with Radar,15,83,38,5,141,0,2,2,0,4,15,85,40,5,145,0,0,0,145
01/05/2001,CRW,WV,AEA,CE,Towers with Radar,18,77,29,11,135,1,21,0,18,40,19,98,29,29,175,0,24,24,199
01/06/2001,CRW,WV,AEA,CE,Towers with Radar,17,60,16,25,118,0,25,33,4,62,17,85,49,29,180,28,48,76,256
01/07/2001,CRW,WV,AEA,CE,Towers with Radar,16,53,13,6,88,0,10,21,3,34,16,63,34,9,122,20,0,20,142
01/08/2001,CRW,WV,AEA,CE,Towers with Radar,8,68,26,1,103,0,2,6,0,8,8,70,32,1,111,0,0,0,111
01/09/2001,CRW,WV,AEA,CE,Towers with Radar,12,89,38,24,163,0,22,28,3,53,12,111,66,27,216,64,18,82,298
01/10/2001,CRW,WV,AEA,CE,Towers with Radar,15,87,30,7,139,0,27,43,0,70,15,114,73,7,209,14,10,24,233
01/11/2001,CRW,WV,AEA,CE,Towers with Radar,13,85,39,9,146,0,15,59,1,75,13,100,98,10,221,54,10,64,285
01/12/2001,CRW,WV,AEA,CE,Towers with Radar,17,79,44,7,147,0,20,46,0,66,17,99,90,7,213,58,4,62,275
01/13/2001,CRW,WV,AEA,CE,Towers with Radar,19,64,9,0,92,0,20,33,1,54,19,84,42,1,146,6,0,6,152
01/14/2001,CRW,WV,AEA,CE,Towers with Radar,16,63,18,0,97,0,11,22,0,33,16,74,40,0,130,0,0,0,130
01/15/2001,CRW,WV,AEA,CE,Towers with Radar,17,66,40,0,123,0,9,14,0,23,17,75,54,0,146,20,0,20,166
01/16/2001,CRW,WV,AEA,CE,Towers with Radar,17,70,37,29,153,0,20,15,2,37,17,90,52,31,190,0,18,18,208
01/17/2001,CRW,WV,AEA,CE,Towers with Radar,17,83,45,23,168,0,13,39,1,53,17,96,84,24,221,6,68,74,295
01/18/2001,CRW,WV,AEA,CE,Towers with Radar,12,83,33,11,139,0,11,4,2,17,12,94,37,13,156,0,0,0,156
01/19/2001,CRW,WV,AEA,CE,Towers with Radar,11,82,20,1,114,0,2,3,0,5,11,84,23,1,119,0,0,0,119
01/20/2001,CRW,WV,AEA,CE,Towers with Radar,13,60,5,0,78,0,1,0,0,1,13,61,5,0,79,0,0,0,79
01/21/2001,CRW,WV,AEA,CE,Towers with Radar,12,65,21,3,101,0,21,13,0,34,12,86,34,3,135,8,0,8,143
01/22/2001,CRW,WV,AEA,CE,Towers with Radar,15,71,35,13,134,0,31,24,0,55,15,102,59,13,189,0,0,0,189
01/23/2001,CRW,WV,AEA,CE,Towers with Radar,19,81,38,25,163,0,39,45,2,86,19,120,83,27,249,88,42,130,379
01/24/2001,CRW,WV,AEA,CE,Towers with Radar,22,101,40,14,177,8,4,23,14,49,30,105,63,28,226,10,74,84,310
01/25/2001,CRW,WV,AEA,CE,Towers with Radar,21,74,38,12,145,7,0,26,0,33,28,74,64,12,178,0,24,24,202
01/26/2001,CRW,WV,AEA,CE,Towers with Radar,13,93,37,10,153,0,12,34,0,46,13,105,71,10,199,18,0,18,217
01/27/2001,CRW,WV,AEA,CE,Towers with Radar,12,56,23,0,91,0,22,2,0,24,12,78,25,0,115,0,0,0,115
01/28/2001,CRW,WV,AEA,CE,Towers with Radar,13,59,24,5,101,0,30,50,0,80,13,89,74,5,181,52,0,52,233
01/29/2001,CRW,WV,AEA,CE,Towers with Radar,18,83,33,4,138,1,3,53,0,57,19,86,86,4,195,24,0,24,219
01/30/2001,CRW,WV,AEA,CE,Towers with Radar,17,77,29,10,133,1,41,0,12,54,18,118,29,22,187,0,28,28,215
01/31/2001,CRW,WV,AEA,CE,Towers with Radar,19,87,35,8,149,2,16,6,0,24,21,103,41,8,173,0,34,34,207
02/01/2001,CRW,WV,AEA,CE,Towers with Radar,26,74,51,10,161,1,19,35,3,58,27,93,86,13,219,8,54,62,281
02/02/2001,CRW,WV,AEA,CE,Towers with Radar,25,85,35,6,151,1,59,11,0,71,26,144,46,6,222,0,12,12,234
02/03/2001,CRW,WV,AEA,CE,Towers with Radar,11,68,33,22,134,1,25,36,8,70,12,93,69,30,204,54,18,72,276
02/04/2001,CRW,WV,AEA,CE,Towers with Radar,11,51,27,4,93,9,46,40,0,95,20,97,67,4,188,16,0,16,204
02/05/2001,CRW,WV,AEA,CE,Towers with Radar,9,87,34,21,151,1,22,8,0,31,10,109,42,21,182,0,8,8,190
02/06/2001,CRW,WV,AEA,CE,Towers with Radar,10,87,46,11,154,0,40,25,24,89,10,127,71,35,243,14,38,52,295
02/07/2001,CRW,WV,AEA,CE,Towers with Radar,13,93,45,9,160,1,64,40,1,106,14,157,85,10,266,74,24,98,364
02/08/2001,CRW,WV,AEA,CE,Towers with Radar,9,93,33,34,169,1,34,42,0,77,10,127,75,34,246,34,50,84,330
02/09/2001,CRW,WV,AEA,CE,Towers with Radar,13,88,35,0,136,1,19,16,0,36,14,107,51,0,172,12,0,12,184
02/10/2001,CRW,WV,AEA,CE,Towers with Radar,14,68,15,3,100,1,21,16,2,40,15,89,31,5,140,0,0,0,140
02/11/2001,CRW,WV,AEA,CE,Towers with Radar,20,56,17,2,95,1,41,41,1,84,21,97,58,3,179,66,0,66,245
02/12/2001,CRW,WV,AEA,CE,Towers with Radar,20,63,46,1,130,1,39,25,0,65,21,102,71,1,195,0,0,0,195
02/13/2001,CRW,WV,AEA,CE,Towers with Radar,21,86,50,11,168,1,10,15,0,26,22,96,65,11,194,0,0,0,194
02/14/2001,CRW,WV,AEA,CE,Towers with Radar,16,83,49,9,157,1,13,7,0,21,17,96,56,9,178,12,0,12,190
02/15/2001,CRW,WV,AEA,CE,Towers with Radar,22,89,53,8,172,0,0,17,0,17,22,89,70,8,189,4,0,4,193
02/16/2001,CRW,WV,AEA,CE,Towers with Radar,20,80,31,0,131,0,0,0,0,0,20,80,31,0,131,0,0,0,131
02/17/2001,CRW,WV,AEA,CE,Towers with Radar,20,59,13,2,94,0,11,13,0,24,20,70,26,2,118,18,0,18,136
02/18/2001,CRW,WV,AEA,CE,Towers with Radar,25,51,17,0,93,0,7,49,0,56,25,58,66,0,149,58,0,58,207
02/19/2001,CRW,WV,AEA,CE,Towers with Radar,17,63,29,3,112,0,17,44,0,61,17,80,73,3,173,16,0,16,189
02/20/2001,CRW,WV,AEA,CE,Towers with Radar,25,65,68,7,165,0,33,70,0,103,25,98,138,7,268,28,10,38,306
02/21/2001,CRW,WV,AEA,CE,Towers with Radar,16,98,51,12,177,0,22,58,17,97,16,120,109,29,274,28,48,76,350
02/22/2001,CRW,WV,AEA,CE,Towers with Radar,13,71,37,3,124,0,18,6,0,24,13,89,43,3,148,0,0,0,148
02/23/2001,CRW,WV,AEA,CE,Towers with Radar,18,80,55,0,153,0,4,39,0,43,18,84,94,0,196,32,2,34,230
02/24/2001,CRW,WV,AEA,CE,Towers with Radar,14,60,29,0,103,0,27,33,0,60,14,87,62,0,163,36,0,36,199
02/25/2001,CRW,WV,AEA,CE,Towers with Radar,11,60,21,5,97,0,23,1,0,24,11,83,22,5,121,6,0,6,127
02/26/2001,CRW,WV,AEA,CE,Towers with Radar,14,69,39,5,127,0,20,44,0,64,14,89,83,5,191,36,0,36,227
02/27/2001,CRW,WV,AEA,CE,Towers with Radar,12,79,71,27,189,0,33,46,0,79,12,112,117,27,268,22,36,58,326
02/28/2001,CRW,WV,AEA,CE,Towers with Radar,16,78,51,4,149,0,24,42,0,66,16,102,93,4,215,0,0,0,215
03/01/2001,CRW,WV,AEA,CE,Towers with Radar,12,85,54,17,168,1,14,74,4,93,13,99,128,21,261,24,24,48,309
03/02/2001,CRW,WV,AEA,CE,Towers with Radar,15,74,39,26,154,2,22,3,1,28,17,96,42,27,182,0,16,16,198
03/03/2001,CRW,WV,AEA,CE,Towers with Radar,18,66,27,5,116,2,1,39,0,42,20,67,66,5,158,90,24,114,272
03/04/2001,CRW,WV,AEA,CE,Towers with Radar,11,63,13,4,91,2,1,0,0,3,13,64,13,4,94,2,0,2,96
03/05/2001,CRW,WV,AEA,CE,Towers with Radar,14,68,33,0,115,2,1,2,0,5,16,69,35,0,120,20,0,20,140
03/06/2001,CRW,WV,AEA,CE,Towers with Radar,12,82,29,1,124,2,4,11,1,18,14,86,40,2,142,0,0,0,142
03/07/2001,CRW,WV,AEA,CE,Towers with Radar,13,82,49,10,154,6,23,0,0,29,19,105,49,10,183,18,12,30,213
03/08/2001,CRW,WV,AEA,CE,Towers with Radar,7,97,48,29,181,1,5,47,0,53,8,102,95,29,234,34,30,64,298
03/09/2001,CRW,WV,AEA,CE,Towers with Radar,9,93,53,10,165,1,34,22,0,57,10,127,75,10,222,0,6,6,228
03/10/2001,CRW,WV,AEA,CE,Towers with Radar,12,76,23,0,111,1,26,58,0,85,13,102,81,0,196,82,0,82,278
03/11/2001,CRW,WV,AEA,CE,Towers with Radar,10,66,42,3,121,1,19,43,0,63,11,85,85,3,184,56,0,56,240
03/12/2001,CRW,WV,AEA,CE,Towers with Radar,8,70,50,9,137,1,36,36,0,73,9,106,86,9,210,10,14,24,234
03/13/2001,CRW,WV,AEA,CE,Towers with Radar,12,75,45,1,133,3,16,6,0,25,15,91,51,1,158,4,0,4,162
03/14/2001,CRW,WV,AEA,CE,Towers with Radar,13,94,56,13,176,0,31,61,6,98,13,125,117,19,274,20,10,30,304
03/15/2001,CRW,WV,AEA,CE,Towers with Radar,9,91,55,13,168,0,80,9,12,101,9,171,64,25,269,24,6,30,299
03/16/2001,CRW,WV,AEA,CE,Towers with Radar,9,86,52,10,157,0,50,14,0,64,9,136,66,10,221,77,24,101,322
03/17/2001,CRW,WV,AEA,CE,Towers with Radar,10,54,33,0,97,6,28,9,0,43,16,82,42,0,140,32,0,32,172
03/18/2001,CRW,WV,AEA,CE,Towers with Radar,13,73,44,0,130,4,8,101,0,113,17,81,145,0,243,4,0,4,247
03/19/2001,CRW,WV,AEA,CE,Towers with Radar,17,74,61,5,157,0,32,72,0,104,17,106,133,5,261,18,0,18,279
03/20/2001,CRW,WV,AEA,CE,Towers with Radar,15,87,52,13,167,1,26,51,7,85,16,113,103,20,252,24,18,42,294
03/21/2001,CRW,WV,AEA,CE,Towers with Radar,13,78,46,10,147,3,9,0,0,12,16,87,46,10,159,2,10,12,171
03/22/2001,CRW,WV,AEA,CE,Towers with Radar,13,98,58,15,184,0,3,42,24,69,13,101,100,39,253,12,16,28,281
03/23/2001,CRW,WV,AEA,CE,Towers with Radar,21,82,40,15,158,0,14,63,2,79,21,96,103,17,237,8,16,24,261
03/24/2001,CRW,WV,AEA,CE,Towers with Radar,20,57,19,0,96,0,20,19,0,39,20,77,38,0,135,38,0,38,173
03/25/2001,CRW,WV,AEA,CE,Towers with Radar,6,59,40,5,110,0,19,42,0,61,6,78,82,5,171,20,0,20,191
03/26/2001,CRW,WV,AEA,CE,Towers with Radar,13,73,44,7,137,1,72,91,0,164,14,145,135,7,301,24,4,28,329
03/27/2001,CRW,WV,AEA,CE,Towers with Radar,12,102,60,16,190,0,7,63,2,72,12,109,123,18,262,80,20,100,362
03/28/2001,CRW,WV,AEA,CE,Towers with Radar,11,82,67,9,169,0,28,66,0,94,11,110,133,9,263,50,2,52,315
03/29/2001,CRW,WV,AEA,CE,Towers with Radar,8,114,67,16,205,0,16,42,26,84,8,130,109,42,289,20,10,30,319
03/30/2001,CRW,WV,AEA,CE,Towers with Radar,10,85,52,7,154,0,8,15,0,23,10,93,67,7,177,0,0,0,177
03/31/2001,CRW,WV,AEA,CE,Towers with Radar,14,57,31,3,105,0,6,18,0,24,14,63,49,3,129,34,0,34,163
04/01/2001,CRW,WV,AEA,CE,Towers with Radar,6,58,15,1,80,1,7,0,0,8,7,65,15,1,88,0,0,0,88
04/02/2001,CRW,WV,AEA,CE,Towers with Radar,15,74,47,5,141,2,34,60,0,96,17,108,107,5,237,72,8,80,317
04/03/2001,CRW,WV,AEA,CE,Towers with Radar,9,85,56,13,163,2,10,8,1,21,11,95,64,14,184,0,10,10,194
04/04/2001,CRW,WV,AEA,CE,Towers with Radar,13,79,49,25,166,2,36,52,0,90,15,115,101,25,256,48,34,82,338
04/05/2001,CRW,WV,AEA,CE,Towers with Radar,8,92,53,12,165,2,44,89,0,135,10,136,142,12,300,74,0,74,374
04/06/2001,CRW,WV,AEA,CE,Towers with Radar,11,87,48,3,149,2,4,21,7,34,13,91,69,10,183,10,18,28,211
04/07/2001,CRW,WV,AEA,CE,Towers with Radar,10,64,17,21,112,2,20,23,3,48,12,84,40,24,160,80,24,104,264
04/08/2001,CRW,WV,AEA,CE,Towers with Radar,17,47,18,6,88,1,25,30,4,60,18,72,48,10,148,44,0,44,192
04/09/2001,CRW,WV,AEA,CE,Towers with Radar,16,69,41,4,130,1,34,36,0,71,17,103,77,4,201,48,0,48,249
04/10/2001,CRW,WV,AEA,CE,Towers with Radar,19,83,48,12,162,1,4,36,6,47,20,87,84,18,209,66,0,66,275
04/11/2001,CRW,WV,AEA,CE,Towers with Radar,7,87,38,18,150,1,31,36,0,68,8,118,74,18,218,22,2,24,242
04/12/2001,CRW,WV,AEA,CE,Towers with Radar,7,89,50,30,176,1,34,31,3,69,8,123,81,33,245,46,102,148,393
04/13/2001,CRW,WV,AEA,CE,Towers with Radar,9,80,45,7,141,0,47,36,0,83,9,127,81,7,224,71,0,71,295
04/14/2001,CRW,WV,AEA,CE,Towers with Radar,17,55,15,0,87,1,26,71,0,98,18,81,86,0,185,22,0,22,207
04/15/2001,CRW,WV,AEA,CE,Towers with Radar,10,62,18,3,93,1,14,8,1,24,11,76,26,4,117,12,0,12,129
04/16/2001,CRW,WV,AEA,CE,Towers with Radar,10,82,42,3,137,1,11,15,0,27,11,93,57,3,164,0,0,0,164
04/17/2001,CRW,WV,AEA,CE,Towers with Radar,14,95,45,32,186,1,16,2,0,19,15,111,47,32,205,94,18,112,317
04/18/2001,CRW,WV,AEA,CE,Towers with Radar,12,84,64,23,183,0,13,37,0,50,12,97,101,23,233,116,38,154,387
04/19/2001,CRW,WV,AEA,CE,Towers with Radar,18,82,47,23,170,0,25,79,11,115,18,107,126,34,285,30,22,52,337
04/20/2001,CRW,WV,AEA,CE,Towers with Radar,14,87,30,19,150,0,15,5,0,20,14,102,35,19,170,38,24,62,232
04/21/2001,CRW,WV,AEA,CE,Towers with Radar,13,58,16,1,88,0,18,27,0,45,13,76,43,1,133,28,0,28,161
04/22/2001,CRW,WV,AEA,CE,Towers with Radar,13,71,39,4,127,2,22,59,0,83,15,93,98,4,210,67,0,67,277
04/23/2001,CRW,WV,AEA,CE,Towers with Radar,15,69,57,2,143,0,21,43,0,64,15,90,100,2,207,48,0,48,255
04/24/2001,CRW,WV,AEA,CE,Towers with Radar,18,80,77,24,199,0,18,23,2,43,18,98,100,26,242,58,40,98,340
04/25/2001,CRW,WV,AEA,CE,Towers with Radar,11,89,63,12,175,0,34,62,4,100,11,123,125,16,275,36,44,80,355
04/26/2001,CRW,WV,AEA,CE,Towers with Radar,7,97,53,15,172,0,28,77,24,129,7,125,130,39,301,70,116,186,487
04/27/2001,CRW,WV,AEA,CE,Towers with Radar,10,100,55,15,180,0,11,50,0,61,10,111,105,15,241,83,16,99,340
04/28/2001,CRW,WV,AEA,CE,Towers with Radar,10,62,34,3,109,0,39,88,0,127,10,101,122,3,236,14,0,14,250
04/29/2001,CRW,WV,AEA,CE,Towers with Radar,15,57,19,2,93,0,34,51,0,85,15,91,70,2,178,40,0,40,218
04/30/2001,CRW,WV,AEA,CE,Towers with Radar,12,74,50,4,140,0,27,53,0,80,12,101,103,4,220,30,0,30,250
05/01/2001,CRW,WV,AEA,CE,Towers with Radar,11,81,47,9,148,2,14,30,4,50,13,95,77,13,198,30,20,50,248
05/02/2001,CRW,WV,AEA,CE,Towers with Radar,10,89,68,0,167,0,11,46,0,57,10,100,114,0,224,42,32,74,298
05/03/2001,CRW,WV,AEA,CE,Towers with Radar,8,92,60,31,191,0,24,47,3,74,8,116,107,34,265,12,57,69,334
05/04/2001,CRW,WV,AEA,CE,Towers with Radar,13,84,48,18,163,0,35,59,2,96,13,119,107,20,259,0,16,16,275
05/05/2001,CRW,WV,AEA,CE,Towers with Radar,7,70,35,17,129,0,12,51,0,63,7,82,86,17,192,10,0,10,202
05/06/2001,CRW,WV,AEA,CE,Towers with Radar,9,67,47,7,130,0,28,44,1,73,9,95,91,8,203,18,4,22,225
05/07/2001,CRW,WV,AEA,CE,Towers with Radar,9,73,40,0,122,2,34,40,0,76,11,107,80,0,198,0,0,0,198
05/08/2001,CRW,WV,AEA,CE,Towers with Radar,9,91,38,13,151,0,18,20,3,41,9,109,58,16,192,0,6,6,198
05/09/2001,CRW,WV,AEA,CE,Towers with Radar,5,74,64,9,152,0,7,32,1,40,5,81,96,10,192,12,12,24,216
05/10/2001,CRW,WV,AEA,CE,Towers with Radar,11,86,42,23,162,0,16,61,1,78,11,102,103,24,240,38,4,42,282
05/11/2001,CRW,WV,AEA,CE,Towers with Radar,11,96,52,6,165,0,28,45,1,74,11,124,97,7,239,39,0,39,278
05/12/2001,CRW,WV,AEA,CE,Towers with Radar,10,65,20,0,95,0,19,19,0,38,10,84,39,0,133,16,0,16,149
05/13/2001,CRW,WV,AEA,CE,Towers with Radar,8,61,30,0,99,0,23,73,0,96,8,84,103,0,195,30,0,30,225
05/14/2001,CRW,WV,AEA,CE,Towers with Radar,13,73,46,7,139,0,19,60,3,82,13,92,106,10,221,54,0,54,275
05/15/2001,CRW,WV,AEA,CE,Towers with Radar,9,88,50,9,156,0,7,19,1,27,9,95,69,10,183,0,4,4,187
05/16/2001,CRW,WV,AEA,CE,Towers with Radar,16,96,54,9,175,0,7,9,1,17,16,103,63,10,192,0,0,0,192
05/17/2001,CRW,WV,AEA,CE,Towers with Radar,7,89,57,10,163,0,10,38,3,51,7,99,95,13,214,0,26,26,240
05/18/2001,CRW,WV,AEA,CE,Towers with Radar,9,85,53,9,156,0,10,27,6,43,9,95,80,15,199,2,0,2,201
05/19/2001,CRW,WV,AEA,CE,Towers with Radar,14,69,19,5,107,0,0,0,3,3,14,69,19,8,110,0,0,0,110
05/20/2001,CRW,WV,AEA,CE,Towers with Radar,8,60,31,0,99,0,16,27,1,44,8,76,58,1,143,50,0,50,193
05/21/2001,CRW,WV,AEA,CE,Towers with Radar,5,75,38,6,124,0,17,23,2,42,5,92,61,8,166,2,0,2,168
05/22/2001,CRW,WV,AEA,CE,Towers with Radar,16,85,32,26,159,0,1,18,0,19,16,86,50,26,178,30,22,52,230
05/23/2001,CRW,WV,AEA,CE,Towers with Radar,12,104,59,12,187,0,17,56,3,76,12,121,115,15,263,44,44,88,351
05/24/2001,CRW,WV,AEA,CE,Towers with Radar,7,93,52,11,163,0,22,22,1,45,7,115,74,12,208,22,30,52,260
05/25/2001,CRW,WV,AEA,CE,Towers with Radar,10,88,36,11,145,0,17,29,1,47,10,105,65,12,192,12,0,12,204
05/26/2001,CRW,WV,AEA,CE,Towers with Radar,11,70,28,0,109,0,29,58,0,87,11,99,86,0,196,40,0,40,236
05/27/2001,CRW,WV,AEA,CE,Towers with Radar,11,59,27,0,97,0,16,10,0,26,11,75,37,0,123,14,0,14,137
05/28/2001,CRW,WV,AEA,CE,Towers with Radar,14,67,53,2,136,0,18,42,0,60,14,85,95,2,196,32,0,32,228
05/29/2001,CRW,WV,AEA,CE,Towers with Radar,15,79,61,8,163,0,15,56,0,71,15,94,117,8,234,72,0,72,306
05/30/2001,CRW,WV,AEA,CE,Towers with Radar,11,95,65,14,185,0,10,76,3,89,11,105,141,17,274,52,22,74,348
05/31/2001,CRW,WV,AEA,CE,Towers with Radar,19,87,60,18,184,0,16,66,2,84,19,103,126,20,268,92,34,126,394
06/01/2001,CRW,WV,AEA,CE,Towers with Radar,7,84,46,10,147,0,21,13,1,35,7,105,59,11,182,8,16,24,206
06/02/2001,CRW,WV,AEA,CE,Towers with Radar,11,74,20,27,132,0,7,23,9,39,11,81,43,36,171,26,22,48,219
06/03/2001,CRW,WV,AEA,CE,Towers with Radar,7,60,33,6,106,0,7,22,5,34,7,67,55,11,140,6,0,6,146
06/04/2001,CRW,WV,AEA,CE,Towers with Radar,17,76,42,5,140,0,22,12,2,36,17,98,54,7,176,0,0,0,176
06/05/2001,CRW,WV,AEA,CE,Towers with Radar,13,95,44,6,158,0,0,13,4,17,13,95,57,10,175,46,2,48,223
06/06/2001,CRW,WV,AEA,CE,Towers with Radar,10,80,54,6,150,0,18,15,2,35,10,98,69,8,185,12,30,42,227
06/07/2001,CRW,WV,AEA,CE,Towers with Radar,12,88,41,12,153,0,0,45,6,51,12,88,86,18,204,26,28,54,258
06/08/2001,CRW,WV,AEA,CE,Towers with Radar,14,105,57,10,186,8,6,49,0,63,22,111,106,10,249,40,0,40,289
06/09/2001,CRW,WV,AEA,CE,Towers with Radar,9,65,22,1,97,0,21,58,2,81,9,86,80,3,178,36,0,36,214
06/10/2001,CRW,WV,AEA,CE,Towers with Radar,8,62,34,4,108,3,11,41,0,55,11,73,75,4,163,66,0,66,229
06/11/2001,CRW,WV,AEA,CE,Towers with Radar,12,72,61,6,151,0,41,58,3,102,12,113,119,9,253,14,24,38,291
06/12/2001,CRW,WV,AEA,CE,Towers with Radar,12,87,54,18,171,0,21,74,8,103,12,108,128,26,274,112,20,132,406
06/13/2001,CRW,WV,AEA,CE,Towers with Radar,12,83,46,17,158,0,12,57,1,70,12,95,103,18,228,76,44,120,348
06/14/2001,CRW,WV,AEA,CE,Towers with Radar,18,90,63,9,180,0,15,59,1,75,18,105,122,10,255,34,2,36,291
06/15/2001,CRW,WV,AEA,CE,Towers with Radar,11,75,42,9,137,0,27,55,1,83,11,102,97,10,220,104,6,110,330
06/16/2001,CRW,WV,AEA,CE,Towers with Radar,10,65,36,2,113,2,8,26,0,36,12,73,62,2,149,20,0,20,169
06/17/2001,CRW,WV,AEA,CE,Towers with Radar,9,62,17,10,98,0,35,51,8,94,9,97,68,18,192,0,0,0,192
06/18/2001,CRW,WV,AEA,CE,Towers with Radar,14,72,29,12,127,0,22,71,1,94,14,94,100,13,221,76,0,76,297
06/19/2001,CRW,WV,AEA,CE,Towers with Radar,9,93,32,18,152,0,15,69,3,87,9,108,101,21,239,50,20,70,309
06/20/2001,CRW,WV,AEA,CE,Towers with Radar,14,83,39,26,162,0,11,43,0,54,14,94,82,26,216,64,18,82,298
06/21/2001,CRW,WV,AEA,CE,Towers with Radar,9,93,62,16,180,0,22,35,1,58,9,115,97,17,238,6,20,26,264
06/22/2001,CRW,WV,AEA,CE,Towers with Radar,11,80,39,6,136,0,16,18,0,34,11,96,57,6,170,10,0,10,180
06/23/2001,CRW,WV,AEA,CE,Towers with Radar,8,57,30,2,97,2,19,14,0,35,10,76,44,2,132,30,0,30,162
06/24/2001,CRW,WV,AEA,CE,Towers with Radar,7,59,46,1,113,0,17,35,1,53,7,76,81,2,166,28,0,28,194
06/25/2001,CRW,WV,AEA,CE,Towers with Radar,9,74,39,15,137,0,22,74,4,100,9,96,113,19,237,66,32,98,335
06/26/2001,CRW,WV,AEA,CE,Towers with Radar,10,95,52,10,167,0,28,52,0,80,10,123,104,10,247,18,38,56,303
06/27/2001,CRW,WV,AEA,CE,Towers with Radar,10,97,55,29,191,0,1,68,4,73,10,98,123,33,264,40,50,90,354
06/28/2001,CRW,WV,AEA,CE,Towers with Radar,8,91,79,18,196,0,24,76,2,102,8,115,155,20,298,68,40,108,406
06/29/2001,CRW,WV,AEA,CE,Towers with Radar,10,89,46,0,145,0,22,42,0,64,10,111,88,0,209,40,0,40,249
06/30/2001,CRW,WV,AEA,CE,Towers with Radar,10,61,21,3,95,0,5,22,3,30,10,66,43,6,125,30,0,30,155
07/01/2001,CRW,WV,AEA,CE,Towers with Radar,7,62,13,0,82,1,8,11,0,20,8,70,24,0,102,0,0,0,102
07/02/2001,CRW,WV,AEA,CE,Towers with Radar,10,74,38,8,130,2,10,89,2,103,12,84,127,10,233,76,10,86,319
07/03/2001,CRW,WV,AEA,CE,Towers with Radar,8,87,42,1,138,0,31,101,3,135,8,118,143,4,273,110,0,110,383
07/04/2001,CRW,WV,AEA,CE,Towers with Radar,14,60,6,0,80,0,14,4,0,18,14,74,10,0,98,4,0,4,102
07/05/2001,CRW,WV,AEA,CE,Towers with Radar,7,67,35,2,111,0,30,21,0,51,7,97,56,2,162,68,0,68,230
07/06/2001,CRW,WV,AEA,CE,Towers with Radar,9,81,42,15,147,0,26,65,12,103,9,107,107,27,250,38,16,54,304
07/07/2001,CRW,WV,AEA,CE,Towers with Radar,8,56,30,6,100,4,38,29,10,81,12,94,59,16,181,38,16,54,235
07/08/2001,CRW,WV,AEA,CE,Towers with Radar,7,66,35,7,115,0,3,26,7,36,7,69,61,14,151,8,0,8,159
07/09/2001,CRW,WV,AEA,CE,Towers with Radar,9,79,42,8,138,0,13,69,2,84,9,92,111,10,222,0,0,0,222
07/10/2001,CRW,WV,AEA,CE,Towers with Radar,13,83,44,9,149,4,21,76,3,104,17,104,120,12,253,46,0,46,299
07/11/2001,CRW,WV,AEA,CE,Towers with Radar,9,106,51,9,175,0,14,73,14,101,9,120,124,23,276,106,12,118,394
07/12/2001,CRW,WV,AEA,CE,Towers with Radar,12,82,67,12,173,0,32,58,11,101,12,114,125,23,274,26,0,26,300
07/13/2001,CRW,WV,AEA,CE,Towers with Radar,19,105,40,53,217,0,22,40,14,76,19,127,80,67,293,32,48,80,373
07/14/2001,CRW,WV,AEA,CE,Towers with Radar,12,67,17,6,102,0,32,51,31,114,12,99,68,37,216,18,24,42,258
07/15/2001,CRW,WV,AEA,CE,Towers with Radar,12,61,37,10,120,0,35,51,21,107,12,96,88,31,227,10,0,10,237
07/16/2001,CRW,WV,AEA,CE,Towers with Radar,14,82,60,2,158,0,22,94,27,143,14,104,154,29,301,82,0,82,383
07/17/2001,CRW,WV,AEA,CE,Towers with Radar,8,92,49,24,173,0,12,42,18,72,8,104,91,42,245,18,12,30,275
07/18/2001,CRW,WV,AEA,CE,Towers with Radar,12,102,43,19,176,0,9,6,10,25,12,111,49,29,201,4,14,18,219
07/19/2001,CRW,WV,AEA,CE,Towers with Radar,6,109,60,4,179,0,12,40,17,69,6,121,100,21,248,30,6,36,284
07/20/2001,CRW,WV,AEA,CE,Towers with Radar,8,92,48,9,157,0,39,58,6,103,8,131,106,15,260,72,0,72,332
07/21/2001,CRW,WV,AEA,CE,Towers with Radar,13,68,16,6,103,0,32,34,13,79,13,100,50,19,182,80,0,80,262
07/22/2001,CRW,WV,AEA,CE,Towers with Radar,7,59,27,3,96,0,16,41,13,70,7,75,68,16,166,62,2,64,230
07/23/2001,CRW,WV,AEA,CE,Towers with Radar,15,83,63,8,169,0,16,68,19,103,15,99,131,27,272,40,20,60,332
07/24/2001,CRW,WV,AEA,CE,Towers with Radar,20,84,47,12,163,0,7,76,20,103,20,91,123,32,266,52,14,66,332
07/25/2001,CRW,WV,AEA,CE,Towers with Radar,14,96,53,11,174,0,0,67,10,77,14,96,120,21,251,62,4,66,317
07/26/2001,CRW,WV,AEA,CE,Towers with Radar,11,100,60,0,171,0,1,1,1,3,11,101,61,1,174,0,0,0,174
07/27/2001,CRW,WV,AEA,CE,Towers with Radar,9,106,60,11,186,0,18,34,21,73,9,124,94,32,259,16,0,16,275
07/28/2001,CRW,WV,AEA,CE,Towers with Radar,9,71,26,7,113,0,14,2,1,17,9,85,28,8,130,0,0,0,130
07/29/2001,CRW,WV,AEA,CE,Towers with Radar,6,47,22,5,80,2,9,0,7,18,8,56,22,12,98,0,0,0,98
07/30/2001,CRW,WV,AEA,CE,Towers with Radar,12,77,45,10,144,6,0,37,4,47,18,77,82,14,191,46,6,52,243
07/31/2001,CRW,WV,AEA,CE,Towers with Radar,14,92,66,27,199,0,14,68,17,99,14,106,134,44,298,44,8,52,350
08/01/2001,CRW,WV,AEA,CE,Towers with Radar,17,89,68,24,198,1,4,65,4,74,18,93,133,28,272,44,40,84,356
08/02/2001,CRW,WV,AEA,CE,Towers with Radar,10,91,57,23,181,1,7,50,9,67,11,98,107,32,248,24,12,36,284
08/03/2001,CRW,WV,AEA,CE,Towers with Radar,12,93,67,15,187,1,3,23,2,29,13,96,90,17,216,0,24,24,240
08/04/2001,CRW,WV,AEA,CE,Towers with Radar,7,60,35,5,107,2,19,9,0,30,9,79,44,5,137,16,0,16,153
08/05/2001,CRW,WV,AEA,CE,Towers with Radar,10,61,51,6,128,1,7,29,5,42,11,68,80,11,170,10,0,10,180
08/06/2001,CRW,WV,AEA,CE,Towers with Radar,12,74,58,11,155,1,15,57,0,73,13,89,115,11,228,30,0,30,258
08/07/2001,CRW,WV,AEA,CE,Towers with Radar,9,92,64,22,187,1,16,39,4,60,10,108,103,26,247,42,38,80,327
08/08/2001,CRW,WV,AEA,CE,Towers with Radar,9,94,62,16,181,1,9,44,1,55,10,103,106,17,236,44,24,68,304
08/09/2001,CRW,WV,AEA,CE,Towers with Radar,8,93,63,14,178,0,0,34,21,55,8,93,97,35,233,76,24,100,333
08/10/2001,CRW,WV,AEA,CE,Towers with Radar,14,101,59,7,181,2,16,4,0,22,16,117,63,7,203,4,0,4,207
08/11/2001,CRW,WV,AEA,CE,Towers with Radar,11,71,42,9,133,5,4,17,14,40,16,75,59,23,173,20,0,20,193
08/12/2001,CRW,WV,AEA,CE,Towers with Radar,10,64,32,1,107,0,22,16,0,38,10,86,48,1,145,34,4,38,183
08/13/2001,CRW,WV,AEA,CE,Towers with Radar,11,77,46,20,154,0,7,24,10,41,11,84,70,30,195,16,4,20,215
08/14/2001,CRW,WV,AEA,CE,Towers with Radar,10,118,54,14,196,0,32,56,6,94,10,150,110,20,290,55,8,63,353
08/15/2001,CRW,WV,AEA,CE,Towers with Radar,9,93,60,15,177,0,11,54,13,78,9,104,114,28,255,60,24,84,339
08/16/2001,CRW,WV,AEA,CE,Towers with Radar,13,94,44,8,159,0,21,41,13,75,13,115,85,21,234,32,6,38,272
08/17/2001,CRW,WV,AEA,CE,Towers with Radar,13,92,42,9,156,0,26,60,5,91,13,118,102,14,247,98,0,98,345
08/18/2001,CRW,WV,AEA,CE,Towers with Radar,11,70,30,4,115,0,20,36,2,58,11,90,66,6,173,66,0,66,239
08/19/2001,CRW,WV,AEA,CE,Towers with Radar,9,74,11,13,107,0,28,21,3,52,9,102,32,16,159,6,0,6,165
08/20/2001,CRW,WV,AEA,CE,Towers with Radar,19,81,41,4,145,0,12,28,7,47,19,93,69,11,192,58,0,58,250
08/21/2001,CRW,WV,AEA,CE,Towers with Radar,20,96,36,11,163,0,18,90,13,121,20,114,126,24,284,98,0,98,382
08/22/2001,CRW,WV,AEA,CE,Towers with Radar,9,97,60,6,172,0,34,64,8,106,9,131,124,14,278,94,0,94,372
08/23/2001,CRW,WV,AEA,CE,Towers with Radar,10,89,48,0,147,0,12,13,7,32,10,101,61,7,179,0,0,0,179
08/24/2001,CRW,WV,AEA,CE,Towers with Radar,14,109,71,8,202,0,10,54,3,67,14,119,125,11,269,90,0,90,359
08/25/2001,CRW,WV,AEA,CE,Towers with Radar,17,73,26,12,128,0,27,53,0,80,17,100,79,12,208,102,0,102,310
08/26/2001,CRW,WV,AEA,CE,Towers with Radar,17,55,18,0,90,0,30,18,0,48,17,85,36,0,138,60,0,60,198
08/27/2001,CRW,WV,AEA,CE,Towers with Radar,14,75,49,4,142,0,10,35,0,45,14,85,84,4,187,94,0,94,281
08/28/2001,CRW,WV,AEA,CE,Towers with Radar,16,99,57,14,186,0,3,39,6,48,16,102,96,20,234,66,16,82,316
08/29/2001,CRW,WV,AEA,CE,Towers with Radar,11,99,79,18,207,0,11,46,0,57,11,110,125,18,264,41,45,86,350
08/30/2001,CRW,WV,AEA,CE,Towers with Radar,7,99,62,13,181,0,0,36,0,36,7,99,98,13,217,16,30,46,263
08/31/2001,CRW,WV,AEA,CE,Towers with Radar,7,89,47,24,167,0,37,20,1,58,7,126,67,25,225,52,0,52,277
09/01/2001,CRW,WV,AEA,CE,Towers with Radar,9,76,26,2,113,1,15,181,11,208,10,91,207,13,321,30,0,30,351
09/02/2001,CRW,WV,AEA,CE,Towers with Radar,5,54,26,1,86,3,37,56,0,96,8,91,82,1,182,38,0,38,220
09/03/2001,CRW,WV,AEA,CE,Towers with Radar,8,71,33,1,113,0,28,30,2,60,8,99,63,3,173,156,0,156,329
09/04/2001,CRW,WV,AEA,CE,Towers with Radar,16,87,50,15,168,1,20,46,2,69,17,107,96,17,237,96,20,116,353
09/05/2001,CRW,WV,AEA,CE,Towers with Radar,10,107,51,11,179,0,39,78,15,132,10,146,129,26,311,80,84,164,475
09/06/2001,CRW,WV,AEA,CE,Towers with Radar,7,112,52,9,180,0,32,63,10,105,7,144,115,19,285,106,0,106,391
09/07/2001,CRW,WV,AEA,CE,Towers with Radar,10,99,63,13,185,1,15,56,4,76,11,114,119,17,261,54,0,54,315
09/08/2001,CRW,WV,AEA,CE,Towers with Radar,16,79,33,14,142,1,28,48,3,80,17,107,81,17,222,66,12,78,300
09/09/2001,CRW,WV,AEA,CE,Towers with Radar,15,66,28,8,117,1,7,53,0,61,16,73,81,8,178,68,12,80,258
09/10/2001,CRW,WV,AEA,CE,Towers with Radar,10,95,45,10,160,0,9,74,0,83,10,104,119,10,243,117,0,117,360
09/11/2001,CRW,WV,AEA,CE,Towers with Radar,6,35,16,0,57,0,9,2,0,11,6,44,18,0,68,4,0,4,72
09/12/2001,CRW,WV,AEA,CE,Towers with Radar,0,4,2,0,6,0,9,0,0,9,0,13,2,0,15,0,0,0,15
09/13/2001,CRW,WV,AEA,CE,Towers with Radar,0,18,0,0,18,0,14,0,0,14,0,32,0,0,32,0,0,0,32
09/14/2001,CRW,WV,AEA,CE,Towers with Radar,11,75,5,2,93,0,39,1,2,42,11,114,6,4,135,0,0,0,135
09/15/2001,CRW,WV,AEA,CE,Towers with Radar,8,63,24,0,95,3,55,0,0,58,11,118,24,0,153,0,0,0,153
09/16/2001,CRW,WV,AEA,CE,Towers with Radar,3,72,24,2,101,0,17,1,0,18,3,89,25,2,119,0,0,0,119
09/17/2001,CRW,WV,AEA,CE,Towers with Radar,18,78,45,11,152,0,8,7,0,15,18,86,52,11,167,0,0,0,167
09/18/2001,CRW,WV,AEA,CE,Towers with Radar,13,86,48,14,161,0,21,13,0,34,13,107,61,14,195,0,0,0,195
09/19/2001,CRW,WV,AEA,CE,Towers with Radar,16,91,38,15,160,0,18,4,0,22,16,109,42,15,182,0,52,52,234
09/20/2001,CRW,WV,AEA,CE,Towers with Radar,8,103,40,9,160,0,19,0,0,19,8,122,40,9,179,2,0,2,181
09/21/2001,CRW,WV,AEA,CE,Towers with Radar,10,97,48,11,166,0,24,14,0,38,10,121,62,11,204,16,0,16,220
09/22/2001,CRW,WV,AEA,CE,Towers with Radar,8,69,23,6,106,0,19,16,0,35,8,88,39,6,141,2,0,2,143
09/23/2001,CRW,WV,AEA,CE,Towers with Radar,10,58,26,6,100,0,27,30,0,57,10,85,56,6,157,36,0,36,193
09/24/2001,CRW,WV,AEA,CE,Towers with Radar,7,87,42,4,140,0,8,0,0,8,7,95,42,4,148,0,0,0,148
09/25/2001,CRW,WV,AEA,CE,Towers with Radar,12,102,53,12,179,0,0,36,13,49,12,102,89,25,228,60,18,78,306
09/26/2001,CRW,WV,AEA,CE,Towers with Radar,14,85,45,26,170,0,16,25,0,41,14,101,70,26,211,32,12,44,255
09/27/2001,CRW,WV,AEA,CE,Towers with Radar,14,98,45,18,175,0,14,47,4,65,14,112,92,22,240,14,16,30,270
09/28/2001,CRW,WV,AEA,CE,Towers with Radar,6,99,57,15,177,0,18,35,0,53,6,117,92,15,230,26,12,38,268
09/29/2001,CRW,WV,AEA,CE,Towers with Radar,8,68,30,2,108,0,4,30,0,34,8,72,60,2,142,4,0,4,146
09/30/2001,CRW,WV,AEA,CE,Towers with Radar,8,67,40,4,119,0,1,39,0,40,8,68,79,4,159,94,0,94,253
10/01/2001,CRW,WV,AEA,CE,Towers with Radar,4,80,46,4,134,0,30,58,2,90,4,110,104,6,224,104,6,110,334
10/02/2001,CRW,WV,AEA,CE,Towers with Radar,7,110,51,14,182,1,13,51,20,85,8,123,102,34,267,106,20,126,393
10/03/2001,CRW,WV,AEA,CE,Towers with Radar,11,95,48,3,157,0,25,37,3,65,11,120,85,6,222,62,0,62,284
10/04/2001,CRW,WV,AEA,CE,Towers with Radar,6,114,52,15,187,0,12,39,11,62,6,126,91,26,249,56,8,64,313
10/05/2001,CRW,WV,AEA,CE,Towers with Radar,11,97,50,45,203,0,46,55,0,101,11,143,105,45,304,40,0,40,344
10/06/2001,CRW,WV,AEA,CE,Towers with Radar,7,71,26,9,113,0,12,33,0,45,7,83,59,9,158,24,0,24,182
10/07/2001,CRW,WV,AEA,CE,Towers with Radar,4,68,38,4,114,0,8,47,0,55,4,76,85,4,169,42,0,42,211
10/08/2001,CRW,WV,AEA,CE,Towers with Radar,3,79,36,4,122,6,15,57,0,78,9,94,93,4,200,82,0,82,282
10/09/2001,CRW,WV,AEA,CE,Towers with Radar,5,105,50,15,175,5,0,90,15,110,10,105,140,30,285,130,12,142,427
10/10/2001,CRW,WV,AEA,CE,Towers with Radar,5,96,51,14,166,0,46,60,1,107,5,142,111,15,273,124,6,130,403
10/11/2001,CRW,WV,AEA,CE,Towers with Radar,4,95,55,17,171,0,39,51,0,90,4,134,106,17,261,74,15,89,350
10/12/2001,CRW,WV,AEA,CE,Towers with Radar,5,110,51,15,181,0,18,12,3,33,5,128,63,18,214,80,9,89,303
10/13/2001,CRW,WV,AEA,CE,Towers with Radar,3,80,31,12,126,0,26,34,3,63,3,106,65,15,189,8,0,8,197
10/14/2001,CRW,WV,AEA,CE,Towers with Radar,0,63,29,8,100,0,22,0,0,22,0,85,29,8,122,0,0,0,122
10/15/2001,CRW,WV,AEA,CE,Towers with Radar,4,94,44,10,152,4,5,75,0,84,8,99,119,10,236,84,0,84,320
10/16/2001,CRW,WV,AEA,CE,Towers with Radar,0,96,45,12,153,0,21,14,0,35,0,117,59,12,188,24,30,54,242
10/17/2001,CRW,WV,AEA,CE,Towers with Radar,4,96,45,3,148,8,22,35,0,65,12,118,80,3,213,38,0,38,251
10/18/2001,CRW,WV,AEA,CE,Towers with Radar,2,94,63,19,178,0,33,70,0,103,2,127,133,19,281,130,58,188,469
10/19/2001,CRW,WV,AEA,CE,Towers with Radar,9,97,50,30,186,0,27,79,0,106,9,124,129,30,292,36,2,38,330
10/20/2001,CRW,WV,AEA,CE,Towers with Radar,2,77,26,0,105,0,26,39,0,65,2,103,65,0,170,40,0,40,210
10/21/2001,CRW,WV,AEA,CE,Towers with Radar,0,71,42,3,116,0,16,83,0,99,0,87,125,3,215,72,0,72,287
10/22/2001,CRW,WV,AEA,CE,Towers with Radar,0,86,44,2,132,0,33,50,0,83,0,119,94,2,215,75,0,75,290
10/23/2001,CRW,WV,AEA,CE,Towers with Radar,0,106,64,14,184,0,6,34,0,40,0,112,98,14,224,0,12,12,236
10/24/2001,CRW,WV,AEA,CE,Towers with Radar,3,103,31,14,151,0,14,34,0,48,3,117,65,14,199,0,46,46,245
10/25/2001,CRW,WV,AEA,CE,Towers with Radar,0,91,41,8,140,0,33,20,0,53,0,124,61,8,193,0,0,0,193
10/26/2001,CRW,WV,AEA,CE,Towers with Radar,5,95,35,6,141,0,8,8,2,18,5,103,43,8,159,2,0,2,161
10/27/2001,CRW,WV,AEA,CE,Towers with Radar,3,80,13,0,96,0,21,10,2,33,3,101,23,2,129,0,0,0,129
10/28/2001,CRW,WV,AEA,CE,Towers with Radar,0,63,33,4,100,0,22,53,1,76,0,85,86,5,176,0,0,0,176
10/29/2001,CRW,WV,AEA,CE,Towers with Radar,0,78,36,4,118,0,43,69,0,112,0,121,105,4,230,56,26,82,312
10/30/2001,CRW,WV,AEA,CE,Towers with Radar,0,104,47,13,164,0,17,51,10,78,0,121,98,23,242,52,28,80,322
10/31/2001,CRW,WV,AEA,CE,Towers with Radar,0,111,28,14,153,0,22,66,0,88,0,133,94,14,241,16,0,16,257
11/01/2001,CRW,WV,AEA,CE,Towers with Radar,0,112,62,5,179,0,23,49,1,73,0,135,111,6,252,54,0,54,306
11/02/2001,CRW,WV,AEA,CE,Towers with Radar,1,102,35,39,177,0,34,32,1,67,1,136,67,40,244,22,22,44,288
11/03/2001,CRW,WV,AEA,CE,Towers with Radar,1,72,31,8,112,0,17,12,2,31,1,89,43,10,143,38,2,40,183
11/04/2001,CRW,WV,AEA,CE,Towers with Radar,0,74,26,7,107,0,32,35,4,71,0,106,61,11,178,74,0,74,252
11/05/2001,CRW,WV,AEA,CE,Towers with Radar,0,107,61,8,176,0,19,64,1,84,0,126,125,9,260,26,0,26,286
11/06/2001,CRW,WV,AEA,CE,Towers with Radar,0,114,44,10,168,0,10,65,11,86,0,124,109,21,254,48,18,66,320
11/07/2001,CRW,WV,AEA,CE,Towers with Radar,0,110,46,14,170,0,15,86,14,115,0,125,132,28,285,90,46,136,421
11/08/2001,CRW,WV,AEA,CE,Towers with Radar,0,116,48,15,179,0,6,96,1,103,0,122,144,16,282,92,28,120,402
11/09/2001,CRW,WV,AEA,CE,Towers with Radar,2,124,52,17,195,0,4,33,20,57,2,128,85,37,252,68,68,136,388
11/10/2001,CRW,WV,AEA,CE,Towers with Radar,1,77,32,9,119,1,23,31,0,55,2,100,63,9,174,76,18,94,268
11/11/2001,CRW,WV,AEA,CE,Towers with Radar,0,61,25,8,94,0,37,34,1,72,0,98,59,9,166,28,34,62,228
11/12/2001,CRW,WV,AEA,CE,Towers with Radar,0,86,36,5,127,0,34,47,0,81,0,120,83,5,208,92,20,112,320
11/13/2001,CRW,WV,AEA,CE,Towers with Radar,0,115,48,11,174,0,12,80,0,92,0,127,128,11,266,52,14,66,332
11/14/2001,CRW,WV,AEA,CE,Towers with Radar,0,117,52,17,186,0,0,55,18,73,0,117,107,35,259,0,38,38,297
11/15/2001,CRW,WV,AEA,CE,Towers with Radar,0,124,52,17,193,0,6,88,18,112,0,130,140,35,305,30,50,80,385
11/16/2001,CRW,WV,AEA,CE,Towers with Radar,1,107,45,12,165,4,14,34,0,52,5,121,79,12,217,14,34,48,265
11/17/2001,CRW,WV,AEA,CE,Towers with Radar,1,88,37,12,138,1,23,13,6,43,2,111,50,18,181,24,0,24,205
11/18/2001,CRW,WV,AEA,CE,Towers with Radar,0,82,34,11,127,0,56,37,3,96,0,138,71,14,223,24,0,24,247
11/19/2001,CRW,WV,AEA,CE,Towers with Radar,0,83,34,2,119,0,41,29,0,70,0,124,63,2,189,20,0,20,209
11/20/2001,CRW,WV,AEA,CE,Towers with Radar,0,104,43,11,158,1,17,30,0,48,1,121,73,11,206,52,26,78,284
11/21/2001,CRW,WV,AEA,CE,Towers with Radar,1,123,51,7,182,2,19,49,0,70,3,142,100,7,252,42,24,66,318
11/22/2001,CRW,WV,AEA,CE,Towers with Radar,0,68,28,0,96,0,42,21,0,63,0,110,49,0,159,10,0,10,169
11/23/2001,CRW,WV,AEA,CE,Towers with Radar,0,60,25,1,86,0,14,25,0,39,0,74,50,1,125,46,0,46,171
11/24/2001,CRW,WV,AEA,CE,Towers with Radar,0,69,28,3,100,1,15,8,0,24,1,84,36,3,124,32,0,32,156
11/25/2001,CRW,WV,AEA,CE,Towers with Radar,0,78,32,1,111,0,7,16,0,23,0,85,48,1,134,24,0,24,158
11/26/2001,CRW,WV,AEA,CE,Towers with Radar,0,96,41,1,138,0,16,70,0,86,0,112,111,1,224,120,0,120,344
11/27/2001,CRW,WV,AEA,CE,Towers with Radar,0,104,44,4,152,0,21,55,0,76,0,125,99,4,228,6,10,16,244
11/28/2001,CRW,WV,AEA,CE,Towers with Radar,0,108,46,14,168,4,26,28,21,79,4,134,74,35,247,0,34,34,281
11/29/2001,CRW,WV,AEA,CE,Towers with Radar,0,95,40,11,146,1,23,47,7,78,1,118,87,18,224,50,56,106,330
11/30/2001,CRW,WV,AEA,CE,Towers with Radar,0,83,35,10,128,3,38,1,3,45,3,121,36,13,173,2,4,6,179
12/01/2001,CRW,WV,AEA,CE,Towers with Radar,0,93,31,10,134,4,41,46,7,98,4,134,77,17,232,60,20,80,312
12/02/2001,CRW,WV,AEA,CE,Towers with Radar,1,78,26,8,113,0,24,40,6,70,1,102,66,14,183,20,0,20,203
12/03/2001,CRW,WV,AEA,CE,Towers with Radar,0,88,43,7,138,0,5,65,0,70,0,93,108,7,208,48,4,52,260
12/04/2001,CRW,WV,AEA,CE,Towers with Radar,0,108,41,16,165,0,28,69,0,97,0,136,110,16,262,72,10,82,344
12/05/2001,CRW,WV,AEA,CE,Towers with Radar,0,132,44,13,189,0,14,59,22,95,0,146,103,35,284,52,78,130,414
12/06/2001,CRW,WV,AEA,CE,Towers with Radar,0,103,64,15,182,0,7,7,1,15,0,110,71,16,197,0,0,0,197
12/07/2001,CRW,WV,AEA,CE,Towers with Radar,2,104,44,10,160,0,14,19,2,35,2,118,63,12,195,16,0,16,211
12/08/2001,CRW,WV,AEA,CE,Towers with Radar,2,81,13,7,103,0,0,1,0,1,2,81,14,7,104,0,0,0,104
12/09/2001,CRW,WV,AEA,CE,Towers with Radar,0,69,19,5,93,0,9,19,0,28,0,78,38,5,121,8,2,10,131
12/10/2001,CRW,WV,AEA,CE,Towers with Radar,0,87,49,2,138,0,11,36,0,47,0,98,85,2,185,20,0,20,205
12/11/2001,CRW,WV,AEA,CE,Towers with Radar,0,106,50,6,162,0,16,23,0,39,0,122,73,6,201,40,0,40,241
12/12/2001,CRW,WV,AEA,CE,Towers with Radar,0,119,66,33,218,0,13,45,0,58,0,132,111,33,276,52,70,122,398
12/13/2001,CRW,WV,AEA,CE,Towers with Radar,6,103,56,13,178,0,14,15,0,29,6,117,71,13,207,18,34,52,259
12/14/2001,CRW,WV,AEA,CE,Towers with Radar,6,106,28,12,152,0,22,17,0,39,6,128,45,12,191,10,0,10,201
12/15/2001,CRW,WV,AEA,CE,Towers with Radar,3,79,19,4,105,0,12,31,0,43,3,91,50,4,148,38,0,38,186
12/16/2001,CRW,WV,AEA,CE,Towers with Radar,6,71,25,15,117,0,14,11,0,25,6,85,36,15,142,52,0,52,194
12/17/2001,CRW,WV,AEA,CE,Towers with Radar,0,86,31,5,122,0,26,20,0,46,0,112,51,5,168,0,0,0,168
12/18/2001,CRW,WV,AEA,CE,Towers with Radar,0,109,39,17,165,0,16,31,0,47,0,125,70,17,212,2,6,8,220
12/19/2001,CRW,WV,AEA,CE,Towers with Radar,2,103,51,30,186,0,15,45,0,60,2,118,96,30,246,34,112,146,392
12/20/2001,CRW,WV,AEA,CE,Towers with Radar,0,108,50,14,172,0,12,42,1,55,0,120,92,15,227,42,28,70,297
12/21/2001,CRW,WV,AEA,CE,Towers with Radar,2,121,34,10,167,0,1,78,0,79,2,122,112,10,246,60,0,60,306
12/22/2001,CRW,WV,AEA,CE,Towers with Radar,2,81,22,3,108,0,30,59,0,89,2,111,81,3,197,62,0,62,259
12/23/2001,CRW,WV,AEA,CE,Towers with Radar,0,71,5,0,76,0,10,2,0,12,0,81,7,0,88,0,0,0,88
12/24/2001,CRW,WV,AEA,CE,Towers with Radar,0,78,5,0,83,0,40,6,0,46,0,118,11,0,129,0,0,0,129
12/25/2001,CRW,WV,AEA,CE,Towers with Radar,0,39,13,0,52,0,51,1,0,52,0,90,14,0,104,4,0,4,108
12/26/2001,CRW,WV,AEA,CE,Towers with Radar,0,90,13,5,108,0,27,22,0,49,0,117,35,5,157,2,0,2,159
12/27/2001,CRW,WV,AEA,CE,Towers with Radar,0,96,29,11,136,0,5,15,1,21,0,101,44,12,157,8,14,22,179
12/28/2001,CRW,WV,AEA,CE,Towers with Radar,2,95,29,1,127,0,8,8,0,16,2,103,37,1,143,24,0,24,167
12/29/2001,CRW,WV,AEA,CE,Towers with Radar,2,75,6,2,85,0,14,2,0,16,2,89,8,2,101,0,0,0,101
12/30/2001,CRW,WV,AEA,CE,Towers with Radar,0,71,3,1,75,0,8,14,0,22,0,79,17,1,97,0,0,0,97
12/31/2001,CRW,WV,AEA,CE,Towers with Radar,0,81,11,0,92,0,26,19,0,45,0,107,30,0,137,0,0,0,137
01/01/2002,CRW,WV,AEA,CE,Towers with Radar,0,72,13,0,85,0,20,14,0,34,0,92,27,0,119,0,0,0,119
01/02/2002,CRW,WV,AEA,CE,Towers with Radar,0,93,19,0,112,0,6,25,1,32,0,99,44,1,144,0,0,0,144
01/03/2002,CRW,WV,AEA,CE,Towers with Radar,0,87,42,25,154,0,49,11,1,61,0,136,53,26,215,0,0,0,215
01/04/2002,CRW,WV,AEA,CE,Towers with Radar,5,99,41,8,153,0,12,35,4,51,5,111,76,12,204,19,12,31,235
01/05/2002,CRW,WV,AEA,CE,Towers with Radar,2,85,16,5,108,0,7,35,1,43,2,92,51,6,151,32,0,32,183
01/06/2002,CRW,WV,AEA,CE,Towers with Radar,0,42,7,0,49,0,3,3,0,6,0,45,10,0,55,0,0,0,55
01/07/2002,CRW,WV,AEA,CE,Towers with Radar,0,58,20,0,78,0,15,4,0,19,0,73,24,0,97,0,0,0,97
01/08/2002,CRW,WV,AEA,CE,Towers with Radar,0,89,35,3,127,0,5,8,0,13,0,94,43,3,140,2,4,6,146
01/09/2002,CRW,WV,AEA,CE,Towers with Radar,0,103,41,16,160,0,35,26,0,61,0,138,67,16,221,0,56,56,277
01/10/2002,CRW,WV,AEA,CE,Towers with Radar,0,116,40,13,169,0,0,18,11,29,0,116,58,24,198,52,0,52,250
01/11/2002,CRW,WV,AEA,CE,Towers with Radar,2,89,30,20,141,0,10,27,5,42,2,99,57,25,183,38,16,54,237
01/12/2002,CRW,WV,AEA,CE,Towers with Radar,2,74,24,30,130,0,39,30,1,70,2,113,54,31,200,34,10,44,244
01/13/2002,CRW,WV,AEA,CE,Towers with Radar,0,72,10,2,84,0,4,19,3,26,0,76,29,5,110,14,0,14,124
01/14/2002,CRW,WV,AEA,CE,Towers with Radar,0,94,34,1,129,0,30,22,0,52,0,124,56,1,181,12,0,12,193
01/15/2002,CRW,WV,AEA,CE,Towers with Radar,0,108,29,3,140,0,20,9,1,30,0,128,38,4,170,16,0,16,186
01/16/2002,CRW,WV,AEA,CE,Towers with Radar,0,105,41,23,169,0,16,33,0,49,0,121,74,23,218,2,38,40,258
01/17/2002,CRW,WV,AEA,CE,Towers with Radar,0,103,32,4,139,0,20,36,0,56,0,123,68,4,195,54,0,54,249
01/18/2002,CRW,WV,AEA,CE,Towers with Radar,3,107,33,0,143,0,47,22,2,71,3,154,55,2,214,38,0,38,252
01/19/2002,CRW,WV,AEA,CE,Towers with Radar,2,58,3,3,66,0,7,1,0,8,2,65,4,3,74,0,0,0,74
01/20/2002,CRW,WV,AEA,CE,Towers with Radar,0,64,7,5,76,0,1,4,3,8,0,65,11,8,84,8,0,8,92
01/21/2002,CRW,WV,AEA,CE,Towers with Radar,0,88,15,4,107,0,22,19,0,41,0,110,34,4,148,0,0,0,148
01/22/2002,CRW,WV,AEA,CE,Towers with Radar,0,115,37,13,165,0,6,54,2,62,0,121,91,15,227,8,0,8,235
01/23/2002,CRW,WV,AEA,CE,Towers with Radar,0,106,39,23,168,0,21,14,2,37,0,127,53,25,205,12,14,26,231
01/24/2002,CRW,WV,AEA,CE,Towers with Radar,0,105,48,32,185,0,2,8,0,10,0,107,56,32,195,0,0,0,195
01/25/2002,CRW,WV,AEA,CE,Towers with Radar,0,109,36,12,157,1,0,39,0,40,1,109,75,12,197,16,1,17,214
01/26/2002,CRW,WV,AEA,CE,Towers with Radar,0,85,27,5,117,2,38,53,0,93,2,123,80,5,210,32,0,32,242
01/27/2002,CRW,WV,AEA,CE,Towers with Radar,0,69,17,5,91,0,16,28,0,44,0,85,45,5,135,38,0,38,173
01/28/2002,CRW,WV,AEA,CE,Towers with Radar,0,93,43,6,142,0,28,42,5,75,0,121,85,11,217,32,0,32,249
01/29/2002,CRW,WV,AEA,CE,Towers with Radar,0,107,55,10,172,0,33,35,5,73,0,140,90,15,245,48,0,48,293
01/30/2002,CRW,WV,AEA,CE,Towers with Radar,5,97,49,16,167,0,7,21,1,29,5,104,70,17,196,4,16,20,216
01/31/2002,CRW,WV,AEA,CE,Towers with Radar,0,107,43,12,162,0,27,26,4,57,0,134,69,16,219,18,2,20,239
02/01/2002,CRW,WV,AEA,CE,Towers with Radar,2,105,24,25,156,0,35,6,0,41,2,140,30,25,197,0,34,34,231
02/02/2002,CRW,WV,AEA,CE,Towers with Radar,2,92,21,13,128,0,7,48,6,61,2,99,69,19,189,92,28,120,309
02/03/2002,CRW,WV,AEA,CE,Towers with Radar,0,71,24,24,119,0,28,30,0,58,0,99,54,24,177,2,30,32,209
02/04/2002,CRW,WV,AEA,CE,Towers with Radar,0,88,30,4,122,0,0,3,0,3,0,88,33,4,125,0,2,2,127
02/05/2002,CRW,WV,AEA,CE,Towers with Radar,0,107,36,11,154,0,10,26,10,46,0,117,62,21,200,8,0,8,208
02/06/2002,CRW,WV,AEA,CE,Towers with Radar,0,112,36,6,154,0,12,39,1,52,0,124,75,7,206,40,28,68,274
02/07/2002,CRW,WV,AEA,CE,Towers with Radar,0,90,31,2,123,3,15,1,0,19,3,105,32,2,142,0,0,0,142
02/08/2002,CRW,WV,AEA,CE,Towers with Radar,2,106,27,8,143,0,9,54,1,64,2,115,81,9,207,6,0,6,213
02/09/2002,CRW,WV,AEA,CE,Towers with Radar,1,86,8,0,95,0,15,54,0,69,1,101,62,0,164,67,0,67,231
02/10/2002,CRW,WV,AEA,CE,Towers with Radar,0,69,14,0,83,0,10,2,0,12,0,79,16,0,95,0,0,0,95
02/11/2002,CRW,WV,AEA,CE,Towers with Radar,0,101,29,3,133,0,2,18,0,20,0,103,47,3,153,8,0,8,161
02/12/2002,CRW,WV,AEA,CE,Towers with Radar,0,100,40,21,161,0,22,33,0,55,0,122,73,21,216,10,0,10,226
02/13/2002,CRW,WV,AEA,CE,Towers with Radar,0,100,36,18,154,0,9,46,0,55,0,109,82,18,209,36,48,84,293
02/14/2002,CRW,WV,AEA,CE,Towers with Radar,0,97,37,16,150,0,23,45,2,70,0,120,82,18,220,60,36,96,316
02/15/2002,CRW,WV,AEA,CE,Towers with Radar,2,103,46,5,156,0,36,51,0,87,2,139,97,5,243,22,16,38,281
02/16/2002,CRW,WV,AEA,CE,Towers with Radar,3,76,18,0,97,0,21,34,0,55,3,97,52,0,152,30,0,30,182
02/17/2002,CRW,WV,AEA,CE,Towers with Radar,0,72,26,1,99,0,7,6,0,13,0,79,32,1,112,8,0,8,120
02/18/2002,CRW,WV,AEA,CE,Towers with Radar,0,91,27,11,129,0,27,55,0,82,0,118,82,11,211,76,6,82,293
02/19/2002,CRW,WV,AEA,CE,Towers with Radar,0,89,35,10,134,0,26,50,1,77,0,115,85,11,211,64,2,66,277
02/20/2002,CRW,WV,AEA,CE,Towers with Radar,0,113,36,5,154,0,14,9,1,24,0,127,45,6,178,0,0,0,178
02/21/2002,CRW,WV,AEA,CE,Towers with Radar,0,95,40,13,148,0,12,22,0,34,0,107,62,13,182,0,54,54,236
02/22/2002,CRW,WV,AEA,CE,Towers with Radar,3,108,36,11,158,0,8,25,2,35,3,116,61,13,193,56,0,56,249
02/23/2002,CRW,WV,AEA,CE,Towers with Radar,4,63,23,0,90,0,8,34,0,42,4,71,57,0,132,26,0,26,158
02/24/2002,CRW,WV,AEA,CE,Towers with Radar,0,73,44,2,119,0,22,77,0,99,0,95,121,2,218,36,0,36,254
02/25/2002,CRW,WV,AEA,CE,Towers with Radar,0,92,44,9,145,0,36,36,0,72,0,128,80,9,217,4,8,12,229
02/26/2002,CRW,WV,AEA,CE,Towers with Radar,0,86,29,17,132,0,32,6,0,38,0,118,35,17,170,0,24,24,194
02/27/2002,CRW,WV,AEA,CE,Towers with Radar,0,106,33,25,164,0,1,9,1,11,0,107,42,26,175,0,16,16,191
02/28/2002,CRW,WV,AEA,CE,Towers with Radar,0,112,51,16,179,0,3,17,3,23,0,115,68,19,202,16,18,34,236
03/01/2002,CRW,WV,AEA,CE,Towers with Radar,0,105,39,20,164,0,19,84,3,106,0,124,123,23,270,64,38,102,372
03/02/2002,CRW,WV,AEA,CE,Towers with Radar,0,63,14,8,85,0,26,0,0,26,0,89,14,8,111,0,2,2,113
03/03/2002,CRW,WV,AEA,CE,Towers with Radar,0,73,12,4,89,0,4,1,1,6,0,77,13,5,95,0,0,0,95
03/04/2002,CRW,WV,AEA,CE,Towers with Radar,0,95,22,0,117,0,8,6,0,14,0,103,28,0,131,2,0,2,133
03/05/2002,CRW,WV,AEA,CE,Towers with Radar,4,116,38,1,159,0,11,50,3,64,4,127,88,4,223,88,72,160,383
03/06/2002,CRW,WV,AEA,CE,Towers with Radar,5,116,56,47,224,0,22,60,10,92,5,138,116,57,316,72,67,139,455
03/07/2002,CRW,WV,AEA,CE,Towers with Radar,0,117,61,13,191,0,19,70,2,91,0,136,131,15,282,62,26,88,370
03/08/2002,CRW,WV,AEA,CE,Towers with Radar,2,123,33,5,163,0,35,51,1,87,2,158,84,6,250,0,6,6,256
03/09/2002,CRW,WV,AEA,CE,Towers with Radar,2,96,15,0,113,0,29,8,0,37,2,125,23,0,150,22,0,22,172
03/10/2002,CRW,WV,AEA,CE,Towers with Radar,0,78,13,0,91,0,11,15,1,27,0,89,28,1,118,0,0,0,118
03/11/2002,CRW,WV,AEA,CE,Towers with Radar,0,101,33,1,135,0,11,63,1,75,0,112,96,2,210,36,0,36,246
03/12/2002,CRW,WV,AEA,CE,Towers with Radar,0,103,38,6,147,0,6,30,3,39,0,109,68,9,186,16,26,42,228
03/13/2002,CRW,WV,AEA,CE,Towers with Radar,0,109,39,27,175,0,2,44,5,51,0,111,83,32,226,32,16,48,274
03/14/2002,CRW,WV,AEA,CE,Towers with Radar,0,132,44,16,192,0,3,46,7,56,0,135,90,23,248,58,26,84,332
03/15/2002,CRW,WV,AEA,CE,Towers with Radar,1,117,39,14,171,1,33,33,14,81,2,150,72,28,252,78,38,116,368
03/16/2002,CRW,WV,AEA,CE,Towers with Radar,3,93,18,0,114,0,7,1,0,8,3,100,19,0,122,0,0,0,122
03/17/2002,CRW,WV,AEA,CE,Towers with Radar,0,63,26,2,91,0,3,5,0,8,0,66,31,2,99,0,0,0,99
03/18/2002,CRW,WV,AEA,CE,Towers with Radar,0,100,24,3,127,0,7,5,0,12,0,107,29,3,139,0,0,0,139
03/19/2002,CRW,WV,AEA,CE,Towers with Radar,0,106,33,14,153,0,7,0,6,13,0,113,33,20,166,0,0,0,166
03/20/2002,CRW,WV,AEA,CE,Towers with Radar,0,104,33,75,212,0,0,8,0,8,0,104,41,75,220,0,0,0,220
03/21/2002,CRW,WV,AEA,CE,Towers with Radar,2,115,44,12,173,0,10,40,5,55,2,125,84,17,228,2,28,30,258
03/22/2002,CRW,WV,AEA,CE,Towers with Radar,3,110,44,11,168,0,1,50,1,52,3,111,94,12,220,20,4,24,244
03/23/2002,CRW,WV,AEA,CE,Towers with Radar,2,91,26,0,119,0,14,39,1,54,2,105,65,1,173,8,0,8,181
03/24/2002,CRW,WV,AEA,CE,Towers with Radar,0,67,35,3,105,0,20,66,0,86,0,87,101,3,191,62,2,64,255
03/25/2002,CRW,WV,AEA,CE,Towers with Radar,1,94,46,4,145,0,19,55,2,76,1,113,101,6,221,34,0,34,255
03/26/2002,CRW,WV,AEA,CE,Towers with Radar,1,95,32,11,139,1,14,10,0,25,2,109,42,11,164,0,6,6,170
03/27/2002,CRW,WV,AEA,CE,Towers with Radar,6,114,64,46,230,0,3,29,0,32,6,117,93,46,262,8,54,62,324
03/28/2002,CRW,WV,AEA,CE,Towers with Radar,0,118,40,6,164,0,17,75,0,92,0,135,115,6,256,69,22,91,347
03/29/2002,CRW,WV,AEA,CE,Towers with Radar,1,119,40,12,172,1,17,21,0,39,2,136,61,12,211,14,8,22,233
03/30/2002,CRW,WV,AEA,CE,Towers with Radar,1,78,26,3,108,7,14,55,0,76,8,92,81,3,184,88,0,88,272
03/31/2002,CRW,WV,AEA,CE,Towers with Radar,0,64,17,4,85,0,19,0,0,19,0,83,17,4,104,0,0,0,104
04/01/2002,CRW,WV,AEA,CE,Towers with Radar,0,104,45,14,163,0,0,35,0,35,0,104,80,14,198,54,0,54,252
04/02/2002,CRW,WV,AEA,CE,Towers with Radar,0,106,36,10,152,0,12,52,6,70,0,118,88,16,222,16,6,22,244
04/03/2002,CRW,WV,AEA,CE,Towers with Radar,0,119,46,16,181,0,8,19,20,47,0,127,65,36,228,20,4,24,252
04/04/2002,CRW,WV,AEA,CE,Towers with Radar,0,123,56,24,203,0,21,68,4,93,0,144,124,28,296,28,26,54,350
04/05/2002,CRW,WV,AEA,CE,Towers with Radar,1,111,39,13,164,0,24,44,3,71,1,135,83,16,235,38,0,38,273
04/06/2002,CRW,WV,AEA,CE,Towers with Radar,3,96,24,3,126,0,12,35,1,48,3,108,59,4,174,14,0,14,188
04/07/2002,CRW,WV,AEA,CE,Towers with Radar,0,88,34,10,132,0,33,26,0,59,0,121,60,10,191,16,0,16,207
04/08/2002,CRW,WV,AEA,CE,Towers with Radar,0,97,27,4,128,0,23,34,5,62,0,120,61,9,190,2,0,2,192
04/09/2002,CRW,WV,AEA,CE,Towers with Radar,0,102,27,13,142,0,2,9,0,11,0,104,36,13,153,12,0,12,165
04/10/2002,CRW,WV,AEA,CE,Towers with Radar,0,111,47,33,191,0,0,50,1,51,0,111,97,34,242,44,30,74,316
04/11/2002,CRW,WV,AEA,CE,Towers with Radar,0,124,64,14,202,0,19,56,4,79,0,143,120,18,281,66,18,84,365
04/12/2002,CRW,WV,AEA,CE,Towers with Radar,7,104,43,11,165,0,9,55,3,67,7,113,98,14,232,24,4,28,260
04/13/2002,CRW,WV,AEA,CE,Towers with Radar,3,93,21,8,125,0,11,8,3,22,3,104,29,11,147,46,0,46,193
04/14/2002,CRW,WV,AEA,CE,Towers with Radar,0,74,29,4,107,0,8,12,0,20,0,82,41,4,127,0,0,0,127
04/15/2002,CRW,WV,AEA,CE,Towers with Radar,0,98,41,18,157,0,21,38,1,60,0,119,79,19,217,56,20,76,293
04/16/2002,CRW,WV,AEA,CE,Towers with Radar,0,112,45,14,171,0,20,73,8,101,0,132,118,22,272,52,34,86,358
04/17/2002,CRW,WV,AEA,CE,Towers with Radar,0,114,42,19,175,0,18,67,2,87,0,132,109,21,262,18,24,42,304
04/18/2002,CRW,WV,AEA,CE,Towers with Radar,4,101,70,14,189,0,3,67,1,71,4,104,137,15,260,44,12,56,316
04/19/2002,CRW,WV,AEA,CE,Towers with Radar,2,109,43,4,158,0,25,30,1,56,2,134,73,5,214,26,18,44,258
04/20/2002,CRW,WV,AEA,CE,Towers with Radar,0,69,27,2,98,1,46,5,0,52,1,115,32,2,150,54,0,54,204
04/21/2002,CRW,WV,AEA,CE,Towers with Radar,0,75,12,1,88,0,7,4,0,11,0,82,16,1,99,10,0,10,109
04/22/2002,CRW,WV,AEA,CE,Towers with Radar,0,97,76,0,173,0,4,30,4,38,0,101,106,4,211,56,0,56,267
04/23/2002,CRW,WV,AEA,CE,Towers with Radar,0,115,55,30,200,0,10,50,0,60,0,125,105,30,260,24,32,56,316
04/24/2002,CRW,WV,AEA,CE,Towers with Radar,9,105,42,22,178,0,34,55,1,90,9,139,97,23,268,14,36,50,318
04/25/2002,CRW,WV,AEA,CE,Towers with Radar,0,109,24,23,156,0,9,25,0,34,0,118,49,23,190,12,46,58,248
04/26/2002,CRW,WV,AEA,CE,Towers with Radar,1,108,48,15,172,0,14,80,0,94,1,122,128,15,266,72,4,76,342
04/27/2002,CRW,WV,AEA,CE,Towers with Radar,0,78,31,0,109,2,12,26,0,40,2,90,57,0,149,68,0,68,217
04/28/2002,CRW,WV,AEA,CE,Towers with Radar,0,51,11,4,66,0,22,0,0,22,0,73,11,4,88,0,0,0,88
04/29/2002,CRW,WV,AEA,CE,Towers with Radar,0,108,47,21,176,0,27,19,0,46,0,135,66,21,222,14,4,18,240
04/30/2002,CRW,WV,AEA,CE,Towers with Radar,0,111,78,11,200,0,26,44,1,71,0,137,122,12,271,40,4,44,315
05/01/2002,CRW,WV,AEA,CE,Towers with Radar,0,108,33,14,155,0,10,42,0,52,0,118,75,14,207,54,0,54,261
05/02/2002,CRW,WV,AEA,CE,Towers with Radar,0,81,29,11,121,2,16,6,0,24,2,97,35,11,145,0,0,0,145
05/03/2002,CRW,WV,AEA,CE,Towers with Radar,0,113,44,21,178,0,23,77,3,103,0,136,121,24,281,62,0,62,343
05/04/2002,CRW,WV,AEA,CE,Towers with Radar,3,79,17,12,111,0,36,32,23,91,3,115,49,35,202,28,0,28,230
05/05/2002,CRW,WV,AEA,CE,Towers with Radar,0,81,22,24,127,0,25,46,2,73,0,106,68,26,200,6,0,6,206
05/06/2002,CRW,WV,AEA,CE,Towers with Radar,0,88,35,7,130,0,12,36,5,53,0,100,71,12,183,30,0,30,213
05/07/2002,CRW,WV,AEA,CE,Towers with Radar,0,106,32,6,144,0,0,15,1,16,0,106,47,7,160,0,0,0,160
05/08/2002,CRW,WV,AEA,CE,Towers with Radar,0,95,35,34,164,0,7,9,0,16,0,102,44,34,180,39,20,59,239
05/09/2002,CRW,WV,AEA,CE,Towers with Radar,2,107,37,18,164,0,17,13,3,33,2,124,50,21,197,2,26,28,225
05/10/2002,CRW,WV,AEA,CE,Towers with Radar,1,106,54,9,170,0,23,71,0,94,1,129,125,9,264,56,10,66,330
05/11/2002,CRW,WV,AEA,CE,Towers with Radar,2,79,23,5,109,0,1,54,3,58,2,80,77,8,167,28,12,40,207
05/12/2002,CRW,WV,AEA,CE,Towers with Radar,0,68,24,3,95,0,8,4,0,12,0,76,28,3,107,0,0,0,107
05/13/2002,CRW,WV,AEA,CE,Towers with Radar,0,88,25,3,116,0,3,8,0,11,0,91,33,3,127,0,0,0,127
05/14/2002,CRW,WV,AEA,CE,Towers with Radar,0,106,38,16,160,0,14,15,19,48,0,120,53,35,208,0,36,36,244
05/15/2002,CRW,WV,AEA,CE,Towers with Radar,0,136,49,20,205,0,0,51,26,77,0,136,100,46,282,84,66,150,432
05/16/2002,CRW,WV,AEA,CE,Towers with Radar,0,110,56,12,178,0,32,53,0,85,0,142,109,12,263,30,14,44,307
05/17/2002,CRW,WV,AEA,CE,Towers with Radar,3,113,33,16,165,0,23,34,2,59,3,136,67,18,224,100,36,136,360
05/18/2002,CRW,WV,AEA,CE,Towers with Radar,4,83,14,16,117,0,10,7,4,21,4,93,21,20,138,6,6,12,150
05/19/2002,CRW,WV,AEA,CE,Towers with Radar,0,69,24,3,96,0,4,17,1,22,0,73,41,4,118,6,0,6,124
05/20/2002,CRW,WV,AEA,CE,Towers with Radar,0,84,31,13,128,1,15,3,15,34,1,99,34,28,162,0,20,20,182
05/21/2002,CRW,WV,AEA,CE,Towers with Radar,0,107,54,6,167,0,4,61,5,70,0,111,115,11,237,38,0,38,275
05/22/2002,CRW,WV,AEA,CE,Towers with Radar,2,113,46,31,192,0,28,59,6,93,2,141,105,37,285,6,30,36,321
05/23/2002,CRW,WV,AEA,CE,Towers with Radar,3,125,37,15,180,0,9,55,1,65,3,134,92,16,245,24,24,48,293
05/24/2002,CRW,WV,AEA,CE,Towers with Radar,2,111,66,14,193,0,15,55,0,70,2,126,121,14,263,32,22,54,317
05/25/2002,CRW,WV,AEA,CE,Towers with Radar,0,88,33,5,126,3,28,19,0,50,3,116,52,5,176,78,0,78,254
05/26/2002,CRW,WV,AEA,CE,Towers with Radar,0,55,20,6,81,0,28,31,0,59,0,83,51,6,140,64,0,64,204
05/27/2002,CRW,WV,AEA,CE,Towers with Radar,0,90,34,4,128,0,37,43,0,80,0,127,77,4,208,64,0,64,272
05/28/2002,CRW,WV,AEA,CE,Towers with Radar,0,101,47,23,171,0,12,51,4,67,0,113,98,27,238,38,0,38,276
05/29/2002,CRW,WV,AEA,CE,Towers with Radar,0,106,49,7,162,0,19,38,1,58,0,125,87,8,220,10,0,10,230
05/30/2002,CRW,WV,AEA,CE,Towers with Radar,0,113,54,17,184,0,30,50,1,81,0,143,104,18,265,64,2,66,331
05/31/2002,CRW,WV,AEA,CE,Towers with Radar,1,107,46,4,158,0,21,54,4,79,1,128,100,8,237,58,0,58,295
06/01/2002,CRW,WV,AEA,CE,Towers with Radar,1,61,18,1,81,0,5,29,4,38,1,66,47,5,119,20,0,20,139
06/02/2002,CRW,WV,AEA,CE,Towers with Radar,0,73,48,14,135,0,21,28,2,51,0,94,76,16,186,4,2,6,192
06/03/2002,CRW,WV,AEA,CE,Towers with Radar,0,94,39,6,139,0,26,28,0,54,0,120,67,6,193,30,0,30,223
06/04/2002,CRW,WV,AEA,CE,Towers with Radar,0,101,22,22,145,0,27,49,2,78,0,128,71,24,223,50,30,80,303
06/05/2002,CRW,WV,AEA,CE,Towers with Radar,0,120,39,7,166,0,22,52,2,76,0,142,91,9,242,42,12,54,296
06/06/2002,CRW,WV,AEA,CE,Towers with Radar,0,106,31,11,148,0,1,10,0,11,0,107,41,11,159,8,0,8,167
06/07/2002,CRW,WV,AEA,CE,Towers with Radar,1,116,44,29,190,0,14,38,0,52,1,130,82,29,242,32,2,34,276
06/08/2002,CRW,WV,AEA,CE,Towers with Radar,2,87,34,7,130,0,26,56,0,82,2,113,90,7,212,20,0,20,232
06/09/2002,CRW,WV,AEA,CE,Towers with Radar,0,89,38,9,136,1,40,23,19,83,1,129,61,28,219,8,28,36,255
06/10/2002,CRW,WV,AEA,CE,Towers with Radar,0,89,48,5,142,0,26,29,7,62,0,115,77,12,204,42,0,42,246
06/11/2002,CRW,WV,AEA,CE,Towers with Radar,0,105,53,20,178,0,16,57,1,74,0,121,110,21,252,44,24,68,320
06/12/2002,CRW,WV,AEA,CE,Towers with Radar,0,111,49,0,160,0,11,45,0,56,0,122,94,0,216,82,18,100,316
06/13/2002,CRW,WV,AEA,CE,Towers with Radar,0,101,50,1,152,0,2,15,0,17,0,103,65,1,169,64,0,64,233
06/14/2002,CRW,WV,AEA,CE,Towers with Radar,4,106,39,14,163,0,43,20,0,63,4,149,59,14,226,34,0,34,260
06/15/2002,CRW,WV,AEA,CE,Towers with Radar,2,81,16,1,100,0,16,18,0,34,2,97,34,1,134,64,0,64,198
06/16/2002,CRW,WV,AEA,CE,Towers with Radar,2,70,26,3,101,0,15,23,0,38,2,85,49,3,139,4,0,4,143
06/17/2002,CRW,WV,AEA,CE,Towers with Radar,0,98,51,2,151,0,9,42,0,51,0,107,93,2,202,12,0,12,214
06/18/2002,CRW,WV,AEA,CE,Towers with Radar,0,112,62,10,184,0,11,80,0,91,0,123,142,10,275,88,0,88,363
06/19/2002,CRW,WV,AEA,CE,Towers with Radar,0,96,44,14,154,0,33,51,6,90,0,129,95,20,244,40,34,74,318
06/20/2002,CRW,WV,AEA,CE,Towers with Radar,0,111,76,14,201,0,15,73,0,88,0,126,149,14,289,32,0,32,321
06/21/2002,CRW,WV,AEA,CE,Towers with Radar,0,109,55,33,197,0,43,78,0,121,0,152,133,33,318,114,20,134,452
06/22/2002,CRW,WV,AEA,CE,Towers with Radar,3,89,34,3,129,0,13,67,0,80,3,102,101,3,209,60,0,60,269
06/23/2002,CRW,WV,AEA,CE,Towers with Radar,0,69,27,0,96,0,18,45,0,63,0,87,72,0,159,12,0,12,171
06/24/2002,CRW,WV,AEA,CE,Towers with Radar,0,98,36,21,155,0,11,53,0,64,0,109,89,21,219,64,24,88,307
06/25/2002,CRW,WV,AEA,CE,Towers with Radar,0,106,51,3,160,0,20,62,0,82,0,126,113,3,242,32,8,40,282
06/26/2002,CRW,WV,AEA,CE,Towers with Radar,0,118,49,13,180,0,1,54,15,70,0,119,103,28,250,76,14,90,340
06/27/2002,CRW,WV,AEA,CE,Towers with Radar,0,103,40,5,148,0,3,42,10,55,0,106,82,15,203,74,0,74,277
06/28/2002,CRW,WV,AEA,CE,Towers with Radar,3,115,43,1,162,0,1,35,0,36,3,116,78,1,198,28,0,28,226
06/29/2002,CRW,WV,AEA,CE,Towers with Radar,2,96,27,5,130,0,10,40,3,53,2,106,67,8,183,56,0,56,239
06/30/2002,CRW,WV,AEA,CE,Towers with Radar,0,77,31,0,108,0,8,27,0,35,0,85,58,0,143,0,0,0,143
07/01/2002,CRW,WV,AEA,CE,Towers with Radar,0,95,47,8,150,0,11,29,0,40,0,106,76,8,190,20,10,30,220
07/02/2002,CRW,WV,AEA,CE,Towers with Radar,0,107,61,30,198,0,12,28,9,49,0,119,89,39,247,24,26,50,297
07/03/2002,CRW,WV,AEA,CE,Towers with Radar,0,122,38,6,166,0,12,45,1,58,0,134,83,7,224,6,0,6,230
07/04/2002,CRW,WV,AEA,CE,Towers with Radar,4,86,12,5,107,0,28,27,4,59,4,114,39,9,166,0,0,0,166
07/05/2002,CRW,WV,AEA,CE,Towers with Radar,1,67,20,1,89,0,35,29,0,64,1,102,49,1,153,8,0,8,161
07/06/2002,CRW,WV,AEA,CE,Towers with Radar,3,80,22,2,107,0,25,36,0,61,3,105,58,2,168,24,0,24,192
07/07/2002,CRW,WV,AEA,CE,Towers with Radar,2,68,31,0,101,0,23,57,0,80,2,91,88,0,181,42,0,42,223
07/08/2002,CRW,WV,AEA,CE,Towers with Radar,0,96,45,6,147,0,13,40,0,53,0,109,85,6,200,42,2,44,244
07/09/2002,CRW,WV,AEA,CE,Towers with Radar,0,110,58,5,173,0,7,37,7,51,0,117,95,12,224,48,20,68,292
07/10/2002,CRW,WV,AEA,CE,Towers with Radar,1,121,35,8,165,0,2,11,0,13,1,123,46,8,178,0,0,0,178
07/11/2002,CRW,WV,AEA,CE,Towers with Radar,0,118,58,26,202,0,14,36,19,69,0,132,94,45,271,10,64,74,345
07/12/2002,CRW,WV,AEA,CE,Towers with Radar,2,104,48,37,191,0,44,62,2,108,2,148,110,39,299,24,36,60,359
07/13/2002,CRW,WV,AEA,CE,Towers with Radar,3,85,30,8,126,0,21,1,0,22,3,106,31,8,148,0,0,0,148
07/14/2002,CRW,WV,AEA,CE,Towers with Radar,0,65,25,6,96,0,2,0,1,3,0,67,25,7,99,0,0,0,99
07/15/2002,CRW,WV,AEA,CE,Towers with Radar,0,101,66,17,184,0,16,33,0,49,0,117,99,17,233,48,0,48,281
07/16/2002,CRW,WV,AEA,CE,Towers with Radar,0,116,38,19,173,0,14,36,3,53,0,130,74,22,226,22,32,54,280
07/17/2002,CRW,WV,AEA,CE,Towers with Radar,3,111,48,29,191,0,5,42,0,47,3,116,90,29,238,12,16,28,266
07/18/2002,CRW,WV,AEA,CE,Towers with Radar,1,105,52,12,170,6,0,18,15,39,7,105,70,27,209,4,29,33,242
07/19/2002,CRW,WV,AEA,CE,Towers with Radar,2,110,61,9,182,0,6,15,0,21,2,116,76,9,203,28,0,28,231
07/20/2002,CRW,WV,AEA,CE,Towers with Radar,3,85,38,6,132,0,15,32,1,48,3,100,70,7,180,82,0,82,262
07/21/2002,CRW,WV,AEA,CE,Towers with Radar,0,80,26,3,109,0,6,31,0,37,0,86,57,3,146,24,0,24,170
07/22/2002,CRW,WV,AEA,CE,Towers with Radar,0,92,41,0,133,0,29,41,0,70,0,121,82,0,203,22,0,22,225
07/23/2002,CRW,WV,AEA,CE,Towers with Radar,0,100,43,16,159,0,28,35,0,63,0,128,78,16,222,78,42,120,342
07/24/2002,CRW,WV,AEA,CE,Towers with Radar,4,120,74,12,210,0,7,34,1,42,4,127,108,13,252,18,28,46,298
07/25/2002,CRW,WV,AEA,CE,Towers with Radar,0,113,65,15,193,0,0,46,15,61,0,113,111,30,254,8,32,40,294
07/26/2002,CRW,WV,AEA,CE,Towers with Radar,2,103,45,6,156,0,2,40,0,42,2,105,85,6,198,6,0,6,204
07/27/2002,CRW,WV,AEA,CE,Towers with Radar,3,86,34,0,123,0,22,24,0,46,3,108,58,0,169,4,0,4,173
07/28/2002,CRW,WV,AEA,CE,Towers with Radar,0,65,30,4,99,0,15,31,2,48,0,80,61,6,147,10,0,10,157
07/29/2002,CRW,WV,AEA,CE,Towers with Radar,0,104,38,3,145,0,15,31,5,51,0,119,69,8,196,0,0,0,196
07/30/2002,CRW,WV,AEA,CE,Towers with Radar,2,108,55,14,179,0,11,44,6,61,2,119,99,20,240,62,8,70,310
07/31/2002,CRW,WV,AEA,CE,Towers with Radar,4,112,59,9,184,0,19,81,6,106,4,131,140,15,290,38,2,40,330
08/01/2002,CRW,WV,AEA,CE,Towers with Radar,0,110,41,16,167,0,36,60,10,106,0,146,101,26,273,47,12,59,332
08/02/2002,CRW,WV,AEA,CE,Towers with Radar,0,129,68,16,213,1,21,37,4,63,1,150,105,20,276,26,2,28,304
08/03/2002,CRW,WV,AEA,CE,Towers with Radar,3,80,24,0,107,0,13,56,4,73,3,93,80,4,180,54,0,54,234
08/04/2002,CRW,WV,AEA,CE,Towers with Radar,0,70,21,2,93,0,18,26,2,46,0,88,47,4,139,10,0,10,149
08/05/2002,CRW,WV,AEA,CE,Towers with Radar,0,99,31,4,134,0,15,19,7,41,0,114,50,11,175,20,0,20,195
08/06/2002,CRW,WV,AEA,CE,Towers with Radar,0,99,39,8,146,0,33,42,9,84,0,132,81,17,230,50,0,50,280
08/07/2002,CRW,WV,AEA,CE,Towers with Radar,0,120,35,7,162,0,28,88,7,123,0,148,123,14,285,30,20,50,335
08/08/2002,CRW,WV,AEA,CE,Towers with Radar,0,102,54,0,156,0,12,49,7,68,0,114,103,7,224,32,0,32,256
08/09/2002,CRW,WV,AEA,CE,Towers with Radar,0,107,26,18,151,0,37,64,1,102,0,144,90,19,253,28,36,64,317
08/10/2002,CRW,WV,AEA,CE,Towers with Radar,0,92,26,0,118,0,12,44,0,56,0,104,70,0,174,14,0,14,188
08/11/2002,CRW,WV,AEA,CE,Towers with Radar,0,71,28,1,100,0,5,32,0,37,0,76,60,1,137,0,0,0,137
08/12/2002,CRW,WV,AEA,CE,Towers with Radar,0,97,40,3,140,0,0,26,0,26,0,97,66,3,166,10,0,10,176
08/13/2002,CRW,WV,AEA,CE,Towers with Radar,0,105,43,9,157,0,16,25,5,46,0,121,68,14,203,4,16,20,223
08/14/2002,CRW,WV,AEA,CE,Towers with Radar,0,126,32,12,170,0,10,34,0,44,0,136,66,12,214,8,6,14,228
08/15/2002,CRW,WV,AEA,CE,Towers with Radar,0,109,44,9,162,0,46,31,0,77,0,155,75,9,239,40,0,40,279
08/16/2002,CRW,WV,AEA,CE,Towers with Radar,2,111,50,14,177,0,11,50,0,61,2,122,100,14,238,30,0,30,268
08/17/2002,CRW,WV,AEA,CE,Towers with Radar,2,81,20,10,113,0,16,30,0,46,2,97,50,10,159,20,0,20,179
08/18/2002,CRW,WV,AEA,CE,Towers with Radar,0,66,19,0,85,0,0,10,0,10,0,66,29,0,95,0,0,0,95
08/19/2002,CRW,WV,AEA,CE,Towers with Radar,0,97,40,9,146,0,2,15,0,17,0,99,55,9,163,0,0,0,163
08/20/2002,CRW,WV,AEA,CE,Towers with Radar,0,107,47,21,175,0,0,24,0,24,0,107,71,21,199,82,12,94,293
08/21/2002,CRW,WV,AEA,CE,Towers with Radar,0,120,50,11,181,0,0,59,4,63,0,120,109,15,244,4,0,4,248
08/22/2002,CRW,WV,AEA,CE,Towers with Radar,0,106,78,5,189,0,24,39,0,63,0,130,117,5,252,10,0,10,262
08/23/2002,CRW,WV,AEA,CE,Towers with Radar,1,114,45,8,168,0,11,34,2,47,1,125,79,10,215,8,0,8,223
08/24/2002,CRW,WV,AEA,CE,Towers with Radar,3,80,13,3,99,0,17,11,3,31,3,97,24,6,130,0,0,0,130
08/25/2002,CRW,WV,AEA,CE,Towers with Radar,0,78,33,24,135,0,32,45,1,78,0,110,78,25,213,26,0,26,239
08/26/2002,CRW,WV,AEA,CE,Towers with Radar,0,102,41,14,157,0,18,31,0,49,0,120,72,14,206,0,6,6,212
08/27/2002,CRW,WV,AEA,CE,Towers with Radar,0,109,66,12,187,0,15,18,0,33,0,124,84,12,220,0,2,2,222
08/28/2002,CRW,WV,AEA,CE,Towers with Radar,0,113,35,7,155,0,3,16,1,20,0,116,51,8,175,8,10,18,193
08/29/2002,CRW,WV,AEA,CE,Towers with Radar,0,112,63,16,191,0,10,38,3,51,0,122,101,19,242,2,10,12,254
08/30/2002,CRW,WV,AEA,CE,Towers with Radar,3,104,45,22,174,0,25,46,1,72,3,129,91,23,246,0,12,12,258
08/31/2002,CRW,WV,AEA,CE,Towers with Radar,12,84,27,0,123,0,20,30,1,51,12,104,57,1,174,8,0,8,182
09/01/2002,CRW,WV,AEA,CE,Towers with Radar,0,64,15,1,80,0,42,38,0,80,0,106,53,1,160,20,0,20,180
09/02/2002,CRW,WV,AEA,CE,Towers with Radar,0,69,21,12,102,0,14,45,0,59,0,83,66,12,161,48,0,48,209
09/03/2002,CRW,WV,AEA,CE,Towers with Radar,0,105,27,3,135,0,24,62,6,92,0,129,89,9,227,54,0,54,281
09/04/2002,CRW,WV,AEA,CE,Towers with Radar,0,127,24,23,174,0,16,48,2,66,0,143,72,25,240,6,80,86,326
09/05/2002,CRW,WV,AEA,CE,Towers with Radar,5,103,59,11,178,0,28,64,4,96,5,131,123,15,274,36,14,50,324
09/06/2002,CRW,WV,AEA,CE,Towers with Radar,3,110,27,4,144,0,19,32,0,51,3,129,59,4,195,10,10,20,215
09/07/2002,CRW,WV,AEA,CE,Towers with Radar,0,81,28,4,113,0,31,60,5,96,0,112,88,9,209,38,10,48,257
09/08/2002,CRW,WV,AEA,CE,Towers with Radar,0,62,26,2,90,0,47,26,0,73,0,109,52,2,163,24,0,24,187
09/09/2002,CRW,WV,AEA,CE,Towers with Radar,0,102,38,3,143,0,10,44,1,55,0,112,82,4,198,32,0,32,230
09/10/2002,CRW,WV,AEA,CE,Towers with Radar,0,107,38,12,157,0,25,48,4,77,0,132,86,16,234,22,22,44,278
09/11/2002,CRW,WV,AEA,CE,Towers with Radar,2,100,44,13,159,0,15,47,4,66,2,115,91,17,225,2,18,20,245
09/12/2002,CRW,WV,AEA,CE,Towers with Radar,0,92,47,4,143,0,25,82,0,107,0,117,129,4,250,84,26,110,360
09/13/2002,CRW,WV,AEA,CE,Towers with Radar,3,107,38,25,173,0,21,59,2,82,3,128,97,27,255,48,0,48,303
09/14/2002,CRW,WV,AEA,CE,Towers with Radar,3,79,52,8,142,0,23,26,11,60,3,102,78,19,202,32,0,32,234
09/15/2002,CRW,WV,AEA,CE,Towers with Radar,0,69,23,9,101,0,11,4,0,15,0,80,27,9,116,0,2,2,118
09/16/2002,CRW,WV,AEA,CE,Towers with Radar,0,88,56,5,149,0,10,22,1,33,0,98,78,6,182,24,0,24,206
09/17/2002,CRW,WV,AEA,CE,Towers with Radar,0,104,49,27,180,0,7,27,2,36,0,111,76,29,216,20,16,36,252
09/18/2002,CRW,WV,AEA,CE,Towers with Radar,0,107,76,25,208,0,22,30,12,64,0,129,106,37,272,44,44,88,360
09/19/2002,CRW,WV,AEA,CE,Towers with Radar,0,109,49,25,183,0,15,40,2,57,0,124,89,27,240,72,34,106,346
09/20/2002,CRW,WV,AEA,CE,Towers with Radar,1,110,46,12,169,3,10,36,9,58,4,120,82,21,227,32,0,32,259
09/21/2002,CRW,WV,AEA,CE,Towers with Radar,4,89,44,7,144,0,10,16,0,26,4,99,60,7,170,38,0,38,208
09/22/2002,CRW,WV,AEA,CE,Towers with Radar,0,70,29,6,105,0,2,3,0,5,0,72,32,6,110,0,0,0,110
09/23/2002,CRW,WV,AEA,CE,Towers with Radar,2,107,59,16,184,0,7,59,5,71,2,114,118,21,255,24,0,24,279
09/24/2002,CRW,WV,AEA,CE,Towers with Radar,1,100,51,6,158,0,20,52,4,76,1,120,103,10,234,6,44,50,284
09/25/2002,CRW,WV,AEA,CE,Towers with Radar,0,103,45,11,159,0,26,52,0,78,0,129,97,11,237,48,34,82,319
09/26/2002,CRW,WV,AEA,CE,Towers with Radar,0,101,36,4,141,0,8,0,0,8,0,109,36,4,149,0,0,0,149
09/27/2002,CRW,WV,AEA,CE,Towers with Radar,3,105,24,3,135,0,16,0,0,16,3,121,24,3,151,0,0,0,151
09/28/2002,CRW,WV,AEA,CE,Towers with Radar,2,83,21,9,115,0,9,29,5,43,2,92,50,14,158,54,0,54,212
09/29/2002,CRW,WV,AEA,CE,Towers with Radar,0,65,24,8,97,0,6,61,0,67,0,71,85,8,164,48,0,48,212
09/30/2002,CRW,WV,AEA,CE,Towers with Radar,0,88,59,6,153,0,4,82,0,86,0,92,141,6,239,18,10,28,267
10/01/2002,CRW,WV,AEA,CE,Towers with Radar,0,104,59,13,176,0,8,33,0,41,0,112,92,13,217,24,4,28,245
10/02/2002,CRW,WV,AEA,CE,Towers with Radar,0,114,45,10,169,0,10,35,5,50,0,124,80,15,219,24,20,44,263
10/03/2002,CRW,WV,AEA,CE,Towers with Radar,0,142,59,13,214,0,18,30,0,48,0,160,89,13,262,42,14,56,318
10/04/2002,CRW,WV,AEA,CE,Towers with Radar,3,105,30,2,140,0,20,24,0,44,3,125,54,2,184,0,0,0,184
10/05/2002,CRW,WV,AEA,CE,Towers with Radar,0,32,11,4,47,1,60,60,9,130,1,92,71,13,177,76,0,76,253
10/06/2002,CRW,WV,AEA,CE,Towers with Radar,0,70,23,0,93,0,18,42,0,60,0,88,65,0,153,48,0,48,201
10/07/2002,CRW,WV,AEA,CE,Towers with Radar,0,90,39,1,130,0,12,27,0,39,0,102,66,1,169,62,0,62,231
10/08/2002,CRW,WV,AEA,CE,Towers with Radar,0,103,64,13,180,0,23,52,0,75,0,126,116,13,255,44,0,44,299
10/09/2002,CRW,WV,AEA,CE,Towers with Radar,0,140,56,12,208,0,2,49,64,115,0,142,105,76,323,30,16,46,369
10/10/2002,CRW,WV,AEA,CE,Towers with Radar,0,108,27,4,139,0,3,3,0,6,0,111,30,4,145,0,0,0,145
10/11/2002,CRW,WV,AEA,CE,Towers with Radar,2,95,46,3,146,0,0,3,0,3,2,95,49,3,149,0,0,0,149
10/12/2002,CRW,WV,AEA,CE,Towers with Radar,0,87,22,2,111,2,3,0,0,5,2,90,22,2,116,10,0,10,126
10/13/2002,CRW,WV,AEA,CE,Towers with Radar,0,76,37,2,115,0,13,14,0,27,0,89,51,2,142,30,0,30,172
10/14/2002,CRW,WV,AEA,CE,Towers with Radar,0,91,54,6,151,0,9,64,0,73,0,100,118,6,224,16,0,16,240
10/15/2002,CRW,WV,AEA,CE,Towers with Radar,0,96,42,10,148,0,0,12,2,14,0,96,54,12,162,12,0,12,174
10/16/2002,CRW,WV,AEA,CE,Towers with Radar,1,102,40,4,147,0,0,3,0,3,1,102,43,4,150,0,0,0,150
10/17/2002,CRW,WV,AEA,CE,Towers with Radar,0,111,48,8,167,0,16,20,0,36,0,127,68,8,203,14,8,22,225
10/18/2002,CRW,WV,AEA,CE,Towers with Radar,3,103,62,12,180,0,18,47,0,65,3,121,109,12,245,4,0,4,249
10/19/2002,CRW,WV,AEA,CE,Towers with Radar,2,84,20,5,111,0,33,12,0,45,2,117,32,5,156,0,0,0,156
10/20/2002,CRW,WV,AEA,CE,Towers with Radar,0,69,38,3,110,0,0,8,0,8,0,69,46,3,118,0,0,0,118
10/21/2002,CRW,WV,AEA,CE,Towers with Radar,0,84,42,2,128,0,15,43,0,58,0,99,85,2,186,52,0,52,238
10/22/2002,CRW,WV,AEA,CE,Towers with Radar,0,104,41,8,153,0,29,59,0,88,0,133,100,8,241,38,4,42,283
10/23/2002,CRW,WV,AEA,CE,Towers with Radar,0,110,59,10,179,0,20,66,1,87,0,130,125,11,266,52,24,76,342
10/24/2002,CRW,WV,AEA,CE,Towers with Radar,0,113,58,8,179,0,3,41,0,44,0,116,99,8,223,22,48,70,293
10/25/2002,CRW,WV,AEA,CE,Towers with Radar,3,106,36,1,146,0,6,20,4,30,3,112,56,5,176,62,0,62,238
10/26/2002,CRW,WV,AEA,CE,Towers with Radar,2,103,31,0,136,0,17,19,0,36,2,120,50,0,172,74,0,74,246
10/27/2002,CRW,WV,AEA,CE,Towers with Radar,1,68,19,13,101,0,21,12,0,33,1,89,31,13,134,8,0,8,142
10/28/2002,CRW,WV,AEA,CE,Towers with Radar,0,103,32,0,135,0,0,4,0,4,0,103,36,0,139,20,0,20,159
10/29/2002,CRW,WV,AEA,CE,Towers with Radar,1,100,40,14,155,0,0,2,1,3,1,100,42,15,158,0,0,0,158
10/30/2002,CRW,WV,AEA,CE,Towers with Radar,0,83,33,7,123,0,25,4,9,38,0,108,37,16,161,0,0,0,161
10/31/2002,CRW,WV,AEA,CE,Towers with Radar,2,101,41,1,145,0,1,17,0,18,2,102,58,1,163,36,0,36,199
11/01/2002,CRW,WV,AEA,CE,Towers with Radar,1,113,48,9,171,1,12,5,1,19,2,125,53,10,190,68,0,68,258
11/02/2002,CRW,WV,AEA,CE,Towers with Radar,0,90,16,6,112,2,20,38,3,63,2,110,54,9,175,60,0,60,235
11/03/2002,CRW,WV,AEA,CE,Towers with Radar,0,75,27,7,109,0,19,50,3,72,0,94,77,10,181,18,34,52,233
11/04/2002,CRW,WV,AEA,CE,Towers with Radar,0,92,29,6,127,0,0,2,0,2,0,92,31,6,129,0,0,0,129
11/05/2002,CRW,WV,AEA,CE,Towers with Radar,0,95,29,3,127,0,0,10,3,13,0,95,39,6,140,30,0,30,170
11/06/2002,CRW,WV,AEA,CE,Towers with Radar,0,108,34,2,144,0,0,10,0,10,0,108,44,2,154,4,0,4,158
11/07/2002,CRW,WV,AEA,CE,Towers with Radar,0,106,40,7,153,3,6,33,0,42,3,112,73,7,195,16,0,16,211
11/08/2002,CRW,WV,AEA,CE,Towers with Radar,0,104,48,16,168,2,12,43,3,60,2,116,91,19,228,30,4,34,262
11/09/2002,CRW,WV,AEA,CE,Towers with Radar,0,73,27,2,102,2,23,37,0,62,2,96,64,2,164,16,0,16,180
11/10/2002,CRW,WV,AEA,CE,Towers with Radar,0,60,8,1,69,0,12,16,7,35,0,72,24,8,104,0,0,0,104
11/11/2002,CRW,WV,AEA,CE,Towers with Radar,0,78,22,12,112,0,11,21,0,32,0,89,43,12,144,0,0,0,144
11/12/2002,CRW,WV,AEA,CE,Towers with Radar,0,89,55,14,158,0,19,7,0,26,0,108,62,14,184,0,36,36,220
11/13/2002,CRW,WV,AEA,CE,Towers with Radar,0,113,57,18,188,0,16,19,0,35,0,129,76,18,223,12,18,30,253
11/14/2002,CRW,WV,AEA,CE,Towers with Radar,0,100,76,9,185,0,26,48,13,87,0,126,124,22,272,52,24,76,348
11/15/2002,CRW,WV,AEA,CE,Towers with Radar,0,97,72,13,182,2,13,33,3,51,2,110,105,16,233,6,2,8,241
11/16/2002,CRW,WV,AEA,CE,Towers with Radar,0,70,17,6,93,4,9,0,2,15,4,79,17,8,108,0,0,0,108
11/17/2002,CRW,WV,AEA,CE,Towers with Radar,0,38,4,2,44,0,30,0,0,30,0,68,4,2,74,0,0,0,74
11/18/2002,CRW,WV,AEA,CE,Towers with Radar,0,84,53,6,143,0,6,38,0,44,0,90,91,6,187,0,0,0,187
11/19/2002,CRW,WV,AEA,CE,Towers with Radar,0,98,39,7,144,0,14,41,1,56,0,112,80,8,200,0,0,0,200
11/20/2002,CRW,WV,AEA,CE,Towers with Radar,0,98,53,6,157,0,16,44,3,63,0,114,97,9,220,20,4,24,244
11/21/2002,CRW,WV,AEA,CE,Towers with Radar,0,106,56,16,178,0,34,23,0,57,0,140,79,16,235,8,37,45,280
11/22/2002,CRW,WV,AEA,CE,Towers with Radar,0,100,31,1,132,1,0,1,0,2,1,100,32,1,134,0,10,10,144
11/23/2002,CRW,WV,AEA,CE,Towers with Radar,0,79,19,1,99,3,24,32,0,59,3,103,51,1,158,57,0,57,215
11/24/2002,CRW,WV,AEA,CE,Towers with Radar,0,63,25,4,92,0,30,25,4,59,0,93,50,8,151,20,0,20,171
11/25/2002,CRW,WV,AEA,CE,Towers with Radar,0,110,16,14,140,0,2,19,0,21,0,112,35,14,161,44,34,78,239
11/26/2002,CRW,WV,AEA,CE,Towers with Radar,0,98,42,2,142,0,3,3,0,6,0,101,45,2,148,0,0,0,148
11/27/2002,CRW,WV,AEA,CE,Towers with Radar,0,107,40,0,147,0,1,15,0,16,0,108,55,0,163,0,0,0,163
11/28/2002,CRW,WV,AEA,CE,Towers with Radar,0,78,18,0,96,0,11,7,0,18,0,89,25,0,114,32,0,32,146
11/29/2002,CRW,WV,AEA,CE,Towers with Radar,0,60,15,0,75,2,13,13,0,28,2,73,28,0,103,0,0,0,103
11/30/2002,CRW,WV,AEA,CE,Towers with Radar,0,75,13,2,90,3,14,6,0,23,3,89,19,2,113,0,0,0,113
12/01/2002,CRW,WV,AEA,CE,Towers with Radar,0,89,30,3,122,0,3,13,0,16,0,92,43,3,138,0,0,0,138
12/02/2002,CRW,WV,AEA,CE,Towers with Radar,0,88,50,3,141,0,17,29,4,50,0,105,79,7,191,22,0,22,213
12/03/2002,CRW,WV,AEA,CE,Towers with Radar,0,93,65,7,165,0,15,33,10,58,0,108,98,17,223,26,31,57,280
12/04/2002,CRW,WV,AEA,CE,Towers with Radar,0,116,37,13,166,0,6,14,2,22,0,122,51,15,188,10,16,26,214
12/05/2002,CRW,WV,AEA,CE,Towers with Radar,3,81,26,1,111,0,0,2,1,3,3,81,28,2,114,0,0,0,114
12/06/2002,CRW,WV,AEA,CE,Towers with Radar,5,99,34,21,159,0,0,20,1,21,5,99,54,22,180,48,18,66,246
12/07/2002,CRW,WV,AEA,CE,Towers with Radar,3,77,27,26,133,0,1,25,3,29,3,78,52,29,162,40,42,82,244
12/08/2002,CRW,WV,AEA,CE,Towers with Radar,0,72,6,6,84,0,10,3,1,14,0,82,9,7,98,0,0,0,98
12/09/2002,CRW,WV,AEA,CE,Towers with Radar,2,87,39,5,133,0,11,35,5,51,2,98,74,10,184,4,0,4,188
12/10/2002,CRW,WV,AEA,CE,Towers with Radar,0,102,64,19,185,0,6,34,5,45,0,108,98,24,230,56,30,86,316
12/11/2002,CRW,WV,AEA,CE,Towers with Radar,0,90,19,2,111,0,5,1,2,8,0,95,20,4,119,0,14,14,133
12/12/2002,CRW,WV,AEA,CE,Towers with Radar,2,97,44,15,158,0,1,4,0,5,2,98,48,15,163,16,0,16,179
12/13/2002,CRW,WV,AEA,CE,Towers with Radar,1,103,34,7,145,3,5,22,3,33,4,108,56,10,178,62,0,62,240
12/14/2002,CRW,WV,AEA,CE,Towers with Radar,3,81,6,0,90,0,0,1,0,1,3,81,7,0,91,0,0,0,91
12/15/2002,CRW,WV,AEA,CE,Towers with Radar,0,67,22,2,91,0,17,15,0,32,0,84,37,2,123,0,0,0,123
12/16/2002,CRW,WV,AEA,CE,Towers with Radar,0,93,30,0,123,0,13,29,0,42,0,106,59,0,165,28,0,28,193
12/17/2002,CRW,WV,AEA,CE,Towers with Radar,0,100,46,4,150,0,22,14,0,36,0,122,60,4,186,76,0,76,262
12/18/2002,CRW,WV,AEA,CE,Towers with Radar,0,98,30,11,139,0,9,24,5,38,0,107,54,16,177,20,26,46,223
12/19/2002,CRW,WV,AEA,CE,Towers with Radar,2,104,30,13,149,0,23,24,3,50,2,127,54,16,199,0,12,12,211
12/20/2002,CRW,WV,AEA,CE,Towers with Radar,3,102,42,4,151,0,18,14,1,33,3,120,56,5,184,34,0,34,218
12/21/2002,CRW,WV,AEA,CE,Towers with Radar,4,74,32,2,112,0,38,22,1,61,4,112,54,3,173,6,0,6,179
12/22/2002,CRW,WV,AEA,CE,Towers with Radar,0,75,4,1,80,0,11,0,1,12,0,86,4,2,92,2,0,2,94
12/23/2002,CRW,WV,AEA,CE,Towers with Radar,0,89,27,3,119,0,2,32,1,35,0,91,59,4,154,28,12,40,194
12/24/2002,CRW,WV,AEA,CE,Towers with Radar,0,78,20,2,100,0,48,0,0,48,0,126,20,2,148,0,0,0,148
12/25/2002,CRW,WV,AEA,CE,Towers with Radar,0,60,0,0,60,0,6,0,0,6,0,66,0,0,66,0,0,0,66
12/26/2002,CRW,WV,AEA,CE,Towers with Radar,1,86,21,0,108,0,2,3,0,5,1,88,24,0,113,0,0,0,113
12/27/2002,CRW,WV,AEA,CE,Towers with Radar,0,94,31,12,137,0,15,34,0,49,0,109,65,12,186,50,0,50,236
12/28/2002,CRW,WV,AEA,CE,Towers with Radar,0,73,25,0,98,0,17,16,0,33,0,90,41,0,131,34,0,34,165
12/29/2002,CRW,WV,AEA,CE,Towers with Radar,0,68,29,0,97,0,34,48,0,82,0,102,77,0,179,6,0,6,185
12/30/2002,CRW,WV,AEA,CE,Towers with Radar,0,86,15,4,105,0,8,33,0,41,0,94,48,4,146,41,10,51,197
12/31/2002,CRW,WV,AEA,CE,Towers with Radar,0,84,21,1,106,0,38,27,0,65,0,122,48,1,171,38,12,50,221
01/01/2003,CRW,WV,AEA,CE,Towers with Radar,0,67,7,0,74,1,19,9,0,29,1,86,16,0,103,12,0,12,115
01/02/2003,CRW,WV,AEA,CE,Towers with Radar,6,76,13,8,103,0,1,2,0,3,6,77,15,8,106,0,0,0,106
01/03/2003,CRW,WV,AEA,CE,Towers with Radar,1,94,18,10,123,0,2,2,0,4,1,96,20,10,127,0,0,0,127
01/04/2003,CRW,WV,AEA,CE,Towers with Radar,4,80,25,0,109,0,5,15,0,20,4,85,40,0,129,0,0,0,129
01/05/2003,CRW,WV,AEA,CE,Towers with Radar,0,61,6,4,71,0,14,1,1,16,0,75,7,5,87,0,0,0,87
01/06/2003,CRW,WV,AEA,CE,Towers with Radar,0,73,21,1,95,0,16,4,0,20,0,89,25,1,115,0,0,0,115
01/07/2003,CRW,WV,AEA,CE,Towers with Radar,0,94,38,9,141,0,13,20,1,34,0,107,58,10,175,0,26,26,201
01/08/2003,CRW,WV,AEA,CE,Towers with Radar,2,109,42,8,161,0,47,32,12,91,2,156,74,20,252,0,26,26,278
01/09/2003,CRW,WV,AEA,CE,Towers with Radar,2,106,41,19,168,0,20,17,3,40,2,126,58,22,208,0,0,0,208
01/10/2003,CRW,WV,AEA,CE,Towers with Radar,0,34,11,2,47,1,87,46,4,138,1,121,57,6,185,0,0,0,185
01/11/2003,CRW,WV,AEA,CE,Towers with Radar,1,88,28,7,124,1,0,0,0,1,2,88,28,7,125,0,0,0,125
01/12/2003,CRW,WV,AEA,CE,Towers with Radar,0,77,24,1,102,0,0,21,0,21,0,77,45,1,123,0,0,0,123
01/13/2003,CRW,WV,AEA,CE,Towers with Radar,0,89,21,8,118,0,15,33,1,49,0,104,54,9,167,20,8,28,195
01/14/2003,CRW,WV,AEA,CE,Towers with Radar,4,94,19,0,117,0,14,3,0,17,4,108,22,0,134,0,0,0,134
01/15/2003,CRW,WV,AEA,CE,Towers with Radar,2,114,37,5,158,0,8,36,10,54,2,122,73,15,212,48,0,48,260
01/16/2003,CRW,WV,AEA,CE,Towers with Radar,1,110,33,10,154,1,10,22,3,36,2,120,55,13,190,27,39,66,256
01/17/2003,CRW,WV,AEA,CE,Towers with Radar,1,103,37,4,145,0,1,1,1,3,1,104,38,5,148,48,0,48,196
01/18/2003,CRW,WV,AEA,CE,Towers with Radar,1,75,15,0,91,0,23,29,1,53,1,98,44,1,144,59,0,59,203
01/19/2003,CRW,WV,AEA,CE,Towers with Radar,0,64,8,0,72,0,11,7,1,19,0,75,15,1,91,0,0,0,91
01/20/2003,CRW,WV,AEA,CE,Towers with Radar,0,82,28,2,112,0,28,17,0,45,0,110,45,2,157,46,0,46,203
01/21/2003,CRW,WV,AEA,CE,Towers with Radar,1,94,28,9,132,0,23,20,0,43,1,117,48,9,175,10,24,34,209
01/22/2003,CRW,WV,AEA,CE,Towers with Radar,0,105,36,15,156,0,23,35,5,63,0,128,71,20,219,14,40,54,273
01/23/2003,CRW,WV,AEA,CE,Towers with Radar,1,100,35,5,141,0,2,3,0,5,1,102,38,5,146,0,0,0,146
01/24/2003,CRW,WV,AEA,CE,Towers with Radar,0,115,35,16,166,0,13,12,0,25,0,128,47,16,191,16,32,48,239
01/25/2003,CRW,WV,AEA,CE,Towers with Radar,4,68,26,3,101,0,35,25,0,60,4,103,51,3,161,48,0,48,209
01/26/2003,CRW,WV,AEA,CE,Towers with Radar,0,66,3,5,74,0,2,0,0,2,0,68,3,5,76,0,0,0,76
01/27/2003,CRW,WV,AEA,CE,Towers with Radar,0,97,17,12,126,0,16,25,0,41,0,113,42,12,167,20,0,20,187
01/28/2003,CRW,WV,AEA,CE,Towers with Radar,0,99,36,14,149,0,23,25,0,48,0,122,61,14,197,14,26,40,237
01/29/2003,CRW,WV,AEA,CE,Towers with Radar,0,103,21,6,130,0,4,0,2,6,0,107,21,8,136,0,0,0,136
01/30/2003,CRW,WV,AEA,CE,Towers with Radar,0,114,43,28,185,0,0,1,0,1,0,114,44,28,186,0,0,0,186
01/31/2003,CRW,WV,AEA,CE,Towers with Radar,0,102,49,48,199,0,1,7,1,9,0,103,56,49,208,22,46,68,276
02/01/2003,CRW,WV,AEA,CE,Towers with Radar,0,92,13,9,114,1,12,1,2,16,1,104,14,11,130,30,0,30,160
02/02/2003,CRW,WV,AEA,CE,Towers with Radar,0,68,27,19,114,0,4,34,2,40,0,72,61,21,154,28,48,76,230
02/03/2003,CRW,WV,AEA,CE,Towers with Radar,0,87,28,9,124,0,11,20,0,31,0,98,48,9,155,10,0,10,165
02/04/2003,CRW,WV,AEA,CE,Towers with Radar,0,98,29,4,131,0,19,1,2,22,0,117,30,6,153,2,0,2,155
02/05/2003,CRW,WV,AEA,CE,Towers with Radar,0,116,38,15,169,0,0,62,14,76,0,116,100,29,245,28,16,44,289
02/06/2003,CRW,WV,AEA,CE,Towers with Radar,0,103,36,13,152,0,32,13,0,45,0,135,49,13,197,6,36,42,239
02/07/2003,CRW,WV,AEA,CE,Towers with Radar,0,85,26,8,119,1,7,0,0,8,1,92,26,8,127,0,0,0,127
02/08/2003,CRW,WV,AEA,CE,Towers with Radar,0,77,23,3,103,1,2,48,0,51,1,79,71,3,154,82,0,82,236
02/09/2003,CRW,WV,AEA,CE,Towers with Radar,0,66,9,31,106,0,13,23,0,36,0,79,32,31,142,6,48,54,196
02/10/2003,CRW,WV,AEA,CE,Towers with Radar,0,80,16,21,117,0,8,0,0,8,0,88,16,21,125,0,18,18,143
02/11/2003,CRW,WV,AEA,CE,Towers with Radar,1,107,20,9,137,1,14,0,0,15,2,121,20,9,152,0,0,0,152
02/12/2003,CRW,WV,AEA,CE,Towers with Radar,0,99,32,13,144,0,30,9,0,39,0,129,41,13,183,20,8,28,211
02/13/2003,CRW,WV,AEA,CE,Towers with Radar,3,98,46,18,165,0,34,27,4,65,3,132,73,22,230,20,46,66,296
02/14/2003,CRW,WV,AEA,CE,Towers with Radar,4,100,37,2,143,0,10,15,1,26,4,110,52,3,169,24,20,44,213
02/15/2003,CRW,WV,AEA,CE,Towers with Radar,2,77,12,0,91,0,1,2,0,3,2,78,14,0,94,0,0,0,94
02/16/2003,CRW,WV,AEA,CE,Towers with Radar,5,11,0,0,16,0,1,0,0,1,5,12,0,0,17,0,0,0,17
02/17/2003,CRW,WV,AEA,CE,Towers with Radar,0,33,6,0,39,0,3,2,0,5,0,36,8,0,44,0,0,0,44
02/18/2003,CRW,WV,AEA,CE,Towers with Radar,0,77,25,2,104,0,0,13,0,13,0,77,38,2,117,0,0,0,117
02/19/2003,CRW,WV,AEA,CE,Towers with Radar,0,96,38,3,137,0,3,28,0,31,0,99,66,3,168,16,16,32,200
02/20/2003,CRW,WV,AEA,CE,Towers with Radar,6,110,40,26,182,0,8,25,0,33,6,118,65,26,215,24,52,76,291
02/21/2003,CRW,WV,AEA,CE,Towers with Radar,0,88,23,16,127,0,0,0,19,19,0,88,23,35,146,0,74,74,220
02/22/2003,CRW,WV,AEA,CE,Towers with Radar,12,68,8,6,94,0,6,8,0,14,12,74,16,6,108,50,0,50,158
02/23/2003,CRW,WV,AEA,CE,Towers with Radar,0,59,11,5,75,0,2,0,0,2,0,61,11,5,77,0,20,20,97
02/24/2003,CRW,WV,AEA,CE,Towers with Radar,0,83,29,4,116,0,24,10,0,34,0,107,39,4,150,0,32,32,182
02/25/2003,CRW,WV,AEA,CE,Towers with Radar,0,95,45,28,168,0,6,15,1,22,0,101,60,29,190,12,68,80,270
02/26/2003,CRW,WV,AEA,CE,Towers with Radar,1,97,39,18,155,0,3,3,0,6,1,100,42,18,161,2,50,52,213
02/27/2003,CRW,WV,AEA,CE,Towers with Radar,3,115,40,3,161,0,5,6,0,11,3,120,46,3,172,0,4,4,176
02/28/2003,CRW,WV,AEA,CE,Towers with Radar,3,113,37,4,157,0,1,2,0,3,3,114,39,4,160,0,0,0,160
03/01/2003,CRW,WV,AEA,CE,Towers with Radar,0,82,11,23,116,1,13,18,0,32,1,95,29,23,148,37,44,81,229
03/02/2003,CRW,WV,AEA,CE,Towers with Radar,3,56,11,3,73,0,6,4,0,10,3,62,15,3,83,0,0,0,83
03/03/2003,CRW,WV,AEA,CE,Towers with Radar,0,86,23,7,116,0,8,58,1,67,0,94,81,8,183,66,0,66,249
03/04/2003,CRW,WV,AEA,CE,Towers with Radar,0,88,32,4,124,0,18,65,0,83,0,106,97,4,207,56,0,56,263
03/05/2003,CRW,WV,AEA,CE,Towers with Radar,0,98,60,12,170,0,25,13,0,38,0,123,73,12,208,0,0,0,208
03/06/2003,CRW,WV,AEA,CE,Towers with Radar,0,97,41,4,142,0,2,6,0,8,0,99,47,4,150,0,0,0,150
03/07/2003,CRW,WV,AEA,CE,Towers with Radar,0,97,43,7,147,0,18,46,4,68,0,115,89,11,215,40,0,40,255
03/08/2003,CRW,WV,AEA,CE,Towers with Radar,0,71,30,4,105,0,21,15,0,36,0,92,45,4,141,6,0,6,147
03/09/2003,CRW,WV,AEA,CE,Towers with Radar,0,59,31,1,91,0,26,20,1,47,0,85,51,2,138,20,0,20,158
03/10/2003,CRW,WV,AEA,CE,Towers with Radar,0,84,30,5,119,0,22,38,0,60,0,106,68,5,179,18,0,18,197
03/11/2003,CRW,WV,AEA,CE,Towers with Radar,2,100,34,0,136,0,35,39,0,74,2,135,73,0,210,2,0,2,212
03/12/2003,CRW,WV,AEA,CE,Towers with Radar,1,100,44,0,145,0,30,33,5,68,1,130,77,5,213,28,0,28,241
03/13/2003,CRW,WV,AEA,CE,Towers with Radar,0,95,40,5,140,0,6,10,0,16,0,101,50,5,156,46,0,46,202
03/14/2003,CRW,WV,AEA,CE,Towers with Radar,0,108,67,20,195,0,7,41,4,52,0,115,108,24,247,24,70,94,341
03/15/2003,CRW,WV,AEA,CE,Towers with Radar,0,83,30,0,113,0,42,68,4,114,0,125,98,4,227,70,0,70,297
03/16/2003,CRW,WV,AEA,CE,Towers with Radar,0,62,26,1,89,0,13,46,0,59,0,75,72,1,148,10,0,10,158
03/17/2003,CRW,WV,AEA,CE,Towers with Radar,0,83,70,4,157,0,24,56,5,85,0,107,126,9,242,30,0,30,272
03/18/2003,CRW,WV,AEA,CE,Towers with Radar,0,101,42,5,148,0,35,18,10,63,0,136,60,15,211,2,20,22,233
03/19/2003,CRW,WV,AEA,CE,Towers with Radar,0,103,37,1,141,0,16,21,0,37,0,119,58,1,178,10,0,10,188
03/20/2003,CRW,WV,AEA,CE,Towers with Radar,0,88,25,0,113,0,23,10,0,33,0,111,35,0,146,30,0,30,176
03/21/2003,CRW,WV,AEA,CE,Towers with Radar,1,106,47,2,156,0,1,24,0,25,1,107,71,2,181,0,0,0,181
03/22/2003,CRW,WV,AEA,CE,Towers with Radar,0,111,22,1,134,0,0,34,6,40,0,111,56,7,174,12,14,26,200
03/23/2003,CRW,WV,AEA,CE,Towers with Radar,0,61,36,2,99,0,13,33,0,46,0,74,69,2,145,12,0,12,157
03/24/2003,CRW,WV,AEA,CE,Towers with Radar,0,86,35,0,121,0,30,41,7,78,0,116,76,7,199,0,0,0,199
03/25/2003,CRW,WV,AEA,CE,Towers with Radar,0,90,45,8,143,0,34,38,8,80,0,124,83,16,223,22,4,26,249
03/26/2003,CRW,WV,AEA,CE,Towers with Radar,0,112,50,7,169,0,41,14,0,55,0,153,64,7,224,0,14,14,238
03/27/2003,CRW,WV,AEA,CE,Towers with Radar,0,110,46,6,162,0,19,50,5,74,0,129,96,11,236,22,8,30,266
03/28/2003,CRW,WV,AEA,CE,Towers with Radar,0,102,36,12,150,0,14,42,0,56,0,116,78,12,206,38,0,38,244
03/29/2003,CRW,WV,AEA,CE,Towers with Radar,0,79,23,0,102,0,9,8,0,17,0,88,31,0,119,0,0,0,119
03/30/2003,CRW,WV,AEA,CE,Towers with Radar,0,48,14,2,64,0,17,0,0,17,0,65,14,2,81,0,0,0,81
03/31/2003,CRW,WV,AEA,CE,Towers with Radar,0,114,36,2,152,0,0,28,0,28,0,114,64,2,180,0,12,12,192
04/01/2003,CRW,WV,AEA,CE,Towers with Radar,0,105,36,36,177,0,13,25,0,38,0,118,61,36,215,0,14,14,229
04/02/2003,CRW,WV,AEA,CE,Towers with Radar,0,108,35,2,145,0,49,50,0,99,0,157,85,2,244,0,0,0,244
04/03/2003,CRW,WV,AEA,CE,Towers with Radar,0,87,44,7,138,0,18,58,0,76,0,105,102,7,214,16,0,16,230
04/04/2003,CRW,WV,AEA,CE,Towers with Radar,0,95,36,2,133,0,29,24,0,53,0,124,60,2,186,10,0,10,196
04/05/2003,CRW,WV,AEA,CE,Towers with Radar,0,75,14,0,89,0,19,11,6,36,0,94,25,6,125,0,0,0,125
04/06/2003,CRW,WV,AEA,CE,Towers with Radar,0,66,38,11,115,0,26,44,2,72,0,92,82,13,187,26,26,52,239
04/07/2003,CRW,WV,AEA,CE,Towers with Radar,0,86,29,0,115,0,4,14,0,18,0,90,43,0,133,0,10,10,143
04/08/2003,CRW,WV,AEA,CE,Towers with Radar,0,85,33,47,165,0,2,16,0,18,0,87,49,47,183,10,48,58,241
04/09/2003,CRW,WV,AEA,CE,Towers with Radar,0,85,38,13,136,0,6,1,0,7,0,91,39,13,143,0,0,0,143
04/10/2003,CRW,WV,AEA,CE,Towers with Radar,0,85,52,9,146,0,11,11,0,22,0,96,63,9,168,12,8,20,188
04/11/2003,CRW,WV,AEA,CE,Towers with Radar,0,98,60,2,160,0,0,6,2,8,0,98,66,4,168,0,0,0,168
04/12/2003,CRW,WV,AEA,CE,Towers with Radar,0,67,24,2,93,0,1,42,0,43,0,68,66,2,136,0,0,0,136
04/13/2003,CRW,WV,AEA,CE,Towers with Radar,0,63,45,4,112,0,16,74,0,90,0,79,119,4,202,36,0,36,238
04/14/2003,CRW,WV,AEA,CE,Towers with Radar,0,83,43,1,127,0,6,62,0,68,0,89,105,1,195,34,0,34,229
04/15/2003,CRW,WV,AEA,CE,Towers with Radar,0,89,47,23,159,0,39,70,3,112,0,128,117,26,271,54,0,54,325
04/16/2003,CRW,WV,AEA,CE,Towers with Radar,0,87,64,5,156,0,39,61,0,100,0,126,125,5,256,2,0,2,258
04/17/2003,CRW,WV,AEA,CE,Towers with Radar,0,92,49,13,154,0,37,22,0,59,0,129,71,13,213,12,26,38,251
04/18/2003,CRW,WV,AEA,CE,Towers with Radar,0,93,35,10,138,0,6,17,0,23,0,99,52,10,161,6,20,26,187
04/19/2003,CRW,WV,AEA,CE,Towers with Radar,0,70,36,0,106,0,19,53,0,72,0,89,89,0,178,30,0,30,208
04/20/2003,CRW,WV,AEA,CE,Towers with Radar,0,58,13,5,76,0,18,34,0,52,0,76,47,5,128,14,0,14,142
04/21/2003,CRW,WV,AEA,CE,Towers with Radar,0,81,39,7,127,0,12,20,0,32,0,93,59,7,159,30,0,30,189
04/22/2003,CRW,WV,AEA,CE,Towers with Radar,0,95,37,5,137,0,23,15,0,38,0,118,52,5,175,20,2,22,197
04/23/2003,CRW,WV,AEA,CE,Towers with Radar,0,99,56,24,179,0,16,45,0,61,0,115,101,24,240,20,36,56,296
04/24/2003,CRW,WV,AEA,CE,Towers with Radar,0,86,47,5,138,0,20,77,3,100,0,106,124,8,238,28,24,52,290
04/25/2003,CRW,WV,AEA,CE,Towers with Radar,0,95,22,18,135,0,49,21,4,74,0,144,43,22,209,18,20,38,247
04/26/2003,CRW,WV,AEA,CE,Towers with Radar,0,77,23,1,101,0,1,1,0,2,0,78,24,1,103,0,0,0,103
04/27/2003,CRW,WV,AEA,CE,Towers with Radar,0,60,14,4,78,0,20,67,1,88,0,80,81,5,166,42,0,42,208
04/28/2003,CRW,WV,AEA,CE,Towers with Radar,0,82,43,11,136,0,56,49,0,105,0,138,92,11,241,22,12,34,275
04/29/2003,CRW,WV,AEA,CE,Towers with Radar,0,82,46,0,128,0,26,23,0,49,0,108,69,0,177,12,0,12,189
04/30/2003,CRW,WV,AEA,CE,Towers with Radar,0,89,48,8,145,0,6,14,0,20,0,95,62,8,165,6,0,6,171
05/01/2003,CRW,WV,AEA,CE,Towers with Radar,0,90,46,0,136,0,25,25,0,50,0,115,71,0,186,25,0,25,211
05/02/2003,CRW,WV,AEA,CE,Towers with Radar,0,103,37,21,161,0,2,14,0,16,0,105,51,21,177,36,6,42,219
05/03/2003,CRW,WV,AEA,CE,Towers with Radar,0,76,43,8,127,0,7,13,1,21,0,83,56,9,148,0,0,0,148
05/04/2003,CRW,WV,AEA,CE,Towers with Radar,0,66,30,37,133,0,14,37,1,52,0,80,67,38,185,22,24,46,231
05/05/2003,CRW,WV,AEA,CE,Towers with Radar,0,85,18,0,103,0,11,4,0,15,0,96,22,0,118,0,0,0,118
05/06/2003,CRW,WV,AEA,CE,Towers with Radar,0,87,45,3,135,0,29,37,0,66,0,116,82,3,201,40,0,40,241
05/07/2003,CRW,WV,AEA,CE,Towers with Radar,0,83,27,1,111,0,15,26,0,41,0,98,53,1,152,18,0,18,170
05/08/2003,CRW,WV,AEA,CE,Towers with Radar,0,113,34,14,161,0,22,25,4,51,0,135,59,18,212,20,6,26,238
05/09/2003,CRW,WV,AEA,CE,Towers with Radar,0,108,43,0,151,0,35,24,1,60,0,143,67,1,211,26,0,26,237
05/10/2003,CRW,WV,AEA,CE,Towers with Radar,0,60,12,0,72,0,10,0,0,10,0,70,12,0,82,82,20,102,184
05/11/2003,CRW,WV,AEA,CE,Towers with Radar,0,57,13,0,70,0,1,5,2,8,0,58,18,2,78,0,0,0,78
05/12/2003,CRW,WV,AEA,CE,Towers with Radar,0,73,24,6,103,0,0,8,0,8,0,73,32,6,111,0,0,0,111
05/13/2003,CRW,WV,AEA,CE,Towers with Radar,0,82,49,3,134,0,20,50,0,70,0,102,99,3,204,30,10,40,244
05/14/2003,CRW,WV,AEA,CE,Towers with Radar,0,99,66,3,168,0,41,72,1,114,0,140,138,4,282,48,0,48,330
05/15/2003,CRW,WV,AEA,CE,Towers with Radar,0,106,43,8,157,0,0,7,0,7,0,106,50,8,164,6,0,6,170
05/16/2003,CRW,WV,AEA,CE,Towers with Radar,0,82,41,9,132,0,18,25,0,43,0,100,66,9,175,16,0,16,191
05/17/2003,CRW,WV,AEA,CE,Towers with Radar,0,70,12,2,84,0,17,7,0,24,0,87,19,2,108,32,0,32,140
05/18/2003,CRW,WV,AEA,CE,Towers with Radar,0,55,19,2,76,0,0,1,0,1,0,55,20,2,77,0,0,0,77
05/19/2003,CRW,WV,AEA,CE,Towers with Radar,0,78,45,2,125,0,17,44,0,61,0,95,89,2,186,54,0,54,240
05/20/2003,CRW,WV,AEA,CE,Towers with Radar,0,91,42,8,141,0,24,38,0,62,0,115,80,8,203,22,0,22,225
05/21/2003,CRW,WV,AEA,CE,Towers with Radar,0,92,54,13,159,0,3,14,2,19,0,95,68,15,178,28,6,34,212
05/22/2003,CRW,WV,AEA,CE,Towers with Radar,0,101,98,4,203,0,3,23,1,27,0,104,121,5,230,23,0,23,253
05/23/2003,CRW,WV,AEA,CE,Towers with Radar,0,94,64,13,171,0,0,15,0,15,0,94,79,13,186,0,34,34,220
05/24/2003,CRW,WV,AEA,CE,Towers with Radar,0,69,33,0,102,0,43,45,3,91,0,112,78,3,193,70,0,70,263
05/25/2003,CRW,WV,AEA,CE,Towers with Radar,0,56,21,0,77,0,28,44,0,72,0,84,65,0,149,22,0,22,171
05/26/2003,CRW,WV,AEA,CE,Towers with Radar,0,79,52,0,131,0,11,36,0,47,0,90,88,0,178,92,0,92,270
05/27/2003,CRW,WV,AEA,CE,Towers with Radar,0,77,34,0,111,0,12,37,0,49,0,89,71,0,160,34,0,34,194
05/28/2003,CRW,WV,AEA,CE,Towers with Radar,0,104,54,6,164,0,6,41,0,47,0,110,95,6,211,73,0,73,284
05/29/2003,CRW,WV,AEA,CE,Towers with Radar,0,85,57,7,149,0,0,19,0,19,0,85,76,7,168,60,0,60,228
05/30/2003,CRW,WV,AEA,CE,Towers with Radar,0,90,45,2,137,0,14,53,0,67,0,104,98,2,204,54,0,54,258
05/31/2003,CRW,WV,AEA,CE,Towers with Radar,0,80,10,8,98,0,18,10,6,34,0,98,20,14,132,16,30,46,178
06/01/2003,CRW,WV,AEA,CE,Towers with Radar,0,64,26,2,92,0,16,47,0,63,0,80,73,2,155,0,0,0,155
06/02/2003,CRW,WV,AEA,CE,Towers with Radar,0,85,35,0,120,0,9,84,2,95,0,94,119,2,215,24,0,24,239
06/03/2003,CRW,WV,AEA,CE,Towers with Radar,0,96,50,4,150,0,14,20,0,34,0,110,70,4,184,54,0,54,238
06/04/2003,CRW,WV,AEA,CE,Towers with Radar,0,100,55,2,157,0,16,29,0,45,0,116,84,2,202,48,10,58,260
06/05/2003,CRW,WV,AEA,CE,Towers with Radar,0,100,55,32,187,0,3,40,0,43,0,103,95,32,230,22,20,42,272
06/06/2003,CRW,WV,AEA,CE,Towers with Radar,0,106,48,16,170,0,11,90,4,105,0,117,138,20,275,16,32,48,323
06/07/2003,CRW,WV,AEA,CE,Towers with Radar,0,77,14,2,93,0,8,6,1,15,0,85,20,3,108,16,0,16,124
06/08/2003,CRW,WV,AEA,CE,Towers with Radar,0,60,32,9,101,0,12,25,0,37,0,72,57,9,138,30,0,30,168
06/09/2003,CRW,WV,AEA,CE,Towers with Radar,0,97,38,2,137,0,30,43,0,73,0,127,81,2,210,20,2,22,232
06/10/2003,CRW,WV,AEA,CE,Towers with Radar,0,93,44,0,137,0,64,67,0,131,0,157,111,0,268,46,0,46,314
06/11/2003,CRW,WV,AEA,CE,Towers with Radar,0,99,35,0,134,0,18,30,0,48,0,117,65,0,182,10,22,32,214
06/12/2003,CRW,WV,AEA,CE,Towers with Radar,0,88,43,9,140,0,28,23,0,51,0,116,66,9,191,42,0,42,233
06/13/2003,CRW,WV,AEA,CE,Towers with Radar,2,108,44,9,163,0,9,31,1,41,2,117,75,10,204,22,0,22,226
06/14/2003,CRW,WV,AEA,CE,Towers with Radar,0,69,10,1,80,0,12,16,0,28,0,81,26,1,108,14,14,28,136
06/15/2003,CRW,WV,AEA,CE,Towers with Radar,0,55,16,2,73,0,0,0,0,0,0,55,16,2,73,0,0,0,73
06/16/2003,CRW,WV,AEA,CE,Towers with Radar,0,92,33,2,127,0,24,41,0,65,0,116,74,2,192,16,0,16,208
06/17/2003,CRW,WV,AEA,CE,Towers with Radar,0,101,30,11,142,0,11,24,0,35,0,112,54,11,177,4,0,4,181
06/18/2003,CRW,WV,AEA,CE,Towers with Radar,0,100,42,7,149,0,0,20,2,22,0,100,62,9,171,26,14,40,211
06/19/2003,CRW,WV,AEA,CE,Towers with Radar,0,94,51,1,146,0,4,20,0,24,0,98,71,1,170,46,0,46,216
06/20/2003,CRW,WV,AEA,CE,Towers with Radar,0,88,56,8,152,0,12,21,2,35,0,100,77,10,187,6,0,6,193
06/21/2003,CRW,WV,AEA,CE,Towers with Radar,0,83,37,1,121,0,22,65,0,87,0,105,102,1,208,68,8,76,284
06/22/2003,CRW,WV,AEA,CE,Towers with Radar,0,68,30,1,99,0,10,67,0,77,0,78,97,1,176,76,0,76,252
06/23/2003,CRW,WV,AEA,CE,Towers with Radar,0,84,34,5,123,0,21,85,3,109,0,105,119,8,232,42,0,42,274
06/24/2003,CRW,WV,AEA,CE,Towers with Radar,0,89,50,0,139,0,23,72,0,95,0,112,122,0,234,54,14,68,302
06/25/2003,CRW,WV,AEA,CE,Towers with Radar,0,102,51,9,162,0,19,66,0,85,0,121,117,9,247,70,4,74,321
06/26/2003,CRW,WV,AEA,CE,Towers with Radar,0,97,60,7,164,0,39,49,0,88,0,136,109,7,252,56,14,70,322
06/27/2003,CRW,WV,AEA,CE,Towers with Radar,0,114,62,10,186,0,5,56,0,61,0,119,118,10,247,96,14,110,357
06/28/2003,CRW,WV,AEA,CE,Towers with Radar,0,69,26,0,95,0,6,47,8,61,0,75,73,8,156,106,0,106,262
06/29/2003,CRW,WV,AEA,CE,Towers with Radar,0,66,23,7,96,0,40,72,0,112,0,106,95,7,208,30,10,40,248
06/30/2003,CRW,WV,AEA,CE,Towers with Radar,0,87,35,1,123,0,25,62,0,87,0,112,97,1,210,96,0,96,306
07/01/2003,CRW,WV,AEA,CE,Towers with Radar,0,95,39,2,136,0,12,34,5,51,0,107,73,7,187,30,0,30,217
07/02/2003,CRW,WV,AEA,CE,Towers with Radar,0,96,31,0,127,0,8,25,0,33,0,104,56,0,160,12,0,12,172
07/03/2003,CRW,WV,AEA,CE,Towers with Radar,0,100,49,3,152,0,8,52,0,60,0,108,101,3,212,48,0,48,260
07/04/2003,CRW,WV,AEA,CE,Towers with Radar,0,65,20,8,93,0,11,47,0,58,0,76,67,8,151,68,0,68,219
07/05/2003,CRW,WV,AEA,CE,Towers with Radar,0,60,17,1,78,0,27,41,0,68,0,87,58,1,146,56,0,56,202
07/06/2003,CRW,WV,AEA,CE,Towers with Radar,0,55,29,2,86,0,35,26,0,61,0,90,55,2,147,0,0,0,147
07/07/2003,CRW,WV,AEA,CE,Towers with Radar,0,85,35,0,120,0,0,44,0,44,0,85,79,0,164,54,0,54,218
07/08/2003,CRW,WV,AEA,CE,Towers with Radar,0,91,43,0,134,0,18,23,0,41,0,109,66,0,175,44,0,44,219
07/09/2003,CRW,WV,AEA,CE,Towers with Radar,0,97,39,0,136,0,17,47,0,64,0,114,86,0,200,62,0,62,262
07/10/2003,CRW,WV,AEA,CE,Towers with Radar,0,85,34,5,124,0,14,50,0,64,0,99,84,5,188,42,0,42,230
07/11/2003,CRW,WV,AEA,CE,Towers with Radar,0,110,59,6,175,0,25,45,0,70,0,135,104,6,245,98,0,98,343
07/12/2003,CRW,WV,AEA,CE,Towers with Radar,0,73,27,6,106,0,35,52,0,87,0,108,79,6,193,84,0,84,277
07/13/2003,CRW,WV,AEA,CE,Towers with Radar,0,67,22,7,96,0,8,27,0,35,0,75,49,7,131,64,0,64,195
07/14/2003,CRW,WV,AEA,CE,Towers with Radar,0,93,39,10,142,0,21,62,0,83,0,114,101,10,225,38,14,52,277
07/15/2003,CRW,WV,AEA,CE,Towers with Radar,0,98,38,0,136,0,14,67,0,81,0,112,105,0,217,102,10,112,329
07/16/2003,CRW,WV,AEA,CE,Towers with Radar,2,100,46,0,148,0,13,53,2,68,2,113,99,2,216,20,0,20,236
07/17/2003,CRW,WV,AEA,CE,Towers with Radar,0,107,55,1,163,0,19,75,6,100,0,126,130,7,263,18,0,18,281
07/18/2003,CRW,WV,AEA,CE,Towers with Radar,0,96,37,3,136,0,16,39,8,63,0,112,76,11,199,24,16,40,239
07/19/2003,CRW,WV,AEA,CE,Towers with Radar,0,72,26,2,100,0,4,44,2,50,0,76,70,4,150,12,0,12,162
07/20/2003,CRW,WV,AEA,CE,Towers with Radar,0,74,37,11,122,0,15,39,0,54,0,89,76,11,176,0,0,0,176
07/21/2003,CRW,WV,AEA,CE,Towers with Radar,0,91,26,0,117,0,10,26,5,41,0,101,52,5,158,8,0,8,166
07/22/2003,CRW,WV,AEA,CE,Towers with Radar,0,90,31,2,123,0,32,49,0,81,0,122,80,2,204,20,0,20,224
07/23/2003,CRW,WV,AEA,CE,Towers with Radar,0,93,36,0,129,0,14,14,0,28,0,107,50,0,157,18,0,18,175
07/24/2003,CRW,WV,AEA,CE,Towers with Radar,0,98,63,2,163,0,16,18,2,36,0,114,81,4,199,36,0,36,235
07/25/2003,CRW,WV,AEA,CE,Towers with Radar,0,99,47,0,146,0,36,50,0,86,0,135,97,0,232,12,0,12,244
07/26/2003,CRW,WV,AEA,CE,Towers with Radar,0,70,33,0,103,0,14,86,3,103,0,84,119,3,206,64,0,64,270
07/27/2003,CRW,WV,AEA,CE,Towers with Radar,0,73,26,6,105,0,27,48,0,75,0,100,74,6,180,0,0,0,180
07/28/2003,CRW,WV,AEA,CE,Towers with Radar,0,86,31,5,122,0,4,3,0,7,0,90,34,5,129,20,0,20,149
07/29/2003,CRW,WV,AEA,CE,Towers with Radar,0,86,46,7,139,0,15,30,6,51,0,101,76,13,190,24,4,28,218
07/30/2003,CRW,WV,AEA,CE,Towers with Radar,0,102,47,9,158,0,22,66,6,94,0,124,113,15,252,58,6,64,316
07/31/2003,CRW,WV,AEA,CE,Towers with Radar,0,95,50,0,145,0,17,39,13,69,0,112,89,13,214,72,0,72,286
08/01/2003,CRW,WV,AEA,CE,Towers with Radar,0,84,45,19,148,0,17,31,31,79,0,101,76,50,227,16,10,26,253
08/02/2003,CRW,WV,AEA,CE,Towers with Radar,0,70,13,10,93,0,19,38,0,57,0,89,51,10,150,2,0,2,152
08/03/2003,CRW,WV,AEA,CE,Towers with Radar,0,51,17,0,68,0,12,17,0,29,0,63,34,0,97,0,0,0,97
08/04/2003,CRW,WV,AEA,CE,Towers with Radar,0,90,38,5,133,0,12,25,0,37,0,102,63,5,170,30,0,30,200
08/05/2003,CRW,WV,AEA,CE,Towers with Radar,0,94,56,0,150,0,1,29,0,30,0,95,85,0,180,14,0,14,194
08/06/2003,CRW,WV,AEA,CE,Towers with Radar,0,96,53,2,151,0,22,27,1,50,0,118,80,3,201,0,0,0,201
08/07/2003,CRW,WV,AEA,CE,Towers with Radar,0,102,50,8,160,0,0,10,0,10,0,102,60,8,170,24,0,24,194
08/08/2003,CRW,WV,AEA,CE,Towers with Radar,0,98,50,2,150,0,14,16,0,30,0,112,66,2,180,50,0,50,230
08/09/2003,CRW,WV,AEA,CE,Towers with Radar,0,66,24,0,90,0,15,12,1,28,0,81,36,1,118,2,0,2,120
08/10/2003,CRW,WV,AEA,CE,Towers with Radar,0,63,29,0,92,0,0,6,0,6,0,63,35,0,98,10,0,10,108
08/11/2003,CRW,WV,AEA,CE,Towers with Radar,0,93,39,0,132,0,4,27,0,31,0,97,66,0,163,18,0,18,181
08/12/2003,CRW,WV,AEA,CE,Towers with Radar,0,92,53,1,146,0,11,41,3,55,0,103,94,4,201,34,0,34,235
08/13/2003,CRW,WV,AEA,CE,Towers with Radar,0,105,44,11,160,0,21,48,0,69,0,126,92,11,229,60,0,60,289
08/14/2003,CRW,WV,AEA,CE,Towers with Radar,0,96,35,1,132,0,33,48,3,84,0,129,83,4,216,36,0,36,252
08/15/2003,CRW,WV,AEA,CE,Towers with Radar,0,92,60,5,157,0,5,23,0,28,0,97,83,5,185,6,0,6,191
08/16/2003,CRW,WV,AEA,CE,Towers with Radar,0,72,28,1,101,0,1,5,0,6,0,73,33,1,107,22,0,22,129
08/17/2003,CRW,WV,AEA,CE,Towers with Radar,0,68,29,6,103,0,19,23,0,42,0,87,52,6,145,0,0,0,145
08/18/2003,CRW,WV,AEA,CE,Towers with Radar,0,101,48,4,153,0,33,45,2,80,0,134,93,6,233,16,4,20,253
08/19/2003,CRW,WV,AEA,CE,Towers with Radar,0,87,49,7,143,0,34,48,3,85,0,121,97,10,228,82,8,90,318
08/20/2003,CRW,WV,AEA,CE,Towers with Radar,0,104,52,1,157,0,30,60,5,95,0,134,112,6,252,122,0,122,374
08/21/2003,CRW,WV,AEA,CE,Towers with Radar,0,91,54,7,152,0,28,84,3,115,0,119,138,10,267,28,34,62,329
08/22/2003,CRW,WV,AEA,CE,Towers with Radar,2,92,41,10,145,0,8,32,0,40,2,100,73,10,185,48,14,62,247
08/23/2003,CRW,WV,AEA,CE,Towers with Radar,0,83,25,4,112,0,27,37,4,68,0,110,62,8,180,38,0,38,218
08/24/2003,CRW,WV,AEA,CE,Towers with Radar,1,84,27,13,125,0,16,100,1,117,1,100,127,14,242,48,6,54,296
08/25/2003,CRW,WV,AEA,CE,Towers with Radar,1,91,36,1,129,0,46,59,9,114,1,137,95,10,243,34,10,44,287
08/26/2003,CRW,WV,AEA,CE,Towers with Radar,0,90,66,17,173,0,12,49,0,61,0,102,115,17,234,12,22,34,268
08/27/2003,CRW,WV,AEA,CE,Towers with Radar,0,106,53,10,169,0,54,53,2,109,0,160,106,12,278,42,10,52,330
08/28/2003,CRW,WV,AEA,CE,Towers with Radar,0,106,64,27,197,0,4,36,1,41,0,110,100,28,238,2,22,24,262
08/29/2003,CRW,WV,AEA,CE,Towers with Radar,0,97,44,19,160,0,22,43,0,65,0,119,87,19,225,66,0,66,291
08/30/2003,CRW,WV,AEA,CE,Towers with Radar,0,87,21,2,110,0,6,0,0,6,0,93,21,2,116,12,0,12,128
08/31/2003,CRW,WV,AEA,CE,Towers with Radar,0,54,39,0,93,0,11,7,0,18,0,65,46,0,111,42,6,48,159
09/01/2003,CRW,WV,AEA,CE,Towers with Radar,1,69,20,1,91,0,26,30,0,56,1,95,50,1,147,34,0,34,181
09/02/2003,CRW,WV,AEA,CE,Towers with Radar,0,87,34,1,122,0,14,11,0,25,0,101,45,1,147,18,0,18,165
09/03/2003,CRW,WV,AEA,CE,Towers with Radar,0,87,35,8,130,0,0,5,0,5,0,87,40,8,135,4,0,4,139
09/04/2003,CRW,WV,AEA,CE,Towers with Radar,0,93,54,23,170,0,7,30,4,41,0,100,84,27,211,26,16,42,253
09/05/2003,CRW,WV,AEA,CE,Towers with Radar,0,106,54,33,193,0,25,57,0,82,0,131,111,33,275,42,44,86,361
09/06/2003,CRW,WV,AEA,CE,Towers with Radar,0,68,28,1,97,0,19,80,0,99,0,87,108,1,196,58,0,58,254
09/07/2003,CRW,WV,AEA,CE,Towers with Radar,0,70,32,3,105,0,20,61,0,81,0,90,93,3,186,50,0,50,236
09/08/2003,CRW,WV,AEA,CE,Towers with Radar,0,106,53,2,161,0,3,37,0,40,0,109,90,2,201,40,0,40,241
09/09/2003,CRW,WV,AEA,CE,Towers with Radar,0,97,38,30,165,0,6,40,7,53,0,103,78,37,218,40,58,98,316
09/10/2003,CRW,WV,AEA,CE,Towers with Radar,0,105,62,13,180,0,11,48,2,61,0,116,110,15,241,71,10,81,322
09/11/2003,CRW,WV,AEA,CE,Towers with Radar,0,97,56,28,181,0,27,53,5,85,0,124,109,33,266,22,24,46,312
09/12/2003,CRW,WV,AEA,CE,Towers with Radar,0,78,32,28,138,0,17,58,4,79,0,95,90,32,217,44,42,86,303
09/13/2003,CRW,WV,AEA,CE,Towers with Radar,0,66,34,0,100,0,13,35,3,51,0,79,69,3,151,18,0,18,169
09/14/2003,CRW,WV,AEA,CE,Towers with Radar,0,64,29,4,97,0,28,37,0,65,0,92,66,4,162,22,6,28,190
09/15/2003,CRW,WV,AEA,CE,Towers with Radar,1,94,38,16,149,0,5,46,0,51,1,99,84,16,200,24,0,24,224
09/16/2003,CRW,WV,AEA,CE,Towers with Radar,0,107,68,10,185,0,4,44,2,50,0,111,112,12,235,62,12,74,309
09/17/2003,CRW,WV,AEA,CE,Towers with Radar,0,107,53,35,195,0,28,64,0,92,0,135,117,35,287,16,22,38,325
09/18/2003,CRW,WV,AEA,CE,Towers with Radar,0,110,53,14,177,0,14,55,0,69,0,124,108,14,246,14,10,24,270
09/19/2003,CRW,WV,AEA,CE,Towers with Radar,0,92,34,29,155,0,7,11,6,24,0,99,45,35,179,20,24,44,223
09/20/2003,CRW,WV,AEA,CE,Towers with Radar,0,66,31,0,97,0,28,25,4,57,0,94,56,4,154,52,0,52,206
09/21/2003,CRW,WV,AEA,CE,Towers with Radar,0,67,36,0,103,0,19,39,0,58,0,86,75,0,161,6,0,6,167
09/22/2003,CRW,WV,AEA,CE,Towers with Radar,0,93,82,8,183,0,33,28,0,61,0,126,110,8,244,2,0,2,246
09/23/2003,CRW,WV,AEA,CE,Towers with Radar,0,106,52,16,174,0,12,36,15,63,0,118,88,31,237,14,4,18,255
09/24/2003,CRW,WV,AEA,CE,Towers with Radar,0,115,59,33,207,0,19,80,5,104,0,134,139,38,311,20,74,94,405
09/25/2003,CRW,WV,AEA,CE,Towers with Radar,0,111,70,41,222,0,32,38,8,78,0,143,108,49,300,24,50,74,374
09/26/2003,CRW,WV,AEA,CE,Towers with Radar,0,97,51,9,157,0,0,31,20,51,0,97,82,29,208,4,16,20,228
09/27/2003,CRW,WV,AEA,CE,Towers with Radar,0,74,8,1,83,0,5,1,0,6,0,79,9,1,89,0,0,0,89
09/28/2003,CRW,WV,AEA,CE,Towers with Radar,1,65,50,1,117,0,0,8,0,8,1,65,58,1,125,22,0,22,147
09/29/2003,CRW,WV,AEA,CE,Towers with Radar,0,98,42,1,141,0,18,23,0,41,0,116,65,1,182,2,0,2,184
09/30/2003,CRW,WV,AEA,CE,Towers with Radar,0,99,5,0,104,121,9,0,0,130,121,108,5,0,234,27,0,27,261
10/01/2003,CRW,WV,AEA,CE,Towers with Radar,0,138,73,5,216,0,12,32,10,54,0,150,105,15,270,4,0,4,274
10/02/2003,CRW,WV,AEA,CE,Towers with Radar,0,114,65,17,196,0,41,74,20,135,0,155,139,37,331,16,0,16,347
10/03/2003,CRW,WV,AEA,CE,Towers with Radar,0,101,54,17,172,0,6,71,8,85,0,107,125,25,257,2,30,32,289
10/04/2003,CRW,WV,AEA,CE,Towers with Radar,0,79,27,3,109,0,20,7,10,37,0,99,34,13,146,20,0,20,166
10/05/2003,CRW,WV,AEA,CE,Towers with Radar,0,78,30,4,112,0,23,25,1,49,0,101,55,5,161,10,0,10,171
10/06/2003,CRW,WV,AEA,CE,Towers with Radar,0,91,43,0,134,0,65,50,4,119,0,156,93,4,253,26,0,26,279
10/07/2003,CRW,WV,AEA,CE,Towers with Radar,0,104,37,21,162,0,4,119,24,147,0,108,156,45,309,48,0,48,357
10/08/2003,CRW,WV,AEA,CE,Towers with Radar,0,110,57,10,177,0,9,43,11,63,0,119,100,21,240,40,6,46,286
10/09/2003,CRW,WV,AEA,CE,Towers with Radar,0,104,45,0,149,0,39,60,2,101,0,143,105,2,250,16,32,48,298
10/10/2003,CRW,WV,AEA,CE,Towers with Radar,0,100,50,9,159,0,6,36,1,43,0,106,86,10,202,20,0,20,222
10/11/2003,CRW,WV,AEA,CE,Towers with Radar,0,81,26,2,109,0,30,41,0,71,0,111,67,2,180,10,0,10,190
10/12/2003,CRW,WV,AEA,CE,Towers with Radar,0,58,36,0,94,0,14,32,9,55,0,72,68,9,149,26,0,26,175
10/13/2003,CRW,WV,AEA,CE,Towers with Radar,0,87,36,0,123,0,21,23,0,44,0,108,59,0,167,0,0,0,167
10/14/2003,CRW,WV,AEA,CE,Towers with Radar,0,95,37,15,147,0,21,25,0,46,0,116,62,15,193,10,16,26,219
10/15/2003,CRW,WV,AEA,CE,Towers with Radar,0,108,34,0,142,0,10,17,0,27,0,118,51,0,169,0,0,0,169
10/16/2003,CRW,WV,AEA,CE,Towers with Radar,1,122,47,16,186,0,27,46,0,73,1,149,93,16,259,26,0,26,285
10/17/2003,CRW,WV,AEA,CE,Towers with Radar,0,109,49,0,158,0,8,14,0,22,0,117,63,0,180,24,0,24,204
10/18/2003,CRW,WV,AEA,CE,Towers with Radar,0,75,27,20,122,0,21,55,5,81,0,96,82,25,203,60,8,68,271
10/19/2003,CRW,WV,AEA,CE,Towers with Radar,0,60,29,2,91,0,38,76,0,114,0,98,105,2,205,6,0,6,211
10/20/2003,CRW,WV,AEA,CE,Towers with Radar,0,98,58,2,158,0,16,83,0,99,0,114,141,2,257,58,0,58,315
10/21/2003,CRW,WV,AEA,CE,Towers with Radar,0,107,41,31,179,0,9,27,2,38,0,116,68,33,217,16,22,38,255
10/22/2003,CRW,WV,AEA,CE,Towers with Radar,0,115,45,46,206,0,16,42,0,58,0,131,87,46,264,24,48,72,336
10/23/2003,CRW,WV,AEA,CE,Towers with Radar,0,98,37,18,153,0,19,29,1,49,0,117,66,19,202,16,32,48,250
10/24/2003,CRW,WV,AEA,CE,Towers with Radar,0,106,43,2,151,0,29,48,0,77,0,135,91,2,228,50,0,50,278
10/25/2003,CRW,WV,AEA,CE,Towers with Radar,0,82,27,4,113,0,22,46,0,68,0,104,73,4,181,18,28,46,227
10/26/2003,CRW,WV,AEA,CE,Towers with Radar,0,50,29,1,80,0,17,3,0,20,0,67,32,1,100,0,0,0,100
10/27/2003,CRW,WV,AEA,CE,Towers with Radar,0,92,41,3,136,0,5,20,2,27,0,97,61,5,163,0,0,0,163
10/28/2003,CRW,WV,AEA,CE,Towers with Radar,0,97,47,12,156,0,17,43,0,60,0,114,90,12,216,70,16,86,302
10/29/2003,CRW,WV,AEA,CE,Towers with Radar,0,127,65,14,206,0,33,28,0,61,0,160,93,14,267,0,0,0,267
10/30/2003,CRW,WV,AEA,CE,Towers with Radar,0,110,47,15,172,0,22,5,1,28,0,132,52,16,200,60,0,60,260
10/31/2003,CRW,WV,AEA,CE,Towers with Radar,0,106,35,3,144,0,22,72,0,94,0,128,107,3,238,58,19,77,315
11/01/2003,CRW,WV,AEA,CE,Towers with Radar,0,81,18,5,104,0,0,81,0,81,0,81,99,5,185,82,0,82,267
11/02/2003,CRW,WV,AEA,CE,Towers with Radar,0,61,33,2,96,0,16,57,0,73,0,77,90,2,169,50,0,50,219
11/03/2003,CRW,WV,AEA,CE,Towers with Radar,0,93,49,4,146,0,9,46,0,55,0,102,95,4,201,8,0,8,209
11/04/2003,CRW,WV,AEA,CE,Towers with Radar,0,88,52,19,159,0,25,69,2,96,0,113,121,21,255,45,24,69,324
11/05/2003,CRW,WV,AEA,CE,Towers with Radar,0,98,44,9,151,0,16,19,0,35,0,114,63,9,186,14,0,14,200
11/06/2003,CRW,WV,AEA,CE,Towers with Radar,0,108,27,7,142,0,0,0,0,0,0,108,27,7,142,0,0,0,142
11/07/2003,CRW,WV,AEA,CE,Towers with Radar,0,91,44,13,148,0,2,20,2,24,0,93,64,15,172,0,14,14,186
11/08/2003,CRW,WV,AEA,CE,Towers with Radar,0,85,30,1,116,0,20,49,0,69,0,105,79,1,185,55,0,55,240
11/09/2003,CRW,WV,AEA,CE,Towers with Radar,0,72,31,1,104,0,21,45,2,68,0,93,76,3,172,88,0,88,260
11/10/2003,CRW,WV,AEA,CE,Towers with Radar,0,86,31,9,126,0,15,60,2,77,0,101,91,11,203,20,0,20,223
11/11/2003,CRW,WV,AEA,CE,Towers with Radar,0,92,76,3,171,0,26,24,1,51,0,118,100,4,222,24,0,24,246
11/12/2003,CRW,WV,AEA,CE,Towers with Radar,0,85,37,2,124,0,0,3,0,3,0,85,40,2,127,0,0,0,127
11/13/2003,CRW,WV,AEA,CE,Towers with Radar,0,100,24,4,128,0,0,7,7,14,0,100,31,11,142,0,0,0,142
11/14/2003,CRW,WV,AEA,CE,Towers with Radar,0,97,44,9,150,0,22,47,4,73,0,119,91,13,223,9,0,9,232
11/15/2003,CRW,WV,AEA,CE,Towers with Radar,0,87,26,6,119,0,6,11,0,17,0,93,37,6,136,32,24,56,192
11/16/2003,CRW,WV,AEA,CE,Towers with Radar,0,65,22,0,87,0,0,0,0,0,0,65,22,0,87,0,10,10,97
11/17/2003,CRW,WV,AEA,CE,Towers with Radar,0,86,53,15,154,0,11,41,0,52,0,97,94,15,206,12,22,34,240
11/18/2003,CRW,WV,AEA,CE,Towers with Radar,0,96,56,4,156,0,11,21,0,32,0,107,77,4,188,40,0,40,228
11/19/2003,CRW,WV,AEA,CE,Towers with Radar,0,107,28,7,142,0,6,4,2,12,0,113,32,9,154,0,0,0,154
11/20/2003,CRW,WV,AEA,CE,Towers with Radar,0,119,44,7,170,0,16,40,3,59,0,135,84,10,229,34,4,38,267
11/21/2003,CRW,WV,AEA,CE,Towers with Radar,0,102,49,18,169,0,12,51,2,65,0,114,100,20,234,44,0,44,278
11/22/2003,CRW,WV,AEA,CE,Towers with Radar,0,79,36,0,115,0,30,58,4,92,0,109,94,4,207,54,0,54,261
11/23/2003,CRW,WV,AEA,CE,Towers with Radar,0,62,29,2,93,0,34,50,2,86,0,96,79,4,179,16,0,16,195
11/24/2003,CRW,WV,AEA,CE,Towers with Radar,0,95,24,0,119,0,10,6,0,16,0,105,30,0,135,32,0,32,167
11/25/2003,CRW,WV,AEA,CE,Towers with Radar,0,110,47,5,162,0,25,47,12,84,0,135,94,17,246,38,0,38,284
11/26/2003,CRW,WV,AEA,CE,Towers with Radar,0,109,39,0,148,0,31,37,0,68,0,140,76,0,216,26,0,26,242
11/27/2003,CRW,WV,AEA,CE,Towers with Radar,0,79,4,0,83,0,13,5,0,18,0,92,9,0,101,0,0,0,101
11/28/2003,CRW,WV,AEA,CE,Towers with Radar,0,49,9,0,58,0,8,0,0,8,0,57,9,0,66,0,0,0,66
11/29/2003,CRW,WV,AEA,CE,Towers with Radar,0,83,9,0,92,0,0,2,0,2,0,83,11,0,94,0,0,0,94
11/30/2003,CRW,WV,AEA,CE,Towers with Radar,0,72,23,0,95,0,13,27,1,41,0,85,50,1,136,20,0,20,156
12/01/2003,CRW,WV,AEA,CE,Towers with Radar,0,87,41,0,128,0,23,43,2,68,0,110,84,2,196,0,0,0,196
12/02/2003,CRW,WV,AEA,CE,Towers with Radar,0,106,29,2,137,0,17,48,1,66,0,123,77,3,203,62,16,78,281
12/03/2003,CRW,WV,AEA,CE,Towers with Radar,0,105,52,22,179,0,27,31,0,58,0,132,83,22,237,4,24,28,265
12/04/2003,CRW,WV,AEA,CE,Towers with Radar,0,101,51,3,155,0,39,13,0,52,0,140,64,3,207,20,0,20,227
12/05/2003,CRW,WV,AEA,CE,Towers with Radar,0,95,42,0,137,0,3,2,0,5,0,98,44,0,142,0,0,0,142
12/06/2003,CRW,WV,AEA,CE,Towers with Radar,0,81,11,5,97,0,7,6,0,13,0,88,17,5,110,10,0,10,120
12/07/2003,CRW,WV,AEA,CE,Towers with Radar,0,60,16,3,79,0,26,23,4,53,0,86,39,7,132,22,0,22,154
12/08/2003,CRW,WV,AEA,CE,Towers with Radar,0,85,55,6,146,0,19,48,6,73,0,104,103,12,219,60,26,86,305
12/09/2003,CRW,WV,AEA,CE,Towers with Radar,0,104,39,2,145,0,19,43,5,67,0,123,82,7,212,99,0,99,311
12/10/2003,CRW,WV,AEA,CE,Towers with Radar,0,97,24,8,129,0,33,1,0,34,0,130,25,8,163,0,0,0,163
12/11/2003,CRW,WV,AEA,CE,Towers with Radar,0,104,42,3,149,0,0,3,0,3,0,104,45,3,152,0,0,0,152
12/12/2003,CRW,WV,AEA,CE,Towers with Radar,0,102,49,13,164,0,22,51,4,77,0,124,100,17,241,30,20,50,291
12/13/2003,CRW,WV,AEA,CE,Towers with Radar,0,76,17,3,96,0,12,22,0,34,0,88,39,3,130,52,0,52,182
12/14/2003,CRW,WV,AEA,CE,Towers with Radar,0,55,13,0,68,0,2,0,0,2,0,57,13,0,70,0,0,0,70
12/15/2003,CRW,WV,AEA,CE,Towers with Radar,0,96,38,0,134,0,7,25,0,32,0,103,63,0,166,14,0,14,180
12/16/2003,CRW,WV,AEA,CE,Towers with Radar,0,104,50,4,158,0,20,37,0,57,0,124,87,4,215,10,2,12,227
12/17/2003,CRW,WV,AEA,CE,Towers with Radar,2,99,23,2,126,0,10,4,0,14,2,109,27,2,140,6,0,6,146
12/18/2003,CRW,WV,AEA,CE,Towers with Radar,0,98,47,5,150,0,10,3,0,13,0,108,50,5,163,0,0,0,163
12/19/2003,CRW,WV,AEA,CE,Towers with Radar,0,101,20,0,121,0,0,4,0,4,0,101,24,0,125,0,0,0,125
12/20/2003,CRW,WV,AEA,CE,Towers with Radar,0,78,17,0,95,0,3,3,0,6,0,81,20,0,101,0,0,0,101
12/21/2003,CRW,WV,AEA,CE,Towers with Radar,0,67,17,14,98,0,22,43,3,68,0,89,60,17,166,12,14,26,192
12/22/2003,CRW,WV,AEA,CE,Towers with Radar,0,82,35,30,147,0,22,19,4,45,0,104,54,34,192,10,44,54,246
12/23/2003,CRW,WV,AEA,CE,Towers with Radar,0,108,29,11,148,0,21,18,4,43,0,129,47,15,191,2,14,16,207
12/24/2003,CRW,WV,AEA,CE,Towers with Radar,0,96,17,0,113,0,2,0,0,2,0,98,17,0,115,4,0,4,119
12/25/2003,CRW,WV,AEA,CE,Towers with Radar,0,63,3,0,66,0,2,0,0,2,0,65,3,0,68,0,0,0,68
12/26/2003,CRW,WV,AEA,CE,Towers with Radar,0,77,19,0,96,0,14,28,0,42,0,91,47,0,138,48,0,48,186
12/27/2003,CRW,WV,AEA,CE,Towers with Radar,0,84,25,9,118,0,35,38,0,73,0,119,63,9,191,60,0,60,251
12/28/2003,CRW,WV,AEA,CE,Towers with Radar,0,61,19,6,86,0,21,19,0,40,0,82,38,6,126,24,0,24,150
12/29/2003,CRW,WV,AEA,CE,Towers with Radar,1,85,28,0,114,0,4,35,0,39,1,89,63,0,153,60,0,60,213
12/30/2003,CRW,WV,AEA,CE,Towers with Radar,0,97,17,23,137,0,27,25,1,53,0,124,42,24,190,42,0,42,232
12/31/2003,CRW,WV,AEA,CE,Towers with Radar,0,99,35,3,137,0,32,32,0,64,0,131,67,3,201,50,0,50,251
01/01/2004,CRW,WV,AEA,CE,Towers with Radar,0,73,10,0,83,0,18,54,0,72,0,91,64,0,155,78,0,78,233
01/02/2004,CRW,WV,AEA,CE,Towers with Radar,2,69,17,0,88,0,7,7,0,14,2,76,24,0,102,40,0,40,142
01/03/2004,CRW,WV,AEA,CE,Towers with Radar,0,76,23,0,99,0,22,8,0,30,0,98,31,0,129,0,0,0,129
01/04/2004,CRW,WV,AEA,CE,Towers with Radar,0,63,8,2,73,0,23,1,0,24,0,86,9,2,97,0,0,0,97
01/05/2004,CRW,WV,AEA,CE,Towers with Radar,0,77,27,0,104,0,8,4,0,12,0,85,31,0,116,0,0,0,116
01/06/2004,CRW,WV,AEA,CE,Towers with Radar,0,107,47,26,180,0,29,18,0,47,0,136,65,26,227,48,50,98,325
01/07/2004,CRW,WV,AEA,CE,Towers with Radar,0,109,41,6,156,0,19,28,2,49,0,128,69,8,205,38,28,66,271
01/08/2004,CRW,WV,AEA,CE,Towers with Radar,0,102,30,4,136,0,27,17,0,44,0,129,47,4,180,80,0,80,260
01/09/2004,CRW,WV,AEA,CE,Towers with Radar,0,94,48,4,146,0,3,5,3,11,0,97,53,7,157,0,0,0,157
01/10/2004,CRW,WV,AEA,CE,Towers with Radar,0,67,16,17,100,0,15,40,3,58,0,82,56,20,158,84,20,104,262
01/11/2004,CRW,WV,AEA,CE,Towers with Radar,0,67,5,5,77,0,20,20,13,53,0,87,25,18,130,92,0,92,222
01/12/2004,CRW,WV,AEA,CE,Towers with Radar,0,81,32,4,117,0,20,18,2,40,0,101,50,6,157,16,0,16,173
01/13/2004,CRW,WV,AEA,CE,Towers with Radar,0,99,38,11,148,0,14,12,2,28,0,113,50,13,176,18,0,18,194
01/14/2004,CRW,WV,AEA,CE,Towers with Radar,0,109,61,39,209,0,17,35,0,52,0,126,96,39,261,38,18,56,317
01/15/2004,CRW,WV,AEA,CE,Towers with Radar,0,106,24,5,135,0,14,34,7,55,0,120,58,12,190,2,8,10,200
01/16/2004,CRW,WV,AEA,CE,Towers with Radar,0,112,49,6,167,0,24,43,8,75,0,136,92,14,242,48,26,74,316
01/17/2004,CRW,WV,AEA,CE,Towers with Radar,0,80,19,0,99,0,8,15,63,86,0,88,34,63,185,78,0,78,263
01/18/2004,CRW,WV,AEA,CE,Towers with Radar,0,64,2,0,66,0,0,0,0,0,0,64,2,0,66,0,0,0,66
01/19/2004,CRW,WV,AEA,CE,Towers with Radar,0,73,24,4,101,0,8,7,0,15,0,81,31,4,116,0,0,0,116
01/20/2004,CRW,WV,AEA,CE,Towers with Radar,0,92,36,4,132,0,6,21,2,29,0,98,57,6,161,20,0,20,181
01/21/2004,CRW,WV,AEA,CE,Towers with Radar,0,97,54,18,169,0,2,17,15,34,0,99,71,33,203,26,26,52,255
01/22/2004,CRW,WV,AEA,CE,Towers with Radar,0,99,46,23,168,0,22,20,0,42,0,121,66,23,210,16,18,34,244
01/23/2004,CRW,WV,AEA,CE,Towers with Radar,0,99,48,0,147,0,10,30,0,40,0,109,78,0,187,4,0,4,191
01/24/2004,CRW,WV,AEA,CE,Towers with Radar,0,76,14,5,95,0,23,23,0,46,0,99,37,5,141,24,0,24,165
01/25/2004,CRW,WV,AEA,CE,Towers with Radar,0,48,4,0,52,0,2,0,0,2,0,50,4,0,54,0,0,0,54
01/26/2004,CRW,WV,AEA,CE,Towers with Radar,0,34,24,4,62,0,1,29,0,30,0,35,53,4,92,16,0,16,108
01/27/2004,CRW,WV,AEA,CE,Towers with Radar,0,102,19,8,129,0,4,0,0,4,0,106,19,8,133,0,0,0,133
01/28/2004,CRW,WV,AEA,CE,Towers with Radar,0,105,19,15,139,0,3,11,1,15,0,108,30,16,154,0,8,8,162
01/29/2004,CRW,WV,AEA,CE,Towers with Radar,0,113,24,14,151,0,14,21,0,35,0,127,45,14,186,24,20,44,230
01/30/2004,CRW,WV,AEA,CE,Towers with Radar,0,106,22,5,133,0,6,4,0,10,0,112,26,5,143,0,0,0,143
01/31/2004,CRW,WV,AEA,CE,Towers with Radar,0,78,28,10,116,0,15,32,0,47,0,93,60,10,163,90,20,110,273
02/01/2004,CRW,WV,AEA,CE,Towers with Radar,0,56,18,0,74,0,18,35,0,53,0,74,53,0,127,14,0,14,141
02/02/2004,CRW,WV,AEA,CE,Towers with Radar,0,85,29,0,114,0,19,29,2,50,0,104,58,2,164,34,0,34,198
02/03/2004,CRW,WV,AEA,CE,Towers with Radar,0,75,19,5,99,0,2,13,1,16,0,77,32,6,115,10,0,10,125
02/04/2004,CRW,WV,AEA,CE,Towers with Radar,0,112,43,22,177,0,15,49,2,66,0,127,92,24,243,50,0,50,293
02/05/2004,CRW,WV,AEA,CE,Towers with Radar,0,99,28,10,137,0,6,8,0,14,0,105,36,10,151,14,0,14,165
02/06/2004,CRW,WV,AEA,CE,Towers with Radar,0,103,28,6,137,0,0,7,0,7,0,103,35,6,144,10,8,18,162
02/07/2004,CRW,WV,AEA,CE,Towers with Radar,0,73,12,2,87,0,0,0,0,0,0,73,12,2,87,0,0,0,87
02/08/2004,CRW,WV,AEA,CE,Towers with Radar,0,62,20,6,88,0,9,10,0,19,0,71,30,6,107,8,0,8,115
02/09/2004,CRW,WV,AEA,CE,Towers with Radar,0,88,27,0,115,0,15,17,0,32,0,103,44,0,147,10,0,10,157
02/10/2004,CRW,WV,AEA,CE,Towers with Radar,0,106,28,16,150,0,41,21,0,62,0,147,49,16,212,26,0,26,238
02/11/2004,CRW,WV,AEA,CE,Towers with Radar,0,105,70,15,190,0,13,38,1,52,0,118,108,16,242,18,28,46,288
02/12/2004,CRW,WV,AEA,CE,Towers with Radar,0,97,45,7,149,0,12,27,1,40,0,109,72,8,189,2,10,12,201
02/13/2004,CRW,WV,AEA,CE,Towers with Radar,0,100,40,26,166,0,32,43,0,75,0,132,83,26,241,90,14,104,345
02/14/2004,CRW,WV,AEA,CE,Towers with Radar,0,88,34,0,122,0,15,67,0,82,0,103,101,0,204,78,0,78,282
02/15/2004,CRW,WV,AEA,CE,Towers with Radar,0,55,10,0,65,0,20,8,0,28,0,75,18,0,93,0,0,0,93
02/16/2004,CRW,WV,AEA,CE,Towers with Radar,0,77,36,1,114,0,17,38,0,55,0,94,74,1,169,2,0,2,171
02/17/2004,CRW,WV,AEA,CE,Towers with Radar,0,93,29,3,125,0,10,21,1,32,0,103,50,4,157,24,2,26,183
02/18/2004,CRW,WV,AEA,CE,Towers with Radar,0,114,35,19,168,0,12,73,1,86,0,126,108,20,254,38,62,100,354
02/19/2004,CRW,WV,AEA,CE,Towers with Radar,0,99,42,17,158,0,13,67,1,81,0,112,109,18,239,102,10,112,351
02/20/2004,CRW,WV,AEA,CE,Towers with Radar,0,106,48,12,166,0,24,46,4,74,0,130,94,16,240,38,30,68,308
02/21/2004,CRW,WV,AEA,CE,Towers with Radar,0,82,12,6,100,0,15,2,4,21,0,97,14,10,121,0,0,0,121
02/22/2004,CRW,WV,AEA,CE,Towers with Radar,0,58,37,2,97,0,15,49,0,64,0,73,86,2,161,88,0,88,249
02/23/2004,CRW,WV,AEA,CE,Towers with Radar,0,100,50,0,150,0,32,49,0,81,0,132,99,0,231,88,0,88,319
02/24/2004,CRW,WV,AEA,CE,Towers with Radar,0,100,57,8,165,0,5,7,0,12,0,105,64,8,177,0,0,0,177
02/25/2004,CRW,WV,AEA,CE,Towers with Radar,0,108,38,21,167,0,13,42,4,59,0,121,80,25,226,124,50,174,400
02/26/2004,CRW,WV,AEA,CE,Towers with Radar,0,100,48,0,148,0,9,46,5,60,0,109,94,5,208,68,0,68,276
02/27/2004,CRW,WV,AEA,CE,Towers with Radar,0,97,46,5,148,0,32,59,0,91,0,129,105,5,239,26,26,52,291
02/28/2004,CRW,WV,AEA,CE,Towers with Radar,0,84,21,0,105,0,32,67,0,99,0,116,88,0,204,61,0,61,265
02/29/2004,CRW,WV,AEA,CE,Towers with Radar,0,58,21,0,79,0,39,39,0,78,0,97,60,0,157,22,0,22,179
03/01/2004,CRW,WV,AEA,CE,Towers with Radar,0,90,37,0,127,0,14,19,0,33,0,104,56,0,160,28,4,32,192
03/02/2004,CRW,WV,AEA,CE,Towers with Radar,0,98,46,8,152,0,5,33,2,40,0,103,79,10,192,32,42,74,266
03/03/2004,CRW,WV,AEA,CE,Towers with Radar,0,105,33,3,141,0,48,33,1,82,0,153,66,4,223,38,30,68,291
03/04/2004,CRW,WV,AEA,CE,Towers with Radar,0,95,57,13,165,0,3,19,2,24,0,98,76,15,189,50,40,90,279
03/05/2004,CRW,WV,AEA,CE,Towers with Radar,0,95,49,16,160,0,16,22,8,46,0,111,71,24,206,30,56,86,292
03/06/2004,CRW,WV,AEA,CE,Towers with Radar,0,87,18,0,105,0,4,1,3,8,0,91,19,3,113,0,0,0,113
03/07/2004,CRW,WV,AEA,CE,Towers with Radar,0,60,28,5,93,0,12,14,0,26,0,72,42,5,119,0,10,10,129
03/08/2004,CRW,WV,AEA,CE,Towers with Radar,0,84,38,3,125,0,8,1,0,9,0,92,39,3,134,6,0,6,140
03/09/2004,CRW,WV,AEA,CE,Towers with Radar,0,111,50,5,166,0,28,18,0,46,0,139,68,5,212,24,0,24,236
03/10/2004,CRW,WV,AEA,CE,Towers with Radar,0,101,51,8,160,0,16,105,0,121,0,117,156,8,281,73,38,111,392
03/11/2004,CRW,WV,AEA,CE,Towers with Radar,0,105,46,20,171,0,20,44,11,75,0,125,90,31,246,6,32,38,284
03/12/2004,CRW,WV,AEA,CE,Towers with Radar,0,114,42,7,163,0,18,40,0,58,0,132,82,7,221,28,16,44,265
03/13/2004,CRW,WV,AEA,CE,Towers with Radar,0,83,63,3,149,0,30,101,23,154,0,113,164,26,303,95,0,95,398
03/14/2004,CRW,WV,AEA,CE,Towers with Radar,0,56,28,2,86,0,31,17,5,53,0,87,45,7,139,16,0,16,155
03/15/2004,CRW,WV,AEA,CE,Towers with Radar,0,80,38,22,140,0,8,57,3,68,0,88,95,25,208,26,6,32,240
03/16/2004,CRW,WV,AEA,CE,Towers with Radar,0,94,24,5,123,0,11,0,0,11,0,105,24,5,134,4,0,4,138
03/17/2004,CRW,WV,AEA,CE,Towers with Radar,0,111,54,9,174,0,13,19,0,32,0,124,73,9,206,6,18,24,230
03/18/2004,CRW,WV,AEA,CE,Towers with Radar,0,112,47,5,164,0,13,24,0,37,0,125,71,5,201,16,16,32,233
03/19/2004,CRW,WV,AEA,CE,Towers with Radar,0,115,43,24,182,0,7,60,6,73,0,122,103,30,255,38,10,48,303
03/20/2004,CRW,WV,AEA,CE,Towers with Radar,0,84,15,8,107,0,29,23,0,52,0,113,38,8,159,18,0,18,177
03/21/2004,CRW,WV,AEA,CE,Towers with Radar,0,58,8,4,70,0,5,2,1,8,0,63,10,5,78,0,0,0,78
03/22/2004,CRW,WV,AEA,CE,Towers with Radar,0,110,35,7,152,0,7,22,3,32,0,117,57,10,184,6,0,6,190
03/23/2004,CRW,WV,AEA,CE,Towers with Radar,0,94,56,21,171,0,14,74,2,90,0,108,130,23,261,34,0,34,295
03/24/2004,CRW,WV,AEA,CE,Towers with Radar,0,113,53,1,167,0,34,47,10,91,0,147,100,11,258,40,0,40,298
03/25/2004,CRW,WV,AEA,CE,Towers with Radar,0,98,51,22,171,0,15,56,0,71,0,113,107,22,242,40,46,86,328
03/26/2004,CRW,WV,AEA,CE,Towers with Radar,0,104,48,18,170,0,18,65,8,91,0,122,113,26,261,32,56,88,349
03/27/2004,CRW,WV,AEA,CE,Towers with Radar,0,84,36,4,124,0,31,34,0,65,0,115,70,4,189,42,32,74,263
03/28/2004,CRW,WV,AEA,CE,Towers with Radar,0,59,40,10,109,0,3,68,3,74,0,62,108,13,183,20,0,20,203
03/29/2004,CRW,WV,AEA,CE,Towers with Radar,0,94,45,1,140,0,16,40,5,61,0,110,85,6,201,53,0,53,254
03/30/2004,CRW,WV,AEA,CE,Towers with Radar,0,101,44,20,165,0,15,13,0,28,0,116,57,20,193,0,6,6,199
03/31/2004,CRW,WV,AEA,CE,Towers with Radar,0,104,51,2,157,0,4,3,0,7,0,108,54,2,164,0,0,0,164
04/01/2004,CRW,WV,AEA,CE,Towers with Radar,0,101,30,6,137,0,0,0,0,0,0,101,30,6,137,4,0,4,141
04/02/2004,CRW,WV,AEA,CE,Towers with Radar,0,119,38,0,157,0,0,1,0,1,0,119,39,0,158,0,0,0,158
04/03/2004,CRW,WV,AEA,CE,Towers with Radar,0,96,25,6,127,0,8,11,1,20,0,104,36,7,147,6,0,6,153
04/04/2004,CRW,WV,AEA,CE,Towers with Radar,0,59,10,5,74,0,11,7,0,18,0,70,17,5,92,12,0,12,104
04/05/2004,CRW,WV,AEA,CE,Towers with Radar,0,92,38,7,137,0,32,55,0,87,0,124,93,7,224,38,0,38,262
04/06/2004,CRW,WV,AEA,CE,Towers with Radar,0,108,47,5,160,0,21,62,3,86,0,129,109,8,246,42,4,46,292
04/07/2004,CRW,WV,AEA,CE,Towers with Radar,0,110,43,12,165,0,9,61,0,70,0,119,104,12,235,10,10,20,255
04/08/2004,CRW,WV,AEA,CE,Towers with Radar,0,107,49,10,166,0,28,39,0,67,0,135,88,10,233,18,0,18,251
04/09/2004,CRW,WV,AEA,CE,Towers with Radar,0,111,44,1,156,0,29,70,0,99,0,140,114,1,255,88,0,88,343
04/10/2004,CRW,WV,AEA,CE,Towers with Radar,0,84,28,0,112,0,23,58,0,81,0,107,86,0,193,6,0,6,199
04/11/2004,CRW,WV,AEA,CE,Towers with Radar,0,71,16,0,87,0,14,14,0,28,0,85,30,0,115,22,0,22,137
04/12/2004,CRW,WV,AEA,CE,Towers with Radar,0,89,40,2,131,0,1,6,0,7,0,90,46,2,138,0,0,0,138
04/13/2004,CRW,WV,AEA,CE,Towers with Radar,0,92,17,0,109,0,0,0,0,0,0,92,17,0,109,0,0,0,109
04/14/2004,CRW,WV,AEA,CE,Towers with Radar,0,119,37,7,163,0,0,3,0,3,0,119,40,7,166,0,30,30,196
04/15/2004,CRW,WV,AEA,CE,Towers with Radar,3,121,31,24,179,0,29,75,0,104,3,150,106,24,283,32,12,44,327
04/16/2004,CRW,WV,AEA,CE,Towers with Radar,0,116,41,40,197,0,33,63,34,130,0,149,104,74,327,20,24,44,371
04/17/2004,CRW,WV,AEA,CE,Towers with Radar,3,84,11,0,98,0,18,71,0,89,3,102,82,0,187,0,0,0,187
04/18/2004,CRW,WV,AEA,CE,Towers with Radar,0,66,29,4,99,0,20,57,0,77,0,86,86,4,176,22,0,22,198
04/19/2004,CRW,WV,AEA,CE,Towers with Radar,0,87,46,0,133,0,39,33,0,72,0,126,79,0,205,34,0,34,239
04/20/2004,CRW,WV,AEA,CE,Towers with Radar,0,114,53,13,180,0,2,36,1,39,0,116,89,14,219,34,0,34,253
04/21/2004,CRW,WV,AEA,CE,Towers with Radar,0,126,58,18,202,0,23,44,3,70,0,149,102,21,272,14,10,24,296
04/22/2004,CRW,WV,AEA,CE,Towers with Radar,0,113,44,18,175,0,14,32,1,47,0,127,76,19,222,22,18,40,262
04/23/2004,CRW,WV,AEA,CE,Towers with Radar,0,105,55,2,162,0,9,29,0,38,0,114,84,2,200,36,0,36,236
04/24/2004,CRW,WV,AEA,CE,Towers with Radar,0,84,25,6,115,0,29,56,0,85,0,113,81,6,200,20,0,20,220
04/25/2004,CRW,WV,AEA,CE,Towers with Radar,0,65,24,2,91,0,28,22,2,52,0,93,46,4,143,14,0,14,157
04/26/2004,CRW,WV,AEA,CE,Towers with Radar,0,101,55,0,156,0,8,34,0,42,0,109,89,0,198,18,0,18,216
04/27/2004,CRW,WV,AEA,CE,Towers with Radar,0,105,43,26,174,0,10,30,0,40,0,115,73,26,214,4,14,18,232
04/28/2004,CRW,WV,AEA,CE,Towers with Radar,0,117,43,4,164,0,44,79,0,123,0,161,122,4,287,8,4,12,299
04/29/2004,CRW,WV,AEA,CE,Towers with Radar,0,115,65,28,208,0,33,78,0,111,0,148,143,28,319,36,14,50,369
04/30/2004,CRW,WV,AEA,CE,Towers with Radar,0,129,47,9,185,0,14,47,5,66,0,143,94,14,251,8,0,8,259
05/01/2004,CRW,WV,AEA,CE,Towers with Radar,0,74,22,4,100,0,12,35,0,47,0,86,57,4,147,50,0,50,197
05/02/2004,CRW,WV,AEA,CE,Towers with Radar,0,64,13,3,80,0,10,1,0,11,0,74,14,3,91,0,0,0,91
05/03/2004,CRW,WV,AEA,CE,Towers with Radar,0,98,46,39,183,0,11,25,0,36,0,109,71,39,219,44,20,64,283
05/04/2004,CRW,WV,AEA,CE,Towers with Radar,0,109,46,2,157,0,19,44,2,65,0,128,90,4,222,22,12,34,256
05/05/2004,CRW,WV,AEA,CE,Towers with Radar,0,113,66,29,208,0,17,44,0,61,0,130,110,29,269,16,48,64,333
05/06/2004,CRW,WV,AEA,CE,Towers with Radar,0,115,54,8,177,0,23,55,1,79,0,138,109,9,256,16,10,26,282
05/07/2004,CRW,WV,AEA,CE,Towers with Radar,0,104,54,12,170,0,12,54,0,66,0,116,108,12,236,22,10,32,268
05/08/2004,CRW,WV,AEA,CE,Towers with Radar,0,91,44,0,135,0,27,27,7,61,0,118,71,7,196,20,0,20,216
05/09/2004,CRW,WV,AEA,CE,Towers with Radar,0,57,32,0,89,0,4,35,0,39,0,61,67,0,128,12,10,22,150
05/10/2004,CRW,WV,AEA,CE,Towers with Radar,0,92,36,0,128,0,9,53,6,68,0,101,89,6,196,54,38,92,288
05/11/2004,CRW,WV,AEA,CE,Towers with Radar,0,105,41,5,151,0,20,52,0,72,0,125,93,5,223,58,6,64,287
05/12/2004,CRW,WV,AEA,CE,Towers with Radar,0,110,74,11,195,0,23,53,8,84,0,133,127,19,279,46,14,60,339
05/13/2004,CRW,WV,AEA,CE,Towers with Radar,0,124,63,31,218,0,17,56,1,74,0,141,119,32,292,16,42,58,350
05/14/2004,CRW,WV,AEA,CE,Towers with Radar,0,106,40,0,146,0,26,42,1,69,0,132,82,1,215,14,0,14,229
05/15/2004,CRW,WV,AEA,CE,Towers with Radar,0,87,38,9,134,0,15,22,8,45,0,102,60,17,179,46,0,46,225
05/16/2004,CRW,WV,AEA,CE,Towers with Radar,0,68,18,0,86,0,9,8,1,18,0,77,26,1,104,14,0,14,118
05/17/2004,CRW,WV,AEA,CE,Towers with Radar,0,85,50,3,138,0,4,41,1,46,0,89,91,4,184,14,0,14,198
05/18/2004,CRW,WV,AEA,CE,Towers with Radar,0,102,34,3,139,0,17,33,6,56,0,119,67,9,195,28,20,48,243
05/19/2004,CRW,WV,AEA,CE,Towers with Radar,0,115,53,7,175,0,8,20,0,28,0,123,73,7,203,16,8,24,227
05/20/2004,CRW,WV,AEA,CE,Towers with Radar,0,106,60,0,166,0,19,53,3,75,0,125,113,3,241,8,4,12,253
05/21/2004,CRW,WV,AEA,CE,Towers with Radar,0,96,60,23,179,0,18,32,1,51,0,114,92,24,230,58,24,82,312
05/22/2004,CRW,WV,AEA,CE,Towers with Radar,0,74,23,1,98,0,19,25,0,44,0,93,48,1,142,34,0,34,176
05/23/2004,CRW,WV,AEA,CE,Towers with Radar,0,60,20,4,84,0,25,24,6,55,0,85,44,10,139,10,0,10,149
05/24/2004,CRW,WV,AEA,CE,Towers with Radar,0,96,29,3,128,0,13,51,6,70,0,109,80,9,198,8,0,8,206
05/25/2004,CRW,WV,AEA,CE,Towers with Radar,0,116,73,3,192,0,21,23,0,44,0,137,96,3,236,8,12,20,256
05/26/2004,CRW,WV,AEA,CE,Towers with Radar,0,111,54,7,172,0,0,24,0,24,0,111,78,7,196,24,6,30,226
05/27/2004,CRW,WV,AEA,CE,Towers with Radar,0,123,48,12,183,0,15,20,1,36,0,138,68,13,219,6,10,16,235
05/28/2004,CRW,WV,AEA,CE,Towers with Radar,0,111,63,25,199,0,5,30,1,36,0,116,93,26,235,20,6,26,261
05/29/2004,CRW,WV,AEA,CE,Towers with Radar,0,82,21,0,103,0,11,65,0,76,0,93,86,0,179,92,0,92,271
05/30/2004,CRW,WV,AEA,CE,Towers with Radar,0,66,23,0,89,0,6,7,0,13,0,72,30,0,102,0,0,0,102
05/31/2004,CRW,WV,AEA,CE,Towers with Radar,0,80,27,0,107,0,20,14,3,37,0,100,41,3,144,0,0,0,144
06/01/2004,CRW,WV,AEA,CE,Towers with Radar,0,80,37,15,132,0,9,30,6,45,0,89,67,21,177,56,0,56,233
06/02/2004,CRW,WV,AEA,CE,Towers with Radar,0,101,49,0,150,0,14,36,0,50,0,115,85,0,200,0,10,10,210
06/03/2004,CRW,WV,AEA,CE,Towers with Radar,0,115,43,5,163,0,18,63,3,84,0,133,106,8,247,52,0,52,299
06/04/2004,CRW,WV,AEA,CE,Towers with Radar,0,116,50,3,169,0,0,10,0,10,0,116,60,3,179,0,0,0,179
06/05/2004,CRW,WV,AEA,CE,Towers with Radar,0,88,27,15,130,0,4,9,1,14,0,92,36,16,144,10,2,12,156
06/06/2004,CRW,WV,AEA,CE,Towers with Radar,0,82,36,4,122,0,18,56,1,75,0,100,92,5,197,100,0,100,297
06/07/2004,CRW,WV,AEA,CE,Towers with Radar,0,86,37,3,126,0,31,44,0,75,0,117,81,3,201,34,0,34,235
06/08/2004,CRW,WV,AEA,CE,Towers with Radar,0,95,89,3,187,0,11,37,3,51,0,106,126,6,238,30,0,30,268
06/09/2004,CRW,WV,AEA,CE,Towers with Radar,0,126,64,10,200,0,26,41,0,67,0,152,105,10,267,24,2,26,293
06/10/2004,CRW,WV,AEA,CE,Towers with Radar,0,108,45,2,155,0,22,15,1,38,0,130,60,3,193,12,16,28,221
06/11/2004,CRW,WV,AEA,CE,Towers with Radar,0,126,68,15,209,0,4,6,4,14,0,130,74,19,223,8,0,8,231
06/12/2004,CRW,WV,AEA,CE,Towers with Radar,0,85,26,2,113,0,3,14,0,17,0,88,40,2,130,24,12,36,166
06/13/2004,CRW,WV,AEA,CE,Towers with Radar,0,60,26,4,90,0,11,17,0,28,0,71,43,4,118,10,0,10,128
06/14/2004,CRW,WV,AEA,CE,Towers with Radar,0,88,33,4,125,0,5,21,0,26,0,93,54,4,151,2,0,2,153
06/15/2004,CRW,WV,AEA,CE,Towers with Radar,0,105,34,8,147,0,12,11,1,24,0,117,45,9,171,40,0,40,211
06/16/2004,CRW,WV,AEA,CE,Towers with Radar,0,110,41,17,168,0,5,8,0,13,0,115,49,17,181,18,16,34,215
06/17/2004,CRW,WV,AEA,CE,Towers with Radar,1,100,42,1,144,0,24,41,3,68,1,124,83,4,212,12,0,12,224
06/18/2004,CRW,WV,AEA,CE,Towers with Radar,0,120,41,4,165,0,26,23,0,49,0,146,64,4,214,46,0,46,260
06/19/2004,CRW,WV,AEA,CE,Towers with Radar,1,82,25,0,108,0,13,26,0,39,1,95,51,0,147,38,0,38,185
06/20/2004,CRW,WV,AEA,CE,Towers with Radar,0,66,16,0,82,0,18,94,0,112,0,84,110,0,194,32,0,32,226
06/21/2004,CRW,WV,AEA,CE,Towers with Radar,0,86,31,1,118,0,16,44,0,60,0,102,75,1,178,40,0,40,218
06/22/2004,CRW,WV,AEA,CE,Towers with Radar,0,108,51,10,169,0,8,34,0,42,0,116,85,10,211,38,0,38,249
06/23/2004,CRW,WV,AEA,CE,Towers with Radar,0,114,57,17,188,0,12,44,0,56,0,126,101,17,244,52,12,64,308
06/24/2004,CRW,WV,AEA,CE,Towers with Radar,0,118,41,18,177,0,28,71,2,101,0,146,112,20,278,90,2,92,370
06/25/2004,CRW,WV,AEA,CE,Towers with Radar,0,105,44,0,149,0,16,27,0,43,0,121,71,0,192,82,0,82,274
06/26/2004,CRW,WV,AEA,CE,Towers with Radar,1,103,54,2,160,0,26,42,0,68,1,129,96,2,228,42,0,42,270
06/27/2004,CRW,WV,AEA,CE,Towers with Radar,0,64,28,5,97,0,26,61,0,87,0,90,89,5,184,16,4,20,204
06/28/2004,CRW,WV,AEA,CE,Towers with Radar,2,86,40,1,129,0,22,59,2,83,2,108,99,3,212,126,0,126,338
06/29/2004,CRW,WV,AEA,CE,Towers with Radar,0,101,48,14,163,0,8,67,2,77,0,109,115,16,240,124,40,164,404
06/30/2004,CRW,WV,AEA,CE,Towers with Radar,0,112,53,4,169,0,37,42,5,84,0,149,95,9,253,62,6,68,321
07/01/2004,CRW,WV,AEA,CE,Towers with Radar,0,100,29,8,137,0,21,48,0,69,0,121,77,8,206,88,58,146,352
07/02/2004,CRW,WV,AEA,CE,Towers with Radar,0,111,50,8,169,0,37,39,1,77,0,148,89,9,246,96,8,104,350
07/03/2004,CRW,WV,AEA,CE,Towers with Radar,0,80,17,8,105,0,14,19,0,33,0,94,36,8,138,106,0,106,244
07/04/2004,CRW,WV,AEA,CE,Towers with Radar,3,61,16,22,102,0,26,8,1,35,3,87,24,23,137,20,0,20,157
07/05/2004,CRW,WV,AEA,CE,Towers with Radar,0,64,17,10,91,0,15,23,2,40,0,79,40,12,131,34,8,42,173
07/06/2004,CRW,WV,AEA,CE,Towers with Radar,0,86,42,6,134,0,9,44,0,53,0,95,86,6,187,118,4,122,309
07/07/2004,CRW,WV,AEA,CE,Towers with Radar,0,99,54,10,163,0,8,27,1,36,0,107,81,11,199,68,8,76,275
07/08/2004,CRW,WV,AEA,CE,Towers with Radar,0,108,43,10,161,0,14,67,3,84,0,122,110,13,245,74,24,98,343
07/09/2004,CRW,WV,AEA,CE,Towers with Radar,0,122,56,6,184,0,28,71,5,104,0,150,127,11,288,54,8,62,350
07/10/2004,CRW,WV,AEA,CE,Towers with Radar,1,82,52,3,138,0,8,23,0,31,1,90,75,3,169,64,0,64,233
07/11/2004,CRW,WV,AEA,CE,Towers with Radar,0,58,26,19,103,0,20,12,2,34,0,78,38,21,137,0,18,18,155
07/12/2004,CRW,WV,AEA,CE,Towers with Radar,0,93,76,3,172,0,18,43,1,62,0,111,119,4,234,44,0,44,278
07/13/2004,CRW,WV,AEA,CE,Towers with Radar,0,97,47,25,169,0,26,37,0,63,0,123,84,25,232,85,24,109,341
07/14/2004,CRW,WV,AEA,CE,Towers with Radar,0,105,34,12,151,0,12,24,10,46,0,117,58,22,197,44,0,44,241
07/15/2004,CRW,WV,AEA,CE,Towers with Radar,0,115,40,24,179,0,42,60,11,113,0,157,100,35,292,56,34,90,382
07/16/2004,CRW,WV,AEA,CE,Towers with Radar,0,112,36,24,172,0,61,62,4,127,0,173,98,28,299,168,10,178,477
07/17/2004,CRW,WV,AEA,CE,Towers with Radar,0,82,24,2,108,0,8,17,7,32,0,90,41,9,140,158,0,158,298
07/18/2004,CRW,WV,AEA,CE,Towers with Radar,0,83,41,3,127,0,7,11,0,18,0,90,52,3,145,2,0,2,147
07/19/2004,CRW,WV,AEA,CE,Towers with Radar,0,93,49,3,145,0,15,24,3,42,0,108,73,6,187,26,0,26,213
07/20/2004,CRW,WV,AEA,CE,Towers with Radar,0,115,40,3,158,0,6,51,3,60,0,121,91,6,218,52,2,54,272
07/21/2004,CRW,WV,AEA,CE,Towers with Radar,0,108,54,15,177,0,13,52,7,72,0,121,106,22,249,112,26,138,387
07/22/2004,CRW,WV,AEA,CE,Towers with Radar,0,108,50,16,174,0,3,8,0,11,0,111,58,16,185,0,8,8,193
07/23/2004,CRW,WV,AEA,CE,Towers with Radar,0,123,41,9,173,0,5,7,0,12,0,128,48,9,185,10,0,10,195
07/24/2004,CRW,WV,AEA,CE,Towers with Radar,0,91,31,4,126,0,24,50,3,77,0,115,81,7,203,49,0,49,252
07/25/2004,CRW,WV,AEA,CE,Towers with Radar,2,72,30,4,108,0,13,29,1,43,2,85,59,5,151,30,0,30,181
07/26/2004,CRW,WV,AEA,CE,Towers with Radar,0,93,40,3,136,0,16,21,3,40,0,109,61,6,176,52,0,52,228
07/27/2004,CRW,WV,AEA,CE,Towers with Radar,0,117,33,6,156,0,0,23,1,24,0,117,56,7,180,50,0,50,230
07/28/2004,CRW,WV,AEA,CE,Towers with Radar,0,116,64,18,198,0,27,36,24,87,0,143,100,42,285,52,0,52,337
07/29/2004,CRW,WV,AEA,CE,Towers with Radar,0,127,55,22,204,0,22,71,23,116,0,149,126,45,320,128,24,152,472
07/30/2004,CRW,WV,AEA,CE,Towers with Radar,0,140,57,4,201,0,8,28,11,47,0,148,85,15,248,36,0,36,284
07/31/2004,CRW,WV,AEA,CE,Towers with Radar,0,93,46,0,139,0,23,13,0,36,0,116,59,0,175,94,0,94,269
08/01/2004,CRW,WV,AEA,CE,Towers with Radar,0,76,39,4,119,0,18,22,0,40,0,94,61,4,159,22,0,22,181
08/02/2004,CRW,WV,AEA,CE,Towers with Radar,0,94,30,0,124,0,26,41,0,67,0,120,71,0,191,12,0,12,203
08/03/2004,CRW,WV,AEA,CE,Towers with Radar,0,107,28,1,136,0,5,29,0,34,0,112,57,1,170,62,0,62,232
08/04/2004,CRW,WV,AEA,CE,Towers with Radar,0,118,53,0,171,0,8,45,4,57,0,126,98,4,228,42,10,52,280
08/05/2004,CRW,WV,AEA,CE,Towers with Radar,0,122,39,22,183,0,12,16,0,28,0,134,55,22,211,18,2,20,231
08/06/2004,CRW,WV,AEA,CE,Towers with Radar,0,124,33,12,169,0,16,77,0,93,0,140,110,12,262,106,0,106,368
08/07/2004,CRW,WV,AEA,CE,Towers with Radar,0,99,31,4,134,0,20,82,4,106,0,119,113,8,240,86,14,100,340
08/08/2004,CRW,WV,AEA,CE,Towers with Radar,0,64,36,1,101,0,39,53,6,98,0,103,89,7,199,44,0,44,243
08/09/2004,CRW,WV,AEA,CE,Towers with Radar,1,97,32,0,130,0,9,43,1,53,1,106,75,1,183,38,0,38,221
08/10/2004,CRW,WV,AEA,CE,Towers with Radar,0,111,31,5,147,0,14,41,0,55,0,125,72,5,202,146,0,146,348
08/11/2004,CRW,WV,AEA,CE,Towers with Radar,0,126,46,22,194,0,14,57,2,73,0,140,103,24,267,90,56,146,413
08/12/2004,CRW,WV,AEA,CE,Towers with Radar,2,101,45,3,151,0,8,3,0,11,2,109,48,3,162,0,0,0,162
08/13/2004,CRW,WV,AEA,CE,Towers with Radar,1,117,33,4,155,0,20,22,3,45,1,137,55,7,200,48,0,48,248
08/14/2004,CRW,WV,AEA,CE,Towers with Radar,0,87,29,0,116,0,20,40,3,63,0,107,69,3,179,34,10,44,223
08/15/2004,CRW,WV,AEA,CE,Towers with Radar,0,75,21,9,105,0,25,41,0,66,0,100,62,9,171,36,0,36,207
08/16/2004,CRW,WV,AEA,CE,Towers with Radar,1,108,32,12,153,0,21,32,0,53,1,129,64,12,206,32,0,32,238
08/17/2004,CRW,WV,AEA,CE,Towers with Radar,0,108,56,7,171,0,9,47,0,56,0,117,103,7,227,14,0,14,241
08/18/2004,CRW,WV,AEA,CE,Towers with Radar,0,138,46,4,188,0,14,56,0,70,0,152,102,4,258,81,0,81,339
08/19/2004,CRW,WV,AEA,CE,Towers with Radar,0,131,35,12,178,0,27,26,1,54,0,158,61,13,232,31,0,31,263
08/20/2004,CRW,WV,AEA,CE,Towers with Radar,0,111,36,1,148,0,6,40,1,47,0,117,76,2,195,56,0,56,251
08/21/2004,CRW,WV,AEA,CE,Towers with Radar,1,102,16,4,123,0,7,4,0,11,1,109,20,4,134,0,0,0,134
08/22/2004,CRW,WV,AEA,CE,Towers with Radar,0,68,44,8,120,0,9,37,1,47,0,77,81,9,167,48,0,48,215
08/23/2004,CRW,WV,AEA,CE,Towers with Radar,0,104,28,10,142,0,22,53,0,75,0,126,81,10,217,50,0,50,267
08/24/2004,CRW,WV,AEA,CE,Towers with Radar,0,114,50,6,170,0,10,38,2,50,0,124,88,8,220,34,0,34,254
08/25/2004,CRW,WV,AEA,CE,Towers with Radar,0,112,57,0,169,0,5,31,0,36,0,117,88,0,205,32,0,32,237
08/26/2004,CRW,WV,AEA,CE,Towers with Radar,0,119,40,7,166,0,6,43,3,52,0,125,83,10,218,102,0,102,320
08/27/2004,CRW,WV,AEA,CE,Towers with Radar,3,126,57,30,216,0,19,23,4,46,3,145,80,34,262,40,14,54,316
08/28/2004,CRW,WV,AEA,CE,Towers with Radar,0,83,35,9,127,0,20,19,1,40,0,103,54,10,167,48,0,48,215
08/29/2004,CRW,WV,AEA,CE,Towers with Radar,2,76,36,3,117,0,11,10,0,21,2,87,46,3,138,38,0,38,176
08/30/2004,CRW,WV,AEA,CE,Towers with Radar,0,96,35,17,148,0,2,10,0,12,0,98,45,17,160,0,0,0,160
08/31/2004,CRW,WV,AEA,CE,Towers with Radar,0,116,52,5,173,0,3,38,1,42,0,119,90,6,215,56,2,58,273
09/01/2004,CRW,WV,AEA,CE,Towers with Radar,0,120,51,14,185,0,4,52,0,56,0,124,103,14,241,112,12,124,365
09/02/2004,CRW,WV,AEA,CE,Towers with Radar,0,117,65,4,186,0,13,49,0,62,0,130,114,4,248,50,0,50,298
09/03/2004,CRW,WV,AEA,CE,Towers with Radar,0,124,45,3,172,0,6,50,1,57,0,130,95,4,229,38,20,58,287
09/04/2004,CRW,WV,AEA,CE,Towers with Radar,0,85,22,0,107,0,18,49,2,69,0,103,71,2,176,64,0,64,240
09/05/2004,CRW,WV,AEA,CE,Towers with Radar,0,69,16,8,93,0,13,26,5,44,0,82,42,13,137,4,0,4,141
09/06/2004,CRW,WV,AEA,CE,Towers with Radar,2,75,37,2,116,0,6,60,0,66,2,81,97,2,182,68,0,68,250
09/07/2004,CRW,WV,AEA,CE,Towers with Radar,0,99,31,9,139,0,17,14,1,32,0,116,45,10,171,44,0,44,215
09/08/2004,CRW,WV,AEA,CE,Towers with Radar,0,123,23,0,146,0,0,0,0,0,0,123,23,0,146,0,0,0,146
09/09/2004,CRW,WV,AEA,CE,Towers with Radar,0,119,33,9,161,0,7,33,1,41,0,126,66,10,202,4,28,32,234
09/10/2004,CRW,WV,AEA,CE,Towers with Radar,0,132,51,12,195,0,4,21,3,28,0,136,72,15,223,20,4,24,247
09/11/2004,CRW,WV,AEA,CE,Towers with Radar,0,90,37,12,139,0,14,27,2,43,0,104,64,14,182,20,0,20,202
09/12/2004,CRW,WV,AEA,CE,Towers with Radar,0,66,44,7,117,0,6,52,0,58,0,72,96,7,175,149,0,149,324
09/13/2004,CRW,WV,AEA,CE,Towers with Radar,0,103,65,9,177,0,19,39,1,59,0,122,104,10,236,38,16,54,290
09/14/2004,CRW,WV,AEA,CE,Towers with Radar,0,112,46,0,158,0,15,34,0,49,0,127,80,0,207,60,0,60,267
09/15/2004,CRW,WV,AEA,CE,Towers with Radar,0,131,30,2,163,0,19,43,3,65,0,150,73,5,228,70,16,86,314
09/16/2004,CRW,WV,AEA,CE,Towers with Radar,2,118,45,19,184,0,23,24,0,47,2,141,69,19,231,26,6,32,263
09/17/2004,CRW,WV,AEA,CE,Towers with Radar,0,112,19,3,134,0,0,4,0,4,0,112,23,3,138,0,0,0,138
09/18/2004,CRW,WV,AEA,CE,Towers with Radar,0,101,24,7,132,0,6,26,5,37,0,107,50,12,169,20,0,20,189
09/19/2004,CRW,WV,AEA,CE,Towers with Radar,0,73,18,3,94,0,18,47,2,67,0,91,65,5,161,50,0,50,211
09/20/2004,CRW,WV,AEA,CE,Towers with Radar,0,103,48,3,154,0,17,43,9,69,0,120,91,12,223,56,0,56,279
09/21/2004,CRW,WV,AEA,CE,Towers with Radar,0,114,46,7,167,0,13,57,4,74,0,127,103,11,241,132,0,132,373
09/22/2004,CRW,WV,AEA,CE,Towers with Radar,0,145,58,6,209,0,6,58,15,79,0,151,116,21,288,120,0,120,408
09/23/2004,CRW,WV,AEA,CE,Towers with Radar,0,130,50,4,184,0,17,44,4,65,0,147,94,8,249,52,0,52,301
09/24/2004,CRW,WV,AEA,CE,Towers with Radar,0,132,54,4,190,0,20,62,12,94,0,152,116,16,284,21,11,32,316
09/25/2004,CRW,WV,AEA,CE,Towers with Radar,0,95,17,3,115,0,15,24,4,43,0,110,41,7,158,22,0,22,180
09/26/2004,CRW,WV,AEA,CE,Towers with Radar,0,70,46,1,117,0,16,31,0,47,0,86,77,1,164,110,0,110,274
09/27/2004,CRW,WV,AEA,CE,Towers with Radar,0,95,38,0,133,0,20,24,1,45,0,115,62,1,178,6,0,6,184
09/28/2004,CRW,WV,AEA,CE,Towers with Radar,0,117,20,1,138,0,10,1,0,11,0,127,21,1,149,0,0,0,149
09/29/2004,CRW,WV,AEA,CE,Towers with Radar,0,136,48,1,185,0,5,10,3,18,0,141,58,4,203,92,0,92,295
09/30/2004,CRW,WV,AEA,CE,Towers with Radar,0,129,59,15,203,0,9,14,1,24,0,138,73,16,227,38,2,40,267
10/01/2004,CRW,WV,AEA,CE,Towers with Radar,0,122,53,8,183,0,16,57,5,78,0,138,110,13,261,60,18,78,339
10/02/2004,CRW,WV,AEA,CE,Towers with Radar,0,98,14,2,114,0,28,7,0,35,0,126,21,2,149,0,0,0,149
10/03/2004,CRW,WV,AEA,CE,Towers with Radar,0,75,21,8,104,0,11,43,0,54,0,86,64,8,158,86,0,86,244
10/04/2004,CRW,WV,AEA,CE,Towers with Radar,0,108,32,12,152,0,6,37,1,44,0,114,69,13,196,56,10,66,262
10/05/2004,CRW,WV,AEA,CE,Towers with Radar,0,111,53,7,171,0,27,66,4,97,0,138,119,11,268,44,0,44,312
10/06/2004,CRW,WV,AEA,CE,Towers with Radar,0,124,52,2,178,0,21,56,1,78,0,145,108,3,256,2,0,2,258
10/07/2004,CRW,WV,AEA,CE,Towers with Radar,0,132,41,20,193,0,26,43,0,69,0,158,84,20,262,56,2,58,320
10/08/2004,CRW,WV,AEA,CE,Towers with Radar,0,113,42,6,161,0,37,60,2,99,0,150,102,8,260,6,16,22,282
10/09/2004,CRW,WV,AEA,CE,Towers with Radar,0,100,28,2,130,0,27,26,0,53,0,127,54,2,183,12,0,12,195
10/10/2004,CRW,WV,AEA,CE,Towers with Radar,0,78,28,8,114,0,15,47,0,62,0,93,75,8,176,66,0,66,242
10/11/2004,CRW,WV,AEA,CE,Towers with Radar,0,86,44,0,130,6,19,32,0,57,6,105,76,0,187,36,0,36,223
10/12/2004,CRW,WV,AEA,CE,Towers with Radar,0,106,49,14,169,0,26,45,2,73,0,132,94,16,242,12,0,12,254
10/13/2004,CRW,WV,AEA,CE,Towers with Radar,0,118,50,3,171,0,11,6,2,19,0,129,56,5,190,5,0,5,195
10/14/2004,CRW,WV,AEA,CE,Towers with Radar,0,126,48,4,178,0,0,6,7,13,0,126,54,11,191,10,0,10,201
10/15/2004,CRW,WV,AEA,CE,Towers with Radar,0,122,48,12,182,0,5,17,2,24,0,127,65,14,206,36,6,42,248
10/16/2004,CRW,WV,AEA,CE,Towers with Radar,0,95,12,0,107,0,11,7,0,18,0,106,19,0,125,0,0,0,125
10/17/2004,CRW,WV,AEA,CE,Towers with Radar,0,67,29,4,100,0,10,31,0,41,0,77,60,4,141,20,0,20,161
10/18/2004,CRW,WV,AEA,CE,Towers with Radar,0,101,33,2,136,0,18,18,0,36,0,119,51,2,172,0,0,0,172
10/19/2004,CRW,WV,AEA,CE,Towers with Radar,0,104,53,7,164,0,17,4,0,21,0,121,57,7,185,0,0,0,185
10/20/2004,CRW,WV,AEA,CE,Towers with Radar,0,106,42,11,159,0,6,8,0,14,0,112,50,11,173,8,30,38,211
10/21/2004,CRW,WV,AEA,CE,Towers with Radar,0,126,56,51,233,0,12,10,1,23,0,138,66,52,256,6,2,8,264
10/22/2004,CRW,WV,AEA,CE,Towers with Radar,1,120,49,14,184,0,13,25,0,38,1,133,74,14,222,28,0,28,250
10/23/2004,CRW,WV,AEA,CE,Towers with Radar,0,94,24,0,118,0,8,17,4,29,0,102,41,4,147,32,0,32,179
10/24/2004,CRW,WV,AEA,CE,Towers with Radar,0,90,30,0,120,0,0,7,0,7,0,90,37,0,127,12,0,12,139
10/25/2004,CRW,WV,AEA,CE,Towers with Radar,1,95,38,11,145,0,1,39,0,40,1,96,77,11,185,20,0,20,205
10/26/2004,CRW,WV,AEA,CE,Towers with Radar,0,110,51,3,164,0,7,62,1,70,0,117,113,4,234,8,4,12,246
10/27/2004,CRW,WV,AEA,CE,Towers with Radar,0,116,37,7,160,0,2,6,1,9,0,118,43,8,169,0,0,0,169
10/28/2004,CRW,WV,AEA,CE,Towers with Radar,0,93,47,21,161,0,4,14,1,19,0,97,61,22,180,8,12,20,200
10/29/2004,CRW,WV,AEA,CE,Towers with Radar,1,125,32,27,185,0,11,33,5,49,1,136,65,32,234,0,30,30,264
10/30/2004,CRW,WV,AEA,CE,Towers with Radar,0,97,21,0,118,0,7,8,2,17,0,104,29,2,135,46,0,46,181
10/31/2004,CRW,WV,AEA,CE,Towers with Radar,0,66,18,12,96,0,16,23,0,39,0,82,41,12,135,2,0,2,137
11/01/2004,CRW,WV,AEA,CE,Combined TRACON& Tower with Radar,0,92,20,2,114,0,19,13,0,32,0,111,33,2,146,22,0,22,168
11/02/2004,CRW,WV,AEA,CE,Combined TRACON& Tower with Radar,0,120,28,4,152,0,2,16,0,18,0,122,44,4,170,14,0,14,184
11/03/2004,CRW,WV,AEA,CE,Combined TRACON& Tower with Radar,0,134,38,27,199,0,9,14,0,23,0,143,52,27,222,2,0,2,224
11/04/2004,CRW,WV,AEA,CE,Combined TRACON& Tower with Radar,0,112,37,10,159,0,8,4,0,12,0,120,41,10,171,0,4,4,175
11/05/2004,CRW,WV,AEA,CE,Combined TRACON& Tower with Radar,0,124,32,16,172,0,15,25,4,44,0,139,57,20,216,2,44,46,262
11/06/2004,CRW,WV,AEA,CE,Combined TRACON& Tower with Radar,0,100,12,8,120,0,13,42,0,55,0,113,54,8,175,46,0,46,221
11/07/2004,CRW,WV,AEA,CE,Combined TRACON& Tower with Radar,0,69,32,6,107,0,8,38,1,47,0,77,70,7,154,50,8,58,212
11/08/2004,CRW,WV,AEA,CE,Combined TRACON& Tower with Radar,0,105,43,5,153,0,6,44,1,51,0,111,87,6,204,64,0,64,268
11/09/2004,CRW,WV,AEA,CE,Combined TRACON& Tower with Radar,0,114,57,12,183,0,14,51,1,66,0,128,108,13,249,8,0,8,257
11/10/2004,CRW,WV,AEA,CE,Combined TRACON& Tower with Radar,0,129,37,7,173,0,25,43,9,77,0,154,80,16,250,16,28,44,294
11/11/2004,CRW,WV,AEA,CE,Combined TRACON& Tower with Radar,0,117,38,0,155,0,7,14,0,21,0,124,52,0,176,0,0,0,176
11/12/2004,CRW,WV,AEA,CE,Combined TRACON& Tower with Radar,2,104,19,0,125,0,0,0,0,0,2,104,19,0,125,0,0,0,125
11/13/2004,CRW,WV,AEA,CE,Combined TRACON& Tower with Radar,0,96,35,0,131,0,6,20,0,26,0,102,55,0,157,0,0,0,157
11/14/2004,CRW,WV,AEA,CE,Combined TRACON& Tower with Radar,0,72,31,0,103,0,20,39,0,59,0,92,70,0,162,0,0,0,162
11/15/2004,CRW,WV,AEA,CE,Combined TRACON& Tower with Radar,2,107,32,0,141,0,0,0,0,0,2,107,32,0,141,24,0,24,165
11/16/2004,CRW,WV,AEA,CE,Combined TRACON& Tower with Radar,0,116,39,18,173,0,7,18,1,26,0,123,57,19,199,0,12,12,211
11/17/2004,CRW,WV,AEA,CE,Combined TRACON& Tower with Radar,0,126,63,14,203,0,12,39,2,53,0,138,102,16,256,60,36,96,352
11/18/2004,CRW,WV,AEA,CE,Combined TRACON& Tower with Radar,0,126,47,8,181,0,0,0,0,0,0,126,47,8,181,0,0,0,181
11/19/2004,CRW,WV,AEA,CE,Combined TRACON& Tower with Radar,0,120,39,0,159,0,5,2,0,7,0,125,41,0,166,0,0,0,166
11/20/2004,CRW,WV,AEA,CE,Combined TRACON& Tower with Radar,0,106,17,7,130,0,0,10,0,10,0,106,27,7,140,36,0,36,176
11/21/2004,CRW,WV,AEA,CE,Combined TRACON& Tower with Radar,0,81,7,1,89,0,0,2,0,2,0,81,9,1,91,0,0,0,91
11/22/2004,CRW,WV,AEA,CE,Combined TRACON& Tower with Radar,0,89,31,1,121,0,6,16,2,24,0,95,47,3,145,20,0,20,165
11/23/2004,CRW,WV,AEA,CE,Combined TRACON& Tower with Radar,0,129,43,4,176,0,7,12,0,19,0,136,55,4,195,26,10,36,231
11/24/2004,CRW,WV,AEA,CE,Combined TRACON& Tower with Radar,0,123,18,0,141,0,19,36,0,55,0,142,54,0,196,4,0,4,200
11/25/2004,CRW,WV,AEA,CE,Combined TRACON& Tower with Radar,0,110,9,3,122,0,7,0,0,7,0,117,9,3,129,0,0,0,129
11/26/2004,CRW,WV,AEA,CE,Combined TRACON& Tower with Radar,0,77,22,1,100,0,23,29,2,54,0,100,51,3,154,46,0,46,200
11/27/2004,CRW,WV,AEA,CE,Combined TRACON& Tower with Radar,0,93,19,0,112,0,30,12,2,44,0,123,31,2,156,54,0,54,210
11/28/2004,CRW,WV,AEA,CE,Combined TRACON& Tower with Radar,0,79,25,0,104,0,5,11,0,16,0,84,36,0,120,0,0,0,120
11/29/2004,CRW,WV,AEA,CE,Combined TRACON& Tower with Radar,1,100,42,5,148,0,4,25,0,29,1,104,67,5,177,22,2,24,201
11/30/2004,CRW,WV,AEA,CE,Combined TRACON& Tower with Radar,0,131,41,9,181,0,18,13,0,31,0,149,54,9,212,0,2,2,214
12/01/2004,CRW,WV,AEA,CE,Combined TRACON& Tower with Radar,0,138,33,2,173,0,0,3,0,3,0,138,36,2,176,16,12,28,204
12/02/2004,CRW,WV,AEA,CE,Combined TRACON& Tower with Radar,0,139,35,13,187,0,8,45,0,53,0,147,80,13,240,68,8,76,316
12/03/2004,CRW,WV,AEA,CE,Combined TRACON& Tower with Radar,0,131,39,19,189,0,34,35,4,73,0,165,74,23,262,14,42,56,318
12/04/2004,CRW,WV,AEA,CE,Combined TRACON& Tower with Radar,0,105,28,3,136,0,25,43,2,70,0,130,71,5,206,20,0,20,226
12/05/2004,CRW,WV,AEA,CE,Combined TRACON& Tower with Radar,0,72,25,2,99,0,12,45,0,57,0,84,70,2,156,36,0,36,192
12/06/2004,CRW,WV,AEA,CE,Combined TRACON& Tower with Radar,0,91,28,0,119,0,6,4,0,10,0,97,32,0,129,0,0,0,129
12/07/2004,CRW,WV,AEA,CE,Combined TRACON& Tower with Radar,0,118,33,6,157,0,4,2,0,6,0,122,35,6,163,2,0,2,165
12/08/2004,CRW,WV,AEA,CE,Combined TRACON& Tower with Radar,0,130,42,17,189,0,12,37,4,53,0,142,79,21,242,16,6,22,264
12/09/2004,CRW,WV,AEA,CE,Combined TRACON& Tower with Radar,0,132,44,16,192,0,9,32,4,45,0,141,76,20,237,0,0,0,237
12/10/2004,CRW,WV,AEA,CE,Combined TRACON& Tower with Radar,0,130,7,9,146,0,7,38,0,45,0,137,45,9,191,0,12,12,203
12/11/2004,CRW,WV,AEA,CE,Combined TRACON& Tower with Radar,0,96,7,1,104,0,5,2,1,8,0,101,9,2,112,0,0,0,112
12/12/2004,CRW,WV,AEA,CE,Combined TRACON& Tower with Radar,0,92,14,3,109,0,7,5,1,13,0,99,19,4,122,0,0,0,122
12/13/2004,CRW,WV,AEA,CE,Combined TRACON& Tower with Radar,0,96,36,2,134,0,3,5,0,8,0,99,41,2,142,0,11,11,153
12/14/2004,CRW,WV,AEA,CE,Combined TRACON& Tower with Radar,0,116,28,7,151,0,8,12,0,20,0,124,40,7,171,0,10,10,181
12/15/2004,CRW,WV,AEA,CE,Combined TRACON& Tower with Radar,0,124,57,12,193,0,14,51,0,65,0,138,108,12,258,34,0,34,292
12/16/2004,CRW,WV,AEA,CE,Combined TRACON& Tower with Radar,0,110,46,8,164,0,30,29,0,59,0,140,75,8,223,112,8,120,343
12/17/2004,CRW,WV,AEA,CE,Combined TRACON& Tower with Radar,0,116,60,13,189,0,23,25,0,48,0,139,85,13,237,68,24,92,329
12/18/2004,CRW,WV,AEA,CE,Combined TRACON& Tower with Radar,0,112,17,0,129,0,20,46,0,66,0,132,63,0,195,76,0,76,271
12/19/2004,CRW,WV,AEA,CE,Combined TRACON& Tower with Radar,0,70,5,2,77,0,0,2,0,2,0,70,7,2,79,8,0,8,87
12/20/2004,CRW,WV,AEA,CE,Combined TRACON& Tower with Radar,0,96,38,4,138,0,13,14,2,29,0,109,52,6,167,0,2,2,169
12/21/2004,CRW,WV,AEA,CE,Combined TRACON& Tower with Radar,0,117,16,1,134,0,8,13,0,21,0,125,29,1,155,0,0,0,155
12/22/2004,CRW,WV,AEA,CE,Combined TRACON& Tower with Radar,0,118,31,4,153,0,29,18,13,60,0,147,49,17,213,14,0,14,227
12/23/2004,CRW,WV,AEA,CE,Combined TRACON& Tower with Radar,0,90,10,2,102,0,12,2,0,14,0,102,12,2,116,0,0,0,116
12/24/2004,CRW,WV,AEA,CE,Combined TRACON& Tower with Radar,0,103,8,3,114,0,15,7,0,22,0,118,15,3,136,0,0,0,136
12/25/2004,CRW,WV,AEA,CE,Combined TRACON& Tower with Radar,0,58,5,0,63,0,14,2,0,16,0,72,7,0,79,0,0,0,79
12/26/2004,CRW,WV,AEA,CE,Combined TRACON& Tower with Radar,0,66,27,0,93,0,17,18,0,35,0,83,45,0,128,2,0,2,130
12/27/2004,CRW,WV,AEA,CE,Combined TRACON& Tower with Radar,0,81,21,2,104,0,4,13,0,17,0,85,34,2,121,24,0,24,145
12/28/2004,CRW,WV,AEA,CE,Combined TRACON& Tower with Radar,0,108,31,1,140,0,21,31,1,53,0,129,62,2,193,48,0,48,241
12/29/2004,CRW,WV,AEA,CE,Combined TRACON& Tower with Radar,0,112,17,9,138,0,24,16,0,40,0,136,33,9,178,20,36,56,234
12/30/2004,CRW,WV,AEA,CE,Combined TRACON& Tower with Radar,0,116,38,0,154,0,7,26,0,33,0,123,64,0,187,56,0,56,243
12/31/2004,CRW,WV,AEA,CE,Combined TRACON& Tower with Radar,0,117,21,0,138,0,35,8,0,43,0,152,29,0,181,67,0,67,248
01/01/2005,CRW,WV,AEA,CE,Combined TRACON& Tower with Radar,0,72,1,0,73,0,0,0,0,0,0,72,1,0,73,0,0,0,73
01/02/2005,CRW,WV,AEA,CE,Combined TRACON& Tower with Radar,0,67,33,2,102,0,0,0,0,0,0,67,33,2,102,38,0,38,140
01/03/2005,CRW,WV,AEA,CE,Combined TRACON& Tower with Radar,0,97,40,3,140,0,6,12,0,18,0,103,52,3,158,0,0,0,158
01/04/2005,CRW,WV,AEA,CE,Combined TRACON& Tower with Radar,0,109,21,2,132,0,16,3,0,19,0,125,24,2,151,0,0,0,151
01/05/2005,CRW,WV,AEA,CE,Combined TRACON& Tower with Radar,0,112,35,11,158,0,7,6,0,13,0,119,41,11,171,12,14,26,197
01/06/2005,CRW,WV,AEA,CE,Combined TRACON& Tower with Radar,0,119,32,5,156,0,6,6,0,12,0,125,38,5,168,0,8,8,176
01/07/2005,CRW,WV,AEA,CE,Combined TRACON& Tower with Radar,0,126,41,2,169,0,10,32,9,51,0,136,73,11,220,16,0,16,236
01/08/2005,CRW,WV,AEA,CE,Combined TRACON& Tower with Radar,0,103,9,8,120,0,12,0,9,21,0,115,9,17,141,0,0,0,141
01/09/2005,CRW,WV,AEA,CE,Combined TRACON& Tower with Radar,0,67,18,3,88,0,9,36,0,45,0,76,54,3,133,34,0,34,167
01/10/2005,CRW,WV,AEA,CE,Combined TRACON& Tower with Radar,0,98,34,10,142,0,18,27,1,46,0,116,61,11,188,12,8,20,208
01/11/2005,CRW,WV,AEA,CE,Combined TRACON& Tower with Radar,0,105,37,4,146,0,15,14,3,32,0,120,51,7,178,0,6,6,184
01/12/2005,CRW,WV,AEA,CE,Combined TRACON& Tower with Radar,0,133,36,10,179,0,19,43,0,62,0,152,79,10,241,26,60,86,327
01/13/2005,CRW,WV,AEA,CE,Combined TRACON& Tower with Radar,0,122,23,4,149,0,19,14,0,33,0,141,37,4,182,8,0,8,190
01/14/2005,CRW,WV,AEA,CE,Combined TRACON& Tower with Radar,0,121,33,7,161,0,4,14,0,18,0,125,47,7,179,22,0,22,201
01/15/2005,CRW,WV,AEA,CE,Combined TRACON& Tower with Radar,0,101,18,0,119,0,12,24,1,37,0,113,42,1,156,34,0,34,190
01/16/2005,CRW,WV,AEA,CE,Combined TRACON& Tower with Radar,0,66,16,5,87,0,10,12,0,22,0,76,28,5,109,87,0,87,196
01/17/2005,CRW,WV,AEA,CE,Combined TRACON& Tower with Radar,0,87,36,7,130,0,0,12,2,14,0,87,48,9,144,16,12,28,172
01/18/2005,CRW,WV,AEA,CE,Combined TRACON& Tower with Radar,0,94,29,3,126,0,14,25,3,42,0,108,54,6,168,18,20,38,206
01/19/2005,CRW,WV,AEA,CE,Combined TRACON& Tower with Radar,0,122,32,2,156,0,20,2,0,22,0,142,34,2,178,0,0,0,178
01/20/2005,CRW,WV,AEA,CE,Combined TRACON& Tower with Radar,0,113,34,19,166,0,10,0,0,10,0,123,34,19,176,0,0,0,176
01/21/2005,CRW,WV,AEA,CE,Combined TRACON& Tower with Radar,0,124,38,9,171,0,5,17,0,22,0,129,55,9,193,56,0,56,249
01/22/2005,CRW,WV,AEA,CE,Combined TRACON& Tower with Radar,0,83,8,3,94,0,2,0,0,2,0,85,8,3,96,0,0,0,96
01/23/2005,CRW,WV,AEA,CE,Combined TRACON& Tower with Radar,0,60,4,3,67,0,8,0,0,8,0,68,4,3,75,0,0,0,75
01/24/2005,CRW,WV,AEA,CE,Combined TRACON& Tower with Radar,0,94,14,0,108,0,5,12,0,17,0,99,26,0,125,94,0,94,219
01/25/2005,CRW,WV,AEA,CE,Combined TRACON& Tower with Radar,0,112,34,6,152,0,6,13,1,20,0,118,47,7,172,10,20,30,202
01/26/2005,CRW,WV,AEA,CE,Combined TRACON& Tower with Radar,0,126,41,15,182,0,1,19,1,21,0,127,60,16,203,12,14,26,229
01/27/2005,CRW,WV,AEA,CE,Combined TRACON& Tower with Radar,0,110,41,12,163,0,9,28,0,37,0,119,69,12,200,0,18,18,218
01/28/2005,CRW,WV,AEA,CE,Combined TRACON& Tower with Radar,0,122,39,16,177,0,4,44,8,56,0,126,83,24,233,10,4,14,247
01/29/2005,CRW,WV,AEA,CE,Combined TRACON& Tower with Radar,0,87,4,0,91,0,10,0,0,10,0,97,4,0,101,0,0,0,101
01/30/2005,CRW,WV,AEA,CE,Combined TRACON& Tower with Radar,0,49,12,0,61,0,1,0,0,1,0,50,12,0,62,0,0,0,62
01/31/2005,CRW,WV,AEA,CE,Combined TRACON& Tower with Radar,0,101,18,6,125,0,6,8,0,14,0,107,26,6,139,10,4,14,153
02/01/2005,CRW,WV,AEA,CE,Combined TRACON& Tower with Radar,0,108,39,18,165,0,0,19,1,20,0,108,58,19,185,10,8,18,203
02/02/2005,CRW,WV,AEA,CE,Combined TRACON& Tower with Radar,0,124,29,12,165,0,13,36,0,49,0,137,65,12,214,0,8,8,222
02/03/2005,CRW,WV,AEA,CE,Combined TRACON& Tower with Radar,0,112,18,6,136,0,6,0,16,22,0,118,18,22,158,0,0,0,158
02/04/2005,CRW,WV,AEA,CE,Combined TRACON& Tower with Radar,0,120,26,19,165,0,8,25,1,34,0,128,51,20,199,30,20,50,249
02/05/2005,CRW,WV,AEA,CE,Combined TRACON& Tower with Radar,0,100,21,3,124,0,17,40,0,57,0,117,61,3,181,38,2,40,221
02/06/2005,CRW,WV,AEA,CE,Combined TRACON& Tower with Radar,0,65,9,4,78,0,24,33,0,57,0,89,42,4,135,26,1,27,162
02/07/2005,CRW,WV,AEA,CE,Combined TRACON& Tower with Radar,0,89,26,7,122,1,9,23,4,37,1,98,49,11,159,30,0,30,189
02/08/2005,CRW,WV,AEA,CE,Combined TRACON& Tower with Radar,2,111,29,9,151,0,8,13,0,21,2,119,42,9,172,2,0,2,174
02/09/2005,CRW,WV,AEA,CE,Combined TRACON& Tower with Radar,0,138,37,27,202,0,0,16,0,16,0,138,53,27,218,22,0,22,240
02/10/2005,CRW,WV,AEA,CE,Combined TRACON& Tower with Radar,0,125,47,4,176,0,0,4,0,4,0,125,51,4,180,2,0,2,182
02/11/2005,CRW,WV,AEA,CE,Combined TRACON& Tower with Radar,2,122,31,15,170,0,0,17,0,17,2,122,48,15,187,10,0,10,197
02/12/2005,CRW,WV,AEA,CE,Combined TRACON& Tower with Radar,0,98,22,9,129,0,3,24,3,30,0,101,46,12,159,14,0,14,173
02/13/2005,CRW,WV,AEA,CE,Combined TRACON& Tower with Radar,2,62,20,2,86,0,9,18,0,27,2,71,38,2,113,22,0,22,135
02/14/2005,CRW,WV,AEA,CE,Combined TRACON& Tower with Radar,0,97,25,4,126,0,4,10,0,14,0,101,35,4,140,0,0,0,140
02/15/2005,CRW,WV,AEA,CE,Combined TRACON& Tower with Radar,0,116,41,14,171,0,22,45,6,73,0,138,86,20,244,2,52,54,298
02/16/2005,CRW,WV,AEA,CE,Combined TRACON& Tower with Radar,0,124,31,0,155,0,35,13,0,48,0,159,44,0,203,0,0,0,203
02/17/2005,CRW,WV,AEA,CE,Combined TRACON& Tower with Radar,0,117,31,16,164,0,9,24,0,33,0,126,55,16,197,26,38,64,261
02/18/2005,CRW,WV,AEA,CE,Combined TRACON& Tower with Radar,1,118,38,3,160,0,19,22,1,42,1,137,60,4,202,0,12,12,214
02/19/2005,CRW,WV,AEA,CE,Combined TRACON& Tower with Radar,0,101,16,3,120,0,21,41,0,62,0,122,57,3,182,18,18,36,218
02/20/2005,CRW,WV,AEA,CE,Combined TRACON& Tower with Radar,0,63,12,2,77,0,0,7,0,7,0,63,19,2,84,6,0,6,90
02/21/2005,CRW,WV,AEA,CE,Combined TRACON& Tower with Radar,2,80,11,0,93,0,0,0,0,0,2,80,11,0,93,0,0,0,93
02/22/2005,CRW,WV,AEA,CE,Combined TRACON& Tower with Radar,0,110,37,12,159,0,4,22,0,26,0,114,59,12,185,20,13,33,218
02/23/2005,CRW,WV,AEA,CE,Combined TRACON& Tower with Radar,0,118,31,19,168,0,24,28,3,55,0,142,59,22,223,54,32,86,309
02/24/2005,CRW,WV,AEA,CE,Combined TRACON& Tower with Radar,0,118,34,2,154,0,4,0,0,4,0,122,34,2,158,0,0,0,158
02/25/2005,CRW,WV,AEA,CE,Combined TRACON& Tower with Radar,0,113,43,18,174,0,8,12,3,23,0,121,55,21,197,28,0,28,225
02/26/2005,CRW,WV,AEA,CE,Combined TRACON& Tower with Radar,0,110,28,0,138,0,29,31,1,61,0,139,59,1,199,87,0,87,286
02/27/2005,CRW,WV,AEA,CE,Combined TRACON& Tower with Radar,0,66,48,5,119,0,34,52,5,91,0,100,100,10,210,38,0,38,248
02/28/2005,CRW,WV,AEA,CE,Combined TRACON& Tower with Radar,7,78,14,0,99,0,4,0,0,4,7,82,14,0,103,18,0,18,121
03/01/2005,CRW,WV,AEA,CE,Combined TRACON& Tower with Radar,0,105,30,0,135,0,0,3,0,3,0,105,33,0,138,0,0,0,138
03/02/2005,CRW,WV,AEA,CE,Combined TRACON& Tower with Radar,0,124,48,5,177,0,13,23,0,36,0,137,71,5,213,22,0,22,235
03/03/2005,CRW,WV,AEA,CE,Combined TRACON& Tower with Radar,0,125,30,4,159,0,12,24,0,36,0,137,54,4,195,22,10,32,227
03/04/2005,CRW,WV,AEA,CE,Combined TRACON& Tower with Radar,0,122,43,10,175,0,10,23,0,33,0,132,66,10,208,10,6,16,224
03/05/2005,CRW,WV,AEA,CE,Combined TRACON& Tower with Radar,0,97,8,2,107,0,2,0,0,2,0,99,8,2,109,0,0,0,109
03/06/2005,CRW,WV,AEA,CE,Combined TRACON& Tower with Radar,0,64,16,1,81,0,16,17,0,33,0,80,33,1,114,0,0,0,114
03/07/2005,CRW,WV,AEA,CE,Combined TRACON& Tower with Radar,0,90,22,2,114,0,7,18,0,25,0,97,40,2,139,0,0,0,139
03/08/2005,CRW,WV,AEA,CE,Combined TRACON& Tower with Radar,0,106,30,4,140,0,0,1,0,1,0,106,31,4,141,0,0,0,141
03/09/2005,CRW,WV,AEA,CE,Combined TRACON& Tower with Radar,0,122,41,27,190,0,5,32,0,37,0,127,73,27,227,88,6,94,321
03/10/2005,CRW,WV,AEA,CE,Combined TRACON& Tower with Radar,0,119,33,8,160,0,13,45,4,62,0,132,78,12,222,56,24,80,302
03/11/2005,CRW,WV,AEA,CE,Combined TRACON& Tower with Radar,0,135,25,12,172,0,0,4,1,5,0,135,29,13,177,24,16,40,217
03/12/2005,CRW,WV,AEA,CE,Combined TRACON& Tower with Radar,0,102,5,3,110,0,5,2,0,7,0,107,7,3,117,0,0,0,117
03/13/2005,CRW,WV,AEA,CE,Combined TRACON& Tower with Radar,0,66,72,2,140,0,0,6,0,6,0,66,78,2,146,0,0,0,146
03/14/2005,CRW,WV,AEA,CE,Combined TRACON& Tower with Radar,0,95,32,10,137,0,7,32,3,42,0,102,64,13,179,22,32,54,233
03/15/2005,CRW,WV,AEA,CE,Combined TRACON& Tower with Radar,0,105,46,14,165,0,4,51,1,56,0,109,97,15,221,56,18,74,295
03/16/2005,CRW,WV,AEA,CE,Combined TRACON& Tower with Radar,0,124,45,17,186,0,9,32,2,43,0,133,77,19,229,38,26,64,293
03/17/2005,CRW,WV,AEA,CE,Combined TRACON& Tower with Radar,0,111,53,14,178,0,4,24,0,28,0,115,77,14,206,82,0,82,288
03/18/2005,CRW,WV,AEA,CE,Combined TRACON& Tower with Radar,0,125,39,15,179,0,10,48,1,59,0,135,87,16,238,48,17,65,303
03/19/2005,CRW,WV,AEA,CE,Combined TRACON& Tower with Radar,0,94,21,6,121,0,46,17,0,63,0,140,38,6,184,32,4,36,220
03/20/2005,CRW,WV,AEA,CE,Combined TRACON& Tower with Radar,0,61,17,0,78,0,1,22,0,23,0,62,39,0,101,24,0,24,125
03/21/2005,CRW,WV,AEA,CE,Combined TRACON& Tower with Radar,0,90,45,9,144,0,6,34,0,40,0,96,79,9,184,70,30,100,284
03/22/2005,CRW,WV,AEA,CE,Combined TRACON& Tower with Radar,0,110,50,13,173,0,9,27,4,40,0,119,77,17,213,34,2,36,249
03/23/2005,CRW,WV,AEA,CE,Combined TRACON& Tower with Radar,0,118,48,14,180,0,10,11,0,21,0,128,59,14,201,32,10,42,243
03/24/2005,CRW,WV,AEA,CE,Combined TRACON& Tower with Radar,0,119,53,25,197,0,10,4,0,14,0,129,57,25,211,2,2,4,215
03/25/2005,CRW,WV,AEA,CE,Combined TRACON& Tower with Radar,0,117,40,15,172,0,5,19,0,24,0,122,59,15,196,40,0,40,236
03/26/2005,CRW,WV,AEA,CE,Combined TRACON& Tower with Radar,0,91,40,0,131,0,2,18,0,20,0,93,58,0,151,4,0,4,155
03/27/2005,CRW,WV,AEA,CE,Combined TRACON& Tower with Radar,1,63,12,0,76,0,15,8,0,23,1,78,20,0,99,14,0,14,113
03/28/2005,CRW,WV,AEA,CE,Combined TRACON& Tower with Radar,0,80,21,3,104,0,9,3,0,12,0,89,24,3,116,4,0,4,120
03/29/2005,CRW,WV,AEA,CE,Combined TRACON& Tower with Radar,0,112,57,7,176,0,109,25,3,137,0,221,82,10,313,0,0,0,313
03/30/2005,CRW,WV,AEA,CE,Combined TRACON& Tower with Radar,0,128,50,10,188,0,2,73,7,82,0,130,123,17,270,30,66,96,366
03/31/2005,CRW,WV,AEA,CE,Combined TRACON& Tower with Radar,0,110,32,7,149,0,17,0,0,17,0,127,32,7,166,20,0,20,186
04/01/2005,CRW,WV,AEA,CE,Combined TRACON& Tower with Radar,1,137,30,11,179,0,24,13,3,40,1,161,43,14,219,10,18,28,247
04/02/2005,CRW,WV,AEA,CE,Combined TRACON& Tower with Radar,0,94,2,13,109,0,8,0,1,9,0,102,2,14,118,0,0,0,118
04/03/2005,CRW,WV,AEA,CE,Combined TRACON& Tower with Radar,2,63,27,3,95,0,4,21,0,25,2,67,48,3,120,0,4,4,124
04/04/2005,CRW,WV,AEA,CE,Combined TRACON& Tower with Radar,0,105,50,6,161,0,19,50,7,76,0,124,100,13,237,50,0,50,287
04/05/2005,CRW,WV,AEA,CE,Combined TRACON& Tower with Radar,0,116,38,9,163,0,19,38,0,57,0,135,76,9,220,131,19,150,370
04/06/2005,CRW,WV,AEA,CE,Combined TRACON& Tower with Radar,0,131,53,33,217,0,8,52,5,65,0,139,105,38,282,50,8,58,340
04/07/2005,CRW,WV,AEA,CE,Combined TRACON& Tower with Radar,0,133,67,9,209,0,13,22,4,39,0,146,89,13,248,20,10,30,278
04/08/2005,CRW,WV,AEA,CE,Combined TRACON& Tower with Radar,0,119,35,0,154,0,16,22,0,38,0,135,57,0,192,14,0,14,206
04/09/2005,CRW,WV,AEA,CE,Combined TRACON& Tower with Radar,0,95,29,0,124,0,44,69,0,113,0,139,98,0,237,166,0,166,403
04/10/2005,CRW,WV,AEA,CE,Combined TRACON& Tower with Radar,0,67,37,9,113,0,22,56,0,78,0,89,93,9,191,67,4,71,262
04/11/2005,CRW,WV,AEA,CE,Combined TRACON& Tower with Radar,0,108,35,1,144,0,25,57,0,82,0,133,92,1,226,96,0,96,322
04/12/2005,CRW,WV,AEA,CE,Combined TRACON& Tower with Radar,0,108,38,19,165,0,27,22,2,51,0,135,60,21,216,64,0,64,280
04/13/2005,CRW,WV,AEA,CE,Combined TRACON& Tower with Radar,0,126,48,0,174,0,10,18,2,30,0,136,66,2,204,10,0,10,214
04/14/2005,CRW,WV,AEA,CE,Combined TRACON& Tower with Radar,0,114,51,28,193,0,12,58,0,70,0,126,109,28,263,126,22,148,411
04/15/2005,CRW,WV,AEA,CE,Combined TRACON& Tower with Radar,0,116,58,14,188,0,18,40,1,59,0,134,98,15,247,50,8,58,305
04/16/2005,CRW,WV,AEA,CE,Combined TRACON& Tower with Radar,0,98,16,0,114,1,40,72,1,114,1,138,88,1,228,38,0,38,266
04/17/2005,CRW,WV,AEA,CE,Combined TRACON& Tower with Radar,0,63,36,2,101,0,1,55,0,56,0,64,91,2,157,24,0,24,181
04/18/2005,CRW,WV,AEA,CE,Combined TRACON& Tower with Radar,0,101,50,11,162,0,31,56,0,87,0,132,106,11,249,76,0,76,325
04/19/2005,CRW,WV,AEA,CE,Combined TRACON& Tower with Radar,0,113,32,7,152,0,23,35,0,58,0,136,67,7,210,38,6,44,254
04/20/2005,CRW,WV,AEA,CE,Combined TRACON& Tower with Radar,0,125,42,16,183,0,36,28,6,70,0,161,70,22,253,0,0,0,253
04/21/2005,CRW,WV,AEA,CE,Combined TRACON& Tower with Radar,0,108,45,11,164,0,13,35,0,48,0,121,80,11,212,0,0,0,212
04/22/2005,CRW,WV,AEA,CE,Combined TRACON& Tower with Radar,2,123,36,16,177,0,4,22,0,26,2,127,58,16,203,0,18,18,221
04/23/2005,CRW,WV,AEA,CE,Combined TRACON& Tower with Radar,0,13,0,0,13,95,0,0,0,95,95,13,0,0,108,0,0,0,108
04/24/2005,CRW,WV,AEA,CE,Combined TRACON& Tower with Radar,0,63,11,1,75,0,6,13,1,20,0,69,24,2,95,0,0,0,95
04/25/2005,CRW,WV,AEA,CE,Combined TRACON& Tower with Radar,1,103,45,1,150,0,0,23,1,24,1,103,68,2,174,4,0,4,178
04/26/2005,CRW,WV,AEA,CE,Combined TRACON& Tower with Radar,0,101,48,18,167,0,12,32,0,44,0,113,80,18,211,12,22,34,245
04/27/2005,CRW,WV,AEA,CE,Combined TRACON& Tower with Radar,0,121,48,8,177,0,23,24,3,50,0,144,72,11,227,6,12,18,245
04/28/2005,CRW,WV,AEA,CE,Combined TRACON& Tower with Radar,0,109,29,19,157,0,23,30,0,53,0,132,59,19,210,54,0,54,264
04/29/2005,CRW,WV,AEA,CE,Combined TRACON& Tower with Radar,0,116,46,2,164,0,6,0,0,6,0,122,46,2,170,0,0,0,170
04/30/2005,CRW,WV,AEA,CE,Combined TRACON& Tower with Radar,0,96,13,2,111,0,3,0,0,3,0,99,13,2,114,0,0,0,114
05/01/2005,CRW,WV,AEA,CE,Combined TRACON& Tower with Radar,0,69,18,0,87,0,4,13,0,17,0,73,31,0,104,14,0,14,118
05/02/2005,CRW,WV,AEA,CE,Combined TRACON& Tower with Radar,0,95,32,16,143,0,11,24,0,35,0,106,56,16,178,60,16,76,254
05/03/2005,CRW,WV,AEA,CE,Combined TRACON& Tower with Radar,0,111,34,6,151,0,9,51,0,60,0,120,85,6,211,62,0,62,273
05/04/2005,CRW,WV,AEA,CE,Combined TRACON& Tower with Radar,0,106,49,6,161,0,37,57,0,94,0,143,106,6,255,64,0,64,319
05/05/2005,CRW,WV,AEA,CE,Combined TRACON& Tower with Radar,0,117,33,3,153,0,24,42,0,66,0,141,75,3,219,34,2,36,255
05/06/2005,CRW,WV,AEA,CE,Combined TRACON& Tower with Radar,0,120,40,16,176,0,26,41,1,68,0,146,81,17,244,26,10,36,280
05/07/2005,CRW,WV,AEA,CE,Combined TRACON& Tower with Radar,0,97,14,2,113,0,17,40,9,66,0,114,54,11,179,38,0,38,217
05/08/2005,CRW,WV,AEA,CE,Combined TRACON& Tower with Radar,0,65,21,3,89,0,13,40,4,57,0,78,61,7,146,4,0,4,150
05/09/2005,CRW,WV,AEA,CE,Combined TRACON& Tower with Radar,0,95,29,0,124,0,18,50,0,68,0,113,79,0,192,70,0,70,262
05/10/2005,CRW,WV,AEA,CE,Combined TRACON& Tower with Radar,12,97,50,11,170,0,19,45,0,64,12,116,95,11,234,78,0,78,312
05/11/2005,CRW,WV,AEA,CE,Combined TRACON& Tower with Radar,0,114,57,20,191,1,23,33,4,61,1,137,90,24,252,74,0,74,326
05/12/2005,CRW,WV,AEA,CE,Combined TRACON& Tower with Radar,0,114,29,9,152,0,20,22,3,45,0,134,51,12,197,24,2,26,223
05/13/2005,CRW,WV,AEA,CE,Combined TRACON& Tower with Radar,0,117,44,12,173,0,15,32,1,48,0,132,76,13,221,20,0,20,241
05/14/2005,CRW,WV,AEA,CE,Combined TRACON& Tower with Radar,0,99,8,2,109,0,21,13,1,35,0,120,21,3,144,28,0,28,172
05/15/2005,CRW,WV,AEA,CE,Combined TRACON& Tower with Radar,1,65,22,7,95,0,11,17,5,33,1,76,39,12,128,6,0,6,134
05/16/2005,CRW,WV,AEA,CE,Combined TRACON& Tower with Radar,0,102,35,5,142,0,19,27,3,49,0,121,62,8,191,50,0,50,241
05/17/2005,CRW,WV,AEA,CE,Combined TRACON& Tower with Radar,0,104,57,3,164,0,28,39,0,67,0,132,96,3,231,36,0,36,267
05/18/2005,CRW,WV,AEA,CE,Combined TRACON& Tower with Radar,0,107,43,0,150,0,9,43,0,52,0,116,86,0,202,64,0,64,266
05/19/2005,CRW,WV,AEA,CE,Combined TRACON& Tower with Radar,0,111,39,4,154,0,0,0,0,0,0,111,39,4,154,44,0,44,198
05/20/2005,CRW,WV,AEA,CE,Combined TRACON& Tower with Radar,0,127,17,0,144,0,10,4,0,14,0,137,21,0,158,0,0,0,158
05/21/2005,CRW,WV,AEA,CE,Combined TRACON& Tower with Radar,0,101,16,4,121,0,20,56,10,86,0,121,72,14,207,20,0,20,227
05/22/2005,CRW,WV,AEA,CE,Combined TRACON& Tower with Radar,0,58,38,5,101,0,30,43,3,76,0,88,81,8,177,6,0,6,183
05/23/2005,CRW,WV,AEA,CE,Combined TRACON& Tower with Radar,0,95,26,2,123,0,17,17,0,34,0,112,43,2,157,28,10,38,195
05/24/2005,CRW,WV,AEA,CE,Combined TRACON& Tower with Radar,0,111,40,1,152,0,2,9,0,11,0,113,49,1,163,2,0,2,165
05/25/2005,CRW,WV,AEA,CE,Combined TRACON& Tower with Radar,0,117,28,10,155,0,23,26,0,49,0,140,54,10,204,26,18,44,248
05/26/2005,CRW,WV,AEA,CE,Combined TRACON& Tower with Radar,0,115,57,21,193,0,15,71,1,87,0,130,128,22,280,98,10,108,388
05/27/2005,CRW,WV,AEA,CE,Combined TRACON& Tower with Radar,0,126,56,9,191,0,23,27,0,50,0,149,83,9,241,26,0,26,267
05/28/2005,CRW,WV,AEA,CE,Combined TRACON& Tower with Radar,0,95,19,0,114,0,16,13,0,29,0,111,32,0,143,4,0,4,147
05/29/2005,CRW,WV,AEA,CE,Combined TRACON& Tower with Radar,0,57,20,0,77,0,17,43,0,60,0,74,63,0,137,12,0,12,149
05/30/2005,CRW,WV,AEA,CE,Combined TRACON& Tower with Radar,0,71,25,4,100,0,15,38,3,56,0,86,63,7,156,34,0,34,190
05/31/2005,CRW,WV,AEA,CE,Combined TRACON& Tower with Radar,0,95,33,2,130,0,5,36,0,41,0,100,69,2,171,0,0,0,171
06/01/2005,CRW,WV,AEA,CE,Combined TRACON& Tower with Radar,0,115,32,18,165,0,27,36,1,64,0,142,68,19,229,52,26,78,307
06/02/2005,CRW,WV,AEA,CE,Combined TRACON& Tower with Radar,0,116,27,30,173,0,12,7,0,19,0,128,34,30,192,0,2,2,194
06/03/2005,CRW,WV,AEA,CE,Combined TRACON& Tower with Radar,0,107,37,15,159,0,16,18,1,35,0,123,55,16,194,22,28,50,244
06/04/2005,CRW,WV,AEA,CE,Combined TRACON& Tower with Radar,0,95,35,9,139,0,0,24,5,29,0,95,59,14,168,22,0,22,190
06/05/2005,CRW,WV,AEA,CE,Combined TRACON& Tower with Radar,0,65,24,9,98,0,25,33,8,66,0,90,57,17,164,16,0,16,180
06/06/2005,CRW,WV,AEA,CE,Combined TRACON& Tower with Radar,0,85,26,0,111,0,22,28,6,56,0,107,54,6,167,44,0,44,211
06/07/2005,CRW,WV,AEA,CE,Combined TRACON& Tower with Radar,0,113,29,10,152,0,10,40,0,50,0,123,69,10,202,62,18,80,282
06/08/2005,CRW,WV,AEA,CE,Combined TRACON& Tower with Radar,0,119,34,6,159,0,14,30,1,45,0,133,64,7,204,2,2,4,208
06/09/2005,CRW,WV,AEA,CE,Combined TRACON& Tower with Radar,0,119,57,2,178,0,3,28,0,31,0,122,85,2,209,18,0,18,227
06/10/2005,CRW,WV,AEA,CE,Combined TRACON& Tower with Radar,0,110,48,3,161,0,28,28,0,56,0,138,76,3,217,26,0,26,243
06/11/2005,CRW,WV,AEA,CE,Combined TRACON& Tower with Radar,0,101,16,3,120,0,6,8,4,18,0,107,24,7,138,12,0,12,150
06/12/2005,CRW,WV,AEA,CE,Combined TRACON& Tower with Radar,6,67,24,4,101,0,15,24,0,39,6,82,48,4,140,6,12,18,158
06/13/2005,CRW,WV,AEA,CE,Combined TRACON& Tower with Radar,2,98,27,6,133,0,25,25,2,52,2,123,52,8,185,160,0,160,345
06/14/2005,CRW,WV,AEA,CE,Combined TRACON& Tower with Radar,0,104,39,15,158,0,27,47,6,80,0,131,86,21,238,50,26,76,314
06/15/2005,CRW,WV,AEA,CE,Combined TRACON& Tower with Radar,0,123,45,9,177,0,37,42,2,81,0,160,87,11,258,0,0,0,258
06/16/2005,CRW,WV,AEA,CE,Combined TRACON& Tower with Radar,0,115,44,10,169,0,12,30,1,43,0,127,74,11,212,0,12,12,224
06/17/2005,CRW,WV,AEA,CE,Combined TRACON& Tower with Radar,0,117,32,0,149,0,28,39,1,68,0,145,71,1,217,26,0,26,243
06/18/2005,CRW,WV,AEA,CE,Combined TRACON& Tower with Radar,0,100,25,0,125,0,42,41,2,85,0,142,66,2,210,32,0,32,242
06/19/2005,CRW,WV,AEA,CE,Combined TRACON& Tower with Radar,0,63,32,0,95,0,20,32,0,52,0,83,64,0,147,0,0,0,147
06/20/2005,CRW,WV,AEA,CE,Combined TRACON& Tower with Radar,2,90,26,4,122,0,32,22,0,54,2,122,48,4,176,2,0,2,178
06/21/2005,CRW,WV,AEA,CE,Combined TRACON& Tower with Radar,0,112,44,7,163,0,13,38,2,53,0,125,82,9,216,22,6,28,244
06/22/2005,CRW,WV,AEA,CE,Combined TRACON& Tower with Radar,1,129,51,8,189,0,30,27,0,57,1,159,78,8,246,66,0,66,312
06/23/2005,CRW,WV,AEA,CE,Combined TRACON& Tower with Radar,0,113,60,6,179,0,17,35,2,54,0,130,95,8,233,33,0,33,266
06/24/2005,CRW,WV,AEA,CE,Combined TRACON& Tower with Radar,0,127,62,19,208,0,20,41,2,63,0,147,103,21,271,12,0,12,283
06/25/2005,CRW,WV,AEA,CE,Combined TRACON& Tower with Radar,0,92,30,4,126,0,40,37,1,78,0,132,67,5,204,34,0,34,238
06/26/2005,CRW,WV,AEA,CE,Combined TRACON& Tower with Radar,0,67,47,3,117,0,19,36,4,59,0,86,83,7,176,4,0,4,180
06/27/2005,CRW,WV,AEA,CE,Combined TRACON& Tower with Radar,0,100,31,2,133,0,24,24,0,48,0,124,55,2,181,12,0,12,193
06/28/2005,CRW,WV,AEA,CE,Combined TRACON& Tower with Radar,0,106,69,26,201,0,42,28,1,71,0,148,97,27,272,44,74,118,390
06/29/2005,CRW,WV,AEA,CE,Combined TRACON& Tower with Radar,0,124,59,20,203,0,9,23,3,35,0,133,82,23,238,26,24,50,288
06/30/2005,CRW,WV,AEA,CE,Combined TRACON& Tower with Radar,0,114,53,4,171,0,11,40,0,51,0,125,93,4,222,28,10,38,260
07/01/2005,CRW,WV,AEA,CE,Combined TRACON& Tower with Radar,2,118,45,3,168,0,22,33,0,55,2,140,78,3,223,94,0,94,317
07/02/2005,CRW,WV,AEA,CE,Combined TRACON& Tower with Radar,0,94,20,0,114,0,8,24,0,32,0,102,44,0,146,20,0,20,166
07/03/2005,CRW,WV,AEA,CE,Combined TRACON& Tower with Radar,0,65,18,0,83,0,15,13,1,29,0,80,31,1,112,15,0,15,127
07/04/2005,CRW,WV,AEA,CE,Combined TRACON& Tower with Radar,2,63,27,1,93,0,48,37,7,92,2,111,64,8,185,18,16,34,219
07/05/2005,CRW,WV,AEA,CE,Combined TRACON& Tower with Radar,0,87,27,12,126,0,19,25,6,50,0,106,52,18,176,0,16,16,192
07/06/2005,CRW,WV,AEA,CE,Combined TRACON& Tower with Radar,0,109,31,12,152,0,0,38,3,41,0,109,69,15,193,14,8,22,215
07/07/2005,CRW,WV,AEA,CE,Combined TRACON& Tower with Radar,0,112,30,8,150,0,7,5,0,12,0,119,35,8,162,0,0,0,162
07/08/2005,CRW,WV,AEA,CE,Combined TRACON& Tower with Radar,0,112,45,29,186,0,3,16,2,21,0,115,61,31,207,16,0,16,223
07/09/2005,CRW,WV,AEA,CE,Combined TRACON& Tower with Radar,0,92,37,18,147,0,14,26,10,50,0,106,63,28,197,38,24,62,259
07/10/2005,CRW,WV,AEA,CE,Combined TRACON& Tower with Radar,0,66,27,6,99,0,20,42,1,63,0,86,69,7,162,38,0,38,200
07/11/2005,CRW,WV,AEA,CE,Combined TRACON& Tower with Radar,0,91,28,5,124,0,20,37,1,58,0,111,65,6,182,84,0,84,266
07/12/2005,CRW,WV,AEA,CE,Combined TRACON& Tower with Radar,0,112,44,5,161,0,11,33,4,48,0,123,77,9,209,36,0,36,245
07/13/2005,CRW,WV,AEA,CE,Combined TRACON& Tower with Radar,0,116,51,15,182,0,28,25,1,54,0,144,76,16,236,30,20,50,286
07/14/2005,CRW,WV,AEA,CE,Combined TRACON& Tower with Radar,0,115,44,14,173,0,26,19,4,49,0,141,63,18,222,44,4,48,270
07/15/2005,CRW,WV,AEA,CE,Combined TRACON& Tower with Radar,0,75,36,11,122,0,12,16,10,38,0,87,52,21,160,24,18,42,202
07/16/2005,CRW,WV,AEA,CE,Combined TRACON& Tower with Radar,0,94,44,0,138,0,10,14,6,30,0,104,58,6,168,38,0,38,206
07/17/2005,CRW,WV,AEA,CE,Combined TRACON& Tower with Radar,0,61,23,1,85,0,24,5,0,29,0,85,28,1,114,18,0,18,132
07/18/2005,CRW,WV,AEA,CE,Combined TRACON& Tower with Radar,0,89,27,1,117,0,15,13,3,31,0,104,40,4,148,40,6,46,194
07/19/2005,CRW,WV,AEA,CE,Combined TRACON& Tower with Radar,0,105,45,16,166,0,16,34,0,50,0,121,79,16,216,32,20,52,268
07/20/2005,CRW,WV,AEA,CE,Combined TRACON& Tower with Radar,2,131,43,12,188,0,18,21,7,46,2,149,64,19,234,14,16,30,264
07/21/2005,CRW,WV,AEA,CE,Combined TRACON& Tower with Radar,0,114,42,11,167,0,20,36,11,67,0,134,78,22,234,38,26,64,298
07/22/2005,CRW,WV,AEA,CE,Combined TRACON& Tower with Radar,0,115,48,17,180,0,3,32,10,45,0,118,80,27,225,30,10,40,265
07/23/2005,CRW,WV,AEA,CE,Combined TRACON& Tower with Radar,0,96,24,3,123,0,15,32,2,49,0,111,56,5,172,24,0,24,196
07/24/2005,CRW,WV,AEA,CE,Combined TRACON& Tower with Radar,0,68,16,2,86,0,9,31,0,40,0,77,47,2,126,0,0,0,126
07/25/2005,CRW,WV,AEA,CE,Combined TRACON& Tower with Radar,0,97,16,0,113,0,26,32,3,61,0,123,48,3,174,10,0,10,184
07/26/2005,CRW,WV,AEA,CE,Combined TRACON& Tower with Radar,0,116,37,4,157,0,25,27,2,54,0,141,64,6,211,6,6,12,223
07/27/2005,CRW,WV,AEA,CE,Combined TRACON& Tower with Radar,0,119,40,4,163,0,10,21,4,35,0,129,61,8,198,0,0,0,198
07/28/2005,CRW,WV,AEA,CE,Combined TRACON& Tower with Radar,0,114,71,13,198,0,22,0,0,22,0,136,71,13,220,0,28,28,248
07/29/2005,CRW,WV,AEA,CE,Combined TRACON& Tower with Radar,0,99,36,18,153,0,10,49,32,91,0,109,85,50,244,28,24,52,296
07/30/2005,CRW,WV,AEA,CE,Combined TRACON& Tower with Radar,0,113,22,0,135,0,7,31,3,41,0,120,53,3,176,16,0,16,192
07/31/2005,CRW,WV,AEA,CE,Combined TRACON& Tower with Radar,0,64,30,0,94,0,25,41,0,66,0,89,71,0,160,8,0,8,168
08/01/2005,CRW,WV,AEA,CE,Combined TRACON& Tower with Radar,0,88,44,2,134,0,34,35,1,70,0,122,79,3,204,30,0,30,234
08/02/2005,CRW,WV,AEA,CE,Combined TRACON& Tower with Radar,0,110,22,5,137,0,11,37,0,48,0,121,59,5,185,4,0,4,189
08/03/2005,CRW,WV,AEA,CE,Combined TRACON& Tower with Radar,0,120,34,9,163,0,25,34,0,59,0,145,68,9,222,66,6,72,294
08/04/2005,CRW,WV,AEA,CE,Combined TRACON& Tower with Radar,0,116,52,2,170,0,1,50,0,51,0,117,102,2,221,0,8,8,229
08/05/2005,CRW,WV,AEA,CE,Combined TRACON& Tower with Radar,0,118,27,9,154,0,22,24,0,46,0,140,51,9,200,26,0,26,226
08/06/2005,CRW,WV,AEA,CE,Combined TRACON& Tower with Radar,0,99,18,5,122,0,5,13,1,19,0,104,31,6,141,36,8,44,185
08/07/2005,CRW,WV,AEA,CE,Combined TRACON& Tower with Radar,0,63,30,11,104,0,17,15,2,34,0,80,45,13,138,10,4,14,152
08/08/2005,CRW,WV,AEA,CE,Combined TRACON& Tower with Radar,0,94,30,1,125,0,18,7,0,25,0,112,37,1,150,24,0,24,174
08/09/2005,CRW,WV,AEA,CE,Combined TRACON& Tower with Radar,0,105,33,18,156,0,21,35,2,58,0,126,68,20,214,0,16,16,230
08/10/2005,CRW,WV,AEA,CE,Combined TRACON& Tower with Radar,0,122,39,9,170,0,41,41,0,82,0,163,80,9,252,66,14,80,332
08/11/2005,CRW,WV,AEA,CE,Combined TRACON& Tower with Radar,0,114,59,21,194,0,39,42,0,81,0,153,101,21,275,52,0,52,327
08/12/2005,CRW,WV,AEA,CE,Combined TRACON& Tower with Radar,0,116,35,11,162,0,31,30,0,61,0,147,65,11,223,20,6,26,249
08/13/2005,CRW,WV,AEA,CE,Combined TRACON& Tower with Radar,0,110,22,1,133,0,19,21,0,40,0,129,43,1,173,12,0,12,185
08/14/2005,CRW,WV,AEA,CE,Combined TRACON& Tower with Radar,0,65,27,1,93,0,31,11,0,42,0,96,38,1,135,2,0,2,137
08/15/2005,CRW,WV,AEA,CE,Combined TRACON& Tower with Radar,0,91,47,0,138,0,0,0,0,0,0,91,47,0,138,12,0,12,150
08/16/2005,CRW,WV,AEA,CE,Combined TRACON& Tower with Radar,0,117,41,16,174,0,5,7,0,12,0,122,48,16,186,0,24,24,210
08/17/2005,CRW,WV,AEA,CE,Combined TRACON& Tower with Radar,0,132,63,13,208,0,8,22,0,30,0,140,85,13,238,20,0,20,258
08/18/2005,CRW,WV,AEA,CE,Combined TRACON& Tower with Radar,0,120,50,22,192,0,26,18,2,46,0,146,68,24,238,46,54,100,338
08/19/2005,CRW,WV,AEA,CE,Combined TRACON& Tower with Radar,0,118,44,9,171,0,3,10,0,13,0,121,54,9,184,14,0,14,198
08/20/2005,CRW,WV,AEA,CE,Combined TRACON& Tower with Radar,0,98,18,1,117,0,19,23,0,42,0,117,41,1,159,20,0,20,179
08/21/2005,CRW,WV,AEA,CE,Combined TRACON& Tower with Radar,2,71,16,3,92,0,32,18,0,50,2,103,34,3,142,15,0,15,157
08/22/2005,CRW,WV,AEA,CE,Combined TRACON& Tower with Radar,0,92,38,0,130,0,25,39,0,64,0,117,77,0,194,22,0,22,216
08/23/2005,CRW,WV,AEA,CE,Combined TRACON& Tower with Radar,0,101,59,19,179,0,14,37,0,51,0,115,96,19,230,18,20,38,268
08/24/2005,CRW,WV,AEA,CE,Combined TRACON& Tower with Radar,0,129,30,5,164,0,16,43,0,59,0,145,73,5,223,54,2,56,279
08/25/2005,CRW,WV,AEA,CE,Combined TRACON& Tower with Radar,0,115,53,21,189,0,32,37,0,69,0,147,90,21,258,18,16,34,292
08/26/2005,CRW,WV,AEA,CE,Combined TRACON& Tower with Radar,0,105,32,2,139,0,12,3,0,15,0,117,35,2,154,6,0,6,160
08/27/2005,CRW,WV,AEA,CE,Combined TRACON& Tower with Radar,0,84,15,0,99,0,0,0,0,0,0,84,15,0,99,8,0,8,107
08/28/2005,CRW,WV,AEA,CE,Combined TRACON& Tower with Radar,0,68,28,4,100,0,6,20,0,26,0,74,48,4,126,8,0,8,134
08/29/2005,CRW,WV,AEA,CE,Combined TRACON& Tower with Radar,0,94,32,0,126,0,1,3,0,4,0,95,35,0,130,32,0,32,162
08/30/2005,CRW,WV,AEA,CE,Combined TRACON& Tower with Radar,0,110,23,0,133,0,23,8,0,31,0,133,31,0,164,0,0,0,164
08/31/2005,CRW,WV,AEA,CE,Combined TRACON& Tower with Radar,1,116,25,4,146,0,0,11,0,11,1,116,36,4,157,6,0,6,163
09/01/2005,CRW,WV,AEA,CE,Combined TRACON& Tower with Radar,0,116,38,11,165,0,12,39,4,55,0,128,77,15,220,14,0,14,234
09/02/2005,CRW,WV,AEA,CE,Combined TRACON& Tower with Radar,0,117,35,7,159,0,29,34,3,66,0,146,69,10,225,2,0,2,227
09/03/2005,CRW,WV,AEA,CE,Combined TRACON& Tower with Radar,0,91,23,14,128,0,34,44,1,79,0,125,67,15,207,48,0,48,255
09/04/2005,CRW,WV,AEA,CE,Combined TRACON& Tower with Radar,0,63,11,12,86,0,27,14,0,41,0,90,25,12,127,4,0,4,131
09/05/2005,CRW,WV,AEA,CE,Combined TRACON& Tower with Radar,0,66,31,6,103,0,23,69,11,103,0,89,100,17,206,18,0,18,224
09/06/2005,CRW,WV,AEA,CE,Combined TRACON& Tower with Radar,2,91,33,7,133,0,16,75,0,91,2,107,108,7,224,16,8,24,248
09/07/2005,CRW,WV,AEA,CE,Combined TRACON& Tower with Radar,0,97,62,8,167,0,24,58,3,85,0,121,120,11,252,28,0,28,280
09/08/2005,CRW,WV,AEA,CE,Combined TRACON& Tower with Radar,0,117,55,13,185,0,33,74,0,107,0,150,129,13,292,22,6,28,320
09/09/2005,CRW,WV,AEA,CE,Combined TRACON& Tower with Radar,0,117,51,31,199,0,16,56,1,73,0,133,107,32,272,8,40,48,320
09/10/2005,CRW,WV,AEA,CE,Combined TRACON& Tower with Radar,0,88,18,6,112,0,20,17,5,42,0,108,35,11,154,26,16,42,196
09/11/2005,CRW,WV,AEA,CE,Combined TRACON& Tower with Radar,0,63,27,10,100,0,17,25,4,46,0,80,52,14,146,36,0,36,182
09/12/2005,CRW,WV,AEA,CE,Combined TRACON& Tower with Radar,0,9,41,15,65,0,108,17,0,125,0,117,58,15,190,38,8,46,236
09/13/2005,CRW,WV,AEA,CE,Combined TRACON& Tower with Radar,1,106,36,4,147,0,23,33,3,59,1,129,69,7,206,44,12,56,262
09/14/2005,CRW,WV,AEA,CE,Combined TRACON& Tower with Radar,0,94,40,0,134,0,10,5,0,15,0,104,45,0,149,14,18,32,181
09/15/2005,CRW,WV,AEA,CE,Combined TRACON& Tower with Radar,0,116,69,16,201,0,31,13,7,51,0,147,82,23,252,4,16,20,272
09/16/2005,CRW,WV,AEA,CE,Combined TRACON& Tower with Radar,0,113,46,5,164,0,4,17,2,23,0,117,63,7,187,2,0,2,189
09/17/2005,CRW,WV,AEA,CE,Combined TRACON& Tower with Radar,0,90,25,4,119,0,18,17,0,35,0,108,42,4,154,70,0,70,224
09/18/2005,CRW,WV,AEA,CE,Combined TRACON& Tower with Radar,0,65,15,14,94,0,18,40,0,58,0,83,55,14,152,10,10,20,172
09/19/2005,CRW,WV,AEA,CE,Combined TRACON& Tower with Radar,0,90,34,5,129,0,20,25,0,45,0,110,59,5,174,26,0,26,200
09/20/2005,CRW,WV,AEA,CE,Combined TRACON& Tower with Radar,0,117,59,0,176,0,17,27,9,53,0,134,86,9,229,45,6,51,280
09/21/2005,CRW,WV,AEA,CE,Combined TRACON& Tower with Radar,0,125,63,21,209,0,23,44,0,67,0,148,107,21,276,4,0,4,280
09/22/2005,CRW,WV,AEA,CE,Combined TRACON& Tower with Radar,0,116,40,0,156,0,10,42,4,56,0,126,82,4,212,66,0,66,278
09/23/2005,CRW,WV,AEA,CE,Combined TRACON& Tower with Radar,2,105,63,1,171,0,22,22,10,54,2,127,85,11,225,14,0,14,239
09/24/2005,CRW,WV,AEA,CE,Combined TRACON& Tower with Radar,0,99,51,4,154,0,26,15,8,49,0,125,66,12,203,0,0,0,203
09/25/2005,CRW,WV,AEA,CE,Combined TRACON& Tower with Radar,2,60,23,8,93,0,25,14,0,39,2,85,37,8,132,66,0,66,198
09/26/2005,CRW,WV,AEA,CE,Combined TRACON& Tower with Radar,0,93,30,6,129,0,2,4,0,6,0,95,34,6,135,0,0,0,135
09/27/2005,CRW,WV,AEA,CE,Combined TRACON& Tower with Radar,0,140,47,5,192,0,14,45,0,59,0,154,92,5,251,46,0,46,297
09/28/2005,CRW,WV,AEA,CE,Combined TRACON& Tower with Radar,0,132,46,7,185,0,39,64,1,104,0,171,110,8,289,12,20,32,321
09/29/2005,CRW,WV,AEA,CE,Combined TRACON& Tower with Radar,0,104,45,6,155,0,19,41,0,60,0,123,86,6,215,28,0,28,243
09/30/2005,CRW,WV,AEA,CE,Combined TRACON& Tower with Radar,0,117,44,11,172,0,28,48,0,76,0,145,92,11,248,16,12,28,276
10/01/2005,CRW,WV,AEA,CE,Combined TRACON& Tower with Radar,0,94,25,11,130,0,30,42,1,73,0,124,67,12,203,10,4,14,217
10/02/2005,CRW,WV,AEA,CE,Combined TRACON& Tower with Radar,0,63,26,7,96,0,14,30,0,44,0,77,56,7,140,4,0,4,144
10/03/2005,CRW,WV,AEA,CE,Combined TRACON& Tower with Radar,0,94,33,1,128,0,7,48,0,55,0,101,81,1,183,18,0,18,201
10/04/2005,CRW,WV,AEA,CE,Combined TRACON& Tower with Radar,0,113,29,0,142,0,6,44,0,50,0,119,73,0,192,46,0,46,238
10/05/2005,CRW,WV,AEA,CE,Combined TRACON& Tower with Radar,0,122,49,11,182,0,24,39,0,63,0,146,88,11,245,18,2,20,265
10/06/2005,CRW,WV,AEA,CE,Combined TRACON& Tower with Radar,0,124,42,2,168,0,15,19,0,34,0,139,61,2,202,22,0,22,224
10/07/2005,CRW,WV,AEA,CE,Combined TRACON& Tower with Radar,2,98,44,13,157,0,0,0,0,0,2,98,44,13,157,2,0,2,159
10/08/2005,CRW,WV,AEA,CE,Combined TRACON& Tower with Radar,0,97,11,9,117,0,0,0,0,0,0,97,11,9,117,0,0,0,117
10/09/2005,CRW,WV,AEA,CE,Combined TRACON& Tower with Radar,1,59,20,0,80,0,0,2,0,2,1,59,22,0,82,0,0,0,82
10/10/2005,CRW,WV,AEA,CE,Combined TRACON& Tower with Radar,3,111,38,1,153,0,3,19,0,22,3,114,57,1,175,34,0,34,209
10/11/2005,CRW,WV,AEA,CE,Combined TRACON& Tower with Radar,0,124,43,3,170,0,0,0,0,0,0,124,43,3,170,0,0,0,170
10/12/2005,CRW,WV,AEA,CE,Combined TRACON& Tower with Radar,0,117,45,43,205,0,4,2,2,8,0,121,47,45,213,0,0,0,213
10/13/2005,CRW,WV,AEA,CE,Combined TRACON& Tower with Radar,0,111,47,9,167,0,10,12,0,22,0,121,59,9,189,0,0,0,189
10/14/2005,CRW,WV,AEA,CE,Combined TRACON& Tower with Radar,0,117,53,10,180,0,8,28,1,37,0,125,81,11,217,0,12,12,229
10/15/2005,CRW,WV,AEA,CE,Combined TRACON& Tower with Radar,0,89,23,4,116,0,25,30,2,57,0,114,53,6,173,26,0,26,199
10/16/2005,CRW,WV,AEA,CE,Combined TRACON& Tower with Radar,0,59,26,5,90,0,17,37,0,54,0,76,63,5,144,6,0,6,150
10/17/2005,CRW,WV,AEA,CE,Combined TRACON& Tower with Radar,0,99,29,6,134,0,8,28,0,36,0,107,57,6,170,60,0,60,230
10/18/2005,CRW,WV,AEA,CE,Combined TRACON& Tower with Radar,0,113,43,10,166,0,29,57,0,86,0,142,100,10,252,20,0,20,272
10/19/2005,CRW,WV,AEA,CE,Combined TRACON& Tower with Radar,0,125,40,4,169,0,32,40,36,108,0,157,80,40,277,32,10,42,319
10/20/2005,CRW,WV,AEA,CE,Combined TRACON& Tower with Radar,0,119,46,6,171,0,22,29,2,53,0,141,75,8,224,44,12,56,280
10/21/2005,CRW,WV,AEA,CE,Combined TRACON& Tower with Radar,0,118,46,7,171,0,10,8,0,18,0,128,54,7,189,16,0,16,205
10/22/2005,CRW,WV,AEA,CE,Combined TRACON& Tower with Radar,0,81,13,2,96,0,10,8,0,18,0,91,21,2,114,0,0,0,114
10/23/2005,CRW,WV,AEA,CE,Combined TRACON& Tower with Radar,0,69,30,5,104,0,9,14,0,23,0,78,44,5,127,2,0,2,129
10/24/2005,CRW,WV,AEA,CE,Combined TRACON& Tower with Radar,0,90,26,3,119,0,15,5,0,20,0,105,31,3,139,4,0,4,143
10/25/2005,CRW,WV,AEA,CE,Combined TRACON& Tower with Radar,0,97,36,2,135,0,9,15,0,24,0,106,51,2,159,0,0,0,159
10/26/2005,CRW,WV,AEA,CE,Combined TRACON& Tower with Radar,0,118,38,28,184,0,10,14,0,24,0,128,52,28,208,32,8,40,248
10/27/2005,CRW,WV,AEA,CE,Combined TRACON& Tower with Radar,0,113,38,6,157,0,11,22,1,34,0,124,60,7,191,30,4,34,225
10/28/2005,CRW,WV,AEA,CE,Combined TRACON& Tower with Radar,0,128,38,3,169,0,30,20,1,51,0,158,58,4,220,36,4,40,260
10/29/2005,CRW,WV,AEA,CE,Combined TRACON& Tower with Radar,0,89,21,11,121,0,28,41,3,72,0,117,62,14,193,10,0,10,203
10/30/2005,CRW,WV,AEA,CE,Combined TRACON& Tower with Radar,0,62,23,2,87,0,19,40,0,59,0,81,63,2,146,4,0,4,150
10/31/2005,CRW,WV,AEA,CE,Combined TRACON& Tower with Radar,0,96,19,28,143,0,14,45,6,65,0,110,64,34,208,24,40,64,272
11/01/2005,CRW,WV,AEA,CE,Combined TRACON& Tower with Radar,0,106,34,5,145,0,13,19,9,41,0,119,53,14,186,22,4,26,212
11/02/2005,CRW,WV,AEA,CE,Combined TRACON& Tower with Radar,0,118,41,4,163,0,1,35,0,36,0,119,76,4,199,460,0,460,659
11/03/2005,CRW,WV,AEA,CE,Combined TRACON& Tower with Radar,0,130,48,7,185,0,14,46,4,64,0,144,94,11,249,54,0,54,303
11/04/2005,CRW,WV,AEA,CE,Combined TRACON& Tower with Radar,0,120,82,10,212,0,30,30,4,64,0,150,112,14,276,0,0,0,276
11/05/2005,CRW,WV,AEA,CE,Combined TRACON& Tower with Radar,0,86,23,11,120,0,0,0,0,0,0,86,23,11,120,4,0,4,124
11/06/2005,CRW,WV,AEA,CE,Combined TRACON& Tower with Radar,0,64,13,10,87,0,18,2,0,20,0,82,15,10,107,0,0,0,107
11/07/2005,CRW,WV,AEA,CE,Combined TRACON& Tower with Radar,0,92,32,16,140,0,10,35,0,45,0,102,67,16,185,74,2,76,261
11/08/2005,CRW,WV,AEA,CE,Combined TRACON& Tower with Radar,0,124,23,5,152,0,30,15,0,45,0,154,38,5,197,0,0,0,197
11/09/2005,CRW,WV,AEA,CE,Combined TRACON& Tower with Radar,0,118,35,11,164,0,24,26,0,50,0,142,61,11,214,4,12,16,230
11/10/2005,CRW,WV,AEA,CE,Combined TRACON& Tower with Radar,0,119,46,9,174,0,17,15,1,33,0,136,61,10,207,26,18,44,251
11/11/2005,CRW,WV,AEA,CE,Combined TRACON& Tower with Radar,0,124,48,10,182,0,0,0,0,0,0,124,48,10,182,42,0,42,224
11/12/2005,CRW,WV,AEA,CE,Combined TRACON& Tower with Radar,0,76,24,0,100,0,30,44,4,78,0,106,68,4,178,18,0,18,196
11/13/2005,CRW,WV,AEA,CE,Combined TRACON& Tower with Radar,0,72,24,4,100,0,17,8,0,25,0,89,32,4,125,0,0,0,125
11/14/2005,CRW,WV,AEA,CE,Combined TRACON& Tower with Radar,0,101,29,6,136,0,14,19,0,33,0,115,48,6,169,32,0,32,201
11/15/2005,CRW,WV,AEA,CE,Combined TRACON& Tower with Radar,2,111,38,5,156,0,29,0,0,29,2,140,38,5,185,0,0,0,185
11/16/2005,CRW,WV,AEA,CE,Combined TRACON& Tower with Radar,0,108,23,28,159,0,4,2,2,8,0,112,25,30,167,0,46,46,213
11/17/2005,CRW,WV,AEA,CE,Combined TRACON& Tower with Radar,0,122,46,6,174,0,23,33,4,60,0,145,79,10,234,54,30,84,318
11/18/2005,CRW,WV,AEA,CE,Combined TRACON& Tower with Radar,0,129,37,25,191,0,47,40,1,88,0,176,77,26,279,38,24,62,341
11/19/2005,CRW,WV,AEA,CE,Combined TRACON& Tower with Radar,0,89,16,1,106,0,24,27,0,51,0,113,43,1,157,34,0,34,191
11/20/2005,CRW,WV,AEA,CE,Combined TRACON& Tower with Radar,0,70,21,2,93,0,26,38,0,64,0,96,59,2,157,0,0,0,157
11/21/2005,CRW,WV,AEA,CE,Combined TRACON& Tower with Radar,0,96,24,6,126,0,13,15,0,28,0,109,39,6,154,0,0,0,154
11/22/2005,CRW,WV,AEA,CE,Combined TRACON& Tower with Radar,0,114,24,4,142,0,0,6,2,8,0,114,30,6,150,0,0,0,150
11/23/2005,CRW,WV,AEA,CE,Combined TRACON& Tower with Radar,0,135,26,2,163,0,4,8,0,12,0,139,34,2,175,16,0,16,191
11/24/2005,CRW,WV,AEA,CE,Combined TRACON& Tower with Radar,0,87,1,0,88,0,1,3,0,4,0,88,4,0,92,0,0,0,92
11/25/2005,CRW,WV,AEA,CE,Combined TRACON& Tower with Radar,0,81,18,0,99,0,2,13,0,15,0,83,31,0,114,4,0,4,118
11/26/2005,CRW,WV,AEA,CE,Combined TRACON& Tower with Radar,0,80,13,0,93,0,21,29,0,50,0,101,42,0,143,18,0,18,161
11/27/2005,CRW,WV,AEA,CE,Combined TRACON& Tower with Radar,0,76,47,0,123,0,18,20,0,38,0,94,67,0,161,2,0,2,163
11/28/2005,CRW,WV,AEA,CE,Combined TRACON& Tower with Radar,0,98,26,6,130,0,13,10,0,23,0,111,36,6,153,0,6,6,159
11/29/2005,CRW,WV,AEA,CE,Combined TRACON& Tower with Radar,0,114,27,3,144,0,4,13,0,17,0,118,40,3,161,26,0,26,187
11/30/2005,CRW,WV,AEA,CE,Combined TRACON& Tower with Radar,0,134,42,13,189,0,16,25,1,42,0,150,67,14,231,28,42,70,301
12/01/2005,CRW,WV,AEA,CE,Combined TRACON& Tower with Radar,0,112,31,10,153,0,15,16,0,31,0,127,47,10,184,24,2,26,210
12/02/2005,CRW,WV,AEA,CE,Combined TRACON& Tower with Radar,0,122,32,7,161,0,11,9,0,20,0,133,41,7,181,0,0,0,181
12/03/2005,CRW,WV,AEA,CE,Combined TRACON& Tower with Radar,0,85,24,11,120,0,34,21,2,57,0,119,45,13,177,28,4,32,209
12/04/2005,CRW,WV,AEA,CE,Combined TRACON& Tower with Radar,0,66,20,3,89,0,0,0,0,0,0,66,20,3,89,0,0,0,89
12/05/2005,CRW,WV,AEA,CE,Combined TRACON& Tower with Radar,0,93,43,0,136,0,0,0,0,0,0,93,43,0,136,0,0,0,136
12/06/2005,CRW,WV,AEA,CE,Combined TRACON& Tower with Radar,0,131,42,2,175,0,9,16,0,25,0,140,58,2,200,0,10,10,210
12/07/2005,CRW,WV,AEA,CE,Combined TRACON& Tower with Radar,0,125,50,15,190,0,13,19,1,33,0,138,69,16,223,36,50,86,309
12/08/2005,CRW,WV,AEA,CE,Combined TRACON& Tower with Radar,0,122,47,5,174,0,28,21,2,51,0,150,68,7,225,74,0,74,299
12/09/2005,CRW,WV,AEA,CE,Combined TRACON& Tower with Radar,0,85,17,10,112,0,3,2,0,5,0,88,19,10,117,10,8,18,135
12/10/2005,CRW,WV,AEA,CE,Combined TRACON& Tower with Radar,0,75,22,1,98,0,8,31,0,39,0,83,53,1,137,118,0,118,255
12/11/2005,CRW,WV,AEA,CE,Combined TRACON& Tower with Radar,0,66,5,1,72,0,13,2,0,15,0,79,7,1,87,20,0,20,107
12/12/2005,CRW,WV,AEA,CE,Combined TRACON& Tower with Radar,0,85,31,14,130,0,0,2,0,2,0,85,33,14,132,0,4,4,136
12/13/2005,CRW,WV,AEA,CE,Combined TRACON& Tower with Radar,0,113,39,4,156,0,6,48,0,54,0,119,87,4,210,0,0,0,210
12/14/2005,CRW,WV,AEA,CE,Combined TRACON& Tower with Radar,0,108,30,7,145,0,37,18,0,55,0,145,48,7,200,20,30,50,250
12/15/2005,CRW,WV,AEA,CE,Combined TRACON& Tower with Radar,0,105,30,3,138,0,23,1,0,24,0,128,31,3,162,0,0,0,162
12/16/2005,CRW,WV,AEA,CE,Combined TRACON& Tower with Radar,0,125,39,33,197,0,10,20,1,31,0,135,59,34,228,0,0,0,228
12/17/2005,CRW,WV,AEA,CE,Combined TRACON& Tower with Radar,0,89,36,0,125,0,0,0,1,1,0,89,36,1,126,62,0,62,188
12/18/2005,CRW,WV,AEA,CE,Combined TRACON& Tower with Radar,0,76,26,0,102,1,20,34,0,55,1,96,60,0,157,0,0,0,157
12/19/2005,CRW,WV,AEA,CE,Combined TRACON& Tower with Radar,0,96,33,0,129,0,17,20,0,37,0,113,53,0,166,54,0,54,220
12/20/2005,CRW,WV,AEA,CE,Combined TRACON& Tower with Radar,0,103,42,23,168,0,8,36,2,46,0,111,78,25,214,56,16,72,286
12/21/2005,CRW,WV,AEA,CE,Combined TRACON& Tower with Radar,0,121,65,2,188,0,19,35,1,55,0,140,100,3,243,12,0,12,255
12/22/2005,CRW,WV,AEA,CE,Combined TRACON& Tower with Radar,0,120,37,3,160,0,44,38,0,82,0,164,75,3,242,46,0,46,288
12/23/2005,CRW,WV,AEA,CE,Combined TRACON& Tower with Radar,0,116,32,2,150,0,41,12,0,53,0,157,44,2,203,38,0,38,241
12/24/2005,CRW,WV,AEA,CE,Combined TRACON& Tower with Radar,0,74,12,2,88,0,20,14,0,34,0,94,26,2,122,20,0,20,142
12/25/2005,CRW,WV,AEA,CE,Combined TRACON& Tower with Radar,0,57,4,0,61,0,7,0,0,7,0,64,4,0,68,0,0,0,68
12/26/2005,CRW,WV,AEA,CE,Combined TRACON& Tower with Radar,0,74,4,0,78,0,3,0,0,3,0,77,4,0,81,0,0,0,81
12/27/2005,CRW,WV,AEA,CE,Combined TRACON& Tower with Radar,1,95,23,2,121,0,8,29,0,37,1,103,52,2,158,92,0,92,250
12/28/2005,CRW,WV,AEA,CE,Combined TRACON& Tower with Radar,0,102,23,10,135,0,18,43,0,61,0,120,66,10,196,58,10,68,264
12/29/2005,CRW,WV,AEA,CE,Combined TRACON& Tower with Radar,0,120,22,0,142,0,0,10,0,10,0,120,32,0,152,24,0,24,176
12/30/2005,CRW,WV,AEA,CE,Combined TRACON& Tower with Radar,0,117,28,0,145,0,10,24,0,34,0,127,52,0,179,0,0,0,179
12/31/2005,CRW,WV,AEA,CE,Combined TRACON& Tower with Radar,2,80,18,0,100,0,20,7,0,27,2,100,25,0,127,0,0,0,127
01/01/2006,CRW,WV,AEA,CE,Combined TRACON& Tower with Radar,0,64,30,0,94,0,33,26,0,59,0,97,56,0,153,10,0,10,163
01/02/2006,CRW,WV,AEA,CE,Combined TRACON& Tower with Radar,1,70,12,5,88,0,16,3,0,19,1,86,15,5,107,0,0,0,107
01/03/2006,CRW,WV,AEA,CE,Combined TRACON& Tower with Radar,0,102,32,4,138,0,2,3,0,5,0,104,35,4,143,2,0,2,145
01/04/2006,CRW,WV,AEA,CE,Combined TRACON& Tower with Radar,0,118,43,10,171,0,33,51,0,84,0,151,94,10,255,10,8,18,273
01/05/2006,CRW,WV,AEA,CE,Combined TRACON& Tower with Radar,0,110,34,25,169,0,15,16,4,35,0,125,50,29,204,16,0,16,220
01/06/2006,CRW,WV,AEA,CE,Combined TRACON& Tower with Radar,0,98,33,8,139,0,1,8,0,9,0,99,41,8,148,0,0,0,148
01/07/2006,CRW,WV,AEA,CE,Combined TRACON& Tower with Radar,0,71,12,7,90,0,10,13,3,26,0,81,25,10,116,24,0,24,140
01/08/2006,CRW,WV,AEA,CE,Combined TRACON& Tower with Radar,0,60,16,3,79,0,24,31,0,55,0,84,47,3,134,44,0,44,178
01/09/2006,CRW,WV,AEA,CE,Combined TRACON& Tower with Radar,0,83,34,1,118,0,8,17,0,25,0,91,51,1,143,0,0,0,143
01/10/2006,CRW,WV,AEA,CE,Combined TRACON& Tower with Radar,0,104,34,4,142,0,18,41,3,62,0,122,75,7,204,30,0,30,234
01/11/2006,CRW,WV,AEA,CE,Combined TRACON& Tower with Radar,0,116,62,21,199,0,29,30,2,61,0,145,92,23,260,6,12,18,278
01/12/2006,CRW,WV,AEA,CE,Combined TRACON& Tower with Radar,0,123,38,27,188,0,26,79,0,105,0,149,117,27,293,90,26,116,409
01/13/2006,CRW,WV,AEA,CE,Combined TRACON& Tower with Radar,0,108,48,3,159,0,20,18,0,38,0,128,66,3,197,10,0,10,207
01/14/2006,CRW,WV,AEA,CE,Combined TRACON& Tower with Radar,0,79,11,2,92,0,2,2,0,4,0,81,13,2,96,0,0,0,96
01/15/2006,CRW,WV,AEA,CE,Combined TRACON& Tower with Radar,0,55,15,0,70,0,0,31,0,31,0,55,46,0,101,20,0,20,121
01/16/2006,CRW,WV,AEA,CE,Combined TRACON& Tower with Radar,0,80,37,0,117,0,8,26,0,34,0,88,63,0,151,28,0,28,179
01/17/2006,CRW,WV,AEA,CE,Combined TRACON& Tower with Radar,0,76,27,6,109,0,11,11,0,22,0,87,38,6,131,0,0,0,131
01/18/2006,CRW,WV,AEA,CE,Combined TRACON& Tower with Radar,0,101,25,11,137,0,2,0,0,2,0,103,25,11,139,0,6,6,145
01/19/2006,CRW,WV,AEA,CE,Combined TRACON& Tower with Radar,0,121,61,25,207,0,25,64,0,89,0,146,125,25,296,20,40,60,356
01/20/2006,CRW,WV,AEA,CE,Combined TRACON& Tower with Radar,2,117,47,15,181,0,1,37,0,38,2,118,84,15,219,36,0,36,255
01/21/2006,CRW,WV,AEA,CE,Combined TRACON& Tower with Radar,0,79,7,6,92,0,0,0,0,0,0,79,7,6,92,22,0,22,114
01/22/2006,CRW,WV,AEA,CE,Combined TRACON& Tower with Radar,0,33,6,0,39,0,33,36,6,75,0,66,42,6,114,20,0,20,134
01/23/2006,CRW,WV,AEA,CE,Combined TRACON& Tower with Radar,0,89,18,10,117,0,0,0,0,0,0,89,18,10,117,0,0,0,117
01/24/2006,CRW,WV,AEA,CE,Combined TRACON& Tower with Radar,0,113,37,3,153,0,9,14,0,23,0,122,51,3,176,0,0,0,176
01/25/2006,CRW,WV,AEA,CE,Combined TRACON& Tower with Radar,2,120,34,10,166,0,4,0,0,4,2,124,34,10,170,0,0,0,170
01/26/2006,CRW,WV,AEA,CE,Combined TRACON& Tower with Radar,0,126,62,11,199,0,29,47,0,76,0,155,109,11,275,34,40,74,349
01/27/2006,CRW,WV,AEA,CE,Combined TRACON& Tower with Radar,0,115,55,9,179,0,35,55,0,90,0,150,110,9,269,32,0,32,301
01/28/2006,CRW,WV,AEA,CE,Combined TRACON& Tower with Radar,0,75,21,0,96,0,37,41,0,78,0,112,62,0,174,90,0,90,264
01/29/2006,CRW,WV,AEA,CE,Combined TRACON& Tower with Radar,0,54,18,2,74,0,14,0,0,14,0,68,18,2,88,6,0,6,94
01/30/2006,CRW,WV,AEA,CE,Combined TRACON& Tower with Radar,0,82,30,0,112,0,29,22,0,51,0,111,52,0,163,12,0,12,175
01/31/2006,CRW,WV,AEA,CE,Combined TRACON& Tower with Radar,0,101,31,12,144,0,7,6,0,13,0,108,37,12,157,8,4,12,169
02/01/2006,CRW,WV,AEA,CE,Combined TRACON& Tower with Radar,0,119,64,13,196,0,29,49,9,87,0,148,113,22,283,26,18,44,327
02/02/2006,CRW,WV,AEA,CE,Combined TRACON& Tower with Radar,0,113,57,10,180,0,9,24,5,38,0,122,81,15,218,16,18,34,252
02/03/2006,CRW,WV,AEA,CE,Combined TRACON& Tower with Radar,0,123,28,8,159,0,10,21,0,31,0,133,49,8,190,18,0,18,208
02/04/2006,CRW,WV,AEA,CE,Combined TRACON& Tower with Radar,0,78,9,7,94,0,5,1,0,6,0,83,10,7,100,2,0,2,102
02/05/2006,CRW,WV,AEA,CE,Combined TRACON& Tower with Radar,0,72,7,4,83,0,0,0,0,0,0,72,7,4,83,0,0,0,83
02/06/2006,CRW,WV,AEA,CE,Combined TRACON& Tower with Radar,0,89,20,4,113,0,6,11,0,17,0,95,31,4,130,0,0,0,130
02/07/2006,CRW,WV,AEA,CE,Combined TRACON& Tower with Radar,0,96,45,20,161,0,21,38,0,59,0,117,83,20,220,26,14,40,260
02/08/2006,CRW,WV,AEA,CE,Combined TRACON& Tower with Radar,0,113,37,25,175,0,14,26,4,44,0,127,63,29,219,0,6,6,225
02/09/2006,CRW,WV,AEA,CE,Combined TRACON& Tower with Radar,0,128,45,11,184,0,12,19,2,33,0,140,64,13,217,25,14,39,256
02/10/2006,CRW,WV,AEA,CE,Combined TRACON& Tower with Radar,0,123,37,18,178,0,20,24,4,48,0,143,61,22,226,66,0,66,292
02/11/2006,CRW,WV,AEA,CE,Combined TRACON& Tower with Radar,0,78,0,0,78,0,4,0,0,4,0,82,0,0,82,0,0,0,82
02/12/2006,CRW,WV,AEA,CE,Combined TRACON& Tower with Radar,0,60,8,2,70,0,1,1,0,2,0,61,9,2,72,0,0,0,72
02/13/2006,CRW,WV,AEA,CE,Combined TRACON& Tower with Radar,0,98,30,4,132,0,6,2,0,8,0,104,32,4,140,18,0,18,158
02/14/2006,CRW,WV,AEA,CE,Combined TRACON& Tower with Radar,0,102,44,2,148,0,14,40,0,54,0,116,84,2,202,20,18,38,240
02/15/2006,CRW,WV,AEA,CE,Combined TRACON& Tower with Radar,0,119,46,8,173,0,28,61,3,92,0,147,107,11,265,50,11,61,326
02/16/2006,CRW,WV,AEA,CE,Combined TRACON& Tower with Radar,0,115,43,2,160,0,21,38,1,60,0,136,81,3,220,18,14,32,252
02/17/2006,CRW,WV,AEA,CE,Combined TRACON& Tower with Radar,0,107,49,11,167,0,15,15,0,30,0,122,64,11,197,10,18,28,225
02/18/2006,CRW,WV,AEA,CE,Combined TRACON& Tower with Radar,0,83,11,1,95,1,13,0,0,14,1,96,11,1,109,8,0,8,117
02/19/2006,CRW,WV,AEA,CE,Combined TRACON& Tower with Radar,0,32,1,0,33,56,0,0,0,56,56,32,1,0,89,8,0,8,97
02/20/2006,CRW,WV,AEA,CE,Combined TRACON& Tower with Radar,0,86,12,9,107,0,16,12,0,28,0,102,24,9,135,57,6,63,198
02/21/2006,CRW,WV,AEA,CE,Combined TRACON& Tower with Radar,0,81,50,5,136,0,24,35,3,62,0,105,85,8,198,26,0,26,224
02/22/2006,CRW,WV,AEA,CE,Combined TRACON& Tower with Radar,0,133,55,9,197,0,34,10,4,48,0,167,65,13,245,0,0,0,245
02/23/2006,CRW,WV,AEA,CE,Combined TRACON& Tower with Radar,0,131,62,13,206,0,19,20,4,43,0,150,82,17,249,2,0,2,251
02/24/2006,CRW,WV,AEA,CE,Combined TRACON& Tower with Radar,2,124,59,16,201,0,18,53,6,77,2,142,112,22,278,86,16,102,380
02/25/2006,CRW,WV,AEA,CE,Combined TRACON& Tower with Radar,0,87,24,1,112,0,31,12,2,45,0,118,36,3,157,20,0,20,177
02/26/2006,CRW,WV,AEA,CE,Combined TRACON& Tower with Radar,0,59,30,6,95,0,20,27,1,48,0,79,57,7,143,2,2,4,147
02/27/2006,CRW,WV,AEA,CE,Combined TRACON& Tower with Radar,1,95,45,8,149,0,13,18,0,31,1,108,63,8,180,18,0,18,198
02/28/2006,CRW,WV,AEA,CE,Combined TRACON& Tower with Radar,0,102,24,3,129,0,29,25,0,54,0,131,49,3,183,50,6,56,239
03/01/2006,CRW,WV,AEA,CE,Combined TRACON& Tower with Radar,0,0,0,0,0,0,125,77,11,213,0,125,77,11,213,16,22,38,251
03/02/2006,CRW,WV,AEA,CE,Combined TRACON& Tower with Radar,0,118,46,18,182,0,18,12,9,39,0,136,58,27,221,8,66,74,295
03/03/2006,CRW,WV,AEA,CE,Combined TRACON& Tower with Radar,0,122,30,0,152,0,17,27,2,46,0,139,57,2,198,16,0,16,214
03/04/2006,CRW,WV,AEA,CE,Combined TRACON& Tower with Radar,0,81,20,3,104,0,30,26,2,58,0,111,46,5,162,53,16,69,231
03/05/2006,CRW,WV,AEA,CE,Combined TRACON& Tower with Radar,0,56,15,11,82,0,32,57,0,89,0,88,72,11,171,24,12,36,207
03/06/2006,CRW,WV,AEA,CE,Combined TRACON& Tower with Radar,0,90,33,4,127,0,4,0,0,4,0,94,33,4,131,0,0,0,131
03/07/2006,CRW,WV,AEA,CE,Combined TRACON& Tower with Radar,0,124,46,6,176,0,22,67,1,90,0,146,113,7,266,30,13,43,309
03/08/2006,CRW,WV,AEA,CE,Combined TRACON& Tower with Radar,0,122,37,17,176,0,26,36,8,70,0,148,73,25,246,71,26,97,343
03/09/2006,CRW,WV,AEA,CE,Combined TRACON& Tower with Radar,0,138,42,8,188,0,13,23,7,43,0,151,65,15,231,8,0,8,239
03/10/2006,CRW,WV,AEA,CE,Combined TRACON& Tower with Radar,0,70,10,0,80,161,0,0,0,161,161,70,10,0,241,26,0,26,267
03/11/2006,CRW,WV,AEA,CE,Combined TRACON& Tower with Radar,0,85,18,0,103,0,33,24,1,58,0,118,42,1,161,44,0,44,205
03/12/2006,CRW,WV,AEA,CE,Combined TRACON& Tower with Radar,0,64,15,3,82,0,22,0,0,22,0,86,15,3,104,0,0,0,104
03/13/2006,CRW,WV,AEA,CE,Combined TRACON& Tower with Radar,0,95,17,9,121,0,28,18,0,46,0,123,35,9,167,12,16,28,195
03/14/2006,CRW,WV,AEA,CE,Combined TRACON& Tower with Radar,0,104,25,3,132,0,13,22,2,37,0,117,47,5,169,0,0,0,169
03/15/2006,CRW,WV,AEA,CE,Combined TRACON& Tower with Radar,0,24,33,3,60,0,114,56,0,170,0,138,89,3,230,20,18,38,268
03/16/2006,CRW,WV,AEA,CE,Combined TRACON& Tower with Radar,0,113,54,4,171,0,22,59,9,90,0,135,113,13,261,62,4,66,327
03/17/2006,CRW,WV,AEA,CE,Combined TRACON& Tower with Radar,1,121,35,11,168,0,7,12,0,19,1,128,47,11,187,50,0,50,237
03/18/2006,CRW,WV,AEA,CE,Combined TRACON& Tower with Radar,0,84,33,0,117,0,15,34,0,49,0,99,67,0,166,92,0,92,258
03/19/2006,CRW,WV,AEA,CE,Combined TRACON& Tower with Radar,0,53,21,1,75,0,23,30,3,56,0,76,51,4,131,28,0,28,159
03/20/2006,CRW,WV,AEA,CE,Combined TRACON& Tower with Radar,0,98,26,9,133,0,28,28,0,56,0,126,54,9,189,96,10,106,295
03/21/2006,CRW,WV,AEA,CE,Combined TRACON& Tower with Radar,0,105,20,11,136,0,0,4,0,4,0,105,24,11,140,0,10,10,150
03/22/2006,CRW,WV,AEA,CE,Combined TRACON& Tower with Radar,0,108,44,12,164,0,2,39,6,47,0,110,83,18,211,28,50,78,289
03/23/2006,CRW,WV,AEA,CE,Combined TRACON& Tower with Radar,2,119,47,18,186,0,8,27,1,36,2,127,74,19,222,50,4,54,276
03/24/2006,CRW,WV,AEA,CE,Combined TRACON& Tower with Radar,0,116,28,20,164,0,9,2,0,11,0,125,30,20,175,0,0,0,175
03/25/2006,CRW,WV,AEA,CE,Combined TRACON& Tower with Radar,0,85,13,2,100,0,4,0,0,4,0,89,13,2,104,0,0,0,104
03/26/2006,CRW,WV,AEA,CE,Combined TRACON& Tower with Radar,0,59,23,9,91,0,3,3,0,6,0,62,26,9,97,0,0,0,97
03/27/2006,CRW,WV,AEA,CE,Combined TRACON& Tower with Radar,0,81,39,2,122,0,14,39,2,55,0,95,78,4,177,60,0,60,237
03/28/2006,CRW,WV,AEA,CE,Combined TRACON& Tower with Radar,0,102,24,0,126,0,23,15,0,38,0,125,39,0,164,48,0,48,212
03/29/2006,CRW,WV,AEA,CE,Combined TRACON& Tower with Radar,0,122,33,21,176,0,18,22,1,41,0,140,55,22,217,22,12,34,251
03/30/2006,CRW,WV,AEA,CE,Combined TRACON& Tower with Radar,0,119,52,2,173,0,6,74,0,80,0,125,126,2,253,48,0,48,301
03/31/2006,CRW,WV,AEA,CE,Combined TRACON& Tower with Radar,0,135,25,15,175,0,45,11,1,57,0,180,36,16,232,32,0,32,264
04/01/2006,CRW,WV,AEA,CE,Combined TRACON& Tower with Radar,0,92,19,19,130,0,17,13,11,41,0,109,32,30,171,6,0,6,177
04/02/2006,CRW,WV,AEA,CE,Combined TRACON& Tower with Radar,0,57,16,5,78,0,17,25,5,47,0,74,41,10,125,15,2,17,142
04/03/2006,CRW,WV,AEA,CE,Combined TRACON& Tower with Radar,0,99,30,0,129,0,12,8,0,20,0,111,38,0,149,0,0,0,149
04/04/2006,CRW,WV,AEA,CE,Combined TRACON& Tower with Radar,0,126,30,2,158,0,24,26,2,52,0,150,56,4,210,12,0,12,222
04/05/2006,CRW,WV,AEA,CE,Combined TRACON& Tower with Radar,0,124,55,6,185,0,30,19,0,49,0,154,74,6,234,16,0,16,250
04/06/2006,CRW,WV,AEA,CE,Combined TRACON& Tower with Radar,0,142,48,16,206,4,19,44,2,69,4,161,92,18,275,8,20,28,303
04/07/2006,CRW,WV,AEA,CE,Combined TRACON& Tower with Radar,0,123,24,9,156,0,14,1,1,16,0,137,25,10,172,0,14,14,186
04/08/2006,CRW,WV,AEA,CE,Combined TRACON& Tower with Radar,0,85,24,2,111,0,0,0,2,2,0,85,24,4,113,0,0,0,113
04/09/2006,CRW,WV,AEA,CE,Combined TRACON& Tower with Radar,0,59,53,2,114,0,19,68,0,87,0,78,121,2,201,44,0,44,245
04/10/2006,CRW,WV,AEA,CE,Combined TRACON& Tower with Radar,0,77,37,15,129,0,23,54,1,78,0,100,91,16,207,30,0,30,237
04/11/2006,CRW,WV,AEA,CE,Combined TRACON& Tower with Radar,0,112,46,3,161,0,35,58,1,94,0,147,104,4,255,90,0,90,345
04/12/2006,CRW,WV,AEA,CE,Combined TRACON& Tower with Radar,0,127,34,13,174,0,0,0,0,0,0,127,34,13,174,92,0,92,266
04/13/2006,CRW,WV,AEA,CE,Combined TRACON& Tower with Radar,0,129,41,17,187,0,43,41,0,84,0,172,82,17,271,10,0,10,281
04/14/2006,CRW,WV,AEA,CE,Combined TRACON& Tower with Radar,0,120,42,3,165,0,38,33,0,71,0,158,75,3,236,34,0,34,270
04/15/2006,CRW,WV,AEA,CE,Combined TRACON& Tower with Radar,0,86,20,0,106,0,5,26,0,31,0,91,46,0,137,18,0,18,155
04/16/2006,CRW,WV,AEA,CE,Combined TRACON& Tower with Radar,0,55,19,2,76,0,38,18,0,56,0,93,37,2,132,20,0,20,152
04/17/2006,CRW,WV,AEA,CE,Combined TRACON& Tower with Radar,0,107,27,18,152,0,8,7,0,15,0,115,34,18,167,0,0,0,167
04/18/2006,CRW,WV,AEA,CE,Combined TRACON& Tower with Radar,0,124,46,6,176,0,1,80,0,81,0,125,126,6,257,62,6,68,325
04/19/2006,CRW,WV,AEA,CE,Combined TRACON& Tower with Radar,0,119,54,2,175,0,14,73,1,88,0,133,127,3,263,80,12,92,355
04/20/2006,CRW,WV,AEA,CE,Combined TRACON& Tower with Radar,0,126,52,8,186,0,26,38,7,71,0,152,90,15,257,24,54,78,335
04/21/2006,CRW,WV,AEA,CE,Combined TRACON& Tower with Radar,0,118,26,5,149,0,15,6,0,21,0,133,32,5,170,34,16,50,220
04/22/2006,CRW,WV,AEA,CE,Combined TRACON& Tower with Radar,0,90,18,3,111,0,1,8,0,9,0,91,26,3,120,18,0,18,138
04/23/2006,CRW,WV,AEA,CE,Combined TRACON& Tower with Radar,0,61,24,13,98,0,36,11,0,47,0,97,35,13,145,22,0,22,167
04/24/2006,CRW,WV,AEA,CE,Combined TRACON& Tower with Radar,0,113,57,4,174,0,0,0,0,0,0,113,57,4,174,60,0,60,234
04/25/2006,CRW,WV,AEA,CE,Combined TRACON& Tower with Radar,0,119,44,20,183,0,25,32,0,57,0,144,76,20,240,0,6,6,246
04/26/2006,CRW,WV,AEA,CE,Combined TRACON& Tower with Radar,0,141,57,16,214,0,4,21,5,30,0,145,78,21,244,24,6,30,274
04/27/2006,CRW,WV,AEA,CE,Combined TRACON& Tower with Radar,0,125,49,13,187,0,17,62,1,80,0,142,111,14,267,18,14,32,299
04/28/2006,CRW,WV,AEA,CE,Combined TRACON& Tower with Radar,0,120,35,8,163,0,41,37,0,78,0,161,72,8,241,76,54,130,371
04/29/2006,CRW,WV,AEA,CE,Combined TRACON& Tower with Radar,0,85,27,0,112,0,32,35,0,67,0,117,62,0,179,84,0,84,263
04/30/2006,CRW,WV,AEA,CE,Combined TRACON& Tower with Radar,0,61,21,3,85,0,22,29,0,51,0,83,50,3,136,29,0,29,165
05/01/2006,CRW,WV,AEA,CE,Combined TRACON& Tower with Radar,0,100,38,2,140,0,44,41,0,85,0,144,79,2,225,42,0,42,267
05/02/2006,CRW,WV,AEA,CE,Combined TRACON& Tower with Radar,0,126,27,0,153,0,44,40,0,84,0,170,67,0,237,67,0,67,304
05/03/2006,CRW,WV,AEA,CE,Combined TRACON& Tower with Radar,0,131,37,2,170,0,21,0,0,21,0,152,37,2,191,40,20,60,251
05/04/2006,CRW,WV,AEA,CE,Combined TRACON& Tower with Radar,0,133,32,12,177,0,3,33,2,38,0,136,65,14,215,34,4,38,253
05/05/2006,CRW,WV,AEA,CE,Combined TRACON& Tower with Radar,0,131,36,19,186,0,17,24,2,43,0,148,60,21,229,22,6,28,257
05/06/2006,CRW,WV,AEA,CE,Combined TRACON& Tower with Radar,0,86,21,4,111,0,28,34,0,62,0,114,55,4,173,16,0,16,189
05/07/2006,CRW,WV,AEA,CE,Combined TRACON& Tower with Radar,0,61,30,12,103,0,14,16,0,30,0,75,46,12,133,0,20,20,153
05/08/2006,CRW,WV,AEA,CE,Combined TRACON& Tower with Radar,0,101,25,14,140,0,13,27,0,40,0,114,52,14,180,20,6,26,206
05/09/2006,CRW,WV,AEA,CE,Combined TRACON& Tower with Radar,0,128,23,7,158,0,19,44,0,63,0,147,67,7,221,12,14,26,247
05/10/2006,CRW,WV,AEA,CE,Combined TRACON& Tower with Radar,0,127,40,19,186,0,8,24,1,33,0,135,64,20,219,26,30,56,275
05/11/2006,CRW,WV,AEA,CE,Combined TRACON& Tower with Radar,0,131,45,17,193,0,11,10,0,21,0,142,55,17,214,0,22,22,236
05/12/2006,CRW,WV,AEA,CE,Combined TRACON& Tower with Radar,0,138,41,12,191,0,20,26,0,46,0,158,67,12,237,36,8,44,281
05/13/2006,CRW,WV,AEA,CE,Combined TRACON& Tower with Radar,0,83,14,2,99,0,37,11,0,48,0,120,25,2,147,33,0,33,180
05/14/2006,CRW,WV,AEA,CE,Combined TRACON& Tower with Radar,0,53,21,2,76,0,1,5,0,6,0,54,26,2,82,0,0,0,82
05/15/2006,CRW,WV,AEA,CE,Combined TRACON& Tower with Radar,0,122,42,0,164,0,23,15,0,38,0,145,57,0,202,32,0,32,234
05/16/2006,CRW,WV,AEA,CE,Combined TRACON& Tower with Radar,0,117,31,29,177,0,4,20,3,27,0,121,51,32,204,46,32,78,282
05/17/2006,CRW,WV,AEA,CE,Combined TRACON& Tower with Radar,0,134,61,7,202,0,30,44,7,81,0,164,105,14,283,42,16,58,341
05/18/2006,CRW,WV,AEA,CE,Combined TRACON& Tower with Radar,0,130,41,8,179,0,24,11,0,35,0,154,52,8,214,0,4,4,218
05/19/2006,CRW,WV,AEA,CE,Combined TRACON& Tower with Radar,0,127,30,10,167,0,16,25,0,41,0,143,55,10,208,22,16,38,246
05/20/2006,CRW,WV,AEA,CE,Combined TRACON& Tower with Radar,0,83,12,5,100,0,35,26,0,61,0,118,38,5,161,40,6,46,207
05/21/2006,CRW,WV,AEA,CE,Combined TRACON& Tower with Radar,0,66,22,0,88,0,24,8,0,32,0,90,30,0,120,8,0,8,128
05/22/2006,CRW,WV,AEA,CE,Combined TRACON& Tower with Radar,0,101,60,15,176,0,30,0,0,30,0,131,60,15,206,32,18,50,256
05/23/2006,CRW,WV,AEA,CE,Combined TRACON& Tower with Radar,0,120,35,1,156,0,14,52,1,67,0,134,87,2,223,64,0,64,287
05/24/2006,CRW,WV,AEA,CE,Combined TRACON& Tower with Radar,0,133,47,13,193,0,13,63,5,81,0,146,110,18,274,68,24,92,366
05/25/2006,CRW,WV,AEA,CE,Combined TRACON& Tower with Radar,0,128,47,19,194,0,18,0,1,19,0,146,47,20,213,62,52,114,327
05/26/2006,CRW,WV,AEA,CE,Combined TRACON& Tower with Radar,0,124,32,6,162,0,13,20,0,33,0,137,52,6,195,16,0,16,211
05/27/2006,CRW,WV,AEA,CE,Combined TRACON& Tower with Radar,0,79,21,2,102,0,26,40,0,66,0,105,61,2,168,36,10,46,214
05/28/2006,CRW,WV,AEA,CE,Combined TRACON& Tower with Radar,0,67,21,0,88,0,30,27,0,57,0,97,48,0,145,0,0,0,145
05/29/2006,CRW,WV,AEA,CE,Combined TRACON& Tower with Radar,0,71,29,3,103,0,30,42,0,72,0,101,71,3,175,12,0,12,187
05/30/2006,CRW,WV,AEA,CE,Combined TRACON& Tower with Radar,0,89,47,3,139,0,0,0,0,0,0,89,47,3,139,26,0,26,165
05/31/2006,CRW,WV,AEA,CE,Combined TRACON& Tower with Radar,0,119,41,12,172,0,28,45,9,82,0,147,86,21,254,10,10,20,274
06/01/2006,CRW,WV,AEA,CE,Combined TRACON& Tower with Radar,0,130,49,13,192,0,16,35,0,51,0,146,84,13,243,44,36,80,323
06/02/2006,CRW,WV,AEA,CE,Combined TRACON& Tower with Radar,0,136,41,15,192,0,13,1,1,15,0,149,42,16,207,0,0,0,207
06/03/2006,CRW,WV,AEA,CE,Combined TRACON& Tower with Radar,0,87,16,0,103,0,19,16,0,35,0,106,32,0,138,6,0,6,144
06/04/2006,CRW,WV,AEA,CE,Combined TRACON& Tower with Radar,0,59,19,9,87,0,0,0,0,0,0,59,19,9,87,10,2,12,99
06/05/2006,CRW,WV,AEA,CE,Combined TRACON& Tower with Radar,0,109,45,5,159,0,10,38,0,48,0,119,83,5,207,2,0,2,209
06/06/2006,CRW,WV,AEA,CE,Combined TRACON& Tower with Radar,0,114,30,29,173,0,32,43,2,77,0,146,73,31,250,20,24,44,294
06/07/2006,CRW,WV,AEA,CE,Combined TRACON& Tower with Radar,0,126,39,30,195,0,16,35,4,55,0,142,74,34,250,38,48,86,336
06/08/2006,CRW,WV,AEA,CE,Combined TRACON& Tower with Radar,0,127,53,14,194,0,7,18,0,25,0,134,71,14,219,26,6,32,251
06/09/2006,CRW,WV,AEA,CE,Combined TRACON& Tower with Radar,0,138,43,16,197,0,9,25,5,39,0,147,68,21,236,0,0,0,236
06/10/2006,CRW,WV,AEA,CE,Combined TRACON& Tower with Radar,0,84,18,0,102,0,20,21,1,42,0,104,39,1,144,12,0,12,156
06/11/2006,CRW,WV,AEA,CE,Combined TRACON& Tower with Radar,0,71,16,6,93,0,9,8,1,18,0,80,24,7,111,6,0,6,117
06/12/2006,CRW,WV,AEA,CE,Combined TRACON& Tower with Radar,0,112,31,1,144,0,11,32,0,43,0,123,63,1,187,18,0,18,205
06/13/2006,CRW,WV,AEA,CE,Combined TRACON& Tower with Radar,0,121,47,17,185,0,14,40,3,57,0,135,87,20,242,50,14,64,306
06/14/2006,CRW,WV,AEA,CE,Combined TRACON& Tower with Radar,0,125,48,7,180,0,10,35,1,46,0,135,83,8,226,16,0,16,242
06/15/2006,CRW,WV,AEA,CE,Combined TRACON& Tower with Radar,0,128,33,3,164,0,29,52,5,86,0,157,85,8,250,48,0,48,298
06/16/2006,CRW,WV,AEA,CE,Combined TRACON& Tower with Radar,0,127,27,14,168,0,16,45,2,63,0,143,72,16,231,22,16,38,269
06/17/2006,CRW,WV,AEA,CE,Combined TRACON& Tower with Radar,0,86,21,5,112,0,16,37,2,55,0,102,58,7,167,16,0,16,183
06/18/2006,CRW,WV,AEA,CE,Combined TRACON& Tower with Radar,0,62,11,0,73,0,34,20,0,54,0,96,31,0,127,0,0,0,127
06/19/2006,CRW,WV,AEA,CE,Combined TRACON& Tower with Radar,0,106,26,1,133,0,3,12,0,15,0,109,38,1,148,2,0,2,150
06/20/2006,CRW,WV,AEA,CE,Combined TRACON& Tower with Radar,0,117,19,15,151,0,11,20,0,31,0,128,39,15,182,0,0,0,182
06/21/2006,CRW,WV,AEA,CE,Combined TRACON& Tower with Radar,0,126,32,9,167,0,31,22,4,57,0,157,54,13,224,42,8,50,274
06/22/2006,CRW,WV,AEA,CE,Combined TRACON& Tower with Radar,0,127,45,15,187,0,15,36,9,60,0,142,81,24,247,46,32,78,325
06/23/2006,CRW,WV,AEA,CE,Combined TRACON& Tower with Radar,0,107,30,3,140,0,7,15,0,22,0,114,45,3,162,8,0,8,170
06/24/2006,CRW,WV,AEA,CE,Combined TRACON& Tower with Radar,0,90,43,2,135,0,10,7,0,17,0,100,50,2,152,2,0,2,154
06/25/2006,CRW,WV,AEA,CE,Combined TRACON& Tower with Radar,0,55,19,2,76,0,1,0,0,1,0,56,19,2,77,0,0,0,77
06/26/2006,CRW,WV,AEA,CE,Combined TRACON& Tower with Radar,0,111,31,0,142,0,0,1,0,1,0,111,32,0,143,10,0,10,153
06/27/2006,CRW,WV,AEA,CE,Combined TRACON& Tower with Radar,0,128,54,9,191,0,28,21,0,49,0,156,75,9,240,0,32,32,272
06/28/2006,CRW,WV,AEA,CE,Combined TRACON& Tower with Radar,0,125,49,22,196,0,27,32,5,64,0,152,81,27,260,44,10,54,314
06/29/2006,CRW,WV,AEA,CE,Combined TRACON& Tower with Radar,0,136,45,16,197,0,41,56,1,98,0,177,101,17,295,42,20,62,357
06/30/2006,CRW,WV,AEA,CE,Combined TRACON& Tower with Radar,2,127,45,5,179,0,3,48,0,51,2,130,93,5,230,10,0,10,240
07/01/2006,CRW,WV,AEA,CE,Combined TRACON& Tower with Radar,0,89,27,7,123,0,21,40,0,61,0,110,67,7,184,68,0,68,252
07/02/2006,CRW,WV,AEA,CE,Combined TRACON& Tower with Radar,0,49,26,0,75,0,47,15,1,63,0,96,41,1,138,0,0,0,138
07/03/2006,CRW,WV,AEA,CE,Combined TRACON& Tower with Radar,2,81,18,0,101,0,17,13,1,31,2,98,31,1,132,24,0,24,156
07/04/2006,CRW,WV,AEA,CE,Combined TRACON& Tower with Radar,0,87,5,0,92,0,11,36,0,47,0,98,41,0,139,60,0,60,199
07/05/2006,CRW,WV,AEA,CE,Combined TRACON& Tower with Radar,0,95,27,2,124,0,0,2,0,2,0,95,29,2,126,0,0,0,126
07/06/2006,CRW,WV,AEA,CE,Combined TRACON& Tower with Radar,0,128,46,19,193,0,10,70,0,80,0,138,116,19,273,24,24,48,321
07/07/2006,CRW,WV,AEA,CE,Combined TRACON& Tower with Radar,0,121,39,11,171,0,25,52,4,81,0,146,91,15,252,40,68,108,360
07/08/2006,CRW,WV,AEA,CE,Combined TRACON& Tower with Radar,0,81,32,6,119,0,16,33,1,50,0,97,65,7,169,16,30,46,215
07/09/2006,CRW,WV,AEA,CE,Combined TRACON& Tower with Radar,0,60,30,6,96,0,20,42,5,67,0,80,72,11,163,0,0,0,163
07/10/2006,CRW,WV,AEA,CE,Combined TRACON& Tower with Radar,0,97,39,12,148,0,1,33,0,34,0,98,72,12,182,63,32,95,277
07/11/2006,CRW,WV,AEA,CE,Combined TRACON& Tower with Radar,0,115,46,6,167,0,9,38,0,47,0,124,84,6,214,38,6,44,258
07/12/2006,CRW,WV,AEA,CE,Combined TRACON& Tower with Radar,0,121,39,4,164,0,10,27,4,41,0,131,66,8,205,44,8,52,257
07/13/2006,CRW,WV,AEA,CE,Combined TRACON& Tower with Radar,0,120,40,4,164,0,2,10,2,14,0,122,50,6,178,0,0,0,178
07/14/2006,CRW,WV,AEA,CE,Combined TRACON& Tower with Radar,0,131,40,8,179,0,11,13,3,27,0,142,53,11,206,34,0,34,240
07/15/2006,CRW,WV,AEA,CE,Combined TRACON& Tower with Radar,0,77,27,4,108,0,15,15,2,32,0,92,42,6,140,34,0,34,174
07/16/2006,CRW,WV,AEA,CE,Combined TRACON& Tower with Radar,1,63,20,0,84,0,10,26,0,36,1,73,46,0,120,6,0,6,126
07/17/2006,CRW,WV,AEA,CE,Combined TRACON& Tower with Radar,0,99,39,0,138,0,24,42,6,72,0,123,81,6,210,46,0,46,256
07/18/2006,CRW,WV,AEA,CE,Combined TRACON& Tower with Radar,0,106,38,9,153,0,69,54,7,130,0,175,92,16,283,18,0,18,301
07/19/2006,CRW,WV,AEA,CE,Combined TRACON& Tower with Radar,0,115,66,34,215,0,13,27,9,49,0,128,93,43,264,34,32,66,330
07/20/2006,CRW,WV,AEA,CE,Combined TRACON& Tower with Radar,0,136,48,33,217,0,16,49,4,69,0,152,97,37,286,16,64,80,366
07/21/2006,CRW,WV,AEA,CE,Combined TRACON& Tower with Radar,2,120,50,11,183,0,18,20,5,43,2,138,70,16,226,62,10,72,298
07/22/2006,CRW,WV,AEA,CE,Combined TRACON& Tower with Radar,0,80,25,6,111,0,5,1,6,12,0,85,26,12,123,0,0,0,123
07/23/2006,CRW,WV,AEA,CE,Combined TRACON& Tower with Radar,2,62,36,1,101,0,23,40,0,63,2,85,76,1,164,4,0,4,168
07/24/2006,CRW,WV,AEA,CE,Combined TRACON& Tower with Radar,0,96,26,5,127,0,18,42,11,71,0,114,68,16,198,18,0,18,216
07/25/2006,CRW,WV,AEA,CE,Combined TRACON& Tower with Radar,0,119,54,14,187,0,18,62,10,90,0,137,116,24,277,44,22,66,343
07/26/2006,CRW,WV,AEA,CE,Combined TRACON& Tower with Radar,0,128,36,11,175,0,0,0,0,0,0,128,36,11,175,0,0,0,175
07/27/2006,CRW,WV,AEA,CE,Combined TRACON& Tower with Radar,0,118,55,5,178,0,26,54,22,102,0,144,109,27,280,62,0,62,342
07/28/2006,CRW,WV,AEA,CE,Combined TRACON& Tower with Radar,0,115,35,2,152,0,44,14,5,63,0,159,49,7,215,19,6,25,240
07/29/2006,CRW,WV,AEA,CE,Combined TRACON& Tower with Radar,0,80,31,3,114,0,20,9,0,29,0,100,40,3,143,0,0,0,143
07/30/2006,CRW,WV,AEA,CE,Combined TRACON& Tower with Radar,0,62,28,2,92,0,19,11,0,30,0,81,39,2,122,2,0,2,124
07/31/2006,CRW,WV,AEA,CE,Combined TRACON& Tower with Radar,0,99,47,0,146,0,15,30,0,45,0,114,77,0,191,36,0,36,227
08/01/2006,CRW,WV,AEA,CE,Combined TRACON& Tower with Radar,0,122,42,16,180,0,8,35,5,48,0,130,77,21,228,20,2,22,250
08/02/2006,CRW,WV,AEA,CE,Combined TRACON& Tower with Radar,0,125,31,10,166,0,3,43,3,49,0,128,74,13,215,10,4,14,229
08/03/2006,CRW,WV,AEA,CE,Combined TRACON& Tower with Radar,0,132,30,5,167,0,27,28,4,59,0,159,58,9,226,36,0,36,262
08/04/2006,CRW,WV,AEA,CE,Combined TRACON& Tower with Radar,0,115,51,10,176,0,16,31,5,52,0,131,82,15,228,72,0,72,300
08/05/2006,CRW,WV,AEA,CE,Combined TRACON& Tower with Radar,0,79,22,2,103,0,32,33,4,69,0,111,55,6,172,34,0,34,206
08/06/2006,CRW,WV,AEA,CE,Combined TRACON& Tower with Radar,0,58,44,15,117,0,19,0,0,19,0,77,44,15,136,26,6,32,168
08/07/2006,CRW,WV,AEA,CE,Combined TRACON& Tower with Radar,0,96,61,0,157,0,8,35,0,43,0,104,96,0,200,41,0,41,241
08/08/2006,CRW,WV,AEA,CE,Combined TRACON& Tower with Radar,0,117,43,11,171,0,10,25,0,35,0,127,68,11,206,56,20,76,282
08/09/2006,CRW,WV,AEA,CE,Combined TRACON& Tower with Radar,0,119,63,7,189,0,6,47,12,65,0,125,110,19,254,128,6,134,388
08/10/2006,CRW,WV,AEA,CE,Combined TRACON& Tower with Radar,0,118,45,11,174,0,0,11,1,12,0,118,56,12,186,2,16,18,204
08/11/2006,CRW,WV,AEA,CE,Combined TRACON& Tower with Radar,0,122,43,19,184,0,10,19,5,34,0,132,62,24,218,2,0,2,220
08/12/2006,CRW,WV,AEA,CE,Combined TRACON& Tower with Radar,0,80,18,2,100,0,10,40,0,50,0,90,58,2,150,56,0,56,206
08/13/2006,CRW,WV,AEA,CE,Combined TRACON& Tower with Radar,0,56,24,2,82,0,6,42,0,48,0,62,66,2,130,0,0,0,130
08/14/2006,CRW,WV,AEA,CE,Combined TRACON& Tower with Radar,0,102,31,4,137,0,25,33,1,59,0,127,64,5,196,30,0,30,226
08/15/2006,CRW,WV,AEA,CE,Combined TRACON& Tower with Radar,0,125,35,17,177,0,21,28,0,49,0,146,63,17,226,8,26,34,260
08/16/2006,CRW,WV,AEA,CE,Combined TRACON& Tower with Radar,0,121,33,18,172,0,25,57,0,82,0,146,90,18,254,24,20,44,298
08/17/2006,CRW,WV,AEA,CE,Combined TRACON& Tower with Radar,0,125,44,23,192,0,36,54,0,90,0,161,98,23,282,82,64,146,428
08/18/2006,CRW,WV,AEA,CE,Combined TRACON& Tower with Radar,0,119,31,10,160,0,48,56,0,104,0,167,87,10,264,20,0,20,284
08/19/2006,CRW,WV,AEA,CE,Combined TRACON& Tower with Radar,0,86,25,0,111,0,32,14,2,48,0,118,39,2,159,28,0,28,187
08/20/2006,CRW,WV,AEA,CE,Combined TRACON& Tower with Radar,0,58,13,3,74,0,1,2,0,3,0,59,15,3,77,0,0,0,77
08/21/2006,CRW,WV,AEA,CE,Combined TRACON& Tower with Radar,0,103,34,5,142,0,10,34,0,44,0,113,68,5,186,66,0,66,252
08/22/2006,CRW,WV,AEA,CE,Combined TRACON& Tower with Radar,0,110,27,7,144,0,15,36,5,56,0,125,63,12,200,34,4,38,238
08/23/2006,CRW,WV,AEA,CE,Combined TRACON& Tower with Radar,0,116,40,14,170,0,5,43,3,51,0,121,83,17,221,54,92,146,367
08/24/2006,CRW,WV,AEA,CE,Combined TRACON& Tower with Radar,0,124,56,34,214,0,4,56,0,60,0,128,112,34,274,28,54,82,356
08/25/2006,CRW,WV,AEA,CE,Combined TRACON& Tower with Radar,0,116,52,28,196,0,27,44,1,72,0,143,96,29,268,16,0,16,284
08/26/2006,CRW,WV,AEA,CE,Combined TRACON& Tower with Radar,0,82,37,0,119,0,15,31,0,46,0,97,68,0,165,56,0,56,221
08/27/2006,CRW,WV,AEA,CE,Combined TRACON& Tower with Radar,0,58,30,3,91,0,29,8,0,37,0,87,38,3,128,52,0,52,180
08/28/2006,CRW,WV,AEA,CE,Combined TRACON& Tower with Radar,0,101,22,9,132,0,0,13,0,13,0,101,35,9,145,0,10,10,155
08/29/2006,CRW,WV,AEA,CE,Combined TRACON& Tower with Radar,0,105,34,7,146,0,0,18,1,19,0,105,52,8,165,40,26,66,231
08/30/2006,CRW,WV,AEA,CE,Combined TRACON& Tower with Radar,0,119,34,8,161,0,2,11,0,13,0,121,45,8,174,10,2,12,186
08/31/2006,CRW,WV,AEA,CE,Combined TRACON& Tower with Radar,0,134,35,48,217,0,8,0,0,8,0,142,35,48,225,0,2,2,227
09/01/2006,CRW,WV,AEA,CE,Combined TRACON& Tower with Radar,0,105,27,6,138,0,6,3,0,9,0,111,30,6,147,20,0,20,167
09/02/2006,CRW,WV,AEA,CE,Combined TRACON& Tower with Radar,0,77,18,1,96,0,5,8,2,15,0,82,26,3,111,23,0,23,134
09/03/2006,CRW,WV,AEA,CE,Combined TRACON& Tower with Radar,0,60,8,1,69,0,4,4,0,8,0,64,12,1,77,0,0,0,77
09/04/2006,CRW,WV,AEA,CE,Combined TRACON& Tower with Radar,0,79,39,1,119,0,3,31,0,34,0,82,70,1,153,70,0,70,223
09/05/2006,CRW,WV,AEA,CE,Combined TRACON& Tower with Radar,0,101,27,12,140,0,0,0,0,0,0,101,27,12,140,0,0,0,140
09/06/2006,CRW,WV,AEA,CE,Combined TRACON& Tower with Radar,0,121,44,10,175,0,6,24,4,34,0,127,68,14,209,16,36,52,261
09/07/2006,CRW,WV,AEA,CE,Combined TRACON& Tower with Radar,0,129,42,5,176,0,24,75,2,101,0,153,117,7,277,60,7,67,344
09/08/2006,CRW,WV,AEA,CE,Combined TRACON& Tower with Radar,2,125,38,33,198,0,22,42,5,69,2,147,80,38,267,24,58,82,349
09/09/2006,CRW,WV,AEA,CE,Combined TRACON& Tower with Radar,0,86,27,16,129,0,25,48,11,84,0,111,75,27,213,12,12,24,237
09/10/2006,CRW,WV,AEA,CE,Combined TRACON& Tower with Radar,0,52,22,6,80,0,19,48,6,73,0,71,70,12,153,6,6,12,165
09/11/2006,CRW,WV,AEA,CE,Combined TRACON& Tower with Radar,1,107,35,16,159,0,34,24,0,58,1,141,59,16,217,16,24,40,257
09/12/2006,CRW,WV,AEA,CE,Combined TRACON& Tower with Radar,0,118,51,12,181,0,6,18,0,24,0,124,69,12,205,24,18,42,247
09/13/2006,CRW,WV,AEA,CE,Combined TRACON& Tower with Radar,0,116,46,28,190,0,0,11,0,11,0,116,57,28,201,10,20,30,231
09/14/2006,CRW,WV,AEA,CE,Combined TRACON& Tower with Radar,0,125,60,36,221,0,3,11,3,17,0,128,71,39,238,0,16,16,254
09/15/2006,CRW,WV,AEA,CE,Combined TRACON& Tower with Radar,0,136,53,32,221,0,5,22,0,27,0,141,75,32,248,0,0,0,248
09/16/2006,CRW,WV,AEA,CE,Combined TRACON& Tower with Radar,0,86,24,1,111,0,8,16,2,26,0,94,40,3,137,10,0,10,147
09/17/2006,CRW,WV,AEA,CE,Combined TRACON& Tower with Radar,0,56,29,4,89,0,4,34,4,42,0,60,63,8,131,74,0,74,205
09/18/2006,CRW,WV,AEA,CE,Combined TRACON& Tower with Radar,0,104,40,12,156,0,11,20,0,31,0,115,60,12,187,0,0,0,187
09/19/2006,CRW,WV,AEA,CE,Combined TRACON& Tower with Radar,0,114,50,33,197,0,17,39,4,60,0,131,89,37,257,16,90,106,363
09/20/2006,CRW,WV,AEA,CE,Combined TRACON& Tower with Radar,0,112,42,8,162,0,5,24,1,30,0,117,66,9,192,44,10,54,246
09/21/2006,CRW,WV,AEA,CE,Combined TRACON& Tower with Radar,0,126,48,6,180,0,31,60,5,96,0,157,108,11,276,4,30,34,310
09/22/2006,CRW,WV,AEA,CE,Combined TRACON& Tower with Radar,0,122,46,23,191,0,20,26,4,50,0,142,72,27,241,20,0,20,261
09/23/2006,CRW,WV,AEA,CE,Combined TRACON& Tower with Radar,0,83,12,4,99,0,22,5,0,27,0,105,17,4,126,10,0,10,136
09/24/2006,CRW,WV,AEA,CE,Combined TRACON& Tower with Radar,0,60,17,3,80,0,16,4,1,21,0,76,21,4,101,0,0,0,101
09/25/2006,CRW,WV,AEA,CE,Combined TRACON& Tower with Radar,0,97,38,5,140,0,21,38,3,62,0,118,76,8,202,52,0,52,254
09/26/2006,CRW,WV,AEA,CE,Combined TRACON& Tower with Radar,0,141,56,7,204,0,29,68,1,98,0,170,124,8,302,88,12,100,402
09/27/2006,CRW,WV,AEA,CE,Combined TRACON& Tower with Radar,0,121,44,30,195,0,25,72,0,97,0,146,116,30,292,154,50,204,496
09/28/2006,CRW,WV,AEA,CE,Combined TRACON& Tower with Radar,0,117,51,4,172,0,12,19,0,31,0,129,70,4,203,28,18,46,249
09/29/2006,CRW,WV,AEA,CE,Combined TRACON& Tower with Radar,0,137,35,7,179,0,18,16,0,34,0,155,51,7,213,10,0,10,223
09/30/2006,CRW,WV,AEA,CE,Combined TRACON& Tower with Radar,0,82,23,2,107,0,15,26,0,41,0,97,49,2,148,44,0,44,192
10/01/2006,CRW,WV,AEA,CE,Combined TRACON& Tower with Radar,0,56,21,1,78,0,25,37,0,62,0,81,58,1,140,8,0,8,148
10/02/2006,CRW,WV,AEA,CE,Combined TRACON& Tower with Radar,0,89,36,0,125,0,10,37,0,47,0,99,73,0,172,44,0,44,216
10/03/2006,CRW,WV,AEA,CE,Combined TRACON& Tower with Radar,0,117,30,9,156,0,3,39,0,42,0,120,69,9,198,22,2,24,222
10/04/2006,CRW,WV,AEA,CE,Combined TRACON& Tower with Radar,0,115,39,3,157,0,24,45,1,70,0,139,84,4,227,38,22,60,287
10/05/2006,CRW,WV,AEA,CE,Combined TRACON& Tower with Radar,0,118,53,15,186,0,5,18,0,23,0,123,71,15,209,6,18,24,233
10/06/2006,CRW,WV,AEA,CE,Combined TRACON& Tower with Radar,0,118,31,18,167,0,4,4,0,8,0,122,35,18,175,14,0,14,189
10/07/2006,CRW,WV,AEA,CE,Combined TRACON& Tower with Radar,0,82,31,2,115,0,29,35,0,64,0,111,66,2,179,42,0,42,221
10/08/2006,CRW,WV,AEA,CE,Combined TRACON& Tower with Radar,0,55,22,11,88,0,5,42,0,47,0,60,64,11,135,8,0,8,143
10/09/2006,CRW,WV,AEA,CE,Combined TRACON& Tower with Radar,0,73,32,0,105,0,11,40,2,53,0,84,72,2,158,74,24,98,256
10/10/2006,CRW,WV,AEA,CE,Combined TRACON& Tower with Radar,0,92,29,5,126,0,18,36,3,57,0,110,65,8,183,14,0,14,197
10/11/2006,CRW,WV,AEA,CE,Combined TRACON& Tower with Radar,0,108,47,9,164,0,4,23,5,32,0,112,70,14,196,52,12,64,260
10/12/2006,CRW,WV,AEA,CE,Combined TRACON& Tower with Radar,0,124,30,11,165,0,11,17,0,28,0,135,47,11,193,10,16,26,219
10/13/2006,CRW,WV,AEA,CE,Combined TRACON& Tower with Radar,0,133,35,5,173,0,8,35,3,46,0,141,70,8,219,20,0,20,239
10/14/2006,CRW,WV,AEA,CE,Combined TRACON& Tower with Radar,0,88,23,12,123,0,26,32,4,62,0,114,55,16,185,46,22,68,253
10/15/2006,CRW,WV,AEA,CE,Combined TRACON& Tower with Radar,0,70,35,7,112,0,18,36,3,57,0,88,71,10,169,6,0,6,175
10/16/2006,CRW,WV,AEA,CE,Combined TRACON& Tower with Radar,0,105,29,1,135,0,22,31,7,60,0,127,60,8,195,12,0,12,207
10/17/2006,CRW,WV,AEA,CE,Combined TRACON& Tower with Radar,0,114,32,1,147,0,8,16,0,24,0,122,48,1,171,26,0,26,197
10/18/2006,CRW,WV,AEA,CE,Combined TRACON& Tower with Radar,0,122,36,16,174,0,6,32,6,44,0,128,68,22,218,32,20,52,270
10/19/2006,CRW,WV,AEA,CE,Combined TRACON& Tower with Radar,0,112,54,14,180,0,19,22,0,41,0,131,76,14,221,48,16,64,285
10/20/2006,CRW,WV,AEA,CE,Combined TRACON& Tower with Radar,2,122,30,9,163,0,7,18,1,26,2,129,48,10,189,0,0,0,189
10/21/2006,CRW,WV,AEA,CE,Combined TRACON& Tower with Radar,0,93,32,5,130,0,5,50,3,58,0,98,82,8,188,60,0,60,248
10/22/2006,CRW,WV,AEA,CE,Combined TRACON& Tower with Radar,0,52,34,0,86,0,10,8,2,20,0,62,42,2,106,8,0,8,114
10/23/2006,CRW,WV,AEA,CE,Combined TRACON& Tower with Radar,1,108,18,0,127,0,1,26,3,30,1,109,44,3,157,0,0,0,157
10/24/2006,CRW,WV,AEA,CE,Combined TRACON& Tower with Radar,4,100,28,5,137,0,6,19,0,25,4,106,47,5,162,0,0,0,162
10/25/2006,CRW,WV,AEA,CE,Combined TRACON& Tower with Radar,0,90,49,6,145,0,8,47,1,56,0,98,96,7,201,24,8,32,233
10/26/2006,CRW,WV,AEA,CE,Combined TRACON& Tower with Radar,0,120,41,12,173,0,8,30,3,41,0,128,71,15,214,0,0,0,214
10/27/2006,CRW,WV,AEA,CE,Combined TRACON& Tower with Radar,0,121,39,8,168,0,3,0,0,3,0,124,39,8,171,4,0,4,175
10/28/2006,CRW,WV,AEA,CE,Combined TRACON& Tower with Radar,0,83,24,1,108,0,2,5,0,7,0,85,29,1,115,0,0,0,115
10/29/2006,CRW,WV,AEA,CE,Combined TRACON& Tower with Radar,0,38,33,1,72,0,14,16,0,30,0,52,49,1,102,28,0,28,130
10/30/2006,CRW,WV,AEA,CE,Combined TRACON& Tower with Radar,0,93,38,0,131,0,0,0,0,0,0,93,38,0,131,12,0,12,143
10/31/2006,CRW,WV,AEA,CE,Combined TRACON& Tower with Radar,0,107,34,5,146,0,18,35,2,55,0,125,69,7,201,30,28,58,259
11/01/2006,CRW,WV,AEA,CE,Combined TRACON& Tower with Radar,0,124,34,8,166,0,0,10,0,10,0,124,44,8,176,26,0,26,202
11/02/2006,CRW,WV,AEA,CE,Combined TRACON& Tower with Radar,0,128,46,15,189,0,7,43,0,50,0,135,89,15,239,12,12,24,263
11/03/2006,CRW,WV,AEA,CE,Combined TRACON& Tower with Radar,0,130,53,23,206,1,16,73,5,95,1,146,126,28,301,24,14,38,339
11/04/2006,CRW,WV,AEA,CE,Combined TRACON& Tower with Radar,0,81,25,29,135,0,16,56,4,76,0,97,81,33,211,56,2,58,269
11/05/2006,CRW,WV,AEA,CE,Combined TRACON& Tower with Radar,0,57,25,8,90,0,17,60,5,82,0,74,85,13,172,16,0,16,188
11/06/2006,CRW,WV,AEA,CE,Combined TRACON& Tower with Radar,0,91,31,3,125,0,12,31,0,43,0,103,62,3,168,40,0,40,208
11/07/2006,CRW,WV,AEA,CE,Combined TRACON& Tower with Radar,0,104,19,10,133,0,15,7,0,22,0,119,26,10,155,10,16,26,181
11/08/2006,CRW,WV,AEA,CE,Combined TRACON& Tower with Radar,0,106,34,23,163,0,0,2,1,3,0,106,36,24,166,6,12,18,184
11/09/2006,CRW,WV,AEA,CE,Combined TRACON& Tower with Radar,0,136,45,33,214,0,14,49,1,64,0,150,94,34,278,24,16,40,318
11/10/2006,CRW,WV,AEA,CE,Combined TRACON& Tower with Radar,0,124,29,0,153,0,18,66,0,84,0,142,95,0,237,22,0,22,259
11/11/2006,CRW,WV,AEA,CE,Combined TRACON& Tower with Radar,0,87,15,1,103,0,27,6,2,35,0,114,21,3,138,34,6,40,178
11/12/2006,CRW,WV,AEA,CE,Combined TRACON& Tower with Radar,0,58,10,1,69,0,1,2,0,3,0,59,12,1,72,0,0,0,72
11/13/2006,CRW,WV,AEA,CE,Combined TRACON& Tower with Radar,0,89,46,4,139,0,11,12,0,23,0,100,58,4,162,0,0,0,162
11/14/2006,CRW,WV,AEA,CE,Combined TRACON& Tower with Radar,0,117,32,37,186,0,0,21,3,24,0,117,53,40,210,6,10,16,226
11/15/2006,CRW,WV,AEA,CE,Combined TRACON& Tower with Radar,0,114,31,12,157,0,22,11,5,38,0,136,42,17,195,16,6,22,217
11/16/2006,CRW,WV,AEA,CE,Combined TRACON& Tower with Radar,0,120,30,33,183,0,4,17,1,22,0,124,47,34,205,12,27,39,244
11/17/2006,CRW,WV,AEA,CE,Combined TRACON& Tower with Radar,0,126,33,3,162,0,1,5,1,7,0,127,38,4,169,2,0,2,171
11/18/2006,CRW,WV,AEA,CE,Combined TRACON& Tower with Radar,0,90,24,10,124,0,18,77,2,97,0,108,101,12,221,48,0,48,269
11/19/2006,CRW,WV,AEA,CE,Combined TRACON& Tower with Radar,0,55,13,2,70,0,1,3,0,4,0,56,16,2,74,0,0,0,74
11/20/2006,CRW,WV,AEA,CE,Combined TRACON& Tower with Radar,3,92,33,3,131,0,1,5,0,6,3,93,38,3,137,18,0,18,155
11/21/2006,CRW,WV,AEA,CE,Combined TRACON& Tower with Radar,0,115,42,6,163,0,22,34,2,58,0,137,76,8,221,14,16,30,251
11/22/2006,CRW,WV,AEA,CE,Combined TRACON& Tower with Radar,0,120,27,5,152,0,26,36,0,62,0,146,63,5,214,2,0,2,216
11/23/2006,CRW,WV,AEA,CE,Combined TRACON& Tower with Radar,0,90,26,0,116,0,12,17,0,29,0,102,43,0,145,8,0,8,153
11/24/2006,CRW,WV,AEA,CE,Combined TRACON& Tower with Radar,0,61,15,0,76,0,7,32,0,39,0,68,47,0,115,18,0,18,133
11/25/2006,CRW,WV,AEA,CE,Combined TRACON& Tower with Radar,0,86,23,1,110,0,14,39,0,53,0,100,62,1,163,12,0,12,175
11/26/2006,CRW,WV,AEA,CE,Combined TRACON& Tower with Radar,0,69,34,0,103,0,10,45,0,55,0,79,79,0,158,6,0,6,164
11/27/2006,CRW,WV,AEA,CE,Combined TRACON& Tower with Radar,0,95,33,2,130,0,16,46,1,63,0,111,79,3,193,15,0,15,208
11/28/2006,CRW,WV,AEA,CE,Combined TRACON& Tower with Radar,0,140,23,4,167,0,0,45,0,45,0,140,68,4,212,40,8,48,260
11/29/2006,CRW,WV,AEA,CE,Combined TRACON& Tower with Radar,0,124,38,11,173,0,19,22,1,42,0,143,60,12,215,12,16,28,243
11/30/2006,CRW,WV,AEA,CE,Combined TRACON& Tower with Radar,0,129,74,32,235,0,13,0,0,13,0,142,74,32,248,56,68,124,372
12/01/2006,CRW,WV,AEA,CE,Combined TRACON& Tower with Radar,0,117,16,15,148,0,0,10,0,10,0,117,26,15,158,0,8,8,166
12/02/2006,CRW,WV,AEA,CE,Combined TRACON& Tower with Radar,0,87,9,9,105,0,25,35,8,68,0,112,44,17,173,72,6,78,251
12/03/2006,CRW,WV,AEA,CE,Combined TRACON& Tower with Radar,0,60,16,11,87,0,17,20,3,40,0,77,36,14,127,24,20,44,171
12/04/2006,CRW,WV,AEA,CE,Combined TRACON& Tower with Radar,0,101,18,3,122,0,23,14,0,37,0,124,32,3,159,0,0,0,159
12/05/2006,CRW,WV,AEA,CE,Combined TRACON& Tower with Radar,0,117,36,11,164,0,10,42,2,54,0,127,78,13,218,52,2,54,272
12/06/2006,CRW,WV,AEA,CE,Combined TRACON& Tower with Radar,0,121,28,14,163,0,10,34,0,44,0,131,62,14,207,20,0,20,227
12/07/2006,CRW,WV,AEA,CE,Combined TRACON& Tower with Radar,0,117,39,8,164,0,1,6,3,10,0,118,45,11,174,0,40,40,214
12/08/2006,CRW,WV,AEA,CE,Combined TRACON& Tower with Radar,0,126,34,6,166,0,0,15,0,15,0,126,49,6,181,20,0,20,201
12/09/2006,CRW,WV,AEA,CE,Combined TRACON& Tower with Radar,0,78,17,7,102,0,0,0,0,0,0,78,17,7,102,64,0,64,166
12/10/2006,CRW,WV,AEA,CE,Combined TRACON& Tower with Radar,0,59,11,5,75,0,21,18,0,39,0,80,29,5,114,12,0,12,126
12/11/2006,CRW,WV,AEA,CE,Combined TRACON& Tower with Radar,0,91,40,2,133,0,14,33,0,47,0,105,73,2,180,24,0,24,204
12/12/2006,CRW,WV,AEA,CE,Combined TRACON& Tower with Radar,0,116,50,4,170,0,15,56,0,71,0,131,106,4,241,118,4,122,363
12/13/2006,CRW,WV,AEA,CE,Combined TRACON& Tower with Radar,0,118,48,6,172,0,5,42,4,51,0,123,90,10,223,36,20,56,279
12/14/2006,CRW,WV,AEA,CE,Combined TRACON& Tower with Radar,0,104,65,25,194,0,5,54,4,63,0,109,119,29,257,34,10,44,301
12/15/2006,CRW,WV,AEA,CE,Combined TRACON& Tower with Radar,0,113,44,1,158,0,9,22,2,33,0,122,66,3,191,26,0,26,217
12/16/2006,CRW,WV,AEA,CE,Combined TRACON& Tower with Radar,0,86,31,2,119,0,16,30,0,46,0,102,61,2,165,90,0,90,255
12/17/2006,CRW,WV,AEA,CE,Combined TRACON& Tower with Radar,0,57,17,4,78,0,13,20,0,33,0,70,37,4,111,18,0,18,129
12/18/2006,CRW,WV,AEA,CE,Combined TRACON& Tower with Radar,0,95,29,5,129,0,9,17,2,28,0,104,46,7,157,4,0,4,161
12/19/2006,CRW,WV,AEA,CE,Combined TRACON& Tower with Radar,0,115,19,11,145,0,10,51,2,63,0,125,70,13,208,10,20,30,238
12/20/2006,CRW,WV,AEA,CE,Combined TRACON& Tower with Radar,0,117,38,12,167,0,22,42,6,70,0,139,80,18,237,22,16,38,275
12/21/2006,CRW,WV,AEA,CE,Combined TRACON& Tower with Radar,0,119,17,8,144,0,12,13,0,25,0,131,30,8,169,24,0,24,193
12/22/2006,CRW,WV,AEA,CE,Combined TRACON& Tower with Radar,0,116,12,6,134,0,5,3,0,8,0,121,15,6,142,0,0,0,142
12/23/2006,CRW,WV,AEA,CE,Combined TRACON& Tower with Radar,0,91,17,1,109,0,9,12,0,21,0,100,29,1,130,26,0,26,156
12/24/2006,CRW,WV,AEA,CE,Combined TRACON& Tower with Radar,0,42,6,0,48,0,14,5,0,19,0,56,11,0,67,0,0,0,67
12/25/2006,CRW,WV,AEA,CE,Combined TRACON& Tower with Radar,0,41,6,0,47,0,5,0,0,5,0,46,6,0,52,0,0,0,52
12/26/2006,CRW,WV,AEA,CE,Combined TRACON& Tower with Radar,0,85,8,0,93,0,5,4,0,9,0,90,12,0,102,0,0,0,102
12/27/2006,CRW,WV,AEA,CE,Combined TRACON& Tower with Radar,0,71,17,0,88,0,31,34,0,65,0,102,51,0,153,40,0,40,193
12/28/2006,CRW,WV,AEA,CE,Combined TRACON& Tower with Radar,0,109,16,0,125,0,41,35,0,76,0,150,51,0,201,62,0,62,263
12/29/2006,CRW,WV,AEA,CE,Combined TRACON& Tower with Radar,0,104,27,5,136,0,13,33,3,49,0,117,60,8,185,0,0,0,185
12/30/2006,CRW,WV,AEA,CE,Combined TRACON& Tower with Radar,0,80,28,0,108,0,14,35,0,49,0,94,63,0,157,36,0,36,193
12/31/2006,CRW,WV,AEA,CE,Combined TRACON& Tower with Radar,0,41,9,0,50,0,6,12,0,18,0,47,21,0,68,0,0,0,68
01/01/2007,CRW,WV,AEA,CE,Combined TRACON& Tower with Radar,0,58,21,0,79,0,15,1,0,16,0,73,22,0,95,0,0,0,95
01/02/2007,CRW,WV,AEA,CE,Combined TRACON& Tower with Radar,0,96,25,0,121,0,16,18,0,34,0,112,43,0,155,0,0,0,155
01/03/2007,CRW,WV,AEA,CE,Combined TRACON& Tower with Radar,0,123,37,24,184,0,19,36,2,57,0,142,73,26,241,14,52,66,307
01/04/2007,CRW,WV,AEA,CE,Combined TRACON& Tower with Radar,0,118,34,8,160,0,29,33,2,64,0,147,67,10,224,48,38,86,310
01/05/2007,CRW,WV,AEA,CE,Combined TRACON& Tower with Radar,0,109,22,12,143,0,2,5,2,9,0,111,27,14,152,12,40,52,204
01/06/2007,CRW,WV,AEA,CE,Combined TRACON& Tower with Radar,0,82,11,12,105,0,3,1,8,12,0,85,12,20,117,34,4,38,155
01/07/2007,CRW,WV,AEA,CE,Combined TRACON& Tower with Radar,0,48,14,6,68,0,7,2,1,10,0,55,16,7,78,0,2,2,80
01/08/2007,CRW,WV,AEA,CE,Combined TRACON& Tower with Radar,0,90,28,6,124,0,0,0,0,0,0,90,28,6,124,6,0,6,130
01/09/2007,CRW,WV,AEA,CE,Combined TRACON& Tower with Radar,0,104,23,4,131,0,7,1,0,8,0,111,24,4,139,0,2,2,141
01/10/2007,CRW,WV,AEA,CE,Combined TRACON& Tower with Radar,0,117,28,12,157,0,19,39,2,60,0,136,67,14,217,30,34,64,281
01/11/2007,CRW,WV,AEA,CE,Combined TRACON& Tower with Radar,0,114,48,9,171,0,13,52,1,66,0,127,100,10,237,54,24,78,315
01/12/2007,CRW,WV,AEA,CE,Combined TRACON& Tower with Radar,0,110,27,3,140,0,2,2,0,4,0,112,29,3,144,0,0,0,144
01/13/2007,CRW,WV,AEA,CE,Combined TRACON& Tower with Radar,0,80,6,5,91,0,15,1,0,16,0,95,7,5,107,0,0,0,107
01/14/2007,CRW,WV,AEA,CE,Combined TRACON& Tower with Radar,0,53,14,0,67,0,9,9,0,18,0,62,23,0,85,2,0,2,87
01/15/2007,CRW,WV,AEA,CE,Combined TRACON& Tower with Radar,0,76,20,1,97,0,16,5,0,21,0,92,25,1,118,10,2,12,130
01/16/2007,CRW,WV,AEA,CE,Combined TRACON& Tower with Radar,0,98,19,12,129,0,3,2,0,5,0,101,21,12,134,0,0,0,134
01/17/2007,CRW,WV,AEA,CE,Combined TRACON& Tower with Radar,0,112,37,29,178,0,5,35,7,47,0,117,72,36,225,24,40,64,289
01/18/2007,CRW,WV,AEA,CE,Combined TRACON& Tower with Radar,0,117,46,11,174,0,17,26,8,51,0,134,72,19,225,52,12,64,289
01/19/2007,CRW,WV,AEA,CE,Combined TRACON& Tower with Radar,0,115,37,10,162,0,14,13,2,29,0,129,50,12,191,0,12,12,203
01/20/2007,CRW,WV,AEA,CE,Combined TRACON& Tower with Radar,0,79,18,2,99,0,6,20,0,26,0,85,38,2,125,66,21,87,212
01/21/2007,CRW,WV,AEA,CE,Combined TRACON& Tower with Radar,0,44,4,0,48,0,7,0,0,7,0,51,4,0,55,4,0,4,59
01/22/2007,CRW,WV,AEA,CE,Combined TRACON& Tower with Radar,0,95,11,2,108,0,0,0,0,0,0,95,11,2,108,0,0,0,108
01/23/2007,CRW,WV,AEA,CE,Combined TRACON& Tower with Radar,0,106,22,0,128,0,2,6,1,9,0,108,28,1,137,4,0,4,141
01/24/2007,CRW,WV,AEA,CE,Combined TRACON& Tower with Radar,0,101,27,7,135,0,4,11,0,15,0,105,38,7,150,46,0,46,196
01/25/2007,CRW,WV,AEA,CE,Combined TRACON& Tower with Radar,0,109,22,1,132,0,0,0,0,0,0,109,22,1,132,0,0,0,132
01/26/2007,CRW,WV,AEA,CE,Combined TRACON& Tower with Radar,0,109,37,21,167,0,5,12,2,19,0,114,49,23,186,22,0,22,208
01/27/2007,CRW,WV,AEA,CE,Combined TRACON& Tower with Radar,0,74,19,1,94,0,25,21,0,46,0,99,40,1,140,8,0,8,148
01/28/2007,CRW,WV,AEA,CE,Combined TRACON& Tower with Radar,0,46,6,4,56,0,1,0,0,1,0,47,6,4,57,0,0,0,57
01/29/2007,CRW,WV,AEA,CE,Combined TRACON& Tower with Radar,0,110,20,4,134,0,8,9,0,17,0,118,29,4,151,26,0,26,177
01/30/2007,CRW,WV,AEA,CE,Combined TRACON& Tower with Radar,0,134,30,8,172,0,18,15,1,34,0,152,45,9,206,26,10,36,242
01/31/2007,CRW,WV,AEA,CE,Combined TRACON& Tower with Radar,0,105,46,5,156,0,7,18,0,25,0,112,64,5,181,62,36,98,279
02/01/2007,CRW,WV,AEA,CE,Combined TRACON& Tower with Radar,0,109,27,11,147,0,0,9,9,18,0,109,36,20,165,30,18,48,213
02/02/2007,CRW,WV,AEA,CE,Combined TRACON& Tower with Radar,0,97,18,8,123,0,0,0,0,0,0,97,18,8,123,0,0,0,123
02/03/2007,CRW,WV,AEA,CE,Combined TRACON& Tower with Radar,0,58,10,1,69,0,13,13,1,27,0,71,23,2,96,38,0,38,134
02/04/2007,CRW,WV,AEA,CE,Combined TRACON& Tower with Radar,0,61,7,4,72,0,8,2,0,10,0,69,9,4,82,0,0,0,82
02/05/2007,CRW,WV,AEA,CE,Combined TRACON& Tower with Radar,0,99,34,1,134,0,8,15,0,23,0,107,49,1,157,4,0,4,161
02/06/2007,CRW,WV,AEA,CE,Combined TRACON& Tower with Radar,0,90,20,2,112,0,13,13,0,26,0,103,33,2,138,0,0,0,138
02/07/2007,CRW,WV,AEA,CE,Combined TRACON& Tower with Radar,0,100,18,10,128,0,0,4,1,5,0,100,22,11,133,0,30,30,163
02/08/2007,CRW,WV,AEA,CE,Combined TRACON& Tower with Radar,0,107,24,10,141,0,8,14,3,25,0,115,38,13,166,0,12,12,178
02/09/2007,CRW,WV,AEA,CE,Combined TRACON& Tower with Radar,0,100,27,10,137,0,16,30,0,46,0,116,57,10,183,18,4,22,205
02/10/2007,CRW,WV,AEA,CE,Combined TRACON& Tower with Radar,0,54,10,0,64,0,13,20,8,41,0,67,30,8,105,36,0,36,141
02/11/2007,CRW,WV,AEA,CE,Combined TRACON& Tower with Radar,0,57,22,6,85,0,10,16,1,27,0,67,38,7,112,2,0,2,114
02/12/2007,CRW,WV,AEA,CE,Combined TRACON& Tower with Radar,0,95,32,4,131,0,10,9,0,19,0,105,41,4,150,62,0,62,212
02/13/2007,CRW,WV,AEA,CE,Combined TRACON& Tower with Radar,0,83,16,18,117,0,0,4,1,5,0,83,20,19,122,0,0,0,122
02/14/2007,CRW,WV,AEA,CE,Combined TRACON& Tower with Radar,0,83,12,2,97,0,0,0,0,0,0,83,12,2,97,0,0,0,97
02/15/2007,CRW,WV,AEA,CE,Combined TRACON& Tower with Radar,0,96,32,14,142,0,14,19,2,35,0,110,51,16,177,22,34,56,233
02/16/2007,CRW,WV,AEA,CE,Combined TRACON& Tower with Radar,0,95,31,5,131,0,16,27,0,43,0,111,58,5,174,14,0,14,188
02/17/2007,CRW,WV,AEA,CE,Combined TRACON& Tower with Radar,0,55,6,1,62,0,3,2,0,5,0,58,8,1,67,14,0,14,81
02/18/2007,CRW,WV,AEA,CE,Combined TRACON& Tower with Radar,0,57,10,2,69,0,1,0,0,1,0,58,10,2,70,40,0,40,110
02/19/2007,CRW,WV,AEA,CE,Combined TRACON& Tower with Radar,0,67,22,3,92,0,19,38,0,57,0,86,60,3,149,42,0,42,191
02/20/2007,CRW,WV,AEA,CE,Combined TRACON& Tower with Radar,0,100,25,8,133,0,6,30,0,36,0,106,55,8,169,52,0,52,221
02/21/2007,CRW,WV,AEA,CE,Combined TRACON& Tower with Radar,0,127,50,27,204,0,0,0,0,0,0,127,50,27,204,0,4,4,208
02/22/2007,CRW,WV,AEA,CE,Combined TRACON& Tower with Radar,0,111,33,5,149,0,8,28,2,38,0,119,61,7,187,0,0,0,187
02/23/2007,CRW,WV,AEA,CE,Combined TRACON& Tower with Radar,0,103,31,6,140,0,16,48,1,65,0,119,79,7,205,48,8,56,261
02/24/2007,CRW,WV,AEA,CE,Combined TRACON& Tower with Radar,0,57,28,2,87,0,24,59,2,85,0,81,87,4,172,126,0,126,298
02/25/2007,CRW,WV,AEA,CE,Combined TRACON& Tower with Radar,0,51,8,4,63,0,6,3,0,9,0,57,11,4,72,0,0,0,72
02/26/2007,CRW,WV,AEA,CE,Combined TRACON& Tower with Radar,0,95,23,2,120,0,8,18,0,26,0,103,41,2,146,86,0,86,232
02/27/2007,CRW,WV,AEA,CE,Combined TRACON& Tower with Radar,0,149,33,11,193,0,13,18,6,37,0,162,51,17,230,120,14,134,364
02/28/2007,CRW,WV,AEA,CE,Combined TRACON& Tower with Radar,0,122,35,19,176,0,18,67,1,86,0,140,102,20,262,78,36,114,376
03/01/2007,CRW,WV,AEA,CE,Combined TRACON& Tower with Radar,0,109,24,4,137,0,0,10,0,10,0,109,34,4,147,2,0,2,149
03/02/2007,CRW,WV,AEA,CE,Combined TRACON& Tower with Radar,0,104,19,13,136,0,14,12,0,26,0,118,31,13,162,6,40,46,208
03/03/2007,CRW,WV,AEA,CE,Combined TRACON& Tower with Radar,0,57,18,18,93,0,11,12,4,27,0,68,30,22,120,40,22,62,182
03/04/2007,CRW,WV,AEA,CE,Combined TRACON& Tower with Radar,0,62,14,7,83,0,0,5,2,7,0,62,19,9,90,0,0,0,90
03/05/2007,CRW,WV,AEA,CE,Combined TRACON& Tower with Radar,0,114,35,0,149,0,8,32,0,40,0,122,67,0,189,0,0,0,189
03/06/2007,CRW,WV,AEA,CE,Combined TRACON& Tower with Radar,0,104,34,20,158,0,22,50,8,80,0,126,84,28,238,66,16,82,320
03/07/2007,CRW,WV,AEA,CE,Combined TRACON& Tower with Radar,0,104,29,15,148,0,7,19,2,28,0,111,48,17,176,32,52,84,260
03/08/2007,CRW,WV,AEA,CE,Combined TRACON& Tower with Radar,0,103,45,17,165,0,28,73,2,103,0,131,118,19,268,80,30,110,378
03/09/2007,CRW,WV,AEA,CE,Combined TRACON& Tower with Radar,0,111,44,1,156,0,12,52,6,70,0,123,96,7,226,20,0,20,246
03/10/2007,CRW,WV,AEA,CE,Combined TRACON& Tower with Radar,0,70,17,5,92,0,12,25,0,37,0,82,42,5,129,50,0,50,179
03/11/2007,CRW,WV,AEA,CE,Combined TRACON& Tower with Radar,0,64,47,2,113,0,10,47,0,57,0,74,94,2,170,30,0,30,200
03/12/2007,CRW,WV,AEA,CE,Combined TRACON& Tower with Radar,0,92,25,3,120,0,16,36,1,53,0,108,61,4,173,110,0,110,283
03/13/2007,CRW,WV,AEA,CE,Combined TRACON& Tower with Radar,0,112,30,17,159,0,5,47,4,56,0,117,77,21,215,48,40,88,303
03/14/2007,CRW,WV,AEA,CE,Combined TRACON& Tower with Radar,0,107,47,20,174,0,6,9,4,19,0,113,56,24,193,46,0,46,239
03/15/2007,CRW,WV,AEA,CE,Combined TRACON& Tower with Radar,0,113,45,16,174,0,2,2,0,4,0,115,47,16,178,14,0,14,192
03/16/2007,CRW,WV,AEA,CE,Combined TRACON& Tower with Radar,0,95,16,2,113,0,0,0,0,0,0,95,16,2,113,0,0,0,113
03/17/2007,CRW,WV,AEA,CE,Combined TRACON& Tower with Radar,0,60,7,0,67,0,0,1,0,1,0,60,8,0,68,0,0,0,68
03/18/2007,CRW,WV,AEA,CE,Combined TRACON& Tower with Radar,0,60,21,3,84,0,3,33,1,37,0,63,54,4,121,2,8,10,131
03/19/2007,CRW,WV,AEA,CE,Combined TRACON& Tower with Radar,0,104,38,12,154,0,11,36,1,48,0,115,74,13,202,12,12,24,226
03/20/2007,CRW,WV,AEA,CE,Combined TRACON& Tower with Radar,0,105,31,24,160,0,10,21,0,31,0,115,52,24,191,50,44,94,285
03/21/2007,CRW,WV,AEA,CE,Combined TRACON& Tower with Radar,0,116,44,23,183,0,4,25,3,32,0,120,69,26,215,20,48,68,283
03/22/2007,CRW,WV,AEA,CE,Combined TRACON& Tower with Radar,2,117,34,15,168,0,30,32,1,63,2,147,66,16,231,24,26,50,281
03/23/2007,CRW,WV,AEA,CE,Combined TRACON& Tower with Radar,0,99,30,9,138,0,15,7,0,22,0,114,37,9,160,20,6,26,186
03/24/2007,CRW,WV,AEA,CE,Combined TRACON& Tower with Radar,2,60,24,0,86,0,20,45,0,65,2,80,69,0,151,78,0,78,229
03/25/2007,CRW,WV,AEA,CE,Combined TRACON& Tower with Radar,0,61,40,2,103,0,22,40,0,62,0,83,80,2,165,28,0,28,193
03/26/2007,CRW,WV,AEA,CE,Combined TRACON& Tower with Radar,0,97,23,2,122,0,13,29,0,42,0,110,52,2,164,98,0,98,262
03/27/2007,CRW,WV,AEA,CE,Combined TRACON& Tower with Radar,0,100,32,12,144,0,14,36,2,52,0,114,68,14,196,32,34,66,262
03/28/2007,CRW,WV,AEA,CE,Combined TRACON& Tower with Radar,0,107,32,9,148,0,5,22,0,27,0,112,54,9,175,54,16,70,245
03/29/2007,CRW,WV,AEA,CE,Combined TRACON& Tower with Radar,0,102,31,26,159,0,16,12,3,31,0,118,43,29,190,58,28,86,276
03/30/2007,CRW,WV,AEA,CE,Combined TRACON& Tower with Radar,0,107,37,13,157,0,14,63,0,77,0,121,100,13,234,88,24,112,346
03/31/2007,CRW,WV,AEA,CE,Combined TRACON& Tower with Radar,0,55,18,0,73,0,12,4,0,16,0,67,22,0,89,24,0,24,113
04/01/2007,CRW,WV,AEA,CE,Combined TRACON& Tower with Radar,0,66,17,2,85,0,14,4,0,18,0,80,21,2,103,0,0,0,103
04/02/2007,CRW,WV,AEA,CE,Combined TRACON& Tower with Radar,0,93,23,4,120,0,12,32,2,46,0,105,55,6,166,110,0,110,276
04/03/2007,CRW,WV,AEA,CE,Combined TRACON& Tower with Radar,0,107,39,19,165,0,15,56,0,71,0,122,95,19,236,34,28,62,298
04/04/2007,CRW,WV,AEA,CE,Combined TRACON& Tower with Radar,0,106,22,13,141,0,10,13,6,29,0,116,35,19,170,0,24,24,194
04/05/2007,CRW,WV,AEA,CE,Combined TRACON& Tower with Radar,0,105,46,19,170,0,12,10,2,24,0,117,56,21,194,14,31,45,239
04/06/2007,CRW,WV,AEA,CE,Combined TRACON& Tower with Radar,0,103,28,11,142,0,0,8,2,10,0,103,36,13,152,32,0,32,184
04/07/2007,CRW,WV,AEA,CE,Combined TRACON& Tower with Radar,0,56,9,0,65,0,1,15,0,16,0,57,24,0,81,36,0,36,117
04/08/2007,CRW,WV,AEA,CE,Combined TRACON& Tower with Radar,0,60,13,0,73,0,7,3,0,10,0,67,16,0,83,0,0,0,83
04/09/2007,CRW,WV,AEA,CE,Combined TRACON& Tower with Radar,0,95,29,19,143,0,21,31,0,52,0,116,60,19,195,28,6,34,229
04/10/2007,CRW,WV,AEA,CE,Combined TRACON& Tower with Radar,0,97,37,55,189,0,25,59,0,84,0,122,96,55,273,72,98,170,443
04/11/2007,CRW,WV,AEA,CE,Combined TRACON& Tower with Radar,0,97,29,10,136,0,14,12,0,26,0,111,41,10,162,0,0,0,162
04/12/2007,CRW,WV,AEA,CE,Combined TRACON& Tower with Radar,0,107,26,10,143,0,8,27,7,42,0,115,53,17,185,2,30,32,217
04/13/2007,CRW,WV,AEA,CE,Combined TRACON& Tower with Radar,0,101,33,14,148,0,12,24,3,39,0,113,57,17,187,72,10,82,269
04/14/2007,CRW,WV,AEA,CE,Combined TRACON& Tower with Radar,0,66,12,29,107,0,5,0,0,5,0,71,12,29,112,0,20,20,132
04/15/2007,CRW,WV,AEA,CE,Combined TRACON& Tower with Radar,14,58,7,4,83,0,0,0,0,0,14,58,7,4,83,0,0,0,83
04/16/2007,CRW,WV,AEA,CE,Combined TRACON& Tower with Radar,0,95,22,1,118,0,5,6,0,11,0,100,28,1,129,0,0,0,129
04/17/2007,CRW,WV,AEA,CE,Combined TRACON& Tower with Radar,0,99,30,8,137,0,21,51,10,82,0,120,81,18,219,52,12,64,283
04/18/2007,CRW,WV,AEA,CE,Combined TRACON& Tower with Radar,0,117,49,17,183,0,16,41,2,59,0,133,90,19,242,36,22,58,300
04/19/2007,CRW,WV,AEA,CE,Combined TRACON& Tower with Radar,0,107,36,7,150,0,17,31,7,55,0,124,67,14,205,10,16,26,231
04/20/2007,CRW,WV,AEA,CE,Combined TRACON& Tower with Radar,0,104,48,11,163,0,5,31,3,39,0,109,79,14,202,50,0,50,252
04/21/2007,CRW,WV,AEA,CE,Combined TRACON& Tower with Radar,0,59,42,0,101,0,29,67,3,99,0,88,109,3,200,118,0,118,318
04/22/2007,CRW,WV,AEA,CE,Combined TRACON& Tower with Radar,0,60,35,1,96,0,40,39,0,79,0,100,74,1,175,0,0,0,175
04/23/2007,CRW,WV,AEA,CE,Combined TRACON& Tower with Radar,0,102,19,0,121,0,19,33,3,55,0,121,52,3,176,0,0,0,176
04/24/2007,CRW,WV,AEA,CE,Combined TRACON& Tower with Radar,0,96,33,12,141,0,17,15,1,33,0,113,48,13,174,54,8,62,236
04/25/2007,CRW,WV,AEA,CE,Combined TRACON& Tower with Radar,0,106,53,5,164,0,48,35,1,84,0,154,88,6,248,28,10,38,286
04/26/2007,CRW,WV,AEA,CE,Combined TRACON& Tower with Radar,0,112,25,2,139,0,12,25,0,37,0,124,50,2,176,22,0,22,198
04/27/2007,CRW,WV,AEA,CE,Combined TRACON& Tower with Radar,0,117,40,8,165,0,4,17,0,21,0,121,57,8,186,24,16,40,226
04/28/2007,CRW,WV,AEA,CE,Combined TRACON& Tower with Radar,0,55,12,0,67,0,7,20,0,27,0,62,32,0,94,70,0,70,164
04/29/2007,CRW,WV,AEA,CE,Combined TRACON& Tower with Radar,0,58,22,6,86,0,8,40,1,49,0,66,62,7,135,20,0,20,155
04/30/2007,CRW,WV,AEA,CE,Combined TRACON& Tower with Radar,0,100,33,3,136,0,4,21,0,25,0,104,54,3,161,24,0,24,185
05/01/2007,CRW,WV,AEA,CE,Combined TRACON& Tower with Radar,0,101,23,17,141,0,25,72,6,103,0,126,95,23,244,24,18,42,286
05/02/2007,CRW,WV,AEA,CE,Combined TRACON& Tower with Radar,0,104,46,6,156,0,14,34,2,50,0,118,80,8,206,0,0,0,206
05/03/2007,CRW,WV,AEA,CE,Combined TRACON& Tower with Radar,0,109,39,6,154,0,0,6,0,6,0,109,45,6,160,0,0,0,160
05/04/2007,CRW,WV,AEA,CE,Combined TRACON& Tower with Radar,0,98,38,19,155,0,18,14,0,32,0,116,52,19,187,16,26,42,229
05/05/2007,CRW,WV,AEA,CE,Combined TRACON& Tower with Radar,0,57,12,10,79,0,6,18,1,25,0,63,30,11,104,44,20,64,168
05/06/2007,CRW,WV,AEA,CE,Combined TRACON& Tower with Radar,0,64,37,6,107,0,8,33,0,41,0,72,70,6,148,0,0,0,148
05/07/2007,CRW,WV,AEA,CE,Combined TRACON& Tower with Radar,0,99,32,1,132,0,14,36,3,53,0,113,68,4,185,16,0,16,201
05/08/2007,CRW,WV,AEA,CE,Combined TRACON& Tower with Radar,0,88,37,4,129,0,7,24,4,35,0,95,61,8,164,16,0,16,180
05/09/2007,CRW,WV,AEA,CE,Combined TRACON& Tower with Radar,0,107,50,19,176,0,30,54,9,93,0,137,104,28,269,34,44,78,347
05/10/2007,CRW,WV,AEA,CE,Combined TRACON& Tower with Radar,0,105,31,7,143,0,17,45,5,67,0,122,76,12,210,40,14,54,264
05/11/2007,CRW,WV,AEA,CE,Combined TRACON& Tower with Radar,0,113,67,11,191,0,17,35,6,58,0,130,102,17,249,58,32,90,339
05/12/2007,CRW,WV,AEA,CE,Combined TRACON& Tower with Radar,0,61,26,0,87,0,34,47,0,81,0,95,73,0,168,98,0,98,266
05/13/2007,CRW,WV,AEA,CE,Combined TRACON& Tower with Radar,0,67,33,0,100,0,25,40,0,65,0,92,73,0,165,18,0,18,183
05/14/2007,CRW,WV,AEA,CE,Combined TRACON& Tower with Radar,3,97,27,11,138,0,11,67,0,78,3,108,94,11,216,34,0,34,250
05/15/2007,CRW,WV,AEA,CE,Combined TRACON& Tower with Radar,0,110,48,5,163,0,9,60,0,69,0,119,108,5,232,56,4,60,292
05/16/2007,CRW,WV,AEA,CE,Combined TRACON& Tower with Radar,0,108,39,8,155,0,20,10,1,31,0,128,49,9,186,40,4,44,230
05/17/2007,CRW,WV,AEA,CE,Combined TRACON& Tower with Radar,0,100,40,5,145,0,13,32,2,47,0,113,72,7,192,68,8,76,268
05/18/2007,CRW,WV,AEA,CE,Combined TRACON& Tower with Radar,0,107,42,6,155,0,8,22,3,33,0,115,64,9,188,14,0,14,202
05/19/2007,CRW,WV,AEA,CE,Combined TRACON& Tower with Radar,0,57,41,9,107,0,18,56,5,79,0,75,97,14,186,100,0,100,286
05/20/2007,CRW,WV,AEA,CE,Combined TRACON& Tower with Radar,0,64,40,5,109,0,39,31,4,74,0,103,71,9,183,8,0,8,191
05/21/2007,CRW,WV,AEA,CE,Combined TRACON& Tower with Radar,0,101,60,6,167,0,32,37,0,69,0,133,97,6,236,92,0,92,328
05/22/2007,CRW,WV,AEA,CE,Combined TRACON& Tower with Radar,0,103,49,5,157,0,15,49,0,64,0,118,98,5,221,64,12,76,297
05/23/2007,CRW,WV,AEA,CE,Combined TRACON& Tower with Radar,0,109,32,9,150,0,21,39,3,63,0,130,71,12,213,22,10,32,245
05/24/2007,CRW,WV,AEA,CE,Combined TRACON& Tower with Radar,2,100,42,17,161,0,22,63,2,87,2,122,105,19,248,70,0,70,318
05/25/2007,CRW,WV,AEA,CE,Combined TRACON& Tower with Radar,0,98,41,12,151,0,23,42,0,65,0,121,83,12,216,22,8,30,246
05/26/2007,CRW,WV,AEA,CE,Combined TRACON& Tower with Radar,2,53,38,0,93,0,27,45,0,72,2,80,83,0,165,58,0,58,223
05/27/2007,CRW,WV,AEA,CE,Combined TRACON& Tower with Radar,0,52,23,0,75,0,23,23,0,46,0,75,46,0,121,16,0,16,137
05/28/2007,CRW,WV,AEA,CE,Combined TRACON& Tower with Radar,0,69,30,10,109,0,12,26,0,38,0,81,56,10,147,4,4,8,155
05/29/2007,CRW,WV,AEA,CE,Combined TRACON& Tower with Radar,0,111,51,13,175,0,13,46,0,59,0,124,97,13,234,40,6,46,280
05/30/2007,CRW,WV,AEA,CE,Combined TRACON& Tower with Radar,0,113,65,3,181,0,12,32,3,47,0,125,97,6,228,16,4,20,248
05/31/2007,CRW,WV,AEA,CE,Combined TRACON& Tower with Radar,0,102,45,4,151,0,23,45,0,68,0,125,90,4,219,80,0,80,299
06/01/2007,CRW,WV,AEA,CE,Combined TRACON& Tower with Radar,0,103,59,24,186,0,21,25,2,48,0,124,84,26,234,12,0,12,246
06/02/2007,CRW,WV,AEA,CE,Combined TRACON& Tower with Radar,0,56,25,1,82,0,13,45,0,58,0,69,70,1,140,82,0,82,222
06/03/2007,CRW,WV,AEA,CE,Combined TRACON& Tower with Radar,0,63,24,6,93,0,8,5,3,16,0,71,29,9,109,0,0,0,109
06/04/2007,CRW,WV,AEA,CE,Combined TRACON& Tower with Radar,0,101,23,1,125,0,15,31,7,53,0,116,54,8,178,18,0,18,196
06/05/2007,CRW,WV,AEA,CE,Combined TRACON& Tower with Radar,0,98,53,0,151,0,5,34,0,39,0,103,87,0,190,82,0,82,272
06/06/2007,CRW,WV,AEA,CE,Combined TRACON& Tower with Radar,0,99,56,4,159,0,13,62,2,77,0,112,118,6,236,8,0,8,244
06/07/2007,CRW,WV,AEA,CE,Combined TRACON& Tower with Radar,0,92,46,13,151,0,19,37,3,59,0,111,83,16,210,40,0,40,250
06/08/2007,CRW,WV,AEA,CE,Combined TRACON& Tower with Radar,0,88,37,4,129,0,7,24,4,35,0,95,61,8,164,16,0,16,180
06/09/2007,CRW,WV,AEA,CE,Combined TRACON& Tower with Radar,0,61,27,0,88,0,14,15,0,29,0,75,42,0,117,58,0,58,175
06/10/2007,CRW,WV,AEA,CE,Combined TRACON& Tower with Radar,0,63,43,8,114,0,17,67,0,84,0,80,110,8,198,40,0,40,238
06/11/2007,CRW,WV,AEA,CE,Combined TRACON& Tower with Radar,0,95,34,3,132,0,36,48,9,93,0,131,82,12,225,40,6,46,271
06/12/2007,CRW,WV,AEA,CE,Combined TRACON& Tower with Radar,0,90,37,1,128,0,26,206,8,240,0,116,243,9,368,48,0,48,416
06/13/2007,CRW,WV,AEA,CE,Combined TRACON& Tower with Radar,0,99,46,6,151,0,22,33,1,56,0,121,79,7,207,20,6,26,233
06/14/2007,CRW,WV,AEA,CE,Combined TRACON& Tower with Radar,0,104,64,14,182,0,13,58,14,85,0,117,122,28,267,34,28,62,329
06/15/2007,CRW,WV,AEA,CE,Combined TRACON& Tower with Radar,0,104,46,22,172,0,27,54,7,88,0,131,100,29,260,0,0,0,260
06/16/2007,CRW,WV,AEA,CE,Combined TRACON& Tower with Radar,0,56,29,3,88,0,9,28,0,37,0,65,57,3,125,70,0,70,195
06/17/2007,CRW,WV,AEA,CE,Combined TRACON& Tower with Radar,0,61,45,8,114,0,21,36,3,60,0,82,81,11,174,16,0,16,190
06/18/2007,CRW,WV,AEA,CE,Combined TRACON& Tower with Radar,0,90,40,4,134,0,23,30,1,54,0,113,70,5,188,50,0,50,238
06/19/2007,CRW,WV,AEA,CE,Combined TRACON& Tower with Radar,0,85,32,2,119,0,18,32,0,50,0,103,64,2,169,82,2,84,253
06/20/2007,CRW,WV,AEA,CE,Combined TRACON& Tower with Radar,0,98,48,5,151,0,12,57,0,69,0,110,105,5,220,10,10,20,240
06/21/2007,CRW,WV,AEA,CE,Combined TRACON& Tower with Radar,0,97,58,5,160,0,30,62,0,92,0,127,120,5,252,96,6,102,354
06/22/2007,CRW,WV,AEA,CE,Combined TRACON& Tower with Radar,2,105,33,2,142,0,13,38,0,51,2,118,71,2,193,32,0,32,225
06/23/2007,CRW,WV,AEA,CE,Combined TRACON& Tower with Radar,0,58,29,10,97,0,28,38,2,68,0,86,67,12,165,6,22,28,193
06/24/2007,CRW,WV,AEA,CE,Combined TRACON& Tower with Radar,0,63,28,1,92,0,22,28,1,51,0,85,56,2,143,10,0,10,153
06/25/2007,CRW,WV,AEA,CE,Combined TRACON& Tower with Radar,0,92,29,0,121,0,14,30,3,47,0,106,59,3,168,26,0,26,194
06/26/2007,CRW,WV,AEA,CE,Combined TRACON& Tower with Radar,0,91,43,9,143,0,15,33,0,48,0,106,76,9,191,78,16,94,285
06/27/2007,CRW,WV,AEA,CE,Combined TRACON& Tower with Radar,0,88,30,15,133,0,4,30,0,34,0,92,60,15,167,14,14,28,195
06/28/2007,CRW,WV,AEA,CE,Combined TRACON& Tower with Radar,0,89,69,22,180,0,15,28,1,44,0,104,97,23,224,0,6,6,230
06/29/2007,CRW,WV,AEA,CE,Combined TRACON& Tower with Radar,0,93,42,4,139,0,0,4,1,5,0,93,46,5,144,2,0,2,146
06/30/2007,CRW,WV,AEA,CE,Combined TRACON& Tower with Radar,0,54,35,15,104,0,9,24,3,36,0,63,59,18,140,56,18,74,214
07/01/2007,CRW,WV,AEA,CE,Combined TRACON& Tower with Radar,0,56,35,13,104,0,20,41,4,65,0,76,76,17,169,2,0,2,171
07/02/2007,CRW,WV,AEA,CE,Combined TRACON& Tower with Radar,0,93,33,5,131,0,22,62,0,84,0,115,95,5,215,16,0,16,231
07/03/2007,CRW,WV,AEA,CE,Combined TRACON& Tower with Radar,0,89,37,2,128,0,30,48,1,79,0,119,85,3,207,6,0,6,213
07/04/2007,CRW,WV,AEA,CE,Combined TRACON& Tower with Radar,0,48,12,4,64,0,8,50,0,58,0,56,62,4,122,0,0,0,122
07/05/2007,CRW,WV,AEA,CE,Combined TRACON& Tower with Radar,0,81,17,3,101,0,26,12,2,40,0,107,29,5,141,10,0,10,151
07/06/2007,CRW,WV,AEA,CE,Combined TRACON& Tower with Radar,0,2,34,9,45,0,115,27,0,142,0,117,61,9,187,14,0,14,201
07/07/2007,CRW,WV,AEA,CE,Combined TRACON& Tower with Radar,0,54,14,1,69,0,21,45,0,66,0,75,59,1,135,34,0,34,169
07/08/2007,CRW,WV,AEA,CE,Combined TRACON& Tower with Radar,0,65,26,2,93,0,40,36,0,76,0,105,62,2,169,36,8,44,213
07/09/2007,CRW,WV,AEA,CE,Combined TRACON& Tower with Radar,0,94,30,0,124,0,27,34,1,62,0,121,64,1,186,38,0,38,224
07/10/2007,CRW,WV,AEA,CE,Combined TRACON& Tower with Radar,0,95,31,6,132,0,2,30,0,32,0,97,61,6,164,58,0,58,222
07/11/2007,CRW,WV,AEA,CE,Combined TRACON& Tower with Radar,0,96,43,11,150,0,0,5,9,14,0,96,48,20,164,6,32,38,202
07/12/2007,CRW,WV,AEA,CE,Combined TRACON& Tower with Radar,0,100,50,19,169,0,21,62,6,89,0,121,112,25,258,36,20,56,314
07/13/2007,CRW,WV,AEA,CE,Combined TRACON& Tower with Radar,0,90,29,21,140,0,17,25,8,50,0,107,54,29,190,52,16,68,258
07/14/2007,CRW,WV,AEA,CE,Combined TRACON& Tower with Radar,0,53,32,20,105,0,30,48,2,80,0,83,80,22,185,2,12,14,199
07/15/2007,CRW,WV,AEA,CE,Combined TRACON& Tower with Radar,0,64,33,9,106,0,27,17,0,44,0,91,50,9,150,0,0,0,150
07/16/2007,CRW,WV,AEA,CE,Combined TRACON& Tower with Radar,0,98,39,8,145,0,19,31,2,52,0,117,70,10,197,46,6,52,249
07/17/2007,CRW,WV,AEA,CE,Combined TRACON& Tower with Radar,0,100,25,21,146,0,6,37,4,47,0,106,62,25,193,30,24,54,247
07/18/2007,CRW,WV,AEA,CE,Combined TRACON& Tower with Radar,0,105,49,7,161,0,5,38,8,51,0,110,87,15,212,8,6,14,226
07/19/2007,CRW,WV,AEA,CE,Combined TRACON& Tower with Radar,0,92,42,0,134,0,0,13,3,16,0,92,55,3,150,0,0,0,150
07/20/2007,CRW,WV,AEA,CE,Combined TRACON& Tower with Radar,0,94,48,8,150,0,13,42,7,62,0,107,90,15,212,48,4,52,264
07/21/2007,CRW,WV,AEA,CE,Combined TRACON& Tower with Radar,0,62,22,2,86,0,8,60,5,73,0,70,82,7,159,14,0,14,173
07/22/2007,CRW,WV,AEA,CE,Combined TRACON& Tower with Radar,0,70,21,1,92,0,23,32,2,57,0,93,53,3,149,28,0,28,177
07/23/2007,CRW,WV,AEA,CE,Combined TRACON& Tower with Radar,0,93,26,6,125,0,32,40,3,75,0,125,66,9,200,14,0,14,214
07/24/2007,CRW,WV,AEA,CE,Combined TRACON& Tower with Radar,0,95,32,9,136,0,5,18,5,28,0,100,50,14,164,42,22,64,228
07/25/2007,CRW,WV,AEA,CE,Combined TRACON& Tower with Radar,0,94,53,4,151,0,13,24,13,50,0,107,77,17,201,26,2,28,229
07/26/2007,CRW,WV,AEA,CE,Combined TRACON& Tower with Radar,2,98,38,5,143,0,9,32,15,56,2,107,70,20,199,24,0,24,223
07/27/2007,CRW,WV,AEA,CE,Combined TRACON& Tower with Radar,0,93,44,25,162,0,10,14,12,36,0,103,58,37,198,0,0,0,198
07/28/2007,CRW,WV,AEA,CE,Combined TRACON& Tower with Radar,0,59,24,4,87,0,21,17,3,41,0,80,41,7,128,24,0,24,152
07/29/2007,CRW,WV,AEA,CE,Combined TRACON& Tower with Radar,0,70,36,4,110,0,22,15,0,37,0,92,51,4,147,6,0,6,153
07/30/2007,CRW,WV,AEA,CE,Combined TRACON& Tower with Radar,0,86,52,14,152,0,7,21,2,30,0,93,73,16,182,8,0,8,190
07/31/2007,CRW,WV,AEA,CE,Combined TRACON& Tower with Radar,0,89,44,7,140,0,6,46,3,55,0,95,90,10,195,18,18,36,231
08/01/2007,CRW,WV,AEA,CE,Combined TRACON& Tower with Radar,0,102,27,1,130,0,6,42,0,48,0,108,69,1,178,62,4,66,244
08/02/2007,CRW,WV,AEA,CE,Combined TRACON& Tower with Radar,0,97,28,10,135,0,21,65,3,89,0,118,93,13,224,22,10,32,256
08/03/2007,CRW,WV,AEA,CE,Combined TRACON& Tower with Radar,0,98,41,9,148,0,33,57,0,90,0,131,98,9,238,16,4,20,258
08/04/2007,CRW,WV,AEA,CE,Combined TRACON& Tower with Radar,0,55,32,1,88,0,15,34,8,57,0,70,66,9,145,56,0,56,201
08/05/2007,CRW,WV,AEA,CE,Combined TRACON& Tower with Radar,0,68,18,8,94,0,2,3,1,6,0,70,21,9,100,0,0,0,100
08/06/2007,CRW,WV,AEA,CE,Combined TRACON& Tower with Radar,0,97,37,5,139,0,15,22,0,37,0,112,59,5,176,16,0,16,192
08/07/2007,CRW,WV,AEA,CE,Combined TRACON& Tower with Radar,0,105,38,6,149,0,6,39,4,49,0,111,77,10,198,32,12,44,242
08/08/2007,CRW,WV,AEA,CE,Combined TRACON& Tower with Radar,0,94,39,30,163,0,10,22,7,39,0,104,61,37,202,12,20,32,234
08/09/2007,CRW,WV,AEA,CE,Combined TRACON& Tower with Radar,0,90,28,0,118,0,23,23,2,48,0,113,51,2,166,28,0,28,194
08/10/2007,CRW,WV,AEA,CE,Combined TRACON& Tower with Radar,0,98,21,2,121,0,10,32,0,42,0,108,53,2,163,66,0,66,229
08/11/2007,CRW,WV,AEA,CE,Combined TRACON& Tower with Radar,0,55,38,5,98,0,6,52,1,59,0,61,90,6,157,34,0,34,191
08/12/2007,CRW,WV,AEA,CE,Combined TRACON& Tower with Radar,0,63,30,3,96,0,30,39,1,70,0,93,69,4,166,2,0,2,168
08/13/2007,CRW,WV,AEA,CE,Combined TRACON& Tower with Radar,0,92,17,3,112,0,21,23,0,44,0,113,40,3,156,12,0,12,168
08/14/2007,CRW,WV,AEA,CE,Combined TRACON& Tower with Radar,0,100,41,10,151,0,12,50,0,62,0,112,91,10,213,24,0,24,237
08/15/2007,CRW,WV,AEA,CE,Combined TRACON& Tower with Radar,0,99,54,7,160,0,5,42,0,47,0,104,96,7,207,4,14,18,225
08/16/2007,CRW,WV,AEA,CE,Combined TRACON& Tower with Radar,0,89,56,5,150,0,4,38,4,46,0,93,94,9,196,10,10,20,216
08/17/2007,CRW,WV,AEA,CE,Combined TRACON& Tower with Radar,0,100,44,8,152,0,2,20,2,24,0,102,64,10,176,0,0,0,176
08/18/2007,CRW,WV,AEA,CE,Combined TRACON& Tower with Radar,0,61,24,0,85,0,23,46,0,69,0,84,70,0,154,48,0,48,202
08/19/2007,CRW,WV,AEA,CE,Combined TRACON& Tower with Radar,0,62,33,1,96,0,27,29,0,56,0,89,62,1,152,0,0,0,152
08/20/2007,CRW,WV,AEA,CE,Combined TRACON& Tower with Radar,0,103,31,5,139,0,9,25,1,35,0,112,56,6,174,56,0,56,230
08/21/2007,CRW,WV,AEA,CE,Combined TRACON& Tower with Radar,0,102,31,37,170,0,2,16,0,18,0,104,47,37,188,50,30,80,268
08/22/2007,CRW,WV,AEA,CE,Combined TRACON& Tower with Radar,0,91,38,24,153,0,15,35,5,55,0,106,73,29,208,8,14,22,230
08/23/2007,CRW,WV,AEA,CE,Combined TRACON& Tower with Radar,2,103,47,10,162,0,23,30,2,55,2,126,77,12,217,2,8,10,227
08/24/2007,CRW,WV,AEA,CE,Combined TRACON& Tower with Radar,0,98,41,7,146,0,23,34,0,57,0,121,75,7,203,0,6,6,209
08/25/2007,CRW,WV,AEA,CE,Combined TRACON& Tower with Radar,0,54,25,0,79,0,5,25,2,32,0,59,50,2,111,10,0,10,121
08/26/2007,CRW,WV,AEA,CE,Combined TRACON& Tower with Radar,0,64,25,3,92,0,12,16,0,28,0,76,41,3,120,0,0,0,120
08/27/2007,CRW,WV,AEA,CE,Combined TRACON& Tower with Radar,0,89,50,12,151,0,22,44,0,66,0,111,94,12,217,22,0,22,239
08/28/2007,CRW,WV,AEA,CE,Combined TRACON& Tower with Radar,0,101,55,52,208,0,13,47,8,68,0,114,102,60,276,42,40,82,358
08/29/2007,CRW,WV,AEA,CE,Combined TRACON& Tower with Radar,0,100,48,4,152,0,6,34,0,40,0,106,82,4,192,18,14,32,224
08/30/2007,CRW,WV,AEA,CE,Combined TRACON& Tower with Radar,0,92,46,6,144,0,1,8,2,11,0,93,54,8,155,16,10,26,181
08/31/2007,CRW,WV,AEA,CE,Combined TRACON& Tower with Radar,0,98,42,3,143,0,15,4,0,19,0,113,46,3,162,0,0,0,162
09/01/2007,CRW,WV,AEA,CE,Combined TRACON& Tower with Radar,0,49,25,0,74,0,25,45,0,70,0,74,70,0,144,42,0,42,186
09/02/2007,CRW,WV,AEA,CE,Combined TRACON& Tower with Radar,0,49,16,1,66,0,29,23,0,52,0,78,39,1,118,20,0,20,138
09/03/2007,CRW,WV,AEA,CE,Combined TRACON& Tower with Radar,0,58,23,0,81,0,41,54,0,95,0,99,77,0,176,30,0,30,206
09/04/2007,CRW,WV,AEA,CE,Combined TRACON& Tower with Radar,1,100,32,9,142,0,15,39,7,61,1,115,71,16,203,28,0,28,231
09/05/2007,CRW,WV,AEA,CE,Combined TRACON& Tower with Radar,0,106,28,12,146,0,17,39,4,60,0,123,67,16,206,22,10,32,238
09/06/2007,CRW,WV,AEA,CE,Combined TRACON& Tower with Radar,0,104,41,6,151,0,18,33,0,51,0,122,74,6,202,18,2,20,222
09/07/2007,CRW,WV,AEA,CE,Combined TRACON& Tower with Radar,1,107,38,13,159,0,16,42,0,58,1,123,80,13,217,24,0,24,241
09/08/2007,CRW,WV,AEA,CE,Combined TRACON& Tower with Radar,0,72,15,7,94,0,25,38,0,63,0,97,53,7,157,12,0,12,169
09/09/2007,CRW,WV,AEA,CE,Combined TRACON& Tower with Radar,0,64,32,5,101,0,19,16,2,37,0,83,48,7,138,8,0,8,146
09/10/2007,CRW,WV,AEA,CE,Combined TRACON& Tower with Radar,0,97,31,10,138,0,16,6,0,22,0,113,37,10,160,26,0,26,186
09/11/2007,CRW,WV,AEA,CE,Combined TRACON& Tower with Radar,0,94,31,0,125,0,9,16,9,34,0,103,47,9,159,16,0,16,175
09/12/2007,CRW,WV,AEA,CE,Combined TRACON& Tower with Radar,0,101,74,9,184,0,9,66,0,75,0,110,140,9,259,32,0,32,291
09/13/2007,CRW,WV,AEA,CE,Combined TRACON& Tower with Radar,0,102,32,10,144,0,16,38,2,56,0,118,70,12,200,6,0,6,206
09/14/2007,CRW,WV,AEA,CE,Combined TRACON& Tower with Radar,0,93,43,22,158,0,6,13,0,19,0,99,56,22,177,30,0,30,207
09/15/2007,CRW,WV,AEA,CE,Combined TRACON& Tower with Radar,0,52,12,1,65,0,16,28,0,44,0,68,40,1,109,32,0,32,141
09/16/2007,CRW,WV,AEA,CE,Combined TRACON& Tower with Radar,0,62,18,2,82,0,14,37,0,51,0,76,55,2,133,0,0,0,133
09/17/2007,CRW,WV,AEA,CE,Combined TRACON& Tower with Radar,0,99,29,5,133,0,19,39,0,58,0,118,68,5,191,86,6,92,283
09/18/2007,CRW,WV,AEA,CE,Combined TRACON& Tower with Radar,0,95,50,26,171,0,6,56,0,62,0,101,106,26,233,76,24,100,333
09/19/2007,CRW,WV,AEA,CE,Combined TRACON& Tower with Radar,0,109,54,10,173,0,14,60,3,77,0,123,114,13,250,76,54,130,380
09/20/2007,CRW,WV,AEA,CE,Combined TRACON& Tower with Radar,0,102,40,10,152,0,36,50,0,86,0,138,90,10,238,34,12,46,284
09/21/2007,CRW,WV,AEA,CE,Combined TRACON& Tower with Radar,0,92,37,15,144,0,35,44,4,83,0,127,81,19,227,52,4,56,283
09/22/2007,CRW,WV,AEA,CE,Combined TRACON& Tower with Radar,0,48,29,1,78,0,22,50,0,72,0,70,79,1,150,54,0,54,204
09/23/2007,CRW,WV,AEA,CE,Combined TRACON& Tower with Radar,0,57,21,6,84,0,21,49,1,71,0,78,70,7,155,0,0,0,155
09/24/2007,CRW,WV,AEA,CE,Combined TRACON& Tower with Radar,0,94,27,15,136,0,14,50,0,64,0,108,77,15,200,50,14,64,264
09/25/2007,CRW,WV,AEA,CE,Combined TRACON& Tower with Radar,0,89,29,16,134,0,20,44,0,64,0,109,73,16,198,62,0,62,260
09/26/2007,CRW,WV,AEA,CE,Combined TRACON& Tower with Radar,0,108,28,6,142,0,17,32,4,53,0,125,60,10,195,14,12,26,221
09/27/2007,CRW,WV,AEA,CE,Combined TRACON& Tower with Radar,0,106,26,3,135,0,4,9,0,13,0,110,35,3,148,22,0,22,170
09/28/2007,CRW,WV,AEA,CE,Combined TRACON& Tower with Radar,0,107,26,6,139,0,16,28,0,44,0,123,54,6,183,40,0,40,223
09/29/2007,CRW,WV,AEA,CE,Combined TRACON& Tower with Radar,0,45,16,0,61,0,21,36,0,57,0,66,52,0,118,48,0,48,166
09/30/2007,CRW,WV,AEA,CE,Combined TRACON& Tower with Radar,0,74,24,4,102,0,15,46,3,64,0,89,70,7,166,30,0,30,196
10/01/2007,CRW,WV,AEA,CE,Combined TRACON& Tower with Radar,0,89,29,2,120,0,41,41,1,83,0,130,70,3,203,22,0,22,225
10/02/2007,CRW,WV,AEA,CE,Combined TRACON& Tower with Radar,0,98,48,17,163,0,32,60,1,93,0,130,108,18,256,82,46,128,384
10/03/2007,CRW,WV,AEA,CE,Combined TRACON& Tower with Radar,0,96,39,12,147,0,11,42,2,55,0,107,81,14,202,22,6,28,230
10/04/2007,CRW,WV,AEA,CE,Combined TRACON& Tower with Radar,0,103,44,5,152,0,11,30,1,42,0,114,74,6,194,132,0,132,326
10/05/2007,CRW,WV,AEA,CE,Combined TRACON& Tower with Radar,0,95,28,7,130,0,41,31,1,73,0,136,59,8,203,56,4,60,263
10/06/2007,CRW,WV,AEA,CE,Combined TRACON& Tower with Radar,0,50,20,4,74,0,42,47,2,91,0,92,67,6,165,18,44,62,227
10/07/2007,CRW,WV,AEA,CE,Combined TRACON& Tower with Radar,0,61,54,8,123,0,28,46,0,74,0,89,100,8,197,0,0,0,197
10/08/2007,CRW,WV,AEA,CE,Combined TRACON& Tower with Radar,0,76,35,2,113,0,29,51,0,80,0,105,86,2,193,72,0,72,265
10/09/2007,CRW,WV,AEA,CE,Combined TRACON& Tower with Radar,0,92,33,29,154,0,7,31,0,38,0,99,64,29,192,48,0,48,240
10/10/2007,CRW,WV,AEA,CE,Combined TRACON& Tower with Radar,0,92,40,9,141,0,18,37,9,64,0,110,77,18,205,28,8,36,241
10/11/2007,CRW,WV,AEA,CE,Combined TRACON& Tower with Radar,0,92,58,16,166,0,5,32,1,38,0,97,90,17,204,36,6,42,246
10/12/2007,CRW,WV,AEA,CE,Combined TRACON& Tower with Radar,1,93,50,11,155,0,11,40,0,51,1,104,90,11,206,4,0,4,210
10/13/2007,CRW,WV,AEA,CE,Combined TRACON& Tower with Radar,0,53,13,4,70,0,26,24,2,52,0,79,37,6,122,14,4,18,140
10/14/2007,CRW,WV,AEA,CE,Combined TRACON& Tower with Radar,0,58,28,8,94,0,24,78,3,105,0,82,106,11,199,10,0,10,209
10/15/2007,CRW,WV,AEA,CE,Combined TRACON& Tower with Radar,0,89,32,3,124,0,37,62,0,99,0,126,94,3,223,44,0,44,267
10/16/2007,CRW,WV,AEA,CE,Combined TRACON& Tower with Radar,0,101,43,19,163,0,16,24,1,41,0,117,67,20,204,20,64,84,288
10/17/2007,CRW,WV,AEA,CE,Combined TRACON& Tower with Radar,0,94,27,12,133,0,10,18,2,30,0,104,45,14,163,52,10,62,225
10/18/2007,CRW,WV,AEA,CE,Combined TRACON& Tower with Radar,0,100,50,17,167,0,12,15,1,28,0,112,65,18,195,24,10,34,229
10/19/2007,CRW,WV,AEA,CE,Combined TRACON& Tower with Radar,0,89,31,6,126,0,38,21,0,59,0,127,52,6,185,16,0,16,201
10/20/2007,CRW,WV,AEA,CE,Combined TRACON& Tower with Radar,0,45,19,3,67,0,23,38,0,61,0,68,57,3,128,60,0,60,188
10/21/2007,CRW,WV,AEA,CE,Combined TRACON& Tower with Radar,0,60,37,0,97,0,15,45,0,60,0,75,82,0,157,6,0,6,163
10/22/2007,CRW,WV,AEA,CE,Combined TRACON& Tower with Radar,0,89,42,0,131,0,30,32,0,62,0,119,74,0,193,76,0,76,269
10/23/2007,CRW,WV,AEA,CE,Combined TRACON& Tower with Radar,0,99,32,22,153,0,7,14,0,21,0,106,46,22,174,36,12,48,222
10/24/2007,CRW,WV,AEA,CE,Combined TRACON& Tower with Radar,0,86,41,9,136,0,0,0,0,0,0,86,41,9,136,0,0,0,136
10/25/2007,CRW,WV,AEA,CE,Combined TRACON& Tower with Radar,0,93,31,12,136,0,1,0,0,1,0,94,31,12,137,0,0,0,137
10/26/2007,CRW,WV,AEA,CE,Combined TRACON& Tower with Radar,0,88,35,8,131,0,6,9,2,17,0,94,44,10,148,0,0,0,148
10/27/2007,CRW,WV,AEA,CE,Combined TRACON& Tower with Radar,0,53,16,4,73,0,11,17,1,29,0,64,33,5,102,16,10,26,128
10/28/2007,CRW,WV,AEA,CE,Combined TRACON& Tower with Radar,0,63,20,2,85,0,10,30,4,44,0,73,50,6,129,0,0,0,129
10/29/2007,CRW,WV,AEA,CE,Combined TRACON& Tower with Radar,0,87,28,34,149,0,10,31,5,46,0,97,59,39,195,68,16,84,279
10/30/2007,CRW,WV,AEA,CE,Combined TRACON& Tower with Radar,0,94,51,8,153,0,22,47,7,76,0,116,98,15,229,54,0,54,283
10/31/2007,CRW,WV,AEA,CE,Combined TRACON& Tower with Radar,0,92,36,9,137,0,14,57,2,73,0,106,93,11,210,38,22,60,270
11/01/2007,CRW,WV,AEA,CE,Combined TRACON& Tower with Radar,0,97,48,4,149,0,20,30,7,57,0,117,78,11,206,38,28,66,272
11/02/2007,CRW,WV,AEA,CE,Combined TRACON& Tower with Radar,0,97,45,5,147,0,15,29,4,48,0,112,74,9,195,50,0,50,245
11/03/2007,CRW,WV,AEA,CE,Combined TRACON& Tower with Radar,0,50,19,25,94,0,26,30,4,60,0,76,49,29,154,6,22,28,182
11/04/2007,CRW,WV,AEA,CE,Combined TRACON& Tower with Radar,0,63,33,6,102,0,19,31,0,50,0,82,64,6,152,0,2,2,154
11/05/2007,CRW,WV,AEA,CE,Combined TRACON& Tower with Radar,0,89,40,0,129,1,8,27,8,44,1,97,67,8,173,52,0,52,225
11/06/2007,CRW,WV,AEA,CE,Combined TRACON& Tower with Radar,0,91,41,21,153,0,8,8,0,16,0,99,49,21,169,0,8,8,177
11/07/2007,CRW,WV,AEA,CE,Combined TRACON& Tower with Radar,0,97,35,3,135,0,19,37,2,58,0,116,72,5,193,14,0,14,207
11/08/2007,CRW,WV,AEA,CE,Combined TRACON& Tower with Radar,0,92,43,12,147,0,6,30,3,39,0,98,73,15,186,38,14,52,238
11/09/2007,CRW,WV,AEA,CE,Combined TRACON& Tower with Radar,2,97,39,3,141,0,18,32,0,50,2,115,71,3,191,22,0,22,213
11/10/2007,CRW,WV,AEA,CE,Combined TRACON& Tower with Radar,0,48,9,4,61,0,7,7,1,15,0,55,16,5,76,2,0,2,78
11/11/2007,CRW,WV,AEA,CE,Combined TRACON& Tower with Radar,0,64,22,2,88,0,14,43,0,57,0,78,65,2,145,0,0,0,145
11/12/2007,CRW,WV,AEA,CE,Combined TRACON& Tower with Radar,0,82,30,6,118,0,7,22,0,29,0,89,52,6,147,18,0,18,165
11/13/2007,CRW,WV,AEA,CE,Combined TRACON& Tower with Radar,0,91,29,19,139,0,0,3,0,3,0,91,32,19,142,0,6,6,148
11/14/2007,CRW,WV,AEA,CE,Combined TRACON& Tower with Radar,0,85,38,12,135,0,0,7,0,7,0,85,45,12,142,0,0,0,142
11/15/2007,CRW,WV,AEA,CE,Combined TRACON& Tower with Radar,0,97,40,3,140,0,6,12,0,18,0,103,52,3,158,16,0,16,174
11/16/2007,CRW,WV,AEA,CE,Combined TRACON& Tower with Radar,0,94,61,5,160,0,13,27,11,51,0,107,88,16,211,34,0,34,245
11/17/2007,CRW,WV,AEA,CE,Combined TRACON& Tower with Radar,0,47,25,2,74,0,30,25,1,56,0,77,50,3,130,62,0,62,192
11/18/2007,CRW,WV,AEA,CE,Combined TRACON& Tower with Radar,1,56,43,2,102,0,12,31,0,43,1,68,74,2,145,0,0,0,145
11/19/2007,CRW,WV,AEA,CE,Combined TRACON& Tower with Radar,1,85,28,4,118,0,24,34,0,58,1,109,62,4,176,58,0,58,234
11/20/2007,CRW,WV,AEA,CE,Combined TRACON& Tower with Radar,0,99,36,0,135,0,15,26,0,41,0,114,62,0,176,44,0,44,220
11/21/2007,CRW,WV,AEA,CE,Combined TRACON& Tower with Radar,2,88,30,2,122,0,9,29,0,38,2,97,59,2,160,138,0,138,298
11/22/2007,CRW,WV,AEA,CE,Combined TRACON& Tower with Radar,0,45,4,0,49,0,6,1,0,7,0,51,5,0,56,0,0,0,56
11/23/2007,CRW,WV,AEA,CE,Combined TRACON& Tower with Radar,0,61,33,0,94,0,9,12,0,21,0,70,45,0,115,0,0,0,115
11/24/2007,CRW,WV,AEA,CE,Combined TRACON& Tower with Radar,0,45,35,0,80,0,11,20,0,31,0,56,55,0,111,0,0,0,111
11/25/2007,CRW,WV,AEA,CE,Combined TRACON& Tower with Radar,0,60,43,1,104,0,0,0,0,0,0,60,43,1,104,28,0,28,132
11/26/2007,CRW,WV,AEA,CE,Combined TRACON& Tower with Radar,0,90,25,6,121,0,9,8,0,17,0,99,33,6,138,0,0,0,138
11/27/2007,CRW,WV,AEA,CE,Combined TRACON& Tower with Radar,0,87,42,17,146,0,4,37,0,41,0,91,79,17,187,52,82,134,321
11/28/2007,CRW,WV,AEA,CE,Combined TRACON& Tower with Radar,0,87,55,6,148,0,7,51,1,59,0,94,106,7,207,74,22,96,303
11/29/2007,CRW,WV,AEA,CE,Combined TRACON& Tower with Radar,0,93,51,9,153,0,15,30,4,49,0,108,81,13,202,10,34,44,246
11/30/2007,CRW,WV,AEA,CE,Combined TRACON& Tower with Radar,0,87,24,8,119,0,17,31,2,50,0,104,55,10,169,92,2,94,263
12/01/2007,CRW,WV,AEA,CE,Combined TRACON& Tower with Radar,0,41,27,6,74,0,26,37,5,68,0,67,64,11,142,60,8,68,210
12/02/2007,CRW,WV,AEA,CE,Combined TRACON& Tower with Radar,0,57,15,5,77,0,4,2,3,9,0,61,17,8,86,4,0,4,90
12/03/2007,CRW,WV,AEA,CE,Combined TRACON& Tower with Radar,0,92,11,0,103,0,3,1,0,4,0,95,12,0,107,22,0,22,129
12/04/2007,CRW,WV,AEA,CE,Combined TRACON& Tower with Radar,0,76,21,30,127,0,23,30,0,53,0,99,51,30,180,56,36,92,272
12/05/2007,CRW,WV,AEA,CE,Combined TRACON& Tower with Radar,0,75,27,0,102,0,5,4,0,9,0,80,31,0,111,0,0,0,111
12/06/2007,CRW,WV,AEA,CE,Combined TRACON& Tower with Radar,0,99,44,3,146,0,10,38,1,49,0,109,82,4,195,41,26,67,262
12/07/2007,CRW,WV,AEA,CE,Combined TRACON& Tower with Radar,0,89,15,0,104,0,8,20,0,28,0,97,35,0,132,18,0,18,150
12/08/2007,CRW,WV,AEA,CE,Combined TRACON& Tower with Radar,0,46,16,0,62,0,0,0,0,0,0,46,16,0,62,0,0,0,62
12/09/2007,CRW,WV,AEA,CE,Combined TRACON& Tower with Radar,0,49,22,12,83,0,1,7,0,8,0,50,29,12,91,18,0,18,109
12/10/2007,CRW,WV,AEA,CE,Combined TRACON& Tower with Radar,0,104,36,0,140,0,0,3,0,3,0,104,39,0,143,0,0,0,143
12/11/2007,CRW,WV,AEA,CE,Combined TRACON& Tower with Radar,0,82,45,14,141,0,0,44,0,44,0,82,89,14,185,28,42,70,255
12/12/2007,CRW,WV,AEA,CE,Combined TRACON& Tower with Radar,0,84,44,12,140,0,0,1,0,1,0,84,45,12,141,0,0,0,141
12/13/2007,CRW,WV,AEA,CE,Combined TRACON& Tower with Radar,0,88,39,6,133,0,0,0,0,0,0,88,39,6,133,8,0,8,141
12/14/2007,CRW,WV,AEA,CE,Combined TRACON& Tower with Radar,0,100,53,6,159,0,13,61,6,80,0,113,114,12,239,44,0,44,283
12/15/2007,CRW,WV,AEA,CE,Combined TRACON& Tower with Radar,0,42,17,0,59,0,2,7,2,11,0,44,24,2,70,60,0,60,130
12/16/2007,CRW,WV,AEA,CE,Combined TRACON& Tower with Radar,0,49,7,2,58,0,0,0,0,0,0,49,7,2,58,0,0,0,58
12/17/2007,CRW,WV,AEA,CE,Combined TRACON& Tower with Radar,0,74,32,10,116,0,12,21,6,39,0,86,53,16,155,0,0,0,155
12/18/2007,CRW,WV,AEA,CE,Combined TRACON& Tower with Radar,1,75,53,35,164,0,27,76,4,107,1,102,129,39,271,10,80,90,361
12/19/2007,CRW,WV,AEA,CE,Combined TRACON& Tower with Radar,1,86,50,31,168,0,4,29,5,38,1,90,79,36,206,88,44,132,338
12/20/2007,CRW,WV,AEA,CE,Combined TRACON& Tower with Radar,0,81,67,2,150,0,4,29,0,33,0,85,96,2,183,14,40,54,237
12/21/2007,CRW,WV,AEA,CE,Combined TRACON& Tower with Radar,0,83,38,5,126,0,3,34,0,37,0,86,72,5,163,26,6,32,195
12/22/2007,CRW,WV,AEA,CE,Combined TRACON& Tower with Radar,1,56,18,3,78,0,17,31,0,48,1,73,49,3,126,76,0,76,202
12/23/2007,CRW,WV,AEA,CE,Combined TRACON& Tower with Radar,0,54,5,2,61,0,0,1,0,1,0,54,6,2,62,0,0,0,62
12/24/2007,CRW,WV,AEA,CE,Combined TRACON& Tower with Radar,0,61,6,0,67,0,3,10,0,13,0,64,16,0,80,6,0,6,86
12/25/2007,CRW,WV,AEA,CE,Combined TRACON& Tower with Radar,0,40,1,0,41,0,4,6,0,10,0,44,7,0,51,4,0,4,55
12/26/2007,CRW,WV,AEA,CE,Combined TRACON& Tower with Radar,0,70,38,0,108,0,9,34,1,44,0,79,72,1,152,28,0,28,180
12/27/2007,CRW,WV,AEA,CE,Combined TRACON& Tower with Radar,0,77,24,10,111,0,7,16,0,23,0,84,40,10,134,34,22,56,190
12/28/2007,CRW,WV,AEA,CE,Combined TRACON& Tower with Radar,0,77,12,5,94,0,0,12,1,13,0,77,24,6,107,66,0,66,173
12/29/2007,CRW,WV,AEA,CE,Combined TRACON& Tower with Radar,0,53,30,1,84,0,3,27,0,30,0,56,57,1,114,8,0,8,122
12/30/2007,CRW,WV,AEA,CE,Combined TRACON& Tower with Radar,0,50,11,1,62,0,0,2,0,2,0,50,13,1,64,0,0,0,64
12/31/2007,CRW,WV,AEA,CE,Combined TRACON& Tower with Radar,0,65,22,0,87,0,22,27,0,49,0,87,49,0,136,0,0,0,136
01/01/2008,CRW,WV,AEA,CE,Combined TRACON& Tower with Radar,0,60,2,0,62,0,0,0,0,0,0,60,2,0,62,0,0,0,62
01/02/2008,CRW,WV,AEA,CE,Combined TRACON& Tower with Radar,0,75,6,2,83,0,0,0,0,0,0,75,6,2,83,0,0,0,83
01/03/2008,CRW,WV,AEA,CE,Combined TRACON& Tower with Radar,0,88,32,6,126,0,15,10,0,25,0,103,42,6,151,0,8,8,159
01/04/2008,CRW,WV,AEA,CE,Combined TRACON& Tower with Radar,0,82,28,8,118,0,40,35,3,78,0,122,63,11,196,12,12,24,220
01/05/2008,CRW,WV,AEA,CE,Combined TRACON& Tower with Radar,0,42,21,0,63,0,7,36,0,43,0,49,57,0,106,22,0,22,128
01/06/2008,CRW,WV,AEA,CE,Combined TRACON& Tower with Radar,0,65,22,4,91,0,1,13,1,15,0,66,35,5,106,6,0,6,112
01/07/2008,CRW,WV,AEA,CE,Combined TRACON& Tower with Radar,0,86,27,7,120,0,18,24,0,42,0,104,51,7,162,86,8,94,256
01/08/2008,CRW,WV,AEA,CE,Combined TRACON& Tower with Radar,0,80,27,15,122,0,29,14,2,45,0,109,41,17,167,42,66,108,275
01/09/2008,CRW,WV,AEA,CE,Combined TRACON& Tower with Radar,0,86,24,7,117,0,16,56,13,85,0,102,80,20,202,54,78,132,334
01/10/2008,CRW,WV,AEA,CE,Combined TRACON& Tower with Radar,0,107,45,17,169,0,16,19,0,35,0,123,64,17,204,18,46,64,268
01/11/2008,CRW,WV,AEA,CE,Combined TRACON& Tower with Radar,0,88,18,3,109,0,11,4,0,15,0,99,22,3,124,0,0,0,124
01/12/2008,CRW,WV,AEA,CE,Combined TRACON& Tower with Radar,0,42,8,1,51,0,16,59,0,75,0,58,67,1,126,90,0,90,216
01/13/2008,CRW,WV,AEA,CE,Combined TRACON& Tower with Radar,0,59,33,3,95,0,3,14,0,17,0,62,47,3,112,6,0,6,118
01/14/2008,CRW,WV,AEA,CE,Combined TRACON& Tower with Radar,0,81,30,0,111,0,0,4,0,4,0,81,34,0,115,0,0,0,115
01/15/2008,CRW,WV,AEA,CE,Combined TRACON& Tower with Radar,0,84,32,30,146,0,12,18,3,33,0,96,50,33,179,0,40,40,219
01/16/2008,CRW,WV,AEA,CE,Combined TRACON& Tower with Radar,0,90,43,17,150,0,3,44,5,52,0,93,87,22,202,28,66,94,296
01/17/2008,CRW,WV,AEA,CE,Combined TRACON& Tower with Radar,0,83,20,10,113,0,13,12,0,25,0,96,32,10,138,10,36,46,184
01/18/2008,CRW,WV,AEA,CE,Combined TRACON& Tower with Radar,0,76,41,10,127,0,12,27,0,39,0,88,68,10,166,108,0,108,274
01/19/2008,CRW,WV,AEA,CE,Combined TRACON& Tower with Radar,0,40,10,0,50,0,15,27,0,42,0,55,37,0,92,74,6,80,172
01/20/2008,CRW,WV,AEA,CE,Combined TRACON& Tower with Radar,0,50,15,1,66,0,7,11,0,18,0,57,26,1,84,0,0,0,84
01/21/2008,CRW,WV,AEA,CE,Combined TRACON& Tower with Radar,0,72,41,6,119,0,12,39,0,51,0,84,80,6,170,54,0,54,224
01/22/2008,CRW,WV,AEA,CE,Combined TRACON& Tower with Radar,0,74,23,1,98,0,5,4,0,9,0,79,27,1,107,0,0,0,107
01/23/2008,CRW,WV,AEA,CE,Combined TRACON& Tower with Radar,0,90,33,16,139,0,13,57,4,74,0,103,90,20,213,54,22,76,289
01/24/2008,CRW,WV,AEA,CE,Combined TRACON& Tower with Radar,0,90,27,9,126,0,11,8,0,19,0,101,35,9,145,0,0,0,145
01/25/2008,CRW,WV,AEA,CE,Combined TRACON& Tower with Radar,0,86,34,7,127,0,10,37,0,47,0,96,71,7,174,0,16,16,190
01/26/2008,CRW,WV,AEA,CE,Combined TRACON& Tower with Radar,0,40,11,5,56,0,18,23,3,44,0,58,34,8,100,34,0,34,134
01/27/2008,CRW,WV,AEA,CE,Combined TRACON& Tower with Radar,0,59,14,2,75,0,8,25,1,34,0,67,39,3,109,0,4,4,113
01/28/2008,CRW,WV,AEA,CE,Combined TRACON& Tower with Radar,0,86,59,5,150,0,9,61,0,70,0,95,120,5,220,60,8,68,288
01/29/2008,CRW,WV,AEA,CE,Combined TRACON& Tower with Radar,0,73,30,30,133,0,2,11,0,13,0,75,41,30,146,5,32,37,183
01/30/2008,CRW,WV,AEA,CE,Combined TRACON& Tower with Radar,0,91,32,17,140,0,21,33,3,57,0,112,65,20,197,2,54,56,253
01/31/2008,CRW,WV,AEA,CE,Combined TRACON& Tower with Radar,0,92,29,26,147,0,22,26,5,53,0,114,55,31,200,32,62,94,294
02/01/2008,CRW,WV,AEA,CE,Combined TRACON& Tower with Radar,0,82,9,3,94,0,0,7,0,7,0,82,16,3,101,0,0,0,101
02/02/2008,CRW,WV,AEA,CE,Combined TRACON& Tower with Radar,2,38,23,1,64,0,35,46,2,83,2,73,69,3,147,16,0,16,163
02/03/2008,CRW,WV,AEA,CE,Combined TRACON& Tower with Radar,0,61,17,5,83,0,5,61,3,69,0,66,78,8,152,6,0,6,158
02/04/2008,CRW,WV,AEA,CE,Combined TRACON& Tower with Radar,2,98,23,2,125,0,20,15,0,35,2,118,38,2,160,0,0,0,160
02/05/2008,CRW,WV,AEA,CE,Combined TRACON& Tower with Radar,1,84,30,28,143,0,9,22,2,33,1,93,52,30,176,14,32,46,222
02/06/2008,CRW,WV,AEA,CE,Combined TRACON& Tower with Radar,0,83,28,1,112,0,0,5,4,9,0,83,33,5,121,0,0,0,121
02/07/2008,CRW,WV,AEA,CE,Combined TRACON& Tower with Radar,0,89,29,9,127,0,10,22,4,36,0,99,51,13,163,16,34,50,213
02/08/2008,CRW,WV,AEA,CE,Combined TRACON& Tower with Radar,0,91,34,2,127,0,22,36,1,59,0,113,70,3,186,26,0,26,212
02/09/2008,CRW,WV,AEA,CE,Combined TRACON& Tower with Radar,0,37,9,2,48,0,25,19,0,44,0,62,28,2,92,54,0,54,146
02/10/2008,CRW,WV,AEA,CE,Combined TRACON& Tower with Radar,0,59,9,0,68,0,2,2,0,4,0,61,11,0,72,0,0,0,72
02/11/2008,CRW,WV,AEA,CE,Combined TRACON& Tower with Radar,0,90,32,1,123,0,22,34,3,59,0,112,66,4,182,0,0,0,182
02/12/2008,CRW,WV,AEA,CE,Combined TRACON& Tower with Radar,0,76,14,19,109,0,4,10,0,14,0,80,24,19,123,10,76,86,209
02/13/2008,CRW,WV,AEA,CE,Combined TRACON& Tower with Radar,0,98,22,2,122,0,0,0,0,0,0,98,22,2,122,0,0,0,122
02/14/2008,CRW,WV,AEA,CE,Combined TRACON& Tower with Radar,0,85,40,0,125,0,12,31,1,44,0,97,71,1,169,16,0,16,185
02/15/2008,CRW,WV,AEA,CE,Combined TRACON& Tower with Radar,0,86,27,4,117,0,18,48,0,66,0,104,75,4,183,4,0,4,187
02/16/2008,CRW,WV,AEA,CE,Combined TRACON& Tower with Radar,0,43,19,3,65,0,8,44,0,52,0,51,63,3,117,60,0,60,177
02/17/2008,CRW,WV,AEA,CE,Combined TRACON& Tower with Radar,0,57,9,7,73,0,9,0,0,9,0,66,9,7,82,0,0,0,82
02/18/2008,CRW,WV,AEA,CE,Combined TRACON& Tower with Radar,0,73,28,7,108,0,12,10,0,22,0,85,38,7,130,0,0,0,130
02/19/2008,CRW,WV,AEA,CE,Combined TRACON& Tower with Radar,0,92,24,2,118,0,14,12,0,26,0,106,36,2,144,6,0,6,150
02/20/2008,CRW,WV,AEA,CE,Combined TRACON& Tower with Radar,0,90,25,0,115,0,1,0,0,1,0,91,25,0,116,0,0,0,116
02/21/2008,CRW,WV,AEA,CE,Combined TRACON& Tower with Radar,0,109,34,1,144,0,14,35,3,52,0,123,69,4,196,4,0,4,200
02/22/2008,CRW,WV,AEA,CE,Combined TRACON& Tower with Radar,0,108,17,11,136,0,0,0,0,0,0,108,17,11,136,0,0,0,136
02/23/2008,CRW,WV,AEA,CE,Combined TRACON& Tower with Radar,0,49,11,5,65,0,0,0,0,0,0,49,11,5,65,0,0,0,65
02/24/2008,CRW,WV,AEA,CE,Combined TRACON& Tower with Radar,0,63,10,1,74,0,1,5,1,7,0,64,15,2,81,0,0,0,81
02/25/2008,CRW,WV,AEA,CE,Combined TRACON& Tower with Radar,0,79,48,6,133,0,2,36,0,38,0,81,84,6,171,0,0,0,171
02/26/2008,CRW,WV,AEA,CE,Combined TRACON& Tower with Radar,3,90,49,2,144,0,0,4,0,4,3,90,53,2,148,0,0,0,148
02/27/2008,CRW,WV,AEA,CE,Combined TRACON& Tower with Radar,0,86,27,10,123,0,0,0,0,0,0,86,27,10,123,0,18,18,141
02/28/2008,CRW,WV,AEA,CE,Combined TRACON& Tower with Radar,0,89,44,8,141,0,18,39,0,57,0,107,83,8,198,0,29,29,227
02/29/2008,CRW,WV,AEA,CE,Combined TRACON& Tower with Radar,2,91,28,3,124,0,5,21,0,26,2,96,49,3,150,10,0,10,160
03/01/2008,CRW,WV,AEA,CE,Combined TRACON& Tower with Radar,0,41,21,0,62,0,9,30,0,39,0,50,51,0,101,46,0,46,147
03/02/2008,CRW,WV,AEA,CE,Combined TRACON& Tower with Radar,1,57,34,8,100,0,43,115,0,158,1,100,149,8,258,20,0,20,278
03/03/2008,CRW,WV,AEA,CE,Combined TRACON& Tower with Radar,0,83,37,0,120,0,20,35,3,58,0,103,72,3,178,0,0,0,178
03/04/2008,CRW,WV,AEA,CE,Combined TRACON& Tower with Radar,0,75,16,7,98,0,8,1,0,9,0,83,17,7,107,0,0,0,107
03/05/2008,CRW,WV,AEA,CE,Combined TRACON& Tower with Radar,0,82,18,24,124,0,7,23,2,32,0,89,41,26,156,0,42,42,198
03/06/2008,CRW,WV,AEA,CE,Combined TRACON& Tower with Radar,2,99,54,13,168,0,23,83,1,107,2,122,137,14,275,18,66,84,359
03/07/2008,CRW,WV,AEA,CE,Combined TRACON& Tower with Radar,0,83,20,5,108,0,4,10,1,15,0,87,30,6,123,0,0,0,123
03/08/2008,CRW,WV,AEA,CE,Combined TRACON& Tower with Radar,0,38,2,1,41,0,0,0,0,0,0,38,2,1,41,0,0,0,41
03/09/2008,CRW,WV,AEA,CE,Combined TRACON& Tower with Radar,0,61,20,20,101,0,8,29,0,37,0,69,49,20,138,24,30,54,192
03/10/2008,CRW,WV,AEA,CE,Combined TRACON& Tower with Radar,0,83,36,1,120,0,16,40,3,59,0,99,76,4,179,0,14,14,193
03/11/2008,CRW,WV,AEA,CE,Combined TRACON& Tower with Radar,0,88,55,15,158,0,12,49,4,65,0,100,104,19,223,38,20,58,281
03/12/2008,CRW,WV,AEA,CE,Combined TRACON& Tower with Radar,0,81,62,11,154,0,4,52,13,69,0,85,114,24,223,8,22,30,253
03/13/2008,CRW,WV,AEA,CE,Combined TRACON& Tower with Radar,0,84,44,17,145,0,15,43,7,65,0,99,87,24,210,0,0,0,210
03/14/2008,CRW,WV,AEA,CE,Combined TRACON& Tower with Radar,0,77,43,2,122,0,10,27,0,37,0,87,70,2,159,10,0,10,169
03/15/2008,CRW,WV,AEA,CE,Combined TRACON& Tower with Radar,0,40,7,4,51,0,1,0,0,1,0,41,7,4,52,54,0,54,106
03/16/2008,CRW,WV,AEA,CE,Combined TRACON& Tower with Radar,0,60,31,1,92,0,5,18,0,23,0,65,49,1,115,18,0,18,133
03/17/2008,CRW,WV,AEA,CE,Combined TRACON& Tower with Radar,2,90,33,4,129,0,12,24,0,36,2,102,57,4,165,20,0,20,185
03/18/2008,CRW,WV,AEA,CE,Combined TRACON& Tower with Radar,0,78,32,19,129,0,10,19,1,30,0,88,51,20,159,16,22,38,197
03/19/2008,CRW,WV,AEA,CE,Combined TRACON& Tower with Radar,4,92,16,3,115,0,0,0,0,0,4,92,16,3,115,0,0,0,115
03/20/2008,CRW,WV,AEA,CE,Combined TRACON& Tower with Radar,2,92,36,7,137,0,1,10,2,13,2,93,46,9,150,2,16,18,168
03/21/2008,CRW,WV,AEA,CE,Combined TRACON& Tower with Radar,0,86,38,7,131,0,20,63,6,89,0,106,101,13,220,16,0,16,236
03/22/2008,CRW,WV,AEA,CE,Combined TRACON& Tower with Radar,0,48,7,0,55,0,12,12,0,24,0,60,19,0,79,20,0,20,99
03/23/2008,CRW,WV,AEA,CE,Combined TRACON& Tower with Radar,0,56,7,2,65,0,7,16,0,23,0,63,23,2,88,8,0,8,96
03/24/2008,CRW,WV,AEA,CE,Combined TRACON& Tower with Radar,0,72,25,0,97,0,6,17,2,25,0,78,42,2,122,0,0,0,122
03/25/2008,CRW,WV,AEA,CE,Combined TRACON& Tower with Radar,0,75,22,11,108,0,3,46,7,56,0,78,68,18,164,0,48,48,212
03/26/2008,CRW,WV,AEA,CE,Combined TRACON& Tower with Radar,0,83,39,9,131,0,13,19,6,38,0,96,58,15,169,10,50,60,229
03/27/2008,CRW,WV,AEA,CE,Combined TRACON& Tower with Radar,0,79,16,5,100,0,8,0,1,9,0,87,16,6,109,0,4,4,113
03/28/2008,CRW,WV,AEA,CE,Combined TRACON& Tower with Radar,1,83,17,2,103,0,0,4,0,4,1,83,21,2,107,0,0,0,107
03/29/2008,CRW,WV,AEA,CE,Combined TRACON& Tower with Radar,0,42,18,0,60,0,17,48,0,65,0,59,66,0,125,18,0,18,143
03/30/2008,CRW,WV,AEA,CE,Combined TRACON& Tower with Radar,0,71,18,7,96,0,3,2,0,5,0,74,20,7,101,0,0,0,101
03/31/2008,CRW,WV,AEA,CE,Combined TRACON& Tower with Radar,0,83,21,4,108,0,12,10,0,22,0,95,31,4,130,16,0,16,146
04/01/2008,CRW,WV,AEA,CE,Combined TRACON& Tower with Radar,0,84,23,12,119,0,9,5,2,16,0,93,28,14,135,0,75,75,210
04/02/2008,CRW,WV,AEA,CE,Combined TRACON& Tower with Radar,0,99,50,11,160,0,14,52,6,72,0,113,102,17,232,112,10,122,354
04/03/2008,CRW,WV,AEA,CE,Combined TRACON& Tower with Radar,0,98,36,4,138,0,1,8,0,9,0,99,44,4,147,9,0,9,156
04/04/2008,CRW,WV,AEA,CE,Combined TRACON& Tower with Radar,0,100,30,2,132,0,0,2,0,2,0,100,32,2,134,0,0,0,134
04/05/2008,CRW,WV,AEA,CE,Combined TRACON& Tower with Radar,0,43,18,2,63,0,9,10,6,25,0,52,28,8,88,74,0,74,162
04/06/2008,CRW,WV,AEA,CE,Combined TRACON& Tower with Radar,0,66,38,6,110,0,8,33,0,41,0,74,71,6,151,22,0,22,173
04/07/2008,CRW,WV,AEA,CE,Combined TRACON& Tower with Radar,2,89,31,3,125,0,21,47,1,69,2,110,78,4,194,66,0,66,260
04/08/2008,CRW,WV,AEA,CE,Combined TRACON& Tower with Radar,0,94,48,12,154,0,13,72,0,85,0,107,120,12,239,62,6,68,307
04/09/2008,CRW,WV,AEA,CE,Combined TRACON& Tower with Radar,0,81,29,2,112,0,10,22,0,32,0,91,51,2,144,48,6,54,198
04/10/2008,CRW,WV,AEA,CE,Combined TRACON& Tower with Radar,0,89,45,2,136,0,18,22,3,43,0,107,67,5,179,44,6,50,229
04/11/2008,CRW,WV,AEA,CE,Combined TRACON& Tower with Radar,0,85,22,13,120,0,12,16,0,28,0,97,38,13,148,24,0,24,172
04/12/2008,CRW,WV,AEA,CE,Combined TRACON& Tower with Radar,0,43,15,9,67,0,27,25,2,54,0,70,40,11,121,20,0,20,141
04/13/2008,CRW,WV,AEA,CE,Combined TRACON& Tower with Radar,0,63,17,6,86,0,15,8,0,23,0,78,25,6,109,0,0,0,109
04/14/2008,CRW,WV,AEA,CE,Combined TRACON& Tower with Radar,0,82,21,3,106,0,6,25,0,31,0,88,46,3,137,10,0,10,147
04/15/2008,CRW,WV,AEA,CE,Combined TRACON& Tower with Radar,0,79,73,5,157,0,19,92,2,113,0,98,165,7,270,74,0,74,344
04/16/2008,CRW,WV,AEA,CE,Combined TRACON& Tower with Radar,0,87,42,6,135,0,16,75,7,98,0,103,117,13,233,40,52,92,325
04/17/2008,CRW,WV,AEA,CE,Combined TRACON& Tower with Radar,0,95,44,16,155,0,28,70,0,98,0,123,114,16,253,86,34,120,373
04/18/2008,CRW,WV,AEA,CE,Combined TRACON& Tower with Radar,0,88,48,3,139,0,29,52,0,81,0,117,100,3,220,62,0,62,282
04/19/2008,CRW,WV,AEA,CE,Combined TRACON& Tower with Radar,0,41,22,1,64,0,18,27,2,47,0,59,49,3,111,46,0,46,157
04/20/2008,CRW,WV,AEA,CE,Combined TRACON& Tower with Radar,0,62,22,7,91,0,7,7,0,14,0,69,29,7,105,23,0,23,128
04/21/2008,CRW,WV,AEA,CE,Combined TRACON& Tower with Radar,0,88,40,21,149,0,14,43,0,57,0,102,83,21,206,50,16,66,272
04/22/2008,CRW,WV,AEA,CE,Combined TRACON& Tower with Radar,0,90,36,21,147,0,12,68,0,80,0,102,104,21,227,26,70,96,323
04/23/2008,CRW,WV,AEA,CE,Combined TRACON& Tower with Radar,0,88,35,9,132,0,17,34,4,55,0,105,69,13,187,0,48,48,235
04/24/2008,CRW,WV,AEA,CE,Combined TRACON& Tower with Radar,0,87,55,25,167,0,27,90,6,123,0,114,145,31,290,48,12,60,350
04/25/2008,CRW,WV,AEA,CE,Combined TRACON& Tower with Radar,0,94,54,8,156,0,11,39,0,50,0,105,93,8,206,4,0,4,210
04/26/2008,CRW,WV,AEA,CE,Combined TRACON& Tower with Radar,0,44,24,0,68,0,8,32,0,40,0,52,56,0,108,6,0,6,114
04/27/2008,CRW,WV,AEA,CE,Combined TRACON& Tower with Radar,0,62,13,2,77,0,14,18,0,32,0,76,31,2,109,20,0,20,129
04/28/2008,CRW,WV,AEA,CE,Combined TRACON& Tower with Radar,0,112,47,4,163,0,2,7,0,9,0,114,54,4,172,4,0,4,176
04/29/2008,CRW,WV,AEA,CE,Combined TRACON& Tower with Radar,0,76,27,17,120,0,1,21,3,25,0,77,48,20,145,0,66,66,211
04/30/2008,CRW,WV,AEA,CE,Combined TRACON& Tower with Radar,2,88,64,27,181,0,26,80,8,114,2,114,144,35,295,32,54,86,381
05/01/2008,CRW,WV,AEA,CE,Combined TRACON& Tower with Radar,0,89,35,7,131,0,36,66,4,106,0,125,101,11,237,6,38,44,281
05/02/2008,CRW,WV,AEA,CE,Combined TRACON& Tower with Radar,0,86,46,5,137,0,25,31,6,62,0,111,77,11,199,2,20,22,221
05/03/2008,CRW,WV,AEA,CE,Combined TRACON& Tower with Radar,0,42,25,7,74,0,18,20,6,44,0,60,45,13,118,6,10,16,134
05/04/2008,CRW,WV,AEA,CE,Combined TRACON& Tower with Radar,0,61,21,5,87,0,23,34,2,59,0,84,55,7,146,18,0,18,164
05/05/2008,CRW,WV,AEA,CE,Combined TRACON& Tower with Radar,0,84,34,16,134,0,18,77,1,96,0,102,111,17,230,41,12,53,283
05/06/2008,CRW,WV,AEA,CE,Combined TRACON& Tower with Radar,0,93,36,37,166,0,11,70,6,87,0,104,106,43,253,82,22,104,357
05/07/2008,CRW,WV,AEA,CE,Combined TRACON& Tower with Radar,4,88,39,7,138,0,24,55,5,84,4,112,94,12,222,0,0,0,222
05/08/2008,CRW,WV,AEA,CE,Combined TRACON& Tower with Radar,2,98,57,5,162,0,0,0,0,0,2,98,57,5,162,18,2,20,182
05/09/2008,CRW,WV,AEA,CE,Combined TRACON& Tower with Radar,0,90,35,6,131,0,3,6,3,12,0,93,41,9,143,0,0,0,143
05/10/2008,CRW,WV,AEA,CE,Combined TRACON& Tower with Radar,0,49,17,9,75,0,24,46,18,88,0,73,63,27,163,4,0,4,167
05/11/2008,CRW,WV,AEA,CE,Combined TRACON& Tower with Radar,0,64,14,5,83,0,8,8,0,16,0,72,22,5,99,0,0,0,99
05/12/2008,CRW,WV,AEA,CE,Combined TRACON& Tower with Radar,3,85,31,6,125,1,11,23,0,35,4,96,54,6,160,0,0,0,160
05/13/2008,CRW,WV,AEA,CE,Combined TRACON& Tower with Radar,2,85,31,10,128,0,13,54,5,72,2,98,85,15,200,78,10,88,288
05/14/2008,CRW,WV,AEA,CE,Combined TRACON& Tower with Radar,0,93,29,18,140,0,21,36,6,63,0,114,65,24,203,24,24,48,251
05/15/2008,CRW,WV,AEA,CE,Combined TRACON& Tower with Radar,0,96,41,4,141,0,7,4,0,11,0,103,45,4,152,0,0,0,152
05/16/2008,CRW,WV,AEA,CE,Combined TRACON& Tower with Radar,2,94,29,2,127,0,0,1,0,1,2,94,30,2,128,0,0,0,128
05/17/2008,CRW,WV,AEA,CE,Combined TRACON& Tower with Radar,0,47,20,3,70,0,4,25,5,34,0,51,45,8,104,14,12,26,130
05/18/2008,CRW,WV,AEA,CE,Combined TRACON& Tower with Radar,0,64,18,3,85,0,4,14,0,18,0,68,32,3,103,0,0,0,103
05/19/2008,CRW,WV,AEA,CE,Combined TRACON& Tower with Radar,0,86,34,1,121,0,12,36,0,48,0,98,70,1,169,26,0,26,195
05/20/2008,CRW,WV,AEA,CE,Combined TRACON& Tower with Radar,0,78,38,3,119,0,7,18,2,27,0,85,56,5,146,102,24,126,272
05/21/2008,CRW,WV,AEA,CE,Combined TRACON& Tower with Radar,0,93,46,3,142,0,20,59,5,84,0,113,105,8,226,72,0,72,298
05/22/2008,CRW,WV,AEA,CE,Combined TRACON& Tower with Radar,0,100,62,9,171,0,22,60,0,82,0,122,122,9,253,124,6,130,383
05/23/2008,CRW,WV,AEA,CE,Combined TRACON& Tower with Radar,0,85,44,10,139,0,19,71,2,92,0,104,115,12,231,88,0,88,319
05/24/2008,CRW,WV,AEA,CE,Combined TRACON& Tower with Radar,0,45,25,6,76,0,25,32,0,57,0,70,57,6,133,80,0,80,213
05/25/2008,CRW,WV,AEA,CE,Combined TRACON& Tower with Radar,0,45,9,0,54,0,38,36,0,74,0,83,45,0,128,10,0,10,138
05/26/2008,CRW,WV,AEA,CE,Combined TRACON& Tower with Radar,0,71,24,8,103,0,28,31,4,63,0,99,55,12,166,36,8,44,210
05/27/2008,CRW,WV,AEA,CE,Combined TRACON& Tower with Radar,0,82,30,6,118,0,2,16,1,19,0,84,46,7,137,4,0,4,141
05/28/2008,CRW,WV,AEA,CE,Combined TRACON& Tower with Radar,0,103,72,17,192,0,12,47,9,68,0,115,119,26,260,48,57,105,365
05/29/2008,CRW,WV,AEA,CE,Combined TRACON& Tower with Radar,0,90,40,6,136,0,21,62,2,85,0,111,102,8,221,108,0,108,329
05/30/2008,CRW,WV,AEA,CE,Combined TRACON& Tower with Radar,3,95,52,11,161,0,34,50,6,90,3,129,102,17,251,74,0,74,325
05/31/2008,CRW,WV,AEA,CE,Combined TRACON& Tower with Radar,0,42,0,8,50,0,21,10,0,31,0,63,10,8,81,47,0,47,128
06/01/2008,CRW,WV,AEA,CE,Combined TRACON& Tower with Radar,0,68,23,6,97,0,35,35,3,73,0,103,58,9,170,58,2,60,230
06/02/2008,CRW,WV,AEA,CE,Combined TRACON& Tower with Radar,0,94,49,2,145,0,13,22,5,40,0,107,71,7,185,0,0,0,185
06/03/2008,CRW,WV,AEA,CE,Combined TRACON& Tower with Radar,0,78,37,8,123,0,6,32,0,38,0,84,69,8,161,68,18,86,247
06/04/2008,CRW,WV,AEA,CE,Combined TRACON& Tower with Radar,0,92,40,1,133,0,2,24,0,26,0,94,64,1,159,10,24,34,193
06/05/2008,CRW,WV,AEA,CE,Combined TRACON& Tower with Radar,0,100,46,14,160,0,8,58,8,74,0,108,104,22,234,34,6,40,274
06/06/2008,CRW,WV,AEA,CE,Combined TRACON& Tower with Radar,0,83,46,22,151,0,13,43,6,62,0,96,89,28,213,10,0,10,223
06/07/2008,CRW,WV,AEA,CE,Combined TRACON& Tower with Radar,2,54,27,5,88,0,22,49,9,80,2,76,76,14,168,14,0,14,182
06/08/2008,CRW,WV,AEA,CE,Combined TRACON& Tower with Radar,4,64,29,9,106,0,8,37,4,49,4,72,66,13,155,10,10,20,175
06/09/2008,CRW,WV,AEA,CE,Combined TRACON& Tower with Radar,0,81,25,14,120,0,10,29,7,46,0,91,54,21,166,36,0,36,202
06/10/2008,CRW,WV,AEA,CE,Combined TRACON& Tower with Radar,0,81,42,5,128,0,1,42,7,50,0,82,84,12,178,50,6,56,234
06/11/2008,CRW,WV,AEA,CE,Combined TRACON& Tower with Radar,0,85,39,5,129,0,10,62,5,77,0,95,101,10,206,66,4,70,276
06/12/2008,CRW,WV,AEA,CE,Combined TRACON& Tower with Radar,2,88,48,26,164,0,17,50,4,71,2,105,98,30,235,34,62,96,331
06/13/2008,CRW,WV,AEA,CE,Combined TRACON& Tower with Radar,0,87,60,16,163,0,6,39,5,50,0,93,99,21,213,24,0,24,237
06/14/2008,CRW,WV,AEA,CE,Combined TRACON& Tower with Radar,5,56,24,0,85,0,0,0,0,0,5,56,24,0,85,0,0,0,85
06/15/2008,CRW,WV,AEA,CE,Combined TRACON& Tower with Radar,3,72,33,12,120,0,25,40,1,66,3,97,73,13,186,0,0,0,186
06/16/2008,CRW,WV,AEA,CE,Combined TRACON& Tower with Radar,0,78,42,1,121,0,0,22,1,23,0,78,64,2,144,34,0,34,178
06/17/2008,CRW,WV,AEA,CE,Combined TRACON& Tower with Radar,0,90,48,10,148,0,6,55,3,64,0,96,103,13,212,119,24,143,355
06/18/2008,CRW,WV,AEA,CE,Combined TRACON& Tower with Radar,0,91,44,20,155,0,15,34,5,54,0,106,78,25,209,136,32,168,377
06/19/2008,CRW,WV,AEA,CE,Combined TRACON& Tower with Radar,0,91,42,12,145,0,13,57,14,84,0,104,99,26,229,63,0,63,292
06/20/2008,CRW,WV,AEA,CE,Combined TRACON& Tower with Radar,0,85,48,31,164,0,16,28,3,47,0,101,76,34,211,110,10,120,331
06/21/2008,CRW,WV,AEA,CE,Combined TRACON& Tower with Radar,4,49,27,1,81,0,2,23,0,25,4,51,50,1,106,18,6,24,130
06/22/2008,CRW,WV,AEA,CE,Combined TRACON& Tower with Radar,4,62,30,8,104,0,7,28,5,40,4,69,58,13,144,0,0,0,144
06/23/2008,CRW,WV,AEA,CE,Combined TRACON& Tower with Radar,0,91,22,0,113,0,6,16,2,24,0,97,38,2,137,36,0,36,173
06/24/2008,CRW,WV,AEA,CE,Combined TRACON& Tower with Radar,0,89,44,8,141,0,6,45,6,57,0,95,89,14,198,68,6,74,272
06/25/2008,CRW,WV,AEA,CE,Combined TRACON& Tower with Radar,0,88,73,10,171,0,21,54,8,83,0,109,127,18,254,30,8,38,292
06/26/2008,CRW,WV,AEA,CE,Combined TRACON& Tower with Radar,0,99,60,26,185,0,18,32,6,56,0,117,92,32,241,62,34,96,337
06/27/2008,CRW,WV,AEA,CE,Combined TRACON& Tower with Radar,0,100,52,1,153,0,13,32,0,45,0,113,84,1,198,76,0,76,274
06/28/2008,CRW,WV,AEA,CE,Combined TRACON& Tower with Radar,1,55,26,0,82,0,7,29,0,36,1,62,55,0,118,0,0,0,118
06/29/2008,CRW,WV,AEA,CE,Combined TRACON& Tower with Radar,4,66,24,5,99,0,6,15,0,21,4,72,39,5,120,0,0,0,120
06/30/2008,CRW,WV,AEA,CE,Combined TRACON& Tower with Radar,0,81,36,5,122,0,0,10,0,10,0,81,46,5,132,28,0,28,160
07/01/2008,CRW,WV,AEA,CE,Combined TRACON& Tower with Radar,0,91,40,22,153,0,27,48,4,79,0,118,88,26,232,108,82,190,422
07/02/2008,CRW,WV,AEA,CE,Combined TRACON& Tower with Radar,0,93,41,6,140,0,11,75,4,90,0,104,116,10,230,42,24,66,296
07/03/2008,CRW,WV,AEA,CE,Combined TRACON& Tower with Radar,0,82,44,2,128,0,6,24,0,30,0,88,68,2,158,64,0,64,222
07/04/2008,CRW,WV,AEA,CE,Combined TRACON& Tower with Radar,0,47,24,0,71,0,2,5,0,7,0,49,29,0,78,10,0,10,88
07/05/2008,CRW,WV,AEA,CE,Combined TRACON& Tower with Radar,1,49,11,1,62,0,4,1,1,6,1,53,12,2,68,10,4,14,82
07/06/2008,CRW,WV,AEA,CE,Combined TRACON& Tower with Radar,0,53,23,0,76,0,3,18,0,21,0,56,41,0,97,10,0,10,107
07/07/2008,CRW,WV,AEA,CE,Combined TRACON& Tower with Radar,0,88,25,6,119,0,28,40,0,68,0,116,65,6,187,38,0,38,225
07/08/2008,CRW,WV,AEA,CE,Combined TRACON& Tower with Radar,0,93,29,18,140,0,12,36,4,52,0,105,65,22,192,78,16,94,286
07/09/2008,CRW,WV,AEA,CE,Combined TRACON& Tower with Radar,0,93,37,0,130,0,3,19,0,22,0,96,56,0,152,32,0,32,184
07/10/2008,CRW,WV,AEA,CE,Combined TRACON& Tower with Radar,0,91,38,8,137,0,12,63,3,78,0,103,101,11,215,4,10,14,229
07/11/2008,CRW,WV,AEA,CE,Combined TRACON& Tower with Radar,0,96,38,21,155,0,18,55,6,79,0,114,93,27,234,54,0,54,288
07/12/2008,CRW,WV,AEA,CE,Combined TRACON& Tower with Radar,3,51,32,3,89,0,22,48,0,70,3,73,80,3,159,52,0,52,211
07/13/2008,CRW,WV,AEA,CE,Combined TRACON& Tower with Radar,0,51,32,8,91,0,4,7,0,11,0,55,39,8,102,0,0,0,102
07/14/2008,CRW,WV,AEA,CE,Combined TRACON& Tower with Radar,0,84,42,9,135,0,13,38,1,52,0,97,80,10,187,14,12,26,213
07/15/2008,CRW,WV,AEA,CE,Combined TRACON& Tower with Radar,0,90,44,16,150,0,5,67,3,75,0,95,111,19,225,24,22,46,271
07/16/2008,CRW,WV,AEA,CE,Combined TRACON& Tower with Radar,0,92,56,23,171,0,9,77,7,93,0,101,133,30,264,90,22,112,376
07/17/2008,CRW,WV,AEA,CE,Combined TRACON& Tower with Radar,0,101,50,9,160,0,4,56,5,65,0,105,106,14,225,14,20,34,259
07/18/2008,CRW,WV,AEA,CE,Combined TRACON& Tower with Radar,0,73,55,1,129,0,14,43,3,60,0,87,98,4,189,12,0,12,201
07/19/2008,CRW,WV,AEA,CE,Combined TRACON& Tower with Radar,4,48,33,0,85,0,17,66,4,87,4,65,99,4,172,34,0,34,206
07/20/2008,CRW,WV,AEA,CE,Combined TRACON& Tower with Radar,0,52,20,7,79,0,12,14,1,27,0,64,34,8,106,0,14,14,120
07/21/2008,CRW,WV,AEA,CE,Combined TRACON& Tower with Radar,0,91,28,0,119,0,10,45,5,60,0,101,73,5,179,48,0,48,227
07/22/2008,CRW,WV,AEA,CE,Combined TRACON& Tower with Radar,0,92,39,17,148,0,12,41,9,62,0,104,80,26,210,8,40,48,258
07/23/2008,CRW,WV,AEA,CE,Combined TRACON& Tower with Radar,0,83,49,11,143,0,5,24,9,38,0,88,73,20,181,24,16,40,221
07/24/2008,CRW,WV,AEA,CE,Combined TRACON& Tower with Radar,2,91,62,23,178,0,14,87,9,110,2,105,149,32,288,28,4,32,320
07/25/2008,CRW,WV,AEA,CE,Combined TRACON& Tower with Radar,0,86,29,35,150,0,9,56,6,71,0,95,85,41,221,58,0,58,279
07/26/2008,CRW,WV,AEA,CE,Combined TRACON& Tower with Radar,5,49,16,0,70,0,17,29,0,46,5,66,45,0,116,12,0,12,128
07/27/2008,CRW,WV,AEA,CE,Combined TRACON& Tower with Radar,0,55,18,24,97,0,18,27,2,47,0,73,45,26,144,0,2,2,146
07/28/2008,CRW,WV,AEA,CE,Combined TRACON& Tower with Radar,0,87,20,0,107,0,7,31,11,49,0,94,51,11,156,42,28,70,226
07/29/2008,CRW,WV,AEA,CE,Combined TRACON& Tower with Radar,0,88,48,27,163,0,8,40,0,48,0,96,88,27,211,0,84,84,295
07/30/2008,CRW,WV,AEA,CE,Combined TRACON& Tower with Radar,0,88,46,39,173,0,7,55,10,72,0,95,101,49,245,2,46,48,293
07/31/2008,CRW,WV,AEA,CE,Combined TRACON& Tower with Radar,0,99,33,10,142,0,16,12,6,34,0,115,45,16,176,6,16,22,198
08/01/2008,CRW,WV,AEA,CE,Combined TRACON& Tower with Radar,1,72,29,13,115,0,14,40,7,61,1,86,69,20,176,28,66,94,270
08/02/2008,CRW,WV,AEA,CE,Combined TRACON& Tower with Radar,3,48,24,4,79,0,23,9,6,38,3,71,33,10,117,0,0,0,117
08/03/2008,CRW,WV,AEA,CE,Combined TRACON& Tower with Radar,0,51,20,7,78,0,19,29,1,49,0,70,49,8,127,12,6,18,145
08/04/2008,CRW,WV,AEA,CE,Combined TRACON& Tower with Radar,0,91,29,3,123,0,24,54,5,83,0,115,83,8,206,40,2,42,248
08/05/2008,CRW,WV,AEA,CE,Combined TRACON& Tower with Radar,0,82,47,4,133,0,9,32,0,41,0,91,79,4,174,38,0,38,212
08/06/2008,CRW,WV,AEA,CE,Combined TRACON& Tower with Radar,0,87,48,7,142,0,11,50,15,76,0,98,98,22,218,28,12,40,258
08/07/2008,CRW,WV,AEA,CE,Combined TRACON& Tower with Radar,2,104,36,11,153,0,20,44,6,70,2,124,80,17,223,48,10,58,281
08/08/2008,CRW,WV,AEA,CE,Combined TRACON& Tower with Radar,0,89,35,13,137,0,19,45,4,68,0,108,80,17,205,82,6,88,293
08/09/2008,CRW,WV,AEA,CE,Combined TRACON& Tower with Radar,1,54,50,1,106,0,17,47,0,64,1,71,97,1,170,24,0,24,194
08/10/2008,CRW,WV,AEA,CE,Combined TRACON& Tower with Radar,0,53,21,4,78,0,15,23,4,42,0,68,44,8,120,22,24,46,166
08/11/2008,CRW,WV,AEA,CE,Combined TRACON& Tower with Radar,0,81,59,4,144,0,20,38,4,62,0,101,97,8,206,36,0,36,242
08/12/2008,CRW,WV,AEA,CE,Combined TRACON& Tower with Radar,0,81,51,23,155,0,36,52,2,90,0,117,103,25,245,12,12,24,269
08/13/2008,CRW,WV,AEA,CE,Combined TRACON& Tower with Radar,0,89,40,2,131,0,43,39,9,91,0,132,79,11,222,32,10,42,264
08/14/2008,CRW,WV,AEA,CE,Combined TRACON& Tower with Radar,0,91,41,9,141,0,7,36,4,47,0,98,77,13,188,0,6,6,194
08/15/2008,CRW,WV,AEA,CE,Combined TRACON& Tower with Radar,0,89,39,3,131,0,18,30,2,50,0,107,69,5,181,34,0,34,215
08/16/2008,CRW,WV,AEA,CE,Combined TRACON& Tower with Radar,0,48,23,3,74,0,9,19,0,28,0,57,42,3,102,0,0,0,102
08/17/2008,CRW,WV,AEA,CE,Combined TRACON& Tower with Radar,0,60,38,7,105,0,24,34,0,58,0,84,72,7,163,16,0,16,179
08/18/2008,CRW,WV,AEA,CE,Combined TRACON& Tower with Radar,0,81,45,0,126,0,13,27,3,43,0,94,72,3,169,10,0,10,179
08/19/2008,CRW,WV,AEA,CE,Combined TRACON& Tower with Radar,0,81,48,20,149,0,23,42,1,66,0,104,90,21,215,28,32,60,275
08/20/2008,CRW,WV,AEA,CE,Combined TRACON& Tower with Radar,0,89,60,10,159,0,9,40,0,49,0,98,100,10,208,8,10,18,226
08/21/2008,CRW,WV,AEA,CE,Combined TRACON& Tower with Radar,2,89,43,0,134,0,11,39,11,61,2,100,82,11,195,28,0,28,223
08/22/2008,CRW,WV,AEA,CE,Combined TRACON& Tower with Radar,7,85,20,11,123,0,8,40,9,57,7,93,60,20,180,30,12,42,222
08/23/2008,CRW,WV,AEA,CE,Combined TRACON& Tower with Radar,0,44,29,0,73,0,24,31,0,55,0,68,60,0,128,48,0,48,176
08/24/2008,CRW,WV,AEA,CE,Combined TRACON& Tower with Radar,0,62,28,1,91,0,18,23,0,41,0,80,51,1,132,16,10,26,158
08/25/2008,CRW,WV,AEA,CE,Combined TRACON& Tower with Radar,0,83,23,8,114,0,23,34,0,57,0,106,57,8,171,58,0,58,229
08/26/2008,CRW,WV,AEA,CE,Combined TRACON& Tower with Radar,0,77,64,18,159,0,4,34,3,41,0,81,98,21,200,0,66,66,266
08/27/2008,CRW,WV,AEA,CE,Combined TRACON& Tower with Radar,0,90,36,21,147,0,0,1,2,3,0,90,37,23,150,0,26,26,176
08/28/2008,CRW,WV,AEA,CE,Combined TRACON& Tower with Radar,0,88,33,19,140,0,0,9,0,9,0,88,42,19,149,12,6,18,167
08/29/2008,CRW,WV,AEA,CE,Combined TRACON& Tower with Radar,0,83,35,2,120,0,12,20,7,39,0,95,55,9,159,0,6,6,165
08/30/2008,CRW,WV,AEA,CE,Combined TRACON& Tower with Radar,0,46,32,0,78,0,10,12,0,22,0,56,44,0,100,16,0,16,116
08/31/2008,CRW,WV,AEA,CE,Combined TRACON& Tower with Radar,0,48,24,4,76,0,9,11,2,22,0,57,35,6,98,50,0,50,148
09/01/2008,CRW,WV,AEA,CE,Combined TRACON& Tower with Radar,0,60,28,0,88,0,6,34,1,41,0,66,62,1,129,26,0,26,155
09/02/2008,CRW,WV,AEA,CE,Combined TRACON& Tower with Radar,0,80,52,17,149,0,11,55,5,71,0,91,107,22,220,22,0,22,242
09/03/2008,CRW,WV,AEA,CE,Combined TRACON& Tower with Radar,0,77,53,3,133,0,7,44,7,58,0,84,97,10,191,46,12,58,249
09/04/2008,CRW,WV,AEA,CE,Combined TRACON& Tower with Radar,2,78,67,6,153,0,13,41,9,63,2,91,108,15,216,20,0,20,236
09/05/2008,CRW,WV,AEA,CE,Combined TRACON& Tower with Radar,0,83,41,8,132,0,11,57,5,73,0,94,98,13,205,16,0,16,221
09/06/2008,CRW,WV,AEA,CE,Combined TRACON& Tower with Radar,0,50,6,11,67,0,10,8,6,24,0,60,14,17,91,32,0,32,123
09/07/2008,CRW,WV,AEA,CE,Combined TRACON& Tower with Radar,0,52,33,13,98,0,6,26,1,33,0,58,59,14,131,40,0,40,171
09/08/2008,CRW,WV,AEA,CE,Combined TRACON& Tower with Radar,0,74,37,2,113,0,10,41,9,60,0,84,78,11,173,24,0,24,197
09/09/2008,CRW,WV,AEA,CE,Combined TRACON& Tower with Radar,0,79,43,26,148,0,12,10,0,22,0,91,53,26,170,28,16,44,214
09/10/2008,CRW,WV,AEA,CE,Combined TRACON& Tower with Radar,0,90,31,6,127,0,7,46,7,60,0,97,77,13,187,70,66,136,323
09/11/2008,CRW,WV,AEA,CE,Combined TRACON& Tower with Radar,0,84,56,14,154,0,14,40,10,64,0,98,96,24,218,26,16,42,260
09/12/2008,CRW,WV,AEA,CE,Combined TRACON& Tower with Radar,0,71,33,4,108,0,7,14,0,21,0,78,47,4,129,12,0,12,141
09/13/2008,CRW,WV,AEA,CE,Combined TRACON& Tower with Radar,0,51,21,0,72,0,11,23,1,35,0,62,44,1,107,0,0,0,107
09/14/2008,CRW,WV,AEA,CE,Combined TRACON& Tower with Radar,0,55,31,0,86,0,9,13,0,22,0,64,44,0,108,16,0,16,124
09/15/2008,CRW,WV,AEA,CE,Combined TRACON& Tower with Radar,0,74,36,7,117,0,18,18,0,36,0,92,54,7,153,36,0,36,189
09/16/2008,CRW,WV,AEA,CE,Combined TRACON& Tower with Radar,0,74,33,12,119,0,7,31,1,39,0,81,64,13,158,20,4,24,182
09/17/2008,CRW,WV,AEA,CE,Combined TRACON& Tower with Radar,0,75,42,3,120,0,17,49,3,69,0,92,91,6,189,10,8,18,207
09/18/2008,CRW,WV,AEA,CE,Combined TRACON& Tower with Radar,0,86,67,17,170,0,19,49,3,71,0,105,116,20,241,40,22,62,303
09/19/2008,CRW,WV,AEA,CE,Combined TRACON& Tower with Radar,0,86,39,25,150,0,16,45,2,63,0,102,84,27,213,0,10,10,223
09/20/2008,CRW,WV,AEA,CE,Combined TRACON& Tower with Radar,0,44,53,2,99,0,7,48,0,55,0,51,101,2,154,10,0,10,164
09/21/2008,CRW,WV,AEA,CE,Combined TRACON& Tower with Radar,0,53,29,3,85,0,6,21,2,29,0,59,50,5,114,0,2,2,116
09/22/2008,CRW,WV,AEA,CE,Combined TRACON& Tower with Radar,0,73,22,9,104,0,13,14,3,30,0,86,36,12,134,2,0,2,136
09/23/2008,CRW,WV,AEA,CE,Combined TRACON& Tower with Radar,0,72,44,21,137,0,18,49,3,70,0,90,93,24,207,0,28,28,235
09/24/2008,CRW,WV,AEA,CE,Combined TRACON& Tower with Radar,0,75,37,4,116,0,26,55,10,91,0,101,92,14,207,40,42,82,289
09/25/2008,CRW,WV,AEA,CE,Combined TRACON& Tower with Radar,0,96,45,5,146,0,17,40,0,57,0,113,85,5,203,0,10,10,213
09/26/2008,CRW,WV,AEA,CE,Combined TRACON& Tower with Radar,0,73,49,9,131,0,5,26,0,31,0,78,75,9,162,8,5,13,175
09/27/2008,CRW,WV,AEA,CE,Combined TRACON& Tower with Radar,0,44,34,0,78,0,9,15,0,24,0,53,49,0,102,24,0,24,126
09/28/2008,CRW,WV,AEA,CE,Combined TRACON& Tower with Radar,0,53,33,6,92,0,0,8,1,9,0,53,41,7,101,0,0,0,101
09/29/2008,CRW,WV,AEA,CE,Combined TRACON& Tower with Radar,0,76,28,12,116,0,21,28,0,49,0,97,56,12,165,6,0,6,171
09/30/2008,CRW,WV,AEA,CE,Combined TRACON& Tower with Radar,0,79,65,2,146,0,19,32,0,51,0,98,97,2,197,20,0,20,217
10/01/2008,CRW,WV,AEA,CE,Combined TRACON& Tower with Radar,0,76,33,12,121,0,7,30,6,43,0,83,63,18,164,32,4,36,200
10/02/2008,CRW,WV,AEA,CE,Combined TRACON& Tower with Radar,0,93,63,15,171,0,36,37,8,81,0,129,100,23,252,0,20,20,272
10/03/2008,CRW,WV,AEA,CE,Combined TRACON& Tower with Radar,0,74,42,13,129,0,10,43,4,57,0,84,85,17,186,16,6,22,208
10/04/2008,CRW,WV,AEA,CE,Combined TRACON& Tower with Radar,0,43,33,16,92,0,14,55,8,77,0,57,88,24,169,12,10,22,191
10/05/2008,CRW,WV,AEA,CE,Combined TRACON& Tower with Radar,0,52,24,6,82,0,14,35,0,49,0,66,59,6,131,28,0,28,159
10/06/2008,CRW,WV,AEA,CE,Combined TRACON& Tower with Radar,0,69,33,0,102,0,26,39,0,65,0,95,72,0,167,36,0,36,203
10/07/2008,CRW,WV,AEA,CE,Combined TRACON& Tower with Radar,0,75,31,15,121,0,5,36,3,44,0,80,67,18,165,104,16,120,285
10/08/2008,CRW,WV,AEA,CE,Combined TRACON& Tower with Radar,0,76,28,15,119,0,0,4,2,6,0,76,32,17,125,0,8,8,133
10/09/2008,CRW,WV,AEA,CE,Combined TRACON& Tower with Radar,1,79,55,3,138,0,9,22,2,33,1,88,77,5,171,44,32,76,247
10/10/2008,CRW,WV,AEA,CE,Combined TRACON& Tower with Radar,2,76,38,23,139,0,10,33,2,45,2,86,71,25,184,2,30,32,216
10/11/2008,CRW,WV,AEA,CE,Combined TRACON& Tower with Radar,0,46,22,1,69,0,22,46,0,68,0,68,68,1,137,34,0,34,171
10/12/2008,CRW,WV,AEA,CE,Combined TRACON& Tower with Radar,0,63,22,0,85,0,22,41,0,63,0,85,63,0,148,26,0,26,174
10/13/2008,CRW,WV,AEA,CE,Combined TRACON& Tower with Radar,1,68,29,0,98,0,10,37,1,48,1,78,66,1,146,36,6,42,188
10/14/2008,CRW,WV,AEA,CE,Combined TRACON& Tower with Radar,0,73,40,19,132,0,4,45,1,50,0,77,85,20,182,26,30,56,238
10/15/2008,CRW,WV,AEA,CE,Combined TRACON& Tower with Radar,0,78,40,6,124,0,37,14,2,53,0,115,54,8,177,14,16,30,207
10/16/2008,CRW,WV,AEA,CE,Combined TRACON& Tower with Radar,0,85,38,8,131,0,1,3,0,4,0,86,41,8,135,0,0,0,135
10/17/2008,CRW,WV,AEA,CE,Combined TRACON& Tower with Radar,2,87,35,7,131,0,1,41,6,48,2,88,76,13,179,66,0,66,245
10/18/2008,CRW,WV,AEA,CE,Combined TRACON& Tower with Radar,0,42,46,5,93,0,6,30,4,40,0,48,76,9,133,46,0,46,179
10/19/2008,CRW,WV,AEA,CE,Combined TRACON& Tower with Radar,0,51,26,4,81,0,18,47,8,73,0,69,73,12,154,0,0,0,154
10/20/2008,CRW,WV,AEA,CE,Combined TRACON& Tower with Radar,0,71,26,4,101,0,14,37,0,51,0,85,63,4,152,6,0,6,158
10/21/2008,CRW,WV,AEA,CE,Combined TRACON& Tower with Radar,0,73,30,18,121,0,16,39,0,55,0,89,69,18,176,24,28,52,228
10/22/2008,CRW,WV,AEA,CE,Combined TRACON& Tower with Radar,0,72,48,21,141,0,25,59,1,85,0,97,107,22,226,40,64,104,330
10/23/2008,CRW,WV,AEA,CE,Combined TRACON& Tower with Radar,1,82,42,3,128,0,17,25,7,49,1,99,67,10,177,34,16,50,227
10/24/2008,CRW,WV,AEA,CE,Combined TRACON& Tower with Radar,0,73,30,15,118,0,1,11,0,12,0,74,41,15,130,14,12,26,156
10/25/2008,CRW,WV,AEA,CE,Combined TRACON& Tower with Radar,0,40,31,1,72,0,13,12,0,25,0,53,43,1,97,6,0,6,103
10/26/2008,CRW,WV,AEA,CE,Combined TRACON& Tower with Radar,0,55,19,1,75,0,23,28,0,51,0,78,47,1,126,8,0,8,134
10/27/2008,CRW,WV,AEA,CE,Combined TRACON& Tower with Radar,0,71,22,6,99,0,11,11,6,28,0,82,33,12,127,18,0,18,145
10/28/2008,CRW,WV,AEA,CE,Combined TRACON& Tower with Radar,0,76,30,17,123,0,2,9,1,12,0,78,39,18,135,0,42,42,177
10/29/2008,CRW,WV,AEA,CE,Combined TRACON& Tower with Radar,0,72,17,7,96,0,26,17,7,50,0,98,34,14,146,4,10,14,160
10/30/2008,CRW,WV,AEA,CE,Combined TRACON& Tower with Radar,0,83,37,15,135,0,27,50,7,84,0,110,87,22,219,38,24,62,281
10/31/2008,CRW,WV,AEA,CE,Combined TRACON& Tower with Radar,0,77,40,6,123,0,26,41,6,73,0,103,81,12,196,42,0,42,238
11/01/2008,CRW,WV,AEA,CE,Combined TRACON& Tower with Radar,0,45,14,4,63,0,25,44,0,69,0,70,58,4,132,52,0,52,184
11/02/2008,CRW,WV,AEA,CE,Combined TRACON& Tower with Radar,0,57,40,7,104,0,23,51,0,74,0,80,91,7,178,44,0,44,222
11/03/2008,CRW,WV,AEA,CE,Combined TRACON& Tower with Radar,0,79,23,9,111,0,24,41,1,66,0,103,64,10,177,40,10,50,227
11/04/2008,CRW,WV,AEA,CE,Combined TRACON& Tower with Radar,0,75,42,33,150,0,9,51,6,66,0,84,93,39,216,10,88,98,314
11/05/2008,CRW,WV,AEA,CE,Combined TRACON& Tower with Radar,0,71,40,12,123,0,17,53,8,78,0,88,93,20,201,0,20,20,221
11/06/2008,CRW,WV,AEA,CE,Combined TRACON& Tower with Radar,0,84,65,45,194,0,28,53,1,82,0,112,118,46,276,34,60,94,370
11/07/2008,CRW,WV,AEA,CE,Combined TRACON& Tower with Radar,0,72,39,4,115,0,14,22,0,36,0,86,61,4,151,36,10,46,197
11/08/2008,CRW,WV,AEA,CE,Combined TRACON& Tower with Radar,0,50,9,2,61,0,14,19,1,34,0,64,28,3,95,50,0,50,145
11/09/2008,CRW,WV,AEA,CE,Combined TRACON& Tower with Radar,0,50,24,2,76,0,21,13,0,34,0,71,37,2,110,0,0,0,110
11/10/2008,CRW,WV,AEA,CE,Combined TRACON& Tower with Radar,0,80,34,13,127,0,5,19,4,28,0,85,53,17,155,18,24,42,197
11/11/2008,CRW,WV,AEA,CE,Combined TRACON& Tower with Radar,0,60,45,5,110,0,8,14,0,22,0,68,59,5,132,26,0,26,158
11/12/2008,CRW,WV,AEA,CE,Combined TRACON& Tower with Radar,0,77,17,4,98,0,5,37,6,48,0,82,54,10,146,10,46,56,202
11/13/2008,CRW,WV,AEA,CE,Combined TRACON& Tower with Radar,0,92,61,12,165,0,5,15,5,25,0,97,76,17,190,10,10,20,210
11/14/2008,CRW,WV,AEA,CE,Combined TRACON& Tower with Radar,1,79,49,10,139,0,7,17,0,24,1,86,66,10,163,60,4,64,227
11/15/2008,CRW,WV,AEA,CE,Combined TRACON& Tower with Radar,0,51,24,2,77,0,2,5,0,7,0,53,29,2,84,12,0,12,96
11/16/2008,CRW,WV,AEA,CE,Combined TRACON& Tower with Radar,0,57,26,0,83,0,9,6,0,15,0,66,32,0,98,0,0,0,98
11/17/2008,CRW,WV,AEA,CE,Combined TRACON& Tower with Radar,0,79,22,7,108,0,5,4,2,11,0,84,26,9,119,0,0,0,119
11/18/2008,CRW,WV,AEA,CE,Combined TRACON& Tower with Radar,0,83,28,41,152,0,10,11,2,23,0,93,39,43,175,7,12,19,194
11/19/2008,CRW,WV,AEA,CE,Combined TRACON& Tower with Radar,0,88,47,8,143,0,25,42,4,71,0,113,89,12,214,78,48,126,340
11/20/2008,CRW,WV,AEA,CE,Combined TRACON& Tower with Radar,0,85,33,21,139,0,6,25,0,31,0,91,58,21,170,10,10,20,190
11/21/2008,CRW,WV,AEA,CE,Combined TRACON& Tower with Radar,0,76,30,2,108,0,3,7,0,10,0,79,37,2,118,4,0,4,122
11/22/2008,CRW,WV,AEA,CE,Combined TRACON& Tower with Radar,0,66,16,0,82,0,1,34,0,35,0,67,50,0,117,32,0,32,149
11/23/2008,CRW,WV,AEA,CE,Combined TRACON& Tower with Radar,0,63,18,7,88,0,14,34,0,48,0,77,52,7,136,16,0,16,152
11/24/2008,CRW,WV,AEA,CE,Combined TRACON& Tower with Radar,0,70,18,0,88,0,0,0,0,0,0,70,18,0,88,0,0,0,88
11/25/2008,CRW,WV,AEA,CE,Combined TRACON& Tower with Radar,0,74,18,3,95,0,12,1,4,17,0,86,19,7,112,14,0,14,126
11/26/2008,CRW,WV,AEA,CE,Combined TRACON& Tower with Radar,0,79,24,3,106,0,13,37,0,50,0,92,61,3,156,42,0,42,198
11/27/2008,CRW,WV,AEA,CE,Combined TRACON& Tower with Radar,0,33,18,0,51,0,12,19,0,31,0,45,37,0,82,8,0,8,90
11/28/2008,CRW,WV,AEA,CE,Combined TRACON& Tower with Radar,0,47,16,0,63,0,14,11,0,25,0,61,27,0,88,0,1,1,89
11/29/2008,CRW,WV,AEA,CE,Combined TRACON& Tower with Radar,0,55,38,0,93,0,11,30,0,41,0,66,68,0,134,0,0,0,134
11/30/2008,CRW,WV,AEA,CE,Combined TRACON& Tower with Radar,1,54,16,0,71,0,11,4,0,15,1,65,20,0,86,0,0,0,86
12/01/2008,CRW,WV,AEA,CE,Combined TRACON& Tower with Radar,0,70,41,0,111,0,14,6,5,25,0,84,47,5,136,0,0,0,136
12/02/2008,CRW,WV,AEA,CE,Combined TRACON& Tower with Radar,0,68,15,20,103,0,13,19,2,34,0,81,34,22,137,22,72,94,231
12/03/2008,CRW,WV,AEA,CE,Combined TRACON& Tower with Radar,0,79,37,18,134,0,24,46,6,76,0,103,83,24,210,24,46,70,280
12/04/2008,CRW,WV,AEA,CE,Combined TRACON& Tower with Radar,0,90,32,21,143,0,7,1,0,8,0,97,33,21,151,0,18,18,169
12/05/2008,CRW,WV,AEA,CE,Combined TRACON& Tower with Radar,0,73,36,19,128,0,1,31,1,33,0,74,67,20,161,53,62,115,276
12/06/2008,CRW,WV,AEA,CE,Combined TRACON& Tower with Radar,0,45,14,7,66,0,2,3,0,5,0,47,17,7,71,40,20,60,131
12/07/2008,CRW,WV,AEA,CE,Combined TRACON& Tower with Radar,0,48,10,4,62,0,4,2,0,6,0,52,12,4,68,0,0,0,68
12/08/2008,CRW,WV,AEA,CE,Combined TRACON& Tower with Radar,0,80,21,1,102,0,15,52,6,73,0,95,73,7,175,18,0,18,193
12/09/2008,CRW,WV,AEA,CE,Combined TRACON& Tower with Radar,0,67,14,22,103,0,4,12,5,21,0,71,26,27,124,0,42,42,166
12/10/2008,CRW,WV,AEA,CE,Combined TRACON& Tower with Radar,0,68,36,4,108,0,3,0,0,3,0,71,36,4,111,0,0,0,111
12/11/2008,CRW,WV,AEA,CE,Combined TRACON& Tower with Radar,0,85,23,1,109,0,0,0,0,0,0,85,23,1,109,0,0,0,109
12/12/2008,CRW,WV,AEA,CE,Combined TRACON& Tower with Radar,0,78,23,28,129,0,1,5,2,8,0,79,28,30,137,0,10,10,147
12/13/2008,CRW,WV,AEA,CE,Combined TRACON& Tower with Radar,0,50,30,4,84,0,0,46,3,49,0,50,76,7,133,44,22,66,199
12/14/2008,CRW,WV,AEA,CE,Combined TRACON& Tower with Radar,0,50,15,0,65,0,7,12,1,20,0,57,27,1,85,0,0,0,85
12/15/2008,CRW,WV,AEA,CE,Combined TRACON& Tower with Radar,0,73,20,8,101,0,13,6,2,21,0,86,26,10,122,0,0,0,122
12/16/2008,CRW,WV,AEA,CE,Combined TRACON& Tower with Radar,0,71,18,0,89,0,0,0,0,0,0,71,18,0,89,0,0,0,89
12/17/2008,CRW,WV,AEA,CE,Combined TRACON& Tower with Radar,0,77,16,14,107,0,0,0,0,0,0,77,16,14,107,0,0,0,107
12/18/2008,CRW,WV,AEA,CE,Combined TRACON& Tower with Radar,0,68,27,11,106,0,0,0,0,0,0,68,27,11,106,0,0,0,106
12/19/2008,CRW,WV,AEA,CE,Combined TRACON& Tower with Radar,0,74,20,4,98,0,2,7,0,9,0,76,27,4,107,0,0,0,107
12/20/2008,CRW,WV,AEA,CE,Combined TRACON& Tower with Radar,0,44,12,2,58,0,0,0,0,0,0,44,12,2,58,0,0,0,58
12/21/2008,CRW,WV,AEA,CE,Combined TRACON& Tower with Radar,0,52,7,0,59,0,0,1,0,1,0,52,8,0,60,0,0,0,60
12/22/2008,CRW,WV,AEA,CE,Combined TRACON& Tower with Radar,0,59,18,4,81,0,6,9,0,15,0,65,27,4,96,34,20,54,150
12/23/2008,CRW,WV,AEA,CE,Combined TRACON& Tower with Radar,0,66,17,0,83,0,9,10,0,19,0,75,27,0,102,50,0,50,152
12/24/2008,CRW,WV,AEA,CE,Combined TRACON& Tower with Radar,0,76,3,0,79,0,0,0,0,0,0,76,3,0,79,0,0,0,79
12/25/2008,CRW,WV,AEA,CE,Combined TRACON& Tower with Radar,0,42,7,0,49,0,11,7,0,18,0,53,14,0,67,0,0,0,67
12/26/2008,CRW,WV,AEA,CE,Combined TRACON& Tower with Radar,0,61,6,0,67,0,4,6,0,10,0,65,12,0,77,0,0,0,77
12/27/2008,CRW,WV,AEA,CE,Combined TRACON& Tower with Radar,0,42,10,0,52,0,3,19,0,22,0,45,29,0,74,12,0,12,86
12/28/2008,CRW,WV,AEA,CE,Combined TRACON& Tower with Radar,0,53,11,0,64,0,7,22,0,29,0,60,33,0,93,4,0,4,97
12/29/2008,CRW,WV,AEA,CE,Combined TRACON& Tower with Radar,0,60,29,2,91,0,19,68,0,87,0,79,97,2,178,72,0,72,250
12/30/2008,CRW,WV,AEA,CE,Combined TRACON& Tower with Radar,0,64,13,1,78,0,20,51,0,71,0,84,64,1,149,82,0,82,231
12/31/2008,CRW,WV,AEA,CE,Combined TRACON& Tower with Radar,0,58,13,2,73,0,5,2,0,7,0,63,15,2,80,12,0,12,92
01/01/2009,CRW,WV,AEA,CE,Combined TRACON& Tower with Radar,0,47,28,0,75,0,19,40,0,59,0,66,68,0,134,32,12,44,178
01/02/2009,CRW,WV,AEA,CE,Combined TRACON& Tower with Radar,0,68,7,2,77,0,10,8,0,18,0,78,15,2,95,50,0,50,145
01/03/2009,CRW,WV,AEA,CE,Combined TRACON& Tower with Radar,0,45,28,2,75,0,27,28,2,57,0,72,56,4,132,49,0,49,181
01/04/2009,CRW,WV,AEA,CE,Combined TRACON& Tower with Radar,0,55,15,0,70,0,11,16,0,27,0,66,31,0,97,0,0,0,97
01/05/2009,CRW,WV,AEA,CE,Combined TRACON& Tower with Radar,0,79,25,4,108,0,1,2,0,3,0,80,27,4,111,0,0,0,111
01/06/2009,CRW,WV,AEA,CE,Combined TRACON& Tower with Radar,0,73,17,0,90,0,0,0,0,0,0,73,17,0,90,0,0,0,90
01/07/2009,CRW,WV,AEA,CE,Combined TRACON& Tower with Radar,0,83,13,1,97,0,0,0,0,0,0,83,13,1,97,0,0,0,97
01/08/2009,CRW,WV,AEA,CE,Combined TRACON& Tower with Radar,0,82,14,0,96,0,1,7,0,8,0,83,21,0,104,0,0,0,104
01/09/2009,CRW,WV,AEA,CE,Combined TRACON& Tower with Radar,0,78,18,0,96,0,16,28,7,51,0,94,46,7,147,48,0,48,195
01/10/2009,CRW,WV,AEA,CE,Combined TRACON& Tower with Radar,0,41,4,0,45,0,0,3,0,3,0,41,7,0,48,0,0,0,48
01/11/2009,CRW,WV,AEA,CE,Combined TRACON& Tower with Radar,0,60,5,5,70,0,0,2,1,3,0,60,7,6,73,28,2,30,103
01/12/2009,CRW,WV,AEA,CE,Combined TRACON& Tower with Radar,0,81,23,2,106,1,24,24,4,53,1,105,47,6,159,20,0,20,179
01/13/2009,CRW,WV,AEA,CE,Combined TRACON& Tower with Radar,0,66,33,14,113,0,4,10,0,14,0,70,43,14,127,26,10,36,163
01/14/2009,CRW,WV,AEA,CE,Combined TRACON& Tower with Radar,0,82,49,0,131,0,3,18,1,22,0,85,67,1,153,0,0,0,153
01/15/2009,CRW,WV,AEA,CE,Combined TRACON& Tower with Radar,0,65,25,0,90,0,6,6,2,14,0,71,31,2,104,0,0,0,104
01/16/2009,CRW,WV,AEA,CE,Combined TRACON& Tower with Radar,0,72,19,0,91,0,13,12,2,27,0,85,31,2,118,24,0,24,142
01/17/2009,CRW,WV,AEA,CE,Combined TRACON& Tower with Radar,0,42,8,0,50,0,10,18,2,30,0,52,26,2,80,16,10,26,106
01/18/2009,CRW,WV,AEA,CE,Combined TRACON& Tower with Radar,0,57,13,5,75,0,3,4,2,9,0,60,17,7,84,0,0,0,84
01/19/2009,CRW,WV,AEA,CE,Combined TRACON& Tower with Radar,0,59,13,0,72,0,4,13,45,62,0,63,26,45,134,0,0,0,134
01/20/2009,CRW,WV,AEA,CE,Combined TRACON& Tower with Radar,0,77,25,7,109,0,7,2,3,12,0,84,27,10,121,0,0,0,121
01/21/2009,CRW,WV,AEA,CE,Combined TRACON& Tower with Radar,0,79,26,9,114,0,17,27,1,45,0,96,53,10,159,24,0,24,183
01/22/2009,CRW,WV,AEA,CE,Combined TRACON& Tower with Radar,0,80,36,9,125,0,14,41,0,55,0,94,77,9,180,16,6,22,202
01/23/2009,CRW,WV,AEA,CE,Combined TRACON& Tower with Radar,0,75,22,3,100,0,15,23,8,46,0,90,45,11,146,10,0,10,156
01/24/2009,CRW,WV,AEA,CE,Combined TRACON& Tower with Radar,0,54,19,1,74,0,11,25,0,36,0,65,44,1,110,14,4,18,128
01/25/2009,CRW,WV,AEA,CE,Combined TRACON& Tower with Radar,0,57,13,3,73,0,13,17,1,31,0,70,30,4,104,10,0,10,114
01/26/2009,CRW,WV,AEA,CE,Combined TRACON& Tower with Radar,0,76,18,3,97,0,8,4,0,12,0,84,22,3,109,0,30,30,139
01/27/2009,CRW,WV,AEA,CE,Combined TRACON& Tower with Radar,0,40,3,0,43,0,0,0,0,0,0,40,3,0,43,0,0,0,43
01/28/2009,CRW,WV,AEA,CE,Combined TRACON& Tower with Radar,0,68,16,0,84,0,0,0,0,0,0,68,16,0,84,0,0,0,84
01/29/2009,CRW,WV,AEA,CE,Combined TRACON& Tower with Radar,0,74,37,14,125,0,11,4,0,15,0,85,41,14,140,0,0,0,140
01/30/2009,CRW,WV,AEA,CE,Combined TRACON& Tower with Radar,0,71,8,5,84,0,0,3,0,3,0,71,11,5,87,0,0,0,87
01/31/2009,CRW,WV,AEA,CE,Combined TRACON& Tower with Radar,0,45,29,4,78,0,16,32,1,49,0,61,61,5,127,56,0,56,183
02/01/2009,CRW,WV,AEA,CE,Combined TRACON& Tower with Radar,0,57,22,0,79,0,11,12,0,23,0,68,34,0,102,40,0,40,142
02/02/2009,CRW,WV,AEA,CE,Combined TRACON& Tower with Radar,2,72,18,2,94,0,0,2,0,2,2,72,20,2,96,0,0,0,96
02/03/2009,CRW,WV,AEA,CE,Combined TRACON& Tower with Radar,0,72,28,10,110,0,7,7,2,16,0,79,35,12,126,0,0,0,126
02/04/2009,CRW,WV,AEA,CE,Combined TRACON& Tower with Radar,0,84,16,1,101,0,0,0,0,0,0,84,16,1,101,0,0,0,101
02/05/2009,CRW,WV,AEA,CE,Combined TRACON& Tower with Radar,4,78,26,1,109,0,17,7,0,24,4,95,33,1,133,22,0,22,155
02/06/2009,CRW,WV,AEA,CE,Combined TRACON& Tower with Radar,0,78,28,9,115,0,14,33,0,47,0,92,61,9,162,30,2,32,194
02/07/2009,CRW,WV,AEA,CE,Combined TRACON& Tower with Radar,0,49,17,2,68,0,9,28,4,41,0,58,45,6,109,46,12,58,167
02/08/2009,CRW,WV,AEA,CE,Combined TRACON& Tower with Radar,0,53,19,2,74,0,30,13,1,44,0,83,32,3,118,28,0,28,146
02/09/2009,CRW,WV,AEA,CE,Combined TRACON& Tower with Radar,0,66,30,0,96,0,2,48,0,50,0,68,78,0,146,53,0,53,199
02/10/2009,CRW,WV,AEA,CE,Combined TRACON& Tower with Radar,1,73,28,0,102,0,9,14,0,23,1,82,42,0,125,0,0,0,125
02/11/2009,CRW,WV,AEA,CE,Combined TRACON& Tower with Radar,0,65,26,4,95,0,2,6,0,8,0,67,32,4,103,0,0,0,103
02/12/2009,CRW,WV,AEA,CE,Combined TRACON& Tower with Radar,0,82,26,0,108,0,6,19,0,25,0,88,45,0,133,0,0,0,133
02/13/2009,CRW,WV,AEA,CE,Combined TRACON& Tower with Radar,0,69,53,4,126,0,15,47,0,62,0,84,100,4,188,6,0,6,194
02/14/2009,CRW,WV,AEA,CE,Combined TRACON& Tower with Radar,0,53,17,0,70,0,20,39,0,59,0,73,56,0,129,108,0,108,237
02/15/2009,CRW,WV,AEA,CE,Combined TRACON& Tower with Radar,0,50,15,0,65,0,12,16,0,28,0,62,31,0,93,0,0,0,93
02/16/2009,CRW,WV,AEA,CE,Combined TRACON& Tower with Radar,0,63,15,1,79,0,0,11,0,11,0,63,26,1,90,0,0,0,90
02/17/2009,CRW,WV,AEA,CE,Combined TRACON& Tower with Radar,0,73,54,2,129,0,21,44,2,67,0,94,98,4,196,20,0,20,216
02/18/2009,CRW,WV,AEA,CE,Combined TRACON& Tower with Radar,2,75,36,0,113,0,2,4,0,6,2,77,40,0,119,0,0,0,119
02/19/2009,CRW,WV,AEA,CE,Combined TRACON& Tower with Radar,0,86,20,9,115,0,2,0,0,2,0,88,20,9,117,0,10,10,127
02/20/2009,CRW,WV,AEA,CE,Combined TRACON& Tower with Radar,0,69,39,4,112,0,18,22,4,44,0,87,61,8,156,26,0,26,182
02/21/2009,CRW,WV,AEA,CE,Combined TRACON& Tower with Radar,0,44,15,0,59,0,24,20,1,45,0,68,35,1,104,24,14,38,142
02/22/2009,CRW,WV,AEA,CE,Combined TRACON& Tower with Radar,0,53,11,2,66,0,0,0,0,0,0,53,11,2,66,0,0,0,66
02/23/2009,CRW,WV,AEA,CE,Combined TRACON& Tower with Radar,0,67,14,0,81,0,6,6,1,13,0,73,20,1,94,0,0,0,94
02/24/2009,CRW,WV,AEA,CE,Combined TRACON& Tower with Radar,0,66,45,44,155,0,35,27,1,63,0,101,72,45,218,22,0,22,240
02/25/2009,CRW,WV,AEA,CE,Combined TRACON& Tower with Radar,0,70,37,4,111,0,4,37,3,44,0,74,74,7,155,62,0,62,217
02/26/2009,CRW,WV,AEA,CE,Combined TRACON& Tower with Radar,0,73,35,8,116,0,21,21,6,48,0,94,56,14,164,4,32,36,200
02/27/2009,CRW,WV,AEA,CE,Combined TRACON& Tower with Radar,0,74,16,0,90,0,6,14,0,20,0,80,30,0,110,0,0,0,110
02/28/2009,CRW,WV,AEA,CE,Combined TRACON& Tower with Radar,0,44,13,0,57,0,6,7,1,14,0,50,20,1,71,74,0,74,145
03/01/2009,CRW,WV,AEA,CE,Combined TRACON& Tower with Radar,0,49,12,0,61,0,3,4,0,7,0,52,16,0,68,18,0,18,86
03/02/2009,CRW,WV,AEA,CE,Combined TRACON& Tower with Radar,0,71,24,1,96,0,14,24,2,40,0,85,48,3,136,0,0,0,136
03/03/2009,CRW,WV,AEA,CE,Combined TRACON& Tower with Radar,0,74,18,2,94,0,25,26,0,51,0,99,44,2,145,8,2,10,155
03/04/2009,CRW,WV,AEA,CE,Combined TRACON& Tower with Radar,0,86,28,0,114,0,20,58,0,78,0,106,86,0,192,50,0,50,242
03/05/2009,CRW,WV,AEA,CE,Combined TRACON& Tower with Radar,0,78,21,2,101,0,8,39,3,50,0,86,60,5,151,53,0,53,204
03/06/2009,CRW,WV,AEA,CE,Combined TRACON& Tower with Radar,0,70,21,12,103,0,14,13,5,32,0,84,34,17,135,28,36,64,199
03/07/2009,CRW,WV,AEA,CE,Combined TRACON& Tower with Radar,0,49,58,4,111,0,32,29,4,65,0,81,87,8,176,70,0,70,246
03/08/2009,CRW,WV,AEA,CE,Combined TRACON& Tower with Radar,0,52,15,9,76,0,16,10,0,26,0,68,25,9,102,8,0,8,110
03/09/2009,CRW,WV,AEA,CE,Combined TRACON& Tower with Radar,0,78,41,2,121,0,17,42,4,63,0,95,83,6,184,32,6,38,222
03/10/2009,CRW,WV,AEA,CE,Combined TRACON& Tower with Radar,0,73,27,32,132,0,17,43,8,68,0,90,70,40,200,46,118,164,364
03/11/2009,CRW,WV,AEA,CE,Combined TRACON& Tower with Radar,0,77,16,10,103,0,0,14,2,16,0,77,30,12,119,18,28,46,165
03/12/2009,CRW,WV,AEA,CE,Combined TRACON& Tower with Radar,0,77,41,15,133,0,11,50,0,61,0,88,91,15,194,38,20,58,252
03/13/2009,CRW,WV,AEA,CE,Combined TRACON& Tower with Radar,0,75,56,4,135,0,7,19,1,27,0,82,75,5,162,6,0,6,168
03/14/2009,CRW,WV,AEA,CE,Combined TRACON& Tower with Radar,0,51,17,0,68,0,1,4,0,5,0,52,21,0,73,0,0,0,73
03/15/2009,CRW,WV,AEA,CE,Combined TRACON& Tower with Radar,0,56,24,2,82,0,0,0,0,0,0,56,24,2,82,0,0,0,82
03/16/2009,CRW,WV,AEA,CE,Combined TRACON& Tower with Radar,0,71,13,6,90,0,0,0,0,0,0,71,13,6,90,0,0,0,90
03/17/2009,CRW,WV,AEA,CE,Combined TRACON& Tower with Radar,0,76,46,59,181,0,4,41,1,46,0,80,87,60,227,14,32,46,273
03/18/2009,CRW,WV,AEA,CE,Combined TRACON& Tower with Radar,4,72,30,12,118,0,24,27,3,54,4,96,57,15,172,16,62,78,250
03/19/2009,CRW,WV,AEA,CE,Combined TRACON& Tower with Radar,1,81,45,3,130,0,10,9,2,21,1,91,54,5,151,14,28,42,193
03/20/2009,CRW,WV,AEA,CE,Combined TRACON& Tower with Radar,0,69,30,12,111,0,11,35,4,50,0,80,65,16,161,8,0,8,169
03/21/2009,CRW,WV,AEA,CE,Combined TRACON& Tower with Radar,0,48,43,0,91,0,14,62,0,76,0,62,105,0,167,88,12,100,267
03/22/2009,CRW,WV,AEA,CE,Combined TRACON& Tower with Radar,0,56,31,8,95,0,23,44,0,67,0,79,75,8,162,56,0,56,218
03/23/2009,CRW,WV,AEA,CE,Combined TRACON& Tower with Radar,0,67,43,5,115,0,38,64,6,108,0,105,107,11,223,16,0,16,239
03/24/2009,CRW,WV,AEA,CE,Combined TRACON& Tower with Radar,0,71,39,28,138,0,14,61,8,83,0,85,100,36,221,4,32,36,257
03/25/2009,CRW,WV,AEA,CE,Combined TRACON& Tower with Radar,0,76,26,12,114,0,0,11,23,34,0,76,37,35,148,0,30,30,178
03/26/2009,CRW,WV,AEA,CE,Combined TRACON& Tower with Radar,0,70,23,11,104,0,0,3,1,4,0,70,26,12,108,0,2,2,110
03/27/2009,CRW,WV,AEA,CE,Combined TRACON& Tower with Radar,0,77,37,13,127,0,14,13,0,27,0,91,50,13,154,28,0,28,182
03/28/2009,CRW,WV,AEA,CE,Combined TRACON& Tower with Radar,0,53,54,3,110,0,7,12,0,19,0,60,66,3,129,20,0,20,149
03/29/2009,CRW,WV,AEA,CE,Combined TRACON& Tower with Radar,0,54,10,0,64,0,10,2,0,12,0,64,12,0,76,10,0,10,86
03/30/2009,CRW,WV,AEA,CE,Combined TRACON& Tower with Radar,0,71,39,2,112,0,25,50,0,75,0,96,89,2,187,18,0,18,205
03/31/2009,CRW,WV,AEA,CE,Combined TRACON& Tower with Radar,0,69,35,33,137,0,14,38,0,52,0,83,73,33,189,18,48,66,255
04/01/2009,CRW,WV,AEA,CE,Combined TRACON& Tower with Radar,0,81,35,18,134,0,4,17,12,33,0,85,52,30,167,0,28,28,195
04/02/2009,CRW,WV,AEA,CE,Combined TRACON& Tower with Radar,2,86,35,5,128,0,15,28,0,43,2,101,63,5,171,12,0,12,183
04/03/2009,CRW,WV,AEA,CE,Combined TRACON& Tower with Radar,0,68,19,6,93,0,0,5,0,5,0,68,24,6,98,0,8,8,106
04/04/2009,CRW,WV,AEA,CE,Combined TRACON& Tower with Radar,0,47,30,11,88,0,16,16,0,32,0,63,46,11,120,40,30,70,190
04/05/2009,CRW,WV,AEA,CE,Combined TRACON& Tower with Radar,0,49,35,3,87,0,5,47,0,52,0,54,82,3,139,22,0,22,161
04/06/2009,CRW,WV,AEA,CE,Combined TRACON& Tower with Radar,0,69,17,8,94,0,4,5,0,9,0,73,22,8,103,2,0,2,105
04/07/2009,CRW,WV,AEA,CE,Combined TRACON& Tower with Radar,0,65,18,15,98,0,2,3,0,5,0,67,21,15,103,18,34,52,155
04/08/2009,CRW,WV,AEA,CE,Combined TRACON& Tower with Radar,0,72,19,12,103,0,9,24,13,46,0,81,43,25,149,0,14,14,163
04/09/2009,CRW,WV,AEA,CE,Combined TRACON& Tower with Radar,0,69,44,12,125,0,10,73,10,93,0,79,117,22,218,10,0,10,228
04/10/2009,CRW,WV,AEA,CE,Combined TRACON& Tower with Radar,0,66,19,2,87,0,2,11,0,13,0,68,30,2,100,0,4,4,104
04/11/2009,CRW,WV,AEA,CE,Combined TRACON& Tower with Radar,0,41,31,0,72,0,10,14,0,24,0,51,45,0,96,34,0,34,130
04/12/2009,CRW,WV,AEA,CE,Combined TRACON& Tower with Radar,0,50,18,1,69,0,15,30,0,45,0,65,48,1,114,18,0,18,132
04/13/2009,CRW,WV,AEA,CE,Combined TRACON& Tower with Radar,0,76,20,7,103,0,13,18,3,34,0,89,38,10,137,40,10,50,187
04/14/2009,CRW,WV,AEA,CE,Combined TRACON& Tower with Radar,0,69,21,20,110,0,6,3,0,9,0,75,24,20,119,0,6,6,125
04/15/2009,CRW,WV,AEA,CE,Combined TRACON& Tower with Radar,0,77,28,19,124,0,0,0,0,0,0,77,28,19,124,0,0,0,124
04/16/2009,CRW,WV,AEA,CE,Combined TRACON& Tower with Radar,0,76,44,8,128,0,8,35,4,47,0,84,79,12,175,20,14,34,209
04/17/2009,CRW,WV,AEA,CE,Combined TRACON& Tower with Radar,0,66,39,18,123,0,28,53,0,81,0,94,92,18,204,20,0,20,224
04/18/2009,CRW,WV,AEA,CE,Combined TRACON& Tower with Radar,0,44,37,4,85,0,12,42,0,54,0,56,79,4,139,88,0,88,227
04/19/2009,CRW,WV,AEA,CE,Combined TRACON& Tower with Radar,0,56,20,5,81,0,8,4,0,12,0,64,24,5,93,0,0,0,93
04/20/2009,CRW,WV,AEA,CE,Combined TRACON& Tower with Radar,0,73,20,10,103,0,1,11,0,12,0,74,31,10,115,0,0,0,115
04/21/2009,CRW,WV,AEA,CE,Combined TRACON& Tower with Radar,0,73,26,20,119,0,3,10,12,25,0,76,36,32,144,4,28,32,176
04/22/2009,CRW,WV,AEA,CE,Combined TRACON& Tower with Radar,0,73,39,8,120,0,7,13,2,22,0,80,52,10,142,0,40,40,182
04/23/2009,CRW,WV,AEA,CE,Combined TRACON& Tower with Radar,0,74,38,15,127,0,3,54,0,57,0,77,92,15,184,14,52,66,250
04/24/2009,CRW,WV,AEA,CE,Combined TRACON& Tower with Radar,2,75,34,13,124,0,19,24,2,45,2,94,58,15,169,18,0,18,187
04/25/2009,CRW,WV,AEA,CE,Combined TRACON& Tower with Radar,0,43,18,3,64,0,13,41,0,54,0,56,59,3,118,22,0,22,140
04/26/2009,CRW,WV,AEA,CE,Combined TRACON& Tower with Radar,0,51,28,5,84,0,23,44,5,72,0,74,72,10,156,4,0,4,160
04/27/2009,CRW,WV,AEA,CE,Combined TRACON& Tower with Radar,0,74,26,1,101,0,17,46,1,64,0,91,72,2,165,20,0,20,185
04/28/2009,CRW,WV,AEA,CE,Combined TRACON& Tower with Radar,0,74,31,21,126,0,21,41,6,68,0,95,72,27,194,0,90,90,284
04/29/2009,CRW,WV,AEA,CE,Combined TRACON& Tower with Radar,1,82,32,5,120,0,10,4,1,15,1,92,36,6,135,0,46,46,181
04/30/2009,CRW,WV,AEA,CE,Combined TRACON& Tower with Radar,0,76,28,3,107,0,5,13,2,20,0,81,41,5,127,20,14,34,161
05/01/2009,CRW,WV,AEA,CE,Combined TRACON& Tower with Radar,0,72,19,5,96,1,7,8,2,18,1,79,27,7,114,0,0,0,114
05/02/2009,CRW,WV,AEA,CE,Combined TRACON& Tower with Radar,0,44,24,10,78,0,2,6,0,8,0,46,30,10,86,0,0,0,86
05/03/2009,CRW,WV,AEA,CE,Combined TRACON& Tower with Radar,0,61,11,8,80,0,2,2,0,4,0,63,13,8,84,0,0,0,84
05/04/2009,CRW,WV,AEA,CE,Combined TRACON& Tower with Radar,0,85,27,2,114,0,3,11,1,15,0,88,38,3,129,25,0,25,154
05/05/2009,CRW,WV,AEA,CE,Combined TRACON& Tower with Radar,0,73,25,33,131,0,0,6,0,6,0,73,31,33,137,0,26,26,163
05/06/2009,CRW,WV,AEA,CE,Combined TRACON& Tower with Radar,0,67,27,14,108,0,4,1,0,5,0,71,28,14,113,0,18,18,131
05/07/2009,CRW,WV,AEA,CE,Combined TRACON& Tower with Radar,0,85,33,51,169,0,4,23,1,28,0,89,56,52,197,18,20,38,235
05/08/2009,CRW,WV,AEA,CE,Combined TRACON& Tower with Radar,0,70,47,2,119,0,8,23,3,34,0,78,70,5,153,2,6,8,161
05/09/2009,CRW,WV,AEA,CE,Combined TRACON& Tower with Radar,0,44,20,3,67,0,2,11,6,19,0,46,31,9,86,24,0,24,110
05/10/2009,CRW,WV,AEA,CE,Combined TRACON& Tower with Radar,0,55,23,0,78,0,20,31,7,58,0,75,54,7,136,16,0,16,152
05/11/2009,CRW,WV,AEA,CE,Combined TRACON& Tower with Radar,0,75,26,1,102,3,6,31,5,45,3,81,57,6,147,0,4,4,151
05/12/2009,CRW,WV,AEA,CE,Combined TRACON& Tower with Radar,0,69,37,5,111,0,4,54,15,73,0,73,91,20,184,22,32,54,238
05/13/2009,CRW,WV,AEA,CE,Combined TRACON& Tower with Radar,0,73,39,18,130,0,10,39,10,59,0,83,78,28,189,62,0,62,251
05/14/2009,CRW,WV,AEA,CE,Combined TRACON& Tower with Radar,0,78,14,7,99,0,12,15,5,32,0,90,29,12,131,8,26,34,165
05/15/2009,CRW,WV,AEA,CE,Combined TRACON& Tower with Radar,0,58,21,4,83,0,17,24,8,49,0,75,45,12,132,12,0,12,144
05/16/2009,CRW,WV,AEA,CE,Combined TRACON& Tower with Radar,0,43,16,10,69,0,2,20,8,30,0,45,36,18,99,34,8,42,141
05/17/2009,CRW,WV,AEA,CE,Combined TRACON& Tower with Radar,0,51,23,2,76,0,18,22,2,42,0,69,45,4,118,18,0,18,136
05/18/2009,CRW,WV,AEA,CE,Combined TRACON& Tower with Radar,0,68,30,4,102,0,2,64,5,71,0,70,94,9,173,12,0,12,185
05/19/2009,CRW,WV,AEA,CE,Combined TRACON& Tower with Radar,0,68,34,12,114,0,19,67,13,99,0,87,101,25,213,16,32,48,261
05/20/2009,CRW,WV,AEA,CE,Combined TRACON& Tower with Radar,0,68,36,13,117,0,13,66,7,86,0,81,102,20,203,30,16,46,249
05/21/2009,CRW,WV,AEA,CE,Combined TRACON& Tower with Radar,0,74,43,8,125,0,14,51,10,75,0,88,94,18,200,26,36,62,262
05/22/2009,CRW,WV,AEA,CE,Combined TRACON& Tower with Radar,0,76,37,14,127,0,9,26,9,44,0,85,63,23,171,26,0,26,197
05/23/2009,CRW,WV,AEA,CE,Combined TRACON& Tower with Radar,0,45,36,0,81,0,11,50,4,65,0,56,86,4,146,42,0,42,188
05/24/2009,CRW,WV,AEA,CE,Combined TRACON& Tower with Radar,2,34,19,0,55,0,23,5,3,31,2,57,24,3,86,0,0,0,86
05/25/2009,CRW,WV,AEA,CE,Combined TRACON& Tower with Radar,0,57,33,2,92,0,1,17,3,21,0,58,50,5,113,0,0,0,113
05/26/2009,CRW,WV,AEA,CE,Combined TRACON& Tower with Radar,0,67,36,12,115,0,2,14,3,19,0,69,50,15,134,2,0,2,136
05/27/2009,CRW,WV,AEA,CE,Combined TRACON& Tower with Radar,2,69,19,2,92,0,9,5,3,17,2,78,24,5,109,56,44,100,209
05/28/2009,CRW,WV,AEA,CE,Combined TRACON& Tower with Radar,0,84,58,8,150,0,19,34,5,58,0,103,92,13,208,38,0,38,246
05/29/2009,CRW,WV,AEA,CE,Combined TRACON& Tower with Radar,0,70,52,20,142,0,2,12,1,15,0,72,64,21,157,34,4,38,195
05/30/2009,CRW,WV,AEA,CE,Combined TRACON& Tower with Radar,0,49,22,9,80,0,18,41,6,65,0,67,63,15,145,56,0,56,201
05/31/2009,CRW,WV,AEA,CE,Combined TRACON& Tower with Radar,0,51,24,2,77,0,11,22,4,37,0,62,46,6,114,0,0,0,114
06/01/2009,CRW,WV,AEA,CE,Combined TRACON& Tower with Radar,0,78,25,0,103,0,19,44,6,69,0,97,69,6,172,26,0,26,198
06/02/2009,CRW,WV,AEA,CE,Combined TRACON& Tower with Radar,0,65,28,15,108,0,9,47,5,61,0,74,75,20,169,22,28,50,219
06/03/2009,CRW,WV,AEA,CE,Combined TRACON& Tower with Radar,0,75,30,2,107,0,2,18,1,21,0,77,48,3,128,64,24,88,216
06/04/2009,CRW,WV,AEA,CE,Combined TRACON& Tower with Radar,0,82,39,6,127,0,0,0,0,0,0,82,39,6,127,0,0,0,127
06/05/2009,CRW,WV,AEA,CE,Combined TRACON& Tower with Radar,0,89,18,30,137,0,0,0,0,0,0,89,18,30,137,0,0,0,137
06/06/2009,CRW,WV,AEA,CE,Combined TRACON& Tower with Radar,0,43,17,26,86,0,16,38,3,57,0,59,55,29,143,32,86,118,261
06/07/2009,CRW,WV,AEA,CE,Combined TRACON& Tower with Radar,0,61,19,15,95,0,22,30,2,54,0,83,49,17,149,10,14,24,173
06/08/2009,CRW,WV,AEA,CE,Combined TRACON& Tower with Radar,0,68,18,11,97,0,13,23,2,38,0,81,41,13,135,10,0,10,145
06/09/2009,CRW,WV,AEA,CE,Combined TRACON& Tower with Radar,0,68,35,19,122,0,11,27,1,39,0,79,62,20,161,14,99,113,274
06/10/2009,CRW,WV,AEA,CE,Combined TRACON& Tower with Radar,0,65,41,4,110,0,9,19,5,33,0,74,60,9,143,4,8,12,155
06/11/2009,CRW,WV,AEA,CE,Combined TRACON& Tower with Radar,0,73,31,11,115,0,4,15,5,24,0,77,46,16,139,0,12,12,151
06/12/2009,CRW,WV,AEA,CE,Combined TRACON& Tower with Radar,0,68,38,5,111,0,8,5,1,14,0,76,43,6,125,4,0,4,129
06/13/2009,CRW,WV,AEA,CE,Combined TRACON& Tower with Radar,0,48,32,2,82,0,7,15,2,24,0,55,47,4,106,26,0,26,132
06/14/2009,CRW,WV,AEA,CE,Combined TRACON& Tower with Radar,0,54,21,17,92,0,17,27,0,44,0,71,48,17,136,0,4,4,140
06/15/2009,CRW,WV,AEA,CE,Combined TRACON& Tower with Radar,0,78,36,2,116,0,15,34,5,54,0,93,70,7,170,24,0,24,194
06/16/2009,CRW,WV,AEA,CE,Combined TRACON& Tower with Radar,0,72,43,32,147,0,9,24,4,37,0,81,67,36,184,0,14,14,198
06/17/2009,CRW,WV,AEA,CE,Combined TRACON& Tower with Radar,0,83,30,18,131,0,1,22,11,34,0,84,52,29,165,14,16,30,195
06/18/2009,CRW,WV,AEA,CE,Combined TRACON& Tower with Radar,0,67,69,9,145,0,5,27,2,34,0,72,96,11,179,20,55,75,254
06/19/2009,CRW,WV,AEA,CE,Combined TRACON& Tower with Radar,0,69,25,7,101,0,9,13,0,22,0,78,38,7,123,10,16,26,149
06/20/2009,CRW,WV,AEA,CE,Combined TRACON& Tower with Radar,0,52,9,0,61,0,21,7,0,28,0,73,16,0,89,22,0,22,111
06/21/2009,CRW,WV,AEA,CE,Combined TRACON& Tower with Radar,0,60,26,17,103,0,14,12,1,27,0,74,38,18,130,10,0,10,140
06/22/2009,CRW,WV,AEA,CE,Combined TRACON& Tower with Radar,0,65,28,3,96,0,20,37,3,60,0,85,65,6,156,30,0,30,186
06/23/2009,CRW,WV,AEA,CE,Combined TRACON& Tower with Radar,0,91,41,19,151,0,13,53,2,68,0,104,94,21,219,2,53,55,274
06/24/2009,CRW,WV,AEA,CE,Combined TRACON& Tower with Radar,0,76,39,7,122,0,19,35,8,62,0,95,74,15,184,20,44,64,248
06/25/2009,CRW,WV,AEA,CE,Combined TRACON& Tower with Radar,2,87,36,7,132,0,21,27,4,52,2,108,63,11,184,0,0,0,184
06/26/2009,CRW,WV,AEA,CE,Combined TRACON& Tower with Radar,0,77,37,42,156,0,1,28,4,33,0,78,65,46,189,0,14,14,203
06/27/2009,CRW,WV,AEA,CE,Combined TRACON& Tower with Radar,0,49,33,8,90,0,33,50,0,83,0,82,83,8,173,28,0,28,201
06/28/2009,CRW,WV,AEA,CE,Combined TRACON& Tower with Radar,0,51,25,21,97,0,6,16,2,24,0,57,41,23,121,0,26,26,147
06/29/2009,CRW,WV,AEA,CE,Combined TRACON& Tower with Radar,0,69,27,12,108,0,22,29,2,53,0,91,56,14,161,20,0,20,181
06/30/2009,CRW,WV,AEA,CE,Combined TRACON& Tower with Radar,2,70,31,5,108,0,17,34,3,54,2,87,65,8,162,18,24,42,204
07/01/2009,CRW,WV,AEA,CE,Combined TRACON& Tower with Radar,0,71,29,15,115,0,28,8,1,37,0,99,37,16,152,0,10,10,162
07/02/2009,CRW,WV,AEA,CE,Combined TRACON& Tower with Radar,2,73,47,3,125,0,8,19,1,28,2,81,66,4,153,50,0,50,203
07/03/2009,CRW,WV,AEA,CE,Combined TRACON& Tower with Radar,0,67,40,1,108,0,15,20,0,35,0,82,60,1,143,6,0,6,149
07/04/2009,CRW,WV,AEA,CE,Combined TRACON& Tower with Radar,2,45,9,2,58,0,18,28,3,49,2,63,37,5,107,10,0,10,117
07/05/2009,CRW,WV,AEA,CE,Combined TRACON& Tower with Radar,0,62,23,0,85,0,0,3,1,4,0,62,26,1,89,0,0,0,89
07/06/2009,CRW,WV,AEA,CE,Combined TRACON& Tower with Radar,0,70,26,0,96,0,13,32,0,45,0,83,58,0,141,8,0,8,149
07/07/2009,CRW,WV,AEA,CE,Combined TRACON& Tower with Radar,0,79,18,9,106,0,10,59,0,69,0,89,77,9,175,8,46,54,229
07/08/2009,CRW,WV,AEA,CE,Combined TRACON& Tower with Radar,0,72,40,15,127,0,19,39,5,63,0,91,79,20,190,50,26,76,266
07/09/2009,CRW,WV,AEA,CE,Combined TRACON& Tower with Radar,2,86,33,4,125,0,11,38,4,53,2,97,71,8,178,54,14,68,246
07/10/2009,CRW,WV,AEA,CE,Combined TRACON& Tower with Radar,0,72,15,7,94,0,11,32,1,44,0,83,47,8,138,47,0,47,185
07/11/2009,CRW,WV,AEA,CE,Combined TRACON& Tower with Radar,0,53,13,5,71,0,2,9,2,13,0,55,22,7,84,12,0,12,96
07/12/2009,CRW,WV,AEA,CE,Combined TRACON& Tower with Radar,0,51,25,10,86,0,13,8,0,21,0,64,33,10,107,12,2,14,121
07/13/2009,CRW,WV,AEA,CE,Combined TRACON& Tower with Radar,1,71,34,9,115,0,21,46,5,72,1,92,80,14,187,22,0,22,209
07/14/2009,CRW,WV,AEA,CE,Combined TRACON& Tower with Radar,0,74,42,8,124,0,11,51,6,68,0,85,93,14,192,88,6,94,286
07/15/2009,CRW,WV,AEA,CE,Combined TRACON& Tower with Radar,0,75,49,18,142,0,13,35,17,65,0,88,84,35,207,50,24,74,281
07/16/2009,CRW,WV,AEA,CE,Combined TRACON& Tower with Radar,2,70,34,10,116,0,17,23,10,50,2,87,57,20,166,48,0,48,214
07/17/2009,CRW,WV,AEA,CE,Combined TRACON& Tower with Radar,1,69,14,14,98,0,2,15,8,25,1,71,29,22,123,10,0,10,133
07/18/2009,CRW,WV,AEA,CE,Combined TRACON& Tower with Radar,2,52,22,1,77,0,4,28,4,36,2,56,50,5,113,28,0,28,141
07/19/2009,CRW,WV,AEA,CE,Combined TRACON& Tower with Radar,0,56,26,6,88,0,5,16,0,21,0,61,42,6,109,0,0,0,109
07/20/2009,CRW,WV,AEA,CE,Combined TRACON& Tower with Radar,0,68,25,4,97,0,10,17,6,33,0,78,42,10,130,0,0,0,130
07/21/2009,CRW,WV,AEA,CE,Combined TRACON& Tower with Radar,1,70,23,14,108,0,19,40,8,67,1,89,63,22,175,32,40,72,247
07/22/2009,CRW,WV,AEA,CE,Combined TRACON& Tower with Radar,0,72,38,22,132,0,16,20,7,43,0,88,58,29,175,20,46,66,241
07/23/2009,CRW,WV,AEA,CE,Combined TRACON& Tower with Radar,2,81,35,5,123,0,19,32,7,58,2,100,67,12,181,26,0,26,207
07/24/2009,CRW,WV,AEA,CE,Combined TRACON& Tower with Radar,16,70,38,2,126,0,34,44,10,88,16,104,82,12,214,18,14,32,246
07/25/2009,CRW,WV,AEA,CE,Combined TRACON& Tower with Radar,1,51,14,4,70,0,4,12,6,22,1,55,26,10,92,12,0,12,104
07/26/2009,CRW,WV,AEA,CE,Combined TRACON& Tower with Radar,0,56,7,1,64,0,9,3,5,17,0,65,10,6,81,16,0,16,97
07/27/2009,CRW,WV,AEA,CE,Combined TRACON& Tower with Radar,0,70,27,1,98,0,6,44,8,58,0,76,71,9,156,30,28,58,214
07/28/2009,CRW,WV,AEA,CE,Combined TRACON& Tower with Radar,2,73,54,13,142,0,7,26,12,45,2,80,80,25,187,2,30,32,219
07/29/2009,CRW,WV,AEA,CE,Combined TRACON& Tower with Radar,0,78,19,33,130,0,2,2,0,4,0,80,21,33,134,0,0,0,134
07/30/2009,CRW,WV,AEA,CE,Combined TRACON& Tower with Radar,2,72,28,3,105,0,1,5,15,21,2,73,33,18,126,0,42,42,168
07/31/2009,CRW,WV,AEA,CE,Combined TRACON& Tower with Radar,0,82,16,24,122,0,3,5,7,15,0,85,21,31,137,4,4,8,145
08/01/2009,CRW,WV,AEA,CE,Combined TRACON& Tower with Radar,3,53,24,7,87,0,18,20,4,42,3,71,44,11,129,0,0,0,129
08/02/2009,CRW,WV,AEA,CE,Combined TRACON& Tower with Radar,0,59,20,14,93,0,12,16,0,28,0,71,36,14,121,0,0,0,121
08/03/2009,CRW,WV,AEA,CE,Combined TRACON& Tower with Radar,0,68,30,2,100,0,9,38,0,47,0,77,68,2,147,22,0,22,169
08/04/2009,CRW,WV,AEA,CE,Combined TRACON& Tower with Radar,3,77,48,23,151,0,11,10,0,21,3,88,58,23,172,26,56,82,254
08/05/2009,CRW,WV,AEA,CE,Combined TRACON& Tower with Radar,0,77,26,15,118,0,3,8,4,15,0,80,34,19,133,0,14,14,147
08/06/2009,CRW,WV,AEA,CE,Combined TRACON& Tower with Radar,4,87,39,25,155,1,5,29,6,41,5,92,68,31,196,28,40,68,264
08/07/2009,CRW,WV,AEA,CE,Combined TRACON& Tower with Radar,0,78,34,33,145,0,8,38,4,50,0,86,72,37,195,32,0,32,227
08/08/2009,CRW,WV,AEA,CE,Combined TRACON& Tower with Radar,2,52,28,47,129,0,17,32,2,51,2,69,60,49,180,28,32,60,240
08/09/2009,CRW,WV,AEA,CE,Combined TRACON& Tower with Radar,1,55,52,13,121,0,14,15,2,31,1,69,67,15,152,22,0,22,174
08/10/2009,CRW,WV,AEA,CE,Combined TRACON& Tower with Radar,0,69,23,2,94,0,11,13,0,24,0,80,36,2,118,0,0,0,118
08/11/2009,CRW,WV,AEA,CE,Combined TRACON& Tower with Radar,2,80,38,32,152,0,1,14,3,18,2,81,52,35,170,44,40,84,254
08/12/2009,CRW,WV,AEA,CE,Combined TRACON& Tower with Radar,0,70,35,16,121,0,6,17,3,26,0,76,52,19,147,0,24,24,171
08/13/2009,CRW,WV,AEA,CE,Combined TRACON& Tower with Radar,2,70,43,12,127,0,7,25,10,42,2,77,68,22,169,4,12,16,185
08/14/2009,CRW,WV,AEA,CE,Combined TRACON& Tower with Radar,0,72,30,18,120,0,15,39,1,55,0,87,69,19,175,10,0,10,185
08/15/2009,CRW,WV,AEA,CE,Combined TRACON& Tower with Radar,0,56,31,4,91,0,10,38,1,49,0,66,69,5,140,40,0,40,180
08/16/2009,CRW,WV,AEA,CE,Combined TRACON& Tower with Radar,0,66,30,4,100,2,16,28,0,46,2,82,58,4,146,14,0,14,160
08/17/2009,CRW,WV,AEA,CE,Combined TRACON& Tower with Radar,0,67,35,5,107,0,11,25,4,40,0,78,60,9,147,12,0,12,159
08/18/2009,CRW,WV,AEA,CE,Combined TRACON& Tower with Radar,2,66,40,18,126,0,4,20,1,25,2,70,60,19,151,6,34,40,191
08/19/2009,CRW,WV,AEA,CE,Combined TRACON& Tower with Radar,0,66,30,12,108,0,6,26,16,48,0,72,56,28,156,0,10,10,166
08/20/2009,CRW,WV,AEA,CE,Combined TRACON& Tower with Radar,2,71,36,10,119,0,10,16,12,38,2,81,52,22,157,34,54,88,245
08/21/2009,CRW,WV,AEA,CE,Combined TRACON& Tower with Radar,0,56,27,13,96,0,15,18,4,37,0,71,45,17,133,6,0,6,139
08/22/2009,CRW,WV,AEA,CE,Combined TRACON& Tower with Radar,1,51,14,1,67,0,12,31,4,47,1,63,45,5,114,42,0,42,156
08/23/2009,CRW,WV,AEA,CE,Combined TRACON& Tower with Radar,0,49,30,1,80,6,9,4,0,19,6,58,34,1,99,2,0,2,101
08/24/2009,CRW,WV,AEA,CE,Combined TRACON& Tower with Radar,0,66,24,9,99,0,12,35,7,54,0,78,59,16,153,8,8,16,169
08/25/2009,CRW,WV,AEA,CE,Combined TRACON& Tower with Radar,0,72,49,13,134,0,2,54,3,59,0,74,103,16,193,2,36,38,231
08/26/2009,CRW,WV,AEA,CE,Combined TRACON& Tower with Radar,0,71,45,3,119,0,11,48,10,69,0,82,93,13,188,48,16,64,252
08/27/2009,CRW,WV,AEA,CE,Combined TRACON& Tower with Radar,1,76,59,4,140,0,0,46,4,50,1,76,105,8,190,32,2,34,224
08/28/2009,CRW,WV,AEA,CE,Combined TRACON& Tower with Radar,3,64,24,6,97,0,4,24,1,29,3,68,48,7,126,60,8,68,194
08/29/2009,CRW,WV,AEA,CE,Combined TRACON& Tower with Radar,2,43,15,3,63,0,6,5,2,13,2,49,20,5,76,44,0,44,120
08/30/2009,CRW,WV,AEA,CE,Combined TRACON& Tower with Radar,0,51,38,2,91,0,3,24,0,27,0,54,62,2,118,0,76,76,194
08/31/2009,CRW,WV,AEA,CE,Combined TRACON& Tower with Radar,0,67,22,6,95,0,10,39,11,60,0,77,61,17,155,50,0,50,205
09/01/2009,CRW,WV,AEA,CE,Combined TRACON& Tower with Radar,0,58,49,6,113,0,5,44,5,54,0,63,93,11,167,42,8,50,217
09/02/2009,CRW,WV,AEA,CE,Combined TRACON& Tower with Radar,0,71,40,1,112,0,20,59,3,82,0,91,99,4,194,58,0,58,252
09/03/2009,CRW,WV,AEA,CE,Combined TRACON& Tower with Radar,2,71,38,11,122,0,10,80,7,97,2,81,118,18,219,42,0,42,261
09/04/2009,CRW,WV,AEA,CE,Combined TRACON& Tower with Radar,0,61,36,15,112,0,17,35,7,59,0,78,71,22,171,32,0,32,203
09/05/2009,CRW,WV,AEA,CE,Combined TRACON& Tower with Radar,1,41,24,0,66,0,29,33,2,64,1,70,57,2,130,26,0,26,156
09/06/2009,CRW,WV,AEA,CE,Combined TRACON& Tower with Radar,0,43,11,0,54,0,8,9,0,17,0,51,20,0,71,0,0,0,71
09/07/2009,CRW,WV,AEA,CE,Combined TRACON& Tower with Radar,0,47,27,4,78,0,2,32,2,36,0,49,59,6,114,2,25,27,141
09/08/2009,CRW,WV,AEA,CE,Combined TRACON& Tower with Radar,0,63,26,14,103,0,28,33,4,65,0,91,59,18,168,8,10,18,186
09/09/2009,CRW,WV,AEA,CE,Combined TRACON& Tower with Radar,0,66,38,15,119,0,8,30,3,41,0,74,68,18,160,44,46,90,250
09/10/2009,CRW,WV,AEA,CE,Combined TRACON& Tower with Radar,2,66,52,1,121,0,11,44,12,67,2,77,96,13,188,30,8,38,226
09/11/2009,CRW,WV,AEA,CE,Combined TRACON& Tower with Radar,0,62,60,22,144,0,24,37,16,77,0,86,97,38,221,32,36,68,289
09/12/2009,CRW,WV,AEA,CE,Combined TRACON& Tower with Radar,2,39,44,3,88,0,23,36,3,62,2,62,80,6,150,48,0,48,198
09/13/2009,CRW,WV,AEA,CE,Combined TRACON& Tower with Radar,0,56,14,34,104,0,24,22,5,51,0,80,36,39,155,20,20,40,195
09/14/2009,CRW,WV,AEA,CE,Combined TRACON& Tower with Radar,0,60,20,6,86,0,13,35,0,48,0,73,55,6,134,30,0,30,164
09/15/2009,CRW,WV,AEA,CE,Combined TRACON& Tower with Radar,2,60,32,7,101,0,6,54,2,62,2,66,86,9,163,36,0,36,199
09/16/2009,CRW,WV,AEA,CE,Combined TRACON& Tower with Radar,0,78,46,29,153,0,14,29,2,45,0,92,75,31,198,68,4,72,270
09/17/2009,CRW,WV,AEA,CE,Combined TRACON& Tower with Radar,1,83,38,7,129,0,22,12,1,35,1,105,50,8,164,0,0,0,164
09/18/2009,CRW,WV,AEA,CE,Combined TRACON& Tower with Radar,0,38,48,2,88,0,13,33,0,46,0,51,81,2,134,8,0,8,142
09/19/2009,CRW,WV,AEA,CE,Combined TRACON& Tower with Radar,0,50,35,2,87,0,6,20,2,28,0,56,55,4,115,68,12,80,195
09/20/2009,CRW,WV,AEA,CE,Combined TRACON& Tower with Radar,0,50,23,4,77,0,6,15,0,21,0,56,38,4,98,0,0,0,98
09/21/2009,CRW,WV,AEA,CE,Combined TRACON& Tower with Radar,1,60,32,2,95,0,1,6,0,7,1,61,38,2,102,0,0,0,102
09/22/2009,CRW,WV,AEA,CE,Combined TRACON& Tower with Radar,2,61,29,10,102,0,13,29,0,42,2,74,58,10,144,6,0,6,150
09/23/2009,CRW,WV,AEA,CE,Combined TRACON& Tower with Radar,0,60,48,10,118,0,16,31,4,51,0,76,79,14,169,56,24,80,249
09/24/2009,CRW,WV,AEA,CE,Combined TRACON& Tower with Radar,4,68,28,7,107,0,2,26,2,30,4,70,54,9,137,16,4,20,157
09/25/2009,CRW,WV,AEA,CE,Combined TRACON& Tower with Radar,0,64,40,8,112,0,0,11,0,11,0,64,51,8,123,2,0,2,125
09/26/2009,CRW,WV,AEA,CE,Combined TRACON& Tower with Radar,1,43,2,9,55,0,0,2,0,2,1,43,4,9,57,0,0,0,57
09/27/2009,CRW,WV,AEA,CE,Combined TRACON& Tower with Radar,0,51,31,5,87,0,11,32,0,43,0,62,63,5,130,96,44,140,270
09/28/2009,CRW,WV,AEA,CE,Combined TRACON& Tower with Radar,0,59,17,2,78,0,7,8,6,21,0,66,25,8,99,0,0,0,99
09/29/2009,CRW,WV,AEA,CE,Combined TRACON& Tower with Radar,1,60,20,5,86,0,29,41,7,77,1,89,61,12,163,30,0,30,193
09/30/2009,CRW,WV,AEA,CE,Combined TRACON& Tower with Radar,0,71,32,7,110,0,9,41,1,51,0,80,73,8,161,0,4,4,165
10/01/2009,CRW,WV,AEA,CE,Combined TRACON& Tower with Radar,2,66,39,13,120,0,23,39,0,62,2,89,78,13,182,26,0,26,208
10/02/2009,CRW,WV,AEA,CE,Combined TRACON& Tower with Radar,0,62,25,9,96,0,7,16,0,23,0,69,41,9,119,0,0,0,119
10/03/2009,CRW,WV,AEA,CE,Combined TRACON& Tower with Radar,2,44,12,0,58,0,24,29,0,53,2,68,41,0,111,0,2,2,113
10/04/2009,CRW,WV,AEA,CE,Combined TRACON& Tower with Radar,0,53,38,3,94,0,28,24,1,53,0,81,62,4,147,0,0,0,147
10/05/2009,CRW,WV,AEA,CE,Combined TRACON& Tower with Radar,0,57,26,18,101,0,26,33,0,59,0,83,59,18,160,20,0,20,180
10/06/2009,CRW,WV,AEA,CE,Combined TRACON& Tower with Radar,1,59,52,8,120,0,3,32,0,35,1,62,84,8,155,8,68,76,231
10/07/2009,CRW,WV,AEA,CE,Combined TRACON& Tower with Radar,0,67,19,3,89,0,30,6,0,36,0,97,25,3,125,18,22,40,165
10/08/2009,CRW,WV,AEA,CE,Combined TRACON& Tower with Radar,2,71,31,13,117,0,11,32,4,47,2,82,63,17,164,6,20,26,190
10/09/2009,CRW,WV,AEA,CE,Combined TRACON& Tower with Radar,0,67,16,12,95,0,12,2,0,14,0,79,18,12,109,0,20,20,129
10/10/2009,CRW,WV,AEA,CE,Combined TRACON& Tower with Radar,2,46,26,0,74,0,11,5,0,16,2,57,31,0,90,0,0,0,90
10/11/2009,CRW,WV,AEA,CE,Combined TRACON& Tower with Radar,0,51,29,0,80,0,4,24,1,29,0,55,53,1,109,16,10,26,135
10/12/2009,CRW,WV,AEA,CE,Combined TRACON& Tower with Radar,0,64,44,1,109,0,6,16,0,22,0,70,60,1,131,10,0,10,141
10/13/2009,CRW,WV,AEA,CE,Combined TRACON& Tower with Radar,2,69,21,11,103,0,17,4,1,22,2,86,25,12,125,0,40,40,165
10/14/2009,CRW,WV,AEA,CE,Combined TRACON& Tower with Radar,0,72,24,6,102,0,0,3,0,3,0,72,27,6,105,0,0,0,105
10/15/2009,CRW,WV,AEA,CE,Combined TRACON& Tower with Radar,1,80,17,14,112,0,0,0,0,0,1,80,17,14,112,0,0,0,112
10/16/2009,CRW,WV,AEA,CE,Combined TRACON& Tower with Radar,0,73,17,12,102,0,1,1,8,10,0,74,18,20,112,0,0,0,112
10/17/2009,CRW,WV,AEA,CE,Combined TRACON& Tower with Radar,2,45,20,28,95,0,3,2,0,5,2,48,22,28,100,0,0,0,100
10/18/2009,CRW,WV,AEA,CE,Combined TRACON& Tower with Radar,0,49,24,2,75,0,19,11,0,30,0,68,35,2,105,0,0,0,105
10/19/2009,CRW,WV,AEA,CE,Combined TRACON& Tower with Radar,0,57,32,2,91,0,16,30,0,46,0,73,62,2,137,6,42,48,185
10/20/2009,CRW,WV,AEA,CE,Combined TRACON& Tower with Radar,2,65,27,16,110,0,10,42,12,64,2,75,69,28,174,16,44,60,234
10/21/2009,CRW,WV,AEA,CE,Combined TRACON& Tower with Radar,0,72,39,28,139,0,11,58,7,76,0,83,97,35,215,70,34,104,319
10/22/2009,CRW,WV,AEA,CE,Combined TRACON& Tower with Radar,4,69,34,4,111,0,20,58,3,81,4,89,92,7,192,40,5,45,237
10/23/2009,CRW,WV,AEA,CE,Combined TRACON& Tower with Radar,0,67,25,3,95,0,2,8,3,13,0,69,33,6,108,0,6,6,114
10/24/2009,CRW,WV,AEA,CE,Combined TRACON& Tower with Radar,0,46,22,0,68,0,8,4,2,14,0,54,26,2,82,16,0,16,98
10/25/2009,CRW,WV,AEA,CE,Combined TRACON& Tower with Radar,2,53,20,3,78,0,7,33,0,40,2,60,53,3,118,21,8,29,147
10/26/2009,CRW,WV,AEA,CE,Combined TRACON& Tower with Radar,0,61,36,3,100,0,21,21,0,42,0,82,57,3,142,20,0,20,162
10/27/2009,CRW,WV,AEA,CE,Combined TRACON& Tower with Radar,4,59,35,31,129,0,3,22,4,29,4,62,57,35,158,54,14,68,226
10/28/2009,CRW,WV,AEA,CE,Combined TRACON& Tower with Radar,0,63,32,12,107,0,13,9,6,28,0,76,41,18,135,16,8,24,159
10/29/2009,CRW,WV,AEA,CE,Combined TRACON& Tower with Radar,0,67,35,19,121,0,16,35,3,54,0,83,70,22,175,58,0,58,233
10/30/2009,CRW,WV,AEA,CE,Combined TRACON& Tower with Radar,2,68,42,17,129,0,24,19,1,44,2,92,61,18,173,20,68,88,261
10/31/2009,CRW,WV,AEA,CE,Combined TRACON& Tower with Radar,2,46,10,0,58,0,5,1,0,6,2,51,11,0,64,0,0,0,64
11/01/2009,CRW,WV,AEA,CE,Combined TRACON& Tower with Radar,0,50,18,0,68,0,10,20,0,30,0,60,38,0,98,42,0,42,140
11/02/2009,CRW,WV,AEA,CE,Combined TRACON& Tower with Radar,0,64,31,2,97,0,11,42,2,55,0,75,73,4,152,33,0,33,185
11/03/2009,CRW,WV,AEA,CE,Combined TRACON& Tower with Radar,3,70,25,10,108,0,8,26,2,36,3,78,51,12,144,38,4,42,186
11/04/2009,CRW,WV,AEA,CE,Combined TRACON& Tower with Radar,0,60,40,8,108,0,8,18,3,29,0,68,58,11,137,0,24,24,161
11/05/2009,CRW,WV,AEA,CE,Combined TRACON& Tower with Radar,1,70,23,11,105,0,11,19,2,32,1,81,42,13,137,6,34,40,177
11/06/2009,CRW,WV,AEA,CE,Combined TRACON& Tower with Radar,1,66,41,11,119,0,19,37,4,60,1,85,78,15,179,6,31,37,216
11/07/2009,CRW,WV,AEA,CE,Combined TRACON& Tower with Radar,1,42,23,12,78,0,7,24,6,37,1,49,47,18,115,0,12,12,127
11/08/2009,CRW,WV,AEA,CE,Combined TRACON& Tower with Radar,0,44,36,11,91,0,20,44,2,66,0,64,80,13,157,24,0,24,181
11/09/2009,CRW,WV,AEA,CE,Combined TRACON& Tower with Radar,0,59,33,2,94,0,28,20,7,55,0,87,53,9,149,34,0,34,183
11/10/2009,CRW,WV,AEA,CE,Combined TRACON& Tower with Radar,2,64,35,3,104,0,6,23,1,30,2,70,58,4,134,20,0,20,154
11/11/2009,CRW,WV,AEA,CE,Combined TRACON& Tower with Radar,0,53,27,1,81,0,10,30,5,45,0,63,57,6,126,14,4,18,144
11/12/2009,CRW,WV,AEA,CE,Combined TRACON& Tower with Radar,1,73,41,12,127,0,9,20,8,37,1,82,61,20,164,16,26,42,206
11/13/2009,CRW,WV,AEA,CE,Combined TRACON& Tower with Radar,0,73,26,5,104,0,12,29,0,41,0,85,55,5,145,2,0,2,147
11/14/2009,CRW,WV,AEA,CE,Combined TRACON& Tower with Radar,1,55,34,5,95,0,23,27,7,57,1,78,61,12,152,35,2,37,189
11/15/2009,CRW,WV,AEA,CE,Combined TRACON& Tower with Radar,0,50,32,2,84,0,12,21,0,33,0,62,53,2,117,40,0,40,157
11/16/2009,CRW,WV,AEA,CE,Combined TRACON& Tower with Radar,0,64,30,2,96,0,19,36,1,56,0,83,66,3,152,8,0,8,160
11/17/2009,CRW,WV,AEA,CE,Combined TRACON& Tower with Radar,2,63,30,12,107,0,13,25,3,41,2,76,55,15,148,8,10,18,166
11/18/2009,CRW,WV,AEA,CE,Combined TRACON& Tower with Radar,0,67,26,7,100,0,26,11,0,37,0,93,37,7,137,0,18,18,155
11/19/2009,CRW,WV,AEA,CE,Combined TRACON& Tower with Radar,2,72,42,10,126,0,3,12,2,17,2,75,54,12,143,0,14,14,157
11/20/2009,CRW,WV,AEA,CE,Combined TRACON& Tower with Radar,0,74,25,3,102,0,13,33,0,46,0,87,58,3,148,20,0,20,168
11/21/2009,CRW,WV,AEA,CE,Combined TRACON& Tower with Radar,2,45,15,2,64,0,12,36,0,48,2,57,51,2,112,26,0,26,138
11/22/2009,CRW,WV,AEA,CE,Combined TRACON& Tower with Radar,0,45,21,19,85,0,3,25,8,36,0,48,46,27,121,10,8,18,139
11/23/2009,CRW,WV,AEA,CE,Combined TRACON& Tower with Radar,0,52,21,8,81,0,7,20,1,28,0,59,41,9,109,8,20,28,137
11/24/2009,CRW,WV,AEA,CE,Combined TRACON& Tower with Radar,2,64,38,8,112,0,16,7,1,24,2,80,45,9,136,12,6,18,154
11/25/2009,CRW,WV,AEA,CE,Combined TRACON& Tower with Radar,0,60,17,0,77,0,24,26,0,50,0,84,43,0,127,10,0,10,137
11/26/2009,CRW,WV,AEA,CE,Combined TRACON& Tower with Radar,1,29,13,0,43,0,13,1,0,14,1,42,14,0,57,0,0,0,57
11/27/2009,CRW,WV,AEA,CE,Combined TRACON& Tower with Radar,0,41,15,0,56,0,9,1,0,10,0,50,16,0,66,0,0,0,66
11/28/2009,CRW,WV,AEA,CE,Combined TRACON& Tower with Radar,2,49,15,0,66,0,26,24,0,50,2,75,39,0,116,0,0,0,116
11/29/2009,CRW,WV,AEA,CE,Combined TRACON& Tower with Radar,0,47,40,0,87,0,10,16,1,27,0,57,56,1,114,0,0,0,114
11/30/2009,CRW,WV,AEA,CE,Combined TRACON& Tower with Radar,0,77,15,20,112,0,4,1,1,6,0,81,16,21,118,0,8,8,126
12/01/2009,CRW,WV,AEA,CE,Combined TRACON& Tower with Radar,1,64,19,22,106,0,26,24,0,50,1,90,43,22,156,6,94,100,256
12/02/2009,CRW,WV,AEA,CE,Combined TRACON& Tower with Radar,0,66,7,2,75,0,14,1,2,17,0,80,8,4,92,0,20,20,112
12/03/2009,CRW,WV,AEA,CE,Combined TRACON& Tower with Radar,2,67,15,19,103,0,3,5,0,8,2,70,20,19,111,0,6,6,117
12/04/2009,CRW,WV,AEA,CE,Combined TRACON& Tower with Radar,0,66,18,6,90,0,8,26,1,35,0,74,44,7,125,0,6,6,131
12/05/2009,CRW,WV,AEA,CE,Combined TRACON& Tower with Radar,2,35,5,0,42,0,0,2,0,2,2,35,7,0,44,0,0,0,44
12/06/2009,CRW,WV,AEA,CE,Combined TRACON& Tower with Radar,0,50,14,10,74,0,9,11,1,21,0,59,25,11,95,2,26,28,123
12/07/2009,CRW,WV,AEA,CE,Combined TRACON& Tower with Radar,0,61,16,1,78,0,4,4,1,9,0,65,20,2,87,0,0,0,87
12/08/2009,CRW,WV,AEA,CE,Combined TRACON& Tower with Radar,1,62,13,30,106,0,4,0,0,4,1,66,13,30,110,0,22,22,132
12/09/2009,CRW,WV,AEA,CE,Combined TRACON& Tower with Radar,0,58,17,0,75,0,4,0,1,5,0,62,17,1,80,0,0,0,80
12/10/2009,CRW,WV,AEA,CE,Combined TRACON& Tower with Radar,2,71,30,6,109,0,3,7,4,14,2,74,37,10,123,0,8,8,131
12/11/2009,CRW,WV,AEA,CE,Combined TRACON& Tower with Radar,0,77,28,10,115,0,7,14,5,26,0,84,42,15,141,2,16,18,159
12/12/2009,CRW,WV,AEA,CE,Combined TRACON& Tower with Radar,0,45,29,0,74,0,22,23,0,45,0,67,52,0,119,26,0,26,145
12/13/2009,CRW,WV,AEA,CE,Combined TRACON& Tower with Radar,0,48,10,1,59,0,0,0,0,0,0,48,10,1,59,0,0,0,59
12/14/2009,CRW,WV,AEA,CE,Combined TRACON& Tower with Radar,0,60,34,10,104,0,13,12,2,27,0,73,46,12,131,8,0,8,139
12/15/2009,CRW,WV,AEA,CE,Combined TRACON& Tower with Radar,1,59,38,6,104,0,3,5,3,11,1,62,43,9,115,0,74,74,189
12/16/2009,CRW,WV,AEA,CE,Combined TRACON& Tower with Radar,0,63,24,10,97,0,13,22,5,40,0,76,46,15,137,0,22,22,159
12/17/2009,CRW,WV,AEA,CE,Combined TRACON& Tower with Radar,3,59,37,4,103,0,33,35,3,71,3,92,72,7,174,20,8,28,202
12/18/2009,CRW,WV,AEA,CE,Combined TRACON& Tower with Radar,0,49,29,3,81,0,14,17,0,31,0,63,46,3,112,0,0,0,112
12/19/2009,CRW,WV,AEA,CE,Combined TRACON& Tower with Radar,0,4,6,1,11,0,0,0,0,0,0,4,6,1,11,0,0,0,11
12/20/2009,CRW,WV,AEA,CE,Combined TRACON& Tower with Radar,2,38,14,1,55,0,0,0,7,7,2,38,14,8,62,0,0,0,62
12/21/2009,CRW,WV,AEA,CE,Combined TRACON& Tower with Radar,0,74,14,6,94,0,0,1,0,1,0,74,15,6,95,0,0,0,95
12/22/2009,CRW,WV,AEA,CE,Combined TRACON& Tower with Radar,12,53,21,1,87,0,20,14,8,42,12,73,35,9,129,12,0,12,141
12/23/2009,CRW,WV,AEA,CE,Combined TRACON& Tower with Radar,0,58,34,2,94,0,6,26,6,38,0,64,60,8,132,0,0,0,132
12/24/2009,CRW,WV,AEA,CE,Combined TRACON& Tower with Radar,0,52,10,0,62,0,19,20,0,39,0,71,30,0,101,0,0,0,101
12/25/2009,CRW,WV,AEA,CE,Combined TRACON& Tower with Radar,0,34,0,0,34,0,0,0,0,0,0,34,0,0,34,0,0,0,34
12/26/2009,CRW,WV,AEA,CE,Combined TRACON& Tower with Radar,2,47,20,0,69,0,4,24,0,28,2,51,44,0,97,0,0,0,97
12/27/2009,CRW,WV,AEA,CE,Combined TRACON& Tower with Radar,0,42,16,0,58,0,4,7,0,11,0,46,23,0,69,6,0,6,75
12/28/2009,CRW,WV,AEA,CE,Combined TRACON& Tower with Radar,0,57,9,0,66,0,0,1,0,1,0,57,10,0,67,0,0,0,67
12/29/2009,CRW,WV,AEA,CE,Combined TRACON& Tower with Radar,2,59,18,2,81,0,15,11,0,26,2,74,29,2,107,14,0,14,121
12/30/2009,CRW,WV,AEA,CE,Combined TRACON& Tower with Radar,0,60,23,0,83,0,13,23,1,37,0,73,46,1,120,10,0,10,130
12/31/2009,CRW,WV,AEA,CE,Combined TRACON& Tower with Radar,2,53,14,0,69,0,0,0,0,0,2,53,14,0,69,0,0,0,69
01/01/2010,CRW,WV,AEA,CE,Combined TRACON& Tower with Radar,0,39,13,0,52,0,1,0,0,1,0,40,13,0,53,0,0,0,53
01/02/2010,CRW,WV,AEA,CE,Combined TRACON& Tower with Radar,2,48,5,3,58,0,0,0,0,0,2,48,5,3,58,0,0,0,58
01/03/2010,CRW,WV,AEA,CE,Combined TRACON& Tower with Radar,0,42,12,2,56,0,2,3,0,5,0,44,15,2,61,0,0,0,61
01/04/2010,CRW,WV,AEA,CE,Combined TRACON& Tower with Radar,0,65,15,0,80,0,0,1,0,1,0,65,16,0,81,0,0,0,81
01/05/2010,CRW,WV,AEA,CE,Combined TRACON& Tower with Radar,1,61,13,4,79,0,0,3,0,3,1,61,16,4,82,8,0,8,90
01/06/2010,CRW,WV,AEA,CE,Combined TRACON& Tower with Radar,0,64,18,10,92,0,1,18,0,19,0,65,36,10,111,32,0,32,143
01/07/2010,CRW,WV,AEA,CE,Combined TRACON& Tower with Radar,4,66,8,2,80,0,2,8,0,10,4,68,16,2,90,0,0,0,90
01/08/2010,CRW,WV,AEA,CE,Combined TRACON& Tower with Radar,0,61,9,4,74,0,1,0,0,1,0,62,9,4,75,0,0,0,75
01/09/2010,CRW,WV,AEA,CE,Combined TRACON& Tower with Radar,2,40,1,2,45,0,5,0,0,5,2,45,1,2,50,0,0,0,50
01/10/2010,CRW,WV,AEA,CE,Combined TRACON& Tower with Radar,2,41,11,4,58,0,6,5,0,11,2,47,16,4,69,0,0,0,69
01/11/2010,CRW,WV,AEA,CE,Combined TRACON& Tower with Radar,0,57,14,0,71,0,4,29,0,33,0,61,43,0,104,10,0,10,114
01/12/2010,CRW,WV,AEA,CE,Combined TRACON& Tower with Radar,1,60,19,9,89,0,5,7,3,15,1,65,26,12,104,0,0,0,104
01/13/2010,CRW,WV,AEA,CE,Combined TRACON& Tower with Radar,0,63,26,14,103,0,19,30,4,53,0,82,56,18,156,14,20,34,190
01/14/2010,CRW,WV,AEA,CE,Combined TRACON& Tower with Radar,2,66,33,13,114,0,6,32,1,39,2,72,65,14,153,2,8,10,163
01/15/2010,CRW,WV,AEA,CE,Combined TRACON& Tower with Radar,0,63,16,24,103,0,3,16,1,20,0,66,32,25,123,0,0,0,123
01/16/2010,CRW,WV,AEA,CE,Combined TRACON& Tower with Radar,0,45,13,0,58,0,5,23,0,28,0,50,36,0,86,32,0,32,118
01/17/2010,CRW,WV,AEA,CE,Combined TRACON& Tower with Radar,0,37,15,1,53,0,3,0,0,3,0,40,15,1,56,0,0,0,56
01/18/2010,CRW,WV,AEA,CE,Combined TRACON& Tower with Radar,0,56,35,1,92,0,8,17,0,25,0,64,52,1,117,72,0,72,189
01/19/2010,CRW,WV,AEA,CE,Combined TRACON& Tower with Radar,2,40,23,0,65,0,2,18,0,20,2,42,41,0,85,0,0,0,85
01/20/2010,CRW,WV,AEA,CE,Combined TRACON& Tower with Radar,0,61,39,2,102,0,0,0,0,0,0,61,39,2,102,0,0,0,102
01/21/2010,CRW,WV,AEA,CE,Combined TRACON& Tower with Radar,2,79,16,36,133,0,16,11,2,29,2,95,27,38,162,0,38,38,200
01/22/2010,CRW,WV,AEA,CE,Combined TRACON& Tower with Radar,0,64,18,6,88,0,0,4,2,6,0,64,22,8,94,0,0,0,94
01/23/2010,CRW,WV,AEA,CE,Combined TRACON& Tower with Radar,2,40,28,0,70,0,6,13,0,19,2,46,41,0,89,16,0,16,105
01/24/2010,CRW,WV,AEA,CE,Combined TRACON& Tower with Radar,0,43,9,1,53,0,9,0,0,9,0,52,9,1,62,0,0,0,62
01/25/2010,CRW,WV,AEA,CE,Combined TRACON& Tower with Radar,3,58,13,7,81,0,2,5,0,7,3,60,18,7,88,0,0,0,88
01/26/2010,CRW,WV,AEA,CE,Combined TRACON& Tower with Radar,2,59,24,7,92,0,0,1,0,1,2,59,25,7,93,0,48,48,141
01/27/2010,CRW,WV,AEA,CE,Combined TRACON& Tower with Radar,2,70,35,9,116,0,3,32,1,36,2,73,67,10,152,6,2,8,160
01/28/2010,CRW,WV,AEA,CE,Combined TRACON& Tower with Radar,2,62,36,10,110,0,9,17,6,32,2,71,53,16,142,0,22,22,164
01/29/2010,CRW,WV,AEA,CE,Combined TRACON& Tower with Radar,2,54,24,9,89,0,13,14,0,27,2,67,38,9,116,38,0,38,154
01/30/2010,CRW,WV,AEA,CE,Combined TRACON& Tower with Radar,0,32,4,0,36,0,0,0,0,0,0,32,4,0,36,0,0,0,36
01/31/2010,CRW,WV,AEA,CE,Combined TRACON& Tower with Radar,0,43,13,5,61,0,9,29,0,38,0,52,42,5,99,0,0,0,99
02/01/2010,CRW,WV,AEA,CE,Combined TRACON& Tower with Radar,0,61,25,6,92,0,17,30,3,50,0,78,55,9,142,0,0,0,142
02/02/2010,CRW,WV,AEA,CE,Combined TRACON& Tower with Radar,0,57,25,24,106,0,4,5,1,10,0,61,30,25,116,18,20,38,154
02/03/2010,CRW,WV,AEA,CE,Combined TRACON& Tower with Radar,0,58,33,8,99,0,12,12,0,24,0,70,45,8,123,0,22,22,145
02/04/2010,CRW,WV,AEA,CE,Combined TRACON& Tower with Radar,2,70,27,23,122,0,18,29,7,54,2,88,56,30,176,14,60,74,250
02/05/2010,CRW,WV,AEA,CE,Combined TRACON& Tower with Radar,0,52,14,1,67,0,0,0,0,0,0,52,14,1,67,0,0,0,67
02/06/2010,CRW,WV,AEA,CE,Combined TRACON& Tower with Radar,2,20,4,5,31,0,0,0,0,0,2,20,4,5,31,0,0,0,31
02/07/2010,CRW,WV,AEA,CE,Combined TRACON& Tower with Radar,0,36,10,0,46,0,3,4,3,10,0,39,14,3,56,0,0,0,56
02/08/2010,CRW,WV,AEA,CE,Combined TRACON& Tower with Radar,2,49,10,2,63,0,15,19,2,36,2,64,29,4,99,0,0,0,99
02/09/2010,CRW,WV,AEA,CE,Combined TRACON& Tower with Radar,2,45,3,22,72,0,0,0,0,0,2,45,3,22,72,0,0,0,72
02/10/2010,CRW,WV,AEA,CE,Combined TRACON& Tower with Radar,0,42,9,0,51,0,0,0,0,0,0,42,9,0,51,0,0,0,51
02/11/2010,CRW,WV,AEA,CE,Combined TRACON& Tower with Radar,0,61,18,4,83,0,0,4,0,4,0,61,22,4,87,0,0,0,87
02/12/2010,CRW,WV,AEA,CE,Combined TRACON& Tower with Radar,0,59,20,11,90,0,13,4,1,18,0,72,24,12,108,0,10,10,118
02/13/2010,CRW,WV,AEA,CE,Combined TRACON& Tower with Radar,2,40,11,0,53,0,9,0,1,10,2,49,11,1,63,0,0,0,63
02/14/2010,CRW,WV,AEA,CE,Combined TRACON& Tower with Radar,0,43,19,2,64,0,13,6,0,19,0,56,25,2,83,0,0,0,83
02/15/2010,CRW,WV,AEA,CE,Combined TRACON& Tower with Radar,0,49,9,0,58,0,6,1,0,7,0,55,10,0,65,0,0,0,65
02/16/2010,CRW,WV,AEA,CE,Combined TRACON& Tower with Radar,2,56,11,4,73,0,0,1,0,1,2,56,12,4,74,0,0,0,74
02/17/2010,CRW,WV,AEA,CE,Combined TRACON& Tower with Radar,0,64,15,10,89,0,0,0,0,0,0,64,15,10,89,0,0,0,89
02/18/2010,CRW,WV,AEA,CE,Combined TRACON& Tower with Radar,1,67,22,17,107,0,0,4,0,4,1,67,26,17,111,0,6,6,117
02/19/2010,CRW,WV,AEA,CE,Combined TRACON& Tower with Radar,0,64,48,6,118,0,11,22,2,35,0,75,70,8,153,0,0,0,153
02/20/2010,CRW,WV,AEA,CE,Combined TRACON& Tower with Radar,0,46,16,9,71,0,18,26,1,45,0,64,42,10,116,45,0,45,161
02/21/2010,CRW,WV,AEA,CE,Combined TRACON& Tower with Radar,0,45,22,3,70,0,7,27,0,34,0,52,49,3,104,26,2,28,132
02/22/2010,CRW,WV,AEA,CE,Combined TRACON& Tower with Radar,0,54,19,8,81,0,6,12,3,21,0,60,31,11,102,0,0,0,102
02/23/2010,CRW,WV,AEA,CE,Combined TRACON& Tower with Radar,2,64,19,3,88,0,0,0,0,0,2,64,19,3,88,0,0,0,88
02/24/2010,CRW,WV,AEA,CE,Combined TRACON& Tower with Radar,0,58,24,10,92,0,0,11,0,11,0,58,35,10,103,4,8,12,115
02/25/2010,CRW,WV,AEA,CE,Combined TRACON& Tower with Radar,2,63,19,5,89,0,0,0,0,0,2,63,19,5,89,0,0,0,89
02/26/2010,CRW,WV,AEA,CE,Combined TRACON& Tower with Radar,0,48,11,6,65,0,0,0,0,0,0,48,11,6,65,0,0,0,65
02/27/2010,CRW,WV,AEA,CE,Combined TRACON& Tower with Radar,2,46,12,3,63,0,0,11,0,11,2,46,23,3,74,4,0,4,78
02/28/2010,CRW,WV,AEA,CE,Combined TRACON& Tower with Radar,0,36,6,7,49,0,2,3,2,7,0,38,9,9,56,2,0,2,58
03/01/2010,CRW,WV,AEA,CE,Combined TRACON& Tower with Radar,0,64,27,4,95,0,4,12,1,17,0,68,39,5,112,28,0,28,140
03/02/2010,CRW,WV,AEA,CE,Combined TRACON& Tower with Radar,2,47,23,20,92,0,3,12,8,23,2,50,35,28,115,48,70,118,233
03/03/2010,CRW,WV,AEA,CE,Combined TRACON& Tower with Radar,0,65,27,18,110,0,4,0,0,4,0,69,27,18,114,18,0,18,132
03/04/2010,CRW,WV,AEA,CE,Combined TRACON& Tower with Radar,2,67,34,6,109,0,10,22,2,34,2,77,56,8,143,0,7,7,150
03/05/2010,CRW,WV,AEA,CE,Combined TRACON& Tower with Radar,0,62,39,9,110,0,13,29,0,42,0,75,68,9,152,22,6,28,180
03/06/2010,CRW,WV,AEA,CE,Combined TRACON& Tower with Radar,2,46,35,35,118,0,17,59,12,88,2,63,94,47,206,3,26,29,235
03/07/2010,CRW,WV,AEA,CE,Combined TRACON& Tower with Radar,0,46,24,6,76,0,17,38,1,56,0,63,62,7,132,25,0,25,157
03/08/2010,CRW,WV,AEA,CE,Combined TRACON& Tower with Radar,0,56,24,1,81,0,17,34,0,51,0,73,58,1,132,0,0,0,132
03/09/2010,CRW,WV,AEA,CE,Combined TRACON& Tower with Radar,2,64,41,29,136,0,21,59,0,80,2,85,100,29,216,62,86,148,364
03/10/2010,CRW,WV,AEA,CE,Combined TRACON& Tower with Radar,0,66,52,14,132,0,30,30,8,68,0,96,82,22,200,4,14,18,218
03/11/2010,CRW,WV,AEA,CE,Combined TRACON& Tower with Radar,2,70,41,14,127,0,11,60,7,78,2,81,101,21,205,14,50,64,269
03/12/2010,CRW,WV,AEA,CE,Combined TRACON& Tower with Radar,0,66,18,3,87,0,9,12,2,23,0,75,30,5,110,0,0,0,110
03/13/2010,CRW,WV,AEA,CE,Combined TRACON& Tower with Radar,2,43,17,3,65,0,3,2,1,6,2,46,19,4,71,0,0,0,71
03/14/2010,CRW,WV,AEA,CE,Combined TRACON& Tower with Radar,0,50,27,8,85,0,0,2,3,5,0,50,29,11,90,0,0,0,90
03/15/2010,CRW,WV,AEA,CE,Combined TRACON& Tower with Radar,0,59,28,2,89,0,0,0,0,0,0,59,28,2,89,0,0,0,89
03/16/2010,CRW,WV,AEA,CE,Combined TRACON& Tower with Radar,0,54,33,15,102,0,5,29,8,42,0,59,62,23,144,2,74,76,220
03/17/2010,CRW,WV,AEA,CE,Combined TRACON& Tower with Radar,0,61,41,17,119,0,13,40,3,56,0,74,81,20,175,4,12,16,191
03/18/2010,CRW,WV,AEA,CE,Combined TRACON& Tower with Radar,1,68,41,6,116,0,14,50,4,68,1,82,91,10,184,46,0,46,230
03/19/2010,CRW,WV,AEA,CE,Combined TRACON& Tower with Radar,0,65,37,5,107,0,17,79,7,103,0,82,116,12,210,10,0,10,220
03/20/2010,CRW,WV,AEA,CE,Combined TRACON& Tower with Radar,0,47,23,0,70,0,41,56,0,97,0,88,79,0,167,48,0,48,215
03/21/2010,CRW,WV,AEA,CE,Combined TRACON& Tower with Radar,0,57,26,0,83,0,14,21,0,35,0,71,47,0,118,16,0,16,134
03/22/2010,CRW,WV,AEA,CE,Combined TRACON& Tower with Radar,0,63,20,0,83,0,3,14,0,17,0,66,34,0,100,16,0,16,116
03/23/2010,CRW,WV,AEA,CE,Combined TRACON& Tower with Radar,2,65,18,6,91,0,0,0,0,0,2,65,18,6,91,0,8,8,99
03/24/2010,CRW,WV,AEA,CE,Combined TRACON& Tower with Radar,0,57,32,12,101,0,2,65,3,70,0,59,97,15,171,8,36,44,215
03/25/2010,CRW,WV,AEA,CE,Combined TRACON& Tower with Radar,2,71,26,11,110,0,12,38,5,55,2,83,64,16,165,0,18,18,183
03/26/2010,CRW,WV,AEA,CE,Combined TRACON& Tower with Radar,0,68,16,9,93,0,7,9,1,17,0,75,25,10,110,8,0,8,118
03/27/2010,CRW,WV,AEA,CE,Combined TRACON& Tower with Radar,2,47,21,0,70,0,6,51,5,62,2,53,72,5,132,28,0,28,160
03/28/2010,CRW,WV,AEA,CE,Combined TRACON& Tower with Radar,0,49,17,1,67,0,1,5,0,6,0,50,22,1,73,0,0,0,73
03/29/2010,CRW,WV,AEA,CE,Combined TRACON& Tower with Radar,2,67,11,3,83,0,6,4,1,11,2,73,15,4,94,0,0,0,94
03/30/2010,CRW,WV,AEA,CE,Combined TRACON& Tower with Radar,1,63,32,11,107,0,13,41,2,56,1,76,73,13,163,20,6,26,189
03/31/2010,CRW,WV,AEA,CE,Combined TRACON& Tower with Radar,0,64,42,6,112,0,10,78,6,94,0,74,120,12,206,38,52,90,296
04/01/2010,CRW,WV,AEA,CE,Combined TRACON& Tower with Radar,4,65,26,5,100,0,42,67,3,112,4,107,93,8,212,10,12,22,234
04/02/2010,CRW,WV,AEA,CE,Combined TRACON& Tower with Radar,0,59,24,1,84,0,19,50,2,71,0,78,74,3,155,0,0,0,155
04/03/2010,CRW,WV,AEA,CE,Combined TRACON& Tower with Radar,1,44,32,0,77,0,12,20,0,32,1,56,52,0,109,29,0,29,138
04/04/2010,CRW,WV,AEA,CE,Combined TRACON& Tower with Radar,0,39,22,7,68,0,10,27,0,37,0,49,49,7,105,0,0,0,105
04/05/2010,CRW,WV,AEA,CE,Combined TRACON& Tower with Radar,0,57,39,1,97,0,27,16,0,43,0,84,55,1,140,0,0,0,140
04/06/2010,CRW,WV,AEA,CE,Combined TRACON& Tower with Radar,2,64,39,10,115,0,12,39,2,53,2,76,78,12,168,22,71,93,261
04/07/2010,CRW,WV,AEA,CE,Combined TRACON& Tower with Radar,0,74,38,6,118,0,23,34,6,63,0,97,72,12,181,0,6,6,187
04/08/2010,CRW,WV,AEA,CE,Combined TRACON& Tower with Radar,2,74,25,9,110,0,12,28,0,40,2,86,53,9,150,0,0,0,150
04/09/2010,CRW,WV,AEA,CE,Combined TRACON& Tower with Radar,0,72,34,15,121,0,16,30,6,52,0,88,64,21,173,0,18,18,191
04/10/2010,CRW,WV,AEA,CE,Combined TRACON& Tower with Radar,3,47,38,14,102,0,4,48,6,58,3,51,86,20,160,48,22,70,230
04/11/2010,CRW,WV,AEA,CE,Combined TRACON& Tower with Radar,0,54,22,6,82,0,22,44,3,69,0,76,66,9,151,30,0,30,181
04/12/2010,CRW,WV,AEA,CE,Combined TRACON& Tower with Radar,0,71,29,9,109,0,12,38,5,55,0,83,67,14,164,0,0,0,164
04/13/2010,CRW,WV,AEA,CE,Combined TRACON& Tower with Radar,1,69,38,8,116,0,20,38,2,60,1,89,76,10,176,0,36,36,212
04/14/2010,CRW,WV,AEA,CE,Combined TRACON& Tower with Radar,0,66,36,28,130,0,25,53,0,78,0,91,89,28,208,102,6,108,316
04/15/2010,CRW,WV,AEA,CE,Combined TRACON& Tower with Radar,2,70,38,20,130,0,23,33,0,56,2,93,71,20,186,24,0,24,210
04/16/2010,CRW,WV,AEA,CE,Combined TRACON& Tower with Radar,0,72,24,6,102,0,11,35,3,49,0,83,59,9,151,0,0,0,151
04/17/2010,CRW,WV,AEA,CE,Combined TRACON& Tower with Radar,2,50,15,2,69,0,30,7,1,38,2,80,22,3,107,20,0,20,127
04/18/2010,CRW,WV,AEA,CE,Combined TRACON& Tower with Radar,1,53,26,6,86,0,12,20,0,32,1,65,46,6,118,0,0,0,118
04/19/2010,CRW,WV,AEA,CE,Combined TRACON& Tower with Radar,0,67,43,7,117,0,24,34,2,60,0,91,77,9,177,54,0,54,231
04/20/2010,CRW,WV,AEA,CE,Combined TRACON& Tower with Radar,1,69,56,6,132,0,3,61,6,70,1,72,117,12,202,70,10,80,282
04/21/2010,CRW,WV,AEA,CE,Combined TRACON& Tower with Radar,0,66,27,2,95,0,21,49,5,75,0,87,76,7,170,27,0,27,197
04/22/2010,CRW,WV,AEA,CE,Combined TRACON& Tower with Radar,2,73,28,10,113,0,9,40,2,51,2,82,68,12,164,0,25,25,189
04/23/2010,CRW,WV,AEA,CE,Combined TRACON& Tower with Radar,2,65,38,21,126,0,12,15,0,27,2,77,53,21,153,8,10,18,171
04/24/2010,CRW,WV,AEA,CE,Combined TRACON& Tower with Radar,1,49,15,0,65,0,9,6,0,15,1,58,21,0,80,10,0,10,90
04/25/2010,CRW,WV,AEA,CE,Combined TRACON& Tower with Radar,0,55,15,14,84,0,13,8,0,21,0,68,23,14,105,1,6,7,112
04/26/2010,CRW,WV,AEA,CE,Combined TRACON& Tower with Radar,1,70,22,6,99,0,1,0,0,1,1,71,22,6,100,2,0,2,102
04/27/2010,CRW,WV,AEA,CE,Combined TRACON& Tower with Radar,0,67,31,10,108,0,3,34,11,48,0,70,65,21,156,12,30,42,198
04/28/2010,CRW,WV,AEA,CE,Combined TRACON& Tower with Radar,0,69,52,8,129,0,15,42,3,60,0,84,94,11,189,68,12,80,269
04/29/2010,CRW,WV,AEA,CE,Combined TRACON& Tower with Radar,2,67,41,13,123,0,16,30,2,48,2,83,71,15,171,103,10,113,284
04/30/2010,CRW,WV,AEA,CE,Combined TRACON& Tower with Radar,0,69,41,25,135,0,27,45,2,74,0,96,86,27,209,16,28,44,253
05/01/2010,CRW,WV,AEA,CE,Combined TRACON& Tower with Radar,2,46,18,13,79,0,27,19,3,49,2,73,37,16,128,38,36,74,202
05/02/2010,CRW,WV,AEA,CE,Combined TRACON& Tower with Radar,1,45,7,5,58,0,2,2,0,4,1,47,9,5,62,0,2,2,64
05/03/2010,CRW,WV,AEA,CE,Combined TRACON& Tower with Radar,0,71,27,7,105,0,15,12,0,27,0,86,39,7,132,2,0,2,134
05/04/2010,CRW,WV,AEA,CE,Combined TRACON& Tower with Radar,2,66,40,32,140,0,25,32,2,59,2,91,72,34,199,10,39,49,248
05/05/2010,CRW,WV,AEA,CE,Combined TRACON& Tower with Radar,0,83,30,8,121,0,19,40,2,61,0,102,70,10,182,26,6,32,214
05/06/2010,CRW,WV,AEA,CE,Combined TRACON& Tower with Radar,2,76,29,1,108,0,23,47,4,74,2,99,76,5,182,0,0,0,182
05/07/2010,CRW,WV,AEA,CE,Combined TRACON& Tower with Radar,0,68,30,5,103,0,27,32,7,66,0,95,62,12,169,10,0,10,179
05/08/2010,CRW,WV,AEA,CE,Combined TRACON& Tower with Radar,1,52,6,1,60,0,9,5,1,15,1,61,11,2,75,0,0,0,75
05/09/2010,CRW,WV,AEA,CE,Combined TRACON& Tower with Radar,0,51,17,3,71,0,22,17,2,41,0,73,34,5,112,0,0,0,112
05/10/2010,CRW,WV,AEA,CE,Combined TRACON& Tower with Radar,0,64,17,1,82,0,15,17,0,32,0,79,34,1,114,26,0,26,140
05/11/2010,CRW,WV,AEA,CE,Combined TRACON& Tower with Radar,2,74,10,30,116,0,9,12,0,21,2,83,22,30,137,40,109,149,286
05/12/2010,CRW,WV,AEA,CE,Combined TRACON& Tower with Radar,0,83,17,4,104,0,0,8,1,9,0,83,25,5,113,0,0,0,113
05/13/2010,CRW,WV,AEA,CE,Combined TRACON& Tower with Radar,2,77,25,15,119,0,20,23,5,48,2,97,48,20,167,0,16,16,183
05/14/2010,CRW,WV,AEA,CE,Combined TRACON& Tower with Radar,0,70,32,32,134,0,19,20,0,39,0,89,52,32,173,0,0,0,173
05/15/2010,CRW,WV,AEA,CE,Combined TRACON& Tower with Radar,3,51,28,3,85,0,17,28,2,47,3,68,56,5,132,28,0,28,160
05/16/2010,CRW,WV,AEA,CE,Combined TRACON& Tower with Radar,0,50,30,3,83,0,6,22,0,28,0,56,52,3,111,2,0,2,113
05/17/2010,CRW,WV,AEA,CE,Combined TRACON& Tower with Radar,2,72,28,1,103,0,5,4,0,9,2,77,32,1,112,50,0,50,162
05/18/2010,CRW,WV,AEA,CE,Combined TRACON& Tower with Radar,2,70,25,22,119,0,4,11,0,15,2,74,36,22,134,20,10,30,164
05/19/2010,CRW,WV,AEA,CE,Combined TRACON& Tower with Radar,0,71,26,19,116,0,6,20,5,31,0,77,46,24,147,52,24,76,223
05/20/2010,CRW,WV,AEA,CE,Combined TRACON& Tower with Radar,2,75,53,19,149,0,12,45,3,60,2,87,98,22,209,28,40,68,277
05/21/2010,CRW,WV,AEA,CE,Combined TRACON& Tower with Radar,0,61,19,0,80,0,10,17,0,27,0,71,36,0,107,54,0,54,161
05/22/2010,CRW,WV,AEA,CE,Combined TRACON& Tower with Radar,2,54,9,6,71,0,18,10,3,31,2,72,19,9,102,12,0,12,114
05/23/2010,CRW,WV,AEA,CE,Combined TRACON& Tower with Radar,0,55,18,3,76,0,6,22,0,28,0,61,40,3,104,80,0,80,184
05/24/2010,CRW,WV,AEA,CE,Combined TRACON& Tower with Radar,0,74,17,31,122,0,6,22,9,37,0,80,39,40,159,52,0,52,211
05/25/2010,CRW,WV,AEA,CE,Combined TRACON& Tower with Radar,1,79,51,5,136,0,16,30,9,55,1,95,81,14,191,26,16,42,233
05/26/2010,CRW,WV,AEA,CE,Combined TRACON& Tower with Radar,0,72,52,11,135,0,24,47,7,78,0,96,99,18,213,4,12,16,229
05/27/2010,CRW,WV,AEA,CE,Combined TRACON& Tower with Radar,2,72,34,17,125,0,13,20,2,35,2,85,54,19,160,12,0,12,172
05/28/2010,CRW,WV,AEA,CE,Combined TRACON& Tower with Radar,0,70,36,0,106,0,10,14,0,24,0,80,50,0,130,2,0,2,132
05/29/2010,CRW,WV,AEA,CE,Combined TRACON& Tower with Radar,2,51,44,0,97,0,31,37,0,68,2,82,81,0,165,24,0,24,189
05/30/2010,CRW,WV,AEA,CE,Combined TRACON& Tower with Radar,0,39,19,0,58,0,17,15,0,32,0,56,34,0,90,10,0,10,100
05/31/2010,CRW,WV,AEA,CE,Combined TRACON& Tower with Radar,0,57,20,0,77,0,8,9,1,18,0,65,29,1,95,40,0,40,135
06/01/2010,CRW,WV,AEA,CE,Combined TRACON& Tower with Radar,2,79,26,10,117,0,10,18,3,31,2,89,44,13,148,20,14,34,182
06/02/2010,CRW,WV,AEA,CE,Combined TRACON& Tower with Radar,0,70,53,14,137,0,29,46,15,90,0,99,99,29,227,58,44,102,329
06/03/2010,CRW,WV,AEA,CE,Combined TRACON& Tower with Radar,2,81,52,12,147,0,9,30,14,53,2,90,82,26,200,62,24,86,286
06/04/2010,CRW,WV,AEA,CE,Combined TRACON& Tower with Radar,0,75,50,15,140,0,19,21,2,42,0,94,71,17,182,36,18,54,236
06/05/2010,CRW,WV,AEA,CE,Combined TRACON& Tower with Radar,1,52,35,1,89,0,17,12,1,30,1,69,47,2,119,10,10,20,139
06/06/2010,CRW,WV,AEA,CE,Combined TRACON& Tower with Radar,0,31,17,3,51,0,13,3,0,16,0,44,20,3,67,0,6,6,73
06/07/2010,CRW,WV,AEA,CE,Combined TRACON& Tower with Radar,0,68,31,5,104,0,20,36,1,57,0,88,67,6,161,52,20,72,233
06/08/2010,CRW,WV,AEA,CE,Combined TRACON& Tower with Radar,2,70,29,17,118,0,19,30,6,55,2,89,59,23,173,12,68,80,253
06/09/2010,CRW,WV,AEA,CE,Combined TRACON& Tower with Radar,0,76,22,18,116,0,8,10,0,18,0,84,32,18,134,0,18,18,152
06/10/2010,CRW,WV,AEA,CE,Combined TRACON& Tower with Radar,2,73,38,8,121,0,20,38,3,61,2,93,76,11,182,24,36,60,242
06/11/2010,CRW,WV,AEA,CE,Combined TRACON& Tower with Radar,0,67,38,8,113,0,25,41,4,70,0,92,79,12,183,34,0,34,217
06/12/2010,CRW,WV,AEA,CE,Combined TRACON& Tower with Radar,1,51,11,0,63,0,5,5,0,10,1,56,16,0,73,0,0,0,73
06/13/2010,CRW,WV,AEA,CE,Combined TRACON& Tower with Radar,0,50,30,2,82,0,3,15,0,18,0,53,45,2,100,0,0,0,100
06/14/2010,CRW,WV,AEA,CE,Combined TRACON& Tower with Radar,2,82,12,6,102,0,5,22,5,32,2,87,34,11,134,20,0,20,154
06/15/2010,CRW,WV,AEA,CE,Combined TRACON& Tower with Radar,1,68,29,14,112,0,14,12,3,29,1,82,41,17,141,0,79,79,220
06/16/2010,CRW,WV,AEA,CE,Combined TRACON& Tower with Radar,0,71,28,9,108,0,5,13,3,21,0,76,41,12,129,0,0,0,129
06/17/2010,CRW,WV,AEA,CE,Combined TRACON& Tower with Radar,3,76,25,6,110,0,8,34,3,45,3,84,59,9,155,54,0,54,209
06/18/2010,CRW,WV,AEA,CE,Combined TRACON& Tower with Radar,0,69,18,8,95,0,23,26,3,52,0,92,44,11,147,30,0,30,177
06/19/2010,CRW,WV,AEA,CE,Combined TRACON& Tower with Radar,0,50,16,3,69,0,32,32,0,64,0,82,48,3,133,16,0,16,149
06/20/2010,CRW,WV,AEA,CE,Combined TRACON& Tower with Radar,0,53,14,0,67,0,20,14,0,34,0,73,28,0,101,6,0,6,107
06/21/2010,CRW,WV,AEA,CE,Combined TRACON& Tower with Radar,0,71,21,3,95,0,16,30,4,50,0,87,51,7,145,0,0,0,145
06/22/2010,CRW,WV,AEA,CE,Combined TRACON& Tower with Radar,2,77,20,19,118,0,10,41,3,54,2,87,61,22,172,18,26,44,216
06/23/2010,CRW,WV,AEA,CE,Combined TRACON& Tower with Radar,0,70,40,10,120,0,18,32,6,56,0,88,72,16,176,0,26,26,202
06/24/2010,CRW,WV,AEA,CE,Combined TRACON& Tower with Radar,3,71,31,1,106,0,11,20,3,34,3,82,51,4,140,10,0,10,150
06/25/2010,CRW,WV,AEA,CE,Combined TRACON& Tower with Radar,2,63,37,3,105,0,4,20,0,24,2,67,57,3,129,30,4,34,163
06/26/2010,CRW,WV,AEA,CE,Combined TRACON& Tower with Radar,2,50,15,0,67,0,29,29,0,58,2,79,44,0,125,15,0,15,140
06/27/2010,CRW,WV,AEA,CE,Combined TRACON& Tower with Radar,0,44,29,0,73,0,28,21,0,49,0,72,50,0,122,0,0,0,122
06/28/2010,CRW,WV,AEA,CE,Combined TRACON& Tower with Radar,0,76,35,2,113,1,8,14,0,23,1,84,49,2,136,0,0,0,136
06/29/2010,CRW,WV,AEA,CE,Combined TRACON& Tower with Radar,0,74,28,6,108,0,16,42,4,62,0,90,70,10,170,45,16,61,231
06/30/2010,CRW,WV,AEA,CE,Combined TRACON& Tower with Radar,0,65,64,4,133,0,10,31,2,43,0,75,95,6,176,46,0,46,222
07/01/2010,CRW,WV,AEA,CE,Combined TRACON& Tower with Radar,2,70,31,15,118,0,2,38,3,43,2,72,69,18,161,35,14,49,210
07/02/2010,CRW,WV,AEA,CE,Combined TRACON& Tower with Radar,0,74,25,24,123,0,19,28,4,51,0,93,53,28,174,30,4,34,208
07/03/2010,CRW,WV,AEA,CE,Combined TRACON& Tower with Radar,2,45,24,0,71,0,32,30,0,62,2,77,54,0,133,72,0,72,205
07/04/2010,CRW,WV,AEA,CE,Combined TRACON& Tower with Radar,0,40,5,0,45,0,21,9,2,32,0,61,14,2,77,20,0,20,97
07/05/2010,CRW,WV,AEA,CE,Combined TRACON& Tower with Radar,0,52,29,4,85,0,23,16,3,42,0,75,45,7,127,0,0,0,127
07/06/2010,CRW,WV,AEA,CE,Combined TRACON& Tower with Radar,0,72,33,3,108,0,15,38,3,56,0,87,71,6,164,18,0,18,182
07/07/2010,CRW,WV,AEA,CE,Combined TRACON& Tower with Radar,0,72,22,9,103,0,18,26,4,48,0,90,48,13,151,2,54,56,207
07/08/2010,CRW,WV,AEA,CE,Combined TRACON& Tower with Radar,2,75,42,11,130,0,17,28,6,51,2,92,70,17,181,0,0,0,181
07/09/2010,CRW,WV,AEA,CE,Combined TRACON& Tower with Radar,0,73,20,8,101,0,5,7,4,16,0,78,27,12,117,20,0,20,137
07/10/2010,CRW,WV,AEA,CE,Combined TRACON& Tower with Radar,4,50,24,1,79,0,14,13,4,31,4,64,37,5,110,0,0,0,110
07/11/2010,CRW,WV,AEA,CE,Combined TRACON& Tower with Radar,0,52,15,6,73,0,20,35,2,57,0,72,50,8,130,4,0,4,134
07/12/2010,CRW,WV,AEA,CE,Combined TRACON& Tower with Radar,0,65,14,0,79,0,0,2,5,7,0,65,16,5,86,0,0,0,86
07/13/2010,CRW,WV,AEA,CE,Combined TRACON& Tower with Radar,1,63,18,6,88,0,4,0,0,4,1,67,18,6,92,0,0,0,92
07/14/2010,CRW,WV,AEA,CE,Combined TRACON& Tower with Radar,0,76,52,22,150,0,7,40,10,57,0,83,92,32,207,0,58,58,265
07/15/2010,CRW,WV,AEA,CE,Combined TRACON& Tower with Radar,2,72,48,13,135,0,18,35,4,57,2,90,83,17,192,22,40,62,254
07/16/2010,CRW,WV,AEA,CE,Combined TRACON& Tower with Radar,0,70,31,1,102,0,3,14,13,30,0,73,45,14,132,56,0,56,188
07/17/2010,CRW,WV,AEA,CE,Combined TRACON& Tower with Radar,2,50,17,0,69,0,3,1,16,20,2,53,18,16,89,10,0,10,99
07/18/2010,CRW,WV,AEA,CE,Combined TRACON& Tower with Radar,0,55,25,1,81,0,5,14,0,19,0,60,39,1,100,4,0,4,104
07/19/2010,CRW,WV,AEA,CE,Combined TRACON& Tower with Radar,0,81,9,2,92,0,24,29,12,65,0,105,38,14,157,30,0,30,187
07/20/2010,CRW,WV,AEA,CE,Combined TRACON& Tower with Radar,2,76,16,5,99,0,8,14,8,30,2,84,30,13,129,20,0,20,149
07/21/2010,CRW,WV,AEA,CE,Combined TRACON& Tower with Radar,1,80,26,5,112,0,27,22,5,54,1,107,48,10,166,16,22,38,204
07/22/2010,CRW,WV,AEA,CE,Combined TRACON& Tower with Radar,1,72,59,9,141,0,6,23,5,34,1,78,82,14,175,14,12,26,201
07/23/2010,CRW,WV,AEA,CE,Combined TRACON& Tower with Radar,0,67,24,7,98,0,13,34,2,49,0,80,58,9,147,2,8,10,157
07/24/2010,CRW,WV,AEA,CE,Combined TRACON& Tower with Radar,0,52,25,0,77,0,14,33,7,54,0,66,58,7,131,25,0,25,156
07/25/2010,CRW,WV,AEA,CE,Combined TRACON& Tower with Radar,0,49,17,0,66,0,12,3,2,17,0,61,20,2,83,0,0,0,83
07/26/2010,CRW,WV,AEA,CE,Combined TRACON& Tower with Radar,0,74,28,21,123,1,9,28,0,38,1,83,56,21,161,12,4,16,177
07/27/2010,CRW,WV,AEA,CE,Combined TRACON& Tower with Radar,4,66,35,5,110,0,5,47,0,52,4,71,82,5,162,40,0,40,202
07/28/2010,CRW,WV,AEA,CE,Combined TRACON& Tower with Radar,0,71,34,5,110,0,12,33,9,54,0,83,67,14,164,4,0,4,168
07/29/2010,CRW,WV,AEA,CE,Combined TRACON& Tower with Radar,0,78,34,12,124,0,1,31,4,36,0,79,65,16,160,0,0,0,160
07/30/2010,CRW,WV,AEA,CE,Combined TRACON& Tower with Radar,0,69,31,5,105,0,18,52,0,70,0,87,83,5,175,20,8,28,203
07/31/2010,CRW,WV,AEA,CE,Combined TRACON& Tower with Radar,2,57,23,6,88,0,22,22,0,44,2,79,45,6,132,22,0,22,154
08/01/2010,CRW,WV,AEA,CE,Combined TRACON& Tower with Radar,0,49,28,11,88,0,11,17,1,29,0,60,45,12,117,0,0,0,117
08/02/2010,CRW,WV,AEA,CE,Combined TRACON& Tower with Radar,0,67,21,7,95,0,6,33,1,40,0,73,54,8,135,38,0,38,173
08/03/2010,CRW,WV,AEA,CE,Combined TRACON& Tower with Radar,2,70,41,32,145,0,16,14,9,39,2,86,55,41,184,40,60,100,284
08/04/2010,CRW,WV,AEA,CE,Combined TRACON& Tower with Radar,0,79,26,6,111,0,6,23,7,36,0,85,49,13,147,10,4,14,161
08/05/2010,CRW,WV,AEA,CE,Combined TRACON& Tower with Radar,2,66,12,2,82,0,12,31,0,43,2,78,43,2,125,14,6,20,145
08/06/2010,CRW,WV,AEA,CE,Combined TRACON& Tower with Radar,0,70,44,7,121,0,20,48,0,68,0,90,92,7,189,206,0,206,395
08/07/2010,CRW,WV,AEA,CE,Combined TRACON& Tower with Radar,2,50,63,10,125,0,15,33,0,48,2,65,96,10,173,2,26,28,201
08/08/2010,CRW,WV,AEA,CE,Combined TRACON& Tower with Radar,0,51,40,18,109,0,21,26,1,48,0,72,66,19,157,18,14,32,189
08/09/2010,CRW,WV,AEA,CE,Combined TRACON& Tower with Radar,13,59,36,6,114,0,17,24,4,45,13,76,60,10,159,28,64,92,251
08/10/2010,CRW,WV,AEA,CE,Combined TRACON& Tower with Radar,1,76,31,11,119,0,11,44,0,55,1,87,75,11,174,14,26,40,214
08/11/2010,CRW,WV,AEA,CE,Combined TRACON& Tower with Radar,2,67,22,4,95,0,15,22,1,38,2,82,44,5,133,40,8,48,181
08/12/2010,CRW,WV,AEA,CE,Combined TRACON& Tower with Radar,2,91,38,10,141,0,4,24,8,36,2,95,62,18,177,16,50,66,243
08/13/2010,CRW,WV,AEA,CE,Combined TRACON& Tower with Radar,0,71,39,8,118,0,21,28,0,49,0,92,67,8,167,10,0,10,177
08/14/2010,CRW,WV,AEA,CE,Combined TRACON& Tower with Radar,1,49,38,3,91,0,33,29,2,64,1,82,67,5,155,20,0,20,175
08/15/2010,CRW,WV,AEA,CE,Combined TRACON& Tower with Radar,0,51,16,4,71,0,21,15,0,36,0,72,31,4,107,0,0,0,107
08/16/2010,CRW,WV,AEA,CE,Combined TRACON& Tower with Radar,0,66,22,8,96,0,14,40,2,56,0,80,62,10,152,8,8,16,168
08/17/2010,CRW,WV,AEA,CE,Combined TRACON& Tower with Radar,2,72,37,19,130,0,11,40,5,56,2,83,77,24,186,20,8,28,214
08/18/2010,CRW,WV,AEA,CE,Combined TRACON& Tower with Radar,0,69,28,8,105,0,20,16,0,36,0,89,44,8,141,28,0,28,169
08/19/2010,CRW,WV,AEA,CE,Combined TRACON& Tower with Radar,1,72,31,38,142,0,10,42,0,52,1,82,73,38,194,60,6,66,260
08/20/2010,CRW,WV,AEA,CE,Combined TRACON& Tower with Radar,2,73,34,14,123,1,12,30,0,43,3,85,64,14,166,0,11,11,177
08/21/2010,CRW,WV,AEA,CE,Combined TRACON& Tower with Radar,1,49,20,4,74,0,14,25,0,39,1,63,45,4,113,20,0,20,133
08/22/2010,CRW,WV,AEA,CE,Combined TRACON& Tower with Radar,0,57,42,14,113,0,12,8,1,21,0,69,50,15,134,10,0,10,144
08/23/2010,CRW,WV,AEA,CE,Combined TRACON& Tower with Radar,0,59,28,6,93,0,13,21,0,34,0,72,49,6,127,2,12,14,141
08/24/2010,CRW,WV,AEA,CE,Combined TRACON& Tower with Radar,1,67,34,6,108,0,0,14,1,15,1,67,48,7,123,8,0,8,131
08/25/2010,CRW,WV,AEA,CE,Combined TRACON& Tower with Radar,0,78,42,28,148,0,16,30,1,47,0,94,72,29,195,30,30,60,255
08/26/2010,CRW,WV,AEA,CE,Combined TRACON& Tower with Radar,2,69,42,8,121,0,24,28,4,56,2,93,70,12,177,22,0,22,199
08/27/2010,CRW,WV,AEA,CE,Combined TRACON& Tower with Radar,0,66,15,6,87,0,25,29,4,58,0,91,44,10,145,82,0,82,227
08/28/2010,CRW,WV,AEA,CE,Combined TRACON& Tower with Radar,2,44,25,0,71,0,11,40,4,55,2,55,65,4,126,6,0,6,132
08/29/2010,CRW,WV,AEA,CE,Combined TRACON& Tower with Radar,0,50,20,0,70,0,12,16,0,28,0,62,36,0,98,2,0,2,100
08/30/2010,CRW,WV,AEA,CE,Combined TRACON& Tower with Radar,0,66,41,21,128,0,12,28,3,43,0,78,69,24,171,16,0,16,187
08/31/2010,CRW,WV,AEA,CE,Combined TRACON& Tower with Radar,2,70,24,5,101,0,24,48,5,77,2,94,72,10,178,30,0,30,208
09/01/2010,CRW,WV,AEA,CE,Combined TRACON& Tower with Radar,0,68,23,14,105,0,16,44,4,64,0,84,67,18,169,62,20,82,251
09/02/2010,CRW,WV,AEA,CE,Combined TRACON& Tower with Radar,2,66,47,8,123,0,11,39,10,60,2,77,86,18,183,30,0,30,213
09/03/2010,CRW,WV,AEA,CE,Combined TRACON& Tower with Radar,0,65,34,0,99,0,11,21,2,34,0,76,55,2,133,14,0,14,147
09/04/2010,CRW,WV,AEA,CE,Combined TRACON& Tower with Radar,2,44,18,0,64,0,27,29,10,66,2,71,47,10,130,20,0,20,150
09/05/2010,CRW,WV,AEA,CE,Combined TRACON& Tower with Radar,0,36,16,1,53,0,18,22,1,41,0,54,38,2,94,20,0,20,114
09/06/2010,CRW,WV,AEA,CE,Combined TRACON& Tower with Radar,0,49,21,0,70,0,13,21,0,34,0,62,42,0,104,0,0,0,104
09/07/2010,CRW,WV,AEA,CE,Combined TRACON& Tower with Radar,2,81,31,18,132,0,7,17,5,29,2,88,48,23,161,20,0,20,181
09/08/2010,CRW,WV,AEA,CE,Combined TRACON& Tower with Radar,0,61,27,11,99,0,17,30,5,52,0,78,57,16,151,12,10,22,173
09/09/2010,CRW,WV,AEA,CE,Combined TRACON& Tower with Radar,1,75,46,10,132,0,4,27,5,36,1,79,73,15,168,14,8,22,190
09/10/2010,CRW,WV,AEA,CE,Combined TRACON& Tower with Radar,1,68,42,4,115,0,20,15,0,35,1,88,57,4,150,18,14,32,182
09/11/2010,CRW,WV,AEA,CE,Combined TRACON& Tower with Radar,1,54,14,5,74,0,11,6,4,21,1,65,20,9,95,0,0,0,95
09/12/2010,CRW,WV,AEA,CE,Combined TRACON& Tower with Radar,0,53,21,14,88,0,6,4,3,13,0,59,25,17,101,0,4,4,105
09/13/2010,CRW,WV,AEA,CE,Combined TRACON& Tower with Radar,0,72,29,0,101,0,15,23,0,38,0,87,52,0,139,12,26,38,177
09/14/2010,CRW,WV,AEA,CE,Combined TRACON& Tower with Radar,2,72,35,14,123,0,7,32,0,39,2,79,67,14,162,26,20,46,208
09/15/2010,CRW,WV,AEA,CE,Combined TRACON& Tower with Radar,0,74,24,2,100,0,28,28,4,60,0,102,52,6,160,38,0,38,198
09/16/2010,CRW,WV,AEA,CE,Combined TRACON& Tower with Radar,2,70,22,5,99,0,13,8,0,21,2,83,30,5,120,40,0,40,160
09/17/2010,CRW,WV,AEA,CE,Combined TRACON& Tower with Radar,0,70,33,9,112,0,36,37,2,75,0,106,70,11,187,42,0,42,229
09/18/2010,CRW,WV,AEA,CE,Combined TRACON& Tower with Radar,1,53,22,0,76,0,13,19,1,33,1,66,41,1,109,4,0,4,113
09/19/2010,CRW,WV,AEA,CE,Combined TRACON& Tower with Radar,0,51,22,4,77,0,12,31,0,43,0,63,53,4,120,44,0,44,164
09/20/2010,CRW,WV,AEA,CE,Combined TRACON& Tower with Radar,0,66,31,10,107,0,16,23,0,39,0,82,54,10,146,32,0,32,178
09/21/2010,CRW,WV,AEA,CE,Combined TRACON& Tower with Radar,0,76,32,0,108,0,12,30,2,44,0,88,62,2,152,68,0,68,220
09/22/2010,CRW,WV,AEA,CE,Combined TRACON& Tower with Radar,0,69,27,7,103,0,0,25,5,30,0,69,52,12,133,16,6,22,155
09/23/2010,CRW,WV,AEA,CE,Combined TRACON& Tower with Radar,2,68,25,0,95,0,39,42,1,82,2,107,67,1,177,28,0,28,205
09/24/2010,CRW,WV,AEA,CE,Combined TRACON& Tower with Radar,0,68,36,4,108,0,17,22,0,39,0,85,58,4,147,32,0,32,179
09/25/2010,CRW,WV,AEA,CE,Combined TRACON& Tower with Radar,2,54,19,2,77,0,23,23,0,46,2,77,42,2,123,16,0,16,139
09/26/2010,CRW,WV,AEA,CE,Combined TRACON& Tower with Radar,0,50,28,2,80,1,3,7,0,11,1,53,35,2,91,0,0,0,91
09/27/2010,CRW,WV,AEA,CE,Combined TRACON& Tower with Radar,0,66,33,4,103,0,4,2,0,6,0,70,35,4,109,35,0,35,144
09/28/2010,CRW,WV,AEA,CE,Combined TRACON& Tower with Radar,2,68,28,2,100,0,2,18,0,20,2,70,46,2,120,0,0,0,120
09/29/2010,CRW,WV,AEA,CE,Combined TRACON& Tower with Radar,0,68,25,5,98,0,4,42,1,47,0,72,67,6,145,12,0,12,157
09/30/2010,CRW,WV,AEA,CE,Combined TRACON& Tower with Radar,0,65,33,8,106,0,2,12,0,14,0,67,45,8,120,52,0,52,172
10/01/2010,CRW,WV,AEA,CE,Combined TRACON& Tower with Radar,2,62,31,4,99,0,13,37,0,50,2,75,68,4,149,66,20,86,235
10/02/2010,CRW,WV,AEA,CE,Combined TRACON& Tower with Radar,1,42,24,6,73,0,5,36,1,42,1,47,60,7,115,90,0,90,205
10/03/2010,CRW,WV,AEA,CE,Combined TRACON& Tower with Radar,0,60,19,4,83,0,8,0,0,8,0,68,19,4,91,0,0,0,91
10/04/2010,CRW,WV,AEA,CE,Combined TRACON& Tower with Radar,0,62,28,7,97,0,0,5,0,5,0,62,33,7,102,8,0,8,110
10/05/2010,CRW,WV,AEA,CE,Combined TRACON& Tower with Radar,2,75,26,8,111,0,0,10,3,13,2,75,36,11,124,0,0,0,124
10/06/2010,CRW,WV,AEA,CE,Combined TRACON& Tower with Radar,0,71,55,1,127,0,15,52,0,67,0,86,107,1,194,82,0,82,276
10/07/2010,CRW,WV,AEA,CE,Combined TRACON& Tower with Radar,2,68,63,7,140,0,11,57,0,68,2,79,120,7,208,103,4,107,315
10/08/2010,CRW,WV,AEA,CE,Combined TRACON& Tower with Radar,0,67,36,0,103,0,15,47,0,62,0,82,83,0,165,0,0,0,165
10/09/2010,CRW,WV,AEA,CE,Combined TRACON& Tower with Radar,1,56,29,15,101,0,18,37,0,55,1,74,66,15,156,54,0,54,210
10/10/2010,CRW,WV,AEA,CE,Combined TRACON& Tower with Radar,0,50,18,0,68,0,27,36,0,63,0,77,54,0,131,21,8,29,160
10/11/2010,CRW,WV,AEA,CE,Combined TRACON& Tower with Radar,0,57,27,6,90,0,7,42,0,49,0,64,69,6,139,20,0,20,159
10/12/2010,CRW,WV,AEA,CE,Combined TRACON& Tower with Radar,3,83,28,6,120,0,13,47,0,60,3,96,75,6,180,80,0,80,260
10/13/2010,CRW,WV,AEA,CE,Combined TRACON& Tower with Radar,0,68,50,1,119,0,25,33,0,58,0,93,83,1,177,26,0,26,203
10/14/2010,CRW,WV,AEA,CE,Combined TRACON& Tower with Radar,2,69,42,5,118,0,21,28,1,50,2,90,70,6,168,11,0,11,179
10/15/2010,CRW,WV,AEA,CE,Combined TRACON& Tower with Radar,0,71,26,8,105,0,19,32,4,55,0,90,58,12,160,20,0,20,180
10/16/2010,CRW,WV,AEA,CE,Combined TRACON& Tower with Radar,1,48,26,0,75,0,20,49,0,69,1,68,75,0,144,36,0,36,180
10/17/2010,CRW,WV,AEA,CE,Combined TRACON& Tower with Radar,0,53,24,1,78,0,27,43,1,71,0,80,67,2,149,132,0,132,281
10/18/2010,CRW,WV,AEA,CE,Combined TRACON& Tower with Radar,0,63,37,3,103,0,8,39,0,47,0,71,76,3,150,12,0,12,162
10/19/2010,CRW,WV,AEA,CE,Combined TRACON& Tower with Radar,2,64,31,7,104,0,16,31,6,53,2,80,62,13,157,10,0,10,167
10/20/2010,CRW,WV,AEA,CE,Combined TRACON& Tower with Radar,0,62,26,2,90,0,8,36,2,46,0,70,62,4,136,28,0,28,164
10/21/2010,CRW,WV,AEA,CE,Combined TRACON& Tower with Radar,1,73,35,10,119,0,13,25,0,38,1,86,60,10,157,30,0,30,187
10/22/2010,CRW,WV,AEA,CE,Combined TRACON& Tower with Radar,2,70,47,0,119,0,25,51,0,76,2,95,98,0,195,0,18,18,213
10/23/2010,CRW,WV,AEA,CE,Combined TRACON& Tower with Radar,1,51,57,1,110,5,16,30,1,52,6,67,87,2,162,0,6,6,168
10/24/2010,CRW,WV,AEA,CE,Combined TRACON& Tower with Radar,1,51,21,1,74,0,13,30,0,43,1,64,51,1,117,4,0,4,121
10/25/2010,CRW,WV,AEA,CE,Combined TRACON& Tower with Radar,0,62,27,11,100,0,9,18,1,28,0,71,45,12,128,0,8,8,136
10/26/2010,CRW,WV,AEA,CE,Combined TRACON& Tower with Radar,1,58,18,11,88,0,3,2,0,5,1,61,20,11,93,0,30,30,123
10/27/2010,CRW,WV,AEA,CE,Combined TRACON& Tower with Radar,0,67,37,10,114,0,2,39,1,42,0,69,76,11,156,16,4,20,176
10/28/2010,CRW,WV,AEA,CE,Combined TRACON& Tower with Radar,2,72,37,18,129,0,14,46,0,60,2,86,83,18,189,0,0,0,189
10/29/2010,CRW,WV,AEA,CE,Combined TRACON& Tower with Radar,0,62,36,0,98,0,14,34,3,51,0,76,70,3,149,18,0,18,167
10/30/2010,CRW,WV,AEA,CE,Combined TRACON& Tower with Radar,2,53,24,0,79,0,24,22,2,48,2,77,46,2,127,8,0,8,135
10/31/2010,CRW,WV,AEA,CE,Combined TRACON& Tower with Radar,0,55,20,0,75,0,19,26,0,45,0,74,46,0,120,56,0,56,176
11/01/2010,CRW,WV,AEA,CE,Combined TRACON& Tower with Radar,0,57,21,0,78,0,31,42,4,77,0,88,63,4,155,20,0,20,175
11/02/2010,CRW,WV,AEA,CE,Combined TRACON& Tower with Radar,1,70,28,4,103,0,1,26,0,27,1,71,54,4,130,0,0,0,130
11/03/2010,CRW,WV,AEA,CE,Combined TRACON& Tower with Radar,0,72,16,3,91,0,21,44,1,66,0,93,60,4,157,38,0,38,195
11/04/2010,CRW,WV,AEA,CE,Combined TRACON& Tower with Radar,2,64,23,3,92,0,11,12,4,27,2,75,35,7,119,32,0,32,151
11/05/2010,CRW,WV,AEA,CE,Combined TRACON& Tower with Radar,0,62,38,3,103,0,0,7,2,9,0,62,45,5,112,0,0,0,112
11/06/2010,CRW,WV,AEA,CE,Combined TRACON& Tower with Radar,1,56,27,7,91,0,6,23,0,29,1,62,50,7,120,22,35,57,177
11/07/2010,CRW,WV,AEA,CE,Combined TRACON& Tower with Radar,0,60,34,4,98,0,7,38,4,49,0,67,72,8,147,8,0,8,155
11/08/2010,CRW,WV,AEA,CE,Combined TRACON& Tower with Radar,0,64,33,3,100,0,19,52,0,71,0,83,85,3,171,0,0,0,171
11/09/2010,CRW,WV,AEA,CE,Combined TRACON& Tower with Radar,2,62,30,13,107,0,5,43,0,48,2,67,73,13,155,104,50,154,309
11/10/2010,CRW,WV,AEA,CE,Combined TRACON& Tower with Radar,0,64,14,9,87,0,16,48,5,69,0,80,62,14,156,72,0,72,228
11/11/2010,CRW,WV,AEA,CE,Combined TRACON& Tower with Radar,2,64,17,0,83,0,4,57,4,65,2,68,74,4,148,82,0,82,230
11/12/2010,CRW,WV,AEA,CE,Combined TRACON& Tower with Radar,0,64,26,3,93,0,16,38,1,55,0,80,64,4,148,50,0,50,198
11/13/2010,CRW,WV,AEA,CE,Combined TRACON& Tower with Radar,2,53,21,1,77,0,17,39,0,56,2,70,60,1,133,96,0,96,229
11/14/2010,CRW,WV,AEA,CE,Combined TRACON& Tower with Radar,0,54,27,2,83,0,7,11,0,18,0,61,38,2,101,60,0,60,161
11/15/2010,CRW,WV,AEA,CE,Combined TRACON& Tower with Radar,0,67,33,1,101,0,4,16,3,23,0,71,49,4,124,30,28,58,182
11/16/2010,CRW,WV,AEA,CE,Combined TRACON& Tower with Radar,2,65,22,16,105,0,0,2,3,5,2,65,24,19,110,0,8,8,118
11/17/2010,CRW,WV,AEA,CE,Combined TRACON& Tower with Radar,0,68,33,4,105,0,4,23,2,29,0,72,56,6,134,4,50,54,188
11/18/2010,CRW,WV,AEA,CE,Combined TRACON& Tower with Radar,0,72,31,21,124,0,10,21,3,34,0,82,52,24,158,0,10,10,168
11/19/2010,CRW,WV,AEA,CE,Combined TRACON& Tower with Radar,0,64,42,18,124,0,24,32,0,56,0,88,74,18,180,64,52,116,296
11/20/2010,CRW,WV,AEA,CE,Combined TRACON& Tower with Radar,2,47,28,0,77,0,13,40,5,58,2,60,68,5,135,62,0,62,197
11/21/2010,CRW,WV,AEA,CE,Combined TRACON& Tower with Radar,0,51,17,4,72,0,23,33,0,56,0,74,50,4,128,26,0,26,154
11/22/2010,CRW,WV,AEA,CE,Combined TRACON& Tower with Radar,0,66,14,6,86,0,16,20,0,36,0,82,34,6,122,67,0,67,189
11/23/2010,CRW,WV,AEA,CE,Combined TRACON& Tower with Radar,1,73,26,0,100,0,3,15,0,18,1,76,41,0,118,0,0,0,118
11/24/2010,CRW,WV,AEA,CE,Combined TRACON& Tower with Radar,0,66,31,1,98,0,0,33,0,33,0,66,64,1,131,0,0,0,131
11/25/2010,CRW,WV,AEA,CE,Combined TRACON& Tower with Radar,2,35,3,0,40,0,9,13,0,22,2,44,16,0,62,0,0,0,62
11/26/2010,CRW,WV,AEA,CE,Combined TRACON& Tower with Radar,0,53,20,0,73,0,10,7,0,17,0,63,27,0,90,0,0,0,90
11/27/2010,CRW,WV,AEA,CE,Combined TRACON& Tower with Radar,1,53,25,0,79,0,25,16,0,41,1,78,41,0,120,18,0,18,138
11/28/2010,CRW,WV,AEA,CE,Combined TRACON& Tower with Radar,0,54,32,0,86,0,9,47,0,56,0,63,79,0,142,8,0,8,150
11/29/2010,CRW,WV,AEA,CE,Combined TRACON& Tower with Radar,0,59,32,2,93,0,3,34,0,37,0,62,66,2,130,24,0,24,154
11/30/2010,CRW,WV,AEA,CE,Combined TRACON& Tower with Radar,0,67,15,6,88,0,2,2,0,4,0,69,17,6,92,0,0,0,92
12/01/2010,CRW,WV,AEA,CE,Combined TRACON& Tower with Radar,0,65,12,6,83,0,5,2,0,7,0,70,14,6,90,0,0,0,90
12/02/2010,CRW,WV,AEA,CE,Combined TRACON& Tower with Radar,2,67,17,2,88,0,5,22,3,30,2,72,39,5,118,10,0,10,128
12/03/2010,CRW,WV,AEA,CE,Combined TRACON& Tower with Radar,0,65,16,2,83,0,0,2,0,2,0,65,18,2,85,0,0,0,85
12/04/2010,CRW,WV,AEA,CE,Combined TRACON& Tower with Radar,6,58,11,15,90,0,14,0,0,14,6,72,11,15,104,0,0,0,104
12/05/2010,CRW,WV,AEA,CE,Combined TRACON& Tower with Radar,2,51,3,5,61,0,1,1,0,2,2,52,4,5,63,0,0,0,63
12/06/2010,CRW,WV,AEA,CE,Combined TRACON& Tower with Radar,0,58,20,1,79,0,0,3,0,3,0,58,23,1,82,0,0,0,82
12/07/2010,CRW,WV,AEA,CE,Combined TRACON& Tower with Radar,2,64,16,19,101,0,0,3,0,3,2,64,19,19,104,0,2,2,106
12/08/2010,CRW,WV,AEA,CE,Combined TRACON& Tower with Radar,0,61,27,6,94,0,11,12,1,24,0,72,39,7,118,0,12,12,130
12/09/2010,CRW,WV,AEA,CE,Combined TRACON& Tower with Radar,0,68,25,7,100,0,30,21,1,52,0,98,46,8,152,90,0,90,242
12/10/2010,CRW,WV,AEA,CE,Combined TRACON& Tower with Radar,0,66,11,3,80,0,27,31,1,59,0,93,42,4,139,20,0,20,159
12/11/2010,CRW,WV,AEA,CE,Combined TRACON& Tower with Radar,2,47,43,0,92,0,6,32,0,38,2,53,75,0,130,50,0,50,180
12/12/2010,CRW,WV,AEA,CE,Combined TRACON& Tower with Radar,0,50,6,1,57,0,3,1,0,4,0,53,7,1,61,0,0,0,61
12/13/2010,CRW,WV,AEA,CE,Combined TRACON& Tower with Radar,0,59,6,2,67,0,0,0,0,0,0,59,6,2,67,0,0,0,67
12/14/2010,CRW,WV,AEA,CE,Combined TRACON& Tower with Radar,2,63,26,14,105,0,5,4,0,9,2,68,30,14,114,0,6,6,120
12/15/2010,CRW,WV,AEA,CE,Combined TRACON& Tower with Radar,0,74,29,4,107,0,12,9,0,21,0,86,38,4,128,10,0,10,138
12/16/2010,CRW,WV,AEA,CE,Combined TRACON& Tower with Radar,0,45,9,0,54,0,0,0,0,0,0,45,9,0,54,0,0,0,54
12/17/2010,CRW,WV,AEA,CE,Combined TRACON& Tower with Radar,3,66,24,4,97,0,0,1,0,1,3,66,25,4,98,0,0,0,98
12/18/2010,CRW,WV,AEA,CE,Combined TRACON& Tower with Radar,0,47,13,13,73,0,6,0,0,6,0,53,13,13,79,0,0,0,79
12/19/2010,CRW,WV,AEA,CE,Combined TRACON& Tower with Radar,0,51,17,1,69,0,4,2,0,6,0,55,19,1,75,0,0,0,75
12/20/2010,CRW,WV,AEA,CE,Combined TRACON& Tower with Radar,0,62,19,3,84,0,15,1,0,16,0,77,20,3,100,30,0,30,130
12/21/2010,CRW,WV,AEA,CE,Combined TRACON& Tower with Radar,2,54,15,24,95,0,3,1,0,4,2,57,16,24,99,60,60,120,219
12/22/2010,CRW,WV,AEA,CE,Combined TRACON& Tower with Radar,0,68,12,3,83,0,0,0,0,0,0,68,12,3,83,0,0,0,83
12/23/2010,CRW,WV,AEA,CE,Combined TRACON& Tower with Radar,2,61,18,16,97,0,8,3,0,11,2,69,21,16,108,50,4,54,162
12/24/2010,CRW,WV,AEA,CE,Combined TRACON& Tower with Radar,0,50,7,0,57,0,4,10,0,14,0,54,17,0,71,32,0,32,103
12/25/2010,CRW,WV,AEA,CE,Combined TRACON& Tower with Radar,0,31,0,0,31,0,0,0,0,0,0,31,0,0,31,0,0,0,31
12/26/2010,CRW,WV,AEA,CE,Combined TRACON& Tower with Radar,0,40,4,0,44,0,0,0,0,0,0,40,4,0,44,0,0,0,44
12/27/2010,CRW,WV,AEA,CE,Combined TRACON& Tower with Radar,0,60,9,4,73,0,2,3,0,5,0,62,12,4,78,8,0,8,86
12/28/2010,CRW,WV,AEA,CE,Combined TRACON& Tower with Radar,2,58,28,19,107,0,4,23,0,27,2,62,51,19,134,48,52,100,234
12/29/2010,CRW,WV,AEA,CE,Combined TRACON& Tower with Radar,0,60,22,10,92,0,11,49,2,62,0,71,71,12,154,29,46,75,229
12/30/2010,CRW,WV,AEA,CE,Combined TRACON& Tower with Radar,2,60,10,0,72,0,5,14,0,19,2,65,24,0,91,22,4,26,117
12/31/2010,CRW,WV,AEA,CE,Combined TRACON& Tower with Radar,0,50,15,1,66,0,10,16,0,26,0,60,31,1,92,40,18,58,150
01/01/2011,CRW,WV,AEA,CE,Combined TRACON& Tower with Radar,1,38,13,0,52,0,5,2,0,7,1,43,15,0,59,0,0,0,59
01/02/2011,CRW,WV,AEA,CE,Combined TRACON& Tower with Radar,0,45,14,3,62,0,8,19,1,28,0,53,33,4,90,0,4,4,94
01/03/2011,CRW,WV,AEA,CE,Combined TRACON& Tower with Radar,0,54,12,0,66,0,1,44,1,46,0,55,56,1,112,36,6,42,154
01/04/2011,CRW,WV,AEA,CE,Combined TRACON& Tower with Radar,1,65,29,22,117,0,3,33,0,36,1,68,62,22,153,74,28,102,255
01/05/2011,CRW,WV,AEA,CE,Combined TRACON& Tower with Radar,0,62,22,39,123,2,8,50,2,62,2,70,72,41,185,70,22,92,277
01/06/2011,CRW,WV,AEA,CE,Combined TRACON& Tower with Radar,2,62,18,26,108,0,8,17,1,26,2,70,35,27,134,86,78,164,298
01/07/2011,CRW,WV,AEA,CE,Combined TRACON& Tower with Radar,0,61,16,16,93,0,0,9,0,9,0,61,25,16,102,0,0,0,102
01/08/2011,CRW,WV,AEA,CE,Combined TRACON& Tower with Radar,2,44,3,20,69,1,13,1,7,22,3,57,4,27,91,0,18,18,109
01/09/2011,CRW,WV,AEA,CE,Combined TRACON& Tower with Radar,0,50,16,2,68,0,4,11,0,15,0,54,27,2,83,18,0,18,101
01/10/2011,CRW,WV,AEA,CE,Combined TRACON& Tower with Radar,0,57,21,2,80,0,4,6,0,10,0,61,27,2,90,34,0,34,124
01/11/2011,CRW,WV,AEA,CE,Combined TRACON& Tower with Radar,2,37,17,1,57,0,0,1,0,1,2,37,18,1,58,4,0,4,62
01/12/2011,CRW,WV,AEA,CE,Combined TRACON& Tower with Radar,0,59,16,0,75,0,0,0,0,0,0,59,16,0,75,0,0,0,75
01/13/2011,CRW,WV,AEA,CE,Combined TRACON& Tower with Radar,2,68,42,18,130,0,0,5,1,6,2,68,47,19,136,2,58,60,196
01/14/2011,CRW,WV,AEA,CE,Combined TRACON& Tower with Radar,0,63,15,8,86,0,11,30,2,43,0,74,45,10,129,40,60,100,229
01/15/2011,CRW,WV,AEA,CE,Combined TRACON& Tower with Radar,1,44,9,0,54,0,23,5,0,28,1,67,14,0,82,8,0,8,90
01/16/2011,CRW,WV,AEA,CE,Combined TRACON& Tower with Radar,0,53,13,0,66,0,2,6,0,8,0,55,19,0,74,0,0,0,74
01/17/2011,CRW,WV,AEA,CE,Combined TRACON& Tower with Radar,0,48,10,2,60,0,20,51,0,71,0,68,61,2,131,38,0,38,169
01/18/2011,CRW,WV,AEA,CE,Combined TRACON& Tower with Radar,2,64,38,11,115,0,0,12,0,12,2,64,50,11,127,64,32,96,223
01/19/2011,CRW,WV,AEA,CE,Combined TRACON& Tower with Radar,0,72,34,11,117,0,0,0,0,0,0,72,34,11,117,0,50,50,167
01/20/2011,CRW,WV,AEA,CE,Combined TRACON& Tower with Radar,2,68,20,16,106,0,0,6,0,6,2,68,26,16,112,48,36,84,196
01/21/2011,CRW,WV,AEA,CE,Combined TRACON& Tower with Radar,1,68,10,9,88,0,7,11,3,21,1,75,21,12,109,20,0,20,129
01/22/2011,CRW,WV,AEA,CE,Combined TRACON& Tower with Radar,2,35,20,7,64,0,5,12,0,17,2,40,32,7,81,31,0,31,112
01/23/2011,CRW,WV,AEA,CE,Combined TRACON& Tower with Radar,0,48,29,1,78,0,2,7,0,9,0,50,36,1,87,4,0,4,91
01/24/2011,CRW,WV,AEA,CE,Combined TRACON& Tower with Radar,0,56,16,32,104,0,17,24,0,41,0,73,40,32,145,42,0,42,187
01/25/2011,CRW,WV,AEA,CE,Combined TRACON& Tower with Radar,2,76,22,30,130,0,10,40,0,50,2,86,62,30,180,28,76,104,284
01/26/2011,CRW,WV,AEA,CE,Combined TRACON& Tower with Radar,61,17,1,0,79,0,0,0,0,0,61,17,1,0,79,12,0,12,91
01/27/2011,CRW,WV,AEA,CE,Combined TRACON& Tower with Radar,1,66,23,12,102,0,4,14,0,18,1,70,37,12,120,0,0,0,120
01/28/2011,CRW,WV,AEA,CE,Combined TRACON& Tower with Radar,0,66,14,7,87,0,1,1,0,2,0,67,15,7,89,0,0,0,89
01/29/2011,CRW,WV,AEA,CE,Combined TRACON& Tower with Radar,2,43,10,0,55,0,5,17,0,22,2,48,27,0,77,100,0,100,177
01/30/2011,CRW,WV,AEA,CE,Combined TRACON& Tower with Radar,0,55,21,5,81,0,15,38,0,53,0,70,59,5,134,10,0,10,144
01/31/2011,CRW,WV,AEA,CE,Combined TRACON& Tower with Radar,0,69,24,5,98,0,9,25,0,34,0,78,49,5,132,104,0,104,236
02/01/2011,CRW,WV,AEA,CE,Combined TRACON& Tower with Radar,2,66,12,23,103,0,8,14,0,22,2,74,26,23,125,50,4,54,179
02/02/2011,CRW,WV,AEA,CE,Combined TRACON& Tower with Radar,0,59,13,18,90,0,1,4,0,5,0,60,17,18,95,4,0,4,99
02/03/2011,CRW,WV,AEA,CE,Combined TRACON& Tower with Radar,4,60,26,23,113,0,3,12,1,16,4,63,38,24,129,4,14,18,147
02/04/2011,CRW,WV,AEA,CE,Combined TRACON& Tower with Radar,0,53,30,8,91,0,23,27,1,51,0,76,57,9,142,48,0,48,190
02/05/2011,CRW,WV,AEA,CE,Combined TRACON& Tower with Radar,2,40,3,1,46,0,0,5,0,5,2,40,8,1,51,24,0,24,75
02/06/2011,CRW,WV,AEA,CE,Combined TRACON& Tower with Radar,0,50,3,6,59,0,15,9,2,26,0,65,12,8,85,0,0,0,85
02/07/2011,CRW,WV,AEA,CE,Combined TRACON& Tower with Radar,3,61,18,18,100,0,8,15,0,23,3,69,33,18,123,0,0,0,123
02/08/2011,CRW,WV,AEA,CE,Combined TRACON& Tower with Radar,2,69,18,12,101,0,3,2,2,7,2,72,20,14,108,2,0,2,110
02/09/2011,CRW,WV,AEA,CE,Combined TRACON& Tower with Radar,0,67,23,2,92,0,5,8,1,14,0,72,31,3,106,0,0,0,106
02/10/2011,CRW,WV,AEA,CE,Combined TRACON& Tower with Radar,1,77,36,24,138,0,10,30,1,41,1,87,66,25,179,14,0,14,193
02/11/2011,CRW,WV,AEA,CE,Combined TRACON& Tower with Radar,0,62,21,6,89,0,7,32,1,40,0,69,53,7,129,12,0,12,141
02/12/2011,CRW,WV,AEA,CE,Combined TRACON& Tower with Radar,1,43,4,2,50,0,16,23,0,39,1,59,27,2,89,82,0,82,171
02/13/2011,CRW,WV,AEA,CE,Combined TRACON& Tower with Radar,0,52,21,7,80,0,30,4,0,34,0,82,25,7,114,42,0,42,156
02/14/2011,CRW,WV,AEA,CE,Combined TRACON& Tower with Radar,0,61,8,0,69,0,8,13,0,21,0,69,21,0,90,0,0,0,90
02/15/2011,CRW,WV,AEA,CE,Combined TRACON& Tower with Radar,1,76,47,5,129,0,10,48,5,63,1,86,95,10,192,0,0,0,192
02/16/2011,CRW,WV,AEA,CE,Combined TRACON& Tower with Radar,0,63,23,9,95,0,15,23,2,40,0,78,46,11,135,12,26,38,173
02/17/2011,CRW,WV,AEA,CE,Combined TRACON& Tower with Radar,2,65,34,4,105,0,15,24,0,39,2,80,58,4,144,0,0,0,144
02/18/2011,CRW,WV,AEA,CE,Combined TRACON& Tower with Radar,0,61,20,21,102,0,25,40,0,65,0,86,60,21,167,20,50,70,237
02/19/2011,CRW,WV,AEA,CE,Combined TRACON& Tower with Radar,1,39,26,0,66,0,14,34,0,48,1,53,60,0,114,76,0,76,190
02/20/2011,CRW,WV,AEA,CE,Combined TRACON& Tower with Radar,0,53,26,1,80,0,6,15,0,21,0,59,41,1,101,0,0,0,101
02/21/2011,CRW,WV,AEA,CE,Combined TRACON& Tower with Radar,0,55,22,1,78,0,2,12,0,14,0,57,34,1,92,55,0,55,147
02/22/2011,CRW,WV,AEA,CE,Combined TRACON& Tower with Radar,2,66,15,10,93,0,0,0,0,0,2,66,15,10,93,0,0,0,93
02/23/2011,CRW,WV,AEA,CE,Combined TRACON& Tower with Radar,0,74,30,6,110,0,3,29,4,36,0,77,59,10,146,10,0,10,156
02/24/2011,CRW,WV,AEA,CE,Combined TRACON& Tower with Radar,1,66,23,8,98,0,0,2,0,2,1,66,25,8,100,0,0,0,100
02/25/2011,CRW,WV,AEA,CE,Combined TRACON& Tower with Radar,2,60,11,3,76,0,0,1,0,1,2,60,12,3,77,0,0,0,77
02/26/2011,CRW,WV,AEA,CE,Combined TRACON& Tower with Radar,2,46,33,2,83,0,15,50,0,65,2,61,83,2,148,60,0,60,208
02/27/2011,CRW,WV,AEA,CE,Combined TRACON& Tower with Radar,2,51,18,1,72,0,36,17,0,53,2,87,35,1,125,20,0,20,145
02/28/2011,CRW,WV,AEA,CE,Combined TRACON& Tower with Radar,2,53,9,8,72,0,0,0,0,0,2,53,9,8,72,0,0,0,72
03/01/2011,CRW,WV,AEA,CE,Combined TRACON& Tower with Radar,4,82,56,30,172,0,24,54,0,78,4,106,110,30,250,16,42,58,308
03/02/2011,CRW,WV,AEA,CE,Combined TRACON& Tower with Radar,0,64,25,9,98,0,17,50,10,77,0,81,75,19,175,28,20,48,223
03/03/2011,CRW,WV,AEA,CE,Combined TRACON& Tower with Radar,3,72,22,15,112,0,31,56,5,92,3,103,78,20,204,66,86,152,356
03/04/2011,CRW,WV,AEA,CE,Combined TRACON& Tower with Radar,0,65,11,14,90,0,6,15,0,21,0,71,26,14,111,106,6,112,223
03/05/2011,CRW,WV,AEA,CE,Combined TRACON& Tower with Radar,2,39,7,0,48,0,7,5,0,12,2,46,12,0,60,18,0,18,78
03/06/2011,CRW,WV,AEA,CE,Combined TRACON& Tower with Radar,2,50,2,6,60,0,0,0,0,0,2,50,2,6,60,0,0,0,60
03/07/2011,CRW,WV,AEA,CE,Combined TRACON& Tower with Radar,0,59,23,0,82,0,3,26,0,29,0,62,49,0,111,58,0,58,169
03/08/2011,CRW,WV,AEA,CE,Combined TRACON& Tower with Radar,7,67,29,5,108,0,19,11,3,33,7,86,40,8,141,64,0,64,205
03/09/2011,CRW,WV,AEA,CE,Combined TRACON& Tower with Radar,0,63,20,10,93,0,7,5,2,14,0,70,25,12,107,10,22,32,139
03/10/2011,CRW,WV,AEA,CE,Combined TRACON& Tower with Radar,4,62,17,14,97,0,0,2,0,2,4,62,19,14,99,0,0,0,99
03/11/2011,CRW,WV,AEA,CE,Combined TRACON& Tower with Radar,1,63,21,8,93,0,4,5,0,9,1,67,26,8,102,0,10,10,112
03/12/2011,CRW,WV,AEA,CE,Combined TRACON& Tower with Radar,2,42,12,5,61,0,17,21,0,38,2,59,33,5,99,146,0,146,245
03/13/2011,CRW,WV,AEA,CE,Combined TRACON& Tower with Radar,0,55,17,2,74,0,13,26,0,39,0,68,43,2,113,79,0,79,192
03/14/2011,CRW,WV,AEA,CE,Combined TRACON& Tower with Radar,0,62,12,5,79,0,22,11,1,34,0,84,23,6,113,74,32,106,219
03/15/2011,CRW,WV,AEA,CE,Combined TRACON& Tower with Radar,4,70,22,12,108,0,6,16,0,22,4,76,38,12,130,41,0,41,171
03/16/2011,CRW,WV,AEA,CE,Combined TRACON& Tower with Radar,0,74,38,15,127,0,0,24,0,24,0,74,62,15,151,8,20,28,179
03/17/2011,CRW,WV,AEA,CE,Combined TRACON& Tower with Radar,4,69,24,14,111,0,4,54,0,58,4,73,78,14,169,108,0,108,277
03/18/2011,CRW,WV,AEA,CE,Combined TRACON& Tower with Radar,0,63,20,3,86,0,11,15,3,29,0,74,35,6,115,12,0,12,127
03/19/2011,CRW,WV,AEA,CE,Combined TRACON& Tower with Radar,2,49,28,0,79,0,20,43,2,65,2,69,71,2,144,44,0,44,188
03/20/2011,CRW,WV,AEA,CE,Combined TRACON& Tower with Radar,1,55,20,0,76,0,3,12,0,15,1,58,32,0,91,0,0,0,91
03/21/2011,CRW,WV,AEA,CE,Combined TRACON& Tower with Radar,0,62,17,1,80,0,20,11,0,31,0,82,28,1,111,36,0,36,147
03/22/2011,CRW,WV,AEA,CE,Combined TRACON& Tower with Radar,3,69,47,18,137,0,12,22,0,34,3,81,69,18,171,46,18,64,235
03/23/2011,CRW,WV,AEA,CE,Combined TRACON& Tower with Radar,0,65,22,4,91,0,15,9,2,26,0,80,31,6,117,0,16,16,133
03/24/2011,CRW,WV,AEA,CE,Combined TRACON& Tower with Radar,2,66,28,24,120,0,2,16,1,19,2,68,44,25,139,0,72,72,211
03/25/2011,CRW,WV,AEA,CE,Combined TRACON& Tower with Radar,0,70,37,8,115,0,13,37,2,52,0,83,74,10,167,60,0,60,227
03/26/2011,CRW,WV,AEA,CE,Combined TRACON& Tower with Radar,0,52,11,0,63,0,25,18,0,43,0,77,29,0,106,26,0,26,132
03/27/2011,CRW,WV,AEA,CE,Combined TRACON& Tower with Radar,1,56,16,0,73,0,4,0,0,4,1,60,16,0,77,16,0,16,93
03/28/2011,CRW,WV,AEA,CE,Combined TRACON& Tower with Radar,0,54,22,2,78,0,20,41,8,69,0,74,63,10,147,22,2,24,171
03/29/2011,CRW,WV,AEA,CE,Combined TRACON& Tower with Radar,4,64,32,9,109,0,6,34,1,41,4,70,66,10,150,62,2,64,214
03/30/2011,CRW,WV,AEA,CE,Combined TRACON& Tower with Radar,1,71,27,9,108,0,2,2,5,9,1,73,29,14,117,52,0,52,169
03/31/2011,CRW,WV,AEA,CE,Combined TRACON& Tower with Radar,10,81,37,12,140,0,0,0,0,0,10,81,37,12,140,0,0,0,140
04/01/2011,CRW,WV,AEA,CE,Combined TRACON& Tower with Radar,0,62,28,12,102,0,2,8,0,10,0,64,36,12,112,56,0,56,168
04/02/2011,CRW,WV,AEA,CE,Combined TRACON& Tower with Radar,2,43,20,9,74,0,11,6,1,18,2,54,26,10,92,4,18,22,114
04/03/2011,CRW,WV,AEA,CE,Combined TRACON& Tower with Radar,2,60,37,8,107,0,12,23,1,36,2,72,60,9,143,24,12,36,179
04/04/2011,CRW,WV,AEA,CE,Combined TRACON& Tower with Radar,2,59,18,0,79,0,3,5,0,8,2,62,23,0,87,0,0,0,87
04/05/2011,CRW,WV,AEA,CE,Combined TRACON& Tower with Radar,3,63,32,5,103,0,5,20,0,25,3,68,52,5,128,46,20,66,194
04/06/2011,CRW,WV,AEA,CE,Combined TRACON& Tower with Radar,0,66,34,5,105,0,15,30,8,53,0,81,64,13,158,72,0,72,230
04/07/2011,CRW,WV,AEA,CE,Combined TRACON& Tower with Radar,4,77,43,11,135,0,3,43,4,50,4,80,86,15,185,56,10,66,251
04/08/2011,CRW,WV,AEA,CE,Combined TRACON& Tower with Radar,0,62,13,2,77,0,8,11,1,20,0,70,24,3,97,72,0,72,169
04/09/2011,CRW,WV,AEA,CE,Combined TRACON& Tower with Radar,1,45,13,2,61,0,2,7,0,9,1,47,20,2,70,40,0,40,110
04/10/2011,CRW,WV,AEA,CE,Combined TRACON& Tower with Radar,4,56,25,3,88,0,8,33,0,41,4,64,58,3,129,24,0,24,153
04/11/2011,CRW,WV,AEA,CE,Combined TRACON& Tower with Radar,0,61,17,4,82,0,28,9,1,38,0,89,26,5,120,0,0,0,120
04/12/2011,CRW,WV,AEA,CE,Combined TRACON& Tower with Radar,4,63,18,4,89,0,3,4,0,7,4,66,22,4,96,6,0,6,102
04/13/2011,CRW,WV,AEA,CE,Combined TRACON& Tower with Radar,0,60,46,9,115,0,15,52,2,69,0,75,98,11,184,74,40,114,298
04/14/2011,CRW,WV,AEA,CE,Combined TRACON& Tower with Radar,2,65,45,14,126,0,17,54,5,76,2,82,99,19,202,121,40,161,363
04/15/2011,CRW,WV,AEA,CE,Combined TRACON& Tower with Radar,0,67,29,2,98,0,8,28,3,39,0,75,57,5,137,36,0,36,173
04/16/2011,CRW,WV,AEA,CE,Combined TRACON& Tower with Radar,0,52,8,1,61,0,3,5,0,8,0,55,13,1,69,0,0,0,69
04/17/2011,CRW,WV,AEA,CE,Combined TRACON& Tower with Radar,2,52,12,0,66,0,12,7,0,19,2,64,19,0,85,0,0,0,85
04/18/2011,CRW,WV,AEA,CE,Combined TRACON& Tower with Radar,0,63,17,4,84,0,18,16,2,36,0,81,33,6,120,20,0,20,140
04/19/2011,CRW,WV,AEA,CE,Combined TRACON& Tower with Radar,4,63,18,21,106,0,13,2,0,15,4,76,20,21,121,4,36,40,161
04/20/2011,CRW,WV,AEA,CE,Combined TRACON& Tower with Radar,0,59,26,5,90,0,15,15,0,30,0,74,41,5,120,0,0,0,120
04/21/2011,CRW,WV,AEA,CE,Combined TRACON& Tower with Radar,4,72,23,8,107,0,23,49,3,75,4,95,72,11,182,6,20,26,208
04/22/2011,CRW,WV,AEA,CE,Combined TRACON& Tower with Radar,0,61,8,3,72,0,9,4,0,13,0,70,12,3,85,20,0,20,105
04/23/2011,CRW,WV,AEA,CE,Combined TRACON& Tower with Radar,2,44,6,1,53,0,7,3,0,10,2,51,9,1,63,0,0,0,63
04/24/2011,CRW,WV,AEA,CE,Combined TRACON& Tower with Radar,0,56,17,0,73,0,8,5,0,13,0,64,22,0,86,0,0,0,86
04/25/2011,CRW,WV,AEA,CE,Combined TRACON& Tower with Radar,0,60,33,17,110,0,19,35,5,59,0,79,68,22,169,16,0,16,185
04/26/2011,CRW,WV,AEA,CE,Combined TRACON& Tower with Radar,4,61,22,8,95,0,12,17,0,29,4,73,39,8,124,0,2,2,126
04/27/2011,CRW,WV,AEA,CE,Combined TRACON& Tower with Radar,0,54,26,4,84,0,0,2,3,5,0,54,28,7,89,0,12,12,101
04/28/2011,CRW,WV,AEA,CE,Combined TRACON& Tower with Radar,4,66,27,13,110,0,9,16,3,28,4,75,43,16,138,26,10,36,174
04/29/2011,CRW,WV,AEA,CE,Combined TRACON& Tower with Radar,0,71,38,2,111,0,33,23,1,57,0,104,61,3,168,24,26,50,218
04/30/2011,CRW,WV,AEA,CE,Combined TRACON& Tower with Radar,1,42,24,0,67,0,46,32,2,80,1,88,56,2,147,60,0,60,207
05/01/2011,CRW,WV,AEA,CE,Combined TRACON& Tower with Radar,3,50,12,0,65,0,19,0,0,19,3,69,12,0,84,0,0,0,84
05/02/2011,CRW,WV,AEA,CE,Combined TRACON& Tower with Radar,0,55,26,1,82,0,12,16,0,28,0,67,42,1,110,12,0,12,122
05/03/2011,CRW,WV,AEA,CE,Combined TRACON& Tower with Radar,4,67,31,14,116,0,17,10,0,27,4,84,41,14,143,8,0,8,151
05/04/2011,CRW,WV,AEA,CE,Combined TRACON& Tower with Radar,2,73,30,10,115,0,2,4,0,6,2,75,34,10,121,12,0,12,133
05/05/2011,CRW,WV,AEA,CE,Combined TRACON& Tower with Radar,5,71,45,7,128,0,7,39,0,46,5,78,84,7,174,0,20,20,194
05/06/2011,CRW,WV,AEA,CE,Combined TRACON& Tower with Radar,1,55,28,1,85,0,12,20,2,34,1,67,48,3,119,20,6,26,145
05/07/2011,CRW,WV,AEA,CE,Combined TRACON& Tower with Radar,2,47,16,4,69,0,21,40,2,63,2,68,56,6,132,16,0,16,148
05/08/2011,CRW,WV,AEA,CE,Combined TRACON& Tower with Radar,4,54,33,9,100,0,15,8,0,23,4,69,41,9,123,8,0,8,131
05/09/2011,CRW,WV,AEA,CE,Combined TRACON& Tower with Radar,0,58,23,2,83,0,9,46,0,55,0,67,69,2,138,50,0,50,188
05/10/2011,CRW,WV,AEA,CE,Combined TRACON& Tower with Radar,6,71,28,5,110,0,6,26,1,33,6,77,54,6,143,58,0,58,201
05/11/2011,CRW,WV,AEA,CE,Combined TRACON& Tower with Radar,0,75,41,7,123,0,19,35,6,60,0,94,76,13,183,12,0,12,195
05/12/2011,CRW,WV,AEA,CE,Combined TRACON& Tower with Radar,6,78,47,22,153,0,10,54,2,66,6,88,101,24,219,76,24,100,319
05/13/2011,CRW,WV,AEA,CE,Combined TRACON& Tower with Radar,0,64,35,2,101,0,5,21,4,30,0,69,56,6,131,104,8,112,243
05/14/2011,CRW,WV,AEA,CE,Combined TRACON& Tower with Radar,2,52,8,4,66,0,39,9,0,48,2,91,17,4,114,82,0,82,196
05/15/2011,CRW,WV,AEA,CE,Combined TRACON& Tower with Radar,3,51,12,5,71,0,3,2,1,6,3,54,14,6,77,0,4,4,81
05/16/2011,CRW,WV,AEA,CE,Combined TRACON& Tower with Radar,0,60,24,5,89,0,0,4,0,4,0,60,28,5,93,10,0,10,103
05/17/2011,CRW,WV,AEA,CE,Combined TRACON& Tower with Radar,7,76,30,0,113,0,0,0,0,0,7,76,30,0,113,0,0,0,113
05/18/2011,CRW,WV,AEA,CE,Combined TRACON& Tower with Radar,0,65,24,4,93,0,8,12,3,23,0,73,36,7,116,4,0,4,120
05/19/2011,CRW,WV,AEA,CE,Combined TRACON& Tower with Radar,4,69,29,2,104,0,5,6,0,11,4,74,35,2,115,20,30,50,165
05/20/2011,CRW,WV,AEA,CE,Combined TRACON& Tower with Radar,0,69,43,3,115,0,11,34,9,54,0,80,77,12,169,130,0,130,299
05/21/2011,CRW,WV,AEA,CE,Combined TRACON& Tower with Radar,4,40,17,9,70,0,16,37,3,56,4,56,54,12,126,52,0,52,178
05/22/2011,CRW,WV,AEA,CE,Combined TRACON& Tower with Radar,2,51,27,0,80,0,14,14,0,28,2,65,41,0,108,30,0,30,138
05/23/2011,CRW,WV,AEA,CE,Combined TRACON& Tower with Radar,0,63,26,4,93,0,4,13,0,17,0,67,39,4,110,0,8,8,118
05/24/2011,CRW,WV,AEA,CE,Combined TRACON& Tower with Radar,6,73,31,4,114,0,6,38,0,44,6,79,69,4,158,72,0,72,230
05/25/2011,CRW,WV,AEA,CE,Combined TRACON& Tower with Radar,7,54,21,17,99,0,19,36,4,59,7,73,57,21,158,48,10,58,216
05/26/2011,CRW,WV,AEA,CE,Combined TRACON& Tower with Radar,6,63,30,6,105,0,12,20,0,32,6,75,50,6,137,0,0,0,137
05/27/2011,CRW,WV,AEA,CE,Combined TRACON& Tower with Radar,0,56,23,0,79,0,3,20,0,23,0,59,43,0,102,0,0,0,102
05/28/2011,CRW,WV,AEA,CE,Combined TRACON& Tower with Radar,2,44,23,0,69,0,20,35,0,55,2,64,58,0,124,14,0,14,138
05/29/2011,CRW,WV,AEA,CE,Combined TRACON& Tower with Radar,3,41,12,1,57,0,21,22,1,44,3,62,34,2,101,20,0,20,121
05/30/2011,CRW,WV,AEA,CE,Combined TRACON& Tower with Radar,0,51,14,1,66,0,22,26,1,49,0,73,40,2,115,60,2,62,177
05/31/2011,CRW,WV,AEA,CE,Combined TRACON& Tower with Radar,6,58,18,11,93,0,15,31,2,48,6,73,49,13,141,22,16,38,179
06/01/2011,CRW,WV,AEA,CE,Combined TRACON& Tower with Radar,2,64,19,13,98,0,10,24,4,38,2,74,43,17,136,14,54,68,204
06/02/2011,CRW,WV,AEA,CE,Combined TRACON& Tower with Radar,8,64,30,6,108,0,5,34,2,41,8,69,64,8,149,2,0,2,151
06/03/2011,CRW,WV,AEA,CE,Combined TRACON& Tower with Radar,2,66,32,13,113,0,6,38,5,49,2,72,70,18,162,2,8,10,172
06/04/2011,CRW,WV,AEA,CE,Combined TRACON& Tower with Radar,4,46,22,15,87,0,15,38,6,59,4,61,60,21,146,14,40,54,200
06/05/2011,CRW,WV,AEA,CE,Combined TRACON& Tower with Radar,5,51,12,8,76,0,6,12,1,19,5,57,24,9,95,0,0,0,95
06/06/2011,CRW,WV,AEA,CE,Combined TRACON& Tower with Radar,1,61,25,6,93,0,9,21,0,30,1,70,46,6,123,10,10,20,143
06/07/2011,CRW,WV,AEA,CE,Combined TRACON& Tower with Radar,8,66,27,17,118,0,4,24,6,34,8,70,51,23,152,24,16,40,192
06/08/2011,CRW,WV,AEA,CE,Combined TRACON& Tower with Radar,2,73,28,15,118,0,0,48,1,49,2,73,76,16,167,41,34,75,242
06/09/2011,CRW,WV,AEA,CE,Combined TRACON& Tower with Radar,8,64,27,8,107,0,3,41,6,50,8,67,68,14,157,28,16,44,201
06/10/2011,CRW,WV,AEA,CE,Combined TRACON& Tower with Radar,2,56,32,10,100,0,5,28,0,33,2,61,60,10,133,60,12,72,205
06/11/2011,CRW,WV,AEA,CE,Combined TRACON& Tower with Radar,2,48,12,1,63,0,6,15,2,23,2,54,27,3,86,26,6,32,118
06/12/2011,CRW,WV,AEA,CE,Combined TRACON& Tower with Radar,6,55,22,15,98,0,1,21,0,22,6,56,43,15,120,10,0,10,130
06/13/2011,CRW,WV,AEA,CE,Combined TRACON& Tower with Radar,1,58,38,12,109,0,2,37,7,46,1,60,75,19,155,72,16,88,243
06/14/2011,CRW,WV,AEA,CE,Combined TRACON& Tower with Radar,8,62,26,18,114,0,2,43,5,50,8,64,69,23,164,22,46,68,232
06/15/2011,CRW,WV,AEA,CE,Combined TRACON& Tower with Radar,2,56,25,12,95,0,0,19,11,30,2,56,44,23,125,70,34,104,229
06/16/2011,CRW,WV,AEA,CE,Combined TRACON& Tower with Radar,12,63,40,13,128,0,2,27,5,34,12,65,67,18,162,116,4,120,282
06/17/2011,CRW,WV,AEA,CE,Combined TRACON& Tower with Radar,4,59,20,10,93,0,7,21,4,32,4,66,41,14,125,54,0,54,179
06/18/2011,CRW,WV,AEA,CE,Combined TRACON& Tower with Radar,2,54,19,0,75,0,5,37,0,42,2,59,56,0,117,8,0,8,125
06/19/2011,CRW,WV,AEA,CE,Combined TRACON& Tower with Radar,5,55,20,10,90,0,1,7,0,8,5,56,27,10,98,10,0,10,108
06/20/2011,CRW,WV,AEA,CE,Combined TRACON& Tower with Radar,1,64,11,8,84,0,0,12,2,14,1,64,23,10,98,52,0,52,150
06/21/2011,CRW,WV,AEA,CE,Combined TRACON& Tower with Radar,8,53,35,11,107,0,3,27,1,31,8,56,62,12,138,30,18,48,186
06/22/2011,CRW,WV,AEA,CE,Combined TRACON& Tower with Radar,2,59,33,23,117,0,0,38,4,42,2,59,71,27,159,32,16,48,207
06/23/2011,CRW,WV,AEA,CE,Combined TRACON& Tower with Radar,8,57,18,6,89,0,1,29,4,34,8,58,47,10,123,33,10,43,166
06/24/2011,CRW,WV,AEA,CE,Combined TRACON& Tower with Radar,2,60,13,19,94,0,0,27,6,33,2,60,40,25,127,47,24,71,198
06/25/2011,CRW,WV,AEA,CE,Combined TRACON& Tower with Radar,2,50,29,2,83,0,6,27,0,33,2,56,56,2,116,12,0,12,128
06/26/2011,CRW,WV,AEA,CE,Combined TRACON& Tower with Radar,5,51,12,3,71,0,0,8,1,9,5,51,20,4,80,0,0,0,80
06/27/2011,CRW,WV,AEA,CE,Combined TRACON& Tower with Radar,1,62,34,13,110,0,2,24,0,26,1,64,58,13,136,60,16,76,212
06/28/2011,CRW,WV,AEA,CE,Combined TRACON& Tower with Radar,8,63,34,16,121,0,2,19,3,24,8,65,53,19,145,30,12,42,187
06/29/2011,CRW,WV,AEA,CE,Combined TRACON& Tower with Radar,2,66,36,17,121,0,7,54,6,67,2,73,90,23,188,44,34,78,266
06/30/2011,CRW,WV,AEA,CE,Combined TRACON& Tower with Radar,10,76,54,6,146,0,5,57,8,70,10,81,111,14,216,42,26,68,284
07/01/2011,CRW,WV,AEA,CE,Combined TRACON& Tower with Radar,2,68,27,7,104,0,6,40,2,48,2,74,67,9,152,38,10,48,200
07/02/2011,CRW,WV,AEA,CE,Combined TRACON& Tower with Radar,2,48,13,0,63,0,7,22,0,29,2,55,35,0,92,16,0,16,108
07/03/2011,CRW,WV,AEA,CE,Combined TRACON& Tower with Radar,7,46,12,0,65,0,5,18,1,24,7,51,30,1,89,12,0,12,101
07/04/2011,CRW,WV,AEA,CE,Combined TRACON& Tower with Radar,0,51,36,2,89,0,5,21,1,27,0,56,57,3,116,30,0,30,146
07/05/2011,CRW,WV,AEA,CE,Combined TRACON& Tower with Radar,7,59,12,0,78,0,2,28,5,35,7,61,40,5,113,30,0,30,143
07/06/2011,CRW,WV,AEA,CE,Combined TRACON& Tower with Radar,2,60,12,7,81,0,2,25,12,39,2,62,37,19,120,4,41,45,165
07/07/2011,CRW,WV,AEA,CE,Combined TRACON& Tower with Radar,8,59,39,11,117,0,2,43,13,58,8,61,82,24,175,64,86,150,325
07/08/2011,CRW,WV,AEA,CE,Combined TRACON& Tower with Radar,1,54,19,0,74,0,5,5,0,10,1,59,24,0,84,0,0,0,84
07/09/2011,CRW,WV,AEA,CE,Combined TRACON& Tower with Radar,2,40,20,9,71,0,9,14,5,28,2,49,34,14,99,4,0,4,103
07/10/2011,CRW,WV,AEA,CE,Combined TRACON& Tower with Radar,5,62,15,8,90,0,8,21,4,33,5,70,36,12,123,22,0,22,145
07/11/2011,CRW,WV,AEA,CE,Combined TRACON& Tower with Radar,1,65,24,0,90,0,9,30,3,42,1,74,54,3,132,40,0,40,172
07/12/2011,CRW,WV,AEA,CE,Combined TRACON& Tower with Radar,8,69,28,6,111,0,7,27,12,46,8,76,55,18,157,16,12,28,185
07/13/2011,CRW,WV,AEA,CE,Combined TRACON& Tower with Radar,2,57,38,13,110,0,7,43,17,67,2,64,81,30,177,16,22,38,215
07/14/2011,CRW,WV,AEA,CE,Combined TRACON& Tower with Radar,8,67,35,4,114,0,6,57,5,68,8,73,92,9,182,20,0,20,202
07/15/2011,CRW,WV,AEA,CE,Combined TRACON& Tower with Radar,4,62,32,24,122,0,9,28,19,56,4,71,60,43,178,26,0,26,204
07/16/2011,CRW,WV,AEA,CE,Combined TRACON& Tower with Radar,2,43,35,6,86,0,1,27,7,35,2,44,62,13,121,20,12,32,153
07/17/2011,CRW,WV,AEA,CE,Combined TRACON& Tower with Radar,7,49,39,1,96,0,7,21,3,31,7,56,60,4,127,40,0,40,167
07/18/2011,CRW,WV,AEA,CE,Combined TRACON& Tower with Radar,1,56,21,6,84,0,4,16,14,34,1,60,37,20,118,26,0,26,144
07/19/2011,CRW,WV,AEA,CE,Combined TRACON& Tower with Radar,8,59,26,6,99,0,5,12,11,28,8,64,38,17,127,42,0,42,169
07/20/2011,CRW,WV,AEA,CE,Combined TRACON& Tower with Radar,2,67,40,15,124,0,3,21,12,36,2,70,61,27,160,28,6,34,194
07/21/2011,CRW,WV,AEA,CE,Combined TRACON& Tower with Radar,8,62,48,12,130,0,11,48,10,69,8,73,96,22,199,26,0,26,225
07/22/2011,CRW,WV,AEA,CE,Combined TRACON& Tower with Radar,2,65,38,18,123,0,4,14,3,21,2,69,52,21,144,1,0,1,145
07/23/2011,CRW,WV,AEA,CE,Combined TRACON& Tower with Radar,2,60,22,1,85,0,4,18,9,31,2,64,40,10,116,12,0,12,128
07/24/2011,CRW,WV,AEA,CE,Combined TRACON& Tower with Radar,7,42,20,0,69,0,2,14,1,17,7,44,34,1,86,0,0,0,86
07/25/2011,CRW,WV,AEA,CE,Combined TRACON& Tower with Radar,1,62,26,8,97,0,3,10,1,14,1,65,36,9,111,0,0,0,111
07/26/2011,CRW,WV,AEA,CE,Combined TRACON& Tower with Radar,9,60,51,7,127,0,7,26,11,44,9,67,77,18,171,10,18,28,199
07/27/2011,CRW,WV,AEA,CE,Combined TRACON& Tower with Radar,2,63,30,9,104,0,9,35,0,44,2,72,65,9,148,16,0,16,164
07/28/2011,CRW,WV,AEA,CE,Combined TRACON& Tower with Radar,8,59,48,6,121,0,16,55,0,71,8,75,103,6,192,84,2,86,278
07/29/2011,CRW,WV,AEA,CE,Combined TRACON& Tower with Radar,2,59,36,0,97,0,16,28,0,44,2,75,64,0,141,34,0,34,175
07/30/2011,CRW,WV,AEA,CE,Combined TRACON& Tower with Radar,2,55,33,6,96,0,4,13,0,17,2,59,46,6,113,18,0,18,131
07/31/2011,CRW,WV,AEA,CE,Combined TRACON& Tower with Radar,5,47,18,0,70,0,10,17,0,27,5,57,35,0,97,0,0,0,97
08/01/2011,CRW,WV,AEA,CE,Combined TRACON& Tower with Radar,1,55,10,14,80,0,5,20,1,26,1,60,30,15,106,18,14,32,138
08/02/2011,CRW,WV,AEA,CE,Combined TRACON& Tower with Radar,7,63,26,2,98,0,10,40,0,50,7,73,66,2,148,30,0,30,178
08/03/2011,CRW,WV,AEA,CE,Combined TRACON& Tower with Radar,3,57,39,13,112,0,10,30,0,40,3,67,69,13,152,100,18,118,270
08/04/2011,CRW,WV,AEA,CE,Combined TRACON& Tower with Radar,8,63,39,15,125,0,13,24,1,38,8,76,63,16,163,30,10,40,203
08/05/2011,CRW,WV,AEA,CE,Combined TRACON& Tower with Radar,4,67,37,23,131,0,5,41,1,47,4,72,78,24,178,44,20,64,242
08/06/2011,CRW,WV,AEA,CE,Combined TRACON& Tower with Radar,2,44,12,11,69,0,10,5,3,18,2,54,17,14,87,0,0,0,87
08/07/2011,CRW,WV,AEA,CE,Combined TRACON& Tower with Radar,5,59,20,5,89,0,2,2,6,10,5,61,22,11,99,12,0,12,111
08/08/2011,CRW,WV,AEA,CE,Combined TRACON& Tower with Radar,1,54,25,5,85,0,5,24,3,32,1,59,49,8,117,20,0,20,137
08/09/2011,CRW,WV,AEA,CE,Combined TRACON& Tower with Radar,8,64,18,20,110,0,11,11,4,26,8,75,29,24,136,44,24,68,204
08/10/2011,CRW,WV,AEA,CE,Combined TRACON& Tower with Radar,2,62,36,14,114,0,1,48,4,53,2,63,84,18,167,58,14,72,239
08/11/2011,CRW,WV,AEA,CE,Combined TRACON& Tower with Radar,8,64,37,15,124,0,6,42,12,60,8,70,79,27,184,128,25,153,337
08/12/2011,CRW,WV,AEA,CE,Combined TRACON& Tower with Radar,2,61,26,26,115,0,6,29,4,39,2,67,55,30,154,20,0,20,174
08/13/2011,CRW,WV,AEA,CE,Combined TRACON& Tower with Radar,2,46,14,4,66,0,6,8,0,14,2,52,22,4,80,36,0,36,116
08/14/2011,CRW,WV,AEA,CE,Combined TRACON& Tower with Radar,7,48,16,3,74,0,0,7,0,7,7,48,23,3,81,20,0,20,101
08/15/2011,CRW,WV,AEA,CE,Combined TRACON& Tower with Radar,1,58,24,11,94,0,0,5,3,8,1,58,29,14,102,0,0,0,102
08/16/2011,CRW,WV,AEA,CE,Combined TRACON& Tower with Radar,10,53,40,22,125,0,1,32,6,39,10,54,72,28,164,84,18,102,266
08/17/2011,CRW,WV,AEA,CE,Combined TRACON& Tower with Radar,2,68,33,31,134,0,1,38,3,42,2,69,71,34,176,44,18,62,238
08/18/2011,CRW,WV,AEA,CE,Combined TRACON& Tower with Radar,8,60,27,12,107,0,15,30,4,49,8,75,57,16,156,14,0,14,170
08/19/2011,CRW,WV,AEA,CE,Combined TRACON& Tower with Radar,2,60,16,7,85,0,0,20,3,23,2,60,36,10,108,0,0,0,108
08/20/2011,CRW,WV,AEA,CE,Combined TRACON& Tower with Radar,4,41,11,0,56,0,9,25,0,34,4,50,36,0,90,48,0,48,138
08/21/2011,CRW,WV,AEA,CE,Combined TRACON& Tower with Radar,7,53,14,2,76,0,2,2,0,4,7,55,16,2,80,0,0,0,80
08/22/2011,CRW,WV,AEA,CE,Combined TRACON& Tower with Radar,1,55,26,2,84,0,5,34,4,43,1,60,60,6,127,40,0,40,167
08/23/2011,CRW,WV,AEA,CE,Combined TRACON& Tower with Radar,10,55,51,6,122,0,5,47,0,52,10,60,98,6,174,58,0,58,232
08/24/2011,CRW,WV,AEA,CE,Combined TRACON& Tower with Radar,2,61,47,8,118,0,2,37,5,44,2,63,84,13,162,10,0,10,172
08/25/2011,CRW,WV,AEA,CE,Combined TRACON& Tower with Radar,8,61,28,5,102,0,7,18,2,27,8,68,46,7,129,18,0,18,147
08/26/2011,CRW,WV,AEA,CE,Combined TRACON& Tower with Radar,4,58,29,7,98,0,2,12,4,18,4,60,41,11,116,44,0,44,160
08/27/2011,CRW,WV,AEA,CE,Combined TRACON& Tower with Radar,2,49,5,2,58,0,5,5,0,10,2,54,10,2,68,0,0,0,68
08/28/2011,CRW,WV,AEA,CE,Combined TRACON& Tower with Radar,5,36,18,2,61,0,2,15,0,17,5,38,33,2,78,0,2,2,80
08/29/2011,CRW,WV,AEA,CE,Combined TRACON& Tower with Radar,1,56,22,4,83,0,2,17,1,20,1,58,39,5,103,0,0,0,103
08/30/2011,CRW,WV,AEA,CE,Combined TRACON& Tower with Radar,8,56,37,16,117,0,6,39,3,48,8,62,76,19,165,44,0,44,209
08/31/2011,CRW,WV,AEA,CE,Combined TRACON& Tower with Radar,2,61,23,8,94,0,4,25,1,30,2,65,48,9,124,12,0,12,136
09/01/2011,CRW,WV,AEA,CE,Combined TRACON& Tower with Radar,6,60,36,12,114,0,8,39,1,48,6,68,75,13,162,54,10,64,226
09/02/2011,CRW,WV,AEA,CE,Combined TRACON& Tower with Radar,2,58,28,10,98,0,2,33,3,38,2,60,61,13,136,32,0,32,168
09/03/2011,CRW,WV,AEA,CE,Combined TRACON& Tower with Radar,2,43,16,2,63,0,2,30,4,36,2,45,46,6,99,33,0,33,132
09/04/2011,CRW,WV,AEA,CE,Combined TRACON& Tower with Radar,5,34,21,1,61,0,4,21,0,25,5,38,42,1,86,30,0,30,116
09/05/2011,CRW,WV,AEA,CE,Combined TRACON& Tower with Radar,0,45,16,0,61,0,0,0,0,0,0,45,16,0,61,0,0,0,61
09/06/2011,CRW,WV,AEA,CE,Combined TRACON& Tower with Radar,7,51,22,4,84,0,1,3,0,4,7,52,25,4,88,0,0,0,88
09/07/2011,CRW,WV,AEA,CE,Combined TRACON& Tower with Radar,2,56,25,11,94,0,2,13,0,15,2,58,38,11,109,0,8,8,117
09/08/2011,CRW,WV,AEA,CE,Combined TRACON& Tower with Radar,8,54,48,8,118,0,7,15,2,24,8,61,63,10,142,28,20,48,190
09/09/2011,CRW,WV,AEA,CE,Combined TRACON& Tower with Radar,2,61,40,31,134,0,2,21,1,24,2,63,61,32,158,38,0,38,196
09/10/2011,CRW,WV,AEA,CE,Combined TRACON& Tower with Radar,2,37,29,9,77,0,3,16,4,23,2,40,45,13,100,10,0,10,110
09/11/2011,CRW,WV,AEA,CE,Combined TRACON& Tower with Radar,5,40,20,9,74,0,7,10,0,17,5,47,30,9,91,14,0,14,105
09/12/2011,CRW,WV,AEA,CE,Combined TRACON& Tower with Radar,1,53,22,5,81,0,8,27,4,39,1,61,49,9,120,0,0,0,120
09/13/2011,CRW,WV,AEA,CE,Combined TRACON& Tower with Radar,4,50,27,12,93,0,4,33,2,39,4,54,60,14,132,50,8,58,190
09/14/2011,CRW,WV,AEA,CE,Combined TRACON& Tower with Radar,2,53,40,17,112,0,8,39,2,49,2,61,79,19,161,18,46,64,225
09/15/2011,CRW,WV,AEA,CE,Combined TRACON& Tower with Radar,11,61,30,1,103,0,2,0,0,2,11,63,30,1,105,0,0,0,105
09/16/2011,CRW,WV,AEA,CE,Combined TRACON& Tower with Radar,2,59,35,4,100,0,3,25,10,38,2,62,60,14,138,16,0,16,154
09/17/2011,CRW,WV,AEA,CE,Combined TRACON& Tower with Radar,2,43,28,1,74,0,3,20,0,23,2,46,48,1,97,53,0,53,150
09/18/2011,CRW,WV,AEA,CE,Combined TRACON& Tower with Radar,5,49,18,4,76,0,2,32,2,36,5,51,50,6,112,20,0,20,132
09/19/2011,CRW,WV,AEA,CE,Combined TRACON& Tower with Radar,1,51,34,3,89,0,2,12,4,18,1,53,46,7,107,2,0,2,109
09/20/2011,CRW,WV,AEA,CE,Combined TRACON& Tower with Radar,4,53,24,12,93,0,1,8,4,13,4,54,32,16,106,6,0,6,112
09/21/2011,CRW,WV,AEA,CE,Combined TRACON& Tower with Radar,2,54,43,12,111,0,2,18,7,27,2,56,61,19,138,16,34,50,188
09/22/2011,CRW,WV,AEA,CE,Combined TRACON& Tower with Radar,8,63,25,20,116,0,3,17,8,28,8,66,42,28,144,0,22,22,166
09/23/2011,CRW,WV,AEA,CE,Combined TRACON& Tower with Radar,2,56,19,16,93,0,0,2,1,3,2,56,21,17,96,0,0,0,96
09/24/2011,CRW,WV,AEA,CE,Combined TRACON& Tower with Radar,2,41,29,2,74,0,2,3,2,7,2,43,32,4,81,10,0,10,91
09/25/2011,CRW,WV,AEA,CE,Combined TRACON& Tower with Radar,5,56,35,0,96,0,2,18,0,20,5,58,53,0,116,23,0,23,139
09/26/2011,CRW,WV,AEA,CE,Combined TRACON& Tower with Radar,1,49,28,0,78,0,2,12,3,17,1,51,40,3,95,22,0,22,117
09/27/2011,CRW,WV,AEA,CE,Combined TRACON& Tower with Radar,4,55,28,11,98,0,1,28,5,34,4,56,56,16,132,36,16,52,184
09/28/2011,CRW,WV,AEA,CE,Combined TRACON& Tower with Radar,2,62,42,10,116,0,1,51,3,55,2,63,93,13,171,58,16,74,245
09/29/2011,CRW,WV,AEA,CE,Combined TRACON& Tower with Radar,8,63,41,3,115,0,1,30,1,32,8,64,71,4,147,30,0,30,177
09/30/2011,CRW,WV,AEA,CE,Combined TRACON& Tower with Radar,2,50,33,22,107,0,2,22,1,25,2,52,55,23,132,38,22,60,192
10/01/2011,CRW,WV,AEA,CE,Combined TRACON& Tower with Radar,2,45,11,0,58,0,0,1,0,1,2,45,12,0,59,0,0,0,59
10/02/2011,CRW,WV,AEA,CE,Combined TRACON& Tower with Radar,5,49,17,4,75,0,0,8,0,8,5,49,25,4,83,1,0,1,84
10/03/2011,CRW,WV,AEA,CE,Combined TRACON& Tower with Radar,1,46,23,0,70,0,1,17,0,18,1,47,40,0,88,14,0,14,102
10/04/2011,CRW,WV,AEA,CE,Combined TRACON& Tower with Radar,4,55,24,5,88,0,0,12,0,12,4,55,36,5,100,4,0,4,104
10/05/2011,CRW,WV,AEA,CE,Combined TRACON& Tower with Radar,2,60,32,8,102,0,3,37,6,46,2,63,69,14,148,52,20,72,220
10/06/2011,CRW,WV,AEA,CE,Combined TRACON& Tower with Radar,6,57,21,9,93,0,1,37,3,41,6,58,58,12,134,60,4,64,198
10/07/2011,CRW,WV,AEA,CE,Combined TRACON& Tower with Radar,4,57,20,12,93,0,5,45,2,52,4,62,65,14,145,29,30,59,204
10/08/2011,CRW,WV,AEA,CE,Combined TRACON& Tower with Radar,2,42,28,0,72,0,6,36,0,42,2,48,64,0,114,15,0,15,129
10/09/2011,CRW,WV,AEA,CE,Combined TRACON& Tower with Radar,3,49,44,1,97,0,3,36,0,39,3,52,80,1,136,28,0,28,164
10/10/2011,CRW,WV,AEA,CE,Combined TRACON& Tower with Radar,3,58,23,2,86,0,0,29,0,29,3,58,52,2,115,13,0,13,128
10/11/2011,CRW,WV,AEA,CE,Combined TRACON& Tower with Radar,4,55,17,15,91,0,1,18,8,27,4,56,35,23,118,16,20,36,154
10/12/2011,CRW,WV,AEA,CE,Combined TRACON& Tower with Radar,2,69,35,20,126,0,0,5,0,5,2,69,40,20,131,10,46,56,187
10/13/2011,CRW,WV,AEA,CE,Combined TRACON& Tower with Radar,6,58,23,9,96,0,0,3,0,3,6,58,26,9,99,0,0,0,99
10/14/2011,CRW,WV,AEA,CE,Combined TRACON& Tower with Radar,4,58,21,3,86,0,1,12,1,14,4,59,33,4,100,10,0,10,110
10/15/2011,CRW,WV,AEA,CE,Combined TRACON& Tower with Radar,2,43,12,0,57,0,6,13,1,20,2,49,25,1,77,0,0,0,77
10/16/2011,CRW,WV,AEA,CE,Combined TRACON& Tower with Radar,3,48,15,2,68,0,2,18,2,22,3,50,33,4,90,0,0,0,90
10/17/2011,CRW,WV,AEA,CE,Combined TRACON& Tower with Radar,3,54,43,29,129,0,1,48,0,49,3,55,91,29,178,44,0,44,222
10/18/2011,CRW,WV,AEA,CE,Combined TRACON& Tower with Radar,4,53,35,10,102,0,7,21,2,30,4,60,56,12,132,12,0,12,144
10/19/2011,CRW,WV,AEA,CE,Combined TRACON& Tower with Radar,2,75,30,4,111,0,1,4,0,5,2,76,34,4,116,2,0,2,118
10/20/2011,CRW,WV,AEA,CE,Combined TRACON& Tower with Radar,6,57,37,2,102,0,0,2,0,2,6,57,39,2,104,0,0,0,104
10/21/2011,CRW,WV,AEA,CE,Combined TRACON& Tower with Radar,4,59,17,5,85,0,1,18,2,21,4,60,35,7,106,10,0,10,116
10/22/2011,CRW,WV,AEA,CE,Combined TRACON& Tower with Radar,2,44,22,0,68,0,1,26,0,27,2,45,48,0,95,74,0,74,169
10/23/2011,CRW,WV,AEA,CE,Combined TRACON& Tower with Radar,3,47,32,3,85,0,1,28,0,29,3,48,60,3,114,0,0,0,114
10/24/2011,CRW,WV,AEA,CE,Combined TRACON& Tower with Radar,3,46,17,7,73,0,1,15,0,16,3,47,32,7,89,4,15,19,108
10/25/2011,CRW,WV,AEA,CE,Combined TRACON& Tower with Radar,4,55,37,11,107,0,0,27,1,28,4,55,64,12,135,0,0,0,135
10/26/2011,CRW,WV,AEA,CE,Combined TRACON& Tower with Radar,2,56,35,14,107,0,6,20,6,32,2,62,55,20,139,40,18,58,197
10/27/2011,CRW,WV,AEA,CE,Combined TRACON& Tower with Radar,6,61,23,18,108,0,0,10,0,10,6,61,33,18,118,0,6,6,124
10/28/2011,CRW,WV,AEA,CE,Combined TRACON& Tower with Radar,6,60,22,9,97,0,0,8,1,9,6,60,30,10,106,10,26,36,142
10/29/2011,CRW,WV,AEA,CE,Combined TRACON& Tower with Radar,2,37,15,0,54,0,1,7,2,10,2,38,22,2,64,0,0,0,64
10/30/2011,CRW,WV,AEA,CE,Combined TRACON& Tower with Radar,3,52,16,2,73,0,3,41,0,44,3,55,57,2,117,14,0,14,131
10/31/2011,CRW,WV,AEA,CE,Combined TRACON& Tower with Radar,3,53,23,2,81,0,2,20,0,22,3,55,43,2,103,22,0,22,125
11/01/2011,CRW,WV,AEA,CE,Combined TRACON& Tower with Radar,6,52,44,23,125,0,6,38,2,46,6,58,82,25,171,40,0,40,211
11/02/2011,CRW,WV,AEA,CE,Combined TRACON& Tower with Radar,2,51,51,12,116,0,10,43,15,68,2,61,94,27,184,30,66,96,280
11/03/2011,CRW,WV,AEA,CE,Combined TRACON& Tower with Radar,6,56,27,20,109,0,2,29,6,37,6,58,56,26,146,16,24,40,186
11/04/2011,CRW,WV,AEA,CE,Combined TRACON& Tower with Radar,6,59,31,15,111,0,7,11,0,18,6,66,42,15,129,6,6,12,141
11/05/2011,CRW,WV,AEA,CE,Combined TRACON& Tower with Radar,3,37,17,2,59,0,2,33,2,37,3,39,50,4,96,6,0,6,102
11/06/2011,CRW,WV,AEA,CE,Combined TRACON& Tower with Radar,4,50,19,9,82,0,3,22,1,26,4,53,41,10,108,32,12,44,152
11/07/2011,CRW,WV,AEA,CE,Combined TRACON& Tower with Radar,3,53,29,0,85,0,2,28,0,30,3,55,57,0,115,50,0,50,165
11/08/2011,CRW,WV,AEA,CE,Combined TRACON& Tower with Radar,4,55,33,20,112,0,1,52,5,58,4,56,85,25,170,50,30,80,250
11/09/2011,CRW,WV,AEA,CE,Combined TRACON& Tower with Radar,2,56,32,7,97,0,2,18,3,23,2,58,50,10,120,22,14,36,156
11/10/2011,CRW,WV,AEA,CE,Combined TRACON& Tower with Radar,8,58,29,8,103,0,4,14,0,18,8,62,43,8,121,66,6,72,193
11/11/2011,CRW,WV,AEA,CE,Combined TRACON& Tower with Radar,2,59,36,0,97,0,2,20,8,30,2,61,56,8,127,22,0,22,149
11/12/2011,CRW,WV,AEA,CE,Combined TRACON& Tower with Radar,2,43,15,0,60,0,1,22,0,23,2,44,37,0,83,58,0,58,141
11/13/2011,CRW,WV,AEA,CE,Combined TRACON& Tower with Radar,3,48,22,1,74,0,4,8,0,12,3,52,30,1,86,0,0,0,86
11/14/2011,CRW,WV,AEA,CE,Combined TRACON& Tower with Radar,3,61,29,3,96,0,3,7,2,12,3,64,36,5,108,0,0,0,108
11/15/2011,CRW,WV,AEA,CE,Combined TRACON& Tower with Radar,7,52,27,6,92,0,0,6,2,8,7,52,33,8,100,20,0,20,120
11/16/2011,CRW,WV,AEA,CE,Combined TRACON& Tower with Radar,2,52,26,15,95,0,0,0,0,0,2,52,26,15,95,0,0,0,95
11/17/2011,CRW,WV,AEA,CE,Combined TRACON& Tower with Radar,6,64,22,2,94,0,6,16,0,22,6,70,38,2,116,40,14,54,170
11/18/2011,CRW,WV,AEA,CE,Combined TRACON& Tower with Radar,2,58,46,2,108,0,6,35,6,47,2,64,81,8,155,68,0,68,223
11/19/2011,CRW,WV,AEA,CE,Combined TRACON& Tower with Radar,2,42,28,0,72,0,5,39,0,44,2,47,67,0,116,72,0,72,188
11/20/2011,CRW,WV,AEA,CE,Combined TRACON& Tower with Radar,3,37,17,0,57,0,0,1,0,1,3,37,18,0,58,0,0,0,58
11/21/2011,CRW,WV,AEA,CE,Combined TRACON& Tower with Radar,1,43,15,10,69,0,0,3,0,3,1,43,18,10,72,0,0,0,72
11/22/2011,CRW,WV,AEA,CE,Combined TRACON& Tower with Radar,7,60,26,3,96,0,0,2,0,2,7,60,28,3,98,0,10,10,108
11/23/2011,CRW,WV,AEA,CE,Combined TRACON& Tower with Radar,2,60,39,1,102,0,0,4,0,4,2,60,43,1,106,0,0,0,106
11/24/2011,CRW,WV,AEA,CE,Combined TRACON& Tower with Radar,4,32,9,0,45,0,2,10,0,12,4,34,19,0,57,0,0,0,57
11/25/2011,CRW,WV,AEA,CE,Combined TRACON& Tower with Radar,2,43,16,0,61,0,0,24,0,24,2,43,40,0,85,24,0,24,109
11/26/2011,CRW,WV,AEA,CE,Combined TRACON& Tower with Radar,4,46,23,1,74,0,2,44,0,46,4,48,67,1,120,20,0,20,140
11/27/2011,CRW,WV,AEA,CE,Combined TRACON& Tower with Radar,2,48,22,0,72,0,0,16,0,16,2,48,38,0,88,42,0,42,130
11/28/2011,CRW,WV,AEA,CE,Combined TRACON& Tower with Radar,1,51,26,3,81,0,5,16,1,22,1,56,42,4,103,10,0,10,113
11/29/2011,CRW,WV,AEA,CE,Combined TRACON& Tower with Radar,6,60,20,20,106,0,0,10,3,13,6,60,30,23,119,10,20,30,149
11/30/2011,CRW,WV,AEA,CE,Combined TRACON& Tower with Radar,2,55,24,16,97,0,0,8,6,14,2,55,32,22,111,18,32,50,161
12/01/2011,CRW,WV,AEA,CE,Combined TRACON& Tower with Radar,6,57,47,10,120,0,0,41,11,52,6,57,88,21,172,58,30,88,260
12/02/2011,CRW,WV,AEA,CE,Combined TRACON& Tower with Radar,2,63,30,30,125,0,0,34,3,37,2,63,64,33,162,26,20,46,208
12/03/2011,CRW,WV,AEA,CE,Combined TRACON& Tower with Radar,2,44,26,3,75,0,7,35,3,45,2,51,61,6,120,10,0,10,130
12/04/2011,CRW,WV,AEA,CE,Combined TRACON& Tower with Radar,5,50,29,17,101,0,4,23,1,28,5,54,52,18,129,6,0,6,135
12/05/2011,CRW,WV,AEA,CE,Combined TRACON& Tower with Radar,1,52,27,5,85,0,1,18,3,22,1,53,45,8,107,19,0,19,126
12/06/2011,CRW,WV,AEA,CE,Combined TRACON& Tower with Radar,6,45,17,2,70,0,1,0,0,1,6,46,17,2,71,0,0,0,71
12/07/2011,CRW,WV,AEA,CE,Combined TRACON& Tower with Radar,2,42,22,2,68,0,0,0,0,0,2,42,22,2,68,0,0,0,68
12/08/2011,CRW,WV,AEA,CE,Combined TRACON& Tower with Radar,6,70,36,21,133,0,10,29,3,42,6,80,65,24,175,26,6,32,207
12/09/2011,CRW,WV,AEA,CE,Combined TRACON& Tower with Radar,2,57,40,9,108,0,3,29,5,37,2,60,69,14,145,28,16,44,189
12/10/2011,CRW,WV,AEA,CE,Combined TRACON& Tower with Radar,2,45,22,1,70,0,3,28,3,34,2,48,50,4,104,48,6,54,158
12/11/2011,CRW,WV,AEA,CE,Combined TRACON& Tower with Radar,3,49,27,1,80,0,1,26,0,27,3,50,53,1,107,16,0,16,123
12/12/2011,CRW,WV,AEA,CE,Combined TRACON& Tower with Radar,1,55,21,3,80,0,4,39,0,43,1,59,60,3,123,30,0,30,153
12/13/2011,CRW,WV,AEA,CE,Combined TRACON& Tower with Radar,6,57,30,18,111,0,1,31,0,32,6,58,61,18,143,16,22,38,181
12/14/2011,CRW,WV,AEA,CE,Combined TRACON& Tower with Radar,2,67,26,13,108,0,7,27,4,38,2,74,53,17,146,20,20,40,186
12/15/2011,CRW,WV,AEA,CE,Combined TRACON& Tower with Radar,6,64,30,12,112,0,2,15,8,25,6,66,45,20,137,2,16,18,155
12/16/2011,CRW,WV,AEA,CE,Combined TRACON& Tower with Radar,2,57,24,4,87,0,0,11,7,18,2,57,35,11,105,0,0,0,105
12/17/2011,CRW,WV,AEA,CE,Combined TRACON& Tower with Radar,2,43,23,0,68,0,2,17,0,19,2,45,40,0,87,10,0,10,97
12/18/2011,CRW,WV,AEA,CE,Combined TRACON& Tower with Radar,3,35,26,0,64,0,6,37,0,43,3,41,63,0,107,8,0,8,115
12/19/2011,CRW,WV,AEA,CE,Combined TRACON& Tower with Radar,1,51,21,3,76,0,4,17,0,21,1,55,38,3,97,12,0,12,109
12/20/2011,CRW,WV,AEA,CE,Combined TRACON& Tower with Radar,6,58,12,7,83,0,3,11,1,15,6,61,23,8,98,58,0,58,156
12/21/2011,CRW,WV,AEA,CE,Combined TRACON& Tower with Radar,2,60,24,13,99,0,0,8,6,14,2,60,32,19,113,0,20,20,133
12/22/2011,CRW,WV,AEA,CE,Combined TRACON& Tower with Radar,6,63,20,6,95,0,0,7,0,7,6,63,27,6,102,0,0,0,102
12/23/2011,CRW,WV,AEA,CE,Combined TRACON& Tower with Radar,2,52,12,0,66,0,0,3,0,3,2,52,15,0,69,0,0,0,69
12/24/2011,CRW,WV,AEA,CE,Combined TRACON& Tower with Radar,2,39,15,0,56,0,0,3,0,3,2,39,18,0,59,24,0,24,83
12/25/2011,CRW,WV,AEA,CE,Combined TRACON& Tower with Radar,2,35,2,0,39,0,5,7,0,12,2,40,9,0,51,0,0,0,51
12/26/2011,CRW,WV,AEA,CE,Combined TRACON& Tower with Radar,0,64,19,0,83,0,5,16,0,21,0,69,35,0,104,24,0,24,128
12/27/2011,CRW,WV,AEA,CE,Combined TRACON& Tower with Radar,6,50,5,2,63,0,4,0,0,4,6,54,5,2,67,0,0,0,67
12/28/2011,CRW,WV,AEA,CE,Combined TRACON& Tower with Radar,2,56,19,8,85,0,0,17,10,27,2,56,36,18,112,10,8,18,130
12/29/2011,CRW,WV,AEA,CE,Combined TRACON& Tower with Radar,6,53,15,6,80,0,3,23,3,29,6,56,38,9,109,34,2,36,145
12/30/2011,CRW,WV,AEA,CE,Combined TRACON& Tower with Radar,2,57,13,2,74,0,1,4,0,5,2,58,17,2,79,8,0,8,87
12/31/2011,CRW,WV,AEA,CE,Combined TRACON& Tower with Radar,2,46,9,0,57,0,2,0,0,2,2,48,9,0,59,0,0,0,59
01/01/2012,CRW,WV,AEA,CE,Combined TRACON& Tower with Radar,2,55,11,4,72,0,6,4,0,10,2,61,15,4,82,0,0,0,82
01/02/2012,CRW,WV,AEA,CE,Combined TRACON& Tower with Radar,0,53,5,2,60,0,0,1,0,1,0,53,6,2,61,0,0,0,61
01/03/2012,CRW,WV,AEA,CE,Combined TRACON& Tower with Radar,8,51,15,7,81,0,0,3,2,5,8,51,18,9,86,10,0,10,96
01/04/2012,CRW,WV,AEA,CE,Combined TRACON& Tower with Radar,2,51,9,0,62,0,4,17,0,21,2,55,26,0,83,22,0,22,105
01/05/2012,CRW,WV,AEA,CE,Combined TRACON& Tower with Radar,8,57,14,6,85,0,4,24,0,28,8,61,38,6,113,16,10,26,139
01/06/2012,CRW,WV,AEA,CE,Combined TRACON& Tower with Radar,2,55,18,5,80,0,5,28,0,33,2,60,46,5,113,50,0,50,163
01/07/2012,CRW,WV,AEA,CE,Combined TRACON& Tower with Radar,2,38,11,9,60,0,1,7,7,15,2,39,18,16,75,65,14,79,154
01/08/2012,CRW,WV,AEA,CE,Combined TRACON& Tower with Radar,3,46,26,14,89,0,3,25,3,31,3,49,51,17,120,12,0,12,132
01/09/2012,CRW,WV,AEA,CE,Combined TRACON& Tower with Radar,1,54,19,2,76,0,4,14,2,20,1,58,33,4,96,34,10,44,140
01/10/2012,CRW,WV,AEA,CE,Combined TRACON& Tower with Radar,6,55,27,9,97,0,4,29,1,34,6,59,56,10,131,32,4,36,167
01/11/2012,CRW,WV,AEA,CE,Combined TRACON& Tower with Radar,2,56,21,17,96,0,2,13,7,22,2,58,34,24,118,0,0,0,118
01/12/2012,CRW,WV,AEA,CE,Combined TRACON& Tower with Radar,6,56,22,15,99,0,0,3,0,3,6,56,25,15,102,0,20,20,122
01/13/2012,CRW,WV,AEA,CE,Combined TRACON& Tower with Radar,2,54,21,4,81,0,0,0,0,0,2,54,21,4,81,0,0,0,81
01/14/2012,CRW,WV,AEA,CE,Combined TRACON& Tower with Radar,2,42,9,1,54,0,4,13,0,17,2,46,22,1,71,6,0,6,77
01/15/2012,CRW,WV,AEA,CE,Combined TRACON& Tower with Radar,4,40,11,3,58,0,1,10,0,11,4,41,21,3,69,0,0,0,69
01/16/2012,CRW,WV,AEA,CE,Combined TRACON& Tower with Radar,1,52,13,0,66,0,1,16,0,17,1,53,29,0,83,0,0,0,83
01/17/2012,CRW,WV,AEA,CE,Combined TRACON& Tower with Radar,6,66,12,5,89,0,0,3,0,3,6,66,15,5,92,0,16,16,108
01/18/2012,CRW,WV,AEA,CE,Combined TRACON& Tower with Radar,1,54,36,12,103,0,1,16,1,18,1,55,52,13,121,10,64,74,195
01/19/2012,CRW,WV,AEA,CE,Combined TRACON& Tower with Radar,5,59,31,13,108,0,2,23,6,31,5,61,54,19,139,30,28,58,197
01/20/2012,CRW,WV,AEA,CE,Combined TRACON& Tower with Radar,2,49,17,10,78,0,0,20,1,21,2,49,37,11,99,6,0,6,105
01/21/2012,CRW,WV,AEA,CE,Combined TRACON& Tower with Radar,2,37,6,0,45,0,0,0,0,0,2,37,6,0,45,0,0,0,45
01/22/2012,CRW,WV,AEA,CE,Combined TRACON& Tower with Radar,4,44,27,9,84,0,3,16,7,26,4,47,43,16,110,18,16,34,144
01/23/2012,CRW,WV,AEA,CE,Combined TRACON& Tower with Radar,1,60,6,2,69,0,3,2,0,5,1,63,8,2,74,0,0,0,74
01/24/2012,CRW,WV,AEA,CE,Combined TRACON& Tower with Radar,6,51,23,16,96,0,5,18,2,25,6,56,41,18,121,12,26,38,159
01/25/2012,CRW,WV,AEA,CE,Combined TRACON& Tower with Radar,2,53,31,16,102,0,1,21,7,29,2,54,52,23,131,44,32,76,207
01/26/2012,CRW,WV,AEA,CE,Combined TRACON& Tower with Radar,6,60,20,15,101,0,4,5,0,9,6,64,25,15,110,0,0,0,110
01/27/2012,CRW,WV,AEA,CE,Combined TRACON& Tower with Radar,2,55,16,7,80,0,0,4,1,5,2,55,20,8,85,0,0,0,85
01/28/2012,CRW,WV,AEA,CE,Combined TRACON& Tower with Radar,2,38,17,4,61,0,2,9,4,15,2,40,26,8,76,26,0,26,102
01/29/2012,CRW,WV,AEA,CE,Combined TRACON& Tower with Radar,7,40,6,0,53,0,4,7,0,11,7,44,13,0,64,0,0,0,64
01/30/2012,CRW,WV,AEA,CE,Combined TRACON& Tower with Radar,1,51,25,4,81,0,2,28,0,30,1,53,53,4,111,0,0,0,111
01/31/2012,CRW,WV,AEA,CE,Combined TRACON& Tower with Radar,6,59,25,17,107,0,10,30,3,43,6,69,55,20,150,22,6,28,178
02/01/2012,CRW,WV,AEA,CE,Combined TRACON& Tower with Radar,7,51,20,22,100,0,4,7,6,17,7,55,27,28,117,60,94,154,271
02/02/2012,CRW,WV,AEA,CE,Combined TRACON& Tower with Radar,6,56,22,13,97,0,4,13,6,23,6,60,35,19,120,47,24,71,191
02/03/2012,CRW,WV,AEA,CE,Combined TRACON& Tower with Radar,2,54,23,7,86,0,8,36,0,44,2,62,59,7,130,36,0,36,166
02/04/2012,CRW,WV,AEA,CE,Combined TRACON& Tower with Radar,8,38,14,0,60,0,2,4,3,9,8,40,18,3,69,6,0,6,75
02/05/2012,CRW,WV,AEA,CE,Combined TRACON& Tower with Radar,5,40,15,8,68,0,0,4,1,5,5,40,19,9,73,0,0,0,73
02/06/2012,CRW,WV,AEA,CE,Combined TRACON& Tower with Radar,3,53,17,6,79,0,2,19,0,21,3,55,36,6,100,0,6,6,106
02/07/2012,CRW,WV,AEA,CE,Combined TRACON& Tower with Radar,6,51,32,18,107,0,5,24,6,35,6,56,56,24,142,100,56,156,298
02/08/2012,CRW,WV,AEA,CE,Combined TRACON& Tower with Radar,2,60,29,5,96,0,0,2,3,5,2,60,31,8,101,0,0,0,101
02/09/2012,CRW,WV,AEA,CE,Combined TRACON& Tower with Radar,6,61,28,8,103,0,2,27,1,30,6,63,55,9,133,20,0,20,153
02/10/2012,CRW,WV,AEA,CE,Combined TRACON& Tower with Radar,2,58,10,5,75,0,1,11,10,22,2,59,21,15,97,12,0,12,109
02/11/2012,CRW,WV,AEA,CE,Combined TRACON& Tower with Radar,2,37,6,0,45,0,0,0,1,1,2,37,6,1,46,0,0,0,46
02/12/2012,CRW,WV,AEA,CE,Combined TRACON& Tower with Radar,3,44,13,5,65,0,6,1,1,8,3,50,14,6,73,0,20,20,93
02/13/2012,CRW,WV,AEA,CE,Combined TRACON& Tower with Radar,1,51,23,4,79,0,4,35,0,39,1,55,58,4,118,24,0,24,142
02/14/2012,CRW,WV,AEA,CE,Combined TRACON& Tower with Radar,6,54,10,13,83,0,2,5,0,7,6,56,15,13,90,6,0,6,96
02/15/2012,CRW,WV,AEA,CE,Combined TRACON& Tower with Radar,2,55,29,25,111,0,0,23,3,26,2,55,52,28,137,30,52,82,219
02/16/2012,CRW,WV,AEA,CE,Combined TRACON& Tower with Radar,6,52,30,13,101,0,0,2,0,2,6,52,32,13,103,0,0,0,103
02/17/2012,CRW,WV,AEA,CE,Combined TRACON& Tower with Radar,2,53,14,2,71,0,1,35,1,37,2,54,49,3,108,20,10,30,138
02/18/2012,CRW,WV,AEA,CE,Combined TRACON& Tower with Radar,2,42,16,0,60,0,3,34,0,37,2,45,50,0,97,0,0,0,97
02/19/2012,CRW,WV,AEA,CE,Combined TRACON& Tower with Radar,4,38,5,0,47,0,2,0,0,2,4,40,5,0,49,0,0,0,49
02/20/2012,CRW,WV,AEA,CE,Combined TRACON& Tower with Radar,1,59,14,3,77,0,9,25,0,34,1,68,39,3,111,0,0,0,111
02/21/2012,CRW,WV,AEA,CE,Combined TRACON& Tower with Radar,7,60,30,1,98,0,2,5,0,7,7,62,35,1,105,0,0,0,105
02/22/2012,CRW,WV,AEA,CE,Combined TRACON& Tower with Radar,2,65,35,5,107,0,5,21,2,28,2,70,56,7,135,38,0,38,173
02/23/2012,CRW,WV,AEA,CE,Combined TRACON& Tower with Radar,8,55,34,8,105,0,7,30,0,37,8,62,64,8,142,20,8,28,170
02/24/2012,CRW,WV,AEA,CE,Combined TRACON& Tower with Radar,4,60,13,2,79,0,3,3,3,9,4,63,16,5,88,4,0,4,92
02/25/2012,CRW,WV,AEA,CE,Combined TRACON& Tower with Radar,2,41,4,1,48,0,1,5,0,6,2,42,9,1,54,6,0,6,60
02/26/2012,CRW,WV,AEA,CE,Combined TRACON& Tower with Radar,3,47,16,2,68,0,5,18,0,23,3,52,34,2,91,0,0,0,91
02/27/2012,CRW,WV,AEA,CE,Combined TRACON& Tower with Radar,1,51,14,1,67,0,3,15,3,21,1,54,29,4,88,12,10,22,110
02/28/2012,CRW,WV,AEA,CE,Combined TRACON& Tower with Radar,8,52,39,4,103,0,6,44,5,55,8,58,83,9,158,26,18,44,202
02/29/2012,CRW,WV,AEA,CE,Combined TRACON& Tower with Radar,2,51,15,4,72,0,0,4,0,4,2,51,19,4,76,6,0,6,82
03/01/2012,CRW,WV,AEA,CE,Combined TRACON& Tower with Radar,6,55,20,4,85,0,6,19,0,25,6,61,39,4,110,8,0,8,118
03/02/2012,CRW,WV,AEA,CE,Combined TRACON& Tower with Radar,4,52,12,6,74,0,1,2,2,5,4,53,14,8,79,10,0,10,89
03/03/2012,CRW,WV,AEA,CE,Combined TRACON& Tower with Radar,2,46,7,5,60,0,1,9,16,26,2,47,16,21,86,12,0,12,98
03/04/2012,CRW,WV,AEA,CE,Combined TRACON& Tower with Radar,3,44,13,8,68,0,0,0,0,0,3,44,13,8,68,0,0,0,68
03/05/2012,CRW,WV,AEA,CE,Combined TRACON& Tower with Radar,1,56,7,3,67,0,0,2,0,2,1,56,9,3,69,0,0,0,69
03/06/2012,CRW,WV,AEA,CE,Combined TRACON& Tower with Radar,6,61,28,13,108,0,5,40,0,45,6,66,68,13,153,46,0,46,199
03/07/2012,CRW,WV,AEA,CE,Combined TRACON& Tower with Radar,2,61,43,18,124,0,3,29,1,33,2,64,72,19,157,38,26,64,221
03/08/2012,CRW,WV,AEA,CE,Combined TRACON& Tower with Radar,6,61,31,18,116,0,0,15,0,15,6,61,46,18,131,0,0,0,131
03/09/2012,CRW,WV,AEA,CE,Combined TRACON& Tower with Radar,2,56,35,2,95,0,5,24,0,29,2,61,59,2,124,10,0,10,134
03/10/2012,CRW,WV,AEA,CE,Combined TRACON& Tower with Radar,2,41,13,0,56,0,15,37,5,57,2,56,50,5,113,0,0,0,113
03/11/2012,CRW,WV,AEA,CE,Combined TRACON& Tower with Radar,3,41,10,1,55,0,2,33,0,35,3,43,43,1,90,16,0,16,106
03/12/2012,CRW,WV,AEA,CE,Combined TRACON& Tower with Radar,1,51,18,6,76,0,2,11,4,17,1,53,29,10,93,0,0,0,93
03/13/2012,CRW,WV,AEA,CE,Combined TRACON& Tower with Radar,6,59,27,11,103,0,5,30,5,40,6,64,57,16,143,0,8,8,151
03/14/2012,CRW,WV,AEA,CE,Combined TRACON& Tower with Radar,2,57,22,10,91,0,5,45,0,50,2,62,67,10,141,46,24,70,211
03/15/2012,CRW,WV,AEA,CE,Combined TRACON& Tower with Radar,8,55,22,0,85,0,1,16,6,23,8,56,38,6,108,0,0,0,108
03/16/2012,CRW,WV,AEA,CE,Combined TRACON& Tower with Radar,2,56,21,8,87,0,2,11,7,20,2,58,32,15,107,0,8,8,115
03/17/2012,CRW,WV,AEA,CE,Combined TRACON& Tower with Radar,4,39,4,1,48,0,2,4,2,8,4,41,8,3,56,0,0,0,56
03/18/2012,CRW,WV,AEA,CE,Combined TRACON& Tower with Radar,4,47,13,1,65,0,5,8,0,13,4,52,21,1,78,0,0,0,78
03/19/2012,CRW,WV,AEA,CE,Combined TRACON& Tower with Radar,1,55,12,0,68,0,1,15,4,20,1,56,27,4,88,16,0,16,104
03/20/2012,CRW,WV,AEA,CE,Combined TRACON& Tower with Radar,6,56,14,10,86,0,2,27,1,30,6,58,41,11,116,50,12,62,178
03/21/2012,CRW,WV,AEA,CE,Combined TRACON& Tower with Radar,2,59,23,20,104,0,2,36,8,46,2,61,59,28,150,26,44,70,220
03/22/2012,CRW,WV,AEA,CE,Combined TRACON& Tower with Radar,6,55,15,5,81,0,3,33,5,41,6,58,48,10,122,0,0,0,122
03/23/2012,CRW,WV,AEA,CE,Combined TRACON& Tower with Radar,2,54,20,5,81,0,7,26,2,35,2,61,46,7,116,0,16,16,132
03/24/2012,CRW,WV,AEA,CE,Combined TRACON& Tower with Radar,2,39,7,2,50,0,3,5,0,8,2,42,12,2,58,36,0,36,94
03/25/2012,CRW,WV,AEA,CE,Combined TRACON& Tower with Radar,3,45,11,5,64,0,1,4,0,5,3,46,15,5,69,0,0,0,69
03/26/2012,CRW,WV,AEA,CE,Combined TRACON& Tower with Radar,1,53,21,11,86,0,8,24,0,32,1,61,45,11,118,20,14,34,152
03/27/2012,CRW,WV,AEA,CE,Combined TRACON& Tower with Radar,6,60,35,8,109,0,3,52,0,55,6,63,87,8,164,44,8,52,216
03/28/2012,CRW,WV,AEA,CE,Combined TRACON& Tower with Radar,2,58,19,3,82,0,3,10,6,19,2,61,29,9,101,14,0,14,115
03/29/2012,CRW,WV,AEA,CE,Combined TRACON& Tower with Radar,6,58,23,7,94,0,5,39,1,45,6,63,62,8,139,29,0,29,168
03/30/2012,CRW,WV,AEA,CE,Combined TRACON& Tower with Radar,2,57,19,4,82,0,2,15,0,17,2,59,34,4,99,36,0,36,135
03/31/2012,CRW,WV,AEA,CE,Combined TRACON& Tower with Radar,2,39,27,0,68,0,6,5,0,11,2,45,32,0,79,0,0,0,79
04/01/2012,CRW,WV,AEA,CE,Combined TRACON& Tower with Radar,3,42,14,1,60,0,4,17,0,21,3,46,31,1,81,26,0,26,107
04/02/2012,CRW,WV,AEA,CE,Combined TRACON& Tower with Radar,1,59,16,4,80,0,0,25,0,25,1,59,41,4,105,14,0,14,119
04/03/2012,CRW,WV,AEA,CE,Combined TRACON& Tower with Radar,6,52,32,3,93,0,12,23,7,42,6,64,55,10,135,16,0,16,151
04/04/2012,CRW,WV,AEA,CE,Combined TRACON& Tower with Radar,2,57,28,13,100,0,3,11,3,17,2,60,39,16,117,22,10,32,149
04/05/2012,CRW,WV,AEA,CE,Combined TRACON& Tower with Radar,8,59,25,14,106,0,1,9,6,16,8,60,34,20,122,18,50,68,190
04/06/2012,CRW,WV,AEA,CE,Combined TRACON& Tower with Radar,2,57,13,0,72,0,7,16,0,23,2,64,29,0,95,41,0,41,136
04/07/2012,CRW,WV,AEA,CE,Combined TRACON& Tower with Radar,2,41,13,0,56,0,3,31,0,34,2,44,44,0,90,36,0,36,126
04/08/2012,CRW,WV,AEA,CE,Combined TRACON& Tower with Radar,4,49,15,0,68,0,6,16,0,22,4,55,31,0,90,8,0,8,98
04/09/2012,CRW,WV,AEA,CE,Combined TRACON& Tower with Radar,3,55,19,2,79,0,18,14,0,32,3,73,33,2,111,14,6,20,131
04/10/2012,CRW,WV,AEA,CE,Combined TRACON& Tower with Radar,4,56,12,4,76,0,0,13,2,15,4,56,25,6,91,8,0,8,99
04/11/2012,CRW,WV,AEA,CE,Combined TRACON& Tower with Radar,4,56,9,12,81,0,5,20,4,29,4,61,29,16,110,58,23,81,191
04/12/2012,CRW,WV,AEA,CE,Combined TRACON& Tower with Radar,4,59,35,7,105,0,1,31,5,37,4,60,66,12,142,28,0,28,170
04/13/2012,CRW,WV,AEA,CE,Combined TRACON& Tower with Radar,4,55,34,9,102,0,7,43,0,50,4,62,77,9,152,8,0,8,160
04/14/2012,CRW,WV,AEA,CE,Combined TRACON& Tower with Radar,2,39,20,9,70,0,11,25,3,39,2,50,45,12,109,22,20,42,151
04/15/2012,CRW,WV,AEA,CE,Combined TRACON& Tower with Radar,6,48,13,10,77,0,2,13,3,18,6,50,26,13,95,10,0,10,105
04/16/2012,CRW,WV,AEA,CE,Combined TRACON& Tower with Radar,5,52,21,7,85,0,1,15,4,20,5,53,36,11,105,0,0,0,105
04/17/2012,CRW,WV,AEA,CE,Combined TRACON& Tower with Radar,4,54,27,3,88,0,0,27,10,37,4,54,54,13,125,40,6,46,171
04/18/2012,CRW,WV,AEA,CE,Combined TRACON& Tower with Radar,4,56,34,5,99,0,0,11,1,12,4,56,45,6,111,0,0,0,111
04/19/2012,CRW,WV,AEA,CE,Combined TRACON& Tower with Radar,6,59,39,10,114,0,2,28,7,37,6,61,67,17,151,70,36,106,257
04/20/2012,CRW,WV,AEA,CE,Combined TRACON& Tower with Radar,4,52,27,9,92,0,4,16,4,24,4,56,43,13,116,10,5,15,131
04/21/2012,CRW,WV,AEA,CE,Combined TRACON& Tower with Radar,2,39,35,0,76,0,2,1,0,3,2,41,36,0,79,0,0,0,79
04/22/2012,CRW,WV,AEA,CE,Combined TRACON& Tower with Radar,5,45,16,2,68,0,0,1,1,2,5,45,17,3,70,0,0,0,70
04/23/2012,CRW,WV,AEA,CE,Combined TRACON& Tower with Radar,1,54,12,3,70,0,1,8,1,10,1,55,20,4,80,2,0,2,82
04/24/2012,CRW,WV,AEA,CE,Combined TRACON& Tower with Radar,6,62,18,13,99,0,4,9,11,24,6,66,27,24,123,2,4,6,129
04/25/2012,CRW,WV,AEA,CE,Combined TRACON& Tower with Radar,4,55,23,8,90,0,1,24,2,27,4,56,47,10,117,12,18,30,147
04/26/2012,CRW,WV,AEA,CE,Combined TRACON& Tower with Radar,4,60,23,2,89,0,0,9,0,9,4,60,32,2,98,5,0,5,103
04/27/2012,CRW,WV,AEA,CE,Combined TRACON& Tower with Radar,4,59,19,11,93,0,4,19,2,25,4,63,38,13,118,4,0,4,122
04/28/2012,CRW,WV,AEA,CE,Combined TRACON& Tower with Radar,2,34,7,0,43,0,2,2,0,4,2,36,9,0,47,0,0,0,47
04/29/2012,CRW,WV,AEA,CE,Combined TRACON& Tower with Radar,5,46,16,0,67,0,0,15,0,15,5,46,31,0,82,24,0,24,106
04/30/2012,CRW,WV,AEA,CE,Combined TRACON& Tower with Radar,3,53,38,6,100,0,2,23,2,27,3,55,61,8,127,32,0,32,159
05/01/2012,CRW,WV,AEA,CE,Combined TRACON& Tower with Radar,4,57,18,7,86,0,2,13,3,18,4,59,31,10,104,0,0,0,104
05/02/2012,CRW,WV,AEA,CE,Combined TRACON& Tower with Radar,5,61,37,5,108,0,5,22,2,29,5,66,59,7,137,27,0,27,164
05/03/2012,CRW,WV,AEA,CE,Combined TRACON& Tower with Radar,6,64,29,5,104,0,6,34,7,47,6,70,63,12,151,35,0,35,186
05/04/2012,CRW,WV,AEA,CE,Combined TRACON& Tower with Radar,6,54,16,30,106,0,1,6,7,14,6,55,22,37,120,9,18,27,147
05/05/2012,CRW,WV,AEA,CE,Combined TRACON& Tower with Radar,2,42,5,13,62,0,0,1,1,2,2,42,6,14,64,0,0,0,64
05/06/2012,CRW,WV,AEA,CE,Combined TRACON& Tower with Radar,9,49,16,35,109,0,14,21,0,35,9,63,37,35,144,24,20,44,188
05/07/2012,CRW,WV,AEA,CE,Combined TRACON& Tower with Radar,3,52,24,0,79,0,3,28,0,31,3,55,52,0,110,8,0,8,118
05/08/2012,CRW,WV,AEA,CE,Combined TRACON& Tower with Radar,4,52,19,25,100,0,0,7,0,7,4,52,26,25,107,0,0,0,107
05/09/2012,CRW,WV,AEA,CE,Combined TRACON& Tower with Radar,4,64,32,5,105,0,1,18,5,24,4,65,50,10,129,0,4,4,133
05/10/2012,CRW,WV,AEA,CE,Combined TRACON& Tower with Radar,6,56,28,1,91,0,2,34,4,40,6,58,62,5,131,27,0,27,158
05/11/2012,CRW,WV,AEA,CE,Combined TRACON& Tower with Radar,4,56,41,6,107,0,2,38,0,40,4,58,79,6,147,10,2,12,159
05/12/2012,CRW,WV,AEA,CE,Combined TRACON& Tower with Radar,2,43,25,0,70,0,5,34,0,39,2,48,59,0,109,10,0,10,119
05/13/2012,CRW,WV,AEA,CE,Combined TRACON& Tower with Radar,7,51,21,0,79,0,0,9,0,9,7,51,30,0,88,0,0,0,88
05/14/2012,CRW,WV,AEA,CE,Combined TRACON& Tower with Radar,3,51,21,2,77,0,3,2,0,5,3,54,23,2,82,0,0,0,82
05/15/2012,CRW,WV,AEA,CE,Combined TRACON& Tower with Radar,4,66,45,5,120,0,7,13,1,21,4,73,58,6,141,0,0,0,141
05/16/2012,CRW,WV,AEA,CE,Combined TRACON& Tower with Radar,4,56,35,14,109,0,2,33,6,41,4,58,68,20,150,6,4,10,160
05/17/2012,CRW,WV,AEA,CE,Combined TRACON& Tower with Radar,6,58,27,22,113,0,2,34,5,41,6,60,61,27,154,10,8,18,172
05/18/2012,CRW,WV,AEA,CE,Combined TRACON& Tower with Radar,4,54,26,17,101,0,6,38,4,48,4,60,64,21,149,20,0,20,169
05/19/2012,CRW,WV,AEA,CE,Combined TRACON& Tower with Radar,2,40,19,3,64,0,6,20,1,27,2,46,39,4,91,26,2,28,119
05/20/2012,CRW,WV,AEA,CE,Combined TRACON& Tower with Radar,9,44,13,2,68,0,1,24,3,28,9,45,37,5,96,10,0,10,106
05/21/2012,CRW,WV,AEA,CE,Combined TRACON& Tower with Radar,3,49,19,6,77,0,2,25,0,27,3,51,44,6,104,4,6,10,114
05/22/2012,CRW,WV,AEA,CE,Combined TRACON& Tower with Radar,4,53,20,11,88,0,1,10,0,11,4,54,30,11,99,0,0,0,99
05/23/2012,CRW,WV,AEA,CE,Combined TRACON& Tower with Radar,6,52,33,4,95,0,1,16,2,19,6,53,49,6,114,22,0,22,136
05/24/2012,CRW,WV,AEA,CE,Combined TRACON& Tower with Radar,6,59,23,1,89,0,2,25,0,27,6,61,48,1,116,10,0,10,126
05/25/2012,CRW,WV,AEA,CE,Combined TRACON& Tower with Radar,4,60,34,1,99,0,4,36,0,40,4,64,70,1,139,6,0,6,145
05/26/2012,CRW,WV,AEA,CE,Combined TRACON& Tower with Radar,2,37,18,0,57,0,10,21,0,31,2,47,39,0,88,0,0,0,88
05/27/2012,CRW,WV,AEA,CE,Combined TRACON& Tower with Radar,7,41,11,0,59,0,2,15,0,17,7,43,26,0,76,0,0,0,76
05/28/2012,CRW,WV,AEA,CE,Combined TRACON& Tower with Radar,4,42,14,0,60,0,2,18,0,20,4,44,32,0,80,0,0,0,80
05/29/2012,CRW,WV,AEA,CE,Combined TRACON& Tower with Radar,3,56,24,0,83,0,0,13,0,13,3,56,37,0,96,0,0,0,96
05/30/2012,CRW,WV,AEA,CE,Combined TRACON& Tower with Radar,4,59,29,13,105,0,1,28,4,33,4,60,57,17,138,44,0,44,182
05/31/2012,CRW,WV,AEA,CE,Combined TRACON& Tower with Radar,6,63,24,6,99,0,5,47,10,62,6,68,71,16,161,54,2,56,217
06/01/2012,CRW,WV,AEA,CE,Combined TRACON& Tower with Radar,4,50,3,4,61,0,9,6,3,18,4,59,9,7,79,0,0,0,79
06/02/2012,CRW,WV,AEA,CE,Combined TRACON& Tower with Radar,4,44,12,3,63,0,0,13,3,16,4,44,25,6,79,20,0,20,99
06/03/2012,CRW,WV,AEA,CE,Combined TRACON& Tower with Radar,5,49,20,6,80,0,1,6,3,10,5,50,26,9,90,0,10,10,100
06/04/2012,CRW,WV,AEA,CE,Combined TRACON& Tower with Radar,0,58,12,8,78,0,7,26,3,36,0,65,38,11,114,12,0,12,126
06/05/2012,CRW,WV,AEA,CE,Combined TRACON& Tower with Radar,6,58,21,5,90,0,1,23,1,25,6,59,44,6,115,18,15,33,148
06/06/2012,CRW,WV,AEA,CE,Combined TRACON& Tower with Radar,2,69,16,6,93,0,1,12,2,15,2,70,28,8,108,16,14,30,138
06/07/2012,CRW,WV,AEA,CE,Combined TRACON& Tower with Radar,6,64,34,7,111,0,4,32,3,39,6,68,66,10,150,20,16,36,186
06/08/2012,CRW,WV,AEA,CE,Combined TRACON& Tower with Radar,4,59,27,10,100,0,3,32,1,36,4,62,59,11,136,0,4,4,140
06/09/2012,CRW,WV,AEA,CE,Combined TRACON& Tower with Radar,2,45,9,0,56,0,6,33,0,39,2,51,42,0,95,0,0,0,95
06/10/2012,CRW,WV,AEA,CE,Combined TRACON& Tower with Radar,5,45,14,11,75,0,6,18,0,24,5,51,32,11,99,30,0,30,129
06/11/2012,CRW,WV,AEA,CE,Combined TRACON& Tower with Radar,2,59,23,6,90,0,7,10,2,19,2,66,33,8,109,0,0,0,109
06/12/2012,CRW,WV,AEA,CE,Combined TRACON& Tower with Radar,4,62,21,9,96,0,0,19,3,22,4,62,40,12,118,10,0,10,128
06/13/2012,CRW,WV,AEA,CE,Combined TRACON& Tower with Radar,2,57,21,16,96,0,6,25,10,41,2,63,46,26,137,22,30,52,189
06/14/2012,CRW,WV,AEA,CE,Combined TRACON& Tower with Radar,6,59,24,19,108,0,4,41,12,57,6,63,65,31,165,13,0,13,178
06/15/2012,CRW,WV,AEA,CE,Combined TRACON& Tower with Radar,2,53,30,11,96,0,5,34,9,48,2,58,64,20,144,20,0,20,164
06/16/2012,CRW,WV,AEA,CE,Combined TRACON& Tower with Radar,2,46,22,0,70,0,0,30,2,32,2,46,52,2,102,12,0,12,114
06/17/2012,CRW,WV,AEA,CE,Combined TRACON& Tower with Radar,5,45,15,1,66,0,3,6,2,11,5,48,21,3,77,12,0,12,89
06/18/2012,CRW,WV,AEA,CE,Combined TRACON& Tower with Radar,1,52,19,4,76,0,2,11,0,13,1,54,30,4,89,0,0,0,89
06/19/2012,CRW,WV,AEA,CE,Combined TRACON& Tower with Radar,6,60,26,9,101,0,5,19,4,28,6,65,45,13,129,39,14,53,182
06/20/2012,CRW,WV,AEA,CE,Combined TRACON& Tower with Radar,2,61,30,3,96,0,2,35,10,47,2,63,65,13,143,19,0,19,162
06/21/2012,CRW,WV,AEA,CE,Combined TRACON& Tower with Radar,4,58,33,8,103,0,4,22,1,27,4,62,55,9,130,0,5,5,135
06/22/2012,CRW,WV,AEA,CE,Combined TRACON& Tower with Radar,2,56,24,3,85,0,11,18,0,29,2,67,42,3,114,0,0,0,114
06/23/2012,CRW,WV,AEA,CE,Combined TRACON& Tower with Radar,0,43,15,0,58,0,0,20,0,20,0,43,35,0,78,22,0,22,100
06/24/2012,CRW,WV,AEA,CE,Combined TRACON& Tower with Radar,3,49,17,5,74,0,6,19,3,28,3,55,36,8,102,0,0,0,102
06/25/2012,CRW,WV,AEA,CE,Combined TRACON& Tower with Radar,1,61,9,3,74,0,4,10,0,14,1,65,19,3,88,8,0,8,96
06/26/2012,CRW,WV,AEA,CE,Combined TRACON& Tower with Radar,2,67,34,13,116,0,5,30,3,38,2,72,64,16,154,26,4,30,184
06/27/2012,CRW,WV,AEA,CE,Combined TRACON& Tower with Radar,2,57,23,12,94,0,2,32,8,42,2,59,55,20,136,2,16,18,154
06/28/2012,CRW,WV,AEA,CE,Combined TRACON& Tower with Radar,4,54,22,14,94,0,5,39,3,47,4,59,61,17,141,18,16,34,175
06/29/2012,CRW,WV,AEA,CE,Combined TRACON& Tower with Radar,4,61,38,4,107,0,1,30,7,38,4,62,68,11,145,26,0,26,171
06/30/2012,CRW,WV,AEA,CE,Combined TRACON& Tower with Radar,5,46,15,0,66,0,1,26,4,31,5,47,41,4,97,10,0,10,107
07/01/2012,CRW,WV,AEA,CE,Combined TRACON& Tower with Radar,1,47,10,0,58,0,6,30,4,40,1,53,40,4,98,20,0,20,118
07/02/2012,CRW,WV,AEA,CE,Combined TRACON& Tower with Radar,1,56,10,0,67,0,16,38,3,57,1,72,48,3,124,0,0,0,124
07/03/2012,CRW,WV,AEA,CE,Combined TRACON& Tower with Radar,2,52,14,0,68,0,4,31,2,37,2,56,45,2,105,0,0,0,105
07/04/2012,CRW,WV,AEA,CE,Combined TRACON& Tower with Radar,0,37,16,0,53,0,2,13,0,15,0,39,29,0,68,0,0,0,68
07/05/2012,CRW,WV,AEA,CE,Combined TRACON& Tower with Radar,4,46,17,2,69,0,2,26,6,34,4,48,43,8,103,0,0,0,103
07/06/2012,CRW,WV,AEA,CE,Combined TRACON& Tower with Radar,2,53,28,4,87,0,2,38,5,45,2,55,66,9,132,4,0,4,136
07/07/2012,CRW,WV,AEA,CE,Combined TRACON& Tower with Radar,0,40,15,0,55,0,0,24,2,26,0,40,39,2,81,10,0,10,91
07/08/2012,CRW,WV,AEA,CE,Combined TRACON& Tower with Radar,0,0,0,0,0,0,0,0,0,0,0,0,0,0,0,0,0,0,0
07/09/2012,CRW,WV,AEA,CE,Combined TRACON& Tower with Radar,2,47,19,2,70,0,7,18,4,29,2,54,37,6,99,0,0,0,99
07/10/2012,CRW,WV,AEA,CE,Combined TRACON& Tower with Radar,2,62,24,8,96,0,2,21,2,25,2,64,45,10,121,19,0,19,140
07/11/2012,CRW,WV,AEA,CE,Combined TRACON& Tower with Radar,2,64,21,6,93,0,4,25,1,30,2,68,46,7,123,20,12,32,155
07/12/2012,CRW,WV,AEA,CE,Combined TRACON& Tower with Radar,4,58,30,8,100,0,4,16,4,24,4,62,46,12,124,6,0,6,130
07/13/2012,CRW,WV,AEA,CE,Combined TRACON& Tower with Radar,4,55,20,9,88,0,1,0,0,1,4,56,20,9,89,0,0,0,89
07/14/2012,CRW,WV,AEA,CE,Combined TRACON& Tower with Radar,0,49,15,4,68,0,2,10,2,14,0,51,25,6,82,17,20,37,119
07/15/2012,CRW,WV,AEA,CE,Combined TRACON& Tower with Radar,3,52,10,9,74,0,0,11,2,13,3,52,21,11,87,10,4,14,101
07/16/2012,CRW,WV,AEA,CE,Combined TRACON& Tower with Radar,1,56,17,4,78,0,2,36,2,40,1,58,53,6,118,0,0,0,118
07/17/2012,CRW,WV,AEA,CE,Combined TRACON& Tower with Radar,2,60,21,13,96,0,4,33,2,39,2,64,54,15,135,0,14,14,149
07/18/2012,CRW,WV,AEA,CE,Combined TRACON& Tower with Radar,3,54,24,2,83,0,1,16,0,17,3,55,40,2,100,0,0,0,100
07/19/2012,CRW,WV,AEA,CE,Combined TRACON& Tower with Radar,4,64,22,2,92,0,3,28,0,31,4,67,50,2,123,24,0,24,147
07/20/2012,CRW,WV,AEA,CE,Combined TRACON& Tower with Radar,2,60,22,8,92,0,0,26,6,32,2,60,48,14,124,76,0,76,200
07/21/2012,CRW,WV,AEA,CE,Combined TRACON& Tower with Radar,0,55,18,0,73,0,3,7,0,10,0,58,25,0,83,37,0,37,120
07/22/2012,CRW,WV,AEA,CE,Combined TRACON& Tower with Radar,3,51,11,1,66,0,0,12,1,13,3,51,23,2,79,3,0,3,82
07/23/2012,CRW,WV,AEA,CE,Combined TRACON& Tower with Radar,1,53,22,1,77,0,2,23,1,26,1,55,45,2,103,52,0,52,155
07/24/2012,CRW,WV,AEA,CE,Combined TRACON& Tower with Radar,1,53,21,2,77,0,0,17,0,17,1,53,38,2,94,8,0,8,102
07/25/2012,CRW,WV,AEA,CE,Combined TRACON& Tower with Radar,3,56,30,6,95,0,5,31,1,37,3,61,61,7,132,14,4,18,150
07/26/2012,CRW,WV,AEA,CE,Combined TRACON& Tower with Radar,4,53,25,1,83,0,5,19,0,24,4,58,44,1,107,34,0,34,141
07/27/2012,CRW,WV,AEA,CE,Combined TRACON& Tower with Radar,4,55,25,6,90,0,0,24,2,26,4,55,49,8,116,22,0,22,138
07/28/2012,CRW,WV,AEA,CE,Combined TRACON& Tower with Radar,0,46,14,1,61,0,2,34,0,36,0,48,48,1,97,36,0,36,133
07/29/2012,CRW,WV,AEA,CE,Combined TRACON& Tower with Radar,5,60,14,6,85,0,1,24,1,26,5,61,38,7,111,0,0,0,111
07/30/2012,CRW,WV,AEA,CE,Combined TRACON& Tower with Radar,1,55,16,0,72,0,0,26,7,33,1,55,42,7,105,13,0,13,118
07/31/2012,CRW,WV,AEA,CE,Combined TRACON& Tower with Radar,2,51,35,7,95,0,3,27,5,35,2,54,62,12,130,16,26,42,172
08/01/2012,CRW,WV,AEA,CE,Combined TRACON& Tower with Radar,4,63,32,13,112,0,4,30,11,45,4,67,62,24,157,32,54,86,243
08/02/2012,CRW,WV,AEA,CE,Combined TRACON& Tower with Radar,4,63,23,3,93,0,2,42,6,50,4,65,65,9,143,22,0,22,165
08/03/2012,CRW,WV,AEA,CE,Combined TRACON& Tower with Radar,2,58,21,9,90,0,1,25,18,44,2,59,46,27,134,62,0,62,196
08/04/2012,CRW,WV,AEA,CE,Combined TRACON& Tower with Radar,0,48,5,13,66,0,2,20,5,27,0,50,25,18,93,52,40,92,185
08/05/2012,CRW,WV,AEA,CE,Combined TRACON& Tower with Radar,3,52,17,10,82,0,0,6,0,6,3,52,23,10,88,0,0,0,88
08/06/2012,CRW,WV,AEA,CE,Combined TRACON& Tower with Radar,1,57,18,5,81,0,2,12,9,23,1,59,30,14,104,6,0,6,110
08/07/2012,CRW,WV,AEA,CE,Combined TRACON& Tower with Radar,4,56,36,14,110,0,3,34,15,52,4,59,70,29,162,8,0,8,170
08/08/2012,CRW,WV,AEA,CE,Combined TRACON& Tower with Radar,2,63,34,19,118,0,5,51,4,60,2,68,85,23,178,16,10,26,204
08/09/2012,CRW,WV,AEA,CE,Combined TRACON& Tower with Radar,4,56,23,4,87,0,0,14,5,19,4,56,37,9,106,16,0,16,122
08/10/2012,CRW,WV,AEA,CE,Combined TRACON& Tower with Radar,2,62,16,12,92,0,1,1,5,7,2,63,17,17,99,0,0,0,99
08/11/2012,CRW,WV,AEA,CE,Combined TRACON& Tower with Radar,2,48,5,0,55,0,3,12,8,23,2,51,17,8,78,20,0,20,98
08/12/2012,CRW,WV,AEA,CE,Combined TRACON& Tower with Radar,3,50,16,10,79,0,2,15,0,17,3,52,31,10,96,20,0,20,116
08/13/2012,CRW,WV,AEA,CE,Combined TRACON& Tower with Radar,1,53,12,4,70,0,1,35,8,44,1,54,47,12,114,22,0,22,136
08/14/2012,CRW,WV,AEA,CE,Combined TRACON& Tower with Radar,2,57,24,8,91,0,2,13,9,24,2,59,37,17,115,0,0,0,115
08/15/2012,CRW,WV,AEA,CE,Combined TRACON& Tower with Radar,2,54,23,14,93,0,2,24,9,35,2,56,47,23,128,44,16,60,188
08/16/2012,CRW,WV,AEA,CE,Combined TRACON& Tower with Radar,5,56,34,22,117,0,0,34,10,44,5,56,68,32,161,7,28,35,196
08/17/2012,CRW,WV,AEA,CE,Combined TRACON& Tower with Radar,2,53,16,1,72,0,2,22,7,31,2,55,38,8,103,1,0,1,104
08/18/2012,CRW,WV,AEA,CE,Combined TRACON& Tower with Radar,0,39,18,0,57,0,0,12,13,25,0,39,30,13,82,33,0,33,115
08/19/2012,CRW,WV,AEA,CE,Combined TRACON& Tower with Radar,3,47,37,5,92,0,3,30,6,39,3,50,67,11,131,16,0,16,147
08/20/2012,CRW,WV,AEA,CE,Combined TRACON& Tower with Radar,1,55,35,8,99,0,0,23,2,25,1,55,58,10,124,6,0,6,130
08/21/2012,CRW,WV,AEA,CE,Combined TRACON& Tower with Radar,2,53,11,10,76,0,1,31,4,36,2,54,42,14,112,20,30,50,162
08/22/2012,CRW,WV,AEA,CE,Combined TRACON& Tower with Radar,2,52,25,5,84,0,0,29,2,31,2,52,54,7,115,26,0,26,141
08/23/2012,CRW,WV,AEA,CE,Combined TRACON& Tower with Radar,4,61,33,5,103,0,1,38,3,42,4,62,71,8,145,20,24,44,189
08/24/2012,CRW,WV,AEA,CE,Combined TRACON& Tower with Radar,4,55,17,8,84,0,5,19,2,26,4,60,36,10,110,20,0,20,130
08/25/2012,CRW,WV,AEA,CE,Combined TRACON& Tower with Radar,0,36,9,8,53,0,2,23,4,29,0,38,32,12,82,11,32,43,125
08/26/2012,CRW,WV,AEA,CE,Combined TRACON& Tower with Radar,3,51,15,1,70,0,1,26,0,27,3,52,41,1,97,4,0,4,101
08/27/2012,CRW,WV,AEA,CE,Combined TRACON& Tower with Radar,1,54,13,4,72,0,3,18,2,23,1,57,31,6,95,4,0,4,99
08/28/2012,CRW,WV,AEA,CE,Combined TRACON& Tower with Radar,2,57,26,14,99,0,1,16,4,21,2,58,42,18,120,16,0,16,136
08/29/2012,CRW,WV,AEA,CE,Combined TRACON& Tower with Radar,2,62,20,13,97,0,11,31,5,47,2,73,51,18,144,50,20,70,214
08/30/2012,CRW,WV,AEA,CE,Combined TRACON& Tower with Radar,4,63,22,18,107,0,6,30,3,39,4,69,52,21,146,8,40,48,194
08/31/2012,CRW,WV,AEA,CE,Combined TRACON& Tower with Radar,1,64,18,6,89,0,0,36,0,36,1,64,54,6,125,4,0,4,129
09/01/2012,CRW,WV,AEA,CE,Combined TRACON& Tower with Radar,0,36,14,2,52,0,2,6,0,8,0,38,20,2,60,26,0,26,86
09/02/2012,CRW,WV,AEA,CE,Combined TRACON& Tower with Radar,3,26,7,0,36,0,0,5,0,5,3,26,12,0,41,0,0,0,41
09/03/2012,CRW,WV,AEA,CE,Combined TRACON& Tower with Radar,0,45,11,2,58,0,2,8,0,10,0,47,19,2,68,40,0,40,108
09/04/2012,CRW,WV,AEA,CE,Combined TRACON& Tower with Radar,1,61,14,14,90,0,3,16,14,33,1,64,30,28,123,20,38,58,181
09/05/2012,CRW,WV,AEA,CE,Combined TRACON& Tower with Radar,2,56,37,10,105,0,2,20,0,22,2,58,57,10,127,73,22,95,222
09/06/2012,CRW,WV,AEA,CE,Combined TRACON& Tower with Radar,2,65,26,25,118,0,3,26,1,30,2,68,52,26,148,34,10,44,192
09/07/2012,CRW,WV,AEA,CE,Combined TRACON& Tower with Radar,4,54,19,7,84,0,2,28,1,31,4,56,47,8,115,0,4,4,119
09/08/2012,CRW,WV,AEA,CE,Combined TRACON& Tower with Radar,0,36,7,9,52,0,0,7,3,10,0,36,14,12,62,0,0,0,62
09/09/2012,CRW,WV,AEA,CE,Combined TRACON& Tower with Radar,1,48,17,11,77,0,2,18,1,21,1,50,35,12,98,8,0,8,106
09/10/2012,CRW,WV,AEA,CE,Combined TRACON& Tower with Radar,6,60,23,10,99,0,10,30,2,42,6,70,53,12,141,3,0,3,144
09/11/2012,CRW,WV,AEA,CE,Combined TRACON& Tower with Radar,2,51,17,14,84,0,8,34,0,42,2,59,51,14,126,24,0,24,150
09/12/2012,CRW,WV,AEA,CE,Combined TRACON& Tower with Radar,2,65,28,0,95,0,0,59,4,63,2,65,87,4,158,10,0,10,168
09/13/2012,CRW,WV,AEA,CE,Combined TRACON& Tower with Radar,2,62,32,7,103,0,0,26,1,27,2,62,58,8,130,0,0,0,130
09/14/2012,CRW,WV,AEA,CE,Combined TRACON& Tower with Radar,6,58,31,16,111,0,9,36,3,48,6,67,67,19,159,12,12,24,183
09/15/2012,CRW,WV,AEA,CE,Combined TRACON& Tower with Radar,0,39,14,0,53,0,1,13,0,14,0,40,27,0,67,2,0,2,69
09/16/2012,CRW,WV,AEA,CE,Combined TRACON& Tower with Radar,3,54,23,5,85,0,6,18,3,27,3,60,41,8,112,16,0,16,128
09/17/2012,CRW,WV,AEA,CE,Combined TRACON& Tower with Radar,4,55,34,2,95,0,1,21,6,28,4,56,55,8,123,10,0,10,133
09/18/2012,CRW,WV,AEA,CE,Combined TRACON& Tower with Radar,3,59,24,23,109,0,0,2,0,2,3,59,26,23,111,0,40,40,151
09/19/2012,CRW,WV,AEA,CE,Combined TRACON& Tower with Radar,2,67,28,18,115,0,12,44,13,69,2,79,72,31,184,84,34,118,302
09/20/2012,CRW,WV,AEA,CE,Combined TRACON& Tower with Radar,2,63,25,22,112,0,9,21,12,42,2,72,46,34,154,18,16,34,188
09/21/2012,CRW,WV,AEA,CE,Combined TRACON& Tower with Radar,4,58,30,7,99,0,2,36,1,39,4,60,66,8,138,26,0,26,164
09/22/2012,CRW,WV,AEA,CE,Combined TRACON& Tower with Radar,0,38,20,0,58,0,2,11,0,13,0,40,31,0,71,0,0,0,71
09/23/2012,CRW,WV,AEA,CE,Combined TRACON& Tower with Radar,1,50,21,3,75,0,4,33,0,37,1,54,54,3,112,76,0,76,188
09/24/2012,CRW,WV,AEA,CE,Combined TRACON& Tower with Radar,3,48,16,8,75,0,1,23,2,26,3,49,39,10,101,62,0,62,163
09/25/2012,CRW,WV,AEA,CE,Combined TRACON& Tower with Radar,2,57,24,5,88,0,0,12,0,12,2,57,36,5,100,30,0,30,130
09/26/2012,CRW,WV,AEA,CE,Combined TRACON& Tower with Radar,2,55,23,6,86,0,6,16,1,23,2,61,39,7,109,6,22,28,137
09/27/2012,CRW,WV,AEA,CE,Combined TRACON& Tower with Radar,2,55,22,17,96,0,7,20,3,30,2,62,42,20,126,40,40,80,206
09/28/2012,CRW,WV,AEA,CE,Combined TRACON& Tower with Radar,10,100,11,15,136,0,0,0,0,0,10,100,11,15,136,0,0,0,136
09/29/2012,CRW,WV,AEA,CE,Combined TRACON& Tower with Radar,0,40,32,0,72,0,0,15,0,15,0,40,47,0,87,31,0,31,118
09/30/2012,CRW,WV,AEA,CE,Combined TRACON& Tower with Radar,3,48,24,0,75,0,1,24,4,29,3,49,48,4,104,16,0,16,120
10/01/2012,CRW,WV,AEA,CE,Combined TRACON& Tower with Radar,3,45,22,0,70,0,0,10,0,10,3,45,32,0,80,16,0,16,96
10/02/2012,CRW,WV,AEA,CE,Combined TRACON& Tower with Radar,2,57,24,1,84,0,4,16,1,21,2,61,40,2,105,6,4,10,115
10/03/2012,CRW,WV,AEA,CE,Combined TRACON& Tower with Radar,2,75,50,28,155,0,12,34,10,56,2,87,84,38,211,20,64,84,295
10/04/2012,CRW,WV,AEA,CE,Combined TRACON& Tower with Radar,2,59,16,4,81,0,6,35,5,46,2,65,51,9,127,31,12,43,170
10/05/2012,CRW,WV,AEA,CE,Combined TRACON& Tower with Radar,4,58,14,6,82,0,9,40,2,51,4,67,54,8,133,0,0,0,133
10/06/2012,CRW,WV,AEA,CE,Combined TRACON& Tower with Radar,0,37,17,0,54,0,3,8,0,11,0,40,25,0,65,33,0,33,98
10/07/2012,CRW,WV,AEA,CE,Combined TRACON& Tower with Radar,1,54,19,0,74,0,0,7,0,7,1,54,26,0,81,27,0,27,108
10/08/2012,CRW,WV,AEA,CE,Combined TRACON& Tower with Radar,3,54,24,1,82,0,0,4,0,4,3,54,28,1,86,0,0,0,86
10/09/2012,CRW,WV,AEA,CE,Combined TRACON& Tower with Radar,3,62,40,13,118,0,18,17,9,44,3,80,57,22,162,26,14,40,202
10/10/2012,CRW,WV,AEA,CE,Combined TRACON& Tower with Radar,2,62,18,8,90,0,13,21,2,36,2,75,39,10,126,24,42,66,192
10/11/2012,CRW,WV,AEA,CE,Combined TRACON& Tower with Radar,2,56,31,11,100,0,1,29,1,31,2,57,60,12,131,12,10,22,153
10/12/2012,CRW,WV,AEA,CE,Combined TRACON& Tower with Radar,4,55,27,19,105,0,2,29,8,39,4,57,56,27,144,14,20,34,178
10/13/2012,CRW,WV,AEA,CE,Combined TRACON& Tower with Radar,0,39,23,12,74,0,2,29,9,40,0,41,52,21,114,35,80,115,229
10/14/2012,CRW,WV,AEA,CE,Combined TRACON& Tower with Radar,1,44,19,4,68,0,2,11,4,17,1,46,30,8,85,2,0,2,87
10/15/2012,CRW,WV,AEA,CE,Combined TRACON& Tower with Radar,4,52,19,2,77,0,7,6,0,13,4,59,25,2,90,2,0,2,92
10/16/2012,CRW,WV,AEA,CE,Combined TRACON& Tower with Radar,2,62,29,4,97,0,7,36,8,51,2,69,65,12,148,6,10,16,164
10/17/2012,CRW,WV,AEA,CE,Combined TRACON& Tower with Radar,2,66,33,8,109,0,3,46,2,51,2,69,79,10,160,52,12,64,224
10/18/2012,CRW,WV,AEA,CE,Combined TRACON& Tower with Radar,4,49,18,1,72,0,1,10,3,14,4,50,28,4,86,0,0,0,86
10/19/2012,CRW,WV,AEA,CE,Combined TRACON& Tower with Radar,4,59,35,16,114,0,0,22,4,26,4,59,57,20,140,12,12,24,164
10/20/2012,CRW,WV,AEA,CE,Combined TRACON& Tower with Radar,0,40,15,0,55,0,4,3,0,7,0,44,18,0,62,0,0,0,62
10/21/2012,CRW,WV,AEA,CE,Combined TRACON& Tower with Radar,1,46,12,2,61,0,3,29,0,32,1,49,41,2,93,0,0,0,93
10/22/2012,CRW,WV,AEA,CE,Combined TRACON& Tower with Radar,5,56,22,5,88,0,1,21,0,22,5,57,43,5,110,32,10,42,152
10/23/2012,CRW,WV,AEA,CE,Combined TRACON& Tower with Radar,2,66,21,7,96,0,5,26,5,36,2,71,47,12,132,14,48,62,194
10/24/2012,CRW,WV,AEA,CE,Combined TRACON& Tower with Radar,2,57,29,12,100,0,1,34,10,45,2,58,63,22,145,70,20,90,235
10/25/2012,CRW,WV,AEA,CE,Combined TRACON& Tower with Radar,2,58,41,23,124,0,1,49,2,52,2,59,90,25,176,72,45,117,293
10/26/2012,CRW,WV,AEA,CE,Combined TRACON& Tower with Radar,6,56,24,6,92,0,4,39,3,46,6,60,63,9,138,38,0,38,176
10/27/2012,CRW,WV,AEA,CE,Combined TRACON& Tower with Radar,0,36,10,1,47,0,0,1,0,1,0,36,11,1,48,0,0,0,48
10/28/2012,CRW,WV,AEA,CE,Combined TRACON& Tower with Radar,1,39,7,0,47,0,0,0,0,0,1,39,7,0,47,0,0,0,47
10/29/2012,CRW,WV,AEA,CE,Combined TRACON& Tower with Radar,4,20,5,3,32,0,0,0,0,0,4,20,5,3,32,0,0,0,32
10/30/2012,CRW,WV,AEA,CE,Combined TRACON& Tower with Radar,0,9,0,0,9,0,0,0,0,0,0,9,0,0,9,0,0,0,9
10/31/2012,CRW,WV,AEA,CE,Combined TRACON& Tower with Radar,4,35,15,5,59,0,0,6,0,6,4,35,21,5,65,0,0,0,65
11/01/2012,CRW,WV,AEA,CE,Combined TRACON& Tower with Radar,1,54,11,13,79,0,0,15,0,15,1,54,26,13,94,0,0,0,94
11/02/2012,CRW,WV,AEA,CE,Combined TRACON& Tower with Radar,6,56,14,6,82,0,2,41,17,60,6,58,55,23,142,28,0,28,170
11/03/2012,CRW,WV,AEA,CE,Combined TRACON& Tower with Radar,0,35,16,11,62,0,2,31,7,40,0,37,47,18,102,10,21,31,133
11/04/2012,CRW,WV,AEA,CE,Combined TRACON& Tower with Radar,3,44,14,7,68,0,3,21,2,26,3,47,35,9,94,22,42,64,158
11/05/2012,CRW,WV,AEA,CE,Combined TRACON& Tower with Radar,3,46,32,11,92,0,4,20,4,28,3,50,52,15,120,30,0,30,150
11/06/2012,CRW,WV,AEA,CE,Combined TRACON& Tower with Radar,2,51,30,15,98,0,1,22,5,28,2,52,52,20,126,18,30,48,174
11/07/2012,CRW,WV,AEA,CE,Combined TRACON& Tower with Radar,2,57,18,11,88,0,4,29,3,36,2,61,47,14,124,0,36,36,160
11/08/2012,CRW,WV,AEA,CE,Combined TRACON& Tower with Radar,4,59,21,16,100,0,0,17,7,24,4,59,38,23,124,6,0,6,130
11/09/2012,CRW,WV,AEA,CE,Combined TRACON& Tower with Radar,2,55,21,10,88,0,5,30,0,35,2,60,51,10,123,20,14,34,157
11/10/2012,CRW,WV,AEA,CE,Combined TRACON& Tower with Radar,0,36,15,0,51,0,7,35,0,42,0,43,50,0,93,20,0,20,113
11/11/2012,CRW,WV,AEA,CE,Combined TRACON& Tower with Radar,1,47,15,0,63,0,11,23,0,34,1,58,38,0,97,36,0,36,133
11/12/2012,CRW,WV,AEA,CE,Combined TRACON& Tower with Radar,3,52,20,2,77,0,0,8,0,8,3,52,28,2,85,0,0,0,85
11/13/2012,CRW,WV,AEA,CE,Combined TRACON& Tower with Radar,2,59,32,6,99,0,5,19,4,28,2,64,51,10,127,24,0,24,151
11/14/2012,CRW,WV,AEA,CE,Combined TRACON& Tower with Radar,1,54,22,2,79,0,1,10,0,11,1,55,32,2,90,36,0,36,126
11/15/2012,CRW,WV,AEA,CE,Combined TRACON& Tower with Radar,2,64,34,6,106,0,2,34,4,40,2,66,68,10,146,0,0,0,146
11/16/2012,CRW,WV,AEA,CE,Combined TRACON& Tower with Radar,2,56,30,16,104,0,1,23,3,27,2,57,53,19,131,32,32,64,195
11/17/2012,CRW,WV,AEA,CE,Combined TRACON& Tower with Radar,0,36,21,5,62,0,4,30,0,34,0,40,51,5,96,22,0,22,118
11/18/2012,CRW,WV,AEA,CE,Combined TRACON& Tower with Radar,1,37,26,2,66,0,1,24,0,25,1,38,50,2,91,16,6,22,113
11/19/2012,CRW,WV,AEA,CE,Combined TRACON& Tower with Radar,1,57,10,25,93,0,14,13,5,32,1,71,23,30,125,2,18,20,145
11/20/2012,CRW,WV,AEA,CE,Combined TRACON& Tower with Radar,2,60,23,6,91,0,5,25,3,33,2,65,48,9,124,26,0,26,150
11/21/2012,CRW,WV,AEA,CE,Combined TRACON& Tower with Radar,2,56,22,2,82,0,2,23,0,25,2,58,45,2,107,46,0,46,153
11/22/2012,CRW,WV,AEA,CE,Combined TRACON& Tower with Radar,0,26,13,0,39,0,11,19,0,30,0,37,32,0,69,10,0,10,79
11/23/2012,CRW,WV,AEA,CE,Combined TRACON& Tower with Radar,2,38,6,0,46,0,2,4,1,7,2,40,10,1,53,0,0,0,53
11/24/2012,CRW,WV,AEA,CE,Combined TRACON& Tower with Radar,0,52,11,0,63,0,1,5,0,6,0,53,16,0,69,46,0,46,115
11/25/2012,CRW,WV,AEA,CE,Combined TRACON& Tower with Radar,3,48,20,0,71,0,2,22,0,24,3,50,42,0,95,20,0,20,115
11/26/2012,CRW,WV,AEA,CE,Combined TRACON& Tower with Radar,1,53,20,0,74,0,8,17,0,25,1,61,37,0,99,12,0,12,111
11/27/2012,CRW,WV,AEA,CE,Combined TRACON& Tower with Radar,2,60,23,26,111,0,0,5,0,5,2,60,28,26,116,0,58,58,174
11/28/2012,CRW,WV,AEA,CE,Combined TRACON& Tower with Radar,4,60,23,27,114,0,2,27,1,30,4,62,50,28,144,20,6,26,170
11/29/2012,CRW,WV,AEA,CE,Combined TRACON& Tower with Radar,2,60,29,11,102,0,8,33,1,42,2,68,62,12,144,70,8,78,222
11/30/2012,CRW,WV,AEA,CE,Combined TRACON& Tower with Radar,2,59,18,7,86,0,4,15,1,20,2,63,33,8,106,40,24,64,170
12/01/2012,CRW,WV,AEA,CE,Combined TRACON& Tower with Radar,0,42,22,3,67,0,2,27,2,31,0,44,49,5,98,6,0,6,104
12/02/2012,CRW,WV,AEA,CE,Combined TRACON& Tower with Radar,0,43,13,4,60,0,4,4,0,8,0,47,17,4,68,0,0,0,68
12/03/2012,CRW,WV,AEA,CE,Combined TRACON& Tower with Radar,1,61,12,0,74,0,8,18,0,26,1,69,30,0,100,18,0,18,118
12/04/2012,CRW,WV,AEA,CE,Combined TRACON& Tower with Radar,2,60,19,13,94,0,4,8,7,19,2,64,27,20,113,16,18,34,147
12/05/2012,CRW,WV,AEA,CE,Combined TRACON& Tower with Radar,2,63,29,19,113,0,5,15,7,27,2,68,44,26,140,12,74,86,226
12/06/2012,CRW,WV,AEA,CE,Combined TRACON& Tower with Radar,2,63,30,26,121,6,4,36,13,59,8,67,66,39,180,18,64,82,262
12/07/2012,CRW,WV,AEA,CE,Combined TRACON& Tower with Radar,2,62,25,6,95,0,0,3,4,7,2,62,28,10,102,16,0,16,118
12/08/2012,CRW,WV,AEA,CE,Combined TRACON& Tower with Radar,0,36,16,0,52,0,1,3,0,4,0,37,19,0,56,0,12,12,68
12/09/2012,CRW,WV,AEA,CE,Combined TRACON& Tower with Radar,1,27,13,0,41,0,0,0,0,0,1,27,13,0,41,0,0,0,41
12/10/2012,CRW,WV,AEA,CE,Combined TRACON& Tower with Radar,3,51,14,3,71,0,0,1,0,1,3,51,15,3,72,0,0,0,72
12/11/2012,CRW,WV,AEA,CE,Combined TRACON& Tower with Radar,2,55,31,16,104,0,0,14,2,16,2,55,45,18,120,0,24,24,144
12/12/2012,CRW,WV,AEA,CE,Combined TRACON& Tower with Radar,2,55,21,8,86,0,5,15,6,26,2,60,36,14,112,0,0,0,112
12/13/2012,CRW,WV,AEA,CE,Combined TRACON& Tower with Radar,2,57,40,6,105,0,0,17,0,17,2,57,57,6,122,46,4,50,172
12/14/2012,CRW,WV,AEA,CE,Combined TRACON& Tower with Radar,2,56,28,6,92,0,1,28,4,33,2,57,56,10,125,16,0,16,141
12/15/2012,CRW,WV,AEA,CE,Combined TRACON& Tower with Radar,0,47,12,1,60,0,3,27,0,30,0,50,39,1,90,56,0,56,146
12/16/2012,CRW,WV,AEA,CE,Combined TRACON& Tower with Radar,1,39,8,2,50,0,0,0,0,0,1,39,8,2,50,14,0,14,64
12/17/2012,CRW,WV,AEA,CE,Combined TRACON& Tower with Radar,1,45,16,16,78,0,0,6,0,6,1,45,22,16,84,20,14,34,118
12/18/2012,CRW,WV,AEA,CE,Combined TRACON& Tower with Radar,2,55,29,27,113,0,1,11,4,16,2,56,40,31,129,0,12,12,141
12/19/2012,CRW,WV,AEA,CE,Combined TRACON& Tower with Radar,2,55,42,9,108,0,3,48,8,59,2,58,90,17,167,44,34,78,245
12/20/2012,CRW,WV,AEA,CE,Combined TRACON& Tower with Radar,2,59,14,14,89,0,0,0,0,0,2,59,14,14,89,0,0,0,89
12/21/2012,CRW,WV,AEA,CE,Combined TRACON& Tower with Radar,1,48,7,0,56,0,0,0,0,0,1,48,7,0,56,0,0,0,56
12/22/2012,CRW,WV,AEA,CE,Combined TRACON& Tower with Radar,1,43,17,1,62,0,1,7,0,8,1,44,24,1,70,30,28,58,128
12/23/2012,CRW,WV,AEA,CE,Combined TRACON& Tower with Radar,1,42,7,0,50,0,5,11,0,16,1,47,18,0,66,28,0,28,94
12/24/2012,CRW,WV,AEA,CE,Combined TRACON& Tower with Radar,1,37,0,0,38,0,0,0,0,0,1,37,0,0,38,0,0,0,38
12/25/2012,CRW,WV,AEA,CE,Combined TRACON& Tower with Radar,0,35,3,0,38,0,0,0,0,0,0,35,3,0,38,0,0,0,38
12/26/2012,CRW,WV,AEA,CE,Combined TRACON& Tower with Radar,2,42,5,0,49,0,0,0,0,0,2,42,5,0,49,0,0,0,49
12/27/2012,CRW,WV,AEA,CE,Combined TRACON& Tower with Radar,2,62,19,21,104,0,5,0,0,5,2,67,19,21,109,0,12,12,121
12/28/2012,CRW,WV,AEA,CE,Combined TRACON& Tower with Radar,2,49,8,3,62,0,1,26,0,27,2,50,34,3,89,54,4,58,147
12/29/2012,CRW,WV,AEA,CE,Combined TRACON& Tower with Radar,0,44,3,0,47,0,0,0,0,0,0,44,3,0,47,0,0,0,47
12/30/2012,CRW,WV,AEA,CE,Combined TRACON& Tower with Radar,1,61,36,0,98,0,1,0,0,1,1,62,36,0,99,2,0,2,101
12/31/2012,CRW,WV,AEA,CE,Combined TRACON& Tower with Radar,1,36,15,0,52,0,2,17,0,19,1,38,32,0,71,28,0,28,99
01/01/2013,CRW,WV,AEA,CE,Combined TRACON& Tower with Radar,0,47,8,7,62,0,0,0,0,0,0,47,8,7,62,0,0,0,62
01/02/2013,CRW,WV,AEA,CE,Combined TRACON& Tower with Radar,2,55,7,6,70,0,0,11,5,16,2,55,18,11,86,42,24,66,152
01/03/2013,CRW,WV,AEA,CE,Combined TRACON& Tower with Radar,2,51,22,7,82,0,2,30,3,35,2,53,52,10,117,38,14,52,169
01/04/2013,CRW,WV,AEA,CE,Combined TRACON& Tower with Radar,2,47,17,10,76,0,1,19,0,20,2,48,36,10,96,0,4,4,100
01/05/2013,CRW,WV,AEA,CE,Combined TRACON& Tower with Radar,0,35,9,2,46,0,4,27,2,33,0,39,36,4,79,70,0,70,149
01/06/2013,CRW,WV,AEA,CE,Combined TRACON& Tower with Radar,1,44,15,11,71,0,0,13,5,18,1,44,28,16,89,17,30,47,136
01/07/2013,CRW,WV,AEA,CE,Combined TRACON& Tower with Radar,1,43,26,7,77,0,3,26,1,30,1,46,52,8,107,28,0,28,135
01/08/2013,CRW,WV,AEA,CE,Combined TRACON& Tower with Radar,2,45,26,10,83,0,3,25,2,30,2,48,51,12,113,0,26,26,139
01/09/2013,CRW,WV,AEA,CE,Combined TRACON& Tower with Radar,2,48,22,23,95,0,3,15,2,20,2,51,37,25,115,10,66,76,191
01/10/2013,CRW,WV,AEA,CE,Combined TRACON& Tower with Radar,3,50,12,13,78,0,2,10,15,27,3,52,22,28,105,14,18,32,137
01/11/2013,CRW,WV,AEA,CE,Combined TRACON& Tower with Radar,2,51,9,5,67,0,1,4,0,5,2,52,13,5,72,0,0,0,72
01/12/2013,CRW,WV,AEA,CE,Combined TRACON& Tower with Radar,0,32,16,5,53,0,2,11,7,20,0,34,27,12,73,40,0,40,113
01/13/2013,CRW,WV,AEA,CE,Combined TRACON& Tower with Radar,1,31,10,3,45,0,1,4,0,5,1,32,14,3,50,28,0,28,78
01/14/2013,CRW,WV,AEA,CE,Combined TRACON& Tower with Radar,2,45,15,9,71,0,0,4,0,4,2,45,19,9,75,0,0,0,75
01/15/2013,CRW,WV,AEA,CE,Combined TRACON& Tower with Radar,0,57,14,4,75,0,0,0,0,0,0,57,14,4,75,0,0,0,75
01/16/2013,CRW,WV,AEA,CE,Combined TRACON& Tower with Radar,2,59,14,0,75,0,0,0,0,0,2,59,14,0,75,0,0,0,75
01/17/2013,CRW,WV,AEA,CE,Combined TRACON& Tower with Radar,2,47,13,12,74,0,0,16,0,16,2,47,29,12,90,120,0,120,210
01/18/2013,CRW,WV,AEA,CE,Combined TRACON& Tower with Radar,3,57,14,19,93,0,1,26,0,27,3,58,40,19,120,50,10,60,180
01/19/2013,CRW,WV,AEA,CE,Combined TRACON& Tower with Radar,0,32,8,3,43,0,3,16,0,19,0,35,24,3,62,52,0,52,114
01/20/2013,CRW,WV,AEA,CE,Combined TRACON& Tower with Radar,1,32,18,3,54,0,1,13,1,15,1,33,31,4,69,12,0,12,81
01/21/2013,CRW,WV,AEA,CE,Combined TRACON& Tower with Radar,1,50,18,4,73,0,3,14,0,17,1,53,32,4,90,46,0,46,136
01/22/2013,CRW,WV,AEA,CE,Combined TRACON& Tower with Radar,2,52,16,5,75,0,3,8,8,19,2,55,24,13,94,6,6,12,106
01/23/2013,CRW,WV,AEA,CE,Combined TRACON& Tower with Radar,2,56,22,31,111,0,0,6,5,11,2,56,28,36,122,16,34,50,172
01/24/2013,CRW,WV,AEA,CE,Combined TRACON& Tower with Radar,2,54,17,17,90,0,0,5,8,13,2,54,22,25,103,4,76,80,183
01/25/2013,CRW,WV,AEA,CE,Combined TRACON& Tower with Radar,2,42,7,6,57,0,0,1,0,1,2,42,8,6,58,0,0,0,58
01/26/2013,CRW,WV,AEA,CE,Combined TRACON& Tower with Radar,0,34,15,1,50,0,0,5,0,5,0,34,20,1,55,52,0,52,107
01/27/2013,CRW,WV,AEA,CE,Combined TRACON& Tower with Radar,1,39,4,0,44,0,8,19,2,29,1,47,23,2,73,32,0,32,105
01/28/2013,CRW,WV,AEA,CE,Combined TRACON& Tower with Radar,1,43,11,4,59,0,0,8,0,8,1,43,19,4,67,6,0,6,73
01/29/2013,CRW,WV,AEA,CE,Combined TRACON& Tower with Radar,2,51,34,39,126,0,1,25,2,28,2,52,59,41,154,36,76,112,266
01/30/2013,CRW,WV,AEA,CE,Combined TRACON& Tower with Radar,2,44,4,4,54,0,2,0,0,2,2,46,4,4,56,0,0,0,56
01/31/2013,CRW,WV,AEA,CE,Combined TRACON& Tower with Radar,2,55,12,10,79,0,0,3,0,3,2,55,15,10,82,0,6,6,88
02/01/2013,CRW,WV,AEA,CE,Combined TRACON& Tower with Radar,2,51,17,8,78,0,6,8,2,16,2,57,25,10,94,0,0,0,94
02/02/2013,CRW,WV,AEA,CE,Combined TRACON& Tower with Radar,0,31,1,2,34,0,0,1,0,1,0,31,2,2,35,0,0,0,35
02/03/2013,CRW,WV,AEA,CE,Combined TRACON& Tower with Radar,1,39,12,3,55,0,0,2,0,2,1,39,14,3,57,0,0,0,57
02/04/2013,CRW,WV,AEA,CE,Combined TRACON& Tower with Radar,1,43,5,11,60,0,4,14,0,18,1,47,19,11,78,22,0,22,100
02/05/2013,CRW,WV,AEA,CE,Combined TRACON& Tower with Radar,2,55,21,17,95,0,2,6,0,8,2,57,27,17,103,8,10,18,121
02/06/2013,CRW,WV,AEA,CE,Combined TRACON& Tower with Radar,2,58,24,50,134,0,0,16,0,16,2,58,40,50,150,14,36,50,200
02/07/2013,CRW,WV,AEA,CE,Combined TRACON& Tower with Radar,2,54,25,14,95,0,6,32,4,42,2,60,57,18,137,16,20,36,173
02/08/2013,CRW,WV,AEA,CE,Combined TRACON& Tower with Radar,2,49,11,5,67,0,0,5,0,5,2,49,16,5,72,0,0,0,72
02/09/2013,CRW,WV,AEA,CE,Combined TRACON& Tower with Radar,0,29,15,0,44,0,8,33,0,41,0,37,48,0,85,22,0,22,107
02/10/2013,CRW,WV,AEA,CE,Combined TRACON& Tower with Radar,1,33,6,1,41,0,14,17,0,31,1,47,23,1,72,32,0,32,104
02/11/2013,CRW,WV,AEA,CE,Combined TRACON& Tower with Radar,1,54,9,0,64,0,2,6,6,14,1,56,15,6,78,0,0,0,78
02/12/2013,CRW,WV,AEA,CE,Combined TRACON& Tower with Radar,2,55,11,34,102,0,9,33,12,54,2,64,44,46,156,10,52,62,218
02/13/2013,CRW,WV,AEA,CE,Combined TRACON& Tower with Radar,2,52,7,40,101,0,1,3,3,7,2,53,10,43,108,1,2,3,111
02/14/2013,CRW,WV,AEA,CE,Combined TRACON& Tower with Radar,2,57,18,2,79,0,5,37,1,43,2,62,55,3,122,44,4,48,170
02/15/2013,CRW,WV,AEA,CE,Combined TRACON& Tower with Radar,2,56,18,5,81,0,1,6,0,7,2,57,24,5,88,0,0,0,88
02/16/2013,CRW,WV,AEA,CE,Combined TRACON& Tower with Radar,0,31,8,0,39,0,1,26,2,29,0,32,34,2,68,48,0,48,116
02/17/2013,CRW,WV,AEA,CE,Combined TRACON& Tower with Radar,1,43,10,1,55,0,2,2,0,4,1,45,12,1,59,0,10,10,69
02/18/2013,CRW,WV,AEA,CE,Combined TRACON& Tower with Radar,1,49,13,1,64,0,21,28,0,49,1,70,41,1,113,20,0,20,133
02/19/2013,CRW,WV,AEA,CE,Combined TRACON& Tower with Radar,2,54,22,18,96,0,2,4,0,6,2,56,26,18,102,0,16,16,118
02/20/2013,CRW,WV,AEA,CE,Combined TRACON& Tower with Radar,1,46,18,16,81,0,1,11,6,18,1,47,29,22,99,6,56,62,161
02/21/2013,CRW,WV,AEA,CE,Combined TRACON& Tower with Radar,3,56,25,12,96,0,5,19,1,25,3,61,44,13,121,34,0,34,155
02/22/2013,CRW,WV,AEA,CE,Combined TRACON& Tower with Radar,2,47,20,7,76,0,0,6,2,8,2,47,26,9,84,0,0,0,84
02/23/2013,CRW,WV,AEA,CE,Combined TRACON& Tower with Radar,0,39,13,2,54,0,2,19,0,21,0,41,32,2,75,18,0,18,93
02/24/2013,CRW,WV,AEA,CE,Combined TRACON& Tower with Radar,1,44,10,2,57,0,15,16,0,31,1,59,26,2,88,6,0,6,94
02/25/2013,CRW,WV,AEA,CE,Combined TRACON& Tower with Radar,1,50,28,13,92,0,6,35,0,41,1,56,63,13,133,37,24,61,194
02/26/2013,CRW,WV,AEA,CE,Combined TRACON& Tower with Radar,2,41,13,3,59,0,1,3,1,5,2,42,16,4,64,1,1,2,66
02/27/2013,CRW,WV,AEA,CE,Combined TRACON& Tower with Radar,2,58,16,12,88,0,2,5,0,7,2,60,21,12,95,20,4,24,119
02/28/2013,CRW,WV,AEA,CE,Combined TRACON& Tower with Radar,2,56,18,6,82,0,0,5,0,5,2,56,23,6,87,0,0,0,87
03/01/2013,CRW,WV,AEA,CE,Combined TRACON& Tower with Radar,2,56,4,3,65,0,0,11,1,12,2,56,15,4,77,14,2,16,93
03/02/2013,CRW,WV,AEA,CE,Combined TRACON& Tower with Radar,3,39,8,2,52,0,0,5,0,5,3,39,13,2,57,10,12,22,79
03/03/2013,CRW,WV,AEA,CE,Combined TRACON& Tower with Radar,3,40,9,2,54,0,0,1,0,1,3,40,10,2,55,0,0,0,55
03/04/2013,CRW,WV,AEA,CE,Combined TRACON& Tower with Radar,4,48,18,2,72,0,2,34,0,36,4,50,52,2,108,38,0,38,146
03/05/2013,CRW,WV,AEA,CE,Combined TRACON& Tower with Radar,4,50,8,6,68,0,2,11,3,16,4,52,19,9,84,22,10,32,116
03/06/2013,CRW,WV,AEA,CE,Combined TRACON& Tower with Radar,8,45,13,2,68,0,0,10,0,10,8,45,23,2,78,38,0,38,116
03/07/2013,CRW,WV,AEA,CE,Combined TRACON& Tower with Radar,4,62,15,0,81,0,2,8,2,12,4,64,23,2,93,19,0,19,112
03/08/2013,CRW,WV,AEA,CE,Combined TRACON& Tower with Radar,4,51,23,14,92,0,7,29,2,38,4,58,52,16,130,40,36,76,206
03/09/2013,CRW,WV,AEA,CE,Combined TRACON& Tower with Radar,4,36,26,0,66,0,4,26,0,30,4,40,52,0,96,11,0,11,107
03/10/2013,CRW,WV,AEA,CE,Combined TRACON& Tower with Radar,3,44,16,0,63,0,2,23,0,25,3,46,39,0,88,34,0,34,122
03/11/2013,CRW,WV,AEA,CE,Combined TRACON& Tower with Radar,3,48,9,4,64,0,2,13,1,16,3,50,22,5,80,52,0,52,132
03/12/2013,CRW,WV,AEA,CE,Combined TRACON& Tower with Radar,4,58,24,22,108,0,15,18,2,35,4,73,42,24,143,4,22,26,169
03/13/2013,CRW,WV,AEA,CE,Combined TRACON& Tower with Radar,6,64,30,16,116,0,0,11,4,15,6,64,41,20,131,6,44,50,181
03/14/2013,CRW,WV,AEA,CE,Combined TRACON& Tower with Radar,4,61,31,7,103,0,9,30,6,45,4,70,61,13,148,8,32,40,188
03/15/2013,CRW,WV,AEA,CE,Combined TRACON& Tower with Radar,4,51,17,8,80,0,6,31,6,43,4,57,48,14,123,54,0,54,177
03/16/2013,CRW,WV,AEA,CE,Combined TRACON& Tower with Radar,7,34,9,2,52,0,13,3,0,16,7,47,12,2,68,0,0,0,68
03/17/2013,CRW,WV,AEA,CE,Combined TRACON& Tower with Radar,3,36,9,0,48,0,0,0,0,0,3,36,9,0,48,0,0,0,48
03/18/2013,CRW,WV,AEA,CE,Combined TRACON& Tower with Radar,5,46,5,0,56,0,0,0,0,0,5,46,5,0,56,0,0,0,56
03/19/2013,CRW,WV,AEA,CE,Combined TRACON& Tower with Radar,3,60,14,5,82,0,0,16,8,24,3,60,30,13,106,0,0,0,106
03/20/2013,CRW,WV,AEA,CE,Combined TRACON& Tower with Radar,6,57,29,6,98,0,7,19,8,34,6,64,48,14,132,10,10,20,152
03/21/2013,CRW,WV,AEA,CE,Combined TRACON& Tower with Radar,6,57,25,10,98,0,3,18,0,21,6,60,43,10,119,0,10,10,129
03/22/2013,CRW,WV,AEA,CE,Combined TRACON& Tower with Radar,4,55,19,16,94,0,5,28,2,35,4,60,47,18,129,32,4,36,165
03/23/2013,CRW,WV,AEA,CE,Combined TRACON& Tower with Radar,4,35,19,0,58,0,16,32,2,50,4,51,51,2,108,30,0,30,138
03/24/2013,CRW,WV,AEA,CE,Combined TRACON& Tower with Radar,3,42,9,0,54,0,0,2,0,2,3,42,11,0,56,0,0,0,56
03/25/2013,CRW,WV,AEA,CE,Combined TRACON& Tower with Radar,4,50,10,2,66,0,0,1,0,1,4,50,11,2,67,0,0,0,67
03/26/2013,CRW,WV,AEA,CE,Combined TRACON& Tower with Radar,4,48,13,12,77,0,0,2,4,6,4,48,15,16,83,34,26,60,143
03/27/2013,CRW,WV,AEA,CE,Combined TRACON& Tower with Radar,6,53,10,11,80,0,1,15,2,18,6,54,25,13,98,18,0,18,116
03/28/2013,CRW,WV,AEA,CE,Combined TRACON& Tower with Radar,4,52,17,12,85,0,6,29,6,41,4,58,46,18,126,20,8,28,154
03/29/2013,CRW,WV,AEA,CE,Combined TRACON& Tower with Radar,4,50,13,3,70,0,1,19,2,22,4,51,32,5,92,0,0,0,92
03/30/2013,CRW,WV,AEA,CE,Combined TRACON& Tower with Radar,4,36,19,4,63,0,4,19,0,23,4,40,38,4,86,26,0,26,112
03/31/2013,CRW,WV,AEA,CE,Combined TRACON& Tower with Radar,3,36,8,0,47,0,1,0,0,1,3,37,8,0,48,0,0,0,48
04/01/2013,CRW,WV,AEA,CE,Combined TRACON& Tower with Radar,3,51,11,2,67,0,3,4,0,7,3,54,15,2,74,6,0,6,80
04/02/2013,CRW,WV,AEA,CE,Combined TRACON& Tower with Radar,4,56,21,21,102,0,2,26,10,38,4,58,47,31,140,54,26,80,220
04/03/2013,CRW,WV,AEA,CE,Combined TRACON& Tower with Radar,6,58,20,19,103,0,0,23,8,31,6,58,43,27,134,38,130,168,302
04/04/2013,CRW,WV,AEA,CE,Combined TRACON& Tower with Radar,4,49,15,12,80,0,1,18,6,25,4,50,33,18,105,40,26,66,171
04/05/2013,CRW,WV,AEA,CE,Combined TRACON& Tower with Radar,4,48,19,4,75,0,3,17,0,20,4,51,36,4,95,42,0,42,137
04/06/2013,CRW,WV,AEA,CE,Combined TRACON& Tower with Radar,4,42,23,0,69,0,5,28,0,33,4,47,51,0,102,10,0,10,112
04/07/2013,CRW,WV,AEA,CE,Combined TRACON& Tower with Radar,4,47,12,6,69,0,6,15,2,23,4,53,27,8,92,0,10,10,102
04/08/2013,CRW,WV,AEA,CE,Combined TRACON& Tower with Radar,4,47,9,2,62,0,4,12,5,21,4,51,21,7,83,24,26,50,133
04/09/2013,CRW,WV,AEA,CE,Combined TRACON& Tower with Radar,4,55,28,3,90,0,4,20,3,27,4,59,48,6,117,30,44,74,191
04/10/2013,CRW,WV,AEA,CE,Combined TRACON& Tower with Radar,6,43,28,4,81,0,3,19,8,30,6,46,47,12,111,21,30,51,162
04/11/2013,CRW,WV,AEA,CE,Combined TRACON& Tower with Radar,4,54,14,14,86,0,4,26,3,33,4,58,40,17,119,44,10,54,173
04/12/2013,CRW,WV,AEA,CE,Combined TRACON& Tower with Radar,4,55,23,33,115,0,2,17,0,19,4,57,40,33,134,24,50,74,208
04/13/2013,CRW,WV,AEA,CE,Combined TRACON& Tower with Radar,6,33,15,1,55,0,4,20,0,24,6,37,35,1,79,12,0,12,91
04/14/2013,CRW,WV,AEA,CE,Combined TRACON& Tower with Radar,3,40,11,12,66,0,3,44,2,49,3,43,55,14,115,48,30,78,193
04/15/2013,CRW,WV,AEA,CE,Combined TRACON& Tower with Radar,5,52,13,7,77,0,2,11,3,16,5,54,24,10,93,2,0,2,95
04/16/2013,CRW,WV,AEA,CE,Combined TRACON& Tower with Radar,5,54,26,22,107,0,9,23,16,48,5,63,49,38,155,12,24,36,191
04/17/2013,CRW,WV,AEA,CE,Combined TRACON& Tower with Radar,6,53,27,4,90,0,2,12,7,21,6,55,39,11,111,20,0,20,131
04/18/2013,CRW,WV,AEA,CE,Combined TRACON& Tower with Radar,6,44,19,22,91,0,5,36,4,45,6,49,55,26,136,16,28,44,180
04/19/2013,CRW,WV,AEA,CE,Combined TRACON& Tower with Radar,4,50,19,1,74,0,0,4,0,4,4,50,23,1,78,0,0,0,78
04/20/2013,CRW,WV,AEA,CE,Combined TRACON& Tower with Radar,4,31,10,0,45,0,1,19,0,20,4,32,29,0,65,12,0,12,77
04/21/2013,CRW,WV,AEA,CE,Combined TRACON& Tower with Radar,3,42,20,2,67,0,9,38,0,47,3,51,58,2,114,40,0,40,154
04/22/2013,CRW,WV,AEA,CE,Combined TRACON& Tower with Radar,3,54,19,0,76,0,5,36,0,41,3,59,55,0,117,56,0,56,173
04/23/2013,CRW,WV,AEA,CE,Combined TRACON& Tower with Radar,4,51,25,36,116,0,4,36,11,51,4,55,61,47,167,0,102,102,269
04/24/2013,CRW,WV,AEA,CE,Combined TRACON& Tower with Radar,7,55,24,4,90,0,1,9,2,12,7,56,33,6,102,0,20,20,122
04/25/2013,CRW,WV,AEA,CE,Combined TRACON& Tower with Radar,4,59,12,9,84,0,8,24,7,39,4,67,36,16,123,20,34,54,177
04/26/2013,CRW,WV,AEA,CE,Combined TRACON& Tower with Radar,4,52,21,7,84,0,5,42,0,47,4,57,63,7,131,16,0,16,147
04/27/2013,CRW,WV,AEA,CE,Combined TRACON& Tower with Radar,4,33,6,2,45,0,7,25,2,34,4,40,31,4,79,36,0,36,115
04/28/2013,CRW,WV,AEA,CE,Combined TRACON& Tower with Radar,4,39,11,0,54,0,1,3,0,4,4,40,14,0,58,14,0,14,72
04/29/2013,CRW,WV,AEA,CE,Combined TRACON& Tower with Radar,3,50,17,22,92,0,0,13,3,16,3,50,30,25,108,0,4,4,112
04/30/2013,CRW,WV,AEA,CE,Combined TRACON& Tower with Radar,4,55,34,6,99,0,2,26,15,43,4,57,60,21,142,16,48,64,206
05/01/2013,CRW,WV,AEA,CE,Combined TRACON& Tower with Radar,6,63,31,19,119,0,3,40,8,51,6,66,71,27,170,32,10,42,212
05/02/2013,CRW,WV,AEA,CE,Combined TRACON& Tower with Radar,5,61,28,31,125,0,8,20,2,30,5,69,48,33,155,8,10,18,173
05/03/2013,CRW,WV,AEA,CE,Combined TRACON& Tower with Radar,5,50,18,5,78,0,7,29,3,39,5,57,47,8,117,33,0,33,150
05/04/2013,CRW,WV,AEA,CE,Combined TRACON& Tower with Radar,4,40,12,9,65,0,3,7,3,13,4,43,19,12,78,16,10,26,104
05/05/2013,CRW,WV,AEA,CE,Combined TRACON& Tower with Radar,5,39,8,7,59,0,7,6,2,15,5,46,14,9,74,0,0,0,74
05/06/2013,CRW,WV,AEA,CE,Combined TRACON& Tower with Radar,3,58,9,8,78,0,7,7,0,14,3,65,16,8,92,6,0,6,98
05/07/2013,CRW,WV,AEA,CE,Combined TRACON& Tower with Radar,4,54,30,6,94,0,0,3,0,3,4,54,33,6,97,30,0,30,127
05/08/2013,CRW,WV,AEA,CE,Combined TRACON& Tower with Radar,6,51,22,15,94,0,1,6,1,8,6,52,28,16,102,42,36,78,180
05/09/2013,CRW,WV,AEA,CE,Combined TRACON& Tower with Radar,4,47,26,8,85,0,0,21,3,24,4,47,47,11,109,10,0,10,119
05/10/2013,CRW,WV,AEA,CE,Combined TRACON& Tower with Radar,4,49,11,14,78,0,2,11,0,13,4,51,22,14,91,6,18,24,115
05/11/2013,CRW,WV,AEA,CE,Combined TRACON& Tower with Radar,4,34,7,1,46,0,1,1,0,2,4,35,8,1,48,2,0,2,50
05/12/2013,CRW,WV,AEA,CE,Combined TRACON& Tower with Radar,3,41,15,5,64,0,8,11,0,19,3,49,26,5,83,24,0,24,107
05/13/2013,CRW,WV,AEA,CE,Combined TRACON& Tower with Radar,3,44,29,1,77,0,8,22,1,31,3,52,51,2,108,10,0,10,118
05/14/2013,CRW,WV,AEA,CE,Combined TRACON& Tower with Radar,5,53,34,10,102,0,11,27,1,39,5,64,61,11,141,48,16,64,205
05/15/2013,CRW,WV,AEA,CE,Combined TRACON& Tower with Radar,6,52,21,8,87,0,11,27,0,38,6,63,48,8,125,6,26,32,157
05/16/2013,CRW,WV,AEA,CE,Combined TRACON& Tower with Radar,4,49,26,2,81,0,1,13,0,14,4,50,39,2,95,66,0,66,161
05/17/2013,CRW,WV,AEA,CE,Combined TRACON& Tower with Radar,4,54,35,3,96,0,2,25,0,27,4,56,60,3,123,34,0,34,157
05/18/2013,CRW,WV,AEA,CE,Combined TRACON& Tower with Radar,5,30,8,0,43,0,3,9,2,14,5,33,17,2,57,10,0,10,67
05/19/2013,CRW,WV,AEA,CE,Combined TRACON& Tower with Radar,3,38,21,17,79,0,2,9,2,13,3,40,30,19,92,16,0,16,108
05/20/2013,CRW,WV,AEA,CE,Combined TRACON& Tower with Radar,3,44,29,5,81,0,0,14,6,20,3,44,43,11,101,52,0,52,153
05/21/2013,CRW,WV,AEA,CE,Combined TRACON& Tower with Radar,4,55,21,8,88,0,7,24,1,32,4,62,45,9,120,61,6,67,187
05/22/2013,CRW,WV,AEA,CE,Combined TRACON& Tower with Radar,6,54,22,10,92,0,8,22,0,30,6,62,44,10,122,4,32,36,158
05/23/2013,CRW,WV,AEA,CE,Combined TRACON& Tower with Radar,4,49,22,10,85,0,0,6,2,8,4,49,28,12,93,25,10,35,128
05/24/2013,CRW,WV,AEA,CE,Combined TRACON& Tower with Radar,5,49,29,2,85,0,2,18,1,21,5,51,47,3,106,34,0,34,140
05/25/2013,CRW,WV,AEA,CE,Combined TRACON& Tower with Radar,4,30,8,0,42,0,5,33,0,38,4,35,41,0,80,78,0,78,158
05/26/2013,CRW,WV,AEA,CE,Combined TRACON& Tower with Radar,3,31,4,7,45,0,25,21,0,46,3,56,25,7,91,20,0,20,111
05/27/2013,CRW,WV,AEA,CE,Combined TRACON& Tower with Radar,4,50,22,1,77,0,13,20,0,33,4,63,42,1,110,42,0,42,152
05/28/2013,CRW,WV,AEA,CE,Combined TRACON& Tower with Radar,5,51,23,4,83,0,3,15,6,24,5,54,38,10,107,26,14,40,147
05/29/2013,CRW,WV,AEA,CE,Combined TRACON& Tower with Radar,6,54,29,9,98,0,5,23,1,29,6,59,52,10,127,12,26,38,165
05/30/2013,CRW,WV,AEA,CE,Combined TRACON& Tower with Radar,5,61,30,26,122,0,1,43,2,46,5,62,73,28,168,24,38,62,230
05/31/2013,CRW,WV,AEA,CE,Combined TRACON& Tower with Radar,5,52,28,13,98,0,6,22,6,34,5,58,50,19,132,34,4,38,170
06/01/2013,CRW,WV,AEA,CE,Combined TRACON& Tower with Radar,5,30,11,2,48,0,6,16,0,22,5,36,27,2,70,6,0,6,76
06/02/2013,CRW,WV,AEA,CE,Combined TRACON& Tower with Radar,3,42,16,1,62,0,0,4,0,4,3,42,20,1,66,0,0,0,66
06/03/2013,CRW,WV,AEA,CE,Combined TRACON& Tower with Radar,3,43,8,0,54,0,3,23,6,32,3,46,31,6,86,36,0,36,122
06/04/2013,CRW,WV,AEA,CE,Combined TRACON& Tower with Radar,6,53,18,5,82,0,13,26,10,49,6,66,44,15,131,36,0,36,167
06/05/2013,CRW,WV,AEA,CE,Combined TRACON& Tower with Radar,5,57,16,1,79,0,4,20,1,25,5,61,36,2,104,0,0,0,104
06/06/2013,CRW,WV,AEA,CE,Combined TRACON& Tower with Radar,3,55,36,7,101,0,1,15,0,16,3,56,51,7,117,20,0,20,137
06/07/2013,CRW,WV,AEA,CE,Combined TRACON& Tower with Radar,11,54,24,9,98,0,0,0,2,2,11,54,24,11,100,28,26,54,154
06/08/2013,CRW,WV,AEA,CE,Combined TRACON& Tower with Radar,6,39,20,6,71,0,3,32,5,40,6,42,52,11,111,2,12,14,125
06/09/2013,CRW,WV,AEA,CE,Combined TRACON& Tower with Radar,4,52,23,14,93,0,15,21,5,41,4,67,44,19,134,0,8,8,142
06/10/2013,CRW,WV,AEA,CE,Combined TRACON& Tower with Radar,4,52,19,1,76,0,2,6,0,8,4,54,25,1,84,8,0,8,92
06/11/2013,CRW,WV,AEA,CE,Combined TRACON& Tower with Radar,4,62,12,12,90,0,6,29,4,39,4,68,41,16,129,16,0,16,145
06/12/2013,CRW,WV,AEA,CE,Combined TRACON& Tower with Radar,8,60,21,9,98,0,7,22,5,34,8,67,43,14,132,32,0,32,164
06/13/2013,CRW,WV,AEA,CE,Combined TRACON& Tower with Radar,4,39,13,7,63,0,0,9,3,12,4,39,22,10,75,0,0,0,75
06/14/2013,CRW,WV,AEA,CE,Combined TRACON& Tower with Radar,5,49,26,3,83,0,2,33,11,46,5,51,59,14,129,20,0,20,149
06/15/2013,CRW,WV,AEA,CE,Combined TRACON& Tower with Radar,4,34,20,0,58,0,5,31,0,36,4,39,51,0,94,34,0,34,128
06/16/2013,CRW,WV,AEA,CE,Combined TRACON& Tower with Radar,3,44,9,2,58,0,2,7,0,9,3,46,16,2,67,12,0,12,79
06/17/2013,CRW,WV,AEA,CE,Combined TRACON& Tower with Radar,3,48,19,7,77,0,5,35,2,42,3,53,54,9,119,98,0,98,217
06/18/2013,CRW,WV,AEA,CE,Combined TRACON& Tower with Radar,6,48,14,7,75,0,1,4,3,8,6,49,18,10,83,12,12,24,107
06/19/2013,CRW,WV,AEA,CE,Combined TRACON& Tower with Radar,6,56,33,7,102,0,5,16,0,21,6,61,49,7,123,10,0,10,133
06/20/2013,CRW,WV,AEA,CE,Combined TRACON& Tower with Radar,4,50,39,17,110,0,2,28,7,37,4,52,67,24,147,0,34,34,181
06/21/2013,CRW,WV,AEA,CE,Combined TRACON& Tower with Radar,4,50,15,3,72,0,2,34,3,39,4,52,49,6,111,0,0,0,111
06/22/2013,CRW,WV,AEA,CE,Combined TRACON& Tower with Radar,4,45,25,1,75,0,0,15,0,15,4,45,40,1,90,50,0,50,140
06/23/2013,CRW,WV,AEA,CE,Combined TRACON& Tower with Radar,3,38,19,0,60,0,1,14,0,15,3,39,33,0,75,0,0,0,75
06/24/2013,CRW,WV,AEA,CE,Combined TRACON& Tower with Radar,3,51,25,9,88,0,2,28,6,36,3,53,53,15,124,0,0,0,124
06/25/2013,CRW,WV,AEA,CE,Combined TRACON& Tower with Radar,6,63,27,21,117,0,3,21,8,32,6,66,48,29,149,68,28,96,245
06/26/2013,CRW,WV,AEA,CE,Combined TRACON& Tower with Radar,6,61,16,2,85,0,4,14,1,19,6,65,30,3,104,2,16,18,122
06/27/2013,CRW,WV,AEA,CE,Combined TRACON& Tower with Radar,3,107,30,9,149,0,0,5,2,7,3,107,35,11,156,0,52,52,208
06/28/2013,CRW,WV,AEA,CE,Combined TRACON& Tower with Radar,4,62,28,5,99,0,4,19,0,23,4,66,47,5,122,0,10,10,132
06/29/2013,CRW,WV,AEA,CE,Combined TRACON& Tower with Radar,5,43,19,0,67,0,2,13,0,15,5,45,32,0,82,14,0,14,96
06/30/2013,CRW,WV,AEA,CE,Combined TRACON& Tower with Radar,2,53,19,0,74,0,2,9,0,11,2,55,28,0,85,0,0,0,85
07/01/2013,CRW,WV,AEA,CE,Combined TRACON& Tower with Radar,1,45,23,2,71,0,6,12,0,18,1,51,35,2,89,6,0,6,95
07/02/2013,CRW,WV,AEA,CE,Combined TRACON& Tower with Radar,3,55,25,3,86,0,7,17,5,29,3,62,42,8,115,0,28,28,143
07/03/2013,CRW,WV,AEA,CE,Combined TRACON& Tower with Radar,6,51,25,5,87,0,1,16,4,21,6,52,41,9,108,0,0,0,108
07/04/2013,CRW,WV,AEA,CE,Combined TRACON& Tower with Radar,2,30,13,0,45,0,3,2,0,5,2,33,15,0,50,0,0,0,50
07/05/2013,CRW,WV,AEA,CE,Combined TRACON& Tower with Radar,3,38,18,0,59,0,2,13,0,15,3,40,31,0,74,10,0,10,84
07/06/2013,CRW,WV,AEA,CE,Combined TRACON& Tower with Radar,4,39,14,0,57,2,8,18,0,28,6,47,32,0,85,6,0,6,91
07/07/2013,CRW,WV,AEA,CE,Combined TRACON& Tower with Radar,5,47,26,0,78,0,1,1,0,2,5,48,27,0,80,0,0,0,80
07/08/2013,CRW,WV,AEA,CE,Combined TRACON& Tower with Radar,3,56,33,4,96,0,7,41,4,52,3,63,74,8,148,93,0,93,241
07/09/2013,CRW,WV,AEA,CE,Combined TRACON& Tower with Radar,5,63,38,21,127,0,10,28,4,42,5,73,66,25,169,20,0,20,189
07/10/2013,CRW,WV,AEA,CE,Combined TRACON& Tower with Radar,7,54,30,2,93,0,5,27,0,32,7,59,57,2,125,24,0,24,149
07/11/2013,CRW,WV,AEA,CE,Combined TRACON& Tower with Radar,4,57,33,22,116,0,2,14,2,18,4,59,47,24,134,16,12,28,162
07/12/2013,CRW,WV,AEA,CE,Combined TRACON& Tower with Radar,4,46,29,9,88,0,3,42,1,46,4,49,71,10,134,0,0,0,134
07/13/2013,CRW,WV,AEA,CE,Combined TRACON& Tower with Radar,4,39,16,6,65,0,4,13,0,17,4,43,29,6,82,0,0,0,82
07/14/2013,CRW,WV,AEA,CE,Combined TRACON& Tower with Radar,5,43,21,5,74,0,3,17,1,21,5,46,38,6,95,22,0,22,117
07/15/2013,CRW,WV,AEA,CE,Combined TRACON& Tower with Radar,2,52,36,10,100,0,7,45,5,57,2,59,81,15,157,66,0,66,223
07/16/2013,CRW,WV,AEA,CE,Combined TRACON& Tower with Radar,5,58,21,9,93,0,8,38,1,47,5,66,59,10,140,28,0,28,168
07/17/2013,CRW,WV,AEA,CE,Combined TRACON& Tower with Radar,7,58,21,14,100,0,8,27,10,45,7,66,48,24,145,64,30,94,239
07/18/2013,CRW,WV,AEA,CE,Combined TRACON& Tower with Radar,4,55,31,18,108,0,2,39,9,50,4,57,70,27,158,14,0,14,172
07/19/2013,CRW,WV,AEA,CE,Combined TRACON& Tower with Radar,4,55,19,9,87,0,1,26,8,35,4,56,45,17,122,32,0,32,154
07/20/2013,CRW,WV,AEA,CE,Combined TRACON& Tower with Radar,4,34,15,4,57,0,1,16,1,18,4,35,31,5,75,0,0,0,75
07/21/2013,CRW,WV,AEA,CE,Combined TRACON& Tower with Radar,2,57,27,9,95,0,0,3,0,3,2,57,30,9,98,0,0,0,98
07/22/2013,CRW,WV,AEA,CE,Combined TRACON& Tower with Radar,7,41,7,2,57,0,5,18,2,25,7,46,25,4,82,44,0,44,126
07/23/2013,CRW,WV,AEA,CE,Combined TRACON& Tower with Radar,5,58,25,10,98,0,5,25,7,37,5,63,50,17,135,4,12,16,151
07/24/2013,CRW,WV,AEA,CE,Combined TRACON& Tower with Radar,10,53,42,1,106,0,2,18,12,32,10,55,60,13,138,0,24,24,162
07/25/2013,CRW,WV,AEA,CE,Combined TRACON& Tower with Radar,4,56,31,3,94,0,3,49,6,58,4,59,80,9,152,39,32,71,223
07/26/2013,CRW,WV,AEA,CE,Combined TRACON& Tower with Radar,7,57,17,7,88,0,16,37,8,61,7,73,54,15,149,64,0,64,213
07/27/2013,CRW,WV,AEA,CE,Combined TRACON& Tower with Radar,5,37,3,0,45,0,4,10,0,14,5,41,13,0,59,14,0,14,73
07/28/2013,CRW,WV,AEA,CE,Combined TRACON& Tower with Radar,7,48,17,1,73,0,9,14,2,25,7,57,31,3,98,0,0,0,98
07/29/2013,CRW,WV,AEA,CE,Combined TRACON& Tower with Radar,3,52,20,3,78,0,4,29,0,33,3,56,49,3,111,52,0,52,163
07/30/2013,CRW,WV,AEA,CE,Combined TRACON& Tower with Radar,5,50,25,5,85,0,1,38,2,41,5,51,63,7,126,12,0,12,138
07/31/2013,CRW,WV,AEA,CE,Combined TRACON& Tower with Radar,6,57,39,15,117,0,1,9,3,13,6,58,48,18,130,0,16,16,146
08/01/2013,CRW,WV,AEA,CE,Combined TRACON& Tower with Radar,3,57,35,15,110,0,3,6,2,11,3,60,41,17,121,0,0,0,121
08/02/2013,CRW,WV,AEA,CE,Combined TRACON& Tower with Radar,6,55,32,10,103,1,3,28,0,32,7,58,60,10,135,56,0,56,191
08/03/2013,CRW,WV,AEA,CE,Combined TRACON& Tower with Radar,4,44,10,0,58,0,2,17,0,19,4,46,27,0,77,79,0,79,156
08/04/2013,CRW,WV,AEA,CE,Combined TRACON& Tower with Radar,3,37,14,5,59,0,4,21,5,30,3,41,35,10,89,18,0,18,107
08/05/2013,CRW,WV,AEA,CE,Combined TRACON& Tower with Radar,3,45,26,0,74,0,2,27,1,30,3,47,53,1,104,72,0,72,176
08/06/2013,CRW,WV,AEA,CE,Combined TRACON& Tower with Radar,4,55,15,8,82,0,12,34,5,51,4,67,49,13,133,36,0,36,169
08/07/2013,CRW,WV,AEA,CE,Combined TRACON& Tower with Radar,6,61,25,24,116,0,4,10,0,14,6,65,35,24,130,10,6,16,146
08/08/2013,CRW,WV,AEA,CE,Combined TRACON& Tower with Radar,4,57,29,13,103,0,5,10,2,17,4,62,39,15,120,0,0,0,120
08/09/2013,CRW,WV,AEA,CE,Combined TRACON& Tower with Radar,4,60,18,6,88,0,0,5,2,7,4,60,23,8,95,24,0,24,119
08/10/2013,CRW,WV,AEA,CE,Combined TRACON& Tower with Radar,5,46,11,0,62,0,0,7,2,9,5,46,18,2,71,32,0,32,103
08/11/2013,CRW,WV,AEA,CE,Combined TRACON& Tower with Radar,3,47,12,1,63,0,1,3,3,7,3,48,15,4,70,10,0,10,80
08/12/2013,CRW,WV,AEA,CE,Combined TRACON& Tower with Radar,2,63,35,6,106,0,1,22,0,23,2,64,57,6,129,40,0,40,169
08/13/2013,CRW,WV,AEA,CE,Combined TRACON& Tower with Radar,5,58,12,15,90,0,0,12,8,20,5,58,24,23,110,0,14,14,124
08/14/2013,CRW,WV,AEA,CE,Combined TRACON& Tower with Radar,6,58,30,6,100,0,0,53,6,59,6,58,83,12,159,60,26,86,245
08/15/2013,CRW,WV,AEA,CE,Combined TRACON& Tower with Radar,4,59,31,9,103,0,4,50,3,57,4,63,81,12,160,40,8,48,208
08/16/2013,CRW,WV,AEA,CE,Combined TRACON& Tower with Radar,4,47,33,4,88,0,4,40,8,52,4,51,73,12,140,18,6,24,164
08/17/2013,CRW,WV,AEA,CE,Combined TRACON& Tower with Radar,4,34,14,0,52,0,0,24,0,24,4,34,38,0,76,66,0,66,142
08/18/2013,CRW,WV,AEA,CE,Combined TRACON& Tower with Radar,4,45,23,2,74,0,3,2,0,5,4,48,25,2,79,0,0,0,79
08/19/2013,CRW,WV,AEA,CE,Combined TRACON& Tower with Radar,3,61,19,15,98,0,8,15,0,23,3,69,34,15,121,58,40,98,219
08/20/2013,CRW,WV,AEA,CE,Combined TRACON& Tower with Radar,6,64,36,25,131,0,10,28,8,46,6,74,64,33,177,40,30,70,247
08/21/2013,CRW,WV,AEA,CE,Combined TRACON& Tower with Radar,4,40,19,1,64,0,2,9,0,11,4,42,28,1,75,30,0,30,105
08/22/2013,CRW,WV,AEA,CE,Combined TRACON& Tower with Radar,4,44,27,21,96,0,0,48,10,58,4,44,75,31,154,0,56,56,210
08/23/2013,CRW,WV,AEA,CE,Combined TRACON& Tower with Radar,5,52,23,4,84,0,10,9,5,24,5,62,32,9,108,20,0,20,128
08/24/2013,CRW,WV,AEA,CE,Combined TRACON& Tower with Radar,4,35,17,0,56,0,5,25,1,31,4,40,42,1,87,90,0,90,177
08/25/2013,CRW,WV,AEA,CE,Combined TRACON& Tower with Radar,3,46,16,0,65,0,6,37,0,43,3,52,53,0,108,11,0,11,119
08/26/2013,CRW,WV,AEA,CE,Combined TRACON& Tower with Radar,3,52,22,11,88,0,11,47,16,74,3,63,69,27,162,36,48,84,246
08/27/2013,CRW,WV,AEA,CE,Combined TRACON& Tower with Radar,4,47,21,11,83,0,4,2,14,20,4,51,23,25,103,14,40,54,157
08/28/2013,CRW,WV,AEA,CE,Combined TRACON& Tower with Radar,8,63,19,12,102,0,3,11,12,26,8,66,30,24,128,2,14,16,144
08/29/2013,CRW,WV,AEA,CE,Combined TRACON& Tower with Radar,4,61,36,18,119,0,2,18,9,29,4,63,54,27,148,10,55,65,213
08/30/2013,CRW,WV,AEA,CE,Combined TRACON& Tower with Radar,5,55,19,2,81,0,1,34,0,35,5,56,53,2,116,18,0,18,134
08/31/2013,CRW,WV,AEA,CE,Combined TRACON& Tower with Radar,5,39,21,0,65,0,4,10,0,14,5,43,31,0,79,2,0,2,81
09/01/2013,CRW,WV,AEA,CE,Combined TRACON& Tower with Radar,3,26,5,0,34,0,0,10,0,10,3,26,15,0,44,2,0,2,46
09/02/2013,CRW,WV,AEA,CE,Combined TRACON& Tower with Radar,5,55,29,3,92,0,8,7,0,15,5,63,36,3,107,0,0,0,107
09/03/2013,CRW,WV,AEA,CE,Combined TRACON& Tower with Radar,5,55,30,15,105,0,3,18,2,23,5,58,48,17,128,22,16,38,166
09/04/2013,CRW,WV,AEA,CE,Combined TRACON& Tower with Radar,4,57,30,18,109,0,2,12,0,14,4,59,42,18,123,24,46,70,193
09/05/2013,CRW,WV,AEA,CE,Combined TRACON& Tower with Radar,4,62,31,4,101,0,5,37,0,42,4,67,68,4,143,22,0,22,165
09/06/2013,CRW,WV,AEA,CE,Combined TRACON& Tower with Radar,4,51,26,17,98,0,8,27,4,39,4,59,53,21,137,8,0,8,145
09/07/2013,CRW,WV,AEA,CE,Combined TRACON& Tower with Radar,3,34,22,8,67,0,8,23,3,34,3,42,45,11,101,34,22,56,157
09/08/2013,CRW,WV,AEA,CE,Combined TRACON& Tower with Radar,4,44,18,20,86,0,3,15,14,32,4,47,33,34,118,12,0,12,130
09/09/2013,CRW,WV,AEA,CE,Combined TRACON& Tower with Radar,4,48,13,10,75,0,1,20,16,37,4,49,33,26,112,26,0,26,138
09/10/2013,CRW,WV,AEA,CE,Combined TRACON& Tower with Radar,4,47,17,14,82,0,0,15,9,24,4,47,32,23,106,16,0,16,122
09/11/2013,CRW,WV,AEA,CE,Combined TRACON& Tower with Radar,4,47,35,12,98,0,1,14,12,27,4,48,49,24,125,14,14,28,153
09/12/2013,CRW,WV,AEA,CE,Combined TRACON& Tower with Radar,4,48,19,10,81,0,0,17,6,23,4,48,36,16,104,52,20,72,176
09/13/2013,CRW,WV,AEA,CE,Combined TRACON& Tower with Radar,4,54,31,7,96,0,3,23,6,32,4,57,54,13,128,41,17,58,186
09/14/2013,CRW,WV,AEA,CE,Combined TRACON& Tower with Radar,2,37,19,0,58,0,3,21,1,25,2,40,40,1,83,58,0,58,141
09/15/2013,CRW,WV,AEA,CE,Combined TRACON& Tower with Radar,6,41,18,9,74,0,8,18,0,26,6,49,36,9,100,56,0,56,156
09/16/2013,CRW,WV,AEA,CE,Combined TRACON& Tower with Radar,3,46,21,5,75,0,1,18,0,19,3,47,39,5,94,128,0,128,222
09/17/2013,CRW,WV,AEA,CE,Combined TRACON& Tower with Radar,4,49,26,5,84,0,3,20,7,30,4,52,46,12,114,166,12,178,292
09/18/2013,CRW,WV,AEA,CE,Combined TRACON& Tower with Radar,4,54,41,30,129,0,5,13,6,24,4,59,54,36,153,28,48,76,229
09/19/2013,CRW,WV,AEA,CE,Combined TRACON& Tower with Radar,5,47,54,5,111,0,0,10,9,19,5,47,64,14,130,122,50,172,302
09/20/2013,CRW,WV,AEA,CE,Combined TRACON& Tower with Radar,4,51,40,4,99,0,3,29,0,32,4,54,69,4,131,16,0,16,147
09/21/2013,CRW,WV,AEA,CE,Combined TRACON& Tower with Radar,2,33,8,0,43,0,0,2,0,2,2,33,10,0,45,0,0,0,45
09/22/2013,CRW,WV,AEA,CE,Combined TRACON& Tower with Radar,4,41,13,4,62,0,5,15,0,20,4,46,28,4,82,96,0,96,178
09/23/2013,CRW,WV,AEA,CE,Combined TRACON& Tower with Radar,7,52,19,3,81,0,4,25,5,34,7,56,44,8,115,10,0,10,125
09/24/2013,CRW,WV,AEA,CE,Combined TRACON& Tower with Radar,4,45,19,7,75,0,0,37,7,44,4,45,56,14,119,42,24,66,185
09/25/2013,CRW,WV,AEA,CE,Combined TRACON& Tower with Radar,4,59,19,5,87,0,0,16,2,18,4,59,35,7,105,4,0,4,109
09/26/2013,CRW,WV,AEA,CE,Combined TRACON& Tower with Radar,4,61,36,10,111,0,0,30,19,49,4,61,66,29,160,10,0,10,170
09/27/2013,CRW,WV,AEA,CE,Combined TRACON& Tower with Radar,4,54,36,5,99,0,2,26,3,31,4,56,62,8,130,0,26,26,156
09/28/2013,CRW,WV,AEA,CE,Combined TRACON& Tower with Radar,2,26,19,0,47,0,7,19,0,26,2,33,38,0,73,92,0,92,165
09/29/2013,CRW,WV,AEA,CE,Combined TRACON& Tower with Radar,4,43,15,8,70,0,3,32,3,38,4,46,47,11,108,6,0,6,114
09/30/2013,CRW,WV,AEA,CE,Combined TRACON& Tower with Radar,3,46,23,16,88,0,4,15,1,20,3,50,38,17,108,19,26,45,153
10/01/2013,CRW,WV,AEA,CE,Combined TRACON& Tower with Radar,4,50,21,8,83,0,1,33,0,34,4,51,54,8,117,39,0,39,156
10/02/2013,CRW,WV,AEA,CE,Combined TRACON& Tower with Radar,3,50,33,4,90,0,2,26,0,28,3,52,59,4,118,38,0,38,156
10/03/2013,CRW,WV,AEA,CE,Combined TRACON& Tower with Radar,3,58,17,0,78,0,3,18,0,21,3,61,35,0,99,2,0,2,101
10/04/2013,CRW,WV,AEA,CE,Combined TRACON& Tower with Radar,4,55,33,4,96,0,2,13,0,15,4,57,46,4,111,6,0,6,117
10/05/2013,CRW,WV,AEA,CE,Combined TRACON& Tower with Radar,3,29,17,0,49,0,7,19,0,26,3,36,36,0,75,32,0,32,107
10/06/2013,CRW,WV,AEA,CE,Combined TRACON& Tower with Radar,3,46,24,0,73,0,1,5,0,6,3,47,29,0,79,0,0,0,79
10/07/2013,CRW,WV,AEA,CE,Combined TRACON& Tower with Radar,3,54,26,0,83,0,4,19,0,23,3,58,45,0,106,0,0,0,106
10/08/2013,CRW,WV,AEA,CE,Combined TRACON& Tower with Radar,3,51,44,4,102,0,9,39,0,48,3,60,83,4,150,60,0,60,210
10/09/2013,CRW,WV,AEA,CE,Combined TRACON& Tower with Radar,5,49,20,2,76,0,3,29,0,32,5,52,49,2,108,0,0,0,108
10/10/2013,CRW,WV,AEA,CE,Combined TRACON& Tower with Radar,4,48,32,0,84,0,2,15,0,17,4,50,47,0,101,8,0,8,109
10/11/2013,CRW,WV,AEA,CE,Combined TRACON& Tower with Radar,4,47,27,0,78,0,2,15,0,17,4,49,42,0,95,6,0,6,101
10/12/2013,CRW,WV,AEA,CE,Combined TRACON& Tower with Radar,2,32,16,0,50,0,1,5,0,6,2,33,21,0,56,0,0,0,56
10/13/2013,CRW,WV,AEA,CE,Combined TRACON& Tower with Radar,4,50,24,0,78,0,1,9,0,10,4,51,33,0,88,48,0,48,136
10/14/2013,CRW,WV,AEA,CE,Combined TRACON& Tower with Radar,3,69,21,2,95,0,2,5,0,7,3,71,26,2,102,0,0,0,102
10/15/2013,CRW,WV,AEA,CE,Combined TRACON& Tower with Radar,5,53,22,0,80,0,7,21,0,28,5,60,43,0,108,44,0,44,152
10/16/2013,CRW,WV,AEA,CE,Combined TRACON& Tower with Radar,4,51,26,2,83,0,1,13,0,14,4,52,39,2,97,12,0,12,109
10/17/2013,CRW,WV,AEA,CE,Combined TRACON& Tower with Radar,4,54,18,4,80,0,0,0,0,0,4,54,18,4,80,0,0,0,80
10/18/2013,CRW,WV,AEA,CE,Combined TRACON& Tower with Radar,3,55,28,6,92,0,4,47,0,51,3,59,75,6,143,16,0,16,159
10/19/2013,CRW,WV,AEA,CE,Combined TRACON& Tower with Radar,2,28,8,0,38,0,0,8,0,8,2,28,16,0,46,18,0,18,64
10/20/2013,CRW,WV,AEA,CE,Combined TRACON& Tower with Radar,4,49,18,2,73,0,10,52,0,62,4,59,70,2,135,38,0,38,173
10/21/2013,CRW,WV,AEA,CE,Combined TRACON& Tower with Radar,3,50,35,0,88,0,4,18,3,25,3,54,53,3,113,28,0,28,141
10/22/2013,CRW,WV,AEA,CE,Combined TRACON& Tower with Radar,4,65,45,19,133,0,14,20,11,45,4,79,65,30,178,6,55,61,239
10/23/2013,CRW,WV,AEA,CE,Combined TRACON& Tower with Radar,3,57,28,14,102,0,0,3,0,3,3,57,31,14,105,0,0,0,105
10/24/2013,CRW,WV,AEA,CE,Combined TRACON& Tower with Radar,4,57,18,3,82,0,0,13,5,18,4,57,31,8,100,0,40,40,140
10/25/2013,CRW,WV,AEA,CE,Combined TRACON& Tower with Radar,4,53,32,0,89,0,0,20,0,20,4,53,52,0,109,20,0,20,129
10/26/2013,CRW,WV,AEA,CE,Combined TRACON& Tower with Radar,3,30,16,0,49,0,0,21,0,21,3,30,37,0,70,26,0,26,96
10/27/2013,CRW,WV,AEA,CE,Combined TRACON& Tower with Radar,3,41,24,1,69,0,1,34,0,35,3,42,58,1,104,30,0,30,134
10/28/2013,CRW,WV,AEA,CE,Combined TRACON& Tower with Radar,3,46,15,29,93,0,10,18,3,31,3,56,33,32,124,0,0,0,124
10/29/2013,CRW,WV,AEA,CE,Combined TRACON& Tower with Radar,4,43,40,7,94,0,2,34,2,38,4,45,74,9,132,16,0,16,148
10/30/2013,CRW,WV,AEA,CE,Combined TRACON& Tower with Radar,4,51,42,8,105,0,0,1,0,1,4,51,43,8,106,0,20,20,126
10/31/2013,CRW,WV,AEA,CE,Combined TRACON& Tower with Radar,4,54,13,17,88,0,1,27,3,31,4,55,40,20,119,24,8,32,151
11/01/2013,CRW,WV,AEA,CE,Combined TRACON& Tower with Radar,4,51,26,23,104,0,2,14,4,20,4,53,40,27,124,4,34,38,162
11/02/2013,CRW,WV,AEA,CE,Combined TRACON& Tower with Radar,2,32,17,4,55,0,3,5,6,14,2,35,22,10,69,20,0,20,89
11/03/2013,CRW,WV,AEA,CE,Combined TRACON& Tower with Radar,4,46,25,6,81,0,6,31,4,41,4,52,56,10,122,34,14,48,170
11/04/2013,CRW,WV,AEA,CE,Combined TRACON& Tower with Radar,6,43,30,0,79,0,2,21,4,27,6,45,51,4,106,25,0,25,131
11/05/2013,CRW,WV,AEA,CE,Combined TRACON& Tower with Radar,5,70,41,9,125,0,7,26,2,35,5,77,67,11,160,48,0,48,208
11/06/2013,CRW,WV,AEA,CE,Combined TRACON& Tower with Radar,4,84,24,6,118,0,1,26,1,28,4,85,50,7,146,16,0,16,162
11/07/2013,CRW,WV,AEA,CE,Combined TRACON& Tower with Radar,4,57,36,14,111,0,1,34,4,39,4,58,70,18,150,14,4,18,168
11/08/2013,CRW,WV,AEA,CE,Combined TRACON& Tower with Radar,6,61,34,7,108,0,2,34,0,36,6,63,68,7,144,29,0,29,173
11/09/2013,CRW,WV,AEA,CE,Combined TRACON& Tower with Radar,2,33,23,1,59,0,3,22,0,25,2,36,45,1,84,0,0,0,84
11/10/2013,CRW,WV,AEA,CE,Combined TRACON& Tower with Radar,3,44,20,1,68,0,2,5,0,7,3,46,25,1,75,22,0,22,97
11/11/2013,CRW,WV,AEA,CE,Combined TRACON& Tower with Radar,3,39,19,2,63,0,3,18,0,21,3,42,37,2,84,20,10,30,114
11/12/2013,CRW,WV,AEA,CE,Combined TRACON& Tower with Radar,3,59,19,1,82,0,0,18,4,22,3,59,37,5,104,0,0,0,104
11/13/2013,CRW,WV,AEA,CE,Combined TRACON& Tower with Radar,4,58,20,4,86,0,6,19,13,38,4,64,39,17,124,20,0,20,144
11/14/2013,CRW,WV,AEA,CE,Combined TRACON& Tower with Radar,4,64,28,4,100,0,17,33,3,53,4,81,61,7,153,12,6,18,171
11/15/2013,CRW,WV,AEA,CE,Combined TRACON& Tower with Radar,4,51,19,12,86,0,3,21,3,27,4,54,40,15,113,69,0,69,182
11/16/2013,CRW,WV,AEA,CE,Combined TRACON& Tower with Radar,2,39,16,0,57,0,1,13,0,14,2,40,29,0,71,16,0,16,87
11/17/2013,CRW,WV,AEA,CE,Combined TRACON& Tower with Radar,3,38,5,8,54,0,0,2,0,2,3,38,7,8,56,10,18,28,84
11/18/2013,CRW,WV,AEA,CE,Combined TRACON& Tower with Radar,4,49,11,16,80,0,6,20,2,28,4,55,31,18,108,12,0,12,120
11/19/2013,CRW,WV,AEA,CE,Combined TRACON& Tower with Radar,3,58,21,19,101,0,3,39,7,49,3,61,60,26,150,94,22,116,266
11/20/2013,CRW,WV,AEA,CE,Combined TRACON& Tower with Radar,3,54,17,18,92,0,5,49,4,58,3,59,66,22,150,70,16,86,236
11/21/2013,CRW,WV,AEA,CE,Combined TRACON& Tower with Radar,6,57,34,12,109,0,5,32,11,48,6,62,66,23,157,22,0,22,179
11/22/2013,CRW,WV,AEA,CE,Combined TRACON& Tower with Radar,4,53,18,4,79,0,0,1,0,1,4,53,19,4,80,0,0,0,80
11/23/2013,CRW,WV,AEA,CE,Combined TRACON& Tower with Radar,4,41,3,0,48,0,0,9,0,9,4,41,12,0,57,52,0,52,109
11/24/2013,CRW,WV,AEA,CE,Combined TRACON& Tower with Radar,3,42,8,2,55,0,2,16,2,20,3,44,24,4,75,30,0,30,105
11/25/2013,CRW,WV,AEA,CE,Combined TRACON& Tower with Radar,4,41,22,8,75,0,9,18,2,29,4,50,40,10,104,43,0,43,147
11/26/2013,CRW,WV,AEA,CE,Combined TRACON& Tower with Radar,4,52,2,0,58,0,0,0,0,0,4,52,2,0,58,0,0,0,58
11/27/2013,CRW,WV,AEA,CE,Combined TRACON& Tower with Radar,4,57,8,0,69,0,0,3,0,3,4,57,11,0,72,0,0,0,72
11/28/2013,CRW,WV,AEA,CE,Combined TRACON& Tower with Radar,1,30,7,0,38,0,6,9,0,15,1,36,16,0,53,14,0,14,67
11/29/2013,CRW,WV,AEA,CE,Combined TRACON& Tower with Radar,2,27,13,0,42,0,0,25,0,25,2,27,38,0,67,10,0,10,77
11/30/2013,CRW,WV,AEA,CE,Combined TRACON& Tower with Radar,2,38,12,0,52,0,4,17,0,21,2,42,29,0,73,18,0,18,91
12/01/2013,CRW,WV,AEA,CE,Combined TRACON& Tower with Radar,3,45,14,2,64,0,1,13,0,14,3,46,27,2,78,40,0,40,118
12/02/2013,CRW,WV,AEA,CE,Combined TRACON& Tower with Radar,3,47,18,8,76,0,2,15,0,17,3,49,33,8,93,0,12,12,105
12/03/2013,CRW,WV,AEA,CE,Combined TRACON& Tower with Radar,5,47,21,17,90,0,16,25,2,43,5,63,46,19,133,30,58,88,221
12/04/2013,CRW,WV,AEA,CE,Combined TRACON& Tower with Radar,4,59,39,25,127,0,2,52,9,63,4,61,91,34,190,90,20,110,300
12/05/2013,CRW,WV,AEA,CE,Combined TRACON& Tower with Radar,4,49,10,13,76,0,1,11,0,12,4,50,21,13,88,0,8,8,96
12/06/2013,CRW,WV,AEA,CE,Combined TRACON& Tower with Radar,4,56,13,3,76,0,0,0,0,0,4,56,13,3,76,0,0,0,76
12/07/2013,CRW,WV,AEA,CE,Combined TRACON& Tower with Radar,2,29,11,8,50,0,0,3,0,3,2,29,14,8,53,0,0,0,53
12/08/2013,CRW,WV,AEA,CE,Combined TRACON& Tower with Radar,3,27,2,0,32,0,0,0,0,0,3,27,2,0,32,0,0,0,32
12/09/2013,CRW,WV,AEA,CE,Combined TRACON& Tower with Radar,3,47,13,7,70,0,0,1,0,1,3,47,14,7,71,0,0,0,71
12/10/2013,CRW,WV,AEA,CE,Combined TRACON& Tower with Radar,4,46,22,16,88,0,1,26,0,27,4,47,48,16,115,54,0,54,169
12/11/2013,CRW,WV,AEA,CE,Combined TRACON& Tower with Radar,4,50,51,12,117,0,6,29,4,39,4,56,80,16,156,46,32,78,234
12/12/2013,CRW,WV,AEA,CE,Combined TRACON& Tower with Radar,4,46,32,8,90,0,1,27,6,34,4,47,59,14,124,46,0,46,170
12/13/2013,CRW,WV,AEA,CE,Combined TRACON& Tower with Radar,4,58,22,20,104,0,5,23,8,36,4,63,45,28,140,20,26,46,186
12/14/2013,CRW,WV,AEA,CE,Combined TRACON& Tower with Radar,2,35,4,0,41,0,0,0,0,0,2,35,4,0,41,2,0,2,43
12/15/2013,CRW,WV,AEA,CE,Combined TRACON& Tower with Radar,3,34,4,1,42,0,0,0,0,0,3,34,4,1,42,0,0,0,42
12/16/2013,CRW,WV,AEA,CE,Combined TRACON& Tower with Radar,3,50,20,16,89,0,2,5,2,9,3,52,25,18,98,70,0,70,168
12/17/2013,CRW,WV,AEA,CE,Combined TRACON& Tower with Radar,4,49,16,27,96,0,2,3,0,5,4,51,19,27,101,0,20,20,121
12/18/2013,CRW,WV,AEA,CE,Combined TRACON& Tower with Radar,4,48,39,20,111,0,2,19,2,23,4,50,58,22,134,26,0,26,160
12/19/2013,CRW,WV,AEA,CE,Combined TRACON& Tower with Radar,3,48,27,10,88,0,3,30,8,41,3,51,57,18,129,47,0,47,176
12/20/2013,CRW,WV,AEA,CE,Combined TRACON& Tower with Radar,2,48,19,1,70,0,1,11,0,12,2,49,30,1,82,4,0,4,86
12/21/2013,CRW,WV,AEA,CE,Combined TRACON& Tower with Radar,0,40,5,1,46,0,2,4,0,6,0,42,9,1,52,20,0,20,72
12/22/2013,CRW,WV,AEA,CE,Combined TRACON& Tower with Radar,1,42,10,0,53,0,2,1,0,3,1,44,11,0,56,20,0,20,76
12/23/2013,CRW,WV,AEA,CE,Combined TRACON& Tower with Radar,2,36,11,3,52,0,2,1,0,3,2,38,12,3,55,0,0,0,55
12/24/2013,CRW,WV,AEA,CE,Combined TRACON& Tower with Radar,2,34,0,0,36,0,0,3,0,3,2,34,3,0,39,16,0,16,55
12/25/2013,CRW,WV,AEA,CE,Combined TRACON& Tower with Radar,0,28,1,0,29,0,6,4,0,10,0,34,5,0,39,0,0,0,39
12/26/2013,CRW,WV,AEA,CE,Combined TRACON& Tower with Radar,1,15,0,0,16,0,2,2,0,4,1,17,2,0,20,12,0,12,32
12/27/2013,CRW,WV,AEA,CE,Combined TRACON& Tower with Radar,1,43,14,0,58,0,2,27,0,29,1,45,41,0,87,68,0,68,155
12/28/2013,CRW,WV,AEA,CE,Combined TRACON& Tower with Radar,0,39,16,0,55,0,4,25,0,29,0,43,41,0,84,6,0,6,90
12/29/2013,CRW,WV,AEA,CE,Combined TRACON& Tower with Radar,1,34,7,0,42,0,0,0,0,0,1,34,7,0,42,0,0,0,42
12/30/2013,CRW,WV,AEA,CE,Combined TRACON& Tower with Radar,1,45,10,0,56,0,0,3,0,3,1,45,13,0,59,14,0,14,73
12/31/2013,CRW,WV,AEA,CE,Combined TRACON& Tower with Radar,4,37,12,0,53,0,4,3,0,7,4,41,15,0,60,0,0,0,60
01/01/2014,CRW,WV,AEA,CE,Combined TRACON& Tower with Radar,0,38,21,0,59,0,2,18,0,20,0,40,39,0,79,20,0,20,99
01/02/2014,CRW,WV,AEA,CE,Combined TRACON& Tower with Radar,4,32,4,1,41,0,0,0,0,0,4,32,4,1,41,0,0,0,41
01/03/2014,CRW,WV,AEA,CE,Combined TRACON& Tower with Radar,0,46,10,1,57,0,5,6,0,11,0,51,16,1,68,0,0,0,68
01/04/2014,CRW,WV,AEA,CE,Combined TRACON& Tower with Radar,0,35,10,2,47,0,1,18,0,19,0,36,28,2,66,21,0,21,87
01/05/2014,CRW,WV,AEA,CE,Combined TRACON& Tower with Radar,2,42,12,0,56,0,2,10,0,12,2,44,22,0,68,40,0,40,108
01/06/2014,CRW,WV,AEA,CE,Combined TRACON& Tower with Radar,1,31,9,1,42,0,0,1,0,1,1,31,10,1,43,0,0,0,43
01/07/2014,CRW,WV,AEA,CE,Combined TRACON& Tower with Radar,5,51,18,0,74,0,6,16,0,22,5,57,34,0,96,0,0,0,96
01/08/2014,CRW,WV,AEA,CE,Combined TRACON& Tower with Radar,2,52,13,22,89,0,5,22,2,29,2,57,35,24,118,10,44,54,172
01/09/2014,CRW,WV,AEA,CE,Combined TRACON& Tower with Radar,4,51,3,21,79,0,0,10,8,18,4,51,13,29,97,77,34,111,208
01/10/2014,CRW,WV,AEA,CE,Combined TRACON& Tower with Radar,4,41,9,18,72,0,1,10,6,17,4,42,19,24,89,96,66,162,251
01/11/2014,CRW,WV,AEA,CE,Combined TRACON& Tower with Radar,2,28,8,6,44,0,2,1,0,3,2,30,9,6,47,0,6,6,53
01/12/2014,CRW,WV,AEA,CE,Combined TRACON& Tower with Radar,3,43,14,10,70,0,9,12,11,32,3,52,26,21,102,16,48,64,166
01/13/2014,CRW,WV,AEA,CE,Combined TRACON& Tower with Radar,3,40,9,7,59,0,3,9,4,16,3,43,18,11,75,4,2,6,81
01/14/2014,CRW,WV,AEA,CE,Combined TRACON& Tower with Radar,4,42,12,12,70,0,2,16,5,23,4,44,28,17,93,16,30,46,139
01/15/2014,CRW,WV,AEA,CE,Combined TRACON& Tower with Radar,4,48,19,2,73,0,7,13,0,20,4,55,32,2,93,0,0,0,93
01/16/2014,CRW,WV,AEA,CE,Combined TRACON& Tower with Radar,4,45,10,20,79,0,2,35,7,44,4,47,45,27,123,20,30,50,173
01/17/2014,CRW,WV,AEA,CE,Combined TRACON& Tower with Radar,4,45,13,21,83,0,0,4,1,5,4,45,17,22,88,0,20,20,108
01/18/2014,CRW,WV,AEA,CE,Combined TRACON& Tower with Radar,1,27,4,2,34,0,0,6,0,6,1,27,10,2,40,16,0,16,56
01/19/2014,CRW,WV,AEA,CE,Combined TRACON& Tower with Radar,1,38,8,0,47,0,6,3,0,9,1,44,11,0,56,0,0,0,56
01/20/2014,CRW,WV,AEA,CE,Combined TRACON& Tower with Radar,2,37,9,0,48,0,5,11,0,16,2,42,20,0,64,0,0,0,64
01/21/2014,CRW,WV,AEA,CE,Combined TRACON& Tower with Radar,4,24,8,0,36,0,0,0,0,0,4,24,8,0,36,0,0,0,36
01/22/2014,CRW,WV,AEA,CE,Combined TRACON& Tower with Radar,4,52,14,10,80,0,4,22,2,28,4,56,36,12,108,0,36,36,144
01/23/2014,CRW,WV,AEA,CE,Combined TRACON& Tower with Radar,4,45,11,8,68,0,3,6,0,9,4,48,17,8,77,0,4,4,81
01/24/2014,CRW,WV,AEA,CE,Combined TRACON& Tower with Radar,5,48,11,1,65,0,8,25,0,33,5,56,36,1,98,32,0,32,130
01/25/2014,CRW,WV,AEA,CE,Combined TRACON& Tower with Radar,3,29,0,0,32,0,0,0,0,0,3,29,0,0,32,0,0,0,32
01/26/2014,CRW,WV,AEA,CE,Combined TRACON& Tower with Radar,4,49,14,5,72,0,1,3,0,4,4,50,17,5,76,10,0,10,86
01/27/2014,CRW,WV,AEA,CE,Combined TRACON& Tower with Radar,2,44,7,4,57,0,1,2,1,4,2,45,9,5,61,0,0,0,61
01/28/2014,CRW,WV,AEA,CE,Combined TRACON& Tower with Radar,2,38,21,17,78,0,1,9,5,15,2,39,30,22,93,0,18,18,111
01/29/2014,CRW,WV,AEA,CE,Combined TRACON& Tower with Radar,1,47,20,12,80,0,1,8,4,13,1,48,28,16,93,20,0,20,113
01/30/2014,CRW,WV,AEA,CE,Combined TRACON& Tower with Radar,1,46,30,4,81,0,2,24,3,29,1,48,54,7,110,28,6,34,144
01/31/2014,CRW,WV,AEA,CE,Combined TRACON& Tower with Radar,5,43,26,8,82,0,3,18,6,27,5,46,44,14,109,0,35,35,144
02/01/2014,CRW,WV,AEA,CE,Combined TRACON& Tower with Radar,1,27,8,14,50,0,5,31,7,43,1,32,39,21,93,0,36,36,129
02/02/2014,CRW,WV,AEA,CE,Combined TRACON& Tower with Radar,2,23,2,18,45,0,3,0,0,3,2,26,2,18,48,0,0,0,48
02/03/2014,CRW,WV,AEA,CE,Combined TRACON& Tower with Radar,3,36,14,1,54,0,0,0,0,0,3,36,14,1,54,0,0,0,54
02/04/2014,CRW,WV,AEA,CE,Combined TRACON& Tower with Radar,6,40,9,12,67,0,0,0,3,3,6,40,9,15,70,0,0,0,70
02/05/2014,CRW,WV,AEA,CE,Combined TRACON& Tower with Radar,4,45,9,8,66,0,0,0,0,0,4,45,9,8,66,2,0,2,68
02/06/2014,CRW,WV,AEA,CE,Combined TRACON& Tower with Radar,4,43,11,13,71,0,2,6,4,12,4,45,17,17,83,0,0,0,83
02/07/2014,CRW,WV,AEA,CE,Combined TRACON& Tower with Radar,4,47,11,1,63,0,2,1,2,5,4,49,12,3,68,0,0,0,68
02/08/2014,CRW,WV,AEA,CE,Combined TRACON& Tower with Radar,2,28,7,2,39,0,1,2,2,5,2,29,9,4,44,0,0,0,44
02/09/2014,CRW,WV,AEA,CE,Combined TRACON& Tower with Radar,3,36,10,2,51,0,0,0,0,0,3,36,10,2,51,0,0,0,51
02/10/2014,CRW,WV,AEA,CE,Combined TRACON& Tower with Radar,3,44,7,0,54,0,1,2,2,5,3,45,9,2,59,0,0,0,59
02/11/2014,CRW,WV,AEA,CE,Combined TRACON& Tower with Radar,3,41,17,6,67,0,2,27,4,33,3,43,44,10,100,57,20,77,177
02/12/2014,CRW,WV,AEA,CE,Combined TRACON& Tower with Radar,9,33,18,11,71,0,2,11,3,16,9,35,29,14,87,21,36,57,144
02/13/2014,CRW,WV,AEA,CE,Combined TRACON& Tower with Radar,3,17,1,0,21,0,1,2,0,3,3,18,3,0,24,0,0,0,24
02/14/2014,CRW,WV,AEA,CE,Combined TRACON& Tower with Radar,4,35,11,14,64,0,3,6,2,11,4,38,17,16,75,2,20,22,97
02/15/2014,CRW,WV,AEA,CE,Combined TRACON& Tower with Radar,1,27,1,0,29,0,1,1,0,2,1,28,2,0,31,0,0,0,31
02/16/2014,CRW,WV,AEA,CE,Combined TRACON& Tower with Radar,2,35,5,1,43,0,1,7,0,8,2,36,12,1,51,20,0,20,71
02/17/2014,CRW,WV,AEA,CE,Combined TRACON& Tower with Radar,5,49,19,0,73,0,0,23,1,24,5,49,42,1,97,44,0,44,141
02/18/2014,CRW,WV,AEA,CE,Combined TRACON& Tower with Radar,4,46,34,8,92,0,8,15,2,25,4,54,49,10,117,18,0,18,135
02/19/2014,CRW,WV,AEA,CE,Combined TRACON& Tower with Radar,15,60,32,14,121,0,5,13,2,20,15,65,45,16,141,0,14,14,155
02/20/2014,CRW,WV,AEA,CE,Combined TRACON& Tower with Radar,3,50,11,3,67,0,2,13,6,21,3,52,24,9,88,0,20,20,108
02/21/2014,CRW,WV,AEA,CE,Combined TRACON& Tower with Radar,4,49,13,5,71,0,0,7,2,9,4,49,20,7,80,22,0,22,102
02/22/2014,CRW,WV,AEA,CE,Combined TRACON& Tower with Radar,4,29,10,1,44,0,11,27,0,38,4,40,37,1,82,54,0,54,136
02/23/2014,CRW,WV,AEA,CE,Combined TRACON& Tower with Radar,3,40,20,5,68,0,0,18,0,18,3,40,38,5,86,78,0,78,164
02/24/2014,CRW,WV,AEA,CE,Combined TRACON& Tower with Radar,5,44,24,4,77,0,8,14,6,28,5,52,38,10,105,0,0,0,105
02/25/2014,CRW,WV,AEA,CE,Combined TRACON& Tower with Radar,4,51,23,2,80,0,1,8,0,9,4,52,31,2,89,20,0,20,109
02/26/2014,CRW,WV,AEA,CE,Combined TRACON& Tower with Radar,4,50,28,4,86,0,4,19,2,25,4,54,47,6,111,24,0,24,135
02/27/2014,CRW,WV,AEA,CE,Combined TRACON& Tower with Radar,4,48,9,11,72,0,4,14,1,19,4,52,23,12,91,0,0,0,91
02/28/2014,CRW,WV,AEA,CE,Combined TRACON& Tower with Radar,4,55,20,7,86,0,10,32,6,48,4,65,52,13,134,18,0,18,152
03/01/2014,CRW,WV,AEA,CE,Combined TRACON& Tower with Radar,2,36,9,17,64,0,5,6,6,17,2,41,15,23,81,0,0,0,81
03/02/2014,CRW,WV,AEA,CE,Combined TRACON& Tower with Radar,2,31,3,4,40,0,1,1,0,2,2,32,4,4,42,0,0,0,42
03/03/2014,CRW,WV,AEA,CE,Combined TRACON& Tower with Radar,1,17,1,0,19,0,0,2,0,2,1,17,3,0,21,24,0,24,45
03/04/2014,CRW,WV,AEA,CE,Combined TRACON& Tower with Radar,3,49,19,14,85,0,5,27,0,32,3,54,46,14,117,0,0,0,117
03/05/2014,CRW,WV,AEA,CE,Combined TRACON& Tower with Radar,4,45,25,14,88,0,4,18,0,22,4,49,43,14,110,0,0,0,110
03/06/2014,CRW,WV,AEA,CE,Combined TRACON& Tower with Radar,4,49,13,4,70,0,3,29,2,34,4,52,42,6,104,36,6,42,146
03/07/2014,CRW,WV,AEA,CE,Combined TRACON& Tower with Radar,4,52,26,2,84,0,2,40,2,44,4,54,66,4,128,32,0,32,160
03/08/2014,CRW,WV,AEA,CE,Combined TRACON& Tower with Radar,3,34,17,2,56,0,2,29,2,33,3,36,46,4,89,6,0,6,95
03/09/2014,CRW,WV,AEA,CE,Combined TRACON& Tower with Radar,3,45,12,0,60,0,3,21,0,24,3,48,33,0,84,38,0,38,122
03/10/2014,CRW,WV,AEA,CE,Combined TRACON& Tower with Radar,3,42,17,10,72,0,15,19,3,37,3,57,36,13,109,48,40,88,197
03/11/2014,CRW,WV,AEA,CE,Combined TRACON& Tower with Radar,4,49,20,9,82,0,3,36,1,40,4,52,56,10,122,84,0,84,206
03/12/2014,CRW,WV,AEA,CE,Combined TRACON& Tower with Radar,4,46,12,10,72,0,0,0,0,0,4,46,12,10,72,0,0,0,72
03/13/2014,CRW,WV,AEA,CE,Combined TRACON& Tower with Radar,4,48,28,14,94,0,1,16,4,21,4,49,44,18,115,37,25,62,177
03/14/2014,CRW,WV,AEA,CE,Combined TRACON& Tower with Radar,4,55,19,10,88,0,15,18,4,37,4,70,37,14,125,0,0,0,125
03/15/2014,CRW,WV,AEA,CE,Combined TRACON& Tower with Radar,2,33,16,2,53,0,7,22,0,29,2,40,38,2,82,0,0,0,82
03/16/2014,CRW,WV,AEA,CE,Combined TRACON& Tower with Radar,2,20,8,0,30,0,0,25,0,25,2,20,33,0,55,0,0,0,55
03/17/2014,CRW,WV,AEA,CE,Combined TRACON& Tower with Radar,4,45,3,0,52,0,0,1,0,1,4,45,4,0,53,0,0,0,53
03/18/2014,CRW,WV,AEA,CE,Combined TRACON& Tower with Radar,4,47,11,5,67,0,10,21,0,31,4,57,32,5,98,6,0,6,104
03/19/2014,CRW,WV,AEA,CE,Combined TRACON& Tower with Radar,4,57,15,22,98,0,4,24,6,34,4,61,39,28,132,8,38,46,178
03/20/2014,CRW,WV,AEA,CE,Combined TRACON& Tower with Radar,4,51,23,8,86,0,7,11,3,21,4,58,34,11,107,0,20,20,127
03/21/2014,CRW,WV,AEA,CE,Combined TRACON& Tower with Radar,4,56,12,16,88,0,4,20,2,26,4,60,32,18,114,0,16,16,130
03/22/2014,CRW,WV,AEA,CE,Combined TRACON& Tower with Radar,4,28,5,2,39,0,4,16,0,20,4,32,21,2,59,0,0,0,59
03/23/2014,CRW,WV,AEA,CE,Combined TRACON& Tower with Radar,3,41,8,3,55,0,1,5,0,6,3,42,13,3,61,0,0,0,61
03/24/2014,CRW,WV,AEA,CE,Combined TRACON& Tower with Radar,3,38,14,8,63,0,8,48,0,56,3,46,62,8,119,30,2,32,151
03/25/2014,CRW,WV,AEA,CE,Combined TRACON& Tower with Radar,3,50,10,1,64,0,0,0,0,0,3,50,10,1,64,0,0,0,64
03/26/2014,CRW,WV,AEA,CE,Combined TRACON& Tower with Radar,7,50,24,14,95,0,0,25,0,25,7,50,49,14,120,30,24,54,174
03/27/2014,CRW,WV,AEA,CE,Combined TRACON& Tower with Radar,4,52,20,10,86,0,1,19,5,25,4,53,39,15,111,72,0,72,183
03/28/2014,CRW,WV,AEA,CE,Combined TRACON& Tower with Radar,4,44,12,6,66,0,4,4,1,9,4,48,16,7,75,0,0,0,75
03/29/2014,CRW,WV,AEA,CE,Combined TRACON& Tower with Radar,4,30,2,3,39,0,0,3,0,3,4,30,5,3,42,34,0,34,76
03/30/2014,CRW,WV,AEA,CE,Combined TRACON& Tower with Radar,3,34,10,3,50,0,3,13,0,16,3,37,23,3,66,51,0,51,117
03/31/2014,CRW,WV,AEA,CE,Combined TRACON& Tower with Radar,3,40,10,9,62,0,7,55,0,62,3,47,65,9,124,78,0,78,202
04/01/2014,CRW,WV,AEA,CE,Combined TRACON& Tower with Radar,6,61,30,15,112,0,4,18,13,35,6,65,48,28,147,6,0,6,153
04/02/2014,CRW,WV,AEA,CE,Combined TRACON& Tower with Radar,6,55,33,23,117,0,7,41,34,82,6,62,74,57,199,45,0,45,244
04/03/2014,CRW,WV,AEA,CE,Combined TRACON& Tower with Radar,5,46,6,16,73,0,4,3,8,15,5,50,9,24,88,0,10,10,98
04/04/2014,CRW,WV,AEA,CE,Combined TRACON& Tower with Radar,6,54,15,6,81,0,2,3,2,7,6,56,18,8,88,0,0,0,88
04/05/2014,CRW,WV,AEA,CE,Combined TRACON& Tower with Radar,4,35,9,6,54,0,8,17,4,29,4,43,26,10,83,16,36,52,135
04/06/2014,CRW,WV,AEA,CE,Combined TRACON& Tower with Radar,5,40,19,9,73,0,4,35,5,44,5,44,54,14,117,20,0,20,137
04/07/2014,CRW,WV,AEA,CE,Combined TRACON& Tower with Radar,3,44,5,1,53,0,0,0,2,2,3,44,5,3,55,0,0,0,55
04/08/2014,CRW,WV,AEA,CE,Combined TRACON& Tower with Radar,3,63,30,15,111,0,0,18,9,27,3,63,48,24,138,30,48,78,216
04/09/2014,CRW,WV,AEA,CE,Combined TRACON& Tower with Radar,6,52,49,15,122,0,0,29,8,37,6,52,78,23,159,8,30,38,197
04/10/2014,CRW,WV,AEA,CE,Combined TRACON& Tower with Radar,3,56,26,14,99,0,7,20,4,31,3,63,46,18,130,0,10,10,140
04/11/2014,CRW,WV,AEA,CE,Combined TRACON& Tower with Radar,4,56,11,6,77,0,1,18,3,22,4,57,29,9,99,32,0,32,131
04/12/2014,CRW,WV,AEA,CE,Combined TRACON& Tower with Radar,4,48,20,0,72,0,10,43,2,55,4,58,63,2,127,28,0,28,155
04/13/2014,CRW,WV,AEA,CE,Combined TRACON& Tower with Radar,4,40,20,0,64,0,4,10,0,14,4,44,30,0,78,12,0,12,90
04/14/2014,CRW,WV,AEA,CE,Combined TRACON& Tower with Radar,3,47,9,27,86,0,4,3,2,9,3,51,12,29,95,0,6,6,101
04/15/2014,CRW,WV,AEA,CE,Combined TRACON& Tower with Radar,3,47,12,2,64,0,2,2,10,14,3,49,14,12,78,25,40,65,143
04/16/2014,CRW,WV,AEA,CE,Combined TRACON& Tower with Radar,7,52,31,21,111,0,5,40,4,49,7,57,71,25,160,58,0,58,218
04/17/2014,CRW,WV,AEA,CE,Combined TRACON& Tower with Radar,5,49,18,7,79,0,12,34,10,56,5,61,52,17,135,22,16,38,173
04/18/2014,CRW,WV,AEA,CE,Combined TRACON& Tower with Radar,3,58,20,6,87,0,5,45,2,52,3,63,65,8,139,32,8,40,179
04/19/2014,CRW,WV,AEA,CE,Combined TRACON& Tower with Radar,2,38,1,0,41,0,5,18,0,23,2,43,19,0,64,48,0,48,112
04/20/2014,CRW,WV,AEA,CE,Combined TRACON& Tower with Radar,2,39,25,2,68,0,10,16,0,26,2,49,41,2,94,38,0,38,132
04/21/2014,CRW,WV,AEA,CE,Combined TRACON& Tower with Radar,4,53,23,4,84,0,1,16,0,17,4,54,39,4,101,16,0,16,117
04/22/2014,CRW,WV,AEA,CE,Combined TRACON& Tower with Radar,4,50,25,19,98,0,4,19,12,35,4,54,44,31,133,25,0,25,158
04/23/2014,CRW,WV,AEA,CE,Combined TRACON& Tower with Radar,7,58,28,14,107,0,2,32,2,36,7,60,60,16,143,16,30,46,189
04/24/2014,CRW,WV,AEA,CE,Combined TRACON& Tower with Radar,4,48,18,26,96,0,2,32,2,36,4,50,50,28,132,36,18,54,186
04/25/2014,CRW,WV,AEA,CE,Combined TRACON& Tower with Radar,4,57,14,9,84,0,3,2,1,6,4,60,16,10,90,8,0,8,98
04/26/2014,CRW,WV,AEA,CE,Combined TRACON& Tower with Radar,4,36,11,0,51,0,16,19,1,36,4,52,30,1,87,50,0,50,137
04/27/2014,CRW,WV,AEA,CE,Combined TRACON& Tower with Radar,3,41,25,0,69,0,2,28,2,32,3,43,53,2,101,40,0,40,141
04/28/2014,CRW,WV,AEA,CE,Combined TRACON& Tower with Radar,3,45,8,4,60,0,3,4,2,9,3,48,12,6,69,0,0,0,69
04/29/2014,CRW,WV,AEA,CE,Combined TRACON& Tower with Radar,4,50,12,3,69,0,3,9,2,14,4,53,21,5,83,0,4,4,87
04/30/2014,CRW,WV,AEA,CE,Combined TRACON& Tower with Radar,6,45,18,12,81,0,1,15,3,19,6,46,33,15,100,62,20,82,182
05/01/2014,CRW,WV,AEA,CE,Combined TRACON& Tower with Radar,4,54,18,9,85,0,6,16,5,27,4,60,34,14,112,28,0,28,140
05/02/2014,CRW,WV,AEA,CE,Combined TRACON& Tower with Radar,4,48,11,8,71,0,1,15,2,18,4,49,26,10,89,20,2,22,111
05/03/2014,CRW,WV,AEA,CE,Combined TRACON& Tower with Radar,4,42,13,20,79,0,10,9,3,22,4,52,22,23,101,0,0,0,101
05/04/2014,CRW,WV,AEA,CE,Combined TRACON& Tower with Radar,4,44,6,9,63,0,6,8,2,16,4,50,14,11,79,40,20,60,139
05/05/2014,CRW,WV,AEA,CE,Combined TRACON& Tower with Radar,3,46,32,5,86,0,10,19,2,31,3,56,51,7,117,0,0,0,117
05/06/2014,CRW,WV,AEA,CE,Combined TRACON& Tower with Radar,4,43,22,3,72,0,6,29,8,43,4,49,51,11,115,0,0,0,115
05/07/2014,CRW,WV,AEA,CE,Combined TRACON& Tower with Radar,6,47,21,9,83,0,6,37,3,46,6,53,58,12,129,22,0,22,151
05/08/2014,CRW,WV,AEA,CE,Combined TRACON& Tower with Radar,4,47,22,6,79,0,3,35,5,43,4,50,57,11,122,2,12,14,136
05/09/2014,CRW,WV,AEA,CE,Combined TRACON& Tower with Radar,4,47,31,9,91,0,2,22,3,27,4,49,53,12,118,54,4,58,176
05/10/2014,CRW,WV,AEA,CE,Combined TRACON& Tower with Radar,6,36,21,1,64,0,0,5,0,5,6,36,26,1,69,2,0,2,71
05/11/2014,CRW,WV,AEA,CE,Combined TRACON& Tower with Radar,3,42,14,9,68,0,0,25,0,25,3,42,39,9,93,88,0,88,181
05/12/2014,CRW,WV,AEA,CE,Combined TRACON& Tower with Radar,3,40,21,0,64,0,7,14,2,23,3,47,35,2,87,80,0,80,167
05/13/2014,CRW,WV,AEA,CE,Combined TRACON& Tower with Radar,2,36,24,8,70,0,0,40,6,46,2,36,64,14,116,54,0,54,170
05/14/2014,CRW,WV,AEA,CE,Combined TRACON& Tower with Radar,3,47,24,5,79,0,4,53,0,57,3,51,77,5,136,10,0,10,146
05/15/2014,CRW,WV,AEA,CE,Combined TRACON& Tower with Radar,5,44,13,3,65,0,0,5,0,5,5,44,18,3,70,16,0,16,86
05/16/2014,CRW,WV,AEA,CE,Combined TRACON& Tower with Radar,6,65,18,14,103,0,2,13,2,17,6,67,31,16,120,28,22,50,170
05/17/2014,CRW,WV,AEA,CE,Combined TRACON& Tower with Radar,5,34,9,4,52,0,3,14,2,19,5,37,23,6,71,18,0,18,89
05/18/2014,CRW,WV,AEA,CE,Combined TRACON& Tower with Radar,3,44,12,3,62,0,1,27,0,28,3,45,39,3,90,45,0,45,135
05/19/2014,CRW,WV,AEA,CE,Combined TRACON& Tower with Radar,5,54,16,4,79,0,2,54,0,56,5,56,70,4,135,12,0,12,147
05/20/2014,CRW,WV,AEA,CE,Combined TRACON& Tower with Radar,12,54,31,25,122,0,4,36,9,49,12,58,67,34,171,52,38,90,261
05/21/2014,CRW,WV,AEA,CE,Combined TRACON& Tower with Radar,8,48,24,8,88,0,3,14,10,27,8,51,38,18,115,10,22,32,147
05/22/2014,CRW,WV,AEA,CE,Combined TRACON& Tower with Radar,5,54,38,37,134,0,20,18,5,43,5,74,56,42,177,16,48,64,241
05/23/2014,CRW,WV,AEA,CE,Combined TRACON& Tower with Radar,4,42,26,0,72,0,8,25,4,37,4,50,51,4,109,22,6,28,137
05/24/2014,CRW,WV,AEA,CE,Combined TRACON& Tower with Radar,4,32,14,0,50,0,7,27,0,34,4,39,41,0,84,32,0,32,116
05/25/2014,CRW,WV,AEA,CE,Combined TRACON& Tower with Radar,3,32,17,2,54,0,10,28,0,38,3,42,45,2,92,54,22,76,168
05/26/2014,CRW,WV,AEA,CE,Combined TRACON& Tower with Radar,4,36,4,2,46,0,8,34,0,42,4,44,38,2,88,24,0,24,112
05/27/2014,CRW,WV,AEA,CE,Combined TRACON& Tower with Radar,3,43,26,14,86,0,5,18,0,23,3,48,44,14,109,24,0,24,133
05/28/2014,CRW,WV,AEA,CE,Combined TRACON& Tower with Radar,6,50,19,2,77,0,7,32,0,39,6,57,51,2,116,20,0,20,136
05/29/2014,CRW,WV,AEA,CE,Combined TRACON& Tower with Radar,5,50,22,5,82,0,2,18,28,48,5,52,40,33,130,0,0,0,130
05/30/2014,CRW,WV,AEA,CE,Combined TRACON& Tower with Radar,6,51,49,11,117,0,3,29,4,36,6,54,78,15,153,28,0,28,181
05/31/2014,CRW,WV,AEA,CE,Combined TRACON& Tower with Radar,4,35,12,11,62,0,7,42,1,50,4,42,54,12,112,20,0,20,132
06/01/2014,CRW,WV,AEA,CE,Combined TRACON& Tower with Radar,3,39,17,0,59,0,12,25,1,38,3,51,42,1,97,72,0,72,169
06/02/2014,CRW,WV,AEA,CE,Combined TRACON& Tower with Radar,3,54,31,3,91,0,9,40,1,50,3,63,71,4,141,48,0,48,189
06/03/2014,CRW,WV,AEA,CE,Combined TRACON& Tower with Radar,4,45,16,15,80,0,5,16,21,42,4,50,32,36,122,64,0,64,186
06/04/2014,CRW,WV,AEA,CE,Combined TRACON& Tower with Radar,10,52,18,2,82,0,1,16,3,20,10,53,34,5,102,6,0,6,108
06/05/2014,CRW,WV,AEA,CE,Combined TRACON& Tower with Radar,4,53,24,28,109,4,1,40,19,64,8,54,64,47,173,32,2,34,207
06/06/2014,CRW,WV,AEA,CE,Combined TRACON& Tower with Radar,4,47,14,25,90,0,1,35,5,41,4,48,49,30,131,118,26,144,275
06/07/2014,CRW,WV,AEA,CE,Combined TRACON& Tower with Radar,4,40,20,6,70,0,1,34,6,41,4,41,54,12,111,128,20,148,259
06/08/2014,CRW,WV,AEA,CE,Combined TRACON& Tower with Radar,3,36,16,6,61,0,8,13,4,25,3,44,29,10,86,18,26,44,130
06/09/2014,CRW,WV,AEA,CE,Combined TRACON& Tower with Radar,6,48,12,6,72,0,4,9,0,13,6,52,21,6,85,46,0,46,131
06/10/2014,CRW,WV,AEA,CE,Combined TRACON& Tower with Radar,4,54,15,8,81,0,12,40,5,57,4,66,55,13,138,84,0,84,222
06/11/2014,CRW,WV,AEA,CE,Combined TRACON& Tower with Radar,8,43,27,35,113,0,5,23,7,35,8,48,50,42,148,38,52,90,238
06/12/2014,CRW,WV,AEA,CE,Combined TRACON& Tower with Radar,4,50,25,8,87,0,3,13,5,21,4,53,38,13,108,60,66,126,234
06/13/2014,CRW,WV,AEA,CE,Combined TRACON& Tower with Radar,4,50,22,11,87,0,0,10,11,21,4,50,32,22,108,46,0,46,154
06/14/2014,CRW,WV,AEA,CE,Combined TRACON& Tower with Radar,9,54,19,5,87,0,9,31,0,40,9,63,50,5,127,118,0,118,245
06/15/2014,CRW,WV,AEA,CE,Combined TRACON& Tower with Radar,3,52,17,2,74,0,2,18,0,20,3,54,35,2,94,54,0,54,148
06/16/2014,CRW,WV,AEA,CE,Combined TRACON& Tower with Radar,7,54,13,2,76,0,6,51,0,57,7,60,64,2,133,21,0,21,154
06/17/2014,CRW,WV,AEA,CE,Combined TRACON& Tower with Radar,13,55,12,10,90,0,7,25,3,35,13,62,37,13,125,48,0,48,173
06/18/2014,CRW,WV,AEA,CE,Combined TRACON& Tower with Radar,20,53,24,3,100,0,2,29,4,35,20,55,53,7,135,44,20,64,199
06/19/2014,CRW,WV,AEA,CE,Combined TRACON& Tower with Radar,4,53,25,10,92,0,0,12,5,17,4,53,37,15,109,16,16,32,141
06/20/2014,CRW,WV,AEA,CE,Combined TRACON& Tower with Radar,4,52,31,0,87,0,0,10,2,12,4,52,41,2,99,92,0,92,191
06/21/2014,CRW,WV,AEA,CE,Combined TRACON& Tower with Radar,4,37,21,3,65,0,21,28,0,49,4,58,49,3,114,1,0,1,115
06/22/2014,CRW,WV,AEA,CE,Combined TRACON& Tower with Radar,3,41,30,2,76,0,18,48,0,66,3,59,78,2,142,44,0,44,186
06/23/2014,CRW,WV,AEA,CE,Combined TRACON& Tower with Radar,5,41,22,2,70,0,9,33,2,44,5,50,55,4,114,18,0,18,132
06/24/2014,CRW,WV,AEA,CE,Combined TRACON& Tower with Radar,4,59,55,21,139,0,1,21,2,24,4,60,76,23,163,8,0,8,171
06/25/2014,CRW,WV,AEA,CE,Combined TRACON& Tower with Radar,6,45,27,9,87,0,0,12,6,18,6,45,39,15,105,30,0,30,135
06/26/2014,CRW,WV,AEA,CE,Combined TRACON& Tower with Radar,4,54,45,28,131,0,7,34,16,57,4,61,79,44,188,26,28,54,242
06/27/2014,CRW,WV,AEA,CE,Combined TRACON& Tower with Radar,4,48,16,11,79,0,7,34,0,41,4,55,50,11,120,30,30,60,180
06/28/2014,CRW,WV,AEA,CE,Combined TRACON& Tower with Radar,6,42,8,2,58,0,10,18,0,28,6,52,26,2,86,78,0,78,164
06/29/2014,CRW,WV,AEA,CE,Combined TRACON& Tower with Radar,18,40,13,1,72,0,4,17,0,21,18,44,30,1,93,26,0,26,119
06/30/2014,CRW,WV,AEA,CE,Combined TRACON& Tower with Radar,35,48,26,1,110,0,2,38,0,40,35,50,64,1,150,12,0,12,162
07/01/2014,CRW,WV,AEA,CE,Combined TRACON& Tower with Radar,17,46,52,3,118,0,8,17,0,25,17,54,69,3,143,32,0,32,175
07/02/2014,CRW,WV,AEA,CE,Combined TRACON& Tower with Radar,19,42,20,15,96,0,10,27,5,42,19,52,47,20,138,86,10,96,234
07/03/2014,CRW,WV,AEA,CE,Combined TRACON& Tower with Radar,5,45,24,4,78,0,2,29,0,31,5,47,53,4,109,6,0,6,115
07/04/2014,CRW,WV,AEA,CE,Combined TRACON& Tower with Radar,2,32,12,7,53,0,15,9,0,24,2,47,21,7,77,0,0,0,77
07/05/2014,CRW,WV,AEA,CE,Combined TRACON& Tower with Radar,4,32,10,0,46,0,9,31,0,40,4,41,41,0,86,28,0,28,114
07/06/2014,CRW,WV,AEA,CE,Combined TRACON& Tower with Radar,11,44,21,0,76,0,20,31,0,51,11,64,52,0,127,50,0,50,177
07/07/2014,CRW,WV,AEA,CE,Combined TRACON& Tower with Radar,8,51,26,0,85,0,2,35,4,41,8,53,61,4,126,30,0,30,156
07/08/2014,CRW,WV,AEA,CE,Combined TRACON& Tower with Radar,7,45,20,3,75,0,6,12,0,18,7,51,32,3,93,38,0,38,131
07/09/2014,CRW,WV,AEA,CE,Combined TRACON& Tower with Radar,6,56,51,28,141,0,44,23,3,70,6,100,74,31,211,30,34,64,275
07/10/2014,CRW,WV,AEA,CE,Combined TRACON& Tower with Radar,16,56,19,17,108,0,1,21,14,36,16,57,40,31,144,68,10,78,222
07/11/2014,CRW,WV,AEA,CE,Combined TRACON& Tower with Radar,4,55,17,15,91,0,7,24,7,38,4,62,41,22,129,10,76,86,215
07/12/2014,CRW,WV,AEA,CE,Combined TRACON& Tower with Radar,5,36,21,7,69,0,16,24,3,43,5,52,45,10,112,40,0,40,152
07/13/2014,CRW,WV,AEA,CE,Combined TRACON& Tower with Radar,5,42,30,12,89,2,14,5,4,25,7,56,35,16,114,0,12,12,126
07/14/2014,CRW,WV,AEA,CE,Combined TRACON& Tower with Radar,3,38,23,5,69,0,8,15,1,24,3,46,38,6,93,0,4,4,97
07/15/2014,CRW,WV,AEA,CE,Combined TRACON& Tower with Radar,6,51,23,5,85,0,9,16,0,25,6,60,39,5,110,34,0,34,144
07/16/2014,CRW,WV,AEA,CE,Combined TRACON& Tower with Radar,7,49,32,2,90,0,9,36,10,55,7,58,68,12,145,76,0,76,221
07/17/2014,CRW,WV,AEA,CE,Combined TRACON& Tower with Radar,8,52,23,8,91,0,8,34,3,45,8,60,57,11,136,38,20,58,194
07/18/2014,CRW,WV,AEA,CE,Combined TRACON& Tower with Radar,4,53,23,10,90,0,3,19,6,28,4,56,42,16,118,0,0,0,118
07/19/2014,CRW,WV,AEA,CE,Combined TRACON& Tower with Radar,9,43,14,0,66,0,4,2,0,6,9,47,16,0,72,0,0,0,72
07/20/2014,CRW,WV,AEA,CE,Combined TRACON& Tower with Radar,3,45,24,1,73,0,0,12,0,12,3,45,36,1,85,40,0,40,125
07/21/2014,CRW,WV,AEA,CE,Combined TRACON& Tower with Radar,4,50,24,2,80,0,0,30,4,34,4,50,54,6,114,46,2,48,162
07/22/2014,CRW,WV,AEA,CE,Combined TRACON& Tower with Radar,5,50,27,21,103,0,12,27,5,44,5,62,54,26,147,82,10,92,239
07/23/2014,CRW,WV,AEA,CE,Combined TRACON& Tower with Radar,7,57,21,2,87,0,5,13,3,21,7,62,34,5,108,29,0,29,137
07/24/2014,CRW,WV,AEA,CE,Combined TRACON& Tower with Radar,4,62,21,5,92,0,2,10,0,12,4,64,31,5,104,0,0,0,104
07/25/2014,CRW,WV,AEA,CE,Combined TRACON& Tower with Radar,4,53,24,27,108,0,8,29,5,42,4,61,53,32,150,8,16,24,174
07/26/2014,CRW,WV,AEA,CE,Combined TRACON& Tower with Radar,4,39,9,6,58,0,8,24,0,32,4,47,33,6,90,4,0,4,94
07/27/2014,CRW,WV,AEA,CE,Combined TRACON& Tower with Radar,3,31,8,3,45,0,1,0,0,1,3,32,8,3,46,0,0,0,46
07/28/2014,CRW,WV,AEA,CE,Combined TRACON& Tower with Radar,4,53,26,19,102,0,5,13,0,18,4,58,39,19,120,0,14,14,134
07/29/2014,CRW,WV,AEA,CE,Combined TRACON& Tower with Radar,4,55,16,21,96,0,7,24,9,40,4,62,40,30,136,20,0,20,156
07/30/2014,CRW,WV,AEA,CE,Combined TRACON& Tower with Radar,6,54,21,17,98,0,0,25,14,39,6,54,46,31,137,12,0,12,149
07/31/2014,CRW,WV,AEA,CE,Combined TRACON& Tower with Radar,4,49,35,44,132,0,1,28,33,62,4,50,63,77,194,0,0,0,194
08/01/2014,CRW,WV,AEA,CE,Combined TRACON& Tower with Radar,4,59,23,14,100,0,6,14,6,26,4,65,37,20,126,44,10,54,180
08/02/2014,CRW,WV,AEA,CE,Combined TRACON& Tower with Radar,4,42,9,17,72,0,7,11,0,18,4,49,20,17,90,16,21,37,127
08/03/2014,CRW,WV,AEA,CE,Combined TRACON& Tower with Radar,3,45,15,10,73,0,1,20,6,27,3,46,35,16,100,28,2,30,130
08/04/2014,CRW,WV,AEA,CE,Combined TRACON& Tower with Radar,13,56,28,7,104,0,34,25,11,70,13,90,53,18,174,12,0,12,186
08/05/2014,CRW,WV,AEA,CE,Combined TRACON& Tower with Radar,2,49,14,8,73,0,1,43,16,60,2,50,57,24,133,50,0,50,183
08/06/2014,CRW,WV,AEA,CE,Combined TRACON& Tower with Radar,4,59,13,20,96,0,9,50,15,74,4,68,63,35,170,76,52,128,298
08/07/2014,CRW,WV,AEA,CE,Combined TRACON& Tower with Radar,2,60,37,12,111,0,7,29,7,43,2,67,66,19,154,16,0,16,170
08/08/2014,CRW,WV,AEA,CE,Combined TRACON& Tower with Radar,1,50,17,23,91,0,1,8,8,17,1,51,25,31,108,28,10,38,146
08/09/2014,CRW,WV,AEA,CE,Combined TRACON& Tower with Radar,5,37,10,1,53,0,0,8,0,8,5,37,18,1,61,38,0,38,99
08/10/2014,CRW,WV,AEA,CE,Combined TRACON& Tower with Radar,5,48,13,0,66,0,8,6,0,14,5,56,19,0,80,4,0,4,84
08/11/2014,CRW,WV,AEA,CE,Combined TRACON& Tower with Radar,2,50,17,10,79,0,1,6,35,42,2,51,23,45,121,0,37,37,158
08/12/2014,CRW,WV,AEA,CE,Combined TRACON& Tower with Radar,3,55,23,17,98,0,2,7,7,16,3,57,30,24,114,0,14,14,128
08/13/2014,CRW,WV,AEA,CE,Combined TRACON& Tower with Radar,7,61,33,21,122,0,8,25,4,37,7,69,58,25,159,66,6,72,231
08/14/2014,CRW,WV,AEA,CE,Combined TRACON& Tower with Radar,4,59,17,3,83,0,12,24,18,54,4,71,41,21,137,28,0,28,165
08/15/2014,CRW,WV,AEA,CE,Combined TRACON& Tower with Radar,2,47,41,13,103,0,9,26,13,48,2,56,67,26,151,54,46,100,251
08/16/2014,CRW,WV,AEA,CE,Combined TRACON& Tower with Radar,4,36,18,0,58,0,5,25,0,30,4,41,43,0,88,58,0,58,146
08/17/2014,CRW,WV,AEA,CE,Combined TRACON& Tower with Radar,4,38,18,17,77,0,1,9,0,10,4,39,27,17,87,12,14,26,113
08/18/2014,CRW,WV,AEA,CE,Combined TRACON& Tower with Radar,2,55,17,2,76,0,3,9,0,12,2,58,26,2,88,26,0,26,114
08/19/2014,CRW,WV,AEA,CE,Combined TRACON& Tower with Radar,3,54,18,6,81,0,0,22,3,25,3,54,40,9,106,0,0,0,106
08/20/2014,CRW,WV,AEA,CE,Combined TRACON& Tower with Radar,5,56,16,20,97,0,2,9,11,22,5,58,25,31,119,33,26,59,178
08/21/2014,CRW,WV,AEA,CE,Combined TRACON& Tower with Radar,2,54,27,2,85,0,3,15,59,77,2,57,42,61,162,10,0,10,172
08/22/2014,CRW,WV,AEA,CE,Combined TRACON& Tower with Radar,2,48,19,2,71,0,2,7,2,11,2,50,26,4,82,0,0,0,82
08/23/2014,CRW,WV,AEA,CE,Combined TRACON& Tower with Radar,4,33,11,0,48,0,5,14,2,21,4,38,25,2,69,32,0,32,101
08/24/2014,CRW,WV,AEA,CE,Combined TRACON& Tower with Radar,5,49,16,0,70,0,10,32,0,42,5,59,48,0,112,59,0,59,171
08/25/2014,CRW,WV,AEA,CE,Combined TRACON& Tower with Radar,7,46,11,2,66,0,6,28,5,39,7,52,39,7,105,16,0,16,121
08/26/2014,CRW,WV,AEA,CE,Combined TRACON& Tower with Radar,2,50,33,3,88,0,3,43,9,55,2,53,76,12,143,38,0,38,181
08/27/2014,CRW,WV,AEA,CE,Combined TRACON& Tower with Radar,4,49,35,9,97,0,0,47,22,69,4,49,82,31,166,0,24,24,190
08/28/2014,CRW,WV,AEA,CE,Combined TRACON& Tower with Radar,5,59,27,11,102,0,11,21,7,39,5,70,48,18,141,25,10,35,176
08/29/2014,CRW,WV,AEA,CE,Combined TRACON& Tower with Radar,3,52,18,2,75,0,6,35,0,41,3,58,53,2,116,16,0,16,132
08/30/2014,CRW,WV,AEA,CE,Combined TRACON& Tower with Radar,5,29,20,0,54,0,7,13,1,21,5,36,33,1,75,0,3,3,78
08/31/2014,CRW,WV,AEA,CE,Combined TRACON& Tower with Radar,2,30,13,0,45,0,9,5,0,14,2,39,18,0,59,0,0,0,59
09/01/2014,CRW,WV,AEA,CE,Combined TRACON& Tower with Radar,3,42,16,0,61,0,2,4,0,6,3,44,20,0,67,18,0,18,85
09/02/2014,CRW,WV,AEA,CE,Combined TRACON& Tower with Radar,4,52,11,0,67,0,2,20,0,22,4,54,31,0,89,0,2,2,91
09/03/2014,CRW,WV,AEA,CE,Combined TRACON& Tower with Radar,4,45,20,11,80,0,4,32,3,39,4,49,52,14,119,24,8,32,151
09/04/2014,CRW,WV,AEA,CE,Combined TRACON& Tower with Radar,6,53,34,3,96,0,1,21,3,25,6,54,55,6,121,11,0,11,132
09/05/2014,CRW,WV,AEA,CE,Combined TRACON& Tower with Radar,2,52,32,5,91,0,5,37,24,66,2,57,69,29,157,62,0,62,219
09/06/2014,CRW,WV,AEA,CE,Combined TRACON& Tower with Radar,3,26,3,5,37,0,1,0,1,2,3,27,3,6,39,0,0,0,39
09/07/2014,CRW,WV,AEA,CE,Combined TRACON& Tower with Radar,4,44,12,5,65,0,6,9,1,16,4,50,21,6,81,22,10,32,113
09/08/2014,CRW,WV,AEA,CE,Combined TRACON& Tower with Radar,5,47,29,2,83,0,2,19,4,25,5,49,48,6,108,14,0,14,122
09/09/2014,CRW,WV,AEA,CE,Combined TRACON& Tower with Radar,6,54,36,16,112,0,11,42,8,61,6,65,78,24,173,10,51,61,234
09/10/2014,CRW,WV,AEA,CE,Combined TRACON& Tower with Radar,6,49,18,14,87,0,10,19,9,38,6,59,37,23,125,34,0,34,159
09/11/2014,CRW,WV,AEA,CE,Combined TRACON& Tower with Radar,4,53,11,18,86,0,1,4,0,5,4,54,15,18,91,0,12,12,103
09/12/2014,CRW,WV,AEA,CE,Combined TRACON& Tower with Radar,2,57,23,26,108,0,0,12,4,16,2,57,35,30,124,18,0,18,142
09/13/2014,CRW,WV,AEA,CE,Combined TRACON& Tower with Radar,2,32,14,8,56,0,3,3,0,6,2,35,17,8,62,28,16,44,106
09/14/2014,CRW,WV,AEA,CE,Combined TRACON& Tower with Radar,4,46,14,4,68,0,5,19,0,24,4,51,33,4,92,10,6,16,108
09/15/2014,CRW,WV,AEA,CE,Combined TRACON& Tower with Radar,4,59,31,12,106,0,5,20,2,27,4,64,51,14,133,68,0,68,201
09/16/2014,CRW,WV,AEA,CE,Combined TRACON& Tower with Radar,4,60,25,22,111,0,1,9,2,12,4,61,34,24,123,16,0,16,139
09/17/2014,CRW,WV,AEA,CE,Combined TRACON& Tower with Radar,7,74,35,26,142,0,1,19,1,21,7,75,54,27,163,33,30,63,226
09/18/2014,CRW,WV,AEA,CE,Combined TRACON& Tower with Radar,6,56,16,10,88,0,5,15,1,21,6,61,31,11,109,36,1,37,146
09/19/2014,CRW,WV,AEA,CE,Combined TRACON& Tower with Radar,2,53,25,1,81,0,3,29,5,37,2,56,54,6,118,74,12,86,204
09/20/2014,CRW,WV,AEA,CE,Combined TRACON& Tower with Radar,3,41,24,0,68,0,1,22,0,23,3,42,46,0,91,12,0,12,103
09/21/2014,CRW,WV,AEA,CE,Combined TRACON& Tower with Radar,6,53,30,2,91,0,1,7,0,8,6,54,37,2,99,2,0,2,101
09/22/2014,CRW,WV,AEA,CE,Combined TRACON& Tower with Radar,7,50,20,5,82,0,4,13,3,20,7,54,33,8,102,46,0,46,148
09/23/2014,CRW,WV,AEA,CE,Combined TRACON& Tower with Radar,5,46,40,18,109,0,9,22,12,43,5,55,62,30,152,12,36,48,200
09/24/2014,CRW,WV,AEA,CE,Combined TRACON& Tower with Radar,4,48,35,5,92,0,5,34,18,57,4,53,69,23,149,4,20,24,173
09/25/2014,CRW,WV,AEA,CE,Combined TRACON& Tower with Radar,4,46,24,15,89,0,0,40,8,48,4,46,64,23,137,0,29,29,166
09/26/2014,CRW,WV,AEA,CE,Combined TRACON& Tower with Radar,5,48,15,1,69,0,12,22,1,35,5,60,37,2,104,18,0,18,122
09/27/2014,CRW,WV,AEA,CE,Combined TRACON& Tower with Radar,2,32,13,0,47,0,8,11,0,19,2,40,24,0,66,28,0,28,94
09/28/2014,CRW,WV,AEA,CE,Combined TRACON& Tower with Radar,4,40,13,0,57,0,5,43,1,49,4,45,56,1,106,50,0,50,156
09/29/2014,CRW,WV,AEA,CE,Combined TRACON& Tower with Radar,4,47,42,0,93,0,16,22,0,38,4,63,64,0,131,10,0,10,141
09/30/2014,CRW,WV,AEA,CE,Combined TRACON& Tower with Radar,4,41,38,8,91,0,5,31,0,36,4,46,69,8,127,65,0,65,192
10/01/2014,CRW,WV,AEA,CE,Combined TRACON& Tower with Radar,4,50,39,33,126,0,1,10,1,12,4,51,49,34,138,0,0,0,138
10/02/2014,CRW,WV,AEA,CE,Combined TRACON& Tower with Radar,4,48,31,8,91,0,7,34,11,52,4,55,65,19,143,35,40,75,218
10/03/2014,CRW,WV,AEA,CE,Combined TRACON& Tower with Radar,5,47,15,1,68,0,2,22,1,25,5,49,37,2,93,0,0,0,93
10/04/2014,CRW,WV,AEA,CE,Combined TRACON& Tower with Radar,2,37,24,0,63,0,12,11,0,23,2,49,35,0,86,0,20,20,106
10/05/2014,CRW,WV,AEA,CE,Combined TRACON& Tower with Radar,5,50,19,0,74,0,3,28,1,32,5,53,47,1,106,24,0,24,130
10/06/2014,CRW,WV,AEA,CE,Combined TRACON& Tower with Radar,2,51,28,4,85,0,6,9,3,18,2,57,37,7,103,0,0,0,103
10/07/2014,CRW,WV,AEA,CE,Combined TRACON& Tower with Radar,4,44,14,0,62,0,4,1,2,7,4,48,15,2,69,0,0,0,69
10/08/2014,CRW,WV,AEA,CE,Combined TRACON& Tower with Radar,4,55,18,3,80,0,2,27,13,42,4,57,45,16,122,48,0,48,170
10/09/2014,CRW,WV,AEA,CE,Combined TRACON& Tower with Radar,3,52,23,11,89,0,2,34,7,43,3,54,57,18,132,14,22,36,168
10/10/2014,CRW,WV,AEA,CE,Combined TRACON& Tower with Radar,4,44,12,0,60,0,0,0,0,0,4,44,12,0,60,0,30,30,90
10/11/2014,CRW,WV,AEA,CE,Combined TRACON& Tower with Radar,6,31,16,2,55,0,1,0,0,1,6,32,16,2,56,0,0,0,56
10/12/2014,CRW,WV,AEA,CE,Combined TRACON& Tower with Radar,7,44,10,0,61,0,0,8,0,8,7,44,18,0,69,28,0,28,97
10/13/2014,CRW,WV,AEA,CE,Combined TRACON& Tower with Radar,7,51,26,0,84,0,2,3,0,5,7,53,29,0,89,8,0,8,97
10/14/2014,CRW,WV,AEA,CE,Combined TRACON& Tower with Radar,5,50,20,0,75,0,2,4,7,13,5,52,24,7,88,0,0,0,88
10/15/2014,CRW,WV,AEA,CE,Combined TRACON& Tower with Radar,4,48,20,15,87,0,1,9,6,16,4,49,29,21,103,29,5,34,137
10/16/2014,CRW,WV,AEA,CE,Combined TRACON& Tower with Radar,5,53,30,5,93,0,0,6,2,8,5,53,36,7,101,10,0,10,111
10/17/2014,CRW,WV,AEA,CE,Combined TRACON& Tower with Radar,3,57,28,5,93,0,1,34,4,39,3,58,62,9,132,0,0,0,132
10/18/2014,CRW,WV,AEA,CE,Combined TRACON& Tower with Radar,5,29,14,2,50,0,6,5,5,16,5,35,19,7,66,0,0,0,66
10/19/2014,CRW,WV,AEA,CE,Combined TRACON& Tower with Radar,6,39,35,2,82,0,2,39,0,41,6,41,74,2,123,18,0,18,141
10/20/2014,CRW,WV,AEA,CE,Combined TRACON& Tower with Radar,3,63,45,13,124,0,3,32,0,35,3,66,77,13,159,22,0,22,181
10/21/2014,CRW,WV,AEA,CE,Combined TRACON& Tower with Radar,4,58,29,9,100,0,0,8,0,8,4,58,37,9,108,14,0,14,122
10/22/2014,CRW,WV,AEA,CE,Combined TRACON& Tower with Radar,4,58,46,4,112,0,0,7,4,11,4,58,53,8,123,2,0,2,125
10/23/2014,CRW,WV,AEA,CE,Combined TRACON& Tower with Radar,4,51,37,5,97,0,0,25,0,25,4,51,62,5,122,26,0,26,148
10/24/2014,CRW,WV,AEA,CE,Combined TRACON& Tower with Radar,4,45,27,6,82,0,5,24,4,33,4,50,51,10,115,0,0,0,115
10/25/2014,CRW,WV,AEA,CE,Combined TRACON& Tower with Radar,5,29,14,0,48,0,5,19,14,38,5,34,33,14,86,1,2,3,89
10/26/2014,CRW,WV,AEA,CE,Combined TRACON& Tower with Radar,12,46,22,1,81,0,5,31,0,36,12,51,53,1,117,32,0,32,149
10/27/2014,CRW,WV,AEA,CE,Combined TRACON& Tower with Radar,3,45,16,4,68,0,10,40,0,50,3,55,56,4,118,20,4,24,142
10/28/2014,CRW,WV,AEA,CE,Combined TRACON& Tower with Radar,4,47,20,0,71,0,3,18,5,26,4,50,38,5,97,34,0,34,131
10/29/2014,CRW,WV,AEA,CE,Combined TRACON& Tower with Radar,6,48,28,2,84,0,6,33,7,46,6,54,61,9,130,2,0,2,132
10/30/2014,CRW,WV,AEA,CE,Combined TRACON& Tower with Radar,6,46,49,3,104,0,3,27,6,36,6,49,76,9,140,54,0,54,194
10/31/2014,CRW,WV,AEA,CE,Combined TRACON& Tower with Radar,2,46,15,9,72,0,1,2,11,14,2,47,17,20,86,0,0,0,86
11/01/2014,CRW,WV,AEA,CE,Combined TRACON& Tower with Radar,4,40,8,2,54,0,2,2,0,4,4,42,10,2,58,0,0,0,58
11/02/2014,CRW,WV,AEA,CE,Combined TRACON& Tower with Radar,7,39,18,5,69,0,6,18,1,25,7,45,36,6,94,34,4,38,132
11/03/2014,CRW,WV,AEA,CE,Combined TRACON& Tower with Radar,8,48,18,0,74,0,8,25,0,33,8,56,43,0,107,10,0,10,117
11/04/2014,CRW,WV,AEA,CE,Combined TRACON& Tower with Radar,6,45,27,9,87,0,7,26,2,35,6,52,53,11,122,44,0,44,166
11/05/2014,CRW,WV,AEA,CE,Combined TRACON& Tower with Radar,2,51,43,3,99,0,1,10,4,15,2,52,53,7,114,0,0,0,114
11/06/2014,CRW,WV,AEA,CE,Combined TRACON& Tower with Radar,4,47,12,5,68,0,0,5,0,5,4,47,17,5,73,16,0,16,89
11/07/2014,CRW,WV,AEA,CE,Combined TRACON& Tower with Radar,3,47,18,11,79,0,0,7,0,7,3,47,25,11,86,18,0,18,104
11/08/2014,CRW,WV,AEA,CE,Combined TRACON& Tower with Radar,5,29,30,4,68,0,8,26,0,34,5,37,56,4,102,26,0,26,128
11/09/2014,CRW,WV,AEA,CE,Combined TRACON& Tower with Radar,5,40,16,0,61,0,7,21,0,28,5,47,37,0,89,16,0,16,105
11/10/2014,CRW,WV,AEA,CE,Combined TRACON& Tower with Radar,8,46,19,2,75,0,2,36,6,44,8,48,55,8,119,47,0,47,166
11/11/2014,CRW,WV,AEA,CE,Combined TRACON& Tower with Radar,4,49,36,0,89,0,14,37,4,55,4,63,73,4,144,0,0,0,144
11/12/2014,CRW,WV,AEA,CE,Combined TRACON& Tower with Radar,3,47,28,13,91,0,5,16,11,32,3,52,44,24,123,62,16,78,201
11/13/2014,CRW,WV,AEA,CE,Combined TRACON& Tower with Radar,5,50,23,6,84,0,0,9,1,10,5,50,32,7,94,0,2,2,96
11/14/2014,CRW,WV,AEA,CE,Combined TRACON& Tower with Radar,5,46,19,9,79,0,5,34,0,39,5,51,53,9,118,0,4,4,122
11/15/2014,CRW,WV,AEA,CE,Combined TRACON& Tower with Radar,9,36,33,0,78,0,9,57,0,66,9,45,90,0,144,52,0,52,196
11/16/2014,CRW,WV,AEA,CE,Combined TRACON& Tower with Radar,8,44,19,1,72,0,4,1,0,5,8,48,20,1,77,0,0,0,77
11/17/2014,CRW,WV,AEA,CE,Combined TRACON& Tower with Radar,6,40,20,3,69,0,0,0,0,0,6,40,20,3,69,0,0,0,69
11/18/2014,CRW,WV,AEA,CE,Combined TRACON& Tower with Radar,5,57,35,4,101,0,10,14,0,24,5,67,49,4,125,0,0,0,125
11/19/2014,CRW,WV,AEA,CE,Combined TRACON& Tower with Radar,2,46,22,0,70,0,4,53,2,59,2,50,75,2,129,0,0,0,129
11/20/2014,CRW,WV,AEA,CE,Combined TRACON& Tower with Radar,4,55,28,4,91,0,2,24,9,35,4,57,52,13,126,10,6,16,142
11/21/2014,CRW,WV,AEA,CE,Combined TRACON& Tower with Radar,9,47,20,8,84,0,0,33,13,46,9,47,53,21,130,16,16,32,162
11/22/2014,CRW,WV,AEA,CE,Combined TRACON& Tower with Radar,4,30,3,3,40,0,7,16,0,23,4,37,19,3,63,60,0,60,123
11/23/2014,CRW,WV,AEA,CE,Combined TRACON& Tower with Radar,3,33,18,8,62,0,9,38,0,47,3,42,56,8,109,2,0,2,111
11/24/2014,CRW,WV,AEA,CE,Combined TRACON& Tower with Radar,4,34,10,3,51,0,0,3,0,3,4,34,13,3,54,0,0,0,54
11/25/2014,CRW,WV,AEA,CE,Combined TRACON& Tower with Radar,9,44,25,2,80,0,12,15,0,27,9,56,40,2,107,46,0,46,153
11/26/2014,CRW,WV,AEA,CE,Combined TRACON& Tower with Radar,2,32,4,0,38,0,0,0,0,0,2,32,4,0,38,0,0,0,38
11/27/2014,CRW,WV,AEA,CE,Combined TRACON& Tower with Radar,4,22,0,0,26,0,0,0,0,0,4,22,0,0,26,0,0,0,26
11/28/2014,CRW,WV,AEA,CE,Combined TRACON& Tower with Radar,4,29,20,0,53,0,0,30,0,30,4,29,50,0,83,0,0,0,83
11/29/2014,CRW,WV,AEA,CE,Combined TRACON& Tower with Radar,2,37,8,0,47,0,2,4,0,6,2,39,12,0,53,61,0,61,114
11/30/2014,CRW,WV,AEA,CE,Combined TRACON& Tower with Radar,10,44,27,0,81,0,2,7,0,9,10,46,34,0,90,1,0,1,91
12/01/2014,CRW,WV,AEA,CE,Combined TRACON& Tower with Radar,4,42,12,2,60,0,1,2,0,3,4,43,14,2,63,8,0,8,71
12/02/2014,CRW,WV,AEA,CE,Combined TRACON& Tower with Radar,7,50,12,14,83,0,0,0,14,14,7,50,12,28,97,0,0,0,97
12/03/2014,CRW,WV,AEA,CE,Combined TRACON& Tower with Radar,7,49,7,2,65,0,1,0,0,1,7,50,7,2,66,0,0,0,66
12/04/2014,CRW,WV,AEA,CE,Combined TRACON& Tower with Radar,5,45,18,7,75,0,0,12,0,12,5,45,30,7,87,6,0,6,93
12/05/2014,CRW,WV,AEA,CE,Combined TRACON& Tower with Radar,7,52,22,8,89,0,1,1,0,2,7,53,23,8,91,0,0,0,91
12/06/2014,CRW,WV,AEA,CE,Combined TRACON& Tower with Radar,7,21,5,4,37,0,0,0,0,0,7,21,5,4,37,0,0,0,37
12/07/2014,CRW,WV,AEA,CE,Combined TRACON& Tower with Radar,4,37,10,4,55,0,5,15,0,20,4,42,25,4,75,34,0,34,109
12/08/2014,CRW,WV,AEA,CE,Combined TRACON& Tower with Radar,13,52,24,11,100,0,6,36,2,44,13,58,60,13,144,55,0,55,199
12/09/2014,CRW,WV,AEA,CE,Combined TRACON& Tower with Radar,4,40,19,10,73,0,3,3,0,6,4,43,22,10,79,10,0,10,89
12/10/2014,CRW,WV,AEA,CE,Combined TRACON& Tower with Radar,4,47,19,1,71,0,0,4,0,4,4,47,23,1,75,0,0,0,75
12/11/2014,CRW,WV,AEA,CE,Combined TRACON& Tower with Radar,6,46,29,0,81,0,6,27,1,34,6,52,56,1,115,20,0,20,135
12/12/2014,CRW,WV,AEA,CE,Combined TRACON& Tower with Radar,4,53,28,22,107,0,18,36,20,74,4,71,64,42,181,24,0,24,205
12/13/2014,CRW,WV,AEA,CE,Combined TRACON& Tower with Radar,6,23,0,0,29,0,2,0,0,2,6,25,0,0,31,0,0,0,31
12/14/2014,CRW,WV,AEA,CE,Combined TRACON& Tower with Radar,4,43,11,0,58,0,0,0,0,0,4,43,11,0,58,20,0,20,78
12/15/2014,CRW,WV,AEA,CE,Combined TRACON& Tower with Radar,6,44,30,5,85,0,4,40,0,44,6,48,70,5,129,0,0,0,129
12/16/2014,CRW,WV,AEA,CE,Combined TRACON& Tower with Radar,4,58,30,13,105,0,0,9,10,19,4,58,39,23,124,0,0,0,124
12/17/2014,CRW,WV,AEA,CE,Combined TRACON& Tower with Radar,5,38,13,5,61,0,1,26,0,27,5,39,39,5,88,20,0,20,108
12/18/2014,CRW,WV,AEA,CE,Combined TRACON& Tower with Radar,4,50,26,13,93,0,0,23,6,29,4,50,49,19,122,20,36,56,178
12/19/2014,CRW,WV,AEA,CE,Combined TRACON& Tower with Radar,4,36,27,1,68,0,2,14,0,16,4,38,41,1,84,0,0,0,84
12/20/2014,CRW,WV,AEA,CE,Combined TRACON& Tower with Radar,1,35,10,1,47,0,2,14,0,16,1,37,24,1,63,44,0,44,107
12/21/2014,CRW,WV,AEA,CE,Combined TRACON& Tower with Radar,7,43,27,0,77,0,4,23,2,29,7,47,50,2,106,28,0,28,134
12/22/2014,CRW,WV,AEA,CE,Combined TRACON& Tower with Radar,2,37,14,0,53,0,1,31,0,32,2,38,45,0,85,17,0,17,102
12/23/2014,CRW,WV,AEA,CE,Combined TRACON& Tower with Radar,2,49,32,23,106,0,3,16,12,31,2,52,48,35,137,48,70,118,255
12/24/2014,CRW,WV,AEA,CE,Combined TRACON& Tower with Radar,2,36,9,0,47,0,1,2,0,3,2,37,11,0,50,0,0,0,50
12/25/2014,CRW,WV,AEA,CE,Combined TRACON& Tower with Radar,2,21,3,0,26,0,6,3,0,9,2,27,6,0,35,8,0,8,43
12/26/2014,CRW,WV,AEA,CE,Combined TRACON& Tower with Radar,1,39,14,0,54,0,5,21,0,26,1,44,35,0,80,0,0,0,80
12/27/2014,CRW,WV,AEA,CE,Combined TRACON& Tower with Radar,1,32,12,1,46,0,0,23,0,23,1,32,35,1,69,50,0,50,119
12/28/2014,CRW,WV,AEA,CE,Combined TRACON& Tower with Radar,6,44,9,0,59,0,0,0,0,0,6,44,9,0,59,2,0,2,61
12/29/2014,CRW,WV,AEA,CE,Combined TRACON& Tower with Radar,3,43,8,8,62,0,2,2,0,4,3,45,10,8,66,58,0,58,124
12/30/2014,CRW,WV,AEA,CE,Combined TRACON& Tower with Radar,3,39,14,4,60,0,1,53,0,54,3,40,67,4,114,42,0,42,156
12/31/2014,CRW,WV,AEA,CE,Combined TRACON& Tower with Radar,2,29,9,0,40,0,2,12,0,14,2,31,21,0,54,33,0,33,87
01/01/2015,CRW,WV,AEA,CE,Combined TRACON& Tower with Radar,2,28,3,0,33,0,2,10,0,12,2,30,13,0,45,0,0,0,45
01/02/2015,CRW,WV,AEA,CE,Combined TRACON& Tower with Radar,2,32,18,1,53,0,3,8,0,11,2,35,26,1,64,0,0,0,64
01/03/2015,CRW,WV,AEA,CE,Combined TRACON& Tower with Radar,4,48,31,1,84,0,10,16,0,26,4,58,47,1,110,10,0,10,120
01/04/2015,CRW,WV,AEA,CE,Combined TRACON& Tower with Radar,5,32,11,0,48,0,0,2,0,2,5,32,13,0,50,0,0,0,50
01/05/2015,CRW,WV,AEA,CE,Combined TRACON& Tower with Radar,4,41,18,2,65,0,1,22,4,27,4,42,40,6,92,0,0,0,92
01/06/2015,CRW,WV,AEA,CE,Combined TRACON& Tower with Radar,5,40,8,6,59,0,0,4,0,4,5,40,12,6,63,0,6,6,69
01/07/2015,CRW,WV,AEA,CE,Combined TRACON& Tower with Radar,2,49,13,2,66,0,0,0,0,0,2,49,13,2,66,0,0,0,66
01/08/2015,CRW,WV,AEA,CE,Combined TRACON& Tower with Radar,2,46,16,2,66,0,3,20,0,23,2,49,36,2,89,0,0,0,89
01/09/2015,CRW,WV,AEA,CE,Combined TRACON& Tower with Radar,2,42,8,4,56,0,8,6,0,14,2,50,14,4,70,4,0,4,74
01/10/2015,CRW,WV,AEA,CE,Combined TRACON& Tower with Radar,2,29,18,8,57,0,15,31,5,51,2,44,49,13,108,25,30,55,163
01/11/2015,CRW,WV,AEA,CE,Combined TRACON& Tower with Radar,7,41,10,4,62,0,14,28,4,46,7,55,38,8,108,58,0,58,166
01/12/2015,CRW,WV,AEA,CE,Combined TRACON& Tower with Radar,2,43,11,0,56,0,0,0,0,0,2,43,11,0,56,0,0,0,56
01/13/2015,CRW,WV,AEA,CE,Combined TRACON& Tower with Radar,4,42,9,10,65,0,0,5,0,5,4,42,14,10,70,34,0,34,104
01/14/2015,CRW,WV,AEA,CE,Combined TRACON& Tower with Radar,5,48,11,2,66,0,0,2,0,2,5,48,13,2,68,0,0,0,68
01/15/2015,CRW,WV,AEA,CE,Combined TRACON& Tower with Radar,2,47,46,9,104,0,0,29,2,31,2,47,75,11,135,18,0,18,153
01/16/2015,CRW,WV,AEA,CE,Combined TRACON& Tower with Radar,2,50,16,3,71,0,1,12,4,17,2,51,28,7,88,10,0,10,98
01/17/2015,CRW,WV,AEA,CE,Combined TRACON& Tower with Radar,2,27,9,0,38,0,4,23,0,27,2,31,32,0,65,0,0,0,65
01/18/2015,CRW,WV,AEA,CE,Combined TRACON& Tower with Radar,5,30,6,3,44,0,0,0,0,0,5,30,6,3,44,0,0,0,44
01/19/2015,CRW,WV,AEA,CE,Combined TRACON& Tower with Radar,2,40,29,1,72,0,8,33,0,41,2,48,62,1,113,32,0,32,145
01/20/2015,CRW,WV,AEA,CE,Combined TRACON& Tower with Radar,4,53,19,6,82,0,11,11,10,32,4,64,30,16,114,8,6,14,128
01/21/2015,CRW,WV,AEA,CE,Combined TRACON& Tower with Radar,4,45,15,4,68,0,6,14,5,25,4,51,29,9,93,12,0,12,105
01/22/2015,CRW,WV,AEA,CE,Combined TRACON& Tower with Radar,2,47,17,3,69,0,0,12,2,14,2,47,29,5,83,20,0,20,103
01/23/2015,CRW,WV,AEA,CE,Combined TRACON& Tower with Radar,2,46,4,6,58,0,3,5,0,8,2,49,9,6,66,5,0,5,71
01/24/2015,CRW,WV,AEA,CE,Combined TRACON& Tower with Radar,2,25,4,2,33,0,0,0,0,0,2,25,4,2,33,0,0,0,33
01/25/2015,CRW,WV,AEA,CE,Combined TRACON& Tower with Radar,6,41,9,0,56,0,14,40,0,54,6,55,49,0,110,45,0,45,155
01/26/2015,CRW,WV,AEA,CE,Combined TRACON& Tower with Radar,2,31,9,0,42,0,0,0,0,0,2,31,9,0,42,0,0,0,42
01/27/2015,CRW,WV,AEA,CE,Combined TRACON& Tower with Radar,2,44,11,5,62,0,0,10,0,10,2,44,21,5,72,0,41,41,113
01/28/2015,CRW,WV,AEA,CE,Combined TRACON& Tower with Radar,3,58,41,3,105,0,4,47,4,55,3,62,88,7,160,127,0,127,287
01/29/2015,CRW,WV,AEA,CE,Combined TRACON& Tower with Radar,2,42,9,12,65,0,6,4,12,22,2,48,13,24,87,6,25,31,118
01/30/2015,CRW,WV,AEA,CE,Combined TRACON& Tower with Radar,2,42,8,3,55,0,3,2,3,8,2,45,10,6,63,0,0,0,63
01/31/2015,CRW,WV,AEA,CE,Combined TRACON& Tower with Radar,2,36,26,0,64,0,8,26,0,34,2,44,52,0,98,12,0,12,110
02/01/2015,CRW,WV,AEA,CE,Combined TRACON& Tower with Radar,6,33,14,0,53,0,0,1,0,1,6,33,15,0,54,0,0,0,54
02/02/2015,CRW,WV,AEA,CE,Combined TRACON& Tower with Radar,5,37,14,0,56,0,2,0,0,2,5,39,14,0,58,0,0,0,58
02/03/2015,CRW,WV,AEA,CE,Combined TRACON& Tower with Radar,4,45,13,10,72,0,5,19,0,24,4,50,32,10,96,18,14,32,128
02/04/2015,CRW,WV,AEA,CE,Combined TRACON& Tower with Radar,3,45,19,19,86,0,4,16,1,21,3,49,35,20,107,13,10,23,130
02/05/2015,CRW,WV,AEA,CE,Combined TRACON& Tower with Radar,3,48,25,3,79,0,6,5,1,12,3,54,30,4,91,0,0,0,91
02/06/2015,CRW,WV,AEA,CE,Combined TRACON& Tower with Radar,3,51,24,12,90,0,9,20,2,31,3,60,44,14,121,0,22,22,143
02/07/2015,CRW,WV,AEA,CE,Combined TRACON& Tower with Radar,2,36,13,3,54,0,7,24,8,39,2,43,37,11,93,0,0,0,93
02/08/2015,CRW,WV,AEA,CE,Combined TRACON& Tower with Radar,5,36,7,5,53,0,4,7,5,16,5,40,14,10,69,0,0,0,69
02/09/2015,CRW,WV,AEA,CE,Combined TRACON& Tower with Radar,2,43,11,3,59,0,0,0,0,0,2,43,11,3,59,0,0,0,59
02/10/2015,CRW,WV,AEA,CE,Combined TRACON& Tower with Radar,2,48,19,0,69,0,0,4,0,4,2,48,23,0,73,0,0,0,73
02/11/2015,CRW,WV,AEA,CE,Combined TRACON& Tower with Radar,4,42,27,15,88,0,1,6,0,7,4,43,33,15,95,58,0,58,153
02/12/2015,CRW,WV,AEA,CE,Combined TRACON& Tower with Radar,2,55,9,3,69,0,0,1,0,1,2,55,10,3,70,0,0,0,70
02/13/2015,CRW,WV,AEA,CE,Combined TRACON& Tower with Radar,3,53,24,4,84,0,11,25,0,36,3,64,49,4,120,32,0,32,152
02/14/2015,CRW,WV,AEA,CE,Combined TRACON& Tower with Radar,2,24,4,0,30,0,3,1,0,4,2,27,5,0,34,0,0,0,34
02/15/2015,CRW,WV,AEA,CE,Combined TRACON& Tower with Radar,5,33,5,0,43,0,3,3,0,6,5,36,8,0,49,0,0,0,49
02/16/2015,CRW,WV,AEA,CE,Combined TRACON& Tower with Radar,3,10,7,0,20,0,0,0,0,0,3,10,7,0,20,0,0,0,20
02/17/2015,CRW,WV,AEA,CE,Combined TRACON& Tower with Radar,5,42,14,3,64,0,11,17,6,34,5,53,31,9,98,0,0,0,98
02/18/2015,CRW,WV,AEA,CE,Combined TRACON& Tower with Radar,2,40,4,0,46,0,1,2,0,3,2,41,6,0,49,0,0,0,49
02/19/2015,CRW,WV,AEA,CE,Combined TRACON& Tower with Radar,1,40,15,1,57,0,2,5,0,7,1,42,20,1,64,1,0,1,65
02/20/2015,CRW,WV,AEA,CE,Combined TRACON& Tower with Radar,4,50,30,4,88,0,14,15,0,29,4,64,45,4,117,4,0,4,121
02/21/2015,CRW,WV,AEA,CE,Combined TRACON& Tower with Radar,2,20,1,0,23,0,3,1,0,4,2,23,2,0,27,0,0,0,27
02/22/2015,CRW,WV,AEA,CE,Combined TRACON& Tower with Radar,9,42,13,0,64,0,0,0,0,0,9,42,13,0,64,0,0,0,64
02/23/2015,CRW,WV,AEA,CE,Combined TRACON& Tower with Radar,7,54,31,5,97,0,10,17,0,27,7,64,48,5,124,0,0,0,124
02/24/2015,CRW,WV,AEA,CE,Combined TRACON& Tower with Radar,3,39,25,2,69,0,1,23,0,24,3,40,48,2,93,4,0,4,97
02/25/2015,CRW,WV,AEA,CE,Combined TRACON& Tower with Radar,2,45,14,0,61,0,10,15,0,25,2,55,29,0,86,16,0,16,102
02/26/2015,CRW,WV,AEA,CE,Combined TRACON& Tower with Radar,2,42,9,6,59,0,0,4,0,4,2,42,13,6,63,28,0,28,91
02/27/2015,CRW,WV,AEA,CE,Combined TRACON& Tower with Radar,3,50,15,5,73,0,1,11,2,14,3,51,26,7,87,0,0,0,87
02/28/2015,CRW,WV,AEA,CE,Combined TRACON& Tower with Radar,6,27,13,2,48,0,18,21,0,39,6,45,34,2,87,56,0,56,143
03/01/2015,CRW,WV,AEA,CE,Combined TRACON& Tower with Radar,6,26,7,1,40,0,0,0,0,0,6,26,7,1,40,0,0,0,40
03/02/2015,CRW,WV,AEA,CE,Combined TRACON& Tower with Radar,3,38,14,6,61,0,3,15,2,20,3,41,29,8,81,10,0,10,91
03/03/2015,CRW,WV,AEA,CE,Combined TRACON& Tower with Radar,3,46,11,0,60,0,1,7,0,8,3,47,18,0,68,0,0,0,68
03/04/2015,CRW,WV,AEA,CE,Combined TRACON& Tower with Radar,2,43,10,0,55,0,0,0,0,0,2,43,10,0,55,0,0,0,55
03/05/2015,CRW,WV,AEA,CE,Combined TRACON& Tower with Radar,2,15,7,0,24,0,0,0,0,0,2,15,7,0,24,0,0,0,24
03/06/2015,CRW,WV,AEA,CE,Combined TRACON& Tower with Radar,2,42,10,6,60,0,3,7,5,15,2,45,17,11,75,22,0,22,97
03/07/2015,CRW,WV,AEA,CE,Combined TRACON& Tower with Radar,3,30,14,10,57,0,9,14,5,28,3,39,28,15,85,46,22,68,153
03/08/2015,CRW,WV,AEA,CE,Combined TRACON& Tower with Radar,10,34,13,7,64,1,1,22,0,24,11,35,35,7,88,32,0,32,120
03/09/2015,CRW,WV,AEA,CE,Combined TRACON& Tower with Radar,5,44,11,3,63,0,10,30,3,43,5,54,41,6,106,62,0,62,168
03/10/2015,CRW,WV,AEA,CE,Combined TRACON& Tower with Radar,2,44,25,3,74,0,0,4,0,4,2,44,29,3,78,0,0,0,78
03/11/2015,CRW,WV,AEA,CE,Combined TRACON& Tower with Radar,5,43,24,5,77,0,1,10,1,12,5,44,34,6,89,37,0,37,126
03/12/2015,CRW,WV,AEA,CE,Combined TRACON& Tower with Radar,4,47,33,7,91,0,5,50,6,61,4,52,83,13,152,82,18,100,252
03/13/2015,CRW,WV,AEA,CE,Combined TRACON& Tower with Radar,2,47,10,3,62,0,0,13,2,15,2,47,23,5,77,20,0,20,97
03/14/2015,CRW,WV,AEA,CE,Combined TRACON& Tower with Radar,4,26,11,0,41,0,1,0,0,1,4,27,11,0,42,11,0,11,53
03/15/2015,CRW,WV,AEA,CE,Combined TRACON& Tower with Radar,6,32,19,0,57,0,4,35,0,39,6,36,54,0,96,36,0,36,132
03/16/2015,CRW,WV,AEA,CE,Combined TRACON& Tower with Radar,5,37,22,2,66,0,2,22,1,25,5,39,44,3,91,34,0,34,125
03/17/2015,CRW,WV,AEA,CE,Combined TRACON& Tower with Radar,5,42,24,6,77,0,3,29,7,39,5,45,53,13,116,50,0,50,166
03/18/2015,CRW,WV,AEA,CE,Combined TRACON& Tower with Radar,4,49,34,6,93,0,0,52,1,53,4,49,86,7,146,32,0,32,178
03/19/2015,CRW,WV,AEA,CE,Combined TRACON& Tower with Radar,2,41,21,17,81,0,2,18,2,22,2,43,39,19,103,9,4,13,116
03/20/2015,CRW,WV,AEA,CE,Combined TRACON& Tower with Radar,2,42,11,2,57,0,0,0,0,0,2,42,11,2,57,0,0,0,57
03/21/2015,CRW,WV,AEA,CE,Combined TRACON& Tower with Radar,11,35,19,1,66,0,11,28,0,39,11,46,47,1,105,26,0,26,131
03/22/2015,CRW,WV,AEA,CE,Combined TRACON& Tower with Radar,7,47,30,6,90,0,21,42,0,63,7,68,72,6,153,56,0,56,209
03/23/2015,CRW,WV,AEA,CE,Combined TRACON& Tower with Radar,12,50,27,4,93,0,22,56,1,79,12,72,83,5,172,0,0,0,172
03/24/2015,CRW,WV,AEA,CE,Combined TRACON& Tower with Radar,2,41,26,0,69,0,3,22,5,30,2,44,48,5,99,0,0,0,99
03/25/2015,CRW,WV,AEA,CE,Combined TRACON& Tower with Radar,6,44,25,3,78,0,2,21,2,25,6,46,46,5,103,14,20,34,137
03/26/2015,CRW,WV,AEA,CE,Combined TRACON& Tower with Radar,2,42,18,9,71,0,1,5,1,7,2,43,23,10,78,0,0,0,78
03/27/2015,CRW,WV,AEA,CE,Combined TRACON& Tower with Radar,7,44,17,12,80,0,9,30,9,48,7,53,47,21,128,40,0,40,168
03/28/2015,CRW,WV,AEA,CE,Combined TRACON& Tower with Radar,4,30,11,1,46,0,8,21,7,36,4,38,32,8,82,0,0,0,82
03/29/2015,CRW,WV,AEA,CE,Combined TRACON& Tower with Radar,8,39,19,0,66,0,6,51,0,57,8,45,70,0,123,29,0,29,152
03/30/2015,CRW,WV,AEA,CE,Combined TRACON& Tower with Radar,4,45,14,11,74,0,3,13,1,17,4,48,27,12,91,0,4,4,95
03/31/2015,CRW,WV,AEA,CE,Combined TRACON& Tower with Radar,2,57,10,2,71,0,4,16,0,20,2,61,26,2,91,0,0,0,91
04/01/2015,CRW,WV,AEA,CE,Combined TRACON& Tower with Radar,3,45,20,10,78,0,10,46,0,56,3,55,66,10,134,68,0,68,202
04/02/2015,CRW,WV,AEA,CE,Combined TRACON& Tower with Radar,3,40,7,8,58,0,4,4,0,8,3,44,11,8,66,12,6,18,84
04/03/2015,CRW,WV,AEA,CE,Combined TRACON& Tower with Radar,2,51,6,3,62,0,0,0,0,0,2,51,6,3,62,0,0,0,62
04/04/2015,CRW,WV,AEA,CE,Combined TRACON& Tower with Radar,6,34,18,3,61,0,4,18,2,24,6,38,36,5,85,8,0,8,93
04/05/2015,CRW,WV,AEA,CE,Combined TRACON& Tower with Radar,11,37,17,0,65,0,11,23,0,34,11,48,40,0,99,26,0,26,125
04/06/2015,CRW,WV,AEA,CE,Combined TRACON& Tower with Radar,2,45,18,0,65,0,4,38,0,42,2,49,56,0,107,46,10,56,163
04/07/2015,CRW,WV,AEA,CE,Combined TRACON& Tower with Radar,3,56,19,4,82,0,3,5,2,10,3,59,24,6,92,6,0,6,98
04/08/2015,CRW,WV,AEA,CE,Combined TRACON& Tower with Radar,4,44,19,2,69,0,0,12,0,12,4,44,31,2,81,10,0,10,91
04/09/2015,CRW,WV,AEA,CE,Combined TRACON& Tower with Radar,2,45,15,5,67,0,6,15,4,25,2,51,30,9,92,14,0,14,106
04/10/2015,CRW,WV,AEA,CE,Combined TRACON& Tower with Radar,2,47,10,4,63,0,9,7,2,18,2,56,17,6,81,8,20,28,109
04/11/2015,CRW,WV,AEA,CE,Combined TRACON& Tower with Radar,6,32,20,13,71,0,19,58,1,78,6,51,78,14,149,40,20,60,209
04/12/2015,CRW,WV,AEA,CE,Combined TRACON& Tower with Radar,10,37,16,4,67,0,5,53,2,60,10,42,69,6,127,22,4,26,153
04/13/2015,CRW,WV,AEA,CE,Combined TRACON& Tower with Radar,7,51,17,4,79,0,8,30,4,42,7,59,47,8,121,0,0,0,121
04/14/2015,CRW,WV,AEA,CE,Combined TRACON& Tower with Radar,2,53,17,11,83,0,0,2,2,4,2,53,19,13,87,0,0,0,87
04/15/2015,CRW,WV,AEA,CE,Combined TRACON& Tower with Radar,4,49,19,6,78,0,4,10,6,20,4,53,29,12,98,0,12,12,110
04/16/2015,CRW,WV,AEA,CE,Combined TRACON& Tower with Radar,4,53,18,9,84,0,2,9,4,15,4,55,27,13,99,10,6,16,115
04/17/2015,CRW,WV,AEA,CE,Combined TRACON& Tower with Radar,4,44,27,5,80,0,46,23,2,71,4,90,50,7,151,60,0,60,211
04/18/2015,CRW,WV,AEA,CE,Combined TRACON& Tower with Radar,6,34,26,4,70,0,2,31,1,34,6,36,57,5,104,126,4,130,234
04/19/2015,CRW,WV,AEA,CE,Combined TRACON& Tower with Radar,4,40,8,4,56,0,3,0,0,3,4,43,8,4,59,0,0,0,59
04/20/2015,CRW,WV,AEA,CE,Combined TRACON& Tower with Radar,4,46,9,3,62,0,0,2,4,6,4,46,11,7,68,12,0,12,80
04/21/2015,CRW,WV,AEA,CE,Combined TRACON& Tower with Radar,2,50,38,7,97,0,1,10,4,15,2,51,48,11,112,0,0,0,112
04/22/2015,CRW,WV,AEA,CE,Combined TRACON& Tower with Radar,6,44,19,11,80,0,3,7,0,10,6,47,26,11,90,1,0,1,91
04/23/2015,CRW,WV,AEA,CE,Combined TRACON& Tower with Radar,2,51,18,5,76,0,7,13,9,29,2,58,31,14,105,10,0,10,115
04/24/2015,CRW,WV,AEA,CE,Combined TRACON& Tower with Radar,3,52,15,1,71,0,4,33,0,37,3,56,48,1,108,24,0,24,132
04/25/2015,CRW,WV,AEA,CE,Combined TRACON& Tower with Radar,6,27,13,0,46,0,1,3,3,7,6,28,16,3,53,0,0,0,53
04/26/2015,CRW,WV,AEA,CE,Combined TRACON& Tower with Radar,5,46,26,2,79,0,4,12,0,16,5,50,38,2,95,0,0,0,95
04/27/2015,CRW,WV,AEA,CE,Combined TRACON& Tower with Radar,6,44,26,15,91,0,7,36,2,45,6,51,62,17,136,62,52,114,250
04/28/2015,CRW,WV,AEA,CE,Combined TRACON& Tower with Radar,3,53,34,23,113,1,1,35,4,41,4,54,69,27,154,19,36,55,209
04/29/2015,CRW,WV,AEA,CE,Combined TRACON& Tower with Radar,4,53,31,7,95,0,2,18,9,29,4,55,49,16,124,4,0,4,128
04/30/2015,CRW,WV,AEA,CE,Combined TRACON& Tower with Radar,2,50,14,3,69,0,3,7,4,14,2,53,21,7,83,10,0,10,93
05/01/2015,CRW,WV,AEA,CE,Combined TRACON& Tower with Radar,3,50,25,9,87,0,3,11,5,19,3,53,36,14,106,56,0,56,162
05/02/2015,CRW,WV,AEA,CE,Combined TRACON& Tower with Radar,9,33,21,2,65,0,23,37,6,66,9,56,58,8,131,34,0,34,165
05/03/2015,CRW,WV,AEA,CE,Combined TRACON& Tower with Radar,7,38,11,4,60,0,7,24,4,35,7,45,35,8,95,12,0,12,107
05/04/2015,CRW,WV,AEA,CE,Combined TRACON& Tower with Radar,4,45,18,6,73,0,1,27,9,37,4,46,45,15,110,82,10,92,202
05/05/2015,CRW,WV,AEA,CE,Combined TRACON& Tower with Radar,2,54,20,16,92,0,0,33,12,45,2,54,53,28,137,92,4,96,233
05/06/2015,CRW,WV,AEA,CE,Combined TRACON& Tower with Radar,9,48,25,2,84,0,9,41,0,50,9,57,66,2,134,70,22,92,226
05/07/2015,CRW,WV,AEA,CE,Combined TRACON& Tower with Radar,2,53,35,10,100,0,5,33,0,38,2,58,68,10,138,2,0,2,140
05/08/2015,CRW,WV,AEA,CE,Combined TRACON& Tower with Radar,6,48,20,9,83,0,11,28,8,47,6,59,48,17,130,12,8,20,150
05/09/2015,CRW,WV,AEA,CE,Combined TRACON& Tower with Radar,7,36,17,1,61,0,24,23,0,47,7,60,40,1,108,33,0,33,141
05/10/2015,CRW,WV,AEA,CE,Combined TRACON& Tower with Radar,7,33,8,0,48,0,3,6,0,9,7,36,14,0,57,10,0,10,67
05/11/2015,CRW,WV,AEA,CE,Combined TRACON& Tower with Radar,7,54,28,4,93,0,19,39,1,59,7,73,67,5,152,60,0,60,212
05/12/2015,CRW,WV,AEA,CE,Combined TRACON& Tower with Radar,3,55,21,10,89,0,3,28,7,38,3,58,49,17,127,0,20,20,147
05/13/2015,CRW,WV,AEA,CE,Combined TRACON& Tower with Radar,5,49,25,10,89,0,3,41,10,54,5,52,66,20,143,6,20,26,169
05/14/2015,CRW,WV,AEA,CE,Combined TRACON& Tower with Radar,2,56,26,15,99,0,2,29,4,35,2,58,55,19,134,34,16,50,184
05/15/2015,CRW,WV,AEA,CE,Combined TRACON& Tower with Radar,13,60,36,2,111,0,15,29,5,49,13,75,65,7,160,14,0,14,174
05/16/2015,CRW,WV,AEA,CE,Combined TRACON& Tower with Radar,9,34,13,0,56,0,0,9,0,9,9,34,22,0,65,0,0,0,65
05/17/2015,CRW,WV,AEA,CE,Combined TRACON& Tower with Radar,11,44,25,0,80,0,2,7,0,9,11,46,32,0,89,20,0,20,109
05/18/2015,CRW,WV,AEA,CE,Combined TRACON& Tower with Radar,4,40,11,2,57,0,0,21,2,23,4,40,32,4,80,20,0,20,100
05/19/2015,CRW,WV,AEA,CE,Combined TRACON& Tower with Radar,7,55,33,37,132,0,2,33,4,39,7,57,66,41,171,20,10,30,201
05/20/2015,CRW,WV,AEA,CE,Combined TRACON& Tower with Radar,5,50,31,9,95,0,11,47,4,62,5,61,78,13,157,44,0,44,201
05/21/2015,CRW,WV,AEA,CE,Combined TRACON& Tower with Radar,2,45,22,5,74,0,0,0,0,0,2,45,22,5,74,0,0,0,74
05/22/2015,CRW,WV,AEA,CE,Combined TRACON& Tower with Radar,4,47,25,3,79,0,7,26,4,37,4,54,51,7,116,48,0,48,164
05/23/2015,CRW,WV,AEA,CE,Combined TRACON& Tower with Radar,5,29,10,0,44,0,17,34,0,51,5,46,44,0,95,26,0,26,121
05/24/2015,CRW,WV,AEA,CE,Combined TRACON& Tower with Radar,7,37,7,1,52,0,9,15,0,24,7,46,22,1,76,30,0,30,106
05/25/2015,CRW,WV,AEA,CE,Combined TRACON& Tower with Radar,15,43,16,0,74,0,19,14,0,33,15,62,30,0,107,30,0,30,137
05/26/2015,CRW,WV,AEA,CE,Combined TRACON& Tower with Radar,3,47,16,6,72,0,15,11,11,37,3,62,27,17,109,10,18,28,137
05/27/2015,CRW,WV,AEA,CE,Combined TRACON& Tower with Radar,3,52,21,8,84,0,6,35,9,50,3,58,56,17,134,52,30,82,216
05/28/2015,CRW,WV,AEA,CE,Combined TRACON& Tower with Radar,2,52,24,5,83,0,12,33,5,50,2,64,57,10,133,0,0,0,133
05/29/2015,CRW,WV,AEA,CE,Combined TRACON& Tower with Radar,2,52,13,4,71,0,4,32,0,36,2,56,45,4,107,8,0,8,115
05/30/2015,CRW,WV,AEA,CE,Combined TRACON& Tower with Radar,6,31,10,4,51,0,31,21,0,52,6,62,31,4,103,20,0,20,123
05/31/2015,CRW,WV,AEA,CE,Combined TRACON& Tower with Radar,5,42,16,1,64,0,9,16,3,28,5,51,32,4,92,10,0,10,102
06/01/2015,CRW,WV,AEA,CE,Combined TRACON& Tower with Radar,8,58,44,8,118,0,0,13,0,13,8,58,57,8,131,10,0,10,141
06/02/2015,CRW,WV,AEA,CE,Combined TRACON& Tower with Radar,3,56,18,13,90,0,0,0,0,0,3,56,18,13,90,0,0,0,90
06/03/2015,CRW,WV,AEA,CE,Combined TRACON& Tower with Radar,4,51,16,11,82,0,1,12,7,20,4,52,28,18,102,54,20,74,176
06/04/2015,CRW,WV,AEA,CE,Combined TRACON& Tower with Radar,2,47,24,16,89,0,14,26,20,60,2,61,50,36,149,84,0,84,233
06/05/2015,CRW,WV,AEA,CE,Combined TRACON& Tower with Radar,4,75,22,17,118,0,18,107,8,133,4,93,129,25,251,18,38,56,307
06/06/2015,CRW,WV,AEA,CE,Combined TRACON& Tower with Radar,14,37,15,10,76,0,21,22,6,49,14,58,37,16,125,36,46,82,207
06/07/2015,CRW,WV,AEA,CE,Combined TRACON& Tower with Radar,16,43,27,23,109,0,12,36,20,68,16,55,63,43,177,10,116,126,303
06/08/2015,CRW,WV,AEA,CE,Combined TRACON& Tower with Radar,8,43,13,13,77,0,2,10,10,22,8,45,23,23,99,11,0,11,110
06/09/2015,CRW,WV,AEA,CE,Combined TRACON& Tower with Radar,3,55,9,8,75,0,2,30,17,49,3,57,39,25,124,66,12,78,202
06/10/2015,CRW,WV,AEA,CE,Combined TRACON& Tower with Radar,6,43,13,17,79,0,8,53,10,71,6,51,66,27,150,112,30,142,292
06/11/2015,CRW,WV,AEA,CE,Combined TRACON& Tower with Radar,2,49,22,33,106,0,20,35,4,59,2,69,57,37,165,52,14,66,231
06/12/2015,CRW,WV,AEA,CE,Combined TRACON& Tower with Radar,14,49,21,12,96,0,17,27,16,60,14,66,48,28,156,55,8,63,219
06/13/2015,CRW,WV,AEA,CE,Combined TRACON& Tower with Radar,6,33,7,0,46,0,5,14,0,19,6,38,21,0,65,30,0,30,95
06/14/2015,CRW,WV,AEA,CE,Combined TRACON& Tower with Radar,14,42,25,0,81,0,2,31,0,33,14,44,56,0,114,78,0,78,192
06/15/2015,CRW,WV,AEA,CE,Combined TRACON& Tower with Radar,10,42,18,10,80,0,2,18,1,21,10,44,36,11,101,20,14,34,135
06/16/2015,CRW,WV,AEA,CE,Combined TRACON& Tower with Radar,6,41,13,9,69,0,8,17,2,27,6,49,30,11,96,26,2,28,124
06/17/2015,CRW,WV,AEA,CE,Combined TRACON& Tower with Radar,4,48,41,7,100,0,5,34,3,42,4,53,75,10,142,28,0,28,170
06/18/2015,CRW,WV,AEA,CE,Combined TRACON& Tower with Radar,2,49,27,8,86,0,22,24,1,47,2,71,51,9,133,0,44,44,177
06/19/2015,CRW,WV,AEA,CE,Combined TRACON& Tower with Radar,11,46,15,1,73,0,13,12,0,25,11,59,27,1,98,12,0,12,110
06/20/2015,CRW,WV,AEA,CE,Combined TRACON& Tower with Radar,4,26,4,0,34,0,2,2,0,4,4,28,6,0,38,0,0,0,38
06/21/2015,CRW,WV,AEA,CE,Combined TRACON& Tower with Radar,6,40,16,2,64,0,2,8,2,12,6,42,24,4,76,16,0,16,92
06/22/2015,CRW,WV,AEA,CE,Combined TRACON& Tower with Radar,9,47,15,6,77,0,24,44,0,68,9,71,59,6,145,16,2,18,163
06/23/2015,CRW,WV,AEA,CE,Combined TRACON& Tower with Radar,5,46,13,13,77,0,18,45,7,70,5,64,58,20,147,4,0,4,151
06/24/2015,CRW,WV,AEA,CE,Combined TRACON& Tower with Radar,6,44,25,10,85,0,7,41,7,55,6,51,66,17,140,50,14,64,204
06/25/2015,CRW,WV,AEA,CE,Combined TRACON& Tower with Radar,2,46,13,2,63,0,4,20,3,27,2,50,33,5,90,26,16,42,132
06/26/2015,CRW,WV,AEA,CE,Combined TRACON& Tower with Radar,2,48,13,20,83,0,3,12,2,17,2,51,25,22,100,38,12,50,150
06/27/2015,CRW,WV,AEA,CE,Combined TRACON& Tower with Radar,5,30,1,2,38,0,1,6,5,12,5,31,7,7,50,16,0,16,66
06/28/2015,CRW,WV,AEA,CE,Combined TRACON& Tower with Radar,9,46,22,0,77,0,15,17,0,32,9,61,39,0,109,0,0,0,109
06/29/2015,CRW,WV,AEA,CE,Combined TRACON& Tower with Radar,6,44,26,6,82,0,2,21,7,30,6,46,47,13,112,0,0,0,112
06/30/2015,CRW,WV,AEA,CE,Combined TRACON& Tower with Radar,2,35,16,5,58,0,1,27,0,28,2,36,43,5,86,12,0,12,98
07/01/2015,CRW,WV,AEA,CE,Combined TRACON& Tower with Radar,4,41,16,8,69,0,3,24,0,27,4,44,40,8,96,74,8,82,178
07/02/2015,CRW,WV,AEA,CE,Combined TRACON& Tower with Radar,2,47,24,3,76,0,0,7,2,9,2,47,31,5,85,29,2,31,116
07/03/2015,CRW,WV,AEA,CE,Combined TRACON& Tower with Radar,2,32,4,0,38,0,0,7,0,7,2,32,11,0,45,26,0,26,71
07/04/2015,CRW,WV,AEA,CE,Combined TRACON& Tower with Radar,5,19,10,0,34,0,4,17,0,21,5,23,27,0,55,55,0,55,110
07/05/2015,CRW,WV,AEA,CE,Combined TRACON& Tower with Radar,7,37,23,1,68,0,9,11,0,20,7,46,34,1,88,56,0,56,144
07/06/2015,CRW,WV,AEA,CE,Combined TRACON& Tower with Radar,4,41,18,1,64,0,4,13,0,17,4,45,31,1,81,28,0,28,109
07/07/2015,CRW,WV,AEA,CE,Combined TRACON& Tower with Radar,4,42,23,11,80,0,6,24,3,33,4,48,47,14,113,28,14,42,155
07/08/2015,CRW,WV,AEA,CE,Combined TRACON& Tower with Radar,6,38,27,5,76,0,0,18,1,19,6,38,45,6,95,0,0,0,95
07/09/2015,CRW,WV,AEA,CE,Combined TRACON& Tower with Radar,4,44,24,6,78,0,2,10,2,14,4,46,34,8,92,8,32,40,132
07/10/2015,CRW,WV,AEA,CE,Combined TRACON& Tower with Radar,2,48,17,7,74,0,1,16,1,18,2,49,33,8,92,20,0,20,112
07/11/2015,CRW,WV,AEA,CE,Combined TRACON& Tower with Radar,9,30,21,5,65,0,9,18,2,29,9,39,39,7,94,38,14,52,146
07/12/2015,CRW,WV,AEA,CE,Combined TRACON& Tower with Radar,9,31,7,14,61,0,4,11,6,21,9,35,18,20,82,58,36,94,176
07/13/2015,CRW,WV,AEA,CE,Combined TRACON& Tower with Radar,5,36,16,4,61,0,7,18,4,29,5,43,34,8,90,20,4,24,114
07/14/2015,CRW,WV,AEA,CE,Combined TRACON& Tower with Radar,2,43,22,13,80,0,5,14,6,25,2,48,36,19,105,34,0,34,139
07/15/2015,CRW,WV,AEA,CE,Combined TRACON& Tower with Radar,4,44,23,11,82,0,0,39,3,42,4,44,62,14,124,40,40,80,204
07/16/2015,CRW,WV,AEA,CE,Combined TRACON& Tower with Radar,4,54,42,13,113,0,15,40,6,61,4,69,82,19,174,60,4,64,238
07/17/2015,CRW,WV,AEA,CE,Combined TRACON& Tower with Radar,5,57,16,5,83,0,18,38,4,60,5,75,54,9,143,60,68,128,271
07/18/2015,CRW,WV,AEA,CE,Combined TRACON& Tower with Radar,11,36,18,4,69,0,11,24,0,35,11,47,42,4,104,26,0,26,130
07/19/2015,CRW,WV,AEA,CE,Combined TRACON& Tower with Radar,5,32,19,9,65,0,6,19,0,25,5,38,38,9,90,48,0,48,138
07/20/2015,CRW,WV,AEA,CE,Combined TRACON& Tower with Radar,7,40,14,3,64,0,8,23,5,36,7,48,37,8,100,28,0,28,128
07/21/2015,CRW,WV,AEA,CE,Combined TRACON& Tower with Radar,17,48,23,5,93,0,3,11,5,19,17,51,34,10,112,6,0,6,118
07/22/2015,CRW,WV,AEA,CE,Combined TRACON& Tower with Radar,4,45,30,11,90,0,6,43,11,60,4,51,73,22,150,32,30,62,212
07/23/2015,CRW,WV,AEA,CE,Combined TRACON& Tower with Radar,2,40,26,4,72,0,7,32,9,48,2,47,58,13,120,18,48,66,186
07/24/2015,CRW,WV,AEA,CE,Combined TRACON& Tower with Radar,13,57,33,6,109,0,16,62,10,88,13,73,95,16,197,98,0,98,295
07/25/2015,CRW,WV,AEA,CE,Combined TRACON& Tower with Radar,5,48,24,0,77,0,28,33,0,61,5,76,57,0,138,12,0,12,150
07/26/2015,CRW,WV,AEA,CE,Combined TRACON& Tower with Radar,6,39,33,2,80,0,12,25,0,37,6,51,58,2,117,58,0,58,175
07/27/2015,CRW,WV,AEA,CE,Combined TRACON& Tower with Radar,7,40,31,4,82,0,1,12,11,24,7,41,43,15,106,4,15,19,125
07/28/2015,CRW,WV,AEA,CE,Combined TRACON& Tower with Radar,3,48,25,8,84,0,22,25,14,61,3,70,50,22,145,40,20,60,205
07/29/2015,CRW,WV,AEA,CE,Combined TRACON& Tower with Radar,4,46,28,8,86,0,4,15,19,38,4,50,43,27,124,14,68,82,206
07/30/2015,CRW,WV,AEA,CE,Combined TRACON& Tower with Radar,3,41,32,22,98,0,4,12,16,32,3,45,44,38,130,18,22,40,170
07/31/2015,CRW,WV,AEA,CE,Combined TRACON& Tower with Radar,1,42,11,10,64,0,10,38,3,51,1,52,49,13,115,20,4,24,139
08/01/2015,CRW,WV,AEA,CE,Combined TRACON& Tower with Radar,3,31,17,2,53,0,11,20,3,34,3,42,37,5,87,20,0,20,107
08/02/2015,CRW,WV,AEA,CE,Combined TRACON& Tower with Radar,8,36,18,62,124,0,9,22,5,36,8,45,40,67,160,36,30,66,226
08/03/2015,CRW,WV,AEA,CE,Combined TRACON& Tower with Radar,6,44,16,11,77,0,19,13,1,33,6,63,29,12,110,0,0,0,110
08/04/2015,CRW,WV,AEA,CE,Combined TRACON& Tower with Radar,3,44,30,14,91,0,18,29,5,52,3,62,59,19,143,44,0,44,187
08/05/2015,CRW,WV,AEA,CE,Combined TRACON& Tower with Radar,4,44,24,7,79,0,4,29,1,34,4,48,53,8,113,8,0,8,121
08/06/2015,CRW,WV,AEA,CE,Combined TRACON& Tower with Radar,5,50,5,10,70,0,10,1,0,11,5,60,6,10,81,10,6,16,97
08/07/2015,CRW,WV,AEA,CE,Combined TRACON& Tower with Radar,2,51,19,15,87,0,4,10,2,16,2,55,29,17,103,0,0,0,103
08/08/2015,CRW,WV,AEA,CE,Combined TRACON& Tower with Radar,6,37,21,1,65,0,3,16,0,19,6,40,37,1,84,32,2,34,118
08/09/2015,CRW,WV,AEA,CE,Combined TRACON& Tower with Radar,12,46,20,0,78,0,7,18,0,25,12,53,38,0,103,10,0,10,113
08/10/2015,CRW,WV,AEA,CE,Combined TRACON& Tower with Radar,7,36,12,4,59,0,4,11,1,16,7,40,23,5,75,8,18,26,101
08/11/2015,CRW,WV,AEA,CE,Combined TRACON& Tower with Radar,3,46,29,15,93,0,16,7,3,26,3,62,36,18,119,56,0,56,175
08/12/2015,CRW,WV,AEA,CE,Combined TRACON& Tower with Radar,5,57,53,4,119,0,1,27,0,28,5,58,80,4,147,24,0,24,171
08/13/2015,CRW,WV,AEA,CE,Combined TRACON& Tower with Radar,2,54,15,7,78,0,8,47,6,61,2,62,62,13,139,11,66,77,216
08/14/2015,CRW,WV,AEA,CE,Combined TRACON& Tower with Radar,13,57,26,3,99,0,18,43,1,62,13,75,69,4,161,56,0,56,217
08/15/2015,CRW,WV,AEA,CE,Combined TRACON& Tower with Radar,8,42,13,2,65,0,14,34,0,48,8,56,47,2,113,34,0,34,147
08/16/2015,CRW,WV,AEA,CE,Combined TRACON& Tower with Radar,4,37,17,3,61,0,6,24,2,32,4,43,41,5,93,84,0,84,177
08/17/2015,CRW,WV,AEA,CE,Combined TRACON& Tower with Radar,5,46,22,5,78,0,19,17,8,44,5,65,39,13,122,14,8,22,144
08/18/2015,CRW,WV,AEA,CE,Combined TRACON& Tower with Radar,2,42,26,4,74,0,2,0,6,8,2,44,26,10,82,12,0,12,94
08/19/2015,CRW,WV,AEA,CE,Combined TRACON& Tower with Radar,4,50,23,2,79,0,10,6,6,22,4,60,29,8,101,6,0,6,107
08/20/2015,CRW,WV,AEA,CE,Combined TRACON& Tower with Radar,2,43,6,8,59,0,0,7,9,16,2,43,13,17,75,10,10,20,95
08/21/2015,CRW,WV,AEA,CE,Combined TRACON& Tower with Radar,1,45,32,6,84,0,20,63,13,96,1,65,95,19,180,40,6,46,226
08/22/2015,CRW,WV,AEA,CE,Combined TRACON& Tower with Radar,11,27,15,0,53,0,3,36,6,45,11,30,51,6,98,65,1,66,164
08/23/2015,CRW,WV,AEA,CE,Combined TRACON& Tower with Radar,5,41,21,0,67,0,5,18,0,23,5,46,39,0,90,2,0,2,92
08/24/2015,CRW,WV,AEA,CE,Combined TRACON& Tower with Radar,4,42,19,2,67,0,10,21,12,43,4,52,40,14,110,1,68,69,179
08/25/2015,CRW,WV,AEA,CE,Combined TRACON& Tower with Radar,3,44,30,2,79,0,5,34,20,59,3,49,64,22,138,10,60,70,208
08/26/2015,CRW,WV,AEA,CE,Combined TRACON& Tower with Radar,4,43,19,24,90,0,0,50,9,59,4,43,69,33,149,12,30,42,191
08/27/2015,CRW,WV,AEA,CE,Combined TRACON& Tower with Radar,6,51,17,6,80,0,1,18,4,23,6,52,35,10,103,28,20,48,151
08/28/2015,CRW,WV,AEA,CE,Combined TRACON& Tower with Radar,13,49,19,11,92,0,8,35,9,52,13,57,54,20,144,32,6,38,182
08/29/2015,CRW,WV,AEA,CE,Combined TRACON& Tower with Radar,10,25,20,9,64,0,17,31,3,51,10,42,51,12,115,0,0,0,115
08/30/2015,CRW,WV,AEA,CE,Combined TRACON& Tower with Radar,9,42,17,1,69,0,7,22,0,29,9,49,39,1,98,4,0,4,102
08/31/2015,CRW,WV,AEA,CE,Combined TRACON& Tower with Radar,5,49,18,11,83,0,7,24,0,31,5,56,42,11,114,16,22,38,152
09/01/2015,CRW,WV,AEA,CE,Combined TRACON& Tower with Radar,2,51,25,7,85,0,2,33,11,46,2,53,58,18,131,20,12,32,163
09/02/2015,CRW,WV,AEA,CE,Combined TRACON& Tower with Radar,6,43,18,23,90,0,4,24,5,33,6,47,42,28,123,12,0,12,135
09/03/2015,CRW,WV,AEA,CE,Combined TRACON& Tower with Radar,5,51,19,3,78,0,8,18,3,29,5,59,37,6,107,3,32,35,142
09/04/2015,CRW,WV,AEA,CE,Combined TRACON& Tower with Radar,8,56,41,8,113,0,7,39,0,46,8,63,80,8,159,6,20,26,185
09/05/2015,CRW,WV,AEA,CE,Combined TRACON& Tower with Radar,6,25,5,0,36,0,7,17,3,27,6,32,22,3,63,6,0,6,69
09/06/2015,CRW,WV,AEA,CE,Combined TRACON& Tower with Radar,7,32,7,1,47,0,23,21,3,47,7,55,28,4,94,8,10,18,112
09/07/2015,CRW,WV,AEA,CE,Combined TRACON& Tower with Radar,3,35,15,0,53,0,0,20,0,20,3,35,35,0,73,14,0,14,87
09/08/2015,CRW,WV,AEA,CE,Combined TRACON& Tower with Radar,6,46,31,16,99,0,9,64,9,82,6,55,95,25,181,4,26,30,211
09/09/2015,CRW,WV,AEA,CE,Combined TRACON& Tower with Radar,6,43,16,6,71,0,3,18,2,23,6,46,34,8,94,22,6,28,122
09/10/2015,CRW,WV,AEA,CE,Combined TRACON& Tower with Radar,4,49,9,8,70,0,0,2,0,2,4,49,11,8,72,0,24,24,96
09/11/2015,CRW,WV,AEA,CE,Combined TRACON& Tower with Radar,7,42,22,15,86,0,13,20,0,33,7,55,42,15,119,6,4,10,129
09/12/2015,CRW,WV,AEA,CE,Combined TRACON& Tower with Radar,2,25,10,4,41,0,2,0,0,2,2,27,10,4,43,0,0,0,43
09/13/2015,CRW,WV,AEA,CE,Combined TRACON& Tower with Radar,9,47,21,5,82,0,4,5,0,9,9,51,26,5,91,20,0,20,111
09/14/2015,CRW,WV,AEA,CE,Combined TRACON& Tower with Radar,2,44,17,1,64,0,14,35,0,49,2,58,52,1,113,14,0,14,127
09/15/2015,CRW,WV,AEA,CE,Combined TRACON& Tower with Radar,4,41,15,17,77,0,1,50,8,59,4,42,65,25,136,66,44,110,246
09/16/2015,CRW,WV,AEA,CE,Combined TRACON& Tower with Radar,2,45,19,7,73,0,6,52,2,60,2,51,71,9,133,61,3,64,197
09/17/2015,CRW,WV,AEA,CE,Combined TRACON& Tower with Radar,2,52,22,11,87,0,5,46,7,58,2,57,68,18,145,68,31,99,244
09/18/2015,CRW,WV,AEA,CE,Combined TRACON& Tower with Radar,3,48,21,0,72,0,6,55,4,65,3,54,76,4,137,26,0,26,163
09/19/2015,CRW,WV,AEA,CE,Combined TRACON& Tower with Radar,2,22,23,2,49,0,2,35,2,39,2,24,58,4,88,40,0,40,128
09/20/2015,CRW,WV,AEA,CE,Combined TRACON& Tower with Radar,8,34,12,4,58,0,23,38,2,63,8,57,50,6,121,95,0,95,216
09/21/2015,CRW,WV,AEA,CE,Combined TRACON& Tower with Radar,3,49,34,2,88,0,1,12,0,13,3,50,46,2,101,67,0,67,168
09/22/2015,CRW,WV,AEA,CE,Combined TRACON& Tower with Radar,2,44,15,8,69,0,4,16,9,29,2,48,31,17,98,84,6,90,188
09/23/2015,CRW,WV,AEA,CE,Combined TRACON& Tower with Radar,5,49,28,10,92,0,3,26,2,31,5,52,54,12,123,16,0,16,139
09/24/2015,CRW,WV,AEA,CE,Combined TRACON& Tower with Radar,12,62,33,20,127,0,9,24,17,50,12,71,57,37,177,59,99,158,335
09/25/2015,CRW,WV,AEA,CE,Combined TRACON& Tower with Radar,9,54,25,3,91,0,15,31,3,49,9,69,56,6,140,176,0,176,316
09/26/2015,CRW,WV,AEA,CE,Combined TRACON& Tower with Radar,2,32,15,1,50,0,4,5,0,9,2,36,20,1,59,0,1,1,60
09/27/2015,CRW,WV,AEA,CE,Combined TRACON& Tower with Radar,6,21,7,0,34,0,4,5,0,9,6,25,12,0,43,20,0,20,63
09/28/2015,CRW,WV,AEA,CE,Combined TRACON& Tower with Radar,1,33,19,2,55,0,3,12,0,15,1,36,31,2,70,12,0,12,82
09/29/2015,CRW,WV,AEA,CE,Combined TRACON& Tower with Radar,4,49,16,19,88,0,2,1,0,3,4,51,17,19,91,0,16,16,107
09/30/2015,CRW,WV,AEA,CE,Combined TRACON& Tower with Radar,4,48,17,7,76,0,0,2,0,2,4,48,19,7,78,0,0,0,78
10/01/2015,CRW,WV,AEA,CE,Combined TRACON& Tower with Radar,2,56,9,10,77,0,6,4,3,13,2,62,13,13,90,20,20,40,130
10/02/2015,CRW,WV,AEA,CE,Combined TRACON& Tower with Radar,4,46,22,7,79,0,1,5,0,6,4,47,27,7,85,0,0,0,85
10/03/2015,CRW,WV,AEA,CE,Combined TRACON& Tower with Radar,1,28,7,0,36,0,0,0,0,0,1,28,7,0,36,0,0,0,36
10/04/2015,CRW,WV,AEA,CE,Combined TRACON& Tower with Radar,6,40,21,6,73,0,1,9,2,12,6,41,30,8,85,12,1,13,98
10/05/2015,CRW,WV,AEA,CE,Combined TRACON& Tower with Radar,5,46,13,13,77,0,7,33,4,44,5,53,46,17,121,39,0,39,160
10/06/2015,CRW,WV,AEA,CE,Combined TRACON& Tower with Radar,2,54,15,9,80,0,5,36,2,43,2,59,51,11,123,66,0,66,189
10/07/2015,CRW,WV,AEA,CE,Combined TRACON& Tower with Radar,2,50,42,12,106,0,7,30,10,47,2,57,72,22,153,38,0,38,191
10/08/2015,CRW,WV,AEA,CE,Combined TRACON& Tower with Radar,2,50,26,12,90,0,2,21,4,27,2,52,47,16,117,30,14,44,161
10/09/2015,CRW,WV,AEA,CE,Combined TRACON& Tower with Radar,2,52,34,4,92,0,1,5,4,10,2,53,39,8,102,15,0,15,117
10/10/2015,CRW,WV,AEA,CE,Combined TRACON& Tower with Radar,2,32,10,4,48,0,9,6,0,15,2,41,16,4,63,8,0,8,71
10/11/2015,CRW,WV,AEA,CE,Combined TRACON& Tower with Radar,6,46,30,2,84,0,6,44,2,52,6,52,74,4,136,34,0,34,170
10/12/2015,CRW,WV,AEA,CE,Combined TRACON& Tower with Radar,3,46,14,1,64,0,7,19,0,26,3,53,33,1,90,4,0,4,94
10/13/2015,CRW,WV,AEA,CE,Combined TRACON& Tower with Radar,2,50,23,16,91,0,10,15,11,36,2,60,38,27,127,30,26,56,183
10/14/2015,CRW,WV,AEA,CE,Combined TRACON& Tower with Radar,3,48,25,13,89,0,6,25,1,32,3,54,50,14,121,32,18,50,171
10/15/2015,CRW,WV,AEA,CE,Combined TRACON& Tower with Radar,2,67,31,17,117,0,12,41,1,54,2,79,72,18,171,38,24,62,233
10/16/2015,CRW,WV,AEA,CE,Combined TRACON& Tower with Radar,3,52,25,13,93,0,12,15,2,29,3,64,40,15,122,35,0,35,157
10/17/2015,CRW,WV,AEA,CE,Combined TRACON& Tower with Radar,2,29,2,0,33,0,10,14,6,30,2,39,16,6,63,4,0,4,67
10/18/2015,CRW,WV,AEA,CE,Combined TRACON& Tower with Radar,6,46,5,3,60,0,8,12,2,22,6,54,17,5,82,2,10,12,94
10/19/2015,CRW,WV,AEA,CE,Combined TRACON& Tower with Radar,6,48,18,14,86,0,18,30,0,48,6,66,48,14,134,4,0,4,138
10/20/2015,CRW,WV,AEA,CE,Combined TRACON& Tower with Radar,4,58,30,9,101,0,12,32,14,58,4,70,62,23,159,34,60,94,253
10/21/2015,CRW,WV,AEA,CE,Combined TRACON& Tower with Radar,4,52,16,13,85,0,37,9,0,46,4,89,25,13,131,20,20,40,171
10/22/2015,CRW,WV,AEA,CE,Combined TRACON& Tower with Radar,2,57,33,14,106,0,11,24,3,38,2,68,57,17,144,21,4,25,169
10/23/2015,CRW,WV,AEA,CE,Combined TRACON& Tower with Radar,9,47,29,6,91,0,2,31,5,38,9,49,60,11,129,8,0,8,137
10/24/2015,CRW,WV,AEA,CE,Combined TRACON& Tower with Radar,4,24,15,9,52,0,8,1,1,10,4,32,16,10,62,0,0,0,62
10/25/2015,CRW,WV,AEA,CE,Combined TRACON& Tower with Radar,6,40,14,3,63,0,4,2,0,6,6,44,16,3,69,0,0,0,69
10/26/2015,CRW,WV,AEA,CE,Combined TRACON& Tower with Radar,6,39,12,7,64,0,1,10,10,21,6,40,22,17,85,22,0,22,107
10/27/2015,CRW,WV,AEA,CE,Combined TRACON& Tower with Radar,7,51,19,2,79,0,5,7,0,12,7,56,26,2,91,13,40,53,144
10/28/2015,CRW,WV,AEA,CE,Combined TRACON& Tower with Radar,6,49,9,7,71,0,1,4,0,5,6,50,13,7,76,0,6,6,82
10/29/2015,CRW,WV,AEA,CE,Combined TRACON& Tower with Radar,5,45,32,11,93,0,2,10,2,14,5,47,42,13,107,14,76,90,197
10/30/2015,CRW,WV,AEA,CE,Combined TRACON& Tower with Radar,4,38,33,0,75,0,6,12,5,23,4,44,45,5,98,48,0,48,146
10/31/2015,CRW,WV,AEA,CE,Combined TRACON& Tower with Radar,14,32,15,1,62,1,11,34,0,46,15,43,49,1,108,18,0,18,126
11/01/2015,CRW,WV,AEA,CE,Combined TRACON& Tower with Radar,6,34,10,3,53,0,5,1,0,6,6,39,11,3,59,18,0,18,77
11/02/2015,CRW,WV,AEA,CE,Combined TRACON& Tower with Radar,6,37,14,3,60,0,3,15,0,18,6,40,29,3,78,30,120,150,228
11/03/2015,CRW,WV,AEA,CE,Combined TRACON& Tower with Radar,6,46,18,2,72,0,9,48,2,59,6,55,66,4,131,10,0,10,141
11/04/2015,CRW,WV,AEA,CE,Combined TRACON& Tower with Radar,4,43,13,8,68,0,4,23,6,33,4,47,36,14,101,36,0,36,137
11/05/2015,CRW,WV,AEA,CE,Combined TRACON& Tower with Radar,6,49,13,27,95,0,5,23,7,35,6,54,36,34,130,78,50,128,258
11/06/2015,CRW,WV,AEA,CE,Combined TRACON& Tower with Radar,12,42,13,8,75,0,2,3,4,9,12,44,16,12,84,2,0,2,86
11/07/2015,CRW,WV,AEA,CE,Combined TRACON& Tower with Radar,10,41,29,2,82,0,17,23,0,40,10,58,52,2,122,20,0,20,142
11/08/2015,CRW,WV,AEA,CE,Combined TRACON& Tower with Radar,6,33,30,4,73,0,4,20,0,24,6,37,50,4,97,99,0,99,196
11/09/2015,CRW,WV,AEA,CE,Combined TRACON& Tower with Radar,8,42,15,2,67,0,11,12,0,23,8,53,27,2,90,30,0,30,120
11/10/2015,CRW,WV,AEA,CE,Combined TRACON& Tower with Radar,4,45,18,51,118,0,2,0,1,3,4,47,18,52,121,0,0,0,121
11/11/2015,CRW,WV,AEA,CE,Combined TRACON& Tower with Radar,4,54,21,0,79,0,2,38,2,42,4,56,59,2,121,10,0,10,131
11/12/2015,CRW,WV,AEA,CE,Combined TRACON& Tower with Radar,6,52,17,2,77,0,4,1,3,8,6,56,18,5,85,0,0,0,85
11/13/2015,CRW,WV,AEA,CE,Combined TRACON& Tower with Radar,5,46,8,10,69,0,3,8,2,13,5,49,16,12,82,0,14,14,96
11/14/2015,CRW,WV,AEA,CE,Combined TRACON& Tower with Radar,7,31,9,1,48,1,13,22,0,36,8,44,31,1,84,10,0,10,94
11/15/2015,CRW,WV,AEA,CE,Combined TRACON& Tower with Radar,6,33,16,0,55,1,14,26,0,41,7,47,42,0,96,44,0,44,140
11/16/2015,CRW,WV,AEA,CE,Combined TRACON& Tower with Radar,4,50,22,19,95,0,2,21,10,33,4,52,43,29,128,18,66,84,212
11/17/2015,CRW,WV,AEA,CE,Combined TRACON& Tower with Radar,5,53,21,0,79,0,9,29,4,42,5,62,50,4,121,0,0,0,121
11/18/2015,CRW,WV,AEA,CE,Combined TRACON& Tower with Radar,5,44,15,6,70,0,0,4,0,4,5,44,19,6,74,10,0,10,84
11/19/2015,CRW,WV,AEA,CE,Combined TRACON& Tower with Radar,8,45,24,20,97,0,4,25,5,34,8,49,49,25,131,2,2,4,135
11/20/2015,CRW,WV,AEA,CE,Combined TRACON& Tower with Radar,5,49,24,21,99,0,4,39,6,49,5,53,63,27,148,24,0,24,172
11/21/2015,CRW,WV,AEA,CE,Combined TRACON& Tower with Radar,4,23,6,0,33,0,5,14,0,19,4,28,20,0,52,0,0,0,52
11/22/2015,CRW,WV,AEA,CE,Combined TRACON& Tower with Radar,6,35,7,2,50,0,3,2,0,5,6,38,9,2,55,0,0,0,55
11/23/2015,CRW,WV,AEA,CE,Combined TRACON& Tower with Radar,5,39,9,5,58,0,12,10,2,24,5,51,19,7,82,26,0,26,108
11/24/2015,CRW,WV,AEA,CE,Combined TRACON& Tower with Radar,5,39,3,3,50,0,5,15,1,21,5,44,18,4,71,2,4,6,77
11/25/2015,CRW,WV,AEA,CE,Combined TRACON& Tower with Radar,4,54,21,0,79,0,9,22,0,31,4,63,43,0,110,28,0,28,138
11/26/2015,CRW,WV,AEA,CE,Combined TRACON& Tower with Radar,3,16,5,0,24,0,1,15,0,16,3,17,20,0,40,0,0,0,40
11/27/2015,CRW,WV,AEA,CE,Combined TRACON& Tower with Radar,3,29,9,1,42,1,8,19,0,28,4,37,28,1,70,0,0,0,70
11/28/2015,CRW,WV,AEA,CE,Combined TRACON& Tower with Radar,8,36,16,0,60,1,7,23,0,31,9,43,39,0,91,0,0,0,91
11/29/2015,CRW,WV,AEA,CE,Combined TRACON& Tower with Radar,4,44,14,18,80,0,2,21,10,33,4,46,35,28,113,0,0,0,113
11/30/2015,CRW,WV,AEA,CE,Combined TRACON& Tower with Radar,13,51,8,8,80,0,0,2,0,2,13,51,10,8,82,0,8,8,90
12/01/2015,CRW,WV,AEA,CE,Combined TRACON& Tower with Radar,5,48,14,14,81,0,0,5,2,7,5,48,19,16,88,0,16,16,104
12/02/2015,CRW,WV,AEA,CE,Combined TRACON& Tower with Radar,2,40,18,17,77,0,9,2,1,12,2,49,20,18,89,8,62,70,159
12/03/2015,CRW,WV,AEA,CE,Combined TRACON& Tower with Radar,2,50,15,5,72,0,5,13,10,28,2,55,28,15,100,2,56,58,158
12/04/2015,CRW,WV,AEA,CE,Combined TRACON& Tower with Radar,3,49,13,6,71,0,4,58,4,66,3,53,71,10,137,29,30,59,196
12/05/2015,CRW,WV,AEA,CE,Combined TRACON& Tower with Radar,5,26,13,6,50,2,2,11,3,18,7,28,24,9,68,10,12,22,90
12/06/2015,CRW,WV,AEA,CE,Combined TRACON& Tower with Radar,9,41,12,4,66,0,3,22,2,27,9,44,34,6,93,6,0,6,99
12/07/2015,CRW,WV,AEA,CE,Combined TRACON& Tower with Radar,4,49,5,13,71,1,1,1,0,3,5,50,6,13,74,16,0,16,90
12/08/2015,CRW,WV,AEA,CE,Combined TRACON& Tower with Radar,4,58,17,8,87,0,12,21,12,45,4,70,38,20,132,26,42,68,200
12/09/2015,CRW,WV,AEA,CE,Combined TRACON& Tower with Radar,6,51,27,28,112,0,5,37,1,43,6,56,64,29,155,0,96,96,251
12/10/2015,CRW,WV,AEA,CE,Combined TRACON& Tower with Radar,3,42,21,19,85,0,1,20,4,25,3,43,41,23,110,2,18,20,130
12/11/2015,CRW,WV,AEA,CE,Combined TRACON& Tower with Radar,5,44,15,6,70,0,0,8,6,14,5,44,23,12,84,2,14,16,100
12/12/2015,CRW,WV,AEA,CE,Combined TRACON& Tower with Radar,5,25,9,3,42,0,6,5,0,11,5,31,14,3,53,1,0,1,54
12/13/2015,CRW,WV,AEA,CE,Combined TRACON& Tower with Radar,10,32,11,1,54,0,4,14,0,18,10,36,25,1,72,0,0,0,72
12/14/2015,CRW,WV,AEA,CE,Combined TRACON& Tower with Radar,3,50,24,13,90,0,6,2,0,8,3,56,26,13,98,0,20,20,118
12/15/2015,CRW,WV,AEA,CE,Combined TRACON& Tower with Radar,3,50,21,14,88,0,7,18,1,26,3,57,39,15,114,36,20,56,170
12/16/2015,CRW,WV,AEA,CE,Combined TRACON& Tower with Radar,4,54,26,10,94,0,3,24,1,28,4,57,50,11,122,4,44,48,170
12/17/2015,CRW,WV,AEA,CE,Combined TRACON& Tower with Radar,2,41,15,12,70,0,0,0,1,1,2,41,15,13,71,0,38,38,109
12/18/2015,CRW,WV,AEA,CE,Combined TRACON& Tower with Radar,4,40,15,3,62,0,0,2,0,2,4,40,17,3,64,0,0,0,64
12/19/2015,CRW,WV,AEA,CE,Combined TRACON& Tower with Radar,2,27,6,3,38,0,1,11,0,12,2,28,17,3,50,22,0,22,72
12/20/2015,CRW,WV,AEA,CE,Combined TRACON& Tower with Radar,7,43,16,2,68,1,9,14,0,24,8,52,30,2,92,10,0,10,102
12/21/2015,CRW,WV,AEA,CE,Combined TRACON& Tower with Radar,8,48,22,4,82,0,2,10,2,14,8,50,32,6,96,32,4,36,132
12/22/2015,CRW,WV,AEA,CE,Combined TRACON& Tower with Radar,3,37,17,6,63,0,3,7,0,10,3,40,24,6,73,40,0,40,113
12/23/2015,CRW,WV,AEA,CE,Combined TRACON& Tower with Radar,7,35,12,0,54,0,4,12,1,17,7,39,24,1,71,6,0,6,77
12/24/2015,CRW,WV,AEA,CE,Combined TRACON& Tower with Radar,2,30,9,3,44,0,4,12,0,16,2,34,21,3,60,4,0,4,64
12/25/2015,CRW,WV,AEA,CE,Combined TRACON& Tower with Radar,4,23,5,0,32,0,0,0,0,0,4,23,5,0,32,0,0,0,32
12/26/2015,CRW,WV,AEA,CE,Combined TRACON& Tower with Radar,4,27,8,0,39,0,5,0,0,5,4,32,8,0,44,0,0,0,44
12/27/2015,CRW,WV,AEA,CE,Combined TRACON& Tower with Radar,8,43,5,0,56,0,9,7,0,16,8,52,12,0,72,8,10,18,90
12/28/2015,CRW,WV,AEA,CE,Combined TRACON& Tower with Radar,2,32,9,0,43,0,1,3,0,4,2,33,12,0,47,14,0,14,61
12/29/2015,CRW,WV,AEA,CE,Combined TRACON& Tower with Radar,2,42,9,10,63,0,4,10,1,15,2,46,19,11,78,20,22,42,120
12/30/2015,CRW,WV,AEA,CE,Combined TRACON& Tower with Radar,2,38,1,3,44,0,2,8,1,11,2,40,9,4,55,0,10,10,65
12/31/2015,CRW,WV,AEA,CE,Combined TRACON& Tower with Radar,2,26,3,0,31,0,0,3,0,3,2,26,6,0,34,16,0,16,50
01/01/2016,CRW,WV,AEA,CE,Combined TRACON& Tower with Radar,5,26,6,0,37,0,4,4,0,8,5,30,10,0,45,20,0,20,65
01/02/2016,CRW,WV,AEA,CE,Combined TRACON& Tower with Radar,14,33,15,2,64,0,9,10,0,19,14,42,25,2,83,56,0,56,139
01/03/2016,CRW,WV,AEA,CE,Combined TRACON& Tower with Radar,7,34,5,0,46,0,3,24,0,27,7,37,29,0,73,21,0,21,94
01/04/2016,CRW,WV,AEA,CE,Combined TRACON& Tower with Radar,3,38,1,3,45,0,0,7,0,7,3,38,8,3,52,0,0,0,52
01/05/2016,CRW,WV,AEA,CE,Combined TRACON& Tower with Radar,2,62,25,15,104,0,4,9,6,19,2,66,34,21,123,6,22,28,151
01/06/2016,CRW,WV,AEA,CE,Combined TRACON& Tower with Radar,4,44,18,19,85,0,9,28,21,58,4,53,46,40,143,0,46,46,189
01/07/2016,CRW,WV,AEA,CE,Combined TRACON& Tower with Radar,2,43,11,14,70,0,4,26,6,36,2,47,37,20,106,24,50,74,180
01/08/2016,CRW,WV,AEA,CE,Combined TRACON& Tower with Radar,9,50,7,13,79,0,2,2,2,6,9,52,9,15,85,0,30,30,115
01/09/2016,CRW,WV,AEA,CE,Combined TRACON& Tower with Radar,2,27,9,4,42,0,7,12,6,25,2,34,21,10,67,0,16,16,83
01/10/2016,CRW,WV,AEA,CE,Combined TRACON& Tower with Radar,4,31,6,3,44,0,0,2,0,2,4,31,8,3,46,0,0,0,46
01/11/2016,CRW,WV,AEA,CE,Combined TRACON& Tower with Radar,16,48,16,4,84,0,8,37,4,49,16,56,53,8,133,10,8,18,151
01/12/2016,CRW,WV,AEA,CE,Combined TRACON& Tower with Radar,4,46,6,17,73,0,10,0,0,10,4,56,6,17,83,2,18,20,103
01/13/2016,CRW,WV,AEA,CE,Combined TRACON& Tower with Radar,4,55,13,17,89,0,10,23,11,44,4,65,36,28,133,0,76,76,209
01/14/2016,CRW,WV,AEA,CE,Combined TRACON& Tower with Radar,2,48,21,10,81,0,7,22,12,41,2,55,43,22,122,8,18,26,148
01/15/2016,CRW,WV,AEA,CE,Combined TRACON& Tower with Radar,2,40,6,13,61,0,3,4,4,11,2,43,10,17,72,0,0,0,72
01/16/2016,CRW,WV,AEA,CE,Combined TRACON& Tower with Radar,2,29,0,0,31,1,2,2,0,5,3,31,2,0,36,0,0,0,36
01/17/2016,CRW,WV,AEA,CE,Combined TRACON& Tower with Radar,5,26,2,0,33,0,0,1,0,1,5,26,3,0,34,0,0,0,34
01/18/2016,CRW,WV,AEA,CE,Combined TRACON& Tower with Radar,7,39,13,2,61,3,2,5,0,10,10,41,18,2,71,0,0,0,71
01/19/2016,CRW,WV,AEA,CE,Combined TRACON& Tower with Radar,2,47,14,4,67,0,4,7,1,12,2,51,21,5,79,0,10,10,89
01/20/2016,CRW,WV,AEA,CE,Combined TRACON& Tower with Radar,2,32,11,9,54,0,0,2,0,2,2,32,13,9,56,0,0,0,56
01/21/2016,CRW,WV,AEA,CE,Combined TRACON& Tower with Radar,2,49,25,12,88,0,0,9,8,17,2,49,34,20,105,0,4,4,109
01/22/2016,CRW,WV,AEA,CE,Combined TRACON& Tower with Radar,1,5,0,0,6,0,3,0,0,3,1,8,0,0,9,0,0,0,9
01/23/2016,CRW,WV,AEA,CE,Combined TRACON& Tower with Radar,2,5,0,0,7,0,0,0,0,0,2,5,0,0,7,0,0,0,7
01/24/2016,CRW,WV,AEA,CE,Combined TRACON& Tower with Radar,7,29,4,1,41,0,3,2,4,9,7,32,6,5,50,0,0,0,50
01/25/2016,CRW,WV,AEA,CE,Combined TRACON& Tower with Radar,4,44,12,6,66,0,7,15,0,22,4,51,27,6,88,0,0,0,88
01/26/2016,CRW,WV,AEA,CE,Combined TRACON& Tower with Radar,2,29,26,8,65,0,2,4,4,10,2,31,30,12,75,0,12,12,87
01/27/2016,CRW,WV,AEA,CE,Combined TRACON& Tower with Radar,2,43,14,17,76,0,3,1,3,7,2,46,15,20,83,0,46,46,129
01/28/2016,CRW,WV,AEA,CE,Combined TRACON& Tower with Radar,4,42,11,16,73,0,3,10,10,23,4,45,21,26,96,30,0,30,126
01/29/2016,CRW,WV,AEA,CE,Combined TRACON& Tower with Radar,15,67,32,10,124,0,6,14,10,30,15,73,46,20,154,4,60,64,218
01/30/2016,CRW,WV,AEA,CE,Combined TRACON& Tower with Radar,4,24,15,3,46,0,3,27,11,41,4,27,42,14,87,10,11,21,108
01/31/2016,CRW,WV,AEA,CE,Combined TRACON& Tower with Radar,10,40,14,1,65,0,10,21,7,38,10,50,35,8,103,28,6,34,137
02/01/2016,CRW,WV,AEA,CE,Combined TRACON& Tower with Radar,4,47,12,6,69,0,0,8,1,9,4,47,20,7,78,0,0,0,78
02/02/2016,CRW,WV,AEA,CE,Combined TRACON& Tower with Radar,7,47,10,7,71,0,3,12,13,28,7,50,22,20,99,0,0,0,99
02/03/2016,CRW,WV,AEA,CE,Combined TRACON& Tower with Radar,3,51,21,8,83,0,6,5,5,16,3,57,26,13,99,0,0,0,99
02/04/2016,CRW,WV,AEA,CE,Combined TRACON& Tower with Radar,4,49,8,19,80,0,9,13,7,29,4,58,21,26,109,0,16,16,125
02/05/2016,CRW,WV,AEA,CE,Combined TRACON& Tower with Radar,12,53,22,14,101,0,10,23,15,48,12,63,45,29,149,8,18,26,175
02/06/2016,CRW,WV,AEA,CE,Combined TRACON& Tower with Radar,5,26,10,6,47,0,12,23,8,43,5,38,33,14,90,6,6,12,102
02/07/2016,CRW,WV,AEA,CE,Combined TRACON& Tower with Radar,8,29,12,6,55,1,11,46,2,60,9,40,58,8,115,108,0,108,223
02/08/2016,CRW,WV,AEA,CE,Combined TRACON& Tower with Radar,5,44,36,6,91,0,0,28,0,28,5,44,64,6,119,0,0,0,119
02/09/2016,CRW,WV,AEA,CE,Combined TRACON& Tower with Radar,3,36,7,2,48,0,0,0,0,0,3,36,7,2,48,0,0,0,48
02/10/2016,CRW,WV,AEA,CE,Combined TRACON& Tower with Radar,2,40,15,15,72,0,0,3,5,8,2,40,18,20,80,0,0,0,80
02/11/2016,CRW,WV,AEA,CE,Combined TRACON& Tower with Radar,2,48,20,19,89,0,8,20,3,31,2,56,40,22,120,4,6,10,130
02/12/2016,CRW,WV,AEA,CE,Combined TRACON& Tower with Radar,8,45,11,8,72,0,0,9,8,17,8,45,20,16,89,0,40,40,129
02/13/2016,CRW,WV,AEA,CE,Combined TRACON& Tower with Radar,4,30,3,0,37,0,6,4,0,10,4,36,7,0,47,0,0,0,47
02/14/2016,CRW,WV,AEA,CE,Combined TRACON& Tower with Radar,6,28,12,0,46,0,2,10,0,12,6,30,22,0,58,16,0,16,74
02/15/2016,CRW,WV,AEA,CE,Combined TRACON& Tower with Radar,4,27,2,0,33,0,0,2,0,2,4,27,4,0,35,0,0,0,35
02/16/2016,CRW,WV,AEA,CE,Combined TRACON& Tower with Radar,4,58,13,0,75,0,0,0,0,0,4,58,13,0,75,4,0,4,79
02/17/2016,CRW,WV,AEA,CE,Combined TRACON& Tower with Radar,3,44,14,4,65,0,0,2,0,2,3,44,16,4,67,0,0,0,67
02/18/2016,CRW,WV,AEA,CE,Combined TRACON& Tower with Radar,3,49,21,11,84,0,4,27,5,36,3,53,48,16,120,22,12,34,154
02/19/2016,CRW,WV,AEA,CE,Combined TRACON& Tower with Radar,4,51,17,3,75,0,4,31,2,37,4,55,48,5,112,0,0,0,112
02/20/2016,CRW,WV,AEA,CE,Combined TRACON& Tower with Radar,2,28,9,0,39,0,2,12,2,16,2,30,21,2,55,2,0,2,57
02/21/2016,CRW,WV,AEA,CE,Combined TRACON& Tower with Radar,5,31,3,5,44,0,0,1,1,2,5,31,4,6,46,0,0,0,46
02/22/2016,CRW,WV,AEA,CE,Combined TRACON& Tower with Radar,8,38,22,29,97,1,4,17,4,26,9,42,39,33,123,4,0,4,127
02/23/2016,CRW,WV,AEA,CE,Combined TRACON& Tower with Radar,3,53,34,31,121,0,18,14,1,33,3,71,48,32,154,80,10,90,244
02/24/2016,CRW,WV,AEA,CE,Combined TRACON& Tower with Radar,3,38,7,4,52,0,0,3,6,9,3,38,10,10,61,74,10,84,145
02/25/2016,CRW,WV,AEA,CE,Combined TRACON& Tower with Radar,2,49,15,4,70,0,0,0,0,0,2,49,15,4,70,0,0,0,70
02/26/2016,CRW,WV,AEA,CE,Combined TRACON& Tower with Radar,6,47,16,0,69,0,9,6,0,15,6,56,22,0,84,92,0,92,176
02/27/2016,CRW,WV,AEA,CE,Combined TRACON& Tower with Radar,3,30,22,1,56,0,3,24,0,27,3,33,46,1,83,62,0,62,145
02/28/2016,CRW,WV,AEA,CE,Combined TRACON& Tower with Radar,7,39,2,0,48,0,16,19,0,35,7,55,21,0,83,20,0,20,103
02/29/2016,CRW,WV,AEA,CE,Combined TRACON& Tower with Radar,6,49,18,0,73,0,1,11,0,12,6,50,29,0,85,61,0,61,146
03/01/2016,CRW,WV,AEA,CE,Combined TRACON& Tower with Radar,2,49,17,7,75,0,5,19,8,32,2,54,36,15,107,4,6,10,117
03/02/2016,CRW,WV,AEA,CE,Combined TRACON& Tower with Radar,3,51,17,13,84,0,4,9,3,16,3,55,26,16,100,42,10,52,152
03/03/2016,CRW,WV,AEA,CE,Combined TRACON& Tower with Radar,3,39,11,18,71,0,0,23,2,25,3,39,34,20,96,4,0,4,100
03/04/2016,CRW,WV,AEA,CE,Combined TRACON& Tower with Radar,5,47,5,21,78,0,0,1,1,2,5,47,6,22,80,0,0,0,80
03/05/2016,CRW,WV,AEA,CE,Combined TRACON& Tower with Radar,4,24,7,0,35,0,1,4,0,5,4,25,11,0,40,43,0,43,83
03/06/2016,CRW,WV,AEA,CE,Combined TRACON& Tower with Radar,4,34,16,7,61,0,1,5,4,10,4,35,21,11,71,20,14,34,105
03/07/2016,CRW,WV,AEA,CE,Combined TRACON& Tower with Radar,2,40,19,3,64,0,9,47,1,57,2,49,66,4,121,50,4,54,175
03/08/2016,CRW,WV,AEA,CE,Combined TRACON& Tower with Radar,3,51,25,13,92,0,7,46,10,63,3,58,71,23,155,4,10,14,169
03/09/2016,CRW,WV,AEA,CE,Combined TRACON& Tower with Radar,2,42,41,6,91,0,8,40,9,57,2,50,81,15,148,54,14,68,216
03/10/2016,CRW,WV,AEA,CE,Combined TRACON& Tower with Radar,2,47,22,5,76,0,8,25,7,40,2,55,47,12,116,6,28,34,150
03/11/2016,CRW,WV,AEA,CE,Combined TRACON& Tower with Radar,5,49,19,17,90,0,4,11,3,18,5,53,30,20,108,42,10,52,160
03/12/2016,CRW,WV,AEA,CE,Combined TRACON& Tower with Radar,2,30,17,2,51,0,5,16,0,21,2,35,33,2,72,80,0,80,152
03/13/2016,CRW,WV,AEA,CE,Combined TRACON& Tower with Radar,4,41,14,1,60,0,3,10,0,13,4,44,24,1,73,10,0,10,83
03/14/2016,CRW,WV,AEA,CE,Combined TRACON& Tower with Radar,4,33,18,7,62,0,3,14,3,20,4,36,32,10,82,10,0,10,92
03/15/2016,CRW,WV,AEA,CE,Combined TRACON& Tower with Radar,3,47,25,11,86,0,5,23,8,36,3,52,48,19,122,10,12,22,144
03/16/2016,CRW,WV,AEA,CE,Combined TRACON& Tower with Radar,7,46,15,13,81,0,2,21,5,28,7,48,36,18,109,2,8,10,119
03/17/2016,CRW,WV,AEA,CE,Combined TRACON& Tower with Radar,7,56,12,12,87,0,6,17,4,27,7,62,29,16,114,0,10,10,124
03/18/2016,CRW,WV,AEA,CE,Combined TRACON& Tower with Radar,12,43,22,8,85,0,6,21,1,28,12,49,43,9,113,2,0,2,115
03/19/2016,CRW,WV,AEA,CE,Combined TRACON& Tower with Radar,6,33,8,0,47,0,0,1,0,1,6,33,9,0,48,0,0,0,48
03/20/2016,CRW,WV,AEA,CE,Combined TRACON& Tower with Radar,6,32,7,3,48,0,2,13,0,15,6,34,20,3,63,10,0,10,73
03/21/2016,CRW,WV,AEA,CE,Combined TRACON& Tower with Radar,6,52,16,2,76,0,3,17,7,27,6,55,33,9,103,12,0,12,115
03/22/2016,CRW,WV,AEA,CE,Combined TRACON& Tower with Radar,10,60,28,16,114,0,5,43,1,49,10,65,71,17,163,18,17,35,198
03/23/2016,CRW,WV,AEA,CE,Combined TRACON& Tower with Radar,10,52,21,10,93,0,8,24,8,40,10,60,45,18,133,37,28,65,198
03/24/2016,CRW,WV,AEA,CE,Combined TRACON& Tower with Radar,10,45,15,12,82,0,2,7,8,17,10,47,22,20,99,0,28,28,127
03/25/2016,CRW,WV,AEA,CE,Combined TRACON& Tower with Radar,3,46,11,7,67,0,4,10,0,14,3,50,21,7,81,0,0,0,81
03/26/2016,CRW,WV,AEA,CE,Combined TRACON& Tower with Radar,7,24,12,0,43,2,9,24,0,35,9,33,36,0,78,0,5,5,83
03/27/2016,CRW,WV,AEA,CE,Combined TRACON& Tower with Radar,8,32,10,8,58,1,7,18,0,26,9,39,28,8,84,20,0,20,104
03/28/2016,CRW,WV,AEA,CE,Combined TRACON& Tower with Radar,6,40,12,8,66,0,7,2,0,9,6,47,14,8,75,0,0,0,75
03/29/2016,CRW,WV,AEA,CE,Combined TRACON& Tower with Radar,5,43,26,8,82,0,21,15,5,41,5,64,41,13,123,21,30,51,174
03/30/2016,CRW,WV,AEA,CE,Combined TRACON& Tower with Radar,3,52,12,1,68,0,11,22,28,61,3,63,34,29,129,22,36,58,187
03/31/2016,CRW,WV,AEA,CE,Combined TRACON& Tower with Radar,4,46,15,5,70,0,3,3,2,8,4,49,18,7,78,0,25,25,103
04/01/2016,CRW,WV,AEA,CE,Combined TRACON& Tower with Radar,3,52,13,9,77,0,19,8,0,27,3,71,21,9,104,4,10,14,118
04/02/2016,CRW,WV,AEA,CE,Combined TRACON& Tower with Radar,3,29,7,0,39,0,0,6,1,7,3,29,13,1,46,26,0,26,72
04/03/2016,CRW,WV,AEA,CE,Combined TRACON& Tower with Radar,7,36,9,7,59,0,3,8,0,11,7,39,17,7,70,0,0,0,70
04/04/2016,CRW,WV,AEA,CE,Combined TRACON& Tower with Radar,4,42,12,5,63,0,9,5,2,16,4,51,17,7,79,18,0,18,97
04/05/2016,CRW,WV,AEA,CE,Combined TRACON& Tower with Radar,6,49,20,8,83,0,6,33,7,46,6,55,53,15,129,10,24,34,163
04/06/2016,CRW,WV,AEA,CE,Combined TRACON& Tower with Radar,4,53,25,13,95,0,3,10,13,26,4,56,35,26,121,0,10,10,131
04/07/2016,CRW,WV,AEA,CE,Combined TRACON& Tower with Radar,3,55,23,2,83,0,0,1,0,1,3,55,24,2,84,0,4,4,88
04/08/2016,CRW,WV,AEA,CE,Combined TRACON& Tower with Radar,6,49,17,9,81,0,0,4,0,4,6,49,21,9,85,0,7,7,92
04/09/2016,CRW,WV,AEA,CE,Combined TRACON& Tower with Radar,2,28,2,0,32,0,0,0,0,0,2,28,2,0,32,0,0,0,32
04/10/2016,CRW,WV,AEA,CE,Combined TRACON& Tower with Radar,10,30,18,2,60,0,1,12,0,13,10,31,30,2,73,26,0,26,99
04/11/2016,CRW,WV,AEA,CE,Combined TRACON& Tower with Radar,4,48,16,1,69,0,3,7,0,10,4,51,23,1,79,0,0,0,79
04/12/2016,CRW,WV,AEA,CE,Combined TRACON& Tower with Radar,4,43,20,8,75,0,7,21,0,28,4,50,41,8,103,0,6,6,109
04/13/2016,CRW,WV,AEA,CE,Combined TRACON& Tower with Radar,6,51,27,8,92,0,3,31,4,38,6,54,58,12,130,0,0,0,130
04/14/2016,CRW,WV,AEA,CE,Combined TRACON& Tower with Radar,5,57,41,9,112,0,6,23,4,33,5,63,64,13,145,20,15,35,180
04/15/2016,CRW,WV,AEA,CE,Combined TRACON& Tower with Radar,5,41,21,3,70,0,6,30,1,37,5,47,51,4,107,8,0,8,115
04/16/2016,CRW,WV,AEA,CE,Combined TRACON& Tower with Radar,4,19,18,1,42,0,7,31,0,38,4,26,49,1,80,32,0,32,112
04/17/2016,CRW,WV,AEA,CE,Combined TRACON& Tower with Radar,6,35,13,4,58,0,2,46,4,52,6,37,59,8,110,32,0,32,142
04/18/2016,CRW,WV,AEA,CE,Combined TRACON& Tower with Radar,6,45,21,2,74,0,9,29,5,43,6,54,50,7,117,20,0,20,137
04/19/2016,CRW,WV,AEA,CE,Combined TRACON& Tower with Radar,2,41,16,9,68,0,5,30,3,38,2,46,46,12,106,0,6,6,112
04/20/2016,CRW,WV,AEA,CE,Combined TRACON& Tower with Radar,8,52,24,39,123,0,8,27,7,42,8,60,51,46,165,34,38,72,237
04/21/2016,CRW,WV,AEA,CE,Combined TRACON& Tower with Radar,2,53,11,17,83,0,0,13,1,14,2,53,24,18,97,0,56,56,153
04/22/2016,CRW,WV,AEA,CE,Combined TRACON& Tower with Radar,6,58,23,13,100,0,1,6,2,9,6,59,29,15,109,0,0,0,109
04/23/2016,CRW,WV,AEA,CE,Combined TRACON& Tower with Radar,6,24,5,5,40,0,4,4,0,8,6,28,9,5,48,0,0,0,48
04/24/2016,CRW,WV,AEA,CE,Combined TRACON& Tower with Radar,10,58,18,1,87,0,15,34,1,50,10,73,52,2,137,24,0,24,161
04/25/2016,CRW,WV,AEA,CE,Combined TRACON& Tower with Radar,7,40,20,16,83,0,9,11,0,20,7,49,31,16,103,4,0,4,107
04/26/2016,CRW,WV,AEA,CE,Combined TRACON& Tower with Radar,5,44,23,3,75,0,3,9,6,18,5,47,32,9,93,10,0,10,103
04/27/2016,CRW,WV,AEA,CE,Combined TRACON& Tower with Radar,7,46,20,35,108,0,0,4,2,6,7,46,24,37,114,0,18,18,132
04/28/2016,CRW,WV,AEA,CE,Combined TRACON& Tower with Radar,3,45,25,12,85,0,2,7,2,11,3,47,32,14,96,0,14,14,110
04/29/2016,CRW,WV,AEA,CE,Combined TRACON& Tower with Radar,8,63,34,14,119,0,11,32,1,44,8,74,66,15,163,34,4,38,201
04/30/2016,CRW,WV,AEA,CE,Combined TRACON& Tower with Radar,5,20,15,0,40,0,4,3,0,7,5,24,18,0,47,10,0,10,57
05/01/2016,CRW,WV,AEA,CE,Combined TRACON& Tower with Radar,5,27,10,0,42,0,0,2,0,2,5,27,12,0,44,0,0,0,44
05/02/2016,CRW,WV,AEA,CE,Combined TRACON& Tower with Radar,5,35,16,14,70,0,5,3,0,8,5,40,19,14,78,0,14,14,92
05/03/2016,CRW,WV,AEA,CE,Combined TRACON& Tower with Radar,6,44,21,29,100,0,0,2,2,4,6,44,23,31,104,0,16,16,120
05/04/2016,CRW,WV,AEA,CE,Combined TRACON& Tower with Radar,8,45,15,14,82,0,1,5,19,25,8,46,20,33,107,0,38,38,145
05/05/2016,CRW,WV,AEA,CE,Combined TRACON& Tower with Radar,3,51,34,8,96,0,1,8,0,9,3,52,42,8,105,0,0,0,105
05/06/2016,CRW,WV,AEA,CE,Combined TRACON& Tower with Radar,4,49,21,0,74,0,3,29,7,39,4,52,50,7,113,26,0,26,139
05/07/2016,CRW,WV,AEA,CE,Combined TRACON& Tower with Radar,7,23,16,0,46,0,7,34,0,41,7,30,50,0,87,36,0,36,123
05/08/2016,CRW,WV,AEA,CE,Combined TRACON& Tower with Radar,5,37,12,0,54,0,2,11,0,13,5,39,23,0,67,26,0,26,93
05/09/2016,CRW,WV,AEA,CE,Combined TRACON& Tower with Radar,2,53,36,8,99,0,9,27,14,50,2,62,63,22,149,35,0,35,184
05/10/2016,CRW,WV,AEA,CE,Combined TRACON& Tower with Radar,2,46,16,0,64,0,3,12,1,16,2,49,28,1,80,11,0,11,91
05/11/2016,CRW,WV,AEA,CE,Combined TRACON& Tower with Radar,3,44,20,2,69,0,4,15,19,38,3,48,35,21,107,10,0,10,117
05/12/2016,CRW,WV,AEA,CE,Combined TRACON& Tower with Radar,1,40,13,12,66,0,1,9,5,15,1,41,22,17,81,0,12,12,93
05/13/2016,CRW,WV,AEA,CE,Combined TRACON& Tower with Radar,6,64,29,7,106,1,6,23,4,34,7,70,52,11,140,0,8,8,148
05/14/2016,CRW,WV,AEA,CE,Combined TRACON& Tower with Radar,4,24,7,11,46,0,4,0,0,4,4,28,7,11,50,0,6,6,56
05/15/2016,CRW,WV,AEA,CE,Combined TRACON& Tower with Radar,7,34,9,4,54,0,6,26,0,32,7,40,35,4,86,4,0,4,90
05/16/2016,CRW,WV,AEA,CE,Combined TRACON& Tower with Radar,4,44,20,1,69,0,8,52,8,68,4,52,72,9,137,36,0,36,173
05/17/2016,CRW,WV,AEA,CE,Combined TRACON& Tower with Radar,2,55,11,7,75,0,3,3,6,12,2,58,14,13,87,0,26,26,113
05/18/2016,CRW,WV,AEA,CE,Combined TRACON& Tower with Radar,3,41,19,15,78,0,0,0,1,1,3,41,19,16,79,0,0,0,79
05/19/2016,CRW,WV,AEA,CE,Combined TRACON& Tower with Radar,3,41,45,4,93,0,0,25,3,28,3,41,70,7,121,0,12,12,133
05/20/2016,CRW,WV,AEA,CE,Combined TRACON& Tower with Radar,2,42,16,10,70,0,3,15,4,22,2,45,31,14,92,0,0,0,92
05/21/2016,CRW,WV,AEA,CE,Combined TRACON& Tower with Radar,4,25,9,2,40,0,0,10,2,12,4,25,19,4,52,0,0,0,52
05/22/2016,CRW,WV,AEA,CE,Combined TRACON& Tower with Radar,6,40,22,2,70,0,8,17,8,33,6,48,39,10,103,2,0,2,105
05/23/2016,CRW,WV,AEA,CE,Combined TRACON& Tower with Radar,3,42,19,2,66,0,3,13,0,16,3,45,32,2,82,4,0,4,86
05/24/2016,CRW,WV,AEA,CE,Combined TRACON& Tower with Radar,5,47,24,1,77,0,4,34,4,42,5,51,58,5,119,14,0,14,133
05/25/2016,CRW,WV,AEA,CE,Combined TRACON& Tower with Radar,5,47,15,6,73,0,6,34,0,40,5,53,49,6,113,10,0,10,123
05/26/2016,CRW,WV,AEA,CE,Combined TRACON& Tower with Radar,2,43,18,6,69,0,3,12,0,15,2,46,30,6,84,0,0,0,84
05/27/2016,CRW,WV,AEA,CE,Combined TRACON& Tower with Radar,9,47,25,10,91,1,7,28,1,37,10,54,53,11,128,18,0,18,146
05/28/2016,CRW,WV,AEA,CE,Combined TRACON& Tower with Radar,4,33,32,2,71,0,6,17,6,29,4,39,49,8,100,28,0,28,128
05/29/2016,CRW,WV,AEA,CE,Combined TRACON& Tower with Radar,5,31,15,1,52,0,5,11,0,16,5,36,26,1,68,0,0,0,68
05/30/2016,CRW,WV,AEA,CE,Combined TRACON& Tower with Radar,2,34,13,0,49,0,0,9,0,9,2,34,22,0,58,2,0,2,60
05/31/2016,CRW,WV,AEA,CE,Combined TRACON& Tower with Radar,2,38,22,6,68,0,2,32,4,38,2,40,54,10,106,30,0,30,136
06/01/2016,CRW,WV,AEA,CE,Combined TRACON& Tower with Radar,6,48,33,29,116,0,6,27,14,47,6,54,60,43,163,0,64,64,227
06/02/2016,CRW,WV,AEA,CE,Combined TRACON& Tower with Radar,3,52,19,9,83,0,1,10,7,18,3,53,29,16,101,4,10,14,115
06/03/2016,CRW,WV,AEA,CE,Combined TRACON& Tower with Radar,2,44,23,7,76,0,1,19,0,20,2,45,42,7,96,0,0,0,96
06/04/2016,CRW,WV,AEA,CE,Combined TRACON& Tower with Radar,4,41,31,18,94,0,5,10,7,22,4,46,41,25,116,32,0,32,148
06/05/2016,CRW,WV,AEA,CE,Combined TRACON& Tower with Radar,7,34,14,4,59,0,0,0,0,0,7,34,14,4,59,0,0,0,59
06/06/2016,CRW,WV,AEA,CE,Combined TRACON& Tower with Radar,5,42,14,0,61,0,4,41,4,49,5,46,55,4,110,10,0,10,120
06/07/2016,CRW,WV,AEA,CE,Combined TRACON& Tower with Radar,3,51,20,10,84,0,2,23,11,36,3,53,43,21,120,2,14,16,136
06/08/2016,CRW,WV,AEA,CE,Combined TRACON& Tower with Radar,5,45,25,5,80,0,2,18,1,21,5,47,43,6,101,0,6,6,107
06/09/2016,CRW,WV,AEA,CE,Combined TRACON& Tower with Radar,3,50,22,18,93,0,5,23,7,35,3,55,45,25,128,18,18,36,164
06/10/2016,CRW,WV,AEA,CE,Combined TRACON& Tower with Radar,4,41,19,9,73,0,11,9,4,24,4,52,28,13,97,18,0,18,115
06/11/2016,CRW,WV,AEA,CE,Combined TRACON& Tower with Radar,10,28,15,1,54,1,7,33,1,42,11,35,48,2,96,11,0,11,107
06/12/2016,CRW,WV,AEA,CE,Combined TRACON& Tower with Radar,10,36,20,4,70,0,12,8,2,22,10,48,28,6,92,18,0,18,110
06/13/2016,CRW,WV,AEA,CE,Combined TRACON& Tower with Radar,5,42,24,2,73,0,9,25,3,37,5,51,49,5,110,8,0,8,118
06/14/2016,CRW,WV,AEA,CE,Combined TRACON& Tower with Radar,2,47,14,9,72,0,7,31,8,46,2,54,45,17,118,32,18,50,168
06/15/2016,CRW,WV,AEA,CE,Combined TRACON& Tower with Radar,4,51,24,6,85,0,3,6,12,21,4,54,30,18,106,20,0,20,126
06/16/2016,CRW,WV,AEA,CE,Combined TRACON& Tower with Radar,2,49,19,9,79,0,0,15,12,27,2,49,34,21,106,0,18,18,124
06/17/2016,CRW,WV,AEA,CE,Combined TRACON& Tower with Radar,2,40,18,7,67,0,6,3,1,10,2,46,21,8,77,36,0,36,113
06/18/2016,CRW,WV,AEA,CE,Combined TRACON& Tower with Radar,14,22,31,0,67,0,10,27,1,38,14,32,58,1,105,46,0,46,151
06/19/2016,CRW,WV,AEA,CE,Combined TRACON& Tower with Radar,10,37,12,0,59,0,4,38,3,45,10,41,50,3,104,0,0,0,104
06/20/2016,CRW,WV,AEA,CE,Combined TRACON& Tower with Radar,2,46,16,6,70,0,13,21,5,39,2,59,37,11,109,12,2,14,123
06/21/2016,CRW,WV,AEA,CE,Combined TRACON& Tower with Radar,2,42,15,14,73,1,0,11,1,13,3,42,26,15,86,2,0,2,88
06/22/2016,CRW,WV,AEA,CE,Combined TRACON& Tower with Radar,5,49,16,7,77,0,4,13,1,18,5,53,29,8,95,0,0,0,95
06/23/2016,CRW,WV,AEA,CE,Combined TRACON& Tower with Radar,1,35,9,2,47,0,0,6,4,10,1,35,15,6,57,0,0,0,57
06/24/2016,CRW,WV,AEA,CE,Combined TRACON& Tower with Radar,5,50,22,14,91,0,11,48,18,77,5,61,70,32,168,22,12,34,202
06/25/2016,CRW,WV,AEA,CE,Combined TRACON& Tower with Radar,6,31,12,6,55,0,7,74,30,111,6,38,86,36,166,64,0,64,230
06/26/2016,CRW,WV,AEA,CE,Combined TRACON& Tower with Radar,7,47,30,3,87,0,6,24,35,65,7,53,54,38,152,76,0,76,228
06/27/2016,CRW,WV,AEA,CE,Combined TRACON& Tower with Radar,7,39,13,6,65,0,41,17,21,79,7,80,30,27,144,52,0,52,196
06/28/2016,CRW,WV,AEA,CE,Combined TRACON& Tower with Radar,4,56,40,3,103,1,0,34,22,57,5,56,74,25,160,36,6,42,202
06/29/2016,CRW,WV,AEA,CE,Combined TRACON& Tower with Radar,4,47,30,16,97,0,11,46,15,72,4,58,76,31,169,65,24,89,258
06/30/2016,CRW,WV,AEA,CE,Combined TRACON& Tower with Radar,2,52,31,7,92,0,28,49,14,91,2,80,80,21,183,74,0,74,257
07/01/2016,CRW,WV,AEA,CE,Combined TRACON& Tower with Radar,3,57,25,9,94,0,7,28,18,53,3,64,53,27,147,40,4,44,191
07/02/2016,CRW,WV,AEA,CE,Combined TRACON& Tower with Radar,8,19,11,0,38,0,3,34,0,37,8,22,45,0,75,79,0,79,154
07/03/2016,CRW,WV,AEA,CE,Combined TRACON& Tower with Radar,5,28,8,0,41,0,5,5,0,10,5,33,13,0,51,0,0,0,51
07/04/2016,CRW,WV,AEA,CE,Combined TRACON& Tower with Radar,3,27,9,0,39,0,3,0,0,3,3,30,9,0,42,0,0,0,42
07/05/2016,CRW,WV,AEA,CE,Combined TRACON& Tower with Radar,2,40,12,4,58,0,0,6,7,13,2,40,18,11,71,0,0,0,71
07/06/2016,CRW,WV,AEA,CE,Combined TRACON& Tower with Radar,5,44,19,9,77,0,2,24,3,29,5,46,43,12,106,0,0,0,106
07/07/2016,CRW,WV,AEA,CE,Combined TRACON& Tower with Radar,4,44,20,4,72,0,0,12,3,15,4,44,32,7,87,10,6,16,103
07/08/2016,CRW,WV,AEA,CE,Combined TRACON& Tower with Radar,2,35,21,11,69,0,2,8,4,14,2,37,29,15,83,0,30,30,113
07/09/2016,CRW,WV,AEA,CE,Combined TRACON& Tower with Radar,4,35,31,0,70,1,9,41,2,53,5,44,72,2,123,12,0,12,135
07/10/2016,CRW,WV,AEA,CE,Combined TRACON& Tower with Radar,5,38,18,6,67,0,16,12,1,29,5,54,30,7,96,0,35,35,131
07/11/2016,CRW,WV,AEA,CE,Combined TRACON& Tower with Radar,5,42,21,2,70,0,12,41,6,59,5,54,62,8,129,25,0,25,154
07/12/2016,CRW,WV,AEA,CE,Combined TRACON& Tower with Radar,6,48,18,0,72,0,3,22,0,25,6,51,40,0,97,2,0,2,99
07/13/2016,CRW,WV,AEA,CE,Combined TRACON& Tower with Radar,6,41,31,11,89,0,7,35,10,52,6,48,66,21,141,35,14,49,190
07/14/2016,CRW,WV,AEA,CE,Combined TRACON& Tower with Radar,2,47,20,10,79,0,4,12,2,18,2,51,32,12,97,8,0,8,105
07/15/2016,CRW,WV,AEA,CE,Combined TRACON& Tower with Radar,6,45,26,2,79,0,7,21,6,34,6,52,47,8,113,0,0,0,113
07/16/2016,CRW,WV,AEA,CE,Combined TRACON& Tower with Radar,10,29,6,2,47,0,7,18,0,25,10,36,24,2,72,47,0,47,119
07/17/2016,CRW,WV,AEA,CE,Combined TRACON& Tower with Radar,4,41,11,0,56,0,10,11,0,21,4,51,22,0,77,25,0,25,102
07/18/2016,CRW,WV,AEA,CE,Combined TRACON& Tower with Radar,2,35,14,2,53,0,1,25,2,28,2,36,39,4,81,6,0,6,87
07/19/2016,CRW,WV,AEA,CE,Combined TRACON& Tower with Radar,1,43,19,9,72,0,5,19,4,28,1,48,38,13,100,22,0,22,122
07/20/2016,CRW,WV,AEA,CE,Combined TRACON& Tower with Radar,5,52,16,11,84,0,1,37,6,44,5,53,53,17,128,29,30,59,187
07/21/2016,CRW,WV,AEA,CE,Combined TRACON& Tower with Radar,1,42,28,15,86,0,18,31,6,55,1,60,59,21,141,18,8,26,167
07/22/2016,CRW,WV,AEA,CE,Combined TRACON& Tower with Radar,3,47,49,6,105,0,3,24,3,30,3,50,73,9,135,17,0,17,152
07/23/2016,CRW,WV,AEA,CE,Combined TRACON& Tower with Radar,5,24,14,6,49,0,8,39,4,51,5,32,53,10,100,32,4,36,136
07/24/2016,CRW,WV,AEA,CE,Combined TRACON& Tower with Radar,4,37,16,14,71,0,2,3,1,6,4,39,19,15,77,6,0,6,83
07/25/2016,CRW,WV,AEA,CE,Combined TRACON& Tower with Radar,4,10,8,0,22,0,8,3,0,11,4,18,11,0,33,0,0,0,33
07/26/2016,CRW,WV,AEA,CE,Combined TRACON& Tower with Radar,0,16,3,0,19,0,0,5,1,6,0,16,8,1,25,0,0,0,25
07/27/2016,CRW,WV,AEA,CE,Combined TRACON& Tower with Radar,1,8,1,0,10,0,0,1,0,1,1,8,2,0,11,0,0,0,11
07/28/2016,CRW,WV,AEA,CE,Combined TRACON& Tower with Radar,0,5,2,0,7,0,2,0,0,2,0,7,2,0,9,0,0,0,9
07/29/2016,CRW,WV,AEA,CE,Combined TRACON& Tower with Radar,1,22,5,0,28,0,5,3,1,9,1,27,8,1,37,1,0,1,38
07/30/2016,CRW,WV,AEA,CE,Combined TRACON& Tower with Radar,2,10,1,0,13,0,0,0,0,0,2,10,1,0,13,0,0,0,13
07/31/2016,CRW,WV,AEA,CE,Combined TRACON& Tower with Radar,2,39,12,6,59,0,2,12,3,17,2,41,24,9,76,0,4,4,80
08/01/2016,CRW,WV,AEA,CE,Combined TRACON& Tower with Radar,6,44,40,11,101,1,5,31,2,39,7,49,71,13,140,0,0,0,140
08/02/2016,CRW,WV,AEA,CE,Combined TRACON& Tower with Radar,2,42,14,14,72,0,2,25,24,51,2,44,39,38,123,30,0,30,153
08/03/2016,CRW,WV,AEA,CE,Combined TRACON& Tower with Radar,6,43,21,7,77,0,3,24,0,27,6,46,45,7,104,8,0,8,112
08/04/2016,CRW,WV,AEA,CE,Combined TRACON& Tower with Radar,2,47,23,15,87,0,9,15,2,26,2,56,38,17,113,0,6,6,119
08/05/2016,CRW,WV,AEA,CE,Combined TRACON& Tower with Radar,2,43,19,11,75,0,3,6,2,11,2,46,25,13,86,10,0,10,96
08/06/2016,CRW,WV,AEA,CE,Combined TRACON& Tower with Radar,4,27,11,3,45,0,2,5,19,26,4,29,16,22,71,0,0,0,71
08/07/2016,CRW,WV,AEA,CE,Combined TRACON& Tower with Radar,5,35,11,12,63,0,24,46,8,78,5,59,57,20,141,50,12,62,203
08/08/2016,CRW,WV,AEA,CE,Combined TRACON& Tower with Radar,0,2,1,0,3,0,1,0,0,1,0,3,1,0,4,32,0,32,36
08/09/2016,CRW,WV,AEA,CE,Combined TRACON& Tower with Radar,0,31,25,9,65,0,12,34,5,51,0,43,59,14,116,74,98,172,288
08/10/2016,CRW,WV,AEA,CE,Combined TRACON& Tower with Radar,3,42,35,5,85,0,8,52,18,78,3,50,87,23,163,52,0,52,215
08/11/2016,CRW,WV,AEA,CE,Combined TRACON& Tower with Radar,4,51,15,5,75,0,11,34,8,53,4,62,49,13,128,56,25,81,209
08/12/2016,CRW,WV,AEA,CE,Combined TRACON& Tower with Radar,2,44,21,1,68,0,7,18,4,29,2,51,39,5,97,18,0,18,115
08/13/2016,CRW,WV,AEA,CE,Combined TRACON& Tower with Radar,5,30,10,4,49,0,5,7,0,12,5,35,17,4,61,0,0,0,61
08/14/2016,CRW,WV,AEA,CE,Combined TRACON& Tower with Radar,4,44,10,1,59,2,0,2,1,5,6,44,12,2,64,0,0,0,64
08/15/2016,CRW,WV,AEA,CE,Combined TRACON& Tower with Radar,2,49,20,7,78,0,4,34,8,46,2,53,54,15,124,56,8,64,188
08/16/2016,CRW,WV,AEA,CE,Combined TRACON& Tower with Radar,3,40,19,7,69,0,5,18,13,36,3,45,37,20,105,0,20,20,125
08/17/2016,CRW,WV,AEA,CE,Combined TRACON& Tower with Radar,3,46,14,9,72,0,0,17,11,28,3,46,31,20,100,0,12,12,112
08/18/2016,CRW,WV,AEA,CE,Combined TRACON& Tower with Radar,3,52,14,7,76,0,7,9,22,38,3,59,23,29,114,0,0,0,114
08/19/2016,CRW,WV,AEA,CE,Combined TRACON& Tower with Radar,3,53,21,3,80,4,3,14,20,41,7,56,35,23,121,0,2,2,123
08/20/2016,CRW,WV,AEA,CE,Combined TRACON& Tower with Radar,4,28,13,1,46,0,5,3,0,8,4,33,16,1,54,2,0,2,56
08/21/2016,CRW,WV,AEA,CE,Combined TRACON& Tower with Radar,5,33,7,10,55,0,4,2,3,9,5,37,9,13,64,0,0,0,64
08/22/2016,CRW,WV,AEA,CE,Combined TRACON& Tower with Radar,4,49,25,6,84,6,18,54,14,92,10,67,79,20,176,15,0,15,191
08/23/2016,CRW,WV,AEA,CE,Combined TRACON& Tower with Radar,2,46,26,17,91,0,13,32,17,62,2,59,58,34,153,20,36,56,209
08/24/2016,CRW,WV,AEA,CE,Combined TRACON& Tower with Radar,5,52,26,7,90,0,1,42,17,60,5,53,68,24,150,10,19,29,179
08/25/2016,CRW,WV,AEA,CE,Combined TRACON& Tower with Radar,4,49,37,4,94,0,9,34,25,68,4,58,71,29,162,16,94,110,272
08/26/2016,CRW,WV,AEA,CE,Combined TRACON& Tower with Radar,1,46,26,7,80,0,5,24,19,48,1,51,50,26,128,0,0,0,128
08/27/2016,CRW,WV,AEA,CE,Combined TRACON& Tower with Radar,5,25,18,4,52,0,7,27,2,36,5,32,45,6,88,48,0,48,136
08/28/2016,CRW,WV,AEA,CE,Combined TRACON& Tower with Radar,8,45,14,2,69,3,10,17,1,31,11,55,31,3,100,12,0,12,112
08/29/2016,CRW,WV,AEA,CE,Combined TRACON& Tower with Radar,2,46,19,0,67,0,1,19,2,22,2,47,38,2,89,30,0,30,119
08/30/2016,CRW,WV,AEA,CE,Combined TRACON& Tower with Radar,2,45,26,8,81,0,3,26,5,34,2,48,52,13,115,2,42,44,159
08/31/2016,CRW,WV,AEA,CE,Combined TRACON& Tower with Radar,4,49,18,15,86,0,7,72,5,84,4,56,90,20,170,0,4,4,174
09/01/2016,CRW,WV,AEA,CE,Combined TRACON& Tower with Radar,2,42,14,0,58,0,1,16,2,19,2,43,30,2,77,60,0,60,137
09/02/2016,CRW,WV,AEA,CE,Combined TRACON& Tower with Radar,3,48,26,7,84,0,7,39,0,46,3,55,65,7,130,116,0,116,246
09/03/2016,CRW,WV,AEA,CE,Combined TRACON& Tower with Radar,7,25,14,0,46,1,5,8,1,15,8,30,22,1,61,32,0,32,93
09/04/2016,CRW,WV,AEA,CE,Combined TRACON& Tower with Radar,3,37,19,0,59,0,10,23,0,33,3,47,42,0,92,4,0,4,96
09/05/2016,CRW,WV,AEA,CE,Combined TRACON& Tower with Radar,2,39,12,0,53,0,1,13,0,14,2,40,25,0,67,52,0,52,119
09/06/2016,CRW,WV,AEA,CE,Combined TRACON& Tower with Radar,3,44,16,14,77,0,13,31,8,52,3,57,47,22,129,40,29,69,198
09/07/2016,CRW,WV,AEA,CE,Combined TRACON& Tower with Radar,5,42,14,12,73,0,9,28,1,38,5,51,42,13,111,30,0,30,141
09/08/2016,CRW,WV,AEA,CE,Combined TRACON& Tower with Radar,3,53,23,12,91,0,7,32,1,40,3,60,55,13,131,2,0,2,133
09/09/2016,CRW,WV,AEA,CE,Combined TRACON& Tower with Radar,4,41,15,15,75,0,5,14,3,22,4,46,29,18,97,0,4,4,101
09/10/2016,CRW,WV,AEA,CE,Combined TRACON& Tower with Radar,1,24,18,5,48,0,14,25,3,42,1,38,43,8,90,2,0,2,92
09/11/2016,CRW,WV,AEA,CE,Combined TRACON& Tower with Radar,8,36,19,4,67,0,1,73,0,74,8,37,92,4,141,10,0,10,151
09/12/2016,CRW,WV,AEA,CE,Combined TRACON& Tower with Radar,3,49,31,7,90,0,9,44,7,60,3,58,75,14,150,8,0,8,158
09/13/2016,CRW,WV,AEA,CE,Combined TRACON& Tower with Radar,2,48,26,6,82,0,5,29,4,38,2,53,55,10,120,0,12,12,132
09/14/2016,CRW,WV,AEA,CE,Combined TRACON& Tower with Radar,4,46,18,8,76,1,9,28,12,50,5,55,46,20,126,6,6,12,138
09/15/2016,CRW,WV,AEA,CE,Combined TRACON& Tower with Radar,4,49,24,5,82,0,3,14,5,22,4,52,38,10,104,0,0,0,104
09/16/2016,CRW,WV,AEA,CE,Combined TRACON& Tower with Radar,8,52,26,11,97,0,6,51,0,57,8,58,77,11,154,24,0,24,178
09/17/2016,CRW,WV,AEA,CE,Combined TRACON& Tower with Radar,7,34,16,0,57,0,10,8,5,23,7,44,24,5,80,0,0,0,80
09/18/2016,CRW,WV,AEA,CE,Combined TRACON& Tower with Radar,4,36,7,6,53,0,1,0,2,3,4,37,7,8,56,0,0,0,56
09/19/2016,CRW,WV,AEA,CE,Combined TRACON& Tower with Radar,2,51,21,3,77,0,8,18,0,26,2,59,39,3,103,2,0,2,105
09/20/2016,CRW,WV,AEA,CE,Combined TRACON& Tower with Radar,2,49,19,18,88,0,5,21,11,37,2,54,40,29,125,0,49,49,174
09/21/2016,CRW,WV,AEA,CE,Combined TRACON& Tower with Radar,2,49,28,4,83,3,15,22,8,48,5,64,50,12,131,0,0,0,131
09/22/2016,CRW,WV,AEA,CE,Combined TRACON& Tower with Radar,6,49,16,9,80,0,5,24,16,45,6,54,40,25,125,46,49,95,220
09/23/2016,CRW,WV,AEA,CE,Combined TRACON& Tower with Radar,3,46,30,13,92,0,10,39,1,50,3,56,69,14,142,54,20,74,216
09/24/2016,CRW,WV,AEA,CE,Combined TRACON& Tower with Radar,4,31,12,3,50,0,12,14,0,26,4,43,26,3,76,22,0,22,98
09/25/2016,CRW,WV,AEA,CE,Combined TRACON& Tower with Radar,4,34,8,0,46,0,7,14,0,21,4,41,22,0,67,8,0,8,75
09/26/2016,CRW,WV,AEA,CE,Combined TRACON& Tower with Radar,2,34,25,0,61,0,1,12,0,13,2,35,37,0,74,8,0,8,82
09/27/2016,CRW,WV,AEA,CE,Combined TRACON& Tower with Radar,4,56,32,5,97,0,2,36,13,51,4,58,68,18,148,70,66,136,284
09/28/2016,CRW,WV,AEA,CE,Combined TRACON& Tower with Radar,3,52,35,3,93,0,2,32,0,34,3,54,67,3,127,60,0,60,187
09/29/2016,CRW,WV,AEA,CE,Combined TRACON& Tower with Radar,3,47,13,0,63,0,8,9,0,17,3,55,22,0,80,10,0,10,90
09/30/2016,CRW,WV,AEA,CE,Combined TRACON& Tower with Radar,2,45,25,8,80,0,0,2,0,2,2,45,27,8,82,0,48,48,130
10/01/2016,CRW,WV,AEA,CE,Combined TRACON& Tower with Radar,3,21,22,1,47,0,1,11,4,16,3,22,33,5,63,0,0,0,63
10/02/2016,CRW,WV,AEA,CE,Combined TRACON& Tower with Radar,4,37,22,20,83,0,7,4,10,21,4,44,26,30,104,4,28,32,136
10/03/2016,CRW,WV,AEA,CE,Combined TRACON& Tower with Radar,3,44,12,3,62,0,5,14,0,19,3,49,26,3,81,0,0,0,81
10/04/2016,CRW,WV,AEA,CE,Combined TRACON& Tower with Radar,5,53,22,17,97,0,4,22,4,30,5,57,44,21,127,18,16,34,161
10/05/2016,CRW,WV,AEA,CE,Combined TRACON& Tower with Radar,3,55,36,5,99,0,1,21,0,22,3,56,57,5,121,0,0,0,121
10/06/2016,CRW,WV,AEA,CE,Combined TRACON& Tower with Radar,4,52,19,23,98,0,5,19,5,29,4,57,38,28,127,4,26,30,157
10/07/2016,CRW,WV,AEA,CE,Combined TRACON& Tower with Radar,4,48,7,6,65,0,2,9,0,11,4,50,16,6,76,1,0,1,77
10/08/2016,CRW,WV,AEA,CE,Combined TRACON& Tower with Radar,3,28,15,0,46,0,0,1,0,1,3,28,16,0,47,20,0,20,67
10/09/2016,CRW,WV,AEA,CE,Combined TRACON& Tower with Radar,4,33,8,0,45,0,1,24,0,25,4,34,32,0,70,0,0,0,70
10/10/2016,CRW,WV,AEA,CE,Combined TRACON& Tower with Radar,2,44,18,0,64,0,2,19,0,21,2,46,37,0,85,40,0,40,125
10/11/2016,CRW,WV,AEA,CE,Combined TRACON& Tower with Radar,5,55,46,13,119,0,10,32,4,46,5,65,78,17,165,0,50,50,215
10/12/2016,CRW,WV,AEA,CE,Combined TRACON& Tower with Radar,4,49,21,14,88,0,4,16,16,36,4,53,37,30,124,0,26,26,150
10/13/2016,CRW,WV,AEA,CE,Combined TRACON& Tower with Radar,2,52,12,11,77,0,2,7,2,11,2,54,19,13,88,6,16,22,110
10/14/2016,CRW,WV,AEA,CE,Combined TRACON& Tower with Radar,3,44,22,26,95,0,1,7,13,21,3,45,29,39,116,0,50,50,166
10/15/2016,CRW,WV,AEA,CE,Combined TRACON& Tower with Radar,4,27,16,2,49,0,9,19,0,28,4,36,35,2,77,0,0,0,77
10/16/2016,CRW,WV,AEA,CE,Combined TRACON& Tower with Radar,4,45,6,0,55,0,2,13,4,19,4,47,19,4,74,10,0,10,84
10/17/2016,CRW,WV,AEA,CE,Combined TRACON& Tower with Radar,3,44,24,13,84,0,19,28,3,50,3,63,52,16,134,26,18,44,178
10/18/2016,CRW,WV,AEA,CE,Combined TRACON& Tower with Radar,2,52,19,6,79,0,2,25,16,43,2,54,44,22,122,0,50,50,172
10/19/2016,CRW,WV,AEA,CE,Combined TRACON& Tower with Radar,2,53,38,10,103,1,21,29,7,58,3,74,67,17,161,10,38,48,209
10/20/2016,CRW,WV,AEA,CE,Combined TRACON& Tower with Radar,2,49,21,3,75,0,5,8,4,17,2,54,29,7,92,6,0,6,98
10/21/2016,CRW,WV,AEA,CE,Combined TRACON& Tower with Radar,2,46,27,0,75,0,0,0,0,0,2,46,27,0,75,0,0,0,75
10/22/2016,CRW,WV,AEA,CE,Combined TRACON& Tower with Radar,2,28,8,0,38,0,3,0,0,3,2,31,8,0,41,0,0,0,41
10/23/2016,CRW,WV,AEA,CE,Combined TRACON& Tower with Radar,6,37,14,4,61,0,6,24,0,30,6,43,38,4,91,15,0,15,106
10/24/2016,CRW,WV,AEA,CE,Combined TRACON& Tower with Radar,2,43,27,2,74,0,1,22,2,25,2,44,49,4,99,0,0,0,99
10/25/2016,CRW,WV,AEA,CE,Combined TRACON& Tower with Radar,2,47,32,7,88,0,5,43,1,49,2,52,75,8,137,0,6,6,143
10/26/2016,CRW,WV,AEA,CE,Combined TRACON& Tower with Radar,2,45,27,5,79,0,5,31,10,46,2,50,58,15,125,4,10,14,139
10/27/2016,CRW,WV,AEA,CE,Combined TRACON& Tower with Radar,2,46,30,11,89,0,6,3,0,9,2,52,33,11,98,0,0,0,98
10/28/2016,CRW,WV,AEA,CE,Combined TRACON& Tower with Radar,2,49,23,8,82,0,7,18,4,29,2,56,41,12,111,20,0,20,131
10/29/2016,CRW,WV,AEA,CE,Combined TRACON& Tower with Radar,2,26,8,0,36,0,7,14,4,25,2,33,22,4,61,10,0,10,71
10/30/2016,CRW,WV,AEA,CE,Combined TRACON& Tower with Radar,6,45,13,0,64,0,2,29,0,31,6,47,42,0,95,10,0,10,105
10/31/2016,CRW,WV,AEA,CE,Combined TRACON& Tower with Radar,2,37,37,0,76,0,30,7,0,37,2,67,44,0,113,26,0,26,139
11/01/2016,CRW,WV,AEA,CE,Combined TRACON& Tower with Radar,4,49,43,11,107,0,6,21,10,37,4,55,64,21,144,22,4,26,170
11/02/2016,CRW,WV,AEA,CE,Combined TRACON& Tower with Radar,3,47,18,11,79,0,6,44,10,60,3,53,62,21,139,31,0,31,170
11/03/2016,CRW,WV,AEA,CE,Combined TRACON& Tower with Radar,2,45,27,14,88,0,6,18,5,29,2,51,45,19,117,16,8,24,141
11/04/2016,CRW,WV,AEA,CE,Combined TRACON& Tower with Radar,3,46,22,20,91,0,0,17,1,18,3,46,39,21,109,40,16,56,165
11/05/2016,CRW,WV,AEA,CE,Combined TRACON& Tower with Radar,2,23,12,1,38,0,5,23,7,35,2,28,35,8,73,11,40,51,124
11/06/2016,CRW,WV,AEA,CE,Combined TRACON& Tower with Radar,7,43,9,6,65,0,8,14,0,22,7,51,23,6,87,0,0,0,87
11/07/2016,CRW,WV,AEA,CE,Combined TRACON& Tower with Radar,2,48,30,7,87,0,9,34,0,43,2,57,64,7,130,24,8,32,162
11/08/2016,CRW,WV,AEA,CE,Combined TRACON& Tower with Radar,4,44,30,10,88,0,5,17,4,26,4,49,47,14,114,22,28,50,164
11/09/2016,CRW,WV,AEA,CE,Combined TRACON& Tower with Radar,4,48,17,12,81,0,0,6,0,6,4,48,23,12,87,0,10,10,97
11/10/2016,CRW,WV,AEA,CE,Combined TRACON& Tower with Radar,2,54,28,4,88,0,9,30,10,49,2,63,58,14,137,55,24,79,216
11/11/2016,CRW,WV,AEA,CE,Combined TRACON& Tower with Radar,2,43,8,0,53,0,3,13,0,16,2,46,21,0,69,8,0,8,77
11/12/2016,CRW,WV,AEA,CE,Combined TRACON& Tower with Radar,2,24,12,1,39,0,3,22,0,25,2,27,34,1,64,10,0,10,74
11/13/2016,CRW,WV,AEA,CE,Combined TRACON& Tower with Radar,5,39,31,0,75,0,14,28,0,42,5,53,59,0,117,12,0,12,129
11/14/2016,CRW,WV,AEA,CE,Combined TRACON& Tower with Radar,2,38,10,5,55,0,3,16,4,23,2,41,26,9,78,2,0,2,80
11/15/2016,CRW,WV,AEA,CE,Combined TRACON& Tower with Radar,2,58,25,8,93,0,43,47,26,116,2,101,72,34,209,20,34,54,263
11/16/2016,CRW,WV,AEA,CE,Combined TRACON& Tower with Radar,5,53,29,5,92,0,3,27,10,40,5,56,56,15,132,10,36,46,178
11/17/2016,CRW,WV,AEA,CE,Combined TRACON& Tower with Radar,3,64,22,6,95,0,10,14,3,27,3,74,36,9,122,9,11,20,142
11/18/2016,CRW,WV,AEA,CE,Combined TRACON& Tower with Radar,4,60,31,12,107,0,5,40,5,50,4,65,71,17,157,28,76,104,261
11/19/2016,CRW,WV,AEA,CE,Combined TRACON& Tower with Radar,5,26,11,3,45,0,0,0,0,0,5,26,11,3,45,0,0,0,45
11/20/2016,CRW,WV,AEA,CE,Combined TRACON& Tower with Radar,5,34,10,1,50,0,2,5,0,7,5,36,15,1,57,0,0,0,57
11/21/2016,CRW,WV,AEA,CE,Combined TRACON& Tower with Radar,6,44,11,0,61,0,2,10,0,12,6,46,21,0,73,0,0,0,73
11/22/2016,CRW,WV,AEA,CE,Combined TRACON& Tower with Radar,2,51,29,3,85,0,6,14,0,20,2,57,43,3,105,0,0,0,105
11/23/2016,CRW,WV,AEA,CE,Combined TRACON& Tower with Radar,5,56,16,0,77,0,6,16,0,22,5,62,32,0,99,6,0,6,105
11/24/2016,CRW,WV,AEA,CE,Combined TRACON& Tower with Radar,1,17,5,0,23,0,2,1,0,3,1,19,6,0,26,0,0,0,26
11/25/2016,CRW,WV,AEA,CE,Combined TRACON& Tower with Radar,1,27,6,1,35,0,0,0,0,0,1,27,6,1,35,0,0,0,35
11/26/2016,CRW,WV,AEA,CE,Combined TRACON& Tower with Radar,4,33,9,0,46,0,2,7,0,9,4,35,16,0,55,6,10,16,71
11/27/2016,CRW,WV,AEA,CE,Combined TRACON& Tower with Radar,5,53,38,2,98,0,12,27,1,40,5,65,65,3,138,4,0,4,142
11/28/2016,CRW,WV,AEA,CE,Combined TRACON& Tower with Radar,2,40,21,5,68,0,0,13,0,13,2,40,34,5,81,0,0,0,81
11/29/2016,CRW,WV,AEA,CE,Combined TRACON& Tower with Radar,3,52,25,13,93,0,17,11,5,33,3,69,36,18,126,0,36,36,162
11/30/2016,CRW,WV,AEA,CE,Combined TRACON& Tower with Radar,2,39,9,0,50,0,4,1,0,5,2,43,10,0,55,0,0,0,55
12/01/2016,CRW,WV,AEA,CE,Combined TRACON& Tower with Radar,8,51,22,6,87,0,1,15,4,20,8,52,37,10,107,12,8,20,127
12/02/2016,CRW,WV,AEA,CE,Combined TRACON& Tower with Radar,4,47,23,19,93,0,8,12,14,34,4,55,35,33,127,56,71,127,254
12/03/2016,CRW,WV,AEA,CE,Combined TRACON& Tower with Radar,2,33,13,11,59,0,3,12,11,26,2,36,25,22,85,0,26,26,111
12/04/2016,CRW,WV,AEA,CE,Combined TRACON& Tower with Radar,10,33,4,4,51,0,2,13,2,17,10,35,17,6,68,16,0,16,84
12/05/2016,CRW,WV,AEA,CE,Combined TRACON& Tower with Radar,11,45,14,7,77,0,7,16,2,25,11,52,30,9,102,4,0,4,106
12/06/2016,CRW,WV,AEA,CE,Combined TRACON& Tower with Radar,4,34,13,9,60,0,3,3,2,8,4,37,16,11,68,0,12,12,80
12/07/2016,CRW,WV,AEA,CE,Combined TRACON& Tower with Radar,10,43,11,11,75,0,1,23,1,25,10,44,34,12,100,24,6,30,130
12/08/2016,CRW,WV,AEA,CE,Combined TRACON& Tower with Radar,5,41,22,11,79,0,3,6,3,12,5,44,28,14,91,0,16,16,107
12/09/2016,CRW,WV,AEA,CE,Combined TRACON& Tower with Radar,11,56,15,4,86,0,1,7,0,8,11,57,22,4,94,2,0,2,96
12/10/2016,CRW,WV,AEA,CE,Combined TRACON& Tower with Radar,3,25,4,1,33,0,7,12,4,23,3,32,16,5,56,0,2,2,58
12/11/2016,CRW,WV,AEA,CE,Combined TRACON& Tower with Radar,6,32,10,0,48,0,8,12,0,20,6,40,22,0,68,0,0,0,68
12/12/2016,CRW,WV,AEA,CE,Combined TRACON& Tower with Radar,2,37,8,3,50,0,2,2,0,4,2,39,10,3,54,12,0,12,66
12/13/2016,CRW,WV,AEA,CE,Combined TRACON& Tower with Radar,2,41,16,14,73,0,16,7,8,31,2,57,23,22,104,0,54,54,158
12/14/2016,CRW,WV,AEA,CE,Combined TRACON& Tower with Radar,3,50,15,2,70,0,3,7,0,10,3,53,22,2,80,0,0,0,80
12/15/2016,CRW,WV,AEA,CE,Combined TRACON& Tower with Radar,2,45,26,13,86,0,8,9,8,25,2,53,35,21,111,0,18,18,129
12/16/2016,CRW,WV,AEA,CE,Combined TRACON& Tower with Radar,4,52,22,13,91,0,1,13,4,18,4,53,35,17,109,0,12,12,121
12/17/2016,CRW,WV,AEA,CE,Combined TRACON& Tower with Radar,5,33,2,0,40,0,2,2,0,4,5,35,4,0,44,0,0,0,44
12/18/2016,CRW,WV,AEA,CE,Combined TRACON& Tower with Radar,5,46,8,0,59,0,0,0,0,0,5,46,8,0,59,0,0,0,59
12/19/2016,CRW,WV,AEA,CE,Combined TRACON& Tower with Radar,4,43,21,0,68,0,8,7,0,15,4,51,28,0,83,8,0,8,91
12/20/2016,CRW,WV,AEA,CE,Combined TRACON& Tower with Radar,2,49,27,5,83,0,9,31,7,47,2,58,58,12,130,10,36,46,176
12/21/2016,CRW,WV,AEA,CE,Combined TRACON& Tower with Radar,2,40,14,5,61,0,5,13,5,23,2,45,27,10,84,0,139,139,223
12/22/2016,CRW,WV,AEA,CE,Combined TRACON& Tower with Radar,2,48,23,4,77,0,3,21,2,26,2,51,44,6,103,6,25,31,134
12/23/2016,CRW,WV,AEA,CE,Combined TRACON& Tower with Radar,4,48,6,3,61,1,22,10,0,33,5,70,16,3,94,0,0,0,94
12/24/2016,CRW,WV,AEA,CE,Combined TRACON& Tower with Radar,2,20,0,0,22,0,0,0,0,0,2,20,0,0,22,0,0,0,22
12/25/2016,CRW,WV,AEA,CE,Combined TRACON& Tower with Radar,4,20,2,0,26,0,1,0,0,1,4,21,2,0,27,0,0,0,27
12/26/2016,CRW,WV,AEA,CE,Combined TRACON& Tower with Radar,3,40,16,0,59,0,14,10,0,24,3,54,26,0,83,0,0,0,83
12/27/2016,CRW,WV,AEA,CE,Combined TRACON& Tower with Radar,3,41,17,2,63,0,10,6,0,16,3,51,23,2,79,0,0,0,79
12/28/2016,CRW,WV,AEA,CE,Combined TRACON& Tower with Radar,2,39,13,4,58,0,6,14,0,20,2,45,27,4,78,0,0,0,78
12/29/2016,CRW,WV,AEA,CE,Combined TRACON& Tower with Radar,2,39,7,3,51,0,3,2,3,8,2,42,9,6,59,12,4,16,75
12/30/2016,CRW,WV,AEA,CE,Combined TRACON& Tower with Radar,2,36,4,3,45,0,2,5,0,7,2,38,9,3,52,0,4,4,56
12/31/2016,CRW,WV,AEA,CE,Combined TRACON& Tower with Radar,3,21,4,0,28,0,5,2,0,7,3,26,6,0,35,7,0,7,42
01/01/2017,CRW,WV,AEA,CE,Combined TRACON& Tower with Radar,2,25,5,0,32,0,1,2,0,3,2,26,7,0,35,4,0,4,39
01/02/2017,CRW,WV,AEA,CE,Combined TRACON& Tower with Radar,2,32,14,10,58,0,5,3,0,8,2,37,17,10,66,1,18,19,85
01/03/2017,CRW,WV,AEA,CE,Combined TRACON& Tower with Radar,2,40,10,0,52,0,0,2,0,2,2,40,12,0,54,0,0,0,54
01/04/2017,CRW,WV,AEA,CE,Combined TRACON& Tower with Radar,2,41,10,5,58,0,10,8,1,19,2,51,18,6,77,28,20,48,125
01/05/2017,CRW,WV,AEA,CE,Combined TRACON& Tower with Radar,2,41,12,19,74,0,2,5,1,8,2,43,17,20,82,0,0,0,82
01/06/2017,CRW,WV,AEA,CE,Combined TRACON& Tower with Radar,0,23,11,16,50,0,6,10,4,20,0,29,21,20,70,0,12,12,82
01/07/2017,CRW,WV,AEA,CE,Combined TRACON& Tower with Radar,1,23,7,0,31,0,9,11,0,20,1,32,18,0,51,0,0,0,51
01/08/2017,CRW,WV,AEA,CE,Combined TRACON& Tower with Radar,4,33,13,14,64,0,2,0,6,8,4,35,13,20,72,0,6,6,78
01/09/2017,CRW,WV,AEA,CE,Combined TRACON& Tower with Radar,12,46,17,4,79,0,13,24,0,37,12,59,41,4,116,22,14,36,152
01/10/2017,CRW,WV,AEA,CE,Combined TRACON& Tower with Radar,2,35,12,23,72,0,6,13,20,39,2,41,25,43,111,0,40,40,151
01/11/2017,CRW,WV,AEA,CE,Combined TRACON& Tower with Radar,2,44,11,24,81,0,0,10,1,11,2,44,21,25,92,0,116,116,208
01/12/2017,CRW,WV,AEA,CE,Combined TRACON& Tower with Radar,2,45,24,13,84,0,1,7,5,13,2,46,31,18,97,0,4,4,101
01/13/2017,CRW,WV,AEA,CE,Combined TRACON& Tower with Radar,2,52,19,14,87,0,0,0,0,0,2,52,19,14,87,0,0,0,87
01/14/2017,CRW,WV,AEA,CE,Combined TRACON& Tower with Radar,2,21,5,0,28,0,0,0,0,0,2,21,5,0,28,0,0,0,28
01/15/2017,CRW,WV,AEA,CE,Combined TRACON& Tower with Radar,4,28,20,0,52,0,0,0,0,0,4,28,20,0,52,0,0,0,52
01/16/2017,CRW,WV,AEA,CE,Combined TRACON& Tower with Radar,4,34,20,1,59,0,2,23,0,25,4,36,43,1,84,0,0,0,84
01/17/2017,CRW,WV,AEA,CE,Combined TRACON& Tower with Radar,2,40,12,13,67,0,5,7,4,16,2,45,19,17,83,20,18,38,121
01/18/2017,CRW,WV,AEA,CE,Combined TRACON& Tower with Radar,2,60,12,5,79,0,3,6,5,14,2,63,18,10,93,0,22,22,115
01/19/2017,CRW,WV,AEA,CE,Combined TRACON& Tower with Radar,2,45,23,12,82,0,9,19,3,31,2,54,42,15,113,20,110,130,243
01/20/2017,CRW,WV,AEA,CE,Combined TRACON& Tower with Radar,2,61,28,12,103,0,13,4,0,17,2,74,32,12,120,0,10,10,130
01/21/2017,CRW,WV,AEA,CE,Combined TRACON& Tower with Radar,2,38,16,0,56,0,19,13,0,32,2,57,29,0,88,30,50,80,168
01/22/2017,CRW,WV,AEA,CE,Combined TRACON& Tower with Radar,3,31,11,0,45,0,7,10,0,17,3,38,21,0,62,28,0,28,90
01/23/2017,CRW,WV,AEA,CE,Combined TRACON& Tower with Radar,3,35,8,2,48,0,3,0,0,3,3,38,8,2,51,0,0,0,51
01/24/2017,CRW,WV,AEA,CE,Combined TRACON& Tower with Radar,2,42,10,15,69,0,0,0,0,0,2,42,10,15,69,0,0,0,69
01/25/2017,CRW,WV,AEA,CE,Combined TRACON& Tower with Radar,2,37,21,15,75,0,1,11,2,14,2,38,32,17,89,4,40,44,133
01/26/2017,CRW,WV,AEA,CE,Combined TRACON& Tower with Radar,2,44,8,9,63,0,8,5,32,45,2,52,13,41,108,1,0,1,109
01/27/2017,CRW,WV,AEA,CE,Combined TRACON& Tower with Radar,2,57,15,6,80,0,8,0,5,13,2,65,15,11,93,30,70,100,193
01/28/2017,CRW,WV,AEA,CE,Combined TRACON& Tower with Radar,2,26,9,0,37,0,11,15,1,27,2,37,24,1,64,12,0,12,76
01/29/2017,CRW,WV,AEA,CE,Combined TRACON& Tower with Radar,3,27,10,1,41,0,0,2,0,2,3,27,12,1,43,0,0,0,43
01/30/2017,CRW,WV,AEA,CE,Combined TRACON& Tower with Radar,3,40,15,11,69,0,1,11,0,12,3,41,26,11,81,14,0,14,95
01/31/2017,CRW,WV,AEA,CE,Combined TRACON& Tower with Radar,4,40,6,13,63,0,6,4,8,18,4,46,10,21,81,0,76,76,157
02/01/2017,CRW,WV,AEA,CE,Combined TRACON& Tower with Radar,5,50,10,11,76,0,1,14,21,36,5,51,24,32,112,28,8,36,148
02/02/2017,CRW,WV,AEA,CE,Combined TRACON& Tower with Radar,7,55,25,19,106,0,1,19,5,25,7,56,44,24,131,0,0,0,131
02/03/2017,CRW,WV,AEA,CE,Combined TRACON& Tower with Radar,2,58,17,43,120,0,4,11,0,15,2,62,28,43,135,0,50,50,185
02/04/2017,CRW,WV,AEA,CE,Combined TRACON& Tower with Radar,2,27,8,9,46,0,19,31,7,57,2,46,39,16,103,10,0,10,113
02/05/2017,CRW,WV,AEA,CE,Combined TRACON& Tower with Radar,7,23,7,6,43,0,9,10,2,21,7,32,17,8,64,10,4,14,78
02/06/2017,CRW,WV,AEA,CE,Combined TRACON& Tower with Radar,3,65,25,7,100,0,19,26,2,47,3,84,51,9,147,2,0,2,149
02/07/2017,CRW,WV,AEA,CE,Combined TRACON& Tower with Radar,2,47,17,23,89,0,4,4,0,8,2,51,21,23,97,8,26,34,131
02/08/2017,CRW,WV,AEA,CE,Combined TRACON& Tower with Radar,4,56,13,12,85,0,5,26,16,47,4,61,39,28,132,0,26,26,158
02/09/2017,CRW,WV,AEA,CE,Combined TRACON& Tower with Radar,3,46,11,1,61,0,4,4,0,8,3,50,15,1,69,0,0,0,69
02/10/2017,CRW,WV,AEA,CE,Combined TRACON& Tower with Radar,2,39,21,7,69,0,4,30,4,38,2,43,51,11,107,0,28,28,135
02/11/2017,CRW,WV,AEA,CE,Combined TRACON& Tower with Radar,2,23,12,2,39,0,2,2,3,7,2,25,14,5,46,0,0,0,46
02/12/2017,CRW,WV,AEA,CE,Combined TRACON& Tower with Radar,6,29,9,0,44,0,1,0,0,1,6,30,9,0,45,0,0,0,45
02/13/2017,CRW,WV,AEA,CE,Combined TRACON& Tower with Radar,3,36,17,1,57,0,4,17,3,24,3,40,34,4,81,12,20,32,113
02/14/2017,CRW,WV,AEA,CE,Combined TRACON& Tower with Radar,2,41,14,12,69,0,3,19,14,36,2,44,33,26,105,4,20,24,129
02/15/2017,CRW,WV,AEA,CE,Combined TRACON& Tower with Radar,3,53,20,6,82,0,14,8,12,34,3,67,28,18,116,0,20,20,136
02/16/2017,CRW,WV,AEA,CE,Combined TRACON& Tower with Radar,2,51,20,9,82,0,5,45,12,62,2,56,65,21,144,0,11,11,155
02/17/2017,CRW,WV,AEA,CE,Combined TRACON& Tower with Radar,2,52,29,10,93,0,5,39,8,52,2,57,68,18,145,33,0,33,178
02/18/2017,CRW,WV,AEA,CE,Combined TRACON& Tower with Radar,3,29,18,2,52,0,5,19,0,24,3,34,37,2,76,20,0,20,96
02/19/2017,CRW,WV,AEA,CE,Combined TRACON& Tower with Radar,6,27,5,0,38,0,2,2,0,4,6,29,7,0,42,0,0,0,42
02/20/2017,CRW,WV,AEA,CE,Combined TRACON& Tower with Radar,2,40,37,0,79,0,1,5,0,6,2,41,42,0,85,0,0,0,85
02/21/2017,CRW,WV,AEA,CE,Combined TRACON& Tower with Radar,2,52,20,13,87,0,12,25,6,43,2,64,45,19,130,52,10,62,192
02/22/2017,CRW,WV,AEA,CE,Combined TRACON& Tower with Radar,2,53,11,13,79,0,0,2,0,2,2,53,13,13,81,18,0,18,99
02/23/2017,CRW,WV,AEA,CE,Combined TRACON& Tower with Radar,2,44,27,9,82,0,8,14,2,24,2,52,41,11,106,44,0,44,150
02/24/2017,CRW,WV,AEA,CE,Combined TRACON& Tower with Radar,2,55,23,8,88,0,23,11,3,37,2,78,34,11,125,30,12,42,167
02/25/2017,CRW,WV,AEA,CE,Combined TRACON& Tower with Radar,2,30,5,1,38,0,23,11,0,34,2,53,16,1,72,16,0,16,88
02/26/2017,CRW,WV,AEA,CE,Combined TRACON& Tower with Radar,4,33,5,0,42,0,2,14,0,16,4,35,19,0,58,10,0,10,68
02/27/2017,CRW,WV,AEA,CE,Combined TRACON& Tower with Radar,3,42,15,2,62,0,5,33,5,43,3,47,48,7,105,10,0,10,115
02/28/2017,CRW,WV,AEA,CE,Combined TRACON& Tower with Radar,2,36,17,0,55,0,2,8,0,10,2,38,25,0,65,0,2,2,67
03/01/2017,CRW,WV,AEA,CE,Combined TRACON& Tower with Radar,2,39,3,16,60,0,1,1,0,2,2,40,4,16,62,0,26,26,88
03/02/2017,CRW,WV,AEA,CE,Combined TRACON& Tower with Radar,6,62,13,12,93,0,3,14,3,20,6,65,27,15,113,26,4,30,143
03/03/2017,CRW,WV,AEA,CE,Combined TRACON& Tower with Radar,2,51,16,13,82,0,1,16,7,24,2,52,32,20,106,0,6,6,112
03/04/2017,CRW,WV,AEA,CE,Combined TRACON& Tower with Radar,5,30,9,0,44,0,1,13,0,14,5,31,22,0,58,10,0,10,68
03/05/2017,CRW,WV,AEA,CE,Combined TRACON& Tower with Radar,5,30,13,6,54,0,3,26,1,30,5,33,39,7,84,10,0,10,94
03/06/2017,CRW,WV,AEA,CE,Combined TRACON& Tower with Radar,2,45,12,0,59,0,3,6,3,12,2,48,18,3,71,0,0,0,71
03/07/2017,CRW,WV,AEA,CE,Combined TRACON& Tower with Radar,2,37,10,2,51,0,2,1,4,7,2,39,11,6,58,0,0,0,58
03/08/2017,CRW,WV,AEA,CE,Combined TRACON& Tower with Radar,2,51,25,5,83,0,0,11,14,25,2,51,36,19,108,0,4,4,112
03/09/2017,CRW,WV,AEA,CE,Combined TRACON& Tower with Radar,2,55,28,4,89,0,3,23,3,29,2,58,51,7,118,20,0,20,138
03/10/2017,CRW,WV,AEA,CE,Combined TRACON& Tower with Radar,2,48,11,5,66,0,0,7,0,7,2,48,18,5,73,16,0,16,89
03/11/2017,CRW,WV,AEA,CE,Combined TRACON& Tower with Radar,2,33,14,0,49,0,2,11,4,17,2,35,25,4,66,20,0,20,86
03/12/2017,CRW,WV,AEA,CE,Combined TRACON& Tower with Radar,4,39,11,1,55,0,1,19,0,20,4,40,30,1,75,20,0,20,95
03/13/2017,CRW,WV,AEA,CE,Combined TRACON& Tower with Radar,3,46,14,3,66,0,9,24,4,37,3,55,38,7,103,4,0,4,107
03/14/2017,CRW,WV,AEA,CE,Combined TRACON& Tower with Radar,2,41,10,16,69,0,0,0,3,3,2,41,10,19,72,0,12,12,84
03/15/2017,CRW,WV,AEA,CE,Combined TRACON& Tower with Radar,2,47,7,5,61,0,2,9,0,11,2,49,16,5,72,0,0,0,72
03/16/2017,CRW,WV,AEA,CE,Combined TRACON& Tower with Radar,2,52,21,11,86,0,2,26,14,42,2,54,47,25,128,4,40,44,172
03/17/2017,CRW,WV,AEA,CE,Combined TRACON& Tower with Radar,2,51,19,4,76,0,2,8,0,10,2,53,27,4,86,0,0,0,86
03/18/2017,CRW,WV,AEA,CE,Combined TRACON& Tower with Radar,2,30,2,0,34,0,1,5,2,8,2,31,7,2,42,0,0,0,42
03/19/2017,CRW,WV,AEA,CE,Combined TRACON& Tower with Radar,4,33,5,0,42,0,1,11,2,14,4,34,16,2,56,24,0,24,80
03/20/2017,CRW,WV,AEA,CE,Combined TRACON& Tower with Radar,3,41,15,7,66,0,4,17,5,26,3,45,32,12,92,0,0,0,92
03/21/2017,CRW,WV,AEA,CE,Combined TRACON& Tower with Radar,2,40,17,12,71,0,0,5,1,6,2,40,22,13,77,14,0,14,91
03/22/2017,CRW,WV,AEA,CE,Combined TRACON& Tower with Radar,2,54,26,12,94,0,1,29,9,39,2,55,55,21,133,24,30,54,187
03/23/2017,CRW,WV,AEA,CE,Combined TRACON& Tower with Radar,3,53,45,11,112,0,9,30,6,45,3,62,75,17,157,28,10,38,195
03/24/2017,CRW,WV,AEA,CE,Combined TRACON& Tower with Radar,3,65,22,14,104,0,9,10,3,22,3,74,32,17,126,0,36,36,162
03/25/2017,CRW,WV,AEA,CE,Combined TRACON& Tower with Radar,2,25,12,6,45,0,20,17,1,38,2,45,29,7,83,30,0,30,113
03/26/2017,CRW,WV,AEA,CE,Combined TRACON& Tower with Radar,4,35,10,2,51,0,16,1,0,17,4,51,11,2,68,0,0,0,68
03/27/2017,CRW,WV,AEA,CE,Combined TRACON& Tower with Radar,2,37,19,3,61,0,2,9,8,19,2,39,28,11,80,0,0,0,80
03/28/2017,CRW,WV,AEA,CE,Combined TRACON& Tower with Radar,2,49,9,23,83,0,2,5,3,10,2,51,14,26,93,0,22,22,115
03/29/2017,CRW,WV,AEA,CE,Combined TRACON& Tower with Radar,2,41,18,15,76,0,3,30,6,39,2,44,48,21,115,8,26,34,149
03/30/2017,CRW,WV,AEA,CE,Combined TRACON& Tower with Radar,2,45,18,26,91,0,6,9,7,22,2,51,27,33,113,16,40,56,169
03/31/2017,CRW,WV,AEA,CE,Combined TRACON& Tower with Radar,2,54,15,33,104,0,1,0,0,1,2,55,15,33,105,0,28,28,133
04/01/2017,CRW,WV,AEA,CE,Combined TRACON& Tower with Radar,2,53,53,7,115,0,0,0,0,0,2,53,53,7,115,4,0,4,119
04/02/2017,CRW,WV,AEA,CE,Combined TRACON& Tower with Radar,5,34,20,5,64,0,2,23,0,25,5,36,43,5,89,13,2,15,104
04/03/2017,CRW,WV,AEA,CE,Combined TRACON& Tower with Radar,1,41,11,10,63,0,8,3,4,15,1,49,14,14,78,6,3,9,87
04/04/2017,CRW,WV,AEA,CE,Combined TRACON& Tower with Radar,3,37,20,12,72,0,3,5,10,18,3,40,25,22,90,10,20,30,120
04/05/2017,CRW,WV,AEA,CE,Combined TRACON& Tower with Radar,3,40,20,9,72,0,11,19,1,31,3,51,39,10,103,12,24,36,139
04/06/2017,CRW,WV,AEA,CE,Combined TRACON& Tower with Radar,0,42,13,9,64,0,0,2,3,5,0,42,15,12,69,0,0,0,69
04/07/2017,CRW,WV,AEA,CE,Combined TRACON& Tower with Radar,0,43,22,3,68,0,1,0,2,3,0,44,22,5,71,0,0,0,71
04/08/2017,CRW,WV,AEA,CE,Combined TRACON& Tower with Radar,5,28,12,1,46,0,8,36,4,48,5,36,48,5,94,30,2,32,126
04/09/2017,CRW,WV,AEA,CE,Combined TRACON& Tower with Radar,4,27,7,4,42,0,1,21,4,26,4,28,28,8,68,38,0,38,106
04/10/2017,CRW,WV,AEA,CE,Combined TRACON& Tower with Radar,2,36,16,3,57,0,0,27,6,33,2,36,43,9,90,4,0,4,94
04/11/2017,CRW,WV,AEA,CE,Combined TRACON& Tower with Radar,2,45,15,7,69,0,0,10,6,16,2,45,25,13,85,58,18,76,161
04/12/2017,CRW,WV,AEA,CE,Combined TRACON& Tower with Radar,4,48,19,4,75,0,4,17,11,32,4,52,36,15,107,60,22,82,189
04/13/2017,CRW,WV,AEA,CE,Combined TRACON& Tower with Radar,2,49,27,6,84,0,23,38,8,69,2,72,65,14,153,14,0,14,167
04/14/2017,CRW,WV,AEA,CE,Combined TRACON& Tower with Radar,2,41,28,3,74,0,1,25,0,26,2,42,53,3,100,8,0,8,108
04/15/2017,CRW,WV,AEA,CE,Combined TRACON& Tower with Radar,2,30,9,0,41,0,5,3,0,8,2,35,12,0,49,0,0,0,49
04/16/2017,CRW,WV,AEA,CE,Combined TRACON& Tower with Radar,3,37,5,0,45,0,1,5,0,6,3,38,10,0,51,8,2,10,61
04/17/2017,CRW,WV,AEA,CE,Combined TRACON& Tower with Radar,3,43,13,6,65,0,1,10,2,13,3,44,23,8,78,0,0,0,78
04/18/2017,CRW,WV,AEA,CE,Combined TRACON& Tower with Radar,4,48,10,13,75,0,2,13,7,22,4,50,23,20,97,32,78,110,207
04/19/2017,CRW,WV,AEA,CE,Combined TRACON& Tower with Radar,2,42,21,7,72,0,8,37,17,62,2,50,58,24,134,96,32,128,262
04/20/2017,CRW,WV,AEA,CE,Combined TRACON& Tower with Radar,2,58,23,13,96,0,3,24,20,47,2,61,47,33,143,4,42,46,189
04/21/2017,CRW,WV,AEA,CE,Combined TRACON& Tower with Radar,2,51,37,13,103,0,3,8,1,12,2,54,45,14,115,20,0,20,135
04/22/2017,CRW,WV,AEA,CE,Combined TRACON& Tower with Radar,2,25,1,2,30,0,0,1,0,1,2,25,2,2,31,0,0,0,31
04/23/2017,CRW,WV,AEA,CE,Combined TRACON& Tower with Radar,4,36,13,3,56,0,0,2,0,2,4,36,15,3,58,42,16,58,116
04/24/2017,CRW,WV,AEA,CE,Combined TRACON& Tower with Radar,2,44,23,5,74,0,12,24,8,44,2,56,47,13,118,8,0,8,126
04/25/2017,CRW,WV,AEA,CE,Combined TRACON& Tower with Radar,2,51,20,5,78,0,0,5,3,8,2,51,25,8,86,0,20,20,106
04/26/2017,CRW,WV,AEA,CE,Combined TRACON& Tower with Radar,2,49,23,6,80,0,5,47,8,60,2,54,70,14,140,34,1,35,175
04/27/2017,CRW,WV,AEA,CE,Combined TRACON& Tower with Radar,2,45,34,4,85,0,10,13,6,29,2,55,47,10,114,12,4,16,130
04/28/2017,CRW,WV,AEA,CE,Combined TRACON& Tower with Radar,2,44,26,9,81,0,5,11,3,19,2,49,37,12,100,0,22,22,122
04/29/2017,CRW,WV,AEA,CE,Combined TRACON& Tower with Radar,4,26,12,0,42,0,2,7,2,11,4,28,19,2,53,10,0,10,63
04/30/2017,CRW,WV,AEA,CE,Combined TRACON& Tower with Radar,4,36,8,2,50,0,6,9,0,15,4,42,17,2,65,0,0,0,65
05/01/2017,CRW,WV,AEA,CE,Combined TRACON& Tower with Radar,1,38,12,1,52,0,3,3,2,8,1,41,15,3,60,0,0,0,60
05/02/2017,CRW,WV,AEA,CE,Combined TRACON& Tower with Radar,3,47,24,14,88,0,10,7,8,25,3,57,31,22,113,0,10,10,123
05/03/2017,CRW,WV,AEA,CE,Combined TRACON& Tower with Radar,4,47,26,13,90,0,8,36,4,48,4,55,62,17,138,8,16,24,162
05/04/2017,CRW,WV,AEA,CE,Combined TRACON& Tower with Radar,2,49,6,15,72,0,1,7,6,14,2,50,13,21,86,0,0,0,86
05/05/2017,CRW,WV,AEA,CE,Combined TRACON& Tower with Radar,1,4,0,0,5,0,1,0,0,1,1,5,0,0,6,0,0,0,6
05/06/2017,CRW,WV,AEA,CE,Combined TRACON& Tower with Radar,5,17,7,3,32,0,4,4,6,14,5,21,11,9,46,0,10,10,56
05/07/2017,CRW,WV,AEA,CE,Combined TRACON& Tower with Radar,5,40,14,6,65,0,0,15,1,16,5,40,29,7,81,0,8,8,89
05/08/2017,CRW,WV,AEA,CE,Combined TRACON& Tower with Radar,4,40,25,11,80,0,5,22,0,27,4,45,47,11,107,35,8,43,150
05/09/2017,CRW,WV,AEA,CE,Combined TRACON& Tower with Radar,2,46,28,15,91,0,3,13,0,16,2,49,41,15,107,26,0,26,133
05/10/2017,CRW,WV,AEA,CE,Combined TRACON& Tower with Radar,4,46,27,7,84,0,5,15,0,20,4,51,42,7,104,6,26,32,136
05/11/2017,CRW,WV,AEA,CE,Combined TRACON& Tower with Radar,2,45,24,8,79,0,7,9,3,19,2,52,33,11,98,0,5,5,103
05/12/2017,CRW,WV,AEA,CE,Combined TRACON& Tower with Radar,7,37,10,0,54,0,0,0,0,0,7,37,10,0,54,0,0,0,54
05/13/2017,CRW,WV,AEA,CE,Combined TRACON& Tower with Radar,5,29,10,0,44,0,3,8,0,11,5,32,18,0,55,0,0,0,55
05/14/2017,CRW,WV,AEA,CE,Combined TRACON& Tower with Radar,5,41,24,2,72,0,0,18,0,18,5,41,42,2,90,6,0,6,96
05/15/2017,CRW,WV,AEA,CE,Combined TRACON& Tower with Radar,5,47,38,6,96,0,1,35,11,47,5,48,73,17,143,9,0,9,152
05/16/2017,CRW,WV,AEA,CE,Combined TRACON& Tower with Radar,2,39,30,10,81,0,1,48,8,57,2,40,78,18,138,16,36,52,190
05/17/2017,CRW,WV,AEA,CE,Combined TRACON& Tower with Radar,6,56,12,8,82,0,6,23,4,33,6,62,35,12,115,0,8,8,123
05/18/2017,CRW,WV,AEA,CE,Combined TRACON& Tower with Radar,3,46,18,6,73,0,2,13,9,24,3,48,31,15,97,0,0,0,97
05/19/2017,CRW,WV,AEA,CE,Combined TRACON& Tower with Radar,6,45,21,10,82,0,1,14,3,18,6,46,35,13,100,10,0,10,110
05/20/2017,CRW,WV,AEA,CE,Combined TRACON& Tower with Radar,4,31,8,4,47,0,8,8,0,16,4,39,16,4,63,10,0,10,73
05/21/2017,CRW,WV,AEA,CE,Combined TRACON& Tower with Radar,7,35,6,1,49,0,1,4,0,5,7,36,10,1,54,0,0,0,54
05/22/2017,CRW,WV,AEA,CE,Combined TRACON& Tower with Radar,2,43,17,4,66,0,8,10,10,28,2,51,27,14,94,8,0,8,102
05/23/2017,CRW,WV,AEA,CE,Combined TRACON& Tower with Radar,2,51,21,5,79,0,4,17,4,25,2,55,38,9,104,0,0,0,104
05/24/2017,CRW,WV,AEA,CE,Combined TRACON& Tower with Radar,4,40,19,12,75,0,0,2,0,2,4,40,21,12,77,0,0,0,77
05/25/2017,CRW,WV,AEA,CE,Combined TRACON& Tower with Radar,4,43,20,14,81,0,0,2,0,2,4,43,22,14,83,0,0,0,83
05/26/2017,CRW,WV,AEA,CE,Combined TRACON& Tower with Radar,2,52,19,0,73,0,3,8,0,11,2,55,27,0,84,0,0,0,84
05/27/2017,CRW,WV,AEA,CE,Combined TRACON& Tower with Radar,4,32,9,0,45,0,0,5,0,5,4,32,14,0,50,0,0,0,50
05/28/2017,CRW,WV,AEA,CE,Combined TRACON& Tower with Radar,7,27,8,0,42,0,10,2,0,12,7,37,10,0,54,0,0,0,54
05/29/2017,CRW,WV,AEA,CE,Combined TRACON& Tower with Radar,2,38,45,6,91,0,1,37,0,38,2,39,82,6,129,28,30,58,187
05/30/2017,CRW,WV,AEA,CE,Combined TRACON& Tower with Radar,2,45,19,5,71,0,1,16,5,22,2,46,35,10,93,6,20,26,119
05/31/2017,CRW,WV,AEA,CE,Combined TRACON& Tower with Radar,4,41,20,4,69,0,3,15,29,47,4,44,35,33,116,4,35,39,155
06/01/2017,CRW,WV,AEA,CE,Combined TRACON& Tower with Radar,2,49,24,8,83,0,3,40,7,50,2,52,64,15,133,3,0,3,136
06/02/2017,CRW,WV,AEA,CE,Combined TRACON& Tower with Radar,2,60,23,12,97,0,13,46,4,63,2,73,69,16,160,1,28,29,189
06/03/2017,CRW,WV,AEA,CE,Combined TRACON& Tower with Radar,14,37,17,2,70,0,18,14,4,36,14,55,31,6,106,0,0,0,106
06/04/2017,CRW,WV,AEA,CE,Combined TRACON& Tower with Radar,5,42,20,4,71,0,4,13,0,17,5,46,33,4,88,16,20,36,124
06/05/2017,CRW,WV,AEA,CE,Combined TRACON& Tower with Radar,6,53,17,8,84,0,0,2,0,2,6,53,19,8,86,16,0,16,102
06/06/2017,CRW,WV,AEA,CE,Combined TRACON& Tower with Radar,5,48,25,17,95,0,1,22,6,29,5,49,47,23,124,0,0,0,124
06/07/2017,CRW,WV,AEA,CE,Combined TRACON& Tower with Radar,4,52,38,5,99,0,1,17,1,19,4,53,55,6,118,6,10,16,134
06/08/2017,CRW,WV,AEA,CE,Combined TRACON& Tower with Radar,9,55,29,8,101,0,11,12,12,35,9,66,41,20,136,6,6,12,148
06/09/2017,CRW,WV,AEA,CE,Combined TRACON& Tower with Radar,2,43,31,3,79,0,3,12,4,19,2,46,43,7,98,28,0,28,126
06/10/2017,CRW,WV,AEA,CE,Combined TRACON& Tower with Radar,4,34,15,3,56,0,7,17,3,27,4,41,32,6,83,20,0,20,103
06/11/2017,CRW,WV,AEA,CE,Combined TRACON& Tower with Radar,9,54,19,1,83,0,7,23,4,34,9,61,42,5,117,22,14,36,153
06/12/2017,CRW,WV,AEA,CE,Combined TRACON& Tower with Radar,3,50,22,6,81,0,3,14,1,18,3,53,36,7,99,14,2,16,115
06/13/2017,CRW,WV,AEA,CE,Combined TRACON& Tower with Radar,2,43,19,17,81,0,0,9,2,11,2,43,28,19,92,0,0,0,92
06/14/2017,CRW,WV,AEA,CE,Combined TRACON& Tower with Radar,4,47,22,5,78,0,1,18,9,28,4,48,40,14,106,10,0,10,116
06/15/2017,CRW,WV,AEA,CE,Combined TRACON& Tower with Radar,1,56,29,5,91,0,4,16,8,28,1,60,45,13,119,4,40,44,163
06/16/2017,CRW,WV,AEA,CE,Combined TRACON& Tower with Radar,3,58,20,5,86,0,2,9,3,14,3,60,29,8,100,10,0,10,110
06/17/2017,CRW,WV,AEA,CE,Combined TRACON& Tower with Radar,5,34,10,2,51,0,2,21,1,24,5,36,31,3,75,0,0,0,75
06/18/2017,CRW,WV,AEA,CE,Combined TRACON& Tower with Radar,4,32,7,0,43,0,4,8,6,18,4,36,15,6,61,18,0,18,79
06/19/2017,CRW,WV,AEA,CE,Combined TRACON& Tower with Radar,2,32,17,9,60,0,4,10,0,14,2,36,27,9,74,0,0,0,74
06/20/2017,CRW,WV,AEA,CE,Combined TRACON& Tower with Radar,6,46,20,10,82,0,6,43,9,58,6,52,63,19,140,40,0,40,180
06/21/2017,CRW,WV,AEA,CE,Combined TRACON& Tower with Radar,4,44,31,17,96,0,1,24,7,32,4,45,55,24,128,10,56,66,194
06/22/2017,CRW,WV,AEA,CE,Combined TRACON& Tower with Radar,3,45,15,2,65,0,0,19,2,21,3,45,34,4,86,0,0,0,86
06/23/2017,CRW,WV,AEA,CE,Combined TRACON& Tower with Radar,1,42,19,6,68,0,3,4,1,8,1,45,23,7,76,0,0,0,76
06/24/2017,CRW,WV,AEA,CE,Combined TRACON& Tower with Radar,5,27,10,1,43,0,2,6,4,12,5,29,16,5,55,10,0,10,65
06/25/2017,CRW,WV,AEA,CE,Combined TRACON& Tower with Radar,5,35,7,1,48,0,5,28,0,33,5,40,35,1,81,0,0,0,81
06/26/2017,CRW,WV,AEA,CE,Combined TRACON& Tower with Radar,2,41,20,7,70,0,0,33,6,39,2,41,53,13,109,30,0,30,139
06/27/2017,CRW,WV,AEA,CE,Combined TRACON& Tower with Radar,2,38,24,8,72,0,1,17,7,25,2,39,41,15,97,0,8,8,105
06/28/2017,CRW,WV,AEA,CE,Combined TRACON& Tower with Radar,6,47,24,2,79,0,0,34,1,35,6,47,58,3,114,46,0,46,160
06/29/2017,CRW,WV,AEA,CE,Combined TRACON& Tower with Radar,6,48,21,16,91,0,1,22,3,26,6,49,43,19,117,7,1,8,125
06/30/2017,CRW,WV,AEA,CE,Combined TRACON& Tower with Radar,2,43,24,13,82,0,0,8,6,14,2,43,32,19,96,0,0,0,96
07/01/2017,CRW,WV,AEA,CE,Combined TRACON& Tower with Radar,4,29,8,2,43,0,3,9,0,12,4,32,17,2,55,26,0,26,81
07/02/2017,CRW,WV,AEA,CE,Combined TRACON& Tower with Radar,7,28,8,2,45,0,5,10,0,15,7,33,18,2,60,0,0,0,60
07/03/2017,CRW,WV,AEA,CE,Combined TRACON& Tower with Radar,3,29,7,0,39,0,6,18,0,24,3,35,25,0,63,0,0,0,63
07/04/2017,CRW,WV,AEA,CE,Combined TRACON& Tower with Radar,4,31,5,1,41,0,1,1,0,2,4,32,6,1,43,0,0,0,43
07/05/2017,CRW,WV,AEA,CE,Combined TRACON& Tower with Radar,7,42,25,2,76,0,0,11,4,15,7,42,36,6,91,2,0,2,93
07/06/2017,CRW,WV,AEA,CE,Combined TRACON& Tower with Radar,4,39,24,2,69,0,0,11,0,11,4,39,35,2,80,0,8,8,88
07/07/2017,CRW,WV,AEA,CE,Combined TRACON& Tower with Radar,1,39,28,7,75,0,2,21,0,23,1,41,49,7,98,2,8,10,108
07/08/2017,CRW,WV,AEA,CE,Combined TRACON& Tower with Radar,6,31,16,3,56,0,2,15,5,22,6,33,31,8,78,0,0,0,78
07/09/2017,CRW,WV,AEA,CE,Combined TRACON& Tower with Radar,6,33,18,3,60,0,1,15,2,18,6,34,33,5,78,6,2,8,86
07/10/2017,CRW,WV,AEA,CE,Combined TRACON& Tower with Radar,3,35,15,12,65,0,4,17,5,26,3,39,32,17,91,0,6,6,97
07/11/2017,CRW,WV,AEA,CE,Combined TRACON& Tower with Radar,4,36,16,11,67,0,10,30,2,42,4,46,46,13,109,0,0,0,109
07/12/2017,CRW,WV,AEA,CE,Combined TRACON& Tower with Radar,8,52,11,2,73,0,11,12,2,25,8,63,23,4,98,14,0,14,112
07/13/2017,CRW,WV,AEA,CE,Combined TRACON& Tower with Radar,3,42,21,16,82,0,10,15,17,42,3,52,36,33,124,0,10,10,134
07/14/2017,CRW,WV,AEA,CE,Combined TRACON& Tower with Radar,2,44,18,3,67,0,5,2,3,10,2,49,20,6,77,0,0,0,77
07/15/2017,CRW,WV,AEA,CE,Combined TRACON& Tower with Radar,6,38,10,4,58,0,6,12,0,18,6,44,22,4,76,10,0,10,86
07/16/2017,CRW,WV,AEA,CE,Combined TRACON& Tower with Radar,5,36,23,8,72,0,8,14,2,24,5,44,37,10,96,0,0,0,96
07/17/2017,CRW,WV,AEA,CE,Combined TRACON& Tower with Radar,2,38,13,10,63,0,8,7,1,16,2,46,20,11,79,0,10,10,89
07/18/2017,CRW,WV,AEA,CE,Combined TRACON& Tower with Radar,2,43,16,4,65,0,5,20,8,33,2,48,36,12,98,0,0,0,98
07/19/2017,CRW,WV,AEA,CE,Combined TRACON& Tower with Radar,4,47,19,16,86,0,8,27,8,43,4,55,46,24,129,0,0,0,129
07/20/2017,CRW,WV,AEA,CE,Combined TRACON& Tower with Radar,2,41,27,22,92,0,2,12,6,20,2,43,39,28,112,0,12,12,124
07/21/2017,CRW,WV,AEA,CE,Combined TRACON& Tower with Radar,4,38,26,2,70,0,2,20,3,25,4,40,46,5,95,0,0,0,95
07/22/2017,CRW,WV,AEA,CE,Combined TRACON& Tower with Radar,4,27,11,5,47,0,2,5,6,13,4,29,16,11,60,0,0,0,60
07/23/2017,CRW,WV,AEA,CE,Combined TRACON& Tower with Radar,4,37,14,4,59,0,2,4,6,12,4,39,18,10,71,0,0,0,71
07/24/2017,CRW,WV,AEA,CE,Combined TRACON& Tower with Radar,3,44,17,5,69,0,2,18,8,28,3,46,35,13,97,0,0,0,97
07/25/2017,CRW,WV,AEA,CE,Combined TRACON& Tower with Radar,5,40,13,4,62,0,0,44,3,47,5,40,57,7,109,10,0,10,119
07/26/2017,CRW,WV,AEA,CE,Combined TRACON& Tower with Radar,7,46,17,8,78,0,1,26,18,45,7,47,43,26,123,24,0,24,147
07/27/2017,CRW,WV,AEA,CE,Combined TRACON& Tower with Radar,3,52,22,4,81,0,0,3,0,3,3,52,25,4,84,0,0,0,84
07/28/2017,CRW,WV,AEA,CE,Combined TRACON& Tower with Radar,4,35,16,6,61,0,0,0,0,0,4,35,16,6,61,0,0,0,61
07/29/2017,CRW,WV,AEA,CE,Combined TRACON& Tower with Radar,8,26,6,1,41,0,0,3,3,6,8,26,9,4,47,0,0,0,47
07/30/2017,CRW,WV,AEA,CE,Combined TRACON& Tower with Radar,4,35,25,2,66,0,1,15,8,24,4,36,40,10,90,0,0,0,90
07/31/2017,CRW,WV,AEA,CE,Combined TRACON& Tower with Radar,2,36,14,2,54,0,0,26,6,32,2,36,40,8,86,0,0,0,86
08/01/2017,CRW,WV,AEA,CE,Combined TRACON& Tower with Radar,2,46,13,8,69,0,2,22,2,26,2,48,35,10,95,20,0,20,115
08/02/2017,CRW,WV,AEA,CE,Combined TRACON& Tower with Radar,4,46,15,2,67,0,2,14,2,18,4,48,29,4,85,5,0,5,90
08/03/2017,CRW,WV,AEA,CE,Combined TRACON& Tower with Radar,4,47,23,2,76,0,5,21,3,29,4,52,44,5,105,10,0,10,115
08/04/2017,CRW,WV,AEA,CE,Combined TRACON& Tower with Radar,2,48,15,13,78,0,0,10,7,17,2,48,25,20,95,7,0,7,102
08/05/2017,CRW,WV,AEA,CE,Combined TRACON& Tower with Radar,8,31,11,1,51,0,1,8,1,10,8,32,19,2,61,0,0,0,61
08/06/2017,CRW,WV,AEA,CE,Combined TRACON& Tower with Radar,5,33,6,5,49,0,2,9,0,11,5,35,15,5,60,8,0,8,68
08/07/2017,CRW,WV,AEA,CE,Combined TRACON& Tower with Radar,3,39,11,3,56,0,0,2,0,2,3,39,13,3,58,0,0,0,58
08/08/2017,CRW,WV,AEA,CE,Combined TRACON& Tower with Radar,4,44,22,12,82,0,11,13,5,29,4,55,35,17,111,0,0,0,111
08/09/2017,CRW,WV,AEA,CE,Combined TRACON& Tower with Radar,4,48,12,8,72,0,1,27,5,33,4,49,39,13,105,6,0,6,111
08/10/2017,CRW,WV,AEA,CE,Combined TRACON& Tower with Radar,2,42,21,3,68,0,0,12,0,12,2,42,33,3,80,4,0,4,84
08/11/2017,CRW,WV,AEA,CE,Combined TRACON& Tower with Radar,2,45,26,14,87,0,6,26,1,33,2,51,52,15,120,2,0,2,122
08/12/2017,CRW,WV,AEA,CE,Combined TRACON& Tower with Radar,4,34,11,0,49,0,0,6,0,6,4,34,17,0,55,0,0,0,55
08/13/2017,CRW,WV,AEA,CE,Combined TRACON& Tower with Radar,6,29,18,0,53,0,0,17,0,17,6,29,35,0,70,6,0,6,76
08/14/2017,CRW,WV,AEA,CE,Combined TRACON& Tower with Radar,2,41,21,4,68,0,4,10,2,16,2,45,31,6,84,0,0,0,84
08/15/2017,CRW,WV,AEA,CE,Combined TRACON& Tower with Radar,2,40,27,13,82,0,3,19,3,25,2,43,46,16,107,0,0,0,107
08/16/2017,CRW,WV,AEA,CE,Combined TRACON& Tower with Radar,3,35,31,18,87,0,5,18,3,26,3,40,49,21,113,0,6,6,119
08/17/2017,CRW,WV,AEA,CE,Combined TRACON& Tower with Radar,2,41,19,6,68,0,0,17,6,23,2,41,36,12,91,0,20,20,111
08/18/2017,CRW,WV,AEA,CE,Combined TRACON& Tower with Radar,2,43,18,4,67,0,1,10,1,12,2,44,28,5,79,0,0,0,79
08/19/2017,CRW,WV,AEA,CE,Combined TRACON& Tower with Radar,4,29,15,2,50,0,3,19,0,22,4,32,34,2,72,0,0,0,72
08/20/2017,CRW,WV,AEA,CE,Combined TRACON& Tower with Radar,4,34,26,3,67,0,2,31,0,33,4,36,57,3,100,6,0,6,106
08/21/2017,CRW,WV,AEA,CE,Combined TRACON& Tower with Radar,4,31,21,0,56,0,1,22,0,23,4,32,43,0,79,4,0,4,83
08/22/2017,CRW,WV,AEA,CE,Combined TRACON& Tower with Radar,2,41,20,6,69,0,1,16,2,19,2,42,36,8,88,4,4,8,96
08/23/2017,CRW,WV,AEA,CE,Combined TRACON& Tower with Radar,4,44,22,15,85,0,1,15,3,19,4,45,37,18,104,4,0,4,108
08/24/2017,CRW,WV,AEA,CE,Combined TRACON& Tower with Radar,2,45,22,2,71,0,2,20,3,25,2,47,42,5,96,16,0,16,112
08/25/2017,CRW,WV,AEA,CE,Combined TRACON& Tower with Radar,2,44,22,2,70,0,2,31,0,33,2,46,53,2,103,6,0,6,109
08/26/2017,CRW,WV,AEA,CE,Combined TRACON& Tower with Radar,4,25,16,4,49,0,7,24,6,37,4,32,40,10,86,0,0,0,86
08/27/2017,CRW,WV,AEA,CE,Combined TRACON& Tower with Radar,4,29,16,9,58,0,0,10,4,14,4,29,26,13,72,0,0,0,72
08/28/2017,CRW,WV,AEA,CE,Combined TRACON& Tower with Radar,2,34,26,16,78,0,1,18,0,19,2,35,44,16,97,0,16,16,113
08/29/2017,CRW,WV,AEA,CE,Combined TRACON& Tower with Radar,2,38,29,20,89,0,2,21,4,27,2,40,50,24,116,4,0,4,120
08/30/2017,CRW,WV,AEA,CE,Combined TRACON& Tower with Radar,4,47,19,6,76,0,6,28,12,46,4,53,47,18,122,26,2,28,150
08/31/2017,CRW,WV,AEA,CE,Combined TRACON& Tower with Radar,2,43,21,5,71,0,2,14,2,18,2,45,35,7,89,20,0,20,109
09/01/2017,CRW,WV,AEA,CE,Combined TRACON& Tower with Radar,2,42,6,0,50,0,0,0,0,0,2,42,6,0,50,0,0,0,50
09/02/2017,CRW,WV,AEA,CE,Combined TRACON& Tower with Radar,4,26,7,0,37,0,0,0,0,0,4,26,7,0,37,0,0,0,37
09/03/2017,CRW,WV,AEA,CE,Combined TRACON& Tower with Radar,4,17,7,1,29,0,2,9,0,11,4,19,16,1,40,0,0,0,40
09/04/2017,CRW,WV,AEA,CE,Combined TRACON& Tower with Radar,2,33,12,0,47,0,1,15,0,16,2,34,27,0,63,0,0,0,63
09/05/2017,CRW,WV,AEA,CE,Combined TRACON& Tower with Radar,2,35,16,0,53,0,1,3,2,6,2,36,19,2,59,0,0,0,59
09/06/2017,CRW,WV,AEA,CE,Combined TRACON& Tower with Radar,4,42,24,1,71,0,1,21,4,26,4,43,45,5,97,0,0,0,97
09/07/2017,CRW,WV,AEA,CE,Combined TRACON& Tower with Radar,4,38,20,6,68,0,1,28,2,31,4,39,48,8,99,0,0,0,99
09/08/2017,CRW,WV,AEA,CE,Combined TRACON& Tower with Radar,2,45,25,9,81,0,5,32,0,37,2,50,57,9,118,0,0,0,118
09/09/2017,CRW,WV,AEA,CE,Combined TRACON& Tower with Radar,2,23,16,2,43,0,1,17,0,18,2,24,33,2,61,0,0,0,61
09/10/2017,CRW,WV,AEA,CE,Combined TRACON& Tower with Radar,4,34,7,0,45,0,3,8,3,14,4,37,15,3,59,0,0,0,59
09/11/2017,CRW,WV,AEA,CE,Combined TRACON& Tower with Radar,1,20,7,3,31,0,8,28,5,41,1,28,35,8,72,4,0,4,76
09/12/2017,CRW,WV,AEA,CE,Combined TRACON& Tower with Radar,5,38,10,2,55,0,3,3,4,10,5,41,13,6,65,0,0,0,65
09/13/2017,CRW,WV,AEA,CE,Combined TRACON& Tower with Radar,2,42,23,7,74,0,5,29,10,44,2,47,52,17,118,10,0,10,128
09/14/2017,CRW,WV,AEA,CE,Combined TRACON& Tower with Radar,2,46,19,6,73,0,0,0,0,0,2,46,19,6,73,0,0,0,73
09/15/2017,CRW,WV,AEA,CE,Combined TRACON& Tower with Radar,4,37,20,6,67,0,5,3,0,8,4,42,23,6,75,0,0,0,75
09/16/2017,CRW,WV,AEA,CE,Combined TRACON& Tower with Radar,2,21,11,6,40,0,2,12,0,14,2,23,23,6,54,6,0,6,60
09/17/2017,CRW,WV,AEA,CE,Combined TRACON& Tower with Radar,4,28,20,8,60,0,1,19,2,22,4,29,39,10,82,0,0,0,82
09/18/2017,CRW,WV,AEA,CE,Combined TRACON& Tower with Radar,2,37,11,8,58,0,2,9,4,15,2,39,20,12,73,0,0,0,73
09/19/2017,CRW,WV,AEA,CE,Combined TRACON& Tower with Radar,2,41,22,9,74,0,1,25,14,40,2,42,47,23,114,6,8,14,128
09/20/2017,CRW,WV,AEA,CE,Combined TRACON& Tower with Radar,2,39,16,6,63,0,5,19,0,24,2,44,35,6,87,0,4,4,91
09/21/2017,CRW,WV,AEA,CE,Combined TRACON& Tower with Radar,2,45,28,6,81,0,0,36,0,36,2,45,64,6,117,10,0,10,127
09/22/2017,CRW,WV,AEA,CE,Combined TRACON& Tower with Radar,6,36,20,5,67,0,2,16,0,18,6,38,36,5,85,0,0,0,85
09/23/2017,CRW,WV,AEA,CE,Combined TRACON& Tower with Radar,2,22,3,0,27,0,2,16,10,28,2,24,19,10,55,0,0,0,55
09/24/2017,CRW,WV,AEA,CE,Combined TRACON& Tower with Radar,6,35,13,1,55,0,1,19,0,20,6,36,32,1,75,0,0,0,75
09/25/2017,CRW,WV,AEA,CE,Combined TRACON& Tower with Radar,2,42,3,6,53,0,2,22,0,24,2,44,25,6,77,0,0,0,77
09/26/2017,CRW,WV,AEA,CE,Combined TRACON& Tower with Radar,2,43,17,2,64,0,0,33,10,43,2,43,50,12,107,12,10,22,129
09/27/2017,CRW,WV,AEA,CE,Combined TRACON& Tower with Radar,2,44,21,3,70,0,0,17,5,22,2,44,38,8,92,0,0,0,92
09/28/2017,CRW,WV,AEA,CE,Combined TRACON& Tower with Radar,2,40,14,0,56,0,2,20,4,26,2,42,34,4,82,0,0,0,82
09/29/2017,CRW,WV,AEA,CE,Combined TRACON& Tower with Radar,2,42,26,7,77,0,11,39,9,59,2,53,65,16,136,0,0,0,136
09/30/2017,CRW,WV,AEA,CE,Combined TRACON& Tower with Radar,2,25,2,0,29,0,6,39,4,49,2,31,41,4,78,0,0,0,78
10/01/2017,CRW,WV,AEA,CE,Combined TRACON& Tower with Radar,4,28,9,3,44,0,5,29,9,43,4,33,38,12,87,0,0,0,87
10/02/2017,CRW,WV,AEA,CE,Combined TRACON& Tower with Radar,2,40,15,1,58,0,2,18,3,23,2,42,33,4,81,0,0,0,81
10/03/2017,CRW,WV,AEA,CE,Combined TRACON& Tower with Radar,2,45,20,11,78,0,1,21,4,26,2,46,41,15,104,0,0,0,104
10/04/2017,CRW,WV,AEA,CE,Combined TRACON& Tower with Radar,2,49,14,3,68,0,3,16,4,23,2,52,30,7,91,6,0,6,97
10/05/2017,CRW,WV,AEA,CE,Combined TRACON& Tower with Radar,2,40,22,4,68,0,2,17,0,19,2,42,39,4,87,12,0,12,99
10/06/2017,CRW,WV,AEA,CE,Combined TRACON& Tower with Radar,2,40,13,3,58,0,2,18,0,20,2,42,31,3,78,0,0,0,78
10/07/2017,CRW,WV,AEA,CE,Combined TRACON& Tower with Radar,2,28,9,0,39,0,0,11,0,11,2,28,20,0,50,6,0,6,56
10/08/2017,CRW,WV,AEA,CE,Combined TRACON& Tower with Radar,4,29,7,8,48,0,1,0,0,1,4,30,7,8,49,0,0,0,49
10/09/2017,CRW,WV,AEA,CE,Combined TRACON& Tower with Radar,4,38,18,1,61,0,0,4,1,5,4,38,22,2,66,0,0,0,66
10/10/2017,CRW,WV,AEA,CE,Combined TRACON& Tower with Radar,2,41,15,11,69,0,2,19,3,24,2,43,34,14,93,21,10,31,124
10/11/2017,CRW,WV,AEA,CE,Combined TRACON& Tower with Radar,2,44,13,14,73,0,0,10,0,10,2,44,23,14,83,27,20,47,130
10/12/2017,CRW,WV,AEA,CE,Combined TRACON& Tower with Radar,2,44,27,12,85,0,3,13,7,23,2,47,40,19,108,24,8,32,140
10/13/2017,CRW,WV,AEA,CE,Combined TRACON& Tower with Radar,4,42,16,0,62,0,2,9,2,13,4,44,25,2,75,0,0,0,75
10/14/2017,CRW,WV,AEA,CE,Combined TRACON& Tower with Radar,2,22,11,4,39,0,0,18,0,18,2,22,29,4,57,0,0,0,57
10/15/2017,CRW,WV,AEA,CE,Combined TRACON& Tower with Radar,6,30,14,2,52,0,0,4,0,4,6,30,18,2,56,0,0,0,56
10/16/2017,CRW,WV,AEA,CE,Combined TRACON& Tower with Radar,2,39,11,3,55,0,12,15,0,27,2,51,26,3,82,18,0,18,100
10/17/2017,CRW,WV,AEA,CE,Combined TRACON& Tower with Radar,2,40,13,8,63,0,0,21,2,23,2,40,34,10,86,10,0,10,96
10/18/2017,CRW,WV,AEA,CE,Combined TRACON& Tower with Radar,4,41,25,10,80,0,6,7,3,16,4,47,32,13,96,24,32,56,152
10/19/2017,CRW,WV,AEA,CE,Combined TRACON& Tower with Radar,4,39,26,6,75,0,4,19,2,25,4,43,45,8,100,2,12,14,114
10/20/2017,CRW,WV,AEA,CE,Combined TRACON& Tower with Radar,2,43,15,6,66,0,5,14,0,19,2,48,29,6,85,0,0,0,85
10/21/2017,CRW,WV,AEA,CE,Combined TRACON& Tower with Radar,2,23,16,1,42,0,3,19,1,23,2,26,35,2,65,0,0,0,65
10/22/2017,CRW,WV,AEA,CE,Combined TRACON& Tower with Radar,9,27,11,0,47,0,0,16,3,19,9,27,27,3,66,0,0,0,66
10/23/2017,CRW,WV,AEA,CE,Combined TRACON& Tower with Radar,3,38,17,6,64,0,0,1,0,1,3,38,18,6,65,0,0,0,65
10/24/2017,CRW,WV,AEA,CE,Combined TRACON& Tower with Radar,2,43,8,12,65,0,0,12,3,15,2,43,20,15,80,0,0,0,80
10/25/2017,CRW,WV,AEA,CE,Combined TRACON& Tower with Radar,2,42,17,6,67,0,0,8,1,9,2,42,25,7,76,0,0,0,76
10/26/2017,CRW,WV,AEA,CE,Combined TRACON& Tower with Radar,2,45,23,4,74,0,1,17,2,20,2,46,40,6,94,0,0,0,94
10/27/2017,CRW,WV,AEA,CE,Combined TRACON& Tower with Radar,2,46,16,0,64,0,2,23,0,25,2,48,39,0,89,10,0,10,99
10/28/2017,CRW,WV,AEA,CE,Combined TRACON& Tower with Radar,2,23,18,0,43,0,2,1,0,3,2,25,19,0,46,0,0,0,46
10/29/2017,CRW,WV,AEA,CE,Combined TRACON& Tower with Radar,6,28,8,0,42,0,0,3,0,3,6,28,11,0,45,0,0,0,45
10/30/2017,CRW,WV,AEA,CE,Combined TRACON& Tower with Radar,4,38,18,2,62,0,0,16,4,20,4,38,34,6,82,0,0,0,82
10/31/2017,CRW,WV,AEA,CE,Combined TRACON& Tower with Radar,2,33,14,1,50,0,2,15,1,18,2,35,29,2,68,0,0,0,68
11/01/2017,CRW,WV,AEA,CE,Combined TRACON& Tower with Radar,2,46,17,9,74,0,2,12,3,17,2,48,29,12,91,0,8,8,99
11/02/2017,CRW,WV,AEA,CE,Combined TRACON& Tower with Radar,2,45,14,3,64,0,3,22,16,41,2,48,36,19,105,18,0,18,123
11/03/2017,CRW,WV,AEA,CE,Combined TRACON& Tower with Radar,2,40,27,13,82,0,1,8,3,12,2,41,35,16,94,0,0,0,94
11/04/2017,CRW,WV,AEA,CE,Combined TRACON& Tower with Radar,2,27,24,1,54,0,0,12,0,12,2,27,36,1,66,0,0,0,66
11/05/2017,CRW,WV,AEA,CE,Combined TRACON& Tower with Radar,4,25,18,6,53,0,2,8,3,13,4,27,26,9,66,7,4,11,77
11/06/2017,CRW,WV,AEA,CE,Combined TRACON& Tower with Radar,2,38,23,3,66,0,0,1,0,1,2,38,24,3,67,0,0,0,67
11/07/2017,CRW,WV,AEA,CE,Combined TRACON& Tower with Radar,2,42,10,9,63,0,0,0,0,0,2,42,10,9,63,0,0,0,63
11/08/2017,CRW,WV,AEA,CE,Combined TRACON& Tower with Radar,7,37,27,26,97,0,3,8,0,11,7,40,35,26,108,0,36,36,144
11/09/2017,CRW,WV,AEA,CE,Combined TRACON& Tower with Radar,5,45,24,15,89,0,1,17,4,22,5,46,41,19,111,0,0,0,111
11/10/2017,CRW,WV,AEA,CE,Combined TRACON& Tower with Radar,3,40,27,0,70,0,4,19,0,23,3,44,46,0,93,0,0,0,93
11/11/2017,CRW,WV,AEA,CE,Combined TRACON& Tower with Radar,2,26,7,6,41,0,1,18,0,19,2,27,25,6,60,16,0,16,76
11/12/2017,CRW,WV,AEA,CE,Combined TRACON& Tower with Radar,6,27,25,0,58,0,0,17,0,17,6,27,42,0,75,0,0,0,75
11/13/2017,CRW,WV,AEA,CE,Combined TRACON& Tower with Radar,6,33,13,3,55,0,0,0,2,2,6,33,13,5,57,0,0,0,57
11/14/2017,CRW,WV,AEA,CE,Combined TRACON& Tower with Radar,6,32,20,13,71,0,1,10,4,15,6,33,30,17,86,0,0,0,86
11/15/2017,CRW,WV,AEA,CE,Combined TRACON& Tower with Radar,4,42,14,7,67,0,0,14,1,15,4,42,28,8,82,0,0,0,82
11/16/2017,CRW,WV,AEA,CE,Combined TRACON& Tower with Radar,4,38,18,5,65,0,3,5,3,11,4,41,23,8,76,18,0,18,94
11/17/2017,CRW,WV,AEA,CE,Combined TRACON& Tower with Radar,4,38,37,2,81,0,0,40,0,40,4,38,77,2,121,0,0,0,121
11/18/2017,CRW,WV,AEA,CE,Combined TRACON& Tower with Radar,2,25,10,2,39,0,0,8,0,8,2,25,18,2,47,0,0,0,47
11/19/2017,CRW,WV,AEA,CE,Combined TRACON& Tower with Radar,8,22,2,1,33,0,0,7,0,7,8,22,9,1,40,0,0,0,40
11/20/2017,CRW,WV,AEA,CE,Combined TRACON& Tower with Radar,4,27,11,4,46,0,1,21,0,22,4,28,32,4,68,10,0,10,78
11/21/2017,CRW,WV,AEA,CE,Combined TRACON& Tower with Radar,4,42,10,0,56,0,2,18,0,20,4,44,28,0,76,14,0,14,90
11/22/2017,CRW,WV,AEA,CE,Combined TRACON& Tower with Radar,4,42,16,0,62,0,4,10,0,14,4,46,26,0,76,12,0,12,88
11/23/2017,CRW,WV,AEA,CE,Combined TRACON& Tower with Radar,2,14,0,0,16,0,4,14,0,18,2,18,14,0,34,0,0,0,34
11/24/2017,CRW,WV,AEA,CE,Combined TRACON& Tower with Radar,2,26,8,0,36,0,0,18,0,18,2,26,26,0,54,15,0,15,69
11/25/2017,CRW,WV,AEA,CE,Combined TRACON& Tower with Radar,4,31,13,0,48,0,5,17,0,22,4,36,30,0,70,1,0,1,71
11/26/2017,CRW,WV,AEA,CE,Combined TRACON& Tower with Radar,6,28,10,0,44,0,5,28,0,33,6,33,38,0,77,0,0,0,77
11/27/2017,CRW,WV,AEA,CE,Combined TRACON& Tower with Radar,4,39,17,8,68,0,0,13,4,17,4,39,30,12,85,12,0,12,97
11/28/2017,CRW,WV,AEA,CE,Combined TRACON& Tower with Radar,4,38,18,11,71,0,1,16,9,26,4,39,34,20,97,0,26,26,123
11/29/2017,CRW,WV,AEA,CE,Combined TRACON& Tower with Radar,4,44,19,2,69,0,9,19,24,52,4,53,38,26,121,2,20,22,143
11/30/2017,CRW,WV,AEA,CE,Combined TRACON& Tower with Radar,8,39,12,4,63,0,2,11,0,13,8,41,23,4,76,0,0,0,76
12/01/2017,CRW,WV,AEA,CE,Combined TRACON& Tower with Radar,4,38,15,9,66,0,1,13,3,17,4,39,28,12,83,0,0,0,83
12/02/2017,CRW,WV,AEA,CE,Combined TRACON& Tower with Radar,4,24,8,7,43,0,0,15,10,25,4,24,23,17,68,0,9,9,77
12/03/2017,CRW,WV,AEA,CE,Combined TRACON& Tower with Radar,6,21,7,3,37,0,2,23,2,27,6,23,30,5,64,0,0,0,64
12/04/2017,CRW,WV,AEA,CE,Combined TRACON& Tower with Radar,4,37,19,0,60,0,0,20,0,20,4,37,39,0,80,10,0,10,90
12/05/2017,CRW,WV,AEA,CE,Combined TRACON& Tower with Radar,5,40,13,12,70,0,0,0,8,8,5,40,13,20,78,0,26,26,104
12/06/2017,CRW,WV,AEA,CE,Combined TRACON& Tower with Radar,5,37,12,13,67,0,8,15,4,27,5,45,27,17,94,12,6,18,112
12/07/2017,CRW,WV,AEA,CE,Combined TRACON& Tower with Radar,4,38,14,9,65,0,5,21,4,30,4,43,35,13,95,0,0,0,95
12/08/2017,CRW,WV,AEA,CE,Combined TRACON& Tower with Radar,3,38,33,2,76,0,1,4,8,13,3,39,37,10,89,0,0,0,89
12/09/2017,CRW,WV,AEA,CE,Combined TRACON& Tower with Radar,2,25,4,0,31,0,1,6,0,7,2,26,10,0,38,0,0,0,38
12/10/2017,CRW,WV,AEA,CE,Combined TRACON& Tower with Radar,9,26,9,1,45,0,1,10,0,11,9,27,19,1,56,0,0,0,56
12/11/2017,CRW,WV,AEA,CE,Combined TRACON& Tower with Radar,4,34,13,2,53,0,0,15,2,17,4,34,28,4,70,0,0,0,70
12/12/2017,CRW,WV,AEA,CE,Combined TRACON& Tower with Radar,4,41,18,5,68,0,0,8,0,8,4,41,26,5,76,0,4,4,80
12/13/2017,CRW,WV,AEA,CE,Combined TRACON& Tower with Radar,4,42,13,8,67,0,7,26,2,35,4,49,39,10,102,0,0,0,102
12/14/2017,CRW,WV,AEA,CE,Combined TRACON& Tower with Radar,5,36,22,20,83,0,2,16,18,36,5,38,38,38,119,0,12,12,131
12/15/2017,CRW,WV,AEA,CE,Combined TRACON& Tower with Radar,5,38,18,1,62,0,1,13,4,18,5,39,31,5,80,0,0,0,80
12/16/2017,CRW,WV,AEA,CE,Combined TRACON& Tower with Radar,6,19,6,2,33,0,2,32,0,34,6,21,38,2,67,0,0,0,67
12/17/2017,CRW,WV,AEA,CE,Combined TRACON& Tower with Radar,3,23,8,1,35,0,0,22,0,22,3,23,30,1,57,0,0,0,57
12/18/2017,CRW,WV,AEA,CE,Combined TRACON& Tower with Radar,3,45,18,3,69,0,0,17,0,17,3,45,35,3,86,0,0,0,86
12/19/2017,CRW,WV,AEA,CE,Combined TRACON& Tower with Radar,4,37,17,12,70,0,0,27,13,40,4,37,44,25,110,8,0,8,118
12/20/2017,CRW,WV,AEA,CE,Combined TRACON& Tower with Radar,3,37,22,14,76,0,2,21,17,40,3,39,43,31,116,22,0,22,138
12/21/2017,CRW,WV,AEA,CE,Combined TRACON& Tower with Radar,1,39,16,4,60,0,1,42,0,43,1,40,58,4,103,24,0,24,127
12/22/2017,CRW,WV,AEA,CE,Combined TRACON& Tower with Radar,2,38,15,2,57,0,0,7,0,7,2,38,22,2,64,10,0,10,74
12/23/2017,CRW,WV,AEA,CE,Combined TRACON& Tower with Radar,2,24,6,2,34,0,0,0,0,0,2,24,6,2,34,0,0,0,34
12/24/2017,CRW,WV,AEA,CE,Combined TRACON& Tower with Radar,8,13,2,0,23,0,0,0,0,0,8,13,2,0,23,0,0,0,23
12/25/2017,CRW,WV,AEA,CE,Combined TRACON& Tower with Radar,2,29,1,0,32,0,0,4,0,4,2,29,5,0,36,0,0,0,36
12/26/2017,CRW,WV,AEA,CE,Combined TRACON& Tower with Radar,2,33,6,0,41,0,5,10,0,15,2,38,16,0,56,4,0,4,60
12/27/2017,CRW,WV,AEA,CE,Combined TRACON& Tower with Radar,1,36,8,0,45,0,0,15,0,15,1,36,23,0,60,0,0,0,60
12/28/2017,CRW,WV,AEA,CE,Combined TRACON& Tower with Radar,3,33,3,17,56,0,2,9,12,23,3,35,12,29,79,0,0,0,79
12/29/2017,CRW,WV,AEA,CE,Combined TRACON& Tower with Radar,2,38,9,0,49,0,2,12,0,14,2,40,21,0,63,0,0,0,63
12/30/2017,CRW,WV,AEA,CE,Combined TRACON& Tower with Radar,1,28,0,0,29,0,2,0,0,2,1,30,0,0,31,0,0,0,31
12/31/2017,CRW,WV,AEA,CE,Combined TRACON& Tower with Radar,7,13,4,5,29,0,1,3,0,4,7,14,7,5,33,0,0,0,33
01/01/2018,CRW,WV,AEA,CE,Combined TRACON& Tower with Radar,4,21,6,0,31,0,2,4,0,6,4,23,10,0,37,0,0,0,37
01/02/2018,CRW,WV,AEA,CE,Combined TRACON& Tower with Radar,2,38,13,1,54,0,0,16,0,16,2,38,29,1,70,0,0,0,70
01/03/2018,CRW,WV,AEA,CE,Combined TRACON& Tower with Radar,2,41,20,20,83,0,0,12,2,14,2,41,32,22,97,6,12,18,115
01/04/2018,CRW,WV,AEA,CE,Combined TRACON& Tower with Radar,2,37,10,8,57,0,0,5,2,7,2,37,15,10,64,0,4,4,68
01/05/2018,CRW,WV,AEA,CE,Combined TRACON& Tower with Radar,2,38,5,8,53,0,0,5,2,7,2,38,10,10,60,0,0,0,60
01/06/2018,CRW,WV,AEA,CE,Combined TRACON& Tower with Radar,2,26,14,9,51,0,0,5,9,14,2,26,19,18,65,0,0,0,65
01/07/2018,CRW,WV,AEA,CE,Combined TRACON& Tower with Radar,8,21,14,3,46,0,0,11,2,13,8,21,25,5,59,0,0,0,59
01/08/2018,CRW,WV,AEA,CE,Combined TRACON& Tower with Radar,2,32,3,1,38,0,0,0,0,0,2,32,3,1,38,0,0,0,38
01/09/2018,CRW,WV,AEA,CE,Combined TRACON& Tower with Radar,2,42,34,12,90,0,0,5,16,21,2,42,39,28,111,0,4,4,115
01/10/2018,CRW,WV,AEA,CE,Combined TRACON& Tower with Radar,2,40,30,11,83,0,3,20,3,26,2,43,50,14,109,4,12,16,125
01/11/2018,CRW,WV,AEA,CE,Combined TRACON& Tower with Radar,2,41,9,8,60,0,2,3,0,5,2,43,12,8,65,0,0,0,65
01/12/2018,CRW,WV,AEA,CE,Combined TRACON& Tower with Radar,2,32,9,3,46,0,0,0,4,4,2,32,9,7,50,0,0,0,50
01/13/2018,CRW,WV,AEA,CE,Combined TRACON& Tower with Radar,2,17,2,0,21,0,0,0,0,0,2,17,2,0,21,0,0,0,21
01/14/2018,CRW,WV,AEA,CE,Combined TRACON& Tower with Radar,6,22,10,2,40,0,1,15,2,18,6,23,25,4,58,0,0,0,58
01/15/2018,CRW,WV,AEA,CE,Combined TRACON& Tower with Radar,4,29,6,0,39,0,0,9,2,11,4,29,15,2,50,0,0,0,50
01/16/2018,CRW,WV,AEA,CE,Combined TRACON& Tower with Radar,2,21,2,0,25,0,0,0,0,0,2,21,2,0,25,0,0,0,25
01/17/2018,CRW,WV,AEA,CE,Combined TRACON& Tower with Radar,1,24,4,8,37,0,0,6,0,6,1,24,10,8,43,0,0,0,43
01/18/2018,CRW,WV,AEA,CE,Combined TRACON& Tower with Radar,5,38,10,0,53,0,0,8,10,18,5,38,18,10,71,2,0,2,73
01/19/2018,CRW,WV,AEA,CE,Combined TRACON& Tower with Radar,2,38,14,14,68,0,4,17,2,23,2,42,31,16,91,0,0,0,91
01/20/2018,CRW,WV,AEA,CE,Combined TRACON& Tower with Radar,2,25,8,1,36,0,2,13,0,15,2,27,21,1,51,0,0,0,51
01/21/2018,CRW,WV,AEA,CE,Combined TRACON& Tower with Radar,4,28,6,0,38,0,0,4,0,4,4,28,10,0,42,2,0,2,44
01/22/2018,CRW,WV,AEA,CE,Combined TRACON& Tower with Radar,2,35,13,7,57,0,2,6,0,8,2,37,19,7,65,0,0,0,65
01/23/2018,CRW,WV,AEA,CE,Combined TRACON& Tower with Radar,2,44,10,13,69,0,0,4,20,24,2,44,14,33,93,0,0,0,93
01/24/2018,CRW,WV,AEA,CE,Combined TRACON& Tower with Radar,2,44,3,6,55,0,0,6,0,6,2,44,9,6,61,0,0,0,61
01/25/2018,CRW,WV,AEA,CE,Combined TRACON& Tower with Radar,2,44,26,18,90,0,3,26,1,30,2,47,52,19,120,2,0,2,122
01/26/2018,CRW,WV,AEA,CE,Combined TRACON& Tower with Radar,4,35,18,16,73,0,10,31,4,45,4,45,49,20,118,8,0,8,126
01/27/2018,CRW,WV,AEA,CE,Combined TRACON& Tower with Radar,2,29,11,1,43,0,3,12,1,16,2,32,23,2,59,0,0,0,59
01/28/2018,CRW,WV,AEA,CE,Combined TRACON& Tower with Radar,4,27,11,2,44,0,0,2,0,2,4,27,13,2,46,0,0,0,46
01/29/2018,CRW,WV,AEA,CE,Combined TRACON& Tower with Radar,4,33,14,0,51,0,0,10,3,13,4,33,24,3,64,0,0,0,64
01/30/2018,CRW,WV,AEA,CE,Combined TRACON& Tower with Radar,4,38,18,20,80,0,4,3,4,11,4,42,21,24,91,0,8,8,99
01/31/2018,CRW,WV,AEA,CE,Combined TRACON& Tower with Radar,2,39,16,12,69,0,1,20,4,25,2,40,36,16,94,0,0,0,94
02/01/2018,CRW,WV,AEA,CE,Combined TRACON& Tower with Radar,3,40,9,1,53,0,1,10,0,11,3,41,19,1,64,0,0,0,64
02/02/2018,CRW,WV,AEA,CE,Combined TRACON& Tower with Radar,5,38,12,4,59,0,0,10,3,13,5,38,22,7,72,0,0,0,72
02/03/2018,CRW,WV,AEA,CE,Combined TRACON& Tower with Radar,2,28,4,16,50,0,2,16,7,25,2,30,20,23,75,0,0,0,75
02/04/2018,CRW,WV,AEA,CE,Combined TRACON& Tower with Radar,4,13,0,5,22,0,0,0,0,0,4,13,0,5,22,0,0,0,22
02/05/2018,CRW,WV,AEA,CE,Combined TRACON& Tower with Radar,2,39,11,0,52,0,0,11,0,11,2,39,22,0,63,0,0,0,63
02/06/2018,CRW,WV,AEA,CE,Combined TRACON& Tower with Radar,2,36,13,4,55,0,1,5,2,8,2,37,18,6,63,0,0,0,63
02/07/2018,CRW,WV,AEA,CE,Combined TRACON& Tower with Radar,2,42,10,7,61,0,0,0,0,0,2,42,10,7,61,0,0,0,61
02/08/2018,CRW,WV,AEA,CE,Combined TRACON& Tower with Radar,6,36,16,8,66,0,0,10,11,21,6,36,26,19,87,5,0,5,92
02/09/2018,CRW,WV,AEA,CE,Combined TRACON& Tower with Radar,2,35,17,8,62,0,4,21,2,27,2,39,38,10,89,0,0,0,89
02/10/2018,CRW,WV,AEA,CE,Combined TRACON& Tower with Radar,4,26,2,0,32,0,0,0,0,0,4,26,2,0,32,0,0,0,32
02/11/2018,CRW,WV,AEA,CE,Combined TRACON& Tower with Radar,4,20,6,1,31,0,0,1,0,1,4,20,7,1,32,0,0,0,32
02/12/2018,CRW,WV,AEA,CE,Combined TRACON& Tower with Radar,4,35,8,0,47,0,1,5,0,6,4,36,13,0,53,0,0,0,53
02/13/2018,CRW,WV,AEA,CE,Combined TRACON& Tower with Radar,4,35,15,17,71,0,5,13,2,20,4,40,28,19,91,2,10,12,103
02/14/2018,CRW,WV,AEA,CE,Combined TRACON& Tower with Radar,2,39,15,13,69,0,0,1,2,3,2,39,16,15,72,0,0,0,72
02/15/2018,CRW,WV,AEA,CE,Combined TRACON& Tower with Radar,4,40,11,14,69,0,0,5,0,5,4,40,16,14,74,0,0,0,74
02/16/2018,CRW,WV,AEA,CE,Combined TRACON& Tower with Radar,4,38,10,1,53,0,0,0,0,0,4,38,10,1,53,0,0,0,53
02/17/2018,CRW,WV,AEA,CE,Combined TRACON& Tower with Radar,3,26,6,0,35,0,0,1,0,1,3,26,7,0,36,20,0,20,56
02/18/2018,CRW,WV,AEA,CE,Combined TRACON& Tower with Radar,3,27,12,0,42,0,2,14,0,16,3,29,26,0,58,0,0,0,58
02/19/2018,CRW,WV,AEA,CE,Combined TRACON& Tower with Radar,4,29,9,6,48,0,2,6,0,8,4,31,15,6,56,2,0,2,58
02/20/2018,CRW,WV,AEA,CE,Combined TRACON& Tower with Radar,6,40,9,9,64,0,7,31,6,44,6,47,40,15,108,12,20,32,140
02/21/2018,CRW,WV,AEA,CE,Combined TRACON& Tower with Radar,2,38,10,7,57,0,4,6,8,18,2,42,16,15,75,0,17,17,92
02/22/2018,CRW,WV,AEA,CE,Combined TRACON& Tower with Radar,4,40,9,12,65,0,0,0,0,0,4,40,9,12,65,0,0,0,65
02/23/2018,CRW,WV,AEA,CE,Combined TRACON& Tower with Radar,6,30,8,21,65,0,0,22,1,23,6,30,30,22,88,0,6,6,94
02/24/2018,CRW,WV,AEA,CE,Combined TRACON& Tower with Radar,2,32,5,0,39,0,0,0,0,0,2,32,5,0,39,0,0,0,39
02/25/2018,CRW,WV,AEA,CE,Combined TRACON& Tower with Radar,4,27,5,0,36,0,0,2,0,2,4,27,7,0,38,0,0,0,38
02/26/2018,CRW,WV,AEA,CE,Combined TRACON& Tower with Radar,6,31,21,0,58,0,6,29,6,41,6,37,50,6,99,8,0,8,107
02/27/2018,CRW,WV,AEA,CE,Combined TRACON& Tower with Radar,4,38,27,7,76,0,2,37,22,61,4,40,64,29,137,30,8,38,175
02/28/2018,CRW,WV,AEA,CE,Combined TRACON& Tower with Radar,4,39,8,12,63,0,0,8,3,11,4,39,16,15,74,0,4,4,78
03/01/2018,CRW,WV,AEA,CE,Combined TRACON& Tower with Radar,2,34,11,21,68,0,0,0,0,0,2,34,11,21,68,0,0,0,68
03/02/2018,CRW,WV,AEA,CE,Combined TRACON& Tower with Radar,4,37,14,4,59,0,0,3,0,3,4,37,17,4,62,0,0,0,62
03/03/2018,CRW,WV,AEA,CE,Combined TRACON& Tower with Radar,2,28,8,1,39,0,1,13,3,17,2,29,21,4,56,2,0,2,58
03/04/2018,CRW,WV,AEA,CE,Combined TRACON& Tower with Radar,6,28,7,5,46,0,1,20,3,24,6,29,27,8,70,15,0,15,85
03/05/2018,CRW,WV,AEA,CE,Combined TRACON& Tower with Radar,5,34,13,6,58,0,0,25,2,27,5,34,38,8,85,10,0,10,95
03/06/2018,CRW,WV,AEA,CE,Combined TRACON& Tower with Radar,6,37,15,10,68,0,0,8,8,16,6,37,23,18,84,0,4,4,88
03/07/2018,CRW,WV,AEA,CE,Combined TRACON& Tower with Radar,7,34,12,6,59,0,0,2,0,2,7,34,14,6,61,0,12,12,73
03/08/2018,CRW,WV,AEA,CE,Combined TRACON& Tower with Radar,7,39,15,8,69,0,0,5,1,6,7,39,20,9,75,0,0,0,75
03/09/2018,CRW,WV,AEA,CE,Combined TRACON& Tower with Radar,6,39,20,0,65,0,4,10,4,18,6,43,30,4,83,0,0,0,83
03/10/2018,CRW,WV,AEA,CE,Combined TRACON& Tower with Radar,8,22,8,2,40,0,0,7,2,9,8,22,15,4,49,0,0,0,49
03/11/2018,CRW,WV,AEA,CE,Combined TRACON& Tower with Radar,8,26,10,0,44,0,0,8,0,8,8,26,18,0,52,0,0,0,52
03/12/2018,CRW,WV,AEA,CE,Combined TRACON& Tower with Radar,6,30,2,2,40,0,0,3,0,3,6,30,5,2,43,0,0,0,43
03/13/2018,CRW,WV,AEA,CE,Combined TRACON& Tower with Radar,6,39,3,10,58,0,1,9,2,12,6,40,12,12,70,0,0,0,70
03/14/2018,CRW,WV,AEA,CE,Combined TRACON& Tower with Radar,6,36,19,4,65,0,0,2,13,15,6,36,21,17,80,0,40,40,120
03/15/2018,CRW,WV,AEA,CE,Combined TRACON& Tower with Radar,6,50,27,10,93,0,3,16,11,30,6,53,43,21,123,3,0,3,126
03/16/2018,CRW,WV,AEA,CE,Combined TRACON& Tower with Radar,6,36,12,1,55,0,2,12,1,15,6,38,24,2,70,0,0,0,70
03/17/2018,CRW,WV,AEA,CE,Combined TRACON& Tower with Radar,6,24,0,0,30,0,0,0,0,0,6,24,0,0,30,0,0,0,30
03/18/2018,CRW,WV,AEA,CE,Combined TRACON& Tower with Radar,7,29,7,0,43,0,2,14,2,18,7,31,21,2,61,36,0,36,97
03/19/2018,CRW,WV,AEA,CE,Combined TRACON& Tower with Radar,5,33,16,9,63,0,7,29,0,36,5,40,45,9,99,0,3,3,102
03/20/2018,CRW,WV,AEA,CE,Combined TRACON& Tower with Radar,6,39,13,8,66,0,0,0,0,0,6,39,13,8,66,0,0,0,66
03/21/2018,CRW,WV,AEA,CE,Combined TRACON& Tower with Radar,6,30,7,0,43,0,0,0,0,0,6,30,7,0,43,0,0,0,43
03/22/2018,CRW,WV,AEA,CE,Combined TRACON& Tower with Radar,6,38,27,5,76,0,1,16,4,21,6,39,43,9,97,0,33,33,130
03/23/2018,CRW,WV,AEA,CE,Combined TRACON& Tower with Radar,6,42,21,1,70,0,4,16,4,24,6,46,37,5,94,0,0,0,94
03/24/2018,CRW,WV,AEA,CE,Combined TRACON& Tower with Radar,6,25,7,0,38,0,0,4,0,4,6,25,11,0,42,0,0,0,42
03/25/2018,CRW,WV,AEA,CE,Combined TRACON& Tower with Radar,8,28,7,0,43,0,1,11,2,14,8,29,18,2,57,0,0,0,57
03/26/2018,CRW,WV,AEA,CE,Combined TRACON& Tower with Radar,6,33,15,5,59,0,9,22,3,34,6,42,37,8,93,6,0,6,99
03/27/2018,CRW,WV,AEA,CE,Combined TRACON& Tower with Radar,6,43,21,9,79,0,0,2,7,9,6,43,23,16,88,0,0,0,88
03/28/2018,CRW,WV,AEA,CE,Combined TRACON& Tower with Radar,6,32,11,7,56,0,0,0,0,0,6,32,11,7,56,0,0,0,56
03/29/2018,CRW,WV,AEA,CE,Combined TRACON& Tower with Radar,6,37,11,5,59,0,0,8,0,8,6,37,19,5,67,0,0,0,67
03/30/2018,CRW,WV,AEA,CE,Combined TRACON& Tower with Radar,6,40,11,3,60,0,1,9,0,10,6,41,20,3,70,0,0,0,70
03/31/2018,CRW,WV,AEA,CE,Combined TRACON& Tower with Radar,9,20,16,1,46,0,0,23,0,23,9,20,39,1,69,0,0,0,69
04/01/2018,CRW,WV,AEA,CE,Combined TRACON& Tower with Radar,11,30,14,0,55,0,0,1,0,1,11,30,15,0,56,0,0,0,56
04/02/2018,CRW,WV,AEA,CE,Combined TRACON& Tower with Radar,3,39,12,0,54,0,2,2,0,4,3,41,14,0,58,0,0,0,58
04/03/2018,CRW,WV,AEA,CE,Combined TRACON& Tower with Radar,6,33,15,16,70,0,0,12,0,12,6,33,27,16,82,0,0,0,82
04/04/2018,CRW,WV,AEA,CE,Combined TRACON& Tower with Radar,7,39,9,3,58,0,3,7,0,10,7,42,16,3,68,0,0,0,68
04/05/2018,CRW,WV,AEA,CE,Combined TRACON& Tower with Radar,4,44,16,4,68,0,5,32,6,43,4,49,48,10,111,10,0,10,121
04/06/2018,CRW,WV,AEA,CE,Combined TRACON& Tower with Radar,4,42,22,9,77,0,2,14,7,23,4,44,36,16,100,0,0,0,100
04/07/2018,CRW,WV,AEA,CE,Combined TRACON& Tower with Radar,2,30,1,2,35,0,0,0,0,0,2,30,1,2,35,0,0,0,35
04/08/2018,CRW,WV,AEA,CE,Combined TRACON& Tower with Radar,7,30,6,4,47,0,6,23,0,29,7,36,29,4,76,0,0,0,76
04/09/2018,CRW,WV,AEA,CE,Combined TRACON& Tower with Radar,5,34,3,0,42,0,0,0,0,0,5,34,3,0,42,0,0,0,42
04/10/2018,CRW,WV,AEA,CE,Combined TRACON& Tower with Radar,4,38,10,14,66,0,3,17,8,28,4,41,27,22,94,0,22,22,116
04/11/2018,CRW,WV,AEA,CE,Combined TRACON& Tower with Radar,4,43,18,3,68,0,2,27,9,38,4,45,45,12,106,20,16,36,142
04/12/2018,CRW,WV,AEA,CE,Combined TRACON& Tower with Radar,4,44,15,7,70,0,2,16,7,25,4,46,31,14,95,0,8,8,103
04/13/2018,CRW,WV,AEA,CE,Combined TRACON& Tower with Radar,4,45,13,3,65,0,1,21,0,22,4,46,34,3,87,12,0,12,99
04/14/2018,CRW,WV,AEA,CE,Combined TRACON& Tower with Radar,3,29,4,0,36,0,0,22,2,24,3,29,26,2,60,0,0,0,60
04/15/2018,CRW,WV,AEA,CE,Combined TRACON& Tower with Radar,7,38,1,0,46,0,0,5,0,5,7,38,6,0,51,0,0,0,51
04/16/2018,CRW,WV,AEA,CE,Combined TRACON& Tower with Radar,5,38,9,5,57,0,0,1,7,8,5,38,10,12,65,0,0,0,65
04/17/2018,CRW,WV,AEA,CE,Combined TRACON& Tower with Radar,4,41,13,12,70,0,2,2,7,11,4,43,15,19,81,0,8,8,89
04/18/2018,CRW,WV,AEA,CE,Combined TRACON& Tower with Radar,6,45,22,5,78,0,2,16,23,41,6,47,38,28,119,12,20,32,151
04/19/2018,CRW,WV,AEA,CE,Combined TRACON& Tower with Radar,4,44,11,8,67,0,0,3,4,7,4,44,14,12,74,0,0,0,74
04/20/2018,CRW,WV,AEA,CE,Combined TRACON& Tower with Radar,4,42,20,4,70,0,1,19,7,27,4,43,39,11,97,4,0,4,101
04/21/2018,CRW,WV,AEA,CE,Combined TRACON& Tower with Radar,4,31,8,0,43,0,2,23,0,25,4,33,31,0,68,0,0,0,68
04/22/2018,CRW,WV,AEA,CE,Combined TRACON& Tower with Radar,6,32,18,1,57,0,2,19,6,27,6,34,37,7,84,3,0,3,87
04/23/2018,CRW,WV,AEA,CE,Combined TRACON& Tower with Radar,4,40,15,0,59,0,0,4,2,6,4,40,19,2,65,0,0,0,65
04/24/2018,CRW,WV,AEA,CE,Combined TRACON& Tower with Radar,4,46,10,14,74,0,0,3,1,4,4,46,13,15,78,0,0,0,78
04/25/2018,CRW,WV,AEA,CE,Combined TRACON& Tower with Radar,6,41,12,13,72,0,0,8,0,8,6,41,20,13,80,30,0,30,110
04/26/2018,CRW,WV,AEA,CE,Combined TRACON& Tower with Radar,4,42,22,5,73,0,0,26,0,26,4,42,48,5,99,5,0,5,104
04/27/2018,CRW,WV,AEA,CE,Combined TRACON& Tower with Radar,4,42,21,10,77,0,2,11,9,22,4,44,32,19,99,42,0,42,141
04/28/2018,CRW,WV,AEA,CE,Combined TRACON& Tower with Radar,4,34,10,5,53,0,1,4,3,8,4,35,14,8,61,0,0,0,61
04/29/2018,CRW,WV,AEA,CE,Combined TRACON& Tower with Radar,6,35,10,0,51,0,1,18,0,19,6,36,28,0,70,4,0,4,74
04/30/2018,CRW,WV,AEA,CE,Combined TRACON& Tower with Radar,4,42,10,0,56,0,0,24,0,24,4,42,34,0,80,50,0,50,130
05/01/2018,CRW,WV,AEA,CE,Combined TRACON& Tower with Radar,7,38,12,8,65,0,14,16,8,38,7,52,28,16,103,8,20,28,131
05/02/2018,CRW,WV,AEA,CE,Combined TRACON& Tower with Radar,8,39,20,7,74,0,3,19,25,47,8,42,39,32,121,0,46,46,167
05/03/2018,CRW,WV,AEA,CE,Combined TRACON& Tower with Radar,6,42,19,9,76,0,1,14,4,19,6,43,33,13,95,0,0,0,95
05/04/2018,CRW,WV,AEA,CE,Combined TRACON& Tower with Radar,4,38,5,10,57,0,4,5,2,11,4,42,10,12,68,0,0,0,68
05/05/2018,CRW,WV,AEA,CE,Combined TRACON& Tower with Radar,7,30,14,17,68,0,0,1,1,2,7,30,15,18,70,0,0,0,70
05/06/2018,CRW,WV,AEA,CE,Combined TRACON& Tower with Radar,4,37,10,6,57,0,0,4,0,4,4,37,14,6,61,0,0,0,61
05/07/2018,CRW,WV,AEA,CE,Combined TRACON& Tower with Radar,2,38,13,1,54,0,1,13,0,14,2,39,26,1,68,0,22,22,90
05/08/2018,CRW,WV,AEA,CE,Combined TRACON& Tower with Radar,2,40,13,9,64,0,1,16,11,28,2,41,29,20,92,22,14,36,128
05/09/2018,CRW,WV,AEA,CE,Combined TRACON& Tower with Radar,4,40,24,5,73,0,3,44,4,51,4,43,68,9,124,24,4,28,152
05/10/2018,CRW,WV,AEA,CE,Combined TRACON& Tower with Radar,2,43,22,6,73,0,2,14,7,23,2,45,36,13,96,8,16,24,120
05/11/2018,CRW,WV,AEA,CE,Combined TRACON& Tower with Radar,2,50,19,2,73,0,4,27,0,31,2,54,46,2,104,5,0,5,109
05/12/2018,CRW,WV,AEA,CE,Combined TRACON& Tower with Radar,4,25,18,0,47,0,2,16,0,18,4,27,34,0,65,12,0,12,77
05/13/2018,CRW,WV,AEA,CE,Combined TRACON& Tower with Radar,4,33,19,0,56,0,1,19,0,20,4,34,38,0,76,0,0,0,76
05/14/2018,CRW,WV,AEA,CE,Combined TRACON& Tower with Radar,2,38,21,20,81,0,2,23,3,28,2,40,44,23,109,8,0,8,117
05/15/2018,CRW,WV,AEA,CE,Combined TRACON& Tower with Radar,4,43,14,4,65,0,0,31,2,33,4,43,45,6,98,44,8,52,150
05/16/2018,CRW,WV,AEA,CE,Combined TRACON& Tower with Radar,5,42,18,20,85,0,0,24,51,75,5,42,42,71,160,18,26,44,204
05/17/2018,CRW,WV,AEA,CE,Combined TRACON& Tower with Radar,5,40,15,7,67,0,7,14,5,26,5,47,29,12,93,8,4,12,105
05/18/2018,CRW,WV,AEA,CE,Combined TRACON& Tower with Radar,4,40,12,0,56,0,1,3,4,8,4,41,15,4,64,0,0,0,64
05/19/2018,CRW,WV,AEA,CE,Combined TRACON& Tower with Radar,4,28,9,0,41,0,4,3,0,7,4,32,12,0,48,0,0,0,48
05/20/2018,CRW,WV,AEA,CE,Combined TRACON& Tower with Radar,4,34,14,1,53,0,3,12,0,15,4,37,26,1,68,26,0,26,94
05/21/2018,CRW,WV,AEA,CE,Combined TRACON& Tower with Radar,2,39,13,8,62,0,0,6,4,10,2,39,19,12,72,8,0,8,80
05/22/2018,CRW,WV,AEA,CE,Combined TRACON& Tower with Radar,2,45,18,2,67,0,0,6,0,6,2,45,24,2,73,0,4,4,77
05/23/2018,CRW,WV,AEA,CE,Combined TRACON& Tower with Radar,4,48,16,15,83,0,4,19,10,33,4,52,35,25,116,24,0,24,140
05/24/2018,CRW,WV,AEA,CE,Combined TRACON& Tower with Radar,2,41,30,5,78,0,1,40,4,45,2,42,70,9,123,2,10,12,135
05/25/2018,CRW,WV,AEA,CE,Combined TRACON& Tower with Radar,2,52,29,1,84,0,0,20,0,20,2,52,49,1,104,22,0,22,126
05/26/2018,CRW,WV,AEA,CE,Combined TRACON& Tower with Radar,7,27,7,0,41,0,0,7,0,7,7,27,14,0,48,0,0,0,48
05/27/2018,CRW,WV,AEA,CE,Combined TRACON& Tower with Radar,5,28,8,0,41,0,0,7,1,8,5,28,15,1,49,0,0,0,49
05/28/2018,CRW,WV,AEA,CE,Combined TRACON& Tower with Radar,2,31,11,2,46,0,0,17,3,20,2,31,28,5,66,0,0,0,66
05/29/2018,CRW,WV,AEA,CE,Combined TRACON& Tower with Radar,2,39,11,18,70,0,2,6,1,9,2,41,17,19,79,0,20,20,99
05/30/2018,CRW,WV,AEA,CE,Combined TRACON& Tower with Radar,4,48,17,7,76,0,0,14,4,18,4,48,31,11,94,0,6,6,100
05/31/2018,CRW,WV,AEA,CE,Combined TRACON& Tower with Radar,2,42,12,14,70,0,0,9,49,58,2,42,21,63,128,20,0,20,148
06/01/2018,CRW,WV,AEA,CE,Combined TRACON& Tower with Radar,1,38,8,5,52,0,1,5,2,8,1,39,13,7,60,0,6,6,66
06/02/2018,CRW,WV,AEA,CE,Combined TRACON& Tower with Radar,10,28,12,1,51,0,1,7,6,14,10,29,19,7,65,0,0,0,65
06/03/2018,CRW,WV,AEA,CE,Combined TRACON& Tower with Radar,5,41,9,11,66,0,2,8,3,13,5,43,17,14,79,6,4,10,89
06/04/2018,CRW,WV,AEA,CE,Combined TRACON& Tower with Radar,4,44,5,0,53,0,0,18,0,18,4,44,23,0,71,0,0,0,71
06/05/2018,CRW,WV,AEA,CE,Combined TRACON& Tower with Radar,2,47,21,3,73,0,2,12,9,23,2,49,33,12,96,6,10,16,112
06/06/2018,CRW,WV,AEA,CE,Combined TRACON& Tower with Radar,5,47,22,10,84,0,3,18,5,26,5,50,40,15,110,4,10,14,124
06/07/2018,CRW,WV,AEA,CE,Combined TRACON& Tower with Radar,2,39,18,16,75,0,3,17,6,26,2,42,35,22,101,1,0,1,102
06/08/2018,CRW,WV,AEA,CE,Combined TRACON& Tower with Radar,3,39,31,9,82,0,0,20,2,22,3,39,51,11,104,0,0,0,104
06/09/2018,CRW,WV,AEA,CE,Combined TRACON& Tower with Radar,4,32,4,4,44,0,2,17,0,19,4,34,21,4,63,18,0,18,81
06/10/2018,CRW,WV,AEA,CE,Combined TRACON& Tower with Radar,8,30,6,12,56,0,0,4,0,4,8,30,10,12,60,0,0,0,60
06/11/2018,CRW,WV,AEA,CE,Combined TRACON& Tower with Radar,2,45,13,7,67,0,1,7,1,9,2,46,20,8,76,0,0,0,76
06/12/2018,CRW,WV,AEA,CE,Combined TRACON& Tower with Radar,2,43,16,14,75,0,0,6,9,15,2,43,22,23,90,0,2,2,92
06/13/2018,CRW,WV,AEA,CE,Combined TRACON& Tower with Radar,4,45,9,23,81,0,0,5,6,11,4,45,14,29,92,6,0,6,98
06/14/2018,CRW,WV,AEA,CE,Combined TRACON& Tower with Radar,1,37,27,12,77,0,1,28,4,33,1,38,55,16,110,0,2,2,112
06/15/2018,CRW,WV,AEA,CE,Combined TRACON& Tower with Radar,5,34,17,2,58,0,0,24,7,31,5,34,41,9,89,0,0,0,89
06/16/2018,CRW,WV,AEA,CE,Combined TRACON& Tower with Radar,6,26,8,0,40,0,0,17,0,17,6,26,25,0,57,0,0,0,57
06/17/2018,CRW,WV,AEA,CE,Combined TRACON& Tower with Radar,4,31,4,0,39,0,1,9,1,11,4,32,13,1,50,0,0,0,50
06/18/2018,CRW,WV,AEA,CE,Combined TRACON& Tower with Radar,2,31,13,5,51,0,0,16,0,16,2,31,29,5,67,0,0,0,67
06/19/2018,CRW,WV,AEA,CE,Combined TRACON& Tower with Radar,2,32,13,8,55,0,1,22,9,32,2,33,35,17,87,18,8,26,113
06/20/2018,CRW,WV,AEA,CE,Combined TRACON& Tower with Radar,4,29,17,1,51,0,1,37,3,41,4,30,54,4,92,10,0,10,102
06/21/2018,CRW,WV,AEA,CE,Combined TRACON& Tower with Radar,2,48,14,4,68,0,9,9,1,19,2,57,23,5,87,0,0,0,87
06/22/2018,CRW,WV,AEA,CE,Combined TRACON& Tower with Radar,2,50,9,5,66,0,0,11,4,15,2,50,20,9,81,0,0,0,81
06/23/2018,CRW,WV,AEA,CE,Combined TRACON& Tower with Radar,4,29,8,2,43,0,0,8,1,9,4,29,16,3,52,0,0,0,52
06/24/2018,CRW,WV,AEA,CE,Combined TRACON& Tower with Radar,4,34,6,2,46,0,0,9,2,11,4,34,15,4,57,0,0,0,57
06/25/2018,CRW,WV,AEA,CE,Combined TRACON& Tower with Radar,3,41,20,1,65,0,0,15,2,17,3,41,35,3,82,34,0,34,116
06/26/2018,CRW,WV,AEA,CE,Combined TRACON& Tower with Radar,3,40,23,7,73,0,2,18,1,21,3,42,41,8,94,0,0,0,94
06/27/2018,CRW,WV,AEA,CE,Combined TRACON& Tower with Radar,4,41,17,5,67,0,0,22,16,38,4,41,39,21,105,15,16,31,136
06/28/2018,CRW,WV,AEA,CE,Combined TRACON& Tower with Radar,1,41,21,11,74,0,0,16,5,21,1,41,37,16,95,0,0,0,95
06/29/2018,CRW,WV,AEA,CE,Combined TRACON& Tower with Radar,3,45,24,8,80,0,1,35,0,36,3,46,59,8,116,6,0,6,122
06/30/2018,CRW,WV,AEA,CE,Combined TRACON& Tower with Radar,4,32,13,1,50,0,5,14,0,19,4,37,27,1,69,0,0,0,69
07/01/2018,CRW,WV,AEA,CE,Combined TRACON& Tower with Radar,6,35,8,0,49,0,0,15,2,17,6,35,23,2,66,0,0,0,66
07/02/2018,CRW,WV,AEA,CE,Combined TRACON& Tower with Radar,2,33,20,2,57,0,0,15,4,19,2,33,35,6,76,0,8,8,84
07/03/2018,CRW,WV,AEA,CE,Combined TRACON& Tower with Radar,5,32,17,0,54,0,7,25,0,32,5,39,42,0,86,0,0,0,86
07/04/2018,CRW,WV,AEA,CE,Combined TRACON& Tower with Radar,5,20,3,0,28,0,0,16,4,20,5,20,19,4,48,8,0,8,56
07/05/2018,CRW,WV,AEA,CE,Combined TRACON& Tower with Radar,2,43,13,0,58,0,0,23,0,23,2,43,36,0,81,0,0,0,81
07/06/2018,CRW,WV,AEA,CE,Combined TRACON& Tower with Radar,2,36,16,0,54,0,0,5,0,5,2,36,21,0,59,0,0,0,59
07/07/2018,CRW,WV,AEA,CE,Combined TRACON& Tower with Radar,4,31,16,2,53,0,1,19,0,20,4,32,35,2,73,0,0,0,73
07/08/2018,CRW,WV,AEA,CE,Combined TRACON& Tower with Radar,4,32,4,0,40,0,3,11,2,16,4,35,15,2,56,4,0,4,60
07/09/2018,CRW,WV,AEA,CE,Combined TRACON& Tower with Radar,2,40,10,2,54,0,2,22,2,26,2,42,32,4,80,0,0,0,80
07/10/2018,CRW,WV,AEA,CE,Combined TRACON& Tower with Radar,2,42,14,4,62,0,2,11,5,18,2,44,25,9,80,0,0,0,80
07/11/2018,CRW,WV,AEA,CE,Combined TRACON& Tower with Radar,4,48,25,7,84,0,1,37,5,43,4,49,62,12,127,0,0,0,127
07/12/2018,CRW,WV,AEA,CE,Combined TRACON& Tower with Radar,2,46,20,9,77,0,2,26,3,31,2,48,46,12,108,0,0,0,108
07/13/2018,CRW,WV,AEA,CE,Combined TRACON& Tower with Radar,2,45,23,7,77,0,4,20,0,24,2,49,43,7,101,6,0,6,107
07/14/2018,CRW,WV,AEA,CE,Combined TRACON& Tower with Radar,4,29,13,2,48,0,0,24,0,24,4,29,37,2,72,0,0,0,72
07/15/2018,CRW,WV,AEA,CE,Combined TRACON& Tower with Radar,4,32,12,0,48,0,0,13,0,13,4,32,25,0,61,0,0,0,61
07/16/2018,CRW,WV,AEA,CE,Combined TRACON& Tower with Radar,2,41,4,4,51,0,0,16,0,16,2,41,20,4,67,0,0,0,67
07/17/2018,CRW,WV,AEA,CE,Combined TRACON& Tower with Radar,2,46,24,7,79,0,2,6,8,16,2,48,30,15,95,0,0,0,95
07/18/2018,CRW,WV,AEA,CE,Combined TRACON& Tower with Radar,4,44,30,7,85,0,6,31,1,38,4,50,61,8,123,0,0,0,123
07/19/2018,CRW,WV,AEA,CE,Combined TRACON& Tower with Radar,2,42,31,3,78,0,2,35,5,42,2,44,66,8,120,0,0,0,120
07/20/2018,CRW,WV,AEA,CE,Combined TRACON& Tower with Radar,2,39,13,0,54,0,1,12,0,13,2,40,25,0,67,0,0,0,67
07/21/2018,CRW,WV,AEA,CE,Combined TRACON& Tower with Radar,4,29,8,1,42,0,0,7,0,7,4,29,15,1,49,0,0,0,49
07/22/2018,CRW,WV,AEA,CE,Combined TRACON& Tower with Radar,4,35,11,3,53,0,0,2,0,2,4,35,13,3,55,0,0,0,55
07/23/2018,CRW,WV,AEA,CE,Combined TRACON& Tower with Radar,2,43,20,7,72,0,4,13,3,20,2,47,33,10,92,0,0,0,92
07/24/2018,CRW,WV,AEA,CE,Combined TRACON& Tower with Radar,2,43,9,3,57,0,0,22,13,35,2,43,31,16,92,18,0,18,110
07/25/2018,CRW,WV,AEA,CE,Combined TRACON& Tower with Radar,4,42,14,20,80,0,1,23,5,29,4,43,37,25,109,13,20,33,142
07/26/2018,CRW,WV,AEA,CE,Combined TRACON& Tower with Radar,2,48,21,9,80,0,3,22,5,30,2,51,43,14,110,0,0,0,110
07/27/2018,CRW,WV,AEA,CE,Combined TRACON& Tower with Radar,2,40,13,14,69,0,0,21,7,28,2,40,34,21,97,0,0,0,97
07/28/2018,CRW,WV,AEA,CE,Combined TRACON& Tower with Radar,4,32,10,7,53,0,1,20,5,26,4,33,30,12,79,0,0,0,79
07/29/2018,CRW,WV,AEA,CE,Combined TRACON& Tower with Radar,4,34,14,4,56,0,3,23,7,33,4,37,37,11,89,0,0,0,89
07/30/2018,CRW,WV,AEA,CE,Combined TRACON& Tower with Radar,2,44,9,2,57,0,0,8,0,8,2,44,17,2,65,0,0,0,65
07/31/2018,CRW,WV,AEA,CE,Combined TRACON& Tower with Radar,1,38,13,1,53,0,0,19,6,25,1,38,32,7,78,0,0,0,78
08/01/2018,CRW,WV,AEA,CE,Combined TRACON& Tower with Radar,3,50,9,21,83,0,0,14,2,16,3,50,23,23,99,4,4,8,107
08/02/2018,CRW,WV,AEA,CE,Combined TRACON& Tower with Radar,2,42,13,16,73,0,1,15,2,18,2,43,28,18,91,0,0,0,91
08/03/2018,CRW,WV,AEA,CE,Combined TRACON& Tower with Radar,2,45,13,4,64,0,2,11,0,13,2,47,24,4,77,2,0,2,79
08/04/2018,CRW,WV,AEA,CE,Combined TRACON& Tower with Radar,8,25,13,5,51,0,4,18,4,26,8,29,31,9,77,0,0,0,77
08/05/2018,CRW,WV,AEA,CE,Combined TRACON& Tower with Radar,4,35,19,7,65,0,1,19,2,22,4,36,38,9,87,0,0,0,87
08/06/2018,CRW,WV,AEA,CE,Combined TRACON& Tower with Radar,3,32,13,10,58,0,1,13,5,19,3,33,26,15,77,0,0,0,77
08/07/2018,CRW,WV,AEA,CE,Combined TRACON& Tower with Radar,5,47,7,4,63,0,2,15,5,22,5,49,22,9,85,0,0,0,85
08/08/2018,CRW,WV,AEA,CE,Combined TRACON& Tower with Radar,11,50,32,11,104,0,2,12,17,31,11,52,44,28,135,0,0,0,135
08/09/2018,CRW,WV,AEA,CE,Combined TRACON& Tower with Radar,2,41,21,17,81,0,2,34,6,42,2,43,55,23,123,24,0,24,147
08/10/2018,CRW,WV,AEA,CE,Combined TRACON& Tower with Radar,3,43,13,13,72,0,1,19,3,23,3,44,32,16,95,20,0,20,115
08/11/2018,CRW,WV,AEA,CE,Combined TRACON& Tower with Radar,4,43,8,6,61,0,0,6,0,6,4,43,14,6,67,0,0,0,67
08/12/2018,CRW,WV,AEA,CE,Combined TRACON& Tower with Radar,4,38,13,11,66,0,1,13,4,18,4,39,26,15,84,6,0,6,90
08/13/2018,CRW,WV,AEA,CE,Combined TRACON& Tower with Radar,1,35,15,8,59,0,4,20,0,24,1,39,35,8,83,0,0,0,83
08/14/2018,CRW,WV,AEA,CE,Combined TRACON& Tower with Radar,3,42,26,12,83,0,2,18,15,35,3,44,44,27,118,0,28,28,146
08/15/2018,CRW,WV,AEA,CE,Combined TRACON& Tower with Radar,4,40,11,9,64,0,0,18,4,22,4,40,29,13,86,0,4,4,90
08/16/2018,CRW,WV,AEA,CE,Combined TRACON& Tower with Radar,2,44,12,5,63,0,5,23,4,32,2,49,35,9,95,2,0,2,97
08/17/2018,CRW,WV,AEA,CE,Combined TRACON& Tower with Radar,2,47,14,8,71,0,2,6,4,12,2,49,20,12,83,0,0,0,83
08/18/2018,CRW,WV,AEA,CE,Combined TRACON& Tower with Radar,5,31,7,5,48,0,1,0,1,2,5,32,7,6,50,0,0,0,50
08/19/2018,CRW,WV,AEA,CE,Combined TRACON& Tower with Radar,4,36,19,0,59,0,1,20,0,21,4,37,39,0,80,18,0,18,98
08/20/2018,CRW,WV,AEA,CE,Combined TRACON& Tower with Radar,1,43,23,21,88,0,0,15,0,15,1,43,38,21,103,0,0,0,103
08/21/2018,CRW,WV,AEA,CE,Combined TRACON& Tower with Radar,3,41,23,15,82,0,0,16,14,30,3,41,39,29,112,0,0,0,112
08/22/2018,CRW,WV,AEA,CE,Combined TRACON& Tower with Radar,4,46,16,21,87,0,0,8,3,11,4,46,24,24,98,0,10,10,108
08/23/2018,CRW,WV,AEA,CE,Combined TRACON& Tower with Radar,2,40,17,3,62,0,3,28,8,39,2,43,45,11,101,0,12,12,113
08/24/2018,CRW,WV,AEA,CE,Combined TRACON& Tower with Radar,2,42,15,22,81,0,1,29,2,32,2,43,44,24,113,26,0,26,139
08/25/2018,CRW,WV,AEA,CE,Combined TRACON& Tower with Radar,4,28,11,0,43,0,2,9,3,14,4,30,20,3,57,0,0,0,57
08/26/2018,CRW,WV,AEA,CE,Combined TRACON& Tower with Radar,5,29,12,0,46,0,0,12,0,12,5,29,24,0,58,33,0,33,91
08/27/2018,CRW,WV,AEA,CE,Combined TRACON& Tower with Radar,3,39,13,2,57,0,0,20,6,26,3,39,33,8,83,21,0,21,104
08/28/2018,CRW,WV,AEA,CE,Combined TRACON& Tower with Radar,10,40,10,19,79,0,1,19,9,29,10,41,29,28,108,0,26,26,134
08/29/2018,CRW,WV,AEA,CE,Combined TRACON& Tower with Radar,4,40,23,10,77,0,0,32,2,34,4,40,55,12,111,14,30,44,155
08/30/2018,CRW,WV,AEA,CE,Combined TRACON& Tower with Radar,2,38,26,1,67,0,0,7,3,10,2,38,33,4,77,0,0,0,77
08/31/2018,CRW,WV,AEA,CE,Combined TRACON& Tower with Radar,2,55,27,3,87,0,3,16,0,19,2,58,43,3,106,0,0,0,106
09/01/2018,CRW,WV,AEA,CE,Combined TRACON& Tower with Radar,4,28,9,0,41,0,0,13,0,13,4,28,22,0,54,16,0,16,70
09/02/2018,CRW,WV,AEA,CE,Combined TRACON& Tower with Radar,4,22,3,0,29,0,8,3,0,11,4,30,6,0,40,25,0,25,65
09/03/2018,CRW,WV,AEA,CE,Combined TRACON& Tower with Radar,2,30,17,0,49,0,0,21,0,21,2,30,38,0,70,10,0,10,80
09/04/2018,CRW,WV,AEA,CE,Combined TRACON& Tower with Radar,2,39,19,5,65,0,0,23,0,23,2,39,42,5,88,26,6,32,120
09/05/2018,CRW,WV,AEA,CE,Combined TRACON& Tower with Radar,3,44,22,20,89,0,0,29,31,60,3,44,51,51,149,8,8,16,165
09/06/2018,CRW,WV,AEA,CE,Combined TRACON& Tower with Radar,3,39,26,6,74,0,1,39,7,47,3,40,65,13,121,8,4,12,133
09/07/2018,CRW,WV,AEA,CE,Combined TRACON& Tower with Radar,2,43,31,21,97,0,0,28,16,44,2,43,59,37,141,42,14,56,197
09/08/2018,CRW,WV,AEA,CE,Combined TRACON& Tower with Radar,2,32,11,0,45,0,0,5,0,5,2,32,16,0,50,8,0,8,58
09/09/2018,CRW,WV,AEA,CE,Combined TRACON& Tower with Radar,7,36,11,4,58,0,0,1,0,1,7,36,12,4,59,0,0,0,59
09/10/2018,CRW,WV,AEA,CE,Combined TRACON& Tower with Radar,2,39,22,0,63,0,0,0,1,1,2,39,22,1,64,0,0,0,64
09/11/2018,CRW,WV,AEA,CE,Combined TRACON& Tower with Radar,2,41,27,21,91,0,1,27,13,41,2,42,54,34,132,14,28,42,174
09/12/2018,CRW,WV,AEA,CE,Combined TRACON& Tower with Radar,6,44,33,11,94,0,9,40,4,53,6,53,73,15,147,0,8,8,155
09/13/2018,CRW,WV,AEA,CE,Combined TRACON& Tower with Radar,2,46,24,16,88,0,0,45,10,55,2,46,69,26,143,8,0,8,151
09/14/2018,CRW,WV,AEA,CE,Combined TRACON& Tower with Radar,2,45,19,0,66,0,2,20,5,27,2,47,39,5,93,0,0,0,93
09/15/2018,CRW,WV,AEA,CE,Combined TRACON& Tower with Radar,2,25,11,0,38,0,1,30,4,35,2,26,41,4,73,10,0,10,83
09/16/2018,CRW,WV,AEA,CE,Combined TRACON& Tower with Radar,4,28,8,15,55,0,3,15,3,21,4,31,23,18,76,0,0,0,76
09/17/2018,CRW,WV,AEA,CE,Combined TRACON& Tower with Radar,7,40,5,3,55,0,0,2,0,2,7,40,7,3,57,0,0,0,57
09/18/2018,CRW,WV,AEA,CE,Combined TRACON& Tower with Radar,3,40,15,7,65,0,2,16,8,26,3,42,31,15,91,6,4,10,101
09/19/2018,CRW,WV,AEA,CE,Combined TRACON& Tower with Radar,4,42,21,15,82,0,3,35,11,49,4,45,56,26,131,0,6,6,137
09/20/2018,CRW,WV,AEA,CE,Combined TRACON& Tower with Radar,2,42,17,3,64,0,0,33,3,36,2,42,50,6,100,0,0,0,100
09/21/2018,CRW,WV,AEA,CE,Combined TRACON& Tower with Radar,4,47,26,18,95,0,2,17,7,26,4,49,43,25,121,4,8,12,133
09/22/2018,CRW,WV,AEA,CE,Combined TRACON& Tower with Radar,2,33,17,9,61,0,0,10,2,12,2,33,27,11,73,2,0,2,75
09/23/2018,CRW,WV,AEA,CE,Combined TRACON& Tower with Radar,4,35,8,1,48,0,0,0,0,0,4,35,8,1,48,0,0,0,48
09/24/2018,CRW,WV,AEA,CE,Combined TRACON& Tower with Radar,2,37,9,2,50,0,1,3,0,4,2,38,12,2,54,0,0,0,54
09/25/2018,CRW,WV,AEA,CE,Combined TRACON& Tower with Radar,2,45,7,1,55,0,0,13,0,13,2,45,20,1,68,10,0,10,78
09/26/2018,CRW,WV,AEA,CE,Combined TRACON& Tower with Radar,2,39,11,0,52,0,0,5,0,5,2,39,16,0,57,0,0,0,57
09/27/2018,CRW,WV,AEA,CE,Combined TRACON& Tower with Radar,3,42,16,4,65,0,0,0,0,0,3,42,16,4,65,0,0,0,65
09/28/2018,CRW,WV,AEA,CE,Combined TRACON& Tower with Radar,3,46,24,13,86,0,1,19,3,23,3,47,43,16,109,5,2,7,116
09/29/2018,CRW,WV,AEA,CE,Combined TRACON& Tower with Radar,6,23,9,0,38,0,1,19,0,20,6,24,28,0,58,0,0,0,58
09/30/2018,CRW,WV,AEA,CE,Combined TRACON& Tower with Radar,4,37,12,0,53,0,1,11,0,12,4,38,23,0,65,0,0,0,65
10/01/2018,CRW,WV,AEA,CE,Combined TRACON& Tower with Radar,2,40,34,0,76,0,0,38,2,40,2,40,72,2,116,12,0,12,128
10/02/2018,CRW,WV,AEA,CE,Combined TRACON& Tower with Radar,2,41,9,6,58,0,0,5,5,10,2,41,14,11,68,0,0,0,68
10/03/2018,CRW,WV,AEA,CE,Combined TRACON& Tower with Radar,2,45,16,3,66,0,0,25,0,25,2,45,41,3,91,0,0,0,91
10/04/2018,CRW,WV,AEA,CE,Combined TRACON& Tower with Radar,7,40,24,0,71,0,0,25,0,25,7,40,49,0,96,0,0,0,96
10/05/2018,CRW,WV,AEA,CE,Combined TRACON& Tower with Radar,6,45,23,8,82,0,0,10,6,16,6,45,33,14,98,0,0,0,98
10/06/2018,CRW,WV,AEA,CE,Combined TRACON& Tower with Radar,4,29,20,3,56,0,1,27,0,28,4,30,47,3,84,0,0,0,84
10/07/2018,CRW,WV,AEA,CE,Combined TRACON& Tower with Radar,6,23,12,4,45,0,1,28,3,32,6,24,40,7,77,0,0,0,77
10/08/2018,CRW,WV,AEA,CE,Combined TRACON& Tower with Radar,10,30,11,0,51,0,0,28,0,28,10,30,39,0,79,7,0,7,86
10/09/2018,CRW,WV,AEA,CE,Combined TRACON& Tower with Radar,8,38,20,16,82,0,0,15,8,23,8,38,35,24,105,30,6,36,141
10/10/2018,CRW,WV,AEA,CE,Combined TRACON& Tower with Radar,6,46,21,1,74,0,0,7,0,7,6,46,28,1,81,0,0,0,81
10/11/2018,CRW,WV,AEA,CE,Combined TRACON& Tower with Radar,4,43,13,0,60,0,0,5,1,6,4,43,18,1,66,0,0,0,66
10/12/2018,CRW,WV,AEA,CE,Combined TRACON& Tower with Radar,8,48,28,15,99,0,4,29,6,39,8,52,57,21,138,0,2,2,140
10/13/2018,CRW,WV,AEA,CE,Combined TRACON& Tower with Radar,6,24,8,2,40,0,1,13,1,15,6,25,21,3,55,0,0,0,55
10/14/2018,CRW,WV,AEA,CE,Combined TRACON& Tower with Radar,8,30,11,5,54,0,0,22,3,25,8,30,33,8,79,8,0,8,87
10/15/2018,CRW,WV,AEA,CE,Combined TRACON& Tower with Radar,8,34,3,6,51,0,2,4,0,6,8,36,7,6,57,0,0,0,57
10/16/2018,CRW,WV,AEA,CE,Combined TRACON& Tower with Radar,10,36,28,13,87,0,0,15,17,32,10,36,43,30,119,0,0,0,119
10/17/2018,CRW,WV,AEA,CE,Combined TRACON& Tower with Radar,8,43,13,12,76,0,1,29,11,41,8,44,42,23,117,0,8,8,125
10/18/2018,CRW,WV,AEA,CE,Combined TRACON& Tower with Radar,6,45,13,10,74,0,3,38,18,59,6,48,51,28,133,0,0,0,133
10/19/2018,CRW,WV,AEA,CE,Combined TRACON& Tower with Radar,7,42,17,1,67,0,0,41,2,43,7,42,58,3,110,0,0,0,110
10/20/2018,CRW,WV,AEA,CE,Combined TRACON& Tower with Radar,5,29,8,1,43,0,3,1,0,4,5,32,9,1,47,0,0,0,47
10/21/2018,CRW,WV,AEA,CE,Combined TRACON& Tower with Radar,8,35,20,2,65,0,0,31,2,33,8,35,51,4,98,14,0,14,112
10/22/2018,CRW,WV,AEA,CE,Combined TRACON& Tower with Radar,6,35,9,5,55,0,1,38,6,45,6,36,47,11,100,6,0,6,106
10/23/2018,CRW,WV,AEA,CE,Combined TRACON& Tower with Radar,6,39,18,5,68,0,5,23,25,53,6,44,41,30,121,0,16,16,137
10/24/2018,CRW,WV,AEA,CE,Combined TRACON& Tower with Radar,5,42,27,5,79,0,0,27,5,32,5,42,54,10,111,0,0,0,111
10/25/2018,CRW,WV,AEA,CE,Combined TRACON& Tower with Radar,8,35,21,2,66,0,3,28,3,34,8,38,49,5,100,24,0,24,124
10/26/2018,CRW,WV,AEA,CE,Combined TRACON& Tower with Radar,6,36,18,1,61,0,0,0,7,7,6,36,18,8,68,0,0,0,68
10/27/2018,CRW,WV,AEA,CE,Combined TRACON& Tower with Radar,4,26,7,0,37,0,0,0,0,0,4,26,7,0,37,0,0,0,37
10/28/2018,CRW,WV,AEA,CE,Combined TRACON& Tower with Radar,6,27,1,0,34,0,2,6,0,8,6,29,7,0,42,0,0,0,42
10/29/2018,CRW,WV,AEA,CE,Combined TRACON& Tower with Radar,6,32,13,0,51,0,1,7,0,8,6,33,20,0,59,0,0,0,59
10/30/2018,CRW,WV,AEA,CE,Combined TRACON& Tower with Radar,6,35,21,12,74,0,5,41,12,58,6,40,62,24,132,56,26,82,214
10/31/2018,CRW,WV,AEA,CE,Combined TRACON& Tower with Radar,12,29,11,11,63,0,7,17,0,24,12,36,28,11,87,2,6,8,95
11/01/2018,CRW,WV,AEA,CE,Combined TRACON& Tower with Radar,4,39,17,16,76,0,0,6,3,9,4,39,23,19,85,0,0,0,85
11/02/2018,CRW,WV,AEA,CE,Combined TRACON& Tower with Radar,9,37,28,20,94,0,0,6,4,10,9,37,34,24,104,0,8,8,112
11/03/2018,CRW,WV,AEA,CE,Combined TRACON& Tower with Radar,4,26,14,0,44,0,0,15,2,17,4,26,29,2,61,0,0,0,61
11/04/2018,CRW,WV,AEA,CE,Combined TRACON& Tower with Radar,6,32,11,9,58,0,0,23,0,23,6,32,34,9,81,10,0,10,91
11/05/2018,CRW,WV,AEA,CE,Combined TRACON& Tower with Radar,4,33,18,4,59,0,3,14,0,17,4,36,32,4,76,14,0,14,90
11/06/2018,CRW,WV,AEA,CE,Combined TRACON& Tower with Radar,5,36,18,13,72,0,2,7,19,28,5,38,25,32,100,0,15,15,115
11/07/2018,CRW,WV,AEA,CE,Combined TRACON& Tower with Radar,4,40,18,12,74,0,2,26,6,34,4,42,44,18,108,13,34,47,155
11/08/2018,CRW,WV,AEA,CE,Combined TRACON& Tower with Radar,3,36,36,8,83,0,0,14,0,14,3,36,50,8,97,0,0,0,97
11/09/2018,CRW,WV,AEA,CE,Combined TRACON& Tower with Radar,4,40,14,6,64,0,0,2,0,2,4,40,16,6,66,0,0,0,66
11/10/2018,CRW,WV,AEA,CE,Combined TRACON& Tower with Radar,2,29,13,0,44,0,5,11,0,16,2,34,24,0,60,0,0,0,60
11/11/2018,CRW,WV,AEA,CE,Combined TRACON& Tower with Radar,4,32,11,0,47,0,4,23,0,27,4,36,34,0,74,40,0,40,114
11/12/2018,CRW,WV,AEA,CE,Combined TRACON& Tower with Radar,4,35,15,0,54,0,0,18,0,18,4,35,33,0,72,8,0,8,80
11/13/2018,CRW,WV,AEA,CE,Combined TRACON& Tower with Radar,2,44,11,2,59,0,0,0,0,0,2,44,11,2,59,0,0,0,59
11/14/2018,CRW,WV,AEA,CE,Combined TRACON& Tower with Radar,6,40,40,7,93,0,0,24,4,28,6,40,64,11,121,16,18,34,155
11/15/2018,CRW,WV,AEA,CE,Combined TRACON& Tower with Radar,2,42,24,0,68,0,0,3,0,3,2,42,27,0,71,0,0,0,71
11/16/2018,CRW,WV,AEA,CE,Combined TRACON& Tower with Radar,2,47,37,10,96,0,0,22,0,22,2,47,59,10,118,0,0,0,118
11/17/2018,CRW,WV,AEA,CE,Combined TRACON& Tower with Radar,5,22,32,8,67,0,3,15,4,22,5,25,47,12,89,28,0,28,117
11/18/2018,CRW,WV,AEA,CE,Combined TRACON& Tower with Radar,5,27,20,0,52,0,0,19,0,19,5,27,39,0,71,10,0,10,81
11/19/2018,CRW,WV,AEA,CE,Combined TRACON& Tower with Radar,2,37,15,0,54,0,2,24,2,28,2,39,39,2,82,4,0,4,86
11/20/2018,CRW,WV,AEA,CE,Combined TRACON& Tower with Radar,2,41,20,2,65,0,1,2,0,3,2,42,22,2,68,0,0,0,68
11/21/2018,CRW,WV,AEA,CE,Combined TRACON& Tower with Radar,2,42,17,2,63,0,0,9,2,11,2,42,26,4,74,0,0,0,74
11/22/2018,CRW,WV,AEA,CE,Combined TRACON& Tower with Radar,2,17,10,0,29,0,1,10,0,11,2,18,20,0,40,0,0,0,40
11/23/2018,CRW,WV,AEA,CE,Combined TRACON& Tower with Radar,2,25,16,0,43,0,0,25,0,25,2,25,41,0,68,0,0,0,68
11/24/2018,CRW,WV,AEA,CE,Combined TRACON& Tower with Radar,3,35,16,0,54,0,0,5,0,5,3,35,21,0,59,0,0,0,59
11/25/2018,CRW,WV,AEA,CE,Combined TRACON& Tower with Radar,3,40,20,0,63,0,3,17,0,20,3,43,37,0,83,30,0,30,113
11/26/2018,CRW,WV,AEA,CE,Combined TRACON& Tower with Radar,3,36,11,3,53,0,0,1,3,4,3,36,12,6,57,0,0,0,57
11/27/2018,CRW,WV,AEA,CE,Combined TRACON& Tower with Radar,3,38,10,8,59,0,0,1,2,3,3,38,11,10,62,0,0,0,62
11/28/2018,CRW,WV,AEA,CE,Combined TRACON& Tower with Radar,3,38,12,13,66,0,2,15,4,21,3,40,27,17,87,6,24,30,117
11/29/2018,CRW,WV,AEA,CE,Combined TRACON& Tower with Radar,4,46,16,16,82,0,1,26,7,34,4,47,42,23,116,0,16,16,132
11/30/2018,CRW,WV,AEA,CE,Combined TRACON& Tower with Radar,3,35,20,5,63,0,0,0,0,0,3,35,20,5,63,0,0,0,63
12/01/2018,CRW,WV,AEA,CE,Combined TRACON& Tower with Radar,3,30,8,3,44,0,0,0,1,1,3,30,8,4,45,0,0,0,45
12/02/2018,CRW,WV,AEA,CE,Combined TRACON& Tower with Radar,4,32,7,5,48,0,2,35,3,40,4,34,42,8,88,0,0,0,88
12/03/2018,CRW,WV,AEA,CE,Combined TRACON& Tower with Radar,2,43,11,4,60,0,2,7,0,9,2,45,18,4,69,0,0,0,69
12/04/2018,CRW,WV,AEA,CE,Combined TRACON& Tower with Radar,2,43,9,21,75,0,0,4,2,6,2,43,13,23,81,0,0,0,81
12/05/2018,CRW,WV,AEA,CE,Combined TRACON& Tower with Radar,2,47,13,0,62,0,0,2,1,3,2,47,15,1,65,0,0,0,65
12/06/2018,CRW,WV,AEA,CE,Combined TRACON& Tower with Radar,4,42,16,8,70,0,4,34,10,48,4,46,50,18,118,0,0,0,118
12/07/2018,CRW,WV,AEA,CE,Combined TRACON& Tower with Radar,2,43,17,5,67,0,0,19,0,19,2,43,36,5,86,0,0,0,86
12/08/2018,CRW,WV,AEA,CE,Combined TRACON& Tower with Radar,4,31,9,4,48,0,1,16,0,17,4,32,25,4,65,0,0,0,65
12/09/2018,CRW,WV,AEA,CE,Combined TRACON& Tower with Radar,4,23,2,0,29,0,0,4,0,4,4,23,6,0,33,2,0,2,35
12/10/2018,CRW,WV,AEA,CE,Combined TRACON& Tower with Radar,4,36,8,3,51,0,4,15,2,21,4,40,23,5,72,0,0,0,72
12/11/2018,CRW,WV,AEA,CE,Combined TRACON& Tower with Radar,2,42,8,26,78,0,1,26,2,29,2,43,34,28,107,0,0,0,107
12/12/2018,CRW,WV,AEA,CE,Combined TRACON& Tower with Radar,2,44,21,7,74,0,2,24,8,34,2,46,45,15,108,0,20,20,128
12/13/2018,CRW,WV,AEA,CE,Combined TRACON& Tower with Radar,3,39,20,10,72,0,5,20,2,27,3,44,40,12,99,12,0,12,111
12/14/2018,CRW,WV,AEA,CE,Combined TRACON& Tower with Radar,3,41,15,3,62,0,2,4,3,9,3,43,19,6,71,0,0,0,71
12/15/2018,CRW,WV,AEA,CE,Combined TRACON& Tower with Radar,2,27,5,0,34,0,0,4,0,4,2,27,9,0,38,0,0,0,38
12/16/2018,CRW,WV,AEA,CE,Combined TRACON& Tower with Radar,4,27,7,0,38,0,0,0,0,0,4,27,7,0,38,0,0,0,38
12/17/2018,CRW,WV,AEA,CE,Combined TRACON& Tower with Radar,2,37,12,10,61,0,1,25,2,28,2,38,37,12,89,22,0,22,111
12/18/2018,CRW,WV,AEA,CE,Combined TRACON& Tower with Radar,4,35,29,14,82,0,3,21,11,35,4,38,50,25,117,6,0,6,123
12/19/2018,CRW,WV,AEA,CE,Combined TRACON& Tower with Radar,2,39,13,16,70,0,3,38,1,42,2,42,51,17,112,4,6,10,122
12/20/2018,CRW,WV,AEA,CE,Combined TRACON& Tower with Radar,3,32,17,25,77,0,0,15,0,15,3,32,32,25,92,2,0,2,94
12/21/2018,CRW,WV,AEA,CE,Combined TRACON& Tower with Radar,3,39,6,1,49,0,0,0,0,0,3,39,6,1,49,0,0,0,49
12/22/2018,CRW,WV,AEA,CE,Combined TRACON& Tower with Radar,2,26,7,2,37,0,0,1,0,1,2,26,8,2,38,0,0,0,38
12/23/2018,CRW,WV,AEA,CE,Combined TRACON& Tower with Radar,4,30,9,0,43,0,2,18,0,20,4,32,27,0,63,0,0,0,63
12/24/2018,CRW,WV,AEA,CE,Combined TRACON& Tower with Radar,4,21,8,0,33,0,1,19,0,20,4,22,27,0,53,0,0,0,53
12/25/2018,CRW,WV,AEA,CE,Combined TRACON& Tower with Radar,2,15,3,0,20,0,1,4,0,5,2,16,7,0,25,0,0,0,25
12/26/2018,CRW,WV,AEA,CE,Combined TRACON& Tower with Radar,4,30,9,0,43,0,1,17,0,18,4,31,26,0,61,0,0,0,61
12/27/2018,CRW,WV,AEA,CE,Combined TRACON& Tower with Radar,5,32,10,0,47,0,8,12,0,20,5,40,22,0,67,8,0,8,75
12/28/2018,CRW,WV,AEA,CE,Combined TRACON& Tower with Radar,2,36,11,0,49,0,0,3,0,3,2,36,14,0,52,0,0,0,52
12/29/2018,CRW,WV,AEA,CE,Combined TRACON& Tower with Radar,7,27,7,0,41,0,1,12,0,13,7,28,19,0,54,0,0,0,54
12/30/2018,CRW,WV,AEA,CE,Combined TRACON& Tower with Radar,4,27,7,0,38,0,1,18,0,19,4,28,25,0,57,8,0,8,65
12/31/2018,CRW,WV,AEA,CE,Combined TRACON& Tower with Radar,2,20,2,2,26,0,1,6,0,7,2,21,8,2,33,0,0,0,33
01/01/2019,CRW,WV,AEA,CE,Combined TRACON& Tower with Radar,2,23,1,0,26,0,0,0,1,1,2,23,1,1,27,22,0,22,49
01/02/2019,CRW,WV,AEA,CE,Combined TRACON& Tower with Radar,2,32,11,2,47,0,3,9,0,12,2,35,20,2,59,0,0,0,59
01/03/2019,CRW,WV,AEA,CE,Combined TRACON& Tower with Radar,2,38,12,6,58,0,0,6,6,12,2,38,18,12,70,4,0,4,74
01/04/2019,CRW,WV,AEA,CE,Combined TRACON& Tower with Radar,1,33,9,3,46,0,0,2,5,7,1,33,11,8,53,0,0,0,53
01/05/2019,CRW,WV,AEA,CE,Combined TRACON& Tower with Radar,5,23,15,0,43,0,1,16,0,17,5,24,31,0,60,5,0,5,65
01/06/2019,CRW,WV,AEA,CE,Combined TRACON& Tower with Radar,4,21,6,6,37,0,0,37,0,37,4,21,43,6,74,24,0,24,98
01/07/2019,CRW,WV,AEA,CE,Combined TRACON& Tower with Radar,2,35,14,7,58,0,0,15,0,15,2,35,29,7,73,0,0,0,73
01/08/2019,CRW,WV,AEA,CE,Combined TRACON& Tower with Radar,2,37,4,10,53,0,1,5,9,15,2,38,9,19,68,0,0,0,68
01/09/2019,CRW,WV,AEA,CE,Combined TRACON& Tower with Radar,2,37,7,2,48,0,1,6,5,12,2,38,13,7,60,0,0,0,60
01/10/2019,CRW,WV,AEA,CE,Combined TRACON& Tower with Radar,2,33,13,7,55,0,0,4,3,7,2,33,17,10,62,0,26,26,88
01/11/2019,CRW,WV,AEA,CE,Combined TRACON& Tower with Radar,2,43,10,4,59,0,4,32,2,38,2,47,42,6,97,0,0,0,97
01/12/2019,CRW,WV,AEA,CE,Combined TRACON& Tower with Radar,2,25,3,0,30,0,0,0,0,0,2,25,3,0,30,0,0,0,30
01/13/2019,CRW,WV,AEA,CE,Combined TRACON& Tower with Radar,1,17,5,0,23,0,0,0,0,0,1,17,5,0,23,0,0,0,23
01/14/2019,CRW,WV,AEA,CE,Combined TRACON& Tower with Radar,3,33,8,2,46,0,0,0,0,0,3,33,8,2,46,0,0,0,46
01/15/2019,CRW,WV,AEA,CE,Combined TRACON& Tower with Radar,2,37,19,5,63,0,1,10,19,30,2,38,29,24,93,0,52,52,145
01/16/2019,CRW,WV,AEA,CE,Combined TRACON& Tower with Radar,2,40,10,7,59,0,0,0,1,1,2,40,10,8,60,0,0,0,60
01/17/2019,CRW,WV,AEA,CE,Combined TRACON& Tower with Radar,2,38,5,8,53,0,0,2,0,2,2,38,7,8,55,0,10,10,65
01/18/2019,CRW,WV,AEA,CE,Combined TRACON& Tower with Radar,2,42,14,7,65,0,0,2,0,2,2,42,16,7,67,0,0,0,67
01/19/2019,CRW,WV,AEA,CE,Combined TRACON& Tower with Radar,2,25,4,0,31,0,0,0,0,0,2,25,4,0,31,8,0,8,39
01/20/2019,CRW,WV,AEA,CE,Combined TRACON& Tower with Radar,7,18,1,0,26,0,0,0,0,0,7,18,1,0,26,0,0,0,26
01/21/2019,CRW,WV,AEA,CE,Combined TRACON& Tower with Radar,3,29,9,0,41,0,0,8,0,8,3,29,17,0,49,7,0,7,56
01/22/2019,CRW,WV,AEA,CE,Combined TRACON& Tower with Radar,2,41,23,8,74,0,4,20,0,24,2,45,43,8,98,6,0,6,104
01/23/2019,CRW,WV,AEA,CE,Combined TRACON& Tower with Radar,1,27,10,8,46,0,1,1,0,2,1,28,11,8,48,0,4,4,52
01/24/2019,CRW,WV,AEA,CE,Combined TRACON& Tower with Radar,7,35,12,5,59,0,0,1,6,7,7,35,13,11,66,0,20,20,86
01/25/2019,CRW,WV,AEA,CE,Combined TRACON& Tower with Radar,2,32,12,6,52,0,2,10,0,12,2,34,22,6,64,0,0,0,64
01/26/2019,CRW,WV,AEA,CE,Combined TRACON& Tower with Radar,2,26,9,2,39,0,0,6,0,6,2,26,15,2,45,8,0,8,53
01/27/2019,CRW,WV,AEA,CE,Combined TRACON& Tower with Radar,4,24,9,1,38,0,2,8,0,10,4,26,17,1,48,0,0,0,48
01/28/2019,CRW,WV,AEA,CE,Combined TRACON& Tower with Radar,2,31,15,11,59,0,2,21,4,27,2,33,36,15,86,0,5,5,91
01/29/2019,CRW,WV,AEA,CE,Combined TRACON& Tower with Radar,2,40,12,3,57,0,0,0,3,3,2,40,12,6,60,0,0,0,60
01/30/2019,CRW,WV,AEA,CE,Combined TRACON& Tower with Radar,2,34,5,13,54,0,0,1,4,5,2,34,6,17,59,0,12,12,71
01/31/2019,CRW,WV,AEA,CE,Combined TRACON& Tower with Radar,2,32,12,10,56,0,0,15,7,22,2,32,27,17,78,12,4,16,94
02/01/2019,CRW,WV,AEA,CE,Combined TRACON& Tower with Radar,2,22,5,0,29,0,0,0,0,0,2,22,5,0,29,0,0,0,29
02/02/2019,CRW,WV,AEA,CE,Combined TRACON& Tower with Radar,2,23,7,6,38,0,2,9,0,11,2,25,16,6,49,0,0,0,49
02/03/2019,CRW,WV,AEA,CE,Combined TRACON& Tower with Radar,6,21,8,3,38,0,2,25,1,28,6,23,33,4,66,12,0,12,78
02/04/2019,CRW,WV,AEA,CE,Combined TRACON& Tower with Radar,2,31,7,5,45,0,1,15,1,17,2,32,22,6,62,15,0,15,77
02/05/2019,CRW,WV,AEA,CE,Combined TRACON& Tower with Radar,2,40,10,6,58,0,0,4,0,4,2,40,14,6,62,6,0,6,68
02/06/2019,CRW,WV,AEA,CE,Combined TRACON& Tower with Radar,2,37,7,6,52,0,0,3,0,3,2,37,10,6,55,24,0,24,79
02/07/2019,CRW,WV,AEA,CE,Combined TRACON& Tower with Radar,8,28,6,12,54,0,1,11,2,14,8,29,17,14,68,0,6,6,74
02/08/2019,CRW,WV,AEA,CE,Combined TRACON& Tower with Radar,2,35,8,3,48,0,1,5,3,9,2,36,13,6,57,0,0,0,57
02/09/2019,CRW,WV,AEA,CE,Combined TRACON& Tower with Radar,4,24,13,0,41,0,5,19,0,24,4,29,32,0,65,0,0,0,65
02/10/2019,CRW,WV,AEA,CE,Combined TRACON& Tower with Radar,4,25,9,3,41,0,0,8,0,8,4,25,17,3,49,12,0,12,61
02/11/2019,CRW,WV,AEA,CE,Combined TRACON& Tower with Radar,2,32,8,2,44,0,0,0,0,0,2,32,8,2,44,0,0,0,44
02/12/2019,CRW,WV,AEA,CE,Combined TRACON& Tower with Radar,4,38,10,8,60,0,0,2,0,2,4,38,12,8,62,6,0,6,68
02/13/2019,CRW,WV,AEA,CE,Combined TRACON& Tower with Radar,4,32,16,13,65,0,0,4,11,15,4,32,20,24,80,0,39,39,119
02/14/2019,CRW,WV,AEA,CE,Combined TRACON& Tower with Radar,2,36,10,2,50,0,0,38,2,40,2,36,48,4,90,6,0,6,96
02/15/2019,CRW,WV,AEA,CE,Combined TRACON& Tower with Radar,4,45,9,4,62,0,0,9,0,9,4,45,18,4,71,0,0,0,71
02/16/2019,CRW,WV,AEA,CE,Combined TRACON& Tower with Radar,2,24,13,0,39,0,0,27,0,27,2,24,40,0,66,1,0,1,67
02/17/2019,CRW,WV,AEA,CE,Combined TRACON& Tower with Radar,4,23,8,0,35,0,0,3,0,3,4,23,11,0,38,0,0,0,38
02/18/2019,CRW,WV,AEA,CE,Combined TRACON& Tower with Radar,2,30,11,1,44,0,0,2,0,2,2,30,13,1,46,0,0,0,46
02/19/2019,CRW,WV,AEA,CE,Combined TRACON& Tower with Radar,2,34,12,17,65,0,2,27,5,34,2,36,39,22,99,12,0,12,111
02/20/2019,CRW,WV,AEA,CE,Combined TRACON& Tower with Radar,2,39,8,0,49,0,0,0,0,0,2,39,8,0,49,0,0,0,49
02/21/2019,CRW,WV,AEA,CE,Combined TRACON& Tower with Radar,2,35,29,15,81,0,2,14,5,21,2,37,43,20,102,11,10,21,123
02/22/2019,CRW,WV,AEA,CE,Combined TRACON& Tower with Radar,2,34,13,1,50,0,0,11,0,11,2,34,24,1,61,10,0,10,71
02/23/2019,CRW,WV,AEA,CE,Combined TRACON& Tower with Radar,2,23,6,0,31,0,2,0,0,2,2,25,6,0,33,0,0,0,33
02/24/2019,CRW,WV,AEA,CE,Combined TRACON& Tower with Radar,6,28,5,4,43,0,0,1,0,1,6,28,6,4,44,0,0,0,44
02/25/2019,CRW,WV,AEA,CE,Combined TRACON& Tower with Radar,5,28,10,0,43,0,2,7,5,14,5,30,17,5,57,4,0,4,61
02/26/2019,CRW,WV,AEA,CE,Combined TRACON& Tower with Radar,6,31,26,6,69,0,4,35,0,39,6,35,61,6,108,30,0,30,138
02/27/2019,CRW,WV,AEA,CE,Combined TRACON& Tower with Radar,2,29,9,7,47,0,2,35,2,39,2,31,44,9,86,6,0,6,92
02/28/2019,CRW,WV,AEA,CE,Combined TRACON& Tower with Radar,3,30,22,2,57,0,2,4,0,6,3,32,26,2,63,0,0,0,63
03/01/2019,CRW,WV,AEA,CE,Combined TRACON& Tower with Radar,3,36,15,13,67,0,0,0,0,0,3,36,15,13,67,0,0,0,67
03/02/2019,CRW,WV,AEA,CE,Combined TRACON& Tower with Radar,6,24,1,1,32,0,0,0,0,0,6,24,1,1,32,0,0,0,32
03/03/2019,CRW,WV,AEA,CE,Combined TRACON& Tower with Radar,2,4,1,1,8,0,0,0,0,0,2,4,1,1,8,0,0,0,8
03/04/2019,CRW,WV,AEA,CE,Combined TRACON& Tower with Radar,4,32,6,3,45,0,0,8,0,8,4,32,14,3,53,0,0,0,53
03/05/2019,CRW,WV,AEA,CE,Combined TRACON& Tower with Radar,2,38,16,24,80,0,3,11,2,16,2,41,27,26,96,0,8,8,104
03/06/2019,CRW,WV,AEA,CE,Combined TRACON& Tower with Radar,4,36,14,13,67,0,0,10,6,16,4,36,24,19,83,0,20,20,103
03/07/2019,CRW,WV,AEA,CE,Combined TRACON& Tower with Radar,2,37,15,7,61,0,0,21,6,27,2,37,36,13,88,0,35,35,123
03/08/2019,CRW,WV,AEA,CE,Combined TRACON& Tower with Radar,7,32,12,1,52,0,0,0,0,0,7,32,12,1,52,0,0,0,52
03/09/2019,CRW,WV,AEA,CE,Combined TRACON& Tower with Radar,5,26,6,0,37,0,0,5,2,7,5,26,11,2,44,10,0,10,54
03/10/2019,CRW,WV,AEA,CE,Combined TRACON& Tower with Radar,4,34,9,0,47,0,0,4,0,4,4,34,13,0,51,4,0,4,55
03/11/2019,CRW,WV,AEA,CE,Combined TRACON& Tower with Radar,2,37,9,0,48,0,3,20,0,23,2,40,29,0,71,0,0,0,71
03/12/2019,CRW,WV,AEA,CE,Combined TRACON& Tower with Radar,4,40,16,12,72,0,5,36,4,45,4,45,52,16,117,27,12,39,156
03/13/2019,CRW,WV,AEA,CE,Combined TRACON& Tower with Radar,4,40,13,18,75,0,5,17,10,32,4,45,30,28,107,0,34,34,141
03/14/2019,CRW,WV,AEA,CE,Combined TRACON& Tower with Radar,2,38,13,3,56,0,3,9,0,12,2,41,22,3,68,0,0,0,68
03/15/2019,CRW,WV,AEA,CE,Combined TRACON& Tower with Radar,4,36,15,2,57,0,0,20,2,22,4,36,35,4,79,0,0,0,79
03/16/2019,CRW,WV,AEA,CE,Combined TRACON& Tower with Radar,2,22,9,2,35,0,1,4,2,7,2,23,13,4,42,0,0,0,42
03/17/2019,CRW,WV,AEA,CE,Combined TRACON& Tower with Radar,4,29,12,0,45,0,2,29,0,31,4,31,41,0,76,14,0,14,90
03/18/2019,CRW,WV,AEA,CE,Combined TRACON& Tower with Radar,2,34,12,5,53,0,4,14,4,22,2,38,26,9,75,6,0,6,81
03/19/2019,CRW,WV,AEA,CE,Combined TRACON& Tower with Radar,2,40,19,9,70,0,4,23,4,31,2,44,42,13,101,0,8,8,109
03/20/2019,CRW,WV,AEA,CE,Combined TRACON& Tower with Radar,2,45,24,8,79,0,1,25,9,35,2,46,49,17,114,12,40,52,166
03/21/2019,CRW,WV,AEA,CE,Combined TRACON& Tower with Radar,4,36,14,2,56,0,0,2,0,2,4,36,16,2,58,0,0,0,58
03/22/2019,CRW,WV,AEA,CE,Combined TRACON& Tower with Radar,2,49,5,7,63,0,2,3,0,5,2,51,8,7,68,0,0,0,68
03/23/2019,CRW,WV,AEA,CE,Combined TRACON& Tower with Radar,2,23,9,0,34,0,1,19,3,23,2,24,28,3,57,6,0,6,63
03/24/2019,CRW,WV,AEA,CE,Combined TRACON& Tower with Radar,4,30,10,2,46,0,2,12,2,16,4,32,22,4,62,14,0,14,76
03/25/2019,CRW,WV,AEA,CE,Combined TRACON& Tower with Radar,4,32,7,2,45,0,0,0,0,0,4,32,7,2,45,0,0,0,45
03/26/2019,CRW,WV,AEA,CE,Combined TRACON& Tower with Radar,4,41,14,11,70,0,4,28,11,43,4,45,42,22,113,0,6,6,119
03/27/2019,CRW,WV,AEA,CE,Combined TRACON& Tower with Radar,5,37,15,10,67,0,5,22,7,34,5,42,37,17,101,26,32,58,159
03/28/2019,CRW,WV,AEA,CE,Combined TRACON& Tower with Radar,10,38,25,7,80,0,5,21,4,30,10,43,46,11,110,0,6,6,116
03/29/2019,CRW,WV,AEA,CE,Combined TRACON& Tower with Radar,9,41,13,13,76,0,2,14,10,26,9,43,27,23,102,0,0,0,102
03/30/2019,CRW,WV,AEA,CE,Combined TRACON& Tower with Radar,4,30,6,0,40,0,4,5,3,12,4,34,11,3,52,0,0,0,52
03/31/2019,CRW,WV,AEA,CE,Combined TRACON& Tower with Radar,4,30,8,0,42,0,2,2,0,4,4,32,10,0,46,16,0,16,62
04/01/2019,CRW,WV,AEA,CE,Combined TRACON& Tower with Radar,6,29,13,7,55,0,3,25,2,30,6,32,38,9,85,20,0,20,105
04/02/2019,CRW,WV,AEA,CE,Combined TRACON& Tower with Radar,2,42,10,10,64,0,1,16,7,24,2,43,26,17,88,4,0,4,92
04/03/2019,CRW,WV,AEA,CE,Combined TRACON& Tower with Radar,2,41,25,34,102,0,4,22,19,45,2,45,47,53,147,0,24,24,171
04/04/2019,CRW,WV,AEA,CE,Combined TRACON& Tower with Radar,9,47,29,9,94,0,3,32,7,42,9,50,61,16,136,0,0,0,136
04/05/2019,CRW,WV,AEA,CE,Combined TRACON& Tower with Radar,7,40,16,13,76,0,0,8,1,9,7,40,24,14,85,14,0,14,99
04/06/2019,CRW,WV,AEA,CE,Combined TRACON& Tower with Radar,4,20,12,9,45,0,0,33,8,41,4,20,45,17,86,32,0,32,118
04/07/2019,CRW,WV,AEA,CE,Combined TRACON& Tower with Radar,6,27,4,5,42,0,4,15,0,19,6,31,19,5,61,0,0,0,61
04/08/2019,CRW,WV,AEA,CE,Combined TRACON& Tower with Radar,2,30,10,1,43,0,0,4,0,4,2,30,14,1,47,6,0,6,53
04/09/2019,CRW,WV,AEA,CE,Combined TRACON& Tower with Radar,4,35,13,6,58,0,0,10,0,10,4,35,23,6,68,0,8,8,76
04/10/2019,CRW,WV,AEA,CE,Combined TRACON& Tower with Radar,2,37,12,2,53,0,1,46,2,49,2,38,58,4,102,17,0,17,119
04/11/2019,CRW,WV,AEA,CE,Combined TRACON& Tower with Radar,2,42,16,15,75,0,0,16,7,23,2,42,32,22,98,0,0,0,98
04/12/2019,CRW,WV,AEA,CE,Combined TRACON& Tower with Radar,4,39,9,0,52,0,1,6,0,7,4,40,15,0,59,0,0,0,59
04/13/2019,CRW,WV,AEA,CE,Combined TRACON& Tower with Radar,2,26,17,0,45,0,1,27,0,28,2,27,44,0,73,20,0,20,93
04/14/2019,CRW,WV,AEA,CE,Combined TRACON& Tower with Radar,4,31,10,0,45,0,0,3,0,3,4,31,13,0,48,0,0,0,48
04/15/2019,CRW,WV,AEA,CE,Combined TRACON& Tower with Radar,2,39,11,6,58,0,1,2,0,3,2,40,13,6,61,0,16,16,77
04/16/2019,CRW,WV,AEA,CE,Combined TRACON& Tower with Radar,2,44,23,19,88,0,6,42,14,62,2,50,65,33,150,0,18,18,168
04/17/2019,CRW,WV,AEA,CE,Combined TRACON& Tower with Radar,2,41,37,13,93,0,0,44,31,75,2,41,81,44,168,6,26,32,200
04/18/2019,CRW,WV,AEA,CE,Combined TRACON& Tower with Radar,5,35,20,12,72,0,0,43,15,58,5,35,63,27,130,0,20,20,150
04/19/2019,CRW,WV,AEA,CE,Combined TRACON& Tower with Radar,3,30,5,1,39,0,0,6,3,9,3,30,11,4,48,0,0,0,48
04/20/2019,CRW,WV,AEA,CE,Combined TRACON& Tower with Radar,2,24,11,3,40,0,2,0,0,2,2,26,11,3,42,0,0,0,42
04/21/2019,CRW,WV,AEA,CE,Combined TRACON& Tower with Radar,4,28,6,0,38,0,0,3,0,3,4,28,9,0,41,0,0,0,41
04/22/2019,CRW,WV,AEA,CE,Combined TRACON& Tower with Radar,4,34,23,2,63,0,2,26,2,30,4,36,49,4,93,16,0,16,109
04/23/2019,CRW,WV,AEA,CE,Combined TRACON& Tower with Radar,2,40,15,12,69,0,0,26,6,32,2,40,41,18,101,7,0,7,108
04/24/2019,CRW,WV,AEA,CE,Combined TRACON& Tower with Radar,4,37,21,19,81,0,2,12,14,28,4,39,33,33,109,0,24,24,133
04/25/2019,CRW,WV,AEA,CE,Combined TRACON& Tower with Radar,6,33,20,3,62,0,1,11,4,16,6,34,31,7,78,7,0,7,85
04/26/2019,CRW,WV,AEA,CE,Combined TRACON& Tower with Radar,2,32,6,0,40,0,0,0,0,0,2,32,6,0,40,0,0,0,40
04/27/2019,CRW,WV,AEA,CE,Combined TRACON& Tower with Radar,2,28,18,2,50,0,6,13,0,19,2,34,31,2,69,0,0,0,69
04/28/2019,CRW,WV,AEA,CE,Combined TRACON& Tower with Radar,7,25,9,2,43,0,2,1,0,3,7,27,10,2,46,0,0,0,46
04/29/2019,CRW,WV,AEA,CE,Combined TRACON& Tower with Radar,3,33,20,0,56,0,0,17,0,17,3,33,37,0,73,18,0,18,91
04/30/2019,CRW,WV,AEA,CE,Combined TRACON& Tower with Radar,4,35,34,5,78,0,0,22,22,44,4,35,56,27,122,18,0,18,140
05/01/2019,CRW,WV,AEA,CE,Combined TRACON& Tower with Radar,2,35,29,14,80,0,0,17,15,32,2,35,46,29,112,4,9,13,125
05/02/2019,CRW,WV,AEA,CE,Combined TRACON& Tower with Radar,4,42,21,6,73,0,6,12,2,20,4,48,33,8,93,3,0,3,96
05/03/2019,CRW,WV,AEA,CE,Combined TRACON& Tower with Radar,4,39,15,12,70,0,1,2,2,5,4,40,17,14,75,0,10,10,85
05/04/2019,CRW,WV,AEA,CE,Combined TRACON& Tower with Radar,8,24,4,1,37,0,0,3,1,4,8,24,7,2,41,0,0,0,41
05/05/2019,CRW,WV,AEA,CE,Combined TRACON& Tower with Radar,6,27,3,8,44,0,0,0,0,0,6,27,3,8,44,0,0,0,44
05/06/2019,CRW,WV,AEA,CE,Combined TRACON& Tower with Radar,6,34,23,10,73,0,2,24,25,51,6,36,47,35,124,10,10,20,144
05/07/2019,CRW,WV,AEA,CE,Combined TRACON& Tower with Radar,4,32,21,2,59,0,0,39,9,48,4,32,60,11,107,0,6,6,113
05/08/2019,CRW,WV,AEA,CE,Combined TRACON& Tower with Radar,6,34,21,16,77,0,1,32,7,40,6,35,53,23,117,14,16,30,147
05/09/2019,CRW,WV,AEA,CE,Combined TRACON& Tower with Radar,4,38,13,8,63,0,6,16,20,42,4,44,29,28,105,0,8,8,113
05/10/2019,CRW,WV,AEA,CE,Combined TRACON& Tower with Radar,4,47,16,3,70,0,3,5,2,10,4,50,21,5,80,3,0,3,83
05/11/2019,CRW,WV,AEA,CE,Combined TRACON& Tower with Radar,6,22,15,2,45,0,0,0,0,0,6,22,15,2,45,0,0,0,45
05/12/2019,CRW,WV,AEA,CE,Combined TRACON& Tower with Radar,4,25,5,2,36,0,0,1,0,1,4,25,6,2,37,0,0,0,37
05/13/2019,CRW,WV,AEA,CE,Combined TRACON& Tower with Radar,4,34,17,6,61,0,0,12,6,18,4,34,29,12,79,0,0,0,79
05/14/2019,CRW,WV,AEA,CE,Combined TRACON& Tower with Radar,4,37,18,15,74,0,2,22,9,33,4,39,40,24,107,14,11,25,132
05/15/2019,CRW,WV,AEA,CE,Combined TRACON& Tower with Radar,6,34,25,8,73,0,1,39,2,42,6,35,64,10,115,64,2,66,181
05/16/2019,CRW,WV,AEA,CE,Combined TRACON& Tower with Radar,4,38,18,3,63,0,4,35,9,48,4,42,53,12,111,0,0,0,111
05/17/2019,CRW,WV,AEA,CE,Combined TRACON& Tower with Radar,8,31,11,3,53,0,2,7,1,10,8,33,18,4,63,0,0,0,63
05/18/2019,CRW,WV,AEA,CE,Combined TRACON& Tower with Radar,4,25,11,0,40,0,0,25,0,25,4,25,36,0,65,0,0,0,65
05/19/2019,CRW,WV,AEA,CE,Combined TRACON& Tower with Radar,8,25,12,1,46,0,0,17,1,18,8,25,29,2,64,50,0,50,114
05/20/2019,CRW,WV,AEA,CE,Combined TRACON& Tower with Radar,6,29,27,8,70,0,0,7,10,17,6,29,34,18,87,0,18,18,105
05/21/2019,CRW,WV,AEA,CE,Combined TRACON& Tower with Radar,6,32,35,12,85,0,5,39,9,53,6,37,74,21,138,12,0,12,150
05/22/2019,CRW,WV,AEA,CE,Combined TRACON& Tower with Radar,6,34,45,16,101,0,0,33,2,35,6,34,78,18,136,0,0,0,136
05/23/2019,CRW,WV,AEA,CE,Combined TRACON& Tower with Radar,4,34,21,8,67,0,0,23,2,25,4,34,44,10,92,0,0,0,92
05/24/2019,CRW,WV,AEA,CE,Combined TRACON& Tower with Radar,6,37,27,2,72,0,5,14,2,21,6,42,41,4,93,38,0,38,131
05/25/2019,CRW,WV,AEA,CE,Combined TRACON& Tower with Radar,6,25,6,0,37,0,3,13,3,19,6,28,19,3,56,46,0,46,102
05/26/2019,CRW,WV,AEA,CE,Combined TRACON& Tower with Radar,6,23,4,0,33,0,7,2,1,10,6,30,6,1,43,53,0,53,96
05/27/2019,CRW,WV,AEA,CE,Combined TRACON& Tower with Radar,6,29,6,0,41,0,1,0,0,1,6,30,6,0,42,3,14,17,59
05/28/2019,CRW,WV,AEA,CE,Combined TRACON& Tower with Radar,4,33,16,6,59,0,2,13,0,15,4,35,29,6,74,0,0,0,74
05/29/2019,CRW,WV,AEA,CE,Combined TRACON& Tower with Radar,8,35,8,11,62,0,2,13,4,19,8,37,21,15,81,0,0,0,81
05/30/2019,CRW,WV,AEA,CE,Combined TRACON& Tower with Radar,4,33,12,16,65,0,0,15,5,20,4,33,27,21,85,30,7,37,122
05/31/2019,CRW,WV,AEA,CE,Combined TRACON& Tower with Radar,4,41,12,2,59,0,0,0,1,1,4,41,12,3,60,0,0,0,60
06/01/2019,CRW,WV,AEA,CE,Combined TRACON& Tower with Radar,6,23,9,2,40,0,5,21,0,26,6,28,30,2,66,12,0,12,78
06/02/2019,CRW,WV,AEA,CE,Combined TRACON& Tower with Radar,6,25,4,8,43,0,5,4,5,14,6,30,8,13,57,0,16,16,73
06/03/2019,CRW,WV,AEA,CE,Combined TRACON& Tower with Radar,4,35,17,4,60,0,2,47,4,53,4,37,64,8,113,10,12,22,135
06/04/2019,CRW,WV,AEA,CE,Combined TRACON& Tower with Radar,4,32,23,13,72,0,3,26,1,30,4,35,49,14,102,38,0,38,140
06/05/2019,CRW,WV,AEA,CE,Combined TRACON& Tower with Radar,6,37,19,10,72,0,1,3,8,12,6,38,22,18,84,0,8,8,92
06/06/2019,CRW,WV,AEA,CE,Combined TRACON& Tower with Radar,4,30,20,6,60,0,1,24,3,28,4,31,44,9,88,0,0,0,88
06/07/2019,CRW,WV,AEA,CE,Combined TRACON& Tower with Radar,2,39,16,5,62,0,0,3,1,4,2,39,19,6,66,0,0,0,66
06/08/2019,CRW,WV,AEA,CE,Combined TRACON& Tower with Radar,4,26,5,0,35,0,1,10,0,11,4,27,15,0,46,4,0,4,50
06/09/2019,CRW,WV,AEA,CE,Combined TRACON& Tower with Radar,10,29,6,1,46,0,2,6,0,8,10,31,12,1,54,48,0,48,102
06/10/2019,CRW,WV,AEA,CE,Combined TRACON& Tower with Radar,4,29,11,7,51,0,2,10,7,19,4,31,21,14,70,2,0,2,72
06/11/2019,CRW,WV,AEA,CE,Combined TRACON& Tower with Radar,6,32,18,18,74,0,1,35,7,43,6,33,53,25,117,0,12,12,129
06/12/2019,CRW,WV,AEA,CE,Combined TRACON& Tower with Radar,6,38,16,31,91,0,0,20,18,38,6,38,36,49,129,20,16,36,165
06/13/2019,CRW,WV,AEA,CE,Combined TRACON& Tower with Radar,4,33,14,1,52,0,0,1,1,2,4,33,15,2,54,0,0,0,54
06/14/2019,CRW,WV,AEA,CE,Combined TRACON& Tower with Radar,8,36,35,10,89,0,0,44,5,49,8,36,79,15,138,0,0,0,138
06/15/2019,CRW,WV,AEA,CE,Combined TRACON& Tower with Radar,6,22,13,2,43,0,1,16,0,17,6,23,29,2,60,42,0,42,102
06/16/2019,CRW,WV,AEA,CE,Combined TRACON& Tower with Radar,5,25,10,0,40,0,0,8,0,8,5,25,18,0,48,0,0,0,48
06/17/2019,CRW,WV,AEA,CE,Combined TRACON& Tower with Radar,5,32,22,3,62,0,0,17,1,18,5,32,39,4,80,0,0,0,80
06/18/2019,CRW,WV,AEA,CE,Combined TRACON& Tower with Radar,2,39,23,20,84,0,2,18,5,25,2,41,41,25,109,26,2,28,137
06/19/2019,CRW,WV,AEA,CE,Combined TRACON& Tower with Radar,6,37,31,5,79,0,4,9,0,13,6,41,40,5,92,20,0,20,112
06/20/2019,CRW,WV,AEA,CE,Combined TRACON& Tower with Radar,4,36,17,4,61,0,0,8,0,8,4,36,25,4,69,0,0,0,69
06/21/2019,CRW,WV,AEA,CE,Combined TRACON& Tower with Radar,4,35,31,2,72,0,2,34,2,38,4,37,65,4,110,19,0,19,129
06/22/2019,CRW,WV,AEA,CE,Combined TRACON& Tower with Radar,6,25,15,0,46,0,5,20,0,25,6,30,35,0,71,8,0,8,79
06/23/2019,CRW,WV,AEA,CE,Combined TRACON& Tower with Radar,6,24,8,0,38,0,0,18,0,18,6,24,26,0,56,16,0,16,72
06/24/2019,CRW,WV,AEA,CE,Combined TRACON& Tower with Radar,4,28,12,1,45,0,1,18,0,19,4,29,30,1,64,10,0,10,74
06/25/2019,CRW,WV,AEA,CE,Combined TRACON& Tower with Radar,4,33,13,7,57,0,0,28,16,44,4,33,41,23,101,50,24,74,175
06/26/2019,CRW,WV,AEA,CE,Combined TRACON& Tower with Radar,21,33,15,3,72,0,2,48,0,50,21,35,63,3,122,20,0,20,142
06/27/2019,CRW,WV,AEA,CE,Combined TRACON& Tower with Radar,4,32,27,9,72,0,3,55,2,60,4,35,82,11,132,22,3,25,157
06/28/2019,CRW,WV,AEA,CE,Combined TRACON& Tower with Radar,4,32,32,1,69,0,0,45,0,45,4,32,77,1,114,5,0,5,119
06/29/2019,CRW,WV,AEA,CE,Combined TRACON& Tower with Radar,6,24,17,1,48,0,0,28,0,28,6,24,45,1,76,0,0,0,76
06/30/2019,CRW,WV,AEA,CE,Combined TRACON& Tower with Radar,6,25,20,2,53,0,0,15,1,16,6,25,35,3,69,0,0,0,69
07/01/2019,CRW,WV,AEA,CE,Combined TRACON& Tower with Radar,6,27,19,0,52,0,1,32,4,37,6,28,51,4,89,10,0,10,99
07/02/2019,CRW,WV,AEA,CE,Combined TRACON& Tower with Radar,4,35,14,6,59,0,0,29,12,41,4,35,43,18,100,18,0,18,118
07/03/2019,CRW,WV,AEA,CE,Combined TRACON& Tower with Radar,6,32,36,4,78,0,1,6,0,7,6,33,42,4,85,0,0,0,85
07/04/2019,CRW,WV,AEA,CE,Combined TRACON& Tower with Radar,6,18,28,0,52,0,2,19,0,21,6,20,47,0,73,0,0,0,73
07/05/2019,CRW,WV,AEA,CE,Combined TRACON& Tower with Radar,4,25,16,0,45,0,1,11,0,12,4,26,27,0,57,0,0,0,57
07/06/2019,CRW,WV,AEA,CE,Combined TRACON& Tower with Radar,8,27,11,4,50,0,7,17,0,24,8,34,28,4,74,0,0,0,74
07/07/2019,CRW,WV,AEA,CE,Combined TRACON& Tower with Radar,6,27,33,0,66,0,0,9,0,9,6,27,42,0,75,20,0,20,95
07/08/2019,CRW,WV,AEA,CE,Combined TRACON& Tower with Radar,7,21,27,2,57,0,0,22,1,23,7,21,49,3,80,42,0,42,122
07/09/2019,CRW,WV,AEA,CE,Combined TRACON& Tower with Radar,7,35,25,5,72,0,1,37,7,45,7,36,62,12,117,46,18,64,181
07/10/2019,CRW,WV,AEA,CE,Combined TRACON& Tower with Radar,6,35,13,14,68,0,1,50,2,53,6,36,63,16,121,22,4,26,147
07/11/2019,CRW,WV,AEA,CE,Combined TRACON& Tower with Radar,3,35,16,5,59,0,0,10,4,14,3,35,26,9,73,8,0,8,81
07/12/2019,CRW,WV,AEA,CE,Combined TRACON& Tower with Radar,7,32,27,5,71,0,2,27,5,34,7,34,54,10,105,0,10,10,115
07/13/2019,CRW,WV,AEA,CE,Combined TRACON& Tower with Radar,8,19,15,0,42,0,3,27,0,30,8,22,42,0,72,0,0,0,72
07/14/2019,CRW,WV,AEA,CE,Combined TRACON& Tower with Radar,8,26,14,2,50,0,1,17,0,18,8,27,31,2,68,26,0,26,94
07/15/2019,CRW,WV,AEA,CE,Combined TRACON& Tower with Radar,4,31,13,2,50,0,2,16,0,18,4,33,29,2,68,2,0,2,70
07/16/2019,CRW,WV,AEA,CE,Combined TRACON& Tower with Radar,4,39,16,11,70,0,1,23,3,27,4,40,39,14,97,0,0,0,97
07/17/2019,CRW,WV,AEA,CE,Combined TRACON& Tower with Radar,8,43,21,10,82,0,4,11,12,27,8,47,32,22,109,0,18,18,127
07/18/2019,CRW,WV,AEA,CE,Combined TRACON& Tower with Radar,6,29,10,11,56,0,4,14,3,21,6,33,24,14,77,0,0,0,77
07/19/2019,CRW,WV,AEA,CE,Combined TRACON& Tower with Radar,6,32,26,3,67,0,2,19,6,27,6,34,45,9,94,8,0,8,102
07/20/2019,CRW,WV,AEA,CE,Combined TRACON& Tower with Radar,10,26,17,6,59,0,0,8,1,9,10,26,25,7,68,0,0,0,68
07/21/2019,CRW,WV,AEA,CE,Combined TRACON& Tower with Radar,6,27,15,1,49,0,2,14,0,16,6,29,29,1,65,0,0,0,65
07/22/2019,CRW,WV,AEA,CE,Combined TRACON& Tower with Radar,7,29,8,5,49,0,0,2,0,2,7,29,10,5,51,0,0,0,51
07/23/2019,CRW,WV,AEA,CE,Combined TRACON& Tower with Radar,6,31,29,11,77,0,1,17,7,25,6,32,46,18,102,2,0,2,104
07/24/2019,CRW,WV,AEA,CE,Combined TRACON& Tower with Radar,6,36,23,13,78,0,2,35,7,44,6,38,58,20,122,0,0,0,122
07/25/2019,CRW,WV,AEA,CE,Combined TRACON& Tower with Radar,5,35,6,14,60,0,2,16,16,34,5,37,22,30,94,18,9,27,121
07/26/2019,CRW,WV,AEA,CE,Combined TRACON& Tower with Radar,4,38,10,12,64,0,2,19,3,24,4,40,29,15,88,4,0,4,92
07/27/2019,CRW,WV,AEA,CE,Combined TRACON& Tower with Radar,6,23,8,1,38,0,1,14,4,19,6,24,22,5,57,28,0,28,85
07/28/2019,CRW,WV,AEA,CE,Combined TRACON& Tower with Radar,12,23,8,4,47,0,5,12,2,19,12,28,20,6,66,12,0,12,78
07/29/2019,CRW,WV,AEA,CE,Combined TRACON& Tower with Radar,12,29,9,14,64,0,0,8,13,21,12,29,17,27,85,0,20,20,105
07/30/2019,CRW,WV,AEA,CE,Combined TRACON& Tower with Radar,4,34,9,11,58,0,2,7,9,18,4,36,16,20,76,0,16,16,92
07/31/2019,CRW,WV,AEA,CE,Combined TRACON& Tower with Radar,7,31,14,2,54,0,0,8,11,19,7,31,22,13,73,0,22,22,95
08/01/2019,CRW,WV,AEA,CE,Combined TRACON& Tower with Radar,6,37,24,3,70,0,3,13,7,23,6,40,37,10,93,0,0,0,93
08/02/2019,CRW,WV,AEA,CE,Combined TRACON& Tower with Radar,14,31,18,8,71,0,0,16,7,23,14,31,34,15,94,16,0,16,110
08/03/2019,CRW,WV,AEA,CE,Combined TRACON& Tower with Radar,16,25,7,5,53,0,0,15,0,15,16,25,22,5,68,0,0,0,68
08/04/2019,CRW,WV,AEA,CE,Combined TRACON& Tower with Radar,8,29,15,6,58,0,1,14,0,15,8,30,29,6,73,16,0,16,89
08/05/2019,CRW,WV,AEA,CE,Combined TRACON& Tower with Radar,4,29,14,13,60,0,5,34,5,44,4,34,48,18,104,0,14,14,118
08/06/2019,CRW,WV,AEA,CE,Combined TRACON& Tower with Radar,6,31,10,19,66,0,5,13,8,26,6,36,23,27,92,0,20,20,112
08/07/2019,CRW,WV,AEA,CE,Combined TRACON& Tower with Radar,8,30,10,0,48,0,0,12,4,16,8,30,22,4,64,10,0,10,74
08/08/2019,CRW,WV,AEA,CE,Combined TRACON& Tower with Radar,3,34,18,0,55,0,0,29,0,29,3,34,47,0,84,0,0,0,84
08/09/2019,CRW,WV,AEA,CE,Combined TRACON& Tower with Radar,5,38,21,1,65,0,2,31,1,34,5,40,52,2,99,22,4,26,125
08/10/2019,CRW,WV,AEA,CE,Combined TRACON& Tower with Radar,8,21,12,0,41,0,2,37,0,39,8,23,49,0,80,8,0,8,88
08/11/2019,CRW,WV,AEA,CE,Combined TRACON& Tower with Radar,8,31,20,1,60,0,4,23,0,27,8,35,43,1,87,36,0,36,123
08/12/2019,CRW,WV,AEA,CE,Combined TRACON& Tower with Radar,4,35,10,7,56,0,6,13,0,19,4,41,23,7,75,46,0,46,121
08/13/2019,CRW,WV,AEA,CE,Combined TRACON& Tower with Radar,4,31,6,3,44,0,2,6,5,13,4,33,12,8,57,6,0,6,63
08/14/2019,CRW,WV,AEA,CE,Combined TRACON& Tower with Radar,6,34,24,11,75,0,0,8,3,11,6,34,32,14,86,12,12,24,110
08/15/2019,CRW,WV,AEA,CE,Combined TRACON& Tower with Radar,4,36,11,2,53,0,0,17,4,21,4,36,28,6,74,12,0,12,86
08/16/2019,CRW,WV,AEA,CE,Combined TRACON& Tower with Radar,4,36,15,8,63,0,1,29,0,30,4,37,44,8,93,0,0,0,93
08/17/2019,CRW,WV,AEA,CE,Combined TRACON& Tower with Radar,6,22,11,0,39,0,3,20,12,35,6,25,31,12,74,4,0,4,78
08/18/2019,CRW,WV,AEA,CE,Combined TRACON& Tower with Radar,8,23,12,6,49,0,4,35,0,39,8,27,47,6,88,38,0,38,126
08/19/2019,CRW,WV,AEA,CE,Combined TRACON& Tower with Radar,4,30,20,1,55,0,2,37,6,45,4,32,57,7,100,28,0,28,128
08/20/2019,CRW,WV,AEA,CE,Combined TRACON& Tower with Radar,4,39,4,2,49,0,0,17,0,17,4,39,21,2,66,4,0,4,70
08/21/2019,CRW,WV,AEA,CE,Combined TRACON& Tower with Radar,6,37,21,1,65,0,0,12,3,15,6,37,33,4,80,0,0,0,80
08/22/2019,CRW,WV,AEA,CE,Combined TRACON& Tower with Radar,4,38,20,6,68,0,2,15,10,27,4,40,35,16,95,0,0,0,95
08/23/2019,CRW,WV,AEA,CE,Combined TRACON& Tower with Radar,12,32,7,0,51,0,0,3,0,3,12,32,10,0,54,20,0,20,74
08/24/2019,CRW,WV,AEA,CE,Combined TRACON& Tower with Radar,6,22,16,2,46,0,1,20,0,21,6,23,36,2,67,8,0,8,75
08/25/2019,CRW,WV,AEA,CE,Combined TRACON& Tower with Radar,10,26,12,5,53,0,6,10,0,16,10,32,22,5,69,38,0,38,107
08/26/2019,CRW,WV,AEA,CE,Combined TRACON& Tower with Radar,10,30,15,6,61,0,0,15,1,16,10,30,30,7,77,20,0,20,97
08/27/2019,CRW,WV,AEA,CE,Combined TRACON& Tower with Radar,4,33,20,5,62,0,0,12,0,12,4,33,32,5,74,10,0,10,84
08/28/2019,CRW,WV,AEA,CE,Combined TRACON& Tower with Radar,6,37,21,6,70,0,0,29,8,37,6,37,50,14,107,0,0,0,107
08/29/2019,CRW,WV,AEA,CE,Combined TRACON& Tower with Radar,4,39,15,2,60,0,2,42,2,46,4,41,57,4,106,24,4,28,134
08/30/2019,CRW,WV,AEA,CE,Combined TRACON& Tower with Radar,4,35,18,1,58,0,3,27,1,31,4,38,45,2,89,0,0,0,89
08/31/2019,CRW,WV,AEA,CE,Combined TRACON& Tower with Radar,4,24,7,0,35,0,1,8,0,9,4,25,15,0,44,0,0,0,44
09/01/2019,CRW,WV,AEA,CE,Combined TRACON& Tower with Radar,6,19,11,0,36,0,0,7,1,8,6,19,18,1,44,0,0,0,44
09/02/2019,CRW,WV,AEA,CE,Combined TRACON& Tower with Radar,8,22,9,0,39,0,0,13,0,13,8,22,22,0,52,45,0,45,97
09/03/2019,CRW,WV,AEA,CE,Combined TRACON& Tower with Radar,4,29,14,8,55,0,1,24,0,25,4,30,38,8,80,0,0,0,80
09/04/2019,CRW,WV,AEA,CE,Combined TRACON& Tower with Radar,10,28,16,27,81,0,1,31,9,41,10,29,47,36,122,2,21,23,145
09/05/2019,CRW,WV,AEA,CE,Combined TRACON& Tower with Radar,9,29,9,18,65,0,3,24,26,53,9,32,33,44,118,0,14,14,132
09/06/2019,CRW,WV,AEA,CE,Combined TRACON& Tower with Radar,9,28,18,5,60,0,2,16,12,30,9,30,34,17,90,0,0,0,90
09/07/2019,CRW,WV,AEA,CE,Combined TRACON& Tower with Radar,8,26,6,22,62,0,0,20,6,26,8,26,26,28,88,14,14,28,116
09/08/2019,CRW,WV,AEA,CE,Combined TRACON& Tower with Radar,10,27,15,3,55,0,0,16,0,16,10,27,31,3,71,10,0,10,81
09/09/2019,CRW,WV,AEA,CE,Combined TRACON& Tower with Radar,8,28,9,0,45,0,2,27,4,33,8,30,36,4,78,11,0,11,89
09/10/2019,CRW,WV,AEA,CE,Combined TRACON& Tower with Radar,7,31,7,10,55,0,2,23,2,27,7,33,30,12,82,12,0,12,94
09/11/2019,CRW,WV,AEA,CE,Combined TRACON& Tower with Radar,9,36,18,4,67,0,0,25,0,25,9,36,43,4,92,0,0,0,92
09/12/2019,CRW,WV,AEA,CE,Combined TRACON& Tower with Radar,8,34,13,2,57,0,7,21,2,30,8,41,34,4,87,0,0,0,87
09/13/2019,CRW,WV,AEA,CE,Combined TRACON& Tower with Radar,8,35,13,9,65,0,1,14,0,15,8,36,27,9,80,0,0,0,80
09/14/2019,CRW,WV,AEA,CE,Combined TRACON& Tower with Radar,8,25,7,3,43,0,3,6,1,10,8,28,13,4,53,0,0,0,53
09/15/2019,CRW,WV,AEA,CE,Combined TRACON& Tower with Radar,10,22,14,6,52,0,3,19,1,23,10,25,33,7,75,6,0,6,81
09/16/2019,CRW,WV,AEA,CE,Combined TRACON& Tower with Radar,10,35,14,4,63,0,5,15,0,20,10,40,29,4,83,2,0,2,85
09/17/2019,CRW,WV,AEA,CE,Combined TRACON& Tower with Radar,8,31,29,2,70,0,4,31,2,37,8,35,60,4,107,35,4,39,146
09/18/2019,CRW,WV,AEA,CE,Combined TRACON& Tower with Radar,8,31,19,0,58,0,0,28,0,28,8,31,47,0,86,4,0,4,90
09/19/2019,CRW,WV,AEA,CE,Combined TRACON& Tower with Radar,8,39,27,0,74,0,0,27,0,27,8,39,54,0,101,16,0,16,117
09/20/2019,CRW,WV,AEA,CE,Combined TRACON& Tower with Radar,10,34,19,15,78,0,0,24,6,30,10,34,43,21,108,2,24,26,134
09/21/2019,CRW,WV,AEA,CE,Combined TRACON& Tower with Radar,8,23,2,0,33,0,2,20,0,22,8,25,22,0,55,16,0,16,71
09/22/2019,CRW,WV,AEA,CE,Combined TRACON& Tower with Radar,10,24,10,1,45,0,0,23,0,23,10,24,33,1,68,0,0,0,68
09/23/2019,CRW,WV,AEA,CE,Combined TRACON& Tower with Radar,8,30,10,17,65,0,3,6,4,13,8,33,16,21,78,0,0,0,78
09/24/2019,CRW,WV,AEA,CE,Combined TRACON& Tower with Radar,8,35,11,18,72,0,1,21,8,30,8,36,32,26,102,20,0,20,122
09/25/2019,CRW,WV,AEA,CE,Combined TRACON& Tower with Radar,8,29,20,8,65,0,0,28,9,37,8,29,48,17,102,0,0,0,102
09/26/2019,CRW,WV,AEA,CE,Combined TRACON& Tower with Radar,8,29,21,2,60,0,2,15,2,19,8,31,36,4,79,10,0,10,89
09/27/2019,CRW,WV,AEA,CE,Combined TRACON& Tower with Radar,8,24,28,4,64,0,2,29,0,31,8,26,57,4,95,0,0,0,95
09/28/2019,CRW,WV,AEA,CE,Combined TRACON& Tower with Radar,8,23,1,1,33,0,1,4,0,5,8,24,5,1,38,0,0,0,38
09/29/2019,CRW,WV,AEA,CE,Combined TRACON& Tower with Radar,10,26,9,0,45,0,1,16,0,17,10,27,25,0,62,12,0,12,74
09/30/2019,CRW,WV,AEA,CE,Combined TRACON& Tower with Radar,8,25,15,2,50,0,0,11,0,11,8,25,26,2,61,0,0,0,61
10/01/2019,CRW,WV,AEA,CE,Combined TRACON& Tower with Radar,8,31,6,2,47,0,1,13,2,16,8,32,19,4,63,0,0,0,63
10/02/2019,CRW,WV,AEA,CE,Combined TRACON& Tower with Radar,8,26,20,8,62,0,4,7,4,15,8,30,27,12,77,6,6,12,89
10/03/2019,CRW,WV,AEA,CE,Combined TRACON& Tower with Radar,15,24,10,6,55,0,1,18,4,23,15,25,28,10,78,16,0,16,94
10/04/2019,CRW,WV,AEA,CE,Combined TRACON& Tower with Radar,10,28,9,32,79,0,1,32,1,34,10,29,41,33,113,42,30,72,185
10/05/2019,CRW,WV,AEA,CE,Combined TRACON& Tower with Radar,8,22,10,1,41,0,4,10,1,15,8,26,20,2,56,0,0,0,56
10/06/2019,CRW,WV,AEA,CE,Combined TRACON& Tower with Radar,14,24,10,4,52,0,2,4,2,8,14,26,14,6,60,0,0,0,60
10/07/2019,CRW,WV,AEA,CE,Combined TRACON& Tower with Radar,12,23,8,6,49,0,0,6,0,6,12,23,14,6,55,0,0,0,55
10/08/2019,CRW,WV,AEA,CE,Combined TRACON& Tower with Radar,12,29,9,13,63,0,0,7,0,7,12,29,16,13,70,8,14,22,92
10/09/2019,CRW,WV,AEA,CE,Combined TRACON& Tower with Radar,12,28,15,21,76,0,0,20,11,31,12,28,35,32,107,8,42,50,157
10/10/2019,CRW,WV,AEA,CE,Combined TRACON& Tower with Radar,12,29,14,7,62,0,5,20,4,29,12,34,34,11,91,42,0,42,133
10/11/2019,CRW,WV,AEA,CE,Combined TRACON& Tower with Radar,14,31,25,0,70,0,1,22,0,23,14,32,47,0,93,11,0,11,104
10/12/2019,CRW,WV,AEA,CE,Combined TRACON& Tower with Radar,9,21,10,2,42,0,2,1,0,3,9,23,11,2,45,0,0,0,45
10/13/2019,CRW,WV,AEA,CE,Combined TRACON& Tower with Radar,11,28,12,0,51,0,0,19,0,19,11,28,31,0,70,30,0,30,100
10/14/2019,CRW,WV,AEA,CE,Combined TRACON& Tower with Radar,14,24,16,0,54,0,0,28,0,28,14,24,44,0,82,8,0,8,90
10/15/2019,CRW,WV,AEA,CE,Combined TRACON& Tower with Radar,19,27,12,12,70,0,1,23,6,30,19,28,35,18,100,10,6,16,116
10/16/2019,CRW,WV,AEA,CE,Combined TRACON& Tower with Radar,21,27,24,4,76,0,0,9,6,15,21,27,33,10,91,0,8,8,99
10/17/2019,CRW,WV,AEA,CE,Combined TRACON& Tower with Radar,17,32,18,19,86,0,6,17,11,34,17,38,35,30,120,8,12,20,140
10/18/2019,CRW,WV,AEA,CE,Combined TRACON& Tower with Radar,11,24,11,4,50,0,0,22,4,26,11,24,33,8,76,12,0,12,88
10/19/2019,CRW,WV,AEA,CE,Combined TRACON& Tower with Radar,9,21,11,0,41,0,5,27,0,32,9,26,38,0,73,8,0,8,81
10/20/2019,CRW,WV,AEA,CE,Combined TRACON& Tower with Radar,12,25,9,3,49,0,0,5,0,5,12,25,14,3,54,4,0,4,58
10/21/2019,CRW,WV,AEA,CE,Combined TRACON& Tower with Radar,13,26,6,0,45,0,4,17,0,21,13,30,23,0,66,20,0,20,86
10/22/2019,CRW,WV,AEA,CE,Combined TRACON& Tower with Radar,13,32,19,5,69,0,2,13,7,22,13,34,32,12,91,0,6,6,97
10/23/2019,CRW,WV,AEA,CE,Combined TRACON& Tower with Radar,10,26,25,10,71,0,0,20,8,28,10,26,45,18,99,18,10,28,127
10/24/2019,CRW,WV,AEA,CE,Combined TRACON& Tower with Radar,12,28,11,21,72,0,4,28,1,33,12,32,39,22,105,4,8,12,117
10/25/2019,CRW,WV,AEA,CE,Combined TRACON& Tower with Radar,10,32,14,5,61,0,9,12,0,21,10,41,26,5,82,27,0,27,109
10/26/2019,CRW,WV,AEA,CE,Combined TRACON& Tower with Radar,12,17,12,0,41,0,0,7,0,7,12,17,19,0,48,0,0,0,48
10/27/2019,CRW,WV,AEA,CE,Combined TRACON& Tower with Radar,12,23,9,0,44,0,1,8,0,9,12,24,17,0,53,8,0,8,61
10/28/2019,CRW,WV,AEA,CE,Combined TRACON& Tower with Radar,10,22,20,1,53,0,0,10,3,13,10,22,30,4,66,14,0,14,80
10/29/2019,CRW,WV,AEA,CE,Combined TRACON& Tower with Radar,12,26,15,20,73,0,0,20,5,25,12,26,35,25,98,36,24,60,158
10/30/2019,CRW,WV,AEA,CE,Combined TRACON& Tower with Radar,12,27,16,19,74,0,0,6,5,11,12,27,22,24,85,14,0,14,99
10/31/2019,CRW,WV,AEA,CE,Combined TRACON& Tower with Radar,11,21,5,3,40,0,0,0,0,0,11,21,5,3,40,0,0,0,40
11/01/2019,CRW,WV,AEA,CE,Combined TRACON& Tower with Radar,12,26,19,11,68,0,1,20,5,26,12,27,39,16,94,10,6,16,110
11/02/2019,CRW,WV,AEA,CE,Combined TRACON& Tower with Radar,9,22,8,0,39,0,0,21,0,21,9,22,29,0,60,0,0,0,60
11/03/2019,CRW,WV,AEA,CE,Combined TRACON& Tower with Radar,13,23,5,1,42,0,0,15,0,15,13,23,20,1,57,0,0,0,57
11/04/2019,CRW,WV,AEA,CE,Combined TRACON& Tower with Radar,12,25,4,4,45,0,0,15,3,18,12,25,19,7,63,12,0,12,75
11/05/2019,CRW,WV,AEA,CE,Combined TRACON& Tower with Radar,13,27,12,11,63,0,0,21,3,24,13,27,33,14,87,32,0,32,119
11/06/2019,CRW,WV,AEA,CE,Combined TRACON& Tower with Radar,11,26,9,10,56,0,7,18,11,36,11,33,27,21,92,14,24,38,130
11/07/2019,CRW,WV,AEA,CE,Combined TRACON& Tower with Radar,13,29,11,2,55,0,0,3,0,3,13,29,14,2,58,0,0,0,58
11/08/2019,CRW,WV,AEA,CE,Combined TRACON& Tower with Radar,13,27,11,14,65,0,0,15,2,17,13,27,26,16,82,22,12,34,116
11/09/2019,CRW,WV,AEA,CE,Combined TRACON& Tower with Radar,12,23,6,0,41,0,2,13,0,15,12,25,19,0,56,0,0,0,56
11/10/2019,CRW,WV,AEA,CE,Combined TRACON& Tower with Radar,14,26,18,0,58,0,0,32,0,32,14,26,50,0,90,6,0,6,96
11/11/2019,CRW,WV,AEA,CE,Combined TRACON& Tower with Radar,12,17,8,0,37,0,2,19,2,23,12,19,27,2,60,0,0,0,60
11/12/2019,CRW,WV,AEA,CE,Combined TRACON& Tower with Radar,12,29,14,2,57,0,0,3,0,3,12,29,17,2,60,0,0,0,60
11/13/2019,CRW,WV,AEA,CE,Combined TRACON& Tower with Radar,13,29,26,16,84,0,2,17,4,23,13,31,43,20,107,0,0,0,107
11/14/2019,CRW,WV,AEA,CE,Combined TRACON& Tower with Radar,12,24,15,24,75,0,2,19,7,28,12,26,34,31,103,6,16,22,125
11/15/2019,CRW,WV,AEA,CE,Combined TRACON& Tower with Radar,14,31,20,23,88,0,0,18,15,33,14,31,38,38,121,0,0,0,121
11/16/2019,CRW,WV,AEA,CE,Combined TRACON& Tower with Radar,10,24,3,1,38,0,0,8,1,9,10,24,11,2,47,0,2,2,49
11/17/2019,CRW,WV,AEA,CE,Combined TRACON& Tower with Radar,14,22,13,5,54,0,3,18,3,24,14,25,31,8,78,4,0,4,82
11/18/2019,CRW,WV,AEA,CE,Combined TRACON& Tower with Radar,11,27,10,6,54,0,0,15,10,25,11,27,25,16,79,16,6,22,101
11/19/2019,CRW,WV,AEA,CE,Combined TRACON& Tower with Radar,13,30,14,15,72,0,0,18,2,20,13,30,32,17,92,14,0,14,106
11/20/2019,CRW,WV,AEA,CE,Combined TRACON& Tower with Radar,12,26,17,14,69,0,0,5,3,8,12,26,22,17,77,0,8,8,85
11/21/2019,CRW,WV,AEA,CE,Combined TRACON& Tower with Radar,13,32,18,2,65,0,0,24,0,24,13,32,42,2,89,19,0,19,108
11/22/2019,CRW,WV,AEA,CE,Combined TRACON& Tower with Radar,14,26,10,0,50,0,0,2,0,2,14,26,12,0,52,0,0,0,52
11/23/2019,CRW,WV,AEA,CE,Combined TRACON& Tower with Radar,15,23,8,0,46,0,0,1,0,1,15,23,9,0,47,0,0,0,47
11/24/2019,CRW,WV,AEA,CE,Combined TRACON& Tower with Radar,16,20,12,0,48,0,1,17,0,18,16,21,29,0,66,28,0,28,94
11/25/2019,CRW,WV,AEA,CE,Combined TRACON& Tower with Radar,14,15,8,1,38,0,0,29,0,29,14,15,37,1,67,0,0,0,67
11/26/2019,CRW,WV,AEA,CE,Combined TRACON& Tower with Radar,13,23,16,0,52,0,0,38,0,38,13,23,54,0,90,15,0,15,105
11/27/2019,CRW,WV,AEA,CE,Combined TRACON& Tower with Radar,14,27,3,0,44,0,0,1,0,1,14,27,4,0,45,0,0,0,45
11/28/2019,CRW,WV,AEA,CE,Combined TRACON& Tower with Radar,9,7,0,0,16,0,0,1,0,1,9,7,1,0,17,0,0,0,17
11/29/2019,CRW,WV,AEA,CE,Combined TRACON& Tower with Radar,11,11,12,0,34,0,0,8,0,8,11,11,20,0,42,12,0,12,54
11/30/2019,CRW,WV,AEA,CE,Combined TRACON& Tower with Radar,15,27,5,0,47,0,1,1,0,2,15,28,6,0,49,0,0,0,49
12/01/2019,CRW,WV,AEA,CE,Combined TRACON& Tower with Radar,15,22,7,0,44,0,0,0,0,0,15,22,7,0,44,0,0,0,44
12/02/2019,CRW,WV,AEA,CE,Combined TRACON& Tower with Radar,15,21,2,2,40,0,0,0,0,0,15,21,2,2,40,0,0,0,40
12/03/2019,CRW,WV,AEA,CE,Combined TRACON& Tower with Radar,14,31,11,16,72,0,0,11,2,13,14,31,22,18,85,0,8,8,93
12/04/2019,CRW,WV,AEA,CE,Combined TRACON& Tower with Radar,14,26,12,3,55,0,1,19,6,26,14,27,31,9,81,10,0,10,91
12/05/2019,CRW,WV,AEA,CE,Combined TRACON& Tower with Radar,14,31,27,15,87,0,1,38,14,53,14,32,65,29,140,21,0,21,161
12/06/2019,CRW,WV,AEA,CE,Combined TRACON& Tower with Radar,12,33,10,13,68,0,0,14,13,27,12,33,24,26,95,14,26,40,135
12/07/2019,CRW,WV,AEA,CE,Combined TRACON& Tower with Radar,11,17,11,1,40,0,4,26,1,31,11,21,37,2,71,27,0,27,98
12/08/2019,CRW,WV,AEA,CE,Combined TRACON& Tower with Radar,13,19,10,6,48,0,0,18,8,26,13,19,28,14,74,0,0,0,74
12/09/2019,CRW,WV,AEA,CE,Combined TRACON& Tower with Radar,14,21,4,13,52,0,0,0,13,13,14,21,4,26,65,0,24,24,89
12/10/2019,CRW,WV,AEA,CE,Combined TRACON& Tower with Radar,16,25,11,6,58,0,0,0,4,4,16,25,11,10,62,0,0,0,62
12/11/2019,CRW,WV,AEA,CE,Combined TRACON& Tower with Radar,14,21,20,10,65,0,0,18,5,23,14,21,38,15,88,16,0,16,104
12/12/2019,CRW,WV,AEA,CE,Combined TRACON& Tower with Radar,14,25,24,10,73,0,4,17,1,22,14,29,41,11,95,14,0,14,109
12/13/2019,CRW,WV,AEA,CE,Combined TRACON& Tower with Radar,14,26,13,8,61,0,0,2,1,3,14,26,15,9,64,0,6,6,70
12/14/2019,CRW,WV,AEA,CE,Combined TRACON& Tower with Radar,11,15,10,0,36,0,0,0,0,0,11,15,10,0,36,0,0,0,36
12/15/2019,CRW,WV,AEA,CE,Combined TRACON& Tower with Radar,13,19,5,1,38,0,0,18,0,18,13,19,23,1,56,0,0,0,56
12/16/2019,CRW,WV,AEA,CE,Combined TRACON& Tower with Radar,15,22,18,0,55,0,0,0,0,0,15,22,18,0,55,0,0,0,55
12/17/2019,CRW,WV,AEA,CE,Combined TRACON& Tower with Radar,14,24,6,5,49,0,0,0,0,0,14,24,6,5,49,0,0,0,49
12/18/2019,CRW,WV,AEA,CE,Combined TRACON& Tower with Radar,6,28,13,0,47,0,0,4,0,4,6,28,17,0,51,0,0,0,51
12/19/2019,CRW,WV,AEA,CE,Combined TRACON& Tower with Radar,4,33,32,11,80,0,0,16,14,30,4,33,48,25,110,22,0,22,132
12/20/2019,CRW,WV,AEA,CE,Combined TRACON& Tower with Radar,6,25,10,6,47,0,1,24,0,25,6,26,34,6,72,7,0,7,79
12/21/2019,CRW,WV,AEA,CE,Combined TRACON& Tower with Radar,4,30,4,0,38,0,0,17,2,19,4,30,21,2,57,2,0,2,59
12/22/2019,CRW,WV,AEA,CE,Combined TRACON& Tower with Radar,6,24,5,0,35,0,0,22,0,22,6,24,27,0,57,34,0,34,91
12/23/2019,CRW,WV,AEA,CE,Combined TRACON& Tower with Radar,4,27,9,2,42,0,0,23,0,23,4,27,32,2,65,16,0,16,81
12/24/2019,CRW,WV,AEA,CE,Combined TRACON& Tower with Radar,4,18,4,2,28,0,0,8,2,10,4,18,12,4,38,0,0,0,38
12/25/2019,CRW,WV,AEA,CE,Combined TRACON& Tower with Radar,2,20,1,0,23,0,1,2,0,3,2,21,3,0,26,16,0,16,42
12/26/2019,CRW,WV,AEA,CE,Combined TRACON& Tower with Radar,4,25,11,2,42,0,4,10,0,14,4,29,21,2,56,0,0,0,56
12/27/2019,CRW,WV,AEA,CE,Combined TRACON& Tower with Radar,4,27,9,2,42,0,0,9,0,9,4,27,18,2,51,0,0,0,51
12/28/2019,CRW,WV,AEA,CE,Combined TRACON& Tower with Radar,4,33,5,0,42,0,0,9,0,9,4,33,14,0,51,0,0,0,51
12/29/2019,CRW,WV,AEA,CE,Combined TRACON& Tower with Radar,6,26,7,0,39,0,0,1,0,1,6,26,8,0,40,0,0,0,40
12/30/2019,CRW,WV,AEA,CE,Combined TRACON& Tower with Radar,6,30,2,0,38,0,0,2,0,2,6,30,4,0,40,0,0,0,40
12/31/2019,CRW,WV,AEA,CE,Combined TRACON& Tower with Radar,4,17,1,0,22,0,0,3,0,3,4,17,4,0,25,0,0,0,25
01/01/2020,CRW,WV,AEA,CE,Combined TRACON& Tower with Radar,2,21,8,0,31,0,0,12,0,12,2,21,20,0,43,0,0,0,43
01/02/2020,CRW,WV,AEA,CE,Combined TRACON& Tower with Radar,6,25,15,2,48,0,2,6,0,8,6,27,21,2,56,8,0,8,64
01/03/2020,CRW,WV,AEA,CE,Combined TRACON& Tower with Radar,4,31,6,2,43,0,0,0,0,0,4,31,6,2,43,0,0,0,43
01/04/2020,CRW,WV,AEA,CE,Combined TRACON& Tower with Radar,8,29,2,0,39,0,0,0,0,0,8,29,2,0,39,0,0,0,39
01/05/2020,CRW,WV,AEA,CE,Combined TRACON& Tower with Radar,6,27,3,0,36,0,0,3,0,3,6,27,6,0,39,0,0,0,39
01/06/2020,CRW,WV,AEA,CE,Combined TRACON& Tower with Radar,4,31,6,5,46,0,0,25,0,25,4,31,31,5,71,54,0,54,125
01/07/2020,CRW,WV,AEA,CE,Combined TRACON& Tower with Radar,8,34,13,0,55,0,0,3,0,3,8,34,16,0,58,10,0,10,68
01/08/2020,CRW,WV,AEA,CE,Combined TRACON& Tower with Radar,11,25,4,5,45,0,2,5,9,16,11,27,9,14,61,0,15,15,76
01/09/2020,CRW,WV,AEA,CE,Combined TRACON& Tower with Radar,10,26,12,8,56,0,3,16,12,31,10,29,28,20,87,9,21,30,117
01/10/2020,CRW,WV,AEA,CE,Combined TRACON& Tower with Radar,10,30,7,9,56,0,1,8,6,15,10,31,15,15,71,0,22,22,93
01/11/2020,CRW,WV,AEA,CE,Combined TRACON& Tower with Radar,8,16,2,0,26,0,0,1,0,1,8,16,3,0,27,0,0,0,27
01/12/2020,CRW,WV,AEA,CE,Combined TRACON& Tower with Radar,15,17,18,5,55,0,0,10,2,12,15,17,28,7,67,18,0,18,85
01/13/2020,CRW,WV,AEA,CE,Combined TRACON& Tower with Radar,12,21,8,0,41,0,0,11,3,14,12,21,19,3,55,10,0,10,65
01/14/2020,CRW,WV,AEA,CE,Combined TRACON& Tower with Radar,9,27,20,2,58,0,0,2,0,2,9,27,22,2,60,0,0,0,60
01/15/2020,CRW,WV,AEA,CE,Combined TRACON& Tower with Radar,12,31,12,11,66,0,0,1,2,3,12,31,13,13,69,69,0,69,138
01/16/2020,CRW,WV,AEA,CE,Combined TRACON& Tower with Radar,10,29,16,5,60,0,2,7,0,9,10,31,23,5,69,4,0,4,73
01/17/2020,CRW,WV,AEA,CE,Combined TRACON& Tower with Radar,10,26,26,7,69,0,1,21,0,22,10,27,47,7,91,0,0,0,91
01/18/2020,CRW,WV,AEA,CE,Combined TRACON& Tower with Radar,8,22,1,0,31,0,1,0,0,1,8,23,1,0,32,0,0,0,32
01/19/2020,CRW,WV,AEA,CE,Combined TRACON& Tower with Radar,10,18,1,0,29,0,0,0,0,0,10,18,1,0,29,0,0,0,29
01/20/2020,CRW,WV,AEA,CE,Combined TRACON& Tower with Radar,12,20,8,1,41,0,5,5,1,11,12,25,13,2,52,0,0,0,52
01/21/2020,CRW,WV,AEA,CE,Combined TRACON& Tower with Radar,8,37,10,11,66,0,4,21,8,33,8,41,31,19,99,20,10,30,129
01/22/2020,CRW,WV,AEA,CE,Combined TRACON& Tower with Radar,8,31,13,12,64,0,9,29,7,45,8,40,42,19,109,10,18,28,137
01/23/2020,CRW,WV,AEA,CE,Combined TRACON& Tower with Radar,9,28,23,33,93,0,2,25,15,42,9,30,48,48,135,0,30,30,165
01/24/2020,CRW,WV,AEA,CE,Combined TRACON& Tower with Radar,13,28,9,4,54,0,0,2,2,4,13,28,11,6,58,0,0,0,58
01/25/2020,CRW,WV,AEA,CE,Combined TRACON& Tower with Radar,12,18,2,0,32,0,0,0,0,0,12,18,2,0,32,0,0,0,32
01/26/2020,CRW,WV,AEA,CE,Combined TRACON& Tower with Radar,16,17,3,0,36,0,0,2,0,2,16,17,5,0,38,0,0,0,38
01/27/2020,CRW,WV,AEA,CE,Combined TRACON& Tower with Radar,12,19,9,10,50,0,0,4,0,4,12,19,13,10,54,20,0,20,74
01/28/2020,CRW,WV,AEA,CE,Combined TRACON& Tower with Radar,8,23,13,7,51,0,0,6,1,7,8,23,19,8,58,40,0,40,98
01/29/2020,CRW,WV,AEA,CE,Combined TRACON& Tower with Radar,10,25,14,31,80,0,2,18,3,23,10,27,32,34,103,0,6,6,109
01/30/2020,CRW,WV,AEA,CE,Combined TRACON& Tower with Radar,10,26,15,11,62,0,0,8,11,19,10,26,23,22,81,0,16,16,97
01/31/2020,CRW,WV,AEA,CE,Combined TRACON& Tower with Radar,10,24,12,15,61,0,0,4,12,16,10,24,16,27,77,0,0,0,77
02/01/2020,CRW,WV,AEA,CE,Combined TRACON& Tower with Radar,12,15,3,0,30,0,0,0,0,0,12,15,3,0,30,0,0,0,30
02/02/2020,CRW,WV,AEA,CE,Combined TRACON& Tower with Radar,13,18,3,0,34,0,2,7,0,9,13,20,10,0,43,0,0,0,43
02/03/2020,CRW,WV,AEA,CE,Combined TRACON& Tower with Radar,11,22,17,30,80,0,2,27,27,56,11,24,44,57,136,0,56,56,192
02/04/2020,CRW,WV,AEA,CE,Combined TRACON& Tower with Radar,8,26,10,6,50,0,0,2,2,4,8,26,12,8,54,0,0,0,54
02/05/2020,CRW,WV,AEA,CE,Combined TRACON& Tower with Radar,10,28,11,2,51,0,1,2,0,3,10,29,13,2,54,0,0,0,54
02/06/2020,CRW,WV,AEA,CE,Combined TRACON& Tower with Radar,9,19,15,3,46,0,0,2,0,2,9,19,17,3,48,2,0,2,50
02/07/2020,CRW,WV,AEA,CE,Combined TRACON& Tower with Radar,14,20,4,0,38,0,0,2,0,2,14,20,6,0,40,0,0,0,40
02/08/2020,CRW,WV,AEA,CE,Combined TRACON& Tower with Radar,9,14,11,0,34,0,0,3,3,6,9,14,14,3,40,0,0,0,40
02/09/2020,CRW,WV,AEA,CE,Combined TRACON& Tower with Radar,14,17,14,0,45,0,0,22,0,22,14,17,36,0,67,0,0,0,67
02/10/2020,CRW,WV,AEA,CE,Combined TRACON& Tower with Radar,8,23,4,3,38,0,0,0,0,0,8,23,4,3,38,0,0,0,38
02/11/2020,CRW,WV,AEA,CE,Combined TRACON& Tower with Radar,12,26,11,4,53,0,0,0,0,0,12,26,11,4,53,0,0,0,53
02/12/2020,CRW,WV,AEA,CE,Combined TRACON& Tower with Radar,10,29,7,23,69,0,0,4,6,10,10,29,11,29,79,0,0,0,79
02/13/2020,CRW,WV,AEA,CE,Combined TRACON& Tower with Radar,9,29,12,3,53,0,0,0,0,0,9,29,12,3,53,0,0,0,53
02/14/2020,CRW,WV,AEA,CE,Combined TRACON& Tower with Radar,15,28,14,10,67,0,0,8,2,10,15,28,22,12,77,0,0,0,77
02/15/2020,CRW,WV,AEA,CE,Combined TRACON& Tower with Radar,12,21,20,0,53,0,3,23,0,26,12,24,43,0,79,0,0,0,79
02/16/2020,CRW,WV,AEA,CE,Combined TRACON& Tower with Radar,14,16,8,0,38,0,0,16,0,16,14,16,24,0,54,0,0,0,54
02/17/2020,CRW,WV,AEA,CE,Combined TRACON& Tower with Radar,14,21,15,0,50,0,0,29,2,31,14,21,44,2,81,67,0,67,148
02/18/2020,CRW,WV,AEA,CE,Combined TRACON& Tower with Radar,10,30,14,13,67,0,0,3,0,3,10,30,17,13,70,0,0,0,70
02/19/2020,CRW,WV,AEA,CE,Combined TRACON& Tower with Radar,14,24,24,11,73,0,4,36,10,50,14,28,60,21,123,15,21,36,159
02/20/2020,CRW,WV,AEA,CE,Combined TRACON& Tower with Radar,10,34,19,12,75,0,0,26,0,26,10,34,45,12,101,0,0,0,101
02/21/2020,CRW,WV,AEA,CE,Combined TRACON& Tower with Radar,16,22,8,2,48,0,0,27,0,27,16,22,35,2,75,0,0,0,75
02/22/2020,CRW,WV,AEA,CE,Combined TRACON& Tower with Radar,8,23,16,2,49,0,2,23,0,25,8,25,39,2,74,0,0,0,74
02/23/2020,CRW,WV,AEA,CE,Combined TRACON& Tower with Radar,13,20,28,3,64,0,0,30,1,31,13,20,58,4,95,4,0,4,99
02/24/2020,CRW,WV,AEA,CE,Combined TRACON& Tower with Radar,14,24,8,6,52,0,0,13,0,13,14,24,21,6,65,0,0,0,65
02/25/2020,CRW,WV,AEA,CE,Combined TRACON& Tower with Radar,13,31,21,1,66,0,0,6,0,6,13,31,27,1,72,0,0,0,72
02/26/2020,CRW,WV,AEA,CE,Combined TRACON& Tower with Radar,13,32,7,1,53,0,0,2,0,2,13,32,9,1,55,0,0,0,55
02/27/2020,CRW,WV,AEA,CE,Combined TRACON& Tower with Radar,15,24,17,8,64,0,0,7,0,7,15,24,24,8,71,0,0,0,71
02/28/2020,CRW,WV,AEA,CE,Combined TRACON& Tower with Radar,14,25,10,0,49,0,0,8,0,8,14,25,18,0,57,0,0,0,57
02/29/2020,CRW,WV,AEA,CE,Combined TRACON& Tower with Radar,14,16,12,2,44,0,3,19,0,22,14,19,31,2,66,0,0,0,66
03/01/2020,CRW,WV,AEA,CE,Combined TRACON& Tower with Radar,14,19,16,0,49,0,0,24,0,24,14,19,40,0,73,0,0,0,73
03/02/2020,CRW,WV,AEA,CE,Combined TRACON& Tower with Radar,17,17,4,6,44,0,0,2,0,2,17,17,6,6,46,0,0,0,46
03/03/2020,CRW,WV,AEA,CE,Combined TRACON& Tower with Radar,11,28,9,5,53,0,0,9,0,9,11,28,18,5,62,0,0,0,62
03/04/2020,CRW,WV,AEA,CE,Combined TRACON& Tower with Radar,16,26,31,6,79,0,4,27,14,45,16,30,58,20,124,6,20,26,150
03/05/2020,CRW,WV,AEA,CE,Combined TRACON& Tower with Radar,12,20,21,10,63,0,0,17,2,19,12,20,38,12,82,12,6,18,100
03/06/2020,CRW,WV,AEA,CE,Combined TRACON& Tower with Radar,14,21,8,9,52,0,0,0,0,0,14,21,8,9,52,0,0,0,52
03/07/2020,CRW,WV,AEA,CE,Combined TRACON& Tower with Radar,15,18,11,0,44,0,0,12,0,12,15,18,23,0,56,0,0,0,56
03/08/2020,CRW,WV,AEA,CE,Combined TRACON& Tower with Radar,14,16,17,4,51,0,2,26,4,32,14,18,43,8,83,28,0,28,111
03/09/2020,CRW,WV,AEA,CE,Combined TRACON& Tower with Radar,16,17,15,9,57,0,0,21,4,25,16,17,36,13,82,14,31,45,127
03/10/2020,CRW,WV,AEA,CE,Combined TRACON& Tower with Radar,14,20,7,4,45,0,0,0,1,1,14,20,7,5,46,0,0,0,46
03/11/2020,CRW,WV,AEA,CE,Combined TRACON& Tower with Radar,14,22,10,12,58,0,4,8,4,16,14,26,18,16,74,12,0,12,86
03/12/2020,CRW,WV,AEA,CE,Combined TRACON& Tower with Radar,12,20,12,18,62,0,0,10,1,11,12,20,22,19,73,0,12,12,85
03/13/2020,CRW,WV,AEA,CE,Combined TRACON& Tower with Radar,16,22,11,0,49,0,0,8,0,8,16,22,19,0,57,0,0,0,57
03/14/2020,CRW,WV,AEA,CE,Combined TRACON& Tower with Radar,12,17,7,0,36,0,4,3,0,7,12,21,10,0,43,0,0,0,43
03/15/2020,CRW,WV,AEA,CE,Combined TRACON& Tower with Radar,12,18,11,0,41,0,0,0,0,0,12,18,11,0,41,0,0,0,41
03/16/2020,CRW,WV,AEA,CE,Combined TRACON& Tower with Radar,14,17,11,4,46,0,0,10,0,10,14,17,21,4,56,0,0,0,56
03/17/2020,CRW,WV,AEA,CE,Combined TRACON& Tower with Radar,14,22,6,8,50,0,0,1,0,1,14,22,7,8,51,0,0,0,51
03/18/2020,CRW,WV,AEA,CE,Combined TRACON& Tower with Radar,14,23,10,7,54,0,0,9,3,12,14,23,19,10,66,0,10,10,76
03/19/2020,CRW,WV,AEA,CE,Combined TRACON& Tower with Radar,11,25,7,6,49,0,0,2,7,9,11,25,9,13,58,0,0,0,58
03/20/2020,CRW,WV,AEA,CE,Combined TRACON& Tower with Radar,12,14,2,0,28,0,1,0,0,1,12,15,2,0,29,0,0,0,29
03/21/2020,CRW,WV,AEA,CE,Combined TRACON& Tower with Radar,8,17,1,0,26,0,0,0,0,0,8,17,1,0,26,8,0,8,34
03/22/2020,CRW,WV,AEA,CE,Combined TRACON& Tower with Radar,7,14,6,0,27,0,3,29,0,32,7,17,35,0,59,12,0,12,71
03/23/2020,CRW,WV,AEA,CE,Combined TRACON& Tower with Radar,9,11,4,2,26,0,0,1,0,1,9,11,5,2,27,0,0,0,27
03/24/2020,CRW,WV,AEA,CE,Combined TRACON& Tower with Radar,5,14,1,11,31,0,0,6,1,7,5,14,7,12,38,0,0,0,38
03/25/2020,CRW,WV,AEA,CE,Combined TRACON& Tower with Radar,6,14,2,3,25,0,0,0,0,0,6,14,2,3,25,0,0,0,25
03/26/2020,CRW,WV,AEA,CE,Combined TRACON& Tower with Radar,5,15,8,2,30,0,4,15,2,21,5,19,23,4,51,0,0,0,51
03/27/2020,CRW,WV,AEA,CE,Combined TRACON& Tower with Radar,3,11,4,0,18,0,2,5,0,7,3,13,9,0,25,0,0,0,25
03/28/2020,CRW,WV,AEA,CE,Combined TRACON& Tower with Radar,4,14,4,0,22,0,1,5,0,6,4,15,9,0,28,0,0,0,28
03/29/2020,CRW,WV,AEA,CE,Combined TRACON& Tower with Radar,4,10,2,0,16,0,0,2,0,2,4,10,4,0,18,0,0,0,18
03/30/2020,CRW,WV,AEA,CE,Combined TRACON& Tower with Radar,9,13,8,4,34,0,0,6,0,6,9,13,14,4,40,0,0,0,40
03/31/2020,CRW,WV,AEA,CE,Combined TRACON& Tower with Radar,4,12,6,3,25,0,0,7,3,10,4,12,13,6,35,0,0,0,35
04/01/2020,CRW,WV,AEA,CE,Combined TRACON& Tower with Radar,4,14,3,12,33,0,2,5,0,7,4,16,8,12,40,0,0,0,40
04/02/2020,CRW,WV,AEA,CE,Combined TRACON& Tower with Radar,4,12,6,9,31,0,1,9,1,11,4,13,15,10,42,0,10,10,52
04/03/2020,CRW,WV,AEA,CE,Combined TRACON& Tower with Radar,6,12,4,1,23,0,0,21,4,25,6,12,25,5,48,0,0,0,48
04/04/2020,CRW,WV,AEA,CE,Combined TRACON& Tower with Radar,3,12,4,0,19,0,1,24,0,25,3,13,28,0,44,0,0,0,44
04/05/2020,CRW,WV,AEA,CE,Combined TRACON& Tower with Radar,3,11,7,0,21,0,0,4,4,8,3,11,11,4,29,0,0,0,29
04/06/2020,CRW,WV,AEA,CE,Combined TRACON& Tower with Radar,4,7,7,3,21,0,0,11,0,11,4,7,18,3,32,0,0,0,32
04/07/2020,CRW,WV,AEA,CE,Combined TRACON& Tower with Radar,4,11,3,2,20,0,0,11,2,13,4,11,14,4,33,0,0,0,33
04/08/2020,CRW,WV,AEA,CE,Combined TRACON& Tower with Radar,4,9,5,3,21,0,0,4,3,7,4,9,9,6,28,0,0,0,28
04/09/2020,CRW,WV,AEA,CE,Combined TRACON& Tower with Radar,3,11,6,3,23,0,0,0,1,1,3,11,6,4,24,0,0,0,24
04/10/2020,CRW,WV,AEA,CE,Combined TRACON& Tower with Radar,2,10,4,0,16,0,0,4,0,4,2,10,8,0,20,0,0,0,20
04/11/2020,CRW,WV,AEA,CE,Combined TRACON& Tower with Radar,3,11,10,0,24,0,0,13,0,13,3,11,23,0,37,0,0,0,37
04/12/2020,CRW,WV,AEA,CE,Combined TRACON& Tower with Radar,6,8,0,0,14,0,0,4,0,4,6,8,4,0,18,0,0,0,18
04/13/2020,CRW,WV,AEA,CE,Combined TRACON& Tower with Radar,4,7,2,0,13,0,2,0,0,2,4,9,2,0,15,0,0,0,15
04/14/2020,CRW,WV,AEA,CE,Combined TRACON& Tower with Radar,4,12,3,4,23,0,3,7,3,13,4,15,10,7,36,0,0,0,36
04/15/2020,CRW,WV,AEA,CE,Combined TRACON& Tower with Radar,4,10,6,3,23,0,0,7,1,8,4,10,13,4,31,0,0,0,31
04/16/2020,CRW,WV,AEA,CE,Combined TRACON& Tower with Radar,5,9,7,2,23,0,1,3,2,6,5,10,10,4,29,0,0,0,29
04/17/2020,CRW,WV,AEA,CE,Combined TRACON& Tower with Radar,5,7,4,0,16,0,0,4,0,4,5,7,8,0,20,0,0,0,20
04/18/2020,CRW,WV,AEA,CE,Combined TRACON& Tower with Radar,4,9,6,12,31,0,0,2,0,2,4,9,8,12,33,0,0,0,33
04/19/2020,CRW,WV,AEA,CE,Combined TRACON& Tower with Radar,5,4,3,0,12,0,4,16,0,20,5,8,19,0,32,0,0,0,32
04/20/2020,CRW,WV,AEA,CE,Combined TRACON& Tower with Radar,3,5,7,0,15,0,0,11,2,13,3,5,18,2,28,6,0,6,34
04/21/2020,CRW,WV,AEA,CE,Combined TRACON& Tower with Radar,4,8,2,2,16,0,0,1,1,2,4,8,3,3,18,0,0,0,18
04/22/2020,CRW,WV,AEA,CE,Combined TRACON& Tower with Radar,4,10,9,8,31,0,0,18,9,27,4,10,27,17,58,0,0,0,58
04/23/2020,CRW,WV,AEA,CE,Combined TRACON& Tower with Radar,4,10,1,2,17,0,0,0,0,0,4,10,1,2,17,0,0,0,17
04/24/2020,CRW,WV,AEA,CE,Combined TRACON& Tower with Radar,4,10,2,2,18,0,0,2,0,2,4,10,4,2,20,0,0,0,20
04/25/2020,CRW,WV,AEA,CE,Combined TRACON& Tower with Radar,3,10,1,0,14,0,0,6,0,6,3,10,7,0,20,0,0,0,20
04/26/2020,CRW,WV,AEA,CE,Combined TRACON& Tower with Radar,7,3,2,1,13,0,0,0,0,0,7,3,2,1,13,0,0,0,13
04/27/2020,CRW,WV,AEA,CE,Combined TRACON& Tower with Radar,4,5,6,6,21,0,0,26,0,26,4,5,32,6,47,0,0,0,47
04/28/2020,CRW,WV,AEA,CE,Combined TRACON& Tower with Radar,4,8,2,5,19,0,0,9,5,14,4,8,11,10,33,0,0,0,33
04/29/2020,CRW,WV,AEA,CE,Combined TRACON& Tower with Radar,4,10,2,5,21,0,0,3,3,6,4,10,5,8,27,0,0,0,27
04/30/2020,CRW,WV,AEA,CE,Combined TRACON& Tower with Radar,4,8,3,8,23,0,2,3,1,6,4,10,6,9,29,0,0,0,29
05/01/2020,CRW,WV,AEA,CE,Combined TRACON& Tower with Radar,6,8,4,0,18,0,0,0,0,0,6,8,4,0,18,8,0,8,26
05/02/2020,CRW,WV,AEA,CE,Combined TRACON& Tower with Radar,5,8,16,0,29,0,5,25,0,30,5,13,41,0,59,0,0,0,59
05/03/2020,CRW,WV,AEA,CE,Combined TRACON& Tower with Radar,5,2,4,0,11,0,0,3,0,3,5,2,7,0,14,0,0,0,14
05/04/2020,CRW,WV,AEA,CE,Combined TRACON& Tower with Radar,5,4,4,3,16,0,1,7,4,12,5,5,11,7,28,0,0,0,28
05/05/2020,CRW,WV,AEA,CE,Combined TRACON& Tower with Radar,5,7,2,4,18,0,0,0,0,0,5,7,2,4,18,0,3,3,21
05/06/2020,CRW,WV,AEA,CE,Combined TRACON& Tower with Radar,6,7,2,5,20,0,0,2,15,17,6,7,4,20,37,0,0,0,37
05/07/2020,CRW,WV,AEA,CE,Combined TRACON& Tower with Radar,5,7,8,11,31,0,4,16,1,21,5,11,24,12,52,0,0,0,52
05/08/2020,CRW,WV,AEA,CE,Combined TRACON& Tower with Radar,4,7,3,2,16,0,3,0,2,5,4,10,3,4,21,0,0,0,21
05/09/2020,CRW,WV,AEA,CE,Combined TRACON& Tower with Radar,6,3,7,2,18,0,0,16,0,16,6,3,23,2,34,0,0,0,34
05/10/2020,CRW,WV,AEA,CE,Combined TRACON& Tower with Radar,5,1,15,0,21,0,1,15,0,16,5,2,30,0,37,0,0,0,37
05/11/2020,CRW,WV,AEA,CE,Combined TRACON& Tower with Radar,5,4,4,1,14,0,2,8,0,10,5,6,12,1,24,0,0,0,24
05/12/2020,CRW,WV,AEA,CE,Combined TRACON& Tower with Radar,4,9,15,6,34,0,0,14,1,15,4,9,29,7,49,0,0,0,49
05/13/2020,CRW,WV,AEA,CE,Combined TRACON& Tower with Radar,4,9,11,7,31,0,1,18,5,24,4,10,29,12,55,8,0,8,63
05/14/2020,CRW,WV,AEA,CE,Combined TRACON& Tower with Radar,4,7,5,2,18,0,0,12,0,12,4,7,17,2,30,0,0,0,30
05/15/2020,CRW,WV,AEA,CE,Combined TRACON& Tower with Radar,4,7,9,3,23,0,4,17,0,21,4,11,26,3,44,0,0,0,44
05/16/2020,CRW,WV,AEA,CE,Combined TRACON& Tower with Radar,6,5,6,0,17,0,0,6,0,6,6,5,12,0,23,0,0,0,23
05/17/2020,CRW,WV,AEA,CE,Combined TRACON& Tower with Radar,4,5,3,1,13,0,0,10,0,10,4,5,13,1,23,0,0,0,23
05/18/2020,CRW,WV,AEA,CE,Combined TRACON& Tower with Radar,4,4,9,2,19,0,0,3,2,5,4,4,12,4,24,0,0,0,24
05/19/2020,CRW,WV,AEA,CE,Combined TRACON& Tower with Radar,4,8,4,18,34,0,0,0,0,0,4,8,4,18,34,0,0,0,34
05/20/2020,CRW,WV,AEA,CE,Combined TRACON& Tower with Radar,4,9,4,4,21,0,0,1,0,1,4,9,5,4,22,0,0,0,22
05/21/2020,CRW,WV,AEA,CE,Combined TRACON& Tower with Radar,4,13,16,2,35,0,0,0,0,0,4,13,16,2,35,0,0,0,35
05/22/2020,CRW,WV,AEA,CE,Combined TRACON& Tower with Radar,4,11,13,1,29,0,1,4,0,5,4,12,17,1,34,0,0,0,34
05/23/2020,CRW,WV,AEA,CE,Combined TRACON& Tower with Radar,6,4,11,0,21,0,2,15,0,17,6,6,26,0,38,0,0,0,38
05/24/2020,CRW,WV,AEA,CE,Combined TRACON& Tower with Radar,5,1,1,0,7,0,0,6,0,6,5,1,7,0,13,0,0,0,13
05/25/2020,CRW,WV,AEA,CE,Combined TRACON& Tower with Radar,5,6,17,0,28,0,0,13,0,13,5,6,30,0,41,0,0,0,41
05/26/2020,CRW,WV,AEA,CE,Combined TRACON& Tower with Radar,4,7,17,4,32,0,0,17,0,17,4,7,34,4,49,0,0,0,49
05/27/2020,CRW,WV,AEA,CE,Combined TRACON& Tower with Radar,4,7,18,8,37,0,0,18,12,30,4,7,36,20,67,0,0,0,67
05/28/2020,CRW,WV,AEA,CE,Combined TRACON& Tower with Radar,4,5,9,6,24,0,0,12,0,12,4,5,21,6,36,0,0,0,36
05/29/2020,CRW,WV,AEA,CE,Combined TRACON& Tower with Radar,4,11,10,3,28,0,0,7,3,10,4,11,17,6,38,0,0,0,38
05/30/2020,CRW,WV,AEA,CE,Combined TRACON& Tower with Radar,6,9,11,7,33,0,1,16,0,17,6,10,27,7,50,0,0,0,50
05/31/2020,CRW,WV,AEA,CE,Combined TRACON& Tower with Radar,4,3,8,0,15,0,2,25,0,27,4,5,33,0,42,12,0,12,54
06/01/2020,CRW,WV,AEA,CE,Combined TRACON& Tower with Radar,4,3,16,2,25,0,0,31,2,33,4,3,47,4,58,0,0,0,58
06/02/2020,CRW,WV,AEA,CE,Combined TRACON& Tower with Radar,4,9,8,13,34,0,1,36,5,42,4,10,44,18,76,0,0,0,76
06/03/2020,CRW,WV,AEA,CE,Combined TRACON& Tower with Radar,4,6,12,1,23,0,0,25,7,32,4,6,37,8,55,6,0,6,61
06/04/2020,CRW,WV,AEA,CE,Combined TRACON& Tower with Radar,4,7,13,2,26,0,4,14,4,22,4,11,27,6,48,0,0,0,48
06/05/2020,CRW,WV,AEA,CE,Combined TRACON& Tower with Radar,4,8,8,0,20,0,0,1,0,1,4,8,9,0,21,0,0,0,21
06/06/2020,CRW,WV,AEA,CE,Combined TRACON& Tower with Radar,6,10,10,0,26,0,0,8,0,8,6,10,18,0,34,0,0,0,34
06/07/2020,CRW,WV,AEA,CE,Combined TRACON& Tower with Radar,5,5,5,0,15,0,0,23,0,23,5,5,28,0,38,0,0,0,38
06/08/2020,CRW,WV,AEA,CE,Combined TRACON& Tower with Radar,5,5,7,2,19,0,1,27,0,28,5,6,34,2,47,0,0,0,47
06/09/2020,CRW,WV,AEA,CE,Combined TRACON& Tower with Radar,4,12,13,10,39,0,2,19,4,25,4,14,32,14,64,0,0,0,64
06/10/2020,CRW,WV,AEA,CE,Combined TRACON& Tower with Radar,4,6,5,2,17,0,0,11,3,14,4,6,16,5,31,0,0,0,31
06/11/2020,CRW,WV,AEA,CE,Combined TRACON& Tower with Radar,4,7,6,7,24,0,0,23,10,33,4,7,29,17,57,0,0,0,57
06/12/2020,CRW,WV,AEA,CE,Combined TRACON& Tower with Radar,4,10,8,0,22,0,1,21,3,25,4,11,29,3,47,13,0,13,60
06/13/2020,CRW,WV,AEA,CE,Combined TRACON& Tower with Radar,6,10,8,4,28,0,4,25,3,32,6,14,33,7,60,0,0,0,60
06/14/2020,CRW,WV,AEA,CE,Combined TRACON& Tower with Radar,6,5,2,0,13,0,0,2,0,2,6,5,4,0,15,0,0,0,15
06/15/2020,CRW,WV,AEA,CE,Combined TRACON& Tower with Radar,4,5,13,0,22,0,1,18,0,19,4,6,31,0,41,14,0,14,55
06/16/2020,CRW,WV,AEA,CE,Combined TRACON& Tower with Radar,4,12,15,15,46,0,6,20,4,30,4,18,35,19,76,40,7,47,123
06/17/2020,CRW,WV,AEA,CE,Combined TRACON& Tower with Radar,4,14,9,12,39,0,0,17,1,18,4,14,26,13,57,42,0,42,99
06/18/2020,CRW,WV,AEA,CE,Combined TRACON& Tower with Radar,5,9,6,15,35,0,0,8,9,17,5,9,14,24,52,8,0,8,60
06/19/2020,CRW,WV,AEA,CE,Combined TRACON& Tower with Radar,4,8,16,8,36,0,1,18,13,32,4,9,34,21,68,0,30,30,98
06/20/2020,CRW,WV,AEA,CE,Combined TRACON& Tower with Radar,7,14,5,7,33,0,0,15,5,20,7,14,20,12,53,8,0,8,61
06/21/2020,CRW,WV,AEA,CE,Combined TRACON& Tower with Radar,7,9,10,10,36,0,3,21,5,29,7,12,31,15,65,0,0,0,65
06/22/2020,CRW,WV,AEA,CE,Combined TRACON& Tower with Radar,4,8,15,21,48,0,0,11,4,15,4,8,26,25,63,12,22,34,97
06/23/2020,CRW,WV,AEA,CE,Combined TRACON& Tower with Radar,4,12,10,2,28,0,0,6,0,6,4,12,16,2,34,16,0,16,50
06/24/2020,CRW,WV,AEA,CE,Combined TRACON& Tower with Radar,4,5,11,15,35,0,2,27,21,50,4,7,38,36,85,28,10,38,123
06/25/2020,CRW,WV,AEA,CE,Combined TRACON& Tower with Radar,4,8,13,2,27,0,1,28,9,38,4,9,41,11,65,0,10,10,75
06/26/2020,CRW,WV,AEA,CE,Combined TRACON& Tower with Radar,6,10,13,1,30,0,3,20,3,26,6,13,33,4,56,29,0,29,85
06/27/2020,CRW,WV,AEA,CE,Combined TRACON& Tower with Radar,6,14,17,5,42,0,0,12,0,12,6,14,29,5,54,0,0,0,54
06/28/2020,CRW,WV,AEA,CE,Combined TRACON& Tower with Radar,6,10,5,2,23,0,0,2,0,2,6,10,7,2,25,2,0,2,27
06/29/2020,CRW,WV,AEA,CE,Combined TRACON& Tower with Radar,4,5,5,0,14,12,0,6,0,18,16,5,11,0,32,12,0,12,44
06/30/2020,CRW,WV,AEA,CE,Combined TRACON& Tower with Radar,4,7,8,15,34,0,0,13,10,23,4,7,21,25,57,0,16,16,73
07/01/2020,CRW,WV,AEA,CE,Combined TRACON& Tower with Radar,4,6,22,4,36,0,6,18,2,26,4,12,40,6,62,12,4,16,78
07/02/2020,CRW,WV,AEA,CE,Combined TRACON& Tower with Radar,6,6,18,2,32,0,3,22,0,25,6,9,40,2,57,11,0,11,68
07/03/2020,CRW,WV,AEA,CE,Combined TRACON& Tower with Radar,6,11,22,4,43,0,8,16,2,26,6,19,38,6,69,11,0,11,80
07/04/2020,CRW,WV,AEA,CE,Combined TRACON& Tower with Radar,5,7,10,1,23,0,0,8,0,8,5,7,18,1,31,13,0,13,44
07/05/2020,CRW,WV,AEA,CE,Combined TRACON& Tower with Radar,8,6,11,0,25,0,2,11,2,15,8,8,22,2,40,0,0,0,40
07/06/2020,CRW,WV,AEA,CE,Combined TRACON& Tower with Radar,5,9,19,2,35,0,2,18,4,24,5,11,37,6,59,4,0,4,63
07/07/2020,CRW,WV,AEA,CE,Combined TRACON& Tower with Radar,8,15,16,8,47,0,1,17,0,18,8,16,33,8,65,24,0,24,89
07/08/2020,CRW,WV,AEA,CE,Combined TRACON& Tower with Radar,8,12,3,10,33,0,0,20,6,26,8,12,23,16,59,6,19,25,84
07/09/2020,CRW,WV,AEA,CE,Combined TRACON& Tower with Radar,10,12,15,7,44,0,0,20,10,30,10,12,35,17,74,34,0,34,108
07/10/2020,CRW,WV,AEA,CE,Combined TRACON& Tower with Radar,8,16,11,3,38,0,2,7,0,9,8,18,18,3,47,22,0,22,69
07/11/2020,CRW,WV,AEA,CE,Combined TRACON& Tower with Radar,10,14,2,0,26,0,24,34,0,58,10,38,36,0,84,34,0,34,118
07/12/2020,CRW,WV,AEA,CE,Combined TRACON& Tower with Radar,12,7,10,0,29,0,1,21,3,25,12,8,31,3,54,0,0,0,54
07/13/2020,CRW,WV,AEA,CE,Combined TRACON& Tower with Radar,10,7,10,0,27,0,1,22,0,23,10,8,32,0,50,14,0,14,64
07/14/2020,CRW,WV,AEA,CE,Combined TRACON& Tower with Radar,8,11,20,7,46,0,2,31,1,34,8,13,51,8,80,8,0,8,88
07/15/2020,CRW,WV,AEA,CE,Combined TRACON& Tower with Radar,8,17,14,12,51,0,2,38,4,44,8,19,52,16,95,4,0,4,99
07/16/2020,CRW,WV,AEA,CE,Combined TRACON& Tower with Radar,12,12,10,11,45,0,0,11,2,13,12,12,21,13,58,0,13,13,71
07/17/2020,CRW,WV,AEA,CE,Combined TRACON& Tower with Radar,8,11,6,4,29,0,0,11,0,11,8,11,17,4,40,0,0,0,40
07/18/2020,CRW,WV,AEA,CE,Combined TRACON& Tower with Radar,10,13,12,0,35,0,0,5,0,5,10,13,17,0,40,0,0,0,40
07/19/2020,CRW,WV,AEA,CE,Combined TRACON& Tower with Radar,12,6,8,0,26,0,0,7,0,7,12,6,15,0,33,0,0,0,33
07/20/2020,CRW,WV,AEA,CE,Combined TRACON& Tower with Radar,8,9,7,7,31,0,0,9,4,13,8,9,16,11,44,0,0,0,44
07/21/2020,CRW,WV,AEA,CE,Combined TRACON& Tower with Radar,7,10,11,4,32,0,0,16,1,17,7,10,27,5,49,13,0,13,62
07/22/2020,CRW,WV,AEA,CE,Combined TRACON& Tower with Radar,9,15,8,16,48,0,0,14,2,16,9,15,22,18,64,21,6,27,91
07/23/2020,CRW,WV,AEA,CE,Combined TRACON& Tower with Radar,10,12,6,3,31,0,0,4,0,4,10,12,10,3,35,0,0,0,35
07/24/2020,CRW,WV,AEA,CE,Combined TRACON& Tower with Radar,8,13,16,2,39,0,2,9,4,15,8,15,25,6,54,60,0,60,114
07/25/2020,CRW,WV,AEA,CE,Combined TRACON& Tower with Radar,10,11,14,2,37,0,1,32,0,33,10,12,46,2,70,28,0,28,98
07/26/2020,CRW,WV,AEA,CE,Combined TRACON& Tower with Radar,12,7,17,0,36,0,0,31,0,31,12,7,48,0,67,6,0,6,73
07/27/2020,CRW,WV,AEA,CE,Combined TRACON& Tower with Radar,8,10,20,0,38,0,0,21,2,23,8,10,41,2,61,0,0,0,61
07/28/2020,CRW,WV,AEA,CE,Combined TRACON& Tower with Radar,8,10,8,1,27,0,0,10,1,11,8,10,18,2,38,12,0,12,50
07/29/2020,CRW,WV,AEA,CE,Combined TRACON& Tower with Radar,8,12,9,3,32,0,5,22,5,32,8,17,31,8,64,6,0,6,70
07/30/2020,CRW,WV,AEA,CE,Combined TRACON& Tower with Radar,6,10,2,2,20,0,0,6,6,12,6,10,8,8,32,0,0,0,32
07/31/2020,CRW,WV,AEA,CE,Combined TRACON& Tower with Radar,4,10,8,2,24,0,0,8,0,8,4,10,16,2,32,0,0,0,32
08/01/2020,CRW,WV,AEA,CE,Combined TRACON& Tower with Radar,6,14,4,4,28,0,0,7,6,13,6,14,11,10,41,4,4,8,49
08/02/2020,CRW,WV,AEA,CE,Combined TRACON& Tower with Radar,8,10,8,6,32,0,2,18,0,20,8,12,26,6,52,49,0,49,101
08/03/2020,CRW,WV,AEA,CE,Combined TRACON& Tower with Radar,2,15,5,0,22,0,0,22,0,22,2,15,27,0,44,0,0,0,44
08/04/2020,CRW,WV,AEA,CE,Combined TRACON& Tower with Radar,4,15,10,12,41,0,3,16,1,20,4,18,26,13,61,4,0,4,65
08/05/2020,CRW,WV,AEA,CE,Combined TRACON& Tower with Radar,4,11,8,15,38,0,0,39,6,45,4,11,47,21,83,6,0,6,89
08/06/2020,CRW,WV,AEA,CE,Combined TRACON& Tower with Radar,4,14,27,4,49,0,0,34,1,35,4,14,61,5,84,0,0,0,84
08/07/2020,CRW,WV,AEA,CE,Combined TRACON& Tower with Radar,4,16,7,20,47,0,6,39,5,50,4,22,46,25,97,46,44,90,187
08/08/2020,CRW,WV,AEA,CE,Combined TRACON& Tower with Radar,8,16,8,4,36,0,4,26,15,45,8,20,34,19,81,30,8,38,119
08/09/2020,CRW,WV,AEA,CE,Combined TRACON& Tower with Radar,6,13,13,0,32,0,2,27,13,42,6,15,40,13,74,4,0,4,78
08/10/2020,CRW,WV,AEA,CE,Combined TRACON& Tower with Radar,4,11,11,9,35,0,6,18,16,40,4,17,29,25,75,0,10,10,85
08/11/2020,CRW,WV,AEA,CE,Combined TRACON& Tower with Radar,4,14,23,18,59,0,0,21,14,35,4,14,44,32,94,8,6,14,108
08/12/2020,CRW,WV,AEA,CE,Combined TRACON& Tower with Radar,4,15,32,14,65,0,0,33,13,46,4,15,65,27,111,0,12,12,123
08/13/2020,CRW,WV,AEA,CE,Combined TRACON& Tower with Radar,4,16,19,21,60,0,0,24,15,39,4,16,43,36,99,10,4,14,113
08/14/2020,CRW,WV,AEA,CE,Combined TRACON& Tower with Radar,4,19,6,20,49,0,2,18,6,26,4,21,24,26,75,13,21,34,109
08/15/2020,CRW,WV,AEA,CE,Combined TRACON& Tower with Radar,6,15,9,0,30,0,0,2,0,2,6,15,11,0,32,0,0,0,32
08/16/2020,CRW,WV,AEA,CE,Combined TRACON& Tower with Radar,6,10,8,2,26,0,10,19,0,29,6,20,27,2,55,28,0,28,83
08/17/2020,CRW,WV,AEA,CE,Combined TRACON& Tower with Radar,4,13,21,0,38,0,10,34,6,50,4,23,55,6,88,4,0,4,92
08/18/2020,CRW,WV,AEA,CE,Combined TRACON& Tower with Radar,4,15,26,1,46,0,0,23,6,29,4,15,49,7,75,34,0,34,109
08/19/2020,CRW,WV,AEA,CE,Combined TRACON& Tower with Radar,8,15,24,4,51,0,0,28,10,38,8,15,52,14,89,8,0,8,97
08/20/2020,CRW,WV,AEA,CE,Combined TRACON& Tower with Radar,4,17,21,13,55,0,11,20,15,46,4,28,41,28,101,44,0,44,145
08/21/2020,CRW,WV,AEA,CE,Combined TRACON& Tower with Radar,4,14,21,1,40,0,0,23,2,25,4,14,44,3,65,32,0,32,97
08/22/2020,CRW,WV,AEA,CE,Combined TRACON& Tower with Radar,6,15,12,5,38,0,4,22,0,26,6,19,34,5,64,21,0,21,85
08/23/2020,CRW,WV,AEA,CE,Combined TRACON& Tower with Radar,4,14,13,2,33,0,0,11,2,13,4,14,24,4,46,12,0,12,58
08/24/2020,CRW,WV,AEA,CE,Combined TRACON& Tower with Radar,4,12,8,13,37,0,6,22,8,36,4,18,30,21,73,10,5,15,88
08/25/2020,CRW,WV,AEA,CE,Combined TRACON& Tower with Radar,6,19,23,36,84,1,1,29,8,39,7,20,52,44,123,25,10,35,158
08/26/2020,CRW,WV,AEA,CE,Combined TRACON& Tower with Radar,5,12,16,34,67,0,10,20,22,52,5,22,36,56,119,70,20,90,209
08/27/2020,CRW,WV,AEA,CE,Combined TRACON& Tower with Radar,4,16,16,9,45,0,0,6,4,10,4,16,22,13,55,6,18,24,79
08/28/2020,CRW,WV,AEA,CE,Combined TRACON& Tower with Radar,4,16,11,4,35,0,0,9,3,12,4,16,20,7,47,3,0,3,50
08/29/2020,CRW,WV,AEA,CE,Combined TRACON& Tower with Radar,6,19,2,0,27,0,0,1,0,1,6,19,3,0,28,0,0,0,28
08/30/2020,CRW,WV,AEA,CE,Combined TRACON& Tower with Radar,8,9,9,0,26,0,7,36,0,43,8,16,45,0,69,29,0,29,98
08/31/2020,CRW,WV,AEA,CE,Combined TRACON& Tower with Radar,4,14,16,4,38,0,2,2,0,4,4,16,18,4,42,0,0,0,42
09/01/2020,CRW,WV,AEA,CE,Combined TRACON& Tower with Radar,6,15,11,12,44,0,0,14,9,23,6,15,25,21,67,0,0,0,67
09/02/2020,CRW,WV,AEA,CE,Combined TRACON& Tower with Radar,4,14,9,18,45,0,3,3,18,24,4,17,12,36,69,0,16,16,85
09/03/2020,CRW,WV,AEA,CE,Combined TRACON& Tower with Radar,4,18,8,8,38,0,0,3,10,13,4,18,11,18,51,0,0,0,51
09/04/2020,CRW,WV,AEA,CE,Combined TRACON& Tower with Radar,4,14,10,2,30,0,0,14,0,14,4,14,24,2,44,0,0,0,44
09/05/2020,CRW,WV,AEA,CE,Combined TRACON& Tower with Radar,6,13,13,0,32,0,3,25,0,28,6,16,38,0,60,15,0,15,75
09/06/2020,CRW,WV,AEA,CE,Combined TRACON& Tower with Radar,4,11,9,0,24,0,6,27,0,33,4,17,36,0,57,11,0,11,68
09/07/2020,CRW,WV,AEA,CE,Combined TRACON& Tower with Radar,6,17,15,2,40,0,2,34,0,36,6,19,49,2,76,31,0,31,107
09/08/2020,CRW,WV,AEA,CE,Combined TRACON& Tower with Radar,4,13,14,3,34,0,3,24,2,29,4,16,38,5,63,24,2,26,89
09/09/2020,CRW,WV,AEA,CE,Combined TRACON& Tower with Radar,6,15,20,5,46,0,0,29,3,32,6,15,49,8,78,26,12,38,116
09/10/2020,CRW,WV,AEA,CE,Combined TRACON& Tower with Radar,6,14,15,18,53,0,1,18,0,19,6,15,33,18,72,0,0,0,72
09/11/2020,CRW,WV,AEA,CE,Combined TRACON& Tower with Radar,6,26,23,9,64,0,0,8,1,9,6,26,31,10,73,0,0,0,73
09/12/2020,CRW,WV,AEA,CE,Combined TRACON& Tower with Radar,8,13,10,2,33,0,0,24,3,27,8,13,34,5,60,40,0,40,100
09/13/2020,CRW,WV,AEA,CE,Combined TRACON& Tower with Radar,6,18,18,2,44,0,0,4,0,4,6,18,22,2,48,2,0,2,50
09/14/2020,CRW,WV,AEA,CE,Combined TRACON& Tower with Radar,6,18,10,17,51,0,0,8,0,8,6,18,18,17,59,12,0,12,71
09/15/2020,CRW,WV,AEA,CE,Combined TRACON& Tower with Radar,6,14,15,7,42,0,3,29,0,32,6,17,44,7,74,8,0,8,82
09/16/2020,CRW,WV,AEA,CE,Combined TRACON& Tower with Radar,6,12,22,8,48,0,1,34,2,37,6,13,56,10,85,46,0,46,131
09/17/2020,CRW,WV,AEA,CE,Combined TRACON& Tower with Radar,6,24,12,0,42,0,0,19,2,21,6,24,31,2,63,22,0,22,85
09/18/2020,CRW,WV,AEA,CE,Combined TRACON& Tower with Radar,6,14,30,10,60,0,0,10,0,10,6,14,40,10,70,30,0,30,100
09/19/2020,CRW,WV,AEA,CE,Combined TRACON& Tower with Radar,8,15,5,0,28,0,0,33,0,33,8,15,38,0,61,27,0,27,88
09/20/2020,CRW,WV,AEA,CE,Combined TRACON& Tower with Radar,6,18,12,1,37,0,0,35,0,35,6,18,47,1,72,0,0,0,72
09/21/2020,CRW,WV,AEA,CE,Combined TRACON& Tower with Radar,6,13,12,11,42,0,0,23,4,27,6,13,35,15,69,12,0,12,81
09/22/2020,CRW,WV,AEA,CE,Combined TRACON& Tower with Radar,6,13,23,4,46,0,0,36,6,42,6,13,59,10,88,40,2,42,130
09/23/2020,CRW,WV,AEA,CE,Combined TRACON& Tower with Radar,6,15,9,8,38,0,0,21,2,23,6,15,30,10,61,0,0,0,61
09/24/2020,CRW,WV,AEA,CE,Combined TRACON& Tower with Radar,6,16,12,6,40,0,0,31,0,31,6,16,43,6,71,10,0,10,81
09/25/2020,CRW,WV,AEA,CE,Combined TRACON& Tower with Radar,8,14,11,3,36,0,0,13,2,15,8,14,24,5,51,19,0,19,70
09/26/2020,CRW,WV,AEA,CE,Combined TRACON& Tower with Radar,8,15,13,0,36,0,0,15,4,19,8,15,28,4,55,39,0,39,94
09/27/2020,CRW,WV,AEA,CE,Combined TRACON& Tower with Radar,6,12,17,2,37,0,1,26,9,36,6,13,43,11,73,0,0,0,73
09/28/2020,CRW,WV,AEA,CE,Combined TRACON& Tower with Radar,6,11,14,1,32,0,0,18,10,28,6,11,32,11,60,3,3,6,66
09/29/2020,CRW,WV,AEA,CE,Combined TRACON& Tower with Radar,6,12,10,2,30,0,0,2,2,4,6,12,12,4,34,0,0,0,34
09/30/2020,CRW,WV,AEA,CE,Combined TRACON& Tower with Radar,6,16,5,5,32,0,0,23,9,32,6,16,28,14,64,4,0,4,68
10/01/2020,CRW,WV,AEA,CE,Combined TRACON& Tower with Radar,6,24,39,6,75,0,0,24,13,37,6,24,63,19,112,24,12,36,148
10/02/2020,CRW,WV,AEA,CE,Combined TRACON& Tower with Radar,6,17,13,11,47,0,2,13,10,25,6,19,26,21,72,10,0,10,82
10/03/2020,CRW,WV,AEA,CE,Combined TRACON& Tower with Radar,12,16,9,3,40,0,1,26,8,35,12,17,35,11,75,22,0,22,97
10/04/2020,CRW,WV,AEA,CE,Combined TRACON& Tower with Radar,8,14,7,4,33,0,1,16,13,30,8,15,23,17,63,0,8,8,71
10/05/2020,CRW,WV,AEA,CE,Combined TRACON& Tower with Radar,6,15,29,3,53,0,1,11,2,14,6,16,40,5,67,18,0,18,85
10/06/2020,CRW,WV,AEA,CE,Combined TRACON& Tower with Radar,6,10,11,4,31,0,1,18,4,23,6,11,29,8,54,12,0,12,66
10/07/2020,CRW,WV,AEA,CE,Combined TRACON& Tower with Radar,6,16,5,6,33,0,2,10,8,20,6,18,15,14,53,20,0,20,73
10/08/2020,CRW,WV,AEA,CE,Combined TRACON& Tower with Radar,9,16,15,7,47,0,2,34,2,38,9,18,49,9,85,28,0,28,113
10/09/2020,CRW,WV,AEA,CE,Combined TRACON& Tower with Radar,7,20,23,0,50,0,0,21,0,21,7,20,44,0,71,0,0,0,71
10/10/2020,CRW,WV,AEA,CE,Combined TRACON& Tower with Radar,6,23,19,0,48,0,0,2,0,2,6,23,21,0,50,2,0,2,52
10/11/2020,CRW,WV,AEA,CE,Combined TRACON& Tower with Radar,6,14,8,1,29,0,0,1,0,1,6,14,9,1,30,0,0,0,30
10/12/2020,CRW,WV,AEA,CE,Combined TRACON& Tower with Radar,6,13,6,0,25,0,0,10,0,10,6,13,16,0,35,34,0,34,69
10/13/2020,CRW,WV,AEA,CE,Combined TRACON& Tower with Radar,6,23,18,4,51,0,2,16,0,18,6,25,34,4,69,14,0,14,83
10/14/2020,CRW,WV,AEA,CE,Combined TRACON& Tower with Radar,6,19,16,1,42,0,0,35,3,38,6,19,51,4,80,0,0,0,80
10/15/2020,CRW,WV,AEA,CE,Combined TRACON& Tower with Radar,8,21,10,0,39,0,2,29,5,36,8,23,39,5,75,12,0,12,87
10/16/2020,CRW,WV,AEA,CE,Combined TRACON& Tower with Radar,6,16,6,4,32,0,0,8,4,12,6,16,14,8,44,15,0,15,59
10/17/2020,CRW,WV,AEA,CE,Combined TRACON& Tower with Radar,6,17,10,4,37,0,0,33,0,33,6,17,43,4,70,18,0,18,88
10/18/2020,CRW,WV,AEA,CE,Combined TRACON& Tower with Radar,6,15,12,0,33,0,5,18,0,23,6,20,30,0,56,4,0,4,60
10/19/2020,CRW,WV,AEA,CE,Combined TRACON& Tower with Radar,6,13,12,2,33,0,0,18,7,25,6,13,30,9,58,24,0,24,82
10/20/2020,CRW,WV,AEA,CE,Combined TRACON& Tower with Radar,6,14,15,13,48,0,6,13,7,26,6,20,28,20,74,24,32,56,130
10/21/2020,CRW,WV,AEA,CE,Combined TRACON& Tower with Radar,6,15,13,16,50,0,2,29,20,51,6,17,42,36,101,3,0,3,104
10/22/2020,CRW,WV,AEA,CE,Combined TRACON& Tower with Radar,6,17,18,10,51,0,2,29,15,46,6,19,47,25,97,5,4,9,106
10/23/2020,CRW,WV,AEA,CE,Combined TRACON& Tower with Radar,6,19,11,2,38,0,0,32,9,41,6,19,43,11,79,8,0,8,87
10/24/2020,CRW,WV,AEA,CE,Combined TRACON& Tower with Radar,6,13,5,2,26,0,0,0,0,0,6,13,5,2,26,0,0,0,26
10/25/2020,CRW,WV,AEA,CE,Combined TRACON& Tower with Radar,6,13,6,0,25,0,0,2,0,2,6,13,8,0,27,0,0,0,27
10/26/2020,CRW,WV,AEA,CE,Combined TRACON& Tower with Radar,6,13,17,15,51,0,0,8,0,8,6,13,25,15,59,0,0,0,59
10/27/2020,CRW,WV,AEA,CE,Combined TRACON& Tower with Radar,6,14,14,15,49,0,3,9,6,18,6,17,23,21,67,12,0,12,79
10/28/2020,CRW,WV,AEA,CE,Combined TRACON& Tower with Radar,6,14,14,23,57,0,0,4,5,9,6,14,18,28,66,30,0,30,96
10/29/2020,CRW,WV,AEA,CE,Combined TRACON& Tower with Radar,6,14,13,0,33,0,0,0,0,0,6,14,13,0,33,0,0,0,33
10/30/2020,CRW,WV,AEA,CE,Combined TRACON& Tower with Radar,6,16,6,0,28,0,1,1,2,4,6,17,7,2,32,0,0,0,32
10/31/2020,CRW,WV,AEA,CE,Combined TRACON& Tower with Radar,4,11,7,0,22,0,3,30,1,34,4,14,37,1,56,0,0,0,56
11/01/2020,CRW,WV,AEA,CE,Combined TRACON& Tower with Radar,8,15,5,0,28,0,0,10,0,10,8,15,15,0,38,0,0,0,38
11/02/2020,CRW,WV,AEA,CE,Combined TRACON& Tower with Radar,6,12,7,3,28,0,0,15,0,15,6,12,22,3,43,0,0,0,43
11/03/2020,CRW,WV,AEA,CE,Combined TRACON& Tower with Radar,6,16,4,19,45,0,0,26,10,36,6,16,30,29,81,16,46,62,143
11/04/2020,CRW,WV,AEA,CE,Combined TRACON& Tower with Radar,4,10,34,5,53,0,0,50,29,79,4,10,84,34,132,54,52,106,238
11/05/2020,CRW,WV,AEA,CE,Combined TRACON& Tower with Radar,6,14,17,14,51,0,0,29,9,38,6,14,46,23,89,4,4,8,97
11/06/2020,CRW,WV,AEA,CE,Combined TRACON& Tower with Radar,6,17,24,9,56,0,2,34,4,40,6,19,58,13,96,0,0,0,96
11/07/2020,CRW,WV,AEA,CE,Combined TRACON& Tower with Radar,6,13,10,2,31,0,5,28,6,39,6,18,38,8,70,8,0,8,78
11/08/2020,CRW,WV,AEA,CE,Combined TRACON& Tower with Radar,8,14,12,11,45,0,2,26,11,39,8,16,38,22,84,0,0,0,84
11/09/2020,CRW,WV,AEA,CE,Combined TRACON& Tower with Radar,6,19,13,15,53,0,9,25,17,51,6,28,38,32,104,30,4,34,138
11/10/2020,CRW,WV,AEA,CE,Combined TRACON& Tower with Radar,4,16,16,15,51,0,1,22,13,36,4,17,38,28,87,4,4,8,95
11/11/2020,CRW,WV,AEA,CE,Combined TRACON& Tower with Radar,4,16,12,2,34,0,1,0,0,1,4,17,12,2,35,0,0,0,35
11/12/2020,CRW,WV,AEA,CE,Combined TRACON& Tower with Radar,8,20,7,9,44,0,0,0,0,0,8,20,7,9,44,0,0,0,44
11/13/2020,CRW,WV,AEA,CE,Combined TRACON& Tower with Radar,6,18,15,1,40,0,0,16,9,25,6,18,31,10,65,28,0,28,93
11/14/2020,CRW,WV,AEA,CE,Combined TRACON& Tower with Radar,6,12,13,0,31,0,2,25,12,39,6,14,38,12,70,12,0,12,82
11/15/2020,CRW,WV,AEA,CE,Combined TRACON& Tower with Radar,8,16,4,0,28,0,0,0,0,0,8,16,4,0,28,0,0,0,28
11/16/2020,CRW,WV,AEA,CE,Combined TRACON& Tower with Radar,6,14,12,1,33,0,0,1,11,12,6,14,13,12,45,0,0,0,45
11/17/2020,CRW,WV,AEA,CE,Combined TRACON& Tower with Radar,4,13,12,5,34,0,0,9,13,22,4,13,21,18,56,8,0,8,64
11/18/2020,CRW,WV,AEA,CE,Combined TRACON& Tower with Radar,4,14,10,15,43,0,1,28,16,45,4,15,38,31,88,50,14,64,152
11/19/2020,CRW,WV,AEA,CE,Combined TRACON& Tower with Radar,6,19,7,1,33,0,0,12,8,20,6,19,19,9,53,0,0,0,53
11/20/2020,CRW,WV,AEA,CE,Combined TRACON& Tower with Radar,6,19,10,8,43,0,2,19,14,35,6,21,29,22,78,0,0,0,78
11/21/2020,CRW,WV,AEA,CE,Combined TRACON& Tower with Radar,6,15,14,2,37,0,0,9,8,17,6,15,23,10,54,0,0,0,54
11/22/2020,CRW,WV,AEA,CE,Combined TRACON& Tower with Radar,8,15,18,3,44,0,0,6,0,6,8,15,24,3,50,0,0,0,50
11/23/2020,CRW,WV,AEA,CE,Combined TRACON& Tower with Radar,4,16,2,0,22,0,1,7,0,8,4,17,9,0,30,10,0,10,40
11/24/2020,CRW,WV,AEA,CE,Combined TRACON& Tower with Radar,6,16,21,0,43,0,0,25,0,25,6,16,46,0,68,5,0,5,73
11/25/2020,CRW,WV,AEA,CE,Combined TRACON& Tower with Radar,6,20,3,0,29,0,0,5,0,5,6,20,8,0,34,42,0,42,76
11/26/2020,CRW,WV,AEA,CE,Combined TRACON& Tower with Radar,0,10,5,0,15,0,0,2,0,2,0,10,7,0,17,0,0,0,17
11/27/2020,CRW,WV,AEA,CE,Combined TRACON& Tower with Radar,4,12,5,0,21,0,0,0,0,0,4,12,5,0,21,0,0,0,21
11/28/2020,CRW,WV,AEA,CE,Combined TRACON& Tower with Radar,6,17,6,0,29,0,0,5,0,5,6,17,11,0,34,0,0,0,34
11/29/2020,CRW,WV,AEA,CE,Combined TRACON& Tower with Radar,6,17,17,0,40,0,2,16,0,18,6,19,33,0,58,0,0,0,58
11/30/2020,CRW,WV,AEA,CE,Combined TRACON& Tower with Radar,6,15,5,2,28,0,0,0,0,0,6,15,5,2,28,0,0,0,28
12/01/2020,CRW,WV,AEA,CE,Combined TRACON& Tower with Radar,7,16,1,3,27,0,0,0,0,0,7,16,1,3,27,0,0,0,27
12/02/2020,CRW,WV,AEA,CE,Combined TRACON& Tower with Radar,7,16,10,7,40,0,2,15,9,26,7,18,25,16,66,10,16,26,92
12/03/2020,CRW,WV,AEA,CE,Combined TRACON& Tower with Radar,6,18,28,9,61,0,0,34,8,42,6,18,62,17,103,11,7,18,121
12/04/2020,CRW,WV,AEA,CE,Combined TRACON& Tower with Radar,6,20,4,9,39,0,0,4,3,7,6,20,8,12,46,0,0,0,46
12/05/2020,CRW,WV,AEA,CE,Combined TRACON& Tower with Radar,4,15,6,2,27,0,0,4,0,4,4,15,10,2,31,10,0,10,41
12/06/2020,CRW,WV,AEA,CE,Combined TRACON& Tower with Radar,6,14,5,0,25,0,0,22,0,22,6,14,27,0,47,14,0,14,61
12/07/2020,CRW,WV,AEA,CE,Combined TRACON& Tower with Radar,6,13,5,3,27,0,0,10,11,21,6,13,15,14,48,0,26,26,74
12/08/2020,CRW,WV,AEA,CE,Combined TRACON& Tower with Radar,4,16,19,12,51,0,7,23,3,33,4,23,42,15,84,6,8,14,98
12/09/2020,CRW,WV,AEA,CE,Combined TRACON& Tower with Radar,4,13,28,3,48,0,12,25,8,45,4,25,53,11,93,0,10,10,103
12/10/2020,CRW,WV,AEA,CE,Combined TRACON& Tower with Radar,6,17,26,6,55,0,2,37,11,50,6,19,63,17,105,52,3,55,160
12/11/2020,CRW,WV,AEA,CE,Combined TRACON& Tower with Radar,6,18,22,2,48,0,0,34,0,34,6,18,56,2,82,26,0,26,108
12/12/2020,CRW,WV,AEA,CE,Combined TRACON& Tower with Radar,4,17,4,2,27,0,1,9,0,10,4,18,13,2,37,0,0,0,37
12/13/2020,CRW,WV,AEA,CE,Combined TRACON& Tower with Radar,6,14,22,0,42,0,0,21,0,21,6,14,43,0,63,10,0,10,73
12/14/2020,CRW,WV,AEA,CE,Combined TRACON& Tower with Radar,6,13,7,7,33,0,0,0,0,0,6,13,7,7,33,0,0,0,33
12/15/2020,CRW,WV,AEA,CE,Combined TRACON& Tower with Radar,5,13,19,8,45,0,6,34,7,47,5,19,53,15,92,42,28,70,162
12/16/2020,CRW,WV,AEA,CE,Combined TRACON& Tower with Radar,4,12,7,0,23,0,0,0,0,0,4,12,7,0,23,0,0,0,23
12/17/2020,CRW,WV,AEA,CE,Combined TRACON& Tower with Radar,6,13,5,0,24,0,0,0,0,0,6,13,5,0,24,0,0,0,24
12/18/2020,CRW,WV,AEA,CE,Combined TRACON& Tower with Radar,6,18,11,16,51,0,0,13,4,17,6,18,24,20,68,6,8,14,82
12/19/2020,CRW,WV,AEA,CE,Combined TRACON& Tower with Radar,6,15,9,0,30,0,0,32,0,32,6,15,41,0,62,2,0,2,64
12/20/2020,CRW,WV,AEA,CE,Combined TRACON& Tower with Radar,4,8,2,2,16,0,0,4,0,4,4,8,6,2,20,0,0,0,20
12/21/2020,CRW,WV,AEA,CE,Combined TRACON& Tower with Radar,6,11,20,8,45,0,0,8,0,8,6,11,28,8,53,0,8,8,61
12/22/2020,CRW,WV,AEA,CE,Combined TRACON& Tower with Radar,6,14,6,2,28,0,2,13,6,21,6,16,19,8,49,8,26,34,83
12/23/2020,CRW,WV,AEA,CE,Combined TRACON& Tower with Radar,6,14,18,0,38,0,0,16,0,16,6,14,34,0,54,0,0,0,54
12/24/2020,CRW,WV,AEA,CE,Combined TRACON& Tower with Radar,5,10,0,0,15,0,0,0,0,0,5,10,0,0,15,0,0,0,15
12/25/2020,CRW,WV,AEA,CE,Combined TRACON& Tower with Radar,3,8,0,0,11,0,0,0,0,0,3,8,0,0,11,0,0,0,11
12/26/2020,CRW,WV,AEA,CE,Combined TRACON& Tower with Radar,6,13,19,0,38,0,0,19,0,19,6,13,38,0,57,0,0,0,57
12/27/2020,CRW,WV,AEA,CE,Combined TRACON& Tower with Radar,6,19,15,0,40,0,2,21,0,23,6,21,36,0,63,26,0,26,89
12/28/2020,CRW,WV,AEA,CE,Combined TRACON& Tower with Radar,6,16,5,3,30,0,0,3,0,3,6,16,8,3,33,0,0,0,33
12/29/2020,CRW,WV,AEA,CE,Combined TRACON& Tower with Radar,6,14,7,0,27,0,0,18,4,22,6,14,25,4,49,20,0,20,69
12/30/2020,CRW,WV,AEA,CE,Combined TRACON& Tower with Radar,6,17,3,2,28,0,1,13,0,14,6,18,16,2,42,16,0,16,58
12/31/2020,CRW,WV,AEA,CE,Combined TRACON& Tower with Radar,6,10,4,0,20,0,0,0,0,0,6,10,4,0,20,0,0,0,20
01/01/2021,CRW,WV,AEA,CE,Combined TRACON& Tower with Radar,4,11,0,0,15,0,0,2,0,2,4,11,2,0,17,0,0,0,17
01/02/2021,CRW,WV,AEA,CE,Combined TRACON& Tower with Radar,6,15,9,0,30,0,1,7,0,8,6,16,16,0,38,8,0,8,46
01/03/2021,CRW,WV,AEA,CE,Combined TRACON& Tower with Radar,6,12,5,0,23,0,0,0,0,0,6,12,5,0,23,0,0,0,23
01/04/2021,CRW,WV,AEA,CE,Combined TRACON& Tower with Radar,8,9,10,0,27,0,1,6,0,7,8,10,16,0,34,0,0,0,34
01/05/2021,CRW,WV,AEA,CE,Combined TRACON& Tower with Radar,5,10,5,0,20,0,0,0,0,0,5,10,5,0,20,0,0,0,20
01/06/2021,CRW,WV,AEA,CE,Combined TRACON& Tower with Radar,6,11,3,8,28,0,0,0,0,0,6,11,3,8,28,0,2,2,30
01/07/2021,CRW,WV,AEA,CE,Combined TRACON& Tower with Radar,8,16,8,4,36,0,0,16,4,20,8,16,24,8,56,4,0,4,60
01/08/2021,CRW,WV,AEA,CE,Combined TRACON& Tower with Radar,8,12,18,2,40,0,0,11,0,11,8,12,29,2,51,14,0,14,65
01/09/2021,CRW,WV,AEA,CE,Combined TRACON& Tower with Radar,6,13,5,6,30,0,0,7,1,8,6,13,12,7,38,12,0,12,50
01/10/2021,CRW,WV,AEA,CE,Combined TRACON& Tower with Radar,8,10,33,4,55,0,1,53,1,55,8,11,86,5,110,0,0,0,110
01/11/2021,CRW,WV,AEA,CE,Combined TRACON& Tower with Radar,8,9,9,19,45,0,2,20,9,31,8,11,29,28,76,18,54,72,148
01/12/2021,CRW,WV,AEA,CE,Combined TRACON& Tower with Radar,6,10,10,10,36,0,2,19,3,24,6,12,29,13,60,66,20,86,146
01/13/2021,CRW,WV,AEA,CE,Combined TRACON& Tower with Radar,6,12,27,18,63,0,2,46,7,55,6,14,73,25,118,0,14,14,132
01/14/2021,CRW,WV,AEA,CE,Combined TRACON& Tower with Radar,8,13,32,13,66,0,6,28,4,38,8,19,60,17,104,0,0,0,104
01/15/2021,CRW,WV,AEA,CE,Combined TRACON& Tower with Radar,8,17,7,10,42,0,0,2,0,2,8,17,9,10,44,0,0,0,44
01/16/2021,CRW,WV,AEA,CE,Combined TRACON& Tower with Radar,6,7,1,3,17,0,0,2,0,2,6,7,3,3,19,0,0,0,19
01/17/2021,CRW,WV,AEA,CE,Combined TRACON& Tower with Radar,8,10,1,2,21,0,0,3,0,3,8,10,4,2,24,0,0,0,24
01/18/2021,CRW,WV,AEA,CE,Combined TRACON& Tower with Radar,8,13,6,2,29,0,1,4,0,5,8,14,10,2,34,0,0,0,34
01/19/2021,CRW,WV,AEA,CE,Combined TRACON& Tower with Radar,6,18,5,4,33,0,0,1,0,1,6,18,6,4,34,0,0,0,34
01/20/2021,CRW,WV,AEA,CE,Combined TRACON& Tower with Radar,6,14,25,6,51,0,2,15,1,18,6,16,40,7,69,26,0,26,95
01/21/2021,CRW,WV,AEA,CE,Combined TRACON& Tower with Radar,8,17,7,21,53,0,0,8,8,16,8,17,15,29,69,18,18,36,105
01/22/2021,CRW,WV,AEA,CE,Combined TRACON& Tower with Radar,8,17,17,6,48,0,1,17,1,19,8,18,34,7,67,3,0,3,70
01/23/2021,CRW,WV,AEA,CE,Combined TRACON& Tower with Radar,6,12,13,0,31,0,0,35,0,35,6,12,48,0,66,58,0,58,124
01/24/2021,CRW,WV,AEA,CE,Combined TRACON& Tower with Radar,8,10,16,3,37,0,0,8,1,9,8,10,24,4,46,16,0,16,62
01/25/2021,CRW,WV,AEA,CE,Combined TRACON& Tower with Radar,12,10,0,2,24,0,0,0,0,0,12,10,0,2,24,0,0,0,24
01/26/2021,CRW,WV,AEA,CE,Combined TRACON& Tower with Radar,6,18,7,17,48,0,0,7,6,13,6,18,14,23,61,8,4,12,73
01/27/2021,CRW,WV,AEA,CE,Combined TRACON& Tower with Radar,6,12,10,17,45,0,2,18,7,27,6,14,28,24,72,19,14,33,105
01/28/2021,CRW,WV,AEA,CE,Combined TRACON& Tower with Radar,4,18,3,12,37,0,0,2,0,2,4,18,5,12,39,0,0,0,39
01/29/2021,CRW,WV,AEA,CE,Combined TRACON& Tower with Radar,8,12,8,13,41,0,2,38,5,45,8,14,46,18,86,37,0,37,123
01/30/2021,CRW,WV,AEA,CE,Combined TRACON& Tower with Radar,6,11,27,9,53,0,0,45,0,45,6,11,72,9,98,57,0,57,155
01/31/2021,CRW,WV,AEA,CE,Combined TRACON& Tower with Radar,8,12,1,1,22,0,0,0,0,0,8,12,1,1,22,0,0,0,22
02/01/2021,CRW,WV,AEA,CE,Combined TRACON& Tower with Radar,8,9,4,0,21,0,0,0,0,0,8,9,4,0,21,0,0,0,21
02/02/2021,CRW,WV,AEA,CE,Combined TRACON& Tower with Radar,2,10,3,1,16,0,0,3,0,3,2,10,6,1,19,0,0,0,19
02/03/2021,CRW,WV,AEA,CE,Combined TRACON& Tower with Radar,6,12,7,40,65,0,5,28,7,40,6,17,35,47,105,48,16,64,169
02/04/2021,CRW,WV,AEA,CE,Combined TRACON& Tower with Radar,8,18,7,8,41,0,4,25,3,32,8,22,32,11,73,0,10,10,83
02/05/2021,CRW,WV,AEA,CE,Combined TRACON& Tower with Radar,8,18,1,13,40,0,0,11,11,22,8,18,12,24,62,10,20,30,92
02/06/2021,CRW,WV,AEA,CE,Combined TRACON& Tower with Radar,6,12,5,0,23,0,2,20,2,24,6,14,25,2,47,16,0,16,63
02/07/2021,CRW,WV,AEA,CE,Combined TRACON& Tower with Radar,8,12,4,6,30,0,0,10,1,11,8,12,14,7,41,20,0,20,61
02/08/2021,CRW,WV,AEA,CE,Combined TRACON& Tower with Radar,8,11,13,16,48,0,0,27,0,27,8,11,40,16,75,12,8,20,95
02/09/2021,CRW,WV,AEA,CE,Combined TRACON& Tower with Radar,6,13,8,4,31,0,6,6,3,15,6,19,14,7,46,32,0,32,78
02/10/2021,CRW,WV,AEA,CE,Combined TRACON& Tower with Radar,5,10,5,9,29,0,0,0,0,0,5,10,5,9,29,0,0,0,29
02/11/2021,CRW,WV,AEA,CE,Combined TRACON& Tower with Radar,12,21,4,0,37,0,0,2,0,2,12,21,6,0,39,0,0,0,39
02/12/2021,CRW,WV,AEA,CE,Combined TRACON& Tower with Radar,11,13,1,0,25,0,0,0,0,0,11,13,1,0,25,0,0,0,25
02/13/2021,CRW,WV,AEA,CE,Combined TRACON& Tower with Radar,2,8,0,0,10,0,0,0,0,0,2,8,0,0,10,0,0,0,10
02/14/2021,CRW,WV,AEA,CE,Combined TRACON& Tower with Radar,5,6,3,0,14,0,0,0,0,0,5,6,3,0,14,0,0,0,14
02/15/2021,CRW,WV,AEA,CE,Combined TRACON& Tower with Radar,2,8,0,0,10,0,0,0,0,0,2,8,0,0,10,0,0,0,10
02/16/2021,CRW,WV,AEA,CE,Combined TRACON& Tower with Radar,2,10,2,0,14,0,0,1,0,1,2,10,3,0,15,0,0,0,15
02/17/2021,CRW,WV,AEA,CE,Combined TRACON& Tower with Radar,6,24,17,20,67,0,0,24,1,25,6,24,41,21,92,22,0,22,114
02/18/2021,CRW,WV,AEA,CE,Combined TRACON& Tower with Radar,10,19,2,0,31,0,0,0,0,0,10,19,2,0,31,0,0,0,31
02/19/2021,CRW,WV,AEA,CE,Combined TRACON& Tower with Radar,11,18,4,0,33,0,0,0,0,0,11,18,4,0,33,0,0,0,33
02/20/2021,CRW,WV,AEA,CE,Combined TRACON& Tower with Radar,9,13,0,0,22,0,3,24,0,27,9,16,24,0,49,10,0,10,59
02/21/2021,CRW,WV,AEA,CE,Combined TRACON& Tower with Radar,11,11,31,0,53,0,2,42,0,44,11,13,73,0,97,0,0,0,97
02/22/2021,CRW,WV,AEA,CE,Combined TRACON& Tower with Radar,10,14,2,0,26,0,0,0,0,0,10,14,2,0,26,44,0,44,70
02/23/2021,CRW,WV,AEA,CE,Combined TRACON& Tower with Radar,10,12,12,8,42,0,2,17,2,21,10,14,29,10,63,0,0,0,63
02/24/2021,CRW,WV,AEA,CE,Combined TRACON& Tower with Radar,8,10,10,12,40,0,0,21,8,29,8,10,31,20,69,0,0,0,69
02/25/2021,CRW,WV,AEA,CE,Combined TRACON& Tower with Radar,12,16,27,14,69,0,1,36,10,47,12,17,63,24,116,10,26,36,152
02/26/2021,CRW,WV,AEA,CE,Combined TRACON& Tower with Radar,12,14,22,4,52,0,0,28,2,30,12,14,50,6,82,6,0,6,88
02/27/2021,CRW,WV,AEA,CE,Combined TRACON& Tower with Radar,8,11,9,2,30,0,0,5,1,6,8,11,14,3,36,7,0,7,43
02/28/2021,CRW,WV,AEA,CE,Combined TRACON& Tower with Radar,15,10,3,0,28,0,0,1,0,1,15,10,4,0,29,0,0,0,29
03/01/2021,CRW,WV,AEA,CE,Combined TRACON& Tower with Radar,12,13,0,2,27,0,0,3,0,3,12,13,3,2,30,0,0,0,30
03/02/2021,CRW,WV,AEA,CE,Combined TRACON& Tower with Radar,14,10,9,16,49,0,0,36,10,46,14,10,45,26,95,19,26,45,140
03/03/2021,CRW,WV,AEA,CE,Combined TRACON& Tower with Radar,13,6,11,30,60,0,2,31,22,55,13,8,42,52,115,0,36,36,151
03/04/2021,CRW,WV,AEA,CE,Combined TRACON& Tower with Radar,18,9,8,10,45,0,0,25,5,30,18,9,33,15,75,0,0,0,75
03/05/2021,CRW,WV,AEA,CE,Combined TRACON& Tower with Radar,16,9,11,19,55,0,0,40,6,46,16,9,51,25,101,0,3,3,104
03/06/2021,CRW,WV,AEA,CE,Combined TRACON& Tower with Radar,16,7,18,0,41,0,0,31,4,35,16,7,49,4,76,19,0,19,95
03/07/2021,CRW,WV,AEA,CE,Combined TRACON& Tower with Radar,16,8,18,8,50,0,2,30,1,33,16,10,48,9,83,8,0,8,91
03/08/2021,CRW,WV,AEA,CE,Combined TRACON& Tower with Radar,16,5,12,13,46,0,2,36,2,40,16,7,48,15,86,0,0,0,86
03/09/2021,CRW,WV,AEA,CE,Combined TRACON& Tower with Radar,16,11,14,0,41,0,3,43,3,49,16,14,57,3,90,18,0,18,108
03/10/2021,CRW,WV,AEA,CE,Combined TRACON& Tower with Radar,14,6,21,20,61,0,0,18,3,21,14,6,39,23,82,0,0,0,82
03/11/2021,CRW,WV,AEA,CE,Combined TRACON& Tower with Radar,18,8,20,10,56,0,1,27,4,32,18,9,47,14,88,0,0,0,88
03/12/2021,CRW,WV,AEA,CE,Combined TRACON& Tower with Radar,16,16,9,0,41,0,0,0,0,0,16,16,9,0,41,0,0,0,41
03/13/2021,CRW,WV,AEA,CE,Combined TRACON& Tower with Radar,15,8,18,0,41,0,5,25,0,30,15,13,43,0,71,15,0,15,86
03/14/2021,CRW,WV,AEA,CE,Combined TRACON& Tower with Radar,16,6,14,4,40,0,0,23,0,23,16,6,37,4,63,36,0,36,99
03/15/2021,CRW,WV,AEA,CE,Combined TRACON& Tower with Radar,16,5,9,5,35,0,0,20,4,24,16,5,29,9,59,45,4,49,108
03/16/2021,CRW,WV,AEA,CE,Combined TRACON& Tower with Radar,16,7,19,9,51,0,9,19,2,30,16,16,38,11,81,69,10,79,160
03/17/2021,CRW,WV,AEA,CE,Combined TRACON& Tower with Radar,14,9,25,1,49,0,0,29,6,35,14,9,54,7,84,27,4,31,115
03/18/2021,CRW,WV,AEA,CE,Combined TRACON& Tower with Radar,17,14,4,4,39,0,0,0,1,1,17,14,4,5,40,0,0,0,40
03/19/2021,CRW,WV,AEA,CE,Combined TRACON& Tower with Radar,17,10,7,11,45,0,0,12,0,12,17,10,19,11,57,6,0,6,63
03/20/2021,CRW,WV,AEA,CE,Combined TRACON& Tower with Radar,17,8,16,0,41,0,1,46,0,47,17,9,62,0,88,85,0,85,173
03/21/2021,CRW,WV,AEA,CE,Combined TRACON& Tower with Radar,16,10,10,0,36,0,1,18,0,19,16,11,28,0,55,110,0,110,165
03/22/2021,CRW,WV,AEA,CE,Combined TRACON& Tower with Radar,16,8,12,1,37,0,0,37,0,37,16,8,49,1,74,0,0,0,74
03/23/2021,CRW,WV,AEA,CE,Combined TRACON& Tower with Radar,19,10,18,6,53,0,1,14,9,24,19,11,32,15,77,0,17,17,94
03/24/2021,CRW,WV,AEA,CE,Combined TRACON& Tower with Radar,15,8,18,20,61,0,2,17,9,28,15,10,35,29,89,25,26,51,140
03/25/2021,CRW,WV,AEA,CE,Combined TRACON& Tower with Radar,18,7,19,3,47,0,2,7,3,12,18,9,26,6,59,0,0,0,59
03/26/2021,CRW,WV,AEA,CE,Combined TRACON& Tower with Radar,18,9,15,6,48,0,1,11,0,12,18,10,26,6,60,0,0,0,60
03/27/2021,CRW,WV,AEA,CE,Combined TRACON& Tower with Radar,16,7,12,0,35,0,1,20,0,21,16,8,32,0,56,0,0,0,56
03/28/2021,CRW,WV,AEA,CE,Combined TRACON& Tower with Radar,15,7,4,0,26,0,0,0,0,0,15,7,4,0,26,10,0,10,36
03/29/2021,CRW,WV,AEA,CE,Combined TRACON& Tower with Radar,17,10,6,6,39,0,0,29,0,29,17,10,35,6,68,16,10,26,94
03/30/2021,CRW,WV,AEA,CE,Combined TRACON& Tower with Radar,16,7,17,25,65,0,1,32,1,34,16,8,49,26,99,6,17,23,122
03/31/2021,CRW,WV,AEA,CE,Combined TRACON& Tower with Radar,14,6,4,22,46,0,0,4,0,4,14,6,8,22,50,0,0,0,50
04/01/2021,CRW,WV,AEA,CE,Combined TRACON& Tower with Radar,18,13,11,8,50,0,4,9,10,23,18,17,20,18,73,24,0,24,97
04/02/2021,CRW,WV,AEA,CE,Combined TRACON& Tower with Radar,16,9,6,2,33,0,2,19,19,40,16,11,25,21,73,32,0,32,105
04/03/2021,CRW,WV,AEA,CE,Combined TRACON& Tower with Radar,16,7,14,2,39,0,3,36,10,49,16,10,50,12,88,30,15,45,133
04/04/2021,CRW,WV,AEA,CE,Combined TRACON& Tower with Radar,17,4,10,1,32,0,1,21,11,33,17,5,31,12,65,44,0,44,109
04/05/2021,CRW,WV,AEA,CE,Combined TRACON& Tower with Radar,17,11,19,6,53,0,4,45,15,64,17,15,64,21,117,46,0,46,163
04/06/2021,CRW,WV,AEA,CE,Combined TRACON& Tower with Radar,18,8,24,12,62,0,2,50,12,64,18,10,74,24,126,36,0,36,162
04/07/2021,CRW,WV,AEA,CE,Combined TRACON& Tower with Radar,16,9,23,13,61,0,5,30,7,42,16,14,53,20,103,14,10,24,127
04/08/2021,CRW,WV,AEA,CE,Combined TRACON& Tower with Radar,18,12,5,5,40,0,2,11,2,15,18,14,16,7,55,20,8,28,83
04/09/2021,CRW,WV,AEA,CE,Combined TRACON& Tower with Radar,16,9,17,8,50,0,0,26,4,30,16,9,43,12,80,0,0,0,80
04/10/2021,CRW,WV,AEA,CE,Combined TRACON& Tower with Radar,16,11,14,0,41,0,0,15,2,17,16,11,29,2,58,4,0,4,62
04/11/2021,CRW,WV,AEA,CE,Combined TRACON& Tower with Radar,16,8,8,17,49,0,6,5,1,12,16,14,13,18,61,31,0,31,92
04/12/2021,CRW,WV,AEA,CE,Combined TRACON& Tower with Radar,16,7,16,11,50,0,0,11,3,14,16,7,27,14,64,27,8,35,99
04/13/2021,CRW,WV,AEA,CE,Combined TRACON& Tower with Radar,17,8,24,18,67,0,0,47,6,53,17,8,71,24,120,0,0,0,120
04/14/2021,CRW,WV,AEA,CE,Combined TRACON& Tower with Radar,17,11,13,5,46,0,0,5,0,5,17,11,18,5,51,0,0,0,51
04/15/2021,CRW,WV,AEA,CE,Combined TRACON& Tower with Radar,19,11,25,7,62,0,0,19,1,20,19,11,44,8,82,0,0,0,82
04/16/2021,CRW,WV,AEA,CE,Combined TRACON& Tower with Radar,16,9,7,2,34,0,7,18,2,27,16,16,25,4,61,68,0,68,129
04/17/2021,CRW,WV,AEA,CE,Combined TRACON& Tower with Radar,14,8,15,18,55,0,2,39,0,41,14,10,54,18,96,36,10,46,142
04/18/2021,CRW,WV,AEA,CE,Combined TRACON& Tower with Radar,18,5,15,1,39,0,5,29,0,34,18,10,44,1,73,81,0,81,154
04/19/2021,CRW,WV,AEA,CE,Combined TRACON& Tower with Radar,16,6,25,12,59,0,0,32,2,34,16,6,57,14,93,14,0,14,107
04/20/2021,CRW,WV,AEA,CE,Combined TRACON& Tower with Radar,18,6,14,30,68,0,0,22,4,26,18,6,36,34,94,46,2,48,142
04/21/2021,CRW,WV,AEA,CE,Combined TRACON& Tower with Radar,16,8,11,2,37,0,0,0,2,2,16,8,11,4,39,0,0,0,39
04/22/2021,CRW,WV,AEA,CE,Combined TRACON& Tower with Radar,18,9,16,8,51,0,2,15,5,22,18,11,31,13,73,4,22,26,99
04/23/2021,CRW,WV,AEA,CE,Combined TRACON& Tower with Radar,16,15,22,4,57,0,2,25,0,27,16,17,47,4,84,0,0,0,84
04/24/2021,CRW,WV,AEA,CE,Combined TRACON& Tower with Radar,14,9,15,0,38,0,0,9,0,9,14,9,24,0,47,0,0,0,47
04/25/2021,CRW,WV,AEA,CE,Combined TRACON& Tower with Radar,18,6,15,8,47,0,9,4,0,13,18,15,19,8,60,48,0,48,108
04/26/2021,CRW,WV,AEA,CE,Combined TRACON& Tower with Radar,18,8,18,0,44,0,3,25,0,28,18,11,43,0,72,77,0,77,149
04/27/2021,CRW,WV,AEA,CE,Combined TRACON& Tower with Radar,18,12,10,13,53,0,0,27,4,31,18,12,37,17,84,19,14,33,117
04/28/2021,CRW,WV,AEA,CE,Combined TRACON& Tower with Radar,15,9,16,9,49,0,9,14,15,38,15,18,30,24,87,38,18,56,143
04/29/2021,CRW,WV,AEA,CE,Combined TRACON& Tower with Radar,19,12,20,7,58,0,0,6,0,6,19,12,26,7,64,0,0,0,64
04/30/2021,CRW,WV,AEA,CE,Combined TRACON& Tower with Radar,18,11,17,4,50,0,1,8,6,15,18,12,25,10,65,0,22,22,87
05/01/2021,CRW,WV,AEA,CE,Combined TRACON& Tower with Radar,14,10,11,0,35,0,4,46,4,54,14,14,57,4,89,60,0,60,149
05/02/2021,CRW,WV,AEA,CE,Combined TRACON& Tower with Radar,19,7,23,7,56,0,1,16,2,19,19,8,39,9,75,66,0,66,141
05/03/2021,CRW,WV,AEA,CE,Combined TRACON& Tower with Radar,15,8,13,0,36,0,0,8,0,8,15,8,21,0,44,0,0,0,44
05/04/2021,CRW,WV,AEA,CE,Combined TRACON& Tower with Radar,18,8,12,16,54,0,2,17,2,21,18,10,29,18,75,16,10,26,101
05/05/2021,CRW,WV,AEA,CE,Combined TRACON& Tower with Radar,17,6,23,9,55,0,0,5,0,5,17,6,28,9,60,6,0,6,66
05/06/2021,CRW,WV,AEA,CE,Combined TRACON& Tower with Radar,20,14,15,3,52,0,2,70,1,73,20,16,85,4,125,48,0,48,173
05/07/2021,CRW,WV,AEA,CE,Combined TRACON& Tower with Radar,16,12,13,2,43,0,2,10,2,14,16,14,23,4,57,4,0,4,61
05/08/2021,CRW,WV,AEA,CE,Combined TRACON& Tower with Radar,14,8,18,2,42,0,0,45,1,46,14,8,63,3,88,24,0,24,112
05/09/2021,CRW,WV,AEA,CE,Combined TRACON& Tower with Radar,20,5,7,0,32,0,1,2,0,3,20,6,9,0,35,2,0,2,37
05/10/2021,CRW,WV,AEA,CE,Combined TRACON& Tower with Radar,16,7,21,5,49,0,2,16,0,18,16,9,37,5,67,0,0,0,67
05/11/2021,CRW,WV,AEA,CE,Combined TRACON& Tower with Radar,18,6,20,7,51,0,3,37,9,49,18,9,57,16,100,0,0,0,100
05/12/2021,CRW,WV,AEA,CE,Combined TRACON& Tower with Radar,16,12,15,2,45,0,0,26,17,43,16,12,41,19,88,18,43,61,149
05/13/2021,CRW,WV,AEA,CE,Combined TRACON& Tower with Radar,20,9,35,3,67,0,1,38,4,43,20,10,73,7,110,0,0,0,110
05/14/2021,CRW,WV,AEA,CE,Combined TRACON& Tower with Radar,16,8,17,2,43,0,2,47,1,50,16,10,64,3,93,0,0,0,93
05/15/2021,CRW,WV,AEA,CE,Combined TRACON& Tower with Radar,14,9,33,8,64,0,3,43,0,46,14,12,76,8,110,0,0,0,110
05/16/2021,CRW,WV,AEA,CE,Combined TRACON& Tower with Radar,22,9,13,1,45,0,7,28,0,35,22,16,41,1,80,40,0,40,120
05/17/2021,CRW,WV,AEA,CE,Combined TRACON& Tower with Radar,16,15,21,3,55,0,0,8,0,8,16,15,29,3,63,0,0,0,63
05/18/2021,CRW,WV,AEA,CE,Combined TRACON& Tower with Radar,18,9,19,3,49,0,1,31,7,39,18,10,50,10,88,24,0,24,112
05/19/2021,CRW,WV,AEA,CE,Combined TRACON& Tower with Radar,15,15,21,8,59,0,0,32,2,34,15,15,53,10,93,0,0,0,93
05/20/2021,CRW,WV,AEA,CE,Combined TRACON& Tower with Radar,20,10,26,2,58,0,4,27,3,34,20,14,53,5,92,0,0,0,92
05/21/2021,CRW,WV,AEA,CE,Combined TRACON& Tower with Radar,16,8,12,6,42,0,4,19,4,27,16,12,31,10,69,0,0,0,69
05/22/2021,CRW,WV,AEA,CE,Combined TRACON& Tower with Radar,14,13,16,8,51,0,1,32,7,40,14,14,48,15,91,0,0,0,91
05/23/2021,CRW,WV,AEA,CE,Combined TRACON& Tower with Radar,20,6,9,1,36,0,1,32,2,35,20,7,41,3,71,24,0,24,95
05/24/2021,CRW,WV,AEA,CE,Combined TRACON& Tower with Radar,16,7,21,9,53,0,0,29,4,33,16,7,50,13,86,36,4,40,126
05/25/2021,CRW,WV,AEA,CE,Combined TRACON& Tower with Radar,19,14,31,16,80,0,1,17,0,18,19,15,48,16,98,0,0,0,98
05/26/2021,CRW,WV,AEA,CE,Combined TRACON& Tower with Radar,17,10,9,3,39,0,0,12,0,12,17,10,21,3,51,0,0,0,51
05/27/2021,CRW,WV,AEA,CE,Combined TRACON& Tower with Radar,19,10,24,3,56,0,2,21,4,27,19,12,45,7,83,0,0,0,83
05/28/2021,CRW,WV,AEA,CE,Combined TRACON& Tower with Radar,19,11,11,3,44,0,1,13,0,14,19,12,24,3,58,26,0,26,84
05/29/2021,CRW,WV,AEA,CE,Combined TRACON& Tower with Radar,14,11,10,0,35,0,0,0,0,0,14,11,10,0,35,0,0,0,35
05/30/2021,CRW,WV,AEA,CE,Combined TRACON& Tower with Radar,17,6,12,0,35,0,0,0,0,0,17,6,12,0,35,0,0,0,35
05/31/2021,CRW,WV,AEA,CE,Combined TRACON& Tower with Radar,17,9,31,0,57,0,1,45,0,46,17,10,76,0,103,0,0,0,103
06/01/2021,CRW,WV,AEA,CE,Combined TRACON& Tower with Radar,20,8,26,12,66,0,0,37,1,38,20,8,63,13,104,12,0,12,116
06/02/2021,CRW,WV,AEA,CE,Combined TRACON& Tower with Radar,18,9,22,9,58,0,0,21,7,28,18,9,43,16,86,17,18,35,121
06/03/2021,CRW,WV,AEA,CE,Combined TRACON& Tower with Radar,18,11,24,6,59,0,2,7,9,18,18,13,31,15,77,40,19,59,136
06/04/2021,CRW,WV,AEA,CE,Combined TRACON& Tower with Radar,20,9,23,12,64,0,0,23,5,28,20,9,46,17,92,22,4,26,118
06/05/2021,CRW,WV,AEA,CE,Combined TRACON& Tower with Radar,10,11,13,1,35,0,4,17,3,24,10,15,30,4,59,0,0,0,59
06/06/2021,CRW,WV,AEA,CE,Combined TRACON& Tower with Radar,21,6,10,10,47,0,4,8,2,14,21,10,18,12,61,20,0,20,81
06/07/2021,CRW,WV,AEA,CE,Combined TRACON& Tower with Radar,17,7,7,7,38,0,4,12,4,20,17,11,19,11,58,30,0,30,88
06/08/2021,CRW,WV,AEA,CE,Combined TRACON& Tower with Radar,22,19,18,12,71,0,3,4,4,11,22,22,22,16,82,4,12,16,98
06/09/2021,CRW,WV,AEA,CE,Combined TRACON& Tower with Radar,22,10,11,12,55,0,0,0,0,0,22,10,11,12,55,0,0,0,55
06/10/2021,CRW,WV,AEA,CE,Combined TRACON& Tower with Radar,19,12,15,1,47,0,1,7,0,8,19,13,22,1,55,0,0,0,55
06/11/2021,CRW,WV,AEA,CE,Combined TRACON& Tower with Radar,17,14,25,2,58,0,0,2,0,2,17,14,27,2,60,0,0,0,60
06/12/2021,CRW,WV,AEA,CE,Combined TRACON& Tower with Radar,12,11,23,3,49,0,0,14,0,14,12,11,37,3,63,38,0,38,101
06/13/2021,CRW,WV,AEA,CE,Combined TRACON& Tower with Radar,21,8,16,2,47,0,0,20,2,22,21,8,36,4,69,10,0,10,79
06/14/2021,CRW,WV,AEA,CE,Combined TRACON& Tower with Radar,21,6,31,1,59,0,0,34,1,35,21,6,65,2,94,0,0,0,94
06/15/2021,CRW,WV,AEA,CE,Combined TRACON& Tower with Radar,21,14,38,4,77,0,1,34,2,37,21,15,72,6,114,32,0,32,146
06/16/2021,CRW,WV,AEA,CE,Combined TRACON& Tower with Radar,18,10,20,3,51,0,3,35,13,51,18,13,55,16,102,45,30,75,177
06/17/2021,CRW,WV,AEA,CE,Combined TRACON& Tower with Radar,22,9,18,9,58,0,0,31,3,34,22,9,49,12,92,43,0,43,135
06/18/2021,CRW,WV,AEA,CE,Combined TRACON& Tower with Radar,18,11,17,4,50,0,0,28,0,28,18,11,45,4,78,28,0,28,106
06/19/2021,CRW,WV,AEA,CE,Combined TRACON& Tower with Radar,11,9,9,0,29,0,0,9,0,9,11,9,18,0,38,32,0,32,70
06/20/2021,CRW,WV,AEA,CE,Combined TRACON& Tower with Radar,23,6,25,0,54,0,3,32,0,35,23,9,57,0,89,38,0,38,127
06/21/2021,CRW,WV,AEA,CE,Combined TRACON& Tower with Radar,23,8,15,0,46,0,0,7,1,8,23,8,22,1,54,0,0,0,54
06/22/2021,CRW,WV,AEA,CE,Combined TRACON& Tower with Radar,21,10,32,5,68,0,2,24,9,35,21,12,56,14,103,2,0,2,105
06/23/2021,CRW,WV,AEA,CE,Combined TRACON& Tower with Radar,17,11,19,8,55,0,2,35,28,65,17,13,54,36,120,30,48,78,198
06/24/2021,CRW,WV,AEA,CE,Combined TRACON& Tower with Radar,22,12,24,3,61,0,1,33,11,45,22,13,57,14,106,26,36,62,168
06/25/2021,CRW,WV,AEA,CE,Combined TRACON& Tower with Radar,18,12,19,1,50,0,0,26,1,27,18,12,45,2,77,33,0,33,110
06/26/2021,CRW,WV,AEA,CE,Combined TRACON& Tower with Radar,11,13,38,10,72,0,1,43,0,44,11,14,81,10,116,12,0,12,128
06/27/2021,CRW,WV,AEA,CE,Combined TRACON& Tower with Radar,23,4,10,3,40,0,0,29,0,29,23,4,39,3,69,64,0,64,133
06/28/2021,CRW,WV,AEA,CE,Combined TRACON& Tower with Radar,19,6,15,0,40,0,1,33,0,34,19,7,48,0,74,24,0,24,98
06/29/2021,CRW,WV,AEA,CE,Combined TRACON& Tower with Radar,19,13,18,1,51,0,4,48,5,57,19,17,66,6,108,63,0,63,171
06/30/2021,CRW,WV,AEA,CE,Combined TRACON& Tower with Radar,17,8,8,3,36,0,1,8,1,10,17,9,16,4,46,0,0,0,46
07/01/2021,CRW,WV,AEA,CE,Combined TRACON& Tower with Radar,20,8,1,10,39,0,0,0,0,0,20,8,1,10,39,0,0,0,39
07/02/2021,CRW,WV,AEA,CE,Combined TRACON& Tower with Radar,20,8,15,0,43,0,3,28,0,31,20,11,43,0,74,20,0,20,94
07/03/2021,CRW,WV,AEA,CE,Combined TRACON& Tower with Radar,10,13,17,0,40,0,1,32,0,33,10,14,49,0,73,32,0,32,105
07/04/2021,CRW,WV,AEA,CE,Combined TRACON& Tower with Radar,16,4,2,0,22,0,1,6,0,7,16,5,8,0,29,5,0,5,34
07/05/2021,CRW,WV,AEA,CE,Combined TRACON& Tower with Radar,17,5,11,0,33,0,0,33,0,33,17,5,44,0,66,40,0,40,106
07/06/2021,CRW,WV,AEA,CE,Combined TRACON& Tower with Radar,17,12,19,2,50,0,2,35,3,40,17,14,54,5,90,26,0,26,116
07/07/2021,CRW,WV,AEA,CE,Combined TRACON& Tower with Radar,15,8,11,12,46,0,5,22,0,27,15,13,33,12,73,38,0,38,111
07/08/2021,CRW,WV,AEA,CE,Combined TRACON& Tower with Radar,18,8,21,14,61,0,0,13,6,19,18,8,34,20,80,6,16,22,102
07/09/2021,CRW,WV,AEA,CE,Combined TRACON& Tower with Radar,16,14,16,3,49,0,0,28,0,28,16,14,44,3,77,50,0,50,127
07/10/2021,CRW,WV,AEA,CE,Combined TRACON& Tower with Radar,8,14,21,2,45,0,5,33,3,41,8,19,54,5,86,34,0,34,120
07/11/2021,CRW,WV,AEA,CE,Combined TRACON& Tower with Radar,21,4,6,0,31,0,0,2,1,3,21,4,8,1,34,22,0,22,56
07/12/2021,CRW,WV,AEA,CE,Combined TRACON& Tower with Radar,14,7,18,11,50,0,3,30,0,33,14,10,48,11,83,26,0,26,109
07/13/2021,CRW,WV,AEA,CE,Combined TRACON& Tower with Radar,17,9,21,3,50,0,0,22,5,27,17,9,43,8,77,28,0,28,105
07/14/2021,CRW,WV,AEA,CE,Combined TRACON& Tower with Radar,16,11,17,3,47,0,2,17,3,22,16,13,34,6,69,15,0,15,84
07/15/2021,CRW,WV,AEA,CE,Combined TRACON& Tower with Radar,20,12,19,9,60,0,3,56,16,75,20,15,75,25,135,74,22,96,231
07/16/2021,CRW,WV,AEA,CE,Combined TRACON& Tower with Radar,16,13,18,3,50,0,1,35,13,49,16,14,53,16,99,8,0,8,107
07/17/2021,CRW,WV,AEA,CE,Combined TRACON& Tower with Radar,9,10,9,4,32,0,0,9,5,14,9,10,18,9,46,20,0,20,66
07/18/2021,CRW,WV,AEA,CE,Combined TRACON& Tower with Radar,23,4,9,7,43,0,2,23,3,28,23,6,32,10,71,20,0,20,91
07/19/2021,CRW,WV,AEA,CE,Combined TRACON& Tower with Radar,18,6,25,11,60,0,2,28,11,41,18,8,53,22,101,12,0,12,113
07/20/2021,CRW,WV,AEA,CE,Combined TRACON& Tower with Radar,20,8,25,6,59,0,6,30,11,47,20,14,55,17,106,29,0,29,135
07/21/2021,CRW,WV,AEA,CE,Combined TRACON& Tower with Radar,17,13,25,18,73,0,0,21,19,40,17,13,46,37,113,19,35,54,167
07/22/2021,CRW,WV,AEA,CE,Combined TRACON& Tower with Radar,21,10,32,21,84,0,2,26,30,58,21,12,58,51,142,14,22,36,178
07/23/2021,CRW,WV,AEA,CE,Combined TRACON& Tower with Radar,19,11,28,13,71,0,2,28,13,43,19,13,56,26,114,0,0,0,114
07/24/2021,CRW,WV,AEA,CE,Combined TRACON& Tower with Radar,10,10,18,2,40,0,0,19,0,19,10,10,37,2,59,12,0,12,71
07/25/2021,CRW,WV,AEA,CE,Combined TRACON& Tower with Radar,21,9,12,0,42,0,0,6,0,6,21,9,18,0,48,18,0,18,66
07/26/2021,CRW,WV,AEA,CE,Combined TRACON& Tower with Radar,14,6,13,0,33,0,0,14,2,16,14,6,27,2,49,0,0,0,49
07/27/2021,CRW,WV,AEA,CE,Combined TRACON& Tower with Radar,22,10,20,8,60,0,0,31,10,41,22,10,51,18,101,10,17,27,128
07/28/2021,CRW,WV,AEA,CE,Combined TRACON& Tower with Radar,18,12,31,9,70,0,1,27,4,32,18,13,58,13,102,10,0,10,112
07/29/2021,CRW,WV,AEA,CE,Combined TRACON& Tower with Radar,20,20,18,8,66,0,7,23,8,38,20,27,41,16,104,25,0,25,129
07/30/2021,CRW,WV,AEA,CE,Combined TRACON& Tower with Radar,18,8,19,13,58,0,1,15,7,23,18,9,34,20,81,10,0,10,91
07/31/2021,CRW,WV,AEA,CE,Combined TRACON& Tower with Radar,13,11,15,0,39,0,0,20,0,20,13,11,35,0,59,6,0,6,65
08/01/2021,CRW,WV,AEA,CE,Combined TRACON& Tower with Radar,21,7,10,0,38,0,2,12,0,14,21,9,22,0,52,16,0,16,68
08/02/2021,CRW,WV,AEA,CE,Combined TRACON& Tower with Radar,23,8,16,5,52,0,3,29,6,38,23,11,45,11,90,42,0,42,132
08/03/2021,CRW,WV,AEA,CE,Combined TRACON& Tower with Radar,18,15,16,1,50,0,0,19,4,23,18,15,35,5,73,0,6,6,79
08/04/2021,CRW,WV,AEA,CE,Combined TRACON& Tower with Radar,18,12,31,13,74,0,0,39,7,46,18,12,70,20,120,21,10,31,151
08/05/2021,CRW,WV,AEA,CE,Combined TRACON& Tower with Radar,19,12,20,6,57,0,0,26,0,26,19,12,46,6,83,14,0,14,97
08/06/2021,CRW,WV,AEA,CE,Combined TRACON& Tower with Radar,15,9,20,12,56,0,0,33,8,41,15,9,53,20,97,12,0,12,109
08/07/2021,CRW,WV,AEA,CE,Combined TRACON& Tower with Radar,0,0,0,0,0,0,0,4,0,4,0,0,4,0,4,0,0,0,4
08/08/2021,CRW,WV,AEA,CE,Combined TRACON& Tower with Radar,17,5,20,13,55,0,0,34,5,39,17,5,54,18,94,20,10,30,124
08/09/2021,CRW,WV,AEA,CE,Combined TRACON& Tower with Radar,20,4,16,2,42,0,2,36,9,47,20,6,52,11,89,14,0,14,103
08/10/2021,CRW,WV,AEA,CE,Combined TRACON& Tower with Radar,20,14,25,2,61,0,1,16,3,20,20,15,41,5,81,39,0,39,120
08/11/2021,CRW,WV,AEA,CE,Combined TRACON& Tower with Radar,16,14,13,4,47,0,3,18,0,21,16,17,31,4,68,16,0,16,84
08/12/2021,CRW,WV,AEA,CE,Combined TRACON& Tower with Radar,18,8,22,10,58,0,0,29,11,40,18,8,51,21,98,8,0,8,106
08/13/2021,CRW,WV,AEA,CE,Combined TRACON& Tower with Radar,16,9,17,0,42,0,0,18,5,23,16,9,35,5,65,28,0,28,93
08/14/2021,CRW,WV,AEA,CE,Combined TRACON& Tower with Radar,0,0,0,1,1,0,1,2,0,3,0,1,2,1,4,0,0,0,4
08/15/2021,CRW,WV,AEA,CE,Combined TRACON& Tower with Radar,20,4,16,2,42,0,0,0,0,0,20,4,16,2,42,0,0,0,42
08/16/2021,CRW,WV,AEA,CE,Combined TRACON& Tower with Radar,21,8,11,3,43,0,0,7,0,7,21,8,18,3,50,30,5,35,85
08/17/2021,CRW,WV,AEA,CE,Combined TRACON& Tower with Radar,19,14,9,0,42,0,1,15,0,16,19,15,24,0,58,64,0,64,122
08/18/2021,CRW,WV,AEA,CE,Combined TRACON& Tower with Radar,16,8,9,18,51,0,0,6,0,6,16,8,15,18,57,19,38,57,114
08/19/2021,CRW,WV,AEA,CE,Combined TRACON& Tower with Radar,21,10,8,20,59,0,0,2,0,2,21,10,10,20,61,14,0,14,75
08/20/2021,CRW,WV,AEA,CE,Combined TRACON& Tower with Radar,16,9,18,4,47,0,0,27,2,29,16,9,45,6,76,68,0,68,144
08/21/2021,CRW,WV,AEA,CE,Combined TRACON& Tower with Radar,0,0,0,0,0,0,0,5,0,5,0,0,5,0,5,0,0,0,5
08/22/2021,CRW,WV,AEA,CE,Combined TRACON& Tower with Radar,21,5,12,0,38,0,0,30,0,30,21,5,42,0,68,18,0,18,86
08/23/2021,CRW,WV,AEA,CE,Combined TRACON& Tower with Radar,14,6,16,12,48,0,5,41,0,46,14,11,57,12,94,52,0,52,146
08/24/2021,CRW,WV,AEA,CE,Combined TRACON& Tower with Radar,16,8,8,5,37,0,7,47,3,57,16,15,55,8,94,54,0,54,148
08/25/2021,CRW,WV,AEA,CE,Combined TRACON& Tower with Radar,18,10,15,22,65,0,0,31,10,41,18,10,46,32,106,53,10,63,169
08/26/2021,CRW,WV,AEA,CE,Combined TRACON& Tower with Radar,20,15,16,5,56,0,2,29,10,41,20,17,45,15,97,38,22,60,157
08/27/2021,CRW,WV,AEA,CE,Combined TRACON& Tower with Radar,15,13,14,7,49,0,1,20,6,27,15,14,34,13,76,36,2,38,114
08/28/2021,CRW,WV,AEA,CE,Combined TRACON& Tower with Radar,9,8,12,0,29,0,2,15,2,19,9,10,27,2,48,34,0,34,82
08/29/2021,CRW,WV,AEA,CE,Combined TRACON& Tower with Radar,22,7,6,0,35,0,1,20,6,27,22,8,26,6,62,43,0,43,105
08/30/2021,CRW,WV,AEA,CE,Combined TRACON& Tower with Radar,14,5,20,0,39,0,0,7,0,7,14,5,27,0,46,0,0,0,46
08/31/2021,CRW,WV,AEA,CE,Combined TRACON& Tower with Radar,16,11,13,14,54,0,0,0,0,0,16,11,13,14,54,0,0,0,54
09/01/2021,CRW,WV,AEA,CE,Combined TRACON& Tower with Radar,15,17,7,4,43,0,0,5,0,5,15,17,12,4,48,6,0,6,54
09/02/2021,CRW,WV,AEA,CE,Combined TRACON& Tower with Radar,24,7,26,13,70,0,1,46,0,47,24,8,72,13,117,26,0,26,143
09/03/2021,CRW,WV,AEA,CE,Combined TRACON& Tower with Radar,18,8,23,2,51,0,4,35,0,39,18,12,58,2,90,23,0,23,113
09/04/2021,CRW,WV,AEA,CE,Combined TRACON& Tower with Radar,12,9,13,0,34,0,0,27,1,28,12,9,40,1,62,19,0,19,81
09/05/2021,CRW,WV,AEA,CE,Combined TRACON& Tower with Radar,16,4,5,0,25,0,0,0,0,0,16,4,5,0,25,0,0,0,25
09/06/2021,CRW,WV,AEA,CE,Combined TRACON& Tower with Radar,14,6,10,2,32,0,0,29,0,29,14,6,39,2,61,18,0,18,79
09/07/2021,CRW,WV,AEA,CE,Combined TRACON& Tower with Radar,15,11,13,2,41,0,3,42,6,51,15,14,55,8,92,55,0,55,147
09/08/2021,CRW,WV,AEA,CE,Combined TRACON& Tower with Radar,11,8,18,10,47,0,0,12,0,12,11,8,30,10,59,24,0,24,83
09/09/2021,CRW,WV,AEA,CE,Combined TRACON& Tower with Radar,17,12,20,1,50,0,0,33,13,46,17,12,53,14,96,34,0,34,130
09/10/2021,CRW,WV,AEA,CE,Combined TRACON& Tower with Radar,18,9,25,11,63,0,3,46,6,55,18,12,71,17,118,4,0,4,122
09/11/2021,CRW,WV,AEA,CE,Combined TRACON& Tower with Radar,0,0,1,0,1,0,1,0,0,1,0,1,1,0,2,0,0,0,2
09/12/2021,CRW,WV,AEA,CE,Combined TRACON& Tower with Radar,23,6,13,5,47,0,2,17,8,27,23,8,30,13,74,3,0,3,77
09/13/2021,CRW,WV,AEA,CE,Combined TRACON& Tower with Radar,16,8,14,0,38,0,1,32,4,37,16,9,46,4,75,10,0,10,85
09/14/2021,CRW,WV,AEA,CE,Combined TRACON& Tower with Radar,14,10,19,8,51,0,1,41,20,62,14,11,60,28,113,132,25,157,270
09/15/2021,CRW,WV,AEA,CE,Combined TRACON& Tower with Radar,14,8,11,10,43,0,0,12,2,14,14,8,23,12,57,54,40,94,151
09/16/2021,CRW,WV,AEA,CE,Combined TRACON& Tower with Radar,20,11,18,5,54,0,0,12,7,19,20,11,30,12,73,22,22,44,117
09/17/2021,CRW,WV,AEA,CE,Combined TRACON& Tower with Radar,18,12,23,7,60,0,4,33,9,46,18,16,56,16,106,54,0,54,160
09/18/2021,CRW,WV,AEA,CE,Combined TRACON& Tower with Radar,12,9,15,4,40,0,2,24,2,28,12,11,39,6,68,86,0,86,154
09/19/2021,CRW,WV,AEA,CE,Combined TRACON& Tower with Radar,20,8,13,3,44,0,13,31,3,47,20,21,44,6,91,44,26,70,161
09/20/2021,CRW,WV,AEA,CE,Combined TRACON& Tower with Radar,18,11,12,0,41,0,2,23,2,27,18,13,35,2,68,70,0,70,138
09/21/2021,CRW,WV,AEA,CE,Combined TRACON& Tower with Radar,14,11,6,3,34,0,0,3,1,4,14,11,9,4,38,65,0,65,103
09/22/2021,CRW,WV,AEA,CE,Combined TRACON& Tower with Radar,14,12,10,2,38,0,0,14,0,14,14,12,24,2,52,18,0,18,70
09/23/2021,CRW,WV,AEA,CE,Combined TRACON& Tower with Radar,19,11,15,6,51,0,1,32,2,35,19,12,47,8,86,0,0,0,86
09/24/2021,CRW,WV,AEA,CE,Combined TRACON& Tower with Radar,17,10,19,7,53,0,1,42,4,47,17,11,61,11,100,114,0,114,214
09/25/2021,CRW,WV,AEA,CE,Combined TRACON& Tower with Radar,0,0,0,0,0,0,0,1,4,5,0,0,1,4,5,0,0,0,5
09/26/2021,CRW,WV,AEA,CE,Combined TRACON& Tower with Radar,18,2,10,3,33,0,0,39,5,44,18,2,49,8,77,24,0,24,101
09/27/2021,CRW,WV,AEA,CE,Combined TRACON& Tower with Radar,18,7,14,0,39,0,2,38,0,40,18,9,52,0,79,48,0,48,127
09/28/2021,CRW,WV,AEA,CE,Combined TRACON& Tower with Radar,14,8,16,0,38,0,1,59,0,60,14,9,75,0,98,122,0,122,220
09/29/2021,CRW,WV,AEA,CE,Combined TRACON& Tower with Radar,14,9,22,23,68,0,0,38,2,40,14,9,60,25,108,14,20,34,142
09/30/2021,CRW,WV,AEA,CE,Combined TRACON& Tower with Radar,20,11,11,9,51,0,0,34,5,39,20,11,45,14,90,63,0,63,153
10/01/2021,CRW,WV,AEA,CE,Combined TRACON& Tower with Radar,16,9,13,2,40,0,0,36,0,36,16,9,49,2,76,76,0,76,152
10/02/2021,CRW,WV,AEA,CE,Combined TRACON& Tower with Radar,0,0,0,0,0,0,2,2,0,4,0,2,2,0,4,0,0,0,4
10/03/2021,CRW,WV,AEA,CE,Combined TRACON& Tower with Radar,19,4,12,4,39,0,4,7,0,11,19,8,19,4,50,54,0,54,104
10/04/2021,CRW,WV,AEA,CE,Combined TRACON& Tower with Radar,17,10,16,7,50,0,0,27,0,27,17,10,43,7,77,103,8,111,188
10/05/2021,CRW,WV,AEA,CE,Combined TRACON& Tower with Radar,14,9,23,28,74,0,0,25,13,38,14,9,48,41,112,219,30,249,361
10/06/2021,CRW,WV,AEA,CE,Combined TRACON& Tower with Radar,14,16,6,8,44,0,2,22,1,25,14,18,28,9,69,44,0,44,113
10/07/2021,CRW,WV,AEA,CE,Combined TRACON& Tower with Radar,19,14,13,6,52,0,3,15,0,18,19,17,28,6,70,53,14,67,137
10/08/2021,CRW,WV,AEA,CE,Combined TRACON& Tower with Radar,16,10,15,0,41,0,2,5,0,7,16,12,20,0,48,0,0,0,48
10/09/2021,CRW,WV,AEA,CE,Combined TRACON& Tower with Radar,0,9,8,0,17,0,0,4,0,4,0,9,12,0,21,0,0,0,21
10/10/2021,CRW,WV,AEA,CE,Combined TRACON& Tower with Radar,17,4,8,0,29,0,1,32,0,33,17,5,40,0,62,12,0,12,74
10/11/2021,CRW,WV,AEA,CE,Combined TRACON& Tower with Radar,14,11,19,0,44,0,3,33,1,37,14,14,52,1,81,52,0,52,133
10/12/2021,CRW,WV,AEA,CE,Combined TRACON& Tower with Radar,12,12,14,3,41,0,8,38,1,47,12,20,52,4,88,110,0,110,198
10/13/2021,CRW,WV,AEA,CE,Combined TRACON& Tower with Radar,12,14,38,3,67,0,7,40,12,59,12,21,78,15,126,59,4,63,189
10/14/2021,CRW,WV,AEA,CE,Combined TRACON& Tower with Radar,16,14,24,2,56,0,0,32,8,40,16,14,56,10,96,111,18,129,225
10/15/2021,CRW,WV,AEA,CE,Combined TRACON& Tower with Radar,10,19,14,10,53,0,0,44,2,46,10,19,58,12,99,96,10,106,205
10/16/2021,CRW,WV,AEA,CE,Combined TRACON& Tower with Radar,0,9,22,0,31,0,0,3,2,5,0,9,25,2,36,10,0,10,46
10/17/2021,CRW,WV,AEA,CE,Combined TRACON& Tower with Radar,10,15,17,0,42,0,0,25,0,25,10,15,42,0,67,10,0,10,77
10/18/2021,CRW,WV,AEA,CE,Combined TRACON& Tower with Radar,13,14,29,13,69,0,6,48,4,58,13,20,77,17,127,32,16,48,175
10/19/2021,CRW,WV,AEA,CE,Combined TRACON& Tower with Radar,11,18,21,3,53,0,0,42,9,51,11,18,63,12,104,32,0,32,136
10/20/2021,CRW,WV,AEA,CE,Combined TRACON& Tower with Radar,12,14,27,17,70,0,4,44,10,58,12,18,71,27,128,88,18,106,234
10/21/2021,CRW,WV,AEA,CE,Combined TRACON& Tower with Radar,14,19,20,7,60,0,6,23,6,35,14,25,43,13,95,78,20,98,193
10/22/2021,CRW,WV,AEA,CE,Combined TRACON& Tower with Radar,10,15,16,7,48,0,1,10,0,11,10,16,26,7,59,63,0,63,122
10/23/2021,CRW,WV,AEA,CE,Combined TRACON& Tower with Radar,0,14,16,0,30,0,2,8,0,10,0,16,24,0,40,5,0,5,45
10/24/2021,CRW,WV,AEA,CE,Combined TRACON& Tower with Radar,8,16,13,2,39,0,0,24,0,24,8,16,37,2,63,0,0,0,63
10/25/2021,CRW,WV,AEA,CE,Combined TRACON& Tower with Radar,11,13,12,2,38,0,0,11,2,13,11,13,23,4,51,6,0,6,57
10/26/2021,CRW,WV,AEA,CE,Combined TRACON& Tower with Radar,8,16,13,0,37,0,0,10,4,14,8,16,23,4,51,50,0,50,101
10/27/2021,CRW,WV,AEA,CE,Combined TRACON& Tower with Radar,10,17,17,5,49,0,0,15,0,15,10,17,32,5,64,22,8,30,94
10/28/2021,CRW,WV,AEA,CE,Combined TRACON& Tower with Radar,12,15,11,15,53,0,0,22,2,24,12,15,33,17,77,74,0,74,151
10/29/2021,CRW,WV,AEA,CE,Combined TRACON& Tower with Radar,10,19,11,0,40,0,2,7,0,9,10,21,18,0,49,64,0,64,113
10/30/2021,CRW,WV,AEA,CE,Combined TRACON& Tower with Radar,6,15,11,0,32,0,0,1,0,1,6,15,12,0,33,0,0,0,33
10/31/2021,CRW,WV,AEA,CE,Combined TRACON& Tower with Radar,9,18,3,0,30,0,0,1,0,1,9,18,4,0,31,0,0,0,31
11/01/2021,CRW,WV,AEA,CE,Combined TRACON& Tower with Radar,11,11,9,2,33,0,2,51,0,53,11,13,60,2,86,72,0,72,158
11/02/2021,CRW,WV,AEA,CE,Combined TRACON& Tower with Radar,8,13,13,12,46,0,0,11,0,11,8,13,24,12,57,22,6,28,85
11/03/2021,CRW,WV,AEA,CE,Combined TRACON& Tower with Radar,8,14,25,33,80,0,6,60,9,75,8,20,85,42,155,143,24,167,322
11/04/2021,CRW,WV,AEA,CE,Combined TRACON& Tower with Radar,10,16,30,7,63,0,0,31,25,56,10,16,61,32,119,71,40,111,230
11/05/2021,CRW,WV,AEA,CE,Combined TRACON& Tower with Radar,8,16,22,4,50,0,1,32,0,33,8,17,54,4,83,63,0,63,146
11/06/2021,CRW,WV,AEA,CE,Combined TRACON& Tower with Radar,6,13,7,3,29,0,0,18,7,25,6,13,25,10,54,6,0,6,60
11/07/2021,CRW,WV,AEA,CE,Combined TRACON& Tower with Radar,12,15,12,2,41,0,0,28,2,30,12,15,40,4,71,32,2,34,105
11/08/2021,CRW,WV,AEA,CE,Combined TRACON& Tower with Radar,10,17,11,5,43,0,0,36,0,36,10,17,47,5,79,78,6,84,163
11/09/2021,CRW,WV,AEA,CE,Combined TRACON& Tower with Radar,10,19,22,6,57,0,1,43,8,52,10,20,65,14,109,66,16,82,191
11/10/2021,CRW,WV,AEA,CE,Combined TRACON& Tower with Radar,8,14,25,14,61,0,5,44,5,54,8,19,69,19,115,68,12,80,195
11/11/2021,CRW,WV,AEA,CE,Combined TRACON& Tower with Radar,10,14,16,0,40,0,0,12,0,12,10,14,28,0,52,0,0,0,52
11/12/2021,CRW,WV,AEA,CE,Combined TRACON& Tower with Radar,15,17,22,3,57,0,3,12,0,15,15,20,34,3,72,18,0,18,90
11/13/2021,CRW,WV,AEA,CE,Combined TRACON& Tower with Radar,0,21,9,0,30,0,0,1,0,1,0,21,10,0,31,0,0,0,31
11/14/2021,CRW,WV,AEA,CE,Combined TRACON& Tower with Radar,11,9,4,1,25,0,0,3,0,3,11,9,7,1,28,10,0,10,38
11/15/2021,CRW,WV,AEA,CE,Combined TRACON& Tower with Radar,10,14,11,2,37,0,0,8,0,8,10,14,19,2,45,60,0,60,105
11/16/2021,CRW,WV,AEA,CE,Combined TRACON& Tower with Radar,8,15,14,1,38,0,0,36,27,63,8,15,50,28,101,116,30,146,247
11/17/2021,CRW,WV,AEA,CE,Combined TRACON& Tower with Radar,8,22,19,4,53,0,0,16,24,40,8,22,35,28,93,0,70,70,163
11/18/2021,CRW,WV,AEA,CE,Combined TRACON& Tower with Radar,12,14,15,9,50,0,0,2,0,2,12,14,17,9,52,0,0,0,52
11/19/2021,CRW,WV,AEA,CE,Combined TRACON& Tower with Radar,9,16,7,5,37,0,3,24,5,32,9,19,31,10,69,34,4,38,107
11/20/2021,CRW,WV,AEA,CE,Combined TRACON& Tower with Radar,0,0,3,1,4,0,0,8,0,8,0,0,11,1,12,0,0,0,12
11/21/2021,CRW,WV,AEA,CE,Combined TRACON& Tower with Radar,12,7,1,0,20,0,0,8,0,8,12,7,9,0,28,8,0,8,36
11/22/2021,CRW,WV,AEA,CE,Combined TRACON& Tower with Radar,9,22,7,2,40,0,0,11,0,11,9,22,18,2,51,46,0,46,97
11/23/2021,CRW,WV,AEA,CE,Combined TRACON& Tower with Radar,13,16,18,0,47,0,0,22,0,22,13,16,40,0,69,12,0,12,81
11/24/2021,CRW,WV,AEA,CE,Combined TRACON& Tower with Radar,12,14,18,2,46,0,2,27,0,29,12,16,45,2,75,62,0,62,137
11/25/2021,CRW,WV,AEA,CE,Combined TRACON& Tower with Radar,9,10,4,0,23,0,0,2,0,2,9,10,6,0,25,0,0,0,25
11/26/2021,CRW,WV,AEA,CE,Combined TRACON& Tower with Radar,9,12,2,0,23,0,0,5,0,5,9,12,7,0,28,0,0,0,28
11/27/2021,CRW,WV,AEA,CE,Combined TRACON& Tower with Radar,12,15,7,0,34,0,1,12,0,13,12,16,19,0,47,0,0,0,47
11/28/2021,CRW,WV,AEA,CE,Combined TRACON& Tower with Radar,18,10,7,0,35,0,0,6,0,6,18,10,13,0,41,6,0,6,47
11/29/2021,CRW,WV,AEA,CE,Combined TRACON& Tower with Radar,16,9,11,1,37,0,3,22,3,28,16,12,33,4,65,38,0,38,103
11/30/2021,CRW,WV,AEA,CE,Combined TRACON& Tower with Radar,11,13,14,11,49,0,1,16,7,24,11,14,30,18,73,10,0,10,83
12/01/2021,CRW,WV,AEA,CE,Combined TRACON& Tower with Radar,10,15,9,16,50,0,0,8,3,11,10,15,17,19,61,10,0,10,71
12/02/2021,CRW,WV,AEA,CE,Combined TRACON& Tower with Radar,12,13,10,13,48,0,0,11,12,23,12,13,21,25,71,8,16,24,95
12/03/2021,CRW,WV,AEA,CE,Combined TRACON& Tower with Radar,10,12,31,7,60,0,1,43,3,47,10,13,74,10,107,12,0,12,119
12/04/2021,CRW,WV,AEA,CE,Combined TRACON& Tower with Radar,6,13,13,0,32,0,0,29,0,29,6,13,42,0,61,12,0,12,73
12/05/2021,CRW,WV,AEA,CE,Combined TRACON& Tower with Radar,10,14,6,4,34,0,2,10,0,12,10,16,16,4,46,20,0,20,66
12/06/2021,CRW,WV,AEA,CE,Combined TRACON& Tower with Radar,6,14,3,8,31,0,0,2,0,2,6,14,5,8,33,0,0,0,33
12/07/2021,CRW,WV,AEA,CE,Combined TRACON& Tower with Radar,8,20,21,7,56,0,10,26,13,49,8,30,47,20,105,30,0,30,135
12/08/2021,CRW,WV,AEA,CE,Combined TRACON& Tower with Radar,8,18,15,23,64,0,0,14,3,17,8,18,29,26,81,0,0,0,81
12/09/2021,CRW,WV,AEA,CE,Combined TRACON& Tower with Radar,10,26,17,7,60,0,6,41,8,55,10,32,58,15,115,14,6,20,135
12/10/2021,CRW,WV,AEA,CE,Combined TRACON& Tower with Radar,8,19,10,0,37,0,2,12,0,14,8,21,22,0,51,6,0,6,57
12/11/2021,CRW,WV,AEA,CE,Combined TRACON& Tower with Radar,8,14,3,0,25,0,0,1,0,1,8,14,4,0,26,0,0,0,26
12/12/2021,CRW,WV,AEA,CE,Combined TRACON& Tower with Radar,12,14,15,2,43,0,0,28,0,28,12,14,43,2,71,95,0,95,166
12/13/2021,CRW,WV,AEA,CE,Combined TRACON& Tower with Radar,8,13,25,16,62,0,0,40,0,40,8,13,65,16,102,60,0,60,162
12/14/2021,CRW,WV,AEA,CE,Combined TRACON& Tower with Radar,8,12,15,8,43,0,0,51,9,60,8,12,66,17,103,67,6,73,176
12/15/2021,CRW,WV,AEA,CE,Combined TRACON& Tower with Radar,8,20,6,4,38,0,0,29,0,29,8,20,35,4,67,28,6,34,101
12/16/2021,CRW,WV,AEA,CE,Combined TRACON& Tower with Radar,10,22,17,15,64,0,0,17,0,17,10,22,34,15,81,12,26,38,119
12/17/2021,CRW,WV,AEA,CE,Combined TRACON& Tower with Radar,11,16,17,4,48,0,0,0,0,0,11,16,17,4,48,0,0,0,48
12/18/2021,CRW,WV,AEA,CE,Combined TRACON& Tower with Radar,10,13,4,0,27,0,0,0,0,0,10,13,4,0,27,0,0,0,27
12/19/2021,CRW,WV,AEA,CE,Combined TRACON& Tower with Radar,9,12,7,0,28,0,0,9,0,9,9,12,16,0,37,0,0,0,37
12/20/2021,CRW,WV,AEA,CE,Combined TRACON& Tower with Radar,11,9,21,4,45,0,0,12,0,12,11,9,33,4,57,46,0,46,103
12/21/2021,CRW,WV,AEA,CE,Combined TRACON& Tower with Radar,11,17,9,5,42,0,0,19,16,35,11,17,28,21,77,10,37,47,124
12/22/2021,CRW,WV,AEA,CE,Combined TRACON& Tower with Radar,11,15,13,4,43,0,0,16,0,16,11,15,29,4,59,5,0,5,64
12/23/2021,CRW,WV,AEA,CE,Combined TRACON& Tower with Radar,12,21,15,0,48,0,0,16,0,16,12,21,31,0,64,46,0,46,110
12/24/2021,CRW,WV,AEA,CE,Combined TRACON& Tower with Radar,7,16,9,0,32,0,0,10,0,10,7,16,19,0,42,0,0,0,42
12/25/2021,CRW,WV,AEA,CE,Combined TRACON& Tower with Radar,6,8,3,0,17,0,0,0,0,0,6,8,3,0,17,0,0,0,17
12/26/2021,CRW,WV,AEA,CE,Combined TRACON& Tower with Radar,10,12,6,0,28,0,2,6,0,8,10,14,12,0,36,48,0,48,84
12/27/2021,CRW,WV,AEA,CE,Combined TRACON& Tower with Radar,11,15,17,2,45,0,5,14,0,19,11,20,31,2,64,14,0,14,78
12/28/2021,CRW,WV,AEA,CE,Combined TRACON& Tower with Radar,10,16,7,2,35,0,0,11,0,11,10,16,18,2,46,66,0,66,112
12/29/2021,CRW,WV,AEA,CE,Combined TRACON& Tower with Radar,9,15,10,4,38,0,1,11,0,12,9,16,21,4,50,22,0,22,72
12/30/2021,CRW,WV,AEA,CE,Combined TRACON& Tower with Radar,13,17,10,0,40,0,0,2,0,2,13,17,12,0,42,2,0,2,44
12/31/2021,CRW,WV,AEA,CE,Combined TRACON& Tower with Radar,7,12,11,0,30,0,0,16,0,16,7,12,27,0,46,0,0,0,46
01/01/2022,CRW,WV,AEA,CE,Combined TRACON& Tower with Radar,5,2,2,0,9,0,0,0,0,0,5,2,2,0,9,0,0,0,9
01/02/2022,CRW,WV,AEA,CE,Combined TRACON& Tower with Radar,10,11,6,0,27,0,0,0,0,0,10,11,6,0,27,0,0,0,27
01/03/2022,CRW,WV,AEA,CE,Combined TRACON& Tower with Radar,11,14,10,0,35,0,1,2,6,9,11,15,12,6,44,10,0,10,54
01/04/2022,CRW,WV,AEA,CE,Combined TRACON& Tower with Radar,10,14,16,5,45,0,0,42,5,47,10,14,58,10,92,14,18,32,124
01/05/2022,CRW,WV,AEA,CE,Combined TRACON& Tower with Radar,10,19,10,2,41,0,0,15,3,18,10,19,25,5,59,0,0,0,59
01/06/2022,CRW,WV,AEA,CE,Combined TRACON& Tower with Radar,7,12,7,4,30,0,0,3,0,3,7,12,10,4,33,12,0,12,45
01/07/2022,CRW,WV,AEA,CE,Combined TRACON& Tower with Radar,5,12,3,0,20,0,0,3,0,3,5,12,6,0,23,0,0,0,23
01/08/2022,CRW,WV,AEA,CE,Combined TRACON& Tower with Radar,8,13,4,0,25,0,0,23,2,25,8,13,27,2,50,12,0,12,62
01/09/2022,CRW,WV,AEA,CE,Combined TRACON& Tower with Radar,11,9,4,0,24,0,0,0,0,0,11,9,4,0,24,0,0,0,24
01/10/2022,CRW,WV,AEA,CE,Combined TRACON& Tower with Radar,7,17,9,4,37,0,1,17,0,18,7,18,26,4,55,20,8,28,83
01/11/2022,CRW,WV,AEA,CE,Combined TRACON& Tower with Radar,10,14,11,7,42,0,0,16,18,34,10,14,27,25,76,10,8,18,94
01/12/2022,CRW,WV,AEA,CE,Combined TRACON& Tower with Radar,10,16,6,10,42,0,1,16,6,23,10,17,22,16,65,34,20,54,119
01/13/2022,CRW,WV,AEA,CE,Combined TRACON& Tower with Radar,12,14,16,5,47,0,0,12,3,15,12,14,28,8,62,38,14,52,114
01/14/2022,CRW,WV,AEA,CE,Combined TRACON& Tower with Radar,10,13,8,1,32,0,0,1,0,1,10,13,9,1,33,18,0,18,51
01/15/2022,CRW,WV,AEA,CE,Combined TRACON& Tower with Radar,7,12,8,0,27,0,0,13,4,17,7,12,21,4,44,12,0,12,56
01/16/2022,CRW,WV,AEA,CE,Combined TRACON& Tower with Radar,2,7,4,0,13,0,0,0,0,0,2,7,4,0,13,0,0,0,13
01/17/2022,CRW,WV,AEA,CE,Combined TRACON& Tower with Radar,0,6,0,0,6,0,0,2,0,2,0,6,2,0,8,0,0,0,8
01/18/2022,CRW,WV,AEA,CE,Combined TRACON& Tower with Radar,9,15,10,3,37,0,2,5,4,11,9,17,15,7,48,0,0,0,48
01/19/2022,CRW,WV,AEA,CE,Combined TRACON& Tower with Radar,10,15,11,12,48,0,0,9,5,14,10,15,20,17,62,8,8,16,78
01/20/2022,CRW,WV,AEA,CE,Combined TRACON& Tower with Radar,12,15,5,13,45,0,0,2,0,2,12,15,7,13,47,0,0,0,47
01/21/2022,CRW,WV,AEA,CE,Combined TRACON& Tower with Radar,10,14,4,9,37,0,0,12,2,14,10,14,16,11,51,56,0,56,107
01/22/2022,CRW,WV,AEA,CE,Combined TRACON& Tower with Radar,6,12,19,0,37,0,3,32,0,35,6,15,51,0,72,0,0,0,72
01/23/2022,CRW,WV,AEA,CE,Combined TRACON& Tower with Radar,12,10,3,0,25,0,0,8,0,8,12,10,11,0,33,0,0,0,33
01/24/2022,CRW,WV,AEA,CE,Combined TRACON& Tower with Radar,8,11,21,1,41,0,0,32,4,36,8,11,53,5,77,42,0,42,119
01/25/2022,CRW,WV,AEA,CE,Combined TRACON& Tower with Radar,10,12,16,16,54,0,0,6,5,11,10,12,22,21,65,0,18,18,83
01/26/2022,CRW,WV,AEA,CE,Combined TRACON& Tower with Radar,10,15,26,11,62,0,1,38,8,47,10,16,64,19,109,64,25,89,198
01/27/2022,CRW,WV,AEA,CE,Combined TRACON& Tower with Radar,12,18,28,8,66,0,4,28,8,40,12,22,56,16,106,42,14,56,162
01/28/2022,CRW,WV,AEA,CE,Combined TRACON& Tower with Radar,10,12,10,0,32,0,0,0,0,0,10,12,10,0,32,0,0,0,32
01/29/2022,CRW,WV,AEA,CE,Combined TRACON& Tower with Radar,8,12,3,4,27,0,6,10,4,20,8,18,13,8,47,0,0,0,47
01/30/2022,CRW,WV,AEA,CE,Combined TRACON& Tower with Radar,10,15,22,1,48,0,3,35,0,38,10,18,57,1,86,36,0,36,122
01/31/2022,CRW,WV,AEA,CE,Combined TRACON& Tower with Radar,8,10,9,8,35,0,0,42,5,47,8,10,51,13,82,40,0,40,122
02/01/2022,CRW,WV,AEA,CE,Combined TRACON& Tower with Radar,10,14,9,1,34,0,5,38,9,52,10,19,47,10,86,62,8,70,156
02/02/2022,CRW,WV,AEA,CE,Combined TRACON& Tower with Radar,10,15,7,13,45,0,2,15,18,35,10,17,22,31,80,26,6,32,112
02/03/2022,CRW,WV,AEA,CE,Combined TRACON& Tower with Radar,7,17,2,0,26,0,0,0,0,0,7,17,2,0,26,0,0,0,26
02/04/2022,CRW,WV,AEA,CE,Combined TRACON& Tower with Radar,7,12,1,0,20,0,0,0,0,0,7,12,1,0,20,0,0,0,20
02/05/2022,CRW,WV,AEA,CE,Combined TRACON& Tower with Radar,8,14,5,6,33,0,2,4,0,6,8,16,9,6,39,12,0,12,51
02/06/2022,CRW,WV,AEA,CE,Combined TRACON& Tower with Radar,11,12,10,2,35,0,0,26,0,26,11,12,36,2,61,16,0,16,77
02/07/2022,CRW,WV,AEA,CE,Combined TRACON& Tower with Radar,11,21,14,12,58,0,1,31,5,37,11,22,45,17,95,12,8,20,115
02/08/2022,CRW,WV,AEA,CE,Combined TRACON& Tower with Radar,10,13,9,13,45,0,0,28,12,40,10,13,37,25,85,22,82,104,189
02/09/2022,CRW,WV,AEA,CE,Combined TRACON& Tower with Radar,10,16,11,6,43,0,0,17,18,35,10,16,28,24,78,4,54,58,136
02/10/2022,CRW,WV,AEA,CE,Combined TRACON& Tower with Radar,12,19,14,13,58,0,1,37,4,42,12,20,51,17,100,14,22,36,136
02/11/2022,CRW,WV,AEA,CE,Combined TRACON& Tower with Radar,10,27,9,8,54,0,1,13,0,14,10,28,22,8,68,11,0,11,79
02/12/2022,CRW,WV,AEA,CE,Combined TRACON& Tower with Radar,8,10,6,2,26,0,1,18,0,19,8,11,24,2,45,2,0,2,47
02/13/2022,CRW,WV,AEA,CE,Combined TRACON& Tower with Radar,12,9,8,0,29,0,2,6,0,8,12,11,14,0,37,0,0,0,37
02/14/2022,CRW,WV,AEA,CE,Combined TRACON& Tower with Radar,10,11,9,0,30,0,0,24,0,24,10,11,33,0,54,60,0,60,114
02/15/2022,CRW,WV,AEA,CE,Combined TRACON& Tower with Radar,10,15,31,11,67,0,0,57,13,70,10,15,88,24,137,70,12,82,219
02/16/2022,CRW,WV,AEA,CE,Combined TRACON& Tower with Radar,10,14,18,2,44,0,0,27,0,27,10,14,45,2,71,16,0,16,87
02/17/2022,CRW,WV,AEA,CE,Combined TRACON& Tower with Radar,14,16,8,6,44,0,0,3,2,5,14,16,11,8,49,0,0,0,49
02/18/2022,CRW,WV,AEA,CE,Combined TRACON& Tower with Radar,10,14,14,0,38,0,0,25,0,25,10,14,39,0,63,6,0,6,69
02/19/2022,CRW,WV,AEA,CE,Combined TRACON& Tower with Radar,8,12,1,0,21,0,0,14,0,14,8,12,15,0,35,0,0,0,35
02/20/2022,CRW,WV,AEA,CE,Combined TRACON& Tower with Radar,12,11,15,2,40,0,0,36,0,36,12,11,51,2,76,6,0,6,82
02/21/2022,CRW,WV,AEA,CE,Combined TRACON& Tower with Radar,10,11,15,0,36,0,0,30,0,30,10,11,45,0,66,54,0,54,120
02/22/2022,CRW,WV,AEA,CE,Combined TRACON& Tower with Radar,10,14,15,4,43,0,0,1,1,2,10,14,16,5,45,0,0,0,45
02/23/2022,CRW,WV,AEA,CE,Combined TRACON& Tower with Radar,10,14,14,6,44,0,0,6,0,6,10,14,20,6,50,0,0,0,50
02/24/2022,CRW,WV,AEA,CE,Combined TRACON& Tower with Radar,12,21,11,0,44,0,0,0,0,0,12,21,11,0,44,0,0,0,44
02/25/2022,CRW,WV,AEA,CE,Combined TRACON& Tower with Radar,10,18,7,2,37,0,0,4,1,5,10,18,11,3,42,6,0,6,48
02/26/2022,CRW,WV,AEA,CE,Combined TRACON& Tower with Radar,8,12,14,0,34,0,4,26,0,30,8,16,40,0,64,12,0,12,76
02/27/2022,CRW,WV,AEA,CE,Combined TRACON& Tower with Radar,14,9,20,0,43,0,0,32,0,32,14,9,52,0,75,16,0,16,91
02/28/2022,CRW,WV,AEA,CE,Combined TRACON& Tower with Radar,10,11,15,6,42,0,1,70,6,77,10,12,85,12,119,94,0,94,213
03/01/2022,CRW,WV,AEA,CE,Combined TRACON& Tower with Radar,10,14,33,9,66,0,0,52,18,70,10,14,85,27,136,18,12,30,166
03/02/2022,CRW,WV,AEA,CE,Combined TRACON& Tower with Radar,10,16,28,10,64,0,2,77,13,92,10,18,105,23,156,64,20,84,240
03/03/2022,CRW,WV,AEA,CE,Combined TRACON& Tower with Radar,10,20,18,13,61,0,0,42,8,50,10,20,60,21,111,48,23,71,182
03/04/2022,CRW,WV,AEA,CE,Combined TRACON& Tower with Radar,8,14,13,9,44,0,1,63,9,73,8,15,76,18,117,22,22,44,161
03/05/2022,CRW,WV,AEA,CE,Combined TRACON& Tower with Radar,6,13,13,0,32,0,2,31,6,39,6,15,44,6,71,30,0,30,101
03/06/2022,CRW,WV,AEA,CE,Combined TRACON& Tower with Radar,9,11,3,4,27,0,0,0,0,0,9,11,3,4,27,0,0,0,27
03/07/2022,CRW,WV,AEA,CE,Combined TRACON& Tower with Radar,9,13,12,0,34,0,0,0,0,0,9,13,12,0,34,0,0,0,34
03/08/2022,CRW,WV,AEA,CE,Combined TRACON& Tower with Radar,6,16,25,18,65,0,0,36,15,51,6,16,61,33,116,60,69,129,245
03/09/2022,CRW,WV,AEA,CE,Combined TRACON& Tower with Radar,8,12,7,2,29,0,2,0,0,2,8,14,7,2,31,0,0,0,31
03/10/2022,CRW,WV,AEA,CE,Combined TRACON& Tower with Radar,8,14,18,18,58,0,0,28,8,36,8,14,46,26,94,26,20,46,140
03/11/2022,CRW,WV,AEA,CE,Combined TRACON& Tower with Radar,8,20,31,5,64,0,0,40,0,40,8,20,71,5,104,38,4,42,146
03/12/2022,CRW,WV,AEA,CE,Combined TRACON& Tower with Radar,4,9,3,0,16,0,0,0,0,0,4,9,3,0,16,0,0,0,16
03/13/2022,CRW,WV,AEA,CE,Combined TRACON& Tower with Radar,12,12,11,0,35,0,0,18,4,22,12,12,29,4,57,4,0,4,61
03/14/2022,CRW,WV,AEA,CE,Combined TRACON& Tower with Radar,10,15,17,8,50,0,0,54,0,54,10,15,71,8,104,20,4,24,128
03/15/2022,CRW,WV,AEA,CE,Combined TRACON& Tower with Radar,8,17,26,10,61,0,1,53,4,58,8,18,79,14,119,26,0,26,145
03/16/2022,CRW,WV,AEA,CE,Combined TRACON& Tower with Radar,8,15,20,11,54,0,0,36,2,38,8,15,56,13,92,25,0,25,117
03/17/2022,CRW,WV,AEA,CE,Combined TRACON& Tower with Radar,9,20,28,15,72,0,3,43,4,50,9,23,71,19,122,85,0,85,207
03/18/2022,CRW,WV,AEA,CE,Combined TRACON& Tower with Radar,7,16,22,0,45,0,2,24,2,28,7,18,46,2,73,10,0,10,83
03/19/2022,CRW,WV,AEA,CE,Combined TRACON& Tower with Radar,6,13,10,0,29,0,0,6,1,7,6,13,16,1,36,0,0,0,36
03/20/2022,CRW,WV,AEA,CE,Combined TRACON& Tower with Radar,12,10,20,3,45,0,0,14,2,16,12,10,34,5,61,0,0,0,61
03/21/2022,CRW,WV,AEA,CE,Combined TRACON& Tower with Radar,6,12,10,2,30,0,1,41,4,46,6,13,51,6,76,123,0,123,199
03/22/2022,CRW,WV,AEA,CE,Combined TRACON& Tower with Radar,6,12,23,9,50,0,1,34,5,40,6,13,57,14,90,18,0,18,108
03/23/2022,CRW,WV,AEA,CE,Combined TRACON& Tower with Radar,8,14,11,6,39,0,0,1,4,5,8,14,12,10,44,0,17,17,61
03/24/2022,CRW,WV,AEA,CE,Combined TRACON& Tower with Radar,10,15,21,11,57,0,1,43,5,49,10,16,64,16,106,44,24,68,174
03/25/2022,CRW,WV,AEA,CE,Combined TRACON& Tower with Radar,8,14,16,11,49,0,1,24,4,29,8,15,40,15,78,57,0,57,135
03/26/2022,CRW,WV,AEA,CE,Combined TRACON& Tower with Radar,4,15,10,0,29,0,0,1,0,1,4,15,11,0,30,0,0,0,30
03/27/2022,CRW,WV,AEA,CE,Combined TRACON& Tower with Radar,14,7,9,0,30,0,0,4,0,4,14,7,13,0,34,0,0,0,34
03/28/2022,CRW,WV,AEA,CE,Combined TRACON& Tower with Radar,8,13,18,1,40,0,1,35,4,40,8,14,53,5,80,26,0,26,106
03/29/2022,CRW,WV,AEA,CE,Combined TRACON& Tower with Radar,6,17,18,3,44,0,0,48,1,49,6,17,66,4,93,22,10,32,125
03/30/2022,CRW,WV,AEA,CE,Combined TRACON& Tower with Radar,8,17,16,8,49,0,1,23,4,28,8,18,39,12,77,36,0,36,113
03/31/2022,CRW,WV,AEA,CE,Combined TRACON& Tower with Radar,10,22,10,15,57,0,0,7,3,10,10,22,17,18,67,0,4,4,71
04/01/2022,CRW,WV,AEA,CE,Combined TRACON& Tower with Radar,8,17,8,4,37,0,0,6,0,6,8,17,14,4,43,2,0,2,45
04/02/2022,CRW,WV,AEA,CE,Combined TRACON& Tower with Radar,6,14,25,6,51,0,2,54,0,56,6,16,79,6,107,0,0,0,107
04/03/2022,CRW,WV,AEA,CE,Combined TRACON& Tower with Radar,10,11,7,5,33,0,4,15,1,20,10,15,22,6,53,8,0,8,61
04/04/2022,CRW,WV,AEA,CE,Combined TRACON& Tower with Radar,11,10,14,5,40,0,0,38,3,41,11,10,52,8,81,42,0,42,123
04/05/2022,CRW,WV,AEA,CE,Combined TRACON& Tower with Radar,9,18,19,4,50,0,1,15,6,22,9,19,34,10,72,0,0,0,72
04/06/2022,CRW,WV,AEA,CE,Combined TRACON& Tower with Radar,9,16,14,20,59,0,6,9,14,29,9,22,23,34,88,14,26,40,128
04/07/2022,CRW,WV,AEA,CE,Combined TRACON& Tower with Radar,10,14,24,23,71,0,16,17,3,36,10,30,41,26,107,36,30,66,173
04/08/2022,CRW,WV,AEA,CE,Combined TRACON& Tower with Radar,7,19,10,0,36,0,0,12,0,12,7,19,22,0,48,18,0,18,66
04/09/2022,CRW,WV,AEA,CE,Combined TRACON& Tower with Radar,8,11,3,0,22,0,0,1,0,1,8,11,4,0,23,0,0,0,23
04/10/2022,CRW,WV,AEA,CE,Combined TRACON& Tower with Radar,12,10,9,0,31,0,6,34,0,40,12,16,43,0,71,38,0,38,109
04/11/2022,CRW,WV,AEA,CE,Combined TRACON& Tower with Radar,8,17,9,4,38,0,0,26,3,29,8,17,35,7,67,53,0,53,120
04/12/2022,CRW,WV,AEA,CE,Combined TRACON& Tower with Radar,10,16,12,4,42,0,0,12,6,18,10,16,24,10,60,0,20,20,80
04/13/2022,CRW,WV,AEA,CE,Combined TRACON& Tower with Radar,8,25,18,2,53,0,5,25,3,33,8,30,43,5,86,34,0,34,120
04/14/2022,CRW,WV,AEA,CE,Combined TRACON& Tower with Radar,11,16,23,6,56,0,0,37,11,48,11,16,60,17,104,28,34,62,166
04/15/2022,CRW,WV,AEA,CE,Combined TRACON& Tower with Radar,9,16,20,5,50,0,0,46,0,46,9,16,66,5,96,56,0,56,152
04/16/2022,CRW,WV,AEA,CE,Combined TRACON& Tower with Radar,8,13,9,0,30,0,0,10,0,10,8,13,19,0,40,0,0,0,40
04/17/2022,CRW,WV,AEA,CE,Combined TRACON& Tower with Radar,10,11,13,0,34,0,0,25,0,25,10,11,38,0,59,27,0,27,86
04/18/2022,CRW,WV,AEA,CE,Combined TRACON& Tower with Radar,7,14,12,5,38,0,0,2,0,2,7,14,14,5,40,0,0,0,40
04/19/2022,CRW,WV,AEA,CE,Combined TRACON& Tower with Radar,13,14,12,4,43,0,7,8,4,19,13,21,20,8,62,0,0,0,62
04/20/2022,CRW,WV,AEA,CE,Combined TRACON& Tower with Radar,8,17,18,27,70,0,2,52,17,71,8,19,70,44,141,86,52,138,279
04/21/2022,CRW,WV,AEA,CE,Combined TRACON& Tower with Radar,10,17,12,9,48,0,1,19,11,31,10,18,31,20,79,10,50,60,139
04/22/2022,CRW,WV,AEA,CE,Combined TRACON& Tower with Radar,8,15,9,8,40,0,3,32,0,35,8,18,41,8,75,32,0,32,107
04/23/2022,CRW,WV,AEA,CE,Combined TRACON& Tower with Radar,8,12,9,2,31,0,2,29,0,31,8,14,38,2,62,12,18,30,92
04/24/2022,CRW,WV,AEA,CE,Combined TRACON& Tower with Radar,12,11,16,0,39,0,0,17,0,17,12,11,33,0,56,10,0,10,66
04/25/2022,CRW,WV,AEA,CE,Combined TRACON& Tower with Radar,8,13,16,9,46,0,0,37,4,41,8,13,53,13,87,52,0,52,139
04/26/2022,CRW,WV,AEA,CE,Combined TRACON& Tower with Radar,12,16,20,9,57,0,1,5,0,6,12,17,25,9,63,0,0,0,63
04/27/2022,CRW,WV,AEA,CE,Combined TRACON& Tower with Radar,8,14,22,5,49,0,1,30,6,37,8,15,52,11,86,22,10,32,118
04/28/2022,CRW,WV,AEA,CE,Combined TRACON& Tower with Radar,10,16,27,16,69,0,2,55,10,67,10,18,82,26,136,51,26,77,213
04/29/2022,CRW,WV,AEA,CE,Combined TRACON& Tower with Radar,10,17,16,2,45,0,0,38,3,41,10,17,54,5,86,72,0,72,158
04/30/2022,CRW,WV,AEA,CE,Combined TRACON& Tower with Radar,8,15,14,0,37,0,0,3,0,3,8,15,17,0,40,0,0,0,40
05/01/2022,CRW,WV,AEA,CE,Combined TRACON& Tower with Radar,10,12,7,0,29,0,2,3,0,5,10,14,10,0,34,18,0,18,52
05/02/2022,CRW,WV,AEA,CE,Combined TRACON& Tower with Radar,10,14,13,8,45,0,1,55,0,56,10,15,68,8,101,48,0,48,149
05/03/2022,CRW,WV,AEA,CE,Combined TRACON& Tower with Radar,10,15,11,8,44,0,0,28,2,30,10,15,39,10,74,30,12,42,116
05/04/2022,CRW,WV,AEA,CE,Combined TRACON& Tower with Radar,7,14,37,25,83,0,0,17,2,19,7,14,54,27,102,18,20,38,140
05/05/2022,CRW,WV,AEA,CE,Combined TRACON& Tower with Radar,13,19,30,12,74,0,1,43,9,53,13,20,73,21,127,70,10,80,207
05/06/2022,CRW,WV,AEA,CE,Combined TRACON& Tower with Radar,7,19,9,1,36,0,0,0,0,0,7,19,9,1,36,0,0,0,36
05/07/2022,CRW,WV,AEA,CE,Combined TRACON& Tower with Radar,6,15,5,2,28,0,0,0,1,1,6,15,5,3,29,0,0,0,29
05/08/2022,CRW,WV,AEA,CE,Combined TRACON& Tower with Radar,10,16,12,2,40,0,4,31,3,38,10,20,43,5,78,54,0,54,132
05/09/2022,CRW,WV,AEA,CE,Combined TRACON& Tower with Radar,8,18,10,4,40,0,3,53,0,56,8,21,63,4,96,45,0,45,141
05/10/2022,CRW,WV,AEA,CE,Combined TRACON& Tower with Radar,8,16,28,13,65,0,2,47,9,58,8,18,75,22,123,86,46,132,255
05/11/2022,CRW,WV,AEA,CE,Combined TRACON& Tower with Radar,6,16,30,12,64,0,1,51,7,59,6,17,81,19,123,38,0,38,161
05/12/2022,CRW,WV,AEA,CE,Combined TRACON& Tower with Radar,9,19,37,15,80,0,5,48,10,63,9,24,85,25,143,53,32,85,228
05/13/2022,CRW,WV,AEA,CE,Combined TRACON& Tower with Radar,9,15,31,7,62,0,2,36,14,52,9,17,67,21,114,32,24,56,170
05/14/2022,CRW,WV,AEA,CE,Combined TRACON& Tower with Radar,6,15,9,2,32,0,6,22,5,33,6,21,31,7,65,22,0,22,87
05/15/2022,CRW,WV,AEA,CE,Combined TRACON& Tower with Radar,9,12,25,4,50,0,0,19,1,20,9,12,44,5,70,0,0,0,70
05/16/2022,CRW,WV,AEA,CE,Combined TRACON& Tower with Radar,7,15,22,0,44,0,0,6,0,6,7,15,28,0,50,0,0,0,50
05/17/2022,CRW,WV,AEA,CE,Combined TRACON& Tower with Radar,10,16,29,4,59,0,2,58,3,63,10,18,87,7,122,48,0,48,170
05/18/2022,CRW,WV,AEA,CE,Combined TRACON& Tower with Radar,5,15,30,2,52,0,0,43,0,43,5,15,73,2,95,33,0,33,128
05/19/2022,CRW,WV,AEA,CE,Combined TRACON& Tower with Radar,9,25,32,8,74,0,0,36,14,50,9,25,68,22,124,36,26,62,186
05/20/2022,CRW,WV,AEA,CE,Combined TRACON& Tower with Radar,8,18,25,6,57,0,2,40,8,50,8,20,65,14,107,16,0,16,123
05/21/2022,CRW,WV,AEA,CE,Combined TRACON& Tower with Radar,6,15,9,0,30,0,1,30,4,35,6,16,39,4,65,26,0,26,91
05/22/2022,CRW,WV,AEA,CE,Combined TRACON& Tower with Radar,10,13,12,3,38,0,1,5,0,6,10,14,17,3,44,10,6,16,60
05/23/2022,CRW,WV,AEA,CE,Combined TRACON& Tower with Radar,9,12,19,3,43,0,0,4,2,6,9,12,23,5,49,10,0,10,59
05/24/2022,CRW,WV,AEA,CE,Combined TRACON& Tower with Radar,9,14,23,10,56,0,0,11,6,17,9,14,34,16,73,22,80,102,175
05/25/2022,CRW,WV,AEA,CE,Combined TRACON& Tower with Radar,5,17,20,2,44,0,1,40,3,44,5,18,60,5,88,64,6,70,158
05/26/2022,CRW,WV,AEA,CE,Combined TRACON& Tower with Radar,10,18,28,8,64,0,1,11,2,14,10,19,39,10,78,16,4,20,98
05/27/2022,CRW,WV,AEA,CE,Combined TRACON& Tower with Radar,8,14,8,1,31,0,0,9,0,9,8,14,17,1,40,0,0,0,40
05/28/2022,CRW,WV,AEA,CE,Combined TRACON& Tower with Radar,7,14,22,0,43,0,0,20,0,20,7,14,42,0,63,6,0,6,69
05/29/2022,CRW,WV,AEA,CE,Combined TRACON& Tower with Radar,11,12,7,0,30,0,0,33,0,33,11,12,40,0,63,32,0,32,95
05/30/2022,CRW,WV,AEA,CE,Combined TRACON& Tower with Radar,12,16,23,0,51,0,6,40,0,46,12,22,63,0,97,38,0,38,135
05/31/2022,CRW,WV,AEA,CE,Combined TRACON& Tower with Radar,8,21,22,3,54,0,2,43,0,45,8,23,65,3,99,49,0,49,148
06/01/2022,CRW,WV,AEA,CE,Combined TRACON& Tower with Radar,7,14,27,5,53,0,0,54,2,56,7,14,81,7,109,59,0,59,168
06/02/2022,CRW,WV,AEA,CE,Combined TRACON& Tower with Radar,13,17,20,8,58,0,0,11,2,13,13,17,31,10,71,30,2,32,103
06/03/2022,CRW,WV,AEA,CE,Combined TRACON& Tower with Radar,10,16,39,12,77,0,1,51,10,62,10,17,90,22,139,29,10,39,178
06/04/2022,CRW,WV,AEA,CE,Combined TRACON& Tower with Radar,10,16,17,8,51,0,0,37,1,38,10,16,54,9,89,0,0,0,89
06/05/2022,CRW,WV,AEA,CE,Combined TRACON& Tower with Radar,12,13,11,5,41,0,0,47,0,47,12,13,58,5,88,44,0,44,132
06/06/2022,CRW,WV,AEA,CE,Combined TRACON& Tower with Radar,9,13,12,0,34,0,0,55,0,55,9,13,67,0,89,66,0,66,155
06/07/2022,CRW,WV,AEA,CE,Combined TRACON& Tower with Radar,11,14,28,0,53,0,0,4,2,6,11,14,32,2,59,0,0,0,59
06/08/2022,CRW,WV,AEA,CE,Combined TRACON& Tower with Radar,8,13,18,9,48,0,1,19,1,21,8,14,37,10,69,30,4,34,103
06/09/2022,CRW,WV,AEA,CE,Combined TRACON& Tower with Radar,13,19,28,8,68,0,4,30,0,34,13,23,58,8,102,17,0,17,119
06/10/2022,CRW,WV,AEA,CE,Combined TRACON& Tower with Radar,11,18,24,5,58,0,1,44,0,45,11,19,68,5,103,34,0,34,137
06/11/2022,CRW,WV,AEA,CE,Combined TRACON& Tower with Radar,10,13,14,1,38,0,0,17,0,17,10,13,31,1,55,16,0,16,71
06/12/2022,CRW,WV,AEA,CE,Combined TRACON& Tower with Radar,10,12,19,5,46,0,0,19,0,19,10,12,38,5,65,56,0,56,121
06/13/2022,CRW,WV,AEA,CE,Combined TRACON& Tower with Radar,10,14,28,1,53,0,3,50,0,53,10,17,78,1,106,106,0,106,212
06/14/2022,CRW,WV,AEA,CE,Combined TRACON& Tower with Radar,12,16,21,22,71,0,3,31,7,41,12,19,52,29,112,36,12,48,160
06/15/2022,CRW,WV,AEA,CE,Combined TRACON& Tower with Radar,10,16,23,5,54,0,4,29,10,43,10,20,52,15,97,32,4,36,133
06/16/2022,CRW,WV,AEA,CE,Combined TRACON& Tower with Radar,10,25,21,23,79,0,2,33,22,57,10,27,54,45,136,38,82,120,256
06/17/2022,CRW,WV,AEA,CE,Combined TRACON& Tower with Radar,9,15,11,2,37,0,2,19,2,23,9,17,30,4,60,26,0,26,86
06/18/2022,CRW,WV,AEA,CE,Combined TRACON& Tower with Radar,11,19,10,0,40,0,0,38,0,38,11,19,48,0,78,14,0,14,92
06/19/2022,CRW,WV,AEA,CE,Combined TRACON& Tower with Radar,10,15,12,2,39,0,0,37,0,37,10,15,49,2,76,20,0,20,96
06/20/2022,CRW,WV,AEA,CE,Combined TRACON& Tower with Radar,8,13,16,0,37,0,1,49,0,50,8,14,65,0,87,48,0,48,135
06/21/2022,CRW,WV,AEA,CE,Combined TRACON& Tower with Radar,12,17,26,4,59,0,0,43,19,62,12,17,69,23,121,42,16,58,179
06/22/2022,CRW,WV,AEA,CE,Combined TRACON& Tower with Radar,9,15,12,7,43,0,1,29,15,45,9,16,41,22,88,34,30,64,152
06/23/2022,CRW,WV,AEA,CE,Combined TRACON& Tower with Radar,8,17,29,21,75,0,3,26,5,34,8,20,55,26,109,4,12,16,125
06/24/2022,CRW,WV,AEA,CE,Combined TRACON& Tower with Radar,9,16,19,3,47,0,0,47,1,48,9,16,66,4,95,22,0,22,117
06/25/2022,CRW,WV,AEA,CE,Combined TRACON& Tower with Radar,10,15,20,14,59,0,2,26,3,31,10,17,46,17,90,28,52,80,170
06/26/2022,CRW,WV,AEA,CE,Combined TRACON& Tower with Radar,12,12,16,0,40,0,0,11,0,11,12,12,27,0,51,0,0,0,51
06/27/2022,CRW,WV,AEA,CE,Combined TRACON& Tower with Radar,10,11,43,4,68,0,2,26,4,32,10,13,69,8,100,39,0,39,139
06/28/2022,CRW,WV,AEA,CE,Combined TRACON& Tower with Radar,12,19,24,12,67,0,0,57,19,76,12,19,81,31,143,87,43,130,273
06/29/2022,CRW,WV,AEA,CE,Combined TRACON& Tower with Radar,7,10,13,10,40,0,4,19,11,34,7,14,32,21,74,6,40,46,120
06/30/2022,CRW,WV,AEA,CE,Combined TRACON& Tower with Radar,12,21,14,0,47,0,6,38,0,44,12,27,52,0,91,44,0,44,135
07/01/2022,CRW,WV,AEA,CE,Combined TRACON& Tower with Radar,7,15,18,0,40,0,1,11,4,16,7,16,29,4,56,25,0,25,81
07/02/2022,CRW,WV,AEA,CE,Combined TRACON& Tower with Radar,13,21,5,2,41,0,0,9,0,9,13,21,14,2,50,0,0,0,50
07/03/2022,CRW,WV,AEA,CE,Combined TRACON& Tower with Radar,9,16,18,3,46,0,0,21,4,25,9,16,39,7,71,0,0,0,71
07/04/2022,CRW,WV,AEA,CE,Combined TRACON& Tower with Radar,9,10,7,0,26,0,2,23,0,25,9,12,30,0,51,4,0,4,55
07/05/2022,CRW,WV,AEA,CE,Combined TRACON& Tower with Radar,9,14,13,0,36,0,0,15,0,15,9,14,28,0,51,0,0,0,51
07/06/2022,CRW,WV,AEA,CE,Combined TRACON& Tower with Radar,9,13,10,0,32,0,0,18,0,18,9,13,28,0,50,12,0,12,62
07/07/2022,CRW,WV,AEA,CE,Combined TRACON& Tower with Radar,11,19,40,4,74,0,1,16,0,17,11,20,56,4,91,34,0,34,125
07/08/2022,CRW,WV,AEA,CE,Combined TRACON& Tower with Radar,10,16,20,5,51,0,0,6,0,6,10,16,26,5,57,16,0,16,73
07/09/2022,CRW,WV,AEA,CE,Combined TRACON& Tower with Radar,7,15,31,2,55,0,0,0,0,0,7,15,31,2,55,0,0,0,55
07/10/2022,CRW,WV,AEA,CE,Combined TRACON& Tower with Radar,11,18,28,2,59,0,0,27,0,27,11,18,55,2,86,38,0,38,124
07/11/2022,CRW,WV,AEA,CE,Combined TRACON& Tower with Radar,8,9,24,4,45,0,0,52,8,60,8,9,76,12,105,70,0,70,175
07/12/2022,CRW,WV,AEA,CE,Combined TRACON& Tower with Radar,9,17,33,6,65,0,4,53,6,63,9,21,86,12,128,15,0,15,143
07/13/2022,CRW,WV,AEA,CE,Combined TRACON& Tower with Radar,12,16,40,6,74,0,3,39,10,52,12,19,79,16,126,32,14,46,172
07/14/2022,CRW,WV,AEA,CE,Combined TRACON& Tower with Radar,12,19,28,4,63,0,1,41,26,68,12,20,69,30,131,52,36,88,219
07/15/2022,CRW,WV,AEA,CE,Combined TRACON& Tower with Radar,12,14,22,9,57,0,0,53,4,57,12,14,75,13,114,90,0,90,204
07/16/2022,CRW,WV,AEA,CE,Combined TRACON& Tower with Radar,10,15,24,6,55,0,1,30,0,31,10,16,54,6,86,62,0,62,148
07/17/2022,CRW,WV,AEA,CE,Combined TRACON& Tower with Radar,12,13,7,0,32,0,1,3,2,6,12,14,10,2,38,0,0,0,38
07/18/2022,CRW,WV,AEA,CE,Combined TRACON& Tower with Radar,10,16,23,5,54,0,0,1,6,7,10,16,24,11,61,0,0,0,61
07/19/2022,CRW,WV,AEA,CE,Combined TRACON& Tower with Radar,12,15,33,9,69,0,0,38,4,42,12,15,71,13,111,52,12,64,175
07/20/2022,CRW,WV,AEA,CE,Combined TRACON& Tower with Radar,10,18,30,20,78,0,2,62,19,83,10,20,92,39,161,72,42,114,275
07/21/2022,CRW,WV,AEA,CE,Combined TRACON& Tower with Radar,10,17,33,10,70,0,0,26,0,26,10,17,59,10,96,18,0,18,114
07/22/2022,CRW,WV,AEA,CE,Combined TRACON& Tower with Radar,9,17,31,6,63,0,1,53,5,59,9,18,84,11,122,64,0,64,186
07/23/2022,CRW,WV,AEA,CE,Combined TRACON& Tower with Radar,8,16,16,0,40,0,1,30,0,31,8,17,46,0,71,49,0,49,120
07/24/2022,CRW,WV,AEA,CE,Combined TRACON& Tower with Radar,10,11,7,5,33,0,0,32,1,33,10,11,39,6,66,62,0,62,128
07/25/2022,CRW,WV,AEA,CE,Combined TRACON& Tower with Radar,9,11,21,0,41,0,0,21,4,25,9,11,42,4,66,0,0,0,66
07/26/2022,CRW,WV,AEA,CE,Combined TRACON& Tower with Radar,10,17,16,5,48,0,0,2,8,10,10,17,18,13,58,0,0,0,58
07/27/2022,CRW,WV,AEA,CE,Combined TRACON& Tower with Radar,10,12,11,1,34,0,0,17,2,19,10,12,28,3,53,10,0,10,63
07/28/2022,CRW,WV,AEA,CE,Combined TRACON& Tower with Radar,11,15,16,4,46,0,0,20,2,22,11,15,36,6,68,64,0,64,132
07/29/2022,CRW,WV,AEA,CE,Combined TRACON& Tower with Radar,9,16,29,22,76,0,2,6,5,13,9,18,35,27,89,0,10,10,99
07/30/2022,CRW,WV,AEA,CE,Combined TRACON& Tower with Radar,9,13,14,0,36,0,1,29,0,30,9,14,43,0,66,55,0,55,121
07/31/2022,CRW,WV,AEA,CE,Combined TRACON& Tower with Radar,12,8,9,4,33,0,0,1,0,1,12,8,10,4,34,0,0,0,34
08/01/2022,CRW,WV,AEA,CE,Combined TRACON& Tower with Radar,9,11,13,6,39,0,0,4,4,8,9,11,17,10,47,22,0,22,69
08/02/2022,CRW,WV,AEA,CE,Combined TRACON& Tower with Radar,14,15,20,6,55,0,1,44,14,59,14,16,64,20,114,110,0,110,224
08/03/2022,CRW,WV,AEA,CE,Combined TRACON& Tower with Radar,10,12,10,26,58,0,4,75,3,82,10,16,85,29,140,113,12,125,265
08/04/2022,CRW,WV,AEA,CE,Combined TRACON& Tower with Radar,7,12,9,1,29,0,0,11,13,24,7,12,20,14,53,30,14,44,97
08/05/2022,CRW,WV,AEA,CE,Combined TRACON& Tower with Radar,7,14,16,9,46,0,1,12,1,14,7,15,28,10,60,36,0,36,96
08/06/2022,CRW,WV,AEA,CE,Combined TRACON& Tower with Radar,9,14,8,0,31,0,0,5,2,7,9,14,13,2,38,6,0,6,44
08/07/2022,CRW,WV,AEA,CE,Combined TRACON& Tower with Radar,11,19,20,14,64,0,0,30,5,35,11,19,50,19,99,25,10,35,134
08/08/2022,CRW,WV,AEA,CE,Combined TRACON& Tower with Radar,8,9,9,10,36,0,0,40,11,51,8,9,49,21,87,78,22,100,187
08/09/2022,CRW,WV,AEA,CE,Combined TRACON& Tower with Radar,10,22,20,8,60,0,0,39,3,42,10,22,59,11,102,37,22,59,161
08/10/2022,CRW,WV,AEA,CE,Combined TRACON& Tower with Radar,9,12,6,6,33,0,0,8,4,12,9,12,14,10,45,0,10,10,55
08/11/2022,CRW,WV,AEA,CE,Combined TRACON& Tower with Radar,12,16,15,6,49,0,0,50,10,60,12,16,65,16,109,100,10,110,219
08/12/2022,CRW,WV,AEA,CE,Combined TRACON& Tower with Radar,8,17,21,7,53,0,2,52,4,58,8,19,73,11,111,20,0,20,131
08/13/2022,CRW,WV,AEA,CE,Combined TRACON& Tower with Radar,9,10,7,3,29,0,3,33,1,37,9,13,40,4,66,44,0,44,110
08/14/2022,CRW,WV,AEA,CE,Combined TRACON& Tower with Radar,12,10,6,0,28,0,1,13,1,15,12,11,19,1,43,54,0,54,97
08/15/2022,CRW,WV,AEA,CE,Combined TRACON& Tower with Radar,8,8,22,2,40,0,3,9,1,13,8,11,31,3,53,46,0,46,99
08/16/2022,CRW,WV,AEA,CE,Combined TRACON& Tower with Radar,12,16,16,11,55,0,0,12,8,20,12,16,28,19,75,10,18,28,103
08/17/2022,CRW,WV,AEA,CE,Combined TRACON& Tower with Radar,9,12,27,4,52,0,2,43,16,61,9,14,70,20,113,96,6,102,215
08/18/2022,CRW,WV,AEA,CE,Combined TRACON& Tower with Radar,11,18,27,9,65,0,0,40,9,49,11,18,67,18,114,44,0,44,158
08/19/2022,CRW,WV,AEA,CE,Combined TRACON& Tower with Radar,9,17,23,13,62,0,0,46,0,46,9,17,69,13,108,43,0,43,151
08/20/2022,CRW,WV,AEA,CE,Combined TRACON& Tower with Radar,9,15,13,1,38,0,3,18,1,22,9,18,31,2,60,6,0,6,66
08/21/2022,CRW,WV,AEA,CE,Combined TRACON& Tower with Radar,13,16,8,5,42,0,1,10,0,11,13,17,18,5,53,20,0,20,73
08/22/2022,CRW,WV,AEA,CE,Combined TRACON& Tower with Radar,10,19,14,1,44,0,1,17,2,20,10,20,31,3,64,72,0,72,136
08/23/2022,CRW,WV,AEA,CE,Combined TRACON& Tower with Radar,10,16,18,8,52,0,0,28,2,30,10,16,46,10,82,56,22,78,160
08/24/2022,CRW,WV,AEA,CE,Combined TRACON& Tower with Radar,10,12,10,12,44,0,1,31,6,38,10,13,41,18,82,108,18,126,208
08/25/2022,CRW,WV,AEA,CE,Combined TRACON& Tower with Radar,12,15,29,11,67,0,1,28,12,41,12,16,57,23,108,12,26,38,146
08/26/2022,CRW,WV,AEA,CE,Combined TRACON& Tower with Radar,10,13,15,17,55,0,0,21,0,21,10,13,36,17,76,42,0,42,118
08/27/2022,CRW,WV,AEA,CE,Combined TRACON& Tower with Radar,9,19,25,1,54,0,1,19,0,20,9,20,44,1,74,0,0,0,74
08/28/2022,CRW,WV,AEA,CE,Combined TRACON& Tower with Radar,13,10,13,0,36,0,0,32,0,32,13,10,45,0,68,31,0,31,99
08/29/2022,CRW,WV,AEA,CE,Combined TRACON& Tower with Radar,10,9,14,0,33,0,0,39,0,39,10,9,53,0,72,9,0,9,81
08/30/2022,CRW,WV,AEA,CE,Combined TRACON& Tower with Radar,11,14,8,6,39,0,0,4,0,4,11,14,12,6,43,2,0,2,45
08/31/2022,CRW,WV,AEA,CE,Combined TRACON& Tower with Radar,11,16,21,8,56,0,1,57,26,84,11,17,78,34,140,38,8,46,186
09/01/2022,CRW,WV,AEA,CE,Combined TRACON& Tower with Radar,10,17,13,12,52,0,0,53,0,53,10,17,66,12,105,28,4,32,137
09/02/2022,CRW,WV,AEA,CE,Combined TRACON& Tower with Radar,10,21,18,0,49,0,1,48,0,49,10,22,66,0,98,80,0,80,178
09/03/2022,CRW,WV,AEA,CE,Combined TRACON& Tower with Radar,8,14,9,0,31,0,0,31,2,33,8,14,40,2,64,12,0,12,76
09/04/2022,CRW,WV,AEA,CE,Combined TRACON& Tower with Radar,12,8,13,2,35,0,0,11,0,11,12,8,24,2,46,0,0,0,46
09/05/2022,CRW,WV,AEA,CE,Combined TRACON& Tower with Radar,9,17,12,0,38,0,0,0,0,0,9,17,12,0,38,0,0,0,38
09/06/2022,CRW,WV,AEA,CE,Combined TRACON& Tower with Radar,11,13,30,0,54,0,0,12,0,12,11,13,42,0,66,41,0,41,107
09/07/2022,CRW,WV,AEA,CE,Combined TRACON& Tower with Radar,10,15,32,28,85,0,2,36,4,42,10,17,68,32,127,128,46,174,301
09/08/2022,CRW,WV,AEA,CE,Combined TRACON& Tower with Radar,12,20,37,12,81,0,0,34,12,46,12,20,71,24,127,54,28,82,209
09/09/2022,CRW,WV,AEA,CE,Combined TRACON& Tower with Radar,10,20,44,9,83,0,2,62,0,64,10,22,106,9,147,64,10,74,221
09/10/2022,CRW,WV,AEA,CE,Combined TRACON& Tower with Radar,10,14,15,14,53,0,0,15,2,17,10,14,30,16,70,26,12,38,108
09/11/2022,CRW,WV,AEA,CE,Combined TRACON& Tower with Radar,16,18,15,9,58,0,1,17,0,18,16,19,32,9,76,18,0,18,94
09/12/2022,CRW,WV,AEA,CE,Combined TRACON& Tower with Radar,2,2,1,0,5,0,2,4,0,6,2,4,5,0,11,0,0,0,11
09/13/2022,CRW,WV,AEA,CE,Combined TRACON& Tower with Radar,0,0,0,0,0,0,1,8,2,11,0,1,8,2,11,0,0,0,11
09/14/2022,CRW,WV,AEA,CE,Combined TRACON& Tower with Radar,0,0,0,2,2,0,0,11,4,15,0,0,11,6,17,0,0,0,17
09/15/2022,CRW,WV,AEA,CE,Combined TRACON& Tower with Radar,13,13,12,3,41,0,2,52,6,60,13,15,64,9,101,42,0,42,143
09/16/2022,CRW,WV,AEA,CE,Combined TRACON& Tower with Radar,12,20,40,11,83,0,3,48,1,52,12,23,88,12,135,32,0,32,167
09/17/2022,CRW,WV,AEA,CE,Combined TRACON& Tower with Radar,12,12,14,13,51,0,0,36,0,36,12,12,50,13,87,28,0,28,115
09/18/2022,CRW,WV,AEA,CE,Combined TRACON& Tower with Radar,18,15,18,6,57,0,4,44,1,49,18,19,62,7,106,27,0,27,133
09/19/2022,CRW,WV,AEA,CE,Combined TRACON& Tower with Radar,14,14,20,8,56,0,5,41,0,46,14,19,61,8,102,96,6,102,204
09/20/2022,CRW,WV,AEA,CE,Combined TRACON& Tower with Radar,14,27,35,5,81,0,2,44,8,54,14,29,79,13,135,20,0,20,155
09/21/2022,CRW,WV,AEA,CE,Combined TRACON& Tower with Radar,14,20,32,10,76,0,0,38,30,68,14,20,70,40,144,66,12,78,222
09/22/2022,CRW,WV,AEA,CE,Combined TRACON& Tower with Radar,16,18,36,1,71,0,0,18,4,22,16,18,54,5,93,2,14,16,109
09/23/2022,CRW,WV,AEA,CE,Combined TRACON& Tower with Radar,14,18,20,2,54,0,0,40,2,42,14,18,60,4,96,71,0,71,167
09/24/2022,CRW,WV,AEA,CE,Combined TRACON& Tower with Radar,12,17,14,1,44,0,0,33,0,33,12,17,47,1,77,107,0,107,184
09/25/2022,CRW,WV,AEA,CE,Combined TRACON& Tower with Radar,16,10,8,1,35,0,1,12,2,15,16,11,20,3,50,0,0,0,50
09/26/2022,CRW,WV,AEA,CE,Combined TRACON& Tower with Radar,15,9,14,2,40,0,0,24,0,24,15,9,38,2,64,21,0,21,85
09/27/2022,CRW,WV,AEA,CE,Combined TRACON& Tower with Radar,14,19,24,4,61,0,0,36,0,36,14,19,60,4,97,30,0,30,127
09/28/2022,CRW,WV,AEA,CE,Combined TRACON& Tower with Radar,14,19,25,7,65,0,4,32,1,37,14,23,57,8,102,62,0,62,164
09/29/2022,CRW,WV,AEA,CE,Combined TRACON& Tower with Radar,14,15,16,6,51,0,1,19,2,22,14,16,35,8,73,14,0,14,87
09/30/2022,CRW,WV,AEA,CE,Combined TRACON& Tower with Radar,14,17,23,11,65,0,0,23,4,27,14,17,46,15,92,36,4,40,132
10/01/2022,CRW,WV,AEA,CE,Combined TRACON& Tower with Radar,12,12,4,5,33,0,0,0,0,0,12,12,4,5,33,0,0,0,33
10/02/2022,CRW,WV,AEA,CE,Combined TRACON& Tower with Radar,18,7,11,7,43,0,0,2,0,2,18,7,13,7,45,11,0,11,56
10/03/2022,CRW,WV,AEA,CE,Combined TRACON& Tower with Radar,14,5,23,2,44,0,0,33,0,33,14,5,56,2,77,60,0,60,137
10/04/2022,CRW,WV,AEA,CE,Combined TRACON& Tower with Radar,14,9,21,8,52,0,0,43,7,50,14,9,64,15,102,58,8,66,168
10/05/2022,CRW,WV,AEA,CE,Combined TRACON& Tower with Radar,14,12,20,12,58,0,0,48,18,66,14,12,68,30,124,110,80,190,314
10/06/2022,CRW,WV,AEA,CE,Combined TRACON& Tower with Radar,16,14,29,2,61,0,2,54,14,70,16,16,83,16,131,84,48,132,263
10/07/2022,CRW,WV,AEA,CE,Combined TRACON& Tower with Radar,14,7,27,0,48,0,0,35,0,35,14,7,62,0,83,44,0,44,127
10/08/2022,CRW,WV,AEA,CE,Combined TRACON& Tower with Radar,12,10,14,0,36,0,2,27,0,29,12,12,41,0,65,81,0,81,146
10/09/2022,CRW,WV,AEA,CE,Combined TRACON& Tower with Radar,18,6,11,2,37,0,8,29,0,37,18,14,40,2,74,28,0,28,102
10/10/2022,CRW,WV,AEA,CE,Combined TRACON& Tower with Radar,14,5,11,0,30,0,0,46,6,52,14,5,57,6,82,116,0,116,198
10/11/2022,CRW,WV,AEA,CE,Combined TRACON& Tower with Radar,14,17,26,5,62,0,2,40,26,68,14,19,66,31,130,26,25,51,181
10/12/2022,CRW,WV,AEA,CE,Combined TRACON& Tower with Radar,14,14,32,11,71,0,0,27,22,49,14,14,59,33,120,14,0,14,134
10/13/2022,CRW,WV,AEA,CE,Combined TRACON& Tower with Radar,16,20,29,14,79,0,0,23,11,34,16,20,52,25,113,82,54,136,249
10/14/2022,CRW,WV,AEA,CE,Combined TRACON& Tower with Radar,14,13,15,6,48,0,2,42,4,48,14,15,57,10,96,22,0,22,118
10/15/2022,CRW,WV,AEA,CE,Combined TRACON& Tower with Radar,12,9,12,3,36,0,2,24,3,29,12,11,36,6,65,16,0,16,81
10/16/2022,CRW,WV,AEA,CE,Combined TRACON& Tower with Radar,18,7,15,2,42,0,1,15,0,16,18,8,30,2,58,8,0,8,66
10/17/2022,CRW,WV,AEA,CE,Combined TRACON& Tower with Radar,14,7,28,4,53,0,0,35,2,37,14,7,63,6,90,33,0,33,123
10/18/2022,CRW,WV,AEA,CE,Combined TRACON& Tower with Radar,14,16,16,12,58,0,0,2,12,14,14,16,18,24,72,36,46,82,154
10/19/2022,CRW,WV,AEA,CE,Combined TRACON& Tower with Radar,14,10,18,9,51,0,1,25,4,30,14,11,43,13,81,56,0,56,137
10/20/2022,CRW,WV,AEA,CE,Combined TRACON& Tower with Radar,16,13,22,5,56,0,2,30,22,54,16,15,52,27,110,32,60,92,202
10/21/2022,CRW,WV,AEA,CE,Combined TRACON& Tower with Radar,14,11,23,4,52,0,2,38,0,40,14,13,61,4,92,48,0,48,140
10/22/2022,CRW,WV,AEA,CE,Combined TRACON& Tower with Radar,14,9,20,3,46,0,1,40,3,44,14,10,60,6,90,24,6,30,120
10/23/2022,CRW,WV,AEA,CE,Combined TRACON& Tower with Radar,18,6,6,2,32,0,0,35,0,35,18,6,41,2,67,52,0,52,119
10/24/2022,CRW,WV,AEA,CE,Combined TRACON& Tower with Radar,14,9,22,2,47,0,2,45,0,47,14,11,67,2,94,77,0,77,171
10/25/2022,CRW,WV,AEA,CE,Combined TRACON& Tower with Radar,14,17,37,23,91,0,1,46,29,76,14,18,83,52,167,26,30,56,223
10/26/2022,CRW,WV,AEA,CE,Combined TRACON& Tower with Radar,14,17,17,24,72,0,3,16,11,30,14,20,33,35,102,36,34,70,172
10/27/2022,CRW,WV,AEA,CE,Combined TRACON& Tower with Radar,16,17,27,9,69,0,2,32,2,36,16,19,59,11,105,0,10,10,115
10/28/2022,CRW,WV,AEA,CE,Combined TRACON& Tower with Radar,17,17,16,11,61,0,0,44,7,51,17,17,60,18,112,24,14,38,150
10/29/2022,CRW,WV,AEA,CE,Combined TRACON& Tower with Radar,10,12,15,0,37,0,1,33,0,34,10,13,48,0,71,12,0,12,83
10/30/2022,CRW,WV,AEA,CE,Combined TRACON& Tower with Radar,16,10,11,2,39,0,0,30,0,30,16,10,41,2,69,6,0,6,75
10/31/2022,CRW,WV,AEA,CE,Combined TRACON& Tower with Radar,8,7,17,4,36,0,0,2,0,2,8,7,19,4,38,0,0,0,38
11/01/2022,CRW,WV,AEA,CE,Combined TRACON& Tower with Radar,14,11,16,10,51,0,2,23,0,25,14,13,39,10,76,14,0,14,90
11/02/2022,CRW,WV,AEA,CE,Combined TRACON& Tower with Radar,13,17,17,20,67,0,0,24,29,53,13,17,41,49,120,20,56,76,196
11/03/2022,CRW,WV,AEA,CE,Combined TRACON& Tower with Radar,18,15,16,12,61,0,0,53,12,65,18,15,69,24,126,60,58,118,244
11/04/2022,CRW,WV,AEA,CE,Combined TRACON& Tower with Radar,14,8,19,2,43,0,0,40,1,41,14,8,59,3,84,6,0,6,90
11/05/2022,CRW,WV,AEA,CE,Combined TRACON& Tower with Radar,11,13,9,2,35,0,0,17,6,23,11,13,26,8,58,0,0,0,58
11/06/2022,CRW,WV,AEA,CE,Combined TRACON& Tower with Radar,17,7,22,6,52,0,0,12,2,14,17,7,34,8,66,0,0,0,66
11/07/2022,CRW,WV,AEA,CE,Combined TRACON& Tower with Radar,12,12,21,11,56,0,1,44,3,48,12,13,65,14,104,15,0,15,119
11/08/2022,CRW,WV,AEA,CE,Combined TRACON& Tower with Radar,17,12,17,3,49,0,0,55,6,61,17,12,72,9,110,25,12,37,147
11/09/2022,CRW,WV,AEA,CE,Combined TRACON& Tower with Radar,14,15,21,9,59,0,1,71,15,87,14,16,92,24,146,98,18,116,262
11/10/2022,CRW,WV,AEA,CE,Combined TRACON& Tower with Radar,14,15,22,5,56,0,1,58,2,61,14,16,80,7,117,20,0,20,137
11/11/2022,CRW,WV,AEA,CE,Combined TRACON& Tower with Radar,17,12,6,0,35,0,0,0,0,0,17,12,6,0,35,0,0,0,35
11/12/2022,CRW,WV,AEA,CE,Combined TRACON& Tower with Radar,10,13,5,1,29,0,0,0,0,0,10,13,5,1,29,0,0,0,29
11/13/2022,CRW,WV,AEA,CE,Combined TRACON& Tower with Radar,17,8,2,0,27,0,0,5,0,5,17,8,7,0,32,0,0,0,32
11/14/2022,CRW,WV,AEA,CE,Combined TRACON& Tower with Radar,16,13,12,1,42,0,0,50,3,53,16,13,62,4,95,10,0,10,105
11/15/2022,CRW,WV,AEA,CE,Combined TRACON& Tower with Radar,14,12,7,3,36,0,0,4,0,4,14,12,11,3,40,0,0,0,40
11/16/2022,CRW,WV,AEA,CE,Combined TRACON& Tower with Radar,14,13,4,6,37,0,0,8,2,10,14,13,12,8,47,16,0,16,63
11/17/2022,CRW,WV,AEA,CE,Combined TRACON& Tower with Radar,16,13,11,16,56,0,1,26,17,44,16,14,37,33,100,68,50,118,218
11/18/2022,CRW,WV,AEA,CE,Combined TRACON& Tower with Radar,14,13,23,1,51,0,1,48,0,49,14,14,71,1,100,30,0,30,130
11/19/2022,CRW,WV,AEA,CE,Combined TRACON& Tower with Radar,10,13,18,0,41,0,0,48,0,48,10,13,66,0,89,40,0,40,129
11/20/2022,CRW,WV,AEA,CE,Combined TRACON& Tower with Radar,17,8,2,0,27,0,0,27,0,27,17,8,29,0,54,11,0,11,65
11/21/2022,CRW,WV,AEA,CE,Combined TRACON& Tower with Radar,13,9,12,8,42,0,0,58,0,58,13,9,70,8,100,38,14,52,152
11/22/2022,CRW,WV,AEA,CE,Combined TRACON& Tower with Radar,12,18,19,2,51,0,0,60,0,60,12,18,79,2,111,60,0,60,171
11/23/2022,CRW,WV,AEA,CE,Combined TRACON& Tower with Radar,14,14,11,0,39,0,1,32,0,33,14,15,43,0,72,24,0,24,96
11/24/2022,CRW,WV,AEA,CE,Combined TRACON& Tower with Radar,10,9,7,0,26,0,2,20,0,22,10,11,27,0,48,8,0,8,56
11/25/2022,CRW,WV,AEA,CE,Combined TRACON& Tower with Radar,12,15,7,0,34,0,0,6,0,6,12,15,13,0,40,18,0,18,58
11/26/2022,CRW,WV,AEA,CE,Combined TRACON& Tower with Radar,10,14,7,0,31,0,1,23,0,24,10,15,30,0,55,18,0,18,73
11/27/2022,CRW,WV,AEA,CE,Combined TRACON& Tower with Radar,20,12,5,0,37,0,0,7,0,7,20,12,12,0,44,0,0,0,44
11/28/2022,CRW,WV,AEA,CE,Combined TRACON& Tower with Radar,14,9,12,0,35,0,0,8,0,8,14,9,20,0,43,18,0,18,61
11/29/2022,CRW,WV,AEA,CE,Combined TRACON& Tower with Radar,12,16,13,17,58,0,0,41,13,54,12,16,54,30,112,14,16,30,142
11/30/2022,CRW,WV,AEA,CE,Combined TRACON& Tower with Radar,12,10,7,4,33,0,0,4,4,8,12,10,11,8,41,4,0,4,45
12/01/2022,CRW,WV,AEA,CE,Combined TRACON& Tower with Radar,16,14,20,16,66,0,0,43,27,70,16,14,63,43,136,32,50,82,218
12/02/2022,CRW,WV,AEA,CE,Combined TRACON& Tower with Radar,14,20,19,2,55,0,0,41,0,41,14,20,60,2,96,12,0,12,108
12/03/2022,CRW,WV,AEA,CE,Combined TRACON& Tower with Radar,10,12,6,4,32,0,0,2,4,6,10,12,8,8,38,0,0,0,38
12/04/2022,CRW,WV,AEA,CE,Combined TRACON& Tower with Radar,18,10,6,2,36,0,1,49,7,57,18,11,55,9,93,65,0,65,158
12/05/2022,CRW,WV,AEA,CE,Combined TRACON& Tower with Radar,14,9,17,2,42,0,2,59,2,63,14,11,76,4,105,27,0,27,132
12/06/2022,CRW,WV,AEA,CE,Combined TRACON& Tower with Radar,12,21,7,5,45,0,0,7,0,7,12,21,14,5,52,38,0,38,90
12/07/2022,CRW,WV,AEA,CE,Combined TRACON& Tower with Radar,12,21,12,30,75,0,0,3,0,3,12,21,15,30,78,10,0,10,88
12/08/2022,CRW,WV,AEA,CE,Combined TRACON& Tower with Radar,16,12,16,32,76,0,0,4,2,6,16,12,20,34,82,0,0,0,82
12/09/2022,CRW,WV,AEA,CE,Combined TRACON& Tower with Radar,14,13,21,0,48,0,1,13,0,14,14,14,34,0,62,0,0,0,62
12/10/2022,CRW,WV,AEA,CE,Combined TRACON& Tower with Radar,10,11,18,0,39,0,0,13,0,13,10,11,31,0,52,66,0,66,118
12/11/2022,CRW,WV,AEA,CE,Combined TRACON& Tower with Radar,18,13,7,1,39,0,0,1,0,1,18,13,8,1,40,0,0,0,40
12/12/2022,CRW,WV,AEA,CE,Combined TRACON& Tower with Radar,14,12,21,2,49,0,0,52,0,52,14,12,73,2,101,72,0,72,173
12/13/2022,CRW,WV,AEA,CE,Combined TRACON& Tower with Radar,12,16,16,10,54,0,0,73,3,76,12,16,89,13,130,82,8,90,220
12/14/2022,CRW,WV,AEA,CE,Combined TRACON& Tower with Radar,12,15,26,12,65,0,0,18,0,18,12,15,44,12,83,66,4,70,153
12/15/2022,CRW,WV,AEA,CE,Combined TRACON& Tower with Radar,14,13,19,7,53,0,0,6,3,9,14,13,25,10,62,6,0,6,68
12/16/2022,CRW,WV,AEA,CE,Combined TRACON& Tower with Radar,11,16,9,2,38,0,1,18,10,29,11,17,27,12,67,32,0,32,99
12/17/2022,CRW,WV,AEA,CE,Combined TRACON& Tower with Radar,8,15,5,4,32,0,0,8,10,18,8,15,13,14,50,18,0,18,68
12/18/2022,CRW,WV,AEA,CE,Combined TRACON& Tower with Radar,12,10,2,0,24,0,12,1,0,13,12,22,3,0,37,18,0,18,55
12/19/2022,CRW,WV,AEA,CE,Combined TRACON& Tower with Radar,8,20,8,1,37,0,12,28,6,46,8,32,36,7,83,48,0,48,131
12/20/2022,CRW,WV,AEA,CE,Combined TRACON& Tower with Radar,10,14,30,6,60,0,15,29,10,54,10,29,59,16,114,42,0,42,156
12/21/2022,CRW,WV,AEA,CE,Combined TRACON& Tower with Radar,8,22,14,6,50,0,7,23,11,41,8,29,37,17,91,4,40,44,135
12/22/2022,CRW,WV,AEA,CE,Combined TRACON& Tower with Radar,10,18,8,0,36,0,1,0,0,1,10,19,8,0,37,0,0,0,37
12/23/2022,CRW,WV,AEA,CE,Combined TRACON& Tower with Radar,0,1,5,0,6,0,0,0,0,0,0,1,5,0,6,0,0,0,6
12/24/2022,CRW,WV,AEA,CE,Combined TRACON& Tower with Radar,10,8,1,0,19,0,0,2,0,2,10,8,3,0,21,0,0,0,21
12/25/2022,CRW,WV,AEA,CE,Combined TRACON& Tower with Radar,10,7,2,0,19,0,0,2,0,2,10,7,4,0,21,0,0,0,21
12/26/2022,CRW,WV,AEA,CE,Combined TRACON& Tower with Radar,8,10,7,0,25,0,1,6,0,7,8,11,13,0,32,0,0,0,32
12/27/2022,CRW,WV,AEA,CE,Combined TRACON& Tower with Radar,8,12,13,0,33,0,1,4,0,5,8,13,17,0,38,0,0,0,38
12/28/2022,CRW,WV,AEA,CE,Combined TRACON& Tower with Radar,8,13,10,1,32,0,1,10,0,11,8,14,20,1,43,6,0,6,49
12/29/2022,CRW,WV,AEA,CE,Combined TRACON& Tower with Radar,10,14,8,5,37,0,8,20,1,29,10,22,28,6,66,24,0,24,90
12/30/2022,CRW,WV,AEA,CE,Combined TRACON& Tower with Radar,8,15,13,0,36,0,1,29,0,30,8,16,42,0,66,20,0,20,86
12/31/2022,CRW,WV,AEA,CE,Combined TRACON& Tower with Radar,6,15,2,0,23,0,0,0,0,0,6,15,2,0,23,0,0,0,23
01/01/2023,CRW,WV,AEA,CE,Combined TRACON& Tower with Radar,8,8,3,0,19,0,0,0,0,0,8,8,3,0,19,18,0,18,37
01/02/2023,CRW,WV,AEA,CE,Combined TRACON& Tower with Radar,8,9,14,0,31,0,0,15,0,15,8,9,29,0,46,20,0,20,66
01/03/2023,CRW,WV,AEA,CE,Combined TRACON& Tower with Radar,10,10,5,0,25,0,0,2,0,2,10,10,7,0,27,0,0,0,27
01/04/2023,CRW,WV,AEA,CE,Combined TRACON& Tower with Radar,8,12,9,8,37,0,4,7,2,13,8,16,16,10,50,8,4,12,62
01/05/2023,CRW,WV,AEA,CE,Combined TRACON& Tower with Radar,10,16,18,9,53,0,10,24,4,38,10,26,42,13,91,58,10,68,159
01/06/2023,CRW,WV,AEA,CE,Combined TRACON& Tower with Radar,8,19,11,20,58,0,4,9,20,33,8,23,20,40,91,43,56,99,190
01/07/2023,CRW,WV,AEA,CE,Combined TRACON& Tower with Radar,8,11,15,6,40,0,10,37,6,53,8,21,52,12,93,32,0,32,125
01/08/2023,CRW,WV,AEA,CE,Combined TRACON& Tower with Radar,13,14,4,4,35,0,9,1,3,13,13,23,5,7,48,64,0,64,112
01/09/2023,CRW,WV,AEA,CE,Combined TRACON& Tower with Radar,12,16,14,7,49,0,12,13,3,28,12,28,27,10,77,44,0,44,121
01/10/2023,CRW,WV,AEA,CE,Combined TRACON& Tower with Radar,14,16,18,3,51,0,23,35,10,68,14,39,53,13,119,103,28,131,250
01/11/2023,CRW,WV,AEA,CE,Combined TRACON& Tower with Radar,14,19,20,19,72,0,6,16,13,35,14,25,36,32,107,64,42,106,213
01/12/2023,CRW,WV,AEA,CE,Combined TRACON& Tower with Radar,12,10,6,13,41,0,2,3,4,9,12,12,9,17,50,2,2,4,54
01/13/2023,CRW,WV,AEA,CE,Combined TRACON& Tower with Radar,14,14,6,0,34,0,0,0,0,0,14,14,6,0,34,0,0,0,34
01/14/2023,CRW,WV,AEA,CE,Combined TRACON& Tower with Radar,12,11,4,2,29,0,4,11,0,15,12,15,15,2,44,12,0,12,56
01/15/2023,CRW,WV,AEA,CE,Combined TRACON& Tower with Radar,16,10,16,2,44,0,13,68,1,82,16,23,84,3,126,110,0,110,236
01/16/2023,CRW,WV,AEA,CE,Combined TRACON& Tower with Radar,14,9,18,1,42,0,0,32,0,32,14,9,50,1,74,20,0,20,94
01/17/2023,CRW,WV,AEA,CE,Combined TRACON& Tower with Radar,16,30,14,3,63,0,4,4,1,9,16,34,18,4,72,42,0,42,114
01/18/2023,CRW,WV,AEA,CE,Combined TRACON& Tower with Radar,14,19,11,1,45,0,22,18,4,44,14,41,29,5,89,102,4,106,195
01/19/2023,CRW,WV,AEA,CE,Combined TRACON& Tower with Radar,16,9,15,6,46,0,5,4,5,14,16,14,19,11,60,0,20,20,80
01/20/2023,CRW,WV,AEA,CE,Combined TRACON& Tower with Radar,14,14,5,6,39,0,0,2,0,2,14,14,7,6,41,4,0,4,45
01/21/2023,CRW,WV,AEA,CE,Combined TRACON& Tower with Radar,14,9,10,2,35,0,2,15,0,17,14,11,25,2,52,26,0,26,78
01/22/2023,CRW,WV,AEA,CE,Combined TRACON& Tower with Radar,20,7,5,0,32,0,0,0,0,0,20,7,5,0,32,0,0,0,32
01/23/2023,CRW,WV,AEA,CE,Combined TRACON& Tower with Radar,14,12,7,1,34,0,0,0,0,0,14,12,7,1,34,0,0,0,34
01/24/2023,CRW,WV,AEA,CE,Combined TRACON& Tower with Radar,16,15,27,11,69,0,31,45,14,90,16,46,72,25,159,94,6,100,259
01/25/2023,CRW,WV,AEA,CE,Combined TRACON& Tower with Radar,18,9,3,2,32,0,15,1,0,16,18,24,4,2,48,0,0,0,48
01/26/2023,CRW,WV,AEA,CE,Combined TRACON& Tower with Radar,16,13,6,5,40,0,0,0,0,0,16,13,6,5,40,0,6,6,46
01/27/2023,CRW,WV,AEA,CE,Combined TRACON& Tower with Radar,14,16,13,3,46,0,16,12,1,29,14,32,25,4,75,84,0,84,159
01/28/2023,CRW,WV,AEA,CE,Combined TRACON& Tower with Radar,12,8,22,0,42,0,13,52,13,78,12,21,74,13,120,98,0,98,218
01/29/2023,CRW,WV,AEA,CE,Combined TRACON& Tower with Radar,18,7,2,0,27,0,0,0,0,0,18,7,2,0,27,0,0,0,27
01/30/2023,CRW,WV,AEA,CE,Combined TRACON& Tower with Radar,14,12,15,3,44,0,2,3,0,5,14,14,18,3,49,0,0,0,49
01/31/2023,CRW,WV,AEA,CE,Combined TRACON& Tower with Radar,16,9,9,2,36,0,0,0,0,0,16,9,9,2,36,0,0,0,36
02/01/2023,CRW,WV,AEA,CE,Combined TRACON& Tower with Radar,12,16,18,17,63,0,15,18,13,46,12,31,36,30,109,94,52,146,255
02/02/2023,CRW,WV,AEA,CE,Combined TRACON& Tower with Radar,14,11,18,13,56,0,13,14,3,30,14,24,32,16,86,64,12,76,162
02/03/2023,CRW,WV,AEA,CE,Combined TRACON& Tower with Radar,12,10,13,17,52,0,14,12,16,42,12,24,25,33,94,30,0,30,124
02/04/2023,CRW,WV,AEA,CE,Combined TRACON& Tower with Radar,12,8,19,6,45,0,12,58,14,84,12,20,77,20,129,64,24,88,217
02/05/2023,CRW,WV,AEA,CE,Combined TRACON& Tower with Radar,16,6,10,4,36,0,10,16,4,30,16,16,26,8,66,76,0,76,142
02/06/2023,CRW,WV,AEA,CE,Combined TRACON& Tower with Radar,11,5,8,12,36,0,14,13,2,29,11,19,21,14,65,12,0,12,77
02/07/2023,CRW,WV,AEA,CE,Combined TRACON& Tower with Radar,13,14,14,13,54,0,18,30,23,71,13,32,44,36,125,50,34,84,209
02/08/2023,CRW,WV,AEA,CE,Combined TRACON& Tower with Radar,12,15,13,25,65,0,20,14,13,47,12,35,27,38,112,20,42,62,174
02/09/2023,CRW,WV,AEA,CE,Combined TRACON& Tower with Radar,13,9,2,3,27,0,5,4,14,23,13,14,6,17,50,0,28,28,78
02/10/2023,CRW,WV,AEA,CE,Combined TRACON& Tower with Radar,13,12,7,0,32,0,21,12,8,41,13,33,19,8,73,8,0,8,81
02/11/2023,CRW,WV,AEA,CE,Combined TRACON& Tower with Radar,14,12,18,1,45,0,16,48,11,75,14,28,66,12,120,44,0,44,164
02/12/2023,CRW,WV,AEA,CE,Combined TRACON& Tower with Radar,14,8,8,3,33,0,2,9,0,11,14,10,17,3,44,26,0,26,70
02/13/2023,CRW,WV,AEA,CE,Combined TRACON& Tower with Radar,13,9,17,18,57,0,7,26,7,40,13,16,43,25,97,28,0,28,125
02/14/2023,CRW,WV,AEA,CE,Combined TRACON& Tower with Radar,15,13,9,16,53,0,24,31,12,67,15,37,40,28,120,93,4,97,217
02/15/2023,CRW,WV,AEA,CE,Combined TRACON& Tower with Radar,10,15,17,8,50,0,20,15,7,42,10,35,32,15,92,83,24,107,199
02/16/2023,CRW,WV,AEA,CE,Combined TRACON& Tower with Radar,13,18,3,2,36,0,0,0,0,0,13,18,3,2,36,0,0,0,36
02/17/2023,CRW,WV,AEA,CE,Combined TRACON& Tower with Radar,16,18,4,3,41,0,0,2,0,2,16,18,6,3,43,0,0,0,43
02/18/2023,CRW,WV,AEA,CE,Combined TRACON& Tower with Radar,11,11,17,1,40,0,8,28,4,40,11,19,45,5,80,130,0,130,210
02/19/2023,CRW,WV,AEA,CE,Combined TRACON& Tower with Radar,14,14,15,4,47,0,8,34,4,46,14,22,49,8,93,83,0,83,176
02/20/2023,CRW,WV,AEA,CE,Combined TRACON& Tower with Radar,14,14,16,0,44,0,15,11,3,29,14,29,27,3,73,96,0,96,169
02/21/2023,CRW,WV,AEA,CE,Combined TRACON& Tower with Radar,16,18,24,11,69,0,4,24,1,29,16,22,48,12,98,119,0,119,217
02/22/2023,CRW,WV,AEA,CE,Combined TRACON& Tower with Radar,13,20,13,24,70,0,21,13,15,49,13,41,26,39,119,82,26,108,227
02/23/2023,CRW,WV,AEA,CE,Combined TRACON& Tower with Radar,17,27,2,14,60,0,15,7,20,42,17,42,9,34,102,59,8,67,169
02/24/2023,CRW,WV,AEA,CE,Combined TRACON& Tower with Radar,14,16,31,7,68,0,5,33,1,39,14,21,64,8,107,18,0,18,125
02/25/2023,CRW,WV,AEA,CE,Combined TRACON& Tower with Radar,12,14,6,0,32,0,1,0,0,1,12,15,6,0,33,0,0,0,33
02/26/2023,CRW,WV,AEA,CE,Combined TRACON& Tower with Radar,22,11,14,2,49,0,6,9,0,15,22,17,23,2,64,68,0,68,132
02/27/2023,CRW,WV,AEA,CE,Combined TRACON& Tower with Radar,13,14,9,0,36,0,0,0,0,0,13,14,9,0,36,26,0,26,62
02/28/2023,CRW,WV,AEA,CE,Combined TRACON& Tower with Radar,17,18,19,13,67,0,24,40,14,78,17,42,59,27,145,142,0,142,287
03/01/2023,CRW,WV,AEA,CE,Combined TRACON& Tower with Radar,14,20,40,1,75,0,29,49,19,97,14,49,89,20,172,36,30,66,238
03/02/2023,CRW,WV,AEA,CE,Combined TRACON& Tower with Radar,16,13,20,8,57,0,10,37,14,61,16,23,57,22,118,36,10,46,164
03/03/2023,CRW,WV,AEA,CE,Combined TRACON& Tower with Radar,11,10,12,0,33,0,0,2,0,2,11,10,14,0,35,0,0,0,35
03/04/2023,CRW,WV,AEA,CE,Combined TRACON& Tower with Radar,11,18,5,3,37,0,3,19,3,25,11,21,24,6,62,28,0,28,90
03/05/2023,CRW,WV,AEA,CE,Combined TRACON& Tower with Radar,18,6,15,4,43,0,21,52,2,75,18,27,67,6,118,104,0,104,222
03/06/2023,CRW,WV,AEA,CE,Combined TRACON& Tower with Radar,16,14,7,6,43,0,24,36,2,62,16,38,43,8,105,72,0,72,177
03/07/2023,CRW,WV,AEA,CE,Combined TRACON& Tower with Radar,13,19,14,7,53,0,10,23,0,33,13,29,37,7,86,64,8,72,158
03/08/2023,CRW,WV,AEA,CE,Combined TRACON& Tower with Radar,13,10,22,7,52,0,6,57,14,77,13,16,79,21,129,52,16,68,197
03/09/2023,CRW,WV,AEA,CE,Combined TRACON& Tower with Radar,16,15,19,9,59,0,19,34,13,66,16,34,53,22,125,245,46,291,416
03/10/2023,CRW,WV,AEA,CE,Combined TRACON& Tower with Radar,14,12,9,1,36,0,0,1,0,1,14,12,10,1,37,0,0,0,37
03/11/2023,CRW,WV,AEA,CE,Combined TRACON& Tower with Radar,14,11,8,0,33,0,0,11,0,11,14,11,19,0,44,6,0,6,50
03/12/2023,CRW,WV,AEA,CE,Combined TRACON& Tower with Radar,14,13,3,1,31,0,0,0,0,0,14,13,3,1,31,0,0,0,31
03/13/2023,CRW,WV,AEA,CE,Combined TRACON& Tower with Radar,13,8,6,1,28,0,0,0,0,0,13,8,6,1,28,0,0,0,28
03/14/2023,CRW,WV,AEA,CE,Combined TRACON& Tower with Radar,15,12,14,5,46,0,0,6,0,6,15,12,20,5,52,0,0,0,52
03/15/2023,CRW,WV,AEA,CE,Combined TRACON& Tower with Radar,14,10,20,9,53,0,15,33,17,65,14,25,53,26,118,123,18,141,259
03/16/2023,CRW,WV,AEA,CE,Combined TRACON& Tower with Radar,16,19,22,2,59,0,14,26,10,50,16,33,48,12,109,8,28,36,145
03/17/2023,CRW,WV,AEA,CE,Combined TRACON& Tower with Radar,14,9,7,7,37,0,1,1,2,4,14,10,8,9,41,0,0,0,41
03/18/2023,CRW,WV,AEA,CE,Combined TRACON& Tower with Radar,14,11,4,0,29,0,12,4,2,18,14,23,8,2,47,22,0,22,69
03/19/2023,CRW,WV,AEA,CE,Combined TRACON& Tower with Radar,16,6,14,1,37,0,12,24,2,38,16,18,38,3,75,66,0,66,141
03/20/2023,CRW,WV,AEA,CE,Combined TRACON& Tower with Radar,14,19,21,9,63,0,8,44,4,56,14,27,65,13,119,46,20,66,185
03/21/2023,CRW,WV,AEA,CE,Combined TRACON& Tower with Radar,14,13,23,4,54,0,10,37,23,70,14,23,60,27,124,56,36,92,216
03/22/2023,CRW,WV,AEA,CE,Combined TRACON& Tower with Radar,15,11,6,12,44,0,4,8,4,16,15,15,14,16,60,48,0,48,108
03/23/2023,CRW,WV,AEA,CE,Combined TRACON& Tower with Radar,16,12,11,2,41,0,1,3,2,6,16,13,14,4,47,4,0,4,51
03/24/2023,CRW,WV,AEA,CE,Combined TRACON& Tower with Radar,14,11,8,6,39,0,0,0,0,0,14,11,8,6,39,0,0,0,39
03/25/2023,CRW,WV,AEA,CE,Combined TRACON& Tower with Radar,8,9,4,0,21,0,0,2,0,2,8,9,6,0,23,0,0,0,23
03/26/2023,CRW,WV,AEA,CE,Combined TRACON& Tower with Radar,13,8,18,0,39,0,9,48,0,57,13,17,66,0,96,80,0,80,176
03/27/2023,CRW,WV,AEA,CE,Combined TRACON& Tower with Radar,15,11,12,6,44,0,12,3,4,19,15,23,15,10,63,46,6,52,115
03/28/2023,CRW,WV,AEA,CE,Combined TRACON& Tower with Radar,14,13,11,12,50,0,6,12,1,19,14,19,23,13,69,34,0,34,103
03/29/2023,CRW,WV,AEA,CE,Combined TRACON& Tower with Radar,14,9,13,10,46,0,12,37,6,55,14,21,50,16,101,57,0,57,158
03/30/2023,CRW,WV,AEA,CE,Combined TRACON& Tower with Radar,16,16,30,1,63,0,12,35,1,48,16,28,65,2,111,48,0,48,159
03/31/2023,CRW,WV,AEA,CE,Combined TRACON& Tower with Radar,14,8,5,3,30,0,4,2,0,6,14,12,7,3,36,0,0,0,36
04/01/2023,CRW,WV,AEA,CE,Combined TRACON& Tower with Radar,11,7,4,6,28,0,0,0,0,0,11,7,4,6,28,0,0,0,28
04/02/2023,CRW,WV,AEA,CE,Combined TRACON& Tower with Radar,16,12,17,3,48,0,6,28,0,34,16,18,45,3,82,80,0,80,162
04/03/2023,CRW,WV,AEA,CE,Combined TRACON& Tower with Radar,14,9,10,3,36,0,10,32,1,43,14,19,42,4,79,50,0,50,129
04/04/2023,CRW,WV,AEA,CE,Combined TRACON& Tower with Radar,16,26,18,2,62,0,9,29,0,38,16,35,47,2,100,58,0,58,158
04/05/2023,CRW,WV,AEA,CE,Combined TRACON& Tower with Radar,15,24,11,6,56,0,8,9,0,17,15,32,20,6,73,18,0,18,91
04/06/2023,CRW,WV,AEA,CE,Combined TRACON& Tower with Radar,16,16,18,12,62,0,1,4,6,11,16,17,22,18,73,6,0,6,79
04/07/2023,CRW,WV,AEA,CE,Combined TRACON& Tower with Radar,14,18,17,0,49,0,14,22,2,38,14,32,39,2,87,58,0,58,145
04/08/2023,CRW,WV,AEA,CE,Combined TRACON& Tower with Radar,13,8,8,0,29,0,12,31,0,43,13,20,39,0,72,90,0,90,162
04/09/2023,CRW,WV,AEA,CE,Combined TRACON& Tower with Radar,16,13,3,0,32,0,3,18,0,21,16,16,21,0,53,42,0,42,95
04/10/2023,CRW,WV,AEA,CE,Combined TRACON& Tower with Radar,16,11,10,2,39,0,23,31,2,56,16,34,41,4,95,44,0,44,139
04/11/2023,CRW,WV,AEA,CE,Combined TRACON& Tower with Radar,17,8,13,5,43,0,28,41,15,84,17,36,54,20,127,79,24,103,230
04/12/2023,CRW,WV,AEA,CE,Combined TRACON& Tower with Radar,14,13,11,7,45,0,20,24,1,45,14,33,35,8,90,109,0,109,199
04/13/2023,CRW,WV,AEA,CE,Combined TRACON& Tower with Radar,17,13,24,8,62,0,25,24,14,63,17,38,48,22,125,179,30,209,334
04/14/2023,CRW,WV,AEA,CE,Combined TRACON& Tower with Radar,13,10,19,1,43,0,5,16,0,21,13,15,35,1,64,8,0,8,72
04/15/2023,CRW,WV,AEA,CE,Combined TRACON& Tower with Radar,13,18,26,10,67,0,1,27,5,33,13,19,53,15,100,0,0,0,100
04/16/2023,CRW,WV,AEA,CE,Combined TRACON& Tower with Radar,20,7,12,2,41,0,3,15,0,18,20,10,27,2,59,14,0,14,73
04/17/2023,CRW,WV,AEA,CE,Combined TRACON& Tower with Radar,14,11,13,2,40,0,4,14,4,22,14,15,27,6,62,12,0,12,74
04/18/2023,CRW,WV,AEA,CE,Combined TRACON& Tower with Radar,18,16,25,6,65,0,9,35,14,58,18,25,60,20,123,21,6,27,150
04/19/2023,CRW,WV,AEA,CE,Combined TRACON& Tower with Radar,14,15,21,20,70,0,29,35,26,90,14,44,56,46,160,171,48,219,379
04/20/2023,CRW,WV,AEA,CE,Combined TRACON& Tower with Radar,18,7,29,13,67,0,15,33,27,75,18,22,62,40,142,84,8,92,234
04/21/2023,CRW,WV,AEA,CE,Combined TRACON& Tower with Radar,14,17,20,11,62,0,9,14,14,37,14,26,34,25,99,49,0,49,148
04/22/2023,CRW,WV,AEA,CE,Combined TRACON& Tower with Radar,14,16,8,0,38,0,5,3,0,8,14,21,11,0,46,46,0,46,92
04/23/2023,CRW,WV,AEA,CE,Combined TRACON& Tower with Radar,18,11,13,0,42,0,5,12,0,17,18,16,25,0,59,16,0,16,75
04/24/2023,CRW,WV,AEA,CE,Combined TRACON& Tower with Radar,14,16,20,17,67,0,19,23,1,43,14,35,43,18,110,86,0,86,196
04/25/2023,CRW,WV,AEA,CE,Combined TRACON& Tower with Radar,18,9,29,19,75,0,23,59,1,83,18,32,88,20,158,106,0,106,264
04/26/2023,CRW,WV,AEA,CE,Combined TRACON& Tower with Radar,14,23,22,2,61,0,31,31,10,72,14,54,53,12,133,64,80,144,277
04/27/2023,CRW,WV,AEA,CE,Combined TRACON& Tower with Radar,16,24,29,17,86,0,12,42,8,62,16,36,71,25,148,42,84,126,274
04/28/2023,CRW,WV,AEA,CE,Combined TRACON& Tower with Radar,14,8,11,0,33,0,1,5,0,6,14,9,16,0,39,57,0,57,96
04/29/2023,CRW,WV,AEA,CE,Combined TRACON& Tower with Radar,12,17,22,6,57,0,2,31,2,35,12,19,53,8,92,65,0,65,157
04/30/2023,CRW,WV,AEA,CE,Combined TRACON& Tower with Radar,16,9,15,2,42,0,1,5,0,6,16,10,20,2,48,28,0,28,76
05/01/2023,CRW,WV,AEA,CE,Combined TRACON& Tower with Radar,14,5,7,0,26,0,1,4,2,7,14,6,11,2,33,0,0,0,33
05/02/2023,CRW,WV,AEA,CE,Combined TRACON& Tower with Radar,16,8,11,2,37,0,2,6,21,29,16,10,17,23,66,52,0,52,118
05/03/2023,CRW,WV,AEA,CE,Combined TRACON& Tower with Radar,14,11,18,15,58,0,1,6,9,16,14,12,24,24,74,14,22,36,110
05/04/2023,CRW,WV,AEA,CE,Combined TRACON& Tower with Radar,16,15,31,17,79,0,21,30,8,59,16,36,61,25,138,140,0,140,278
05/05/2023,CRW,WV,AEA,CE,Combined TRACON& Tower with Radar,14,14,9,7,44,0,5,41,12,58,14,19,50,19,102,32,32,64,166
05/06/2023,CRW,WV,AEA,CE,Combined TRACON& Tower with Radar,12,12,5,0,29,0,8,32,8,48,12,20,37,8,77,26,0,26,103
05/07/2023,CRW,WV,AEA,CE,Combined TRACON& Tower with Radar,14,11,15,5,45,0,4,3,0,7,14,15,18,5,52,38,0,38,90
05/08/2023,CRW,WV,AEA,CE,Combined TRACON& Tower with Radar,14,19,24,18,75,0,11,17,9,37,14,30,41,27,112,44,4,48,160
05/09/2023,CRW,WV,AEA,CE,Combined TRACON& Tower with Radar,14,20,20,23,77,0,9,12,7,28,14,29,32,30,105,0,0,0,105
05/10/2023,CRW,WV,AEA,CE,Combined TRACON& Tower with Radar,14,24,18,4,60,0,20,35,10,65,14,44,53,14,125,160,44,204,329
05/11/2023,CRW,WV,AEA,CE,Combined TRACON& Tower with Radar,14,24,15,2,55,0,18,35,11,64,14,42,50,13,119,49,30,79,198
05/12/2023,CRW,WV,AEA,CE,Combined TRACON& Tower with Radar,14,15,16,13,58,0,3,20,7,30,14,18,36,20,88,24,4,28,116
05/13/2023,CRW,WV,AEA,CE,Combined TRACON& Tower with Radar,11,8,0,5,24,0,0,0,0,0,11,8,0,5,24,10,0,10,34
05/14/2023,CRW,WV,AEA,CE,Combined TRACON& Tower with Radar,15,12,13,0,40,0,0,22,1,23,15,12,35,1,63,40,0,40,103
05/15/2023,CRW,WV,AEA,CE,Combined TRACON& Tower with Radar,14,24,12,0,50,0,16,19,0,35,14,40,31,0,85,62,0,62,147
05/16/2023,CRW,WV,AEA,CE,Combined TRACON& Tower with Radar,14,13,18,10,55,0,1,5,2,8,14,14,23,12,63,0,0,0,63
05/17/2023,CRW,WV,AEA,CE,Combined TRACON& Tower with Radar,14,23,22,23,82,0,17,32,6,55,14,40,54,29,137,54,4,58,195
05/18/2023,CRW,WV,AEA,CE,Combined TRACON& Tower with Radar,14,25,28,9,76,0,15,37,6,58,14,40,65,15,134,42,8,50,184
05/19/2023,CRW,WV,AEA,CE,Combined TRACON& Tower with Radar,14,17,30,4,65,0,17,43,2,62,14,34,73,6,127,105,0,105,232
05/20/2023,CRW,WV,AEA,CE,Combined TRACON& Tower with Radar,11,9,11,1,32,0,0,3,0,3,11,9,14,1,35,14,0,14,49
05/21/2023,CRW,WV,AEA,CE,Combined TRACON& Tower with Radar,15,8,15,0,38,0,4,29,1,34,15,12,44,1,72,20,0,20,92
05/22/2023,CRW,WV,AEA,CE,Combined TRACON& Tower with Radar,14,19,18,18,69,0,13,28,11,52,14,32,46,29,121,84,12,96,217
05/23/2023,CRW,WV,AEA,CE,Combined TRACON& Tower with Radar,14,21,25,3,63,0,13,34,4,51,14,34,59,7,114,54,12,66,180
05/24/2023,CRW,WV,AEA,CE,Combined TRACON& Tower with Radar,14,26,29,9,78,0,24,36,31,91,14,50,65,40,169,90,54,144,313
05/25/2023,CRW,WV,AEA,CE,Combined TRACON& Tower with Radar,14,26,18,9,67,0,25,32,15,72,14,51,50,24,139,80,42,122,261
05/26/2023,CRW,WV,AEA,CE,Combined TRACON& Tower with Radar,14,21,19,0,54,0,19,43,0,62,14,40,62,0,116,104,0,104,220
05/27/2023,CRW,WV,AEA,CE,Combined TRACON& Tower with Radar,10,14,10,2,36,0,10,17,0,27,10,24,27,2,63,21,8,29,92
05/28/2023,CRW,WV,AEA,CE,Combined TRACON& Tower with Radar,12,14,9,2,37,0,0,3,0,3,12,14,12,2,40,28,0,28,68
05/29/2023,CRW,WV,AEA,CE,Combined TRACON& Tower with Radar,14,8,3,0,25,0,0,0,0,0,14,8,3,0,25,10,0,10,35
05/30/2023,CRW,WV,AEA,CE,Combined TRACON& Tower with Radar,14,19,31,9,73,0,15,29,3,47,14,34,60,12,120,85,0,85,205
05/31/2023,CRW,WV,AEA,CE,Combined TRACON& Tower with Radar,18,28,18,3,67,0,20,23,7,50,18,48,41,10,117,46,0,46,163
06/01/2023,CRW,WV,AEA,CE,Combined TRACON& Tower with Radar,16,30,10,10,66,0,12,39,11,62,16,42,49,21,128,82,20,102,230
06/02/2023,CRW,WV,AEA,CE,Combined TRACON& Tower with Radar,16,23,19,10,68,0,11,28,13,52,16,34,47,23,120,84,44,128,248
06/03/2023,CRW,WV,AEA,CE,Combined TRACON& Tower with Radar,17,11,15,6,49,0,2,14,3,19,17,13,29,9,68,10,0,10,78
06/04/2023,CRW,WV,AEA,CE,Combined TRACON& Tower with Radar,17,10,13,6,46,0,2,17,3,22,17,12,30,9,68,76,0,76,144
06/05/2023,CRW,WV,AEA,CE,Combined TRACON& Tower with Radar,15,17,17,9,58,0,15,23,4,42,15,32,40,13,100,50,2,52,152
06/06/2023,CRW,WV,AEA,CE,Combined TRACON& Tower with Radar,15,24,11,7,57,0,17,15,5,37,15,41,26,12,94,90,6,96,190
06/07/2023,CRW,WV,AEA,CE,Combined TRACON& Tower with Radar,20,22,26,11,79,0,13,30,17,60,20,35,56,28,139,88,64,152,291
06/08/2023,CRW,WV,AEA,CE,Combined TRACON& Tower with Radar,18,19,23,9,69,0,8,32,10,50,18,27,55,19,119,38,20,58,177
06/09/2023,CRW,WV,AEA,CE,Combined TRACON& Tower with Radar,16,25,16,8,65,0,11,31,2,44,16,36,47,10,109,90,0,90,199
06/10/2023,CRW,WV,AEA,CE,Combined TRACON& Tower with Radar,18,17,12,2,49,0,4,20,17,41,18,21,32,19,90,54,32,86,176
06/11/2023,CRW,WV,AEA,CE,Combined TRACON& Tower with Radar,18,9,4,4,35,0,1,14,0,15,18,10,18,4,50,30,0,30,80
06/12/2023,CRW,WV,AEA,CE,Combined TRACON& Tower with Radar,16,11,10,4,41,0,3,5,0,8,16,14,15,4,49,116,0,116,165
06/13/2023,CRW,WV,AEA,CE,Combined TRACON& Tower with Radar,16,13,12,15,56,0,16,26,3,45,16,29,38,18,101,50,8,58,159
06/14/2023,CRW,WV,AEA,CE,Combined TRACON& Tower with Radar,21,32,15,9,77,0,7,24,11,42,21,39,39,20,119,36,50,86,205
06/15/2023,CRW,WV,AEA,CE,Combined TRACON& Tower with Radar,15,28,26,8,77,0,7,37,10,54,15,35,63,18,131,87,0,87,218
06/16/2023,CRW,WV,AEA,CE,Combined TRACON& Tower with Radar,16,19,14,10,59,0,6,13,5,24,16,25,27,15,83,80,0,80,163
06/17/2023,CRW,WV,AEA,CE,Combined TRACON& Tower with Radar,17,31,10,0,58,0,4,12,2,18,17,35,22,2,76,20,0,20,96
06/18/2023,CRW,WV,AEA,CE,Combined TRACON& Tower with Radar,17,17,18,0,52,0,8,23,2,33,17,25,41,2,85,99,0,99,184
06/19/2023,CRW,WV,AEA,CE,Combined TRACON& Tower with Radar,16,16,7,0,39,0,0,19,0,19,16,16,26,0,58,14,0,14,72
06/20/2023,CRW,WV,AEA,CE,Combined TRACON& Tower with Radar,15,15,21,4,55,0,2,12,8,22,15,17,33,12,77,64,6,70,147
06/21/2023,CRW,WV,AEA,CE,Combined TRACON& Tower with Radar,20,26,17,9,72,0,15,26,0,41,20,41,43,9,113,118,2,120,233
06/22/2023,CRW,WV,AEA,CE,Combined TRACON& Tower with Radar,14,22,26,11,73,0,0,1,2,3,14,22,27,13,76,0,0,0,76
06/23/2023,CRW,WV,AEA,CE,Combined TRACON& Tower with Radar,14,20,11,10,55,0,4,3,0,7,14,24,14,10,62,66,0,66,128
06/24/2023,CRW,WV,AEA,CE,Combined TRACON& Tower with Radar,17,22,13,4,56,0,1,5,0,6,17,23,18,4,62,46,0,46,108
06/25/2023,CRW,WV,AEA,CE,Combined TRACON& Tower with Radar,14,14,13,10,51,0,8,20,2,30,14,22,33,12,81,40,2,42,123
06/26/2023,CRW,WV,AEA,CE,Combined TRACON& Tower with Radar,16,17,10,8,51,0,6,5,4,15,16,23,15,12,66,12,0,12,78
06/27/2023,CRW,WV,AEA,CE,Combined TRACON& Tower with Radar,17,14,20,11,62,0,0,9,1,10,17,14,29,12,72,14,2,16,88
06/28/2023,CRW,WV,AEA,CE,Combined TRACON& Tower with Radar,20,16,18,8,62,0,0,3,0,3,20,16,21,8,65,0,0,0,65
06/29/2023,CRW,WV,AEA,CE,Combined TRACON& Tower with Radar,16,28,13,16,73,0,0,2,0,2,16,28,15,16,75,0,0,0,75
06/30/2023,CRW,WV,AEA,CE,Combined TRACON& Tower with Radar,17,24,25,1,67,0,0,23,1,24,17,24,48,2,91,66,0,66,157
07/01/2023,CRW,WV,AEA,CE,Combined TRACON& Tower with Radar,18,11,14,0,43,0,1,2,0,3,18,12,16,0,46,30,0,30,76
07/02/2023,CRW,WV,AEA,CE,Combined TRACON& Tower with Radar,14,10,8,0,32,0,8,6,0,14,14,18,14,0,46,0,0,0,46
07/03/2023,CRW,WV,AEA,CE,Combined TRACON& Tower with Radar,15,10,5,0,30,0,0,4,0,4,15,10,9,0,34,12,0,12,46
07/04/2023,CRW,WV,AEA,CE,Combined TRACON& Tower with Radar,12,8,5,0,25,0,0,10,0,10,12,8,15,0,35,0,0,0,35
07/05/2023,CRW,WV,AEA,CE,Combined TRACON& Tower with Radar,19,9,14,4,46,0,12,29,0,41,19,21,43,4,87,62,2,64,151
07/06/2023,CRW,WV,AEA,CE,Combined TRACON& Tower with Radar,15,16,19,4,54,0,4,32,0,36,15,20,51,4,90,60,0,60,150
07/07/2023,CRW,WV,AEA,CE,Combined TRACON& Tower with Radar,15,23,13,2,53,0,6,18,0,24,15,29,31,2,77,54,0,54,131
07/08/2023,CRW,WV,AEA,CE,Combined TRACON& Tower with Radar,21,19,26,1,67,0,13,22,0,35,21,32,48,1,102,68,0,68,170
07/09/2023,CRW,WV,AEA,CE,Combined TRACON& Tower with Radar,16,17,4,0,37,0,0,0,0,0,16,17,4,0,37,18,0,18,55
07/10/2023,CRW,WV,AEA,CE,Combined TRACON& Tower with Radar,22,11,19,3,55,0,4,30,0,34,22,15,49,3,89,40,0,40,129
07/11/2023,CRW,WV,AEA,CE,Combined TRACON& Tower with Radar,15,16,29,6,66,0,27,30,20,77,15,43,59,26,143,88,36,124,267
07/12/2023,CRW,WV,AEA,CE,Combined TRACON& Tower with Radar,21,16,23,12,72,0,22,44,17,83,21,38,67,29,155,157,42,199,354
07/13/2023,CRW,WV,AEA,CE,Combined TRACON& Tower with Radar,15,25,11,4,55,0,2,15,10,27,15,27,26,14,82,60,8,68,150
07/14/2023,CRW,WV,AEA,CE,Combined TRACON& Tower with Radar,20,18,10,1,49,0,2,31,0,33,20,20,41,1,82,30,0,30,112
07/15/2023,CRW,WV,AEA,CE,Combined TRACON& Tower with Radar,18,11,13,2,44,0,1,17,0,18,18,12,30,2,62,64,0,64,126
07/16/2023,CRW,WV,AEA,CE,Combined TRACON& Tower with Radar,14,11,6,0,31,0,4,19,0,23,14,15,25,0,54,22,0,22,76
07/17/2023,CRW,WV,AEA,CE,Combined TRACON& Tower with Radar,18,10,32,11,71,0,1,21,2,24,18,11,53,13,95,26,0,26,121
07/18/2023,CRW,WV,AEA,CE,Combined TRACON& Tower with Radar,17,22,20,10,69,0,12,34,19,65,17,34,54,29,134,80,20,100,234
07/19/2023,CRW,WV,AEA,CE,Combined TRACON& Tower with Radar,19,23,17,27,86,0,6,15,18,39,19,29,32,45,125,82,24,106,231
07/20/2023,CRW,WV,AEA,CE,Combined TRACON& Tower with Radar,16,30,20,5,71,0,9,16,8,33,16,39,36,13,104,48,24,72,176
07/21/2023,CRW,WV,AEA,CE,Combined TRACON& Tower with Radar,19,23,13,7,62,0,14,16,5,35,19,37,29,12,97,66,0,66,163
07/22/2023,CRW,WV,AEA,CE,Combined TRACON& Tower with Radar,18,22,14,2,56,0,14,29,0,43,18,36,43,2,99,22,0,22,121
07/23/2023,CRW,WV,AEA,CE,Combined TRACON& Tower with Radar,16,8,21,1,46,0,1,20,1,22,16,9,41,2,68,34,0,34,102
07/24/2023,CRW,WV,AEA,CE,Combined TRACON& Tower with Radar,20,19,8,16,63,0,12,24,10,46,20,31,32,26,109,52,0,52,161
07/25/2023,CRW,WV,AEA,CE,Combined TRACON& Tower with Radar,15,21,31,8,75,0,10,40,19,69,15,31,71,27,144,105,28,133,277
07/26/2023,CRW,WV,AEA,CE,Combined TRACON& Tower with Radar,19,29,29,10,87,0,9,20,31,60,19,38,49,41,147,85,29,114,261
07/27/2023,CRW,WV,AEA,CE,Combined TRACON& Tower with Radar,16,26,18,8,68,0,5,15,21,41,16,31,33,29,109,50,30,80,189
07/28/2023,CRW,WV,AEA,CE,Combined TRACON& Tower with Radar,18,28,11,2,59,0,5,27,9,41,18,33,38,11,100,28,0,28,128
07/29/2023,CRW,WV,AEA,CE,Combined TRACON& Tower with Radar,16,14,8,6,44,0,0,12,2,14,16,14,20,8,58,42,26,68,126
07/30/2023,CRW,WV,AEA,CE,Combined TRACON& Tower with Radar,18,12,11,2,43,0,7,23,0,30,18,19,34,2,73,18,0,18,91
07/31/2023,CRW,WV,AEA,CE,Combined TRACON& Tower with Radar,17,23,18,7,65,0,8,30,0,38,17,31,48,7,103,64,0,64,167
08/01/2023,CRW,WV,AEA,CE,Combined TRACON& Tower with Radar,16,16,26,12,70,0,12,41,12,65,16,28,67,24,135,106,18,124,259
08/02/2023,CRW,WV,AEA,CE,Combined TRACON& Tower with Radar,19,13,24,7,63,0,11,22,34,67,19,24,46,41,130,104,36,140,270
08/03/2023,CRW,WV,AEA,CE,Combined TRACON& Tower with Radar,14,34,36,20,104,0,0,12,4,16,14,34,48,24,120,58,22,80,200
08/04/2023,CRW,WV,AEA,CE,Combined TRACON& Tower with Radar,23,20,19,7,69,0,7,19,0,26,23,27,38,7,95,38,0,38,133
08/05/2023,CRW,WV,AEA,CE,Combined TRACON& Tower with Radar,18,11,14,9,52,0,0,19,3,22,18,11,33,12,74,0,0,0,74
08/06/2023,CRW,WV,AEA,CE,Combined TRACON& Tower with Radar,14,19,8,2,43,0,2,10,0,12,14,21,18,2,55,32,0,32,87
08/07/2023,CRW,WV,AEA,CE,Combined TRACON& Tower with Radar,15,17,12,1,45,0,2,3,0,5,15,19,15,1,50,30,0,30,80
08/08/2023,CRW,WV,AEA,CE,Combined TRACON& Tower with Radar,15,21,14,12,62,0,19,32,11,62,15,40,46,23,124,84,28,112,236
08/09/2023,CRW,WV,AEA,CE,Combined TRACON& Tower with Radar,20,30,27,13,90,0,9,33,12,54,20,39,60,25,144,125,50,175,319
08/10/2023,CRW,WV,AEA,CE,Combined TRACON& Tower with Radar,13,25,10,3,51,0,1,9,8,18,13,26,19,11,69,6,78,84,153
08/11/2023,CRW,WV,AEA,CE,Combined TRACON& Tower with Radar,22,21,19,21,83,0,17,36,0,53,22,38,55,21,136,112,8,120,256
08/12/2023,CRW,WV,AEA,CE,Combined TRACON& Tower with Radar,19,19,5,0,43,0,4,25,0,29,19,23,30,0,72,30,0,30,102
08/13/2023,CRW,WV,AEA,CE,Combined TRACON& Tower with Radar,15,11,18,4,48,0,2,15,5,22,15,13,33,9,70,60,0,60,130
08/14/2023,CRW,WV,AEA,CE,Combined TRACON& Tower with Radar,19,8,17,2,46,0,0,14,0,14,19,8,31,2,60,40,0,40,100
08/15/2023,CRW,WV,AEA,CE,Combined TRACON& Tower with Radar,16,26,15,5,62,0,10,22,21,53,16,36,37,26,115,60,46,106,221
08/16/2023,CRW,WV,AEA,CE,Combined TRACON& Tower with Radar,20,37,34,8,99,0,1,26,0,27,20,38,60,8,126,122,10,132,258
08/17/2023,CRW,WV,AEA,CE,Combined TRACON& Tower with Radar,16,17,25,10,68,0,22,32,9,63,16,39,57,19,131,56,10,66,197
08/18/2023,CRW,WV,AEA,CE,Combined TRACON& Tower with Radar,18,23,18,10,69,0,15,28,0,43,18,38,46,10,112,98,6,104,216
08/19/2023,CRW,WV,AEA,CE,Combined TRACON& Tower with Radar,16,17,18,7,58,0,4,36,8,48,16,21,54,15,106,24,24,48,154
08/20/2023,CRW,WV,AEA,CE,Combined TRACON& Tower with Radar,18,8,11,2,39,0,0,31,0,31,18,8,42,2,70,34,0,34,104
08/21/2023,CRW,WV,AEA,CE,Combined TRACON& Tower with Radar,18,15,19,0,52,0,8,39,0,47,18,23,58,0,99,70,0,70,169
08/22/2023,CRW,WV,AEA,CE,Combined TRACON& Tower with Radar,16,17,26,10,69,0,7,29,3,39,16,24,55,13,108,48,10,58,166
08/23/2023,CRW,WV,AEA,CE,Combined TRACON& Tower with Radar,20,20,21,5,66,0,13,47,28,88,20,33,68,33,154,91,36,127,281
08/24/2023,CRW,WV,AEA,CE,Combined TRACON& Tower with Radar,18,20,18,17,73,0,6,32,18,56,18,26,50,35,129,92,52,144,273
08/25/2023,CRW,WV,AEA,CE,Combined TRACON& Tower with Radar,15,22,16,1,54,0,0,12,0,12,15,22,28,1,66,0,0,0,66
08/26/2023,CRW,WV,AEA,CE,Combined TRACON& Tower with Radar,16,11,15,2,44,0,1,11,0,12,16,12,26,2,56,64,0,64,120
08/27/2023,CRW,WV,AEA,CE,Combined TRACON& Tower with Radar,16,18,9,3,46,0,1,33,0,34,16,19,42,3,80,40,0,40,120
08/28/2023,CRW,WV,AEA,CE,Combined TRACON& Tower with Radar,16,12,19,2,49,0,0,3,0,3,16,12,22,2,52,22,0,22,74
08/29/2023,CRW,WV,AEA,CE,Combined TRACON& Tower with Radar,17,20,23,9,69,0,1,6,0,7,17,21,29,9,76,82,0,82,158
08/30/2023,CRW,WV,AEA,CE,Combined TRACON& Tower with Radar,22,26,21,26,95,0,6,30,20,56,22,32,51,46,151,46,42,88,239
08/31/2023,CRW,WV,AEA,CE,Combined TRACON& Tower with Radar,16,23,28,8,75,0,6,13,6,25,16,29,41,14,100,48,12,60,160
