01/01/2000,CSG,GA,ASO,ES,Towers with Radar,8,12,24,0,44,1,0,33,0,34,9,12,57,0,78,64,0,64,142
01/02/2000,CSG,GA,ASO,ES,Towers with Radar,8,22,34,0,64,0,0,8,0,8,8,22,42,0,72,14,0,14,86
01/03/2000,CSG,GA,ASO,ES,Towers with Radar,10,21,14,0,45,0,0,23,0,23,10,21,37,0,68,32,0,32,100
01/04/2000,CSG,GA,ASO,ES,Towers with Radar,10,23,37,0,70,0,0,28,0,28,10,23,65,0,98,60,0,60,158
01/05/2000,CSG,GA,ASO,ES,Towers with Radar,8,25,57,0,90,0,0,52,0,52,8,25,109,0,142,50,2,52,194
01/06/2000,CSG,GA,ASO,ES,Towers with Radar,10,26,39,0,75,0,0,64,0,64,10,26,103,0,139,64,6,70,209
01/07/2000,CSG,GA,ASO,ES,Towers with Radar,9,25,34,2,70,0,0,48,0,48,9,25,82,2,118,48,2,50,168
01/08/2000,CSG,GA,ASO,ES,Towers with Radar,10,12,25,0,47,1,0,36,0,37,11,12,61,0,84,100,0,100,184
01/09/2000,CSG,GA,ASO,ES,Towers with Radar,5,22,19,1,47,1,0,4,0,5,6,22,23,1,52,4,0,4,56
01/10/2000,CSG,GA,ASO,ES,Towers with Radar,10,20,46,1,77,0,1,24,0,25,10,21,70,1,102,58,8,66,168
01/11/2000,CSG,GA,ASO,ES,Towers with Radar,9,21,53,0,83,0,1,69,0,70,9,22,122,0,153,78,0,78,231
01/12/2000,CSG,GA,ASO,ES,Towers with Radar,8,25,49,0,82,0,1,36,6,43,8,26,85,6,125,50,48,98,223
01/13/2000,CSG,GA,ASO,ES,Towers with Radar,10,20,52,0,82,0,0,4,0,4,10,20,56,0,86,30,0,30,116
01/14/2000,CSG,GA,ASO,ES,Towers with Radar,10,22,69,1,102,0,0,53,1,54,10,22,122,2,156,92,0,92,248
01/15/2000,CSG,GA,ASO,ES,Towers with Radar,10,18,31,0,59,0,0,78,2,80,10,18,109,2,139,60,0,60,199
01/16/2000,CSG,GA,ASO,ES,Towers with Radar,6,24,38,0,68,0,0,47,0,47,6,24,85,0,115,38,0,38,153
01/17/2000,CSG,GA,ASO,ES,Towers with Radar,7,23,42,0,72,0,1,10,0,11,7,24,52,0,83,12,0,12,95
01/18/2000,CSG,GA,ASO,ES,Towers with Radar,8,27,70,0,105,0,0,97,0,97,8,27,167,0,202,117,4,121,323
01/19/2000,CSG,GA,ASO,ES,Towers with Radar,8,23,121,0,152,0,0,15,1,16,8,23,136,1,168,118,6,124,292
01/20/2000,CSG,GA,ASO,ES,Towers with Radar,10,27,55,0,92,0,1,33,10,44,10,28,88,10,136,22,10,32,168
01/21/2000,CSG,GA,ASO,ES,Towers with Radar,11,25,99,0,135,0,1,65,1,67,11,26,164,1,202,100,0,100,302
01/22/2000,CSG,GA,ASO,ES,Towers with Radar,10,11,19,0,40,0,0,46,1,47,10,11,65,1,87,74,0,74,161
01/23/2000,CSG,GA,ASO,ES,Towers with Radar,6,19,26,0,51,0,0,0,0,0,6,19,26,0,51,0,0,0,51
01/24/2000,CSG,GA,ASO,ES,Towers with Radar,9,18,47,0,74,0,0,4,0,4,9,18,51,0,78,8,0,8,86
01/25/2000,CSG,GA,ASO,ES,Towers with Radar,8,24,44,0,76,0,0,41,0,41,8,24,85,0,117,38,0,38,155
01/26/2000,CSG,GA,ASO,ES,Towers with Radar,8,22,47,0,77,2,4,50,2,58,10,26,97,2,135,92,0,92,227
01/27/2000,CSG,GA,ASO,ES,Towers with Radar,9,23,42,0,74,0,1,41,0,42,9,24,83,0,116,98,0,98,214
01/28/2000,CSG,GA,ASO,ES,Towers with Radar,1,9,14,0,24,0,0,1,0,1,1,9,15,0,25,0,0,0,25
01/29/2000,CSG,GA,ASO,ES,Towers with Radar,0,12,6,0,18,0,0,0,0,0,0,12,6,0,18,0,0,0,18
01/30/2000,CSG,GA,ASO,ES,Towers with Radar,5,13,16,0,34,0,0,0,0,0,5,13,16,0,34,2,0,2,36
01/31/2000,CSG,GA,ASO,ES,Towers with Radar,9,31,48,0,88,0,0,26,0,26,9,31,74,0,114,10,0,10,124
02/01/2000,CSG,GA,ASO,ES,Towers with Radar,8,25,55,4,92,0,0,59,1,60,8,25,114,5,152,160,2,162,314
02/02/2000,CSG,GA,ASO,ES,Towers with Radar,7,27,42,2,78,0,0,63,0,63,7,27,105,2,141,106,6,112,253
02/03/2000,CSG,GA,ASO,ES,Towers with Radar,8,22,40,1,71,1,2,88,5,96,9,24,128,6,167,92,2,94,261
02/04/2000,CSG,GA,ASO,ES,Towers with Radar,9,28,74,3,114,0,0,72,7,79,9,28,146,10,193,24,12,36,229
02/05/2000,CSG,GA,ASO,ES,Towers with Radar,7,14,31,0,52,0,0,93,0,93,7,14,124,0,145,52,0,52,197
02/06/2000,CSG,GA,ASO,ES,Towers with Radar,7,21,28,0,56,0,0,58,0,58,7,21,86,0,114,32,0,32,146
02/07/2000,CSG,GA,ASO,ES,Towers with Radar,8,25,30,0,63,0,1,69,0,70,8,26,99,0,133,24,2,26,159
02/08/2000,CSG,GA,ASO,ES,Towers with Radar,12,20,40,0,72,0,1,61,0,62,12,21,101,0,134,60,2,62,196
02/09/2000,CSG,GA,ASO,ES,Towers with Radar,10,24,54,2,90,0,0,62,0,62,10,24,116,2,152,64,2,66,218
02/10/2000,CSG,GA,ASO,ES,Towers with Radar,10,23,47,0,80,0,0,72,0,72,10,23,119,0,152,72,0,72,224
02/11/2000,CSG,GA,ASO,ES,Towers with Radar,8,26,41,2,77,0,1,40,2,43,8,27,81,4,120,62,0,62,182
02/12/2000,CSG,GA,ASO,ES,Towers with Radar,9,13,24,0,46,0,0,24,0,24,9,13,48,0,70,60,0,60,130
02/13/2000,CSG,GA,ASO,ES,Towers with Radar,3,11,11,0,25,0,0,1,0,1,3,11,12,0,26,0,2,2,28
02/14/2000,CSG,GA,ASO,ES,Towers with Radar,9,22,40,2,73,0,1,14,0,15,9,23,54,2,88,12,0,12,100
02/15/2000,CSG,GA,ASO,ES,Towers with Radar,10,18,68,0,96,0,0,92,0,92,10,18,160,0,188,158,8,166,354
02/16/2000,CSG,GA,ASO,ES,Towers with Radar,10,24,51,0,85,0,1,58,1,60,10,25,109,1,145,132,0,132,277
02/17/2000,CSG,GA,ASO,ES,Towers with Radar,10,23,42,0,75,0,0,33,0,33,10,23,75,0,108,106,2,108,216
02/18/2000,CSG,GA,ASO,ES,Towers with Radar,9,22,47,0,78,0,0,2,0,2,9,22,49,0,80,80,4,84,164
02/19/2000,CSG,GA,ASO,ES,Towers with Radar,11,14,23,0,48,0,0,45,2,47,11,14,68,2,95,86,0,86,181
02/20/2000,CSG,GA,ASO,ES,Towers with Radar,9,23,39,0,71,0,0,91,2,93,9,23,130,2,164,64,0,64,228
02/21/2000,CSG,GA,ASO,ES,Towers with Radar,10,21,61,0,92,0,1,82,0,83,10,22,143,0,175,108,0,108,283
02/22/2000,CSG,GA,ASO,ES,Towers with Radar,10,22,55,6,93,0,0,33,0,33,10,22,88,6,126,28,2,30,156
02/23/2000,CSG,GA,ASO,ES,Towers with Radar,13,27,38,4,82,0,0,73,4,77,13,27,111,8,159,126,0,126,285
02/24/2000,CSG,GA,ASO,ES,Towers with Radar,10,19,67,0,96,0,0,49,0,49,10,19,116,0,145,132,0,132,277
02/25/2000,CSG,GA,ASO,ES,Towers with Radar,11,21,36,1,69,0,0,39,1,40,11,21,75,2,109,40,0,40,149
02/26/2000,CSG,GA,ASO,ES,Towers with Radar,7,13,25,2,47,0,0,59,1,60,7,13,84,3,107,10,2,12,119
02/27/2000,CSG,GA,ASO,ES,Towers with Radar,5,24,21,0,50,0,0,13,2,15,5,24,34,2,65,8,6,14,79
02/28/2000,CSG,GA,ASO,ES,Towers with Radar,8,20,49,0,77,0,3,71,0,74,8,23,120,0,151,100,4,104,255
02/29/2000,CSG,GA,ASO,ES,Towers with Radar,5,27,58,0,90,0,1,88,0,89,5,28,146,0,179,114,0,114,293
03/01/2000,CSG,GA,ASO,ES,Towers with Radar,9,23,47,0,79,0,0,29,0,29,9,23,76,0,108,72,0,72,180
03/02/2000,CSG,GA,ASO,ES,Towers with Radar,10,22,52,0,84,0,1,69,2,72,10,23,121,2,156,130,0,130,286
03/03/2000,CSG,GA,ASO,ES,Towers with Radar,9,22,34,3,68,0,2,47,0,49,9,24,81,3,117,36,0,36,153
03/04/2000,CSG,GA,ASO,ES,Towers with Radar,9,12,25,1,47,0,1,15,0,16,9,13,40,1,63,28,0,28,91
03/05/2000,CSG,GA,ASO,ES,Towers with Radar,7,20,29,0,56,0,0,93,0,93,7,20,122,0,149,61,0,61,210
03/06/2000,CSG,GA,ASO,ES,Towers with Radar,9,26,40,1,76,0,1,63,1,65,9,27,103,2,141,105,2,107,248
03/07/2000,CSG,GA,ASO,ES,Towers with Radar,9,24,52,0,85,0,0,68,0,68,9,24,120,0,153,146,0,146,299
03/08/2000,CSG,GA,ASO,ES,Towers with Radar,10,24,48,0,82,0,0,31,0,31,10,24,79,0,113,34,0,34,147
03/09/2000,CSG,GA,ASO,ES,Towers with Radar,9,28,49,4,90,0,0,23,0,23,9,28,72,4,113,44,0,44,157
03/10/2000,CSG,GA,ASO,ES,Towers with Radar,9,19,38,2,68,0,1,6,0,7,9,20,44,2,75,24,4,28,103
03/11/2000,CSG,GA,ASO,ES,Towers with Radar,7,10,13,0,30,0,0,5,0,5,7,10,18,0,35,8,0,8,43
03/12/2000,CSG,GA,ASO,ES,Towers with Radar,8,19,41,0,68,0,0,64,0,64,8,19,105,0,132,70,0,70,202
03/13/2000,CSG,GA,ASO,ES,Towers with Radar,10,25,50,2,87,0,0,47,0,47,10,25,97,2,134,106,0,106,240
03/14/2000,CSG,GA,ASO,ES,Towers with Radar,9,21,39,1,70,0,0,69,2,71,9,21,108,3,141,110,2,112,253
03/15/2000,CSG,GA,ASO,ES,Towers with Radar,12,24,47,0,83,0,1,67,0,68,12,25,114,0,151,62,0,62,213
03/16/2000,CSG,GA,ASO,ES,Towers with Radar,7,23,32,0,62,0,0,1,0,1,7,23,33,0,63,0,0,0,63
03/17/2000,CSG,GA,ASO,ES,Towers with Radar,9,22,41,2,74,0,1,34,0,35,9,23,75,2,109,46,8,54,163
03/18/2000,CSG,GA,ASO,ES,Towers with Radar,8,12,40,0,60,0,0,29,4,33,8,12,69,4,93,38,0,38,131
03/19/2000,CSG,GA,ASO,ES,Towers with Radar,3,18,34,0,55,0,0,0,0,0,3,18,34,0,55,12,0,12,67
03/20/2000,CSG,GA,ASO,ES,Towers with Radar,8,21,58,1,88,0,0,37,2,39,8,21,95,3,127,78,2,80,207
03/21/2000,CSG,GA,ASO,ES,Towers with Radar,7,24,45,0,76,0,0,69,0,69,7,24,114,0,145,96,0,96,241
03/22/2000,CSG,GA,ASO,ES,Towers with Radar,10,21,48,0,79,0,1,51,0,52,10,22,99,0,131,82,6,88,219
03/23/2000,CSG,GA,ASO,ES,Towers with Radar,9,23,33,1,66,0,0,77,1,78,9,23,110,2,144,84,0,84,228
03/24/2000,CSG,GA,ASO,ES,Towers with Radar,9,24,50,5,88,0,1,109,6,116,9,25,159,11,204,121,38,159,363
03/25/2000,CSG,GA,ASO,ES,Towers with Radar,9,11,19,3,42,0,0,97,7,104,9,11,116,10,146,70,2,72,218
03/26/2000,CSG,GA,ASO,ES,Towers with Radar,7,16,25,1,49,0,0,49,3,52,7,16,74,4,101,72,0,72,173
03/27/2000,CSG,GA,ASO,ES,Towers with Radar,9,20,23,0,52,0,0,5,0,5,9,20,28,0,57,0,0,0,57
03/28/2000,CSG,GA,ASO,ES,Towers with Radar,10,19,38,0,67,0,0,39,1,40,10,19,77,1,107,36,12,48,155
03/29/2000,CSG,GA,ASO,ES,Towers with Radar,13,23,50,0,86,0,0,45,0,45,13,23,95,0,131,90,0,90,221
03/30/2000,CSG,GA,ASO,ES,Towers with Radar,9,25,27,5,66,0,0,15,1,16,9,25,42,6,82,44,0,44,126
03/31/2000,CSG,GA,ASO,ES,Towers with Radar,8,29,44,0,81,0,0,87,2,89,8,29,131,2,170,128,0,128,298
04/01/2000,CSG,GA,ASO,ES,Towers with Radar,9,17,41,4,71,0,0,82,1,83,9,17,123,5,154,84,0,84,238
04/02/2000,CSG,GA,ASO,ES,Towers with Radar,7,14,46,0,67,0,0,10,0,10,7,14,56,0,77,38,0,38,115
04/03/2000,CSG,GA,ASO,ES,Towers with Radar,7,16,46,0,69,0,0,10,0,10,7,16,56,0,79,28,0,28,107
04/04/2000,CSG,GA,ASO,ES,Towers with Radar,5,23,49,1,78,0,0,22,0,22,5,23,71,1,100,35,0,35,135
04/05/2000,CSG,GA,ASO,ES,Towers with Radar,9,23,78,1,111,0,2,57,1,60,9,25,135,2,171,118,0,118,289
04/06/2000,CSG,GA,ASO,ES,Towers with Radar,10,19,61,0,90,0,2,83,0,85,10,21,144,0,175,62,6,68,243
04/07/2000,CSG,GA,ASO,ES,Towers with Radar,11,20,65,3,99,0,1,54,6,61,11,21,119,9,160,48,0,48,208
04/08/2000,CSG,GA,ASO,ES,Towers with Radar,10,14,44,2,70,0,0,5,0,5,10,14,49,2,75,2,0,2,77
04/09/2000,CSG,GA,ASO,ES,Towers with Radar,7,20,47,0,74,0,0,72,2,74,7,20,119,2,148,20,0,20,168
04/10/2000,CSG,GA,ASO,ES,Towers with Radar,10,34,38,0,82,0,0,55,0,55,10,34,93,0,137,86,0,86,223
04/11/2000,CSG,GA,ASO,ES,Towers with Radar,10,20,43,0,73,0,0,53,1,54,10,20,96,1,127,96,0,96,223
04/12/2000,CSG,GA,ASO,ES,Towers with Radar,8,30,60,0,98,0,0,42,0,42,8,30,102,0,140,46,4,50,190
04/13/2000,CSG,GA,ASO,ES,Towers with Radar,9,25,59,4,97,0,0,22,0,22,9,25,81,4,119,81,0,81,200
04/14/2000,CSG,GA,ASO,ES,Towers with Radar,8,20,58,0,86,0,0,0,0,0,8,20,58,0,86,2,0,2,88
04/15/2000,CSG,GA,ASO,ES,Towers with Radar,7,11,61,0,79,0,0,21,0,21,7,11,82,0,100,12,0,12,112
04/16/2000,CSG,GA,ASO,ES,Towers with Radar,8,17,39,0,64,0,0,65,0,65,8,17,104,0,129,64,0,64,193
04/17/2000,CSG,GA,ASO,ES,Towers with Radar,7,17,43,0,67,0,0,20,0,20,7,17,63,0,87,0,0,0,87
04/18/2000,CSG,GA,ASO,ES,Towers with Radar,9,25,65,2,101,0,0,35,0,35,9,25,100,2,136,70,4,74,210
04/19/2000,CSG,GA,ASO,ES,Towers with Radar,7,21,65,0,93,0,0,67,0,67,7,21,132,0,160,62,0,62,222
04/20/2000,CSG,GA,ASO,ES,Towers with Radar,9,21,55,0,85,0,0,42,0,42,9,21,97,0,127,55,2,57,184
04/21/2000,CSG,GA,ASO,ES,Towers with Radar,6,24,32,0,62,0,0,55,0,55,6,24,87,0,117,46,4,50,167
04/22/2000,CSG,GA,ASO,ES,Towers with Radar,6,11,30,0,47,0,0,66,3,69,6,11,96,3,116,46,28,74,190
04/23/2000,CSG,GA,ASO,ES,Towers with Radar,9,22,36,0,67,0,0,29,0,29,9,22,65,0,96,8,0,8,104
04/24/2000,CSG,GA,ASO,ES,Towers with Radar,8,24,25,0,57,0,0,2,0,2,8,24,27,0,59,18,0,18,77
04/25/2000,CSG,GA,ASO,ES,Towers with Radar,9,22,54,2,87,0,1,21,1,23,9,23,75,3,110,68,2,70,180
04/26/2000,CSG,GA,ASO,ES,Towers with Radar,8,22,62,0,92,0,0,75,0,75,8,22,137,0,167,114,0,114,281
04/27/2000,CSG,GA,ASO,ES,Towers with Radar,9,22,41,1,73,0,1,52,3,56,9,23,93,4,129,56,2,58,187
04/28/2000,CSG,GA,ASO,ES,Towers with Radar,8,23,54,0,85,0,0,47,0,47,8,23,101,0,132,58,2,60,192
04/29/2000,CSG,GA,ASO,ES,Towers with Radar,7,9,37,0,53,0,0,66,0,66,7,9,103,0,119,80,0,80,199
04/30/2000,CSG,GA,ASO,ES,Towers with Radar,8,19,38,0,65,0,0,80,0,80,8,19,118,0,145,92,0,92,237
05/01/2000,CSG,GA,ASO,ES,Towers with Radar,9,23,47,0,79,0,0,47,0,47,9,23,94,0,126,80,0,80,206
05/02/2000,CSG,GA,ASO,ES,Towers with Radar,8,21,43,0,72,0,1,51,0,52,8,22,94,0,124,88,0,88,212
05/03/2000,CSG,GA,ASO,ES,Towers with Radar,11,22,54,0,87,0,0,69,0,69,11,22,123,0,156,111,0,111,267
05/04/2000,CSG,GA,ASO,ES,Towers with Radar,9,18,47,0,74,0,1,50,0,51,9,19,97,0,125,140,0,140,265
05/05/2000,CSG,GA,ASO,ES,Towers with Radar,10,21,49,1,81,0,0,57,0,57,10,21,106,1,138,88,2,90,228
05/06/2000,CSG,GA,ASO,ES,Towers with Radar,8,11,32,2,53,0,0,80,2,82,8,11,112,4,135,84,0,84,219
05/07/2000,CSG,GA,ASO,ES,Towers with Radar,7,20,34,0,61,0,0,83,0,83,7,20,117,0,144,75,0,75,219
05/08/2000,CSG,GA,ASO,ES,Towers with Radar,6,22,24,0,52,0,0,52,0,52,6,22,76,0,104,88,0,88,192
05/09/2000,CSG,GA,ASO,ES,Towers with Radar,10,21,42,0,73,0,1,77,0,78,10,22,119,0,151,104,0,104,255
05/10/2000,CSG,GA,ASO,ES,Towers with Radar,9,24,69,3,105,0,0,19,0,19,9,24,88,3,124,58,0,58,182
05/11/2000,CSG,GA,ASO,ES,Towers with Radar,9,21,45,0,75,0,1,56,0,57,9,22,101,0,132,132,0,132,264
05/12/2000,CSG,GA,ASO,ES,Towers with Radar,10,18,60,0,88,0,0,78,2,80,10,18,138,2,168,84,0,84,252
05/13/2000,CSG,GA,ASO,ES,Towers with Radar,8,12,21,0,41,0,0,51,2,53,8,12,72,2,94,58,0,58,152
05/14/2000,CSG,GA,ASO,ES,Towers with Radar,8,20,30,2,60,0,0,53,2,55,8,20,83,4,115,70,0,70,185
05/15/2000,CSG,GA,ASO,ES,Towers with Radar,6,21,51,0,78,0,1,59,1,61,6,22,110,1,139,70,4,74,213
05/16/2000,CSG,GA,ASO,ES,Towers with Radar,10,20,53,0,83,0,0,62,0,62,10,20,115,0,145,110,2,112,257
05/17/2000,CSG,GA,ASO,ES,Towers with Radar,10,20,43,0,73,0,1,62,1,64,10,21,105,1,137,92,0,92,229
05/18/2000,CSG,GA,ASO,ES,Towers with Radar,10,21,45,0,76,0,1,71,0,72,10,22,116,0,148,136,0,136,284
05/19/2000,CSG,GA,ASO,ES,Towers with Radar,9,20,61,2,92,0,0,67,1,68,9,20,128,3,160,102,0,102,262
05/20/2000,CSG,GA,ASO,ES,Towers with Radar,6,13,19,0,38,0,0,50,1,51,6,13,69,1,89,24,0,24,113
05/21/2000,CSG,GA,ASO,ES,Towers with Radar,6,18,47,0,71,0,0,15,0,15,6,18,62,0,86,60,0,60,146
05/22/2000,CSG,GA,ASO,ES,Towers with Radar,9,23,28,0,60,0,1,29,0,30,9,24,57,0,90,44,0,44,134
05/23/2000,CSG,GA,ASO,ES,Towers with Radar,7,20,42,1,70,0,1,69,0,70,7,21,111,1,140,90,0,90,230
05/24/2000,CSG,GA,ASO,ES,Towers with Radar,9,20,57,4,90,0,1,28,1,30,9,21,85,5,120,48,0,48,168
05/25/2000,CSG,GA,ASO,ES,Towers with Radar,7,23,49,0,79,0,1,42,0,43,7,24,91,0,122,52,14,66,188
05/26/2000,CSG,GA,ASO,ES,Towers with Radar,9,20,70,0,99,0,1,35,4,40,9,21,105,4,139,84,2,86,225
05/27/2000,CSG,GA,ASO,ES,Towers with Radar,9,9,15,0,33,2,0,61,0,63,11,9,76,0,96,102,0,102,198
05/28/2000,CSG,GA,ASO,ES,Towers with Radar,3,8,16,0,27,4,4,25,0,33,7,12,41,0,60,16,0,16,76
05/29/2000,CSG,GA,ASO,ES,Towers with Radar,11,17,22,2,52,0,0,44,1,45,11,17,66,3,97,40,0,40,137
05/30/2000,CSG,GA,ASO,ES,Towers with Radar,10,20,28,1,59,0,0,64,0,64,10,20,92,1,123,124,0,124,247
05/31/2000,CSG,GA,ASO,ES,Towers with Radar,12,27,47,0,86,0,0,67,0,67,12,27,114,0,153,156,0,156,309
06/01/2000,CSG,GA,ASO,ES,Towers with Radar,8,23,52,3,86,1,4,51,2,58,9,27,103,5,144,142,8,150,294
06/02/2000,CSG,GA,ASO,ES,Towers with Radar,7,24,43,1,75,0,0,68,0,68,7,24,111,1,143,90,0,90,233
06/03/2000,CSG,GA,ASO,ES,Towers with Radar,9,14,26,0,49,0,0,58,0,58,9,14,84,0,107,54,0,54,161
06/04/2000,CSG,GA,ASO,ES,Towers with Radar,5,24,41,0,70,0,0,31,0,31,5,24,72,0,101,48,0,48,149
06/05/2000,CSG,GA,ASO,ES,Towers with Radar,9,17,28,1,55,0,0,15,0,15,9,17,43,1,70,104,2,106,176
06/06/2000,CSG,GA,ASO,ES,Towers with Radar,11,22,24,1,58,0,0,43,0,43,11,22,67,1,101,66,0,66,167
06/07/2000,CSG,GA,ASO,ES,Towers with Radar,7,21,45,4,77,0,3,51,0,54,7,24,96,4,131,80,4,84,215
06/08/2000,CSG,GA,ASO,ES,Towers with Radar,8,21,40,0,69,0,1,73,0,74,8,22,113,0,143,118,2,120,263
06/09/2000,CSG,GA,ASO,ES,Towers with Radar,8,23,48,2,81,0,1,63,1,65,8,24,111,3,146,144,0,144,290
06/10/2000,CSG,GA,ASO,ES,Towers with Radar,7,15,22,0,44,0,0,63,0,63,7,15,85,0,107,80,0,80,187
06/11/2000,CSG,GA,ASO,ES,Towers with Radar,7,22,36,0,65,0,0,54,0,54,7,22,90,0,119,56,0,56,175
06/12/2000,CSG,GA,ASO,ES,Towers with Radar,6,16,39,2,63,0,1,64,0,65,6,17,103,2,128,146,0,146,274
06/13/2000,CSG,GA,ASO,ES,Towers with Radar,8,22,50,0,80,0,1,47,0,48,8,23,97,0,128,50,10,60,188
06/14/2000,CSG,GA,ASO,ES,Towers with Radar,8,21,38,1,68,2,5,55,6,68,10,26,93,7,136,74,2,76,212
06/15/2000,CSG,GA,ASO,ES,Towers with Radar,10,20,36,4,70,0,1,28,3,32,10,21,64,7,102,152,6,158,260
06/16/2000,CSG,GA,ASO,ES,Towers with Radar,7,24,38,3,72,0,0,9,0,9,7,24,47,3,81,0,0,0,81
06/17/2000,CSG,GA,ASO,ES,Towers with Radar,8,12,31,0,51,0,2,28,0,30,8,14,59,0,81,74,4,78,159
06/18/2000,CSG,GA,ASO,ES,Towers with Radar,6,22,26,0,54,1,0,36,0,37,7,22,62,0,91,50,2,52,143
06/19/2000,CSG,GA,ASO,ES,Towers with Radar,9,21,37,0,67,0,0,28,1,29,9,21,65,1,96,88,0,88,184
06/20/2000,CSG,GA,ASO,ES,Towers with Radar,8,19,39,0,66,0,1,65,0,66,8,20,104,0,132,129,0,129,261
06/21/2000,CSG,GA,ASO,ES,Towers with Radar,10,24,45,0,79,0,0,72,3,75,10,24,117,3,154,136,0,136,290
06/22/2000,CSG,GA,ASO,ES,Towers with Radar,10,22,40,1,73,0,0,45,0,45,10,22,85,1,118,90,0,90,208
06/23/2000,CSG,GA,ASO,ES,Towers with Radar,9,22,54,7,92,0,0,69,0,69,9,22,123,7,161,91,8,99,260
06/24/2000,CSG,GA,ASO,ES,Towers with Radar,8,13,32,0,53,0,0,47,0,47,8,13,79,0,100,34,0,34,134
06/25/2000,CSG,GA,ASO,ES,Towers with Radar,7,22,21,3,53,0,0,32,0,32,7,22,53,3,85,50,0,50,135
06/26/2000,CSG,GA,ASO,ES,Towers with Radar,7,21,34,0,62,0,0,18,0,18,7,21,52,0,80,28,0,28,108
06/27/2000,CSG,GA,ASO,ES,Towers with Radar,7,27,54,0,88,0,1,36,0,37,7,28,90,0,125,62,0,62,187
06/28/2000,CSG,GA,ASO,ES,Towers with Radar,9,20,47,0,76,0,0,17,0,17,9,20,64,0,93,78,0,78,171
06/29/2000,CSG,GA,ASO,ES,Towers with Radar,8,22,31,0,61,0,0,19,1,20,8,22,50,1,81,12,0,12,93
06/30/2000,CSG,GA,ASO,ES,Towers with Radar,9,21,41,0,71,0,0,57,0,57,9,21,98,0,128,66,0,66,194
07/01/2000,CSG,GA,ASO,ES,Towers with Radar,8,13,36,0,57,0,1,68,0,69,8,14,104,0,126,38,0,38,164
07/02/2000,CSG,GA,ASO,ES,Towers with Radar,5,19,15,0,39,0,1,44,0,45,5,20,59,0,84,24,0,24,108
07/03/2000,CSG,GA,ASO,ES,Towers with Radar,5,15,17,0,37,0,3,31,0,34,5,18,48,0,71,24,0,24,95
07/04/2000,CSG,GA,ASO,ES,Towers with Radar,3,21,15,0,39,0,1,33,0,34,3,22,48,0,73,10,0,10,83
07/05/2000,CSG,GA,ASO,ES,Towers with Radar,8,25,27,0,60,1,1,32,0,34,9,26,59,0,94,28,0,28,122
07/06/2000,CSG,GA,ASO,ES,Towers with Radar,7,21,37,0,65,0,1,32,0,33,7,22,69,0,98,28,0,28,126
07/07/2000,CSG,GA,ASO,ES,Towers with Radar,9,20,31,0,60,0,1,31,1,33,9,21,62,1,93,46,0,46,139
07/08/2000,CSG,GA,ASO,ES,Towers with Radar,5,14,20,0,39,0,0,36,0,36,5,14,56,0,75,24,0,24,99
07/09/2000,CSG,GA,ASO,ES,Towers with Radar,7,22,24,0,53,0,0,33,0,33,7,22,57,0,86,16,0,16,102
07/10/2000,CSG,GA,ASO,ES,Towers with Radar,6,21,25,10,62,0,0,18,1,19,6,21,43,11,81,12,0,12,93
07/11/2000,CSG,GA,ASO,ES,Towers with Radar,9,19,28,0,56,0,0,27,2,29,9,19,55,2,85,80,0,80,165
07/12/2000,CSG,GA,ASO,ES,Towers with Radar,9,15,54,0,78,0,0,27,0,27,9,15,81,0,105,57,2,59,164
07/13/2000,CSG,GA,ASO,ES,Towers with Radar,7,24,45,0,76,0,0,30,1,31,7,24,75,1,107,40,0,40,147
07/14/2000,CSG,GA,ASO,ES,Towers with Radar,6,22,35,0,63,0,0,35,2,37,6,22,70,2,100,60,4,64,164
07/15/2000,CSG,GA,ASO,ES,Towers with Radar,8,12,20,0,40,0,0,76,3,79,8,12,96,3,119,44,6,50,169
07/16/2000,CSG,GA,ASO,ES,Towers with Radar,8,22,30,0,60,0,0,53,0,53,8,22,83,0,113,62,6,68,181
07/17/2000,CSG,GA,ASO,ES,Towers with Radar,5,22,53,0,80,0,1,43,0,44,5,23,96,0,124,38,2,40,164
07/18/2000,CSG,GA,ASO,ES,Towers with Radar,9,20,49,0,78,0,1,57,0,58,9,21,106,0,136,76,0,76,212
07/19/2000,CSG,GA,ASO,ES,Towers with Radar,7,20,54,0,81,0,4,51,0,55,7,24,105,0,136,74,2,76,212
07/20/2000,CSG,GA,ASO,ES,Towers with Radar,7,19,35,0,61,1,1,58,0,60,8,20,93,0,121,27,0,27,148
07/21/2000,CSG,GA,ASO,ES,Towers with Radar,9,20,31,0,60,0,0,63,0,63,9,20,94,0,123,86,0,86,209
07/22/2000,CSG,GA,ASO,ES,Towers with Radar,7,8,43,3,61,0,0,43,0,43,7,8,86,3,104,28,0,28,132
07/23/2000,CSG,GA,ASO,ES,Towers with Radar,4,27,35,0,66,0,0,34,0,34,4,27,69,0,100,14,0,14,114
07/24/2000,CSG,GA,ASO,ES,Towers with Radar,8,22,39,0,69,0,0,18,0,18,8,22,57,0,87,44,0,44,131
07/25/2000,CSG,GA,ASO,ES,Towers with Radar,10,22,67,1,100,0,0,37,0,37,10,22,104,1,137,52,0,52,189
07/26/2000,CSG,GA,ASO,ES,Towers with Radar,9,19,52,1,81,0,0,35,2,37,9,19,87,3,118,60,0,60,178
07/27/2000,CSG,GA,ASO,ES,Towers with Radar,8,18,39,0,65,1,0,41,1,43,9,18,80,1,108,12,0,12,120
07/28/2000,CSG,GA,ASO,ES,Towers with Radar,9,23,32,0,64,0,0,41,0,41,9,23,73,0,105,64,0,64,169
07/29/2000,CSG,GA,ASO,ES,Towers with Radar,8,17,33,0,58,0,0,62,0,62,8,17,95,0,120,60,0,60,180
07/30/2000,CSG,GA,ASO,ES,Towers with Radar,7,22,34,0,63,0,0,37,0,37,7,22,71,0,100,78,0,78,178
07/31/2000,CSG,GA,ASO,ES,Towers with Radar,9,22,25,1,57,0,0,20,1,21,9,22,45,2,78,32,0,32,110
08/01/2000,CSG,GA,ASO,ES,Towers with Radar,8,23,24,0,55,1,0,23,0,24,9,23,47,0,79,50,2,52,131
08/02/2000,CSG,GA,ASO,ES,Towers with Radar,9,21,22,0,52,1,0,7,0,8,10,21,29,0,60,2,0,2,62
08/03/2000,CSG,GA,ASO,ES,Towers with Radar,4,26,38,0,68,1,0,19,0,20,5,26,57,0,88,48,2,50,138
08/04/2000,CSG,GA,ASO,ES,Towers with Radar,7,27,45,5,84,1,0,24,0,25,8,27,69,5,109,30,0,30,139
08/05/2000,CSG,GA,ASO,ES,Towers with Radar,11,17,36,0,64,9,0,40,0,49,20,17,76,0,113,52,0,52,165
08/06/2000,CSG,GA,ASO,ES,Towers with Radar,5,19,26,0,50,0,6,40,0,46,5,25,66,0,96,31,0,31,127
08/07/2000,CSG,GA,ASO,ES,Towers with Radar,4,21,29,0,54,0,4,59,0,63,4,25,88,0,117,86,0,86,203
08/08/2000,CSG,GA,ASO,ES,Towers with Radar,7,21,38,4,70,0,0,78,1,79,7,21,116,5,149,124,0,124,273
08/09/2000,CSG,GA,ASO,ES,Towers with Radar,6,45,49,0,100,0,2,64,0,66,6,47,113,0,166,56,0,56,222
08/10/2000,CSG,GA,ASO,ES,Towers with Radar,9,25,41,4,79,0,0,34,0,34,9,25,75,4,113,34,0,34,147
08/11/2000,CSG,GA,ASO,ES,Towers with Radar,9,22,52,0,83,0,0,55,3,58,9,22,107,3,141,86,0,86,227
08/12/2000,CSG,GA,ASO,ES,Towers with Radar,8,14,24,0,46,0,1,72,0,73,8,15,96,0,119,40,0,40,159
08/13/2000,CSG,GA,ASO,ES,Towers with Radar,3,25,27,0,55,0,0,40,1,41,3,25,67,1,96,6,14,20,116
08/14/2000,CSG,GA,ASO,ES,Towers with Radar,9,25,31,2,67,0,3,36,0,39,9,28,67,2,106,28,0,28,134
08/15/2000,CSG,GA,ASO,ES,Towers with Radar,10,26,43,1,80,0,2,51,0,53,10,28,94,1,133,42,0,42,175
08/16/2000,CSG,GA,ASO,ES,Towers with Radar,9,25,28,2,64,0,2,65,0,67,9,27,93,2,131,76,4,80,211
08/17/2000,CSG,GA,ASO,ES,Towers with Radar,10,22,39,2,73,0,1,49,0,50,10,23,88,2,123,60,0,60,183
08/18/2000,CSG,GA,ASO,ES,Towers with Radar,10,21,26,1,58,0,1,59,0,60,10,22,85,1,118,16,0,16,134
08/19/2000,CSG,GA,ASO,ES,Towers with Radar,10,17,20,0,47,0,1,40,2,43,10,18,60,2,90,40,6,46,136
08/20/2000,CSG,GA,ASO,ES,Towers with Radar,8,23,31,0,62,0,0,42,0,42,8,23,73,0,104,24,2,26,130
08/21/2000,CSG,GA,ASO,ES,Towers with Radar,10,24,25,0,59,0,0,7,0,7,10,24,32,0,66,18,0,18,84
08/22/2000,CSG,GA,ASO,ES,Towers with Radar,7,23,34,0,64,0,0,30,0,30,7,23,64,0,94,37,0,37,131
08/23/2000,CSG,GA,ASO,ES,Towers with Radar,10,18,36,0,64,0,1,39,0,40,10,19,75,0,104,36,0,36,140
08/24/2000,CSG,GA,ASO,ES,Towers with Radar,9,21,57,0,87,0,0,53,0,53,9,21,110,0,140,48,0,48,188
08/25/2000,CSG,GA,ASO,ES,Towers with Radar,13,27,36,0,76,0,1,37,1,39,13,28,73,1,115,36,0,36,151
08/26/2000,CSG,GA,ASO,ES,Towers with Radar,9,14,34,0,57,0,0,50,1,51,9,14,84,1,108,24,2,26,134
08/27/2000,CSG,GA,ASO,ES,Towers with Radar,7,24,19,0,50,0,0,20,0,20,7,24,39,0,70,22,2,24,94
08/28/2000,CSG,GA,ASO,ES,Towers with Radar,9,23,34,0,66,0,1,33,1,35,9,24,67,1,101,12,0,12,113
08/29/2000,CSG,GA,ASO,ES,Towers with Radar,10,22,37,0,69,0,1,46,0,47,10,23,83,0,116,50,0,50,166
08/30/2000,CSG,GA,ASO,ES,Towers with Radar,11,27,35,1,74,0,1,56,1,58,11,28,91,2,132,36,2,38,170
08/31/2000,CSG,GA,ASO,ES,Towers with Radar,7,24,40,1,72,0,0,37,2,39,7,24,77,3,111,66,0,66,177
09/01/2000,CSG,GA,ASO,ES,Towers with Radar,11,22,38,0,71,0,0,11,0,11,11,22,49,0,82,34,0,34,116
09/02/2000,CSG,GA,ASO,ES,Towers with Radar,10,13,19,0,42,0,0,15,1,16,10,13,34,1,58,18,6,24,82
09/03/2000,CSG,GA,ASO,ES,Towers with Radar,5,16,13,0,34,0,0,6,0,6,5,16,19,0,40,12,0,12,52
09/04/2000,CSG,GA,ASO,ES,Towers with Radar,7,22,24,1,54,0,0,35,0,35,7,22,59,1,89,56,4,60,149
09/05/2000,CSG,GA,ASO,ES,Towers with Radar,9,21,34,0,64,0,0,11,0,11,9,21,45,0,75,12,4,16,91
09/06/2000,CSG,GA,ASO,ES,Towers with Radar,10,23,26,0,59,0,0,4,0,4,10,23,30,0,63,0,0,0,63
09/07/2000,CSG,GA,ASO,ES,Towers with Radar,9,21,54,0,84,0,0,3,0,3,9,21,57,0,87,14,0,14,101
09/08/2000,CSG,GA,ASO,ES,Towers with Radar,10,21,42,1,74,0,1,12,1,14,10,22,54,2,88,30,6,36,124
09/09/2000,CSG,GA,ASO,ES,Towers with Radar,6,14,21,0,41,3,0,24,1,28,9,14,45,1,69,26,2,28,97
09/10/2000,CSG,GA,ASO,ES,Towers with Radar,5,22,30,0,57,0,2,51,0,53,5,24,81,0,110,46,0,46,156
09/11/2000,CSG,GA,ASO,ES,Towers with Radar,9,24,33,0,66,1,5,58,0,64,10,29,91,0,130,46,8,54,184
09/12/2000,CSG,GA,ASO,ES,Towers with Radar,8,22,30,0,60,1,12,51,5,69,9,34,81,5,129,84,0,84,213
09/13/2000,CSG,GA,ASO,ES,Towers with Radar,10,25,37,0,72,0,0,50,1,51,10,25,87,1,123,8,0,8,131
09/14/2000,CSG,GA,ASO,ES,Towers with Radar,6,33,22,0,61,0,0,46,1,47,6,33,68,1,108,76,0,76,184
09/15/2000,CSG,GA,ASO,ES,Towers with Radar,12,26,47,0,85,0,0,46,0,46,12,26,93,0,131,4,4,8,139
09/16/2000,CSG,GA,ASO,ES,Towers with Radar,10,17,28,1,56,0,0,83,1,84,10,17,111,2,140,32,0,32,172
09/17/2000,CSG,GA,ASO,ES,Towers with Radar,7,24,30,0,61,0,0,23,0,23,7,24,53,0,84,10,2,12,96
09/18/2000,CSG,GA,ASO,ES,Towers with Radar,10,22,32,0,64,0,0,39,0,39,10,22,71,0,103,68,10,78,181
09/19/2000,CSG,GA,ASO,ES,Towers with Radar,11,28,53,0,92,0,0,80,2,82,11,28,133,2,174,60,4,64,238
09/20/2000,CSG,GA,ASO,ES,Towers with Radar,10,26,42,0,78,0,0,48,0,48,10,26,90,0,126,14,6,20,146
09/21/2000,CSG,GA,ASO,ES,Towers with Radar,10,21,41,0,72,0,0,6,0,6,10,21,47,0,78,12,0,12,90
09/22/2000,CSG,GA,ASO,ES,Towers with Radar,13,15,24,0,52,0,0,0,0,0,13,15,24,0,52,0,0,0,52
09/23/2000,CSG,GA,ASO,ES,Towers with Radar,9,15,19,0,43,0,0,14,0,14,9,15,33,0,57,28,0,28,85
09/24/2000,CSG,GA,ASO,ES,Towers with Radar,7,21,30,0,58,0,0,21,0,21,7,21,51,0,79,6,0,6,85
09/25/2000,CSG,GA,ASO,ES,Towers with Radar,6,25,34,0,65,0,1,7,0,8,6,26,41,0,73,20,0,20,93
09/26/2000,CSG,GA,ASO,ES,Towers with Radar,8,25,40,2,75,0,0,58,0,58,8,25,98,2,133,60,0,60,193
09/27/2000,CSG,GA,ASO,ES,Towers with Radar,10,24,37,3,74,0,0,60,0,60,10,24,97,3,134,24,6,30,164
09/28/2000,CSG,GA,ASO,ES,Towers with Radar,7,28,35,0,70,0,1,85,0,86,7,29,120,0,156,42,0,42,198
09/29/2000,CSG,GA,ASO,ES,Towers with Radar,12,23,33,0,68,0,3,42,0,45,12,26,75,0,113,24,0,24,137
09/30/2000,CSG,GA,ASO,ES,Towers with Radar,11,14,28,1,54,0,0,54,1,55,11,14,82,2,109,53,0,53,162
10/01/2000,CSG,GA,ASO,ES,Towers with Radar,5,22,17,1,45,0,0,53,0,53,5,22,70,1,98,18,0,18,116
10/02/2000,CSG,GA,ASO,ES,Towers with Radar,8,17,32,0,57,3,5,47,1,56,11,22,79,1,113,76,0,76,189
10/03/2000,CSG,GA,ASO,ES,Towers with Radar,9,23,43,0,75,0,0,91,4,95,9,23,134,4,170,53,0,53,223
10/04/2000,CSG,GA,ASO,ES,Towers with Radar,10,21,56,0,87,0,1,45,0,46,10,22,101,0,133,30,2,32,165
10/05/2000,CSG,GA,ASO,ES,Towers with Radar,9,20,35,0,64,0,2,55,0,57,9,22,90,0,121,98,0,98,219
10/06/2000,CSG,GA,ASO,ES,Towers with Radar,7,15,46,0,68,0,0,4,0,4,7,15,50,0,72,18,0,18,90
10/07/2000,CSG,GA,ASO,ES,Towers with Radar,9,14,30,0,53,0,0,50,3,53,9,14,80,3,106,44,0,44,150
10/08/2000,CSG,GA,ASO,ES,Towers with Radar,7,21,25,0,53,0,0,22,0,22,7,21,47,0,75,6,0,6,81
10/09/2000,CSG,GA,ASO,ES,Towers with Radar,9,24,33,0,66,0,1,56,0,57,9,25,89,0,123,84,0,84,207
10/10/2000,CSG,GA,ASO,ES,Towers with Radar,12,19,33,3,67,0,0,63,0,63,12,19,96,3,130,82,4,86,216
10/11/2000,CSG,GA,ASO,ES,Towers with Radar,9,22,32,0,63,0,1,72,1,74,9,23,104,1,137,46,2,48,185
10/12/2000,CSG,GA,ASO,ES,Towers with Radar,10,25,49,0,84,0,0,61,1,62,10,25,110,1,146,78,0,78,224
10/13/2000,CSG,GA,ASO,ES,Towers with Radar,8,26,35,2,71,0,1,85,0,86,8,27,120,2,157,96,0,96,253
10/14/2000,CSG,GA,ASO,ES,Towers with Radar,5,13,25,0,43,4,2,84,1,91,9,15,109,1,134,102,0,102,236
10/15/2000,CSG,GA,ASO,ES,Towers with Radar,11,19,38,2,70,0,0,51,0,51,11,19,89,2,121,12,0,12,133
10/16/2000,CSG,GA,ASO,ES,Towers with Radar,10,23,50,4,87,0,0,73,1,74,10,23,123,5,161,68,0,68,229
10/17/2000,CSG,GA,ASO,ES,Towers with Radar,9,21,51,0,81,1,2,48,7,58,10,23,99,7,139,106,2,108,247
10/18/2000,CSG,GA,ASO,ES,Towers with Radar,10,22,43,0,75,0,0,91,1,92,10,22,134,1,167,94,0,94,261
10/19/2000,CSG,GA,ASO,ES,Towers with Radar,15,19,58,0,92,0,1,56,0,57,15,20,114,0,149,104,0,104,253
10/20/2000,CSG,GA,ASO,ES,Towers with Radar,9,23,38,0,70,0,0,39,0,39,9,23,77,0,109,82,0,82,191
10/21/2000,CSG,GA,ASO,ES,Towers with Radar,8,14,25,0,47,2,0,65,0,67,10,14,90,0,114,40,0,40,154
10/22/2000,CSG,GA,ASO,ES,Towers with Radar,7,21,41,0,69,0,0,60,0,60,7,21,101,0,129,32,0,32,161
10/23/2000,CSG,GA,ASO,ES,Towers with Radar,10,22,34,0,66,0,1,40,0,41,10,23,74,0,107,65,0,65,172
10/24/2000,CSG,GA,ASO,ES,Towers with Radar,9,22,38,1,70,0,2,59,0,61,9,24,97,1,131,97,2,99,230
10/25/2000,CSG,GA,ASO,ES,Towers with Radar,9,18,53,0,80,0,0,37,0,37,9,18,90,0,117,18,0,18,135
10/26/2000,CSG,GA,ASO,ES,Towers with Radar,11,26,38,0,75,0,2,42,2,46,11,28,80,2,121,36,0,36,157
10/27/2000,CSG,GA,ASO,ES,Towers with Radar,12,24,35,0,71,0,2,44,0,46,12,26,79,0,117,55,0,55,172
10/28/2000,CSG,GA,ASO,ES,Towers with Radar,9,15,33,0,57,0,0,68,4,72,9,15,101,4,129,88,0,88,217
10/29/2000,CSG,GA,ASO,ES,Towers with Radar,8,24,36,0,68,0,0,72,0,72,8,24,108,0,140,29,0,29,169
10/30/2000,CSG,GA,ASO,ES,Towers with Radar,9,19,42,0,70,0,1,36,0,37,9,20,78,0,107,30,0,30,137
10/31/2000,CSG,GA,ASO,ES,Towers with Radar,10,22,33,0,65,0,1,46,0,47,10,23,79,0,112,56,0,56,168
11/01/2000,CSG,GA,ASO,ES,Towers with Radar,8,25,46,3,82,1,1,50,0,52,9,26,96,3,134,44,0,44,178
11/02/2000,CSG,GA,ASO,ES,Towers with Radar,9,31,72,0,112,0,1,44,0,45,9,32,116,0,157,66,2,68,225
11/03/2000,CSG,GA,ASO,ES,Towers with Radar,9,25,43,0,77,0,1,37,0,38,9,26,80,0,115,68,0,68,183
11/04/2000,CSG,GA,ASO,ES,Towers with Radar,6,13,31,1,51,1,0,55,2,58,7,13,86,3,109,52,0,52,161
11/05/2000,CSG,GA,ASO,ES,Towers with Radar,6,23,49,0,78,0,0,0,2,2,6,23,49,2,80,4,4,8,88
11/06/2000,CSG,GA,ASO,ES,Towers with Radar,8,28,53,0,89,1,0,9,0,10,9,28,62,0,99,16,4,20,119
11/07/2000,CSG,GA,ASO,ES,Towers with Radar,7,20,35,0,62,1,0,1,0,2,8,20,36,0,64,0,0,0,64
11/08/2000,CSG,GA,ASO,ES,Towers with Radar,7,23,47,0,77,0,1,18,0,19,7,24,65,0,96,38,0,38,134
11/09/2000,CSG,GA,ASO,ES,Towers with Radar,9,22,36,0,67,0,2,0,0,2,9,24,36,0,69,48,0,48,117
11/10/2000,CSG,GA,ASO,ES,Towers with Radar,9,22,38,0,69,0,2,47,0,49,9,24,85,0,118,48,0,48,166
11/11/2000,CSG,GA,ASO,ES,Towers with Radar,6,21,28,0,55,0,1,52,0,53,6,22,80,0,108,20,0,20,128
11/12/2000,CSG,GA,ASO,ES,Towers with Radar,6,22,16,0,44,0,1,55,0,56,6,23,71,0,100,48,0,48,148
11/13/2000,CSG,GA,ASO,ES,Towers with Radar,9,21,49,2,81,0,1,27,3,31,9,22,76,5,112,56,8,64,176
11/14/2000,CSG,GA,ASO,ES,Towers with Radar,8,23,52,0,83,0,1,41,0,42,8,24,93,0,125,28,0,28,153
11/15/2000,CSG,GA,ASO,ES,Towers with Radar,9,27,33,0,69,0,1,67,0,68,9,28,100,0,137,86,0,86,223
11/16/2000,CSG,GA,ASO,ES,Towers with Radar,8,28,58,1,95,0,1,12,0,13,8,29,70,1,108,57,0,57,165
11/17/2000,CSG,GA,ASO,ES,Towers with Radar,9,21,47,0,77,0,2,9,0,11,9,23,56,0,88,4,0,4,92
11/18/2000,CSG,GA,ASO,ES,Towers with Radar,8,16,15,0,39,0,1,5,0,6,8,17,20,0,45,4,0,4,49
11/19/2000,CSG,GA,ASO,ES,Towers with Radar,6,22,16,0,44,0,1,0,0,1,6,23,16,0,45,0,0,0,45
11/20/2000,CSG,GA,ASO,ES,Towers with Radar,8,19,29,0,56,0,2,18,0,20,8,21,47,0,76,2,0,2,78
11/21/2000,CSG,GA,ASO,ES,Towers with Radar,9,27,36,0,72,0,2,29,0,31,9,29,65,0,103,8,0,8,111
11/22/2000,CSG,GA,ASO,ES,Towers with Radar,9,29,45,0,83,0,5,45,0,50,9,34,90,0,133,34,0,34,167
11/23/2000,CSG,GA,ASO,ES,Towers with Radar,7,12,12,0,31,0,1,22,0,23,7,13,34,0,54,14,0,14,68
11/24/2000,CSG,GA,ASO,ES,Towers with Radar,4,16,21,0,41,0,0,7,0,7,4,16,28,0,48,0,0,0,48
11/25/2000,CSG,GA,ASO,ES,Towers with Radar,6,24,30,0,60,0,0,14,0,14,6,24,44,0,74,18,0,18,92
11/26/2000,CSG,GA,ASO,ES,Towers with Radar,7,24,33,0,64,0,0,20,1,21,7,24,53,1,85,26,0,26,111
11/27/2000,CSG,GA,ASO,ES,Towers with Radar,8,22,49,0,79,0,2,38,0,40,8,24,87,0,119,22,0,22,141
11/28/2000,CSG,GA,ASO,ES,Towers with Radar,8,28,42,0,78,0,1,60,0,61,8,29,102,0,139,84,0,84,223
11/29/2000,CSG,GA,ASO,ES,Towers with Radar,7,27,55,3,92,0,1,60,0,61,7,28,115,3,153,99,0,99,252
11/30/2000,CSG,GA,ASO,ES,Towers with Radar,8,25,52,5,90,0,2,49,0,51,8,27,101,5,141,111,0,111,252
12/01/2000,CSG,GA,ASO,ES,Towers with Radar,7,28,30,0,65,1,0,85,1,87,8,28,115,1,152,140,0,140,292
12/02/2000,CSG,GA,ASO,ES,Towers with Radar,6,19,23,0,48,1,0,45,0,46,7,19,68,0,94,55,0,55,149
12/03/2000,CSG,GA,ASO,ES,Towers with Radar,8,24,26,1,59,0,0,8,0,8,8,24,34,1,67,10,0,10,77
12/04/2000,CSG,GA,ASO,ES,Towers with Radar,8,28,38,0,74,0,0,52,0,52,8,28,90,0,126,68,0,68,194
12/05/2000,CSG,GA,ASO,ES,Towers with Radar,8,22,60,0,90,0,2,46,0,48,8,24,106,0,138,124,0,124,262
12/06/2000,CSG,GA,ASO,ES,Towers with Radar,9,26,61,0,96,0,0,64,0,64,9,26,125,0,160,102,0,102,262
12/07/2000,CSG,GA,ASO,ES,Towers with Radar,9,27,49,1,86,0,2,43,4,49,9,29,92,5,135,30,0,30,165
12/08/2000,CSG,GA,ASO,ES,Towers with Radar,8,28,48,1,85,0,4,36,0,40,8,32,84,1,125,29,0,29,154
12/09/2000,CSG,GA,ASO,ES,Towers with Radar,7,19,46,0,72,0,1,8,0,9,7,20,54,0,81,60,0,60,141
12/10/2000,CSG,GA,ASO,ES,Towers with Radar,5,20,22,0,47,0,6,0,0,6,5,26,22,0,53,0,0,0,53
12/11/2000,CSG,GA,ASO,ES,Towers with Radar,5,27,39,0,71,0,0,2,0,2,5,27,41,0,73,64,0,64,137
12/12/2000,CSG,GA,ASO,ES,Towers with Radar,9,29,40,2,80,0,1,38,2,41,9,30,78,4,121,132,6,138,259
12/13/2000,CSG,GA,ASO,ES,Towers with Radar,6,17,37,0,60,0,0,11,0,11,6,17,48,0,71,98,0,98,169
12/14/2000,CSG,GA,ASO,ES,Towers with Radar,6,23,29,5,63,0,0,5,0,5,6,23,34,5,68,0,0,0,68
12/15/2000,CSG,GA,ASO,ES,Towers with Radar,7,25,53,1,86,0,0,7,0,7,7,25,60,1,93,20,0,20,113
12/16/2000,CSG,GA,ASO,ES,Towers with Radar,1,11,3,0,15,0,0,1,0,1,1,11,4,0,16,0,0,0,16
12/17/2000,CSG,GA,ASO,ES,Towers with Radar,7,24,10,0,41,0,0,12,0,12,7,24,22,0,53,0,0,0,53
12/18/2000,CSG,GA,ASO,ES,Towers with Radar,5,28,29,1,63,0,0,67,0,67,5,28,96,1,130,82,0,82,212
12/19/2000,CSG,GA,ASO,ES,Towers with Radar,6,27,19,2,54,0,0,2,0,2,6,27,21,2,56,0,0,0,56
12/20/2000,CSG,GA,ASO,ES,Towers with Radar,4,28,38,0,70,0,0,44,0,44,4,28,82,0,114,24,0,24,138
12/21/2000,CSG,GA,ASO,ES,Towers with Radar,1,15,24,0,40,0,0,4,0,4,1,15,28,0,44,10,0,10,54
12/22/2000,CSG,GA,ASO,ES,Towers with Radar,9,21,42,0,72,0,2,42,0,44,9,23,84,0,116,70,6,76,192
12/23/2000,CSG,GA,ASO,ES,Towers with Radar,7,15,17,0,39,0,0,50,1,51,7,15,67,1,90,30,0,30,120
12/24/2000,CSG,GA,ASO,ES,Towers with Radar,3,19,8,0,30,0,0,35,0,35,3,19,43,0,65,20,0,20,85
12/25/2000,CSG,GA,ASO,ES,Towers with Radar,3,14,19,0,36,2,3,23,0,28,5,17,42,0,64,16,0,16,80
12/26/2000,CSG,GA,ASO,ES,Towers with Radar,5,22,32,0,59,0,0,40,0,40,5,22,72,0,99,7,0,7,106
12/27/2000,CSG,GA,ASO,ES,Towers with Radar,9,19,36,0,64,0,0,13,0,13,9,19,49,0,77,24,0,24,101
12/28/2000,CSG,GA,ASO,ES,Towers with Radar,11,19,13,0,43,0,0,0,0,0,11,19,13,0,43,0,0,0,43
12/29/2000,CSG,GA,ASO,ES,Towers with Radar,7,19,35,0,61,1,0,16,0,17,8,19,51,0,78,62,0,62,140
12/30/2000,CSG,GA,ASO,ES,Towers with Radar,5,16,28,0,49,0,0,21,0,21,5,16,49,0,70,12,0,12,82
12/31/2000,CSG,GA,ASO,ES,Towers with Radar,6,21,19,0,46,0,0,22,2,24,6,21,41,2,70,12,0,12,82
01/01/2001,CSG,GA,ASO,ES,Towers with Radar,2,13,11,0,26,1,0,8,0,9,3,13,19,0,35,0,0,0,35
01/02/2001,CSG,GA,ASO,ES,Towers with Radar,4,20,43,0,67,2,0,36,0,38,6,20,79,0,105,16,0,16,121
01/03/2001,CSG,GA,ASO,ES,Towers with Radar,4,26,32,0,62,2,0,52,0,54,6,26,84,0,116,60,0,60,176
01/04/2001,CSG,GA,ASO,ES,Towers with Radar,10,22,41,0,73,1,3,45,3,52,11,25,86,3,125,54,0,54,179
01/05/2001,CSG,GA,ASO,ES,Towers with Radar,10,24,35,0,69,0,3,46,0,49,10,27,81,0,118,32,2,34,152
01/06/2001,CSG,GA,ASO,ES,Towers with Radar,11,16,35,0,62,0,1,78,1,80,11,17,113,1,142,48,0,48,190
01/07/2001,CSG,GA,ASO,ES,Towers with Radar,9,22,26,2,59,0,1,35,1,37,9,23,61,3,96,44,2,46,142
01/08/2001,CSG,GA,ASO,ES,Towers with Radar,8,21,18,0,47,1,2,13,0,16,9,23,31,0,63,10,0,10,73
01/09/2001,CSG,GA,ASO,ES,Towers with Radar,7,18,36,1,62,0,2,32,0,34,7,20,68,1,96,6,15,21,117
01/10/2001,CSG,GA,ASO,ES,Towers with Radar,9,22,37,0,68,0,2,46,1,49,9,24,83,1,117,38,0,38,155
01/11/2001,CSG,GA,ASO,ES,Towers with Radar,6,25,40,0,71,3,1,21,0,25,9,26,61,0,96,24,0,24,120
01/12/2001,CSG,GA,ASO,ES,Towers with Radar,6,33,23,0,62,0,0,3,0,3,6,33,26,0,65,18,0,18,83
01/13/2001,CSG,GA,ASO,ES,Towers with Radar,6,18,37,0,61,0,0,68,0,68,6,18,105,0,129,26,0,26,155
01/14/2001,CSG,GA,ASO,ES,Towers with Radar,7,19,33,2,61,0,0,22,0,22,7,19,55,2,83,6,0,6,89
01/15/2001,CSG,GA,ASO,ES,Towers with Radar,7,23,18,0,48,0,0,4,0,4,7,23,22,0,52,0,0,0,52
01/16/2001,CSG,GA,ASO,ES,Towers with Radar,5,24,42,0,71,0,0,22,1,23,5,24,64,1,94,50,0,50,144
01/17/2001,CSG,GA,ASO,ES,Towers with Radar,8,24,43,1,76,0,0,8,0,8,8,24,51,1,84,18,0,18,102
01/18/2001,CSG,GA,ASO,ES,Towers with Radar,19,27,43,0,89,0,1,4,0,5,19,28,47,0,94,0,0,0,94
01/19/2001,CSG,GA,ASO,ES,Towers with Radar,7,14,14,0,35,0,0,0,0,0,7,14,14,0,35,0,0,0,35
01/20/2001,CSG,GA,ASO,ES,Towers with Radar,6,15,11,0,32,0,0,7,0,7,6,15,18,0,39,0,0,0,39
01/21/2001,CSG,GA,ASO,ES,Towers with Radar,7,16,17,0,40,0,0,64,0,64,7,16,81,0,104,24,0,24,128
01/22/2001,CSG,GA,ASO,ES,Towers with Radar,10,25,31,3,69,0,2,45,0,47,10,27,76,3,116,32,0,32,148
01/23/2001,CSG,GA,ASO,ES,Towers with Radar,11,19,55,0,85,0,2,48,0,50,11,21,103,0,135,52,0,52,187
01/24/2001,CSG,GA,ASO,ES,Towers with Radar,9,23,37,0,69,0,2,34,0,36,9,25,71,0,105,28,0,28,133
01/25/2001,CSG,GA,ASO,ES,Towers with Radar,10,20,38,3,71,0,2,50,0,52,10,22,88,3,123,38,0,38,161
01/26/2001,CSG,GA,ASO,ES,Towers with Radar,9,21,40,2,72,0,1,58,1,60,9,22,98,3,132,106,0,106,238
01/27/2001,CSG,GA,ASO,ES,Towers with Radar,6,17,23,0,46,0,3,82,0,85,6,20,105,0,131,42,0,42,173
01/28/2001,CSG,GA,ASO,ES,Towers with Radar,7,20,36,2,65,0,0,52,0,52,7,20,88,2,117,32,0,32,149
01/29/2001,CSG,GA,ASO,ES,Towers with Radar,6,22,27,0,55,0,0,16,0,16,6,22,43,0,71,2,0,2,73
01/30/2001,CSG,GA,ASO,ES,Towers with Radar,7,21,30,0,58,0,0,22,0,22,7,21,52,0,80,12,0,12,92
01/31/2001,CSG,GA,ASO,ES,Towers with Radar,9,21,46,0,76,0,2,51,0,53,9,23,97,0,129,29,0,29,158
02/01/2001,CSG,GA,ASO,ES,Towers with Radar,9,18,46,0,73,0,1,43,0,44,9,19,89,0,117,40,0,40,157
02/02/2001,CSG,GA,ASO,ES,Towers with Radar,7,21,35,0,63,0,1,36,0,37,7,22,71,0,100,12,0,12,112
02/03/2001,CSG,GA,ASO,ES,Towers with Radar,6,19,25,0,50,0,0,42,0,42,6,19,67,0,92,34,0,34,126
02/04/2001,CSG,GA,ASO,ES,Towers with Radar,5,16,27,0,48,2,1,54,0,57,7,17,81,0,105,36,0,36,141
02/05/2001,CSG,GA,ASO,ES,Towers with Radar,9,25,20,0,54,0,1,57,0,58,9,26,77,0,112,14,0,14,126
02/06/2001,CSG,GA,ASO,ES,Towers with Radar,7,24,29,1,61,0,0,50,0,50,7,24,79,1,111,6,4,10,121
02/07/2001,CSG,GA,ASO,ES,Towers with Radar,9,24,43,0,76,0,0,50,2,52,9,24,93,2,128,26,0,26,154
02/08/2001,CSG,GA,ASO,ES,Towers with Radar,9,23,59,0,91,0,0,63,2,65,9,23,122,2,156,38,12,50,206
02/09/2001,CSG,GA,ASO,ES,Towers with Radar,7,22,39,0,68,0,4,35,0,39,7,26,74,0,107,22,0,22,129
02/10/2001,CSG,GA,ASO,ES,Towers with Radar,5,24,32,0,61,0,0,33,0,33,5,24,65,0,94,48,0,48,142
02/11/2001,CSG,GA,ASO,ES,Towers with Radar,5,19,38,2,64,1,0,43,0,44,6,19,81,2,108,26,0,26,134
02/12/2001,CSG,GA,ASO,ES,Towers with Radar,10,16,48,0,74,0,0,2,0,2,10,16,50,0,76,0,0,0,76
02/13/2001,CSG,GA,ASO,ES,Towers with Radar,5,22,35,0,62,0,2,0,0,2,5,24,35,0,64,10,0,10,74
02/14/2001,CSG,GA,ASO,ES,Towers with Radar,5,20,40,0,65,0,0,7,0,7,5,20,47,0,72,20,0,20,92
02/15/2001,CSG,GA,ASO,ES,Towers with Radar,6,24,73,2,105,0,1,28,0,29,6,25,101,2,134,68,4,72,206
02/16/2001,CSG,GA,ASO,ES,Towers with Radar,4,25,38,0,67,0,0,8,0,8,4,25,46,0,75,12,0,12,87
02/17/2001,CSG,GA,ASO,ES,Towers with Radar,5,18,31,0,54,4,1,12,0,17,9,19,43,0,71,8,0,8,79
02/18/2001,CSG,GA,ASO,ES,Towers with Radar,6,22,33,0,61,0,0,67,0,67,6,22,100,0,128,42,0,42,170
02/19/2001,CSG,GA,ASO,ES,Towers with Radar,9,24,42,0,75,0,1,78,0,79,9,25,120,0,154,98,0,98,252
02/20/2001,CSG,GA,ASO,ES,Towers with Radar,10,21,35,1,67,0,0,55,0,55,10,21,90,1,122,42,0,42,164
02/21/2001,CSG,GA,ASO,ES,Towers with Radar,7,25,46,2,80,0,0,42,1,43,7,25,88,3,123,78,0,78,201
02/22/2001,CSG,GA,ASO,ES,Towers with Radar,6,21,48,2,77,0,0,15,0,15,6,21,63,2,92,8,0,8,100
02/23/2001,CSG,GA,ASO,ES,Towers with Radar,4,20,61,0,85,0,1,67,0,68,4,21,128,0,153,76,0,76,229
02/24/2001,CSG,GA,ASO,ES,Towers with Radar,7,23,30,0,60,0,0,9,0,9,7,23,39,0,69,50,0,50,119
02/25/2001,CSG,GA,ASO,ES,Towers with Radar,6,20,21,0,47,0,0,6,0,6,6,20,27,0,53,2,0,2,55
02/26/2001,CSG,GA,ASO,ES,Towers with Radar,5,18,43,0,66,0,2,69,0,71,5,20,112,0,137,86,0,86,223
02/27/2001,CSG,GA,ASO,ES,Towers with Radar,6,26,41,2,75,0,0,23,0,23,6,26,64,2,98,32,0,32,130
02/28/2001,CSG,GA,ASO,ES,Towers with Radar,8,26,59,2,95,0,0,21,1,22,8,26,80,3,117,50,0,50,167
03/01/2001,CSG,GA,ASO,ES,Towers with Radar,7,28,54,0,89,1,1,66,2,70,8,29,120,2,159,46,2,48,207
03/02/2001,CSG,GA,ASO,ES,Towers with Radar,7,20,43,0,70,0,1,4,0,5,7,21,47,0,75,4,0,4,79
03/03/2001,CSG,GA,ASO,ES,Towers with Radar,7,12,9,0,28,0,1,0,0,1,7,13,9,0,29,0,0,0,29
03/04/2001,CSG,GA,ASO,ES,Towers with Radar,7,10,28,0,45,0,1,0,0,1,7,11,28,0,46,0,0,0,46
03/05/2001,CSG,GA,ASO,ES,Towers with Radar,11,15,15,0,41,0,1,10,0,11,11,16,25,0,52,10,0,10,62
03/06/2001,CSG,GA,ASO,ES,Towers with Radar,6,21,23,1,51,0,1,24,0,25,6,22,47,1,76,22,0,22,98
03/07/2001,CSG,GA,ASO,ES,Towers with Radar,9,21,49,2,81,0,2,48,0,50,9,23,97,2,131,58,0,58,189
03/08/2001,CSG,GA,ASO,ES,Towers with Radar,6,21,42,0,69,0,2,74,0,76,6,23,116,0,145,84,0,84,229
03/09/2001,CSG,GA,ASO,ES,Towers with Radar,7,17,34,0,58,0,2,12,0,14,7,19,46,0,72,24,2,26,98
03/10/2001,CSG,GA,ASO,ES,Towers with Radar,8,15,53,2,78,0,0,78,0,78,8,15,131,2,156,52,0,52,208
03/11/2001,CSG,GA,ASO,ES,Towers with Radar,6,18,30,0,54,0,0,48,0,48,6,18,78,0,102,18,0,18,120
03/12/2001,CSG,GA,ASO,ES,Towers with Radar,6,17,12,1,36,0,0,0,0,0,6,17,12,1,36,0,2,2,38
03/13/2001,CSG,GA,ASO,ES,Towers with Radar,8,13,48,0,69,0,1,14,0,15,8,14,62,0,84,20,2,22,106
03/14/2001,CSG,GA,ASO,ES,Towers with Radar,9,20,42,0,71,0,0,38,2,40,9,20,80,2,111,16,0,16,127
03/15/2001,CSG,GA,ASO,ES,Towers with Radar,7,20,41,0,68,4,0,38,0,42,11,20,79,0,110,26,0,26,136
03/16/2001,CSG,GA,ASO,ES,Towers with Radar,7,16,53,2,78,0,2,62,5,69,7,18,115,7,147,92,0,92,239
03/17/2001,CSG,GA,ASO,ES,Towers with Radar,5,12,37,0,54,0,0,76,0,76,5,12,113,0,130,32,0,32,162
03/18/2001,CSG,GA,ASO,ES,Towers with Radar,4,16,43,0,63,0,0,25,2,27,4,16,68,2,90,24,0,24,114
03/19/2001,CSG,GA,ASO,ES,Towers with Radar,8,20,34,0,62,0,0,7,0,7,8,20,41,0,69,0,0,0,69
03/20/2001,CSG,GA,ASO,ES,Towers with Radar,6,17,30,0,53,0,0,0,0,0,6,17,30,0,53,60,0,60,113
03/21/2001,CSG,GA,ASO,ES,Towers with Radar,9,20,40,3,72,0,0,10,0,10,9,20,50,3,82,58,0,58,140
03/22/2001,CSG,GA,ASO,ES,Towers with Radar,5,22,50,0,77,0,1,103,5,109,5,23,153,5,186,82,32,114,300
03/23/2001,CSG,GA,ASO,ES,Towers with Radar,7,16,41,3,67,0,2,129,1,132,7,18,170,4,199,98,14,112,311
03/24/2001,CSG,GA,ASO,ES,Towers with Radar,7,16,17,0,40,0,0,52,0,52,7,16,69,0,92,156,0,156,248
03/25/2001,CSG,GA,ASO,ES,Towers with Radar,4,17,35,0,56,0,1,61,9,71,4,18,96,9,127,132,6,138,265
03/26/2001,CSG,GA,ASO,ES,Towers with Radar,8,16,49,2,75,0,1,51,2,54,8,17,100,4,129,78,14,92,221
03/27/2001,CSG,GA,ASO,ES,Towers with Radar,3,19,62,1,85,0,2,61,2,65,3,21,123,3,150,52,0,52,202
03/28/2001,CSG,GA,ASO,ES,Towers with Radar,9,19,40,0,68,0,1,35,0,36,9,20,75,0,104,34,0,34,138
03/29/2001,CSG,GA,ASO,ES,Towers with Radar,8,17,27,0,52,0,0,0,0,0,8,17,27,0,52,0,0,0,52
03/30/2001,CSG,GA,ASO,ES,Towers with Radar,6,18,63,0,87,0,1,13,0,14,6,19,76,0,101,46,0,46,147
03/31/2001,CSG,GA,ASO,ES,Towers with Radar,5,13,20,1,39,0,0,17,0,17,5,13,37,1,56,58,0,58,114
04/01/2001,CSG,GA,ASO,ES,Towers with Radar,4,14,58,6,82,0,0,0,0,0,4,14,58,6,82,0,0,0,82
04/02/2001,CSG,GA,ASO,ES,Towers with Radar,8,13,62,0,83,0,0,55,0,55,8,13,117,0,138,84,0,84,222
04/03/2001,CSG,GA,ASO,ES,Towers with Radar,2,12,20,0,34,0,0,0,0,0,2,12,20,0,34,0,0,0,34
04/04/2001,CSG,GA,ASO,ES,Towers with Radar,5,22,56,0,83,0,0,0,0,0,5,22,56,0,83,56,0,56,139
04/05/2001,CSG,GA,ASO,ES,Towers with Radar,6,18,95,2,121,0,0,0,0,0,6,18,95,2,121,62,0,62,183
04/06/2001,CSG,GA,ASO,ES,Towers with Radar,6,24,124,0,154,0,2,11,0,13,6,26,135,0,167,56,0,56,223
04/07/2001,CSG,GA,ASO,ES,Towers with Radar,11,21,119,9,160,0,0,0,0,0,11,21,119,9,160,48,0,48,208
04/08/2001,CSG,GA,ASO,ES,Towers with Radar,7,16,89,1,113,0,0,6,0,6,7,16,95,1,119,28,0,28,147
04/09/2001,CSG,GA,ASO,ES,Towers with Radar,5,21,79,0,105,0,0,0,0,0,5,21,79,0,105,88,0,88,193
04/10/2001,CSG,GA,ASO,ES,Towers with Radar,9,20,122,0,151,0,0,3,0,3,9,20,125,0,154,127,0,127,281
04/11/2001,CSG,GA,ASO,ES,Towers with Radar,7,16,99,0,122,1,0,6,0,7,8,16,105,0,129,40,0,40,169
04/12/2001,CSG,GA,ASO,ES,Towers with Radar,10,16,75,0,101,0,0,0,0,0,10,16,75,0,101,10,0,10,111
04/13/2001,CSG,GA,ASO,ES,Towers with Radar,13,14,45,1,73,0,2,0,0,2,13,16,45,1,75,24,0,24,99
04/14/2001,CSG,GA,ASO,ES,Towers with Radar,8,12,83,0,103,0,1,13,0,14,8,13,96,0,117,34,0,34,151
04/15/2001,CSG,GA,ASO,ES,Towers with Radar,7,15,15,0,37,0,1,0,0,1,7,16,15,0,38,2,0,2,40
04/16/2001,CSG,GA,ASO,ES,Towers with Radar,3,20,57,0,80,0,1,0,0,1,3,21,57,0,81,40,0,40,121
04/17/2001,CSG,GA,ASO,ES,Towers with Radar,5,25,68,3,101,0,0,0,0,0,5,25,68,3,101,16,0,16,117
04/18/2001,CSG,GA,ASO,ES,Towers with Radar,7,16,91,3,117,2,0,14,0,16,9,16,105,3,133,94,0,94,227
04/19/2001,CSG,GA,ASO,ES,Towers with Radar,7,20,110,1,138,0,0,8,0,8,7,20,118,1,146,86,4,90,236
04/20/2001,CSG,GA,ASO,ES,Towers with Radar,7,21,94,2,124,0,0,14,0,14,7,21,108,2,138,32,4,36,174
04/21/2001,CSG,GA,ASO,ES,Towers with Radar,5,15,41,0,61,0,0,51,0,51,5,15,92,0,112,90,0,90,202
04/22/2001,CSG,GA,ASO,ES,Towers with Radar,10,14,71,0,95,0,0,17,0,17,10,14,88,0,112,26,0,26,138
04/23/2001,CSG,GA,ASO,ES,Towers with Radar,8,17,80,0,105,0,0,9,0,9,8,17,89,0,114,51,2,53,167
04/24/2001,CSG,GA,ASO,ES,Towers with Radar,7,16,41,0,64,0,0,0,0,0,7,16,41,0,64,36,0,36,100
04/25/2001,CSG,GA,ASO,ES,Towers with Radar,8,23,93,0,124,0,0,36,0,36,8,23,129,0,160,72,0,72,232
04/26/2001,CSG,GA,ASO,ES,Towers with Radar,4,20,108,2,134,0,0,39,0,39,4,20,147,2,173,122,0,122,295
04/27/2001,CSG,GA,ASO,ES,Towers with Radar,11,21,97,0,129,0,0,0,0,0,11,21,97,0,129,56,14,70,199
04/28/2001,CSG,GA,ASO,ES,Towers with Radar,6,17,42,4,69,0,0,39,0,39,6,17,81,4,108,94,0,94,202
04/29/2001,CSG,GA,ASO,ES,Towers with Radar,6,15,67,0,88,0,0,0,0,0,6,15,67,0,88,34,0,34,122
04/30/2001,CSG,GA,ASO,ES,Towers with Radar,8,22,80,1,111,0,0,0,0,0,8,22,80,1,111,25,2,27,138
05/01/2001,CSG,GA,ASO,ES,Towers with Radar,10,21,82,0,113,0,0,2,0,2,10,21,84,0,115,42,0,42,157
05/02/2001,CSG,GA,ASO,ES,Towers with Radar,8,18,76,0,102,0,0,16,0,16,8,18,92,0,118,47,0,47,165
05/03/2001,CSG,GA,ASO,ES,Towers with Radar,8,21,86,0,115,0,1,9,0,10,8,22,95,0,125,32,4,36,161
05/04/2001,CSG,GA,ASO,ES,Towers with Radar,3,18,100,0,121,0,3,1,0,4,3,21,101,0,125,42,0,42,167
05/05/2001,CSG,GA,ASO,ES,Towers with Radar,9,13,47,0,69,0,0,23,0,23,9,13,70,0,92,38,0,38,130
05/06/2001,CSG,GA,ASO,ES,Towers with Radar,2,18,69,2,91,0,0,0,0,0,2,18,69,2,91,26,0,26,117
05/07/2001,CSG,GA,ASO,ES,Towers with Radar,9,15,66,1,91,0,2,0,0,2,9,17,66,1,93,44,0,44,137
05/08/2001,CSG,GA,ASO,ES,Towers with Radar,10,18,89,4,121,0,0,0,0,0,10,18,89,4,121,78,0,78,199
05/09/2001,CSG,GA,ASO,ES,Towers with Radar,8,21,109,2,140,0,0,0,0,0,8,21,109,2,140,76,0,76,216
05/10/2001,CSG,GA,ASO,ES,Towers with Radar,8,21,67,0,96,0,1,0,0,1,8,22,67,0,97,46,0,46,143
05/11/2001,CSG,GA,ASO,ES,Towers with Radar,8,19,69,1,97,0,0,0,0,0,8,19,69,1,97,32,0,32,129
05/12/2001,CSG,GA,ASO,ES,Towers with Radar,6,14,56,0,76,0,0,4,0,4,6,14,60,0,80,32,0,32,112
05/13/2001,CSG,GA,ASO,ES,Towers with Radar,8,17,44,0,69,0,0,26,0,26,8,17,70,0,95,48,0,48,143
05/14/2001,CSG,GA,ASO,ES,Towers with Radar,4,22,80,0,106,0,0,23,0,23,4,22,103,0,129,124,0,124,253
05/15/2001,CSG,GA,ASO,ES,Towers with Radar,9,16,80,2,107,0,0,5,0,5,9,16,85,2,112,42,0,42,154
05/16/2001,CSG,GA,ASO,ES,Towers with Radar,8,17,94,1,120,0,1,9,0,10,8,18,103,1,130,46,0,46,176
05/17/2001,CSG,GA,ASO,ES,Towers with Radar,6,20,85,0,111,0,2,15,0,17,6,22,100,0,128,96,0,96,224
05/18/2001,CSG,GA,ASO,ES,Towers with Radar,8,21,91,0,120,0,0,0,0,0,8,21,91,0,120,56,0,56,176
05/19/2001,CSG,GA,ASO,ES,Towers with Radar,8,17,37,0,62,0,0,0,0,0,8,17,37,0,62,30,0,30,92
05/20/2001,CSG,GA,ASO,ES,Towers with Radar,6,16,50,0,72,0,0,0,0,0,6,16,50,0,72,30,0,30,102
05/21/2001,CSG,GA,ASO,ES,Towers with Radar,5,19,36,0,60,0,0,0,0,0,5,19,36,0,60,0,0,0,60
05/22/2001,CSG,GA,ASO,ES,Towers with Radar,4,20,25,0,49,0,0,0,0,0,4,20,25,0,49,8,0,8,57
05/23/2001,CSG,GA,ASO,ES,Towers with Radar,8,23,69,0,100,0,0,40,0,40,8,23,109,0,140,68,0,68,208
05/24/2001,CSG,GA,ASO,ES,Towers with Radar,8,22,68,1,99,0,2,0,0,2,8,24,68,1,101,22,0,22,123
05/25/2001,CSG,GA,ASO,ES,Towers with Radar,4,24,50,0,78,0,0,0,0,0,4,24,50,0,78,2,0,2,80
05/26/2001,CSG,GA,ASO,ES,Towers with Radar,7,14,68,0,89,0,0,21,0,21,7,14,89,0,110,86,0,86,196
05/27/2001,CSG,GA,ASO,ES,Towers with Radar,7,13,33,0,53,0,0,31,0,31,7,13,64,0,84,10,0,10,94
05/28/2001,CSG,GA,ASO,ES,Towers with Radar,10,17,41,0,68,0,0,0,0,0,10,17,41,0,68,16,0,16,84
05/29/2001,CSG,GA,ASO,ES,Towers with Radar,7,19,76,0,102,0,0,0,0,0,7,19,76,0,102,67,0,67,169
05/30/2001,CSG,GA,ASO,ES,Towers with Radar,8,20,86,0,114,0,0,32,0,32,8,20,118,0,146,74,0,74,220
05/31/2001,CSG,GA,ASO,ES,Towers with Radar,9,19,96,0,124,0,4,0,0,4,9,23,96,0,128,60,0,60,188
06/01/2001,CSG,GA,ASO,ES,Towers with Radar,6,18,28,0,52,0,0,0,0,0,6,18,28,0,52,44,2,46,98
06/02/2001,CSG,GA,ASO,ES,Towers with Radar,9,14,50,0,73,0,0,46,0,46,9,14,96,0,119,80,0,80,199
06/03/2001,CSG,GA,ASO,ES,Towers with Radar,13,19,50,2,84,0,0,0,0,0,13,19,50,2,84,8,0,8,92
06/04/2001,CSG,GA,ASO,ES,Towers with Radar,6,19,41,0,66,0,0,0,0,0,6,19,41,0,66,16,0,16,82
06/05/2001,CSG,GA,ASO,ES,Towers with Radar,5,18,70,0,93,0,1,18,0,19,5,19,88,0,112,88,0,88,200
06/06/2001,CSG,GA,ASO,ES,Towers with Radar,8,16,90,0,114,3,0,1,0,4,11,16,91,0,118,60,0,60,178
06/07/2001,CSG,GA,ASO,ES,Towers with Radar,8,19,74,4,105,0,0,0,0,0,8,19,74,4,105,32,28,60,165
06/08/2001,CSG,GA,ASO,ES,Towers with Radar,9,17,56,0,82,1,0,0,0,1,10,17,56,0,83,30,0,30,113
06/09/2001,CSG,GA,ASO,ES,Towers with Radar,8,15,23,0,46,0,0,0,0,0,8,15,23,0,46,8,0,8,54
06/10/2001,CSG,GA,ASO,ES,Towers with Radar,8,15,63,0,86,0,0,0,0,0,8,15,63,0,86,54,0,54,140
06/11/2001,CSG,GA,ASO,ES,Towers with Radar,7,15,41,2,65,1,2,0,0,3,8,17,41,2,68,10,0,10,78
06/12/2001,CSG,GA,ASO,ES,Towers with Radar,6,18,41,0,65,0,1,0,0,1,6,19,41,0,66,32,2,34,100
06/13/2001,CSG,GA,ASO,ES,Towers with Radar,8,18,83,2,111,0,0,5,0,5,8,18,88,2,116,60,0,60,176
06/14/2001,CSG,GA,ASO,ES,Towers with Radar,6,20,47,0,73,0,2,0,0,2,6,22,47,0,75,16,0,16,91
06/15/2001,CSG,GA,ASO,ES,Towers with Radar,5,28,50,0,83,0,0,0,0,0,5,28,50,0,83,30,0,30,113
06/16/2001,CSG,GA,ASO,ES,Towers with Radar,4,15,60,0,79,0,0,21,0,21,4,15,81,0,100,22,0,22,122
06/17/2001,CSG,GA,ASO,ES,Towers with Radar,8,15,47,0,70,0,0,44,0,44,8,15,91,0,114,80,0,80,194
06/18/2001,CSG,GA,ASO,ES,Towers with Radar,6,15,66,0,87,0,2,34,0,36,6,17,100,0,123,80,0,80,203
06/19/2001,CSG,GA,ASO,ES,Towers with Radar,7,15,74,1,97,0,0,0,0,0,7,15,74,1,97,50,0,50,147
06/20/2001,CSG,GA,ASO,ES,Towers with Radar,8,17,73,0,98,0,0,0,0,0,8,17,73,0,98,10,0,10,108
06/21/2001,CSG,GA,ASO,ES,Towers with Radar,8,23,68,0,99,0,0,0,0,0,8,23,68,0,99,40,0,40,139
06/22/2001,CSG,GA,ASO,ES,Towers with Radar,6,15,55,0,76,1,0,0,0,1,7,15,55,0,77,32,0,32,109
06/23/2001,CSG,GA,ASO,ES,Towers with Radar,6,12,64,0,82,2,0,11,0,13,8,12,75,0,95,56,0,56,151
06/24/2001,CSG,GA,ASO,ES,Towers with Radar,8,15,59,0,82,0,0,3,0,3,8,15,62,0,85,18,0,18,103
06/25/2001,CSG,GA,ASO,ES,Towers with Radar,10,19,68,0,97,0,0,0,0,0,10,19,68,0,97,54,0,54,151
06/26/2001,CSG,GA,ASO,ES,Towers with Radar,6,18,104,0,128,0,1,0,0,1,6,19,104,0,129,60,0,60,189
06/27/2001,CSG,GA,ASO,ES,Towers with Radar,7,18,68,1,94,0,0,14,0,14,7,18,82,1,108,104,0,104,212
06/28/2001,CSG,GA,ASO,ES,Towers with Radar,6,17,74,5,102,0,0,0,0,0,6,17,74,5,102,18,0,18,120
06/29/2001,CSG,GA,ASO,ES,Towers with Radar,11,22,107,0,140,0,0,0,0,0,11,22,107,0,140,80,0,80,220
06/30/2001,CSG,GA,ASO,ES,Towers with Radar,8,10,46,2,66,0,0,0,0,0,8,10,46,2,66,48,0,48,114
07/01/2001,CSG,GA,ASO,ES,Towers with Radar,6,11,58,0,75,1,0,11,0,12,7,11,69,0,87,86,0,86,173
07/02/2001,CSG,GA,ASO,ES,Towers with Radar,6,13,32,0,51,0,0,15,0,15,6,13,47,0,66,22,0,22,88
07/03/2001,CSG,GA,ASO,ES,Towers with Radar,7,13,67,2,89,0,0,23,0,23,7,13,90,2,112,75,0,75,187
07/04/2001,CSG,GA,ASO,ES,Towers with Radar,8,7,33,0,48,0,0,13,0,13,8,7,46,0,61,12,0,12,73
07/05/2001,CSG,GA,ASO,ES,Towers with Radar,2,15,56,0,73,0,0,0,0,0,2,15,56,0,73,34,0,34,107
07/06/2001,CSG,GA,ASO,ES,Towers with Radar,6,15,68,1,90,0,0,14,0,14,6,15,82,1,104,78,0,78,182
07/07/2001,CSG,GA,ASO,ES,Towers with Radar,4,8,48,0,60,4,3,26,0,33,8,11,74,0,93,72,0,72,165
07/08/2001,CSG,GA,ASO,ES,Towers with Radar,6,11,67,0,84,2,3,4,0,9,8,14,71,0,93,122,0,122,215
07/09/2001,CSG,GA,ASO,ES,Towers with Radar,4,15,63,0,82,0,1,21,0,22,4,16,84,0,104,50,0,50,154
07/10/2001,CSG,GA,ASO,ES,Towers with Radar,8,11,82,2,103,0,2,0,0,2,8,13,82,2,105,74,0,74,179
07/11/2001,CSG,GA,ASO,ES,Towers with Radar,6,11,83,3,103,0,2,0,0,2,6,13,83,3,105,72,6,78,183
07/12/2001,CSG,GA,ASO,ES,Towers with Radar,3,17,59,0,79,0,0,0,0,0,3,17,59,0,79,22,0,22,101
07/13/2001,CSG,GA,ASO,ES,Towers with Radar,6,13,76,0,95,0,2,0,0,2,6,15,76,0,97,72,0,72,169
07/14/2001,CSG,GA,ASO,ES,Towers with Radar,7,7,47,0,61,0,0,25,0,25,7,7,72,0,86,48,0,48,134
07/15/2001,CSG,GA,ASO,ES,Towers with Radar,4,14,59,0,77,0,0,4,0,4,4,14,63,0,81,52,0,52,133
07/16/2001,CSG,GA,ASO,ES,Towers with Radar,4,13,46,0,63,0,0,1,0,1,4,13,47,0,64,0,0,0,64
07/17/2001,CSG,GA,ASO,ES,Towers with Radar,5,12,87,5,109,0,0,0,0,0,5,12,87,5,109,38,0,38,147
07/18/2001,CSG,GA,ASO,ES,Towers with Radar,9,14,96,0,119,0,0,2,0,2,9,14,98,0,121,26,4,30,151
07/19/2001,CSG,GA,ASO,ES,Towers with Radar,7,20,102,0,129,0,0,2,0,2,7,20,104,0,131,30,2,32,163
07/20/2001,CSG,GA,ASO,ES,Towers with Radar,7,15,51,0,73,0,0,0,0,0,7,15,51,0,73,0,0,0,73
07/21/2001,CSG,GA,ASO,ES,Towers with Radar,4,11,62,2,79,0,0,0,1,1,4,11,62,3,80,60,0,60,140
07/22/2001,CSG,GA,ASO,ES,Towers with Radar,6,9,66,2,83,0,0,28,0,28,6,9,94,2,111,56,0,56,167
07/23/2001,CSG,GA,ASO,ES,Towers with Radar,6,21,71,5,103,0,0,29,0,29,6,21,100,5,132,26,0,26,158
07/24/2001,CSG,GA,ASO,ES,Towers with Radar,6,15,51,2,74,0,0,0,0,0,6,15,51,2,74,20,0,20,94
07/25/2001,CSG,GA,ASO,ES,Towers with Radar,8,15,63,3,89,0,0,0,0,0,8,15,63,3,89,10,4,14,103
07/26/2001,CSG,GA,ASO,ES,Towers with Radar,8,19,80,2,109,0,0,0,0,0,8,19,80,2,109,32,0,32,141
07/27/2001,CSG,GA,ASO,ES,Towers with Radar,7,10,59,1,77,0,0,0,0,0,7,10,59,1,77,50,0,50,127
07/28/2001,CSG,GA,ASO,ES,Towers with Radar,9,7,65,0,81,0,0,22,0,22,9,7,87,0,103,18,0,18,121
07/29/2001,CSG,GA,ASO,ES,Towers with Radar,8,11,44,0,63,0,0,14,0,14,8,11,58,0,77,64,0,64,141
07/30/2001,CSG,GA,ASO,ES,Towers with Radar,10,11,53,2,76,0,0,0,0,0,10,11,53,2,76,10,0,10,86
07/31/2001,CSG,GA,ASO,ES,Towers with Radar,5,17,82,1,105,0,10,0,0,10,5,27,82,1,115,62,0,62,177
08/01/2001,CSG,GA,ASO,ES,Towers with Radar,9,18,101,2,130,0,1,25,0,26,9,19,126,2,156,68,0,68,224
08/02/2001,CSG,GA,ASO,ES,Towers with Radar,7,40,119,0,166,0,13,1,0,14,7,53,120,0,180,48,0,48,228
08/03/2001,CSG,GA,ASO,ES,Towers with Radar,7,17,93,0,117,0,0,43,0,43,7,17,136,0,160,108,0,108,268
08/04/2001,CSG,GA,ASO,ES,Towers with Radar,8,11,55,1,75,0,0,10,0,10,8,11,65,1,85,24,0,24,109
08/05/2001,CSG,GA,ASO,ES,Towers with Radar,7,9,57,2,75,0,0,0,0,0,7,9,57,2,75,22,0,22,97
08/06/2001,CSG,GA,ASO,ES,Towers with Radar,8,13,18,0,39,0,0,0,0,0,8,13,18,0,39,0,0,0,39
08/07/2001,CSG,GA,ASO,ES,Towers with Radar,8,15,41,1,65,0,0,0,0,0,8,15,41,1,65,14,0,14,79
08/08/2001,CSG,GA,ASO,ES,Towers with Radar,9,14,69,0,92,0,0,0,0,0,9,14,69,0,92,0,0,0,92
08/09/2001,CSG,GA,ASO,ES,Towers with Radar,6,14,56,2,78,0,0,0,0,0,6,14,56,2,78,6,0,6,84
08/10/2001,CSG,GA,ASO,ES,Towers with Radar,8,13,46,0,67,0,0,0,0,0,8,13,46,0,67,0,0,0,67
08/11/2001,CSG,GA,ASO,ES,Towers with Radar,6,10,45,0,61,0,0,0,0,0,6,10,45,0,61,26,0,26,87
08/12/2001,CSG,GA,ASO,ES,Towers with Radar,6,9,29,0,44,0,0,0,0,0,6,9,29,0,44,8,0,8,52
08/13/2001,CSG,GA,ASO,ES,Towers with Radar,8,11,43,0,62,0,0,0,0,0,8,11,43,0,62,0,0,0,62
08/14/2001,CSG,GA,ASO,ES,Towers with Radar,8,15,52,8,83,0,0,0,0,0,8,15,52,8,83,30,0,30,113
08/15/2001,CSG,GA,ASO,ES,Towers with Radar,7,16,86,0,109,0,0,14,0,14,7,16,100,0,123,44,0,44,167
08/16/2001,CSG,GA,ASO,ES,Towers with Radar,8,14,74,16,112,0,0,0,0,0,8,14,74,16,112,24,0,24,136
08/17/2001,CSG,GA,ASO,ES,Towers with Radar,7,13,52,4,76,0,0,4,0,4,7,13,56,4,80,36,0,36,116
08/18/2001,CSG,GA,ASO,ES,Towers with Radar,9,9,42,0,60,0,0,0,0,0,9,9,42,0,60,80,0,80,140
08/19/2001,CSG,GA,ASO,ES,Towers with Radar,9,9,72,2,92,0,0,0,0,0,9,9,72,2,92,60,0,60,152
08/20/2001,CSG,GA,ASO,ES,Towers with Radar,7,13,55,0,75,0,0,0,0,0,7,13,55,0,75,43,0,43,118
08/21/2001,CSG,GA,ASO,ES,Towers with Radar,9,14,80,0,103,0,1,32,0,33,9,15,112,0,136,74,14,88,224
08/22/2001,CSG,GA,ASO,ES,Towers with Radar,8,12,85,2,107,0,1,9,0,10,8,13,94,2,117,20,2,22,139
08/23/2001,CSG,GA,ASO,ES,Towers with Radar,8,16,79,2,105,0,0,14,0,14,8,16,93,2,119,40,0,40,159
08/24/2001,CSG,GA,ASO,ES,Towers with Radar,10,16,85,0,111,0,1,3,0,4,10,17,88,0,115,34,0,34,149
08/25/2001,CSG,GA,ASO,ES,Towers with Radar,9,13,52,0,74,0,0,9,0,9,9,13,61,0,83,42,0,42,125
08/26/2001,CSG,GA,ASO,ES,Towers with Radar,10,9,50,0,69,0,0,2,0,2,10,9,52,0,71,67,0,67,138
08/27/2001,CSG,GA,ASO,ES,Towers with Radar,7,17,35,0,59,0,0,7,0,7,7,17,42,0,66,30,0,30,96
08/28/2001,CSG,GA,ASO,ES,Towers with Radar,7,8,54,0,69,0,2,0,0,2,7,10,54,0,71,10,0,10,81
08/29/2001,CSG,GA,ASO,ES,Towers with Radar,8,22,79,0,109,0,0,0,0,0,8,22,79,0,109,68,0,68,177
08/30/2001,CSG,GA,ASO,ES,Towers with Radar,9,13,62,0,84,0,0,0,0,0,9,13,62,0,84,18,0,18,102
08/31/2001,CSG,GA,ASO,ES,Towers with Radar,4,13,82,0,99,0,0,0,0,0,4,13,82,0,99,32,0,32,131
09/01/2001,CSG,GA,ASO,ES,Towers with Radar,8,8,32,0,48,1,0,0,0,1,9,8,32,0,49,62,0,62,111
09/02/2001,CSG,GA,ASO,ES,Towers with Radar,6,4,19,0,29,0,0,0,0,0,6,4,19,0,29,18,0,18,47
09/03/2001,CSG,GA,ASO,ES,Towers with Radar,8,9,19,0,36,0,0,0,0,0,8,9,19,0,36,0,0,0,36
09/04/2001,CSG,GA,ASO,ES,Towers with Radar,8,13,47,0,68,0,0,0,0,0,8,13,47,0,68,16,0,16,84
09/05/2001,CSG,GA,ASO,ES,Towers with Radar,7,9,62,2,80,0,0,0,0,0,7,9,62,2,80,20,0,20,100
09/06/2001,CSG,GA,ASO,ES,Towers with Radar,14,14,83,3,114,0,0,0,0,0,14,14,83,3,114,20,0,20,134
09/07/2001,CSG,GA,ASO,ES,Towers with Radar,5,17,69,1,92,0,0,0,0,0,5,17,69,1,92,86,0,86,178
09/08/2001,CSG,GA,ASO,ES,Towers with Radar,10,9,66,0,85,0,0,0,0,0,10,9,66,0,85,12,0,12,97
09/09/2001,CSG,GA,ASO,ES,Towers with Radar,8,10,87,2,107,0,0,7,0,7,8,10,94,2,114,46,0,46,160
09/10/2001,CSG,GA,ASO,ES,Towers with Radar,8,10,48,0,66,0,0,0,0,0,8,10,48,0,66,18,0,18,84
09/11/2001,CSG,GA,ASO,ES,Towers with Radar,0,1,14,1,16,0,0,0,0,0,0,1,14,1,16,0,0,0,16
09/12/2001,CSG,GA,ASO,ES,Towers with Radar,0,0,0,1,1,0,3,0,0,3,0,3,0,1,4,0,0,0,4
09/13/2001,CSG,GA,ASO,ES,Towers with Radar,2,8,0,0,10,0,0,0,0,0,2,8,0,0,10,0,0,0,10
09/14/2001,CSG,GA,ASO,ES,Towers with Radar,8,9,4,0,21,0,0,0,0,0,8,9,4,0,21,0,0,0,21
09/15/2001,CSG,GA,ASO,ES,Towers with Radar,7,11,28,0,46,0,0,0,0,0,7,11,28,0,46,0,0,0,46
09/16/2001,CSG,GA,ASO,ES,Towers with Radar,7,9,13,0,29,0,0,0,0,0,7,9,13,0,29,0,0,0,29
09/17/2001,CSG,GA,ASO,ES,Towers with Radar,4,19,39,0,62,0,0,0,0,0,4,19,39,0,62,0,0,0,62
09/18/2001,CSG,GA,ASO,ES,Towers with Radar,8,15,65,0,88,0,0,0,0,0,8,15,65,0,88,0,0,0,88
09/19/2001,CSG,GA,ASO,ES,Towers with Radar,6,13,45,2,66,0,2,0,0,2,6,15,45,2,68,0,0,0,68
09/20/2001,CSG,GA,ASO,ES,Towers with Radar,8,14,58,4,84,0,0,0,0,0,8,14,58,4,84,0,0,0,84
09/21/2001,CSG,GA,ASO,ES,Towers with Radar,9,19,65,0,93,0,0,0,0,0,9,19,65,0,93,4,0,4,97
09/22/2001,CSG,GA,ASO,ES,Towers with Radar,9,10,57,0,76,0,0,0,0,0,9,10,57,0,76,12,0,12,88
09/23/2001,CSG,GA,ASO,ES,Towers with Radar,9,10,45,0,64,0,0,0,0,0,9,10,45,0,64,12,0,12,76
09/24/2001,CSG,GA,ASO,ES,Towers with Radar,5,9,40,0,54,3,5,0,0,8,8,14,40,0,62,0,0,0,62
09/25/2001,CSG,GA,ASO,ES,Towers with Radar,7,14,56,0,77,0,2,0,0,2,7,16,56,0,79,10,0,10,89
09/26/2001,CSG,GA,ASO,ES,Towers with Radar,9,14,72,0,95,0,0,0,0,0,9,14,72,0,95,56,0,56,151
09/27/2001,CSG,GA,ASO,ES,Towers with Radar,9,14,94,0,117,0,0,0,0,0,9,14,94,0,117,64,0,64,181
09/28/2001,CSG,GA,ASO,ES,Towers with Radar,9,17,93,0,119,0,0,16,0,16,9,17,109,0,135,98,0,98,233
09/29/2001,CSG,GA,ASO,ES,Towers with Radar,8,10,47,0,65,0,0,0,0,0,8,10,47,0,65,24,0,24,89
09/30/2001,CSG,GA,ASO,ES,Towers with Radar,9,11,98,3,121,0,0,9,0,9,9,11,107,3,130,32,0,32,162
10/01/2001,CSG,GA,ASO,ES,Towers with Radar,7,14,58,0,79,0,0,0,0,0,7,14,58,0,79,42,0,42,121
10/02/2001,CSG,GA,ASO,ES,Towers with Radar,7,17,78,0,102,0,0,0,0,0,7,17,78,0,102,40,0,40,142
10/03/2001,CSG,GA,ASO,ES,Towers with Radar,9,13,76,0,98,0,0,0,0,0,9,13,76,0,98,24,0,24,122
10/04/2001,CSG,GA,ASO,ES,Towers with Radar,8,15,92,0,115,0,0,0,0,0,8,15,92,0,115,84,0,84,199
10/05/2001,CSG,GA,ASO,ES,Towers with Radar,13,20,48,0,81,0,0,0,0,0,13,20,48,0,81,24,0,24,105
10/06/2001,CSG,GA,ASO,ES,Towers with Radar,11,9,24,0,44,0,0,0,0,0,11,9,24,0,44,10,0,10,54
10/07/2001,CSG,GA,ASO,ES,Towers with Radar,9,14,72,0,95,0,0,0,0,0,9,14,72,0,95,28,0,28,123
10/08/2001,CSG,GA,ASO,ES,Towers with Radar,6,19,64,0,89,0,0,0,0,0,6,19,64,0,89,28,0,28,117
10/09/2001,CSG,GA,ASO,ES,Towers with Radar,9,18,56,3,86,0,0,0,0,0,9,18,56,3,86,18,0,18,104
10/10/2001,CSG,GA,ASO,ES,Towers with Radar,5,21,59,4,89,0,0,0,0,0,5,21,59,4,89,24,0,24,113
10/11/2001,CSG,GA,ASO,ES,Towers with Radar,7,21,53,0,81,0,0,0,0,0,7,21,53,0,81,72,0,72,153
10/12/2001,CSG,GA,ASO,ES,Towers with Radar,10,19,55,0,84,0,0,0,0,0,10,19,55,0,84,28,0,28,112
10/13/2001,CSG,GA,ASO,ES,Towers with Radar,9,10,39,0,58,0,0,0,0,0,9,10,39,0,58,28,0,28,86
10/14/2001,CSG,GA,ASO,ES,Towers with Radar,8,17,58,1,84,0,0,0,0,0,8,17,58,1,84,62,1,63,147
10/15/2001,CSG,GA,ASO,ES,Towers with Radar,9,20,83,3,115,0,0,17,0,17,9,20,100,3,132,90,4,94,226
10/16/2001,CSG,GA,ASO,ES,Towers with Radar,8,14,67,2,91,0,0,0,0,0,8,14,67,2,91,30,0,30,121
10/17/2001,CSG,GA,ASO,ES,Towers with Radar,7,14,103,0,124,0,0,0,0,0,7,14,103,0,124,46,0,46,170
10/18/2001,CSG,GA,ASO,ES,Towers with Radar,8,15,112,2,137,0,0,0,0,0,8,15,112,2,137,64,2,66,203
10/19/2001,CSG,GA,ASO,ES,Towers with Radar,7,15,128,0,150,0,0,0,0,0,7,15,128,0,150,78,2,80,230
10/20/2001,CSG,GA,ASO,ES,Towers with Radar,8,7,76,0,91,0,0,0,0,0,8,7,76,0,91,62,0,62,153
10/21/2001,CSG,GA,ASO,ES,Towers with Radar,7,18,115,0,140,0,0,0,0,0,7,18,115,0,140,67,0,67,207
10/22/2001,CSG,GA,ASO,ES,Towers with Radar,14,19,102,0,135,0,0,0,0,0,14,19,102,0,135,52,0,52,187
10/23/2001,CSG,GA,ASO,ES,Towers with Radar,5,20,81,0,106,0,0,0,0,0,5,20,81,0,106,42,0,42,148
10/24/2001,CSG,GA,ASO,ES,Towers with Radar,7,13,76,0,96,0,0,0,0,0,7,13,76,0,96,70,0,70,166
10/25/2001,CSG,GA,ASO,ES,Towers with Radar,6,16,63,0,85,1,2,0,0,3,7,18,63,0,88,20,0,20,108
10/26/2001,CSG,GA,ASO,ES,Towers with Radar,6,16,69,0,91,0,0,0,0,0,6,16,69,0,91,44,0,44,135
10/27/2001,CSG,GA,ASO,ES,Towers with Radar,9,7,51,0,67,0,0,10,0,10,9,7,61,0,77,16,0,16,93
10/28/2001,CSG,GA,ASO,ES,Towers with Radar,4,16,79,0,99,0,0,0,0,0,4,16,79,0,99,40,0,40,139
10/29/2001,CSG,GA,ASO,ES,Towers with Radar,5,21,57,0,83,0,0,11,0,11,5,21,68,0,94,72,0,72,166
10/30/2001,CSG,GA,ASO,ES,Towers with Radar,7,17,62,0,86,0,0,0,0,0,7,17,62,0,86,14,0,14,100
10/31/2001,CSG,GA,ASO,ES,Towers with Radar,7,17,76,0,100,0,0,20,0,20,7,17,96,0,120,54,0,54,174
11/01/2001,CSG,GA,ASO,ES,Towers with Radar,8,13,82,2,105,0,1,0,0,1,8,14,82,2,106,34,0,34,140
11/02/2001,CSG,GA,ASO,ES,Towers with Radar,5,19,59,2,85,0,0,0,0,0,5,19,59,2,85,20,0,20,105
11/03/2001,CSG,GA,ASO,ES,Towers with Radar,6,8,46,0,60,0,0,20,0,20,6,8,66,0,80,30,0,30,110
11/04/2001,CSG,GA,ASO,ES,Towers with Radar,9,14,62,1,86,0,0,15,0,15,9,14,77,1,101,58,0,58,159
11/05/2001,CSG,GA,ASO,ES,Towers with Radar,2,24,68,6,100,0,0,0,0,0,2,24,68,6,100,60,0,60,160
11/06/2001,CSG,GA,ASO,ES,Towers with Radar,3,17,108,0,128,0,0,0,0,0,3,17,108,0,128,94,0,94,222
11/07/2001,CSG,GA,ASO,ES,Towers with Radar,4,23,85,2,114,0,0,0,0,0,4,23,85,2,114,48,0,48,162
11/08/2001,CSG,GA,ASO,ES,Towers with Radar,3,20,94,0,117,0,0,0,0,0,3,20,94,0,117,54,0,54,171
11/09/2001,CSG,GA,ASO,ES,Towers with Radar,3,18,107,0,128,0,0,3,0,3,3,18,110,0,131,46,0,46,177
11/10/2001,CSG,GA,ASO,ES,Towers with Radar,5,16,46,0,67,0,0,44,0,44,5,16,90,0,111,28,0,28,139
11/11/2001,CSG,GA,ASO,ES,Towers with Radar,2,14,61,3,80,0,0,28,2,30,2,14,89,5,110,88,6,94,204
11/12/2001,CSG,GA,ASO,ES,Towers with Radar,6,16,63,0,85,0,0,0,0,0,6,16,63,0,85,44,0,44,129
11/13/2001,CSG,GA,ASO,ES,Towers with Radar,4,20,67,0,91,0,0,0,0,0,4,20,67,0,91,38,0,38,129
11/14/2001,CSG,GA,ASO,ES,Towers with Radar,4,26,92,0,122,0,0,0,0,0,4,26,92,0,122,36,0,36,158
11/15/2001,CSG,GA,ASO,ES,Towers with Radar,4,24,107,0,135,0,1,0,0,1,4,25,107,0,136,16,0,16,152
11/16/2001,CSG,GA,ASO,ES,Towers with Radar,3,15,71,0,89,0,0,0,0,0,3,15,71,0,89,64,0,64,153
11/17/2001,CSG,GA,ASO,ES,Towers with Radar,5,11,70,0,86,0,0,0,0,0,5,11,70,0,86,81,0,81,167
11/18/2001,CSG,GA,ASO,ES,Towers with Radar,4,14,73,2,93,0,0,0,0,0,4,14,73,2,93,74,0,74,167
11/19/2001,CSG,GA,ASO,ES,Towers with Radar,4,21,49,0,74,0,0,0,0,0,4,21,49,0,74,11,0,11,85
11/20/2001,CSG,GA,ASO,ES,Towers with Radar,2,21,71,0,94,1,0,0,0,1,3,21,71,0,95,26,0,26,121
11/21/2001,CSG,GA,ASO,ES,Towers with Radar,4,18,97,1,120,0,0,16,0,16,4,18,113,1,136,72,0,72,208
11/22/2001,CSG,GA,ASO,ES,Towers with Radar,6,10,23,0,39,0,0,0,0,0,6,10,23,0,39,2,0,2,41
11/23/2001,CSG,GA,ASO,ES,Towers with Radar,0,9,13,0,22,0,0,0,0,0,0,9,13,0,22,0,0,0,22
11/24/2001,CSG,GA,ASO,ES,Towers with Radar,5,15,19,0,39,0,0,0,0,0,5,15,19,0,39,8,0,8,47
11/25/2001,CSG,GA,ASO,ES,Towers with Radar,7,16,71,0,94,0,0,0,0,0,7,16,71,0,94,35,0,35,129
11/26/2001,CSG,GA,ASO,ES,Towers with Radar,4,18,57,0,79,0,0,0,0,0,4,18,57,0,79,16,0,16,95
11/27/2001,CSG,GA,ASO,ES,Towers with Radar,5,19,77,1,102,0,0,0,0,0,5,19,77,1,102,54,0,54,156
11/28/2001,CSG,GA,ASO,ES,Towers with Radar,5,17,68,2,92,0,1,0,0,1,5,18,68,2,93,22,0,22,115
11/29/2001,CSG,GA,ASO,ES,Towers with Radar,4,19,59,0,82,0,0,0,0,0,4,19,59,0,82,12,0,12,94
11/30/2001,CSG,GA,ASO,ES,Towers with Radar,3,22,78,0,103,0,0,0,0,0,3,22,78,0,103,20,0,20,123
12/01/2001,CSG,GA,ASO,ES,Towers with Radar,3,19,52,0,74,1,3,29,0,33,4,22,81,0,107,72,0,72,179
12/02/2001,CSG,GA,ASO,ES,Towers with Radar,4,14,51,1,70,0,0,23,2,25,4,14,74,3,95,78,2,80,175
12/03/2001,CSG,GA,ASO,ES,Towers with Radar,4,18,47,2,71,0,0,7,0,7,4,18,54,2,78,22,0,22,100
12/04/2001,CSG,GA,ASO,ES,Towers with Radar,4,19,80,2,105,0,0,0,0,0,4,19,80,2,105,86,0,86,191
12/05/2001,CSG,GA,ASO,ES,Towers with Radar,6,22,101,2,131,0,1,0,0,1,6,23,101,2,132,122,2,124,256
12/06/2001,CSG,GA,ASO,ES,Towers with Radar,2,27,95,0,124,0,1,0,0,1,2,28,95,0,125,50,0,50,175
12/07/2001,CSG,GA,ASO,ES,Towers with Radar,4,20,67,0,91,0,0,12,0,12,4,20,79,0,103,40,0,40,143
12/08/2001,CSG,GA,ASO,ES,Towers with Radar,4,11,64,4,83,0,0,22,0,22,4,11,86,4,105,108,0,108,213
12/09/2001,CSG,GA,ASO,ES,Towers with Radar,0,15,76,0,91,0,0,0,0,0,0,15,76,0,91,88,0,88,179
12/10/2001,CSG,GA,ASO,ES,Towers with Radar,0,21,25,2,48,0,0,0,0,0,0,21,25,2,48,0,0,0,48
12/11/2001,CSG,GA,ASO,ES,Towers with Radar,4,21,73,1,99,0,0,0,0,0,4,21,73,1,99,18,0,18,117
12/12/2001,CSG,GA,ASO,ES,Towers with Radar,3,19,47,2,71,0,0,0,0,0,3,19,47,2,71,0,0,0,71
12/13/2001,CSG,GA,ASO,ES,Towers with Radar,2,19,33,0,54,0,0,0,0,0,2,19,33,0,54,0,0,0,54
12/14/2001,CSG,GA,ASO,ES,Towers with Radar,4,21,61,2,88,0,0,0,0,0,4,21,61,2,88,8,0,8,96
12/15/2001,CSG,GA,ASO,ES,Towers with Radar,4,11,48,1,64,0,0,47,0,47,4,11,95,1,111,100,12,112,223
12/16/2001,CSG,GA,ASO,ES,Towers with Radar,5,14,47,0,66,0,0,0,0,0,5,14,47,0,66,51,0,51,117
12/17/2001,CSG,GA,ASO,ES,Towers with Radar,2,15,36,0,53,2,3,0,0,5,4,18,36,0,58,8,0,8,66
12/18/2001,CSG,GA,ASO,ES,Towers with Radar,4,14,77,4,99,0,0,26,0,26,4,14,103,4,125,46,0,46,171
12/19/2001,CSG,GA,ASO,ES,Towers with Radar,3,23,83,5,114,0,2,14,0,16,3,25,97,5,130,60,8,68,198
12/20/2001,CSG,GA,ASO,ES,Towers with Radar,4,19,62,0,85,0,2,9,0,11,4,21,71,0,96,60,0,60,156
12/21/2001,CSG,GA,ASO,ES,Towers with Radar,4,19,76,0,99,0,2,20,1,23,4,21,96,1,122,84,0,84,206
12/22/2001,CSG,GA,ASO,ES,Towers with Radar,7,12,42,0,61,0,0,39,0,39,7,12,81,0,100,55,4,59,159
12/23/2001,CSG,GA,ASO,ES,Towers with Radar,5,14,24,0,43,0,0,0,0,0,5,14,24,0,43,0,0,0,43
12/24/2001,CSG,GA,ASO,ES,Towers with Radar,2,14,24,0,40,0,2,22,1,25,2,16,46,1,65,16,6,22,87
12/25/2001,CSG,GA,ASO,ES,Towers with Radar,0,11,25,0,36,0,0,8,0,8,0,11,33,0,44,44,0,44,88
12/26/2001,CSG,GA,ASO,ES,Towers with Radar,2,25,51,0,78,0,0,0,0,0,2,25,51,0,78,2,0,2,80
12/27/2001,CSG,GA,ASO,ES,Towers with Radar,2,22,67,3,94,0,0,14,0,14,2,22,81,3,108,48,12,60,168
12/28/2001,CSG,GA,ASO,ES,Towers with Radar,2,21,48,0,71,0,0,46,1,47,2,21,94,1,118,44,0,44,162
12/29/2001,CSG,GA,ASO,ES,Towers with Radar,2,14,53,0,69,0,0,24,2,26,2,14,77,2,95,96,0,96,191
12/30/2001,CSG,GA,ASO,ES,Towers with Radar,2,16,36,0,54,0,0,29,1,30,2,16,65,1,84,42,14,56,140
12/31/2001,CSG,GA,ASO,ES,Towers with Radar,0,15,43,0,58,0,1,0,0,1,0,16,43,0,59,36,0,36,95
01/01/2002,CSG,GA,ASO,ES,Towers with Radar,8,8,50,0,66,0,0,30,0,30,8,8,80,0,96,36,0,36,132
01/02/2002,CSG,GA,ASO,ES,Towers with Radar,5,12,8,0,25,0,0,0,0,0,5,12,8,0,25,0,0,0,25
01/03/2002,CSG,GA,ASO,ES,Towers with Radar,3,13,21,0,37,0,0,0,0,0,3,13,21,0,37,6,0,6,43
01/04/2002,CSG,GA,ASO,ES,Towers with Radar,4,17,72,0,93,0,0,6,0,6,4,17,78,0,99,42,0,42,141
01/05/2002,CSG,GA,ASO,ES,Towers with Radar,10,12,53,1,76,0,0,35,0,35,10,12,88,1,111,107,8,115,226
01/06/2002,CSG,GA,ASO,ES,Towers with Radar,8,7,18,2,35,0,0,0,0,0,8,7,18,2,35,0,0,0,35
01/07/2002,CSG,GA,ASO,ES,Towers with Radar,8,17,33,2,60,0,0,0,0,0,8,17,33,2,60,10,0,10,70
01/08/2002,CSG,GA,ASO,ES,Towers with Radar,7,18,83,0,108,0,0,9,1,10,7,18,92,1,118,48,0,48,166
01/09/2002,CSG,GA,ASO,ES,Towers with Radar,7,17,71,0,95,0,0,0,0,0,7,17,71,0,95,56,0,56,151
01/10/2002,CSG,GA,ASO,ES,Towers with Radar,8,18,59,5,90,0,0,0,0,0,8,18,59,5,90,24,0,24,114
01/11/2002,CSG,GA,ASO,ES,Towers with Radar,9,15,54,0,78,0,0,0,0,0,9,15,54,0,78,22,0,22,100
01/12/2002,CSG,GA,ASO,ES,Towers with Radar,6,9,24,0,39,0,0,0,0,0,6,9,24,0,39,24,0,24,63
01/13/2002,CSG,GA,ASO,ES,Towers with Radar,10,8,64,3,85,0,0,36,0,36,10,8,100,3,121,51,6,57,178
01/14/2002,CSG,GA,ASO,ES,Towers with Radar,6,12,27,0,45,0,0,0,0,0,6,12,27,0,45,48,0,48,93
01/15/2002,CSG,GA,ASO,ES,Towers with Radar,4,14,80,1,99,0,0,0,0,0,4,14,80,1,99,96,0,96,195
01/16/2002,CSG,GA,ASO,ES,Towers with Radar,4,20,104,0,128,0,0,5,0,5,4,20,109,0,133,136,0,136,269
01/17/2002,CSG,GA,ASO,ES,Towers with Radar,7,17,82,0,106,0,0,8,0,8,7,17,90,0,114,86,0,86,200
01/18/2002,CSG,GA,ASO,ES,Towers with Radar,9,16,41,0,66,0,0,0,0,0,9,16,41,0,66,20,0,20,86
01/19/2002,CSG,GA,ASO,ES,Towers with Radar,6,8,7,2,23,0,0,0,0,0,6,8,7,2,23,0,0,0,23
01/20/2002,CSG,GA,ASO,ES,Towers with Radar,4,17,76,3,100,0,0,24,0,24,4,17,100,3,124,86,8,94,218
01/21/2002,CSG,GA,ASO,ES,Towers with Radar,6,18,54,0,78,0,0,4,0,4,6,18,58,0,82,30,0,30,112
01/22/2002,CSG,GA,ASO,ES,Towers with Radar,10,14,66,0,90,0,0,0,0,0,10,14,66,0,90,30,0,30,120
01/23/2002,CSG,GA,ASO,ES,Towers with Radar,4,16,48,0,68,0,0,0,0,0,4,16,48,0,68,10,0,10,78
01/24/2002,CSG,GA,ASO,ES,Towers with Radar,2,14,49,4,69,0,0,0,0,0,2,14,49,4,69,26,0,26,95
01/25/2002,CSG,GA,ASO,ES,Towers with Radar,8,16,81,0,105,0,0,0,0,0,8,16,81,0,105,100,0,100,205
01/26/2002,CSG,GA,ASO,ES,Towers with Radar,8,9,48,2,67,0,0,72,0,72,8,9,120,2,139,90,0,90,229
01/27/2002,CSG,GA,ASO,ES,Towers with Radar,9,10,96,0,115,0,0,1,0,1,9,10,97,0,116,101,0,101,217
01/28/2002,CSG,GA,ASO,ES,Towers with Radar,5,13,90,2,110,0,1,0,0,1,5,14,90,2,111,32,2,34,145
01/29/2002,CSG,GA,ASO,ES,Towers with Radar,9,12,41,1,63,0,0,0,0,0,9,12,41,1,63,0,0,0,63
01/30/2002,CSG,GA,ASO,ES,Towers with Radar,7,14,59,3,83,0,0,0,0,0,7,14,59,3,83,22,12,34,117
01/31/2002,CSG,GA,ASO,ES,Towers with Radar,8,12,58,0,78,0,0,0,0,0,8,12,58,0,78,28,0,28,106
02/01/2002,CSG,GA,ASO,ES,Towers with Radar,7,12,73,0,92,1,0,0,0,1,8,12,73,0,93,14,0,14,107
02/02/2002,CSG,GA,ASO,ES,Towers with Radar,11,8,70,1,90,0,0,24,0,24,11,8,94,1,114,65,0,65,179
02/03/2002,CSG,GA,ASO,ES,Towers with Radar,7,9,71,0,87,0,0,1,0,1,7,9,72,0,88,34,0,34,122
02/04/2002,CSG,GA,ASO,ES,Towers with Radar,5,13,48,0,66,1,0,0,0,1,6,13,48,0,67,0,0,0,67
02/05/2002,CSG,GA,ASO,ES,Towers with Radar,5,14,59,0,78,0,0,0,0,0,5,14,59,0,78,28,0,28,106
02/06/2002,CSG,GA,ASO,ES,Towers with Radar,3,14,20,0,37,0,0,0,0,0,3,14,20,0,37,0,0,0,37
02/07/2002,CSG,GA,ASO,ES,Towers with Radar,5,12,37,0,54,0,0,0,0,0,5,12,37,0,54,2,0,2,56
02/08/2002,CSG,GA,ASO,ES,Towers with Radar,7,12,108,3,130,1,0,10,0,11,8,12,118,3,141,64,0,64,205
02/09/2002,CSG,GA,ASO,ES,Towers with Radar,9,9,42,0,60,0,0,41,0,41,9,9,83,0,101,62,0,62,163
02/10/2002,CSG,GA,ASO,ES,Towers with Radar,8,7,70,0,85,0,0,0,0,0,8,7,70,0,85,6,8,14,99
02/11/2002,CSG,GA,ASO,ES,Towers with Radar,8,14,68,1,91,0,1,0,0,1,8,15,68,1,92,16,0,16,108
02/12/2002,CSG,GA,ASO,ES,Towers with Radar,11,16,67,0,94,0,0,2,0,2,11,16,69,0,96,49,0,49,145
02/13/2002,CSG,GA,ASO,ES,Towers with Radar,9,22,71,0,102,0,0,0,0,0,9,22,71,0,102,26,0,26,128
02/14/2002,CSG,GA,ASO,ES,Towers with Radar,8,13,95,2,118,0,0,0,0,0,8,13,95,2,118,4,0,4,122
02/15/2002,CSG,GA,ASO,ES,Towers with Radar,9,15,82,0,106,0,0,0,0,0,9,15,82,0,106,36,0,36,142
02/16/2002,CSG,GA,ASO,ES,Towers with Radar,8,9,36,0,53,0,0,16,0,16,8,9,52,0,69,68,0,68,137
02/17/2002,CSG,GA,ASO,ES,Towers with Radar,9,15,78,0,102,0,0,0,0,0,9,15,78,0,102,2,0,2,104
02/18/2002,CSG,GA,ASO,ES,Towers with Radar,8,15,79,0,102,0,0,27,0,27,8,15,106,0,129,18,0,18,147
02/19/2002,CSG,GA,ASO,ES,Towers with Radar,6,14,75,0,95,0,0,0,0,0,6,14,75,0,95,42,2,44,139
02/20/2002,CSG,GA,ASO,ES,Towers with Radar,7,14,50,1,72,3,1,0,0,4,10,15,50,1,76,12,0,12,88
02/21/2002,CSG,GA,ASO,ES,Towers with Radar,6,13,89,3,111,0,0,0,0,0,6,13,89,3,111,14,12,26,137
02/22/2002,CSG,GA,ASO,ES,Towers with Radar,10,13,91,2,116,0,1,0,0,1,10,14,91,2,117,38,8,46,163
02/23/2002,CSG,GA,ASO,ES,Towers with Radar,0,0,0,0,0,11,8,81,0,100,11,8,81,0,100,32,0,32,132
02/24/2002,CSG,GA,ASO,ES,Towers with Radar,0,0,0,0,0,10,13,91,0,114,10,13,91,0,114,12,0,12,126
02/25/2002,CSG,GA,ASO,ES,Towers with Radar,0,0,0,0,0,8,11,36,1,56,8,11,36,1,56,46,10,56,112
02/26/2002,CSG,GA,ASO,ES,Towers with Radar,0,0,0,0,0,7,12,26,0,45,7,12,26,0,45,0,4,4,49
02/27/2002,CSG,GA,ASO,ES,Towers with Radar,0,0,0,0,0,8,9,43,4,64,8,9,43,4,64,0,0,0,64
02/28/2002,CSG,GA,ASO,ES,Towers with Radar,0,0,0,0,0,7,11,81,1,100,7,11,81,1,100,22,0,22,122
03/01/2002,CSG,GA,ASO,ES,Combined TRACON& Tower with Radar,7,14,62,1,84,0,0,30,2,32,7,14,92,3,116,0,0,0,116
03/02/2002,CSG,GA,ASO,ES,Combined TRACON& Tower with Radar,4,5,15,0,24,1,5,0,0,6,5,10,15,0,30,0,0,0,30
03/03/2002,CSG,GA,ASO,ES,Combined TRACON& Tower with Radar,4,5,17,0,26,1,4,0,2,7,5,9,17,2,33,0,10,10,43
03/04/2002,CSG,GA,ASO,ES,Combined TRACON& Tower with Radar,6,7,28,0,41,3,3,1,4,11,9,10,29,4,52,4,0,4,56
03/05/2002,CSG,GA,ASO,ES,Combined TRACON& Tower with Radar,5,7,28,0,40,0,2,32,0,34,5,9,60,0,74,42,0,42,116
03/06/2002,CSG,GA,ASO,ES,Combined TRACON& Tower with Radar,8,11,43,0,62,0,1,41,7,49,8,12,84,7,111,60,0,60,171
03/07/2002,CSG,GA,ASO,ES,Combined TRACON& Tower with Radar,7,12,48,0,67,0,3,31,0,34,7,15,79,0,101,38,0,38,139
03/08/2002,CSG,GA,ASO,ES,Combined TRACON& Tower with Radar,9,11,55,0,75,0,0,62,0,62,9,11,117,0,137,62,0,62,199
03/09/2002,CSG,GA,ASO,ES,Combined TRACON& Tower with Radar,4,5,21,0,30,2,3,9,0,14,6,8,30,0,44,12,0,12,56
03/10/2002,CSG,GA,ASO,ES,Combined TRACON& Tower with Radar,6,6,26,0,38,2,1,14,0,17,8,7,40,0,55,12,0,12,67
03/11/2002,CSG,GA,ASO,ES,Combined TRACON& Tower with Radar,6,9,35,0,50,0,3,16,2,21,6,12,51,2,71,102,0,102,173
03/12/2002,CSG,GA,ASO,ES,Combined TRACON& Tower with Radar,6,7,28,0,41,1,1,0,0,2,7,8,28,0,43,30,0,30,73
03/13/2002,CSG,GA,ASO,ES,Combined TRACON& Tower with Radar,8,12,62,0,82,0,0,17,0,17,8,12,79,0,99,0,0,0,99
03/14/2002,CSG,GA,ASO,ES,Combined TRACON& Tower with Radar,6,11,54,0,71,0,0,53,0,53,6,11,107,0,124,92,0,92,216
03/15/2002,CSG,GA,ASO,ES,Combined TRACON& Tower with Radar,6,11,39,0,56,0,3,8,0,11,6,14,47,0,67,28,0,28,95
03/16/2002,CSG,GA,ASO,ES,Combined TRACON& Tower with Radar,6,9,32,0,47,1,0,16,0,17,7,9,48,0,64,28,0,28,92
03/17/2002,CSG,GA,ASO,ES,Combined TRACON& Tower with Radar,7,11,39,1,58,2,0,32,1,35,9,11,71,2,93,24,0,24,117
03/18/2002,CSG,GA,ASO,ES,Combined TRACON& Tower with Radar,4,9,32,1,46,0,2,24,0,26,4,11,56,1,72,72,0,72,144
03/19/2002,CSG,GA,ASO,ES,Combined TRACON& Tower with Radar,6,10,35,0,51,0,4,28,0,32,6,14,63,0,83,48,0,48,131
03/20/2002,CSG,GA,ASO,ES,Combined TRACON& Tower with Radar,6,9,32,1,48,1,3,8,0,12,7,12,40,1,60,8,0,8,68
03/21/2002,CSG,GA,ASO,ES,Combined TRACON& Tower with Radar,6,11,46,0,63,0,0,20,0,20,6,11,66,0,83,10,0,10,93
03/22/2002,CSG,GA,ASO,ES,Combined TRACON& Tower with Radar,7,8,54,2,71,0,0,25,12,37,7,8,79,14,108,26,22,48,156
03/23/2002,CSG,GA,ASO,ES,Combined TRACON& Tower with Radar,4,7,25,1,37,3,0,73,3,79,7,7,98,4,116,118,6,124,240
03/24/2002,CSG,GA,ASO,ES,Combined TRACON& Tower with Radar,3,6,20,1,30,4,0,43,3,50,7,6,63,4,80,154,52,206,286
03/25/2002,CSG,GA,ASO,ES,Combined TRACON& Tower with Radar,6,10,33,0,49,2,0,33,0,35,8,10,66,0,84,152,8,160,244
03/26/2002,CSG,GA,ASO,ES,Combined TRACON& Tower with Radar,5,6,25,0,36,1,0,9,0,10,6,6,34,0,46,4,0,4,50
03/27/2002,CSG,GA,ASO,ES,Combined TRACON& Tower with Radar,7,9,57,2,75,0,0,69,2,71,7,9,126,4,146,36,0,36,182
03/28/2002,CSG,GA,ASO,ES,Combined TRACON& Tower with Radar,6,8,32,0,46,2,0,46,0,48,8,8,78,0,94,48,0,48,142
03/29/2002,CSG,GA,ASO,ES,Combined TRACON& Tower with Radar,8,10,51,1,70,0,0,56,7,63,8,10,107,8,133,86,8,94,227
03/30/2002,CSG,GA,ASO,ES,Combined TRACON& Tower with Radar,4,4,27,0,35,3,0,56,0,59,7,4,83,0,94,68,8,76,170
03/31/2002,CSG,GA,ASO,ES,Combined TRACON& Tower with Radar,3,5,11,0,19,4,5,0,0,9,7,10,11,0,28,0,0,0,28
04/01/2002,CSG,GA,ASO,ES,Combined TRACON& Tower with Radar,6,7,36,0,49,0,0,52,6,58,6,7,88,6,107,72,0,72,179
04/02/2002,CSG,GA,ASO,ES,Combined TRACON& Tower with Radar,7,8,39,0,54,1,0,96,22,119,8,8,135,22,173,94,18,112,285
04/03/2002,CSG,GA,ASO,ES,Combined TRACON& Tower with Radar,6,10,43,0,59,0,8,13,1,22,6,18,56,1,81,32,0,32,113
04/04/2002,CSG,GA,ASO,ES,Combined TRACON& Tower with Radar,7,10,43,0,60,0,4,23,6,33,7,14,66,6,93,52,0,52,145
04/05/2002,CSG,GA,ASO,ES,Combined TRACON& Tower with Radar,7,11,47,0,65,0,0,44,0,44,7,11,91,0,109,64,0,64,173
04/06/2002,CSG,GA,ASO,ES,Combined TRACON& Tower with Radar,4,4,22,0,30,5,0,53,9,67,9,4,75,9,97,46,0,46,143
04/07/2002,CSG,GA,ASO,ES,Combined TRACON& Tower with Radar,5,6,29,0,40,3,0,18,2,23,8,6,47,2,63,34,0,34,97
04/08/2002,CSG,GA,ASO,ES,Combined TRACON& Tower with Radar,5,5,26,0,36,3,4,2,0,9,8,9,28,0,45,6,2,8,53
04/09/2002,CSG,GA,ASO,ES,Combined TRACON& Tower with Radar,7,13,53,0,73,0,0,2,2,4,7,13,55,2,77,0,0,0,77
04/10/2002,CSG,GA,ASO,ES,Combined TRACON& Tower with Radar,7,10,67,0,84,0,0,28,0,28,7,10,95,0,112,28,0,28,140
04/11/2002,CSG,GA,ASO,ES,Combined TRACON& Tower with Radar,7,9,71,0,87,0,0,32,0,32,7,9,103,0,119,0,0,0,119
04/12/2002,CSG,GA,ASO,ES,Combined TRACON& Tower with Radar,6,9,51,1,67,0,0,20,0,20,6,9,71,1,87,2,0,2,89
04/13/2002,CSG,GA,ASO,ES,Combined TRACON& Tower with Radar,3,6,22,0,31,3,1,6,0,10,6,7,28,0,41,0,0,0,41
04/14/2002,CSG,GA,ASO,ES,Combined TRACON& Tower with Radar,6,9,36,1,52,1,0,19,1,21,7,9,55,2,73,46,0,46,119
04/15/2002,CSG,GA,ASO,ES,Combined TRACON& Tower with Radar,6,10,41,1,58,0,0,13,0,13,6,10,54,1,71,0,0,0,71
04/16/2002,CSG,GA,ASO,ES,Combined TRACON& Tower with Radar,8,12,49,0,69,0,1,48,0,49,8,13,97,0,118,51,0,51,169
04/17/2002,CSG,GA,ASO,ES,Combined TRACON& Tower with Radar,6,10,39,0,55,0,0,40,0,40,6,10,79,0,95,12,0,12,107
04/18/2002,CSG,GA,ASO,ES,Combined TRACON& Tower with Radar,6,10,39,0,55,2,0,43,0,45,8,10,82,0,100,42,0,42,142
04/19/2002,CSG,GA,ASO,ES,Combined TRACON& Tower with Radar,8,9,49,0,66,0,0,54,0,54,8,9,103,0,120,14,0,14,134
04/20/2002,CSG,GA,ASO,ES,Combined TRACON& Tower with Radar,6,8,37,0,51,1,0,53,0,54,7,8,90,0,105,46,0,46,151
04/21/2002,CSG,GA,ASO,ES,Combined TRACON& Tower with Radar,5,9,32,0,46,4,2,54,0,60,9,11,86,0,106,8,0,8,114
04/22/2002,CSG,GA,ASO,ES,Combined TRACON& Tower with Radar,4,6,24,0,34,0,3,32,0,35,4,9,56,0,69,24,0,24,93
04/23/2002,CSG,GA,ASO,ES,Combined TRACON& Tower with Radar,5,11,40,1,57,0,0,64,1,65,5,11,104,2,122,16,0,16,138
04/24/2002,CSG,GA,ASO,ES,Combined TRACON& Tower with Radar,4,11,46,0,61,0,0,41,0,41,4,11,87,0,102,42,0,42,144
04/25/2002,CSG,GA,ASO,ES,Combined TRACON& Tower with Radar,6,9,35,0,50,2,0,28,0,30,8,9,63,0,80,30,0,30,110
04/26/2002,CSG,GA,ASO,ES,Combined TRACON& Tower with Radar,8,10,49,0,67,0,0,44,0,44,8,10,93,0,111,20,0,20,131
04/27/2002,CSG,GA,ASO,ES,Combined TRACON& Tower with Radar,4,6,26,0,36,0,7,6,0,13,4,13,32,0,49,22,0,22,71
04/28/2002,CSG,GA,ASO,ES,Combined TRACON& Tower with Radar,4,7,28,0,39,0,4,15,0,19,4,11,43,0,58,32,0,32,90
04/29/2002,CSG,GA,ASO,ES,Combined TRACON& Tower with Radar,3,8,31,0,42,0,4,31,2,37,3,12,62,2,79,24,0,24,103
04/30/2002,CSG,GA,ASO,ES,Combined TRACON& Tower with Radar,7,9,44,0,60,0,0,18,0,18,7,9,62,0,78,28,0,28,106
05/01/2002,CSG,GA,ASO,ES,Combined TRACON& Tower with Radar,7,9,32,0,48,1,2,18,0,21,8,11,50,0,69,14,0,14,83
05/02/2002,CSG,GA,ASO,ES,Combined TRACON& Tower with Radar,7,7,32,0,46,2,0,14,0,16,9,7,46,0,62,4,0,4,66
05/03/2002,CSG,GA,ASO,ES,Combined TRACON& Tower with Radar,5,10,37,0,52,0,2,7,0,9,5,12,44,0,61,20,0,20,81
05/04/2002,CSG,GA,ASO,ES,Combined TRACON& Tower with Radar,4,5,19,0,28,2,3,7,0,12,6,8,26,0,40,0,0,0,40
05/05/2002,CSG,GA,ASO,ES,Combined TRACON& Tower with Radar,7,8,32,0,47,0,5,33,6,44,7,13,65,6,91,40,1,41,132
05/06/2002,CSG,GA,ASO,ES,Combined TRACON& Tower with Radar,6,7,26,0,39,2,0,13,0,15,8,7,39,0,54,28,0,28,82
05/07/2002,CSG,GA,ASO,ES,Combined TRACON& Tower with Radar,8,12,53,0,73,0,0,35,0,35,8,12,88,0,108,28,2,30,138
05/08/2002,CSG,GA,ASO,ES,Combined TRACON& Tower with Radar,7,8,32,0,47,1,2,34,0,37,8,10,66,0,84,58,0,58,142
05/09/2002,CSG,GA,ASO,ES,Combined TRACON& Tower with Radar,5,11,40,0,56,0,2,37,0,39,5,13,77,0,95,24,0,24,119
05/10/2002,CSG,GA,ASO,ES,Combined TRACON& Tower with Radar,6,7,27,0,40,1,2,16,0,19,7,9,43,0,59,22,0,22,81
05/11/2002,CSG,GA,ASO,ES,Combined TRACON& Tower with Radar,4,7,23,0,34,3,0,27,0,30,7,7,50,0,64,60,0,60,124
05/12/2002,CSG,GA,ASO,ES,Combined TRACON& Tower with Radar,5,7,27,0,39,1,0,29,1,31,6,7,56,1,70,32,0,32,102
05/13/2002,CSG,GA,ASO,ES,Combined TRACON& Tower with Radar,4,8,33,1,46,0,0,5,1,6,4,8,38,2,52,0,0,0,52
05/14/2002,CSG,GA,ASO,ES,Combined TRACON& Tower with Radar,5,10,37,0,52,0,3,38,0,41,5,13,75,0,93,34,0,34,127
05/15/2002,CSG,GA,ASO,ES,Combined TRACON& Tower with Radar,8,8,44,1,61,0,0,61,6,67,8,8,105,7,128,26,0,26,154
05/16/2002,CSG,GA,ASO,ES,Combined TRACON& Tower with Radar,6,7,34,0,47,1,0,53,0,54,7,7,87,0,101,66,0,66,167
05/17/2002,CSG,GA,ASO,ES,Combined TRACON& Tower with Radar,7,14,53,0,74,0,2,16,0,18,7,16,69,0,92,2,0,2,94
05/18/2002,CSG,GA,ASO,ES,Combined TRACON& Tower with Radar,6,8,32,0,46,1,0,5,0,6,7,8,37,0,52,6,1,7,59
05/19/2002,CSG,GA,ASO,ES,Combined TRACON& Tower with Radar,5,7,27,0,39,1,4,32,0,37,6,11,59,0,76,4,0,4,80
05/20/2002,CSG,GA,ASO,ES,Combined TRACON& Tower with Radar,7,6,44,0,57,0,0,47,0,47,7,6,91,0,104,58,0,58,162
05/21/2002,CSG,GA,ASO,ES,Combined TRACON& Tower with Radar,5,8,33,0,46,0,1,42,0,43,5,9,75,0,89,44,0,44,133
05/22/2002,CSG,GA,ASO,ES,Combined TRACON& Tower with Radar,4,13,49,0,66,0,1,31,2,34,4,14,80,2,100,70,0,70,170
05/23/2002,CSG,GA,ASO,ES,Combined TRACON& Tower with Radar,8,8,45,0,61,0,0,54,0,54,8,8,99,0,115,66,0,66,181
05/24/2002,CSG,GA,ASO,ES,Combined TRACON& Tower with Radar,7,11,44,0,62,0,0,53,0,53,7,11,97,0,115,10,8,18,133
05/25/2002,CSG,GA,ASO,ES,Combined TRACON& Tower with Radar,7,6,39,0,52,1,0,35,0,36,8,6,74,0,88,48,0,48,136
05/26/2002,CSG,GA,ASO,ES,Combined TRACON& Tower with Radar,4,6,22,0,32,5,1,28,0,34,9,7,50,0,66,46,0,46,112
05/27/2002,CSG,GA,ASO,ES,Combined TRACON& Tower with Radar,5,8,30,0,43,3,1,53,0,57,8,9,83,0,100,76,1,77,177
05/28/2002,CSG,GA,ASO,ES,Combined TRACON& Tower with Radar,2,9,35,0,46,0,7,28,0,35,2,16,63,0,81,10,0,10,91
05/29/2002,CSG,GA,ASO,ES,Combined TRACON& Tower with Radar,8,10,43,0,61,0,0,24,0,24,8,10,67,0,85,98,0,98,183
05/30/2002,CSG,GA,ASO,ES,Combined TRACON& Tower with Radar,8,10,45,0,63,0,0,21,0,21,8,10,66,0,84,54,0,54,138
05/31/2002,CSG,GA,ASO,ES,Combined TRACON& Tower with Radar,7,9,41,0,57,1,0,33,0,34,8,9,74,0,91,56,8,64,155
06/01/2002,CSG,GA,ASO,ES,Combined TRACON& Tower with Radar,5,7,27,0,39,3,0,39,8,50,8,7,66,8,89,84,0,84,173
06/02/2002,CSG,GA,ASO,ES,Combined TRACON& Tower with Radar,8,10,42,0,60,0,0,53,2,55,8,10,95,2,115,66,0,66,181
06/03/2002,CSG,GA,ASO,ES,Combined TRACON& Tower with Radar,3,7,30,0,40,0,5,31,2,38,3,12,61,2,78,78,0,78,156
06/04/2002,CSG,GA,ASO,ES,Combined TRACON& Tower with Radar,4,12,46,0,62,0,1,24,0,25,4,13,70,0,87,24,0,24,111
06/05/2002,CSG,GA,ASO,ES,Combined TRACON& Tower with Radar,8,8,39,0,55,0,0,20,0,20,8,8,59,0,75,40,0,40,115
06/06/2002,CSG,GA,ASO,ES,Combined TRACON& Tower with Radar,7,11,45,1,64,0,0,21,1,22,7,11,66,2,86,86,0,86,172
06/07/2002,CSG,GA,ASO,ES,Combined TRACON& Tower with Radar,7,6,41,0,54,0,0,23,2,25,7,6,64,2,79,90,0,90,169
06/08/2002,CSG,GA,ASO,ES,Combined TRACON& Tower with Radar,5,6,24,0,35,3,2,4,0,9,8,8,28,0,44,20,0,20,64
06/09/2002,CSG,GA,ASO,ES,Combined TRACON& Tower with Radar,6,7,34,1,48,0,0,53,1,54,6,7,87,2,102,44,0,44,146
06/10/2002,CSG,GA,ASO,ES,Combined TRACON& Tower with Radar,8,10,43,0,61,0,0,45,0,45,8,10,88,0,106,16,0,16,122
06/11/2002,CSG,GA,ASO,ES,Combined TRACON& Tower with Radar,7,8,39,0,54,0,0,37,0,37,7,8,76,0,91,24,0,24,115
06/12/2002,CSG,GA,ASO,ES,Combined TRACON& Tower with Radar,5,9,29,0,43,1,0,39,0,40,6,9,68,0,83,54,0,54,137
06/13/2002,CSG,GA,ASO,ES,Combined TRACON& Tower with Radar,8,8,44,0,60,1,0,30,0,31,9,8,74,0,91,70,0,70,161
06/14/2002,CSG,GA,ASO,ES,Combined TRACON& Tower with Radar,5,8,31,1,45,0,0,9,3,12,5,8,40,4,57,10,0,10,67
06/15/2002,CSG,GA,ASO,ES,Combined TRACON& Tower with Radar,6,9,30,1,46,2,0,52,0,54,8,9,82,1,100,92,0,92,192
06/16/2002,CSG,GA,ASO,ES,Combined TRACON& Tower with Radar,6,11,35,0,52,1,1,46,0,48,7,12,81,0,100,58,0,58,158
06/17/2002,CSG,GA,ASO,ES,Combined TRACON& Tower with Radar,5,9,30,0,44,1,0,37,0,38,6,9,67,0,82,94,0,94,176
06/18/2002,CSG,GA,ASO,ES,Combined TRACON& Tower with Radar,6,11,36,0,53,2,3,33,0,38,8,14,69,0,91,28,0,28,119
06/19/2002,CSG,GA,ASO,ES,Combined TRACON& Tower with Radar,8,11,44,0,63,3,0,15,0,18,11,11,59,0,81,22,0,22,103
06/20/2002,CSG,GA,ASO,ES,Combined TRACON& Tower with Radar,6,12,39,0,57,0,7,23,0,30,6,19,62,0,87,36,0,36,123
06/21/2002,CSG,GA,ASO,ES,Combined TRACON& Tower with Radar,9,9,54,0,72,0,0,30,0,30,9,9,84,0,102,4,0,4,106
06/22/2002,CSG,GA,ASO,ES,Combined TRACON& Tower with Radar,5,9,30,0,44,2,0,4,0,6,7,9,34,0,50,16,0,16,66
06/23/2002,CSG,GA,ASO,ES,Combined TRACON& Tower with Radar,6,11,35,0,52,2,1,17,0,20,8,12,52,0,72,0,0,0,72
06/24/2002,CSG,GA,ASO,ES,Combined TRACON& Tower with Radar,2,11,38,1,52,0,5,12,1,18,2,16,50,2,70,20,0,20,90
06/25/2002,CSG,GA,ASO,ES,Combined TRACON& Tower with Radar,4,8,26,1,39,1,2,6,8,17,5,10,32,9,56,30,0,30,86
06/26/2002,CSG,GA,ASO,ES,Combined TRACON& Tower with Radar,8,11,38,0,57,0,0,2,0,2,8,11,40,0,59,28,0,28,87
06/27/2002,CSG,GA,ASO,ES,Combined TRACON& Tower with Radar,5,10,33,1,49,0,0,33,0,33,5,10,66,1,82,26,0,26,108
06/28/2002,CSG,GA,ASO,ES,Combined TRACON& Tower with Radar,5,8,30,0,43,3,0,15,0,18,8,8,45,0,61,22,0,22,83
06/29/2002,CSG,GA,ASO,ES,Combined TRACON& Tower with Radar,4,6,23,0,33,4,5,18,0,27,8,11,41,0,60,90,0,90,150
06/30/2002,CSG,GA,ASO,ES,Combined TRACON& Tower with Radar,4,7,23,0,34,0,2,21,0,23,4,9,44,0,57,54,8,62,119
07/01/2002,CSG,GA,ASO,ES,Combined TRACON& Tower with Radar,5,7,33,0,45,0,6,41,0,47,5,13,74,0,92,40,0,40,132
07/02/2002,CSG,GA,ASO,ES,Combined TRACON& Tower with Radar,5,3,26,0,34,0,0,23,0,23,5,3,49,0,57,78,0,78,135
07/03/2002,CSG,GA,ASO,ES,Combined TRACON& Tower with Radar,6,10,50,0,66,0,0,27,0,27,6,10,77,0,93,120,0,120,213
07/04/2002,CSG,GA,ASO,ES,Combined TRACON& Tower with Radar,3,2,15,0,20,0,5,14,1,20,3,7,29,1,40,42,0,42,82
07/05/2002,CSG,GA,ASO,ES,Combined TRACON& Tower with Radar,4,6,24,0,34,0,10,33,0,43,4,16,57,0,77,74,0,74,151
07/06/2002,CSG,GA,ASO,ES,Combined TRACON& Tower with Radar,5,6,26,0,37,3,2,35,0,40,8,8,61,0,77,60,0,60,137
07/07/2002,CSG,GA,ASO,ES,Combined TRACON& Tower with Radar,6,9,37,0,52,0,1,31,0,32,6,10,68,0,84,23,0,23,107
07/08/2002,CSG,GA,ASO,ES,Combined TRACON& Tower with Radar,7,9,37,0,53,0,2,28,0,30,7,11,65,0,83,48,0,48,131
07/09/2002,CSG,GA,ASO,ES,Combined TRACON& Tower with Radar,8,13,49,1,71,0,1,43,0,44,8,14,92,1,115,72,0,72,187
07/10/2002,CSG,GA,ASO,ES,Combined TRACON& Tower with Radar,6,7,40,1,54,0,0,40,1,41,6,7,80,2,95,56,0,56,151
07/11/2002,CSG,GA,ASO,ES,Combined TRACON& Tower with Radar,6,8,34,0,48,0,0,10,0,10,6,8,44,0,58,30,0,30,88
07/12/2002,CSG,GA,ASO,ES,Combined TRACON& Tower with Radar,6,9,32,0,47,2,0,12,0,14,8,9,44,0,61,20,1,21,82
07/13/2002,CSG,GA,ASO,ES,Combined TRACON& Tower with Radar,4,7,22,0,33,4,1,0,0,5,8,8,22,0,38,0,0,0,38
07/14/2002,CSG,GA,ASO,ES,Combined TRACON& Tower with Radar,5,9,30,1,45,0,4,11,1,16,5,13,41,2,61,32,2,34,95
07/15/2002,CSG,GA,ASO,ES,Combined TRACON& Tower with Radar,6,6,32,0,44,1,0,20,0,21,7,6,52,0,65,80,8,88,153
07/16/2002,CSG,GA,ASO,ES,Combined TRACON& Tower with Radar,8,7,41,0,56,1,0,44,0,45,9,7,85,0,101,56,0,56,157
07/17/2002,CSG,GA,ASO,ES,Combined TRACON& Tower with Radar,6,10,53,1,70,0,0,41,1,42,6,10,94,2,112,54,0,54,166
07/18/2002,CSG,GA,ASO,ES,Combined TRACON& Tower with Radar,7,13,65,2,87,0,0,41,7,48,7,13,106,9,135,50,10,60,195
07/19/2002,CSG,GA,ASO,ES,Combined TRACON& Tower with Radar,6,8,34,1,49,0,0,46,1,47,6,8,80,2,96,26,0,26,122
07/20/2002,CSG,GA,ASO,ES,Combined TRACON& Tower with Radar,4,6,24,0,34,5,0,41,0,46,9,6,65,0,80,78,0,78,158
07/21/2002,CSG,GA,ASO,ES,Combined TRACON& Tower with Radar,5,9,31,0,45,2,3,31,0,36,7,12,62,0,81,60,0,60,141
07/22/2002,CSG,GA,ASO,ES,Combined TRACON& Tower with Radar,7,11,39,0,57,2,0,7,0,9,9,11,46,0,66,34,0,34,100
07/23/2002,CSG,GA,ASO,ES,Combined TRACON& Tower with Radar,9,13,49,1,72,0,0,7,0,7,9,13,56,1,79,14,0,14,93
07/24/2002,CSG,GA,ASO,ES,Combined TRACON& Tower with Radar,7,11,39,0,57,3,2,9,0,14,10,13,48,0,71,62,0,62,133
07/25/2002,CSG,GA,ASO,ES,Combined TRACON& Tower with Radar,6,11,38,0,55,0,5,7,0,12,6,16,45,0,67,32,0,32,99
07/26/2002,CSG,GA,ASO,ES,Combined TRACON& Tower with Radar,7,10,35,0,52,0,0,0,4,4,7,10,35,4,56,10,2,12,68
07/27/2002,CSG,GA,ASO,ES,Combined TRACON& Tower with Radar,4,7,26,0,37,2,2,39,0,43,6,9,65,0,80,54,0,54,134
07/28/2002,CSG,GA,ASO,ES,Combined TRACON& Tower with Radar,5,8,28,0,41,0,1,19,1,21,5,9,47,1,62,30,0,30,92
07/29/2002,CSG,GA,ASO,ES,Combined TRACON& Tower with Radar,5,9,32,0,46,3,0,4,4,11,8,9,36,4,57,8,0,8,65
07/30/2002,CSG,GA,ASO,ES,Combined TRACON& Tower with Radar,6,7,52,0,65,0,0,35,2,37,6,7,87,2,102,16,0,16,118
07/31/2002,CSG,GA,ASO,ES,Combined TRACON& Tower with Radar,7,7,38,0,52,1,0,25,0,26,8,7,63,0,78,16,0,16,94
08/01/2002,CSG,GA,ASO,ES,Combined TRACON& Tower with Radar,8,11,45,0,64,0,0,50,0,50,8,11,95,0,114,4,0,4,118
08/02/2002,CSG,GA,ASO,ES,Combined TRACON& Tower with Radar,7,11,34,0,52,0,0,35,0,35,7,11,69,0,87,14,0,14,101
08/03/2002,CSG,GA,ASO,ES,Combined TRACON& Tower with Radar,8,7,34,0,49,1,0,60,0,61,9,7,94,0,110,84,0,84,194
08/04/2002,CSG,GA,ASO,ES,Combined TRACON& Tower with Radar,7,10,32,0,49,0,0,34,0,34,7,10,66,0,83,60,0,60,143
08/05/2002,CSG,GA,ASO,ES,Combined TRACON& Tower with Radar,4,6,22,0,32,0,2,22,0,24,4,8,44,0,56,14,0,14,70
08/06/2002,CSG,GA,ASO,ES,Combined TRACON& Tower with Radar,5,8,27,0,40,0,3,32,0,35,5,11,59,0,75,18,0,18,93
08/07/2002,CSG,GA,ASO,ES,Combined TRACON& Tower with Radar,7,11,36,0,54,0,3,7,0,10,7,14,43,0,64,16,0,16,80
08/08/2002,CSG,GA,ASO,ES,Combined TRACON& Tower with Radar,7,16,71,0,94,0,0,0,0,0,7,16,71,0,94,44,4,48,142
08/09/2002,CSG,GA,ASO,ES,Combined TRACON& Tower with Radar,8,10,49,0,67,0,0,54,0,54,8,10,103,0,121,32,0,32,153
08/10/2002,CSG,GA,ASO,ES,Combined TRACON& Tower with Radar,4,6,20,0,30,4,2,49,0,55,8,8,69,0,85,32,0,32,117
08/11/2002,CSG,GA,ASO,ES,Combined TRACON& Tower with Radar,4,6,19,0,29,3,1,33,0,37,7,7,52,0,66,12,0,12,78
08/12/2002,CSG,GA,ASO,ES,Combined TRACON& Tower with Radar,8,10,39,1,58,0,0,42,7,49,8,10,81,8,107,36,4,40,147
08/13/2002,CSG,GA,ASO,ES,Combined TRACON& Tower with Radar,5,11,36,0,52,0,0,18,0,18,5,11,54,0,70,4,0,4,74
08/14/2002,CSG,GA,ASO,ES,Combined TRACON& Tower with Radar,4,8,25,0,37,0,4,1,0,5,4,12,26,0,42,28,0,28,70
08/15/2002,CSG,GA,ASO,ES,Combined TRACON& Tower with Radar,8,8,42,0,58,0,0,25,0,25,8,8,67,0,83,10,0,10,93
08/16/2002,CSG,GA,ASO,ES,Combined TRACON& Tower with Radar,4,8,21,0,33,1,0,21,0,22,5,8,42,0,55,0,0,0,55
08/17/2002,CSG,GA,ASO,ES,Combined TRACON& Tower with Radar,5,7,25,1,38,3,0,35,3,41,8,7,60,4,79,10,0,10,89
08/18/2002,CSG,GA,ASO,ES,Combined TRACON& Tower with Radar,6,7,27,1,41,1,0,18,1,20,7,7,45,2,61,8,0,8,69
08/19/2002,CSG,GA,ASO,ES,Combined TRACON& Tower with Radar,4,8,23,0,35,4,2,11,0,17,8,10,34,0,52,8,0,8,60
08/20/2002,CSG,GA,ASO,ES,Combined TRACON& Tower with Radar,5,10,30,1,46,0,1,20,1,22,5,11,50,2,68,14,0,14,82
08/21/2002,CSG,GA,ASO,ES,Combined TRACON& Tower with Radar,8,11,42,0,61,0,0,18,0,18,8,11,60,0,79,0,0,0,79
08/22/2002,CSG,GA,ASO,ES,Combined TRACON& Tower with Radar,7,9,34,1,51,1,0,33,3,37,8,9,67,4,88,80,0,80,168
08/23/2002,CSG,GA,ASO,ES,Combined TRACON& Tower with Radar,6,10,32,0,48,1,0,35,0,36,7,10,67,0,84,14,0,14,98
08/24/2002,CSG,GA,ASO,ES,Combined TRACON& Tower with Radar,3,7,18,0,28,5,0,57,0,62,8,7,75,0,90,36,0,36,126
08/25/2002,CSG,GA,ASO,ES,Combined TRACON& Tower with Radar,7,7,37,0,51,1,0,36,0,37,8,7,73,0,88,18,0,18,106
08/26/2002,CSG,GA,ASO,ES,Combined TRACON& Tower with Radar,6,6,29,0,41,3,0,19,0,22,9,6,48,0,63,74,0,74,137
08/27/2002,CSG,GA,ASO,ES,Combined TRACON& Tower with Radar,7,8,35,0,50,1,0,13,0,14,8,8,48,0,64,24,0,24,88
08/28/2002,CSG,GA,ASO,ES,Combined TRACON& Tower with Radar,8,7,43,2,60,0,0,28,0,28,8,7,71,2,88,60,0,60,148
08/29/2002,CSG,GA,ASO,ES,Combined TRACON& Tower with Radar,7,12,39,1,59,1,0,13,0,14,8,12,52,1,73,24,0,24,97
08/30/2002,CSG,GA,ASO,ES,Combined TRACON& Tower with Radar,6,7,52,0,65,0,0,37,0,37,6,7,89,0,102,18,0,18,120
08/31/2002,CSG,GA,ASO,ES,Combined TRACON& Tower with Radar,5,8,25,0,38,1,0,9,0,10,6,8,34,0,48,52,0,52,100
09/01/2002,CSG,GA,ASO,ES,Combined TRACON& Tower with Radar,5,5,31,0,41,0,0,14,0,14,5,5,45,0,55,28,0,28,83
09/02/2002,CSG,GA,ASO,ES,Combined TRACON& Tower with Radar,4,6,31,0,41,0,2,31,0,33,4,8,62,0,74,34,0,34,108
09/03/2002,CSG,GA,ASO,ES,Combined TRACON& Tower with Radar,6,9,45,1,61,0,4,19,1,24,6,13,64,2,85,16,0,16,101
09/04/2002,CSG,GA,ASO,ES,Combined TRACON& Tower with Radar,8,10,48,1,67,0,4,28,0,32,8,14,76,1,99,34,0,34,133
09/05/2002,CSG,GA,ASO,ES,Combined TRACON& Tower with Radar,6,7,47,1,61,0,0,28,5,33,6,7,75,6,94,18,6,24,118
09/06/2002,CSG,GA,ASO,ES,Combined TRACON& Tower with Radar,6,7,32,0,45,1,2,18,0,21,7,9,50,0,66,96,0,96,162
09/07/2002,CSG,GA,ASO,ES,Combined TRACON& Tower with Radar,6,7,30,0,43,0,0,39,0,39,6,7,69,0,82,52,0,52,134
09/08/2002,CSG,GA,ASO,ES,Combined TRACON& Tower with Radar,8,9,45,0,62,1,1,40,0,42,9,10,85,0,104,36,0,36,140
09/09/2002,CSG,GA,ASO,ES,Combined TRACON& Tower with Radar,5,6,26,1,38,0,0,32,1,33,5,6,58,2,71,32,0,32,103
09/10/2002,CSG,GA,ASO,ES,Combined TRACON& Tower with Radar,3,8,31,1,43,0,3,43,2,48,3,11,74,3,91,24,0,24,115
09/11/2002,CSG,GA,ASO,ES,Combined TRACON& Tower with Radar,3,7,26,0,36,0,3,36,0,39,3,10,62,0,75,40,0,40,115
09/12/2002,CSG,GA,ASO,ES,Combined TRACON& Tower with Radar,2,9,41,2,54,0,0,22,5,27,2,9,63,7,81,66,2,68,149
09/13/2002,CSG,GA,ASO,ES,Combined TRACON& Tower with Radar,8,10,44,1,63,0,110,1,0,111,8,120,45,1,174,0,0,0,174
09/14/2002,CSG,GA,ASO,ES,Combined TRACON& Tower with Radar,3,4,13,0,20,4,2,0,0,6,7,6,13,0,26,4,0,4,30
09/15/2002,CSG,GA,ASO,ES,Combined TRACON& Tower with Radar,4,7,26,0,37,0,3,3,0,6,4,10,29,0,43,4,0,4,47
09/16/2002,CSG,GA,ASO,ES,Combined TRACON& Tower with Radar,8,12,46,2,68,3,0,16,3,22,11,12,62,5,90,44,4,48,138
09/17/2002,CSG,GA,ASO,ES,Combined TRACON& Tower with Radar,5,6,26,1,38,1,0,25,1,27,6,6,51,2,65,44,0,44,109
09/18/2002,CSG,GA,ASO,ES,Combined TRACON& Tower with Radar,8,9,46,2,65,1,0,17,0,18,9,9,63,2,83,10,0,10,93
09/19/2002,CSG,GA,ASO,ES,Combined TRACON& Tower with Radar,7,7,41,0,55,0,0,8,0,8,7,7,49,0,63,12,10,22,85
09/20/2002,CSG,GA,ASO,ES,Combined TRACON& Tower with Radar,7,10,42,0,59,1,0,17,0,18,8,10,59,0,77,60,0,60,137
09/21/2002,CSG,GA,ASO,ES,Combined TRACON& Tower with Radar,4,5,22,1,32,2,4,10,0,16,6,9,32,1,48,47,1,48,96
09/22/2002,CSG,GA,ASO,ES,Combined TRACON& Tower with Radar,5,7,27,1,40,1,1,15,1,18,6,8,42,2,58,16,0,16,74
09/23/2002,CSG,GA,ASO,ES,Combined TRACON& Tower with Radar,8,10,50,1,69,2,0,11,2,15,10,10,61,3,84,66,4,70,154
09/24/2002,CSG,GA,ASO,ES,Combined TRACON& Tower with Radar,8,7,47,1,63,1,0,14,12,27,9,7,61,13,90,16,12,28,118
09/25/2002,CSG,GA,ASO,ES,Combined TRACON& Tower with Radar,5,6,22,0,33,3,0,0,6,9,8,6,22,6,42,0,0,0,42
09/26/2002,CSG,GA,ASO,ES,Combined TRACON& Tower with Radar,5,7,28,0,40,1,0,0,0,1,6,7,28,0,41,0,0,0,41
09/27/2002,CSG,GA,ASO,ES,Combined TRACON& Tower with Radar,6,10,43,0,59,0,0,3,0,3,6,10,46,0,62,0,8,8,70
09/28/2002,CSG,GA,ASO,ES,Combined TRACON& Tower with Radar,6,7,32,0,45,1,0,34,0,35,7,7,66,0,80,56,0,56,136
09/29/2002,CSG,GA,ASO,ES,Combined TRACON& Tower with Radar,6,5,36,0,47,3,0,33,0,36,9,5,69,0,83,30,0,30,113
09/30/2002,CSG,GA,ASO,ES,Combined TRACON& Tower with Radar,5,7,39,0,51,0,0,28,0,28,5,7,67,0,79,82,0,82,161
10/01/2002,CSG,GA,ASO,ES,Combined TRACON& Tower with Radar,8,11,51,1,71,0,6,18,7,31,8,17,69,8,102,26,0,26,128
10/02/2002,CSG,GA,ASO,ES,Combined TRACON& Tower with Radar,7,10,47,0,64,1,1,38,0,40,8,11,85,0,104,14,0,14,118
10/03/2002,CSG,GA,ASO,ES,Combined TRACON& Tower with Radar,7,8,47,1,63,1,0,49,1,51,8,8,96,2,114,66,10,76,190
10/04/2002,CSG,GA,ASO,ES,Combined TRACON& Tower with Radar,6,9,41,1,57,2,0,11,1,14,8,9,52,2,71,14,0,14,85
10/05/2002,CSG,GA,ASO,ES,Combined TRACON& Tower with Radar,5,6,30,1,42,2,6,21,1,30,7,12,51,2,72,22,0,22,94
10/06/2002,CSG,GA,ASO,ES,Combined TRACON& Tower with Radar,4,8,40,0,52,0,0,43,0,43,4,8,83,0,95,8,0,8,103
10/07/2002,CSG,GA,ASO,ES,Combined TRACON& Tower with Radar,5,6,28,0,39,1,2,4,0,7,6,8,32,0,46,14,9,23,69
10/08/2002,CSG,GA,ASO,ES,Combined TRACON& Tower with Radar,5,7,35,1,48,1,1,33,3,38,6,8,68,4,86,61,4,65,151
10/09/2002,CSG,GA,ASO,ES,Combined TRACON& Tower with Radar,6,4,42,1,53,3,0,6,5,14,9,4,48,6,67,0,0,0,67
10/10/2002,CSG,GA,ASO,ES,Combined TRACON& Tower with Radar,7,8,48,1,64,0,0,6,0,6,7,8,54,1,70,4,0,4,74
10/11/2002,CSG,GA,ASO,ES,Combined TRACON& Tower with Radar,7,12,52,0,71,0,0,9,0,9,7,12,61,0,80,26,0,26,106
10/12/2002,CSG,GA,ASO,ES,Combined TRACON& Tower with Radar,5,9,38,0,52,0,4,26,0,30,5,13,64,0,82,52,0,52,134
10/13/2002,CSG,GA,ASO,ES,Combined TRACON& Tower with Radar,4,6,26,0,36,4,5,4,0,13,8,11,30,0,49,4,0,4,53
10/14/2002,CSG,GA,ASO,ES,Combined TRACON& Tower with Radar,4,10,41,1,56,0,4,0,0,4,4,14,41,1,60,0,0,0,60
10/15/2002,CSG,GA,ASO,ES,Combined TRACON& Tower with Radar,6,5,43,0,54,0,0,7,0,7,6,5,50,0,61,0,0,0,61
10/16/2002,CSG,GA,ASO,ES,Combined TRACON& Tower with Radar,5,14,71,1,91,0,0,37,0,37,5,14,108,1,128,32,2,34,162
10/17/2002,CSG,GA,ASO,ES,Combined TRACON& Tower with Radar,3,9,44,0,56,0,0,68,0,68,3,9,112,0,124,54,0,54,178
10/18/2002,CSG,GA,ASO,ES,Combined TRACON& Tower with Radar,7,7,50,2,66,3,0,55,2,60,10,7,105,4,126,66,0,66,192
10/19/2002,CSG,GA,ASO,ES,Combined TRACON& Tower with Radar,3,5,22,1,31,1,4,45,5,55,4,9,67,6,86,34,14,48,134
10/20/2002,CSG,GA,ASO,ES,Combined TRACON& Tower with Radar,6,9,41,0,56,1,0,16,0,17,7,9,57,0,73,8,0,8,81
10/21/2002,CSG,GA,ASO,ES,Combined TRACON& Tower with Radar,0,10,41,0,51,0,3,21,0,24,0,13,62,0,75,68,2,70,145
10/22/2002,CSG,GA,ASO,ES,Combined TRACON& Tower with Radar,5,7,39,0,51,1,0,25,0,26,6,7,64,0,77,26,0,26,103
10/23/2002,CSG,GA,ASO,ES,Combined TRACON& Tower with Radar,4,8,32,1,45,2,1,0,0,3,6,9,32,1,48,6,0,6,54
10/24/2002,CSG,GA,ASO,ES,Combined TRACON& Tower with Radar,6,5,55,3,69,0,0,0,13,13,6,5,55,16,82,10,6,16,98
10/25/2002,CSG,GA,ASO,ES,Combined TRACON& Tower with Radar,7,11,42,0,60,2,6,0,0,8,9,17,42,0,68,0,0,0,68
10/26/2002,CSG,GA,ASO,ES,Combined TRACON& Tower with Radar,4,7,24,0,35,3,7,0,0,10,7,14,24,0,45,6,0,6,51
10/27/2002,CSG,GA,ASO,ES,Combined TRACON& Tower with Radar,5,9,34,2,50,1,2,0,1,4,6,11,34,3,54,0,0,0,54
10/28/2002,CSG,GA,ASO,ES,Combined TRACON& Tower with Radar,5,8,37,1,51,3,0,0,3,6,8,8,37,4,57,0,0,0,57
10/29/2002,CSG,GA,ASO,ES,Combined TRACON& Tower with Radar,5,7,39,1,52,2,0,2,0,4,7,7,41,1,56,0,0,0,56
10/30/2002,CSG,GA,ASO,ES,Combined TRACON& Tower with Radar,3,13,57,0,73,0,0,30,0,30,3,13,87,0,103,34,0,34,137
10/31/2002,CSG,GA,ASO,ES,Combined TRACON& Tower with Radar,3,13,59,0,75,0,0,67,0,67,3,13,126,0,142,18,0,18,160
11/01/2002,CSG,GA,ASO,ES,Combined TRACON& Tower with Radar,1,12,40,0,53,0,3,35,2,40,1,15,75,2,93,65,16,81,174
11/02/2002,CSG,GA,ASO,ES,Combined TRACON& Tower with Radar,2,8,35,0,45,0,0,50,0,50,2,8,85,0,95,69,0,69,164
11/03/2002,CSG,GA,ASO,ES,Combined TRACON& Tower with Radar,7,9,40,0,56,1,0,28,0,29,8,9,68,0,85,10,0,10,95
11/04/2002,CSG,GA,ASO,ES,Combined TRACON& Tower with Radar,7,12,45,0,64,1,0,1,0,2,8,12,46,0,66,0,0,0,66
11/05/2002,CSG,GA,ASO,ES,Combined TRACON& Tower with Radar,4,6,19,0,29,0,3,0,0,3,4,9,19,0,32,0,0,0,32
11/06/2002,CSG,GA,ASO,ES,Combined TRACON& Tower with Radar,6,11,44,2,63,2,0,10,5,17,8,11,54,7,80,8,0,8,88
11/07/2002,CSG,GA,ASO,ES,Combined TRACON& Tower with Radar,4,8,33,0,45,0,0,41,0,41,4,8,74,0,86,14,0,14,100
11/08/2002,CSG,GA,ASO,ES,Combined TRACON& Tower with Radar,2,12,47,0,61,0,0,43,0,43,2,12,90,0,104,48,6,54,158
11/09/2002,CSG,GA,ASO,ES,Combined TRACON& Tower with Radar,5,10,35,0,50,0,1,44,0,45,5,11,79,0,95,34,8,42,137
11/10/2002,CSG,GA,ASO,ES,Combined TRACON& Tower with Radar,4,8,28,0,40,3,0,3,0,6,7,8,31,0,46,14,0,14,60
11/11/2002,CSG,GA,ASO,ES,Combined TRACON& Tower with Radar,3,7,18,0,28,1,2,0,0,3,4,9,18,0,31,0,0,0,31
11/12/2002,CSG,GA,ASO,ES,Combined TRACON& Tower with Radar,8,6,37,0,51,0,0,0,0,0,8,6,37,0,51,10,0,10,61
11/13/2002,CSG,GA,ASO,ES,Combined TRACON& Tower with Radar,6,8,39,1,54,2,0,32,5,39,8,8,71,6,93,32,8,40,133
11/14/2002,CSG,GA,ASO,ES,Combined TRACON& Tower with Radar,6,10,45,1,62,0,0,67,0,67,6,10,112,1,129,60,0,60,189
11/15/2002,CSG,GA,ASO,ES,Combined TRACON& Tower with Radar,5,13,40,0,58,2,8,16,0,26,7,21,56,0,84,14,2,16,100
11/16/2002,CSG,GA,ASO,ES,Combined TRACON& Tower with Radar,3,7,18,1,29,3,3,0,2,8,6,10,18,3,37,0,3,3,40
11/17/2002,CSG,GA,ASO,ES,Combined TRACON& Tower with Radar,6,8,35,1,50,2,0,19,0,21,8,8,54,1,71,8,1,9,80
11/18/2002,CSG,GA,ASO,ES,Combined TRACON& Tower with Radar,4,6,28,0,38,2,0,60,0,62,6,6,88,0,100,64,10,74,174
11/19/2002,CSG,GA,ASO,ES,Combined TRACON& Tower with Radar,6,10,44,2,62,3,0,13,0,16,9,10,57,2,78,28,0,28,106
11/20/2002,CSG,GA,ASO,ES,Combined TRACON& Tower with Radar,6,8,38,1,53,0,0,13,1,14,6,8,51,2,67,34,2,36,103
11/21/2002,CSG,GA,ASO,ES,Combined TRACON& Tower with Radar,6,9,44,2,61,0,0,25,0,25,6,9,69,2,86,42,4,46,132
11/22/2002,CSG,GA,ASO,ES,Combined TRACON& Tower with Radar,6,6,67,0,79,0,0,43,0,43,6,6,110,0,122,14,0,14,136
11/23/2002,CSG,GA,ASO,ES,Combined TRACON& Tower with Radar,5,11,40,0,56,1,0,61,0,62,6,11,101,0,118,38,0,38,156
11/24/2002,CSG,GA,ASO,ES,Combined TRACON& Tower with Radar,3,5,26,0,34,6,0,50,0,56,9,5,76,0,90,64,0,64,154
11/25/2002,CSG,GA,ASO,ES,Combined TRACON& Tower with Radar,4,6,32,0,42,0,0,34,6,40,4,6,66,6,82,42,2,44,126
11/26/2002,CSG,GA,ASO,ES,Combined TRACON& Tower with Radar,7,11,51,1,70,1,0,47,3,51,8,11,98,4,121,56,0,56,177
11/27/2002,CSG,GA,ASO,ES,Combined TRACON& Tower with Radar,8,15,57,0,80,0,0,36,0,36,8,15,93,0,116,18,0,18,134
11/28/2002,CSG,GA,ASO,ES,Combined TRACON& Tower with Radar,2,4,13,0,19,2,6,12,0,20,4,10,25,0,39,6,0,6,45
11/29/2002,CSG,GA,ASO,ES,Combined TRACON& Tower with Radar,3,6,22,0,31,3,2,18,0,23,6,8,40,0,54,64,0,64,118
11/30/2002,CSG,GA,ASO,ES,Combined TRACON& Tower with Radar,4,9,29,0,42,2,2,23,0,27,6,11,52,0,69,2,0,2,71
12/01/2002,CSG,GA,ASO,ES,Combined TRACON& Tower with Radar,5,7,37,0,49,0,0,63,1,64,5,7,100,1,113,42,0,42,155
12/02/2002,CSG,GA,ASO,ES,Combined TRACON& Tower with Radar,2,8,35,0,45,0,2,21,4,27,2,10,56,4,72,15,0,15,87
12/03/2002,CSG,GA,ASO,ES,Combined TRACON& Tower with Radar,6,7,33,0,46,0,3,35,2,40,6,10,68,2,86,77,0,77,163
12/04/2002,CSG,GA,ASO,ES,Combined TRACON& Tower with Radar,5,7,24,0,36,0,3,0,0,3,5,10,24,0,39,16,0,16,55
12/05/2002,CSG,GA,ASO,ES,Combined TRACON& Tower with Radar,4,7,31,0,42,0,0,4,0,4,4,7,35,0,46,0,0,0,46
12/06/2002,CSG,GA,ASO,ES,Combined TRACON& Tower with Radar,7,9,39,0,55,1,0,17,0,18,8,9,56,0,73,32,0,32,105
12/07/2002,CSG,GA,ASO,ES,Combined TRACON& Tower with Radar,5,7,27,1,40,1,2,41,1,45,6,9,68,2,85,42,0,42,127
12/08/2002,CSG,GA,ASO,ES,Combined TRACON& Tower with Radar,4,6,26,1,37,4,0,28,1,33,8,6,54,2,70,26,0,26,96
12/09/2002,CSG,GA,ASO,ES,Combined TRACON& Tower with Radar,5,7,28,1,41,3,1,4,19,27,8,8,32,20,68,34,0,34,102
12/10/2002,CSG,GA,ASO,ES,Combined TRACON& Tower with Radar,7,9,31,0,47,1,3,0,0,4,8,12,31,0,51,0,0,0,51
12/11/2002,CSG,GA,ASO,ES,Combined TRACON& Tower with Radar,4,8,39,1,52,0,0,6,1,7,4,8,45,2,59,0,0,0,59
12/12/2002,CSG,GA,ASO,ES,Combined TRACON& Tower with Radar,7,8,36,0,51,0,0,7,0,7,7,8,43,0,58,0,0,0,58
12/13/2002,CSG,GA,ASO,ES,Combined TRACON& Tower with Radar,4,6,18,1,29,0,2,0,0,2,4,8,18,1,31,0,0,0,31
12/14/2002,CSG,GA,ASO,ES,Combined TRACON& Tower with Radar,4,6,20,0,30,2,3,1,0,6,6,9,21,0,36,0,0,0,36
12/15/2002,CSG,GA,ASO,ES,Combined TRACON& Tower with Radar,7,5,36,0,48,5,0,68,0,73,12,5,104,0,121,6,0,6,127
12/16/2002,CSG,GA,ASO,ES,Combined TRACON& Tower with Radar,8,6,40,0,54,0,0,43,0,43,8,6,83,0,97,58,12,70,167
12/17/2002,CSG,GA,ASO,ES,Combined TRACON& Tower with Radar,6,8,42,0,56,0,0,30,0,30,6,8,72,0,86,92,0,92,178
12/18/2002,CSG,GA,ASO,ES,Combined TRACON& Tower with Radar,8,12,44,1,65,0,0,19,3,22,8,12,63,4,87,40,0,40,127
12/19/2002,CSG,GA,ASO,ES,Combined TRACON& Tower with Radar,5,11,36,0,52,0,4,1,0,5,5,15,37,0,57,12,0,12,69
12/20/2002,CSG,GA,ASO,ES,Combined TRACON& Tower with Radar,7,7,36,0,50,2,0,22,0,24,9,7,58,0,74,14,0,14,88
12/21/2002,CSG,GA,ASO,ES,Combined TRACON& Tower with Radar,5,8,28,1,42,3,0,52,3,58,8,8,80,4,100,72,0,72,172
12/22/2002,CSG,GA,ASO,ES,Combined TRACON& Tower with Radar,4,8,25,0,37,3,0,29,0,32,7,8,54,0,69,28,0,28,97
12/23/2002,CSG,GA,ASO,ES,Combined TRACON& Tower with Radar,5,9,30,0,44,3,3,33,0,39,8,12,63,0,83,27,0,27,110
12/24/2002,CSG,GA,ASO,ES,Combined TRACON& Tower with Radar,2,3,12,0,17,2,5,0,0,7,4,8,12,0,24,4,0,4,28
12/25/2002,CSG,GA,ASO,ES,Combined TRACON& Tower with Radar,2,5,14,0,21,2,2,0,0,4,4,7,14,0,25,0,0,0,25
12/26/2002,CSG,GA,ASO,ES,Combined TRACON& Tower with Radar,3,8,27,0,38,0,0,17,0,17,3,8,44,0,55,16,6,22,77
12/27/2002,CSG,GA,ASO,ES,Combined TRACON& Tower with Radar,5,10,35,0,50,0,2,27,0,29,5,12,62,0,79,34,0,34,113
12/28/2002,CSG,GA,ASO,ES,Combined TRACON& Tower with Radar,6,9,35,0,50,0,0,55,0,55,6,9,90,0,105,28,0,28,133
12/29/2002,CSG,GA,ASO,ES,Combined TRACON& Tower with Radar,4,6,25,0,35,4,0,49,0,53,8,6,74,0,88,22,0,22,110
12/30/2002,CSG,GA,ASO,ES,Combined TRACON& Tower with Radar,5,9,31,0,45,0,4,33,0,37,5,13,64,0,82,40,10,50,132
12/31/2002,CSG,GA,ASO,ES,Combined TRACON& Tower with Radar,3,6,16,0,25,2,3,0,0,5,5,9,16,0,30,4,0,4,34
01/01/2003,CSG,GA,ASO,ES,Combined TRACON& Tower with Radar,4,6,24,0,34,0,0,5,0,5,4,6,29,0,39,0,0,0,39
01/02/2003,CSG,GA,ASO,ES,Combined TRACON& Tower with Radar,4,6,38,0,48,0,0,24,0,24,4,6,62,0,72,42,0,42,114
01/03/2003,CSG,GA,ASO,ES,Combined TRACON& Tower with Radar,2,8,31,1,42,0,1,15,1,17,2,9,46,2,59,20,1,21,80
01/04/2003,CSG,GA,ASO,ES,Combined TRACON& Tower with Radar,8,9,37,1,55,0,3,39,0,42,8,12,76,1,97,58,0,58,155
01/05/2003,CSG,GA,ASO,ES,Combined TRACON& Tower with Radar,7,8,31,0,46,0,5,31,0,36,7,13,62,0,82,46,0,46,128
01/06/2003,CSG,GA,ASO,ES,Combined TRACON& Tower with Radar,3,7,28,1,39,0,2,23,3,28,3,9,51,4,67,36,2,38,105
01/07/2003,CSG,GA,ASO,ES,Combined TRACON& Tower with Radar,10,10,40,0,60,0,0,26,0,26,10,10,66,0,86,24,0,24,110
01/08/2003,CSG,GA,ASO,ES,Combined TRACON& Tower with Radar,6,7,29,1,43,0,5,16,1,22,6,12,45,2,65,6,2,8,73
01/09/2003,CSG,GA,ASO,ES,Combined TRACON& Tower with Radar,8,8,29,0,45,0,4,23,0,27,8,12,52,0,72,22,0,22,94
01/10/2003,CSG,GA,ASO,ES,Combined TRACON& Tower with Radar,6,11,40,1,58,0,0,20,5,25,6,11,60,6,83,12,0,12,95
01/11/2003,CSG,GA,ASO,ES,Combined TRACON& Tower with Radar,5,7,23,0,35,1,2,38,0,41,6,9,61,0,76,32,0,32,108
01/12/2003,CSG,GA,ASO,ES,Combined TRACON& Tower with Radar,8,16,53,0,77,0,7,0,0,7,8,23,53,0,84,38,0,38,122
01/13/2003,CSG,GA,ASO,ES,Combined TRACON& Tower with Radar,6,6,30,0,42,2,0,20,0,22,8,6,50,0,64,59,0,59,123
01/14/2003,CSG,GA,ASO,ES,Combined TRACON& Tower with Radar,6,11,39,1,57,0,0,55,3,58,6,11,94,4,115,130,0,130,245
01/15/2003,CSG,GA,ASO,ES,Combined TRACON& Tower with Radar,8,10,32,0,50,0,0,39,0,39,8,10,71,0,89,41,0,41,130
01/16/2003,CSG,GA,ASO,ES,Combined TRACON& Tower with Radar,6,9,28,0,43,0,0,10,0,10,6,9,38,0,53,28,0,28,81
01/17/2003,CSG,GA,ASO,ES,Combined TRACON& Tower with Radar,6,10,30,0,46,0,0,17,0,17,6,10,47,0,63,34,0,34,97
01/18/2003,CSG,GA,ASO,ES,Combined TRACON& Tower with Radar,4,7,21,0,32,2,3,33,0,38,6,10,54,0,70,60,0,60,130
01/19/2003,CSG,GA,ASO,ES,Combined TRACON& Tower with Radar,7,9,34,0,50,1,0,44,0,45,8,9,78,0,95,47,0,47,142
01/20/2003,CSG,GA,ASO,ES,Combined TRACON& Tower with Radar,8,9,38,0,55,0,0,28,0,28,8,9,66,0,83,56,0,56,139
01/21/2003,CSG,GA,ASO,ES,Combined TRACON& Tower with Radar,8,11,35,0,54,2,1,8,0,11,10,12,43,0,65,20,0,20,85
01/22/2003,CSG,GA,ASO,ES,Combined TRACON& Tower with Radar,4,13,40,0,57,0,5,1,0,6,4,18,41,0,63,0,0,0,63
01/23/2003,CSG,GA,ASO,ES,Combined TRACON& Tower with Radar,6,9,30,0,45,4,0,10,0,14,10,9,40,0,59,20,0,20,79
01/24/2003,CSG,GA,ASO,ES,Combined TRACON& Tower with Radar,6,9,29,0,44,0,3,24,0,27,6,12,53,0,71,26,2,28,99
01/25/2003,CSG,GA,ASO,ES,Combined TRACON& Tower with Radar,4,6,20,0,30,2,3,27,0,32,6,9,47,0,62,26,0,26,88
01/26/2003,CSG,GA,ASO,ES,Combined TRACON& Tower with Radar,6,7,28,0,41,2,0,20,0,22,8,7,48,0,63,62,0,62,125
01/27/2003,CSG,GA,ASO,ES,Combined TRACON& Tower with Radar,7,9,35,0,51,1,0,26,0,27,8,9,61,0,78,12,0,12,90
01/28/2003,CSG,GA,ASO,ES,Combined TRACON& Tower with Radar,6,8,33,0,47,0,0,30,0,30,6,8,63,0,77,32,0,32,109
01/29/2003,CSG,GA,ASO,ES,Combined TRACON& Tower with Radar,5,10,33,0,48,0,1,15,2,18,5,11,48,2,66,46,0,46,112
01/30/2003,CSG,GA,ASO,ES,Combined TRACON& Tower with Radar,5,12,38,0,55,0,1,1,2,4,5,13,39,2,59,0,0,0,59
01/31/2003,CSG,GA,ASO,ES,Combined TRACON& Tower with Radar,6,11,40,0,57,0,0,19,9,28,6,11,59,9,85,22,0,22,107
02/01/2003,CSG,GA,ASO,ES,Combined TRACON& Tower with Radar,9,6,49,0,64,3,0,47,15,65,12,6,96,15,129,117,0,117,246
02/02/2003,CSG,GA,ASO,ES,Combined TRACON& Tower with Radar,5,4,28,0,37,3,5,49,0,57,8,9,77,0,94,35,0,35,129
02/03/2003,CSG,GA,ASO,ES,Combined TRACON& Tower with Radar,5,4,32,0,41,0,11,0,0,11,5,15,32,0,52,42,0,42,94
02/04/2003,CSG,GA,ASO,ES,Combined TRACON& Tower with Radar,8,6,46,0,60,0,4,13,0,17,8,10,59,0,77,34,0,34,111
02/05/2003,CSG,GA,ASO,ES,Combined TRACON& Tower with Radar,7,5,39,0,51,1,2,19,0,22,8,7,58,0,73,40,0,40,113
02/06/2003,CSG,GA,ASO,ES,Combined TRACON& Tower with Radar,7,5,35,0,47,0,2,0,2,4,7,7,35,2,51,0,0,0,51
02/07/2003,CSG,GA,ASO,ES,Combined TRACON& Tower with Radar,6,4,30,0,40,1,3,0,0,4,7,7,30,0,44,0,0,0,44
02/08/2003,CSG,GA,ASO,ES,Combined TRACON& Tower with Radar,8,4,39,0,51,0,0,50,0,50,8,4,89,0,101,68,0,68,169
02/09/2003,CSG,GA,ASO,ES,Combined TRACON& Tower with Radar,8,4,37,0,49,0,0,21,0,21,8,4,58,0,70,42,0,42,112
02/10/2003,CSG,GA,ASO,ES,Combined TRACON& Tower with Radar,3,4,41,0,48,0,1,20,0,21,3,5,61,0,69,2,0,2,71
02/11/2003,CSG,GA,ASO,ES,Combined TRACON& Tower with Radar,7,4,41,0,52,0,0,32,0,32,7,4,73,0,84,40,0,40,124
02/12/2003,CSG,GA,ASO,ES,Combined TRACON& Tower with Radar,5,2,56,0,63,0,0,43,0,43,5,2,99,0,106,44,0,44,150
02/13/2003,CSG,GA,ASO,ES,Combined TRACON& Tower with Radar,6,3,28,0,37,2,1,26,0,29,8,4,54,0,66,28,0,28,94
02/14/2003,CSG,GA,ASO,ES,Combined TRACON& Tower with Radar,8,2,44,0,54,0,0,29,0,29,8,2,73,0,83,12,0,12,95
02/15/2003,CSG,GA,ASO,ES,Combined TRACON& Tower with Radar,5,0,27,0,32,8,0,18,0,26,13,0,45,0,58,30,0,30,88
02/16/2003,CSG,GA,ASO,ES,Combined TRACON& Tower with Radar,2,0,5,0,7,7,0,0,0,7,9,0,5,0,14,0,0,0,14
02/17/2003,CSG,GA,ASO,ES,Combined TRACON& Tower with Radar,7,4,33,0,44,1,2,0,0,3,8,6,33,0,47,0,0,0,47
02/18/2003,CSG,GA,ASO,ES,Combined TRACON& Tower with Radar,9,1,57,1,68,0,0,25,3,28,9,1,82,4,96,4,0,4,100
02/19/2003,CSG,GA,ASO,ES,Combined TRACON& Tower with Radar,10,0,48,0,58,0,0,42,0,42,10,0,90,0,100,30,0,30,130
02/20/2003,CSG,GA,ASO,ES,Combined TRACON& Tower with Radar,7,0,35,0,42,2,0,42,0,44,9,0,77,0,86,18,0,18,104
02/21/2003,CSG,GA,ASO,ES,Combined TRACON& Tower with Radar,7,4,39,1,51,0,0,15,1,16,7,4,54,2,67,12,0,12,79
02/22/2003,CSG,GA,ASO,ES,Combined TRACON& Tower with Radar,4,2,16,0,22,5,6,0,0,11,9,8,16,0,33,4,0,4,37
02/23/2003,CSG,GA,ASO,ES,Combined TRACON& Tower with Radar,7,0,37,0,44,3,0,36,0,39,10,0,73,0,83,50,0,50,133
02/24/2003,CSG,GA,ASO,ES,Combined TRACON& Tower with Radar,2,3,30,0,35,0,5,21,0,26,2,8,51,0,61,4,0,4,65
02/25/2003,CSG,GA,ASO,ES,Combined TRACON& Tower with Radar,3,5,46,0,54,0,0,39,2,41,3,5,85,2,95,28,0,28,123
02/26/2003,CSG,GA,ASO,ES,Combined TRACON& Tower with Radar,5,0,44,0,49,0,0,18,5,23,5,0,62,5,72,16,0,16,88
02/27/2003,CSG,GA,ASO,ES,Combined TRACON& Tower with Radar,6,2,24,0,32,2,0,0,0,2,8,2,24,0,34,0,0,0,34
02/28/2003,CSG,GA,ASO,ES,Combined TRACON& Tower with Radar,10,0,47,0,57,2,0,38,0,40,12,0,85,0,97,42,0,42,139
03/01/2003,CSG,GA,ASO,ES,Combined TRACON& Tower with Radar,6,0,25,0,31,4,0,0,0,4,10,0,25,0,35,0,0,0,35
03/02/2003,CSG,GA,ASO,ES,Combined TRACON& Tower with Radar,6,0,29,0,35,3,0,9,0,12,9,0,38,0,47,26,0,26,73
03/03/2003,CSG,GA,ASO,ES,Combined TRACON& Tower with Radar,7,0,27,0,34,2,0,26,0,28,9,0,53,0,62,14,0,14,76
03/04/2003,CSG,GA,ASO,ES,Combined TRACON& Tower with Radar,7,0,30,0,37,1,0,1,0,2,8,0,31,0,39,2,0,2,41
03/05/2003,CSG,GA,ASO,ES,Combined TRACON& Tower with Radar,7,0,42,0,49,0,0,18,0,18,7,0,60,0,67,34,0,34,101
03/06/2003,CSG,GA,ASO,ES,Combined TRACON& Tower with Radar,6,0,21,0,27,3,0,4,0,7,9,0,25,0,34,0,0,0,34
03/07/2003,CSG,GA,ASO,ES,Combined TRACON& Tower with Radar,11,2,42,0,55,0,0,21,0,21,11,2,63,0,76,30,0,30,106
03/08/2003,CSG,GA,ASO,ES,Combined TRACON& Tower with Radar,7,2,38,0,47,0,0,56,0,56,7,2,94,0,103,50,0,50,153
03/09/2003,CSG,GA,ASO,ES,Combined TRACON& Tower with Radar,7,0,27,0,34,0,0,28,0,28,7,0,55,0,62,16,0,16,78
03/10/2003,CSG,GA,ASO,ES,Combined TRACON& Tower with Radar,4,1,24,0,29,0,3,43,0,46,4,4,67,0,75,22,0,22,97
03/11/2003,CSG,GA,ASO,ES,Combined TRACON& Tower with Radar,8,0,35,0,43,1,0,32,4,37,9,0,67,4,80,96,2,98,178
03/12/2003,CSG,GA,ASO,ES,Combined TRACON& Tower with Radar,9,2,37,0,48,3,1,27,0,31,12,3,64,0,79,44,0,44,123
03/13/2003,CSG,GA,ASO,ES,Combined TRACON& Tower with Radar,7,0,29,0,36,1,0,20,4,25,8,0,49,4,61,38,0,38,99
03/14/2003,CSG,GA,ASO,ES,Combined TRACON& Tower with Radar,5,2,49,0,56,0,0,15,0,15,5,2,64,0,71,26,0,26,97
03/15/2003,CSG,GA,ASO,ES,Combined TRACON& Tower with Radar,9,0,38,0,47,0,0,4,0,4,9,0,42,0,51,8,0,8,59
03/16/2003,CSG,GA,ASO,ES,Combined TRACON& Tower with Radar,9,0,39,0,48,0,0,14,0,14,9,0,53,0,62,64,0,64,126
03/17/2003,CSG,GA,ASO,ES,Combined TRACON& Tower with Radar,3,0,9,0,12,2,1,0,0,3,5,1,9,0,15,0,0,0,15
03/18/2003,CSG,GA,ASO,ES,Combined TRACON& Tower with Radar,7,0,26,0,33,1,2,8,0,11,8,2,34,0,44,34,0,34,78
03/19/2003,CSG,GA,ASO,ES,Combined TRACON& Tower with Radar,4,1,35,1,41,0,2,6,1,9,4,3,41,2,50,11,0,11,61
03/20/2003,CSG,GA,ASO,ES,Combined TRACON& Tower with Radar,7,1,41,0,49,0,1,21,0,22,7,2,62,0,71,10,0,10,81
03/21/2003,CSG,GA,ASO,ES,Combined TRACON& Tower with Radar,8,0,33,1,42,1,0,95,3,99,9,0,128,4,141,98,0,98,239
03/22/2003,CSG,GA,ASO,ES,Combined TRACON& Tower with Radar,6,0,26,0,32,0,2,130,0,132,6,2,156,0,164,278,0,278,442
03/23/2003,CSG,GA,ASO,ES,Combined TRACON& Tower with Radar,7,0,27,0,34,1,0,86,0,87,8,0,113,0,121,206,0,206,327
03/24/2003,CSG,GA,ASO,ES,Combined TRACON& Tower with Radar,6,0,38,0,44,0,0,36,0,36,6,0,74,0,80,73,0,73,153
03/25/2003,CSG,GA,ASO,ES,Combined TRACON& Tower with Radar,7,1,32,0,40,1,0,64,2,67,8,1,96,2,107,92,0,92,199
03/26/2003,CSG,GA,ASO,ES,Combined TRACON& Tower with Radar,8,0,36,0,44,3,0,14,4,21,11,0,50,4,65,26,0,26,91
03/27/2003,CSG,GA,ASO,ES,Combined TRACON& Tower with Radar,10,0,43,0,53,0,0,34,0,34,10,0,77,0,87,52,0,52,139
03/28/2003,CSG,GA,ASO,ES,Combined TRACON& Tower with Radar,8,0,36,0,44,2,0,17,0,19,10,0,53,0,63,56,0,56,119
03/29/2003,CSG,GA,ASO,ES,Combined TRACON& Tower with Radar,7,0,30,0,37,5,1,26,2,34,12,1,56,2,71,52,0,52,123
03/30/2003,CSG,GA,ASO,ES,Combined TRACON& Tower with Radar,9,1,43,0,53,0,4,4,0,8,9,5,47,0,61,12,0,12,73
03/31/2003,CSG,GA,ASO,ES,Combined TRACON& Tower with Radar,7,1,38,0,46,0,2,24,2,28,7,3,62,2,74,48,0,48,122
04/01/2003,CSG,GA,ASO,ES,Combined TRACON& Tower with Radar,10,1,44,0,55,0,0,41,0,41,10,1,85,0,96,34,0,34,130
04/02/2003,CSG,GA,ASO,ES,Combined TRACON& Tower with Radar,10,2,56,0,68,0,0,61,0,61,10,2,117,0,129,108,0,108,237
04/03/2003,CSG,GA,ASO,ES,Combined TRACON& Tower with Radar,12,1,59,0,72,0,0,61,0,61,12,1,120,0,133,60,0,60,193
04/04/2003,CSG,GA,ASO,ES,Combined TRACON& Tower with Radar,9,2,45,0,56,1,0,19,0,20,10,2,64,0,76,40,0,40,116
04/05/2003,CSG,GA,ASO,ES,Combined TRACON& Tower with Radar,7,0,29,0,36,5,0,0,0,5,12,0,29,0,41,24,0,24,65
04/06/2003,CSG,GA,ASO,ES,Combined TRACON& Tower with Radar,8,1,38,0,47,6,0,10,0,16,14,1,48,0,63,20,0,20,83
04/07/2003,CSG,GA,ASO,ES,Combined TRACON& Tower with Radar,7,0,30,0,37,2,0,1,0,3,9,0,31,0,40,6,0,6,46
04/08/2003,CSG,GA,ASO,ES,Combined TRACON& Tower with Radar,5,1,38,0,44,0,4,0,0,4,5,5,38,0,48,0,0,0,48
04/09/2003,CSG,GA,ASO,ES,Combined TRACON& Tower with Radar,11,0,67,0,78,0,0,4,0,4,11,0,71,0,82,16,0,16,98
04/10/2003,CSG,GA,ASO,ES,Combined TRACON& Tower with Radar,9,0,40,0,49,0,0,1,0,1,9,0,41,0,50,0,0,0,50
04/11/2003,CSG,GA,ASO,ES,Combined TRACON& Tower with Radar,12,2,53,0,67,1,1,61,0,63,13,3,114,0,130,50,0,50,180
04/12/2003,CSG,GA,ASO,ES,Combined TRACON& Tower with Radar,11,0,44,0,55,0,0,102,0,102,11,0,146,0,157,61,0,61,218
04/13/2003,CSG,GA,ASO,ES,Combined TRACON& Tower with Radar,9,0,34,0,43,2,0,42,0,44,11,0,76,0,87,28,0,28,115
04/14/2003,CSG,GA,ASO,ES,Combined TRACON& Tower with Radar,10,0,42,1,53,0,0,47,8,55,10,0,89,9,108,70,2,72,180
04/15/2003,CSG,GA,ASO,ES,Combined TRACON& Tower with Radar,8,0,40,1,49,0,0,22,8,30,8,0,62,9,79,36,2,38,117
04/16/2003,CSG,GA,ASO,ES,Combined TRACON& Tower with Radar,9,0,37,0,46,1,0,24,0,25,10,0,61,0,71,14,0,14,85
04/17/2003,CSG,GA,ASO,ES,Combined TRACON& Tower with Radar,10,1,52,0,63,0,1,19,0,20,10,2,71,0,83,2,0,2,85
04/18/2003,CSG,GA,ASO,ES,Combined TRACON& Tower with Radar,12,0,47,1,60,1,0,57,0,58,13,0,104,1,118,34,0,34,152
04/19/2003,CSG,GA,ASO,ES,Combined TRACON& Tower with Radar,9,0,38,0,47,2,3,15,0,20,11,3,53,0,67,26,0,26,93
04/20/2003,CSG,GA,ASO,ES,Combined TRACON& Tower with Radar,8,0,29,0,37,2,0,12,0,14,10,0,41,0,51,22,0,22,73
04/21/2003,CSG,GA,ASO,ES,Combined TRACON& Tower with Radar,8,0,27,0,35,2,2,0,0,4,10,2,27,0,39,0,0,0,39
04/22/2003,CSG,GA,ASO,ES,Combined TRACON& Tower with Radar,8,1,42,0,51,0,2,40,0,42,8,3,82,0,93,8,0,8,101
04/23/2003,CSG,GA,ASO,ES,Combined TRACON& Tower with Radar,10,1,50,1,62,0,0,54,1,55,10,1,104,2,117,36,0,36,153
04/24/2003,CSG,GA,ASO,ES,Combined TRACON& Tower with Radar,10,1,46,1,58,0,0,16,1,17,10,1,62,2,75,6,0,6,81
04/25/2003,CSG,GA,ASO,ES,Combined TRACON& Tower with Radar,7,0,34,0,41,0,0,8,0,8,7,0,42,0,49,0,0,0,49
04/26/2003,CSG,GA,ASO,ES,Combined TRACON& Tower with Radar,10,0,41,0,51,1,0,57,0,58,11,0,98,0,109,40,0,40,149
04/27/2003,CSG,GA,ASO,ES,Combined TRACON& Tower with Radar,7,0,28,0,35,1,0,47,0,48,8,0,75,0,83,24,0,24,107
04/28/2003,CSG,GA,ASO,ES,Combined TRACON& Tower with Radar,6,0,23,0,29,4,2,17,0,23,10,2,40,0,52,36,0,36,88
04/29/2003,CSG,GA,ASO,ES,Combined TRACON& Tower with Radar,6,0,38,0,44,0,0,56,0,56,6,0,94,0,100,61,0,61,161
04/30/2003,CSG,GA,ASO,ES,Combined TRACON& Tower with Radar,8,0,34,1,43,0,2,44,3,49,8,2,78,4,92,0,44,44,136
05/01/2003,CSG,GA,ASO,ES,Combined TRACON& Tower with Radar,9,1,35,0,45,3,0,20,2,25,12,1,55,2,70,20,0,20,90
05/02/2003,CSG,GA,ASO,ES,Combined TRACON& Tower with Radar,6,3,30,0,39,2,0,17,0,19,8,3,47,0,58,28,0,28,86
05/03/2003,CSG,GA,ASO,ES,Combined TRACON& Tower with Radar,6,0,27,0,33,4,0,16,2,22,10,0,43,2,55,18,0,18,73
05/04/2003,CSG,GA,ASO,ES,Combined TRACON& Tower with Radar,7,3,27,0,37,2,2,31,0,35,9,5,58,0,72,30,0,30,102
05/05/2003,CSG,GA,ASO,ES,Combined TRACON& Tower with Radar,7,3,27,0,37,2,1,2,0,5,9,4,29,0,42,18,0,18,60
05/06/2003,CSG,GA,ASO,ES,Combined TRACON& Tower with Radar,7,1,29,0,37,0,0,7,0,7,7,1,36,0,44,0,0,0,44
05/07/2003,CSG,GA,ASO,ES,Combined TRACON& Tower with Radar,6,0,38,0,44,0,0,11,0,11,6,0,49,0,55,0,0,0,55
05/08/2003,CSG,GA,ASO,ES,Combined TRACON& Tower with Radar,5,4,32,0,41,0,1,25,0,26,5,5,57,0,67,48,0,48,115
05/09/2003,CSG,GA,ASO,ES,Combined TRACON& Tower with Radar,7,0,29,0,36,3,0,55,1,59,10,0,84,1,95,88,0,88,183
05/10/2003,CSG,GA,ASO,ES,Combined TRACON& Tower with Radar,4,0,18,0,22,6,0,43,0,49,10,0,61,0,71,42,0,42,113
05/11/2003,CSG,GA,ASO,ES,Combined TRACON& Tower with Radar,8,2,28,0,38,3,0,0,0,3,11,2,28,0,41,4,0,4,45
05/12/2003,CSG,GA,ASO,ES,Combined TRACON& Tower with Radar,5,1,16,0,22,4,0,28,0,32,9,1,44,0,54,20,0,20,74
05/13/2003,CSG,GA,ASO,ES,Combined TRACON& Tower with Radar,4,2,25,1,32,0,3,48,1,52,4,5,73,2,84,42,0,42,126
05/14/2003,CSG,GA,ASO,ES,Combined TRACON& Tower with Radar,5,2,19,0,26,3,2,2,0,7,8,4,21,0,33,76,0,76,109
05/15/2003,CSG,GA,ASO,ES,Combined TRACON& Tower with Radar,9,3,31,0,43,0,0,7,0,7,9,3,38,0,50,8,0,8,58
05/16/2003,CSG,GA,ASO,ES,Combined TRACON& Tower with Radar,8,2,33,0,43,0,0,17,0,17,8,2,50,0,60,24,0,24,84
05/17/2003,CSG,GA,ASO,ES,Combined TRACON& Tower with Radar,6,2,23,0,31,4,1,27,0,32,10,3,50,0,63,24,0,24,87
05/18/2003,CSG,GA,ASO,ES,Combined TRACON& Tower with Radar,6,2,21,0,29,0,1,2,0,3,6,3,23,0,32,8,0,8,40
05/19/2003,CSG,GA,ASO,ES,Combined TRACON& Tower with Radar,8,3,30,0,41,1,0,0,0,1,9,3,30,0,42,36,0,36,78
05/20/2003,CSG,GA,ASO,ES,Combined TRACON& Tower with Radar,8,3,37,0,48,0,3,18,0,21,8,6,55,0,69,40,0,40,109
05/21/2003,CSG,GA,ASO,ES,Combined TRACON& Tower with Radar,5,3,29,1,38,0,7,10,1,18,5,10,39,2,56,58,0,58,114
05/22/2003,CSG,GA,ASO,ES,Combined TRACON& Tower with Radar,9,3,32,1,45,0,1,0,1,2,9,4,32,2,47,0,0,0,47
05/23/2003,CSG,GA,ASO,ES,Combined TRACON& Tower with Radar,9,1,58,0,68,0,0,47,0,47,9,1,105,0,115,58,0,58,173
05/24/2003,CSG,GA,ASO,ES,Combined TRACON& Tower with Radar,8,0,28,0,36,0,0,47,0,47,8,0,75,0,83,90,0,90,173
05/25/2003,CSG,GA,ASO,ES,Combined TRACON& Tower with Radar,7,4,42,0,53,0,11,10,0,21,7,15,52,0,74,74,0,74,148
05/26/2003,CSG,GA,ASO,ES,Combined TRACON& Tower with Radar,7,3,26,0,36,1,2,29,0,32,8,5,55,0,68,124,0,124,192
05/27/2003,CSG,GA,ASO,ES,Combined TRACON& Tower with Radar,8,3,36,0,47,0,0,42,3,45,8,3,78,3,92,56,0,56,148
05/28/2003,CSG,GA,ASO,ES,Combined TRACON& Tower with Radar,10,3,38,0,51,0,0,56,2,58,10,3,94,2,109,68,0,68,177
05/29/2003,CSG,GA,ASO,ES,Combined TRACON& Tower with Radar,6,3,41,0,50,0,0,31,0,31,6,3,72,0,81,12,0,12,93
05/30/2003,CSG,GA,ASO,ES,Combined TRACON& Tower with Radar,9,1,44,0,54,0,0,66,1,67,9,1,110,1,121,138,6,144,265
05/31/2003,CSG,GA,ASO,ES,Combined TRACON& Tower with Radar,5,1,16,0,22,5,0,41,0,46,10,1,57,0,68,6,0,6,74
06/01/2003,CSG,GA,ASO,ES,Combined TRACON& Tower with Radar,7,3,31,0,41,4,1,25,0,30,11,4,56,0,71,78,0,78,149
06/02/2003,CSG,GA,ASO,ES,Combined TRACON& Tower with Radar,8,1,35,0,44,0,0,28,0,28,8,1,63,0,72,104,0,104,176
06/03/2003,CSG,GA,ASO,ES,Combined TRACON& Tower with Radar,6,2,30,0,38,2,0,1,2,5,8,2,31,2,43,12,0,12,55
06/04/2003,CSG,GA,ASO,ES,Combined TRACON& Tower with Radar,10,4,46,0,60,0,0,50,0,50,10,4,96,0,110,44,0,44,154
06/05/2003,CSG,GA,ASO,ES,Combined TRACON& Tower with Radar,10,2,41,0,53,0,0,46,0,46,10,2,87,0,99,30,0,30,129
06/06/2003,CSG,GA,ASO,ES,Combined TRACON& Tower with Radar,6,0,27,0,33,1,0,5,2,8,7,0,32,2,41,36,0,36,77
06/07/2003,CSG,GA,ASO,ES,Combined TRACON& Tower with Radar,7,2,25,0,34,4,0,0,0,4,11,2,25,0,38,0,0,0,38
06/08/2003,CSG,GA,ASO,ES,Combined TRACON& Tower with Radar,9,3,47,0,59,0,0,42,0,42,9,3,89,0,101,28,0,28,129
06/09/2003,CSG,GA,ASO,ES,Combined TRACON& Tower with Radar,9,3,33,0,45,1,1,32,0,34,10,4,65,0,79,76,0,76,155
06/10/2003,CSG,GA,ASO,ES,Combined TRACON& Tower with Radar,10,3,38,0,51,1,7,38,0,46,11,10,76,0,97,56,0,56,153
06/11/2003,CSG,GA,ASO,ES,Combined TRACON& Tower with Radar,8,0,38,0,46,0,0,30,0,30,8,0,68,0,76,28,0,28,104
06/12/2003,CSG,GA,ASO,ES,Combined TRACON& Tower with Radar,11,1,40,0,52,0,0,15,2,17,11,1,55,2,69,14,0,14,83
06/13/2003,CSG,GA,ASO,ES,Combined TRACON& Tower with Radar,9,2,33,0,44,0,0,8,2,10,9,2,41,2,54,2,0,2,56
06/14/2003,CSG,GA,ASO,ES,Combined TRACON& Tower with Radar,8,2,29,1,40,0,0,14,1,15,8,2,43,2,55,32,0,32,87
06/15/2003,CSG,GA,ASO,ES,Combined TRACON& Tower with Radar,7,0,25,0,32,0,0,34,0,34,7,0,59,0,66,50,0,50,116
06/16/2003,CSG,GA,ASO,ES,Combined TRACON& Tower with Radar,8,2,38,1,49,0,0,32,1,33,8,2,70,2,82,36,0,36,118
06/17/2003,CSG,GA,ASO,ES,Combined TRACON& Tower with Radar,5,0,29,1,35,0,0,27,5,32,5,0,56,6,67,20,0,20,87
06/18/2003,CSG,GA,ASO,ES,Combined TRACON& Tower with Radar,7,2,33,0,42,0,3,13,0,16,7,5,46,0,58,22,0,22,80
06/19/2003,CSG,GA,ASO,ES,Combined TRACON& Tower with Radar,7,1,29,0,37,3,0,22,0,25,10,1,51,0,62,18,0,18,80
06/20/2003,CSG,GA,ASO,ES,Combined TRACON& Tower with Radar,10,2,39,0,51,0,2,32,0,34,10,4,71,0,85,58,0,58,143
06/21/2003,CSG,GA,ASO,ES,Combined TRACON& Tower with Radar,8,0,31,0,39,1,0,67,0,68,9,0,98,0,107,108,0,108,215
06/22/2003,CSG,GA,ASO,ES,Combined TRACON& Tower with Radar,6,1,22,0,29,4,1,40,0,45,10,2,62,0,74,12,0,12,86
06/23/2003,CSG,GA,ASO,ES,Combined TRACON& Tower with Radar,9,2,37,0,48,0,1,35,2,38,9,3,72,2,86,56,0,56,142
06/24/2003,CSG,GA,ASO,ES,Combined TRACON& Tower with Radar,10,2,42,0,54,0,0,61,0,61,10,2,103,0,115,44,2,46,161
06/25/2003,CSG,GA,ASO,ES,Combined TRACON& Tower with Radar,10,2,40,0,52,0,1,40,0,41,10,3,80,0,93,76,0,76,169
06/26/2003,CSG,GA,ASO,ES,Combined TRACON& Tower with Radar,10,3,48,0,61,0,0,31,2,33,10,3,79,2,94,45,0,45,139
06/27/2003,CSG,GA,ASO,ES,Combined TRACON& Tower with Radar,7,2,36,0,45,0,2,19,0,21,7,4,55,0,66,0,0,0,66
06/28/2003,CSG,GA,ASO,ES,Combined TRACON& Tower with Radar,8,1,31,0,40,2,0,12,0,14,10,1,43,0,54,24,0,24,78
06/29/2003,CSG,GA,ASO,ES,Combined TRACON& Tower with Radar,6,2,32,0,40,0,0,3,0,3,6,2,35,0,43,6,0,6,49
06/30/2003,CSG,GA,ASO,ES,Combined TRACON& Tower with Radar,7,1,27,0,35,3,1,3,0,7,10,2,30,0,42,24,0,24,66
07/01/2003,CSG,GA,ASO,ES,Combined TRACON& Tower with Radar,2,0,7,1,10,7,0,0,0,7,9,0,7,1,17,2,0,2,19
07/02/2003,CSG,GA,ASO,ES,Combined TRACON& Tower with Radar,7,2,36,0,45,1,0,29,0,30,8,2,65,0,75,40,14,54,129
07/03/2003,CSG,GA,ASO,ES,Combined TRACON& Tower with Radar,9,0,44,0,53,0,0,37,0,37,9,0,81,0,90,16,0,16,106
07/04/2003,CSG,GA,ASO,ES,Combined TRACON& Tower with Radar,4,0,16,0,20,2,0,11,0,13,6,0,27,0,33,8,0,8,41
07/05/2003,CSG,GA,ASO,ES,Combined TRACON& Tower with Radar,5,0,26,0,31,10,0,15,0,25,15,0,41,0,56,43,0,43,99
07/06/2003,CSG,GA,ASO,ES,Combined TRACON& Tower with Radar,5,0,24,0,29,4,0,41,0,45,9,0,65,0,74,36,0,36,110
07/07/2003,CSG,GA,ASO,ES,Combined TRACON& Tower with Radar,6,2,28,1,37,2,0,31,1,34,8,2,59,2,71,22,0,22,93
07/08/2003,CSG,GA,ASO,ES,Combined TRACON& Tower with Radar,8,0,39,0,47,0,0,47,0,47,8,0,86,0,94,64,0,64,158
07/09/2003,CSG,GA,ASO,ES,Combined TRACON& Tower with Radar,9,1,41,0,51,0,0,22,0,22,9,1,63,0,73,52,0,52,125
07/10/2003,CSG,GA,ASO,ES,Combined TRACON& Tower with Radar,12,1,49,1,63,0,0,36,2,38,12,1,85,3,101,4,0,4,105
07/11/2003,CSG,GA,ASO,ES,Combined TRACON& Tower with Radar,9,1,54,1,65,1,0,51,0,52,10,1,105,1,117,58,0,58,175
07/12/2003,CSG,GA,ASO,ES,Combined TRACON& Tower with Radar,10,1,39,1,51,2,1,70,1,74,12,2,109,2,125,76,0,76,201
07/13/2003,CSG,GA,ASO,ES,Combined TRACON& Tower with Radar,11,2,46,0,59,0,4,31,0,35,11,6,77,0,94,42,0,42,136
07/14/2003,CSG,GA,ASO,ES,Combined TRACON& Tower with Radar,10,2,49,0,61,0,4,19,0,23,10,6,68,0,84,26,0,26,110
07/15/2003,CSG,GA,ASO,ES,Combined TRACON& Tower with Radar,7,2,46,1,56,0,2,37,1,40,7,4,83,2,96,46,0,46,142
07/16/2003,CSG,GA,ASO,ES,Combined TRACON& Tower with Radar,7,1,47,0,55,0,0,65,0,65,7,1,112,0,120,46,0,46,166
07/17/2003,CSG,GA,ASO,ES,Combined TRACON& Tower with Radar,10,2,46,0,58,0,0,17,0,17,10,2,63,0,75,6,0,6,81
07/18/2003,CSG,GA,ASO,ES,Combined TRACON& Tower with Radar,9,2,40,0,51,0,0,34,0,34,9,2,74,0,85,110,0,110,195
07/19/2003,CSG,GA,ASO,ES,Combined TRACON& Tower with Radar,9,0,41,0,50,0,0,24,0,24,9,0,65,0,74,32,0,32,106
07/20/2003,CSG,GA,ASO,ES,Combined TRACON& Tower with Radar,10,1,46,0,57,0,0,20,6,26,10,1,66,6,83,20,0,20,103
07/21/2003,CSG,GA,ASO,ES,Combined TRACON& Tower with Radar,8,1,34,0,43,0,3,16,0,19,8,4,50,0,62,32,0,32,94
07/22/2003,CSG,GA,ASO,ES,Combined TRACON& Tower with Radar,8,1,32,0,41,7,1,8,0,16,15,2,40,0,57,48,0,48,105
07/23/2003,CSG,GA,ASO,ES,Combined TRACON& Tower with Radar,8,1,32,0,41,1,2,0,0,3,9,3,32,0,44,6,0,6,50
07/24/2003,CSG,GA,ASO,ES,Combined TRACON& Tower with Radar,11,2,52,0,65,0,1,49,0,50,11,3,101,0,115,48,0,48,163
07/25/2003,CSG,GA,ASO,ES,Combined TRACON& Tower with Radar,8,0,31,0,39,2,0,51,0,53,10,0,82,0,92,36,0,36,128
07/26/2003,CSG,GA,ASO,ES,Combined TRACON& Tower with Radar,10,0,41,0,51,0,0,54,2,56,10,0,95,2,107,34,18,52,159
07/27/2003,CSG,GA,ASO,ES,Combined TRACON& Tower with Radar,8,1,36,0,45,0,0,55,6,61,8,1,91,6,106,64,0,64,170
07/28/2003,CSG,GA,ASO,ES,Combined TRACON& Tower with Radar,7,0,29,0,36,3,0,12,0,15,10,0,41,0,51,22,0,22,73
07/29/2003,CSG,GA,ASO,ES,Combined TRACON& Tower with Radar,7,0,28,0,35,3,0,18,0,21,10,0,46,0,56,4,0,4,60
07/30/2003,CSG,GA,ASO,ES,Combined TRACON& Tower with Radar,8,2,43,0,53,0,0,21,0,21,8,2,64,0,74,22,0,22,96
07/31/2003,CSG,GA,ASO,ES,Combined TRACON& Tower with Radar,8,2,47,0,57,0,0,11,2,13,8,2,58,2,70,12,0,12,82
08/01/2003,CSG,GA,ASO,ES,Combined TRACON& Tower with Radar,10,0,44,0,54,0,0,24,0,24,10,0,68,0,78,8,0,8,86
08/02/2003,CSG,GA,ASO,ES,Combined TRACON& Tower with Radar,8,0,34,0,42,1,0,14,2,17,9,0,48,2,59,6,0,6,65
08/03/2003,CSG,GA,ASO,ES,Combined TRACON& Tower with Radar,7,2,30,0,39,0,2,28,4,34,7,4,58,4,73,0,2,2,75
08/04/2003,CSG,GA,ASO,ES,Combined TRACON& Tower with Radar,6,0,27,0,33,3,0,0,3,6,9,0,27,3,39,0,0,0,39
08/05/2003,CSG,GA,ASO,ES,Combined TRACON& Tower with Radar,5,2,27,0,34,0,0,28,0,28,5,2,55,0,62,30,0,30,92
08/06/2003,CSG,GA,ASO,ES,Combined TRACON& Tower with Radar,8,0,36,0,44,3,0,26,0,29,11,0,62,0,73,44,0,44,117
08/07/2003,CSG,GA,ASO,ES,Combined TRACON& Tower with Radar,9,3,62,0,74,0,2,37,0,39,9,5,99,0,113,24,0,24,137
08/08/2003,CSG,GA,ASO,ES,Combined TRACON& Tower with Radar,8,3,44,1,56,0,2,58,4,64,8,5,102,5,120,48,0,48,168
08/09/2003,CSG,GA,ASO,ES,Combined TRACON& Tower with Radar,8,2,33,0,43,2,0,40,6,48,10,2,73,6,91,68,0,68,159
08/10/2003,CSG,GA,ASO,ES,Combined TRACON& Tower with Radar,7,0,35,0,42,0,0,36,0,36,7,0,71,0,78,28,0,28,106
08/11/2003,CSG,GA,ASO,ES,Combined TRACON& Tower with Radar,7,1,29,1,38,8,1,25,1,35,15,2,54,2,73,68,0,68,141
08/12/2003,CSG,GA,ASO,ES,Combined TRACON& Tower with Radar,9,0,37,2,48,2,0,24,31,57,11,0,61,33,105,116,0,116,221
08/13/2003,CSG,GA,ASO,ES,Combined TRACON& Tower with Radar,9,2,34,1,46,0,1,8,6,15,9,3,42,7,61,32,0,32,93
08/14/2003,CSG,GA,ASO,ES,Combined TRACON& Tower with Radar,7,0,33,0,40,0,0,35,0,35,7,0,68,0,75,6,0,6,81
08/15/2003,CSG,GA,ASO,ES,Combined TRACON& Tower with Radar,8,0,34,1,43,0,0,39,1,40,8,0,73,2,83,10,0,10,93
08/16/2003,CSG,GA,ASO,ES,Combined TRACON& Tower with Radar,8,0,28,0,36,2,0,28,0,30,10,0,56,0,66,52,0,52,118
08/17/2003,CSG,GA,ASO,ES,Combined TRACON& Tower with Radar,8,1,31,1,41,1,0,31,2,34,9,1,62,3,75,28,0,28,103
08/18/2003,CSG,GA,ASO,ES,Combined TRACON& Tower with Radar,5,0,20,0,25,3,2,7,0,12,8,2,27,0,37,62,0,62,99
08/19/2003,CSG,GA,ASO,ES,Combined TRACON& Tower with Radar,7,1,33,0,41,0,1,16,0,17,7,2,49,0,58,18,0,18,76
08/20/2003,CSG,GA,ASO,ES,Combined TRACON& Tower with Radar,6,1,24,1,32,4,0,16,1,21,10,1,40,2,53,54,0,54,107
08/21/2003,CSG,GA,ASO,ES,Combined TRACON& Tower with Radar,6,1,38,2,47,0,1,30,2,33,6,2,68,4,80,56,0,56,136
08/22/2003,CSG,GA,ASO,ES,Combined TRACON& Tower with Radar,7,0,40,2,49,0,0,27,0,27,7,0,67,2,76,62,0,62,138
08/23/2003,CSG,GA,ASO,ES,Combined TRACON& Tower with Radar,9,0,36,0,45,2,0,58,0,60,11,0,94,0,105,100,0,100,205
08/24/2003,CSG,GA,ASO,ES,Combined TRACON& Tower with Radar,9,0,42,0,51,0,0,57,0,57,9,0,99,0,108,46,0,46,154
08/25/2003,CSG,GA,ASO,ES,Combined TRACON& Tower with Radar,9,1,36,2,48,1,1,14,4,20,10,2,50,6,68,44,6,50,118
08/26/2003,CSG,GA,ASO,ES,Combined TRACON& Tower with Radar,9,2,49,0,60,0,1,28,0,29,9,3,77,0,89,32,2,34,123
08/27/2003,CSG,GA,ASO,ES,Combined TRACON& Tower with Radar,7,1,25,0,33,2,2,13,0,17,9,3,38,0,50,10,0,10,60
08/28/2003,CSG,GA,ASO,ES,Combined TRACON& Tower with Radar,10,1,39,0,50,3,5,22,0,30,13,6,61,0,80,6,0,6,86
08/29/2003,CSG,GA,ASO,ES,Combined TRACON& Tower with Radar,9,1,40,0,50,0,0,53,0,53,9,1,93,0,103,76,0,76,179
08/30/2003,CSG,GA,ASO,ES,Combined TRACON& Tower with Radar,6,0,23,0,29,1,0,28,2,31,7,0,51,2,60,26,0,26,86
08/31/2003,CSG,GA,ASO,ES,Combined TRACON& Tower with Radar,6,0,25,0,31,0,0,54,0,54,6,0,79,0,85,26,0,26,111
09/01/2003,CSG,GA,ASO,ES,Combined TRACON& Tower with Radar,8,2,34,0,44,1,4,19,0,24,9,6,53,0,68,2,0,2,70
09/02/2003,CSG,GA,ASO,ES,Combined TRACON& Tower with Radar,7,2,36,1,46,3,0,7,3,13,10,2,43,4,59,2,0,2,61
09/03/2003,CSG,GA,ASO,ES,Combined TRACON& Tower with Radar,7,1,34,0,42,2,0,43,0,45,9,1,77,0,87,96,0,96,183
09/04/2003,CSG,GA,ASO,ES,Combined TRACON& Tower with Radar,5,0,25,0,30,1,0,27,0,28,6,0,52,0,58,56,0,56,114
09/05/2003,CSG,GA,ASO,ES,Combined TRACON& Tower with Radar,7,0,38,1,46,3,0,8,7,18,10,0,46,8,64,26,0,26,90
09/06/2003,CSG,GA,ASO,ES,Combined TRACON& Tower with Radar,5,0,25,0,30,3,0,3,0,6,8,0,28,0,36,28,0,28,64
09/07/2003,CSG,GA,ASO,ES,Combined TRACON& Tower with Radar,7,0,34,0,41,0,0,31,0,31,7,0,65,0,72,16,0,16,88
09/08/2003,CSG,GA,ASO,ES,Combined TRACON& Tower with Radar,9,0,42,1,52,1,0,42,8,51,10,0,84,9,103,40,0,40,143
09/09/2003,CSG,GA,ASO,ES,Combined TRACON& Tower with Radar,6,1,28,0,35,4,0,39,0,43,10,1,67,0,78,60,0,60,138
09/10/2003,CSG,GA,ASO,ES,Combined TRACON& Tower with Radar,10,2,44,0,56,0,2,39,0,41,10,4,83,0,97,2,0,2,99
09/11/2003,CSG,GA,ASO,ES,Combined TRACON& Tower with Radar,9,0,41,1,51,0,0,46,0,46,9,0,87,1,97,34,0,34,131
09/12/2003,CSG,GA,ASO,ES,Combined TRACON& Tower with Radar,8,0,47,2,57,0,0,42,8,50,8,0,89,10,107,19,0,19,126
09/13/2003,CSG,GA,ASO,ES,Combined TRACON& Tower with Radar,9,0,35,0,44,2,0,60,0,62,11,0,95,0,106,26,0,26,132
09/14/2003,CSG,GA,ASO,ES,Combined TRACON& Tower with Radar,7,2,28,0,37,0,0,19,0,19,7,2,47,0,56,20,0,20,76
09/15/2003,CSG,GA,ASO,ES,Combined TRACON& Tower with Radar,7,0,24,1,32,1,0,37,0,38,8,0,61,1,70,80,0,80,150
09/16/2003,CSG,GA,ASO,ES,Combined TRACON& Tower with Radar,11,2,47,0,60,0,7,28,0,35,11,9,75,0,95,32,0,32,127
09/17/2003,CSG,GA,ASO,ES,Combined TRACON& Tower with Radar,10,1,47,0,58,0,0,45,0,45,10,1,92,0,103,62,0,62,165
09/18/2003,CSG,GA,ASO,ES,Combined TRACON& Tower with Radar,9,2,46,0,57,0,0,45,0,45,9,2,91,0,102,56,0,56,158
09/19/2003,CSG,GA,ASO,ES,Combined TRACON& Tower with Radar,8,0,33,2,43,0,0,37,0,37,8,0,70,2,80,28,0,28,108
09/20/2003,CSG,GA,ASO,ES,Combined TRACON& Tower with Radar,7,0,27,0,34,3,0,29,0,32,10,0,56,0,66,6,0,6,72
09/21/2003,CSG,GA,ASO,ES,Combined TRACON& Tower with Radar,7,0,27,0,34,4,0,14,0,18,11,0,41,0,52,22,0,22,74
09/22/2003,CSG,GA,ASO,ES,Combined TRACON& Tower with Radar,7,3,58,0,68,0,4,10,0,14,7,7,68,0,82,0,0,0,82
09/23/2003,CSG,GA,ASO,ES,Combined TRACON& Tower with Radar,9,1,40,2,52,0,0,39,0,39,9,1,79,2,91,92,2,94,185
09/24/2003,CSG,GA,ASO,ES,Combined TRACON& Tower with Radar,7,2,45,1,55,0,2,64,3,69,7,4,109,4,124,40,0,40,164
09/25/2003,CSG,GA,ASO,ES,Combined TRACON& Tower with Radar,8,1,53,1,63,0,0,32,1,33,8,1,85,2,96,4,0,4,100
09/26/2003,CSG,GA,ASO,ES,Combined TRACON& Tower with Radar,9,2,51,0,62,0,6,39,0,45,9,8,90,0,107,68,0,68,175
09/27/2003,CSG,GA,ASO,ES,Combined TRACON& Tower with Radar,6,1,22,0,29,1,0,49,0,50,7,1,71,0,79,34,0,34,113
09/28/2003,CSG,GA,ASO,ES,Combined TRACON& Tower with Radar,11,1,45,0,57,0,0,61,0,61,11,1,106,0,118,78,0,78,196
09/29/2003,CSG,GA,ASO,ES,Combined TRACON& Tower with Radar,7,0,27,0,34,3,0,25,0,28,10,0,52,0,62,0,0,0,62
09/30/2003,CSG,GA,ASO,ES,Combined TRACON& Tower with Radar,7,1,28,0,36,2,1,35,2,40,9,2,63,2,76,6,2,8,84
10/01/2003,CSG,GA,ASO,ES,Combined TRACON& Tower with Radar,9,0,47,1,57,0,0,31,22,53,9,0,78,23,110,48,0,48,158
10/02/2003,CSG,GA,ASO,ES,Combined TRACON& Tower with Radar,10,2,49,0,61,0,0,38,0,38,10,2,87,0,99,3,0,3,102
10/03/2003,CSG,GA,ASO,ES,Combined TRACON& Tower with Radar,12,2,53,1,68,2,0,45,0,47,14,2,98,1,115,36,0,36,151
10/04/2003,CSG,GA,ASO,ES,Combined TRACON& Tower with Radar,7,0,36,0,43,3,0,51,0,54,10,0,87,0,97,32,0,32,129
10/05/2003,CSG,GA,ASO,ES,Combined TRACON& Tower with Radar,9,3,46,1,59,0,2,36,3,41,9,5,82,4,100,26,0,26,126
10/06/2003,CSG,GA,ASO,ES,Combined TRACON& Tower with Radar,4,2,20,0,26,6,1,2,0,9,10,3,22,0,35,16,2,18,53
10/07/2003,CSG,GA,ASO,ES,Combined TRACON& Tower with Radar,7,2,31,0,40,5,4,0,0,9,12,6,31,0,49,34,0,34,83
10/08/2003,CSG,GA,ASO,ES,Combined TRACON& Tower with Radar,9,0,42,0,51,0,0,22,0,22,9,0,64,0,73,38,0,38,111
10/09/2003,CSG,GA,ASO,ES,Combined TRACON& Tower with Radar,7,3,49,1,60,0,0,19,1,20,7,3,68,2,80,32,0,32,112
10/10/2003,CSG,GA,ASO,ES,Combined TRACON& Tower with Radar,11,3,58,0,72,0,0,27,0,27,11,3,85,0,99,36,0,36,135
10/11/2003,CSG,GA,ASO,ES,Combined TRACON& Tower with Radar,8,1,34,0,43,6,0,0,0,6,14,1,34,0,49,36,0,36,85
10/12/2003,CSG,GA,ASO,ES,Combined TRACON& Tower with Radar,7,3,39,1,50,0,0,29,0,29,7,3,68,1,79,103,0,103,182
10/13/2003,CSG,GA,ASO,ES,Combined TRACON& Tower with Radar,8,1,35,0,44,3,0,33,0,36,11,1,68,0,80,126,0,126,206
10/14/2003,CSG,GA,ASO,ES,Combined TRACON& Tower with Radar,8,2,43,0,53,0,0,13,0,13,8,2,56,0,66,16,0,16,82
10/15/2003,CSG,GA,ASO,ES,Combined TRACON& Tower with Radar,8,2,45,0,55,0,2,42,0,44,8,4,87,0,99,104,2,106,205
10/16/2003,CSG,GA,ASO,ES,Combined TRACON& Tower with Radar,9,2,49,2,62,0,0,48,2,50,9,2,97,4,112,50,4,54,166
10/17/2003,CSG,GA,ASO,ES,Combined TRACON& Tower with Radar,10,2,42,2,56,0,2,29,2,33,10,4,71,4,89,95,4,99,188
10/18/2003,CSG,GA,ASO,ES,Combined TRACON& Tower with Radar,4,0,16,0,20,5,0,45,0,50,9,0,61,0,70,110,0,110,180
10/19/2003,CSG,GA,ASO,ES,Combined TRACON& Tower with Radar,8,1,35,0,44,2,0,50,0,52,10,1,85,0,96,98,0,98,194
10/20/2003,CSG,GA,ASO,ES,Combined TRACON& Tower with Radar,7,0,27,0,34,1,0,38,0,39,8,0,65,0,73,62,0,62,135
10/21/2003,CSG,GA,ASO,ES,Combined TRACON& Tower with Radar,9,0,40,2,51,0,0,33,4,37,9,0,73,6,88,32,2,34,122
10/22/2003,CSG,GA,ASO,ES,Combined TRACON& Tower with Radar,9,3,62,2,76,0,2,60,0,62,9,5,122,2,138,64,0,64,202
10/23/2003,CSG,GA,ASO,ES,Combined TRACON& Tower with Radar,9,2,44,2,57,0,2,47,1,50,9,4,91,3,107,98,0,98,205
10/24/2003,CSG,GA,ASO,ES,Combined TRACON& Tower with Radar,12,2,47,0,61,1,4,69,0,74,13,6,116,0,135,84,0,84,219
10/25/2003,CSG,GA,ASO,ES,Combined TRACON& Tower with Radar,8,1,30,0,39,3,1,45,0,49,11,2,75,0,88,28,0,28,116
10/26/2003,CSG,GA,ASO,ES,Combined TRACON& Tower with Radar,6,1,22,0,29,2,1,5,0,8,8,2,27,0,37,26,0,26,63
10/27/2003,CSG,GA,ASO,ES,Combined TRACON& Tower with Radar,9,0,34,0,43,1,0,7,0,8,10,0,41,0,51,6,0,6,57
10/28/2003,CSG,GA,ASO,ES,Combined TRACON& Tower with Radar,8,1,29,1,39,0,2,6,3,11,8,3,35,4,50,24,2,26,76
10/29/2003,CSG,GA,ASO,ES,Combined TRACON& Tower with Radar,9,2,48,1,60,0,3,33,3,39,9,5,81,4,99,68,0,68,167
10/30/2003,CSG,GA,ASO,ES,Combined TRACON& Tower with Radar,8,0,37,1,46,2,0,50,1,53,10,0,87,2,99,70,0,70,169
10/31/2003,CSG,GA,ASO,ES,Combined TRACON& Tower with Radar,9,1,35,0,45,1,0,44,0,45,10,1,79,0,90,38,0,38,128
11/01/2003,CSG,GA,ASO,ES,Combined TRACON& Tower with Radar,4,1,20,0,25,6,0,57,0,63,10,1,77,0,88,52,0,52,140
11/02/2003,CSG,GA,ASO,ES,Combined TRACON& Tower with Radar,8,1,40,0,49,2,0,54,0,56,10,1,94,0,105,68,0,68,173
11/03/2003,CSG,GA,ASO,ES,Combined TRACON& Tower with Radar,6,0,35,2,43,3,0,35,0,38,9,0,70,2,81,52,0,52,133
11/04/2003,CSG,GA,ASO,ES,Combined TRACON& Tower with Radar,6,0,34,0,40,1,0,18,0,19,7,0,52,0,59,48,0,48,107
11/05/2003,CSG,GA,ASO,ES,Combined TRACON& Tower with Radar,7,0,33,2,42,3,0,14,2,19,10,0,47,4,61,64,2,66,127
11/06/2003,CSG,GA,ASO,ES,Combined TRACON& Tower with Radar,8,3,63,4,78,0,1,20,0,21,8,4,83,4,99,10,2,12,111
11/07/2003,CSG,GA,ASO,ES,Combined TRACON& Tower with Radar,11,2,51,2,66,0,1,47,0,48,11,3,98,2,114,22,0,22,136
11/08/2003,CSG,GA,ASO,ES,Combined TRACON& Tower with Radar,9,2,38,1,50,2,4,3,0,9,11,6,41,1,59,8,0,8,67
11/09/2003,CSG,GA,ASO,ES,Combined TRACON& Tower with Radar,9,0,41,2,52,0,0,36,0,36,9,0,77,2,88,92,0,92,180
11/10/2003,CSG,GA,ASO,ES,Combined TRACON& Tower with Radar,9,1,53,4,67,0,0,26,7,33,9,1,79,11,100,24,0,24,124
11/11/2003,CSG,GA,ASO,ES,Combined TRACON& Tower with Radar,8,1,36,0,45,0,0,81,0,81,8,1,117,0,126,132,0,132,258
11/12/2003,CSG,GA,ASO,ES,Combined TRACON& Tower with Radar,10,1,52,4,67,0,1,51,6,58,10,2,103,10,125,102,0,102,227
11/13/2003,CSG,GA,ASO,ES,Combined TRACON& Tower with Radar,8,1,35,2,46,2,3,22,0,27,10,4,57,2,73,42,0,42,115
11/14/2003,CSG,GA,ASO,ES,Combined TRACON& Tower with Radar,10,0,48,4,62,0,0,39,7,46,10,0,87,11,108,42,0,42,150
11/15/2003,CSG,GA,ASO,ES,Combined TRACON& Tower with Radar,10,0,42,3,55,0,0,52,4,56,10,0,94,7,111,74,0,74,185
11/16/2003,CSG,GA,ASO,ES,Combined TRACON& Tower with Radar,11,1,48,2,62,0,1,33,0,34,11,2,81,2,96,66,0,66,162
11/17/2003,CSG,GA,ASO,ES,Combined TRACON& Tower with Radar,7,0,31,3,41,1,0,14,1,16,8,0,45,4,57,100,0,100,157
11/18/2003,CSG,GA,ASO,ES,Combined TRACON& Tower with Radar,6,0,19,3,28,6,0,0,3,9,12,0,19,6,37,4,0,4,41
11/19/2003,CSG,GA,ASO,ES,Combined TRACON& Tower with Radar,7,1,45,2,55,0,0,19,0,19,7,1,64,2,74,20,0,20,94
11/20/2003,CSG,GA,ASO,ES,Combined TRACON& Tower with Radar,8,1,62,4,75,0,0,73,0,73,8,1,135,4,148,74,2,76,224
11/21/2003,CSG,GA,ASO,ES,Combined TRACON& Tower with Radar,9,0,43,2,54,0,0,47,3,50,9,0,90,5,104,94,0,94,198
11/22/2003,CSG,GA,ASO,ES,Combined TRACON& Tower with Radar,8,0,36,2,46,1,0,51,6,58,9,0,87,8,104,26,0,26,130
11/23/2003,CSG,GA,ASO,ES,Combined TRACON& Tower with Radar,10,1,44,2,57,0,4,62,0,66,10,5,106,2,123,20,1,21,144
11/24/2003,CSG,GA,ASO,ES,Combined TRACON& Tower with Radar,9,0,39,0,48,3,0,6,0,9,12,0,45,0,57,4,0,4,61
11/25/2003,CSG,GA,ASO,ES,Combined TRACON& Tower with Radar,9,1,48,2,60,0,5,51,0,56,9,6,99,2,116,90,0,90,206
11/26/2003,CSG,GA,ASO,ES,Combined TRACON& Tower with Radar,8,0,36,0,44,2,0,50,0,52,10,0,86,0,96,62,0,62,158
11/27/2003,CSG,GA,ASO,ES,Combined TRACON& Tower with Radar,5,0,19,0,24,0,1,7,0,8,5,1,26,0,32,0,0,0,32
11/28/2003,CSG,GA,ASO,ES,Combined TRACON& Tower with Radar,4,0,16,0,20,1,1,9,0,11,5,1,25,0,31,0,0,0,31
11/29/2003,CSG,GA,ASO,ES,Combined TRACON& Tower with Radar,7,0,27,1,35,1,0,29,5,35,8,0,56,6,70,50,0,50,120
11/30/2003,CSG,GA,ASO,ES,Combined TRACON& Tower with Radar,7,0,26,0,33,5,1,41,0,47,12,1,67,0,80,30,0,30,110
12/01/2003,CSG,GA,ASO,ES,Combined TRACON& Tower with Radar,8,0,37,2,47,2,0,33,5,40,10,0,70,7,87,72,0,72,159
12/02/2003,CSG,GA,ASO,ES,Combined TRACON& Tower with Radar,9,0,40,3,52,1,0,55,1,57,10,0,95,4,109,42,6,48,157
12/03/2003,CSG,GA,ASO,ES,Combined TRACON& Tower with Radar,8,0,60,3,71,0,0,56,7,63,8,0,116,10,134,52,16,68,202
12/04/2003,CSG,GA,ASO,ES,Combined TRACON& Tower with Radar,4,2,33,0,39,0,2,3,0,5,4,4,36,0,44,0,0,0,44
12/05/2003,CSG,GA,ASO,ES,Combined TRACON& Tower with Radar,10,1,63,3,77,0,0,11,5,16,10,1,74,8,93,32,2,34,127
12/06/2003,CSG,GA,ASO,ES,Combined TRACON& Tower with Radar,8,0,40,2,50,0,0,16,19,35,8,0,56,21,85,44,0,44,129
12/07/2003,CSG,GA,ASO,ES,Combined TRACON& Tower with Radar,5,1,24,0,30,4,0,35,0,39,9,1,59,0,69,114,0,114,183
12/08/2003,CSG,GA,ASO,ES,Combined TRACON& Tower with Radar,8,2,38,2,50,1,21,26,12,60,9,23,64,14,110,20,0,20,130
12/09/2003,CSG,GA,ASO,ES,Combined TRACON& Tower with Radar,8,2,38,2,50,1,2,39,0,42,9,4,77,2,92,24,0,24,116
12/10/2003,CSG,GA,ASO,ES,Combined TRACON& Tower with Radar,7,1,27,1,36,0,0,1,1,2,7,1,28,2,38,0,0,0,38
12/11/2003,CSG,GA,ASO,ES,Combined TRACON& Tower with Radar,8,3,49,3,63,0,0,34,3,37,8,3,83,6,100,71,0,71,171
12/12/2003,CSG,GA,ASO,ES,Combined TRACON& Tower with Radar,11,2,43,3,59,0,0,26,9,35,11,2,69,12,94,66,0,66,160
12/13/2003,CSG,GA,ASO,ES,Combined TRACON& Tower with Radar,10,2,40,0,52,0,0,16,0,16,10,2,56,0,68,28,0,28,96
12/14/2003,CSG,GA,ASO,ES,Combined TRACON& Tower with Radar,4,0,16,0,20,5,0,2,0,7,9,0,18,0,27,18,0,18,45
12/15/2003,CSG,GA,ASO,ES,Combined TRACON& Tower with Radar,9,0,37,0,46,0,0,43,0,43,9,0,80,0,89,66,0,66,155
12/16/2003,CSG,GA,ASO,ES,Combined TRACON& Tower with Radar,8,1,30,0,39,3,2,31,0,36,11,3,61,0,75,10,0,10,85
12/17/2003,CSG,GA,ASO,ES,Combined TRACON& Tower with Radar,7,0,37,3,47,0,0,28,1,29,7,0,65,4,76,8,0,8,84
12/18/2003,CSG,GA,ASO,ES,Combined TRACON& Tower with Radar,11,1,46,0,58,0,1,48,0,49,11,2,94,0,107,22,0,22,129
12/19/2003,CSG,GA,ASO,ES,Combined TRACON& Tower with Radar,10,1,39,4,54,0,1,12,2,15,10,2,51,6,69,10,0,10,79
12/20/2003,CSG,GA,ASO,ES,Combined TRACON& Tower with Radar,10,0,51,0,61,0,0,46,0,46,10,0,97,0,107,46,0,46,153
12/21/2003,CSG,GA,ASO,ES,Combined TRACON& Tower with Radar,6,0,20,0,26,2,0,17,0,19,8,0,37,0,45,10,0,10,55
12/22/2003,CSG,GA,ASO,ES,Combined TRACON& Tower with Radar,8,0,28,0,36,2,0,31,0,33,10,0,59,0,69,86,0,86,155
12/23/2003,CSG,GA,ASO,ES,Combined TRACON& Tower with Radar,8,0,29,2,39,4,0,22,0,26,12,0,51,2,65,4,0,4,69
12/24/2003,CSG,GA,ASO,ES,Combined TRACON& Tower with Radar,4,0,16,0,20,6,0,0,0,6,10,0,16,0,26,12,0,12,38
12/25/2003,CSG,GA,ASO,ES,Combined TRACON& Tower with Radar,3,0,11,0,14,1,0,16,0,17,4,0,27,0,31,2,0,2,33
12/26/2003,CSG,GA,ASO,ES,Combined TRACON& Tower with Radar,4,0,34,0,38,0,0,45,0,45,4,0,79,0,83,10,0,10,93
12/27/2003,CSG,GA,ASO,ES,Combined TRACON& Tower with Radar,5,1,27,0,33,0,1,62,0,63,5,2,89,0,96,32,0,32,128
12/28/2003,CSG,GA,ASO,ES,Combined TRACON& Tower with Radar,8,1,32,0,41,1,1,36,0,38,9,2,68,0,79,40,0,40,119
12/29/2003,CSG,GA,ASO,ES,Combined TRACON& Tower with Radar,8,1,31,1,41,0,1,24,1,26,8,2,55,2,67,40,4,44,111
12/30/2003,CSG,GA,ASO,ES,Combined TRACON& Tower with Radar,8,0,31,1,40,0,0,27,0,27,8,0,58,1,67,18,0,18,85
12/31/2003,CSG,GA,ASO,ES,Combined TRACON& Tower with Radar,7,0,29,1,37,2,0,29,3,34,9,0,58,4,71,34,0,34,105
01/01/2004,CSG,GA,ASO,ES,Combined TRACON& Tower with Radar,5,0,21,0,26,2,0,35,0,37,7,0,56,0,63,32,0,32,95
01/02/2004,CSG,GA,ASO,ES,Combined TRACON& Tower with Radar,7,0,31,0,38,2,0,29,0,31,9,0,60,0,69,38,0,38,107
01/03/2004,CSG,GA,ASO,ES,Combined TRACON& Tower with Radar,6,0,29,0,35,2,0,4,0,6,8,0,33,0,41,16,0,16,57
01/04/2004,CSG,GA,ASO,ES,Combined TRACON& Tower with Radar,7,0,30,0,37,3,0,0,4,7,10,0,30,4,44,6,0,6,50
01/05/2004,CSG,GA,ASO,ES,Combined TRACON& Tower with Radar,7,1,28,0,36,0,1,0,0,1,7,2,28,0,37,0,0,0,37
01/06/2004,CSG,GA,ASO,ES,Combined TRACON& Tower with Radar,8,1,50,1,60,0,0,21,2,23,8,1,71,3,83,32,0,32,115
01/07/2004,CSG,GA,ASO,ES,Combined TRACON& Tower with Radar,10,0,47,1,58,0,0,27,16,43,10,0,74,17,101,82,4,86,187
01/08/2004,CSG,GA,ASO,ES,Combined TRACON& Tower with Radar,9,0,36,0,45,1,0,9,3,13,10,0,45,3,58,8,0,8,66
01/09/2004,CSG,GA,ASO,ES,Combined TRACON& Tower with Radar,8,3,34,0,45,0,3,4,0,7,8,6,38,0,52,70,0,70,122
01/10/2004,CSG,GA,ASO,ES,Combined TRACON& Tower with Radar,8,0,29,0,37,3,0,15,0,18,11,0,44,0,55,26,0,26,81
01/11/2004,CSG,GA,ASO,ES,Combined TRACON& Tower with Radar,8,0,32,1,41,1,0,37,5,43,9,0,69,6,84,88,0,88,172
01/12/2004,CSG,GA,ASO,ES,Combined TRACON& Tower with Radar,7,0,25,0,32,3,0,32,0,35,10,0,57,0,67,16,0,16,83
01/13/2004,CSG,GA,ASO,ES,Combined TRACON& Tower with Radar,9,1,37,1,48,1,0,46,4,51,10,1,83,5,99,50,12,62,161
01/14/2004,CSG,GA,ASO,ES,Combined TRACON& Tower with Radar,7,0,26,0,33,3,1,29,0,33,10,1,55,0,66,56,0,56,122
01/15/2004,CSG,GA,ASO,ES,Combined TRACON& Tower with Radar,10,0,47,2,59,0,0,50,2,52,10,0,97,4,111,124,0,124,235
01/16/2004,CSG,GA,ASO,ES,Combined TRACON& Tower with Radar,9,2,34,0,45,3,0,46,0,49,12,2,80,0,94,66,0,66,160
01/17/2004,CSG,GA,ASO,ES,Combined TRACON& Tower with Radar,6,0,21,0,27,3,0,16,0,19,9,0,37,0,46,6,0,6,52
01/18/2004,CSG,GA,ASO,ES,Combined TRACON& Tower with Radar,7,0,38,0,45,0,0,10,0,10,7,0,48,0,55,14,0,14,69
01/19/2004,CSG,GA,ASO,ES,Combined TRACON& Tower with Radar,8,0,31,0,39,1,0,50,0,51,9,0,81,0,90,74,0,74,164
01/20/2004,CSG,GA,ASO,ES,Combined TRACON& Tower with Radar,9,0,46,0,55,0,0,50,0,50,9,0,96,0,105,58,0,58,163
01/21/2004,CSG,GA,ASO,ES,Combined TRACON& Tower with Radar,9,0,45,0,54,0,0,62,0,62,9,0,107,0,116,72,2,74,190
01/22/2004,CSG,GA,ASO,ES,Combined TRACON& Tower with Radar,10,1,43,0,54,0,0,39,0,39,10,1,82,0,93,30,0,30,123
01/23/2004,CSG,GA,ASO,ES,Combined TRACON& Tower with Radar,10,1,55,2,68,0,0,61,4,65,10,1,116,6,133,120,2,122,255
01/24/2004,CSG,GA,ASO,ES,Combined TRACON& Tower with Radar,7,0,33,0,40,0,3,29,0,32,7,3,62,0,72,40,0,40,112
01/25/2004,CSG,GA,ASO,ES,Combined TRACON& Tower with Radar,9,0,37,0,46,0,0,11,0,11,9,0,48,0,57,22,0,22,79
01/26/2004,CSG,GA,ASO,ES,Combined TRACON& Tower with Radar,4,0,26,1,31,0,1,0,2,3,4,1,26,3,34,0,0,0,34
01/27/2004,CSG,GA,ASO,ES,Combined TRACON& Tower with Radar,8,0,32,1,41,1,7,13,2,23,9,7,45,3,64,18,4,22,86
01/28/2004,CSG,GA,ASO,ES,Combined TRACON& Tower with Radar,10,1,58,1,70,0,5,40,3,48,10,6,98,4,118,20,0,20,138
01/29/2004,CSG,GA,ASO,ES,Combined TRACON& Tower with Radar,10,0,60,0,70,0,0,65,0,65,10,0,125,0,135,80,0,80,215
01/30/2004,CSG,GA,ASO,ES,Combined TRACON& Tower with Radar,10,0,47,1,58,0,0,22,3,25,10,0,69,4,83,124,4,128,211
01/31/2004,CSG,GA,ASO,ES,Combined TRACON& Tower with Radar,9,1,47,1,58,0,2,77,1,80,9,3,124,2,138,52,0,52,190
02/01/2004,CSG,GA,ASO,ES,Combined TRACON& Tower with Radar,6,2,25,0,33,4,0,9,0,13,10,2,34,0,46,48,0,48,94
02/02/2004,CSG,GA,ASO,ES,Combined TRACON& Tower with Radar,4,0,19,0,23,4,0,0,0,4,8,0,19,0,27,0,0,0,27
02/03/2004,CSG,GA,ASO,ES,Combined TRACON& Tower with Radar,6,1,27,0,34,5,0,26,0,31,11,1,53,0,65,100,0,100,165
02/04/2004,CSG,GA,ASO,ES,Combined TRACON& Tower with Radar,9,3,47,1,60,0,2,52,0,54,9,5,99,1,114,58,0,58,172
02/05/2004,CSG,GA,ASO,ES,Combined TRACON& Tower with Radar,6,2,30,0,38,1,0,5,0,6,7,2,35,0,44,34,0,34,78
02/06/2004,CSG,GA,ASO,ES,Combined TRACON& Tower with Radar,4,1,20,0,25,1,2,0,0,3,5,3,20,0,28,0,0,0,28
02/07/2004,CSG,GA,ASO,ES,Combined TRACON& Tower with Radar,5,2,26,0,33,4,0,26,0,30,9,2,52,0,63,30,0,30,93
02/08/2004,CSG,GA,ASO,ES,Combined TRACON& Tower with Radar,8,2,32,0,42,0,0,42,0,42,8,2,74,0,84,118,0,118,202
02/09/2004,CSG,GA,ASO,ES,Combined TRACON& Tower with Radar,10,1,33,0,44,0,1,28,0,29,10,2,61,0,73,132,0,132,205
02/10/2004,CSG,GA,ASO,ES,Combined TRACON& Tower with Radar,8,0,26,1,35,1,0,18,1,20,9,0,44,2,55,72,0,72,127
02/11/2004,CSG,GA,ASO,ES,Combined TRACON& Tower with Radar,7,1,46,0,54,0,1,21,0,22,7,2,67,0,76,26,0,26,102
02/12/2004,CSG,GA,ASO,ES,Combined TRACON& Tower with Radar,4,0,41,2,47,0,0,9,8,17,4,0,50,10,64,26,0,26,90
02/13/2004,CSG,GA,ASO,ES,Combined TRACON& Tower with Radar,8,0,41,0,49,0,0,55,0,55,8,0,96,0,104,76,0,76,180
02/14/2004,CSG,GA,ASO,ES,Combined TRACON& Tower with Radar,4,0,5,0,9,6,2,0,0,8,10,2,5,0,17,0,0,0,17
02/15/2004,CSG,GA,ASO,ES,Combined TRACON& Tower with Radar,7,0,26,0,33,1,0,7,0,8,8,0,33,0,41,16,0,16,57
02/16/2004,CSG,GA,ASO,ES,Combined TRACON& Tower with Radar,8,1,44,0,53,0,1,19,0,20,8,2,63,0,73,44,0,44,117
02/17/2004,CSG,GA,ASO,ES,Combined TRACON& Tower with Radar,11,2,39,1,53,0,0,27,1,28,11,2,66,2,81,36,2,38,119
02/18/2004,CSG,GA,ASO,ES,Combined TRACON& Tower with Radar,7,0,46,0,53,0,0,53,0,53,7,0,99,0,106,82,2,84,190
02/19/2004,CSG,GA,ASO,ES,Combined TRACON& Tower with Radar,10,2,54,2,68,0,2,58,0,60,10,4,112,2,128,82,0,82,210
02/20/2004,CSG,GA,ASO,ES,Combined TRACON& Tower with Radar,8,0,27,0,35,2,0,31,0,33,10,0,58,0,68,52,0,52,120
02/21/2004,CSG,GA,ASO,ES,Combined TRACON& Tower with Radar,8,1,28,0,37,2,0,49,0,51,10,1,77,0,88,24,0,24,112
02/22/2004,CSG,GA,ASO,ES,Combined TRACON& Tower with Radar,7,0,25,0,32,1,0,56,0,57,8,0,81,0,89,56,0,56,145
02/23/2004,CSG,GA,ASO,ES,Combined TRACON& Tower with Radar,8,1,27,0,36,2,1,5,0,8,10,2,32,0,44,46,0,46,90
02/24/2004,CSG,GA,ASO,ES,Combined TRACON& Tower with Radar,9,1,32,0,42,0,0,1,4,5,9,1,33,4,47,40,0,40,87
02/25/2004,CSG,GA,ASO,ES,Combined TRACON& Tower with Radar,7,0,20,0,27,4,2,0,0,6,11,2,20,0,33,0,0,0,33
02/26/2004,CSG,GA,ASO,ES,Combined TRACON& Tower with Radar,8,1,35,0,44,0,2,2,0,4,8,3,37,0,48,18,0,18,66
02/27/2004,CSG,GA,ASO,ES,Combined TRACON& Tower with Radar,10,0,43,0,53,0,0,22,0,22,10,0,65,0,75,120,0,120,195
02/28/2004,CSG,GA,ASO,ES,Combined TRACON& Tower with Radar,11,0,40,0,51,1,0,126,14,141,12,0,166,14,192,134,0,134,326
02/29/2004,CSG,GA,ASO,ES,Combined TRACON& Tower with Radar,7,0,24,0,31,3,0,28,0,31,10,0,52,0,62,58,0,58,120
03/01/2004,CSG,GA,ASO,ES,Combined TRACON& Tower with Radar,9,0,47,1,57,0,0,35,0,35,9,0,82,1,92,44,0,44,136
03/02/2004,CSG,GA,ASO,ES,Combined TRACON& Tower with Radar,9,0,39,1,49,2,0,29,1,32,11,0,68,2,81,30,0,30,111
03/03/2004,CSG,GA,ASO,ES,Combined TRACON& Tower with Radar,7,0,36,1,44,3,0,35,1,39,10,0,71,2,83,76,0,76,159
03/04/2004,CSG,GA,ASO,ES,Combined TRACON& Tower with Radar,10,2,45,0,57,0,2,35,0,37,10,4,80,0,94,42,0,42,136
03/05/2004,CSG,GA,ASO,ES,Combined TRACON& Tower with Radar,10,2,49,1,62,0,1,11,3,15,10,3,60,4,77,36,0,36,113
03/06/2004,CSG,GA,ASO,ES,Combined TRACON& Tower with Radar,10,0,46,1,57,1,0,34,1,36,11,0,80,2,93,40,0,40,133
03/07/2004,CSG,GA,ASO,ES,Combined TRACON& Tower with Radar,6,1,28,0,35,4,3,36,0,43,10,4,64,0,78,32,0,32,110
03/08/2004,CSG,GA,ASO,ES,Combined TRACON& Tower with Radar,8,1,35,1,45,1,0,31,1,33,9,1,66,2,78,36,0,36,114
03/09/2004,CSG,GA,ASO,ES,Combined TRACON& Tower with Radar,7,0,29,0,36,4,0,11,0,15,11,0,40,0,51,14,0,14,65
03/10/2004,CSG,GA,ASO,ES,Combined TRACON& Tower with Radar,8,0,33,0,41,3,0,44,0,47,11,0,77,0,88,48,0,48,136
03/11/2004,CSG,GA,ASO,ES,Combined TRACON& Tower with Radar,10,2,49,1,62,0,2,55,1,58,10,4,104,2,120,114,2,116,236
03/12/2004,CSG,GA,ASO,ES,Combined TRACON& Tower with Radar,8,0,54,1,63,0,0,58,1,59,8,0,112,2,122,68,0,68,190
03/13/2004,CSG,GA,ASO,ES,Combined TRACON& Tower with Radar,7,0,28,0,35,3,0,53,0,56,10,0,81,0,91,52,0,52,143
03/14/2004,CSG,GA,ASO,ES,Combined TRACON& Tower with Radar,10,0,45,0,55,0,0,38,0,38,10,0,83,0,93,40,0,40,133
03/15/2004,CSG,GA,ASO,ES,Combined TRACON& Tower with Radar,9,2,37,1,49,0,0,21,1,22,9,2,58,2,71,86,0,86,157
03/16/2004,CSG,GA,ASO,ES,Combined TRACON& Tower with Radar,10,1,46,0,57,0,1,18,0,19,10,2,64,0,76,30,0,30,106
03/17/2004,CSG,GA,ASO,ES,Combined TRACON& Tower with Radar,8,1,48,0,57,0,0,57,0,57,8,1,105,0,114,48,0,48,162
03/18/2004,CSG,GA,ASO,ES,Combined TRACON& Tower with Radar,10,1,41,2,54,1,1,28,3,33,11,2,69,5,87,50,0,50,137
03/19/2004,CSG,GA,ASO,ES,Combined TRACON& Tower with Radar,14,1,55,2,72,0,0,71,4,75,14,1,126,6,147,84,10,94,241
03/20/2004,CSG,GA,ASO,ES,Combined TRACON& Tower with Radar,7,0,31,2,40,2,0,247,36,285,9,0,278,38,325,102,4,106,431
03/21/2004,CSG,GA,ASO,ES,Combined TRACON& Tower with Radar,5,0,19,1,25,3,0,126,46,175,8,0,145,47,200,66,4,70,270
03/22/2004,CSG,GA,ASO,ES,Combined TRACON& Tower with Radar,7,0,29,1,37,3,3,36,2,44,10,3,65,3,81,50,2,52,133
03/23/2004,CSG,GA,ASO,ES,Combined TRACON& Tower with Radar,10,0,41,0,51,0,0,41,0,41,10,0,82,0,92,114,0,114,206
03/24/2004,CSG,GA,ASO,ES,Combined TRACON& Tower with Radar,8,1,51,0,60,0,1,43,0,44,8,2,94,0,104,46,0,46,150
03/25/2004,CSG,GA,ASO,ES,Combined TRACON& Tower with Radar,8,0,45,0,53,0,0,53,0,53,8,0,98,0,106,88,0,88,194
03/26/2004,CSG,GA,ASO,ES,Combined TRACON& Tower with Radar,8,1,70,0,79,0,0,38,0,38,8,1,108,0,117,50,0,50,167
03/27/2004,CSG,GA,ASO,ES,Combined TRACON& Tower with Radar,8,1,47,0,56,0,0,92,0,92,8,1,139,0,148,68,0,68,216
03/28/2004,CSG,GA,ASO,ES,Combined TRACON& Tower with Radar,8,1,34,0,43,2,2,44,0,48,10,3,78,0,91,62,0,62,153
03/29/2004,CSG,GA,ASO,ES,Combined TRACON& Tower with Radar,8,1,32,0,41,2,3,25,0,30,10,4,57,0,71,44,0,44,115
03/30/2004,CSG,GA,ASO,ES,Combined TRACON& Tower with Radar,3,0,10,0,13,7,1,61,2,71,10,1,71,2,84,56,0,56,140
03/31/2004,CSG,GA,ASO,ES,Combined TRACON& Tower with Radar,10,1,42,1,54,1,3,28,3,35,11,4,70,4,89,46,0,46,135
04/01/2004,CSG,GA,ASO,ES,Combined TRACON& Tower with Radar,10,0,56,3,69,0,0,60,0,60,10,0,116,3,129,4,0,4,133
04/02/2004,CSG,GA,ASO,ES,Combined TRACON& Tower with Radar,9,2,47,1,59,0,0,28,0,28,9,2,75,1,87,40,0,40,127
04/03/2004,CSG,GA,ASO,ES,Combined TRACON& Tower with Radar,7,2,37,0,46,2,0,42,0,44,9,2,79,0,90,88,0,88,178
04/04/2004,CSG,GA,ASO,ES,Combined TRACON& Tower with Radar,5,0,26,0,31,2,0,27,0,29,7,0,53,0,60,58,0,58,118
04/05/2004,CSG,GA,ASO,ES,Combined TRACON& Tower with Radar,6,0,39,1,46,0,0,43,3,46,6,0,82,4,92,44,0,44,136
04/06/2004,CSG,GA,ASO,ES,Combined TRACON& Tower with Radar,9,1,47,2,59,0,0,21,17,38,9,1,68,19,97,58,0,58,155
04/07/2004,CSG,GA,ASO,ES,Combined TRACON& Tower with Radar,9,0,48,0,57,1,0,47,0,48,10,0,95,0,105,28,0,28,133
04/08/2004,CSG,GA,ASO,ES,Combined TRACON& Tower with Radar,11,2,59,2,74,0,10,8,0,18,11,12,67,2,92,30,0,30,122
04/09/2004,CSG,GA,ASO,ES,Combined TRACON& Tower with Radar,12,2,60,3,77,0,0,60,2,62,12,2,120,5,139,34,0,34,173
04/10/2004,CSG,GA,ASO,ES,Combined TRACON& Tower with Radar,9,2,41,0,52,11,1,50,0,62,20,3,91,0,114,42,0,42,156
04/11/2004,CSG,GA,ASO,ES,Combined TRACON& Tower with Radar,5,1,24,0,30,3,0,4,0,7,8,1,28,0,37,0,0,0,37
04/12/2004,CSG,GA,ASO,ES,Combined TRACON& Tower with Radar,7,0,28,0,35,0,0,12,0,12,7,0,40,0,47,28,0,28,75
04/13/2004,CSG,GA,ASO,ES,Combined TRACON& Tower with Radar,6,0,25,0,31,0,0,6,0,6,6,0,31,0,37,0,0,0,37
04/14/2004,CSG,GA,ASO,ES,Combined TRACON& Tower with Radar,8,0,38,1,47,1,0,52,3,56,9,0,90,4,103,0,0,0,103
04/15/2004,CSG,GA,ASO,ES,Combined TRACON& Tower with Radar,8,2,61,0,71,0,0,66,0,66,8,2,127,0,137,20,0,20,157
04/16/2004,CSG,GA,ASO,ES,Combined TRACON& Tower with Radar,8,0,47,3,58,0,0,53,2,55,8,0,100,5,113,60,0,60,173
04/17/2004,CSG,GA,ASO,ES,Combined TRACON& Tower with Radar,9,1,40,2,52,1,1,49,4,55,10,2,89,6,107,88,0,88,195
04/18/2004,CSG,GA,ASO,ES,Combined TRACON& Tower with Radar,7,0,30,0,37,2,1,45,0,48,9,1,75,0,85,86,0,86,171
04/19/2004,CSG,GA,ASO,ES,Combined TRACON& Tower with Radar,8,0,40,0,48,0,0,29,0,29,8,0,69,0,77,26,0,26,103
04/20/2004,CSG,GA,ASO,ES,Combined TRACON& Tower with Radar,8,1,42,2,53,0,0,46,0,46,8,1,88,2,99,46,0,46,145
04/21/2004,CSG,GA,ASO,ES,Combined TRACON& Tower with Radar,8,1,53,3,65,0,5,34,3,42,8,6,87,6,107,46,0,46,153
04/22/2004,CSG,GA,ASO,ES,Combined TRACON& Tower with Radar,8,0,45,0,53,0,0,25,0,25,8,0,70,0,78,4,0,4,82
04/23/2004,CSG,GA,ASO,ES,Combined TRACON& Tower with Radar,9,0,39,0,48,0,0,35,0,35,9,0,74,0,83,64,0,64,147
04/24/2004,CSG,GA,ASO,ES,Combined TRACON& Tower with Radar,7,0,33,0,40,3,0,82,0,85,10,0,115,0,125,34,0,34,159
04/25/2004,CSG,GA,ASO,ES,Combined TRACON& Tower with Radar,8,0,46,3,57,0,0,30,3,33,8,0,76,6,90,30,2,32,122
04/26/2004,CSG,GA,ASO,ES,Combined TRACON& Tower with Radar,9,0,38,1,48,1,0,0,5,6,10,0,38,6,54,10,0,10,64
04/27/2004,CSG,GA,ASO,ES,Combined TRACON& Tower with Radar,7,0,32,1,40,1,2,14,3,20,8,2,46,4,60,44,0,44,104
04/28/2004,CSG,GA,ASO,ES,Combined TRACON& Tower with Radar,8,0,40,0,48,0,0,53,0,53,8,0,93,0,101,56,0,56,157
04/29/2004,CSG,GA,ASO,ES,Combined TRACON& Tower with Radar,7,0,33,0,40,3,0,37,0,40,10,0,70,0,80,4,0,4,84
04/30/2004,CSG,GA,ASO,ES,Combined TRACON& Tower with Radar,5,0,25,1,31,4,0,7,5,16,9,0,32,6,47,48,12,60,107
05/01/2004,CSG,GA,ASO,ES,Combined TRACON& Tower with Radar,7,0,27,0,34,1,0,11,0,12,8,0,38,0,46,18,0,18,64
05/02/2004,CSG,GA,ASO,ES,Combined TRACON& Tower with Radar,10,0,49,0,59,0,0,5,0,5,10,0,54,0,64,14,0,14,78
05/03/2004,CSG,GA,ASO,ES,Combined TRACON& Tower with Radar,7,0,33,0,40,2,0,22,0,24,9,0,55,0,64,18,0,18,82
05/04/2004,CSG,GA,ASO,ES,Combined TRACON& Tower with Radar,8,1,37,0,46,1,0,36,4,41,9,1,73,4,87,82,0,82,169
05/05/2004,CSG,GA,ASO,ES,Combined TRACON& Tower with Radar,12,0,59,1,72,0,0,46,10,56,12,0,105,11,128,18,0,18,146
05/06/2004,CSG,GA,ASO,ES,Combined TRACON& Tower with Radar,8,2,50,0,60,0,0,37,0,37,8,2,87,0,97,26,0,26,123
05/07/2004,CSG,GA,ASO,ES,Combined TRACON& Tower with Radar,8,0,33,0,41,2,0,52,0,54,10,0,85,0,95,22,0,22,117
05/08/2004,CSG,GA,ASO,ES,Combined TRACON& Tower with Radar,5,0,20,0,25,4,0,31,0,35,9,0,51,0,60,64,0,64,124
05/09/2004,CSG,GA,ASO,ES,Combined TRACON& Tower with Radar,9,0,31,0,40,0,0,34,0,34,9,0,65,0,74,8,0,8,82
05/10/2004,CSG,GA,ASO,ES,Combined TRACON& Tower with Radar,8,0,27,1,36,0,0,38,1,39,8,0,65,2,75,72,0,72,147
05/11/2004,CSG,GA,ASO,ES,Combined TRACON& Tower with Radar,9,2,40,0,51,0,0,32,0,32,9,2,72,0,83,54,0,54,137
05/12/2004,CSG,GA,ASO,ES,Combined TRACON& Tower with Radar,10,1,46,0,57,0,7,4,0,11,10,8,50,0,68,26,0,26,94
05/13/2004,CSG,GA,ASO,ES,Combined TRACON& Tower with Radar,9,1,35,1,46,0,0,17,11,28,9,1,52,12,74,54,0,54,128
05/14/2004,CSG,GA,ASO,ES,Combined TRACON& Tower with Radar,9,1,48,0,58,0,4,44,0,48,9,5,92,0,106,60,0,60,166
05/15/2004,CSG,GA,ASO,ES,Combined TRACON& Tower with Radar,5,0,18,0,23,2,0,45,0,47,7,0,63,0,70,36,0,36,106
05/16/2004,CSG,GA,ASO,ES,Combined TRACON& Tower with Radar,9,0,32,1,42,1,0,26,4,31,10,0,58,5,73,56,0,56,129
05/17/2004,CSG,GA,ASO,ES,Combined TRACON& Tower with Radar,9,0,32,1,42,3,0,33,0,36,12,0,65,1,78,64,0,64,142
05/18/2004,CSG,GA,ASO,ES,Combined TRACON& Tower with Radar,10,1,35,1,47,0,0,25,1,26,10,1,60,2,73,33,1,34,107
05/19/2004,CSG,GA,ASO,ES,Combined TRACON& Tower with Radar,9,1,40,0,50,0,0,37,0,37,9,1,77,0,87,80,0,80,167
05/20/2004,CSG,GA,ASO,ES,Combined TRACON& Tower with Radar,8,1,43,0,52,0,0,28,0,28,8,1,71,0,80,18,0,18,98
05/21/2004,CSG,GA,ASO,ES,Combined TRACON& Tower with Radar,8,1,33,0,42,0,2,32,0,34,8,3,65,0,76,40,0,40,116
05/22/2004,CSG,GA,ASO,ES,Combined TRACON& Tower with Radar,10,1,34,0,45,1,0,46,0,47,11,1,80,0,92,38,0,38,130
05/23/2004,CSG,GA,ASO,ES,Combined TRACON& Tower with Radar,9,1,37,0,47,0,1,37,0,38,9,2,74,0,85,54,0,54,139
05/24/2004,CSG,GA,ASO,ES,Combined TRACON& Tower with Radar,9,0,31,0,40,0,1,17,0,18,9,1,48,0,58,34,0,34,92
05/25/2004,CSG,GA,ASO,ES,Combined TRACON& Tower with Radar,8,0,29,0,37,1,0,37,0,38,9,0,66,0,75,46,0,46,121
05/26/2004,CSG,GA,ASO,ES,Combined TRACON& Tower with Radar,10,1,34,0,45,0,1,36,6,43,10,2,70,6,88,86,2,88,176
05/27/2004,CSG,GA,ASO,ES,Combined TRACON& Tower with Radar,9,0,34,0,43,0,0,25,0,25,9,0,59,0,68,82,0,82,150
05/28/2004,CSG,GA,ASO,ES,Combined TRACON& Tower with Radar,8,0,31,0,39,1,0,21,0,22,9,0,52,0,61,44,0,44,105
05/29/2004,CSG,GA,ASO,ES,Combined TRACON& Tower with Radar,8,0,27,0,35,3,0,41,0,44,11,0,68,0,79,54,0,54,133
05/30/2004,CSG,GA,ASO,ES,Combined TRACON& Tower with Radar,7,0,23,0,30,2,1,18,0,21,9,1,41,0,51,2,0,2,53
05/31/2004,CSG,GA,ASO,ES,Combined TRACON& Tower with Radar,5,0,16,0,21,2,3,7,0,12,7,3,23,0,33,0,0,0,33
06/01/2004,CSG,GA,ASO,ES,Combined TRACON& Tower with Radar,7,0,29,0,36,2,0,15,0,17,9,0,44,0,53,32,0,32,85
06/02/2004,CSG,GA,ASO,ES,Combined TRACON& Tower with Radar,8,1,39,0,48,3,0,17,0,20,11,1,56,0,68,28,0,28,96
06/03/2004,CSG,GA,ASO,ES,Combined TRACON& Tower with Radar,8,3,38,1,50,2,0,1,5,8,10,3,39,6,58,68,0,68,126
06/04/2004,CSG,GA,ASO,ES,Combined TRACON& Tower with Radar,9,2,48,0,59,0,2,49,0,51,9,4,97,0,110,33,0,33,143
06/05/2004,CSG,GA,ASO,ES,Combined TRACON& Tower with Radar,4,0,25,0,29,4,0,45,0,49,8,0,70,0,78,34,0,34,112
06/06/2004,CSG,GA,ASO,ES,Combined TRACON& Tower with Radar,6,0,28,0,34,2,0,55,0,57,8,0,83,0,91,22,0,22,113
06/07/2004,CSG,GA,ASO,ES,Combined TRACON& Tower with Radar,6,1,26,1,34,1,1,8,1,11,7,2,34,2,45,42,4,46,91
06/08/2004,CSG,GA,ASO,ES,Combined TRACON& Tower with Radar,7,1,32,0,40,2,2,14,0,18,9,3,46,0,58,16,0,16,74
06/09/2004,CSG,GA,ASO,ES,Combined TRACON& Tower with Radar,9,2,43,0,54,0,2,18,0,20,9,4,61,0,74,24,0,24,98
06/10/2004,CSG,GA,ASO,ES,Combined TRACON& Tower with Radar,8,1,37,0,46,0,2,24,0,26,8,3,61,0,72,26,0,26,98
06/11/2004,CSG,GA,ASO,ES,Combined TRACON& Tower with Radar,9,2,43,0,54,0,0,48,0,48,9,2,91,0,102,40,0,40,142
06/12/2004,CSG,GA,ASO,ES,Combined TRACON& Tower with Radar,6,0,19,0,25,1,0,37,0,38,7,0,56,0,63,58,0,58,121
06/13/2004,CSG,GA,ASO,ES,Combined TRACON& Tower with Radar,8,0,29,0,37,2,0,16,0,18,10,0,45,0,55,38,0,38,93
06/14/2004,CSG,GA,ASO,ES,Combined TRACON& Tower with Radar,8,1,28,0,37,2,1,1,0,4,10,2,29,0,41,12,0,12,53
06/15/2004,CSG,GA,ASO,ES,Combined TRACON& Tower with Radar,8,1,29,0,38,2,0,3,0,5,10,1,32,0,43,8,0,8,51
06/16/2004,CSG,GA,ASO,ES,Combined TRACON& Tower with Radar,9,2,40,0,51,0,0,26,0,26,9,2,66,0,77,14,0,14,91
06/17/2004,CSG,GA,ASO,ES,Combined TRACON& Tower with Radar,9,0,34,1,44,0,0,38,0,38,9,0,72,1,82,44,0,44,126
06/18/2004,CSG,GA,ASO,ES,Combined TRACON& Tower with Radar,10,0,40,1,51,0,0,20,3,23,10,0,60,4,74,76,0,76,150
06/19/2004,CSG,GA,ASO,ES,Combined TRACON& Tower with Radar,6,0,20,0,26,4,0,35,0,39,10,0,55,0,65,54,0,54,119
06/20/2004,CSG,GA,ASO,ES,Combined TRACON& Tower with Radar,9,1,33,0,43,0,0,46,0,46,9,1,79,0,89,48,0,48,137
06/21/2004,CSG,GA,ASO,ES,Combined TRACON& Tower with Radar,9,0,31,0,40,0,0,12,0,12,9,0,43,0,52,56,2,58,110
06/22/2004,CSG,GA,ASO,ES,Combined TRACON& Tower with Radar,9,0,41,0,50,0,0,10,0,10,9,0,51,0,60,36,2,38,98
06/23/2004,CSG,GA,ASO,ES,Combined TRACON& Tower with Radar,9,1,39,0,49,0,0,6,4,10,9,1,45,4,59,52,0,52,111
06/24/2004,CSG,GA,ASO,ES,Combined TRACON& Tower with Radar,5,1,39,0,45,0,0,20,5,25,5,1,59,5,70,18,0,18,88
06/25/2004,CSG,GA,ASO,ES,Combined TRACON& Tower with Radar,9,1,46,1,57,0,4,3,0,7,9,5,49,1,64,2,0,2,66
06/26/2004,CSG,GA,ASO,ES,Combined TRACON& Tower with Radar,7,1,25,0,33,2,2,72,2,78,9,3,97,2,111,50,0,50,161
06/27/2004,CSG,GA,ASO,ES,Combined TRACON& Tower with Radar,8,1,31,0,40,1,0,9,0,10,9,1,40,0,50,10,0,10,60
06/28/2004,CSG,GA,ASO,ES,Combined TRACON& Tower with Radar,6,1,47,0,54,0,2,28,0,30,6,3,75,0,84,26,0,26,110
06/29/2004,CSG,GA,ASO,ES,Combined TRACON& Tower with Radar,8,0,30,0,38,2,0,28,1,31,10,0,58,1,69,42,0,42,111
06/30/2004,CSG,GA,ASO,ES,Combined TRACON& Tower with Radar,9,1,41,0,51,0,0,12,0,12,9,1,53,0,63,44,0,44,107
07/01/2004,CSG,GA,ASO,ES,Combined TRACON& Tower with Radar,7,1,34,0,42,0,0,41,0,41,7,1,75,0,83,24,0,24,107
07/02/2004,CSG,GA,ASO,ES,Combined TRACON& Tower with Radar,7,2,31,0,40,1,0,14,0,15,8,2,45,0,55,10,0,10,65
07/03/2004,CSG,GA,ASO,ES,Combined TRACON& Tower with Radar,6,0,27,0,33,1,0,42,0,43,7,0,69,0,76,22,0,22,98
07/04/2004,CSG,GA,ASO,ES,Combined TRACON& Tower with Radar,7,0,27,0,34,6,0,0,0,6,13,0,27,0,40,26,0,26,66
07/05/2004,CSG,GA,ASO,ES,Combined TRACON& Tower with Radar,6,0,26,0,32,2,0,20,0,22,8,0,46,0,54,28,0,28,82
07/06/2004,CSG,GA,ASO,ES,Combined TRACON& Tower with Radar,7,1,26,0,34,0,0,46,0,46,7,1,72,0,80,76,0,76,156
07/07/2004,CSG,GA,ASO,ES,Combined TRACON& Tower with Radar,8,2,32,0,42,0,0,34,0,34,8,2,66,0,76,26,0,26,102
07/08/2004,CSG,GA,ASO,ES,Combined TRACON& Tower with Radar,8,0,34,0,42,0,0,37,0,37,8,0,71,0,79,46,0,46,125
07/09/2004,CSG,GA,ASO,ES,Combined TRACON& Tower with Radar,10,0,35,1,46,0,0,57,1,58,10,0,92,2,104,34,0,34,138
07/10/2004,CSG,GA,ASO,ES,Combined TRACON& Tower with Radar,7,1,26,0,34,0,2,49,0,51,7,3,75,0,85,90,0,90,175
07/11/2004,CSG,GA,ASO,ES,Combined TRACON& Tower with Radar,8,2,42,0,52,0,0,41,0,41,8,2,83,0,93,64,2,66,159
07/12/2004,CSG,GA,ASO,ES,Combined TRACON& Tower with Radar,8,0,30,0,38,3,0,35,0,38,11,0,65,0,76,48,0,48,124
07/13/2004,CSG,GA,ASO,ES,Combined TRACON& Tower with Radar,11,0,38,1,50,1,0,21,5,27,12,0,59,6,77,56,0,56,133
07/14/2004,CSG,GA,ASO,ES,Combined TRACON& Tower with Radar,10,1,35,0,46,0,0,28,0,28,10,1,63,0,74,26,0,26,100
07/15/2004,CSG,GA,ASO,ES,Combined TRACON& Tower with Radar,9,1,49,2,61,0,0,43,2,45,9,1,92,4,106,40,0,40,146
07/16/2004,CSG,GA,ASO,ES,Combined TRACON& Tower with Radar,8,0,29,1,38,3,0,46,1,50,11,0,75,2,88,66,0,66,154
07/17/2004,CSG,GA,ASO,ES,Combined TRACON& Tower with Radar,6,0,22,0,28,1,0,20,0,21,7,0,42,0,49,42,0,42,91
07/18/2004,CSG,GA,ASO,ES,Combined TRACON& Tower with Radar,8,1,30,2,41,2,1,16,2,21,10,2,46,4,62,56,2,58,120
07/19/2004,CSG,GA,ASO,ES,Combined TRACON& Tower with Radar,9,1,32,2,44,0,2,38,0,40,9,3,70,2,84,70,0,70,154
07/20/2004,CSG,GA,ASO,ES,Combined TRACON& Tower with Radar,8,1,34,0,43,0,0,63,0,63,8,1,97,0,106,88,6,94,200
07/21/2004,CSG,GA,ASO,ES,Combined TRACON& Tower with Radar,9,1,41,2,53,0,0,32,6,38,9,1,73,8,91,34,24,58,149
07/22/2004,CSG,GA,ASO,ES,Combined TRACON& Tower with Radar,9,1,35,2,47,0,3,24,0,27,9,4,59,2,74,78,0,78,152
07/23/2004,CSG,GA,ASO,ES,Combined TRACON& Tower with Radar,8,1,29,0,38,2,3,23,0,28,10,4,52,0,66,42,0,42,108
07/24/2004,CSG,GA,ASO,ES,Combined TRACON& Tower with Radar,4,0,13,0,17,2,0,43,0,45,6,0,56,0,62,42,0,42,104
07/25/2004,CSG,GA,ASO,ES,Combined TRACON& Tower with Radar,10,0,46,1,57,0,0,23,0,23,10,0,69,1,80,30,0,30,110
07/26/2004,CSG,GA,ASO,ES,Combined TRACON& Tower with Radar,7,0,26,0,33,3,5,5,0,13,10,5,31,0,46,16,0,16,62
07/27/2004,CSG,GA,ASO,ES,Combined TRACON& Tower with Radar,9,0,43,1,53,0,0,23,0,23,9,0,66,1,76,40,14,54,130
07/28/2004,CSG,GA,ASO,ES,Combined TRACON& Tower with Radar,8,1,44,0,53,0,0,30,0,30,8,1,74,0,83,40,0,40,123
07/29/2004,CSG,GA,ASO,ES,Combined TRACON& Tower with Radar,9,2,47,0,58,0,0,26,0,26,9,2,73,0,84,24,0,24,108
07/30/2004,CSG,GA,ASO,ES,Combined TRACON& Tower with Radar,8,1,32,0,41,3,1,10,0,14,11,2,42,0,55,18,0,18,73
07/31/2004,CSG,GA,ASO,ES,Combined TRACON& Tower with Radar,7,0,27,0,34,0,0,85,2,87,7,0,112,2,121,28,0,28,149
08/01/2004,CSG,GA,ASO,ES,Combined TRACON& Tower with Radar,5,0,28,0,33,2,0,43,0,45,7,0,71,0,78,66,0,66,144
08/02/2004,CSG,GA,ASO,ES,Combined TRACON& Tower with Radar,5,2,34,0,41,3,0,74,0,77,8,2,108,0,118,76,0,76,194
08/03/2004,CSG,GA,ASO,ES,Combined TRACON& Tower with Radar,6,3,37,0,46,2,1,45,0,48,8,4,82,0,94,50,0,50,144
08/04/2004,CSG,GA,ASO,ES,Combined TRACON& Tower with Radar,8,2,48,0,58,1,0,47,8,56,9,2,95,8,114,54,4,58,172
08/05/2004,CSG,GA,ASO,ES,Combined TRACON& Tower with Radar,9,1,55,1,66,0,0,41,1,42,9,1,96,2,108,30,0,30,138
08/06/2004,CSG,GA,ASO,ES,Combined TRACON& Tower with Radar,8,1,46,0,55,0,0,45,0,45,8,1,91,0,100,26,0,26,126
08/07/2004,CSG,GA,ASO,ES,Combined TRACON& Tower with Radar,4,0,20,1,25,0,3,63,1,67,4,3,83,2,92,70,0,70,162
08/08/2004,CSG,GA,ASO,ES,Combined TRACON& Tower with Radar,8,1,36,0,45,1,4,68,0,73,9,5,104,0,118,58,0,58,176
08/09/2004,CSG,GA,ASO,ES,Combined TRACON& Tower with Radar,7,0,29,0,36,4,0,22,0,26,11,0,51,0,62,62,0,62,124
08/10/2004,CSG,GA,ASO,ES,Combined TRACON& Tower with Radar,5,0,27,1,33,0,0,3,1,4,5,0,30,2,37,0,0,0,37
08/11/2004,CSG,GA,ASO,ES,Combined TRACON& Tower with Radar,9,0,47,1,57,0,0,13,1,14,9,0,60,2,71,12,0,12,83
08/12/2004,CSG,GA,ASO,ES,Combined TRACON& Tower with Radar,5,1,31,1,38,0,1,9,1,11,5,2,40,2,49,22,0,22,71
08/13/2004,CSG,GA,ASO,ES,Combined TRACON& Tower with Radar,7,0,30,0,37,1,0,57,0,58,8,0,87,0,95,62,0,62,157
08/14/2004,CSG,GA,ASO,ES,Combined TRACON& Tower with Radar,4,0,18,0,22,3,2,53,0,58,7,2,71,0,80,114,0,114,194
08/15/2004,CSG,GA,ASO,ES,Combined TRACON& Tower with Radar,7,0,33,0,40,1,0,52,0,53,8,0,85,0,93,76,0,76,169
08/16/2004,CSG,GA,ASO,ES,Combined TRACON& Tower with Radar,10,1,44,1,56,1,0,17,1,19,11,1,61,2,75,92,0,92,167
08/17/2004,CSG,GA,ASO,ES,Combined TRACON& Tower with Radar,10,1,51,1,63,0,0,19,2,21,10,1,70,3,84,48,0,48,132
08/18/2004,CSG,GA,ASO,ES,Combined TRACON& Tower with Radar,9,1,40,1,51,0,1,32,3,36,9,2,72,4,87,48,0,48,135
08/19/2004,CSG,GA,ASO,ES,Combined TRACON& Tower with Radar,9,2,42,1,54,0,5,28,1,34,9,7,70,2,88,60,2,62,150
08/20/2004,CSG,GA,ASO,ES,Combined TRACON& Tower with Radar,6,0,28,0,34,0,0,11,0,11,6,0,39,0,45,50,0,50,95
08/21/2004,CSG,GA,ASO,ES,Combined TRACON& Tower with Radar,9,1,42,0,52,0,0,39,0,39,9,1,81,0,91,10,0,10,101
08/22/2004,CSG,GA,ASO,ES,Combined TRACON& Tower with Radar,8,0,36,1,45,2,0,14,3,19,10,0,50,4,64,88,0,88,152
08/23/2004,CSG,GA,ASO,ES,Combined TRACON& Tower with Radar,8,0,33,1,42,0,0,1,9,10,8,0,34,10,52,62,14,76,128
08/24/2004,CSG,GA,ASO,ES,Combined TRACON& Tower with Radar,8,2,36,0,46,1,2,25,0,28,9,4,61,0,74,96,0,96,170
08/25/2004,CSG,GA,ASO,ES,Combined TRACON& Tower with Radar,8,0,33,1,42,1,0,27,1,29,9,0,60,2,71,38,0,38,109
08/26/2004,CSG,GA,ASO,ES,Combined TRACON& Tower with Radar,8,0,35,0,43,1,0,29,0,30,9,0,64,0,73,30,0,30,103
08/27/2004,CSG,GA,ASO,ES,Combined TRACON& Tower with Radar,9,2,41,0,52,1,3,39,0,43,10,5,80,0,95,56,0,56,151
08/28/2004,CSG,GA,ASO,ES,Combined TRACON& Tower with Radar,7,2,109,1,119,0,0,18,1,19,7,2,127,2,138,76,0,76,214
08/29/2004,CSG,GA,ASO,ES,Combined TRACON& Tower with Radar,7,1,41,0,49,0,0,34,0,34,7,1,75,0,83,40,0,40,123
08/30/2004,CSG,GA,ASO,ES,Combined TRACON& Tower with Radar,9,2,43,0,54,0,0,26,0,26,9,2,69,0,80,26,0,26,106
08/31/2004,CSG,GA,ASO,ES,Combined TRACON& Tower with Radar,8,2,42,0,52,0,4,15,6,25,8,6,57,6,77,18,26,44,121
09/01/2004,CSG,GA,ASO,ES,Combined TRACON& Tower with Radar,9,2,40,0,51,1,0,31,0,32,10,2,71,0,83,66,2,68,151
09/02/2004,CSG,GA,ASO,ES,Combined TRACON& Tower with Radar,10,0,60,2,72,0,0,38,13,51,10,0,98,15,123,26,6,32,155
09/03/2004,CSG,GA,ASO,ES,Combined TRACON& Tower with Radar,9,3,43,1,56,0,2,37,1,40,9,5,80,2,96,70,2,72,168
09/04/2004,CSG,GA,ASO,ES,Combined TRACON& Tower with Radar,5,0,23,0,28,5,0,31,0,36,10,0,54,0,64,22,0,22,86
09/05/2004,CSG,GA,ASO,ES,Combined TRACON& Tower with Radar,3,0,15,0,18,5,0,37,0,42,8,0,52,0,60,34,0,34,94
09/06/2004,CSG,GA,ASO,ES,Combined TRACON& Tower with Radar,0,0,2,0,2,4,0,0,0,4,4,0,2,0,6,0,0,0,6
09/07/2004,CSG,GA,ASO,ES,Combined TRACON& Tower with Radar,3,0,12,0,15,3,0,0,0,3,6,0,12,0,18,0,0,0,18
09/08/2004,CSG,GA,ASO,ES,Combined TRACON& Tower with Radar,11,0,45,0,56,3,0,5,0,8,14,0,50,0,64,0,0,0,64
09/09/2004,CSG,GA,ASO,ES,Combined TRACON& Tower with Radar,8,4,48,1,61,0,0,50,5,55,8,4,98,6,116,56,0,56,172
09/10/2004,CSG,GA,ASO,ES,Combined TRACON& Tower with Radar,12,1,54,1,68,0,0,39,1,40,12,1,93,2,108,32,0,32,140
09/11/2004,CSG,GA,ASO,ES,Combined TRACON& Tower with Radar,7,3,25,0,35,2,0,14,2,18,9,3,39,2,53,28,0,28,81
09/12/2004,CSG,GA,ASO,ES,Combined TRACON& Tower with Radar,9,2,40,1,52,0,0,34,9,43,9,2,74,10,95,40,0,40,135
09/13/2004,CSG,GA,ASO,ES,Combined TRACON& Tower with Radar,10,3,39,1,53,1,2,13,1,17,11,5,52,2,70,34,0,34,104
09/14/2004,CSG,GA,ASO,ES,Combined TRACON& Tower with Radar,8,2,33,2,45,2,2,16,0,20,10,4,49,2,65,20,0,20,85
09/15/2004,CSG,GA,ASO,ES,Combined TRACON& Tower with Radar,6,1,16,0,23,2,3,0,0,5,8,4,16,0,28,2,0,2,30
09/16/2004,CSG,GA,ASO,ES,Combined TRACON& Tower with Radar,0,0,0,0,0,0,0,1,0,1,0,0,1,0,1,0,0,0,1
09/17/2004,CSG,GA,ASO,ES,Combined TRACON& Tower with Radar,5,1,19,0,25,1,4,11,0,16,6,5,30,0,41,22,0,22,63
09/18/2004,CSG,GA,ASO,ES,Combined TRACON& Tower with Radar,8,0,38,0,46,0,0,42,0,42,8,0,80,0,88,66,0,66,154
09/19/2004,CSG,GA,ASO,ES,Combined TRACON& Tower with Radar,6,1,28,1,36,0,1,56,11,68,6,2,84,12,104,46,0,46,150
09/20/2004,CSG,GA,ASO,ES,Combined TRACON& Tower with Radar,8,1,28,1,38,1,0,22,1,24,9,1,50,2,62,40,0,40,102
09/21/2004,CSG,GA,ASO,ES,Combined TRACON& Tower with Radar,9,2,42,0,53,0,1,50,0,51,9,3,92,0,104,14,0,14,118
09/22/2004,CSG,GA,ASO,ES,Combined TRACON& Tower with Radar,8,2,42,0,52,0,4,26,0,30,8,6,68,0,82,18,0,18,100
09/23/2004,CSG,GA,ASO,ES,Combined TRACON& Tower with Radar,8,2,37,2,49,0,2,58,0,60,8,4,95,2,109,58,0,58,167
09/24/2004,CSG,GA,ASO,ES,Combined TRACON& Tower with Radar,8,2,45,0,55,0,0,43,0,43,8,2,88,0,98,108,0,108,206
09/25/2004,CSG,GA,ASO,ES,Combined TRACON& Tower with Radar,7,2,33,0,42,0,0,106,0,106,7,2,139,0,148,68,0,68,216
09/26/2004,CSG,GA,ASO,ES,Combined TRACON& Tower with Radar,9,1,31,0,41,0,1,40,0,41,9,2,71,0,82,8,0,8,90
09/27/2004,CSG,GA,ASO,ES,Combined TRACON& Tower with Radar,4,0,12,0,16,4,1,0,0,5,8,1,12,0,21,0,0,0,21
09/28/2004,CSG,GA,ASO,ES,Combined TRACON& Tower with Radar,9,2,49,1,61,0,0,43,7,50,9,2,92,8,111,26,12,38,149
09/29/2004,CSG,GA,ASO,ES,Combined TRACON& Tower with Radar,10,2,40,1,53,0,3,31,7,41,10,5,71,8,94,8,20,28,122
09/30/2004,CSG,GA,ASO,ES,Combined TRACON& Tower with Radar,9,0,38,1,48,0,0,39,5,44,9,0,77,6,92,36,0,36,128
10/01/2004,CSG,GA,ASO,ES,Combined TRACON& Tower with Radar,0,0,0,0,0,12,5,127,1,145,12,5,127,1,145,100,0,100,245
10/02/2004,CSG,GA,ASO,ES,Combined TRACON& Tower with Radar,0,0,0,0,0,7,0,81,0,88,7,0,81,0,88,72,0,72,160
10/03/2004,CSG,GA,ASO,ES,Combined TRACON& Tower with Radar,0,0,0,0,0,7,0,71,0,78,7,0,71,0,78,50,0,50,128
10/04/2004,CSG,GA,ASO,ES,Combined TRACON& Tower with Radar,0,0,0,0,0,9,2,92,4,107,9,2,92,4,107,104,18,122,229
10/05/2004,CSG,GA,ASO,ES,Combined TRACON& Tower with Radar,0,0,0,0,0,9,5,88,0,102,9,5,88,0,102,88,0,88,190
10/06/2004,CSG,GA,ASO,ES,Combined TRACON& Tower with Radar,0,0,0,0,0,10,4,85,0,99,10,4,85,0,99,86,0,86,185
10/07/2004,CSG,GA,ASO,ES,Combined TRACON& Tower with Radar,0,0,0,0,0,9,1,63,6,79,9,1,63,6,79,28,4,32,111
10/08/2004,CSG,GA,ASO,ES,Combined TRACON& Tower with Radar,0,0,0,0,0,10,0,78,0,88,10,0,78,0,88,60,0,60,148
10/09/2004,CSG,GA,ASO,ES,Combined TRACON& Tower with Radar,0,0,0,0,0,5,0,34,0,39,5,0,34,0,39,24,0,24,63
10/10/2004,CSG,GA,ASO,ES,Combined TRACON& Tower with Radar,0,0,0,0,0,10,0,60,0,70,10,0,60,0,70,10,0,10,80
10/11/2004,CSG,GA,ASO,ES,Combined TRACON& Tower with Radar,0,0,0,0,0,8,0,46,0,54,8,0,46,0,54,4,0,4,58
10/12/2004,CSG,GA,ASO,ES,Combined TRACON& Tower with Radar,0,0,0,0,0,8,5,49,2,64,8,5,49,2,64,24,0,24,88
10/13/2004,CSG,GA,ASO,ES,Combined TRACON& Tower with Radar,0,0,0,0,0,6,6,79,0,91,6,6,79,0,91,44,0,44,135
10/14/2004,CSG,GA,ASO,ES,Combined TRACON& Tower with Radar,0,0,0,0,0,9,0,81,2,92,9,0,81,2,92,36,0,36,128
10/15/2004,CSG,GA,ASO,ES,Combined TRACON& Tower with Radar,0,0,0,0,0,12,3,89,2,106,12,3,89,2,106,40,0,40,146
10/16/2004,CSG,GA,ASO,ES,Combined TRACON& Tower with Radar,0,0,0,0,0,6,0,91,0,97,6,0,91,0,97,46,0,46,143
10/17/2004,CSG,GA,ASO,ES,Combined TRACON& Tower with Radar,0,0,0,0,0,7,0,106,0,113,7,0,106,0,113,52,0,52,165
10/18/2004,CSG,GA,ASO,ES,Combined TRACON& Tower with Radar,0,0,0,0,0,6,3,61,2,72,6,3,61,2,72,46,0,46,118
10/19/2004,CSG,GA,ASO,ES,Combined TRACON& Tower with Radar,0,0,0,0,0,7,2,27,0,36,7,2,27,0,36,0,0,0,36
10/20/2004,CSG,GA,ASO,ES,Combined TRACON& Tower with Radar,0,0,0,0,0,9,1,84,0,94,9,1,84,0,94,24,2,26,120
10/21/2004,CSG,GA,ASO,ES,Combined TRACON& Tower with Radar,0,0,0,0,0,8,2,66,2,78,8,2,66,2,78,32,4,36,114
10/22/2004,CSG,GA,ASO,ES,Combined TRACON& Tower with Radar,0,0,0,0,0,11,4,68,3,86,11,4,68,3,86,44,0,44,130
10/23/2004,CSG,GA,ASO,ES,Combined TRACON& Tower with Radar,0,0,0,0,0,6,0,72,0,78,6,0,72,0,78,56,0,56,134
10/24/2004,CSG,GA,ASO,ES,Combined TRACON& Tower with Radar,0,0,0,0,0,8,0,76,0,84,8,0,76,0,84,60,2,62,146
10/25/2004,CSG,GA,ASO,ES,Combined TRACON& Tower with Radar,0,0,0,0,0,6,4,59,9,78,6,4,59,9,78,52,24,76,154
10/26/2004,CSG,GA,ASO,ES,Combined TRACON& Tower with Radar,0,0,0,0,0,7,10,70,8,95,7,10,70,8,95,14,0,14,109
10/27/2004,CSG,GA,ASO,ES,Combined TRACON& Tower with Radar,0,0,0,0,0,7,5,74,8,94,7,5,74,8,94,40,3,43,137
10/28/2004,CSG,GA,ASO,ES,Combined TRACON& Tower with Radar,0,0,0,0,0,9,1,55,5,70,9,1,55,5,70,18,0,18,88
10/29/2004,CSG,GA,ASO,ES,Combined TRACON& Tower with Radar,0,0,0,0,0,12,1,61,2,76,12,1,61,2,76,8,28,36,112
10/30/2004,CSG,GA,ASO,ES,Combined TRACON& Tower with Radar,0,0,0,0,0,6,0,67,4,77,6,0,67,4,77,28,0,28,105
10/31/2004,CSG,GA,ASO,ES,Combined TRACON& Tower with Radar,0,0,0,0,0,9,0,75,0,84,9,0,75,0,84,74,0,74,158
11/01/2004,CSG,GA,ASO,ES,Towers with Radar,9,0,44,5,58,0,0,30,9,39,9,0,74,14,97,30,20,50,147
11/02/2004,CSG,GA,ASO,ES,Towers with Radar,7,0,43,3,53,2,0,7,0,9,9,0,50,3,62,31,0,31,93
11/03/2004,CSG,GA,ASO,ES,Towers with Radar,8,2,42,2,54,0,1,1,3,5,8,3,43,5,59,16,0,16,75
11/04/2004,CSG,GA,ASO,ES,Towers with Radar,12,5,52,1,70,0,0,36,3,39,12,5,88,4,109,34,1,35,144
11/05/2004,CSG,GA,ASO,ES,Towers with Radar,10,0,58,2,70,0,0,41,2,43,10,0,99,4,113,63,6,69,182
11/06/2004,CSG,GA,ASO,ES,Towers with Radar,8,0,47,2,57,0,0,55,0,55,8,0,102,2,112,64,0,64,176
11/07/2004,CSG,GA,ASO,ES,Towers with Radar,6,3,29,0,38,0,0,37,0,37,6,3,66,0,75,72,0,72,147
11/08/2004,CSG,GA,ASO,ES,Towers with Radar,10,1,43,3,57,0,0,28,4,32,10,1,71,7,89,46,0,46,135
11/09/2004,CSG,GA,ASO,ES,Towers with Radar,10,0,51,5,66,0,0,32,13,45,10,0,83,18,111,34,0,34,145
11/10/2004,CSG,GA,ASO,ES,Towers with Radar,5,2,60,1,68,2,0,50,1,53,7,2,110,2,121,38,0,38,159
11/11/2004,CSG,GA,ASO,ES,Towers with Radar,5,2,39,0,46,0,0,8,0,8,5,2,47,0,54,45,0,45,99
11/12/2004,CSG,GA,ASO,ES,Towers with Radar,10,1,52,0,63,1,0,14,0,15,11,1,66,0,78,40,0,40,118
11/13/2004,CSG,GA,ASO,ES,Towers with Radar,8,0,50,0,58,0,0,14,0,14,8,0,64,0,72,14,0,14,86
11/14/2004,CSG,GA,ASO,ES,Towers with Radar,8,3,41,0,52,0,0,34,0,34,8,3,75,0,86,58,0,58,144
11/15/2004,CSG,GA,ASO,ES,Towers with Radar,9,5,53,2,69,0,0,23,0,23,9,5,76,2,92,36,0,36,128
11/16/2004,CSG,GA,ASO,ES,Towers with Radar,8,3,64,2,77,0,0,23,0,23,8,3,87,2,100,94,0,94,194
11/17/2004,CSG,GA,ASO,ES,Towers with Radar,8,1,54,3,66,0,0,48,1,49,8,1,102,4,115,109,21,130,245
11/18/2004,CSG,GA,ASO,ES,Towers with Radar,8,4,71,4,87,0,0,28,0,28,8,4,99,4,115,18,0,18,133
11/19/2004,CSG,GA,ASO,ES,Towers with Radar,10,1,64,0,75,0,0,21,0,21,10,1,85,0,96,0,0,0,96
11/20/2004,CSG,GA,ASO,ES,Towers with Radar,11,1,38,0,50,0,0,29,0,29,11,1,67,0,79,34,0,34,113
11/21/2004,CSG,GA,ASO,ES,Towers with Radar,9,0,23,0,32,1,0,0,0,1,10,0,23,0,33,14,0,14,47
11/22/2004,CSG,GA,ASO,ES,Towers with Radar,6,0,27,4,37,0,0,4,0,4,6,0,31,4,41,14,0,14,55
11/23/2004,CSG,GA,ASO,ES,Towers with Radar,12,0,24,0,36,0,0,0,0,0,12,0,24,0,36,0,0,0,36
11/24/2004,CSG,GA,ASO,ES,Towers with Radar,7,2,22,0,31,0,0,1,0,1,7,2,23,0,32,0,0,0,32
11/25/2004,CSG,GA,ASO,ES,Towers with Radar,4,0,18,0,22,0,0,13,0,13,4,0,31,0,35,2,0,2,37
11/26/2004,CSG,GA,ASO,ES,Towers with Radar,6,0,22,0,28,1,0,57,0,58,7,0,79,0,86,62,0,62,148
11/27/2004,CSG,GA,ASO,ES,Towers with Radar,9,2,30,0,41,0,0,77,0,77,9,2,107,0,118,29,11,40,158
11/28/2004,CSG,GA,ASO,ES,Towers with Radar,8,0,36,0,44,0,0,50,2,52,8,0,86,2,96,61,0,61,157
11/29/2004,CSG,GA,ASO,ES,Towers with Radar,9,2,40,2,53,0,0,38,0,38,9,2,78,2,91,54,4,58,149
11/30/2004,CSG,GA,ASO,ES,Towers with Radar,10,3,24,0,37,0,0,14,6,20,10,3,38,6,57,18,0,18,75
12/01/2004,CSG,GA,ASO,ES,Towers with Radar,9,0,30,1,40,0,0,27,0,27,9,0,57,1,67,6,39,45,112
12/02/2004,CSG,GA,ASO,ES,Towers with Radar,10,5,49,0,64,0,0,43,7,50,10,5,92,7,114,36,0,36,150
12/03/2004,CSG,GA,ASO,ES,Towers with Radar,7,1,20,0,28,2,0,44,0,46,9,1,64,0,74,20,0,20,94
12/04/2004,CSG,GA,ASO,ES,Towers with Radar,9,0,34,0,43,0,0,61,0,61,9,0,95,0,104,107,0,107,211
12/05/2004,CSG,GA,ASO,ES,Towers with Radar,9,3,25,0,37,0,0,14,0,14,9,3,39,0,51,26,2,28,79
12/06/2004,CSG,GA,ASO,ES,Towers with Radar,9,7,37,0,53,0,0,1,1,2,9,7,38,1,55,28,0,28,83
12/07/2004,CSG,GA,ASO,ES,Towers with Radar,6,4,23,3,36,0,1,14,2,17,6,5,37,5,53,2,0,2,55
12/08/2004,CSG,GA,ASO,ES,Towers with Radar,9,1,57,0,67,0,0,39,0,39,9,1,96,0,106,48,0,48,154
12/09/2004,CSG,GA,ASO,ES,Towers with Radar,9,2,32,0,43,0,0,2,0,2,9,2,34,0,45,0,0,0,45
12/10/2004,CSG,GA,ASO,ES,Towers with Radar,14,4,28,1,47,0,0,21,0,21,14,4,49,1,68,22,0,22,90
12/11/2004,CSG,GA,ASO,ES,Towers with Radar,9,0,14,0,23,1,0,10,0,11,10,0,24,0,34,18,0,18,52
12/12/2004,CSG,GA,ASO,ES,Towers with Radar,11,1,26,0,38,0,0,42,0,42,11,1,68,0,80,27,0,27,107
12/13/2004,CSG,GA,ASO,ES,Towers with Radar,9,0,27,0,36,0,0,25,0,25,9,0,52,0,61,24,0,24,85
12/14/2004,CSG,GA,ASO,ES,Towers with Radar,9,0,39,3,51,0,0,15,6,21,9,0,54,9,72,36,6,42,114
12/15/2004,CSG,GA,ASO,ES,Towers with Radar,8,3,36,0,47,0,0,32,4,36,8,3,68,4,83,64,0,64,147
12/16/2004,CSG,GA,ASO,ES,Towers with Radar,10,1,39,0,50,0,0,50,0,50,10,1,89,0,100,62,0,62,162
12/17/2004,CSG,GA,ASO,ES,Towers with Radar,6,0,31,0,37,3,0,36,0,39,9,0,67,0,76,24,0,24,100
12/18/2004,CSG,GA,ASO,ES,Towers with Radar,8,0,23,0,31,0,0,52,1,53,8,0,75,1,84,86,0,86,170
12/19/2004,CSG,GA,ASO,ES,Towers with Radar,10,0,17,0,27,0,0,35,0,35,10,0,52,0,62,20,0,20,82
12/20/2004,CSG,GA,ASO,ES,Towers with Radar,5,0,35,0,40,0,0,29,0,29,5,0,64,0,69,48,0,48,117
12/21/2004,CSG,GA,ASO,ES,Towers with Radar,10,1,42,0,53,0,0,34,1,35,10,1,76,1,88,78,0,78,166
12/22/2004,CSG,GA,ASO,ES,Towers with Radar,10,0,14,0,24,0,0,23,0,23,10,0,37,0,47,30,0,30,77
12/23/2004,CSG,GA,ASO,ES,Towers with Radar,5,2,8,0,15,0,0,15,0,15,5,2,23,0,30,50,0,50,80
12/24/2004,CSG,GA,ASO,ES,Towers with Radar,4,0,10,0,14,0,0,22,0,22,4,0,32,0,36,44,0,44,80
12/25/2004,CSG,GA,ASO,ES,Towers with Radar,4,2,7,0,13,6,0,13,0,19,10,2,20,0,32,16,0,16,48
12/26/2004,CSG,GA,ASO,ES,Towers with Radar,10,3,41,0,54,0,0,23,0,23,10,3,64,0,77,16,0,16,93
12/27/2004,CSG,GA,ASO,ES,Towers with Radar,9,3,35,4,51,0,0,33,0,33,9,3,68,4,84,114,8,122,206
12/28/2004,CSG,GA,ASO,ES,Towers with Radar,7,0,33,0,40,0,0,43,0,43,7,0,76,0,83,114,0,114,197
12/29/2004,CSG,GA,ASO,ES,Towers with Radar,8,2,32,2,44,0,0,33,0,33,8,2,65,2,77,42,0,42,119
12/30/2004,CSG,GA,ASO,ES,Towers with Radar,10,3,27,0,40,0,0,46,0,46,10,3,73,0,86,100,0,100,186
12/31/2004,CSG,GA,ASO,ES,Towers with Radar,11,0,43,0,54,0,0,34,0,34,11,0,77,0,88,74,0,74,162
01/01/2005,CSG,GA,ASO,ES,Towers with Radar,8,2,14,0,24,0,0,30,0,30,8,2,44,0,54,24,0,24,78
01/02/2005,CSG,GA,ASO,ES,Towers with Radar,13,1,45,0,59,0,0,52,0,52,13,1,97,0,111,57,0,57,168
01/03/2005,CSG,GA,ASO,ES,Towers with Radar,10,0,32,0,42,0,0,38,0,38,10,0,70,0,80,70,0,70,150
01/04/2005,CSG,GA,ASO,ES,Towers with Radar,9,0,38,0,47,0,0,43,0,43,9,0,81,0,90,114,0,114,204
01/05/2005,CSG,GA,ASO,ES,Towers with Radar,8,0,27,0,35,0,0,15,0,15,8,0,42,0,50,110,0,110,160
01/06/2005,CSG,GA,ASO,ES,Towers with Radar,7,3,24,0,34,0,0,7,0,7,7,3,31,0,41,4,0,4,45
01/07/2005,CSG,GA,ASO,ES,Towers with Radar,9,2,16,0,27,0,0,5,0,5,9,2,21,0,32,26,0,26,58
01/08/2005,CSG,GA,ASO,ES,Towers with Radar,6,0,30,0,36,1,0,1,0,2,7,0,31,0,38,2,0,2,40
01/09/2005,CSG,GA,ASO,ES,Towers with Radar,9,1,40,0,50,0,0,93,0,93,9,1,133,0,143,61,0,61,204
01/10/2005,CSG,GA,ASO,ES,Towers with Radar,8,2,31,0,41,0,0,20,0,20,8,2,51,0,61,101,0,101,162
01/11/2005,CSG,GA,ASO,ES,Towers with Radar,15,8,57,0,80,0,0,44,0,44,15,8,101,0,124,24,0,24,148
01/12/2005,CSG,GA,ASO,ES,Towers with Radar,8,0,40,0,48,0,0,31,0,31,8,0,71,0,79,38,0,38,117
01/13/2005,CSG,GA,ASO,ES,Towers with Radar,7,0,36,0,43,0,0,3,0,3,7,0,39,0,46,24,0,24,70
01/14/2005,CSG,GA,ASO,ES,Towers with Radar,6,2,35,1,44,1,0,26,0,27,7,2,61,1,71,24,0,24,95
01/15/2005,CSG,GA,ASO,ES,Towers with Radar,8,0,4,0,12,0,0,59,0,59,8,0,63,0,71,116,0,116,187
01/16/2005,CSG,GA,ASO,ES,Towers with Radar,9,0,43,0,52,10,0,47,0,57,19,0,90,0,109,82,0,82,191
01/17/2005,CSG,GA,ASO,ES,Towers with Radar,5,4,30,0,39,0,0,47,0,47,5,4,77,0,86,74,0,74,160
01/18/2005,CSG,GA,ASO,ES,Towers with Radar,10,2,53,0,65,0,0,48,2,50,10,2,101,2,115,154,0,154,269
01/19/2005,CSG,GA,ASO,ES,Towers with Radar,13,3,53,0,69,0,0,37,0,37,13,3,90,0,106,74,0,74,180
01/20/2005,CSG,GA,ASO,ES,Towers with Radar,8,3,28,2,41,0,0,47,0,47,8,3,75,2,88,96,0,96,184
01/21/2005,CSG,GA,ASO,ES,Towers with Radar,10,2,58,0,70,0,0,32,0,32,10,2,90,0,102,52,0,52,154
01/22/2005,CSG,GA,ASO,ES,Towers with Radar,10,2,27,0,39,0,0,5,0,5,10,2,32,0,44,8,0,8,52
01/23/2005,CSG,GA,ASO,ES,Towers with Radar,9,0,49,0,58,0,0,39,0,39,9,0,88,0,97,12,0,12,109
01/24/2005,CSG,GA,ASO,ES,Towers with Radar,5,2,48,2,57,0,0,46,0,46,5,2,94,2,103,92,0,92,195
01/25/2005,CSG,GA,ASO,ES,Towers with Radar,7,5,38,1,51,0,0,37,24,61,7,5,75,25,112,124,0,124,236
01/26/2005,CSG,GA,ASO,ES,Towers with Radar,9,4,55,0,68,0,1,24,0,25,9,5,79,0,93,14,0,14,107
01/27/2005,CSG,GA,ASO,ES,Towers with Radar,9,4,54,0,67,0,0,38,4,42,9,4,92,4,109,156,2,158,267
01/28/2005,CSG,GA,ASO,ES,Towers with Radar,8,6,31,2,47,0,0,14,0,14,8,6,45,2,61,10,0,10,71
01/29/2005,CSG,GA,ASO,ES,Towers with Radar,1,2,4,0,7,0,0,0,0,0,1,2,4,0,7,0,0,0,7
01/30/2005,CSG,GA,ASO,ES,Towers with Radar,3,1,40,0,44,1,0,25,0,26,4,1,65,0,70,10,0,10,80
01/31/2005,CSG,GA,ASO,ES,Towers with Radar,7,1,48,0,56,0,3,38,0,41,7,4,86,0,97,96,0,96,193
02/01/2005,CSG,GA,ASO,ES,Towers with Radar,6,2,48,0,56,0,0,35,0,35,6,2,83,0,91,106,0,106,197
02/02/2005,CSG,GA,ASO,ES,Towers with Radar,5,0,40,0,45,0,0,24,0,24,5,0,64,0,69,0,0,0,69
02/03/2005,CSG,GA,ASO,ES,Towers with Radar,7,0,23,0,30,0,0,4,0,4,7,0,27,0,34,20,0,20,54
02/04/2005,CSG,GA,ASO,ES,Towers with Radar,5,0,61,8,74,0,0,57,0,57,5,0,118,8,131,54,4,58,189
02/05/2005,CSG,GA,ASO,ES,Towers with Radar,3,1,33,0,37,0,0,61,0,61,3,1,94,0,98,126,0,126,224
02/06/2005,CSG,GA,ASO,ES,Towers with Radar,6,0,47,0,53,2,0,82,0,84,8,0,129,0,137,90,0,90,227
02/07/2005,CSG,GA,ASO,ES,Towers with Radar,6,0,55,0,61,0,0,54,0,54,6,0,109,0,115,64,0,64,179
02/08/2005,CSG,GA,ASO,ES,Towers with Radar,5,4,42,0,51,0,0,24,0,24,5,4,66,0,75,30,0,30,105
02/09/2005,CSG,GA,ASO,ES,Towers with Radar,5,2,42,0,49,0,0,6,0,6,5,2,48,0,55,0,0,0,55
02/10/2005,CSG,GA,ASO,ES,Towers with Radar,4,2,36,0,42,0,0,38,0,38,4,2,74,0,80,46,0,46,126
02/11/2005,CSG,GA,ASO,ES,Towers with Radar,7,1,42,0,50,0,0,54,0,54,7,1,96,0,104,48,0,48,152
02/12/2005,CSG,GA,ASO,ES,Towers with Radar,6,2,25,6,39,0,0,59,2,61,6,2,84,8,100,86,0,86,186
02/13/2005,CSG,GA,ASO,ES,Towers with Radar,4,1,39,0,44,3,0,57,0,60,7,1,96,0,104,84,0,84,188
02/14/2005,CSG,GA,ASO,ES,Towers with Radar,7,2,42,0,51,0,0,11,0,11,7,2,53,0,62,14,0,14,76
02/15/2005,CSG,GA,ASO,ES,Towers with Radar,5,7,31,2,45,0,0,35,2,37,5,7,66,4,82,32,0,32,114
02/16/2005,CSG,GA,ASO,ES,Towers with Radar,5,2,61,0,68,2,0,18,0,20,7,2,79,0,88,36,0,36,124
02/17/2005,CSG,GA,ASO,ES,Towers with Radar,7,2,41,0,50,0,0,47,0,47,7,2,88,0,97,54,2,56,153
02/18/2005,CSG,GA,ASO,ES,Towers with Radar,7,0,58,0,65,0,0,72,34,106,7,0,130,34,171,54,0,54,225
02/19/2005,CSG,GA,ASO,ES,Towers with Radar,5,0,25,0,30,0,0,56,0,56,5,0,81,0,86,118,0,118,204
02/20/2005,CSG,GA,ASO,ES,Towers with Radar,4,0,35,0,39,2,0,21,0,23,6,0,56,0,62,12,0,12,74
02/21/2005,CSG,GA,ASO,ES,Towers with Radar,2,0,33,0,35,0,0,19,0,19,2,0,52,0,54,86,0,86,140
02/22/2005,CSG,GA,ASO,ES,Towers with Radar,8,5,61,0,74,0,0,25,0,25,8,5,86,0,99,102,0,102,201
02/23/2005,CSG,GA,ASO,ES,Towers with Radar,6,0,53,6,65,0,0,50,0,50,6,0,103,6,115,64,0,64,179
02/24/2005,CSG,GA,ASO,ES,Towers with Radar,4,0,38,0,42,0,0,23,0,23,4,0,61,0,65,70,0,70,135
02/25/2005,CSG,GA,ASO,ES,Towers with Radar,4,0,36,0,40,1,0,38,2,41,5,0,74,2,81,72,4,76,157
02/26/2005,CSG,GA,ASO,ES,Towers with Radar,6,1,41,0,48,0,0,60,0,60,6,1,101,0,108,131,0,131,239
02/27/2005,CSG,GA,ASO,ES,Towers with Radar,3,1,12,0,16,0,0,0,0,0,3,1,12,0,16,0,0,0,16
02/28/2005,CSG,GA,ASO,ES,Towers with Radar,6,2,13,0,21,0,0,2,0,2,6,2,15,0,23,0,0,0,23
03/01/2005,CSG,GA,ASO,ES,Towers with Radar,9,0,47,0,56,0,0,19,0,19,9,0,66,0,75,50,0,50,125
03/02/2005,CSG,GA,ASO,ES,Towers with Radar,6,4,63,4,77,0,1,52,2,55,6,5,115,6,132,92,2,94,226
03/03/2005,CSG,GA,ASO,ES,Towers with Radar,7,2,36,0,45,0,0,31,0,31,7,2,67,0,76,68,0,68,144
03/04/2005,CSG,GA,ASO,ES,Towers with Radar,9,0,53,0,62,0,0,39,2,41,9,0,92,2,103,62,0,62,165
03/05/2005,CSG,GA,ASO,ES,Towers with Radar,6,0,21,0,27,0,0,54,0,54,6,0,75,0,81,40,0,40,121
03/06/2005,CSG,GA,ASO,ES,Towers with Radar,8,0,36,2,46,0,0,64,0,64,8,0,100,2,110,110,0,110,220
03/07/2005,CSG,GA,ASO,ES,Towers with Radar,7,2,33,2,44,0,0,15,1,16,7,2,48,3,60,48,2,50,110
03/08/2005,CSG,GA,ASO,ES,Towers with Radar,5,0,37,0,42,0,0,18,2,20,5,0,55,2,62,10,0,10,72
03/09/2005,CSG,GA,ASO,ES,Towers with Radar,7,2,49,0,58,0,0,38,2,40,7,2,87,2,98,68,4,72,170
03/10/2005,CSG,GA,ASO,ES,Towers with Radar,8,1,47,0,56,0,0,39,0,39,8,1,86,0,95,110,0,110,205
03/11/2005,CSG,GA,ASO,ES,Towers with Radar,6,1,31,2,40,0,0,17,0,17,6,1,48,2,57,2,0,2,59
03/12/2005,CSG,GA,ASO,ES,Towers with Radar,5,0,27,0,32,0,0,26,0,26,5,0,53,0,58,14,0,14,72
03/13/2005,CSG,GA,ASO,ES,Towers with Radar,5,7,49,0,61,0,0,64,1,65,5,7,113,1,126,64,0,64,190
03/14/2005,CSG,GA,ASO,ES,Towers with Radar,6,0,42,3,51,0,2,15,0,17,6,2,57,3,68,60,0,60,128
03/15/2005,CSG,GA,ASO,ES,Towers with Radar,7,2,39,0,48,0,0,41,0,41,7,2,80,0,89,122,0,122,211
03/16/2005,CSG,GA,ASO,ES,Towers with Radar,4,2,17,0,23,0,0,7,0,7,4,2,24,0,30,0,0,0,30
03/17/2005,CSG,GA,ASO,ES,Towers with Radar,6,0,64,7,77,0,0,9,0,9,6,0,73,7,86,22,3,25,111
03/18/2005,CSG,GA,ASO,ES,Towers with Radar,7,3,85,23,118,0,0,67,0,67,7,3,152,23,185,84,62,146,331
03/19/2005,CSG,GA,ASO,ES,Towers with Radar,5,0,9,0,14,0,0,205,14,219,5,0,214,14,233,196,18,214,447
03/20/2005,CSG,GA,ASO,ES,Towers with Radar,2,0,34,0,36,0,0,271,8,279,2,0,305,8,315,232,14,246,561
03/21/2005,CSG,GA,ASO,ES,Towers with Radar,5,0,45,6,56,3,0,53,0,56,8,0,98,6,112,82,8,90,202
03/22/2005,CSG,GA,ASO,ES,Towers with Radar,5,0,0,0,5,0,0,38,0,38,5,0,38,0,43,0,0,0,43
03/23/2005,CSG,GA,ASO,ES,Towers with Radar,7,1,47,3,58,0,0,49,0,49,7,1,96,3,107,48,22,70,177
03/24/2005,CSG,GA,ASO,ES,Towers with Radar,5,3,51,0,59,0,0,39,0,39,5,3,90,0,98,124,0,124,222
03/25/2005,CSG,GA,ASO,ES,Towers with Radar,8,2,49,0,59,0,0,53,0,53,8,2,102,0,112,58,0,58,170
03/26/2005,CSG,GA,ASO,ES,Towers with Radar,5,1,40,0,46,0,0,68,0,68,5,1,108,0,114,84,0,84,198
03/27/2005,CSG,GA,ASO,ES,Towers with Radar,3,0,3,0,6,0,0,0,0,0,3,0,3,0,6,0,0,0,6
03/28/2005,CSG,GA,ASO,ES,Towers with Radar,5,6,36,0,47,0,0,2,7,9,5,6,38,7,56,44,0,44,100
03/29/2005,CSG,GA,ASO,ES,Towers with Radar,8,3,40,0,51,0,0,45,0,45,8,3,85,0,96,104,3,107,203
03/30/2005,CSG,GA,ASO,ES,Towers with Radar,4,5,28,0,37,3,2,50,0,55,7,7,78,0,92,72,0,72,164
03/31/2005,CSG,GA,ASO,ES,Towers with Radar,6,4,28,0,38,0,0,4,1,5,6,4,32,1,43,0,0,0,43
04/01/2005,CSG,GA,ASO,ES,Towers with Radar,5,1,18,0,24,0,0,3,0,3,5,1,21,0,27,24,0,24,51
04/02/2005,CSG,GA,ASO,ES,Towers with Radar,5,0,35,0,40,0,0,23,0,23,5,0,58,0,63,0,0,0,63
04/03/2005,CSG,GA,ASO,ES,Towers with Radar,6,0,74,0,80,0,0,90,0,90,6,0,164,0,170,200,4,204,374
04/04/2005,CSG,GA,ASO,ES,Towers with Radar,7,0,43,0,50,0,0,59,0,59,7,0,102,0,109,76,0,76,185
04/05/2005,CSG,GA,ASO,ES,Towers with Radar,8,0,52,4,64,0,0,46,6,52,8,0,98,10,116,90,0,90,206
04/06/2005,CSG,GA,ASO,ES,Towers with Radar,5,1,29,0,35,2,1,21,0,24,7,2,50,0,59,28,0,28,87
04/07/2005,CSG,GA,ASO,ES,Towers with Radar,9,1,36,1,47,0,0,15,0,15,9,1,51,1,62,26,0,26,88
04/08/2005,CSG,GA,ASO,ES,Towers with Radar,6,1,47,12,66,0,0,28,0,28,6,1,75,12,94,58,5,63,157
04/09/2005,CSG,GA,ASO,ES,Towers with Radar,4,0,33,0,37,0,0,46,0,46,4,0,79,0,83,60,0,60,143
04/10/2005,CSG,GA,ASO,ES,Towers with Radar,6,0,44,4,54,0,0,67,0,67,6,0,111,4,121,80,0,80,201
04/11/2005,CSG,GA,ASO,ES,Towers with Radar,7,7,52,7,73,0,0,44,2,46,7,7,96,9,119,32,5,37,156
04/12/2005,CSG,GA,ASO,ES,Towers with Radar,7,4,41,0,52,0,0,22,4,26,7,4,63,4,78,66,0,66,144
04/13/2005,CSG,GA,ASO,ES,Towers with Radar,7,1,35,0,43,0,0,34,3,37,7,1,69,3,80,38,0,38,118
04/14/2005,CSG,GA,ASO,ES,Towers with Radar,7,0,41,0,48,0,0,43,2,45,7,0,84,2,93,78,0,78,171
04/15/2005,CSG,GA,ASO,ES,Towers with Radar,6,2,46,0,54,0,0,43,0,43,6,2,89,0,97,100,0,100,197
04/16/2005,CSG,GA,ASO,ES,Towers with Radar,5,2,16,0,23,0,0,48,0,48,5,2,64,0,71,44,0,44,115
04/17/2005,CSG,GA,ASO,ES,Towers with Radar,6,0,32,0,38,1,0,51,0,52,7,0,83,0,90,102,0,102,192
04/18/2005,CSG,GA,ASO,ES,Towers with Radar,7,0,25,0,32,0,0,30,0,30,7,0,55,0,62,64,0,64,126
04/19/2005,CSG,GA,ASO,ES,Towers with Radar,4,1,52,0,57,0,0,27,0,27,4,1,79,0,84,64,4,68,152
04/20/2005,CSG,GA,ASO,ES,Towers with Radar,8,1,48,0,57,0,0,52,0,52,8,1,100,0,109,104,0,104,213
04/21/2005,CSG,GA,ASO,ES,Towers with Radar,7,4,47,0,58,0,0,22,15,37,7,4,69,15,95,30,0,30,125
04/22/2005,CSG,GA,ASO,ES,Towers with Radar,17,5,48,2,72,0,0,11,0,11,17,5,59,2,83,20,0,20,103
04/23/2005,CSG,GA,ASO,ES,Towers with Radar,5,1,21,0,27,0,0,34,2,36,5,1,55,2,63,56,0,56,119
04/24/2005,CSG,GA,ASO,ES,Towers with Radar,7,4,47,1,59,0,0,30,0,30,7,4,77,1,89,28,0,28,117
04/25/2005,CSG,GA,ASO,ES,Towers with Radar,7,1,34,6,48,0,0,45,0,45,7,1,79,6,93,76,0,76,169
04/26/2005,CSG,GA,ASO,ES,Towers with Radar,5,3,23,0,31,0,0,1,0,1,5,3,24,0,32,0,0,0,32
04/27/2005,CSG,GA,ASO,ES,Towers with Radar,8,3,56,0,67,0,0,46,0,46,8,3,102,0,113,20,0,20,133
04/28/2005,CSG,GA,ASO,ES,Towers with Radar,7,4,50,2,63,0,0,57,0,57,7,4,107,2,120,58,0,58,178
04/29/2005,CSG,GA,ASO,ES,Towers with Radar,6,0,57,0,63,0,0,49,0,49,6,0,106,0,112,46,0,46,158
04/30/2005,CSG,GA,ASO,ES,Towers with Radar,4,0,20,0,24,0,0,1,0,1,4,0,21,0,25,0,0,0,25
05/01/2005,CSG,GA,ASO,ES,Towers with Radar,9,0,30,0,39,0,0,56,0,56,9,0,86,0,95,104,0,104,199
05/02/2005,CSG,GA,ASO,ES,Towers with Radar,7,0,34,0,41,0,0,42,0,42,7,0,76,0,83,54,0,54,137
05/03/2005,CSG,GA,ASO,ES,Towers with Radar,7,2,32,0,41,0,0,50,0,50,7,2,82,0,91,120,0,120,211
05/04/2005,CSG,GA,ASO,ES,Towers with Radar,6,3,35,0,44,0,0,46,6,52,6,3,81,6,96,140,2,142,238
05/05/2005,CSG,GA,ASO,ES,Towers with Radar,7,4,44,2,57,0,0,14,2,16,7,4,58,4,73,6,0,6,79
05/06/2005,CSG,GA,ASO,ES,Towers with Radar,4,0,22,0,26,0,0,49,0,49,4,0,71,0,75,18,0,18,93
05/07/2005,CSG,GA,ASO,ES,Towers with Radar,4,0,6,0,10,0,0,51,0,51,4,0,57,0,61,66,0,66,127
05/08/2005,CSG,GA,ASO,ES,Towers with Radar,5,0,19,0,24,1,0,37,0,38,6,0,56,0,62,48,0,48,110
05/09/2005,CSG,GA,ASO,ES,Towers with Radar,5,0,47,0,52,0,0,37,0,37,5,0,84,0,89,108,0,108,197
05/10/2005,CSG,GA,ASO,ES,Towers with Radar,8,1,43,0,52,0,0,43,0,43,8,1,86,0,95,40,0,40,135
05/11/2005,CSG,GA,ASO,ES,Towers with Radar,6,2,48,0,56,0,0,28,0,28,6,2,76,0,84,80,0,80,164
05/12/2005,CSG,GA,ASO,ES,Towers with Radar,4,0,46,0,50,2,0,59,2,63,6,0,105,2,113,104,0,104,217
05/13/2005,CSG,GA,ASO,ES,Towers with Radar,6,2,38,0,46,0,0,47,2,49,6,2,85,2,95,36,24,60,155
05/14/2005,CSG,GA,ASO,ES,Towers with Radar,5,0,33,0,38,1,0,62,0,63,6,0,95,0,101,57,0,57,158
05/15/2005,CSG,GA,ASO,ES,Towers with Radar,7,0,40,0,47,0,0,48,0,48,7,0,88,0,95,40,0,40,135
05/16/2005,CSG,GA,ASO,ES,Towers with Radar,7,5,28,0,40,0,0,32,2,34,7,5,60,2,74,12,0,12,86
05/17/2005,CSG,GA,ASO,ES,Towers with Radar,7,0,42,0,49,0,0,43,0,43,7,0,85,0,92,114,0,114,206
05/18/2005,CSG,GA,ASO,ES,Towers with Radar,11,2,32,0,45,0,0,29,0,29,11,2,61,0,74,80,0,80,154
05/19/2005,CSG,GA,ASO,ES,Towers with Radar,7,1,32,2,42,0,0,40,0,40,7,1,72,2,82,112,0,112,194
05/20/2005,CSG,GA,ASO,ES,Towers with Radar,18,0,18,0,36,0,0,15,0,15,18,0,33,0,51,8,0,8,59
05/21/2005,CSG,GA,ASO,ES,Towers with Radar,5,1,41,0,47,0,0,33,0,33,5,1,74,0,80,26,0,26,106
05/22/2005,CSG,GA,ASO,ES,Towers with Radar,9,3,30,0,42,0,0,39,0,39,9,3,69,0,81,64,0,64,145
05/23/2005,CSG,GA,ASO,ES,Towers with Radar,9,5,34,0,48,0,0,26,0,26,9,5,60,0,74,44,0,44,118
05/24/2005,CSG,GA,ASO,ES,Towers with Radar,7,0,37,0,44,0,0,34,0,34,7,0,71,0,78,34,0,34,112
05/25/2005,CSG,GA,ASO,ES,Towers with Radar,5,1,39,0,45,1,0,49,0,50,6,1,88,0,95,46,0,46,141
05/26/2005,CSG,GA,ASO,ES,Towers with Radar,6,3,32,0,41,0,0,41,0,41,6,3,73,0,82,26,0,26,108
05/27/2005,CSG,GA,ASO,ES,Towers with Radar,6,5,38,0,49,0,0,43,0,43,6,5,81,0,92,48,0,48,140
05/28/2005,CSG,GA,ASO,ES,Towers with Radar,6,4,17,0,27,0,0,58,0,58,6,4,75,0,85,18,0,18,103
05/29/2005,CSG,GA,ASO,ES,Towers with Radar,6,1,14,0,21,0,0,17,0,17,6,1,31,0,38,24,0,24,62
05/30/2005,CSG,GA,ASO,ES,Towers with Radar,5,2,37,0,44,0,0,13,0,13,5,2,50,0,57,66,0,66,123
05/31/2005,CSG,GA,ASO,ES,Towers with Radar,4,0,24,0,28,0,0,2,0,2,4,0,26,0,30,0,0,0,30
06/01/2005,CSG,GA,ASO,ES,Towers with Radar,7,5,40,0,52,0,0,0,0,0,7,5,40,0,52,28,0,28,80
06/02/2005,CSG,GA,ASO,ES,Towers with Radar,0,0,0,0,0,6,0,46,0,52,6,0,46,0,52,16,0,16,68
06/03/2005,CSG,GA,ASO,ES,Towers with Radar,0,0,0,0,0,7,5,59,0,71,7,5,59,0,71,22,0,22,93
06/04/2005,CSG,GA,ASO,ES,Towers with Radar,0,0,0,0,0,6,1,60,0,67,6,1,60,0,67,53,0,53,120
06/05/2005,CSG,GA,ASO,ES,Towers with Radar,2,4,2,0,8,4,0,38,0,42,6,4,40,0,50,88,2,90,140
06/06/2005,CSG,GA,ASO,ES,Towers with Radar,2,1,19,1,23,0,0,5,0,5,2,1,24,1,28,30,0,30,58
06/07/2005,CSG,GA,ASO,ES,Towers with Radar,9,0,19,1,29,0,0,29,0,29,9,0,48,1,58,60,0,60,118
06/08/2005,CSG,GA,ASO,ES,Towers with Radar,6,1,34,0,41,0,0,25,0,25,6,1,59,0,66,6,1,7,73
06/09/2005,CSG,GA,ASO,ES,Towers with Radar,8,4,32,4,48,0,2,39,2,43,8,6,71,6,91,96,0,96,187
06/10/2005,CSG,GA,ASO,ES,Towers with Radar,7,0,31,1,39,0,0,22,3,25,7,0,53,4,64,6,0,6,70
06/11/2005,CSG,GA,ASO,ES,Towers with Radar,6,0,13,0,19,0,0,0,0,0,6,0,13,0,19,0,0,0,19
06/12/2005,CSG,GA,ASO,ES,Towers with Radar,5,0,34,0,39,0,0,27,0,27,5,0,61,0,66,68,0,68,134
06/13/2005,CSG,GA,ASO,ES,Towers with Radar,2,0,41,0,43,2,0,26,0,28,4,0,67,0,71,12,0,12,83
06/14/2005,CSG,GA,ASO,ES,Towers with Radar,5,2,33,0,40,1,0,33,0,34,6,2,66,0,74,64,0,64,138
06/15/2005,CSG,GA,ASO,ES,Towers with Radar,6,2,53,0,61,0,0,65,2,67,6,2,118,2,128,32,8,40,168
06/16/2005,CSG,GA,ASO,ES,Towers with Radar,3,1,35,0,39,0,2,47,2,51,3,3,82,2,90,72,0,72,162
06/17/2005,CSG,GA,ASO,ES,Towers with Radar,8,6,37,0,51,0,0,63,0,63,8,6,100,0,114,58,0,58,172
06/18/2005,CSG,GA,ASO,ES,Towers with Radar,4,0,38,0,42,0,0,49,1,50,4,0,87,1,92,60,0,60,152
06/19/2005,CSG,GA,ASO,ES,Towers with Radar,8,2,21,0,31,0,0,30,0,30,8,2,51,0,61,38,0,38,99
06/20/2005,CSG,GA,ASO,ES,Towers with Radar,5,2,42,0,49,0,0,66,0,66,5,2,108,0,115,42,0,42,157
06/21/2005,CSG,GA,ASO,ES,Towers with Radar,8,2,53,2,65,0,0,44,4,48,8,2,97,6,113,124,0,124,237
06/22/2005,CSG,GA,ASO,ES,Towers with Radar,7,1,35,0,43,0,0,45,0,45,7,1,80,0,88,60,0,60,148
06/23/2005,CSG,GA,ASO,ES,Towers with Radar,5,2,42,1,50,2,2,54,0,58,7,4,96,1,108,30,4,34,142
06/24/2005,CSG,GA,ASO,ES,Towers with Radar,7,3,43,0,53,0,0,54,0,54,7,3,97,0,107,66,4,70,177
06/25/2005,CSG,GA,ASO,ES,Towers with Radar,6,0,23,0,29,0,0,49,0,49,6,0,72,0,78,74,0,74,152
06/26/2005,CSG,GA,ASO,ES,Towers with Radar,6,3,54,0,63,0,0,60,0,60,6,3,114,0,123,102,0,102,225
06/27/2005,CSG,GA,ASO,ES,Towers with Radar,5,0,42,0,47,1,0,26,0,27,6,0,68,0,74,56,2,58,132
06/28/2005,CSG,GA,ASO,ES,Towers with Radar,6,2,57,0,65,0,0,16,0,16,6,2,73,0,81,46,0,46,127
06/29/2005,CSG,GA,ASO,ES,Towers with Radar,7,1,38,0,46,0,0,15,0,15,7,1,53,0,61,8,0,8,69
06/30/2005,CSG,GA,ASO,ES,Towers with Radar,8,2,46,0,56,0,0,7,0,7,8,2,53,0,63,18,0,18,81
07/01/2005,CSG,GA,ASO,ES,Towers with Radar,16,4,38,0,58,0,0,35,0,35,16,4,73,0,93,40,0,40,133
07/02/2005,CSG,GA,ASO,ES,Towers with Radar,6,0,16,0,22,0,0,30,0,30,6,0,46,0,52,40,0,40,92
07/03/2005,CSG,GA,ASO,ES,Towers with Radar,6,0,25,0,31,0,1,9,0,10,6,1,34,0,41,48,0,48,89
07/04/2005,CSG,GA,ASO,ES,Towers with Radar,9,0,26,0,35,0,0,29,0,29,9,0,55,0,64,76,0,76,140
07/05/2005,CSG,GA,ASO,ES,Towers with Radar,7,3,34,0,44,0,0,21,0,21,7,3,55,0,65,0,0,0,65
07/06/2005,CSG,GA,ASO,ES,Towers with Radar,5,0,12,0,17,0,0,5,0,5,5,0,17,0,22,4,0,4,26
07/07/2005,CSG,GA,ASO,ES,Towers with Radar,7,1,43,0,51,1,0,14,0,15,8,1,57,0,66,0,0,0,66
07/08/2005,CSG,GA,ASO,ES,Towers with Radar,9,2,25,0,36,0,0,54,0,54,9,2,79,0,90,78,0,78,168
07/09/2005,CSG,GA,ASO,ES,Towers with Radar,4,4,14,2,24,0,0,26,0,26,4,4,40,2,50,20,0,20,70
07/10/2005,CSG,GA,ASO,ES,Towers with Radar,1,0,2,0,3,2,0,2,0,4,3,0,4,0,7,0,0,0,7
07/11/2005,CSG,GA,ASO,ES,Towers with Radar,7,2,8,0,17,0,0,8,0,8,7,2,16,0,25,20,0,20,45
07/12/2005,CSG,GA,ASO,ES,Towers with Radar,6,0,25,0,31,0,0,37,1,38,6,0,62,1,69,122,0,122,191
07/13/2005,CSG,GA,ASO,ES,Towers with Radar,3,1,37,0,41,0,0,14,0,14,3,1,51,0,55,108,0,108,163
07/14/2005,CSG,GA,ASO,ES,Towers with Radar,4,2,27,0,33,1,9,11,0,21,5,11,38,0,54,42,0,42,96
07/15/2005,CSG,GA,ASO,ES,Towers with Radar,5,0,34,0,39,1,0,15,0,16,6,0,49,0,55,10,0,10,65
07/16/2005,CSG,GA,ASO,ES,Towers with Radar,5,0,11,0,16,0,0,18,0,18,5,0,29,0,34,64,0,64,98
07/17/2005,CSG,GA,ASO,ES,Towers with Radar,7,1,21,0,29,0,0,41,0,41,7,1,62,0,70,46,0,46,116
07/18/2005,CSG,GA,ASO,ES,Towers with Radar,6,0,25,4,35,0,0,23,0,23,6,0,48,4,58,40,4,44,102
07/19/2005,CSG,GA,ASO,ES,Towers with Radar,28,0,31,0,59,0,0,34,0,34,28,0,65,0,93,71,0,71,164
07/20/2005,CSG,GA,ASO,ES,Towers with Radar,8,0,44,0,52,0,0,22,0,22,8,0,66,0,74,48,0,48,122
07/21/2005,CSG,GA,ASO,ES,Towers with Radar,5,3,29,0,37,0,0,54,0,54,5,3,83,0,91,78,0,78,169
07/22/2005,CSG,GA,ASO,ES,Towers with Radar,4,0,18,0,22,0,0,19,3,22,4,0,37,3,44,8,0,8,52
07/23/2005,CSG,GA,ASO,ES,Towers with Radar,6,1,27,0,34,0,0,83,0,83,6,1,110,0,117,56,0,56,173
07/24/2005,CSG,GA,ASO,ES,Towers with Radar,5,2,21,0,28,0,0,45,0,45,5,2,66,0,73,54,0,54,127
07/25/2005,CSG,GA,ASO,ES,Towers with Radar,8,1,17,0,26,0,0,25,0,25,8,1,42,0,51,68,0,68,119
07/26/2005,CSG,GA,ASO,ES,Towers with Radar,5,2,31,2,40,0,0,16,0,16,5,2,47,2,56,50,0,50,106
07/27/2005,CSG,GA,ASO,ES,Towers with Radar,17,0,33,0,50,0,0,11,0,11,17,0,44,0,61,22,0,22,83
07/28/2005,CSG,GA,ASO,ES,Towers with Radar,5,0,34,0,39,0,0,19,0,19,5,0,53,0,58,16,0,16,74
07/29/2005,CSG,GA,ASO,ES,Towers with Radar,2,0,34,0,36,0,0,10,0,10,2,0,44,0,46,10,0,10,56
07/30/2005,CSG,GA,ASO,ES,Towers with Radar,3,0,32,0,35,0,1,13,0,14,3,1,45,0,49,14,0,14,63
07/31/2005,CSG,GA,ASO,ES,Towers with Radar,3,1,37,0,41,0,0,13,0,13,3,1,50,0,54,50,0,50,104
08/01/2005,CSG,GA,ASO,ES,Towers with Radar,5,1,36,5,47,0,0,11,2,13,5,1,47,7,60,52,0,52,112
08/02/2005,CSG,GA,ASO,ES,Towers with Radar,5,0,46,3,54,0,0,14,0,14,5,0,60,3,68,18,0,18,86
08/03/2005,CSG,GA,ASO,ES,Towers with Radar,6,0,31,6,43,0,0,20,0,20,6,0,51,6,63,0,0,0,63
08/04/2005,CSG,GA,ASO,ES,Towers with Radar,4,1,37,2,44,1,3,42,0,46,5,4,79,2,90,122,0,122,212
08/05/2005,CSG,GA,ASO,ES,Towers with Radar,11,2,38,1,52,0,0,30,0,30,11,2,68,1,82,40,0,40,122
08/06/2005,CSG,GA,ASO,ES,Towers with Radar,7,0,27,0,34,0,0,24,0,24,7,0,51,0,58,32,0,32,90
08/07/2005,CSG,GA,ASO,ES,Towers with Radar,3,7,41,0,51,2,0,5,3,10,5,7,46,3,61,34,0,34,95
08/08/2005,CSG,GA,ASO,ES,Towers with Radar,6,0,30,0,36,0,2,14,0,16,6,2,44,0,52,24,0,24,76
08/09/2005,CSG,GA,ASO,ES,Towers with Radar,5,0,63,2,70,0,0,11,0,11,5,0,74,2,81,18,2,20,101
08/10/2005,CSG,GA,ASO,ES,Towers with Radar,5,2,26,2,35,0,0,7,0,7,5,2,33,2,42,38,0,38,80
08/11/2005,CSG,GA,ASO,ES,Towers with Radar,4,2,43,0,49,0,0,26,0,26,4,2,69,0,75,88,2,90,165
08/12/2005,CSG,GA,ASO,ES,Towers with Radar,6,1,23,0,30,0,0,11,0,11,6,1,34,0,41,34,0,34,75
08/13/2005,CSG,GA,ASO,ES,Towers with Radar,3,0,33,0,36,0,0,4,0,4,3,0,37,0,40,0,0,0,40
08/14/2005,CSG,GA,ASO,ES,Towers with Radar,6,1,22,0,29,0,4,29,0,33,6,5,51,0,62,8,0,8,70
08/15/2005,CSG,GA,ASO,ES,Towers with Radar,3,8,35,5,51,0,0,13,1,14,3,8,48,6,65,44,2,46,111
08/16/2005,CSG,GA,ASO,ES,Towers with Radar,13,4,32,0,49,0,0,13,0,13,13,4,45,0,62,32,0,32,94
08/17/2005,CSG,GA,ASO,ES,Towers with Radar,4,2,35,1,42,0,0,22,3,25,4,2,57,4,67,34,4,38,105
08/18/2005,CSG,GA,ASO,ES,Towers with Radar,9,0,37,1,47,0,0,26,2,28,9,0,63,3,75,26,4,30,105
08/19/2005,CSG,GA,ASO,ES,Towers with Radar,5,0,30,0,35,0,0,23,0,23,5,0,53,0,58,6,0,6,64
08/20/2005,CSG,GA,ASO,ES,Towers with Radar,6,0,18,0,24,0,0,37,0,37,6,0,55,0,61,14,0,14,75
08/21/2005,CSG,GA,ASO,ES,Towers with Radar,6,1,15,0,22,0,0,34,0,34,6,1,49,0,56,90,0,90,146
08/22/2005,CSG,GA,ASO,ES,Towers with Radar,7,2,27,2,38,0,0,15,1,16,7,2,42,3,54,8,10,18,72
08/23/2005,CSG,GA,ASO,ES,Towers with Radar,21,4,43,0,68,0,0,22,1,23,21,4,65,1,91,26,0,26,117
08/24/2005,CSG,GA,ASO,ES,Towers with Radar,6,0,39,0,45,0,0,21,0,21,6,0,60,0,66,46,0,46,112
08/25/2005,CSG,GA,ASO,ES,Towers with Radar,6,0,2,0,8,1,94,0,0,95,7,94,2,0,103,40,0,40,143
08/26/2005,CSG,GA,ASO,ES,Towers with Radar,5,0,53,0,58,2,0,54,0,56,7,0,107,0,114,500,0,500,614
08/27/2005,CSG,GA,ASO,ES,Towers with Radar,7,0,24,0,31,0,0,40,0,40,7,0,64,0,71,24,0,24,95
08/28/2005,CSG,GA,ASO,ES,Towers with Radar,4,0,22,0,26,2,0,23,0,25,6,0,45,0,51,17,0,17,68
08/29/2005,CSG,GA,ASO,ES,Towers with Radar,4,0,15,0,19,0,0,3,0,3,4,0,18,0,22,2,0,2,24
08/30/2005,CSG,GA,ASO,ES,Towers with Radar,9,9,11,0,29,0,0,6,0,6,9,9,17,0,35,0,0,0,35
08/31/2005,CSG,GA,ASO,ES,Towers with Radar,7,0,37,0,44,0,0,16,0,16,7,0,53,0,60,10,0,10,70
09/01/2005,CSG,GA,ASO,ES,Towers with Radar,5,0,39,0,44,0,0,53,0,53,5,0,92,0,97,110,0,110,207
09/02/2005,CSG,GA,ASO,ES,Towers with Radar,7,0,45,3,55,0,0,30,0,30,7,0,75,3,85,18,0,18,103
09/03/2005,CSG,GA,ASO,ES,Towers with Radar,10,0,28,0,38,0,0,31,0,31,10,0,59,0,69,30,0,30,99
09/04/2005,CSG,GA,ASO,ES,Towers with Radar,6,0,15,0,21,0,0,39,0,39,6,0,54,0,60,20,0,20,80
09/05/2005,CSG,GA,ASO,ES,Towers with Radar,3,0,26,0,29,0,5,16,0,21,3,5,42,0,50,8,0,8,58
09/06/2005,CSG,GA,ASO,ES,Towers with Radar,7,0,42,1,50,0,0,46,0,46,7,0,88,1,96,68,4,72,168
09/07/2005,CSG,GA,ASO,ES,Towers with Radar,7,4,39,0,50,0,0,37,1,38,7,4,76,1,88,58,0,58,146
09/08/2005,CSG,GA,ASO,ES,Towers with Radar,7,5,43,1,56,0,0,25,0,25,7,5,68,1,81,26,0,26,107
09/09/2005,CSG,GA,ASO,ES,Towers with Radar,6,6,37,0,49,0,2,32,0,34,6,8,69,0,83,18,0,18,101
09/10/2005,CSG,GA,ASO,ES,Towers with Radar,7,3,21,4,35,0,1,38,0,39,7,4,59,4,74,20,2,22,96
09/11/2005,CSG,GA,ASO,ES,Towers with Radar,7,4,25,0,36,0,0,39,0,39,7,4,64,0,75,22,0,22,97
09/12/2005,CSG,GA,ASO,ES,Towers with Radar,7,0,33,0,40,0,0,20,0,20,7,0,53,0,60,8,0,8,68
09/13/2005,CSG,GA,ASO,ES,Towers with Radar,4,1,44,0,49,0,0,50,2,52,4,1,94,2,101,85,0,85,186
09/14/2005,CSG,GA,ASO,ES,Towers with Radar,5,9,37,0,51,0,0,19,2,21,5,9,56,2,72,12,0,12,84
09/15/2005,CSG,GA,ASO,ES,Towers with Radar,3,5,54,0,62,0,0,29,0,29,3,5,83,0,91,18,0,18,109
09/16/2005,CSG,GA,ASO,ES,Towers with Radar,4,0,38,0,42,0,0,33,0,33,4,0,71,0,75,62,2,64,139
09/17/2005,CSG,GA,ASO,ES,Towers with Radar,4,0,34,0,38,0,0,40,0,40,4,0,74,0,78,24,0,24,102
09/18/2005,CSG,GA,ASO,ES,Towers with Radar,3,0,33,0,36,0,0,43,0,43,3,0,76,0,79,20,0,20,99
09/19/2005,CSG,GA,ASO,ES,Towers with Radar,7,0,26,0,33,0,2,35,0,37,7,2,61,0,70,44,0,44,114
09/20/2005,CSG,GA,ASO,ES,Towers with Radar,4,0,37,0,41,0,1,45,2,48,4,1,82,2,89,34,0,34,123
09/21/2005,CSG,GA,ASO,ES,Towers with Radar,7,2,31,6,46,0,0,34,2,36,7,2,65,8,82,72,0,72,154
09/22/2005,CSG,GA,ASO,ES,Towers with Radar,6,0,30,0,36,0,0,17,2,19,6,0,47,2,55,40,0,40,95
09/23/2005,CSG,GA,ASO,ES,Towers with Radar,3,2,44,0,49,0,0,24,0,24,3,2,68,0,73,38,0,38,111
09/24/2005,CSG,GA,ASO,ES,Towers with Radar,5,1,15,0,21,0,0,35,4,39,5,1,50,4,60,4,0,4,64
09/25/2005,CSG,GA,ASO,ES,Towers with Radar,5,6,27,0,38,0,0,11,0,11,5,6,38,0,49,26,0,26,75
09/26/2005,CSG,GA,ASO,ES,Towers with Radar,6,0,24,0,30,0,0,2,0,2,6,0,26,0,32,18,0,18,50
09/27/2005,CSG,GA,ASO,ES,Towers with Radar,4,1,32,0,37,0,0,18,0,18,4,1,50,0,55,2,0,2,57
09/28/2005,CSG,GA,ASO,ES,Towers with Radar,6,1,40,0,47,0,0,36,0,36,6,1,76,0,83,72,5,77,160
09/29/2005,CSG,GA,ASO,ES,Towers with Radar,5,1,47,0,53,0,0,21,0,21,5,1,68,0,74,14,0,14,88
09/30/2005,CSG,GA,ASO,ES,Towers with Radar,3,1,53,0,57,3,0,39,0,42,6,1,92,0,99,128,0,128,227
10/01/2005,CSG,GA,ASO,ES,Towers with Radar,6,0,32,0,38,0,0,25,0,25,6,0,57,0,63,56,0,56,119
10/02/2005,CSG,GA,ASO,ES,Towers with Radar,7,6,43,0,56,0,0,18,0,18,7,6,61,0,74,38,0,38,112
10/03/2005,CSG,GA,ASO,ES,Towers with Radar,5,7,33,0,45,0,0,20,0,20,5,7,53,0,65,38,0,38,103
10/04/2005,CSG,GA,ASO,ES,Towers with Radar,5,1,47,0,53,0,0,37,0,37,5,1,84,0,90,72,2,74,164
10/05/2005,CSG,GA,ASO,ES,Towers with Radar,6,4,45,0,55,0,0,18,0,18,6,4,63,0,73,36,0,36,109
10/06/2005,CSG,GA,ASO,ES,Towers with Radar,4,0,36,0,40,2,0,11,0,13,6,0,47,0,53,0,0,0,53
10/07/2005,CSG,GA,ASO,ES,Towers with Radar,4,1,31,2,38,0,0,9,0,9,4,1,40,2,47,0,0,0,47
10/08/2005,CSG,GA,ASO,ES,Towers with Radar,7,0,31,0,38,0,0,21,0,21,7,0,52,0,59,22,0,22,81
10/09/2005,CSG,GA,ASO,ES,Towers with Radar,6,0,30,0,36,0,0,5,0,5,6,0,35,0,41,4,0,4,45
10/10/2005,CSG,GA,ASO,ES,Towers with Radar,4,3,43,0,50,2,0,16,0,18,6,3,59,0,68,16,0,16,84
10/11/2005,CSG,GA,ASO,ES,Towers with Radar,5,0,27,0,32,2,1,26,0,29,7,1,53,0,61,74,0,74,135
10/12/2005,CSG,GA,ASO,ES,Towers with Radar,6,1,47,1,55,0,0,26,0,26,6,1,73,1,81,32,0,32,113
10/13/2005,CSG,GA,ASO,ES,Towers with Radar,4,1,55,2,62,3,0,51,0,54,7,1,106,2,116,46,0,46,162
10/14/2005,CSG,GA,ASO,ES,Towers with Radar,8,1,46,0,55,0,0,52,0,52,8,1,98,0,107,50,0,50,157
10/15/2005,CSG,GA,ASO,ES,Towers with Radar,6,2,42,0,50,0,0,63,0,63,6,2,105,0,113,60,0,60,173
10/16/2005,CSG,GA,ASO,ES,Towers with Radar,6,1,30,0,37,0,2,53,0,55,6,3,83,0,92,54,0,54,146
10/17/2005,CSG,GA,ASO,ES,Towers with Radar,5,6,34,0,45,0,3,59,0,62,5,9,93,0,107,152,0,152,259
10/18/2005,CSG,GA,ASO,ES,Towers with Radar,5,1,53,0,59,0,0,45,2,47,5,1,98,2,106,78,0,78,184
10/19/2005,CSG,GA,ASO,ES,Towers with Radar,5,1,49,2,57,0,0,40,0,40,5,1,89,2,97,146,2,148,245
10/20/2005,CSG,GA,ASO,ES,Towers with Radar,3,2,58,0,63,0,0,54,0,54,3,2,112,0,117,114,0,114,231
10/21/2005,CSG,GA,ASO,ES,Towers with Radar,7,3,55,0,65,0,0,63,0,63,7,3,118,0,128,110,0,110,238
10/22/2005,CSG,GA,ASO,ES,Towers with Radar,5,4,17,6,32,1,0,35,0,36,6,4,52,6,68,50,6,56,124
10/23/2005,CSG,GA,ASO,ES,Towers with Radar,7,0,20,0,27,0,2,57,1,60,7,2,77,1,87,118,0,118,205
10/24/2005,CSG,GA,ASO,ES,Towers with Radar,7,2,23,5,37,0,2,13,2,17,7,4,36,7,54,30,20,50,104
10/25/2005,CSG,GA,ASO,ES,Towers with Radar,2,4,18,2,26,0,0,17,2,19,2,4,35,4,45,0,4,4,49
10/26/2005,CSG,GA,ASO,ES,Towers with Radar,6,2,30,0,38,0,0,37,0,37,6,2,67,0,75,70,0,70,145
10/27/2005,CSG,GA,ASO,ES,Towers with Radar,4,3,44,0,51,1,0,52,0,53,5,3,96,0,104,122,0,122,226
10/28/2005,CSG,GA,ASO,ES,Towers with Radar,4,1,39,0,44,0,0,36,0,36,4,1,75,0,80,122,0,122,202
10/29/2005,CSG,GA,ASO,ES,Towers with Radar,10,0,25,0,35,0,0,59,0,59,10,0,84,0,94,126,0,126,220
10/30/2005,CSG,GA,ASO,ES,Towers with Radar,6,0,42,0,48,0,0,35,0,35,6,0,77,0,83,0,0,0,83
10/31/2005,CSG,GA,ASO,ES,Towers with Radar,7,0,44,0,51,0,0,31,0,31,7,0,75,0,82,86,0,86,168
11/01/2005,CSG,GA,ASO,ES,Towers with Radar,4,1,45,0,50,0,0,23,0,23,4,1,68,0,73,56,0,56,129
11/02/2005,CSG,GA,ASO,ES,Towers with Radar,5,0,52,0,57,0,0,48,0,48,5,0,100,0,105,102,0,102,207
11/03/2005,CSG,GA,ASO,ES,Towers with Radar,6,1,52,0,59,0,0,41,2,43,6,1,93,2,102,78,0,78,180
11/04/2005,CSG,GA,ASO,ES,Towers with Radar,6,6,52,0,64,0,0,45,0,45,6,6,97,0,109,52,0,52,161
11/05/2005,CSG,GA,ASO,ES,Towers with Radar,8,1,22,0,31,0,0,61,0,61,8,1,83,0,92,46,0,46,138
11/06/2005,CSG,GA,ASO,ES,Towers with Radar,6,0,34,0,40,0,0,29,0,29,6,0,63,0,69,46,0,46,115
11/07/2005,CSG,GA,ASO,ES,Towers with Radar,5,3,50,0,58,0,0,23,2,25,5,3,73,2,83,40,0,40,123
11/08/2005,CSG,GA,ASO,ES,Towers with Radar,5,4,74,0,83,0,0,39,0,39,5,4,113,0,122,124,0,124,246
11/09/2005,CSG,GA,ASO,ES,Towers with Radar,6,3,49,2,60,0,0,31,0,31,6,3,80,2,91,50,0,50,141
11/10/2005,CSG,GA,ASO,ES,Towers with Radar,6,2,45,0,53,0,0,47,0,47,6,2,92,0,100,90,0,90,190
11/11/2005,CSG,GA,ASO,ES,Towers with Radar,5,7,56,0,68,0,5,55,0,60,5,12,111,0,128,62,0,62,190
11/12/2005,CSG,GA,ASO,ES,Towers with Radar,7,1,27,0,35,0,0,30,0,30,7,1,57,0,65,18,1,19,84
11/13/2005,CSG,GA,ASO,ES,Towers with Radar,6,0,24,0,30,0,0,20,0,20,6,0,44,0,50,50,0,50,100
11/14/2005,CSG,GA,ASO,ES,Towers with Radar,6,2,35,0,43,0,0,30,0,30,6,2,65,0,73,60,0,60,133
11/15/2005,CSG,GA,ASO,ES,Towers with Radar,4,3,40,2,49,0,0,19,5,24,4,3,59,7,73,46,0,46,119
11/16/2005,CSG,GA,ASO,ES,Towers with Radar,6,4,51,0,61,0,0,29,0,29,6,4,80,0,90,42,0,42,132
11/17/2005,CSG,GA,ASO,ES,Towers with Radar,7,2,50,4,63,0,0,31,2,33,7,2,81,6,96,32,0,32,128
11/18/2005,CSG,GA,ASO,ES,Towers with Radar,7,0,44,0,51,0,0,64,0,64,7,0,108,0,115,42,0,42,157
11/19/2005,CSG,GA,ASO,ES,Towers with Radar,6,2,26,5,39,2,0,43,4,49,8,2,69,9,88,63,0,63,151
11/20/2005,CSG,GA,ASO,ES,Towers with Radar,3,3,27,0,33,0,0,3,0,3,3,3,30,0,36,8,0,8,44
11/21/2005,CSG,GA,ASO,ES,Towers with Radar,6,0,36,0,42,0,0,0,0,0,6,0,36,0,42,0,0,0,42
11/22/2005,CSG,GA,ASO,ES,Towers with Radar,4,3,36,0,43,0,0,31,0,31,4,3,67,0,74,10,0,10,84
11/23/2005,CSG,GA,ASO,ES,Towers with Radar,6,6,47,0,59,0,0,44,0,44,6,6,91,0,103,62,0,62,165
11/24/2005,CSG,GA,ASO,ES,Towers with Radar,6,1,5,0,12,0,0,30,0,30,6,1,35,0,42,8,0,8,50
11/25/2005,CSG,GA,ASO,ES,Towers with Radar,9,7,22,0,38,0,0,51,0,51,9,7,73,0,89,93,0,93,182
11/26/2005,CSG,GA,ASO,ES,Towers with Radar,9,7,23,0,39,0,0,48,0,48,9,7,71,0,87,84,0,84,171
11/27/2005,CSG,GA,ASO,ES,Towers with Radar,4,2,32,0,38,0,0,0,0,0,4,2,32,0,38,6,0,6,44
11/28/2005,CSG,GA,ASO,ES,Towers with Radar,4,1,17,0,22,0,0,4,0,4,4,1,21,0,26,4,0,4,30
11/29/2005,CSG,GA,ASO,ES,Towers with Radar,6,2,48,0,56,0,0,33,2,35,6,2,81,2,91,28,0,28,119
11/30/2005,CSG,GA,ASO,ES,Towers with Radar,7,0,33,1,41,0,0,50,0,50,7,0,83,1,91,4,0,4,95
12/01/2005,CSG,GA,ASO,ES,Towers with Radar,6,1,66,1,74,0,0,37,3,40,6,1,103,4,114,52,0,52,166
12/02/2005,CSG,GA,ASO,ES,Towers with Radar,7,4,44,0,55,0,0,30,0,30,7,4,74,0,85,40,2,42,127
12/03/2005,CSG,GA,ASO,ES,Towers with Radar,4,0,21,0,25,0,0,48,0,48,4,0,69,0,73,60,0,60,133
12/04/2005,CSG,GA,ASO,ES,Towers with Radar,4,0,40,0,44,0,0,17,0,17,4,0,57,0,61,34,0,34,95
12/05/2005,CSG,GA,ASO,ES,Towers with Radar,6,2,25,0,33,0,0,0,0,0,6,2,25,0,33,0,0,0,33
12/06/2005,CSG,GA,ASO,ES,Towers with Radar,3,2,46,2,53,0,1,40,0,41,3,3,86,2,94,60,0,60,154
12/07/2005,CSG,GA,ASO,ES,Towers with Radar,6,2,35,0,43,0,0,36,0,36,6,2,71,0,79,74,0,74,153
12/08/2005,CSG,GA,ASO,ES,Towers with Radar,6,0,25,0,31,0,0,0,0,0,6,0,25,0,31,0,0,0,31
12/09/2005,CSG,GA,ASO,ES,Towers with Radar,5,8,41,4,58,0,0,64,0,64,5,8,105,4,122,58,8,66,188
12/10/2005,CSG,GA,ASO,ES,Towers with Radar,4,0,21,0,25,0,0,54,0,54,4,0,75,0,79,88,0,88,167
12/11/2005,CSG,GA,ASO,ES,Towers with Radar,6,5,25,0,36,0,1,45,0,46,6,6,70,0,82,60,0,60,142
12/12/2005,CSG,GA,ASO,ES,Towers with Radar,4,2,33,0,39,0,0,28,2,30,4,2,61,2,69,4,0,4,73
12/13/2005,CSG,GA,ASO,ES,Towers with Radar,5,0,44,0,49,0,0,49,0,49,5,0,93,0,98,76,0,76,174
12/14/2005,CSG,GA,ASO,ES,Towers with Radar,5,1,42,16,64,0,0,18,0,18,5,1,60,16,82,66,0,66,148
12/15/2005,CSG,GA,ASO,ES,Towers with Radar,3,10,20,0,33,0,0,2,0,2,3,10,22,0,35,0,0,0,35
12/16/2005,CSG,GA,ASO,ES,Towers with Radar,3,4,69,0,76,2,0,58,0,60,5,4,127,0,136,102,0,102,238
12/17/2005,CSG,GA,ASO,ES,Towers with Radar,4,0,24,0,28,0,0,27,0,27,4,0,51,0,55,38,0,38,93
12/18/2005,CSG,GA,ASO,ES,Towers with Radar,6,1,20,0,27,0,0,22,0,22,6,1,42,0,49,86,0,86,135
12/19/2005,CSG,GA,ASO,ES,Towers with Radar,4,5,30,2,41,0,0,26,2,28,4,5,56,4,69,50,0,50,119
12/20/2005,CSG,GA,ASO,ES,Towers with Radar,3,1,41,0,45,1,0,47,2,50,4,1,88,2,95,94,0,94,189
12/21/2005,CSG,GA,ASO,ES,Towers with Radar,5,0,32,0,37,0,0,28,0,28,5,0,60,0,65,28,0,28,93
12/22/2005,CSG,GA,ASO,ES,Towers with Radar,5,1,30,0,36,0,0,36,0,36,5,1,66,0,72,50,0,50,122
12/23/2005,CSG,GA,ASO,ES,Towers with Radar,6,0,31,0,37,0,0,65,0,65,6,0,96,0,102,66,0,66,168
12/24/2005,CSG,GA,ASO,ES,Towers with Radar,3,0,13,0,16,0,0,10,0,10,3,0,23,0,26,6,0,6,32
12/25/2005,CSG,GA,ASO,ES,Towers with Radar,3,0,12,0,15,0,0,1,0,1,3,0,13,0,16,0,0,0,16
12/26/2005,CSG,GA,ASO,ES,Towers with Radar,5,4,43,0,52,0,0,20,6,26,5,4,63,6,78,26,0,26,104
12/27/2005,CSG,GA,ASO,ES,Towers with Radar,6,0,34,0,40,0,0,41,0,41,6,0,75,0,81,40,0,40,121
12/28/2005,CSG,GA,ASO,ES,Towers with Radar,6,0,15,0,21,0,0,1,0,1,6,0,16,0,22,0,0,0,22
12/29/2005,CSG,GA,ASO,ES,Towers with Radar,6,3,36,0,45,0,0,52,0,52,6,3,88,0,97,50,0,50,147
12/30/2005,CSG,GA,ASO,ES,Towers with Radar,6,3,27,0,36,0,0,56,0,56,6,3,83,0,92,104,0,104,196
12/31/2005,CSG,GA,ASO,ES,Towers with Radar,3,0,13,0,16,0,0,40,0,40,3,0,53,0,56,74,2,76,132
01/01/2006,CSG,GA,ASO,ES,Towers with Radar,5,1,9,0,15,0,0,7,0,7,5,1,16,0,22,8,0,8,30
01/02/2006,CSG,GA,ASO,ES,Towers with Radar,4,0,20,0,24,0,0,3,0,3,4,0,23,0,27,2,0,2,29
01/03/2006,CSG,GA,ASO,ES,Towers with Radar,6,4,26,0,36,0,0,27,2,29,6,4,53,2,65,38,0,38,103
01/04/2006,CSG,GA,ASO,ES,Towers with Radar,6,1,25,0,32,0,0,19,0,19,6,1,44,0,51,37,0,37,88
01/05/2006,CSG,GA,ASO,ES,Towers with Radar,6,3,25,16,50,0,0,35,0,35,6,3,60,16,85,20,14,34,119
01/06/2006,CSG,GA,ASO,ES,Towers with Radar,4,1,26,2,33,0,0,18,0,18,4,1,44,2,51,22,0,22,73
01/07/2006,CSG,GA,ASO,ES,Towers with Radar,4,1,28,0,33,0,0,42,0,42,4,1,70,0,75,40,0,40,115
01/08/2006,CSG,GA,ASO,ES,Towers with Radar,6,2,32,0,40,0,0,41,0,41,6,2,73,0,81,52,2,54,135
01/09/2006,CSG,GA,ASO,ES,Towers with Radar,6,2,25,0,33,0,0,17,0,17,6,2,42,0,50,24,0,24,74
01/10/2006,CSG,GA,ASO,ES,Towers with Radar,6,1,34,0,41,0,0,28,0,28,6,1,62,0,69,32,0,32,101
01/11/2006,CSG,GA,ASO,ES,Towers with Radar,6,3,30,0,39,0,0,20,0,20,6,3,50,0,59,4,0,4,63
01/12/2006,CSG,GA,ASO,ES,Towers with Radar,7,0,52,0,59,0,0,42,0,42,7,0,94,0,101,76,0,76,177
01/13/2006,CSG,GA,ASO,ES,Towers with Radar,4,2,14,2,22,0,0,4,2,6,4,2,18,4,28,0,2,2,30
01/14/2006,CSG,GA,ASO,ES,Towers with Radar,5,0,23,0,28,0,0,9,0,9,5,0,32,0,37,16,0,16,53
01/15/2006,CSG,GA,ASO,ES,Towers with Radar,4,2,30,0,36,0,0,44,0,44,4,2,74,0,80,74,0,74,154
01/16/2006,CSG,GA,ASO,ES,Towers with Radar,6,1,26,0,33,0,0,13,0,13,6,1,39,0,46,32,0,32,78
01/17/2006,CSG,GA,ASO,ES,Towers with Radar,3,1,21,0,25,1,0,9,0,10,4,1,30,0,35,0,0,0,35
01/18/2006,CSG,GA,ASO,ES,Towers with Radar,4,2,14,2,22,0,0,4,2,6,4,2,18,4,28,0,2,2,30
01/19/2006,CSG,GA,ASO,ES,Towers with Radar,6,7,58,0,71,0,0,56,0,56,6,7,114,0,127,78,0,78,205
01/20/2006,CSG,GA,ASO,ES,Towers with Radar,8,5,52,4,69,0,0,51,0,51,8,5,103,4,120,91,3,94,214
01/21/2006,CSG,GA,ASO,ES,Towers with Radar,4,8,35,0,47,0,0,1,0,1,4,8,36,0,48,6,0,6,54
01/22/2006,CSG,GA,ASO,ES,Towers with Radar,5,4,15,0,24,0,0,21,0,21,5,4,36,0,45,62,0,62,107
01/23/2006,CSG,GA,ASO,ES,Towers with Radar,4,2,43,0,49,0,0,2,4,6,4,2,45,4,55,6,0,6,61
01/24/2006,CSG,GA,ASO,ES,Towers with Radar,6,2,37,4,49,0,0,34,1,35,6,2,71,5,84,26,0,26,110
01/25/2006,CSG,GA,ASO,ES,Towers with Radar,5,2,58,0,65,0,0,35,0,35,5,2,93,0,100,38,0,38,138
01/26/2006,CSG,GA,ASO,ES,Towers with Radar,8,4,34,0,46,0,0,50,0,50,8,4,84,0,96,40,0,40,136
01/27/2006,CSG,GA,ASO,ES,Towers with Radar,6,2,48,2,58,0,0,28,0,28,6,2,76,2,86,80,0,80,166
01/28/2006,CSG,GA,ASO,ES,Towers with Radar,5,2,44,0,51,0,0,60,0,60,5,2,104,0,111,90,0,90,201
01/29/2006,CSG,GA,ASO,ES,Towers with Radar,6,2,30,0,38,0,0,20,0,20,6,2,50,0,58,12,0,12,70
01/30/2006,CSG,GA,ASO,ES,Towers with Radar,6,2,27,0,35,0,0,1,0,1,6,2,28,0,36,0,0,0,36
01/31/2006,CSG,GA,ASO,ES,Towers with Radar,6,1,35,0,42,0,0,45,0,45,6,1,80,0,87,44,1,45,132
02/01/2006,CSG,GA,ASO,ES,Towers with Radar,5,2,36,0,43,0,0,50,0,50,5,2,86,0,93,64,0,64,157
02/02/2006,CSG,GA,ASO,ES,Towers with Radar,4,1,34,0,39,0,0,2,0,2,4,1,36,0,41,0,0,0,41
02/03/2006,CSG,GA,ASO,ES,Towers with Radar,5,2,43,0,50,0,0,43,0,43,5,2,86,0,93,48,0,48,141
02/04/2006,CSG,GA,ASO,ES,Towers with Radar,4,4,10,0,18,0,0,7,0,7,4,4,17,0,25,6,0,6,31
02/05/2006,CSG,GA,ASO,ES,Towers with Radar,5,2,25,2,34,0,0,28,1,29,5,2,53,3,63,58,0,58,121
02/06/2006,CSG,GA,ASO,ES,Towers with Radar,6,1,32,0,39,0,0,7,0,7,6,1,39,0,46,8,0,8,54
02/07/2006,CSG,GA,ASO,ES,Towers with Radar,4,0,55,4,63,0,0,25,1,26,4,0,80,5,89,22,0,22,111
02/08/2006,CSG,GA,ASO,ES,Towers with Radar,4,1,40,3,48,0,2,42,0,44,4,3,82,3,92,14,0,14,106
02/09/2006,CSG,GA,ASO,ES,Towers with Radar,5,1,39,2,47,0,0,36,0,36,5,1,75,2,83,64,0,64,147
02/10/2006,CSG,GA,ASO,ES,Towers with Radar,7,2,42,1,52,0,0,30,3,33,7,2,72,4,85,68,0,68,153
02/11/2006,CSG,GA,ASO,ES,Towers with Radar,3,0,12,0,15,1,0,15,1,17,4,0,27,1,32,8,0,8,40
02/12/2006,CSG,GA,ASO,ES,Towers with Radar,6,6,32,1,45,0,0,21,0,21,6,6,53,1,66,36,0,36,102
02/13/2006,CSG,GA,ASO,ES,Towers with Radar,6,7,25,2,40,0,1,35,0,36,6,8,60,2,76,38,2,40,116
02/14/2006,CSG,GA,ASO,ES,Towers with Radar,5,4,36,2,47,0,0,23,1,24,5,4,59,3,71,86,0,86,157
02/15/2006,CSG,GA,ASO,ES,Towers with Radar,6,5,51,2,64,0,1,26,15,42,6,6,77,17,106,32,0,32,138
02/16/2006,CSG,GA,ASO,ES,Towers with Radar,7,1,45,0,53,0,0,45,0,45,7,1,90,0,98,30,0,30,128
02/17/2006,CSG,GA,ASO,ES,Towers with Radar,5,2,45,2,54,0,0,24,0,24,5,2,69,2,78,62,0,62,140
02/18/2006,CSG,GA,ASO,ES,Towers with Radar,5,4,14,2,25,0,0,5,0,5,5,4,19,2,30,18,0,18,48
02/19/2006,CSG,GA,ASO,ES,Towers with Radar,7,1,35,1,44,0,0,16,0,16,7,1,51,1,60,54,0,54,114
02/20/2006,CSG,GA,ASO,ES,Towers with Radar,4,2,32,0,38,0,0,0,0,0,4,2,32,0,38,0,0,0,38
02/21/2006,CSG,GA,ASO,ES,Towers with Radar,4,8,59,4,75,0,0,12,0,12,4,8,71,4,87,86,0,86,173
02/22/2006,CSG,GA,ASO,ES,Towers with Radar,2,3,42,0,47,0,0,8,0,8,2,3,50,0,55,30,0,30,85
02/23/2006,CSG,GA,ASO,ES,Towers with Radar,4,2,52,7,65,0,0,24,2,26,4,2,76,9,91,30,7,37,128
02/24/2006,CSG,GA,ASO,ES,Towers with Radar,4,12,48,1,65,0,0,49,0,49,4,12,97,1,114,58,2,60,174
02/25/2006,CSG,GA,ASO,ES,Towers with Radar,2,0,9,0,11,0,0,1,0,1,2,0,10,0,12,0,0,0,12
02/26/2006,CSG,GA,ASO,ES,Towers with Radar,6,2,41,0,49,0,0,40,0,40,6,2,81,0,89,26,0,26,115
02/27/2006,CSG,GA,ASO,ES,Towers with Radar,6,2,27,1,36,0,0,26,0,26,6,2,53,1,62,74,0,74,136
02/28/2006,CSG,GA,ASO,ES,Towers with Radar,6,1,32,0,39,0,0,40,0,40,6,1,72,0,79,110,0,110,189
03/01/2006,CSG,GA,ASO,ES,Towers with Radar,4,0,62,0,66,0,0,60,0,60,4,0,122,0,126,82,0,82,208
03/02/2006,CSG,GA,ASO,ES,Towers with Radar,6,0,62,0,68,0,0,44,0,44,6,0,106,0,112,90,0,90,202
03/03/2006,CSG,GA,ASO,ES,Towers with Radar,6,3,47,0,56,0,0,35,0,35,6,3,82,0,91,40,2,42,133
03/04/2006,CSG,GA,ASO,ES,Towers with Radar,6,3,35,0,44,0,0,71,0,71,6,3,106,0,115,66,0,66,181
03/05/2006,CSG,GA,ASO,ES,Towers with Radar,6,5,23,0,34,0,0,52,0,52,6,5,75,0,86,54,0,54,140
03/06/2006,CSG,GA,ASO,ES,Towers with Radar,4,7,31,0,42,0,0,35,0,35,4,7,66,0,77,34,0,34,111
03/07/2006,CSG,GA,ASO,ES,Towers with Radar,4,7,42,0,53,0,0,47,0,47,4,7,89,0,100,102,0,102,202
03/08/2006,CSG,GA,ASO,ES,Towers with Radar,6,6,33,0,45,0,0,43,0,43,6,6,76,0,88,52,0,52,140
03/09/2006,CSG,GA,ASO,ES,Towers with Radar,6,0,54,0,60,0,0,27,0,27,6,0,81,0,87,14,0,14,101
03/10/2006,CSG,GA,ASO,ES,Towers with Radar,7,1,41,0,49,0,0,5,0,5,7,1,46,0,54,2,0,2,56
03/11/2006,CSG,GA,ASO,ES,Towers with Radar,4,1,40,0,45,0,0,38,0,38,4,1,78,0,83,42,0,42,125
03/12/2006,CSG,GA,ASO,ES,Towers with Radar,5,1,31,0,37,0,0,30,0,30,5,1,61,0,67,26,0,26,93
03/13/2006,CSG,GA,ASO,ES,Towers with Radar,9,0,35,4,48,0,0,0,0,0,9,0,35,4,48,8,0,8,56
03/14/2006,CSG,GA,ASO,ES,Towers with Radar,4,2,36,0,42,0,0,15,0,15,4,2,51,0,57,28,0,28,85
03/15/2006,CSG,GA,ASO,ES,Towers with Radar,6,5,47,6,64,0,0,32,3,35,6,5,79,9,99,10,4,14,113
03/16/2006,CSG,GA,ASO,ES,Towers with Radar,6,3,61,4,74,0,1,63,9,73,6,4,124,13,147,74,26,100,247
03/17/2006,CSG,GA,ASO,ES,Towers with Radar,5,5,79,6,95,0,0,67,41,108,5,5,146,47,203,88,86,174,377
03/18/2006,CSG,GA,ASO,ES,Towers with Radar,3,2,36,2,43,0,0,303,0,303,3,2,339,2,346,345,8,353,699
03/19/2006,CSG,GA,ASO,ES,Towers with Radar,5,3,11,7,26,0,0,158,0,158,5,3,169,7,184,122,8,130,314
03/20/2006,CSG,GA,ASO,ES,Towers with Radar,4,3,44,3,54,0,0,15,0,15,4,3,59,3,69,16,2,18,87
03/21/2006,CSG,GA,ASO,ES,Towers with Radar,4,0,32,0,36,0,0,12,2,14,4,0,44,2,50,16,0,16,66
03/22/2006,CSG,GA,ASO,ES,Towers with Radar,6,1,41,0,48,0,0,37,0,37,6,1,78,0,85,56,0,56,141
03/23/2006,CSG,GA,ASO,ES,Towers with Radar,5,2,42,0,49,0,0,40,0,40,5,2,82,0,89,68,0,68,157
03/24/2006,CSG,GA,ASO,ES,Towers with Radar,6,2,46,0,54,0,0,34,0,34,6,2,80,0,88,6,0,6,94
03/25/2006,CSG,GA,ASO,ES,Towers with Radar,6,0,43,0,49,0,0,33,0,33,6,0,76,0,82,32,0,32,114
03/26/2006,CSG,GA,ASO,ES,Towers with Radar,6,3,26,2,37,0,2,41,0,43,6,5,67,2,80,50,8,58,138
03/27/2006,CSG,GA,ASO,ES,Towers with Radar,6,5,20,0,31,0,0,36,0,36,6,5,56,0,67,22,0,22,89
03/28/2006,CSG,GA,ASO,ES,Towers with Radar,4,0,40,0,44,0,4,31,0,35,4,4,71,0,79,80,0,80,159
03/29/2006,CSG,GA,ASO,ES,Towers with Radar,4,0,36,2,42,0,2,39,0,41,4,2,75,2,83,76,4,80,163
03/30/2006,CSG,GA,ASO,ES,Towers with Radar,5,1,57,0,63,0,0,58,2,60,5,1,115,2,123,1300,0,1300,1423
03/31/2006,CSG,GA,ASO,ES,Towers with Radar,5,6,47,3,61,0,0,56,0,56,5,6,103,3,117,72,12,84,201
04/01/2006,CSG,GA,ASO,ES,Towers with Radar,5,1,29,2,37,0,0,21,0,21,5,1,50,2,58,44,0,44,102
04/02/2006,CSG,GA,ASO,ES,Towers with Radar,3,1,37,0,41,0,0,21,2,23,3,1,58,2,64,0,0,0,64
04/03/2006,CSG,GA,ASO,ES,Towers with Radar,5,4,15,1,25,0,0,8,0,8,5,4,23,1,33,0,0,0,33
04/04/2006,CSG,GA,ASO,ES,Towers with Radar,4,0,32,2,38,0,0,51,0,51,4,0,83,2,89,96,0,96,185
04/05/2006,CSG,GA,ASO,ES,Towers with Radar,6,0,43,1,50,0,0,32,2,34,6,0,75,3,84,82,0,82,166
04/06/2006,CSG,GA,ASO,ES,Towers with Radar,5,3,38,1,47,0,0,47,1,48,5,3,85,2,95,78,0,78,173
04/07/2006,CSG,GA,ASO,ES,Towers with Radar,7,0,31,0,38,0,0,27,0,27,7,0,58,0,65,26,0,26,91
04/08/2006,CSG,GA,ASO,ES,Towers with Radar,4,6,20,0,30,0,0,5,0,5,4,6,25,0,35,0,0,0,35
04/09/2006,CSG,GA,ASO,ES,Towers with Radar,5,4,37,0,46,0,0,45,0,45,5,4,82,0,91,16,0,16,107
04/10/2006,CSG,GA,ASO,ES,Towers with Radar,6,2,42,0,50,0,0,33,0,33,6,2,75,0,83,66,0,66,149
04/11/2006,CSG,GA,ASO,ES,Towers with Radar,4,1,58,2,65,0,0,61,0,61,4,1,119,2,126,74,0,74,200
04/12/2006,CSG,GA,ASO,ES,Towers with Radar,6,0,31,0,37,0,0,32,0,32,6,0,63,0,69,78,0,78,147
04/13/2006,CSG,GA,ASO,ES,Towers with Radar,6,1,55,2,64,0,0,207,3,210,6,1,262,5,274,70,8,78,352
04/14/2006,CSG,GA,ASO,ES,Towers with Radar,3,0,52,0,55,1,0,42,0,43,4,0,94,0,98,32,0,32,130
04/15/2006,CSG,GA,ASO,ES,Towers with Radar,3,0,29,0,32,0,0,45,0,45,3,0,74,0,77,96,0,96,173
04/16/2006,CSG,GA,ASO,ES,Towers with Radar,6,2,33,0,41,0,0,29,0,29,6,2,62,0,70,26,0,26,96
04/17/2006,CSG,GA,ASO,ES,Towers with Radar,6,0,52,0,58,0,0,9,0,9,6,0,61,0,67,20,0,20,87
04/18/2006,CSG,GA,ASO,ES,Towers with Radar,4,3,47,0,54,0,0,33,0,33,4,3,80,0,87,76,0,76,163
04/19/2006,CSG,GA,ASO,ES,Towers with Radar,15,3,44,0,62,0,0,18,0,18,15,3,62,0,80,38,0,38,118
04/20/2006,CSG,GA,ASO,ES,Towers with Radar,11,1,52,0,64,1,0,39,0,40,12,1,91,0,104,157,2,159,263
04/21/2006,CSG,GA,ASO,ES,Towers with Radar,6,5,46,0,57,0,0,41,0,41,6,5,87,0,98,30,0,30,128
04/22/2006,CSG,GA,ASO,ES,Towers with Radar,4,0,32,0,36,0,0,23,0,23,4,0,55,0,59,8,0,8,67
04/23/2006,CSG,GA,ASO,ES,Towers with Radar,6,6,16,0,28,0,0,39,0,39,6,6,55,0,67,78,0,78,145
04/24/2006,CSG,GA,ASO,ES,Towers with Radar,4,2,35,3,44,0,0,21,0,21,4,2,56,3,65,42,0,42,107
04/25/2006,CSG,GA,ASO,ES,Towers with Radar,5,3,28,0,36,0,0,14,0,14,5,3,42,0,50,48,0,48,98
04/26/2006,CSG,GA,ASO,ES,Towers with Radar,5,3,36,4,48,0,0,15,4,19,5,3,51,8,67,22,0,22,89
04/27/2006,CSG,GA,ASO,ES,Towers with Radar,4,2,58,0,64,2,0,37,4,43,6,2,95,4,107,24,0,24,131
04/28/2006,CSG,GA,ASO,ES,Towers with Radar,6,3,52,0,61,0,0,47,0,47,6,3,99,0,108,110,0,110,218
04/29/2006,CSG,GA,ASO,ES,Towers with Radar,4,4,31,0,39,0,0,45,0,45,4,4,76,0,84,28,0,28,112
04/30/2006,CSG,GA,ASO,ES,Towers with Radar,5,7,32,0,44,0,0,13,0,13,5,7,45,0,57,4,0,4,61
05/01/2006,CSG,GA,ASO,ES,Towers with Radar,6,6,35,0,47,0,0,40,0,40,6,6,75,0,87,72,0,72,159
05/02/2006,CSG,GA,ASO,ES,Towers with Radar,6,3,38,2,49,0,0,44,4,48,6,3,82,6,97,160,0,160,257
05/03/2006,CSG,GA,ASO,ES,Towers with Radar,6,0,47,1,54,0,0,44,4,48,6,0,91,5,102,72,12,84,186
05/04/2006,CSG,GA,ASO,ES,Towers with Radar,4,2,47,0,53,2,2,40,0,44,6,4,87,0,97,48,0,48,145
05/05/2006,CSG,GA,ASO,ES,Towers with Radar,8,1,32,0,41,0,0,32,0,32,8,1,64,0,73,60,0,60,133
05/06/2006,CSG,GA,ASO,ES,Towers with Radar,9,0,27,0,36,0,0,19,0,19,9,0,46,0,55,50,0,50,105
05/07/2006,CSG,GA,ASO,ES,Towers with Radar,7,2,21,0,30,0,0,8,0,8,7,2,29,0,38,46,0,46,84
05/08/2006,CSG,GA,ASO,ES,Towers with Radar,5,0,37,4,46,0,0,12,0,12,5,0,49,4,58,42,2,44,102
05/09/2006,CSG,GA,ASO,ES,Towers with Radar,6,0,40,0,46,0,0,2,0,2,6,0,42,0,48,10,0,10,58
05/10/2006,CSG,GA,ASO,ES,Towers with Radar,4,4,34,0,42,0,0,4,0,4,4,4,38,0,46,0,0,0,46
05/11/2006,CSG,GA,ASO,ES,Towers with Radar,4,2,34,0,40,0,0,21,0,21,4,2,55,0,61,24,0,24,85
05/12/2006,CSG,GA,ASO,ES,Towers with Radar,7,4,68,0,79,0,0,53,0,53,7,4,121,0,132,60,0,60,192
05/13/2006,CSG,GA,ASO,ES,Towers with Radar,7,0,16,0,23,0,2,34,0,36,7,2,50,0,59,18,0,18,77
05/14/2006,CSG,GA,ASO,ES,Towers with Radar,6,0,23,0,29,0,0,9,0,9,6,0,32,0,38,8,0,8,46
05/15/2006,CSG,GA,ASO,ES,Towers with Radar,4,3,32,0,39,0,0,20,0,20,4,3,52,0,59,26,0,26,85
05/16/2006,CSG,GA,ASO,ES,Towers with Radar,6,5,39,0,50,0,0,31,2,33,6,5,70,2,83,36,0,36,119
05/17/2006,CSG,GA,ASO,ES,Towers with Radar,6,7,38,0,51,0,0,35,0,35,6,7,73,0,86,68,0,68,154
05/18/2006,CSG,GA,ASO,ES,Towers with Radar,6,0,51,0,57,0,0,52,0,52,6,0,103,0,109,64,0,64,173
05/19/2006,CSG,GA,ASO,ES,Towers with Radar,5,0,60,0,65,0,0,52,0,52,5,0,112,0,117,70,0,70,187
05/20/2006,CSG,GA,ASO,ES,Towers with Radar,7,0,30,0,37,0,1,50,0,51,7,1,80,0,88,76,0,76,164
05/21/2006,CSG,GA,ASO,ES,Towers with Radar,4,1,28,0,33,0,0,36,0,36,4,1,64,0,69,16,0,16,85
05/22/2006,CSG,GA,ASO,ES,Towers with Radar,6,2,12,2,22,0,0,32,0,32,6,2,44,2,54,72,0,72,126
05/23/2006,CSG,GA,ASO,ES,Towers with Radar,7,4,34,2,47,0,0,34,0,34,7,4,68,2,81,36,0,36,117
05/24/2006,CSG,GA,ASO,ES,Towers with Radar,6,4,48,0,58,0,0,27,1,28,6,4,75,1,86,62,0,62,148
05/25/2006,CSG,GA,ASO,ES,Towers with Radar,7,2,46,0,55,0,0,25,0,25,7,2,71,0,80,70,0,70,150
05/26/2006,CSG,GA,ASO,ES,Towers with Radar,6,3,40,0,49,0,0,41,0,41,6,3,81,0,90,48,0,48,138
05/27/2006,CSG,GA,ASO,ES,Towers with Radar,2,4,23,0,29,2,0,72,0,74,4,4,95,0,103,68,0,68,171
05/28/2006,CSG,GA,ASO,ES,Towers with Radar,6,1,14,0,21,0,0,16,0,16,6,1,30,0,37,4,0,4,41
05/29/2006,CSG,GA,ASO,ES,Towers with Radar,5,5,24,0,34,0,0,31,0,31,5,5,55,0,65,16,0,16,81
05/30/2006,CSG,GA,ASO,ES,Towers with Radar,6,2,30,0,38,0,0,27,0,27,6,2,57,0,65,58,0,58,123
05/31/2006,CSG,GA,ASO,ES,Towers with Radar,6,2,38,1,47,0,0,34,0,34,6,2,72,1,81,50,0,50,131
06/01/2006,CSG,GA,ASO,ES,Towers with Radar,6,0,35,0,41,0,0,34,0,34,6,0,69,0,75,44,0,44,119
06/02/2006,CSG,GA,ASO,ES,Towers with Radar,26,0,57,0,83,0,0,52,0,52,26,0,109,0,135,76,0,76,211
06/03/2006,CSG,GA,ASO,ES,Towers with Radar,5,0,30,0,35,0,0,29,0,29,5,0,59,0,64,46,0,46,110
06/04/2006,CSG,GA,ASO,ES,Towers with Radar,7,2,33,0,42,0,0,47,0,47,7,2,80,0,89,72,0,72,161
06/05/2006,CSG,GA,ASO,ES,Towers with Radar,6,1,21,0,28,0,0,25,0,25,6,1,46,0,53,44,0,44,97
06/06/2006,CSG,GA,ASO,ES,Towers with Radar,6,3,29,0,38,0,0,40,0,40,6,3,69,0,78,56,0,56,134
06/07/2006,CSG,GA,ASO,ES,Towers with Radar,5,3,31,3,42,0,0,32,0,32,5,3,63,3,74,34,0,34,108
06/08/2006,CSG,GA,ASO,ES,Towers with Radar,6,3,49,0,58,0,0,45,1,46,6,3,94,1,104,44,0,44,148
06/09/2006,CSG,GA,ASO,ES,Towers with Radar,6,3,52,0,61,0,0,35,1,36,6,3,87,1,97,34,0,34,131
06/10/2006,CSG,GA,ASO,ES,Towers with Radar,4,0,15,0,19,0,0,41,0,41,4,0,56,0,60,48,0,48,108
06/11/2006,CSG,GA,ASO,ES,Towers with Radar,6,3,19,0,28,0,0,21,0,21,6,3,40,0,49,8,0,8,57
06/12/2006,CSG,GA,ASO,ES,Towers with Radar,8,0,16,0,24,0,0,16,0,16,8,0,32,0,40,62,0,62,102
06/13/2006,CSG,GA,ASO,ES,Towers with Radar,4,0,33,0,37,0,0,10,2,12,4,0,43,2,49,14,0,14,63
06/14/2006,CSG,GA,ASO,ES,Towers with Radar,6,2,42,0,50,0,0,43,0,43,6,2,85,0,93,54,0,54,147
06/15/2006,CSG,GA,ASO,ES,Towers with Radar,5,0,54,0,59,0,0,75,0,75,5,0,129,0,134,146,0,146,280
06/16/2006,CSG,GA,ASO,ES,Towers with Radar,7,4,47,0,58,0,0,35,4,39,7,4,82,4,97,30,0,30,127
06/17/2006,CSG,GA,ASO,ES,Towers with Radar,7,7,31,0,45,0,0,39,0,39,7,7,70,0,84,16,0,16,100
06/18/2006,CSG,GA,ASO,ES,Towers with Radar,6,0,34,0,40,0,0,25,0,25,6,0,59,0,65,38,0,38,103
06/19/2006,CSG,GA,ASO,ES,Towers with Radar,2,3,31,2,38,0,0,37,0,37,2,3,68,2,75,44,2,46,121
06/20/2006,CSG,GA,ASO,ES,Towers with Radar,4,4,30,2,40,0,0,35,0,35,4,4,65,2,75,100,0,100,175
06/21/2006,CSG,GA,ASO,ES,Towers with Radar,6,3,33,0,42,0,0,21,0,21,6,3,54,0,63,0,0,0,63
06/22/2006,CSG,GA,ASO,ES,Towers with Radar,4,0,31,2,37,0,0,36,4,40,4,0,67,6,77,52,8,60,137
06/23/2006,CSG,GA,ASO,ES,Towers with Radar,9,4,52,2,67,0,0,36,0,36,9,4,88,2,103,82,0,82,185
06/24/2006,CSG,GA,ASO,ES,Towers with Radar,3,2,15,0,20,0,1,83,0,84,3,3,98,0,104,154,0,154,258
06/25/2006,CSG,GA,ASO,ES,Towers with Radar,13,1,20,0,34,0,0,17,0,17,13,1,37,0,51,6,0,6,57
06/26/2006,CSG,GA,ASO,ES,Towers with Radar,2,4,28,0,34,0,0,13,0,13,2,4,41,0,47,56,0,56,103
06/27/2006,CSG,GA,ASO,ES,Towers with Radar,3,0,36,0,39,0,0,45,0,45,3,0,81,0,84,50,0,50,134
06/28/2006,CSG,GA,ASO,ES,Towers with Radar,6,1,35,1,43,0,0,43,1,44,6,1,78,2,87,114,0,114,201
06/29/2006,CSG,GA,ASO,ES,Towers with Radar,4,1,30,0,35,0,3,60,0,63,4,4,90,0,98,58,0,58,156
06/30/2006,CSG,GA,ASO,ES,Towers with Radar,6,3,37,0,46,0,0,45,0,45,6,3,82,0,91,60,0,60,151
07/01/2006,CSG,GA,ASO,ES,Towers with Radar,2,2,21,0,25,1,0,45,0,46,3,2,66,0,71,54,0,54,125
07/02/2006,CSG,GA,ASO,ES,Towers with Radar,7,3,17,0,27,0,0,15,0,15,7,3,32,0,42,32,0,32,74
07/03/2006,CSG,GA,ASO,ES,Towers with Radar,4,0,18,0,22,0,0,21,0,21,4,0,39,0,43,76,0,76,119
07/04/2006,CSG,GA,ASO,ES,Towers with Radar,4,3,10,0,17,0,0,17,0,17,4,3,27,0,34,28,0,28,62
07/05/2006,CSG,GA,ASO,ES,Towers with Radar,4,1,29,0,34,0,0,24,2,26,4,1,53,2,60,22,0,22,82
07/06/2006,CSG,GA,ASO,ES,Towers with Radar,6,5,26,0,37,0,0,25,0,25,6,5,51,0,62,46,0,46,108
07/07/2006,CSG,GA,ASO,ES,Towers with Radar,4,0,31,0,35,1,0,43,0,44,5,0,74,0,79,52,0,52,131
07/08/2006,CSG,GA,ASO,ES,Towers with Radar,4,2,23,0,29,1,0,40,0,41,5,2,63,0,70,84,0,84,154
07/09/2006,CSG,GA,ASO,ES,Towers with Radar,4,5,34,0,43,0,0,34,0,34,4,5,68,0,77,52,0,52,129
07/10/2006,CSG,GA,ASO,ES,Towers with Radar,6,1,14,0,21,0,0,17,0,17,6,1,31,0,38,50,0,50,88
07/11/2006,CSG,GA,ASO,ES,Towers with Radar,2,2,31,4,39,0,0,47,0,47,2,2,78,4,86,134,0,134,220
07/12/2006,CSG,GA,ASO,ES,Towers with Radar,6,5,37,0,48,0,0,32,0,32,6,5,69,0,80,22,0,22,102
07/13/2006,CSG,GA,ASO,ES,Towers with Radar,4,4,45,0,53,0,0,50,0,50,4,4,95,0,103,78,0,78,181
07/14/2006,CSG,GA,ASO,ES,Towers with Radar,4,0,47,0,51,0,0,62,0,62,4,0,109,0,113,54,0,54,167
07/15/2006,CSG,GA,ASO,ES,Towers with Radar,7,0,28,0,35,0,0,60,0,60,7,0,88,0,95,122,0,122,217
07/16/2006,CSG,GA,ASO,ES,Towers with Radar,4,2,34,0,40,0,0,30,0,30,4,2,64,0,70,32,0,32,102
07/17/2006,CSG,GA,ASO,ES,Towers with Radar,3,0,37,0,40,0,0,20,0,20,3,0,57,0,60,34,0,34,94
07/18/2006,CSG,GA,ASO,ES,Towers with Radar,5,1,51,0,57,0,0,28,0,28,5,1,79,0,85,70,0,70,155
07/19/2006,CSG,GA,ASO,ES,Towers with Radar,6,1,28,0,35,0,0,21,0,21,6,1,49,0,56,100,0,100,156
07/20/2006,CSG,GA,ASO,ES,Towers with Radar,7,2,37,0,46,0,0,28,0,28,7,2,65,0,74,40,0,40,114
07/21/2006,CSG,GA,ASO,ES,Towers with Radar,4,0,29,0,33,0,2,43,0,45,4,2,72,0,78,100,0,100,178
07/22/2006,CSG,GA,ASO,ES,Towers with Radar,5,1,27,0,33,0,0,36,0,36,5,1,63,0,69,86,0,86,155
07/23/2006,CSG,GA,ASO,ES,Towers with Radar,8,1,28,0,37,0,0,12,0,12,8,1,40,0,49,38,0,38,87
07/24/2006,CSG,GA,ASO,ES,Towers with Radar,3,5,40,0,48,0,0,17,0,17,3,5,57,0,65,28,0,28,93
07/25/2006,CSG,GA,ASO,ES,Towers with Radar,2,5,46,0,53,0,0,17,2,19,2,5,63,2,72,32,0,32,104
07/26/2006,CSG,GA,ASO,ES,Towers with Radar,4,0,46,1,51,0,0,26,0,26,4,0,72,1,77,122,0,122,199
07/27/2006,CSG,GA,ASO,ES,Towers with Radar,6,1,41,3,51,0,0,53,3,56,6,1,94,6,107,100,14,114,221
07/28/2006,CSG,GA,ASO,ES,Towers with Radar,4,2,43,4,53,0,0,45,0,45,4,2,88,4,98,52,4,56,154
07/29/2006,CSG,GA,ASO,ES,Towers with Radar,7,0,37,0,44,0,0,31,0,31,7,0,68,0,75,102,0,102,177
07/30/2006,CSG,GA,ASO,ES,Towers with Radar,6,2,16,0,24,0,0,7,0,7,6,2,23,0,31,0,0,0,31
07/31/2006,CSG,GA,ASO,ES,Towers with Radar,5,0,37,0,42,0,0,21,0,21,5,0,58,0,63,82,0,82,145
08/01/2006,CSG,GA,ASO,ES,Towers with Radar,7,2,17,0,26,0,0,35,0,35,7,2,52,0,61,66,0,66,127
08/02/2006,CSG,GA,ASO,ES,Towers with Radar,6,1,25,4,36,0,0,31,0,31,6,1,56,4,67,72,0,72,139
08/03/2006,CSG,GA,ASO,ES,Towers with Radar,6,0,36,0,42,0,2,33,0,35,6,2,69,0,77,49,0,49,126
08/04/2006,CSG,GA,ASO,ES,Towers with Radar,5,0,35,0,40,0,0,36,0,36,5,0,71,0,76,116,0,116,192
08/05/2006,CSG,GA,ASO,ES,Towers with Radar,15,1,19,0,35,0,0,44,0,44,15,1,63,0,79,82,0,82,161
08/06/2006,CSG,GA,ASO,ES,Towers with Radar,11,2,17,0,30,0,0,13,0,13,11,2,30,0,43,34,0,34,77
08/07/2006,CSG,GA,ASO,ES,Towers with Radar,4,2,40,0,46,0,0,18,0,18,4,2,58,0,64,30,0,30,94
08/08/2006,CSG,GA,ASO,ES,Towers with Radar,4,1,23,0,28,0,0,26,0,26,4,1,49,0,54,48,0,48,102
08/09/2006,CSG,GA,ASO,ES,Towers with Radar,7,1,31,0,39,0,0,36,0,36,7,1,67,0,75,48,0,48,123
08/10/2006,CSG,GA,ASO,ES,Towers with Radar,16,0,39,2,57,1,0,52,4,57,17,0,91,6,114,52,0,52,166
08/11/2006,CSG,GA,ASO,ES,Towers with Radar,4,1,44,0,49,0,0,32,0,32,4,1,76,0,81,38,0,38,119
08/12/2006,CSG,GA,ASO,ES,Towers with Radar,3,0,22,0,25,1,0,32,0,33,4,0,54,0,58,36,0,36,94
08/13/2006,CSG,GA,ASO,ES,Towers with Radar,4,8,25,0,37,0,0,8,0,8,4,8,33,0,45,22,0,22,67
08/14/2006,CSG,GA,ASO,ES,Towers with Radar,4,0,26,0,30,0,0,31,0,31,4,0,57,0,61,104,0,104,165
08/15/2006,CSG,GA,ASO,ES,Towers with Radar,4,2,35,0,41,0,0,23,0,23,4,2,58,0,64,12,0,12,76
08/16/2006,CSG,GA,ASO,ES,Towers with Radar,6,0,39,3,48,0,0,27,3,30,6,0,66,6,78,48,12,60,138
08/17/2006,CSG,GA,ASO,ES,Towers with Radar,6,2,38,1,47,0,0,46,0,46,6,2,84,1,93,98,0,98,191
08/18/2006,CSG,GA,ASO,ES,Towers with Radar,5,0,38,0,43,0,0,51,1,52,5,0,89,1,95,70,2,72,167
08/19/2006,CSG,GA,ASO,ES,Towers with Radar,4,0,13,0,17,1,0,36,0,37,5,0,49,0,54,84,0,84,138
08/20/2006,CSG,GA,ASO,ES,Towers with Radar,6,0,16,0,22,0,0,11,0,11,6,0,27,0,33,8,0,8,41
08/21/2006,CSG,GA,ASO,ES,Towers with Radar,7,1,33,0,41,0,0,33,0,33,7,1,66,0,74,34,0,34,108
08/22/2006,CSG,GA,ASO,ES,Towers with Radar,4,2,37,0,43,0,0,32,0,32,4,2,69,0,75,30,0,30,105
08/23/2006,CSG,GA,ASO,ES,Towers with Radar,4,8,46,0,58,0,0,16,0,16,4,8,62,0,74,16,0,16,90
08/24/2006,CSG,GA,ASO,ES,Towers with Radar,5,1,46,0,52,0,0,44,0,44,5,1,90,0,96,90,0,90,186
08/25/2006,CSG,GA,ASO,ES,Towers with Radar,8,1,47,0,56,0,0,18,0,18,8,1,65,0,74,54,0,54,128
08/26/2006,CSG,GA,ASO,ES,Towers with Radar,1,3,22,0,26,2,0,63,0,65,3,3,85,0,91,50,0,50,141
08/27/2006,CSG,GA,ASO,ES,Towers with Radar,4,1,26,0,31,1,0,25,5,31,5,1,51,5,62,21,4,25,87
08/28/2006,CSG,GA,ASO,ES,Towers with Radar,6,1,52,0,59,0,0,20,1,21,6,1,72,1,80,50,2,52,132
08/29/2006,CSG,GA,ASO,ES,Towers with Radar,6,3,48,0,57,0,0,26,0,26,6,3,74,0,83,42,0,42,125
08/30/2006,CSG,GA,ASO,ES,Towers with Radar,5,5,23,2,35,0,0,11,0,11,5,5,34,2,46,18,0,18,64
08/31/2006,CSG,GA,ASO,ES,Towers with Radar,6,0,54,0,60,0,1,29,0,30,6,1,83,0,90,72,0,72,162
09/01/2006,CSG,GA,ASO,ES,Towers with Radar,6,0,39,0,45,0,0,17,0,17,6,0,56,0,62,66,0,66,128
09/02/2006,CSG,GA,ASO,ES,Towers with Radar,4,1,23,0,28,0,0,23,0,23,4,1,46,0,51,76,0,76,127
09/03/2006,CSG,GA,ASO,ES,Towers with Radar,6,1,17,0,24,0,0,32,0,32,6,1,49,0,56,78,0,78,134
09/04/2006,CSG,GA,ASO,ES,Towers with Radar,5,1,21,0,27,0,0,32,9,41,5,1,53,9,68,42,4,46,114
09/05/2006,CSG,GA,ASO,ES,Towers with Radar,2,1,21,0,24,0,0,3,0,3,2,1,24,0,27,14,0,14,41
09/06/2006,CSG,GA,ASO,ES,Towers with Radar,5,0,49,0,54,0,0,36,0,36,5,0,85,0,90,54,0,54,144
09/07/2006,CSG,GA,ASO,ES,Towers with Radar,7,5,37,3,52,0,0,40,0,40,7,5,77,3,92,58,0,58,150
09/08/2006,CSG,GA,ASO,ES,Towers with Radar,8,6,51,0,65,1,0,41,0,42,9,6,92,0,107,46,0,46,153
09/09/2006,CSG,GA,ASO,ES,Towers with Radar,5,0,27,0,32,0,0,49,0,49,5,0,76,0,81,72,0,72,153
09/10/2006,CSG,GA,ASO,ES,Towers with Radar,5,1,33,0,39,0,0,35,4,39,5,1,68,4,78,46,0,46,124
09/11/2006,CSG,GA,ASO,ES,Towers with Radar,6,0,24,0,30,0,0,21,0,21,6,0,45,0,51,10,0,10,61
09/12/2006,CSG,GA,ASO,ES,Towers with Radar,4,0,33,0,37,0,0,44,0,44,4,0,77,0,81,34,0,34,115
09/13/2006,CSG,GA,ASO,ES,Towers with Radar,3,1,38,0,42,0,0,19,0,19,3,1,57,0,61,12,0,12,73
09/14/2006,CSG,GA,ASO,ES,Towers with Radar,6,2,57,3,68,0,0,68,0,68,6,2,125,3,136,66,0,66,202
09/15/2006,CSG,GA,ASO,ES,Towers with Radar,3,0,27,0,30,0,0,43,0,43,3,0,70,0,73,38,10,48,121
09/16/2006,CSG,GA,ASO,ES,Towers with Radar,4,0,22,0,26,0,0,64,0,64,4,0,86,0,90,80,0,80,170
09/17/2006,CSG,GA,ASO,ES,Towers with Radar,6,0,24,0,30,0,0,37,0,37,6,0,61,0,67,52,0,52,119
09/18/2006,CSG,GA,ASO,ES,Towers with Radar,5,0,26,1,32,0,0,6,2,8,5,0,32,3,40,6,0,6,46
09/19/2006,CSG,GA,ASO,ES,Towers with Radar,5,2,40,0,47,0,0,20,0,20,5,2,60,0,67,74,0,74,141
09/20/2006,CSG,GA,ASO,ES,Towers with Radar,5,1,48,0,54,0,0,42,0,42,5,1,90,0,96,46,0,46,142
09/21/2006,CSG,GA,ASO,ES,Towers with Radar,6,2,54,2,64,0,0,62,0,62,6,2,116,2,126,142,0,142,268
09/22/2006,CSG,GA,ASO,ES,Towers with Radar,4,0,30,0,34,0,0,38,8,46,4,0,68,8,80,48,0,48,128
09/23/2006,CSG,GA,ASO,ES,Towers with Radar,5,0,26,0,31,0,0,17,0,17,5,0,43,0,48,54,0,54,102
09/24/2006,CSG,GA,ASO,ES,Towers with Radar,10,0,19,2,31,0,0,14,0,14,10,0,33,2,45,50,4,54,99
09/25/2006,CSG,GA,ASO,ES,Towers with Radar,4,4,28,4,40,0,0,38,0,38,4,4,66,4,78,118,8,126,204
09/26/2006,CSG,GA,ASO,ES,Towers with Radar,5,5,46,0,56,0,0,44,0,44,5,5,90,0,100,66,0,66,166
09/27/2006,CSG,GA,ASO,ES,Towers with Radar,6,1,57,0,64,0,0,49,0,49,6,1,106,0,113,40,0,40,153
09/28/2006,CSG,GA,ASO,ES,Towers with Radar,6,0,31,0,37,54,0,36,30,120,60,0,67,30,157,36,0,36,193
09/29/2006,CSG,GA,ASO,ES,Towers with Radar,5,0,82,0,87,1,0,77,0,78,6,0,159,0,165,48,0,48,213
09/30/2006,CSG,GA,ASO,ES,Towers with Radar,0,0,0,0,0,5,0,93,0,98,5,0,93,0,98,108,0,108,206
10/01/2006,CSG,GA,ASO,ES,Towers with Radar,5,1,20,0,26,0,0,51,0,51,5,1,71,0,77,30,0,30,107
10/02/2006,CSG,GA,ASO,ES,Towers with Radar,4,0,19,0,23,0,0,45,0,45,4,0,64,0,68,68,0,68,136
10/03/2006,CSG,GA,ASO,ES,Towers with Radar,5,1,38,0,44,0,0,45,0,45,5,1,83,0,89,76,0,76,165
10/04/2006,CSG,GA,ASO,ES,Towers with Radar,4,0,72,0,76,0,0,42,0,42,4,0,114,0,118,126,0,126,244
10/05/2006,CSG,GA,ASO,ES,Towers with Radar,4,3,54,0,61,0,1,52,2,55,4,4,106,2,116,106,0,106,222
10/06/2006,CSG,GA,ASO,ES,Towers with Radar,7,1,51,0,59,0,0,38,0,38,7,1,89,0,97,102,0,102,199
10/07/2006,CSG,GA,ASO,ES,Towers with Radar,6,0,19,0,25,0,0,77,0,77,6,0,96,0,102,48,2,50,152
10/08/2006,CSG,GA,ASO,ES,Towers with Radar,6,0,24,0,30,0,0,28,0,28,6,0,52,0,58,148,0,148,206
10/09/2006,CSG,GA,ASO,ES,Towers with Radar,5,0,51,0,56,0,0,16,0,16,5,0,67,0,72,34,0,34,106
10/10/2006,CSG,GA,ASO,ES,Towers with Radar,3,1,30,0,34,0,0,47,0,47,3,1,77,0,81,80,0,80,161
10/11/2006,CSG,GA,ASO,ES,Towers with Radar,5,3,47,0,55,0,0,55,0,55,5,3,102,0,110,70,0,70,180
10/12/2006,CSG,GA,ASO,ES,Towers with Radar,6,1,46,0,53,0,0,74,0,74,6,1,120,0,127,126,0,126,253
10/13/2006,CSG,GA,ASO,ES,Towers with Radar,3,0,32,0,35,0,0,49,0,49,3,0,81,0,84,65,1,66,150
10/14/2006,CSG,GA,ASO,ES,Towers with Radar,3,0,26,0,29,2,0,56,0,58,5,0,82,0,87,88,0,88,175
10/15/2006,CSG,GA,ASO,ES,Towers with Radar,4,0,23,2,29,0,0,37,13,50,4,0,60,15,79,12,0,12,91
10/16/2006,CSG,GA,ASO,ES,Towers with Radar,4,0,24,1,29,0,0,15,0,15,4,0,39,1,44,18,0,18,62
10/17/2006,CSG,GA,ASO,ES,Towers with Radar,3,1,37,0,41,0,0,1,0,1,3,1,38,0,42,2,0,2,44
10/18/2006,CSG,GA,ASO,ES,Towers with Radar,8,4,41,1,54,0,0,18,0,18,8,4,59,1,72,48,0,48,120
10/19/2006,CSG,GA,ASO,ES,Towers with Radar,4,0,29,2,35,1,0,42,0,43,5,0,71,2,78,68,4,72,150
10/20/2006,CSG,GA,ASO,ES,Towers with Radar,7,1,61,0,69,1,0,77,0,78,8,1,138,0,147,90,0,90,237
10/21/2006,CSG,GA,ASO,ES,Towers with Radar,4,0,34,0,38,0,0,50,0,50,4,0,84,0,88,118,0,118,206
10/22/2006,CSG,GA,ASO,ES,Towers with Radar,5,1,30,2,38,1,0,14,0,15,6,1,44,2,53,6,0,6,59
10/23/2006,CSG,GA,ASO,ES,Towers with Radar,7,0,33,0,40,0,0,23,0,23,7,0,56,0,63,36,0,36,99
10/24/2006,CSG,GA,ASO,ES,Towers with Radar,5,0,29,0,34,0,0,31,0,31,5,0,60,0,65,36,0,36,101
10/25/2006,CSG,GA,ASO,ES,Towers with Radar,6,1,33,0,40,0,0,44,0,44,6,1,77,0,84,53,0,53,137
10/26/2006,CSG,GA,ASO,ES,Towers with Radar,5,0,55,0,60,0,0,39,0,39,5,0,94,0,99,48,0,48,147
10/27/2006,CSG,GA,ASO,ES,Towers with Radar,4,3,32,0,39,0,0,10,0,10,4,3,42,0,49,0,0,0,49
10/28/2006,CSG,GA,ASO,ES,Towers with Radar,6,0,34,0,40,0,0,49,0,49,6,0,83,0,89,70,0,70,159
10/29/2006,CSG,GA,ASO,ES,Towers with Radar,8,3,22,0,33,0,0,49,0,49,8,3,71,0,82,54,0,54,136
10/30/2006,CSG,GA,ASO,ES,Towers with Radar,6,0,37,0,43,0,0,36,2,38,6,0,73,2,81,58,2,60,141
10/31/2006,CSG,GA,ASO,ES,Towers with Radar,4,0,43,0,47,0,0,55,0,55,4,0,98,0,102,26,0,26,128
11/01/2006,CSG,GA,ASO,ES,Towers with Radar,5,0,45,1,51,0,0,36,1,37,5,0,81,2,88,60,8,68,156
11/02/2006,CSG,GA,ASO,ES,Towers with Radar,6,4,59,0,69,0,0,38,8,46,6,4,97,8,115,36,0,36,151
11/03/2006,CSG,GA,ASO,ES,Towers with Radar,6,1,46,0,53,0,0,61,0,61,6,1,107,0,114,50,0,50,164
11/04/2006,CSG,GA,ASO,ES,Towers with Radar,2,3,27,0,32,4,0,43,0,47,6,3,70,0,79,36,0,36,115
11/05/2006,CSG,GA,ASO,ES,Towers with Radar,2,1,28,0,31,0,0,65,0,65,2,1,93,0,96,18,0,18,114
11/06/2006,CSG,GA,ASO,ES,Towers with Radar,6,3,27,0,36,0,0,23,9,32,6,3,50,9,68,46,26,72,140
11/07/2006,CSG,GA,ASO,ES,Towers with Radar,3,0,32,8,43,0,0,6,0,6,3,0,38,8,49,34,0,34,83
11/08/2006,CSG,GA,ASO,ES,Towers with Radar,4,1,51,0,56,0,0,32,0,32,4,1,83,0,88,88,0,88,176
11/09/2006,CSG,GA,ASO,ES,Towers with Radar,4,0,27,0,31,0,0,68,0,68,4,0,95,0,99,62,2,64,163
11/10/2006,CSG,GA,ASO,ES,Towers with Radar,5,4,48,0,57,0,6,47,8,61,5,10,95,8,118,105,0,105,223
11/11/2006,CSG,GA,ASO,ES,Towers with Radar,4,1,13,0,18,0,0,3,4,7,4,1,16,4,25,0,8,8,33
11/12/2006,CSG,GA,ASO,ES,Towers with Radar,7,0,33,0,40,0,0,42,0,42,7,0,75,0,82,10,0,10,92
11/13/2006,CSG,GA,ASO,ES,Towers with Radar,6,0,33,2,41,0,0,19,0,19,6,0,52,2,60,46,2,48,108
11/14/2006,CSG,GA,ASO,ES,Towers with Radar,4,1,40,2,47,0,0,47,0,47,4,1,87,2,94,88,0,88,182
11/15/2006,CSG,GA,ASO,ES,Towers with Radar,3,1,17,1,22,0,0,2,0,2,3,1,19,1,24,0,0,0,24
11/16/2006,CSG,GA,ASO,ES,Towers with Radar,5,3,44,0,52,0,0,30,3,33,5,3,74,3,85,58,6,64,149
11/17/2006,CSG,GA,ASO,ES,Towers with Radar,0,0,0,0,0,7,1,95,1,104,7,1,95,1,104,78,0,78,182
11/18/2006,CSG,GA,ASO,ES,Towers with Radar,6,2,15,1,24,1,0,44,1,46,7,2,59,2,70,38,4,42,112
11/19/2006,CSG,GA,ASO,ES,Towers with Radar,6,3,18,0,27,0,0,40,0,40,6,3,58,0,67,32,0,32,99
11/20/2006,CSG,GA,ASO,ES,Towers with Radar,6,0,50,4,60,0,0,40,8,48,6,0,90,12,108,74,0,74,182
11/21/2006,CSG,GA,ASO,ES,Towers with Radar,7,2,54,0,63,0,0,61,0,61,7,2,115,0,124,66,0,66,190
11/22/2006,CSG,GA,ASO,ES,Towers with Radar,9,3,77,0,89,0,0,52,1,53,9,3,129,1,142,64,0,64,206
11/23/2006,CSG,GA,ASO,ES,Towers with Radar,4,0,30,0,34,0,0,47,0,47,4,0,77,0,81,54,0,54,135
11/24/2006,CSG,GA,ASO,ES,Towers with Radar,4,1,14,0,19,10,0,37,0,47,14,1,51,0,66,14,0,14,80
11/25/2006,CSG,GA,ASO,ES,Towers with Radar,6,0,33,0,39,0,0,68,0,68,6,0,101,0,107,80,22,102,209
11/26/2006,CSG,GA,ASO,ES,Towers with Radar,4,4,36,0,44,0,0,67,1,68,4,4,103,1,112,36,0,36,148
11/27/2006,CSG,GA,ASO,ES,Towers with Radar,3,1,22,4,30,0,0,37,0,37,3,1,59,4,67,52,0,52,119
11/28/2006,CSG,GA,ASO,ES,Towers with Radar,6,2,40,0,48,0,0,28,0,28,6,2,68,0,76,76,0,76,152
11/29/2006,CSG,GA,ASO,ES,Towers with Radar,7,0,40,0,47,0,0,7,0,7,7,0,47,0,54,26,0,26,80
11/30/2006,CSG,GA,ASO,ES,Towers with Radar,6,0,38,2,46,0,0,21,0,21,6,0,59,2,67,14,0,14,81
12/01/2006,CSG,GA,ASO,ES,Towers with Radar,5,1,39,0,45,1,0,43,0,44,6,1,82,0,89,48,0,48,137
12/02/2006,CSG,GA,ASO,ES,Towers with Radar,4,0,50,0,54,0,0,69,0,69,4,0,119,0,123,138,0,138,261
12/03/2006,CSG,GA,ASO,ES,Towers with Radar,5,2,14,2,23,0,0,31,5,36,5,2,45,7,59,60,0,60,119
12/04/2006,CSG,GA,ASO,ES,Towers with Radar,7,4,26,0,37,0,0,35,0,35,7,4,61,0,72,50,0,50,122
12/05/2006,CSG,GA,ASO,ES,Towers with Radar,4,0,45,0,49,0,0,37,0,37,4,0,82,0,86,60,0,60,146
12/06/2006,CSG,GA,ASO,ES,Towers with Radar,4,0,52,0,56,0,0,48,0,48,4,0,100,0,104,48,0,48,152
12/07/2006,CSG,GA,ASO,ES,Towers with Radar,7,3,47,0,57,0,1,47,0,48,7,4,94,0,105,20,0,20,125
12/08/2006,CSG,GA,ASO,ES,Towers with Radar,7,0,39,0,46,0,0,77,0,77,7,0,116,0,123,98,0,98,221
12/09/2006,CSG,GA,ASO,ES,Towers with Radar,6,0,12,0,18,0,0,35,0,35,6,0,47,0,53,16,0,16,69
12/10/2006,CSG,GA,ASO,ES,Towers with Radar,7,1,16,0,24,0,0,26,6,32,7,1,42,6,56,52,0,52,108
12/11/2006,CSG,GA,ASO,ES,Towers with Radar,6,0,25,0,31,0,0,22,0,22,6,0,47,0,53,52,0,52,105
12/12/2006,CSG,GA,ASO,ES,Towers with Radar,5,3,29,0,37,0,0,30,1,31,5,3,59,1,68,90,0,90,158
12/13/2006,CSG,GA,ASO,ES,Towers with Radar,6,2,45,0,53,0,0,27,0,27,6,2,72,0,80,64,0,64,144
12/14/2006,CSG,GA,ASO,ES,Towers with Radar,3,0,36,0,39,1,0,23,0,24,4,0,59,0,63,58,0,58,121
12/15/2006,CSG,GA,ASO,ES,Towers with Radar,5,1,34,4,44,0,1,58,0,59,5,2,92,4,103,126,16,142,245
12/16/2006,CSG,GA,ASO,ES,Towers with Radar,1,0,23,0,24,0,0,66,0,66,1,0,89,0,90,86,0,86,176
12/17/2006,CSG,GA,ASO,ES,Towers with Radar,6,0,16,0,22,0,0,52,0,52,6,0,68,0,74,34,0,34,108
12/18/2006,CSG,GA,ASO,ES,Towers with Radar,6,0,20,0,26,0,0,40,0,40,6,0,60,0,66,44,0,44,110
12/19/2006,CSG,GA,ASO,ES,Towers with Radar,6,2,26,0,34,0,0,51,0,51,6,2,77,0,85,68,0,68,153
12/20/2006,CSG,GA,ASO,ES,Towers with Radar,4,1,36,0,41,0,0,50,0,50,4,1,86,0,91,48,0,48,139
12/21/2006,CSG,GA,ASO,ES,Towers with Radar,6,1,41,0,48,0,0,30,1,31,6,1,71,1,79,28,0,28,107
12/22/2006,CSG,GA,ASO,ES,Towers with Radar,6,0,14,0,20,0,0,3,0,3,6,0,17,0,23,0,0,0,23
12/23/2006,CSG,GA,ASO,ES,Towers with Radar,0,1,28,0,29,1,0,47,0,48,1,1,75,0,77,52,0,52,129
12/24/2006,CSG,GA,ASO,ES,Towers with Radar,2,1,7,0,10,0,0,7,0,7,2,1,14,0,17,0,0,0,17
12/25/2006,CSG,GA,ASO,ES,Towers with Radar,3,1,3,0,7,0,0,4,0,4,3,1,7,0,11,0,0,0,11
12/26/2006,CSG,GA,ASO,ES,Towers with Radar,2,0,31,0,33,2,0,17,0,19,4,0,48,0,52,8,0,8,60
12/27/2006,CSG,GA,ASO,ES,Towers with Radar,4,0,26,0,30,0,0,57,2,59,4,0,83,2,89,90,0,90,179
12/28/2006,CSG,GA,ASO,ES,Towers with Radar,3,0,39,0,42,0,0,53,0,53,3,0,92,0,95,62,0,62,157
12/29/2006,CSG,GA,ASO,ES,Towers with Radar,4,2,32,1,39,0,0,35,0,35,4,2,67,1,74,40,0,40,114
12/30/2006,CSG,GA,ASO,ES,Towers with Radar,4,0,15,0,19,0,0,12,0,12,4,0,27,0,31,16,0,16,47
12/31/2006,CSG,GA,ASO,ES,Towers with Radar,2,0,4,0,6,0,0,1,0,1,2,0,5,0,7,0,0,0,7
01/01/2007,CSG,GA,ASO,ES,Towers with Radar,3,0,15,0,18,0,0,26,0,26,3,0,41,0,44,18,0,18,62
01/02/2007,CSG,GA,ASO,ES,Towers with Radar,6,1,24,0,31,0,0,43,0,43,6,1,67,0,74,24,0,24,98
01/03/2007,CSG,GA,ASO,ES,Towers with Radar,6,0,28,0,34,0,0,42,0,42,6,0,70,0,76,50,0,50,126
01/04/2007,CSG,GA,ASO,ES,Towers with Radar,6,0,54,0,60,0,0,21,0,21,6,0,75,0,81,70,0,70,151
01/05/2007,CSG,GA,ASO,ES,Towers with Radar,3,1,13,0,17,0,0,3,0,3,3,1,16,0,20,0,0,0,20
01/06/2007,CSG,GA,ASO,ES,Towers with Radar,4,2,19,0,25,0,0,46,0,46,4,2,65,0,71,78,0,78,149
01/07/2007,CSG,GA,ASO,ES,Towers with Radar,4,0,17,0,21,0,0,10,0,10,4,0,27,0,31,4,0,4,35
01/08/2007,CSG,GA,ASO,ES,Towers with Radar,6,0,20,0,26,0,0,45,2,47,6,0,65,2,73,96,0,96,169
01/09/2007,CSG,GA,ASO,ES,Towers with Radar,4,2,38,0,44,0,1,54,0,55,4,3,92,0,99,24,0,24,123
01/10/2007,CSG,GA,ASO,ES,Towers with Radar,6,0,50,0,56,0,0,35,2,37,6,0,85,2,93,128,6,134,227
01/11/2007,CSG,GA,ASO,ES,Towers with Radar,4,1,36,0,41,0,0,38,2,40,4,1,74,2,81,2,0,2,83
01/12/2007,CSG,GA,ASO,ES,Towers with Radar,7,1,62,0,70,0,0,45,0,45,7,1,107,0,115,110,0,110,225
01/13/2007,CSG,GA,ASO,ES,Towers with Radar,2,0,21,1,24,0,0,49,0,49,2,0,70,1,73,134,0,134,207
01/14/2007,CSG,GA,ASO,ES,Towers with Radar,4,2,18,0,24,0,0,36,5,41,4,2,54,5,65,44,0,44,109
01/15/2007,CSG,GA,ASO,ES,Towers with Radar,6,0,18,0,24,0,0,26,0,26,6,0,44,0,50,32,0,32,82
01/16/2007,CSG,GA,ASO,ES,Towers with Radar,7,0,24,0,31,0,0,23,0,23,7,0,47,0,54,12,0,12,66
01/17/2007,CSG,GA,ASO,ES,Towers with Radar,7,0,49,0,56,0,0,35,0,35,7,0,84,0,91,76,0,76,167
01/18/2007,CSG,GA,ASO,ES,Towers with Radar,7,1,30,0,38,0,0,8,0,8,7,1,38,0,46,0,0,0,46
01/19/2007,CSG,GA,ASO,ES,Towers with Radar,3,3,46,0,52,0,0,41,8,49,3,3,87,8,101,116,0,116,217
01/20/2007,CSG,GA,ASO,ES,Towers with Radar,2,6,31,0,39,0,0,70,0,70,2,6,101,0,109,90,0,90,199
01/21/2007,CSG,GA,ASO,ES,Towers with Radar,4,1,21,0,26,0,0,17,0,17,4,1,38,0,43,16,0,16,59
01/22/2007,CSG,GA,ASO,ES,Towers with Radar,4,6,41,0,51,0,0,0,0,0,4,6,41,0,51,4,0,4,55
01/23/2007,CSG,GA,ASO,ES,Towers with Radar,6,0,39,0,45,0,0,38,0,38,6,0,77,0,83,64,0,64,147
01/24/2007,CSG,GA,ASO,ES,Towers with Radar,6,3,28,2,39,0,0,47,0,47,6,3,75,2,86,66,0,66,152
01/25/2007,CSG,GA,ASO,ES,Towers with Radar,6,2,59,0,67,0,0,36,0,36,6,2,95,0,103,36,0,36,139
01/26/2007,CSG,GA,ASO,ES,Towers with Radar,7,1,38,9,55,0,0,45,0,45,7,1,83,9,100,74,10,84,184
01/27/2007,CSG,GA,ASO,ES,Towers with Radar,3,5,26,0,34,0,0,48,0,48,3,5,74,0,82,64,0,64,146
01/28/2007,CSG,GA,ASO,ES,Towers with Radar,6,0,23,0,29,0,0,18,0,18,6,0,41,0,47,0,0,0,47
01/29/2007,CSG,GA,ASO,ES,Towers with Radar,6,1,21,0,28,0,0,42,0,42,6,1,63,0,70,6,0,6,76
01/30/2007,CSG,GA,ASO,ES,Towers with Radar,6,0,25,0,31,0,1,28,0,29,6,1,53,0,60,70,0,70,130
01/31/2007,CSG,GA,ASO,ES,Towers with Radar,5,1,36,0,42,0,0,39,0,39,5,1,75,0,81,34,0,34,115
02/01/2007,CSG,GA,ASO,ES,Towers with Radar,2,0,23,0,25,0,0,2,0,2,2,0,25,0,27,0,0,0,27
02/02/2007,CSG,GA,ASO,ES,Towers with Radar,4,1,44,2,51,0,0,17,0,17,4,1,61,2,68,26,2,28,96
02/03/2007,CSG,GA,ASO,ES,Towers with Radar,2,0,17,2,21,0,0,59,0,59,2,0,76,2,80,74,0,74,154
02/04/2007,CSG,GA,ASO,ES,Towers with Radar,5,1,24,0,30,1,0,40,0,41,6,1,64,0,71,8,0,8,79
02/05/2007,CSG,GA,ASO,ES,Towers with Radar,6,3,31,0,40,0,0,16,0,16,6,3,47,0,56,8,0,8,64
02/06/2007,CSG,GA,ASO,ES,Towers with Radar,4,0,33,0,37,0,0,44,0,44,4,0,77,0,81,70,0,70,151
02/07/2007,CSG,GA,ASO,ES,Towers with Radar,7,0,42,1,50,0,0,44,0,44,7,0,86,1,94,114,0,114,208
02/08/2007,CSG,GA,ASO,ES,Towers with Radar,7,0,54,0,61,0,0,54,0,54,7,0,108,0,115,66,0,66,181
02/09/2007,CSG,GA,ASO,ES,Towers with Radar,5,5,38,2,50,0,0,7,0,7,5,5,45,2,57,0,0,0,57
02/10/2007,CSG,GA,ASO,ES,Towers with Radar,1,0,20,0,21,0,0,72,0,72,1,0,92,0,93,26,0,26,119
02/11/2007,CSG,GA,ASO,ES,Towers with Radar,6,1,25,0,32,0,2,54,0,56,6,3,79,0,88,58,0,58,146
02/12/2007,CSG,GA,ASO,ES,Towers with Radar,6,0,21,2,29,0,0,28,2,30,6,0,49,4,59,42,0,42,101
02/13/2007,CSG,GA,ASO,ES,Towers with Radar,6,0,23,0,29,0,0,14,0,14,6,0,37,0,43,40,0,40,83
02/14/2007,CSG,GA,ASO,ES,Towers with Radar,5,0,18,2,25,0,0,30,4,34,5,0,48,6,59,12,8,20,79
02/15/2007,CSG,GA,ASO,ES,Towers with Radar,5,0,39,0,44,0,0,31,5,36,5,0,70,5,80,60,0,60,140
02/16/2007,CSG,GA,ASO,ES,Towers with Radar,6,2,39,0,47,0,0,66,0,66,6,2,105,0,113,36,0,36,149
02/17/2007,CSG,GA,ASO,ES,Towers with Radar,7,1,24,0,32,0,0,44,0,44,7,1,68,0,76,42,0,42,118
02/18/2007,CSG,GA,ASO,ES,Towers with Radar,6,1,13,0,20,0,0,26,0,26,6,1,39,0,46,8,6,14,60
02/19/2007,CSG,GA,ASO,ES,Towers with Radar,7,0,31,0,38,0,0,61,0,61,7,0,92,0,99,104,0,104,203
02/20/2007,CSG,GA,ASO,ES,Towers with Radar,2,0,32,0,34,0,0,14,0,14,2,0,46,0,48,0,0,0,48
02/21/2007,CSG,GA,ASO,ES,Towers with Radar,6,0,30,0,36,0,0,11,0,11,6,0,41,0,47,0,0,0,47
02/22/2007,CSG,GA,ASO,ES,Towers with Radar,6,0,58,0,64,0,0,53,2,55,6,0,111,2,119,94,0,94,213
02/23/2007,CSG,GA,ASO,ES,Towers with Radar,6,0,46,0,52,0,0,45,0,45,6,0,91,0,97,136,0,136,233
02/24/2007,CSG,GA,ASO,ES,Towers with Radar,5,1,31,0,37,0,0,59,0,59,5,1,90,0,96,128,0,128,224
02/25/2007,CSG,GA,ASO,ES,Towers with Radar,6,3,34,0,43,0,0,16,0,16,6,3,50,0,59,26,0,26,85
02/26/2007,CSG,GA,ASO,ES,Towers with Radar,7,1,34,0,42,0,0,59,0,59,7,1,93,0,101,86,0,86,187
02/27/2007,CSG,GA,ASO,ES,Towers with Radar,4,0,41,0,45,0,0,48,0,48,4,0,89,0,93,72,0,72,165
02/28/2007,CSG,GA,ASO,ES,Towers with Radar,4,2,50,0,56,0,0,60,0,60,4,2,110,0,116,46,0,46,162
03/01/2007,CSG,GA,ASO,ES,Towers with Radar,4,3,16,0,23,0,0,1,0,1,4,3,17,0,24,2,0,2,26
03/02/2007,CSG,GA,ASO,ES,Towers with Radar,5,7,61,0,73,0,0,76,4,80,5,7,137,4,153,52,0,52,205
03/03/2007,CSG,GA,ASO,ES,Towers with Radar,6,0,28,0,34,0,0,56,0,56,6,0,84,0,90,56,0,56,146
03/04/2007,CSG,GA,ASO,ES,Towers with Radar,6,0,23,0,29,0,0,57,0,57,6,0,80,0,86,30,0,30,116
03/05/2007,CSG,GA,ASO,ES,Towers with Radar,5,0,32,0,37,0,0,28,2,30,5,0,60,2,67,74,0,74,141
03/06/2007,CSG,GA,ASO,ES,Towers with Radar,3,0,31,0,34,0,0,89,0,89,3,0,120,0,123,114,0,114,237
03/07/2007,CSG,GA,ASO,ES,Towers with Radar,5,0,49,0,54,0,0,48,0,48,5,0,97,0,102,76,0,76,178
03/08/2007,CSG,GA,ASO,ES,Towers with Radar,8,0,39,0,47,0,0,48,0,48,8,0,87,0,95,28,0,28,123
03/09/2007,CSG,GA,ASO,ES,Towers with Radar,7,3,50,2,62,0,0,24,0,24,7,3,74,2,86,38,0,38,124
03/10/2007,CSG,GA,ASO,ES,Towers with Radar,5,0,16,0,21,0,0,34,0,34,5,0,50,0,55,40,0,40,95
03/11/2007,CSG,GA,ASO,ES,Towers with Radar,6,0,17,0,23,0,0,55,0,55,6,0,72,0,78,66,0,66,144
03/12/2007,CSG,GA,ASO,ES,Towers with Radar,4,0,23,0,27,0,0,32,0,32,4,0,55,0,59,32,4,36,95
03/13/2007,CSG,GA,ASO,ES,Towers with Radar,5,2,36,2,45,0,0,40,1,41,5,2,76,3,86,92,0,92,178
03/14/2007,CSG,GA,ASO,ES,Towers with Radar,5,0,23,0,28,1,0,30,0,31,6,0,53,0,59,42,0,42,101
03/15/2007,CSG,GA,ASO,ES,Towers with Radar,7,3,27,2,39,0,0,19,0,19,7,3,46,2,58,24,0,24,82
03/16/2007,CSG,GA,ASO,ES,Towers with Radar,8,4,53,3,68,0,0,34,9,43,8,4,87,12,111,48,18,66,177
03/17/2007,CSG,GA,ASO,ES,Towers with Radar,5,1,28,3,37,0,1,97,3,101,5,2,125,6,138,122,32,154,292
03/18/2007,CSG,GA,ASO,ES,Towers with Radar,4,1,24,0,29,0,0,67,6,73,4,1,91,6,102,62,29,91,193
03/19/2007,CSG,GA,ASO,ES,Towers with Radar,5,1,44,6,56,0,0,36,1,37,5,1,80,7,93,26,2,28,121
03/20/2007,CSG,GA,ASO,ES,Towers with Radar,4,0,37,0,41,0,0,29,0,29,4,0,66,0,70,36,0,36,106
03/21/2007,CSG,GA,ASO,ES,Towers with Radar,5,0,47,0,52,0,0,61,0,61,5,0,108,0,113,100,0,100,213
03/22/2007,CSG,GA,ASO,ES,Towers with Radar,6,3,55,0,64,0,0,51,0,51,6,3,106,0,115,80,0,80,195
03/23/2007,CSG,GA,ASO,ES,Towers with Radar,7,4,51,4,66,0,0,60,0,60,7,4,111,4,126,82,0,82,208
03/24/2007,CSG,GA,ASO,ES,Towers with Radar,2,1,17,0,20,1,0,58,0,59,3,1,75,0,79,104,0,104,183
03/25/2007,CSG,GA,ASO,ES,Towers with Radar,6,1,22,0,29,0,0,45,0,45,6,1,67,0,74,52,0,52,126
03/26/2007,CSG,GA,ASO,ES,Towers with Radar,8,3,31,0,42,0,0,34,0,34,8,3,65,0,76,8,0,8,84
03/27/2007,CSG,GA,ASO,ES,Towers with Radar,4,1,28,0,33,0,0,40,5,45,4,1,68,5,78,56,0,56,134
03/28/2007,CSG,GA,ASO,ES,Towers with Radar,4,1,54,2,61,0,0,49,0,49,4,1,103,2,110,90,0,90,200
03/29/2007,CSG,GA,ASO,ES,Towers with Radar,6,3,60,0,69,0,0,42,0,42,6,3,102,0,111,90,0,90,201
03/30/2007,CSG,GA,ASO,ES,Towers with Radar,5,3,44,0,52,1,1,23,0,25,6,4,67,0,77,72,0,72,149
03/31/2007,CSG,GA,ASO,ES,Towers with Radar,5,2,35,0,42,0,2,35,0,37,5,4,70,0,79,56,0,56,135
04/01/2007,CSG,GA,ASO,ES,Towers with Radar,6,2,9,0,17,0,0,8,0,8,6,2,17,0,25,10,0,10,35
04/02/2007,CSG,GA,ASO,ES,Towers with Radar,6,4,19,0,29,0,0,13,0,13,6,4,32,0,42,50,0,50,92
04/03/2007,CSG,GA,ASO,ES,Towers with Radar,5,0,43,0,48,0,0,8,0,8,5,0,51,0,56,2,0,2,58
04/04/2007,CSG,GA,ASO,ES,Towers with Radar,6,2,43,0,51,0,0,26,0,26,6,2,69,0,77,26,0,26,103
04/05/2007,CSG,GA,ASO,ES,Towers with Radar,5,0,35,0,40,2,0,53,0,55,7,0,88,0,95,0,0,0,95
04/06/2007,CSG,GA,ASO,ES,Towers with Radar,3,1,28,5,37,2,1,81,0,84,5,2,109,5,121,46,26,72,193
04/07/2007,CSG,GA,ASO,ES,Towers with Radar,4,3,21,0,28,0,0,40,0,40,4,3,61,0,68,40,0,40,108
04/08/2007,CSG,GA,ASO,ES,Towers with Radar,2,0,16,0,18,0,0,14,0,14,2,0,30,0,32,0,0,0,32
04/09/2007,CSG,GA,ASO,ES,Towers with Radar,5,0,47,0,52,0,0,52,0,52,5,0,99,0,104,40,0,40,144
04/10/2007,CSG,GA,ASO,ES,Towers with Radar,4,1,38,1,44,0,0,36,0,36,4,1,74,1,80,66,0,66,146
04/11/2007,CSG,GA,ASO,ES,Towers with Radar,5,2,32,1,40,0,0,11,0,11,5,2,43,1,51,0,0,0,51
04/12/2007,CSG,GA,ASO,ES,Towers with Radar,8,0,45,2,55,0,2,39,1,42,8,2,84,3,97,24,0,24,121
04/13/2007,CSG,GA,ASO,ES,Towers with Radar,7,0,55,0,62,0,0,69,0,69,7,0,124,0,131,68,0,68,199
04/14/2007,CSG,GA,ASO,ES,Towers with Radar,4,0,13,0,17,0,0,27,0,27,4,0,40,0,44,32,0,32,76
04/15/2007,CSG,GA,ASO,ES,Towers with Radar,4,0,16,0,20,0,0,8,0,8,4,0,24,0,28,0,0,0,28
04/16/2007,CSG,GA,ASO,ES,Towers with Radar,5,2,25,0,32,0,0,25,0,25,5,2,50,0,57,0,0,0,57
04/17/2007,CSG,GA,ASO,ES,Towers with Radar,4,4,31,0,39,0,0,38,0,38,4,4,69,0,77,22,0,22,99
04/18/2007,CSG,GA,ASO,ES,Towers with Radar,6,1,40,0,47,0,0,39,0,39,6,1,79,0,86,78,0,78,164
04/19/2007,CSG,GA,ASO,ES,Towers with Radar,10,5,49,0,64,0,0,52,0,52,10,5,101,0,116,44,0,44,160
04/20/2007,CSG,GA,ASO,ES,Towers with Radar,7,0,48,0,55,0,0,45,0,45,7,0,93,0,100,57,0,57,157
04/21/2007,CSG,GA,ASO,ES,Towers with Radar,2,0,27,0,29,0,0,78,0,78,2,0,105,0,107,112,0,112,219
04/22/2007,CSG,GA,ASO,ES,Towers with Radar,6,2,35,0,43,0,0,48,0,48,6,2,83,0,91,62,0,62,153
04/23/2007,CSG,GA,ASO,ES,Towers with Radar,7,0,27,0,34,0,0,31,0,31,7,0,58,0,65,44,0,44,109
04/24/2007,CSG,GA,ASO,ES,Towers with Radar,4,1,47,0,52,0,0,53,0,53,4,1,100,0,105,122,0,122,227
04/25/2007,CSG,GA,ASO,ES,Towers with Radar,7,5,67,0,79,0,0,45,0,45,7,5,112,0,124,54,0,54,178
04/26/2007,CSG,GA,ASO,ES,Towers with Radar,8,0,29,0,37,0,0,7,0,7,8,0,36,0,44,30,0,30,74
04/27/2007,CSG,GA,ASO,ES,Towers with Radar,6,8,48,2,64,0,0,55,8,63,6,8,103,10,127,40,0,40,167
04/28/2007,CSG,GA,ASO,ES,Towers with Radar,3,0,41,0,44,0,0,129,0,129,3,0,170,0,173,112,0,112,285
04/29/2007,CSG,GA,ASO,ES,Towers with Radar,4,0,40,0,44,0,0,49,0,49,4,0,89,0,93,40,0,40,133
04/30/2007,CSG,GA,ASO,ES,Towers with Radar,7,1,23,0,31,0,0,45,0,45,7,1,68,0,76,82,0,82,158
05/01/2007,CSG,GA,ASO,ES,Towers with Radar,6,2,31,0,39,0,0,32,0,32,6,2,63,0,71,54,0,54,125
05/02/2007,CSG,GA,ASO,ES,Towers with Radar,5,2,26,0,33,0,0,35,0,35,5,2,61,0,68,42,0,42,110
05/03/2007,CSG,GA,ASO,ES,Towers with Radar,8,6,42,0,56,0,0,42,0,42,8,6,84,0,98,82,0,82,180
05/04/2007,CSG,GA,ASO,ES,Towers with Radar,11,3,45,0,59,0,0,35,0,35,11,3,80,0,94,144,0,144,238
05/05/2007,CSG,GA,ASO,ES,Towers with Radar,5,0,40,0,45,0,0,24,0,24,5,0,64,0,69,32,0,32,101
05/06/2007,CSG,GA,ASO,ES,Towers with Radar,6,2,29,0,37,0,0,26,0,26,6,2,55,0,63,18,0,18,81
05/07/2007,CSG,GA,ASO,ES,Towers with Radar,6,5,35,0,46,0,0,34,0,34,6,5,69,0,80,40,0,40,120
05/08/2007,CSG,GA,ASO,ES,Towers with Radar,8,1,34,0,43,0,0,46,0,46,8,1,80,0,89,80,1,81,170
05/09/2007,CSG,GA,ASO,ES,Towers with Radar,0,0,0,0,0,6,0,108,0,114,6,0,108,0,114,74,0,74,188
05/10/2007,CSG,GA,ASO,ES,Towers with Radar,8,0,41,0,49,0,0,52,0,52,8,0,93,0,101,80,0,80,181
05/11/2007,CSG,GA,ASO,ES,Towers with Radar,15,5,36,0,56,0,0,26,0,26,15,5,62,0,82,38,0,38,120
05/12/2007,CSG,GA,ASO,ES,Towers with Radar,4,2,26,0,32,0,0,36,0,36,4,2,62,0,68,48,0,48,116
05/13/2007,CSG,GA,ASO,ES,Towers with Radar,5,0,30,0,35,0,0,23,0,23,5,0,53,0,58,54,0,54,112
05/14/2007,CSG,GA,ASO,ES,Towers with Radar,6,3,24,0,33,0,0,21,0,21,6,3,45,0,54,30,0,30,84
05/15/2007,CSG,GA,ASO,ES,Towers with Radar,5,0,34,0,39,0,0,53,0,53,5,0,87,0,92,70,0,70,162
05/16/2007,CSG,GA,ASO,ES,Towers with Radar,5,0,23,0,28,1,0,18,0,19,6,0,41,0,47,71,0,71,118
05/17/2007,CSG,GA,ASO,ES,Towers with Radar,7,1,46,0,54,0,0,39,0,39,7,1,85,0,93,64,0,64,157
05/18/2007,CSG,GA,ASO,ES,Towers with Radar,6,2,49,0,57,0,0,46,0,46,6,2,95,0,103,72,0,72,175
05/19/2007,CSG,GA,ASO,ES,Towers with Radar,4,1,19,0,24,0,1,49,0,50,4,2,68,0,74,74,0,74,148
05/20/2007,CSG,GA,ASO,ES,Towers with Radar,6,0,21,0,27,0,0,46,0,46,6,0,67,0,73,20,0,20,93
05/21/2007,CSG,GA,ASO,ES,Towers with Radar,6,0,22,0,28,0,0,36,1,37,6,0,58,1,65,42,0,42,107
05/22/2007,CSG,GA,ASO,ES,Towers with Radar,6,0,42,0,48,0,0,47,0,47,6,0,89,0,95,6,0,6,101
05/23/2007,CSG,GA,ASO,ES,Towers with Radar,4,0,23,0,27,0,0,20,1,21,4,0,43,1,48,40,0,40,88
05/24/2007,CSG,GA,ASO,ES,Towers with Radar,6,2,27,0,35,0,0,37,0,37,6,2,64,0,72,74,0,74,146
05/25/2007,CSG,GA,ASO,ES,Towers with Radar,5,3,41,0,49,0,0,52,0,52,5,3,93,0,101,60,0,60,161
05/26/2007,CSG,GA,ASO,ES,Towers with Radar,3,0,37,0,40,0,0,16,0,16,3,0,53,0,56,14,0,14,70
05/27/2007,CSG,GA,ASO,ES,Towers with Radar,3,1,14,0,18,0,0,14,0,14,3,1,28,0,32,50,0,50,82
05/28/2007,CSG,GA,ASO,ES,Towers with Radar,5,1,20,0,26,0,0,36,0,36,5,1,56,0,62,38,0,38,100
05/29/2007,CSG,GA,ASO,ES,Towers with Radar,8,0,32,0,40,0,0,38,0,38,8,0,70,0,78,80,0,80,158
05/30/2007,CSG,GA,ASO,ES,Towers with Radar,7,1,55,0,63,0,0,41,0,41,7,1,96,0,104,34,0,34,138
05/31/2007,CSG,GA,ASO,ES,Towers with Radar,6,4,48,0,58,0,0,30,0,30,6,4,78,0,88,34,0,34,122
06/01/2007,CSG,GA,ASO,ES,Towers with Radar,7,5,67,0,79,0,0,27,0,27,7,5,94,0,106,54,0,54,160
06/02/2007,CSG,GA,ASO,ES,Towers with Radar,4,1,23,0,28,0,0,18,0,18,4,1,41,0,46,44,0,44,90
06/03/2007,CSG,GA,ASO,ES,Towers with Radar,5,0,33,0,38,0,0,31,0,31,5,0,64,0,69,18,0,18,87
06/04/2007,CSG,GA,ASO,ES,Towers with Radar,6,2,34,0,42,0,0,23,0,23,6,2,57,0,65,54,0,54,119
06/05/2007,CSG,GA,ASO,ES,Towers with Radar,6,4,32,0,42,0,0,40,0,40,6,4,72,0,82,62,0,62,144
06/06/2007,CSG,GA,ASO,ES,Towers with Radar,6,3,41,0,50,0,0,43,0,43,6,3,84,0,93,108,0,108,201
06/07/2007,CSG,GA,ASO,ES,Towers with Radar,5,0,46,0,51,0,1,23,0,24,5,1,69,0,75,24,0,24,99
06/08/2007,CSG,GA,ASO,ES,Towers with Radar,7,1,41,0,49,0,1,24,0,25,7,2,65,0,74,40,0,40,114
06/09/2007,CSG,GA,ASO,ES,Towers with Radar,3,1,6,0,10,0,0,66,0,66,3,1,72,0,76,86,0,86,162
06/10/2007,CSG,GA,ASO,ES,Towers with Radar,6,0,27,0,33,0,0,21,1,22,6,0,48,1,55,24,0,24,79
06/11/2007,CSG,GA,ASO,ES,Towers with Radar,4,2,31,0,37,0,0,36,0,36,4,2,67,0,73,50,0,50,123
06/12/2007,CSG,GA,ASO,ES,Towers with Radar,5,0,28,2,35,0,0,22,0,22,5,0,50,2,57,20,0,20,77
06/13/2007,CSG,GA,ASO,ES,Towers with Radar,8,3,58,0,69,0,0,51,0,51,8,3,109,0,120,86,0,86,206
06/14/2007,CSG,GA,ASO,ES,Towers with Radar,8,0,40,0,48,0,0,33,0,33,8,0,73,0,81,32,0,32,113
06/15/2007,CSG,GA,ASO,ES,Towers with Radar,9,1,55,2,67,0,0,48,0,48,9,1,103,2,115,86,0,86,201
06/16/2007,CSG,GA,ASO,ES,Towers with Radar,3,0,34,0,37,1,0,67,0,68,4,0,101,0,105,148,0,148,253
06/17/2007,CSG,GA,ASO,ES,Towers with Radar,6,1,14,0,21,1,0,56,0,57,7,1,70,0,78,22,0,22,100
06/18/2007,CSG,GA,ASO,ES,Towers with Radar,8,2,31,0,41,0,0,53,0,53,8,2,84,0,94,98,0,98,192
06/19/2007,CSG,GA,ASO,ES,Towers with Radar,4,0,23,0,27,0,0,19,0,19,4,0,42,0,46,4,0,4,50
06/20/2007,CSG,GA,ASO,ES,Towers with Radar,7,0,42,1,50,0,0,29,0,29,7,0,71,1,79,52,0,52,131
06/21/2007,CSG,GA,ASO,ES,Towers with Radar,8,2,61,0,71,0,2,49,0,51,8,4,110,0,122,112,0,112,234
06/22/2007,CSG,GA,ASO,ES,Towers with Radar,7,0,35,0,42,0,0,57,0,57,7,0,92,0,99,52,0,52,151
06/23/2007,CSG,GA,ASO,ES,Towers with Radar,4,0,24,0,28,1,0,34,0,35,5,0,58,0,63,52,0,52,115
06/24/2007,CSG,GA,ASO,ES,Towers with Radar,5,2,21,0,28,1,0,31,0,32,6,2,52,0,60,52,0,52,112
06/25/2007,CSG,GA,ASO,ES,Towers with Radar,6,0,32,0,38,0,0,41,0,41,6,0,73,0,79,94,0,94,173
06/26/2007,CSG,GA,ASO,ES,Towers with Radar,7,1,36,0,44,0,0,42,0,42,7,1,78,0,86,84,0,84,170
06/27/2007,CSG,GA,ASO,ES,Towers with Radar,7,2,42,0,51,0,0,38,0,38,7,2,80,0,89,30,0,30,119
06/28/2007,CSG,GA,ASO,ES,Towers with Radar,6,1,47,0,54,0,0,41,0,41,6,1,88,0,95,96,0,96,191
06/29/2007,CSG,GA,ASO,ES,Towers with Radar,4,2,54,2,62,4,0,43,0,47,8,2,97,2,109,38,2,40,149
06/30/2007,CSG,GA,ASO,ES,Towers with Radar,2,0,19,0,21,0,0,74,0,74,2,0,93,0,95,104,0,104,199
07/01/2007,CSG,GA,ASO,ES,Towers with Radar,5,2,21,0,28,0,0,30,0,30,5,2,51,0,58,46,0,46,104
07/02/2007,CSG,GA,ASO,ES,Towers with Radar,5,0,27,0,32,0,0,6,0,6,5,0,33,0,38,38,0,38,76
07/03/2007,CSG,GA,ASO,ES,Towers with Radar,5,4,37,6,52,0,0,17,0,17,5,4,54,6,69,52,0,52,121
07/04/2007,CSG,GA,ASO,ES,Towers with Radar,4,0,4,0,8,0,0,18,0,18,4,0,22,0,26,2,0,2,28
07/05/2007,CSG,GA,ASO,ES,Towers with Radar,6,0,38,0,44,0,0,40,0,40,6,0,78,0,84,58,0,58,142
07/06/2007,CSG,GA,ASO,ES,Towers with Radar,4,0,36,0,40,0,0,34,0,34,4,0,70,0,74,64,0,64,138
07/07/2007,CSG,GA,ASO,ES,Towers with Radar,1,0,24,0,25,3,1,32,0,36,4,1,56,0,61,72,0,72,133
07/08/2007,CSG,GA,ASO,ES,Towers with Radar,8,3,39,0,50,0,0,19,0,19,8,3,58,0,69,22,0,22,91
07/09/2007,CSG,GA,ASO,ES,Towers with Radar,5,0,26,0,31,0,0,18,0,18,5,0,44,0,49,32,0,32,81
07/10/2007,CSG,GA,ASO,ES,Towers with Radar,6,0,45,0,51,0,0,33,0,33,6,0,78,0,84,31,0,31,115
07/11/2007,CSG,GA,ASO,ES,Towers with Radar,5,0,39,0,44,0,0,23,0,23,5,0,62,0,67,38,0,38,105
07/12/2007,CSG,GA,ASO,ES,Towers with Radar,6,0,39,0,45,0,0,53,0,53,6,0,92,0,98,60,0,60,158
07/13/2007,CSG,GA,ASO,ES,Towers with Radar,6,2,26,4,38,0,0,58,2,60,6,2,84,6,98,98,0,98,196
07/14/2007,CSG,GA,ASO,ES,Towers with Radar,5,0,10,0,15,0,0,28,0,28,5,0,38,0,43,54,0,54,97
07/15/2007,CSG,GA,ASO,ES,Towers with Radar,6,3,30,0,39,0,0,36,0,36,6,3,66,0,75,8,0,8,83
07/16/2007,CSG,GA,ASO,ES,Towers with Radar,6,0,32,0,38,0,0,41,0,41,6,0,73,0,79,64,0,64,143
07/17/2007,CSG,GA,ASO,ES,Towers with Radar,7,0,60,2,69,0,0,37,0,37,7,0,97,2,106,30,10,40,146
07/18/2007,CSG,GA,ASO,ES,Towers with Radar,6,1,36,0,43,0,0,45,0,45,6,1,81,0,88,70,0,70,158
07/19/2007,CSG,GA,ASO,ES,Towers with Radar,30,3,39,0,72,0,1,53,0,54,30,4,92,0,126,76,0,76,202
07/20/2007,CSG,GA,ASO,ES,Towers with Radar,5,0,49,0,54,0,0,43,0,43,5,0,92,0,97,48,0,48,145
07/21/2007,CSG,GA,ASO,ES,Towers with Radar,6,0,24,0,30,0,0,43,0,43,6,0,67,0,73,34,0,34,107
07/22/2007,CSG,GA,ASO,ES,Towers with Radar,6,0,14,1,21,0,0,36,0,36,6,0,50,1,57,6,0,6,63
07/23/2007,CSG,GA,ASO,ES,Towers with Radar,7,2,33,0,42,0,1,38,0,39,7,3,71,0,81,62,0,62,143
07/24/2007,CSG,GA,ASO,ES,Towers with Radar,7,3,33,0,43,0,1,31,0,32,7,4,64,0,75,66,0,66,141
07/25/2007,CSG,GA,ASO,ES,Towers with Radar,7,1,50,0,58,0,0,27,0,27,7,1,77,0,85,60,0,60,145
07/26/2007,CSG,GA,ASO,ES,Towers with Radar,7,2,43,0,52,0,0,44,0,44,7,2,87,0,96,88,0,88,184
07/27/2007,CSG,GA,ASO,ES,Towers with Radar,4,0,34,2,40,46,0,39,0,85,50,0,73,2,125,38,0,38,163
07/28/2007,CSG,GA,ASO,ES,Towers with Radar,5,4,20,0,29,0,0,56,0,56,5,4,76,0,85,118,0,118,203
07/29/2007,CSG,GA,ASO,ES,Towers with Radar,20,1,37,0,58,0,0,25,0,25,20,1,62,0,83,24,0,24,107
07/30/2007,CSG,GA,ASO,ES,Towers with Radar,5,2,28,0,35,0,0,26,0,26,5,2,54,0,61,16,0,16,77
07/31/2007,CSG,GA,ASO,ES,Towers with Radar,5,0,43,0,48,2,0,49,0,51,7,0,92,0,99,36,0,36,135
08/01/2007,CSG,GA,ASO,ES,Towers with Radar,6,1,47,0,54,0,0,44,2,46,6,1,91,2,100,52,3,55,155
08/02/2007,CSG,GA,ASO,ES,Towers with Radar,11,1,47,0,59,0,0,55,0,55,11,1,102,0,114,60,0,60,174
08/03/2007,CSG,GA,ASO,ES,Towers with Radar,6,1,39,0,46,0,0,42,0,42,6,1,81,0,88,52,0,52,140
08/04/2007,CSG,GA,ASO,ES,Towers with Radar,4,0,18,0,22,0,0,26,0,26,4,0,44,0,48,66,0,66,114
08/05/2007,CSG,GA,ASO,ES,Towers with Radar,6,1,20,0,27,0,0,21,0,21,6,1,41,0,48,30,2,32,80
08/06/2007,CSG,GA,ASO,ES,Towers with Radar,6,2,34,0,42,0,0,18,0,18,6,2,52,0,60,22,0,22,82
08/07/2007,CSG,GA,ASO,ES,Towers with Radar,6,4,35,2,47,0,0,23,0,23,6,4,58,2,70,48,0,48,118
08/08/2007,CSG,GA,ASO,ES,Towers with Radar,5,5,45,2,57,0,0,29,0,29,5,5,74,2,86,32,0,32,118
08/09/2007,CSG,GA,ASO,ES,Towers with Radar,6,2,40,0,48,0,0,42,0,42,6,2,82,0,90,62,0,62,152
08/10/2007,CSG,GA,ASO,ES,Towers with Radar,7,2,48,1,58,0,0,39,1,40,7,2,87,2,98,22,0,22,120
08/11/2007,CSG,GA,ASO,ES,Towers with Radar,6,1,35,0,42,0,2,30,0,32,6,3,65,0,74,76,0,76,150
08/12/2007,CSG,GA,ASO,ES,Towers with Radar,7,4,52,0,63,0,0,7,2,9,7,4,59,2,72,16,0,16,88
08/13/2007,CSG,GA,ASO,ES,Towers with Radar,9,1,26,0,36,0,0,32,0,32,9,1,58,0,68,48,0,48,116
08/14/2007,CSG,GA,ASO,ES,Towers with Radar,8,1,32,0,41,0,0,33,6,39,8,1,65,6,80,44,14,58,138
08/15/2007,CSG,GA,ASO,ES,Towers with Radar,7,2,36,2,47,0,0,33,0,33,7,2,69,2,80,64,0,64,144
08/16/2007,CSG,GA,ASO,ES,Towers with Radar,12,3,48,0,63,0,0,31,0,31,12,3,79,0,94,52,0,52,146
08/17/2007,CSG,GA,ASO,ES,Towers with Radar,6,2,44,0,52,0,0,29,0,29,6,2,73,0,81,40,0,40,121
08/18/2007,CSG,GA,ASO,ES,Towers with Radar,10,2,20,0,32,0,0,33,0,33,10,2,53,0,65,48,0,48,113
08/19/2007,CSG,GA,ASO,ES,Towers with Radar,7,0,15,0,22,0,0,20,0,20,7,0,35,0,42,8,0,8,50
08/20/2007,CSG,GA,ASO,ES,Towers with Radar,6,1,34,0,41,0,0,41,0,41,6,1,75,0,82,34,0,34,116
08/21/2007,CSG,GA,ASO,ES,Towers with Radar,7,0,35,0,42,0,0,25,4,29,7,0,60,4,71,32,0,32,103
08/22/2007,CSG,GA,ASO,ES,Towers with Radar,7,0,38,2,47,0,0,30,0,30,7,0,68,2,77,36,0,36,113
08/23/2007,CSG,GA,ASO,ES,Towers with Radar,25,3,43,0,71,0,0,40,0,40,25,3,83,0,111,62,0,62,173
08/24/2007,CSG,GA,ASO,ES,Towers with Radar,14,2,29,0,45,0,0,38,0,38,14,2,67,0,83,90,4,94,177
08/25/2007,CSG,GA,ASO,ES,Towers with Radar,7,2,10,0,19,0,0,29,2,31,7,2,39,2,50,66,0,66,116
08/26/2007,CSG,GA,ASO,ES,Towers with Radar,10,2,20,0,32,0,0,14,0,14,10,2,34,0,46,16,0,16,62
08/27/2007,CSG,GA,ASO,ES,Towers with Radar,4,3,26,0,33,0,0,24,0,24,4,3,50,0,57,36,0,36,93
08/28/2007,CSG,GA,ASO,ES,Towers with Radar,4,0,37,0,41,0,0,11,0,11,4,0,48,0,52,0,0,0,52
08/29/2007,CSG,GA,ASO,ES,Towers with Radar,10,3,27,0,40,0,0,27,0,27,10,3,54,0,67,34,0,34,101
08/30/2007,CSG,GA,ASO,ES,Towers with Radar,27,1,44,0,72,0,1,31,2,34,27,2,75,2,106,48,0,48,154
08/31/2007,CSG,GA,ASO,ES,Towers with Radar,9,0,50,0,59,2,0,13,0,15,11,0,63,0,74,28,0,28,102
09/01/2007,CSG,GA,ASO,ES,Towers with Radar,3,0,30,0,33,0,0,5,0,5,3,0,35,0,38,12,0,12,50
09/02/2007,CSG,GA,ASO,ES,Towers with Radar,4,0,13,1,18,0,0,0,0,0,4,0,13,1,18,2,0,2,20
09/03/2007,CSG,GA,ASO,ES,Towers with Radar,5,0,24,0,29,0,0,41,0,41,5,0,65,0,70,64,0,64,134
09/04/2007,CSG,GA,ASO,ES,Towers with Radar,8,5,31,0,44,0,0,21,0,21,8,5,52,0,65,50,0,50,115
09/05/2007,CSG,GA,ASO,ES,Towers with Radar,8,6,34,0,48,0,0,45,0,45,8,6,79,0,93,58,0,58,151
09/06/2007,CSG,GA,ASO,ES,Towers with Radar,11,1,45,4,61,0,0,37,0,37,11,1,82,4,98,54,0,54,152
09/07/2007,CSG,GA,ASO,ES,Towers with Radar,9,0,48,0,57,0,0,47,0,47,9,0,95,0,104,112,0,112,216
09/08/2007,CSG,GA,ASO,ES,Towers with Radar,5,0,11,0,16,0,0,51,0,51,5,0,62,0,67,74,0,74,141
09/09/2007,CSG,GA,ASO,ES,Towers with Radar,4,0,24,0,28,0,0,40,0,40,4,0,64,0,68,46,0,46,114
09/10/2007,CSG,GA,ASO,ES,Towers with Radar,9,3,41,0,53,0,0,31,0,31,9,3,72,0,84,60,0,60,144
09/11/2007,CSG,GA,ASO,ES,Towers with Radar,8,0,41,2,51,0,0,43,0,43,8,0,84,2,94,44,4,48,142
09/12/2007,CSG,GA,ASO,ES,Towers with Radar,7,5,26,0,38,0,0,17,0,17,7,5,43,0,55,48,0,48,103
09/13/2007,CSG,GA,ASO,ES,Towers with Radar,8,2,34,0,44,0,2,17,0,19,8,4,51,0,63,44,0,44,107
09/14/2007,CSG,GA,ASO,ES,Towers with Radar,16,1,43,1,61,0,0,20,0,20,16,1,63,1,81,30,0,30,111
09/15/2007,CSG,GA,ASO,ES,Towers with Radar,5,0,17,0,22,2,0,68,0,70,7,0,85,0,92,30,0,30,122
09/16/2007,CSG,GA,ASO,ES,Towers with Radar,5,1,27,0,33,0,0,37,0,37,5,1,64,0,70,43,0,43,113
09/17/2007,CSG,GA,ASO,ES,Towers with Radar,6,2,19,0,27,0,0,32,0,32,6,2,51,0,59,86,0,86,145
09/18/2007,CSG,GA,ASO,ES,Towers with Radar,6,0,30,0,36,0,0,31,0,31,6,0,61,0,67,36,0,36,103
09/19/2007,CSG,GA,ASO,ES,Towers with Radar,7,1,50,0,58,0,0,28,0,28,7,1,78,0,86,60,0,60,146
09/20/2007,CSG,GA,ASO,ES,Towers with Radar,9,3,42,0,54,0,0,17,0,17,9,3,59,0,71,16,0,16,87
09/21/2007,CSG,GA,ASO,ES,Towers with Radar,9,4,43,0,56,0,0,16,0,16,9,4,59,0,72,10,0,10,82
09/22/2007,CSG,GA,ASO,ES,Towers with Radar,5,2,22,0,29,0,0,21,0,21,5,2,43,0,50,40,0,40,90
09/23/2007,CSG,GA,ASO,ES,Towers with Radar,7,2,36,0,45,0,0,24,0,24,7,2,60,0,69,22,0,22,91
09/24/2007,CSG,GA,ASO,ES,Towers with Radar,6,3,38,0,47,0,0,55,0,55,6,3,93,0,102,12,0,12,114
09/25/2007,CSG,GA,ASO,ES,Towers with Radar,8,2,29,1,40,0,0,52,0,52,8,2,81,1,92,44,0,44,136
09/26/2007,CSG,GA,ASO,ES,Towers with Radar,7,1,39,0,47,0,0,20,0,20,7,1,59,0,67,24,0,24,91
09/27/2007,CSG,GA,ASO,ES,Towers with Radar,6,4,47,4,61,2,1,12,1,16,8,5,59,5,77,60,22,82,159
09/28/2007,CSG,GA,ASO,ES,Towers with Radar,7,4,39,0,50,2,0,58,0,60,9,4,97,0,110,72,0,72,182
09/29/2007,CSG,GA,ASO,ES,Towers with Radar,6,0,18,0,24,1,1,42,0,44,7,1,60,0,68,40,0,40,108
09/30/2007,CSG,GA,ASO,ES,Towers with Radar,5,0,30,0,35,0,0,59,0,59,5,0,89,0,94,20,0,20,114
10/01/2007,CSG,GA,ASO,ES,Towers with Radar,6,0,18,0,24,0,0,56,0,56,6,0,74,0,80,40,0,40,120
10/02/2007,CSG,GA,ASO,ES,Towers with Radar,7,0,36,0,43,0,1,50,0,51,7,1,86,0,94,54,0,54,148
10/03/2007,CSG,GA,ASO,ES,Towers with Radar,7,1,38,0,46,0,0,9,0,9,7,1,47,0,55,8,0,8,63
10/04/2007,CSG,GA,ASO,ES,Towers with Radar,7,3,46,0,56,0,0,28,0,28,7,3,74,0,84,72,0,72,156
10/05/2007,CSG,GA,ASO,ES,Towers with Radar,9,0,62,2,73,2,1,46,0,49,11,1,108,2,122,64,0,64,186
10/06/2007,CSG,GA,ASO,ES,Towers with Radar,8,0,28,0,36,0,0,19,0,19,8,0,47,0,55,34,0,34,89
10/07/2007,CSG,GA,ASO,ES,Towers with Radar,6,3,43,0,52,0,0,34,0,34,6,3,77,0,86,28,0,28,114
10/08/2007,CSG,GA,ASO,ES,Towers with Radar,9,4,40,0,53,0,0,19,0,19,9,4,59,0,72,36,0,36,108
10/09/2007,CSG,GA,ASO,ES,Towers with Radar,5,3,35,0,43,0,0,33,0,33,5,3,68,0,76,51,0,51,127
10/10/2007,CSG,GA,ASO,ES,Towers with Radar,7,0,33,0,40,0,0,28,0,28,7,0,61,0,68,52,0,52,120
10/11/2007,CSG,GA,ASO,ES,Towers with Radar,7,2,42,2,53,0,0,35,1,36,7,2,77,3,89,50,2,52,141
10/12/2007,CSG,GA,ASO,ES,Towers with Radar,9,1,54,0,64,0,0,65,0,65,9,1,119,0,129,88,0,88,217
10/13/2007,CSG,GA,ASO,ES,Towers with Radar,7,0,20,0,27,0,0,45,0,45,7,0,65,0,72,52,0,52,124
10/14/2007,CSG,GA,ASO,ES,Towers with Radar,6,1,22,1,30,0,0,42,0,42,6,1,64,1,72,18,6,24,96
10/15/2007,CSG,GA,ASO,ES,Towers with Radar,8,2,29,0,39,0,0,24,1,25,8,2,53,1,64,14,6,20,84
10/16/2007,CSG,GA,ASO,ES,Towers with Radar,7,1,40,0,48,0,0,37,0,37,7,1,77,0,85,46,0,46,131
10/17/2007,CSG,GA,ASO,ES,Towers with Radar,7,1,36,0,44,0,0,30,0,30,7,1,66,0,74,22,0,22,102
10/18/2007,CSG,GA,ASO,ES,Towers with Radar,9,3,57,0,69,0,0,21,0,21,9,3,78,0,90,10,0,10,100
10/19/2007,CSG,GA,ASO,ES,Towers with Radar,9,7,47,6,69,0,0,12,0,12,9,7,59,6,81,4,0,4,85
10/20/2007,CSG,GA,ASO,ES,Towers with Radar,5,0,30,0,35,2,2,62,0,66,7,2,92,0,101,82,0,82,183
10/21/2007,CSG,GA,ASO,ES,Towers with Radar,6,3,21,0,30,0,0,47,0,47,6,3,68,0,77,34,0,34,111
10/22/2007,CSG,GA,ASO,ES,Towers with Radar,7,6,44,0,57,0,0,2,0,2,7,6,46,0,59,10,0,10,69
10/23/2007,CSG,GA,ASO,ES,Towers with Radar,11,0,25,0,36,0,0,14,0,14,11,0,39,0,50,0,0,0,58
10/24/2007,CSG,GA,ASO,ES,Towers with Radar,2,5,50,1,58,0,4,9,0,13,2,9,59,1,71,10,0,10,83
10/25/2007,CSG,GA,ASO,ES,Towers with Radar,10,0,57,0,67,0,0,43,0,43,10,0,100,0,110,34,0,34,150
10/26/2007,CSG,GA,ASO,ES,Towers with Radar,8,0,63,5,76,1,0,42,1,44,9,0,105,6,120,70,11,81,201
10/27/2007,CSG,GA,ASO,ES,Towers with Radar,7,0,18,0,25,0,0,96,0,96,7,0,114,0,121,92,0,92,213
10/28/2007,CSG,GA,ASO,ES,Towers with Radar,6,0,34,0,40,0,1,46,0,47,6,1,80,0,87,44,0,44,131
10/29/2007,CSG,GA,ASO,ES,Towers with Radar,6,0,23,0,29,0,0,44,0,44,6,0,67,0,73,58,0,58,131
10/30/2007,CSG,GA,ASO,ES,Towers with Radar,9,0,41,0,50,0,0,42,2,44,9,0,83,2,94,71,0,71,165
10/31/2007,CSG,GA,ASO,ES,Towers with Radar,7,1,61,0,69,0,0,55,0,55,7,1,116,0,124,78,0,78,204
11/01/2007,CSG,GA,ASO,ES,Towers with Radar,13,8,35,0,56,0,0,46,0,46,13,8,81,0,102,48,0,48,150
11/02/2007,CSG,GA,ASO,ES,Towers with Radar,8,1,35,0,44,1,0,47,0,48,9,1,82,0,92,40,0,40,132
11/03/2007,CSG,GA,ASO,ES,Towers with Radar,8,0,23,0,31,0,1,61,0,62,8,1,84,0,93,47,0,47,140
11/04/2007,CSG,GA,ASO,ES,Towers with Radar,8,1,22,0,31,0,0,42,0,42,8,1,64,0,73,24,0,24,97
11/05/2007,CSG,GA,ASO,ES,Towers with Radar,9,0,45,0,54,0,0,35,0,35,9,0,80,0,89,58,0,58,147
11/06/2007,CSG,GA,ASO,ES,Towers with Radar,11,0,38,0,49,0,0,29,0,29,11,0,67,0,78,84,0,84,162
11/07/2007,CSG,GA,ASO,ES,Towers with Radar,9,2,51,0,62,0,0,25,0,25,9,2,76,0,87,38,0,38,125
11/08/2007,CSG,GA,ASO,ES,Towers with Radar,10,1,64,0,75,0,0,40,0,40,10,1,104,0,115,52,0,52,169
11/09/2007,CSG,GA,ASO,ES,Towers with Radar,7,0,61,0,68,0,0,51,0,51,7,0,112,0,119,54,0,54,173
11/10/2007,CSG,GA,ASO,ES,Towers with Radar,8,2,30,0,40,0,0,45,0,45,8,2,75,0,85,52,0,52,137
11/11/2007,CSG,GA,ASO,ES,Towers with Radar,7,3,27,0,37,0,0,34,0,34,7,3,61,0,71,70,0,70,141
11/12/2007,CSG,GA,ASO,ES,Towers with Radar,7,3,33,0,43,0,0,41,0,41,7,3,74,0,84,50,4,54,138
11/13/2007,CSG,GA,ASO,ES,Towers with Radar,8,5,37,0,50,0,0,46,0,46,8,5,83,0,96,46,0,46,142
11/14/2007,CSG,GA,ASO,ES,Towers with Radar,7,1,44,0,52,0,0,20,0,20,7,1,64,0,72,22,0,22,97
11/15/2007,CSG,GA,ASO,ES,Towers with Radar,8,4,48,8,68,0,0,4,0,4,8,4,52,8,72,0,4,4,78
11/16/2007,CSG,GA,ASO,ES,Towers with Radar,9,0,49,2,60,0,0,41,0,41,9,0,90,2,101,90,2,92,197
11/17/2007,CSG,GA,ASO,ES,Towers with Radar,8,0,31,0,39,0,0,47,0,47,8,0,78,0,86,64,0,64,150
11/18/2007,CSG,GA,ASO,ES,Towers with Radar,7,2,30,0,39,0,0,35,0,35,7,2,65,0,74,64,0,64,138
11/19/2007,CSG,GA,ASO,ES,Towers with Radar,11,2,36,0,49,0,0,43,0,43,11,2,79,0,92,66,0,66,158
11/20/2007,CSG,GA,ASO,ES,Towers with Radar,10,2,47,0,59,0,0,37,0,37,10,2,84,0,96,66,0,66,162
11/21/2007,CSG,GA,ASO,ES,Towers with Radar,8,3,41,2,54,0,0,30,0,30,8,3,71,2,84,28,4,32,120
11/22/2007,CSG,GA,ASO,ES,Towers with Radar,9,0,6,3,18,0,0,2,0,2,9,0,8,3,20,8,0,8,28
11/23/2007,CSG,GA,ASO,ES,Towers with Radar,7,2,20,1,30,0,0,47,0,47,7,2,67,1,77,38,0,38,115
11/24/2007,CSG,GA,ASO,ES,Towers with Radar,6,0,27,3,36,0,0,16,3,19,6,0,43,6,55,8,0,8,63
11/25/2007,CSG,GA,ASO,ES,Towers with Radar,6,1,32,3,42,0,0,0,0,0,6,1,32,3,42,0,0,0,42
11/26/2007,CSG,GA,ASO,ES,Towers with Radar,5,0,16,0,21,0,0,3,0,3,5,0,19,0,24,0,0,0,24
11/27/2007,CSG,GA,ASO,ES,Towers with Radar,10,0,26,0,36,0,0,28,0,28,10,0,54,0,64,30,0,30,94
11/28/2007,CSG,GA,ASO,ES,Towers with Radar,9,1,47,1,58,0,0,36,0,36,9,1,83,1,94,48,0,48,142
11/29/2007,CSG,GA,ASO,ES,Towers with Radar,14,4,44,0,62,0,0,44,0,44,14,4,88,0,106,44,0,44,156
11/30/2007,CSG,GA,ASO,ES,Towers with Radar,10,0,40,0,50,0,2,49,0,51,10,2,89,0,101,54,0,54,155
12/01/2007,CSG,GA,ASO,ES,Towers with Radar,7,2,21,0,30,0,0,59,0,59,7,2,80,0,89,46,0,46,135
12/02/2007,CSG,GA,ASO,ES,Towers with Radar,7,1,18,0,26,0,0,18,0,18,7,1,36,0,44,20,0,20,64
12/03/2007,CSG,GA,ASO,ES,Towers with Radar,14,0,26,0,40,0,0,38,0,38,14,0,64,0,78,16,0,16,94
12/04/2007,CSG,GA,ASO,ES,Towers with Radar,9,0,48,3,60,0,0,28,0,28,9,0,76,3,88,45,0,45,133
12/05/2007,CSG,GA,ASO,ES,Towers with Radar,8,0,40,0,48,0,0,44,0,44,8,0,84,0,92,72,0,72,164
12/06/2007,CSG,GA,ASO,ES,Towers with Radar,9,3,35,0,47,0,0,37,0,37,9,3,72,0,84,70,0,70,160
12/07/2007,CSG,GA,ASO,ES,Towers with Radar,9,3,49,0,61,0,0,17,0,17,9,3,66,0,78,20,0,20,102
12/08/2007,CSG,GA,ASO,ES,Towers with Radar,5,0,23,0,28,0,0,21,0,21,5,0,44,0,49,40,0,40,89
12/09/2007,CSG,GA,ASO,ES,Towers with Radar,7,2,17,0,26,0,0,19,0,19,7,2,36,0,45,18,0,18,63
12/10/2007,CSG,GA,ASO,ES,Towers with Radar,8,0,25,0,33,0,0,44,0,44,8,0,69,0,77,4,1,5,82
12/11/2007,CSG,GA,ASO,ES,Towers with Radar,7,2,29,0,38,0,0,32,0,32,7,2,61,0,70,75,0,75,145
12/12/2007,CSG,GA,ASO,ES,Towers with Radar,10,0,45,0,55,0,0,24,0,24,10,0,69,0,79,8,0,8,87
12/13/2007,CSG,GA,ASO,ES,Towers with Radar,11,5,45,0,61,0,0,25,0,25,11,5,70,0,86,50,0,50,136
12/14/2007,CSG,GA,ASO,ES,Towers with Radar,8,0,61,0,69,0,0,71,0,71,8,0,132,0,140,18,0,18,158
12/15/2007,CSG,GA,ASO,ES,Towers with Radar,9,2,20,0,31,0,0,15,0,15,9,2,35,0,46,38,0,38,84
12/16/2007,CSG,GA,ASO,ES,Towers with Radar,9,0,14,0,23,0,0,21,0,21,9,0,35,0,44,32,0,32,76
12/17/2007,CSG,GA,ASO,ES,Towers with Radar,8,5,41,0,54,0,0,16,0,16,8,5,57,0,70,52,0,52,122
12/18/2007,CSG,GA,ASO,ES,Towers with Radar,6,6,43,0,55,0,0,54,0,54,6,6,97,0,109,67,0,67,176
12/19/2007,CSG,GA,ASO,ES,Towers with Radar,4,1,46,0,51,0,0,41,0,41,4,1,87,0,92,100,0,100,193
12/20/2007,CSG,GA,ASO,ES,Towers with Radar,6,0,33,2,41,0,0,33,0,33,6,0,66,2,74,70,0,70,144
12/21/2007,CSG,GA,ASO,ES,Towers with Radar,4,0,21,0,25,0,0,1,0,1,4,0,22,0,26,0,0,0,26
12/22/2007,CSG,GA,ASO,ES,Towers with Radar,3,0,21,4,28,0,0,2,0,2,3,0,23,4,30,0,0,0,30
12/23/2007,CSG,GA,ASO,ES,Towers with Radar,3,0,22,0,25,0,0,13,0,13,3,0,35,0,38,2,0,2,40
12/24/2007,CSG,GA,ASO,ES,Towers with Radar,1,1,7,0,9,0,4,33,0,37,1,5,40,0,46,42,0,42,88
12/25/2007,CSG,GA,ASO,ES,Towers with Radar,2,0,5,0,7,0,0,0,0,0,2,0,5,0,7,0,0,0,7
12/26/2007,CSG,GA,ASO,ES,Towers with Radar,5,2,46,0,53,0,0,36,0,36,5,2,82,0,89,8,0,8,99
12/27/2007,CSG,GA,ASO,ES,Towers with Radar,6,0,15,0,21,0,0,0,0,0,6,0,15,0,21,0,0,0,21
12/28/2007,CSG,GA,ASO,ES,Towers with Radar,16,0,24,0,40,0,0,12,0,12,16,0,36,0,52,14,0,14,66
12/29/2007,CSG,GA,ASO,ES,Towers with Radar,3,0,24,0,27,1,0,11,0,12,4,0,35,0,39,0,0,0,39
12/30/2007,CSG,GA,ASO,ES,Towers with Radar,4,0,4,0,8,0,0,1,0,1,4,0,5,0,9,0,0,0,9
12/31/2007,CSG,GA,ASO,ES,Towers with Radar,1,0,27,0,28,0,0,25,0,25,1,0,52,0,53,53,0,53,106
01/01/2008,CSG,GA,ASO,ES,Towers with Radar,4,0,16,0,20,0,0,12,0,12,4,0,28,0,32,0,0,0,32
01/02/2008,CSG,GA,ASO,ES,Towers with Radar,5,0,23,0,28,0,0,20,0,20,5,0,43,0,48,20,0,20,70
01/03/2008,CSG,GA,ASO,ES,Towers with Radar,9,3,24,7,43,0,3,24,0,27,9,6,48,7,70,36,20,56,131
01/04/2008,CSG,GA,ASO,ES,Towers with Radar,7,0,26,0,33,0,0,35,0,35,7,0,61,0,68,62,0,62,140
01/05/2008,CSG,GA,ASO,ES,Towers with Radar,4,0,32,0,36,0,0,50,0,50,4,0,82,0,86,62,0,62,148
01/06/2008,CSG,GA,ASO,ES,Towers with Radar,4,0,20,0,24,0,0,38,0,38,4,0,58,0,62,50,0,50,112
01/07/2008,CSG,GA,ASO,ES,Towers with Radar,5,0,28,0,33,0,0,35,0,35,5,0,63,0,68,90,20,110,178
01/08/2008,CSG,GA,ASO,ES,Towers with Radar,5,1,38,0,44,0,0,35,0,35,5,1,73,0,79,10,0,10,89
01/09/2008,CSG,GA,ASO,ES,Towers with Radar,5,3,37,0,45,0,0,0,0,0,5,3,37,0,45,4,0,4,50
01/10/2008,CSG,GA,ASO,ES,Towers with Radar,6,0,47,0,53,0,0,16,0,16,6,0,63,0,69,20,0,20,89
01/11/2008,CSG,GA,ASO,ES,Towers with Radar,9,1,24,0,34,0,0,36,0,36,9,1,60,0,70,98,0,98,168
01/12/2008,CSG,GA,ASO,ES,Towers with Radar,3,0,19,0,22,1,0,49,2,52,4,0,68,2,74,48,0,48,122
01/13/2008,CSG,GA,ASO,ES,Towers with Radar,5,1,12,0,18,0,0,16,0,16,5,1,28,0,34,4,0,4,38
01/14/2008,CSG,GA,ASO,ES,Towers with Radar,6,0,16,0,22,0,1,24,0,25,6,1,40,0,47,52,0,52,99
01/15/2008,CSG,GA,ASO,ES,Towers with Radar,6,0,38,0,44,0,0,42,0,42,6,0,80,0,86,24,0,24,110
01/16/2008,CSG,GA,ASO,ES,Towers with Radar,7,1,26,0,34,0,0,16,0,16,7,1,42,0,50,32,0,32,82
01/17/2008,CSG,GA,ASO,ES,Towers with Radar,6,0,43,2,51,0,0,0,0,0,6,0,43,2,51,0,0,0,51
01/18/2008,CSG,GA,ASO,ES,Towers with Radar,8,0,45,0,53,0,0,52,0,52,8,0,97,0,105,118,0,118,229
01/19/2008,CSG,GA,ASO,ES,Towers with Radar,4,0,6,0,10,0,0,0,0,0,4,0,6,0,10,0,0,0,10
01/20/2008,CSG,GA,ASO,ES,Towers with Radar,5,0,20,0,25,0,0,39,0,39,5,0,59,0,64,16,2,18,82
01/21/2008,CSG,GA,ASO,ES,Towers with Radar,6,0,29,0,35,0,0,28,0,28,6,0,57,0,63,78,0,78,141
01/22/2008,CSG,GA,ASO,ES,Towers with Radar,6,1,39,0,46,0,0,18,0,18,6,1,57,0,64,36,0,36,100
01/23/2008,CSG,GA,ASO,ES,Towers with Radar,6,0,24,0,30,0,0,26,0,26,6,0,50,0,56,18,0,18,78
01/24/2008,CSG,GA,ASO,ES,Towers with Radar,8,6,52,0,66,0,0,15,0,15,8,6,67,0,81,4,0,4,89
01/25/2008,CSG,GA,ASO,ES,Towers with Radar,8,0,39,0,47,0,0,42,1,43,8,0,81,1,90,66,0,66,156
01/26/2008,CSG,GA,ASO,ES,Towers with Radar,4,0,16,0,20,0,0,22,0,22,4,0,38,0,42,58,0,58,100
01/27/2008,CSG,GA,ASO,ES,Towers with Radar,6,0,24,0,30,0,0,42,0,42,6,0,66,0,72,26,0,26,98
01/28/2008,CSG,GA,ASO,ES,Towers with Radar,5,0,23,0,28,0,0,57,1,58,5,0,80,1,86,28,16,44,130
01/29/2008,CSG,GA,ASO,ES,Towers with Radar,7,0,52,0,59,0,0,31,2,33,7,0,83,2,92,42,0,42,134
01/30/2008,CSG,GA,ASO,ES,Towers with Radar,5,5,43,0,53,0,0,39,0,39,5,5,82,0,92,52,0,52,144
01/31/2008,CSG,GA,ASO,ES,Towers with Radar,8,5,38,0,51,0,2,19,0,21,8,9,57,0,74,0,0,0,78
02/01/2008,CSG,GA,ASO,ES,Towers with Radar,7,0,38,0,45,0,0,32,0,32,7,0,70,0,77,19,0,19,98
02/02/2008,CSG,GA,ASO,ES,Towers with Radar,5,3,27,0,35,0,60,39,0,99,5,63,66,0,134,104,0,104,238
02/03/2008,CSG,GA,ASO,ES,Towers with Radar,7,1,19,0,27,0,0,42,0,42,7,1,61,0,69,62,0,62,131
02/04/2008,CSG,GA,ASO,ES,Towers with Radar,8,0,23,0,31,0,0,13,0,13,8,0,36,0,44,28,0,28,72
02/05/2008,CSG,GA,ASO,ES,Towers with Radar,6,1,43,0,50,0,0,28,0,28,6,1,71,0,78,16,0,16,94
02/06/2008,CSG,GA,ASO,ES,Towers with Radar,5,0,23,0,28,0,0,9,0,9,5,0,32,0,37,0,0,0,40
02/07/2008,CSG,GA,ASO,ES,Towers with Radar,8,0,50,0,58,0,0,48,0,48,8,0,98,0,106,68,0,68,174
02/08/2008,CSG,GA,ASO,ES,Towers with Radar,10,2,40,0,52,0,0,54,0,54,10,2,94,0,106,86,0,86,192
02/09/2008,CSG,GA,ASO,ES,Towers with Radar,4,0,22,0,26,1,1,51,0,53,5,1,73,0,79,76,0,76,155
02/10/2008,CSG,GA,ASO,ES,Towers with Radar,7,3,30,0,40,0,0,28,0,28,7,3,58,0,68,16,0,16,84
02/11/2008,CSG,GA,ASO,ES,Towers with Radar,7,0,21,0,28,0,0,33,0,33,7,0,54,0,61,20,0,20,81
02/12/2008,CSG,GA,ASO,ES,Towers with Radar,7,0,40,0,47,0,0,39,0,39,7,0,79,0,86,24,0,24,110
02/13/2008,CSG,GA,ASO,ES,Towers with Radar,7,1,18,0,26,0,0,6,0,6,7,1,24,0,32,0,0,0,32
02/14/2008,CSG,GA,ASO,ES,Towers with Radar,7,3,48,1,59,0,0,59,0,59,7,3,107,1,118,44,0,44,162
02/15/2008,CSG,GA,ASO,ES,Towers with Radar,9,0,48,2,59,0,0,55,0,55,9,0,103,2,114,90,0,90,204
02/16/2008,CSG,GA,ASO,ES,Towers with Radar,6,0,16,0,22,0,0,70,0,70,6,0,86,0,92,48,0,48,140
02/17/2008,CSG,GA,ASO,ES,Towers with Radar,6,3,13,2,24,0,0,8,0,8,6,3,21,2,32,3,0,3,35
02/18/2008,CSG,GA,ASO,ES,Towers with Radar,8,3,38,2,51,0,0,37,0,37,8,3,75,2,88,60,0,60,148
02/19/2008,CSG,GA,ASO,ES,Towers with Radar,6,0,45,0,51,0,0,36,0,36,6,0,81,0,87,37,0,37,124
02/20/2008,CSG,GA,ASO,ES,Towers with Radar,5,0,41,0,46,0,0,50,0,50,5,0,91,0,96,60,0,60,156
02/21/2008,CSG,GA,ASO,ES,Towers with Radar,9,1,50,0,60,0,0,19,0,19,9,1,69,0,79,34,0,34,113
02/22/2008,CSG,GA,ASO,ES,Towers with Radar,10,3,36,0,49,0,0,14,0,14,10,3,50,0,63,26,0,26,89
02/23/2008,CSG,GA,ASO,ES,Towers with Radar,8,0,14,2,24,0,0,37,0,37,8,0,51,2,61,46,0,46,107
02/24/2008,CSG,GA,ASO,ES,Towers with Radar,6,0,27,0,33,0,0,44,0,44,6,0,71,0,77,80,0,80,157
02/25/2008,CSG,GA,ASO,ES,Towers with Radar,6,0,31,0,37,0,0,32,0,32,6,0,63,0,69,58,0,58,127
02/26/2008,CSG,GA,ASO,ES,Towers with Radar,6,0,15,0,21,0,0,3,0,3,6,0,18,0,24,0,0,0,24
02/27/2008,CSG,GA,ASO,ES,Towers with Radar,7,0,26,0,33,0,0,38,0,38,7,0,64,0,71,26,0,26,97
02/28/2008,CSG,GA,ASO,ES,Towers with Radar,6,2,59,0,67,0,0,49,0,49,6,2,108,0,116,76,2,78,194
02/29/2008,CSG,GA,ASO,ES,Towers with Radar,12,3,41,0,56,0,0,38,0,38,12,3,79,0,94,36,0,36,134
03/01/2008,CSG,GA,ASO,ES,Towers with Radar,7,4,19,0,30,0,2,55,0,57,7,6,74,0,87,90,0,90,179
03/02/2008,CSG,GA,ASO,ES,Towers with Radar,7,0,21,0,28,0,0,51,0,51,7,0,72,0,79,54,0,54,133
03/03/2008,CSG,GA,ASO,ES,Towers with Radar,8,1,8,0,17,0,0,36,0,36,8,1,44,0,53,14,0,14,67
03/04/2008,CSG,GA,ASO,ES,Towers with Radar,6,2,14,0,22,0,0,7,0,7,6,2,21,0,29,0,0,0,29
03/05/2008,CSG,GA,ASO,ES,Towers with Radar,6,0,43,0,49,0,0,38,2,40,6,0,81,2,89,58,0,58,149
03/06/2008,CSG,GA,ASO,ES,Towers with Radar,9,2,41,2,54,0,0,36,0,36,9,2,77,2,90,66,0,66,158
03/07/2008,CSG,GA,ASO,ES,Towers with Radar,5,1,31,0,37,1,0,17,0,18,6,1,48,0,55,18,0,18,73
03/08/2008,CSG,GA,ASO,ES,Towers with Radar,9,2,5,0,16,0,0,16,0,16,9,2,21,0,32,4,0,4,36
03/09/2008,CSG,GA,ASO,ES,Towers with Radar,6,1,14,0,21,0,0,51,0,51,6,1,65,0,72,80,0,80,152
03/10/2008,CSG,GA,ASO,ES,Towers with Radar,7,0,17,0,24,0,0,49,0,49,7,0,66,0,73,43,0,43,116
03/11/2008,CSG,GA,ASO,ES,Towers with Radar,5,2,31,0,38,0,0,24,0,24,5,2,55,0,62,54,0,54,116
03/12/2008,CSG,GA,ASO,ES,Towers with Radar,7,0,29,0,36,0,0,48,0,48,7,0,77,0,84,52,0,52,139
03/13/2008,CSG,GA,ASO,ES,Towers with Radar,7,1,33,2,43,0,1,30,0,31,7,2,63,2,74,58,0,58,134
03/14/2008,CSG,GA,ASO,ES,Towers with Radar,6,13,32,0,51,0,0,19,1,20,6,13,51,1,71,48,6,54,125
03/15/2008,CSG,GA,ASO,ES,Towers with Radar,9,0,9,0,18,2,0,53,0,55,11,0,62,0,73,68,0,68,141
03/16/2008,CSG,GA,ASO,ES,Towers with Radar,3,1,11,0,15,0,0,160,5,165,3,1,171,5,180,128,12,140,320
03/17/2008,CSG,GA,ASO,ES,Towers with Radar,6,2,21,0,29,0,0,23,0,23,6,2,44,0,52,10,0,10,62
03/18/2008,CSG,GA,ASO,ES,Towers with Radar,5,0,27,0,32,0,0,13,0,13,5,0,40,0,45,6,0,6,51
03/19/2008,CSG,GA,ASO,ES,Towers with Radar,8,0,19,0,27,0,0,9,0,9,8,0,28,0,36,0,0,0,36
03/20/2008,CSG,GA,ASO,ES,Towers with Radar,8,0,40,0,48,0,0,52,1,53,8,0,92,1,101,45,0,45,146
03/21/2008,CSG,GA,ASO,ES,Towers with Radar,8,0,56,0,64,0,0,56,0,56,8,0,112,0,120,40,0,40,160
03/22/2008,CSG,GA,ASO,ES,Towers with Radar,3,0,30,0,33,0,0,25,0,25,3,0,55,0,58,48,0,48,106
03/23/2008,CSG,GA,ASO,ES,Towers with Radar,5,2,14,0,21,0,0,17,0,17,5,2,31,0,38,18,0,18,56
03/24/2008,CSG,GA,ASO,ES,Towers with Radar,6,0,19,1,26,0,0,11,1,12,6,0,30,2,38,18,0,18,56
03/25/2008,CSG,GA,ASO,ES,Towers with Radar,4,0,46,0,50,0,0,38,0,38,4,0,84,0,88,24,0,24,112
03/26/2008,CSG,GA,ASO,ES,Towers with Radar,4,0,49,0,53,0,0,37,0,37,4,0,86,0,90,31,0,31,121
03/27/2008,CSG,GA,ASO,ES,Towers with Radar,9,2,80,0,91,0,0,19,0,19,9,2,99,0,110,38,0,38,148
03/28/2008,CSG,GA,ASO,ES,Towers with Radar,8,0,34,0,42,0,0,24,4,28,8,0,58,4,70,40,4,44,114
03/29/2008,CSG,GA,ASO,ES,Towers with Radar,5,0,32,0,37,0,0,41,0,41,5,0,73,0,78,64,0,64,142
03/30/2008,CSG,GA,ASO,ES,Towers with Radar,4,2,32,0,38,0,0,16,2,18,4,2,48,2,56,0,0,0,56
03/31/2008,CSG,GA,ASO,ES,Towers with Radar,7,2,11,0,20,0,0,9,0,9,7,2,20,0,29,20,0,20,49
04/01/2008,CSG,GA,ASO,ES,Towers with Radar,2,0,27,0,29,0,0,20,0,20,2,0,47,0,49,36,0,36,85
04/02/2008,CSG,GA,ASO,ES,Towers with Radar,7,6,23,0,36,0,0,16,0,16,7,6,39,0,52,14,0,14,71
04/03/2008,CSG,GA,ASO,ES,Towers with Radar,6,1,38,0,45,0,0,5,0,5,6,1,43,0,50,8,0,8,60
04/04/2008,CSG,GA,ASO,ES,Towers with Radar,9,2,16,1,28,0,0,3,0,3,9,2,19,1,31,0,0,0,31
04/05/2008,CSG,GA,ASO,ES,Towers with Radar,5,0,18,0,23,0,0,1,3,4,5,0,19,3,27,0,0,0,27
04/06/2008,CSG,GA,ASO,ES,Towers with Radar,5,3,35,3,46,0,0,40,0,40,5,3,75,3,86,52,0,52,138
04/07/2008,CSG,GA,ASO,ES,Towers with Radar,3,4,28,0,35,0,0,18,0,18,3,4,46,0,53,46,0,46,99
04/08/2008,CSG,GA,ASO,ES,Towers with Radar,5,2,29,0,36,0,1,29,0,30,5,3,58,0,66,40,0,40,106
04/09/2008,CSG,GA,ASO,ES,Towers with Radar,4,2,32,0,38,0,0,43,0,43,4,2,75,0,81,56,0,56,137
04/10/2008,CSG,GA,ASO,ES,Towers with Radar,10,9,47,2,68,0,0,49,0,49,10,9,96,2,117,62,0,62,181
04/11/2008,CSG,GA,ASO,ES,Towers with Radar,11,3,40,1,55,0,0,26,0,26,11,3,66,1,81,22,0,22,103
04/12/2008,CSG,GA,ASO,ES,Towers with Radar,8,2,20,1,31,0,0,13,0,13,8,2,33,1,44,8,0,8,52
04/13/2008,CSG,GA,ASO,ES,Towers with Radar,6,2,36,0,44,0,0,15,0,15,6,2,51,0,59,0,0,0,59
04/14/2008,CSG,GA,ASO,ES,Towers with Radar,6,2,19,0,27,0,0,25,0,25,6,2,44,0,52,8,0,8,60
04/15/2008,CSG,GA,ASO,ES,Towers with Radar,5,0,41,0,46,0,0,39,0,39,5,0,80,0,85,70,0,70,155
04/16/2008,CSG,GA,ASO,ES,Towers with Radar,6,1,33,0,40,0,0,32,0,32,6,1,65,0,72,127,0,127,202
04/17/2008,CSG,GA,ASO,ES,Towers with Radar,8,2,35,0,45,0,0,37,0,37,8,2,72,0,82,30,0,30,114
04/18/2008,CSG,GA,ASO,ES,Towers with Radar,6,2,24,0,32,0,0,52,0,52,6,2,76,0,84,94,0,94,188
04/19/2008,CSG,GA,ASO,ES,Towers with Radar,5,0,22,0,27,0,0,38,0,38,5,0,60,0,65,14,0,14,79
04/20/2008,CSG,GA,ASO,ES,Towers with Radar,5,0,19,0,24,0,0,32,0,32,5,0,51,0,56,30,0,30,86
04/21/2008,CSG,GA,ASO,ES,Towers with Radar,6,1,18,0,25,0,0,38,0,38,6,1,56,0,63,62,2,64,127
04/22/2008,CSG,GA,ASO,ES,Towers with Radar,5,2,34,0,41,0,0,29,0,29,5,2,63,0,70,48,0,48,118
04/23/2008,CSG,GA,ASO,ES,Towers with Radar,6,0,42,0,48,0,0,31,0,31,6,0,73,0,79,34,0,34,113
04/24/2008,CSG,GA,ASO,ES,Towers with Radar,7,0,41,0,48,0,1,26,0,27,7,1,67,0,75,43,0,43,118
04/25/2008,CSG,GA,ASO,ES,Towers with Radar,7,6,46,0,59,0,0,30,0,30,7,6,76,0,89,52,0,52,142
04/26/2008,CSG,GA,ASO,ES,Towers with Radar,4,0,15,0,19,1,0,49,0,50,5,0,64,0,69,44,0,44,113
04/27/2008,CSG,GA,ASO,ES,Towers with Radar,6,2,20,0,28,0,0,5,0,5,6,2,25,0,33,0,0,0,33
04/28/2008,CSG,GA,ASO,ES,Towers with Radar,6,2,22,0,30,0,0,17,0,17,6,2,39,0,47,10,0,10,57
04/29/2008,CSG,GA,ASO,ES,Towers with Radar,3,1,48,0,52,0,0,27,0,27,3,1,75,0,79,76,0,76,155
04/30/2008,CSG,GA,ASO,ES,Towers with Radar,8,2,23,0,33,0,0,50,0,50,8,2,73,0,83,88,0,88,173
05/01/2008,CSG,GA,ASO,ES,Towers with Radar,8,1,27,0,36,0,2,21,5,28,8,3,48,5,64,18,0,18,82
05/02/2008,CSG,GA,ASO,ES,Towers with Radar,10,0,29,6,45,0,4,28,0,32,10,4,57,6,77,16,0,16,96
05/03/2008,CSG,GA,ASO,ES,Towers with Radar,5,2,7,0,14,0,0,19,0,19,5,2,26,0,33,22,0,22,55
05/04/2008,CSG,GA,ASO,ES,Towers with Radar,7,1,18,0,26,0,0,22,0,22,7,1,40,0,48,43,0,43,91
05/05/2008,CSG,GA,ASO,ES,Towers with Radar,6,0,12,0,18,0,0,42,17,59,6,0,54,17,77,34,0,34,111
05/06/2008,CSG,GA,ASO,ES,Towers with Radar,3,2,57,0,62,0,0,42,2,44,3,2,99,2,106,72,0,72,178
05/07/2008,CSG,GA,ASO,ES,Towers with Radar,6,4,38,4,52,0,0,37,3,40,6,4,75,7,92,22,4,26,128
05/08/2008,CSG,GA,ASO,ES,Towers with Radar,6,1,37,0,44,0,0,18,0,18,6,1,55,0,62,24,0,24,88
05/09/2008,CSG,GA,ASO,ES,Towers with Radar,9,3,39,2,53,0,0,33,0,33,9,3,72,2,86,40,0,40,132
05/10/2008,CSG,GA,ASO,ES,Towers with Radar,5,2,25,0,32,0,0,7,0,7,5,2,32,0,39,10,0,10,49
05/11/2008,CSG,GA,ASO,ES,Towers with Radar,8,3,24,0,35,0,0,7,2,9,8,3,31,2,44,2,0,2,46
05/12/2008,CSG,GA,ASO,ES,Towers with Radar,6,4,33,0,43,0,0,17,0,17,6,4,50,0,60,6,0,6,66
05/13/2008,CSG,GA,ASO,ES,Towers with Radar,5,0,39,0,44,0,0,34,0,34,5,0,73,0,78,40,0,40,118
05/14/2008,CSG,GA,ASO,ES,Towers with Radar,8,8,47,0,63,0,0,39,4,43,8,8,86,4,106,35,0,35,141
05/15/2008,CSG,GA,ASO,ES,Towers with Radar,14,5,19,0,38,0,0,5,0,5,14,5,24,0,43,2,0,2,47
05/16/2008,CSG,GA,ASO,ES,Towers with Radar,6,0,27,0,33,0,0,9,0,9,6,0,36,0,42,20,0,20,62
05/17/2008,CSG,GA,ASO,ES,Towers with Radar,4,1,8,0,13,0,2,86,0,88,4,3,94,0,101,30,0,30,131
05/18/2008,CSG,GA,ASO,ES,Towers with Radar,6,0,18,0,24,0,0,26,0,26,6,0,44,0,50,4,0,4,54
05/19/2008,CSG,GA,ASO,ES,Towers with Radar,6,2,13,0,21,0,0,46,0,46,6,2,59,0,67,84,0,84,151
05/20/2008,CSG,GA,ASO,ES,Towers with Radar,6,0,45,0,51,0,0,37,0,37,6,0,82,0,88,36,22,58,146
05/21/2008,CSG,GA,ASO,ES,Towers with Radar,6,0,61,0,67,0,0,50,1,51,6,0,111,1,118,116,0,116,234
05/22/2008,CSG,GA,ASO,ES,Towers with Radar,8,2,31,0,41,0,0,33,0,33,8,2,64,0,74,38,0,38,114
05/23/2008,CSG,GA,ASO,ES,Towers with Radar,6,2,36,0,44,0,0,27,0,27,6,2,63,0,71,6,0,6,77
05/24/2008,CSG,GA,ASO,ES,Towers with Radar,4,1,16,0,21,0,0,36,0,36,4,1,52,0,57,46,0,46,103
05/25/2008,CSG,GA,ASO,ES,Towers with Radar,5,2,11,0,18,0,0,22,0,22,5,2,33,0,40,0,0,0,40
05/26/2008,CSG,GA,ASO,ES,Towers with Radar,5,0,8,0,13,0,0,28,0,28,5,0,36,0,41,26,0,26,67
05/27/2008,CSG,GA,ASO,ES,Towers with Radar,6,2,34,0,42,0,0,32,0,32,6,2,66,0,74,42,0,42,116
05/28/2008,CSG,GA,ASO,ES,Towers with Radar,5,2,33,0,40,0,0,12,0,12,5,2,45,0,52,14,0,14,66
05/29/2008,CSG,GA,ASO,ES,Towers with Radar,9,7,46,2,64,0,0,9,0,9,9,7,55,2,73,10,0,10,88
05/30/2008,CSG,GA,ASO,ES,Towers with Radar,6,2,23,0,31,0,0,8,0,8,6,2,31,0,39,15,0,15,57
05/31/2008,CSG,GA,ASO,ES,Towers with Radar,5,0,19,0,24,0,0,40,0,40,5,0,59,0,64,64,0,64,128
06/01/2008,CSG,GA,ASO,ES,Towers with Radar,7,0,17,0,24,0,0,20,0,20,7,0,37,0,44,8,0,8,52
06/02/2008,CSG,GA,ASO,ES,Towers with Radar,6,2,20,0,28,0,0,32,0,32,6,2,52,0,60,30,0,30,90
06/03/2008,CSG,GA,ASO,ES,Towers with Radar,5,0,33,0,38,0,0,27,0,27,5,0,60,0,65,24,0,24,91
06/04/2008,CSG,GA,ASO,ES,Towers with Radar,8,5,24,2,39,0,0,36,2,38,8,5,60,4,77,60,12,72,149
06/05/2008,CSG,GA,ASO,ES,Towers with Radar,7,2,45,0,54,0,1,28,0,29,7,3,73,0,83,28,0,28,111
06/06/2008,CSG,GA,ASO,ES,Towers with Radar,9,0,33,3,45,0,0,36,0,36,9,0,69,3,81,42,0,42,123
06/07/2008,CSG,GA,ASO,ES,Towers with Radar,5,0,10,0,15,0,1,40,0,41,5,1,50,0,56,46,0,46,102
06/08/2008,CSG,GA,ASO,ES,Towers with Radar,7,0,22,0,29,0,0,17,0,17,7,0,39,0,46,8,0,8,54
06/09/2008,CSG,GA,ASO,ES,Towers with Radar,6,3,17,0,26,0,0,39,0,39,6,3,56,0,65,16,0,16,81
06/10/2008,CSG,GA,ASO,ES,Towers with Radar,10,3,37,0,50,0,0,29,0,29,10,3,66,0,79,54,0,54,133
06/11/2008,CSG,GA,ASO,ES,Towers with Radar,10,2,32,0,44,0,0,16,0,16,10,2,48,0,60,40,0,40,102
06/12/2008,CSG,GA,ASO,ES,Towers with Radar,7,2,31,1,41,0,0,21,0,21,7,2,52,1,62,22,0,22,84
06/13/2008,CSG,GA,ASO,ES,Towers with Radar,5,0,44,0,49,0,0,18,0,18,5,0,62,0,67,16,4,20,87
06/14/2008,CSG,GA,ASO,ES,Towers with Radar,7,0,30,0,37,0,0,7,0,7,7,0,37,0,44,10,0,10,54
06/15/2008,CSG,GA,ASO,ES,Towers with Radar,6,3,25,0,34,0,0,19,0,19,6,3,44,0,53,14,0,14,67
06/16/2008,CSG,GA,ASO,ES,Towers with Radar,6,0,19,0,25,0,0,14,4,18,6,0,33,4,43,26,0,26,69
06/17/2008,CSG,GA,ASO,ES,Towers with Radar,6,1,31,0,38,0,0,31,0,31,6,1,62,0,69,56,0,56,125
06/18/2008,CSG,GA,ASO,ES,Towers with Radar,6,2,32,0,40,0,0,28,0,28,6,2,60,0,68,44,0,44,116
06/19/2008,CSG,GA,ASO,ES,Towers with Radar,7,1,33,0,41,0,0,35,0,35,7,1,68,0,76,52,0,52,132
06/20/2008,CSG,GA,ASO,ES,Towers with Radar,4,4,19,0,27,0,43,35,0,78,4,47,54,0,105,56,0,56,161
06/21/2008,CSG,GA,ASO,ES,Towers with Radar,10,2,10,0,22,0,0,11,0,11,10,2,21,0,33,18,0,18,51
06/22/2008,CSG,GA,ASO,ES,Towers with Radar,7,0,10,0,17,0,0,11,0,11,7,0,21,0,28,10,0,10,38
06/23/2008,CSG,GA,ASO,ES,Towers with Radar,8,1,25,0,34,0,0,16,0,16,8,1,41,0,50,40,22,62,112
06/24/2008,CSG,GA,ASO,ES,Towers with Radar,6,0,30,0,36,0,0,20,0,20,6,0,50,0,56,38,0,38,94
06/25/2008,CSG,GA,ASO,ES,Towers with Radar,8,1,20,3,32,0,0,18,1,19,8,1,38,4,51,17,18,35,90
06/26/2008,CSG,GA,ASO,ES,Towers with Radar,6,2,29,0,37,0,0,29,0,29,6,2,58,0,66,34,0,34,100
06/27/2008,CSG,GA,ASO,ES,Towers with Radar,5,0,33,0,38,0,0,23,0,23,5,0,56,0,61,16,0,16,77
06/28/2008,CSG,GA,ASO,ES,Towers with Radar,8,0,23,0,31,0,0,22,0,22,8,0,45,0,53,52,0,52,105
06/29/2008,CSG,GA,ASO,ES,Towers with Radar,7,0,10,0,17,0,0,6,0,6,7,0,16,0,23,12,0,12,35
06/30/2008,CSG,GA,ASO,ES,Towers with Radar,7,0,14,0,21,0,0,29,0,29,7,0,43,0,50,22,0,22,72
07/01/2008,CSG,GA,ASO,ES,Towers with Radar,6,0,27,0,33,6,0,46,0,52,12,0,73,0,85,40,2,42,127
07/02/2008,CSG,GA,ASO,ES,Towers with Radar,6,0,20,1,27,0,0,42,1,43,6,0,62,2,70,43,0,43,113
07/03/2008,CSG,GA,ASO,ES,Towers with Radar,2,4,24,1,31,0,0,20,0,20,2,4,44,1,51,4,0,4,55
07/04/2008,CSG,GA,ASO,ES,Towers with Radar,4,0,7,0,11,0,0,0,0,0,4,0,7,0,11,20,0,20,31
07/05/2008,CSG,GA,ASO,ES,Towers with Radar,9,0,0,0,9,26,0,0,0,26,35,0,0,0,35,22,0,22,57
07/06/2008,CSG,GA,ASO,ES,Towers with Radar,6,0,33,0,39,0,0,14,0,14,6,0,47,0,53,30,0,30,83
07/07/2008,CSG,GA,ASO,ES,Towers with Radar,6,2,24,0,32,0,0,10,0,10,6,2,34,0,42,12,0,12,54
07/08/2008,CSG,GA,ASO,ES,Towers with Radar,14,0,32,0,46,14,0,49,0,63,28,0,81,0,109,24,0,24,133
07/09/2008,CSG,GA,ASO,ES,Towers with Radar,6,1,32,0,39,0,0,33,0,33,6,1,65,0,72,24,0,24,96
07/10/2008,CSG,GA,ASO,ES,Towers with Radar,19,2,25,0,46,0,0,14,0,14,19,2,39,0,60,22,0,22,82
07/11/2008,CSG,GA,ASO,ES,Towers with Radar,6,5,14,0,25,0,0,25,0,25,6,5,39,0,50,42,0,42,92
07/12/2008,CSG,GA,ASO,ES,Towers with Radar,8,0,12,0,20,0,0,36,0,36,8,0,48,0,56,30,0,30,86
07/13/2008,CSG,GA,ASO,ES,Towers with Radar,3,0,7,2,12,0,0,8,0,8,3,0,15,2,20,16,0,16,36
07/14/2008,CSG,GA,ASO,ES,Towers with Radar,6,1,20,0,27,0,0,16,0,16,6,1,36,0,43,9,0,9,52
07/15/2008,CSG,GA,ASO,ES,Towers with Radar,6,1,47,0,54,6,1,29,0,36,12,2,76,0,90,36,0,36,126
07/16/2008,CSG,GA,ASO,ES,Towers with Radar,6,0,19,0,25,0,0,31,4,35,6,0,50,4,60,58,0,58,118
07/17/2008,CSG,GA,ASO,ES,Towers with Radar,10,2,31,2,45,0,0,27,0,27,10,2,58,2,72,28,6,34,106
07/18/2008,CSG,GA,ASO,ES,Towers with Radar,6,2,28,2,38,0,2,70,1,73,6,4,98,3,111,36,0,36,147
07/19/2008,CSG,GA,ASO,ES,Towers with Radar,6,1,28,0,35,0,0,57,0,57,6,1,85,0,92,30,0,30,122
07/20/2008,CSG,GA,ASO,ES,Towers with Radar,4,2,25,0,31,0,0,31,0,31,4,2,56,0,62,46,0,46,108
07/21/2008,CSG,GA,ASO,ES,Towers with Radar,5,1,22,0,28,0,0,14,0,14,5,1,36,0,42,16,0,16,58
07/22/2008,CSG,GA,ASO,ES,Towers with Radar,8,1,26,0,35,0,0,12,0,12,8,1,38,0,47,6,0,6,53
07/23/2008,CSG,GA,ASO,ES,Towers with Radar,5,0,37,0,42,0,0,9,0,9,5,0,46,0,51,18,0,18,69
07/24/2008,CSG,GA,ASO,ES,Towers with Radar,4,4,38,1,47,0,0,43,10,53,4,4,81,11,100,32,18,50,150
07/25/2008,CSG,GA,ASO,ES,Towers with Radar,9,1,33,0,43,0,0,10,0,10,9,1,43,0,53,2,0,2,55
07/26/2008,CSG,GA,ASO,ES,Towers with Radar,7,1,23,0,31,0,0,67,0,67,7,1,90,0,98,34,0,34,132
07/27/2008,CSG,GA,ASO,ES,Towers with Radar,6,0,28,0,34,0,0,16,0,16,6,0,44,0,50,20,0,20,70
07/28/2008,CSG,GA,ASO,ES,Towers with Radar,6,0,32,0,38,0,0,21,0,21,6,0,53,0,59,43,13,56,115
07/29/2008,CSG,GA,ASO,ES,Towers with Radar,10,4,28,0,42,0,0,22,0,22,10,4,50,0,64,64,0,64,128
07/30/2008,CSG,GA,ASO,ES,Towers with Radar,6,2,31,0,39,0,0,26,2,28,6,2,57,2,67,64,16,80,147
07/31/2008,CSG,GA,ASO,ES,Towers with Radar,13,6,39,0,58,0,0,15,0,15,13,6,54,0,73,16,0,16,89
08/01/2008,CSG,GA,ASO,ES,Towers with Radar,5,0,26,0,31,0,0,46,0,46,5,0,72,0,77,8,0,8,85
08/02/2008,CSG,GA,ASO,ES,Towers with Radar,25,1,16,0,42,0,0,21,1,22,25,1,37,1,64,10,0,10,74
08/03/2008,CSG,GA,ASO,ES,Towers with Radar,9,5,10,0,24,0,0,27,0,27,9,5,37,0,51,0,0,0,51
08/04/2008,CSG,GA,ASO,ES,Towers with Radar,3,0,20,0,23,3,1,21,4,29,6,1,41,4,52,22,17,39,91
08/05/2008,CSG,GA,ASO,ES,Towers with Radar,8,0,35,0,43,0,0,46,0,46,8,0,81,0,89,70,0,70,159
08/06/2008,CSG,GA,ASO,ES,Towers with Radar,7,0,41,1,49,0,0,34,5,39,7,0,75,6,88,28,0,28,116
08/07/2008,CSG,GA,ASO,ES,Towers with Radar,6,0,8,0,14,2,0,18,0,20,8,0,26,0,34,36,0,36,70
08/08/2008,CSG,GA,ASO,ES,Towers with Radar,5,2,33,0,40,0,0,70,0,70,5,2,103,0,110,2,0,2,112
08/09/2008,CSG,GA,ASO,ES,Towers with Radar,6,1,11,0,18,0,0,48,0,48,6,1,59,0,66,50,0,50,116
08/10/2008,CSG,GA,ASO,ES,Towers with Radar,6,0,13,0,19,0,0,42,0,42,6,0,55,0,61,28,0,28,89
08/11/2008,CSG,GA,ASO,ES,Towers with Radar,4,1,19,0,24,1,0,24,0,25,5,1,43,0,49,27,0,27,76
08/12/2008,CSG,GA,ASO,ES,Towers with Radar,8,0,28,0,36,0,0,17,0,17,8,0,45,0,53,0,0,0,53
08/13/2008,CSG,GA,ASO,ES,Towers with Radar,6,0,39,0,45,0,0,26,0,26,6,0,65,0,71,36,0,36,107
08/14/2008,CSG,GA,ASO,ES,Towers with Radar,8,1,24,2,35,0,0,20,0,20,8,1,44,2,55,18,0,18,73
08/15/2008,CSG,GA,ASO,ES,Towers with Radar,7,1,25,0,33,0,0,23,0,23,7,1,48,0,56,40,0,40,96
08/16/2008,CSG,GA,ASO,ES,Towers with Radar,8,0,11,0,19,0,0,33,0,33,8,0,44,0,52,42,0,42,94
08/17/2008,CSG,GA,ASO,ES,Towers with Radar,8,0,26,0,34,0,0,14,0,14,8,0,40,0,48,30,0,30,78
08/18/2008,CSG,GA,ASO,ES,Towers with Radar,6,1,28,0,35,0,0,27,2,29,6,1,55,2,64,22,4,26,90
08/19/2008,CSG,GA,ASO,ES,Towers with Radar,6,0,33,0,39,0,0,21,0,21,6,0,54,0,60,0,63,63,123
08/20/2008,CSG,GA,ASO,ES,Towers with Radar,6,0,24,0,30,0,0,12,0,12,6,0,36,0,42,34,0,34,76
08/21/2008,CSG,GA,ASO,ES,Towers with Radar,8,4,30,1,43,0,0,15,0,15,8,4,45,1,58,10,8,18,76
08/22/2008,CSG,GA,ASO,ES,Towers with Radar,8,2,16,0,26,0,0,0,0,0,8,2,16,0,26,0,0,0,26
08/23/2008,CSG,GA,ASO,ES,Towers with Radar,6,0,10,0,16,0,0,0,0,0,6,0,10,0,16,0,0,0,16
08/24/2008,CSG,GA,ASO,ES,Towers with Radar,8,1,19,0,28,0,0,3,0,3,8,1,22,0,31,0,0,0,31
08/25/2008,CSG,GA,ASO,ES,Towers with Radar,4,0,6,0,10,0,0,2,0,2,4,0,8,0,12,0,0,0,12
08/26/2008,CSG,GA,ASO,ES,Towers with Radar,6,0,21,0,27,0,0,13,0,13,6,0,34,0,40,0,0,0,40
08/27/2008,CSG,GA,ASO,ES,Towers with Radar,6,0,23,0,29,0,0,26,0,26,6,0,49,0,55,40,0,40,95
08/28/2008,CSG,GA,ASO,ES,Towers with Radar,8,1,23,0,32,0,0,26,0,26,8,1,49,0,58,19,0,19,77
08/29/2008,CSG,GA,ASO,ES,Towers with Radar,6,3,25,0,34,0,0,30,8,38,6,3,55,8,72,34,0,34,106
08/30/2008,CSG,GA,ASO,ES,Towers with Radar,5,0,14,0,19,0,0,52,0,52,5,0,66,0,71,14,0,14,85
08/31/2008,CSG,GA,ASO,ES,Towers with Radar,4,5,17,0,26,0,0,15,0,15,4,5,32,0,41,4,0,4,45
09/01/2008,CSG,GA,ASO,ES,Towers with Radar,4,0,29,0,33,0,0,6,0,6,4,0,35,0,39,19,0,19,58
09/02/2008,CSG,GA,ASO,ES,Towers with Radar,7,0,52,0,59,0,0,28,0,28,7,0,80,0,87,40,0,40,127
09/03/2008,CSG,GA,ASO,ES,Towers with Radar,4,2,31,0,37,0,0,34,0,34,4,2,65,0,71,61,0,61,132
09/04/2008,CSG,GA,ASO,ES,Towers with Radar,9,0,25,0,34,0,0,22,0,22,9,0,47,0,56,20,0,20,76
09/05/2008,CSG,GA,ASO,ES,Towers with Radar,9,1,20,2,32,0,2,25,0,27,9,3,45,2,59,36,0,36,95
09/06/2008,CSG,GA,ASO,ES,Towers with Radar,6,0,17,0,23,0,0,47,0,47,6,0,64,0,70,30,0,30,100
09/07/2008,CSG,GA,ASO,ES,Towers with Radar,5,2,25,0,32,0,0,31,0,31,5,2,56,0,63,38,0,38,101
09/08/2008,CSG,GA,ASO,ES,Towers with Radar,10,0,34,0,44,0,0,25,1,26,10,0,59,1,70,16,0,16,86
09/09/2008,CSG,GA,ASO,ES,Towers with Radar,7,0,39,0,46,0,2,26,0,28,7,2,65,0,74,30,0,30,104
09/10/2008,CSG,GA,ASO,ES,Towers with Radar,7,0,27,5,39,0,0,18,0,18,7,0,45,5,57,23,20,43,100
09/11/2008,CSG,GA,ASO,ES,Towers with Radar,6,2,35,0,43,0,0,22,16,38,6,2,57,16,81,30,14,44,125
09/12/2008,CSG,GA,ASO,ES,Towers with Radar,10,6,28,0,44,0,0,15,0,15,10,6,43,0,59,42,0,42,101
09/13/2008,CSG,GA,ASO,ES,Towers with Radar,8,2,14,0,24,0,0,22,0,22,8,2,36,0,46,8,0,8,54
09/14/2008,CSG,GA,ASO,ES,Towers with Radar,7,0,11,0,18,0,0,20,0,20,7,0,31,0,38,26,0,26,64
09/15/2008,CSG,GA,ASO,ES,Towers with Radar,4,0,24,0,28,2,0,5,0,7,6,0,29,0,35,13,0,13,48
09/16/2008,CSG,GA,ASO,ES,Towers with Radar,9,0,26,0,35,0,0,16,0,16,9,0,42,0,51,40,0,40,91
09/17/2008,CSG,GA,ASO,ES,Towers with Radar,7,0,30,0,37,0,0,12,0,12,7,0,42,0,49,22,0,22,71
09/18/2008,CSG,GA,ASO,ES,Towers with Radar,9,3,31,0,43,0,0,37,0,37,9,3,68,0,80,32,24,56,136
09/19/2008,CSG,GA,ASO,ES,Towers with Radar,8,2,32,0,42,0,0,16,0,16,8,2,48,0,58,44,0,44,102
09/20/2008,CSG,GA,ASO,ES,Towers with Radar,6,1,7,0,14,0,0,34,0,34,6,1,41,0,48,20,0,20,68
09/21/2008,CSG,GA,ASO,ES,Towers with Radar,7,0,25,0,32,0,0,35,0,35,7,0,60,0,67,18,0,18,85
09/22/2008,CSG,GA,ASO,ES,Towers with Radar,7,0,31,0,38,0,0,26,0,26,7,0,57,0,64,49,0,49,113
09/23/2008,CSG,GA,ASO,ES,Towers with Radar,7,0,52,0,59,0,0,28,0,28,7,0,80,0,87,36,0,36,123
09/24/2008,CSG,GA,ASO,ES,Towers with Radar,4,1,36,0,41,0,0,24,2,26,4,1,60,2,67,48,0,48,115
09/25/2008,CSG,GA,ASO,ES,Towers with Radar,9,2,39,0,50,0,0,32,1,33,9,2,71,1,83,10,2,12,95
09/26/2008,CSG,GA,ASO,ES,Towers with Radar,7,2,31,0,40,0,4,29,0,33,7,6,60,0,73,94,0,94,167
09/27/2008,CSG,GA,ASO,ES,Towers with Radar,7,2,5,0,14,0,0,43,0,43,7,2,48,0,57,2,0,2,59
09/28/2008,CSG,GA,ASO,ES,Towers with Radar,6,4,19,0,29,0,0,28,0,28,6,4,47,0,57,90,0,90,147
09/29/2008,CSG,GA,ASO,ES,Towers with Radar,4,0,7,0,11,1,0,33,0,34,5,0,40,0,45,102,0,102,147
09/30/2008,CSG,GA,ASO,ES,Towers with Radar,11,1,33,0,45,0,0,31,2,33,11,1,64,2,78,45,18,63,141
10/01/2008,CSG,GA,ASO,ES,Towers with Radar,11,0,40,0,51,0,0,22,4,26,11,0,62,4,77,8,24,32,109
10/02/2008,CSG,GA,ASO,ES,Towers with Radar,10,3,42,0,55,0,0,28,0,28,10,3,70,0,83,34,0,34,117
10/03/2008,CSG,GA,ASO,ES,Towers with Radar,7,1,40,0,48,0,0,41,0,41,7,1,81,0,89,52,0,52,141
10/04/2008,CSG,GA,ASO,ES,Towers with Radar,7,0,14,0,21,1,0,42,0,43,8,0,56,0,64,8,0,8,72
10/05/2008,CSG,GA,ASO,ES,Towers with Radar,7,0,30,0,37,0,0,25,0,25,7,0,55,0,62,16,0,16,78
10/06/2008,CSG,GA,ASO,ES,Towers with Radar,1,0,24,0,25,6,0,15,0,21,7,0,39,0,46,14,0,14,60
10/07/2008,CSG,GA,ASO,ES,Towers with Radar,8,0,22,2,32,0,3,23,2,28,8,3,45,4,60,21,8,29,89
10/08/2008,CSG,GA,ASO,ES,Towers with Radar,6,1,17,0,24,0,0,5,0,5,6,1,22,0,29,0,0,0,29
10/09/2008,CSG,GA,ASO,ES,Towers with Radar,9,3,29,0,41,0,0,14,0,14,9,3,43,0,55,8,0,8,63
10/10/2008,CSG,GA,ASO,ES,Towers with Radar,6,0,29,0,35,0,0,14,0,14,6,0,43,0,49,36,0,36,85
10/11/2008,CSG,GA,ASO,ES,Towers with Radar,8,0,25,0,33,0,0,6,0,6,8,0,31,0,39,0,2,2,41
10/12/2008,CSG,GA,ASO,ES,Towers with Radar,6,0,23,0,29,0,0,8,0,8,6,0,31,0,37,0,0,0,37
10/13/2008,CSG,GA,ASO,ES,Towers with Radar,6,1,25,0,32,0,0,6,0,6,6,1,31,0,38,0,0,0,38
10/14/2008,CSG,GA,ASO,ES,Towers with Radar,8,2,45,0,55,1,0,37,0,38,9,2,82,0,93,32,0,32,125
10/15/2008,CSG,GA,ASO,ES,Towers with Radar,7,0,30,0,37,0,0,29,2,31,7,0,59,2,68,0,0,0,68
10/16/2008,CSG,GA,ASO,ES,Towers with Radar,11,1,30,1,43,1,1,28,0,30,12,2,58,1,73,72,0,72,145
10/17/2008,CSG,GA,ASO,ES,Towers with Radar,9,1,27,5,42,0,0,16,0,16,9,1,43,5,58,0,2,2,60
10/18/2008,CSG,GA,ASO,ES,Towers with Radar,6,0,31,0,37,1,0,6,0,7,7,0,37,0,44,4,0,4,48
10/19/2008,CSG,GA,ASO,ES,Towers with Radar,5,3,28,0,36,0,0,34,4,38,5,3,62,4,74,62,0,62,136
10/20/2008,CSG,GA,ASO,ES,Towers with Radar,7,0,8,0,15,0,0,36,0,36,7,0,44,0,51,54,0,54,105
10/21/2008,CSG,GA,ASO,ES,Towers with Radar,6,0,48,0,54,1,0,34,14,49,7,0,82,14,103,48,0,48,151
10/22/2008,CSG,GA,ASO,ES,Towers with Radar,4,2,32,1,39,0,0,19,0,19,4,2,51,1,58,22,0,22,80
10/23/2008,CSG,GA,ASO,ES,Towers with Radar,10,1,39,0,50,0,1,19,0,20,10,2,58,0,70,16,0,16,86
10/24/2008,CSG,GA,ASO,ES,Towers with Radar,6,0,19,2,27,0,0,0,0,0,6,0,19,2,27,0,0,0,27
10/25/2008,CSG,GA,ASO,ES,Towers with Radar,6,0,23,0,29,0,0,36,0,36,6,0,59,0,65,24,0,24,89
10/26/2008,CSG,GA,ASO,ES,Towers with Radar,4,0,16,0,20,2,0,33,10,45,6,0,49,10,65,36,0,36,101
10/27/2008,CSG,GA,ASO,ES,Towers with Radar,7,0,21,0,28,0,0,13,15,28,7,0,34,15,56,0,0,0,56
10/28/2008,CSG,GA,ASO,ES,Towers with Radar,7,0,22,0,29,0,0,32,3,35,7,0,54,3,64,18,0,18,82
10/29/2008,CSG,GA,ASO,ES,Towers with Radar,6,2,50,0,58,0,0,25,0,25,6,2,75,0,83,7,0,7,90
10/30/2008,CSG,GA,ASO,ES,Towers with Radar,8,0,33,0,41,0,0,33,6,39,8,0,66,6,80,26,0,26,106
10/31/2008,CSG,GA,ASO,ES,Towers with Radar,8,0,20,0,28,1,0,49,0,50,9,0,69,0,78,72,1,73,151
11/01/2008,CSG,GA,ASO,ES,Towers with Radar,9,2,12,0,23,0,0,47,0,47,9,2,59,0,70,50,0,50,120
11/02/2008,CSG,GA,ASO,ES,Towers with Radar,6,0,45,0,51,0,0,43,0,43,6,0,88,0,94,40,0,40,134
11/03/2008,CSG,GA,ASO,ES,Towers with Radar,7,0,26,0,33,0,0,25,2,27,7,0,51,2,60,66,0,66,126
11/04/2008,CSG,GA,ASO,ES,Towers with Radar,8,0,12,1,21,0,0,28,0,28,8,0,40,1,49,12,16,28,77
11/05/2008,CSG,GA,ASO,ES,Towers with Radar,7,0,21,0,28,0,0,32,0,32,7,0,53,0,60,36,0,36,96
11/06/2008,CSG,GA,ASO,ES,Towers with Radar,8,0,33,2,43,0,0,31,5,36,8,0,64,7,79,31,12,43,122
11/07/2008,CSG,GA,ASO,ES,Towers with Radar,9,0,23,0,32,0,0,14,0,14,9,0,37,0,46,8,0,8,54
11/08/2008,CSG,GA,ASO,ES,Towers with Radar,6,0,9,0,15,0,0,25,0,25,6,0,34,0,40,18,0,18,58
11/09/2008,CSG,GA,ASO,ES,Towers with Radar,7,0,21,0,28,0,0,37,0,37,7,0,58,0,65,40,0,40,105
11/10/2008,CSG,GA,ASO,ES,Towers with Radar,11,7,18,0,36,0,0,21,0,21,11,7,39,0,57,22,0,22,79
11/11/2008,CSG,GA,ASO,ES,Towers with Radar,7,1,17,0,25,0,0,23,0,23,7,1,40,0,48,38,0,38,86
11/12/2008,CSG,GA,ASO,ES,Towers with Radar,8,4,29,2,43,0,0,9,2,11,8,4,38,4,54,2,0,2,56
11/13/2008,CSG,GA,ASO,ES,Towers with Radar,10,6,31,1,48,0,0,1,0,1,10,6,32,1,49,2,0,2,51
11/14/2008,CSG,GA,ASO,ES,Towers with Radar,7,1,40,10,58,0,0,15,0,15,7,1,55,10,73,18,0,18,91
11/15/2008,CSG,GA,ASO,ES,Towers with Radar,7,0,11,0,18,0,0,18,0,18,7,0,29,0,36,0,0,0,36
11/16/2008,CSG,GA,ASO,ES,Towers with Radar,7,3,16,0,26,0,0,41,0,41,7,3,57,0,67,36,0,36,103
11/17/2008,CSG,GA,ASO,ES,Towers with Radar,6,0,22,0,28,0,0,29,0,29,6,0,51,0,57,68,0,68,125
11/18/2008,CSG,GA,ASO,ES,Towers with Radar,9,0,23,0,32,0,0,28,0,28,9,0,51,0,60,12,0,12,72
11/19/2008,CSG,GA,ASO,ES,Towers with Radar,7,2,50,0,59,0,0,48,0,48,7,2,98,0,107,36,2,38,145
11/20/2008,CSG,GA,ASO,ES,Towers with Radar,10,1,40,0,51,0,0,36,0,36,10,1,76,0,87,36,0,36,123
11/21/2008,CSG,GA,ASO,ES,Towers with Radar,7,2,31,4,44,0,0,20,0,20,7,2,51,4,64,36,0,36,100
11/22/2008,CSG,GA,ASO,ES,Towers with Radar,5,5,22,0,32,0,0,64,0,64,5,5,86,0,96,86,0,86,182
11/23/2008,CSG,GA,ASO,ES,Towers with Radar,7,4,26,0,37,0,2,36,0,38,7,6,62,0,75,32,0,32,107
11/24/2008,CSG,GA,ASO,ES,Towers with Radar,11,0,20,0,31,0,0,5,0,5,11,0,25,0,36,4,0,4,40
11/25/2008,CSG,GA,ASO,ES,Towers with Radar,7,0,11,0,18,0,0,52,0,52,7,0,63,0,70,42,0,42,112
11/26/2008,CSG,GA,ASO,ES,Towers with Radar,11,0,28,0,39,0,0,42,0,42,11,0,70,0,81,74,0,74,155
11/27/2008,CSG,GA,ASO,ES,Towers with Radar,6,1,14,1,22,0,0,19,2,21,6,1,33,3,43,10,0,10,53
11/28/2008,CSG,GA,ASO,ES,Towers with Radar,14,3,18,0,35,0,3,5,12,20,14,6,23,12,55,0,0,0,55
11/29/2008,CSG,GA,ASO,ES,Towers with Radar,6,1,17,0,24,0,0,2,0,2,6,1,19,0,26,0,0,0,26
11/30/2008,CSG,GA,ASO,ES,Towers with Radar,4,2,28,1,35,0,0,16,0,16,4,2,44,1,51,0,0,0,51
12/01/2008,CSG,GA,ASO,ES,Towers with Radar,6,0,15,0,21,0,0,7,0,7,6,0,22,0,28,0,0,0,28
12/02/2008,CSG,GA,ASO,ES,Towers with Radar,10,0,48,1,59,0,0,24,0,24,10,0,72,1,83,18,0,18,101
12/03/2008,CSG,GA,ASO,ES,Towers with Radar,6,0,51,1,58,0,0,44,11,55,6,0,95,12,113,42,14,56,169
12/04/2008,CSG,GA,ASO,ES,Towers with Radar,9,3,40,6,58,0,0,13,1,14,9,3,53,7,72,10,12,22,94
12/05/2008,CSG,GA,ASO,ES,Towers with Radar,7,3,20,0,30,0,0,41,3,44,7,3,61,3,74,38,0,38,112
12/06/2008,CSG,GA,ASO,ES,Towers with Radar,7,0,16,0,23,0,1,27,0,28,7,1,43,0,51,36,0,36,87
12/07/2008,CSG,GA,ASO,ES,Towers with Radar,5,0,14,0,19,0,0,27,0,27,5,0,41,0,46,54,0,54,100
12/08/2008,CSG,GA,ASO,ES,Towers with Radar,8,2,17,2,29,0,0,50,0,50,8,2,67,2,79,31,0,31,110
12/09/2008,CSG,GA,ASO,ES,Towers with Radar,7,2,29,0,38,0,0,29,0,29,7,2,58,0,67,72,0,72,139
12/10/2008,CSG,GA,ASO,ES,Towers with Radar,7,0,9,0,16,0,0,0,0,0,7,0,9,0,16,0,0,0,16
12/11/2008,CSG,GA,ASO,ES,Towers with Radar,9,0,16,6,31,0,0,1,1,2,9,0,17,7,33,0,6,6,39
12/12/2008,CSG,GA,ASO,ES,Towers with Radar,8,4,23,0,35,0,0,35,0,35,8,4,58,0,70,32,0,32,102
12/13/2008,CSG,GA,ASO,ES,Towers with Radar,7,0,9,1,17,0,0,44,0,44,7,0,53,1,61,92,0,92,153
12/14/2008,CSG,GA,ASO,ES,Towers with Radar,7,0,19,1,27,0,0,26,0,26,7,0,45,1,53,28,0,28,81
12/15/2008,CSG,GA,ASO,ES,Towers with Radar,6,0,17,3,26,0,0,14,0,14,6,0,31,3,40,24,0,24,64
12/16/2008,CSG,GA,ASO,ES,Towers with Radar,9,1,28,1,39,0,0,2,1,3,9,1,30,2,42,0,0,0,42
12/17/2008,CSG,GA,ASO,ES,Towers with Radar,7,1,29,2,39,0,0,9,0,9,7,1,38,2,48,52,0,52,100
12/18/2008,CSG,GA,ASO,ES,Towers with Radar,10,0,35,0,45,0,0,16,0,16,10,0,51,0,61,68,0,68,129
12/19/2008,CSG,GA,ASO,ES,Towers with Radar,5,2,35,0,42,0,0,16,0,16,5,2,51,0,58,38,0,38,96
12/20/2008,CSG,GA,ASO,ES,Towers with Radar,6,0,10,0,16,0,0,12,0,12,6,0,22,0,28,18,0,18,46
12/21/2008,CSG,GA,ASO,ES,Towers with Radar,5,0,14,0,19,1,0,26,0,27,6,0,40,0,46,12,0,12,58
12/22/2008,CSG,GA,ASO,ES,Towers with Radar,7,2,29,0,38,0,0,32,0,32,7,2,61,0,70,28,0,28,98
12/23/2008,CSG,GA,ASO,ES,Towers with Radar,8,0,23,2,33,0,0,26,0,26,8,0,49,2,59,20,0,20,79
12/24/2008,CSG,GA,ASO,ES,Towers with Radar,3,4,13,0,20,0,0,4,0,4,3,4,17,0,24,12,0,12,36
12/25/2008,CSG,GA,ASO,ES,Towers with Radar,3,0,5,0,8,0,0,0,0,0,3,0,5,0,8,0,0,0,8
12/26/2008,CSG,GA,ASO,ES,Towers with Radar,4,0,17,0,21,0,0,2,0,2,4,0,19,0,23,6,0,6,29
12/27/2008,CSG,GA,ASO,ES,Towers with Radar,3,0,8,0,11,0,0,14,0,14,3,0,22,0,25,4,0,4,29
12/28/2008,CSG,GA,ASO,ES,Towers with Radar,5,0,15,0,20,0,0,4,0,4,5,0,19,0,24,6,0,6,30
12/29/2008,CSG,GA,ASO,ES,Towers with Radar,6,0,20,0,26,0,0,43,0,43,6,0,63,0,69,52,0,52,121
12/30/2008,CSG,GA,ASO,ES,Towers with Radar,7,0,20,0,27,0,0,45,0,45,7,0,65,0,72,110,0,110,182
12/31/2008,CSG,GA,ASO,ES,Towers with Radar,2,0,9,0,11,0,0,27,0,27,2,0,36,0,38,14,0,14,52
01/01/2009,CSG,GA,ASO,ES,Towers with Radar,4,2,8,0,14,0,0,17,0,17,4,2,25,0,31,38,0,38,69
01/02/2009,CSG,GA,ASO,ES,Towers with Radar,3,2,25,0,30,0,0,8,0,8,3,2,33,0,38,28,0,28,66
01/03/2009,CSG,GA,ASO,ES,Towers with Radar,5,1,7,0,13,0,0,2,0,2,5,1,9,0,15,8,0,8,23
01/04/2009,CSG,GA,ASO,ES,Towers with Radar,6,0,29,0,35,0,0,13,0,13,6,0,42,0,48,16,0,16,64
01/05/2009,CSG,GA,ASO,ES,Towers with Radar,7,0,19,1,27,0,0,18,1,19,7,0,37,2,46,8,8,16,62
01/06/2009,CSG,GA,ASO,ES,Towers with Radar,8,1,8,0,17,0,0,6,0,6,8,1,14,0,23,2,0,2,25
01/07/2009,CSG,GA,ASO,ES,Towers with Radar,9,5,21,0,35,0,0,15,0,15,9,5,36,0,50,2,0,2,52
01/08/2009,CSG,GA,ASO,ES,Towers with Radar,7,0,30,0,37,0,0,30,4,34,7,0,60,4,71,0,0,0,71
01/09/2009,CSG,GA,ASO,ES,Towers with Radar,9,4,39,0,52,0,0,45,0,45,9,4,84,0,97,48,0,48,145
01/10/2009,CSG,GA,ASO,ES,Towers with Radar,7,1,19,2,29,1,2,22,0,25,8,3,41,2,54,22,0,22,76
01/11/2009,CSG,GA,ASO,ES,Towers with Radar,9,0,13,0,22,0,0,11,0,11,9,0,24,0,33,46,0,46,79
01/12/2009,CSG,GA,ASO,ES,Towers with Radar,5,0,23,3,31,0,0,50,1,51,5,0,73,4,82,68,18,86,168
01/13/2009,CSG,GA,ASO,ES,Towers with Radar,9,4,32,1,46,0,0,32,0,32,9,4,64,1,78,46,0,46,124
01/14/2009,CSG,GA,ASO,ES,Towers with Radar,7,2,42,0,51,0,0,22,0,22,7,2,64,0,73,28,0,28,101
01/15/2009,CSG,GA,ASO,ES,Towers with Radar,9,8,21,0,38,0,0,10,0,10,9,8,31,0,48,4,0,4,52
01/16/2009,CSG,GA,ASO,ES,Towers with Radar,4,0,35,0,39,0,0,25,0,25,4,0,60,0,64,28,0,28,92
01/17/2009,CSG,GA,ASO,ES,Towers with Radar,6,1,8,2,17,0,0,50,0,50,6,1,58,2,67,22,0,22,89
01/18/2009,CSG,GA,ASO,ES,Towers with Radar,7,2,16,0,25,0,0,9,0,9,7,2,25,0,34,0,0,0,34
01/19/2009,CSG,GA,ASO,ES,Towers with Radar,4,0,18,0,22,0,0,17,0,17,4,0,35,0,39,4,0,4,43
01/20/2009,CSG,GA,ASO,ES,Towers with Radar,8,2,27,0,37,0,0,11,0,11,8,2,38,0,48,14,0,14,62
01/21/2009,CSG,GA,ASO,ES,Towers with Radar,6,0,44,2,52,0,0,27,0,27,6,0,71,2,79,86,0,86,165
01/22/2009,CSG,GA,ASO,ES,Towers with Radar,9,3,28,0,40,0,0,34,0,34,9,3,62,0,74,8,0,8,82
01/23/2009,CSG,GA,ASO,ES,Towers with Radar,7,1,30,0,38,0,0,38,0,38,7,1,68,0,76,48,0,48,124
01/24/2009,CSG,GA,ASO,ES,Towers with Radar,6,0,16,0,22,0,1,5,0,6,6,1,21,0,28,16,0,16,44
01/25/2009,CSG,GA,ASO,ES,Towers with Radar,6,1,15,0,22,0,0,15,0,15,6,1,30,0,37,6,0,6,43
01/26/2009,CSG,GA,ASO,ES,Towers with Radar,6,0,19,1,26,0,0,26,0,26,6,0,45,1,52,14,0,14,66
01/27/2009,CSG,GA,ASO,ES,Towers with Radar,6,0,17,12,35,0,0,14,0,14,6,0,31,12,49,6,0,6,55
01/28/2009,CSG,GA,ASO,ES,Towers with Radar,8,1,29,0,38,0,0,3,0,3,8,1,32,0,41,2,0,2,43
01/29/2009,CSG,GA,ASO,ES,Towers with Radar,7,3,36,0,46,0,0,20,0,20,7,3,56,0,66,28,0,28,94
01/30/2009,CSG,GA,ASO,ES,Towers with Radar,7,0,21,0,28,0,0,20,0,20,7,0,41,0,48,8,0,8,56
01/31/2009,CSG,GA,ASO,ES,Towers with Radar,7,1,25,0,33,1,4,66,0,71,8,5,91,0,104,60,0,60,164
02/01/2009,CSG,GA,ASO,ES,Towers with Radar,6,0,40,0,46,0,0,64,2,66,6,0,104,2,112,44,0,44,156
02/02/2009,CSG,GA,ASO,ES,Towers with Radar,6,0,30,0,36,0,0,28,0,28,6,0,58,0,64,10,0,10,74
02/03/2009,CSG,GA,ASO,ES,Towers with Radar,8,0,34,0,42,0,0,27,4,31,8,0,61,4,73,16,6,22,95
02/04/2009,CSG,GA,ASO,ES,Towers with Radar,7,0,17,0,24,0,0,18,1,19,7,0,35,1,43,8,0,8,51
02/05/2009,CSG,GA,ASO,ES,Towers with Radar,8,2,23,0,33,0,0,55,0,55,8,2,78,0,88,80,0,80,168
02/06/2009,CSG,GA,ASO,ES,Towers with Radar,13,0,21,0,34,0,0,42,0,42,13,0,63,0,76,62,0,62,138
02/07/2009,CSG,GA,ASO,ES,Towers with Radar,4,0,23,2,29,3,0,73,2,78,7,0,96,4,107,42,0,42,149
02/08/2009,CSG,GA,ASO,ES,Towers with Radar,7,0,31,0,38,0,1,47,12,60,7,1,78,12,98,50,0,50,148
02/09/2009,CSG,GA,ASO,ES,Towers with Radar,6,0,20,0,26,0,0,36,0,36,6,0,56,0,62,24,0,24,86
02/10/2009,CSG,GA,ASO,ES,Towers with Radar,7,0,28,0,35,0,0,39,3,42,7,0,67,3,77,23,0,23,100
02/11/2009,CSG,GA,ASO,ES,Towers with Radar,7,3,17,2,29,0,0,14,0,14,7,3,31,2,43,0,0,0,43
02/12/2009,CSG,GA,ASO,ES,Towers with Radar,9,2,21,3,35,0,0,34,7,41,9,2,55,10,76,54,24,78,154
02/13/2009,CSG,GA,ASO,ES,Towers with Radar,7,0,16,1,24,0,0,28,0,28,7,0,44,1,52,22,0,22,74
02/14/2009,CSG,GA,ASO,ES,Towers with Radar,6,1,11,0,18,0,0,4,0,4,6,1,15,0,22,10,0,10,32
02/15/2009,CSG,GA,ASO,ES,Towers with Radar,6,2,29,6,43,0,0,42,0,42,6,2,71,6,85,74,0,74,159
02/16/2009,CSG,GA,ASO,ES,Towers with Radar,7,0,49,0,56,0,0,29,0,29,7,0,78,0,85,46,0,46,131
02/17/2009,CSG,GA,ASO,ES,Towers with Radar,5,1,32,0,38,0,0,33,0,33,5,1,65,0,71,34,0,34,105
02/18/2009,CSG,GA,ASO,ES,Towers with Radar,12,3,27,0,42,0,0,6,0,6,12,3,33,0,48,0,0,0,48
02/19/2009,CSG,GA,ASO,ES,Towers with Radar,7,10,19,0,36,0,1,24,0,25,7,11,43,0,61,24,0,24,85
02/20/2009,CSG,GA,ASO,ES,Towers with Radar,9,0,45,4,58,0,0,55,0,55,9,0,100,4,113,68,0,68,181
02/21/2009,CSG,GA,ASO,ES,Towers with Radar,7,0,24,0,31,0,0,33,0,33,7,0,57,0,64,6,0,6,70
02/22/2009,CSG,GA,ASO,ES,Towers with Radar,7,1,21,0,29,0,0,33,0,33,7,1,54,0,62,28,0,28,90
02/23/2009,CSG,GA,ASO,ES,Towers with Radar,6,0,13,0,19,0,0,32,0,32,6,0,45,0,51,16,0,16,67
02/24/2009,CSG,GA,ASO,ES,Towers with Radar,7,0,30,0,37,0,0,30,0,30,7,0,60,0,67,26,0,26,93
02/25/2009,CSG,GA,ASO,ES,Towers with Radar,6,2,20,0,28,0,0,17,0,17,6,2,37,0,45,10,0,10,55
02/26/2009,CSG,GA,ASO,ES,Towers with Radar,9,2,33,0,44,0,0,17,0,17,9,2,50,0,61,54,0,54,115
02/27/2009,CSG,GA,ASO,ES,Towers with Radar,0,5,31,1,37,0,0,23,0,23,0,5,54,1,60,16,0,16,76
02/28/2009,CSG,GA,ASO,ES,Towers with Radar,0,8,20,0,28,0,1,6,0,7,0,9,26,0,35,9,0,9,44
03/01/2009,CSG,GA,ASO,ES,Towers with Radar,0,0,0,0,0,0,0,0,0,0,0,0,0,0,0,0,0,0,0
03/02/2009,CSG,GA,ASO,ES,Towers with Radar,0,4,10,0,14,0,1,19,12,32,0,5,29,12,46,28,0,28,74
03/03/2009,CSG,GA,ASO,ES,Towers with Radar,0,5,25,0,30,0,0,25,2,27,0,5,50,2,57,38,14,52,109
03/04/2009,CSG,GA,ASO,ES,Towers with Radar,0,12,39,0,51,0,0,51,0,51,0,12,90,0,102,56,0,56,158
03/05/2009,CSG,GA,ASO,ES,Towers with Radar,0,11,36,0,47,0,0,29,0,29,0,11,65,0,76,36,0,36,112
03/06/2009,CSG,GA,ASO,ES,Towers with Radar,0,6,38,0,44,0,0,30,0,30,0,6,68,0,74,12,0,12,86
03/07/2009,CSG,GA,ASO,ES,Towers with Radar,0,8,3,0,11,0,0,31,0,31,0,8,34,0,42,6,0,6,48
03/08/2009,CSG,GA,ASO,ES,Towers with Radar,0,7,18,0,25,0,1,35,0,36,0,8,53,0,61,40,0,40,101
03/09/2009,CSG,GA,ASO,ES,Towers with Radar,0,6,19,0,25,0,0,26,0,26,0,6,45,0,51,22,0,22,73
03/10/2009,CSG,GA,ASO,ES,Towers with Radar,0,6,33,0,39,0,0,36,0,36,0,6,69,0,75,2,0,2,77
03/11/2009,CSG,GA,ASO,ES,Towers with Radar,0,9,21,0,30,0,0,40,0,40,0,9,61,0,70,50,0,50,120
03/12/2009,CSG,GA,ASO,ES,Towers with Radar,0,8,32,0,40,0,2,19,2,23,0,10,51,2,63,36,0,36,99
03/13/2009,CSG,GA,ASO,ES,Towers with Radar,0,6,44,0,50,0,0,18,0,18,0,6,62,0,68,46,0,46,114
03/14/2009,CSG,GA,ASO,ES,Towers with Radar,0,7,19,0,26,0,0,0,0,0,0,7,19,0,26,0,0,0,26
03/15/2009,CSG,GA,ASO,ES,Towers with Radar,0,6,12,0,18,0,0,2,0,2,0,6,14,0,20,0,0,0,20
03/16/2009,CSG,GA,ASO,ES,Towers with Radar,0,0,18,0,18,0,0,7,0,7,0,0,25,0,25,0,0,0,25
03/17/2009,CSG,GA,ASO,ES,Towers with Radar,0,2,21,2,25,0,0,48,4,52,0,2,69,6,77,56,6,62,139
03/18/2009,CSG,GA,ASO,ES,Towers with Radar,0,4,18,7,29,0,0,42,4,46,0,4,60,11,75,102,2,104,179
03/19/2009,CSG,GA,ASO,ES,Towers with Radar,3,5,40,0,48,0,0,49,0,49,3,5,89,0,97,78,0,78,175
03/20/2009,CSG,GA,ASO,ES,Towers with Radar,0,6,26,0,32,0,0,68,10,78,0,6,94,10,110,102,22,124,234
03/21/2009,CSG,GA,ASO,ES,Towers with Radar,0,7,3,0,10,0,0,182,0,182,0,7,185,0,192,252,10,262,454
03/22/2009,CSG,GA,ASO,ES,Towers with Radar,0,7,34,3,44,0,2,220,231,453,0,9,254,234,497,99,60,159,656
03/23/2009,CSG,GA,ASO,ES,Towers with Radar,0,2,22,0,24,0,1,38,6,45,0,3,60,6,69,72,0,72,141
03/24/2009,CSG,GA,ASO,ES,Towers with Radar,0,3,23,0,26,0,0,30,1,31,0,3,53,1,57,20,0,20,77
03/25/2009,CSG,GA,ASO,ES,Towers with Radar,2,6,24,0,32,0,0,24,0,24,2,6,48,0,56,76,0,76,132
03/26/2009,CSG,GA,ASO,ES,Towers with Radar,0,5,26,0,31,0,0,8,0,8,0,5,34,0,39,2,0,2,41
03/27/2009,CSG,GA,ASO,ES,Towers with Radar,0,8,12,0,20,0,0,0,0,0,0,8,12,0,20,0,0,0,20
03/28/2009,CSG,GA,ASO,ES,Towers with Radar,3,6,0,0,9,0,1,0,0,1,3,7,0,0,10,0,0,0,10
03/29/2009,CSG,GA,ASO,ES,Towers with Radar,0,6,28,0,34,0,0,26,0,26,0,6,54,0,60,52,0,52,112
03/30/2009,CSG,GA,ASO,ES,Towers with Radar,0,6,46,3,55,0,0,48,0,48,0,6,94,3,103,82,0,82,185
03/31/2009,CSG,GA,ASO,ES,Towers with Radar,0,4,21,0,25,0,0,9,0,9,0,4,30,0,34,16,0,16,50
04/01/2009,CSG,GA,ASO,ES,Towers with Radar,0,5,25,0,30,0,0,13,5,18,0,5,38,5,48,0,0,0,48
04/02/2009,CSG,GA,ASO,ES,Towers with Radar,0,6,22,0,28,0,0,0,0,0,0,6,22,0,28,0,0,0,28
04/03/2009,CSG,GA,ASO,ES,Towers with Radar,0,4,29,0,33,0,2,24,7,33,0,6,53,7,66,32,1,33,99
04/04/2009,CSG,GA,ASO,ES,Towers with Radar,0,6,26,0,32,0,0,46,0,46,0,6,72,0,78,56,0,56,134
04/05/2009,CSG,GA,ASO,ES,Towers with Radar,0,6,23,0,29,0,0,4,0,4,0,6,27,0,33,28,0,28,61
04/06/2009,CSG,GA,ASO,ES,Towers with Radar,0,6,7,0,13,0,0,9,0,9,0,6,16,0,22,9,0,9,31
04/07/2009,CSG,GA,ASO,ES,Towers with Radar,0,6,28,0,34,0,0,16,1,17,0,6,44,1,51,18,2,20,71
04/08/2009,CSG,GA,ASO,ES,Towers with Radar,0,7,30,0,37,0,0,23,0,23,0,7,53,0,60,22,0,22,82
04/09/2009,CSG,GA,ASO,ES,Towers with Radar,0,9,51,0,60,0,0,28,0,28,0,9,79,0,88,34,0,34,122
04/10/2009,CSG,GA,ASO,ES,Towers with Radar,2,7,9,0,18,0,0,12,0,12,2,7,21,0,30,6,0,6,36
04/11/2009,CSG,GA,ASO,ES,Towers with Radar,0,8,20,0,28,0,1,36,0,37,0,9,56,0,65,44,0,44,109
04/12/2009,CSG,GA,ASO,ES,Towers with Radar,0,6,22,0,28,0,0,20,0,20,0,6,42,0,48,6,0,6,54
04/13/2009,CSG,GA,ASO,ES,Towers with Radar,0,6,20,0,26,0,2,16,0,18,0,8,36,0,44,0,0,0,44
04/14/2009,CSG,GA,ASO,ES,Towers with Radar,0,6,34,0,40,0,0,35,0,35,0,6,69,0,75,22,2,24,99
04/15/2009,CSG,GA,ASO,ES,Towers with Radar,0,7,43,0,50,0,0,39,1,40,0,7,82,1,90,50,2,52,142
04/16/2009,CSG,GA,ASO,ES,Towers with Radar,0,8,48,0,56,0,0,36,2,38,0,8,84,2,94,76,0,76,170
04/17/2009,CSG,GA,ASO,ES,Towers with Radar,0,9,18,0,27,0,0,53,0,53,0,9,71,0,80,38,2,40,120
04/18/2009,CSG,GA,ASO,ES,Towers with Radar,0,7,14,0,21,0,0,38,0,38,0,7,52,0,59,30,0,30,89
04/19/2009,CSG,GA,ASO,ES,Towers with Radar,0,4,22,0,26,0,0,25,2,27,0,4,47,2,53,33,0,33,86
04/20/2009,CSG,GA,ASO,ES,Towers with Radar,0,7,27,0,34,0,0,36,0,36,0,7,63,0,70,59,0,59,129
04/21/2009,CSG,GA,ASO,ES,Towers with Radar,0,6,27,1,34,0,0,26,0,26,0,6,53,1,60,34,0,34,94
04/22/2009,CSG,GA,ASO,ES,Towers with Radar,0,4,30,0,34,0,0,33,2,35,0,4,63,2,69,58,0,58,127
04/23/2009,CSG,GA,ASO,ES,Towers with Radar,7,5,28,0,40,0,0,28,0,28,7,5,56,0,68,32,0,32,100
04/24/2009,CSG,GA,ASO,ES,Towers with Radar,0,7,25,0,32,0,0,34,0,34,0,7,59,0,66,74,0,74,140
04/25/2009,CSG,GA,ASO,ES,Towers with Radar,0,7,13,0,20,0,0,33,0,33,0,7,46,0,53,28,0,28,81
04/26/2009,CSG,GA,ASO,ES,Towers with Radar,0,6,35,0,41,0,0,45,0,45,0,6,80,0,86,16,0,16,102
04/27/2009,CSG,GA,ASO,ES,Towers with Radar,0,7,26,0,33,0,0,25,0,25,0,7,51,0,58,42,0,42,100
04/28/2009,CSG,GA,ASO,ES,Towers with Radar,0,7,31,0,38,0,0,32,0,32,0,7,63,0,70,18,0,18,88
04/29/2009,CSG,GA,ASO,ES,Towers with Radar,0,7,42,0,49,0,0,38,0,38,0,7,80,0,87,78,0,78,165
04/30/2009,CSG,GA,ASO,ES,Towers with Radar,0,9,30,0,39,0,0,29,0,29,0,9,59,0,68,18,0,18,86
05/01/2009,CSG,GA,ASO,ES,Towers with Radar,0,9,38,0,47,0,0,48,1,49,0,9,86,1,96,24,0,24,120
05/02/2009,CSG,GA,ASO,ES,Towers with Radar,0,8,11,0,19,0,0,24,0,24,0,8,35,0,43,10,0,10,53
05/03/2009,CSG,GA,ASO,ES,Towers with Radar,2,8,27,0,37,0,0,22,0,22,2,8,49,0,59,16,0,16,75
05/04/2009,CSG,GA,ASO,ES,Towers with Radar,0,5,13,0,18,0,0,12,0,12,0,5,25,0,30,12,0,12,42
05/05/2009,CSG,GA,ASO,ES,Towers with Radar,0,7,23,0,30,0,0,25,6,31,0,7,48,6,61,10,2,12,73
05/06/2009,CSG,GA,ASO,ES,Towers with Radar,0,4,25,0,29,0,0,18,0,18,0,4,43,0,47,0,0,0,47
05/07/2009,CSG,GA,ASO,ES,Towers with Radar,0,9,30,5,44,0,0,13,1,14,0,9,43,6,58,6,0,6,64
05/08/2009,CSG,GA,ASO,ES,Towers with Radar,0,7,32,5,44,0,0,12,0,12,0,7,44,5,56,32,0,32,88
05/09/2009,CSG,GA,ASO,ES,Towers with Radar,0,7,14,0,21,0,0,31,0,31,0,7,45,0,52,24,0,24,76
05/10/2009,CSG,GA,ASO,ES,Towers with Radar,0,5,29,0,34,0,0,33,0,33,0,5,62,0,67,36,0,36,103
05/11/2009,CSG,GA,ASO,ES,Towers with Radar,0,7,26,0,33,0,0,31,0,31,0,7,57,0,64,44,0,44,108
05/12/2009,CSG,GA,ASO,ES,Towers with Radar,0,6,40,0,46,0,0,35,0,35,0,6,75,0,81,68,0,68,149
05/13/2009,CSG,GA,ASO,ES,Towers with Radar,0,7,44,0,51,0,0,30,0,30,0,7,74,0,81,58,0,58,139
05/14/2009,CSG,GA,ASO,ES,Towers with Radar,0,6,26,0,32,0,0,17,3,20,0,6,43,3,52,42,0,42,94
05/15/2009,CSG,GA,ASO,ES,Towers with Radar,0,7,20,0,27,0,0,39,0,39,0,7,59,0,66,60,0,60,126
05/16/2009,CSG,GA,ASO,ES,Towers with Radar,0,15,6,0,21,0,0,13,0,13,0,15,19,0,34,18,0,18,52
05/17/2009,CSG,GA,ASO,ES,Towers with Radar,1,9,4,0,14,1,2,4,0,7,2,11,8,0,21,0,0,0,21
05/18/2009,CSG,GA,ASO,ES,Towers with Radar,0,6,30,0,36,0,0,30,0,30,0,6,60,0,66,10,0,10,76
05/19/2009,CSG,GA,ASO,ES,Towers with Radar,0,6,33,0,39,0,0,27,0,27,0,6,60,0,66,26,0,26,92
05/20/2009,CSG,GA,ASO,ES,Towers with Radar,0,6,24,0,30,0,0,19,0,19,0,6,43,0,49,12,0,12,61
05/21/2009,CSG,GA,ASO,ES,Towers with Radar,0,7,22,0,29,0,0,1,0,1,0,7,23,0,30,0,0,0,30
05/22/2009,CSG,GA,ASO,ES,Towers with Radar,0,8,28,0,36,0,2,6,0,8,0,10,34,0,44,40,0,40,84
05/23/2009,CSG,GA,ASO,ES,Towers with Radar,0,8,9,0,17,0,0,1,0,1,0,8,10,0,18,0,0,0,18
05/24/2009,CSG,GA,ASO,ES,Towers with Radar,0,0,6,9,15,0,0,3,0,3,0,0,9,9,18,0,0,0,18
05/25/2009,CSG,GA,ASO,ES,Towers with Radar,0,6,24,0,30,0,0,20,0,20,0,6,44,0,50,0,0,0,50
05/26/2009,CSG,GA,ASO,ES,Towers with Radar,0,4,28,0,32,0,0,13,0,13,0,4,41,0,45,34,0,34,79
05/27/2009,CSG,GA,ASO,ES,Towers with Radar,0,6,27,0,33,0,0,21,0,21,0,6,48,0,54,20,0,20,74
05/28/2009,CSG,GA,ASO,ES,Towers with Radar,0,6,25,0,31,0,0,12,0,12,0,6,37,0,43,14,0,14,57
05/29/2009,CSG,GA,ASO,ES,Towers with Radar,0,6,21,0,27,0,1,55,0,56,0,7,76,0,83,70,0,70,153
05/30/2009,CSG,GA,ASO,ES,Towers with Radar,0,9,7,0,16,0,0,38,0,38,0,9,45,0,54,16,0,16,70
05/31/2009,CSG,GA,ASO,ES,Towers with Radar,0,5,35,0,40,0,1,47,0,48,0,6,82,0,88,78,0,78,166
06/01/2009,CSG,GA,ASO,ES,Towers with Radar,0,7,19,0,26,0,0,25,0,25,0,7,44,0,51,16,0,16,67
06/02/2009,CSG,GA,ASO,ES,Towers with Radar,0,6,23,0,29,0,0,21,0,21,0,6,44,0,50,26,0,26,76
06/03/2009,CSG,GA,ASO,ES,Towers with Radar,0,7,24,0,31,0,0,26,2,28,0,7,50,2,59,72,0,72,131
06/04/2009,CSG,GA,ASO,ES,Towers with Radar,0,7,16,0,23,0,0,0,0,0,0,7,16,0,23,0,0,0,23
06/05/2009,CSG,GA,ASO,ES,Towers with Radar,0,6,17,0,23,0,0,6,0,6,0,6,23,0,29,2,0,2,31
06/06/2009,CSG,GA,ASO,ES,Towers with Radar,0,4,1,17,22,0,3,42,0,45,0,7,43,17,67,8,0,8,75
06/07/2009,CSG,GA,ASO,ES,Towers with Radar,0,7,36,0,43,0,0,35,0,35,0,7,71,0,78,32,0,32,110
06/08/2009,CSG,GA,ASO,ES,Towers with Radar,0,6,14,0,20,0,0,21,0,21,0,6,35,0,41,62,2,64,105
06/09/2009,CSG,GA,ASO,ES,Towers with Radar,0,10,18,0,28,0,0,29,0,29,0,10,47,0,57,72,0,72,129
06/10/2009,CSG,GA,ASO,ES,Towers with Radar,6,21,31,1,59,0,0,14,1,15,6,21,45,2,74,30,0,30,104
06/11/2009,CSG,GA,ASO,ES,Towers with Radar,2,14,21,0,37,0,0,30,5,35,2,14,51,5,72,46,0,46,118
06/12/2009,CSG,GA,ASO,ES,Towers with Radar,0,13,33,2,48,0,0,32,1,33,0,13,65,3,81,28,8,36,117
06/13/2009,CSG,GA,ASO,ES,Towers with Radar,1,5,3,0,9,0,0,14,0,14,1,5,17,0,23,6,0,6,29
06/14/2009,CSG,GA,ASO,ES,Towers with Radar,4,6,17,0,27,0,0,12,0,12,4,6,29,0,39,44,0,44,83
06/15/2009,CSG,GA,ASO,ES,Towers with Radar,2,8,31,0,41,0,0,48,0,48,2,8,79,0,89,62,0,62,151
06/16/2009,CSG,GA,ASO,ES,Towers with Radar,0,7,46,1,54,0,0,38,1,39,0,7,84,2,93,94,0,94,187
06/17/2009,CSG,GA,ASO,ES,Towers with Radar,0,5,34,0,39,0,0,21,0,21,0,5,55,0,60,46,0,46,106
06/18/2009,CSG,GA,ASO,ES,Towers with Radar,0,9,27,3,39,0,0,35,0,35,0,9,62,3,74,30,2,32,106
06/19/2009,CSG,GA,ASO,ES,Towers with Radar,0,6,34,0,40,0,0,30,0,30,0,6,64,0,70,40,0,40,110
06/20/2009,CSG,GA,ASO,ES,Towers with Radar,0,8,7,0,15,0,0,30,0,30,0,8,37,0,45,8,0,8,53
06/21/2009,CSG,GA,ASO,ES,Towers with Radar,0,5,30,0,35,0,0,40,0,40,0,5,70,0,75,44,0,44,119
06/22/2009,CSG,GA,ASO,ES,Towers with Radar,7,4,33,0,44,0,3,31,0,34,7,7,64,0,78,26,0,26,104
06/23/2009,CSG,GA,ASO,ES,Towers with Radar,0,6,35,1,42,0,0,34,2,36,0,6,69,3,78,16,32,48,126
06/24/2009,CSG,GA,ASO,ES,Towers with Radar,0,6,43,0,49,0,0,51,0,51,0,6,94,0,100,74,0,74,174
06/25/2009,CSG,GA,ASO,ES,Towers with Radar,0,5,20,2,27,0,1,27,0,28,0,6,47,2,55,48,4,52,107
06/26/2009,CSG,GA,ASO,ES,Towers with Radar,0,10,31,2,43,0,0,42,0,42,0,10,73,2,85,32,0,32,117
06/27/2009,CSG,GA,ASO,ES,Towers with Radar,0,6,19,0,25,0,0,49,0,49,0,6,68,0,74,48,0,48,122
06/28/2009,CSG,GA,ASO,ES,Towers with Radar,0,6,20,0,26,0,0,24,0,24,0,6,44,0,50,26,0,26,76
06/29/2009,CSG,GA,ASO,ES,Towers with Radar,0,7,24,0,31,0,0,35,0,35,0,7,59,0,66,78,0,78,144
06/30/2009,CSG,GA,ASO,ES,Towers with Radar,0,7,38,0,45,0,0,34,0,34,0,7,72,0,79,120,0,120,199
07/01/2009,CSG,GA,ASO,ES,Towers with Radar,0,7,17,0,24,0,0,24,0,24,0,7,41,0,48,16,0,16,64
07/02/2009,CSG,GA,ASO,ES,Towers with Radar,0,7,19,0,26,0,0,13,0,13,0,7,32,0,39,22,8,30,69
07/03/2009,CSG,GA,ASO,ES,Towers with Radar,0,8,30,0,38,0,0,48,0,48,0,8,78,0,86,44,0,44,130
07/04/2009,CSG,GA,ASO,ES,Towers with Radar,0,4,6,0,10,0,0,28,0,28,0,4,34,0,38,26,0,26,64
07/05/2009,CSG,GA,ASO,ES,Towers with Radar,0,6,17,0,23,0,0,19,0,19,0,6,36,0,42,34,0,34,76
07/06/2009,CSG,GA,ASO,ES,Towers with Radar,0,12,29,1,42,0,0,15,1,16,0,12,44,2,58,0,18,18,76
07/07/2009,CSG,GA,ASO,ES,Towers with Radar,0,3,27,1,31,0,0,8,1,9,0,3,35,2,40,3,30,33,73
07/08/2009,CSG,GA,ASO,ES,Towers with Radar,0,15,12,4,31,0,0,16,5,21,0,15,28,9,52,18,8,26,78
07/09/2009,CSG,GA,ASO,ES,Towers with Radar,0,5,24,0,29,0,0,21,0,21,0,5,45,0,50,6,0,6,56
07/10/2009,CSG,GA,ASO,ES,Towers with Radar,0,8,28,0,36,0,0,23,0,23,0,8,51,0,59,26,0,26,85
07/11/2009,CSG,GA,ASO,ES,Towers with Radar,0,4,11,1,16,0,3,44,0,47,0,7,55,1,63,50,0,50,113
07/12/2009,CSG,GA,ASO,ES,Towers with Radar,0,9,15,0,24,0,0,0,0,0,0,9,15,0,24,60,0,60,84
07/13/2009,CSG,GA,ASO,ES,Towers with Radar,0,7,13,0,20,0,0,9,0,9,0,7,22,0,29,10,0,10,39
07/14/2009,CSG,GA,ASO,ES,Towers with Radar,0,4,30,0,34,0,0,31,0,31,0,4,61,0,65,92,0,92,157
07/15/2009,CSG,GA,ASO,ES,Towers with Radar,0,4,0,0,4,0,0,15,0,15,0,4,15,0,19,10,0,10,29
07/16/2009,CSG,GA,ASO,ES,Towers with Radar,0,5,19,2,26,0,0,22,2,24,0,5,41,4,50,14,16,30,80
07/17/2009,CSG,GA,ASO,ES,Towers with Radar,0,8,40,1,49,0,0,25,1,26,0,8,65,2,75,46,0,46,121
07/18/2009,CSG,GA,ASO,ES,Towers with Radar,0,9,53,0,62,0,0,44,0,44,0,9,97,0,106,38,0,38,144
07/19/2009,CSG,GA,ASO,ES,Towers with Radar,0,6,27,0,33,0,0,29,0,29,0,6,56,0,62,40,0,40,102
07/20/2009,CSG,GA,ASO,ES,Towers with Radar,0,5,22,0,27,0,0,25,0,25,0,5,47,0,52,38,0,38,90
07/21/2009,CSG,GA,ASO,ES,Towers with Radar,0,6,16,0,22,0,0,15,2,17,0,6,31,2,39,28,0,28,67
07/22/2009,CSG,GA,ASO,ES,Towers with Radar,0,4,29,0,33,0,0,27,0,27,0,4,56,0,60,0,0,0,60
07/23/2009,CSG,GA,ASO,ES,Towers with Radar,2,6,46,0,54,0,0,23,0,23,2,6,69,0,77,64,0,64,141
07/24/2009,CSG,GA,ASO,ES,Towers with Radar,0,7,18,0,25,0,0,25,0,25,0,7,43,0,50,16,0,16,66
07/25/2009,CSG,GA,ASO,ES,Towers with Radar,0,7,18,0,25,0,0,24,0,24,0,7,42,0,49,38,0,38,87
07/26/2009,CSG,GA,ASO,ES,Towers with Radar,0,7,26,0,33,0,0,36,0,36,0,7,62,0,69,56,0,56,125
07/27/2009,CSG,GA,ASO,ES,Towers with Radar,0,5,16,0,21,0,0,13,0,13,0,5,29,0,34,8,0,8,42
07/28/2009,CSG,GA,ASO,ES,Towers with Radar,0,6,30,0,36,0,0,13,0,13,0,6,43,0,49,6,7,13,62
07/29/2009,CSG,GA,ASO,ES,Towers with Radar,0,8,19,0,27,0,0,15,0,15,0,8,34,0,42,38,0,38,80
07/30/2009,CSG,GA,ASO,ES,Towers with Radar,2,10,25,0,37,0,0,8,0,8,2,10,33,0,45,0,0,0,45
07/31/2009,CSG,GA,ASO,ES,Towers with Radar,2,12,22,0,36,0,0,6,0,6,2,12,28,0,42,16,0,16,58
08/01/2009,CSG,GA,ASO,ES,Towers with Radar,0,6,17,0,23,0,0,14,0,14,0,6,31,0,37,16,0,16,53
08/02/2009,CSG,GA,ASO,ES,Towers with Radar,2,8,13,0,23,0,0,22,0,22,2,8,35,0,45,6,0,6,51
08/03/2009,CSG,GA,ASO,ES,Towers with Radar,0,6,31,0,37,0,0,20,0,20,0,6,51,0,57,16,0,16,73
08/04/2009,CSG,GA,ASO,ES,Towers with Radar,0,5,28,0,33,0,0,26,0,26,0,5,54,0,59,86,0,86,145
08/05/2009,CSG,GA,ASO,ES,Towers with Radar,0,7,28,0,35,0,0,26,1,27,0,7,54,1,62,36,0,36,98
08/06/2009,CSG,GA,ASO,ES,Towers with Radar,1,6,37,1,45,0,0,25,6,31,1,6,62,7,76,26,14,40,116
08/07/2009,CSG,GA,ASO,ES,Towers with Radar,0,7,27,0,34,0,0,27,0,27,0,7,54,0,61,54,0,54,115
08/08/2009,CSG,GA,ASO,ES,Towers with Radar,0,5,35,0,40,0,0,34,0,34,0,5,69,0,74,66,0,66,140
08/09/2009,CSG,GA,ASO,ES,Towers with Radar,0,6,27,0,33,0,0,21,0,21,0,6,48,0,54,16,0,16,70
08/10/2009,CSG,GA,ASO,ES,Towers with Radar,0,6,23,0,29,0,0,21,4,25,0,6,44,4,54,18,0,18,72
08/11/2009,CSG,GA,ASO,ES,Towers with Radar,0,4,31,0,35,0,0,20,0,20,0,4,51,0,55,37,0,37,92
08/12/2009,CSG,GA,ASO,ES,Towers with Radar,0,7,35,0,42,0,0,16,2,18,0,7,51,2,60,14,0,14,74
08/13/2009,CSG,GA,ASO,ES,Towers with Radar,0,7,36,0,43,0,0,25,0,25,0,7,61,0,68,30,0,30,98
08/14/2009,CSG,GA,ASO,ES,Towers with Radar,0,6,33,0,39,0,0,32,0,32,0,6,65,0,71,34,0,34,105
08/15/2009,CSG,GA,ASO,ES,Towers with Radar,0,6,13,0,19,0,0,13,0,13,0,6,26,0,32,10,0,10,42
08/16/2009,CSG,GA,ASO,ES,Towers with Radar,0,4,19,0,23,0,0,6,0,6,0,4,25,0,29,0,0,0,29
08/17/2009,CSG,GA,ASO,ES,Towers with Radar,0,6,22,0,28,0,0,8,0,8,0,6,30,0,36,0,0,0,36
08/18/2009,CSG,GA,ASO,ES,Towers with Radar,0,13,32,0,45,0,0,28,0,28,0,13,60,0,73,26,0,26,99
08/19/2009,CSG,GA,ASO,ES,Towers with Radar,0,8,28,0,36,0,0,18,0,18,0,8,46,0,54,26,0,26,80
08/20/2009,CSG,GA,ASO,ES,Towers with Radar,0,7,29,2,38,0,2,16,5,23,0,9,45,7,61,16,8,24,85
08/21/2009,CSG,GA,ASO,ES,Towers with Radar,0,10,26,0,36,0,0,25,0,25,0,10,51,0,61,28,0,28,89
08/22/2009,CSG,GA,ASO,ES,Towers with Radar,0,7,28,0,35,0,0,25,0,25,0,7,53,0,60,24,0,24,84
08/23/2009,CSG,GA,ASO,ES,Towers with Radar,0,9,21,0,30,0,0,32,0,32,0,9,53,0,62,21,0,21,83
08/24/2009,CSG,GA,ASO,ES,Towers with Radar,0,6,66,0,72,0,1,27,0,28,0,7,93,0,100,52,0,52,152
08/25/2009,CSG,GA,ASO,ES,Towers with Radar,0,9,45,2,56,0,1,24,0,25,0,10,69,2,81,30,0,30,111
08/26/2009,CSG,GA,ASO,ES,Towers with Radar,0,9,26,1,36,0,0,32,1,33,0,9,58,2,69,36,0,36,105
08/27/2009,CSG,GA,ASO,ES,Towers with Radar,0,6,36,0,42,0,0,9,0,9,0,6,45,0,51,14,0,14,65
08/28/2009,CSG,GA,ASO,ES,Towers with Radar,0,9,11,0,20,0,0,23,0,23,0,9,34,0,43,12,0,12,55
08/29/2009,CSG,GA,ASO,ES,Towers with Radar,0,7,12,0,19,0,0,57,0,57,0,7,69,0,76,72,0,72,148
08/30/2009,CSG,GA,ASO,ES,Towers with Radar,12,12,25,0,49,0,0,19,0,19,12,12,44,0,68,22,0,22,90
08/31/2009,CSG,GA,ASO,ES,Towers with Radar,0,5,21,0,26,0,0,12,0,12,0,5,33,0,38,0,0,0,38
09/01/2009,CSG,GA,ASO,ES,Towers with Radar,0,6,34,0,40,0,1,16,0,17,0,7,50,0,57,0,0,0,57
09/02/2009,CSG,GA,ASO,ES,Towers with Radar,0,6,24,2,32,0,0,20,0,20,0,6,44,2,52,26,0,26,78
09/03/2009,CSG,GA,ASO,ES,Towers with Radar,0,9,35,0,44,0,0,35,0,35,0,9,70,0,79,70,0,70,149
09/04/2009,CSG,GA,ASO,ES,Towers with Radar,0,8,31,0,39,0,0,28,0,28,0,8,59,0,67,14,0,14,81
09/05/2009,CSG,GA,ASO,ES,Towers with Radar,0,7,20,0,27,0,0,16,1,17,0,7,36,1,44,10,2,12,56
09/06/2009,CSG,GA,ASO,ES,Towers with Radar,0,7,26,0,33,0,0,19,0,19,0,7,45,0,52,60,0,60,112
09/07/2009,CSG,GA,ASO,ES,Towers with Radar,0,5,29,0,34,0,0,26,0,26,0,5,55,0,60,30,0,30,90
09/08/2009,CSG,GA,ASO,ES,Towers with Radar,0,5,29,1,35,0,0,26,1,27,0,5,55,2,62,19,14,33,95
09/09/2009,CSG,GA,ASO,ES,Towers with Radar,0,6,19,3,28,0,0,24,1,25,0,6,43,4,53,18,30,48,101
09/10/2009,CSG,GA,ASO,ES,Towers with Radar,0,7,40,0,47,0,0,24,2,26,0,7,64,2,73,18,0,18,91
09/11/2009,CSG,GA,ASO,ES,Towers with Radar,0,8,20,0,28,0,0,21,0,21,0,8,41,0,49,102,0,102,151
09/12/2009,CSG,GA,ASO,ES,Towers with Radar,0,7,14,0,21,0,1,37,0,38,0,8,51,0,59,102,0,102,161
09/13/2009,CSG,GA,ASO,ES,Towers with Radar,0,6,32,0,38,0,0,40,0,40,0,6,72,0,78,30,0,30,108
09/14/2009,CSG,GA,ASO,ES,Towers with Radar,0,5,17,1,23,0,0,17,1,18,0,5,34,2,41,0,0,0,41
09/15/2009,CSG,GA,ASO,ES,Towers with Radar,0,8,27,0,35,0,0,13,0,13,0,8,40,0,48,0,0,0,48
09/16/2009,CSG,GA,ASO,ES,Towers with Radar,0,8,15,1,24,0,0,11,0,11,0,8,26,1,35,14,0,14,49
09/17/2009,CSG,GA,ASO,ES,Towers with Radar,0,9,29,2,40,0,0,5,0,5,0,9,34,2,45,0,0,0,45
09/18/2009,CSG,GA,ASO,ES,Towers with Radar,1,6,40,2,49,0,0,20,0,20,1,6,60,2,69,24,10,34,103
09/19/2009,CSG,GA,ASO,ES,Towers with Radar,1,9,15,0,25,0,0,13,0,13,1,9,28,0,38,38,0,38,76
09/20/2009,CSG,GA,ASO,ES,Towers with Radar,0,6,27,0,33,0,0,19,0,19,0,6,46,0,52,60,0,60,112
09/21/2009,CSG,GA,ASO,ES,Towers with Radar,16,10,15,3,44,1,0,15,0,16,17,10,30,3,60,2,0,2,62
09/22/2009,CSG,GA,ASO,ES,Towers with Radar,0,9,36,4,49,0,0,24,0,24,0,9,60,4,73,36,0,36,109
09/23/2009,CSG,GA,ASO,ES,Towers with Radar,0,6,35,0,41,0,0,16,0,16,0,6,51,0,57,12,0,12,69
09/24/2009,CSG,GA,ASO,ES,Towers with Radar,0,7,23,1,31,0,0,20,0,20,0,7,43,1,51,80,0,80,131
09/25/2009,CSG,GA,ASO,ES,Towers with Radar,0,9,12,0,21,0,0,38,0,38,0,9,50,0,59,23,0,23,82
09/26/2009,CSG,GA,ASO,ES,Towers with Radar,0,10,30,0,40,0,0,33,0,33,0,10,63,0,73,30,0,30,103
09/27/2009,CSG,GA,ASO,ES,Towers with Radar,0,8,27,0,35,0,0,19,0,19,0,8,46,0,54,32,0,32,86
09/28/2009,CSG,GA,ASO,ES,Towers with Radar,0,6,60,0,66,0,0,33,0,33,0,6,93,0,99,36,0,36,135
09/29/2009,CSG,GA,ASO,ES,Towers with Radar,0,7,27,0,34,0,0,25,0,25,0,7,52,0,59,66,0,66,125
09/30/2009,CSG,GA,ASO,ES,Towers with Radar,0,6,29,0,35,0,0,45,0,45,0,6,74,0,80,114,0,114,194
10/01/2009,CSG,GA,ASO,ES,Towers with Radar,0,11,30,2,43,0,0,53,0,53,0,11,83,2,96,116,0,116,212
10/02/2009,CSG,GA,ASO,ES,Towers with Radar,2,10,23,2,37,0,0,26,0,26,2,10,49,2,63,18,0,18,81
10/03/2009,CSG,GA,ASO,ES,Towers with Radar,0,8,47,2,57,0,0,49,0,49,0,8,96,2,106,46,0,46,152
10/04/2009,CSG,GA,ASO,ES,Towers with Radar,0,8,41,0,49,0,0,49,0,49,0,8,90,0,98,98,0,98,196
10/05/2009,CSG,GA,ASO,ES,Towers with Radar,1,8,22,0,31,1,0,16,0,17,2,8,38,0,48,0,0,0,48
10/06/2009,CSG,GA,ASO,ES,Towers with Radar,0,10,34,0,44,0,0,20,0,20,0,10,54,0,64,40,10,50,114
10/07/2009,CSG,GA,ASO,ES,Towers with Radar,0,8,21,1,30,0,0,12,1,13,0,8,33,2,43,0,0,0,43
10/08/2009,CSG,GA,ASO,ES,Towers with Radar,2,8,32,0,42,0,0,45,0,45,2,8,77,0,87,34,0,34,121
10/09/2009,CSG,GA,ASO,ES,Towers with Radar,2,11,23,0,36,0,2,11,0,13,2,13,34,0,49,12,0,12,61
10/10/2009,CSG,GA,ASO,ES,Towers with Radar,2,8,6,0,16,0,0,21,0,21,2,8,27,0,37,36,0,36,73
10/11/2009,CSG,GA,ASO,ES,Towers with Radar,0,5,21,0,26,0,2,23,0,25,0,7,44,0,51,44,0,44,95
10/12/2009,CSG,GA,ASO,ES,Towers with Radar,2,5,24,0,31,0,0,16,0,16,2,5,40,0,47,0,0,0,47
10/13/2009,CSG,GA,ASO,ES,Towers with Radar,0,6,21,0,27,0,0,21,0,21,0,6,42,0,48,0,0,0,48
10/14/2009,CSG,GA,ASO,ES,Towers with Radar,0,5,34,0,39,0,0,8,0,8,0,5,42,0,47,0,0,0,47
10/15/2009,CSG,GA,ASO,ES,Towers with Radar,0,11,23,2,36,0,0,0,0,0,0,11,23,2,36,0,0,0,36
10/16/2009,CSG,GA,ASO,ES,Towers with Radar,0,8,41,0,49,0,0,19,0,19,0,8,60,0,68,28,0,28,96
10/17/2009,CSG,GA,ASO,ES,Towers with Radar,0,6,17,0,23,0,0,19,0,19,0,6,36,0,42,14,0,14,56
10/18/2009,CSG,GA,ASO,ES,Towers with Radar,0,8,19,0,27,0,0,44,0,44,0,8,63,0,71,44,0,44,115
10/19/2009,CSG,GA,ASO,ES,Towers with Radar,0,8,29,2,39,0,0,32,2,34,0,8,61,4,73,62,0,62,135
10/20/2009,CSG,GA,ASO,ES,Towers with Radar,0,6,36,1,43,0,0,28,1,29,0,6,64,2,72,76,14,90,162
10/21/2009,CSG,GA,ASO,ES,Towers with Radar,0,8,45,0,53,0,0,48,0,48,0,8,93,0,101,82,0,82,183
10/22/2009,CSG,GA,ASO,ES,Towers with Radar,0,9,44,3,56,0,0,39,0,39,0,9,83,3,95,46,2,48,143
10/23/2009,CSG,GA,ASO,ES,Towers with Radar,2,8,32,0,42,0,0,3,0,3,2,8,35,0,45,8,0,8,53
10/24/2009,CSG,GA,ASO,ES,Towers with Radar,0,11,13,0,24,0,0,8,0,8,0,11,21,0,32,38,0,38,70
10/25/2009,CSG,GA,ASO,ES,Towers with Radar,0,10,20,1,31,0,0,47,0,47,0,10,67,1,78,30,0,30,108
10/26/2009,CSG,GA,ASO,ES,Towers with Radar,0,10,20,1,31,0,0,47,0,47,0,10,67,1,78,30,0,30,108
10/27/2009,CSG,GA,ASO,ES,Towers with Radar,0,10,27,0,37,0,0,0,0,0,0,10,27,0,37,0,0,0,37
10/28/2009,CSG,GA,ASO,ES,Towers with Radar,0,8,34,1,43,0,0,31,4,35,0,8,65,5,78,48,30,78,156
10/29/2009,CSG,GA,ASO,ES,Towers with Radar,0,7,41,2,50,0,0,28,1,29,0,7,69,3,79,34,22,56,135
10/30/2009,CSG,GA,ASO,ES,Towers with Radar,0,7,24,0,31,0,0,15,0,15,0,7,39,0,46,0,0,0,46
10/31/2009,CSG,GA,ASO,ES,Towers with Radar,0,11,11,0,22,0,0,0,0,0,0,11,11,0,22,0,0,0,22
11/01/2009,CSG,GA,ASO,ES,Towers with Radar,0,8,33,0,41,0,0,35,0,35,0,8,68,0,76,62,0,62,138
11/02/2009,CSG,GA,ASO,ES,Towers with Radar,0,8,31,2,41,0,0,32,1,33,0,8,63,3,74,44,18,62,136
11/03/2009,CSG,GA,ASO,ES,Towers with Radar,0,8,34,3,45,0,0,26,5,31,0,8,60,8,76,32,38,70,146
11/04/2009,CSG,GA,ASO,ES,Towers with Radar,0,9,53,2,64,0,0,38,1,39,0,9,91,3,103,34,18,52,155
11/05/2009,CSG,GA,ASO,ES,Towers with Radar,0,11,21,1,33,0,3,26,2,31,0,14,47,3,64,0,14,14,78
11/06/2009,CSG,GA,ASO,ES,Towers with Radar,0,11,22,0,33,0,0,36,0,36,0,11,58,0,69,16,0,16,85
11/07/2009,CSG,GA,ASO,ES,Towers with Radar,0,6,13,0,19,1,0,44,0,45,1,6,57,0,64,24,0,24,88
11/08/2009,CSG,GA,ASO,ES,Towers with Radar,0,10,28,0,38,0,0,31,0,31,0,10,59,0,69,21,0,21,90
11/09/2009,CSG,GA,ASO,ES,Towers with Radar,0,10,31,2,43,0,0,28,2,30,0,10,59,4,73,22,14,36,109
11/10/2009,CSG,GA,ASO,ES,Towers with Radar,0,6,7,0,13,0,0,3,0,3,0,6,10,0,16,0,0,0,16
11/11/2009,CSG,GA,ASO,ES,Towers with Radar,0,8,27,0,35,0,0,6,4,10,0,8,33,4,45,0,0,0,45
11/12/2009,CSG,GA,ASO,ES,Towers with Radar,0,8,16,0,24,0,2,24,0,26,0,10,40,0,50,6,0,6,56
11/13/2009,CSG,GA,ASO,ES,Towers with Radar,0,8,44,2,54,0,0,28,0,28,0,8,72,2,82,24,0,24,106
11/14/2009,CSG,GA,ASO,ES,Towers with Radar,0,8,14,0,22,0,3,46,0,49,0,11,60,0,71,50,0,50,121
11/15/2009,CSG,GA,ASO,ES,Towers with Radar,0,8,32,0,40,0,0,46,0,46,0,8,78,0,86,52,0,52,138
11/16/2009,CSG,GA,ASO,ES,Towers with Radar,0,9,20,7,36,0,0,26,3,29,0,9,46,10,65,54,14,68,133
11/17/2009,CSG,GA,ASO,ES,Towers with Radar,0,8,38,0,46,0,0,14,0,14,0,8,52,0,60,0,0,0,60
11/18/2009,CSG,GA,ASO,ES,Towers with Radar,0,9,29,0,38,0,0,30,4,34,0,9,59,4,72,50,14,64,136
11/19/2009,CSG,GA,ASO,ES,Towers with Radar,0,9,24,0,33,0,0,42,0,42,0,9,66,0,75,38,0,38,113
11/20/2009,CSG,GA,ASO,ES,Towers with Radar,0,7,30,0,37,0,2,42,0,44,0,9,72,0,81,66,2,68,149
11/21/2009,CSG,GA,ASO,ES,Towers with Radar,0,8,17,0,25,0,1,39,0,40,0,9,56,0,65,68,0,68,133
11/22/2009,CSG,GA,ASO,ES,Towers with Radar,0,8,21,0,29,0,0,5,0,5,0,8,26,0,34,4,0,4,38
11/23/2009,CSG,GA,ASO,ES,Towers with Radar,0,8,13,0,21,0,0,12,0,12,0,8,25,0,33,0,0,0,33
11/24/2009,CSG,GA,ASO,ES,Towers with Radar,0,8,28,0,36,0,0,23,0,23,0,8,51,0,59,24,0,24,83
11/25/2009,CSG,GA,ASO,ES,Towers with Radar,0,4,30,1,35,0,1,38,6,45,0,5,68,7,80,34,2,36,116
11/26/2009,CSG,GA,ASO,ES,Towers with Radar,0,5,12,0,17,0,0,7,0,7,0,5,19,0,24,0,0,0,24
11/27/2009,CSG,GA,ASO,ES,Towers with Radar,0,5,15,0,20,0,0,25,0,25,0,5,40,0,45,18,0,18,63
11/28/2009,CSG,GA,ASO,ES,Towers with Radar,0,10,15,0,25,0,2,33,0,35,0,12,48,0,60,18,0,18,78
11/29/2009,CSG,GA,ASO,ES,Towers with Radar,0,10,38,0,48,0,0,31,0,31,0,10,69,0,79,48,0,48,127
11/30/2009,CSG,GA,ASO,ES,Towers with Radar,0,8,31,0,39,0,0,19,0,19,0,8,50,0,58,14,0,14,72
12/01/2009,CSG,GA,ASO,ES,Towers with Radar,0,10,24,0,34,0,0,28,0,28,0,10,52,0,62,0,0,0,62
12/02/2009,CSG,GA,ASO,ES,Towers with Radar,0,6,12,0,18,0,0,1,0,1,0,6,13,0,19,0,0,0,19
12/03/2009,CSG,GA,ASO,ES,Towers with Radar,0,8,39,0,47,0,0,14,0,14,0,8,53,0,61,40,0,40,101
12/04/2009,CSG,GA,ASO,ES,Towers with Radar,0,7,30,2,39,0,1,28,1,30,0,8,58,3,69,44,0,44,113
12/05/2009,CSG,GA,ASO,ES,Towers with Radar,0,7,11,0,18,0,0,16,0,16,0,7,27,0,34,24,0,24,58
12/06/2009,CSG,GA,ASO,ES,Towers with Radar,0,8,41,2,51,0,0,35,0,35,0,8,76,2,86,82,0,82,168
12/07/2009,CSG,GA,ASO,ES,Towers with Radar,0,8,33,0,41,0,0,25,0,25,0,8,58,0,66,27,0,27,93
12/08/2009,CSG,GA,ASO,ES,Towers with Radar,0,9,21,0,30,0,0,14,0,14,0,9,35,0,44,0,0,0,44
12/09/2009,CSG,GA,ASO,ES,Towers with Radar,0,8,21,0,29,0,0,11,0,11,0,8,32,0,40,18,0,18,58
12/10/2009,CSG,GA,ASO,ES,Towers with Radar,0,9,48,0,57,0,1,33,0,34,0,10,81,0,91,36,0,36,127
12/11/2009,CSG,GA,ASO,ES,Towers with Radar,0,8,29,2,39,0,0,32,0,32,0,8,61,2,71,74,0,74,145
12/12/2009,CSG,GA,ASO,ES,Towers with Radar,0,7,9,0,16,0,2,10,0,12,0,9,19,0,28,14,0,14,42
12/13/2009,CSG,GA,ASO,ES,Towers with Radar,1,8,7,0,16,0,0,0,0,0,1,8,7,0,16,0,0,0,16
12/14/2009,CSG,GA,ASO,ES,Towers with Radar,1,6,11,0,18,0,0,0,0,0,1,6,11,0,18,0,0,0,18
12/15/2009,CSG,GA,ASO,ES,Towers with Radar,0,8,22,0,30,0,0,20,0,20,0,8,42,0,50,0,0,0,50
12/16/2009,CSG,GA,ASO,ES,Towers with Radar,0,11,51,1,63,0,0,38,0,38,0,11,89,1,101,152,0,152,253
12/17/2009,CSG,GA,ASO,ES,Towers with Radar,0,7,33,0,40,0,0,39,0,39,0,7,72,0,79,64,0,64,143
12/18/2009,CSG,GA,ASO,ES,Towers with Radar,0,10,29,0,39,0,0,0,0,0,0,10,29,0,39,0,0,0,39
12/19/2009,CSG,GA,ASO,ES,Towers with Radar,0,5,23,0,28,0,0,21,2,23,0,5,44,2,51,56,0,56,107
12/20/2009,CSG,GA,ASO,ES,Towers with Radar,0,4,17,0,21,0,0,34,0,34,0,4,51,0,55,66,0,66,121
12/21/2009,CSG,GA,ASO,ES,Towers with Radar,2,9,37,0,48,0,0,47,0,47,2,9,84,0,95,64,0,64,159
12/22/2009,CSG,GA,ASO,ES,Towers with Radar,0,6,17,0,23,0,0,39,0,39,0,6,56,0,62,108,0,108,170
12/23/2009,CSG,GA,ASO,ES,Towers with Radar,0,4,38,0,42,0,0,59,0,59,0,4,97,0,101,130,0,130,231
12/24/2009,CSG,GA,ASO,ES,Towers with Radar,0,2,1,0,3,0,0,0,0,0,0,2,1,0,3,0,0,0,3
12/25/2009,CSG,GA,ASO,ES,Towers with Radar,0,2,3,0,5,0,1,0,0,1,0,3,3,0,6,0,0,0,6
12/26/2009,CSG,GA,ASO,ES,Towers with Radar,0,9,13,0,22,0,0,41,0,41,0,9,54,0,63,72,0,72,135
12/27/2009,CSG,GA,ASO,ES,Towers with Radar,0,6,30,0,36,0,0,44,0,44,0,6,74,0,80,38,0,38,118
12/28/2009,CSG,GA,ASO,ES,Towers with Radar,0,7,38,0,45,0,0,36,0,36,0,7,74,0,81,18,0,18,99
12/29/2009,CSG,GA,ASO,ES,Towers with Radar,0,6,28,0,34,0,0,26,0,26,0,6,54,0,60,26,0,26,86
12/30/2009,CSG,GA,ASO,ES,Towers with Radar,0,6,23,0,29,0,0,32,0,32,0,6,55,0,61,42,0,42,103
12/31/2009,CSG,GA,ASO,ES,Towers with Radar,0,4,15,0,19,0,0,0,0,0,0,4,15,0,19,0,0,0,19
01/01/2010,CSG,GA,ASO,ES,Towers with Radar,0,2,13,0,15,0,0,4,0,4,0,2,17,0,19,0,0,0,19
01/02/2010,CSG,GA,ASO,ES,Towers with Radar,0,8,61,35,104,0,8,20,0,28,0,16,81,35,132,18,0,18,150
01/03/2010,CSG,GA,ASO,ES,Towers with Radar,0,5,28,0,33,0,1,44,0,45,0,6,72,0,78,44,0,44,122
01/04/2010,CSG,GA,ASO,ES,Towers with Radar,2,5,16,0,23,0,0,28,16,44,2,5,44,16,67,10,0,10,77
01/05/2010,CSG,GA,ASO,ES,Towers with Radar,0,6,17,0,23,0,0,23,0,23,0,6,40,0,46,12,0,12,58
01/06/2010,CSG,GA,ASO,ES,Towers with Radar,0,7,27,0,34,0,0,25,4,29,0,7,52,4,63,32,20,52,115
01/07/2010,CSG,GA,ASO,ES,Towers with Radar,0,5,21,0,26,0,1,18,0,19,0,6,39,0,45,6,0,6,51
01/08/2010,CSG,GA,ASO,ES,Towers with Radar,0,3,14,0,17,0,3,14,0,17,0,6,28,0,34,1,0,1,35
01/09/2010,CSG,GA,ASO,ES,Towers with Radar,0,5,22,1,28,0,0,25,0,25,0,5,47,1,53,28,0,28,81
01/10/2010,CSG,GA,ASO,ES,Towers with Radar,0,8,24,0,32,0,0,20,0,20,0,8,44,0,52,32,1,33,85
01/11/2010,CSG,GA,ASO,ES,Towers with Radar,0,7,17,0,24,0,0,22,0,22,0,7,39,0,46,28,0,28,74
01/12/2010,CSG,GA,ASO,ES,Towers with Radar,0,7,24,0,31,0,0,24,0,24,0,7,48,0,55,44,0,44,99
01/13/2010,CSG,GA,ASO,ES,Towers with Radar,0,7,26,0,33,0,0,28,14,42,0,7,54,14,75,62,0,62,137
01/14/2010,CSG,GA,ASO,ES,Towers with Radar,0,8,26,0,34,0,1,53,10,64,0,9,79,10,98,59,2,61,159
01/15/2010,CSG,GA,ASO,ES,Towers with Radar,1,5,19,1,26,0,0,53,0,53,1,5,72,1,79,63,0,63,142
01/16/2010,CSG,GA,ASO,ES,Towers with Radar,0,6,15,0,21,0,0,0,0,0,0,6,15,0,21,12,0,12,33
01/17/2010,CSG,GA,ASO,ES,Towers with Radar,0,5,22,0,27,0,0,0,0,0,0,5,22,0,27,0,0,0,27
01/18/2010,CSG,GA,ASO,ES,Towers with Radar,0,6,21,0,27,0,1,36,0,37,0,7,57,0,64,24,0,24,88
01/19/2010,CSG,GA,ASO,ES,Towers with Radar,0,5,34,2,41,0,4,37,4,45,0,9,71,6,86,106,16,122,208
01/20/2010,CSG,GA,ASO,ES,Towers with Radar,0,8,32,0,40,0,0,14,8,22,0,8,46,8,62,48,0,48,110
01/21/2010,CSG,GA,ASO,ES,Towers with Radar,2,9,32,0,43,0,0,6,0,6,2,9,38,0,49,10,0,10,59
01/22/2010,CSG,GA,ASO,ES,Towers with Radar,0,10,32,2,44,0,0,27,0,27,0,10,59,2,71,68,0,68,139
01/23/2010,CSG,GA,ASO,ES,Towers with Radar,0,8,36,2,46,0,0,9,0,9,0,8,45,2,55,28,0,28,83
01/24/2010,CSG,GA,ASO,ES,Towers with Radar,0,6,11,0,17,0,0,1,0,1,0,6,12,0,18,0,0,0,18
01/25/2010,CSG,GA,ASO,ES,Towers with Radar,0,5,17,0,22,0,0,19,2,21,0,5,36,2,43,10,0,10,53
01/26/2010,CSG,GA,ASO,ES,Towers with Radar,0,5,21,0,26,0,0,22,0,22,0,5,43,0,48,36,0,36,84
01/27/2010,CSG,GA,ASO,ES,Towers with Radar,0,7,24,4,35,0,0,60,1,61,0,7,84,5,96,112,0,112,208
01/28/2010,CSG,GA,ASO,ES,Towers with Radar,0,6,31,0,37,0,0,50,0,50,0,6,81,0,87,142,0,142,229
01/29/2010,CSG,GA,ASO,ES,Towers with Radar,0,6,32,2,40,0,0,31,0,31,0,6,63,2,71,84,12,96,167
01/30/2010,CSG,GA,ASO,ES,Towers with Radar,0,5,8,0,13,0,0,0,0,0,0,5,8,0,13,0,0,0,13
01/31/2010,CSG,GA,ASO,ES,Towers with Radar,0,6,24,0,30,0,0,24,0,24,0,6,48,0,54,118,0,118,172
02/01/2010,CSG,GA,ASO,ES,Towers with Radar,0,6,24,2,32,0,0,29,0,29,0,6,53,2,61,30,5,35,96
02/02/2010,CSG,GA,ASO,ES,Towers with Radar,0,6,35,0,41,0,0,15,0,15,0,6,50,0,56,24,0,24,80
02/03/2010,CSG,GA,ASO,ES,Towers with Radar,1,6,43,0,50,0,0,58,0,58,1,6,101,0,108,107,0,107,215
02/04/2010,CSG,GA,ASO,ES,Towers with Radar,0,6,21,1,28,0,0,11,2,13,0,6,32,3,41,6,0,6,47
02/05/2010,CSG,GA,ASO,ES,Towers with Radar,2,6,24,0,32,0,0,0,0,0,2,6,24,0,32,0,0,0,32
02/06/2010,CSG,GA,ASO,ES,Towers with Radar,0,5,19,0,24,0,0,9,2,11,0,5,28,2,35,28,0,28,63
02/07/2010,CSG,GA,ASO,ES,Towers with Radar,2,6,31,0,39,0,0,46,0,46,2,6,77,0,85,58,0,58,143
02/08/2010,CSG,GA,ASO,ES,Towers with Radar,0,3,29,1,33,0,1,28,0,29,0,4,57,1,62,74,0,74,136
02/09/2010,CSG,GA,ASO,ES,Towers with Radar,0,7,27,2,36,0,0,0,0,0,0,7,27,2,36,0,0,0,36
02/10/2010,CSG,GA,ASO,ES,Towers with Radar,0,6,25,1,32,0,0,23,0,23,0,6,48,1,55,28,0,28,83
02/11/2010,CSG,GA,ASO,ES,Towers with Radar,0,7,32,7,46,0,1,34,1,36,0,8,66,8,82,46,0,46,128
02/12/2010,CSG,GA,ASO,ES,Towers with Radar,0,0,5,0,5,0,0,0,0,0,0,0,5,0,5,0,0,0,5
02/13/2010,CSG,GA,ASO,ES,Towers with Radar,0,5,17,3,25,0,0,46,1,47,0,5,63,4,72,56,0,56,128
02/14/2010,CSG,GA,ASO,ES,Towers with Radar,0,4,13,1,18,0,0,26,0,26,0,4,39,1,44,38,0,38,82
02/15/2010,CSG,GA,ASO,ES,Towers with Radar,0,3,24,0,27,0,3,11,0,14,0,6,35,0,41,20,0,20,61
02/16/2010,CSG,GA,ASO,ES,Towers with Radar,0,4,38,2,44,0,0,24,0,24,0,4,62,2,68,78,0,78,146
02/17/2010,CSG,GA,ASO,ES,Towers with Radar,0,6,23,0,29,0,0,50,0,50,0,6,73,0,79,42,0,42,121
02/18/2010,CSG,GA,ASO,ES,Towers with Radar,0,10,37,4,51,0,3,50,0,53,0,13,87,4,104,54,0,54,158
02/19/2010,CSG,GA,ASO,ES,Towers with Radar,0,8,22,2,32,0,2,65,0,67,0,10,87,2,99,60,0,60,159
02/20/2010,CSG,GA,ASO,ES,Towers with Radar,0,9,35,0,44,0,0,67,0,67,0,9,102,0,111,76,0,76,187
02/21/2010,CSG,GA,ASO,ES,Towers with Radar,0,5,34,0,39,0,0,34,0,34,0,5,68,0,73,84,0,84,157
02/22/2010,CSG,GA,ASO,ES,Towers with Radar,0,5,20,0,25,0,0,12,0,12,0,5,32,0,37,36,0,36,73
02/23/2010,CSG,GA,ASO,ES,Towers with Radar,0,4,34,3,41,0,0,28,1,29,0,4,62,4,70,46,0,46,116
02/24/2010,CSG,GA,ASO,ES,Towers with Radar,0,4,21,0,25,0,0,11,0,11,0,4,32,0,36,18,0,18,54
02/25/2010,CSG,GA,ASO,ES,Towers with Radar,0,8,34,0,42,0,0,26,0,26,0,8,60,0,68,24,0,24,92
02/26/2010,CSG,GA,ASO,ES,Towers with Radar,0,8,43,2,53,0,0,32,0,32,0,8,75,2,85,38,0,38,123
02/27/2010,CSG,GA,ASO,ES,Towers with Radar,0,8,20,0,28,0,0,46,5,51,0,8,66,5,79,78,0,78,157
02/28/2010,CSG,GA,ASO,ES,Towers with Radar,0,8,18,0,26,0,0,48,0,48,0,8,66,0,74,16,0,16,90
03/01/2010,CSG,GA,ASO,ES,Towers with Radar,0,6,33,0,39,0,0,45,0,45,0,6,78,0,84,44,0,44,128
03/02/2010,CSG,GA,ASO,ES,Towers with Radar,0,0,11,0,11,0,0,0,0,0,0,0,11,0,11,0,0,0,11
03/03/2010,CSG,GA,ASO,ES,Towers with Radar,0,7,23,4,34,0,0,49,0,49,0,7,72,4,83,24,0,24,107
03/04/2010,CSG,GA,ASO,ES,Towers with Radar,0,6,30,0,36,0,0,52,0,52,0,6,82,0,88,18,0,18,106
03/05/2010,CSG,GA,ASO,ES,Towers with Radar,1,9,26,2,38,0,0,43,0,43,1,9,69,2,81,32,0,32,113
03/06/2010,CSG,GA,ASO,ES,Towers with Radar,0,7,31,0,38,0,0,46,2,48,0,7,77,2,86,46,0,46,132
03/07/2010,CSG,GA,ASO,ES,Towers with Radar,0,9,32,0,41,0,0,48,0,48,0,9,80,0,89,64,0,64,153
03/08/2010,CSG,GA,ASO,ES,Towers with Radar,0,6,34,0,40,0,0,48,0,48,0,6,82,0,88,64,0,64,152
03/09/2010,CSG,GA,ASO,ES,Towers with Radar,0,6,20,0,26,0,1,29,1,31,0,7,49,1,57,52,0,52,109
03/10/2010,CSG,GA,ASO,ES,Towers with Radar,0,9,18,0,27,0,0,1,0,1,0,9,19,0,28,18,0,18,46
03/11/2010,CSG,GA,ASO,ES,Towers with Radar,0,8,21,0,29,0,0,16,0,16,0,8,37,0,45,4,0,4,49
03/12/2010,CSG,GA,ASO,ES,Towers with Radar,0,3,20,0,23,0,0,6,0,6,0,3,26,0,29,0,0,0,29
03/13/2010,CSG,GA,ASO,ES,Towers with Radar,0,6,22,0,28,0,0,13,0,13,0,6,35,0,41,14,0,14,55
03/14/2010,CSG,GA,ASO,ES,Towers with Radar,0,9,26,2,37,0,2,28,0,30,0,11,54,2,67,24,0,24,91
03/15/2010,CSG,GA,ASO,ES,Towers with Radar,0,8,33,0,41,0,0,23,0,23,0,8,56,0,64,23,0,23,87
03/16/2010,CSG,GA,ASO,ES,Towers with Radar,0,2,42,0,44,0,0,38,0,38,0,2,80,0,82,52,0,52,134
03/17/2010,CSG,GA,ASO,ES,Towers with Radar,0,6,31,0,37,0,0,1,1,2,0,6,32,1,39,0,0,0,39
03/18/2010,CSG,GA,ASO,ES,Towers with Radar,0,7,41,0,48,0,0,45,1,46,0,7,86,1,94,76,0,76,170
03/19/2010,CSG,GA,ASO,ES,Towers with Radar,0,5,26,1,32,0,0,74,7,81,0,5,100,8,113,18,12,30,143
03/20/2010,CSG,GA,ASO,ES,Towers with Radar,0,7,14,7,28,0,0,154,74,228,0,7,168,81,256,240,160,400,656
03/21/2010,CSG,GA,ASO,ES,Towers with Radar,2,20,31,5,58,0,0,19,18,37,2,20,50,23,95,22,22,44,139
03/22/2010,CSG,GA,ASO,ES,Towers with Radar,0,5,25,2,32,0,0,18,2,20,0,5,43,4,52,22,0,22,74
03/23/2010,CSG,GA,ASO,ES,Towers with Radar,0,6,21,0,27,0,2,38,2,42,0,8,59,2,69,40,0,40,109
03/24/2010,CSG,GA,ASO,ES,Towers with Radar,0,6,28,0,34,0,1,44,6,51,0,7,72,6,85,34,0,34,119
03/25/2010,CSG,GA,ASO,ES,Towers with Radar,0,6,43,0,49,0,0,14,2,16,0,6,57,2,65,18,0,18,83
03/26/2010,CSG,GA,ASO,ES,Towers with Radar,0,8,19,0,27,0,0,24,0,24,0,8,43,0,51,46,0,46,97
03/27/2010,CSG,GA,ASO,ES,Towers with Radar,0,5,25,0,30,0,2,33,0,35,0,7,58,0,65,80,0,80,145
03/28/2010,CSG,GA,ASO,ES,Towers with Radar,0,6,29,0,35,0,0,28,0,28,0,6,57,0,63,88,0,88,151
03/29/2010,CSG,GA,ASO,ES,Towers with Radar,2,5,38,0,45,0,1,19,0,20,2,6,57,0,65,46,0,46,111
03/30/2010,CSG,GA,ASO,ES,Towers with Radar,0,6,34,0,40,0,0,67,0,67,0,6,101,0,107,44,0,44,151
03/31/2010,CSG,GA,ASO,ES,Towers with Radar,2,6,28,1,37,0,0,46,0,46,2,6,74,1,83,82,0,82,165
04/01/2010,CSG,GA,ASO,ES,Towers with Radar,0,7,37,0,44,0,0,43,0,43,0,7,80,0,87,42,0,42,129
04/02/2010,CSG,GA,ASO,ES,Towers with Radar,0,6,20,0,26,0,0,61,2,63,0,6,81,2,89,28,0,28,117
04/03/2010,CSG,GA,ASO,ES,Towers with Radar,0,6,6,0,12,0,0,36,0,36,0,6,42,0,48,28,0,28,76
04/04/2010,CSG,GA,ASO,ES,Towers with Radar,0,5,13,0,18,0,1,45,0,46,0,6,58,0,64,70,0,70,134
04/05/2010,CSG,GA,ASO,ES,Towers with Radar,0,5,19,0,24,0,7,29,0,36,0,12,48,0,60,24,0,24,84
04/06/2010,CSG,GA,ASO,ES,Towers with Radar,0,4,31,0,35,0,1,50,0,51,0,5,81,0,86,12,0,12,98
04/07/2010,CSG,GA,ASO,ES,Towers with Radar,0,7,23,0,30,0,0,33,0,33,0,7,56,0,63,54,0,54,117
04/08/2010,CSG,GA,ASO,ES,Towers with Radar,0,12,16,2,30,0,1,5,0,6,0,13,21,2,36,34,0,34,70
04/09/2010,CSG,GA,ASO,ES,Towers with Radar,0,6,30,2,38,0,0,40,2,42,0,6,70,4,80,28,0,28,108
04/10/2010,CSG,GA,ASO,ES,Towers with Radar,0,7,13,0,20,0,0,47,0,47,0,7,60,0,67,46,0,46,113
04/11/2010,CSG,GA,ASO,ES,Towers with Radar,0,11,30,0,41,0,0,42,0,42,0,11,72,0,83,92,0,92,175
04/12/2010,CSG,GA,ASO,ES,Towers with Radar,0,7,44,0,51,0,1,36,0,37,0,8,80,0,88,50,0,50,138
04/13/2010,CSG,GA,ASO,ES,Towers with Radar,0,7,48,1,56,0,0,46,1,47,0,7,94,2,103,32,0,32,135
04/14/2010,CSG,GA,ASO,ES,Towers with Radar,0,8,29,0,37,0,1,38,0,39,0,9,67,0,76,18,0,18,94
04/15/2010,CSG,GA,ASO,ES,Towers with Radar,0,7,22,0,29,0,1,32,0,33,0,8,54,0,62,58,0,58,120
04/16/2010,CSG,GA,ASO,ES,Towers with Radar,0,6,30,0,36,0,0,32,0,32,0,6,62,0,68,92,0,92,160
04/17/2010,CSG,GA,ASO,ES,Towers with Radar,0,7,15,0,22,0,0,34,0,34,0,7,49,0,56,68,0,68,124
04/18/2010,CSG,GA,ASO,ES,Towers with Radar,0,8,43,2,53,0,3,55,0,58,0,11,98,2,111,32,0,32,143
04/19/2010,CSG,GA,ASO,ES,Towers with Radar,0,8,42,1,51,0,0,21,0,21,0,8,63,1,72,8,0,8,80
04/20/2010,CSG,GA,ASO,ES,Towers with Radar,0,5,23,0,28,0,0,16,0,16,0,5,39,0,44,12,0,12,56
04/21/2010,CSG,GA,ASO,ES,Towers with Radar,0,7,47,3,57,0,0,51,0,51,0,7,98,3,108,50,0,50,158
04/22/2010,CSG,GA,ASO,ES,Towers with Radar,0,8,30,1,39,0,0,32,3,35,0,8,62,4,74,44,0,44,118
04/23/2010,CSG,GA,ASO,ES,Towers with Radar,0,5,25,2,32,0,0,46,0,46,0,5,71,2,78,44,0,44,122
04/24/2010,CSG,GA,ASO,ES,Towers with Radar,2,7,2,0,11,0,0,4,0,4,2,7,6,0,15,8,0,8,23
04/25/2010,CSG,GA,ASO,ES,Towers with Radar,0,9,18,0,27,0,0,35,0,35,0,9,53,0,62,20,0,20,82
04/26/2010,CSG,GA,ASO,ES,Towers with Radar,2,8,21,0,31,0,1,16,0,17,2,9,37,0,48,36,0,36,84
04/27/2010,CSG,GA,ASO,ES,Towers with Radar,2,5,19,0,26,0,0,10,0,10,2,5,29,0,36,8,0,8,44
04/28/2010,CSG,GA,ASO,ES,Towers with Radar,0,8,39,0,47,0,0,24,0,24,0,8,63,0,71,38,0,38,109
04/29/2010,CSG,GA,ASO,ES,Towers with Radar,0,7,32,0,39,0,0,45,2,47,0,7,77,2,86,66,0,66,152
04/30/2010,CSG,GA,ASO,ES,Towers with Radar,0,5,29,0,34,0,0,32,0,32,0,5,61,0,66,28,0,28,94
05/01/2010,CSG,GA,ASO,ES,Towers with Radar,0,5,16,0,21,0,0,11,0,11,0,5,27,0,32,24,0,24,56
05/02/2010,CSG,GA,ASO,ES,Towers with Radar,0,8,21,0,29,0,0,10,0,10,0,8,31,0,39,0,0,0,39
05/03/2010,CSG,GA,ASO,ES,Towers with Radar,0,7,15,0,22,0,0,11,0,11,0,7,26,0,33,0,0,0,33
05/04/2010,CSG,GA,ASO,ES,Towers with Radar,0,9,39,2,50,0,0,28,7,35,0,9,67,9,85,54,0,54,139
05/05/2010,CSG,GA,ASO,ES,Towers with Radar,0,7,18,3,28,0,0,42,1,43,0,7,60,4,71,16,0,16,87
05/06/2010,CSG,GA,ASO,ES,Towers with Radar,0,7,27,2,36,0,0,44,1,45,0,7,71,3,81,44,0,44,125
05/07/2010,CSG,GA,ASO,ES,Towers with Radar,0,7,23,0,30,0,0,45,0,45,0,7,68,0,75,14,0,14,89
05/08/2010,CSG,GA,ASO,ES,Towers with Radar,0,6,7,0,13,0,1,20,2,23,0,7,27,2,36,44,0,44,80
05/09/2010,CSG,GA,ASO,ES,Towers with Radar,0,10,22,0,32,0,0,32,0,32,0,10,54,0,64,12,0,12,76
05/10/2010,CSG,GA,ASO,ES,Towers with Radar,1,6,33,0,40,1,1,24,0,26,2,7,57,0,66,12,0,12,78
05/11/2010,CSG,GA,ASO,ES,Towers with Radar,0,12,20,0,32,0,0,26,0,26,0,12,46,0,58,25,0,25,83
05/12/2010,CSG,GA,ASO,ES,Towers with Radar,0,7,41,0,48,0,0,46,0,46,0,7,87,0,94,70,0,70,164
05/13/2010,CSG,GA,ASO,ES,Towers with Radar,0,6,17,0,23,0,0,24,1,25,0,6,41,1,48,28,0,28,76
05/14/2010,CSG,GA,ASO,ES,Towers with Radar,0,6,28,0,34,0,0,46,0,46,0,6,74,0,80,44,0,44,124
05/15/2010,CSG,GA,ASO,ES,Towers with Radar,0,7,3,0,10,0,1,84,0,85,0,8,87,0,95,70,0,70,165
05/16/2010,CSG,GA,ASO,ES,Towers with Radar,0,10,15,0,25,0,0,23,0,23,0,10,38,0,48,22,0,22,70
05/17/2010,CSG,GA,ASO,ES,Towers with Radar,1,5,20,0,26,0,2,27,0,29,1,7,47,0,55,54,0,54,109
05/18/2010,CSG,GA,ASO,ES,Towers with Radar,0,9,24,2,35,0,0,42,1,43,0,9,66,3,78,60,0,60,138
05/19/2010,CSG,GA,ASO,ES,Towers with Radar,0,7,39,0,46,0,0,44,5,49,0,7,83,5,95,74,0,74,169
05/20/2010,CSG,GA,ASO,ES,Towers with Radar,0,6,23,0,29,0,0,48,0,48,0,6,71,0,77,62,0,62,139
05/21/2010,CSG,GA,ASO,ES,Towers with Radar,3,7,27,0,37,0,0,23,0,23,3,7,50,0,60,22,0,22,82
05/22/2010,CSG,GA,ASO,ES,Towers with Radar,0,7,13,0,20,0,1,57,0,58,0,8,70,0,78,28,0,28,106
05/23/2010,CSG,GA,ASO,ES,Towers with Radar,0,9,33,0,42,0,1,44,0,45,0,10,77,0,87,8,0,8,95
05/24/2010,CSG,GA,ASO,ES,Towers with Radar,0,6,17,0,23,0,1,31,0,32,0,7,48,0,55,10,0,10,65
05/25/2010,CSG,GA,ASO,ES,Towers with Radar,0,7,20,0,27,0,0,12,0,12,0,7,32,0,39,2,0,2,41
05/26/2010,CSG,GA,ASO,ES,Towers with Radar,0,7,42,0,49,0,0,41,0,41,0,7,83,0,90,14,0,14,104
05/27/2010,CSG,GA,ASO,ES,Towers with Radar,0,8,36,0,44,0,0,37,1,38,0,8,73,1,82,16,0,16,98
05/28/2010,CSG,GA,ASO,ES,Towers with Radar,0,13,24,0,37,0,0,24,2,26,0,13,48,2,63,18,0,18,81
05/29/2010,CSG,GA,ASO,ES,Towers with Radar,0,10,19,0,29,0,0,18,0,18,0,10,37,0,47,18,0,18,65
05/30/2010,CSG,GA,ASO,ES,Towers with Radar,0,7,19,2,28,0,0,11,0,11,0,7,30,2,39,32,0,32,71
05/31/2010,CSG,GA,ASO,ES,Towers with Radar,0,7,11,0,18,0,0,10,0,10,0,7,21,0,28,0,0,0,28
06/01/2010,CSG,GA,ASO,ES,Towers with Radar,0,11,26,0,37,0,0,16,0,16,0,11,42,0,53,36,0,36,89
06/02/2010,CSG,GA,ASO,ES,Towers with Radar,1,8,31,0,40,0,0,17,0,17,1,8,48,0,57,12,0,12,69
06/03/2010,CSG,GA,ASO,ES,Towers with Radar,1,7,24,0,32,0,0,8,0,8,1,7,32,0,40,14,0,14,54
06/04/2010,CSG,GA,ASO,ES,Towers with Radar,0,6,18,0,24,0,0,21,0,21,0,6,39,0,45,14,0,14,59
06/05/2010,CSG,GA,ASO,ES,Towers with Radar,0,7,17,0,24,0,0,24,0,24,0,7,41,0,48,40,0,40,88
06/06/2010,CSG,GA,ASO,ES,Towers with Radar,0,7,28,0,35,0,0,20,0,20,0,7,48,0,55,20,0,20,75
06/07/2010,CSG,GA,ASO,ES,Towers with Radar,0,11,37,0,48,0,0,18,0,18,0,11,55,0,66,60,0,60,126
06/08/2010,CSG,GA,ASO,ES,Towers with Radar,0,7,30,0,37,0,0,61,2,63,0,7,91,2,100,40,0,40,140
06/09/2010,CSG,GA,ASO,ES,Towers with Radar,0,7,23,0,30,0,0,42,0,42,0,7,65,0,72,18,0,18,90
06/10/2010,CSG,GA,ASO,ES,Towers with Radar,0,6,19,2,27,0,0,27,1,28,0,6,46,3,55,46,0,46,101
06/11/2010,CSG,GA,ASO,ES,Towers with Radar,0,10,19,0,29,0,0,51,3,54,0,10,70,3,83,24,0,24,107
06/12/2010,CSG,GA,ASO,ES,Towers with Radar,1,7,9,0,17,0,2,39,0,41,1,9,48,0,58,42,0,42,100
06/13/2010,CSG,GA,ASO,ES,Towers with Radar,0,5,24,0,29,0,0,22,0,22,0,5,46,0,51,26,0,26,77
06/14/2010,CSG,GA,ASO,ES,Towers with Radar,0,7,26,2,35,0,0,19,0,19,0,7,45,2,54,10,0,10,64
06/15/2010,CSG,GA,ASO,ES,Towers with Radar,4,21,19,0,44,0,0,21,1,22,4,21,40,1,66,28,0,28,94
06/16/2010,CSG,GA,ASO,ES,Towers with Radar,0,5,27,0,32,0,0,27,1,28,0,5,54,1,60,32,0,32,92
06/17/2010,CSG,GA,ASO,ES,Towers with Radar,0,7,38,0,45,0,0,36,4,40,0,7,74,4,85,76,0,76,161
06/18/2010,CSG,GA,ASO,ES,Towers with Radar,0,8,30,0,38,0,0,41,2,43,0,8,71,2,81,28,0,28,109
06/19/2010,CSG,GA,ASO,ES,Towers with Radar,0,6,19,0,25,0,0,30,0,30,0,6,49,0,55,70,0,70,125
06/20/2010,CSG,GA,ASO,ES,Towers with Radar,0,4,16,2,22,0,0,34,2,36,0,4,50,4,58,36,0,36,94
06/21/2010,CSG,GA,ASO,ES,Towers with Radar,0,10,25,0,35,0,0,35,11,46,0,10,60,11,81,22,0,22,103
06/22/2010,CSG,GA,ASO,ES,Towers with Radar,0,6,32,0,38,0,2,32,0,34,0,8,64,0,72,28,0,28,100
06/23/2010,CSG,GA,ASO,ES,Towers with Radar,0,7,36,0,43,0,0,36,0,36,0,7,72,0,79,54,0,54,133
06/24/2010,CSG,GA,ASO,ES,Towers with Radar,0,7,21,0,28,0,0,27,0,27,0,7,48,0,55,12,0,12,67
06/25/2010,CSG,GA,ASO,ES,Towers with Radar,0,4,17,0,21,0,0,27,8,35,0,4,44,8,56,6,0,6,62
06/26/2010,CSG,GA,ASO,ES,Towers with Radar,1,7,2,0,10,0,0,38,0,38,1,7,40,0,48,60,0,60,108
06/27/2010,CSG,GA,ASO,ES,Towers with Radar,0,5,14,0,19,0,0,32,0,32,0,5,46,0,51,24,0,24,75
06/28/2010,CSG,GA,ASO,ES,Towers with Radar,0,7,18,0,25,0,0,17,0,17,0,7,35,0,42,4,0,4,46
06/29/2010,CSG,GA,ASO,ES,Towers with Radar,0,8,26,0,34,0,0,25,0,25,0,8,51,0,59,20,0,20,79
06/30/2010,CSG,GA,ASO,ES,Towers with Radar,0,6,36,0,42,0,0,20,0,20,0,6,56,0,62,78,0,78,140
07/01/2010,CSG,GA,ASO,ES,Towers with Radar,0,9,23,3,35,0,0,18,0,18,0,9,41,3,53,22,4,26,79
07/02/2010,CSG,GA,ASO,ES,Towers with Radar,0,6,20,0,26,0,0,35,0,35,0,6,55,0,61,50,0,50,111
07/03/2010,CSG,GA,ASO,ES,Towers with Radar,0,9,16,0,25,0,0,31,0,31,0,9,47,0,56,50,0,50,106
07/04/2010,CSG,GA,ASO,ES,Towers with Radar,0,6,12,0,18,0,1,21,0,22,0,7,33,0,40,10,0,10,50
07/05/2010,CSG,GA,ASO,ES,Towers with Radar,0,6,23,0,29,0,1,38,0,39,0,7,61,0,68,6,0,6,74
07/06/2010,CSG,GA,ASO,ES,Towers with Radar,0,7,33,0,40,0,0,35,0,35,0,7,68,0,75,10,0,10,85
07/07/2010,CSG,GA,ASO,ES,Towers with Radar,0,7,23,0,30,0,0,50,0,50,0,7,73,0,80,12,0,12,92
07/08/2010,CSG,GA,ASO,ES,Towers with Radar,2,8,25,0,35,0,0,26,0,26,2,8,51,0,61,0,0,0,61
07/09/2010,CSG,GA,ASO,ES,Towers with Radar,1,6,26,0,33,0,0,31,1,32,1,6,57,1,65,6,0,6,71
07/10/2010,CSG,GA,ASO,ES,Towers with Radar,0,7,11,0,18,0,0,21,1,22,0,7,32,1,40,12,0,12,52
07/11/2010,CSG,GA,ASO,ES,Towers with Radar,0,7,31,0,38,0,0,16,0,16,0,7,47,0,54,26,0,26,80
07/12/2010,CSG,GA,ASO,ES,Towers with Radar,0,10,15,0,25,0,1,22,0,23,0,11,37,0,48,8,0,8,56
07/13/2010,CSG,GA,ASO,ES,Towers with Radar,0,12,26,0,38,0,0,19,0,19,0,12,45,0,57,6,0,6,63
07/14/2010,CSG,GA,ASO,ES,Towers with Radar,0,8,11,2,21,0,0,33,0,33,0,8,44,2,54,50,0,50,104
07/15/2010,CSG,GA,ASO,ES,Towers with Radar,0,10,29,0,39,0,0,34,5,39,0,10,63,5,78,22,0,22,100
07/16/2010,CSG,GA,ASO,ES,Towers with Radar,0,10,29,0,39,0,0,26,0,26,0,10,55,0,65,22,0,22,87
07/17/2010,CSG,GA,ASO,ES,Towers with Radar,0,8,19,1,28,0,0,45,0,45,0,8,64,1,73,76,0,76,149
07/18/2010,CSG,GA,ASO,ES,Towers with Radar,0,5,28,0,33,0,0,26,0,26,0,5,54,0,59,14,0,14,73
07/19/2010,CSG,GA,ASO,ES,Towers with Radar,0,11,37,0,48,0,0,21,0,21,0,11,58,0,69,19,0,19,88
07/20/2010,CSG,GA,ASO,ES,Towers with Radar,0,7,31,0,38,0,0,35,0,35,0,7,66,0,73,42,0,42,115
07/21/2010,CSG,GA,ASO,ES,Towers with Radar,0,8,26,0,34,0,0,36,0,36,0,8,62,0,70,8,0,8,78
07/22/2010,CSG,GA,ASO,ES,Towers with Radar,0,9,18,0,27,0,0,33,3,36,0,9,51,3,63,26,0,26,89
07/23/2010,CSG,GA,ASO,ES,Towers with Radar,4,20,20,0,44,0,0,39,0,39,4,20,59,0,83,56,0,56,139
07/24/2010,CSG,GA,ASO,ES,Towers with Radar,0,10,16,0,26,0,0,20,0,20,0,10,36,0,46,22,0,22,68
07/25/2010,CSG,GA,ASO,ES,Towers with Radar,0,7,20,2,29,0,0,18,2,20,0,7,38,4,49,30,0,30,79
07/26/2010,CSG,GA,ASO,ES,Towers with Radar,2,7,12,0,21,0,0,18,0,18,2,7,30,0,39,70,0,70,109
07/27/2010,CSG,GA,ASO,ES,Towers with Radar,0,11,23,0,34,0,0,26,0,26,0,11,49,0,60,60,0,60,120
07/28/2010,CSG,GA,ASO,ES,Towers with Radar,0,10,19,0,29,0,0,37,0,37,0,10,56,0,66,62,0,62,128
07/29/2010,CSG,GA,ASO,ES,Towers with Radar,0,10,13,0,23,0,0,30,0,30,0,10,43,0,53,30,0,30,83
07/30/2010,CSG,GA,ASO,ES,Towers with Radar,0,13,29,0,42,0,0,18,0,18,0,13,47,0,60,4,0,4,64
07/31/2010,CSG,GA,ASO,ES,Towers with Radar,0,9,15,0,24,0,0,31,0,31,0,9,46,0,55,38,0,38,93
08/01/2010,CSG,GA,ASO,ES,Towers with Radar,0,0,29,2,31,0,0,9,0,9,0,0,38,2,40,8,0,8,48
08/02/2010,CSG,GA,ASO,ES,Towers with Radar,0,7,37,0,44,0,0,23,0,23,0,7,60,0,67,24,0,24,91
08/03/2010,CSG,GA,ASO,ES,Towers with Radar,0,8,41,4,53,0,0,32,0,32,0,8,73,4,85,26,0,26,111
08/04/2010,CSG,GA,ASO,ES,Towers with Radar,0,7,20,0,27,0,0,28,0,28,0,7,48,0,55,4,0,4,59
08/05/2010,CSG,GA,ASO,ES,Towers with Radar,1,11,26,0,38,0,0,22,2,24,1,11,48,2,62,22,0,22,84
08/06/2010,CSG,GA,ASO,ES,Towers with Radar,0,13,25,0,38,0,0,26,0,26,0,13,51,0,64,48,0,48,112
08/07/2010,CSG,GA,ASO,ES,Towers with Radar,0,9,14,2,25,0,0,19,0,19,0,9,33,2,44,36,0,36,80
08/08/2010,CSG,GA,ASO,ES,Towers with Radar,0,7,8,0,15,0,2,33,2,37,0,9,41,2,52,16,0,16,68
08/09/2010,CSG,GA,ASO,ES,Towers with Radar,0,10,26,0,36,0,4,25,0,29,0,14,51,0,65,18,0,18,83
08/10/2010,CSG,GA,ASO,ES,Towers with Radar,0,9,17,1,27,0,2,23,8,33,0,11,40,9,60,48,0,48,108
08/11/2010,CSG,GA,ASO,ES,Towers with Radar,0,8,14,0,22,0,0,36,0,36,0,8,50,0,58,58,0,58,116
08/12/2010,CSG,GA,ASO,ES,Towers with Radar,0,10,20,3,33,0,0,16,1,17,0,10,36,4,50,28,0,28,78
08/13/2010,CSG,GA,ASO,ES,Towers with Radar,0,10,13,0,23,0,0,29,0,29,0,10,42,0,52,94,0,94,146
08/14/2010,CSG,GA,ASO,ES,Towers with Radar,1,9,16,0,26,0,0,34,0,34,1,9,50,0,60,60,0,60,120
08/15/2010,CSG,GA,ASO,ES,Towers with Radar,0,0,20,0,20,0,2,11,1,14,0,2,31,1,34,14,0,14,48
08/16/2010,CSG,GA,ASO,ES,Towers with Radar,0,9,19,0,28,0,0,22,4,26,0,9,41,4,54,20,0,20,74
08/17/2010,CSG,GA,ASO,ES,Towers with Radar,0,7,26,0,33,0,0,37,0,37,0,7,63,0,70,22,0,22,92
08/18/2010,CSG,GA,ASO,ES,Towers with Radar,0,8,21,0,29,0,1,30,0,31,0,9,51,0,60,10,0,10,70
08/19/2010,CSG,GA,ASO,ES,Towers with Radar,2,9,22,0,33,0,0,19,0,19,2,9,41,0,52,4,0,4,56
08/20/2010,CSG,GA,ASO,ES,Towers with Radar,0,8,29,2,39,0,0,5,0,5,0,8,34,2,44,2,0,2,46
08/21/2010,CSG,GA,ASO,ES,Towers with Radar,0,7,15,0,22,0,1,40,0,41,0,8,55,0,63,42,0,42,105
08/22/2010,CSG,GA,ASO,ES,Towers with Radar,0,11,19,0,30,0,0,27,0,27,0,11,46,0,57,8,0,8,65
08/23/2010,CSG,GA,ASO,ES,Towers with Radar,0,11,25,11,47,0,0,36,0,36,0,11,61,11,83,52,0,52,135
08/24/2010,CSG,GA,ASO,ES,Towers with Radar,0,13,26,0,39,0,0,38,0,38,0,13,64,0,77,38,0,38,115
08/25/2010,CSG,GA,ASO,ES,Towers with Radar,0,4,29,16,49,0,2,31,0,33,0,6,60,16,82,22,0,22,104
08/26/2010,CSG,GA,ASO,ES,Towers with Radar,0,10,19,0,29,0,0,30,1,31,0,10,49,1,60,34,0,34,94
08/27/2010,CSG,GA,ASO,ES,Towers with Radar,0,11,23,0,34,0,0,14,0,14,0,11,37,0,48,12,0,12,60
08/28/2010,CSG,GA,ASO,ES,Towers with Radar,0,8,15,0,23,0,0,15,0,15,0,8,30,0,38,42,0,42,80
08/29/2010,CSG,GA,ASO,ES,Towers with Radar,0,9,19,0,28,0,0,14,1,15,0,9,33,1,43,14,0,14,57
08/30/2010,CSG,GA,ASO,ES,Towers with Radar,0,8,37,2,47,0,0,22,4,26,0,8,59,6,73,60,0,60,133
08/31/2010,CSG,GA,ASO,ES,Towers with Radar,0,8,29,0,37,0,1,40,0,41,0,9,69,0,78,42,0,42,120
09/01/2010,CSG,GA,ASO,ES,Towers with Radar,0,7,17,0,24,0,0,45,0,45,0,7,62,0,69,44,0,44,113
09/02/2010,CSG,GA,ASO,ES,Towers with Radar,0,12,20,2,34,0,0,33,0,33,0,12,53,2,67,16,0,16,83
09/03/2010,CSG,GA,ASO,ES,Towers with Radar,3,9,27,0,39,0,0,43,0,43,3,9,70,0,82,74,0,74,156
09/04/2010,CSG,GA,ASO,ES,Towers with Radar,0,7,16,0,23,0,2,26,0,28,0,9,42,0,51,28,0,28,79
09/05/2010,CSG,GA,ASO,ES,Towers with Radar,0,7,29,0,36,0,0,28,0,28,0,7,57,0,64,78,0,78,142
09/06/2010,CSG,GA,ASO,ES,Towers with Radar,0,10,27,0,37,0,0,40,0,40,0,10,67,0,77,32,0,32,109
09/07/2010,CSG,GA,ASO,ES,Towers with Radar,0,6,23,1,30,0,0,29,0,29,0,6,52,1,59,4,0,4,63
09/08/2010,CSG,GA,ASO,ES,Towers with Radar,0,5,25,4,34,0,0,36,0,36,0,5,61,4,70,24,36,60,130
09/09/2010,CSG,GA,ASO,ES,Towers with Radar,2,11,22,0,35,0,0,32,0,32,2,11,54,0,67,84,0,84,151
09/10/2010,CSG,GA,ASO,ES,Towers with Radar,0,9,31,5,45,0,1,20,0,21,0,10,51,5,66,64,0,64,130
09/11/2010,CSG,GA,ASO,ES,Towers with Radar,0,8,22,0,30,0,4,41,0,45,0,12,63,0,75,40,0,40,115
09/12/2010,CSG,GA,ASO,ES,Towers with Radar,0,12,44,0,56,0,1,35,0,36,0,13,79,0,92,18,0,18,110
09/13/2010,CSG,GA,ASO,ES,Towers with Radar,0,8,28,8,44,0,0,32,0,32,0,8,60,8,76,38,0,38,114
09/14/2010,CSG,GA,ASO,ES,Towers with Radar,0,8,21,0,29,0,0,23,0,23,0,8,44,0,52,28,0,28,80
09/15/2010,CSG,GA,ASO,ES,Towers with Radar,0,7,36,0,43,0,0,55,0,55,0,7,91,0,98,40,0,40,138
09/16/2010,CSG,GA,ASO,ES,Towers with Radar,0,9,31,0,40,0,1,34,0,35,0,10,65,0,75,56,0,56,131
09/17/2010,CSG,GA,ASO,ES,Towers with Radar,1,12,28,1,42,0,0,36,1,37,1,12,64,2,79,36,0,36,115
09/18/2010,CSG,GA,ASO,ES,Towers with Radar,0,8,14,0,22,0,0,40,2,42,0,8,54,2,64,52,0,52,116
09/19/2010,CSG,GA,ASO,ES,Towers with Radar,0,11,37,0,48,0,0,32,0,32,0,11,69,0,80,24,0,24,104
09/20/2010,CSG,GA,ASO,ES,Towers with Radar,0,9,28,0,37,0,1,22,0,23,0,10,50,0,60,30,0,30,90
09/21/2010,CSG,GA,ASO,ES,Towers with Radar,0,10,24,0,34,0,0,19,0,19,0,10,43,0,53,24,0,24,77
09/22/2010,CSG,GA,ASO,ES,Towers with Radar,0,7,20,0,27,0,0,40,0,40,0,7,60,0,67,18,0,18,85
09/23/2010,CSG,GA,ASO,ES,Towers with Radar,0,10,28,4,42,0,0,36,0,36,0,10,64,4,78,46,0,46,124
09/24/2010,CSG,GA,ASO,ES,Towers with Radar,0,9,29,0,38,0,0,25,0,25,0,9,54,0,63,102,0,102,165
09/25/2010,CSG,GA,ASO,ES,Towers with Radar,0,7,15,0,22,0,0,157,0,157,0,7,172,0,179,86,0,86,265
09/26/2010,CSG,GA,ASO,ES,Towers with Radar,0,6,28,0,34,0,0,1,0,1,0,6,29,0,35,0,0,0,35
09/27/2010,CSG,GA,ASO,ES,Towers with Radar,2,8,22,2,34,0,0,12,4,16,2,8,34,6,50,24,14,38,88
09/28/2010,CSG,GA,ASO,ES,Towers with Radar,0,9,20,0,29,0,0,32,0,32,0,9,52,0,61,22,0,22,83
09/29/2010,CSG,GA,ASO,ES,Towers with Radar,0,8,19,2,29,0,1,26,0,27,0,9,45,2,56,0,0,0,56
09/30/2010,CSG,GA,ASO,ES,Towers with Radar,1,9,21,4,35,0,0,45,0,45,1,9,66,4,80,14,0,14,94
10/01/2010,CSG,GA,ASO,ES,Towers with Radar,0,8,27,2,37,0,1,29,1,31,0,9,56,3,68,24,0,24,92
10/02/2010,CSG,GA,ASO,ES,Towers with Radar,0,7,18,0,25,0,1,54,0,55,0,8,72,0,80,30,0,30,110
10/03/2010,CSG,GA,ASO,ES,Towers with Radar,0,11,24,0,35,0,1,18,0,19,0,12,42,0,54,0,0,0,54
10/04/2010,CSG,GA,ASO,ES,Towers with Radar,0,7,31,0,38,0,1,27,0,28,0,8,58,0,66,89,0,89,155
10/05/2010,CSG,GA,ASO,ES,Towers with Radar,0,10,32,0,42,0,0,17,0,17,0,10,49,0,59,64,0,64,123
10/06/2010,CSG,GA,ASO,ES,Towers with Radar,0,7,30,0,37,0,1,38,0,39,0,8,68,0,76,42,0,42,118
10/07/2010,CSG,GA,ASO,ES,Towers with Radar,0,12,27,0,39,0,2,41,0,43,0,14,68,0,82,42,0,42,124
10/08/2010,CSG,GA,ASO,ES,Towers with Radar,2,7,21,2,32,0,2,51,0,53,2,9,72,2,85,44,0,44,129
10/09/2010,CSG,GA,ASO,ES,Towers with Radar,0,7,29,0,36,0,0,48,0,48,0,7,77,0,84,26,0,26,110
10/10/2010,CSG,GA,ASO,ES,Towers with Radar,0,11,27,0,38,0,0,30,0,30,0,11,57,0,68,28,0,28,96
10/11/2010,CSG,GA,ASO,ES,Towers with Radar,0,9,30,0,39,0,0,36,0,36,0,9,66,0,75,30,0,30,105
10/12/2010,CSG,GA,ASO,ES,Towers with Radar,0,10,40,0,50,0,0,41,0,41,0,10,81,0,91,38,0,38,129
10/13/2010,CSG,GA,ASO,ES,Towers with Radar,0,7,39,0,46,0,0,40,2,42,0,7,79,2,88,10,0,10,98
10/14/2010,CSG,GA,ASO,ES,Towers with Radar,0,11,15,1,27,0,0,22,0,22,0,11,37,1,49,22,0,22,71
10/15/2010,CSG,GA,ASO,ES,Towers with Radar,0,8,14,0,22,0,3,25,0,28,0,11,39,0,50,48,0,48,98
10/16/2010,CSG,GA,ASO,ES,Towers with Radar,1,7,19,0,27,0,1,38,0,39,1,8,57,0,66,36,0,36,102
10/17/2010,CSG,GA,ASO,ES,Towers with Radar,0,8,39,0,47,0,1,38,0,39,0,9,77,0,86,80,0,80,166
10/18/2010,CSG,GA,ASO,ES,Towers with Radar,0,7,29,0,36,0,0,23,0,23,0,7,52,0,59,14,0,14,73
10/19/2010,CSG,GA,ASO,ES,Towers with Radar,0,4,23,0,27,0,2,35,0,37,0,6,58,0,64,24,0,24,88
10/20/2010,CSG,GA,ASO,ES,Towers with Radar,0,6,26,0,32,0,0,47,0,47,0,6,73,0,79,57,0,57,136
10/21/2010,CSG,GA,ASO,ES,Towers with Radar,2,8,24,2,36,0,2,49,2,53,2,10,73,4,89,34,0,34,123
10/22/2010,CSG,GA,ASO,ES,Towers with Radar,0,10,31,0,41,0,1,31,0,32,0,11,62,0,73,34,0,34,107
10/23/2010,CSG,GA,ASO,ES,Towers with Radar,0,6,12,0,18,0,1,19,0,20,0,7,31,0,38,56,0,56,94
10/24/2010,CSG,GA,ASO,ES,Towers with Radar,0,7,37,0,44,0,1,67,0,68,0,8,104,0,112,58,0,58,170
10/25/2010,CSG,GA,ASO,ES,Towers with Radar,0,8,17,0,25,0,0,7,0,7,0,8,24,0,32,26,0,26,58
10/26/2010,CSG,GA,ASO,ES,Towers with Radar,0,9,24,0,33,0,0,23,0,23,0,9,47,0,56,32,0,32,88
10/27/2010,CSG,GA,ASO,ES,Towers with Radar,6,10,29,0,45,0,0,11,0,11,6,10,40,0,56,22,0,22,78
10/28/2010,CSG,GA,ASO,ES,Towers with Radar,2,4,43,0,49,0,0,11,0,11,2,4,54,0,60,40,0,40,100
10/29/2010,CSG,GA,ASO,ES,Towers with Radar,2,8,31,0,41,0,0,33,0,33,2,8,64,0,74,64,0,64,138
10/30/2010,CSG,GA,ASO,ES,Towers with Radar,0,7,11,0,18,0,1,43,0,44,0,8,54,0,62,50,0,50,112
10/31/2010,CSG,GA,ASO,ES,Towers with Radar,0,7,49,0,56,0,1,38,0,39,0,8,87,0,95,78,0,78,173
11/01/2010,CSG,GA,ASO,ES,Towers with Radar,0,10,34,0,44,0,0,32,0,32,0,10,66,0,76,28,0,28,104
11/02/2010,CSG,GA,ASO,ES,Towers with Radar,0,7,29,0,36,0,0,16,0,16,0,7,45,0,52,16,0,16,68
11/03/2010,CSG,GA,ASO,ES,Towers with Radar,0,4,41,0,45,0,0,3,0,3,0,4,44,0,48,0,0,0,48
11/04/2010,CSG,GA,ASO,ES,Towers with Radar,2,8,21,1,32,0,0,11,1,12,2,8,32,2,44,6,0,6,50
11/05/2010,CSG,GA,ASO,ES,Towers with Radar,0,8,37,0,45,0,1,19,0,20,0,9,56,0,65,10,0,10,75
11/06/2010,CSG,GA,ASO,ES,Towers with Radar,0,7,7,0,14,0,0,22,0,22,0,7,29,0,36,66,0,66,102
11/07/2010,CSG,GA,ASO,ES,Towers with Radar,0,10,30,0,40,0,0,42,2,44,0,10,72,2,84,62,0,62,146
11/08/2010,CSG,GA,ASO,ES,Towers with Radar,0,9,32,0,41,0,0,28,0,28,0,9,60,0,69,50,0,50,119
11/09/2010,CSG,GA,ASO,ES,Towers with Radar,0,10,38,0,48,0,0,25,0,25,0,10,63,0,73,52,0,52,125
11/10/2010,CSG,GA,ASO,ES,Towers with Radar,0,11,42,0,53,0,0,45,0,45,0,11,87,0,98,70,0,70,168
11/11/2010,CSG,GA,ASO,ES,Towers with Radar,0,9,31,0,40,0,1,32,0,33,0,10,63,0,73,32,0,32,105
11/12/2010,CSG,GA,ASO,ES,Towers with Radar,0,10,21,0,31,0,0,31,0,31,0,10,52,0,62,80,0,80,142
11/13/2010,CSG,GA,ASO,ES,Towers with Radar,1,7,11,0,19,0,0,36,0,36,1,7,47,0,55,46,0,46,101
11/14/2010,CSG,GA,ASO,ES,Towers with Radar,0,10,35,0,45,0,0,41,0,41,0,10,76,0,86,62,0,62,148
11/15/2010,CSG,GA,ASO,ES,Towers with Radar,0,11,21,0,32,0,0,8,0,8,0,11,29,0,40,0,0,0,40
11/16/2010,CSG,GA,ASO,ES,Towers with Radar,0,10,34,2,46,0,0,7,0,7,0,10,41,2,53,0,12,12,65
11/17/2010,CSG,GA,ASO,ES,Towers with Radar,0,8,35,0,43,0,0,45,0,45,0,8,80,0,88,52,0,52,140
11/18/2010,CSG,GA,ASO,ES,Towers with Radar,0,7,24,0,31,0,0,30,4,34,0,7,54,4,65,56,0,56,121
11/19/2010,CSG,GA,ASO,ES,Towers with Radar,0,7,24,2,33,0,0,52,2,54,0,7,76,4,87,60,0,60,147
11/20/2010,CSG,GA,ASO,ES,Towers with Radar,0,7,11,0,18,0,1,65,0,66,0,8,76,0,84,54,0,54,138
11/21/2010,CSG,GA,ASO,ES,Towers with Radar,0,9,29,4,42,0,0,38,0,38,0,9,67,4,80,58,0,58,138
11/22/2010,CSG,GA,ASO,ES,Towers with Radar,0,9,31,0,40,0,0,38,1,39,0,9,69,1,79,10,0,10,89
11/23/2010,CSG,GA,ASO,ES,Towers with Radar,1,13,48,1,63,0,0,17,0,17,1,13,65,1,80,16,0,16,96
11/24/2010,CSG,GA,ASO,ES,Towers with Radar,0,10,50,0,60,0,0,4,0,4,0,10,54,0,64,0,0,0,64
11/25/2010,CSG,GA,ASO,ES,Towers with Radar,0,7,4,0,11,0,0,10,0,10,0,7,14,0,21,14,0,14,35
11/26/2010,CSG,GA,ASO,ES,Towers with Radar,0,7,14,0,21,0,0,0,0,0,0,7,14,0,21,0,0,0,21
11/27/2010,CSG,GA,ASO,ES,Towers with Radar,0,10,19,0,29,0,0,32,0,32,0,10,51,0,61,78,0,78,139
11/28/2010,CSG,GA,ASO,ES,Towers with Radar,0,7,29,0,36,0,0,17,0,17,0,7,46,0,53,24,0,24,77
11/29/2010,CSG,GA,ASO,ES,Towers with Radar,0,9,29,0,38,0,0,1,0,1,0,9,30,0,39,0,0,0,39
11/30/2010,CSG,GA,ASO,ES,Towers with Radar,2,7,17,0,26,0,0,0,0,0,2,7,17,0,26,0,0,0,26
12/01/2010,CSG,GA,ASO,ES,Towers with Radar,0,7,35,0,42,0,0,31,0,31,0,7,66,0,73,34,0,34,107
12/02/2010,CSG,GA,ASO,ES,Towers with Radar,2,9,24,0,35,0,0,36,0,36,2,9,60,0,71,32,0,32,103
12/03/2010,CSG,GA,ASO,ES,Towers with Radar,0,9,17,0,26,0,0,31,0,31,0,9,48,0,57,50,0,50,107
12/04/2010,CSG,GA,ASO,ES,Towers with Radar,0,7,19,2,28,0,5,33,0,38,0,12,52,2,66,34,0,34,100
12/05/2010,CSG,GA,ASO,ES,Towers with Radar,0,7,21,0,28,0,0,23,1,24,0,7,44,1,52,30,0,30,82
12/06/2010,CSG,GA,ASO,ES,Towers with Radar,2,7,27,0,36,0,0,12,0,12,2,7,39,0,48,8,0,8,56
12/07/2010,CSG,GA,ASO,ES,Towers with Radar,2,8,42,0,52,0,0,28,4,32,2,8,70,4,84,50,0,50,134
12/08/2010,CSG,GA,ASO,ES,Towers with Radar,0,9,18,0,27,0,0,17,0,17,0,9,35,0,44,32,0,32,76
12/09/2010,CSG,GA,ASO,ES,Towers with Radar,0,14,16,0,30,0,0,20,2,22,0,14,36,2,52,44,0,44,96
12/10/2010,CSG,GA,ASO,ES,Towers with Radar,0,8,18,2,28,0,0,31,0,31,0,8,49,2,59,46,0,46,105
12/11/2010,CSG,GA,ASO,ES,Towers with Radar,0,7,32,2,41,0,0,34,0,34,0,7,66,2,75,12,0,12,87
12/12/2010,CSG,GA,ASO,ES,Towers with Radar,0,10,16,0,26,0,0,10,0,10,0,10,26,0,36,0,0,0,36
12/13/2010,CSG,GA,ASO,ES,Towers with Radar,0,8,27,0,35,0,0,3,0,3,0,8,30,0,38,0,0,0,38
12/14/2010,CSG,GA,ASO,ES,Towers with Radar,0,8,46,0,54,0,0,38,0,38,0,8,84,0,92,22,0,22,114
12/15/2010,CSG,GA,ASO,ES,Towers with Radar,0,6,29,0,35,0,1,27,2,30,0,7,56,2,65,32,8,40,105
12/16/2010,CSG,GA,ASO,ES,Towers with Radar,0,11,35,0,46,0,0,14,0,14,0,11,49,0,60,24,0,24,84
12/17/2010,CSG,GA,ASO,ES,Towers with Radar,0,9,25,2,36,0,0,14,0,14,0,9,39,2,50,22,0,22,72
12/18/2010,CSG,GA,ASO,ES,Towers with Radar,0,11,10,0,21,0,0,3,0,3,0,11,13,0,24,2,0,2,26
12/19/2010,CSG,GA,ASO,ES,Towers with Radar,0,11,26,0,37,0,0,43,0,43,0,11,69,0,80,26,0,26,106
12/20/2010,CSG,GA,ASO,ES,Towers with Radar,0,7,25,0,32,0,0,23,0,23,0,7,48,0,55,8,0,8,63
12/21/2010,CSG,GA,ASO,ES,Towers with Radar,0,7,27,0,34,0,0,9,0,9,0,7,36,0,43,12,0,12,55
12/22/2010,CSG,GA,ASO,ES,Towers with Radar,6,0,21,0,27,0,0,19,0,19,6,0,40,0,46,38,0,38,84
12/23/2010,CSG,GA,ASO,ES,Towers with Radar,0,11,20,0,31,0,0,39,0,39,0,11,59,0,70,32,0,32,102
12/24/2010,CSG,GA,ASO,ES,Towers with Radar,0,8,5,0,13,0,1,25,0,26,0,9,30,0,39,14,0,14,53
12/25/2010,CSG,GA,ASO,ES,Towers with Radar,0,2,3,0,5,0,0,3,0,3,0,2,6,0,8,0,0,0,8
12/26/2010,CSG,GA,ASO,ES,Towers with Radar,0,8,23,0,31,0,0,0,0,0,0,8,23,0,31,0,0,0,31
12/27/2010,CSG,GA,ASO,ES,Towers with Radar,0,8,17,0,25,0,0,12,0,12,0,8,29,0,37,24,0,24,61
12/28/2010,CSG,GA,ASO,ES,Towers with Radar,0,8,23,0,31,0,0,16,0,16,0,8,39,0,47,20,0,20,67
12/29/2010,CSG,GA,ASO,ES,Towers with Radar,0,9,29,0,38,0,0,36,0,36,0,9,65,0,74,16,0,16,90
12/30/2010,CSG,GA,ASO,ES,Towers with Radar,2,6,13,0,21,0,0,14,0,14,2,6,27,0,35,18,0,18,53
12/31/2010,CSG,GA,ASO,ES,Towers with Radar,0,6,9,0,15,0,0,20,0,20,0,6,29,0,35,20,0,20,55
01/01/2011,CSG,GA,ASO,ES,Towers with Radar,0,6,5,0,11,0,0,0,0,0,0,6,5,0,11,0,0,0,11
01/02/2011,CSG,GA,ASO,ES,Towers with Radar,0,12,19,0,31,0,0,28,0,28,0,12,47,0,59,2,0,2,61
01/03/2011,CSG,GA,ASO,ES,Towers with Radar,0,9,19,0,28,0,0,23,0,23,0,9,42,0,51,18,0,18,69
01/04/2011,CSG,GA,ASO,ES,Towers with Radar,8,7,21,4,40,0,0,33,0,33,8,7,54,4,73,50,0,50,123
01/05/2011,CSG,GA,ASO,ES,Towers with Radar,8,10,28,2,48,0,0,5,0,5,8,10,33,2,53,10,14,24,77
01/06/2011,CSG,GA,ASO,ES,Towers with Radar,0,11,34,0,45,0,0,28,0,28,0,11,62,0,73,32,0,32,105
01/07/2011,CSG,GA,ASO,ES,Towers with Radar,0,14,22,0,36,0,0,20,0,20,0,14,42,0,56,4,0,4,60
01/08/2011,CSG,GA,ASO,ES,Towers with Radar,0,6,10,0,16,0,0,26,0,26,0,6,36,0,42,30,0,30,72
01/09/2011,CSG,GA,ASO,ES,Towers with Radar,4,7,24,0,35,0,0,18,0,18,4,7,42,0,53,14,0,14,67
01/10/2011,CSG,GA,ASO,ES,Towers with Radar,0,0,0,0,0,0,0,0,0,0,0,0,0,0,0,0,0,0,0
01/11/2011,CSG,GA,ASO,ES,Towers with Radar,1,2,18,0,21,0,0,0,0,0,1,2,18,0,21,0,0,0,21
01/12/2011,CSG,GA,ASO,ES,Towers with Radar,6,8,15,0,29,0,0,14,1,15,6,8,29,1,44,6,0,6,50
01/13/2011,CSG,GA,ASO,ES,Towers with Radar,0,8,16,2,26,0,0,14,0,14,0,8,30,2,40,0,0,0,40
01/14/2011,CSG,GA,ASO,ES,Towers with Radar,0,9,12,0,21,0,0,39,0,39,0,9,51,0,60,54,0,54,114
01/15/2011,CSG,GA,ASO,ES,Towers with Radar,0,9,39,0,48,0,0,43,0,43,0,9,82,0,91,52,0,52,143
01/16/2011,CSG,GA,ASO,ES,Towers with Radar,0,8,30,0,38,0,0,29,0,29,0,8,59,0,67,52,0,52,119
01/17/2011,CSG,GA,ASO,ES,Towers with Radar,0,9,15,0,24,0,0,6,0,6,0,9,21,0,30,8,0,8,38
01/18/2011,CSG,GA,ASO,ES,Towers with Radar,6,6,13,0,25,0,0,3,0,3,6,6,16,0,28,12,0,12,40
01/19/2011,CSG,GA,ASO,ES,Towers with Radar,2,9,39,1,51,0,0,28,0,28,2,9,67,1,79,50,0,50,129
01/20/2011,CSG,GA,ASO,ES,Towers with Radar,0,11,29,0,40,0,0,11,2,13,0,11,40,2,53,24,0,24,77
01/21/2011,CSG,GA,ASO,ES,Towers with Radar,1,10,20,0,31,0,2,14,2,18,1,12,34,2,49,6,0,6,55
01/22/2011,CSG,GA,ASO,ES,Towers with Radar,0,9,16,0,25,0,0,25,0,25,0,9,41,0,50,18,0,18,68
01/23/2011,CSG,GA,ASO,ES,Towers with Radar,0,14,30,0,44,0,0,49,0,49,0,14,79,0,93,22,0,22,115
01/24/2011,CSG,GA,ASO,ES,Towers with Radar,0,11,32,0,43,0,0,26,0,26,0,11,58,0,69,28,0,28,97
01/25/2011,CSG,GA,ASO,ES,Towers with Radar,0,7,15,0,22,0,0,0,0,0,0,7,15,0,22,0,0,0,22
01/26/2011,CSG,GA,ASO,ES,Towers with Radar,0,9,32,0,41,0,0,2,0,2,0,9,34,0,43,12,0,12,55
01/27/2011,CSG,GA,ASO,ES,Towers with Radar,2,7,30,1,40,0,0,33,3,36,2,7,63,4,76,34,0,34,110
01/28/2011,CSG,GA,ASO,ES,Towers with Radar,0,6,27,0,33,0,0,29,1,30,0,6,56,1,63,44,0,44,107
01/29/2011,CSG,GA,ASO,ES,Towers with Radar,0,7,14,0,21,0,0,68,0,68,0,7,82,0,89,42,0,42,131
01/30/2011,CSG,GA,ASO,ES,Towers with Radar,0,9,22,0,31,0,0,53,0,53,0,9,75,0,84,82,0,82,166
01/31/2011,CSG,GA,ASO,ES,Towers with Radar,0,7,5,0,12,0,0,0,0,0,0,7,5,0,12,0,0,0,12
02/01/2011,CSG,GA,ASO,ES,Towers with Radar,0,12,9,0,21,0,0,0,0,0,0,12,9,0,21,0,0,0,21
02/02/2011,CSG,GA,ASO,ES,Towers with Radar,0,9,28,0,37,0,3,30,3,36,0,12,58,3,73,44,0,44,117
02/03/2011,CSG,GA,ASO,ES,Towers with Radar,0,9,16,1,26,0,0,12,9,21,0,9,28,10,47,10,12,22,69
02/04/2011,CSG,GA,ASO,ES,Towers with Radar,0,7,4,0,11,0,0,0,0,0,0,7,4,0,11,0,0,0,11
02/05/2011,CSG,GA,ASO,ES,Towers with Radar,0,7,11,1,19,0,0,15,0,15,0,7,26,1,34,40,0,40,74
02/06/2011,CSG,GA,ASO,ES,Towers with Radar,0,10,28,4,42,0,0,47,0,47,0,10,75,4,89,30,4,34,123
02/07/2011,CSG,GA,ASO,ES,Towers with Radar,0,7,26,0,33,0,0,16,0,16,0,7,42,0,49,50,0,50,99
02/08/2011,CSG,GA,ASO,ES,Towers with Radar,0,15,25,0,40,0,0,27,0,27,0,15,52,0,67,34,0,34,101
02/09/2011,CSG,GA,ASO,ES,Towers with Radar,0,4,16,0,20,0,0,17,0,17,0,4,33,0,37,62,0,62,99
02/10/2011,CSG,GA,ASO,ES,Towers with Radar,0,10,29,0,39,0,0,8,1,9,0,10,37,1,48,36,0,36,84
02/11/2011,CSG,GA,ASO,ES,Towers with Radar,0,9,24,0,33,0,0,38,0,38,0,9,62,0,71,40,0,40,111
02/12/2011,CSG,GA,ASO,ES,Towers with Radar,2,7,31,0,40,0,0,50,0,50,2,7,81,0,90,106,0,106,196
02/13/2011,CSG,GA,ASO,ES,Towers with Radar,0,13,26,0,39,0,0,42,0,42,0,13,68,0,81,42,0,42,123
02/14/2011,CSG,GA,ASO,ES,Towers with Radar,0,10,40,1,51,0,0,30,1,31,0,10,70,2,82,38,0,38,120
02/15/2011,CSG,GA,ASO,ES,Towers with Radar,0,8,43,0,51,0,0,43,0,43,0,8,86,0,94,126,0,126,220
02/16/2011,CSG,GA,ASO,ES,Towers with Radar,0,7,28,0,35,0,1,72,0,73,0,8,100,0,108,60,0,60,168
02/17/2011,CSG,GA,ASO,ES,Towers with Radar,2,8,20,2,32,0,0,38,2,40,2,8,58,4,72,37,0,37,109
02/18/2011,CSG,GA,ASO,ES,Towers with Radar,0,11,16,0,27,0,0,46,0,46,0,11,62,0,73,50,0,50,123
02/19/2011,CSG,GA,ASO,ES,Towers with Radar,0,9,29,0,38,0,0,44,0,44,0,9,73,0,82,24,0,24,106
02/20/2011,CSG,GA,ASO,ES,Towers with Radar,0,10,22,0,32,0,0,29,0,29,0,10,51,0,61,22,0,22,83
02/21/2011,CSG,GA,ASO,ES,Towers with Radar,0,7,34,0,41,0,0,27,0,27,0,7,61,0,68,4,0,4,72
02/22/2011,CSG,GA,ASO,ES,Towers with Radar,0,6,31,0,37,0,0,46,0,46,0,6,77,0,83,24,0,24,107
02/23/2011,CSG,GA,ASO,ES,Towers with Radar,0,6,33,0,39,0,0,59,0,59,0,6,92,0,98,30,0,30,128
02/24/2011,CSG,GA,ASO,ES,Towers with Radar,0,7,32,0,39,0,0,37,0,37,0,7,69,0,76,88,0,88,164
02/25/2011,CSG,GA,ASO,ES,Towers with Radar,0,7,16,0,23,0,0,20,0,20,0,7,36,0,43,58,0,58,101
02/26/2011,CSG,GA,ASO,ES,Towers with Radar,0,5,20,0,25,0,0,102,0,102,0,5,122,0,127,98,0,98,225
02/27/2011,CSG,GA,ASO,ES,Towers with Radar,0,10,19,0,29,0,0,21,0,21,0,10,40,0,50,26,0,26,76
02/28/2011,CSG,GA,ASO,ES,Towers with Radar,0,10,6,0,16,0,1,1,0,2,0,11,7,0,18,6,0,6,24
03/01/2011,CSG,GA,ASO,ES,Towers with Radar,0,8,30,2,40,0,0,39,3,42,0,8,69,5,82,142,20,162,244
03/02/2011,CSG,GA,ASO,ES,Towers with Radar,0,8,25,0,33,0,0,27,0,27,0,8,52,0,60,76,0,76,136
03/03/2011,CSG,GA,ASO,ES,Towers with Radar,0,8,30,0,38,0,0,30,0,30,0,8,60,0,68,14,2,16,84
03/04/2011,CSG,GA,ASO,ES,Towers with Radar,2,6,17,0,25,0,0,0,0,0,2,6,17,0,25,0,0,0,25
03/05/2011,CSG,GA,ASO,ES,Towers with Radar,0,7,3,0,10,0,0,0,0,0,0,7,3,0,10,0,0,0,10
03/06/2011,CSG,GA,ASO,ES,Towers with Radar,0,7,34,0,41,0,0,9,0,9,0,7,43,0,50,26,0,26,76
03/07/2011,CSG,GA,ASO,ES,Towers with Radar,0,10,27,0,37,0,0,39,0,39,0,10,66,0,76,85,0,85,161
03/08/2011,CSG,GA,ASO,ES,Towers with Radar,0,7,20,0,27,0,0,17,0,17,0,7,37,0,44,30,0,30,74
03/09/2011,CSG,GA,ASO,ES,Towers with Radar,0,11,15,0,26,0,0,0,0,0,0,11,15,0,26,0,0,0,26
03/10/2011,CSG,GA,ASO,ES,Towers with Radar,0,10,22,0,32,0,0,6,0,6,0,10,28,0,38,8,0,8,46
03/11/2011,CSG,GA,ASO,ES,Towers with Radar,0,6,34,2,42,0,2,58,0,60,0,8,92,2,102,88,0,88,190
03/12/2011,CSG,GA,ASO,ES,Towers with Radar,0,6,32,0,38,0,1,57,0,58,0,7,89,0,96,76,0,76,172
03/13/2011,CSG,GA,ASO,ES,Towers with Radar,0,8,22,0,30,0,0,24,0,24,0,8,46,0,54,54,0,54,108
03/14/2011,CSG,GA,ASO,ES,Towers with Radar,0,9,12,1,22,0,0,29,1,30,0,9,41,2,52,52,0,52,104
03/15/2011,CSG,GA,ASO,ES,Towers with Radar,0,9,32,0,41,0,0,7,0,7,0,9,39,0,48,28,0,28,76
03/16/2011,CSG,GA,ASO,ES,Towers with Radar,0,6,24,0,30,0,0,38,0,38,0,6,62,0,68,46,0,46,114
03/17/2011,CSG,GA,ASO,ES,Towers with Radar,1,9,28,0,38,0,0,75,0,75,1,9,103,0,113,60,0,60,173
03/18/2011,CSG,GA,ASO,ES,Towers with Radar,0,8,17,1,26,0,0,36,0,36,0,8,53,1,62,28,0,28,90
03/19/2011,CSG,GA,ASO,ES,Towers with Radar,0,3,20,0,23,0,4,37,0,41,0,7,57,0,64,64,0,64,128
03/20/2011,CSG,GA,ASO,ES,Towers with Radar,0,11,11,1,23,0,0,44,0,44,0,11,55,1,67,32,2,34,101
03/21/2011,CSG,GA,ASO,ES,Towers with Radar,0,8,25,0,33,0,0,32,0,32,0,8,57,0,65,63,0,63,128
03/22/2011,CSG,GA,ASO,ES,Towers with Radar,0,8,28,0,36,0,0,28,0,28,0,8,56,0,64,30,0,30,94
03/23/2011,CSG,GA,ASO,ES,Towers with Radar,0,7,38,0,45,0,0,17,0,17,0,7,55,0,62,22,0,22,84
03/24/2011,CSG,GA,ASO,ES,Towers with Radar,2,7,21,1,31,0,0,31,2,33,2,7,52,3,64,8,0,8,72
03/25/2011,CSG,GA,ASO,ES,Towers with Radar,0,7,19,2,28,0,0,47,1,48,0,7,66,3,76,14,6,20,96
03/26/2011,CSG,GA,ASO,ES,Towers with Radar,0,7,14,0,21,0,0,10,0,10,0,7,24,0,31,46,0,46,77
03/27/2011,CSG,GA,ASO,ES,Towers with Radar,1,7,24,0,32,0,0,13,0,13,1,7,37,0,45,50,0,50,95
03/28/2011,CSG,GA,ASO,ES,Towers with Radar,0,10,31,3,44,0,0,0,0,0,0,10,31,3,44,0,0,0,44
03/29/2011,CSG,GA,ASO,ES,Towers with Radar,0,10,29,0,39,0,0,1,0,1,0,10,30,0,40,0,0,0,40
03/30/2011,CSG,GA,ASO,ES,Towers with Radar,0,13,11,0,24,0,0,5,0,5,0,13,16,0,29,8,0,8,37
03/31/2011,CSG,GA,ASO,ES,Towers with Radar,2,6,19,0,27,0,0,20,2,22,2,6,39,2,49,32,0,32,81
04/01/2011,CSG,GA,ASO,ES,Towers with Radar,0,6,33,0,39,0,0,41,0,41,0,6,74,0,80,12,0,12,92
04/02/2011,CSG,GA,ASO,ES,Towers with Radar,1,6,15,0,22,0,0,25,0,25,1,6,40,0,47,38,0,38,85
04/03/2011,CSG,GA,ASO,ES,Towers with Radar,0,8,23,0,31,0,0,44,0,44,0,8,67,0,75,90,0,90,165
04/04/2011,CSG,GA,ASO,ES,Towers with Radar,0,5,10,0,15,0,0,9,0,9,0,5,19,0,24,0,0,0,24
04/05/2011,CSG,GA,ASO,ES,Towers with Radar,0,9,16,0,25,0,0,23,3,26,0,9,39,3,51,40,0,40,91
04/06/2011,CSG,GA,ASO,ES,Towers with Radar,0,10,22,0,32,0,1,57,0,58,0,11,79,0,90,108,0,108,198
04/07/2011,CSG,GA,ASO,ES,Towers with Radar,2,6,20,1,29,0,0,47,1,48,2,6,67,2,77,44,6,50,127
04/08/2011,CSG,GA,ASO,ES,Towers with Radar,0,10,37,1,48,0,0,12,5,17,0,10,49,6,65,26,0,26,91
04/09/2011,CSG,GA,ASO,ES,Towers with Radar,0,8,28,0,36,0,0,39,0,39,0,8,67,0,75,60,0,60,135
04/10/2011,CSG,GA,ASO,ES,Towers with Radar,0,8,38,0,46,0,0,22,0,22,0,8,60,0,68,58,0,58,126
04/11/2011,CSG,GA,ASO,ES,Towers with Radar,0,9,23,0,32,0,0,15,0,15,0,9,38,0,47,28,0,28,75
04/12/2011,CSG,GA,ASO,ES,Towers with Radar,0,9,20,0,29,0,0,24,0,24,0,9,44,0,53,8,2,10,63
04/13/2011,CSG,GA,ASO,ES,Towers with Radar,1,12,21,0,34,0,0,41,0,41,1,12,62,0,75,96,10,106,181
04/14/2011,CSG,GA,ASO,ES,Towers with Radar,1,9,14,0,24,0,0,81,0,81,1,9,95,0,105,20,0,20,125
04/15/2011,CSG,GA,ASO,ES,Towers with Radar,0,6,13,4,23,0,1,27,4,32,0,7,40,8,55,26,0,26,81
04/16/2011,CSG,GA,ASO,ES,Towers with Radar,0,9,16,0,25,0,0,15,0,15,0,9,31,0,40,16,0,16,56
04/17/2011,CSG,GA,ASO,ES,Towers with Radar,0,10,28,0,38,0,0,69,0,69,0,10,97,0,107,106,0,106,213
04/18/2011,CSG,GA,ASO,ES,Towers with Radar,0,8,13,0,21,0,0,35,0,35,0,8,48,0,56,18,0,18,74
04/19/2011,CSG,GA,ASO,ES,Towers with Radar,0,8,21,0,29,0,0,31,2,33,0,8,52,2,62,34,0,34,96
04/20/2011,CSG,GA,ASO,ES,Towers with Radar,0,10,22,0,32,0,0,20,14,34,0,10,42,14,66,26,0,26,92
04/21/2011,CSG,GA,ASO,ES,Towers with Radar,2,8,15,0,25,0,0,32,0,32,2,8,47,0,57,76,0,76,133
04/22/2011,CSG,GA,ASO,ES,Towers with Radar,0,9,16,0,25,0,0,33,0,33,0,9,49,0,58,72,0,72,130
04/23/2011,CSG,GA,ASO,ES,Towers with Radar,0,6,7,0,13,0,0,26,0,26,0,6,33,0,39,44,0,44,83
04/24/2011,CSG,GA,ASO,ES,Towers with Radar,0,10,18,0,28,0,0,26,2,28,0,10,44,2,56,54,0,54,110
04/25/2011,CSG,GA,ASO,ES,Towers with Radar,0,8,22,1,31,0,0,22,0,22,0,8,44,1,53,24,0,24,77
04/26/2011,CSG,GA,ASO,ES,Towers with Radar,0,10,27,1,38,0,0,22,3,25,0,10,49,4,63,46,0,46,109
04/27/2011,CSG,GA,ASO,ES,Towers with Radar,3,12,18,0,33,0,0,0,2,2,3,12,18,2,35,0,0,0,35
04/28/2011,CSG,GA,ASO,ES,Towers with Radar,0,9,14,0,23,0,0,35,0,35,0,9,49,0,58,32,0,32,90
04/29/2011,CSG,GA,ASO,ES,Towers with Radar,0,11,24,0,35,0,0,43,0,43,0,11,67,0,78,60,0,60,138
04/30/2011,CSG,GA,ASO,ES,Towers with Radar,0,7,12,0,19,0,0,35,0,35,0,7,47,0,54,120,0,120,174
05/01/2011,CSG,GA,ASO,ES,Towers with Radar,0,7,15,0,22,0,0,45,5,50,0,7,60,5,72,70,2,72,144
05/02/2011,CSG,GA,ASO,ES,Towers with Radar,0,5,24,0,29,0,0,27,14,41,0,5,51,14,70,32,0,32,102
05/03/2011,CSG,GA,ASO,ES,Towers with Radar,2,6,41,0,49,0,0,21,0,21,2,6,62,0,70,26,0,26,96
05/04/2011,CSG,GA,ASO,ES,Towers with Radar,0,9,15,3,27,0,0,27,2,29,0,9,42,5,56,68,0,68,124
05/05/2011,CSG,GA,ASO,ES,Towers with Radar,0,11,23,0,34,0,0,38,0,38,0,11,61,0,72,32,0,32,104
05/06/2011,CSG,GA,ASO,ES,Towers with Radar,0,9,18,0,27,0,0,48,0,48,0,9,66,0,75,24,0,24,99
05/07/2011,CSG,GA,ASO,ES,Towers with Radar,0,7,30,0,37,0,0,42,0,42,0,7,72,0,79,70,0,70,149
05/08/2011,CSG,GA,ASO,ES,Towers with Radar,0,8,22,0,30,0,0,38,0,38,0,8,60,0,68,102,0,102,170
05/09/2011,CSG,GA,ASO,ES,Towers with Radar,0,10,19,0,29,0,0,25,0,25,0,10,44,0,54,60,0,60,114
05/10/2011,CSG,GA,ASO,ES,Towers with Radar,0,8,36,0,44,0,0,34,0,34,0,8,70,0,78,11,0,11,89
05/11/2011,CSG,GA,ASO,ES,Towers with Radar,0,8,16,0,24,0,0,36,0,36,0,8,52,0,60,40,0,40,100
05/12/2011,CSG,GA,ASO,ES,Towers with Radar,2,10,27,0,39,0,0,34,0,34,2,10,61,0,73,64,0,64,137
05/13/2011,CSG,GA,ASO,ES,Towers with Radar,0,7,16,0,23,0,0,26,0,26,0,7,42,0,49,34,0,34,83
05/14/2011,CSG,GA,ASO,ES,Towers with Radar,0,3,8,0,11,0,0,17,0,17,0,3,25,0,28,18,0,18,46
05/15/2011,CSG,GA,ASO,ES,Towers with Radar,0,9,19,0,28,0,0,16,2,18,0,9,35,2,46,88,0,88,134
05/16/2011,CSG,GA,ASO,ES,Towers with Radar,0,10,10,0,20,0,0,20,0,20,0,10,30,0,40,16,0,16,56
05/17/2011,CSG,GA,ASO,ES,Towers with Radar,0,10,21,0,31,1,2,14,0,17,1,12,35,0,48,14,0,14,62
05/18/2011,CSG,GA,ASO,ES,Towers with Radar,0,8,37,0,45,0,0,47,0,47,0,8,84,0,92,42,0,42,134
05/19/2011,CSG,GA,ASO,ES,Towers with Radar,0,10,15,0,25,0,0,34,0,34,0,10,49,0,59,72,0,72,131
05/20/2011,CSG,GA,ASO,ES,Towers with Radar,0,8,18,0,26,0,0,46,0,46,0,8,64,0,72,72,0,72,144
05/21/2011,CSG,GA,ASO,ES,Towers with Radar,0,7,8,0,15,0,0,38,0,38,0,7,46,0,53,26,0,26,79
05/22/2011,CSG,GA,ASO,ES,Towers with Radar,0,8,26,0,34,0,1,28,0,29,0,9,54,0,63,46,0,46,109
05/23/2011,CSG,GA,ASO,ES,Towers with Radar,0,12,15,0,27,0,0,32,0,32,0,12,47,0,59,42,0,42,101
05/24/2011,CSG,GA,ASO,ES,Towers with Radar,0,11,22,0,33,0,0,35,0,35,0,11,57,0,68,30,0,30,98
05/25/2011,CSG,GA,ASO,ES,Towers with Radar,0,7,38,0,45,0,0,35,0,35,0,7,73,0,80,4,0,4,84
05/26/2011,CSG,GA,ASO,ES,Towers with Radar,2,5,23,1,31,0,0,19,0,19,2,5,42,1,50,20,0,20,70
05/27/2011,CSG,GA,ASO,ES,Towers with Radar,0,8,29,0,37,0,0,27,0,27,0,8,56,0,64,28,0,28,92
05/28/2011,CSG,GA,ASO,ES,Towers with Radar,0,6,16,0,22,0,0,45,0,45,0,6,61,0,67,62,0,62,129
05/29/2011,CSG,GA,ASO,ES,Towers with Radar,0,6,11,0,17,0,0,37,0,37,0,6,48,0,54,20,0,20,74
05/30/2011,CSG,GA,ASO,ES,Towers with Radar,0,5,34,0,39,0,0,50,0,50,0,5,84,0,89,48,0,48,137
05/31/2011,CSG,GA,ASO,ES,Towers with Radar,0,9,27,0,36,0,0,25,7,32,0,9,52,7,68,19,0,19,87
06/01/2011,CSG,GA,ASO,ES,Towers with Radar,0,8,14,8,30,0,0,38,1,39,0,8,52,9,69,30,6,36,105
06/02/2011,CSG,GA,ASO,ES,Towers with Radar,2,8,20,0,30,0,0,29,0,29,2,8,49,0,59,26,0,26,85
06/03/2011,CSG,GA,ASO,ES,Towers with Radar,0,8,25,0,33,0,0,25,0,25,0,8,50,0,58,62,0,62,120
06/04/2011,CSG,GA,ASO,ES,Towers with Radar,0,4,11,0,15,0,0,26,0,26,0,4,37,0,41,14,0,14,55
06/05/2011,CSG,GA,ASO,ES,Towers with Radar,0,10,18,0,28,0,1,21,0,22,0,11,39,0,50,30,0,30,80
06/06/2011,CSG,GA,ASO,ES,Towers with Radar,0,10,11,0,21,0,2,22,0,24,0,12,33,0,45,40,0,40,85
06/07/2011,CSG,GA,ASO,ES,Towers with Radar,0,8,23,0,31,0,0,16,0,16,0,8,39,0,47,22,0,22,69
06/08/2011,CSG,GA,ASO,ES,Towers with Radar,3,6,18,0,27,0,1,25,0,26,3,7,43,0,53,36,0,36,89
06/09/2011,CSG,GA,ASO,ES,Towers with Radar,0,9,24,0,33,0,0,15,0,15,0,9,39,0,48,22,0,22,70
06/10/2011,CSG,GA,ASO,ES,Towers with Radar,0,9,21,0,30,0,0,23,0,23,0,9,44,0,53,8,0,8,61
06/11/2011,CSG,GA,ASO,ES,Towers with Radar,0,15,22,2,39,0,0,28,0,28,0,15,50,2,67,62,0,62,129
06/12/2011,CSG,GA,ASO,ES,Towers with Radar,0,11,20,2,33,0,0,28,0,28,0,11,48,2,61,38,0,38,99
06/13/2011,CSG,GA,ASO,ES,Towers with Radar,0,14,29,4,47,0,0,15,0,15,0,14,44,4,62,22,0,22,84
06/14/2011,CSG,GA,ASO,ES,Towers with Radar,0,11,22,0,33,0,0,16,0,16,0,11,38,0,49,18,0,18,67
06/15/2011,CSG,GA,ASO,ES,Towers with Radar,0,5,15,0,20,0,0,34,0,34,0,5,49,0,54,40,0,40,94
06/16/2011,CSG,GA,ASO,ES,Towers with Radar,2,6,21,0,29,0,0,25,0,25,2,6,46,0,54,68,0,68,122
06/17/2011,CSG,GA,ASO,ES,Towers with Radar,0,6,12,0,18,0,0,21,0,21,0,6,33,0,39,42,0,42,81
06/18/2011,CSG,GA,ASO,ES,Towers with Radar,5,12,3,0,20,0,0,22,0,22,5,12,25,0,42,28,0,28,70
06/19/2011,CSG,GA,ASO,ES,Towers with Radar,0,9,14,0,23,0,1,30,0,31,0,10,44,0,54,16,0,16,70
06/20/2011,CSG,GA,ASO,ES,Towers with Radar,0,9,22,2,33,0,0,44,0,44,0,9,66,2,77,56,0,56,133
06/21/2011,CSG,GA,ASO,ES,Towers with Radar,0,8,18,0,26,0,0,33,0,33,0,8,51,0,59,22,0,22,81
06/22/2011,CSG,GA,ASO,ES,Towers with Radar,0,7,14,0,21,0,0,20,0,20,0,7,34,0,41,22,0,22,63
06/23/2011,CSG,GA,ASO,ES,Towers with Radar,0,8,32,0,40,0,0,18,0,18,0,8,50,0,58,0,0,0,58
06/24/2011,CSG,GA,ASO,ES,Towers with Radar,1,16,22,0,39,0,0,30,0,30,1,16,52,0,69,34,0,34,103
06/25/2011,CSG,GA,ASO,ES,Towers with Radar,0,8,25,0,33,0,0,25,0,25,0,8,50,0,58,22,0,22,80
06/26/2011,CSG,GA,ASO,ES,Towers with Radar,0,12,26,0,38,0,0,27,0,27,0,12,53,0,65,6,0,6,71
06/27/2011,CSG,GA,ASO,ES,Towers with Radar,0,11,23,0,34,0,0,17,0,17,0,11,40,0,51,66,0,66,117
06/28/2011,CSG,GA,ASO,ES,Towers with Radar,0,12,16,0,28,0,2,9,0,11,0,14,25,0,39,15,0,15,54
06/29/2011,CSG,GA,ASO,ES,Towers with Radar,0,5,29,0,34,0,0,25,0,25,0,5,54,0,59,6,0,6,65
06/30/2011,CSG,GA,ASO,ES,Towers with Radar,2,7,26,0,35,0,0,31,0,31,2,7,57,0,66,6,0,6,72
07/01/2011,CSG,GA,ASO,ES,Towers with Radar,0,9,30,0,39,0,0,21,0,21,0,9,51,0,60,33,0,33,93
07/02/2011,CSG,GA,ASO,ES,Towers with Radar,0,6,20,0,26,0,0,34,3,37,0,6,54,3,63,0,0,0,63
07/03/2011,CSG,GA,ASO,ES,Towers with Radar,0,7,9,0,16,0,0,21,0,21,0,7,30,0,37,0,0,0,37
07/04/2011,CSG,GA,ASO,ES,Towers with Radar,5,12,13,0,30,0,0,18,0,18,5,12,31,0,48,4,0,4,52
07/05/2011,CSG,GA,ASO,ES,Towers with Radar,2,12,13,0,27,0,3,8,0,11,2,15,21,0,38,10,0,10,48
07/06/2011,CSG,GA,ASO,ES,Towers with Radar,0,11,14,0,25,0,0,27,2,29,0,11,41,2,54,38,0,38,92
07/07/2011,CSG,GA,ASO,ES,Towers with Radar,2,8,11,0,21,0,2,24,0,26,2,10,35,0,47,0,0,0,47
07/08/2011,CSG,GA,ASO,ES,Towers with Radar,0,11,23,0,34,0,0,24,2,26,0,11,47,2,60,24,0,24,84
07/09/2011,CSG,GA,ASO,ES,Towers with Radar,0,12,12,0,24,0,0,21,3,24,0,12,33,3,48,0,0,0,48
07/10/2011,CSG,GA,ASO,ES,Towers with Radar,0,10,20,0,30,0,0,3,2,5,0,10,23,2,35,0,0,0,35
07/11/2011,CSG,GA,ASO,ES,Towers with Radar,0,10,10,0,20,0,0,20,0,20,0,10,30,0,40,24,0,24,64
07/12/2011,CSG,GA,ASO,ES,Towers with Radar,11,16,25,0,52,0,1,11,2,14,11,17,36,2,66,12,0,12,78
07/13/2011,CSG,GA,ASO,ES,Towers with Radar,0,9,15,0,24,0,0,8,0,8,0,9,23,0,32,28,0,28,60
07/14/2011,CSG,GA,ASO,ES,Towers with Radar,2,6,13,0,21,0,1,13,2,16,2,7,26,2,37,0,0,0,37
07/15/2011,CSG,GA,ASO,ES,Towers with Radar,0,8,21,0,29,0,0,1,1,2,0,8,22,1,31,19,12,31,62
07/16/2011,CSG,GA,ASO,ES,Towers with Radar,0,8,9,0,17,0,1,1,0,2,0,9,10,0,19,0,0,0,19
07/17/2011,CSG,GA,ASO,ES,Towers with Radar,0,9,16,1,26,0,0,10,0,10,0,9,26,1,36,0,0,0,36
07/18/2011,CSG,GA,ASO,ES,Towers with Radar,1,8,11,3,23,0,1,38,0,39,1,9,49,3,62,96,0,96,158
07/19/2011,CSG,GA,ASO,ES,Towers with Radar,1,10,19,0,30,0,0,37,0,37,1,10,56,0,67,23,0,23,90
07/20/2011,CSG,GA,ASO,ES,Towers with Radar,2,12,18,0,32,0,1,25,0,26,2,13,43,0,58,46,0,46,104
07/21/2011,CSG,GA,ASO,ES,Towers with Radar,2,13,16,0,31,0,2,19,0,21,2,15,35,0,52,0,0,0,52
07/22/2011,CSG,GA,ASO,ES,Towers with Radar,0,12,22,2,36,0,1,22,0,23,0,13,44,2,59,20,0,20,79
07/23/2011,CSG,GA,ASO,ES,Towers with Radar,0,10,12,2,24,0,0,16,0,16,0,10,28,2,40,36,0,36,76
07/24/2011,CSG,GA,ASO,ES,Towers with Radar,0,9,21,0,30,0,0,31,0,31,0,9,52,0,61,4,0,4,65
07/25/2011,CSG,GA,ASO,ES,Towers with Radar,5,12,12,0,29,0,2,17,0,19,5,14,29,0,48,8,0,8,56
07/26/2011,CSG,GA,ASO,ES,Towers with Radar,2,11,25,1,39,0,0,3,2,5,2,11,28,3,44,0,0,0,44
07/27/2011,CSG,GA,ASO,ES,Towers with Radar,0,12,30,4,46,0,1,17,0,18,0,13,47,4,64,23,0,23,87
07/28/2011,CSG,GA,ASO,ES,Towers with Radar,2,10,21,0,33,0,0,7,0,7,2,10,28,0,40,4,0,4,44
07/29/2011,CSG,GA,ASO,ES,Towers with Radar,0,9,25,0,34,0,0,31,0,31,0,9,56,0,65,3,0,3,68
07/30/2011,CSG,GA,ASO,ES,Towers with Radar,0,8,9,0,17,0,1,28,0,29,0,9,37,0,46,32,0,32,78
07/31/2011,CSG,GA,ASO,ES,Towers with Radar,0,11,16,0,27,0,0,15,0,15,0,11,31,0,42,12,0,12,54
08/01/2011,CSG,GA,ASO,ES,Towers with Radar,0,8,13,0,21,0,0,11,0,11,0,8,24,0,32,16,0,16,48
08/02/2011,CSG,GA,ASO,ES,Towers with Radar,2,9,20,2,33,0,0,19,0,19,2,9,39,2,52,0,0,0,52
08/03/2011,CSG,GA,ASO,ES,Towers with Radar,0,9,20,0,29,0,2,17,0,19,0,11,37,0,48,0,0,0,48
08/04/2011,CSG,GA,ASO,ES,Towers with Radar,2,11,16,0,29,0,2,10,0,12,2,13,26,0,41,20,0,20,61
08/05/2011,CSG,GA,ASO,ES,Towers with Radar,0,12,17,2,31,0,1,23,0,24,0,13,40,2,55,18,0,18,73
08/06/2011,CSG,GA,ASO,ES,Towers with Radar,0,15,1,2,18,0,1,19,0,20,0,16,20,2,38,19,0,19,57
08/07/2011,CSG,GA,ASO,ES,Towers with Radar,2,9,15,0,26,0,0,9,0,9,2,9,24,0,35,14,0,14,49
08/08/2011,CSG,GA,ASO,ES,Towers with Radar,1,18,13,0,32,0,0,10,2,12,1,18,23,2,44,12,0,12,56
08/09/2011,CSG,GA,ASO,ES,Towers with Radar,2,12,7,0,21,0,2,4,0,6,2,14,11,0,27,1,0,1,28
08/10/2011,CSG,GA,ASO,ES,Towers with Radar,0,15,25,0,40,0,1,16,0,17,0,16,41,0,57,2,0,2,59
08/11/2011,CSG,GA,ASO,ES,Towers with Radar,2,10,23,0,35,0,2,11,0,13,2,12,34,0,48,4,0,4,52
08/12/2011,CSG,GA,ASO,ES,Towers with Radar,0,13,21,0,34,0,0,27,0,27,0,13,48,0,61,36,0,36,97
08/13/2011,CSG,GA,ASO,ES,Towers with Radar,0,8,8,1,17,0,1,17,0,18,0,9,25,1,35,3,0,3,38
08/14/2011,CSG,GA,ASO,ES,Towers with Radar,0,9,12,0,21,0,0,10,0,10,0,9,22,0,31,6,0,6,37
08/15/2011,CSG,GA,ASO,ES,Towers with Radar,2,9,14,0,25,0,0,22,0,22,2,9,36,0,47,45,0,45,92
08/16/2011,CSG,GA,ASO,ES,Towers with Radar,2,11,17,3,33,0,1,22,2,25,2,12,39,5,58,32,0,32,90
08/17/2011,CSG,GA,ASO,ES,Towers with Radar,2,10,16,0,28,0,0,35,0,35,2,10,51,0,63,2,0,2,65
08/18/2011,CSG,GA,ASO,ES,Towers with Radar,2,9,14,0,25,0,0,25,0,25,2,9,39,0,50,5,0,5,55
08/19/2011,CSG,GA,ASO,ES,Towers with Radar,2,17,20,1,40,0,0,31,4,35,2,17,51,5,75,26,0,26,101
08/20/2011,CSG,GA,ASO,ES,Towers with Radar,2,11,13,0,26,0,0,18,0,18,2,11,31,0,44,28,0,28,72
08/21/2011,CSG,GA,ASO,ES,Towers with Radar,0,12,23,0,35,0,0,10,5,15,0,12,33,5,50,7,0,7,57
08/22/2011,CSG,GA,ASO,ES,Towers with Radar,0,9,6,0,15,0,0,8,0,8,0,9,14,0,23,0,0,0,23
08/23/2011,CSG,GA,ASO,ES,Towers with Radar,2,10,10,2,24,0,0,14,6,20,2,10,24,8,44,2,0,2,46
08/24/2011,CSG,GA,ASO,ES,Towers with Radar,0,14,17,2,33,0,0,34,3,37,0,14,51,5,70,10,0,10,80
08/25/2011,CSG,GA,ASO,ES,Towers with Radar,2,10,20,0,32,0,0,24,2,26,2,10,44,2,58,12,0,12,70
08/26/2011,CSG,GA,ASO,ES,Towers with Radar,0,10,16,0,26,0,0,24,3,27,0,10,40,3,53,38,0,38,91
08/27/2011,CSG,GA,ASO,ES,Towers with Radar,0,8,8,0,16,0,4,28,0,32,0,12,36,0,48,6,0,6,54
08/28/2011,CSG,GA,ASO,ES,Towers with Radar,0,12,19,2,33,0,0,19,0,19,0,12,38,2,52,8,0,8,60
08/29/2011,CSG,GA,ASO,ES,Towers with Radar,2,11,17,0,30,0,0,14,0,14,2,11,31,0,44,0,0,0,44
08/30/2011,CSG,GA,ASO,ES,Towers with Radar,2,14,33,1,50,0,0,21,1,22,2,14,54,2,72,18,0,18,90
08/31/2011,CSG,GA,ASO,ES,Towers with Radar,0,15,22,0,37,0,0,9,0,9,0,15,31,0,46,28,0,28,74
09/01/2011,CSG,GA,ASO,ES,Towers with Radar,4,10,25,0,39,0,0,18,0,18,4,10,43,0,57,8,0,8,65
09/02/2011,CSG,GA,ASO,ES,Towers with Radar,2,12,22,0,36,0,0,21,2,23,2,12,43,2,59,22,0,22,81
09/03/2011,CSG,GA,ASO,ES,Towers with Radar,2,5,17,0,24,0,0,17,2,19,2,5,34,2,43,20,0,20,63
09/04/2011,CSG,GA,ASO,ES,Towers with Radar,0,4,6,0,10,0,0,1,0,1,0,4,7,0,11,0,0,0,11
09/05/2011,CSG,GA,ASO,ES,Towers with Radar,0,13,12,0,25,0,0,0,0,0,0,13,12,0,25,0,0,0,25
09/06/2011,CSG,GA,ASO,ES,Towers with Radar,4,12,21,4,41,0,0,0,0,0,4,12,21,4,41,0,0,0,41
09/07/2011,CSG,GA,ASO,ES,Towers with Radar,0,11,26,1,38,0,0,1,1,2,0,11,27,2,40,6,2,8,48
09/08/2011,CSG,GA,ASO,ES,Towers with Radar,2,10,28,0,40,0,0,16,0,16,2,10,44,0,56,22,2,24,80
09/09/2011,CSG,GA,ASO,ES,Towers with Radar,0,9,38,8,55,0,0,12,1,13,0,9,50,9,68,26,0,26,94
09/10/2011,CSG,GA,ASO,ES,Towers with Radar,0,6,11,2,19,0,0,29,1,30,0,6,40,3,49,20,0,20,69
09/11/2011,CSG,GA,ASO,ES,Towers with Radar,0,12,12,0,24,0,2,26,2,30,0,14,38,2,54,8,0,8,62
09/12/2011,CSG,GA,ASO,ES,Towers with Radar,1,12,14,4,31,0,0,15,0,15,1,12,29,4,46,8,0,8,54
09/13/2011,CSG,GA,ASO,ES,Towers with Radar,2,8,10,2,22,0,2,17,0,19,2,10,27,2,41,4,0,4,45
09/14/2011,CSG,GA,ASO,ES,Towers with Radar,0,9,13,3,25,0,0,33,3,36,0,9,46,6,61,25,0,25,86
09/15/2011,CSG,GA,ASO,ES,Towers with Radar,2,10,19,0,31,0,1,10,2,13,2,11,29,2,44,4,0,4,48
09/16/2011,CSG,GA,ASO,ES,Towers with Radar,2,12,23,2,39,0,0,15,0,15,2,12,38,2,54,4,0,4,58
09/17/2011,CSG,GA,ASO,ES,Towers with Radar,0,5,12,0,17,0,3,12,0,15,0,8,24,0,32,32,0,32,64
09/18/2011,CSG,GA,ASO,ES,Towers with Radar,0,10,17,0,27,0,0,10,0,10,0,10,27,0,37,10,0,10,47
09/19/2011,CSG,GA,ASO,ES,Towers with Radar,0,9,12,0,21,0,0,13,0,13,0,9,25,0,34,1,0,1,35
09/20/2011,CSG,GA,ASO,ES,Towers with Radar,3,9,20,0,32,0,1,3,0,4,3,10,23,0,36,18,0,18,54
09/21/2011,CSG,GA,ASO,ES,Towers with Radar,0,8,36,0,44,0,2,3,0,5,0,10,39,0,49,0,0,0,49
09/22/2011,CSG,GA,ASO,ES,Towers with Radar,2,12,24,0,38,0,1,18,0,19,2,13,42,0,57,0,0,0,57
09/23/2011,CSG,GA,ASO,ES,Towers with Radar,1,10,22,0,33,0,0,5,0,5,1,10,27,0,38,66,0,66,104
09/24/2011,CSG,GA,ASO,ES,Towers with Radar,0,8,10,0,18,0,0,29,0,29,0,8,39,0,47,0,0,0,47
09/25/2011,CSG,GA,ASO,ES,Towers with Radar,0,10,21,0,31,0,0,17,0,17,0,10,38,0,48,55,0,55,103
09/26/2011,CSG,GA,ASO,ES,Towers with Radar,0,10,19,0,29,0,4,17,0,21,0,14,36,0,50,9,0,9,59
09/27/2011,CSG,GA,ASO,ES,Towers with Radar,2,8,14,0,24,0,0,6,0,6,2,8,20,0,30,0,0,0,30
09/28/2011,CSG,GA,ASO,ES,Towers with Radar,1,10,19,0,30,0,0,6,0,6,1,10,25,0,36,0,0,0,36
09/29/2011,CSG,GA,ASO,ES,Towers with Radar,2,11,28,0,41,0,0,10,0,10,2,11,38,0,51,16,0,16,67
09/30/2011,CSG,GA,ASO,ES,Towers with Radar,6,11,24,4,45,0,2,18,4,24,6,13,42,8,69,8,0,8,77
10/01/2011,CSG,GA,ASO,ES,Towers with Radar,0,8,8,0,16,0,3,21,0,24,0,11,29,0,40,37,0,37,77
10/02/2011,CSG,GA,ASO,ES,Towers with Radar,1,13,16,0,30,0,0,21,2,23,1,13,37,2,53,7,0,7,60
10/03/2011,CSG,GA,ASO,ES,Towers with Radar,0,11,13,2,26,0,0,12,2,14,0,11,25,4,40,0,0,0,40
10/04/2011,CSG,GA,ASO,ES,Towers with Radar,2,8,11,0,21,0,0,22,12,34,2,8,33,12,55,16,0,16,71
10/05/2011,CSG,GA,ASO,ES,Towers with Radar,0,7,13,0,20,0,0,34,4,38,0,7,47,4,58,14,0,14,72
10/06/2011,CSG,GA,ASO,ES,Towers with Radar,2,16,26,1,45,0,4,25,1,30,2,20,51,2,75,27,0,27,102
10/07/2011,CSG,GA,ASO,ES,Towers with Radar,2,10,24,8,44,0,0,16,0,16,2,10,40,8,60,4,0,4,64
10/08/2011,CSG,GA,ASO,ES,Towers with Radar,0,8,6,0,14,0,0,18,0,18,0,8,24,0,32,0,0,0,32
10/09/2011,CSG,GA,ASO,ES,Towers with Radar,0,11,16,0,27,0,0,7,0,7,0,11,23,0,34,14,0,14,48
10/10/2011,CSG,GA,ASO,ES,Towers with Radar,1,12,13,0,26,0,0,0,0,0,1,12,13,0,26,0,0,0,26
10/11/2011,CSG,GA,ASO,ES,Towers with Radar,2,10,26,1,39,0,0,0,0,0,2,10,26,1,39,0,0,0,39
10/12/2011,CSG,GA,ASO,ES,Towers with Radar,1,13,25,0,39,0,0,1,0,1,1,13,26,0,40,0,0,0,40
10/13/2011,CSG,GA,ASO,ES,Towers with Radar,2,9,20,3,34,0,1,11,2,14,2,10,31,5,48,0,0,0,48
10/14/2011,CSG,GA,ASO,ES,Towers with Radar,1,16,22,0,39,0,0,29,3,32,1,16,51,3,71,24,0,24,95
10/15/2011,CSG,GA,ASO,ES,Towers with Radar,1,10,15,2,28,0,0,19,0,19,1,10,34,2,47,60,0,60,107
10/16/2011,CSG,GA,ASO,ES,Towers with Radar,0,11,16,0,27,0,0,17,0,17,0,11,33,0,44,78,0,78,122
10/17/2011,CSG,GA,ASO,ES,Towers with Radar,0,12,18,0,30,0,0,22,1,23,0,12,40,1,53,24,0,24,77
10/18/2011,CSG,GA,ASO,ES,Towers with Radar,2,8,18,0,28,0,1,6,0,7,2,9,24,0,35,18,0,18,53
10/19/2011,CSG,GA,ASO,ES,Towers with Radar,0,7,13,2,22,0,0,8,0,8,0,7,21,2,30,30,0,30,60
10/20/2011,CSG,GA,ASO,ES,Towers with Radar,2,12,15,0,29,0,0,14,0,14,2,12,29,0,43,14,0,14,57
10/21/2011,CSG,GA,ASO,ES,Towers with Radar,2,12,21,2,37,0,0,34,0,34,2,12,55,2,71,72,0,72,143
10/22/2011,CSG,GA,ASO,ES,Towers with Radar,0,9,9,2,20,0,2,25,6,33,0,11,34,8,53,26,0,26,79
10/23/2011,CSG,GA,ASO,ES,Towers with Radar,0,12,19,1,32,0,2,22,4,28,0,14,41,5,60,47,0,47,107
10/24/2011,CSG,GA,ASO,ES,Towers with Radar,1,13,12,0,26,0,0,9,0,9,1,13,21,0,35,15,0,15,50
10/25/2011,CSG,GA,ASO,ES,Towers with Radar,0,12,21,0,33,0,0,23,1,24,0,12,44,1,57,38,0,38,95
10/26/2011,CSG,GA,ASO,ES,Towers with Radar,2,12,36,0,50,0,0,21,3,24,2,12,57,3,74,10,0,10,84
10/27/2011,CSG,GA,ASO,ES,Towers with Radar,4,12,27,0,43,0,0,21,2,23,4,12,48,2,66,10,0,10,76
10/28/2011,CSG,GA,ASO,ES,Towers with Radar,0,12,28,2,42,0,1,10,0,11,0,13,38,2,53,12,0,12,65
10/29/2011,CSG,GA,ASO,ES,Towers with Radar,0,8,15,0,23,0,0,6,0,6,0,8,21,0,29,15,0,15,44
10/30/2011,CSG,GA,ASO,ES,Towers with Radar,0,12,19,0,31,0,0,18,0,18,0,12,37,0,49,55,0,55,104
10/31/2011,CSG,GA,ASO,ES,Towers with Radar,0,9,7,0,16,0,0,16,0,16,0,9,23,0,32,21,0,21,53
11/01/2011,CSG,GA,ASO,ES,Towers with Radar,2,8,14,0,24,0,2,14,0,16,2,10,28,0,40,12,0,12,52
11/02/2011,CSG,GA,ASO,ES,Towers with Radar,2,8,23,0,33,0,0,16,0,16,2,8,39,0,49,32,6,38,87
11/03/2011,CSG,GA,ASO,ES,Towers with Radar,2,12,24,4,42,0,0,8,2,10,2,12,32,6,52,2,0,2,54
11/04/2011,CSG,GA,ASO,ES,Towers with Radar,0,10,27,0,37,0,0,18,2,20,0,10,45,2,57,4,0,4,61
11/05/2011,CSG,GA,ASO,ES,Towers with Radar,1,7,4,1,13,0,0,15,0,15,1,7,19,1,28,4,0,4,32
11/06/2011,CSG,GA,ASO,ES,Towers with Radar,0,10,18,2,30,0,0,15,2,17,0,10,33,4,47,64,0,64,111
11/07/2011,CSG,GA,ASO,ES,Towers with Radar,0,10,22,0,32,0,0,19,2,21,0,10,41,2,53,47,0,47,100
11/08/2011,CSG,GA,ASO,ES,Towers with Radar,2,12,16,0,30,0,0,31,2,33,2,12,47,2,63,18,0,18,81
11/09/2011,CSG,GA,ASO,ES,Towers with Radar,0,13,29,4,46,0,1,13,2,16,0,14,42,6,62,30,0,30,92
11/10/2011,CSG,GA,ASO,ES,Towers with Radar,2,11,20,1,34,0,0,13,3,16,2,11,33,4,50,34,0,34,84
11/11/2011,CSG,GA,ASO,ES,Towers with Radar,0,14,31,0,45,0,2,35,0,37,0,16,66,0,82,4,0,4,86
11/12/2011,CSG,GA,ASO,ES,Towers with Radar,0,10,20,2,32,0,1,25,0,26,0,11,45,2,58,0,0,0,58
11/13/2011,CSG,GA,ASO,ES,Towers with Radar,0,20,18,0,38,0,0,17,0,17,0,20,35,0,55,88,0,88,143
11/14/2011,CSG,GA,ASO,ES,Towers with Radar,0,10,22,0,32,0,0,8,0,8,0,10,30,0,40,2,0,2,42
11/15/2011,CSG,GA,ASO,ES,Towers with Radar,3,11,27,0,41,0,0,5,0,5,3,11,32,0,46,4,0,4,50
11/16/2011,CSG,GA,ASO,ES,Towers with Radar,0,12,15,0,27,0,0,2,0,2,0,12,17,0,29,2,0,2,31
11/17/2011,CSG,GA,ASO,ES,Towers with Radar,2,15,29,6,52,0,0,20,3,23,2,15,49,9,75,6,0,6,81
11/18/2011,CSG,GA,ASO,ES,Towers with Radar,0,11,32,0,43,0,1,25,4,30,0,12,57,4,73,4,0,4,77
11/19/2011,CSG,GA,ASO,ES,Towers with Radar,0,7,15,0,22,0,0,16,2,18,0,7,31,2,40,66,0,66,106
11/20/2011,CSG,GA,ASO,ES,Towers with Radar,0,6,24,2,32,0,0,8,0,8,0,6,32,2,40,63,0,63,103
11/21/2011,CSG,GA,ASO,ES,Towers with Radar,1,10,19,0,30,0,0,17,0,17,1,10,36,0,47,63,0,63,110
11/22/2011,CSG,GA,ASO,ES,Towers with Radar,2,9,11,0,22,0,0,1,0,1,2,9,12,0,23,24,0,24,47
11/23/2011,CSG,GA,ASO,ES,Towers with Radar,0,11,20,0,31,0,0,7,0,7,0,11,27,0,38,28,0,28,66
11/24/2011,CSG,GA,ASO,ES,Towers with Radar,0,6,11,0,17,0,2,13,0,15,0,8,24,0,32,6,0,6,38
11/25/2011,CSG,GA,ASO,ES,Towers with Radar,0,5,12,0,17,0,0,19,0,19,0,5,31,0,36,28,0,28,64
11/26/2011,CSG,GA,ASO,ES,Towers with Radar,0,10,11,0,21,0,3,26,0,29,0,13,37,0,50,92,0,92,142
11/27/2011,CSG,GA,ASO,ES,Towers with Radar,0,9,17,2,28,0,0,5,0,5,0,9,22,2,33,6,0,6,39
11/28/2011,CSG,GA,ASO,ES,Towers with Radar,0,9,10,0,19,0,0,0,0,0,0,9,10,0,19,0,0,0,19
11/29/2011,CSG,GA,ASO,ES,Towers with Radar,2,8,7,0,17,0,0,1,0,1,2,8,8,0,18,0,0,0,18
11/30/2011,CSG,GA,ASO,ES,Towers with Radar,0,9,28,0,37,0,2,12,0,14,0,11,40,0,51,3,0,3,54
12/01/2011,CSG,GA,ASO,ES,Towers with Radar,2,12,21,2,37,0,0,22,2,24,2,12,43,4,61,34,0,34,95
12/02/2011,CSG,GA,ASO,ES,Towers with Radar,0,8,14,2,24,0,2,36,0,38,0,10,50,2,62,68,0,68,130
12/03/2011,CSG,GA,ASO,ES,Towers with Radar,0,9,10,0,19,0,0,27,0,27,0,9,37,0,46,14,0,14,60
12/04/2011,CSG,GA,ASO,ES,Towers with Radar,0,10,5,0,15,0,0,3,0,3,0,10,8,0,18,25,0,25,43
12/05/2011,CSG,GA,ASO,ES,Towers with Radar,1,6,19,0,26,0,1,12,0,13,1,7,31,0,39,9,0,9,48
12/06/2011,CSG,GA,ASO,ES,Towers with Radar,2,10,16,2,30,0,0,0,0,0,2,10,16,2,30,6,0,6,36
12/07/2011,CSG,GA,ASO,ES,Towers with Radar,1,7,16,0,24,0,2,2,0,4,1,9,18,0,28,0,0,0,28
12/08/2011,CSG,GA,ASO,ES,Towers with Radar,2,7,26,0,35,0,0,23,2,25,2,7,49,2,60,0,0,0,60
12/09/2011,CSG,GA,ASO,ES,Towers with Radar,1,12,16,0,29,0,0,28,1,29,1,12,44,1,58,24,0,24,82
12/10/2011,CSG,GA,ASO,ES,Towers with Radar,2,8,6,0,16,0,4,29,2,35,2,12,35,2,51,30,0,30,81
12/11/2011,CSG,GA,ASO,ES,Towers with Radar,0,15,9,0,24,0,1,15,2,18,0,16,24,2,42,28,0,28,70
12/12/2011,CSG,GA,ASO,ES,Towers with Radar,0,9,16,2,27,0,0,0,0,0,0,9,16,2,27,12,10,22,49
12/13/2011,CSG,GA,ASO,ES,Towers with Radar,0,8,28,8,44,0,1,18,0,19,0,9,46,8,63,6,0,6,69
12/14/2011,CSG,GA,ASO,ES,Towers with Radar,2,6,26,0,34,0,2,31,2,35,2,8,57,2,69,12,0,12,81
12/15/2011,CSG,GA,ASO,ES,Towers with Radar,1,10,14,0,25,0,1,17,0,18,1,11,31,0,43,42,0,42,85
12/16/2011,CSG,GA,ASO,ES,Towers with Radar,0,10,28,2,40,0,0,18,0,18,0,10,46,2,58,67,0,67,125
12/17/2011,CSG,GA,ASO,ES,Towers with Radar,0,10,12,0,22,0,0,16,0,16,0,10,28,0,38,18,0,18,56
12/18/2011,CSG,GA,ASO,ES,Towers with Radar,0,7,14,0,21,0,0,35,0,35,0,7,49,0,56,45,0,45,101
12/19/2011,CSG,GA,ASO,ES,Towers with Radar,0,6,14,0,20,0,0,24,0,24,0,6,38,0,44,23,0,23,67
12/20/2011,CSG,GA,ASO,ES,Towers with Radar,2,7,15,1,25,0,0,2,2,4,2,7,17,3,29,6,0,6,35
12/21/2011,CSG,GA,ASO,ES,Towers with Radar,0,8,17,1,26,0,0,0,0,0,0,8,17,1,26,0,0,0,26
12/22/2011,CSG,GA,ASO,ES,Towers with Radar,1,10,7,0,18,0,0,0,0,0,1,10,7,0,18,0,0,0,18
12/23/2011,CSG,GA,ASO,ES,Towers with Radar,0,7,14,0,21,0,0,26,0,26,0,7,40,0,47,32,0,32,79
12/24/2011,CSG,GA,ASO,ES,Towers with Radar,0,5,0,0,5,0,0,21,0,21,0,5,21,0,26,18,0,18,44
12/25/2011,CSG,GA,ASO,ES,Towers with Radar,0,6,8,0,14,0,0,1,0,1,0,6,9,0,15,0,0,0,15
12/26/2011,CSG,GA,ASO,ES,Towers with Radar,0,6,23,0,29,0,0,15,0,15,0,6,38,0,44,46,0,46,90
12/27/2011,CSG,GA,ASO,ES,Towers with Radar,2,4,11,0,17,0,0,2,0,2,2,4,13,0,19,4,0,4,23
12/28/2011,CSG,GA,ASO,ES,Towers with Radar,0,6,21,0,27,0,1,31,2,34,0,7,52,2,61,12,0,12,73
12/29/2011,CSG,GA,ASO,ES,Towers with Radar,2,7,23,0,32,0,2,29,4,35,2,9,52,4,67,54,0,54,121
12/30/2011,CSG,GA,ASO,ES,Towers with Radar,0,11,26,0,37,0,0,19,0,19,0,11,45,0,56,14,0,14,70
12/31/2011,CSG,GA,ASO,ES,Towers with Radar,0,5,8,1,14,0,2,39,0,41,0,7,47,1,55,54,0,54,109
01/01/2012,CSG,GA,ASO,ES,Towers with Radar,0,6,13,0,19,0,1,3,1,5,0,7,16,1,24,13,0,13,37
01/02/2012,CSG,GA,ASO,ES,Towers with Radar,0,6,23,0,29,0,0,20,3,23,0,6,43,3,52,6,0,6,58
01/03/2012,CSG,GA,ASO,ES,Towers with Radar,2,6,11,0,19,0,2,11,0,13,2,8,22,0,32,18,0,18,50
01/04/2012,CSG,GA,ASO,ES,Towers with Radar,1,9,12,0,22,0,1,18,1,20,1,10,30,1,42,18,0,18,60
01/05/2012,CSG,GA,ASO,ES,Towers with Radar,2,8,13,0,23,0,2,33,0,35,2,10,46,0,58,68,0,68,126
01/06/2012,CSG,GA,ASO,ES,Towers with Radar,0,13,14,0,27,0,0,27,0,27,0,13,41,0,54,30,0,30,84
01/07/2012,CSG,GA,ASO,ES,Towers with Radar,0,7,10,0,17,0,2,4,0,6,0,9,14,0,23,42,0,42,65
01/08/2012,CSG,GA,ASO,ES,Towers with Radar,0,10,7,0,17,0,0,7,0,7,0,10,14,0,24,18,0,18,42
01/09/2012,CSG,GA,ASO,ES,Towers with Radar,0,8,12,2,22,0,0,5,0,5,0,8,17,2,27,4,0,4,31
01/10/2012,CSG,GA,ASO,ES,Towers with Radar,4,8,6,4,22,0,0,1,2,3,4,8,7,6,25,0,0,0,25
01/11/2012,CSG,GA,ASO,ES,Towers with Radar,1,7,19,0,27,0,0,1,0,1,1,7,20,0,28,2,0,2,30
01/12/2012,CSG,GA,ASO,ES,Towers with Radar,2,7,10,0,19,0,1,5,0,6,2,8,15,0,25,4,0,4,29
01/13/2012,CSG,GA,ASO,ES,Towers with Radar,0,7,11,0,18,0,0,25,0,25,0,7,36,0,43,4,0,4,47
01/14/2012,CSG,GA,ASO,ES,Towers with Radar,0,7,10,0,17,0,4,37,0,41,0,11,47,0,58,30,0,30,88
01/15/2012,CSG,GA,ASO,ES,Towers with Radar,0,7,9,0,16,0,1,42,2,45,0,8,51,2,61,42,0,42,103
01/16/2012,CSG,GA,ASO,ES,Towers with Radar,0,11,14,0,25,0,0,33,0,33,0,11,47,0,58,32,0,32,90
01/17/2012,CSG,GA,ASO,ES,Towers with Radar,2,9,17,0,28,0,0,0,0,0,2,9,17,0,28,12,0,12,40
01/18/2012,CSG,GA,ASO,ES,Towers with Radar,1,9,12,0,22,0,1,15,0,16,1,10,27,0,38,0,0,0,38
01/19/2012,CSG,GA,ASO,ES,Towers with Radar,2,7,18,0,27,0,0,32,0,32,2,7,50,0,59,26,0,26,85
01/20/2012,CSG,GA,ASO,ES,Towers with Radar,0,10,25,0,35,0,0,2,0,2,0,10,27,0,37,4,0,4,41
01/21/2012,CSG,GA,ASO,ES,Towers with Radar,4,8,6,0,18,0,0,1,0,1,4,8,7,0,19,0,0,0,19
01/22/2012,CSG,GA,ASO,ES,Towers with Radar,0,7,24,2,33,0,0,0,0,0,0,7,24,2,33,0,0,0,33
01/23/2012,CSG,GA,ASO,ES,Towers with Radar,2,8,7,0,17,0,0,1,0,1,2,8,8,0,18,0,0,0,18
01/24/2012,CSG,GA,ASO,ES,Towers with Radar,0,8,21,0,29,0,1,38,5,44,0,9,59,5,73,33,0,33,106
01/25/2012,CSG,GA,ASO,ES,Towers with Radar,0,10,16,0,26,0,0,24,2,26,0,10,40,2,52,14,0,14,66
01/26/2012,CSG,GA,ASO,ES,Towers with Radar,2,10,28,2,42,0,0,3,0,3,2,10,31,2,45,14,0,14,59
01/27/2012,CSG,GA,ASO,ES,Towers with Radar,0,8,14,0,22,0,1,11,0,12,0,9,25,0,34,8,0,8,42
01/28/2012,CSG,GA,ASO,ES,Towers with Radar,0,10,13,0,23,0,0,54,0,54,0,10,67,0,77,84,0,84,161
01/29/2012,CSG,GA,ASO,ES,Towers with Radar,0,9,14,0,23,0,0,46,0,46,0,9,60,0,69,10,0,10,79
01/30/2012,CSG,GA,ASO,ES,Towers with Radar,0,8,16,1,25,0,0,8,0,8,0,8,24,1,33,29,0,29,62
01/31/2012,CSG,GA,ASO,ES,Towers with Radar,1,8,17,4,30,0,2,41,0,43,1,10,58,4,73,27,0,27,100
02/01/2012,CSG,GA,ASO,ES,Towers with Radar,0,8,21,0,29,0,0,12,0,12,0,8,33,0,41,0,0,0,41
02/02/2012,CSG,GA,ASO,ES,Towers with Radar,2,12,19,0,33,0,0,30,0,30,2,12,49,0,63,16,0,16,79
02/03/2012,CSG,GA,ASO,ES,Towers with Radar,1,11,27,0,39,0,0,21,0,21,1,11,48,0,60,24,0,24,84
02/04/2012,CSG,GA,ASO,ES,Towers with Radar,0,6,6,0,12,0,4,28,0,32,0,10,34,0,44,43,0,43,87
02/05/2012,CSG,GA,ASO,ES,Towers with Radar,0,8,23,0,31,0,2,15,0,17,0,10,38,0,48,26,0,26,74
02/06/2012,CSG,GA,ASO,ES,Towers with Radar,0,10,28,0,38,0,0,1,0,1,0,10,29,0,39,0,0,0,39
02/07/2012,CSG,GA,ASO,ES,Towers with Radar,3,9,10,4,26,0,0,27,0,27,3,9,37,4,53,29,0,29,82
02/08/2012,CSG,GA,ASO,ES,Towers with Radar,0,8,14,3,25,0,1,23,0,24,0,9,37,3,49,28,0,28,77
02/09/2012,CSG,GA,ASO,ES,Towers with Radar,2,8,22,0,32,0,0,38,0,38,2,8,60,0,70,8,0,8,78
02/10/2012,CSG,GA,ASO,ES,Towers with Radar,0,8,20,4,32,0,1,20,0,21,0,9,40,4,53,36,0,36,89
02/11/2012,CSG,GA,ASO,ES,Towers with Radar,0,5,7,0,12,0,0,0,0,0,0,5,7,0,12,0,0,0,12
02/12/2012,CSG,GA,ASO,ES,Towers with Radar,0,8,12,0,20,0,0,14,4,18,0,8,26,4,38,14,0,14,52
02/13/2012,CSG,GA,ASO,ES,Towers with Radar,0,8,16,2,26,0,0,11,0,11,0,8,27,2,37,16,0,16,53
02/14/2012,CSG,GA,ASO,ES,Towers with Radar,0,9,10,0,19,0,1,4,1,6,0,10,14,1,25,0,0,0,25
02/15/2012,CSG,GA,ASO,ES,Towers with Radar,2,7,12,0,21,0,0,15,3,18,2,7,27,3,39,6,0,6,45
02/16/2012,CSG,GA,ASO,ES,Towers with Radar,2,7,16,2,27,0,0,2,0,2,2,7,18,2,29,10,0,10,39
02/17/2012,CSG,GA,ASO,ES,Towers with Radar,0,10,24,0,34,0,1,33,0,34,0,11,57,0,68,46,0,46,114
02/18/2012,CSG,GA,ASO,ES,Towers with Radar,0,5,13,0,18,0,1,3,0,4,0,6,16,0,22,26,0,26,48
02/19/2012,CSG,GA,ASO,ES,Towers with Radar,0,4,9,0,13,0,0,1,0,1,0,4,10,0,14,0,0,0,14
02/20/2012,CSG,GA,ASO,ES,Towers with Radar,0,8,12,0,20,0,0,35,0,35,0,8,47,0,55,130,0,130,185
02/21/2012,CSG,GA,ASO,ES,Towers with Radar,2,11,10,0,23,0,0,18,0,18,2,11,28,0,41,44,0,44,85
02/22/2012,CSG,GA,ASO,ES,Towers with Radar,0,8,29,3,40,0,0,10,0,10,0,8,39,3,50,28,0,28,78
02/23/2012,CSG,GA,ASO,ES,Towers with Radar,2,10,20,0,32,0,0,13,0,13,2,10,33,0,45,26,0,26,71
02/24/2012,CSG,GA,ASO,ES,Towers with Radar,0,9,17,0,26,0,0,3,0,3,0,9,20,0,29,0,0,0,29
02/25/2012,CSG,GA,ASO,ES,Towers with Radar,0,6,13,0,19,0,0,30,0,30,0,6,43,0,49,60,0,60,109
02/26/2012,CSG,GA,ASO,ES,Towers with Radar,0,9,18,0,27,0,0,37,0,37,0,9,55,0,64,44,0,44,108
02/27/2012,CSG,GA,ASO,ES,Towers with Radar,1,8,20,1,30,0,0,15,2,17,1,8,35,3,47,42,27,69,116
02/28/2012,CSG,GA,ASO,ES,Towers with Radar,2,10,20,2,34,0,0,0,0,0,2,10,20,2,34,24,38,62,96
02/29/2012,CSG,GA,ASO,ES,Towers with Radar,0,8,20,0,28,0,0,9,2,11,0,8,29,2,39,24,0,24,63
03/01/2012,CSG,GA,ASO,ES,Towers with Radar,2,9,18,0,29,0,3,5,2,10,2,12,23,2,39,20,0,20,59
03/02/2012,CSG,GA,ASO,ES,Towers with Radar,1,12,15,1,29,0,0,8,0,8,1,12,23,1,37,2,0,2,39
03/03/2012,CSG,GA,ASO,ES,Towers with Radar,0,10,4,0,14,0,0,2,2,4,0,10,6,2,18,8,0,8,26
03/04/2012,CSG,GA,ASO,ES,Towers with Radar,0,9,10,0,19,0,2,12,0,14,0,11,22,0,33,36,0,36,69
03/05/2012,CSG,GA,ASO,ES,Towers with Radar,0,11,15,0,26,0,1,28,0,29,0,12,43,0,55,16,0,16,71
03/06/2012,CSG,GA,ASO,ES,Towers with Radar,1,9,27,2,39,0,1,35,0,36,1,10,62,2,75,58,8,66,141
03/07/2012,CSG,GA,ASO,ES,Towers with Radar,0,8,29,2,39,0,2,24,2,28,0,10,53,4,67,36,4,40,107
03/08/2012,CSG,GA,ASO,ES,Towers with Radar,2,11,23,0,36,0,5,20,0,25,2,16,43,0,61,32,0,32,93
03/09/2012,CSG,GA,ASO,ES,Towers with Radar,0,12,17,0,29,0,1,3,0,4,0,13,20,0,33,0,0,0,33
03/10/2012,CSG,GA,ASO,ES,Towers with Radar,0,6,13,0,19,0,4,53,0,57,0,10,66,0,76,6,0,6,82
03/11/2012,CSG,GA,ASO,ES,Towers with Radar,0,10,18,0,28,0,0,21,1,22,0,10,39,1,50,44,0,44,94
03/12/2012,CSG,GA,ASO,ES,Towers with Radar,2,13,14,2,31,0,0,4,1,5,2,13,18,3,36,0,0,0,36
03/13/2012,CSG,GA,ASO,ES,Towers with Radar,0,10,33,0,43,0,0,7,2,9,0,10,40,2,52,22,0,22,74
03/14/2012,CSG,GA,ASO,ES,Towers with Radar,3,10,21,4,38,0,0,32,0,32,3,10,53,4,70,72,0,72,142
03/15/2012,CSG,GA,ASO,ES,Towers with Radar,2,9,21,5,37,0,2,36,2,40,2,11,57,7,77,98,0,98,175
03/16/2012,CSG,GA,ASO,ES,Towers with Radar,1,13,13,4,31,0,4,46,4,54,1,17,59,8,85,0,0,0,85
03/17/2012,CSG,GA,ASO,ES,Towers with Radar,0,7,4,1,12,0,0,29,0,29,0,7,33,1,41,80,0,80,121
03/18/2012,CSG,GA,ASO,ES,Towers with Radar,0,9,9,4,22,0,0,28,0,28,0,9,37,4,50,93,4,97,147
03/19/2012,CSG,GA,ASO,ES,Towers with Radar,0,10,26,0,36,0,0,23,1,24,0,10,49,1,60,52,0,52,112
03/20/2012,CSG,GA,ASO,ES,Towers with Radar,2,10,4,0,16,0,0,31,4,35,2,10,35,4,51,47,0,47,98
03/21/2012,CSG,GA,ASO,ES,Towers with Radar,0,8,23,0,31,0,3,35,8,46,0,11,58,8,77,32,0,32,109
03/22/2012,CSG,GA,ASO,ES,Towers with Radar,2,11,23,2,38,0,3,13,1,17,2,14,36,3,55,28,0,28,83
03/23/2012,CSG,GA,ASO,ES,Towers with Radar,0,13,19,0,32,0,0,3,0,3,0,13,22,0,35,12,0,12,47
03/24/2012,CSG,GA,ASO,ES,Towers with Radar,0,11,29,0,40,0,1,30,0,31,0,12,59,0,71,23,0,23,94
03/25/2012,CSG,GA,ASO,ES,Towers with Radar,0,10,20,0,30,0,1,34,4,39,0,11,54,4,69,47,0,47,116
03/26/2012,CSG,GA,ASO,ES,Towers with Radar,1,11,17,0,29,0,0,32,0,32,1,11,49,0,61,25,0,25,86
03/27/2012,CSG,GA,ASO,ES,Towers with Radar,1,15,23,0,39,0,0,20,2,22,1,15,43,2,61,14,0,14,75
03/28/2012,CSG,GA,ASO,ES,Towers with Radar,0,9,13,0,22,0,0,24,2,26,0,9,37,2,48,24,0,24,72
03/29/2012,CSG,GA,ASO,ES,Towers with Radar,2,12,33,0,47,0,2,28,8,38,2,14,61,8,85,26,0,26,111
03/30/2012,CSG,GA,ASO,ES,Towers with Radar,1,11,14,0,26,0,0,11,2,13,1,11,25,2,39,20,0,20,59
03/31/2012,CSG,GA,ASO,ES,Towers with Radar,0,9,24,0,33,0,1,7,0,8,0,10,31,0,41,0,0,0,41
04/01/2012,CSG,GA,ASO,ES,Towers with Radar,0,12,23,0,35,0,1,39,0,40,0,13,62,0,75,35,0,35,110
04/02/2012,CSG,GA,ASO,ES,Towers with Radar,0,11,16,2,29,0,1,20,1,22,0,12,36,3,51,34,0,34,85
04/03/2012,CSG,GA,ASO,ES,Towers with Radar,1,11,31,0,43,0,3,17,5,25,1,14,48,5,68,30,0,30,98
04/04/2012,CSG,GA,ASO,ES,Towers with Radar,0,6,33,0,39,0,0,20,0,20,0,6,53,0,59,44,0,44,103
04/05/2012,CSG,GA,ASO,ES,Towers with Radar,2,14,17,0,33,0,2,5,0,7,2,16,22,0,40,0,0,0,40
04/06/2012,CSG,GA,ASO,ES,Towers with Radar,0,15,30,0,45,0,0,23,5,28,0,15,53,5,73,36,0,36,109
04/07/2012,CSG,GA,ASO,ES,Towers with Radar,0,7,16,2,25,0,2,33,0,35,0,9,49,2,60,38,0,38,98
04/08/2012,CSG,GA,ASO,ES,Towers with Radar,0,8,23,0,31,0,0,30,0,30,0,8,53,0,61,35,0,35,96
04/09/2012,CSG,GA,ASO,ES,Towers with Radar,2,7,20,0,29,0,0,31,0,31,2,7,51,0,60,40,0,40,100
04/10/2012,CSG,GA,ASO,ES,Towers with Radar,0,11,13,0,24,0,0,14,0,14,0,11,27,0,38,58,0,58,96
04/11/2012,CSG,GA,ASO,ES,Towers with Radar,2,9,15,0,26,0,5,24,0,29,2,14,39,0,55,20,0,20,75
04/12/2012,CSG,GA,ASO,ES,Towers with Radar,2,11,16,3,32,0,3,33,5,41,2,14,49,8,73,30,0,30,103
04/13/2012,CSG,GA,ASO,ES,Towers with Radar,0,10,19,0,29,0,2,25,0,27,0,12,44,0,56,29,0,29,85
04/14/2012,CSG,GA,ASO,ES,Towers with Radar,0,7,8,0,15,0,5,35,0,40,0,12,43,0,55,52,0,52,107
04/15/2012,CSG,GA,ASO,ES,Towers with Radar,0,14,11,0,25,0,3,7,1,11,0,17,18,1,36,50,0,50,86
04/16/2012,CSG,GA,ASO,ES,Towers with Radar,0,11,17,0,28,0,4,3,0,7,0,15,20,0,35,2,0,2,37
04/17/2012,CSG,GA,ASO,ES,Towers with Radar,1,9,23,0,33,0,0,12,0,12,1,9,35,0,45,12,0,12,57
04/18/2012,CSG,GA,ASO,ES,Towers with Radar,0,14,28,0,42,0,0,2,0,2,0,14,30,0,44,22,0,22,66
04/19/2012,CSG,GA,ASO,ES,Towers with Radar,2,11,36,0,49,0,0,5,4,9,2,11,41,4,58,33,0,33,91
04/20/2012,CSG,GA,ASO,ES,Towers with Radar,0,11,24,0,35,0,0,16,0,16,0,11,40,0,51,16,0,16,67
04/21/2012,CSG,GA,ASO,ES,Towers with Radar,0,7,6,0,13,0,2,11,0,13,0,9,17,0,26,55,0,55,81
04/22/2012,CSG,GA,ASO,ES,Towers with Radar,0,12,14,0,26,0,3,6,0,9,0,15,20,0,35,2,0,2,37
04/23/2012,CSG,GA,ASO,ES,Towers with Radar,0,16,6,0,22,0,0,7,0,7,0,16,13,0,29,6,0,6,35
04/24/2012,CSG,GA,ASO,ES,Towers with Radar,1,11,16,0,28,0,0,11,3,14,1,11,27,3,42,31,0,31,73
04/25/2012,CSG,GA,ASO,ES,Towers with Radar,1,16,26,2,45,0,0,22,53,75,1,16,48,55,120,12,0,12,132
04/26/2012,CSG,GA,ASO,ES,Towers with Radar,2,8,28,0,38,0,0,13,1,14,2,8,41,1,52,34,0,34,86
04/27/2012,CSG,GA,ASO,ES,Towers with Radar,1,13,41,2,57,0,0,12,0,12,1,13,53,2,69,2,0,2,71
04/28/2012,CSG,GA,ASO,ES,Towers with Radar,0,6,14,0,20,0,0,51,0,51,0,6,65,0,71,18,0,18,89
04/29/2012,CSG,GA,ASO,ES,Towers with Radar,0,11,17,0,28,0,4,29,0,33,0,15,46,0,61,32,0,32,93
04/30/2012,CSG,GA,ASO,ES,Towers with Radar,0,10,19,0,29,0,4,22,0,26,0,14,41,0,55,33,0,33,88
05/01/2012,CSG,GA,ASO,ES,Towers with Radar,2,11,27,0,40,0,0,26,0,26,2,11,53,0,66,17,0,17,83
05/02/2012,CSG,GA,ASO,ES,Towers with Radar,0,10,31,0,41,0,6,16,3,25,0,16,47,3,66,10,6,16,82
05/03/2012,CSG,GA,ASO,ES,Towers with Radar,0,13,24,0,37,0,1,12,0,13,0,14,36,0,50,0,0,0,50
05/04/2012,CSG,GA,ASO,ES,Towers with Radar,0,16,25,0,41,0,0,26,2,28,0,16,51,2,69,12,0,12,81
05/05/2012,CSG,GA,ASO,ES,Towers with Radar,0,8,18,2,28,0,0,24,1,25,0,8,42,3,53,46,2,48,101
05/06/2012,CSG,GA,ASO,ES,Towers with Radar,0,14,19,0,33,0,0,16,0,16,0,14,35,0,49,30,0,30,79
05/07/2012,CSG,GA,ASO,ES,Towers with Radar,2,10,19,1,32,0,0,11,1,12,2,10,30,2,44,40,14,54,98
05/08/2012,CSG,GA,ASO,ES,Towers with Radar,2,7,17,0,26,0,2,11,1,14,2,9,28,1,40,23,0,23,63
05/09/2012,CSG,GA,ASO,ES,Towers with Radar,0,10,17,1,28,0,0,1,2,3,0,10,18,3,31,40,0,40,71
05/10/2012,CSG,GA,ASO,ES,Towers with Radar,2,15,29,2,48,0,0,38,1,39,2,15,67,3,87,54,0,54,141
05/11/2012,CSG,GA,ASO,ES,Towers with Radar,0,10,30,2,42,0,0,30,1,31,0,10,60,3,73,11,0,11,84
05/12/2012,CSG,GA,ASO,ES,Towers with Radar,0,6,14,0,20,0,0,9,2,11,0,6,23,2,31,16,0,16,47
05/13/2012,CSG,GA,ASO,ES,Towers with Radar,0,11,15,0,26,0,0,2,0,2,0,11,17,0,28,6,0,6,34
05/14/2012,CSG,GA,ASO,ES,Towers with Radar,0,10,18,0,28,0,0,15,0,15,0,10,33,0,43,21,0,21,64
05/15/2012,CSG,GA,ASO,ES,Towers with Radar,2,8,14,0,24,0,2,19,0,21,2,10,33,0,45,39,0,39,84
05/16/2012,CSG,GA,ASO,ES,Towers with Radar,0,12,22,0,34,0,1,23,1,25,0,13,45,1,59,66,0,66,125
05/17/2012,CSG,GA,ASO,ES,Towers with Radar,2,12,20,0,34,0,1,21,0,22,2,13,41,0,56,32,0,32,88
05/18/2012,CSG,GA,ASO,ES,Towers with Radar,0,11,24,2,37,0,0,24,0,24,0,11,48,2,61,26,0,26,87
05/19/2012,CSG,GA,ASO,ES,Towers with Radar,2,6,17,0,25,0,0,36,0,36,2,6,53,0,61,54,0,54,115
05/20/2012,CSG,GA,ASO,ES,Towers with Radar,0,12,24,0,36,0,0,28,0,28,0,12,52,0,64,40,0,40,104
05/21/2012,CSG,GA,ASO,ES,Towers with Radar,1,9,17,0,27,0,0,18,0,18,1,9,35,0,45,18,0,18,63
05/22/2012,CSG,GA,ASO,ES,Towers with Radar,0,11,24,9,44,0,0,18,2,20,0,11,42,11,64,18,10,28,92
05/23/2012,CSG,GA,ASO,ES,Towers with Radar,0,8,20,2,30,0,0,19,0,19,0,8,39,2,49,19,0,19,68
05/24/2012,CSG,GA,ASO,ES,Towers with Radar,2,13,17,0,32,0,3,28,2,33,2,16,45,2,65,26,0,26,91
05/25/2012,CSG,GA,ASO,ES,Towers with Radar,0,16,35,0,51,0,3,22,0,25,0,19,57,0,76,24,0,24,100
05/26/2012,CSG,GA,ASO,ES,Towers with Radar,0,8,10,0,18,0,0,14,3,17,0,8,24,3,35,54,0,54,89
05/27/2012,CSG,GA,ASO,ES,Towers with Radar,0,5,9,0,14,0,0,15,0,15,0,5,24,0,29,13,0,13,42
05/28/2012,CSG,GA,ASO,ES,Towers with Radar,0,9,21,0,30,0,1,21,0,22,0,10,42,0,52,19,0,19,71
05/29/2012,CSG,GA,ASO,ES,Towers with Radar,0,10,15,0,25,0,0,6,0,6,0,10,21,0,31,0,0,0,31
05/30/2012,CSG,GA,ASO,ES,Towers with Radar,0,9,11,0,20,0,0,30,2,32,0,9,41,2,52,47,0,47,99
05/31/2012,CSG,GA,ASO,ES,Towers with Radar,2,10,23,0,35,0,0,11,2,13,2,10,34,2,48,20,0,20,68
06/01/2012,CSG,GA,ASO,ES,Towers with Radar,0,13,9,0,22,0,0,9,0,9,0,13,18,0,31,42,0,42,73
06/02/2012,CSG,GA,ASO,ES,Towers with Radar,4,7,12,0,23,0,1,35,0,36,4,8,47,0,59,30,0,30,89
06/03/2012,CSG,GA,ASO,ES,Towers with Radar,0,10,11,0,21,0,4,28,2,34,0,14,39,2,55,14,0,14,69
06/04/2012,CSG,GA,ASO,ES,Towers with Radar,0,12,14,0,26,0,0,2,0,2,0,12,16,0,28,73,0,73,101
06/05/2012,CSG,GA,ASO,ES,Towers with Radar,2,8,19,0,29,0,0,7,0,7,2,8,26,0,36,40,0,40,76
06/06/2012,CSG,GA,ASO,ES,Towers with Radar,2,10,25,0,37,0,3,8,0,11,2,13,33,0,48,20,0,20,68
06/07/2012,CSG,GA,ASO,ES,Towers with Radar,2,13,23,4,42,0,0,12,2,14,2,13,35,6,56,18,46,64,120
06/08/2012,CSG,GA,ASO,ES,Towers with Radar,1,9,19,0,29,0,5,23,0,28,1,14,42,0,57,18,0,18,75
06/09/2012,CSG,GA,ASO,ES,Towers with Radar,0,8,8,3,19,0,0,21,0,21,0,8,29,3,40,34,0,34,74
06/10/2012,CSG,GA,ASO,ES,Towers with Radar,0,7,12,0,19,0,0,0,0,0,0,7,12,0,19,0,0,0,19
06/11/2012,CSG,GA,ASO,ES,Towers with Radar,0,13,9,0,22,0,0,0,0,0,0,13,9,0,22,0,0,0,22
06/12/2012,CSG,GA,ASO,ES,Towers with Radar,2,15,23,0,40,0,0,8,0,8,2,15,31,0,48,6,0,6,54
06/13/2012,CSG,GA,ASO,ES,Towers with Radar,7,15,25,2,49,0,0,15,1,16,7,15,40,3,65,36,0,36,101
06/14/2012,CSG,GA,ASO,ES,Towers with Radar,2,8,41,10,61,0,1,17,0,18,2,9,58,10,79,10,6,16,95
06/15/2012,CSG,GA,ASO,ES,Towers with Radar,0,11,22,2,35,0,2,24,0,26,0,13,46,2,61,18,0,18,79
06/16/2012,CSG,GA,ASO,ES,Towers with Radar,0,10,14,1,25,0,0,25,0,25,0,10,39,1,50,32,0,32,82
06/17/2012,CSG,GA,ASO,ES,Towers with Radar,0,8,17,0,25,0,3,31,4,38,0,11,48,4,63,12,0,12,75
06/18/2012,CSG,GA,ASO,ES,Towers with Radar,1,8,19,0,28,0,0,31,0,31,1,8,50,0,59,28,0,28,87
06/19/2012,CSG,GA,ASO,ES,Towers with Radar,1,8,31,2,42,0,2,39,2,43,1,10,70,4,85,43,0,43,128
06/20/2012,CSG,GA,ASO,ES,Towers with Radar,0,8,21,0,29,0,2,18,0,20,0,10,39,0,49,40,0,40,89
06/21/2012,CSG,GA,ASO,ES,Towers with Radar,2,8,23,1,34,0,0,22,3,25,2,8,45,4,59,6,16,22,81
06/22/2012,CSG,GA,ASO,ES,Towers with Radar,1,7,15,1,24,0,3,29,1,33,1,10,44,2,57,30,0,30,87
06/23/2012,CSG,GA,ASO,ES,Towers with Radar,0,7,8,0,15,0,4,16,4,24,0,11,24,4,39,20,0,20,59
06/24/2012,CSG,GA,ASO,ES,Towers with Radar,0,8,21,1,30,0,0,20,1,21,0,8,41,2,51,12,0,12,63
06/25/2012,CSG,GA,ASO,ES,Towers with Radar,0,6,17,1,24,0,0,11,2,13,0,6,28,3,37,36,0,36,73
06/26/2012,CSG,GA,ASO,ES,Towers with Radar,2,10,20,0,32,0,0,10,0,10,2,10,30,0,42,16,0,16,58
06/27/2012,CSG,GA,ASO,ES,Towers with Radar,0,12,19,0,31,0,3,19,3,25,0,15,38,3,56,19,0,19,75
06/28/2012,CSG,GA,ASO,ES,Towers with Radar,0,8,33,1,42,0,2,32,1,35,0,10,65,2,77,22,0,22,99
06/29/2012,CSG,GA,ASO,ES,Towers with Radar,0,8,23,2,33,0,4,27,0,31,0,12,50,2,64,8,0,8,72
06/30/2012,CSG,GA,ASO,ES,Towers with Radar,0,9,18,0,27,0,1,12,0,13,0,10,30,0,40,70,0,70,110
07/01/2012,CSG,GA,ASO,ES,Towers with Radar,0,8,14,0,22,0,0,18,0,18,0,8,32,0,40,28,0,28,68
07/02/2012,CSG,GA,ASO,ES,Towers with Radar,3,8,14,1,26,0,0,10,0,10,3,8,24,1,36,2,0,2,38
07/03/2012,CSG,GA,ASO,ES,Towers with Radar,0,6,10,0,16,0,0,5,0,5,0,6,15,0,21,16,0,16,37
07/04/2012,CSG,GA,ASO,ES,Towers with Radar,0,5,8,0,13,0,0,5,0,5,0,5,13,0,18,4,0,4,22
07/05/2012,CSG,GA,ASO,ES,Towers with Radar,2,7,9,0,18,0,0,16,0,16,2,7,25,0,34,26,0,26,60
07/06/2012,CSG,GA,ASO,ES,Towers with Radar,1,6,9,2,18,0,1,10,0,11,1,7,19,2,29,2,0,2,31
07/07/2012,CSG,GA,ASO,ES,Towers with Radar,0,8,13,0,21,0,2,14,0,16,0,10,27,0,37,20,0,20,57
07/08/2012,CSG,GA,ASO,ES,Towers with Radar,0,8,19,0,27,0,1,15,0,16,0,9,34,0,43,39,0,39,82
07/09/2012,CSG,GA,ASO,ES,Towers with Radar,2,6,15,0,23,0,2,11,0,13,2,8,26,0,36,17,0,17,53
07/10/2012,CSG,GA,ASO,ES,Towers with Radar,0,8,18,0,26,0,0,12,1,13,0,8,30,1,39,0,0,0,39
07/11/2012,CSG,GA,ASO,ES,Towers with Radar,0,9,13,0,22,0,0,18,0,18,0,9,31,0,40,0,0,0,40
07/12/2012,CSG,GA,ASO,ES,Towers with Radar,1,8,7,0,16,0,0,0,0,0,1,8,7,0,16,0,0,0,16
07/13/2012,CSG,GA,ASO,ES,Towers with Radar,0,9,16,0,25,0,0,5,0,5,0,9,21,0,30,22,0,22,52
07/14/2012,CSG,GA,ASO,ES,Towers with Radar,0,8,13,2,23,0,2,8,0,10,0,10,21,2,33,50,0,50,83
07/15/2012,CSG,GA,ASO,ES,Towers with Radar,0,8,10,0,18,0,0,18,0,18,0,8,28,0,36,12,0,12,48
07/16/2012,CSG,GA,ASO,ES,Towers with Radar,7,10,23,2,42,0,0,16,0,16,7,10,39,2,58,0,0,0,58
07/17/2012,CSG,GA,ASO,ES,Towers with Radar,2,8,9,0,19,0,0,3,0,3,2,8,12,0,22,2,0,2,24
07/18/2012,CSG,GA,ASO,ES,Towers with Radar,0,10,12,2,24,0,0,12,0,12,0,10,24,2,36,12,0,12,48
07/19/2012,CSG,GA,ASO,ES,Towers with Radar,2,8,25,2,37,0,1,11,2,14,2,9,36,4,51,20,0,20,71
07/20/2012,CSG,GA,ASO,ES,Towers with Radar,0,10,13,0,23,0,0,3,0,3,0,10,16,0,26,0,0,0,26
07/21/2012,CSG,GA,ASO,ES,Towers with Radar,0,8,14,0,22,0,0,7,0,7,0,8,21,0,29,0,0,0,29
07/22/2012,CSG,GA,ASO,ES,Towers with Radar,0,8,9,0,17,0,0,24,0,24,0,8,33,0,41,11,0,11,52
07/23/2012,CSG,GA,ASO,ES,Towers with Radar,0,11,16,0,27,0,0,14,0,14,0,11,30,0,41,0,0,0,41
07/24/2012,CSG,GA,ASO,ES,Towers with Radar,2,8,15,0,25,0,1,10,5,16,2,9,25,5,41,18,0,18,59
07/25/2012,CSG,GA,ASO,ES,Towers with Radar,0,8,18,0,26,0,2,24,2,28,0,10,42,2,54,26,0,26,80
07/26/2012,CSG,GA,ASO,ES,Towers with Radar,2,8,12,0,22,0,0,13,0,13,2,8,25,0,35,14,0,14,49
07/27/2012,CSG,GA,ASO,ES,Towers with Radar,0,8,16,3,27,0,0,12,4,16,0,8,28,7,43,4,0,4,47
07/28/2012,CSG,GA,ASO,ES,Towers with Radar,0,7,13,0,20,0,3,27,2,32,0,10,40,2,52,58,0,58,110
07/29/2012,CSG,GA,ASO,ES,Towers with Radar,0,8,18,0,26,0,0,14,0,14,0,8,32,0,40,6,0,6,46
07/30/2012,CSG,GA,ASO,ES,Towers with Radar,0,8,10,2,20,0,0,10,2,12,0,8,20,4,32,35,0,35,67
07/31/2012,CSG,GA,ASO,ES,Towers with Radar,2,10,13,2,27,0,0,0,0,0,2,10,13,2,27,38,0,38,65
08/01/2012,CSG,GA,ASO,ES,Towers with Radar,2,9,29,1,41,0,0,8,1,9,2,9,37,2,50,51,0,51,101
08/02/2012,CSG,GA,ASO,ES,Towers with Radar,2,8,11,4,25,0,2,7,3,12,2,10,18,7,37,12,0,12,49
08/03/2012,CSG,GA,ASO,ES,Towers with Radar,0,6,19,1,26,0,0,24,1,25,0,6,43,2,51,52,0,52,103
08/04/2012,CSG,GA,ASO,ES,Towers with Radar,0,7,14,2,23,0,3,3,0,6,0,10,17,2,29,6,0,6,35
08/05/2012,CSG,GA,ASO,ES,Towers with Radar,0,9,15,0,24,0,1,12,0,13,0,10,27,0,37,56,0,56,93
08/06/2012,CSG,GA,ASO,ES,Towers with Radar,0,9,23,0,32,0,0,3,0,3,0,9,26,0,35,0,0,0,35
08/07/2012,CSG,GA,ASO,ES,Towers with Radar,2,14,8,0,24,0,0,2,0,2,2,14,10,0,26,0,0,0,26
08/08/2012,CSG,GA,ASO,ES,Towers with Radar,0,10,17,0,27,0,1,7,0,8,0,11,24,0,35,42,0,42,77
08/09/2012,CSG,GA,ASO,ES,Towers with Radar,0,10,21,2,33,0,1,13,0,14,0,11,34,2,47,6,0,6,53
08/10/2012,CSG,GA,ASO,ES,Towers with Radar,2,7,20,2,31,0,0,8,0,8,2,7,28,2,39,36,0,36,75
08/11/2012,CSG,GA,ASO,ES,Towers with Radar,0,8,4,0,12,0,0,3,0,3,0,8,7,0,15,33,0,33,48
08/12/2012,CSG,GA,ASO,ES,Towers with Radar,0,6,18,0,24,0,0,24,0,24,0,6,42,0,48,90,0,90,138
08/13/2012,CSG,GA,ASO,ES,Towers with Radar,0,16,16,0,32,0,2,16,2,20,0,18,32,2,52,32,0,32,84
08/14/2012,CSG,GA,ASO,ES,Towers with Radar,0,8,14,0,22,0,0,1,0,1,0,8,15,0,23,14,0,14,37
08/15/2012,CSG,GA,ASO,ES,Towers with Radar,3,6,19,0,28,0,0,10,0,10,3,6,29,0,38,36,0,36,74
08/16/2012,CSG,GA,ASO,ES,Towers with Radar,2,9,24,4,39,0,2,13,0,15,2,11,37,4,54,22,0,22,76
08/17/2012,CSG,GA,ASO,ES,Towers with Radar,2,10,16,0,28,0,0,12,2,14,2,10,28,2,42,12,0,12,54
08/18/2012,CSG,GA,ASO,ES,Towers with Radar,0,6,5,0,11,0,0,14,0,14,0,6,19,0,25,28,0,28,53
08/19/2012,CSG,GA,ASO,ES,Towers with Radar,0,10,13,0,23,0,0,1,0,1,0,10,14,0,24,4,0,4,28
08/20/2012,CSG,GA,ASO,ES,Towers with Radar,1,13,15,0,29,0,0,7,0,7,1,13,22,0,36,32,0,32,68
08/21/2012,CSG,GA,ASO,ES,Towers with Radar,0,9,18,0,27,0,2,11,0,13,0,11,29,0,40,28,0,28,68
08/22/2012,CSG,GA,ASO,ES,Towers with Radar,10,12,22,0,44,0,0,16,0,16,10,12,38,0,60,32,0,32,92
08/23/2012,CSG,GA,ASO,ES,Towers with Radar,2,11,16,1,30,0,0,18,2,20,2,11,34,3,50,6,0,6,56
08/24/2012,CSG,GA,ASO,ES,Towers with Radar,0,10,12,0,22,0,1,13,1,15,0,11,25,1,37,10,0,10,47
08/25/2012,CSG,GA,ASO,ES,Towers with Radar,0,8,11,0,19,0,1,18,2,21,0,9,29,2,40,38,0,38,78
08/26/2012,CSG,GA,ASO,ES,Towers with Radar,0,11,18,0,29,0,2,20,0,22,0,13,38,0,51,64,0,64,115
08/27/2012,CSG,GA,ASO,ES,Towers with Radar,0,14,10,0,24,0,0,6,0,6,0,14,16,0,30,18,0,18,48
08/28/2012,CSG,GA,ASO,ES,Towers with Radar,2,9,10,0,21,0,0,1,0,1,2,9,11,0,22,28,0,28,50
08/29/2012,CSG,GA,ASO,ES,Towers with Radar,2,8,10,0,20,0,0,1,1,2,2,8,11,1,22,0,0,0,22
08/30/2012,CSG,GA,ASO,ES,Towers with Radar,2,9,9,0,20,0,0,0,0,0,2,9,9,0,20,16,0,16,36
08/31/2012,CSG,GA,ASO,ES,Towers with Radar,1,11,26,0,38,0,0,11,0,11,1,11,37,0,49,20,0,20,69
09/01/2012,CSG,GA,ASO,ES,Towers with Radar,0,5,12,0,17,0,0,8,0,8,0,5,20,0,25,0,0,0,25
09/02/2012,CSG,GA,ASO,ES,Towers with Radar,0,4,6,0,10,0,0,8,0,8,0,4,14,0,18,18,0,18,36
09/03/2012,CSG,GA,ASO,ES,Towers with Radar,0,6,28,0,34,0,0,2,0,2,0,6,30,0,36,0,0,0,36
09/04/2012,CSG,GA,ASO,ES,Towers with Radar,2,8,13,0,23,0,0,3,0,3,2,8,16,0,26,8,0,8,34
09/05/2012,CSG,GA,ASO,ES,Towers with Radar,0,10,7,0,17,0,0,5,0,5,0,10,12,0,22,0,0,0,22
09/06/2012,CSG,GA,ASO,ES,Towers with Radar,2,13,17,0,32,0,0,2,0,2,2,13,19,0,34,0,0,0,34
09/07/2012,CSG,GA,ASO,ES,Towers with Radar,0,11,28,0,39,0,0,14,0,14,0,11,42,0,53,8,0,8,61
09/08/2012,CSG,GA,ASO,ES,Towers with Radar,0,8,10,0,18,0,0,3,3,6,0,8,13,3,24,16,0,16,40
09/09/2012,CSG,GA,ASO,ES,Towers with Radar,0,9,11,0,20,0,0,29,2,31,0,9,40,2,51,99,0,99,150
09/10/2012,CSG,GA,ASO,ES,Towers with Radar,1,13,17,2,33,0,0,15,0,15,1,13,32,2,48,16,0,16,64
09/11/2012,CSG,GA,ASO,ES,Towers with Radar,2,6,18,0,26,0,0,18,0,18,2,6,36,0,44,32,0,32,76
09/12/2012,CSG,GA,ASO,ES,Towers with Radar,0,9,12,0,21,0,2,31,1,34,0,11,43,1,55,8,0,8,63
09/13/2012,CSG,GA,ASO,ES,Towers with Radar,2,9,19,0,30,0,0,31,4,35,2,9,50,4,65,38,0,38,103
09/14/2012,CSG,GA,ASO,ES,Towers with Radar,0,11,27,0,38,0,1,14,0,15,0,12,41,0,53,14,0,14,67
09/15/2012,CSG,GA,ASO,ES,Towers with Radar,0,11,8,0,19,0,2,16,0,18,0,13,24,0,37,45,0,45,82
09/16/2012,CSG,GA,ASO,ES,Towers with Radar,0,10,23,2,35,0,1,16,0,17,0,11,39,2,52,17,0,17,69
09/17/2012,CSG,GA,ASO,ES,Towers with Radar,0,8,16,0,24,0,0,6,2,8,0,8,22,2,32,0,0,0,32
09/18/2012,CSG,GA,ASO,ES,Towers with Radar,1,13,15,0,29,0,0,4,0,4,1,13,19,0,33,0,0,0,33
09/19/2012,CSG,GA,ASO,ES,Towers with Radar,0,10,23,0,33,0,0,15,4,19,0,10,38,4,52,42,0,42,94
09/20/2012,CSG,GA,ASO,ES,Towers with Radar,2,11,15,2,30,0,1,13,0,14,2,12,28,2,44,52,0,52,96
09/21/2012,CSG,GA,ASO,ES,Towers with Radar,0,10,33,0,43,0,1,18,0,19,0,11,51,0,62,56,0,56,118
09/22/2012,CSG,GA,ASO,ES,Towers with Radar,0,7,13,0,20,0,2,18,0,20,0,9,31,0,40,5,0,5,45
09/23/2012,CSG,GA,ASO,ES,Towers with Radar,0,11,30,0,41,0,2,27,0,29,0,13,57,0,70,34,0,34,104
09/24/2012,CSG,GA,ASO,ES,Towers with Radar,1,9,21,0,31,0,0,15,0,15,1,9,36,0,46,18,0,18,64
09/25/2012,CSG,GA,ASO,ES,Towers with Radar,2,7,11,0,20,0,0,19,0,19,2,7,30,0,39,42,0,42,81
09/26/2012,CSG,GA,ASO,ES,Towers with Radar,0,9,22,0,31,0,0,24,0,24,0,9,46,0,55,66,8,74,129
09/27/2012,CSG,GA,ASO,ES,Towers with Radar,2,11,19,0,32,0,0,14,0,14,2,11,33,0,46,20,0,20,66
09/28/2012,CSG,GA,ASO,ES,Towers with Radar,2,9,26,0,37,0,0,18,2,20,2,9,44,2,57,24,0,24,81
09/29/2012,CSG,GA,ASO,ES,Towers with Radar,1,7,11,0,19,0,3,15,0,18,1,10,26,0,37,100,0,100,137
09/30/2012,CSG,GA,ASO,ES,Towers with Radar,0,10,8,0,18,0,0,3,0,3,0,10,11,0,21,29,0,29,50
10/01/2012,CSG,GA,ASO,ES,Towers with Radar,0,12,7,0,19,0,0,0,0,0,0,12,7,0,19,0,0,0,19
10/02/2012,CSG,GA,ASO,ES,Towers with Radar,0,8,20,1,29,0,0,6,0,6,0,8,26,1,35,6,0,6,41
10/03/2012,CSG,GA,ASO,ES,Towers with Radar,0,8,18,0,26,0,2,11,2,15,0,10,29,2,41,28,0,28,69
10/04/2012,CSG,GA,ASO,ES,Towers with Radar,1,10,26,0,37,0,2,21,3,26,1,12,47,3,63,26,0,26,89
10/05/2012,CSG,GA,ASO,ES,Towers with Radar,0,14,32,1,47,0,2,19,1,22,0,16,51,2,69,17,0,17,86
10/06/2012,CSG,GA,ASO,ES,Towers with Radar,2,10,8,1,21,0,2,16,3,21,2,12,24,4,42,12,0,12,54
10/07/2012,CSG,GA,ASO,ES,Towers with Radar,0,9,15,0,24,0,0,22,0,22,0,9,37,0,46,22,0,22,68
10/08/2012,CSG,GA,ASO,ES,Towers with Radar,0,9,22,0,31,0,2,13,0,15,0,11,35,0,46,38,0,38,84
10/09/2012,CSG,GA,ASO,ES,Towers with Radar,2,10,14,0,26,0,0,13,0,13,2,10,27,0,39,14,0,14,53
10/10/2012,CSG,GA,ASO,ES,Towers with Radar,0,9,18,0,27,0,2,26,0,28,0,11,44,0,55,48,0,48,103
10/11/2012,CSG,GA,ASO,ES,Towers with Radar,2,9,18,1,30,0,8,27,2,37,2,17,45,3,67,57,0,57,124
10/12/2012,CSG,GA,ASO,ES,Towers with Radar,2,17,18,0,37,0,2,20,0,22,2,19,38,0,59,8,0,8,67
10/13/2012,CSG,GA,ASO,ES,Towers with Radar,2,8,20,0,30,0,1,25,0,26,2,9,45,0,56,28,0,28,84
10/14/2012,CSG,GA,ASO,ES,Towers with Radar,0,11,18,0,29,0,4,13,0,17,0,15,31,0,46,35,0,35,81
10/15/2012,CSG,GA,ASO,ES,Towers with Radar,1,17,16,0,34,0,0,12,0,12,1,17,28,0,46,0,0,0,46
10/16/2012,CSG,GA,ASO,ES,Towers with Radar,0,9,21,2,32,0,2,32,0,34,0,11,53,2,66,12,0,12,78
10/17/2012,CSG,GA,ASO,ES,Towers with Radar,0,9,20,0,29,0,2,32,0,34,0,11,52,0,63,16,0,16,79
10/18/2012,CSG,GA,ASO,ES,Towers with Radar,0,8,18,2,28,0,4,6,0,10,0,12,24,2,38,14,0,14,52
10/19/2012,CSG,GA,ASO,ES,Towers with Radar,2,11,15,1,29,0,0,19,0,19,2,11,34,1,48,6,0,6,54
10/20/2012,CSG,GA,ASO,ES,Towers with Radar,2,6,5,0,13,0,0,20,1,21,2,6,25,1,34,22,0,22,56
10/21/2012,CSG,GA,ASO,ES,Towers with Radar,0,9,21,0,30,0,4,24,0,28,0,13,45,0,58,46,0,46,104
10/22/2012,CSG,GA,ASO,ES,Towers with Radar,1,9,17,0,27,0,0,19,0,19,1,9,36,0,46,20,0,20,66
10/23/2012,CSG,GA,ASO,ES,Towers with Radar,0,6,33,0,39,0,0,21,0,21,0,6,54,0,60,16,0,16,76
10/24/2012,CSG,GA,ASO,ES,Towers with Radar,2,11,28,3,44,0,0,9,1,10,2,11,37,4,54,38,0,38,92
10/25/2012,CSG,GA,ASO,ES,Towers with Radar,2,10,17,3,32,0,0,15,1,16,2,10,32,4,48,0,0,0,48
10/26/2012,CSG,GA,ASO,ES,Towers with Radar,0,11,25,3,39,0,0,15,3,18,0,11,40,6,57,22,0,22,79
10/27/2012,CSG,GA,ASO,ES,Towers with Radar,0,6,11,0,17,0,0,11,6,17,0,6,22,6,34,56,0,56,90
10/28/2012,CSG,GA,ASO,ES,Towers with Radar,0,10,16,1,27,0,2,4,0,6,0,12,20,1,33,12,0,12,45
10/29/2012,CSG,GA,ASO,ES,Towers with Radar,0,6,7,0,13,0,3,2,2,7,0,9,9,2,20,28,0,28,48
10/30/2012,CSG,GA,ASO,ES,Towers with Radar,1,9,17,0,27,0,0,2,1,3,1,9,19,1,30,0,0,0,30
10/31/2012,CSG,GA,ASO,ES,Towers with Radar,0,7,21,0,28,0,0,9,0,9,0,7,30,0,37,0,0,0,37
11/01/2012,CSG,GA,ASO,ES,Towers with Radar,0,11,26,0,37,0,0,22,0,22,0,11,48,0,59,30,0,30,89
11/02/2012,CSG,GA,ASO,ES,Towers with Radar,2,10,21,0,33,0,0,17,0,17,2,10,38,0,50,20,0,20,70
11/03/2012,CSG,GA,ASO,ES,Towers with Radar,0,6,12,0,18,0,0,28,0,28,0,6,40,0,46,0,0,0,46
11/04/2012,CSG,GA,ASO,ES,Towers with Radar,0,10,13,0,23,0,0,16,0,16,0,10,29,0,39,14,0,14,53
11/05/2012,CSG,GA,ASO,ES,Towers with Radar,1,10,16,0,27,0,1,16,0,17,1,11,32,0,44,24,0,24,68
11/06/2012,CSG,GA,ASO,ES,Towers with Radar,2,7,12,0,21,0,0,3,0,3,2,7,15,0,24,14,0,14,38
11/07/2012,CSG,GA,ASO,ES,Towers with Radar,0,13,17,0,30,0,0,6,0,6,0,13,23,0,36,18,0,18,54
11/08/2012,CSG,GA,ASO,ES,Towers with Radar,4,9,23,0,36,0,0,29,2,31,4,9,52,2,67,18,0,18,85
11/09/2012,CSG,GA,ASO,ES,Towers with Radar,0,10,18,0,28,0,0,30,0,30,0,10,48,0,58,76,0,76,134
11/10/2012,CSG,GA,ASO,ES,Towers with Radar,0,8,16,0,24,0,0,27,0,27,0,8,43,0,51,70,0,70,121
11/11/2012,CSG,GA,ASO,ES,Towers with Radar,0,12,22,0,34,0,3,23,0,26,0,15,45,0,60,0,0,0,60
11/12/2012,CSG,GA,ASO,ES,Towers with Radar,0,12,20,0,32,0,0,3,0,3,0,12,23,0,35,14,0,14,49
11/13/2012,CSG,GA,ASO,ES,Towers with Radar,3,8,18,0,29,0,0,23,0,23,3,8,41,0,52,10,0,10,62
11/14/2012,CSG,GA,ASO,ES,Towers with Radar,0,13,32,5,50,0,1,6,2,9,0,14,38,7,59,2,0,2,61
11/15/2012,CSG,GA,ASO,ES,Towers with Radar,2,11,23,1,37,0,2,1,0,3,2,13,24,1,40,14,0,14,54
11/16/2012,CSG,GA,ASO,ES,Towers with Radar,0,6,25,3,34,0,3,19,4,26,0,9,44,7,60,80,12,92,152
11/17/2012,CSG,GA,ASO,ES,Towers with Radar,0,9,10,0,19,0,1,13,2,16,0,10,23,2,35,38,0,38,73
11/18/2012,CSG,GA,ASO,ES,Towers with Radar,1,9,34,2,46,0,0,25,3,28,1,9,59,5,74,38,0,38,112
11/19/2012,CSG,GA,ASO,ES,Towers with Radar,0,5,15,0,20,0,0,11,0,11,0,5,26,0,31,6,0,6,37
11/20/2012,CSG,GA,ASO,ES,Towers with Radar,1,7,27,0,35,0,3,16,2,21,1,10,43,2,56,26,0,26,82
11/21/2012,CSG,GA,ASO,ES,Towers with Radar,0,9,29,2,40,0,0,34,0,34,0,9,63,2,74,20,0,20,94
11/22/2012,CSG,GA,ASO,ES,Towers with Radar,0,4,7,0,11,0,0,21,0,21,0,4,28,0,32,16,0,16,48
11/23/2012,CSG,GA,ASO,ES,Towers with Radar,0,6,15,0,21,0,0,24,1,25,0,6,39,1,46,49,0,49,95
11/24/2012,CSG,GA,ASO,ES,Towers with Radar,1,8,20,0,29,0,2,44,2,48,1,10,64,2,77,43,0,43,120
11/25/2012,CSG,GA,ASO,ES,Towers with Radar,0,11,22,0,33,0,0,24,1,25,0,11,46,1,58,18,0,18,76
11/26/2012,CSG,GA,ASO,ES,Towers with Radar,0,8,9,0,17,0,0,23,0,23,0,8,32,0,40,28,0,28,68
11/27/2012,CSG,GA,ASO,ES,Towers with Radar,2,8,13,0,23,0,0,0,0,0,2,8,13,0,23,0,0,0,23
11/28/2012,CSG,GA,ASO,ES,Towers with Radar,2,11,24,0,37,0,0,18,0,18,2,11,42,0,55,24,0,24,79
11/29/2012,CSG,GA,ASO,ES,Towers with Radar,0,12,20,0,32,0,1,14,2,17,0,13,34,2,49,17,0,17,66
11/30/2012,CSG,GA,ASO,ES,Towers with Radar,0,9,15,1,25,0,1,17,1,19,0,10,32,2,44,26,0,26,70
12/01/2012,CSG,GA,ASO,ES,Towers with Radar,0,7,9,0,16,0,0,26,2,28,0,7,35,2,44,12,0,12,56
12/02/2012,CSG,GA,ASO,ES,Towers with Radar,0,11,13,0,24,0,0,19,0,19,0,11,32,0,43,6,0,6,49
12/03/2012,CSG,GA,ASO,ES,Towers with Radar,0,8,9,0,17,0,0,13,0,13,0,8,22,0,30,14,0,14,44
12/04/2012,CSG,GA,ASO,ES,Towers with Radar,2,9,13,0,24,0,0,11,0,11,2,9,24,0,35,22,0,22,57
12/05/2012,CSG,GA,ASO,ES,Towers with Radar,0,12,20,0,32,0,0,18,0,18,0,12,38,0,50,28,0,28,78
12/06/2012,CSG,GA,ASO,ES,Towers with Radar,0,11,19,2,32,0,0,13,0,13,0,11,32,2,45,27,0,27,72
12/07/2012,CSG,GA,ASO,ES,Towers with Radar,3,9,27,0,39,0,0,4,0,4,3,9,31,0,43,12,0,12,55
12/08/2012,CSG,GA,ASO,ES,Towers with Radar,0,8,12,0,20,0,0,22,0,22,0,8,34,0,42,30,0,30,72
12/09/2012,CSG,GA,ASO,ES,Towers with Radar,0,11,15,0,26,0,0,10,2,12,0,11,25,2,38,14,0,14,52
12/10/2012,CSG,GA,ASO,ES,Towers with Radar,0,9,12,0,21,0,0,2,0,2,0,9,14,0,23,0,0,0,23
12/11/2012,CSG,GA,ASO,ES,Towers with Radar,0,7,25,3,35,0,0,12,0,12,0,7,37,3,47,0,90,90,137
12/12/2012,CSG,GA,ASO,ES,Towers with Radar,0,12,23,3,38,0,0,11,1,12,0,12,34,4,50,18,30,48,98
12/13/2012,CSG,GA,ASO,ES,Towers with Radar,2,9,29,0,40,0,1,21,0,22,2,10,50,0,62,44,0,44,106
12/14/2012,CSG,GA,ASO,ES,Towers with Radar,0,14,18,3,35,0,0,27,0,27,0,14,45,3,62,36,8,44,106
12/15/2012,CSG,GA,ASO,ES,Towers with Radar,3,4,14,0,21,0,0,23,0,23,3,4,37,0,44,38,0,38,82
12/16/2012,CSG,GA,ASO,ES,Towers with Radar,1,10,9,0,20,0,0,4,0,4,1,10,13,0,24,6,0,6,30
12/17/2012,CSG,GA,ASO,ES,Towers with Radar,2,11,16,0,29,0,0,0,0,0,2,11,16,0,29,0,0,0,29
12/18/2012,CSG,GA,ASO,ES,Towers with Radar,0,8,6,0,14,0,2,10,0,12,0,10,16,0,26,4,0,4,30
12/19/2012,CSG,GA,ASO,ES,Towers with Radar,2,7,23,0,32,0,0,19,0,19,2,7,42,0,51,32,0,32,83
12/20/2012,CSG,GA,ASO,ES,Towers with Radar,3,8,5,0,16,0,0,0,2,2,3,8,5,2,18,0,0,0,18
12/21/2012,CSG,GA,ASO,ES,Towers with Radar,1,7,16,0,24,0,0,3,0,3,1,7,19,0,27,8,0,8,35
12/22/2012,CSG,GA,ASO,ES,Towers with Radar,7,8,12,0,27,0,0,31,0,31,7,8,43,0,58,38,0,38,96
12/23/2012,CSG,GA,ASO,ES,Towers with Radar,2,7,7,0,16,0,2,14,0,16,2,9,21,0,32,48,0,48,80
12/24/2012,CSG,GA,ASO,ES,Towers with Radar,2,5,4,0,11,0,0,1,0,1,2,5,5,0,12,0,0,0,12
12/25/2012,CSG,GA,ASO,ES,Towers with Radar,2,3,5,0,10,0,0,0,0,0,2,3,5,0,10,0,0,0,10
12/26/2012,CSG,GA,ASO,ES,Towers with Radar,1,8,12,0,21,0,0,0,0,0,1,8,12,0,21,0,0,0,21
12/27/2012,CSG,GA,ASO,ES,Towers with Radar,3,10,20,2,35,0,0,12,0,12,3,10,32,2,47,8,0,8,55
12/28/2012,CSG,GA,ASO,ES,Towers with Radar,4,8,16,0,28,0,1,21,2,24,4,9,37,2,52,62,0,62,114
12/29/2012,CSG,GA,ASO,ES,Towers with Radar,2,7,9,0,18,0,0,1,0,1,2,7,10,0,19,0,0,0,19
12/30/2012,CSG,GA,ASO,ES,Towers with Radar,1,6,14,0,21,0,0,26,0,26,1,6,40,0,47,22,0,22,69
12/31/2012,CSG,GA,ASO,ES,Towers with Radar,4,4,8,0,16,0,0,18,0,18,4,4,26,0,34,46,0,46,80
01/01/2013,CSG,GA,ASO,ES,Towers with Radar,4,6,21,0,31,0,0,4,0,4,4,6,25,0,35,16,0,16,51
01/02/2013,CSG,GA,ASO,ES,Towers with Radar,3,10,7,0,20,0,0,9,0,9,3,10,16,0,29,10,0,10,39
01/03/2013,CSG,GA,ASO,ES,Towers with Radar,3,15,9,0,27,0,0,6,0,6,3,15,15,0,33,0,0,0,33
01/04/2013,CSG,GA,ASO,ES,Towers with Radar,2,8,31,0,41,0,0,24,0,24,2,8,55,0,65,50,0,50,115
01/05/2013,CSG,GA,ASO,ES,Towers with Radar,5,8,19,0,32,0,0,11,0,11,5,8,30,0,43,20,0,20,63
01/06/2013,CSG,GA,ASO,ES,Towers with Radar,2,10,8,0,20,0,0,4,0,4,2,10,12,0,24,18,0,18,42
01/07/2013,CSG,GA,ASO,ES,Towers with Radar,1,10,9,0,20,0,0,12,0,12,1,10,21,0,32,28,0,28,60
01/08/2013,CSG,GA,ASO,ES,Towers with Radar,3,7,20,3,33,0,1,6,1,8,3,8,26,4,41,27,0,27,68
01/09/2013,CSG,GA,ASO,ES,Towers with Radar,1,10,25,0,36,0,0,0,0,0,1,10,25,0,36,18,0,18,54
01/10/2013,CSG,GA,ASO,ES,Towers with Radar,2,11,20,0,33,0,0,1,0,1,2,11,21,0,34,22,0,22,56
01/11/2013,CSG,GA,ASO,ES,Towers with Radar,1,10,20,0,31,0,0,8,0,8,1,10,28,0,39,12,0,12,51
01/12/2013,CSG,GA,ASO,ES,Towers with Radar,2,7,16,0,25,0,0,26,0,26,2,7,42,0,51,16,0,16,67
01/13/2013,CSG,GA,ASO,ES,Towers with Radar,2,9,17,0,28,0,1,8,0,9,2,10,25,0,37,2,0,2,39
01/14/2013,CSG,GA,ASO,ES,Towers with Radar,2,9,16,0,27,0,0,2,0,2,2,9,18,0,29,40,0,40,69
01/15/2013,CSG,GA,ASO,ES,Towers with Radar,2,6,8,0,16,0,0,1,0,1,2,6,9,0,17,10,0,10,27
01/16/2013,CSG,GA,ASO,ES,Towers with Radar,3,10,15,0,28,0,0,0,0,0,3,10,15,0,28,0,0,0,28
01/17/2013,CSG,GA,ASO,ES,Towers with Radar,3,9,11,0,23,0,0,0,0,0,3,9,11,0,23,0,0,0,23
01/18/2013,CSG,GA,ASO,ES,Towers with Radar,3,10,24,0,37,0,0,16,2,18,3,10,40,2,55,22,0,22,77
01/19/2013,CSG,GA,ASO,ES,Towers with Radar,1,5,10,0,16,0,0,29,0,29,1,5,39,0,45,10,0,10,55
01/20/2013,CSG,GA,ASO,ES,Towers with Radar,3,7,14,0,24,0,0,33,0,33,3,7,47,0,57,22,0,22,79
01/21/2013,CSG,GA,ASO,ES,Towers with Radar,2,9,19,0,30,0,0,18,0,18,2,9,37,0,48,4,0,4,52
01/22/2013,CSG,GA,ASO,ES,Towers with Radar,1,8,10,0,19,0,0,19,0,19,1,8,29,0,38,24,0,24,62
01/23/2013,CSG,GA,ASO,ES,Towers with Radar,4,9,23,2,38,0,3,36,1,40,4,12,59,3,78,24,22,46,124
01/24/2013,CSG,GA,ASO,ES,Towers with Radar,5,9,20,0,34,0,2,25,0,27,5,11,45,0,61,22,0,22,83
01/25/2013,CSG,GA,ASO,ES,Towers with Radar,2,14,10,2,28,0,4,8,0,12,2,18,18,2,40,8,0,8,48
01/26/2013,CSG,GA,ASO,ES,Towers with Radar,2,10,27,0,39,0,0,33,0,33,2,10,60,0,72,86,0,86,158
01/27/2013,CSG,GA,ASO,ES,Towers with Radar,1,13,14,0,28,0,0,19,0,19,1,13,33,0,47,2,0,2,49
01/28/2013,CSG,GA,ASO,ES,Towers with Radar,2,9,23,0,34,0,0,5,0,5,2,9,28,0,39,22,0,22,61
01/29/2013,CSG,GA,ASO,ES,Towers with Radar,2,11,22,0,35,0,0,4,0,4,2,11,26,0,39,24,0,24,63
01/30/2013,CSG,GA,ASO,ES,Towers with Radar,0,4,4,0,8,0,0,0,2,2,0,4,4,2,10,0,0,0,10
01/31/2013,CSG,GA,ASO,ES,Towers with Radar,3,8,15,0,26,0,0,21,2,23,3,8,36,2,49,31,0,31,80
02/01/2013,CSG,GA,ASO,ES,Towers with Radar,5,10,18,0,33,0,2,24,0,26,5,12,42,0,59,16,0,16,75
02/02/2013,CSG,GA,ASO,ES,Towers with Radar,4,7,12,0,23,0,0,22,0,22,4,7,34,0,45,46,0,46,91
02/03/2013,CSG,GA,ASO,ES,Towers with Radar,1,9,3,0,13,0,1,15,2,18,1,10,18,2,31,43,0,43,74
02/04/2013,CSG,GA,ASO,ES,Towers with Radar,3,10,25,0,38,0,0,24,0,24,3,10,49,0,62,52,0,52,114
02/05/2013,CSG,GA,ASO,ES,Towers with Radar,4,9,25,0,38,0,2,30,1,33,4,11,55,1,71,36,0,36,107
02/06/2013,CSG,GA,ASO,ES,Towers with Radar,2,11,19,0,32,0,0,29,2,31,2,11,48,2,63,44,0,44,107
02/07/2013,CSG,GA,ASO,ES,Towers with Radar,4,10,12,0,26,0,0,0,0,0,4,10,12,0,26,0,0,0,26
02/08/2013,CSG,GA,ASO,ES,Towers with Radar,2,12,16,4,34,0,0,0,0,0,2,12,16,4,34,14,34,48,82
02/09/2013,CSG,GA,ASO,ES,Towers with Radar,4,13,20,0,37,0,0,49,3,52,4,13,69,3,89,18,0,18,107
02/10/2013,CSG,GA,ASO,ES,Towers with Radar,3,14,10,0,27,0,1,9,0,10,3,15,19,0,37,0,0,0,37
02/11/2013,CSG,GA,ASO,ES,Towers with Radar,2,11,9,0,22,0,0,0,0,0,2,11,9,0,22,0,0,0,22
02/12/2013,CSG,GA,ASO,ES,Towers with Radar,5,10,7,2,24,0,0,2,0,2,5,10,9,2,26,0,22,22,48
02/13/2013,CSG,GA,ASO,ES,Towers with Radar,2,9,14,0,25,0,2,0,7,9,2,11,14,7,34,2,0,2,36
02/14/2013,CSG,GA,ASO,ES,Towers with Radar,3,10,27,2,42,0,1,36,3,40,3,11,63,5,82,81,0,81,163
02/15/2013,CSG,GA,ASO,ES,Towers with Radar,2,10,20,0,32,0,2,39,4,45,2,12,59,4,77,45,0,45,122
02/16/2013,CSG,GA,ASO,ES,Towers with Radar,1,6,14,0,21,0,0,12,0,12,1,6,26,0,33,10,0,10,43
02/17/2013,CSG,GA,ASO,ES,Towers with Radar,1,7,23,0,31,0,0,31,0,31,1,7,54,0,62,62,0,62,124
02/18/2013,CSG,GA,ASO,ES,Towers with Radar,1,7,14,0,22,0,1,39,1,41,1,8,53,1,63,71,0,71,134
02/19/2013,CSG,GA,ASO,ES,Towers with Radar,2,7,18,0,27,0,0,8,4,12,2,7,26,4,39,14,0,14,53
02/20/2013,CSG,GA,ASO,ES,Towers with Radar,4,9,23,2,38,0,0,27,2,29,4,9,50,4,67,38,0,38,105
02/21/2013,CSG,GA,ASO,ES,Towers with Radar,3,10,20,0,33,0,0,31,0,31,3,10,51,0,64,42,0,42,106
02/22/2013,CSG,GA,ASO,ES,Towers with Radar,3,8,16,0,27,0,0,0,0,0,3,8,16,0,27,0,0,0,27
02/23/2013,CSG,GA,ASO,ES,Towers with Radar,2,9,8,0,19,0,0,0,0,0,2,9,8,0,19,0,0,0,19
02/24/2013,CSG,GA,ASO,ES,Towers with Radar,1,13,23,0,37,0,0,28,0,28,1,13,51,0,65,24,0,24,89
02/25/2013,CSG,GA,ASO,ES,Towers with Radar,3,12,7,0,22,0,0,0,0,0,3,12,7,0,22,0,0,0,22
02/26/2013,CSG,GA,ASO,ES,Towers with Radar,3,10,6,0,19,0,0,6,1,7,3,10,12,1,26,0,0,0,26
02/27/2013,CSG,GA,ASO,ES,Towers with Radar,6,9,18,0,33,0,0,31,4,35,6,9,49,4,68,40,14,54,122
02/28/2013,CSG,GA,ASO,ES,Towers with Radar,5,8,23,0,36,0,0,25,0,25,5,8,48,0,61,24,0,24,85
03/01/2013,CSG,GA,ASO,ES,Towers with Radar,1,13,12,0,26,0,2,19,0,21,1,15,31,0,47,18,0,18,65
03/02/2013,CSG,GA,ASO,ES,Towers with Radar,1,9,5,0,15,0,0,3,0,3,1,9,8,0,18,6,0,6,24
03/03/2013,CSG,GA,ASO,ES,Towers with Radar,0,13,13,1,27,0,0,28,0,28,0,13,41,1,55,4,0,4,59
03/04/2013,CSG,GA,ASO,ES,Towers with Radar,1,9,10,0,20,0,0,22,5,27,1,9,32,5,47,26,0,26,73
03/05/2013,CSG,GA,ASO,ES,Towers with Radar,5,8,16,0,29,0,0,3,0,3,5,8,19,0,32,4,0,4,36
03/06/2013,CSG,GA,ASO,ES,Towers with Radar,0,7,16,0,23,0,0,6,0,6,0,7,22,0,29,18,0,18,47
03/07/2013,CSG,GA,ASO,ES,Towers with Radar,6,11,18,0,35,0,0,33,0,33,6,11,51,0,68,0,0,0,68
03/08/2013,CSG,GA,ASO,ES,Towers with Radar,5,10,25,4,44,0,1,34,0,35,5,11,59,4,79,26,0,26,105
03/09/2013,CSG,GA,ASO,ES,Towers with Radar,4,7,19,2,32,0,0,37,2,39,4,7,56,4,71,30,0,30,101
03/10/2013,CSG,GA,ASO,ES,Towers with Radar,2,10,8,0,20,0,0,36,0,36,2,10,44,0,56,14,0,14,70
03/11/2013,CSG,GA,ASO,ES,Towers with Radar,2,10,12,0,24,0,0,0,0,0,2,10,12,0,24,0,0,0,24
03/12/2013,CSG,GA,ASO,ES,Towers with Radar,4,10,17,0,31,0,0,18,0,18,4,10,35,0,49,1,0,1,50
03/13/2013,CSG,GA,ASO,ES,Towers with Radar,2,8,17,0,27,0,0,12,0,12,2,8,29,0,39,18,0,18,57
03/14/2013,CSG,GA,ASO,ES,Towers with Radar,5,12,27,0,44,0,0,33,3,36,5,12,60,3,80,14,0,14,94
03/15/2013,CSG,GA,ASO,ES,Towers with Radar,0,16,14,3,33,0,1,26,4,31,0,17,40,7,64,4,0,4,68
03/16/2013,CSG,GA,ASO,ES,Towers with Radar,5,7,10,0,22,0,0,23,0,23,5,7,33,0,45,54,0,54,99
03/17/2013,CSG,GA,ASO,ES,Towers with Radar,3,10,14,1,28,0,0,30,2,32,3,10,44,3,60,54,0,54,114
03/18/2013,CSG,GA,ASO,ES,Towers with Radar,1,11,12,0,24,0,0,2,0,2,1,11,14,0,26,0,0,0,26
03/19/2013,CSG,GA,ASO,ES,Towers with Radar,2,11,27,0,40,0,1,33,0,34,2,12,60,0,74,40,0,40,114
03/20/2013,CSG,GA,ASO,ES,Towers with Radar,3,10,22,2,37,0,0,27,0,27,3,10,49,2,64,16,0,16,80
03/21/2013,CSG,GA,ASO,ES,Towers with Radar,3,9,33,2,47,0,0,26,1,27,3,9,59,3,74,22,0,22,96
03/22/2013,CSG,GA,ASO,ES,Towers with Radar,5,10,18,0,33,0,0,13,0,13,5,10,31,0,46,0,0,0,46
03/23/2013,CSG,GA,ASO,ES,Towers with Radar,3,7,14,0,24,0,0,2,0,2,3,7,16,0,26,6,0,6,32
03/24/2013,CSG,GA,ASO,ES,Towers with Radar,1,8,16,0,25,0,2,4,0,6,1,10,20,0,31,9,0,9,40
03/25/2013,CSG,GA,ASO,ES,Towers with Radar,1,8,14,0,23,0,0,8,0,8,1,8,22,0,31,0,0,0,31
03/26/2013,CSG,GA,ASO,ES,Towers with Radar,1,9,18,0,28,0,0,24,0,24,1,9,42,0,52,10,0,10,62
03/27/2013,CSG,GA,ASO,ES,Towers with Radar,4,10,20,0,34,0,0,33,1,34,4,10,53,1,68,46,0,46,114
03/28/2013,CSG,GA,ASO,ES,Towers with Radar,8,7,28,1,44,0,0,24,0,24,8,7,52,1,68,58,0,58,126
03/29/2013,CSG,GA,ASO,ES,Towers with Radar,4,7,16,0,27,0,0,37,0,37,4,7,53,0,64,72,0,72,136
03/30/2013,CSG,GA,ASO,ES,Towers with Radar,1,7,13,0,21,0,0,59,1,60,1,7,72,1,81,84,0,84,165
03/31/2013,CSG,GA,ASO,ES,Towers with Radar,2,9,10,0,21,0,0,5,8,13,2,9,15,8,34,38,0,38,72
04/01/2013,CSG,GA,ASO,ES,Towers with Radar,4,11,13,0,28,0,0,18,0,18,4,11,31,0,46,2,0,2,48
04/02/2013,CSG,GA,ASO,ES,Towers with Radar,3,9,17,0,29,0,0,21,0,21,3,9,38,0,50,41,0,41,91
04/03/2013,CSG,GA,ASO,ES,Towers with Radar,0,9,10,2,21,0,0,13,0,13,0,9,23,2,34,21,24,45,79
04/04/2013,CSG,GA,ASO,ES,Towers with Radar,4,14,19,5,42,0,0,1,0,1,4,14,20,5,43,0,0,0,43
04/05/2013,CSG,GA,ASO,ES,Towers with Radar,0,16,35,0,51,0,1,4,0,5,0,17,39,0,56,20,0,20,76
04/06/2013,CSG,GA,ASO,ES,Towers with Radar,2,8,22,0,32,0,0,35,0,35,2,8,57,0,67,52,0,52,119
04/07/2013,CSG,GA,ASO,ES,Towers with Radar,3,15,19,0,37,0,0,21,0,21,3,15,40,0,58,16,0,16,74
04/08/2013,CSG,GA,ASO,ES,Towers with Radar,2,9,15,0,26,14,0,16,0,30,16,9,31,0,56,7,0,7,63
04/09/2013,CSG,GA,ASO,ES,Towers with Radar,2,12,15,0,29,2,0,38,0,40,4,12,53,0,69,32,0,32,101
04/10/2013,CSG,GA,ASO,ES,Towers with Radar,1,10,13,0,24,0,0,20,0,20,1,10,33,0,44,29,0,29,73
04/11/2013,CSG,GA,ASO,ES,Towers with Radar,7,14,13,0,34,0,0,0,0,0,7,14,13,0,34,0,0,0,34
04/12/2013,CSG,GA,ASO,ES,Towers with Radar,5,11,29,0,45,0,1,19,1,21,5,12,48,1,66,14,0,14,80
04/13/2013,CSG,GA,ASO,ES,Towers with Radar,2,9,21,0,32,0,1,41,0,42,2,10,62,0,74,30,0,30,104
04/14/2013,CSG,GA,ASO,ES,Towers with Radar,3,9,18,0,30,0,0,1,0,1,3,9,19,0,31,0,0,0,31
04/15/2013,CSG,GA,ASO,ES,Towers with Radar,2,11,21,0,34,16,0,17,0,33,18,11,38,0,67,24,0,24,91
04/16/2013,CSG,GA,ASO,ES,Towers with Radar,3,11,22,0,36,0,3,22,0,25,3,14,44,0,61,28,0,28,89
04/17/2013,CSG,GA,ASO,ES,Towers with Radar,3,9,20,0,32,0,1,16,2,19,3,10,36,2,51,30,0,30,81
04/18/2013,CSG,GA,ASO,ES,Towers with Radar,6,8,23,0,37,0,0,13,0,13,6,8,36,0,50,8,0,8,58
04/19/2013,CSG,GA,ASO,ES,Towers with Radar,4,9,17,0,30,0,0,0,0,0,4,9,17,0,30,0,0,0,30
04/20/2013,CSG,GA,ASO,ES,Towers with Radar,1,9,10,0,20,0,0,25,0,25,1,9,35,0,45,24,0,24,69
04/21/2013,CSG,GA,ASO,ES,Towers with Radar,3,11,12,0,26,0,0,20,0,20,3,11,32,0,46,48,0,48,94
04/22/2013,CSG,GA,ASO,ES,Towers with Radar,3,12,12,0,27,0,0,13,0,13,3,12,25,0,40,4,0,4,44
04/23/2013,CSG,GA,ASO,ES,Towers with Radar,1,11,23,0,35,0,1,16,3,20,1,12,39,3,55,44,0,44,99
04/24/2013,CSG,GA,ASO,ES,Towers with Radar,2,11,20,0,33,0,0,15,8,23,2,11,35,8,56,12,0,12,68
04/25/2013,CSG,GA,ASO,ES,Towers with Radar,2,7,28,0,37,0,1,26,0,27,2,8,54,0,64,18,0,18,82
04/26/2013,CSG,GA,ASO,ES,Towers with Radar,4,11,20,0,35,0,2,32,0,34,4,13,52,0,69,18,0,18,87
04/27/2013,CSG,GA,ASO,ES,Towers with Radar,4,7,14,0,25,0,0,29,1,30,4,7,43,1,55,66,0,66,121
04/28/2013,CSG,GA,ASO,ES,Towers with Radar,1,9,12,0,22,0,0,7,0,7,1,9,19,0,29,6,0,6,35
04/29/2013,CSG,GA,ASO,ES,Towers with Radar,2,9,19,0,30,0,0,7,2,9,2,9,26,2,39,40,0,40,79
04/30/2013,CSG,GA,ASO,ES,Towers with Radar,5,9,21,0,35,0,0,11,0,11,5,9,32,0,46,6,0,6,52
05/01/2013,CSG,GA,ASO,ES,Towers with Radar,1,11,26,2,40,0,0,4,0,4,1,11,30,2,44,0,0,0,44
05/02/2013,CSG,GA,ASO,ES,Towers with Radar,1,10,14,0,25,0,0,3,0,3,1,10,17,0,28,0,0,0,28
05/03/2013,CSG,GA,ASO,ES,Towers with Radar,1,9,11,2,23,0,1,3,8,12,1,10,14,10,35,6,0,6,41
05/04/2013,CSG,GA,ASO,ES,Towers with Radar,0,8,7,0,15,0,0,0,0,0,0,8,7,0,15,0,0,0,15
05/05/2013,CSG,GA,ASO,ES,Towers with Radar,1,12,14,0,27,0,0,17,0,17,1,12,31,0,44,26,0,26,70
05/06/2013,CSG,GA,ASO,ES,Towers with Radar,0,9,15,0,24,0,1,6,4,11,0,10,21,4,35,31,0,31,66
05/07/2013,CSG,GA,ASO,ES,Towers with Radar,2,9,11,0,22,0,0,25,0,25,2,9,36,0,47,8,0,8,55
05/08/2013,CSG,GA,ASO,ES,Towers with Radar,0,9,23,0,32,0,0,25,1,26,0,9,48,1,58,35,0,35,93
05/09/2013,CSG,GA,ASO,ES,Towers with Radar,6,13,24,2,45,0,5,23,0,28,6,18,47,2,73,52,0,52,125
05/10/2013,CSG,GA,ASO,ES,Towers with Radar,3,12,22,4,41,0,0,13,0,13,3,12,35,4,54,16,0,16,70
05/11/2013,CSG,GA,ASO,ES,Towers with Radar,4,9,11,0,24,0,0,6,0,6,4,9,17,0,30,0,0,0,30
05/12/2013,CSG,GA,ASO,ES,Towers with Radar,0,7,12,0,19,0,2,14,0,16,0,9,26,0,35,38,0,38,73
05/13/2013,CSG,GA,ASO,ES,Towers with Radar,2,11,17,2,32,0,0,25,0,25,2,11,42,2,57,68,0,68,125
05/14/2013,CSG,GA,ASO,ES,Towers with Radar,3,11,15,0,29,0,0,20,0,20,3,11,35,0,49,34,0,34,83
05/15/2013,CSG,GA,ASO,ES,Towers with Radar,5,11,25,0,41,0,2,23,0,25,5,13,48,0,66,44,0,44,110
05/16/2013,CSG,GA,ASO,ES,Towers with Radar,5,8,19,0,32,0,0,16,0,16,5,8,35,0,48,62,0,62,110
05/17/2013,CSG,GA,ASO,ES,Towers with Radar,4,11,26,2,43,0,1,20,1,22,4,12,46,3,65,38,0,38,103
05/18/2013,CSG,GA,ASO,ES,Towers with Radar,2,13,5,0,20,0,0,6,0,6,2,13,11,0,26,0,0,0,26
05/19/2013,CSG,GA,ASO,ES,Towers with Radar,1,11,14,0,26,0,0,10,0,10,1,11,24,0,36,63,0,63,99
05/20/2013,CSG,GA,ASO,ES,Towers with Radar,4,10,13,0,27,0,0,32,0,32,4,10,45,0,59,14,0,14,73
05/21/2013,CSG,GA,ASO,ES,Towers with Radar,3,7,16,0,26,0,1,23,1,25,3,8,39,1,51,61,0,61,112
05/22/2013,CSG,GA,ASO,ES,Towers with Radar,2,8,16,3,29,0,2,27,2,31,2,10,43,5,60,58,0,58,118
05/23/2013,CSG,GA,ASO,ES,Towers with Radar,4,9,10,0,23,0,2,19,0,21,4,11,29,0,44,52,0,52,96
05/24/2013,CSG,GA,ASO,ES,Towers with Radar,4,12,25,0,41,0,0,17,0,17,4,12,42,0,58,60,0,60,118
05/25/2013,CSG,GA,ASO,ES,Towers with Radar,0,8,9,0,17,0,0,35,0,35,0,8,44,0,52,76,0,76,128
05/26/2013,CSG,GA,ASO,ES,Towers with Radar,2,7,7,0,16,0,0,15,0,15,2,7,22,0,31,34,0,34,65
05/27/2013,CSG,GA,ASO,ES,Towers with Radar,3,10,16,0,29,0,0,35,1,36,3,10,51,1,65,66,0,66,131
05/28/2013,CSG,GA,ASO,ES,Towers with Radar,1,11,17,0,29,0,0,22,0,22,1,11,39,0,51,70,0,70,121
05/29/2013,CSG,GA,ASO,ES,Towers with Radar,0,9,22,0,31,0,0,25,0,25,0,9,47,0,56,8,0,8,64
05/30/2013,CSG,GA,ASO,ES,Towers with Radar,5,7,18,0,30,0,0,12,2,14,5,7,30,2,44,42,0,42,86
05/31/2013,CSG,GA,ASO,ES,Towers with Radar,2,9,18,1,30,0,1,21,0,22,2,10,39,1,52,91,0,91,143
06/01/2013,CSG,GA,ASO,ES,Towers with Radar,0,9,22,2,33,0,1,27,2,30,0,10,49,4,63,79,0,79,142
06/02/2013,CSG,GA,ASO,ES,Towers with Radar,2,8,8,2,20,0,0,15,0,15,2,8,23,2,35,26,0,26,61
06/03/2013,CSG,GA,ASO,ES,Towers with Radar,1,10,10,0,21,0,0,7,0,7,1,10,17,0,28,40,0,40,68
06/04/2013,CSG,GA,ASO,ES,Towers with Radar,2,10,15,0,27,0,4,31,1,36,2,14,46,1,63,70,0,70,133
06/05/2013,CSG,GA,ASO,ES,Towers with Radar,4,9,22,0,35,0,1,9,0,10,4,10,31,0,45,92,0,92,137
06/06/2013,CSG,GA,ASO,ES,Towers with Radar,1,9,10,0,20,0,0,0,0,0,1,9,10,0,20,4,0,4,24
06/07/2013,CSG,GA,ASO,ES,Towers with Radar,1,8,10,0,19,0,0,10,0,10,1,8,20,0,29,38,0,38,67
06/08/2013,CSG,GA,ASO,ES,Towers with Radar,1,8,14,0,23,0,1,30,1,32,1,9,44,1,55,32,0,32,87
06/09/2013,CSG,GA,ASO,ES,Towers with Radar,0,9,16,0,25,0,0,4,0,4,0,9,20,0,29,4,0,4,33
06/10/2013,CSG,GA,ASO,ES,Towers with Radar,7,11,13,0,31,0,0,5,0,5,7,11,18,0,36,38,0,38,74
06/11/2013,CSG,GA,ASO,ES,Towers with Radar,4,9,17,0,30,0,0,16,0,16,4,9,33,0,46,56,0,56,102
06/12/2013,CSG,GA,ASO,ES,Towers with Radar,2,8,15,0,25,0,0,35,0,35,2,8,50,0,60,22,0,22,82
06/13/2013,CSG,GA,ASO,ES,Towers with Radar,8,8,11,2,29,0,2,18,0,20,8,10,29,2,49,22,0,22,71
06/14/2013,CSG,GA,ASO,ES,Towers with Radar,3,7,20,0,30,0,0,23,0,23,3,7,43,0,53,88,0,88,141
06/15/2013,CSG,GA,ASO,ES,Towers with Radar,3,8,19,0,30,0,0,25,0,25,3,8,44,0,55,112,0,112,167
06/16/2013,CSG,GA,ASO,ES,Towers with Radar,0,8,14,0,22,0,0,19,0,19,0,8,33,0,41,43,0,43,84
06/17/2013,CSG,GA,ASO,ES,Towers with Radar,5,12,18,0,35,0,0,7,2,9,5,12,25,2,44,14,0,14,58
06/18/2013,CSG,GA,ASO,ES,Towers with Radar,1,7,22,0,30,0,0,2,0,2,1,7,24,0,32,0,0,0,32
06/19/2013,CSG,GA,ASO,ES,Towers with Radar,0,9,21,0,30,0,0,5,0,5,0,9,26,0,35,60,0,60,95
06/20/2013,CSG,GA,ASO,ES,Towers with Radar,3,7,17,2,29,0,1,17,0,18,3,8,34,2,47,70,22,92,139
06/21/2013,CSG,GA,ASO,ES,Towers with Radar,1,9,19,2,31,0,0,25,0,25,1,9,44,2,56,14,0,14,70
06/22/2013,CSG,GA,ASO,ES,Towers with Radar,6,6,11,0,23,0,3,24,0,27,6,9,35,0,50,32,0,32,82
06/23/2013,CSG,GA,ASO,ES,Towers with Radar,2,7,12,0,21,0,0,3,0,3,2,7,15,0,24,6,0,6,30
06/24/2013,CSG,GA,ASO,ES,Towers with Radar,0,8,11,0,19,0,1,29,0,30,0,9,40,0,49,47,0,47,96
06/25/2013,CSG,GA,ASO,ES,Towers with Radar,0,8,19,0,27,0,0,28,0,28,0,8,47,0,55,52,0,52,107
06/26/2013,CSG,GA,ASO,ES,Towers with Radar,0,14,17,0,31,0,0,20,0,20,0,14,37,0,51,44,0,44,95
06/27/2013,CSG,GA,ASO,ES,Towers with Radar,1,7,22,3,33,0,0,2,1,3,1,7,24,4,36,36,0,36,72
06/28/2013,CSG,GA,ASO,ES,Towers with Radar,3,8,22,0,33,0,0,21,0,21,3,8,43,0,54,16,0,16,70
06/29/2013,CSG,GA,ASO,ES,Towers with Radar,3,5,17,0,25,0,0,8,0,8,3,5,25,0,33,72,0,72,105
06/30/2013,CSG,GA,ASO,ES,Towers with Radar,1,9,14,0,24,0,0,14,2,16,1,9,28,2,40,78,0,78,118
07/01/2013,CSG,GA,ASO,ES,Towers with Radar,3,5,11,0,19,0,0,8,4,12,3,5,19,4,31,49,0,49,80
07/02/2013,CSG,GA,ASO,ES,Towers with Radar,0,9,7,2,18,0,0,20,3,23,0,9,27,5,41,49,38,87,128
07/03/2013,CSG,GA,ASO,ES,Towers with Radar,2,8,6,0,16,0,0,0,0,0,2,8,6,0,16,0,0,0,16
07/04/2013,CSG,GA,ASO,ES,Towers with Radar,0,5,1,0,6,0,0,0,0,0,0,5,1,0,6,0,0,0,6
07/05/2013,CSG,GA,ASO,ES,Towers with Radar,0,5,11,0,16,0,0,2,0,2,0,5,13,0,18,0,0,0,18
07/06/2013,CSG,GA,ASO,ES,Towers with Radar,1,5,13,0,19,0,0,3,0,3,1,5,16,0,22,2,0,2,24
07/07/2013,CSG,GA,ASO,ES,Towers with Radar,2,7,20,0,29,0,0,3,0,3,2,7,23,0,32,14,0,14,46
07/08/2013,CSG,GA,ASO,ES,Towers with Radar,0,5,8,0,13,0,0,36,0,36,0,5,44,0,49,34,0,34,83
07/09/2013,CSG,GA,ASO,ES,Towers with Radar,2,8,13,0,23,0,0,23,0,23,2,8,36,0,46,70,0,70,116
07/10/2013,CSG,GA,ASO,ES,Towers with Radar,2,7,11,0,20,0,1,12,1,14,2,8,23,1,34,12,0,12,46
07/11/2013,CSG,GA,ASO,ES,Towers with Radar,3,10,18,0,31,0,0,2,0,2,3,10,20,0,33,14,0,14,47
07/12/2013,CSG,GA,ASO,ES,Towers with Radar,0,6,21,0,27,0,0,9,0,9,0,6,30,0,36,8,0,8,44
07/13/2013,CSG,GA,ASO,ES,Towers with Radar,1,4,20,0,25,0,0,3,0,3,1,4,23,0,28,16,0,16,44
07/14/2013,CSG,GA,ASO,ES,Towers with Radar,1,7,4,1,13,0,0,11,1,12,1,7,15,2,25,14,0,14,39
07/15/2013,CSG,GA,ASO,ES,Towers with Radar,2,6,12,0,20,0,0,8,2,10,2,6,20,2,30,22,0,22,52
07/16/2013,CSG,GA,ASO,ES,Towers with Radar,1,9,18,0,28,0,0,35,3,38,1,9,53,3,66,98,0,98,164
07/17/2013,CSG,GA,ASO,ES,Towers with Radar,0,8,10,0,18,0,0,23,1,24,0,8,33,1,42,14,0,14,56
07/18/2013,CSG,GA,ASO,ES,Towers with Radar,1,7,18,0,26,0,0,23,5,28,1,7,41,5,54,78,0,78,132
07/19/2013,CSG,GA,ASO,ES,Towers with Radar,0,7,22,0,29,0,1,32,0,33,0,8,54,0,62,44,0,44,106
07/20/2013,CSG,GA,ASO,ES,Towers with Radar,2,10,9,0,21,0,0,7,0,7,2,10,16,0,28,0,0,0,28
07/21/2013,CSG,GA,ASO,ES,Towers with Radar,4,11,12,0,27,0,0,7,0,7,4,11,19,0,34,44,0,44,78
07/22/2013,CSG,GA,ASO,ES,Towers with Radar,1,9,14,0,24,0,2,6,1,9,1,11,20,1,33,10,20,30,63
07/23/2013,CSG,GA,ASO,ES,Towers with Radar,0,8,17,0,25,0,0,6,2,8,0,8,23,2,33,0,0,0,33
07/24/2013,CSG,GA,ASO,ES,Towers with Radar,0,10,23,0,33,0,0,16,3,19,0,10,39,3,52,34,0,34,86
07/25/2013,CSG,GA,ASO,ES,Towers with Radar,3,7,31,0,41,0,2,30,0,32,3,9,61,0,73,14,0,14,87
07/26/2013,CSG,GA,ASO,ES,Towers with Radar,2,11,21,0,34,0,6,44,0,50,2,17,65,0,84,50,0,50,134
07/27/2013,CSG,GA,ASO,ES,Towers with Radar,1,5,12,0,18,0,0,21,0,21,1,5,33,0,39,58,0,58,97
07/28/2013,CSG,GA,ASO,ES,Towers with Radar,3,8,15,0,26,0,0,29,0,29,3,8,44,0,55,42,0,42,97
07/29/2013,CSG,GA,ASO,ES,Towers with Radar,3,8,16,0,27,0,0,23,0,23,3,8,39,0,50,8,0,8,58
07/30/2013,CSG,GA,ASO,ES,Towers with Radar,0,9,19,0,28,0,0,23,0,23,0,9,42,0,51,16,0,16,67
07/31/2013,CSG,GA,ASO,ES,Towers with Radar,1,7,20,0,28,0,1,3,0,4,1,8,23,0,32,28,0,28,60
08/01/2013,CSG,GA,ASO,ES,Towers with Radar,4,5,19,0,28,0,0,12,1,13,4,5,31,1,41,36,0,36,77
08/02/2013,CSG,GA,ASO,ES,Towers with Radar,1,9,18,2,30,0,0,34,3,37,1,9,52,5,67,22,28,50,117
08/03/2013,CSG,GA,ASO,ES,Towers with Radar,3,5,9,0,17,0,0,20,3,23,3,5,29,3,40,54,0,54,94
08/04/2013,CSG,GA,ASO,ES,Towers with Radar,1,9,11,1,22,0,0,16,2,18,1,9,27,3,40,22,0,22,62
08/05/2013,CSG,GA,ASO,ES,Towers with Radar,1,9,11,0,21,0,0,17,0,17,1,9,28,0,38,56,0,56,94
08/06/2013,CSG,GA,ASO,ES,Towers with Radar,3,13,26,0,42,0,0,10,0,10,3,13,36,0,52,20,0,20,72
08/07/2013,CSG,GA,ASO,ES,Towers with Radar,1,10,17,0,28,0,0,10,0,10,1,10,27,0,38,2,0,2,40
08/08/2013,CSG,GA,ASO,ES,Towers with Radar,4,5,16,0,25,0,1,13,2,16,4,6,29,2,41,18,0,18,59
08/09/2013,CSG,GA,ASO,ES,Towers with Radar,1,8,24,0,33,0,1,18,0,19,1,9,42,0,52,28,0,28,80
08/10/2013,CSG,GA,ASO,ES,Towers with Radar,3,5,7,0,15,0,2,20,2,24,3,7,27,2,39,24,0,24,63
08/11/2013,CSG,GA,ASO,ES,Towers with Radar,1,9,13,0,23,0,0,19,0,19,1,9,32,0,42,18,0,18,60
08/12/2013,CSG,GA,ASO,ES,Towers with Radar,4,11,13,0,28,0,2,24,0,26,4,13,37,0,54,30,0,30,84
08/13/2013,CSG,GA,ASO,ES,Towers with Radar,2,7,15,0,24,0,0,13,0,13,2,7,28,0,37,32,0,32,69
08/14/2013,CSG,GA,ASO,ES,Towers with Radar,2,7,31,0,40,0,0,4,0,4,2,7,35,0,44,4,0,4,48
08/15/2013,CSG,GA,ASO,ES,Towers with Radar,4,6,18,0,28,0,0,0,0,0,4,6,18,0,28,0,0,0,28
08/16/2013,CSG,GA,ASO,ES,Towers with Radar,0,8,17,0,25,0,2,3,0,5,0,10,20,0,30,0,0,0,30
08/17/2013,CSG,GA,ASO,ES,Towers with Radar,3,5,3,0,11,0,0,1,0,1,3,5,4,0,12,0,0,0,12
08/18/2013,CSG,GA,ASO,ES,Towers with Radar,1,8,13,0,22,0,0,1,0,1,1,8,14,0,23,0,0,0,23
08/19/2013,CSG,GA,ASO,ES,Towers with Radar,4,11,8,0,23,0,3,10,0,13,4,14,18,0,36,38,0,38,74
08/20/2013,CSG,GA,ASO,ES,Towers with Radar,2,9,9,1,21,0,0,6,1,7,2,9,15,2,28,10,24,34,62
08/21/2013,CSG,GA,ASO,ES,Towers with Radar,0,7,9,2,18,0,2,5,0,7,0,9,14,2,25,18,0,18,43
08/22/2013,CSG,GA,ASO,ES,Towers with Radar,4,7,28,0,39,0,0,15,0,15,4,7,43,0,54,10,0,10,64
08/23/2013,CSG,GA,ASO,ES,Towers with Radar,4,9,19,0,32,0,0,17,0,17,4,9,36,0,49,4,0,4,53
08/24/2013,CSG,GA,ASO,ES,Towers with Radar,2,5,15,0,22,0,2,27,1,30,2,7,42,1,52,24,0,24,76
08/25/2013,CSG,GA,ASO,ES,Towers with Radar,1,9,18,0,28,0,1,28,0,29,1,10,46,0,57,16,0,16,73
08/26/2013,CSG,GA,ASO,ES,Towers with Radar,3,8,21,2,34,0,0,34,2,36,3,8,55,4,70,24,0,24,94
08/27/2013,CSG,GA,ASO,ES,Towers with Radar,1,10,28,0,39,0,0,21,0,21,1,10,49,0,60,38,0,38,98
08/28/2013,CSG,GA,ASO,ES,Towers with Radar,2,7,17,0,26,0,0,32,0,32,2,7,49,0,58,8,0,8,66
08/29/2013,CSG,GA,ASO,ES,Towers with Radar,2,9,16,0,27,0,0,26,0,26,2,9,42,0,53,62,0,62,115
08/30/2013,CSG,GA,ASO,ES,Towers with Radar,0,11,22,0,33,0,6,28,1,35,0,17,50,1,68,18,0,18,86
08/31/2013,CSG,GA,ASO,ES,Towers with Radar,4,4,12,0,20,0,2,18,0,20,4,6,30,0,40,10,0,10,50
09/01/2013,CSG,GA,ASO,ES,Towers with Radar,1,10,7,0,18,0,0,12,0,12,1,10,19,0,30,34,0,34,64
09/02/2013,CSG,GA,ASO,ES,Towers with Radar,1,9,15,0,25,0,1,11,2,14,1,10,26,2,39,4,0,4,43
09/03/2013,CSG,GA,ASO,ES,Towers with Radar,0,8,12,0,20,0,0,9,2,11,0,8,21,2,31,6,0,6,37
09/04/2013,CSG,GA,ASO,ES,Towers with Radar,1,8,21,0,30,0,0,15,2,17,1,8,36,2,47,36,0,36,83
09/05/2013,CSG,GA,ASO,ES,Towers with Radar,5,7,21,0,33,0,0,25,0,25,5,7,46,0,58,6,0,6,64
09/06/2013,CSG,GA,ASO,ES,Towers with Radar,7,7,22,8,44,0,0,39,1,40,7,7,61,9,84,26,0,26,110
09/07/2013,CSG,GA,ASO,ES,Towers with Radar,0,5,17,0,22,0,0,30,5,35,0,5,47,5,57,18,0,18,75
09/08/2013,CSG,GA,ASO,ES,Towers with Radar,0,7,23,4,34,0,0,31,2,33,0,7,54,6,67,18,0,18,85
09/09/2013,CSG,GA,ASO,ES,Towers with Radar,2,7,14,0,23,0,0,23,0,23,2,7,37,0,46,6,0,6,52
09/10/2013,CSG,GA,ASO,ES,Towers with Radar,0,6,7,0,13,0,0,30,2,32,0,6,37,2,45,50,0,50,95
09/11/2013,CSG,GA,ASO,ES,Towers with Radar,0,6,12,0,18,0,0,28,0,28,0,6,40,0,46,2,0,2,48
09/12/2013,CSG,GA,ASO,ES,Towers with Radar,2,10,23,2,37,0,1,28,0,29,2,11,51,2,66,48,0,48,114
09/13/2013,CSG,GA,ASO,ES,Towers with Radar,0,10,25,0,35,0,1,24,2,27,0,11,49,2,62,6,0,6,68
09/14/2013,CSG,GA,ASO,ES,Towers with Radar,0,5,12,0,17,0,2,29,0,31,0,7,41,0,48,12,0,12,60
09/15/2013,CSG,GA,ASO,ES,Towers with Radar,0,10,22,0,32,0,0,9,0,9,0,10,31,0,41,62,0,62,103
09/16/2013,CSG,GA,ASO,ES,Towers with Radar,0,7,13,0,20,0,0,16,2,18,0,7,29,2,38,42,0,42,80
09/17/2013,CSG,GA,ASO,ES,Towers with Radar,0,7,21,0,28,0,0,10,0,10,0,7,31,0,38,10,0,10,48
09/18/2013,CSG,GA,ASO,ES,Towers with Radar,0,9,16,0,25,0,0,13,1,14,0,9,29,1,39,4,0,4,43
09/19/2013,CSG,GA,ASO,ES,Towers with Radar,2,7,11,0,20,0,0,18,0,18,2,7,29,0,38,0,0,0,38
09/20/2013,CSG,GA,ASO,ES,Towers with Radar,2,11,20,0,33,0,0,20,1,21,2,11,40,1,54,52,0,52,106
09/21/2013,CSG,GA,ASO,ES,Towers with Radar,0,5,7,0,12,0,0,4,0,4,0,5,11,0,16,4,0,4,20
09/22/2013,CSG,GA,ASO,ES,Towers with Radar,0,9,10,0,19,0,0,19,0,19,0,9,29,0,38,0,0,0,38
09/23/2013,CSG,GA,ASO,ES,Towers with Radar,1,7,17,0,25,0,0,11,0,11,1,7,28,0,36,0,0,0,36
09/24/2013,CSG,GA,ASO,ES,Towers with Radar,2,8,25,0,35,0,0,1,0,1,2,8,26,0,36,0,0,0,36
09/25/2013,CSG,GA,ASO,ES,Towers with Radar,0,8,22,0,30,0,0,4,0,4,0,8,26,0,34,24,0,24,58
09/26/2013,CSG,GA,ASO,ES,Towers with Radar,2,10,26,0,38,0,0,11,0,11,2,10,37,0,49,12,0,12,61
09/27/2013,CSG,GA,ASO,ES,Towers with Radar,2,8,29,3,42,0,0,22,0,22,2,8,51,3,64,45,16,61,125
09/28/2013,CSG,GA,ASO,ES,Towers with Radar,2,5,8,0,15,0,2,52,0,54,2,7,60,0,69,36,0,36,105
09/29/2013,CSG,GA,ASO,ES,Towers with Radar,0,9,14,2,25,0,0,21,0,21,0,9,35,2,46,28,0,28,74
09/30/2013,CSG,GA,ASO,ES,Towers with Radar,0,7,18,0,25,0,2,19,0,21,0,9,37,0,46,22,0,22,68
10/01/2013,CSG,GA,ASO,ES,Towers with Radar,0,9,17,1,27,0,2,7,1,10,0,11,24,2,37,62,18,80,117
10/02/2013,CSG,GA,ASO,ES,Towers with Radar,0,7,4,0,11,0,0,23,0,23,0,7,27,0,34,60,0,60,94
10/03/2013,CSG,GA,ASO,ES,Towers with Radar,4,9,14,0,27,0,1,33,0,34,4,10,47,0,61,10,0,10,71
10/04/2013,CSG,GA,ASO,ES,Towers with Radar,0,7,13,0,20,0,1,29,0,30,0,8,42,0,50,102,0,102,152
10/05/2013,CSG,GA,ASO,ES,Towers with Radar,0,6,16,0,22,0,0,42,0,42,0,6,58,0,64,50,0,50,114
10/06/2013,CSG,GA,ASO,ES,Towers with Radar,0,6,4,0,10,0,2,8,0,10,0,8,12,0,20,6,0,6,26
10/07/2013,CSG,GA,ASO,ES,Towers with Radar,0,5,13,0,18,0,1,5,0,6,0,6,18,0,24,0,0,0,24
10/08/2013,CSG,GA,ASO,ES,Towers with Radar,0,7,14,0,21,0,0,11,0,11,0,7,25,0,32,4,0,4,36
10/09/2013,CSG,GA,ASO,ES,Towers with Radar,0,11,24,0,35,0,0,23,3,26,0,11,47,3,61,72,0,72,133
10/10/2013,CSG,GA,ASO,ES,Towers with Radar,3,7,17,0,27,0,0,29,0,29,3,7,46,0,56,51,4,55,111
10/11/2013,CSG,GA,ASO,ES,Towers with Radar,0,6,27,0,33,0,0,34,0,34,0,6,61,0,67,24,0,24,91
10/12/2013,CSG,GA,ASO,ES,Towers with Radar,0,5,19,0,24,0,5,25,2,32,0,10,44,2,56,52,0,52,108
10/13/2013,CSG,GA,ASO,ES,Towers with Radar,0,4,12,0,16,0,3,28,0,31,0,7,40,0,47,20,0,20,67
10/14/2013,CSG,GA,ASO,ES,Towers with Radar,0,7,22,0,29,0,3,7,0,10,0,10,29,0,39,44,0,44,83
10/15/2013,CSG,GA,ASO,ES,Towers with Radar,2,7,28,2,39,0,0,6,0,6,2,7,34,2,45,0,18,18,63
10/16/2013,CSG,GA,ASO,ES,Towers with Radar,0,8,25,0,33,0,0,13,0,13,0,8,38,0,46,38,0,38,84
10/17/2013,CSG,GA,ASO,ES,Towers with Radar,3,10,18,0,31,0,0,2,0,2,3,10,20,0,33,2,0,2,35
10/18/2013,CSG,GA,ASO,ES,Towers with Radar,2,7,24,0,33,0,0,19,0,19,2,7,43,0,52,46,0,46,98
10/19/2013,CSG,GA,ASO,ES,Towers with Radar,0,4,9,0,13,0,0,11,0,11,0,4,20,0,24,58,0,58,82
10/20/2013,CSG,GA,ASO,ES,Towers with Radar,0,10,16,0,26,0,0,25,0,25,0,10,41,0,51,42,0,42,93
10/21/2013,CSG,GA,ASO,ES,Towers with Radar,1,6,19,0,26,0,0,19,0,19,1,6,38,0,45,14,0,14,59
10/22/2013,CSG,GA,ASO,ES,Towers with Radar,0,7,14,0,21,0,0,9,0,9,0,7,23,0,30,1,0,1,31
10/23/2013,CSG,GA,ASO,ES,Towers with Radar,1,7,20,0,28,0,0,9,0,9,1,7,29,0,37,0,0,0,37
10/24/2013,CSG,GA,ASO,ES,Towers with Radar,2,8,14,1,25,0,2,36,0,38,2,10,50,1,63,10,32,42,105
10/25/2013,CSG,GA,ASO,ES,Towers with Radar,0,8,24,0,32,0,0,32,0,32,0,8,56,0,64,40,0,40,104
10/26/2013,CSG,GA,ASO,ES,Towers with Radar,0,5,17,0,22,0,0,44,4,48,0,5,61,4,70,24,0,24,94
10/27/2013,CSG,GA,ASO,ES,Towers with Radar,0,7,13,0,20,0,2,30,0,32,0,9,43,0,52,26,0,26,78
10/28/2013,CSG,GA,ASO,ES,Towers with Radar,0,7,18,0,25,0,0,21,0,21,0,7,39,0,46,20,0,20,66
10/29/2013,CSG,GA,ASO,ES,Towers with Radar,0,13,22,0,35,0,0,39,2,41,0,13,61,2,76,52,0,52,128
10/30/2013,CSG,GA,ASO,ES,Towers with Radar,0,7,21,0,28,0,0,20,0,20,0,7,41,0,48,12,0,12,60
10/31/2013,CSG,GA,ASO,ES,Towers with Radar,2,8,18,0,28,0,3,12,0,15,2,11,30,0,43,18,0,18,61
11/01/2013,CSG,GA,ASO,ES,Towers with Radar,2,12,10,0,24,0,0,3,2,5,2,12,13,2,29,0,0,0,29
11/02/2013,CSG,GA,ASO,ES,Towers with Radar,0,6,8,0,14,0,1,21,4,26,0,7,29,4,40,4,0,4,44
11/03/2013,CSG,GA,ASO,ES,Towers with Radar,0,7,19,0,26,0,2,26,0,28,0,9,45,0,54,24,0,24,78
11/04/2013,CSG,GA,ASO,ES,Towers with Radar,1,8,12,0,21,0,0,62,0,62,1,8,74,0,83,17,0,17,100
11/05/2013,CSG,GA,ASO,ES,Towers with Radar,0,9,21,2,32,0,1,23,2,26,0,10,44,4,58,24,0,24,82
11/06/2013,CSG,GA,ASO,ES,Towers with Radar,0,11,21,2,34,0,1,18,1,20,0,12,39,3,54,8,0,8,62
11/07/2013,CSG,GA,ASO,ES,Towers with Radar,2,8,36,0,46,0,0,14,0,14,2,8,50,0,60,0,0,0,60
11/08/2013,CSG,GA,ASO,ES,Towers with Radar,1,10,28,2,41,0,1,25,0,26,1,11,53,2,67,8,0,8,75
11/09/2013,CSG,GA,ASO,ES,Towers with Radar,2,6,8,0,16,0,1,32,0,33,2,7,40,0,49,22,0,22,71
11/10/2013,CSG,GA,ASO,ES,Towers with Radar,0,12,23,0,35,0,1,30,0,31,0,13,53,0,66,30,0,30,96
11/11/2013,CSG,GA,ASO,ES,Towers with Radar,0,7,8,0,15,0,2,32,2,36,0,9,40,2,51,60,0,60,111
11/12/2013,CSG,GA,ASO,ES,Towers with Radar,0,8,21,0,29,0,0,19,0,19,0,8,40,0,48,4,0,4,52
11/13/2013,CSG,GA,ASO,ES,Towers with Radar,0,8,22,0,30,0,0,22,0,22,0,8,44,0,52,0,0,0,52
11/14/2013,CSG,GA,ASO,ES,Towers with Radar,2,9,23,0,34,0,2,28,0,30,2,11,51,0,64,22,0,22,86
11/15/2013,CSG,GA,ASO,ES,Towers with Radar,1,15,13,0,29,0,0,9,0,9,1,15,22,0,38,0,0,0,38
11/16/2013,CSG,GA,ASO,ES,Towers with Radar,0,9,13,0,22,0,0,8,0,8,0,9,21,0,30,0,0,0,30
11/17/2013,CSG,GA,ASO,ES,Towers with Radar,0,10,15,0,25,0,0,2,0,2,0,10,17,0,27,0,0,0,27
11/18/2013,CSG,GA,ASO,ES,Towers with Radar,0,9,18,0,27,0,3,21,2,26,0,12,39,2,53,48,0,48,101
11/19/2013,CSG,GA,ASO,ES,Towers with Radar,0,7,13,0,20,0,0,41,0,41,0,7,54,0,61,0,0,0,61
11/20/2013,CSG,GA,ASO,ES,Towers with Radar,0,9,13,0,22,0,0,17,0,17,0,9,30,0,39,6,0,6,45
11/21/2013,CSG,GA,ASO,ES,Towers with Radar,2,10,14,0,26,0,3,5,0,8,2,13,19,0,34,4,0,4,38
11/22/2013,CSG,GA,ASO,ES,Towers with Radar,0,8,34,4,46,0,1,9,0,10,0,9,43,4,56,0,0,0,56
11/23/2013,CSG,GA,ASO,ES,Towers with Radar,0,8,20,0,28,0,0,3,0,3,0,8,23,0,31,0,0,0,31
11/24/2013,CSG,GA,ASO,ES,Towers with Radar,0,8,12,0,20,0,0,31,5,36,0,8,43,5,56,24,0,24,80
11/25/2013,CSG,GA,ASO,ES,Towers with Radar,0,5,25,0,30,0,1,15,0,16,0,6,40,0,46,48,0,48,94
11/26/2013,CSG,GA,ASO,ES,Towers with Radar,0,8,10,0,18,0,0,0,0,0,0,8,10,0,18,0,0,0,18
11/27/2013,CSG,GA,ASO,ES,Towers with Radar,2,6,17,0,25,0,2,7,0,9,2,8,24,0,34,0,0,0,34
11/28/2013,CSG,GA,ASO,ES,Towers with Radar,0,3,1,0,4,0,0,12,0,12,0,3,13,0,16,10,0,10,26
11/29/2013,CSG,GA,ASO,ES,Towers with Radar,0,4,15,0,19,0,3,37,0,40,0,7,52,0,59,74,0,74,133
11/30/2013,CSG,GA,ASO,ES,Towers with Radar,0,5,9,0,14,0,1,25,0,26,0,6,34,0,40,24,0,24,64
12/01/2013,CSG,GA,ASO,ES,Towers with Radar,0,7,15,0,22,0,0,19,0,19,0,7,34,0,41,8,0,8,49
12/02/2013,CSG,GA,ASO,ES,Towers with Radar,0,5,14,0,19,0,0,11,0,11,0,5,25,0,30,60,0,60,90
12/03/2013,CSG,GA,ASO,ES,Towers with Radar,0,9,11,0,20,0,0,0,0,0,0,9,11,0,20,0,0,0,20
12/04/2013,CSG,GA,ASO,ES,Towers with Radar,0,9,19,0,28,0,3,1,0,4,0,12,20,0,32,0,0,0,32
12/05/2013,CSG,GA,ASO,ES,Towers with Radar,2,11,11,0,24,0,0,1,0,1,2,11,12,0,25,0,0,0,25
12/06/2013,CSG,GA,ASO,ES,Towers with Radar,0,7,18,0,25,0,0,1,4,5,0,7,19,4,30,0,0,0,30
12/07/2013,CSG,GA,ASO,ES,Towers with Radar,0,6,16,0,22,0,3,6,0,9,0,9,22,0,31,0,0,0,31
12/08/2013,CSG,GA,ASO,ES,Towers with Radar,0,1,13,0,14,0,0,0,0,0,0,1,13,0,14,0,0,0,14
12/09/2013,CSG,GA,ASO,ES,Towers with Radar,0,4,19,0,23,0,0,0,0,0,0,4,19,0,23,0,0,0,23
12/10/2013,CSG,GA,ASO,ES,Towers with Radar,0,7,16,0,23,0,2,10,1,13,0,9,26,1,36,14,0,14,50
12/11/2013,CSG,GA,ASO,ES,Towers with Radar,0,7,25,0,32,0,0,29,2,31,0,7,54,2,63,54,2,56,119
12/12/2013,CSG,GA,ASO,ES,Towers with Radar,0,7,18,0,25,0,0,35,1,36,0,7,53,1,61,36,0,36,97
12/13/2013,CSG,GA,ASO,ES,Towers with Radar,0,10,14,0,24,0,2,29,0,31,0,12,43,0,55,26,0,26,81
12/14/2013,CSG,GA,ASO,ES,Towers with Radar,0,5,9,0,14,0,0,0,3,3,0,5,9,3,17,0,0,0,17
12/15/2013,CSG,GA,ASO,ES,Towers with Radar,0,7,10,0,17,0,0,13,0,13,0,7,23,0,30,8,0,8,38
12/16/2013,CSG,GA,ASO,ES,Towers with Radar,0,8,12,0,20,0,0,35,1,36,0,8,47,1,56,24,0,24,80
12/17/2013,CSG,GA,ASO,ES,Towers with Radar,0,8,11,0,19,0,0,34,0,34,0,8,45,0,53,0,0,0,53
12/18/2013,CSG,GA,ASO,ES,Towers with Radar,0,9,19,0,28,0,0,21,0,21,0,9,40,0,49,56,0,56,105
12/19/2013,CSG,GA,ASO,ES,Towers with Radar,0,9,14,0,23,0,1,23,0,24,0,10,37,0,47,30,0,30,77
12/20/2013,CSG,GA,ASO,ES,Towers with Radar,0,11,15,0,26,0,0,29,0,29,0,11,44,0,55,26,0,26,81
12/21/2013,CSG,GA,ASO,ES,Towers with Radar,0,10,9,0,19,0,0,5,0,5,0,10,14,0,24,12,0,12,36
12/22/2013,CSG,GA,ASO,ES,Towers with Radar,0,4,3,0,7,0,0,1,0,1,0,4,4,0,8,0,0,0,8
12/23/2013,CSG,GA,ASO,ES,Towers with Radar,0,3,16,0,19,0,0,1,0,1,0,3,17,0,20,42,0,42,62
12/24/2013,CSG,GA,ASO,ES,Towers with Radar,0,3,1,0,4,0,1,20,0,21,0,4,21,0,25,30,0,30,55
12/25/2013,CSG,GA,ASO,ES,Towers with Radar,0,3,6,0,9,0,3,6,0,9,0,6,12,0,18,0,0,0,18
12/26/2013,CSG,GA,ASO,ES,Towers with Radar,0,7,16,0,23,0,0,31,0,31,0,7,47,0,54,38,0,38,92
12/27/2013,CSG,GA,ASO,ES,Towers with Radar,0,7,25,0,32,0,0,22,0,22,0,7,47,0,54,38,0,38,92
12/28/2013,CSG,GA,ASO,ES,Towers with Radar,0,7,9,0,16,0,0,4,0,4,0,7,13,0,20,0,0,0,20
12/29/2013,CSG,GA,ASO,ES,Towers with Radar,0,3,15,0,18,0,0,11,0,11,0,3,26,0,29,52,0,52,81
12/30/2013,CSG,GA,ASO,ES,Towers with Radar,0,2,13,0,15,0,3,25,0,28,0,5,38,0,43,42,0,42,85
12/31/2013,CSG,GA,ASO,ES,Towers with Radar,0,2,16,0,18,0,0,30,0,30,0,2,46,0,48,50,0,50,98
01/01/2014,CSG,GA,ASO,ES,Towers with Radar,0,2,9,0,11,0,0,4,0,4,0,2,13,0,15,4,0,4,19
01/02/2014,CSG,GA,ASO,ES,Towers with Radar,0,9,7,0,16,0,0,0,0,0,0,9,7,0,16,0,0,0,16
01/03/2014,CSG,GA,ASO,ES,Towers with Radar,0,11,8,0,19,0,0,21,2,23,0,11,29,2,42,0,0,0,42
01/04/2014,CSG,GA,ASO,ES,Towers with Radar,0,4,14,0,18,0,2,2,0,4,0,6,16,0,22,30,0,30,52
01/05/2014,CSG,GA,ASO,ES,Towers with Radar,0,6,11,0,17,0,1,13,0,14,0,7,24,0,31,52,0,52,83
01/06/2014,CSG,GA,ASO,ES,Towers with Radar,0,4,14,0,18,0,2,6,0,8,0,6,20,0,26,0,0,0,26
01/07/2014,CSG,GA,ASO,ES,Towers with Radar,0,5,10,0,15,0,0,15,0,15,0,5,25,0,30,24,0,24,54
01/08/2014,CSG,GA,ASO,ES,Towers with Radar,0,9,17,0,26,0,0,19,0,19,0,9,36,0,45,32,0,32,77
01/09/2014,CSG,GA,ASO,ES,Towers with Radar,0,8,28,0,36,0,0,9,0,9,0,8,37,0,45,2,0,2,47
01/10/2014,CSG,GA,ASO,ES,Towers with Radar,0,3,12,0,15,0,0,0,0,0,0,3,12,0,15,0,0,0,15
01/11/2014,CSG,GA,ASO,ES,Towers with Radar,0,8,3,0,11,0,0,6,0,6,0,8,9,0,17,28,0,28,45
01/12/2014,CSG,GA,ASO,ES,Towers with Radar,0,6,11,3,20,0,1,34,4,39,0,7,45,7,59,70,0,70,129
01/13/2014,CSG,GA,ASO,ES,Towers with Radar,0,5,10,0,15,0,2,13,0,15,0,7,23,0,30,0,0,0,30
01/14/2014,CSG,GA,ASO,ES,Towers with Radar,0,9,17,0,26,0,2,26,0,28,0,11,43,0,54,64,0,64,118
01/15/2014,CSG,GA,ASO,ES,Towers with Radar,0,8,10,0,18,0,0,14,0,14,0,8,24,0,32,22,0,22,54
01/16/2014,CSG,GA,ASO,ES,Towers with Radar,0,7,22,0,29,0,0,33,0,33,0,7,55,0,62,64,0,64,126
01/17/2014,CSG,GA,ASO,ES,Towers with Radar,0,11,12,0,23,0,1,18,0,19,0,12,30,0,42,26,0,26,68
01/18/2014,CSG,GA,ASO,ES,Towers with Radar,0,7,12,0,19,0,0,34,0,34,0,7,46,0,53,66,0,66,119
01/19/2014,CSG,GA,ASO,ES,Towers with Radar,0,5,10,0,15,0,0,30,1,31,0,5,40,1,46,16,0,16,62
01/20/2014,CSG,GA,ASO,ES,Towers with Radar,0,8,17,0,25,0,0,29,4,33,0,8,46,4,58,60,0,60,118
01/21/2014,CSG,GA,ASO,ES,Towers with Radar,0,10,7,0,17,0,1,5,0,6,0,11,12,0,23,26,0,26,49
01/22/2014,CSG,GA,ASO,ES,Towers with Radar,0,7,15,2,24,0,0,23,0,23,0,7,38,2,47,48,0,48,95
01/23/2014,CSG,GA,ASO,ES,Towers with Radar,0,8,18,0,26,0,0,19,0,19,0,8,37,0,45,52,0,52,97
01/24/2014,CSG,GA,ASO,ES,Towers with Radar,0,8,16,0,24,0,0,28,0,28,0,8,44,0,52,62,0,62,114
01/25/2014,CSG,GA,ASO,ES,Towers with Radar,0,7,5,0,12,0,0,18,0,18,0,7,23,0,30,54,0,54,84
01/26/2014,CSG,GA,ASO,ES,Towers with Radar,0,10,14,0,24,0,2,30,0,32,0,12,44,0,56,4,0,4,60
01/27/2014,CSG,GA,ASO,ES,Towers with Radar,0,9,24,0,33,0,0,6,0,6,0,9,30,0,39,0,0,0,39
01/28/2014,CSG,GA,ASO,ES,Towers with Radar,0,0,3,0,3,0,0,0,0,0,0,0,3,0,3,0,0,0,3
01/29/2014,CSG,GA,ASO,ES,Towers with Radar,0,0,0,0,0,0,0,0,0,0,0,0,0,0,0,0,0,0,0
01/30/2014,CSG,GA,ASO,ES,Towers with Radar,0,0,13,0,13,0,2,8,0,10,0,2,21,0,23,0,0,0,23
01/31/2014,CSG,GA,ASO,ES,Towers with Radar,0,8,15,2,25,0,2,28,1,31,0,10,43,3,56,22,40,62,118
02/01/2014,CSG,GA,ASO,ES,Towers with Radar,0,4,14,0,18,0,0,0,0,0,0,4,14,0,18,0,0,0,18
02/02/2014,CSG,GA,ASO,ES,Towers with Radar,0,6,7,0,13,0,0,18,0,18,0,6,25,0,31,62,0,62,93
02/03/2014,CSG,GA,ASO,ES,Towers with Radar,0,7,6,0,13,0,0,8,0,8,0,7,14,0,21,0,0,0,21
02/04/2014,CSG,GA,ASO,ES,Towers with Radar,0,1,13,0,14,0,0,0,0,0,0,1,13,0,14,0,0,0,14
02/05/2014,CSG,GA,ASO,ES,Towers with Radar,0,7,24,0,31,0,0,12,0,12,0,7,36,0,43,28,0,28,71
02/06/2014,CSG,GA,ASO,ES,Towers with Radar,0,7,19,0,26,0,1,11,0,12,0,8,30,0,38,28,0,28,66
02/07/2014,CSG,GA,ASO,ES,Towers with Radar,0,8,20,0,28,0,0,28,0,28,0,8,48,0,56,34,0,34,90
02/08/2014,CSG,GA,ASO,ES,Towers with Radar,0,5,18,0,23,0,0,53,1,54,0,5,71,1,77,118,0,118,195
02/09/2014,CSG,GA,ASO,ES,Towers with Radar,0,7,20,0,27,0,0,45,0,45,0,7,65,0,72,38,0,38,110
02/10/2014,CSG,GA,ASO,ES,Towers with Radar,0,7,15,0,22,0,0,14,0,14,0,7,29,0,36,22,0,22,58
02/11/2014,CSG,GA,ASO,ES,Towers with Radar,2,6,12,0,20,0,0,0,0,0,2,6,12,0,20,0,0,0,20
02/12/2014,CSG,GA,ASO,ES,Towers with Radar,0,1,2,0,3,0,0,0,0,0,0,1,2,0,3,0,0,0,3
02/13/2014,CSG,GA,ASO,ES,Towers with Radar,0,4,17,0,21,0,0,5,0,5,0,4,22,0,26,22,0,22,48
02/14/2014,CSG,GA,ASO,ES,Towers with Radar,0,9,30,0,39,0,0,19,0,19,0,9,49,0,58,0,0,0,58
02/15/2014,CSG,GA,ASO,ES,Towers with Radar,0,3,12,0,15,0,1,15,0,16,0,4,27,0,31,0,0,0,31
02/16/2014,CSG,GA,ASO,ES,Towers with Radar,0,6,17,0,23,0,2,62,1,65,0,8,79,1,88,148,0,148,236
02/17/2014,CSG,GA,ASO,ES,Towers with Radar,0,10,21,0,31,0,0,13,0,13,0,10,34,0,44,82,0,82,126
02/18/2014,CSG,GA,ASO,ES,Towers with Radar,0,7,15,1,23,0,0,3,0,3,0,7,18,1,26,24,22,46,72
02/19/2014,CSG,GA,ASO,ES,Towers with Radar,0,12,17,0,29,0,0,18,0,18,0,12,35,0,47,14,0,14,61
02/20/2014,CSG,GA,ASO,ES,Towers with Radar,0,7,31,0,38,0,0,4,2,6,0,7,35,2,44,4,0,4,48
02/21/2014,CSG,GA,ASO,ES,Towers with Radar,0,11,17,0,28,0,1,22,0,23,0,12,39,0,51,88,0,88,139
02/22/2014,CSG,GA,ASO,ES,Towers with Radar,0,5,18,0,23,0,1,46,0,47,0,6,64,0,70,120,0,120,190
02/23/2014,CSG,GA,ASO,ES,Towers with Radar,0,6,17,0,23,0,2,8,0,10,0,8,25,0,33,98,0,98,131
02/24/2014,CSG,GA,ASO,ES,Towers with Radar,0,8,21,0,29,0,0,15,0,15,0,8,36,0,44,68,0,68,112
02/25/2014,CSG,GA,ASO,ES,Towers with Radar,0,9,16,0,25,0,0,19,0,19,0,9,35,0,44,66,0,66,110
02/26/2014,CSG,GA,ASO,ES,Towers with Radar,0,6,14,0,20,0,0,7,0,7,0,6,21,0,27,56,0,56,83
02/27/2014,CSG,GA,ASO,ES,Towers with Radar,0,7,19,0,26,0,0,26,0,26,0,7,45,0,52,14,0,14,66
02/28/2014,CSG,GA,ASO,ES,Towers with Radar,0,9,22,2,33,0,2,34,0,36,0,11,56,2,69,34,0,34,103
03/01/2014,CSG,GA,ASO,ES,Towers with Radar,0,5,11,0,16,0,0,32,0,32,0,5,43,0,48,46,0,46,94
03/02/2014,CSG,GA,ASO,ES,Towers with Radar,0,6,15,0,21,0,1,48,0,49,0,7,63,0,70,34,0,34,104
03/03/2014,CSG,GA,ASO,ES,Towers with Radar,0,12,10,0,22,0,0,0,0,0,0,12,10,0,22,0,0,0,22
03/04/2014,CSG,GA,ASO,ES,Towers with Radar,0,8,23,0,31,0,0,5,0,5,0,8,28,0,36,38,0,38,74
03/05/2014,CSG,GA,ASO,ES,Towers with Radar,0,7,24,0,31,0,0,21,0,21,0,7,45,0,52,61,24,85,137
03/06/2014,CSG,GA,ASO,ES,Towers with Radar,0,9,14,2,25,0,0,0,0,0,0,9,14,2,25,0,0,0,25
03/07/2014,CSG,GA,ASO,ES,Towers with Radar,0,8,27,2,37,0,0,18,0,18,0,8,45,2,55,52,0,52,107
03/08/2014,CSG,GA,ASO,ES,Towers with Radar,0,6,17,0,23,0,0,27,0,27,0,6,44,0,50,124,0,124,174
03/09/2014,CSG,GA,ASO,ES,Towers with Radar,0,7,21,0,28,0,1,32,0,33,0,8,53,0,61,52,0,52,113
03/10/2014,CSG,GA,ASO,ES,Towers with Radar,0,6,12,0,18,0,0,25,0,25,0,6,37,0,43,36,0,36,79
03/11/2014,CSG,GA,ASO,ES,Towers with Radar,0,9,14,0,23,0,0,25,0,25,0,9,39,0,48,48,0,48,96
03/12/2014,CSG,GA,ASO,ES,Towers with Radar,0,7,11,0,18,0,0,1,0,1,0,7,12,0,19,0,0,0,19
03/13/2014,CSG,GA,ASO,ES,Towers with Radar,0,7,11,0,18,0,0,31,0,31,0,7,42,0,49,20,0,20,69
03/14/2014,CSG,GA,ASO,ES,Towers with Radar,0,7,16,0,23,0,0,41,4,45,0,7,57,4,68,32,0,32,100
03/15/2014,CSG,GA,ASO,ES,Towers with Radar,0,7,4,0,11,0,3,45,0,48,0,10,49,0,59,14,0,14,73
03/16/2014,CSG,GA,ASO,ES,Towers with Radar,0,7,8,0,15,0,0,0,0,0,0,7,8,0,15,0,0,0,15
03/17/2014,CSG,GA,ASO,ES,Towers with Radar,0,16,12,0,28,0,0,0,0,0,0,16,12,0,28,0,0,0,28
03/18/2014,CSG,GA,ASO,ES,Towers with Radar,0,7,20,1,28,0,5,5,0,10,0,12,25,1,38,32,0,32,70
03/19/2014,CSG,GA,ASO,ES,Towers with Radar,0,12,32,0,44,0,0,27,1,28,0,12,59,1,72,0,0,0,72
03/20/2014,CSG,GA,ASO,ES,Towers with Radar,0,8,27,0,35,0,0,40,0,40,0,8,67,0,75,38,0,38,113
03/21/2014,CSG,GA,ASO,ES,Towers with Radar,0,8,19,0,27,0,0,22,0,22,0,8,41,0,49,18,0,18,67
03/22/2014,CSG,GA,ASO,ES,Towers with Radar,0,5,13,0,18,0,0,43,0,43,0,5,56,0,61,66,0,66,127
03/23/2014,CSG,GA,ASO,ES,Towers with Radar,0,10,18,0,28,0,0,6,0,6,0,10,24,0,34,12,0,12,46
03/24/2014,CSG,GA,ASO,ES,Towers with Radar,0,10,11,0,21,0,0,22,0,22,0,10,33,0,43,17,0,17,60
03/25/2014,CSG,GA,ASO,ES,Towers with Radar,0,8,15,0,23,0,0,5,0,5,0,8,20,0,28,0,0,0,28
03/26/2014,CSG,GA,ASO,ES,Towers with Radar,0,8,11,0,19,0,0,42,5,47,0,8,53,5,66,8,0,8,74
03/27/2014,CSG,GA,ASO,ES,Towers with Radar,0,9,25,0,34,0,0,36,0,36,0,9,61,0,70,20,0,20,90
03/28/2014,CSG,GA,ASO,ES,Towers with Radar,0,11,12,1,24,0,0,0,0,0,0,11,12,1,24,0,0,0,24
03/29/2014,CSG,GA,ASO,ES,Towers with Radar,0,6,10,0,16,0,0,2,0,2,0,6,12,0,18,2,0,2,20
03/30/2014,CSG,GA,ASO,ES,Towers with Radar,0,9,18,0,27,0,0,20,0,20,0,9,38,0,47,46,0,46,93
03/31/2014,CSG,GA,ASO,ES,Towers with Radar,0,7,15,0,22,0,0,18,0,18,0,7,33,0,40,34,0,34,74
04/01/2014,CSG,GA,ASO,ES,Towers with Radar,0,8,15,2,25,0,0,21,0,21,0,8,36,2,46,14,0,14,60
04/02/2014,CSG,GA,ASO,ES,Towers with Radar,0,7,18,1,26,0,0,46,2,48,0,7,64,3,74,24,22,46,120
04/03/2014,CSG,GA,ASO,ES,Towers with Radar,2,7,13,0,22,0,0,24,0,24,2,7,37,0,46,48,0,48,94
04/04/2014,CSG,GA,ASO,ES,Towers with Radar,0,7,8,0,15,0,1,11,0,12,0,8,19,0,27,0,0,0,27
04/05/2014,CSG,GA,ASO,ES,Towers with Radar,2,6,13,0,21,0,0,16,0,16,2,6,29,0,37,36,0,36,73
04/06/2014,CSG,GA,ASO,ES,Towers with Radar,0,10,12,0,22,0,0,0,0,0,0,10,12,0,22,0,0,0,22
04/07/2014,CSG,GA,ASO,ES,Towers with Radar,0,6,7,0,13,0,1,0,0,1,0,7,7,0,14,0,0,0,14
04/08/2014,CSG,GA,ASO,ES,Towers with Radar,0,6,13,0,19,13,18,20,0,51,13,24,33,0,70,6,0,6,76
04/09/2014,CSG,GA,ASO,ES,Towers with Radar,0,9,18,0,27,0,0,37,2,39,0,9,55,2,66,8,0,8,74
04/10/2014,CSG,GA,ASO,ES,Towers with Radar,1,10,23,0,34,0,0,42,0,42,1,10,65,0,76,24,0,24,100
04/11/2014,CSG,GA,ASO,ES,Towers with Radar,2,7,23,0,32,0,1,51,0,52,2,8,74,0,84,39,0,39,123
04/12/2014,CSG,GA,ASO,ES,Towers with Radar,2,6,24,0,32,0,0,49,0,49,2,6,73,0,81,54,0,54,135
04/13/2014,CSG,GA,ASO,ES,Towers with Radar,0,12,22,0,34,0,0,30,0,30,0,12,52,0,64,20,0,20,84
04/14/2014,CSG,GA,ASO,ES,Towers with Radar,0,7,11,0,18,0,0,10,0,10,0,7,21,0,28,20,0,20,48
04/15/2014,CSG,GA,ASO,ES,Towers with Radar,0,9,9,0,18,0,0,13,0,13,0,9,22,0,31,0,0,0,31
04/16/2014,CSG,GA,ASO,ES,Towers with Radar,0,9,13,0,22,0,0,35,0,35,0,9,48,0,57,12,0,12,69
04/17/2014,CSG,GA,ASO,ES,Towers with Radar,3,14,27,0,44,0,0,17,0,17,3,14,44,0,61,20,0,20,81
04/18/2014,CSG,GA,ASO,ES,Towers with Radar,0,8,15,0,23,0,0,0,0,0,0,8,15,0,23,0,0,0,23
04/19/2014,CSG,GA,ASO,ES,Towers with Radar,2,6,17,0,25,0,1,4,0,5,2,7,21,0,30,14,0,14,44
04/20/2014,CSG,GA,ASO,ES,Towers with Radar,0,9,10,0,19,0,0,16,0,16,0,9,26,0,35,26,0,26,61
04/21/2014,CSG,GA,ASO,ES,Towers with Radar,2,8,17,2,29,0,0,36,0,36,2,8,53,2,65,52,0,52,117
04/22/2014,CSG,GA,ASO,ES,Towers with Radar,0,8,17,0,25,0,0,12,0,12,0,8,29,0,37,0,0,0,37
04/23/2014,CSG,GA,ASO,ES,Towers with Radar,0,9,25,0,34,0,3,53,5,61,0,12,78,5,95,20,24,44,139
04/24/2014,CSG,GA,ASO,ES,Towers with Radar,0,13,41,4,58,0,0,26,1,27,0,13,67,5,85,26,10,36,121
04/25/2014,CSG,GA,ASO,ES,Towers with Radar,1,6,25,0,32,0,0,21,0,21,1,6,46,0,53,18,0,18,71
04/26/2014,CSG,GA,ASO,ES,Towers with Radar,2,5,14,0,21,0,0,71,0,71,2,5,85,0,92,14,0,14,106
04/27/2014,CSG,GA,ASO,ES,Towers with Radar,0,8,13,0,21,0,0,22,0,22,0,8,35,0,43,10,0,10,53
04/28/2014,CSG,GA,ASO,ES,Towers with Radar,0,8,18,0,26,0,4,5,0,9,0,12,23,0,35,6,0,6,41
04/29/2014,CSG,GA,ASO,ES,Towers with Radar,0,7,4,0,11,0,0,14,0,14,0,7,18,0,25,0,0,0,25
04/30/2014,CSG,GA,ASO,ES,Towers with Radar,0,8,19,0,27,0,0,4,0,4,0,8,23,0,31,0,0,0,31
05/01/2014,CSG,GA,ASO,ES,Towers with Radar,1,7,27,0,35,0,0,30,1,31,1,7,57,1,66,26,0,26,92
05/02/2014,CSG,GA,ASO,ES,Towers with Radar,0,7,10,0,17,0,0,55,0,55,0,7,65,0,72,62,0,62,134
05/03/2014,CSG,GA,ASO,ES,Towers with Radar,0,5,10,0,15,0,0,52,0,52,0,5,62,0,67,108,0,108,175
05/04/2014,CSG,GA,ASO,ES,Towers with Radar,2,7,23,0,32,0,1,57,0,58,2,8,80,0,90,55,0,55,145
05/05/2014,CSG,GA,ASO,ES,Towers with Radar,1,8,19,0,28,0,0,28,0,28,1,8,47,0,56,44,0,44,100
05/06/2014,CSG,GA,ASO,ES,Towers with Radar,0,7,25,2,34,0,0,31,0,31,0,7,56,2,65,36,0,36,101
05/07/2014,CSG,GA,ASO,ES,Towers with Radar,0,8,14,0,22,0,0,35,0,35,0,8,49,0,57,54,0,54,111
05/08/2014,CSG,GA,ASO,ES,Towers with Radar,0,9,20,1,30,0,0,24,1,25,0,9,44,2,55,52,0,52,107
05/09/2014,CSG,GA,ASO,ES,Towers with Radar,0,9,20,0,29,0,0,18,0,18,0,9,38,0,47,16,0,16,63
05/10/2014,CSG,GA,ASO,ES,Towers with Radar,0,4,12,0,16,0,0,5,0,5,0,4,17,0,21,76,0,76,97
05/11/2014,CSG,GA,ASO,ES,Towers with Radar,0,9,13,0,22,0,0,34,0,34,0,9,47,0,56,36,0,36,92
05/12/2014,CSG,GA,ASO,ES,Towers with Radar,0,8,21,0,29,0,0,37,3,40,0,8,58,3,69,52,0,52,121
05/13/2014,CSG,GA,ASO,ES,Towers with Radar,0,7,13,1,21,0,2,52,2,56,0,9,65,3,77,44,2,46,123
05/14/2014,CSG,GA,ASO,ES,Towers with Radar,0,8,15,2,25,0,2,15,0,17,0,10,30,2,42,60,0,60,102
05/15/2014,CSG,GA,ASO,ES,Towers with Radar,1,7,20,1,29,0,0,1,0,1,1,7,21,1,30,22,0,22,52
05/16/2014,CSG,GA,ASO,ES,Towers with Radar,2,8,13,0,23,0,1,35,3,39,2,9,48,3,62,16,0,16,78
05/17/2014,CSG,GA,ASO,ES,Towers with Radar,0,6,15,0,21,0,0,56,0,56,0,6,71,0,77,28,0,28,105
05/18/2014,CSG,GA,ASO,ES,Towers with Radar,2,9,14,0,25,0,10,20,0,30,2,19,34,0,55,52,0,52,107
05/19/2014,CSG,GA,ASO,ES,Towers with Radar,0,7,21,2,30,0,0,21,0,21,0,7,42,2,51,24,0,24,75
05/20/2014,CSG,GA,ASO,ES,Towers with Radar,0,10,15,0,25,0,0,20,2,22,0,10,35,2,47,60,0,60,107
05/21/2014,CSG,GA,ASO,ES,Towers with Radar,1,11,28,2,42,0,0,22,0,22,1,11,50,2,64,42,0,42,106
05/22/2014,CSG,GA,ASO,ES,Towers with Radar,1,11,16,0,28,0,0,32,2,34,1,11,48,2,62,22,0,22,84
05/23/2014,CSG,GA,ASO,ES,Towers with Radar,0,7,21,0,28,0,0,29,0,29,0,7,50,0,57,24,0,24,81
05/24/2014,CSG,GA,ASO,ES,Towers with Radar,0,4,13,0,17,0,0,27,0,27,0,4,40,0,44,62,0,62,106
05/25/2014,CSG,GA,ASO,ES,Towers with Radar,0,5,7,0,12,0,0,19,0,19,0,5,26,0,31,36,0,36,67
05/26/2014,CSG,GA,ASO,ES,Towers with Radar,0,6,15,0,21,0,0,15,0,15,0,6,30,0,36,24,0,24,60
05/27/2014,CSG,GA,ASO,ES,Towers with Radar,0,8,8,2,18,0,0,9,0,9,0,8,17,2,27,8,2,10,37
05/28/2014,CSG,GA,ASO,ES,Towers with Radar,0,6,10,0,16,0,0,16,0,16,0,6,26,0,32,54,0,54,86
05/29/2014,CSG,GA,ASO,ES,Towers with Radar,0,9,10,0,19,0,0,9,0,9,0,9,19,0,28,62,0,62,90
05/30/2014,CSG,GA,ASO,ES,Towers with Radar,2,7,24,0,33,0,0,12,0,12,2,7,36,0,45,2,0,2,47
05/31/2014,CSG,GA,ASO,ES,Towers with Radar,0,9,12,0,21,0,0,14,0,14,0,9,26,0,35,30,0,30,65
06/01/2014,CSG,GA,ASO,ES,Towers with Radar,0,6,15,0,21,0,0,10,0,10,0,6,25,0,31,12,0,12,43
06/02/2014,CSG,GA,ASO,ES,Towers with Radar,2,7,17,0,26,0,0,21,0,21,2,7,38,0,47,0,0,0,47
06/03/2014,CSG,GA,ASO,ES,Towers with Radar,0,9,16,0,25,0,0,15,0,15,0,9,31,0,40,26,0,26,66
06/04/2014,CSG,GA,ASO,ES,Towers with Radar,0,7,13,0,20,0,0,27,0,27,0,7,40,0,47,20,0,20,67
06/05/2014,CSG,GA,ASO,ES,Towers with Radar,2,8,31,0,41,0,0,21,0,21,2,8,52,0,62,42,0,42,104
06/06/2014,CSG,GA,ASO,ES,Towers with Radar,3,9,14,0,26,0,1,20,0,21,3,10,34,0,47,34,0,34,81
06/07/2014,CSG,GA,ASO,ES,Towers with Radar,0,5,11,0,16,0,0,21,0,21,0,5,32,0,37,6,0,6,43
06/08/2014,CSG,GA,ASO,ES,Towers with Radar,0,7,15,0,22,0,2,25,0,27,0,9,40,0,49,38,0,38,87
06/09/2014,CSG,GA,ASO,ES,Towers with Radar,0,7,9,1,17,0,0,4,0,4,0,7,13,1,21,0,0,0,21
06/10/2014,CSG,GA,ASO,ES,Towers with Radar,0,6,10,2,18,0,0,2,0,2,0,6,12,2,20,0,0,0,20
06/11/2014,CSG,GA,ASO,ES,Towers with Radar,0,7,13,1,21,0,0,2,8,10,0,7,15,9,31,14,0,14,45
06/12/2014,CSG,GA,ASO,ES,Towers with Radar,2,9,11,0,22,0,0,18,3,21,2,9,29,3,43,18,0,18,61
06/13/2014,CSG,GA,ASO,ES,Towers with Radar,0,10,7,0,17,0,0,15,2,17,0,10,22,2,34,2,0,2,36
06/14/2014,CSG,GA,ASO,ES,Towers with Radar,0,5,11,0,16,0,0,15,0,15,0,5,26,0,31,0,0,0,31
06/15/2014,CSG,GA,ASO,ES,Towers with Radar,0,13,6,0,19,0,1,19,0,20,0,14,25,0,39,4,0,4,43
06/16/2014,CSG,GA,ASO,ES,Towers with Radar,2,8,14,0,24,0,0,29,0,29,2,8,43,0,53,36,0,36,89
06/17/2014,CSG,GA,ASO,ES,Towers with Radar,0,7,13,0,20,0,0,13,0,13,0,7,26,0,33,2,0,2,35
06/18/2014,CSG,GA,ASO,ES,Towers with Radar,2,10,21,0,33,0,0,26,0,26,2,10,47,0,59,18,0,18,77
06/19/2014,CSG,GA,ASO,ES,Towers with Radar,2,7,31,0,40,0,0,22,0,22,2,7,53,0,62,30,0,30,92
06/20/2014,CSG,GA,ASO,ES,Towers with Radar,2,9,15,2,28,0,0,29,1,30,2,9,44,3,58,18,0,18,76
06/21/2014,CSG,GA,ASO,ES,Towers with Radar,0,14,7,0,21,0,0,21,0,21,0,14,28,0,42,34,0,34,76
06/22/2014,CSG,GA,ASO,ES,Towers with Radar,0,7,17,0,24,0,0,11,0,11,0,7,28,0,35,14,0,14,49
06/23/2014,CSG,GA,ASO,ES,Towers with Radar,2,8,15,0,25,0,0,9,0,9,2,8,24,0,34,6,0,6,40
06/24/2014,CSG,GA,ASO,ES,Towers with Radar,0,8,22,0,30,0,0,3,0,3,0,8,25,0,33,14,0,14,47
06/25/2014,CSG,GA,ASO,ES,Towers with Radar,0,6,30,0,36,0,0,11,0,11,0,6,41,0,47,42,0,42,89
06/26/2014,CSG,GA,ASO,ES,Towers with Radar,2,7,26,0,35,0,0,14,0,14,2,7,40,0,49,22,0,22,71
06/27/2014,CSG,GA,ASO,ES,Towers with Radar,0,7,15,0,22,0,0,23,0,23,0,7,38,0,45,8,0,8,53
06/28/2014,CSG,GA,ASO,ES,Towers with Radar,0,5,14,0,19,0,0,36,0,36,0,5,50,0,55,42,0,42,97
06/29/2014,CSG,GA,ASO,ES,Towers with Radar,0,5,13,0,18,0,0,21,0,21,0,5,34,0,39,14,0,14,53
06/30/2014,CSG,GA,ASO,ES,Towers with Radar,4,7,17,0,28,0,0,7,0,7,4,7,24,0,35,0,0,0,35
07/01/2014,CSG,GA,ASO,ES,Towers with Radar,0,5,6,0,11,0,0,16,0,16,0,5,22,0,27,12,0,12,39
07/02/2014,CSG,GA,ASO,ES,Towers with Radar,0,7,15,0,22,0,0,7,0,7,0,7,22,0,29,30,0,30,59
07/03/2014,CSG,GA,ASO,ES,Towers with Radar,2,9,18,0,29,0,0,13,0,13,2,9,31,0,42,0,0,0,42
07/04/2014,CSG,GA,ASO,ES,Towers with Radar,0,5,4,0,9,0,2,15,0,17,0,7,19,0,26,0,0,0,26
07/05/2014,CSG,GA,ASO,ES,Towers with Radar,0,5,17,0,22,0,0,13,0,13,0,5,30,0,35,4,0,4,39
07/06/2014,CSG,GA,ASO,ES,Towers with Radar,0,9,20,0,29,0,0,7,0,7,0,9,27,0,36,6,0,6,42
07/07/2014,CSG,GA,ASO,ES,Towers with Radar,0,8,15,0,23,0,0,33,0,33,0,8,48,0,56,16,0,16,72
07/08/2014,CSG,GA,ASO,ES,Towers with Radar,0,7,19,0,26,0,0,13,0,13,0,7,32,0,39,12,0,12,51
07/09/2014,CSG,GA,ASO,ES,Towers with Radar,0,8,18,0,26,0,1,21,0,22,0,9,39,0,48,10,0,10,58
07/10/2014,CSG,GA,ASO,ES,Towers with Radar,2,6,19,0,27,0,0,6,0,6,2,6,25,0,33,12,0,12,45
07/11/2014,CSG,GA,ASO,ES,Towers with Radar,2,7,15,0,24,0,1,18,0,19,2,8,33,0,43,4,0,4,47
07/12/2014,CSG,GA,ASO,ES,Towers with Radar,0,7,14,0,21,0,0,10,0,10,0,7,24,0,31,22,0,22,53
07/13/2014,CSG,GA,ASO,ES,Towers with Radar,2,9,22,0,33,0,1,11,0,12,2,10,33,0,45,76,0,76,121
07/14/2014,CSG,GA,ASO,ES,Towers with Radar,2,10,19,0,31,0,3,23,0,26,2,13,42,0,57,4,0,4,61
07/15/2014,CSG,GA,ASO,ES,Towers with Radar,1,8,6,0,15,0,0,12,0,12,1,8,18,0,27,14,0,14,41
07/16/2014,CSG,GA,ASO,ES,Towers with Radar,0,9,19,4,32,0,0,29,0,29,0,9,48,4,61,42,6,48,109
07/17/2014,CSG,GA,ASO,ES,Towers with Radar,4,9,14,0,27,0,0,35,0,35,4,9,49,0,62,2,0,2,64
07/18/2014,CSG,GA,ASO,ES,Towers with Radar,0,11,14,0,25,0,0,17,0,17,0,11,31,0,42,36,0,36,78
07/19/2014,CSG,GA,ASO,ES,Towers with Radar,0,11,7,2,20,0,0,6,0,6,0,11,13,2,26,1,0,1,27
07/20/2014,CSG,GA,ASO,ES,Towers with Radar,0,9,9,0,18,0,0,2,0,2,0,9,11,0,20,0,0,0,20
07/21/2014,CSG,GA,ASO,ES,Towers with Radar,0,8,20,0,28,0,0,2,0,2,0,8,22,0,30,8,0,8,38
07/22/2014,CSG,GA,ASO,ES,Towers with Radar,0,9,17,5,31,0,0,3,0,3,0,9,20,5,34,12,0,12,46
07/23/2014,CSG,GA,ASO,ES,Towers with Radar,0,6,21,0,27,0,0,26,0,26,0,6,47,0,53,36,0,36,89
07/24/2014,CSG,GA,ASO,ES,Towers with Radar,10,11,21,0,42,0,0,32,0,32,10,11,53,0,74,0,0,0,74
07/25/2014,CSG,GA,ASO,ES,Towers with Radar,0,7,28,0,35,0,0,22,0,22,0,7,50,0,57,10,0,10,67
07/26/2014,CSG,GA,ASO,ES,Towers with Radar,0,7,12,0,19,0,0,34,0,34,0,7,46,0,53,34,0,34,87
07/27/2014,CSG,GA,ASO,ES,Towers with Radar,0,11,14,0,25,0,0,9,0,9,0,11,23,0,34,66,0,66,100
07/28/2014,CSG,GA,ASO,ES,Towers with Radar,0,11,10,0,21,0,0,5,0,5,0,11,15,0,26,0,0,0,26
07/29/2014,CSG,GA,ASO,ES,Towers with Radar,0,8,13,2,23,0,0,20,0,20,0,8,33,2,43,42,0,42,85
07/30/2014,CSG,GA,ASO,ES,Towers with Radar,1,7,19,0,27,0,0,35,0,35,1,7,54,0,62,22,0,22,84
07/31/2014,CSG,GA,ASO,ES,Towers with Radar,1,7,18,0,26,0,2,17,0,19,1,9,35,0,45,26,0,26,71
08/01/2014,CSG,GA,ASO,ES,Towers with Radar,0,9,28,0,37,0,0,1,0,1,0,9,29,0,38,14,0,14,52
08/02/2014,CSG,GA,ASO,ES,Towers with Radar,0,6,9,0,15,0,1,6,0,7,0,7,15,0,22,0,0,0,22
08/03/2014,CSG,GA,ASO,ES,Towers with Radar,0,13,16,0,29,0,1,16,0,17,0,14,32,0,46,6,0,6,52
08/04/2014,CSG,GA,ASO,ES,Towers with Radar,0,6,8,0,14,0,0,38,0,38,0,6,46,0,52,18,0,18,70
08/05/2014,CSG,GA,ASO,ES,Towers with Radar,0,9,12,0,21,0,0,13,0,13,0,9,25,0,34,0,0,0,34
08/06/2014,CSG,GA,ASO,ES,Towers with Radar,0,8,22,0,30,0,0,16,0,16,0,8,38,0,46,0,0,0,46
08/07/2014,CSG,GA,ASO,ES,Towers with Radar,2,11,27,1,41,0,0,24,0,24,2,11,51,1,65,22,0,22,87
08/08/2014,CSG,GA,ASO,ES,Towers with Radar,16,7,23,1,47,0,0,14,0,14,16,7,37,1,61,0,0,0,61
08/09/2014,CSG,GA,ASO,ES,Towers with Radar,0,4,10,0,14,0,1,23,0,24,0,5,33,0,38,28,0,28,66
08/10/2014,CSG,GA,ASO,ES,Towers with Radar,0,8,14,0,22,0,0,5,0,5,0,8,19,0,27,0,0,0,27
08/11/2014,CSG,GA,ASO,ES,Towers with Radar,1,8,17,0,26,0,0,21,0,21,1,8,38,0,47,30,0,30,77
08/12/2014,CSG,GA,ASO,ES,Towers with Radar,0,5,9,0,14,0,0,7,0,7,0,5,16,0,21,8,0,8,29
08/13/2014,CSG,GA,ASO,ES,Towers with Radar,4,5,20,2,31,0,0,9,0,9,4,5,29,2,40,0,0,0,40
08/14/2014,CSG,GA,ASO,ES,Towers with Radar,2,10,13,0,25,0,1,22,0,23,2,11,35,0,48,18,0,18,66
08/15/2014,CSG,GA,ASO,ES,Towers with Radar,0,7,20,0,27,0,1,25,0,26,0,8,45,0,53,8,0,8,61
08/16/2014,CSG,GA,ASO,ES,Towers with Radar,0,5,6,0,11,0,2,26,0,28,0,7,32,0,39,46,0,46,85
08/17/2014,CSG,GA,ASO,ES,Towers with Radar,0,7,13,0,20,0,0,15,0,15,0,7,28,0,35,26,0,26,61
08/18/2014,CSG,GA,ASO,ES,Towers with Radar,2,6,14,0,22,0,0,9,0,9,2,6,23,0,31,12,0,12,43
08/19/2014,CSG,GA,ASO,ES,Towers with Radar,0,6,1,0,7,0,0,7,0,7,0,6,8,0,14,14,0,14,28
08/20/2014,CSG,GA,ASO,ES,Towers with Radar,0,9,9,0,18,0,0,11,0,11,0,9,20,0,29,0,0,0,29
08/21/2014,CSG,GA,ASO,ES,Towers with Radar,0,12,7,0,19,0,0,12,0,12,0,12,19,0,31,0,0,0,31
08/22/2014,CSG,GA,ASO,ES,Towers with Radar,2,11,11,0,24,0,0,12,0,12,2,11,23,0,36,16,0,16,52
08/23/2014,CSG,GA,ASO,ES,Towers with Radar,0,5,4,0,9,0,0,25,0,25,0,5,29,0,34,14,0,14,48
08/24/2014,CSG,GA,ASO,ES,Towers with Radar,0,10,15,0,25,0,0,18,0,18,0,10,33,0,43,2,0,2,45
08/25/2014,CSG,GA,ASO,ES,Towers with Radar,0,8,13,2,23,0,0,9,0,9,0,8,22,2,32,2,0,2,34
08/26/2014,CSG,GA,ASO,ES,Towers with Radar,0,9,10,0,19,0,0,24,0,24,0,9,34,0,43,42,0,42,85
08/27/2014,CSG,GA,ASO,ES,Towers with Radar,2,10,18,0,30,0,0,13,0,13,2,10,31,0,43,30,0,30,73
08/28/2014,CSG,GA,ASO,ES,Towers with Radar,2,7,12,0,21,0,0,11,0,11,2,7,23,0,32,9,0,9,41
08/29/2014,CSG,GA,ASO,ES,Towers with Radar,0,7,27,0,34,0,0,16,0,16,0,7,43,0,50,16,0,16,66
08/30/2014,CSG,GA,ASO,ES,Towers with Radar,3,4,9,0,16,0,0,8,0,8,3,4,17,0,24,40,0,40,64
08/31/2014,CSG,GA,ASO,ES,Towers with Radar,1,4,6,0,11,0,0,8,0,8,1,4,14,0,19,0,0,0,19
09/01/2014,CSG,GA,ASO,ES,Towers with Radar,1,8,16,0,25,0,0,14,0,14,1,8,30,0,39,12,0,12,51
09/02/2014,CSG,GA,ASO,ES,Towers with Radar,0,8,23,0,31,0,0,40,0,40,0,8,63,0,71,16,0,16,87
09/03/2014,CSG,GA,ASO,ES,Towers with Radar,2,8,10,0,20,0,1,10,0,11,2,9,20,0,31,6,0,6,37
09/04/2014,CSG,GA,ASO,ES,Towers with Radar,2,7,18,0,27,0,0,1,0,1,2,7,19,0,28,0,0,0,28
09/05/2014,CSG,GA,ASO,ES,Towers with Radar,0,7,16,0,23,0,0,17,1,18,0,7,33,1,41,14,0,14,55
09/06/2014,CSG,GA,ASO,ES,Towers with Radar,0,5,7,0,12,0,0,11,0,11,0,5,18,0,23,16,0,16,39
09/07/2014,CSG,GA,ASO,ES,Towers with Radar,0,9,13,0,22,0,0,29,0,29,0,9,42,0,51,8,0,8,59
09/08/2014,CSG,GA,ASO,ES,Towers with Radar,1,6,17,2,26,0,0,6,0,6,1,6,23,2,32,0,0,0,32
09/09/2014,CSG,GA,ASO,ES,Towers with Radar,0,8,17,0,25,0,0,8,0,8,0,8,25,0,33,2,0,2,35
09/10/2014,CSG,GA,ASO,ES,Towers with Radar,2,8,15,2,27,0,0,4,0,4,2,8,19,2,31,0,0,0,31
09/11/2014,CSG,GA,ASO,ES,Towers with Radar,2,8,24,0,34,0,0,10,0,10,2,8,34,0,44,0,0,0,44
09/12/2014,CSG,GA,ASO,ES,Towers with Radar,3,7,24,4,38,0,0,14,0,14,3,7,38,4,52,16,0,16,68
09/13/2014,CSG,GA,ASO,ES,Towers with Radar,0,5,15,0,20,0,0,15,0,15,0,5,30,0,35,4,0,4,39
09/14/2014,CSG,GA,ASO,ES,Towers with Radar,0,8,13,0,21,0,0,17,0,17,0,8,30,0,38,58,0,58,96
09/15/2014,CSG,GA,ASO,ES,Towers with Radar,0,8,17,0,25,0,0,2,0,2,0,8,19,0,27,0,0,0,27
09/16/2014,CSG,GA,ASO,ES,Towers with Radar,0,7,16,0,23,0,0,29,2,31,0,7,45,2,54,44,0,44,98
09/17/2014,CSG,GA,ASO,ES,Towers with Radar,2,7,17,0,26,0,0,31,0,31,2,7,48,0,57,14,0,14,71
09/18/2014,CSG,GA,ASO,ES,Towers with Radar,2,11,22,0,35,0,2,25,0,27,2,13,47,0,62,6,0,6,68
09/19/2014,CSG,GA,ASO,ES,Towers with Radar,0,9,25,0,34,0,1,26,0,27,0,10,51,0,61,8,0,8,69
09/20/2014,CSG,GA,ASO,ES,Towers with Radar,0,5,10,0,15,0,0,11,0,11,0,5,21,0,26,6,0,6,32
09/21/2014,CSG,GA,ASO,ES,Towers with Radar,0,10,11,0,21,0,2,29,0,31,0,12,40,0,52,0,0,0,52
09/22/2014,CSG,GA,ASO,ES,Towers with Radar,1,9,10,2,22,0,0,4,0,4,1,9,14,2,26,0,0,0,26
09/23/2014,CSG,GA,ASO,ES,Towers with Radar,0,7,20,0,27,0,0,27,0,27,0,7,47,0,54,6,0,6,60
09/24/2014,CSG,GA,ASO,ES,Towers with Radar,0,9,16,0,25,0,1,4,0,5,0,10,20,0,30,4,0,4,34
09/25/2014,CSG,GA,ASO,ES,Towers with Radar,4,7,25,1,37,0,0,7,0,7,4,7,32,1,44,0,0,0,44
09/26/2014,CSG,GA,ASO,ES,Towers with Radar,4,7,26,0,37,0,0,9,0,9,4,7,35,0,46,0,0,0,46
09/27/2014,CSG,GA,ASO,ES,Towers with Radar,0,6,19,0,25,0,0,3,0,3,0,6,22,0,28,80,0,80,108
09/28/2014,CSG,GA,ASO,ES,Towers with Radar,0,7,20,0,27,0,0,0,0,0,0,7,20,0,27,16,0,16,43
09/29/2014,CSG,GA,ASO,ES,Towers with Radar,0,7,22,0,29,0,0,0,0,0,0,7,22,0,29,2,0,2,31
09/30/2014,CSG,GA,ASO,ES,Towers with Radar,0,8,24,0,32,0,2,17,0,19,0,10,41,0,51,0,0,0,51
10/01/2014,CSG,GA,ASO,ES,Towers with Radar,0,9,9,1,19,0,0,18,1,19,0,9,27,2,38,24,0,24,62
10/02/2014,CSG,GA,ASO,ES,Towers with Radar,2,8,18,0,28,0,0,30,0,30,2,8,48,0,58,16,0,16,74
10/03/2014,CSG,GA,ASO,ES,Towers with Radar,2,7,12,0,21,0,1,10,0,11,2,8,22,0,32,12,0,12,44
10/04/2014,CSG,GA,ASO,ES,Towers with Radar,0,5,9,0,14,0,0,20,0,20,0,5,29,0,34,31,0,31,65
10/05/2014,CSG,GA,ASO,ES,Towers with Radar,0,8,9,0,17,0,0,25,0,25,0,8,34,0,42,16,0,16,58
10/06/2014,CSG,GA,ASO,ES,Towers with Radar,2,6,14,0,22,0,6,25,2,33,2,12,39,2,55,19,22,41,96
10/07/2014,CSG,GA,ASO,ES,Towers with Radar,0,7,13,0,20,0,0,30,0,30,0,7,43,0,50,8,0,8,58
10/08/2014,CSG,GA,ASO,ES,Towers with Radar,0,7,26,2,35,0,0,21,0,21,0,7,47,2,56,0,0,0,56
10/09/2014,CSG,GA,ASO,ES,Towers with Radar,2,7,16,0,25,0,0,17,0,17,2,7,33,0,42,16,0,16,58
10/10/2014,CSG,GA,ASO,ES,Towers with Radar,1,8,21,0,30,0,0,19,0,19,1,8,40,0,49,10,0,10,59
10/11/2014,CSG,GA,ASO,ES,Towers with Radar,0,4,8,0,12,0,0,19,0,19,0,4,27,0,31,4,0,4,35
10/12/2014,CSG,GA,ASO,ES,Towers with Radar,0,9,10,0,19,0,1,15,0,16,0,10,25,0,35,8,0,8,43
10/13/2014,CSG,GA,ASO,ES,Towers with Radar,0,6,14,0,20,0,0,7,0,7,0,6,21,0,27,14,0,14,41
10/14/2014,CSG,GA,ASO,ES,Towers with Radar,0,4,3,0,7,0,0,8,0,8,0,4,11,0,15,0,0,0,15
10/15/2014,CSG,GA,ASO,ES,Towers with Radar,0,12,12,0,24,0,0,19,0,19,0,12,31,0,43,0,0,0,43
10/16/2014,CSG,GA,ASO,ES,Towers with Radar,3,5,16,0,24,0,0,20,0,20,3,5,36,0,44,32,0,32,76
10/17/2014,CSG,GA,ASO,ES,Towers with Radar,2,6,14,2,24,0,0,33,0,33,2,6,47,2,57,10,0,10,67
10/18/2014,CSG,GA,ASO,ES,Towers with Radar,0,5,9,0,14,0,0,18,0,18,0,5,27,0,32,14,0,14,46
10/19/2014,CSG,GA,ASO,ES,Towers with Radar,0,10,22,2,34,0,0,21,0,21,0,10,43,2,55,22,0,22,77
10/20/2014,CSG,GA,ASO,ES,Towers with Radar,2,13,7,0,22,0,0,17,0,17,2,13,24,0,39,8,0,8,47
10/21/2014,CSG,GA,ASO,ES,Towers with Radar,1,7,13,0,21,0,0,22,7,29,1,7,35,7,50,10,12,22,72
10/22/2014,CSG,GA,ASO,ES,Towers with Radar,0,7,27,2,36,0,2,25,3,30,0,9,52,5,66,30,0,30,96
10/23/2014,CSG,GA,ASO,ES,Towers with Radar,2,8,30,0,40,0,0,31,4,35,2,8,61,4,75,14,0,14,89
10/24/2014,CSG,GA,ASO,ES,Towers with Radar,2,8,20,0,30,0,4,43,0,47,2,12,63,0,77,40,0,40,117
10/25/2014,CSG,GA,ASO,ES,Towers with Radar,0,4,10,2,16,0,0,32,0,32,0,4,42,2,48,38,0,38,86
10/26/2014,CSG,GA,ASO,ES,Towers with Radar,0,8,14,1,23,0,0,16,1,17,0,8,30,2,40,44,0,44,84
10/27/2014,CSG,GA,ASO,ES,Towers with Radar,0,8,12,0,20,0,0,16,0,16,0,8,28,0,36,44,0,44,80
10/28/2014,CSG,GA,ASO,ES,Towers with Radar,0,9,21,0,30,0,0,17,0,17,0,9,38,0,47,2,0,2,49
10/29/2014,CSG,GA,ASO,ES,Towers with Radar,0,8,27,0,35,0,0,4,0,4,0,8,31,0,39,6,0,6,45
10/30/2014,CSG,GA,ASO,ES,Towers with Radar,2,7,34,0,43,0,1,22,0,23,2,8,56,0,66,10,0,10,76
10/31/2014,CSG,GA,ASO,ES,Towers with Radar,2,8,17,0,27,0,0,21,0,21,2,8,38,0,48,10,0,10,58
11/01/2014,CSG,GA,ASO,ES,Towers with Radar,0,6,7,0,13,0,0,15,0,15,0,6,22,0,28,0,0,0,28
11/02/2014,CSG,GA,ASO,ES,Towers with Radar,0,9,15,0,24,0,0,26,0,26,0,9,41,0,50,8,0,8,58
11/03/2014,CSG,GA,ASO,ES,Towers with Radar,0,7,17,0,24,0,2,17,0,19,0,9,34,0,43,82,0,82,125
11/04/2014,CSG,GA,ASO,ES,Towers with Radar,0,6,19,0,25,0,0,22,0,22,0,6,41,0,47,26,0,26,73
11/05/2014,CSG,GA,ASO,ES,Towers with Radar,0,7,13,0,20,0,0,8,0,8,0,7,21,0,28,22,0,22,50
11/06/2014,CSG,GA,ASO,ES,Towers with Radar,2,14,35,0,51,0,0,9,0,9,2,14,44,0,60,18,0,18,78
11/07/2014,CSG,GA,ASO,ES,Towers with Radar,7,3,18,0,28,0,0,26,0,26,7,3,44,0,54,6,0,6,60
11/08/2014,CSG,GA,ASO,ES,Towers with Radar,2,4,16,0,22,0,0,24,0,24,2,4,40,0,46,6,0,6,52
11/09/2014,CSG,GA,ASO,ES,Towers with Radar,2,10,20,0,32,0,0,34,0,34,2,10,54,0,66,58,0,58,124
11/10/2014,CSG,GA,ASO,ES,Towers with Radar,0,9,17,0,26,0,0,19,0,19,0,9,36,0,45,42,0,42,87
11/11/2014,CSG,GA,ASO,ES,Towers with Radar,0,9,12,0,21,0,0,34,0,34,0,9,46,0,55,16,0,16,71
11/12/2014,CSG,GA,ASO,ES,Towers with Radar,0,9,23,0,32,0,0,4,0,4,0,9,27,0,36,0,0,0,36
11/13/2014,CSG,GA,ASO,ES,Towers with Radar,2,11,31,0,44,0,0,11,0,11,2,11,42,0,55,12,0,12,67
11/14/2014,CSG,GA,ASO,ES,Towers with Radar,2,10,17,0,29,0,0,22,0,22,2,10,39,0,51,30,0,30,81
11/15/2014,CSG,GA,ASO,ES,Towers with Radar,0,7,16,0,23,0,0,27,0,27,0,7,43,0,50,0,0,0,50
11/16/2014,CSG,GA,ASO,ES,Towers with Radar,0,13,15,0,28,0,0,2,0,2,0,13,17,0,30,28,0,28,58
11/17/2014,CSG,GA,ASO,ES,Towers with Radar,1,8,4,0,13,0,0,0,0,0,1,8,4,0,13,0,0,0,13
11/18/2014,CSG,GA,ASO,ES,Towers with Radar,0,7,12,0,19,0,0,10,0,10,0,7,22,0,29,6,0,6,35
11/19/2014,CSG,GA,ASO,ES,Towers with Radar,0,11,13,0,24,0,0,21,0,21,0,11,34,0,45,46,0,46,91
11/20/2014,CSG,GA,ASO,ES,Towers with Radar,1,8,14,6,29,0,0,17,4,21,1,8,31,10,50,30,14,44,94
11/21/2014,CSG,GA,ASO,ES,Towers with Radar,0,10,34,1,45,0,1,38,0,39,0,11,72,1,84,28,2,30,114
11/22/2014,CSG,GA,ASO,ES,Towers with Radar,0,5,18,0,23,0,1,44,0,45,0,6,62,0,68,42,0,42,110
11/23/2014,CSG,GA,ASO,ES,Towers with Radar,0,9,3,0,12,0,0,0,0,0,0,9,3,0,12,0,0,0,12
11/24/2014,CSG,GA,ASO,ES,Towers with Radar,0,9,14,0,23,0,0,32,0,32,0,9,46,0,55,60,0,60,115
11/25/2014,CSG,GA,ASO,ES,Towers with Radar,0,14,20,0,34,0,0,12,0,12,0,14,32,0,46,12,0,12,58
11/26/2014,CSG,GA,ASO,ES,Towers with Radar,2,8,20,0,30,0,0,25,0,25,2,8,45,0,55,18,0,18,73
11/27/2014,CSG,GA,ASO,ES,Towers with Radar,0,5,5,0,10,0,1,11,0,12,0,6,16,0,22,0,0,0,22
11/28/2014,CSG,GA,ASO,ES,Towers with Radar,0,5,7,0,12,0,0,29,0,29,0,5,36,0,41,64,0,64,105
11/29/2014,CSG,GA,ASO,ES,Towers with Radar,0,8,11,0,19,0,0,54,0,54,0,8,65,0,73,70,0,70,143
11/30/2014,CSG,GA,ASO,ES,Towers with Radar,0,14,18,0,32,0,1,23,0,24,0,15,41,0,56,47,0,47,103
12/01/2014,CSG,GA,ASO,ES,Towers with Radar,0,14,14,0,28,0,0,13,0,13,0,14,27,0,41,8,0,8,49
12/02/2014,CSG,GA,ASO,ES,Towers with Radar,0,7,15,3,25,0,0,22,0,22,0,7,37,3,47,36,0,36,83
12/03/2014,CSG,GA,ASO,ES,Towers with Radar,0,5,18,2,25,0,0,10,0,10,0,5,28,2,35,0,0,0,35
12/04/2014,CSG,GA,ASO,ES,Towers with Radar,2,6,11,0,19,0,1,13,0,14,2,7,24,0,33,0,0,0,33
12/05/2014,CSG,GA,ASO,ES,Towers with Radar,2,3,19,0,24,0,0,2,1,3,2,3,21,1,27,6,0,6,33
12/06/2014,CSG,GA,ASO,ES,Towers with Radar,0,7,7,0,14,0,0,0,0,0,0,7,7,0,14,18,0,18,32
12/07/2014,CSG,GA,ASO,ES,Towers with Radar,0,8,13,0,21,0,0,23,0,23,0,8,36,0,44,46,0,46,90
12/08/2014,CSG,GA,ASO,ES,Towers with Radar,1,6,11,1,19,0,0,8,0,8,1,6,19,1,27,2,0,2,29
12/09/2014,CSG,GA,ASO,ES,Towers with Radar,0,8,20,0,28,0,0,15,0,15,0,8,35,0,43,4,0,4,47
12/10/2014,CSG,GA,ASO,ES,Towers with Radar,0,6,24,0,30,0,0,19,0,19,0,6,43,0,49,46,0,46,95
12/11/2014,CSG,GA,ASO,ES,Towers with Radar,2,8,28,0,38,0,1,15,1,17,2,9,43,1,55,14,0,14,69
12/12/2014,CSG,GA,ASO,ES,Towers with Radar,0,7,18,0,25,0,0,23,0,23,0,7,41,0,48,6,0,6,54
12/13/2014,CSG,GA,ASO,ES,Towers with Radar,0,7,8,0,15,0,0,24,0,24,0,7,32,0,39,110,0,110,149
12/14/2014,CSG,GA,ASO,ES,Towers with Radar,0,5,6,0,11,0,1,35,0,36,0,6,41,0,47,90,0,90,137
12/15/2014,CSG,GA,ASO,ES,Towers with Radar,1,5,12,0,18,0,0,19,0,19,1,5,31,0,37,24,0,24,61
12/16/2014,CSG,GA,ASO,ES,Towers with Radar,0,7,15,0,22,0,0,11,0,11,0,7,26,0,33,0,0,0,33
12/17/2014,CSG,GA,ASO,ES,Towers with Radar,0,5,27,0,32,0,2,4,1,7,0,7,31,1,39,12,0,12,51
12/18/2014,CSG,GA,ASO,ES,Towers with Radar,4,7,21,0,32,0,0,11,0,11,4,7,32,0,43,30,6,36,79
12/19/2014,CSG,GA,ASO,ES,Towers with Radar,2,6,15,0,23,0,0,11,0,11,2,6,26,0,34,6,0,6,40
12/20/2014,CSG,GA,ASO,ES,Towers with Radar,0,4,12,0,16,0,0,0,0,0,0,4,12,0,16,16,0,16,32
12/21/2014,CSG,GA,ASO,ES,Towers with Radar,0,3,14,0,17,0,0,1,0,1,0,3,15,0,18,0,0,0,18
12/22/2014,CSG,GA,ASO,ES,Towers with Radar,0,5,9,0,14,0,0,0,0,0,0,5,9,0,14,0,0,0,14
12/23/2014,CSG,GA,ASO,ES,Towers with Radar,2,6,6,0,14,0,0,0,0,0,2,6,6,0,14,0,0,0,14
12/24/2014,CSG,GA,ASO,ES,Towers with Radar,0,2,6,0,8,0,0,3,0,3,0,2,9,0,11,0,0,0,11
12/25/2014,CSG,GA,ASO,ES,Towers with Radar,0,6,2,0,8,0,0,9,0,9,0,6,11,0,17,0,0,0,17
12/26/2014,CSG,GA,ASO,ES,Towers with Radar,0,4,27,0,31,0,2,35,0,37,0,6,62,0,68,92,0,92,160
12/27/2014,CSG,GA,ASO,ES,Towers with Radar,0,4,5,0,9,0,0,18,0,18,0,4,23,0,27,54,0,54,81
12/28/2014,CSG,GA,ASO,ES,Towers with Radar,0,3,8,0,11,0,0,0,0,0,0,3,8,0,11,0,0,0,11
12/29/2014,CSG,GA,ASO,ES,Towers with Radar,0,4,12,0,16,0,0,10,0,10,0,4,22,0,26,61,0,61,87
12/30/2014,CSG,GA,ASO,ES,Towers with Radar,0,5,25,0,30,0,0,17,0,17,0,5,42,0,47,32,0,32,79
12/31/2014,CSG,GA,ASO,ES,Towers with Radar,0,2,19,0,21,0,0,5,0,5,0,2,24,0,26,0,0,0,26
01/01/2015,CSG,GA,ASO,ES,Towers with Radar,0,2,9,0,11,0,0,46,0,46,0,2,55,0,57,8,0,8,65
01/02/2015,CSG,GA,ASO,ES,Towers with Radar,2,7,15,1,25,0,0,0,0,0,2,7,15,1,25,0,0,0,25
01/03/2015,CSG,GA,ASO,ES,Towers with Radar,0,5,11,0,16,0,0,0,0,0,0,5,11,0,16,0,0,0,16
01/04/2015,CSG,GA,ASO,ES,Towers with Radar,1,3,11,0,15,0,0,7,0,7,1,3,18,0,22,20,0,20,42
01/05/2015,CSG,GA,ASO,ES,Towers with Radar,0,6,14,0,20,0,0,24,0,24,0,6,38,0,44,32,0,32,76
01/06/2015,CSG,GA,ASO,ES,Towers with Radar,0,6,8,0,14,0,0,13,0,13,0,6,21,0,27,0,0,0,27
01/07/2015,CSG,GA,ASO,ES,Towers with Radar,0,6,16,0,22,0,0,4,0,4,0,6,20,0,26,0,0,0,26
01/08/2015,CSG,GA,ASO,ES,Towers with Radar,2,4,9,0,15,0,0,23,0,23,2,4,32,0,38,46,0,46,84
01/09/2015,CSG,GA,ASO,ES,Towers with Radar,2,6,10,2,20,0,1,22,0,23,2,7,32,2,43,74,0,74,117
01/10/2015,CSG,GA,ASO,ES,Towers with Radar,0,3,6,0,9,0,0,28,0,28,0,3,34,0,37,62,0,62,99
01/11/2015,CSG,GA,ASO,ES,Towers with Radar,0,7,8,0,15,0,0,3,0,3,0,7,11,0,18,0,0,0,18
01/12/2015,CSG,GA,ASO,ES,Towers with Radar,0,7,8,0,15,0,0,0,0,0,0,7,8,0,15,0,0,0,15
01/13/2015,CSG,GA,ASO,ES,Towers with Radar,0,11,22,0,33,0,0,3,0,3,0,11,25,0,36,14,0,14,50
01/14/2015,CSG,GA,ASO,ES,Towers with Radar,0,10,16,3,29,0,0,0,0,0,0,10,16,3,29,42,0,42,71
01/15/2015,CSG,GA,ASO,ES,Towers with Radar,2,6,11,0,19,0,0,0,0,0,2,6,11,0,19,0,0,0,19
01/16/2015,CSG,GA,ASO,ES,Towers with Radar,0,9,24,0,33,0,1,32,0,33,0,10,56,0,66,42,0,42,108
01/17/2015,CSG,GA,ASO,ES,Towers with Radar,0,5,10,0,15,0,0,29,0,29,0,5,39,0,44,102,0,102,146
01/18/2015,CSG,GA,ASO,ES,Towers with Radar,0,3,12,0,15,0,2,27,0,29,0,5,39,0,44,32,0,32,76
01/19/2015,CSG,GA,ASO,ES,Towers with Radar,1,8,13,0,22,0,2,34,0,36,1,10,47,0,58,212,0,212,270
01/20/2015,CSG,GA,ASO,ES,Towers with Radar,0,9,18,0,27,0,0,11,0,11,0,9,29,0,38,18,0,18,56
01/21/2015,CSG,GA,ASO,ES,Towers with Radar,0,6,20,2,28,0,0,23,0,23,0,6,43,2,51,22,0,22,73
01/22/2015,CSG,GA,ASO,ES,Towers with Radar,2,5,28,0,35,0,0,19,0,19,2,5,47,0,54,22,0,22,76
01/23/2015,CSG,GA,ASO,ES,Towers with Radar,2,5,10,0,17,0,0,0,0,0,2,5,10,0,17,0,0,0,17
01/24/2015,CSG,GA,ASO,ES,Towers with Radar,0,3,19,0,22,0,0,17,0,17,0,3,36,0,39,46,0,46,85
01/25/2015,CSG,GA,ASO,ES,Towers with Radar,0,4,5,0,9,0,0,21,0,21,0,4,26,0,30,70,0,70,100
01/26/2015,CSG,GA,ASO,ES,Towers with Radar,0,4,13,0,17,0,0,10,0,10,0,4,23,0,27,2,0,2,29
01/27/2015,CSG,GA,ASO,ES,Towers with Radar,0,7,15,0,22,0,0,19,0,19,0,7,34,0,41,40,0,40,81
01/28/2015,CSG,GA,ASO,ES,Towers with Radar,0,13,15,0,28,0,0,37,3,40,0,13,52,3,68,35,0,35,103
01/29/2015,CSG,GA,ASO,ES,Towers with Radar,2,6,12,0,20,0,0,26,0,26,2,6,38,0,46,28,0,28,74
01/30/2015,CSG,GA,ASO,ES,Towers with Radar,0,9,21,3,33,0,0,22,0,22,0,9,43,3,55,22,0,22,77
01/31/2015,CSG,GA,ASO,ES,Towers with Radar,0,4,9,0,13,0,0,45,0,45,0,4,54,0,58,166,0,166,224
02/01/2015,CSG,GA,ASO,ES,Towers with Radar,0,5,12,1,18,0,0,5,0,5,0,5,17,1,23,0,0,0,23
02/02/2015,CSG,GA,ASO,ES,Towers with Radar,0,5,14,0,19,0,0,0,0,0,0,5,14,0,19,0,0,0,19
02/03/2015,CSG,GA,ASO,ES,Towers with Radar,0,7,11,0,18,0,0,22,0,22,0,7,33,0,40,28,0,28,68
02/04/2015,CSG,GA,ASO,ES,Towers with Radar,0,9,5,2,16,0,0,12,0,12,0,9,17,2,28,0,0,0,28
02/05/2015,CSG,GA,ASO,ES,Towers with Radar,2,5,12,0,19,0,0,7,2,9,2,5,19,2,28,0,0,0,28
02/06/2015,CSG,GA,ASO,ES,Towers with Radar,0,7,14,0,21,0,0,28,0,28,0,7,42,0,49,36,0,36,85
02/07/2015,CSG,GA,ASO,ES,Towers with Radar,0,3,4,0,7,0,0,29,0,29,0,3,33,0,36,70,0,70,106
02/08/2015,CSG,GA,ASO,ES,Towers with Radar,0,5,9,0,14,0,0,9,0,9,0,5,18,0,23,0,0,0,23
02/09/2015,CSG,GA,ASO,ES,Towers with Radar,1,6,7,0,14,0,0,5,0,5,1,6,12,0,19,8,0,8,27
02/10/2015,CSG,GA,ASO,ES,Towers with Radar,1,7,21,0,29,0,0,14,0,14,1,7,35,0,43,46,0,46,89
02/11/2015,CSG,GA,ASO,ES,Towers with Radar,0,6,20,0,26,0,0,16,0,16,0,6,36,0,42,22,0,22,64
02/12/2015,CSG,GA,ASO,ES,Towers with Radar,2,5,20,0,27,0,0,9,0,9,2,5,29,0,36,0,0,0,36
02/13/2015,CSG,GA,ASO,ES,Towers with Radar,0,9,25,0,34,0,0,23,0,23,0,9,48,0,57,44,0,44,101
02/14/2015,CSG,GA,ASO,ES,Towers with Radar,0,3,17,0,20,0,0,8,0,8,0,3,25,0,28,0,0,0,28
02/15/2015,CSG,GA,ASO,ES,Towers with Radar,0,3,14,0,17,0,0,21,0,21,0,3,35,0,38,0,0,0,38
02/16/2015,CSG,GA,ASO,ES,Towers with Radar,0,6,9,0,15,0,0,5,0,5,0,6,14,0,20,2,0,2,22
02/17/2015,CSG,GA,ASO,ES,Towers with Radar,0,10,13,0,23,0,0,4,3,7,0,10,17,3,30,0,0,0,30
02/18/2015,CSG,GA,ASO,ES,Towers with Radar,0,5,18,0,23,0,0,6,3,9,0,5,24,3,32,0,0,0,32
02/19/2015,CSG,GA,ASO,ES,Towers with Radar,2,10,16,0,28,0,0,7,2,9,2,10,23,2,37,16,0,16,53
02/20/2015,CSG,GA,ASO,ES,Towers with Radar,0,11,7,0,18,0,0,12,0,12,0,11,19,0,30,12,0,12,42
02/21/2015,CSG,GA,ASO,ES,Towers with Radar,0,8,4,0,12,0,1,15,0,16,0,9,19,0,28,12,0,12,40
02/22/2015,CSG,GA,ASO,ES,Towers with Radar,0,12,7,0,19,0,0,0,0,0,0,12,7,0,19,0,0,0,19
02/23/2015,CSG,GA,ASO,ES,Towers with Radar,0,9,9,5,23,0,1,11,0,12,0,10,20,5,35,0,0,0,35
02/24/2015,CSG,GA,ASO,ES,Towers with Radar,0,6,10,0,16,0,0,2,0,2,0,6,12,0,18,20,0,20,38
02/25/2015,CSG,GA,ASO,ES,Towers with Radar,0,6,13,0,19,0,0,2,0,2,0,6,15,0,21,0,0,0,21
02/26/2015,CSG,GA,ASO,ES,Towers with Radar,2,7,22,0,31,0,0,1,0,1,2,7,23,0,32,0,0,0,32
02/27/2015,CSG,GA,ASO,ES,Towers with Radar,0,8,13,0,21,0,0,24,0,24,0,8,37,0,45,20,0,20,65
02/28/2015,CSG,GA,ASO,ES,Towers with Radar,0,5,8,0,13,0,2,34,0,36,0,7,42,0,49,82,0,82,131
03/01/2015,CSG,GA,ASO,ES,Towers with Radar,0,7,9,0,16,0,0,0,0,0,0,7,9,0,16,0,0,0,16
03/02/2015,CSG,GA,ASO,ES,Towers with Radar,0,8,7,0,15,0,0,13,0,13,0,8,20,0,28,36,0,36,64
03/03/2015,CSG,GA,ASO,ES,Towers with Radar,0,13,17,0,30,0,0,5,0,5,0,13,22,0,35,0,0,0,35
03/04/2015,CSG,GA,ASO,ES,Towers with Radar,0,7,13,0,20,0,0,16,0,16,0,7,29,0,36,18,0,18,54
03/05/2015,CSG,GA,ASO,ES,Towers with Radar,2,6,11,0,19,0,0,1,0,1,2,6,12,0,20,0,0,0,20
03/06/2015,CSG,GA,ASO,ES,Towers with Radar,0,7,31,0,38,0,0,8,0,8,0,7,39,0,46,20,0,20,66
03/07/2015,CSG,GA,ASO,ES,Towers with Radar,0,9,14,0,23,0,1,41,0,42,0,10,55,0,65,84,0,84,149
03/08/2015,CSG,GA,ASO,ES,Towers with Radar,0,8,27,0,35,0,1,23,0,24,0,9,50,0,59,12,0,12,71
03/09/2015,CSG,GA,ASO,ES,Towers with Radar,1,5,6,0,12,0,0,4,0,4,1,5,10,0,16,34,0,34,50
03/10/2015,CSG,GA,ASO,ES,Towers with Radar,0,12,24,0,36,0,0,12,0,12,0,12,36,0,48,12,0,12,60
03/11/2015,CSG,GA,ASO,ES,Towers with Radar,0,15,21,1,37,0,0,0,0,0,0,15,21,1,37,10,0,10,47
03/12/2015,CSG,GA,ASO,ES,Towers with Radar,2,14,20,0,36,0,0,3,0,3,2,14,23,0,39,0,0,0,39
03/13/2015,CSG,GA,ASO,ES,Towers with Radar,0,11,8,2,21,0,0,0,0,0,0,11,8,2,21,0,0,0,21
03/14/2015,CSG,GA,ASO,ES,Towers with Radar,0,8,16,0,24,0,0,3,0,3,0,8,19,0,27,0,0,0,27
03/15/2015,CSG,GA,ASO,ES,Towers with Radar,0,12,21,0,33,0,0,29,0,29,0,12,50,0,62,42,0,42,104
03/16/2015,CSG,GA,ASO,ES,Towers with Radar,0,7,14,1,22,0,0,17,0,17,0,7,31,1,39,20,18,38,77
03/17/2015,CSG,GA,ASO,ES,Towers with Radar,0,7,15,0,22,0,0,12,0,12,0,7,27,0,34,0,0,0,34
03/18/2015,CSG,GA,ASO,ES,Towers with Radar,0,7,32,0,39,0,1,20,0,21,0,8,52,0,60,36,0,36,96
03/19/2015,CSG,GA,ASO,ES,Towers with Radar,2,10,16,0,28,0,1,8,0,9,2,11,24,0,37,8,0,8,45
03/20/2015,CSG,GA,ASO,ES,Towers with Radar,2,10,18,1,31,0,0,14,0,14,2,10,32,1,45,12,0,12,57
03/21/2015,CSG,GA,ASO,ES,Towers with Radar,0,6,7,0,13,0,0,24,0,24,0,6,31,0,37,32,0,32,69
03/22/2015,CSG,GA,ASO,ES,Towers with Radar,0,5,14,0,19,0,0,1,0,1,0,5,15,0,20,0,0,0,20
03/23/2015,CSG,GA,ASO,ES,Towers with Radar,0,5,15,0,20,0,0,2,0,2,0,5,17,0,22,16,0,16,38
03/24/2015,CSG,GA,ASO,ES,Towers with Radar,0,6,23,6,35,0,4,23,4,31,0,10,46,10,66,8,40,48,114
03/25/2015,CSG,GA,ASO,ES,Towers with Radar,0,7,14,0,21,0,0,15,0,15,0,7,29,0,36,6,0,6,42
03/26/2015,CSG,GA,ASO,ES,Towers with Radar,2,11,16,0,29,0,0,9,0,9,2,11,25,0,38,0,0,0,38
03/27/2015,CSG,GA,ASO,ES,Towers with Radar,0,7,18,0,25,0,1,14,0,15,0,8,32,0,40,0,0,0,40
03/28/2015,CSG,GA,ASO,ES,Towers with Radar,0,6,10,0,16,0,0,29,0,29,0,6,39,0,45,76,0,76,121
03/29/2015,CSG,GA,ASO,ES,Towers with Radar,0,12,17,0,29,0,0,27,0,27,0,12,44,0,56,36,0,36,92
03/30/2015,CSG,GA,ASO,ES,Towers with Radar,0,5,17,0,22,0,0,8,0,8,0,5,25,0,30,20,0,20,50
03/31/2015,CSG,GA,ASO,ES,Towers with Radar,0,8,16,1,25,0,0,3,1,4,0,8,19,2,29,0,0,0,29
04/01/2015,CSG,GA,ASO,ES,Towers with Radar,0,7,13,0,20,0,3,19,2,24,0,10,32,2,44,42,0,42,86
04/02/2015,CSG,GA,ASO,ES,Towers with Radar,3,11,22,0,36,0,0,2,0,2,3,11,24,0,38,0,0,0,38
04/03/2015,CSG,GA,ASO,ES,Towers with Radar,0,11,12,2,25,0,0,12,0,12,0,11,24,2,37,6,0,6,43
04/04/2015,CSG,GA,ASO,ES,Towers with Radar,0,3,9,0,12,0,0,10,0,10,0,3,19,0,22,0,0,0,22
04/05/2015,CSG,GA,ASO,ES,Towers with Radar,1,10,5,0,16,0,0,16,0,16,1,10,21,0,32,24,0,24,56
04/06/2015,CSG,GA,ASO,ES,Towers with Radar,1,7,14,0,22,0,0,5,0,5,1,7,19,0,27,4,0,4,31
04/07/2015,CSG,GA,ASO,ES,Towers with Radar,0,11,21,2,34,0,0,12,0,12,0,11,33,2,46,39,0,39,85
04/08/2015,CSG,GA,ASO,ES,Towers with Radar,0,12,23,0,35,0,0,23,0,23,0,12,46,0,58,32,0,32,90
04/09/2015,CSG,GA,ASO,ES,Towers with Radar,4,11,15,0,30,0,1,11,0,12,4,12,26,0,42,2,0,2,44
04/10/2015,CSG,GA,ASO,ES,Towers with Radar,0,14,22,0,36,0,0,3,0,3,0,14,25,0,39,0,0,0,39
04/11/2015,CSG,GA,ASO,ES,Towers with Radar,0,5,18,0,23,0,0,49,0,49,0,5,67,0,72,112,0,112,184
04/12/2015,CSG,GA,ASO,ES,Towers with Radar,0,7,16,0,23,0,0,5,0,5,0,7,21,0,28,22,0,22,50
04/13/2015,CSG,GA,ASO,ES,Towers with Radar,0,9,4,0,13,0,0,2,0,2,0,9,6,0,15,0,0,0,15
04/14/2015,CSG,GA,ASO,ES,Towers with Radar,0,6,18,0,24,0,0,2,0,2,0,6,20,0,26,0,0,0,26
04/15/2015,CSG,GA,ASO,ES,Towers with Radar,1,9,27,1,38,0,1,5,0,6,1,10,32,1,44,18,0,18,62
04/16/2015,CSG,GA,ASO,ES,Towers with Radar,4,10,18,0,32,0,0,0,0,0,4,10,18,0,32,0,0,0,32
04/17/2015,CSG,GA,ASO,ES,Towers with Radar,1,8,18,0,27,0,0,0,0,0,1,8,18,0,27,0,0,0,27
04/18/2015,CSG,GA,ASO,ES,Towers with Radar,0,5,12,0,17,0,0,3,0,3,0,5,15,0,20,26,0,26,46
04/19/2015,CSG,GA,ASO,ES,Towers with Radar,0,8,7,0,15,0,0,0,0,0,0,8,7,0,15,0,0,0,15
04/20/2015,CSG,GA,ASO,ES,Towers with Radar,0,8,15,0,23,0,0,10,0,10,0,8,25,0,33,14,0,14,47
04/21/2015,CSG,GA,ASO,ES,Towers with Radar,0,9,20,0,29,0,0,22,2,24,0,9,42,2,53,0,0,0,53
04/22/2015,CSG,GA,ASO,ES,Towers with Radar,0,10,17,2,29,0,0,17,0,17,0,10,34,2,46,16,0,16,62
04/23/2015,CSG,GA,ASO,ES,Towers with Radar,4,8,20,0,32,0,0,8,0,8,4,8,28,0,40,0,0,0,40
04/24/2015,CSG,GA,ASO,ES,Towers with Radar,0,10,20,0,30,0,2,15,0,17,0,12,35,0,47,0,0,0,47
04/25/2015,CSG,GA,ASO,ES,Towers with Radar,0,5,10,0,15,0,0,0,0,0,0,5,10,0,15,0,0,0,15
04/26/2015,CSG,GA,ASO,ES,Towers with Radar,0,11,15,0,26,0,0,23,0,23,0,11,38,0,49,24,0,24,73
04/27/2015,CSG,GA,ASO,ES,Towers with Radar,2,8,24,0,34,0,0,15,0,15,2,8,39,0,49,0,0,0,49
04/28/2015,CSG,GA,ASO,ES,Towers with Radar,0,7,13,0,20,0,0,7,0,7,0,7,20,0,27,0,0,0,27
04/29/2015,CSG,GA,ASO,ES,Towers with Radar,1,7,21,0,29,0,0,2,0,2,1,7,23,0,31,0,0,0,31
04/30/2015,CSG,GA,ASO,ES,Towers with Radar,4,8,13,0,25,0,1,30,0,31,4,9,43,0,56,26,0,26,82
05/01/2015,CSG,GA,ASO,ES,Towers with Radar,0,7,23,0,30,0,0,19,1,20,0,7,42,1,50,0,0,0,50
05/02/2015,CSG,GA,ASO,ES,Towers with Radar,0,6,9,2,17,0,0,32,0,32,0,6,41,2,49,6,0,6,55
05/03/2015,CSG,GA,ASO,ES,Towers with Radar,0,7,23,0,30,0,0,22,0,22,0,7,45,0,52,0,0,0,52
05/04/2015,CSG,GA,ASO,ES,Towers with Radar,2,7,14,2,25,0,0,23,0,23,2,7,37,2,48,10,0,10,58
05/05/2015,CSG,GA,ASO,ES,Towers with Radar,0,5,13,0,18,0,0,16,0,16,0,5,29,0,34,0,0,0,34
05/06/2015,CSG,GA,ASO,ES,Towers with Radar,0,7,23,0,30,0,0,13,0,13,0,7,36,0,43,0,0,0,43
05/07/2015,CSG,GA,ASO,ES,Towers with Radar,2,9,21,2,34,0,1,22,0,23,2,10,43,2,57,8,0,8,65
05/08/2015,CSG,GA,ASO,ES,Towers with Radar,0,12,19,0,31,0,0,26,0,26,0,12,45,0,57,24,0,24,81
05/09/2015,CSG,GA,ASO,ES,Towers with Radar,0,6,9,0,15,0,1,24,0,25,0,7,33,0,40,14,0,14,54
05/10/2015,CSG,GA,ASO,ES,Towers with Radar,0,13,8,2,23,0,0,17,0,17,0,13,25,2,40,24,0,24,64
05/11/2015,CSG,GA,ASO,ES,Towers with Radar,0,10,11,0,21,0,0,20,0,20,0,10,31,0,41,46,0,46,87
05/12/2015,CSG,GA,ASO,ES,Towers with Radar,0,5,8,3,16,0,0,14,2,16,0,5,22,5,32,8,0,8,40
05/13/2015,CSG,GA,ASO,ES,Towers with Radar,0,6,16,0,22,0,1,19,0,20,0,7,35,0,42,0,0,0,42
05/14/2015,CSG,GA,ASO,ES,Towers with Radar,4,8,13,2,27,0,0,7,0,7,4,8,20,2,34,0,0,0,34
05/15/2015,CSG,GA,ASO,ES,Towers with Radar,2,8,31,0,41,0,0,0,0,0,2,8,31,0,41,10,0,10,51
05/16/2015,CSG,GA,ASO,ES,Towers with Radar,0,5,10,0,15,0,0,11,0,11,0,5,21,0,26,6,0,6,32
05/17/2015,CSG,GA,ASO,ES,Towers with Radar,0,7,13,1,21,0,0,14,0,14,0,7,27,1,35,0,0,0,35
05/18/2015,CSG,GA,ASO,ES,Towers with Radar,1,9,14,0,24,0,0,12,0,12,1,9,26,0,36,12,0,12,48
05/19/2015,CSG,GA,ASO,ES,Towers with Radar,0,7,8,0,15,0,0,4,0,4,0,7,12,0,19,0,0,0,19
05/20/2015,CSG,GA,ASO,ES,Towers with Radar,2,4,24,0,30,0,0,13,0,13,2,4,37,0,43,6,0,6,49
05/21/2015,CSG,GA,ASO,ES,Towers with Radar,4,10,26,0,40,0,1,6,0,7,4,11,32,0,47,0,0,0,47
05/22/2015,CSG,GA,ASO,ES,Towers with Radar,2,9,16,2,29,0,0,9,0,9,2,9,25,2,38,6,0,6,44
05/23/2015,CSG,GA,ASO,ES,Towers with Radar,0,5,7,0,12,0,0,8,0,8,0,5,15,0,20,0,0,0,20
05/24/2015,CSG,GA,ASO,ES,Towers with Radar,0,7,7,2,16,0,1,9,0,10,0,8,16,2,26,0,0,0,26
05/25/2015,CSG,GA,ASO,ES,Towers with Radar,0,7,16,0,23,0,0,0,0,0,0,7,16,0,23,0,0,0,23
05/26/2015,CSG,GA,ASO,ES,Towers with Radar,0,4,9,0,13,0,0,0,0,0,0,4,9,0,13,0,0,0,13
05/27/2015,CSG,GA,ASO,ES,Towers with Radar,2,5,18,0,25,0,0,4,0,4,2,5,22,0,29,0,0,0,29
05/28/2015,CSG,GA,ASO,ES,Towers with Radar,0,8,12,0,20,0,0,3,0,3,0,8,15,0,23,32,0,32,55
05/29/2015,CSG,GA,ASO,ES,Towers with Radar,4,9,14,2,29,0,0,19,2,21,4,9,33,4,50,4,0,4,54
05/30/2015,CSG,GA,ASO,ES,Towers with Radar,0,9,6,0,15,0,0,33,0,33,0,9,39,0,48,0,0,0,48
05/31/2015,CSG,GA,ASO,ES,Towers with Radar,0,7,8,0,15,0,0,20,0,20,0,7,28,0,35,16,0,16,51
06/01/2015,CSG,GA,ASO,ES,Towers with Radar,2,8,16,0,26,0,0,2,0,2,2,8,18,0,28,0,0,0,28
06/02/2015,CSG,GA,ASO,ES,Towers with Radar,0,6,16,0,22,0,0,5,0,5,0,6,21,0,27,0,0,0,27
06/03/2015,CSG,GA,ASO,ES,Towers with Radar,0,7,13,0,20,0,1,17,0,18,0,8,30,0,38,14,0,14,52
06/04/2015,CSG,GA,ASO,ES,Towers with Radar,4,8,26,0,38,0,0,7,0,7,4,8,33,0,45,12,0,12,57
06/05/2015,CSG,GA,ASO,ES,Towers with Radar,2,8,15,0,25,0,0,10,0,10,2,8,25,0,35,0,0,0,35
06/06/2015,CSG,GA,ASO,ES,Towers with Radar,0,3,13,0,16,0,0,10,0,10,0,3,23,0,26,0,0,0,26
06/07/2015,CSG,GA,ASO,ES,Towers with Radar,0,3,19,0,22,0,0,14,0,14,0,3,33,0,36,18,0,18,54
06/08/2015,CSG,GA,ASO,ES,Towers with Radar,0,7,11,0,18,0,0,3,0,3,0,7,14,0,21,0,0,0,21
06/09/2015,CSG,GA,ASO,ES,Towers with Radar,0,2,13,0,15,0,0,1,0,1,0,2,14,0,16,0,0,0,16
06/10/2015,CSG,GA,ASO,ES,Towers with Radar,0,3,26,0,29,0,3,3,2,8,0,6,29,2,37,0,0,0,37
06/11/2015,CSG,GA,ASO,ES,Towers with Radar,4,8,18,0,30,0,0,3,0,3,4,8,21,0,33,0,0,0,33
06/12/2015,CSG,GA,ASO,ES,Towers with Radar,0,6,15,0,21,0,0,13,0,13,0,6,28,0,34,0,0,0,34
06/13/2015,CSG,GA,ASO,ES,Towers with Radar,0,4,17,0,21,0,0,28,0,28,0,4,45,0,49,0,0,0,49
06/14/2015,CSG,GA,ASO,ES,Towers with Radar,0,4,9,0,13,0,0,20,0,20,0,4,29,0,33,0,0,0,33
06/15/2015,CSG,GA,ASO,ES,Towers with Radar,3,7,8,2,20,0,0,15,0,15,3,7,23,2,35,8,0,8,43
06/16/2015,CSG,GA,ASO,ES,Towers with Radar,0,4,11,0,15,0,0,12,0,12,0,4,23,0,27,8,0,8,35
06/17/2015,CSG,GA,ASO,ES,Towers with Radar,0,5,35,4,44,0,0,7,0,7,0,5,42,4,51,0,0,0,51
06/18/2015,CSG,GA,ASO,ES,Towers with Radar,4,4,12,0,20,0,0,4,2,6,4,4,16,2,26,0,0,0,26
06/19/2015,CSG,GA,ASO,ES,Towers with Radar,0,5,16,0,21,0,0,2,0,2,0,5,18,0,23,0,0,0,23
06/20/2015,CSG,GA,ASO,ES,Towers with Radar,3,4,7,0,14,0,0,8,0,8,3,4,15,0,22,20,0,20,42
06/21/2015,CSG,GA,ASO,ES,Towers with Radar,1,2,8,1,12,0,0,9,1,10,1,2,17,2,22,0,0,0,22
06/22/2015,CSG,GA,ASO,ES,Towers with Radar,0,5,12,1,18,0,0,5,1,6,0,5,17,2,24,0,0,0,24
06/23/2015,CSG,GA,ASO,ES,Towers with Radar,0,3,21,0,24,0,0,16,0,16,0,3,37,0,40,16,0,16,56
06/24/2015,CSG,GA,ASO,ES,Towers with Radar,3,11,7,2,23,0,0,6,1,7,3,11,13,3,30,0,0,0,30
06/25/2015,CSG,GA,ASO,ES,Towers with Radar,4,5,16,0,25,0,0,9,0,9,4,5,25,0,34,0,0,0,34
06/26/2015,CSG,GA,ASO,ES,Towers with Radar,2,8,9,0,19,0,0,12,0,12,2,8,21,0,31,0,0,0,31
06/27/2015,CSG,GA,ASO,ES,Towers with Radar,0,4,6,0,10,0,0,2,0,2,0,4,8,0,12,0,0,0,12
06/28/2015,CSG,GA,ASO,ES,Towers with Radar,0,4,23,0,27,0,0,20,0,20,0,4,43,0,47,40,0,40,87
06/29/2015,CSG,GA,ASO,ES,Towers with Radar,0,7,8,0,15,0,0,15,0,15,0,7,23,0,30,10,0,10,40
06/30/2015,CSG,GA,ASO,ES,Towers with Radar,0,3,8,0,11,0,0,6,0,6,0,3,14,0,17,0,0,0,17
07/01/2015,CSG,GA,ASO,ES,Towers with Radar,2,4,16,0,22,0,0,2,0,2,2,4,18,0,24,0,0,0,24
07/02/2015,CSG,GA,ASO,ES,Towers with Radar,4,9,14,0,27,0,0,9,0,9,4,9,23,0,36,0,0,0,36
07/03/2015,CSG,GA,ASO,ES,Towers with Radar,0,11,11,0,22,0,0,9,0,9,0,11,20,0,31,0,0,0,31
07/04/2015,CSG,GA,ASO,ES,Towers with Radar,0,3,4,0,7,0,0,0,0,0,0,3,4,0,7,0,0,0,7
07/05/2015,CSG,GA,ASO,ES,Towers with Radar,0,6,11,0,17,0,0,7,0,7,0,6,18,0,24,10,0,10,34
07/06/2015,CSG,GA,ASO,ES,Towers with Radar,0,7,15,0,22,0,1,4,0,5,0,8,19,0,27,32,0,32,59
07/07/2015,CSG,GA,ASO,ES,Towers with Radar,0,5,9,0,14,0,0,16,0,16,0,5,25,0,30,20,0,20,50
07/08/2015,CSG,GA,ASO,ES,Towers with Radar,0,8,16,0,24,0,0,7,0,7,0,8,23,0,31,0,0,0,31
07/09/2015,CSG,GA,ASO,ES,Towers with Radar,4,7,18,0,29,0,0,9,0,9,4,7,27,0,38,0,0,0,38
07/10/2015,CSG,GA,ASO,ES,Towers with Radar,2,9,11,0,22,0,1,7,1,9,2,10,18,1,31,0,0,0,31
07/11/2015,CSG,GA,ASO,ES,Towers with Radar,0,5,12,6,23,0,0,37,0,37,0,5,49,6,60,56,0,56,116
07/12/2015,CSG,GA,ASO,ES,Towers with Radar,0,8,7,1,16,0,0,16,0,16,0,8,23,1,32,0,0,0,32
07/13/2015,CSG,GA,ASO,ES,Towers with Radar,0,9,13,0,22,0,0,5,0,5,0,9,18,0,27,18,0,18,45
07/14/2015,CSG,GA,ASO,ES,Towers with Radar,0,8,20,2,30,0,0,20,1,21,0,8,40,3,51,28,0,28,79
07/15/2015,CSG,GA,ASO,ES,Towers with Radar,2,5,17,0,24,0,0,11,0,11,2,5,28,0,35,16,0,16,51
07/16/2015,CSG,GA,ASO,ES,Towers with Radar,4,14,8,0,26,0,0,18,0,18,4,14,26,0,44,36,0,36,80
07/17/2015,CSG,GA,ASO,ES,Towers with Radar,0,10,13,0,23,0,0,10,0,10,0,10,23,0,33,0,0,0,33
07/18/2015,CSG,GA,ASO,ES,Towers with Radar,2,5,7,0,14,0,0,11,0,11,2,5,18,0,25,0,0,0,25
07/19/2015,CSG,GA,ASO,ES,Towers with Radar,0,7,18,0,25,0,2,14,0,16,0,9,32,0,41,30,0,30,71
07/20/2015,CSG,GA,ASO,ES,Towers with Radar,0,7,11,0,18,0,0,15,0,15,0,7,26,0,33,2,0,2,35
07/21/2015,CSG,GA,ASO,ES,Towers with Radar,2,5,13,0,20,0,0,8,1,9,2,5,21,1,29,8,0,8,37
07/22/2015,CSG,GA,ASO,ES,Towers with Radar,0,4,20,0,24,0,0,8,0,8,0,4,28,0,32,0,0,0,32
07/23/2015,CSG,GA,ASO,ES,Towers with Radar,7,10,16,0,33,0,0,8,0,8,7,10,24,0,41,0,0,0,41
07/24/2015,CSG,GA,ASO,ES,Towers with Radar,0,7,19,0,26,0,0,9,0,9,0,7,28,0,35,0,0,0,35
07/25/2015,CSG,GA,ASO,ES,Towers with Radar,0,5,11,2,18,0,0,20,0,20,0,5,31,2,38,60,0,60,98
07/26/2015,CSG,GA,ASO,ES,Towers with Radar,0,9,17,0,26,0,0,22,0,22,0,9,39,0,48,28,0,28,76
07/27/2015,CSG,GA,ASO,ES,Towers with Radar,0,10,12,0,22,0,0,5,0,5,0,10,17,0,27,0,0,0,27
07/28/2015,CSG,GA,ASO,ES,Towers with Radar,0,6,19,0,25,0,0,9,0,9,0,6,28,0,34,0,0,0,34
07/29/2015,CSG,GA,ASO,ES,Towers with Radar,0,11,17,1,29,0,0,10,0,10,0,11,27,1,39,0,0,0,39
07/30/2015,CSG,GA,ASO,ES,Towers with Radar,4,10,14,0,28,0,0,9,0,9,4,10,23,0,37,0,0,0,37
07/31/2015,CSG,GA,ASO,ES,Towers with Radar,3,10,12,0,25,0,0,16,0,16,3,10,28,0,41,0,0,0,41
08/01/2015,CSG,GA,ASO,ES,Towers with Radar,0,7,6,0,13,0,0,7,0,7,0,7,13,0,20,0,0,0,20
08/02/2015,CSG,GA,ASO,ES,Towers with Radar,0,10,12,0,22,0,0,10,0,10,0,10,22,0,32,0,0,0,32
08/03/2015,CSG,GA,ASO,ES,Towers with Radar,2,16,15,0,33,0,0,11,2,13,2,16,26,2,46,20,0,20,66
08/04/2015,CSG,GA,ASO,ES,Towers with Radar,0,7,4,0,11,0,0,8,0,8,0,7,12,0,19,22,0,22,41
08/05/2015,CSG,GA,ASO,ES,Towers with Radar,0,5,18,4,27,0,0,10,0,10,0,5,28,4,37,12,0,12,49
08/06/2015,CSG,GA,ASO,ES,Towers with Radar,4,9,16,0,29,0,0,3,0,3,4,9,19,0,32,0,0,0,32
08/07/2015,CSG,GA,ASO,ES,Towers with Radar,0,10,15,0,25,0,0,9,0,9,0,10,24,0,34,14,0,14,48
08/08/2015,CSG,GA,ASO,ES,Towers with Radar,0,3,10,0,13,0,0,18,0,18,0,3,28,0,31,14,0,14,45
08/09/2015,CSG,GA,ASO,ES,Towers with Radar,0,8,19,0,27,0,0,13,0,13,0,8,32,0,40,4,0,4,44
08/10/2015,CSG,GA,ASO,ES,Towers with Radar,2,9,13,0,24,0,0,7,0,7,2,9,20,0,31,0,0,0,31
08/11/2015,CSG,GA,ASO,ES,Towers with Radar,0,4,10,0,14,0,0,15,0,15,0,4,25,0,29,28,0,28,57
08/12/2015,CSG,GA,ASO,ES,Towers with Radar,0,7,20,0,27,0,0,5,0,5,0,7,25,0,32,0,0,0,32
08/13/2015,CSG,GA,ASO,ES,Towers with Radar,4,7,11,0,22,0,0,2,0,2,4,7,13,0,24,0,0,0,24
08/14/2015,CSG,GA,ASO,ES,Towers with Radar,0,9,23,1,33,0,0,8,0,8,0,9,31,1,41,0,0,0,41
08/15/2015,CSG,GA,ASO,ES,Towers with Radar,0,3,3,0,6,0,0,16,0,16,0,3,19,0,22,0,0,0,22
08/16/2015,CSG,GA,ASO,ES,Towers with Radar,0,5,9,0,14,0,0,10,0,10,0,5,19,0,24,12,0,12,36
08/17/2015,CSG,GA,ASO,ES,Towers with Radar,2,5,9,3,19,0,0,0,0,0,2,5,9,3,19,0,0,0,19
08/18/2015,CSG,GA,ASO,ES,Towers with Radar,0,7,8,0,15,0,0,2,1,3,0,7,10,1,18,0,0,0,18
08/19/2015,CSG,GA,ASO,ES,Towers with Radar,0,6,29,0,35,0,0,1,0,1,0,6,30,0,36,0,0,0,36
08/20/2015,CSG,GA,ASO,ES,Towers with Radar,4,14,16,3,37,0,0,9,0,9,4,14,25,3,46,0,0,0,46
08/21/2015,CSG,GA,ASO,ES,Towers with Radar,0,8,18,0,26,0,0,11,0,11,0,8,29,0,37,0,0,0,37
08/22/2015,CSG,GA,ASO,ES,Towers with Radar,0,4,10,0,14,0,0,14,0,14,0,4,24,0,28,0,0,0,28
08/23/2015,CSG,GA,ASO,ES,Towers with Radar,0,9,17,0,26,0,0,15,0,15,0,9,32,0,41,12,0,12,53
08/24/2015,CSG,GA,ASO,ES,Towers with Radar,0,8,24,0,32,0,0,6,2,8,0,8,30,2,40,12,0,12,52
08/25/2015,CSG,GA,ASO,ES,Towers with Radar,0,9,26,0,35,0,0,7,0,7,0,9,33,0,42,0,0,0,42
08/26/2015,CSG,GA,ASO,ES,Towers with Radar,0,6,18,3,27,0,0,12,1,13,0,6,30,4,40,0,0,0,40
08/27/2015,CSG,GA,ASO,ES,Towers with Radar,3,8,19,1,31,0,0,11,0,11,3,8,30,1,42,0,0,0,42
08/28/2015,CSG,GA,ASO,ES,Towers with Radar,0,11,12,0,23,0,0,5,0,5,0,11,17,0,28,0,0,0,28
08/29/2015,CSG,GA,ASO,ES,Towers with Radar,0,3,8,0,11,0,0,0,0,0,0,3,8,0,11,0,0,0,11
08/30/2015,CSG,GA,ASO,ES,Towers with Radar,0,6,8,0,14,0,0,15,0,15,0,6,23,0,29,12,0,12,41
08/31/2015,CSG,GA,ASO,ES,Towers with Radar,0,9,7,0,16,0,0,8,3,11,0,9,15,3,27,0,8,8,35
09/01/2015,CSG,GA,ASO,ES,Towers with Radar,2,9,10,0,21,0,0,11,0,11,2,9,21,0,32,32,0,32,64
09/02/2015,CSG,GA,ASO,ES,Towers with Radar,0,8,18,0,26,0,1,8,0,9,0,9,26,0,35,0,0,0,35
09/03/2015,CSG,GA,ASO,ES,Towers with Radar,8,12,19,0,39,0,0,6,1,7,8,12,25,1,46,0,0,0,46
09/04/2015,CSG,GA,ASO,ES,Towers with Radar,1,9,14,0,24,0,0,16,0,16,1,9,30,0,40,0,0,0,40
09/05/2015,CSG,GA,ASO,ES,Towers with Radar,0,5,9,0,14,0,0,9,0,9,0,5,18,0,23,0,0,0,23
09/06/2015,CSG,GA,ASO,ES,Towers with Radar,0,3,9,0,12,0,0,14,0,14,0,3,23,0,26,0,0,0,26
09/07/2015,CSG,GA,ASO,ES,Towers with Radar,0,8,9,0,17,0,0,22,0,22,0,8,31,0,39,14,0,14,53
09/08/2015,CSG,GA,ASO,ES,Towers with Radar,0,6,19,0,25,0,0,0,0,0,0,6,19,0,25,0,0,0,25
09/09/2015,CSG,GA,ASO,ES,Towers with Radar,0,5,15,2,22,0,0,1,0,1,0,5,16,2,23,0,0,0,23
09/10/2015,CSG,GA,ASO,ES,Towers with Radar,4,4,19,2,29,0,0,4,2,6,4,4,23,4,35,16,10,26,61
09/11/2015,CSG,GA,ASO,ES,Towers with Radar,0,10,20,0,30,0,0,7,0,7,0,10,27,0,37,0,0,0,37
09/12/2015,CSG,GA,ASO,ES,Towers with Radar,0,4,11,0,15,0,0,6,0,6,0,4,17,0,21,0,0,0,21
09/13/2015,CSG,GA,ASO,ES,Towers with Radar,0,9,13,0,22,0,0,23,0,23,0,9,36,0,45,26,0,26,71
09/14/2015,CSG,GA,ASO,ES,Towers with Radar,2,9,18,2,31,0,0,17,2,19,2,9,35,4,50,16,0,16,66
09/15/2015,CSG,GA,ASO,ES,Towers with Radar,0,9,12,0,21,0,0,6,0,6,0,9,18,0,27,0,0,0,27
09/16/2015,CSG,GA,ASO,ES,Towers with Radar,0,8,13,2,23,0,0,4,0,4,0,8,17,2,27,0,0,0,27
09/17/2015,CSG,GA,ASO,ES,Towers with Radar,4,9,19,0,32,0,1,11,0,12,4,10,30,0,44,0,0,0,44
09/18/2015,CSG,GA,ASO,ES,Towers with Radar,2,7,17,2,28,0,0,15,0,15,2,7,32,2,43,0,0,0,43
09/19/2015,CSG,GA,ASO,ES,Towers with Radar,0,4,10,0,14,0,0,16,0,16,0,4,26,0,30,0,0,0,30
09/20/2015,CSG,GA,ASO,ES,Towers with Radar,0,6,15,0,21,0,0,11,0,11,0,6,26,0,32,40,0,40,72
09/21/2015,CSG,GA,ASO,ES,Towers with Radar,0,10,11,0,21,0,0,10,0,10,0,10,21,0,31,0,0,0,31
09/22/2015,CSG,GA,ASO,ES,Towers with Radar,0,10,19,0,29,0,0,16,1,17,0,10,35,1,46,50,12,62,108
09/23/2015,CSG,GA,ASO,ES,Towers with Radar,0,7,26,0,33,0,0,12,0,12,0,7,38,0,45,30,0,30,75
09/24/2015,CSG,GA,ASO,ES,Towers with Radar,4,9,20,0,33,0,0,7,2,9,4,9,27,2,42,8,0,8,50
09/25/2015,CSG,GA,ASO,ES,Towers with Radar,0,10,32,0,42,0,0,0,0,0,0,10,32,0,42,0,0,0,42
09/26/2015,CSG,GA,ASO,ES,Towers with Radar,0,3,25,0,28,0,0,2,0,2,0,3,27,0,30,0,0,0,30
09/27/2015,CSG,GA,ASO,ES,Towers with Radar,0,9,21,0,30,0,0,0,0,0,0,9,21,0,30,0,0,0,30
09/28/2015,CSG,GA,ASO,ES,Towers with Radar,2,5,9,0,16,0,0,2,0,2,2,5,11,0,18,6,0,6,24
09/29/2015,CSG,GA,ASO,ES,Towers with Radar,0,7,15,0,22,0,0,1,0,1,0,7,16,0,23,0,0,0,23
09/30/2015,CSG,GA,ASO,ES,Towers with Radar,0,9,24,0,33,0,0,4,0,4,0,9,28,0,37,0,0,0,37
10/01/2015,CSG,GA,ASO,ES,Towers with Radar,4,6,15,0,25,0,0,0,0,0,4,6,15,0,25,0,0,0,25
10/02/2015,CSG,GA,ASO,ES,Towers with Radar,3,6,22,0,31,0,0,0,0,0,3,6,22,0,31,0,0,0,31
10/03/2015,CSG,GA,ASO,ES,Towers with Radar,0,5,12,0,17,0,0,1,1,2,0,5,13,1,19,0,0,0,19
10/04/2015,CSG,GA,ASO,ES,Towers with Radar,0,6,20,0,26,0,0,2,0,2,0,6,22,0,28,0,0,0,28
10/05/2015,CSG,GA,ASO,ES,Towers with Radar,2,7,16,0,25,0,0,4,0,4,2,7,20,0,29,14,0,14,43
10/06/2015,CSG,GA,ASO,ES,Towers with Radar,0,6,25,2,33,0,0,21,2,23,0,6,46,4,56,34,0,34,90
10/07/2015,CSG,GA,ASO,ES,Towers with Radar,0,7,28,0,35,0,0,13,0,13,0,7,41,0,48,0,0,0,48
10/08/2015,CSG,GA,ASO,ES,Towers with Radar,4,6,22,2,34,0,0,12,2,14,4,6,34,4,48,0,0,0,48
10/09/2015,CSG,GA,ASO,ES,Towers with Radar,0,9,25,0,34,0,0,6,0,6,0,9,31,0,40,0,0,0,40
10/10/2015,CSG,GA,ASO,ES,Towers with Radar,0,6,17,1,24,0,0,5,0,5,0,6,22,1,29,0,0,0,29
10/11/2015,CSG,GA,ASO,ES,Towers with Radar,0,11,29,0,40,0,0,4,0,4,0,11,33,0,44,0,0,0,44
10/12/2015,CSG,GA,ASO,ES,Towers with Radar,0,6,17,0,23,0,0,7,0,7,0,6,24,0,30,0,0,0,30
10/13/2015,CSG,GA,ASO,ES,Towers with Radar,0,9,21,0,30,0,0,4,0,4,0,9,25,0,34,0,0,0,34
10/14/2015,CSG,GA,ASO,ES,Towers with Radar,3,7,13,0,23,0,0,5,0,5,3,7,18,0,28,3,0,3,31
10/15/2015,CSG,GA,ASO,ES,Towers with Radar,4,11,10,0,25,0,2,17,2,21,4,13,27,2,46,0,0,0,46
10/16/2015,CSG,GA,ASO,ES,Towers with Radar,1,12,29,0,42,0,1,8,0,9,1,13,37,0,51,0,0,0,51
10/17/2015,CSG,GA,ASO,ES,Towers with Radar,1,3,8,0,12,0,0,30,0,30,1,3,38,0,42,0,0,0,42
10/18/2015,CSG,GA,ASO,ES,Towers with Radar,0,10,19,0,29,0,0,52,0,52,0,10,71,0,81,0,0,0,81
10/19/2015,CSG,GA,ASO,ES,Towers with Radar,0,8,14,0,22,0,0,15,0,15,0,8,29,0,37,14,0,14,51
10/20/2015,CSG,GA,ASO,ES,Towers with Radar,0,9,12,0,21,0,0,24,0,24,0,9,36,0,45,10,0,10,55
10/21/2015,CSG,GA,ASO,ES,Towers with Radar,2,7,19,0,28,0,0,12,0,12,2,7,31,0,40,0,0,0,40
10/22/2015,CSG,GA,ASO,ES,Towers with Radar,2,9,21,1,33,0,0,17,0,17,2,9,38,1,50,10,0,10,60
10/23/2015,CSG,GA,ASO,ES,Towers with Radar,2,9,15,2,28,0,0,26,0,26,2,9,41,2,54,0,0,0,54
10/24/2015,CSG,GA,ASO,ES,Towers with Radar,4,7,12,1,24,0,0,49,0,49,4,7,61,1,73,116,0,116,189
10/25/2015,CSG,GA,ASO,ES,Towers with Radar,0,13,13,1,27,0,0,7,0,7,0,13,20,1,34,24,0,24,58
10/26/2015,CSG,GA,ASO,ES,Towers with Radar,0,10,13,1,24,0,0,0,0,0,0,10,13,1,24,0,0,0,24
10/27/2015,CSG,GA,ASO,ES,Towers with Radar,0,5,12,0,17,0,0,0,0,0,0,5,12,0,17,0,0,0,17
10/28/2015,CSG,GA,ASO,ES,Towers with Radar,0,6,17,4,27,0,0,8,0,8,0,6,25,4,35,0,0,0,35
10/29/2015,CSG,GA,ASO,ES,Towers with Radar,4,11,32,0,47,0,0,9,0,9,4,11,41,0,56,0,0,0,56
10/30/2015,CSG,GA,ASO,ES,Towers with Radar,1,7,20,1,29,0,0,20,0,20,1,7,40,1,49,20,0,20,69
10/31/2015,CSG,GA,ASO,ES,Towers with Radar,3,3,14,0,20,0,0,11,0,11,3,3,25,0,31,0,0,0,31
11/01/2015,CSG,GA,ASO,ES,Towers with Radar,0,6,8,0,14,0,0,0,0,0,0,6,8,0,14,0,0,0,14
11/02/2015,CSG,GA,ASO,ES,Towers with Radar,0,9,13,0,22,0,0,6,0,6,0,9,19,0,28,34,0,34,62
11/03/2015,CSG,GA,ASO,ES,Towers with Radar,0,8,26,1,35,0,0,7,4,11,0,8,33,5,46,0,0,0,46
11/04/2015,CSG,GA,ASO,ES,Towers with Radar,0,8,15,0,23,0,1,2,2,5,0,9,17,2,28,0,0,0,28
11/05/2015,CSG,GA,ASO,ES,Towers with Radar,4,11,22,0,37,0,0,1,0,1,4,11,23,0,38,0,0,0,38
11/06/2015,CSG,GA,ASO,ES,Towers with Radar,2,8,28,0,38,0,0,9,0,9,2,8,37,0,47,0,0,0,47
11/07/2015,CSG,GA,ASO,ES,Towers with Radar,0,5,10,0,15,0,0,7,0,7,0,5,17,0,22,0,0,0,22
11/08/2015,CSG,GA,ASO,ES,Towers with Radar,0,7,12,0,19,0,0,0,0,0,0,7,12,0,19,0,0,0,19
11/09/2015,CSG,GA,ASO,ES,Towers with Radar,1,10,7,0,18,0,0,0,0,0,1,10,7,0,18,0,0,0,18
11/10/2015,CSG,GA,ASO,ES,Towers with Radar,0,10,13,0,23,0,0,9,2,11,0,10,22,2,34,0,0,0,34
11/11/2015,CSG,GA,ASO,ES,Towers with Radar,0,11,19,0,30,0,0,19,0,19,0,11,38,0,49,20,0,20,69
11/12/2015,CSG,GA,ASO,ES,Towers with Radar,4,13,30,0,47,0,0,2,0,2,4,13,32,0,49,0,0,0,49
11/13/2015,CSG,GA,ASO,ES,Towers with Radar,2,10,21,3,36,0,0,26,5,31,2,10,47,8,67,0,0,0,67
11/14/2015,CSG,GA,ASO,ES,Towers with Radar,0,3,11,0,14,0,0,26,0,26,0,3,37,0,40,0,0,0,40
11/15/2015,CSG,GA,ASO,ES,Towers with Radar,0,10,27,0,37,0,0,69,0,69,0,10,96,0,106,146,0,146,252
11/16/2015,CSG,GA,ASO,ES,Towers with Radar,0,11,15,0,26,0,0,42,0,42,0,11,57,0,68,159,0,159,227
11/17/2015,CSG,GA,ASO,ES,Towers with Radar,0,12,17,0,29,0,0,9,0,9,0,12,26,0,38,0,0,0,38
11/18/2015,CSG,GA,ASO,ES,Towers with Radar,0,6,3,0,9,0,0,0,0,0,0,6,3,0,9,0,0,0,9
11/19/2015,CSG,GA,ASO,ES,Towers with Radar,5,15,20,0,40,0,0,20,1,21,5,15,40,1,61,0,0,0,61
11/20/2015,CSG,GA,ASO,ES,Towers with Radar,1,9,24,0,34,0,1,34,0,35,1,10,58,0,69,38,0,38,107
11/21/2015,CSG,GA,ASO,ES,Towers with Radar,1,5,19,0,25,0,0,11,0,11,1,5,30,0,36,0,0,0,36
11/22/2015,CSG,GA,ASO,ES,Towers with Radar,0,5,10,4,19,0,0,12,0,12,0,5,22,4,31,0,0,0,31
11/23/2015,CSG,GA,ASO,ES,Towers with Radar,0,7,15,0,22,0,0,36,0,36,0,7,51,0,58,88,0,88,146
11/24/2015,CSG,GA,ASO,ES,Towers with Radar,2,9,22,0,33,0,0,20,1,21,2,9,42,1,54,0,0,0,54
11/25/2015,CSG,GA,ASO,ES,Towers with Radar,2,7,20,0,29,0,0,18,0,18,2,7,38,0,47,0,0,0,47
11/26/2015,CSG,GA,ASO,ES,Towers with Radar,0,3,2,0,5,0,0,7,0,7,0,3,9,0,12,0,0,0,12
11/27/2015,CSG,GA,ASO,ES,Towers with Radar,2,1,18,0,21,0,0,14,0,14,2,1,32,0,35,0,0,0,35
11/28/2015,CSG,GA,ASO,ES,Towers with Radar,0,11,18,0,29,0,0,14,0,14,0,11,32,0,43,74,0,74,117
11/29/2015,CSG,GA,ASO,ES,Towers with Radar,2,9,13,2,26,0,0,113,0,113,2,9,126,2,139,104,0,104,243
11/30/2015,CSG,GA,ASO,ES,Towers with Radar,0,12,16,2,30,0,0,9,0,9,0,12,25,2,39,0,0,0,39
12/01/2015,CSG,GA,ASO,ES,Towers with Radar,0,8,18,0,26,0,0,5,0,5,0,8,23,0,31,0,0,0,31
12/02/2015,CSG,GA,ASO,ES,Towers with Radar,0,5,10,0,15,0,0,2,0,2,0,5,12,0,17,0,0,0,17
12/03/2015,CSG,GA,ASO,ES,Towers with Radar,4,5,15,0,24,0,0,34,0,34,4,5,49,0,58,18,0,18,76
12/04/2015,CSG,GA,ASO,ES,Towers with Radar,0,5,18,0,23,0,0,13,0,13,0,5,31,0,36,0,0,0,36
12/05/2015,CSG,GA,ASO,ES,Towers with Radar,0,3,10,0,13,0,0,20,0,20,0,3,30,0,33,38,0,38,71
12/06/2015,CSG,GA,ASO,ES,Towers with Radar,0,4,11,5,20,0,0,29,0,29,0,4,40,5,49,114,0,114,163
12/07/2015,CSG,GA,ASO,ES,Towers with Radar,1,5,5,0,11,0,0,32,1,33,1,5,37,1,44,30,0,30,74
12/08/2015,CSG,GA,ASO,ES,Towers with Radar,0,5,25,0,30,0,0,16,0,16,0,5,41,0,46,32,0,32,78
12/09/2015,CSG,GA,ASO,ES,Towers with Radar,0,5,21,0,26,0,0,9,0,9,0,5,30,0,35,0,0,0,35
12/10/2015,CSG,GA,ASO,ES,Towers with Radar,4,7,21,2,34,0,0,9,0,9,4,7,30,2,43,0,0,0,43
12/11/2015,CSG,GA,ASO,ES,Towers with Radar,0,6,27,0,33,0,0,7,0,7,0,6,34,0,40,64,0,64,104
12/12/2015,CSG,GA,ASO,ES,Towers with Radar,0,7,10,0,17,0,0,18,0,18,0,7,28,0,35,56,0,56,91
12/13/2015,CSG,GA,ASO,ES,Towers with Radar,0,9,19,2,30,0,0,4,0,4,0,9,23,2,34,16,0,16,50
12/14/2015,CSG,GA,ASO,ES,Towers with Radar,0,6,6,0,12,0,0,4,0,4,0,6,10,0,16,36,0,36,52
12/15/2015,CSG,GA,ASO,ES,Towers with Radar,0,5,14,0,19,0,0,19,0,19,0,5,33,0,38,32,0,32,70
12/16/2015,CSG,GA,ASO,ES,Towers with Radar,0,5,19,0,24,0,0,6,0,6,0,5,25,0,30,10,0,10,40
12/17/2015,CSG,GA,ASO,ES,Towers with Radar,4,11,19,0,34,0,0,1,0,1,4,11,20,0,35,0,0,0,35
12/18/2015,CSG,GA,ASO,ES,Towers with Radar,0,3,28,2,33,0,0,16,1,17,0,3,44,3,50,0,0,0,50
12/19/2015,CSG,GA,ASO,ES,Towers with Radar,0,4,4,0,8,0,0,26,0,26,0,4,30,0,34,0,0,0,34
12/20/2015,CSG,GA,ASO,ES,Towers with Radar,0,7,14,0,21,0,0,28,0,28,0,7,42,0,49,42,0,42,91
12/21/2015,CSG,GA,ASO,ES,Towers with Radar,3,3,13,0,19,0,0,6,0,6,3,3,19,0,25,0,0,0,25
12/22/2015,CSG,GA,ASO,ES,Towers with Radar,0,7,9,0,16,0,0,0,0,0,0,7,9,0,16,0,0,0,16
12/23/2015,CSG,GA,ASO,ES,Towers with Radar,3,6,7,0,16,0,0,0,0,0,3,6,7,0,16,0,0,0,16
12/24/2015,CSG,GA,ASO,ES,Towers with Radar,0,3,1,0,4,0,0,0,0,0,0,3,1,0,4,0,0,0,4
12/25/2015,CSG,GA,ASO,ES,Towers with Radar,0,1,0,0,1,0,0,3,0,3,0,1,3,0,4,0,0,0,4
12/26/2015,CSG,GA,ASO,ES,Towers with Radar,0,2,12,0,14,0,0,12,0,12,0,2,24,0,26,40,0,40,66
12/27/2015,CSG,GA,ASO,ES,Towers with Radar,0,5,15,0,20,0,0,3,0,3,0,5,18,0,23,0,0,0,23
12/28/2015,CSG,GA,ASO,ES,Towers with Radar,0,3,9,0,12,0,0,0,0,0,0,3,9,0,12,0,0,0,12
12/29/2015,CSG,GA,ASO,ES,Towers with Radar,0,4,11,0,15,0,0,29,0,29,0,4,40,0,44,84,0,84,128
12/30/2015,CSG,GA,ASO,ES,Towers with Radar,4,5,4,0,13,0,0,0,0,0,4,5,4,0,13,0,0,0,13
12/31/2015,CSG,GA,ASO,ES,Towers with Radar,0,1,14,0,15,0,0,2,0,2,0,1,16,0,17,0,0,0,17
01/01/2016,CSG,GA,ASO,ES,Towers with Radar,0,2,8,0,10,0,0,9,0,9,0,2,17,0,19,142,0,142,161
01/02/2016,CSG,GA,ASO,ES,Towers with Radar,2,6,14,0,22,0,0,16,0,16,2,6,30,0,38,118,0,118,156
01/03/2016,CSG,GA,ASO,ES,Towers with Radar,1,6,11,0,18,0,0,17,0,17,1,6,28,0,35,20,0,20,55
01/04/2016,CSG,GA,ASO,ES,Towers with Radar,0,10,9,0,19,0,0,3,0,3,0,10,12,0,22,0,0,0,22
01/05/2016,CSG,GA,ASO,ES,Towers with Radar,0,5,6,0,11,0,0,6,0,6,0,5,12,0,17,0,0,0,17
01/06/2016,CSG,GA,ASO,ES,Towers with Radar,0,5,17,0,22,0,0,13,0,13,0,5,30,0,35,0,0,0,35
01/07/2016,CSG,GA,ASO,ES,Towers with Radar,4,7,23,0,34,0,0,9,0,9,4,7,32,0,43,0,0,0,43
01/08/2016,CSG,GA,ASO,ES,Towers with Radar,0,7,20,2,29,0,0,0,0,0,0,7,20,2,29,0,0,0,29
01/09/2016,CSG,GA,ASO,ES,Towers with Radar,0,4,14,0,18,0,0,0,0,0,0,4,14,0,18,12,0,12,30
01/10/2016,CSG,GA,ASO,ES,Towers with Radar,0,6,16,0,22,0,0,3,0,3,0,6,19,0,25,0,0,0,25
01/11/2016,CSG,GA,ASO,ES,Towers with Radar,0,5,13,0,18,0,0,27,0,27,0,5,40,0,45,68,0,68,113
01/12/2016,CSG,GA,ASO,ES,Towers with Radar,0,3,16,0,19,0,0,16,0,16,0,3,32,0,35,10,0,10,45
01/13/2016,CSG,GA,ASO,ES,Towers with Radar,0,5,22,0,27,0,0,9,0,9,0,5,31,0,36,36,0,36,72
01/14/2016,CSG,GA,ASO,ES,Towers with Radar,4,5,18,0,27,0,0,11,0,11,4,5,29,0,38,0,0,0,38
01/15/2016,CSG,GA,ASO,ES,Towers with Radar,2,5,19,0,26,0,0,0,0,0,2,5,19,0,26,0,0,0,26
01/16/2016,CSG,GA,ASO,ES,Towers with Radar,1,1,15,0,17,0,0,21,0,21,1,1,36,0,38,48,0,48,86
01/17/2016,CSG,GA,ASO,ES,Towers with Radar,0,2,13,0,15,0,0,10,0,10,0,2,23,0,25,24,0,24,49
01/18/2016,CSG,GA,ASO,ES,Towers with Radar,1,12,16,1,30,0,0,19,0,19,1,12,35,1,49,0,0,0,49
01/19/2016,CSG,GA,ASO,ES,Towers with Radar,0,7,19,1,27,0,0,9,0,9,0,7,28,1,36,22,0,22,58
01/20/2016,CSG,GA,ASO,ES,Towers with Radar,0,7,21,0,28,0,0,11,0,11,0,7,32,0,39,0,0,0,39
01/21/2016,CSG,GA,ASO,ES,Towers with Radar,4,6,24,0,34,0,0,0,0,0,4,6,24,0,34,0,0,0,34
01/22/2016,CSG,GA,ASO,ES,Towers with Radar,0,11,9,0,20,0,0,0,0,0,0,11,9,0,20,0,0,0,20
01/23/2016,CSG,GA,ASO,ES,Towers with Radar,0,9,7,2,18,0,0,2,0,2,0,9,9,2,20,0,0,0,20
01/24/2016,CSG,GA,ASO,ES,Towers with Radar,0,9,15,0,24,0,0,34,0,34,0,9,49,0,58,0,0,0,58
01/25/2016,CSG,GA,ASO,ES,Towers with Radar,0,5,10,0,15,0,0,13,0,13,0,5,23,0,28,8,0,8,36
01/26/2016,CSG,GA,ASO,ES,Towers with Radar,0,5,12,0,17,0,0,6,0,6,0,5,18,0,23,0,0,0,23
01/27/2016,CSG,GA,ASO,ES,Towers with Radar,0,7,16,0,23,0,0,2,0,2,0,7,18,0,25,0,0,0,25
01/28/2016,CSG,GA,ASO,ES,Towers with Radar,4,4,12,2,22,0,0,6,0,6,4,4,18,2,28,0,0,0,28
01/29/2016,CSG,GA,ASO,ES,Towers with Radar,0,7,23,2,32,0,0,20,0,20,0,7,43,2,52,0,0,0,52
01/30/2016,CSG,GA,ASO,ES,Towers with Radar,0,3,13,0,16,0,0,24,0,24,0,3,37,0,40,221,0,221,261
01/31/2016,CSG,GA,ASO,ES,Towers with Radar,0,4,23,0,27,0,0,16,0,16,0,4,39,0,43,0,0,0,43
02/01/2016,CSG,GA,ASO,ES,Towers with Radar,1,10,8,1,20,0,0,1,0,1,1,10,9,1,21,0,0,0,21
02/02/2016,CSG,GA,ASO,ES,Towers with Radar,0,10,10,0,20,0,0,5,0,5,0,10,15,0,25,0,0,0,25
02/03/2016,CSG,GA,ASO,ES,Towers with Radar,2,9,12,0,23,0,0,3,0,3,2,9,15,0,26,0,0,0,26
02/04/2016,CSG,GA,ASO,ES,Towers with Radar,4,5,22,0,31,0,1,11,0,12,4,6,33,0,43,0,0,0,43
02/05/2016,CSG,GA,ASO,ES,Towers with Radar,0,6,13,1,20,0,0,16,2,18,0,6,29,3,38,0,0,0,38
02/06/2016,CSG,GA,ASO,ES,Towers with Radar,0,4,14,0,18,0,0,16,0,16,0,4,30,0,34,0,0,0,34
02/07/2016,CSG,GA,ASO,ES,Towers with Radar,0,5,10,1,16,0,0,9,0,9,0,5,19,1,25,10,0,10,35
02/08/2016,CSG,GA,ASO,ES,Towers with Radar,0,5,15,0,20,0,0,7,6,13,0,5,22,6,33,0,0,0,33
02/09/2016,CSG,GA,ASO,ES,Towers with Radar,0,4,14,0,18,0,0,1,2,3,0,4,15,2,21,0,0,0,21
02/10/2016,CSG,GA,ASO,ES,Towers with Radar,0,12,25,0,37,0,0,23,1,24,0,12,48,1,61,44,0,44,105
02/11/2016,CSG,GA,ASO,ES,Towers with Radar,4,7,20,0,31,0,0,12,0,12,4,7,32,0,43,0,0,0,43
02/12/2016,CSG,GA,ASO,ES,Towers with Radar,0,7,21,1,29,0,0,11,2,13,0,7,32,3,42,0,0,0,42
02/13/2016,CSG,GA,ASO,ES,Towers with Radar,1,1,17,0,19,0,0,19,0,19,1,1,36,0,38,0,0,0,38
02/14/2016,CSG,GA,ASO,ES,Towers with Radar,0,5,24,0,29,0,0,10,0,10,0,5,34,0,39,0,0,0,39
02/15/2016,CSG,GA,ASO,ES,Towers with Radar,0,10,12,0,22,0,0,0,0,0,0,10,12,0,22,0,0,0,22
02/16/2016,CSG,GA,ASO,ES,Towers with Radar,0,8,11,0,19,0,0,16,0,16,0,8,27,0,35,30,0,30,65
02/17/2016,CSG,GA,ASO,ES,Towers with Radar,0,8,15,1,24,0,0,17,0,17,0,8,32,1,41,62,0,62,103
02/18/2016,CSG,GA,ASO,ES,Towers with Radar,4,6,26,1,37,0,0,18,1,19,4,6,44,2,56,36,0,36,92
02/19/2016,CSG,GA,ASO,ES,Towers with Radar,0,11,20,0,31,0,0,9,0,9,0,11,29,0,40,0,0,0,40
02/20/2016,CSG,GA,ASO,ES,Towers with Radar,0,3,8,2,13,0,0,11,0,11,0,3,19,2,24,0,0,0,24
02/21/2016,CSG,GA,ASO,ES,Towers with Radar,0,9,21,0,30,0,0,18,0,18,0,9,39,0,48,88,0,88,136
02/22/2016,CSG,GA,ASO,ES,Towers with Radar,1,10,5,0,16,0,0,0,0,0,1,10,5,0,16,0,0,0,16
02/23/2016,CSG,GA,ASO,ES,Towers with Radar,0,7,9,0,16,0,0,0,0,0,0,7,9,0,16,0,0,0,16
02/24/2016,CSG,GA,ASO,ES,Towers with Radar,0,10,12,7,29,0,0,0,0,0,0,10,12,7,29,0,0,0,29
02/25/2016,CSG,GA,ASO,ES,Towers with Radar,4,9,20,4,37,0,1,20,0,21,4,10,40,4,58,6,0,6,64
02/26/2016,CSG,GA,ASO,ES,Towers with Radar,0,7,26,0,33,0,0,17,2,19,0,7,43,2,52,0,0,0,52
02/27/2016,CSG,GA,ASO,ES,Towers with Radar,0,5,12,0,17,0,3,40,0,43,0,8,52,0,60,120,0,120,180
02/28/2016,CSG,GA,ASO,ES,Towers with Radar,0,9,24,0,33,0,0,19,0,19,0,9,43,0,52,0,0,0,52
02/29/2016,CSG,GA,ASO,ES,Towers with Radar,1,6,15,0,22,0,0,14,0,14,1,6,29,0,36,0,0,0,36
03/01/2016,CSG,GA,ASO,ES,Towers with Radar,0,3,10,0,13,0,0,6,0,6,0,3,16,0,19,20,0,20,39
03/02/2016,CSG,GA,ASO,ES,Towers with Radar,0,4,11,0,15,0,0,19,4,23,0,4,30,4,38,30,20,50,88
03/03/2016,CSG,GA,ASO,ES,Towers with Radar,5,5,22,0,32,0,0,8,0,8,5,5,30,0,40,26,0,26,66
03/04/2016,CSG,GA,ASO,ES,Towers with Radar,1,6,26,0,33,0,0,10,0,10,1,6,36,0,43,0,0,0,43
03/05/2016,CSG,GA,ASO,ES,Towers with Radar,0,5,18,0,23,0,1,29,0,30,0,6,47,0,53,146,0,146,199
03/06/2016,CSG,GA,ASO,ES,Towers with Radar,0,7,17,0,24,0,0,37,0,37,0,7,54,0,61,84,0,84,145
03/07/2016,CSG,GA,ASO,ES,Towers with Radar,0,8,11,0,19,0,0,17,0,17,0,8,28,0,36,42,0,42,78
03/08/2016,CSG,GA,ASO,ES,Towers with Radar,2,10,18,0,30,0,0,25,0,25,2,10,43,0,55,12,0,12,67
03/09/2016,CSG,GA,ASO,ES,Towers with Radar,0,8,25,1,34,0,0,13,0,13,0,8,38,1,47,0,0,0,47
03/10/2016,CSG,GA,ASO,ES,Towers with Radar,5,7,17,0,29,0,0,9,0,9,5,7,26,0,38,0,0,0,38
03/11/2016,CSG,GA,ASO,ES,Towers with Radar,1,8,16,0,25,0,0,14,0,14,1,8,30,0,39,0,0,0,39
03/12/2016,CSG,GA,ASO,ES,Towers with Radar,0,5,8,0,13,0,0,14,0,14,0,5,22,0,27,0,0,0,27
03/13/2016,CSG,GA,ASO,ES,Towers with Radar,0,7,8,0,15,0,0,12,0,12,0,7,20,0,27,80,0,80,107
03/14/2016,CSG,GA,ASO,ES,Towers with Radar,0,6,15,0,21,0,0,4,0,4,0,6,19,0,25,0,0,0,25
03/15/2016,CSG,GA,ASO,ES,Towers with Radar,1,8,21,0,30,0,0,9,0,9,1,8,30,0,39,0,0,0,39
03/16/2016,CSG,GA,ASO,ES,Towers with Radar,2,7,17,0,26,0,0,10,0,10,2,7,27,0,36,0,0,0,36
03/17/2016,CSG,GA,ASO,ES,Towers with Radar,4,12,23,0,39,0,1,29,0,30,4,13,52,0,69,20,0,20,89
03/18/2016,CSG,GA,ASO,ES,Towers with Radar,0,11,14,0,25,0,1,6,0,7,0,12,20,0,32,0,0,0,32
03/19/2016,CSG,GA,ASO,ES,Towers with Radar,0,6,6,0,12,0,0,13,0,13,0,6,19,0,25,0,0,0,25
03/20/2016,CSG,GA,ASO,ES,Towers with Radar,0,8,12,0,20,0,0,5,0,5,0,8,17,0,25,0,0,0,25
03/21/2016,CSG,GA,ASO,ES,Towers with Radar,2,9,15,5,31,0,0,14,0,14,2,9,29,5,45,0,0,0,45
03/22/2016,CSG,GA,ASO,ES,Towers with Radar,0,8,19,0,27,0,0,15,0,15,0,8,34,0,42,0,0,0,42
03/23/2016,CSG,GA,ASO,ES,Towers with Radar,0,11,14,0,25,0,0,10,0,10,0,11,24,0,35,0,0,0,35
03/24/2016,CSG,GA,ASO,ES,Towers with Radar,4,10,7,0,21,0,0,0,0,0,4,10,7,0,21,0,0,0,21
03/25/2016,CSG,GA,ASO,ES,Towers with Radar,0,12,28,0,40,0,0,6,0,6,0,12,34,0,46,0,0,0,46
03/26/2016,CSG,GA,ASO,ES,Towers with Radar,0,6,13,0,19,0,0,6,0,6,0,6,19,0,25,0,0,0,25
03/27/2016,CSG,GA,ASO,ES,Towers with Radar,0,12,3,0,15,0,0,0,0,0,0,12,3,0,15,0,0,0,15
03/28/2016,CSG,GA,ASO,ES,Towers with Radar,0,9,18,0,27,0,1,5,0,6,0,10,23,0,33,0,0,0,33
03/29/2016,CSG,GA,ASO,ES,Towers with Radar,0,8,14,3,25,0,0,21,0,21,0,8,35,3,46,0,0,0,46
03/30/2016,CSG,GA,ASO,ES,Towers with Radar,0,7,17,0,24,0,0,11,0,11,0,7,28,0,35,40,0,40,75
03/31/2016,CSG,GA,ASO,ES,Towers with Radar,4,8,16,0,28,0,0,0,0,0,4,8,16,0,28,0,0,0,28
04/01/2016,CSG,GA,ASO,ES,Towers with Radar,0,7,7,0,14,0,0,1,0,1,0,7,8,0,15,0,0,0,15
04/02/2016,CSG,GA,ASO,ES,Towers with Radar,0,12,12,0,24,0,0,28,0,28,0,12,40,0,52,0,0,0,52
04/03/2016,CSG,GA,ASO,ES,Towers with Radar,0,6,10,2,18,0,0,28,0,28,0,6,38,2,46,0,0,0,46
04/04/2016,CSG,GA,ASO,ES,Towers with Radar,2,7,26,0,35,0,0,18,2,20,2,7,44,2,55,0,0,0,55
04/05/2016,CSG,GA,ASO,ES,Towers with Radar,0,7,20,0,27,0,0,27,0,27,0,7,47,0,54,20,0,20,74
04/06/2016,CSG,GA,ASO,ES,Towers with Radar,0,17,18,0,35,0,1,3,0,4,0,18,21,0,39,0,0,0,39
04/07/2016,CSG,GA,ASO,ES,Towers with Radar,4,9,13,0,26,0,0,11,0,11,4,9,24,0,37,0,0,0,37
04/08/2016,CSG,GA,ASO,ES,Towers with Radar,0,12,17,3,32,0,0,11,1,12,0,12,28,4,44,0,0,0,44
04/09/2016,CSG,GA,ASO,ES,Towers with Radar,0,5,9,0,14,0,0,17,0,17,0,5,26,0,31,0,0,0,31
04/10/2016,CSG,GA,ASO,ES,Towers with Radar,0,6,19,0,25,0,0,25,0,25,0,6,44,0,50,0,0,0,50
04/11/2016,CSG,GA,ASO,ES,Towers with Radar,0,9,13,0,22,0,0,9,2,11,0,9,22,2,33,0,0,0,33
04/12/2016,CSG,GA,ASO,ES,Towers with Radar,0,7,8,0,15,0,0,8,0,8,0,7,16,0,23,32,0,32,55
04/13/2016,CSG,GA,ASO,ES,Towers with Radar,0,8,20,0,28,0,0,0,0,0,0,8,20,0,28,0,0,0,28
04/14/2016,CSG,GA,ASO,ES,Towers with Radar,2,12,11,0,25,0,0,1,0,1,2,12,12,0,26,0,0,0,26
04/15/2016,CSG,GA,ASO,ES,Towers with Radar,0,8,21,1,30,0,1,2,0,3,0,9,23,1,33,0,0,0,33
04/16/2016,CSG,GA,ASO,ES,Towers with Radar,0,6,4,0,10,0,0,0,0,0,0,6,4,0,10,0,0,0,10
04/17/2016,CSG,GA,ASO,ES,Towers with Radar,0,7,14,0,21,0,0,2,0,2,0,7,16,0,23,0,0,0,23
04/18/2016,CSG,GA,ASO,ES,Towers with Radar,0,8,14,0,22,0,2,12,1,15,0,10,26,1,37,0,0,0,37
04/19/2016,CSG,GA,ASO,ES,Towers with Radar,0,7,14,0,21,0,0,11,3,14,0,7,25,3,35,0,0,0,35
04/20/2016,CSG,GA,ASO,ES,Towers with Radar,0,7,23,0,30,0,0,22,0,22,0,7,45,0,52,0,0,0,52
04/21/2016,CSG,GA,ASO,ES,Towers with Radar,4,11,33,0,48,0,2,3,0,5,4,13,36,0,53,0,0,0,53
04/22/2016,CSG,GA,ASO,ES,Towers with Radar,0,9,17,2,28,0,0,2,0,2,0,9,19,2,30,0,0,0,30
04/23/2016,CSG,GA,ASO,ES,Towers with Radar,0,10,6,0,16,0,0,20,0,20,0,10,26,0,36,0,0,0,36
04/24/2016,CSG,GA,ASO,ES,Towers with Radar,0,11,10,0,21,0,0,33,0,33,0,11,43,0,54,66,0,66,120
04/25/2016,CSG,GA,ASO,ES,Towers with Radar,0,9,13,0,22,0,0,13,0,13,0,9,26,0,35,0,0,0,35
04/26/2016,CSG,GA,ASO,ES,Towers with Radar,0,9,19,2,30,0,0,11,1,12,0,9,30,3,42,0,0,0,42
04/27/2016,CSG,GA,ASO,ES,Towers with Radar,0,7,19,0,26,0,0,4,0,4,0,7,23,0,30,0,0,0,30
04/28/2016,CSG,GA,ASO,ES,Towers with Radar,3,9,20,0,32,0,0,2,1,3,3,9,22,1,35,0,0,0,35
04/29/2016,CSG,GA,ASO,ES,Towers with Radar,0,8,14,0,22,0,0,20,0,20,0,8,34,0,42,28,0,28,70
04/30/2016,CSG,GA,ASO,ES,Towers with Radar,0,8,4,0,12,0,0,17,0,17,0,8,21,0,29,0,0,0,29
05/01/2016,CSG,GA,ASO,ES,Towers with Radar,0,10,11,0,21,0,0,10,0,10,0,10,21,0,31,0,0,0,31
05/02/2016,CSG,GA,ASO,ES,Towers with Radar,0,10,14,0,24,0,0,5,0,5,0,10,19,0,29,0,0,0,29
05/03/2016,CSG,GA,ASO,ES,Towers with Radar,0,8,10,0,18,0,0,0,0,0,0,8,10,0,18,0,0,0,18
05/04/2016,CSG,GA,ASO,ES,Towers with Radar,0,13,11,0,24,0,0,12,4,16,0,13,23,4,40,0,0,0,40
05/05/2016,CSG,GA,ASO,ES,Towers with Radar,4,15,12,2,33,0,2,10,0,12,4,17,22,2,45,0,0,0,45
05/06/2016,CSG,GA,ASO,ES,Towers with Radar,0,8,11,2,21,0,0,7,0,7,0,8,18,2,28,0,0,0,28
05/07/2016,CSG,GA,ASO,ES,Towers with Radar,0,3,10,0,13,0,4,17,0,21,0,7,27,0,34,0,0,0,34
05/08/2016,CSG,GA,ASO,ES,Towers with Radar,0,10,11,1,22,0,0,20,0,20,0,10,31,1,42,0,0,0,42
05/09/2016,CSG,GA,ASO,ES,Towers with Radar,2,7,16,1,26,0,0,55,1,56,2,7,71,2,82,230,0,230,312
05/10/2016,CSG,GA,ASO,ES,Towers with Radar,0,9,16,0,25,0,0,13,0,13,0,9,29,0,38,136,0,136,174
05/11/2016,CSG,GA,ASO,ES,Towers with Radar,0,9,15,0,24,0,0,11,1,12,0,9,26,1,36,0,0,0,36
05/12/2016,CSG,GA,ASO,ES,Towers with Radar,4,7,18,0,29,0,0,9,0,9,4,7,27,0,38,36,0,36,74
05/13/2016,CSG,GA,ASO,ES,Towers with Radar,0,7,21,1,29,0,0,11,0,11,0,7,32,1,40,0,0,0,40
05/14/2016,CSG,GA,ASO,ES,Towers with Radar,0,6,11,2,19,0,0,19,0,19,0,6,30,2,38,0,0,0,38
05/15/2016,CSG,GA,ASO,ES,Towers with Radar,0,12,12,0,24,0,0,23,0,23,0,12,35,0,47,16,0,16,63
05/16/2016,CSG,GA,ASO,ES,Towers with Radar,0,9,7,0,16,0,0,21,0,21,0,9,28,0,37,0,0,0,37
05/17/2016,CSG,GA,ASO,ES,Towers with Radar,0,9,23,3,35,0,0,0,0,0,0,9,23,3,35,0,0,0,35
05/18/2016,CSG,GA,ASO,ES,Towers with Radar,0,10,17,2,29,0,0,13,0,13,0,10,30,2,42,126,0,126,168
05/19/2016,CSG,GA,ASO,ES,Towers with Radar,4,9,20,0,33,0,0,5,0,5,4,9,25,0,38,14,0,14,52
05/20/2016,CSG,GA,ASO,ES,Towers with Radar,0,7,12,0,19,0,0,2,0,2,0,7,14,0,21,0,0,0,21
05/21/2016,CSG,GA,ASO,ES,Towers with Radar,0,6,8,0,14,0,0,6,0,6,0,6,14,0,20,0,0,0,20
05/22/2016,CSG,GA,ASO,ES,Towers with Radar,0,7,8,1,16,0,0,19,0,19,0,7,27,1,35,106,0,106,141
05/23/2016,CSG,GA,ASO,ES,Towers with Radar,2,7,8,2,19,0,1,24,1,26,2,8,32,3,45,108,0,108,153
05/24/2016,CSG,GA,ASO,ES,Towers with Radar,0,11,23,0,34,0,0,6,0,6,0,11,29,0,40,0,0,0,40
05/25/2016,CSG,GA,ASO,ES,Towers with Radar,0,7,18,0,25,0,0,24,0,24,0,7,42,0,49,32,0,32,81
05/26/2016,CSG,GA,ASO,ES,Towers with Radar,4,7,18,0,29,0,0,17,2,19,4,7,35,2,48,0,0,0,48
05/27/2016,CSG,GA,ASO,ES,Towers with Radar,0,9,14,0,23,0,0,17,0,17,0,9,31,0,40,0,0,0,40
05/28/2016,CSG,GA,ASO,ES,Towers with Radar,0,9,2,0,11,0,0,18,0,18,0,9,20,0,29,0,0,0,29
05/29/2016,CSG,GA,ASO,ES,Towers with Radar,0,7,9,0,16,0,0,19,0,19,0,7,28,0,35,26,0,26,61
05/30/2016,CSG,GA,ASO,ES,Towers with Radar,2,5,4,0,11,0,0,20,1,21,2,5,24,1,32,0,0,0,32
05/31/2016,CSG,GA,ASO,ES,Towers with Radar,0,7,7,0,14,0,0,10,0,10,0,7,17,0,24,0,0,0,24
06/01/2016,CSG,GA,ASO,ES,Towers with Radar,0,8,13,0,21,0,0,6,0,6,0,8,19,0,27,0,0,0,27
06/02/2016,CSG,GA,ASO,ES,Towers with Radar,4,13,13,0,30,0,0,14,0,14,4,13,27,0,44,0,0,0,44
06/03/2016,CSG,GA,ASO,ES,Towers with Radar,0,12,10,2,24,0,0,18,0,18,0,12,28,2,42,0,0,0,42
06/04/2016,CSG,GA,ASO,ES,Towers with Radar,0,5,6,0,11,0,0,7,0,7,0,5,13,0,18,0,0,0,18
06/05/2016,CSG,GA,ASO,ES,Towers with Radar,0,8,10,0,18,0,0,2,0,2,0,8,12,0,20,118,0,118,138
06/06/2016,CSG,GA,ASO,ES,Towers with Radar,2,8,12,0,22,0,0,0,0,0,2,8,12,0,22,0,0,0,22
06/07/2016,CSG,GA,ASO,ES,Towers with Radar,0,8,10,0,18,0,0,11,0,11,0,8,21,0,29,0,0,0,29
06/08/2016,CSG,GA,ASO,ES,Towers with Radar,3,8,20,0,31,0,2,8,0,10,3,10,28,0,41,0,0,0,41
06/09/2016,CSG,GA,ASO,ES,Towers with Radar,4,8,14,0,26,0,2,15,0,17,4,10,29,0,43,0,0,0,43
06/10/2016,CSG,GA,ASO,ES,Towers with Radar,0,6,5,0,11,0,0,9,0,9,0,6,14,0,20,0,0,0,20
06/11/2016,CSG,GA,ASO,ES,Towers with Radar,2,3,3,0,8,0,0,11,0,11,2,3,14,0,19,0,0,0,19
06/12/2016,CSG,GA,ASO,ES,Towers with Radar,1,5,9,0,15,0,0,17,0,17,1,5,26,0,32,88,0,88,120
06/13/2016,CSG,GA,ASO,ES,Towers with Radar,0,9,6,0,15,0,0,5,0,5,0,9,11,0,20,0,0,0,20
06/14/2016,CSG,GA,ASO,ES,Towers with Radar,13,11,21,0,45,0,0,5,0,5,13,11,26,0,50,0,0,0,50
06/15/2016,CSG,GA,ASO,ES,Towers with Radar,0,6,16,0,22,0,0,0,0,0,0,6,16,0,22,16,0,16,38
06/16/2016,CSG,GA,ASO,ES,Towers with Radar,6,7,22,0,35,0,0,8,0,8,6,7,30,0,43,0,0,0,43
06/17/2016,CSG,GA,ASO,ES,Towers with Radar,0,5,13,0,18,0,0,13,0,13,0,5,26,0,31,0,0,0,31
06/18/2016,CSG,GA,ASO,ES,Towers with Radar,0,6,13,0,19,0,0,3,0,3,0,6,16,0,22,0,0,0,22
06/19/2016,CSG,GA,ASO,ES,Towers with Radar,0,7,15,0,22,0,0,21,0,21,0,7,36,0,43,48,0,48,91
06/20/2016,CSG,GA,ASO,ES,Towers with Radar,4,7,11,0,22,0,0,14,2,16,4,7,25,2,38,70,0,70,108
06/21/2016,CSG,GA,ASO,ES,Towers with Radar,0,9,10,0,19,0,0,10,0,10,0,9,20,0,29,26,0,26,55
06/22/2016,CSG,GA,ASO,ES,Towers with Radar,0,7,5,0,12,0,0,6,0,6,0,7,11,0,18,0,0,0,18
06/23/2016,CSG,GA,ASO,ES,Towers with Radar,4,9,12,0,25,0,0,7,0,7,4,9,19,0,32,58,0,58,90
06/24/2016,CSG,GA,ASO,ES,Towers with Radar,0,10,10,0,20,0,0,11,0,11,0,10,21,0,31,0,0,0,31
06/25/2016,CSG,GA,ASO,ES,Towers with Radar,0,3,5,2,10,0,0,13,0,13,0,3,18,2,23,0,0,0,23
06/26/2016,CSG,GA,ASO,ES,Towers with Radar,0,3,12,0,15,0,0,7,0,7,0,3,19,0,22,0,0,0,22
06/27/2016,CSG,GA,ASO,ES,Towers with Radar,2,9,17,0,28,0,0,17,0,17,2,9,34,0,45,20,0,20,65
06/28/2016,CSG,GA,ASO,ES,Towers with Radar,0,7,16,0,23,0,0,4,0,4,0,7,20,0,27,0,0,0,27
06/29/2016,CSG,GA,ASO,ES,Towers with Radar,2,7,19,0,28,0,0,15,0,15,2,7,34,0,43,34,0,34,77
06/30/2016,CSG,GA,ASO,ES,Towers with Radar,3,10,11,0,24,0,0,14,0,14,3,10,25,0,38,0,0,0,38
07/01/2016,CSG,GA,ASO,ES,Towers with Radar,3,15,18,1,37,0,0,3,0,3,3,15,21,1,40,0,0,0,40
07/02/2016,CSG,GA,ASO,ES,Towers with Radar,0,3,4,0,7,0,0,8,0,8,0,3,12,0,15,0,0,0,15
07/03/2016,CSG,GA,ASO,ES,Towers with Radar,0,4,3,0,7,0,1,9,0,10,0,5,12,0,17,0,0,0,17
07/04/2016,CSG,GA,ASO,ES,Towers with Radar,0,5,3,0,8,0,0,1,0,1,0,5,4,0,9,0,0,0,9
07/05/2016,CSG,GA,ASO,ES,Towers with Radar,1,9,11,0,21,0,0,4,0,4,1,9,15,0,25,24,0,24,49
07/06/2016,CSG,GA,ASO,ES,Towers with Radar,2,7,14,0,23,0,0,3,1,4,2,7,17,1,27,0,0,0,27
07/07/2016,CSG,GA,ASO,ES,Towers with Radar,4,10,21,0,35,0,0,5,0,5,4,10,26,0,40,0,0,0,40
07/08/2016,CSG,GA,ASO,ES,Towers with Radar,0,10,17,4,31,0,0,14,0,14,0,10,31,4,45,0,0,0,45
07/09/2016,CSG,GA,ASO,ES,Towers with Radar,0,4,7,0,11,0,0,13,0,13,0,4,20,0,24,52,0,52,76
07/10/2016,CSG,GA,ASO,ES,Towers with Radar,0,7,7,0,14,0,0,6,0,6,0,7,13,0,20,0,0,0,20
07/11/2016,CSG,GA,ASO,ES,Towers with Radar,0,10,11,0,21,0,0,7,1,8,0,10,18,1,29,8,0,8,37
07/12/2016,CSG,GA,ASO,ES,Towers with Radar,0,6,10,0,16,0,0,4,0,4,0,6,14,0,20,28,0,28,48
07/13/2016,CSG,GA,ASO,ES,Towers with Radar,0,10,18,0,28,0,0,15,2,17,0,10,33,2,45,74,0,74,119
07/14/2016,CSG,GA,ASO,ES,Towers with Radar,6,12,17,0,35,0,0,7,0,7,6,12,24,0,42,32,0,32,74
07/15/2016,CSG,GA,ASO,ES,Towers with Radar,0,9,7,0,16,0,0,8,1,9,0,9,15,1,25,0,0,0,25
07/16/2016,CSG,GA,ASO,ES,Towers with Radar,0,7,6,0,13,0,0,17,0,17,0,7,23,0,30,0,0,0,30
07/17/2016,CSG,GA,ASO,ES,Towers with Radar,0,5,12,2,19,0,0,11,0,11,0,5,23,2,30,20,0,20,50
07/18/2016,CSG,GA,ASO,ES,Towers with Radar,2,7,6,0,15,0,0,3,2,5,2,7,9,2,20,0,0,0,20
07/19/2016,CSG,GA,ASO,ES,Towers with Radar,0,10,8,0,18,0,0,14,2,16,0,10,22,2,34,14,0,14,48
07/20/2016,CSG,GA,ASO,ES,Towers with Radar,0,7,15,0,22,0,0,5,0,5,0,7,20,0,27,6,0,6,33
07/21/2016,CSG,GA,ASO,ES,Towers with Radar,4,5,24,0,33,0,2,6,0,8,4,7,30,0,41,0,0,0,41
07/22/2016,CSG,GA,ASO,ES,Towers with Radar,0,7,11,0,18,0,0,9,0,9,0,7,20,0,27,0,0,0,27
07/23/2016,CSG,GA,ASO,ES,Towers with Radar,0,3,8,0,11,0,0,8,0,8,0,3,16,0,19,0,0,0,19
07/24/2016,CSG,GA,ASO,ES,Towers with Radar,0,6,12,0,18,0,0,6,0,6,0,6,18,0,24,0,0,0,24
07/25/2016,CSG,GA,ASO,ES,Towers with Radar,0,12,12,0,24,0,0,6,0,6,0,12,18,0,30,12,0,12,42
07/26/2016,CSG,GA,ASO,ES,Towers with Radar,0,7,12,2,21,0,0,11,0,11,0,7,23,2,32,30,0,30,62
07/27/2016,CSG,GA,ASO,ES,Towers with Radar,0,9,14,0,23,0,0,14,0,14,0,9,28,0,37,18,0,18,55
07/28/2016,CSG,GA,ASO,ES,Towers with Radar,4,7,15,0,26,0,0,5,0,5,4,7,20,0,31,14,0,14,45
07/29/2016,CSG,GA,ASO,ES,Towers with Radar,0,7,14,0,21,0,2,18,0,20,0,9,32,0,41,0,0,0,41
07/30/2016,CSG,GA,ASO,ES,Towers with Radar,4,8,7,0,19,0,0,16,0,16,4,8,23,0,35,48,0,48,83
07/31/2016,CSG,GA,ASO,ES,Towers with Radar,0,4,6,0,10,0,0,11,0,11,0,4,17,0,21,4,0,4,25
08/01/2016,CSG,GA,ASO,ES,Towers with Radar,2,6,3,0,11,0,0,3,0,3,2,6,6,0,14,0,0,0,14
08/02/2016,CSG,GA,ASO,ES,Towers with Radar,0,5,14,0,19,0,0,4,0,4,0,5,18,0,23,20,0,20,43
08/03/2016,CSG,GA,ASO,ES,Towers with Radar,2,11,13,3,29,0,0,11,0,11,2,11,24,3,40,48,0,48,88
08/04/2016,CSG,GA,ASO,ES,Towers with Radar,6,10,20,0,36,0,0,7,0,7,6,10,27,0,43,0,0,0,43
08/05/2016,CSG,GA,ASO,ES,Towers with Radar,0,8,19,0,27,0,0,14,0,14,0,8,33,0,41,0,0,0,41
08/06/2016,CSG,GA,ASO,ES,Towers with Radar,0,3,8,0,11,0,0,11,0,11,0,3,19,0,22,0,0,0,22
08/07/2016,CSG,GA,ASO,ES,Towers with Radar,0,8,11,0,19,0,0,18,0,18,0,8,29,0,37,0,0,0,37
08/08/2016,CSG,GA,ASO,ES,Towers with Radar,0,4,13,0,17,0,0,2,2,4,0,4,15,2,21,4,0,4,25
08/09/2016,CSG,GA,ASO,ES,Towers with Radar,0,7,15,0,22,0,0,1,0,1,0,7,16,0,23,0,0,0,23
08/10/2016,CSG,GA,ASO,ES,Towers with Radar,0,7,19,0,26,0,0,1,0,1,0,7,20,0,27,0,0,0,27
08/11/2016,CSG,GA,ASO,ES,Towers with Radar,4,9,11,0,24,0,0,1,0,1,4,9,12,0,25,0,0,0,25
08/12/2016,CSG,GA,ASO,ES,Towers with Radar,0,7,24,0,31,0,0,4,0,4,0,7,28,0,35,0,0,0,35
08/13/2016,CSG,GA,ASO,ES,Towers with Radar,0,3,17,0,20,0,0,10,0,10,0,3,27,0,30,0,0,0,30
08/14/2016,CSG,GA,ASO,ES,Towers with Radar,0,5,7,0,12,0,1,33,0,34,0,6,40,0,46,134,0,134,180
08/15/2016,CSG,GA,ASO,ES,Towers with Radar,2,9,10,0,21,0,2,27,0,29,2,11,37,0,50,146,0,146,196
08/16/2016,CSG,GA,ASO,ES,Towers with Radar,0,16,12,1,29,0,0,5,0,5,0,16,17,1,34,22,6,28,62
08/17/2016,CSG,GA,ASO,ES,Towers with Radar,2,12,15,0,29,0,0,27,0,27,2,12,42,0,56,58,0,58,114
08/18/2016,CSG,GA,ASO,ES,Towers with Radar,4,9,14,0,27,0,0,17,0,17,4,9,31,0,44,0,0,0,44
08/19/2016,CSG,GA,ASO,ES,Towers with Radar,4,7,13,0,24,0,0,3,0,3,4,7,16,0,27,0,0,0,27
08/20/2016,CSG,GA,ASO,ES,Towers with Radar,0,6,2,0,8,0,0,14,0,14,0,6,16,0,22,0,0,0,22
08/21/2016,CSG,GA,ASO,ES,Towers with Radar,0,5,3,0,8,0,0,10,0,10,0,5,13,0,18,0,0,0,18
08/22/2016,CSG,GA,ASO,ES,Towers with Radar,0,8,8,0,16,0,4,8,0,12,0,12,16,0,28,0,0,0,28
08/23/2016,CSG,GA,ASO,ES,Towers with Radar,0,8,13,1,22,0,1,8,0,9,0,9,21,1,31,0,0,0,31
08/24/2016,CSG,GA,ASO,ES,Towers with Radar,0,10,17,0,27,0,0,1,0,1,0,10,18,0,28,0,0,0,28
08/25/2016,CSG,GA,ASO,ES,Towers with Radar,4,8,12,0,24,0,0,16,0,16,4,8,28,0,40,0,0,0,40
08/26/2016,CSG,GA,ASO,ES,Towers with Radar,2,9,9,0,20,0,0,13,1,14,2,9,22,1,34,0,0,0,34
08/27/2016,CSG,GA,ASO,ES,Towers with Radar,0,4,14,2,20,0,0,17,0,17,0,4,31,2,37,0,0,0,37
08/28/2016,CSG,GA,ASO,ES,Towers with Radar,0,5,10,0,15,0,0,17,0,17,0,5,27,0,32,0,0,0,32
08/29/2016,CSG,GA,ASO,ES,Towers with Radar,0,9,14,0,23,0,0,4,0,4,0,9,18,0,27,0,0,0,27
08/30/2016,CSG,GA,ASO,ES,Towers with Radar,0,7,17,0,24,0,2,8,0,10,0,9,25,0,34,0,0,0,34
08/31/2016,CSG,GA,ASO,ES,Towers with Radar,0,13,13,0,26,0,2,9,2,13,0,15,22,2,39,0,0,0,39
09/01/2016,CSG,GA,ASO,ES,Towers with Radar,5,11,16,0,32,0,0,3,0,3,5,11,19,0,35,0,0,0,35
09/02/2016,CSG,GA,ASO,ES,Towers with Radar,0,8,21,0,29,0,0,3,0,3,0,8,24,0,32,0,0,0,32
09/03/2016,CSG,GA,ASO,ES,Towers with Radar,0,4,8,0,12,0,0,15,0,15,0,4,23,0,27,0,0,0,27
09/04/2016,CSG,GA,ASO,ES,Towers with Radar,0,4,11,0,15,0,0,11,0,11,0,4,22,0,26,0,0,0,26
09/05/2016,CSG,GA,ASO,ES,Towers with Radar,0,5,11,0,16,0,0,26,0,26,0,5,37,0,42,54,0,54,96
09/06/2016,CSG,GA,ASO,ES,Towers with Radar,0,10,13,0,23,0,0,10,4,14,0,10,23,4,37,18,0,18,55
09/07/2016,CSG,GA,ASO,ES,Towers with Radar,0,11,15,0,26,0,0,17,2,19,0,11,32,2,45,0,0,0,45
09/08/2016,CSG,GA,ASO,ES,Towers with Radar,4,13,11,2,30,0,1,11,0,12,4,14,22,2,42,0,0,0,42
09/09/2016,CSG,GA,ASO,ES,Towers with Radar,0,12,15,0,27,0,0,8,0,8,0,12,23,0,35,0,0,0,35
09/10/2016,CSG,GA,ASO,ES,Towers with Radar,0,4,4,0,8,0,3,23,0,26,0,7,27,0,34,0,0,0,34
09/11/2016,CSG,GA,ASO,ES,Towers with Radar,0,13,12,0,25,0,4,9,0,13,0,17,21,0,38,0,0,0,38
09/12/2016,CSG,GA,ASO,ES,Towers with Radar,0,0,0,0,0,0,0,0,0,0,0,0,0,0,0,0,0,0,0
09/13/2016,CSG,GA,ASO,ES,Towers with Radar,0,1,2,0,3,0,0,0,2,2,0,1,2,2,5,0,0,0,5
09/14/2016,CSG,GA,ASO,ES,Towers with Radar,0,8,24,0,32,0,0,5,0,5,0,8,29,0,37,0,0,0,37
09/15/2016,CSG,GA,ASO,ES,Towers with Radar,4,12,18,2,36,0,0,9,2,11,4,12,27,4,47,0,0,0,47
09/16/2016,CSG,GA,ASO,ES,Towers with Radar,0,11,14,0,25,0,0,16,0,16,0,11,30,0,41,0,0,0,41
09/17/2016,CSG,GA,ASO,ES,Towers with Radar,0,8,9,2,19,0,0,5,0,5,0,8,14,2,24,0,0,0,24
09/18/2016,CSG,GA,ASO,ES,Towers with Radar,0,10,20,0,30,0,0,12,0,12,0,10,32,0,42,0,0,0,42
09/19/2016,CSG,GA,ASO,ES,Towers with Radar,0,11,9,2,22,0,1,6,0,7,0,12,15,2,29,32,0,32,61
09/20/2016,CSG,GA,ASO,ES,Towers with Radar,1,7,12,1,21,0,0,10,3,13,1,7,22,4,34,38,8,46,80
09/21/2016,CSG,GA,ASO,ES,Towers with Radar,0,8,8,6,22,0,0,5,0,5,0,8,13,6,27,0,0,0,27
09/22/2016,CSG,GA,ASO,ES,Towers with Radar,4,7,18,3,32,0,0,9,0,9,4,7,27,3,41,0,0,0,41
09/23/2016,CSG,GA,ASO,ES,Towers with Radar,2,13,22,10,47,0,2,18,2,22,2,15,40,12,69,0,0,0,69
09/24/2016,CSG,GA,ASO,ES,Towers with Radar,0,7,11,0,18,0,0,17,0,17,0,7,28,0,35,0,0,0,35
09/25/2016,CSG,GA,ASO,ES,Towers with Radar,0,9,13,0,22,0,2,17,0,19,0,11,30,0,41,0,0,0,41
09/26/2016,CSG,GA,ASO,ES,Towers with Radar,2,7,16,0,25,0,0,10,2,12,2,7,26,2,37,0,0,0,37
09/27/2016,CSG,GA,ASO,ES,Towers with Radar,0,11,15,0,26,0,0,7,0,7,0,11,22,0,33,0,0,0,33
09/28/2016,CSG,GA,ASO,ES,Towers with Radar,0,12,10,0,22,0,0,9,0,9,0,12,19,0,31,0,0,0,31
09/29/2016,CSG,GA,ASO,ES,Towers with Radar,4,7,15,0,26,0,0,13,0,13,4,7,28,0,39,8,0,8,47
09/30/2016,CSG,GA,ASO,ES,Towers with Radar,0,8,15,3,26,0,0,18,2,20,0,8,33,5,46,0,0,0,46
10/01/2016,CSG,GA,ASO,ES,Towers with Radar,0,3,8,0,11,0,2,18,0,20,0,5,26,0,31,0,0,0,31
10/02/2016,CSG,GA,ASO,ES,Towers with Radar,0,8,8,1,17,0,0,16,0,16,0,8,24,1,33,0,0,0,33
10/03/2016,CSG,GA,ASO,ES,Towers with Radar,0,10,13,4,27,0,0,9,2,11,0,10,22,6,38,0,0,0,38
10/04/2016,CSG,GA,ASO,ES,Towers with Radar,0,10,22,0,32,0,1,15,2,18,0,11,37,2,50,0,0,0,50
10/05/2016,CSG,GA,ASO,ES,Towers with Radar,0,7,13,0,20,0,0,15,1,16,0,7,28,1,36,0,0,0,36
10/06/2016,CSG,GA,ASO,ES,Towers with Radar,2,8,19,0,29,0,0,10,0,10,2,8,29,0,39,0,0,0,39
10/07/2016,CSG,GA,ASO,ES,Towers with Radar,0,6,9,0,15,0,0,2,0,2,0,6,11,0,17,0,0,0,17
10/08/2016,CSG,GA,ASO,ES,Towers with Radar,0,8,9,0,17,0,0,0,0,0,0,8,9,0,17,0,0,0,17
10/09/2016,CSG,GA,ASO,ES,Towers with Radar,0,5,6,2,13,0,0,2,0,2,0,5,8,2,15,0,0,0,15
10/10/2016,CSG,GA,ASO,ES,Towers with Radar,0,6,12,2,20,0,0,12,1,13,0,6,24,3,33,0,0,0,33
10/11/2016,CSG,GA,ASO,ES,Towers with Radar,0,6,10,0,16,0,0,49,2,51,0,6,59,2,67,160,0,160,227
10/12/2016,CSG,GA,ASO,ES,Towers with Radar,0,6,13,0,19,0,2,18,1,21,0,8,31,1,40,24,0,24,64
10/13/2016,CSG,GA,ASO,ES,Towers with Radar,4,9,10,0,23,0,0,28,0,28,4,9,38,0,51,4,0,4,55
10/14/2016,CSG,GA,ASO,ES,Towers with Radar,0,7,19,2,28,0,0,18,0,18,0,7,37,2,46,0,0,0,46
10/15/2016,CSG,GA,ASO,ES,Towers with Radar,0,3,19,0,22,0,0,7,0,7,0,3,26,0,29,0,0,0,29
10/16/2016,CSG,GA,ASO,ES,Towers with Radar,0,7,17,0,24,0,0,11,0,11,0,7,28,0,35,0,0,0,35
10/17/2016,CSG,GA,ASO,ES,Towers with Radar,2,7,4,0,13,0,0,17,0,17,2,7,21,0,30,0,0,0,30
10/18/2016,CSG,GA,ASO,ES,Towers with Radar,0,7,18,2,27,0,0,13,0,13,0,7,31,2,40,0,0,0,40
10/19/2016,CSG,GA,ASO,ES,Towers with Radar,0,6,21,1,28,0,1,10,1,12,0,7,31,2,40,0,0,0,40
10/20/2016,CSG,GA,ASO,ES,Towers with Radar,4,10,14,2,30,0,0,8,0,8,4,10,22,2,38,0,0,0,38
10/21/2016,CSG,GA,ASO,ES,Towers with Radar,0,11,21,0,32,0,1,1,0,2,0,12,22,0,34,0,0,0,34
10/22/2016,CSG,GA,ASO,ES,Towers with Radar,0,4,11,0,15,0,0,11,0,11,0,4,22,0,26,0,0,0,26
10/23/2016,CSG,GA,ASO,ES,Towers with Radar,0,4,21,2,27,0,0,19,0,19,0,4,40,2,46,0,0,0,46
10/24/2016,CSG,GA,ASO,ES,Towers with Radar,0,6,12,0,18,0,0,9,2,11,0,6,21,2,29,0,0,0,29
10/25/2016,CSG,GA,ASO,ES,Towers with Radar,0,9,13,0,22,0,0,11,0,11,0,9,24,0,33,0,0,0,33
10/26/2016,CSG,GA,ASO,ES,Towers with Radar,0,9,16,2,27,0,0,14,0,14,0,9,30,2,41,0,0,0,41
10/27/2016,CSG,GA,ASO,ES,Towers with Radar,4,7,17,0,28,0,0,15,0,15,4,7,32,0,43,0,0,0,43
10/28/2016,CSG,GA,ASO,ES,Towers with Radar,2,8,15,0,25,0,0,17,2,19,2,8,32,2,44,0,0,0,44
10/29/2016,CSG,GA,ASO,ES,Towers with Radar,0,4,8,0,12,0,4,15,0,19,0,8,23,0,31,0,0,0,31
10/30/2016,CSG,GA,ASO,ES,Towers with Radar,2,6,12,0,20,0,0,12,0,12,2,6,24,0,32,0,0,0,32
10/31/2016,CSG,GA,ASO,ES,Towers with Radar,0,10,6,0,16,0,0,14,0,14,0,10,20,0,30,22,0,22,52
11/01/2016,CSG,GA,ASO,ES,Towers with Radar,2,9,11,3,25,0,0,11,0,11,2,9,22,3,36,0,0,0,36
11/02/2016,CSG,GA,ASO,ES,Towers with Radar,2,7,26,2,37,0,0,7,2,9,2,7,33,4,46,0,0,0,46
11/03/2016,CSG,GA,ASO,ES,Towers with Radar,3,6,23,1,33,0,0,25,0,25,3,6,48,1,58,0,0,0,58
11/04/2016,CSG,GA,ASO,ES,Towers with Radar,2,8,17,0,27,0,1,17,0,18,2,9,34,0,45,0,0,0,45
11/05/2016,CSG,GA,ASO,ES,Towers with Radar,2,5,11,0,18,0,0,16,0,16,2,5,27,0,34,0,0,0,34
11/06/2016,CSG,GA,ASO,ES,Towers with Radar,0,6,11,1,18,0,0,18,0,18,0,6,29,1,36,0,0,0,36
11/07/2016,CSG,GA,ASO,ES,Towers with Radar,2,5,20,2,29,0,0,9,0,9,2,5,29,2,38,0,0,0,38
11/08/2016,CSG,GA,ASO,ES,Towers with Radar,0,5,9,0,14,0,0,21,0,21,0,5,30,0,35,38,0,38,73
11/09/2016,CSG,GA,ASO,ES,Towers with Radar,2,7,16,0,25,0,0,10,0,10,2,7,26,0,35,0,0,0,35
11/10/2016,CSG,GA,ASO,ES,Towers with Radar,2,8,19,0,29,0,0,13,0,13,2,8,32,0,42,0,0,0,42
11/11/2016,CSG,GA,ASO,ES,Towers with Radar,0,7,12,0,19,0,0,12,0,12,0,7,24,0,31,0,0,0,31
11/12/2016,CSG,GA,ASO,ES,Towers with Radar,0,3,9,0,12,0,0,16,0,16,0,3,25,0,28,0,0,0,28
11/13/2016,CSG,GA,ASO,ES,Towers with Radar,0,8,22,0,30,0,0,16,0,16,0,8,38,0,46,0,0,0,46
11/14/2016,CSG,GA,ASO,ES,Towers with Radar,1,8,14,0,23,0,0,23,0,23,1,8,37,0,46,38,0,38,84
11/15/2016,CSG,GA,ASO,ES,Towers with Radar,2,8,20,0,30,0,1,13,2,16,2,9,33,2,46,34,0,34,80
11/16/2016,CSG,GA,ASO,ES,Towers with Radar,2,7,20,2,31,0,0,23,0,23,2,7,43,2,54,16,0,16,70
11/17/2016,CSG,GA,ASO,ES,Towers with Radar,2,9,8,0,19,0,1,17,0,18,2,10,25,0,37,30,0,30,67
11/18/2016,CSG,GA,ASO,ES,Towers with Radar,0,8,20,0,28,0,0,16,0,16,0,8,36,0,44,0,0,0,44
11/19/2016,CSG,GA,ASO,ES,Towers with Radar,0,4,12,0,16,0,0,5,0,5,0,4,17,0,21,0,0,0,21
11/20/2016,CSG,GA,ASO,ES,Towers with Radar,0,4,17,0,21,0,0,7,0,7,0,4,24,0,28,0,0,0,28
11/21/2016,CSG,GA,ASO,ES,Towers with Radar,0,8,15,0,23,0,0,19,0,19,0,8,34,0,42,24,0,24,66
11/22/2016,CSG,GA,ASO,ES,Towers with Radar,0,9,13,0,22,0,0,25,1,26,0,9,38,1,48,20,0,20,68
11/23/2016,CSG,GA,ASO,ES,Towers with Radar,2,7,27,0,36,0,0,9,0,9,2,7,36,0,45,0,0,0,45
11/24/2016,CSG,GA,ASO,ES,Towers with Radar,0,3,4,0,7,0,0,7,0,7,0,3,11,0,14,0,0,0,14
11/25/2016,CSG,GA,ASO,ES,Towers with Radar,0,3,10,2,15,0,0,11,0,11,0,3,21,2,26,0,0,0,26
11/26/2016,CSG,GA,ASO,ES,Towers with Radar,0,8,10,0,18,0,0,8,0,8,0,8,18,0,26,0,0,0,26
11/27/2016,CSG,GA,ASO,ES,Towers with Radar,0,11,19,1,31,0,0,32,0,32,0,11,51,1,63,0,0,0,63
11/28/2016,CSG,GA,ASO,ES,Towers with Radar,5,9,9,0,23,0,0,2,0,2,5,9,11,0,25,0,0,0,25
11/29/2016,CSG,GA,ASO,ES,Towers with Radar,0,10,9,0,19,0,0,2,1,3,0,10,11,1,22,0,0,0,22
11/30/2016,CSG,GA,ASO,ES,Towers with Radar,2,7,8,0,17,0,0,0,0,0,2,7,8,0,17,0,0,0,17
12/01/2016,CSG,GA,ASO,ES,Towers with Radar,1,9,24,2,36,0,0,15,0,15,1,9,39,2,51,28,0,28,79
12/02/2016,CSG,GA,ASO,ES,Towers with Radar,0,12,15,0,27,0,0,13,4,17,0,12,28,4,44,0,0,0,44
12/03/2016,CSG,GA,ASO,ES,Towers with Radar,0,3,3,0,6,0,0,11,0,11,0,3,14,0,17,0,0,0,17
12/04/2016,CSG,GA,ASO,ES,Towers with Radar,0,11,5,1,17,0,0,0,0,0,0,11,5,1,17,0,0,0,17
12/05/2016,CSG,GA,ASO,ES,Towers with Radar,0,8,11,2,21,0,0,0,0,0,0,8,11,2,21,0,0,0,21
12/06/2016,CSG,GA,ASO,ES,Towers with Radar,0,5,6,1,12,0,0,0,1,1,0,5,6,2,13,0,0,0,13
12/07/2016,CSG,GA,ASO,ES,Towers with Radar,4,8,28,4,44,0,2,6,0,8,4,10,34,4,52,8,0,8,60
12/08/2016,CSG,GA,ASO,ES,Towers with Radar,2,9,14,0,25,0,0,15,0,15,2,9,29,0,40,8,0,8,48
12/09/2016,CSG,GA,ASO,ES,Towers with Radar,0,7,12,0,19,0,1,16,0,17,0,8,28,0,36,0,0,0,36
12/10/2016,CSG,GA,ASO,ES,Towers with Radar,0,6,16,0,22,0,0,21,0,21,0,6,37,0,43,0,0,0,43
12/11/2016,CSG,GA,ASO,ES,Towers with Radar,0,6,13,0,19,0,2,4,0,6,0,8,17,0,25,0,0,0,25
12/12/2016,CSG,GA,ASO,ES,Towers with Radar,1,8,18,0,27,0,0,0,0,0,1,8,18,0,27,0,0,0,27
12/13/2016,CSG,GA,ASO,ES,Towers with Radar,0,5,15,0,20,0,0,0,0,0,0,5,15,0,20,0,0,0,20
12/14/2016,CSG,GA,ASO,ES,Towers with Radar,0,5,25,0,30,0,0,10,1,11,0,5,35,1,41,0,0,0,41
12/15/2016,CSG,GA,ASO,ES,Towers with Radar,4,9,25,0,38,0,2,17,0,19,4,11,42,0,57,14,0,14,71
12/16/2016,CSG,GA,ASO,ES,Towers with Radar,0,6,13,1,20,0,0,15,0,15,0,6,28,1,35,0,0,0,35
12/17/2016,CSG,GA,ASO,ES,Towers with Radar,0,2,19,0,21,0,0,9,0,9,0,2,28,0,30,0,0,0,30
12/18/2016,CSG,GA,ASO,ES,Towers with Radar,0,2,7,0,9,0,0,0,0,0,0,2,7,0,9,0,0,0,9
12/19/2016,CSG,GA,ASO,ES,Towers with Radar,0,5,13,1,19,0,0,0,0,0,0,5,13,1,19,0,0,0,19
12/20/2016,CSG,GA,ASO,ES,Towers with Radar,0,4,10,0,14,0,0,1,0,1,0,4,11,0,15,0,0,0,15
12/21/2016,CSG,GA,ASO,ES,Towers with Radar,0,4,20,0,24,0,0,26,0,26,0,4,46,0,50,22,0,22,72
12/22/2016,CSG,GA,ASO,ES,Towers with Radar,2,6,11,0,19,0,0,34,0,34,2,6,45,0,53,90,0,90,143
12/23/2016,CSG,GA,ASO,ES,Towers with Radar,4,5,11,0,20,0,2,16,0,18,4,7,27,0,38,0,0,0,38
12/24/2016,CSG,GA,ASO,ES,Towers with Radar,0,2,8,0,10,0,2,14,0,16,0,4,22,0,26,0,0,0,26
12/25/2016,CSG,GA,ASO,ES,Towers with Radar,0,0,0,0,0,0,0,3,0,3,0,0,3,0,3,0,0,0,3
12/26/2016,CSG,GA,ASO,ES,Towers with Radar,0,6,15,0,21,0,0,8,0,8,0,6,23,0,29,52,0,52,81
12/27/2016,CSG,GA,ASO,ES,Towers with Radar,2,3,23,0,28,0,0,9,0,9,2,3,32,0,37,10,0,10,47
12/28/2016,CSG,GA,ASO,ES,Towers with Radar,0,2,8,2,12,0,0,11,0,11,0,2,19,2,23,18,0,18,41
12/29/2016,CSG,GA,ASO,ES,Towers with Radar,4,7,13,0,24,0,0,0,0,0,4,7,13,0,24,0,0,0,24
12/30/2016,CSG,GA,ASO,ES,Towers with Radar,0,5,8,0,13,0,0,22,0,22,0,5,30,0,35,0,0,0,35
12/31/2016,CSG,GA,ASO,ES,Towers with Radar,0,1,5,4,10,0,0,8,0,8,0,1,13,4,18,0,0,0,18
01/01/2017,CSG,GA,ASO,ES,Towers with Radar,0,3,3,0,6,0,0,0,0,0,0,3,3,0,6,0,0,0,6
01/02/2017,CSG,GA,ASO,ES,Towers with Radar,0,5,2,0,7,0,0,0,0,0,0,5,2,0,7,0,0,0,7
01/03/2017,CSG,GA,ASO,ES,Towers with Radar,0,5,15,0,20,0,0,6,0,6,0,5,21,0,26,0,0,0,26
01/04/2017,CSG,GA,ASO,ES,Towers with Radar,0,5,7,0,12,0,0,10,0,10,0,5,17,0,22,18,0,18,40
01/05/2017,CSG,GA,ASO,ES,Towers with Radar,3,4,14,1,22,0,0,29,1,30,3,4,43,2,52,58,0,58,110
01/06/2017,CSG,GA,ASO,ES,Towers with Radar,0,1,7,0,8,0,0,0,0,0,0,1,7,0,8,0,0,0,8
01/07/2017,CSG,GA,ASO,ES,Towers with Radar,0,1,1,0,2,0,0,1,0,1,0,1,2,0,3,0,0,0,3
01/08/2017,CSG,GA,ASO,ES,Towers with Radar,0,5,12,0,17,0,2,18,0,20,0,7,30,0,37,0,0,0,37
01/09/2017,CSG,GA,ASO,ES,Towers with Radar,1,9,6,0,16,0,0,15,0,15,1,9,21,0,31,42,0,42,73
01/10/2017,CSG,GA,ASO,ES,Towers with Radar,0,8,12,0,20,0,0,8,0,8,0,8,20,0,28,0,0,0,28
01/11/2017,CSG,GA,ASO,ES,Towers with Radar,0,7,2,0,9,0,0,7,2,9,0,7,9,2,18,20,0,20,38
01/12/2017,CSG,GA,ASO,ES,Towers with Radar,4,14,19,0,37,0,1,14,1,16,4,15,33,1,53,0,0,0,53
01/13/2017,CSG,GA,ASO,ES,Towers with Radar,0,5,17,0,22,0,0,21,0,21,0,5,38,0,43,0,0,0,43
01/14/2017,CSG,GA,ASO,ES,Towers with Radar,0,2,6,0,8,0,0,16,0,16,0,2,22,0,24,0,0,0,24
01/15/2017,CSG,GA,ASO,ES,Towers with Radar,0,1,11,0,12,0,0,23,0,23,0,1,34,0,35,0,0,0,35
01/16/2017,CSG,GA,ASO,ES,Towers with Radar,0,6,14,2,22,0,2,34,1,37,0,8,48,3,59,60,0,60,119
01/17/2017,CSG,GA,ASO,ES,Towers with Radar,0,9,13,0,22,0,0,6,0,6,0,9,19,0,28,0,0,0,28
01/18/2017,CSG,GA,ASO,ES,Towers with Radar,0,4,20,2,26,0,0,5,0,5,0,4,25,2,31,8,0,8,39
01/19/2017,CSG,GA,ASO,ES,Towers with Radar,4,8,18,0,30,0,0,1,0,1,4,8,19,0,31,32,0,32,63
01/20/2017,CSG,GA,ASO,ES,Towers with Radar,1,12,9,0,22,0,1,0,0,1,1,13,9,0,23,0,0,0,23
01/21/2017,CSG,GA,ASO,ES,Towers with Radar,1,4,5,0,10,0,0,2,0,2,1,4,7,0,12,0,0,0,12
01/22/2017,CSG,GA,ASO,ES,Towers with Radar,1,12,2,1,16,0,0,0,0,0,1,12,2,1,16,0,0,0,16
01/23/2017,CSG,GA,ASO,ES,Towers with Radar,1,8,11,1,21,0,0,2,0,2,1,8,13,1,23,0,0,0,23
01/24/2017,CSG,GA,ASO,ES,Towers with Radar,2,5,12,0,19,0,0,14,0,14,2,5,26,0,33,0,0,0,33
01/25/2017,CSG,GA,ASO,ES,Towers with Radar,0,5,7,0,12,0,0,11,0,11,0,5,18,0,23,0,0,0,23
01/26/2017,CSG,GA,ASO,ES,Towers with Radar,4,7,25,0,36,0,0,24,1,25,4,7,49,1,61,12,0,12,73
01/27/2017,CSG,GA,ASO,ES,Towers with Radar,0,8,22,0,30,0,0,15,0,15,0,8,37,0,45,0,0,0,45
01/28/2017,CSG,GA,ASO,ES,Towers with Radar,1,5,5,0,11,0,0,33,0,33,1,5,38,0,44,62,0,62,106
01/29/2017,CSG,GA,ASO,ES,Towers with Radar,2,5,12,0,19,0,0,21,0,21,2,5,33,0,40,0,0,0,40
01/30/2017,CSG,GA,ASO,ES,Towers with Radar,2,7,10,0,19,0,2,20,4,26,2,9,30,4,45,10,0,10,55
01/31/2017,CSG,GA,ASO,ES,Towers with Radar,0,12,14,0,26,0,2,18,0,20,0,14,32,0,46,64,0,64,110
02/01/2017,CSG,GA,ASO,ES,Towers with Radar,0,5,3,0,8,0,0,24,11,35,0,5,27,11,43,68,0,68,111
02/02/2017,CSG,GA,ASO,ES,Towers with Radar,2,9,19,0,30,0,0,12,0,12,2,9,31,0,42,12,0,12,54
02/03/2017,CSG,GA,ASO,ES,Towers with Radar,0,6,29,3,38,0,0,1,0,1,0,6,30,3,39,0,0,0,39
02/04/2017,CSG,GA,ASO,ES,Towers with Radar,0,3,8,0,11,0,0,23,0,23,0,3,31,0,34,75,0,75,109
02/05/2017,CSG,GA,ASO,ES,Towers with Radar,0,4,11,0,15,0,0,4,0,4,0,4,15,0,19,63,0,63,82
02/06/2017,CSG,GA,ASO,ES,Towers with Radar,2,7,15,0,24,0,0,9,0,9,2,7,24,0,33,6,0,6,39
02/07/2017,CSG,GA,ASO,ES,Towers with Radar,0,7,18,2,27,0,0,1,4,5,0,7,19,6,32,22,0,22,54
02/08/2017,CSG,GA,ASO,ES,Towers with Radar,0,7,21,2,30,0,0,0,0,0,0,7,21,2,30,18,0,18,48
02/09/2017,CSG,GA,ASO,ES,Towers with Radar,4,6,11,2,23,0,0,19,0,19,4,6,30,2,42,2,0,2,44
02/10/2017,CSG,GA,ASO,ES,Towers with Radar,0,8,12,0,20,0,1,24,2,27,0,9,36,2,47,34,0,34,81
02/11/2017,CSG,GA,ASO,ES,Towers with Radar,0,5,16,2,23,0,0,20,0,20,0,5,36,2,43,0,0,0,43
02/12/2017,CSG,GA,ASO,ES,Towers with Radar,0,7,9,0,16,0,0,5,0,5,0,7,14,0,21,61,0,61,82
02/13/2017,CSG,GA,ASO,ES,Towers with Radar,0,8,15,0,23,0,0,30,0,30,0,8,45,0,53,6,0,6,59
02/14/2017,CSG,GA,ASO,ES,Towers with Radar,0,8,11,0,19,0,0,29,0,29,0,8,40,0,48,16,0,16,64
02/15/2017,CSG,GA,ASO,ES,Towers with Radar,0,6,10,0,16,0,0,5,0,5,0,6,15,0,21,55,0,55,76
02/16/2017,CSG,GA,ASO,ES,Towers with Radar,3,8,7,3,21,0,6,22,0,28,3,14,29,3,49,67,0,67,116
02/17/2017,CSG,GA,ASO,ES,Towers with Radar,2,8,16,0,26,0,0,20,0,20,2,8,36,0,46,46,0,46,92
02/18/2017,CSG,GA,ASO,ES,Towers with Radar,0,9,6,1,16,0,0,5,0,5,0,9,11,1,21,0,0,0,21
02/19/2017,CSG,GA,ASO,ES,Towers with Radar,0,6,15,1,22,0,1,20,0,21,0,7,35,1,43,0,0,0,43
02/20/2017,CSG,GA,ASO,ES,Towers with Radar,0,7,12,0,19,0,0,37,0,37,0,7,49,0,56,30,0,30,86
02/21/2017,CSG,GA,ASO,ES,Towers with Radar,2,7,9,0,18,0,0,1,0,1,2,7,10,0,19,40,0,40,59
02/22/2017,CSG,GA,ASO,ES,Towers with Radar,2,10,19,0,31,0,0,0,0,0,2,10,19,0,31,0,0,0,31
02/23/2017,CSG,GA,ASO,ES,Towers with Radar,4,9,15,4,32,0,0,25,3,28,4,9,40,7,60,6,0,6,66
02/24/2017,CSG,GA,ASO,ES,Towers with Radar,0,9,16,2,27,0,0,16,4,20,0,9,32,6,47,98,0,98,145
02/25/2017,CSG,GA,ASO,ES,Towers with Radar,0,5,7,1,13,0,0,7,0,7,0,5,14,1,20,54,4,58,78
02/26/2017,CSG,GA,ASO,ES,Towers with Radar,0,8,16,1,25,0,0,109,0,109,0,8,125,1,134,41,0,41,175
02/27/2017,CSG,GA,ASO,ES,Towers with Radar,0,7,10,0,17,0,2,2,1,5,0,9,12,1,22,3,0,3,25
02/28/2017,CSG,GA,ASO,ES,Towers with Radar,0,6,13,3,22,0,0,15,0,15,0,6,28,3,37,4,0,4,41
03/01/2017,CSG,GA,ASO,ES,Towers with Radar,1,6,11,0,18,0,0,2,0,2,1,6,13,0,20,0,0,0,20
03/02/2017,CSG,GA,ASO,ES,Towers with Radar,4,12,21,2,39,0,0,12,0,12,4,12,33,2,51,2,0,2,53
03/03/2017,CSG,GA,ASO,ES,Towers with Radar,2,5,11,0,18,0,0,20,0,20,2,5,31,0,38,33,0,33,71
03/04/2017,CSG,GA,ASO,ES,Towers with Radar,2,4,12,0,18,0,0,27,0,27,2,4,39,0,45,135,0,135,180
03/05/2017,CSG,GA,ASO,ES,Towers with Radar,0,9,10,0,19,0,0,89,0,89,0,9,99,0,108,57,0,57,165
03/06/2017,CSG,GA,ASO,ES,Towers with Radar,2,7,11,0,20,0,0,61,2,63,2,7,72,2,83,24,6,30,113
03/07/2017,CSG,GA,ASO,ES,Towers with Radar,4,9,14,0,27,0,0,7,0,7,4,9,21,0,34,20,0,20,54
03/08/2017,CSG,GA,ASO,ES,Towers with Radar,0,7,15,0,22,0,0,30,3,33,0,7,45,3,55,12,0,12,67
03/09/2017,CSG,GA,ASO,ES,Towers with Radar,4,8,9,0,21,0,1,27,0,28,4,9,36,0,49,18,0,18,67
03/10/2017,CSG,GA,ASO,ES,Towers with Radar,0,7,16,0,23,0,2,23,0,25,0,9,39,0,48,0,0,0,48
03/11/2017,CSG,GA,ASO,ES,Towers with Radar,0,5,18,3,26,0,1,28,0,29,0,6,46,3,55,14,0,14,69
03/12/2017,CSG,GA,ASO,ES,Towers with Radar,0,7,25,1,33,0,0,39,0,39,0,7,64,1,72,4,0,4,76
03/13/2017,CSG,GA,ASO,ES,Towers with Radar,0,4,14,0,18,0,0,0,0,0,0,4,14,0,18,2,0,2,20
03/14/2017,CSG,GA,ASO,ES,Towers with Radar,0,6,24,0,30,0,0,26,0,26,0,6,50,0,56,22,0,22,78
03/15/2017,CSG,GA,ASO,ES,Towers with Radar,2,6,15,0,23,0,0,17,0,17,2,6,32,0,40,0,0,0,40
03/16/2017,CSG,GA,ASO,ES,Towers with Radar,4,6,16,0,26,0,4,28,2,34,4,10,44,2,60,72,0,72,132
03/17/2017,CSG,GA,ASO,ES,Towers with Radar,0,7,8,0,15,0,0,19,0,19,0,7,27,0,34,16,0,16,50
03/18/2017,CSG,GA,ASO,ES,Towers with Radar,0,3,14,0,17,0,1,4,0,5,0,4,18,0,22,0,0,0,22
03/19/2017,CSG,GA,ASO,ES,Towers with Radar,0,7,5,3,15,0,8,48,0,56,0,15,53,3,71,114,0,114,185
03/20/2017,CSG,GA,ASO,ES,Towers with Radar,4,7,3,1,15,0,7,35,1,43,4,14,38,2,58,52,0,52,110
03/21/2017,CSG,GA,ASO,ES,Towers with Radar,0,9,7,0,16,0,3,33,0,36,0,12,40,0,52,24,0,24,76
03/22/2017,CSG,GA,ASO,ES,Towers with Radar,0,8,13,4,25,0,4,17,2,23,0,12,30,6,48,24,0,24,72
03/23/2017,CSG,GA,ASO,ES,Towers with Radar,4,12,23,1,40,0,0,11,1,12,4,12,34,2,52,0,0,0,52
03/24/2017,CSG,GA,ASO,ES,Towers with Radar,0,10,19,2,31,0,1,12,0,13,0,11,31,2,44,0,0,0,44
03/25/2017,CSG,GA,ASO,ES,Towers with Radar,0,6,5,0,11,0,1,19,0,20,0,7,24,0,31,0,0,0,31
03/26/2017,CSG,GA,ASO,ES,Towers with Radar,0,12,15,4,31,0,0,49,0,49,0,12,64,4,80,124,0,124,204
03/27/2017,CSG,GA,ASO,ES,Towers with Radar,0,5,6,0,11,0,0,11,7,18,0,5,17,7,29,16,0,16,45
03/28/2017,CSG,GA,ASO,ES,Towers with Radar,0,9,19,0,28,0,1,9,4,14,0,10,28,4,42,0,0,0,42
03/29/2017,CSG,GA,ASO,ES,Towers with Radar,0,8,16,0,24,0,0,30,0,30,0,8,46,0,54,16,0,16,70
03/30/2017,CSG,GA,ASO,ES,Towers with Radar,4,11,16,0,31,0,0,13,3,16,4,11,29,3,47,10,0,10,57
03/31/2017,CSG,GA,ASO,ES,Towers with Radar,0,7,15,0,22,0,0,12,2,14,0,7,27,2,36,0,0,0,36
04/01/2017,CSG,GA,ASO,ES,Towers with Radar,0,3,9,0,12,18,0,16,0,34,18,3,25,0,46,52,0,52,98
04/02/2017,CSG,GA,ASO,ES,Towers with Radar,1,9,9,0,19,0,0,62,0,62,1,9,71,0,81,210,0,210,291
04/03/2017,CSG,GA,ASO,ES,Towers with Radar,1,3,2,0,6,0,0,3,0,3,1,3,5,0,9,0,0,0,9
04/04/2017,CSG,GA,ASO,ES,Towers with Radar,2,7,20,0,29,0,2,39,2,43,2,9,59,2,72,32,0,32,104
04/05/2017,CSG,GA,ASO,ES,Towers with Radar,1,2,2,0,5,0,0,0,0,0,1,2,2,0,5,0,0,0,5
04/06/2017,CSG,GA,ASO,ES,Towers with Radar,4,4,21,0,29,0,0,23,2,25,4,4,44,2,54,0,0,0,54
04/07/2017,CSG,GA,ASO,ES,Towers with Radar,0,7,13,4,24,0,0,11,2,13,0,7,24,6,37,0,0,0,37
04/08/2017,CSG,GA,ASO,ES,Towers with Radar,0,3,3,0,6,0,0,4,0,4,0,3,7,0,10,0,0,0,10
04/09/2017,CSG,GA,ASO,ES,Towers with Radar,0,8,12,4,24,0,1,80,0,81,0,9,92,4,105,56,0,56,161
04/10/2017,CSG,GA,ASO,ES,Towers with Radar,0,11,18,3,32,0,0,52,1,53,0,11,70,4,85,154,0,154,239
04/11/2017,CSG,GA,ASO,ES,Towers with Radar,0,7,7,0,14,0,0,25,2,27,0,7,32,2,41,26,0,26,67
04/12/2017,CSG,GA,ASO,ES,Towers with Radar,0,6,18,0,24,0,1,23,4,28,0,7,41,4,52,40,0,40,92
04/13/2017,CSG,GA,ASO,ES,Towers with Radar,4,6,17,0,27,0,2,21,8,31,4,8,38,8,58,30,2,32,90
04/14/2017,CSG,GA,ASO,ES,Towers with Radar,0,9,14,0,23,0,1,17,0,18,0,10,31,0,41,0,0,0,41
04/15/2017,CSG,GA,ASO,ES,Towers with Radar,0,5,6,0,11,0,1,14,0,15,0,6,20,0,26,0,0,0,26
04/16/2017,CSG,GA,ASO,ES,Towers with Radar,0,5,7,0,12,0,4,10,0,14,0,9,17,0,26,84,0,84,110
04/17/2017,CSG,GA,ASO,ES,Towers with Radar,1,9,12,0,22,0,1,36,0,37,1,10,48,0,59,82,0,82,141
04/18/2017,CSG,GA,ASO,ES,Towers with Radar,0,7,16,4,27,0,1,33,2,36,0,8,49,6,63,28,0,28,91
04/19/2017,CSG,GA,ASO,ES,Towers with Radar,0,9,19,0,28,0,0,6,0,6,0,9,25,0,34,12,0,12,46
04/20/2017,CSG,GA,ASO,ES,Towers with Radar,5,8,21,2,36,0,0,18,2,20,5,8,39,4,56,20,0,20,76
04/21/2017,CSG,GA,ASO,ES,Towers with Radar,0,10,22,0,32,0,1,16,4,21,0,11,38,4,53,80,0,80,133
04/22/2017,CSG,GA,ASO,ES,Towers with Radar,0,3,12,0,15,0,0,30,0,30,0,3,42,0,45,147,0,147,192
04/23/2017,CSG,GA,ASO,ES,Towers with Radar,0,10,10,0,20,0,0,0,0,0,0,10,10,0,20,0,0,0,20
04/24/2017,CSG,GA,ASO,ES,Towers with Radar,0,9,25,0,34,0,0,4,0,4,0,9,29,0,38,16,0,16,54
04/25/2017,CSG,GA,ASO,ES,Towers with Radar,0,6,9,0,15,0,2,46,6,54,0,8,55,6,69,44,0,44,113
04/26/2017,CSG,GA,ASO,ES,Towers with Radar,0,5,19,0,24,0,4,29,4,37,0,9,48,4,61,16,14,30,91
04/27/2017,CSG,GA,ASO,ES,Towers with Radar,4,9,10,0,23,0,0,2,0,2,4,9,12,0,25,0,0,0,25
04/28/2017,CSG,GA,ASO,ES,Towers with Radar,0,8,33,2,43,0,1,10,0,11,0,9,43,2,54,46,0,46,100
04/29/2017,CSG,GA,ASO,ES,Towers with Radar,1,3,20,0,24,0,0,27,0,27,1,3,47,0,51,62,0,62,113
04/30/2017,CSG,GA,ASO,ES,Towers with Radar,0,11,16,0,27,0,0,10,0,10,0,11,26,0,37,36,0,36,73
05/01/2017,CSG,GA,ASO,ES,Towers with Radar,0,8,13,0,21,0,0,14,0,14,0,8,27,0,35,60,0,60,95
05/02/2017,CSG,GA,ASO,ES,Towers with Radar,1,7,12,2,22,0,0,64,2,66,1,7,76,4,88,128,0,128,216
05/03/2017,CSG,GA,ASO,ES,Towers with Radar,0,6,23,1,30,0,0,42,0,42,0,6,65,1,72,38,0,38,110
05/04/2017,CSG,GA,ASO,ES,Towers with Radar,4,7,11,0,22,0,0,0,0,0,4,7,11,0,22,0,0,0,22
05/05/2017,CSG,GA,ASO,ES,Towers with Radar,1,8,26,0,35,0,0,1,0,1,1,8,27,0,36,0,0,0,36
05/06/2017,CSG,GA,ASO,ES,Towers with Radar,0,3,11,0,14,0,1,15,0,16,0,4,26,0,30,0,0,0,30
05/07/2017,CSG,GA,ASO,ES,Towers with Radar,0,15,26,0,41,0,0,75,0,75,0,15,101,0,116,142,0,142,258
05/08/2017,CSG,GA,ASO,ES,Towers with Radar,0,7,16,0,23,0,0,36,2,38,0,7,52,2,61,67,0,67,128
05/09/2017,CSG,GA,ASO,ES,Towers with Radar,0,10,18,5,33,0,2,52,0,54,0,12,70,5,87,88,0,88,175
05/10/2017,CSG,GA,ASO,ES,Towers with Radar,0,6,10,0,16,0,0,14,1,15,0,6,24,1,31,14,0,14,45
05/11/2017,CSG,GA,ASO,ES,Towers with Radar,4,7,23,2,36,0,1,24,0,25,4,8,47,2,61,28,0,28,89
05/12/2017,CSG,GA,ASO,ES,Towers with Radar,0,10,12,2,24,0,1,11,0,12,0,11,23,2,36,0,0,0,36
05/13/2017,CSG,GA,ASO,ES,Towers with Radar,0,4,13,0,17,0,0,7,0,7,0,4,20,0,24,0,0,0,24
05/14/2017,CSG,GA,ASO,ES,Towers with Radar,0,6,6,0,12,0,0,89,1,90,0,6,95,1,102,198,0,198,300
05/15/2017,CSG,GA,ASO,ES,Towers with Radar,2,11,29,0,42,0,0,39,0,39,2,11,68,0,81,88,0,88,169
05/16/2017,CSG,GA,ASO,ES,Towers with Radar,0,7,20,0,27,0,0,19,0,19,0,7,39,0,46,44,0,44,90
05/17/2017,CSG,GA,ASO,ES,Towers with Radar,0,7,23,1,31,0,0,14,1,15,0,7,37,2,46,0,0,0,46
05/18/2017,CSG,GA,ASO,ES,Towers with Radar,4,7,6,0,17,0,0,21,0,21,4,7,27,0,38,0,0,0,38
05/19/2017,CSG,GA,ASO,ES,Towers with Radar,0,9,25,0,34,0,0,18,0,18,0,9,43,0,52,0,0,0,52
05/20/2017,CSG,GA,ASO,ES,Towers with Radar,0,4,14,0,18,0,0,2,0,2,0,4,16,0,20,0,0,0,20
05/21/2017,CSG,GA,ASO,ES,Towers with Radar,0,7,10,0,17,0,0,4,0,4,0,7,14,0,21,0,0,0,21
05/22/2017,CSG,GA,ASO,ES,Towers with Radar,0,7,16,0,23,0,0,10,0,10,0,7,26,0,33,14,0,14,47
05/23/2017,CSG,GA,ASO,ES,Towers with Radar,0,8,7,0,15,0,0,0,0,0,0,8,7,0,15,0,0,0,15
05/24/2017,CSG,GA,ASO,ES,Towers with Radar,0,11,15,0,26,0,0,1,0,1,0,11,16,0,27,0,0,0,27
05/25/2017,CSG,GA,ASO,ES,Towers with Radar,2,11,16,5,34,0,0,20,0,20,2,11,36,5,54,0,0,0,54
05/26/2017,CSG,GA,ASO,ES,Towers with Radar,2,6,23,2,33,0,0,37,0,37,2,6,60,2,70,12,0,12,82
05/27/2017,CSG,GA,ASO,ES,Towers with Radar,0,4,14,0,18,0,0,42,1,43,0,4,56,1,61,44,0,44,105
05/28/2017,CSG,GA,ASO,ES,Towers with Radar,0,5,5,0,10,0,0,7,0,7,0,5,12,0,17,16,0,16,33
05/29/2017,CSG,GA,ASO,ES,Towers with Radar,0,5,9,2,16,0,0,19,0,19,0,5,28,2,35,22,0,22,57
05/30/2017,CSG,GA,ASO,ES,Towers with Radar,0,6,19,0,25,0,0,5,0,5,0,6,24,0,30,0,0,0,30
05/31/2017,CSG,GA,ASO,ES,Towers with Radar,0,5,15,5,25,0,0,15,0,15,0,5,30,5,40,12,0,12,52
06/01/2017,CSG,GA,ASO,ES,Towers with Radar,4,8,8,0,20,0,0,19,0,19,4,8,27,0,39,12,0,12,51
06/02/2017,CSG,GA,ASO,ES,Towers with Radar,0,8,19,0,27,0,0,14,1,15,0,8,33,1,42,0,0,0,42
06/03/2017,CSG,GA,ASO,ES,Towers with Radar,0,2,9,2,13,0,0,13,0,13,0,2,22,2,26,0,0,0,26
06/04/2017,CSG,GA,ASO,ES,Towers with Radar,0,6,5,1,12,0,0,5,0,5,0,6,10,1,17,0,0,0,17
06/05/2017,CSG,GA,ASO,ES,Towers with Radar,0,8,7,1,16,0,0,1,0,1,0,8,8,1,17,0,0,0,17
06/06/2017,CSG,GA,ASO,ES,Towers with Radar,0,6,11,6,23,0,0,0,0,0,0,6,11,6,23,0,0,0,23
06/07/2017,CSG,GA,ASO,ES,Towers with Radar,0,8,13,0,21,0,0,4,0,4,0,8,17,0,25,0,0,0,25
06/08/2017,CSG,GA,ASO,ES,Towers with Radar,4,9,10,0,23,0,0,20,0,20,4,9,30,0,43,0,0,0,43
06/09/2017,CSG,GA,ASO,ES,Towers with Radar,0,8,16,0,24,0,0,18,1,19,0,8,34,1,43,0,0,0,43
06/10/2017,CSG,GA,ASO,ES,Towers with Radar,0,2,13,0,15,0,3,16,2,21,0,5,29,2,36,0,0,0,36
06/11/2017,CSG,GA,ASO,ES,Towers with Radar,0,5,17,0,22,0,0,5,0,5,0,5,22,0,27,0,0,0,27
06/12/2017,CSG,GA,ASO,ES,Towers with Radar,1,6,11,0,18,0,0,6,0,6,1,6,17,0,24,0,0,0,24
06/13/2017,CSG,GA,ASO,ES,Towers with Radar,0,7,5,1,13,0,0,9,1,10,0,7,14,2,23,0,0,0,23
06/14/2017,CSG,GA,ASO,ES,Towers with Radar,0,6,19,1,26,0,0,8,1,9,0,6,27,2,35,0,0,0,35
06/15/2017,CSG,GA,ASO,ES,Towers with Radar,5,5,9,0,19,0,0,5,2,7,5,5,14,2,26,0,0,0,26
06/16/2017,CSG,GA,ASO,ES,Towers with Radar,0,14,18,0,32,0,0,12,2,14,0,14,30,2,46,0,0,0,46
06/17/2017,CSG,GA,ASO,ES,Towers with Radar,2,7,12,4,25,0,0,14,0,14,2,7,26,4,39,0,0,0,39
06/18/2017,CSG,GA,ASO,ES,Towers with Radar,0,4,11,0,15,0,0,7,0,7,0,4,18,0,22,0,0,0,22
06/19/2017,CSG,GA,ASO,ES,Towers with Radar,0,6,17,4,27,0,0,17,2,19,0,6,34,6,46,40,26,66,112
06/20/2017,CSG,GA,ASO,ES,Towers with Radar,0,7,9,2,18,0,0,1,0,1,0,7,10,2,19,0,0,0,19
06/21/2017,CSG,GA,ASO,ES,Towers with Radar,0,6,15,0,21,0,0,1,0,1,0,6,16,0,22,0,0,0,22
06/22/2017,CSG,GA,ASO,ES,Towers with Radar,4,6,7,0,17,0,0,4,0,4,4,6,11,0,21,0,0,0,21
06/23/2017,CSG,GA,ASO,ES,Towers with Radar,0,4,6,0,10,0,0,10,0,10,0,4,16,0,20,0,0,0,20
06/24/2017,CSG,GA,ASO,ES,Towers with Radar,0,6,11,0,17,0,0,0,0,0,0,6,11,0,17,0,0,0,17
06/25/2017,CSG,GA,ASO,ES,Towers with Radar,0,5,5,0,10,0,0,16,0,16,0,5,21,0,26,12,0,12,38
06/26/2017,CSG,GA,ASO,ES,Towers with Radar,0,7,17,0,24,0,0,25,0,25,0,7,42,0,49,10,0,10,59
06/27/2017,CSG,GA,ASO,ES,Towers with Radar,0,10,18,1,29,0,0,46,5,51,0,10,64,6,80,52,0,52,132
06/28/2017,CSG,GA,ASO,ES,Towers with Radar,0,6,17,1,24,0,0,36,0,36,0,6,53,1,60,34,0,34,94
06/29/2017,CSG,GA,ASO,ES,Towers with Radar,4,8,19,1,32,0,0,7,1,8,4,8,26,2,40,0,0,0,40
06/30/2017,CSG,GA,ASO,ES,Towers with Radar,0,6,26,0,32,0,0,0,0,0,0,6,26,0,32,0,0,0,32
07/01/2017,CSG,GA,ASO,ES,Towers with Radar,0,2,13,0,15,0,0,4,0,4,0,2,17,0,19,0,0,0,19
07/02/2017,CSG,GA,ASO,ES,Towers with Radar,0,2,14,0,16,0,1,10,0,11,0,3,24,0,27,0,0,0,27
07/03/2017,CSG,GA,ASO,ES,Towers with Radar,0,2,7,0,9,0,0,21,0,21,0,2,28,0,30,50,0,50,80
07/04/2017,CSG,GA,ASO,ES,Towers with Radar,0,2,8,0,10,0,2,22,0,24,0,4,30,0,34,24,0,24,58
07/05/2017,CSG,GA,ASO,ES,Towers with Radar,0,6,17,4,27,0,0,22,0,22,0,6,39,4,49,56,0,56,105
07/06/2017,CSG,GA,ASO,ES,Towers with Radar,4,6,8,2,20,0,0,23,2,25,4,6,31,4,45,24,18,42,87
07/07/2017,CSG,GA,ASO,ES,Towers with Radar,2,7,16,0,25,0,0,14,1,15,2,7,30,1,40,0,0,0,40
07/08/2017,CSG,GA,ASO,ES,Towers with Radar,1,2,8,0,11,0,0,3,0,3,1,2,11,0,14,0,0,0,14
07/09/2017,CSG,GA,ASO,ES,Towers with Radar,0,4,18,1,23,0,0,17,2,19,0,4,35,3,42,38,0,38,80
07/10/2017,CSG,GA,ASO,ES,Towers with Radar,0,6,8,1,15,0,0,19,0,19,0,6,27,1,34,60,0,60,94
07/11/2017,CSG,GA,ASO,ES,Towers with Radar,0,12,12,0,24,0,0,2,0,2,0,12,14,0,26,18,0,18,44
07/12/2017,CSG,GA,ASO,ES,Towers with Radar,0,6,32,0,38,0,1,19,0,20,0,7,51,0,58,24,0,24,82
07/13/2017,CSG,GA,ASO,ES,Towers with Radar,4,10,11,0,25,0,0,17,1,18,4,10,28,1,43,0,0,0,43
07/14/2017,CSG,GA,ASO,ES,Towers with Radar,0,6,21,0,27,0,0,28,0,28,0,6,49,0,55,0,0,0,55
07/15/2017,CSG,GA,ASO,ES,Towers with Radar,0,4,11,0,15,0,0,18,0,18,0,4,29,0,33,0,0,0,33
07/16/2017,CSG,GA,ASO,ES,Towers with Radar,0,4,15,1,20,0,0,4,0,4,0,4,19,1,24,0,0,0,24
07/17/2017,CSG,GA,ASO,ES,Towers with Radar,1,6,20,1,28,0,0,3,0,3,1,6,23,1,31,0,0,0,31
07/18/2017,CSG,GA,ASO,ES,Towers with Radar,0,9,23,0,32,0,0,13,3,16,0,9,36,3,48,12,0,12,60
07/19/2017,CSG,GA,ASO,ES,Towers with Radar,0,6,17,0,23,0,0,33,0,33,0,6,50,0,56,34,0,34,90
07/20/2017,CSG,GA,ASO,ES,Towers with Radar,4,6,22,0,32,0,0,39,2,41,4,6,61,2,73,36,30,66,139
07/21/2017,CSG,GA,ASO,ES,Towers with Radar,0,11,16,1,28,0,0,16,1,17,0,11,32,2,45,0,0,0,45
07/22/2017,CSG,GA,ASO,ES,Towers with Radar,0,2,4,0,6,0,0,18,0,18,0,2,22,0,24,0,0,0,24
07/23/2017,CSG,GA,ASO,ES,Towers with Radar,0,4,8,1,13,0,0,17,0,17,0,4,25,1,30,0,0,0,30
07/24/2017,CSG,GA,ASO,ES,Towers with Radar,4,7,11,5,27,0,0,3,2,5,4,7,14,7,32,0,0,0,32
07/25/2017,CSG,GA,ASO,ES,Towers with Radar,0,13,12,0,25,0,0,8,2,10,0,13,20,2,35,24,0,24,59
07/26/2017,CSG,GA,ASO,ES,Towers with Radar,0,6,21,0,27,0,0,10,4,14,0,6,31,4,41,76,0,76,117
07/27/2017,CSG,GA,ASO,ES,Towers with Radar,4,6,16,0,26,0,0,21,0,21,4,6,37,0,47,16,0,16,63
07/28/2017,CSG,GA,ASO,ES,Towers with Radar,2,6,7,0,15,0,0,9,2,11,2,6,16,2,26,0,0,0,26
07/29/2017,CSG,GA,ASO,ES,Towers with Radar,0,2,11,0,13,0,0,13,0,13,0,2,24,0,26,0,0,0,26
07/30/2017,CSG,GA,ASO,ES,Towers with Radar,0,4,6,0,10,0,0,25,0,25,0,4,31,0,35,0,0,0,35
07/31/2017,CSG,GA,ASO,ES,Towers with Radar,0,6,15,0,21,0,0,14,0,14,0,6,29,0,35,0,0,0,35
08/01/2017,CSG,GA,ASO,ES,Towers with Radar,0,6,21,0,27,0,1,12,0,13,0,7,33,0,40,0,0,0,40
08/02/2017,CSG,GA,ASO,ES,Towers with Radar,0,6,11,2,19,0,0,1,2,3,0,6,12,4,22,0,0,0,22
08/03/2017,CSG,GA,ASO,ES,Towers with Radar,0,6,35,7,48,0,0,8,1,9,0,6,43,8,57,0,0,0,57
08/04/2017,CSG,GA,ASO,ES,Towers with Radar,0,6,13,0,19,0,0,2,0,2,0,6,15,0,21,0,0,0,21
08/05/2017,CSG,GA,ASO,ES,Towers with Radar,0,2,9,2,13,0,0,2,0,2,0,2,11,2,15,0,0,0,15
08/06/2017,CSG,GA,ASO,ES,Towers with Radar,2,4,11,1,18,0,0,1,0,1,2,4,12,1,19,0,0,0,19
08/07/2017,CSG,GA,ASO,ES,Towers with Radar,0,6,15,1,22,0,0,2,0,2,0,6,17,1,24,0,0,0,24
08/08/2017,CSG,GA,ASO,ES,Towers with Radar,1,8,15,0,24,0,0,1,0,1,1,8,16,0,25,0,0,0,25
08/09/2017,CSG,GA,ASO,ES,Towers with Radar,0,6,24,1,31,0,0,0,0,0,0,6,24,1,31,0,0,0,31
08/10/2017,CSG,GA,ASO,ES,Towers with Radar,0,12,15,2,29,0,0,0,0,0,0,12,15,2,29,0,0,0,29
08/11/2017,CSG,GA,ASO,ES,Towers with Radar,0,11,28,2,41,0,0,6,0,6,0,11,34,2,47,0,0,0,47
08/12/2017,CSG,GA,ASO,ES,Towers with Radar,0,3,12,0,15,0,0,6,0,6,0,3,18,0,21,0,0,0,21
08/13/2017,CSG,GA,ASO,ES,Towers with Radar,0,6,14,1,21,0,0,15,0,15,0,6,29,1,36,0,0,0,36
08/14/2017,CSG,GA,ASO,ES,Towers with Radar,2,9,11,1,23,0,0,3,0,3,2,9,14,1,26,0,0,0,26
08/15/2017,CSG,GA,ASO,ES,Towers with Radar,0,8,13,0,21,0,1,13,0,14,0,9,26,0,35,14,0,14,49
08/16/2017,CSG,GA,ASO,ES,Towers with Radar,0,5,18,1,24,0,0,17,5,22,0,5,35,6,46,78,0,78,124
08/17/2017,CSG,GA,ASO,ES,Towers with Radar,0,8,19,0,27,0,0,27,3,30,0,8,46,3,57,58,4,62,119
08/18/2017,CSG,GA,ASO,ES,Towers with Radar,0,6,20,0,26,0,0,23,2,25,0,6,43,2,51,18,0,18,69
08/19/2017,CSG,GA,ASO,ES,Towers with Radar,0,2,10,2,14,0,0,26,2,28,0,2,36,4,42,34,0,34,76
08/20/2017,CSG,GA,ASO,ES,Towers with Radar,0,4,18,0,22,0,0,24,0,24,0,4,42,0,46,0,0,0,46
08/21/2017,CSG,GA,ASO,ES,Towers with Radar,1,12,10,0,23,0,0,23,0,23,1,12,33,0,46,38,0,38,84
08/22/2017,CSG,GA,ASO,ES,Towers with Radar,0,9,12,0,21,0,1,40,2,43,0,10,52,2,64,81,0,81,145
08/23/2017,CSG,GA,ASO,ES,Towers with Radar,0,6,11,0,17,0,0,16,2,18,0,6,27,2,35,86,0,86,121
08/24/2017,CSG,GA,ASO,ES,Towers with Radar,0,7,15,0,22,0,0,8,0,8,0,7,23,0,30,0,0,0,30
08/25/2017,CSG,GA,ASO,ES,Towers with Radar,0,6,12,0,18,0,1,24,3,28,0,7,36,3,46,28,0,28,74
08/26/2017,CSG,GA,ASO,ES,Towers with Radar,0,2,14,1,17,0,0,2,0,2,0,2,16,1,19,0,0,0,19
08/27/2017,CSG,GA,ASO,ES,Towers with Radar,0,4,9,0,13,0,2,18,0,20,0,6,27,0,33,0,0,0,33
08/28/2017,CSG,GA,ASO,ES,Towers with Radar,0,8,21,4,33,0,0,31,0,31,0,8,52,4,64,38,0,38,102
08/29/2017,CSG,GA,ASO,ES,Towers with Radar,0,9,20,6,35,0,1,25,4,30,0,10,45,10,65,53,0,53,118
08/30/2017,CSG,GA,ASO,ES,Towers with Radar,0,7,16,0,23,0,0,0,0,0,0,7,16,0,23,0,0,0,23
08/31/2017,CSG,GA,ASO,ES,Towers with Radar,0,6,9,0,15,0,0,2,0,2,0,6,11,0,17,0,0,0,17
09/01/2017,CSG,GA,ASO,ES,Towers with Radar,0,8,8,0,16,0,0,5,0,5,0,8,13,0,21,28,0,28,49
09/02/2017,CSG,GA,ASO,ES,Towers with Radar,0,2,6,0,8,0,0,21,0,21,0,2,27,0,29,0,0,0,29
09/03/2017,CSG,GA,ASO,ES,Towers with Radar,0,5,11,0,16,0,0,16,0,16,0,5,27,0,32,0,0,0,32
09/04/2017,CSG,GA,ASO,ES,Towers with Radar,0,6,14,0,20,0,0,31,2,33,0,6,45,2,53,48,0,48,101
09/05/2017,CSG,GA,ASO,ES,Towers with Radar,2,6,26,0,34,0,0,16,0,16,2,6,42,0,50,42,0,42,92
09/06/2017,CSG,GA,ASO,ES,Towers with Radar,1,7,19,0,27,0,0,12,0,12,1,7,31,0,39,48,0,48,87
09/07/2017,CSG,GA,ASO,ES,Towers with Radar,2,12,16,0,30,0,1,49,0,50,2,13,65,0,80,48,0,48,128
09/08/2017,CSG,GA,ASO,ES,Towers with Radar,2,4,24,0,30,0,0,30,0,30,2,4,54,0,60,0,0,0,60
09/09/2017,CSG,GA,ASO,ES,Towers with Radar,2,4,18,0,24,0,0,13,0,13,2,4,31,0,37,0,0,0,37
09/10/2017,CSG,GA,ASO,ES,Towers with Radar,0,5,10,0,15,0,0,2,0,2,0,5,12,0,17,0,0,0,17
09/11/2017,CSG,GA,ASO,ES,Towers with Radar,0,0,0,0,0,0,0,0,0,0,0,0,0,0,0,0,0,0,0
09/12/2017,CSG,GA,ASO,ES,Towers with Radar,0,5,11,0,16,0,0,5,0,5,0,5,16,0,21,4,0,4,25
09/13/2017,CSG,GA,ASO,ES,Towers with Radar,0,11,9,0,20,0,0,32,0,32,0,11,41,0,52,64,0,64,116
09/14/2017,CSG,GA,ASO,ES,Towers with Radar,0,10,19,0,29,0,1,13,0,14,0,11,32,0,43,0,0,0,43
09/15/2017,CSG,GA,ASO,ES,Towers with Radar,2,9,25,3,39,0,0,16,0,16,2,9,41,3,55,0,0,0,55
09/16/2017,CSG,GA,ASO,ES,Towers with Radar,2,4,7,7,20,0,0,6,1,7,2,4,13,8,27,0,0,0,27
09/17/2017,CSG,GA,ASO,ES,Towers with Radar,0,4,22,1,27,0,0,14,0,14,0,4,36,1,41,0,0,0,41
09/18/2017,CSG,GA,ASO,ES,Towers with Radar,0,7,14,0,21,0,0,27,4,31,0,7,41,4,52,70,0,70,122
09/19/2017,CSG,GA,ASO,ES,Towers with Radar,0,8,17,0,25,0,0,37,2,39,0,8,54,2,64,106,0,106,170
09/20/2017,CSG,GA,ASO,ES,Towers with Radar,0,7,21,0,28,0,0,27,0,27,0,7,48,0,55,38,0,38,93
09/21/2017,CSG,GA,ASO,ES,Towers with Radar,2,10,16,0,28,0,0,13,0,13,2,10,29,0,41,0,0,0,41
09/22/2017,CSG,GA,ASO,ES,Towers with Radar,2,10,16,2,30,0,0,8,0,8,2,10,24,2,38,0,0,0,38
09/23/2017,CSG,GA,ASO,ES,Towers with Radar,0,4,17,0,21,0,0,21,0,21,0,4,38,0,42,0,0,0,42
09/24/2017,CSG,GA,ASO,ES,Towers with Radar,0,5,12,0,17,0,0,16,0,16,0,5,28,0,33,0,0,0,33
09/25/2017,CSG,GA,ASO,ES,Towers with Radar,2,8,13,2,25,0,1,31,1,33,2,9,44,3,58,46,0,46,104
09/26/2017,CSG,GA,ASO,ES,Towers with Radar,1,9,10,0,20,0,0,18,8,26,1,9,28,8,46,38,0,38,84
09/27/2017,CSG,GA,ASO,ES,Towers with Radar,0,8,12,0,20,0,0,22,2,24,0,8,34,2,44,36,0,36,80
09/28/2017,CSG,GA,ASO,ES,Towers with Radar,4,8,16,0,28,0,0,20,0,20,4,8,36,0,48,30,4,34,82
09/29/2017,CSG,GA,ASO,ES,Towers with Radar,2,6,15,0,23,0,0,21,0,21,2,6,36,0,44,0,0,0,44
09/30/2017,CSG,GA,ASO,ES,Towers with Radar,0,4,10,0,14,0,0,15,0,15,0,4,25,0,29,0,0,0,29
10/01/2017,CSG,GA,ASO,ES,Towers with Radar,0,4,19,0,23,0,0,8,0,8,0,4,27,0,31,0,0,0,31
10/02/2017,CSG,GA,ASO,ES,Towers with Radar,1,10,13,0,24,0,0,9,0,9,1,10,22,0,33,0,0,0,33
10/03/2017,CSG,GA,ASO,ES,Towers with Radar,0,6,16,1,23,0,0,33,8,41,0,6,49,9,64,36,0,36,100
10/04/2017,CSG,GA,ASO,ES,Towers with Radar,0,6,17,5,28,0,5,14,5,24,0,11,31,10,52,4,0,4,56
10/05/2017,CSG,GA,ASO,ES,Towers with Radar,4,7,17,0,28,0,0,21,3,24,4,7,38,3,52,20,0,20,72
10/06/2017,CSG,GA,ASO,ES,Towers with Radar,4,6,17,0,27,0,0,15,0,15,4,6,32,0,42,14,0,14,56
10/07/2017,CSG,GA,ASO,ES,Towers with Radar,3,6,12,0,21,0,0,15,2,17,3,6,27,2,38,32,4,36,74
10/08/2017,CSG,GA,ASO,ES,Towers with Radar,0,4,5,0,9,0,0,0,0,0,0,4,5,0,9,0,0,0,9
10/09/2017,CSG,GA,ASO,ES,Towers with Radar,0,8,16,3,27,0,0,11,0,11,0,8,27,3,38,20,0,20,58
10/10/2017,CSG,GA,ASO,ES,Towers with Radar,0,13,19,1,33,0,0,12,2,14,0,13,31,3,47,40,0,40,87
10/11/2017,CSG,GA,ASO,ES,Towers with Radar,0,10,8,1,19,0,1,27,4,32,0,11,35,5,51,30,12,42,93
10/12/2017,CSG,GA,ASO,ES,Towers with Radar,6,7,23,0,36,0,2,27,2,31,6,9,50,2,67,0,0,0,67
10/13/2017,CSG,GA,ASO,ES,Towers with Radar,2,7,21,0,30,0,0,16,0,16,2,7,37,0,46,0,0,0,46
10/14/2017,CSG,GA,ASO,ES,Towers with Radar,0,2,11,3,16,0,2,11,1,14,0,4,22,4,30,0,0,0,30
10/15/2017,CSG,GA,ASO,ES,Towers with Radar,0,9,23,2,34,0,0,12,0,12,0,9,35,2,46,0,0,0,46
10/16/2017,CSG,GA,ASO,ES,Towers with Radar,0,6,19,0,25,0,0,10,2,12,0,6,29,2,37,0,0,0,37
10/17/2017,CSG,GA,ASO,ES,Towers with Radar,0,7,16,0,23,0,0,56,2,58,0,7,72,2,81,46,0,46,127
10/18/2017,CSG,GA,ASO,ES,Towers with Radar,0,9,23,2,34,0,0,29,5,34,0,9,52,7,68,18,0,18,86
10/19/2017,CSG,GA,ASO,ES,Towers with Radar,4,10,27,0,41,0,0,23,0,23,4,10,50,0,64,12,0,12,76
10/20/2017,CSG,GA,ASO,ES,Towers with Radar,2,8,22,2,34,0,1,16,1,18,2,9,38,3,52,15,4,19,71
10/21/2017,CSG,GA,ASO,ES,Towers with Radar,0,3,12,0,15,0,8,14,0,22,0,11,26,0,37,68,0,68,105
10/22/2017,CSG,GA,ASO,ES,Towers with Radar,0,4,26,0,30,0,0,25,0,25,0,4,51,0,55,56,0,56,111
10/23/2017,CSG,GA,ASO,ES,Towers with Radar,0,6,8,0,14,0,0,4,0,4,0,6,12,0,18,0,0,0,18
10/24/2017,CSG,GA,ASO,ES,Towers with Radar,0,8,13,2,23,0,0,13,0,13,0,8,26,2,36,28,0,28,64
10/25/2017,CSG,GA,ASO,ES,Towers with Radar,0,9,17,0,26,0,0,29,0,29,0,9,46,0,55,12,0,12,67
10/26/2017,CSG,GA,ASO,ES,Towers with Radar,4,9,15,2,30,0,0,48,0,48,4,9,63,2,78,38,0,38,116
10/27/2017,CSG,GA,ASO,ES,Towers with Radar,0,6,22,3,31,0,0,38,5,43,0,6,60,8,74,6,0,6,80
10/28/2017,CSG,GA,ASO,ES,Towers with Radar,0,2,11,0,13,0,0,9,0,9,0,2,20,0,22,0,0,0,22
10/29/2017,CSG,GA,ASO,ES,Towers with Radar,0,2,10,0,12,0,0,9,0,9,0,2,19,0,21,14,0,14,35
10/30/2017,CSG,GA,ASO,ES,Towers with Radar,0,5,14,0,19,0,3,32,0,35,0,8,46,0,54,22,0,22,76
10/31/2017,CSG,GA,ASO,ES,Towers with Radar,0,6,10,2,18,0,0,18,0,18,0,6,28,2,36,14,0,14,50
11/01/2017,CSG,GA,ASO,ES,Towers with Radar,0,4,22,0,26,0,1,24,2,27,0,5,46,2,53,30,24,54,107
11/02/2017,CSG,GA,ASO,ES,Towers with Radar,4,4,30,0,38,0,0,22,0,22,4,4,52,0,60,50,0,50,110
11/03/2017,CSG,GA,ASO,ES,Towers with Radar,2,4,14,0,20,0,0,31,0,31,2,4,45,0,51,78,0,78,129
11/04/2017,CSG,GA,ASO,ES,Towers with Radar,2,2,15,0,19,0,0,22,0,22,2,2,37,0,41,22,6,28,69
11/05/2017,CSG,GA,ASO,ES,Towers with Radar,0,3,21,0,24,0,0,20,0,20,0,3,41,0,44,0,0,0,44
11/06/2017,CSG,GA,ASO,ES,Towers with Radar,1,5,10,0,16,0,0,41,0,41,1,5,51,0,57,86,0,86,143
11/07/2017,CSG,GA,ASO,ES,Towers with Radar,0,10,15,1,26,0,0,10,1,11,0,10,25,2,37,4,0,4,41
11/08/2017,CSG,GA,ASO,ES,Towers with Radar,0,7,25,0,32,0,0,4,0,4,0,7,29,0,36,24,0,24,60
11/09/2017,CSG,GA,ASO,ES,Towers with Radar,4,9,26,2,41,0,0,0,0,0,4,9,26,2,41,0,0,0,41
11/10/2017,CSG,GA,ASO,ES,Towers with Radar,3,9,25,0,37,0,0,65,0,65,3,9,90,0,102,56,0,56,158
11/11/2017,CSG,GA,ASO,ES,Towers with Radar,0,3,11,0,14,0,0,7,0,7,0,3,18,0,21,0,0,0,21
11/12/2017,CSG,GA,ASO,ES,Towers with Radar,0,10,34,0,44,0,0,1,0,1,0,10,35,0,45,18,0,18,63
11/13/2017,CSG,GA,ASO,ES,Towers with Radar,0,9,16,0,25,0,0,17,4,21,0,9,33,4,46,28,0,28,74
11/14/2017,CSG,GA,ASO,ES,Towers with Radar,0,7,22,1,30,0,0,35,6,41,0,7,57,7,71,48,0,48,119
11/15/2017,CSG,GA,ASO,ES,Towers with Radar,1,8,11,0,20,0,0,23,4,27,1,8,34,4,47,138,4,142,189
11/16/2017,CSG,GA,ASO,ES,Towers with Radar,4,7,15,0,26,0,0,15,4,19,4,7,30,4,45,64,0,64,109
11/17/2017,CSG,GA,ASO,ES,Towers with Radar,0,12,29,1,42,0,0,52,0,52,0,12,81,1,94,56,10,66,160
11/18/2017,CSG,GA,ASO,ES,Towers with Radar,0,3,14,0,17,0,0,22,0,22,0,3,36,0,39,49,0,49,88
11/19/2017,CSG,GA,ASO,ES,Towers with Radar,0,8,17,0,25,0,0,14,0,14,0,8,31,0,39,0,0,0,39
11/20/2017,CSG,GA,ASO,ES,Towers with Radar,0,9,17,0,26,0,0,25,2,27,0,9,42,2,53,34,0,34,87
11/21/2017,CSG,GA,ASO,ES,Towers with Radar,0,7,15,0,22,0,0,23,0,23,0,7,38,0,45,50,0,50,95
11/22/2017,CSG,GA,ASO,ES,Towers with Radar,0,7,25,0,32,0,2,51,3,56,0,9,76,3,88,56,0,56,144
11/23/2017,CSG,GA,ASO,ES,Towers with Radar,0,3,1,0,4,0,2,9,0,11,0,5,10,0,15,20,0,20,35
11/24/2017,CSG,GA,ASO,ES,Towers with Radar,0,5,5,0,10,0,2,35,0,37,0,7,40,0,47,36,0,36,83
11/25/2017,CSG,GA,ASO,ES,Towers with Radar,0,7,9,0,16,0,0,27,0,27,0,7,36,0,43,14,0,14,57
11/26/2017,CSG,GA,ASO,ES,Towers with Radar,2,9,21,0,32,0,0,14,0,14,2,9,35,0,46,0,0,0,46
11/27/2017,CSG,GA,ASO,ES,Towers with Radar,1,4,14,0,19,0,0,15,0,15,1,4,29,0,34,14,0,14,48
11/28/2017,CSG,GA,ASO,ES,Towers with Radar,0,6,17,3,26,0,0,10,3,13,0,6,27,6,39,0,0,0,39
11/29/2017,CSG,GA,ASO,ES,Towers with Radar,0,11,16,0,27,0,0,6,0,6,0,11,22,0,33,0,0,0,33
11/30/2017,CSG,GA,ASO,ES,Towers with Radar,0,8,14,1,23,0,0,33,3,36,0,8,47,4,59,40,0,40,99
12/01/2017,CSG,GA,ASO,ES,Towers with Radar,0,4,17,4,25,0,0,6,2,8,0,4,23,6,33,30,4,34,67
12/02/2017,CSG,GA,ASO,ES,Towers with Radar,0,3,13,0,16,0,0,10,0,10,0,3,23,0,26,79,0,79,105
12/03/2017,CSG,GA,ASO,ES,Towers with Radar,2,8,23,2,35,0,0,13,0,13,2,8,36,2,48,12,0,12,60
12/04/2017,CSG,GA,ASO,ES,Towers with Radar,0,6,22,1,29,0,0,4,0,4,0,6,26,1,33,0,0,0,33
12/05/2017,CSG,GA,ASO,ES,Towers with Radar,0,6,7,2,15,0,0,4,0,4,0,6,11,2,19,14,0,14,33
12/06/2017,CSG,GA,ASO,ES,Towers with Radar,0,4,26,0,30,0,0,0,0,0,0,4,26,0,30,0,0,0,30
12/07/2017,CSG,GA,ASO,ES,Towers with Radar,2,6,21,0,29,0,0,20,0,20,2,6,41,0,49,18,0,18,67
12/08/2017,CSG,GA,ASO,ES,Towers with Radar,0,7,6,0,13,0,0,0,0,0,0,7,6,0,13,0,0,0,13
12/09/2017,CSG,GA,ASO,ES,Towers with Radar,0,3,19,0,22,0,2,4,0,6,0,5,23,0,28,9,0,9,37
12/10/2017,CSG,GA,ASO,ES,Towers with Radar,0,6,13,0,19,0,0,32,0,32,0,6,45,0,51,0,0,0,51
12/11/2017,CSG,GA,ASO,ES,Towers with Radar,0,4,10,0,14,0,0,16,0,16,0,4,26,0,30,18,0,18,48
12/12/2017,CSG,GA,ASO,ES,Towers with Radar,2,9,17,1,29,0,0,31,3,34,2,9,48,4,63,30,0,30,93
12/13/2017,CSG,GA,ASO,ES,Towers with Radar,0,9,17,2,28,0,6,18,0,24,0,15,35,2,52,46,0,46,98
12/14/2017,CSG,GA,ASO,ES,Towers with Radar,2,10,15,4,31,0,0,33,0,33,2,10,48,4,64,34,0,34,98
12/15/2017,CSG,GA,ASO,ES,Towers with Radar,1,7,13,2,23,0,0,18,0,18,1,7,31,2,41,0,0,0,41
12/16/2017,CSG,GA,ASO,ES,Towers with Radar,3,5,4,0,12,0,1,34,0,35,3,6,38,0,47,34,0,34,81
12/17/2017,CSG,GA,ASO,ES,Towers with Radar,0,2,14,0,16,0,0,9,0,9,0,2,23,0,25,14,0,14,39
12/18/2017,CSG,GA,ASO,ES,Towers with Radar,0,4,19,0,23,0,0,1,0,1,0,4,20,0,24,0,0,0,24
12/19/2017,CSG,GA,ASO,ES,Towers with Radar,0,13,19,0,32,0,0,1,0,1,0,13,20,0,33,0,0,0,33
12/20/2017,CSG,GA,ASO,ES,Towers with Radar,0,14,12,0,26,0,0,1,0,1,0,14,13,0,27,0,0,0,27
12/21/2017,CSG,GA,ASO,ES,Towers with Radar,4,5,11,0,20,0,0,18,0,18,4,5,29,0,38,12,0,12,50
12/22/2017,CSG,GA,ASO,ES,Towers with Radar,0,2,34,0,36,0,0,25,0,25,0,2,59,0,61,72,0,72,133
12/23/2017,CSG,GA,ASO,ES,Towers with Radar,2,3,7,0,12,0,0,2,0,2,2,3,9,0,14,1,0,1,15
12/24/2017,CSG,GA,ASO,ES,Towers with Radar,0,1,2,0,3,0,0,5,0,5,0,1,7,0,8,0,0,0,8
12/25/2017,CSG,GA,ASO,ES,Towers with Radar,1,0,0,0,1,0,0,6,0,6,1,0,6,0,7,36,0,36,43
12/26/2017,CSG,GA,ASO,ES,Towers with Radar,0,4,8,0,12,0,0,59,0,59,0,4,67,0,71,70,0,70,141
12/27/2017,CSG,GA,ASO,ES,Towers with Radar,0,4,10,0,14,0,0,3,0,3,0,4,13,0,17,20,0,20,37
12/28/2017,CSG,GA,ASO,ES,Towers with Radar,4,7,9,0,20,0,0,23,0,23,4,7,32,0,43,14,0,14,57
12/29/2017,CSG,GA,ASO,ES,Towers with Radar,0,4,17,0,21,0,0,66,0,66,0,4,83,0,87,61,0,61,148
12/30/2017,CSG,GA,ASO,ES,Towers with Radar,0,3,14,0,17,0,0,26,0,26,0,3,40,0,43,8,0,8,51
12/31/2017,CSG,GA,ASO,ES,Towers with Radar,0,2,11,0,13,0,0,2,0,2,0,2,13,0,15,24,0,24,39
01/01/2018,CSG,GA,ASO,ES,Towers with Radar,0,3,6,0,9,0,0,21,0,21,0,3,27,0,30,24,0,24,54
01/02/2018,CSG,GA,ASO,ES,Towers with Radar,0,2,14,0,16,0,0,22,0,22,0,2,36,0,38,38,0,38,76
01/03/2018,CSG,GA,ASO,ES,Towers with Radar,0,3,8,2,13,0,0,18,0,18,0,3,26,2,31,50,1,51,82
01/04/2018,CSG,GA,ASO,ES,Towers with Radar,4,4,9,0,17,0,0,6,0,6,4,4,15,0,23,0,0,0,23
01/05/2018,CSG,GA,ASO,ES,Towers with Radar,0,3,10,1,14,0,0,24,2,26,0,3,34,3,40,76,0,76,116
01/06/2018,CSG,GA,ASO,ES,Towers with Radar,0,5,11,0,16,0,2,13,1,16,0,7,24,1,32,26,0,26,58
01/07/2018,CSG,GA,ASO,ES,Towers with Radar,0,7,9,0,16,0,0,14,0,14,0,7,23,0,30,0,0,0,30
01/08/2018,CSG,GA,ASO,ES,Towers with Radar,0,5,7,0,12,0,0,17,0,17,0,5,24,0,29,22,0,22,51
01/09/2018,CSG,GA,ASO,ES,Towers with Radar,0,5,15,0,20,0,0,22,2,24,0,5,37,2,44,40,32,72,116
01/10/2018,CSG,GA,ASO,ES,Towers with Radar,0,5,22,0,27,0,0,8,2,10,0,5,30,2,37,39,0,39,76
01/11/2018,CSG,GA,ASO,ES,Towers with Radar,3,5,19,0,27,0,0,6,0,6,3,5,25,0,33,1,0,1,34
01/12/2018,CSG,GA,ASO,ES,Towers with Radar,0,7,10,0,17,0,0,3,0,3,0,7,13,0,20,16,0,16,36
01/13/2018,CSG,GA,ASO,ES,Towers with Radar,0,3,9,2,14,0,0,4,0,4,0,3,13,2,18,0,0,0,18
01/14/2018,CSG,GA,ASO,ES,Towers with Radar,0,5,12,0,17,0,2,66,0,68,0,7,78,0,85,163,0,163,248
01/15/2018,CSG,GA,ASO,ES,Towers with Radar,0,5,12,0,17,0,0,64,3,67,0,5,76,3,84,124,37,161,245
01/16/2018,CSG,GA,ASO,ES,Towers with Radar,0,5,14,2,21,0,2,23,1,26,0,7,37,3,47,34,0,34,81
01/17/2018,CSG,GA,ASO,ES,Towers with Radar,1,4,6,0,11,0,0,11,0,11,1,4,17,0,22,0,0,0,22
01/18/2018,CSG,GA,ASO,ES,Towers with Radar,4,12,15,0,31,0,0,23,0,23,4,12,38,0,54,45,0,45,99
01/19/2018,CSG,GA,ASO,ES,Towers with Radar,0,8,11,0,19,0,0,37,0,37,0,8,48,0,56,84,0,84,140
01/20/2018,CSG,GA,ASO,ES,Towers with Radar,0,7,7,0,14,0,0,15,0,15,0,7,22,0,29,0,0,0,29
01/21/2018,CSG,GA,ASO,ES,Towers with Radar,0,7,16,0,23,0,6,53,0,59,0,13,69,0,82,187,0,187,269
01/22/2018,CSG,GA,ASO,ES,Towers with Radar,0,6,12,0,18,0,0,0,0,0,0,6,12,0,18,18,0,18,36
01/23/2018,CSG,GA,ASO,ES,Towers with Radar,0,6,19,0,25,0,0,75,5,80,0,6,94,5,105,65,0,65,170
01/24/2018,CSG,GA,ASO,ES,Towers with Radar,0,6,19,0,25,0,1,24,2,27,0,7,43,2,52,18,3,21,73
01/25/2018,CSG,GA,ASO,ES,Towers with Radar,4,15,16,0,35,0,1,65,3,69,4,16,81,3,104,63,8,71,175
01/26/2018,CSG,GA,ASO,ES,Towers with Radar,0,10,13,0,23,0,0,27,0,27,0,10,40,0,50,34,0,34,84
01/27/2018,CSG,GA,ASO,ES,Towers with Radar,0,7,9,0,16,0,0,31,0,31,0,7,40,0,47,50,0,50,97
01/28/2018,CSG,GA,ASO,ES,Towers with Radar,0,5,6,0,11,0,0,0,0,0,0,5,6,0,11,0,0,0,11
01/29/2018,CSG,GA,ASO,ES,Towers with Radar,0,9,13,0,22,0,0,35,0,35,0,9,48,0,57,46,0,46,103
01/30/2018,CSG,GA,ASO,ES,Towers with Radar,0,5,11,0,16,0,0,30,0,30,0,5,41,0,46,39,0,39,85
01/31/2018,CSG,GA,ASO,ES,Towers with Radar,0,5,17,0,22,0,0,64,1,65,0,5,81,1,87,73,0,73,160
02/01/2018,CSG,GA,ASO,ES,Towers with Radar,4,7,22,0,33,0,2,27,4,33,4,9,49,4,66,48,3,51,117
02/02/2018,CSG,GA,ASO,ES,Towers with Radar,0,7,13,0,20,0,0,40,5,45,0,7,53,5,65,30,0,30,95
02/03/2018,CSG,GA,ASO,ES,Towers with Radar,1,3,13,0,17,0,0,40,0,40,1,3,53,0,57,104,0,104,161
02/04/2018,CSG,GA,ASO,ES,Towers with Radar,0,3,8,0,11,0,0,0,0,0,0,3,8,0,11,0,0,0,11
02/05/2018,CSG,GA,ASO,ES,Towers with Radar,0,6,13,0,19,0,1,36,1,38,0,7,49,1,57,92,0,92,149
02/06/2018,CSG,GA,ASO,ES,Towers with Radar,0,5,14,0,19,0,0,51,0,51,0,5,65,0,70,80,4,84,154
02/07/2018,CSG,GA,ASO,ES,Towers with Radar,0,8,11,0,19,0,0,0,0,0,0,8,11,0,19,0,0,0,19
02/08/2018,CSG,GA,ASO,ES,Towers with Radar,4,5,23,0,32,0,0,42,4,46,4,5,65,4,78,62,0,62,140
02/09/2018,CSG,GA,ASO,ES,Towers with Radar,0,7,26,11,44,0,0,19,2,21,0,7,45,13,65,48,28,76,141
02/10/2018,CSG,GA,ASO,ES,Towers with Radar,0,6,2,0,8,0,0,12,0,12,0,6,14,0,20,32,0,32,52
02/11/2018,CSG,GA,ASO,ES,Towers with Radar,0,4,2,0,6,0,0,0,0,0,0,4,2,0,6,0,0,0,6
02/12/2018,CSG,GA,ASO,ES,Towers with Radar,0,5,12,0,17,0,0,0,0,0,0,5,12,0,17,32,0,32,49
02/13/2018,CSG,GA,ASO,ES,Towers with Radar,0,5,27,0,32,0,0,0,0,0,0,5,27,0,32,8,0,8,40
02/14/2018,CSG,GA,ASO,ES,Towers with Radar,2,3,20,0,25,0,0,12,0,12,2,3,32,0,37,76,0,76,113
02/15/2018,CSG,GA,ASO,ES,Towers with Radar,4,8,17,2,31,0,0,14,0,14,4,8,31,2,45,20,2,22,67
02/16/2018,CSG,GA,ASO,ES,Towers with Radar,0,7,15,0,22,0,0,27,0,27,0,7,42,0,49,70,0,70,119
02/17/2018,CSG,GA,ASO,ES,Towers with Radar,0,7,17,0,24,0,0,6,0,6,0,7,23,0,30,50,0,50,80
02/18/2018,CSG,GA,ASO,ES,Towers with Radar,0,7,23,0,30,0,0,17,0,17,0,7,40,0,47,78,0,78,125
02/19/2018,CSG,GA,ASO,ES,Towers with Radar,0,7,23,0,30,0,0,21,0,21,0,7,44,0,51,57,0,57,108
02/20/2018,CSG,GA,ASO,ES,Towers with Radar,0,9,20,2,31,0,0,29,0,29,0,9,49,2,60,54,0,54,114
02/21/2018,CSG,GA,ASO,ES,Towers with Radar,0,10,24,0,34,0,0,24,0,24,0,10,48,0,58,68,0,68,126
02/22/2018,CSG,GA,ASO,ES,Towers with Radar,6,11,18,0,35,0,0,48,6,54,6,11,66,6,89,84,4,88,177
02/23/2018,CSG,GA,ASO,ES,Towers with Radar,0,6,18,0,24,0,0,15,0,15,0,6,33,0,39,6,0,6,45
02/24/2018,CSG,GA,ASO,ES,Towers with Radar,0,5,13,0,18,0,0,86,0,86,0,5,99,0,104,52,0,52,156
02/25/2018,CSG,GA,ASO,ES,Towers with Radar,0,7,6,0,13,0,0,3,0,3,0,7,9,0,16,26,0,26,42
02/26/2018,CSG,GA,ASO,ES,Towers with Radar,1,12,11,0,24,0,0,14,0,14,1,12,25,0,38,44,4,48,86
02/27/2018,CSG,GA,ASO,ES,Towers with Radar,0,8,22,0,30,0,0,38,0,38,0,8,60,0,68,28,0,28,96
02/28/2018,CSG,GA,ASO,ES,Towers with Radar,0,5,22,2,29,0,0,15,0,15,0,5,37,2,44,77,0,77,121
03/01/2018,CSG,GA,ASO,ES,Towers with Radar,6,7,7,2,22,0,0,2,2,4,6,7,9,4,26,0,0,0,26
03/02/2018,CSG,GA,ASO,ES,Towers with Radar,0,12,17,2,31,0,1,35,2,38,0,13,52,4,69,20,0,20,89
03/03/2018,CSG,GA,ASO,ES,Towers with Radar,0,5,19,0,24,0,0,64,2,66,0,5,83,2,90,70,0,70,160
03/04/2018,CSG,GA,ASO,ES,Towers with Radar,1,7,16,1,25,0,0,41,0,41,1,7,57,1,66,90,0,90,156
03/05/2018,CSG,GA,ASO,ES,Towers with Radar,0,6,11,0,17,0,0,43,2,45,0,6,54,2,62,123,2,125,187
03/06/2018,CSG,GA,ASO,ES,Towers with Radar,0,7,8,0,15,0,0,7,2,9,0,7,15,2,24,30,6,36,60
03/07/2018,CSG,GA,ASO,ES,Towers with Radar,0,8,11,0,19,0,0,35,0,35,0,8,46,0,54,19,0,19,73
03/08/2018,CSG,GA,ASO,ES,Towers with Radar,4,7,13,0,24,0,0,35,0,35,4,7,48,0,59,4,0,4,63
03/09/2018,CSG,GA,ASO,ES,Towers with Radar,0,7,13,0,20,0,0,38,0,38,0,7,51,0,58,54,0,54,112
03/10/2018,CSG,GA,ASO,ES,Towers with Radar,0,5,9,0,14,0,0,31,0,31,0,5,40,0,45,52,0,52,97
03/11/2018,CSG,GA,ASO,ES,Towers with Radar,0,7,7,0,14,0,0,0,0,0,0,7,7,0,14,12,0,12,26
03/12/2018,CSG,GA,ASO,ES,Towers with Radar,1,9,5,0,15,0,1,17,0,18,1,10,22,0,33,22,0,22,55
03/13/2018,CSG,GA,ASO,ES,Towers with Radar,0,8,13,2,23,0,0,34,0,34,0,8,47,2,57,30,0,30,87
03/14/2018,CSG,GA,ASO,ES,Towers with Radar,1,7,16,6,30,0,0,40,0,40,1,7,56,6,70,40,0,40,110
03/15/2018,CSG,GA,ASO,ES,Towers with Radar,4,9,11,0,24,0,1,55,13,69,4,10,66,13,93,84,0,84,177
03/16/2018,CSG,GA,ASO,ES,Towers with Radar,0,9,12,0,21,0,1,53,0,54,0,10,65,0,75,92,0,92,167
03/17/2018,CSG,GA,ASO,ES,Towers with Radar,0,7,9,0,16,0,0,10,0,10,0,7,19,0,26,26,0,26,52
03/18/2018,CSG,GA,ASO,ES,Towers with Radar,0,9,10,0,19,0,0,30,3,33,0,9,40,3,52,53,0,53,105
03/19/2018,CSG,GA,ASO,ES,Towers with Radar,0,7,12,3,22,0,0,0,0,0,0,7,12,3,22,0,0,0,22
03/20/2018,CSG,GA,ASO,ES,Towers with Radar,0,9,13,0,22,0,0,24,2,26,0,9,37,2,48,26,0,26,74
03/21/2018,CSG,GA,ASO,ES,Towers with Radar,0,9,16,2,27,0,0,2,3,5,0,9,18,5,32,0,0,0,32
03/22/2018,CSG,GA,ASO,ES,Towers with Radar,4,9,7,1,21,0,0,48,7,55,4,9,55,8,76,48,0,48,124
03/23/2018,CSG,GA,ASO,ES,Towers with Radar,0,9,20,7,36,0,4,56,0,60,0,13,76,7,96,110,0,110,206
03/24/2018,CSG,GA,ASO,ES,Towers with Radar,0,5,8,0,13,0,1,34,0,35,0,6,42,0,48,64,0,64,112
03/25/2018,CSG,GA,ASO,ES,Towers with Radar,0,7,8,2,17,0,0,8,0,8,0,7,16,2,25,42,0,42,67
03/26/2018,CSG,GA,ASO,ES,Towers with Radar,2,7,17,0,26,0,0,1,0,1,2,7,18,0,27,16,0,16,43
03/27/2018,CSG,GA,ASO,ES,Towers with Radar,0,7,27,0,34,0,0,13,1,14,0,7,40,1,48,2,0,2,50
03/28/2018,CSG,GA,ASO,ES,Towers with Radar,0,10,22,0,32,0,2,41,14,57,0,12,63,14,89,66,10,76,165
03/29/2018,CSG,GA,ASO,ES,Towers with Radar,4,9,25,0,38,0,0,17,0,17,4,9,42,0,55,7,0,7,62
03/30/2018,CSG,GA,ASO,ES,Towers with Radar,0,10,13,0,23,0,2,60,2,64,0,12,73,2,87,126,0,126,213
03/31/2018,CSG,GA,ASO,ES,Towers with Radar,0,6,12,0,18,0,3,48,3,54,0,9,60,3,72,100,0,100,172
04/01/2018,CSG,GA,ASO,ES,Towers with Radar,0,7,11,0,18,0,1,33,1,35,0,8,44,1,53,86,0,86,139
04/02/2018,CSG,GA,ASO,ES,Towers with Radar,0,12,27,2,41,0,0,28,0,28,0,12,55,2,69,106,0,106,175
04/03/2018,CSG,GA,ASO,ES,Towers with Radar,0,7,21,0,28,0,1,24,0,25,0,8,45,0,53,45,0,45,98
04/04/2018,CSG,GA,ASO,ES,Towers with Radar,0,8,19,2,29,0,3,16,0,19,0,11,35,2,48,1,0,1,49
04/05/2018,CSG,GA,ASO,ES,Towers with Radar,4,10,12,0,26,1,2,45,0,48,5,12,57,0,74,129,0,129,203
04/06/2018,CSG,GA,ASO,ES,Towers with Radar,0,13,16,1,30,0,6,35,11,52,0,19,51,12,82,38,2,40,122
04/07/2018,CSG,GA,ASO,ES,Towers with Radar,0,5,0,0,5,0,0,2,0,2,0,5,2,0,7,4,0,4,11
04/08/2018,CSG,GA,ASO,ES,Towers with Radar,0,8,9,1,18,0,5,30,4,39,0,13,39,5,57,38,0,38,95
04/09/2018,CSG,GA,ASO,ES,Towers with Radar,0,12,19,6,37,0,0,5,0,5,0,12,24,6,42,48,0,48,90
04/10/2018,CSG,GA,ASO,ES,Towers with Radar,0,16,9,1,26,0,0,30,0,30,0,16,39,1,56,50,0,50,106
04/11/2018,CSG,GA,ASO,ES,Towers with Radar,0,7,14,0,21,0,6,35,0,41,0,13,49,0,62,96,0,96,158
04/12/2018,CSG,GA,ASO,ES,Towers with Radar,4,11,20,0,35,0,7,38,0,45,4,18,58,0,80,69,0,69,149
04/13/2018,CSG,GA,ASO,ES,Towers with Radar,1,8,14,0,23,0,3,38,0,41,1,11,52,0,64,41,0,41,105
04/14/2018,CSG,GA,ASO,ES,Towers with Radar,0,6,12,0,18,0,6,8,6,20,0,12,20,6,38,20,0,20,58
04/15/2018,CSG,GA,ASO,ES,Towers with Radar,0,9,7,0,16,0,0,4,0,4,0,9,11,0,20,0,0,0,20
04/16/2018,CSG,GA,ASO,ES,Towers with Radar,0,8,9,0,17,0,2,11,0,13,0,10,20,0,30,7,0,7,37
04/17/2018,CSG,GA,ASO,ES,Towers with Radar,0,11,19,0,30,0,0,20,0,20,0,11,39,0,50,32,0,32,82
04/18/2018,CSG,GA,ASO,ES,Towers with Radar,0,8,9,1,18,0,1,41,5,47,0,9,50,6,65,38,26,64,129
04/19/2018,CSG,GA,ASO,ES,Towers with Radar,3,12,14,0,29,0,0,19,2,21,3,12,33,2,50,20,0,20,70
04/20/2018,CSG,GA,ASO,ES,Towers with Radar,0,9,15,2,26,0,0,52,1,53,0,9,67,3,79,52,0,52,131
04/21/2018,CSG,GA,ASO,ES,Towers with Radar,0,8,11,0,19,0,6,35,0,41,0,14,46,0,60,68,0,68,128
04/22/2018,CSG,GA,ASO,ES,Towers with Radar,0,6,13,2,21,0,0,0,0,0,0,6,13,2,21,0,0,0,21
04/23/2018,CSG,GA,ASO,ES,Towers with Radar,1,9,19,1,30,0,3,8,1,12,1,12,27,2,42,28,0,28,70
04/24/2018,CSG,GA,ASO,ES,Towers with Radar,0,7,25,0,32,0,1,14,0,15,0,8,39,0,47,7,0,7,54
04/25/2018,CSG,GA,ASO,ES,Towers with Radar,0,8,18,1,27,0,2,26,1,29,0,10,44,2,56,68,0,68,124
04/26/2018,CSG,GA,ASO,ES,Towers with Radar,4,17,19,0,40,0,2,6,0,8,4,19,25,0,48,20,0,20,68
04/27/2018,CSG,GA,ASO,ES,Towers with Radar,0,8,19,0,27,0,9,20,1,30,0,17,39,1,57,36,0,36,93
04/28/2018,CSG,GA,ASO,ES,Towers with Radar,0,7,5,0,12,0,0,64,0,64,0,7,69,0,76,42,0,42,118
04/29/2018,CSG,GA,ASO,ES,Towers with Radar,0,13,5,1,19,0,0,45,0,45,0,13,50,1,64,126,0,126,190
04/30/2018,CSG,GA,ASO,ES,Towers with Radar,2,8,15,0,25,0,2,40,1,43,2,10,55,1,68,102,0,102,170
05/01/2018,CSG,GA,ASO,ES,Towers with Radar,0,9,10,0,19,0,1,33,2,36,0,10,43,2,55,41,0,41,96
05/02/2018,CSG,GA,ASO,ES,Towers with Radar,0,8,10,1,19,0,1,32,3,36,0,9,42,4,55,44,0,44,99
05/03/2018,CSG,GA,ASO,ES,Towers with Radar,4,8,24,0,36,0,3,32,2,37,4,11,56,2,73,38,12,50,123
05/04/2018,CSG,GA,ASO,ES,Towers with Radar,0,7,31,0,38,0,0,49,0,49,0,7,80,0,87,92,0,92,179
05/05/2018,CSG,GA,ASO,ES,Towers with Radar,0,7,10,0,17,0,2,62,0,64,0,9,72,0,81,10,0,10,91
05/06/2018,CSG,GA,ASO,ES,Towers with Radar,0,7,7,0,14,0,0,28,0,28,0,7,35,0,42,20,0,20,62
05/07/2018,CSG,GA,ASO,ES,Towers with Radar,1,13,10,0,24,0,0,13,0,13,1,13,23,0,37,38,0,38,75
05/08/2018,CSG,GA,ASO,ES,Towers with Radar,0,6,14,0,20,0,0,29,0,29,0,6,43,0,49,90,0,90,139
05/09/2018,CSG,GA,ASO,ES,Towers with Radar,0,9,11,0,20,3,0,42,0,45,3,9,53,0,65,88,0,88,153
05/10/2018,CSG,GA,ASO,ES,Towers with Radar,3,9,16,5,33,0,2,32,1,35,3,11,48,6,68,36,0,36,104
05/11/2018,CSG,GA,ASO,ES,Towers with Radar,0,8,17,0,25,0,0,27,0,27,0,8,44,0,52,38,0,38,90
05/12/2018,CSG,GA,ASO,ES,Towers with Radar,0,6,13,0,19,0,5,53,0,58,0,11,66,0,77,26,0,26,103
05/13/2018,CSG,GA,ASO,ES,Towers with Radar,0,5,7,0,12,0,2,18,0,20,0,7,25,0,32,28,0,28,60
05/14/2018,CSG,GA,ASO,ES,Towers with Radar,0,7,16,0,23,0,0,19,0,19,0,7,35,0,42,98,0,98,140
05/15/2018,CSG,GA,ASO,ES,Towers with Radar,0,9,11,1,21,0,0,1,0,1,0,9,12,1,22,38,0,38,60
05/16/2018,CSG,GA,ASO,ES,Towers with Radar,1,7,4,0,12,0,0,3,0,3,1,7,7,0,15,40,0,40,55
05/17/2018,CSG,GA,ASO,ES,Towers with Radar,4,9,20,0,33,0,0,22,0,22,4,9,42,0,55,40,0,40,95
05/18/2018,CSG,GA,ASO,ES,Towers with Radar,2,9,23,0,34,0,0,15,0,15,2,9,38,0,49,6,0,6,55
05/19/2018,CSG,GA,ASO,ES,Towers with Radar,0,5,10,0,15,0,0,5,0,5,0,5,15,0,20,24,0,24,44
05/20/2018,CSG,GA,ASO,ES,Towers with Radar,0,6,17,1,24,0,0,11,0,11,0,6,28,1,35,84,0,84,119
05/21/2018,CSG,GA,ASO,ES,Towers with Radar,1,9,14,1,25,0,0,6,0,6,1,9,20,1,31,42,0,42,73
05/22/2018,CSG,GA,ASO,ES,Towers with Radar,0,11,10,0,21,0,0,0,0,0,0,11,10,0,21,0,0,0,21
05/23/2018,CSG,GA,ASO,ES,Towers with Radar,0,8,25,0,33,0,0,10,0,10,0,8,35,0,43,36,0,36,79
05/24/2018,CSG,GA,ASO,ES,Towers with Radar,4,8,14,0,26,0,0,7,0,7,4,8,21,0,33,2,0,2,35
05/25/2018,CSG,GA,ASO,ES,Towers with Radar,0,6,16,0,22,0,1,10,0,11,0,7,26,0,33,18,0,18,51
05/26/2018,CSG,GA,ASO,ES,Towers with Radar,0,6,6,0,12,0,0,43,0,43,0,6,49,0,55,46,0,46,101
05/27/2018,CSG,GA,ASO,ES,Towers with Radar,2,6,1,0,9,0,0,13,0,13,2,6,14,0,22,23,0,23,45
05/28/2018,CSG,GA,ASO,ES,Towers with Radar,2,8,5,2,17,0,0,0,0,0,2,8,5,2,17,0,0,0,17
05/29/2018,CSG,GA,ASO,ES,Towers with Radar,0,7,5,0,12,0,0,2,0,2,0,7,7,0,14,0,0,0,14
05/30/2018,CSG,GA,ASO,ES,Towers with Radar,0,7,15,2,24,0,1,3,0,4,0,8,18,2,28,48,0,48,76
05/31/2018,CSG,GA,ASO,ES,Towers with Radar,6,4,28,0,38,0,0,27,0,27,6,4,55,0,65,52,0,52,117
06/01/2018,CSG,GA,ASO,ES,Towers with Radar,0,7,16,0,23,0,0,19,0,19,0,7,35,0,42,38,0,38,80
06/02/2018,CSG,GA,ASO,ES,Towers with Radar,0,6,8,0,14,0,0,13,0,13,0,6,21,0,27,52,0,52,79
06/03/2018,CSG,GA,ASO,ES,Towers with Radar,2,4,8,0,14,0,0,30,0,30,2,4,38,0,44,54,0,54,98
06/04/2018,CSG,GA,ASO,ES,Towers with Radar,3,9,8,0,20,0,2,56,0,58,3,11,64,0,78,107,0,107,185
06/05/2018,CSG,GA,ASO,ES,Towers with Radar,0,7,18,0,25,0,0,43,2,45,0,7,61,2,70,84,10,94,164
06/06/2018,CSG,GA,ASO,ES,Towers with Radar,0,10,20,0,30,0,0,32,0,32,0,10,52,0,62,48,0,48,110
06/07/2018,CSG,GA,ASO,ES,Towers with Radar,4,7,16,2,29,0,0,50,0,50,4,7,66,2,79,85,0,85,164
06/08/2018,CSG,GA,ASO,ES,Towers with Radar,0,6,10,0,16,0,2,24,0,26,0,8,34,0,42,79,0,79,121
06/09/2018,CSG,GA,ASO,ES,Towers with Radar,0,5,6,0,11,0,0,37,1,38,0,5,43,1,49,38,0,38,87
06/10/2018,CSG,GA,ASO,ES,Towers with Radar,0,8,14,0,22,0,0,30,0,30,0,8,44,0,52,42,0,42,94
06/11/2018,CSG,GA,ASO,ES,Towers with Radar,2,8,14,0,24,0,0,19,0,19,2,8,33,0,43,50,0,50,93
06/12/2018,CSG,GA,ASO,ES,Towers with Radar,0,9,20,0,29,0,0,2,0,2,0,9,22,0,31,62,0,62,93
06/13/2018,CSG,GA,ASO,ES,Towers with Radar,0,8,15,0,23,0,2,10,1,13,0,10,25,1,36,62,2,64,100
06/14/2018,CSG,GA,ASO,ES,Towers with Radar,2,9,19,2,32,0,1,15,0,16,2,10,34,2,48,68,0,68,116
06/15/2018,CSG,GA,ASO,ES,Towers with Radar,1,7,15,0,23,0,0,29,2,31,1,7,44,2,54,104,0,104,158
06/16/2018,CSG,GA,ASO,ES,Towers with Radar,0,7,10,0,17,0,0,4,0,4,0,7,14,0,21,46,0,46,67
06/17/2018,CSG,GA,ASO,ES,Towers with Radar,0,10,9,1,20,0,0,10,0,10,0,10,19,1,30,18,0,18,48
06/18/2018,CSG,GA,ASO,ES,Towers with Radar,2,8,13,1,24,0,6,27,0,33,2,14,40,1,57,68,0,68,125
06/19/2018,CSG,GA,ASO,ES,Towers with Radar,0,6,10,0,16,0,0,39,2,41,0,6,49,2,57,120,14,134,191
06/20/2018,CSG,GA,ASO,ES,Towers with Radar,0,7,17,0,24,0,0,57,0,57,0,7,74,0,81,112,0,112,193
06/21/2018,CSG,GA,ASO,ES,Towers with Radar,2,9,18,0,29,0,0,25,0,25,2,9,43,0,54,58,0,58,112
06/22/2018,CSG,GA,ASO,ES,Towers with Radar,1,5,20,2,28,0,0,18,0,18,1,5,38,2,46,44,0,44,90
06/23/2018,CSG,GA,ASO,ES,Towers with Radar,0,6,11,0,17,0,0,11,0,11,0,6,22,0,28,58,0,58,86
06/24/2018,CSG,GA,ASO,ES,Towers with Radar,2,8,14,0,24,0,1,22,0,23,2,9,36,0,47,76,0,76,123
06/25/2018,CSG,GA,ASO,ES,Towers with Radar,2,5,8,0,15,0,0,20,0,20,2,5,28,0,35,94,0,94,129
06/26/2018,CSG,GA,ASO,ES,Towers with Radar,2,9,10,0,21,0,0,32,0,32,2,9,42,0,53,86,0,86,139
06/27/2018,CSG,GA,ASO,ES,Towers with Radar,0,6,21,1,28,0,0,32,1,33,0,6,53,2,61,93,0,93,154
06/28/2018,CSG,GA,ASO,ES,Towers with Radar,2,10,15,0,27,0,0,21,2,23,2,10,36,2,50,46,0,46,96
06/29/2018,CSG,GA,ASO,ES,Towers with Radar,0,7,29,0,36,0,1,42,0,43,0,8,71,0,79,106,0,106,185
06/30/2018,CSG,GA,ASO,ES,Towers with Radar,0,5,4,2,11,0,0,51,0,51,0,5,55,2,62,36,0,36,98
07/01/2018,CSG,GA,ASO,ES,Towers with Radar,0,5,8,0,13,0,0,6,0,6,0,5,14,0,19,50,0,50,69
07/02/2018,CSG,GA,ASO,ES,Towers with Radar,2,5,9,0,16,0,0,14,2,16,2,5,23,2,32,76,0,76,108
07/03/2018,CSG,GA,ASO,ES,Towers with Radar,0,5,17,0,22,0,0,29,3,32,0,5,46,3,54,118,12,130,184
07/04/2018,CSG,GA,ASO,ES,Towers with Radar,0,5,4,0,9,0,0,17,0,17,0,5,21,0,26,50,0,50,76
07/05/2018,CSG,GA,ASO,ES,Towers with Radar,2,5,12,0,19,0,0,32,0,32,2,5,44,0,51,38,0,38,89
07/06/2018,CSG,GA,ASO,ES,Towers with Radar,2,7,16,0,25,0,2,31,0,33,2,9,47,0,58,58,0,58,116
07/07/2018,CSG,GA,ASO,ES,Towers with Radar,0,5,4,3,12,0,0,4,0,4,0,5,8,3,16,54,0,54,70
07/08/2018,CSG,GA,ASO,ES,Towers with Radar,0,7,11,2,20,0,0,8,0,8,0,7,19,2,28,48,0,48,76
07/09/2018,CSG,GA,ASO,ES,Towers with Radar,2,10,4,0,16,0,1,32,0,33,2,11,36,0,49,66,0,66,115
07/10/2018,CSG,GA,ASO,ES,Towers with Radar,0,11,11,2,24,0,0,29,0,29,0,11,40,2,53,44,0,44,97
07/11/2018,CSG,GA,ASO,ES,Towers with Radar,0,5,16,0,21,0,0,29,2,31,0,5,45,2,52,56,8,64,116
07/12/2018,CSG,GA,ASO,ES,Towers with Radar,2,7,11,0,20,0,1,22,0,23,2,8,33,0,43,30,0,30,73
07/13/2018,CSG,GA,ASO,ES,Towers with Radar,2,8,7,0,17,0,0,11,0,11,2,8,18,0,28,0,0,0,28
07/14/2018,CSG,GA,ASO,ES,Towers with Radar,0,8,7,0,15,0,0,13,0,13,0,8,20,0,28,6,0,6,34
07/15/2018,CSG,GA,ASO,ES,Towers with Radar,0,7,13,1,21,0,0,16,1,17,0,7,29,2,38,74,2,76,114
07/16/2018,CSG,GA,ASO,ES,Towers with Radar,2,6,7,0,15,0,0,7,0,7,2,6,14,0,22,16,0,16,38
07/17/2018,CSG,GA,ASO,ES,Towers with Radar,0,9,14,0,23,0,1,11,2,14,0,10,25,2,37,58,0,58,95
07/18/2018,CSG,GA,ASO,ES,Towers with Radar,0,9,18,0,27,0,0,25,0,25,0,9,43,0,52,40,0,40,92
07/19/2018,CSG,GA,ASO,ES,Towers with Radar,2,8,19,0,29,0,0,44,0,44,2,8,63,0,73,40,0,40,113
07/20/2018,CSG,GA,ASO,ES,Towers with Radar,2,7,21,2,32,0,0,21,0,21,2,7,42,2,53,118,0,118,171
07/21/2018,CSG,GA,ASO,ES,Towers with Radar,1,13,4,0,18,0,0,18,0,18,1,13,22,0,36,22,0,22,58
07/22/2018,CSG,GA,ASO,ES,Towers with Radar,0,7,10,0,17,0,0,46,0,46,0,7,56,0,63,48,0,48,111
07/23/2018,CSG,GA,ASO,ES,Towers with Radar,2,7,21,0,30,0,0,31,4,35,2,7,52,4,65,42,20,62,127
07/24/2018,CSG,GA,ASO,ES,Towers with Radar,0,8,16,0,24,0,0,13,0,13,0,8,29,0,37,0,0,0,37
07/25/2018,CSG,GA,ASO,ES,Towers with Radar,0,7,17,2,26,0,0,38,0,38,0,7,55,2,64,26,0,26,90
07/26/2018,CSG,GA,ASO,ES,Towers with Radar,2,7,15,0,24,0,0,15,0,15,2,7,30,0,39,36,0,36,75
07/27/2018,CSG,GA,ASO,ES,Towers with Radar,0,7,17,0,24,0,0,38,0,38,0,7,55,0,62,27,0,27,89
07/28/2018,CSG,GA,ASO,ES,Towers with Radar,0,5,3,0,8,0,0,29,0,29,0,5,32,0,37,76,0,76,113
07/29/2018,CSG,GA,ASO,ES,Towers with Radar,0,8,17,0,25,0,0,24,0,24,0,8,41,0,49,22,0,22,71
07/30/2018,CSG,GA,ASO,ES,Towers with Radar,2,7,16,0,25,0,0,32,0,32,2,7,48,0,57,20,0,20,77
07/31/2018,CSG,GA,ASO,ES,Towers with Radar,0,8,14,0,22,0,0,3,0,3,0,8,17,0,25,0,0,0,25
08/01/2018,CSG,GA,ASO,ES,Towers with Radar,0,6,20,0,26,0,0,1,0,1,0,6,21,0,27,8,0,8,35
08/02/2018,CSG,GA,ASO,ES,Towers with Radar,2,8,8,0,18,0,0,0,0,0,2,8,8,0,18,0,0,0,18
08/03/2018,CSG,GA,ASO,ES,Towers with Radar,2,7,20,0,29,0,0,20,0,20,2,7,40,0,49,4,0,4,53
08/04/2018,CSG,GA,ASO,ES,Towers with Radar,0,8,6,1,15,0,0,21,1,22,0,8,27,2,37,0,0,0,37
08/05/2018,CSG,GA,ASO,ES,Towers with Radar,0,7,19,2,28,0,0,30,0,30,0,7,49,2,58,32,0,32,90
08/06/2018,CSG,GA,ASO,ES,Towers with Radar,2,8,13,0,23,0,0,31,0,31,2,8,44,0,54,52,0,52,106
08/07/2018,CSG,GA,ASO,ES,Towers with Radar,0,10,9,2,21,0,0,18,0,18,0,10,27,2,39,28,0,28,67
08/08/2018,CSG,GA,ASO,ES,Towers with Radar,0,9,11,0,20,0,0,33,0,33,0,9,44,0,53,70,0,70,123
08/09/2018,CSG,GA,ASO,ES,Towers with Radar,0,8,13,0,21,0,0,16,0,16,0,8,29,0,37,46,0,46,83
08/10/2018,CSG,GA,ASO,ES,Towers with Radar,0,7,19,0,26,0,0,15,0,15,0,7,34,0,41,34,0,34,75
08/11/2018,CSG,GA,ASO,ES,Towers with Radar,0,7,12,2,21,0,2,23,0,25,0,9,35,2,46,10,6,16,62
08/12/2018,CSG,GA,ASO,ES,Towers with Radar,0,7,15,3,25,0,0,54,0,54,0,7,69,3,79,66,0,66,145
08/13/2018,CSG,GA,ASO,ES,Towers with Radar,0,7,8,0,15,0,0,39,0,39,0,7,47,0,54,70,0,70,124
08/14/2018,CSG,GA,ASO,ES,Towers with Radar,0,9,11,3,23,0,0,43,3,46,0,9,54,6,69,68,0,68,137
08/15/2018,CSG,GA,ASO,ES,Towers with Radar,0,7,15,1,23,0,0,34,0,34,0,7,49,1,57,30,0,30,87
08/16/2018,CSG,GA,ASO,ES,Towers with Radar,0,12,17,2,31,0,0,17,0,17,0,12,34,2,48,46,0,46,94
08/17/2018,CSG,GA,ASO,ES,Towers with Radar,0,8,26,0,34,0,0,9,0,9,0,8,35,0,43,30,0,30,73
08/18/2018,CSG,GA,ASO,ES,Towers with Radar,0,6,20,0,26,0,0,2,0,2,0,6,22,0,28,0,0,0,28
08/19/2018,CSG,GA,ASO,ES,Towers with Radar,0,7,13,1,21,0,0,5,0,5,0,7,18,1,26,16,0,16,42
08/20/2018,CSG,GA,ASO,ES,Towers with Radar,0,10,10,1,21,0,0,2,0,2,0,10,12,1,23,18,0,18,41
08/21/2018,CSG,GA,ASO,ES,Towers with Radar,0,9,14,0,23,0,0,7,0,7,0,9,21,0,30,34,0,34,64
08/22/2018,CSG,GA,ASO,ES,Towers with Radar,0,9,18,0,27,0,2,45,0,47,0,11,63,0,74,46,0,46,120
08/23/2018,CSG,GA,ASO,ES,Towers with Radar,0,9,12,2,23,0,0,53,0,53,0,9,65,2,76,84,0,84,160
08/24/2018,CSG,GA,ASO,ES,Towers with Radar,0,7,25,0,32,0,0,34,0,34,0,7,59,0,66,66,0,66,132
08/25/2018,CSG,GA,ASO,ES,Towers with Radar,0,6,21,0,27,0,1,47,0,48,0,7,68,0,75,50,0,50,125
08/26/2018,CSG,GA,ASO,ES,Towers with Radar,0,10,9,0,19,0,0,30,0,30,0,10,39,0,49,26,0,26,75
08/27/2018,CSG,GA,ASO,ES,Towers with Radar,0,10,17,0,27,0,0,31,1,32,0,10,48,1,59,72,0,72,131
08/28/2018,CSG,GA,ASO,ES,Towers with Radar,0,9,21,1,31,0,0,32,0,32,0,9,53,1,63,30,0,30,93
08/29/2018,CSG,GA,ASO,ES,Towers with Radar,0,7,9,0,16,0,0,29,0,29,0,7,38,0,45,40,0,40,85
08/30/2018,CSG,GA,ASO,ES,Towers with Radar,0,7,23,0,30,0,2,19,0,21,0,9,42,0,51,48,0,48,99
08/31/2018,CSG,GA,ASO,ES,Towers with Radar,0,8,16,0,24,0,0,33,0,33,0,8,49,0,57,74,0,74,131
09/01/2018,CSG,GA,ASO,ES,Towers with Radar,0,3,13,0,16,0,0,37,0,37,0,3,50,0,53,75,0,75,128
09/02/2018,CSG,GA,ASO,ES,Towers with Radar,0,3,10,0,13,0,0,11,0,11,0,3,21,0,24,46,0,46,70
09/03/2018,CSG,GA,ASO,ES,Towers with Radar,0,5,18,0,23,0,0,10,0,10,0,5,28,0,33,26,0,26,59
09/04/2018,CSG,GA,ASO,ES,Towers with Radar,0,8,13,2,23,0,0,11,0,11,0,8,24,2,34,56,0,56,90
09/05/2018,CSG,GA,ASO,ES,Towers with Radar,0,5,18,2,25,0,3,22,3,28,0,8,40,5,53,80,0,80,133
09/06/2018,CSG,GA,ASO,ES,Towers with Radar,0,7,15,0,22,0,2,39,1,42,0,9,54,1,64,40,0,40,104
09/07/2018,CSG,GA,ASO,ES,Towers with Radar,0,7,11,0,18,0,1,46,0,47,0,8,57,0,65,62,0,62,127
09/08/2018,CSG,GA,ASO,ES,Towers with Radar,0,3,11,0,14,0,0,40,0,40,0,3,51,0,54,90,0,90,144
09/09/2018,CSG,GA,ASO,ES,Towers with Radar,0,13,19,1,33,0,0,20,0,20,0,13,39,1,53,24,0,24,77
09/10/2018,CSG,GA,ASO,ES,Towers with Radar,0,7,9,2,18,0,0,12,3,15,0,7,21,5,33,36,10,46,79
09/11/2018,CSG,GA,ASO,ES,Towers with Radar,0,7,15,0,22,0,0,16,0,16,0,7,31,0,38,36,0,36,74
09/12/2018,CSG,GA,ASO,ES,Towers with Radar,0,6,13,1,20,0,0,19,0,19,0,6,32,1,39,60,0,60,99
09/13/2018,CSG,GA,ASO,ES,Towers with Radar,0,9,33,0,42,0,0,26,0,26,0,9,59,0,68,54,0,54,122
09/14/2018,CSG,GA,ASO,ES,Towers with Radar,0,8,23,0,31,0,0,26,0,26,0,8,49,0,57,68,0,68,125
09/15/2018,CSG,GA,ASO,ES,Towers with Radar,0,5,7,0,12,0,0,36,0,36,0,5,43,0,48,58,0,58,106
09/16/2018,CSG,GA,ASO,ES,Towers with Radar,0,7,17,0,24,0,2,27,0,29,0,9,44,0,53,56,0,56,109
09/17/2018,CSG,GA,ASO,ES,Towers with Radar,0,9,13,0,22,0,0,22,0,22,0,9,35,0,44,132,0,132,176
09/18/2018,CSG,GA,ASO,ES,Towers with Radar,3,7,18,0,28,0,0,39,0,39,3,7,57,0,67,43,0,43,110
09/19/2018,CSG,GA,ASO,ES,Towers with Radar,0,7,15,2,24,0,4,23,0,27,0,11,38,2,51,38,0,38,89
09/20/2018,CSG,GA,ASO,ES,Towers with Radar,0,8,28,2,38,0,0,25,0,25,0,8,53,2,63,14,0,14,77
09/21/2018,CSG,GA,ASO,ES,Towers with Radar,2,7,29,0,38,0,2,13,0,15,2,9,42,0,53,18,0,18,71
09/22/2018,CSG,GA,ASO,ES,Towers with Radar,0,7,12,0,19,0,0,46,0,46,0,7,58,0,65,94,0,94,159
09/23/2018,CSG,GA,ASO,ES,Towers with Radar,0,7,19,0,26,0,0,21,2,23,0,7,40,2,49,6,0,6,55
09/24/2018,CSG,GA,ASO,ES,Towers with Radar,0,12,19,1,32,0,0,23,0,23,0,12,42,1,55,56,0,56,111
09/25/2018,CSG,GA,ASO,ES,Towers with Radar,0,8,18,1,27,0,3,6,0,9,0,11,24,1,36,60,0,60,96
09/26/2018,CSG,GA,ASO,ES,Towers with Radar,2,7,13,0,22,0,0,15,0,15,2,7,28,0,37,8,0,8,45
09/27/2018,CSG,GA,ASO,ES,Towers with Radar,0,8,16,0,24,0,0,7,0,7,0,8,23,0,31,2,0,2,33
09/28/2018,CSG,GA,ASO,ES,Towers with Radar,0,10,28,0,38,0,0,9,0,9,0,10,37,0,47,62,0,62,109
09/29/2018,CSG,GA,ASO,ES,Towers with Radar,0,5,10,0,15,0,0,41,0,41,0,5,51,0,56,32,0,32,88
09/30/2018,CSG,GA,ASO,ES,Towers with Radar,0,13,12,0,25,0,0,9,0,9,0,13,21,0,34,82,0,82,116
10/01/2018,CSG,GA,ASO,ES,Towers with Radar,0,6,13,0,19,0,0,36,0,36,0,6,49,0,55,83,0,83,138
10/02/2018,CSG,GA,ASO,ES,Towers with Radar,0,7,25,0,32,0,0,42,0,42,0,7,67,0,74,22,0,22,96
10/03/2018,CSG,GA,ASO,ES,Towers with Radar,0,8,21,0,29,0,0,35,0,35,0,8,56,0,64,64,0,64,128
10/04/2018,CSG,GA,ASO,ES,Towers with Radar,0,7,15,0,22,0,2,28,0,30,0,9,43,0,52,6,0,6,58
10/05/2018,CSG,GA,ASO,ES,Towers with Radar,0,7,17,0,24,0,0,31,0,31,0,7,48,0,55,74,0,74,129
10/06/2018,CSG,GA,ASO,ES,Towers with Radar,0,5,9,0,14,0,1,48,0,49,0,6,57,0,63,67,0,67,130
10/07/2018,CSG,GA,ASO,ES,Towers with Radar,0,7,19,1,27,0,0,43,0,43,0,7,62,1,70,42,0,42,112
10/08/2018,CSG,GA,ASO,ES,Towers with Radar,0,7,13,0,20,0,0,10,0,10,0,7,23,0,30,0,0,0,30
10/09/2018,CSG,GA,ASO,ES,Towers with Radar,0,8,13,2,23,0,1,7,0,8,0,9,20,2,31,22,0,22,53
10/10/2018,CSG,GA,ASO,ES,Towers with Radar,0,6,9,0,15,0,0,0,0,0,0,6,9,0,15,0,0,0,15
10/11/2018,CSG,GA,ASO,ES,Towers with Radar,0,10,7,0,17,0,0,13,0,13,0,10,20,0,30,4,0,4,34
10/12/2018,CSG,GA,ASO,ES,Towers with Radar,0,12,12,0,24,0,0,30,0,30,0,12,42,0,54,38,0,38,92
10/13/2018,CSG,GA,ASO,ES,Towers with Radar,0,6,16,0,22,0,5,43,0,48,0,11,59,0,70,46,0,46,116
10/14/2018,CSG,GA,ASO,ES,Towers with Radar,0,8,21,0,29,0,0,44,0,44,0,8,65,0,73,44,0,44,117
10/15/2018,CSG,GA,ASO,ES,Towers with Radar,0,17,27,0,44,0,0,10,2,12,0,17,37,2,56,34,0,34,90
10/16/2018,CSG,GA,ASO,ES,Towers with Radar,0,7,10,2,19,0,0,18,0,18,0,7,28,2,37,28,0,28,65
10/17/2018,CSG,GA,ASO,ES,Towers with Radar,0,8,15,0,23,0,1,23,0,24,0,9,38,0,47,17,0,17,64
10/18/2018,CSG,GA,ASO,ES,Towers with Radar,0,8,15,0,23,0,5,28,0,33,0,13,43,0,56,64,0,64,120
10/19/2018,CSG,GA,ASO,ES,Towers with Radar,0,7,37,0,44,0,0,16,0,16,0,7,53,0,60,54,0,54,114
10/20/2018,CSG,GA,ASO,ES,Towers with Radar,0,7,15,0,22,0,0,4,0,4,0,7,19,0,26,10,0,10,36
10/21/2018,CSG,GA,ASO,ES,Towers with Radar,0,8,20,0,28,0,1,46,2,49,0,9,66,2,77,36,0,36,113
10/22/2018,CSG,GA,ASO,ES,Towers with Radar,0,7,11,0,18,0,4,44,0,48,0,11,55,0,66,9,0,9,75
10/23/2018,CSG,GA,ASO,ES,Towers with Radar,0,9,20,0,29,0,2,31,0,33,0,11,51,0,62,52,0,52,114
10/24/2018,CSG,GA,ASO,ES,Towers with Radar,0,13,20,4,37,0,0,30,0,30,0,13,50,4,67,44,0,44,111
10/25/2018,CSG,GA,ASO,ES,Towers with Radar,0,8,26,0,34,0,0,12,0,12,0,8,38,0,46,14,0,14,60
10/26/2018,CSG,GA,ASO,ES,Towers with Radar,0,7,14,2,23,0,0,0,0,0,0,7,14,2,23,0,0,0,23
10/27/2018,CSG,GA,ASO,ES,Towers with Radar,0,5,19,0,24,0,0,8,0,8,0,5,27,0,32,22,0,22,54
10/28/2018,CSG,GA,ASO,ES,Towers with Radar,0,5,20,0,25,0,0,39,0,39,0,5,59,0,64,36,0,36,100
10/29/2018,CSG,GA,ASO,ES,Towers with Radar,0,7,16,0,23,0,0,17,0,17,0,7,33,0,40,49,0,49,89
10/30/2018,CSG,GA,ASO,ES,Towers with Radar,0,5,12,0,17,0,1,32,2,35,0,6,44,2,52,12,0,12,64
10/31/2018,CSG,GA,ASO,ES,Towers with Radar,0,5,15,0,20,0,0,13,1,14,0,5,28,1,34,0,0,0,34
11/01/2018,CSG,GA,ASO,ES,Towers with Radar,0,5,10,0,15,0,0,0,0,0,0,5,10,0,15,0,0,0,15
11/02/2018,CSG,GA,ASO,ES,Towers with Radar,2,5,24,1,32,0,0,0,0,0,2,5,24,1,32,0,0,0,32
11/03/2018,CSG,GA,ASO,ES,Towers with Radar,1,6,7,0,14,0,0,12,0,12,1,6,19,0,26,0,0,0,26
11/04/2018,CSG,GA,ASO,ES,Towers with Radar,1,10,18,1,30,0,0,15,0,15,1,10,33,1,45,0,0,0,45
11/05/2018,CSG,GA,ASO,ES,Towers with Radar,0,10,7,0,17,0,0,1,0,1,0,10,8,0,18,8,0,8,26
11/06/2018,CSG,GA,ASO,ES,Towers with Radar,0,9,13,1,23,0,1,10,0,11,0,10,23,1,34,0,0,0,34
11/07/2018,CSG,GA,ASO,ES,Towers with Radar,0,10,20,0,30,0,0,7,0,7,0,10,27,0,37,14,0,14,51
11/08/2018,CSG,GA,ASO,ES,Towers with Radar,0,15,19,2,36,0,0,0,0,0,0,15,19,2,36,0,0,0,36
11/09/2018,CSG,GA,ASO,ES,Towers with Radar,0,14,30,0,44,0,0,1,0,1,0,14,31,0,45,0,0,0,45
11/10/2018,CSG,GA,ASO,ES,Towers with Radar,0,14,21,2,37,0,2,28,0,30,0,16,49,2,67,40,0,40,107
11/11/2018,CSG,GA,ASO,ES,Towers with Radar,0,9,32,0,41,0,0,26,0,26,0,9,58,0,67,70,0,70,137
11/12/2018,CSG,GA,ASO,ES,Towers with Radar,0,2,6,0,8,0,0,0,0,0,0,2,6,0,8,0,0,0,8
11/13/2018,CSG,GA,ASO,ES,Towers with Radar,0,9,10,0,19,0,0,0,0,0,0,9,10,0,19,0,0,0,19
11/14/2018,CSG,GA,ASO,ES,Towers with Radar,0,11,10,0,21,0,0,0,0,0,0,11,10,0,21,0,0,0,21
11/15/2018,CSG,GA,ASO,ES,Towers with Radar,0,11,12,0,23,0,0,4,0,4,0,11,16,0,27,0,0,0,27
11/16/2018,CSG,GA,ASO,ES,Towers with Radar,1,9,13,0,23,0,0,42,0,42,1,9,55,0,65,34,0,34,99
11/17/2018,CSG,GA,ASO,ES,Towers with Radar,0,6,12,3,21,0,0,30,0,30,0,6,42,3,51,20,0,20,71
11/18/2018,CSG,GA,ASO,ES,Towers with Radar,0,6,18,4,28,0,0,26,0,26,0,6,44,4,54,8,0,8,62
11/19/2018,CSG,GA,ASO,ES,Towers with Radar,0,5,16,0,21,0,3,44,0,47,0,8,60,0,68,59,0,59,127
11/20/2018,CSG,GA,ASO,ES,Towers with Radar,0,7,34,0,41,0,3,22,0,25,0,10,56,0,66,48,0,48,114
11/21/2018,CSG,GA,ASO,ES,Towers with Radar,0,11,13,0,24,0,1,29,0,30,0,12,42,0,54,56,0,56,110
11/22/2018,CSG,GA,ASO,ES,Towers with Radar,0,7,8,0,15,0,0,3,2,5,0,7,11,2,20,0,0,0,20
11/23/2018,CSG,GA,ASO,ES,Towers with Radar,0,8,14,0,22,0,0,0,0,0,0,8,14,0,22,0,0,0,22
11/24/2018,CSG,GA,ASO,ES,Towers with Radar,0,12,16,0,28,0,1,3,0,4,0,13,19,0,32,0,0,0,32
11/25/2018,CSG,GA,ASO,ES,Towers with Radar,0,9,24,0,33,0,0,14,4,18,0,9,38,4,51,46,0,46,97
11/26/2018,CSG,GA,ASO,ES,Towers with Radar,2,5,10,0,17,0,0,26,0,26,2,5,36,0,43,38,0,38,81
11/27/2018,CSG,GA,ASO,ES,Towers with Radar,0,6,10,0,16,0,0,30,2,32,0,6,40,2,48,52,0,52,100
11/28/2018,CSG,GA,ASO,ES,Towers with Radar,0,8,23,0,31,0,1,29,0,30,0,9,52,0,61,44,0,44,105
11/29/2018,CSG,GA,ASO,ES,Towers with Radar,0,5,18,0,23,0,4,44,2,50,0,9,62,2,73,44,10,54,127
11/30/2018,CSG,GA,ASO,ES,Towers with Radar,0,5,15,0,20,0,0,35,0,35,0,5,50,0,55,82,0,82,137
12/01/2018,CSG,GA,ASO,ES,Towers with Radar,0,6,2,0,8,0,0,0,0,0,0,6,2,0,8,0,0,0,8
12/02/2018,CSG,GA,ASO,ES,Towers with Radar,0,8,14,0,22,0,0,19,0,19,0,8,33,0,41,64,0,64,105
12/03/2018,CSG,GA,ASO,ES,Towers with Radar,0,6,22,2,30,0,0,42,0,42,0,6,64,2,72,88,0,88,160
12/04/2018,CSG,GA,ASO,ES,Towers with Radar,0,6,13,0,19,0,1,37,0,38,0,7,50,0,57,77,0,77,134
12/05/2018,CSG,GA,ASO,ES,Towers with Radar,0,9,22,0,31,0,0,27,0,27,0,9,49,0,58,16,0,16,74
12/06/2018,CSG,GA,ASO,ES,Towers with Radar,0,6,25,0,31,0,0,36,0,36,0,6,61,0,67,24,0,24,91
12/07/2018,CSG,GA,ASO,ES,Towers with Radar,2,5,24,0,31,0,0,26,0,26,2,5,50,0,57,36,0,36,93
12/08/2018,CSG,GA,ASO,ES,Towers with Radar,0,3,5,0,8,0,0,0,0,0,0,3,5,0,8,0,0,0,8
12/09/2018,CSG,GA,ASO,ES,Towers with Radar,0,5,11,1,17,0,0,0,0,0,0,5,11,1,17,0,0,0,17
12/10/2018,CSG,GA,ASO,ES,Towers with Radar,0,12,14,1,27,0,0,2,0,2,0,12,16,1,29,10,0,10,39
12/11/2018,CSG,GA,ASO,ES,Towers with Radar,1,5,23,1,30,0,0,47,1,48,1,5,70,2,78,74,0,74,152
12/12/2018,CSG,GA,ASO,ES,Towers with Radar,0,7,21,0,28,0,2,47,0,49,0,9,68,0,77,84,0,84,161
12/13/2018,CSG,GA,ASO,ES,Towers with Radar,0,10,18,2,30,0,0,46,0,46,0,10,64,2,76,102,0,102,178
12/14/2018,CSG,GA,ASO,ES,Towers with Radar,0,4,10,1,15,0,0,0,1,1,0,4,10,2,16,0,0,0,16
12/15/2018,CSG,GA,ASO,ES,Towers with Radar,0,4,6,1,11,0,0,6,0,6,0,4,12,1,17,4,0,4,21
12/16/2018,CSG,GA,ASO,ES,Towers with Radar,0,7,18,0,25,0,0,1,1,2,0,7,19,1,27,0,0,0,27
12/17/2018,CSG,GA,ASO,ES,Towers with Radar,0,5,20,0,25,0,0,63,1,64,0,5,83,1,89,114,0,114,203
12/18/2018,CSG,GA,ASO,ES,Towers with Radar,0,5,22,3,30,0,1,42,0,43,0,6,64,3,73,50,0,50,123
12/19/2018,CSG,GA,ASO,ES,Towers with Radar,0,5,22,0,27,0,0,32,0,32,0,5,54,0,59,88,0,88,147
12/20/2018,CSG,GA,ASO,ES,Towers with Radar,5,10,17,0,32,0,0,0,0,0,5,10,17,0,32,0,0,0,32
12/21/2018,CSG,GA,ASO,ES,Towers with Radar,0,8,11,0,19,0,0,0,0,0,0,8,11,0,19,0,0,0,19
12/22/2018,CSG,GA,ASO,ES,Towers with Radar,0,1,11,0,12,0,0,58,0,58,0,1,69,0,70,130,0,130,200
12/23/2018,CSG,GA,ASO,ES,Towers with Radar,0,4,11,0,15,0,0,15,0,15,0,4,26,0,30,10,0,10,40
12/24/2018,CSG,GA,ASO,ES,Towers with Radar,1,1,1,0,3,0,2,15,0,17,1,3,16,0,20,18,0,18,38
12/25/2018,CSG,GA,ASO,ES,Towers with Radar,0,2,0,0,2,0,0,5,0,5,0,2,5,0,7,2,0,2,9
12/26/2018,CSG,GA,ASO,ES,Towers with Radar,0,2,20,0,22,0,0,32,0,32,0,2,52,0,54,96,0,96,150
12/27/2018,CSG,GA,ASO,ES,Towers with Radar,2,2,4,0,8,0,0,0,0,0,2,2,4,0,8,0,0,0,8
12/28/2018,CSG,GA,ASO,ES,Towers with Radar,0,3,4,0,7,0,0,0,0,0,0,3,4,0,7,0,0,0,7
12/29/2018,CSG,GA,ASO,ES,Towers with Radar,0,4,15,0,19,0,0,5,0,5,0,4,20,0,24,16,0,16,40
12/30/2018,CSG,GA,ASO,ES,Towers with Radar,0,2,2,0,4,0,0,0,0,0,0,2,2,0,4,0,0,0,4
12/31/2018,CSG,GA,ASO,ES,Towers with Radar,1,1,12,0,14,0,0,2,0,2,1,1,14,0,16,2,0,2,18
01/01/2019,CSG,GA,ASO,ES,Towers with Radar,0,2,15,0,17,0,0,0,0,0,0,2,15,0,17,2,0,2,19
01/02/2019,CSG,GA,ASO,ES,Towers with Radar,0,6,15,0,21,0,0,0,0,0,0,6,15,0,21,0,0,0,21
01/03/2019,CSG,GA,ASO,ES,Towers with Radar,2,3,21,0,26,0,0,0,0,0,2,3,21,0,26,0,0,0,26
01/04/2019,CSG,GA,ASO,ES,Towers with Radar,0,6,11,2,19,0,0,4,0,4,0,6,15,2,23,0,0,0,23
01/05/2019,CSG,GA,ASO,ES,Towers with Radar,2,4,19,2,27,0,5,40,0,45,2,9,59,2,72,70,0,70,142
01/06/2019,CSG,GA,ASO,ES,Towers with Radar,0,5,20,0,25,0,0,56,0,56,0,5,76,0,81,46,0,46,127
01/07/2019,CSG,GA,ASO,ES,Towers with Radar,1,5,17,0,23,0,0,45,1,46,1,5,62,1,69,80,0,80,149
01/08/2019,CSG,GA,ASO,ES,Towers with Radar,0,5,25,2,32,0,6,14,0,20,0,11,39,2,52,65,0,65,117
01/09/2019,CSG,GA,ASO,ES,Towers with Radar,0,4,10,2,16,0,0,21,0,21,0,4,31,2,37,30,2,32,69
01/10/2019,CSG,GA,ASO,ES,Towers with Radar,2,5,16,4,27,0,5,25,0,30,2,10,41,4,57,34,0,34,91
01/11/2019,CSG,GA,ASO,ES,Towers with Radar,0,11,17,1,29,0,7,42,0,49,0,18,59,1,78,52,0,52,130
01/12/2019,CSG,GA,ASO,ES,Towers with Radar,0,3,4,0,7,0,0,12,0,12,0,3,16,0,19,30,0,30,49
01/13/2019,CSG,GA,ASO,ES,Towers with Radar,0,6,16,0,22,0,0,0,0,0,0,6,16,0,22,19,0,19,41
01/14/2019,CSG,GA,ASO,ES,Towers with Radar,2,6,14,2,24,0,0,2,2,4,2,6,16,4,28,43,0,43,71
01/15/2019,CSG,GA,ASO,ES,Towers with Radar,1,7,15,0,23,0,0,17,4,21,1,7,32,4,44,44,0,44,88
01/16/2019,CSG,GA,ASO,ES,Towers with Radar,0,6,19,3,28,0,0,40,1,41,0,6,59,4,69,12,0,12,81
01/17/2019,CSG,GA,ASO,ES,Towers with Radar,3,6,15,2,26,0,0,18,0,18,3,6,33,2,44,22,0,22,66
01/18/2019,CSG,GA,ASO,ES,Towers with Radar,0,6,17,0,23,0,0,0,0,0,0,6,17,0,23,36,0,36,59
01/19/2019,CSG,GA,ASO,ES,Towers with Radar,0,6,10,1,17,0,0,0,2,2,0,6,10,3,19,0,0,0,19
01/20/2019,CSG,GA,ASO,ES,Towers with Radar,0,3,12,0,15,0,0,13,0,13,0,3,25,0,28,0,0,0,28
01/21/2019,CSG,GA,ASO,ES,Towers with Radar,2,8,18,0,28,0,0,66,0,66,2,8,84,0,94,84,0,84,178
01/22/2019,CSG,GA,ASO,ES,Towers with Radar,0,9,23,2,34,0,5,30,0,35,0,14,53,2,69,37,0,37,106
01/23/2019,CSG,GA,ASO,ES,Towers with Radar,0,8,7,0,15,0,0,3,0,3,0,8,10,0,18,6,0,6,24
01/24/2019,CSG,GA,ASO,ES,Towers with Radar,2,6,21,0,29,0,0,9,0,9,2,6,30,0,38,4,0,4,42
01/25/2019,CSG,GA,ASO,ES,Towers with Radar,0,7,33,0,40,0,1,55,0,56,0,8,88,0,96,98,0,98,194
01/26/2019,CSG,GA,ASO,ES,Towers with Radar,0,3,12,0,15,0,1,92,0,93,0,4,104,0,108,117,0,117,225
01/27/2019,CSG,GA,ASO,ES,Towers with Radar,0,5,16,2,23,0,0,40,0,40,0,5,56,2,63,64,0,64,127
01/28/2019,CSG,GA,ASO,ES,Towers with Radar,3,7,6,3,19,0,0,25,1,26,3,7,31,4,45,23,0,23,68
01/29/2019,CSG,GA,ASO,ES,Towers with Radar,2,4,9,0,15,0,0,5,0,5,2,4,14,0,20,0,0,0,20
01/30/2019,CSG,GA,ASO,ES,Towers with Radar,0,7,24,0,31,0,4,27,0,31,0,11,51,0,62,82,0,82,144
01/31/2019,CSG,GA,ASO,ES,Towers with Radar,2,5,18,0,25,0,0,38,0,38,2,5,56,0,63,146,0,146,209
02/01/2019,CSG,GA,ASO,ES,Towers with Radar,0,5,24,2,31,0,0,50,0,50,0,5,74,2,81,94,0,94,175
02/02/2019,CSG,GA,ASO,ES,Towers with Radar,2,5,15,0,22,0,1,9,0,10,2,6,24,0,32,56,0,56,88
02/03/2019,CSG,GA,ASO,ES,Towers with Radar,0,3,12,1,16,0,0,14,0,14,0,3,26,1,30,32,0,32,62
02/04/2019,CSG,GA,ASO,ES,Towers with Radar,1,6,17,3,27,0,0,4,0,4,1,6,21,3,31,9,2,11,42
02/05/2019,CSG,GA,ASO,ES,Towers with Radar,0,9,14,6,29,0,0,9,0,9,0,9,23,6,38,34,0,34,72
02/06/2019,CSG,GA,ASO,ES,Towers with Radar,0,8,20,6,34,0,0,4,0,4,0,8,24,6,38,0,0,0,38
02/07/2019,CSG,GA,ASO,ES,Towers with Radar,2,9,38,0,49,0,0,55,2,57,2,9,93,2,106,110,0,110,216
02/08/2019,CSG,GA,ASO,ES,Towers with Radar,0,5,21,0,26,0,0,13,0,13,0,5,34,0,39,14,0,14,53
02/09/2019,CSG,GA,ASO,ES,Towers with Radar,0,7,23,0,30,0,0,58,0,58,0,7,81,0,88,212,0,212,300
02/10/2019,CSG,GA,ASO,ES,Towers with Radar,0,5,41,0,46,0,0,10,0,10,0,5,51,0,56,78,0,78,134
02/11/2019,CSG,GA,ASO,ES,Towers with Radar,3,9,14,0,26,0,0,1,0,1,3,9,15,0,27,20,0,20,47
02/12/2019,CSG,GA,ASO,ES,Towers with Radar,2,6,24,0,32,0,0,0,0,0,2,6,24,0,32,4,0,4,36
02/13/2019,CSG,GA,ASO,ES,Towers with Radar,0,10,20,2,32,0,0,32,0,32,0,10,52,2,64,46,0,46,110
02/14/2019,CSG,GA,ASO,ES,Towers with Radar,2,5,15,0,22,0,2,26,0,28,2,7,41,0,50,56,0,56,106
02/15/2019,CSG,GA,ASO,ES,Towers with Radar,2,5,22,0,29,0,0,4,3,7,2,5,26,3,36,12,10,22,58
02/16/2019,CSG,GA,ASO,ES,Towers with Radar,0,3,18,0,21,0,0,23,0,23,0,3,41,0,44,44,0,44,88
02/17/2019,CSG,GA,ASO,ES,Towers with Radar,0,6,5,0,11,0,0,0,0,0,0,6,5,0,11,0,0,0,11
02/18/2019,CSG,GA,ASO,ES,Towers with Radar,3,7,15,1,26,0,1,44,0,45,3,8,59,1,71,56,0,56,127
02/19/2019,CSG,GA,ASO,ES,Towers with Radar,2,5,13,1,21,0,0,3,0,3,2,5,16,1,24,6,0,6,30
02/20/2019,CSG,GA,ASO,ES,Towers with Radar,0,11,6,0,17,0,0,0,0,0,0,11,6,0,17,0,0,0,17
02/21/2019,CSG,GA,ASO,ES,Towers with Radar,2,11,17,3,33,0,0,1,1,2,2,11,18,4,35,16,0,16,51
02/22/2019,CSG,GA,ASO,ES,Towers with Radar,0,8,20,0,28,0,0,3,1,4,0,8,23,1,32,40,0,40,72
02/23/2019,CSG,GA,ASO,ES,Towers with Radar,0,8,10,0,18,0,0,10,0,10,0,8,20,0,28,48,0,48,76
02/24/2019,CSG,GA,ASO,ES,Towers with Radar,0,5,13,0,18,0,0,21,1,22,0,5,34,1,40,26,0,26,66
02/25/2019,CSG,GA,ASO,ES,Towers with Radar,4,5,14,2,25,0,1,37,1,39,4,6,51,3,64,96,0,96,160
02/26/2019,CSG,GA,ASO,ES,Towers with Radar,0,5,27,0,32,0,0,53,0,53,0,5,80,0,85,73,0,73,158
02/27/2019,CSG,GA,ASO,ES,Towers with Radar,1,11,18,0,30,0,1,8,0,9,1,12,26,0,39,10,0,10,49
02/28/2019,CSG,GA,ASO,ES,Towers with Radar,2,5,19,0,26,0,0,3,0,3,2,5,22,0,29,46,0,46,75
03/01/2019,CSG,GA,ASO,ES,Towers with Radar,0,7,15,0,22,0,0,1,0,1,0,7,16,0,23,0,0,0,23
03/02/2019,CSG,GA,ASO,ES,Towers with Radar,0,12,33,6,51,0,0,8,1,9,0,12,41,7,60,124,0,124,184
03/03/2019,CSG,GA,ASO,ES,Towers with Radar,0,6,6,0,12,0,0,0,0,0,0,6,6,0,12,18,0,18,30
03/04/2019,CSG,GA,ASO,ES,Towers with Radar,2,7,13,0,22,0,2,18,0,20,2,9,31,0,42,38,0,38,80
03/05/2019,CSG,GA,ASO,ES,Towers with Radar,0,13,8,3,24,0,1,46,3,50,0,14,54,6,74,56,12,68,142
03/06/2019,CSG,GA,ASO,ES,Towers with Radar,0,6,24,3,33,0,5,57,0,62,0,11,81,3,95,82,0,82,177
03/07/2019,CSG,GA,ASO,ES,Towers with Radar,2,8,18,0,28,0,6,47,0,53,2,14,65,0,81,92,0,92,173
03/08/2019,CSG,GA,ASO,ES,Towers with Radar,0,9,17,2,28,0,0,13,0,13,0,9,30,2,41,28,0,28,69
03/09/2019,CSG,GA,ASO,ES,Towers with Radar,0,7,16,2,25,0,0,24,0,24,0,7,40,2,49,41,0,41,90
03/10/2019,CSG,GA,ASO,ES,Towers with Radar,0,8,12,0,20,0,0,4,0,4,0,8,16,0,24,0,0,0,24
03/11/2019,CSG,GA,ASO,ES,Towers with Radar,5,10,19,0,34,0,0,0,0,0,5,10,19,0,34,0,0,0,34
03/12/2019,CSG,GA,ASO,ES,Towers with Radar,1,9,25,0,35,0,0,56,2,58,1,9,81,2,93,114,0,114,207
03/13/2019,CSG,GA,ASO,ES,Towers with Radar,0,14,28,1,43,0,2,14,6,22,0,16,42,7,65,18,2,20,85
03/14/2019,CSG,GA,ASO,ES,Towers with Radar,3,6,22,0,31,0,2,14,0,16,3,8,36,0,47,26,0,26,73
03/15/2019,CSG,GA,ASO,ES,Towers with Radar,3,4,12,5,24,0,0,8,0,8,3,4,20,5,32,30,0,30,62
03/16/2019,CSG,GA,ASO,ES,Towers with Radar,0,5,11,0,16,0,3,37,1,41,0,8,48,1,57,44,0,44,101
03/17/2019,CSG,GA,ASO,ES,Towers with Radar,0,11,16,1,28,0,0,51,0,51,0,11,67,1,79,102,0,102,181
03/18/2019,CSG,GA,ASO,ES,Towers with Radar,2,7,9,0,18,0,1,25,3,29,2,8,34,3,47,66,0,66,113
03/19/2019,CSG,GA,ASO,ES,Towers with Radar,0,9,19,0,28,0,1,35,0,36,0,10,54,0,64,72,0,72,136
03/20/2019,CSG,GA,ASO,ES,Towers with Radar,0,13,26,0,39,0,1,60,0,61,0,14,86,0,100,40,0,40,140
03/21/2019,CSG,GA,ASO,ES,Towers with Radar,1,7,24,4,36,0,0,31,0,31,1,7,55,4,67,22,0,22,89
03/22/2019,CSG,GA,ASO,ES,Towers with Radar,0,7,19,0,26,0,0,48,0,48,0,7,67,0,74,28,0,28,102
03/23/2019,CSG,GA,ASO,ES,Towers with Radar,0,5,21,2,28,0,0,61,0,61,0,5,82,2,89,129,0,129,218
03/24/2019,CSG,GA,ASO,ES,Towers with Radar,2,10,28,0,40,0,0,42,0,42,2,10,70,0,82,82,0,82,164
03/25/2019,CSG,GA,ASO,ES,Towers with Radar,6,8,20,3,37,0,0,10,0,10,6,8,30,3,47,24,0,24,71
03/26/2019,CSG,GA,ASO,ES,Towers with Radar,0,8,19,0,27,0,4,14,0,18,0,12,33,0,45,52,0,52,97
03/27/2019,CSG,GA,ASO,ES,Towers with Radar,0,9,15,0,24,0,1,35,0,36,0,10,50,0,60,68,0,68,128
03/28/2019,CSG,GA,ASO,ES,Towers with Radar,2,10,19,4,35,0,2,35,0,37,2,12,54,4,72,54,0,54,126
03/29/2019,CSG,GA,ASO,ES,Towers with Radar,0,11,20,4,35,0,5,29,0,34,0,16,49,4,69,50,0,50,119
03/30/2019,CSG,GA,ASO,ES,Towers with Radar,0,10,21,4,35,0,0,40,0,40,0,10,61,4,75,96,0,96,171
03/31/2019,CSG,GA,ASO,ES,Towers with Radar,0,15,15,0,30,0,0,6,0,6,0,15,21,0,36,22,0,22,58
04/01/2019,CSG,GA,ASO,ES,Towers with Radar,6,10,16,0,32,0,1,40,0,41,6,11,56,0,73,40,0,40,113
04/02/2019,CSG,GA,ASO,ES,Towers with Radar,0,9,30,0,39,0,2,51,0,53,0,11,81,0,92,40,0,40,132
04/03/2019,CSG,GA,ASO,ES,Towers with Radar,0,13,17,3,33,0,0,40,0,40,0,13,57,3,73,2,0,2,75
04/04/2019,CSG,GA,ASO,ES,Towers with Radar,2,12,17,4,35,0,0,20,0,20,2,12,37,4,55,30,0,30,85
04/05/2019,CSG,GA,ASO,ES,Towers with Radar,0,13,10,0,23,0,0,5,0,5,0,13,15,0,28,44,0,44,72
04/06/2019,CSG,GA,ASO,ES,Towers with Radar,0,10,16,0,26,0,0,0,0,0,0,10,16,0,26,0,0,0,26
04/07/2019,CSG,GA,ASO,ES,Towers with Radar,0,11,26,0,37,0,0,26,8,34,0,11,52,8,71,114,0,114,185
04/08/2019,CSG,GA,ASO,ES,Towers with Radar,4,9,10,0,23,0,0,8,0,8,4,9,18,0,31,70,0,70,101
04/09/2019,CSG,GA,ASO,ES,Towers with Radar,1,5,31,0,37,0,0,7,0,7,1,5,38,0,44,38,0,38,82
04/10/2019,CSG,GA,ASO,ES,Towers with Radar,2,8,23,0,33,0,0,62,0,62,2,8,85,0,95,48,0,48,143
04/11/2019,CSG,GA,ASO,ES,Towers with Radar,2,8,23,2,35,0,0,43,1,44,2,8,66,3,79,52,0,52,131
04/12/2019,CSG,GA,ASO,ES,Towers with Radar,0,10,22,0,32,0,0,20,0,20,0,10,42,0,52,66,0,66,118
04/13/2019,CSG,GA,ASO,ES,Towers with Radar,0,5,16,2,23,0,0,29,0,29,0,5,45,2,52,76,0,76,128
04/14/2019,CSG,GA,ASO,ES,Towers with Radar,2,7,9,0,18,0,0,0,0,0,2,7,9,0,18,0,0,0,18
04/15/2019,CSG,GA,ASO,ES,Towers with Radar,3,12,15,0,30,0,0,34,0,34,3,12,49,0,64,63,0,63,127
04/16/2019,CSG,GA,ASO,ES,Towers with Radar,0,9,24,2,35,0,1,43,4,48,0,10,67,6,83,60,0,60,143
04/17/2019,CSG,GA,ASO,ES,Towers with Radar,0,10,13,2,25,0,0,47,0,47,0,10,60,2,72,58,0,58,130
04/18/2019,CSG,GA,ASO,ES,Towers with Radar,1,11,16,4,32,0,1,16,0,17,1,12,32,4,49,38,0,38,87
04/19/2019,CSG,GA,ASO,ES,Towers with Radar,0,8,11,0,19,0,0,4,0,4,0,8,15,0,23,8,0,8,31
04/20/2019,CSG,GA,ASO,ES,Towers with Radar,0,5,11,0,16,0,0,2,0,2,0,5,13,0,18,16,0,16,34
04/21/2019,CSG,GA,ASO,ES,Towers with Radar,0,7,17,0,24,0,1,31,0,32,0,8,48,0,56,51,0,51,107
04/22/2019,CSG,GA,ASO,ES,Towers with Radar,2,9,24,2,37,0,2,44,2,48,2,11,68,4,85,156,0,156,241
04/23/2019,CSG,GA,ASO,ES,Towers with Radar,1,8,21,3,33,0,2,46,2,50,1,10,67,5,83,76,0,76,159
04/24/2019,CSG,GA,ASO,ES,Towers with Radar,0,7,21,2,30,0,0,33,0,33,0,7,54,2,63,64,0,64,127
04/25/2019,CSG,GA,ASO,ES,Towers with Radar,1,8,23,0,32,0,0,24,0,24,1,8,47,0,56,24,0,24,80
04/26/2019,CSG,GA,ASO,ES,Towers with Radar,0,11,19,0,30,0,0,14,0,14,0,11,33,0,44,6,0,6,50
04/27/2019,CSG,GA,ASO,ES,Towers with Radar,0,8,23,2,33,0,0,78,0,78,0,8,101,2,111,130,0,130,241
04/28/2019,CSG,GA,ASO,ES,Towers with Radar,2,13,17,0,32,0,1,50,0,51,2,14,67,0,83,101,0,101,184
04/29/2019,CSG,GA,ASO,ES,Towers with Radar,1,12,11,0,24,0,0,41,0,41,1,12,52,0,65,78,0,78,143
04/30/2019,CSG,GA,ASO,ES,Towers with Radar,0,13,16,0,29,0,0,40,0,40,0,13,56,0,69,56,0,56,125
05/01/2019,CSG,GA,ASO,ES,Towers with Radar,0,8,16,1,25,0,1,22,0,23,0,9,38,1,48,42,0,42,90
05/02/2019,CSG,GA,ASO,ES,Towers with Radar,4,7,29,3,43,0,0,31,0,31,4,7,60,3,74,50,0,50,124
05/03/2019,CSG,GA,ASO,ES,Towers with Radar,0,9,29,0,38,0,0,13,0,13,0,9,42,0,51,92,0,92,143
05/04/2019,CSG,GA,ASO,ES,Towers with Radar,0,6,6,0,12,0,0,9,0,9,0,6,15,0,21,52,0,52,73
05/05/2019,CSG,GA,ASO,ES,Towers with Radar,0,11,14,0,25,0,2,14,0,16,0,13,28,0,41,28,0,28,69
05/06/2019,CSG,GA,ASO,ES,Towers with Radar,4,7,22,2,35,0,4,28,0,32,4,11,50,2,67,96,0,96,163
05/07/2019,CSG,GA,ASO,ES,Towers with Radar,1,7,19,0,27,0,0,28,1,29,1,7,47,1,56,118,0,118,174
05/08/2019,CSG,GA,ASO,ES,Towers with Radar,0,9,13,2,24,0,0,30,0,30,0,9,43,2,54,52,0,52,106
05/09/2019,CSG,GA,ASO,ES,Towers with Radar,1,6,14,2,23,0,0,18,2,20,1,6,32,4,43,34,0,34,77
05/10/2019,CSG,GA,ASO,ES,Towers with Radar,0,10,23,0,33,0,0,14,0,14,0,10,37,0,47,46,0,46,93
05/11/2019,CSG,GA,ASO,ES,Towers with Radar,0,5,11,0,16,0,0,9,0,9,0,5,20,0,25,60,0,60,85
05/12/2019,CSG,GA,ASO,ES,Towers with Radar,0,6,8,0,14,0,0,0,0,0,0,6,8,0,14,0,0,0,14
05/13/2019,CSG,GA,ASO,ES,Towers with Radar,4,7,16,0,27,0,1,36,2,39,4,8,52,2,66,79,0,79,145
05/14/2019,CSG,GA,ASO,ES,Towers with Radar,1,7,21,0,29,0,0,46,0,46,1,7,67,0,75,125,0,125,200
05/15/2019,CSG,GA,ASO,ES,Towers with Radar,1,8,20,0,29,0,0,40,0,40,1,8,60,0,69,111,0,111,180
05/16/2019,CSG,GA,ASO,ES,Towers with Radar,2,7,14,0,23,0,0,21,0,21,2,7,35,0,44,64,0,64,108
05/17/2019,CSG,GA,ASO,ES,Towers with Radar,0,8,20,2,30,0,0,22,0,22,0,8,42,2,52,24,8,32,84
05/18/2019,CSG,GA,ASO,ES,Towers with Radar,0,5,7,0,12,0,0,27,0,27,0,5,34,0,39,55,0,55,94
05/19/2019,CSG,GA,ASO,ES,Towers with Radar,0,7,16,3,26,0,0,29,0,29,0,7,45,3,55,104,0,104,159
05/20/2019,CSG,GA,ASO,ES,Towers with Radar,4,11,12,0,27,0,0,32,0,32,4,11,44,0,59,24,0,24,83
05/21/2019,CSG,GA,ASO,ES,Towers with Radar,3,7,14,0,24,0,1,39,2,42,3,8,53,2,66,54,0,54,120
05/22/2019,CSG,GA,ASO,ES,Towers with Radar,0,9,20,2,31,0,2,28,0,30,0,11,48,2,61,116,0,116,177
05/23/2019,CSG,GA,ASO,ES,Towers with Radar,2,7,30,0,39,0,2,42,0,44,2,9,72,0,83,106,0,106,189
05/24/2019,CSG,GA,ASO,ES,Towers with Radar,2,7,23,2,34,0,0,44,0,44,2,7,67,2,78,77,0,77,155
05/25/2019,CSG,GA,ASO,ES,Towers with Radar,0,7,7,0,14,0,11,53,0,64,0,18,60,0,78,10,0,10,88
05/26/2019,CSG,GA,ASO,ES,Towers with Radar,0,6,7,0,13,0,0,8,0,8,0,6,15,0,21,40,0,40,61
05/27/2019,CSG,GA,ASO,ES,Towers with Radar,3,7,9,0,19,0,0,24,0,24,3,7,33,0,43,14,0,14,57
05/28/2019,CSG,GA,ASO,ES,Towers with Radar,0,7,13,0,20,0,0,36,0,36,0,7,49,0,56,28,0,28,84
05/29/2019,CSG,GA,ASO,ES,Towers with Radar,0,7,15,0,22,0,0,27,0,27,0,7,42,0,49,24,0,24,73
05/30/2019,CSG,GA,ASO,ES,Towers with Radar,2,10,13,0,25,0,0,17,0,17,2,10,30,0,42,54,0,54,96
05/31/2019,CSG,GA,ASO,ES,Towers with Radar,0,7,17,0,24,0,3,16,0,19,0,10,33,0,43,66,0,66,109
06/01/2019,CSG,GA,ASO,ES,Towers with Radar,0,7,9,0,16,0,0,23,0,23,0,7,32,0,39,50,0,50,89
06/02/2019,CSG,GA,ASO,ES,Towers with Radar,0,8,7,1,16,0,0,29,0,29,0,8,36,1,45,56,0,56,101
06/03/2019,CSG,GA,ASO,ES,Towers with Radar,3,7,18,2,30,0,1,44,0,45,3,8,62,2,75,46,0,46,121
06/04/2019,CSG,GA,ASO,ES,Towers with Radar,0,8,20,0,28,0,0,39,2,41,0,8,59,2,69,58,22,80,149
06/05/2019,CSG,GA,ASO,ES,Towers with Radar,0,11,12,0,23,0,0,14,0,14,0,11,26,0,37,62,0,62,99
06/06/2019,CSG,GA,ASO,ES,Towers with Radar,1,7,13,0,21,0,0,2,0,2,1,7,15,0,23,0,0,0,23
06/07/2019,CSG,GA,ASO,ES,Towers with Radar,1,9,25,0,35,0,0,3,0,3,1,9,28,0,38,0,0,0,38
06/08/2019,CSG,GA,ASO,ES,Towers with Radar,2,9,5,0,16,0,0,0,0,0,2,9,5,0,16,0,0,0,16
06/09/2019,CSG,GA,ASO,ES,Towers with Radar,0,6,13,0,19,0,0,2,0,2,0,6,15,0,21,28,0,28,49
06/10/2019,CSG,GA,ASO,ES,Towers with Radar,4,6,10,0,20,0,0,6,0,6,4,6,16,0,26,12,0,12,38
06/11/2019,CSG,GA,ASO,ES,Towers with Radar,2,2,30,0,34,0,0,43,0,43,2,2,73,0,77,50,0,50,127
06/12/2019,CSG,GA,ASO,ES,Towers with Radar,2,6,22,0,30,0,0,11,0,11,2,6,33,0,41,40,0,40,81
06/13/2019,CSG,GA,ASO,ES,Towers with Radar,1,7,26,0,34,0,0,37,0,37,1,7,63,0,71,88,0,88,159
06/14/2019,CSG,GA,ASO,ES,Towers with Radar,0,10,11,2,23,0,0,38,0,38,0,10,49,2,61,22,0,22,83
06/15/2019,CSG,GA,ASO,ES,Towers with Radar,0,5,5,2,12,0,0,29,0,29,0,5,34,2,41,76,0,76,117
06/16/2019,CSG,GA,ASO,ES,Towers with Radar,0,9,9,0,18,0,0,48,0,48,0,9,57,0,66,18,0,18,84
06/17/2019,CSG,GA,ASO,ES,Towers with Radar,3,7,27,2,39,0,0,37,0,37,3,7,64,2,76,38,0,38,114
06/18/2019,CSG,GA,ASO,ES,Towers with Radar,0,9,14,0,23,0,0,7,0,7,0,9,21,0,30,4,0,4,34
06/19/2019,CSG,GA,ASO,ES,Towers with Radar,0,7,28,0,35,0,9,12,0,21,0,16,40,0,56,18,0,18,74
06/20/2019,CSG,GA,ASO,ES,Towers with Radar,1,9,21,0,31,0,5,14,0,19,1,14,35,0,50,12,0,12,62
06/21/2019,CSG,GA,ASO,ES,Towers with Radar,0,10,22,0,32,0,0,30,0,30,0,10,52,0,62,30,0,30,92
06/22/2019,CSG,GA,ASO,ES,Towers with Radar,0,4,8,0,12,0,0,5,0,5,0,4,13,0,17,14,0,14,31
06/23/2019,CSG,GA,ASO,ES,Towers with Radar,2,8,12,0,22,0,1,31,0,32,2,9,43,0,54,75,0,75,129
06/24/2019,CSG,GA,ASO,ES,Towers with Radar,7,7,21,0,35,0,0,22,0,22,7,7,43,0,57,4,0,4,61
06/25/2019,CSG,GA,ASO,ES,Towers with Radar,1,7,17,0,25,0,0,30,0,30,1,7,47,0,55,38,0,38,93
06/26/2019,CSG,GA,ASO,ES,Towers with Radar,0,6,19,2,27,0,0,37,0,37,0,6,56,2,64,122,0,122,186
06/27/2019,CSG,GA,ASO,ES,Towers with Radar,0,7,23,1,31,0,0,35,0,35,0,7,58,1,66,30,0,30,96
06/28/2019,CSG,GA,ASO,ES,Towers with Radar,4,5,16,0,25,0,0,38,1,39,4,5,54,1,64,74,0,74,138
06/29/2019,CSG,GA,ASO,ES,Towers with Radar,0,5,19,0,24,0,0,53,0,53,0,5,72,0,77,42,0,42,119
06/30/2019,CSG,GA,ASO,ES,Towers with Radar,0,5,12,0,17,0,0,35,0,35,0,5,47,0,52,60,0,60,112
07/01/2019,CSG,GA,ASO,ES,Towers with Radar,1,5,10,1,17,0,0,43,0,43,1,5,53,1,60,92,0,92,152
07/02/2019,CSG,GA,ASO,ES,Towers with Radar,2,5,16,0,23,0,1,30,0,31,2,6,46,0,54,50,0,50,104
07/03/2019,CSG,GA,ASO,ES,Towers with Radar,0,5,13,0,18,0,1,28,0,29,0,6,41,0,47,94,0,94,141
07/04/2019,CSG,GA,ASO,ES,Towers with Radar,0,5,4,0,9,0,0,31,0,31,0,5,35,0,40,14,0,14,54
07/05/2019,CSG,GA,ASO,ES,Towers with Radar,0,6,7,0,13,0,0,27,0,27,0,6,34,0,40,56,0,56,96
07/06/2019,CSG,GA,ASO,ES,Towers with Radar,0,5,8,0,13,0,0,10,0,10,0,5,18,0,23,50,0,50,73
07/07/2019,CSG,GA,ASO,ES,Towers with Radar,1,6,20,0,27,0,0,18,0,18,1,6,38,0,45,32,0,32,77
07/08/2019,CSG,GA,ASO,ES,Towers with Radar,2,6,13,0,21,0,3,21,0,24,2,9,34,0,45,44,0,44,89
07/09/2019,CSG,GA,ASO,ES,Towers with Radar,0,7,14,2,23,0,0,16,0,16,0,7,30,2,39,18,0,18,57
07/10/2019,CSG,GA,ASO,ES,Towers with Radar,0,10,16,0,26,0,0,9,0,9,0,10,25,0,35,24,0,24,59
07/11/2019,CSG,GA,ASO,ES,Towers with Radar,0,7,20,0,27,0,0,19,0,19,0,7,39,0,46,24,0,24,70
07/12/2019,CSG,GA,ASO,ES,Towers with Radar,0,5,13,0,18,0,0,10,0,10,0,5,23,0,28,22,0,22,50
07/13/2019,CSG,GA,ASO,ES,Towers with Radar,0,5,25,2,32,0,0,11,0,11,0,5,36,2,43,18,0,18,61
07/14/2019,CSG,GA,ASO,ES,Towers with Radar,0,7,8,0,15,0,0,26,0,26,0,7,34,0,41,39,0,39,80
07/15/2019,CSG,GA,ASO,ES,Towers with Radar,2,7,8,0,17,0,0,28,0,28,2,7,36,0,45,34,0,34,79
07/16/2019,CSG,GA,ASO,ES,Towers with Radar,0,9,11,2,22,0,0,27,0,27,0,9,38,2,49,34,0,34,83
07/17/2019,CSG,GA,ASO,ES,Towers with Radar,0,9,19,4,32,0,2,41,0,43,0,11,60,4,75,68,0,68,143
07/18/2019,CSG,GA,ASO,ES,Towers with Radar,1,10,19,2,32,0,0,26,0,26,1,10,45,2,58,34,0,34,92
07/19/2019,CSG,GA,ASO,ES,Towers with Radar,0,2,19,0,21,0,0,17,0,17,0,2,36,0,38,14,0,14,52
07/20/2019,CSG,GA,ASO,ES,Towers with Radar,2,6,18,4,30,0,0,14,0,14,2,6,32,4,44,62,0,62,106
07/21/2019,CSG,GA,ASO,ES,Towers with Radar,0,8,17,1,26,0,0,19,0,19,0,8,36,1,45,36,0,36,81
07/22/2019,CSG,GA,ASO,ES,Towers with Radar,3,9,18,3,33,0,5,20,0,25,3,14,38,3,58,49,0,49,107
07/23/2019,CSG,GA,ASO,ES,Towers with Radar,0,6,12,0,18,0,0,0,0,0,0,6,12,0,18,6,0,6,24
07/24/2019,CSG,GA,ASO,ES,Towers with Radar,0,10,11,0,21,0,0,19,0,19,0,10,30,0,40,28,0,28,68
07/25/2019,CSG,GA,ASO,ES,Towers with Radar,2,6,22,2,32,0,0,36,0,36,2,6,58,2,68,28,0,28,96
07/26/2019,CSG,GA,ASO,ES,Towers with Radar,0,7,15,0,22,0,0,21,0,21,0,7,36,0,43,32,0,32,75
07/27/2019,CSG,GA,ASO,ES,Towers with Radar,0,7,14,2,23,0,2,70,0,72,0,9,84,2,95,36,0,36,131
07/28/2019,CSG,GA,ASO,ES,Towers with Radar,2,6,9,0,17,0,0,34,0,34,2,6,43,0,51,44,0,44,95
07/29/2019,CSG,GA,ASO,ES,Towers with Radar,4,13,18,0,35,0,1,22,1,24,4,14,40,1,59,60,0,60,119
07/30/2019,CSG,GA,ASO,ES,Towers with Radar,0,6,17,0,23,0,0,17,0,17,0,6,34,0,40,40,0,40,80
07/31/2019,CSG,GA,ASO,ES,Towers with Radar,0,8,13,2,23,0,1,34,0,35,0,9,47,2,58,92,0,92,150
08/01/2019,CSG,GA,ASO,ES,Towers with Radar,1,7,18,0,26,0,0,9,0,9,1,7,27,0,35,34,0,34,69
08/02/2019,CSG,GA,ASO,ES,Towers with Radar,0,8,15,2,25,0,0,4,0,4,0,8,19,2,29,30,0,30,59
08/03/2019,CSG,GA,ASO,ES,Towers with Radar,2,6,10,0,18,0,0,12,0,12,2,6,22,0,30,50,0,50,80
08/04/2019,CSG,GA,ASO,ES,Towers with Radar,0,6,12,0,18,0,1,10,1,12,0,7,22,1,30,64,0,64,94
08/05/2019,CSG,GA,ASO,ES,Towers with Radar,4,9,9,2,24,0,0,4,0,4,4,9,13,2,28,26,0,26,54
08/06/2019,CSG,GA,ASO,ES,Towers with Radar,1,10,29,0,40,0,1,30,0,31,1,11,59,0,71,36,0,36,107
08/07/2019,CSG,GA,ASO,ES,Towers with Radar,0,8,11,0,19,0,0,25,0,25,0,8,36,0,44,32,0,32,76
08/08/2019,CSG,GA,ASO,ES,Towers with Radar,2,7,20,2,31,0,0,21,0,21,2,7,41,2,52,28,0,28,80
08/09/2019,CSG,GA,ASO,ES,Towers with Radar,0,12,18,0,30,0,2,22,0,24,0,14,40,0,54,50,0,50,104
08/10/2019,CSG,GA,ASO,ES,Towers with Radar,0,6,1,0,7,0,0,25,0,25,0,6,26,0,32,25,0,25,57
08/11/2019,CSG,GA,ASO,ES,Towers with Radar,0,6,18,0,24,0,0,9,0,9,0,6,27,0,33,0,0,0,33
08/12/2019,CSG,GA,ASO,ES,Towers with Radar,3,6,14,0,23,0,0,14,0,14,3,6,28,0,37,20,0,20,57
08/13/2019,CSG,GA,ASO,ES,Towers with Radar,4,4,15,2,25,0,0,23,2,25,4,4,38,4,50,22,0,22,72
08/14/2019,CSG,GA,ASO,ES,Towers with Radar,0,9,25,0,34,0,0,23,0,23,0,9,48,0,57,44,0,44,101
08/15/2019,CSG,GA,ASO,ES,Towers with Radar,0,10,29,11,50,0,1,18,0,19,0,11,47,11,69,60,0,60,129
08/16/2019,CSG,GA,ASO,ES,Towers with Radar,0,6,17,1,24,0,0,45,1,46,0,6,62,2,70,24,0,24,94
08/17/2019,CSG,GA,ASO,ES,Towers with Radar,0,5,14,0,19,0,0,29,0,29,0,5,43,0,48,26,0,26,74
08/18/2019,CSG,GA,ASO,ES,Towers with Radar,0,7,24,0,31,0,0,12,0,12,0,7,36,0,43,22,0,22,65
08/19/2019,CSG,GA,ASO,ES,Towers with Radar,3,7,13,0,23,0,0,5,0,5,3,7,18,0,28,0,0,0,28
08/20/2019,CSG,GA,ASO,ES,Towers with Radar,1,6,17,0,24,0,0,21,0,21,1,6,38,0,45,35,0,35,80
08/21/2019,CSG,GA,ASO,ES,Towers with Radar,0,10,16,0,26,0,1,37,0,38,0,11,53,0,64,74,0,74,138
08/22/2019,CSG,GA,ASO,ES,Towers with Radar,2,10,22,0,34,0,0,32,0,32,2,10,54,0,66,82,0,82,148
08/23/2019,CSG,GA,ASO,ES,Towers with Radar,0,8,12,0,20,0,0,20,2,22,0,8,32,2,42,56,0,56,98
08/24/2019,CSG,GA,ASO,ES,Towers with Radar,0,6,8,0,14,0,0,38,0,38,0,6,46,0,52,39,0,39,91
08/25/2019,CSG,GA,ASO,ES,Towers with Radar,0,8,17,0,25,0,0,0,0,0,0,8,17,0,25,0,0,0,25
08/26/2019,CSG,GA,ASO,ES,Towers with Radar,3,8,15,0,26,0,0,0,2,2,3,8,15,2,28,0,0,0,28
08/27/2019,CSG,GA,ASO,ES,Towers with Radar,0,10,14,0,24,0,0,7,0,7,0,10,21,0,31,12,0,12,43
08/28/2019,CSG,GA,ASO,ES,Towers with Radar,0,7,19,0,26,5,2,29,2,38,5,9,48,2,64,86,0,86,150
08/29/2019,CSG,GA,ASO,ES,Towers with Radar,2,7,24,0,33,0,1,48,4,53,2,8,72,4,86,68,0,68,154
08/30/2019,CSG,GA,ASO,ES,Towers with Radar,0,7,65,0,72,0,3,40,0,43,0,10,105,0,115,40,0,40,155
08/31/2019,CSG,GA,ASO,ES,Towers with Radar,0,3,10,0,13,0,0,33,0,33,0,3,43,0,46,4,0,4,50
09/01/2019,CSG,GA,ASO,ES,Towers with Radar,0,3,11,0,14,0,0,7,0,7,0,3,18,0,21,16,0,16,37
09/02/2019,CSG,GA,ASO,ES,Towers with Radar,1,5,12,0,18,0,0,16,2,18,1,5,28,2,36,60,0,60,96
09/03/2019,CSG,GA,ASO,ES,Towers with Radar,0,5,10,0,15,0,0,27,3,30,0,5,37,3,45,27,0,27,72
09/04/2019,CSG,GA,ASO,ES,Towers with Radar,0,7,14,0,21,0,0,19,0,19,0,7,33,0,40,62,0,62,102
09/05/2019,CSG,GA,ASO,ES,Towers with Radar,1,6,60,4,71,0,0,20,1,21,1,6,80,5,92,26,0,26,118
09/06/2019,CSG,GA,ASO,ES,Towers with Radar,0,4,24,0,28,0,2,32,2,36,0,6,56,2,64,31,0,31,95
09/07/2019,CSG,GA,ASO,ES,Towers with Radar,0,3,17,0,20,0,0,35,0,35,0,3,52,0,55,74,0,74,129
09/08/2019,CSG,GA,ASO,ES,Towers with Radar,0,7,19,0,26,0,3,20,0,23,0,10,39,0,49,22,0,22,71
09/09/2019,CSG,GA,ASO,ES,Towers with Radar,3,7,13,0,23,0,0,17,3,20,3,7,30,3,43,38,6,44,87
09/10/2019,CSG,GA,ASO,ES,Towers with Radar,2,10,12,1,25,0,3,28,0,31,2,13,40,1,56,56,0,56,112
09/11/2019,CSG,GA,ASO,ES,Towers with Radar,0,7,22,2,31,0,0,42,0,42,0,7,64,2,73,14,0,14,87
09/12/2019,CSG,GA,ASO,ES,Towers with Radar,2,7,22,3,34,0,1,38,1,40,2,8,60,4,74,26,0,26,100
09/13/2019,CSG,GA,ASO,ES,Towers with Radar,0,6,23,0,29,0,0,27,2,29,0,6,50,2,58,42,0,42,100
09/14/2019,CSG,GA,ASO,ES,Towers with Radar,0,5,18,0,23,0,5,24,0,29,0,10,42,0,52,62,0,62,114
09/15/2019,CSG,GA,ASO,ES,Towers with Radar,0,7,11,0,18,0,0,9,1,10,0,7,20,1,28,102,0,102,130
09/16/2019,CSG,GA,ASO,ES,Towers with Radar,4,6,20,0,30,0,0,39,0,39,4,6,59,0,69,88,0,88,157
09/17/2019,CSG,GA,ASO,ES,Towers with Radar,1,10,11,0,22,0,0,28,0,28,1,10,39,0,50,20,0,20,70
09/18/2019,CSG,GA,ASO,ES,Towers with Radar,0,11,18,6,35,0,1,39,1,41,0,12,57,7,76,36,0,36,112
09/19/2019,CSG,GA,ASO,ES,Towers with Radar,1,8,29,2,40,0,1,15,0,16,1,9,44,2,56,12,0,12,68
09/20/2019,CSG,GA,ASO,ES,Towers with Radar,0,9,14,0,23,0,0,36,0,36,0,9,50,0,59,68,0,68,127
09/21/2019,CSG,GA,ASO,ES,Towers with Radar,0,4,12,0,16,0,0,26,2,28,0,4,38,2,44,78,0,78,122
09/22/2019,CSG,GA,ASO,ES,Towers with Radar,0,7,20,0,27,0,1,15,1,17,0,8,35,1,44,83,0,83,127
09/23/2019,CSG,GA,ASO,ES,Towers with Radar,3,9,13,0,25,0,0,24,0,24,3,9,37,0,49,41,0,41,90
09/24/2019,CSG,GA,ASO,ES,Towers with Radar,2,7,22,0,31,0,2,21,0,23,2,9,43,0,54,46,0,46,100
09/25/2019,CSG,GA,ASO,ES,Towers with Radar,0,9,19,0,28,0,0,29,2,31,0,9,48,2,59,50,0,50,109
09/26/2019,CSG,GA,ASO,ES,Towers with Radar,2,6,17,0,25,0,1,22,0,23,2,7,39,0,48,94,0,94,142
09/27/2019,CSG,GA,ASO,ES,Towers with Radar,2,8,23,1,34,0,1,23,5,29,2,9,46,6,63,52,0,52,115
09/28/2019,CSG,GA,ASO,ES,Towers with Radar,0,6,11,4,21,0,0,33,0,33,0,6,44,4,54,10,0,10,64
09/29/2019,CSG,GA,ASO,ES,Towers with Radar,2,7,17,0,26,0,1,29,0,30,2,8,46,0,56,98,0,98,154
09/30/2019,CSG,GA,ASO,ES,Towers with Radar,2,7,21,0,30,1,0,34,4,39,3,7,55,4,69,50,8,58,127
10/01/2019,CSG,GA,ASO,ES,Towers with Radar,1,7,11,0,19,0,0,36,0,36,1,7,47,0,55,52,0,52,107
10/02/2019,CSG,GA,ASO,ES,Towers with Radar,2,6,16,2,26,0,2,22,2,26,2,8,38,4,52,28,0,28,80
10/03/2019,CSG,GA,ASO,ES,Towers with Radar,1,8,20,0,29,0,0,31,0,31,1,8,51,0,60,106,0,106,166
10/04/2019,CSG,GA,ASO,ES,Towers with Radar,2,7,25,0,34,0,1,29,0,30,2,8,54,0,64,52,0,52,116
10/05/2019,CSG,GA,ASO,ES,Towers with Radar,0,5,7,2,14,0,0,13,2,15,0,5,20,4,29,52,0,52,81
10/06/2019,CSG,GA,ASO,ES,Towers with Radar,0,8,18,1,27,0,3,16,0,19,0,11,34,1,46,44,0,44,90
10/07/2019,CSG,GA,ASO,ES,Towers with Radar,4,4,9,6,23,0,3,21,2,26,4,7,30,8,49,49,0,49,98
10/08/2019,CSG,GA,ASO,ES,Towers with Radar,0,9,15,0,24,0,2,29,1,32,0,11,44,1,56,66,0,66,122
10/09/2019,CSG,GA,ASO,ES,Towers with Radar,0,7,14,2,23,0,0,12,0,12,0,7,26,2,35,42,0,42,77
10/10/2019,CSG,GA,ASO,ES,Towers with Radar,2,9,21,1,33,0,0,37,1,38,2,9,58,2,71,73,0,73,144
10/11/2019,CSG,GA,ASO,ES,Towers with Radar,2,14,22,0,38,0,0,44,0,44,2,14,66,0,82,68,0,68,150
10/12/2019,CSG,GA,ASO,ES,Towers with Radar,0,7,13,0,20,0,0,30,0,30,0,7,43,0,50,79,0,79,129
10/13/2019,CSG,GA,ASO,ES,Towers with Radar,0,9,24,1,34,0,0,7,1,8,0,9,31,2,42,40,0,40,82
10/14/2019,CSG,GA,ASO,ES,Towers with Radar,2,9,20,0,31,0,1,18,0,19,2,10,38,0,50,98,0,98,148
10/15/2019,CSG,GA,ASO,ES,Towers with Radar,0,6,14,0,20,0,0,0,0,0,0,6,14,0,20,0,0,0,20
10/16/2019,CSG,GA,ASO,ES,Towers with Radar,0,7,17,2,26,0,0,9,0,9,0,7,26,2,35,4,4,8,43
10/17/2019,CSG,GA,ASO,ES,Towers with Radar,1,7,10,4,22,0,0,40,0,40,1,7,50,4,62,20,10,30,92
10/18/2019,CSG,GA,ASO,ES,Towers with Radar,0,11,29,0,40,0,0,29,2,31,0,11,58,2,71,14,0,14,85
10/19/2019,CSG,GA,ASO,ES,Towers with Radar,0,5,2,0,7,0,0,0,0,0,0,5,2,0,7,0,0,0,7
10/20/2019,CSG,GA,ASO,ES,Towers with Radar,0,8,13,0,21,0,0,10,0,10,0,8,23,0,31,26,0,26,57
10/21/2019,CSG,GA,ASO,ES,Towers with Radar,3,7,16,0,26,0,0,13,0,13,3,7,29,0,39,38,0,38,77
10/22/2019,CSG,GA,ASO,ES,Towers with Radar,1,10,17,0,28,0,0,17,0,17,1,10,34,0,45,44,0,44,89
10/23/2019,CSG,GA,ASO,ES,Towers with Radar,0,6,14,0,20,0,0,42,0,42,0,6,56,0,62,40,0,40,102
10/24/2019,CSG,GA,ASO,ES,Towers with Radar,1,7,34,0,42,0,0,41,0,41,1,7,75,0,83,96,0,96,179
10/25/2019,CSG,GA,ASO,ES,Towers with Radar,0,7,29,0,36,0,0,2,2,4,0,7,31,2,40,0,0,0,40
10/26/2019,CSG,GA,ASO,ES,Towers with Radar,0,5,6,0,11,0,0,4,0,4,0,5,10,0,15,2,0,2,17
10/27/2019,CSG,GA,ASO,ES,Towers with Radar,0,5,18,0,23,0,2,23,0,25,0,7,41,0,48,112,0,112,160
10/28/2019,CSG,GA,ASO,ES,Towers with Radar,3,12,14,0,29,0,0,27,0,27,3,12,41,0,56,127,0,127,183
10/29/2019,CSG,GA,ASO,ES,Towers with Radar,1,7,22,0,30,0,0,0,0,0,1,7,22,0,30,0,0,0,30
10/30/2019,CSG,GA,ASO,ES,Towers with Radar,0,4,8,4,16,0,0,0,0,0,0,4,8,4,16,0,0,0,16
10/31/2019,CSG,GA,ASO,ES,Towers with Radar,1,5,11,0,17,0,0,1,0,1,1,5,12,0,18,0,0,0,18
11/01/2019,CSG,GA,ASO,ES,Towers with Radar,2,3,22,0,27,0,2,43,0,45,2,5,65,0,72,69,0,69,141
11/02/2019,CSG,GA,ASO,ES,Towers with Radar,0,5,9,2,16,0,0,32,1,33,0,5,41,3,49,107,0,107,156
11/03/2019,CSG,GA,ASO,ES,Towers with Radar,0,7,37,0,44,0,0,28,1,29,0,7,65,1,73,95,0,95,168
11/04/2019,CSG,GA,ASO,ES,Towers with Radar,6,7,20,0,33,0,5,27,0,32,6,12,47,0,65,120,4,124,189
11/05/2019,CSG,GA,ASO,ES,Towers with Radar,0,10,24,0,34,0,0,7,2,9,0,10,31,2,43,62,0,62,105
11/06/2019,CSG,GA,ASO,ES,Towers with Radar,0,9,23,0,32,0,0,33,0,33,0,9,56,0,65,70,0,70,135
11/07/2019,CSG,GA,ASO,ES,Towers with Radar,2,13,15,0,30,0,0,0,0,0,2,13,15,0,30,0,0,0,30
11/08/2019,CSG,GA,ASO,ES,Towers with Radar,0,9,17,0,26,0,0,10,0,10,0,9,27,0,36,64,0,64,100
11/09/2019,CSG,GA,ASO,ES,Towers with Radar,0,6,10,0,16,0,0,40,0,40,0,6,50,0,56,108,0,108,164
11/10/2019,CSG,GA,ASO,ES,Towers with Radar,0,11,24,0,35,0,0,26,0,26,0,11,50,0,61,134,0,134,195
11/11/2019,CSG,GA,ASO,ES,Towers with Radar,3,6,14,0,23,0,0,34,0,34,3,6,48,0,57,44,0,44,101
11/12/2019,CSG,GA,ASO,ES,Towers with Radar,7,0,9,0,16,0,0,1,0,1,7,0,10,0,17,0,0,0,17
11/13/2019,CSG,GA,ASO,ES,Towers with Radar,2,7,14,0,23,0,1,16,0,17,2,8,30,0,40,24,0,24,64
11/14/2019,CSG,GA,ASO,ES,Towers with Radar,4,7,29,0,40,0,0,7,0,7,4,7,36,0,47,54,0,54,101
11/15/2019,CSG,GA,ASO,ES,Towers with Radar,0,7,21,3,31,0,0,0,0,0,0,7,21,3,31,0,0,0,31
11/16/2019,CSG,GA,ASO,ES,Towers with Radar,0,5,5,2,12,0,0,35,1,36,0,5,40,3,48,63,0,63,111
11/17/2019,CSG,GA,ASO,ES,Towers with Radar,0,11,20,0,31,0,0,34,1,35,0,11,54,1,66,67,0,67,133
11/18/2019,CSG,GA,ASO,ES,Towers with Radar,3,12,20,3,38,0,1,26,3,30,3,13,46,6,68,62,20,82,150
11/19/2019,CSG,GA,ASO,ES,Towers with Radar,0,10,19,6,35,0,0,44,0,44,0,10,63,6,79,96,0,96,175
11/20/2019,CSG,GA,ASO,ES,Towers with Radar,0,9,22,0,31,0,0,35,1,36,0,9,57,1,67,70,0,70,137
11/21/2019,CSG,GA,ASO,ES,Towers with Radar,2,9,16,4,31,0,0,37,0,37,2,9,53,4,68,82,0,82,150
11/22/2019,CSG,GA,ASO,ES,Towers with Radar,2,11,19,0,32,0,0,25,0,25,2,11,44,0,57,108,0,108,165
11/23/2019,CSG,GA,ASO,ES,Towers with Radar,2,5,11,0,18,0,0,0,1,1,2,5,11,1,19,0,0,0,19
11/24/2019,CSG,GA,ASO,ES,Towers with Radar,0,7,16,0,23,0,0,26,0,26,0,7,42,0,49,78,0,78,127
11/25/2019,CSG,GA,ASO,ES,Towers with Radar,2,8,18,1,29,0,0,32,0,32,2,8,50,1,61,54,0,54,115
11/26/2019,CSG,GA,ASO,ES,Towers with Radar,0,6,20,0,26,0,1,41,2,44,0,7,61,2,70,106,0,106,176
11/27/2019,CSG,GA,ASO,ES,Towers with Radar,0,12,32,0,44,0,0,11,0,11,0,12,43,0,55,24,0,24,79
11/28/2019,CSG,GA,ASO,ES,Towers with Radar,0,5,0,0,5,0,0,3,0,3,0,5,3,0,8,0,0,0,8
11/29/2019,CSG,GA,ASO,ES,Towers with Radar,1,5,14,0,20,0,0,34,0,34,1,5,48,0,54,72,0,72,126
11/30/2019,CSG,GA,ASO,ES,Towers with Radar,0,9,6,3,18,0,0,48,1,49,0,9,54,4,67,40,0,40,107
12/01/2019,CSG,GA,ASO,ES,Towers with Radar,0,6,25,0,31,0,0,10,0,10,0,6,35,0,41,0,0,0,41
12/02/2019,CSG,GA,ASO,ES,Towers with Radar,1,7,15,0,23,0,2,8,0,10,1,9,23,0,33,22,0,22,55
12/03/2019,CSG,GA,ASO,ES,Towers with Radar,0,6,21,1,28,0,1,51,2,54,0,7,72,3,82,118,0,118,200
12/04/2019,CSG,GA,ASO,ES,Towers with Radar,0,8,19,0,27,0,0,43,0,43,0,8,62,0,70,82,0,82,152
12/05/2019,CSG,GA,ASO,ES,Towers with Radar,2,8,22,0,32,0,0,42,0,42,2,8,64,0,74,158,0,158,232
12/06/2019,CSG,GA,ASO,ES,Towers with Radar,0,6,12,1,19,0,4,10,1,15,0,10,22,2,34,27,0,27,61
12/07/2019,CSG,GA,ASO,ES,Towers with Radar,0,3,10,0,13,0,0,20,0,20,0,3,30,0,33,68,0,68,101
12/08/2019,CSG,GA,ASO,ES,Towers with Radar,0,5,14,0,19,0,3,19,0,22,0,8,33,0,41,54,0,54,95
12/09/2019,CSG,GA,ASO,ES,Towers with Radar,3,5,7,0,15,0,0,6,0,6,3,5,13,0,21,40,0,40,61
12/10/2019,CSG,GA,ASO,ES,Towers with Radar,1,5,15,0,21,0,0,2,1,3,1,5,17,1,24,0,0,0,24
12/11/2019,CSG,GA,ASO,ES,Towers with Radar,0,5,31,0,36,0,0,26,2,28,0,5,57,2,64,76,0,76,140
12/12/2019,CSG,GA,ASO,ES,Towers with Radar,2,13,32,0,47,0,0,14,0,14,2,13,46,0,61,20,0,20,81
12/13/2019,CSG,GA,ASO,ES,Towers with Radar,0,7,11,0,18,0,0,0,0,0,0,7,11,0,18,0,0,0,18
12/14/2019,CSG,GA,ASO,ES,Towers with Radar,0,3,16,0,19,0,0,7,2,9,0,3,23,2,28,54,0,54,82
12/15/2019,CSG,GA,ASO,ES,Towers with Radar,0,5,12,0,17,0,0,24,0,24,0,5,36,0,41,38,0,38,79
12/16/2019,CSG,GA,ASO,ES,Towers with Radar,2,5,10,0,17,0,0,22,0,22,2,5,32,0,39,90,0,90,129
12/17/2019,CSG,GA,ASO,ES,Towers with Radar,0,6,33,2,41,0,0,0,0,0,0,6,33,2,41,0,0,0,41
12/18/2019,CSG,GA,ASO,ES,Towers with Radar,2,7,17,0,26,0,0,30,0,30,2,7,47,0,56,72,0,72,128
12/19/2019,CSG,GA,ASO,ES,Towers with Radar,2,8,30,0,40,0,0,31,0,31,2,8,61,0,71,56,0,56,127
12/20/2019,CSG,GA,ASO,ES,Towers with Radar,0,6,23,0,29,0,0,42,0,42,0,6,65,0,71,110,0,110,181
12/21/2019,CSG,GA,ASO,ES,Towers with Radar,0,9,5,0,14,0,0,14,0,14,0,9,19,0,28,28,0,28,56
12/22/2019,CSG,GA,ASO,ES,Towers with Radar,0,6,2,0,8,0,0,0,0,0,0,6,2,0,8,0,0,0,8
12/23/2019,CSG,GA,ASO,ES,Towers with Radar,3,4,14,0,21,0,0,0,0,0,3,4,14,0,21,0,0,0,21
12/24/2019,CSG,GA,ASO,ES,Towers with Radar,0,1,4,0,5,0,0,32,0,32,0,1,36,0,37,30,0,30,67
12/25/2019,CSG,GA,ASO,ES,Towers with Radar,0,2,5,0,7,0,0,10,0,10,0,2,15,0,17,0,0,0,17
12/26/2019,CSG,GA,ASO,ES,Towers with Radar,1,3,30,0,34,0,0,29,0,29,1,3,59,0,63,63,0,63,126
12/27/2019,CSG,GA,ASO,ES,Towers with Radar,0,3,49,2,54,0,0,18,0,18,0,3,67,2,72,68,0,68,140
12/28/2019,CSG,GA,ASO,ES,Towers with Radar,0,8,19,0,27,0,0,5,0,5,0,8,24,0,32,0,0,0,32
12/29/2019,CSG,GA,ASO,ES,Towers with Radar,0,3,11,0,14,0,0,1,0,1,0,3,12,0,15,0,0,0,15
12/30/2019,CSG,GA,ASO,ES,Towers with Radar,1,3,11,0,15,0,0,35,0,35,1,3,46,0,50,22,0,22,72
12/31/2019,CSG,GA,ASO,ES,Towers with Radar,0,4,10,0,14,0,0,32,0,32,0,4,42,0,46,38,0,38,84
01/01/2020,CSG,GA,ASO,ES,Towers with Radar,0,2,6,0,8,0,0,37,0,37,0,2,43,0,45,36,0,36,81
01/02/2020,CSG,GA,ASO,ES,Towers with Radar,2,3,15,0,20,0,0,8,0,8,2,3,23,0,28,10,0,10,38
01/03/2020,CSG,GA,ASO,ES,Towers with Radar,1,3,6,0,10,0,0,0,0,0,1,3,6,0,10,0,0,0,10
01/04/2020,CSG,GA,ASO,ES,Towers with Radar,0,3,21,0,24,0,0,12,0,12,0,3,33,0,36,2,0,2,38
01/05/2020,CSG,GA,ASO,ES,Towers with Radar,0,3,16,0,19,0,4,66,0,70,0,7,82,0,89,96,0,96,185
01/06/2020,CSG,GA,ASO,ES,Towers with Radar,4,5,14,1,24,0,0,53,2,55,4,5,67,3,79,42,0,42,121
01/07/2020,CSG,GA,ASO,ES,Towers with Radar,2,6,14,0,22,0,1,16,0,17,2,7,30,0,39,6,0,6,45
01/08/2020,CSG,GA,ASO,ES,Towers with Radar,1,5,24,2,32,0,0,38,0,38,1,5,62,2,70,75,0,75,145
01/09/2020,CSG,GA,ASO,ES,Towers with Radar,1,6,20,0,27,0,1,14,0,15,1,7,34,0,42,56,0,56,98
01/10/2020,CSG,GA,ASO,ES,Towers with Radar,0,5,12,0,17,0,0,16,1,17,0,5,28,1,34,34,0,34,68
01/11/2020,CSG,GA,ASO,ES,Towers with Radar,0,3,1,0,4,0,0,0,0,0,0,3,1,0,4,0,0,0,4
01/12/2020,CSG,GA,ASO,ES,Towers with Radar,0,6,3,6,15,0,1,20,1,22,0,7,23,7,37,86,0,86,123
01/13/2020,CSG,GA,ASO,ES,Towers with Radar,1,8,10,0,19,0,0,0,0,0,1,8,10,0,19,0,0,0,19
01/14/2020,CSG,GA,ASO,ES,Towers with Radar,0,6,20,0,26,0,0,0,0,0,0,6,20,0,26,0,0,0,26
01/15/2020,CSG,GA,ASO,ES,Towers with Radar,2,6,37,0,45,0,0,3,0,3,2,6,40,0,48,46,0,46,94
01/16/2020,CSG,GA,ASO,ES,Towers with Radar,2,5,19,0,26,0,0,12,0,12,2,5,31,0,38,40,0,40,78
01/17/2020,CSG,GA,ASO,ES,Towers with Radar,0,4,24,0,28,0,0,37,0,37,0,4,61,0,65,62,0,62,127
01/18/2020,CSG,GA,ASO,ES,Towers with Radar,0,3,14,0,17,0,0,10,0,10,0,3,24,0,27,8,0,8,35
01/19/2020,CSG,GA,ASO,ES,Towers with Radar,0,3,10,0,13,0,2,15,0,17,0,5,25,0,30,46,0,46,76
01/20/2020,CSG,GA,ASO,ES,Towers with Radar,2,8,19,1,30,0,5,55,0,60,2,13,74,1,90,102,2,104,194
01/21/2020,CSG,GA,ASO,ES,Towers with Radar,2,4,17,2,25,0,0,28,1,29,2,4,45,3,54,76,12,88,142
01/22/2020,CSG,GA,ASO,ES,Towers with Radar,0,5,27,1,33,0,0,38,1,39,0,5,65,2,72,86,0,86,158
01/23/2020,CSG,GA,ASO,ES,Towers with Radar,4,6,19,0,29,0,0,0,0,0,4,6,19,0,29,0,0,0,29
01/24/2020,CSG,GA,ASO,ES,Towers with Radar,2,4,25,2,33,0,0,14,0,14,2,4,39,2,47,14,0,14,61
01/25/2020,CSG,GA,ASO,ES,Towers with Radar,0,3,17,2,22,0,0,69,0,69,0,3,86,2,91,92,0,92,183
01/26/2020,CSG,GA,ASO,ES,Towers with Radar,0,7,14,0,21,0,3,41,0,44,0,10,55,0,65,76,0,76,141
01/27/2020,CSG,GA,ASO,ES,Towers with Radar,3,10,22,0,35,0,0,6,0,6,3,10,28,0,41,2,0,2,43
01/28/2020,CSG,GA,ASO,ES,Towers with Radar,0,9,16,4,29,0,0,41,0,41,0,9,57,4,70,92,0,92,162
01/29/2020,CSG,GA,ASO,ES,Towers with Radar,0,19,27,0,46,0,1,24,0,25,0,20,51,0,71,63,0,63,134
01/30/2020,CSG,GA,ASO,ES,Towers with Radar,2,7,18,2,29,0,0,42,0,42,2,7,60,2,71,96,0,96,167
01/31/2020,CSG,GA,ASO,ES,Towers with Radar,0,5,18,0,23,0,0,0,0,0,0,5,18,0,23,0,0,0,23
02/01/2020,CSG,GA,ASO,ES,Towers with Radar,2,3,17,2,24,0,0,4,0,4,2,3,21,2,28,14,0,14,42
02/02/2020,CSG,GA,ASO,ES,Towers with Radar,1,5,12,0,18,0,1,39,0,40,1,6,51,0,58,82,0,82,140
02/03/2020,CSG,GA,ASO,ES,Towers with Radar,3,7,34,2,46,0,3,55,3,61,3,10,89,5,107,97,0,97,204
02/04/2020,CSG,GA,ASO,ES,Towers with Radar,0,5,30,0,35,0,0,21,0,21,0,5,51,0,56,20,0,20,76
02/05/2020,CSG,GA,ASO,ES,Towers with Radar,0,8,10,0,18,0,0,2,0,2,0,8,12,0,20,0,0,0,20
02/06/2020,CSG,GA,ASO,ES,Towers with Radar,6,7,5,0,18,0,0,0,0,0,6,7,5,0,18,0,0,0,18
02/07/2020,CSG,GA,ASO,ES,Towers with Radar,0,10,11,0,21,0,0,11,0,11,0,10,22,0,32,40,0,40,72
02/08/2020,CSG,GA,ASO,ES,Towers with Radar,0,5,2,0,7,0,0,11,0,11,0,5,13,0,18,66,0,66,84
02/09/2020,CSG,GA,ASO,ES,Towers with Radar,0,8,19,0,27,0,0,54,0,54,0,8,73,0,81,58,0,58,139
02/10/2020,CSG,GA,ASO,ES,Towers with Radar,2,8,20,0,30,0,0,17,2,19,2,8,37,2,49,74,0,74,123
02/11/2020,CSG,GA,ASO,ES,Towers with Radar,0,4,18,0,22,0,0,11,1,12,0,4,29,1,34,2,0,2,36
02/12/2020,CSG,GA,ASO,ES,Towers with Radar,0,7,30,0,37,0,0,1,2,3,0,7,31,2,40,84,0,84,124
02/13/2020,CSG,GA,ASO,ES,Towers with Radar,3,4,23,0,30,0,0,0,0,0,3,4,23,0,30,34,0,34,64
02/14/2020,CSG,GA,ASO,ES,Towers with Radar,2,8,18,0,28,0,1,43,2,46,2,9,61,2,74,50,0,50,124
02/15/2020,CSG,GA,ASO,ES,Towers with Radar,0,4,16,0,20,0,2,50,3,55,0,6,66,3,75,76,0,76,151
02/16/2020,CSG,GA,ASO,ES,Towers with Radar,3,7,5,0,15,0,0,0,0,0,3,7,5,0,15,0,0,0,15
02/17/2020,CSG,GA,ASO,ES,Towers with Radar,4,8,12,0,24,0,0,0,0,0,4,8,12,0,24,0,0,0,24
02/18/2020,CSG,GA,ASO,ES,Towers with Radar,0,10,8,0,18,0,0,0,0,0,0,10,8,0,18,0,0,0,18
02/19/2020,CSG,GA,ASO,ES,Towers with Radar,0,6,14,2,22,0,0,2,0,2,0,6,16,2,24,52,0,52,76
02/20/2020,CSG,GA,ASO,ES,Towers with Radar,2,5,7,0,14,0,0,0,0,0,2,5,7,0,14,0,0,0,14
02/21/2020,CSG,GA,ASO,ES,Towers with Radar,1,4,29,0,34,0,0,38,1,39,1,4,67,1,73,106,0,106,179
02/22/2020,CSG,GA,ASO,ES,Towers with Radar,1,4,15,0,20,0,2,60,0,62,1,6,75,0,82,167,0,167,249
02/23/2020,CSG,GA,ASO,ES,Towers with Radar,0,5,12,0,17,0,0,46,2,48,0,5,58,2,65,57,0,57,122
02/24/2020,CSG,GA,ASO,ES,Towers with Radar,3,5,8,0,16,0,0,0,0,0,3,5,8,0,16,0,0,0,16
02/25/2020,CSG,GA,ASO,ES,Towers with Radar,0,6,17,0,23,0,4,14,0,18,0,10,31,0,41,54,0,54,95
02/26/2020,CSG,GA,ASO,ES,Towers with Radar,1,8,9,0,18,0,0,17,0,17,1,8,26,0,35,24,0,24,59
02/27/2020,CSG,GA,ASO,ES,Towers with Radar,1,7,16,5,29,0,0,38,4,42,1,7,54,9,71,40,0,40,111
02/28/2020,CSG,GA,ASO,ES,Towers with Radar,0,7,9,2,18,0,0,34,0,34,0,7,43,2,52,26,0,26,78
02/29/2020,CSG,GA,ASO,ES,Towers with Radar,1,3,8,0,12,0,0,44,0,44,1,3,52,0,56,12,0,12,68
03/01/2020,CSG,GA,ASO,ES,Towers with Radar,1,5,12,0,18,0,1,28,0,29,1,6,40,0,47,43,0,43,90
03/02/2020,CSG,GA,ASO,ES,Towers with Radar,3,7,17,0,27,0,0,7,1,8,3,7,24,1,35,0,0,0,35
03/03/2020,CSG,GA,ASO,ES,Towers with Radar,1,8,5,0,14,0,0,2,0,2,1,8,7,0,16,12,0,12,28
03/04/2020,CSG,GA,ASO,ES,Towers with Radar,0,5,8,0,13,0,0,0,0,0,0,5,8,0,13,0,0,0,13
03/05/2020,CSG,GA,ASO,ES,Towers with Radar,2,8,7,0,17,0,0,0,0,0,2,8,7,0,17,0,0,0,17
03/06/2020,CSG,GA,ASO,ES,Towers with Radar,0,9,8,2,19,0,0,23,5,28,0,9,31,7,47,33,0,33,80
03/07/2020,CSG,GA,ASO,ES,Towers with Radar,0,7,9,4,20,0,1,68,0,69,0,8,77,4,89,48,0,48,137
03/08/2020,CSG,GA,ASO,ES,Towers with Radar,0,6,17,2,25,0,1,34,0,35,0,7,51,2,60,86,0,86,146
03/09/2020,CSG,GA,ASO,ES,Towers with Radar,3,6,10,2,21,0,0,12,0,12,3,6,22,2,33,46,0,46,79
03/10/2020,CSG,GA,ASO,ES,Towers with Radar,1,8,33,0,42,0,0,7,0,7,1,8,40,0,49,80,0,80,129
03/11/2020,CSG,GA,ASO,ES,Towers with Radar,0,10,12,4,26,0,0,5,0,5,0,10,17,4,31,22,0,22,53
03/12/2020,CSG,GA,ASO,ES,Towers with Radar,2,9,19,3,33,0,2,15,1,18,2,11,34,4,51,16,0,16,67
03/13/2020,CSG,GA,ASO,ES,Towers with Radar,0,11,19,5,35,0,0,7,1,8,0,11,26,6,43,10,0,10,53
03/14/2020,CSG,GA,ASO,ES,Towers with Radar,0,4,1,4,9,0,0,28,0,28,0,4,29,4,37,64,0,64,101
03/15/2020,CSG,GA,ASO,ES,Towers with Radar,0,7,13,0,20,0,1,14,0,15,0,8,27,0,35,34,0,34,69
03/16/2020,CSG,GA,ASO,ES,Towers with Radar,2,11,13,0,26,0,1,14,0,15,2,12,27,0,41,31,0,31,72
03/17/2020,CSG,GA,ASO,ES,Towers with Radar,1,7,19,9,36,0,0,13,2,15,1,7,32,11,51,70,0,70,121
03/18/2020,CSG,GA,ASO,ES,Towers with Radar,0,9,10,0,19,0,0,13,0,13,0,9,23,0,32,32,0,32,64
03/19/2020,CSG,GA,ASO,ES,Towers with Radar,2,7,18,8,35,0,0,28,4,32,2,7,46,12,67,24,0,24,91
03/20/2020,CSG,GA,ASO,ES,Towers with Radar,0,3,10,0,13,0,0,19,1,20,0,3,29,1,33,26,0,26,59
03/21/2020,CSG,GA,ASO,ES,Towers with Radar,0,5,8,0,13,0,3,27,0,30,0,8,35,0,43,50,0,50,93
03/22/2020,CSG,GA,ASO,ES,Towers with Radar,0,9,8,1,18,0,0,9,0,9,0,9,17,1,27,4,0,4,31
03/23/2020,CSG,GA,ASO,ES,Towers with Radar,2,3,3,0,8,0,0,3,0,3,2,3,6,0,11,14,0,14,25
03/24/2020,CSG,GA,ASO,ES,Towers with Radar,0,3,5,2,10,0,0,14,0,14,0,3,19,2,24,34,0,34,58
03/25/2020,CSG,GA,ASO,ES,Towers with Radar,0,5,6,7,18,0,3,36,2,41,0,8,42,9,59,112,1,113,172
03/26/2020,CSG,GA,ASO,ES,Towers with Radar,2,6,5,7,20,0,1,42,0,43,2,7,47,7,63,74,0,74,137
03/27/2020,CSG,GA,ASO,ES,Towers with Radar,0,3,4,0,7,0,0,12,1,13,0,3,16,1,20,10,0,10,30
03/28/2020,CSG,GA,ASO,ES,Towers with Radar,0,3,7,0,10,0,0,19,0,19,0,3,26,0,29,78,0,78,107
03/29/2020,CSG,GA,ASO,ES,Towers with Radar,0,3,5,0,8,0,1,8,0,9,0,4,13,0,17,68,0,68,85
03/30/2020,CSG,GA,ASO,ES,Towers with Radar,2,3,2,2,9,0,5,19,2,26,2,8,21,4,35,34,0,34,69
03/31/2020,CSG,GA,ASO,ES,Towers with Radar,0,4,0,0,4,0,0,2,0,2,0,4,2,0,6,0,0,0,6
04/01/2020,CSG,GA,ASO,ES,Towers with Radar,0,3,6,0,9,0,0,20,0,20,0,3,26,0,29,37,0,37,66
04/02/2020,CSG,GA,ASO,ES,Towers with Radar,2,3,2,0,7,0,1,38,2,41,2,4,40,2,48,83,2,85,133
04/03/2020,CSG,GA,ASO,ES,Towers with Radar,0,3,5,0,8,0,0,31,0,31,0,3,36,0,39,136,0,136,175
04/04/2020,CSG,GA,ASO,ES,Towers with Radar,0,4,4,0,8,0,2,15,0,17,0,6,19,0,25,32,0,32,57
04/05/2020,CSG,GA,ASO,ES,Towers with Radar,0,2,3,0,5,0,0,27,0,27,0,2,30,0,32,22,0,22,54
04/06/2020,CSG,GA,ASO,ES,Towers with Radar,2,3,1,0,6,0,2,18,0,20,2,5,19,0,26,28,0,28,54
04/07/2020,CSG,GA,ASO,ES,Towers with Radar,0,4,1,0,5,0,0,1,0,1,0,4,2,0,6,8,0,8,14
04/08/2020,CSG,GA,ASO,ES,Towers with Radar,0,3,1,0,4,0,1,1,1,3,0,4,2,1,7,6,0,6,13
04/09/2020,CSG,GA,ASO,ES,Towers with Radar,4,3,5,0,12,0,5,19,3,27,4,8,24,3,39,16,0,16,55
04/10/2020,CSG,GA,ASO,ES,Towers with Radar,0,3,4,0,7,0,0,13,0,13,0,3,17,0,20,16,0,16,36
04/11/2020,CSG,GA,ASO,ES,Towers with Radar,0,3,6,0,9,0,0,35,0,35,0,3,41,0,44,10,0,10,54
04/12/2020,CSG,GA,ASO,ES,Towers with Radar,0,2,0,0,2,0,0,0,0,0,0,2,0,0,2,0,0,0,2
04/13/2020,CSG,GA,ASO,ES,Towers with Radar,1,2,3,0,6,0,0,15,0,15,1,2,18,0,21,3,0,3,24
04/14/2020,CSG,GA,ASO,ES,Towers with Radar,0,3,5,4,12,0,0,34,0,34,0,3,39,4,46,82,0,82,128
04/15/2020,CSG,GA,ASO,ES,Towers with Radar,0,2,3,1,6,0,1,28,2,31,0,3,31,3,37,82,0,82,119
04/16/2020,CSG,GA,ASO,ES,Towers with Radar,1,3,3,0,7,0,2,32,1,35,1,5,35,1,42,14,0,14,56
04/17/2020,CSG,GA,ASO,ES,Towers with Radar,0,1,1,0,2,0,2,25,2,29,0,3,26,2,31,52,0,52,83
04/18/2020,CSG,GA,ASO,ES,Towers with Radar,0,3,0,0,3,0,0,19,0,19,0,3,19,0,22,40,0,40,62
04/19/2020,CSG,GA,ASO,ES,Towers with Radar,0,0,0,0,0,0,0,0,0,0,0,0,0,0,0,0,0,0,0
04/20/2020,CSG,GA,ASO,ES,Towers with Radar,0,3,11,4,18,0,0,7,0,7,0,3,18,4,25,28,0,28,53
04/21/2020,CSG,GA,ASO,ES,Towers with Radar,0,3,5,0,8,0,0,29,0,29,0,3,34,0,37,36,0,36,73
04/22/2020,CSG,GA,ASO,ES,Towers with Radar,0,1,6,0,7,0,0,24,0,24,0,1,30,0,31,80,0,80,111
04/23/2020,CSG,GA,ASO,ES,Towers with Radar,1,3,0,0,4,0,0,0,0,0,1,3,0,0,4,0,0,0,4
04/24/2020,CSG,GA,ASO,ES,Towers with Radar,0,1,9,2,12,0,1,28,0,29,0,2,37,2,41,44,0,44,85
04/25/2020,CSG,GA,ASO,ES,Towers with Radar,0,3,1,0,4,0,1,26,0,27,0,4,27,0,31,42,4,46,77
04/26/2020,CSG,GA,ASO,ES,Towers with Radar,0,3,3,1,7,0,0,13,0,13,0,3,16,1,20,32,0,32,52
04/27/2020,CSG,GA,ASO,ES,Towers with Radar,0,7,6,0,13,0,1,30,0,31,0,8,36,0,44,50,0,50,94
04/28/2020,CSG,GA,ASO,ES,Towers with Radar,0,7,5,2,14,0,2,27,0,29,0,9,32,2,43,40,0,40,83
04/29/2020,CSG,GA,ASO,ES,Towers with Radar,0,1,3,0,4,0,0,2,0,2,0,1,5,0,6,24,0,24,30
04/30/2020,CSG,GA,ASO,ES,Towers with Radar,2,1,5,0,8,0,0,13,2,15,2,1,18,2,23,8,0,8,31
05/01/2020,CSG,GA,ASO,ES,Towers with Radar,0,5,5,0,10,0,0,32,2,34,0,5,37,2,44,70,0,70,114
05/02/2020,CSG,GA,ASO,ES,Towers with Radar,0,1,3,0,4,0,0,33,0,33,0,1,36,0,37,50,0,50,87
05/03/2020,CSG,GA,ASO,ES,Towers with Radar,0,1,4,0,5,0,0,27,0,27,0,1,31,0,32,28,0,28,60
05/04/2020,CSG,GA,ASO,ES,Towers with Radar,1,1,5,0,7,0,0,25,0,25,1,1,30,0,32,76,0,76,108
05/05/2020,CSG,GA,ASO,ES,Towers with Radar,0,1,5,0,6,0,0,15,0,15,0,1,20,0,21,42,0,42,63
05/06/2020,CSG,GA,ASO,ES,Towers with Radar,0,1,3,0,4,0,0,9,0,9,0,1,12,0,13,14,0,14,27
05/07/2020,CSG,GA,ASO,ES,Towers with Radar,2,1,13,0,16,0,0,16,0,16,2,1,29,0,32,78,0,78,110
05/08/2020,CSG,GA,ASO,ES,Towers with Radar,0,1,5,0,6,0,1,13,2,16,0,2,18,2,22,24,0,24,46
05/09/2020,CSG,GA,ASO,ES,Towers with Radar,0,1,3,0,4,0,0,29,0,29,0,1,32,0,33,68,0,68,101
05/10/2020,CSG,GA,ASO,ES,Towers with Radar,0,0,12,1,13,0,0,35,0,35,0,0,47,1,48,38,0,38,86
05/11/2020,CSG,GA,ASO,ES,Towers with Radar,3,2,5,0,10,0,1,19,2,22,3,3,24,2,32,22,0,22,54
05/12/2020,CSG,GA,ASO,ES,Towers with Radar,2,1,4,1,8,0,0,37,1,38,2,1,41,2,46,114,0,114,160
05/13/2020,CSG,GA,ASO,ES,Towers with Radar,0,3,12,1,16,0,1,34,2,37,0,4,46,3,53,70,0,70,123
05/14/2020,CSG,GA,ASO,ES,Towers with Radar,2,0,19,0,21,0,2,33,0,35,2,2,52,0,56,66,0,66,122
05/15/2020,CSG,GA,ASO,ES,Towers with Radar,2,1,4,0,7,0,2,32,0,34,2,3,36,0,41,38,0,38,79
05/16/2020,CSG,GA,ASO,ES,Towers with Radar,0,1,9,0,10,0,0,30,1,31,0,1,39,1,41,46,0,46,87
05/17/2020,CSG,GA,ASO,ES,Towers with Radar,0,0,2,1,3,0,0,21,0,21,0,0,23,1,24,38,0,38,62
05/18/2020,CSG,GA,ASO,ES,Towers with Radar,3,1,18,0,22,0,0,1,0,1,3,1,19,0,23,4,0,4,27
05/19/2020,CSG,GA,ASO,ES,Towers with Radar,0,2,8,2,12,0,0,29,0,29,0,2,37,2,41,106,0,106,147
05/20/2020,CSG,GA,ASO,ES,Towers with Radar,0,1,15,2,18,0,0,5,0,5,0,1,20,2,23,118,0,118,141
05/21/2020,CSG,GA,ASO,ES,Towers with Radar,1,2,17,0,20,0,0,16,0,16,1,2,33,0,36,110,0,110,146
05/22/2020,CSG,GA,ASO,ES,Towers with Radar,0,1,18,0,19,0,0,18,0,18,0,1,36,0,37,46,0,46,83
05/23/2020,CSG,GA,ASO,ES,Towers with Radar,0,1,9,2,12,0,2,30,0,32,0,3,39,2,44,42,0,42,86
05/24/2020,CSG,GA,ASO,ES,Towers with Radar,2,1,3,0,6,0,0,14,0,14,2,1,17,0,20,28,0,28,48
05/25/2020,CSG,GA,ASO,ES,Towers with Radar,1,1,2,0,4,0,0,15,0,15,1,1,17,0,19,16,0,16,35
05/26/2020,CSG,GA,ASO,ES,Towers with Radar,0,1,12,0,13,0,0,1,0,1,0,1,13,0,14,0,0,0,14
05/27/2020,CSG,GA,ASO,ES,Towers with Radar,0,3,10,0,13,0,0,0,0,0,0,3,10,0,13,0,0,0,13
05/28/2020,CSG,GA,ASO,ES,Towers with Radar,2,1,11,2,16,0,0,16,3,19,2,1,27,5,35,34,0,34,69
05/29/2020,CSG,GA,ASO,ES,Towers with Radar,0,2,23,2,27,0,0,15,0,15,0,2,38,2,42,54,0,54,96
05/30/2020,CSG,GA,ASO,ES,Towers with Radar,0,1,20,0,21,0,0,27,0,27,0,1,47,0,48,95,0,95,143
05/31/2020,CSG,GA,ASO,ES,Towers with Radar,0,1,6,0,7,0,0,28,0,28,0,1,34,0,35,22,0,22,57
06/01/2020,CSG,GA,ASO,ES,Towers with Radar,3,0,10,1,14,0,0,24,0,24,3,0,34,1,38,38,0,38,76
06/02/2020,CSG,GA,ASO,ES,Towers with Radar,0,0,12,2,14,0,0,36,0,36,0,0,48,2,50,106,0,106,156
06/03/2020,CSG,GA,ASO,ES,Towers with Radar,0,4,16,4,24,0,0,27,0,27,0,4,43,4,51,88,0,88,139
06/04/2020,CSG,GA,ASO,ES,Towers with Radar,2,0,10,4,16,0,0,24,0,24,2,0,34,4,40,80,0,80,120
06/05/2020,CSG,GA,ASO,ES,Towers with Radar,0,6,11,0,17,0,0,20,0,20,0,6,31,0,37,56,0,56,93
06/06/2020,CSG,GA,ASO,ES,Towers with Radar,0,3,5,0,8,0,0,5,0,5,0,3,10,0,13,56,0,56,69
06/07/2020,CSG,GA,ASO,ES,Towers with Radar,0,3,13,1,17,0,0,8,0,8,0,3,21,1,25,24,0,24,49
06/08/2020,CSG,GA,ASO,ES,Towers with Radar,2,3,14,2,21,0,0,6,0,6,2,3,20,2,27,12,0,12,39
06/09/2020,CSG,GA,ASO,ES,Towers with Radar,0,2,10,0,12,0,0,0,0,0,0,2,10,0,12,0,0,0,12
06/10/2020,CSG,GA,ASO,ES,Towers with Radar,0,0,7,0,7,0,0,2,0,2,0,0,9,0,9,16,0,16,25
06/11/2020,CSG,GA,ASO,ES,Towers with Radar,1,2,11,0,14,0,0,32,0,32,1,2,43,0,46,64,0,64,110
06/12/2020,CSG,GA,ASO,ES,Towers with Radar,0,2,17,2,21,0,0,45,1,46,0,2,62,3,67,65,0,65,132
06/13/2020,CSG,GA,ASO,ES,Towers with Radar,0,2,9,0,11,0,0,18,0,18,0,2,27,0,29,57,0,57,86
06/14/2020,CSG,GA,ASO,ES,Towers with Radar,0,4,7,2,13,0,0,21,0,21,0,4,28,2,34,8,0,8,42
06/15/2020,CSG,GA,ASO,ES,Towers with Radar,3,2,9,0,14,0,1,23,1,25,3,3,32,1,39,34,0,34,73
06/16/2020,CSG,GA,ASO,ES,Towers with Radar,0,9,15,8,32,0,0,27,2,29,0,9,42,10,61,42,0,42,103
06/17/2020,CSG,GA,ASO,ES,Towers with Radar,0,3,12,2,17,0,0,30,5,35,0,3,42,7,52,20,2,22,74
06/18/2020,CSG,GA,ASO,ES,Towers with Radar,2,2,18,3,25,0,0,31,3,34,2,2,49,6,59,54,0,54,113
06/19/2020,CSG,GA,ASO,ES,Towers with Radar,0,2,4,0,6,0,0,24,0,24,0,2,28,0,30,32,0,32,62
06/20/2020,CSG,GA,ASO,ES,Towers with Radar,0,2,5,0,7,0,2,21,0,23,0,4,26,0,30,50,0,50,80
06/21/2020,CSG,GA,ASO,ES,Towers with Radar,0,2,9,1,12,0,0,10,0,10,0,2,19,1,22,8,0,8,30
06/22/2020,CSG,GA,ASO,ES,Towers with Radar,3,2,17,0,22,0,0,9,4,13,3,2,26,4,35,32,0,32,67
06/23/2020,CSG,GA,ASO,ES,Towers with Radar,0,2,13,2,17,0,2,7,0,9,0,4,20,2,26,46,0,46,72
06/24/2020,CSG,GA,ASO,ES,Towers with Radar,0,3,5,0,8,0,0,8,0,8,0,3,13,0,16,0,0,0,16
06/25/2020,CSG,GA,ASO,ES,Towers with Radar,1,3,14,0,18,0,0,4,0,4,1,3,18,0,22,6,0,6,28
06/26/2020,CSG,GA,ASO,ES,Towers with Radar,0,5,13,0,18,0,0,14,0,14,0,5,27,0,32,58,0,58,90
06/27/2020,CSG,GA,ASO,ES,Towers with Radar,0,3,7,0,10,0,0,34,0,34,0,3,41,0,44,50,0,50,94
06/28/2020,CSG,GA,ASO,ES,Towers with Radar,0,6,10,0,16,0,0,23,0,23,0,6,33,0,39,94,0,94,133
06/29/2020,CSG,GA,ASO,ES,Towers with Radar,2,3,4,0,9,0,0,24,0,24,2,3,28,0,33,44,0,44,77
06/30/2020,CSG,GA,ASO,ES,Towers with Radar,0,5,11,0,16,0,0,17,0,17,0,5,28,0,33,39,0,39,72
07/01/2020,CSG,GA,ASO,ES,Towers with Radar,2,2,18,0,22,0,2,9,0,11,2,4,27,0,33,40,0,40,73
07/02/2020,CSG,GA,ASO,ES,Towers with Radar,0,7,11,0,18,0,3,7,0,10,0,10,18,0,28,84,0,84,112
07/03/2020,CSG,GA,ASO,ES,Towers with Radar,0,4,5,0,9,0,0,17,0,17,0,4,22,0,26,37,0,37,63
07/04/2020,CSG,GA,ASO,ES,Towers with Radar,0,3,7,0,10,0,0,24,0,24,0,3,31,0,34,18,0,18,52
07/05/2020,CSG,GA,ASO,ES,Towers with Radar,0,3,14,0,17,0,0,17,0,17,0,3,31,0,34,40,0,40,74
07/06/2020,CSG,GA,ASO,ES,Towers with Radar,2,5,2,0,9,0,0,1,0,1,2,5,3,0,10,0,0,0,10
07/07/2020,CSG,GA,ASO,ES,Towers with Radar,0,5,14,0,19,0,0,9,0,9,0,5,23,0,28,38,0,38,66
07/08/2020,CSG,GA,ASO,ES,Towers with Radar,1,6,9,0,16,0,0,5,0,5,1,6,14,0,21,14,0,14,35
07/09/2020,CSG,GA,ASO,ES,Towers with Radar,0,6,17,0,23,0,0,20,0,20,0,6,37,0,43,30,0,30,73
07/10/2020,CSG,GA,ASO,ES,Towers with Radar,0,3,8,0,11,0,0,19,0,19,0,3,27,0,30,42,0,42,72
07/11/2020,CSG,GA,ASO,ES,Towers with Radar,0,3,7,2,12,0,0,34,0,34,0,3,41,2,46,18,0,18,64
07/12/2020,CSG,GA,ASO,ES,Towers with Radar,0,4,16,0,20,0,0,23,0,23,0,4,39,0,43,24,0,24,67
07/13/2020,CSG,GA,ASO,ES,Towers with Radar,2,4,15,4,25,0,0,9,0,9,2,4,24,4,34,34,0,34,68
07/14/2020,CSG,GA,ASO,ES,Towers with Radar,0,3,9,8,20,0,0,33,2,35,0,3,42,10,55,78,0,78,133
07/15/2020,CSG,GA,ASO,ES,Towers with Radar,4,3,8,0,15,0,0,16,0,16,4,3,24,0,31,72,0,72,103
07/16/2020,CSG,GA,ASO,ES,Towers with Radar,0,6,8,0,14,0,0,23,0,23,0,6,31,0,37,50,0,50,87
07/17/2020,CSG,GA,ASO,ES,Towers with Radar,0,5,17,4,26,0,0,22,0,22,0,5,39,4,48,84,0,84,132
07/18/2020,CSG,GA,ASO,ES,Towers with Radar,0,3,9,0,12,0,0,29,0,29,0,3,38,0,41,50,0,50,91
07/19/2020,CSG,GA,ASO,ES,Towers with Radar,0,4,11,0,15,0,1,22,0,23,0,5,33,0,38,66,0,66,104
07/20/2020,CSG,GA,ASO,ES,Towers with Radar,0,4,9,0,13,0,0,22,0,22,0,4,31,0,35,60,0,60,95
07/21/2020,CSG,GA,ASO,ES,Towers with Radar,0,3,7,0,10,0,0,14,0,14,0,3,21,0,24,65,0,65,89
07/22/2020,CSG,GA,ASO,ES,Towers with Radar,3,3,13,2,21,0,0,29,2,31,3,3,42,4,52,62,10,72,124
07/23/2020,CSG,GA,ASO,ES,Towers with Radar,1,7,11,0,19,0,0,33,0,33,1,7,44,0,52,38,0,38,90
07/24/2020,CSG,GA,ASO,ES,Towers with Radar,0,3,15,0,18,0,0,17,0,17,0,3,32,0,35,100,0,100,135
07/25/2020,CSG,GA,ASO,ES,Towers with Radar,0,5,10,4,19,0,0,21,0,21,0,5,31,4,40,70,0,70,110
07/26/2020,CSG,GA,ASO,ES,Towers with Radar,0,5,13,0,18,0,0,14,0,14,0,5,27,0,32,14,0,14,46
07/27/2020,CSG,GA,ASO,ES,Towers with Radar,2,3,15,0,20,0,2,17,0,19,2,5,32,0,39,56,0,56,95
07/28/2020,CSG,GA,ASO,ES,Towers with Radar,0,5,17,2,24,0,0,6,0,6,0,5,23,2,30,72,0,72,102
07/29/2020,CSG,GA,ASO,ES,Towers with Radar,1,10,18,0,29,0,0,0,0,0,1,10,18,0,29,2,0,2,31
07/30/2020,CSG,GA,ASO,ES,Towers with Radar,0,5,15,2,22,0,0,4,0,4,0,5,19,2,26,6,0,6,32
07/31/2020,CSG,GA,ASO,ES,Towers with Radar,0,3,11,0,14,0,0,6,0,6,0,3,17,0,20,42,0,42,62
08/01/2020,CSG,GA,ASO,ES,Towers with Radar,0,5,14,0,19,0,3,7,0,10,0,8,21,0,29,0,0,0,29
08/02/2020,CSG,GA,ASO,ES,Towers with Radar,0,5,10,0,15,0,0,48,0,48,0,5,58,0,63,50,0,50,113
08/03/2020,CSG,GA,ASO,ES,Towers with Radar,2,8,6,0,16,0,0,9,0,9,2,8,15,0,25,32,0,32,57
08/04/2020,CSG,GA,ASO,ES,Towers with Radar,0,6,12,0,18,0,0,23,0,23,0,6,35,0,41,38,0,38,79
08/05/2020,CSG,GA,ASO,ES,Towers with Radar,2,5,8,0,15,0,0,33,0,33,2,5,41,0,48,38,0,38,86
08/06/2020,CSG,GA,ASO,ES,Towers with Radar,2,5,10,3,20,0,1,39,2,42,2,6,49,5,62,134,0,134,196
08/07/2020,CSG,GA,ASO,ES,Towers with Radar,0,5,5,0,10,0,0,36,2,38,0,5,41,2,48,42,2,44,92
08/08/2020,CSG,GA,ASO,ES,Towers with Radar,0,8,12,1,21,0,0,29,0,29,0,8,41,1,50,34,0,34,84
08/09/2020,CSG,GA,ASO,ES,Towers with Radar,0,8,11,0,19,0,0,31,0,31,0,8,42,0,50,24,0,24,74
08/10/2020,CSG,GA,ASO,ES,Towers with Radar,2,7,17,2,28,0,0,19,0,19,2,7,36,2,47,40,0,40,87
08/11/2020,CSG,GA,ASO,ES,Towers with Radar,0,6,16,0,22,0,1,29,0,30,0,7,45,0,52,120,0,120,172
08/12/2020,CSG,GA,ASO,ES,Towers with Radar,2,6,24,0,32,0,1,28,0,29,2,7,52,0,61,84,0,84,145
08/13/2020,CSG,GA,ASO,ES,Towers with Radar,0,5,19,3,27,0,0,19,0,19,0,5,38,3,46,82,0,82,128
08/14/2020,CSG,GA,ASO,ES,Towers with Radar,0,7,14,0,21,0,0,11,1,12,0,7,25,1,33,40,0,40,73
08/15/2020,CSG,GA,ASO,ES,Towers with Radar,0,5,3,1,9,0,0,11,0,11,0,5,14,1,20,16,0,16,36
08/16/2020,CSG,GA,ASO,ES,Towers with Radar,1,5,9,0,15,0,0,39,0,39,1,5,48,0,54,22,0,22,76
08/17/2020,CSG,GA,ASO,ES,Towers with Radar,0,6,9,2,17,0,0,32,0,32,0,6,41,2,49,78,0,78,127
08/18/2020,CSG,GA,ASO,ES,Towers with Radar,0,9,9,1,19,0,0,20,1,21,0,9,29,2,40,56,14,70,110
08/19/2020,CSG,GA,ASO,ES,Towers with Radar,2,6,6,0,14,0,1,36,0,37,2,7,42,0,51,56,0,56,107
08/20/2020,CSG,GA,ASO,ES,Towers with Radar,1,7,9,0,17,0,0,4,0,4,1,7,13,0,21,46,0,46,67
08/21/2020,CSG,GA,ASO,ES,Towers with Radar,0,6,15,0,21,0,0,7,2,9,0,6,22,2,30,32,2,34,64
08/22/2020,CSG,GA,ASO,ES,Towers with Radar,0,6,16,0,22,0,0,18,0,18,0,6,34,0,40,130,0,130,170
08/23/2020,CSG,GA,ASO,ES,Towers with Radar,0,7,12,0,19,0,0,17,0,17,0,7,29,0,36,36,0,36,72
08/24/2020,CSG,GA,ASO,ES,Towers with Radar,4,9,3,0,16,0,0,0,0,0,4,9,3,0,16,0,0,0,16
08/25/2020,CSG,GA,ASO,ES,Towers with Radar,0,6,2,0,8,0,0,2,0,2,0,6,4,0,10,6,0,6,16
08/26/2020,CSG,GA,ASO,ES,Towers with Radar,2,9,9,0,20,0,0,17,0,17,2,9,26,0,37,32,0,32,69
08/27/2020,CSG,GA,ASO,ES,Towers with Radar,0,6,20,0,26,0,0,20,2,22,0,6,40,2,48,66,18,84,132
08/28/2020,CSG,GA,ASO,ES,Towers with Radar,0,14,8,0,22,0,0,5,1,6,0,14,13,1,28,12,0,12,40
08/29/2020,CSG,GA,ASO,ES,Towers with Radar,2,5,9,1,17,0,0,11,0,11,2,5,20,1,28,26,0,26,54
08/30/2020,CSG,GA,ASO,ES,Towers with Radar,0,3,13,4,20,0,0,1,0,1,0,3,14,4,21,22,0,22,43
08/31/2020,CSG,GA,ASO,ES,Towers with Radar,2,5,6,0,13,0,0,10,2,12,2,5,16,2,25,30,0,30,55
09/01/2020,CSG,GA,ASO,ES,Towers with Radar,0,5,8,2,15,0,0,28,0,28,0,5,36,2,43,44,16,60,103
09/02/2020,CSG,GA,ASO,ES,Towers with Radar,1,5,8,2,16,0,0,19,0,19,1,5,27,2,35,10,0,10,45
09/03/2020,CSG,GA,ASO,ES,Towers with Radar,0,7,15,0,22,0,0,24,2,26,0,7,39,2,48,32,0,32,80
09/04/2020,CSG,GA,ASO,ES,Towers with Radar,0,5,23,0,28,0,0,20,0,20,0,5,43,0,48,13,0,13,61
09/05/2020,CSG,GA,ASO,ES,Towers with Radar,0,5,6,2,13,0,0,38,2,40,0,5,44,4,53,22,0,22,75
09/06/2020,CSG,GA,ASO,ES,Towers with Radar,0,7,16,0,23,0,8,23,0,31,0,15,39,0,54,8,0,8,62
09/07/2020,CSG,GA,ASO,ES,Towers with Radar,2,5,15,0,22,0,0,44,0,44,2,5,59,0,66,34,0,34,100
09/08/2020,CSG,GA,ASO,ES,Towers with Radar,0,5,13,0,18,0,1,28,0,29,0,6,41,0,47,50,0,50,97
09/09/2020,CSG,GA,ASO,ES,Towers with Radar,2,5,12,6,25,0,0,27,2,29,2,5,39,8,54,74,6,80,134
09/10/2020,CSG,GA,ASO,ES,Towers with Radar,0,8,11,4,23,0,0,4,0,4,0,8,15,4,27,2,0,2,29
09/11/2020,CSG,GA,ASO,ES,Towers with Radar,0,6,14,0,20,0,0,24,4,28,0,6,38,4,48,46,0,46,94
09/12/2020,CSG,GA,ASO,ES,Towers with Radar,0,7,9,2,18,0,0,10,0,10,0,7,19,2,28,18,0,18,46
09/13/2020,CSG,GA,ASO,ES,Towers with Radar,0,8,7,0,15,0,0,25,0,25,0,8,32,0,40,18,0,18,58
09/14/2020,CSG,GA,ASO,ES,Towers with Radar,2,6,9,0,17,0,1,15,0,16,2,7,24,0,33,8,0,8,41
09/15/2020,CSG,GA,ASO,ES,Towers with Radar,0,6,9,0,15,0,0,0,0,0,0,6,9,0,15,0,0,0,15
09/16/2020,CSG,GA,ASO,ES,Towers with Radar,2,8,4,0,14,0,0,0,0,0,2,8,4,0,14,0,0,0,14
09/17/2020,CSG,GA,ASO,ES,Towers with Radar,0,7,1,0,8,0,0,3,0,3,0,7,4,0,11,4,0,4,15
09/18/2020,CSG,GA,ASO,ES,Towers with Radar,0,5,26,0,31,0,1,26,2,29,0,6,52,2,60,42,0,42,102
09/19/2020,CSG,GA,ASO,ES,Towers with Radar,0,5,16,2,23,0,0,10,0,10,0,5,26,2,33,24,0,24,57
09/20/2020,CSG,GA,ASO,ES,Towers with Radar,0,5,10,0,15,0,2,10,2,14,0,7,20,2,29,6,0,6,35
09/21/2020,CSG,GA,ASO,ES,Towers with Radar,2,7,14,2,25,0,0,40,1,41,2,7,54,3,66,62,8,70,136
09/22/2020,CSG,GA,ASO,ES,Towers with Radar,0,5,12,0,17,0,0,34,0,34,0,5,46,0,51,52,0,52,103
09/23/2020,CSG,GA,ASO,ES,Towers with Radar,2,5,16,0,23,0,1,27,2,30,2,6,43,2,53,60,10,70,123
09/24/2020,CSG,GA,ASO,ES,Towers with Radar,0,5,12,2,19,0,0,1,0,1,0,5,13,2,20,6,0,6,26
09/25/2020,CSG,GA,ASO,ES,Towers with Radar,0,6,22,3,31,0,0,9,1,10,0,6,31,4,41,50,0,50,91
09/26/2020,CSG,GA,ASO,ES,Towers with Radar,2,9,9,2,22,0,0,28,0,28,2,9,37,2,50,70,0,70,120
09/27/2020,CSG,GA,ASO,ES,Towers with Radar,0,6,9,0,15,0,0,13,0,13,0,6,22,0,28,18,0,18,46
09/28/2020,CSG,GA,ASO,ES,Towers with Radar,2,5,8,0,15,0,4,17,0,21,2,9,25,0,36,24,0,24,60
09/29/2020,CSG,GA,ASO,ES,Towers with Radar,0,5,7,2,14,0,0,0,0,0,0,5,7,2,14,8,0,8,22
09/30/2020,CSG,GA,ASO,ES,Towers with Radar,2,5,14,5,26,0,0,25,0,25,2,5,39,5,51,118,0,118,169
10/01/2020,CSG,GA,ASO,ES,Towers with Radar,0,8,12,3,23,0,0,23,0,23,0,8,35,3,46,32,0,32,78
10/02/2020,CSG,GA,ASO,ES,Towers with Radar,0,7,33,2,42,0,0,32,0,32,0,7,65,2,74,100,0,100,174
10/03/2020,CSG,GA,ASO,ES,Towers with Radar,0,7,12,0,19,0,0,45,0,45,0,7,57,0,64,96,0,96,160
10/04/2020,CSG,GA,ASO,ES,Towers with Radar,0,5,20,6,31,0,0,38,1,39,0,5,58,7,70,84,0,84,154
10/05/2020,CSG,GA,ASO,ES,Towers with Radar,2,7,8,0,17,0,5,29,1,35,2,12,37,1,52,54,0,54,106
10/06/2020,CSG,GA,ASO,ES,Towers with Radar,0,5,26,1,32,0,1,25,0,26,0,6,51,1,58,46,0,46,104
10/07/2020,CSG,GA,ASO,ES,Towers with Radar,2,7,20,0,29,0,1,35,0,36,2,8,55,0,65,26,0,26,91
10/08/2020,CSG,GA,ASO,ES,Towers with Radar,0,5,4,12,21,0,1,18,2,21,0,6,22,14,42,56,0,56,98
10/09/2020,CSG,GA,ASO,ES,Towers with Radar,2,8,6,0,16,0,0,2,0,2,2,8,8,0,18,0,0,0,18
10/10/2020,CSG,GA,ASO,ES,Towers with Radar,0,6,6,0,12,0,0,0,0,0,0,6,6,0,12,6,0,6,18
10/11/2020,CSG,GA,ASO,ES,Towers with Radar,0,7,3,0,10,0,0,2,0,2,0,7,5,0,12,12,0,12,24
10/12/2020,CSG,GA,ASO,ES,Towers with Radar,0,8,12,0,20,0,0,12,0,12,0,8,24,0,32,26,0,26,58
10/13/2020,CSG,GA,ASO,ES,Towers with Radar,0,8,15,0,23,0,2,32,1,35,0,10,47,1,58,64,0,64,122
10/14/2020,CSG,GA,ASO,ES,Towers with Radar,2,5,16,0,23,0,5,28,1,34,2,10,44,1,57,44,0,44,101
10/15/2020,CSG,GA,ASO,ES,Towers with Radar,0,7,14,0,21,0,0,34,1,35,0,7,48,1,56,32,0,32,88
10/16/2020,CSG,GA,ASO,ES,Towers with Radar,2,7,20,0,29,0,0,21,1,22,2,7,41,1,51,36,0,36,87
10/17/2020,CSG,GA,ASO,ES,Towers with Radar,0,6,7,0,13,0,0,28,1,29,0,6,35,1,42,42,0,42,84
10/18/2020,CSG,GA,ASO,ES,Towers with Radar,0,8,16,2,26,0,0,21,3,24,0,8,37,5,50,18,0,18,68
10/19/2020,CSG,GA,ASO,ES,Towers with Radar,2,6,10,0,18,0,0,18,0,18,2,6,28,0,36,52,0,52,88
10/20/2020,CSG,GA,ASO,ES,Towers with Radar,0,11,5,0,16,0,0,22,0,22,0,11,27,0,38,24,0,24,62
10/21/2020,CSG,GA,ASO,ES,Towers with Radar,2,9,20,16,47,0,0,26,0,26,2,9,46,16,73,48,0,48,121
10/22/2020,CSG,GA,ASO,ES,Towers with Radar,0,11,30,0,41,0,0,8,2,10,0,11,38,2,51,96,14,110,161
10/23/2020,CSG,GA,ASO,ES,Towers with Radar,4,9,5,4,22,0,2,9,0,11,4,11,14,4,33,8,0,8,41
10/24/2020,CSG,GA,ASO,ES,Towers with Radar,3,10,7,0,20,0,0,3,0,3,3,10,10,0,23,24,0,24,47
10/25/2020,CSG,GA,ASO,ES,Towers with Radar,0,10,15,1,26,0,4,8,0,12,0,14,23,1,38,30,0,30,68
10/26/2020,CSG,GA,ASO,ES,Towers with Radar,3,5,14,1,23,0,0,16,0,16,3,5,30,1,39,102,0,102,141
10/27/2020,CSG,GA,ASO,ES,Towers with Radar,0,9,21,0,30,0,0,2,0,2,0,9,23,0,32,28,0,28,60
10/28/2020,CSG,GA,ASO,ES,Towers with Radar,3,10,16,0,29,0,0,0,0,0,3,10,16,0,29,26,0,26,55
10/29/2020,CSG,GA,ASO,ES,Towers with Radar,0,9,14,0,23,0,0,6,0,6,0,9,20,0,29,0,0,0,29
10/30/2020,CSG,GA,ASO,ES,Towers with Radar,0,9,10,2,21,0,0,24,0,24,0,9,34,2,45,31,0,31,76
10/31/2020,CSG,GA,ASO,ES,Towers with Radar,0,12,8,0,20,0,0,31,0,31,0,12,39,0,51,40,0,40,91
11/01/2020,CSG,GA,ASO,ES,Towers with Radar,0,7,12,4,23,0,0,18,0,18,0,7,30,4,41,18,0,18,59
11/02/2020,CSG,GA,ASO,ES,Towers with Radar,2,3,18,0,23,0,0,33,0,33,2,3,51,0,56,94,0,94,150
11/03/2020,CSG,GA,ASO,ES,Towers with Radar,0,3,19,1,23,0,1,32,1,34,0,4,51,2,57,56,6,62,119
11/04/2020,CSG,GA,ASO,ES,Towers with Radar,2,4,12,2,20,0,1,30,2,33,2,5,42,4,53,70,0,70,123
11/05/2020,CSG,GA,ASO,ES,Towers with Radar,0,8,13,1,22,0,1,30,0,31,0,9,43,1,53,56,0,56,109
11/06/2020,CSG,GA,ASO,ES,Towers with Radar,0,5,14,2,21,0,10,34,5,49,0,15,48,7,70,24,0,24,94
11/07/2020,CSG,GA,ASO,ES,Towers with Radar,0,5,12,0,17,0,0,0,0,0,0,5,12,0,17,0,0,0,17
11/08/2020,CSG,GA,ASO,ES,Towers with Radar,0,7,14,0,21,0,0,3,0,3,0,7,17,0,24,24,0,24,48
11/09/2020,CSG,GA,ASO,ES,Towers with Radar,2,9,11,6,28,0,0,18,0,18,2,9,29,6,46,50,12,62,108
11/10/2020,CSG,GA,ASO,ES,Towers with Radar,0,8,16,4,28,0,0,0,0,0,0,8,16,4,28,0,0,0,28
11/11/2020,CSG,GA,ASO,ES,Towers with Radar,2,9,11,0,22,0,0,0,1,1,2,9,11,1,23,48,0,48,71
11/12/2020,CSG,GA,ASO,ES,Towers with Radar,0,11,20,0,31,0,0,23,2,25,0,11,43,2,56,40,0,40,96
11/13/2020,CSG,GA,ASO,ES,Towers with Radar,2,8,14,0,24,0,0,41,0,41,2,8,55,0,65,50,0,50,115
11/14/2020,CSG,GA,ASO,ES,Towers with Radar,0,10,8,2,20,0,0,49,1,50,0,10,57,3,70,54,0,54,124
11/15/2020,CSG,GA,ASO,ES,Towers with Radar,0,11,18,0,29,0,0,3,0,3,0,11,21,0,32,0,0,0,32
11/16/2020,CSG,GA,ASO,ES,Towers with Radar,0,10,12,0,22,0,3,14,0,17,0,13,26,0,39,34,0,34,73
11/17/2020,CSG,GA,ASO,ES,Towers with Radar,0,9,11,0,20,0,0,18,0,18,0,9,29,0,38,32,0,32,70
11/18/2020,CSG,GA,ASO,ES,Towers with Radar,2,7,10,6,25,0,1,37,0,38,2,8,47,6,63,95,0,95,158
11/19/2020,CSG,GA,ASO,ES,Towers with Radar,0,9,13,0,22,0,0,42,0,42,0,9,55,0,64,59,0,59,123
11/20/2020,CSG,GA,ASO,ES,Towers with Radar,0,8,23,0,31,0,0,28,0,28,0,8,51,0,59,40,0,40,99
11/21/2020,CSG,GA,ASO,ES,Towers with Radar,0,11,7,1,19,0,0,46,0,46,0,11,53,1,65,60,0,60,125
11/22/2020,CSG,GA,ASO,ES,Towers with Radar,2,7,6,0,15,0,2,28,0,30,2,9,34,0,45,56,0,56,101
11/23/2020,CSG,GA,ASO,ES,Towers with Radar,2,7,6,0,15,0,0,19,0,19,2,7,25,0,34,20,0,20,54
11/24/2020,CSG,GA,ASO,ES,Towers with Radar,0,7,12,0,19,0,0,29,0,29,0,7,41,0,48,34,0,34,82
11/25/2020,CSG,GA,ASO,ES,Towers with Radar,2,12,11,0,25,0,0,6,0,6,2,12,17,0,31,2,0,2,33
11/26/2020,CSG,GA,ASO,ES,Towers with Radar,0,3,3,0,6,0,0,2,0,2,0,3,5,0,8,0,0,0,8
11/27/2020,CSG,GA,ASO,ES,Towers with Radar,0,6,6,0,12,0,1,34,0,35,0,7,40,0,47,2,0,2,49
11/28/2020,CSG,GA,ASO,ES,Towers with Radar,0,12,14,0,26,0,2,17,3,22,0,14,31,3,48,18,0,18,66
11/29/2020,CSG,GA,ASO,ES,Towers with Radar,0,9,6,0,15,0,0,0,0,0,0,9,6,0,15,0,0,0,15
11/30/2020,CSG,GA,ASO,ES,Towers with Radar,2,7,7,9,25,0,0,1,0,1,2,7,8,9,26,0,0,0,26
12/01/2020,CSG,GA,ASO,ES,Towers with Radar,0,10,14,1,25,0,0,20,0,20,0,10,34,1,45,64,0,64,109
12/02/2020,CSG,GA,ASO,ES,Towers with Radar,2,10,14,0,26,0,0,38,0,38,2,10,52,0,64,100,0,100,164
12/03/2020,CSG,GA,ASO,ES,Towers with Radar,0,8,14,6,28,0,0,32,0,32,0,8,46,6,60,116,0,116,176
12/04/2020,CSG,GA,ASO,ES,Towers with Radar,0,13,7,0,20,0,0,0,0,0,0,13,7,0,20,16,0,16,36
12/05/2020,CSG,GA,ASO,ES,Towers with Radar,0,6,5,2,13,0,0,28,0,28,0,6,33,2,41,42,0,42,83
12/06/2020,CSG,GA,ASO,ES,Towers with Radar,0,5,12,0,17,0,0,24,0,24,0,5,36,0,41,26,0,26,67
12/07/2020,CSG,GA,ASO,ES,Towers with Radar,2,6,17,0,25,0,0,3,0,3,2,6,20,0,28,24,0,24,52
12/08/2020,CSG,GA,ASO,ES,Towers with Radar,0,5,9,0,14,0,0,28,3,31,0,5,37,3,45,24,16,40,85
12/09/2020,CSG,GA,ASO,ES,Towers with Radar,2,7,18,0,27,0,0,36,2,38,2,7,54,2,65,74,0,74,139
12/10/2020,CSG,GA,ASO,ES,Towers with Radar,0,5,13,4,22,0,4,47,1,52,0,9,60,5,74,122,2,124,198
12/11/2020,CSG,GA,ASO,ES,Towers with Radar,2,6,18,0,26,0,0,16,2,18,2,6,34,2,44,6,0,6,50
12/12/2020,CSG,GA,ASO,ES,Towers with Radar,0,7,13,0,20,0,1,19,0,20,0,8,32,0,40,47,0,47,87
12/13/2020,CSG,GA,ASO,ES,Towers with Radar,0,5,27,0,32,0,0,0,0,0,0,5,27,0,32,14,0,14,46
12/14/2020,CSG,GA,ASO,ES,Towers with Radar,2,6,2,0,10,0,0,2,0,2,2,6,4,0,12,8,0,8,20
12/15/2020,CSG,GA,ASO,ES,Towers with Radar,0,10,7,0,17,0,2,24,0,26,0,12,31,0,43,60,0,60,103
12/16/2020,CSG,GA,ASO,ES,Towers with Radar,2,8,3,1,14,0,0,0,0,0,2,8,3,1,14,0,0,0,14
12/17/2020,CSG,GA,ASO,ES,Towers with Radar,0,7,8,3,18,0,1,3,2,6,0,8,11,5,24,12,0,12,36
12/18/2020,CSG,GA,ASO,ES,Towers with Radar,0,7,20,0,27,0,2,50,0,52,0,9,70,0,79,122,0,122,201
12/19/2020,CSG,GA,ASO,ES,Towers with Radar,1,7,7,0,15,0,5,21,0,26,1,12,28,0,41,55,0,55,96
12/20/2020,CSG,GA,ASO,ES,Towers with Radar,0,12,17,0,29,0,3,2,0,5,0,15,19,0,34,12,0,12,46
12/21/2020,CSG,GA,ASO,ES,Towers with Radar,2,12,8,4,26,0,4,18,0,22,2,16,26,4,48,60,0,60,108
12/22/2020,CSG,GA,ASO,ES,Towers with Radar,0,13,15,0,28,0,0,20,0,20,0,13,35,0,48,32,0,32,80
12/23/2020,CSG,GA,ASO,ES,Towers with Radar,1,7,14,0,22,0,2,24,2,28,1,9,38,2,50,24,0,24,74
12/24/2020,CSG,GA,ASO,ES,Towers with Radar,0,7,3,0,10,0,0,0,0,0,0,7,3,0,10,0,0,0,10
12/25/2020,CSG,GA,ASO,ES,Towers with Radar,0,4,0,0,4,0,0,5,0,5,0,4,5,0,9,1,0,1,10
12/26/2020,CSG,GA,ASO,ES,Towers with Radar,0,8,9,0,17,0,0,28,0,28,0,8,37,0,45,6,0,6,51
12/27/2020,CSG,GA,ASO,ES,Towers with Radar,0,9,14,0,23,0,0,23,0,23,0,9,37,0,46,26,0,26,72
12/28/2020,CSG,GA,ASO,ES,Towers with Radar,1,8,9,0,18,0,0,22,0,22,1,8,31,0,40,72,0,72,112
12/29/2020,CSG,GA,ASO,ES,Towers with Radar,0,8,13,0,21,0,0,48,0,48,0,8,61,0,69,142,0,142,211
12/30/2020,CSG,GA,ASO,ES,Towers with Radar,1,9,15,0,25,0,0,25,2,27,1,9,40,2,52,66,0,66,118
12/31/2020,CSG,GA,ASO,ES,Towers with Radar,2,3,16,0,21,0,0,0,0,0,2,3,16,0,21,0,0,0,21
01/01/2021,CSG,GA,ASO,ES,Towers with Radar,1,2,1,0,4,0,0,0,0,0,1,2,1,0,4,0,0,0,4
01/02/2021,CSG,GA,ASO,ES,Towers with Radar,0,8,22,2,32,0,0,5,0,5,0,8,27,2,37,26,0,26,63
01/03/2021,CSG,GA,ASO,ES,Towers with Radar,0,10,16,0,26,0,6,24,0,30,0,16,40,0,56,18,0,18,74
01/04/2021,CSG,GA,ASO,ES,Towers with Radar,1,9,11,0,21,0,0,36,0,36,1,9,47,0,57,68,0,68,125
01/05/2021,CSG,GA,ASO,ES,Towers with Radar,0,5,11,0,16,0,0,29,0,29,0,5,40,0,45,27,0,27,72
01/06/2021,CSG,GA,ASO,ES,Towers with Radar,2,7,9,0,18,0,4,45,0,49,2,11,54,0,67,88,0,88,155
01/07/2021,CSG,GA,ASO,ES,Towers with Radar,0,6,4,1,11,0,0,0,2,2,0,6,4,3,13,6,2,8,21
01/08/2021,CSG,GA,ASO,ES,Towers with Radar,0,5,8,1,14,0,0,0,3,3,0,5,8,4,17,0,2,2,19
01/09/2021,CSG,GA,ASO,ES,Towers with Radar,0,4,9,1,14,0,0,3,2,5,0,4,12,3,19,4,10,14,33
01/10/2021,CSG,GA,ASO,ES,Towers with Radar,0,5,8,1,14,0,2,34,3,39,0,7,42,4,53,56,0,56,109
01/11/2021,CSG,GA,ASO,ES,Towers with Radar,2,5,7,0,14,0,0,0,0,0,2,5,7,0,14,0,0,0,14
01/12/2021,CSG,GA,ASO,ES,Towers with Radar,0,7,11,2,20,0,0,0,0,0,0,7,11,2,20,16,0,16,36
01/13/2021,CSG,GA,ASO,ES,Towers with Radar,2,7,18,7,34,0,0,35,6,41,2,7,53,13,75,92,11,103,178
01/14/2021,CSG,GA,ASO,ES,Towers with Radar,0,7,16,1,24,0,0,46,3,49,0,7,62,4,73,76,0,76,149
01/15/2021,CSG,GA,ASO,ES,Towers with Radar,2,8,15,0,25,0,0,34,0,34,2,8,49,0,59,88,0,88,147
01/16/2021,CSG,GA,ASO,ES,Towers with Radar,2,5,5,0,12,0,0,9,0,9,2,5,14,0,21,14,0,14,35
01/17/2021,CSG,GA,ASO,ES,Towers with Radar,0,4,11,0,15,0,0,45,0,45,0,4,56,0,60,36,0,36,96
01/18/2021,CSG,GA,ASO,ES,Towers with Radar,0,12,16,0,28,0,1,45,0,46,0,13,61,0,74,102,0,102,176
01/19/2021,CSG,GA,ASO,ES,Towers with Radar,2,9,18,3,32,0,4,25,3,32,2,13,43,6,64,98,0,98,162
01/20/2021,CSG,GA,ASO,ES,Towers with Radar,2,7,12,2,23,0,1,47,1,49,2,8,59,3,72,30,0,30,102
01/21/2021,CSG,GA,ASO,ES,Towers with Radar,0,5,5,0,10,0,0,0,1,1,0,5,5,1,11,30,2,32,43
01/22/2021,CSG,GA,ASO,ES,Towers with Radar,0,5,13,0,18,0,0,0,0,0,0,5,13,0,18,0,0,0,18
01/23/2021,CSG,GA,ASO,ES,Towers with Radar,0,3,11,0,14,0,0,58,0,58,0,3,69,0,72,94,0,94,166
01/24/2021,CSG,GA,ASO,ES,Towers with Radar,0,5,8,0,13,0,0,12,1,13,0,5,20,1,26,78,0,78,104
01/25/2021,CSG,GA,ASO,ES,Towers with Radar,0,5,9,2,16,0,0,10,0,10,0,5,19,2,26,8,0,8,34
01/26/2021,CSG,GA,ASO,ES,Towers with Radar,0,5,10,11,26,0,0,17,0,17,0,5,27,11,43,68,26,94,137
01/27/2021,CSG,GA,ASO,ES,Towers with Radar,1,5,14,10,30,0,0,12,0,12,1,5,26,10,42,54,58,112,154
01/28/2021,CSG,GA,ASO,ES,Towers with Radar,2,5,21,0,28,0,0,18,0,18,2,5,39,0,46,34,0,34,80
01/29/2021,CSG,GA,ASO,ES,Towers with Radar,0,5,7,2,14,0,0,54,0,54,0,5,61,2,68,154,0,154,222
01/30/2021,CSG,GA,ASO,ES,Towers with Radar,0,3,2,0,5,0,2,40,1,43,0,5,42,1,48,63,0,63,111
01/31/2021,CSG,GA,ASO,ES,Towers with Radar,0,5,10,0,15,0,0,2,0,2,0,5,12,0,17,0,0,0,17
02/01/2021,CSG,GA,ASO,ES,Towers with Radar,2,11,7,0,20,0,0,2,2,4,2,11,9,2,24,0,4,4,28
02/02/2021,CSG,GA,ASO,ES,Towers with Radar,0,7,10,0,17,0,1,11,0,12,0,8,21,0,29,4,0,4,33
02/03/2021,CSG,GA,ASO,ES,Towers with Radar,2,7,23,0,32,0,0,28,0,28,2,7,51,0,60,38,0,38,98
02/04/2021,CSG,GA,ASO,ES,Towers with Radar,0,6,11,1,18,0,0,29,0,29,0,6,40,1,47,66,0,66,113
02/05/2021,CSG,GA,ASO,ES,Towers with Radar,0,5,14,0,19,0,0,23,4,27,0,5,37,4,46,32,0,32,78
02/06/2021,CSG,GA,ASO,ES,Towers with Radar,0,5,6,1,12,0,0,4,0,4,0,5,10,1,16,36,0,36,52
02/07/2021,CSG,GA,ASO,ES,Towers with Radar,0,3,9,2,14,0,2,13,6,21,0,5,22,8,35,28,0,28,63
02/08/2021,CSG,GA,ASO,ES,Towers with Radar,0,7,8,0,15,0,1,36,3,40,0,8,44,3,55,36,0,36,91
02/09/2021,CSG,GA,ASO,ES,Towers with Radar,0,5,10,1,16,0,0,2,0,2,0,5,12,1,18,10,0,10,28
02/10/2021,CSG,GA,ASO,ES,Towers with Radar,0,9,14,3,26,0,0,2,0,2,0,9,16,3,28,46,0,46,74
02/11/2021,CSG,GA,ASO,ES,Towers with Radar,0,9,4,0,13,0,0,0,0,0,0,9,4,0,13,0,0,0,13
02/12/2021,CSG,GA,ASO,ES,Towers with Radar,0,5,12,2,19,0,0,0,0,0,0,5,12,2,19,0,0,0,19
02/13/2021,CSG,GA,ASO,ES,Towers with Radar,0,5,13,0,18,0,0,0,0,0,0,5,13,0,18,0,0,0,18
02/14/2021,CSG,GA,ASO,ES,Towers with Radar,0,6,9,0,15,0,0,0,0,0,0,6,9,0,15,0,0,0,15
02/15/2021,CSG,GA,ASO,ES,Towers with Radar,0,11,5,0,16,0,0,0,0,0,0,11,5,0,16,0,0,0,16
02/16/2021,CSG,GA,ASO,ES,Towers with Radar,0,9,10,1,20,0,0,17,2,19,0,9,27,3,39,56,0,56,95
02/17/2021,CSG,GA,ASO,ES,Towers with Radar,0,7,9,0,16,0,0,27,0,27,0,7,36,0,43,54,0,54,97
02/18/2021,CSG,GA,ASO,ES,Towers with Radar,0,5,3,0,8,0,0,0,0,0,0,5,3,0,8,0,0,0,8
02/19/2021,CSG,GA,ASO,ES,Towers with Radar,1,8,10,3,22,0,0,17,3,20,1,8,27,6,42,6,8,14,56
02/20/2021,CSG,GA,ASO,ES,Towers with Radar,0,6,9,0,15,0,0,63,0,63,0,6,72,0,78,82,0,82,160
02/21/2021,CSG,GA,ASO,ES,Towers with Radar,0,8,10,1,19,0,0,36,0,36,0,8,46,1,55,14,0,14,69
02/22/2021,CSG,GA,ASO,ES,Towers with Radar,1,7,7,2,17,0,0,7,0,7,1,7,14,2,24,26,0,26,50
02/23/2021,CSG,GA,ASO,ES,Towers with Radar,0,7,9,3,19,0,2,34,1,37,0,9,43,4,56,114,0,114,170
02/24/2021,CSG,GA,ASO,ES,Towers with Radar,2,5,18,2,27,0,1,39,0,40,2,6,57,2,67,94,0,94,161
02/25/2021,CSG,GA,ASO,ES,Towers with Radar,0,6,14,0,20,0,0,25,0,25,0,6,39,0,45,88,0,88,133
02/26/2021,CSG,GA,ASO,ES,Towers with Radar,1,7,17,2,27,0,0,4,0,4,1,7,21,2,31,40,0,40,71
02/27/2021,CSG,GA,ASO,ES,Towers with Radar,1,4,18,2,25,0,0,10,0,10,1,4,28,2,35,20,0,20,55
02/28/2021,CSG,GA,ASO,ES,Towers with Radar,0,5,11,0,16,0,5,9,0,14,0,10,20,0,30,30,0,30,60
03/01/2021,CSG,GA,ASO,ES,Towers with Radar,0,7,11,4,22,0,1,9,0,10,0,8,20,4,32,0,12,12,44
03/02/2021,CSG,GA,ASO,ES,Towers with Radar,0,5,5,2,12,0,0,0,0,0,0,5,5,2,12,0,0,0,12
03/03/2021,CSG,GA,ASO,ES,Towers with Radar,2,6,17,3,28,0,1,32,2,35,2,7,49,5,63,104,42,146,209
03/04/2021,CSG,GA,ASO,ES,Towers with Radar,0,8,16,0,24,0,0,47,3,50,0,8,63,3,74,126,0,126,200
03/05/2021,CSG,GA,ASO,ES,Towers with Radar,0,4,10,0,14,0,0,27,2,29,0,4,37,2,43,102,0,102,145
03/06/2021,CSG,GA,ASO,ES,Towers with Radar,0,4,4,0,8,0,1,36,3,40,0,5,40,3,48,104,0,104,152
03/07/2021,CSG,GA,ASO,ES,Towers with Radar,0,9,9,0,18,0,2,27,0,29,0,11,36,0,47,30,0,30,77
03/08/2021,CSG,GA,ASO,ES,Towers with Radar,0,4,11,0,15,0,3,19,0,22,0,7,30,0,37,108,0,108,145
03/09/2021,CSG,GA,ASO,ES,Towers with Radar,0,5,11,0,16,0,3,28,0,31,0,8,39,0,47,138,0,138,185
03/10/2021,CSG,GA,ASO,ES,Towers with Radar,1,5,17,3,26,0,1,32,1,34,1,6,49,4,60,92,0,92,152
03/11/2021,CSG,GA,ASO,ES,Towers with Radar,0,6,10,0,16,0,3,19,0,22,0,9,29,0,38,40,0,40,78
03/12/2021,CSG,GA,ASO,ES,Towers with Radar,0,6,11,2,19,0,2,38,2,42,0,8,49,4,61,96,0,96,157
03/13/2021,CSG,GA,ASO,ES,Towers with Radar,0,2,6,0,8,0,2,41,0,43,0,4,47,0,51,69,0,69,120
03/14/2021,CSG,GA,ASO,ES,Towers with Radar,0,6,12,1,19,0,2,33,0,35,0,8,45,1,54,90,0,90,144
03/15/2021,CSG,GA,ASO,ES,Towers with Radar,0,8,7,0,15,0,0,23,1,24,0,8,30,1,39,26,0,26,65
03/16/2021,CSG,GA,ASO,ES,Towers with Radar,0,4,8,0,12,0,0,0,0,0,0,4,8,0,12,0,0,0,12
03/17/2021,CSG,GA,ASO,ES,Towers with Radar,2,4,7,0,13,0,0,0,0,0,2,4,7,0,13,0,0,0,13
03/18/2021,CSG,GA,ASO,ES,Towers with Radar,0,5,14,0,19,0,5,8,1,14,0,10,22,1,33,0,0,0,33
03/19/2021,CSG,GA,ASO,ES,Towers with Radar,0,4,22,0,26,0,0,4,1,5,0,4,26,1,31,34,0,34,65
03/20/2021,CSG,GA,ASO,ES,Towers with Radar,0,6,14,2,22,0,0,39,0,39,0,6,53,2,61,16,0,16,77
03/21/2021,CSG,GA,ASO,ES,Towers with Radar,2,7,16,3,28,0,1,27,0,28,2,8,43,3,56,50,0,50,106
03/22/2021,CSG,GA,ASO,ES,Towers with Radar,0,9,11,0,20,0,1,31,3,35,0,10,42,3,55,53,0,53,108
03/23/2021,CSG,GA,ASO,ES,Towers with Radar,0,6,5,2,13,0,1,20,2,23,0,7,25,4,36,102,0,102,138
03/24/2021,CSG,GA,ASO,ES,Towers with Radar,2,3,25,3,33,0,0,18,0,18,2,3,43,3,51,38,0,38,89
03/25/2021,CSG,GA,ASO,ES,Towers with Radar,0,7,10,0,17,0,0,9,0,9,0,7,19,0,26,40,0,40,66
03/26/2021,CSG,GA,ASO,ES,Towers with Radar,0,4,20,0,24,0,0,7,0,7,0,4,27,0,31,12,0,12,43
03/27/2021,CSG,GA,ASO,ES,Towers with Radar,0,2,41,1,44,0,0,11,1,12,0,2,52,2,56,28,0,28,84
03/28/2021,CSG,GA,ASO,ES,Towers with Radar,0,6,17,2,25,0,0,4,0,4,0,6,21,2,29,24,0,24,53
03/29/2021,CSG,GA,ASO,ES,Towers with Radar,0,4,15,1,20,0,2,44,0,46,0,6,59,1,66,70,6,76,142
03/30/2021,CSG,GA,ASO,ES,Towers with Radar,0,7,21,0,28,0,0,9,1,10,0,7,30,1,38,28,0,28,66
03/31/2021,CSG,GA,ASO,ES,Towers with Radar,2,8,11,0,21,0,0,0,0,0,2,8,11,0,21,0,0,0,21
04/01/2021,CSG,GA,ASO,ES,Towers with Radar,0,9,11,0,20,0,2,10,2,14,0,11,21,2,34,0,0,0,34
04/02/2021,CSG,GA,ASO,ES,Towers with Radar,1,7,29,0,37,0,1,32,1,34,1,8,61,1,71,20,0,20,91
04/03/2021,CSG,GA,ASO,ES,Towers with Radar,1,2,13,1,17,0,0,50,0,50,1,2,63,1,67,80,0,80,147
04/04/2021,CSG,GA,ASO,ES,Towers with Radar,0,7,9,0,16,0,6,20,0,26,0,13,29,0,42,24,0,24,66
04/05/2021,CSG,GA,ASO,ES,Towers with Radar,0,11,16,0,27,0,5,54,0,59,0,16,70,0,86,66,0,66,152
04/06/2021,CSG,GA,ASO,ES,Towers with Radar,0,6,36,2,44,0,1,38,0,39,0,7,74,2,83,24,0,24,107
04/07/2021,CSG,GA,ASO,ES,Towers with Radar,1,7,21,0,29,0,1,25,0,26,1,8,46,0,55,38,0,38,93
04/08/2021,CSG,GA,ASO,ES,Towers with Radar,0,9,20,2,31,0,1,4,0,5,0,10,24,2,36,12,0,12,48
04/09/2021,CSG,GA,ASO,ES,Towers with Radar,0,7,12,0,19,0,0,3,0,3,0,7,15,0,22,0,0,0,22
04/10/2021,CSG,GA,ASO,ES,Towers with Radar,0,3,4,0,7,0,0,0,0,0,0,3,4,0,7,0,0,0,7
04/11/2021,CSG,GA,ASO,ES,Towers with Radar,0,12,14,0,26,0,0,22,1,23,0,12,36,1,49,72,0,72,121
04/12/2021,CSG,GA,ASO,ES,Towers with Radar,0,6,13,3,22,0,3,45,0,48,0,9,58,3,70,114,0,114,184
04/13/2021,CSG,GA,ASO,ES,Towers with Radar,0,6,20,7,33,0,0,28,4,32,0,6,48,11,65,32,8,40,105
04/14/2021,CSG,GA,ASO,ES,Towers with Radar,1,8,19,0,28,0,4,27,0,31,1,12,46,0,59,18,0,18,77
04/15/2021,CSG,GA,ASO,ES,Towers with Radar,0,12,14,0,26,0,1,15,0,16,0,13,29,0,42,16,0,16,58
04/16/2021,CSG,GA,ASO,ES,Towers with Radar,0,10,26,0,36,0,2,26,0,28,0,12,52,0,64,80,0,80,144
04/17/2021,CSG,GA,ASO,ES,Towers with Radar,0,4,15,0,19,0,2,46,2,50,0,6,61,2,69,74,0,74,143
04/18/2021,CSG,GA,ASO,ES,Towers with Radar,0,11,22,2,35,0,0,27,0,27,0,11,49,2,62,44,0,44,106
04/19/2021,CSG,GA,ASO,ES,Towers with Radar,2,8,20,0,30,0,2,35,0,37,2,10,55,0,67,75,0,75,142
04/20/2021,CSG,GA,ASO,ES,Towers with Radar,2,7,35,0,44,0,1,45,2,48,2,8,80,2,92,90,16,106,198
04/21/2021,CSG,GA,ASO,ES,Towers with Radar,2,4,21,2,29,0,0,18,0,18,2,4,39,2,47,13,0,13,60
04/22/2021,CSG,GA,ASO,ES,Towers with Radar,2,6,24,1,33,0,0,29,1,30,2,6,53,2,63,82,8,90,153
04/23/2021,CSG,GA,ASO,ES,Towers with Radar,0,8,16,0,24,0,2,24,0,26,0,10,40,0,50,32,0,32,82
04/24/2021,CSG,GA,ASO,ES,Towers with Radar,0,2,6,0,8,0,0,0,0,0,0,2,6,0,8,0,0,0,8
04/25/2021,CSG,GA,ASO,ES,Towers with Radar,0,6,23,0,29,0,0,26,0,26,0,6,49,0,55,20,0,20,75
04/26/2021,CSG,GA,ASO,ES,Towers with Radar,0,6,18,1,25,0,5,18,0,23,0,11,36,1,48,26,6,32,80
04/27/2021,CSG,GA,ASO,ES,Towers with Radar,0,6,14,0,20,0,0,36,1,37,0,6,50,1,57,70,2,72,129
04/28/2021,CSG,GA,ASO,ES,Towers with Radar,1,6,19,0,26,0,1,44,0,45,1,7,63,0,71,38,0,38,109
04/29/2021,CSG,GA,ASO,ES,Towers with Radar,0,7,22,0,29,0,8,17,0,25,0,15,39,0,54,10,0,10,64
04/30/2021,CSG,GA,ASO,ES,Towers with Radar,2,7,14,4,27,0,0,20,1,21,2,7,34,5,48,32,16,48,96
05/01/2021,CSG,GA,ASO,ES,Towers with Radar,0,2,13,0,15,0,0,41,0,41,0,2,54,0,56,8,0,8,64
05/02/2021,CSG,GA,ASO,ES,Towers with Radar,2,6,15,1,24,0,0,26,0,26,2,6,41,1,50,10,0,10,60
05/03/2021,CSG,GA,ASO,ES,Towers with Radar,0,5,8,1,14,0,0,0,0,0,0,5,8,1,14,0,0,0,14
05/04/2021,CSG,GA,ASO,ES,Towers with Radar,0,8,7,0,15,0,0,3,0,3,0,8,10,0,18,0,0,0,18
05/05/2021,CSG,GA,ASO,ES,Towers with Radar,2,6,24,0,32,0,0,4,0,4,2,6,28,0,36,12,0,12,48
05/06/2021,CSG,GA,ASO,ES,Towers with Radar,2,11,22,0,35,0,4,43,3,50,2,15,65,3,85,46,0,46,131
05/07/2021,CSG,GA,ASO,ES,Towers with Radar,2,8,26,0,36,0,0,46,0,46,2,8,72,0,82,26,0,26,108
05/08/2021,CSG,GA,ASO,ES,Towers with Radar,0,10,14,0,24,0,0,56,0,56,0,10,70,0,80,100,0,100,180
05/09/2021,CSG,GA,ASO,ES,Towers with Radar,0,12,17,0,29,0,0,12,0,12,0,12,29,0,41,10,0,10,51
05/10/2021,CSG,GA,ASO,ES,Towers with Radar,0,5,8,0,13,0,0,1,0,1,0,5,9,0,14,18,0,18,32
05/11/2021,CSG,GA,ASO,ES,Towers with Radar,0,4,23,4,31,0,0,12,0,12,0,4,35,4,43,58,8,66,109
05/12/2021,CSG,GA,ASO,ES,Towers with Radar,1,6,19,0,26,0,0,0,0,0,1,6,19,0,26,0,0,0,26
05/13/2021,CSG,GA,ASO,ES,Towers with Radar,2,11,27,8,48,0,0,27,3,30,2,11,54,11,78,86,36,122,200
05/14/2021,CSG,GA,ASO,ES,Towers with Radar,0,4,18,4,26,0,0,32,1,33,0,4,50,5,59,14,0,14,73
05/15/2021,CSG,GA,ASO,ES,Towers with Radar,2,6,16,4,28,0,2,25,0,27,2,8,41,4,55,42,0,42,97
05/16/2021,CSG,GA,ASO,ES,Towers with Radar,0,8,11,0,19,0,0,27,0,27,0,8,38,0,46,20,0,20,66
05/17/2021,CSG,GA,ASO,ES,Towers with Radar,0,7,18,3,28,0,2,21,0,23,0,9,39,3,51,22,0,22,73
05/18/2021,CSG,GA,ASO,ES,Towers with Radar,2,6,20,0,28,0,1,25,0,26,2,7,45,0,54,6,0,6,60
05/19/2021,CSG,GA,ASO,ES,Towers with Radar,1,5,25,4,35,0,3,16,0,19,1,8,41,4,54,24,0,24,78
05/20/2021,CSG,GA,ASO,ES,Towers with Radar,0,8,21,2,31,0,0,25,1,26,0,8,46,3,57,0,0,0,57
05/21/2021,CSG,GA,ASO,ES,Towers with Radar,0,8,10,3,21,0,1,26,1,28,0,9,36,4,49,24,0,24,73
05/22/2021,CSG,GA,ASO,ES,Towers with Radar,0,5,20,0,25,0,0,32,0,32,0,5,52,0,57,27,0,27,84
05/23/2021,CSG,GA,ASO,ES,Towers with Radar,2,7,12,3,24,0,2,39,1,42,2,9,51,4,66,62,0,62,128
05/24/2021,CSG,GA,ASO,ES,Towers with Radar,0,5,16,2,23,0,0,35,3,38,0,5,51,5,61,62,0,62,123
05/25/2021,CSG,GA,ASO,ES,Towers with Radar,0,7,19,0,26,0,0,38,0,38,0,7,57,0,64,80,0,80,144
05/26/2021,CSG,GA,ASO,ES,Towers with Radar,4,6,13,0,23,0,0,51,0,51,4,6,64,0,74,94,0,94,168
05/27/2021,CSG,GA,ASO,ES,Towers with Radar,0,10,19,0,29,0,0,16,0,16,0,10,35,0,45,64,0,64,109
05/28/2021,CSG,GA,ASO,ES,Towers with Radar,2,7,12,2,23,0,0,19,0,19,2,7,31,2,42,10,0,10,52
05/29/2021,CSG,GA,ASO,ES,Towers with Radar,0,4,7,0,11,0,0,29,0,29,0,4,36,0,40,36,0,36,76
05/30/2021,CSG,GA,ASO,ES,Towers with Radar,0,4,5,0,9,0,0,12,0,12,0,4,17,0,21,10,0,10,31
05/31/2021,CSG,GA,ASO,ES,Towers with Radar,0,5,10,0,15,0,0,43,0,43,0,5,53,0,58,36,0,36,94
06/01/2021,CSG,GA,ASO,ES,Towers with Radar,2,11,24,2,39,0,0,30,3,33,2,11,54,5,72,82,0,82,154
06/02/2021,CSG,GA,ASO,ES,Towers with Radar,1,5,16,0,22,0,0,30,0,30,1,5,46,0,52,84,0,84,136
06/03/2021,CSG,GA,ASO,ES,Towers with Radar,0,7,21,0,28,0,2,23,0,25,0,9,44,0,53,34,0,34,87
06/04/2021,CSG,GA,ASO,ES,Towers with Radar,0,6,16,0,22,0,1,27,0,28,0,7,43,0,50,28,0,28,78
06/05/2021,CSG,GA,ASO,ES,Towers with Radar,0,8,18,0,26,0,0,40,0,40,0,8,58,0,66,96,0,96,162
06/06/2021,CSG,GA,ASO,ES,Towers with Radar,2,6,13,0,21,0,0,4,2,6,2,6,17,2,27,46,0,46,73
06/07/2021,CSG,GA,ASO,ES,Towers with Radar,0,4,8,0,12,0,0,2,0,2,0,4,10,0,14,0,0,0,14
06/08/2021,CSG,GA,ASO,ES,Towers with Radar,0,4,16,0,20,0,0,2,0,2,0,4,18,0,22,32,0,32,54
06/09/2021,CSG,GA,ASO,ES,Towers with Radar,2,7,32,0,41,0,0,23,2,25,2,7,55,2,66,78,0,78,144
06/10/2021,CSG,GA,ASO,ES,Towers with Radar,0,6,33,5,44,0,0,11,2,13,0,6,44,7,57,38,0,38,95
06/11/2021,CSG,GA,ASO,ES,Towers with Radar,0,11,11,0,22,0,0,1,4,5,0,11,12,4,27,2,0,2,29
06/12/2021,CSG,GA,ASO,ES,Towers with Radar,0,10,9,1,20,0,0,5,1,6,0,10,14,2,26,20,0,20,46
06/13/2021,CSG,GA,ASO,ES,Towers with Radar,0,6,23,0,29,0,0,28,0,28,0,6,51,0,57,11,2,13,70
06/14/2021,CSG,GA,ASO,ES,Towers with Radar,0,8,21,1,30,0,3,48,0,51,0,11,69,1,81,110,4,114,195
06/15/2021,CSG,GA,ASO,ES,Towers with Radar,0,9,27,0,36,0,0,29,0,29,0,9,56,0,65,48,0,48,113
06/16/2021,CSG,GA,ASO,ES,Towers with Radar,1,9,16,0,26,0,0,25,0,25,1,9,41,0,51,54,0,54,105
06/17/2021,CSG,GA,ASO,ES,Towers with Radar,2,4,23,0,29,0,0,54,3,57,2,4,77,3,86,72,6,78,164
06/18/2021,CSG,GA,ASO,ES,Towers with Radar,0,4,16,0,20,0,2,35,0,37,0,6,51,0,57,53,0,53,110
06/19/2021,CSG,GA,ASO,ES,Towers with Radar,0,6,9,0,15,0,0,0,0,0,0,6,9,0,15,0,0,0,15
06/20/2021,CSG,GA,ASO,ES,Towers with Radar,0,6,8,2,16,0,0,2,0,2,0,6,10,2,18,4,0,4,22
06/21/2021,CSG,GA,ASO,ES,Towers with Radar,0,7,6,0,13,0,0,1,0,1,0,7,7,0,14,4,0,4,18
06/22/2021,CSG,GA,ASO,ES,Towers with Radar,2,4,20,0,26,0,1,9,0,10,2,5,29,0,36,18,0,18,54
06/23/2021,CSG,GA,ASO,ES,Towers with Radar,1,8,22,2,33,0,0,46,4,50,1,8,68,6,83,96,16,112,195
06/24/2021,CSG,GA,ASO,ES,Towers with Radar,0,6,19,4,29,0,0,12,3,15,0,6,31,7,44,20,0,20,64
06/25/2021,CSG,GA,ASO,ES,Towers with Radar,2,9,11,9,31,0,0,51,0,51,2,9,62,9,82,66,0,66,148
06/26/2021,CSG,GA,ASO,ES,Towers with Radar,0,4,23,0,27,0,0,25,0,25,0,4,48,0,52,86,0,86,138
06/27/2021,CSG,GA,ASO,ES,Towers with Radar,0,6,14,0,20,0,0,2,0,2,0,6,16,0,22,10,0,10,32
06/28/2021,CSG,GA,ASO,ES,Towers with Radar,0,7,12,2,21,0,0,40,2,42,0,7,52,4,63,106,26,132,195
06/29/2021,CSG,GA,ASO,ES,Towers with Radar,0,6,17,0,23,0,0,29,0,29,0,6,46,0,52,68,0,68,120
06/30/2021,CSG,GA,ASO,ES,Towers with Radar,2,8,30,2,42,0,0,17,4,21,2,8,47,6,63,63,18,81,144
07/01/2021,CSG,GA,ASO,ES,Towers with Radar,0,4,26,2,32,0,0,14,0,14,0,4,40,2,46,84,0,84,130
07/02/2021,CSG,GA,ASO,ES,Towers with Radar,0,6,17,3,26,0,0,4,0,4,0,6,21,3,30,0,0,0,30
07/03/2021,CSG,GA,ASO,ES,Towers with Radar,2,4,13,0,19,0,0,28,0,28,2,4,41,0,47,32,0,32,79
07/04/2021,CSG,GA,ASO,ES,Towers with Radar,0,5,8,0,13,0,2,18,0,20,0,7,26,0,33,90,0,90,123
07/05/2021,CSG,GA,ASO,ES,Towers with Radar,2,5,14,0,21,0,0,31,0,31,2,5,45,0,52,106,0,106,158
07/06/2021,CSG,GA,ASO,ES,Towers with Radar,2,7,17,2,28,0,0,17,2,19,2,7,34,4,47,46,4,50,97
07/07/2021,CSG,GA,ASO,ES,Towers with Radar,0,10,14,0,24,0,0,2,0,2,0,10,16,0,26,32,0,32,58
07/08/2021,CSG,GA,ASO,ES,Towers with Radar,4,8,23,2,37,0,0,12,0,12,4,8,35,2,49,88,16,104,153
07/09/2021,CSG,GA,ASO,ES,Towers with Radar,0,8,31,4,43,0,0,16,0,16,0,8,47,4,59,2,20,22,81
07/10/2021,CSG,GA,ASO,ES,Towers with Radar,0,6,16,0,22,0,0,27,0,27,0,6,43,0,49,20,0,20,69
07/11/2021,CSG,GA,ASO,ES,Towers with Radar,2,6,18,0,26,0,0,7,0,7,2,6,25,0,33,6,0,6,39
07/12/2021,CSG,GA,ASO,ES,Towers with Radar,0,4,22,0,26,0,0,10,0,10,0,4,32,0,36,29,0,29,65
07/13/2021,CSG,GA,ASO,ES,Towers with Radar,0,4,35,0,39,0,0,19,0,19,0,4,54,0,58,46,0,46,104
07/14/2021,CSG,GA,ASO,ES,Towers with Radar,1,5,20,1,27,0,1,34,2,37,1,6,54,3,64,82,4,86,150
07/15/2021,CSG,GA,ASO,ES,Towers with Radar,2,11,10,0,23,0,1,27,0,28,2,12,37,0,51,74,0,74,125
07/16/2021,CSG,GA,ASO,ES,Towers with Radar,0,5,17,0,22,0,6,35,0,41,0,11,52,0,63,70,0,70,133
07/17/2021,CSG,GA,ASO,ES,Towers with Radar,2,6,14,0,22,0,0,32,1,33,2,6,46,1,55,114,0,114,169
07/18/2021,CSG,GA,ASO,ES,Towers with Radar,0,4,23,0,27,0,0,23,0,23,0,4,46,0,50,157,0,157,207
07/19/2021,CSG,GA,ASO,ES,Towers with Radar,0,9,28,0,37,0,0,3,0,3,0,9,31,0,40,8,0,8,48
07/20/2021,CSG,GA,ASO,ES,Towers with Radar,0,13,16,2,31,0,0,2,2,4,0,13,18,4,35,10,0,10,45
07/21/2021,CSG,GA,ASO,ES,Towers with Radar,1,6,17,0,24,0,0,8,0,8,1,6,25,0,32,48,0,48,80
07/22/2021,CSG,GA,ASO,ES,Towers with Radar,0,6,45,0,51,0,0,8,1,9,0,6,53,1,60,78,0,78,138
07/23/2021,CSG,GA,ASO,ES,Towers with Radar,2,7,17,0,26,0,0,17,1,18,2,7,34,1,44,95,0,95,139
07/24/2021,CSG,GA,ASO,ES,Towers with Radar,0,4,12,0,16,0,0,36,0,36,0,4,48,0,52,192,0,192,244
07/25/2021,CSG,GA,ASO,ES,Towers with Radar,0,6,13,0,19,0,3,23,2,28,0,9,36,2,47,66,0,66,113
07/26/2021,CSG,GA,ASO,ES,Towers with Radar,0,6,16,0,22,0,0,30,0,30,0,6,46,0,52,42,0,42,94
07/27/2021,CSG,GA,ASO,ES,Towers with Radar,0,4,10,0,14,0,2,17,0,19,0,6,27,0,33,38,0,38,71
07/28/2021,CSG,GA,ASO,ES,Towers with Radar,2,5,18,1,26,0,0,22,0,22,2,5,40,1,48,72,20,92,140
07/29/2021,CSG,GA,ASO,ES,Towers with Radar,0,5,32,0,37,0,1,23,5,29,0,6,55,5,66,74,0,74,140
07/30/2021,CSG,GA,ASO,ES,Towers with Radar,2,4,15,2,23,0,0,30,4,34,2,4,45,6,57,74,12,86,143
07/31/2021,CSG,GA,ASO,ES,Towers with Radar,0,10,9,0,19,0,0,16,3,19,0,10,25,3,38,48,0,48,86
08/01/2021,CSG,GA,ASO,ES,Towers with Radar,0,5,20,0,25,0,0,19,3,22,0,5,39,3,47,30,0,30,77
08/02/2021,CSG,GA,ASO,ES,Towers with Radar,0,7,11,2,20,0,0,12,0,12,0,7,23,2,32,44,0,44,76
08/03/2021,CSG,GA,ASO,ES,Towers with Radar,0,8,23,2,33,0,2,12,0,14,0,10,35,2,47,42,0,42,89
08/04/2021,CSG,GA,ASO,ES,Towers with Radar,1,4,17,2,24,0,0,29,0,29,1,4,46,2,53,28,0,28,81
08/05/2021,CSG,GA,ASO,ES,Towers with Radar,4,6,15,3,28,0,0,36,1,37,4,6,51,4,65,84,0,84,149
08/06/2021,CSG,GA,ASO,ES,Towers with Radar,0,6,14,0,20,0,0,21,0,21,0,6,35,0,41,54,0,54,95
08/07/2021,CSG,GA,ASO,ES,Towers with Radar,2,5,21,0,28,0,0,17,0,17,2,5,38,0,45,82,0,82,127
08/08/2021,CSG,GA,ASO,ES,Towers with Radar,0,6,11,1,18,0,0,29,0,29,0,6,40,1,47,16,0,16,63
08/09/2021,CSG,GA,ASO,ES,Towers with Radar,0,12,14,0,26,0,1,13,1,15,0,13,27,1,41,38,0,38,79
08/10/2021,CSG,GA,ASO,ES,Towers with Radar,0,9,21,0,30,0,0,13,1,14,0,9,34,1,44,49,0,49,93
08/11/2021,CSG,GA,ASO,ES,Towers with Radar,2,5,12,0,19,0,0,25,0,25,2,5,37,0,44,54,0,54,98
08/12/2021,CSG,GA,ASO,ES,Towers with Radar,0,5,6,0,11,0,0,27,0,27,0,5,33,0,38,68,0,68,106
08/13/2021,CSG,GA,ASO,ES,Towers with Radar,0,9,15,1,25,0,0,23,2,25,0,9,38,3,50,66,6,72,122
08/14/2021,CSG,GA,ASO,ES,Towers with Radar,2,7,15,0,24,0,0,34,0,34,2,7,49,0,58,18,0,18,76
08/15/2021,CSG,GA,ASO,ES,Towers with Radar,0,8,18,0,26,0,2,13,0,15,0,10,31,0,41,24,0,24,65
08/16/2021,CSG,GA,ASO,ES,Towers with Radar,0,5,8,0,13,0,0,4,0,4,0,5,12,0,17,14,0,14,31
08/17/2021,CSG,GA,ASO,ES,Towers with Radar,5,8,13,0,26,0,0,5,0,5,5,8,18,0,31,0,0,0,31
08/18/2021,CSG,GA,ASO,ES,Towers with Radar,4,4,19,0,27,0,0,21,0,21,4,4,40,0,48,122,0,122,170
08/19/2021,CSG,GA,ASO,ES,Towers with Radar,5,2,14,0,21,0,0,10,3,13,5,2,24,3,34,40,0,40,74
08/20/2021,CSG,GA,ASO,ES,Towers with Radar,7,5,15,1,28,0,0,10,1,11,7,5,25,2,39,16,10,26,65
08/21/2021,CSG,GA,ASO,ES,Towers with Radar,5,6,26,2,39,0,0,1,0,1,5,6,27,2,40,14,0,14,54
08/22/2021,CSG,GA,ASO,ES,Towers with Radar,3,6,10,0,19,0,1,10,0,11,3,7,20,0,30,38,0,38,68
08/23/2021,CSG,GA,ASO,ES,Towers with Radar,3,6,14,0,23,0,2,49,0,51,3,8,63,0,74,85,0,85,159
08/24/2021,CSG,GA,ASO,ES,Towers with Radar,4,4,9,8,25,0,0,25,0,25,4,4,34,8,50,42,0,42,92
08/25/2021,CSG,GA,ASO,ES,Towers with Radar,5,7,13,2,27,0,0,20,0,20,5,7,33,2,47,24,0,24,71
08/26/2021,CSG,GA,ASO,ES,Towers with Radar,3,4,31,4,42,0,0,21,0,21,3,4,52,4,63,108,0,108,171
08/27/2021,CSG,GA,ASO,ES,Towers with Radar,4,4,21,0,29,0,0,10,0,10,4,4,31,0,39,24,0,24,63
08/28/2021,CSG,GA,ASO,ES,Towers with Radar,3,4,15,0,22,0,0,8,2,10,3,4,23,2,32,46,0,46,78
08/29/2021,CSG,GA,ASO,ES,Towers with Radar,3,5,7,0,15,0,0,2,0,2,3,5,9,0,17,12,0,12,29
08/30/2021,CSG,GA,ASO,ES,Towers with Radar,3,4,6,0,13,0,0,1,2,3,3,4,7,2,16,40,0,40,56
08/31/2021,CSG,GA,ASO,ES,Towers with Radar,3,7,6,0,16,0,0,1,2,3,3,7,7,2,19,0,0,0,19
09/01/2021,CSG,GA,ASO,ES,Towers with Radar,4,4,16,3,27,0,0,15,6,21,4,4,31,9,48,40,0,40,88
09/02/2021,CSG,GA,ASO,ES,Towers with Radar,3,6,20,1,30,0,2,46,4,52,3,8,66,5,82,116,16,132,214
09/03/2021,CSG,GA,ASO,ES,Towers with Radar,3,4,20,0,27,0,1,36,1,38,3,5,56,1,65,66,0,66,131
09/04/2021,CSG,GA,ASO,ES,Towers with Radar,5,4,13,0,22,0,2,23,0,25,5,6,36,0,47,48,0,48,95
09/05/2021,CSG,GA,ASO,ES,Towers with Radar,4,3,14,1,22,0,0,22,0,22,4,3,36,1,44,78,0,78,122
09/06/2021,CSG,GA,ASO,ES,Towers with Radar,4,6,19,0,29,0,0,27,8,35,4,6,46,8,64,100,0,100,164
09/07/2021,CSG,GA,ASO,ES,Towers with Radar,3,9,21,0,33,0,0,12,0,12,3,9,33,0,45,104,0,104,149
09/08/2021,CSG,GA,ASO,ES,Towers with Radar,6,4,24,3,37,0,0,5,1,6,6,4,29,4,43,32,0,32,75
09/09/2021,CSG,GA,ASO,ES,Towers with Radar,2,6,32,2,42,0,0,28,0,28,2,6,60,2,70,42,0,42,112
09/10/2021,CSG,GA,ASO,ES,Towers with Radar,5,7,24,1,37,0,0,28,0,28,5,7,52,1,65,26,0,26,91
09/11/2021,CSG,GA,ASO,ES,Towers with Radar,3,5,10,1,19,0,1,20,2,23,3,6,30,3,42,82,0,82,124
09/12/2021,CSG,GA,ASO,ES,Towers with Radar,3,6,14,1,24,0,0,39,1,40,3,6,53,2,64,34,0,34,98
09/13/2021,CSG,GA,ASO,ES,Towers with Radar,4,6,15,1,26,0,0,33,4,37,4,6,48,5,63,114,0,114,177
09/14/2021,CSG,GA,ASO,ES,Towers with Radar,3,4,22,0,29,0,0,27,0,27,3,4,49,0,56,26,0,26,82
09/15/2021,CSG,GA,ASO,ES,Towers with Radar,6,4,16,0,26,0,0,3,0,3,6,4,19,0,29,8,0,8,37
09/16/2021,CSG,GA,ASO,ES,Towers with Radar,4,4,24,2,34,0,0,0,0,0,4,4,24,2,34,0,0,0,34
09/17/2021,CSG,GA,ASO,ES,Towers with Radar,6,6,18,4,34,0,0,1,0,1,6,6,19,4,35,0,0,0,35
09/18/2021,CSG,GA,ASO,ES,Towers with Radar,3,5,7,2,17,0,0,6,1,7,3,5,13,3,24,66,0,66,90
09/19/2021,CSG,GA,ASO,ES,Towers with Radar,3,6,8,2,19,0,0,1,0,1,3,6,9,2,20,18,0,18,38
09/20/2021,CSG,GA,ASO,ES,Towers with Radar,3,4,11,3,21,0,0,3,1,4,3,4,14,4,25,8,6,14,39
09/21/2021,CSG,GA,ASO,ES,Towers with Radar,3,7,24,0,34,0,0,8,0,8,3,7,32,0,42,84,0,84,126
09/22/2021,CSG,GA,ASO,ES,Towers with Radar,4,4,11,0,19,0,1,4,3,8,4,5,15,3,27,10,0,10,37
09/23/2021,CSG,GA,ASO,ES,Towers with Radar,3,4,20,1,28,0,1,26,0,27,3,5,46,1,55,46,0,46,101
09/24/2021,CSG,GA,ASO,ES,Towers with Radar,3,4,21,2,30,0,0,48,3,51,3,4,69,5,81,62,0,62,143
09/25/2021,CSG,GA,ASO,ES,Towers with Radar,3,5,16,0,24,0,0,52,0,52,3,5,68,0,76,32,0,32,108
09/26/2021,CSG,GA,ASO,ES,Towers with Radar,4,6,27,0,37,0,0,34,0,34,4,6,61,0,71,57,0,57,128
09/27/2021,CSG,GA,ASO,ES,Towers with Radar,3,6,22,0,31,0,0,14,0,14,3,6,36,0,45,68,0,68,113
09/28/2021,CSG,GA,ASO,ES,Towers with Radar,3,6,18,2,29,0,0,24,3,27,3,6,42,5,56,46,14,60,116
09/29/2021,CSG,GA,ASO,ES,Towers with Radar,5,4,11,0,20,0,0,34,2,36,5,4,45,2,56,20,0,20,76
09/30/2021,CSG,GA,ASO,ES,Towers with Radar,6,6,25,2,39,0,1,26,4,31,6,7,51,6,70,57,8,65,135
10/01/2021,CSG,GA,ASO,ES,Towers with Radar,5,4,33,2,44,0,4,38,3,45,5,8,71,5,89,78,16,94,183
10/02/2021,CSG,GA,ASO,ES,Towers with Radar,4,6,23,0,33,0,0,27,0,27,4,6,50,0,60,20,0,20,80
10/03/2021,CSG,GA,ASO,ES,Towers with Radar,3,8,16,4,31,0,1,15,1,17,3,9,31,5,48,56,0,56,104
10/04/2021,CSG,GA,ASO,ES,Towers with Radar,3,4,12,0,19,0,0,0,0,0,3,4,12,0,19,0,0,0,19
10/05/2021,CSG,GA,ASO,ES,Towers with Radar,3,4,27,2,36,0,0,0,0,0,3,4,27,2,36,0,2,2,38
10/06/2021,CSG,GA,ASO,ES,Towers with Radar,4,8,7,0,19,0,0,5,0,5,4,8,12,0,24,8,0,8,32
10/07/2021,CSG,GA,ASO,ES,Towers with Radar,5,9,18,0,32,0,0,6,0,6,5,9,24,0,38,28,0,28,66
10/08/2021,CSG,GA,ASO,ES,Towers with Radar,2,5,28,0,35,0,0,25,0,25,2,5,53,0,60,40,0,40,100
10/09/2021,CSG,GA,ASO,ES,Towers with Radar,2,6,14,0,22,0,2,35,0,37,2,8,49,0,59,4,0,4,63
10/10/2021,CSG,GA,ASO,ES,Towers with Radar,2,9,11,0,22,0,0,52,0,52,2,9,63,0,74,66,0,66,140
10/11/2021,CSG,GA,ASO,ES,Towers with Radar,2,4,14,0,20,0,0,39,0,39,2,4,53,0,59,56,0,56,115
10/12/2021,CSG,GA,ASO,ES,Towers with Radar,2,6,11,0,19,0,0,26,0,26,2,6,37,0,45,29,0,29,74
10/13/2021,CSG,GA,ASO,ES,Towers with Radar,4,9,24,0,37,0,0,23,0,23,4,9,47,0,60,64,0,64,124
10/14/2021,CSG,GA,ASO,ES,Towers with Radar,4,6,27,0,37,0,0,46,0,46,4,6,73,0,83,34,0,34,117
10/15/2021,CSG,GA,ASO,ES,Towers with Radar,4,4,19,0,27,0,0,30,2,32,4,4,49,2,59,94,0,94,153
10/16/2021,CSG,GA,ASO,ES,Towers with Radar,4,4,13,0,21,0,0,18,1,19,4,4,31,1,40,0,0,0,40
10/17/2021,CSG,GA,ASO,ES,Towers with Radar,2,4,12,1,19,0,0,28,1,29,2,4,40,2,48,38,0,38,86
10/18/2021,CSG,GA,ASO,ES,Towers with Radar,2,4,12,2,20,0,4,36,2,42,2,8,48,4,62,46,0,46,108
10/19/2021,CSG,GA,ASO,ES,Towers with Radar,3,5,18,1,27,0,0,31,5,36,3,5,49,6,63,48,12,60,123
10/20/2021,CSG,GA,ASO,ES,Towers with Radar,3,4,17,0,24,0,0,38,6,44,3,4,55,6,68,26,0,26,94
10/21/2021,CSG,GA,ASO,ES,Towers with Radar,4,8,20,2,34,0,0,28,0,28,4,8,48,2,62,64,2,66,128
10/22/2021,CSG,GA,ASO,ES,Towers with Radar,2,7,23,1,33,0,2,36,5,43,2,9,59,6,76,64,10,74,150
10/23/2021,CSG,GA,ASO,ES,Towers with Radar,3,7,7,0,17,0,1,56,1,58,3,8,63,1,75,54,0,54,129
10/24/2021,CSG,GA,ASO,ES,Towers with Radar,2,8,13,1,24,0,1,34,5,40,2,9,47,6,64,34,0,34,98
10/25/2021,CSG,GA,ASO,ES,Towers with Radar,2,7,23,2,34,0,1,17,0,18,2,8,40,2,52,76,0,76,128
10/26/2021,CSG,GA,ASO,ES,Towers with Radar,2,7,14,1,24,0,2,65,3,70,2,9,79,4,94,20,8,28,122
10/27/2021,CSG,GA,ASO,ES,Towers with Radar,4,4,15,2,25,0,0,39,3,42,4,4,54,5,67,100,14,114,181
10/28/2021,CSG,GA,ASO,ES,Towers with Radar,6,5,17,0,28,0,0,3,1,4,6,5,20,1,32,1,0,1,33
10/29/2021,CSG,GA,ASO,ES,Towers with Radar,2,4,14,2,22,0,0,16,1,17,2,4,30,3,39,32,20,52,91
10/30/2021,CSG,GA,ASO,ES,Towers with Radar,2,4,12,0,18,0,0,0,0,0,2,4,12,0,18,18,0,18,36
10/31/2021,CSG,GA,ASO,ES,Towers with Radar,2,5,19,0,26,0,1,28,0,29,2,6,47,0,55,30,0,30,85
11/01/2021,CSG,GA,ASO,ES,Towers with Radar,3,6,21,2,32,0,0,42,1,43,3,6,63,3,75,102,12,114,189
11/02/2021,CSG,GA,ASO,ES,Towers with Radar,2,6,11,3,22,0,0,51,0,51,2,6,62,3,73,68,12,80,153
11/03/2021,CSG,GA,ASO,ES,Towers with Radar,4,5,21,0,30,0,0,39,0,39,4,5,60,0,69,98,0,98,167
11/04/2021,CSG,GA,ASO,ES,Towers with Radar,4,7,25,0,36,0,0,17,0,17,4,7,42,0,53,52,0,52,105
11/05/2021,CSG,GA,ASO,ES,Towers with Radar,4,11,23,0,38,0,3,23,2,28,4,14,46,2,66,109,0,109,175
11/06/2021,CSG,GA,ASO,ES,Towers with Radar,5,4,10,0,19,0,0,29,0,29,5,4,39,0,48,68,0,68,116
11/07/2021,CSG,GA,ASO,ES,Towers with Radar,4,4,16,0,24,0,0,32,0,32,4,4,48,0,56,46,0,46,102
11/08/2021,CSG,GA,ASO,ES,Towers with Radar,4,6,9,0,19,0,2,33,0,35,4,8,42,0,54,82,0,82,136
11/09/2021,CSG,GA,ASO,ES,Towers with Radar,6,4,8,0,18,0,0,40,0,40,6,4,48,0,58,94,0,94,152
11/10/2021,CSG,GA,ASO,ES,Towers with Radar,4,4,23,0,31,0,1,33,2,36,4,5,56,2,67,80,0,80,147
11/11/2021,CSG,GA,ASO,ES,Towers with Radar,6,5,36,0,47,0,1,1,0,2,6,6,37,0,49,0,0,0,49
11/12/2021,CSG,GA,ASO,ES,Towers with Radar,4,6,17,1,28,0,0,43,4,47,4,6,60,5,75,114,0,114,189
11/13/2021,CSG,GA,ASO,ES,Towers with Radar,3,2,13,0,18,0,2,26,2,30,3,4,39,2,48,14,0,14,62
11/14/2021,CSG,GA,ASO,ES,Towers with Radar,3,4,21,1,29,0,0,34,0,34,3,4,55,1,63,40,0,40,103
11/15/2021,CSG,GA,ASO,ES,Towers with Radar,3,10,8,0,21,0,0,30,0,30,3,10,38,0,51,150,0,150,201
11/16/2021,CSG,GA,ASO,ES,Towers with Radar,2,4,14,0,20,0,3,30,0,33,2,7,44,0,53,90,0,90,143
11/17/2021,CSG,GA,ASO,ES,Towers with Radar,6,4,22,0,32,0,0,35,0,35,6,4,57,0,67,64,0,64,131
11/18/2021,CSG,GA,ASO,ES,Towers with Radar,2,4,20,0,26,0,0,32,0,32,2,4,52,0,58,76,0,76,134
11/19/2021,CSG,GA,ASO,ES,Towers with Radar,9,2,36,0,47,0,0,38,0,38,9,2,74,0,85,84,0,84,169
11/20/2021,CSG,GA,ASO,ES,Towers with Radar,2,10,6,1,19,0,0,28,1,29,2,10,34,2,48,24,0,24,72
11/21/2021,CSG,GA,ASO,ES,Towers with Radar,2,11,14,0,27,0,0,19,0,19,2,11,33,0,46,42,0,42,88
11/22/2021,CSG,GA,ASO,ES,Towers with Radar,3,5,23,0,31,0,3,2,0,5,3,8,25,0,36,18,0,18,54
11/23/2021,CSG,GA,ASO,ES,Towers with Radar,2,4,14,0,20,0,2,51,2,55,2,6,65,2,75,76,2,78,153
11/24/2021,CSG,GA,ASO,ES,Towers with Radar,6,5,15,0,26,0,0,40,0,40,6,5,55,0,66,102,0,102,168
11/25/2021,CSG,GA,ASO,ES,Towers with Radar,1,4,4,0,9,0,0,11,0,11,1,4,15,0,20,4,0,4,24
11/26/2021,CSG,GA,ASO,ES,Towers with Radar,5,8,7,0,20,0,0,23,4,27,5,8,30,4,47,34,0,34,81
11/27/2021,CSG,GA,ASO,ES,Towers with Radar,2,11,8,0,21,0,0,24,0,24,2,11,32,0,45,26,0,26,71
11/28/2021,CSG,GA,ASO,ES,Towers with Radar,2,10,22,1,35,0,0,18,0,18,2,10,40,1,53,48,0,48,101
11/29/2021,CSG,GA,ASO,ES,Towers with Radar,3,4,12,0,19,0,0,18,4,22,3,4,30,4,41,52,50,102,143
11/30/2021,CSG,GA,ASO,ES,Towers with Radar,3,4,12,0,19,0,0,35,0,35,3,4,47,0,54,80,0,80,134
12/01/2021,CSG,GA,ASO,ES,Towers with Radar,3,4,15,4,26,0,0,30,2,32,3,4,45,6,58,119,0,119,177
12/02/2021,CSG,GA,ASO,ES,Towers with Radar,4,5,28,5,42,0,0,46,1,47,4,5,74,6,89,66,0,66,155
12/03/2021,CSG,GA,ASO,ES,Towers with Radar,3,5,10,9,27,0,3,43,0,46,3,8,53,9,73,76,22,98,171
12/04/2021,CSG,GA,ASO,ES,Towers with Radar,5,3,7,0,15,0,0,21,4,25,5,3,28,4,40,42,0,42,82
12/05/2021,CSG,GA,ASO,ES,Towers with Radar,5,4,12,0,21,0,0,19,2,21,5,4,31,2,42,52,0,52,94
12/06/2021,CSG,GA,ASO,ES,Towers with Radar,2,9,7,0,18,0,0,0,0,0,2,9,7,0,18,0,0,0,18
12/07/2021,CSG,GA,ASO,ES,Towers with Radar,4,10,17,8,39,0,0,3,0,3,4,10,20,8,42,118,42,160,202
12/08/2021,CSG,GA,ASO,ES,Towers with Radar,3,6,28,0,37,0,0,12,0,12,3,6,40,0,49,36,0,36,85
12/09/2021,CSG,GA,ASO,ES,Towers with Radar,2,4,15,0,21,0,0,30,0,30,2,4,45,0,51,72,0,72,123
12/10/2021,CSG,GA,ASO,ES,Towers with Radar,2,9,16,2,29,0,0,0,0,0,2,9,16,2,29,0,0,0,29
12/11/2021,CSG,GA,ASO,ES,Towers with Radar,3,5,6,0,14,0,0,0,0,0,3,5,6,0,14,0,0,0,14
12/12/2021,CSG,GA,ASO,ES,Towers with Radar,2,6,8,3,19,0,0,46,2,48,2,6,54,5,67,36,0,36,103
12/13/2021,CSG,GA,ASO,ES,Towers with Radar,2,7,14,2,25,0,1,33,0,34,2,8,47,2,59,86,0,86,145
12/14/2021,CSG,GA,ASO,ES,Towers with Radar,2,4,22,0,28,0,1,42,6,49,2,5,64,6,77,76,0,76,153
12/15/2021,CSG,GA,ASO,ES,Towers with Radar,4,11,23,1,39,0,1,18,2,21,4,12,41,3,60,24,0,24,84
12/16/2021,CSG,GA,ASO,ES,Towers with Radar,2,6,39,0,47,0,0,6,0,6,2,6,45,0,53,42,0,42,95
12/17/2021,CSG,GA,ASO,ES,Towers with Radar,4,9,23,0,36,0,0,4,0,4,4,9,27,0,40,6,0,6,46
12/18/2021,CSG,GA,ASO,ES,Towers with Radar,3,2,10,0,15,0,0,0,0,0,3,2,10,0,15,30,0,30,45
12/19/2021,CSG,GA,ASO,ES,Towers with Radar,2,4,25,0,31,0,2,21,0,23,2,6,46,0,54,36,0,36,90
12/20/2021,CSG,GA,ASO,ES,Towers with Radar,2,4,11,0,17,0,2,17,0,19,2,6,28,0,36,80,0,80,116
12/21/2021,CSG,GA,ASO,ES,Towers with Radar,2,2,11,0,15,0,0,0,0,0,2,2,11,0,15,0,0,0,15
12/22/2021,CSG,GA,ASO,ES,Towers with Radar,4,3,14,0,21,0,0,33,0,33,4,3,47,0,54,28,0,28,82
12/23/2021,CSG,GA,ASO,ES,Towers with Radar,4,3,6,0,13,0,2,31,0,33,4,5,37,0,46,24,0,24,70
12/24/2021,CSG,GA,ASO,ES,Towers with Radar,3,3,6,0,12,0,0,16,0,16,3,3,22,0,28,6,0,6,34
12/25/2021,CSG,GA,ASO,ES,Towers with Radar,2,4,1,0,7,0,0,5,0,5,2,4,6,0,12,0,0,0,12
12/26/2021,CSG,GA,ASO,ES,Towers with Radar,2,3,20,0,25,0,0,8,0,8,2,3,28,0,33,42,0,42,75
12/27/2021,CSG,GA,ASO,ES,Towers with Radar,2,11,22,0,35,0,1,5,0,6,2,12,27,0,41,2,0,2,43
12/28/2021,CSG,GA,ASO,ES,Towers with Radar,2,4,19,0,25,0,0,6,0,6,2,4,25,0,31,22,0,22,53
12/29/2021,CSG,GA,ASO,ES,Towers with Radar,3,2,14,0,19,0,0,1,0,1,3,2,15,0,20,0,0,0,20
12/30/2021,CSG,GA,ASO,ES,Towers with Radar,4,6,22,0,32,0,0,1,0,1,4,6,23,0,33,4,0,4,37
12/31/2021,CSG,GA,ASO,ES,Towers with Radar,3,4,15,0,22,0,0,0,0,0,3,4,15,0,22,4,0,4,26
01/01/2022,CSG,GA,ASO,ES,Towers with Radar,3,2,26,2,33,0,0,7,0,7,3,2,33,2,40,0,0,0,40
01/02/2022,CSG,GA,ASO,ES,Towers with Radar,2,4,7,0,13,0,0,0,0,0,2,4,7,0,13,22,0,22,35
01/03/2022,CSG,GA,ASO,ES,Towers with Radar,2,2,8,0,12,0,0,11,0,11,2,2,19,0,23,10,0,10,33
01/04/2022,CSG,GA,ASO,ES,Towers with Radar,3,6,16,0,25,0,4,46,0,50,3,10,62,0,75,80,1,81,156
01/05/2022,CSG,GA,ASO,ES,Towers with Radar,4,9,11,1,25,0,0,28,0,28,4,9,39,1,53,80,0,80,133
01/06/2022,CSG,GA,ASO,ES,Towers with Radar,3,2,8,0,13,0,1,21,0,22,3,3,29,0,35,20,0,20,55
01/07/2022,CSG,GA,ASO,ES,Towers with Radar,6,3,16,0,25,0,4,19,0,23,6,7,35,0,48,50,0,50,98
01/08/2022,CSG,GA,ASO,ES,Towers with Radar,9,3,13,0,25,0,0,64,0,64,9,3,77,0,89,54,0,54,143
01/09/2022,CSG,GA,ASO,ES,Towers with Radar,5,2,14,0,21,0,0,1,0,1,5,2,15,0,22,8,0,8,30
01/10/2022,CSG,GA,ASO,ES,Towers with Radar,3,5,16,0,24,0,0,12,2,14,3,5,28,2,38,6,0,6,44
01/11/2022,CSG,GA,ASO,ES,Towers with Radar,3,3,20,1,27,0,0,30,0,30,3,3,50,1,57,51,0,51,108
01/12/2022,CSG,GA,ASO,ES,Towers with Radar,4,2,18,6,30,0,4,46,2,52,4,6,64,8,82,90,10,100,182
01/13/2022,CSG,GA,ASO,ES,Towers with Radar,3,5,24,2,34,0,0,26,2,28,3,5,50,4,62,46,0,46,108
01/14/2022,CSG,GA,ASO,ES,Towers with Radar,3,8,21,0,32,0,1,20,0,21,3,9,41,0,53,58,0,58,111
01/15/2022,CSG,GA,ASO,ES,Towers with Radar,4,2,9,0,15,0,1,20,2,23,4,3,29,2,38,54,0,54,92
01/16/2022,CSG,GA,ASO,ES,Towers with Radar,1,2,5,0,8,0,0,0,0,0,1,2,5,0,8,0,0,0,8
01/17/2022,CSG,GA,ASO,ES,Towers with Radar,4,4,14,0,22,0,0,6,0,6,4,4,20,0,28,16,0,16,44
01/18/2022,CSG,GA,ASO,ES,Towers with Radar,4,6,14,1,25,0,2,30,0,32,4,8,44,1,57,12,18,30,87
01/19/2022,CSG,GA,ASO,ES,Towers with Radar,4,2,27,7,40,0,0,48,0,48,4,2,75,7,88,84,24,108,196
01/20/2022,CSG,GA,ASO,ES,Towers with Radar,3,5,20,0,28,0,0,0,0,0,3,5,20,0,28,0,0,0,28
01/21/2022,CSG,GA,ASO,ES,Towers with Radar,5,15,10,0,30,0,0,0,0,0,5,15,10,0,30,0,0,0,30
01/22/2022,CSG,GA,ASO,ES,Towers with Radar,5,6,8,0,19,0,1,24,2,27,5,7,32,2,46,92,0,92,138
01/23/2022,CSG,GA,ASO,ES,Towers with Radar,4,8,20,1,33,0,2,33,0,35,4,10,53,1,68,102,0,102,170
01/24/2022,CSG,GA,ASO,ES,Towers with Radar,4,9,15,0,28,0,1,50,0,51,4,10,65,0,79,90,0,90,169
01/25/2022,CSG,GA,ASO,ES,Towers with Radar,3,7,17,3,30,0,0,26,1,27,3,7,43,4,57,68,30,98,155
01/26/2022,CSG,GA,ASO,ES,Towers with Radar,4,4,17,0,25,0,0,38,0,38,4,4,55,0,63,104,0,104,167
01/27/2022,CSG,GA,ASO,ES,Towers with Radar,5,8,12,0,25,0,0,38,0,38,5,8,50,0,63,70,0,70,133
01/28/2022,CSG,GA,ASO,ES,Towers with Radar,5,9,12,0,26,0,0,23,2,25,5,9,35,2,51,84,0,84,135
01/29/2022,CSG,GA,ASO,ES,Towers with Radar,6,3,8,0,17,0,0,12,0,12,6,3,20,0,29,2,0,2,31
01/30/2022,CSG,GA,ASO,ES,Towers with Radar,3,10,15,1,29,0,2,22,0,24,3,12,37,1,53,44,0,44,97
01/31/2022,CSG,GA,ASO,ES,Towers with Radar,3,4,19,0,26,0,4,31,0,35,3,8,50,0,61,60,0,60,121
02/01/2022,CSG,GA,ASO,ES,Towers with Radar,3,3,11,0,17,0,0,37,0,37,3,3,48,0,54,58,0,58,112
02/02/2022,CSG,GA,ASO,ES,Towers with Radar,4,3,11,1,19,0,0,13,0,13,4,3,24,1,32,16,0,16,48
02/03/2022,CSG,GA,ASO,ES,Towers with Radar,7,5,1,2,15,0,0,2,0,2,7,5,3,2,17,0,0,0,17
02/04/2022,CSG,GA,ASO,ES,Towers with Radar,2,4,9,0,15,0,0,0,0,0,2,4,9,0,15,0,0,0,15
02/05/2022,CSG,GA,ASO,ES,Towers with Radar,2,2,15,0,19,0,4,30,0,34,2,6,45,0,53,50,0,50,103
02/06/2022,CSG,GA,ASO,ES,Towers with Radar,2,4,12,2,20,0,0,28,2,30,2,4,40,4,50,58,0,58,108
02/07/2022,CSG,GA,ASO,ES,Towers with Radar,2,5,7,2,16,0,0,22,1,23,2,5,29,3,39,54,0,54,93
02/08/2022,CSG,GA,ASO,ES,Towers with Radar,2,3,18,3,26,0,0,30,0,30,2,3,48,3,56,94,8,102,158
02/09/2022,CSG,GA,ASO,ES,Towers with Radar,4,4,14,0,22,0,3,40,2,45,4,7,54,2,67,46,0,46,113
02/10/2022,CSG,GA,ASO,ES,Towers with Radar,4,6,18,0,28,0,0,33,0,33,4,6,51,0,61,94,0,94,155
02/11/2022,CSG,GA,ASO,ES,Towers with Radar,8,1,10,4,23,0,2,33,3,38,8,3,43,7,61,98,0,98,159
02/12/2022,CSG,GA,ASO,ES,Towers with Radar,4,3,18,0,25,0,0,56,0,56,4,3,74,0,81,86,0,86,167
02/13/2022,CSG,GA,ASO,ES,Towers with Radar,2,5,10,3,20,0,0,17,2,19,2,5,27,5,39,6,0,6,45
02/14/2022,CSG,GA,ASO,ES,Towers with Radar,2,4,16,2,24,0,2,28,1,31,2,6,44,3,55,38,0,38,93
02/15/2022,CSG,GA,ASO,ES,Towers with Radar,2,6,12,1,21,0,0,31,3,34,2,6,43,4,55,68,0,68,123
02/16/2022,CSG,GA,ASO,ES,Towers with Radar,4,2,20,0,26,0,0,21,0,21,4,2,41,0,47,42,0,42,89
02/17/2022,CSG,GA,ASO,ES,Towers with Radar,3,9,16,0,28,0,0,1,0,1,3,9,17,0,29,0,0,0,29
02/18/2022,CSG,GA,ASO,ES,Towers with Radar,2,4,21,0,27,0,0,14,1,15,2,4,35,1,42,80,0,80,122
02/19/2022,CSG,GA,ASO,ES,Towers with Radar,3,2,10,0,15,0,0,18,2,20,3,2,28,2,35,48,0,48,83
02/20/2022,CSG,GA,ASO,ES,Towers with Radar,3,2,17,0,22,0,1,32,5,38,3,3,49,5,60,56,0,56,116
02/21/2022,CSG,GA,ASO,ES,Towers with Radar,2,4,7,1,14,0,0,4,0,4,2,4,11,1,18,12,0,12,30
02/22/2022,CSG,GA,ASO,ES,Towers with Radar,2,5,15,1,23,0,0,20,4,24,2,5,35,5,47,46,0,46,93
02/23/2022,CSG,GA,ASO,ES,Towers with Radar,5,6,23,2,36,0,2,13,0,15,5,8,36,2,51,62,0,62,113
02/24/2022,CSG,GA,ASO,ES,Towers with Radar,3,8,28,0,39,0,1,22,1,24,3,9,50,1,63,70,0,70,133
02/25/2022,CSG,GA,ASO,ES,Towers with Radar,2,11,17,4,34,0,0,16,0,16,2,11,33,4,50,71,4,75,125
02/26/2022,CSG,GA,ASO,ES,Towers with Radar,5,3,8,0,16,0,0,111,0,111,5,3,119,0,127,162,0,162,289
02/27/2022,CSG,GA,ASO,ES,Towers with Radar,3,18,14,2,37,0,0,3,0,3,3,18,17,2,40,2,0,2,42
02/28/2022,CSG,GA,ASO,ES,Towers with Radar,2,7,13,6,28,0,0,49,1,50,2,7,62,7,78,62,34,96,174
03/01/2022,CSG,GA,ASO,ES,Towers with Radar,2,4,13,0,19,0,0,32,0,32,2,4,45,0,51,104,0,104,155
03/02/2022,CSG,GA,ASO,ES,Towers with Radar,4,5,15,0,24,0,2,36,0,38,4,7,51,0,62,90,0,90,152
03/03/2022,CSG,GA,ASO,ES,Towers with Radar,6,7,18,0,31,0,2,39,0,41,6,9,57,0,72,124,0,124,196
03/04/2022,CSG,GA,ASO,ES,Towers with Radar,5,10,20,0,35,0,0,33,0,33,5,10,53,0,68,83,0,83,151
03/05/2022,CSG,GA,ASO,ES,Towers with Radar,5,2,14,1,22,0,0,32,1,33,5,2,46,2,55,20,0,20,75
03/06/2022,CSG,GA,ASO,ES,Towers with Radar,6,8,17,0,31,0,1,34,0,35,6,9,51,0,66,68,0,68,134
03/07/2022,CSG,GA,ASO,ES,Towers with Radar,6,5,15,0,26,0,0,2,0,2,6,5,17,0,28,20,0,20,48
03/08/2022,CSG,GA,ASO,ES,Towers with Radar,4,4,9,4,21,0,0,1,0,1,4,4,10,4,22,50,32,82,104
03/09/2022,CSG,GA,ASO,ES,Towers with Radar,6,5,15,0,26,0,0,2,0,2,6,5,17,0,28,10,0,10,38
03/10/2022,CSG,GA,ASO,ES,Towers with Radar,6,6,16,4,32,0,0,22,1,23,6,6,38,5,55,52,16,68,123
03/11/2022,CSG,GA,ASO,ES,Towers with Radar,6,5,12,0,23,0,0,0,0,0,6,5,12,0,23,0,0,0,23
03/12/2022,CSG,GA,ASO,ES,Towers with Radar,4,2,9,0,15,0,0,5,0,5,4,2,14,0,20,0,0,0,20
03/13/2022,CSG,GA,ASO,ES,Towers with Radar,4,7,17,1,29,0,0,34,0,34,4,7,51,1,63,74,0,74,137
03/14/2022,CSG,GA,ASO,ES,Towers with Radar,4,9,16,0,29,0,0,46,0,46,4,9,62,0,75,58,0,58,133
03/15/2022,CSG,GA,ASO,ES,Towers with Radar,4,3,7,4,18,0,0,0,0,0,4,3,7,4,18,22,18,40,58
03/16/2022,CSG,GA,ASO,ES,Towers with Radar,6,4,14,0,24,0,0,3,0,3,6,4,17,0,27,4,0,4,31
03/17/2022,CSG,GA,ASO,ES,Towers with Radar,6,10,21,6,43,0,0,27,5,32,6,10,48,11,75,76,10,86,161
03/18/2022,CSG,GA,ASO,ES,Towers with Radar,6,5,7,0,18,0,0,0,0,0,6,5,7,0,18,0,0,0,18
03/19/2022,CSG,GA,ASO,ES,Towers with Radar,4,2,15,0,21,0,2,52,0,54,4,4,67,0,75,40,0,40,115
03/20/2022,CSG,GA,ASO,ES,Towers with Radar,6,7,17,7,37,0,1,34,4,39,6,8,51,11,76,12,0,12,88
03/21/2022,CSG,GA,ASO,ES,Towers with Radar,2,5,15,2,24,0,1,28,0,29,2,6,43,2,53,16,0,16,69
03/22/2022,CSG,GA,ASO,ES,Towers with Radar,4,6,16,0,26,0,1,14,4,19,4,7,30,4,45,14,0,14,59
03/23/2022,CSG,GA,ASO,ES,Towers with Radar,6,3,14,0,23,0,0,0,0,0,6,3,14,0,23,20,0,20,43
03/24/2022,CSG,GA,ASO,ES,Towers with Radar,4,8,19,1,32,0,0,28,1,29,4,8,47,2,61,60,0,60,121
03/25/2022,CSG,GA,ASO,ES,Towers with Radar,6,12,27,8,53,0,0,26,0,26,6,12,53,8,79,21,0,21,100
03/26/2022,CSG,GA,ASO,ES,Towers with Radar,9,3,6,0,18,0,0,13,8,21,9,3,19,8,39,18,0,18,57
03/27/2022,CSG,GA,ASO,ES,Towers with Radar,4,9,11,1,25,0,3,35,4,42,4,12,46,5,67,56,0,56,123
03/28/2022,CSG,GA,ASO,ES,Towers with Radar,4,5,11,0,20,0,1,37,2,40,4,6,48,2,60,172,0,172,232
03/29/2022,CSG,GA,ASO,ES,Towers with Radar,4,3,22,2,31,0,2,46,5,53,4,5,68,7,84,110,18,128,212
03/30/2022,CSG,GA,ASO,ES,Towers with Radar,6,3,7,2,18,0,2,10,0,12,6,5,17,2,30,46,0,46,76
03/31/2022,CSG,GA,ASO,ES,Towers with Radar,4,5,16,0,25,0,0,11,5,16,4,5,27,5,41,42,0,42,83
04/01/2022,CSG,GA,ASO,ES,Towers with Radar,4,4,20,2,30,0,1,47,0,48,4,5,67,2,78,100,0,100,178
04/02/2022,CSG,GA,ASO,ES,Towers with Radar,4,3,22,0,29,0,0,92,0,92,4,3,114,0,121,104,0,104,225
04/03/2022,CSG,GA,ASO,ES,Towers with Radar,4,9,25,0,38,0,0,31,2,33,4,9,56,2,71,38,0,38,109
04/04/2022,CSG,GA,ASO,ES,Towers with Radar,6,6,13,0,25,0,0,43,5,48,6,6,56,5,73,125,16,141,214
04/05/2022,CSG,GA,ASO,ES,Towers with Radar,3,9,3,0,15,0,0,0,0,0,3,9,3,0,15,0,0,0,15
04/06/2022,CSG,GA,ASO,ES,Towers with Radar,9,7,13,0,29,0,0,0,0,0,9,7,13,0,29,0,0,0,29
04/07/2022,CSG,GA,ASO,ES,Towers with Radar,3,10,26,0,39,0,0,25,0,25,3,10,51,0,64,20,0,20,84
04/08/2022,CSG,GA,ASO,ES,Towers with Radar,3,7,20,0,30,0,0,15,0,15,3,7,35,0,45,38,0,38,83
04/09/2022,CSG,GA,ASO,ES,Towers with Radar,3,3,12,0,18,0,1,13,0,14,3,4,25,0,32,2,0,2,34
04/10/2022,CSG,GA,ASO,ES,Towers with Radar,3,5,19,2,29,0,0,54,0,54,3,5,73,2,83,130,0,130,213
04/11/2022,CSG,GA,ASO,ES,Towers with Radar,3,5,19,1,28,0,0,13,0,13,3,5,32,1,41,156,0,156,197
04/12/2022,CSG,GA,ASO,ES,Towers with Radar,3,6,18,0,27,0,0,39,0,39,3,6,57,0,66,78,0,78,144
04/13/2022,CSG,GA,ASO,ES,Towers with Radar,4,3,16,2,25,0,0,23,2,25,4,3,39,4,50,92,0,92,142
04/14/2022,CSG,GA,ASO,ES,Towers with Radar,4,5,12,2,23,0,0,10,2,12,4,5,22,4,35,35,2,37,72
04/15/2022,CSG,GA,ASO,ES,Towers with Radar,3,4,15,0,22,0,1,38,0,39,3,5,53,0,61,56,0,56,117
04/16/2022,CSG,GA,ASO,ES,Towers with Radar,3,6,20,0,29,0,0,2,0,2,3,6,22,0,31,22,0,22,53
04/17/2022,CSG,GA,ASO,ES,Towers with Radar,2,5,7,0,14,0,0,4,0,4,2,5,11,0,18,0,0,0,18
04/18/2022,CSG,GA,ASO,ES,Towers with Radar,3,5,23,0,31,0,1,2,0,3,3,6,25,0,34,2,0,2,36
04/19/2022,CSG,GA,ASO,ES,Towers with Radar,3,2,18,0,23,0,0,36,2,38,3,2,54,2,61,123,0,123,184
04/20/2022,CSG,GA,ASO,ES,Towers with Radar,5,4,11,6,26,0,4,21,0,25,5,8,32,6,51,48,0,48,99
04/21/2022,CSG,GA,ASO,ES,Towers with Radar,5,6,27,1,39,0,0,38,1,39,5,6,65,2,78,124,12,136,214
04/22/2022,CSG,GA,ASO,ES,Towers with Radar,3,8,20,1,32,0,3,39,1,43,3,11,59,2,75,40,20,60,135
04/23/2022,CSG,GA,ASO,ES,Towers with Radar,3,2,16,0,21,0,2,26,0,28,3,4,42,0,49,42,0,42,91
04/24/2022,CSG,GA,ASO,ES,Towers with Radar,3,10,20,0,33,0,0,35,0,35,3,10,55,0,68,69,0,69,137
04/25/2022,CSG,GA,ASO,ES,Towers with Radar,3,4,19,0,26,0,2,35,4,41,3,6,54,4,67,90,0,90,157
04/26/2022,CSG,GA,ASO,ES,Towers with Radar,3,6,15,2,26,0,2,8,0,10,3,8,23,2,36,32,0,32,68
04/27/2022,CSG,GA,ASO,ES,Towers with Radar,5,13,21,0,39,0,7,44,0,51,5,20,65,0,90,163,0,163,253
04/28/2022,CSG,GA,ASO,ES,Towers with Radar,3,14,31,0,48,0,4,40,0,44,3,18,71,0,92,84,0,84,176
04/29/2022,CSG,GA,ASO,ES,Towers with Radar,3,4,17,0,24,0,0,36,4,40,3,4,53,4,64,24,0,24,88
04/30/2022,CSG,GA,ASO,ES,Towers with Radar,3,2,9,0,14,0,0,60,0,60,3,2,69,0,74,95,0,95,169
05/01/2022,CSG,GA,ASO,ES,Towers with Radar,3,14,18,0,35,0,0,3,0,3,3,14,21,0,38,0,0,0,38
05/02/2022,CSG,GA,ASO,ES,Towers with Radar,3,11,25,0,39,0,0,32,1,33,3,11,57,1,72,47,10,57,129
05/03/2022,CSG,GA,ASO,ES,Towers with Radar,3,2,23,1,29,0,2,19,1,22,3,4,42,2,51,32,16,48,99
05/04/2022,CSG,GA,ASO,ES,Towers with Radar,5,6,18,0,29,0,0,25,1,26,5,6,43,1,55,82,0,82,137
05/05/2022,CSG,GA,ASO,ES,Towers with Radar,6,6,15,3,30,0,2,59,14,75,6,8,74,17,105,64,12,76,181
05/06/2022,CSG,GA,ASO,ES,Towers with Radar,3,9,12,0,24,0,0,7,0,7,3,9,19,0,31,0,0,0,31
05/07/2022,CSG,GA,ASO,ES,Towers with Radar,2,5,15,0,22,0,1,19,2,22,2,6,34,2,44,2,0,2,46
05/08/2022,CSG,GA,ASO,ES,Towers with Radar,5,7,23,0,35,0,0,47,9,56,5,7,70,9,91,92,0,92,183
05/09/2022,CSG,GA,ASO,ES,Towers with Radar,5,9,16,0,30,0,5,28,0,33,5,14,44,0,63,52,0,52,115
05/10/2022,CSG,GA,ASO,ES,Towers with Radar,3,7,27,0,37,0,0,38,2,40,3,7,65,2,77,104,0,104,181
05/11/2022,CSG,GA,ASO,ES,Towers with Radar,5,6,23,2,36,0,1,28,1,30,5,7,51,3,66,22,0,22,88
05/12/2022,CSG,GA,ASO,ES,Towers with Radar,3,8,17,0,28,0,0,32,2,34,3,8,49,2,62,68,14,82,144
05/13/2022,CSG,GA,ASO,ES,Towers with Radar,5,6,15,4,30,0,0,24,1,25,5,6,39,5,55,61,0,61,116
05/14/2022,CSG,GA,ASO,ES,Towers with Radar,3,4,23,0,30,0,0,10,0,10,3,4,33,0,40,18,0,18,58
05/15/2022,CSG,GA,ASO,ES,Towers with Radar,3,8,10,5,26,0,1,25,0,26,3,9,35,5,52,64,0,64,116
05/16/2022,CSG,GA,ASO,ES,Towers with Radar,5,3,26,0,34,0,0,26,2,28,5,3,52,2,62,60,0,60,122
05/17/2022,CSG,GA,ASO,ES,Towers with Radar,3,5,17,3,28,0,0,27,2,29,3,5,44,5,57,122,18,140,197
05/18/2022,CSG,GA,ASO,ES,Towers with Radar,5,6,19,0,30,0,2,48,2,52,5,8,67,2,82,82,16,98,180
05/19/2022,CSG,GA,ASO,ES,Towers with Radar,5,5,23,0,33,0,0,22,2,24,5,5,45,2,57,56,0,56,113
05/20/2022,CSG,GA,ASO,ES,Towers with Radar,3,4,25,0,32,0,0,26,1,27,3,4,51,1,59,48,0,48,107
05/21/2022,CSG,GA,ASO,ES,Towers with Radar,3,4,7,0,14,0,0,9,0,9,3,4,16,0,23,48,0,48,71
05/22/2022,CSG,GA,ASO,ES,Towers with Radar,3,4,7,2,16,0,0,8,0,8,3,4,15,2,24,12,0,12,36
05/23/2022,CSG,GA,ASO,ES,Towers with Radar,3,8,17,1,29,0,0,5,1,6,3,8,22,2,35,0,2,2,37
05/24/2022,CSG,GA,ASO,ES,Towers with Radar,3,5,14,2,24,0,2,8,0,10,3,7,22,2,34,150,12,162,196
05/25/2022,CSG,GA,ASO,ES,Towers with Radar,5,4,7,0,16,0,0,0,0,0,5,4,7,0,16,0,0,0,16
05/26/2022,CSG,GA,ASO,ES,Towers with Radar,5,6,8,0,19,0,0,2,0,2,5,6,10,0,21,2,0,2,23
05/27/2022,CSG,GA,ASO,ES,Towers with Radar,3,6,16,0,25,0,2,22,0,24,3,8,38,0,49,48,0,48,97
05/28/2022,CSG,GA,ASO,ES,Towers with Radar,3,3,2,0,8,0,1,56,2,59,3,4,58,2,67,68,0,68,135
05/29/2022,CSG,GA,ASO,ES,Towers with Radar,5,2,5,0,12,0,0,33,0,33,5,2,38,0,45,84,0,84,129
05/30/2022,CSG,GA,ASO,ES,Towers with Radar,3,9,8,0,20,0,0,41,0,41,3,9,49,0,61,108,0,108,169
05/31/2022,CSG,GA,ASO,ES,Towers with Radar,3,7,32,2,44,0,0,22,0,22,3,7,54,2,66,76,0,76,142
06/01/2022,CSG,GA,ASO,ES,Towers with Radar,4,6,13,3,26,0,6,23,2,31,4,12,36,5,57,50,0,50,107
06/02/2022,CSG,GA,ASO,ES,Towers with Radar,4,5,28,0,37,0,2,17,0,19,4,7,45,0,56,38,0,38,94
06/03/2022,CSG,GA,ASO,ES,Towers with Radar,1,7,21,4,33,0,0,30,0,30,1,7,51,4,63,56,0,56,119
06/04/2022,CSG,GA,ASO,ES,Towers with Radar,1,4,20,0,25,0,0,26,0,26,1,4,46,0,51,74,0,74,125
06/05/2022,CSG,GA,ASO,ES,Towers with Radar,2,7,16,1,26,0,0,25,0,25,2,7,41,1,51,68,0,68,119
06/06/2022,CSG,GA,ASO,ES,Towers with Radar,1,11,16,6,34,0,0,6,1,7,1,11,22,7,41,62,9,71,112
06/07/2022,CSG,GA,ASO,ES,Towers with Radar,1,6,17,6,30,0,0,14,1,15,1,6,31,7,45,86,0,86,131
06/08/2022,CSG,GA,ASO,ES,Towers with Radar,2,8,10,0,20,0,0,7,0,7,2,8,17,0,27,4,0,4,31
06/09/2022,CSG,GA,ASO,ES,Towers with Radar,2,14,24,0,40,0,1,16,0,17,2,15,40,0,57,114,0,114,171
06/10/2022,CSG,GA,ASO,ES,Towers with Radar,3,8,18,2,31,0,2,38,0,40,3,10,56,2,71,64,0,64,135
06/11/2022,CSG,GA,ASO,ES,Towers with Radar,1,12,8,0,21,0,0,20,0,20,1,12,28,0,41,2,0,2,43
06/12/2022,CSG,GA,ASO,ES,Towers with Radar,1,8,12,0,21,0,0,30,0,30,1,8,42,0,51,17,0,17,68
06/13/2022,CSG,GA,ASO,ES,Towers with Radar,1,9,11,11,32,0,0,32,1,33,1,9,43,12,65,62,22,84,149
06/14/2022,CSG,GA,ASO,ES,Towers with Radar,1,10,19,0,30,0,1,11,0,12,1,11,30,0,42,23,0,23,65
06/15/2022,CSG,GA,ASO,ES,Towers with Radar,2,10,8,2,22,0,0,37,3,40,2,10,45,5,62,42,18,60,122
06/16/2022,CSG,GA,ASO,ES,Towers with Radar,3,11,9,2,25,0,1,29,2,32,3,12,38,4,57,102,4,106,163
06/17/2022,CSG,GA,ASO,ES,Towers with Radar,1,11,12,0,24,0,0,23,1,24,1,11,35,1,48,39,0,39,87
06/18/2022,CSG,GA,ASO,ES,Towers with Radar,1,6,10,0,17,0,0,21,0,21,1,6,31,0,38,46,0,46,84
06/19/2022,CSG,GA,ASO,ES,Towers with Radar,0,9,9,0,18,0,0,25,0,25,0,9,34,0,43,38,0,38,81
06/20/2022,CSG,GA,ASO,ES,Towers with Radar,2,6,4,0,12,0,0,29,0,29,2,6,33,0,41,31,0,31,72
06/21/2022,CSG,GA,ASO,ES,Towers with Radar,3,6,15,0,24,0,2,27,0,29,3,8,42,0,53,76,0,76,129
06/22/2022,CSG,GA,ASO,ES,Towers with Radar,3,7,14,3,27,0,4,29,0,33,3,11,43,3,60,26,6,32,92
06/23/2022,CSG,GA,ASO,ES,Towers with Radar,0,7,15,0,22,0,0,22,0,22,0,7,37,0,44,10,0,10,54
06/24/2022,CSG,GA,ASO,ES,Towers with Radar,0,7,23,0,30,0,0,18,0,18,0,7,41,0,48,22,0,22,70
06/25/2022,CSG,GA,ASO,ES,Towers with Radar,1,11,3,0,15,0,0,17,0,17,1,11,20,0,32,16,0,16,48
06/26/2022,CSG,GA,ASO,ES,Towers with Radar,1,7,10,0,18,0,0,31,0,31,1,7,41,0,49,58,0,58,107
06/27/2022,CSG,GA,ASO,ES,Towers with Radar,1,10,22,1,34,0,0,17,1,18,1,10,39,2,52,32,14,46,98
06/28/2022,CSG,GA,ASO,ES,Towers with Radar,1,6,15,2,24,0,0,10,0,10,1,6,25,2,34,45,0,45,79
06/29/2022,CSG,GA,ASO,ES,Towers with Radar,7,6,20,1,34,0,0,9,0,9,7,6,29,1,43,24,0,24,67
06/30/2022,CSG,GA,ASO,ES,Towers with Radar,5,6,11,1,23,0,0,10,0,10,5,6,21,1,33,12,0,12,45
07/01/2022,CSG,GA,ASO,ES,Towers with Radar,1,6,19,0,26,0,0,16,0,16,1,6,35,0,42,18,0,18,60
07/02/2022,CSG,GA,ASO,ES,Towers with Radar,1,7,6,0,14,0,0,22,2,24,1,7,28,2,38,32,0,32,70
07/03/2022,CSG,GA,ASO,ES,Towers with Radar,1,7,7,0,15,0,0,15,0,15,1,7,22,0,30,38,0,38,68
07/04/2022,CSG,GA,ASO,ES,Towers with Radar,1,4,16,0,21,0,0,11,0,11,1,4,27,0,32,46,0,46,78
07/05/2022,CSG,GA,ASO,ES,Towers with Radar,1,6,12,2,21,0,0,23,2,25,1,6,35,4,46,82,0,82,128
07/06/2022,CSG,GA,ASO,ES,Towers with Radar,3,10,18,0,31,0,0,15,0,15,3,10,33,0,46,58,0,58,104
07/07/2022,CSG,GA,ASO,ES,Towers with Radar,1,4,16,0,21,0,0,27,0,27,1,4,43,0,48,78,0,78,126
07/08/2022,CSG,GA,ASO,ES,Towers with Radar,1,4,8,0,13,0,0,11,0,11,1,4,19,0,24,24,0,24,48
07/09/2022,CSG,GA,ASO,ES,Towers with Radar,0,6,8,2,16,0,0,13,0,13,0,6,21,2,29,37,0,37,66
07/10/2022,CSG,GA,ASO,ES,Towers with Radar,2,9,12,0,23,0,0,16,2,18,2,9,28,2,41,20,0,20,61
07/11/2022,CSG,GA,ASO,ES,Towers with Radar,3,6,12,0,21,0,0,6,0,6,3,6,18,0,27,88,0,88,115
07/12/2022,CSG,GA,ASO,ES,Towers with Radar,1,10,4,4,19,0,0,5,2,7,1,10,9,6,26,20,0,20,46
07/13/2022,CSG,GA,ASO,ES,Towers with Radar,3,8,12,0,23,0,0,9,0,9,3,8,21,0,32,60,0,60,92
07/14/2022,CSG,GA,ASO,ES,Towers with Radar,1,6,10,0,17,0,0,9,0,9,1,6,19,0,26,2,0,2,28
07/15/2022,CSG,GA,ASO,ES,Towers with Radar,3,6,14,7,30,0,0,35,0,35,3,6,49,7,65,46,46,92,157
07/16/2022,CSG,GA,ASO,ES,Towers with Radar,1,8,16,0,25,0,0,25,3,28,1,8,41,3,53,61,0,61,114
07/17/2022,CSG,GA,ASO,ES,Towers with Radar,1,7,20,0,28,0,2,44,0,46,1,9,64,0,74,30,0,30,104
07/18/2022,CSG,GA,ASO,ES,Towers with Radar,1,8,11,0,20,0,0,28,0,28,1,8,39,0,48,58,0,58,106
07/19/2022,CSG,GA,ASO,ES,Towers with Radar,1,6,15,0,22,0,0,8,0,8,1,6,23,0,30,34,0,34,64
07/20/2022,CSG,GA,ASO,ES,Towers with Radar,3,10,19,1,33,0,1,25,1,27,3,11,44,2,60,41,4,45,105
07/21/2022,CSG,GA,ASO,ES,Towers with Radar,1,12,14,0,27,0,0,2,0,2,1,12,16,0,29,82,0,82,111
07/22/2022,CSG,GA,ASO,ES,Towers with Radar,1,8,14,0,23,0,0,29,0,29,1,8,43,0,52,54,0,54,106
07/23/2022,CSG,GA,ASO,ES,Towers with Radar,1,6,8,0,15,0,0,15,0,15,1,6,23,0,30,60,0,60,90
07/24/2022,CSG,GA,ASO,ES,Towers with Radar,0,7,9,2,18,0,1,43,0,44,0,8,52,2,62,90,0,90,152
07/25/2022,CSG,GA,ASO,ES,Towers with Radar,1,7,10,0,18,0,2,31,4,37,1,9,41,4,55,76,30,106,161
07/26/2022,CSG,GA,ASO,ES,Towers with Radar,1,12,17,0,30,0,0,20,1,21,1,12,37,1,51,26,10,36,87
07/27/2022,CSG,GA,ASO,ES,Towers with Radar,3,11,18,2,34,0,2,31,0,33,3,13,49,2,67,48,0,48,115
07/28/2022,CSG,GA,ASO,ES,Towers with Radar,1,11,8,0,20,0,3,36,3,42,1,14,44,3,62,126,0,126,188
07/29/2022,CSG,GA,ASO,ES,Towers with Radar,1,6,18,2,27,0,2,16,4,22,1,8,34,6,49,54,0,54,103
07/30/2022,CSG,GA,ASO,ES,Towers with Radar,1,7,5,0,13,0,0,36,2,38,1,7,41,2,51,30,0,30,81
07/31/2022,CSG,GA,ASO,ES,Towers with Radar,2,9,10,0,21,0,0,20,0,20,2,9,30,0,41,10,0,10,51
08/01/2022,CSG,GA,ASO,ES,Towers with Radar,1,7,13,2,23,0,0,10,0,10,1,7,23,2,33,20,0,20,53
08/02/2022,CSG,GA,ASO,ES,Towers with Radar,1,6,14,0,21,0,0,15,0,15,1,6,29,0,36,36,0,36,72
08/03/2022,CSG,GA,ASO,ES,Towers with Radar,3,11,15,3,32,0,0,10,0,10,3,11,25,3,42,20,14,34,76
08/04/2022,CSG,GA,ASO,ES,Towers with Radar,1,6,17,6,30,0,0,45,7,52,1,6,62,13,82,76,8,84,166
08/05/2022,CSG,GA,ASO,ES,Towers with Radar,2,12,9,0,23,0,0,14,0,14,2,12,23,0,37,20,0,20,57
08/06/2022,CSG,GA,ASO,ES,Towers with Radar,1,8,10,0,19,0,0,27,0,27,1,8,37,0,46,50,0,50,96
08/07/2022,CSG,GA,ASO,ES,Towers with Radar,1,6,9,1,17,0,0,12,0,12,1,6,21,1,29,24,0,24,53
08/08/2022,CSG,GA,ASO,ES,Towers with Radar,2,6,6,3,17,0,0,13,0,13,2,6,19,3,30,24,0,24,54
08/09/2022,CSG,GA,ASO,ES,Towers with Radar,2,8,14,0,24,0,0,10,0,10,2,8,24,0,34,116,0,116,150
08/10/2022,CSG,GA,ASO,ES,Towers with Radar,4,6,15,1,26,0,2,11,1,14,4,8,26,2,40,91,0,91,131
08/11/2022,CSG,GA,ASO,ES,Towers with Radar,1,8,21,2,32,0,0,7,0,7,1,8,28,2,39,58,0,58,97
08/12/2022,CSG,GA,ASO,ES,Towers with Radar,1,9,27,0,37,0,1,6,0,7,1,10,33,0,44,60,0,60,104
08/13/2022,CSG,GA,ASO,ES,Towers with Radar,3,13,21,0,37,0,1,22,3,26,3,14,43,3,63,18,0,18,81
08/14/2022,CSG,GA,ASO,ES,Towers with Radar,1,13,11,4,29,0,0,25,0,25,1,13,36,4,54,56,0,56,110
08/15/2022,CSG,GA,ASO,ES,Towers with Radar,2,5,13,0,20,0,0,30,0,30,2,5,43,0,50,64,0,64,114
08/16/2022,CSG,GA,ASO,ES,Towers with Radar,2,10,12,1,25,0,2,25,1,28,2,12,37,2,53,64,12,76,129
08/17/2022,CSG,GA,ASO,ES,Towers with Radar,4,10,17,2,33,0,0,12,0,12,4,10,29,2,45,0,0,0,45
08/18/2022,CSG,GA,ASO,ES,Towers with Radar,4,11,12,0,27,0,0,7,0,7,4,11,19,0,34,36,0,36,70
08/19/2022,CSG,GA,ASO,ES,Towers with Radar,4,8,11,0,23,0,0,2,0,2,4,8,13,0,25,12,0,12,37
08/20/2022,CSG,GA,ASO,ES,Towers with Radar,2,12,7,0,21,0,0,20,0,20,2,12,27,0,41,88,0,88,129
08/21/2022,CSG,GA,ASO,ES,Towers with Radar,2,8,10,0,20,0,0,8,0,8,2,8,18,0,28,18,0,18,46
08/22/2022,CSG,GA,ASO,ES,Towers with Radar,4,8,26,2,40,0,0,1,0,1,4,8,27,2,41,110,0,110,151
08/23/2022,CSG,GA,ASO,ES,Towers with Radar,2,6,14,2,24,0,0,9,0,9,2,6,23,2,33,26,0,26,59
08/24/2022,CSG,GA,ASO,ES,Towers with Radar,4,6,16,0,26,0,0,13,0,13,4,6,29,0,39,39,0,39,78
08/25/2022,CSG,GA,ASO,ES,Towers with Radar,2,6,22,0,30,0,0,0,0,0,2,6,22,0,30,0,0,0,30
08/26/2022,CSG,GA,ASO,ES,Towers with Radar,2,6,14,0,22,0,0,6,0,6,2,6,20,0,28,18,0,18,46
08/27/2022,CSG,GA,ASO,ES,Towers with Radar,2,6,12,0,20,0,0,17,0,17,2,6,29,0,37,94,0,94,131
08/28/2022,CSG,GA,ASO,ES,Towers with Radar,2,6,14,1,23,0,0,26,4,30,2,6,40,5,53,58,0,58,111
08/29/2022,CSG,GA,ASO,ES,Towers with Radar,4,8,16,4,32,0,2,22,2,26,4,10,38,6,58,81,0,81,139
08/30/2022,CSG,GA,ASO,ES,Towers with Radar,2,6,19,2,29,0,0,16,2,18,2,6,35,4,47,42,2,44,91
08/31/2022,CSG,GA,ASO,ES,Towers with Radar,4,6,20,2,32,0,0,47,3,50,4,6,67,5,82,84,2,86,168
09/01/2022,CSG,GA,ASO,ES,Towers with Radar,0,6,17,0,23,0,1,19,4,24,0,7,36,4,47,84,16,100,147
09/02/2022,CSG,GA,ASO,ES,Towers with Radar,2,6,17,0,25,0,0,26,0,26,2,6,43,0,51,74,0,74,125
09/03/2022,CSG,GA,ASO,ES,Towers with Radar,2,7,14,0,23,0,0,9,0,9,2,7,23,0,32,56,0,56,88
09/04/2022,CSG,GA,ASO,ES,Towers with Radar,2,7,13,0,22,0,0,1,0,1,2,7,14,0,23,24,0,24,47
09/05/2022,CSG,GA,ASO,ES,Towers with Radar,2,6,16,0,24,0,0,9,0,9,2,6,25,0,33,0,0,0,33
09/06/2022,CSG,GA,ASO,ES,Towers with Radar,2,7,21,0,30,0,0,25,0,25,2,7,46,0,55,60,0,60,115
09/07/2022,CSG,GA,ASO,ES,Towers with Radar,4,5,10,0,19,0,0,33,0,33,4,5,43,0,52,136,0,136,188
09/08/2022,CSG,GA,ASO,ES,Towers with Radar,4,5,9,2,20,0,0,25,0,25,4,5,34,2,45,40,0,40,85
09/09/2022,CSG,GA,ASO,ES,Towers with Radar,2,5,22,3,32,0,0,3,0,3,2,5,25,3,35,0,0,0,35
09/10/2022,CSG,GA,ASO,ES,Towers with Radar,2,5,10,6,23,0,0,0,0,0,2,5,10,6,23,0,0,0,23
09/11/2022,CSG,GA,ASO,ES,Towers with Radar,2,6,11,4,23,0,0,6,0,6,2,6,17,4,29,76,0,76,105
09/12/2022,CSG,GA,ASO,ES,Towers with Radar,2,9,15,3,29,0,0,13,0,13,2,9,28,3,42,50,0,50,92
09/13/2022,CSG,GA,ASO,ES,Towers with Radar,2,8,22,12,44,0,2,42,0,44,2,10,64,12,88,88,0,88,176
09/14/2022,CSG,GA,ASO,ES,Towers with Radar,4,9,9,4,26,0,2,27,1,30,4,11,36,5,56,96,10,106,162
09/15/2022,CSG,GA,ASO,ES,Towers with Radar,2,7,20,2,31,0,2,36,3,41,2,9,56,5,72,88,2,90,162
09/16/2022,CSG,GA,ASO,ES,Towers with Radar,2,6,22,3,33,0,0,45,2,47,2,6,67,5,80,44,0,44,124
09/17/2022,CSG,GA,ASO,ES,Towers with Radar,3,7,13,1,24,0,0,34,1,35,3,7,47,2,59,8,0,8,67
09/18/2022,CSG,GA,ASO,ES,Towers with Radar,2,6,14,0,22,0,0,27,0,27,2,6,41,0,49,38,0,38,87
09/19/2022,CSG,GA,ASO,ES,Towers with Radar,3,9,13,2,27,0,0,29,0,29,3,9,42,2,56,73,0,73,129
09/20/2022,CSG,GA,ASO,ES,Towers with Radar,3,6,19,2,30,0,0,34,0,34,3,6,53,2,64,66,0,66,130
09/21/2022,CSG,GA,ASO,ES,Towers with Radar,4,7,13,2,26,0,2,25,4,31,4,9,38,6,57,54,14,68,125
09/22/2022,CSG,GA,ASO,ES,Towers with Radar,4,8,19,0,31,0,0,18,0,18,4,8,37,0,49,46,0,46,95
09/23/2022,CSG,GA,ASO,ES,Towers with Radar,7,9,21,2,39,0,0,59,0,59,7,9,80,2,98,64,0,64,162
09/24/2022,CSG,GA,ASO,ES,Towers with Radar,3,6,16,0,25,0,0,88,2,90,3,6,104,2,115,44,0,44,159
09/25/2022,CSG,GA,ASO,ES,Towers with Radar,2,10,17,1,30,0,0,40,0,40,2,10,57,1,70,44,0,44,114
09/26/2022,CSG,GA,ASO,ES,Towers with Radar,4,6,5,0,15,0,0,31,1,32,4,6,36,1,47,11,0,11,58
09/27/2022,CSG,GA,ASO,ES,Towers with Radar,2,9,20,0,31,0,0,24,2,26,2,9,44,2,57,30,0,30,87
09/28/2022,CSG,GA,ASO,ES,Towers with Radar,2,6,16,6,30,0,0,19,0,19,2,6,35,6,49,78,14,92,141
09/29/2022,CSG,GA,ASO,ES,Towers with Radar,2,6,14,2,24,0,0,3,0,3,2,6,17,2,27,0,0,0,27
09/30/2022,CSG,GA,ASO,ES,Towers with Radar,3,11,9,0,23,0,1,19,0,20,3,12,28,0,43,18,0,18,61
10/01/2022,CSG,GA,ASO,ES,Towers with Radar,2,8,7,0,17,0,0,29,0,29,2,8,36,0,46,46,0,46,92
10/02/2022,CSG,GA,ASO,ES,Towers with Radar,2,12,4,2,20,0,0,25,0,25,2,12,29,2,45,7,0,7,52
10/03/2022,CSG,GA,ASO,ES,Towers with Radar,4,10,15,0,29,0,0,29,0,29,4,10,44,0,58,44,0,44,102
10/04/2022,CSG,GA,ASO,ES,Towers with Radar,2,6,16,0,24,0,0,53,0,53,2,6,69,0,77,117,0,117,194
10/05/2022,CSG,GA,ASO,ES,Towers with Radar,4,6,18,0,28,0,0,30,0,30,4,6,48,0,58,52,0,52,110
10/06/2022,CSG,GA,ASO,ES,Towers with Radar,6,6,19,1,32,0,0,36,0,36,6,6,55,1,68,68,0,68,136
10/07/2022,CSG,GA,ASO,ES,Towers with Radar,2,7,10,0,19,0,2,28,2,32,2,9,38,2,51,28,0,28,79
10/08/2022,CSG,GA,ASO,ES,Towers with Radar,2,6,19,0,27,0,0,11,2,13,2,6,30,2,40,0,0,0,40
10/09/2022,CSG,GA,ASO,ES,Towers with Radar,4,6,15,0,25,0,0,23,2,25,4,6,38,2,50,14,0,14,64
10/10/2022,CSG,GA,ASO,ES,Towers with Radar,2,8,15,0,25,0,0,32,0,32,2,8,47,0,57,77,0,77,134
10/11/2022,CSG,GA,ASO,ES,Towers with Radar,2,6,18,3,29,0,0,7,3,10,2,6,25,6,39,24,8,32,71
10/12/2022,CSG,GA,ASO,ES,Towers with Radar,4,10,10,0,24,0,0,0,0,0,4,10,10,0,24,0,0,0,24
10/13/2022,CSG,GA,ASO,ES,Towers with Radar,4,13,9,0,26,0,0,8,1,9,4,13,17,1,35,52,10,62,97
10/14/2022,CSG,GA,ASO,ES,Towers with Radar,4,13,5,0,22,0,1,45,0,46,4,14,50,0,68,102,0,102,170
10/15/2022,CSG,GA,ASO,ES,Towers with Radar,3,4,18,2,27,0,0,39,0,39,3,4,57,2,66,54,0,54,120
10/16/2022,CSG,GA,ASO,ES,Towers with Radar,2,10,9,4,25,0,0,40,0,40,2,10,49,4,65,42,0,42,107
10/17/2022,CSG,GA,ASO,ES,Towers with Radar,2,8,14,2,26,0,0,36,0,36,2,8,50,2,62,80,6,86,148
10/18/2022,CSG,GA,ASO,ES,Towers with Radar,2,8,8,1,19,0,2,34,1,37,2,10,42,2,56,46,0,46,102
10/19/2022,CSG,GA,ASO,ES,Towers with Radar,4,7,16,0,27,0,0,39,1,40,4,7,55,1,67,116,3,119,186
10/20/2022,CSG,GA,ASO,ES,Towers with Radar,2,7,13,0,22,0,0,36,1,37,2,7,49,1,59,104,0,104,163
10/21/2022,CSG,GA,ASO,ES,Towers with Radar,4,8,17,0,29,0,1,40,0,41,4,9,57,0,70,82,0,82,152
10/22/2022,CSG,GA,ASO,ES,Towers with Radar,1,5,7,0,13,0,0,65,0,65,1,5,72,0,78,46,0,46,124
10/23/2022,CSG,GA,ASO,ES,Towers with Radar,3,7,16,2,28,0,0,29,0,29,3,7,45,2,57,0,0,0,57
10/24/2022,CSG,GA,ASO,ES,Towers with Radar,2,9,10,0,21,0,0,23,0,23,2,9,33,0,44,30,0,30,74
10/25/2022,CSG,GA,ASO,ES,Towers with Radar,2,10,10,0,22,0,0,23,2,25,2,10,33,2,47,14,0,14,61
10/26/2022,CSG,GA,ASO,ES,Towers with Radar,5,8,20,0,33,0,0,36,3,39,5,8,56,3,72,81,22,103,175
10/27/2022,CSG,GA,ASO,ES,Towers with Radar,5,14,29,2,50,0,1,34,2,37,5,15,63,4,87,68,2,70,157
10/28/2022,CSG,GA,ASO,ES,Towers with Radar,3,12,24,0,39,0,2,15,0,17,3,14,39,0,56,30,0,30,86
10/29/2022,CSG,GA,ASO,ES,Towers with Radar,4,8,19,0,31,0,0,22,0,22,4,8,41,0,53,30,0,30,83
10/30/2022,CSG,GA,ASO,ES,Towers with Radar,2,17,27,0,46,0,0,0,0,0,2,17,27,0,46,0,0,0,46
10/31/2022,CSG,GA,ASO,ES,Towers with Radar,2,11,13,0,26,0,0,10,0,10,2,11,23,0,36,14,0,14,50
11/01/2022,CSG,GA,ASO,ES,Towers with Radar,2,10,18,0,30,0,0,35,4,39,2,10,53,4,69,144,0,144,213
11/02/2022,CSG,GA,ASO,ES,Towers with Radar,4,11,22,5,42,0,2,20,1,23,4,13,42,6,65,104,18,122,187
11/03/2022,CSG,GA,ASO,ES,Towers with Radar,2,14,17,0,33,0,0,31,2,33,2,14,48,2,66,86,10,96,162
11/04/2022,CSG,GA,ASO,ES,Towers with Radar,2,12,18,0,32,0,0,38,0,38,2,12,56,0,70,50,0,50,120
11/05/2022,CSG,GA,ASO,ES,Towers with Radar,2,7,14,1,24,0,1,25,1,27,2,8,39,2,51,90,0,90,141
11/06/2022,CSG,GA,ASO,ES,Towers with Radar,3,10,28,0,41,0,2,22,0,24,3,12,50,0,65,109,0,109,174
11/07/2022,CSG,GA,ASO,ES,Towers with Radar,2,6,23,0,31,0,1,22,0,23,2,7,45,0,54,36,0,36,90
11/08/2022,CSG,GA,ASO,ES,Towers with Radar,2,5,6,2,15,0,0,31,1,32,2,5,37,3,47,36,0,36,83
11/09/2022,CSG,GA,ASO,ES,Towers with Radar,4,7,15,1,27,0,0,17,5,22,4,7,32,6,49,10,26,36,85
11/10/2022,CSG,GA,ASO,ES,Towers with Radar,4,6,10,0,20,0,0,1,2,3,4,6,11,2,23,0,0,0,23
11/11/2022,CSG,GA,ASO,ES,Towers with Radar,5,9,13,0,27,0,0,1,0,1,5,9,14,0,28,0,0,0,28
11/12/2022,CSG,GA,ASO,ES,Towers with Radar,2,11,19,0,32,0,0,12,0,12,2,11,31,0,44,4,0,4,48
11/13/2022,CSG,GA,ASO,ES,Towers with Radar,2,10,34,0,46,0,0,26,0,26,2,10,60,0,72,38,0,38,110
11/14/2022,CSG,GA,ASO,ES,Towers with Radar,2,6,16,0,24,0,0,36,0,36,2,6,52,0,60,78,0,78,138
11/15/2022,CSG,GA,ASO,ES,Towers with Radar,4,9,10,0,23,0,0,0,0,0,4,9,10,0,23,0,0,0,23
11/16/2022,CSG,GA,ASO,ES,Towers with Radar,4,7,15,0,26,0,0,23,0,23,4,7,38,0,49,68,0,68,117
11/17/2022,CSG,GA,ASO,ES,Towers with Radar,2,7,19,0,28,0,0,31,0,31,2,7,50,0,59,47,0,47,106
11/18/2022,CSG,GA,ASO,ES,Towers with Radar,2,7,18,0,27,0,0,43,0,43,2,7,61,0,70,90,16,106,176
11/19/2022,CSG,GA,ASO,ES,Towers with Radar,4,4,17,0,25,0,0,26,0,26,4,4,43,0,51,66,0,66,117
11/20/2022,CSG,GA,ASO,ES,Towers with Radar,2,6,13,0,21,0,2,26,0,28,2,8,39,0,49,46,0,46,95
11/21/2022,CSG,GA,ASO,ES,Towers with Radar,4,7,13,0,24,0,0,16,0,16,4,7,29,0,40,101,0,101,141
11/22/2022,CSG,GA,ASO,ES,Towers with Radar,2,6,17,0,25,0,0,22,0,22,2,6,39,0,47,46,0,46,93
11/23/2022,CSG,GA,ASO,ES,Towers with Radar,4,11,13,0,28,0,2,35,0,37,4,13,48,0,65,52,0,52,117
11/24/2022,CSG,GA,ASO,ES,Towers with Radar,2,6,0,0,8,0,0,4,0,4,2,6,4,0,12,0,0,0,12
11/25/2022,CSG,GA,ASO,ES,Towers with Radar,4,12,5,0,21,0,0,1,0,1,4,12,6,0,22,12,0,12,34
11/26/2022,CSG,GA,ASO,ES,Towers with Radar,2,9,29,0,40,0,0,0,0,0,2,9,29,0,40,0,0,0,40
11/27/2022,CSG,GA,ASO,ES,Towers with Radar,2,12,12,0,26,0,0,5,0,5,2,12,17,0,31,44,0,44,75
11/28/2022,CSG,GA,ASO,ES,Towers with Radar,2,10,18,0,30,0,0,29,1,30,2,10,47,1,60,66,0,66,126
11/29/2022,CSG,GA,ASO,ES,Towers with Radar,2,6,18,4,30,0,0,19,2,21,2,6,37,6,51,17,4,21,72
11/30/2022,CSG,GA,ASO,ES,Towers with Radar,6,7,10,0,23,0,0,12,0,12,6,7,22,0,35,38,0,38,73
12/01/2022,CSG,GA,ASO,ES,Towers with Radar,2,9,12,0,23,0,0,36,1,37,2,9,48,1,60,106,0,106,166
12/02/2022,CSG,GA,ASO,ES,Towers with Radar,2,8,16,0,26,0,0,49,0,49,2,8,65,0,75,114,0,114,189
12/03/2022,CSG,GA,ASO,ES,Towers with Radar,2,7,9,2,20,0,0,12,0,12,2,7,21,2,32,40,0,40,72
12/04/2022,CSG,GA,ASO,ES,Towers with Radar,2,9,30,1,42,0,0,16,0,16,2,9,46,1,58,32,0,32,90
12/05/2022,CSG,GA,ASO,ES,Towers with Radar,2,11,12,6,31,0,0,15,6,21,2,11,27,12,52,95,34,129,181
12/06/2022,CSG,GA,ASO,ES,Towers with Radar,2,11,28,0,41,0,0,17,4,21,2,11,45,4,62,74,6,80,142
12/07/2022,CSG,GA,ASO,ES,Towers with Radar,4,10,33,0,47,0,0,9,2,11,4,10,42,2,58,44,0,44,102
12/08/2022,CSG,GA,ASO,ES,Towers with Radar,2,16,14,0,32,0,0,28,0,28,2,16,42,0,60,53,0,53,113
12/09/2022,CSG,GA,ASO,ES,Towers with Radar,2,11,26,0,39,0,3,24,0,27,2,14,50,0,66,112,0,112,178
12/10/2022,CSG,GA,ASO,ES,Towers with Radar,2,9,13,0,24,0,0,2,0,2,2,9,15,0,26,0,0,0,26
12/11/2022,CSG,GA,ASO,ES,Towers with Radar,2,20,14,0,36,0,0,2,0,2,2,20,16,0,38,0,0,0,38
12/12/2022,CSG,GA,ASO,ES,Towers with Radar,2,9,20,0,31,0,0,0,0,0,2,9,20,0,31,10,0,10,41
12/13/2022,CSG,GA,ASO,ES,Towers with Radar,2,12,32,0,46,0,0,4,0,4,2,12,36,0,50,40,0,40,90
12/14/2022,CSG,GA,ASO,ES,Towers with Radar,4,19,13,0,36,0,0,0,0,0,4,19,13,0,36,0,0,0,36
12/15/2022,CSG,GA,ASO,ES,Towers with Radar,2,8,34,0,44,0,0,14,4,18,2,8,48,4,62,22,0,22,84
12/16/2022,CSG,GA,ASO,ES,Towers with Radar,2,10,11,1,24,0,4,33,2,39,2,14,44,3,63,58,16,74,137
12/17/2022,CSG,GA,ASO,ES,Towers with Radar,2,6,9,2,19,0,2,42,1,45,2,8,51,3,64,76,0,76,140
12/18/2022,CSG,GA,ASO,ES,Towers with Radar,2,10,16,0,28,0,3,25,0,28,2,13,41,0,56,78,0,78,134
12/19/2022,CSG,GA,ASO,ES,Towers with Radar,4,9,9,0,22,0,0,34,0,34,4,9,43,0,56,52,2,54,110
12/20/2022,CSG,GA,ASO,ES,Towers with Radar,2,9,6,0,17,0,0,0,0,0,2,9,6,0,17,0,0,0,17
12/21/2022,CSG,GA,ASO,ES,Towers with Radar,5,9,15,0,29,0,0,0,0,0,5,9,15,0,29,0,0,0,29
12/22/2022,CSG,GA,ASO,ES,Towers with Radar,6,6,12,0,24,0,0,0,0,0,6,6,12,0,24,0,0,0,24
12/23/2022,CSG,GA,ASO,ES,Towers with Radar,2,8,6,0,16,0,0,2,0,2,2,8,8,0,18,0,0,0,18
12/24/2022,CSG,GA,ASO,ES,Towers with Radar,2,5,7,0,14,0,0,2,0,2,2,5,9,0,16,0,0,0,16
12/25/2022,CSG,GA,ASO,ES,Towers with Radar,2,5,1,0,8,0,0,7,0,7,2,5,8,0,15,0,0,0,15
12/26/2022,CSG,GA,ASO,ES,Towers with Radar,2,9,14,0,25,0,0,18,0,18,2,9,32,0,43,6,0,6,49
12/27/2022,CSG,GA,ASO,ES,Towers with Radar,4,6,9,0,19,0,0,49,0,49,4,6,58,0,68,60,0,60,128
12/28/2022,CSG,GA,ASO,ES,Towers with Radar,5,9,18,0,32,0,2,24,0,26,5,11,42,0,58,34,0,34,92
12/29/2022,CSG,GA,ASO,ES,Towers with Radar,2,8,11,2,23,0,0,50,0,50,2,8,61,2,73,22,0,22,95
12/30/2022,CSG,GA,ASO,ES,Towers with Radar,2,8,9,0,19,0,0,18,0,18,2,8,27,0,37,45,0,45,82
12/31/2022,CSG,GA,ASO,ES,Towers with Radar,2,6,7,0,15,0,0,0,0,0,2,6,7,0,15,0,0,0,15
01/01/2023,CSG,GA,ASO,ES,Towers with Radar,2,9,8,0,19,0,0,24,0,24,2,9,32,0,43,22,0,22,65
01/02/2023,CSG,GA,ASO,ES,Towers with Radar,2,6,18,0,26,0,2,1,0,3,2,8,19,0,29,66,0,66,95
01/03/2023,CSG,GA,ASO,ES,Towers with Radar,2,6,6,0,14,0,0,0,0,0,2,6,6,0,14,0,0,0,14
01/04/2023,CSG,GA,ASO,ES,Towers with Radar,6,9,5,0,20,0,0,5,0,5,6,9,10,0,25,36,0,36,61
01/05/2023,CSG,GA,ASO,ES,Towers with Radar,2,8,8,2,20,0,5,27,0,32,2,13,35,2,52,66,0,66,118
01/06/2023,CSG,GA,ASO,ES,Towers with Radar,4,10,8,2,24,0,4,22,0,26,4,14,30,2,50,48,0,48,98
01/07/2023,CSG,GA,ASO,ES,Towers with Radar,3,5,11,0,19,0,0,64,0,64,3,5,75,0,83,68,0,68,151
01/08/2023,CSG,GA,ASO,ES,Towers with Radar,2,8,7,0,17,0,0,14,0,14,2,8,21,0,31,116,0,116,147
01/09/2023,CSG,GA,ASO,ES,Towers with Radar,2,8,5,0,15,0,1,29,2,32,2,9,34,2,47,10,0,10,57
01/10/2023,CSG,GA,ASO,ES,Towers with Radar,2,6,13,2,23,0,0,36,0,36,2,6,49,2,59,56,18,74,133
01/11/2023,CSG,GA,ASO,ES,Towers with Radar,4,8,19,0,31,0,1,5,0,6,4,9,24,0,37,20,0,20,57
01/12/2023,CSG,GA,ASO,ES,Towers with Radar,3,9,4,0,16,0,0,0,0,0,3,9,4,0,16,0,0,0,16
01/13/2023,CSG,GA,ASO,ES,Towers with Radar,2,10,14,0,26,0,1,2,0,3,2,11,16,0,29,0,0,0,29
01/14/2023,CSG,GA,ASO,ES,Towers with Radar,2,6,11,0,19,0,0,12,0,12,2,6,23,0,31,8,0,8,39
01/15/2023,CSG,GA,ASO,ES,Towers with Radar,2,10,10,0,22,0,0,52,0,52,2,10,62,0,74,102,0,102,176
01/16/2023,CSG,GA,ASO,ES,Towers with Radar,2,10,16,0,28,0,0,48,2,50,2,10,64,2,78,122,0,122,200
01/17/2023,CSG,GA,ASO,ES,Towers with Radar,2,6,15,0,23,0,0,0,0,0,2,6,15,0,23,0,0,0,23
01/18/2023,CSG,GA,ASO,ES,Towers with Radar,8,8,7,0,23,0,0,0,2,2,8,8,7,2,25,0,4,4,29
01/19/2023,CSG,GA,ASO,ES,Towers with Radar,2,10,19,0,31,0,1,18,0,19,2,11,37,0,50,12,0,12,62
01/20/2023,CSG,GA,ASO,ES,Towers with Radar,2,15,12,0,29,0,0,32,2,34,2,15,44,2,63,147,0,147,210
01/21/2023,CSG,GA,ASO,ES,Towers with Radar,2,6,11,0,19,0,7,50,0,57,2,13,61,0,76,42,0,42,118
01/22/2023,CSG,GA,ASO,ES,Towers with Radar,0,10,8,2,20,0,0,0,0,0,0,10,8,2,20,0,0,0,20
01/23/2023,CSG,GA,ASO,ES,Towers with Radar,2,7,19,0,28,0,0,22,0,22,2,7,41,0,50,92,0,92,142
01/24/2023,CSG,GA,ASO,ES,Towers with Radar,2,7,6,0,15,0,2,70,4,76,2,9,76,4,91,64,20,84,175
01/25/2023,CSG,GA,ASO,ES,Towers with Radar,6,9,13,0,28,0,0,1,0,1,6,9,14,0,29,0,0,0,29
01/26/2023,CSG,GA,ASO,ES,Towers with Radar,3,14,22,4,43,0,0,17,4,21,3,14,39,8,64,84,8,92,156
01/27/2023,CSG,GA,ASO,ES,Towers with Radar,2,12,17,0,31,0,0,47,0,47,2,12,64,0,78,100,0,100,178
01/28/2023,CSG,GA,ASO,ES,Towers with Radar,2,8,16,0,26,0,1,98,4,103,2,9,114,4,129,70,0,70,199
01/29/2023,CSG,GA,ASO,ES,Towers with Radar,3,10,5,1,19,0,0,1,0,1,3,10,6,1,20,34,0,34,54
01/30/2023,CSG,GA,ASO,ES,Towers with Radar,0,3,16,1,20,0,0,0,0,0,0,3,16,1,20,0,0,0,20
01/31/2023,CSG,GA,ASO,ES,Towers with Radar,0,7,16,0,23,0,0,2,0,2,0,7,18,0,25,0,0,0,25
02/01/2023,CSG,GA,ASO,ES,Towers with Radar,0,8,27,0,35,0,2,1,0,3,0,10,28,0,38,8,0,8,46
02/02/2023,CSG,GA,ASO,ES,Towers with Radar,4,10,7,4,25,0,0,0,0,0,4,10,7,4,25,0,0,0,25
02/03/2023,CSG,GA,ASO,ES,Towers with Radar,4,9,16,2,31,0,0,28,2,30,4,9,44,4,61,50,0,50,111
02/04/2023,CSG,GA,ASO,ES,Towers with Radar,2,7,12,1,22,0,0,66,1,67,2,7,78,2,89,64,0,64,153
02/05/2023,CSG,GA,ASO,ES,Towers with Radar,2,10,8,3,23,0,0,36,0,36,2,10,44,3,59,94,0,94,153
02/06/2023,CSG,GA,ASO,ES,Towers with Radar,2,6,16,1,25,0,0,42,0,42,2,6,58,1,67,18,0,18,85
02/07/2023,CSG,GA,ASO,ES,Towers with Radar,4,9,8,2,23,0,0,52,2,54,4,9,60,4,77,92,10,102,179
02/08/2023,CSG,GA,ASO,ES,Towers with Radar,4,7,26,1,38,0,0,28,2,30,4,7,54,3,68,60,4,64,132
02/09/2023,CSG,GA,ASO,ES,Towers with Radar,4,8,16,0,28,0,0,6,0,6,4,8,22,0,34,0,0,0,34
02/10/2023,CSG,GA,ASO,ES,Towers with Radar,2,10,8,4,24,0,0,9,0,9,2,10,17,4,33,40,14,54,87
02/11/2023,CSG,GA,ASO,ES,Towers with Radar,2,6,1,0,9,0,0,1,0,1,2,6,2,0,10,0,0,0,10
02/12/2023,CSG,GA,ASO,ES,Towers with Radar,3,9,16,1,29,0,0,3,0,3,3,9,19,1,32,4,0,4,36
02/13/2023,CSG,GA,ASO,ES,Towers with Radar,4,13,10,1,28,0,0,37,4,41,4,13,47,5,69,76,12,88,157
02/14/2023,CSG,GA,ASO,ES,Towers with Radar,4,8,11,0,23,0,1,40,0,41,4,9,51,0,64,88,0,88,152
02/15/2023,CSG,GA,ASO,ES,Towers with Radar,3,12,14,0,29,0,0,21,0,21,3,12,35,0,50,22,0,22,72
02/16/2023,CSG,GA,ASO,ES,Towers with Radar,0,10,24,0,34,0,3,8,0,11,0,13,32,0,45,17,0,17,62
02/17/2023,CSG,GA,ASO,ES,Towers with Radar,2,8,13,0,23,0,0,4,0,4,2,8,17,0,27,0,0,0,27
02/18/2023,CSG,GA,ASO,ES,Towers with Radar,2,9,2,0,13,0,0,46,1,47,2,9,48,1,60,60,0,60,120
02/19/2023,CSG,GA,ASO,ES,Towers with Radar,4,7,14,0,25,0,1,41,2,44,4,8,55,2,69,50,0,50,119
02/20/2023,CSG,GA,ASO,ES,Towers with Radar,2,12,17,0,31,0,1,39,2,42,2,13,56,2,73,38,0,38,111
02/21/2023,CSG,GA,ASO,ES,Towers with Radar,3,8,13,5,29,0,0,18,0,18,3,8,31,5,47,16,0,16,63
02/22/2023,CSG,GA,ASO,ES,Towers with Radar,5,8,26,5,44,0,0,5,3,8,5,8,31,8,52,0,0,0,52
02/23/2023,CSG,GA,ASO,ES,Towers with Radar,2,12,17,0,31,0,3,2,4,9,2,15,19,4,40,0,12,12,52
02/24/2023,CSG,GA,ASO,ES,Towers with Radar,2,10,26,2,40,0,0,7,0,7,2,10,33,2,47,0,0,0,47
02/25/2023,CSG,GA,ASO,ES,Towers with Radar,4,7,10,0,21,0,0,10,0,10,4,7,20,0,31,0,0,0,31
02/26/2023,CSG,GA,ASO,ES,Towers with Radar,4,14,17,0,35,0,0,20,0,20,4,14,37,0,55,36,0,36,91
02/27/2023,CSG,GA,ASO,ES,Towers with Radar,2,10,15,2,29,0,0,13,0,13,2,10,28,2,42,46,0,46,88
02/28/2023,CSG,GA,ASO,ES,Towers with Radar,2,8,18,2,30,0,0,53,2,55,2,8,71,4,85,104,0,104,189
03/01/2023,CSG,GA,ASO,ES,Towers with Radar,4,9,29,1,43,0,0,6,1,7,4,9,35,2,50,14,8,22,72
03/02/2023,CSG,GA,ASO,ES,Towers with Radar,2,12,16,3,33,0,0,4,0,4,2,12,20,3,37,9,16,25,62
03/03/2023,CSG,GA,ASO,ES,Towers with Radar,2,13,3,0,18,0,0,0,0,0,2,13,3,0,18,0,0,0,18
03/04/2023,CSG,GA,ASO,ES,Towers with Radar,2,10,14,0,26,0,2,69,2,73,2,12,83,2,99,75,0,75,174
03/05/2023,CSG,GA,ASO,ES,Towers with Radar,0,8,9,0,17,0,0,47,2,49,0,8,56,2,66,10,0,10,76
03/06/2023,CSG,GA,ASO,ES,Towers with Radar,0,12,21,4,37,0,0,44,5,49,0,12,65,9,86,40,22,62,148
03/07/2023,CSG,GA,ASO,ES,Towers with Radar,0,11,19,0,30,0,0,11,2,13,0,11,30,2,43,60,0,60,103
03/08/2023,CSG,GA,ASO,ES,Towers with Radar,2,8,10,0,20,0,0,14,0,14,2,8,24,0,34,42,6,48,82
03/09/2023,CSG,GA,ASO,ES,Towers with Radar,0,8,18,0,26,0,4,12,3,19,0,12,30,3,45,43,0,43,88
03/10/2023,CSG,GA,ASO,ES,Towers with Radar,0,14,17,0,31,0,0,7,1,8,0,14,24,1,39,0,0,0,39
03/11/2023,CSG,GA,ASO,ES,Towers with Radar,0,7,9,0,16,0,0,54,0,54,0,7,63,0,70,48,0,48,118
03/12/2023,CSG,GA,ASO,ES,Towers with Radar,0,11,11,0,22,0,0,2,0,2,0,11,13,0,24,0,0,0,24
03/13/2023,CSG,GA,ASO,ES,Towers with Radar,0,9,14,4,27,0,1,26,0,27,0,10,40,4,54,26,0,26,80
03/14/2023,CSG,GA,ASO,ES,Towers with Radar,0,7,12,1,20,0,6,20,1,27,0,13,32,2,47,12,16,28,75
03/15/2023,CSG,GA,ASO,ES,Towers with Radar,3,8,21,2,34,0,0,46,1,47,3,8,67,3,81,64,18,82,163
03/16/2023,CSG,GA,ASO,ES,Towers with Radar,2,11,12,6,31,0,0,42,2,44,2,11,54,8,75,60,4,64,139
03/17/2023,CSG,GA,ASO,ES,Towers with Radar,0,13,2,0,15,0,0,1,0,1,0,13,3,0,16,24,0,24,40
03/18/2023,CSG,GA,ASO,ES,Towers with Radar,0,7,6,0,13,0,0,21,0,21,0,7,27,0,34,56,0,56,90
03/19/2023,CSG,GA,ASO,ES,Towers with Radar,0,9,15,0,24,0,0,21,1,22,0,9,36,1,46,16,0,16,62
03/20/2023,CSG,GA,ASO,ES,Towers with Radar,1,7,8,1,17,0,2,39,3,44,1,9,47,4,61,60,14,74,135
03/21/2023,CSG,GA,ASO,ES,Towers with Radar,0,9,5,2,16,0,0,31,2,33,0,9,36,4,49,46,0,46,95
03/22/2023,CSG,GA,ASO,ES,Towers with Radar,2,7,26,0,35,0,0,22,0,22,2,7,48,0,57,44,0,44,101
03/23/2023,CSG,GA,ASO,ES,Towers with Radar,0,9,29,0,38,0,0,15,0,15,0,9,44,0,53,4,0,4,57
03/24/2023,CSG,GA,ASO,ES,Towers with Radar,0,8,19,0,27,0,2,25,0,27,0,10,44,0,54,42,0,42,96
03/25/2023,CSG,GA,ASO,ES,Towers with Radar,0,7,11,0,18,0,0,5,0,5,0,7,16,0,23,2,0,2,25
03/26/2023,CSG,GA,ASO,ES,Towers with Radar,0,8,12,0,20,0,0,5,0,5,0,8,17,0,25,2,0,2,27
03/27/2023,CSG,GA,ASO,ES,Towers with Radar,0,9,9,0,18,0,2,10,0,12,0,11,19,0,30,10,0,10,40
03/28/2023,CSG,GA,ASO,ES,Towers with Radar,0,8,11,0,19,0,0,12,2,14,0,8,23,2,33,58,2,60,93
03/29/2023,CSG,GA,ASO,ES,Towers with Radar,2,10,25,1,38,0,2,48,5,55,2,12,73,6,93,98,6,104,197
03/30/2023,CSG,GA,ASO,ES,Towers with Radar,0,14,6,0,20,0,0,37,2,39,0,14,43,2,59,60,16,76,135
03/31/2023,CSG,GA,ASO,ES,Towers with Radar,0,14,20,0,34,0,0,35,0,35,0,14,55,0,69,62,0,62,131
04/01/2023,CSG,GA,ASO,ES,Towers with Radar,2,10,12,0,24,0,0,8,0,8,2,10,20,0,32,6,0,6,38
04/02/2023,CSG,GA,ASO,ES,Towers with Radar,0,14,17,0,31,0,0,61,0,61,0,14,78,0,92,72,0,72,164
04/03/2023,CSG,GA,ASO,ES,Towers with Radar,2,14,8,0,24,0,0,0,0,0,2,14,8,0,24,0,0,0,24
04/04/2023,CSG,GA,ASO,ES,Towers with Radar,0,10,16,2,28,0,0,14,1,15,0,10,30,3,43,12,0,12,55
04/05/2023,CSG,GA,ASO,ES,Towers with Radar,2,5,14,7,28,0,0,28,3,31,2,5,42,10,59,42,42,84,143
04/06/2023,CSG,GA,ASO,ES,Towers with Radar,1,7,18,2,28,0,0,18,0,18,1,7,36,2,46,60,16,76,122
04/07/2023,CSG,GA,ASO,ES,Towers with Radar,0,6,10,2,18,0,0,8,0,8,0,6,18,2,26,32,10,42,68
04/08/2023,CSG,GA,ASO,ES,Towers with Radar,1,5,5,0,11,0,0,0,0,0,1,5,5,0,11,0,0,0,11
04/09/2023,CSG,GA,ASO,ES,Towers with Radar,0,6,7,0,13,0,0,4,0,4,0,6,11,0,17,0,0,0,17
04/10/2023,CSG,GA,ASO,ES,Towers with Radar,2,11,13,2,28,0,0,22,1,23,2,11,35,3,51,22,8,30,81
04/11/2023,CSG,GA,ASO,ES,Towers with Radar,0,6,10,2,18,0,2,38,2,42,0,8,48,4,60,90,14,104,164
04/12/2023,CSG,GA,ASO,ES,Towers with Radar,2,4,22,4,32,0,8,41,1,50,2,12,63,5,82,38,12,50,132
04/13/2023,CSG,GA,ASO,ES,Towers with Radar,1,5,11,0,17,0,0,1,0,1,1,5,12,0,18,4,0,4,22
04/14/2023,CSG,GA,ASO,ES,Towers with Radar,0,6,16,1,23,0,0,14,0,14,0,6,30,1,37,78,0,78,115
04/15/2023,CSG,GA,ASO,ES,Towers with Radar,1,6,3,1,11,0,0,58,1,59,1,6,61,2,70,88,0,88,158
04/16/2023,CSG,GA,ASO,ES,Towers with Radar,1,9,15,0,25,0,0,2,0,2,1,9,17,0,27,2,0,2,29
04/17/2023,CSG,GA,ASO,ES,Towers with Radar,2,4,7,2,15,0,3,25,0,28,2,7,32,2,43,96,0,96,139
04/18/2023,CSG,GA,ASO,ES,Towers with Radar,0,3,15,2,20,0,2,39,1,42,0,5,54,3,62,110,4,114,176
04/19/2023,CSG,GA,ASO,ES,Towers with Radar,2,5,17,4,28,0,1,31,0,32,2,6,48,4,60,126,0,126,186
04/20/2023,CSG,GA,ASO,ES,Towers with Radar,0,6,10,0,16,0,0,51,0,51,0,6,61,0,67,220,0,220,287
04/21/2023,CSG,GA,ASO,ES,Towers with Radar,0,11,10,0,21,0,1,35,0,36,0,12,45,0,57,110,0,110,167
04/22/2023,CSG,GA,ASO,ES,Towers with Radar,0,5,16,0,21,0,0,21,0,21,0,5,37,0,42,30,0,30,72
04/23/2023,CSG,GA,ASO,ES,Towers with Radar,2,11,9,2,24,0,0,44,0,44,2,11,53,2,68,66,0,66,134
04/24/2023,CSG,GA,ASO,ES,Towers with Radar,0,9,17,0,26,0,1,39,2,42,0,10,56,2,68,124,0,124,192
04/25/2023,CSG,GA,ASO,ES,Towers with Radar,2,6,16,0,24,0,2,36,3,41,2,8,52,3,65,78,28,106,171
04/26/2023,CSG,GA,ASO,ES,Towers with Radar,2,21,28,0,51,0,0,8,2,10,2,21,36,2,61,24,0,24,85
04/27/2023,CSG,GA,ASO,ES,Towers with Radar,6,5,20,0,31,0,0,0,0,0,6,5,20,0,31,0,0,0,31
04/28/2023,CSG,GA,ASO,ES,Towers with Radar,0,9,8,2,19,0,0,13,1,14,0,9,21,3,33,8,0,8,41
04/29/2023,CSG,GA,ASO,ES,Towers with Radar,0,9,12,0,21,0,3,89,0,92,0,12,101,0,113,26,0,26,139
04/30/2023,CSG,GA,ASO,ES,Towers with Radar,0,7,14,0,21,0,0,4,0,4,0,7,18,0,25,0,0,0,25
05/01/2023,CSG,GA,ASO,ES,Towers with Radar,4,5,13,0,22,0,1,7,0,8,4,6,20,0,30,0,0,0,30
05/02/2023,CSG,GA,ASO,ES,Towers with Radar,4,1,20,0,25,0,1,7,0,8,4,2,27,0,33,16,0,16,49
05/03/2023,CSG,GA,ASO,ES,Towers with Radar,4,3,15,0,22,0,2,24,0,26,4,5,39,0,48,38,0,38,86
05/04/2023,CSG,GA,ASO,ES,Towers with Radar,7,3,22,0,32,0,1,52,2,55,7,4,74,2,87,88,16,104,191
05/05/2023,CSG,GA,ASO,ES,Towers with Radar,4,8,17,0,29,0,1,22,0,23,4,9,39,0,52,52,0,52,104
05/06/2023,CSG,GA,ASO,ES,Towers with Radar,2,2,9,0,13,0,0,25,0,25,2,2,34,0,38,72,0,72,110
05/07/2023,CSG,GA,ASO,ES,Towers with Radar,5,7,11,0,23,0,3,14,0,17,5,10,25,0,40,28,0,28,68
05/08/2023,CSG,GA,ASO,ES,Towers with Radar,4,2,13,0,19,0,2,23,0,25,4,4,36,0,44,18,0,18,62
05/09/2023,CSG,GA,ASO,ES,Towers with Radar,5,3,35,0,43,0,0,4,0,4,5,3,39,0,47,34,0,34,81
05/10/2023,CSG,GA,ASO,ES,Towers with Radar,2,1,28,0,31,0,1,32,3,36,2,2,60,3,67,50,12,62,129
05/11/2023,CSG,GA,ASO,ES,Towers with Radar,4,3,12,0,19,0,0,24,0,24,4,3,36,0,43,64,0,64,107
05/12/2023,CSG,GA,ASO,ES,Towers with Radar,4,0,21,0,25,0,0,9,0,9,4,0,30,0,34,16,0,16,50
05/13/2023,CSG,GA,ASO,ES,Towers with Radar,4,8,15,0,27,0,0,22,0,22,4,8,37,0,49,52,0,52,101
05/14/2023,CSG,GA,ASO,ES,Towers with Radar,4,4,12,0,20,0,2,23,0,25,4,6,35,0,45,30,0,30,75
05/15/2023,CSG,GA,ASO,ES,Towers with Radar,7,1,24,1,33,0,0,28,3,31,7,1,52,4,64,60,4,64,128
05/16/2023,CSG,GA,ASO,ES,Towers with Radar,4,5,24,2,35,0,0,6,0,6,4,5,30,2,41,18,0,18,59
05/17/2023,CSG,GA,ASO,ES,Towers with Radar,4,1,8,0,13,0,0,3,0,3,4,1,11,0,16,24,0,24,40
05/18/2023,CSG,GA,ASO,ES,Towers with Radar,4,3,18,0,25,0,0,2,0,2,4,3,20,0,27,8,0,8,35
05/19/2023,CSG,GA,ASO,ES,Towers with Radar,6,9,22,2,39,0,0,5,0,5,6,9,27,2,44,26,0,26,70
05/20/2023,CSG,GA,ASO,ES,Towers with Radar,2,0,12,0,14,0,0,13,0,13,2,0,25,0,27,82,0,82,109
05/21/2023,CSG,GA,ASO,ES,Towers with Radar,6,3,10,2,21,0,0,26,1,27,6,3,36,3,48,10,0,10,58
05/22/2023,CSG,GA,ASO,ES,Towers with Radar,4,6,14,0,24,0,1,0,0,1,4,7,14,0,25,0,0,0,25
05/23/2023,CSG,GA,ASO,ES,Towers with Radar,2,1,18,2,23,0,0,5,0,5,2,1,23,2,28,8,6,14,42
05/24/2023,CSG,GA,ASO,ES,Towers with Radar,4,3,13,0,20,0,3,20,0,23,4,6,33,0,43,104,0,104,147
05/25/2023,CSG,GA,ASO,ES,Towers with Radar,6,6,19,3,34,0,1,51,2,54,6,7,70,5,88,26,36,62,150
05/26/2023,CSG,GA,ASO,ES,Towers with Radar,4,7,7,0,18,0,4,32,0,36,4,11,39,0,54,45,0,45,99
05/27/2023,CSG,GA,ASO,ES,Towers with Radar,2,1,5,0,8,0,0,27,0,27,2,1,32,0,35,8,0,8,43
05/28/2023,CSG,GA,ASO,ES,Towers with Radar,2,3,9,0,14,0,0,35,2,37,2,3,44,2,51,0,0,0,51
05/29/2023,CSG,GA,ASO,ES,Towers with Radar,6,1,15,0,22,0,6,37,0,43,6,7,52,0,65,36,0,36,101
05/30/2023,CSG,GA,ASO,ES,Towers with Radar,2,0,14,4,20,0,1,44,0,45,2,1,58,4,65,92,0,92,157
05/31/2023,CSG,GA,ASO,ES,Towers with Radar,4,0,11,4,19,0,0,12,0,12,4,0,23,4,31,72,0,72,103
06/01/2023,CSG,GA,ASO,ES,Towers with Radar,4,4,21,0,29,0,0,34,0,34,4,4,55,0,63,114,0,114,177
06/02/2023,CSG,GA,ASO,ES,Towers with Radar,4,1,10,0,15,0,0,32,0,32,4,1,42,0,47,48,0,48,95
06/03/2023,CSG,GA,ASO,ES,Towers with Radar,2,5,11,0,18,0,0,35,0,35,2,5,46,0,53,38,0,38,91
06/04/2023,CSG,GA,ASO,ES,Towers with Radar,4,5,5,2,16,0,1,21,1,23,4,6,26,3,39,16,0,16,55
06/05/2023,CSG,GA,ASO,ES,Towers with Radar,4,4,3,0,11,0,0,19,4,23,4,4,22,4,34,68,0,68,102
06/06/2023,CSG,GA,ASO,ES,Towers with Radar,4,2,10,0,16,0,2,32,0,34,4,4,42,0,50,84,0,84,134
06/07/2023,CSG,GA,ASO,ES,Towers with Radar,6,4,11,5,26,0,1,24,1,26,6,5,35,6,52,88,6,94,146
06/08/2023,CSG,GA,ASO,ES,Towers with Radar,4,0,15,4,23,0,2,24,0,26,4,2,39,4,49,68,32,100,149
06/09/2023,CSG,GA,ASO,ES,Towers with Radar,6,2,20,3,31,0,2,35,2,39,6,4,55,5,70,45,0,45,115
06/10/2023,CSG,GA,ASO,ES,Towers with Radar,2,3,5,0,10,0,2,24,0,26,2,5,29,0,36,40,0,40,76
06/11/2023,CSG,GA,ASO,ES,Towers with Radar,4,2,15,1,22,0,0,0,2,2,4,2,15,3,24,0,0,0,24
06/12/2023,CSG,GA,ASO,ES,Towers with Radar,6,4,19,1,30,0,0,10,0,10,6,4,29,1,40,22,0,22,62
06/13/2023,CSG,GA,ASO,ES,Towers with Radar,4,3,24,0,31,0,0,13,0,13,4,3,37,0,44,20,0,20,64
06/14/2023,CSG,GA,ASO,ES,Towers with Radar,4,6,6,0,16,0,0,0,0,0,4,6,6,0,16,0,0,0,16
06/15/2023,CSG,GA,ASO,ES,Towers with Radar,6,0,17,0,23,0,0,1,0,1,6,0,18,0,24,0,0,0,24
06/16/2023,CSG,GA,ASO,ES,Towers with Radar,4,2,17,0,23,0,0,10,0,10,4,2,27,0,33,28,0,28,61
06/17/2023,CSG,GA,ASO,ES,Towers with Radar,2,4,15,0,21,0,0,48,0,48,2,4,63,0,69,72,0,72,141
06/18/2023,CSG,GA,ASO,ES,Towers with Radar,4,2,11,0,17,0,1,21,0,22,4,3,32,0,39,12,0,12,51
06/19/2023,CSG,GA,ASO,ES,Towers with Radar,6,2,5,1,14,0,0,4,0,4,6,2,9,1,18,0,0,0,18
06/20/2023,CSG,GA,ASO,ES,Towers with Radar,6,3,22,1,32,0,3,15,0,18,6,6,37,1,50,46,0,46,96
06/21/2023,CSG,GA,ASO,ES,Towers with Radar,6,1,15,0,22,0,0,0,0,0,6,1,15,0,22,38,0,38,60
06/22/2023,CSG,GA,ASO,ES,Towers with Radar,4,0,19,0,23,0,0,11,0,11,4,0,30,0,34,34,0,34,68
06/23/2023,CSG,GA,ASO,ES,Towers with Radar,6,4,7,2,19,0,0,36,0,36,6,4,43,2,55,46,12,58,113
06/24/2023,CSG,GA,ASO,ES,Towers with Radar,2,2,11,0,15,0,2,80,0,82,2,4,91,0,97,46,0,46,143
06/25/2023,CSG,GA,ASO,ES,Towers with Radar,4,8,13,0,25,0,0,28,0,28,4,8,41,0,53,92,0,92,145
06/26/2023,CSG,GA,ASO,ES,Towers with Radar,6,3,11,0,20,0,0,33,0,33,6,3,44,0,53,60,0,60,113
06/27/2023,CSG,GA,ASO,ES,Towers with Radar,4,2,20,2,28,0,0,37,6,43,4,2,57,8,71,36,20,56,127
06/28/2023,CSG,GA,ASO,ES,Towers with Radar,6,0,14,2,22,0,1,35,0,36,6,1,49,2,58,118,0,118,176
06/29/2023,CSG,GA,ASO,ES,Towers with Radar,4,2,13,0,19,0,2,46,0,48,4,4,59,0,67,50,6,56,123
06/30/2023,CSG,GA,ASO,ES,Towers with Radar,10,2,14,0,26,0,0,30,0,30,10,2,44,0,56,74,0,74,130
07/01/2023,CSG,GA,ASO,ES,Towers with Radar,2,2,4,0,8,0,2,27,1,30,2,4,31,1,38,34,4,38,76
07/02/2023,CSG,GA,ASO,ES,Towers with Radar,2,3,3,0,8,0,0,22,0,22,2,3,25,0,30,26,0,26,56
07/03/2023,CSG,GA,ASO,ES,Towers with Radar,2,0,5,0,7,0,2,10,0,12,2,2,15,0,19,142,0,142,161
07/04/2023,CSG,GA,ASO,ES,Towers with Radar,2,0,2,1,5,0,1,24,1,26,2,1,26,2,31,30,0,30,61
07/05/2023,CSG,GA,ASO,ES,Towers with Radar,2,2,12,0,16,0,0,12,3,15,2,2,24,3,31,22,0,22,53
07/06/2023,CSG,GA,ASO,ES,Towers with Radar,2,2,17,2,23,0,0,35,0,35,2,2,52,2,58,14,0,14,72
07/07/2023,CSG,GA,ASO,ES,Towers with Radar,2,0,5,6,13,0,0,18,7,25,2,0,23,13,38,36,0,36,74
07/08/2023,CSG,GA,ASO,ES,Towers with Radar,6,2,6,1,15,0,0,32,2,34,6,2,38,3,49,2,0,2,51
07/09/2023,CSG,GA,ASO,ES,Towers with Radar,6,4,15,2,27,0,0,15,3,18,6,4,30,5,45,18,0,18,63
07/10/2023,CSG,GA,ASO,ES,Towers with Radar,4,2,17,6,29,0,0,16,0,16,4,2,33,6,45,16,24,40,85
07/11/2023,CSG,GA,ASO,ES,Towers with Radar,4,0,16,5,25,0,4,41,1,46,4,4,57,6,71,34,8,42,113
07/12/2023,CSG,GA,ASO,ES,Towers with Radar,6,0,25,0,31,0,1,32,0,33,6,1,57,0,64,86,0,86,150
07/13/2023,CSG,GA,ASO,ES,Towers with Radar,4,2,9,0,15,0,0,7,0,7,4,2,16,0,22,74,0,74,96
07/14/2023,CSG,GA,ASO,ES,Towers with Radar,4,0,17,6,27,0,0,15,0,15,4,0,32,6,42,32,24,56,98
07/15/2023,CSG,GA,ASO,ES,Towers with Radar,2,2,7,0,11,0,2,24,1,27,2,4,31,1,38,46,6,52,90
07/16/2023,CSG,GA,ASO,ES,Towers with Radar,4,3,9,0,16,0,3,19,0,22,4,6,28,0,38,14,0,14,52
07/17/2023,CSG,GA,ASO,ES,Towers with Radar,6,0,12,0,18,0,0,26,0,26,6,0,38,0,44,68,2,70,114
07/18/2023,CSG,GA,ASO,ES,Towers with Radar,4,1,11,1,17,0,1,21,1,23,4,2,32,2,40,48,0,48,88
07/19/2023,CSG,GA,ASO,ES,Towers with Radar,6,3,7,0,16,0,0,27,0,27,6,3,34,0,43,16,0,16,59
07/20/2023,CSG,GA,ASO,ES,Towers with Radar,6,2,12,0,20,0,0,52,0,52,6,2,64,0,72,48,0,48,120
07/21/2023,CSG,GA,ASO,ES,Towers with Radar,7,5,18,2,32,0,1,32,1,34,7,6,50,3,66,10,0,10,76
07/22/2023,CSG,GA,ASO,ES,Towers with Radar,2,0,10,0,12,0,0,9,0,9,2,0,19,0,21,6,0,6,27
07/23/2023,CSG,GA,ASO,ES,Towers with Radar,4,2,8,0,14,0,0,29,0,29,4,2,37,0,43,0,0,0,43
07/24/2023,CSG,GA,ASO,ES,Towers with Radar,4,2,7,0,13,0,0,48,0,48,4,2,55,0,61,48,0,48,109
07/25/2023,CSG,GA,ASO,ES,Towers with Radar,4,2,16,0,22,0,4,42,0,46,4,6,58,0,68,28,0,28,96
07/26/2023,CSG,GA,ASO,ES,Towers with Radar,6,0,14,2,22,0,0,24,0,24,6,0,38,2,46,52,0,52,98
07/27/2023,CSG,GA,ASO,ES,Towers with Radar,6,1,13,2,22,0,3,41,0,44,6,4,54,2,66,44,0,44,110
07/28/2023,CSG,GA,ASO,ES,Towers with Radar,4,0,12,0,16,0,1,25,0,26,4,1,37,0,42,82,0,82,124
07/29/2023,CSG,GA,ASO,ES,Towers with Radar,2,0,12,0,14,0,0,28,0,28,2,0,40,0,42,30,0,30,72
07/30/2023,CSG,GA,ASO,ES,Towers with Radar,4,3,9,2,18,0,0,18,0,18,4,3,27,2,36,16,0,16,52
07/31/2023,CSG,GA,ASO,ES,Towers with Radar,7,3,8,0,18,0,0,20,0,20,7,3,28,0,38,36,0,36,74
08/01/2023,CSG,GA,ASO,ES,Towers with Radar,5,0,14,0,19,0,1,36,2,39,5,1,50,2,58,104,12,116,174
08/02/2023,CSG,GA,ASO,ES,Towers with Radar,2,2,15,0,19,0,1,18,0,19,2,3,33,0,38,24,0,24,62
08/03/2023,CSG,GA,ASO,ES,Towers with Radar,4,2,21,6,33,0,0,17,1,18,4,2,38,7,51,70,12,82,133
08/04/2023,CSG,GA,ASO,ES,Towers with Radar,4,2,11,0,17,0,0,4,0,4,4,2,15,0,21,12,0,12,33
08/05/2023,CSG,GA,ASO,ES,Towers with Radar,2,2,2,0,6,0,0,49,0,49,2,2,51,0,55,38,0,38,93
08/06/2023,CSG,GA,ASO,ES,Towers with Radar,7,1,14,0,22,0,0,21,0,21,7,1,35,0,43,20,0,20,63
08/07/2023,CSG,GA,ASO,ES,Towers with Radar,9,1,12,2,24,0,0,10,0,10,9,1,22,2,34,24,0,24,58
08/08/2023,CSG,GA,ASO,ES,Towers with Radar,2,2,16,3,23,0,3,19,4,26,2,5,35,7,49,42,22,64,113
08/09/2023,CSG,GA,ASO,ES,Towers with Radar,4,4,16,0,24,0,3,31,0,34,4,7,47,0,58,62,0,62,120
08/10/2023,CSG,GA,ASO,ES,Towers with Radar,4,5,15,1,25,0,0,16,3,19,4,5,31,4,44,76,0,76,120
08/11/2023,CSG,GA,ASO,ES,Towers with Radar,4,2,19,2,27,0,0,7,0,7,4,2,26,2,34,0,0,0,34
08/12/2023,CSG,GA,ASO,ES,Towers with Radar,2,3,5,0,10,0,2,42,0,44,2,5,47,0,54,70,0,70,124
08/13/2023,CSG,GA,ASO,ES,Towers with Radar,6,4,4,0,14,0,2,13,1,16,6,6,17,1,30,60,0,60,90
08/14/2023,CSG,GA,ASO,ES,Towers with Radar,6,1,9,2,18,0,0,33,0,33,6,1,42,2,51,36,0,36,87
08/15/2023,CSG,GA,ASO,ES,Towers with Radar,2,9,15,1,27,0,3,18,1,22,2,12,33,2,49,44,18,62,111
08/16/2023,CSG,GA,ASO,ES,Towers with Radar,6,9,8,5,28,0,0,37,6,43,6,9,45,11,71,34,14,48,119
08/17/2023,CSG,GA,ASO,ES,Towers with Radar,4,6,11,2,23,0,2,27,7,36,4,8,38,9,59,34,2,36,95
08/18/2023,CSG,GA,ASO,ES,Towers with Radar,3,8,18,0,29,1,0,44,0,45,4,8,62,0,74,24,0,24,98
08/19/2023,CSG,GA,ASO,ES,Towers with Radar,2,4,5,1,12,0,0,36,0,36,2,4,41,1,48,68,0,68,116
08/20/2023,CSG,GA,ASO,ES,Towers with Radar,4,6,16,0,26,0,2,26,0,28,4,8,42,0,54,22,0,22,76
08/21/2023,CSG,GA,ASO,ES,Towers with Radar,4,2,16,5,27,0,1,42,3,46,4,3,58,8,73,18,16,34,107
08/22/2023,CSG,GA,ASO,ES,Towers with Radar,2,0,18,2,22,0,0,31,0,31,2,0,49,2,53,46,0,46,99
08/23/2023,CSG,GA,ASO,ES,Towers with Radar,4,2,21,1,28,0,8,45,3,56,4,10,66,4,84,65,10,75,159
08/24/2023,CSG,GA,ASO,ES,Towers with Radar,4,4,20,2,30,0,4,25,0,29,4,8,45,2,59,47,0,47,106
08/25/2023,CSG,GA,ASO,ES,Towers with Radar,4,5,13,2,24,0,2,27,0,29,4,7,40,2,53,27,0,27,80
08/26/2023,CSG,GA,ASO,ES,Towers with Radar,2,2,2,0,6,0,0,62,0,62,2,2,64,0,68,58,0,58,126
08/27/2023,CSG,GA,ASO,ES,Towers with Radar,4,4,6,0,14,0,0,29,0,29,4,4,35,0,43,28,0,28,71
08/28/2023,CSG,GA,ASO,ES,Towers with Radar,8,0,12,0,20,0,2,1,0,3,8,2,13,0,23,38,0,38,61
08/29/2023,CSG,GA,ASO,ES,Towers with Radar,2,1,9,5,17,0,2,15,2,19,2,3,24,7,36,39,18,57,93
08/30/2023,CSG,GA,ASO,ES,Towers with Radar,4,0,4,0,8,0,0,3,0,3,4,0,7,0,11,22,0,22,33
08/31/2023,CSG,GA,ASO,ES,Towers with Radar,4,1,13,0,18,0,5,43,0,48,4,6,56,0,66,38,0,38,104
