01/01/2000,CVG,KY,ASO,CE,Towers with Radar,364,392,13,0,769,3,0,35,3,41,367,392,48,3,810,0,0,0,810
01/02/2000,CVG,KY,ASO,CE,Towers with Radar,466,598,22,0,1086,3,1,5,0,9,469,599,27,0,1095,0,0,0,1095
01/03/2000,CVG,KY,ASO,CE,Towers with Radar,438,524,28,0,990,3,1,5,0,9,441,525,33,0,999,0,0,0,999
01/04/2000,CVG,KY,ASO,CE,Towers with Radar,526,746,20,0,1292,3,0,8,0,11,529,746,28,0,1303,0,0,0,1303
01/05/2000,CVG,KY,ASO,CE,Towers with Radar,537,797,33,6,1373,2,0,30,2,34,539,797,63,8,1407,0,0,0,1407
01/06/2000,CVG,KY,ASO,CE,Towers with Radar,530,798,40,0,1368,0,0,34,2,36,530,798,74,2,1404,0,0,0,1404
01/07/2000,CVG,KY,ASO,CE,Towers with Radar,541,790,25,0,1356,3,0,37,2,42,544,790,62,2,1398,0,0,0,1398
01/08/2000,CVG,KY,ASO,CE,Towers with Radar,507,616,26,2,1151,3,1,62,1,67,510,617,88,3,1218,0,0,0,1218
01/09/2000,CVG,KY,ASO,CE,Towers with Radar,473,582,23,0,1078,3,0,1,0,4,476,582,24,0,1082,0,0,0,1082
01/10/2000,CVG,KY,ASO,CE,Towers with Radar,459,668,31,0,1158,3,4,8,1,16,462,672,39,1,1174,0,0,0,1174
01/11/2000,CVG,KY,ASO,CE,Towers with Radar,486,714,45,4,1249,3,0,12,4,19,489,714,57,8,1268,0,0,0,1268
01/12/2000,CVG,KY,ASO,CE,Towers with Radar,539,794,64,6,1403,3,0,35,2,40,542,794,99,8,1443,0,0,0,1443
01/13/2000,CVG,KY,ASO,CE,Towers with Radar,519,790,47,1,1357,3,0,8,4,15,522,790,55,5,1372,0,0,0,1372
01/14/2000,CVG,KY,ASO,CE,Towers with Radar,540,778,47,1,1366,3,2,63,0,68,543,780,110,1,1434,0,0,0,1434
01/15/2000,CVG,KY,ASO,CE,Towers with Radar,516,627,26,6,1175,3,0,60,1,64,519,627,86,7,1239,0,0,0,1239
01/16/2000,CVG,KY,ASO,CE,Towers with Radar,467,633,38,0,1138,3,0,14,0,17,470,633,52,0,1155,0,0,0,1155
01/17/2000,CVG,KY,ASO,CE,Towers with Radar,456,661,29,1,1147,3,2,36,3,44,459,663,65,4,1191,0,0,0,1191
01/18/2000,CVG,KY,ASO,CE,Towers with Radar,528,727,45,1,1301,3,0,0,0,3,531,727,45,1,1304,0,0,0,1304
01/19/2000,CVG,KY,ASO,CE,Towers with Radar,515,734,40,1,1290,3,0,12,6,21,518,734,52,7,1311,0,0,0,1311
01/20/2000,CVG,KY,ASO,CE,Towers with Radar,498,745,36,0,1279,3,0,5,2,10,501,745,41,2,1289,0,0,0,1289
01/21/2000,CVG,KY,ASO,CE,Towers with Radar,543,788,39,0,1370,3,1,39,2,45,546,789,78,2,1415,0,0,0,1415
01/22/2000,CVG,KY,ASO,CE,Towers with Radar,468,528,10,0,1006,3,0,2,4,9,471,528,12,4,1015,0,0,0,1015
01/23/2000,CVG,KY,ASO,CE,Towers with Radar,455,597,23,0,1075,3,0,0,0,3,458,597,23,0,1078,0,0,0,1078
01/24/2000,CVG,KY,ASO,CE,Towers with Radar,482,714,35,0,1231,3,3,34,0,40,485,717,69,0,1271,0,0,0,1271
01/25/2000,CVG,KY,ASO,CE,Towers with Radar,463,713,50,0,1226,3,1,8,2,14,466,714,58,2,1240,0,0,0,1240
01/26/2000,CVG,KY,ASO,CE,Towers with Radar,517,783,40,0,1340,2,1,25,2,30,519,784,65,2,1370,0,0,0,1370
01/27/2000,CVG,KY,ASO,CE,Towers with Radar,533,794,61,2,1390,2,1,25,0,28,535,795,86,2,1418,0,0,0,1418
01/28/2000,CVG,KY,ASO,CE,Towers with Radar,538,784,39,0,1361,0,9,33,0,42,538,793,72,0,1403,0,0,0,1403
01/29/2000,CVG,KY,ASO,CE,Towers with Radar,444,555,27,1,1027,2,2,6,2,12,446,557,33,3,1039,0,0,0,1039
01/30/2000,CVG,KY,ASO,CE,Towers with Radar,426,539,18,0,983,2,0,2,0,4,428,539,20,0,987,0,0,0,987
01/31/2000,CVG,KY,ASO,CE,Towers with Radar,477,676,39,0,1192,2,5,12,2,21,479,681,51,2,1213,0,0,0,1213
02/01/2000,CVG,KY,ASO,CE,Towers with Radar,529,800,47,2,1378,0,0,10,2,12,529,800,57,4,1390,0,0,0,1390
02/02/2000,CVG,KY,ASO,CE,Towers with Radar,550,807,46,0,1403,0,1,41,0,42,550,808,87,0,1445,0,0,0,1445
02/03/2000,CVG,KY,ASO,CE,Towers with Radar,535,784,41,0,1360,0,0,16,2,18,535,784,57,2,1378,0,0,0,1378
02/04/2000,CVG,KY,ASO,CE,Towers with Radar,523,780,45,0,1348,0,0,8,3,11,523,780,53,3,1359,0,0,0,1359
02/05/2000,CVG,KY,ASO,CE,Towers with Radar,516,622,17,2,1157,0,1,36,5,42,516,623,53,7,1199,0,0,0,1199
02/06/2000,CVG,KY,ASO,CE,Towers with Radar,477,591,19,0,1087,0,0,38,1,39,477,591,57,1,1126,0,0,0,1126
02/07/2000,CVG,KY,ASO,CE,Towers with Radar,479,723,37,2,1241,0,4,49,2,55,479,727,86,4,1296,0,0,0,1296
02/08/2000,CVG,KY,ASO,CE,Towers with Radar,533,785,48,2,1368,0,1,34,1,36,533,786,82,3,1404,0,0,0,1404
02/09/2000,CVG,KY,ASO,CE,Towers with Radar,542,792,59,3,1396,0,1,35,2,38,542,793,94,5,1434,0,0,0,1434
02/10/2000,CVG,KY,ASO,CE,Towers with Radar,544,785,60,1,1390,0,0,23,2,25,544,785,83,3,1415,0,0,0,1415
02/11/2000,CVG,KY,ASO,CE,Towers with Radar,540,750,34,0,1324,0,0,3,1,4,540,750,37,1,1328,0,0,0,1328
02/12/2000,CVG,KY,ASO,CE,Towers with Radar,513,590,29,1,1133,0,6,79,1,86,513,596,108,2,1219,0,0,0,1219
02/13/2000,CVG,KY,ASO,CE,Towers with Radar,450,512,9,0,971,1,0,0,0,1,451,512,9,0,972,0,0,0,972
02/14/2000,CVG,KY,ASO,CE,Towers with Radar,465,635,30,1,1131,0,0,5,1,6,465,635,35,2,1137,0,0,0,1137
02/15/2000,CVG,KY,ASO,CE,Towers with Radar,529,777,61,4,1371,0,1,26,0,27,529,778,87,4,1398,0,0,0,1398
02/16/2000,CVG,KY,ASO,CE,Towers with Radar,545,758,62,2,1367,0,4,19,3,26,545,762,81,5,1393,0,0,0,1393
02/17/2000,CVG,KY,ASO,CE,Towers with Radar,534,787,65,3,1389,0,1,35,0,36,534,788,100,3,1425,0,0,0,1425
02/18/2000,CVG,KY,ASO,CE,Towers with Radar,450,435,41,1,927,0,0,1,0,1,450,435,42,1,928,0,0,0,928
02/19/2000,CVG,KY,ASO,CE,Towers with Radar,506,553,31,0,1090,0,1,0,0,1,506,554,31,0,1091,0,0,0,1091
02/20/2000,CVG,KY,ASO,CE,Towers with Radar,474,593,29,0,1096,0,3,14,2,19,474,596,43,2,1115,0,0,0,1115
02/21/2000,CVG,KY,ASO,CE,Towers with Radar,486,687,52,1,1226,0,2,86,6,94,486,689,138,7,1320,0,0,0,1320
02/22/2000,CVG,KY,ASO,CE,Towers with Radar,536,751,51,2,1340,0,0,37,3,40,536,751,88,5,1380,0,0,0,1380
02/23/2000,CVG,KY,ASO,CE,Towers with Radar,545,776,53,9,1383,0,0,36,0,36,545,776,89,9,1419,0,0,0,1419
02/24/2000,CVG,KY,ASO,CE,Towers with Radar,537,782,54,1,1374,0,0,10,1,11,537,782,64,2,1385,0,0,0,1385
02/25/2000,CVG,KY,ASO,CE,Towers with Radar,537,765,58,1,1361,0,0,57,1,58,537,765,115,2,1419,0,0,0,1419
02/26/2000,CVG,KY,ASO,CE,Towers with Radar,508,621,25,1,1155,0,1,31,3,35,508,622,56,4,1190,0,0,0,1190
02/27/2000,CVG,KY,ASO,CE,Towers with Radar,478,628,24,0,1130,0,0,18,4,22,478,628,42,4,1152,0,0,0,1152
02/28/2000,CVG,KY,ASO,CE,Towers with Radar,473,715,59,1,1248,0,0,67,0,67,473,715,126,1,1315,0,0,0,1315
02/29/2000,CVG,KY,ASO,CE,Towers with Radar,547,812,58,1,1418,0,3,50,6,59,547,815,108,7,1477,0,0,0,1477
03/01/2000,CVG,KY,ASO,CE,Towers with Radar,545,821,67,0,1433,0,0,21,7,28,545,821,88,7,1461,0,0,0,1461
03/02/2000,CVG,KY,ASO,CE,Towers with Radar,537,805,67,0,1409,0,1,54,5,60,537,806,121,5,1469,0,0,0,1469
03/03/2000,CVG,KY,ASO,CE,Towers with Radar,547,814,78,0,1439,0,0,51,2,53,547,814,129,2,1492,0,0,0,1492
03/04/2000,CVG,KY,ASO,CE,Towers with Radar,523,649,21,1,1194,0,0,85,3,88,523,649,106,4,1282,0,0,0,1282
03/05/2000,CVG,KY,ASO,CE,Towers with Radar,474,656,40,5,1175,0,3,83,5,91,474,659,123,10,1266,0,0,0,1266
03/06/2000,CVG,KY,ASO,CE,Towers with Radar,488,723,46,0,1257,0,1,54,3,58,488,724,100,3,1315,0,0,0,1315
03/07/2000,CVG,KY,ASO,CE,Towers with Radar,533,823,73,0,1429,0,1,49,3,53,533,824,122,3,1482,0,0,0,1482
03/08/2000,CVG,KY,ASO,CE,Towers with Radar,536,815,67,3,1421,0,0,61,5,66,536,815,128,8,1487,0,0,0,1487
03/09/2000,CVG,KY,ASO,CE,Towers with Radar,543,736,49,2,1330,0,0,22,3,25,543,736,71,5,1355,0,0,0,1355
03/10/2000,CVG,KY,ASO,CE,Towers with Radar,541,809,56,2,1408,0,0,52,4,56,541,809,108,6,1464,0,0,0,1464
03/11/2000,CVG,KY,ASO,CE,Towers with Radar,498,586,21,1,1106,0,0,0,0,0,498,586,21,1,1106,0,0,0,1106
03/12/2000,CVG,KY,ASO,CE,Towers with Radar,467,628,23,0,1118,0,0,31,2,33,467,628,54,2,1151,0,0,0,1151
03/13/2000,CVG,KY,ASO,CE,Towers with Radar,477,727,26,0,1230,0,6,29,4,39,477,733,55,4,1269,0,0,0,1269
03/14/2000,CVG,KY,ASO,CE,Towers with Radar,538,816,53,0,1407,0,0,45,4,49,538,816,98,4,1456,0,0,0,1456
03/15/2000,CVG,KY,ASO,CE,Towers with Radar,530,819,61,0,1410,0,0,58,3,61,530,819,119,3,1471,0,0,0,1471
03/16/2000,CVG,KY,ASO,CE,Towers with Radar,538,784,71,0,1393,0,0,0,0,0,538,784,71,0,1393,0,0,0,1393
03/17/2000,CVG,KY,ASO,CE,Towers with Radar,539,787,44,0,1370,0,2,51,4,57,539,789,95,4,1427,0,0,0,1427
03/18/2000,CVG,KY,ASO,CE,Towers with Radar,511,635,33,0,1179,0,1,59,0,60,511,636,92,0,1239,0,0,0,1239
03/19/2000,CVG,KY,ASO,CE,Towers with Radar,466,620,27,0,1113,0,0,0,0,0,466,620,27,0,1113,0,0,0,1113
03/20/2000,CVG,KY,ASO,CE,Towers with Radar,482,711,47,1,1241,0,1,10,0,11,482,712,57,1,1252,0,0,0,1252
03/21/2000,CVG,KY,ASO,CE,Towers with Radar,525,806,70,1,1402,0,0,10,0,10,525,806,80,1,1412,0,0,0,1412
03/22/2000,CVG,KY,ASO,CE,Towers with Radar,550,804,59,0,1413,0,0,39,3,42,550,804,98,3,1455,0,0,0,1455
03/23/2000,CVG,KY,ASO,CE,Towers with Radar,539,809,58,1,1407,0,1,52,2,55,539,810,110,3,1462,0,0,0,1462
03/24/2000,CVG,KY,ASO,CE,Towers with Radar,554,818,65,0,1437,0,2,87,2,91,554,820,152,2,1528,0,0,0,1528
03/25/2000,CVG,KY,ASO,CE,Towers with Radar,522,641,43,0,1206,0,0,41,6,47,522,641,84,6,1253,0,0,0,1253
03/26/2000,CVG,KY,ASO,CE,Towers with Radar,477,655,35,6,1173,0,1,74,0,75,477,656,109,6,1248,0,0,0,1248
03/27/2000,CVG,KY,ASO,CE,Towers with Radar,485,717,47,1,1250,0,3,22,1,26,485,720,69,2,1276,0,0,0,1276
03/28/2000,CVG,KY,ASO,CE,Towers with Radar,525,796,59,7,1387,0,0,13,2,15,525,796,72,9,1402,0,0,0,1402
03/29/2000,CVG,KY,ASO,CE,Towers with Radar,544,808,68,2,1422,0,1,59,1,61,544,809,127,3,1483,0,0,0,1483
03/30/2000,CVG,KY,ASO,CE,Towers with Radar,539,819,50,0,1408,0,1,60,5,66,539,820,110,5,1474,0,0,0,1474
03/31/2000,CVG,KY,ASO,CE,Towers with Radar,544,816,65,1,1426,0,0,71,5,76,544,816,136,6,1502,0,0,0,1502
04/01/2000,CVG,KY,ASO,CE,Towers with Radar,529,620,33,1,1183,0,0,52,9,61,529,620,85,10,1244,0,0,0,1244
04/02/2000,CVG,KY,ASO,CE,Towers with Radar,477,618,29,0,1124,0,0,0,0,0,477,618,29,0,1124,0,0,0,1124
04/03/2000,CVG,KY,ASO,CE,Towers with Radar,471,713,49,0,1233,0,0,0,0,0,471,713,49,0,1233,0,0,0,1233
04/04/2000,CVG,KY,ASO,CE,Towers with Radar,521,814,53,1,1389,0,1,10,0,11,521,815,63,1,1400,0,0,0,1400
04/05/2000,CVG,KY,ASO,CE,Towers with Radar,529,822,54,5,1410,0,3,68,1,72,529,825,122,6,1482,0,0,0,1482
04/06/2000,CVG,KY,ASO,CE,Towers with Radar,539,830,58,1,1428,0,1,57,2,60,539,831,115,3,1488,0,0,0,1488
04/07/2000,CVG,KY,ASO,CE,Towers with Radar,522,666,38,0,1226,0,0,7,2,9,522,666,45,2,1235,0,0,0,1235
04/08/2000,CVG,KY,ASO,CE,Towers with Radar,505,612,25,0,1142,0,0,5,2,7,505,612,30,2,1149,0,0,0,1149
04/09/2000,CVG,KY,ASO,CE,Towers with Radar,473,606,31,0,1110,0,1,42,1,44,473,607,73,1,1154,0,0,0,1154
04/10/2000,CVG,KY,ASO,CE,Towers with Radar,476,743,41,0,1260,0,1,56,1,58,476,744,97,1,1318,0,0,0,1318
04/11/2000,CVG,KY,ASO,CE,Towers with Radar,526,811,53,1,1391,0,0,7,0,7,526,811,60,1,1398,0,0,0,1398
04/12/2000,CVG,KY,ASO,CE,Towers with Radar,522,814,62,2,1400,0,0,40,2,42,522,814,102,4,1442,0,0,0,1442
04/13/2000,CVG,KY,ASO,CE,Towers with Radar,530,829,65,0,1424,0,4,48,0,52,530,833,113,0,1476,0,0,0,1476
04/14/2000,CVG,KY,ASO,CE,Towers with Radar,530,796,47,2,1375,0,1,62,2,65,530,797,109,4,1440,0,0,0,1440
04/15/2000,CVG,KY,ASO,CE,Towers with Radar,506,632,30,3,1171,0,1,55,2,58,506,633,85,5,1229,0,0,0,1229
04/16/2000,CVG,KY,ASO,CE,Towers with Radar,462,641,24,0,1127,0,0,34,2,36,462,641,58,2,1163,0,0,0,1163
04/17/2000,CVG,KY,ASO,CE,Towers with Radar,480,724,33,0,1237,0,0,2,0,2,480,724,35,0,1239,0,0,0,1239
04/18/2000,CVG,KY,ASO,CE,Towers with Radar,532,830,56,3,1421,0,1,9,3,13,532,831,65,6,1434,0,0,0,1434
04/19/2000,CVG,KY,ASO,CE,Towers with Radar,526,814,79,3,1422,0,2,35,3,40,526,816,114,6,1462,0,0,0,1462
04/20/2000,CVG,KY,ASO,CE,Towers with Radar,480,648,63,1,1192,0,1,11,0,12,480,649,74,1,1204,0,0,0,1204
04/21/2000,CVG,KY,ASO,CE,Towers with Radar,557,761,35,1,1354,0,0,2,2,4,557,761,37,3,1358,0,0,0,1358
04/22/2000,CVG,KY,ASO,CE,Towers with Radar,503,621,24,0,1148,0,2,30,5,37,503,623,54,5,1185,0,0,0,1185
04/23/2000,CVG,KY,ASO,CE,Towers with Radar,460,650,28,6,1144,0,0,42,5,47,460,650,70,11,1191,0,0,0,1191
04/24/2000,CVG,KY,ASO,CE,Towers with Radar,465,710,55,0,1230,0,2,31,0,33,465,712,86,0,1263,0,0,0,1263
04/25/2000,CVG,KY,ASO,CE,Towers with Radar,524,814,46,0,1384,0,4,59,3,66,524,818,105,3,1450,0,0,0,1450
04/26/2000,CVG,KY,ASO,CE,Towers with Radar,531,813,53,3,1400,0,1,69,10,80,531,814,122,13,1480,0,0,0,1480
04/27/2000,CVG,KY,ASO,CE,Towers with Radar,525,811,62,3,1401,0,3,74,11,88,525,814,136,14,1489,0,0,0,1489
04/28/2000,CVG,KY,ASO,CE,Towers with Radar,542,793,51,2,1388,0,0,73,1,74,542,793,124,3,1462,0,0,0,1462
04/29/2000,CVG,KY,ASO,CE,Towers with Radar,497,632,25,0,1154,0,0,63,6,69,497,632,88,6,1223,0,0,0,1223
04/30/2000,CVG,KY,ASO,CE,Towers with Radar,469,647,42,1,1159,0,1,78,5,84,469,648,120,6,1243,0,0,0,1243
05/01/2000,CVG,KY,ASO,CE,Towers with Radar,462,699,42,0,1203,0,0,36,1,37,462,699,78,1,1240,0,0,0,1240
05/02/2000,CVG,KY,ASO,CE,Towers with Radar,519,797,76,2,1394,0,0,44,1,45,519,797,120,3,1439,0,0,0,1439
05/03/2000,CVG,KY,ASO,CE,Towers with Radar,514,795,57,3,1369,0,1,43,3,47,514,796,100,6,1416,0,0,0,1416
05/04/2000,CVG,KY,ASO,CE,Towers with Radar,536,784,84,3,1407,0,0,39,1,40,536,784,123,4,1447,0,0,0,1447
05/05/2000,CVG,KY,ASO,CE,Towers with Radar,533,795,49,5,1382,0,1,44,3,48,533,796,93,8,1430,0,0,0,1430
05/06/2000,CVG,KY,ASO,CE,Towers with Radar,491,630,28,7,1156,0,2,49,2,53,491,632,77,9,1209,0,0,0,1209
05/07/2000,CVG,KY,ASO,CE,Towers with Radar,476,648,36,1,1161,0,2,45,3,50,476,650,81,4,1211,0,0,0,1211
05/08/2000,CVG,KY,ASO,CE,Towers with Radar,457,731,63,0,1251,0,1,31,2,34,457,732,94,2,1285,0,0,0,1285
05/09/2000,CVG,KY,ASO,CE,Towers with Radar,505,798,62,1,1366,0,0,15,2,17,505,798,77,3,1383,0,0,0,1383
05/10/2000,CVG,KY,ASO,CE,Towers with Radar,494,774,69,0,1337,0,0,44,2,46,494,774,113,2,1383,0,0,0,1383
05/11/2000,CVG,KY,ASO,CE,Towers with Radar,538,819,56,4,1417,0,2,67,0,69,538,821,123,4,1486,0,0,0,1486
05/12/2000,CVG,KY,ASO,CE,Towers with Radar,523,783,72,1,1379,0,0,33,4,37,523,783,105,5,1416,0,0,0,1416
05/13/2000,CVG,KY,ASO,CE,Towers with Radar,490,603,28,0,1121,0,0,21,0,21,490,603,49,0,1142,0,0,0,1142
05/14/2000,CVG,KY,ASO,CE,Towers with Radar,456,626,20,0,1102,0,0,58,4,62,456,626,78,4,1164,0,0,0,1164
05/15/2000,CVG,KY,ASO,CE,Towers with Radar,474,715,56,2,1247,0,2,61,2,65,474,717,117,4,1312,0,0,0,1312
05/16/2000,CVG,KY,ASO,CE,Towers with Radar,507,824,68,4,1403,0,3,54,3,60,507,827,122,7,1463,0,0,0,1463
05/17/2000,CVG,KY,ASO,CE,Towers with Radar,522,760,67,1,1350,0,0,30,2,32,522,760,97,3,1382,0,0,0,1382
05/18/2000,CVG,KY,ASO,CE,Towers with Radar,463,746,85,1,1295,0,1,28,4,33,463,747,113,5,1328,0,0,0,1328
05/19/2000,CVG,KY,ASO,CE,Towers with Radar,537,787,56,1,1381,0,3,16,1,20,537,790,72,2,1401,0,0,0,1401
05/20/2000,CVG,KY,ASO,CE,Towers with Radar,506,662,30,0,1198,0,0,9,4,13,506,662,39,4,1211,0,0,0,1211
05/21/2000,CVG,KY,ASO,CE,Towers with Radar,468,644,45,0,1157,0,0,34,0,34,468,644,79,0,1191,0,0,0,1191
05/22/2000,CVG,KY,ASO,CE,Towers with Radar,465,728,45,0,1238,0,3,44,3,50,465,731,89,3,1288,0,0,0,1288
05/23/2000,CVG,KY,ASO,CE,Towers with Radar,533,798,81,2,1414,0,0,19,1,20,533,798,100,3,1434,0,0,0,1434
05/24/2000,CVG,KY,ASO,CE,Towers with Radar,528,793,82,4,1407,0,3,54,5,62,528,796,136,9,1469,0,0,0,1469
05/25/2000,CVG,KY,ASO,CE,Towers with Radar,541,792,71,2,1406,0,1,64,2,67,541,793,135,4,1473,0,0,0,1473
05/26/2000,CVG,KY,ASO,CE,Towers with Radar,523,793,57,0,1373,0,0,48,1,49,523,793,105,1,1422,0,0,0,1422
05/27/2000,CVG,KY,ASO,CE,Towers with Radar,303,358,14,0,675,0,0,3,0,3,303,358,17,0,678,0,0,0,678
05/28/2000,CVG,KY,ASO,CE,Towers with Radar,412,631,14,0,1057,0,0,4,4,8,412,631,18,4,1065,0,0,0,1065
05/29/2000,CVG,KY,ASO,CE,Towers with Radar,473,692,33,0,1198,0,2,44,3,49,473,694,77,3,1247,0,0,0,1247
05/30/2000,CVG,KY,ASO,CE,Towers with Radar,456,731,43,1,1231,0,2,35,1,38,456,733,78,2,1269,0,0,0,1269
05/31/2000,CVG,KY,ASO,CE,Towers with Radar,517,806,59,1,1383,0,2,52,6,60,517,808,111,7,1443,0,0,0,1443
06/01/2000,CVG,KY,ASO,CE,Towers with Radar,518,813,80,1,1412,2,3,81,3,89,520,816,161,4,1501,0,0,0,1501
06/02/2000,CVG,KY,ASO,CE,Towers with Radar,522,725,41,1,1289,2,0,34,5,41,524,725,75,6,1330,0,0,0,1330
06/03/2000,CVG,KY,ASO,CE,Towers with Radar,503,658,32,2,1195,2,1,69,0,72,505,659,101,2,1267,0,0,0,1267
06/04/2000,CVG,KY,ASO,CE,Towers with Radar,458,647,18,1,1124,2,1,57,2,62,460,648,75,3,1186,0,0,0,1186
06/05/2000,CVG,KY,ASO,CE,Towers with Radar,471,707,36,0,1214,1,4,21,0,26,472,711,57,0,1240,0,0,0,1240
06/06/2000,CVG,KY,ASO,CE,Towers with Radar,521,816,71,4,1412,1,2,51,0,54,522,818,122,4,1466,0,0,0,1466
06/07/2000,CVG,KY,ASO,CE,Towers with Radar,526,820,66,3,1415,1,1,80,0,82,527,821,146,3,1497,0,0,0,1497
06/08/2000,CVG,KY,ASO,CE,Towers with Radar,548,827,73,3,1451,1,2,64,2,69,549,829,137,5,1520,0,0,0,1520
06/09/2000,CVG,KY,ASO,CE,Towers with Radar,539,813,60,6,1418,1,5,67,5,78,540,818,127,11,1496,0,0,0,1496
06/10/2000,CVG,KY,ASO,CE,Towers with Radar,508,663,26,2,1199,1,1,77,3,82,509,664,103,5,1281,0,0,0,1281
06/11/2000,CVG,KY,ASO,CE,Towers with Radar,465,626,30,0,1121,1,1,40,4,46,466,627,70,4,1167,0,0,0,1167
06/12/2000,CVG,KY,ASO,CE,Towers with Radar,456,718,62,1,1237,1,2,27,10,40,457,720,89,11,1277,0,0,0,1277
06/13/2000,CVG,KY,ASO,CE,Towers with Radar,514,808,46,0,1368,1,2,26,2,31,515,810,72,2,1399,0,0,0,1399
06/14/2000,CVG,KY,ASO,CE,Towers with Radar,508,630,72,1,1211,1,1,23,0,25,509,631,95,1,1236,0,0,0,1236
06/15/2000,CVG,KY,ASO,CE,Towers with Radar,517,779,62,2,1360,0,0,59,7,66,517,779,121,9,1426,0,0,0,1426
06/16/2000,CVG,KY,ASO,CE,Towers with Radar,475,598,75,0,1148,1,3,18,4,26,476,601,93,4,1174,0,0,0,1174
06/17/2000,CVG,KY,ASO,CE,Towers with Radar,523,640,52,0,1215,1,2,38,0,41,524,642,90,0,1256,0,0,0,1256
06/18/2000,CVG,KY,ASO,CE,Towers with Radar,458,638,43,0,1139,1,1,3,1,6,459,639,46,1,1145,0,0,0,1145
06/19/2000,CVG,KY,ASO,CE,Towers with Radar,469,705,58,1,1233,1,1,49,3,54,470,706,107,4,1287,0,0,0,1287
06/20/2000,CVG,KY,ASO,CE,Towers with Radar,523,812,77,3,1415,1,1,19,3,24,524,813,96,6,1439,0,0,0,1439
06/21/2000,CVG,KY,ASO,CE,Towers with Radar,528,775,76,0,1379,1,1,28,6,36,529,776,104,6,1415,0,0,0,1415
06/22/2000,CVG,KY,ASO,CE,Towers with Radar,549,817,91,0,1457,1,3,79,2,85,550,820,170,2,1542,0,0,0,1542
06/23/2000,CVG,KY,ASO,CE,Towers with Radar,535,793,78,3,1409,1,1,92,4,98,536,794,170,7,1507,0,0,0,1507
06/24/2000,CVG,KY,ASO,CE,Towers with Radar,513,656,39,7,1215,1,2,39,9,51,514,658,78,16,1266,0,0,0,1266
06/25/2000,CVG,KY,ASO,CE,Towers with Radar,465,631,38,2,1136,1,3,32,4,40,466,634,70,6,1176,0,0,0,1176
06/26/2000,CVG,KY,ASO,CE,Towers with Radar,486,707,51,1,1245,1,1,21,0,23,487,708,72,1,1268,0,0,0,1268
06/27/2000,CVG,KY,ASO,CE,Towers with Radar,523,815,47,8,1393,1,0,38,4,43,524,815,85,12,1436,0,0,0,1436
06/28/2000,CVG,KY,ASO,CE,Towers with Radar,526,813,68,0,1407,1,1,55,2,59,527,814,123,2,1466,0,0,0,1466
06/29/2000,CVG,KY,ASO,CE,Towers with Radar,546,809,69,3,1427,1,1,42,4,48,547,810,111,7,1475,0,0,0,1475
06/30/2000,CVG,KY,ASO,CE,Towers with Radar,536,829,67,0,1432,1,2,91,4,98,537,831,158,4,1530,0,0,0,1530
07/01/2000,CVG,KY,ASO,CE,Towers with Radar,516,652,42,6,1216,0,0,90,2,92,516,652,132,8,1308,0,0,0,1308
07/02/2000,CVG,KY,ASO,CE,Towers with Radar,429,580,44,0,1053,0,0,64,0,64,429,580,108,0,1117,0,0,0,1117
07/03/2000,CVG,KY,ASO,CE,Towers with Radar,402,589,35,0,1026,0,1,24,3,28,402,590,59,3,1054,0,0,0,1054
07/04/2000,CVG,KY,ASO,CE,Towers with Radar,427,670,40,0,1137,0,3,8,2,13,427,673,48,2,1150,0,0,0,1150
07/05/2000,CVG,KY,ASO,CE,Towers with Radar,426,720,47,0,1193,0,0,10,0,10,426,720,57,0,1203,0,0,0,1203
07/06/2000,CVG,KY,ASO,CE,Towers with Radar,526,817,56,1,1400,0,2,33,3,38,526,819,89,4,1438,0,0,0,1438
07/07/2000,CVG,KY,ASO,CE,Towers with Radar,530,808,65,1,1404,0,0,74,3,77,530,808,139,4,1481,0,0,0,1481
07/08/2000,CVG,KY,ASO,CE,Towers with Radar,502,657,47,0,1206,0,0,71,2,73,502,657,118,2,1279,0,0,0,1279
07/09/2000,CVG,KY,ASO,CE,Towers with Radar,468,641,32,1,1142,0,1,55,6,62,468,642,87,7,1204,0,0,0,1204
07/10/2000,CVG,KY,ASO,CE,Towers with Radar,472,698,45,0,1215,0,1,33,2,36,472,699,78,2,1251,0,0,0,1251
07/11/2000,CVG,KY,ASO,CE,Towers with Radar,520,834,77,0,1431,0,0,6,0,6,520,834,83,0,1437,0,0,0,1437
07/12/2000,CVG,KY,ASO,CE,Towers with Radar,535,827,47,1,1410,0,2,41,0,43,535,829,88,1,1453,0,0,0,1453
07/13/2000,CVG,KY,ASO,CE,Towers with Radar,530,805,81,0,1416,0,2,36,0,38,530,807,117,0,1454,0,0,0,1454
07/14/2000,CVG,KY,ASO,CE,Towers with Radar,500,746,54,0,1300,0,1,32,2,35,500,747,86,2,1335,0,0,0,1335
07/15/2000,CVG,KY,ASO,CE,Towers with Radar,528,652,26,0,1206,0,0,57,4,61,528,652,83,4,1267,0,0,0,1267
07/16/2000,CVG,KY,ASO,CE,Towers with Radar,458,629,61,1,1149,0,1,55,3,59,458,630,116,4,1208,0,0,0,1208
07/17/2000,CVG,KY,ASO,CE,Towers with Radar,466,716,45,0,1227,0,5,55,3,63,466,721,100,3,1290,0,0,0,1290
07/18/2000,CVG,KY,ASO,CE,Towers with Radar,519,814,79,0,1412,0,1,44,1,46,519,815,123,1,1458,0,0,0,1458
07/19/2000,CVG,KY,ASO,CE,Towers with Radar,526,810,51,0,1387,0,0,9,1,10,526,810,60,1,1397,0,0,0,1397
07/20/2000,CVG,KY,ASO,CE,Towers with Radar,539,805,68,0,1412,0,2,58,3,63,539,807,126,3,1475,0,0,0,1475
07/21/2000,CVG,KY,ASO,CE,Towers with Radar,542,785,86,2,1415,0,2,57,2,61,542,787,143,4,1476,0,0,0,1476
07/22/2000,CVG,KY,ASO,CE,Towers with Radar,508,652,33,0,1193,0,1,62,0,63,508,653,95,0,1256,0,0,0,1256
07/23/2000,CVG,KY,ASO,CE,Towers with Radar,464,646,40,1,1151,0,2,53,1,56,464,648,93,2,1207,0,0,0,1207
07/24/2000,CVG,KY,ASO,CE,Towers with Radar,469,751,60,1,1281,0,0,40,1,41,469,751,100,2,1322,0,0,0,1322
07/25/2000,CVG,KY,ASO,CE,Towers with Radar,529,793,70,2,1394,0,0,48,1,49,529,793,118,3,1443,0,0,0,1443
07/26/2000,CVG,KY,ASO,CE,Towers with Radar,549,831,67,3,1450,0,3,43,8,54,549,834,110,11,1504,0,0,0,1504
07/27/2000,CVG,KY,ASO,CE,Towers with Radar,544,827,72,3,1446,0,1,41,1,43,544,828,113,4,1489,0,0,0,1489
07/28/2000,CVG,KY,ASO,CE,Towers with Radar,525,726,52,2,1305,0,0,26,5,31,525,726,78,7,1336,0,0,0,1336
07/29/2000,CVG,KY,ASO,CE,Towers with Radar,529,655,32,0,1216,0,0,2,2,4,529,655,34,2,1220,0,0,0,1220
07/30/2000,CVG,KY,ASO,CE,Towers with Radar,458,640,42,0,1140,0,1,5,0,6,458,641,47,0,1146,0,0,0,1146
07/31/2000,CVG,KY,ASO,CE,Towers with Radar,469,684,56,1,1210,0,0,16,0,16,469,684,72,1,1226,0,0,0,1226
08/01/2000,CVG,KY,ASO,CE,Towers with Radar,531,775,73,6,1385,0,2,24,0,26,531,777,97,6,1411,0,0,0,1411
08/02/2000,CVG,KY,ASO,CE,Towers with Radar,535,823,79,5,1442,0,1,48,2,51,535,824,127,7,1493,0,0,0,1493
08/03/2000,CVG,KY,ASO,CE,Towers with Radar,540,802,71,6,1419,0,0,38,2,40,540,802,109,8,1459,0,0,0,1459
08/04/2000,CVG,KY,ASO,CE,Towers with Radar,535,814,58,1,1408,0,0,44,3,47,535,814,102,4,1455,0,0,0,1455
08/05/2000,CVG,KY,ASO,CE,Towers with Radar,528,665,39,0,1232,0,1,89,0,90,528,666,128,0,1322,0,0,0,1322
08/06/2000,CVG,KY,ASO,CE,Towers with Radar,463,643,35,0,1141,0,1,13,0,14,463,644,48,0,1155,0,0,0,1155
08/07/2000,CVG,KY,ASO,CE,Towers with Radar,473,693,44,0,1210,0,1,25,6,32,473,694,69,6,1242,0,0,0,1242
08/08/2000,CVG,KY,ASO,CE,Towers with Radar,535,788,51,4,1378,0,0,5,2,7,535,788,56,6,1385,0,0,0,1385
08/09/2000,CVG,KY,ASO,CE,Towers with Radar,522,700,65,1,1288,0,0,25,2,27,522,700,90,3,1315,0,0,0,1315
08/10/2000,CVG,KY,ASO,CE,Towers with Radar,554,843,71,0,1468,0,0,53,8,61,554,843,124,8,1529,0,0,0,1529
08/11/2000,CVG,KY,ASO,CE,Towers with Radar,521,811,58,4,1394,0,0,65,3,68,521,811,123,7,1462,0,0,0,1462
08/12/2000,CVG,KY,ASO,CE,Towers with Radar,513,672,44,0,1229,0,1,90,1,92,513,673,134,1,1321,0,0,0,1321
08/13/2000,CVG,KY,ASO,CE,Towers with Radar,450,639,46,2,1137,0,0,58,6,64,450,639,104,8,1201,0,0,0,1201
08/14/2000,CVG,KY,ASO,CE,Towers with Radar,468,705,50,2,1225,0,2,86,0,88,468,707,136,2,1313,0,0,0,1313
08/15/2000,CVG,KY,ASO,CE,Towers with Radar,533,805,87,7,1432,0,1,57,0,58,533,806,144,7,1490,0,0,0,1490
08/16/2000,CVG,KY,ASO,CE,Towers with Radar,543,847,69,4,1463,0,1,59,3,63,543,848,128,7,1526,0,0,0,1526
08/17/2000,CVG,KY,ASO,CE,Towers with Radar,534,757,66,4,1361,0,1,38,5,44,534,758,104,9,1405,0,0,0,1405
08/18/2000,CVG,KY,ASO,CE,Towers with Radar,535,787,63,5,1390,0,0,28,8,36,535,787,91,13,1426,0,0,0,1426
08/19/2000,CVG,KY,ASO,CE,Towers with Radar,502,660,38,8,1208,0,1,68,3,72,502,661,106,11,1280,0,0,0,1280
08/20/2000,CVG,KY,ASO,CE,Towers with Radar,463,660,40,0,1163,0,0,73,4,77,463,660,113,4,1240,0,0,0,1240
08/21/2000,CVG,KY,ASO,CE,Towers with Radar,457,754,53,1,1265,0,3,64,0,67,457,757,117,1,1332,0,0,0,1332
08/22/2000,CVG,KY,ASO,CE,Towers with Radar,529,822,74,1,1426,0,2,20,2,24,529,824,94,3,1450,0,0,0,1450
08/23/2000,CVG,KY,ASO,CE,Towers with Radar,524,805,77,2,1408,0,0,25,0,25,524,805,102,2,1433,0,0,0,1433
08/24/2000,CVG,KY,ASO,CE,Towers with Radar,548,818,66,2,1434,0,1,24,2,27,548,819,90,4,1461,0,0,0,1461
08/25/2000,CVG,KY,ASO,CE,Towers with Radar,534,818,70,1,1423,0,3,101,1,105,534,821,171,2,1528,0,0,0,1528
08/26/2000,CVG,KY,ASO,CE,Towers with Radar,492,661,55,1,1209,0,1,52,1,54,492,662,107,2,1263,0,0,0,1263
08/27/2000,CVG,KY,ASO,CE,Towers with Radar,450,659,55,0,1164,0,2,26,3,31,450,661,81,3,1195,0,0,0,1195
08/28/2000,CVG,KY,ASO,CE,Towers with Radar,481,702,72,8,1263,0,2,50,3,55,481,704,122,11,1318,0,0,0,1318
08/29/2000,CVG,KY,ASO,CE,Towers with Radar,529,828,78,2,1437,0,0,51,3,54,529,828,129,5,1491,0,0,0,1491
08/30/2000,CVG,KY,ASO,CE,Towers with Radar,530,827,64,2,1423,0,3,60,4,67,530,830,124,6,1490,0,0,0,1490
08/31/2000,CVG,KY,ASO,CE,Towers with Radar,530,815,65,1,1411,0,2,53,4,59,530,817,118,5,1470,0,0,0,1470
09/01/2000,CVG,KY,ASO,CE,Towers with Radar,534,809,62,0,1405,0,4,35,2,41,534,813,97,2,1446,0,0,0,1446
09/02/2000,CVG,KY,ASO,CE,Towers with Radar,445,641,33,2,1121,0,2,39,6,47,445,643,72,8,1168,0,0,0,1168
09/03/2000,CVG,KY,ASO,CE,Towers with Radar,381,595,32,0,1008,0,0,19,6,25,381,595,51,6,1033,0,0,0,1033
09/04/2000,CVG,KY,ASO,CE,Towers with Radar,427,688,21,0,1136,0,2,13,2,17,427,690,34,2,1153,0,0,0,1153
09/05/2000,CVG,KY,ASO,CE,Towers with Radar,461,735,68,2,1266,0,3,46,8,57,461,738,114,10,1323,0,0,0,1323
09/06/2000,CVG,KY,ASO,CE,Towers with Radar,516,830,54,3,1403,0,2,62,7,71,516,832,116,10,1474,0,0,0,1474
09/07/2000,CVG,KY,ASO,CE,Towers with Radar,538,836,56,1,1431,0,2,57,2,61,538,838,113,3,1492,0,0,0,1492
09/08/2000,CVG,KY,ASO,CE,Towers with Radar,528,822,51,5,1406,0,0,11,2,13,528,822,62,7,1419,0,0,0,1419
09/09/2000,CVG,KY,ASO,CE,Towers with Radar,502,660,34,6,1202,0,0,20,1,21,502,660,54,7,1223,0,0,0,1223
09/10/2000,CVG,KY,ASO,CE,Towers with Radar,470,656,30,1,1157,0,0,10,2,12,470,656,40,3,1169,0,0,0,1169
09/11/2000,CVG,KY,ASO,CE,Towers with Radar,459,687,49,2,1197,0,0,6,2,8,459,687,55,4,1205,0,0,0,1205
09/12/2000,CVG,KY,ASO,CE,Towers with Radar,499,805,66,4,1374,0,0,10,1,11,499,805,76,5,1385,0,0,0,1385
09/13/2000,CVG,KY,ASO,CE,Towers with Radar,527,836,38,3,1404,0,2,67,6,75,527,838,105,9,1479,0,0,0,1479
09/14/2000,CVG,KY,ASO,CE,Towers with Radar,539,826,57,2,1424,0,0,33,3,36,539,826,90,5,1460,0,0,0,1460
09/15/2000,CVG,KY,ASO,CE,Towers with Radar,519,819,56,5,1399,0,0,51,0,51,519,819,107,5,1450,0,0,0,1450
09/16/2000,CVG,KY,ASO,CE,Towers with Radar,501,680,47,5,1233,0,1,73,5,79,501,681,120,10,1312,0,0,0,1312
09/17/2000,CVG,KY,ASO,CE,Towers with Radar,453,661,35,3,1152,0,1,83,9,93,453,662,118,12,1245,0,0,0,1245
09/18/2000,CVG,KY,ASO,CE,Towers with Radar,463,727,49,0,1239,0,2,68,7,77,463,729,117,7,1316,0,0,0,1316
09/19/2000,CVG,KY,ASO,CE,Towers with Radar,521,816,45,7,1389,0,1,65,5,71,521,817,110,12,1460,0,0,0,1460
09/20/2000,CVG,KY,ASO,CE,Towers with Radar,515,762,67,1,1345,0,0,24,1,25,515,762,91,2,1370,0,0,0,1370
09/21/2000,CVG,KY,ASO,CE,Towers with Radar,526,837,71,3,1437,0,1,42,1,44,526,838,113,4,1481,0,0,0,1481
09/22/2000,CVG,KY,ASO,CE,Towers with Radar,521,804,66,2,1393,0,2,75,9,86,521,806,141,11,1479,0,0,0,1479
09/23/2000,CVG,KY,ASO,CE,Towers with Radar,505,644,32,0,1181,0,0,10,0,10,505,644,42,0,1191,0,0,0,1191
09/24/2000,CVG,KY,ASO,CE,Towers with Radar,443,627,54,0,1124,0,0,3,1,4,443,627,57,1,1128,0,0,0,1128
09/25/2000,CVG,KY,ASO,CE,Towers with Radar,467,729,53,0,1249,0,2,3,0,5,467,731,56,0,1254,0,0,0,1254
09/26/2000,CVG,KY,ASO,CE,Towers with Radar,514,832,45,3,1394,0,5,65,5,75,514,837,110,8,1469,0,0,0,1469
09/27/2000,CVG,KY,ASO,CE,Towers with Radar,510,852,69,2,1433,0,4,56,1,61,510,856,125,3,1494,0,0,0,1494
09/28/2000,CVG,KY,ASO,CE,Towers with Radar,514,818,53,1,1386,0,3,53,0,56,514,821,106,1,1442,0,0,0,1442
09/29/2000,CVG,KY,ASO,CE,Towers with Radar,497,809,60,1,1367,0,4,66,1,71,497,813,126,2,1438,0,0,0,1438
09/30/2000,CVG,KY,ASO,CE,Towers with Radar,493,674,53,1,1221,0,1,66,5,72,493,675,119,6,1293,0,0,0,1293
10/01/2000,CVG,KY,ASO,CE,Towers with Radar,459,653,35,0,1147,0,0,45,4,49,459,653,80,4,1196,0,0,0,1196
10/02/2000,CVG,KY,ASO,CE,Towers with Radar,466,722,43,0,1231,0,2,38,7,47,466,724,81,7,1278,0,0,0,1278
10/03/2000,CVG,KY,ASO,CE,Towers with Radar,505,821,64,3,1393,0,0,45,2,47,505,821,109,5,1440,0,0,0,1440
10/04/2000,CVG,KY,ASO,CE,Towers with Radar,503,815,70,4,1392,0,2,33,4,39,503,817,103,8,1431,0,0,0,1431
10/05/2000,CVG,KY,ASO,CE,Towers with Radar,515,785,56,1,1357,0,0,12,2,14,515,785,68,3,1371,0,0,0,1371
10/06/2000,CVG,KY,ASO,CE,Towers with Radar,517,804,65,0,1386,0,1,24,0,25,517,805,89,0,1411,0,0,0,1411
10/07/2000,CVG,KY,ASO,CE,Towers with Radar,488,646,22,0,1156,0,0,32,3,35,488,646,54,3,1191,0,0,0,1191
10/08/2000,CVG,KY,ASO,CE,Towers with Radar,437,623,26,2,1088,0,1,8,0,9,437,624,34,2,1097,0,0,0,1097
10/09/2000,CVG,KY,ASO,CE,Towers with Radar,453,690,53,0,1196,0,0,42,4,46,453,690,95,4,1242,0,0,0,1242
10/10/2000,CVG,KY,ASO,CE,Towers with Radar,499,764,66,2,1331,0,0,55,2,57,499,764,121,4,1388,0,0,0,1388
10/11/2000,CVG,KY,ASO,CE,Towers with Radar,504,828,47,6,1385,0,3,68,2,73,504,831,115,8,1458,0,0,0,1458
10/12/2000,CVG,KY,ASO,CE,Towers with Radar,508,827,46,3,1384,0,0,63,5,68,508,827,109,8,1452,0,0,0,1452
10/13/2000,CVG,KY,ASO,CE,Towers with Radar,521,816,56,6,1399,0,1,53,1,55,521,817,109,7,1454,0,0,0,1454
10/14/2000,CVG,KY,ASO,CE,Towers with Radar,489,672,21,11,1193,0,0,87,4,91,489,672,108,15,1284,0,0,0,1284
10/15/2000,CVG,KY,ASO,CE,Towers with Radar,446,637,25,14,1122,0,4,32,2,38,446,641,57,16,1160,0,0,0,1160
10/16/2000,CVG,KY,ASO,CE,Towers with Radar,457,699,57,0,1213,0,1,17,0,18,457,700,74,0,1231,0,0,0,1231
10/17/2000,CVG,KY,ASO,CE,Towers with Radar,497,815,62,1,1375,0,0,0,0,0,497,815,62,1,1375,0,0,0,1375
10/18/2000,CVG,KY,ASO,CE,Towers with Radar,521,820,51,3,1395,0,3,43,0,46,521,823,94,3,1441,0,0,0,1441
10/19/2000,CVG,KY,ASO,CE,Towers with Radar,507,829,53,2,1391,0,2,59,1,62,507,831,112,3,1453,0,0,0,1453
10/20/2000,CVG,KY,ASO,CE,Towers with Radar,520,805,50,1,1376,0,1,79,4,84,520,806,129,5,1460,0,0,0,1460
10/21/2000,CVG,KY,ASO,CE,Towers with Radar,494,665,27,1,1187,0,1,46,3,50,494,666,73,4,1237,0,0,0,1237
10/22/2000,CVG,KY,ASO,CE,Towers with Radar,458,651,41,0,1150,0,0,34,3,37,458,651,75,3,1187,0,0,0,1187
10/23/2000,CVG,KY,ASO,CE,Towers with Radar,449,742,54,1,1246,0,3,20,0,23,449,745,74,1,1269,0,0,0,1269
10/24/2000,CVG,KY,ASO,CE,Towers with Radar,515,815,70,2,1402,0,0,27,0,27,515,815,97,2,1429,0,0,0,1429
10/25/2000,CVG,KY,ASO,CE,Towers with Radar,520,689,68,2,1279,0,0,25,0,25,520,689,93,2,1304,0,0,0,1304
10/26/2000,CVG,KY,ASO,CE,Towers with Radar,522,837,67,7,1433,0,4,30,0,34,522,841,97,7,1467,0,0,0,1467
10/27/2000,CVG,KY,ASO,CE,Towers with Radar,522,797,57,0,1376,0,2,30,1,33,522,799,87,1,1409,0,0,0,1409
10/28/2000,CVG,KY,ASO,CE,Towers with Radar,490,672,39,2,1203,0,1,28,5,34,490,673,67,7,1237,0,0,0,1237
10/29/2000,CVG,KY,ASO,CE,Towers with Radar,458,652,25,0,1135,0,0,72,3,75,458,652,97,3,1210,0,0,0,1210
10/30/2000,CVG,KY,ASO,CE,Towers with Radar,461,728,46,1,1236,0,3,50,5,58,461,731,96,6,1294,0,0,0,1294
10/31/2000,CVG,KY,ASO,CE,Towers with Radar,430,746,68,4,1248,0,6,73,3,82,430,752,141,7,1330,0,0,0,1330
11/01/2000,CVG,KY,ASO,CE,Towers with Radar,492,825,55,0,1372,0,2,61,0,63,492,827,116,0,1435,0,0,0,1435
11/02/2000,CVG,KY,ASO,CE,Towers with Radar,502,810,57,0,1369,0,2,30,2,34,502,812,87,2,1403,0,0,0,1403
11/03/2000,CVG,KY,ASO,CE,Towers with Radar,526,800,33,4,1363,0,1,24,0,25,526,801,57,4,1388,0,0,0,1388
11/04/2000,CVG,KY,ASO,CE,Towers with Radar,488,674,29,1,1192,0,1,61,0,62,488,675,90,1,1254,0,0,0,1254
11/05/2000,CVG,KY,ASO,CE,Towers with Radar,427,660,30,0,1117,0,3,54,0,57,427,663,84,0,1174,0,0,0,1174
11/06/2000,CVG,KY,ASO,CE,Towers with Radar,438,705,42,0,1185,0,1,17,0,18,438,706,59,0,1203,0,0,0,1203
11/07/2000,CVG,KY,ASO,CE,Towers with Radar,499,807,45,1,1352,0,0,26,0,26,499,807,71,1,1378,0,0,0,1378
11/08/2000,CVG,KY,ASO,CE,Towers with Radar,502,787,48,1,1338,0,0,0,0,0,502,787,48,1,1338,0,0,0,1338
11/09/2000,CVG,KY,ASO,CE,Towers with Radar,507,736,47,0,1290,0,0,2,0,2,507,736,49,0,1292,0,0,0,1292
11/10/2000,CVG,KY,ASO,CE,Towers with Radar,509,821,65,1,1396,0,0,12,4,16,509,821,77,5,1412,0,0,0,1412
11/11/2000,CVG,KY,ASO,CE,Towers with Radar,477,652,19,1,1149,0,1,68,1,70,477,653,87,2,1219,0,0,0,1219
11/12/2000,CVG,KY,ASO,CE,Towers with Radar,437,657,41,1,1136,0,1,37,0,38,437,658,78,1,1174,0,0,0,1174
11/13/2000,CVG,KY,ASO,CE,Towers with Radar,437,717,48,0,1202,0,1,11,1,13,437,718,59,1,1215,0,0,0,1215
11/14/2000,CVG,KY,ASO,CE,Towers with Radar,478,801,41,1,1321,0,0,13,0,13,478,801,54,1,1334,0,0,0,1334
11/15/2000,CVG,KY,ASO,CE,Towers with Radar,504,823,58,0,1385,0,1,52,0,53,504,824,110,0,1438,0,0,0,1438
11/16/2000,CVG,KY,ASO,CE,Towers with Radar,505,805,53,2,1365,0,1,17,3,21,505,806,70,5,1386,0,0,0,1386
11/17/2000,CVG,KY,ASO,CE,Towers with Radar,507,793,41,5,1346,0,1,24,2,27,507,794,65,7,1373,0,0,0,1373
11/18/2000,CVG,KY,ASO,CE,Towers with Radar,465,656,25,0,1146,0,1,50,2,53,465,657,75,2,1199,0,0,0,1199
11/19/2000,CVG,KY,ASO,CE,Towers with Radar,428,643,24,0,1095,0,2,32,0,34,428,645,56,0,1129,0,0,0,1129
11/20/2000,CVG,KY,ASO,CE,Towers with Radar,435,672,24,8,1139,0,3,8,3,14,435,675,32,11,1153,0,0,0,1153
11/21/2000,CVG,KY,ASO,CE,Towers with Radar,510,711,65,4,1290,0,0,24,2,26,510,711,89,6,1316,0,0,0,1316
11/22/2000,CVG,KY,ASO,CE,Towers with Radar,503,766,61,7,1337,0,2,45,0,47,503,768,106,7,1384,0,0,0,1384
11/23/2000,CVG,KY,ASO,CE,Towers with Radar,354,650,16,0,1020,0,0,28,1,29,354,650,44,1,1049,0,0,0,1049
11/24/2000,CVG,KY,ASO,CE,Towers with Radar,279,578,23,0,880,0,4,59,4,67,279,582,82,4,947,0,0,0,947
11/25/2000,CVG,KY,ASO,CE,Towers with Radar,426,630,21,0,1077,0,0,7,1,8,426,630,28,1,1085,0,0,0,1085
11/26/2000,CVG,KY,ASO,CE,Towers with Radar,456,652,27,1,1136,0,0,1,1,2,456,652,28,2,1138,0,0,0,1138
11/27/2000,CVG,KY,ASO,CE,Towers with Radar,442,714,30,0,1186,0,1,24,0,25,442,715,54,0,1211,0,0,0,1211
11/28/2000,CVG,KY,ASO,CE,Towers with Radar,508,801,55,4,1368,0,5,36,1,42,508,806,91,5,1410,0,0,0,1410
11/29/2000,CVG,KY,ASO,CE,Towers with Radar,486,808,54,3,1351,0,0,6,2,8,486,808,60,5,1359,0,0,0,1359
11/30/2000,CVG,KY,ASO,CE,Towers with Radar,505,806,43,3,1357,0,1,12,2,15,505,807,55,5,1372,0,0,0,1372
12/01/2000,CVG,KY,ASO,CE,Towers with Radar,476,789,46,3,1314,0,3,8,0,11,476,792,54,3,1325,0,0,0,1325
12/02/2000,CVG,KY,ASO,CE,Towers with Radar,437,648,13,2,1100,0,0,12,2,14,437,648,25,4,1114,0,0,0,1114
12/03/2000,CVG,KY,ASO,CE,Towers with Radar,395,649,16,1,1061,0,1,53,0,54,395,650,69,1,1115,0,0,0,1115
12/04/2000,CVG,KY,ASO,CE,Towers with Radar,424,690,41,2,1157,0,1,12,1,14,424,691,53,3,1171,0,0,0,1171
12/05/2000,CVG,KY,ASO,CE,Towers with Radar,490,804,50,5,1349,0,2,37,6,45,490,806,87,11,1394,0,0,0,1394
12/06/2000,CVG,KY,ASO,CE,Towers with Radar,476,796,49,3,1324,0,0,21,1,22,476,796,70,4,1346,0,0,0,1346
12/07/2000,CVG,KY,ASO,CE,Towers with Radar,477,783,44,0,1304,0,0,11,1,12,477,783,55,1,1316,0,0,0,1316
12/08/2000,CVG,KY,ASO,CE,Towers with Radar,481,788,38,3,1310,0,1,16,2,19,481,789,54,5,1329,0,0,0,1329
12/09/2000,CVG,KY,ASO,CE,Towers with Radar,439,669,32,0,1140,0,1,63,10,74,439,670,95,10,1214,0,0,0,1214
12/10/2000,CVG,KY,ASO,CE,Towers with Radar,410,639,26,0,1075,0,1,18,0,19,410,640,44,0,1094,0,0,0,1094
12/11/2000,CVG,KY,ASO,CE,Towers with Radar,397,616,23,1,1037,0,2,1,0,3,397,618,24,1,1040,0,0,0,1040
12/12/2000,CVG,KY,ASO,CE,Towers with Radar,449,752,44,5,1250,0,0,9,2,11,449,752,53,7,1261,0,0,0,1261
12/13/2000,CVG,KY,ASO,CE,Towers with Radar,330,474,53,5,862,0,1,8,0,9,330,475,61,5,871,0,0,0,871
12/14/2000,CVG,KY,ASO,CE,Towers with Radar,472,660,52,1,1185,0,0,1,0,1,472,660,53,1,1186,0,0,0,1186
12/15/2000,CVG,KY,ASO,CE,Towers with Radar,485,706,44,0,1235,0,1,8,2,11,485,707,52,2,1246,0,0,0,1246
12/16/2000,CVG,KY,ASO,CE,Towers with Radar,413,568,7,0,988,0,0,1,0,1,413,568,8,0,989,0,0,0,989
12/17/2000,CVG,KY,ASO,CE,Towers with Radar,341,435,15,0,791,0,0,1,0,1,341,435,16,0,792,0,0,0,792
12/18/2000,CVG,KY,ASO,CE,Towers with Radar,401,562,38,6,1007,0,1,21,0,22,401,563,59,6,1029,0,0,0,1029
12/19/2000,CVG,KY,ASO,CE,Towers with Radar,486,720,40,4,1250,0,0,13,0,13,486,720,53,4,1263,0,0,0,1263
12/20/2000,CVG,KY,ASO,CE,Towers with Radar,477,761,50,6,1294,0,0,18,0,18,477,761,68,6,1312,0,0,0,1312
12/21/2000,CVG,KY,ASO,CE,Towers with Radar,469,723,25,0,1217,0,2,4,0,6,469,725,29,0,1223,0,0,0,1223
12/22/2000,CVG,KY,ASO,CE,Towers with Radar,473,748,30,0,1251,0,1,17,0,18,473,749,47,0,1269,0,0,0,1269
12/23/2000,CVG,KY,ASO,CE,Towers with Radar,445,593,17,0,1055,0,0,27,4,31,445,593,44,4,1086,0,0,0,1086
12/24/2000,CVG,KY,ASO,CE,Towers with Radar,301,469,11,0,781,0,0,12,2,14,301,469,23,2,795,0,0,0,795
12/25/2000,CVG,KY,ASO,CE,Towers with Radar,280,516,22,1,819,0,0,8,0,8,280,516,30,1,827,0,0,0,827
12/26/2000,CVG,KY,ASO,CE,Towers with Radar,355,616,24,0,995,0,1,21,2,24,355,617,45,2,1019,0,0,0,1019
12/27/2000,CVG,KY,ASO,CE,Towers with Radar,464,724,23,0,1211,0,0,8,0,8,464,724,31,0,1219,0,0,0,1219
12/28/2000,CVG,KY,ASO,CE,Towers with Radar,460,713,33,1,1207,3,4,42,4,53,463,717,75,5,1260,0,0,0,1260
12/29/2000,CVG,KY,ASO,CE,Towers with Radar,467,739,25,4,1235,0,0,16,0,16,467,739,41,4,1251,0,0,0,1251
12/30/2000,CVG,KY,ASO,CE,Towers with Radar,388,528,9,0,925,0,0,1,0,1,388,528,10,0,926,0,0,0,926
12/31/2000,CVG,KY,ASO,CE,Towers with Radar,314,524,14,0,852,0,0,2,3,5,314,524,16,3,857,0,0,0,857
01/01/2001,CVG,KY,ASO,CE,Towers with Radar,335,594,20,0,949,0,3,5,0,8,335,597,25,0,957,0,0,0,957
01/02/2001,CVG,KY,ASO,CE,Towers with Radar,379,722,27,0,1128,0,5,19,0,24,379,727,46,0,1152,0,0,0,1152
01/03/2001,CVG,KY,ASO,CE,Towers with Radar,456,787,15,0,1258,0,4,22,0,26,456,791,37,0,1284,0,0,0,1284
01/04/2001,CVG,KY,ASO,CE,Towers with Radar,486,781,35,0,1302,0,4,5,0,9,486,785,40,0,1311,0,0,0,1311
01/05/2001,CVG,KY,ASO,CE,Towers with Radar,479,786,22,3,1290,0,3,16,2,21,479,789,38,5,1311,0,0,0,1311
01/06/2001,CVG,KY,ASO,CE,Towers with Radar,459,686,22,3,1170,0,3,61,6,70,459,689,83,9,1240,0,0,0,1240
01/07/2001,CVG,KY,ASO,CE,Towers with Radar,414,653,24,2,1093,0,4,37,3,44,414,657,61,5,1137,0,0,0,1137
01/08/2001,CVG,KY,ASO,CE,Towers with Radar,421,722,32,1,1176,0,4,13,6,23,421,726,45,7,1199,0,0,0,1199
01/09/2001,CVG,KY,ASO,CE,Towers with Radar,469,808,41,0,1318,0,4,47,1,52,469,812,88,1,1370,0,0,0,1370
01/10/2001,CVG,KY,ASO,CE,Towers with Radar,468,809,50,1,1328,0,7,61,4,72,468,816,111,5,1400,0,0,0,1400
01/11/2001,CVG,KY,ASO,CE,Towers with Radar,482,825,55,3,1365,0,5,30,5,40,482,830,85,8,1405,0,0,0,1405
01/12/2001,CVG,KY,ASO,CE,Towers with Radar,501,801,41,1,1344,0,0,32,2,34,501,801,73,3,1378,0,0,0,1378
01/13/2001,CVG,KY,ASO,CE,Towers with Radar,413,648,32,1,1094,73,0,51,1,125,486,648,83,2,1219,0,0,0,1219
01/14/2001,CVG,KY,ASO,CE,Towers with Radar,389,642,17,1,1049,0,6,2,0,8,389,648,19,1,1057,0,0,0,1057
01/15/2001,CVG,KY,ASO,CE,Towers with Radar,420,712,39,0,1171,0,6,8,1,15,420,718,47,1,1186,0,0,0,1186
01/16/2001,CVG,KY,ASO,CE,Towers with Radar,475,773,35,3,1286,0,4,11,0,15,475,777,46,3,1301,0,0,0,1301
01/17/2001,CVG,KY,ASO,CE,Towers with Radar,483,826,46,2,1357,0,4,15,0,19,483,830,61,2,1376,0,0,0,1376
01/18/2001,CVG,KY,ASO,CE,Towers with Radar,485,803,53,3,1344,0,3,24,3,30,485,806,77,6,1374,0,0,0,1374
01/19/2001,CVG,KY,ASO,CE,Towers with Radar,477,741,44,0,1262,0,2,3,0,5,477,743,47,0,1267,0,0,0,1267
01/20/2001,CVG,KY,ASO,CE,Towers with Radar,418,604,19,6,1047,0,2,4,3,9,418,606,23,9,1056,0,0,0,1056
01/21/2001,CVG,KY,ASO,CE,Towers with Radar,384,631,16,8,1039,0,2,41,1,44,384,633,57,9,1083,0,0,0,1083
01/22/2001,CVG,KY,ASO,CE,Towers with Radar,423,756,40,1,1220,0,6,50,4,60,423,762,90,5,1280,0,0,0,1280
01/23/2001,CVG,KY,ASO,CE,Towers with Radar,476,814,50,4,1344,0,3,50,2,55,476,817,100,6,1399,0,0,0,1399
01/24/2001,CVG,KY,ASO,CE,Towers with Radar,483,835,69,2,1389,0,4,20,0,24,483,839,89,2,1413,0,0,0,1413
01/25/2001,CVG,KY,ASO,CE,Towers with Radar,494,836,53,2,1385,0,4,52,6,62,494,840,105,8,1447,0,0,0,1447
01/26/2001,CVG,KY,ASO,CE,Towers with Radar,477,761,41,1,1280,0,4,13,0,17,477,765,54,1,1297,0,0,0,1297
01/27/2001,CVG,KY,ASO,CE,Towers with Radar,458,683,22,0,1163,0,2,17,2,21,458,685,39,2,1184,0,0,0,1184
01/28/2001,CVG,KY,ASO,CE,Towers with Radar,423,646,21,0,1090,0,2,27,1,30,423,648,48,1,1120,0,0,0,1120
01/29/2001,CVG,KY,ASO,CE,Towers with Radar,427,712,40,0,1179,0,3,18,2,23,427,715,58,2,1202,0,0,0,1202
01/30/2001,CVG,KY,ASO,CE,Towers with Radar,469,803,46,0,1318,0,3,8,0,11,469,806,54,0,1329,0,0,0,1329
01/31/2001,CVG,KY,ASO,CE,Towers with Radar,465,812,47,0,1324,0,3,19,2,24,465,815,66,2,1348,0,0,0,1348
02/01/2001,CVG,KY,ASO,CE,Towers with Radar,472,854,29,3,1358,1,1,32,1,35,473,855,61,4,1393,0,0,0,1393
02/02/2001,CVG,KY,ASO,CE,Towers with Radar,476,833,57,2,1368,0,0,31,12,43,476,833,88,14,1411,0,0,0,1411
02/03/2001,CVG,KY,ASO,CE,Towers with Radar,444,686,24,4,1158,0,1,84,2,87,444,687,108,6,1245,0,0,0,1245
02/04/2001,CVG,KY,ASO,CE,Towers with Radar,399,689,13,1,1102,0,0,18,2,20,399,689,31,3,1122,0,0,0,1122
02/05/2001,CVG,KY,ASO,CE,Towers with Radar,391,718,27,1,1137,0,0,3,2,5,391,718,30,3,1142,0,0,0,1142
02/06/2001,CVG,KY,ASO,CE,Towers with Radar,470,847,41,0,1358,0,1,27,0,28,470,848,68,0,1386,0,0,0,1386
02/07/2001,CVG,KY,ASO,CE,Towers with Radar,463,798,46,1,1308,0,5,42,0,47,463,803,88,1,1355,0,0,0,1355
02/08/2001,CVG,KY,ASO,CE,Towers with Radar,465,819,42,0,1326,0,1,31,2,34,465,820,73,2,1360,0,0,0,1360
02/09/2001,CVG,KY,ASO,CE,Towers with Radar,464,739,30,0,1233,0,1,5,0,6,464,740,35,0,1239,0,0,0,1239
02/10/2001,CVG,KY,ASO,CE,Towers with Radar,457,663,23,0,1143,0,1,39,0,40,457,664,62,0,1183,0,0,0,1183
02/11/2001,CVG,KY,ASO,CE,Towers with Radar,410,683,20,0,1113,0,3,79,0,82,410,686,99,0,1195,0,0,0,1195
02/12/2001,CVG,KY,ASO,CE,Towers with Radar,405,720,41,2,1168,0,3,30,0,33,405,723,71,2,1201,0,0,0,1201
02/13/2001,CVG,KY,ASO,CE,Towers with Radar,463,836,58,1,1358,0,3,16,2,21,463,839,74,3,1379,0,0,0,1379
02/14/2001,CVG,KY,ASO,CE,Towers with Radar,454,838,38,6,1336,0,1,1,0,2,454,839,39,6,1338,0,0,0,1338
02/15/2001,CVG,KY,ASO,CE,Towers with Radar,478,817,36,3,1334,0,1,2,0,3,478,818,38,3,1337,0,0,0,1337
02/16/2001,CVG,KY,ASO,CE,Towers with Radar,473,790,47,1,1311,0,1,3,0,4,473,791,50,1,1315,0,0,0,1315
02/17/2001,CVG,KY,ASO,CE,Towers with Radar,462,685,24,0,1171,0,2,19,2,23,462,687,43,2,1194,0,0,0,1194
02/18/2001,CVG,KY,ASO,CE,Towers with Radar,405,672,33,0,1110,300,2,76,2,380,705,674,109,2,1490,0,0,0,1490
02/19/2001,CVG,KY,ASO,CE,Towers with Radar,425,745,30,0,1200,0,5,36,4,45,425,750,66,4,1245,0,0,0,1245
02/20/2001,CVG,KY,ASO,CE,Towers with Radar,447,818,49,5,1319,0,3,52,1,56,447,821,101,6,1375,0,0,0,1375
02/21/2001,CVG,KY,ASO,CE,Towers with Radar,462,846,54,6,1368,0,3,35,0,38,462,849,89,6,1406,0,0,0,1406
02/22/2001,CVG,KY,ASO,CE,Towers with Radar,463,814,59,1,1337,0,1,2,4,7,463,815,61,5,1344,0,0,0,1344
02/23/2001,CVG,KY,ASO,CE,Towers with Radar,466,820,43,14,1343,0,4,43,6,53,466,824,86,20,1396,0,0,0,1396
02/24/2001,CVG,KY,ASO,CE,Towers with Radar,450,669,42,0,1161,0,0,0,0,0,450,669,42,0,1161,0,0,0,1161
02/25/2001,CVG,KY,ASO,CE,Towers with Radar,402,614,21,0,1037,0,0,9,0,9,402,614,30,0,1046,0,0,0,1046
02/26/2001,CVG,KY,ASO,CE,Towers with Radar,421,741,24,4,1190,0,2,56,2,60,421,743,80,6,1250,0,0,0,1250
02/27/2001,CVG,KY,ASO,CE,Towers with Radar,461,855,51,5,1372,0,5,43,0,48,461,860,94,5,1420,0,0,0,1420
02/28/2001,CVG,KY,ASO,CE,Towers with Radar,462,894,38,4,1398,0,5,60,1,66,462,899,98,5,1464,0,0,0,1464
03/01/2001,CVG,KY,ASO,CE,Towers with Radar,470,814,50,4,1338,0,36,72,1,109,470,850,122,5,1447,0,0,0,1447
03/02/2001,CVG,KY,ASO,CE,Towers with Radar,466,852,24,1,1343,20,0,24,0,44,486,852,48,1,1387,0,0,0,1387
03/03/2001,CVG,KY,ASO,CE,Towers with Radar,438,709,23,9,1179,20,0,41,0,61,458,709,64,9,1240,0,0,0,1240
03/04/2001,CVG,KY,ASO,CE,Towers with Radar,393,669,12,0,1074,20,0,9,0,29,413,669,21,0,1103,0,0,0,1103
03/05/2001,CVG,KY,ASO,CE,Towers with Radar,348,705,16,0,1069,20,0,16,0,36,368,705,32,0,1105,0,0,0,1105
03/06/2001,CVG,KY,ASO,CE,Towers with Radar,426,753,40,3,1222,0,54,11,4,69,426,807,51,7,1291,0,0,0,1291
03/07/2001,CVG,KY,ASO,CE,Towers with Radar,469,835,46,4,1354,0,24,48,4,76,469,859,94,8,1430,0,0,0,1430
03/08/2001,CVG,KY,ASO,CE,Towers with Radar,452,877,39,9,1377,20,0,33,1,54,472,877,72,10,1431,0,0,0,1431
03/09/2001,CVG,KY,ASO,CE,Towers with Radar,479,814,44,4,1341,0,38,26,3,67,479,852,70,7,1408,0,0,0,1408
03/10/2001,CVG,KY,ASO,CE,Towers with Radar,433,712,27,1,1173,20,0,112,1,133,453,712,139,2,1306,0,0,0,1306
03/11/2001,CVG,KY,ASO,CE,Towers with Radar,396,708,22,2,1128,20,0,50,6,76,416,708,72,8,1204,0,0,0,1204
03/12/2001,CVG,KY,ASO,CE,Towers with Radar,419,677,36,3,1135,0,69,14,0,83,419,746,50,3,1218,0,0,0,1218
03/13/2001,CVG,KY,ASO,CE,Towers with Radar,447,766,42,3,1258,0,0,17,3,20,447,766,59,6,1278,0,0,0,1278
03/14/2001,CVG,KY,ASO,CE,Towers with Radar,465,818,46,4,1333,0,46,62,7,115,465,864,108,11,1448,0,0,0,1448
03/15/2001,CVG,KY,ASO,CE,Towers with Radar,452,875,29,2,1358,20,0,30,0,50,472,875,59,2,1408,0,0,0,1408
03/16/2001,CVG,KY,ASO,CE,Towers with Radar,484,801,44,2,1331,0,20,23,0,43,484,821,67,2,1374,0,0,0,1374
03/17/2001,CVG,KY,ASO,CE,Towers with Radar,445,713,7,7,1172,20,0,16,1,37,465,713,23,8,1209,0,0,0,1209
03/18/2001,CVG,KY,ASO,CE,Towers with Radar,400,636,34,1,1071,23,59,88,0,170,423,695,122,1,1241,0,0,0,1241
03/19/2001,CVG,KY,ASO,CE,Towers with Radar,403,774,28,1,1206,20,0,46,0,66,423,774,74,1,1272,0,0,0,1272
03/20/2001,CVG,KY,ASO,CE,Towers with Radar,444,869,53,3,1369,20,0,45,0,65,464,869,98,3,1434,0,0,0,1434
03/21/2001,CVG,KY,ASO,CE,Towers with Radar,466,806,44,1,1317,0,53,27,0,80,466,859,71,1,1397,0,0,0,1397
03/22/2001,CVG,KY,ASO,CE,Towers with Radar,478,833,46,5,1362,0,35,78,3,116,478,868,124,8,1478,0,0,0,1478
03/23/2001,CVG,KY,ASO,CE,Towers with Radar,466,823,25,9,1323,19,0,64,6,89,485,823,89,15,1412,0,0,0,1412
03/24/2001,CVG,KY,ASO,CE,Towers with Radar,378,602,30,3,1013,81,12,23,1,117,459,614,53,4,1130,0,0,0,1130
03/25/2001,CVG,KY,ASO,CE,Towers with Radar,400,506,32,2,940,19,0,39,2,60,419,506,71,4,1000,0,0,0,1000
03/26/2001,CVG,KY,ASO,CE,Towers with Radar,398,128,39,0,565,19,0,45,3,67,417,128,84,3,632,0,0,0,632
03/27/2001,CVG,KY,ASO,CE,Towers with Radar,437,169,105,4,715,18,44,0,0,62,455,213,105,4,777,0,0,0,777
03/28/2001,CVG,KY,ASO,CE,Towers with Radar,443,223,64,2,732,18,0,70,0,88,461,223,134,2,820,0,0,0,820
03/29/2001,CVG,KY,ASO,CE,Towers with Radar,471,231,72,2,776,18,0,28,2,48,489,231,100,4,824,0,0,0,824
03/30/2001,CVG,KY,ASO,CE,Towers with Radar,453,199,52,6,710,18,0,44,1,63,471,199,96,7,773,0,0,0,773
03/31/2001,CVG,KY,ASO,CE,Towers with Radar,440,110,35,0,585,18,0,67,0,85,458,110,102,0,670,0,0,0,670
04/01/2001,CVG,KY,ASO,CE,Towers with Radar,417,89,46,1,553,0,3,14,4,21,417,92,60,5,574,0,0,0,574
04/02/2001,CVG,KY,ASO,CE,Towers with Radar,417,127,37,0,581,0,5,31,6,42,417,132,68,6,623,0,0,0,623
04/03/2001,CVG,KY,ASO,CE,Towers with Radar,466,210,44,1,721,0,3,34,3,40,466,213,78,4,761,0,0,0,761
04/04/2001,CVG,KY,ASO,CE,Towers with Radar,478,223,56,3,760,0,7,67,0,74,478,230,123,3,834,0,0,0,834
04/05/2001,CVG,KY,ASO,CE,Towers with Radar,477,215,65,3,760,0,3,68,3,74,477,218,133,6,834,0,0,0,834
04/06/2001,CVG,KY,ASO,CE,Towers with Radar,483,195,61,0,739,0,3,13,5,21,483,198,74,5,760,0,0,0,760
04/07/2001,CVG,KY,ASO,CE,Towers with Radar,448,108,42,5,603,0,0,22,2,24,448,108,64,7,627,0,0,0,627
04/08/2001,CVG,KY,ASO,CE,Towers with Radar,429,92,37,3,561,0,1,35,3,39,429,93,72,6,600,0,0,0,600
04/09/2001,CVG,KY,ASO,CE,Towers with Radar,433,135,37,0,605,0,4,24,0,28,433,139,61,0,633,0,0,0,633
04/10/2001,CVG,KY,ASO,CE,Towers with Radar,461,207,68,0,736,0,1,18,1,20,461,208,86,1,756,0,0,0,756
04/11/2001,CVG,KY,ASO,CE,Towers with Radar,454,180,65,9,708,0,6,28,2,36,454,186,93,11,744,0,0,0,744
04/12/2001,CVG,KY,ASO,CE,Towers with Radar,474,202,55,3,734,0,0,16,0,16,474,202,71,3,750,0,0,0,750
04/13/2001,CVG,KY,ASO,CE,Towers with Radar,477,198,59,2,736,0,6,99,4,109,477,204,158,6,845,0,0,0,845
04/14/2001,CVG,KY,ASO,CE,Towers with Radar,457,100,23,0,580,0,0,85,0,85,457,100,108,0,665,0,0,0,665
04/15/2001,CVG,KY,ASO,CE,Towers with Radar,404,75,25,0,504,0,0,0,0,0,404,75,25,0,504,0,0,0,504
04/16/2001,CVG,KY,ASO,CE,Towers with Radar,423,129,53,0,605,0,0,20,1,21,423,129,73,1,626,0,0,0,626
04/17/2001,CVG,KY,ASO,CE,Towers with Radar,476,222,38,10,746,0,1,7,0,8,476,223,45,10,754,0,0,0,754
04/18/2001,CVG,KY,ASO,CE,Towers with Radar,454,212,66,2,734,0,3,63,0,66,454,215,129,2,800,0,0,0,800
04/19/2001,CVG,KY,ASO,CE,Towers with Radar,481,212,59,8,760,0,9,65,0,74,481,221,124,8,834,0,0,0,834
04/20/2001,CVG,KY,ASO,CE,Towers with Radar,483,194,53,2,732,0,1,15,0,16,483,195,68,2,748,0,0,0,748
04/21/2001,CVG,KY,ASO,CE,Towers with Radar,455,104,23,0,582,0,1,19,1,21,455,105,42,1,603,0,0,0,603
04/22/2001,CVG,KY,ASO,CE,Towers with Radar,417,87,33,1,538,0,1,74,0,75,417,88,107,1,613,0,0,0,613
04/23/2001,CVG,KY,ASO,CE,Towers with Radar,424,119,57,2,602,0,2,23,3,28,424,121,80,5,630,0,0,0,630
04/24/2001,CVG,KY,ASO,CE,Towers with Radar,470,203,56,4,733,0,6,34,0,40,470,209,90,4,773,0,0,0,773
04/25/2001,CVG,KY,ASO,CE,Towers with Radar,471,212,61,3,747,0,8,67,2,77,471,220,128,5,824,0,0,0,824
04/26/2001,CVG,KY,ASO,CE,Towers with Radar,469,202,75,8,754,0,5,69,2,76,469,207,144,10,830,0,0,0,830
04/27/2001,CVG,KY,ASO,CE,Towers with Radar,483,191,54,8,736,0,8,56,1,65,483,199,110,9,801,0,0,0,801
04/28/2001,CVG,KY,ASO,CE,Towers with Radar,459,105,31,0,595,0,0,68,0,68,459,105,99,0,663,0,0,0,663
04/29/2001,CVG,KY,ASO,CE,Towers with Radar,416,82,46,1,545,0,0,87,4,91,416,82,133,5,636,0,0,0,636
04/30/2001,CVG,KY,ASO,CE,Towers with Radar,430,124,42,3,599,0,3,53,0,56,430,127,95,3,655,0,0,0,655
05/01/2001,CVG,KY,ASO,CE,Towers with Radar,472,202,65,1,740,0,6,53,2,61,472,208,118,3,801,0,0,0,801
05/02/2001,CVG,KY,ASO,CE,Towers with Radar,458,213,58,3,732,0,2,60,8,70,458,215,118,11,802,0,0,0,802
05/03/2001,CVG,KY,ASO,CE,Towers with Radar,504,209,81,2,796,0,4,56,2,62,504,213,137,4,858,0,0,0,858
05/04/2001,CVG,KY,ASO,CE,Towers with Radar,464,200,49,1,714,0,5,56,0,61,464,205,105,1,775,0,0,0,775
05/05/2001,CVG,KY,ASO,CE,Towers with Radar,459,104,43,6,612,0,2,77,4,83,459,106,120,10,695,0,0,0,695
05/06/2001,CVG,KY,ASO,CE,Towers with Radar,419,81,54,2,556,0,0,55,1,56,419,81,109,3,612,0,0,0,612
05/07/2001,CVG,KY,ASO,CE,Towers with Radar,407,128,58,1,594,0,2,20,0,22,407,130,78,1,616,0,0,0,616
05/08/2001,CVG,KY,ASO,CE,Towers with Radar,466,213,44,3,726,0,4,24,5,33,466,217,68,8,759,0,0,0,759
05/09/2001,CVG,KY,ASO,CE,Towers with Radar,456,214,87,0,757,0,5,52,6,63,456,219,139,6,820,0,0,0,820
05/10/2001,CVG,KY,ASO,CE,Towers with Radar,480,208,62,6,756,0,6,52,7,65,480,214,114,13,821,0,0,0,821
05/11/2001,CVG,KY,ASO,CE,Towers with Radar,473,190,53,0,716,0,7,19,0,26,473,197,72,0,742,0,0,0,742
05/12/2001,CVG,KY,ASO,CE,Towers with Radar,461,100,39,0,600,0,0,19,0,19,461,100,58,0,619,0,0,0,619
05/13/2001,CVG,KY,ASO,CE,Towers with Radar,413,90,33,0,536,0,1,44,0,45,413,91,77,0,581,0,0,0,581
05/14/2001,CVG,KY,ASO,CE,Towers with Radar,426,127,60,0,613,0,3,42,1,46,426,130,102,1,659,0,0,0,659
05/15/2001,CVG,KY,ASO,CE,Towers with Radar,476,213,60,5,754,0,3,36,2,41,476,216,96,7,795,0,0,0,795
05/16/2001,CVG,KY,ASO,CE,Towers with Radar,482,218,78,2,780,0,1,15,1,17,482,219,93,3,797,0,0,0,797
05/17/2001,CVG,KY,ASO,CE,Towers with Radar,483,220,97,2,802,0,4,14,0,18,483,224,111,2,820,0,0,0,820
05/18/2001,CVG,KY,ASO,CE,Towers with Radar,475,209,55,8,747,0,2,4,1,7,475,211,59,9,754,0,0,0,754
05/19/2001,CVG,KY,ASO,CE,Towers with Radar,462,106,32,0,600,0,0,5,2,7,462,106,37,2,607,0,0,0,607
05/20/2001,CVG,KY,ASO,CE,Towers with Radar,414,88,50,2,554,0,0,48,0,48,414,88,98,2,602,0,0,0,602
05/21/2001,CVG,KY,ASO,CE,Towers with Radar,427,117,48,1,593,0,0,7,0,7,427,117,55,1,600,0,0,0,600
05/22/2001,CVG,KY,ASO,CE,Towers with Radar,469,207,76,3,755,0,2,34,0,36,469,209,110,3,791,0,0,0,791
05/23/2001,CVG,KY,ASO,CE,Towers with Radar,463,207,76,1,747,0,2,30,3,35,463,209,106,4,782,0,0,0,782
05/24/2001,CVG,KY,ASO,CE,Towers with Radar,488,212,52,1,753,0,1,18,2,21,488,213,70,3,774,0,0,0,774
05/25/2001,CVG,KY,ASO,CE,Towers with Radar,460,186,45,0,691,0,4,17,0,21,460,190,62,0,712,0,0,0,712
05/26/2001,CVG,KY,ASO,CE,Towers with Radar,401,103,30,1,535,0,0,19,0,19,401,103,49,1,554,0,0,0,554
05/27/2001,CVG,KY,ASO,CE,Towers with Radar,324,67,20,0,411,0,0,21,2,23,324,67,41,2,434,0,0,0,434
05/28/2001,CVG,KY,ASO,CE,Towers with Radar,392,108,29,0,529,0,0,63,4,67,392,108,92,4,596,0,0,0,596
05/29/2001,CVG,KY,ASO,CE,Towers with Radar,411,130,42,1,584,0,2,49,3,54,411,132,91,4,638,0,0,0,638
05/30/2001,CVG,KY,ASO,CE,Towers with Radar,461,205,47,0,713,0,2,45,3,50,461,207,92,3,763,0,0,0,763
05/31/2001,CVG,KY,ASO,CE,Towers with Radar,470,210,62,1,743,0,6,27,2,35,470,216,89,3,778,0,0,0,778
06/01/2001,CVG,KY,ASO,CE,Towers with Radar,30,16,1,1,48,0,0,0,0,0,30,16,1,1,48,0,0,0,48
06/02/2001,CVG,KY,ASO,CE,Towers with Radar,459,109,20,5,593,0,1,8,2,11,459,110,28,7,604,0,0,0,604
06/03/2001,CVG,KY,ASO,CE,Towers with Radar,404,90,25,1,520,0,2,37,4,43,404,92,62,5,563,0,0,0,563
06/04/2001,CVG,KY,ASO,CE,Towers with Radar,422,138,43,1,604,0,3,3,0,6,422,141,46,1,610,0,0,0,610
06/05/2001,CVG,KY,ASO,CE,Towers with Radar,470,217,63,2,752,0,1,18,0,19,470,218,81,2,771,0,0,0,771
06/06/2001,CVG,KY,ASO,CE,Towers with Radar,448,223,70,3,744,0,1,8,0,9,448,224,78,3,753,0,0,0,753
06/07/2001,CVG,KY,ASO,CE,Towers with Radar,476,187,71,2,736,0,2,18,2,22,476,189,89,4,758,0,0,0,758
06/08/2001,CVG,KY,ASO,CE,Towers with Radar,470,207,46,8,731,0,4,59,2,65,470,211,105,10,796,0,0,0,796
06/09/2001,CVG,KY,ASO,CE,Towers with Radar,414,98,29,2,543,0,1,61,0,62,414,99,90,2,605,0,0,0,605
06/10/2001,CVG,KY,ASO,CE,Towers with Radar,412,107,57,6,582,0,0,57,4,61,412,107,114,10,643,0,0,0,643
06/11/2001,CVG,KY,ASO,CE,Towers with Radar,415,136,53,0,604,0,2,37,5,44,415,138,90,5,648,0,0,0,648
06/12/2001,CVG,KY,ASO,CE,Towers with Radar,482,225,100,3,810,0,1,44,2,47,482,226,144,5,857,0,0,0,857
06/13/2001,CVG,KY,ASO,CE,Towers with Radar,482,226,103,2,813,0,2,50,1,53,482,228,153,3,866,0,0,0,866
06/14/2001,CVG,KY,ASO,CE,Towers with Radar,460,225,96,2,783,0,4,34,1,39,460,229,130,3,822,0,0,0,822
06/15/2001,CVG,KY,ASO,CE,Towers with Radar,454,185,57,2,698,0,1,18,1,20,454,186,75,3,718,0,0,0,718
06/16/2001,CVG,KY,ASO,CE,Towers with Radar,466,109,67,0,642,0,2,124,2,128,466,111,191,2,770,0,0,0,770
06/17/2001,CVG,KY,ASO,CE,Towers with Radar,411,90,53,0,554,0,0,38,0,38,411,90,91,0,592,0,0,0,592
06/18/2001,CVG,KY,ASO,CE,Towers with Radar,419,129,44,2,594,0,3,60,1,64,419,132,104,3,658,0,0,0,658
06/19/2001,CVG,KY,ASO,CE,Towers with Radar,467,222,60,5,754,0,3,84,1,88,467,225,144,6,842,0,0,0,842
06/20/2001,CVG,KY,ASO,CE,Towers with Radar,450,215,78,6,749,0,2,32,0,34,450,217,110,6,783,0,0,0,783
06/21/2001,CVG,KY,ASO,CE,Towers with Radar,79,30,9,0,118,379,186,63,1,629,458,216,72,1,747,0,0,0,747
06/22/2001,CVG,KY,ASO,CE,Towers with Radar,458,189,77,9,733,0,1,22,0,23,458,190,99,9,756,0,0,0,756
06/23/2001,CVG,KY,ASO,CE,Towers with Radar,109,21,20,2,152,0,0,0,2,2,109,21,20,4,154,0,0,0,154
06/24/2001,CVG,KY,ASO,CE,Towers with Radar,85,32,9,0,126,322,63,100,5,490,407,95,109,5,616,0,0,0,616
06/25/2001,CVG,KY,ASO,CE,Towers with Radar,417,149,53,0,619,0,8,71,3,82,417,157,124,3,701,0,0,0,701
06/26/2001,CVG,KY,ASO,CE,Towers with Radar,469,237,47,1,754,0,4,54,0,58,469,241,101,1,812,0,0,0,812
06/27/2001,CVG,KY,ASO,CE,Towers with Radar,467,229,81,3,780,0,6,58,1,65,467,235,139,4,845,0,0,0,845
06/28/2001,CVG,KY,ASO,CE,Towers with Radar,471,259,53,3,786,0,4,40,0,44,471,263,93,3,830,0,0,0,830
06/29/2001,CVG,KY,ASO,CE,Towers with Radar,477,237,61,1,776,0,1,49,0,50,477,238,110,1,826,0,0,0,826
06/30/2001,CVG,KY,ASO,CE,Towers with Radar,459,141,42,0,642,0,2,59,3,64,459,143,101,3,706,0,0,0,706
07/01/2001,CVG,KY,ASO,CE,Towers with Radar,406,125,38,1,570,1,1,32,0,34,407,126,70,1,604,0,0,0,604
07/02/2001,CVG,KY,ASO,CE,Towers with Radar,422,254,53,0,729,0,10,52,1,63,422,264,105,1,792,0,0,0,792
07/03/2001,CVG,KY,ASO,CE,Towers with Radar,458,332,56,1,847,0,4,41,0,45,458,336,97,1,892,0,0,0,892
07/04/2001,CVG,KY,ASO,CE,Towers with Radar,416,253,29,1,699,0,1,10,0,11,416,254,39,1,710,0,0,0,710
07/05/2001,CVG,KY,ASO,CE,Towers with Radar,390,231,54,1,676,0,6,62,2,70,390,237,116,3,746,0,0,0,746
07/06/2001,CVG,KY,ASO,CE,Towers with Radar,462,310,46,0,818,1,9,103,5,118,463,319,149,5,936,0,0,0,936
07/07/2001,CVG,KY,ASO,CE,Towers with Radar,459,310,23,1,793,1,4,45,4,54,460,314,68,5,847,0,0,0,847
07/08/2001,CVG,KY,ASO,CE,Towers with Radar,426,279,29,0,734,1,15,20,0,36,427,294,49,0,770,0,0,0,770
07/09/2001,CVG,KY,ASO,CE,Towers with Radar,420,333,50,0,803,1,1,40,0,42,421,334,90,0,845,0,0,0,845
07/10/2001,CVG,KY,ASO,CE,Towers with Radar,460,435,90,1,986,1,5,33,2,41,461,440,123,3,1027,0,0,0,1027
07/11/2001,CVG,KY,ASO,CE,Towers with Radar,475,438,87,1,1001,1,0,63,5,69,476,438,150,6,1070,0,0,0,1070
07/12/2001,CVG,KY,ASO,CE,Towers with Radar,471,518,67,1,1057,1,4,53,1,59,472,522,120,2,1116,0,0,0,1116
07/13/2001,CVG,KY,ASO,CE,Towers with Radar,464,480,61,0,1005,1,5,61,4,71,465,485,122,4,1076,0,0,0,1076
07/14/2001,CVG,KY,ASO,CE,Towers with Radar,454,385,45,6,890,1,3,90,4,98,455,388,135,10,988,0,0,0,988
07/15/2001,CVG,KY,ASO,CE,Towers with Radar,427,351,34,1,813,1,6,74,3,84,428,357,108,4,897,0,0,0,897
07/16/2001,CVG,KY,ASO,CE,Towers with Radar,289,340,47,0,676,0,0,1,0,1,289,340,48,0,677,0,0,0,677
07/17/2001,CVG,KY,ASO,CE,Towers with Radar,463,528,57,0,1048,1,4,23,6,34,464,532,80,6,1082,0,0,0,1082
07/18/2001,CVG,KY,ASO,CE,Towers with Radar,478,557,52,1,1088,0,2,20,2,24,478,559,72,3,1112,0,0,0,1112
07/19/2001,CVG,KY,ASO,CE,Towers with Radar,473,590,54,1,1118,0,7,17,0,24,473,597,71,1,1142,0,0,0,1142
07/20/2001,CVG,KY,ASO,CE,Towers with Radar,487,554,50,1,1092,0,4,39,0,43,487,558,89,1,1135,0,0,0,1135
07/21/2001,CVG,KY,ASO,CE,Towers with Radar,449,443,32,0,924,0,3,33,0,36,449,446,65,0,960,0,0,0,960
07/22/2001,CVG,KY,ASO,CE,Towers with Radar,410,450,45,0,905,0,1,21,3,25,410,451,66,3,930,0,0,0,930
07/23/2001,CVG,KY,ASO,CE,Towers with Radar,415,518,57,1,991,0,2,49,4,55,415,520,106,5,1046,0,0,0,1046
07/24/2001,CVG,KY,ASO,CE,Towers with Radar,453,610,66,4,1133,0,4,27,4,35,453,614,93,8,1168,0,0,0,1168
07/25/2001,CVG,KY,ASO,CE,Towers with Radar,461,605,51,4,1121,0,1,21,3,25,461,606,72,7,1146,0,0,0,1146
07/26/2001,CVG,KY,ASO,CE,Towers with Radar,465,594,53,2,1114,0,5,15,0,20,465,599,68,2,1134,0,0,0,1134
07/27/2001,CVG,KY,ASO,CE,Towers with Radar,477,575,54,0,1106,0,5,73,0,78,477,580,127,0,1184,0,0,0,1184
07/28/2001,CVG,KY,ASO,CE,Towers with Radar,440,484,30,1,955,0,1,2,1,4,440,485,32,2,959,0,0,0,959
07/29/2001,CVG,KY,ASO,CE,Towers with Radar,405,451,44,0,900,0,1,7,5,13,405,452,51,5,913,0,0,0,913
07/30/2001,CVG,KY,ASO,CE,Towers with Radar,419,521,54,1,995,0,4,44,2,50,419,525,98,3,1045,0,0,0,1045
07/31/2001,CVG,KY,ASO,CE,Towers with Radar,450,588,42,2,1082,0,3,53,1,57,450,591,95,3,1139,0,0,0,1139
08/01/2001,CVG,KY,ASO,CE,Towers with Radar,473,664,50,2,1189,0,3,36,4,43,473,667,86,6,1232,0,0,0,1232
08/02/2001,CVG,KY,ASO,CE,Towers with Radar,469,662,73,1,1205,0,2,33,4,39,469,664,106,5,1244,0,0,0,1244
08/03/2001,CVG,KY,ASO,CE,Towers with Radar,483,662,35,2,1182,0,3,13,1,17,483,665,48,3,1199,0,0,0,1199
08/04/2001,CVG,KY,ASO,CE,Towers with Radar,471,550,43,0,1064,0,3,51,4,58,471,553,94,4,1122,0,0,0,1122
08/05/2001,CVG,KY,ASO,CE,Towers with Radar,416,530,28,0,974,0,0,56,8,64,416,530,84,8,1038,0,0,0,1038
08/06/2001,CVG,KY,ASO,CE,Towers with Radar,415,590,51,0,1056,0,4,43,2,49,415,594,94,2,1105,0,0,0,1105
08/07/2001,CVG,KY,ASO,CE,Towers with Radar,470,674,79,2,1225,0,4,27,4,35,470,678,106,6,1260,0,0,0,1260
08/08/2001,CVG,KY,ASO,CE,Towers with Radar,463,686,51,1,1201,0,7,29,2,38,463,693,80,3,1239,0,0,0,1239
08/09/2001,CVG,KY,ASO,CE,Towers with Radar,465,658,68,1,1192,0,3,23,1,27,465,661,91,2,1219,0,0,0,1219
08/10/2001,CVG,KY,ASO,CE,Towers with Radar,474,640,42,0,1156,0,2,7,0,9,474,642,49,0,1165,0,0,0,1165
08/11/2001,CVG,KY,ASO,CE,Towers with Radar,451,535,29,0,1015,0,1,17,0,18,451,536,46,0,1033,0,0,0,1033
08/12/2001,CVG,KY,ASO,CE,Towers with Radar,436,533,49,2,1020,0,1,17,2,20,436,534,66,4,1040,0,0,0,1040
08/13/2001,CVG,KY,ASO,CE,Towers with Radar,404,595,41,7,1047,0,3,47,2,52,404,598,88,9,1099,0,0,0,1099
08/14/2001,CVG,KY,ASO,CE,Towers with Radar,468,671,68,6,1213,0,6,74,1,81,468,677,142,7,1294,0,0,0,1294
08/15/2001,CVG,KY,ASO,CE,Towers with Radar,478,734,50,2,1264,0,5,68,2,75,478,739,118,4,1339,0,0,0,1339
08/16/2001,CVG,KY,ASO,CE,Towers with Radar,467,737,45,2,1251,0,6,16,4,26,467,743,61,6,1277,0,0,0,1277
08/17/2001,CVG,KY,ASO,CE,Towers with Radar,464,725,42,1,1232,0,6,59,1,66,464,731,101,2,1298,0,0,0,1298
08/18/2001,CVG,KY,ASO,CE,Towers with Radar,445,585,32,2,1064,0,0,10,1,11,445,585,42,3,1075,0,0,0,1075
08/19/2001,CVG,KY,ASO,CE,Towers with Radar,425,576,36,3,1040,0,0,19,1,20,425,576,55,4,1060,0,0,0,1060
08/20/2001,CVG,KY,ASO,CE,Towers with Radar,415,658,34,0,1107,0,3,31,0,34,415,661,65,0,1141,0,0,0,1141
08/21/2001,CVG,KY,ASO,CE,Towers with Radar,478,739,63,1,1281,0,7,66,4,77,478,746,129,5,1358,0,0,0,1358
08/22/2001,CVG,KY,ASO,CE,Towers with Radar,467,731,57,5,1260,0,4,37,0,41,467,735,94,5,1301,0,0,0,1301
08/23/2001,CVG,KY,ASO,CE,Towers with Radar,497,739,62,2,1300,0,4,19,2,25,497,743,81,4,1325,0,0,0,1325
08/24/2001,CVG,KY,ASO,CE,Towers with Radar,481,734,47,4,1266,0,1,31,2,34,481,735,78,6,1300,0,0,0,1300
08/25/2001,CVG,KY,ASO,CE,Towers with Radar,457,572,49,1,1079,0,0,15,2,17,457,572,64,3,1096,0,0,0,1096
08/26/2001,CVG,KY,ASO,CE,Towers with Radar,415,583,50,0,1048,0,2,10,0,12,415,585,60,0,1060,0,0,0,1060
08/27/2001,CVG,KY,ASO,CE,Towers with Radar,415,648,65,1,1129,0,4,42,0,46,415,652,107,1,1175,0,0,0,1175
08/28/2001,CVG,KY,ASO,CE,Towers with Radar,473,696,56,1,1226,0,5,25,4,34,473,701,81,5,1260,0,0,0,1260
08/29/2001,CVG,KY,ASO,CE,Towers with Radar,496,745,53,3,1297,0,2,29,2,33,496,747,82,5,1330,0,0,0,1330
08/30/2001,CVG,KY,ASO,CE,Towers with Radar,494,702,67,6,1269,0,4,18,0,22,494,706,85,6,1291,0,0,0,1291
08/31/2001,CVG,KY,ASO,CE,Towers with Radar,479,699,56,2,1236,0,6,8,2,16,479,705,64,4,1252,0,0,0,1252
09/01/2001,CVG,KY,ASO,CE,Towers with Radar,399,655,36,0,1090,0,2,57,9,68,399,657,93,9,1158,0,0,0,1158
09/02/2001,CVG,KY,ASO,CE,Towers with Radar,333,626,28,0,987,0,2,74,7,83,333,628,102,7,1070,0,0,0,1070
09/03/2001,CVG,KY,ASO,CE,Towers with Radar,382,673,26,3,1084,0,0,46,1,47,382,673,72,4,1131,0,0,0,1131
09/04/2001,CVG,KY,ASO,CE,Towers with Radar,418,714,63,0,1195,0,1,11,2,14,418,715,74,2,1209,0,0,0,1209
09/05/2001,CVG,KY,ASO,CE,Towers with Radar,488,798,62,2,1350,0,11,68,1,80,488,809,130,3,1430,0,0,0,1430
09/06/2001,CVG,KY,ASO,CE,Towers with Radar,501,806,52,2,1361,0,7,72,0,79,501,813,124,2,1440,0,0,0,1440
09/07/2001,CVG,KY,ASO,CE,Towers with Radar,479,749,49,3,1280,0,4,30,2,36,479,753,79,5,1316,0,0,0,1316
09/08/2001,CVG,KY,ASO,CE,Towers with Radar,471,641,41,0,1153,0,0,18,1,19,471,641,59,1,1172,0,0,0,1172
09/09/2001,CVG,KY,ASO,CE,Towers with Radar,423,627,39,2,1091,0,0,7,3,10,423,627,46,5,1101,0,0,0,1101
09/10/2001,CVG,KY,ASO,CE,Towers with Radar,396,712,73,7,1188,0,2,49,3,54,396,714,122,10,1242,0,0,0,1242
09/11/2001,CVG,KY,ASO,CE,Towers with Radar,173,207,16,1,397,0,0,8,1,9,173,207,24,2,406,0,0,0,406
09/12/2001,CVG,KY,ASO,CE,Towers with Radar,1,0,2,0,3,0,0,0,8,8,1,0,2,8,11,0,0,0,11
09/13/2001,CVG,KY,ASO,CE,Towers with Radar,85,238,5,3,331,0,3,3,13,19,85,241,8,16,350,0,0,0,350
09/14/2001,CVG,KY,ASO,CE,Towers with Radar,307,594,18,6,925,0,2,0,13,15,307,596,18,19,940,0,0,0,940
09/15/2001,CVG,KY,ASO,CE,Towers with Radar,357,567,28,1,953,0,1,0,4,5,357,568,28,5,958,0,0,0,958
09/16/2001,CVG,KY,ASO,CE,Towers with Radar,386,561,22,0,969,0,0,1,2,3,386,561,23,2,972,0,0,0,972
09/17/2001,CVG,KY,ASO,CE,Towers with Radar,360,702,55,1,1118,0,2,0,4,6,360,704,55,5,1124,0,0,0,1124
09/18/2001,CVG,KY,ASO,CE,Towers with Radar,441,778,58,11,1288,0,0,0,0,0,441,778,58,11,1288,0,0,0,1288
09/19/2001,CVG,KY,ASO,CE,Towers with Radar,426,778,35,1,1240,0,1,0,1,2,426,779,35,2,1242,0,0,0,1242
09/20/2001,CVG,KY,ASO,CE,Towers with Radar,420,795,66,12,1293,0,4,5,5,14,420,799,71,17,1307,0,0,0,1307
09/21/2001,CVG,KY,ASO,CE,Towers with Radar,413,761,47,5,1226,0,6,4,1,11,413,767,51,6,1237,0,0,0,1237
09/22/2001,CVG,KY,ASO,CE,Towers with Radar,361,605,28,0,994,0,2,13,16,31,361,607,41,16,1025,0,0,0,1025
09/23/2001,CVG,KY,ASO,CE,Towers with Radar,318,595,31,1,945,0,1,10,14,25,318,596,41,15,970,0,0,0,970
09/24/2001,CVG,KY,ASO,CE,Towers with Radar,335,650,40,1,1026,0,3,2,4,9,335,653,42,5,1035,0,0,0,1035
09/25/2001,CVG,KY,ASO,CE,Towers with Radar,412,754,52,2,1220,0,7,7,3,17,412,761,59,5,1237,0,0,0,1237
09/26/2001,CVG,KY,ASO,CE,Towers with Radar,387,728,53,2,1170,0,9,9,15,33,387,737,62,17,1203,0,0,0,1203
09/27/2001,CVG,KY,ASO,CE,Towers with Radar,388,715,35,6,1144,0,1,19,7,27,388,716,54,13,1171,0,0,0,1171
09/28/2001,CVG,KY,ASO,CE,Towers with Radar,364,667,19,6,1056,0,6,15,9,30,364,673,34,15,1086,0,0,0,1086
09/29/2001,CVG,KY,ASO,CE,Towers with Radar,388,595,36,2,1021,0,4,20,11,35,388,599,56,13,1056,0,0,0,1056
09/30/2001,CVG,KY,ASO,CE,Towers with Radar,345,621,42,0,1008,0,1,17,7,25,345,622,59,7,1033,0,0,0,1033
10/01/2001,CVG,KY,ASO,CE,Towers with Radar,323,687,44,0,1054,0,5,16,13,34,323,692,60,13,1088,0,0,0,1088
10/02/2001,CVG,KY,ASO,CE,Towers with Radar,397,810,44,8,1259,0,3,28,10,41,397,813,72,18,1300,0,0,0,1300
10/03/2001,CVG,KY,ASO,CE,Towers with Radar,397,820,52,9,1278,0,10,24,11,45,397,830,76,20,1323,0,0,0,1323
10/04/2001,CVG,KY,ASO,CE,Towers with Radar,412,803,51,4,1270,0,3,17,8,28,412,806,68,12,1298,0,0,0,1298
10/05/2001,CVG,KY,ASO,CE,Towers with Radar,407,805,49,6,1267,0,5,9,7,21,407,810,58,13,1288,0,0,0,1288
10/06/2001,CVG,KY,ASO,CE,Towers with Radar,387,627,39,1,1054,0,1,5,12,18,387,628,44,13,1072,0,0,0,1072
10/07/2001,CVG,KY,ASO,CE,Towers with Radar,326,598,52,0,976,0,1,17,15,33,326,599,69,15,1009,0,0,0,1009
10/08/2001,CVG,KY,ASO,CE,Towers with Radar,313,671,25,0,1009,0,2,15,12,29,313,673,40,12,1038,0,0,0,1038
10/09/2001,CVG,KY,ASO,CE,Towers with Radar,396,752,56,11,1215,0,3,24,10,37,396,755,80,21,1252,0,0,0,1252
10/10/2001,CVG,KY,ASO,CE,Towers with Radar,398,805,51,3,1257,0,1,17,17,35,398,806,68,20,1292,0,0,0,1292
10/11/2001,CVG,KY,ASO,CE,Towers with Radar,392,813,47,9,1261,0,0,11,6,17,392,813,58,15,1278,0,0,0,1278
10/12/2001,CVG,KY,ASO,CE,Towers with Radar,402,808,31,6,1247,0,2,4,10,16,402,810,35,16,1263,0,0,0,1263
10/13/2001,CVG,KY,ASO,CE,Towers with Radar,383,652,15,4,1054,0,1,4,10,15,383,653,19,14,1069,0,0,0,1069
10/14/2001,CVG,KY,ASO,CE,Towers with Radar,345,646,28,5,1024,0,0,0,3,3,345,646,28,8,1027,0,0,0,1027
10/15/2001,CVG,KY,ASO,CE,Towers with Radar,334,736,51,0,1121,0,2,21,9,32,334,738,72,9,1153,0,0,0,1153
10/16/2001,CVG,KY,ASO,CE,Towers with Radar,391,767,45,0,1203,0,1,2,1,4,391,768,47,1,1207,0,0,0,1207
10/17/2001,CVG,KY,ASO,CE,Towers with Radar,400,812,64,4,1280,0,3,53,5,61,400,815,117,9,1341,0,0,0,1341
10/18/2001,CVG,KY,ASO,CE,Towers with Radar,403,813,53,5,1274,0,1,52,3,56,403,814,105,8,1330,0,0,0,1330
10/19/2001,CVG,KY,ASO,CE,Towers with Radar,396,804,43,5,1248,0,2,36,0,38,396,806,79,5,1286,0,0,0,1286
10/20/2001,CVG,KY,ASO,CE,Towers with Radar,370,612,20,0,1002,0,2,56,3,61,370,614,76,3,1063,0,0,0,1063
10/21/2001,CVG,KY,ASO,CE,Towers with Radar,331,645,37,0,1013,0,0,51,1,52,331,645,88,1,1065,0,0,0,1065
10/22/2001,CVG,KY,ASO,CE,Towers with Radar,336,742,52,2,1132,0,6,27,5,38,336,748,79,7,1170,0,0,0,1170
10/23/2001,CVG,KY,ASO,CE,Towers with Radar,399,730,48,6,1183,0,1,6,1,8,399,731,54,7,1191,0,0,0,1191
10/24/2001,CVG,KY,ASO,CE,Towers with Radar,402,735,59,7,1203,0,0,4,2,6,402,735,63,9,1209,0,0,0,1209
10/25/2001,CVG,KY,ASO,CE,Towers with Radar,407,790,39,4,1240,0,0,5,0,5,407,790,44,4,1245,0,0,0,1245
10/26/2001,CVG,KY,ASO,CE,Towers with Radar,392,741,30,4,1167,0,1,10,0,11,392,742,40,4,1178,0,0,0,1178
10/27/2001,CVG,KY,ASO,CE,Towers with Radar,364,613,25,0,1002,0,0,19,0,19,364,613,44,0,1021,0,0,0,1021
10/28/2001,CVG,KY,ASO,CE,Towers with Radar,316,617,22,0,955,0,2,51,3,56,316,619,73,3,1011,0,0,0,1011
10/29/2001,CVG,KY,ASO,CE,Towers with Radar,334,737,54,0,1125,0,1,63,4,68,334,738,117,4,1193,0,0,0,1193
10/30/2001,CVG,KY,ASO,CE,Towers with Radar,399,828,66,6,1299,0,4,46,1,51,399,832,112,7,1350,0,0,0,1350
10/31/2001,CVG,KY,ASO,CE,Towers with Radar,397,820,69,5,1291,0,3,49,0,52,397,823,118,5,1343,0,0,0,1343
11/01/2001,CVG,KY,ASO,CE,Towers with Radar,449,840,46,1,1336,0,0,34,4,38,449,840,80,5,1374,0,0,0,1374
11/02/2001,CVG,KY,ASO,CE,Towers with Radar,415,777,26,2,1220,0,1,2,2,5,415,778,28,4,1225,0,0,0,1225
11/03/2001,CVG,KY,ASO,CE,Towers with Radar,401,619,35,2,1057,0,1,53,2,56,401,620,88,4,1113,0,0,0,1113
11/04/2001,CVG,KY,ASO,CE,Towers with Radar,371,646,25,2,1044,0,3,57,2,62,371,649,82,4,1106,0,0,0,1106
11/05/2001,CVG,KY,ASO,CE,Towers with Radar,394,754,39,2,1189,0,4,43,2,49,394,758,82,4,1238,0,0,0,1238
11/06/2001,CVG,KY,ASO,CE,Towers with Radar,444,831,65,0,1340,0,2,52,1,55,444,833,117,1,1395,0,0,0,1395
11/07/2001,CVG,KY,ASO,CE,Towers with Radar,448,833,71,0,1352,0,0,46,2,48,448,833,117,2,1400,0,0,0,1400
11/08/2001,CVG,KY,ASO,CE,Towers with Radar,459,827,46,1,1333,0,2,32,2,36,459,829,78,3,1369,0,0,0,1369
11/09/2001,CVG,KY,ASO,CE,Towers with Radar,449,828,43,1,1321,0,1,56,5,62,449,829,99,6,1383,0,0,0,1383
11/10/2001,CVG,KY,ASO,CE,Towers with Radar,440,687,28,0,1155,0,5,47,2,54,440,692,75,2,1209,0,0,0,1209
11/11/2001,CVG,KY,ASO,CE,Towers with Radar,390,672,28,0,1090,0,2,54,0,56,390,674,82,0,1146,0,0,0,1146
11/12/2001,CVG,KY,ASO,CE,Towers with Radar,383,744,46,6,1179,0,1,42,0,43,383,745,88,6,1222,0,0,0,1222
11/13/2001,CVG,KY,ASO,CE,Towers with Radar,452,775,55,4,1286,0,3,53,0,56,452,778,108,4,1342,0,0,0,1342
11/14/2001,CVG,KY,ASO,CE,Towers with Radar,444,836,64,3,1347,0,0,39,0,39,444,836,103,3,1386,0,0,0,1386
11/15/2001,CVG,KY,ASO,CE,Towers with Radar,456,820,52,6,1334,0,3,40,0,43,456,823,92,6,1377,0,0,0,1377
11/16/2001,CVG,KY,ASO,CE,Towers with Radar,437,809,42,2,1290,0,0,61,3,64,437,809,103,5,1354,0,0,0,1354
11/17/2001,CVG,KY,ASO,CE,Towers with Radar,435,650,25,0,1110,0,0,8,3,11,435,650,33,3,1121,0,0,0,1121
11/18/2001,CVG,KY,ASO,CE,Towers with Radar,363,633,32,1,1029,0,1,46,2,49,363,634,78,3,1078,0,0,0,1078
11/19/2001,CVG,KY,ASO,CE,Towers with Radar,382,748,36,0,1166,0,0,11,0,11,382,748,47,0,1177,0,0,0,1177
11/20/2001,CVG,KY,ASO,CE,Towers with Radar,452,828,50,5,1335,0,3,34,6,43,452,831,84,11,1378,0,0,0,1378
11/21/2001,CVG,KY,ASO,CE,Towers with Radar,441,803,36,6,1286,0,3,58,2,63,441,806,94,8,1349,0,0,0,1349
11/22/2001,CVG,KY,ASO,CE,Towers with Radar,332,638,9,0,979,0,1,26,2,29,332,639,35,2,1008,0,0,0,1008
11/23/2001,CVG,KY,ASO,CE,Towers with Radar,256,566,17,0,839,0,3,35,0,38,256,569,52,0,877,0,0,0,877
11/24/2001,CVG,KY,ASO,CE,Towers with Radar,397,657,8,0,1062,0,0,5,0,5,397,657,13,0,1067,0,0,0,1067
11/25/2001,CVG,KY,ASO,CE,Towers with Radar,380,699,38,0,1117,0,2,21,2,25,380,701,59,2,1142,0,0,0,1142
11/26/2001,CVG,KY,ASO,CE,Towers with Radar,388,735,50,0,1173,0,0,27,2,29,388,735,77,2,1202,0,0,0,1202
11/27/2001,CVG,KY,ASO,CE,Towers with Radar,453,813,70,4,1340,0,0,8,1,9,453,813,78,5,1349,0,0,0,1349
11/28/2001,CVG,KY,ASO,CE,Towers with Radar,443,824,35,1,1303,0,0,0,2,2,443,824,35,3,1305,0,0,0,1305
11/29/2001,CVG,KY,ASO,CE,Towers with Radar,452,819,39,0,1310,0,1,1,0,2,452,820,40,0,1312,0,0,0,1312
11/30/2001,CVG,KY,ASO,CE,Towers with Radar,456,810,27,2,1295,0,1,8,2,11,456,811,35,4,1306,0,0,0,1306
12/01/2001,CVG,KY,ASO,CE,Towers with Radar,417,676,22,2,1117,0,1,15,2,18,417,677,37,4,1135,0,0,0,1135
12/02/2001,CVG,KY,ASO,CE,Towers with Radar,7,10,5,0,22,0,0,0,0,0,7,10,5,0,22,0,0,0,22
12/03/2001,CVG,KY,ASO,CE,Towers with Radar,380,758,39,0,1177,0,4,54,0,58,380,762,93,0,1235,0,0,0,1235
12/04/2001,CVG,KY,ASO,CE,Towers with Radar,437,830,46,1,1314,0,2,32,4,38,437,832,78,5,1352,0,0,0,1352
12/05/2001,CVG,KY,ASO,CE,Towers with Radar,446,834,42,0,1322,0,1,43,4,48,446,835,85,4,1370,0,0,0,1370
12/06/2001,CVG,KY,ASO,CE,Towers with Radar,449,826,42,2,1319,0,0,4,1,5,449,826,46,3,1324,0,0,0,1324
12/07/2001,CVG,KY,ASO,CE,Towers with Radar,440,822,33,2,1297,0,0,29,4,33,440,822,62,6,1330,0,0,0,1330
12/08/2001,CVG,KY,ASO,CE,Towers with Radar,420,680,29,1,1130,0,0,0,0,0,420,680,29,1,1130,0,0,0,1130
12/09/2001,CVG,KY,ASO,CE,Towers with Radar,372,679,41,7,1099,0,0,39,2,41,372,679,80,9,1140,0,0,0,1140
12/10/2001,CVG,KY,ASO,CE,Towers with Radar,380,753,65,1,1199,0,1,36,0,37,380,754,101,1,1236,0,0,0,1236
12/11/2001,CVG,KY,ASO,CE,Towers with Radar,450,821,54,1,1326,0,7,45,4,56,450,828,99,5,1382,0,0,0,1382
12/12/2001,CVG,KY,ASO,CE,Towers with Radar,440,818,42,0,1300,0,4,20,7,31,440,822,62,7,1331,0,0,0,1331
12/13/2001,CVG,KY,ASO,CE,Towers with Radar,446,831,49,0,1326,0,0,1,2,3,446,831,50,2,1329,0,0,0,1329
12/14/2001,CVG,KY,ASO,CE,Towers with Radar,433,785,41,2,1261,0,0,1,0,1,433,785,42,2,1262,0,0,0,1262
12/15/2001,CVG,KY,ASO,CE,Towers with Radar,420,685,22,0,1127,0,3,27,2,32,420,688,49,2,1159,0,0,0,1159
12/16/2001,CVG,KY,ASO,CE,Towers with Radar,374,675,23,0,1072,0,1,7,6,14,374,676,30,6,1086,0,0,0,1086
12/17/2001,CVG,KY,ASO,CE,Towers with Radar,363,734,29,0,1126,0,1,1,0,2,363,735,30,0,1128,0,0,0,1128
12/18/2001,CVG,KY,ASO,CE,Towers with Radar,431,834,48,0,1313,0,5,32,4,41,431,839,80,4,1354,0,0,0,1354
12/19/2001,CVG,KY,ASO,CE,Towers with Radar,437,848,61,2,1348,0,3,33,12,48,437,851,94,14,1396,0,0,0,1396
12/20/2001,CVG,KY,ASO,CE,Towers with Radar,444,836,34,2,1316,0,3,52,5,60,444,839,86,7,1376,0,0,0,1376
12/21/2001,CVG,KY,ASO,CE,Towers with Radar,438,821,28,2,1289,0,3,55,4,62,438,824,83,6,1351,0,0,0,1351
12/22/2001,CVG,KY,ASO,CE,Towers with Radar,418,688,22,0,1128,0,2,55,0,57,418,690,77,0,1185,0,0,0,1185
12/23/2001,CVG,KY,ASO,CE,Towers with Radar,383,673,15,0,1071,0,0,1,0,1,383,673,16,0,1072,0,0,0,1072
12/24/2001,CVG,KY,ASO,CE,Towers with Radar,284,547,11,1,843,0,0,17,3,20,284,547,28,4,863,0,0,0,863
12/25/2001,CVG,KY,ASO,CE,Towers with Radar,277,623,9,0,909,0,0,4,0,4,277,623,13,0,913,0,0,0,913
12/26/2001,CVG,KY,ASO,CE,Towers with Radar,374,722,24,1,1121,0,0,19,3,22,374,722,43,4,1143,0,0,0,1143
12/27/2001,CVG,KY,ASO,CE,Towers with Radar,429,793,22,7,1251,0,3,22,2,27,429,796,44,9,1278,0,0,0,1278
12/28/2001,CVG,KY,ASO,CE,Towers with Radar,426,785,31,0,1242,0,2,13,1,16,426,787,44,1,1258,0,0,0,1258
12/29/2001,CVG,KY,ASO,CE,Towers with Radar,425,651,21,0,1097,0,0,7,0,7,425,651,28,0,1104,0,0,0,1104
12/30/2001,CVG,KY,ASO,CE,Towers with Radar,375,639,25,0,1039,0,0,37,0,37,375,639,62,0,1076,0,0,0,1076
12/31/2001,CVG,KY,ASO,CE,Towers with Radar,355,596,15,0,966,0,4,20,2,26,355,600,35,2,992,0,0,0,992
01/01/2002,CVG,KY,ASO,CE,Towers with Radar,364,637,9,0,1010,0,3,23,0,26,364,640,32,0,1036,0,0,0,1036
01/02/2002,CVG,KY,ASO,CE,Towers with Radar,357,795,26,0,1178,0,5,31,1,37,357,800,57,1,1215,0,0,0,1215
01/03/2002,CVG,KY,ASO,CE,Towers with Radar,388,837,22,8,1255,0,4,38,2,44,388,841,60,10,1299,0,0,0,1299
01/04/2002,CVG,KY,ASO,CE,Towers with Radar,427,845,35,1,1308,0,7,44,5,56,427,852,79,6,1364,0,0,0,1364
01/05/2002,CVG,KY,ASO,CE,Towers with Radar,419,698,19,0,1136,0,3,33,1,37,419,701,52,1,1173,0,0,0,1173
01/06/2002,CVG,KY,ASO,CE,Towers with Radar,376,647,18,0,1041,0,0,0,0,0,376,647,18,0,1041,0,0,0,1041
01/07/2002,CVG,KY,ASO,CE,Towers with Radar,380,794,25,0,1199,0,6,11,2,19,380,800,36,2,1218,0,0,0,1218
01/08/2002,CVG,KY,ASO,CE,Towers with Radar,403,817,29,2,1251,0,3,44,4,51,403,820,73,6,1302,0,0,0,1302
01/09/2002,CVG,KY,ASO,CE,Towers with Radar,426,867,39,1,1333,0,8,31,0,39,426,875,70,1,1372,0,0,0,1372
01/10/2002,CVG,KY,ASO,CE,Towers with Radar,433,859,43,1,1336,0,1,14,0,15,433,860,57,1,1351,0,0,0,1351
01/11/2002,CVG,KY,ASO,CE,Towers with Radar,435,851,37,1,1324,0,6,37,4,47,435,857,74,5,1371,0,0,0,1371
01/12/2002,CVG,KY,ASO,CE,Towers with Radar,396,698,24,2,1120,0,1,38,0,39,396,699,62,2,1159,0,0,0,1159
01/13/2002,CVG,KY,ASO,CE,Towers with Radar,369,714,26,0,1109,0,0,57,3,60,369,714,83,3,1169,0,0,0,1169
01/14/2002,CVG,KY,ASO,CE,Towers with Radar,383,786,35,6,1210,0,2,25,2,29,383,788,60,8,1239,0,0,0,1239
01/15/2002,CVG,KY,ASO,CE,Towers with Radar,430,860,52,1,1343,0,1,27,2,30,430,861,79,3,1373,0,0,0,1373
01/16/2002,CVG,KY,ASO,CE,Towers with Radar,425,872,41,1,1339,0,6,23,0,29,425,878,64,1,1368,0,0,0,1368
01/17/2002,CVG,KY,ASO,CE,Towers with Radar,436,870,38,0,1344,0,3,25,1,29,436,873,63,1,1373,0,0,0,1373
01/18/2002,CVG,KY,ASO,CE,Towers with Radar,439,845,38,1,1323,0,12,37,3,52,439,857,75,4,1375,0,0,0,1375
01/19/2002,CVG,KY,ASO,CE,Towers with Radar,389,673,16,0,1078,0,0,3,5,8,389,673,19,5,1086,0,0,0,1086
01/20/2002,CVG,KY,ASO,CE,Towers with Radar,382,699,19,0,1100,0,0,3,0,3,382,699,22,0,1103,0,0,0,1103
01/21/2002,CVG,KY,ASO,CE,Towers with Radar,377,765,43,0,1185,0,3,13,4,20,377,768,56,4,1205,0,0,0,1205
01/22/2002,CVG,KY,ASO,CE,Towers with Radar,427,797,59,2,1285,0,2,55,3,60,427,799,114,5,1345,0,0,0,1345
01/23/2002,CVG,KY,ASO,CE,Towers with Radar,445,872,59,1,1377,0,0,2,0,2,445,872,61,1,1379,0,0,0,1379
01/24/2002,CVG,KY,ASO,CE,Towers with Radar,439,863,41,3,1346,0,2,4,0,6,439,865,45,3,1352,0,0,0,1352
01/25/2002,CVG,KY,ASO,CE,Towers with Radar,434,844,35,3,1316,0,6,47,5,58,434,850,82,8,1374,0,0,0,1374
01/26/2002,CVG,KY,ASO,CE,Towers with Radar,387,704,25,0,1116,0,0,61,5,66,387,704,86,5,1182,0,0,0,1182
01/27/2002,CVG,KY,ASO,CE,Towers with Radar,372,717,21,0,1110,0,1,74,5,80,372,718,95,5,1190,0,0,0,1190
01/28/2002,CVG,KY,ASO,CE,Towers with Radar,377,787,32,0,1196,0,7,50,1,58,377,794,82,1,1254,0,0,0,1254
01/29/2002,CVG,KY,ASO,CE,Towers with Radar,431,852,50,3,1336,0,1,9,2,12,431,853,59,5,1348,0,0,0,1348
01/30/2002,CVG,KY,ASO,CE,Towers with Radar,429,864,59,0,1352,0,0,2,0,2,429,864,61,0,1354,0,0,0,1354
01/31/2002,CVG,KY,ASO,CE,Towers with Radar,430,805,51,1,1287,0,3,5,0,8,430,808,56,1,1295,0,0,0,1295
02/01/2002,CVG,KY,ASO,CE,Towers with Radar,435,847,30,1,1313,0,2,3,0,5,435,849,33,1,1318,0,0,0,1318
02/02/2002,CVG,KY,ASO,CE,Towers with Radar,422,702,33,2,1159,0,3,70,6,79,422,705,103,8,1238,0,0,0,1238
02/03/2002,CVG,KY,ASO,CE,Towers with Radar,368,718,34,0,1120,0,0,22,0,22,368,718,56,0,1142,0,0,0,1142
02/04/2002,CVG,KY,ASO,CE,Towers with Radar,379,788,32,0,1199,0,2,9,1,12,379,790,41,1,1211,0,0,0,1211
02/05/2002,CVG,KY,ASO,CE,Towers with Radar,435,858,28,2,1323,0,4,47,8,59,435,862,75,10,1382,0,0,0,1382
02/06/2002,CVG,KY,ASO,CE,Towers with Radar,423,883,33,0,1339,0,1,42,1,44,423,884,75,1,1383,0,0,0,1383
02/07/2002,CVG,KY,ASO,CE,Towers with Radar,439,862,50,0,1351,0,2,27,0,29,439,864,77,0,1380,0,0,0,1380
02/08/2002,CVG,KY,ASO,CE,Towers with Radar,363,721,32,0,1116,0,5,55,2,62,363,726,87,2,1178,0,0,0,1178
02/09/2002,CVG,KY,ASO,CE,Towers with Radar,405,707,21,0,1133,0,2,63,2,67,405,709,84,2,1200,0,0,0,1200
02/10/2002,CVG,KY,ASO,CE,Towers with Radar,384,722,19,4,1129,0,0,3,0,3,384,722,22,4,1132,0,0,0,1132
02/11/2002,CVG,KY,ASO,CE,Towers with Radar,383,793,25,0,1201,0,8,45,2,55,383,801,70,2,1256,0,0,0,1256
02/12/2002,CVG,KY,ASO,CE,Towers with Radar,424,872,44,3,1343,0,6,14,0,20,424,878,58,3,1363,0,0,0,1363
02/13/2002,CVG,KY,ASO,CE,Towers with Radar,431,871,45,3,1350,0,3,54,2,59,431,874,99,5,1409,0,0,0,1409
02/14/2002,CVG,KY,ASO,CE,Towers with Radar,432,871,39,3,1345,0,1,39,8,48,432,872,78,11,1393,0,0,0,1393
02/15/2002,CVG,KY,ASO,CE,Towers with Radar,435,862,42,0,1339,0,3,26,3,32,435,865,68,3,1371,0,0,0,1371
02/16/2002,CVG,KY,ASO,CE,Towers with Radar,418,701,18,0,1137,0,0,15,1,16,418,701,33,1,1153,0,0,0,1153
02/17/2002,CVG,KY,ASO,CE,Towers with Radar,374,731,23,8,1136,0,1,28,6,35,374,732,51,14,1171,0,0,0,1171
02/18/2002,CVG,KY,ASO,CE,Towers with Radar,380,785,46,0,1211,0,5,41,7,53,380,790,87,7,1264,0,0,0,1264
02/19/2002,CVG,KY,ASO,CE,Towers with Radar,428,816,40,2,1286,0,2,13,0,15,428,818,53,2,1301,0,0,0,1301
02/20/2002,CVG,KY,ASO,CE,Towers with Radar,424,834,43,2,1303,0,2,3,0,5,424,836,46,2,1308,0,0,0,1308
02/21/2002,CVG,KY,ASO,CE,Towers with Radar,436,873,32,3,1344,0,4,23,4,31,436,877,55,7,1375,0,0,0,1375
02/22/2002,CVG,KY,ASO,CE,Towers with Radar,447,869,29,0,1345,0,7,26,1,34,447,876,55,1,1379,0,0,0,1379
02/23/2002,CVG,KY,ASO,CE,Towers with Radar,407,712,23,0,1142,0,1,70,2,73,407,713,93,2,1215,0,0,0,1215
02/24/2002,CVG,KY,ASO,CE,Towers with Radar,379,734,41,0,1154,0,1,53,1,55,379,735,94,1,1209,0,0,0,1209
02/25/2002,CVG,KY,ASO,CE,Towers with Radar,380,793,31,1,1205,0,3,30,4,37,380,796,61,5,1242,0,0,0,1242
02/26/2002,CVG,KY,ASO,CE,Towers with Radar,403,741,21,0,1165,0,2,0,0,2,403,743,21,0,1167,0,0,0,1167
02/27/2002,CVG,KY,ASO,CE,Towers with Radar,426,853,49,2,1330,0,1,3,3,7,426,854,52,5,1337,0,0,0,1337
02/28/2002,CVG,KY,ASO,CE,Towers with Radar,437,888,44,4,1373,0,5,39,7,51,437,893,83,11,1424,0,0,0,1424
03/01/2002,CVG,KY,ASO,CE,Towers with Radar,430,860,44,3,1337,1,4,62,0,67,431,864,106,3,1404,0,0,0,1404
03/02/2002,CVG,KY,ASO,CE,Towers with Radar,400,691,9,0,1100,1,1,3,1,6,401,692,12,1,1106,0,0,0,1106
03/03/2002,CVG,KY,ASO,CE,Towers with Radar,375,707,21,0,1103,1,1,1,2,5,376,708,22,2,1108,0,0,0,1108
03/04/2002,CVG,KY,ASO,CE,Towers with Radar,379,788,41,0,1208,1,3,27,2,33,380,791,68,2,1241,0,0,0,1241
03/05/2002,CVG,KY,ASO,CE,Towers with Radar,431,877,32,0,1340,1,10,32,0,43,432,887,64,0,1383,0,0,0,1383
03/06/2002,CVG,KY,ASO,CE,Towers with Radar,431,893,45,2,1371,1,3,50,5,59,432,896,95,7,1430,0,0,0,1430
03/07/2002,CVG,KY,ASO,CE,Towers with Radar,25,34,4,0,63,0,0,0,0,0,25,34,4,0,63,0,0,0,63
03/08/2002,CVG,KY,ASO,CE,Towers with Radar,435,870,51,2,1358,1,5,43,3,52,436,875,94,5,1410,0,0,0,1410
03/09/2002,CVG,KY,ASO,CE,Towers with Radar,410,634,15,2,1061,1,1,4,0,6,411,635,19,2,1067,0,0,0,1067
03/10/2002,CVG,KY,ASO,CE,Towers with Radar,379,719,29,0,1127,1,2,21,0,24,380,721,50,0,1151,0,0,0,1151
03/11/2002,CVG,KY,ASO,CE,Towers with Radar,372,812,38,0,1222,1,1,43,4,49,373,813,81,4,1271,0,0,0,1271
03/12/2002,CVG,KY,ASO,CE,Towers with Radar,436,890,40,8,1374,1,2,12,0,15,437,892,52,8,1389,0,0,0,1389
03/13/2002,CVG,KY,ASO,CE,Towers with Radar,433,876,61,2,1372,1,4,35,2,42,434,880,96,4,1414,0,0,0,1414
03/14/2002,CVG,KY,ASO,CE,Towers with Radar,435,871,38,5,1349,1,3,44,4,52,436,874,82,9,1401,0,0,0,1401
03/15/2002,CVG,KY,ASO,CE,Towers with Radar,436,816,49,1,1302,1,2,12,1,16,437,818,61,2,1318,0,0,0,1318
03/16/2002,CVG,KY,ASO,CE,Towers with Radar,436,741,18,0,1195,1,4,8,0,13,437,745,26,0,1208,0,0,0,1208
03/17/2002,CVG,KY,ASO,CE,Towers with Radar,374,673,21,0,1068,1,2,1,0,4,375,675,22,0,1072,0,0,0,1072
03/18/2002,CVG,KY,ASO,CE,Towers with Radar,384,809,25,0,1218,1,1,7,0,9,385,810,32,0,1227,0,0,0,1227
03/19/2002,CVG,KY,ASO,CE,Towers with Radar,431,863,49,0,1343,1,1,1,0,3,432,864,50,0,1346,0,0,0,1346
03/20/2002,CVG,KY,ASO,CE,Towers with Radar,429,900,57,2,1388,1,1,1,2,5,430,901,58,4,1393,0,0,0,1393
03/21/2002,CVG,KY,ASO,CE,Towers with Radar,445,877,80,0,1402,1,3,12,3,19,446,880,92,3,1421,0,0,0,1421
03/22/2002,CVG,KY,ASO,CE,Towers with Radar,441,882,44,2,1369,1,3,47,4,55,442,885,91,6,1424,0,0,0,1424
03/23/2002,CVG,KY,ASO,CE,Towers with Radar,425,748,31,0,1204,1,4,71,2,78,426,752,102,2,1282,0,0,0,1282
03/24/2002,CVG,KY,ASO,CE,Towers with Radar,378,739,33,0,1150,1,1,35,5,42,379,740,68,5,1192,0,0,0,1192
03/25/2002,CVG,KY,ASO,CE,Towers with Radar,389,799,26,1,1215,0,3,0,2,5,389,802,26,3,1220,0,0,0,1220
03/26/2002,CVG,KY,ASO,CE,Towers with Radar,431,831,31,0,1293,0,3,1,0,4,431,834,32,0,1297,0,0,0,1297
03/27/2002,CVG,KY,ASO,CE,Towers with Radar,435,894,37,0,1366,0,4,44,5,53,435,898,81,5,1419,0,0,0,1419
03/28/2002,CVG,KY,ASO,CE,Towers with Radar,454,888,49,0,1391,0,7,52,4,63,454,895,101,4,1454,0,0,0,1454
03/29/2002,CVG,KY,ASO,CE,Towers with Radar,439,884,23,0,1346,0,5,24,4,33,439,889,47,4,1379,0,0,0,1379
03/30/2002,CVG,KY,ASO,CE,Towers with Radar,418,735,24,0,1177,0,4,61,2,67,418,739,85,2,1244,0,0,0,1244
03/31/2002,CVG,KY,ASO,CE,Towers with Radar,385,752,24,0,1161,0,2,25,0,27,385,754,49,0,1188,0,0,0,1188
04/01/2002,CVG,KY,ASO,CE,Towers with Radar,372,822,39,1,1234,0,1,44,3,48,372,823,83,4,1282,0,0,0,1282
04/02/2002,CVG,KY,ASO,CE,Towers with Radar,441,899,36,1,1377,0,0,18,5,23,441,899,54,6,1400,0,0,0,1400
04/03/2002,CVG,KY,ASO,CE,Towers with Radar,433,888,27,0,1348,0,0,25,8,33,433,888,52,8,1381,0,0,0,1381
04/04/2002,CVG,KY,ASO,CE,Towers with Radar,448,897,38,2,1385,0,2,52,3,57,448,899,90,5,1442,0,0,0,1442
04/05/2002,CVG,KY,ASO,CE,Towers with Radar,433,887,34,0,1354,0,1,43,7,51,433,888,77,7,1405,0,0,0,1405
04/06/2002,CVG,KY,ASO,CE,Towers with Radar,443,778,33,1,1255,0,2,80,2,84,443,780,113,3,1339,0,0,0,1339
04/07/2002,CVG,KY,ASO,CE,Towers with Radar,389,776,40,0,1205,0,1,63,1,65,389,777,103,1,1270,0,0,0,1270
04/08/2002,CVG,KY,ASO,CE,Towers with Radar,394,746,31,0,1171,0,2,16,0,18,394,748,47,0,1189,0,0,0,1189
04/09/2002,CVG,KY,ASO,CE,Towers with Radar,442,911,44,6,1403,0,0,11,3,14,442,911,55,9,1417,0,0,0,1417
04/10/2002,CVG,KY,ASO,CE,Towers with Radar,445,905,52,0,1402,0,3,54,7,64,445,908,106,7,1466,0,0,0,1466
04/11/2002,CVG,KY,ASO,CE,Towers with Radar,444,909,55,1,1409,0,3,70,5,78,444,912,125,6,1487,0,0,0,1487
04/12/2002,CVG,KY,ASO,CE,Towers with Radar,443,875,50,4,1372,0,1,25,1,27,443,876,75,5,1399,0,0,0,1399
04/13/2002,CVG,KY,ASO,CE,Towers with Radar,423,721,37,0,1181,0,1,9,2,12,423,722,46,2,1193,0,0,0,1193
04/14/2002,CVG,KY,ASO,CE,Towers with Radar,380,742,31,0,1153,0,0,11,0,11,380,742,42,0,1164,0,0,0,1164
04/15/2002,CVG,KY,ASO,CE,Towers with Radar,381,805,37,0,1223,0,2,53,8,63,381,807,90,8,1286,0,0,0,1286
04/16/2002,CVG,KY,ASO,CE,Towers with Radar,443,923,67,6,1439,0,4,45,3,52,443,927,112,9,1491,0,0,0,1491
04/17/2002,CVG,KY,ASO,CE,Towers with Radar,441,917,51,1,1410,0,0,31,1,32,441,917,82,2,1442,0,0,0,1442
04/18/2002,CVG,KY,ASO,CE,Towers with Radar,448,908,66,4,1426,0,0,32,4,36,448,908,98,8,1462,0,0,0,1462
04/19/2002,CVG,KY,ASO,CE,Towers with Radar,447,856,49,3,1355,0,1,24,2,27,447,857,73,5,1382,0,0,0,1382
04/20/2002,CVG,KY,ASO,CE,Towers with Radar,442,750,23,2,1217,0,1,20,1,22,442,751,43,3,1239,0,0,0,1239
04/21/2002,CVG,KY,ASO,CE,Towers with Radar,385,713,19,1,1118,0,1,1,0,2,385,714,20,1,1120,0,0,0,1120
04/22/2002,CVG,KY,ASO,CE,Towers with Radar,384,832,48,1,1265,0,3,18,6,27,384,835,66,7,1292,0,0,0,1292
04/23/2002,CVG,KY,ASO,CE,Towers with Radar,443,915,61,4,1423,0,3,77,1,81,443,918,138,5,1504,0,0,0,1504
04/24/2002,CVG,KY,ASO,CE,Towers with Radar,452,825,50,7,1334,0,1,33,2,36,452,826,83,9,1370,0,0,0,1370
04/25/2002,CVG,KY,ASO,CE,Towers with Radar,466,945,52,2,1465,0,1,47,2,50,466,946,99,4,1515,0,0,0,1515
04/26/2002,CVG,KY,ASO,CE,Towers with Radar,447,904,56,2,1409,0,3,74,7,84,447,907,130,9,1493,0,0,0,1493
04/27/2002,CVG,KY,ASO,CE,Towers with Radar,431,740,22,0,1193,0,2,21,0,23,431,742,43,0,1216,0,0,0,1216
04/28/2002,CVG,KY,ASO,CE,Towers with Radar,375,681,25,0,1081,0,0,3,0,3,375,681,28,0,1084,0,0,0,1084
04/29/2002,CVG,KY,ASO,CE,Towers with Radar,392,843,41,0,1276,0,1,43,4,48,392,844,84,4,1324,0,0,0,1324
04/30/2002,CVG,KY,ASO,CE,Towers with Radar,443,914,66,2,1425,0,1,59,0,60,443,915,125,2,1485,0,0,0,1485
05/01/2002,CVG,KY,ASO,CE,Towers with Radar,452,910,47,0,1409,0,1,31,5,37,452,911,78,5,1446,0,0,0,1446
05/02/2002,CVG,KY,ASO,CE,Towers with Radar,475,892,68,2,1437,0,0,17,2,19,475,892,85,4,1456,0,0,0,1456
05/03/2002,CVG,KY,ASO,CE,Towers with Radar,457,911,38,5,1411,0,2,70,1,73,457,913,108,6,1484,0,0,0,1484
05/04/2002,CVG,KY,ASO,CE,Towers with Radar,415,750,23,4,1192,0,2,59,1,62,415,752,82,5,1254,0,0,0,1254
05/05/2002,CVG,KY,ASO,CE,Towers with Radar,377,755,44,2,1178,0,0,64,1,65,377,755,108,3,1243,0,0,0,1243
05/06/2002,CVG,KY,ASO,CE,Towers with Radar,383,817,47,1,1248,0,0,6,1,7,383,817,53,2,1255,0,0,0,1255
05/07/2002,CVG,KY,ASO,CE,Towers with Radar,406,825,46,2,1279,0,1,14,4,19,406,826,60,6,1298,0,0,0,1298
05/08/2002,CVG,KY,ASO,CE,Towers with Radar,443,895,51,1,1390,0,1,14,1,16,443,896,65,2,1406,0,0,0,1406
05/09/2002,CVG,KY,ASO,CE,Towers with Radar,453,879,40,6,1378,0,3,27,2,32,453,882,67,8,1410,0,0,0,1410
05/10/2002,CVG,KY,ASO,CE,Towers with Radar,448,903,55,4,1410,0,5,84,6,95,448,908,139,10,1505,0,0,0,1505
05/11/2002,CVG,KY,ASO,CE,Towers with Radar,416,739,32,6,1193,0,2,46,1,49,416,741,78,7,1242,0,0,0,1242
05/12/2002,CVG,KY,ASO,CE,Towers with Radar,375,598,32,0,1005,0,1,5,1,7,375,599,37,1,1012,0,0,0,1012
05/13/2002,CVG,KY,ASO,CE,Towers with Radar,384,834,39,0,1257,0,2,0,1,3,384,836,39,1,1260,0,0,0,1260
05/14/2002,CVG,KY,ASO,CE,Towers with Radar,440,904,57,1,1402,0,0,29,2,31,440,904,86,3,1433,0,0,0,1433
05/15/2002,CVG,KY,ASO,CE,Towers with Radar,454,923,55,0,1432,0,2,55,0,57,454,925,110,0,1489,0,0,0,1489
05/16/2002,CVG,KY,ASO,CE,Towers with Radar,440,912,50,1,1403,0,3,25,9,37,440,915,75,10,1440,0,0,0,1440
05/17/2002,CVG,KY,ASO,CE,Towers with Radar,451,897,29,0,1377,0,0,0,3,3,451,897,29,3,1380,0,0,0,1380
05/18/2002,CVG,KY,ASO,CE,Towers with Radar,411,747,25,0,1183,0,2,42,0,44,411,749,67,0,1227,0,0,0,1227
05/19/2002,CVG,KY,ASO,CE,Towers with Radar,376,747,33,1,1157,0,3,58,2,63,376,750,91,3,1220,0,0,0,1220
05/20/2002,CVG,KY,ASO,CE,Towers with Radar,395,832,29,0,1256,0,0,34,8,42,395,832,63,8,1298,0,0,0,1298
05/21/2002,CVG,KY,ASO,CE,Towers with Radar,449,911,40,3,1403,0,4,43,6,53,449,915,83,9,1456,0,0,0,1456
05/22/2002,CVG,KY,ASO,CE,Towers with Radar,442,902,57,0,1401,0,1,51,8,60,442,903,108,8,1461,0,0,0,1461
05/23/2002,CVG,KY,ASO,CE,Towers with Radar,453,891,63,2,1409,0,0,61,4,65,453,891,124,6,1474,0,0,0,1474
05/24/2002,CVG,KY,ASO,CE,Towers with Radar,442,899,52,0,1393,0,1,34,6,41,442,900,86,6,1434,0,0,0,1434
05/25/2002,CVG,KY,ASO,CE,Towers with Radar,417,732,19,0,1168,0,1,19,2,22,417,733,38,2,1190,0,0,0,1190
05/26/2002,CVG,KY,ASO,CE,Towers with Radar,365,735,19,0,1119,0,0,38,1,39,365,735,57,1,1158,0,0,0,1158
05/27/2002,CVG,KY,ASO,CE,Towers with Radar,385,787,36,0,1208,0,2,34,1,37,385,789,70,1,1245,0,0,0,1245
05/28/2002,CVG,KY,ASO,CE,Towers with Radar,392,818,36,1,1247,0,2,17,3,22,392,820,53,4,1269,0,0,0,1269
05/29/2002,CVG,KY,ASO,CE,Towers with Radar,445,891,54,1,1391,0,2,24,4,30,445,893,78,5,1421,0,0,0,1421
05/30/2002,CVG,KY,ASO,CE,Towers with Radar,453,915,63,1,1432,0,1,32,1,34,453,916,95,2,1466,0,0,0,1466
05/31/2002,CVG,KY,ASO,CE,Towers with Radar,451,861,45,0,1357,0,0,58,3,61,451,861,103,3,1418,0,0,0,1418
06/01/2002,CVG,KY,ASO,CE,Towers with Radar,420,752,30,0,1202,0,6,19,2,27,420,758,49,2,1229,0,0,0,1229
06/02/2002,CVG,KY,ASO,CE,Towers with Radar,384,756,33,0,1173,0,1,36,3,40,384,757,69,3,1213,0,0,0,1213
06/03/2002,CVG,KY,ASO,CE,Towers with Radar,384,822,51,0,1257,0,1,26,6,33,384,823,77,6,1290,0,0,0,1290
06/04/2002,CVG,KY,ASO,CE,Towers with Radar,444,911,67,0,1422,0,1,32,3,36,444,912,99,3,1458,0,0,0,1458
06/05/2002,CVG,KY,ASO,CE,Towers with Radar,400,729,56,1,1186,0,2,23,3,28,400,731,79,4,1214,0,0,0,1214
06/06/2002,CVG,KY,ASO,CE,Towers with Radar,482,912,61,0,1455,0,0,1,1,2,482,912,62,1,1457,0,0,0,1457
06/07/2002,CVG,KY,ASO,CE,Towers with Radar,448,915,56,0,1419,0,1,39,0,40,448,916,95,0,1459,0,0,0,1459
06/08/2002,CVG,KY,ASO,CE,Towers with Radar,424,767,44,0,1235,0,2,50,8,60,424,769,94,8,1295,0,0,0,1295
06/09/2002,CVG,KY,ASO,CE,Towers with Radar,381,776,34,0,1191,0,1,54,3,58,381,777,88,3,1249,0,0,0,1249
06/10/2002,CVG,KY,ASO,CE,Towers with Radar,384,846,62,0,1292,0,2,24,1,27,384,848,86,1,1319,0,0,0,1319
06/11/2002,CVG,KY,ASO,CE,Towers with Radar,438,925,45,0,1408,0,1,34,1,36,438,926,79,1,1444,0,0,0,1444
06/12/2002,CVG,KY,ASO,CE,Towers with Radar,456,923,50,0,1429,0,1,23,6,30,456,924,73,6,1459,0,0,0,1459
06/13/2002,CVG,KY,ASO,CE,Towers with Radar,467,935,63,0,1465,0,0,5,2,7,467,935,68,2,1472,0,0,0,1472
06/14/2002,CVG,KY,ASO,CE,Towers with Radar,452,917,39,1,1409,0,3,44,1,48,452,920,83,2,1457,0,0,0,1457
06/15/2002,CVG,KY,ASO,CE,Towers with Radar,430,763,49,3,1245,0,0,50,2,52,430,763,99,5,1297,0,0,0,1297
06/16/2002,CVG,KY,ASO,CE,Towers with Radar,395,782,60,1,1238,1,4,35,0,40,396,786,95,1,1278,0,0,0,1278
06/17/2002,CVG,KY,ASO,CE,Towers with Radar,392,844,55,0,1291,0,2,49,6,57,392,846,104,6,1348,0,0,0,1348
06/18/2002,CVG,KY,ASO,CE,Towers with Radar,447,933,47,1,1428,0,5,57,5,67,447,938,104,6,1495,0,0,0,1495
06/19/2002,CVG,KY,ASO,CE,Towers with Radar,453,930,63,0,1446,0,4,65,4,73,453,934,128,4,1519,0,0,0,1519
06/20/2002,CVG,KY,ASO,CE,Towers with Radar,460,927,62,0,1449,0,0,46,1,47,460,927,108,1,1496,0,0,0,1496
06/21/2002,CVG,KY,ASO,CE,Towers with Radar,461,915,48,1,1425,0,1,42,3,46,461,916,90,4,1471,0,0,0,1471
06/22/2002,CVG,KY,ASO,CE,Towers with Radar,431,749,33,0,1213,0,0,43,4,47,431,749,76,4,1260,0,0,0,1260
06/23/2002,CVG,KY,ASO,CE,Towers with Radar,385,770,37,0,1192,0,0,50,3,53,385,770,87,3,1245,0,0,0,1245
06/24/2002,CVG,KY,ASO,CE,Towers with Radar,395,842,42,0,1279,0,1,42,3,46,395,843,84,3,1325,0,0,0,1325
06/25/2002,CVG,KY,ASO,CE,Towers with Radar,447,908,39,2,1396,0,0,19,4,23,447,908,58,6,1419,0,0,0,1419
06/26/2002,CVG,KY,ASO,CE,Towers with Radar,440,935,52,3,1430,0,4,27,5,36,440,939,79,8,1466,0,0,0,1466
06/27/2002,CVG,KY,ASO,CE,Towers with Radar,435,841,59,1,1336,0,1,26,3,30,435,842,85,4,1366,0,0,0,1366
06/28/2002,CVG,KY,ASO,CE,Towers with Radar,461,926,56,5,1448,0,0,49,2,51,461,926,105,7,1499,0,0,0,1499
06/29/2002,CVG,KY,ASO,CE,Towers with Radar,421,768,33,0,1222,0,0,83,4,87,421,768,116,4,1309,0,0,0,1309
06/30/2002,CVG,KY,ASO,CE,Towers with Radar,393,791,61,1,1246,0,2,48,3,53,393,793,109,4,1299,0,0,0,1299
07/01/2002,CVG,KY,ASO,CE,Towers with Radar,383,830,52,1,1266,0,0,30,5,35,383,830,82,6,1301,0,0,0,1301
07/02/2002,CVG,KY,ASO,CE,Towers with Radar,444,950,53,0,1447,0,0,56,7,63,444,950,109,7,1510,0,0,0,1510
07/03/2002,CVG,KY,ASO,CE,Towers with Radar,458,928,48,1,1435,0,1,60,4,65,458,929,108,5,1500,0,0,0,1500
07/04/2002,CVG,KY,ASO,CE,Towers with Radar,382,805,19,3,1209,0,0,36,6,42,382,805,55,9,1251,0,0,0,1251
07/05/2002,CVG,KY,ASO,CE,Towers with Radar,344,777,22,0,1143,0,2,45,6,53,344,779,67,6,1196,0,0,0,1196
07/06/2002,CVG,KY,ASO,CE,Towers with Radar,423,742,30,0,1195,0,0,58,10,68,423,742,88,10,1263,0,0,0,1263
07/07/2002,CVG,KY,ASO,CE,Towers with Radar,388,776,34,0,1198,0,0,55,0,55,388,776,89,0,1253,0,0,0,1253
07/08/2002,CVG,KY,ASO,CE,Towers with Radar,393,864,56,1,1314,0,0,22,8,30,393,864,78,9,1344,0,0,0,1344
07/09/2002,CVG,KY,ASO,CE,Towers with Radar,453,907,47,1,1408,0,0,30,1,31,453,907,77,2,1439,0,0,0,1439
07/10/2002,CVG,KY,ASO,CE,Towers with Radar,441,963,46,2,1452,0,1,25,0,26,441,964,71,2,1478,0,0,0,1478
07/11/2002,CVG,KY,ASO,CE,Towers with Radar,474,948,45,0,1467,0,1,63,3,67,474,949,108,3,1534,0,0,0,1534
07/12/2002,CVG,KY,ASO,CE,Towers with Radar,460,910,41,0,1411,0,0,51,1,52,460,910,92,1,1463,0,0,0,1463
07/13/2002,CVG,KY,ASO,CE,Towers with Radar,425,770,25,0,1220,0,2,20,6,28,425,772,45,6,1248,0,0,0,1248
07/14/2002,CVG,KY,ASO,CE,Towers with Radar,389,773,44,0,1206,0,1,26,5,32,389,774,70,5,1238,0,0,0,1238
07/15/2002,CVG,KY,ASO,CE,Towers with Radar,392,847,71,6,1316,0,0,14,10,24,392,847,85,16,1340,0,0,0,1340
07/16/2002,CVG,KY,ASO,CE,Towers with Radar,448,944,62,3,1457,0,0,16,9,25,448,944,78,12,1482,0,0,0,1482
07/17/2002,CVG,KY,ASO,CE,Towers with Radar,447,936,48,5,1436,0,0,4,7,11,447,936,52,12,1447,0,0,0,1447
07/18/2002,CVG,KY,ASO,CE,Towers with Radar,454,925,51,0,1430,0,0,10,1,11,454,925,61,1,1441,0,0,0,1441
07/19/2002,CVG,KY,ASO,CE,Towers with Radar,452,907,49,3,1411,0,0,5,3,8,452,907,54,6,1419,0,0,0,1419
07/20/2002,CVG,KY,ASO,CE,Towers with Radar,421,774,28,0,1223,0,0,7,1,8,421,774,35,1,1231,0,0,0,1231
07/21/2002,CVG,KY,ASO,CE,Towers with Radar,392,792,53,0,1237,0,1,17,1,19,392,793,70,1,1256,0,0,0,1256
07/22/2002,CVG,KY,ASO,CE,Towers with Radar,378,812,69,0,1259,0,0,13,3,16,378,812,82,3,1275,0,0,0,1275
07/23/2002,CVG,KY,ASO,CE,Towers with Radar,445,925,58,0,1428,0,0,4,10,14,445,925,62,10,1442,0,0,0,1442
07/24/2002,CVG,KY,ASO,CE,Towers with Radar,442,938,59,0,1439,0,0,23,3,26,442,938,82,3,1465,0,0,0,1465
07/25/2002,CVG,KY,ASO,CE,Towers with Radar,462,923,41,2,1428,0,0,18,5,23,462,923,59,7,1451,0,0,0,1451
07/26/2002,CVG,KY,ASO,CE,Towers with Radar,448,924,31,4,1407,0,0,21,4,25,448,924,52,8,1432,0,0,0,1432
07/27/2002,CVG,KY,ASO,CE,Towers with Radar,428,763,37,0,1228,0,1,10,4,15,428,764,47,4,1243,0,0,0,1243
07/28/2002,CVG,KY,ASO,CE,Towers with Radar,393,773,32,1,1199,0,0,15,0,15,393,773,47,1,1214,0,0,0,1214
07/29/2002,CVG,KY,ASO,CE,Towers with Radar,387,794,56,0,1237,0,2,10,7,19,387,796,66,7,1256,0,0,0,1256
07/30/2002,CVG,KY,ASO,CE,Towers with Radar,465,965,55,0,1485,0,1,14,3,18,465,966,69,3,1503,0,0,0,1503
07/31/2002,CVG,KY,ASO,CE,Towers with Radar,458,948,70,1,1477,0,0,13,4,17,458,948,83,5,1494,0,0,0,1494
08/01/2002,CVG,KY,ASO,CE,Towers with Radar,468,956,55,1,1480,0,0,14,4,18,468,956,69,5,1498,0,0,0,1498
08/02/2002,CVG,KY,ASO,CE,Towers with Radar,460,934,30,1,1425,0,0,6,1,7,460,934,36,2,1432,0,0,0,1432
08/03/2002,CVG,KY,ASO,CE,Towers with Radar,416,757,32,2,1207,0,0,18,0,18,416,757,50,2,1225,0,0,0,1225
08/04/2002,CVG,KY,ASO,CE,Towers with Radar,393,773,47,0,1213,0,0,15,1,16,393,773,62,1,1229,0,0,0,1229
08/05/2002,CVG,KY,ASO,CE,Towers with Radar,393,852,48,0,1293,0,1,12,8,21,393,853,60,8,1314,0,0,0,1314
08/06/2002,CVG,KY,ASO,CE,Towers with Radar,464,934,49,2,1449,0,0,19,2,21,464,934,68,4,1470,0,0,0,1470
08/07/2002,CVG,KY,ASO,CE,Towers with Radar,456,933,51,3,1443,0,1,12,6,19,456,934,63,9,1462,0,0,0,1462
08/08/2002,CVG,KY,ASO,CE,Towers with Radar,463,941,50,4,1458,0,2,15,2,19,463,943,65,6,1477,0,0,0,1477
08/09/2002,CVG,KY,ASO,CE,Towers with Radar,451,930,61,5,1447,0,0,16,6,22,451,930,77,11,1469,0,0,0,1469
08/10/2002,CVG,KY,ASO,CE,Towers with Radar,413,768,34,0,1215,0,1,22,1,24,413,769,56,1,1239,0,0,0,1239
08/11/2002,CVG,KY,ASO,CE,Towers with Radar,383,770,44,1,1198,0,1,24,4,29,383,771,68,5,1227,0,0,0,1227
08/12/2002,CVG,KY,ASO,CE,Towers with Radar,395,852,57,0,1304,0,1,10,4,15,395,853,67,4,1319,0,0,0,1319
08/13/2002,CVG,KY,ASO,CE,Towers with Radar,440,934,55,8,1437,0,0,16,5,21,440,934,71,13,1458,0,0,0,1458
08/14/2002,CVG,KY,ASO,CE,Towers with Radar,439,966,38,5,1448,0,1,9,2,12,439,967,47,7,1460,0,0,0,1460
08/15/2002,CVG,KY,ASO,CE,Towers with Radar,465,947,51,8,1471,0,0,11,5,16,465,947,62,13,1487,0,0,0,1487
08/16/2002,CVG,KY,ASO,CE,Towers with Radar,450,919,38,7,1414,0,0,6,3,9,450,919,44,10,1423,0,0,0,1423
08/17/2002,CVG,KY,ASO,CE,Towers with Radar,422,771,24,4,1221,0,0,10,2,12,422,771,34,6,1233,0,0,0,1233
08/18/2002,CVG,KY,ASO,CE,Towers with Radar,381,672,32,0,1085,0,0,5,1,6,381,672,37,1,1091,0,0,0,1091
08/19/2002,CVG,KY,ASO,CE,Towers with Radar,389,848,36,0,1273,0,0,8,3,11,389,848,44,3,1284,0,0,0,1284
08/20/2002,CVG,KY,ASO,CE,Towers with Radar,456,937,61,8,1462,0,0,20,7,27,456,937,81,15,1489,0,0,0,1489
08/21/2002,CVG,KY,ASO,CE,Towers with Radar,457,949,55,7,1468,0,1,15,3,19,457,950,70,10,1487,0,0,0,1487
08/22/2002,CVG,KY,ASO,CE,Towers with Radar,459,937,55,12,1463,0,1,9,4,14,459,938,64,16,1477,0,0,0,1477
08/23/2002,CVG,KY,ASO,CE,Towers with Radar,455,927,41,12,1435,0,2,5,8,15,455,929,46,20,1450,0,0,0,1450
08/24/2002,CVG,KY,ASO,CE,Towers with Radar,419,763,24,0,1206,0,1,12,0,13,419,764,36,0,1219,0,0,0,1219
08/25/2002,CVG,KY,ASO,CE,Towers with Radar,390,776,29,0,1195,0,0,16,4,20,390,776,45,4,1215,0,0,0,1215
08/26/2002,CVG,KY,ASO,CE,Towers with Radar,388,850,51,0,1289,0,1,12,4,17,388,851,63,4,1306,0,0,0,1306
08/27/2002,CVG,KY,ASO,CE,Towers with Radar,447,952,56,16,1471,0,0,10,1,11,447,952,66,17,1482,0,0,0,1482
08/28/2002,CVG,KY,ASO,CE,Towers with Radar,446,949,44,3,1442,0,0,10,0,10,446,949,54,3,1452,0,0,0,1452
08/29/2002,CVG,KY,ASO,CE,Towers with Radar,476,932,54,1,1463,0,0,18,7,25,476,932,72,8,1488,0,0,0,1488
08/30/2002,CVG,KY,ASO,CE,Towers with Radar,465,935,45,0,1445,0,4,22,6,32,465,939,67,6,1477,0,0,0,1477
08/31/2002,CVG,KY,ASO,CE,Towers with Radar,374,775,29,0,1178,0,0,16,2,18,374,775,45,2,1196,0,0,0,1196
09/01/2002,CVG,KY,ASO,CE,Towers with Radar,317,709,13,2,1041,0,1,22,5,28,317,710,35,7,1069,0,0,0,1069
09/02/2002,CVG,KY,ASO,CE,Towers with Radar,367,795,28,1,1191,0,0,12,3,15,367,795,40,4,1206,0,0,0,1206
09/03/2002,CVG,KY,ASO,CE,Towers with Radar,402,837,40,8,1287,0,1,7,2,10,402,838,47,10,1297,0,0,0,1297
09/04/2002,CVG,KY,ASO,CE,Towers with Radar,463,932,35,6,1436,0,2,17,4,23,463,934,52,10,1459,0,0,0,1459
09/05/2002,CVG,KY,ASO,CE,Towers with Radar,464,935,43,6,1448,0,0,15,2,17,464,935,58,8,1465,0,0,0,1465
09/06/2002,CVG,KY,ASO,CE,Towers with Radar,468,899,42,2,1411,0,1,18,6,25,468,900,60,8,1436,0,0,0,1436
09/07/2002,CVG,KY,ASO,CE,Towers with Radar,437,744,31,0,1212,0,0,25,4,29,437,744,56,4,1241,0,0,0,1241
09/08/2002,CVG,KY,ASO,CE,Towers with Radar,397,762,60,0,1219,0,0,12,2,14,397,762,72,2,1233,0,0,0,1233
09/09/2002,CVG,KY,ASO,CE,Towers with Radar,410,852,54,0,1316,0,2,17,5,24,410,854,71,5,1340,0,0,0,1340
09/10/2002,CVG,KY,ASO,CE,Towers with Radar,349,911,61,8,1329,0,0,19,6,25,349,911,80,14,1354,0,0,0,1354
09/11/2002,CVG,KY,ASO,CE,Towers with Radar,341,900,45,3,1289,0,0,12,8,20,341,900,57,11,1309,0,0,0,1309
09/12/2002,CVG,KY,ASO,CE,Towers with Radar,427,914,58,3,1402,0,0,15,2,17,427,914,73,5,1419,0,0,0,1419
09/13/2002,CVG,KY,ASO,CE,Towers with Radar,461,903,34,3,1401,0,0,14,4,18,461,903,48,7,1419,0,0,0,1419
09/14/2002,CVG,KY,ASO,CE,Towers with Radar,447,748,39,0,1234,0,0,2,2,4,447,748,41,2,1238,0,0,0,1238
09/15/2002,CVG,KY,ASO,CE,Towers with Radar,402,757,36,1,1196,0,0,2,3,5,402,757,38,4,1201,0,0,0,1201
09/16/2002,CVG,KY,ASO,CE,Towers with Radar,412,834,53,1,1300,0,1,4,4,9,412,835,57,5,1309,0,0,0,1309
09/17/2002,CVG,KY,ASO,CE,Towers with Radar,458,928,69,3,1458,0,0,13,1,14,458,928,82,4,1472,0,0,0,1472
09/18/2002,CVG,KY,ASO,CE,Towers with Radar,484,927,64,4,1479,0,0,11,4,15,484,927,75,8,1494,0,0,0,1494
09/19/2002,CVG,KY,ASO,CE,Towers with Radar,468,885,66,2,1421,0,0,8,4,12,468,885,74,6,1433,0,0,0,1433
09/20/2002,CVG,KY,ASO,CE,Towers with Radar,459,820,51,2,1332,0,0,4,3,7,459,820,55,5,1339,0,0,0,1339
09/21/2002,CVG,KY,ASO,CE,Towers with Radar,448,756,26,0,1230,0,0,11,4,15,448,756,37,4,1245,0,0,0,1245
09/22/2002,CVG,KY,ASO,CE,Towers with Radar,402,758,37,0,1197,0,0,8,10,18,402,758,45,10,1215,0,0,0,1215
09/23/2002,CVG,KY,ASO,CE,Towers with Radar,415,838,73,1,1327,0,0,15,0,15,415,838,88,1,1342,0,0,0,1342
09/24/2002,CVG,KY,ASO,CE,Towers with Radar,466,910,69,3,1448,0,0,26,6,32,466,910,95,9,1480,0,0,0,1480
09/25/2002,CVG,KY,ASO,CE,Towers with Radar,450,924,53,4,1431,0,1,9,2,12,450,925,62,6,1443,0,0,0,1443
09/26/2002,CVG,KY,ASO,CE,Towers with Radar,463,933,68,0,1464,0,0,1,0,1,463,933,69,0,1465,0,0,0,1465
09/27/2002,CVG,KY,ASO,CE,Towers with Radar,463,897,30,0,1390,0,0,1,1,2,463,897,31,1,1392,0,0,0,1392
09/28/2002,CVG,KY,ASO,CE,Towers with Radar,448,743,35,1,1227,0,0,15,2,17,448,743,50,3,1244,0,0,0,1244
09/29/2002,CVG,KY,ASO,CE,Towers with Radar,397,762,52,0,1211,0,0,12,0,12,397,762,64,0,1223,0,0,0,1223
09/30/2002,CVG,KY,ASO,CE,Towers with Radar,403,833,44,0,1280,0,2,17,0,19,403,835,61,0,1299,0,0,0,1299
10/01/2002,CVG,KY,ASO,CE,Towers with Radar,444,921,65,2,1432,0,0,11,5,16,444,921,76,7,1448,0,0,0,1448
10/02/2002,CVG,KY,ASO,CE,Towers with Radar,461,925,33,2,1421,0,0,8,2,10,461,925,41,4,1431,0,0,0,1431
10/03/2002,CVG,KY,ASO,CE,Towers with Radar,457,912,47,5,1421,0,0,11,5,16,457,912,58,10,1437,0,0,0,1437
10/04/2002,CVG,KY,ASO,CE,Towers with Radar,464,898,35,1,1398,0,0,4,0,4,464,898,39,1,1402,0,0,0,1402
10/05/2002,CVG,KY,ASO,CE,Towers with Radar,441,761,17,4,1223,0,0,15,0,15,441,761,32,4,1238,0,0,0,1238
10/06/2002,CVG,KY,ASO,CE,Towers with Radar,391,774,28,0,1193,0,0,20,4,24,391,774,48,4,1217,0,0,0,1217
10/07/2002,CVG,KY,ASO,CE,Towers with Radar,404,853,34,4,1295,0,1,14,10,25,404,854,48,14,1320,0,0,0,1320
10/08/2002,CVG,KY,ASO,CE,Towers with Radar,459,916,38,3,1416,0,0,15,5,20,459,916,53,8,1436,0,0,0,1436
10/09/2002,CVG,KY,ASO,CE,Towers with Radar,453,918,55,5,1431,0,0,17,3,20,453,918,72,8,1451,0,0,0,1451
10/10/2002,CVG,KY,ASO,CE,Towers with Radar,476,923,50,3,1452,0,0,3,4,7,476,923,53,7,1459,0,0,0,1459
10/11/2002,CVG,KY,ASO,CE,Towers with Radar,463,909,55,1,1428,0,1,5,2,8,463,910,60,3,1436,0,0,0,1436
10/12/2002,CVG,KY,ASO,CE,Towers with Radar,448,776,13,7,1244,0,2,4,7,13,448,778,17,14,1257,0,0,0,1257
10/13/2002,CVG,KY,ASO,CE,Towers with Radar,404,767,36,0,1207,0,0,8,2,10,404,767,44,2,1217,0,0,0,1217
10/14/2002,CVG,KY,ASO,CE,Towers with Radar,401,824,51,0,1276,0,1,19,8,28,401,825,70,8,1304,0,0,0,1304
10/15/2002,CVG,KY,ASO,CE,Towers with Radar,457,861,40,1,1359,0,0,13,8,21,457,861,53,9,1380,0,0,0,1380
10/16/2002,CVG,KY,ASO,CE,Towers with Radar,453,936,40,2,1431,0,0,8,6,14,453,936,48,8,1445,0,0,0,1445
10/17/2002,CVG,KY,ASO,CE,Towers with Radar,476,927,41,2,1446,0,1,15,5,21,476,928,56,7,1467,0,0,0,1467
10/18/2002,CVG,KY,ASO,CE,Towers with Radar,466,904,31,2,1403,0,1,14,2,17,466,905,45,4,1420,0,0,0,1420
10/19/2002,CVG,KY,ASO,CE,Towers with Radar,435,759,16,0,1210,0,0,2,0,2,435,759,18,0,1212,0,0,0,1212
10/20/2002,CVG,KY,ASO,CE,Towers with Radar,395,769,32,0,1196,0,2,8,4,14,395,771,40,4,1210,0,0,0,1210
10/21/2002,CVG,KY,ASO,CE,Towers with Radar,399,833,33,0,1265,0,0,11,6,17,399,833,44,6,1282,0,0,0,1282
10/22/2002,CVG,KY,ASO,CE,Towers with Radar,468,926,74,4,1472,0,1,15,0,16,468,927,89,4,1488,0,0,0,1488
10/23/2002,CVG,KY,ASO,CE,Towers with Radar,460,924,53,3,1440,0,0,15,1,16,460,924,68,4,1456,0,0,0,1456
10/24/2002,CVG,KY,ASO,CE,Towers with Radar,457,928,33,3,1421,0,0,11,2,13,457,928,44,5,1434,0,0,0,1434
10/25/2002,CVG,KY,ASO,CE,Towers with Radar,463,919,26,0,1408,0,0,1,2,3,463,919,27,2,1411,0,0,0,1411
10/26/2002,CVG,KY,ASO,CE,Towers with Radar,440,761,15,0,1216,0,1,0,3,4,440,762,15,3,1220,0,0,0,1220
10/27/2002,CVG,KY,ASO,CE,Towers with Radar,399,766,40,0,1205,0,0,6,4,10,399,766,46,4,1215,0,0,0,1215
10/28/2002,CVG,KY,ASO,CE,Towers with Radar,401,829,41,0,1271,0,2,7,4,13,401,831,48,4,1284,0,0,0,1284
10/29/2002,CVG,KY,ASO,CE,Towers with Radar,457,913,32,0,1402,0,0,0,0,0,457,913,32,0,1402,0,0,0,1402
10/30/2002,CVG,KY,ASO,CE,Towers with Radar,464,929,48,0,1441,0,0,0,2,2,464,929,48,2,1443,0,0,0,1443
10/31/2002,CVG,KY,ASO,CE,Towers with Radar,470,929,38,3,1440,0,0,6,5,11,470,929,44,8,1451,0,0,0,1451
11/01/2002,CVG,KY,ASO,CE,Towers with Radar,455,910,31,2,1398,0,1,12,2,15,455,911,43,4,1413,0,0,0,1413
11/02/2002,CVG,KY,ASO,CE,Towers with Radar,433,771,21,1,1226,0,1,13,2,16,433,772,34,3,1242,0,0,0,1242
11/03/2002,CVG,KY,ASO,CE,Towers with Radar,393,787,23,0,1203,0,0,13,7,20,393,787,36,7,1223,0,0,0,1223
11/04/2002,CVG,KY,ASO,CE,Towers with Radar,384,862,45,0,1291,0,2,5,1,8,384,864,50,1,1299,0,0,0,1299
11/05/2002,CVG,KY,ASO,CE,Towers with Radar,443,920,32,1,1396,0,0,3,1,4,443,920,35,2,1400,0,0,0,1400
11/06/2002,CVG,KY,ASO,CE,Towers with Radar,441,951,43,2,1437,0,0,2,0,2,441,951,45,2,1439,0,0,0,1439
11/07/2002,CVG,KY,ASO,CE,Towers with Radar,466,937,58,3,1464,0,0,9,3,12,466,937,67,6,1476,0,0,0,1476
11/08/2002,CVG,KY,ASO,CE,Towers with Radar,453,933,25,1,1412,0,1,23,9,33,453,934,48,10,1445,0,0,0,1445
11/09/2002,CVG,KY,ASO,CE,Towers with Radar,432,776,9,1,1218,0,0,10,0,10,432,776,19,1,1228,0,0,0,1228
11/10/2002,CVG,KY,ASO,CE,Towers with Radar,357,612,16,0,985,0,0,1,2,3,357,612,17,2,988,0,0,0,988
11/11/2002,CVG,KY,ASO,CE,Towers with Radar,406,868,54,0,1328,0,0,5,1,6,406,868,59,1,1334,0,0,0,1334
11/12/2002,CVG,KY,ASO,CE,Towers with Radar,444,882,46,3,1375,0,0,5,4,9,444,882,51,7,1384,0,0,0,1384
11/13/2002,CVG,KY,ASO,CE,Towers with Radar,464,940,41,2,1447,0,2,16,7,25,464,942,57,9,1472,0,0,0,1472
11/14/2002,CVG,KY,ASO,CE,Towers with Radar,461,946,56,2,1465,0,1,12,8,21,461,947,68,10,1486,0,0,0,1486
11/15/2002,CVG,KY,ASO,CE,Towers with Radar,458,924,42,0,1424,0,0,0,3,3,458,924,42,3,1427,0,0,0,1427
11/16/2002,CVG,KY,ASO,CE,Towers with Radar,427,778,19,0,1224,0,0,0,0,0,427,778,19,0,1224,0,0,0,1224
11/17/2002,CVG,KY,ASO,CE,Towers with Radar,387,772,22,2,1183,0,1,5,5,11,387,773,27,7,1194,0,0,0,1194
11/18/2002,CVG,KY,ASO,CE,Towers with Radar,384,861,41,6,1292,0,1,11,3,15,384,862,52,9,1307,0,0,0,1307
11/19/2002,CVG,KY,ASO,CE,Towers with Radar,436,941,41,1,1419,0,1,15,1,17,436,942,56,2,1436,0,0,0,1436
11/20/2002,CVG,KY,ASO,CE,Towers with Radar,451,958,36,1,1446,0,0,15,1,16,451,958,51,2,1462,0,0,0,1462
11/21/2002,CVG,KY,ASO,CE,Towers with Radar,449,944,56,1,1450,0,0,3,2,5,449,944,59,3,1455,0,0,0,1455
11/22/2002,CVG,KY,ASO,CE,Towers with Radar,449,931,25,3,1408,0,0,4,1,5,449,931,29,4,1413,0,0,0,1413
11/23/2002,CVG,KY,ASO,CE,Towers with Radar,434,779,16,0,1229,0,0,22,2,24,434,779,38,2,1253,0,0,0,1253
11/24/2002,CVG,KY,ASO,CE,Towers with Radar,389,795,24,0,1208,0,0,10,2,12,389,795,34,2,1220,0,0,0,1220
11/25/2002,CVG,KY,ASO,CE,Towers with Radar,383,874,40,1,1298,0,1,3,4,8,383,875,43,5,1306,0,0,0,1306
11/26/2002,CVG,KY,ASO,CE,Towers with Radar,436,930,73,0,1439,0,0,6,2,8,436,930,79,2,1447,0,0,0,1447
11/27/2002,CVG,KY,ASO,CE,Towers with Radar,459,949,22,4,1434,0,0,12,0,12,459,949,34,4,1446,0,0,0,1446
11/28/2002,CVG,KY,ASO,CE,Towers with Radar,305,802,11,2,1120,0,0,6,1,7,305,802,17,3,1127,0,0,0,1127
11/29/2002,CVG,KY,ASO,CE,Towers with Radar,296,756,21,0,1073,0,0,12,4,16,296,756,33,4,1089,0,0,0,1089
11/30/2002,CVG,KY,ASO,CE,Towers with Radar,407,740,16,0,1163,0,1,5,0,6,407,741,21,0,1169,0,0,0,1169
12/01/2002,CVG,KY,ASO,CE,Towers with Radar,409,792,42,0,1243,0,0,12,3,15,409,792,54,3,1258,0,0,0,1258
12/02/2002,CVG,KY,ASO,CE,Towers with Radar,393,858,25,0,1276,0,0,12,3,15,393,858,37,3,1291,0,0,0,1291
12/03/2002,CVG,KY,ASO,CE,Towers with Radar,451,943,47,1,1442,0,0,13,4,17,451,943,60,5,1459,0,0,0,1459
12/04/2002,CVG,KY,ASO,CE,Towers with Radar,437,843,44,1,1325,0,0,3,3,6,437,843,47,4,1331,0,0,0,1331
12/05/2002,CVG,KY,ASO,CE,Towers with Radar,442,918,49,1,1410,0,1,2,7,10,442,919,51,8,1420,0,0,0,1420
12/06/2002,CVG,KY,ASO,CE,Towers with Radar,467,917,44,2,1430,0,1,17,2,20,467,918,61,4,1450,0,0,0,1450
12/07/2002,CVG,KY,ASO,CE,Towers with Radar,414,787,24,3,1228,0,0,12,2,14,414,787,36,5,1242,0,0,0,1242
12/08/2002,CVG,KY,ASO,CE,Towers with Radar,393,792,23,0,1208,0,0,6,4,10,393,792,29,4,1218,0,0,0,1218
12/09/2002,CVG,KY,ASO,CE,Towers with Radar,400,860,42,0,1302,0,2,10,5,17,400,862,52,5,1319,0,0,0,1319
12/10/2002,CVG,KY,ASO,CE,Towers with Radar,466,939,37,1,1443,0,0,7,3,10,466,939,44,4,1453,0,0,0,1453
12/11/2002,CVG,KY,ASO,CE,Towers with Radar,441,908,42,0,1391,0,0,0,0,0,441,908,42,0,1391,0,0,0,1391
12/12/2002,CVG,KY,ASO,CE,Towers with Radar,466,921,38,0,1425,0,0,0,1,1,466,921,38,1,1426,0,0,0,1426
12/13/2002,CVG,KY,ASO,CE,Towers with Radar,456,915,33,2,1406,0,0,0,2,2,456,915,33,4,1408,0,0,0,1408
12/14/2002,CVG,KY,ASO,CE,Towers with Radar,426,790,18,0,1234,0,0,6,4,10,426,790,24,4,1244,0,0,0,1244
12/15/2002,CVG,KY,ASO,CE,Towers with Radar,385,794,16,7,1202,0,0,16,2,18,385,794,32,9,1220,0,0,0,1220
12/16/2002,CVG,KY,ASO,CE,Towers with Radar,388,864,50,0,1302,0,0,7,4,11,388,864,57,4,1313,0,0,0,1313
12/17/2002,CVG,KY,ASO,CE,Towers with Radar,472,955,40,0,1467,0,0,4,2,6,472,955,44,2,1473,0,0,0,1473
12/18/2002,CVG,KY,ASO,CE,Towers with Radar,454,943,36,3,1436,0,0,5,0,5,454,943,41,3,1441,0,0,0,1441
12/19/2002,CVG,KY,ASO,CE,Towers with Radar,480,940,43,0,1463,0,0,1,1,2,480,940,44,1,1465,0,0,0,1465
12/20/2002,CVG,KY,ASO,CE,Towers with Radar,463,925,34,2,1424,0,1,3,2,6,463,926,37,4,1430,0,0,0,1430
12/21/2002,CVG,KY,ASO,CE,Towers with Radar,426,773,17,0,1216,0,0,8,4,12,426,773,25,4,1228,0,0,0,1228
12/22/2002,CVG,KY,ASO,CE,Towers with Radar,392,779,19,0,1190,0,0,6,2,8,392,779,25,2,1198,0,0,0,1198
12/23/2002,CVG,KY,ASO,CE,Towers with Radar,387,852,27,0,1266,0,0,10,3,13,387,852,37,3,1279,0,0,0,1279
12/24/2002,CVG,KY,ASO,CE,Towers with Radar,356,703,6,0,1065,0,0,2,6,8,356,703,8,6,1073,0,0,0,1073
12/25/2002,CVG,KY,ASO,CE,Towers with Radar,301,686,10,1,998,0,0,1,1,2,301,686,11,2,1000,0,0,0,1000
12/26/2002,CVG,KY,ASO,CE,Towers with Radar,413,853,28,0,1294,0,1,10,3,14,413,854,38,3,1308,0,0,0,1308
12/27/2002,CVG,KY,ASO,CE,Towers with Radar,461,909,31,0,1401,0,2,8,1,11,461,911,39,1,1412,0,0,0,1412
12/28/2002,CVG,KY,ASO,CE,Towers with Radar,411,770,20,0,1201,0,1,14,0,15,411,771,34,0,1216,0,0,0,1216
12/29/2002,CVG,KY,ASO,CE,Towers with Radar,390,782,15,0,1187,0,0,27,0,27,390,782,42,0,1214,0,0,0,1214
12/30/2002,CVG,KY,ASO,CE,Towers with Radar,388,820,25,0,1233,0,0,0,1,1,388,820,25,1,1234,0,0,0,1234
12/31/2002,CVG,KY,ASO,CE,Towers with Radar,399,730,18,2,1149,0,1,3,3,7,399,731,21,5,1156,0,0,0,1156
01/01/2003,CVG,KY,ASO,CE,Towers with Radar,341,706,9,0,1056,0,0,0,0,0,341,706,9,0,1056,0,0,0,1056
01/02/2003,CVG,KY,ASO,CE,Towers with Radar,417,808,8,0,1233,0,0,0,0,0,417,808,8,0,1233,0,0,0,1233
01/03/2003,CVG,KY,ASO,CE,Towers with Radar,457,939,21,1,1418,0,0,4,0,4,457,939,25,1,1422,0,0,0,1422
01/04/2003,CVG,KY,ASO,CE,Towers with Radar,399,798,12,0,1209,1,0,16,0,17,400,798,28,0,1226,0,0,0,1226
01/05/2003,CVG,KY,ASO,CE,Towers with Radar,387,775,10,0,1172,0,0,0,0,0,387,775,10,0,1172,0,0,0,1172
01/06/2003,CVG,KY,ASO,CE,Towers with Radar,372,840,24,0,1236,0,0,3,1,4,372,840,27,1,1240,0,0,0,1240
01/07/2003,CVG,KY,ASO,CE,Towers with Radar,438,888,35,0,1361,0,0,7,6,13,438,888,42,6,1374,0,0,0,1374
01/08/2003,CVG,KY,ASO,CE,Towers with Radar,413,851,33,0,1297,0,2,17,2,21,413,853,50,2,1318,0,0,0,1318
01/09/2003,CVG,KY,ASO,CE,Towers with Radar,425,860,33,1,1319,0,1,13,4,18,425,861,46,5,1337,0,0,0,1337
01/10/2003,CVG,KY,ASO,CE,Towers with Radar,428,892,19,1,1340,0,0,6,2,8,428,892,25,3,1348,0,0,0,1348
01/11/2003,CVG,KY,ASO,CE,Towers with Radar,398,749,10,0,1157,0,0,13,4,17,398,749,23,4,1174,0,0,0,1174
01/12/2003,CVG,KY,ASO,CE,Towers with Radar,372,767,17,0,1156,0,1,16,0,17,372,768,33,0,1173,0,0,0,1173
01/13/2003,CVG,KY,ASO,CE,Towers with Radar,358,799,18,0,1175,0,0,11,3,14,358,799,29,3,1189,0,0,0,1189
01/14/2003,CVG,KY,ASO,CE,Towers with Radar,425,891,38,0,1354,0,0,3,1,4,425,891,41,1,1358,0,0,0,1358
01/15/2003,CVG,KY,ASO,CE,Towers with Radar,435,911,35,1,1382,0,0,12,1,13,435,911,47,2,1395,0,0,0,1395
01/16/2003,CVG,KY,ASO,CE,Towers with Radar,376,726,30,1,1133,0,0,2,0,2,376,726,32,1,1135,0,0,0,1135
01/17/2003,CVG,KY,ASO,CE,Towers with Radar,422,907,21,0,1350,0,1,6,0,7,422,908,27,0,1357,0,0,0,1357
01/18/2003,CVG,KY,ASO,CE,Towers with Radar,363,713,11,0,1087,0,0,6,2,8,363,713,17,2,1095,0,0,0,1095
01/19/2003,CVG,KY,ASO,CE,Towers with Radar,372,757,13,0,1142,0,0,3,0,3,372,757,16,0,1145,0,0,0,1145
01/20/2003,CVG,KY,ASO,CE,Towers with Radar,380,836,25,0,1241,0,0,5,4,9,380,836,30,4,1250,0,0,0,1250
01/21/2003,CVG,KY,ASO,CE,Towers with Radar,441,898,29,0,1368,0,1,7,5,13,441,899,36,5,1381,0,0,0,1381
01/22/2003,CVG,KY,ASO,CE,Towers with Radar,448,910,16,0,1374,0,0,6,6,12,448,910,22,6,1386,0,0,0,1386
01/23/2003,CVG,KY,ASO,CE,Towers with Radar,443,912,29,1,1385,0,0,3,5,8,443,912,32,6,1393,0,0,0,1393
01/24/2003,CVG,KY,ASO,CE,Towers with Radar,459,950,28,1,1438,0,0,10,4,14,459,950,38,5,1452,0,0,0,1452
01/25/2003,CVG,KY,ASO,CE,Towers with Radar,405,791,15,0,1211,0,0,7,0,7,405,791,22,0,1218,0,0,0,1218
01/26/2003,CVG,KY,ASO,CE,Towers with Radar,372,741,5,0,1118,0,0,0,2,2,372,741,5,2,1120,0,0,0,1120
01/27/2003,CVG,KY,ASO,CE,Towers with Radar,395,870,20,0,1285,0,2,8,2,12,395,872,28,2,1297,0,0,0,1297
01/28/2003,CVG,KY,ASO,CE,Towers with Radar,424,895,40,0,1359,0,0,12,2,14,424,895,52,2,1373,0,0,0,1373
01/29/2003,CVG,KY,ASO,CE,Towers with Radar,445,900,43,0,1388,0,0,0,0,0,445,900,43,0,1388,0,0,0,1388
01/30/2003,CVG,KY,ASO,CE,Towers with Radar,468,967,65,1,1501,0,1,6,2,9,468,968,71,3,1510,0,0,0,1510
01/31/2003,CVG,KY,ASO,CE,Towers with Radar,449,976,17,2,1444,0,0,6,1,7,449,976,23,3,1451,0,0,0,1451
02/01/2003,CVG,KY,ASO,CE,Towers with Radar,387,780,17,0,1184,0,0,1,0,1,387,780,18,0,1185,0,0,0,1185
02/02/2003,CVG,KY,ASO,CE,Towers with Radar,368,794,16,1,1179,0,2,10,0,12,368,796,26,1,1191,0,0,0,1191
02/03/2003,CVG,KY,ASO,CE,Towers with Radar,361,886,25,1,1273,0,5,2,1,8,361,891,27,2,1281,0,0,0,1281
02/04/2003,CVG,KY,ASO,CE,Towers with Radar,384,890,12,0,1286,0,0,5,1,6,384,890,17,1,1292,0,0,0,1292
02/05/2003,CVG,KY,ASO,CE,Towers with Radar,440,968,30,4,1442,0,0,13,3,16,440,968,43,7,1458,0,0,0,1458
02/06/2003,CVG,KY,ASO,CE,Towers with Radar,432,956,26,1,1415,0,1,5,2,8,432,957,31,3,1423,0,0,0,1423
02/07/2003,CVG,KY,ASO,CE,Towers with Radar,382,906,18,1,1307,0,0,6,0,6,382,906,24,1,1313,0,0,0,1313
02/08/2003,CVG,KY,ASO,CE,Towers with Radar,373,817,17,0,1207,0,2,14,0,16,373,819,31,0,1223,0,0,0,1223
02/09/2003,CVG,KY,ASO,CE,Towers with Radar,367,831,21,1,1220,0,1,9,0,10,367,832,30,1,1230,0,0,0,1230
02/10/2003,CVG,KY,ASO,CE,Towers with Radar,353,860,18,0,1231,0,0,1,2,3,353,860,19,2,1234,0,0,0,1234
02/11/2003,CVG,KY,ASO,CE,Towers with Radar,394,919,32,2,1347,0,0,4,1,5,394,919,36,3,1352,0,0,0,1352
02/12/2003,CVG,KY,ASO,CE,Towers with Radar,431,979,37,0,1447,0,0,10,1,11,431,979,47,1,1458,0,0,0,1458
02/13/2003,CVG,KY,ASO,CE,Towers with Radar,454,1025,42,2,1523,0,0,14,3,17,454,1025,56,5,1540,0,0,0,1540
02/14/2003,CVG,KY,ASO,CE,Towers with Radar,425,955,8,0,1388,0,0,3,2,5,425,955,11,2,1393,0,0,0,1393
02/15/2003,CVG,KY,ASO,CE,Towers with Radar,338,721,10,1,1070,0,0,0,1,1,338,721,10,2,1071,0,0,0,1071
02/16/2003,CVG,KY,ASO,CE,Towers with Radar,278,536,16,0,830,0,0,0,0,0,278,536,16,0,830,0,0,0,830
02/17/2003,CVG,KY,ASO,CE,Towers with Radar,275,759,21,0,1055,0,0,1,0,1,275,759,22,0,1056,0,0,0,1056
02/18/2003,CVG,KY,ASO,CE,Towers with Radar,391,856,21,1,1269,0,0,2,6,8,391,856,23,7,1277,0,0,0,1277
02/19/2003,CVG,KY,ASO,CE,Towers with Radar,411,1011,36,0,1458,0,0,1,0,1,411,1011,37,0,1459,0,0,0,1459
02/20/2003,CVG,KY,ASO,CE,Towers with Radar,442,925,46,5,1418,0,0,10,1,11,442,925,56,6,1429,0,0,0,1429
02/21/2003,CVG,KY,ASO,CE,Towers with Radar,410,863,27,0,1300,0,0,0,0,0,410,863,27,0,1300,0,0,0,1300
02/22/2003,CVG,KY,ASO,CE,Towers with Radar,369,596,11,0,976,0,0,0,0,0,369,596,11,0,976,0,0,0,976
02/23/2003,CVG,KY,ASO,CE,Towers with Radar,346,758,20,0,1124,0,0,3,0,3,346,758,23,0,1127,0,0,0,1127
02/24/2003,CVG,KY,ASO,CE,Towers with Radar,327,894,21,0,1242,0,0,1,1,2,327,894,22,1,1244,0,0,0,1244
02/25/2003,CVG,KY,ASO,CE,Towers with Radar,391,1011,33,1,1436,0,0,16,2,18,391,1011,49,3,1454,0,0,0,1454
02/26/2003,CVG,KY,ASO,CE,Towers with Radar,420,983,30,0,1433,0,1,7,2,10,420,984,37,2,1443,0,0,0,1443
02/27/2003,CVG,KY,ASO,CE,Towers with Radar,429,991,25,2,1447,0,1,4,4,9,429,992,29,6,1456,0,0,0,1456
02/28/2003,CVG,KY,ASO,CE,Towers with Radar,424,981,29,7,1441,0,0,3,0,3,424,981,32,7,1444,0,0,0,1444
03/01/2003,CVG,KY,ASO,CE,Towers with Radar,371,849,8,2,1230,0,0,0,2,2,371,849,8,4,1232,0,0,0,1232
03/02/2003,CVG,KY,ASO,CE,Towers with Radar,362,841,13,0,1216,0,0,1,0,1,362,841,14,0,1217,0,0,0,1217
03/03/2003,CVG,KY,ASO,CE,Towers with Radar,348,950,29,0,1327,0,0,5,5,10,348,950,34,5,1337,0,0,0,1337
03/04/2003,CVG,KY,ASO,CE,Towers with Radar,414,1016,40,5,1475,0,0,15,3,18,414,1016,55,8,1493,0,0,0,1493
03/05/2003,CVG,KY,ASO,CE,Towers with Radar,407,1007,30,0,1444,0,1,0,1,2,407,1008,30,1,1446,0,0,0,1446
03/06/2003,CVG,KY,ASO,CE,Towers with Radar,405,1006,29,4,1444,0,2,5,0,7,405,1008,34,4,1451,0,0,0,1451
03/07/2003,CVG,KY,ASO,CE,Towers with Radar,418,1017,27,7,1469,0,0,9,6,15,418,1017,36,13,1484,0,0,0,1484
03/08/2003,CVG,KY,ASO,CE,Towers with Radar,369,838,19,0,1226,0,2,14,1,17,369,840,33,1,1243,0,0,0,1243
03/09/2003,CVG,KY,ASO,CE,Towers with Radar,347,862,27,0,1236,0,1,7,0,8,347,863,34,0,1244,0,0,0,1244
03/10/2003,CVG,KY,ASO,CE,Towers with Radar,355,932,35,0,1322,0,0,10,14,24,355,932,45,14,1346,0,0,0,1346
03/11/2003,CVG,KY,ASO,CE,Towers with Radar,392,1006,40,10,1448,0,2,21,8,31,392,1008,61,18,1479,0,0,0,1479
03/12/2003,CVG,KY,ASO,CE,Towers with Radar,417,1025,57,3,1502,0,0,2,3,5,417,1025,59,6,1507,0,0,0,1507
03/13/2003,CVG,KY,ASO,CE,Towers with Radar,427,1021,51,0,1499,0,0,0,0,0,427,1021,51,0,1499,0,0,0,1499
03/14/2003,CVG,KY,ASO,CE,Towers with Radar,426,1022,41,3,1492,0,1,25,3,29,426,1023,66,6,1521,0,0,0,1521
03/15/2003,CVG,KY,ASO,CE,Towers with Radar,376,861,29,1,1267,0,0,8,2,10,376,861,37,3,1277,0,0,0,1277
03/16/2003,CVG,KY,ASO,CE,Towers with Radar,342,815,24,0,1181,0,0,15,3,18,342,815,39,3,1199,0,0,0,1199
03/17/2003,CVG,KY,ASO,CE,Towers with Radar,361,951,32,6,1350,0,0,8,2,10,361,951,40,8,1360,0,0,0,1360
03/18/2003,CVG,KY,ASO,CE,Towers with Radar,407,1017,36,1,1461,0,0,10,2,12,407,1017,46,3,1473,0,0,0,1473
03/19/2003,CVG,KY,ASO,CE,Towers with Radar,410,1014,32,1,1457,0,1,0,6,7,410,1015,32,7,1464,0,0,0,1464
03/20/2003,CVG,KY,ASO,CE,Towers with Radar,438,1021,32,3,1494,0,2,5,0,7,438,1023,37,3,1501,0,0,0,1501
03/21/2003,CVG,KY,ASO,CE,Towers with Radar,433,1008,30,0,1471,0,0,3,1,4,433,1008,33,1,1475,0,0,0,1475
03/22/2003,CVG,KY,ASO,CE,Towers with Radar,376,854,20,1,1251,0,1,9,0,10,376,855,29,1,1261,0,0,0,1261
03/23/2003,CVG,KY,ASO,CE,Towers with Radar,359,859,23,0,1241,0,3,15,6,24,359,862,38,6,1265,0,0,0,1265
03/24/2003,CVG,KY,ASO,CE,Towers with Radar,355,946,31,0,1332,0,1,16,2,19,355,947,47,2,1351,0,0,0,1351
03/25/2003,CVG,KY,ASO,CE,Towers with Radar,408,1007,57,6,1478,0,1,5,5,11,408,1008,62,11,1489,0,0,0,1489
03/26/2003,CVG,KY,ASO,CE,Towers with Radar,422,1011,62,7,1502,0,0,10,9,19,422,1011,72,16,1521,0,0,0,1521
03/27/2003,CVG,KY,ASO,CE,Towers with Radar,422,1028,36,10,1496,0,0,12,5,17,422,1028,48,15,1513,0,0,0,1513
03/28/2003,CVG,KY,ASO,CE,Towers with Radar,410,1021,22,3,1456,0,0,3,7,10,410,1021,25,10,1466,0,0,0,1466
03/29/2003,CVG,KY,ASO,CE,Towers with Radar,379,837,14,0,1230,0,0,11,3,14,379,837,25,3,1244,0,0,0,1244
03/30/2003,CVG,KY,ASO,CE,Towers with Radar,343,868,20,1,1232,0,0,14,0,14,343,868,34,1,1246,0,0,0,1246
03/31/2003,CVG,KY,ASO,CE,Towers with Radar,347,945,18,0,1310,0,0,6,4,10,347,945,24,4,1320,0,0,0,1320
04/01/2003,CVG,KY,ASO,CE,Towers with Radar,397,1012,21,1,1431,0,0,9,4,13,397,1012,30,5,1444,0,0,0,1444
04/02/2003,CVG,KY,ASO,CE,Towers with Radar,405,1019,43,4,1471,0,0,23,4,27,405,1019,66,8,1498,0,0,0,1498
04/03/2003,CVG,KY,ASO,CE,Towers with Radar,424,1008,34,5,1471,0,2,18,1,21,424,1010,52,6,1492,0,0,0,1492
04/04/2003,CVG,KY,ASO,CE,Towers with Radar,292,668,31,1,992,0,0,3,1,4,292,668,34,2,996,0,0,0,996
04/05/2003,CVG,KY,ASO,CE,Towers with Radar,309,808,18,0,1135,0,0,1,2,3,309,808,19,2,1138,0,0,0,1138
04/06/2003,CVG,KY,ASO,CE,Towers with Radar,330,827,20,0,1177,0,3,6,4,13,330,830,26,4,1190,0,0,0,1190
04/07/2003,CVG,KY,ASO,CE,Towers with Radar,317,909,26,0,1252,0,0,0,0,0,317,909,26,0,1252,0,0,0,1252
04/08/2003,CVG,KY,ASO,CE,Towers with Radar,381,962,30,4,1377,0,0,1,0,1,381,962,31,4,1378,0,0,0,1378
04/09/2003,CVG,KY,ASO,CE,Towers with Radar,389,1016,38,0,1443,0,0,0,0,0,389,1016,38,0,1443,0,0,0,1443
04/10/2003,CVG,KY,ASO,CE,Towers with Radar,395,1017,30,2,1444,0,0,8,5,13,395,1017,38,7,1457,0,0,0,1457
04/11/2003,CVG,KY,ASO,CE,Towers with Radar,391,1003,37,2,1433,0,1,15,5,21,391,1004,52,7,1454,0,0,0,1454
04/12/2003,CVG,KY,ASO,CE,Towers with Radar,356,839,26,8,1229,0,0,19,5,24,356,839,45,13,1253,0,0,0,1253
04/13/2003,CVG,KY,ASO,CE,Towers with Radar,325,840,22,9,1196,0,1,22,2,25,325,841,44,11,1221,0,0,0,1221
04/14/2003,CVG,KY,ASO,CE,Towers with Radar,323,932,16,6,1277,0,1,9,6,16,323,933,25,12,1293,0,0,0,1293
04/15/2003,CVG,KY,ASO,CE,Towers with Radar,387,1010,71,5,1473,0,1,16,10,27,387,1011,87,15,1500,0,0,0,1500
04/16/2003,CVG,KY,ASO,CE,Towers with Radar,384,1005,72,6,1467,0,0,17,10,27,384,1005,89,16,1494,0,0,0,1494
04/17/2003,CVG,KY,ASO,CE,Towers with Radar,407,1013,33,4,1457,0,0,2,3,5,407,1013,35,7,1462,0,0,0,1462
04/18/2003,CVG,KY,ASO,CE,Towers with Radar,393,1008,23,4,1428,0,0,3,1,4,393,1008,26,5,1432,0,0,0,1432
04/19/2003,CVG,KY,ASO,CE,Towers with Radar,357,827,13,0,1197,0,0,14,1,15,357,827,27,1,1212,0,0,0,1212
04/20/2003,CVG,KY,ASO,CE,Towers with Radar,316,793,17,0,1126,0,0,1,2,3,316,793,18,2,1129,0,0,0,1129
04/21/2003,CVG,KY,ASO,CE,Towers with Radar,320,972,25,0,1317,0,2,5,1,8,320,974,30,1,1325,0,0,0,1325
04/22/2003,CVG,KY,ASO,CE,Towers with Radar,368,960,39,1,1368,0,1,10,1,12,368,961,49,2,1380,0,0,0,1380
04/23/2003,CVG,KY,ASO,CE,Towers with Radar,386,1017,29,1,1433,0,0,22,2,24,386,1017,51,3,1457,0,0,0,1457
04/24/2003,CVG,KY,ASO,CE,Towers with Radar,389,1005,45,0,1439,0,1,14,6,21,389,1006,59,6,1460,0,0,0,1460
04/25/2003,CVG,KY,ASO,CE,Towers with Radar,392,1014,20,1,1427,0,0,6,9,15,392,1014,26,10,1442,0,0,0,1442
04/26/2003,CVG,KY,ASO,CE,Towers with Radar,368,846,29,0,1243,0,2,20,0,22,368,848,49,0,1265,0,0,0,1265
04/27/2003,CVG,KY,ASO,CE,Towers with Radar,324,869,26,1,1220,0,0,26,2,28,324,869,52,3,1248,0,0,0,1248
04/28/2003,CVG,KY,ASO,CE,Towers with Radar,317,932,38,0,1287,0,0,18,2,20,317,932,56,2,1307,0,0,0,1307
04/29/2003,CVG,KY,ASO,CE,Towers with Radar,384,1004,46,1,1435,0,0,8,0,8,384,1004,54,1,1443,0,0,0,1443
04/30/2003,CVG,KY,ASO,CE,Towers with Radar,379,1007,40,0,1426,0,0,13,1,14,379,1007,53,1,1440,0,0,0,1440
05/01/2003,CVG,KY,ASO,CE,Towers with Radar,402,999,42,1,1444,0,0,10,0,10,402,999,52,1,1454,0,0,0,1454
05/02/2003,CVG,KY,ASO,CE,Towers with Radar,374,1005,34,3,1416,0,1,1,2,4,374,1006,35,5,1420,0,0,0,1420
05/03/2003,CVG,KY,ASO,CE,Towers with Radar,338,842,32,2,1214,0,0,3,3,6,338,842,35,5,1220,0,0,0,1220
05/04/2003,CVG,KY,ASO,CE,Towers with Radar,324,867,26,2,1219,0,0,4,3,7,324,867,30,5,1226,0,0,0,1226
05/05/2003,CVG,KY,ASO,CE,Towers with Radar,307,923,34,0,1264,0,0,4,2,6,307,923,38,2,1270,0,0,0,1270
05/06/2003,CVG,KY,ASO,CE,Towers with Radar,379,1015,30,2,1426,0,0,5,0,5,379,1015,35,2,1431,0,0,0,1431
05/07/2003,CVG,KY,ASO,CE,Towers with Radar,377,993,41,2,1413,0,0,2,5,7,377,993,43,7,1420,0,0,0,1420
05/08/2003,CVG,KY,ASO,CE,Towers with Radar,385,1031,51,0,1467,0,0,3,1,4,385,1031,54,1,1471,0,0,0,1471
05/09/2003,CVG,KY,ASO,CE,Towers with Radar,382,1015,49,0,1446,0,1,4,1,6,382,1016,53,1,1452,0,0,0,1452
05/10/2003,CVG,KY,ASO,CE,Towers with Radar,324,708,26,0,1058,0,1,4,3,8,324,709,30,3,1066,0,0,0,1066
05/11/2003,CVG,KY,ASO,CE,Towers with Radar,310,796,20,0,1126,0,0,9,0,9,310,796,29,0,1135,0,0,0,1135
05/12/2003,CVG,KY,ASO,CE,Towers with Radar,314,956,39,6,1315,0,0,5,4,9,314,956,44,10,1324,0,0,0,1324
05/13/2003,CVG,KY,ASO,CE,Towers with Radar,370,1014,30,0,1414,0,0,21,5,26,370,1014,51,5,1440,0,0,0,1440
05/14/2003,CVG,KY,ASO,CE,Towers with Radar,368,1015,66,0,1449,0,0,11,3,14,368,1015,77,3,1463,0,0,0,1463
05/15/2003,CVG,KY,ASO,CE,Towers with Radar,401,1031,53,0,1485,0,0,9,0,9,401,1031,62,0,1494,0,0,0,1494
05/16/2003,CVG,KY,ASO,CE,Towers with Radar,385,950,30,0,1365,0,0,11,6,17,385,950,41,6,1382,0,0,0,1382
05/17/2003,CVG,KY,ASO,CE,Towers with Radar,350,853,19,0,1222,0,0,0,0,0,350,853,19,0,1222,0,0,0,1222
05/18/2003,CVG,KY,ASO,CE,Towers with Radar,318,873,21,3,1215,0,0,0,0,0,318,873,21,3,1215,0,0,0,1215
05/19/2003,CVG,KY,ASO,CE,Towers with Radar,306,959,53,1,1319,0,1,9,5,15,306,960,62,6,1334,0,0,0,1334
05/20/2003,CVG,KY,ASO,CE,Towers with Radar,374,1049,44,0,1467,0,0,2,3,5,374,1049,46,3,1472,0,0,0,1472
05/21/2003,CVG,KY,ASO,CE,Towers with Radar,366,1036,46,0,1448,0,0,13,4,17,366,1036,59,4,1465,0,0,0,1465
05/22/2003,CVG,KY,ASO,CE,Towers with Radar,402,1051,59,0,1512,0,0,17,3,20,402,1051,76,3,1532,0,0,0,1532
05/23/2003,CVG,KY,ASO,CE,Towers with Radar,383,1039,30,0,1452,0,0,20,8,28,383,1039,50,8,1480,0,0,0,1480
05/24/2003,CVG,KY,ASO,CE,Towers with Radar,336,828,25,0,1189,0,0,13,5,18,336,828,38,5,1207,0,0,0,1207
05/25/2003,CVG,KY,ASO,CE,Towers with Radar,293,819,22,0,1134,0,0,8,0,8,293,819,30,0,1142,0,0,0,1142
05/26/2003,CVG,KY,ASO,CE,Towers with Radar,304,924,53,2,1283,0,1,12,1,14,304,925,65,3,1297,0,0,0,1297
05/27/2003,CVG,KY,ASO,CE,Towers with Radar,313,957,17,0,1287,0,0,16,0,16,313,957,33,0,1303,0,0,0,1303
05/28/2003,CVG,KY,ASO,CE,Towers with Radar,385,1018,48,1,1452,0,0,9,3,12,385,1018,57,4,1464,0,0,0,1464
05/29/2003,CVG,KY,ASO,CE,Towers with Radar,388,1044,71,2,1505,0,0,3,1,4,388,1044,74,3,1509,0,0,0,1509
05/30/2003,CVG,KY,ASO,CE,Towers with Radar,375,1019,30,0,1424,0,0,12,5,17,375,1019,42,5,1441,0,0,0,1441
05/31/2003,CVG,KY,ASO,CE,Towers with Radar,346,864,22,0,1232,0,0,1,2,3,346,864,23,2,1235,0,0,0,1235
06/01/2003,CVG,KY,ASO,CE,Towers with Radar,334,877,29,0,1240,0,0,14,2,16,334,877,43,2,1256,0,0,0,1256
06/02/2003,CVG,KY,ASO,CE,Towers with Radar,336,958,41,1,1336,0,0,10,1,11,336,958,51,2,1347,0,0,0,1347
06/03/2003,CVG,KY,ASO,CE,Towers with Radar,403,1038,41,0,1482,0,0,0,0,0,403,1038,41,0,1482,0,0,0,1482
06/04/2003,CVG,KY,ASO,CE,Towers with Radar,397,1036,36,0,1469,0,0,0,1,1,397,1036,36,1,1470,0,0,0,1470
06/05/2003,CVG,KY,ASO,CE,Towers with Radar,408,1033,50,2,1493,0,1,22,6,29,408,1034,72,8,1522,0,0,0,1522
06/06/2003,CVG,KY,ASO,CE,Towers with Radar,423,1036,33,1,1493,0,0,18,1,19,423,1036,51,2,1512,0,0,0,1512
06/07/2003,CVG,KY,ASO,CE,Towers with Radar,383,846,25,4,1258,0,1,6,5,12,383,847,31,9,1270,0,0,0,1270
06/08/2003,CVG,KY,ASO,CE,Towers with Radar,341,847,37,3,1228,0,1,1,1,3,341,848,38,4,1231,0,0,0,1231
06/09/2003,CVG,KY,ASO,CE,Towers with Radar,338,970,33,0,1341,0,1,12,4,17,338,971,45,4,1358,0,0,0,1358
06/10/2003,CVG,KY,ASO,CE,Towers with Radar,398,1041,43,0,1482,0,0,13,2,15,398,1041,56,2,1497,0,0,0,1497
06/11/2003,CVG,KY,ASO,CE,Towers with Radar,409,1024,39,1,1473,0,1,4,3,8,409,1025,43,4,1481,0,0,0,1481
06/12/2003,CVG,KY,ASO,CE,Towers with Radar,413,1020,49,0,1482,0,0,2,7,9,413,1020,51,7,1491,0,0,0,1491
06/13/2003,CVG,KY,ASO,CE,Towers with Radar,415,1046,42,0,1503,0,0,9,0,9,415,1046,51,0,1512,0,0,0,1512
06/14/2003,CVG,KY,ASO,CE,Towers with Radar,381,855,49,1,1286,0,0,22,2,24,381,855,71,3,1310,0,0,0,1310
06/15/2003,CVG,KY,ASO,CE,Towers with Radar,346,879,38,0,1263,0,0,1,0,1,346,879,39,0,1264,0,0,0,1264
06/16/2003,CVG,KY,ASO,CE,Towers with Radar,346,933,39,1,1319,0,1,8,1,10,346,934,47,2,1329,0,0,0,1329
06/17/2003,CVG,KY,ASO,CE,Towers with Radar,397,1039,53,1,1490,0,0,8,4,12,397,1039,61,5,1502,0,0,0,1502
06/18/2003,CVG,KY,ASO,CE,Towers with Radar,412,1008,54,4,1478,0,2,11,5,18,412,1010,65,9,1496,0,0,0,1496
06/19/2003,CVG,KY,ASO,CE,Towers with Radar,424,1070,65,2,1561,0,0,10,4,14,424,1070,75,6,1575,0,0,0,1575
06/20/2003,CVG,KY,ASO,CE,Towers with Radar,407,1031,45,1,1484,0,1,22,8,31,407,1032,67,9,1515,0,0,0,1515
06/21/2003,CVG,KY,ASO,CE,Towers with Radar,360,755,23,3,1141,0,0,19,0,19,360,755,42,3,1160,0,0,0,1160
06/22/2003,CVG,KY,ASO,CE,Towers with Radar,345,880,35,1,1261,0,1,20,4,25,345,881,55,5,1286,0,0,0,1286
06/23/2003,CVG,KY,ASO,CE,Towers with Radar,345,963,49,0,1357,0,0,10,0,10,345,963,59,0,1367,0,0,0,1367
06/24/2003,CVG,KY,ASO,CE,Towers with Radar,391,1011,60,2,1464,0,0,21,7,28,391,1011,81,9,1492,0,0,0,1492
06/25/2003,CVG,KY,ASO,CE,Towers with Radar,398,1007,53,1,1459,0,0,18,3,21,398,1007,71,4,1480,0,0,0,1480
06/26/2003,CVG,KY,ASO,CE,Towers with Radar,419,1048,39,0,1506,0,1,9,3,13,419,1049,48,3,1519,0,0,0,1519
06/27/2003,CVG,KY,ASO,CE,Towers with Radar,404,1024,52,0,1480,0,0,16,2,18,404,1024,68,2,1498,0,0,0,1498
06/28/2003,CVG,KY,ASO,CE,Towers with Radar,370,851,41,0,1262,0,0,26,2,28,370,851,67,2,1290,0,0,0,1290
06/29/2003,CVG,KY,ASO,CE,Towers with Radar,342,886,37,2,1267,0,0,17,1,18,342,886,54,3,1285,0,0,0,1285
06/30/2003,CVG,KY,ASO,CE,Towers with Radar,332,936,37,0,1305,0,0,9,2,11,332,936,46,2,1316,0,0,0,1316
07/01/2003,CVG,KY,ASO,CE,Towers with Radar,416,1011,51,4,1482,1,1,8,4,14,417,1012,59,8,1496,0,0,0,1496
07/02/2003,CVG,KY,ASO,CE,Towers with Radar,419,1024,49,4,1496,0,0,8,2,10,419,1024,57,6,1506,0,0,0,1506
07/03/2003,CVG,KY,ASO,CE,Towers with Radar,426,997,38,1,1462,0,0,16,2,18,426,997,54,3,1480,0,0,0,1480
07/04/2003,CVG,KY,ASO,CE,Towers with Radar,311,726,13,1,1051,0,1,13,2,16,311,727,26,3,1067,0,0,0,1067
07/05/2003,CVG,KY,ASO,CE,Towers with Radar,298,720,19,0,1037,0,0,24,0,24,298,720,43,0,1061,0,0,0,1061
07/06/2003,CVG,KY,ASO,CE,Towers with Radar,364,841,29,0,1234,0,0,20,2,22,364,841,49,2,1256,0,0,0,1256
07/07/2003,CVG,KY,ASO,CE,Towers with Radar,351,947,46,0,1344,0,0,6,4,10,351,947,52,4,1354,0,0,0,1354
07/08/2003,CVG,KY,ASO,CE,Towers with Radar,404,946,55,1,1406,0,0,9,4,13,404,946,64,5,1419,0,0,0,1419
07/09/2003,CVG,KY,ASO,CE,Towers with Radar,423,944,65,2,1434,0,1,1,8,10,423,945,66,10,1444,0,0,0,1444
07/10/2003,CVG,KY,ASO,CE,Towers with Radar,426,956,75,2,1459,0,0,1,0,1,426,956,76,2,1460,0,0,0,1460
07/11/2003,CVG,KY,ASO,CE,Towers with Radar,416,1011,39,1,1467,0,0,10,3,13,416,1011,49,4,1480,0,0,0,1480
07/12/2003,CVG,KY,ASO,CE,Towers with Radar,408,849,31,7,1295,0,0,15,4,19,408,849,46,11,1314,0,0,0,1314
07/13/2003,CVG,KY,ASO,CE,Towers with Radar,358,882,49,4,1293,0,0,12,3,15,358,882,61,7,1308,0,0,0,1308
07/14/2003,CVG,KY,ASO,CE,Towers with Radar,359,959,36,0,1354,0,0,15,4,19,359,959,51,4,1373,0,0,0,1373
07/15/2003,CVG,KY,ASO,CE,Towers with Radar,418,1011,61,0,1490,0,0,7,0,7,418,1011,68,0,1497,0,0,0,1497
07/16/2003,CVG,KY,ASO,CE,Towers with Radar,425,1049,58,7,1539,0,0,13,5,18,425,1049,71,12,1557,0,0,0,1557
07/17/2003,CVG,KY,ASO,CE,Towers with Radar,419,1032,52,3,1506,0,1,22,4,27,419,1033,74,7,1533,0,0,0,1533
07/18/2003,CVG,KY,ASO,CE,Towers with Radar,420,1008,42,5,1475,0,1,7,1,9,420,1009,49,6,1484,0,0,0,1484
07/19/2003,CVG,KY,ASO,CE,Towers with Radar,396,872,26,0,1294,0,0,31,0,31,396,872,57,0,1325,0,0,0,1325
07/20/2003,CVG,KY,ASO,CE,Towers with Radar,360,886,47,7,1300,0,2,20,0,22,360,888,67,7,1322,0,0,0,1322
07/21/2003,CVG,KY,ASO,CE,Towers with Radar,328,802,38,0,1168,0,0,2,4,6,328,802,40,4,1174,0,0,0,1174
07/22/2003,CVG,KY,ASO,CE,Towers with Radar,408,1017,62,1,1488,0,1,5,0,6,408,1018,67,1,1494,0,0,0,1494
07/23/2003,CVG,KY,ASO,CE,Towers with Radar,435,1056,37,1,1529,0,0,5,5,10,435,1056,42,6,1539,0,0,0,1539
07/24/2003,CVG,KY,ASO,CE,Towers with Radar,425,1058,49,0,1532,0,0,14,2,16,425,1058,63,2,1548,0,0,0,1548
07/25/2003,CVG,KY,ASO,CE,Towers with Radar,431,1034,46,1,1512,0,1,12,5,18,431,1035,58,6,1530,0,0,0,1530
07/26/2003,CVG,KY,ASO,CE,Towers with Radar,408,859,28,0,1295,0,0,20,0,20,408,859,48,0,1315,0,0,0,1315
07/27/2003,CVG,KY,ASO,CE,Towers with Radar,363,891,27,1,1282,0,1,8,3,12,363,892,35,4,1294,0,0,0,1294
07/28/2003,CVG,KY,ASO,CE,Towers with Radar,356,963,28,0,1347,0,0,2,0,2,356,963,30,0,1349,0,0,0,1349
07/29/2003,CVG,KY,ASO,CE,Towers with Radar,420,1036,58,1,1515,0,0,16,9,25,420,1036,74,10,1540,0,0,0,1540
07/30/2003,CVG,KY,ASO,CE,Towers with Radar,413,1045,47,0,1505,0,0,19,4,23,413,1045,66,4,1528,0,0,0,1528
07/31/2003,CVG,KY,ASO,CE,Towers with Radar,432,1030,36,0,1498,0,1,13,0,14,432,1031,49,0,1512,0,0,0,1512
08/01/2003,CVG,KY,ASO,CE,Towers with Radar,430,1021,51,3,1505,0,0,6,3,9,430,1021,57,6,1514,0,0,0,1514
08/02/2003,CVG,KY,ASO,CE,Towers with Radar,422,860,28,0,1310,0,0,9,1,10,422,860,37,1,1320,0,0,0,1320
08/03/2003,CVG,KY,ASO,CE,Towers with Radar,363,839,28,0,1230,0,0,6,6,12,363,839,34,6,1242,0,0,0,1242
08/04/2003,CVG,KY,ASO,CE,Towers with Radar,348,750,36,0,1134,0,0,2,1,3,348,750,38,1,1137,0,0,0,1137
08/05/2003,CVG,KY,ASO,CE,Towers with Radar,437,1015,50,1,1503,0,2,5,4,11,437,1017,55,5,1514,0,0,0,1514
08/06/2003,CVG,KY,ASO,CE,Towers with Radar,432,1066,46,2,1546,0,0,11,1,12,432,1066,57,3,1558,0,0,0,1558
08/07/2003,CVG,KY,ASO,CE,Towers with Radar,426,1050,33,3,1512,0,0,9,8,17,426,1050,42,11,1529,0,0,0,1529
08/08/2003,CVG,KY,ASO,CE,Towers with Radar,423,1028,36,1,1488,0,0,4,2,6,423,1028,40,3,1494,0,0,0,1494
08/09/2003,CVG,KY,ASO,CE,Towers with Radar,404,863,23,0,1290,0,0,4,1,5,404,863,27,1,1295,0,0,0,1295
08/10/2003,CVG,KY,ASO,CE,Towers with Radar,367,897,25,0,1289,0,0,5,5,10,367,897,30,5,1299,0,0,0,1299
08/11/2003,CVG,KY,ASO,CE,Towers with Radar,362,957,38,0,1357,0,0,9,1,10,362,957,47,1,1367,0,0,0,1367
08/12/2003,CVG,KY,ASO,CE,Towers with Radar,429,1068,86,1,1584,0,0,15,3,18,429,1068,101,4,1602,0,0,0,1602
08/13/2003,CVG,KY,ASO,CE,Towers with Radar,411,1043,41,0,1495,0,0,8,0,8,411,1043,49,0,1503,0,0,0,1503
08/14/2003,CVG,KY,ASO,CE,Towers with Radar,419,1037,62,1,1519,0,0,5,6,11,419,1037,67,7,1530,0,0,0,1530
08/15/2003,CVG,KY,ASO,CE,Towers with Radar,426,1020,52,1,1499,0,0,6,3,9,426,1020,58,4,1508,0,0,0,1508
08/16/2003,CVG,KY,ASO,CE,Towers with Radar,416,846,22,2,1286,0,1,8,6,15,416,847,30,8,1301,0,0,0,1301
08/17/2003,CVG,KY,ASO,CE,Towers with Radar,370,877,46,2,1295,0,0,9,3,12,370,877,55,5,1307,0,0,0,1307
08/18/2003,CVG,KY,ASO,CE,Towers with Radar,363,993,28,6,1390,0,0,14,5,19,363,993,42,11,1409,0,0,0,1409
08/19/2003,CVG,KY,ASO,CE,Towers with Radar,417,1039,52,1,1509,0,1,12,5,18,417,1040,64,6,1527,0,0,0,1527
08/20/2003,CVG,KY,ASO,CE,Towers with Radar,416,1054,57,3,1530,0,0,8,4,12,416,1054,65,7,1542,0,0,0,1542
08/21/2003,CVG,KY,ASO,CE,Towers with Radar,447,1056,58,2,1563,0,0,8,5,13,447,1056,66,7,1576,0,0,0,1576
08/22/2003,CVG,KY,ASO,CE,Towers with Radar,432,1021,41,1,1495,0,0,5,1,6,432,1021,46,2,1501,0,0,0,1501
08/23/2003,CVG,KY,ASO,CE,Towers with Radar,410,883,29,0,1322,0,1,13,0,14,410,884,42,0,1336,0,0,0,1336
08/24/2003,CVG,KY,ASO,CE,Towers with Radar,369,884,26,0,1279,1,1,24,4,30,370,885,50,4,1309,0,0,0,1309
08/25/2003,CVG,KY,ASO,CE,Towers with Radar,357,977,56,1,1391,0,0,13,0,13,357,977,69,1,1404,0,0,0,1404
08/26/2003,CVG,KY,ASO,CE,Towers with Radar,412,1040,44,1,1497,1,2,9,3,15,413,1042,53,4,1512,0,0,0,1512
08/27/2003,CVG,KY,ASO,CE,Towers with Radar,427,1039,41,6,1513,0,0,7,5,12,427,1039,48,11,1525,0,0,0,1525
08/28/2003,CVG,KY,ASO,CE,Towers with Radar,434,1062,58,9,1563,0,0,13,6,19,434,1062,71,15,1582,0,0,0,1582
08/29/2003,CVG,KY,ASO,CE,Towers with Radar,435,978,45,0,1458,0,1,3,1,5,435,979,48,1,1463,0,0,0,1463
08/30/2003,CVG,KY,ASO,CE,Towers with Radar,398,832,26,0,1256,0,0,8,3,11,398,832,34,3,1267,0,0,0,1267
08/31/2003,CVG,KY,ASO,CE,Towers with Radar,325,805,16,0,1146,0,0,1,7,8,325,805,17,7,1154,0,0,0,1154
09/01/2003,CVG,KY,ASO,CE,Towers with Radar,337,905,28,0,1270,0,0,0,2,2,337,905,28,2,1272,0,0,0,1272
09/02/2003,CVG,KY,ASO,CE,Towers with Radar,343,946,27,0,1316,0,0,0,0,0,343,946,27,0,1316,0,0,0,1316
09/03/2003,CVG,KY,ASO,CE,Towers with Radar,412,1038,33,2,1485,0,0,3,1,4,412,1038,36,3,1489,0,0,0,1489
09/04/2003,CVG,KY,ASO,CE,Towers with Radar,445,1053,46,4,1548,0,0,12,3,15,445,1053,58,7,1563,0,0,0,1563
09/05/2003,CVG,KY,ASO,CE,Towers with Radar,431,1034,46,6,1517,0,0,20,6,26,431,1034,66,12,1543,0,0,0,1543
09/06/2003,CVG,KY,ASO,CE,Towers with Radar,393,888,28,1,1310,0,1,23,4,28,393,889,51,5,1338,0,0,0,1338
09/07/2003,CVG,KY,ASO,CE,Towers with Radar,370,886,52,0,1308,0,0,16,5,21,370,886,68,5,1329,0,0,0,1329
09/08/2003,CVG,KY,ASO,CE,Towers with Radar,363,952,57,0,1372,0,0,8,1,9,363,952,65,1,1381,0,0,0,1381
09/09/2003,CVG,KY,ASO,CE,Towers with Radar,411,1038,63,6,1518,0,1,11,6,18,411,1039,74,12,1536,0,0,0,1536
09/10/2003,CVG,KY,ASO,CE,Towers with Radar,418,1046,36,5,1505,0,1,8,9,18,418,1047,44,14,1523,0,0,0,1523
09/11/2003,CVG,KY,ASO,CE,Towers with Radar,430,1030,43,3,1506,0,0,16,1,17,430,1030,59,4,1523,0,0,0,1523
09/12/2003,CVG,KY,ASO,CE,Towers with Radar,417,1037,53,8,1515,0,0,10,5,15,417,1037,63,13,1530,0,0,0,1530
09/13/2003,CVG,KY,ASO,CE,Towers with Radar,384,844,39,0,1267,0,1,14,6,21,384,845,53,6,1288,0,0,0,1288
09/14/2003,CVG,KY,ASO,CE,Towers with Radar,363,892,46,9,1310,0,1,4,3,8,363,893,50,12,1318,0,0,0,1318
09/15/2003,CVG,KY,ASO,CE,Towers with Radar,352,961,40,0,1353,0,0,15,4,19,352,961,55,4,1372,0,0,0,1372
09/16/2003,CVG,KY,ASO,CE,Towers with Radar,422,1050,49,5,1526,0,1,19,2,22,422,1051,68,7,1548,0,0,0,1548
09/17/2003,CVG,KY,ASO,CE,Towers with Radar,417,1060,47,7,1531,0,0,14,2,16,417,1060,61,9,1547,0,0,0,1547
09/18/2003,CVG,KY,ASO,CE,Towers with Radar,427,1011,56,4,1498,0,1,12,4,17,427,1012,68,8,1515,0,0,0,1515
09/19/2003,CVG,KY,ASO,CE,Towers with Radar,412,1016,47,7,1482,0,1,9,11,21,412,1017,56,18,1503,0,0,0,1503
09/20/2003,CVG,KY,ASO,CE,Towers with Radar,381,861,31,0,1273,0,2,20,4,26,381,863,51,4,1299,0,0,0,1299
09/21/2003,CVG,KY,ASO,CE,Towers with Radar,369,898,31,0,1298,0,0,13,1,14,369,898,44,1,1312,0,0,0,1312
09/22/2003,CVG,KY,ASO,CE,Towers with Radar,361,948,45,0,1354,0,0,2,0,2,361,948,47,0,1356,0,0,0,1356
09/23/2003,CVG,KY,ASO,CE,Towers with Radar,399,1034,34,9,1476,0,0,15,3,18,399,1034,49,12,1494,0,0,0,1494
09/24/2003,CVG,KY,ASO,CE,Towers with Radar,420,1051,52,5,1528,0,0,12,1,13,420,1051,64,6,1541,0,0,0,1541
09/25/2003,CVG,KY,ASO,CE,Towers with Radar,428,1051,43,4,1526,0,0,12,2,14,428,1051,55,6,1540,0,0,0,1540
09/26/2003,CVG,KY,ASO,CE,Towers with Radar,417,1022,46,7,1492,0,0,13,4,17,417,1022,59,11,1509,0,0,0,1509
09/27/2003,CVG,KY,ASO,CE,Towers with Radar,389,864,22,0,1275,0,0,8,4,12,389,864,30,4,1287,0,0,0,1287
09/28/2003,CVG,KY,ASO,CE,Towers with Radar,361,900,33,2,1296,0,1,11,2,14,361,901,44,4,1310,0,0,0,1310
09/29/2003,CVG,KY,ASO,CE,Towers with Radar,354,975,43,0,1372,0,1,16,0,17,354,976,59,0,1389,0,0,0,1389
09/30/2003,CVG,KY,ASO,CE,Towers with Radar,417,1060,38,6,1521,0,0,9,3,12,417,1060,47,9,1533,0,0,0,1533
10/01/2003,CVG,KY,ASO,CE,Towers with Radar,407,1074,41,3,1525,0,0,14,10,24,407,1074,55,13,1549,0,0,0,1549
10/02/2003,CVG,KY,ASO,CE,Towers with Radar,413,1066,42,3,1524,0,0,18,8,26,413,1066,60,11,1550,0,0,0,1550
10/03/2003,CVG,KY,ASO,CE,Towers with Radar,404,1014,40,3,1461,6,0,12,5,23,410,1014,52,8,1484,0,0,0,1484
10/04/2003,CVG,KY,ASO,CE,Towers with Radar,324,843,30,2,1199,65,44,0,5,114,389,887,30,7,1313,0,0,0,1313
10/05/2003,CVG,KY,ASO,CE,Towers with Radar,336,874,31,2,1243,15,28,0,1,44,351,902,31,3,1287,0,0,0,1287
10/06/2003,CVG,KY,ASO,CE,Towers with Radar,346,974,37,2,1359,0,27,5,0,32,346,1001,42,2,1391,0,0,0,1391
10/07/2003,CVG,KY,ASO,CE,Towers with Radar,402,1058,41,3,1504,0,0,8,7,15,402,1058,49,10,1519,0,0,0,1519
10/08/2003,CVG,KY,ASO,CE,Towers with Radar,411,1075,42,3,1531,0,0,8,6,14,411,1075,50,9,1545,0,0,0,1545
10/09/2003,CVG,KY,ASO,CE,Towers with Radar,432,1061,43,3,1539,0,0,28,6,34,432,1061,71,9,1573,0,0,0,1573
10/10/2003,CVG,KY,ASO,CE,Towers with Radar,414,1058,36,3,1511,0,0,0,6,6,414,1058,36,9,1517,0,0,0,1517
10/11/2003,CVG,KY,ASO,CE,Towers with Radar,333,868,28,2,1231,56,28,0,2,86,389,896,28,4,1317,0,0,0,1317
10/12/2003,CVG,KY,ASO,CE,Towers with Radar,338,879,33,0,1250,14,25,14,0,53,352,904,47,0,1303,0,0,0,1303
10/13/2003,CVG,KY,ASO,CE,Towers with Radar,345,937,34,3,1319,0,32,29,1,62,345,969,63,4,1381,0,0,0,1381
10/14/2003,CVG,KY,ASO,CE,Towers with Radar,361,931,31,3,1326,33,0,0,2,35,394,931,31,5,1361,0,0,0,1361
10/15/2003,CVG,KY,ASO,CE,Towers with Radar,409,1066,41,4,1520,0,0,19,4,23,409,1066,60,8,1543,0,0,0,1543
10/16/2003,CVG,KY,ASO,CE,Towers with Radar,425,1064,42,4,1535,0,0,35,6,41,425,1064,77,10,1576,0,0,0,1576
10/17/2003,CVG,KY,ASO,CE,Towers with Radar,426,1041,34,4,1505,3,0,0,4,7,429,1041,34,8,1512,0,0,0,1512
10/18/2003,CVG,KY,ASO,CE,Towers with Radar,346,891,33,2,1272,47,0,15,0,62,393,891,48,2,1334,0,0,0,1334
10/19/2003,CVG,KY,ASO,CE,Towers with Radar,343,890,33,3,1269,10,22,12,6,50,353,912,45,9,1319,0,0,0,1319
10/20/2003,CVG,KY,ASO,CE,Towers with Radar,343,967,36,1,1347,0,25,20,0,45,343,992,56,1,1392,0,0,0,1392
10/21/2003,CVG,KY,ASO,CE,Towers with Radar,391,1065,39,1,1496,0,18,3,0,21,391,1083,42,1,1517,0,0,0,1517
10/22/2003,CVG,KY,ASO,CE,Towers with Radar,402,1080,41,3,1526,0,0,13,0,13,402,1080,54,3,1539,0,0,0,1539
10/23/2003,CVG,KY,ASO,CE,Towers with Radar,412,1079,40,3,1534,0,0,4,3,7,412,1079,44,6,1541,0,0,0,1541
10/24/2003,CVG,KY,ASO,CE,Towers with Radar,382,1023,38,2,1445,0,4,11,1,16,382,1027,49,3,1461,0,0,0,1461
10/25/2003,CVG,KY,ASO,CE,Towers with Radar,322,834,23,2,1181,51,78,0,2,131,373,912,23,4,1312,0,0,0,1312
10/26/2003,CVG,KY,ASO,CE,Towers with Radar,320,831,22,1,1174,21,86,0,0,107,341,917,22,1,1281,0,0,0,1281
10/27/2003,CVG,KY,ASO,CE,Towers with Radar,333,933,34,2,1302,0,59,12,3,74,333,992,46,5,1376,0,0,0,1376
10/28/2003,CVG,KY,ASO,CE,Towers with Radar,380,1070,39,3,1492,0,9,6,6,21,380,1079,45,9,1513,0,0,0,1513
10/29/2003,CVG,KY,ASO,CE,Towers with Radar,396,1086,40,3,1525,0,0,5,7,12,396,1086,45,10,1537,0,0,0,1537
10/30/2003,CVG,KY,ASO,CE,Towers with Radar,412,1075,36,3,1526,0,0,0,4,4,412,1075,36,7,1530,0,0,0,1530
10/31/2003,CVG,KY,ASO,CE,Towers with Radar,396,1058,39,3,1496,0,13,15,10,38,396,1071,54,13,1534,0,0,0,1534
11/01/2003,CVG,KY,ASO,CE,Towers with Radar,354,902,16,2,1274,29,0,0,1,30,383,902,16,3,1304,0,0,0,1304
11/02/2003,CVG,KY,ASO,CE,Towers with Radar,333,868,34,2,1237,7,44,5,3,59,340,912,39,5,1296,0,0,0,1296
11/03/2003,CVG,KY,ASO,CE,Towers with Radar,336,1013,40,2,1391,0,0,18,0,18,336,1013,58,2,1409,0,0,0,1409
11/04/2003,CVG,KY,ASO,CE,Towers with Radar,393,1060,43,1,1497,0,0,19,8,27,393,1060,62,9,1524,0,0,0,1524
11/05/2003,CVG,KY,ASO,CE,Towers with Radar,413,1067,45,2,1527,0,0,27,1,28,413,1067,72,3,1555,0,0,0,1555
11/06/2003,CVG,KY,ASO,CE,Towers with Radar,434,1077,45,2,1558,0,0,25,4,29,434,1077,70,6,1587,0,0,0,1587
11/07/2003,CVG,KY,ASO,CE,Towers with Radar,408,1058,43,1,1510,0,0,10,4,14,408,1058,53,5,1524,0,0,0,1524
11/08/2003,CVG,KY,ASO,CE,Towers with Radar,349,909,36,1,1295,40,10,0,0,50,389,919,36,1,1345,0,0,0,1345
11/09/2003,CVG,KY,ASO,CE,Towers with Radar,337,877,35,1,1250,10,34,1,1,46,347,911,36,2,1296,0,0,0,1296
11/10/2003,CVG,KY,ASO,CE,Towers with Radar,339,955,38,1,1333,0,21,4,6,31,339,976,42,7,1364,0,0,0,1364
11/11/2003,CVG,KY,ASO,CE,Towers with Radar,390,1035,42,1,1468,0,0,27,3,30,390,1035,69,4,1498,0,0,0,1498
11/12/2003,CVG,KY,ASO,CE,Towers with Radar,399,979,34,1,1413,2,0,0,4,6,401,979,34,5,1419,0,0,0,1419
11/13/2003,CVG,KY,ASO,CE,Towers with Radar,402,1047,30,1,1480,12,20,0,3,35,414,1067,30,4,1515,0,0,0,1515
11/14/2003,CVG,KY,ASO,CE,Towers with Radar,407,1068,43,1,1519,0,0,21,10,31,407,1068,64,11,1550,0,0,0,1550
11/15/2003,CVG,KY,ASO,CE,Towers with Radar,334,867,14,1,1216,62,46,0,0,108,396,913,14,1,1324,0,0,0,1324
11/16/2003,CVG,KY,ASO,CE,Towers with Radar,332,861,19,1,1213,20,47,0,0,67,352,908,19,1,1280,0,0,0,1280
11/17/2003,CVG,KY,ASO,CE,Towers with Radar,348,974,38,2,1362,0,23,19,0,42,348,997,57,2,1404,0,0,0,1404
11/18/2003,CVG,KY,ASO,CE,Towers with Radar,403,1057,35,2,1497,0,11,0,0,11,403,1068,35,2,1508,0,0,0,1508
11/19/2003,CVG,KY,ASO,CE,Towers with Radar,402,1054,42,2,1500,0,0,11,11,22,402,1054,53,13,1522,0,0,0,1522
11/20/2003,CVG,KY,ASO,CE,Towers with Radar,425,1065,46,3,1539,0,0,63,7,70,425,1065,109,10,1609,0,0,0,1609
11/21/2003,CVG,KY,ASO,CE,Towers with Radar,417,1081,44,3,1545,0,0,3,5,8,417,1081,47,8,1553,0,0,0,1553
11/22/2003,CVG,KY,ASO,CE,Towers with Radar,355,906,36,1,1298,40,0,5,0,45,395,906,41,1,1343,0,0,0,1343
11/23/2003,CVG,KY,ASO,CE,Towers with Radar,325,842,32,2,1201,8,63,13,0,84,333,905,45,2,1285,0,0,0,1285
11/24/2003,CVG,KY,ASO,CE,Towers with Radar,343,889,31,2,1265,5,101,0,3,109,348,990,31,5,1374,0,0,0,1374
11/25/2003,CVG,KY,ASO,CE,Towers with Radar,405,1082,45,3,1535,0,0,21,7,28,405,1082,66,10,1563,0,0,0,1563
11/26/2003,CVG,KY,ASO,CE,Towers with Radar,414,1082,44,3,1543,0,0,23,13,36,414,1082,67,16,1579,0,0,0,1579
11/27/2003,CVG,KY,ASO,CE,Towers with Radar,298,773,5,0,1076,27,132,0,0,159,325,905,5,0,1235,0,0,0,1235
11/28/2003,CVG,KY,ASO,CE,Towers with Radar,303,785,16,2,1106,38,114,0,0,152,341,899,16,2,1258,0,0,0,1258
11/29/2003,CVG,KY,ASO,CE,Towers with Radar,342,889,20,2,1253,54,28,0,1,83,396,917,20,3,1336,0,0,0,1336
11/30/2003,CVG,KY,ASO,CE,Towers with Radar,353,937,36,2,1328,0,3,3,1,7,353,940,39,3,1335,0,0,0,1335
12/01/2003,CVG,KY,ASO,CE,Towers with Radar,347,1005,41,3,1396,0,0,6,2,8,347,1005,47,5,1404,0,0,0,1404
12/02/2003,CVG,KY,ASO,CE,Towers with Radar,403,1066,36,1,1506,0,0,0,0,0,403,1066,36,1,1506,0,0,0,1506
12/03/2003,CVG,KY,ASO,CE,Towers with Radar,395,1049,40,3,1487,0,23,23,0,46,395,1072,63,3,1533,0,0,0,1533
12/04/2003,CVG,KY,ASO,CE,Towers with Radar,324,843,32,2,1201,88,212,7,0,307,412,1055,39,2,1508,0,0,0,1508
12/05/2003,CVG,KY,ASO,CE,Towers with Radar,336,874,33,0,1243,64,159,5,0,228,400,1033,38,0,1471,0,0,0,1471
12/06/2003,CVG,KY,ASO,CE,Towers with Radar,345,901,37,0,1283,0,0,5,0,5,345,901,42,0,1288,0,0,0,1288
12/07/2003,CVG,KY,ASO,CE,Towers with Radar,323,888,38,1,1250,0,0,0,0,0,323,888,38,1,1250,0,0,0,1250
12/08/2003,CVG,KY,ASO,CE,Towers with Radar,349,994,42,3,1388,0,0,9,2,11,349,994,51,5,1399,0,0,0,1399
12/09/2003,CVG,KY,ASO,CE,Towers with Radar,398,1056,35,3,1492,0,0,0,3,3,398,1056,35,6,1495,0,0,0,1495
12/10/2003,CVG,KY,ASO,CE,Towers with Radar,418,1043,24,3,1488,6,0,0,1,7,424,1043,24,4,1495,0,0,0,1495
12/11/2003,CVG,KY,ASO,CE,Towers with Radar,333,868,33,2,1236,105,202,35,1,343,438,1070,68,3,1579,0,0,0,1579
12/12/2003,CVG,KY,ASO,CE,Towers with Radar,338,879,33,2,1252,98,169,28,3,298,436,1048,61,5,1550,0,0,0,1550
12/13/2003,CVG,KY,ASO,CE,Towers with Radar,360,884,24,1,1269,35,0,0,0,35,395,884,24,1,1304,0,0,0,1304
12/14/2003,CVG,KY,ASO,CE,Towers with Radar,353,851,17,2,1223,0,0,0,0,0,353,851,17,2,1223,0,0,0,1223
12/15/2003,CVG,KY,ASO,CE,Towers with Radar,360,968,22,3,1353,0,0,0,0,0,360,968,22,3,1353,0,0,0,1353
12/16/2003,CVG,KY,ASO,CE,Towers with Radar,421,1057,42,3,1523,0,0,12,0,12,421,1057,54,3,1535,0,0,0,1535
12/17/2003,CVG,KY,ASO,CE,Towers with Radar,412,1046,38,4,1500,0,0,0,10,10,412,1046,38,14,1510,0,0,0,1510
12/18/2003,CVG,KY,ASO,CE,Towers with Radar,346,900,27,0,1273,78,127,0,0,205,424,1027,27,0,1478,0,0,0,1478
12/19/2003,CVG,KY,ASO,CE,Towers with Radar,343,890,22,0,1255,81,83,0,0,164,424,973,22,0,1419,0,0,0,1419
12/20/2003,CVG,KY,ASO,CE,Towers with Radar,373,931,36,0,1340,47,0,7,0,54,420,931,43,0,1394,0,0,0,1394
12/21/2003,CVG,KY,ASO,CE,Towers with Radar,410,810,30,4,1254,37,0,0,2,39,447,810,30,6,1293,0,0,0,1293
12/22/2003,CVG,KY,ASO,CE,Towers with Radar,430,877,24,1,1332,4,0,0,0,4,434,877,24,1,1336,0,0,0,1336
12/23/2003,CVG,KY,ASO,CE,Towers with Radar,420,975,34,3,1432,83,0,0,0,83,503,975,34,3,1515,0,0,0,1515
12/24/2003,CVG,KY,ASO,CE,Towers with Radar,394,927,13,2,1336,89,0,0,1,90,483,927,13,3,1426,0,0,0,1426
12/25/2003,CVG,KY,ASO,CE,Towers with Radar,322,834,17,2,1175,76,32,0,0,108,398,866,17,2,1283,0,0,0,1283
12/26/2003,CVG,KY,ASO,CE,Towers with Radar,320,831,31,2,1184,107,53,3,0,163,427,884,34,2,1347,0,0,0,1347
12/27/2003,CVG,KY,ASO,CE,Towers with Radar,360,806,28,0,1194,81,0,0,0,81,441,806,28,0,1275,0,0,0,1275
12/28/2003,CVG,KY,ASO,CE,Towers with Radar,413,810,33,3,1259,39,0,0,0,39,452,810,33,3,1298,0,0,0,1298
12/29/2003,CVG,KY,ASO,CE,Towers with Radar,419,864,15,2,1300,8,0,0,0,8,427,864,15,2,1308,0,0,0,1308
12/30/2003,CVG,KY,ASO,CE,Towers with Radar,419,948,25,3,1395,82,0,0,4,86,501,948,25,7,1481,0,0,0,1481
12/31/2003,CVG,KY,ASO,CE,Towers with Radar,408,912,22,3,1345,30,0,0,2,32,438,912,22,5,1377,0,0,0,1377
01/01/2004,CVG,KY,ASO,CE,Towers with Radar,510,938,18,1,1467,0,110,0,2,112,510,1048,18,3,1579,0,0,0,1579
01/02/2004,CVG,KY,ASO,CE,Towers with Radar,442,825,12,0,1279,0,25,0,0,25,442,850,12,0,1304,0,0,0,1304
01/03/2004,CVG,KY,ASO,CE,Towers with Radar,446,783,22,1,1252,17,0,8,3,28,463,783,30,4,1280,0,0,0,1280
01/04/2004,CVG,KY,ASO,CE,Towers with Radar,403,740,15,0,1158,27,47,0,0,74,430,787,15,0,1232,0,0,0,1232
01/05/2004,CVG,KY,ASO,CE,Towers with Radar,439,806,18,1,1264,1,47,0,2,50,440,853,18,3,1314,0,0,0,1314
01/06/2004,CVG,KY,ASO,CE,Towers with Radar,489,936,26,0,1451,0,0,2,0,2,489,936,28,0,1453,0,0,0,1453
01/07/2004,CVG,KY,ASO,CE,Towers with Radar,490,916,27,0,1433,0,0,0,0,0,490,916,27,0,1433,0,0,0,1433
01/08/2004,CVG,KY,ASO,CE,Towers with Radar,489,932,15,0,1436,0,0,0,0,0,489,932,15,0,1436,0,0,0,1436
01/09/2004,CVG,KY,ASO,CE,Towers with Radar,494,913,13,0,1420,0,12,0,0,12,494,925,13,0,1432,0,0,0,1432
01/10/2004,CVG,KY,ASO,CE,Towers with Radar,431,792,9,0,1232,30,14,0,0,44,461,806,9,0,1276,0,0,0,1276
01/11/2004,CVG,KY,ASO,CE,Towers with Radar,420,771,12,0,1203,18,30,0,0,48,438,801,12,0,1251,0,0,0,1251
01/12/2004,CVG,KY,ASO,CE,Towers with Radar,440,852,18,1,1311,0,13,0,0,13,440,865,18,1,1324,0,0,0,1324
01/13/2004,CVG,KY,ASO,CE,Towers with Radar,494,952,24,0,1470,0,0,0,0,0,494,952,24,0,1470,0,0,0,1470
01/14/2004,CVG,KY,ASO,CE,Towers with Radar,496,946,14,0,1456,0,0,0,0,0,496,946,14,0,1456,0,0,0,1456
01/15/2004,CVG,KY,ASO,CE,Towers with Radar,492,954,26,0,1472,0,0,2,0,2,492,954,28,0,1474,0,0,0,1474
01/16/2004,CVG,KY,ASO,CE,Towers with Radar,487,946,20,0,1453,0,0,0,0,0,487,946,20,0,1453,0,0,0,1453
01/17/2004,CVG,KY,ASO,CE,Towers with Radar,405,741,7,0,1153,61,49,0,0,110,466,790,7,0,1263,0,0,0,1263
01/18/2004,CVG,KY,ASO,CE,Towers with Radar,398,728,5,0,1131,24,60,0,0,84,422,788,5,0,1215,0,0,0,1215
01/19/2004,CVG,KY,ASO,CE,Towers with Radar,436,829,15,0,1280,0,22,0,0,22,436,851,15,0,1302,0,0,0,1302
01/20/2004,CVG,KY,ASO,CE,Towers with Radar,498,893,13,0,1404,0,0,0,0,0,498,893,13,0,1404,0,0,0,1404
01/21/2004,CVG,KY,ASO,CE,Towers with Radar,495,961,21,0,1477,0,0,0,0,0,495,961,21,0,1477,0,0,0,1477
01/22/2004,CVG,KY,ASO,CE,Towers with Radar,497,950,22,0,1469,0,0,0,0,0,497,950,22,0,1469,0,0,0,1469
01/23/2004,CVG,KY,ASO,CE,Towers with Radar,503,910,11,0,1424,0,0,0,0,0,503,910,11,0,1424,0,0,0,1424
01/24/2004,CVG,KY,ASO,CE,Towers with Radar,419,768,14,0,1201,32,9,0,0,41,451,777,14,0,1242,0,0,0,1242
01/25/2004,CVG,KY,ASO,CE,Towers with Radar,309,563,14,0,886,36,0,0,0,36,345,563,14,0,922,0,0,0,922
01/26/2004,CVG,KY,ASO,CE,Towers with Radar,372,680,18,0,1070,11,10,9,0,30,383,690,27,0,1100,0,0,0,1100
01/27/2004,CVG,KY,ASO,CE,Towers with Radar,438,744,18,0,1200,31,0,0,0,31,469,744,18,0,1231,0,0,0,1231
01/28/2004,CVG,KY,ASO,CE,Towers with Radar,485,945,25,0,1455,0,0,4,0,4,485,945,29,0,1459,0,0,0,1459
01/29/2004,CVG,KY,ASO,CE,Towers with Radar,452,900,24,0,1376,0,0,4,0,4,452,900,28,0,1380,0,0,0,1380
01/30/2004,CVG,KY,ASO,CE,Towers with Radar,519,991,18,0,1528,0,0,0,0,0,519,991,18,0,1528,0,0,0,1528
01/31/2004,CVG,KY,ASO,CE,Towers with Radar,428,784,14,0,1226,35,7,0,0,42,463,791,14,0,1268,0,0,0,1268
02/01/2004,CVG,KY,ASO,CE,Towers with Radar,384,723,10,0,1117,41,65,0,0,106,425,788,10,0,1223,0,0,0,1223
02/02/2004,CVG,KY,ASO,CE,Towers with Radar,412,805,13,0,1230,0,26,2,1,29,412,831,15,1,1259,0,0,0,1259
02/03/2004,CVG,KY,ASO,CE,Towers with Radar,471,889,8,0,1368,12,31,0,3,46,483,920,8,3,1414,0,0,0,1414
02/04/2004,CVG,KY,ASO,CE,Towers with Radar,499,958,16,0,1473,0,0,1,0,1,499,958,17,0,1474,0,0,0,1474
02/05/2004,CVG,KY,ASO,CE,Towers with Radar,468,883,14,0,1365,21,41,4,0,66,489,924,18,0,1431,0,0,0,1431
02/06/2004,CVG,KY,ASO,CE,Towers with Radar,457,862,11,0,1330,1,35,0,0,36,458,897,11,0,1366,0,0,0,1366
02/07/2004,CVG,KY,ASO,CE,Towers with Radar,395,746,3,0,1144,75,63,0,0,138,470,809,3,0,1282,0,0,0,1282
02/08/2004,CVG,KY,ASO,CE,Towers with Radar,409,772,10,0,1191,15,20,0,0,35,424,792,10,0,1226,0,0,0,1226
02/09/2004,CVG,KY,ASO,CE,Towers with Radar,436,838,13,0,1287,0,27,1,0,28,436,865,14,0,1315,0,0,0,1315
02/10/2004,CVG,KY,ASO,CE,Towers with Radar,487,963,15,0,1465,0,0,0,0,0,487,963,15,0,1465,0,0,0,1465
02/11/2004,CVG,KY,ASO,CE,Towers with Radar,495,961,16,0,1472,0,0,18,0,18,495,961,34,0,1490,0,0,0,1490
02/12/2004,CVG,KY,ASO,CE,Towers with Radar,500,965,16,0,1481,0,0,1,0,1,500,965,17,0,1482,0,0,0,1482
02/13/2004,CVG,KY,ASO,CE,Towers with Radar,503,936,15,0,1454,0,0,4,0,4,503,936,19,0,1458,0,0,0,1458
02/14/2004,CVG,KY,ASO,CE,Towers with Radar,406,765,12,0,1183,64,25,15,0,104,470,790,27,0,1287,0,0,0,1287
02/15/2004,CVG,KY,ASO,CE,Towers with Radar,392,736,11,0,1139,26,30,0,0,56,418,766,11,0,1195,0,0,0,1195
02/16/2004,CVG,KY,ASO,CE,Towers with Radar,435,838,14,0,1287,0,0,6,2,8,435,838,20,2,1295,0,0,0,1295
02/17/2004,CVG,KY,ASO,CE,Towers with Radar,487,909,14,1,1411,0,0,10,0,10,487,909,24,1,1421,0,0,0,1421
02/18/2004,CVG,KY,ASO,CE,Towers with Radar,502,939,15,1,1457,0,0,10,1,11,502,939,25,2,1468,0,0,0,1468
02/19/2004,CVG,KY,ASO,CE,Towers with Radar,498,956,15,0,1469,0,0,11,0,11,498,956,26,0,1480,0,0,0,1480
02/20/2004,CVG,KY,ASO,CE,Towers with Radar,487,918,14,0,1419,0,0,5,0,5,487,918,19,0,1424,0,0,0,1424
02/21/2004,CVG,KY,ASO,CE,Towers with Radar,411,773,9,1,1194,62,43,0,1,106,473,816,9,2,1300,0,0,0,1300
02/22/2004,CVG,KY,ASO,CE,Towers with Radar,431,799,12,0,1242,12,0,15,0,27,443,799,27,0,1269,0,0,0,1269
02/23/2004,CVG,KY,ASO,CE,Towers with Radar,434,848,13,1,1296,0,18,12,1,31,434,866,25,2,1327,0,0,0,1327
02/24/2004,CVG,KY,ASO,CE,Towers with Radar,482,929,14,0,1425,0,0,6,0,6,482,929,20,0,1431,0,0,0,1431
02/25/2004,CVG,KY,ASO,CE,Towers with Radar,497,955,15,0,1467,0,0,31,0,31,497,955,46,0,1498,0,0,0,1498
02/26/2004,CVG,KY,ASO,CE,Towers with Radar,487,958,15,0,1460,0,0,11,0,11,487,958,26,0,1471,0,0,0,1471
02/27/2004,CVG,KY,ASO,CE,Towers with Radar,494,940,15,1,1450,0,0,16,1,17,494,940,31,2,1467,0,0,0,1467
02/28/2004,CVG,KY,ASO,CE,Towers with Radar,434,815,12,0,1261,38,9,16,0,63,472,824,28,0,1324,0,0,0,1324
02/29/2004,CVG,KY,ASO,CE,Towers with Radar,426,795,12,0,1233,8,0,16,0,24,434,795,28,0,1257,0,0,0,1257
03/01/2004,CVG,KY,ASO,CE,Towers with Radar,429,819,17,0,1265,0,56,11,0,67,429,875,28,0,1332,0,0,0,1332
03/02/2004,CVG,KY,ASO,CE,Towers with Radar,495,971,21,0,1487,0,0,29,1,30,495,971,50,1,1517,0,0,0,1517
03/03/2004,CVG,KY,ASO,CE,Towers with Radar,500,968,22,0,1490,0,0,4,0,4,500,968,26,0,1494,0,0,0,1494
03/04/2004,CVG,KY,ASO,CE,Towers with Radar,499,963,13,0,1475,0,0,0,0,0,499,963,13,0,1475,0,0,0,1475
03/05/2004,CVG,KY,ASO,CE,Towers with Radar,466,889,11,0,1366,37,22,0,0,59,503,911,11,0,1425,0,0,0,1425
03/06/2004,CVG,KY,ASO,CE,Towers with Radar,393,750,9,0,1152,45,35,0,0,80,438,785,9,0,1232,0,0,0,1232
03/07/2004,CVG,KY,ASO,CE,Towers with Radar,352,673,14,0,1039,73,20,3,0,96,425,693,17,0,1135,0,0,0,1135
03/08/2004,CVG,KY,ASO,CE,Towers with Radar,433,861,18,0,1312,0,36,1,0,37,433,897,19,0,1349,0,0,0,1349
03/09/2004,CVG,KY,ASO,CE,Towers with Radar,493,957,20,0,1470,0,8,2,1,11,493,965,22,1,1481,0,0,0,1481
03/10/2004,CVG,KY,ASO,CE,Towers with Radar,488,957,21,0,1466,0,0,21,0,21,488,957,42,0,1487,0,0,0,1487
03/11/2004,CVG,KY,ASO,CE,Towers with Radar,494,950,20,0,1464,0,0,13,2,15,494,950,33,2,1479,0,0,0,1479
03/12/2004,CVG,KY,ASO,CE,Towers with Radar,507,958,21,0,1486,0,0,1,0,1,507,958,22,0,1487,0,0,0,1487
03/13/2004,CVG,KY,ASO,CE,Towers with Radar,145,248,5,0,398,0,0,0,0,0,145,248,5,0,398,0,0,0,398
03/14/2004,CVG,KY,ASO,CE,Towers with Radar,410,779,13,0,1202,33,18,0,0,51,443,797,13,0,1253,0,0,0,1253
03/15/2004,CVG,KY,ASO,CE,Towers with Radar,430,881,19,0,1330,0,8,9,1,18,430,889,28,1,1348,0,0,0,1348
03/16/2004,CVG,KY,ASO,CE,Towers with Radar,459,874,17,0,1350,13,61,0,0,74,472,935,17,0,1424,0,0,0,1424
03/17/2004,CVG,KY,ASO,CE,Towers with Radar,490,954,19,0,1463,0,2,4,0,6,490,956,23,0,1469,0,0,0,1469
03/18/2004,CVG,KY,ASO,CE,Towers with Radar,500,977,20,1,1498,0,0,13,0,13,500,977,33,1,1511,0,0,0,1511
03/19/2004,CVG,KY,ASO,CE,Towers with Radar,496,951,20,0,1467,0,0,7,0,7,496,951,27,0,1474,0,0,0,1474
03/20/2004,CVG,KY,ASO,CE,Towers with Radar,399,759,15,0,1173,75,46,0,0,121,474,805,15,0,1294,0,0,0,1294
03/21/2004,CVG,KY,ASO,CE,Towers with Radar,416,791,15,0,1222,18,22,0,0,40,434,813,15,0,1262,0,0,0,1262
03/22/2004,CVG,KY,ASO,CE,Towers with Radar,435,890,18,0,1343,0,2,16,0,18,435,892,34,0,1361,0,0,0,1361
03/23/2004,CVG,KY,ASO,CE,Towers with Radar,488,984,20,0,1492,0,0,9,0,9,488,984,29,0,1501,0,0,0,1501
03/24/2004,CVG,KY,ASO,CE,Towers with Radar,497,974,20,0,1491,0,0,9,0,9,497,974,29,0,1500,0,0,0,1500
03/25/2004,CVG,KY,ASO,CE,Towers with Radar,498,957,20,0,1475,0,0,8,0,8,498,957,28,0,1483,0,0,0,1483
03/26/2004,CVG,KY,ASO,CE,Towers with Radar,493,938,15,0,1446,1,5,0,0,6,494,943,15,0,1452,0,0,0,1452
03/27/2004,CVG,KY,ASO,CE,Towers with Radar,438,808,9,0,1255,39,0,0,0,39,477,808,9,0,1294,0,0,0,1294
03/28/2004,CVG,KY,ASO,CE,Towers with Radar,430,805,16,0,1251,12,0,3,0,15,442,805,19,0,1266,0,0,0,1266
03/29/2004,CVG,KY,ASO,CE,Towers with Radar,437,885,13,0,1335,0,16,0,0,16,437,901,13,0,1351,0,0,0,1351
03/30/2004,CVG,KY,ASO,CE,Towers with Radar,496,944,12,0,1452,9,22,0,0,31,505,966,12,0,1483,0,0,0,1483
03/31/2004,CVG,KY,ASO,CE,Towers with Radar,489,948,15,0,1452,0,11,0,0,11,489,959,15,0,1463,0,0,0,1463
04/01/2004,CVG,KY,ASO,CE,Towers with Radar,494,971,23,0,1488,0,0,0,0,0,494,971,23,0,1488,0,0,0,1488
04/02/2004,CVG,KY,ASO,CE,Towers with Radar,491,979,24,1,1495,0,1,0,1,2,491,980,24,2,1497,0,0,0,1497
04/03/2004,CVG,KY,ASO,CE,Towers with Radar,430,806,16,0,1252,41,0,0,0,41,471,806,16,0,1293,0,0,0,1293
04/04/2004,CVG,KY,ASO,CE,Towers with Radar,393,752,23,1,1169,44,54,2,1,101,437,806,25,2,1270,0,0,0,1270
04/05/2004,CVG,KY,ASO,CE,Towers with Radar,449,879,27,1,1356,0,14,8,3,25,449,893,35,4,1381,0,0,0,1381
04/06/2004,CVG,KY,ASO,CE,Towers with Radar,504,971,32,1,1508,0,0,10,1,11,504,971,42,2,1519,0,0,0,1519
04/07/2004,CVG,KY,ASO,CE,Towers with Radar,506,985,22,1,1514,0,0,0,0,0,506,985,22,1,1514,0,0,0,1514
04/08/2004,CVG,KY,ASO,CE,Towers with Radar,505,979,27,0,1511,0,4,0,2,6,505,983,27,2,1517,0,0,0,1517
04/09/2004,CVG,KY,ASO,CE,Towers with Radar,497,966,30,0,1493,0,0,0,0,0,497,966,30,0,1493,0,0,0,1493
04/10/2004,CVG,KY,ASO,CE,Towers with Radar,411,785,24,0,1220,81,13,5,0,99,492,798,29,0,1319,0,0,0,1319
04/11/2004,CVG,KY,ASO,CE,Towers with Radar,406,775,11,0,1192,32,45,0,0,77,438,820,11,0,1269,0,0,0,1269
04/12/2004,CVG,KY,ASO,CE,Towers with Radar,438,838,24,0,1300,3,55,0,0,58,441,893,24,0,1358,0,0,0,1358
04/13/2004,CVG,KY,ASO,CE,Towers with Radar,478,914,28,0,1420,21,54,0,0,75,499,968,28,0,1495,0,0,0,1495
04/14/2004,CVG,KY,ASO,CE,Towers with Radar,499,974,31,0,1504,0,0,8,2,10,499,974,39,2,1514,0,0,0,1514
04/15/2004,CVG,KY,ASO,CE,Towers with Radar,513,973,32,0,1518,0,0,8,2,10,513,973,40,2,1528,0,0,0,1528
04/16/2004,CVG,KY,ASO,CE,Towers with Radar,509,958,28,0,1495,0,0,0,0,0,509,958,28,0,1495,0,0,0,1495
04/17/2004,CVG,KY,ASO,CE,Towers with Radar,442,833,22,0,1297,41,0,0,1,42,483,833,22,1,1339,0,0,0,1339
04/18/2004,CVG,KY,ASO,CE,Towers with Radar,424,807,25,0,1256,13,8,14,2,37,437,815,39,2,1293,0,0,0,1293
04/19/2004,CVG,KY,ASO,CE,Towers with Radar,435,845,26,0,1306,0,38,1,0,39,435,883,27,0,1345,0,0,0,1345
04/20/2004,CVG,KY,ASO,CE,Towers with Radar,496,974,18,0,1488,0,8,0,0,8,496,982,18,0,1496,0,0,0,1496
04/21/2004,CVG,KY,ASO,CE,Towers with Radar,492,969,29,0,1490,0,9,3,0,12,492,978,32,0,1502,0,0,0,1502
04/22/2004,CVG,KY,ASO,CE,Towers with Radar,503,959,26,0,1488,5,19,0,0,24,508,978,26,0,1512,0,0,0,1512
04/23/2004,CVG,KY,ASO,CE,Towers with Radar,515,957,21,0,1493,0,0,0,0,0,515,957,21,0,1493,0,0,0,1493
04/24/2004,CVG,KY,ASO,CE,Towers with Radar,408,776,20,0,1204,62,26,0,0,88,470,802,20,0,1292,0,0,0,1292
04/25/2004,CVG,KY,ASO,CE,Towers with Radar,413,787,12,0,1212,46,49,0,0,95,459,836,12,0,1307,0,0,0,1307
04/26/2004,CVG,KY,ASO,CE,Towers with Radar,433,868,26,0,1327,0,21,5,0,26,433,889,31,0,1353,0,0,0,1353
04/27/2004,CVG,KY,ASO,CE,Towers with Radar,494,980,29,0,1503,0,0,15,0,15,494,980,44,0,1518,0,0,0,1518
04/28/2004,CVG,KY,ASO,CE,Towers with Radar,492,961,30,0,1483,0,0,10,0,10,492,961,40,0,1493,0,0,0,1493
04/29/2004,CVG,KY,ASO,CE,Towers with Radar,505,972,31,0,1508,0,0,9,0,9,505,972,40,0,1517,0,0,0,1517
04/30/2004,CVG,KY,ASO,CE,Towers with Radar,498,970,22,1,1491,0,0,0,0,0,498,970,22,1,1491,0,0,0,1491
05/01/2004,CVG,KY,ASO,CE,Towers with Radar,400,750,11,0,1161,65,51,0,0,116,465,801,11,0,1277,0,0,0,1277
05/02/2004,CVG,KY,ASO,CE,Towers with Radar,424,795,18,0,1237,18,12,0,0,30,442,807,18,0,1267,0,0,0,1267
05/03/2004,CVG,KY,ASO,CE,Towers with Radar,433,861,21,0,1315,0,31,7,0,38,433,892,28,0,1353,0,0,0,1353
05/04/2004,CVG,KY,ASO,CE,Towers with Radar,508,974,20,0,1502,0,2,0,1,3,508,976,20,1,1505,0,0,0,1505
05/05/2004,CVG,KY,ASO,CE,Towers with Radar,498,987,24,0,1509,0,0,7,0,7,498,987,31,0,1516,0,0,0,1516
05/06/2004,CVG,KY,ASO,CE,Towers with Radar,490,981,24,0,1495,0,8,12,0,20,490,989,36,0,1515,0,0,0,1515
05/07/2004,CVG,KY,ASO,CE,Towers with Radar,501,964,18,0,1483,0,3,0,0,3,501,967,18,0,1486,0,0,0,1486
05/08/2004,CVG,KY,ASO,CE,Towers with Radar,428,803,19,0,1250,34,35,8,0,77,462,838,27,0,1327,0,0,0,1327
05/09/2004,CVG,KY,ASO,CE,Towers with Radar,410,770,19,0,1199,13,41,2,0,56,423,811,21,0,1255,0,0,0,1255
05/10/2004,CVG,KY,ASO,CE,Towers with Radar,435,885,21,0,1341,0,7,1,0,8,435,892,22,0,1349,0,0,0,1349
05/11/2004,CVG,KY,ASO,CE,Towers with Radar,503,966,23,0,1492,0,7,0,0,7,503,973,23,0,1499,0,0,0,1499
05/12/2004,CVG,KY,ASO,CE,Towers with Radar,494,971,24,0,1489,0,0,14,0,14,494,971,38,0,1503,0,0,0,1503
05/13/2004,CVG,KY,ASO,CE,Towers with Radar,507,982,24,0,1513,0,0,14,0,14,507,982,38,0,1527,0,0,0,1527
05/14/2004,CVG,KY,ASO,CE,Towers with Radar,493,943,23,0,1459,0,0,0,0,0,493,943,23,0,1459,0,0,0,1459
05/15/2004,CVG,KY,ASO,CE,Towers with Radar,432,811,5,0,1248,58,14,0,0,72,490,825,5,0,1320,0,0,0,1320
05/16/2004,CVG,KY,ASO,CE,Towers with Radar,401,750,11,0,1162,27,82,0,0,109,428,832,11,0,1271,0,0,0,1271
05/17/2004,CVG,KY,ASO,CE,Towers with Radar,446,892,22,0,1360,0,0,2,1,3,446,892,24,1,1363,0,0,0,1363
05/18/2004,CVG,KY,ASO,CE,Towers with Radar,498,952,23,0,1473,0,0,6,0,6,498,952,29,0,1479,0,0,0,1479
05/19/2004,CVG,KY,ASO,CE,Towers with Radar,508,1002,25,0,1535,0,0,17,2,19,508,1002,42,2,1554,0,0,0,1554
05/20/2004,CVG,KY,ASO,CE,Towers with Radar,518,980,25,0,1523,0,0,10,1,11,518,980,35,1,1534,0,0,0,1534
05/21/2004,CVG,KY,ASO,CE,Towers with Radar,516,949,23,0,1488,0,0,10,0,10,516,949,33,0,1498,0,0,0,1498
05/22/2004,CVG,KY,ASO,CE,Towers with Radar,437,817,19,0,1273,53,14,5,1,73,490,831,24,1,1346,0,0,0,1346
05/23/2004,CVG,KY,ASO,CE,Towers with Radar,405,757,16,0,1178,36,48,0,1,85,441,805,16,1,1263,0,0,0,1263
05/24/2004,CVG,KY,ASO,CE,Towers with Radar,455,886,20,0,1361,0,19,5,0,24,455,905,25,0,1385,0,0,0,1385
05/25/2004,CVG,KY,ASO,CE,Towers with Radar,493,952,22,0,1467,0,17,2,0,19,493,969,24,0,1486,0,0,0,1486
05/26/2004,CVG,KY,ASO,CE,Towers with Radar,494,904,23,0,1421,0,0,4,0,4,494,904,27,0,1425,0,0,0,1425
05/27/2004,CVG,KY,ASO,CE,Towers with Radar,494,896,22,0,1412,0,0,7,0,7,494,896,29,0,1419,0,0,0,1419
05/28/2004,CVG,KY,ASO,CE,Towers with Radar,535,1018,24,0,1577,0,0,2,0,2,535,1018,26,0,1579,0,0,0,1579
05/29/2004,CVG,KY,ASO,CE,Towers with Radar,438,808,17,0,1263,69,0,0,0,69,507,808,17,0,1332,0,0,0,1332
05/30/2004,CVG,KY,ASO,CE,Towers with Radar,360,673,3,0,1036,94,86,0,0,180,454,759,3,0,1216,0,0,0,1216
05/31/2004,CVG,KY,ASO,CE,Towers with Radar,415,777,10,0,1202,45,60,0,0,105,460,837,10,0,1307,0,0,0,1307
06/01/2004,CVG,KY,ASO,CE,Towers with Radar,454,873,20,0,1347,0,22,0,0,22,454,895,20,0,1369,0,0,0,1369
06/02/2004,CVG,KY,ASO,CE,Towers with Radar,508,970,22,0,1500,0,3,6,0,9,508,973,28,0,1509,0,0,0,1509
06/03/2004,CVG,KY,ASO,CE,Towers with Radar,523,1009,23,0,1555,0,0,11,0,11,523,1009,34,0,1566,0,0,0,1566
06/04/2004,CVG,KY,ASO,CE,Towers with Radar,524,987,18,0,1529,0,0,0,0,0,524,987,18,0,1529,0,0,0,1529
06/05/2004,CVG,KY,ASO,CE,Towers with Radar,437,809,18,0,1264,58,26,5,0,89,495,835,23,0,1353,0,0,0,1353
06/06/2004,CVG,KY,ASO,CE,Towers with Radar,418,775,17,0,1210,32,71,0,0,103,450,846,17,0,1313,0,0,0,1313
06/07/2004,CVG,KY,ASO,CE,Towers with Radar,447,882,20,0,1349,0,22,8,1,31,447,904,28,1,1380,0,0,0,1380
06/08/2004,CVG,KY,ASO,CE,Towers with Radar,503,988,22,0,1513,0,0,27,0,27,503,988,49,0,1540,0,0,0,1540
06/09/2004,CVG,KY,ASO,CE,Towers with Radar,496,938,21,0,1455,0,2,26,0,28,496,940,47,0,1483,0,0,0,1483
06/10/2004,CVG,KY,ASO,CE,Towers with Radar,518,994,23,0,1535,0,0,6,0,6,518,994,29,0,1541,0,0,0,1541
06/11/2004,CVG,KY,ASO,CE,Towers with Radar,527,977,19,0,1523,0,0,0,0,0,527,977,19,0,1523,0,0,0,1523
06/12/2004,CVG,KY,ASO,CE,Towers with Radar,397,735,10,0,1142,94,33,0,0,127,491,768,10,0,1269,0,0,0,1269
06/13/2004,CVG,KY,ASO,CE,Towers with Radar,423,784,8,0,1215,30,43,0,0,73,453,827,8,0,1288,0,0,0,1288
06/14/2004,CVG,KY,ASO,CE,Towers with Radar,464,866,19,0,1349,0,30,4,0,34,464,896,23,0,1383,0,0,0,1383
06/15/2004,CVG,KY,ASO,CE,Towers with Radar,528,978,19,0,1525,0,0,0,0,0,528,978,19,0,1525,0,0,0,1525
06/16/2004,CVG,KY,ASO,CE,Towers with Radar,521,969,21,0,1511,0,0,3,0,3,521,969,24,0,1514,0,0,0,1514
06/17/2004,CVG,KY,ASO,CE,Towers with Radar,525,987,22,0,1534,0,0,38,0,38,525,987,60,0,1572,0,0,0,1572
06/18/2004,CVG,KY,ASO,CE,Towers with Radar,519,959,21,0,1499,0,0,31,0,31,519,959,52,0,1530,0,0,0,1530
06/19/2004,CVG,KY,ASO,CE,Towers with Radar,444,812,18,0,1274,58,0,57,0,115,502,812,75,0,1389,0,0,0,1389
06/20/2004,CVG,KY,ASO,CE,Towers with Radar,439,810,17,0,1266,8,14,15,0,37,447,824,32,0,1303,0,0,0,1303
06/21/2004,CVG,KY,ASO,CE,Towers with Radar,451,851,18,0,1320,0,33,3,4,40,451,884,21,4,1360,0,0,0,1360
06/22/2004,CVG,KY,ASO,CE,Towers with Radar,521,993,22,0,1536,0,0,2,0,2,521,993,24,0,1538,0,0,0,1538
06/23/2004,CVG,KY,ASO,CE,Towers with Radar,506,963,22,0,1491,0,0,29,0,29,506,963,51,0,1520,0,0,0,1520
06/24/2004,CVG,KY,ASO,CE,Towers with Radar,522,997,22,0,1541,0,0,16,0,16,522,997,38,0,1557,0,0,0,1557
06/25/2004,CVG,KY,ASO,CE,Towers with Radar,524,964,18,0,1506,0,0,0,1,1,524,964,18,1,1507,0,0,0,1507
06/26/2004,CVG,KY,ASO,CE,Towers with Radar,455,839,18,0,1312,52,4,7,0,63,507,843,25,0,1375,0,0,0,1375
06/27/2004,CVG,KY,ASO,CE,Towers with Radar,434,802,17,0,1253,27,35,14,2,78,461,837,31,2,1331,0,0,0,1331
06/28/2004,CVG,KY,ASO,CE,Towers with Radar,462,882,19,0,1363,0,6,21,0,27,462,888,40,0,1390,0,0,0,1390
06/29/2004,CVG,KY,ASO,CE,Towers with Radar,525,990,22,0,1537,0,0,0,0,0,525,990,22,0,1537,0,0,0,1537
06/30/2004,CVG,KY,ASO,CE,Towers with Radar,521,992,21,0,1534,0,0,19,0,19,521,992,40,0,1553,0,0,0,1553
07/01/2004,CVG,KY,ASO,CE,Towers with Radar,530,975,20,0,1525,0,0,0,0,0,530,975,20,0,1525,0,0,0,1525
07/02/2004,CVG,KY,ASO,CE,Towers with Radar,526,953,21,0,1500,3,0,2,0,5,529,953,23,0,1505,0,0,0,1505
07/03/2004,CVG,KY,ASO,CE,Towers with Radar,409,760,16,0,1185,52,34,0,0,86,461,794,16,0,1271,0,0,0,1271
07/04/2004,CVG,KY,ASO,CE,Towers with Radar,376,699,8,0,1083,55,96,0,0,151,431,795,8,0,1234,0,0,0,1234
07/05/2004,CVG,KY,ASO,CE,Towers with Radar,459,849,18,0,1326,0,0,0,0,0,459,849,18,0,1326,0,0,0,1326
07/06/2004,CVG,KY,ASO,CE,Towers with Radar,458,875,13,0,1346,0,33,0,0,33,458,908,13,0,1379,0,0,0,1379
07/07/2004,CVG,KY,ASO,CE,Towers with Radar,508,976,21,0,1505,0,10,12,0,22,508,986,33,0,1527,0,0,0,1527
07/08/2004,CVG,KY,ASO,CE,Towers with Radar,517,1008,21,0,1546,0,0,15,0,15,517,1008,36,0,1561,0,0,0,1561
07/09/2004,CVG,KY,ASO,CE,Towers with Radar,508,927,20,0,1455,6,0,2,1,9,514,927,22,1,1464,0,0,0,1464
07/10/2004,CVG,KY,ASO,CE,Towers with Radar,414,771,16,0,1201,54,26,6,0,86,468,797,22,0,1287,0,0,0,1287
07/11/2004,CVG,KY,ASO,CE,Towers with Radar,428,797,17,0,1242,27,40,10,0,77,455,837,27,0,1319,0,0,0,1319
07/12/2004,CVG,KY,ASO,CE,Towers with Radar,456,848,17,0,1321,2,14,0,0,16,458,862,17,0,1337,0,0,0,1337
07/13/2004,CVG,KY,ASO,CE,Towers with Radar,511,970,20,0,1501,0,0,10,0,10,511,970,30,0,1511,0,0,0,1511
07/14/2004,CVG,KY,ASO,CE,Towers with Radar,502,956,20,0,1478,0,0,18,0,18,502,956,38,0,1496,0,0,0,1496
07/15/2004,CVG,KY,ASO,CE,Towers with Radar,530,990,21,0,1541,0,0,23,0,23,530,990,44,0,1564,0,0,0,1564
07/16/2004,CVG,KY,ASO,CE,Towers with Radar,526,968,20,0,1514,0,0,9,0,9,526,968,29,0,1523,0,0,0,1523
07/17/2004,CVG,KY,ASO,CE,Towers with Radar,426,789,16,0,1231,41,43,13,0,97,467,832,29,0,1328,0,0,0,1328
07/18/2004,CVG,KY,ASO,CE,Towers with Radar,424,786,13,0,1223,32,45,0,0,77,456,831,13,0,1300,0,0,0,1300
07/19/2004,CVG,KY,ASO,CE,Towers with Radar,465,911,18,0,1394,0,0,13,0,13,465,911,31,0,1407,0,0,0,1407
07/20/2004,CVG,KY,ASO,CE,Towers with Radar,522,996,20,0,1538,0,0,8,0,8,522,996,28,0,1546,0,0,0,1546
07/21/2004,CVG,KY,ASO,CE,Towers with Radar,521,984,20,0,1525,0,0,6,0,6,521,984,26,0,1531,0,0,0,1531
07/22/2004,CVG,KY,ASO,CE,Towers with Radar,519,984,21,0,1524,0,0,9,1,10,519,984,30,1,1534,0,0,0,1534
07/23/2004,CVG,KY,ASO,CE,Towers with Radar,512,958,20,0,1490,0,0,9,0,9,512,958,29,0,1499,0,0,0,1499
07/24/2004,CVG,KY,ASO,CE,Towers with Radar,437,810,16,0,1263,32,22,21,0,75,469,832,37,0,1338,0,0,0,1338
07/25/2004,CVG,KY,ASO,CE,Towers with Radar,442,820,16,0,1278,15,17,5,0,37,457,837,21,0,1315,0,0,0,1315
07/26/2004,CVG,KY,ASO,CE,Towers with Radar,459,851,12,0,1322,4,58,0,0,62,463,909,12,0,1384,0,0,0,1384
07/27/2004,CVG,KY,ASO,CE,Towers with Radar,519,973,17,0,1509,0,0,0,0,0,519,973,17,0,1509,0,0,0,1509
07/28/2004,CVG,KY,ASO,CE,Towers with Radar,527,986,21,0,1534,0,0,13,0,13,527,986,34,0,1547,0,0,0,1547
07/29/2004,CVG,KY,ASO,CE,Towers with Radar,528,989,21,0,1538,0,0,12,0,12,528,989,33,0,1550,0,0,0,1550
07/30/2004,CVG,KY,ASO,CE,Towers with Radar,519,958,18,0,1495,0,0,0,0,0,519,958,18,0,1495,0,0,0,1495
07/31/2004,CVG,KY,ASO,CE,Towers with Radar,425,787,16,0,1228,46,45,1,0,92,471,832,17,0,1320,0,0,0,1320
08/01/2004,CVG,KY,ASO,CE,Towers with Radar,436,814,19,0,1269,23,12,1,0,36,459,826,20,0,1305,0,0,0,1305
08/02/2004,CVG,KY,ASO,CE,Towers with Radar,469,875,18,1,1363,0,32,0,0,32,469,907,18,1,1395,0,0,0,1395
08/03/2004,CVG,KY,ASO,CE,Towers with Radar,526,990,23,0,1539,0,20,6,0,26,526,1010,29,0,1565,0,0,0,1565
08/04/2004,CVG,KY,ASO,CE,Towers with Radar,504,921,22,0,1447,0,0,5,0,5,504,921,27,0,1452,0,0,0,1452
08/05/2004,CVG,KY,ASO,CE,Towers with Radar,532,1011,24,0,1567,0,0,5,0,5,532,1011,29,0,1572,0,0,0,1572
08/06/2004,CVG,KY,ASO,CE,Towers with Radar,534,997,24,0,1555,0,0,14,0,14,534,997,38,0,1569,0,0,0,1569
08/07/2004,CVG,KY,ASO,CE,Towers with Radar,438,819,19,0,1276,34,12,3,0,49,472,831,22,0,1325,0,0,0,1325
08/08/2004,CVG,KY,ASO,CE,Towers with Radar,442,822,20,0,1284,25,0,17,0,42,467,822,37,0,1326,0,0,0,1326
08/09/2004,CVG,KY,ASO,CE,Towers with Radar,475,911,22,0,1408,0,0,7,0,7,475,911,29,0,1415,0,0,0,1415
08/10/2004,CVG,KY,ASO,CE,Towers with Radar,531,988,24,0,1543,0,0,12,0,12,531,988,36,0,1555,0,0,0,1555
08/11/2004,CVG,KY,ASO,CE,Towers with Radar,526,981,24,1,1532,0,0,3,0,3,526,981,27,1,1535,0,0,0,1535
08/12/2004,CVG,KY,ASO,CE,Towers with Radar,528,1001,24,0,1553,0,0,10,0,10,528,1001,34,0,1563,0,0,0,1563
08/13/2004,CVG,KY,ASO,CE,Towers with Radar,513,988,24,0,1525,0,0,13,1,14,513,988,37,1,1539,0,0,0,1539
08/14/2004,CVG,KY,ASO,CE,Towers with Radar,431,807,19,0,1257,32,17,6,0,55,463,824,25,0,1312,0,0,0,1312
08/15/2004,CVG,KY,ASO,CE,Towers with Radar,434,812,19,0,1265,22,26,35,0,83,456,838,54,0,1348,0,0,0,1348
08/16/2004,CVG,KY,ASO,CE,Towers with Radar,453,886,21,0,1360,0,15,5,0,20,453,901,26,0,1380,0,0,0,1380
08/17/2004,CVG,KY,ASO,CE,Towers with Radar,525,990,24,0,1539,0,0,4,0,4,525,990,28,0,1543,0,0,0,1543
08/18/2004,CVG,KY,ASO,CE,Towers with Radar,531,983,24,0,1538,0,0,18,7,25,531,983,42,7,1563,0,0,0,1563
08/19/2004,CVG,KY,ASO,CE,Towers with Radar,526,967,23,1,1517,0,0,10,4,14,526,967,33,5,1531,0,0,0,1531
08/20/2004,CVG,KY,ASO,CE,Towers with Radar,529,987,22,1,1539,9,23,0,2,34,538,1010,22,3,1573,0,0,0,1573
08/21/2004,CVG,KY,ASO,CE,Towers with Radar,424,791,18,0,1233,53,15,5,0,73,477,806,23,0,1306,0,0,0,1306
08/22/2004,CVG,KY,ASO,CE,Towers with Radar,439,818,18,0,1275,29,17,5,0,51,468,835,23,0,1326,0,0,0,1326
08/23/2004,CVG,KY,ASO,CE,Towers with Radar,461,887,20,1,1369,0,18,16,0,34,461,905,36,1,1403,0,0,0,1403
08/24/2004,CVG,KY,ASO,CE,Towers with Radar,515,989,21,1,1526,0,0,0,2,2,515,989,21,3,1528,0,0,0,1528
08/25/2004,CVG,KY,ASO,CE,Towers with Radar,509,978,23,1,1511,0,0,10,1,11,509,978,33,2,1522,0,0,0,1522
08/26/2004,CVG,KY,ASO,CE,Towers with Radar,524,993,23,0,1540,0,16,9,0,25,524,1009,32,0,1565,0,0,0,1565
08/27/2004,CVG,KY,ASO,CE,Towers with Radar,520,995,17,1,1533,0,0,0,3,3,520,995,17,4,1536,0,0,0,1536
08/28/2004,CVG,KY,ASO,CE,Towers with Radar,400,745,9,1,1155,49,38,0,0,87,449,783,9,1,1242,0,0,0,1242
08/29/2004,CVG,KY,ASO,CE,Towers with Radar,414,771,12,0,1197,33,51,0,0,84,447,822,12,0,1281,0,0,0,1281
08/30/2004,CVG,KY,ASO,CE,Towers with Radar,454,853,4,0,1311,0,34,0,0,34,454,887,4,0,1345,0,0,0,1345
08/31/2004,CVG,KY,ASO,CE,Towers with Radar,519,1008,23,0,1550,0,0,12,0,12,519,1008,35,0,1562,0,0,0,1562
09/01/2004,CVG,KY,ASO,CE,Towers with Radar,524,985,28,0,1537,0,0,0,0,0,524,985,28,0,1537,0,0,0,1537
09/02/2004,CVG,KY,ASO,CE,Towers with Radar,529,997,27,1,1554,0,0,0,0,0,529,997,27,1,1554,0,0,0,1554
09/03/2004,CVG,KY,ASO,CE,Towers with Radar,519,969,23,0,1511,0,0,0,0,0,519,969,23,0,1511,0,0,0,1511
09/04/2004,CVG,KY,ASO,CE,Towers with Radar,380,715,18,1,1114,38,34,0,0,72,418,749,18,1,1186,0,0,0,1186
09/05/2004,CVG,KY,ASO,CE,Towers with Radar,344,648,19,0,1011,17,54,3,2,76,361,702,22,2,1087,0,0,0,1087
09/06/2004,CVG,KY,ASO,CE,Towers with Radar,409,769,23,0,1201,22,72,6,0,100,431,841,29,0,1301,0,0,0,1301
09/07/2004,CVG,KY,ASO,CE,Towers with Radar,455,878,25,0,1358,0,20,0,3,23,455,898,25,3,1381,0,0,0,1381
09/08/2004,CVG,KY,ASO,CE,Towers with Radar,518,973,22,0,1513,11,3,0,1,15,529,976,22,1,1528,0,0,0,1528
09/09/2004,CVG,KY,ASO,CE,Towers with Radar,520,997,29,0,1546,0,0,9,3,12,520,997,38,3,1558,0,0,0,1558
09/10/2004,CVG,KY,ASO,CE,Towers with Radar,534,988,29,0,1551,2,0,14,2,18,536,988,43,2,1569,0,0,0,1569
09/11/2004,CVG,KY,ASO,CE,Towers with Radar,421,792,23,0,1236,44,25,0,1,70,465,817,23,1,1306,0,0,0,1306
09/12/2004,CVG,KY,ASO,CE,Towers with Radar,424,797,23,0,1244,42,24,12,1,79,466,821,35,1,1323,0,0,0,1323
09/13/2004,CVG,KY,ASO,CE,Towers with Radar,460,900,27,0,1387,0,0,4,1,5,460,900,31,1,1392,0,0,0,1392
09/14/2004,CVG,KY,ASO,CE,Towers with Radar,517,988,29,0,1534,0,3,18,2,23,517,991,47,2,1557,0,0,0,1557
09/15/2004,CVG,KY,ASO,CE,Towers with Radar,519,985,29,0,1533,0,0,30,0,30,519,985,59,0,1563,0,0,0,1563
09/16/2004,CVG,KY,ASO,CE,Towers with Radar,500,943,28,0,1471,0,0,4,0,4,500,943,32,0,1475,0,0,0,1475
09/17/2004,CVG,KY,ASO,CE,Towers with Radar,503,942,18,1,1464,24,10,0,0,34,527,952,18,1,1498,0,0,0,1498
09/18/2004,CVG,KY,ASO,CE,Towers with Radar,414,775,22,0,1211,53,41,4,0,98,467,816,26,0,1309,0,0,0,1309
09/19/2004,CVG,KY,ASO,CE,Towers with Radar,434,813,23,0,1270,30,15,2,0,47,464,828,25,0,1317,0,0,0,1317
09/20/2004,CVG,KY,ASO,CE,Towers with Radar,469,897,25,0,1391,0,30,14,0,44,469,927,39,0,1435,0,0,0,1435
09/21/2004,CVG,KY,ASO,CE,Towers with Radar,521,1005,29,1,1556,0,0,9,0,9,521,1005,38,1,1565,0,0,0,1565
09/22/2004,CVG,KY,ASO,CE,Towers with Radar,523,1013,29,0,1565,0,0,14,0,14,523,1013,43,0,1579,0,0,0,1579
09/23/2004,CVG,KY,ASO,CE,Towers with Radar,532,995,30,0,1557,0,0,26,0,26,532,995,56,0,1583,0,0,0,1583
09/24/2004,CVG,KY,ASO,CE,Towers with Radar,534,988,29,0,1551,0,0,6,0,6,534,988,35,0,1557,0,0,0,1557
09/25/2004,CVG,KY,ASO,CE,Towers with Radar,439,822,23,1,1285,29,12,3,2,46,468,834,26,3,1331,0,0,0,1331
09/26/2004,CVG,KY,ASO,CE,Towers with Radar,416,803,23,0,1242,0,32,10,0,42,416,835,33,0,1284,0,0,0,1284
09/27/2004,CVG,KY,ASO,CE,Towers with Radar,472,917,26,1,1416,0,24,13,0,37,472,941,39,1,1453,0,0,0,1453
09/28/2004,CVG,KY,ASO,CE,Towers with Radar,526,985,27,1,1539,4,0,0,1,5,530,985,27,2,1544,0,0,0,1544
09/29/2004,CVG,KY,ASO,CE,Towers with Radar,532,1009,23,1,1565,0,0,0,0,0,532,1009,23,1,1565,0,0,0,1565
09/30/2004,CVG,KY,ASO,CE,Towers with Radar,542,991,29,1,1563,0,0,15,0,15,542,991,44,1,1578,0,0,0,1578
10/01/2004,CVG,KY,ASO,CE,Towers with Radar,539,991,16,0,1546,0,0,5,0,5,539,991,21,0,1551,0,0,0,1551
10/02/2004,CVG,KY,ASO,CE,Towers with Radar,472,829,12,0,1313,0,0,0,0,0,472,829,12,0,1313,0,0,0,1313
10/03/2004,CVG,KY,ASO,CE,Towers with Radar,480,824,14,0,1318,0,0,10,0,10,480,824,24,0,1328,0,0,0,1328
10/04/2004,CVG,KY,ASO,CE,Towers with Radar,475,902,24,0,1401,0,1,1,0,2,475,903,25,0,1403,0,0,0,1403
10/05/2004,CVG,KY,ASO,CE,Towers with Radar,535,997,33,0,1565,0,0,5,0,5,535,997,38,0,1570,0,0,0,1570
10/06/2004,CVG,KY,ASO,CE,Towers with Radar,529,994,20,0,1543,0,2,3,0,5,529,996,23,0,1548,0,0,0,1548
10/07/2004,CVG,KY,ASO,CE,Towers with Radar,529,1007,42,1,1579,0,1,7,0,8,529,1008,49,1,1587,0,0,0,1587
10/08/2004,CVG,KY,ASO,CE,Towers with Radar,530,985,16,0,1531,0,1,4,1,6,530,986,20,1,1537,0,0,0,1537
10/09/2004,CVG,KY,ASO,CE,Towers with Radar,469,849,9,0,1327,0,0,5,0,5,469,849,14,0,1332,0,0,0,1332
10/10/2004,CVG,KY,ASO,CE,Towers with Radar,456,843,19,0,1318,0,0,7,0,7,456,843,26,0,1325,0,0,0,1325
10/11/2004,CVG,KY,ASO,CE,Towers with Radar,469,910,15,0,1394,0,0,1,0,1,469,910,16,0,1395,0,0,0,1395
10/12/2004,CVG,KY,ASO,CE,Towers with Radar,536,946,23,0,1505,0,0,3,0,3,536,946,26,0,1508,0,0,0,1508
10/13/2004,CVG,KY,ASO,CE,Towers with Radar,548,1038,18,0,1604,0,0,0,0,0,548,1038,18,0,1604,0,0,0,1604
10/14/2004,CVG,KY,ASO,CE,Towers with Radar,531,991,23,0,1545,0,0,0,0,0,531,991,23,0,1545,0,0,0,1545
10/15/2004,CVG,KY,ASO,CE,Towers with Radar,533,1005,19,0,1557,0,0,2,0,2,533,1005,21,0,1559,0,0,0,1559
10/16/2004,CVG,KY,ASO,CE,Towers with Radar,473,839,8,2,1322,0,0,4,2,6,473,839,12,4,1328,0,0,0,1328
10/17/2004,CVG,KY,ASO,CE,Towers with Radar,476,854,26,0,1356,0,2,10,0,12,476,856,36,0,1368,0,0,0,1368
10/18/2004,CVG,KY,ASO,CE,Towers with Radar,434,800,10,0,1244,0,0,0,0,0,434,800,10,0,1244,0,0,0,1244
10/19/2004,CVG,KY,ASO,CE,Towers with Radar,555,987,33,0,1575,0,0,0,0,0,555,987,33,0,1575,0,0,0,1575
10/20/2004,CVG,KY,ASO,CE,Towers with Radar,541,945,31,0,1517,0,0,0,0,0,541,945,31,0,1517,0,0,0,1517
10/21/2004,CVG,KY,ASO,CE,Towers with Radar,547,1053,36,0,1636,0,0,0,1,1,547,1053,36,1,1637,0,0,0,1637
10/22/2004,CVG,KY,ASO,CE,Towers with Radar,550,1003,26,0,1579,0,0,1,0,1,550,1003,27,0,1580,0,0,0,1580
10/23/2004,CVG,KY,ASO,CE,Towers with Radar,473,850,11,0,1334,0,0,0,1,1,473,850,11,1,1335,0,0,0,1335
10/24/2004,CVG,KY,ASO,CE,Towers with Radar,470,832,20,0,1322,0,0,3,0,3,470,832,23,0,1325,0,0,0,1325
10/25/2004,CVG,KY,ASO,CE,Towers with Radar,479,938,36,0,1453,0,0,6,0,6,479,938,42,0,1459,0,0,0,1459
10/26/2004,CVG,KY,ASO,CE,Towers with Radar,525,1001,28,0,1554,0,0,4,0,4,525,1001,32,0,1558,0,0,0,1558
10/27/2004,CVG,KY,ASO,CE,Towers with Radar,529,1000,33,0,1562,0,0,1,0,1,529,1000,34,0,1563,0,0,0,1563
10/28/2004,CVG,KY,ASO,CE,Towers with Radar,527,930,39,0,1496,0,0,1,0,1,527,930,40,0,1497,0,0,0,1497
10/29/2004,CVG,KY,ASO,CE,Towers with Radar,525,1004,33,1,1563,0,0,1,0,1,525,1004,34,1,1564,0,0,0,1564
10/30/2004,CVG,KY,ASO,CE,Towers with Radar,473,832,4,1,1310,0,1,3,0,4,473,833,7,1,1314,0,0,0,1314
10/31/2004,CVG,KY,ASO,CE,Towers with Radar,464,840,13,0,1317,0,0,6,0,6,464,840,19,0,1323,0,0,0,1323
11/01/2004,CVG,KY,ASO,CE,Combined TRACON& Tower with Radar,445,952,14,0,1411,0,0,1,0,1,445,952,15,0,1412,0,0,0,1412
11/02/2004,CVG,KY,ASO,CE,Combined TRACON& Tower with Radar,521,984,19,0,1524,0,0,0,0,0,521,984,19,0,1524,0,0,0,1524
11/03/2004,CVG,KY,ASO,CE,Combined TRACON& Tower with Radar,537,1015,26,1,1579,0,0,3,0,3,537,1015,29,1,1582,0,0,0,1582
11/04/2004,CVG,KY,ASO,CE,Combined TRACON& Tower with Radar,541,994,31,0,1566,0,0,2,0,2,541,994,33,0,1568,0,0,0,1568
11/05/2004,CVG,KY,ASO,CE,Combined TRACON& Tower with Radar,548,994,24,0,1566,0,1,4,0,5,548,995,28,0,1571,0,0,0,1571
11/06/2004,CVG,KY,ASO,CE,Combined TRACON& Tower with Radar,486,851,12,0,1349,0,0,6,0,6,486,851,18,0,1355,0,0,0,1355
11/07/2004,CVG,KY,ASO,CE,Combined TRACON& Tower with Radar,483,870,17,0,1370,0,0,6,0,6,483,870,23,0,1376,0,0,0,1376
11/08/2004,CVG,KY,ASO,CE,Combined TRACON& Tower with Radar,476,906,27,0,1409,0,0,4,0,4,476,906,31,0,1413,0,0,0,1413
11/09/2004,CVG,KY,ASO,CE,Combined TRACON& Tower with Radar,545,994,32,0,1571,0,0,6,0,6,545,994,38,0,1577,0,0,0,1577
11/10/2004,CVG,KY,ASO,CE,Combined TRACON& Tower with Radar,529,977,52,0,1558,0,0,2,0,2,529,977,54,0,1560,0,0,0,1560
11/11/2004,CVG,KY,ASO,CE,Combined TRACON& Tower with Radar,554,974,19,0,1547,0,0,1,0,1,554,974,20,0,1548,0,0,0,1548
11/12/2004,CVG,KY,ASO,CE,Combined TRACON& Tower with Radar,546,899,19,0,1464,0,0,0,0,0,546,899,19,0,1464,0,0,0,1464
11/13/2004,CVG,KY,ASO,CE,Combined TRACON& Tower with Radar,493,844,8,0,1345,0,0,4,0,4,493,844,12,0,1349,0,0,0,1349
11/14/2004,CVG,KY,ASO,CE,Combined TRACON& Tower with Radar,477,820,7,0,1304,0,0,3,0,3,477,820,10,0,1307,0,0,0,1307
11/15/2004,CVG,KY,ASO,CE,Combined TRACON& Tower with Radar,466,885,22,0,1373,0,0,4,0,4,466,885,26,0,1377,0,0,0,1377
11/16/2004,CVG,KY,ASO,CE,Combined TRACON& Tower with Radar,530,991,29,0,1550,0,0,5,0,5,530,991,34,0,1555,0,0,0,1555
11/17/2004,CVG,KY,ASO,CE,Combined TRACON& Tower with Radar,536,991,26,0,1553,0,0,1,0,1,536,991,27,0,1554,0,0,0,1554
11/18/2004,CVG,KY,ASO,CE,Combined TRACON& Tower with Radar,533,976,23,0,1532,0,0,1,0,1,533,976,24,0,1533,0,0,0,1533
11/19/2004,CVG,KY,ASO,CE,Combined TRACON& Tower with Radar,535,950,15,0,1500,0,0,0,0,0,535,950,15,0,1500,0,0,0,1500
11/20/2004,CVG,KY,ASO,CE,Combined TRACON& Tower with Radar,470,854,5,0,1329,0,0,0,0,0,470,854,5,0,1329,0,0,0,1329
11/21/2004,CVG,KY,ASO,CE,Combined TRACON& Tower with Radar,473,824,9,0,1306,0,0,0,0,0,473,824,9,0,1306,0,0,0,1306
11/22/2004,CVG,KY,ASO,CE,Combined TRACON& Tower with Radar,461,875,16,0,1352,0,0,0,0,0,461,875,16,0,1352,0,0,0,1352
11/23/2004,CVG,KY,ASO,CE,Combined TRACON& Tower with Radar,542,994,20,0,1556,0,0,0,0,0,542,994,20,0,1556,0,0,0,1556
11/24/2004,CVG,KY,ASO,CE,Combined TRACON& Tower with Radar,505,961,15,0,1481,0,0,0,0,0,505,961,15,0,1481,0,0,0,1481
11/25/2004,CVG,KY,ASO,CE,Combined TRACON& Tower with Radar,437,841,11,0,1289,0,1,0,0,1,437,842,11,0,1290,0,0,0,1290
11/26/2004,CVG,KY,ASO,CE,Combined TRACON& Tower with Radar,442,860,4,0,1306,0,1,2,0,3,442,861,6,0,1309,0,0,0,1309
11/27/2004,CVG,KY,ASO,CE,Combined TRACON& Tower with Radar,476,842,2,0,1320,0,0,2,0,2,476,842,4,0,1322,0,0,0,1322
11/28/2004,CVG,KY,ASO,CE,Combined TRACON& Tower with Radar,477,856,16,1,1350,0,0,2,1,3,477,856,18,2,1353,0,0,0,1353
11/29/2004,CVG,KY,ASO,CE,Combined TRACON& Tower with Radar,467,894,15,0,1376,0,0,4,0,4,467,894,19,0,1380,0,0,0,1380
11/30/2004,CVG,KY,ASO,CE,Combined TRACON& Tower with Radar,529,975,21,0,1525,0,0,0,0,0,529,975,21,0,1525,0,0,0,1525
12/01/2004,CVG,KY,ASO,CE,Combined TRACON& Tower with Radar,540,960,35,0,1535,0,0,6,0,6,540,960,41,0,1541,0,0,0,1541
12/02/2004,CVG,KY,ASO,CE,Combined TRACON& Tower with Radar,541,972,32,1,1546,0,0,5,0,5,541,972,37,1,1551,0,0,0,1551
12/03/2004,CVG,KY,ASO,CE,Combined TRACON& Tower with Radar,536,939,18,0,1493,0,0,5,0,5,536,939,23,0,1498,0,0,0,1498
12/04/2004,CVG,KY,ASO,CE,Combined TRACON& Tower with Radar,465,824,8,0,1297,0,0,2,0,2,465,824,10,0,1299,0,0,0,1299
12/05/2004,CVG,KY,ASO,CE,Combined TRACON& Tower with Radar,467,817,9,0,1293,0,0,2,0,2,467,817,11,0,1295,0,0,0,1295
12/06/2004,CVG,KY,ASO,CE,Combined TRACON& Tower with Radar,461,841,20,0,1322,0,1,0,0,1,461,842,20,0,1323,0,0,0,1323
12/07/2004,CVG,KY,ASO,CE,Combined TRACON& Tower with Radar,549,959,20,0,1528,0,0,0,0,0,549,959,20,0,1528,0,0,0,1528
12/08/2004,CVG,KY,ASO,CE,Combined TRACON& Tower with Radar,530,959,31,0,1520,0,0,2,0,2,530,959,33,0,1522,0,0,0,1522
12/09/2004,CVG,KY,ASO,CE,Combined TRACON& Tower with Radar,536,961,28,0,1525,0,0,1,0,1,536,961,29,0,1526,0,0,0,1526
12/10/2004,CVG,KY,ASO,CE,Combined TRACON& Tower with Radar,523,873,19,0,1415,0,0,2,0,2,523,873,21,0,1417,0,0,0,1417
12/11/2004,CVG,KY,ASO,CE,Combined TRACON& Tower with Radar,486,834,5,0,1325,0,0,0,0,0,486,834,5,0,1325,0,0,0,1325
12/12/2004,CVG,KY,ASO,CE,Combined TRACON& Tower with Radar,464,820,6,0,1290,0,1,0,0,1,464,821,6,0,1291,0,0,0,1291
12/13/2004,CVG,KY,ASO,CE,Combined TRACON& Tower with Radar,488,871,26,0,1385,0,0,0,2,2,488,871,26,2,1387,0,0,0,1387
12/14/2004,CVG,KY,ASO,CE,Combined TRACON& Tower with Radar,543,960,25,0,1528,0,0,0,0,0,543,960,25,0,1528,0,0,0,1528
12/15/2004,CVG,KY,ASO,CE,Combined TRACON& Tower with Radar,523,949,48,0,1520,0,0,4,0,4,523,949,52,0,1524,0,0,0,1524
12/16/2004,CVG,KY,ASO,CE,Combined TRACON& Tower with Radar,582,978,35,0,1595,0,0,4,0,4,582,978,39,0,1599,0,0,0,1599
12/17/2004,CVG,KY,ASO,CE,Combined TRACON& Tower with Radar,532,954,27,0,1513,0,0,4,0,4,532,954,31,0,1517,0,0,0,1517
12/18/2004,CVG,KY,ASO,CE,Combined TRACON& Tower with Radar,478,840,13,0,1331,0,0,0,0,0,478,840,13,0,1331,0,0,0,1331
12/19/2004,CVG,KY,ASO,CE,Combined TRACON& Tower with Radar,454,760,6,0,1220,0,0,1,0,1,454,760,7,0,1221,0,0,0,1221
12/20/2004,CVG,KY,ASO,CE,Combined TRACON& Tower with Radar,440,823,16,8,1287,0,1,0,0,1,440,824,16,8,1288,0,0,0,1288
12/21/2004,CVG,KY,ASO,CE,Combined TRACON& Tower with Radar,541,971,24,0,1536,0,1,2,0,3,541,972,26,0,1539,0,0,0,1539
12/22/2004,CVG,KY,ASO,CE,Combined TRACON& Tower with Radar,365,483,24,0,872,0,0,0,0,0,365,483,24,0,872,0,0,0,872
12/23/2004,CVG,KY,ASO,CE,Combined TRACON& Tower with Radar,153,131,27,0,311,0,0,1,0,1,153,131,28,0,312,0,0,0,312
12/24/2004,CVG,KY,ASO,CE,Combined TRACON& Tower with Radar,332,425,33,0,790,0,0,4,0,4,332,425,37,0,794,0,0,0,794
12/25/2004,CVG,KY,ASO,CE,Combined TRACON& Tower with Radar,295,196,7,0,498,0,0,0,0,0,295,196,7,0,498,0,0,0,498
12/26/2004,CVG,KY,ASO,CE,Combined TRACON& Tower with Radar,367,346,16,0,729,0,0,2,0,2,367,346,18,0,731,0,0,0,731
12/27/2004,CVG,KY,ASO,CE,Combined TRACON& Tower with Radar,481,648,19,0,1148,0,0,4,0,4,481,648,23,0,1152,0,0,0,1152
12/28/2004,CVG,KY,ASO,CE,Combined TRACON& Tower with Radar,501,843,8,0,1352,0,0,3,0,3,501,843,11,0,1355,0,0,0,1355
12/29/2004,CVG,KY,ASO,CE,Combined TRACON& Tower with Radar,544,937,7,0,1488,0,0,4,0,4,544,937,11,0,1492,0,0,0,1492
12/30/2004,CVG,KY,ASO,CE,Combined TRACON& Tower with Radar,542,950,7,0,1499,0,0,1,0,1,542,950,8,0,1500,0,0,0,1500
12/31/2004,CVG,KY,ASO,CE,Combined TRACON& Tower with Radar,531,906,5,0,1442,0,0,0,0,0,531,906,5,0,1442,0,0,0,1442
01/01/2005,CVG,KY,ASO,CE,Combined TRACON& Tower with Radar,395,747,15,0,1157,0,0,0,0,0,395,747,15,0,1157,0,0,0,1157
01/02/2005,CVG,KY,ASO,CE,Combined TRACON& Tower with Radar,478,824,12,0,1314,0,0,0,0,0,478,824,12,0,1314,0,0,0,1314
01/03/2005,CVG,KY,ASO,CE,Combined TRACON& Tower with Radar,470,879,8,0,1357,0,0,0,0,0,470,879,8,0,1357,0,0,0,1357
01/04/2005,CVG,KY,ASO,CE,Combined TRACON& Tower with Radar,526,958,17,0,1501,0,0,0,0,0,526,958,17,0,1501,0,0,0,1501
01/05/2005,CVG,KY,ASO,CE,Combined TRACON& Tower with Radar,503,922,14,0,1439,0,0,0,0,0,503,922,14,0,1439,0,0,0,1439
01/06/2005,CVG,KY,ASO,CE,Combined TRACON& Tower with Radar,536,922,23,0,1481,0,0,0,0,0,536,922,23,0,1481,0,0,0,1481
01/07/2005,CVG,KY,ASO,CE,Combined TRACON& Tower with Radar,552,960,10,0,1522,0,0,0,0,0,552,960,10,0,1522,0,0,0,1522
01/08/2005,CVG,KY,ASO,CE,Combined TRACON& Tower with Radar,488,845,8,0,1341,0,0,4,0,4,488,845,12,0,1345,0,0,0,1345
01/09/2005,CVG,KY,ASO,CE,Combined TRACON& Tower with Radar,480,803,12,0,1295,0,0,3,0,3,480,803,15,0,1298,0,0,0,1298
01/10/2005,CVG,KY,ASO,CE,Combined TRACON& Tower with Radar,475,880,21,1,1377,0,0,2,0,2,475,880,23,1,1379,0,0,0,1379
01/11/2005,CVG,KY,ASO,CE,Combined TRACON& Tower with Radar,534,950,7,0,1491,0,0,0,0,0,534,950,7,0,1491,0,0,0,1491
01/12/2005,CVG,KY,ASO,CE,Combined TRACON& Tower with Radar,539,920,29,2,1490,0,7,0,0,7,539,927,29,2,1497,0,0,0,1497
01/13/2005,CVG,KY,ASO,CE,Combined TRACON& Tower with Radar,557,946,30,0,1533,0,0,0,0,0,557,946,30,0,1533,0,0,0,1533
01/14/2005,CVG,KY,ASO,CE,Combined TRACON& Tower with Radar,536,907,17,0,1460,0,1,2,1,4,536,908,19,1,1464,0,0,0,1464
01/15/2005,CVG,KY,ASO,CE,Combined TRACON& Tower with Radar,486,830,8,1,1325,0,0,3,0,3,486,830,11,1,1328,0,0,0,1328
01/16/2005,CVG,KY,ASO,CE,Combined TRACON& Tower with Radar,460,768,4,0,1232,0,0,0,0,0,460,768,4,0,1232,0,0,0,1232
01/17/2005,CVG,KY,ASO,CE,Combined TRACON& Tower with Radar,450,840,23,0,1313,0,0,5,0,5,450,840,28,0,1318,0,0,0,1318
01/18/2005,CVG,KY,ASO,CE,Combined TRACON& Tower with Radar,529,858,26,0,1413,0,0,1,0,1,529,858,27,0,1414,0,0,0,1414
01/19/2005,CVG,KY,ASO,CE,Combined TRACON& Tower with Radar,534,915,24,0,1473,0,1,0,0,1,534,916,24,0,1474,0,0,0,1474
01/20/2005,CVG,KY,ASO,CE,Combined TRACON& Tower with Radar,497,787,28,0,1312,0,3,0,0,3,497,790,28,0,1315,0,0,0,1315
01/21/2005,CVG,KY,ASO,CE,Combined TRACON& Tower with Radar,587,957,16,0,1560,0,0,1,0,1,587,957,17,0,1561,0,0,0,1561
01/22/2005,CVG,KY,ASO,CE,Combined TRACON& Tower with Radar,378,564,7,0,949,0,0,0,0,0,378,564,7,0,949,0,0,0,949
01/23/2005,CVG,KY,ASO,CE,Combined TRACON& Tower with Radar,409,777,11,0,1197,0,0,2,0,2,409,777,13,0,1199,0,0,0,1199
01/24/2005,CVG,KY,ASO,CE,Combined TRACON& Tower with Radar,477,880,13,0,1370,0,0,5,0,5,477,880,18,0,1375,0,0,0,1375
01/25/2005,CVG,KY,ASO,CE,Combined TRACON& Tower with Radar,544,940,23,0,1507,0,0,4,1,5,544,940,27,1,1512,0,0,0,1512
01/26/2005,CVG,KY,ASO,CE,Combined TRACON& Tower with Radar,541,941,38,0,1520,0,1,1,0,2,541,942,39,0,1522,0,0,0,1522
01/27/2005,CVG,KY,ASO,CE,Combined TRACON& Tower with Radar,543,956,31,0,1530,0,0,2,0,2,543,956,33,0,1532,0,0,0,1532
01/28/2005,CVG,KY,ASO,CE,Combined TRACON& Tower with Radar,548,926,19,0,1493,0,0,6,0,6,548,926,25,0,1499,0,0,0,1499
01/29/2005,CVG,KY,ASO,CE,Combined TRACON& Tower with Radar,413,634,6,0,1053,0,0,1,0,1,413,634,7,0,1054,0,0,0,1054
01/30/2005,CVG,KY,ASO,CE,Combined TRACON& Tower with Radar,456,750,9,0,1215,0,0,0,0,0,456,750,9,0,1215,0,0,0,1215
01/31/2005,CVG,KY,ASO,CE,Combined TRACON& Tower with Radar,475,881,27,0,1383,0,0,3,0,3,475,881,30,0,1386,0,0,0,1386
02/01/2005,CVG,KY,ASO,CE,Combined TRACON& Tower with Radar,537,987,22,0,1546,0,0,1,0,1,537,987,23,0,1547,0,0,0,1547
02/02/2005,CVG,KY,ASO,CE,Combined TRACON& Tower with Radar,553,956,16,0,1525,0,0,0,0,0,553,956,16,0,1525,0,0,0,1525
02/03/2005,CVG,KY,ASO,CE,Combined TRACON& Tower with Radar,549,980,26,0,1555,0,0,1,0,1,549,980,27,0,1556,0,0,0,1556
02/04/2005,CVG,KY,ASO,CE,Combined TRACON& Tower with Radar,557,979,25,0,1561,0,0,3,0,3,557,979,28,0,1564,0,0,0,1564
02/05/2005,CVG,KY,ASO,CE,Combined TRACON& Tower with Radar,492,824,12,0,1328,0,0,5,0,5,492,824,17,0,1333,0,0,0,1333
02/06/2005,CVG,KY,ASO,CE,Combined TRACON& Tower with Radar,479,835,5,0,1319,0,0,3,0,3,479,835,8,0,1322,0,0,0,1322
02/07/2005,CVG,KY,ASO,CE,Combined TRACON& Tower with Radar,474,862,13,0,1349,0,0,0,0,0,474,862,13,0,1349,0,0,0,1349
02/08/2005,CVG,KY,ASO,CE,Combined TRACON& Tower with Radar,532,952,11,0,1495,0,0,0,0,0,532,952,11,0,1495,0,0,0,1495
02/09/2005,CVG,KY,ASO,CE,Combined TRACON& Tower with Radar,535,949,24,0,1508,0,0,0,0,0,535,949,24,0,1508,0,0,0,1508
02/10/2005,CVG,KY,ASO,CE,Combined TRACON& Tower with Radar,554,996,27,0,1577,0,0,2,0,2,554,996,29,0,1579,0,0,0,1579
02/11/2005,CVG,KY,ASO,CE,Combined TRACON& Tower with Radar,537,961,26,2,1526,0,1,7,0,8,537,962,33,2,1534,0,0,0,1534
02/12/2005,CVG,KY,ASO,CE,Combined TRACON& Tower with Radar,489,844,8,0,1341,0,0,5,0,5,489,844,13,0,1346,0,0,0,1346
02/13/2005,CVG,KY,ASO,CE,Combined TRACON& Tower with Radar,466,815,6,0,1287,0,0,1,0,1,466,815,7,0,1288,0,0,0,1288
02/14/2005,CVG,KY,ASO,CE,Combined TRACON& Tower with Radar,482,887,17,0,1386,0,0,0,0,0,482,887,17,0,1386,0,0,0,1386
02/15/2005,CVG,KY,ASO,CE,Combined TRACON& Tower with Radar,539,962,32,0,1533,0,0,6,0,6,539,962,38,0,1539,0,0,0,1539
02/16/2005,CVG,KY,ASO,CE,Combined TRACON& Tower with Radar,551,996,25,0,1572,0,1,1,0,2,551,997,26,0,1574,0,0,0,1574
02/17/2005,CVG,KY,ASO,CE,Combined TRACON& Tower with Radar,544,992,21,0,1557,0,0,3,0,3,544,992,24,0,1560,0,0,0,1560
02/18/2005,CVG,KY,ASO,CE,Combined TRACON& Tower with Radar,550,981,25,0,1556,0,0,5,0,5,550,981,30,0,1561,0,0,0,1561
02/19/2005,CVG,KY,ASO,CE,Combined TRACON& Tower with Radar,488,858,10,0,1356,0,0,5,1,6,488,858,15,1,1362,0,0,0,1362
02/20/2005,CVG,KY,ASO,CE,Combined TRACON& Tower with Radar,467,834,8,0,1309,0,0,0,0,0,467,834,8,0,1309,0,0,0,1309
02/21/2005,CVG,KY,ASO,CE,Combined TRACON& Tower with Radar,461,879,15,0,1355,0,0,0,0,0,461,879,15,0,1355,0,0,0,1355
02/22/2005,CVG,KY,ASO,CE,Combined TRACON& Tower with Radar,547,927,18,0,1492,0,0,1,0,1,547,927,19,0,1493,0,0,0,1493
02/23/2005,CVG,KY,ASO,CE,Combined TRACON& Tower with Radar,559,994,23,1,1577,0,4,2,1,7,559,998,25,2,1584,0,0,0,1584
02/24/2005,CVG,KY,ASO,CE,Combined TRACON& Tower with Radar,533,939,13,1,1486,0,0,0,0,0,533,939,13,1,1486,0,0,0,1486
02/25/2005,CVG,KY,ASO,CE,Combined TRACON& Tower with Radar,550,968,37,0,1555,0,1,5,0,6,550,969,42,0,1561,0,0,0,1561
02/26/2005,CVG,KY,ASO,CE,Combined TRACON& Tower with Radar,499,847,9,0,1355,0,0,5,0,5,499,847,14,0,1360,0,0,0,1360
02/27/2005,CVG,KY,ASO,CE,Combined TRACON& Tower with Radar,474,849,16,0,1339,0,0,0,0,0,474,849,16,0,1339,0,0,0,1339
02/28/2005,CVG,KY,ASO,CE,Combined TRACON& Tower with Radar,455,852,11,0,1318,0,0,0,0,0,455,852,11,0,1318,0,0,0,1318
03/01/2005,CVG,KY,ASO,CE,Combined TRACON& Tower with Radar,506,918,24,0,1448,0,0,0,0,0,506,918,24,0,1448,0,0,0,1448
03/02/2005,CVG,KY,ASO,CE,Combined TRACON& Tower with Radar,532,1024,19,0,1575,0,1,3,1,5,532,1025,22,1,1580,0,0,0,1580
03/03/2005,CVG,KY,ASO,CE,Combined TRACON& Tower with Radar,539,1012,21,1,1573,0,0,1,0,1,539,1012,22,1,1574,0,0,0,1574
03/04/2005,CVG,KY,ASO,CE,Combined TRACON& Tower with Radar,541,996,31,4,1572,0,0,0,0,0,541,996,31,4,1572,0,0,0,1572
03/05/2005,CVG,KY,ASO,CE,Combined TRACON& Tower with Radar,493,860,11,0,1364,0,0,1,0,1,493,860,12,0,1365,0,0,0,1365
03/06/2005,CVG,KY,ASO,CE,Combined TRACON& Tower with Radar,459,841,10,0,1310,0,1,2,0,3,459,842,12,0,1313,0,0,0,1313
03/07/2005,CVG,KY,ASO,CE,Combined TRACON& Tower with Radar,463,898,19,0,1380,0,0,1,0,1,463,898,20,0,1381,0,0,0,1381
03/08/2005,CVG,KY,ASO,CE,Combined TRACON& Tower with Radar,509,970,29,0,1508,0,0,1,0,1,509,970,30,0,1509,0,0,0,1509
03/09/2005,CVG,KY,ASO,CE,Combined TRACON& Tower with Radar,517,989,29,2,1537,0,0,5,1,6,517,989,34,3,1543,0,0,0,1543
03/10/2005,CVG,KY,ASO,CE,Combined TRACON& Tower with Radar,519,999,20,0,1538,0,0,2,1,3,519,999,22,1,1541,0,0,0,1541
03/11/2005,CVG,KY,ASO,CE,Combined TRACON& Tower with Radar,529,990,12,0,1531,0,0,0,0,0,529,990,12,0,1531,0,0,0,1531
03/12/2005,CVG,KY,ASO,CE,Combined TRACON& Tower with Radar,476,855,8,0,1339,0,0,1,0,1,476,855,9,0,1340,0,0,0,1340
03/13/2005,CVG,KY,ASO,CE,Combined TRACON& Tower with Radar,458,845,10,1,1314,0,0,2,1,3,458,845,12,2,1317,0,0,0,1317
03/14/2005,CVG,KY,ASO,CE,Combined TRACON& Tower with Radar,471,928,24,0,1423,0,0,1,0,1,471,928,25,0,1424,0,0,0,1424
03/15/2005,CVG,KY,ASO,CE,Combined TRACON& Tower with Radar,522,1004,17,0,1543,0,0,1,0,1,522,1004,18,0,1544,0,0,0,1544
03/16/2005,CVG,KY,ASO,CE,Combined TRACON& Tower with Radar,526,1017,15,0,1558,0,1,2,0,3,526,1018,17,0,1561,0,0,0,1561
03/17/2005,CVG,KY,ASO,CE,Combined TRACON& Tower with Radar,535,1013,13,0,1561,0,1,2,1,4,535,1014,15,1,1565,0,0,0,1565
03/18/2005,CVG,KY,ASO,CE,Combined TRACON& Tower with Radar,542,992,18,1,1553,0,1,3,0,4,542,993,21,1,1557,0,0,0,1557
03/19/2005,CVG,KY,ASO,CE,Combined TRACON& Tower with Radar,496,845,9,0,1350,0,1,2,0,3,496,846,11,0,1353,0,0,0,1353
03/20/2005,CVG,KY,ASO,CE,Combined TRACON& Tower with Radar,463,830,15,0,1308,0,0,1,0,1,463,830,16,0,1309,0,0,0,1309
03/21/2005,CVG,KY,ASO,CE,Combined TRACON& Tower with Radar,469,901,21,0,1391,0,0,1,0,1,469,901,22,0,1392,0,0,0,1392
03/22/2005,CVG,KY,ASO,CE,Combined TRACON& Tower with Radar,529,991,36,0,1556,0,1,3,0,4,529,992,39,0,1560,0,0,0,1560
03/23/2005,CVG,KY,ASO,CE,Combined TRACON& Tower with Radar,534,985,29,0,1548,0,0,0,0,0,534,985,29,0,1548,0,0,0,1548
03/24/2005,CVG,KY,ASO,CE,Combined TRACON& Tower with Radar,536,1006,33,2,1577,0,0,2,0,2,536,1006,35,2,1579,0,0,0,1579
03/25/2005,CVG,KY,ASO,CE,Combined TRACON& Tower with Radar,519,989,8,0,1516,0,0,0,0,0,519,989,8,0,1516,0,0,0,1516
03/26/2005,CVG,KY,ASO,CE,Combined TRACON& Tower with Radar,490,835,5,0,1330,0,1,0,0,1,490,836,5,0,1331,0,0,0,1331
03/27/2005,CVG,KY,ASO,CE,Combined TRACON& Tower with Radar,440,766,5,0,1211,0,0,0,0,0,440,766,5,0,1211,0,0,0,1211
03/28/2005,CVG,KY,ASO,CE,Combined TRACON& Tower with Radar,460,861,26,0,1347,0,0,0,0,0,460,861,26,0,1347,0,0,0,1347
03/29/2005,CVG,KY,ASO,CE,Combined TRACON& Tower with Radar,536,992,25,3,1556,0,0,4,3,7,536,992,29,6,1563,0,0,0,1563
03/30/2005,CVG,KY,ASO,CE,Combined TRACON& Tower with Radar,531,981,15,1,1528,0,1,5,0,6,531,982,20,1,1534,0,0,0,1534
03/31/2005,CVG,KY,ASO,CE,Combined TRACON& Tower with Radar,532,997,18,2,1549,0,0,2,0,2,532,997,20,2,1551,0,0,0,1551
04/01/2005,CVG,KY,ASO,CE,Combined TRACON& Tower with Radar,549,985,18,1,1553,0,2,1,0,3,549,987,19,1,1556,0,0,0,1556
04/02/2005,CVG,KY,ASO,CE,Combined TRACON& Tower with Radar,481,799,5,0,1285,0,0,1,0,1,481,799,6,0,1286,0,0,0,1286
04/03/2005,CVG,KY,ASO,CE,Combined TRACON& Tower with Radar,478,815,17,0,1310,0,0,4,0,4,478,815,21,0,1314,0,0,0,1314
04/04/2005,CVG,KY,ASO,CE,Combined TRACON& Tower with Radar,478,909,10,0,1397,0,0,5,0,5,478,909,15,0,1402,0,0,0,1402
04/05/2005,CVG,KY,ASO,CE,Combined TRACON& Tower with Radar,545,1012,29,5,1591,0,0,7,0,7,545,1012,36,5,1598,0,0,0,1598
04/06/2005,CVG,KY,ASO,CE,Combined TRACON& Tower with Radar,529,990,29,0,1548,0,2,2,0,4,529,992,31,0,1552,0,0,0,1552
04/07/2005,CVG,KY,ASO,CE,Combined TRACON& Tower with Radar,545,986,22,0,1553,0,1,1,0,2,545,987,23,0,1555,0,0,0,1555
04/08/2005,CVG,KY,ASO,CE,Combined TRACON& Tower with Radar,554,990,32,0,1576,0,0,9,0,9,554,990,41,0,1585,0,0,0,1585
04/09/2005,CVG,KY,ASO,CE,Combined TRACON& Tower with Radar,495,838,20,0,1353,0,0,15,0,15,495,838,35,0,1368,0,0,0,1368
04/10/2005,CVG,KY,ASO,CE,Combined TRACON& Tower with Radar,465,828,15,0,1308,0,0,3,1,4,465,828,18,1,1312,0,0,0,1312
04/11/2005,CVG,KY,ASO,CE,Combined TRACON& Tower with Radar,468,908,15,0,1391,0,0,4,0,4,468,908,19,0,1395,0,0,0,1395
04/12/2005,CVG,KY,ASO,CE,Combined TRACON& Tower with Radar,531,991,21,4,1547,0,1,2,0,3,531,992,23,4,1550,0,0,0,1550
04/13/2005,CVG,KY,ASO,CE,Combined TRACON& Tower with Radar,538,1002,25,0,1565,0,0,2,0,2,538,1002,27,0,1567,0,0,0,1567
04/14/2005,CVG,KY,ASO,CE,Combined TRACON& Tower with Radar,534,994,29,0,1557,0,1,5,0,6,534,995,34,0,1563,0,0,0,1563
04/15/2005,CVG,KY,ASO,CE,Combined TRACON& Tower with Radar,525,971,17,0,1513,0,1,4,0,5,525,972,21,0,1518,0,0,0,1518
04/16/2005,CVG,KY,ASO,CE,Combined TRACON& Tower with Radar,483,838,15,0,1336,0,0,7,0,7,483,838,22,0,1343,0,0,0,1343
04/17/2005,CVG,KY,ASO,CE,Combined TRACON& Tower with Radar,476,839,8,0,1323,0,0,2,0,2,476,839,10,0,1325,0,0,0,1325
04/18/2005,CVG,KY,ASO,CE,Combined TRACON& Tower with Radar,487,920,9,4,1420,0,0,2,0,2,487,920,11,4,1422,0,0,0,1422
04/19/2005,CVG,KY,ASO,CE,Combined TRACON& Tower with Radar,547,1018,29,0,1594,0,1,4,0,5,547,1019,33,0,1599,0,0,0,1599
04/20/2005,CVG,KY,ASO,CE,Combined TRACON& Tower with Radar,523,996,31,0,1550,0,1,2,0,3,523,997,33,0,1553,0,0,0,1553
04/21/2005,CVG,KY,ASO,CE,Combined TRACON& Tower with Radar,537,1003,27,0,1567,0,0,2,0,2,537,1003,29,0,1569,0,0,0,1569
04/22/2005,CVG,KY,ASO,CE,Combined TRACON& Tower with Radar,521,883,4,0,1408,0,0,0,0,0,521,883,4,0,1408,0,0,0,1408
04/23/2005,CVG,KY,ASO,CE,Combined TRACON& Tower with Radar,477,847,1,0,1325,0,0,0,0,0,477,847,1,0,1325,0,0,0,1325
04/24/2005,CVG,KY,ASO,CE,Combined TRACON& Tower with Radar,472,851,6,0,1329,0,0,1,0,1,472,851,7,0,1330,0,0,0,1330
04/25/2005,CVG,KY,ASO,CE,Combined TRACON& Tower with Radar,459,919,13,1,1392,0,0,2,0,2,459,919,15,1,1394,0,0,0,1394
04/26/2005,CVG,KY,ASO,CE,Combined TRACON& Tower with Radar,526,998,33,0,1557,0,1,2,0,3,526,999,35,0,1560,0,0,0,1560
04/27/2005,CVG,KY,ASO,CE,Combined TRACON& Tower with Radar,529,1006,44,2,1581,0,0,3,0,3,529,1006,47,2,1584,0,0,0,1584
04/28/2005,CVG,KY,ASO,CE,Combined TRACON& Tower with Radar,539,1004,32,0,1575,0,1,2,0,3,539,1005,34,0,1578,0,0,0,1578
04/29/2005,CVG,KY,ASO,CE,Combined TRACON& Tower with Radar,533,988,16,0,1537,0,0,0,0,0,533,988,16,0,1537,0,0,0,1537
04/30/2005,CVG,KY,ASO,CE,Combined TRACON& Tower with Radar,502,865,8,0,1375,0,0,3,0,3,502,865,11,0,1378,0,0,0,1378
05/01/2005,CVG,KY,ASO,CE,Combined TRACON& Tower with Radar,463,833,15,1,1312,0,1,8,0,9,463,834,23,1,1321,0,0,0,1321
05/02/2005,CVG,KY,ASO,CE,Combined TRACON& Tower with Radar,471,933,29,0,1433,0,0,3,2,5,471,933,32,2,1438,0,0,0,1438
05/03/2005,CVG,KY,ASO,CE,Combined TRACON& Tower with Radar,547,1025,13,0,1585,0,0,3,0,3,547,1025,16,0,1588,0,0,0,1588
05/04/2005,CVG,KY,ASO,CE,Combined TRACON& Tower with Radar,548,1018,25,0,1591,0,0,2,0,2,548,1018,27,0,1593,0,0,0,1593
05/05/2005,CVG,KY,ASO,CE,Combined TRACON& Tower with Radar,548,1035,32,0,1615,0,1,7,0,8,548,1036,39,0,1623,0,0,0,1623
05/06/2005,CVG,KY,ASO,CE,Combined TRACON& Tower with Radar,538,1000,26,0,1564,0,1,9,0,10,538,1001,35,0,1574,0,0,0,1574
05/07/2005,CVG,KY,ASO,CE,Combined TRACON& Tower with Radar,551,996,18,0,1565,0,1,4,0,5,551,997,22,0,1570,0,0,0,1570
05/08/2005,CVG,KY,ASO,CE,Combined TRACON& Tower with Radar,478,828,27,0,1333,0,0,6,0,6,478,828,33,0,1339,0,0,0,1339
05/09/2005,CVG,KY,ASO,CE,Combined TRACON& Tower with Radar,476,908,20,0,1404,0,0,5,0,5,476,908,25,0,1409,0,0,0,1409
05/10/2005,CVG,KY,ASO,CE,Combined TRACON& Tower with Radar,529,991,16,0,1536,0,0,3,0,3,529,991,19,0,1539,0,0,0,1539
05/11/2005,CVG,KY,ASO,CE,Combined TRACON& Tower with Radar,520,984,26,3,1533,0,0,3,0,3,520,984,29,3,1536,0,0,0,1536
05/12/2005,CVG,KY,ASO,CE,Combined TRACON& Tower with Radar,543,987,21,1,1552,0,0,0,0,0,543,987,21,1,1552,0,0,0,1552
05/13/2005,CVG,KY,ASO,CE,Combined TRACON& Tower with Radar,540,975,28,0,1543,0,0,3,0,3,540,975,31,0,1546,0,0,0,1546
05/14/2005,CVG,KY,ASO,CE,Combined TRACON& Tower with Radar,503,860,6,0,1369,0,0,1,0,1,503,860,7,0,1370,0,0,0,1370
05/15/2005,CVG,KY,ASO,CE,Combined TRACON& Tower with Radar,466,845,30,0,1341,0,1,2,1,4,466,846,32,1,1345,0,0,0,1345
05/16/2005,CVG,KY,ASO,CE,Combined TRACON& Tower with Radar,461,917,35,0,1413,0,0,1,0,1,461,917,36,0,1414,0,0,0,1414
05/17/2005,CVG,KY,ASO,CE,Combined TRACON& Tower with Radar,528,997,36,0,1561,0,1,3,1,5,528,998,39,1,1566,0,0,0,1566
05/18/2005,CVG,KY,ASO,CE,Combined TRACON& Tower with Radar,525,980,24,0,1529,0,0,3,0,3,525,980,27,0,1532,0,0,0,1532
05/19/2005,CVG,KY,ASO,CE,Combined TRACON& Tower with Radar,517,866,36,0,1419,0,0,1,0,1,517,866,37,0,1420,0,0,0,1420
05/20/2005,CVG,KY,ASO,CE,Combined TRACON& Tower with Radar,559,1016,22,0,1597,0,0,1,0,1,559,1016,23,0,1598,0,0,0,1598
05/21/2005,CVG,KY,ASO,CE,Combined TRACON& Tower with Radar,496,839,15,0,1350,0,0,6,0,6,496,839,21,0,1356,0,0,0,1356
05/22/2005,CVG,KY,ASO,CE,Combined TRACON& Tower with Radar,494,855,12,0,1361,0,1,3,0,4,494,856,15,0,1365,0,0,0,1365
05/23/2005,CVG,KY,ASO,CE,Combined TRACON& Tower with Radar,472,899,18,0,1389,0,0,2,0,2,472,899,20,0,1391,0,0,0,1391
05/24/2005,CVG,KY,ASO,CE,Combined TRACON& Tower with Radar,525,978,29,0,1532,0,0,1,0,1,525,978,30,0,1533,0,0,0,1533
05/25/2005,CVG,KY,ASO,CE,Combined TRACON& Tower with Radar,530,1010,34,0,1574,0,1,4,0,5,530,1011,38,0,1579,0,0,0,1579
05/26/2005,CVG,KY,ASO,CE,Combined TRACON& Tower with Radar,577,1043,31,0,1651,0,0,3,0,3,577,1043,34,0,1654,0,0,0,1654
05/27/2005,CVG,KY,ASO,CE,Combined TRACON& Tower with Radar,557,1053,12,0,1622,0,0,4,0,4,557,1053,16,0,1626,0,0,0,1626
05/28/2005,CVG,KY,ASO,CE,Combined TRACON& Tower with Radar,529,937,5,0,1471,0,0,4,0,4,529,937,9,0,1475,0,0,0,1475
05/29/2005,CVG,KY,ASO,CE,Combined TRACON& Tower with Radar,436,780,8,0,1224,0,0,0,0,0,436,780,8,0,1224,0,0,0,1224
05/30/2005,CVG,KY,ASO,CE,Combined TRACON& Tower with Radar,459,858,5,0,1322,0,0,0,0,0,459,858,5,0,1322,0,0,0,1322
05/31/2005,CVG,KY,ASO,CE,Combined TRACON& Tower with Radar,482,898,25,0,1405,0,2,0,0,2,482,900,25,0,1407,0,0,0,1407
06/01/2005,CVG,KY,ASO,CE,Combined TRACON& Tower with Radar,508,992,21,0,1521,0,0,3,0,3,508,992,24,0,1524,0,0,0,1524
06/02/2005,CVG,KY,ASO,CE,Combined TRACON& Tower with Radar,518,992,24,0,1534,0,0,0,0,0,518,992,24,0,1534,0,0,0,1534
06/03/2005,CVG,KY,ASO,CE,Combined TRACON& Tower with Radar,507,974,17,0,1498,0,0,1,0,1,507,974,18,0,1499,0,0,0,1499
06/04/2005,CVG,KY,ASO,CE,Combined TRACON& Tower with Radar,493,841,4,1,1339,0,0,0,0,0,493,841,4,1,1339,0,0,0,1339
06/05/2005,CVG,KY,ASO,CE,Combined TRACON& Tower with Radar,455,836,9,0,1300,0,0,0,0,0,455,836,9,0,1300,0,0,0,1300
06/06/2005,CVG,KY,ASO,CE,Combined TRACON& Tower with Radar,444,884,19,0,1347,0,0,0,2,2,444,884,19,2,1349,0,0,0,1349
06/07/2005,CVG,KY,ASO,CE,Combined TRACON& Tower with Radar,509,991,35,0,1535,3,3,5,0,11,512,994,40,0,1546,0,0,0,1546
06/08/2005,CVG,KY,ASO,CE,Combined TRACON& Tower with Radar,509,969,23,0,1501,3,3,2,0,8,512,972,25,0,1509,0,0,0,1509
06/09/2005,CVG,KY,ASO,CE,Combined TRACON& Tower with Radar,512,964,34,1,1511,0,0,0,0,0,512,964,34,1,1511,0,0,0,1511
06/10/2005,CVG,KY,ASO,CE,Combined TRACON& Tower with Radar,492,931,19,0,1442,2,1,6,0,9,494,932,25,0,1451,0,0,0,1451
06/11/2005,CVG,KY,ASO,CE,Combined TRACON& Tower with Radar,519,818,5,0,1342,0,0,0,0,0,519,818,5,0,1342,0,0,0,1342
06/12/2005,CVG,KY,ASO,CE,Combined TRACON& Tower with Radar,446,831,11,0,1288,0,0,2,0,2,446,831,13,0,1290,0,0,0,1290
06/13/2005,CVG,KY,ASO,CE,Combined TRACON& Tower with Radar,434,901,21,0,1356,0,0,0,0,0,434,901,21,0,1356,0,0,0,1356
06/14/2005,CVG,KY,ASO,CE,Combined TRACON& Tower with Radar,491,904,24,0,1419,0,1,5,0,6,491,905,29,0,1425,0,0,0,1425
06/15/2005,CVG,KY,ASO,CE,Combined TRACON& Tower with Radar,519,993,29,0,1541,0,0,5,0,5,519,993,34,0,1546,0,0,0,1546
06/16/2005,CVG,KY,ASO,CE,Combined TRACON& Tower with Radar,517,974,26,0,1517,0,9,6,0,15,517,983,32,0,1532,0,0,0,1532
06/17/2005,CVG,KY,ASO,CE,Combined TRACON& Tower with Radar,516,973,56,0,1545,0,7,7,0,14,516,980,63,0,1559,0,0,0,1559
06/18/2005,CVG,KY,ASO,CE,Combined TRACON& Tower with Radar,506,830,30,0,1366,0,0,18,2,20,506,830,48,2,1386,0,0,0,1386
06/19/2005,CVG,KY,ASO,CE,Combined TRACON& Tower with Radar,442,833,28,0,1303,0,1,5,0,6,442,834,33,0,1309,0,0,0,1309
06/20/2005,CVG,KY,ASO,CE,Combined TRACON& Tower with Radar,440,905,21,0,1366,1,1,2,0,4,441,906,23,0,1370,0,0,0,1370
06/21/2005,CVG,KY,ASO,CE,Combined TRACON& Tower with Radar,510,978,12,0,1500,1,1,4,0,6,511,979,16,0,1506,0,0,0,1506
06/22/2005,CVG,KY,ASO,CE,Combined TRACON& Tower with Radar,507,975,18,0,1500,0,0,9,0,9,507,975,27,0,1509,0,0,0,1509
06/23/2005,CVG,KY,ASO,CE,Combined TRACON& Tower with Radar,520,975,32,0,1527,0,1,8,2,11,520,976,40,2,1538,0,0,0,1538
06/24/2005,CVG,KY,ASO,CE,Combined TRACON& Tower with Radar,512,949,27,0,1488,0,0,9,0,9,512,949,36,0,1497,0,0,0,1497
06/25/2005,CVG,KY,ASO,CE,Combined TRACON& Tower with Radar,492,812,12,0,1316,0,0,0,0,0,492,812,12,0,1316,0,0,0,1316
06/26/2005,CVG,KY,ASO,CE,Combined TRACON& Tower with Radar,436,834,11,1,1282,1,4,3,1,9,437,838,14,2,1291,0,0,0,1291
06/27/2005,CVG,KY,ASO,CE,Combined TRACON& Tower with Radar,434,911,17,0,1362,0,3,3,0,6,434,914,20,0,1368,0,0,0,1368
06/28/2005,CVG,KY,ASO,CE,Combined TRACON& Tower with Radar,516,950,27,2,1495,0,1,8,0,9,516,951,35,2,1504,0,0,0,1504
06/29/2005,CVG,KY,ASO,CE,Combined TRACON& Tower with Radar,504,986,36,0,1526,0,0,3,0,3,504,986,39,0,1529,0,0,0,1529
06/30/2005,CVG,KY,ASO,CE,Combined TRACON& Tower with Radar,502,910,31,0,1443,2,0,5,0,7,504,910,36,0,1450,0,0,0,1450
07/01/2005,CVG,KY,ASO,CE,Combined TRACON& Tower with Radar,513,957,8,0,1478,1,0,7,0,8,514,957,15,0,1486,0,0,0,1486
07/02/2005,CVG,KY,ASO,CE,Combined TRACON& Tower with Radar,511,807,13,0,1331,1,0,2,0,3,512,807,15,0,1334,0,0,0,1334
07/03/2005,CVG,KY,ASO,CE,Combined TRACON& Tower with Radar,439,735,4,3,1181,0,2,1,0,3,439,737,5,3,1184,0,0,0,1184
07/04/2005,CVG,KY,ASO,CE,Combined TRACON& Tower with Radar,430,881,6,0,1317,0,0,0,0,0,430,881,6,0,1317,0,0,0,1317
07/05/2005,CVG,KY,ASO,CE,Combined TRACON& Tower with Radar,432,889,24,0,1345,1,0,1,0,2,433,889,25,0,1347,0,0,0,1347
07/06/2005,CVG,KY,ASO,CE,Combined TRACON& Tower with Radar,497,1005,29,0,1531,0,0,5,0,5,497,1005,34,0,1536,0,0,0,1536
07/07/2005,CVG,KY,ASO,CE,Combined TRACON& Tower with Radar,517,981,30,0,1528,0,5,3,0,8,517,986,33,0,1536,0,0,0,1536
07/08/2005,CVG,KY,ASO,CE,Combined TRACON& Tower with Radar,514,967,22,0,1503,0,1,13,0,14,514,968,35,0,1517,0,0,0,1517
07/09/2005,CVG,KY,ASO,CE,Combined TRACON& Tower with Radar,492,822,15,0,1329,1,2,1,0,4,493,824,16,0,1333,0,0,0,1333
07/10/2005,CVG,KY,ASO,CE,Combined TRACON& Tower with Radar,439,829,29,0,1297,0,1,2,0,3,439,830,31,0,1300,0,0,0,1300
07/11/2005,CVG,KY,ASO,CE,Combined TRACON& Tower with Radar,444,911,19,0,1374,0,2,4,0,6,444,913,23,0,1380,0,0,0,1380
07/12/2005,CVG,KY,ASO,CE,Combined TRACON& Tower with Radar,519,966,16,0,1501,0,1,2,0,3,519,967,18,0,1504,0,0,0,1504
07/13/2005,CVG,KY,ASO,CE,Combined TRACON& Tower with Radar,507,989,24,0,1520,0,0,0,0,0,507,989,24,0,1520,0,0,0,1520
07/14/2005,CVG,KY,ASO,CE,Combined TRACON& Tower with Radar,517,973,21,2,1513,0,1,1,0,2,517,974,22,2,1515,0,0,0,1515
07/15/2005,CVG,KY,ASO,CE,Combined TRACON& Tower with Radar,505,973,21,0,1499,0,0,0,0,0,505,973,21,0,1499,3,1,4,1503
07/16/2005,CVG,KY,ASO,CE,Combined TRACON& Tower with Radar,489,793,10,2,1294,0,1,1,0,2,489,794,11,2,1296,0,0,0,1296
07/17/2005,CVG,KY,ASO,CE,Combined TRACON& Tower with Radar,442,807,13,0,1262,0,3,1,0,4,442,810,14,0,1266,0,0,0,1266
07/18/2005,CVG,KY,ASO,CE,Combined TRACON& Tower with Radar,431,890,18,0,1339,0,2,2,0,4,431,892,20,0,1343,0,0,0,1343
07/19/2005,CVG,KY,ASO,CE,Combined TRACON& Tower with Radar,518,976,27,0,1521,1,0,2,0,3,519,976,29,0,1524,0,0,0,1524
07/20/2005,CVG,KY,ASO,CE,Combined TRACON& Tower with Radar,503,963,31,0,1497,1,1,4,0,6,504,964,35,0,1503,0,0,0,1503
07/21/2005,CVG,KY,ASO,CE,Combined TRACON& Tower with Radar,519,997,30,0,1546,0,0,1,0,1,519,997,31,0,1547,0,0,0,1547
07/22/2005,CVG,KY,ASO,CE,Combined TRACON& Tower with Radar,514,982,19,0,1515,0,0,6,2,8,514,982,25,2,1523,0,0,0,1523
07/23/2005,CVG,KY,ASO,CE,Combined TRACON& Tower with Radar,499,824,4,0,1327,0,2,1,0,3,499,826,5,0,1330,0,0,0,1330
07/24/2005,CVG,KY,ASO,CE,Combined TRACON& Tower with Radar,448,827,13,0,1288,0,1,2,0,3,448,828,15,0,1291,0,0,0,1291
07/25/2005,CVG,KY,ASO,CE,Combined TRACON& Tower with Radar,431,888,19,0,1338,0,3,2,0,5,431,891,21,0,1343,0,0,0,1343
07/26/2005,CVG,KY,ASO,CE,Combined TRACON& Tower with Radar,513,968,23,0,1504,2,2,2,1,7,515,970,25,1,1511,0,0,0,1511
07/27/2005,CVG,KY,ASO,CE,Combined TRACON& Tower with Radar,492,941,22,0,1455,1,2,4,0,7,493,943,26,0,1462,0,0,0,1462
07/28/2005,CVG,KY,ASO,CE,Combined TRACON& Tower with Radar,512,968,14,0,1494,0,1,2,0,3,512,969,16,0,1497,0,0,0,1497
07/29/2005,CVG,KY,ASO,CE,Combined TRACON& Tower with Radar,511,957,16,0,1484,0,0,4,0,4,511,957,20,0,1488,0,0,0,1488
07/30/2005,CVG,KY,ASO,CE,Combined TRACON& Tower with Radar,490,807,7,0,1304,2,0,2,0,4,492,807,9,0,1308,0,0,0,1308
07/31/2005,CVG,KY,ASO,CE,Combined TRACON& Tower with Radar,437,807,12,0,1256,0,2,5,0,7,437,809,17,0,1263,0,0,0,1263
08/01/2005,CVG,KY,ASO,CE,Combined TRACON& Tower with Radar,434,908,7,0,1349,0,0,2,0,2,434,908,9,0,1351,0,0,0,1351
08/02/2005,CVG,KY,ASO,CE,Combined TRACON& Tower with Radar,500,976,14,0,1490,0,1,2,0,3,500,977,16,0,1493,0,0,0,1493
08/03/2005,CVG,KY,ASO,CE,Combined TRACON& Tower with Radar,501,996,27,2,1526,0,1,5,0,6,501,997,32,2,1532,0,0,0,1532
08/04/2005,CVG,KY,ASO,CE,Combined TRACON& Tower with Radar,505,991,16,0,1512,1,2,3,0,6,506,993,19,0,1518,0,0,0,1518
08/05/2005,CVG,KY,ASO,CE,Combined TRACON& Tower with Radar,502,964,14,0,1480,0,4,0,0,4,502,968,14,0,1484,0,0,0,1484
08/06/2005,CVG,KY,ASO,CE,Combined TRACON& Tower with Radar,484,869,4,0,1357,1,9,2,0,12,485,878,6,0,1369,0,0,0,1369
08/07/2005,CVG,KY,ASO,CE,Combined TRACON& Tower with Radar,440,861,8,2,1311,0,11,1,0,12,440,872,9,2,1323,0,0,0,1323
08/08/2005,CVG,KY,ASO,CE,Combined TRACON& Tower with Radar,419,909,3,0,1331,0,3,3,0,6,419,912,6,0,1337,0,0,0,1337
08/09/2005,CVG,KY,ASO,CE,Combined TRACON& Tower with Radar,497,1006,14,0,1517,1,1,3,0,5,498,1007,17,0,1522,0,0,0,1522
08/10/2005,CVG,KY,ASO,CE,Combined TRACON& Tower with Radar,505,990,17,0,1512,0,0,8,0,8,505,990,25,0,1520,0,0,0,1520
08/11/2005,CVG,KY,ASO,CE,Combined TRACON& Tower with Radar,492,977,22,0,1491,0,0,1,0,1,492,977,23,0,1492,0,0,0,1492
08/12/2005,CVG,KY,ASO,CE,Combined TRACON& Tower with Radar,500,991,15,1,1507,0,0,4,0,4,500,991,19,1,1511,0,0,0,1511
08/13/2005,CVG,KY,ASO,CE,Combined TRACON& Tower with Radar,492,852,11,0,1355,0,17,5,3,25,492,869,16,3,1380,0,0,0,1380
08/14/2005,CVG,KY,ASO,CE,Combined TRACON& Tower with Radar,427,837,14,0,1278,0,2,6,0,8,427,839,20,0,1286,0,0,0,1286
08/15/2005,CVG,KY,ASO,CE,Combined TRACON& Tower with Radar,426,931,20,0,1377,0,1,0,0,1,426,932,20,0,1378,0,0,0,1378
08/16/2005,CVG,KY,ASO,CE,Combined TRACON& Tower with Radar,501,995,14,0,1510,0,0,0,2,2,501,995,14,2,1512,0,0,0,1512
08/17/2005,CVG,KY,ASO,CE,Combined TRACON& Tower with Radar,501,982,39,1,1523,1,3,9,0,13,502,985,48,1,1536,0,0,0,1536
08/18/2005,CVG,KY,ASO,CE,Combined TRACON& Tower with Radar,495,1010,25,0,1530,0,0,0,0,0,495,1010,25,0,1530,0,0,0,1530
08/19/2005,CVG,KY,ASO,CE,Combined TRACON& Tower with Radar,474,944,22,0,1440,1,1,2,0,4,475,945,24,0,1444,0,0,0,1444
08/20/2005,CVG,KY,ASO,CE,Combined TRACON& Tower with Radar,482,794,1,0,1277,0,1,0,0,1,482,795,1,0,1278,0,0,0,1278
08/21/2005,CVG,KY,ASO,CE,Combined TRACON& Tower with Radar,439,870,18,0,1327,0,0,4,0,4,439,870,22,0,1331,0,0,0,1331
08/22/2005,CVG,KY,ASO,CE,Combined TRACON& Tower with Radar,430,949,13,0,1392,0,3,8,0,11,430,952,21,0,1403,0,0,0,1403
08/23/2005,CVG,KY,ASO,CE,Combined TRACON& Tower with Radar,491,1011,22,0,1524,0,6,6,0,12,491,1017,28,0,1536,0,0,0,1536
08/24/2005,CVG,KY,ASO,CE,Combined TRACON& Tower with Radar,486,1008,18,0,1512,0,19,11,0,30,486,1027,29,0,1542,0,0,0,1542
08/25/2005,CVG,KY,ASO,CE,Combined TRACON& Tower with Radar,510,1021,15,0,1546,0,18,9,0,27,510,1039,24,0,1573,0,0,0,1573
08/26/2005,CVG,KY,ASO,CE,Combined TRACON& Tower with Radar,508,1000,8,0,1516,0,0,2,0,2,508,1000,10,0,1518,0,0,0,1518
08/27/2005,CVG,KY,ASO,CE,Combined TRACON& Tower with Radar,487,849,5,0,1341,0,0,2,0,2,487,849,7,0,1343,0,0,0,1343
08/28/2005,CVG,KY,ASO,CE,Combined TRACON& Tower with Radar,436,871,13,0,1320,0,2,1,0,3,436,873,14,0,1323,0,0,0,1323
08/29/2005,CVG,KY,ASO,CE,Combined TRACON& Tower with Radar,423,927,33,0,1383,0,3,1,0,4,423,930,34,0,1387,0,0,0,1387
08/30/2005,CVG,KY,ASO,CE,Combined TRACON& Tower with Radar,493,1020,37,0,1550,1,3,0,0,4,494,1023,37,0,1554,0,0,0,1554
08/31/2005,CVG,KY,ASO,CE,Combined TRACON& Tower with Radar,490,1006,43,2,1541,0,3,3,0,6,490,1009,46,2,1547,0,0,0,1547
09/01/2005,CVG,KY,ASO,CE,Combined TRACON& Tower with Radar,487,983,18,0,1488,0,25,3,1,29,487,1008,21,1,1517,0,0,0,1517
09/02/2005,CVG,KY,ASO,CE,Combined TRACON& Tower with Radar,477,958,14,4,1453,0,9,5,0,14,477,967,19,4,1467,0,0,0,1467
09/03/2005,CVG,KY,ASO,CE,Combined TRACON& Tower with Radar,432,748,8,1,1189,0,1,2,0,3,432,749,10,1,1192,0,0,0,1192
09/04/2005,CVG,KY,ASO,CE,Combined TRACON& Tower with Radar,368,747,2,2,1119,1,0,1,5,7,369,747,3,7,1126,0,0,0,1126
09/05/2005,CVG,KY,ASO,CE,Combined TRACON& Tower with Radar,393,829,9,2,1233,0,0,1,0,1,393,829,10,2,1234,0,0,0,1234
09/06/2005,CVG,KY,ASO,CE,Combined TRACON& Tower with Radar,405,902,17,0,1324,0,3,3,0,6,405,905,20,0,1330,0,0,0,1330
09/07/2005,CVG,KY,ASO,CE,Combined TRACON& Tower with Radar,471,970,23,0,1464,0,0,3,0,3,471,970,26,0,1467,0,0,0,1467
09/08/2005,CVG,KY,ASO,CE,Combined TRACON& Tower with Radar,481,970,20,1,1472,0,6,8,0,14,481,976,28,1,1486,0,0,0,1486
09/09/2005,CVG,KY,ASO,CE,Combined TRACON& Tower with Radar,489,955,15,0,1459,0,0,2,0,2,489,955,17,0,1461,0,0,0,1461
09/10/2005,CVG,KY,ASO,CE,Combined TRACON& Tower with Radar,381,717,16,0,1114,0,2,4,0,6,381,719,20,0,1120,0,0,0,1120
09/11/2005,CVG,KY,ASO,CE,Combined TRACON& Tower with Radar,392,810,7,0,1209,0,2,6,0,8,392,812,13,0,1217,0,0,0,1217
09/12/2005,CVG,KY,ASO,CE,Combined TRACON& Tower with Radar,398,882,26,0,1306,0,2,3,0,5,398,884,29,0,1311,0,0,0,1311
09/13/2005,CVG,KY,ASO,CE,Combined TRACON& Tower with Radar,398,940,27,0,1365,0,0,4,0,4,398,940,31,0,1369,0,0,0,1369
09/14/2005,CVG,KY,ASO,CE,Combined TRACON& Tower with Radar,402,912,18,2,1334,0,14,2,0,16,402,926,20,2,1350,0,0,0,1350
09/15/2005,CVG,KY,ASO,CE,Combined TRACON& Tower with Radar,406,915,19,0,1340,0,7,5,0,12,406,922,24,0,1352,0,0,0,1352
09/16/2005,CVG,KY,ASO,CE,Combined TRACON& Tower with Radar,412,909,13,0,1334,1,1,1,0,3,413,910,14,0,1337,0,0,0,1337
09/17/2005,CVG,KY,ASO,CE,Combined TRACON& Tower with Radar,381,716,10,0,1107,0,1,0,0,1,381,717,10,0,1108,0,0,0,1108
09/18/2005,CVG,KY,ASO,CE,Combined TRACON& Tower with Radar,392,804,11,0,1207,0,0,4,0,4,392,804,15,0,1211,0,0,0,1211
09/19/2005,CVG,KY,ASO,CE,Combined TRACON& Tower with Radar,405,868,9,1,1283,0,0,7,0,7,405,868,16,1,1290,0,0,0,1290
09/20/2005,CVG,KY,ASO,CE,Combined TRACON& Tower with Radar,406,921,18,0,1345,1,1,0,0,2,407,922,18,0,1347,0,0,0,1347
09/21/2005,CVG,KY,ASO,CE,Combined TRACON& Tower with Radar,410,912,38,1,1361,0,1,3,0,4,410,913,41,1,1365,0,0,0,1365
09/22/2005,CVG,KY,ASO,CE,Combined TRACON& Tower with Radar,419,946,14,0,1379,0,6,6,0,12,419,952,20,0,1391,0,0,0,1391
09/23/2005,CVG,KY,ASO,CE,Combined TRACON& Tower with Radar,414,900,9,0,1323,0,0,3,0,3,414,900,12,0,1326,0,0,0,1326
09/24/2005,CVG,KY,ASO,CE,Combined TRACON& Tower with Radar,381,708,9,0,1098,0,3,1,0,4,381,711,10,0,1102,0,0,0,1102
09/25/2005,CVG,KY,ASO,CE,Combined TRACON& Tower with Radar,394,791,6,0,1191,1,1,0,2,4,395,792,6,2,1195,0,0,0,1195
09/26/2005,CVG,KY,ASO,CE,Combined TRACON& Tower with Radar,395,886,21,1,1303,0,1,0,0,1,395,887,21,1,1304,0,0,0,1304
09/27/2005,CVG,KY,ASO,CE,Combined TRACON& Tower with Radar,401,936,22,0,1359,0,0,12,0,12,401,936,34,0,1371,0,0,0,1371
09/28/2005,CVG,KY,ASO,CE,Combined TRACON& Tower with Radar,406,928,18,0,1352,0,4,4,0,8,406,932,22,0,1360,0,0,0,1360
09/29/2005,CVG,KY,ASO,CE,Combined TRACON& Tower with Radar,419,934,27,0,1380,0,1,4,0,5,419,935,31,0,1385,0,0,0,1385
09/30/2005,CVG,KY,ASO,CE,Combined TRACON& Tower with Radar,416,930,18,0,1364,0,1,1,1,3,416,931,19,1,1367,0,0,0,1367
10/01/2005,CVG,KY,ASO,CE,Combined TRACON& Tower with Radar,377,715,6,1,1099,0,1,2,0,3,377,716,8,1,1102,0,0,0,1102
10/02/2005,CVG,KY,ASO,CE,Combined TRACON& Tower with Radar,388,802,7,0,1197,0,0,1,0,1,388,802,8,0,1198,0,0,0,1198
10/03/2005,CVG,KY,ASO,CE,Combined TRACON& Tower with Radar,394,892,30,0,1316,0,0,4,0,4,394,892,34,0,1320,0,0,0,1320
10/04/2005,CVG,KY,ASO,CE,Combined TRACON& Tower with Radar,403,930,32,0,1365,0,2,8,0,10,403,932,40,0,1375,0,0,0,1375
10/05/2005,CVG,KY,ASO,CE,Combined TRACON& Tower with Radar,404,949,28,0,1381,0,0,4,0,4,404,949,32,0,1385,0,0,0,1385
10/06/2005,CVG,KY,ASO,CE,Combined TRACON& Tower with Radar,410,956,11,0,1377,0,0,1,0,1,410,956,12,0,1378,0,0,0,1378
10/07/2005,CVG,KY,ASO,CE,Combined TRACON& Tower with Radar,419,920,16,1,1356,0,1,0,0,1,419,921,16,1,1357,0,0,0,1357
10/08/2005,CVG,KY,ASO,CE,Combined TRACON& Tower with Radar,379,729,12,0,1120,0,2,2,1,5,379,731,14,1,1125,0,0,0,1125
10/09/2005,CVG,KY,ASO,CE,Combined TRACON& Tower with Radar,392,812,18,0,1222,0,0,0,1,1,392,812,18,1,1223,0,0,0,1223
10/10/2005,CVG,KY,ASO,CE,Combined TRACON& Tower with Radar,389,877,13,2,1281,0,2,0,0,2,389,879,13,2,1283,0,0,0,1283
10/11/2005,CVG,KY,ASO,CE,Combined TRACON& Tower with Radar,406,886,26,1,1319,0,3,3,0,6,406,889,29,1,1325,0,0,0,1325
10/12/2005,CVG,KY,ASO,CE,Combined TRACON& Tower with Radar,405,928,24,1,1358,2,2,1,0,5,407,930,25,1,1363,0,0,0,1363
10/13/2005,CVG,KY,ASO,CE,Combined TRACON& Tower with Radar,409,944,26,0,1379,0,2,3,0,5,409,946,29,0,1384,0,0,0,1384
10/14/2005,CVG,KY,ASO,CE,Combined TRACON& Tower with Radar,411,904,17,0,1332,0,2,0,0,2,411,906,17,0,1334,0,0,0,1334
10/15/2005,CVG,KY,ASO,CE,Combined TRACON& Tower with Radar,383,712,9,0,1104,0,1,4,0,5,383,713,13,0,1109,0,0,0,1109
10/16/2005,CVG,KY,ASO,CE,Combined TRACON& Tower with Radar,389,817,6,0,1212,0,0,9,0,9,389,817,15,0,1221,0,0,0,1221
10/17/2005,CVG,KY,ASO,CE,Combined TRACON& Tower with Radar,399,892,18,0,1309,1,1,2,0,4,400,893,20,0,1313,0,0,0,1313
10/18/2005,CVG,KY,ASO,CE,Combined TRACON& Tower with Radar,402,937,17,0,1356,0,3,4,0,7,402,940,21,0,1363,0,0,0,1363
10/19/2005,CVG,KY,ASO,CE,Combined TRACON& Tower with Radar,399,957,17,0,1373,0,8,3,0,11,399,965,20,0,1384,0,0,0,1384
10/20/2005,CVG,KY,ASO,CE,Combined TRACON& Tower with Radar,410,956,22,0,1388,0,0,2,0,2,410,956,24,0,1390,0,0,0,1390
10/21/2005,CVG,KY,ASO,CE,Combined TRACON& Tower with Radar,403,931,13,0,1347,0,0,0,0,0,403,931,13,0,1347,0,0,0,1347
10/22/2005,CVG,KY,ASO,CE,Combined TRACON& Tower with Radar,379,711,3,0,1093,0,0,0,0,0,379,711,3,0,1093,0,0,0,1093
10/23/2005,CVG,KY,ASO,CE,Combined TRACON& Tower with Radar,384,819,4,0,1207,0,0,2,0,2,384,819,6,0,1209,0,0,0,1209
10/24/2005,CVG,KY,ASO,CE,Combined TRACON& Tower with Radar,375,872,13,0,1260,0,1,1,0,2,375,873,14,0,1262,0,0,0,1262
10/25/2005,CVG,KY,ASO,CE,Combined TRACON& Tower with Radar,398,927,21,0,1346,0,1,0,0,1,398,928,21,0,1347,0,0,0,1347
10/26/2005,CVG,KY,ASO,CE,Combined TRACON& Tower with Radar,398,938,22,1,1359,0,0,8,0,8,398,938,30,1,1367,0,0,0,1367
10/27/2005,CVG,KY,ASO,CE,Combined TRACON& Tower with Radar,399,942,25,0,1366,0,3,2,0,5,399,945,27,0,1371,0,0,0,1371
10/28/2005,CVG,KY,ASO,CE,Combined TRACON& Tower with Radar,401,919,22,0,1342,0,0,4,0,4,401,919,26,0,1346,0,0,0,1346
10/29/2005,CVG,KY,ASO,CE,Combined TRACON& Tower with Radar,376,711,12,0,1099,0,0,2,1,3,376,711,14,1,1102,0,0,0,1102
10/30/2005,CVG,KY,ASO,CE,Combined TRACON& Tower with Radar,374,795,15,0,1184,0,0,4,0,4,374,795,19,0,1188,0,0,0,1188
10/31/2005,CVG,KY,ASO,CE,Combined TRACON& Tower with Radar,297,681,8,0,986,0,0,4,0,4,297,681,12,0,990,0,0,0,990
11/01/2005,CVG,KY,ASO,CE,Combined TRACON& Tower with Radar,277,647,25,2,951,0,1,0,0,1,277,648,25,2,952,0,0,0,952
11/02/2005,CVG,KY,ASO,CE,Combined TRACON& Tower with Radar,302,696,31,1,1030,0,2,4,0,6,302,698,35,1,1036,0,0,0,1036
11/03/2005,CVG,KY,ASO,CE,Combined TRACON& Tower with Radar,309,712,15,1,1037,0,0,15,0,15,309,712,30,1,1052,0,0,0,1052
11/04/2005,CVG,KY,ASO,CE,Combined TRACON& Tower with Radar,400,914,18,1,1333,0,1,3,0,4,400,915,21,1,1337,0,0,0,1337
11/05/2005,CVG,KY,ASO,CE,Combined TRACON& Tower with Radar,340,673,12,0,1025,0,1,0,0,1,340,674,12,0,1026,0,0,0,1026
11/06/2005,CVG,KY,ASO,CE,Combined TRACON& Tower with Radar,353,759,13,3,1128,0,1,2,0,3,353,760,15,3,1131,0,0,0,1131
11/07/2005,CVG,KY,ASO,CE,Combined TRACON& Tower with Radar,400,909,13,0,1322,0,1,7,0,8,400,910,20,0,1330,0,0,0,1330
11/08/2005,CVG,KY,ASO,CE,Combined TRACON& Tower with Radar,355,850,23,1,1229,0,2,7,0,9,355,852,30,1,1238,0,0,0,1238
11/09/2005,CVG,KY,ASO,CE,Combined TRACON& Tower with Radar,384,917,36,0,1337,0,0,0,0,0,384,917,36,0,1337,0,0,0,1337
11/10/2005,CVG,KY,ASO,CE,Combined TRACON& Tower with Radar,400,915,34,0,1349,0,0,4,1,5,400,915,38,1,1354,0,0,0,1354
11/11/2005,CVG,KY,ASO,CE,Combined TRACON& Tower with Radar,402,867,9,0,1278,0,0,3,0,3,402,867,12,0,1281,0,0,0,1281
11/12/2005,CVG,KY,ASO,CE,Combined TRACON& Tower with Radar,345,670,9,0,1024,0,0,2,2,4,345,670,11,2,1028,0,0,0,1028
11/13/2005,CVG,KY,ASO,CE,Combined TRACON& Tower with Radar,360,778,5,0,1143,0,0,0,0,0,360,778,5,0,1143,0,0,0,1143
11/14/2005,CVG,KY,ASO,CE,Combined TRACON& Tower with Radar,395,890,23,2,1310,0,0,0,0,0,395,890,23,2,1310,0,0,0,1310
11/15/2005,CVG,KY,ASO,CE,Combined TRACON& Tower with Radar,352,810,18,2,1182,0,0,0,0,0,352,810,18,2,1182,0,0,0,1182
11/16/2005,CVG,KY,ASO,CE,Combined TRACON& Tower with Radar,392,919,22,0,1333,0,0,1,0,1,392,919,23,0,1334,0,0,0,1334
11/17/2005,CVG,KY,ASO,CE,Combined TRACON& Tower with Radar,409,930,21,0,1360,0,2,4,0,6,409,932,25,0,1366,0,0,0,1366
11/18/2005,CVG,KY,ASO,CE,Combined TRACON& Tower with Radar,405,911,12,0,1328,0,0,0,0,0,405,911,12,0,1328,0,0,0,1328
11/19/2005,CVG,KY,ASO,CE,Combined TRACON& Tower with Radar,348,672,5,1,1026,0,1,6,2,9,348,673,11,3,1035,0,0,0,1035
11/20/2005,CVG,KY,ASO,CE,Combined TRACON& Tower with Radar,379,760,15,2,1156,0,0,8,2,10,379,760,23,4,1166,0,0,0,1166
11/21/2005,CVG,KY,ASO,CE,Combined TRACON& Tower with Radar,401,863,18,0,1282,0,2,4,0,6,401,865,22,0,1288,0,0,0,1288
11/22/2005,CVG,KY,ASO,CE,Combined TRACON& Tower with Radar,413,911,18,1,1343,0,2,2,1,5,413,913,20,2,1348,0,0,0,1348
11/23/2005,CVG,KY,ASO,CE,Combined TRACON& Tower with Radar,409,931,6,0,1346,0,0,3,0,3,409,931,9,0,1349,0,0,0,1349
11/24/2005,CVG,KY,ASO,CE,Combined TRACON& Tower with Radar,307,758,4,0,1069,0,0,0,0,0,307,758,4,0,1069,0,0,0,1069
11/25/2005,CVG,KY,ASO,CE,Combined TRACON& Tower with Radar,327,753,4,0,1084,0,0,3,0,3,327,753,7,0,1087,0,0,0,1087
11/26/2005,CVG,KY,ASO,CE,Combined TRACON& Tower with Radar,375,726,1,0,1102,0,2,1,0,3,375,728,2,0,1105,0,0,0,1105
11/27/2005,CVG,KY,ASO,CE,Combined TRACON& Tower with Radar,396,801,12,0,1209,0,0,9,0,9,396,801,21,0,1218,0,0,0,1218
11/28/2005,CVG,KY,ASO,CE,Combined TRACON& Tower with Radar,404,908,17,0,1329,0,1,2,0,3,404,909,19,0,1332,0,0,0,1332
11/29/2005,CVG,KY,ASO,CE,Combined TRACON& Tower with Radar,390,914,11,2,1317,0,0,1,0,1,390,914,12,2,1318,0,0,0,1318
11/30/2005,CVG,KY,ASO,CE,Combined TRACON& Tower with Radar,393,902,28,0,1323,0,2,5,2,9,393,904,33,2,1332,0,0,0,1332
12/01/2005,CVG,KY,ASO,CE,Combined TRACON& Tower with Radar,305,772,28,0,1105,0,0,1,0,1,305,772,29,0,1106,0,0,0,1106
12/02/2005,CVG,KY,ASO,CE,Combined TRACON& Tower with Radar,304,768,18,0,1090,0,2,0,0,2,304,770,18,0,1092,0,0,0,1092
12/03/2005,CVG,KY,ASO,CE,Combined TRACON& Tower with Radar,214,462,4,0,680,0,0,1,2,3,214,462,5,2,683,0,0,0,683
12/04/2005,CVG,KY,ASO,CE,Combined TRACON& Tower with Radar,251,581,3,4,839,0,0,0,0,0,251,581,3,4,839,0,0,0,839
12/05/2005,CVG,KY,ASO,CE,Combined TRACON& Tower with Radar,294,712,22,1,1029,0,0,0,0,0,294,712,22,1,1029,0,0,0,1029
12/06/2005,CVG,KY,ASO,CE,Combined TRACON& Tower with Radar,275,658,16,0,949,0,9,1,0,10,275,667,17,0,959,0,0,0,959
12/07/2005,CVG,KY,ASO,CE,Combined TRACON& Tower with Radar,276,659,18,0,953,0,11,12,0,23,276,670,30,0,976,0,0,0,976
12/08/2005,CVG,KY,ASO,CE,Combined TRACON& Tower with Radar,276,700,19,0,995,0,1,0,0,1,276,701,19,0,996,0,0,0,996
12/09/2005,CVG,KY,ASO,CE,Combined TRACON& Tower with Radar,290,760,14,0,1064,0,0,2,0,2,290,760,16,0,1066,0,0,0,1066
12/10/2005,CVG,KY,ASO,CE,Combined TRACON& Tower with Radar,228,497,7,0,732,0,0,0,0,0,228,497,7,0,732,0,0,0,732
12/11/2005,CVG,KY,ASO,CE,Combined TRACON& Tower with Radar,261,584,6,0,851,0,0,2,0,2,261,584,8,0,853,0,0,0,853
12/12/2005,CVG,KY,ASO,CE,Combined TRACON& Tower with Radar,298,712,17,0,1027,0,0,1,0,1,298,712,18,0,1028,0,0,0,1028
12/13/2005,CVG,KY,ASO,CE,Combined TRACON& Tower with Radar,279,671,11,0,961,0,0,3,0,3,279,671,14,0,964,0,0,0,964
12/14/2005,CVG,KY,ASO,CE,Combined TRACON& Tower with Radar,273,658,24,1,956,0,0,0,0,0,273,658,24,1,956,0,0,0,956
12/15/2005,CVG,KY,ASO,CE,Combined TRACON& Tower with Radar,286,695,19,0,1000,0,0,0,0,0,286,695,19,0,1000,0,0,0,1000
12/16/2005,CVG,KY,ASO,CE,Combined TRACON& Tower with Radar,294,739,19,0,1052,0,0,0,0,0,294,739,19,0,1052,0,0,0,1052
12/17/2005,CVG,KY,ASO,CE,Combined TRACON& Tower with Radar,224,510,3,2,739,0,0,1,2,3,224,510,4,4,742,0,0,0,742
12/18/2005,CVG,KY,ASO,CE,Combined TRACON& Tower with Radar,249,583,7,0,839,0,2,2,0,4,249,585,9,0,843,0,0,0,843
12/19/2005,CVG,KY,ASO,CE,Combined TRACON& Tower with Radar,288,723,21,0,1032,0,0,2,0,2,288,723,23,0,1034,0,0,0,1034
12/20/2005,CVG,KY,ASO,CE,Combined TRACON& Tower with Radar,273,669,13,2,957,0,0,6,1,7,273,669,19,3,964,0,0,0,964
12/21/2005,CVG,KY,ASO,CE,Combined TRACON& Tower with Radar,294,764,11,0,1069,0,0,1,0,1,294,764,12,0,1070,0,0,0,1070
12/22/2005,CVG,KY,ASO,CE,Combined TRACON& Tower with Radar,301,765,17,2,1085,0,0,2,0,2,301,765,19,2,1087,0,0,0,1087
12/23/2005,CVG,KY,ASO,CE,Combined TRACON& Tower with Radar,297,774,0,0,1071,0,2,1,0,3,297,776,1,0,1074,0,0,0,1074
12/24/2005,CVG,KY,ASO,CE,Combined TRACON& Tower with Radar,219,502,2,0,723,0,0,0,0,0,219,502,2,0,723,0,0,0,723
12/25/2005,CVG,KY,ASO,CE,Combined TRACON& Tower with Radar,242,556,3,0,801,0,0,0,0,0,242,556,3,0,801,0,0,0,801
12/26/2005,CVG,KY,ASO,CE,Combined TRACON& Tower with Radar,285,687,7,0,979,0,0,0,0,0,285,687,7,0,979,0,0,0,979
12/27/2005,CVG,KY,ASO,CE,Combined TRACON& Tower with Radar,285,713,6,0,1004,0,0,3,0,3,285,713,9,0,1007,0,0,0,1007
12/28/2005,CVG,KY,ASO,CE,Combined TRACON& Tower with Radar,286,746,11,2,1045,0,1,1,1,3,286,747,12,3,1048,0,0,0,1048
12/29/2005,CVG,KY,ASO,CE,Combined TRACON& Tower with Radar,289,755,4,2,1050,0,0,0,0,0,289,755,4,2,1050,0,0,0,1050
12/30/2005,CVG,KY,ASO,CE,Combined TRACON& Tower with Radar,284,741,4,0,1029,0,0,0,0,0,284,741,4,0,1029,0,0,0,1029
12/31/2005,CVG,KY,ASO,CE,Combined TRACON& Tower with Radar,215,499,1,0,715,0,0,0,0,0,215,499,1,0,715,0,0,0,715
01/01/2006,CVG,KY,ASO,CE,Combined TRACON& Tower with Radar,236,565,3,0,804,0,0,1,0,1,236,565,4,0,805,0,0,0,805
01/02/2006,CVG,KY,ASO,CE,Combined TRACON& Tower with Radar,276,696,8,0,980,0,0,0,0,0,276,696,8,0,980,0,0,0,980
01/03/2006,CVG,KY,ASO,CE,Combined TRACON& Tower with Radar,278,697,14,0,989,0,0,0,0,0,278,697,14,0,989,0,0,0,989
01/04/2006,CVG,KY,ASO,CE,Combined TRACON& Tower with Radar,275,648,13,0,936,0,1,1,0,2,275,649,14,0,938,0,0,0,938
01/05/2006,CVG,KY,ASO,CE,Combined TRACON& Tower with Radar,309,763,14,4,1090,0,0,1,0,1,309,763,15,4,1091,0,0,0,1091
01/06/2006,CVG,KY,ASO,CE,Combined TRACON& Tower with Radar,296,750,12,0,1058,0,2,2,0,4,296,752,14,0,1062,0,0,0,1062
01/07/2006,CVG,KY,ASO,CE,Combined TRACON& Tower with Radar,217,508,8,0,733,0,0,4,0,4,217,508,12,0,737,0,0,0,737
01/08/2006,CVG,KY,ASO,CE,Combined TRACON& Tower with Radar,255,583,10,2,850,0,0,2,0,2,255,583,12,2,852,0,0,0,852
01/09/2006,CVG,KY,ASO,CE,Combined TRACON& Tower with Radar,289,710,12,0,1011,0,0,0,2,2,289,710,12,2,1013,0,0,0,1013
01/10/2006,CVG,KY,ASO,CE,Combined TRACON& Tower with Radar,274,651,15,0,940,0,0,2,0,2,274,651,17,0,942,0,0,0,942
01/11/2006,CVG,KY,ASO,CE,Combined TRACON& Tower with Radar,273,645,17,0,935,0,1,0,1,2,273,646,17,1,937,0,0,0,937
01/12/2006,CVG,KY,ASO,CE,Combined TRACON& Tower with Radar,301,773,21,0,1095,0,0,0,0,0,301,773,21,0,1095,0,0,0,1095
01/13/2006,CVG,KY,ASO,CE,Combined TRACON& Tower with Radar,297,733,12,0,1042,0,2,0,0,2,297,735,12,0,1044,0,0,0,1044
01/14/2006,CVG,KY,ASO,CE,Combined TRACON& Tower with Radar,224,506,4,0,734,0,0,1,0,1,224,506,5,0,735,0,0,0,735
01/15/2006,CVG,KY,ASO,CE,Combined TRACON& Tower with Radar,244,586,8,0,838,0,1,5,0,6,244,587,13,0,844,0,0,0,844
01/16/2006,CVG,KY,ASO,CE,Combined TRACON& Tower with Radar,293,701,14,1,1009,0,0,4,0,4,293,701,18,1,1013,0,0,0,1013
01/17/2006,CVG,KY,ASO,CE,Combined TRACON& Tower with Radar,266,603,17,0,886,0,0,0,0,0,266,603,17,0,886,0,0,0,886
01/18/2006,CVG,KY,ASO,CE,Combined TRACON& Tower with Radar,266,649,15,1,931,0,2,3,0,5,266,651,18,1,936,0,0,0,936
01/19/2006,CVG,KY,ASO,CE,Combined TRACON& Tower with Radar,308,752,23,0,1083,0,0,5,0,5,308,752,28,0,1088,0,0,0,1088
01/20/2006,CVG,KY,ASO,CE,Combined TRACON& Tower with Radar,288,763,12,0,1063,0,0,3,0,3,288,763,15,0,1066,0,0,0,1066
01/21/2006,CVG,KY,ASO,CE,Combined TRACON& Tower with Radar,217,495,2,0,714,0,0,2,0,2,217,495,4,0,716,0,0,0,716
01/22/2006,CVG,KY,ASO,CE,Combined TRACON& Tower with Radar,250,592,5,0,847,0,0,1,2,3,250,592,6,2,850,0,0,0,850
01/23/2006,CVG,KY,ASO,CE,Combined TRACON& Tower with Radar,283,689,12,1,985,0,1,0,1,2,283,690,12,2,987,0,0,0,987
01/24/2006,CVG,KY,ASO,CE,Combined TRACON& Tower with Radar,272,663,18,0,953,0,2,17,0,19,272,665,35,0,972,0,0,0,972
01/25/2006,CVG,KY,ASO,CE,Combined TRACON& Tower with Radar,266,665,28,3,962,0,3,8,0,11,266,668,36,3,973,0,0,0,973
01/26/2006,CVG,KY,ASO,CE,Combined TRACON& Tower with Radar,288,779,41,0,1108,0,1,6,0,7,288,780,47,0,1115,0,0,0,1115
01/27/2006,CVG,KY,ASO,CE,Combined TRACON& Tower with Radar,285,748,16,2,1051,0,0,2,0,2,285,748,18,2,1053,0,0,0,1053
01/28/2006,CVG,KY,ASO,CE,Combined TRACON& Tower with Radar,212,513,7,0,732,0,0,0,2,2,212,513,7,2,734,0,0,0,734
01/29/2006,CVG,KY,ASO,CE,Combined TRACON& Tower with Radar,242,575,7,0,824,0,0,0,0,0,242,575,7,0,824,0,0,0,824
01/30/2006,CVG,KY,ASO,CE,Combined TRACON& Tower with Radar,273,700,11,0,984,0,0,4,0,4,273,700,15,0,988,0,0,0,988
01/31/2006,CVG,KY,ASO,CE,Combined TRACON& Tower with Radar,233,659,7,0,899,0,0,1,0,1,233,659,8,0,900,0,0,0,900
02/01/2006,CVG,KY,ASO,CE,Combined TRACON& Tower with Radar,237,690,7,0,934,0,2,3,2,7,237,692,10,2,941,0,0,0,941
02/02/2006,CVG,KY,ASO,CE,Combined TRACON& Tower with Radar,262,781,17,5,1065,0,0,1,2,3,262,781,18,7,1068,0,0,0,1068
02/03/2006,CVG,KY,ASO,CE,Combined TRACON& Tower with Radar,257,778,24,0,1059,0,0,0,0,0,257,778,24,0,1059,0,0,0,1059
02/04/2006,CVG,KY,ASO,CE,Combined TRACON& Tower with Radar,190,511,7,0,708,0,0,0,0,0,190,511,7,0,708,0,0,0,708
02/05/2006,CVG,KY,ASO,CE,Combined TRACON& Tower with Radar,222,604,4,0,830,0,0,0,0,0,222,604,4,0,830,0,0,0,830
02/06/2006,CVG,KY,ASO,CE,Combined TRACON& Tower with Radar,248,730,20,0,998,0,0,2,1,3,248,730,22,1,1001,0,0,0,1001
02/07/2006,CVG,KY,ASO,CE,Combined TRACON& Tower with Radar,235,672,16,0,923,0,1,8,0,9,235,673,24,0,932,0,0,0,932
02/08/2006,CVG,KY,ASO,CE,Combined TRACON& Tower with Radar,239,666,30,0,935,0,1,5,0,6,239,667,35,0,941,0,0,0,941
02/09/2006,CVG,KY,ASO,CE,Combined TRACON& Tower with Radar,258,786,30,2,1076,0,2,2,0,4,258,788,32,2,1080,0,0,0,1080
02/10/2006,CVG,KY,ASO,CE,Combined TRACON& Tower with Radar,254,768,16,0,1038,0,0,3,0,3,254,768,19,0,1041,0,0,0,1041
02/11/2006,CVG,KY,ASO,CE,Combined TRACON& Tower with Radar,187,503,5,0,695,0,0,1,0,1,187,503,6,0,696,0,0,0,696
02/12/2006,CVG,KY,ASO,CE,Combined TRACON& Tower with Radar,192,576,7,0,775,0,0,0,0,0,192,576,7,0,775,0,0,0,775
02/13/2006,CVG,KY,ASO,CE,Combined TRACON& Tower with Radar,249,727,20,2,998,0,0,1,0,1,249,727,21,2,999,0,0,0,999
02/14/2006,CVG,KY,ASO,CE,Combined TRACON& Tower with Radar,238,674,12,0,924,0,1,12,0,13,238,675,24,0,937,0,0,0,937
02/15/2006,CVG,KY,ASO,CE,Combined TRACON& Tower with Radar,241,677,13,0,931,0,0,2,0,2,241,677,15,0,933,0,0,0,933
02/16/2006,CVG,KY,ASO,CE,Combined TRACON& Tower with Radar,251,777,25,0,1053,0,0,0,0,0,251,777,25,0,1053,0,0,0,1053
02/17/2006,CVG,KY,ASO,CE,Combined TRACON& Tower with Radar,258,792,19,0,1069,0,0,2,0,2,258,792,21,0,1071,0,0,0,1071
02/18/2006,CVG,KY,ASO,CE,Combined TRACON& Tower with Radar,194,511,4,0,709,0,0,3,0,3,194,511,7,0,712,0,0,0,712
02/19/2006,CVG,KY,ASO,CE,Combined TRACON& Tower with Radar,219,597,7,0,823,0,0,3,0,3,219,597,10,0,826,0,0,0,826
02/20/2006,CVG,KY,ASO,CE,Combined TRACON& Tower with Radar,252,738,7,0,997,0,0,7,1,8,252,738,14,1,1005,0,0,0,1005
02/21/2006,CVG,KY,ASO,CE,Combined TRACON& Tower with Radar,250,763,20,0,1033,0,2,3,2,7,250,765,23,2,1040,0,0,0,1040
02/22/2006,CVG,KY,ASO,CE,Combined TRACON& Tower with Radar,243,694,14,1,952,0,1,1,0,2,243,695,15,1,954,0,0,0,954
02/23/2006,CVG,KY,ASO,CE,Combined TRACON& Tower with Radar,262,787,11,1,1061,0,0,5,0,5,262,787,16,1,1066,0,0,0,1066
02/24/2006,CVG,KY,ASO,CE,Combined TRACON& Tower with Radar,251,774,12,0,1037,0,2,1,0,3,251,776,13,0,1040,0,0,0,1040
02/25/2006,CVG,KY,ASO,CE,Combined TRACON& Tower with Radar,197,523,12,0,732,0,0,1,0,1,197,523,13,0,733,0,0,0,733
02/26/2006,CVG,KY,ASO,CE,Combined TRACON& Tower with Radar,219,601,11,0,831,0,0,5,2,7,219,601,16,2,838,0,0,0,838
02/27/2006,CVG,KY,ASO,CE,Combined TRACON& Tower with Radar,247,736,13,0,996,0,1,0,0,1,247,737,13,0,997,0,0,0,997
02/28/2006,CVG,KY,ASO,CE,Combined TRACON& Tower with Radar,233,686,19,0,938,0,0,3,0,3,233,686,22,0,941,0,0,0,941
03/01/2006,CVG,KY,ASO,CE,Combined TRACON& Tower with Radar,239,680,15,2,936,0,0,2,0,2,239,680,17,2,938,0,0,0,938
03/02/2006,CVG,KY,ASO,CE,Combined TRACON& Tower with Radar,248,776,21,0,1045,0,0,0,0,0,248,776,21,0,1045,0,0,0,1045
03/03/2006,CVG,KY,ASO,CE,Combined TRACON& Tower with Radar,250,781,3,2,1036,0,0,1,2,3,250,781,4,4,1039,0,0,0,1039
03/04/2006,CVG,KY,ASO,CE,Combined TRACON& Tower with Radar,195,524,5,1,725,0,1,0,0,1,195,525,5,1,726,0,0,0,726
03/05/2006,CVG,KY,ASO,CE,Combined TRACON& Tower with Radar,221,592,5,2,820,0,0,0,0,0,221,592,5,2,820,0,0,0,820
03/06/2006,CVG,KY,ASO,CE,Combined TRACON& Tower with Radar,249,734,26,0,1009,0,0,0,0,0,249,734,26,0,1009,0,0,0,1009
03/07/2006,CVG,KY,ASO,CE,Combined TRACON& Tower with Radar,237,702,20,0,959,0,3,5,0,8,237,705,25,0,967,0,0,0,967
03/08/2006,CVG,KY,ASO,CE,Combined TRACON& Tower with Radar,244,788,20,1,1053,0,0,0,1,1,244,788,20,2,1054,0,0,0,1054
03/09/2006,CVG,KY,ASO,CE,Combined TRACON& Tower with Radar,259,783,26,1,1069,0,0,0,0,0,259,783,26,1,1069,0,0,0,1069
03/10/2006,CVG,KY,ASO,CE,Combined TRACON& Tower with Radar,250,770,16,0,1036,0,1,2,0,3,250,771,18,0,1039,0,0,0,1039
03/11/2006,CVG,KY,ASO,CE,Combined TRACON& Tower with Radar,200,536,7,0,743,0,1,0,0,1,200,537,7,0,744,0,0,0,744
03/12/2006,CVG,KY,ASO,CE,Combined TRACON& Tower with Radar,224,602,8,0,834,0,0,0,0,0,224,602,8,0,834,0,0,0,834
03/13/2006,CVG,KY,ASO,CE,Combined TRACON& Tower with Radar,238,725,12,1,976,0,0,0,0,0,238,725,12,1,976,0,0,0,976
03/14/2006,CVG,KY,ASO,CE,Combined TRACON& Tower with Radar,238,697,17,0,952,0,0,1,0,1,238,697,18,0,953,0,0,0,953
03/15/2006,CVG,KY,ASO,CE,Combined TRACON& Tower with Radar,253,795,22,0,1070,0,0,2,0,2,253,795,24,0,1072,0,0,0,1072
03/16/2006,CVG,KY,ASO,CE,Combined TRACON& Tower with Radar,261,785,22,2,1070,0,0,2,0,2,261,785,24,2,1072,0,0,0,1072
03/17/2006,CVG,KY,ASO,CE,Combined TRACON& Tower with Radar,266,784,8,0,1058,0,1,2,1,4,266,785,10,1,1062,0,0,0,1062
03/18/2006,CVG,KY,ASO,CE,Combined TRACON& Tower with Radar,209,518,5,0,732,0,2,3,0,5,209,520,8,0,737,0,0,0,737
03/19/2006,CVG,KY,ASO,CE,Combined TRACON& Tower with Radar,234,601,8,0,843,0,2,1,0,3,234,603,9,0,846,0,0,0,846
03/20/2006,CVG,KY,ASO,CE,Combined TRACON& Tower with Radar,260,755,15,0,1030,0,0,0,1,1,260,755,15,1,1031,0,0,0,1031
03/21/2006,CVG,KY,ASO,CE,Combined TRACON& Tower with Radar,243,676,19,0,938,0,0,0,0,0,243,676,19,0,938,0,0,0,938
03/22/2006,CVG,KY,ASO,CE,Combined TRACON& Tower with Radar,251,800,35,0,1086,0,0,7,0,7,251,800,42,0,1093,0,0,0,1093
03/23/2006,CVG,KY,ASO,CE,Combined TRACON& Tower with Radar,260,799,15,0,1074,0,0,4,0,4,260,799,19,0,1078,0,0,0,1078
03/24/2006,CVG,KY,ASO,CE,Combined TRACON& Tower with Radar,261,787,13,1,1062,0,2,2,0,4,261,789,15,1,1066,0,0,0,1066
03/25/2006,CVG,KY,ASO,CE,Combined TRACON& Tower with Radar,211,533,7,0,751,0,0,1,0,1,211,533,8,0,752,0,0,0,752
03/26/2006,CVG,KY,ASO,CE,Combined TRACON& Tower with Radar,237,606,8,0,851,0,0,2,0,2,237,606,10,0,853,0,0,0,853
03/27/2006,CVG,KY,ASO,CE,Combined TRACON& Tower with Radar,250,750,22,0,1022,0,1,2,0,3,250,751,24,0,1025,0,0,0,1025
03/28/2006,CVG,KY,ASO,CE,Combined TRACON& Tower with Radar,239,688,14,0,941,0,0,3,0,3,239,688,17,0,944,0,0,0,944
03/29/2006,CVG,KY,ASO,CE,Combined TRACON& Tower with Radar,248,790,21,1,1060,0,0,2,0,2,248,790,23,1,1062,0,0,0,1062
03/30/2006,CVG,KY,ASO,CE,Combined TRACON& Tower with Radar,260,794,17,0,1071,0,1,6,0,7,260,795,23,0,1078,0,0,0,1078
03/31/2006,CVG,KY,ASO,CE,Combined TRACON& Tower with Radar,258,782,10,0,1050,0,2,3,0,5,258,784,13,0,1055,0,0,0,1055
04/01/2006,CVG,KY,ASO,CE,Combined TRACON& Tower with Radar,225,519,9,0,753,0,0,2,0,2,225,519,11,0,755,0,0,0,755
04/02/2006,CVG,KY,ASO,CE,Combined TRACON& Tower with Radar,248,581,7,2,838,0,0,1,0,1,248,581,8,2,839,0,0,0,839
04/03/2006,CVG,KY,ASO,CE,Combined TRACON& Tower with Radar,264,741,17,2,1024,0,0,4,0,4,264,741,21,2,1028,0,0,0,1028
04/04/2006,CVG,KY,ASO,CE,Combined TRACON& Tower with Radar,249,684,19,1,953,0,0,2,0,2,249,684,21,1,955,0,0,0,955
04/05/2006,CVG,KY,ASO,CE,Combined TRACON& Tower with Radar,266,781,21,0,1068,0,0,10,0,10,266,781,31,0,1078,0,0,0,1078
04/06/2006,CVG,KY,ASO,CE,Combined TRACON& Tower with Radar,264,783,19,2,1068,0,0,1,0,1,264,783,20,2,1069,0,0,0,1069
04/07/2006,CVG,KY,ASO,CE,Combined TRACON& Tower with Radar,258,683,15,0,956,0,0,1,0,1,258,683,16,0,957,0,0,0,957
04/08/2006,CVG,KY,ASO,CE,Combined TRACON& Tower with Radar,222,527,11,0,760,0,2,1,0,3,222,529,12,0,763,0,0,0,763
04/09/2006,CVG,KY,ASO,CE,Combined TRACON& Tower with Radar,238,605,8,0,851,0,1,3,1,5,238,606,11,1,856,0,0,0,856
04/10/2006,CVG,KY,ASO,CE,Combined TRACON& Tower with Radar,257,736,11,0,1004,0,0,0,0,0,257,736,11,0,1004,0,0,0,1004
04/11/2006,CVG,KY,ASO,CE,Combined TRACON& Tower with Radar,252,688,17,0,957,0,0,7,0,7,252,688,24,0,964,0,0,0,964
04/12/2006,CVG,KY,ASO,CE,Combined TRACON& Tower with Radar,260,785,17,0,1062,0,2,0,0,2,260,787,17,0,1064,0,0,0,1064
04/13/2006,CVG,KY,ASO,CE,Combined TRACON& Tower with Radar,271,789,21,0,1081,0,0,0,0,0,271,789,21,0,1081,0,0,0,1081
04/14/2006,CVG,KY,ASO,CE,Combined TRACON& Tower with Radar,269,769,10,0,1048,0,0,0,0,0,269,769,10,0,1048,0,0,0,1048
04/15/2006,CVG,KY,ASO,CE,Combined TRACON& Tower with Radar,212,529,7,0,748,0,0,2,0,2,212,529,9,0,750,0,0,0,750
04/16/2006,CVG,KY,ASO,CE,Combined TRACON& Tower with Radar,226,600,2,0,828,0,0,0,0,0,226,600,2,0,828,0,0,0,828
04/17/2006,CVG,KY,ASO,CE,Combined TRACON& Tower with Radar,266,746,19,0,1031,0,1,0,0,1,266,747,19,0,1032,0,0,0,1032
04/18/2006,CVG,KY,ASO,CE,Combined TRACON& Tower with Radar,253,679,16,2,950,0,2,9,0,11,253,681,25,2,961,0,0,0,961
04/19/2006,CVG,KY,ASO,CE,Combined TRACON& Tower with Radar,263,777,15,0,1055,0,0,0,0,0,263,777,15,0,1055,0,0,0,1055
04/20/2006,CVG,KY,ASO,CE,Combined TRACON& Tower with Radar,262,782,28,0,1072,0,2,4,0,6,262,784,32,0,1078,0,0,0,1078
04/21/2006,CVG,KY,ASO,CE,Combined TRACON& Tower with Radar,268,780,11,0,1059,0,0,0,0,0,268,780,11,0,1059,0,0,0,1059
04/22/2006,CVG,KY,ASO,CE,Combined TRACON& Tower with Radar,227,527,8,0,762,0,0,2,0,2,227,527,10,0,764,0,0,0,764
04/23/2006,CVG,KY,ASO,CE,Combined TRACON& Tower with Radar,243,608,14,0,865,0,0,3,2,5,243,608,17,2,870,0,0,0,870
04/24/2006,CVG,KY,ASO,CE,Combined TRACON& Tower with Radar,261,741,16,0,1018,0,0,2,0,2,261,741,18,0,1020,0,0,0,1020
04/25/2006,CVG,KY,ASO,CE,Combined TRACON& Tower with Radar,246,671,26,0,943,0,0,3,1,4,246,671,29,1,947,0,0,0,947
04/26/2006,CVG,KY,ASO,CE,Combined TRACON& Tower with Radar,263,781,16,0,1060,0,0,1,0,1,263,781,17,0,1061,0,0,0,1061
04/27/2006,CVG,KY,ASO,CE,Combined TRACON& Tower with Radar,265,779,28,0,1072,0,1,7,0,8,265,780,35,0,1080,0,0,0,1080
04/28/2006,CVG,KY,ASO,CE,Combined TRACON& Tower with Radar,265,765,19,0,1049,0,0,5,0,5,265,765,24,0,1054,0,0,0,1054
04/29/2006,CVG,KY,ASO,CE,Combined TRACON& Tower with Radar,213,508,12,0,733,0,0,2,0,2,213,508,14,0,735,0,0,0,735
04/30/2006,CVG,KY,ASO,CE,Combined TRACON& Tower with Radar,237,590,10,0,837,0,0,0,0,0,237,590,10,0,837,0,0,0,837
05/01/2006,CVG,KY,ASO,CE,Combined TRACON& Tower with Radar,265,727,15,0,1007,0,0,3,0,3,265,727,18,0,1010,0,0,0,1010
05/02/2006,CVG,KY,ASO,CE,Combined TRACON& Tower with Radar,261,685,16,0,962,0,0,1,0,1,261,685,17,0,963,0,0,0,963
05/03/2006,CVG,KY,ASO,CE,Combined TRACON& Tower with Radar,271,770,21,2,1064,0,0,0,0,0,271,770,21,2,1064,0,0,0,1064
05/04/2006,CVG,KY,ASO,CE,Combined TRACON& Tower with Radar,284,774,16,2,1076,0,1,0,1,2,284,775,16,3,1078,0,0,0,1078
05/05/2006,CVG,KY,ASO,CE,Combined TRACON& Tower with Radar,280,749,20,0,1049,0,0,2,0,2,280,749,22,0,1051,0,0,0,1051
05/06/2006,CVG,KY,ASO,CE,Combined TRACON& Tower with Radar,227,509,8,0,744,0,0,0,0,0,227,509,8,0,744,0,0,0,744
05/07/2006,CVG,KY,ASO,CE,Combined TRACON& Tower with Radar,251,581,13,2,847,0,0,5,0,5,251,581,18,2,852,0,0,0,852
05/08/2006,CVG,KY,ASO,CE,Combined TRACON& Tower with Radar,288,720,18,0,1026,0,0,5,4,9,288,720,23,4,1035,0,0,0,1035
05/09/2006,CVG,KY,ASO,CE,Combined TRACON& Tower with Radar,264,684,18,0,966,0,0,14,0,14,264,684,32,0,980,0,0,0,980
05/10/2006,CVG,KY,ASO,CE,Combined TRACON& Tower with Radar,272,762,16,0,1050,0,0,1,0,1,272,762,17,0,1051,0,0,0,1051
05/11/2006,CVG,KY,ASO,CE,Combined TRACON& Tower with Radar,274,770,27,0,1071,0,0,0,0,0,274,770,27,0,1071,0,0,0,1071
05/12/2006,CVG,KY,ASO,CE,Combined TRACON& Tower with Radar,279,768,22,0,1069,0,0,0,0,0,279,768,22,0,1069,0,0,0,1069
05/13/2006,CVG,KY,ASO,CE,Combined TRACON& Tower with Radar,228,517,15,0,760,0,0,0,0,0,228,517,15,0,760,0,0,0,760
05/14/2006,CVG,KY,ASO,CE,Combined TRACON& Tower with Radar,243,574,14,0,831,0,0,0,0,0,243,574,14,0,831,0,0,0,831
05/15/2006,CVG,KY,ASO,CE,Combined TRACON& Tower with Radar,269,722,18,0,1009,0,3,1,0,4,269,725,19,0,1013,0,0,0,1013
05/16/2006,CVG,KY,ASO,CE,Combined TRACON& Tower with Radar,260,680,28,0,968,0,0,3,2,5,260,680,31,2,973,0,0,0,973
05/17/2006,CVG,KY,ASO,CE,Combined TRACON& Tower with Radar,261,690,31,2,984,0,0,3,0,3,261,690,34,2,987,0,0,0,987
05/18/2006,CVG,KY,ASO,CE,Combined TRACON& Tower with Radar,286,762,41,1,1090,0,0,2,0,2,286,762,43,1,1092,0,0,0,1092
05/19/2006,CVG,KY,ASO,CE,Combined TRACON& Tower with Radar,281,755,9,1,1046,0,0,7,0,7,281,755,16,1,1053,0,0,0,1053
05/20/2006,CVG,KY,ASO,CE,Combined TRACON& Tower with Radar,229,506,0,0,735,0,0,3,0,3,229,506,3,0,738,0,0,0,738
05/21/2006,CVG,KY,ASO,CE,Combined TRACON& Tower with Radar,247,582,15,0,844,0,0,2,0,2,247,582,17,0,846,0,0,0,846
05/22/2006,CVG,KY,ASO,CE,Combined TRACON& Tower with Radar,274,724,25,0,1023,0,2,6,0,8,274,726,31,0,1031,0,0,0,1031
05/23/2006,CVG,KY,ASO,CE,Combined TRACON& Tower with Radar,261,683,35,0,979,0,0,8,0,8,261,683,43,0,987,0,0,0,987
05/24/2006,CVG,KY,ASO,CE,Combined TRACON& Tower with Radar,270,764,22,0,1056,0,0,4,0,4,270,764,26,0,1060,0,0,0,1060
05/25/2006,CVG,KY,ASO,CE,Combined TRACON& Tower with Radar,286,704,15,0,1005,0,0,1,0,1,286,704,16,0,1006,0,0,0,1006
05/26/2006,CVG,KY,ASO,CE,Combined TRACON& Tower with Radar,278,737,12,0,1027,0,0,3,0,3,278,737,15,0,1030,0,0,0,1030
05/27/2006,CVG,KY,ASO,CE,Combined TRACON& Tower with Radar,224,508,7,0,739,0,0,1,1,2,224,508,8,1,741,0,0,0,741
05/28/2006,CVG,KY,ASO,CE,Combined TRACON& Tower with Radar,244,545,1,1,791,0,0,0,1,1,244,545,1,2,792,0,0,0,792
05/29/2006,CVG,KY,ASO,CE,Combined TRACON& Tower with Radar,246,578,3,0,827,0,0,5,0,5,246,578,8,0,832,0,0,0,832
05/30/2006,CVG,KY,ASO,CE,Combined TRACON& Tower with Radar,274,705,14,0,993,0,1,4,0,5,274,706,18,0,998,0,0,0,998
05/31/2006,CVG,KY,ASO,CE,Combined TRACON& Tower with Radar,284,759,10,0,1053,0,1,2,0,3,284,760,12,0,1056,0,0,0,1056
06/01/2006,CVG,KY,ASO,CE,Combined TRACON& Tower with Radar,283,725,9,0,1017,0,0,2,0,2,283,725,11,0,1019,0,0,0,1019
06/02/2006,CVG,KY,ASO,CE,Combined TRACON& Tower with Radar,285,738,14,2,1039,0,0,2,0,2,285,738,16,2,1041,0,0,0,1041
06/03/2006,CVG,KY,ASO,CE,Combined TRACON& Tower with Radar,232,498,8,0,738,0,0,3,0,3,232,498,11,0,741,0,0,0,741
06/04/2006,CVG,KY,ASO,CE,Combined TRACON& Tower with Radar,246,574,6,0,826,0,1,3,0,4,246,575,9,0,830,0,0,0,830
06/05/2006,CVG,KY,ASO,CE,Combined TRACON& Tower with Radar,274,722,20,0,1016,0,0,6,0,6,274,722,26,0,1022,0,0,0,1022
06/06/2006,CVG,KY,ASO,CE,Combined TRACON& Tower with Radar,265,667,25,2,959,0,0,11,0,11,265,667,36,2,970,0,0,0,970
06/07/2006,CVG,KY,ASO,CE,Combined TRACON& Tower with Radar,276,754,24,0,1054,0,0,3,0,3,276,754,27,0,1057,0,0,0,1057
06/08/2006,CVG,KY,ASO,CE,Combined TRACON& Tower with Radar,262,778,25,0,1065,0,0,2,0,2,262,778,27,0,1067,0,0,0,1067
06/09/2006,CVG,KY,ASO,CE,Combined TRACON& Tower with Radar,257,772,15,0,1044,0,0,4,0,4,257,772,19,0,1048,0,0,0,1048
06/10/2006,CVG,KY,ASO,CE,Combined TRACON& Tower with Radar,214,580,9,0,803,0,0,3,0,3,214,580,12,0,806,0,0,0,806
06/11/2006,CVG,KY,ASO,CE,Combined TRACON& Tower with Radar,240,592,16,0,848,0,0,1,0,1,240,592,17,0,849,0,0,0,849
06/12/2006,CVG,KY,ASO,CE,Combined TRACON& Tower with Radar,258,739,29,0,1026,0,0,2,0,2,258,739,31,0,1028,0,0,0,1028
06/13/2006,CVG,KY,ASO,CE,Combined TRACON& Tower with Radar,266,778,16,0,1060,0,1,6,0,7,266,779,22,0,1067,0,0,0,1067
06/14/2006,CVG,KY,ASO,CE,Combined TRACON& Tower with Radar,258,792,24,0,1074,0,0,1,1,2,258,792,25,1,1076,0,0,0,1076
06/15/2006,CVG,KY,ASO,CE,Combined TRACON& Tower with Radar,266,778,24,0,1068,0,2,5,0,7,266,780,29,0,1075,0,0,0,1075
06/16/2006,CVG,KY,ASO,CE,Combined TRACON& Tower with Radar,261,772,52,0,1085,0,0,19,0,19,261,772,71,0,1104,0,0,0,1104
06/17/2006,CVG,KY,ASO,CE,Combined TRACON& Tower with Radar,219,587,33,0,839,0,0,15,0,15,219,587,48,0,854,0,0,0,854
06/18/2006,CVG,KY,ASO,CE,Combined TRACON& Tower with Radar,243,600,27,0,870,0,2,4,0,6,243,602,31,0,876,0,0,0,876
06/19/2006,CVG,KY,ASO,CE,Combined TRACON& Tower with Radar,259,721,9,0,989,0,0,2,0,2,259,721,11,0,991,0,0,0,991
06/20/2006,CVG,KY,ASO,CE,Combined TRACON& Tower with Radar,267,785,24,0,1076,0,1,3,0,4,267,786,27,0,1080,0,0,0,1080
06/21/2006,CVG,KY,ASO,CE,Combined TRACON& Tower with Radar,255,779,29,0,1063,0,0,3,0,3,255,779,32,0,1066,0,0,0,1066
06/22/2006,CVG,KY,ASO,CE,Combined TRACON& Tower with Radar,270,749,15,3,1037,0,0,0,0,0,270,749,15,3,1037,0,0,0,1037
06/23/2006,CVG,KY,ASO,CE,Combined TRACON& Tower with Radar,258,760,27,0,1045,0,1,1,0,2,258,761,28,0,1047,0,0,0,1047
06/24/2006,CVG,KY,ASO,CE,Combined TRACON& Tower with Radar,216,577,7,0,800,0,0,0,0,0,216,577,7,0,800,0,0,0,800
06/25/2006,CVG,KY,ASO,CE,Combined TRACON& Tower with Radar,229,597,5,0,831,0,0,0,0,0,229,597,5,0,831,0,0,0,831
06/26/2006,CVG,KY,ASO,CE,Combined TRACON& Tower with Radar,259,734,23,0,1016,0,1,2,0,3,259,735,25,0,1019,0,0,0,1019
06/27/2006,CVG,KY,ASO,CE,Combined TRACON& Tower with Radar,261,767,18,0,1046,0,0,2,0,2,261,767,20,0,1048,0,0,0,1048
06/28/2006,CVG,KY,ASO,CE,Combined TRACON& Tower with Radar,249,775,21,0,1045,0,0,1,1,2,249,775,22,1,1047,0,0,0,1047
06/29/2006,CVG,KY,ASO,CE,Combined TRACON& Tower with Radar,276,772,24,0,1072,0,1,4,0,5,276,773,28,0,1077,0,0,0,1077
06/30/2006,CVG,KY,ASO,CE,Combined TRACON& Tower with Radar,266,776,24,0,1066,0,0,2,0,2,266,776,26,0,1068,0,0,0,1068
07/01/2006,CVG,KY,ASO,CE,Combined TRACON& Tower with Radar,225,570,12,0,807,0,1,1,1,3,225,571,13,1,810,0,0,0,810
07/02/2006,CVG,KY,ASO,CE,Combined TRACON& Tower with Radar,242,598,9,0,849,0,1,3,1,5,242,599,12,1,854,0,0,0,854
07/03/2006,CVG,KY,ASO,CE,Combined TRACON& Tower with Radar,208,604,3,1,816,0,0,0,0,0,208,604,3,1,816,0,0,0,816
07/04/2006,CVG,KY,ASO,CE,Combined TRACON& Tower with Radar,221,621,4,1,847,0,0,0,0,0,221,621,4,1,847,0,0,0,847
07/05/2006,CVG,KY,ASO,CE,Combined TRACON& Tower with Radar,255,711,9,0,975,0,0,2,0,2,255,711,11,0,977,0,0,0,977
07/06/2006,CVG,KY,ASO,CE,Combined TRACON& Tower with Radar,274,776,28,0,1078,0,2,3,0,5,274,778,31,0,1083,0,0,0,1083
07/07/2006,CVG,KY,ASO,CE,Combined TRACON& Tower with Radar,264,763,21,0,1048,0,2,2,0,4,264,765,23,0,1052,0,0,0,1052
07/08/2006,CVG,KY,ASO,CE,Combined TRACON& Tower with Radar,219,586,18,1,824,0,0,6,0,6,219,586,24,1,830,0,0,0,830
07/09/2006,CVG,KY,ASO,CE,Combined TRACON& Tower with Radar,239,612,17,1,869,0,0,3,0,3,239,612,20,1,872,0,0,0,872
07/10/2006,CVG,KY,ASO,CE,Combined TRACON& Tower with Radar,258,734,13,0,1005,0,0,3,0,3,258,734,16,0,1008,0,0,0,1008
07/11/2006,CVG,KY,ASO,CE,Combined TRACON& Tower with Radar,263,768,16,0,1047,0,0,1,0,1,263,768,17,0,1048,0,0,0,1048
07/12/2006,CVG,KY,ASO,CE,Combined TRACON& Tower with Radar,257,765,22,0,1044,0,0,2,0,2,257,765,24,0,1046,0,0,0,1046
07/13/2006,CVG,KY,ASO,CE,Combined TRACON& Tower with Radar,270,769,18,0,1057,0,0,0,0,0,270,769,18,0,1057,0,0,0,1057
07/14/2006,CVG,KY,ASO,CE,Combined TRACON& Tower with Radar,265,776,25,0,1066,0,0,2,0,2,265,776,27,0,1068,0,0,0,1068
07/15/2006,CVG,KY,ASO,CE,Combined TRACON& Tower with Radar,220,594,8,0,822,0,1,1,0,2,220,595,9,0,824,0,0,0,824
07/16/2006,CVG,KY,ASO,CE,Combined TRACON& Tower with Radar,234,608,12,0,854,0,0,3,0,3,234,608,15,0,857,0,0,0,857
07/17/2006,CVG,KY,ASO,CE,Combined TRACON& Tower with Radar,261,731,24,0,1016,0,0,5,0,5,261,731,29,0,1021,0,0,0,1021
07/18/2006,CVG,KY,ASO,CE,Combined TRACON& Tower with Radar,264,750,21,0,1035,0,0,1,0,1,264,750,22,0,1036,0,0,0,1036
07/19/2006,CVG,KY,ASO,CE,Combined TRACON& Tower with Radar,259,784,39,0,1082,0,0,5,0,5,259,784,44,0,1087,0,0,0,1087
07/20/2006,CVG,KY,ASO,CE,Combined TRACON& Tower with Radar,267,762,33,0,1062,0,0,0,0,0,267,762,33,0,1062,0,0,0,1062
07/21/2006,CVG,KY,ASO,CE,Combined TRACON& Tower with Radar,250,746,25,0,1021,0,0,1,0,1,250,746,26,0,1022,0,0,0,1022
07/22/2006,CVG,KY,ASO,CE,Combined TRACON& Tower with Radar,220,575,7,0,802,0,0,0,0,0,220,575,7,0,802,0,0,0,802
07/23/2006,CVG,KY,ASO,CE,Combined TRACON& Tower with Radar,239,602,6,0,847,0,2,5,0,7,239,604,11,0,854,0,0,0,854
07/24/2006,CVG,KY,ASO,CE,Combined TRACON& Tower with Radar,263,736,15,0,1014,0,4,3,0,7,263,740,18,0,1021,0,0,0,1021
07/25/2006,CVG,KY,ASO,CE,Combined TRACON& Tower with Radar,262,764,22,0,1048,0,4,3,0,7,262,768,25,0,1055,0,0,0,1055
07/26/2006,CVG,KY,ASO,CE,Combined TRACON& Tower with Radar,262,771,24,1,1058,0,0,7,0,7,262,771,31,1,1065,0,0,0,1065
07/27/2006,CVG,KY,ASO,CE,Combined TRACON& Tower with Radar,253,758,29,0,1040,0,0,1,0,1,253,758,30,0,1041,0,0,0,1041
07/28/2006,CVG,KY,ASO,CE,Combined TRACON& Tower with Radar,259,736,17,0,1012,0,0,1,1,2,259,736,18,1,1014,0,0,0,1014
07/29/2006,CVG,KY,ASO,CE,Combined TRACON& Tower with Radar,223,580,4,0,807,0,0,1,0,1,223,580,5,0,808,0,0,0,808
07/30/2006,CVG,KY,ASO,CE,Combined TRACON& Tower with Radar,234,590,10,0,834,0,0,3,2,5,234,590,13,2,839,0,0,0,839
07/31/2006,CVG,KY,ASO,CE,Combined TRACON& Tower with Radar,263,723,12,0,998,0,0,2,0,2,263,723,14,0,1000,0,0,0,1000
08/01/2006,CVG,KY,ASO,CE,Combined TRACON& Tower with Radar,262,767,16,0,1045,0,0,7,0,7,262,767,23,0,1052,0,0,0,1052
08/02/2006,CVG,KY,ASO,CE,Combined TRACON& Tower with Radar,254,762,22,0,1038,0,0,7,0,7,254,762,29,0,1045,0,0,0,1045
08/03/2006,CVG,KY,ASO,CE,Combined TRACON& Tower with Radar,272,741,32,0,1045,0,1,5,1,7,272,742,37,1,1052,0,0,0,1052
08/04/2006,CVG,KY,ASO,CE,Combined TRACON& Tower with Radar,269,761,11,0,1041,0,0,3,0,3,269,761,14,0,1044,0,0,0,1044
08/05/2006,CVG,KY,ASO,CE,Combined TRACON& Tower with Radar,206,568,8,0,782,0,1,3,0,4,206,569,11,0,786,0,0,0,786
08/06/2006,CVG,KY,ASO,CE,Combined TRACON& Tower with Radar,232,602,9,0,843,0,0,3,2,5,232,602,12,2,848,0,0,0,848
08/07/2006,CVG,KY,ASO,CE,Combined TRACON& Tower with Radar,257,727,13,0,997,0,0,0,0,0,257,727,13,0,997,0,0,0,997
08/08/2006,CVG,KY,ASO,CE,Combined TRACON& Tower with Radar,259,772,24,0,1055,0,0,2,4,6,259,772,26,4,1061,0,0,0,1061
08/09/2006,CVG,KY,ASO,CE,Combined TRACON& Tower with Radar,250,772,28,2,1052,0,0,1,0,1,250,772,29,2,1053,0,0,0,1053
08/10/2006,CVG,KY,ASO,CE,Combined TRACON& Tower with Radar,264,725,19,2,1010,0,0,1,0,1,264,725,20,2,1011,0,0,0,1011
08/11/2006,CVG,KY,ASO,CE,Combined TRACON& Tower with Radar,262,757,16,0,1035,0,0,4,0,4,262,757,20,0,1039,0,0,0,1039
08/12/2006,CVG,KY,ASO,CE,Combined TRACON& Tower with Radar,220,586,7,0,813,0,0,8,2,10,220,586,15,2,823,0,0,0,823
08/13/2006,CVG,KY,ASO,CE,Combined TRACON& Tower with Radar,241,608,30,0,879,0,0,7,0,7,241,608,37,0,886,0,0,0,886
08/14/2006,CVG,KY,ASO,CE,Combined TRACON& Tower with Radar,260,731,11,0,1002,0,0,0,0,0,260,731,11,0,1002,0,0,0,1002
08/15/2006,CVG,KY,ASO,CE,Combined TRACON& Tower with Radar,276,773,21,0,1070,0,0,4,0,4,276,773,25,0,1074,0,0,0,1074
08/16/2006,CVG,KY,ASO,CE,Combined TRACON& Tower with Radar,245,774,26,0,1045,0,1,6,0,7,245,775,32,0,1052,0,0,0,1052
08/17/2006,CVG,KY,ASO,CE,Combined TRACON& Tower with Radar,264,766,11,0,1041,0,0,5,0,5,264,766,16,0,1046,0,0,0,1046
08/18/2006,CVG,KY,ASO,CE,Combined TRACON& Tower with Radar,260,763,10,0,1033,0,0,3,1,4,260,763,13,1,1037,0,0,0,1037
08/19/2006,CVG,KY,ASO,CE,Combined TRACON& Tower with Radar,220,573,3,0,796,0,1,3,0,4,220,574,6,0,800,0,0,0,800
08/20/2006,CVG,KY,ASO,CE,Combined TRACON& Tower with Radar,241,593,7,0,841,0,3,2,1,6,241,596,9,1,847,0,0,0,847
08/21/2006,CVG,KY,ASO,CE,Combined TRACON& Tower with Radar,264,724,27,0,1015,0,0,1,1,2,264,724,28,1,1017,0,0,0,1017
08/22/2006,CVG,KY,ASO,CE,Combined TRACON& Tower with Radar,255,681,29,0,965,0,0,1,0,1,255,681,30,0,966,0,0,0,966
08/23/2006,CVG,KY,ASO,CE,Combined TRACON& Tower with Radar,258,676,30,1,965,0,0,0,0,0,258,676,30,1,965,0,0,0,965
08/24/2006,CVG,KY,ASO,CE,Combined TRACON& Tower with Radar,266,755,34,1,1056,0,1,7,1,9,266,756,41,2,1065,0,0,0,1065
08/25/2006,CVG,KY,ASO,CE,Combined TRACON& Tower with Radar,268,746,17,0,1031,0,1,2,0,3,268,747,19,0,1034,0,0,0,1034
08/26/2006,CVG,KY,ASO,CE,Combined TRACON& Tower with Radar,224,558,4,0,786,0,1,2,2,5,224,559,6,2,791,0,0,0,791
08/27/2006,CVG,KY,ASO,CE,Combined TRACON& Tower with Radar,224,583,2,0,809,0,0,0,0,0,224,583,2,0,809,0,0,0,809
08/28/2006,CVG,KY,ASO,CE,Combined TRACON& Tower with Radar,260,711,8,2,981,0,0,0,0,0,260,711,8,2,981,0,0,0,981
08/29/2006,CVG,KY,ASO,CE,Combined TRACON& Tower with Radar,248,678,12,0,938,0,0,2,0,2,248,678,14,0,940,0,0,0,940
08/30/2006,CVG,KY,ASO,CE,Combined TRACON& Tower with Radar,240,660,26,3,929,0,0,0,0,0,240,660,26,3,929,0,0,0,929
08/31/2006,CVG,KY,ASO,CE,Combined TRACON& Tower with Radar,267,701,20,2,990,0,0,2,0,2,267,701,22,2,992,0,0,0,992
09/01/2006,CVG,KY,ASO,CE,Combined TRACON& Tower with Radar,247,735,18,0,1000,0,1,2,0,3,247,736,20,0,1003,0,0,0,1003
09/02/2006,CVG,KY,ASO,CE,Combined TRACON& Tower with Radar,196,555,6,0,757,0,0,0,0,0,196,555,6,0,757,0,0,0,757
09/03/2006,CVG,KY,ASO,CE,Combined TRACON& Tower with Radar,194,543,1,0,738,0,0,3,0,3,194,543,4,0,741,0,0,0,741
09/04/2006,CVG,KY,ASO,CE,Combined TRACON& Tower with Radar,213,600,11,0,824,0,0,3,0,3,213,600,14,0,827,0,0,0,827
09/05/2006,CVG,KY,ASO,CE,Combined TRACON& Tower with Radar,241,631,20,0,892,0,0,2,1,3,241,631,22,1,895,0,0,0,895
09/06/2006,CVG,KY,ASO,CE,Combined TRACON& Tower with Radar,290,705,22,0,1017,0,2,2,0,4,290,707,24,0,1021,0,0,0,1021
09/07/2006,CVG,KY,ASO,CE,Combined TRACON& Tower with Radar,301,732,51,0,1084,0,2,4,0,6,301,734,55,0,1090,0,0,0,1090
09/08/2006,CVG,KY,ASO,CE,Combined TRACON& Tower with Radar,288,724,40,0,1052,0,2,9,0,11,288,726,49,0,1063,0,0,0,1063
09/09/2006,CVG,KY,ASO,CE,Combined TRACON& Tower with Radar,225,483,6,0,714,0,0,7,0,7,225,483,13,0,721,0,0,0,721
09/10/2006,CVG,KY,ASO,CE,Combined TRACON& Tower with Radar,273,604,8,0,885,0,0,3,0,3,273,604,11,0,888,0,0,0,888
09/11/2006,CVG,KY,ASO,CE,Combined TRACON& Tower with Radar,284,677,19,0,980,0,0,3,2,5,284,677,22,2,985,0,0,0,985
09/12/2006,CVG,KY,ASO,CE,Combined TRACON& Tower with Radar,288,688,18,0,994,0,0,0,0,0,288,688,18,0,994,0,0,0,994
09/13/2006,CVG,KY,ASO,CE,Combined TRACON& Tower with Radar,283,700,22,0,1005,0,0,1,0,1,283,700,23,0,1006,0,0,0,1006
09/14/2006,CVG,KY,ASO,CE,Combined TRACON& Tower with Radar,304,732,18,0,1054,0,0,4,0,4,304,732,22,0,1058,0,0,0,1058
09/15/2006,CVG,KY,ASO,CE,Combined TRACON& Tower with Radar,288,713,28,1,1030,0,2,9,0,11,288,715,37,1,1041,0,0,0,1041
09/16/2006,CVG,KY,ASO,CE,Combined TRACON& Tower with Radar,231,476,20,1,728,0,0,6,0,6,231,476,26,1,734,0,0,0,734
09/17/2006,CVG,KY,ASO,CE,Combined TRACON& Tower with Radar,270,601,15,4,890,0,0,3,0,3,270,601,18,4,893,0,0,0,893
09/18/2006,CVG,KY,ASO,CE,Combined TRACON& Tower with Radar,283,695,11,0,989,0,0,1,0,1,283,695,12,0,990,0,0,0,990
09/19/2006,CVG,KY,ASO,CE,Combined TRACON& Tower with Radar,282,699,24,0,1005,0,0,4,0,4,282,699,28,0,1009,0,0,0,1009
09/20/2006,CVG,KY,ASO,CE,Combined TRACON& Tower with Radar,286,704,19,0,1009,0,2,4,1,7,286,706,23,1,1016,0,0,0,1016
09/21/2006,CVG,KY,ASO,CE,Combined TRACON& Tower with Radar,304,726,24,0,1054,0,0,6,0,6,304,726,30,0,1060,0,0,0,1060
09/22/2006,CVG,KY,ASO,CE,Combined TRACON& Tower with Radar,290,714,17,0,1021,0,0,0,0,0,290,714,17,0,1021,0,0,0,1021
09/23/2006,CVG,KY,ASO,CE,Combined TRACON& Tower with Radar,221,473,7,0,701,0,0,0,0,0,221,473,7,0,701,0,0,0,701
09/24/2006,CVG,KY,ASO,CE,Combined TRACON& Tower with Radar,268,595,2,1,866,0,0,0,0,0,268,595,2,1,866,0,0,0,866
09/25/2006,CVG,KY,ASO,CE,Combined TRACON& Tower with Radar,290,685,23,1,999,0,1,9,0,10,290,686,32,1,1009,0,0,0,1009
09/26/2006,CVG,KY,ASO,CE,Combined TRACON& Tower with Radar,286,708,17,0,1011,0,0,1,0,1,286,708,18,0,1012,0,0,0,1012
09/27/2006,CVG,KY,ASO,CE,Combined TRACON& Tower with Radar,278,714,19,1,1012,0,2,6,0,8,278,716,25,1,1020,0,0,0,1020
09/28/2006,CVG,KY,ASO,CE,Combined TRACON& Tower with Radar,292,735,18,1,1046,0,0,3,0,3,292,735,21,1,1049,0,0,0,1049
09/29/2006,CVG,KY,ASO,CE,Combined TRACON& Tower with Radar,290,718,10,0,1018,0,0,1,0,1,290,718,11,0,1019,0,0,0,1019
09/30/2006,CVG,KY,ASO,CE,Combined TRACON& Tower with Radar,229,468,7,0,704,0,0,3,0,3,229,468,10,0,707,0,0,0,707
10/01/2006,CVG,KY,ASO,CE,Combined TRACON& Tower with Radar,263,597,15,0,875,0,2,5,0,7,263,599,20,0,882,0,0,0,882
10/02/2006,CVG,KY,ASO,CE,Combined TRACON& Tower with Radar,271,682,22,0,975,0,2,8,0,10,271,684,30,0,985,0,0,0,985
10/03/2006,CVG,KY,ASO,CE,Combined TRACON& Tower with Radar,253,560,27,0,840,0,0,2,0,2,253,560,29,0,842,0,0,0,842
10/04/2006,CVG,KY,ASO,CE,Combined TRACON& Tower with Radar,282,721,29,0,1032,0,2,3,0,5,282,723,32,0,1037,0,0,0,1037
10/05/2006,CVG,KY,ASO,CE,Combined TRACON& Tower with Radar,302,732,29,0,1063,0,0,0,0,0,302,732,29,0,1063,0,0,0,1063
10/06/2006,CVG,KY,ASO,CE,Combined TRACON& Tower with Radar,286,713,13,0,1012,0,1,5,0,6,286,714,18,0,1018,0,0,0,1018
10/07/2006,CVG,KY,ASO,CE,Combined TRACON& Tower with Radar,226,482,13,0,721,0,0,6,0,6,226,482,19,0,727,0,0,0,727
10/08/2006,CVG,KY,ASO,CE,Combined TRACON& Tower with Radar,272,600,7,0,879,0,0,4,2,6,272,600,11,2,885,0,0,0,885
10/09/2006,CVG,KY,ASO,CE,Combined TRACON& Tower with Radar,283,682,5,0,970,0,0,3,0,3,283,682,8,0,973,0,0,0,973
10/10/2006,CVG,KY,ASO,CE,Combined TRACON& Tower with Radar,249,523,29,0,801,0,0,9,1,10,249,523,38,1,811,0,0,0,811
10/11/2006,CVG,KY,ASO,CE,Combined TRACON& Tower with Radar,283,715,12,0,1010,0,0,2,0,2,283,715,14,0,1012,0,0,0,1012
10/12/2006,CVG,KY,ASO,CE,Combined TRACON& Tower with Radar,301,749,13,0,1063,0,1,4,1,6,301,750,17,1,1069,0,0,0,1069
10/13/2006,CVG,KY,ASO,CE,Combined TRACON& Tower with Radar,290,724,15,0,1029,0,4,3,0,7,290,728,18,0,1036,0,0,0,1036
10/14/2006,CVG,KY,ASO,CE,Combined TRACON& Tower with Radar,229,484,5,0,718,0,1,7,0,8,229,485,12,0,726,0,0,0,726
10/15/2006,CVG,KY,ASO,CE,Combined TRACON& Tower with Radar,270,597,14,2,883,0,0,4,0,4,270,597,18,2,887,0,0,0,887
10/16/2006,CVG,KY,ASO,CE,Combined TRACON& Tower with Radar,270,690,14,0,974,0,0,2,0,2,270,690,16,0,976,0,0,0,976
10/17/2006,CVG,KY,ASO,CE,Combined TRACON& Tower with Radar,256,550,14,0,820,0,0,0,0,0,256,550,14,0,820,0,0,0,820
10/18/2006,CVG,KY,ASO,CE,Combined TRACON& Tower with Radar,289,746,12,0,1047,0,0,3,0,3,289,746,15,0,1050,0,0,0,1050
10/19/2006,CVG,KY,ASO,CE,Combined TRACON& Tower with Radar,294,743,20,2,1059,0,1,0,0,1,294,744,20,2,1060,0,0,0,1060
10/20/2006,CVG,KY,ASO,CE,Combined TRACON& Tower with Radar,286,723,23,0,1032,0,1,2,0,3,286,724,25,0,1035,0,0,0,1035
10/21/2006,CVG,KY,ASO,CE,Combined TRACON& Tower with Radar,223,484,2,0,709,0,3,4,0,7,223,487,6,0,716,0,0,0,716
10/22/2006,CVG,KY,ASO,CE,Combined TRACON& Tower with Radar,267,610,8,3,888,0,0,0,0,0,267,610,8,3,888,0,0,0,888
10/23/2006,CVG,KY,ASO,CE,Combined TRACON& Tower with Radar,278,704,11,3,996,0,0,3,0,3,278,704,14,3,999,0,0,0,999
10/24/2006,CVG,KY,ASO,CE,Combined TRACON& Tower with Radar,246,571,28,0,845,0,0,0,0,0,246,571,28,0,845,0,0,0,845
10/25/2006,CVG,KY,ASO,CE,Combined TRACON& Tower with Radar,273,761,34,1,1069,0,3,3,0,6,273,764,37,1,1075,0,0,0,1075
10/26/2006,CVG,KY,ASO,CE,Combined TRACON& Tower with Radar,287,724,19,0,1030,0,0,1,0,1,287,724,20,0,1031,0,0,0,1031
10/27/2006,CVG,KY,ASO,CE,Combined TRACON& Tower with Radar,283,715,19,0,1017,0,0,0,0,0,283,715,19,0,1017,0,0,0,1017
10/28/2006,CVG,KY,ASO,CE,Combined TRACON& Tower with Radar,234,487,6,0,727,0,1,2,0,3,234,488,8,0,730,0,0,0,730
10/29/2006,CVG,KY,ASO,CE,Combined TRACON& Tower with Radar,262,595,5,0,862,0,1,5,0,6,262,596,10,0,868,0,0,0,868
10/30/2006,CVG,KY,ASO,CE,Combined TRACON& Tower with Radar,280,684,17,0,981,0,0,3,0,3,280,684,20,0,984,0,0,0,984
10/31/2006,CVG,KY,ASO,CE,Combined TRACON& Tower with Radar,244,543,20,0,807,0,1,0,0,1,244,544,20,0,808,0,0,0,808
11/01/2006,CVG,KY,ASO,CE,Combined TRACON& Tower with Radar,281,716,21,0,1018,0,0,1,0,1,281,716,22,0,1019,0,0,0,1019
11/02/2006,CVG,KY,ASO,CE,Combined TRACON& Tower with Radar,286,726,18,1,1031,0,0,5,0,5,286,726,23,1,1036,0,0,0,1036
11/03/2006,CVG,KY,ASO,CE,Combined TRACON& Tower with Radar,291,715,21,0,1027,0,0,7,0,7,291,715,28,0,1034,0,0,0,1034
11/04/2006,CVG,KY,ASO,CE,Combined TRACON& Tower with Radar,223,471,3,0,697,0,0,3,0,3,223,471,6,0,700,0,0,0,700
11/05/2006,CVG,KY,ASO,CE,Combined TRACON& Tower with Radar,262,602,9,2,875,0,0,0,0,0,262,602,9,2,875,0,0,0,875
11/06/2006,CVG,KY,ASO,CE,Combined TRACON& Tower with Radar,275,684,25,0,984,0,0,0,0,0,275,684,25,0,984,0,0,0,984
11/07/2006,CVG,KY,ASO,CE,Combined TRACON& Tower with Radar,246,565,26,0,837,0,1,0,0,1,246,566,26,0,838,0,0,0,838
11/08/2006,CVG,KY,ASO,CE,Combined TRACON& Tower with Radar,272,724,27,0,1023,0,0,0,1,1,272,724,27,1,1024,0,0,0,1024
11/09/2006,CVG,KY,ASO,CE,Combined TRACON& Tower with Radar,289,744,19,0,1052,0,1,1,0,2,289,745,20,0,1054,0,0,0,1054
11/10/2006,CVG,KY,ASO,CE,Combined TRACON& Tower with Radar,283,742,17,0,1042,0,0,3,1,4,283,742,20,1,1046,0,0,0,1046
11/11/2006,CVG,KY,ASO,CE,Combined TRACON& Tower with Radar,224,476,6,0,706,0,0,0,0,0,224,476,6,0,706,0,0,0,706
11/12/2006,CVG,KY,ASO,CE,Combined TRACON& Tower with Radar,262,592,6,0,860,0,1,0,1,2,262,593,6,1,862,0,0,0,862
11/13/2006,CVG,KY,ASO,CE,Combined TRACON& Tower with Radar,269,664,5,1,939,0,1,0,0,1,269,665,5,1,940,0,0,0,940
11/14/2006,CVG,KY,ASO,CE,Combined TRACON& Tower with Radar,246,578,12,0,836,0,0,1,0,1,246,578,13,0,837,0,0,0,837
11/15/2006,CVG,KY,ASO,CE,Combined TRACON& Tower with Radar,278,741,28,1,1048,0,0,0,1,1,278,741,28,2,1049,0,0,0,1049
11/16/2006,CVG,KY,ASO,CE,Combined TRACON& Tower with Radar,277,709,26,0,1012,0,0,2,0,2,277,709,28,0,1014,0,0,0,1014
11/17/2006,CVG,KY,ASO,CE,Combined TRACON& Tower with Radar,285,728,12,0,1025,0,1,4,2,7,285,729,16,2,1032,0,0,0,1032
11/18/2006,CVG,KY,ASO,CE,Combined TRACON& Tower with Radar,218,476,8,2,704,0,0,2,0,2,218,476,10,2,706,0,0,0,706
11/19/2006,CVG,KY,ASO,CE,Combined TRACON& Tower with Radar,268,602,3,0,873,0,0,0,0,0,268,602,3,0,873,0,0,0,873
11/20/2006,CVG,KY,ASO,CE,Combined TRACON& Tower with Radar,236,536,19,0,791,0,2,3,0,5,236,538,22,0,796,0,0,0,796
11/21/2006,CVG,KY,ASO,CE,Combined TRACON& Tower with Radar,282,735,13,0,1030,0,4,3,1,8,282,739,16,1,1038,0,0,0,1038
11/22/2006,CVG,KY,ASO,CE,Combined TRACON& Tower with Radar,286,716,9,0,1011,0,0,6,0,6,286,716,15,0,1017,0,0,0,1017
11/23/2006,CVG,KY,ASO,CE,Combined TRACON& Tower with Radar,186,493,5,0,684,0,0,0,0,0,186,493,5,0,684,0,0,0,684
11/24/2006,CVG,KY,ASO,CE,Combined TRACON& Tower with Radar,195,483,5,0,683,0,0,1,0,1,195,483,6,0,684,0,0,0,684
11/25/2006,CVG,KY,ASO,CE,Combined TRACON& Tower with Radar,259,579,6,0,844,0,4,2,0,6,259,583,8,0,850,0,0,0,850
11/26/2006,CVG,KY,ASO,CE,Combined TRACON& Tower with Radar,295,682,9,0,986,0,1,7,0,8,295,683,16,0,994,0,0,0,994
11/27/2006,CVG,KY,ASO,CE,Combined TRACON& Tower with Radar,278,704,12,0,994,0,0,1,0,1,278,704,13,0,995,0,0,0,995
11/28/2006,CVG,KY,ASO,CE,Combined TRACON& Tower with Radar,280,735,23,0,1038,0,0,2,0,2,280,735,25,0,1040,0,0,0,1040
11/29/2006,CVG,KY,ASO,CE,Combined TRACON& Tower with Radar,275,726,19,0,1020,0,0,2,0,2,275,726,21,0,1022,0,0,0,1022
11/30/2006,CVG,KY,ASO,CE,Combined TRACON& Tower with Radar,285,701,22,0,1008,0,0,0,0,0,285,701,22,0,1008,0,0,0,1008
12/01/2006,CVG,KY,ASO,CE,Combined TRACON& Tower with Radar,238,672,5,2,917,0,0,0,0,0,238,672,5,2,917,0,0,0,917
12/02/2006,CVG,KY,ASO,CE,Combined TRACON& Tower with Radar,219,484,3,0,706,0,0,10,0,10,219,484,13,0,716,0,0,0,716
12/03/2006,CVG,KY,ASO,CE,Combined TRACON& Tower with Radar,250,591,11,0,852,0,0,8,0,8,250,591,19,0,860,0,0,0,860
12/04/2006,CVG,KY,ASO,CE,Combined TRACON& Tower with Radar,258,686,13,0,957,0,0,1,0,1,258,686,14,0,958,0,0,0,958
12/05/2006,CVG,KY,ASO,CE,Combined TRACON& Tower with Radar,234,582,19,0,835,0,0,0,1,1,234,582,19,1,836,0,0,0,836
12/06/2006,CVG,KY,ASO,CE,Combined TRACON& Tower with Radar,270,726,25,0,1021,0,0,1,0,1,270,726,26,0,1022,0,0,0,1022
12/07/2006,CVG,KY,ASO,CE,Combined TRACON& Tower with Radar,288,713,16,0,1017,0,0,0,1,1,288,713,16,1,1018,0,0,0,1018
12/08/2006,CVG,KY,ASO,CE,Combined TRACON& Tower with Radar,277,721,12,0,1010,0,0,1,0,1,277,721,13,0,1011,0,0,0,1011
12/09/2006,CVG,KY,ASO,CE,Combined TRACON& Tower with Radar,224,491,9,0,724,0,2,0,0,2,224,493,9,0,726,0,0,0,726
12/10/2006,CVG,KY,ASO,CE,Combined TRACON& Tower with Radar,254,605,7,0,866,0,2,6,0,8,254,607,13,0,874,0,0,0,874
12/11/2006,CVG,KY,ASO,CE,Combined TRACON& Tower with Radar,261,692,23,0,976,0,0,6,0,6,261,692,29,0,982,0,0,0,982
12/12/2006,CVG,KY,ASO,CE,Combined TRACON& Tower with Radar,239,552,22,0,813,0,0,0,0,0,239,552,22,0,813,0,0,0,813
12/13/2006,CVG,KY,ASO,CE,Combined TRACON& Tower with Radar,278,728,14,0,1020,0,1,3,0,4,278,729,17,0,1024,0,0,0,1024
12/14/2006,CVG,KY,ASO,CE,Combined TRACON& Tower with Radar,265,727,18,0,1010,0,0,3,0,3,265,727,21,0,1013,0,0,0,1013
12/15/2006,CVG,KY,ASO,CE,Combined TRACON& Tower with Radar,279,707,19,0,1005,0,0,4,0,4,279,707,23,0,1009,0,0,0,1009
12/16/2006,CVG,KY,ASO,CE,Combined TRACON& Tower with Radar,222,470,11,0,703,0,0,1,2,3,222,470,12,2,706,0,0,0,706
12/17/2006,CVG,KY,ASO,CE,Combined TRACON& Tower with Radar,259,572,3,0,834,0,0,4,0,4,259,572,7,0,838,0,0,0,838
12/18/2006,CVG,KY,ASO,CE,Combined TRACON& Tower with Radar,269,666,13,0,948,0,0,1,0,1,269,666,14,0,949,0,0,0,949
12/19/2006,CVG,KY,ASO,CE,Combined TRACON& Tower with Radar,270,714,34,1,1019,0,4,2,0,6,270,718,36,1,1025,0,0,0,1025
12/20/2006,CVG,KY,ASO,CE,Combined TRACON& Tower with Radar,267,714,18,2,1001,0,4,7,0,11,267,718,25,2,1012,0,0,0,1012
12/21/2006,CVG,KY,ASO,CE,Combined TRACON& Tower with Radar,277,706,12,0,995,0,2,0,0,2,277,708,12,0,997,0,0,0,997
12/22/2006,CVG,KY,ASO,CE,Combined TRACON& Tower with Radar,278,711,9,0,998,0,0,0,0,0,278,711,9,0,998,0,0,0,998
12/23/2006,CVG,KY,ASO,CE,Combined TRACON& Tower with Radar,274,615,3,0,892,0,1,0,0,1,274,616,3,0,893,0,0,0,893
12/24/2006,CVG,KY,ASO,CE,Combined TRACON& Tower with Radar,201,482,5,0,688,0,0,4,0,4,201,482,9,0,692,0,0,0,692
12/25/2006,CVG,KY,ASO,CE,Combined TRACON& Tower with Radar,181,414,2,1,598,0,0,0,0,0,181,414,2,1,598,0,0,0,598
12/26/2006,CVG,KY,ASO,CE,Combined TRACON& Tower with Radar,266,637,5,0,908,0,0,0,0,0,266,637,5,0,908,0,0,0,908
12/27/2006,CVG,KY,ASO,CE,Combined TRACON& Tower with Radar,267,669,10,2,948,0,0,2,0,2,267,669,12,2,950,0,0,0,950
12/28/2006,CVG,KY,ASO,CE,Combined TRACON& Tower with Radar,280,667,5,0,952,0,0,6,0,6,280,667,11,0,958,0,0,0,958
12/29/2006,CVG,KY,ASO,CE,Combined TRACON& Tower with Radar,256,650,2,0,908,0,3,1,0,4,256,653,3,0,912,0,0,0,912
12/30/2006,CVG,KY,ASO,CE,Combined TRACON& Tower with Radar,264,593,2,0,859,0,0,2,2,4,264,593,4,2,863,0,0,0,863
12/31/2006,CVG,KY,ASO,CE,Combined TRACON& Tower with Radar,219,443,1,0,663,0,2,1,0,3,219,445,2,0,666,0,0,0,666
01/01/2007,CVG,KY,ASO,CE,Combined TRACON& Tower with Radar,236,517,5,0,758,0,0,1,0,1,236,517,6,0,759,0,0,0,759
01/02/2007,CVG,KY,ASO,CE,Combined TRACON& Tower with Radar,280,658,8,0,946,0,0,0,0,0,280,658,8,0,946,0,0,0,946
01/03/2007,CVG,KY,ASO,CE,Combined TRACON& Tower with Radar,274,720,13,0,1007,0,0,2,1,3,274,720,15,1,1010,0,0,0,1010
01/04/2007,CVG,KY,ASO,CE,Combined TRACON& Tower with Radar,271,721,17,2,1011,0,0,3,0,3,271,721,20,2,1014,0,0,0,1014
01/05/2007,CVG,KY,ASO,CE,Combined TRACON& Tower with Radar,268,709,3,0,980,0,2,0,0,2,268,711,3,0,982,0,0,0,982
01/06/2007,CVG,KY,ASO,CE,Combined TRACON& Tower with Radar,220,500,3,2,725,0,4,0,0,4,220,504,3,2,729,0,0,0,729
01/07/2007,CVG,KY,ASO,CE,Combined TRACON& Tower with Radar,254,611,4,1,870,0,0,0,0,0,254,611,4,1,870,0,0,0,870
01/08/2007,CVG,KY,ASO,CE,Combined TRACON& Tower with Radar,266,680,13,2,961,0,2,2,0,4,266,682,15,2,965,0,0,0,965
01/09/2007,CVG,KY,ASO,CE,Combined TRACON& Tower with Radar,227,567,23,0,817,0,0,1,0,1,227,567,24,0,818,0,0,0,818
01/10/2007,CVG,KY,ASO,CE,Combined TRACON& Tower with Radar,261,724,11,0,996,0,0,4,0,4,261,724,15,0,1000,0,0,0,1000
01/11/2007,CVG,KY,ASO,CE,Combined TRACON& Tower with Radar,274,706,10,1,991,0,0,5,0,5,274,706,15,1,996,0,0,0,996
01/12/2007,CVG,KY,ASO,CE,Combined TRACON& Tower with Radar,269,696,7,0,972,0,1,0,0,1,269,697,7,0,973,0,0,0,973
01/13/2007,CVG,KY,ASO,CE,Combined TRACON& Tower with Radar,202,462,1,0,665,0,0,0,0,0,202,462,1,0,665,0,0,0,665
01/14/2007,CVG,KY,ASO,CE,Combined TRACON& Tower with Radar,242,566,6,0,814,0,0,0,0,0,242,566,6,0,814,0,0,0,814
01/15/2007,CVG,KY,ASO,CE,Combined TRACON& Tower with Radar,257,642,11,0,910,0,0,0,0,0,257,642,11,0,910,0,0,0,910
01/16/2007,CVG,KY,ASO,CE,Combined TRACON& Tower with Radar,223,515,22,0,760,0,0,1,0,1,223,515,23,0,761,0,0,0,761
01/17/2007,CVG,KY,ASO,CE,Combined TRACON& Tower with Radar,260,706,33,0,999,0,2,4,0,6,260,708,37,0,1005,0,0,0,1005
01/18/2007,CVG,KY,ASO,CE,Combined TRACON& Tower with Radar,274,713,26,0,1013,0,0,0,0,0,274,713,26,0,1013,0,0,0,1013
01/19/2007,CVG,KY,ASO,CE,Combined TRACON& Tower with Radar,277,703,15,0,995,0,0,2,0,2,277,703,17,0,997,0,0,0,997
01/20/2007,CVG,KY,ASO,CE,Combined TRACON& Tower with Radar,211,485,7,0,703,0,2,2,0,4,211,487,9,0,707,0,0,0,707
01/21/2007,CVG,KY,ASO,CE,Combined TRACON& Tower with Radar,230,559,4,1,794,0,0,0,0,0,230,559,4,1,794,0,0,0,794
01/22/2007,CVG,KY,ASO,CE,Combined TRACON& Tower with Radar,254,680,18,0,952,0,0,0,0,0,254,680,18,0,952,0,0,0,952
01/23/2007,CVG,KY,ASO,CE,Combined TRACON& Tower with Radar,226,569,22,0,817,0,1,1,0,2,226,570,23,0,819,0,0,0,819
01/24/2007,CVG,KY,ASO,CE,Combined TRACON& Tower with Radar,271,727,25,0,1023,0,0,0,0,0,271,727,25,0,1023,0,0,0,1023
01/25/2007,CVG,KY,ASO,CE,Combined TRACON& Tower with Radar,278,710,25,0,1013,0,0,0,0,0,278,710,25,0,1013,0,0,0,1013
01/26/2007,CVG,KY,ASO,CE,Combined TRACON& Tower with Radar,276,706,4,0,986,0,1,6,0,7,276,707,10,0,993,0,0,0,993
01/27/2007,CVG,KY,ASO,CE,Combined TRACON& Tower with Radar,215,481,5,0,701,0,1,0,0,1,215,482,5,0,702,0,0,0,702
01/28/2007,CVG,KY,ASO,CE,Combined TRACON& Tower with Radar,255,575,5,0,835,0,2,0,0,2,255,577,5,0,837,0,0,0,837
01/29/2007,CVG,KY,ASO,CE,Combined TRACON& Tower with Radar,259,657,20,0,936,0,1,1,0,2,259,658,21,0,938,0,0,0,938
01/30/2007,CVG,KY,ASO,CE,Combined TRACON& Tower with Radar,229,581,6,2,818,0,1,0,0,1,229,582,6,2,819,0,0,0,819
01/31/2007,CVG,KY,ASO,CE,Combined TRACON& Tower with Radar,278,707,22,0,1007,0,0,3,0,3,278,707,25,0,1010,0,0,0,1010
02/01/2007,CVG,KY,ASO,CE,Combined TRACON& Tower with Radar,279,686,29,0,994,0,0,0,0,0,279,686,29,0,994,0,0,0,994
02/02/2007,CVG,KY,ASO,CE,Combined TRACON& Tower with Radar,277,699,5,0,981,0,0,0,0,0,277,699,5,0,981,0,0,0,981
02/03/2007,CVG,KY,ASO,CE,Combined TRACON& Tower with Radar,202,454,8,0,664,0,0,1,0,1,202,454,9,0,665,0,0,0,665
02/04/2007,CVG,KY,ASO,CE,Combined TRACON& Tower with Radar,244,568,7,0,819,0,1,3,0,4,244,569,10,0,823,0,0,0,823
02/05/2007,CVG,KY,ASO,CE,Combined TRACON& Tower with Radar,265,635,11,2,913,0,1,2,0,3,265,636,13,2,916,0,0,0,916
02/06/2007,CVG,KY,ASO,CE,Combined TRACON& Tower with Radar,193,455,29,0,677,0,0,0,0,0,193,455,29,0,677,0,0,0,677
02/07/2007,CVG,KY,ASO,CE,Combined TRACON& Tower with Radar,268,644,23,0,935,0,1,3,0,4,268,645,26,0,939,0,0,0,939
02/08/2007,CVG,KY,ASO,CE,Combined TRACON& Tower with Radar,282,709,16,0,1007,0,0,4,0,4,282,709,20,0,1011,0,0,0,1011
02/09/2007,CVG,KY,ASO,CE,Combined TRACON& Tower with Radar,291,704,9,0,1004,0,0,5,0,5,291,704,14,0,1009,0,0,0,1009
02/10/2007,CVG,KY,ASO,CE,Combined TRACON& Tower with Radar,208,449,9,0,666,0,0,1,0,1,208,449,10,0,667,0,0,0,667
02/11/2007,CVG,KY,ASO,CE,Combined TRACON& Tower with Radar,247,582,2,0,831,0,0,0,0,0,247,582,2,0,831,0,0,0,831
02/12/2007,CVG,KY,ASO,CE,Combined TRACON& Tower with Radar,237,615,16,0,868,1,0,0,0,1,238,615,16,0,869,0,0,0,869
02/13/2007,CVG,KY,ASO,CE,Combined TRACON& Tower with Radar,161,363,7,2,533,1,0,0,0,1,162,363,7,2,534,0,0,0,534
02/14/2007,CVG,KY,ASO,CE,Combined TRACON& Tower with Radar,220,550,19,0,789,1,5,1,0,7,221,555,20,0,796,0,0,0,796
02/15/2007,CVG,KY,ASO,CE,Combined TRACON& Tower with Radar,273,648,22,0,943,0,0,1,0,1,273,648,23,0,944,0,0,0,944
02/16/2007,CVG,KY,ASO,CE,Combined TRACON& Tower with Radar,277,677,18,1,973,0,0,6,0,6,277,677,24,1,979,0,0,0,979
02/17/2007,CVG,KY,ASO,CE,Combined TRACON& Tower with Radar,222,464,2,0,688,0,0,1,0,1,222,464,3,0,689,0,0,0,689
02/18/2007,CVG,KY,ASO,CE,Combined TRACON& Tower with Radar,251,580,5,0,836,0,0,0,0,0,251,580,5,0,836,0,0,0,836
02/19/2007,CVG,KY,ASO,CE,Combined TRACON& Tower with Radar,263,675,12,0,950,0,0,1,0,1,263,675,13,0,951,0,0,0,951
02/20/2007,CVG,KY,ASO,CE,Combined TRACON& Tower with Radar,250,683,25,0,958,0,0,3,0,3,250,683,28,0,961,0,0,0,961
02/21/2007,CVG,KY,ASO,CE,Combined TRACON& Tower with Radar,243,543,18,0,804,0,0,0,0,0,243,543,18,0,804,0,0,0,804
02/22/2007,CVG,KY,ASO,CE,Combined TRACON& Tower with Radar,277,679,15,0,971,0,0,1,0,1,277,679,16,0,972,0,0,0,972
02/23/2007,CVG,KY,ASO,CE,Combined TRACON& Tower with Radar,278,706,11,0,995,0,0,4,0,4,278,706,15,0,999,0,0,0,999
02/24/2007,CVG,KY,ASO,CE,Combined TRACON& Tower with Radar,222,450,3,0,675,0,0,1,2,3,222,450,4,2,678,0,0,0,678
02/25/2007,CVG,KY,ASO,CE,Combined TRACON& Tower with Radar,248,554,3,0,805,0,0,0,0,0,248,554,3,0,805,0,0,0,805
02/26/2007,CVG,KY,ASO,CE,Combined TRACON& Tower with Radar,270,669,19,0,958,0,2,1,0,3,270,671,20,0,961,0,0,0,961
02/27/2007,CVG,KY,ASO,CE,Combined TRACON& Tower with Radar,230,564,19,0,813,0,0,7,0,7,230,564,26,0,820,0,0,0,820
02/28/2007,CVG,KY,ASO,CE,Combined TRACON& Tower with Radar,276,665,19,0,960,0,2,2,0,4,276,667,21,0,964,0,0,0,964
03/01/2007,CVG,KY,ASO,CE,Combined TRACON& Tower with Radar,265,674,10,0,949,0,2,0,0,2,265,676,10,0,951,0,0,0,951
03/02/2007,CVG,KY,ASO,CE,Combined TRACON& Tower with Radar,265,694,23,0,982,2,1,5,0,8,267,695,28,0,990,0,0,0,990
03/03/2007,CVG,KY,ASO,CE,Combined TRACON& Tower with Radar,218,467,3,0,688,0,0,0,0,0,218,467,3,0,688,0,0,0,688
03/04/2007,CVG,KY,ASO,CE,Combined TRACON& Tower with Radar,267,584,8,2,861,0,0,0,0,0,267,584,8,2,861,0,0,0,861
03/05/2007,CVG,KY,ASO,CE,Combined TRACON& Tower with Radar,267,672,6,0,945,0,3,0,0,3,267,675,6,0,948,0,0,0,948
03/06/2007,CVG,KY,ASO,CE,Combined TRACON& Tower with Radar,258,713,11,1,983,0,2,1,0,3,258,715,12,1,986,0,0,0,986
03/07/2007,CVG,KY,ASO,CE,Combined TRACON& Tower with Radar,266,712,12,0,990,0,1,4,0,5,266,713,16,0,995,0,0,0,995
03/08/2007,CVG,KY,ASO,CE,Combined TRACON& Tower with Radar,289,714,28,1,1032,0,0,2,0,2,289,714,30,1,1034,0,0,0,1034
03/09/2007,CVG,KY,ASO,CE,Combined TRACON& Tower with Radar,276,720,11,0,1007,0,1,4,0,5,276,721,15,0,1012,0,0,0,1012
03/10/2007,CVG,KY,ASO,CE,Combined TRACON& Tower with Radar,236,474,3,0,713,0,0,2,0,2,236,474,5,0,715,0,0,0,715
03/11/2007,CVG,KY,ASO,CE,Combined TRACON& Tower with Radar,264,597,9,0,870,2,0,0,0,2,266,597,9,0,872,0,0,0,872
03/12/2007,CVG,KY,ASO,CE,Combined TRACON& Tower with Radar,264,676,15,0,955,0,0,4,0,4,264,676,19,0,959,0,0,0,959
03/13/2007,CVG,KY,ASO,CE,Combined TRACON& Tower with Radar,265,721,25,0,1011,0,0,1,1,2,265,721,26,1,1013,0,0,0,1013
03/14/2007,CVG,KY,ASO,CE,Combined TRACON& Tower with Radar,269,717,37,0,1023,0,7,2,0,9,269,724,39,0,1032,0,0,0,1032
03/15/2007,CVG,KY,ASO,CE,Combined TRACON& Tower with Radar,288,710,16,0,1014,0,0,0,0,0,288,710,16,0,1014,0,0,0,1014
03/16/2007,CVG,KY,ASO,CE,Combined TRACON& Tower with Radar,246,668,18,0,932,0,0,0,0,0,246,668,18,0,932,0,0,0,932
03/17/2007,CVG,KY,ASO,CE,Combined TRACON& Tower with Radar,217,473,8,0,698,0,0,1,0,1,217,473,9,0,699,0,0,0,699
03/18/2007,CVG,KY,ASO,CE,Combined TRACON& Tower with Radar,264,587,3,0,854,0,1,0,0,1,264,588,3,0,855,0,0,0,855
03/19/2007,CVG,KY,ASO,CE,Combined TRACON& Tower with Radar,264,685,25,0,974,0,1,1,0,2,264,686,26,0,976,0,0,0,976
03/20/2007,CVG,KY,ASO,CE,Combined TRACON& Tower with Radar,266,703,13,0,982,0,2,5,0,7,266,705,18,0,989,0,0,0,989
03/21/2007,CVG,KY,ASO,CE,Combined TRACON& Tower with Radar,264,717,24,0,1005,1,1,3,0,5,265,718,27,0,1010,0,0,0,1010
03/22/2007,CVG,KY,ASO,CE,Combined TRACON& Tower with Radar,274,716,15,0,1005,0,0,1,0,1,274,716,16,0,1006,0,0,0,1006
03/23/2007,CVG,KY,ASO,CE,Combined TRACON& Tower with Radar,282,708,18,0,1008,0,2,2,0,4,282,710,20,0,1012,0,0,0,1012
03/24/2007,CVG,KY,ASO,CE,Combined TRACON& Tower with Radar,233,486,10,0,729,0,0,2,1,3,233,486,12,1,732,0,0,0,732
03/25/2007,CVG,KY,ASO,CE,Combined TRACON& Tower with Radar,268,595,17,0,880,0,0,3,0,3,268,595,20,0,883,0,0,0,883
03/26/2007,CVG,KY,ASO,CE,Combined TRACON& Tower with Radar,267,686,18,0,971,0,0,4,0,4,267,686,22,0,975,0,0,0,975
03/27/2007,CVG,KY,ASO,CE,Combined TRACON& Tower with Radar,263,712,37,0,1012,0,0,0,0,0,263,712,37,0,1012,0,0,0,1012
03/28/2007,CVG,KY,ASO,CE,Combined TRACON& Tower with Radar,267,709,28,0,1004,0,2,0,0,2,267,711,28,0,1006,0,0,0,1006
03/29/2007,CVG,KY,ASO,CE,Combined TRACON& Tower with Radar,284,722,19,0,1025,1,0,0,0,1,285,722,19,0,1026,0,0,0,1026
03/30/2007,CVG,KY,ASO,CE,Combined TRACON& Tower with Radar,282,702,16,0,1000,1,3,3,0,7,283,705,19,0,1007,0,0,0,1007
03/31/2007,CVG,KY,ASO,CE,Combined TRACON& Tower with Radar,227,478,5,0,710,0,1,0,1,2,227,479,5,1,712,0,0,0,712
04/01/2007,CVG,KY,ASO,CE,Combined TRACON& Tower with Radar,261,584,5,0,850,2,2,2,0,6,263,586,7,0,856,0,0,0,856
04/02/2007,CVG,KY,ASO,CE,Combined TRACON& Tower with Radar,277,672,8,0,957,1,2,6,0,9,278,674,14,0,966,0,0,0,966
04/03/2007,CVG,KY,ASO,CE,Combined TRACON& Tower with Radar,266,685,15,0,966,1,3,0,0,4,267,688,15,0,970,0,0,0,970
04/04/2007,CVG,KY,ASO,CE,Combined TRACON& Tower with Radar,264,704,15,0,983,0,0,2,0,2,264,704,17,0,985,0,0,0,985
04/05/2007,CVG,KY,ASO,CE,Combined TRACON& Tower with Radar,282,711,17,0,1010,1,1,1,0,3,283,712,18,0,1013,0,0,0,1013
04/06/2007,CVG,KY,ASO,CE,Combined TRACON& Tower with Radar,291,691,6,1,989,0,0,0,0,0,291,691,6,1,989,0,0,0,989
04/07/2007,CVG,KY,ASO,CE,Combined TRACON& Tower with Radar,229,469,7,0,705,0,0,1,0,1,229,469,8,0,706,0,0,0,706
04/08/2007,CVG,KY,ASO,CE,Combined TRACON& Tower with Radar,264,582,2,0,848,0,1,0,0,1,264,583,2,0,849,0,0,0,849
04/09/2007,CVG,KY,ASO,CE,Combined TRACON& Tower with Radar,279,661,29,0,969,0,1,3,0,4,279,662,32,0,973,0,0,0,973
04/10/2007,CVG,KY,ASO,CE,Combined TRACON& Tower with Radar,272,697,14,0,983,0,1,4,0,5,272,698,18,0,988,0,0,0,988
04/11/2007,CVG,KY,ASO,CE,Combined TRACON& Tower with Radar,270,698,20,0,988,0,1,0,0,1,270,699,20,0,989,0,0,0,989
04/12/2007,CVG,KY,ASO,CE,Combined TRACON& Tower with Radar,292,702,21,0,1015,0,6,1,0,7,292,708,22,0,1022,0,0,0,1022
04/13/2007,CVG,KY,ASO,CE,Combined TRACON& Tower with Radar,290,693,19,0,1002,0,1,1,0,2,290,694,20,0,1004,0,0,0,1004
04/14/2007,CVG,KY,ASO,CE,Combined TRACON& Tower with Radar,224,485,6,0,715,0,1,0,0,1,224,486,6,0,716,0,0,0,716
04/15/2007,CVG,KY,ASO,CE,Combined TRACON& Tower with Radar,256,579,12,1,848,0,0,1,0,1,256,579,13,1,849,0,0,0,849
04/16/2007,CVG,KY,ASO,CE,Combined TRACON& Tower with Radar,278,630,23,0,931,1,0,3,0,4,279,630,26,0,935,0,0,0,935
04/17/2007,CVG,KY,ASO,CE,Combined TRACON& Tower with Radar,214,573,17,0,804,0,0,5,0,5,214,573,22,0,809,0,0,0,809
04/18/2007,CVG,KY,ASO,CE,Combined TRACON& Tower with Radar,249,734,19,0,1002,0,1,0,0,1,249,735,19,0,1003,0,0,0,1003
04/19/2007,CVG,KY,ASO,CE,Combined TRACON& Tower with Radar,261,724,18,0,1003,1,0,1,0,2,262,724,19,0,1005,0,0,0,1005
04/20/2007,CVG,KY,ASO,CE,Combined TRACON& Tower with Radar,262,722,15,0,999,0,0,1,1,2,262,722,16,1,1001,0,0,0,1001
04/21/2007,CVG,KY,ASO,CE,Combined TRACON& Tower with Radar,198,461,5,0,664,0,0,0,0,0,198,461,5,0,664,0,0,0,664
04/22/2007,CVG,KY,ASO,CE,Combined TRACON& Tower with Radar,236,605,17,0,858,0,0,0,0,0,236,605,17,0,858,0,0,0,858
04/23/2007,CVG,KY,ASO,CE,Combined TRACON& Tower with Radar,241,698,5,0,944,1,0,0,0,1,242,698,5,0,945,0,0,0,945
04/24/2007,CVG,KY,ASO,CE,Combined TRACON& Tower with Radar,211,561,29,0,801,0,0,4,0,4,211,561,33,0,805,0,0,0,805
04/25/2007,CVG,KY,ASO,CE,Combined TRACON& Tower with Radar,245,710,12,0,967,0,0,1,0,1,245,710,13,0,968,0,0,0,968
04/26/2007,CVG,KY,ASO,CE,Combined TRACON& Tower with Radar,248,719,21,0,988,0,1,0,1,2,248,720,21,1,990,0,0,0,990
04/27/2007,CVG,KY,ASO,CE,Combined TRACON& Tower with Radar,257,718,21,0,996,0,3,2,0,5,257,721,23,0,1001,0,0,0,1001
04/28/2007,CVG,KY,ASO,CE,Combined TRACON& Tower with Radar,202,455,1,0,658,0,2,1,0,3,202,457,2,0,661,0,0,0,661
04/29/2007,CVG,KY,ASO,CE,Combined TRACON& Tower with Radar,239,595,5,0,839,0,1,3,2,6,239,596,8,2,845,0,0,0,845
04/30/2007,CVG,KY,ASO,CE,Combined TRACON& Tower with Radar,247,687,19,0,953,1,2,4,0,7,248,689,23,0,960,0,0,0,960
05/01/2007,CVG,KY,ASO,CE,Combined TRACON& Tower with Radar,211,567,9,0,787,0,0,4,0,4,211,567,13,0,791,0,0,0,791
05/02/2007,CVG,KY,ASO,CE,Combined TRACON& Tower with Radar,248,727,21,0,996,0,9,6,0,15,248,736,27,0,1011,0,0,0,1011
05/03/2007,CVG,KY,ASO,CE,Combined TRACON& Tower with Radar,259,720,20,0,999,0,0,1,0,1,259,720,21,0,1000,0,0,0,1000
05/04/2007,CVG,KY,ASO,CE,Combined TRACON& Tower with Radar,261,707,22,0,990,0,1,0,0,1,261,708,22,0,991,0,0,0,991
05/05/2007,CVG,KY,ASO,CE,Combined TRACON& Tower with Radar,188,460,8,0,656,0,1,0,0,1,188,461,8,0,657,0,0,0,657
05/06/2007,CVG,KY,ASO,CE,Combined TRACON& Tower with Radar,249,596,9,0,854,0,0,1,2,3,249,596,10,2,857,0,0,0,857
05/07/2007,CVG,KY,ASO,CE,Combined TRACON& Tower with Radar,245,689,11,0,945,0,4,9,0,13,245,693,20,0,958,0,0,0,958
05/08/2007,CVG,KY,ASO,CE,Combined TRACON& Tower with Radar,205,566,20,0,791,0,3,10,0,13,205,569,30,0,804,0,0,0,804
05/09/2007,CVG,KY,ASO,CE,Combined TRACON& Tower with Radar,241,732,23,0,996,3,0,7,0,10,244,732,30,0,1006,0,0,0,1006
05/10/2007,CVG,KY,ASO,CE,Combined TRACON& Tower with Radar,254,727,21,0,1002,2,0,1,0,3,256,727,22,0,1005,0,0,0,1005
05/11/2007,CVG,KY,ASO,CE,Combined TRACON& Tower with Radar,248,721,25,0,994,0,4,3,0,7,248,725,28,0,1001,0,0,0,1001
05/12/2007,CVG,KY,ASO,CE,Combined TRACON& Tower with Radar,193,459,19,0,671,0,0,2,0,2,193,459,21,0,673,0,0,0,673
05/13/2007,CVG,KY,ASO,CE,Combined TRACON& Tower with Radar,231,604,14,0,849,0,2,1,0,3,231,606,15,0,852,0,0,0,852
05/14/2007,CVG,KY,ASO,CE,Combined TRACON& Tower with Radar,240,686,26,0,952,0,0,27,0,27,240,686,53,0,979,0,0,0,979
05/15/2007,CVG,KY,ASO,CE,Combined TRACON& Tower with Radar,203,566,35,0,804,1,0,7,0,8,204,566,42,0,812,0,0,0,812
05/16/2007,CVG,KY,ASO,CE,Combined TRACON& Tower with Radar,237,722,33,0,992,0,0,2,0,2,237,722,35,0,994,0,0,0,994
05/17/2007,CVG,KY,ASO,CE,Combined TRACON& Tower with Radar,255,730,29,0,1014,1,1,3,1,6,256,731,32,1,1020,0,0,0,1020
05/18/2007,CVG,KY,ASO,CE,Combined TRACON& Tower with Radar,256,726,16,0,998,0,0,5,0,5,256,726,21,0,1003,0,0,0,1003
05/19/2007,CVG,KY,ASO,CE,Combined TRACON& Tower with Radar,192,466,7,0,665,0,2,5,1,8,192,468,12,1,673,0,0,0,673
05/20/2007,CVG,KY,ASO,CE,Combined TRACON& Tower with Radar,238,605,6,0,849,0,0,5,0,5,238,605,11,0,854,0,0,0,854
05/21/2007,CVG,KY,ASO,CE,Combined TRACON& Tower with Radar,247,683,23,0,953,0,2,2,0,4,247,685,25,0,957,0,0,0,957
05/22/2007,CVG,KY,ASO,CE,Combined TRACON& Tower with Radar,211,544,17,0,772,1,0,9,1,11,212,544,26,1,783,0,0,0,783
05/23/2007,CVG,KY,ASO,CE,Combined TRACON& Tower with Radar,241,715,14,0,970,0,0,4,3,7,241,715,18,3,977,0,0,0,977
05/24/2007,CVG,KY,ASO,CE,Combined TRACON& Tower with Radar,256,707,24,0,987,0,4,1,0,5,256,711,25,0,992,0,0,0,992
05/25/2007,CVG,KY,ASO,CE,Combined TRACON& Tower with Radar,260,702,17,0,979,0,1,2,0,3,260,703,19,0,982,0,0,0,982
05/26/2007,CVG,KY,ASO,CE,Combined TRACON& Tower with Radar,196,455,12,0,663,0,2,4,0,6,196,457,16,0,669,0,0,0,669
05/27/2007,CVG,KY,ASO,CE,Combined TRACON& Tower with Radar,189,444,2,0,635,1,0,0,0,1,190,444,2,0,636,0,0,0,636
05/28/2007,CVG,KY,ASO,CE,Combined TRACON& Tower with Radar,223,611,9,0,843,0,0,1,0,1,223,611,10,0,844,0,0,0,844
05/29/2007,CVG,KY,ASO,CE,Combined TRACON& Tower with Radar,243,699,20,0,962,0,1,1,0,2,243,700,21,0,964,0,0,0,964
05/30/2007,CVG,KY,ASO,CE,Combined TRACON& Tower with Radar,243,705,19,0,967,0,2,5,1,8,243,707,24,1,975,0,0,0,975
05/31/2007,CVG,KY,ASO,CE,Combined TRACON& Tower with Radar,257,698,27,2,984,1,0,2,0,3,258,698,29,2,987,0,0,0,987
06/01/2007,CVG,KY,ASO,CE,Combined TRACON& Tower with Radar,258,694,8,0,960,0,0,0,2,2,258,694,8,2,962,0,0,0,962
06/02/2007,CVG,KY,ASO,CE,Combined TRACON& Tower with Radar,199,465,4,1,669,0,0,0,0,0,199,465,4,1,669,0,0,0,669
06/03/2007,CVG,KY,ASO,CE,Combined TRACON& Tower with Radar,234,605,8,1,848,0,1,0,0,1,234,606,8,1,849,0,0,0,849
06/04/2007,CVG,KY,ASO,CE,Combined TRACON& Tower with Radar,240,680,10,0,930,0,0,1,0,1,240,680,11,0,931,0,0,0,931
06/05/2007,CVG,KY,ASO,CE,Combined TRACON& Tower with Radar,252,705,23,2,982,0,1,3,0,4,252,706,26,2,986,0,0,0,986
06/06/2007,CVG,KY,ASO,CE,Combined TRACON& Tower with Radar,240,709,14,0,963,1,0,3,0,4,241,709,17,0,967,0,0,0,967
06/07/2007,CVG,KY,ASO,CE,Combined TRACON& Tower with Radar,265,707,11,0,983,0,1,1,0,2,265,708,12,0,985,0,0,0,985
06/08/2007,CVG,KY,ASO,CE,Combined TRACON& Tower with Radar,255,668,8,0,931,1,3,1,0,5,256,671,9,0,936,0,0,0,936
06/09/2007,CVG,KY,ASO,CE,Combined TRACON& Tower with Radar,208,443,11,0,662,0,1,0,0,1,208,444,11,0,663,0,0,0,663
06/10/2007,CVG,KY,ASO,CE,Combined TRACON& Tower with Radar,260,624,13,0,897,0,0,2,3,5,260,624,15,3,902,0,0,0,902
06/11/2007,CVG,KY,ASO,CE,Combined TRACON& Tower with Radar,263,688,21,0,972,1,2,2,0,5,264,690,23,0,977,0,0,0,977
06/12/2007,CVG,KY,ASO,CE,Combined TRACON& Tower with Radar,271,698,18,0,987,0,0,3,0,3,271,698,21,0,990,0,0,0,990
06/13/2007,CVG,KY,ASO,CE,Combined TRACON& Tower with Radar,266,695,22,0,983,0,3,1,0,4,266,698,23,0,987,0,0,0,987
06/14/2007,CVG,KY,ASO,CE,Combined TRACON& Tower with Radar,283,707,28,2,1020,0,1,3,0,4,283,708,31,2,1024,0,0,0,1024
06/15/2007,CVG,KY,ASO,CE,Combined TRACON& Tower with Radar,275,713,31,0,1019,0,2,9,0,11,275,715,40,0,1030,0,0,0,1030
06/16/2007,CVG,KY,ASO,CE,Combined TRACON& Tower with Radar,213,444,27,2,686,1,1,17,0,19,214,445,44,2,705,0,0,0,705
06/17/2007,CVG,KY,ASO,CE,Combined TRACON& Tower with Radar,252,617,28,0,897,0,0,4,0,4,252,617,32,0,901,0,0,0,901
06/18/2007,CVG,KY,ASO,CE,Combined TRACON& Tower with Radar,268,677,15,0,960,1,2,4,0,7,269,679,19,0,967,0,0,0,967
06/19/2007,CVG,KY,ASO,CE,Combined TRACON& Tower with Radar,260,686,18,1,965,0,1,1,0,2,260,687,19,1,967,0,0,0,967
06/20/2007,CVG,KY,ASO,CE,Combined TRACON& Tower with Radar,253,707,24,0,984,1,3,4,0,8,254,710,28,0,992,0,0,0,992
06/21/2007,CVG,KY,ASO,CE,Combined TRACON& Tower with Radar,276,707,22,0,1005,1,3,13,0,17,277,710,35,0,1022,0,0,0,1022
06/22/2007,CVG,KY,ASO,CE,Combined TRACON& Tower with Radar,273,710,23,1,1007,0,1,1,0,2,273,711,24,1,1009,0,0,0,1009
06/23/2007,CVG,KY,ASO,CE,Combined TRACON& Tower with Radar,211,449,6,1,667,0,4,4,1,9,211,453,10,2,676,0,0,0,676
06/24/2007,CVG,KY,ASO,CE,Combined TRACON& Tower with Radar,248,614,5,0,867,0,0,1,0,1,248,614,6,0,868,0,0,0,868
06/25/2007,CVG,KY,ASO,CE,Combined TRACON& Tower with Radar,266,694,13,0,973,1,1,0,0,2,267,695,13,0,975,0,0,0,975
06/26/2007,CVG,KY,ASO,CE,Combined TRACON& Tower with Radar,268,718,28,0,1014,0,2,7,0,9,268,720,35,0,1023,0,0,0,1023
06/27/2007,CVG,KY,ASO,CE,Combined TRACON& Tower with Radar,265,682,22,0,969,1,1,1,0,3,266,683,23,0,972,0,0,0,972
06/28/2007,CVG,KY,ASO,CE,Combined TRACON& Tower with Radar,275,698,24,0,997,0,0,0,0,0,275,698,24,0,997,0,0,0,997
06/29/2007,CVG,KY,ASO,CE,Combined TRACON& Tower with Radar,277,707,19,1,1004,0,1,0,0,1,277,708,19,1,1005,0,0,0,1005
06/30/2007,CVG,KY,ASO,CE,Combined TRACON& Tower with Radar,211,443,5,0,659,0,1,5,3,9,211,444,10,3,668,0,0,0,668
07/01/2007,CVG,KY,ASO,CE,Combined TRACON& Tower with Radar,247,588,10,0,845,0,3,1,0,4,247,591,11,0,849,0,0,0,849
07/02/2007,CVG,KY,ASO,CE,Combined TRACON& Tower with Radar,259,671,16,0,946,1,0,4,0,5,260,671,20,0,951,0,0,0,951
07/03/2007,CVG,KY,ASO,CE,Combined TRACON& Tower with Radar,216,465,8,0,689,0,2,5,0,7,216,467,13,0,696,0,0,0,696
07/04/2007,CVG,KY,ASO,CE,Combined TRACON& Tower with Radar,194,439,4,0,637,0,0,0,0,0,194,439,4,0,637,0,0,0,637
07/05/2007,CVG,KY,ASO,CE,Combined TRACON& Tower with Radar,262,653,11,0,926,1,0,0,0,1,263,653,11,0,927,0,0,0,927
07/06/2007,CVG,KY,ASO,CE,Combined TRACON& Tower with Radar,266,705,12,0,983,0,0,2,0,2,266,705,14,0,985,0,0,0,985
07/07/2007,CVG,KY,ASO,CE,Combined TRACON& Tower with Radar,204,440,4,0,648,0,0,0,0,0,204,440,4,0,648,0,0,0,648
07/08/2007,CVG,KY,ASO,CE,Combined TRACON& Tower with Radar,251,613,7,0,871,1,1,4,0,6,252,614,11,0,877,0,0,0,877
07/09/2007,CVG,KY,ASO,CE,Combined TRACON& Tower with Radar,260,689,17,0,966,0,0,3,0,3,260,689,20,0,969,0,0,0,969
07/10/2007,CVG,KY,ASO,CE,Combined TRACON& Tower with Radar,268,700,17,0,985,1,1,2,0,4,269,701,19,0,989,0,0,0,989
07/11/2007,CVG,KY,ASO,CE,Combined TRACON& Tower with Radar,255,720,27,0,1002,0,2,1,2,5,255,722,28,2,1007,0,0,0,1007
07/12/2007,CVG,KY,ASO,CE,Combined TRACON& Tower with Radar,268,722,38,0,1028,1,0,3,0,4,269,722,41,0,1032,0,0,0,1032
07/13/2007,CVG,KY,ASO,CE,Combined TRACON& Tower with Radar,268,724,39,2,1033,0,2,2,2,6,268,726,41,4,1039,0,0,0,1039
07/14/2007,CVG,KY,ASO,CE,Combined TRACON& Tower with Radar,204,449,18,0,671,0,2,0,0,2,204,451,18,0,673,0,0,0,673
07/15/2007,CVG,KY,ASO,CE,Combined TRACON& Tower with Radar,257,614,20,2,893,2,0,6,0,8,259,614,26,2,901,0,0,0,901
07/16/2007,CVG,KY,ASO,CE,Combined TRACON& Tower with Radar,269,685,18,0,972,1,0,0,0,1,270,685,18,0,973,0,0,0,973
07/17/2007,CVG,KY,ASO,CE,Combined TRACON& Tower with Radar,271,715,31,1,1018,0,6,2,0,8,271,721,33,1,1026,0,0,0,1026
07/18/2007,CVG,KY,ASO,CE,Combined TRACON& Tower with Radar,257,692,21,0,970,0,1,3,0,4,257,693,24,0,974,0,0,0,974
07/19/2007,CVG,KY,ASO,CE,Combined TRACON& Tower with Radar,255,678,23,0,956,0,5,0,0,5,255,683,23,0,961,0,0,0,961
07/20/2007,CVG,KY,ASO,CE,Combined TRACON& Tower with Radar,269,714,23,0,1006,0,6,5,2,13,269,720,28,2,1019,0,0,0,1019
07/21/2007,CVG,KY,ASO,CE,Combined TRACON& Tower with Radar,202,453,4,0,659,0,2,3,0,5,202,455,7,0,664,0,0,0,664
07/22/2007,CVG,KY,ASO,CE,Combined TRACON& Tower with Radar,254,626,4,0,884,0,1,6,0,7,254,627,10,0,891,0,0,0,891
07/23/2007,CVG,KY,ASO,CE,Combined TRACON& Tower with Radar,255,688,15,0,958,0,3,8,0,11,255,691,23,0,969,0,0,0,969
07/24/2007,CVG,KY,ASO,CE,Combined TRACON& Tower with Radar,267,732,14,0,1013,0,2,5,0,7,267,734,19,0,1020,0,0,0,1020
07/25/2007,CVG,KY,ASO,CE,Combined TRACON& Tower with Radar,263,720,24,0,1007,0,2,1,0,3,263,722,25,0,1010,0,0,0,1010
07/26/2007,CVG,KY,ASO,CE,Combined TRACON& Tower with Radar,261,716,23,0,1000,0,0,1,0,1,261,716,24,0,1001,0,0,0,1001
07/27/2007,CVG,KY,ASO,CE,Combined TRACON& Tower with Radar,255,702,18,0,975,0,2,3,0,5,255,704,21,0,980,0,0,0,980
07/28/2007,CVG,KY,ASO,CE,Combined TRACON& Tower with Radar,214,463,6,2,685,1,0,1,0,2,215,463,7,2,687,0,0,0,687
07/29/2007,CVG,KY,ASO,CE,Combined TRACON& Tower with Radar,237,589,6,0,832,1,6,2,0,9,238,595,8,0,841,0,0,0,841
07/30/2007,CVG,KY,ASO,CE,Combined TRACON& Tower with Radar,256,667,20,0,943,0,2,1,0,3,256,669,21,0,946,0,0,0,946
07/31/2007,CVG,KY,ASO,CE,Combined TRACON& Tower with Radar,260,711,23,2,996,0,0,9,0,9,260,711,32,2,1005,0,0,0,1005
08/01/2007,CVG,KY,ASO,CE,Combined TRACON& Tower with Radar,259,722,20,2,1003,0,1,3,0,4,259,723,23,2,1007,0,0,0,1007
08/02/2007,CVG,KY,ASO,CE,Combined TRACON& Tower with Radar,269,726,16,0,1011,0,0,2,0,2,269,726,18,0,1013,0,0,0,1013
08/03/2007,CVG,KY,ASO,CE,Combined TRACON& Tower with Radar,264,696,9,0,969,0,0,3,0,3,264,696,12,0,972,0,0,0,972
08/04/2007,CVG,KY,ASO,CE,Combined TRACON& Tower with Radar,205,443,9,0,657,0,1,2,0,3,205,444,11,0,660,0,0,0,660
08/05/2007,CVG,KY,ASO,CE,Combined TRACON& Tower with Radar,255,628,10,0,893,0,2,0,0,2,255,630,10,0,895,0,0,0,895
08/06/2007,CVG,KY,ASO,CE,Combined TRACON& Tower with Radar,265,689,10,0,964,0,1,3,0,4,265,690,13,0,968,0,0,0,968
08/07/2007,CVG,KY,ASO,CE,Combined TRACON& Tower with Radar,264,694,19,0,977,3,1,6,2,12,267,695,25,2,989,0,0,0,989
08/08/2007,CVG,KY,ASO,CE,Combined TRACON& Tower with Radar,265,714,11,4,994,0,3,2,0,5,265,717,13,4,999,0,0,0,999
08/09/2007,CVG,KY,ASO,CE,Combined TRACON& Tower with Radar,264,697,33,0,994,0,0,3,0,3,264,697,36,0,997,0,0,0,997
08/10/2007,CVG,KY,ASO,CE,Combined TRACON& Tower with Radar,268,713,21,0,1002,1,5,5,0,11,269,718,26,0,1013,0,0,0,1013
08/11/2007,CVG,KY,ASO,CE,Combined TRACON& Tower with Radar,209,451,18,0,678,0,0,12,0,12,209,451,30,0,690,0,0,0,690
08/12/2007,CVG,KY,ASO,CE,Combined TRACON& Tower with Radar,252,636,18,2,908,0,1,3,0,4,252,637,21,2,912,0,0,0,912
08/13/2007,CVG,KY,ASO,CE,Combined TRACON& Tower with Radar,257,695,23,0,975,0,1,3,0,4,257,696,26,0,979,0,0,0,979
08/14/2007,CVG,KY,ASO,CE,Combined TRACON& Tower with Radar,273,716,18,0,1007,0,0,4,0,4,273,716,22,0,1011,0,0,0,1011
08/15/2007,CVG,KY,ASO,CE,Combined TRACON& Tower with Radar,259,725,34,0,1018,0,1,2,0,3,259,726,36,0,1021,0,0,0,1021
08/16/2007,CVG,KY,ASO,CE,Combined TRACON& Tower with Radar,274,710,20,0,1004,0,4,0,0,4,274,714,20,0,1008,0,0,0,1008
08/17/2007,CVG,KY,ASO,CE,Combined TRACON& Tower with Radar,266,714,16,2,998,0,1,8,0,9,266,715,24,2,1007,0,0,0,1007
08/18/2007,CVG,KY,ASO,CE,Combined TRACON& Tower with Radar,210,449,6,0,665,0,3,3,0,6,210,452,9,0,671,0,0,0,671
08/19/2007,CVG,KY,ASO,CE,Combined TRACON& Tower with Radar,255,608,7,0,870,1,0,0,0,1,256,608,7,0,871,0,0,0,871
08/20/2007,CVG,KY,ASO,CE,Combined TRACON& Tower with Radar,259,680,16,0,955,0,2,5,0,7,259,682,21,0,962,0,0,0,962
08/21/2007,CVG,KY,ASO,CE,Combined TRACON& Tower with Radar,242,551,23,0,816,1,0,2,0,3,243,551,25,0,819,0,0,0,819
08/22/2007,CVG,KY,ASO,CE,Combined TRACON& Tower with Radar,266,716,22,0,1004,0,0,0,0,0,266,716,22,0,1004,0,0,0,1004
08/23/2007,CVG,KY,ASO,CE,Combined TRACON& Tower with Radar,272,699,15,0,986,0,0,4,0,4,272,699,19,0,990,0,0,0,990
08/24/2007,CVG,KY,ASO,CE,Combined TRACON& Tower with Radar,278,710,16,3,1007,0,0,5,0,5,278,710,21,3,1012,0,0,0,1012
08/25/2007,CVG,KY,ASO,CE,Combined TRACON& Tower with Radar,210,423,2,2,637,0,1,2,0,3,210,424,4,2,640,0,0,0,640
08/26/2007,CVG,KY,ASO,CE,Combined TRACON& Tower with Radar,253,580,5,0,838,0,0,4,0,4,253,580,9,0,842,0,0,0,842
08/27/2007,CVG,KY,ASO,CE,Combined TRACON& Tower with Radar,275,697,16,0,988,0,0,1,0,1,275,697,17,0,989,0,0,0,989
08/28/2007,CVG,KY,ASO,CE,Combined TRACON& Tower with Radar,229,568,9,0,806,0,1,4,0,5,229,569,13,0,811,0,0,0,811
08/29/2007,CVG,KY,ASO,CE,Combined TRACON& Tower with Radar,266,727,24,0,1017,0,3,3,0,6,266,730,27,0,1023,0,0,0,1023
08/30/2007,CVG,KY,ASO,CE,Combined TRACON& Tower with Radar,271,725,20,0,1016,1,4,0,3,8,272,729,20,3,1024,0,0,0,1024
08/31/2007,CVG,KY,ASO,CE,Combined TRACON& Tower with Radar,281,720,23,0,1024,0,2,6,0,8,281,722,29,0,1032,0,0,0,1032
09/01/2007,CVG,KY,ASO,CE,Combined TRACON& Tower with Radar,202,423,8,0,633,0,0,2,2,4,202,423,10,2,637,0,0,0,637
09/02/2007,CVG,KY,ASO,CE,Combined TRACON& Tower with Radar,199,448,9,0,656,0,1,5,1,7,199,449,14,1,663,0,0,0,663
09/03/2007,CVG,KY,ASO,CE,Combined TRACON& Tower with Radar,253,568,3,0,824,1,0,1,0,2,254,568,4,0,826,0,0,0,826
09/04/2007,CVG,KY,ASO,CE,Combined TRACON& Tower with Radar,272,676,23,0,971,0,0,20,0,20,272,676,43,0,991,0,0,0,991
09/05/2007,CVG,KY,ASO,CE,Combined TRACON& Tower with Radar,269,714,24,0,1007,0,3,7,0,10,269,717,31,0,1017,0,0,0,1017
09/06/2007,CVG,KY,ASO,CE,Combined TRACON& Tower with Radar,258,722,22,1,1003,0,0,0,0,0,258,722,22,1,1003,0,0,0,1003
09/07/2007,CVG,KY,ASO,CE,Combined TRACON& Tower with Radar,250,728,7,0,985,0,0,0,2,2,250,728,7,2,987,0,0,0,987
09/08/2007,CVG,KY,ASO,CE,Combined TRACON& Tower with Radar,182,433,6,1,622,0,0,0,0,0,182,433,6,1,622,0,0,0,622
09/09/2007,CVG,KY,ASO,CE,Combined TRACON& Tower with Radar,230,593,9,0,832,0,0,0,0,0,230,593,9,0,832,0,0,0,832
09/10/2007,CVG,KY,ASO,CE,Combined TRACON& Tower with Radar,242,700,20,0,962,0,0,0,0,0,242,700,20,0,962,0,0,0,962
09/11/2007,CVG,KY,ASO,CE,Combined TRACON& Tower with Radar,220,554,31,0,805,0,0,1,4,5,220,554,32,4,810,0,0,0,810
09/12/2007,CVG,KY,ASO,CE,Combined TRACON& Tower with Radar,250,722,38,2,1012,0,0,3,2,5,250,722,41,4,1017,0,0,0,1017
09/13/2007,CVG,KY,ASO,CE,Combined TRACON& Tower with Radar,255,739,23,0,1017,0,0,4,0,4,255,739,27,0,1021,0,0,0,1021
09/14/2007,CVG,KY,ASO,CE,Combined TRACON& Tower with Radar,248,714,18,0,980,0,2,1,0,3,248,716,19,0,983,0,0,0,983
09/15/2007,CVG,KY,ASO,CE,Combined TRACON& Tower with Radar,182,437,2,2,623,0,0,0,0,0,182,437,2,2,623,0,0,0,623
09/16/2007,CVG,KY,ASO,CE,Combined TRACON& Tower with Radar,224,595,6,2,827,1,4,2,0,7,225,599,8,2,834,0,0,0,834
09/17/2007,CVG,KY,ASO,CE,Combined TRACON& Tower with Radar,241,711,31,0,983,0,1,5,0,6,241,712,36,0,989,0,0,0,989
09/18/2007,CVG,KY,ASO,CE,Combined TRACON& Tower with Radar,219,572,26,0,817,0,1,3,0,4,219,573,29,0,821,0,0,0,821
09/19/2007,CVG,KY,ASO,CE,Combined TRACON& Tower with Radar,242,734,12,0,988,0,0,7,0,7,242,734,19,0,995,0,0,0,995
09/20/2007,CVG,KY,ASO,CE,Combined TRACON& Tower with Radar,253,737,21,0,1011,0,2,6,0,8,253,739,27,0,1019,0,0,0,1019
09/21/2007,CVG,KY,ASO,CE,Combined TRACON& Tower with Radar,250,733,14,0,997,0,0,2,0,2,250,733,16,0,999,0,0,0,999
09/22/2007,CVG,KY,ASO,CE,Combined TRACON& Tower with Radar,179,439,7,0,625,0,0,1,0,1,179,439,8,0,626,0,0,0,626
09/23/2007,CVG,KY,ASO,CE,Combined TRACON& Tower with Radar,222,603,7,0,832,0,0,3,0,3,222,603,10,0,835,0,0,0,835
09/24/2007,CVG,KY,ASO,CE,Combined TRACON& Tower with Radar,247,699,14,0,960,0,0,0,0,0,247,699,14,0,960,0,0,0,960
09/25/2007,CVG,KY,ASO,CE,Combined TRACON& Tower with Radar,217,575,45,1,838,0,1,3,0,4,217,576,48,1,842,0,0,0,842
09/26/2007,CVG,KY,ASO,CE,Combined TRACON& Tower with Radar,241,725,26,0,992,1,0,2,0,3,242,725,28,0,995,0,0,0,995
09/27/2007,CVG,KY,ASO,CE,Combined TRACON& Tower with Radar,257,717,26,0,1000,1,0,0,0,1,258,717,26,0,1001,0,0,0,1001
09/28/2007,CVG,KY,ASO,CE,Combined TRACON& Tower with Radar,259,736,21,0,1016,0,0,10,0,10,259,736,31,0,1026,0,0,0,1026
09/29/2007,CVG,KY,ASO,CE,Combined TRACON& Tower with Radar,184,440,16,0,640,0,1,3,0,4,184,441,19,0,644,0,0,0,644
09/30/2007,CVG,KY,ASO,CE,Combined TRACON& Tower with Radar,232,586,15,0,833,1,2,1,0,4,233,588,16,0,837,0,0,0,837
10/01/2007,CVG,KY,ASO,CE,Combined TRACON& Tower with Radar,256,696,21,0,973,0,4,3,0,7,256,700,24,0,980,0,0,0,980
10/02/2007,CVG,KY,ASO,CE,Combined TRACON& Tower with Radar,223,572,22,1,818,1,1,4,0,6,224,573,26,1,824,0,0,0,824
10/03/2007,CVG,KY,ASO,CE,Combined TRACON& Tower with Radar,253,717,25,0,995,0,3,3,0,6,253,720,28,0,1001,0,0,0,1001
10/04/2007,CVG,KY,ASO,CE,Combined TRACON& Tower with Radar,264,731,26,0,1021,0,2,7,0,9,264,733,33,0,1030,0,0,0,1030
10/05/2007,CVG,KY,ASO,CE,Combined TRACON& Tower with Radar,267,707,12,0,986,0,2,6,0,8,267,709,18,0,994,0,0,0,994
10/06/2007,CVG,KY,ASO,CE,Combined TRACON& Tower with Radar,184,434,11,1,630,0,3,8,5,16,184,437,19,6,646,0,0,0,646
10/07/2007,CVG,KY,ASO,CE,Combined TRACON& Tower with Radar,235,583,13,0,831,0,0,4,0,4,235,583,17,0,835,0,0,0,835
10/08/2007,CVG,KY,ASO,CE,Combined TRACON& Tower with Radar,262,685,16,0,963,1,1,4,0,6,263,686,20,0,969,0,0,0,969
10/09/2007,CVG,KY,ASO,CE,Combined TRACON& Tower with Radar,219,537,22,0,778,1,2,7,0,10,220,539,29,0,788,0,0,0,788
10/10/2007,CVG,KY,ASO,CE,Combined TRACON& Tower with Radar,257,720,29,0,1006,1,1,0,0,2,258,721,29,0,1008,0,0,0,1008
10/11/2007,CVG,KY,ASO,CE,Combined TRACON& Tower with Radar,271,691,11,0,973,0,2,5,0,7,271,693,16,0,980,0,0,0,980
10/12/2007,CVG,KY,ASO,CE,Combined TRACON& Tower with Radar,268,708,23,0,999,0,2,2,0,4,268,710,25,0,1003,0,0,0,1003
10/13/2007,CVG,KY,ASO,CE,Combined TRACON& Tower with Radar,188,436,8,0,632,0,0,4,2,6,188,436,12,2,638,0,0,0,638
10/14/2007,CVG,KY,ASO,CE,Combined TRACON& Tower with Radar,242,582,13,0,837,0,0,1,0,1,242,582,14,0,838,0,0,0,838
10/15/2007,CVG,KY,ASO,CE,Combined TRACON& Tower with Radar,264,675,21,0,960,0,2,3,0,5,264,677,24,0,965,0,0,0,965
10/16/2007,CVG,KY,ASO,CE,Combined TRACON& Tower with Radar,228,564,18,0,810,1,1,1,0,3,229,565,19,0,813,0,0,0,813
10/17/2007,CVG,KY,ASO,CE,Combined TRACON& Tower with Radar,261,717,27,0,1005,0,2,1,0,3,261,719,28,0,1008,0,0,0,1008
10/18/2007,CVG,KY,ASO,CE,Combined TRACON& Tower with Radar,265,707,26,0,998,0,0,1,0,1,265,707,27,0,999,0,0,0,999
10/19/2007,CVG,KY,ASO,CE,Combined TRACON& Tower with Radar,262,700,14,0,976,1,1,5,0,7,263,701,19,0,983,0,0,0,983
10/20/2007,CVG,KY,ASO,CE,Combined TRACON& Tower with Radar,190,435,4,0,629,0,0,4,0,4,190,435,8,0,633,0,0,0,633
10/21/2007,CVG,KY,ASO,CE,Combined TRACON& Tower with Radar,242,578,10,0,830,0,1,4,0,5,242,579,14,0,835,0,0,0,835
10/22/2007,CVG,KY,ASO,CE,Combined TRACON& Tower with Radar,261,684,22,1,968,1,2,4,0,7,262,686,26,1,975,0,0,0,975
10/23/2007,CVG,KY,ASO,CE,Combined TRACON& Tower with Radar,221,563,19,0,803,0,0,2,0,2,221,563,21,0,805,0,0,0,805
10/24/2007,CVG,KY,ASO,CE,Combined TRACON& Tower with Radar,260,711,27,0,998,0,1,2,0,3,260,712,29,0,1001,0,0,0,1001
10/25/2007,CVG,KY,ASO,CE,Combined TRACON& Tower with Radar,265,728,21,0,1014,2,4,2,0,8,267,732,23,0,1022,0,0,0,1022
10/26/2007,CVG,KY,ASO,CE,Combined TRACON& Tower with Radar,268,704,12,0,984,0,0,3,0,3,268,704,15,0,987,0,0,0,987
10/27/2007,CVG,KY,ASO,CE,Combined TRACON& Tower with Radar,187,436,5,0,628,0,1,0,0,1,187,437,5,0,629,0,0,0,629
10/28/2007,CVG,KY,ASO,CE,Combined TRACON& Tower with Radar,237,580,4,1,822,0,2,5,0,7,237,582,9,1,829,0,0,0,829
10/29/2007,CVG,KY,ASO,CE,Combined TRACON& Tower with Radar,266,704,24,1,995,0,2,5,0,7,266,706,29,1,1002,0,0,0,1002
10/30/2007,CVG,KY,ASO,CE,Combined TRACON& Tower with Radar,229,563,20,0,812,0,3,7,0,10,229,566,27,0,822,0,0,0,822
10/31/2007,CVG,KY,ASO,CE,Combined TRACON& Tower with Radar,217,560,21,0,798,0,1,5,0,6,217,561,26,0,804,0,0,0,804
11/01/2007,CVG,KY,ASO,CE,Combined TRACON& Tower with Radar,260,714,24,2,1000,0,5,1,0,6,260,719,25,2,1006,0,0,0,1006
11/02/2007,CVG,KY,ASO,CE,Combined TRACON& Tower with Radar,264,709,14,0,987,0,1,3,0,4,264,710,17,0,991,0,0,0,991
11/03/2007,CVG,KY,ASO,CE,Combined TRACON& Tower with Radar,178,435,7,0,620,0,2,0,4,6,178,437,7,4,626,0,0,0,626
11/04/2007,CVG,KY,ASO,CE,Combined TRACON& Tower with Radar,236,599,3,3,841,0,2,0,1,3,236,601,3,4,844,0,0,0,844
11/05/2007,CVG,KY,ASO,CE,Combined TRACON& Tower with Radar,250,692,20,0,962,0,0,1,0,1,250,692,21,0,963,0,0,0,963
11/06/2007,CVG,KY,ASO,CE,Combined TRACON& Tower with Radar,214,576,19,1,810,0,0,0,0,0,214,576,19,1,810,0,0,0,810
11/07/2007,CVG,KY,ASO,CE,Combined TRACON& Tower with Radar,253,729,20,0,1002,0,1,3,0,4,253,730,23,0,1006,0,0,0,1006
11/08/2007,CVG,KY,ASO,CE,Combined TRACON& Tower with Radar,267,724,28,0,1019,0,1,3,0,4,267,725,31,0,1023,0,0,0,1023
11/09/2007,CVG,KY,ASO,CE,Combined TRACON& Tower with Radar,262,725,13,0,1000,0,2,4,0,6,262,727,17,0,1006,0,0,0,1006
11/10/2007,CVG,KY,ASO,CE,Combined TRACON& Tower with Radar,182,435,5,0,622,0,1,3,1,5,182,436,8,1,627,0,0,0,627
11/11/2007,CVG,KY,ASO,CE,Combined TRACON& Tower with Radar,234,579,9,0,822,0,0,2,0,2,234,579,11,0,824,0,0,0,824
11/12/2007,CVG,KY,ASO,CE,Combined TRACON& Tower with Radar,257,702,16,1,976,0,2,0,0,2,257,704,16,1,978,0,0,0,978
11/13/2007,CVG,KY,ASO,CE,Combined TRACON& Tower with Radar,215,552,14,0,781,1,0,1,0,2,216,552,15,0,783,0,0,0,783
11/14/2007,CVG,KY,ASO,CE,Combined TRACON& Tower with Radar,256,705,20,0,981,0,2,3,0,5,256,707,23,0,986,0,0,0,986
11/15/2007,CVG,KY,ASO,CE,Combined TRACON& Tower with Radar,267,715,22,0,1004,0,2,3,0,5,267,717,25,0,1009,0,0,0,1009
11/16/2007,CVG,KY,ASO,CE,Combined TRACON& Tower with Radar,257,732,17,2,1008,0,0,4,1,5,257,732,21,3,1013,0,0,0,1013
11/17/2007,CVG,KY,ASO,CE,Combined TRACON& Tower with Radar,186,433,1,0,620,0,0,1,0,1,186,433,2,0,621,0,0,0,621
11/18/2007,CVG,KY,ASO,CE,Combined TRACON& Tower with Radar,235,594,5,0,834,0,0,0,0,0,235,594,5,0,834,0,0,0,834
11/19/2007,CVG,KY,ASO,CE,Combined TRACON& Tower with Radar,251,704,21,0,976,0,2,1,0,3,251,706,22,0,979,0,0,0,979
11/20/2007,CVG,KY,ASO,CE,Combined TRACON& Tower with Radar,258,725,20,0,1003,0,1,0,0,1,258,726,20,0,1004,0,0,0,1004
11/21/2007,CVG,KY,ASO,CE,Combined TRACON& Tower with Radar,256,721,9,0,986,0,0,3,0,3,256,721,12,0,989,0,0,0,989
11/22/2007,CVG,KY,ASO,CE,Combined TRACON& Tower with Radar,200,430,0,0,630,0,0,0,0,0,200,430,0,0,630,0,0,0,630
11/23/2007,CVG,KY,ASO,CE,Combined TRACON& Tower with Radar,187,432,4,1,624,0,2,3,0,5,187,434,7,1,629,0,0,0,629
11/24/2007,CVG,KY,ASO,CE,Combined TRACON& Tower with Radar,236,575,11,0,822,0,0,0,0,0,236,575,11,0,822,0,0,0,822
11/25/2007,CVG,KY,ASO,CE,Combined TRACON& Tower with Radar,261,708,11,0,980,0,1,3,0,4,261,709,14,0,984,0,0,0,984
11/26/2007,CVG,KY,ASO,CE,Combined TRACON& Tower with Radar,258,710,11,0,979,1,0,0,0,1,259,710,11,0,980,0,0,0,980
11/27/2007,CVG,KY,ASO,CE,Combined TRACON& Tower with Radar,256,726,21,0,1003,1,2,12,0,15,257,728,33,0,1018,0,0,0,1018
11/28/2007,CVG,KY,ASO,CE,Combined TRACON& Tower with Radar,259,714,24,0,997,0,0,11,0,11,259,714,35,0,1008,0,0,0,1008
11/29/2007,CVG,KY,ASO,CE,Combined TRACON& Tower with Radar,268,721,24,0,1013,0,0,1,0,1,268,721,25,0,1014,0,0,0,1014
11/30/2007,CVG,KY,ASO,CE,Combined TRACON& Tower with Radar,262,723,23,2,1010,0,5,8,0,13,262,728,31,2,1023,0,0,0,1023
12/01/2007,CVG,KY,ASO,CE,Combined TRACON& Tower with Radar,180,433,1,0,614,0,0,12,0,12,180,433,13,0,626,0,0,0,626
12/02/2007,CVG,KY,ASO,CE,Combined TRACON& Tower with Radar,229,566,8,0,803,0,0,1,0,1,229,566,9,0,804,0,0,0,804
12/03/2007,CVG,KY,ASO,CE,Combined TRACON& Tower with Radar,266,673,9,0,948,0,5,0,0,5,266,678,9,0,953,0,0,0,953
12/04/2007,CVG,KY,ASO,CE,Combined TRACON& Tower with Radar,226,553,26,0,805,0,4,1,0,5,226,557,27,0,810,0,0,0,810
12/05/2007,CVG,KY,ASO,CE,Combined TRACON& Tower with Radar,260,702,23,0,985,0,3,0,0,3,260,705,23,0,988,0,0,0,988
12/06/2007,CVG,KY,ASO,CE,Combined TRACON& Tower with Radar,272,725,32,0,1029,0,2,13,0,15,272,727,45,0,1044,0,0,0,1044
12/07/2007,CVG,KY,ASO,CE,Combined TRACON& Tower with Radar,270,710,9,0,989,0,0,1,0,1,270,710,10,0,990,0,0,0,990
12/08/2007,CVG,KY,ASO,CE,Combined TRACON& Tower with Radar,191,434,9,0,634,0,0,0,0,0,191,434,9,0,634,0,0,0,634
12/09/2007,CVG,KY,ASO,CE,Combined TRACON& Tower with Radar,232,489,3,1,725,0,0,0,0,0,232,489,3,1,725,0,0,0,725
12/10/2007,CVG,KY,ASO,CE,Combined TRACON& Tower with Radar,258,677,14,1,950,1,0,0,0,1,259,677,14,1,951,0,0,0,951
12/11/2007,CVG,KY,ASO,CE,Combined TRACON& Tower with Radar,216,575,28,0,819,0,0,0,0,0,216,575,28,0,819,0,0,0,819
12/12/2007,CVG,KY,ASO,CE,Combined TRACON& Tower with Radar,266,706,26,0,998,0,2,6,1,9,266,708,32,1,1007,0,0,0,1007
12/13/2007,CVG,KY,ASO,CE,Combined TRACON& Tower with Radar,259,680,29,0,968,0,0,0,0,0,259,680,29,0,968,0,0,0,968
12/14/2007,CVG,KY,ASO,CE,Combined TRACON& Tower with Radar,263,710,31,0,1004,0,3,6,0,9,263,713,37,0,1013,0,0,0,1013
12/15/2007,CVG,KY,ASO,CE,Combined TRACON& Tower with Radar,171,424,2,0,597,2,0,0,0,2,173,424,2,0,599,0,0,0,599
12/16/2007,CVG,KY,ASO,CE,Combined TRACON& Tower with Radar,223,553,3,0,779,0,0,0,0,0,223,553,3,0,779,0,0,0,779
12/17/2007,CVG,KY,ASO,CE,Combined TRACON& Tower with Radar,239,630,18,0,887,0,2,2,2,6,239,632,20,2,893,0,0,0,893
12/18/2007,CVG,KY,ASO,CE,Combined TRACON& Tower with Radar,255,635,18,0,908,1,3,2,0,6,256,638,20,0,914,0,0,0,914
12/19/2007,CVG,KY,ASO,CE,Combined TRACON& Tower with Radar,270,691,17,3,981,0,0,1,0,1,270,691,18,3,982,0,0,0,982
12/20/2007,CVG,KY,ASO,CE,Combined TRACON& Tower with Radar,260,695,17,0,972,1,7,2,1,11,261,702,19,1,983,0,0,0,983
12/21/2007,CVG,KY,ASO,CE,Combined TRACON& Tower with Radar,263,680,17,0,960,0,3,0,0,3,263,683,17,0,963,0,0,0,963
12/22/2007,CVG,KY,ASO,CE,Combined TRACON& Tower with Radar,248,654,15,0,917,0,0,2,0,2,248,654,17,0,919,0,0,0,919
12/23/2007,CVG,KY,ASO,CE,Combined TRACON& Tower with Radar,247,661,4,0,912,0,3,0,0,3,247,664,4,0,915,0,0,0,915
12/24/2007,CVG,KY,ASO,CE,Combined TRACON& Tower with Radar,191,431,2,0,624,0,0,0,0,0,191,431,2,0,624,0,0,0,624
12/25/2007,CVG,KY,ASO,CE,Combined TRACON& Tower with Radar,177,416,0,0,593,1,0,0,0,1,178,416,0,0,594,0,0,0,594
12/26/2007,CVG,KY,ASO,CE,Combined TRACON& Tower with Radar,250,650,12,1,913,0,2,4,2,8,250,652,16,3,921,0,0,0,921
12/27/2007,CVG,KY,ASO,CE,Combined TRACON& Tower with Radar,270,674,17,2,963,0,1,0,0,1,270,675,17,2,964,0,0,0,964
12/28/2007,CVG,KY,ASO,CE,Combined TRACON& Tower with Radar,252,650,5,0,907,0,1,0,0,1,252,651,5,0,908,0,0,0,908
12/29/2007,CVG,KY,ASO,CE,Combined TRACON& Tower with Radar,254,626,4,0,884,0,1,4,0,5,254,627,8,0,889,0,0,0,889
12/30/2007,CVG,KY,ASO,CE,Combined TRACON& Tower with Radar,245,673,8,0,926,1,0,0,0,1,246,673,8,0,927,0,0,0,927
12/31/2007,CVG,KY,ASO,CE,Combined TRACON& Tower with Radar,188,440,2,1,631,0,3,2,0,5,188,443,4,1,636,0,0,0,636
01/01/2008,CVG,KY,ASO,CE,Combined TRACON& Tower with Radar,246,571,1,0,818,1,0,1,0,2,247,571,2,0,820,0,0,0,820
01/02/2008,CVG,KY,ASO,CE,Combined TRACON& Tower with Radar,250,609,11,0,870,0,2,3,0,5,250,611,14,0,875,0,0,0,875
01/03/2008,CVG,KY,ASO,CE,Combined TRACON& Tower with Radar,256,652,11,0,919,0,0,1,0,1,256,652,12,0,920,0,0,0,920
01/04/2008,CVG,KY,ASO,CE,Combined TRACON& Tower with Radar,247,661,15,0,923,0,2,1,0,3,247,663,16,0,926,0,0,0,926
01/05/2008,CVG,KY,ASO,CE,Combined TRACON& Tower with Radar,174,418,3,0,595,0,0,0,0,0,174,418,3,0,595,0,0,0,595
01/06/2008,CVG,KY,ASO,CE,Combined TRACON& Tower with Radar,214,578,0,0,792,0,1,1,0,2,214,579,1,0,794,0,0,0,794
01/07/2008,CVG,KY,ASO,CE,Combined TRACON& Tower with Radar,236,664,13,0,913,0,1,11,0,12,236,665,24,0,925,0,0,0,925
01/08/2008,CVG,KY,ASO,CE,Combined TRACON& Tower with Radar,203,533,13,0,749,0,1,1,0,2,203,534,14,0,751,0,0,0,751
01/09/2008,CVG,KY,ASO,CE,Combined TRACON& Tower with Radar,239,652,13,0,904,0,3,4,0,7,239,655,17,0,911,0,0,0,911
01/10/2008,CVG,KY,ASO,CE,Combined TRACON& Tower with Radar,252,678,16,0,946,2,1,2,0,5,254,679,18,0,951,0,0,0,951
01/11/2008,CVG,KY,ASO,CE,Combined TRACON& Tower with Radar,246,657,18,0,921,0,1,0,0,1,246,658,18,0,922,0,0,0,922
01/12/2008,CVG,KY,ASO,CE,Combined TRACON& Tower with Radar,189,414,13,0,616,0,0,0,0,0,189,414,13,0,616,0,0,0,616
01/13/2008,CVG,KY,ASO,CE,Combined TRACON& Tower with Radar,209,583,0,0,792,0,0,0,0,0,209,583,0,0,792,0,0,0,792
01/14/2008,CVG,KY,ASO,CE,Combined TRACON& Tower with Radar,228,653,14,0,895,0,0,0,0,0,228,653,14,0,895,0,0,0,895
01/15/2008,CVG,KY,ASO,CE,Combined TRACON& Tower with Radar,211,522,15,1,749,0,2,0,0,2,211,524,15,1,751,0,0,0,751
01/16/2008,CVG,KY,ASO,CE,Combined TRACON& Tower with Radar,242,648,17,1,908,0,13,5,0,18,242,661,22,1,926,0,0,0,926
01/17/2008,CVG,KY,ASO,CE,Combined TRACON& Tower with Radar,245,657,17,0,919,0,0,0,0,0,245,657,17,0,919,0,0,0,919
01/18/2008,CVG,KY,ASO,CE,Combined TRACON& Tower with Radar,251,661,19,0,931,0,0,4,0,4,251,661,23,0,935,0,0,0,935
01/19/2008,CVG,KY,ASO,CE,Combined TRACON& Tower with Radar,181,400,6,0,587,0,1,0,0,1,181,401,6,0,588,0,0,0,588
01/20/2008,CVG,KY,ASO,CE,Combined TRACON& Tower with Radar,204,563,1,0,768,1,0,2,0,3,205,563,3,0,771,0,0,0,771
01/21/2008,CVG,KY,ASO,CE,Combined TRACON& Tower with Radar,237,640,13,0,890,1,0,1,0,2,238,640,14,0,892,0,0,0,892
01/22/2008,CVG,KY,ASO,CE,Combined TRACON& Tower with Radar,212,523,7,0,742,0,1,0,0,1,212,524,7,0,743,0,0,0,743
01/23/2008,CVG,KY,ASO,CE,Combined TRACON& Tower with Radar,238,643,25,0,906,0,1,3,0,4,238,644,28,0,910,0,0,0,910
01/24/2008,CVG,KY,ASO,CE,Combined TRACON& Tower with Radar,253,664,15,0,932,0,1,8,0,9,253,665,23,0,941,0,0,0,941
01/25/2008,CVG,KY,ASO,CE,Combined TRACON& Tower with Radar,245,666,13,0,924,0,1,10,0,11,245,667,23,0,935,0,0,0,935
01/26/2008,CVG,KY,ASO,CE,Combined TRACON& Tower with Radar,183,405,6,0,594,0,2,0,0,2,183,407,6,0,596,0,0,0,596
01/27/2008,CVG,KY,ASO,CE,Combined TRACON& Tower with Radar,212,564,7,0,783,1,0,2,1,4,213,564,9,1,787,0,0,0,787
01/28/2008,CVG,KY,ASO,CE,Combined TRACON& Tower with Radar,239,647,10,0,896,0,1,3,0,4,239,648,13,0,900,0,0,0,900
01/29/2008,CVG,KY,ASO,CE,Combined TRACON& Tower with Radar,210,539,24,1,774,1,1,1,0,3,211,540,25,1,777,0,0,0,777
01/30/2008,CVG,KY,ASO,CE,Combined TRACON& Tower with Radar,243,646,33,1,923,1,0,1,1,3,244,646,34,2,926,0,0,0,926
01/31/2008,CVG,KY,ASO,CE,Combined TRACON& Tower with Radar,255,656,24,0,935,0,1,1,0,2,255,657,25,0,937,0,0,0,937
02/01/2008,CVG,KY,ASO,CE,Combined TRACON& Tower with Radar,241,634,18,0,893,0,0,0,0,0,241,634,18,0,893,0,0,0,893
02/02/2008,CVG,KY,ASO,CE,Combined TRACON& Tower with Radar,190,412,4,0,606,1,0,1,0,2,191,412,5,0,608,0,0,0,608
02/03/2008,CVG,KY,ASO,CE,Combined TRACON& Tower with Radar,214,564,3,0,781,0,0,0,0,0,214,564,3,0,781,0,0,0,781
02/04/2008,CVG,KY,ASO,CE,Combined TRACON& Tower with Radar,243,639,22,0,904,0,0,0,0,0,243,639,22,0,904,0,0,0,904
02/05/2008,CVG,KY,ASO,CE,Combined TRACON& Tower with Radar,217,520,12,0,749,0,0,0,0,0,217,520,12,0,749,0,0,0,749
02/06/2008,CVG,KY,ASO,CE,Combined TRACON& Tower with Radar,223,623,17,0,863,1,0,0,0,1,224,623,17,0,864,0,0,0,864
02/07/2008,CVG,KY,ASO,CE,Combined TRACON& Tower with Radar,253,669,16,0,938,0,0,5,0,5,253,669,21,0,943,0,0,0,943
02/08/2008,CVG,KY,ASO,CE,Combined TRACON& Tower with Radar,250,672,17,0,939,0,0,9,0,9,250,672,26,0,948,0,0,0,948
02/09/2008,CVG,KY,ASO,CE,Combined TRACON& Tower with Radar,184,412,11,0,607,0,1,2,0,3,184,413,13,0,610,0,0,0,610
02/10/2008,CVG,KY,ASO,CE,Combined TRACON& Tower with Radar,226,552,6,2,786,0,3,1,0,4,226,555,7,2,790,0,0,0,790
02/11/2008,CVG,KY,ASO,CE,Combined TRACON& Tower with Radar,240,634,23,0,897,0,1,7,0,8,240,635,30,0,905,0,0,0,905
02/12/2008,CVG,KY,ASO,CE,Combined TRACON& Tower with Radar,169,428,6,0,603,0,0,0,0,0,169,428,6,0,603,0,0,0,603
02/13/2008,CVG,KY,ASO,CE,Combined TRACON& Tower with Radar,241,644,15,0,900,2,0,2,0,4,243,644,17,0,904,0,0,0,904
02/14/2008,CVG,KY,ASO,CE,Combined TRACON& Tower with Radar,255,678,17,0,950,0,2,2,0,4,255,680,19,0,954,0,0,0,954
02/15/2008,CVG,KY,ASO,CE,Combined TRACON& Tower with Radar,254,674,17,3,948,0,1,3,0,4,254,675,20,3,952,0,0,0,952
02/16/2008,CVG,KY,ASO,CE,Combined TRACON& Tower with Radar,172,424,3,0,599,0,0,11,0,11,172,424,14,0,610,0,0,0,610
02/17/2008,CVG,KY,ASO,CE,Combined TRACON& Tower with Radar,166,434,6,0,606,0,1,0,0,1,166,435,6,0,607,0,0,0,607
02/18/2008,CVG,KY,ASO,CE,Combined TRACON& Tower with Radar,234,571,8,0,813,0,2,2,0,4,234,573,10,0,817,0,0,0,817
02/19/2008,CVG,KY,ASO,CE,Combined TRACON& Tower with Radar,206,541,9,0,756,0,0,5,0,5,206,541,14,0,761,0,0,0,761
02/20/2008,CVG,KY,ASO,CE,Combined TRACON& Tower with Radar,245,668,19,0,932,1,0,1,0,2,246,668,20,0,934,0,0,0,934
02/21/2008,CVG,KY,ASO,CE,Combined TRACON& Tower with Radar,231,608,28,0,867,0,3,1,0,4,231,611,29,0,871,0,0,0,871
02/22/2008,CVG,KY,ASO,CE,Combined TRACON& Tower with Radar,191,550,15,0,756,0,1,0,0,1,191,551,15,0,757,0,0,0,757
02/23/2008,CVG,KY,ASO,CE,Combined TRACON& Tower with Radar,178,417,6,0,601,0,0,2,0,2,178,417,8,0,603,0,0,0,603
02/24/2008,CVG,KY,ASO,CE,Combined TRACON& Tower with Radar,225,579,8,0,812,0,2,0,0,2,225,581,8,0,814,0,0,0,814
02/25/2008,CVG,KY,ASO,CE,Combined TRACON& Tower with Radar,243,647,14,0,904,0,1,1,0,2,243,648,15,0,906,0,0,0,906
02/26/2008,CVG,KY,ASO,CE,Combined TRACON& Tower with Radar,204,540,14,1,759,0,0,0,0,0,204,540,14,1,759,0,0,0,759
02/27/2008,CVG,KY,ASO,CE,Combined TRACON& Tower with Radar,244,680,17,2,943,0,0,0,0,0,244,680,17,2,943,0,0,0,943
02/28/2008,CVG,KY,ASO,CE,Combined TRACON& Tower with Radar,252,687,33,0,972,0,3,6,0,9,252,690,39,0,981,0,0,0,981
02/29/2008,CVG,KY,ASO,CE,Combined TRACON& Tower with Radar,249,652,6,0,907,1,0,0,0,1,250,652,6,0,908,0,0,0,908
03/01/2008,CVG,KY,ASO,CE,Combined TRACON& Tower with Radar,177,423,5,0,605,0,1,5,0,6,177,424,10,0,611,0,0,0,611
03/02/2008,CVG,KY,ASO,CE,Combined TRACON& Tower with Radar,225,588,9,0,822,0,0,0,0,0,225,588,9,0,822,0,0,0,822
03/03/2008,CVG,KY,ASO,CE,Combined TRACON& Tower with Radar,249,644,8,1,902,0,2,4,0,6,249,646,12,1,908,0,0,0,908
03/04/2008,CVG,KY,ASO,CE,Combined TRACON& Tower with Radar,215,527,21,0,763,0,0,0,0,0,215,527,21,0,763,0,0,0,763
03/05/2008,CVG,KY,ASO,CE,Combined TRACON& Tower with Radar,253,661,16,0,930,1,0,2,0,3,254,661,18,0,933,0,0,0,933
03/06/2008,CVG,KY,ASO,CE,Combined TRACON& Tower with Radar,269,673,24,0,966,0,3,1,0,4,269,676,25,0,970,0,0,0,970
03/07/2008,CVG,KY,ASO,CE,Combined TRACON& Tower with Radar,192,454,14,0,660,0,1,0,0,1,192,455,14,0,661,0,0,0,661
03/08/2008,CVG,KY,ASO,CE,Combined TRACON& Tower with Radar,140,289,4,0,433,0,0,0,0,0,140,289,4,0,433,0,0,0,433
03/09/2008,CVG,KY,ASO,CE,Combined TRACON& Tower with Radar,219,550,12,0,781,1,1,0,2,4,220,551,12,2,785,0,0,0,785
03/10/2008,CVG,KY,ASO,CE,Combined TRACON& Tower with Radar,255,657,12,0,924,0,0,0,0,0,255,657,12,0,924,0,0,0,924
03/11/2008,CVG,KY,ASO,CE,Combined TRACON& Tower with Radar,218,546,12,0,776,0,7,2,0,9,218,553,14,0,785,0,0,0,785
03/12/2008,CVG,KY,ASO,CE,Combined TRACON& Tower with Radar,251,693,17,0,961,0,4,2,0,6,251,697,19,0,967,0,0,0,967
03/13/2008,CVG,KY,ASO,CE,Combined TRACON& Tower with Radar,262,673,28,0,963,0,3,3,0,6,262,676,31,0,969,0,0,0,969
03/14/2008,CVG,KY,ASO,CE,Combined TRACON& Tower with Radar,251,679,31,0,961,0,0,1,0,1,251,679,32,0,962,0,0,0,962
03/15/2008,CVG,KY,ASO,CE,Combined TRACON& Tower with Radar,177,409,6,0,592,0,2,0,0,2,177,411,6,0,594,0,0,0,594
03/16/2008,CVG,KY,ASO,CE,Combined TRACON& Tower with Radar,231,575,7,1,814,0,0,4,0,4,231,575,11,1,818,0,0,0,818
03/17/2008,CVG,KY,ASO,CE,Combined TRACON& Tower with Radar,247,663,19,0,929,3,0,1,0,4,250,663,20,0,933,0,0,0,933
03/18/2008,CVG,KY,ASO,CE,Combined TRACON& Tower with Radar,213,528,15,0,756,0,1,0,0,1,213,529,15,0,757,0,0,0,757
03/19/2008,CVG,KY,ASO,CE,Combined TRACON& Tower with Radar,251,652,32,2,937,0,1,1,0,2,251,653,33,2,939,0,0,0,939
03/20/2008,CVG,KY,ASO,CE,Combined TRACON& Tower with Radar,258,683,32,2,975,0,1,8,0,9,258,684,40,2,984,0,0,0,984
03/21/2008,CVG,KY,ASO,CE,Combined TRACON& Tower with Radar,252,645,5,0,902,0,2,2,0,4,252,647,7,0,906,0,0,0,906
03/22/2008,CVG,KY,ASO,CE,Combined TRACON& Tower with Radar,180,423,6,0,609,0,1,0,0,1,180,424,6,0,610,0,0,0,610
03/23/2008,CVG,KY,ASO,CE,Combined TRACON& Tower with Radar,224,564,3,0,791,0,2,3,0,5,224,566,6,0,796,0,0,0,796
03/24/2008,CVG,KY,ASO,CE,Combined TRACON& Tower with Radar,254,666,30,0,950,0,0,6,0,6,254,666,36,0,956,0,0,0,956
03/25/2008,CVG,KY,ASO,CE,Combined TRACON& Tower with Radar,215,548,26,0,789,0,2,2,0,4,215,550,28,0,793,0,0,0,793
03/26/2008,CVG,KY,ASO,CE,Combined TRACON& Tower with Radar,254,684,26,0,964,1,1,7,0,9,255,685,33,0,973,0,0,0,973
03/27/2008,CVG,KY,ASO,CE,Combined TRACON& Tower with Radar,250,680,9,0,939,0,0,0,0,0,250,680,9,0,939,0,0,0,939
03/28/2008,CVG,KY,ASO,CE,Combined TRACON& Tower with Radar,266,673,14,0,953,0,0,0,0,0,266,673,14,0,953,0,0,0,953
03/29/2008,CVG,KY,ASO,CE,Combined TRACON& Tower with Radar,192,427,12,0,631,1,1,9,1,12,193,428,21,1,643,0,0,0,643
03/30/2008,CVG,KY,ASO,CE,Combined TRACON& Tower with Radar,234,577,7,2,820,1,0,0,0,1,235,577,7,2,821,0,0,0,821
03/31/2008,CVG,KY,ASO,CE,Combined TRACON& Tower with Radar,248,659,14,0,921,0,2,0,0,2,248,661,14,0,923,0,0,0,923
04/01/2008,CVG,KY,ASO,CE,Combined TRACON& Tower with Radar,203,540,16,0,759,0,2,2,0,4,203,542,18,0,763,0,0,0,763
04/02/2008,CVG,KY,ASO,CE,Combined TRACON& Tower with Radar,248,694,20,0,962,0,3,3,0,6,248,697,23,0,968,0,0,0,968
04/03/2008,CVG,KY,ASO,CE,Combined TRACON& Tower with Radar,249,686,22,0,957,1,2,0,0,3,250,688,22,0,960,0,0,0,960
04/04/2008,CVG,KY,ASO,CE,Combined TRACON& Tower with Radar,242,667,10,0,919,0,1,0,0,1,242,668,10,0,920,0,0,0,920
04/05/2008,CVG,KY,ASO,CE,Combined TRACON& Tower with Radar,175,438,15,0,628,0,0,2,0,2,175,438,17,0,630,0,0,0,630
04/06/2008,CVG,KY,ASO,CE,Combined TRACON& Tower with Radar,219,587,12,0,818,1,2,2,0,5,220,589,14,0,823,0,0,0,823
04/07/2008,CVG,KY,ASO,CE,Combined TRACON& Tower with Radar,243,674,20,0,937,1,2,8,0,11,244,676,28,0,948,0,0,0,948
04/08/2008,CVG,KY,ASO,CE,Combined TRACON& Tower with Radar,206,557,28,0,791,0,2,7,2,11,206,559,35,2,802,0,0,0,802
04/09/2008,CVG,KY,ASO,CE,Combined TRACON& Tower with Radar,236,702,12,0,950,0,15,0,0,15,236,717,12,0,965,0,0,0,965
04/10/2008,CVG,KY,ASO,CE,Combined TRACON& Tower with Radar,234,695,21,2,952,0,0,0,0,0,234,695,21,2,952,0,0,0,952
04/11/2008,CVG,KY,ASO,CE,Combined TRACON& Tower with Radar,246,684,14,0,944,1,1,0,0,2,247,685,14,0,946,0,0,0,946
04/12/2008,CVG,KY,ASO,CE,Combined TRACON& Tower with Radar,161,419,10,2,592,1,2,0,0,3,162,421,10,2,595,0,0,0,595
04/13/2008,CVG,KY,ASO,CE,Combined TRACON& Tower with Radar,209,593,9,2,813,0,0,1,0,1,209,593,10,2,814,0,0,0,814
04/14/2008,CVG,KY,ASO,CE,Combined TRACON& Tower with Radar,225,671,17,0,913,0,0,1,0,1,225,671,18,0,914,0,0,0,914
04/15/2008,CVG,KY,ASO,CE,Combined TRACON& Tower with Radar,205,539,21,2,767,0,1,3,1,5,205,540,24,3,772,0,0,0,772
04/16/2008,CVG,KY,ASO,CE,Combined TRACON& Tower with Radar,233,687,16,0,936,0,1,6,3,10,233,688,22,3,946,0,0,0,946
04/17/2008,CVG,KY,ASO,CE,Combined TRACON& Tower with Radar,242,703,18,1,964,0,2,6,0,8,242,705,24,1,972,0,0,0,972
04/18/2008,CVG,KY,ASO,CE,Combined TRACON& Tower with Radar,237,696,7,0,940,0,5,6,1,12,237,701,13,1,952,0,0,0,952
04/19/2008,CVG,KY,ASO,CE,Combined TRACON& Tower with Radar,159,425,11,0,595,0,0,0,0,0,159,425,11,0,595,0,0,0,595
04/20/2008,CVG,KY,ASO,CE,Combined TRACON& Tower with Radar,217,601,4,0,822,1,2,2,0,5,218,603,6,0,827,0,0,0,827
04/21/2008,CVG,KY,ASO,CE,Combined TRACON& Tower with Radar,233,672,13,0,918,0,2,0,0,2,233,674,13,0,920,0,0,0,920
04/22/2008,CVG,KY,ASO,CE,Combined TRACON& Tower with Radar,206,535,19,0,760,0,7,3,0,10,206,542,22,0,770,0,0,0,770
04/23/2008,CVG,KY,ASO,CE,Combined TRACON& Tower with Radar,234,686,19,1,940,0,4,3,0,7,234,690,22,1,947,0,0,0,947
04/24/2008,CVG,KY,ASO,CE,Combined TRACON& Tower with Radar,249,678,26,0,953,0,6,8,0,14,249,684,34,0,967,0,0,0,967
04/25/2008,CVG,KY,ASO,CE,Combined TRACON& Tower with Radar,230,687,15,2,934,0,1,0,0,1,230,688,15,2,935,0,0,0,935
04/26/2008,CVG,KY,ASO,CE,Combined TRACON& Tower with Radar,166,408,10,0,584,0,0,3,0,3,166,408,13,0,587,0,0,0,587
04/27/2008,CVG,KY,ASO,CE,Combined TRACON& Tower with Radar,214,598,7,0,819,0,0,3,0,3,214,598,10,0,822,0,0,0,822
04/28/2008,CVG,KY,ASO,CE,Combined TRACON& Tower with Radar,219,656,14,0,889,0,3,1,0,4,219,659,15,0,893,0,0,0,893
04/29/2008,CVG,KY,ASO,CE,Combined TRACON& Tower with Radar,210,543,16,0,769,0,2,5,1,8,210,545,21,1,777,0,0,0,777
04/30/2008,CVG,KY,ASO,CE,Combined TRACON& Tower with Radar,236,691,16,0,943,0,3,11,1,15,236,694,27,1,958,0,0,0,958
05/01/2008,CVG,KY,ASO,CE,Combined TRACON& Tower with Radar,248,660,31,2,941,0,5,2,0,7,248,665,33,2,948,0,0,0,948
05/02/2008,CVG,KY,ASO,CE,Combined TRACON& Tower with Radar,247,640,7,1,895,0,2,0,2,4,247,642,7,3,899,0,0,0,899
05/03/2008,CVG,KY,ASO,CE,Combined TRACON& Tower with Radar,169,413,5,0,587,0,2,0,0,2,169,415,5,0,589,0,0,0,589
05/04/2008,CVG,KY,ASO,CE,Combined TRACON& Tower with Radar,225,569,12,1,807,0,1,10,1,12,225,570,22,2,819,0,0,0,819
05/05/2008,CVG,KY,ASO,CE,Combined TRACON& Tower with Radar,239,641,8,0,888,0,3,3,0,6,239,644,11,0,894,0,0,0,894
05/06/2008,CVG,KY,ASO,CE,Combined TRACON& Tower with Radar,203,506,19,1,729,0,4,2,0,6,203,510,21,1,735,0,0,0,735
05/07/2008,CVG,KY,ASO,CE,Combined TRACON& Tower with Radar,236,633,9,0,878,0,2,2,0,4,236,635,11,0,882,0,0,0,882
05/08/2008,CVG,KY,ASO,CE,Combined TRACON& Tower with Radar,246,659,16,1,922,0,0,0,0,0,246,659,16,1,922,0,0,0,922
05/09/2008,CVG,KY,ASO,CE,Combined TRACON& Tower with Radar,237,651,18,2,908,0,0,0,0,0,237,651,18,2,908,0,0,0,908
05/10/2008,CVG,KY,ASO,CE,Combined TRACON& Tower with Radar,172,408,8,0,588,0,2,5,0,7,172,410,13,0,595,0,0,0,595
05/11/2008,CVG,KY,ASO,CE,Combined TRACON& Tower with Radar,217,573,10,0,800,0,1,0,0,1,217,574,10,0,801,0,0,0,801
05/12/2008,CVG,KY,ASO,CE,Combined TRACON& Tower with Radar,232,626,15,0,873,0,2,9,0,11,232,628,24,0,884,0,0,0,884
05/13/2008,CVG,KY,ASO,CE,Combined TRACON& Tower with Radar,202,516,17,0,735,0,3,3,0,6,202,519,20,0,741,0,0,0,741
05/14/2008,CVG,KY,ASO,CE,Combined TRACON& Tower with Radar,239,651,18,0,908,0,4,1,0,5,239,655,19,0,913,0,0,0,913
05/15/2008,CVG,KY,ASO,CE,Combined TRACON& Tower with Radar,255,662,16,3,936,0,1,0,0,1,255,663,16,3,937,0,0,0,937
05/16/2008,CVG,KY,ASO,CE,Combined TRACON& Tower with Radar,239,655,8,0,902,0,0,2,0,2,239,655,10,0,904,0,0,0,904
05/17/2008,CVG,KY,ASO,CE,Combined TRACON& Tower with Radar,170,406,2,0,578,0,1,1,1,3,170,407,3,1,581,0,0,0,581
05/18/2008,CVG,KY,ASO,CE,Combined TRACON& Tower with Radar,225,567,2,0,794,0,3,5,0,8,225,570,7,0,802,0,0,0,802
05/19/2008,CVG,KY,ASO,CE,Combined TRACON& Tower with Radar,239,635,10,0,884,0,2,3,3,8,239,637,13,3,892,0,0,0,892
05/20/2008,CVG,KY,ASO,CE,Combined TRACON& Tower with Radar,209,510,19,0,738,0,0,1,2,3,209,510,20,2,741,0,0,0,741
05/21/2008,CVG,KY,ASO,CE,Combined TRACON& Tower with Radar,247,651,13,2,913,0,5,4,0,9,247,656,17,2,922,0,0,0,922
05/22/2008,CVG,KY,ASO,CE,Combined TRACON& Tower with Radar,260,647,19,0,926,0,2,7,1,10,260,649,26,1,936,0,0,0,936
05/23/2008,CVG,KY,ASO,CE,Combined TRACON& Tower with Radar,252,650,10,0,912,1,5,1,0,7,253,655,11,0,919,0,0,0,919
05/24/2008,CVG,KY,ASO,CE,Combined TRACON& Tower with Radar,166,402,1,0,569,0,1,1,0,2,166,403,2,0,571,0,0,0,571
05/25/2008,CVG,KY,ASO,CE,Combined TRACON& Tower with Radar,151,386,1,0,538,0,2,3,0,5,151,388,4,0,543,0,0,0,543
05/26/2008,CVG,KY,ASO,CE,Combined TRACON& Tower with Radar,226,556,8,0,790,0,0,2,0,2,226,556,10,0,792,0,0,0,792
05/27/2008,CVG,KY,ASO,CE,Combined TRACON& Tower with Radar,244,628,18,0,890,0,0,0,0,0,244,628,18,0,890,0,0,0,890
05/28/2008,CVG,KY,ASO,CE,Combined TRACON& Tower with Radar,245,653,28,0,926,0,2,27,2,31,245,655,55,2,957,0,0,0,957
05/29/2008,CVG,KY,ASO,CE,Combined TRACON& Tower with Radar,249,650,24,19,942,0,2,3,0,5,249,652,27,19,947,0,0,0,947
05/30/2008,CVG,KY,ASO,CE,Combined TRACON& Tower with Radar,238,652,9,11,910,0,10,0,0,10,238,662,9,11,920,0,0,0,920
05/31/2008,CVG,KY,ASO,CE,Combined TRACON& Tower with Radar,173,402,0,0,575,0,0,0,0,0,173,402,0,0,575,0,0,0,575
06/01/2008,CVG,KY,ASO,CE,Combined TRACON& Tower with Radar,230,565,3,0,798,0,4,3,0,7,230,569,6,0,805,0,0,0,805
06/02/2008,CVG,KY,ASO,CE,Combined TRACON& Tower with Radar,238,633,10,0,881,0,1,5,0,6,238,634,15,0,887,0,0,0,887
06/03/2008,CVG,KY,ASO,CE,Combined TRACON& Tower with Radar,204,495,10,0,709,0,4,0,0,4,204,499,10,0,713,0,0,0,713
06/04/2008,CVG,KY,ASO,CE,Combined TRACON& Tower with Radar,238,605,4,0,847,0,4,1,0,5,238,609,5,0,852,0,0,0,852
06/05/2008,CVG,KY,ASO,CE,Combined TRACON& Tower with Radar,229,665,24,0,918,0,2,4,0,6,229,667,28,0,924,0,0,0,924
06/06/2008,CVG,KY,ASO,CE,Combined TRACON& Tower with Radar,229,656,20,0,905,0,1,5,0,6,229,657,25,0,911,0,0,0,911
06/07/2008,CVG,KY,ASO,CE,Combined TRACON& Tower with Radar,184,395,1,0,580,0,4,1,0,5,184,399,2,0,585,0,0,0,585
06/08/2008,CVG,KY,ASO,CE,Combined TRACON& Tower with Radar,221,557,3,0,781,1,2,0,0,3,222,559,3,0,784,0,0,0,784
06/09/2008,CVG,KY,ASO,CE,Combined TRACON& Tower with Radar,232,629,4,0,865,1,2,0,0,3,233,631,4,0,868,0,0,0,868
06/10/2008,CVG,KY,ASO,CE,Combined TRACON& Tower with Radar,228,620,8,1,857,0,6,0,0,6,228,626,8,1,863,0,0,0,863
06/11/2008,CVG,KY,ASO,CE,Combined TRACON& Tower with Radar,229,651,14,0,894,0,5,1,0,6,229,656,15,0,900,0,0,0,900
06/12/2008,CVG,KY,ASO,CE,Combined TRACON& Tower with Radar,243,656,20,0,919,0,2,1,0,3,243,658,21,0,922,0,0,0,922
06/13/2008,CVG,KY,ASO,CE,Combined TRACON& Tower with Radar,232,616,43,2,893,0,2,1,0,3,232,618,44,2,896,0,0,0,896
06/14/2008,CVG,KY,ASO,CE,Combined TRACON& Tower with Radar,191,396,29,0,616,1,0,20,0,21,192,396,49,0,637,0,0,0,637
06/15/2008,CVG,KY,ASO,CE,Combined TRACON& Tower with Radar,227,565,25,0,817,0,2,6,0,8,227,567,31,0,825,0,0,0,825
06/16/2008,CVG,KY,ASO,CE,Combined TRACON& Tower with Radar,217,625,14,0,856,0,1,1,0,2,217,626,15,0,858,0,0,0,858
06/17/2008,CVG,KY,ASO,CE,Combined TRACON& Tower with Radar,234,618,33,0,885,0,4,7,0,11,234,622,40,0,896,0,0,0,896
06/18/2008,CVG,KY,ASO,CE,Combined TRACON& Tower with Radar,232,639,30,0,901,0,5,5,0,10,232,644,35,0,911,0,0,0,911
06/19/2008,CVG,KY,ASO,CE,Combined TRACON& Tower with Radar,240,660,11,0,911,0,3,11,4,18,240,663,22,4,929,0,0,0,929
06/20/2008,CVG,KY,ASO,CE,Combined TRACON& Tower with Radar,233,647,8,0,888,0,3,2,1,6,233,650,10,1,894,0,0,0,894
06/21/2008,CVG,KY,ASO,CE,Combined TRACON& Tower with Radar,190,404,0,0,594,0,1,0,0,1,190,405,0,0,595,0,0,0,595
06/22/2008,CVG,KY,ASO,CE,Combined TRACON& Tower with Radar,224,567,4,0,795,0,2,0,0,2,224,569,4,0,797,0,0,0,797
06/23/2008,CVG,KY,ASO,CE,Combined TRACON& Tower with Radar,235,637,12,0,884,0,0,0,0,0,235,637,12,0,884,0,0,0,884
06/24/2008,CVG,KY,ASO,CE,Combined TRACON& Tower with Radar,225,636,20,0,881,0,8,4,0,12,225,644,24,0,893,0,0,0,893
06/25/2008,CVG,KY,ASO,CE,Combined TRACON& Tower with Radar,240,651,18,1,910,0,11,3,0,14,240,662,21,1,924,0,0,0,924
06/26/2008,CVG,KY,ASO,CE,Combined TRACON& Tower with Radar,238,633,26,0,897,0,2,4,0,6,238,635,30,0,903,0,0,0,903
06/27/2008,CVG,KY,ASO,CE,Combined TRACON& Tower with Radar,236,655,14,1,906,0,2,2,0,4,236,657,16,1,910,0,0,0,910
06/28/2008,CVG,KY,ASO,CE,Combined TRACON& Tower with Radar,186,402,8,0,596,1,0,0,0,1,187,402,8,0,597,0,0,0,597
06/29/2008,CVG,KY,ASO,CE,Combined TRACON& Tower with Radar,230,562,5,0,797,0,0,1,0,1,230,562,6,0,798,0,0,0,798
06/30/2008,CVG,KY,ASO,CE,Combined TRACON& Tower with Radar,236,640,6,0,882,0,0,0,0,0,236,640,6,0,882,0,0,0,882
07/01/2008,CVG,KY,ASO,CE,Combined TRACON& Tower with Radar,233,606,28,0,867,0,0,5,2,7,233,606,33,2,874,0,0,0,874
07/02/2008,CVG,KY,ASO,CE,Combined TRACON& Tower with Radar,243,632,19,3,897,0,2,6,2,10,243,634,25,5,907,0,0,0,907
07/03/2008,CVG,KY,ASO,CE,Combined TRACON& Tower with Radar,246,631,3,1,881,0,3,2,1,6,246,634,5,2,887,0,0,0,887
07/04/2008,CVG,KY,ASO,CE,Combined TRACON& Tower with Radar,176,348,3,0,527,0,0,0,0,0,176,348,3,0,527,0,0,0,527
07/05/2008,CVG,KY,ASO,CE,Combined TRACON& Tower with Radar,175,399,0,2,576,0,0,2,0,2,175,399,2,2,578,0,0,0,578
07/06/2008,CVG,KY,ASO,CE,Combined TRACON& Tower with Radar,230,546,7,0,783,0,0,1,0,1,230,546,8,0,784,0,0,0,784
07/07/2008,CVG,KY,ASO,CE,Combined TRACON& Tower with Radar,240,641,28,0,909,0,0,1,0,1,240,641,29,0,910,0,0,0,910
07/08/2008,CVG,KY,ASO,CE,Combined TRACON& Tower with Radar,237,623,31,0,891,0,1,10,2,13,237,624,41,2,904,0,0,0,904
07/09/2008,CVG,KY,ASO,CE,Combined TRACON& Tower with Radar,238,640,23,0,901,0,5,0,0,5,238,645,23,0,906,0,0,0,906
07/10/2008,CVG,KY,ASO,CE,Combined TRACON& Tower with Radar,246,656,17,0,919,0,3,7,0,10,246,659,24,0,929,0,0,0,929
07/11/2008,CVG,KY,ASO,CE,Combined TRACON& Tower with Radar,240,656,17,0,913,0,0,1,0,1,240,656,18,0,914,0,0,0,914
07/12/2008,CVG,KY,ASO,CE,Combined TRACON& Tower with Radar,186,409,12,0,607,0,2,0,0,2,186,411,12,0,609,0,0,0,609
07/13/2008,CVG,KY,ASO,CE,Combined TRACON& Tower with Radar,228,555,8,0,791,0,7,3,0,10,228,562,11,0,801,0,0,0,801
07/14/2008,CVG,KY,ASO,CE,Combined TRACON& Tower with Radar,234,646,17,0,897,0,10,4,0,14,234,656,21,0,911,0,0,0,911
07/15/2008,CVG,KY,ASO,CE,Combined TRACON& Tower with Radar,241,633,16,0,890,0,10,4,0,14,241,643,20,0,904,0,0,0,904
07/16/2008,CVG,KY,ASO,CE,Combined TRACON& Tower with Radar,239,666,14,0,919,0,8,2,3,13,239,674,16,3,932,0,0,0,932
07/17/2008,CVG,KY,ASO,CE,Combined TRACON& Tower with Radar,249,679,36,0,964,0,25,0,1,26,249,704,36,1,990,0,0,0,990
07/18/2008,CVG,KY,ASO,CE,Combined TRACON& Tower with Radar,239,669,31,0,939,0,4,3,0,7,239,673,34,0,946,0,0,0,946
07/19/2008,CVG,KY,ASO,CE,Combined TRACON& Tower with Radar,192,414,12,2,620,0,0,3,0,3,192,414,15,2,623,0,0,0,623
07/20/2008,CVG,KY,ASO,CE,Combined TRACON& Tower with Radar,219,569,8,0,796,0,0,1,0,1,219,569,9,0,797,0,0,0,797
07/21/2008,CVG,KY,ASO,CE,Combined TRACON& Tower with Radar,231,640,17,0,888,0,0,1,0,1,231,640,18,0,889,0,0,0,889
07/22/2008,CVG,KY,ASO,CE,Combined TRACON& Tower with Radar,241,621,20,0,882,0,0,2,2,4,241,621,22,2,886,0,0,0,886
07/23/2008,CVG,KY,ASO,CE,Combined TRACON& Tower with Radar,228,625,17,0,870,0,0,1,0,1,228,625,18,0,871,0,0,0,871
07/24/2008,CVG,KY,ASO,CE,Combined TRACON& Tower with Radar,237,650,24,0,911,0,2,9,1,12,237,652,33,1,923,0,0,0,923
07/25/2008,CVG,KY,ASO,CE,Combined TRACON& Tower with Radar,241,662,13,0,916,0,0,3,0,3,241,662,16,0,919,0,0,0,919
07/26/2008,CVG,KY,ASO,CE,Combined TRACON& Tower with Radar,189,415,6,0,610,0,0,2,0,2,189,415,8,0,612,0,0,0,612
07/27/2008,CVG,KY,ASO,CE,Combined TRACON& Tower with Radar,227,562,6,0,795,0,0,3,0,3,227,562,9,0,798,0,0,0,798
07/28/2008,CVG,KY,ASO,CE,Combined TRACON& Tower with Radar,230,638,14,0,882,0,6,2,0,8,230,644,16,0,890,0,0,0,890
07/29/2008,CVG,KY,ASO,CE,Combined TRACON& Tower with Radar,233,635,26,0,894,0,3,6,0,9,233,638,32,0,903,0,0,0,903
07/30/2008,CVG,KY,ASO,CE,Combined TRACON& Tower with Radar,248,655,16,0,919,0,7,1,0,8,248,662,17,0,927,0,0,0,927
07/31/2008,CVG,KY,ASO,CE,Combined TRACON& Tower with Radar,237,645,28,0,910,0,0,4,0,4,237,645,32,0,914,0,0,0,914
08/01/2008,CVG,KY,ASO,CE,Combined TRACON& Tower with Radar,244,657,13,0,914,0,0,2,0,2,244,657,15,0,916,0,0,0,916
08/02/2008,CVG,KY,ASO,CE,Combined TRACON& Tower with Radar,186,396,2,0,584,0,0,1,0,1,186,396,3,0,585,0,0,0,585
08/03/2008,CVG,KY,ASO,CE,Combined TRACON& Tower with Radar,235,569,5,0,809,0,0,0,0,0,235,569,5,0,809,0,0,0,809
08/04/2008,CVG,KY,ASO,CE,Combined TRACON& Tower with Radar,229,631,10,0,870,0,4,3,0,7,229,635,13,0,877,0,0,0,877
08/05/2008,CVG,KY,ASO,CE,Combined TRACON& Tower with Radar,235,600,12,0,847,0,0,0,0,0,235,600,12,0,847,0,0,0,847
08/06/2008,CVG,KY,ASO,CE,Combined TRACON& Tower with Radar,245,635,25,0,905,0,1,2,0,3,245,636,27,0,908,0,0,0,908
08/07/2008,CVG,KY,ASO,CE,Combined TRACON& Tower with Radar,238,652,24,0,914,0,0,3,0,3,238,652,27,0,917,0,0,0,917
08/08/2008,CVG,KY,ASO,CE,Combined TRACON& Tower with Radar,240,648,8,0,896,0,0,6,0,6,240,648,14,0,902,0,0,0,902
08/09/2008,CVG,KY,ASO,CE,Combined TRACON& Tower with Radar,192,403,23,0,618,0,2,2,0,4,192,405,25,0,622,0,0,0,622
08/10/2008,CVG,KY,ASO,CE,Combined TRACON& Tower with Radar,231,550,12,0,793,0,0,1,0,1,231,550,13,0,794,0,0,0,794
08/11/2008,CVG,KY,ASO,CE,Combined TRACON& Tower with Radar,230,618,12,0,860,0,1,4,0,5,230,619,16,0,865,0,0,0,865
08/12/2008,CVG,KY,ASO,CE,Combined TRACON& Tower with Radar,235,617,25,0,877,0,0,4,0,4,235,617,29,0,881,0,0,0,881
08/13/2008,CVG,KY,ASO,CE,Combined TRACON& Tower with Radar,240,641,20,2,903,0,2,1,0,3,240,643,21,2,906,0,0,0,906
08/14/2008,CVG,KY,ASO,CE,Combined TRACON& Tower with Radar,238,647,25,0,910,0,2,2,0,4,238,649,27,0,914,0,0,0,914
08/15/2008,CVG,KY,ASO,CE,Combined TRACON& Tower with Radar,245,643,13,0,901,0,0,2,0,2,245,643,15,0,903,0,0,0,903
08/16/2008,CVG,KY,ASO,CE,Combined TRACON& Tower with Radar,198,409,3,2,612,0,0,2,0,2,198,409,5,2,614,0,0,0,614
08/17/2008,CVG,KY,ASO,CE,Combined TRACON& Tower with Radar,238,570,7,0,815,0,1,4,0,5,238,571,11,0,820,0,0,0,820
08/18/2008,CVG,KY,ASO,CE,Combined TRACON& Tower with Radar,246,648,20,0,914,0,2,5,0,7,246,650,25,0,921,0,0,0,921
08/19/2008,CVG,KY,ASO,CE,Combined TRACON& Tower with Radar,196,485,30,0,711,0,0,1,0,1,196,485,31,0,712,0,0,0,712
08/20/2008,CVG,KY,ASO,CE,Combined TRACON& Tower with Radar,234,639,17,0,890,0,0,5,1,6,234,639,22,1,896,0,0,0,896
08/21/2008,CVG,KY,ASO,CE,Combined TRACON& Tower with Radar,241,644,20,2,907,0,2,1,0,3,241,646,21,2,910,0,0,0,910
08/22/2008,CVG,KY,ASO,CE,Combined TRACON& Tower with Radar,243,640,9,1,893,0,3,2,0,5,243,643,11,1,898,0,0,0,898
08/23/2008,CVG,KY,ASO,CE,Combined TRACON& Tower with Radar,177,396,2,0,575,0,0,3,0,3,177,396,5,0,578,0,0,0,578
08/24/2008,CVG,KY,ASO,CE,Combined TRACON& Tower with Radar,246,558,10,0,814,0,2,5,2,9,246,560,15,2,823,0,0,0,823
08/25/2008,CVG,KY,ASO,CE,Combined TRACON& Tower with Radar,233,644,25,0,902,0,0,0,0,0,233,644,25,0,902,0,0,0,902
08/26/2008,CVG,KY,ASO,CE,Combined TRACON& Tower with Radar,195,481,17,0,693,0,1,6,0,7,195,482,23,0,700,0,0,0,700
08/27/2008,CVG,KY,ASO,CE,Combined TRACON& Tower with Radar,230,640,22,0,892,0,0,0,0,0,230,640,22,0,892,0,0,0,892
08/28/2008,CVG,KY,ASO,CE,Combined TRACON& Tower with Radar,251,643,24,0,918,0,0,10,0,10,251,643,34,0,928,0,0,0,928
08/29/2008,CVG,KY,ASO,CE,Combined TRACON& Tower with Radar,241,646,10,1,898,0,4,0,2,6,241,650,10,3,904,0,0,0,904
08/30/2008,CVG,KY,ASO,CE,Combined TRACON& Tower with Radar,168,379,2,0,549,0,0,2,2,4,168,379,4,2,553,0,0,0,553
08/31/2008,CVG,KY,ASO,CE,Combined TRACON& Tower with Radar,158,371,1,0,530,0,0,4,0,4,158,371,5,0,534,0,0,0,534
09/01/2008,CVG,KY,ASO,CE,Combined TRACON& Tower with Radar,224,550,3,0,777,0,2,2,0,4,224,552,5,0,781,0,0,0,781
09/02/2008,CVG,KY,ASO,CE,Combined TRACON& Tower with Radar,218,535,17,0,770,0,1,5,0,6,218,536,22,0,776,0,0,0,776
09/03/2008,CVG,KY,ASO,CE,Combined TRACON& Tower with Radar,210,522,15,0,747,0,0,7,0,7,210,522,22,0,754,0,0,0,754
09/04/2008,CVG,KY,ASO,CE,Combined TRACON& Tower with Radar,222,530,14,2,768,0,0,0,0,0,222,530,14,2,768,0,0,0,768
09/05/2008,CVG,KY,ASO,CE,Combined TRACON& Tower with Radar,224,541,8,0,773,0,0,0,0,0,224,541,8,0,773,0,0,0,773
09/06/2008,CVG,KY,ASO,CE,Combined TRACON& Tower with Radar,154,323,11,0,488,0,0,0,0,0,154,323,11,0,488,0,0,0,488
09/07/2008,CVG,KY,ASO,CE,Combined TRACON& Tower with Radar,211,486,15,0,712,0,0,1,0,1,211,486,16,0,713,0,0,0,713
09/08/2008,CVG,KY,ASO,CE,Combined TRACON& Tower with Radar,215,515,13,0,743,0,0,10,0,10,215,515,23,0,753,0,0,0,753
09/09/2008,CVG,KY,ASO,CE,Combined TRACON& Tower with Radar,175,400,13,0,588,0,2,0,0,2,175,402,13,0,590,0,0,0,590
09/10/2008,CVG,KY,ASO,CE,Combined TRACON& Tower with Radar,214,523,12,0,749,0,0,2,0,2,214,523,14,0,751,0,0,0,751
09/11/2008,CVG,KY,ASO,CE,Combined TRACON& Tower with Radar,226,536,29,0,791,0,2,2,0,4,226,538,31,0,795,0,0,0,795
09/12/2008,CVG,KY,ASO,CE,Combined TRACON& Tower with Radar,222,521,10,1,754,0,0,0,0,0,222,521,10,1,754,0,0,0,754
09/13/2008,CVG,KY,ASO,CE,Combined TRACON& Tower with Radar,163,310,5,0,478,0,0,0,0,0,163,310,5,0,478,0,0,0,478
09/14/2008,CVG,KY,ASO,CE,Combined TRACON& Tower with Radar,165,367,9,0,541,0,0,0,0,0,165,367,9,0,541,0,0,0,541
09/15/2008,CVG,KY,ASO,CE,Combined TRACON& Tower with Radar,211,511,10,0,732,0,2,0,2,4,211,513,10,2,736,0,0,0,736
09/16/2008,CVG,KY,ASO,CE,Combined TRACON& Tower with Radar,179,410,24,1,614,0,0,2,3,5,179,410,26,4,619,0,0,0,619
09/17/2008,CVG,KY,ASO,CE,Combined TRACON& Tower with Radar,214,520,10,1,745,0,2,4,0,6,214,522,14,1,751,0,0,0,751
09/18/2008,CVG,KY,ASO,CE,Combined TRACON& Tower with Radar,233,535,33,1,802,0,0,2,0,2,233,535,35,1,804,0,0,0,804
09/19/2008,CVG,KY,ASO,CE,Combined TRACON& Tower with Radar,223,518,11,0,752,0,1,4,0,5,223,519,15,0,757,0,0,0,757
09/20/2008,CVG,KY,ASO,CE,Combined TRACON& Tower with Radar,158,316,8,0,482,0,0,5,0,5,158,316,13,0,487,0,0,0,487
09/21/2008,CVG,KY,ASO,CE,Combined TRACON& Tower with Radar,222,481,13,0,716,0,3,3,0,6,222,484,16,0,722,0,0,0,722
09/22/2008,CVG,KY,ASO,CE,Combined TRACON& Tower with Radar,224,511,15,0,750,0,2,4,0,6,224,513,19,0,756,0,0,0,756
09/23/2008,CVG,KY,ASO,CE,Combined TRACON& Tower with Radar,177,414,19,1,611,0,0,8,0,8,177,414,27,1,619,0,0,0,619
09/24/2008,CVG,KY,ASO,CE,Combined TRACON& Tower with Radar,218,511,14,1,744,0,3,3,0,6,218,514,17,1,750,0,0,0,750
09/25/2008,CVG,KY,ASO,CE,Combined TRACON& Tower with Radar,228,524,22,0,774,0,0,9,0,9,228,524,31,0,783,0,0,0,783
09/26/2008,CVG,KY,ASO,CE,Combined TRACON& Tower with Radar,217,520,8,0,745,0,0,5,0,5,217,520,13,0,750,0,0,0,750
09/27/2008,CVG,KY,ASO,CE,Combined TRACON& Tower with Radar,161,323,3,0,487,0,0,0,0,0,161,323,3,0,487,0,0,0,487
09/28/2008,CVG,KY,ASO,CE,Combined TRACON& Tower with Radar,208,482,8,0,698,0,0,3,0,3,208,482,11,0,701,0,0,0,701
09/29/2008,CVG,KY,ASO,CE,Combined TRACON& Tower with Radar,217,520,25,0,762,0,0,1,0,1,217,520,26,0,763,0,0,0,763
09/30/2008,CVG,KY,ASO,CE,Combined TRACON& Tower with Radar,183,425,24,0,632,0,2,0,0,2,183,427,24,0,634,0,0,0,634
10/01/2008,CVG,KY,ASO,CE,Combined TRACON& Tower with Radar,211,531,16,0,758,0,0,5,0,5,211,531,21,0,763,0,0,0,763
10/02/2008,CVG,KY,ASO,CE,Combined TRACON& Tower with Radar,225,527,29,0,781,0,6,6,0,12,225,533,35,0,793,0,0,0,793
10/03/2008,CVG,KY,ASO,CE,Combined TRACON& Tower with Radar,223,531,18,0,772,0,1,0,0,1,223,532,18,0,773,0,0,0,773
10/04/2008,CVG,KY,ASO,CE,Combined TRACON& Tower with Radar,151,325,4,1,481,0,2,7,0,9,151,327,11,1,490,0,0,0,490
10/05/2008,CVG,KY,ASO,CE,Combined TRACON& Tower with Radar,214,475,16,2,707,0,0,0,0,0,214,475,16,2,707,0,0,0,707
10/06/2008,CVG,KY,ASO,CE,Combined TRACON& Tower with Radar,216,516,23,1,756,0,0,3,0,3,216,516,26,1,759,0,0,0,759
10/07/2008,CVG,KY,ASO,CE,Combined TRACON& Tower with Radar,176,446,16,0,638,0,2,6,0,8,176,448,22,0,646,0,0,0,646
10/08/2008,CVG,KY,ASO,CE,Combined TRACON& Tower with Radar,211,527,10,0,748,0,2,0,0,2,211,529,10,0,750,0,0,0,750
10/09/2008,CVG,KY,ASO,CE,Combined TRACON& Tower with Radar,223,542,38,0,803,0,1,5,0,6,223,543,43,0,809,0,0,0,809
10/10/2008,CVG,KY,ASO,CE,Combined TRACON& Tower with Radar,228,523,11,0,762,0,2,2,0,4,228,525,13,0,766,0,0,0,766
10/11/2008,CVG,KY,ASO,CE,Combined TRACON& Tower with Radar,156,317,5,0,478,0,0,3,0,3,156,317,8,0,481,0,0,0,481
10/12/2008,CVG,KY,ASO,CE,Combined TRACON& Tower with Radar,215,476,8,0,699,0,0,6,0,6,215,476,14,0,705,0,0,0,705
10/13/2008,CVG,KY,ASO,CE,Combined TRACON& Tower with Radar,218,508,8,0,734,0,0,1,0,1,218,508,9,0,735,0,0,0,735
10/14/2008,CVG,KY,ASO,CE,Combined TRACON& Tower with Radar,178,399,28,0,605,0,0,3,0,3,178,399,31,0,608,0,0,0,608
10/15/2008,CVG,KY,ASO,CE,Combined TRACON& Tower with Radar,214,520,27,0,761,0,1,3,0,4,214,521,30,0,765,0,0,0,765
10/16/2008,CVG,KY,ASO,CE,Combined TRACON& Tower with Radar,228,525,29,0,782,0,0,0,0,0,228,525,29,0,782,0,0,0,782
10/17/2008,CVG,KY,ASO,CE,Combined TRACON& Tower with Radar,225,526,5,2,758,0,3,1,0,4,225,529,6,2,762,0,0,0,762
10/18/2008,CVG,KY,ASO,CE,Combined TRACON& Tower with Radar,163,311,3,8,485,0,1,3,0,4,163,312,6,8,489,0,0,0,489
10/19/2008,CVG,KY,ASO,CE,Combined TRACON& Tower with Radar,215,474,6,2,697,0,1,0,3,4,215,475,6,5,701,0,0,0,701
10/20/2008,CVG,KY,ASO,CE,Combined TRACON& Tower with Radar,215,518,19,3,755,0,0,1,0,1,215,518,20,3,756,0,0,0,756
10/21/2008,CVG,KY,ASO,CE,Combined TRACON& Tower with Radar,175,411,29,0,615,0,0,6,0,6,175,411,35,0,621,0,0,0,621
10/22/2008,CVG,KY,ASO,CE,Combined TRACON& Tower with Radar,214,517,30,0,761,0,0,6,0,6,214,517,36,0,767,0,0,0,767
10/23/2008,CVG,KY,ASO,CE,Combined TRACON& Tower with Radar,226,520,18,1,765,0,0,2,0,2,226,520,20,1,767,0,0,0,767
10/24/2008,CVG,KY,ASO,CE,Combined TRACON& Tower with Radar,222,521,7,0,750,0,0,0,0,0,222,521,7,0,750,0,0,0,750
10/25/2008,CVG,KY,ASO,CE,Combined TRACON& Tower with Radar,155,318,6,0,479,0,0,1,4,5,155,318,7,4,484,0,0,0,484
10/26/2008,CVG,KY,ASO,CE,Combined TRACON& Tower with Radar,214,469,10,0,693,0,1,0,0,1,214,470,10,0,694,0,0,0,694
10/27/2008,CVG,KY,ASO,CE,Combined TRACON& Tower with Radar,214,506,8,0,728,0,0,3,1,4,214,506,11,1,732,0,0,0,732
10/28/2008,CVG,KY,ASO,CE,Combined TRACON& Tower with Radar,174,407,20,0,601,0,0,5,0,5,174,407,25,0,606,0,0,0,606
10/29/2008,CVG,KY,ASO,CE,Combined TRACON& Tower with Radar,214,534,25,0,773,0,13,22,0,35,214,547,47,0,808,0,0,0,808
10/30/2008,CVG,KY,ASO,CE,Combined TRACON& Tower with Radar,230,523,22,3,778,0,0,16,2,18,230,523,38,5,796,0,0,0,796
10/31/2008,CVG,KY,ASO,CE,Combined TRACON& Tower with Radar,208,486,12,0,706,0,0,1,0,1,208,486,13,0,707,0,0,0,707
11/01/2008,CVG,KY,ASO,CE,Combined TRACON& Tower with Radar,151,324,15,0,490,0,0,4,0,4,151,324,19,0,494,0,0,0,494
11/02/2008,CVG,KY,ASO,CE,Combined TRACON& Tower with Radar,188,481,11,2,682,0,0,2,1,3,188,481,13,3,685,0,0,0,685
11/03/2008,CVG,KY,ASO,CE,Combined TRACON& Tower with Radar,197,519,14,0,730,0,0,2,0,2,197,519,16,0,732,0,0,0,732
11/04/2008,CVG,KY,ASO,CE,Combined TRACON& Tower with Radar,164,416,21,0,601,0,1,8,0,9,164,417,29,0,610,0,0,0,610
11/05/2008,CVG,KY,ASO,CE,Combined TRACON& Tower with Radar,198,524,21,0,743,0,3,10,0,13,198,527,31,0,756,0,0,0,756
11/06/2008,CVG,KY,ASO,CE,Combined TRACON& Tower with Radar,204,525,28,0,757,0,4,3,0,7,204,529,31,0,764,0,0,0,764
11/07/2008,CVG,KY,ASO,CE,Combined TRACON& Tower with Radar,207,536,9,0,752,0,0,0,0,0,207,536,9,0,752,0,0,0,752
11/08/2008,CVG,KY,ASO,CE,Combined TRACON& Tower with Radar,144,332,2,0,478,0,0,2,0,2,144,332,4,0,480,0,0,0,480
11/09/2008,CVG,KY,ASO,CE,Combined TRACON& Tower with Radar,188,485,6,0,679,0,0,2,0,2,188,485,8,0,681,0,0,0,681
11/10/2008,CVG,KY,ASO,CE,Combined TRACON& Tower with Radar,197,525,18,0,740,0,0,4,0,4,197,525,22,0,744,0,0,0,744
11/11/2008,CVG,KY,ASO,CE,Combined TRACON& Tower with Radar,161,416,31,0,608,0,0,0,0,0,161,416,31,0,608,0,0,0,608
11/12/2008,CVG,KY,ASO,CE,Combined TRACON& Tower with Radar,197,513,18,0,728,0,0,3,0,3,197,513,21,0,731,0,0,0,731
11/13/2008,CVG,KY,ASO,CE,Combined TRACON& Tower with Radar,211,527,20,0,758,0,3,0,0,3,211,530,20,0,761,0,0,0,761
11/14/2008,CVG,KY,ASO,CE,Combined TRACON& Tower with Radar,199,531,18,0,748,0,0,0,0,0,199,531,18,0,748,0,0,0,748
11/15/2008,CVG,KY,ASO,CE,Combined TRACON& Tower with Radar,154,330,1,0,485,0,0,0,0,0,154,330,1,0,485,0,0,0,485
11/16/2008,CVG,KY,ASO,CE,Combined TRACON& Tower with Radar,192,482,5,0,679,0,0,0,0,0,192,482,5,0,679,0,0,0,679
11/17/2008,CVG,KY,ASO,CE,Combined TRACON& Tower with Radar,204,515,13,0,732,0,0,0,0,0,204,515,13,0,732,0,0,0,732
11/18/2008,CVG,KY,ASO,CE,Combined TRACON& Tower with Radar,164,410,18,0,592,0,0,2,0,2,164,410,20,0,594,0,0,0,594
11/19/2008,CVG,KY,ASO,CE,Combined TRACON& Tower with Radar,195,522,24,0,741,0,1,7,0,8,195,523,31,0,749,0,0,0,749
11/20/2008,CVG,KY,ASO,CE,Combined TRACON& Tower with Radar,206,541,30,0,777,0,0,4,0,4,206,541,34,0,781,0,0,0,781
11/21/2008,CVG,KY,ASO,CE,Combined TRACON& Tower with Radar,204,539,13,0,756,0,0,0,0,0,204,539,13,0,756,0,0,0,756
11/22/2008,CVG,KY,ASO,CE,Combined TRACON& Tower with Radar,151,333,2,0,486,0,0,5,0,5,151,333,7,0,491,0,0,0,491
11/23/2008,CVG,KY,ASO,CE,Combined TRACON& Tower with Radar,189,495,1,0,685,0,0,5,0,5,189,495,6,0,690,0,0,0,690
11/24/2008,CVG,KY,ASO,CE,Combined TRACON& Tower with Radar,205,525,17,0,747,0,0,0,0,0,205,525,17,0,747,0,0,0,747
11/25/2008,CVG,KY,ASO,CE,Combined TRACON& Tower with Radar,209,548,14,0,771,0,1,6,0,7,209,549,20,0,778,0,0,0,778
11/26/2008,CVG,KY,ASO,CE,Combined TRACON& Tower with Radar,208,533,17,0,758,0,0,9,0,9,208,533,26,0,767,0,0,0,767
11/27/2008,CVG,KY,ASO,CE,Combined TRACON& Tower with Radar,118,276,0,0,394,0,0,5,0,5,118,276,5,0,399,0,0,0,399
11/28/2008,CVG,KY,ASO,CE,Combined TRACON& Tower with Radar,132,335,13,0,480,0,2,2,0,4,132,337,15,0,484,0,0,0,484
11/29/2008,CVG,KY,ASO,CE,Combined TRACON& Tower with Radar,189,468,5,0,662,0,6,2,0,8,189,474,7,0,670,0,0,0,670
11/30/2008,CVG,KY,ASO,CE,Combined TRACON& Tower with Radar,206,518,5,0,729,0,1,0,0,1,206,519,5,0,730,0,0,0,730
12/01/2008,CVG,KY,ASO,CE,Combined TRACON& Tower with Radar,210,528,20,0,758,0,0,0,0,0,210,528,20,0,758,0,0,0,758
12/02/2008,CVG,KY,ASO,CE,Combined TRACON& Tower with Radar,175,419,20,0,614,0,0,0,0,0,175,419,20,0,614,0,0,0,614
12/03/2008,CVG,KY,ASO,CE,Combined TRACON& Tower with Radar,200,505,18,0,723,0,0,5,0,5,200,505,23,0,728,0,0,0,728
12/04/2008,CVG,KY,ASO,CE,Combined TRACON& Tower with Radar,212,516,21,0,749,0,0,1,0,1,212,516,22,0,750,0,0,0,750
12/05/2008,CVG,KY,ASO,CE,Combined TRACON& Tower with Radar,200,520,17,0,737,0,0,5,0,5,200,520,22,0,742,0,0,0,742
12/06/2008,CVG,KY,ASO,CE,Combined TRACON& Tower with Radar,149,324,5,0,478,0,4,0,0,4,149,328,5,0,482,0,0,0,482
12/07/2008,CVG,KY,ASO,CE,Combined TRACON& Tower with Radar,185,472,4,0,661,0,0,0,0,0,185,472,4,0,661,0,0,0,661
12/08/2008,CVG,KY,ASO,CE,Combined TRACON& Tower with Radar,199,516,8,0,723,0,0,0,0,0,199,516,8,0,723,0,0,0,723
12/09/2008,CVG,KY,ASO,CE,Combined TRACON& Tower with Radar,158,410,19,1,588,0,0,0,1,1,158,410,19,2,589,0,0,0,589
12/10/2008,CVG,KY,ASO,CE,Combined TRACON& Tower with Radar,182,489,15,0,686,0,0,0,0,0,182,489,15,0,686,0,0,0,686
12/11/2008,CVG,KY,ASO,CE,Combined TRACON& Tower with Radar,198,516,20,0,734,0,0,2,0,2,198,516,22,0,736,0,0,0,736
12/12/2008,CVG,KY,ASO,CE,Combined TRACON& Tower with Radar,202,526,7,0,735,0,0,2,2,4,202,526,9,2,739,0,0,0,739
12/13/2008,CVG,KY,ASO,CE,Combined TRACON& Tower with Radar,143,327,4,0,474,0,0,6,0,6,143,327,10,0,480,0,0,0,480
12/14/2008,CVG,KY,ASO,CE,Combined TRACON& Tower with Radar,179,486,4,0,669,0,0,1,0,1,179,486,5,0,670,0,0,0,670
12/15/2008,CVG,KY,ASO,CE,Combined TRACON& Tower with Radar,201,515,15,0,731,0,0,0,0,0,201,515,15,0,731,0,0,0,731
12/16/2008,CVG,KY,ASO,CE,Combined TRACON& Tower with Radar,163,389,16,0,568,0,0,2,0,2,163,389,18,0,570,0,0,0,570
12/17/2008,CVG,KY,ASO,CE,Combined TRACON& Tower with Radar,192,512,13,0,717,0,0,0,0,0,192,512,13,0,717,0,0,0,717
12/18/2008,CVG,KY,ASO,CE,Combined TRACON& Tower with Radar,196,536,19,0,751,0,0,0,0,0,196,536,19,0,751,0,0,0,751
12/19/2008,CVG,KY,ASO,CE,Combined TRACON& Tower with Radar,197,454,6,0,657,0,2,0,0,2,197,456,6,0,659,0,0,0,659
12/20/2008,CVG,KY,ASO,CE,Combined TRACON& Tower with Radar,190,465,6,2,663,0,0,0,0,0,190,465,6,2,663,0,0,0,663
12/21/2008,CVG,KY,ASO,CE,Combined TRACON& Tower with Radar,191,458,1,0,650,0,0,0,0,0,191,458,1,0,650,0,0,0,650
12/22/2008,CVG,KY,ASO,CE,Combined TRACON& Tower with Radar,190,495,2,0,687,0,0,1,0,1,190,495,3,0,688,0,0,0,688
12/23/2008,CVG,KY,ASO,CE,Combined TRACON& Tower with Radar,180,503,8,1,692,0,1,2,0,3,180,504,10,1,695,0,0,0,695
12/24/2008,CVG,KY,ASO,CE,Combined TRACON& Tower with Radar,145,342,2,0,489,0,1,0,0,1,145,343,2,0,490,0,0,0,490
12/25/2008,CVG,KY,ASO,CE,Combined TRACON& Tower with Radar,137,354,2,0,493,0,0,0,0,0,137,354,2,0,493,0,0,0,493
12/26/2008,CVG,KY,ASO,CE,Combined TRACON& Tower with Radar,195,517,4,0,716,0,0,0,0,0,195,517,4,0,716,0,0,0,716
12/27/2008,CVG,KY,ASO,CE,Combined TRACON& Tower with Radar,198,474,5,0,677,0,0,0,0,0,198,474,5,0,677,0,0,0,677
12/28/2008,CVG,KY,ASO,CE,Combined TRACON& Tower with Radar,185,509,8,0,702,0,0,0,0,0,185,509,8,0,702,0,0,0,702
12/29/2008,CVG,KY,ASO,CE,Combined TRACON& Tower with Radar,193,513,2,0,708,0,0,4,0,4,193,513,6,0,712,0,0,0,712
12/30/2008,CVG,KY,ASO,CE,Combined TRACON& Tower with Radar,196,519,3,0,718,0,2,4,3,9,196,521,7,3,727,0,0,0,727
12/31/2008,CVG,KY,ASO,CE,Combined TRACON& Tower with Radar,151,351,6,2,510,0,0,0,0,0,151,351,6,2,510,0,0,0,510
01/01/2009,CVG,KY,ASO,CE,Combined TRACON& Tower with Radar,144,353,6,0,503,0,0,1,0,1,144,353,7,0,504,0,0,0,504
01/02/2009,CVG,KY,ASO,CE,Combined TRACON& Tower with Radar,210,524,5,0,739,0,2,1,0,3,210,526,6,0,742,0,0,0,742
01/03/2009,CVG,KY,ASO,CE,Combined TRACON& Tower with Radar,207,492,6,0,705,0,1,0,0,1,207,493,6,0,706,0,0,0,706
01/04/2009,CVG,KY,ASO,CE,Combined TRACON& Tower with Radar,204,526,2,0,732,0,0,0,0,0,204,526,2,0,732,0,0,0,732
01/05/2009,CVG,KY,ASO,CE,Combined TRACON& Tower with Radar,189,472,8,0,669,0,0,11,0,11,189,472,19,0,680,0,0,0,680
01/06/2009,CVG,KY,ASO,CE,Combined TRACON& Tower with Radar,179,436,12,0,627,0,0,0,0,0,179,436,12,0,627,0,0,0,627
01/07/2009,CVG,KY,ASO,CE,Combined TRACON& Tower with Radar,187,468,8,0,663,0,0,4,0,4,187,468,12,0,667,0,0,0,667
01/08/2009,CVG,KY,ASO,CE,Combined TRACON& Tower with Radar,193,475,11,2,681,0,0,0,0,0,193,475,11,2,681,0,0,0,681
01/09/2009,CVG,KY,ASO,CE,Combined TRACON& Tower with Radar,186,470,3,0,659,0,0,0,0,0,186,470,3,0,659,0,0,0,659
01/10/2009,CVG,KY,ASO,CE,Combined TRACON& Tower with Radar,152,298,1,0,451,0,0,0,0,0,152,298,1,0,451,0,0,0,451
01/11/2009,CVG,KY,ASO,CE,Combined TRACON& Tower with Radar,174,458,4,2,638,0,1,0,0,1,174,459,4,2,639,0,0,0,639
01/12/2009,CVG,KY,ASO,CE,Combined TRACON& Tower with Radar,186,469,9,0,664,0,0,5,0,5,186,469,14,0,669,0,0,0,669
01/13/2009,CVG,KY,ASO,CE,Combined TRACON& Tower with Radar,174,426,17,0,617,0,0,0,0,0,174,426,17,0,617,0,0,0,617
01/14/2009,CVG,KY,ASO,CE,Combined TRACON& Tower with Radar,192,453,26,0,671,0,0,1,0,1,192,453,27,0,672,0,0,0,672
01/15/2009,CVG,KY,ASO,CE,Combined TRACON& Tower with Radar,193,457,19,0,669,0,0,1,1,2,193,457,20,1,671,0,0,0,671
01/16/2009,CVG,KY,ASO,CE,Combined TRACON& Tower with Radar,186,471,9,2,668,0,0,5,0,5,186,471,14,2,673,0,0,0,673
01/17/2009,CVG,KY,ASO,CE,Combined TRACON& Tower with Radar,156,310,2,0,468,0,1,0,0,1,156,311,2,0,469,0,0,0,469
01/18/2009,CVG,KY,ASO,CE,Combined TRACON& Tower with Radar,171,383,4,0,558,0,0,0,0,0,171,383,4,0,558,0,0,0,558
01/19/2009,CVG,KY,ASO,CE,Combined TRACON& Tower with Radar,183,449,8,0,640,0,0,0,0,0,183,449,8,0,640,0,0,0,640
01/20/2009,CVG,KY,ASO,CE,Combined TRACON& Tower with Radar,180,444,11,0,635,0,0,2,0,2,180,444,13,0,637,0,0,0,637
01/21/2009,CVG,KY,ASO,CE,Combined TRACON& Tower with Radar,185,473,13,0,671,0,0,1,0,1,185,473,14,0,672,0,0,0,672
01/22/2009,CVG,KY,ASO,CE,Combined TRACON& Tower with Radar,193,475,11,1,680,0,0,2,0,2,193,475,13,1,682,0,0,0,682
01/23/2009,CVG,KY,ASO,CE,Combined TRACON& Tower with Radar,191,475,6,0,672,0,0,0,0,0,191,475,6,0,672,0,0,0,672
01/24/2009,CVG,KY,ASO,CE,Combined TRACON& Tower with Radar,144,309,2,0,455,0,0,0,0,0,144,309,2,0,455,0,0,0,455
01/25/2009,CVG,KY,ASO,CE,Combined TRACON& Tower with Radar,175,470,4,0,649,0,0,2,0,2,175,470,6,0,651,0,0,0,651
01/26/2009,CVG,KY,ASO,CE,Combined TRACON& Tower with Radar,184,470,12,2,668,0,0,0,0,0,184,470,12,2,668,0,0,0,668
01/27/2009,CVG,KY,ASO,CE,Combined TRACON& Tower with Radar,133,288,5,2,428,0,0,0,0,0,133,288,5,2,428,0,0,0,428
01/28/2009,CVG,KY,ASO,CE,Combined TRACON& Tower with Radar,123,203,10,0,336,0,0,0,0,0,123,203,10,0,336,0,0,0,336
01/29/2009,CVG,KY,ASO,CE,Combined TRACON& Tower with Radar,184,451,13,0,648,0,0,0,0,0,184,451,13,0,648,0,0,0,648
01/30/2009,CVG,KY,ASO,CE,Combined TRACON& Tower with Radar,189,471,16,0,676,0,1,5,0,6,189,472,21,0,682,0,0,0,682
01/31/2009,CVG,KY,ASO,CE,Combined TRACON& Tower with Radar,154,306,4,0,464,0,2,0,0,2,154,308,4,0,466,0,0,0,466
02/01/2009,CVG,KY,ASO,CE,Combined TRACON& Tower with Radar,180,452,0,0,632,0,0,0,4,4,180,452,0,4,636,0,0,0,636
02/02/2009,CVG,KY,ASO,CE,Combined TRACON& Tower with Radar,189,450,7,2,648,0,2,1,0,3,189,452,8,2,651,0,0,0,651
02/03/2009,CVG,KY,ASO,CE,Combined TRACON& Tower with Radar,169,409,23,0,601,0,0,2,0,2,169,409,25,0,603,0,0,0,603
02/04/2009,CVG,KY,ASO,CE,Combined TRACON& Tower with Radar,197,456,10,0,663,0,0,3,0,3,197,456,13,0,666,0,0,0,666
02/05/2009,CVG,KY,ASO,CE,Combined TRACON& Tower with Radar,194,463,11,0,668,0,0,2,0,2,194,463,13,0,670,0,0,0,670
02/06/2009,CVG,KY,ASO,CE,Combined TRACON& Tower with Radar,193,461,10,0,664,0,0,1,0,1,193,461,11,0,665,0,0,0,665
02/07/2009,CVG,KY,ASO,CE,Combined TRACON& Tower with Radar,151,295,5,0,451,0,0,0,0,0,151,295,5,0,451,0,0,0,451
02/08/2009,CVG,KY,ASO,CE,Combined TRACON& Tower with Radar,185,443,3,0,631,0,0,3,0,3,185,443,6,0,634,0,0,0,634
02/09/2009,CVG,KY,ASO,CE,Combined TRACON& Tower with Radar,190,454,5,0,649,0,0,0,0,0,190,454,5,0,649,0,0,0,649
02/10/2009,CVG,KY,ASO,CE,Combined TRACON& Tower with Radar,179,417,6,0,602,0,0,6,0,6,179,417,12,0,608,0,0,0,608
02/11/2009,CVG,KY,ASO,CE,Combined TRACON& Tower with Radar,205,494,17,0,716,0,1,0,0,1,205,495,17,0,717,0,0,0,717
02/12/2009,CVG,KY,ASO,CE,Combined TRACON& Tower with Radar,208,471,8,0,687,0,0,0,0,0,208,471,8,0,687,0,0,0,687
02/13/2009,CVG,KY,ASO,CE,Combined TRACON& Tower with Radar,197,459,2,0,658,0,0,2,2,4,197,459,4,2,662,0,0,0,662
02/14/2009,CVG,KY,ASO,CE,Combined TRACON& Tower with Radar,160,320,3,0,483,0,0,0,0,0,160,320,3,0,483,0,0,0,483
02/15/2009,CVG,KY,ASO,CE,Combined TRACON& Tower with Radar,177,428,2,0,607,0,0,0,0,0,177,428,2,0,607,0,0,0,607
02/16/2009,CVG,KY,ASO,CE,Combined TRACON& Tower with Radar,196,472,6,0,674,0,1,3,0,4,196,473,9,0,678,0,0,0,678
02/17/2009,CVG,KY,ASO,CE,Combined TRACON& Tower with Radar,186,423,11,0,620,0,0,0,0,0,186,423,11,0,620,0,0,0,620
02/18/2009,CVG,KY,ASO,CE,Combined TRACON& Tower with Radar,185,472,6,0,663,0,0,0,0,0,185,472,6,0,663,0,0,0,663
02/19/2009,CVG,KY,ASO,CE,Combined TRACON& Tower with Radar,202,462,6,0,670,0,0,2,0,2,202,462,8,0,672,0,0,0,672
02/20/2009,CVG,KY,ASO,CE,Combined TRACON& Tower with Radar,196,467,12,0,675,0,2,4,0,6,196,469,16,0,681,0,0,0,681
02/21/2009,CVG,KY,ASO,CE,Combined TRACON& Tower with Radar,158,309,2,0,469,0,0,0,0,0,158,309,2,0,469,0,0,0,469
02/22/2009,CVG,KY,ASO,CE,Combined TRACON& Tower with Radar,186,442,6,0,634,0,0,0,0,0,186,442,6,0,634,0,0,0,634
02/23/2009,CVG,KY,ASO,CE,Combined TRACON& Tower with Radar,200,459,16,0,675,0,0,4,0,4,200,459,20,0,679,0,0,0,679
02/24/2009,CVG,KY,ASO,CE,Combined TRACON& Tower with Radar,191,424,15,1,631,0,2,3,2,7,191,426,18,3,638,0,0,0,638
02/25/2009,CVG,KY,ASO,CE,Combined TRACON& Tower with Radar,197,457,2,0,656,0,0,1,0,1,197,457,3,0,657,0,0,0,657
02/26/2009,CVG,KY,ASO,CE,Combined TRACON& Tower with Radar,200,456,7,0,663,0,0,0,0,0,200,456,7,0,663,0,0,0,663
02/27/2009,CVG,KY,ASO,CE,Combined TRACON& Tower with Radar,202,463,16,0,681,0,0,0,0,0,202,463,16,0,681,0,0,0,681
02/28/2009,CVG,KY,ASO,CE,Combined TRACON& Tower with Radar,161,318,4,0,483,0,0,0,0,0,161,318,4,0,483,0,0,0,483
03/01/2009,CVG,KY,ASO,CE,Combined TRACON& Tower with Radar,171,441,5,0,617,0,0,0,0,0,171,441,5,0,617,0,0,0,617
03/02/2009,CVG,KY,ASO,CE,Combined TRACON& Tower with Radar,172,433,7,0,612,0,0,0,0,0,172,433,7,0,612,0,0,0,612
03/03/2009,CVG,KY,ASO,CE,Combined TRACON& Tower with Radar,191,433,4,0,628,0,0,2,2,4,191,433,6,2,632,0,0,0,632
03/04/2009,CVG,KY,ASO,CE,Combined TRACON& Tower with Radar,202,478,1,1,682,0,0,8,0,8,202,478,9,1,690,0,0,0,690
03/05/2009,CVG,KY,ASO,CE,Combined TRACON& Tower with Radar,207,465,14,0,686,0,0,4,0,4,207,465,18,0,690,0,0,0,690
03/06/2009,CVG,KY,ASO,CE,Combined TRACON& Tower with Radar,195,467,9,0,671,0,0,0,0,0,195,467,9,0,671,0,0,0,671
03/07/2009,CVG,KY,ASO,CE,Combined TRACON& Tower with Radar,150,333,7,0,490,0,3,0,0,3,150,336,7,0,493,0,0,0,493
03/08/2009,CVG,KY,ASO,CE,Combined TRACON& Tower with Radar,183,455,1,0,639,0,0,0,0,0,183,455,1,0,639,0,0,0,639
03/09/2009,CVG,KY,ASO,CE,Combined TRACON& Tower with Radar,196,461,8,0,665,0,0,3,0,3,196,461,11,0,668,0,0,0,668
03/10/2009,CVG,KY,ASO,CE,Combined TRACON& Tower with Radar,194,435,16,0,645,0,4,2,0,6,194,439,18,0,651,0,0,0,651
03/11/2009,CVG,KY,ASO,CE,Combined TRACON& Tower with Radar,192,450,4,0,646,0,0,0,0,0,192,450,4,0,646,0,0,0,646
03/12/2009,CVG,KY,ASO,CE,Combined TRACON& Tower with Radar,208,472,9,0,689,0,0,2,0,2,208,472,11,0,691,0,0,0,691
03/13/2009,CVG,KY,ASO,CE,Combined TRACON& Tower with Radar,202,453,7,0,662,0,0,0,2,2,202,453,7,2,664,0,0,0,664
03/14/2009,CVG,KY,ASO,CE,Combined TRACON& Tower with Radar,152,336,0,0,488,0,0,2,0,2,152,336,2,0,490,0,0,0,490
03/15/2009,CVG,KY,ASO,CE,Combined TRACON& Tower with Radar,181,461,2,0,644,0,2,0,0,2,181,463,2,0,646,0,0,0,646
03/16/2009,CVG,KY,ASO,CE,Combined TRACON& Tower with Radar,197,475,6,0,678,0,0,0,0,0,197,475,6,0,678,0,0,0,678
03/17/2009,CVG,KY,ASO,CE,Combined TRACON& Tower with Radar,193,440,21,0,654,0,0,4,0,4,193,440,25,0,658,0,0,0,658
03/18/2009,CVG,KY,ASO,CE,Combined TRACON& Tower with Radar,196,464,12,0,672,0,0,6,0,6,196,464,18,0,678,0,0,0,678
03/19/2009,CVG,KY,ASO,CE,Combined TRACON& Tower with Radar,205,474,16,0,695,0,0,1,0,1,205,474,17,0,696,0,0,0,696
03/20/2009,CVG,KY,ASO,CE,Combined TRACON& Tower with Radar,200,464,7,0,671,0,0,2,0,2,200,464,9,0,673,0,0,0,673
03/21/2009,CVG,KY,ASO,CE,Combined TRACON& Tower with Radar,155,333,6,0,494,0,0,3,0,3,155,333,9,0,497,0,0,0,497
03/22/2009,CVG,KY,ASO,CE,Combined TRACON& Tower with Radar,187,462,4,0,653,0,0,0,0,0,187,462,4,0,653,0,0,0,653
03/23/2009,CVG,KY,ASO,CE,Combined TRACON& Tower with Radar,203,467,6,0,676,0,0,0,0,0,203,467,6,0,676,0,0,0,676
03/24/2009,CVG,KY,ASO,CE,Combined TRACON& Tower with Radar,185,434,8,0,627,0,0,4,0,4,185,434,12,0,631,0,0,0,631
03/25/2009,CVG,KY,ASO,CE,Combined TRACON& Tower with Radar,204,470,11,0,685,0,0,0,0,0,204,470,11,0,685,0,0,0,685
03/26/2009,CVG,KY,ASO,CE,Combined TRACON& Tower with Radar,200,454,1,0,655,0,0,0,0,0,200,454,1,0,655,0,0,0,655
03/27/2009,CVG,KY,ASO,CE,Combined TRACON& Tower with Radar,201,467,7,1,676,0,0,1,2,3,201,467,8,3,679,0,0,0,679
03/28/2009,CVG,KY,ASO,CE,Combined TRACON& Tower with Radar,160,331,2,1,494,0,0,0,0,0,160,331,2,1,494,0,0,0,494
03/29/2009,CVG,KY,ASO,CE,Combined TRACON& Tower with Radar,181,456,4,0,641,0,0,0,0,0,181,456,4,0,641,0,0,0,641
03/30/2009,CVG,KY,ASO,CE,Combined TRACON& Tower with Radar,198,470,10,0,678,0,0,3,0,3,198,470,13,0,681,0,0,0,681
03/31/2009,CVG,KY,ASO,CE,Combined TRACON& Tower with Radar,191,412,10,0,613,0,2,4,0,6,191,414,14,0,619,0,0,0,619
04/01/2009,CVG,KY,ASO,CE,Combined TRACON& Tower with Radar,195,464,6,0,665,0,0,0,0,0,195,464,6,0,665,0,0,0,665
04/02/2009,CVG,KY,ASO,CE,Combined TRACON& Tower with Radar,200,457,2,0,659,0,1,0,0,1,200,458,2,0,660,0,0,0,660
04/03/2009,CVG,KY,ASO,CE,Combined TRACON& Tower with Radar,197,448,3,0,648,0,2,1,0,3,197,450,4,0,651,0,0,0,651
04/04/2009,CVG,KY,ASO,CE,Combined TRACON& Tower with Radar,159,321,1,0,481,0,0,5,0,5,159,321,6,0,486,0,0,0,486
04/05/2009,CVG,KY,ASO,CE,Combined TRACON& Tower with Radar,198,458,3,0,659,0,0,2,0,2,198,458,5,0,661,0,0,0,661
04/06/2009,CVG,KY,ASO,CE,Combined TRACON& Tower with Radar,189,444,9,0,642,0,0,0,0,0,189,444,9,0,642,0,0,0,642
04/07/2009,CVG,KY,ASO,CE,Combined TRACON& Tower with Radar,192,431,4,0,627,0,0,0,0,0,192,431,4,0,627,0,0,0,627
04/08/2009,CVG,KY,ASO,CE,Combined TRACON& Tower with Radar,185,467,12,0,664,0,0,3,2,5,185,467,15,2,669,0,0,0,669
04/09/2009,CVG,KY,ASO,CE,Combined TRACON& Tower with Radar,189,481,11,0,681,0,13,8,2,23,189,494,19,2,704,0,0,0,704
04/10/2009,CVG,KY,ASO,CE,Combined TRACON& Tower with Radar,185,471,8,0,664,0,0,0,0,0,185,471,8,0,664,0,0,0,664
04/11/2009,CVG,KY,ASO,CE,Combined TRACON& Tower with Radar,150,323,1,1,475,0,0,7,0,7,150,323,8,1,482,0,0,0,482
04/12/2009,CVG,KY,ASO,CE,Combined TRACON& Tower with Radar,191,466,7,0,664,0,0,1,0,1,191,466,8,0,665,0,0,0,665
04/13/2009,CVG,KY,ASO,CE,Combined TRACON& Tower with Radar,188,465,6,0,659,0,0,0,0,0,188,465,6,0,659,0,0,0,659
04/14/2009,CVG,KY,ASO,CE,Combined TRACON& Tower with Radar,195,420,8,0,623,0,0,0,1,1,195,420,8,1,624,0,0,0,624
04/15/2009,CVG,KY,ASO,CE,Combined TRACON& Tower with Radar,205,457,8,0,670,0,0,0,0,0,205,457,8,0,670,0,0,0,670
04/16/2009,CVG,KY,ASO,CE,Combined TRACON& Tower with Radar,204,458,15,0,677,0,0,4,0,4,204,458,19,0,681,0,0,0,681
04/17/2009,CVG,KY,ASO,CE,Combined TRACON& Tower with Radar,200,451,13,0,664,0,2,5,1,8,200,453,18,1,672,0,0,0,672
04/18/2009,CVG,KY,ASO,CE,Combined TRACON& Tower with Radar,154,317,11,0,482,0,0,0,1,1,154,317,11,1,483,0,0,0,483
04/19/2009,CVG,KY,ASO,CE,Combined TRACON& Tower with Radar,192,444,3,0,639,0,0,2,0,2,192,444,5,0,641,0,0,0,641
04/20/2009,CVG,KY,ASO,CE,Combined TRACON& Tower with Radar,200,460,6,0,666,0,0,0,0,0,200,460,6,0,666,0,0,0,666
04/21/2009,CVG,KY,ASO,CE,Combined TRACON& Tower with Radar,192,413,11,0,616,0,0,2,0,2,192,413,13,0,618,0,0,0,618
04/22/2009,CVG,KY,ASO,CE,Combined TRACON& Tower with Radar,189,458,12,0,659,0,2,0,0,2,189,460,12,0,661,0,0,0,661
04/23/2009,CVG,KY,ASO,CE,Combined TRACON& Tower with Radar,201,463,11,0,675,0,0,3,0,3,201,463,14,0,678,0,0,0,678
04/24/2009,CVG,KY,ASO,CE,Combined TRACON& Tower with Radar,196,457,4,0,657,0,0,4,0,4,196,457,8,0,661,0,0,0,661
04/25/2009,CVG,KY,ASO,CE,Combined TRACON& Tower with Radar,154,306,5,0,465,0,0,0,0,0,154,306,5,0,465,0,0,0,465
04/26/2009,CVG,KY,ASO,CE,Combined TRACON& Tower with Radar,195,434,1,0,630,0,4,4,0,8,195,438,5,0,638,0,0,0,638
04/27/2009,CVG,KY,ASO,CE,Combined TRACON& Tower with Radar,197,452,8,0,657,0,0,3,0,3,197,452,11,0,660,0,0,0,660
04/28/2009,CVG,KY,ASO,CE,Combined TRACON& Tower with Radar,190,434,16,0,640,0,0,2,0,2,190,434,18,0,642,0,0,0,642
04/29/2009,CVG,KY,ASO,CE,Combined TRACON& Tower with Radar,194,458,13,0,665,0,2,0,0,2,194,460,13,0,667,0,0,0,667
04/30/2009,CVG,KY,ASO,CE,Combined TRACON& Tower with Radar,201,454,14,0,669,0,0,1,0,1,201,454,15,0,670,0,0,0,670
05/01/2009,CVG,KY,ASO,CE,Combined TRACON& Tower with Radar,194,446,11,0,651,0,1,0,0,1,194,447,11,0,652,0,0,0,652
05/02/2009,CVG,KY,ASO,CE,Combined TRACON& Tower with Radar,139,311,7,0,457,0,3,3,0,6,139,314,10,0,463,0,0,0,463
05/03/2009,CVG,KY,ASO,CE,Combined TRACON& Tower with Radar,199,435,6,0,640,0,0,0,2,2,199,435,6,2,642,0,0,0,642
05/04/2009,CVG,KY,ASO,CE,Combined TRACON& Tower with Radar,190,441,2,0,633,0,0,0,0,0,190,441,2,0,633,0,0,0,633
05/05/2009,CVG,KY,ASO,CE,Combined TRACON& Tower with Radar,178,414,10,0,602,0,0,5,2,7,178,414,15,2,609,0,0,0,609
05/06/2009,CVG,KY,ASO,CE,Combined TRACON& Tower with Radar,179,458,13,0,650,0,0,1,0,1,179,458,14,0,651,0,0,0,651
05/07/2009,CVG,KY,ASO,CE,Combined TRACON& Tower with Radar,191,457,9,0,657,0,1,2,0,3,191,458,11,0,660,0,0,0,660
05/08/2009,CVG,KY,ASO,CE,Combined TRACON& Tower with Radar,192,456,10,0,658,0,1,0,0,1,192,457,10,0,659,0,0,0,659
05/09/2009,CVG,KY,ASO,CE,Combined TRACON& Tower with Radar,142,315,8,0,465,0,2,3,0,5,142,317,11,0,470,0,0,0,470
05/10/2009,CVG,KY,ASO,CE,Combined TRACON& Tower with Radar,176,452,2,0,630,0,0,1,0,1,176,452,3,0,631,0,0,0,631
05/11/2009,CVG,KY,ASO,CE,Combined TRACON& Tower with Radar,185,450,6,0,641,0,0,0,0,0,185,450,6,0,641,0,0,0,641
05/12/2009,CVG,KY,ASO,CE,Combined TRACON& Tower with Radar,177,428,12,2,619,0,0,15,0,15,177,428,27,2,634,0,0,0,634
05/13/2009,CVG,KY,ASO,CE,Combined TRACON& Tower with Radar,184,454,12,0,650,0,1,0,0,1,184,455,12,0,651,0,0,0,651
05/14/2009,CVG,KY,ASO,CE,Combined TRACON& Tower with Radar,184,436,14,2,636,0,0,0,0,0,184,436,14,2,636,0,0,0,636
05/15/2009,CVG,KY,ASO,CE,Combined TRACON& Tower with Radar,186,450,13,0,649,0,0,0,0,0,186,450,13,0,649,0,0,0,649
05/16/2009,CVG,KY,ASO,CE,Combined TRACON& Tower with Radar,145,312,4,0,461,0,2,0,0,2,145,314,4,0,463,0,0,0,463
05/17/2009,CVG,KY,ASO,CE,Combined TRACON& Tower with Radar,181,456,12,0,649,0,4,1,0,5,181,460,13,0,654,0,0,0,654
05/18/2009,CVG,KY,ASO,CE,Combined TRACON& Tower with Radar,177,451,9,0,637,0,0,2,0,2,177,451,11,0,639,0,0,0,639
05/19/2009,CVG,KY,ASO,CE,Combined TRACON& Tower with Radar,178,427,6,0,611,0,3,4,0,7,178,430,10,0,618,0,0,0,618
05/20/2009,CVG,KY,ASO,CE,Combined TRACON& Tower with Radar,185,454,19,0,658,0,2,7,0,9,185,456,26,0,667,0,0,0,667
05/21/2009,CVG,KY,ASO,CE,Combined TRACON& Tower with Radar,188,459,13,0,660,0,2,11,2,15,188,461,24,2,675,0,0,0,675
05/22/2009,CVG,KY,ASO,CE,Combined TRACON& Tower with Radar,187,459,12,1,659,0,3,1,0,4,187,462,13,1,663,0,0,0,663
05/23/2009,CVG,KY,ASO,CE,Combined TRACON& Tower with Radar,143,314,6,1,464,0,1,0,0,1,143,315,6,1,465,0,0,0,465
05/24/2009,CVG,KY,ASO,CE,Combined TRACON& Tower with Radar,145,315,1,0,461,0,5,0,0,5,145,320,1,0,466,0,0,0,466
05/25/2009,CVG,KY,ASO,CE,Combined TRACON& Tower with Radar,171,458,2,1,632,0,0,0,0,0,171,458,2,1,632,0,0,0,632
05/26/2009,CVG,KY,ASO,CE,Combined TRACON& Tower with Radar,177,425,4,0,606,0,2,2,0,4,177,427,6,0,610,0,0,0,610
05/27/2009,CVG,KY,ASO,CE,Combined TRACON& Tower with Radar,183,444,13,0,640,0,0,3,0,3,183,444,16,0,643,0,0,0,643
05/28/2009,CVG,KY,ASO,CE,Combined TRACON& Tower with Radar,185,449,15,0,649,0,1,0,0,1,185,450,15,0,650,0,0,0,650
05/29/2009,CVG,KY,ASO,CE,Combined TRACON& Tower with Radar,179,452,18,0,649,0,0,2,0,2,179,452,20,0,651,0,0,0,651
05/30/2009,CVG,KY,ASO,CE,Combined TRACON& Tower with Radar,143,312,4,0,459,0,0,4,0,4,143,312,8,0,463,0,0,0,463
05/31/2009,CVG,KY,ASO,CE,Combined TRACON& Tower with Radar,180,440,2,0,622,0,2,0,0,2,180,442,2,0,624,0,0,0,624
06/01/2009,CVG,KY,ASO,CE,Combined TRACON& Tower with Radar,184,455,9,0,648,0,0,0,0,0,184,455,9,0,648,0,0,0,648
06/02/2009,CVG,KY,ASO,CE,Combined TRACON& Tower with Radar,182,423,10,0,615,0,0,22,0,22,182,423,32,0,637,0,0,0,637
06/03/2009,CVG,KY,ASO,CE,Combined TRACON& Tower with Radar,193,451,7,0,651,0,0,0,0,0,193,451,7,0,651,0,0,0,651
06/04/2009,CVG,KY,ASO,CE,Combined TRACON& Tower with Radar,190,456,13,0,659,0,0,3,0,3,190,456,16,0,662,0,0,0,662
06/05/2009,CVG,KY,ASO,CE,Combined TRACON& Tower with Radar,190,447,7,1,645,0,0,1,0,1,190,447,8,1,646,0,0,0,646
06/06/2009,CVG,KY,ASO,CE,Combined TRACON& Tower with Radar,151,316,4,0,471,0,0,0,0,0,151,316,4,0,471,0,0,0,471
06/07/2009,CVG,KY,ASO,CE,Combined TRACON& Tower with Radar,180,433,4,0,617,0,0,0,0,0,180,433,4,0,617,0,0,0,617
06/08/2009,CVG,KY,ASO,CE,Combined TRACON& Tower with Radar,188,450,5,0,643,0,1,1,0,2,188,451,6,0,645,0,0,0,645
06/09/2009,CVG,KY,ASO,CE,Combined TRACON& Tower with Radar,184,427,14,0,625,0,2,4,0,6,184,429,18,0,631,0,0,0,631
06/10/2009,CVG,KY,ASO,CE,Combined TRACON& Tower with Radar,181,450,12,0,643,0,0,0,0,0,181,450,12,0,643,0,0,0,643
06/11/2009,CVG,KY,ASO,CE,Combined TRACON& Tower with Radar,182,445,20,0,647,0,1,2,0,3,182,446,22,0,650,0,0,0,650
06/12/2009,CVG,KY,ASO,CE,Combined TRACON& Tower with Radar,194,464,35,2,695,0,0,3,0,3,194,464,38,2,698,0,0,0,698
06/13/2009,CVG,KY,ASO,CE,Combined TRACON& Tower with Radar,153,316,25,0,494,0,2,13,0,15,153,318,38,0,509,0,0,0,509
06/14/2009,CVG,KY,ASO,CE,Combined TRACON& Tower with Radar,183,439,25,0,647,0,0,2,0,2,183,439,27,0,649,0,0,0,649
06/15/2009,CVG,KY,ASO,CE,Combined TRACON& Tower with Radar,185,440,18,0,643,0,0,0,0,0,185,440,18,0,643,0,0,0,643
06/16/2009,CVG,KY,ASO,CE,Combined TRACON& Tower with Radar,185,445,6,1,637,0,0,2,0,2,185,445,8,1,639,0,0,0,639
06/17/2009,CVG,KY,ASO,CE,Combined TRACON& Tower with Radar,180,447,7,0,634,0,0,1,0,1,180,447,8,0,635,0,0,0,635
06/18/2009,CVG,KY,ASO,CE,Combined TRACON& Tower with Radar,190,443,12,1,646,0,0,2,0,2,190,443,14,1,648,0,0,0,648
06/19/2009,CVG,KY,ASO,CE,Combined TRACON& Tower with Radar,180,444,8,0,632,0,0,1,0,1,180,444,9,0,633,0,0,0,633
06/20/2009,CVG,KY,ASO,CE,Combined TRACON& Tower with Radar,160,319,7,2,488,0,0,0,0,0,160,319,7,2,488,0,0,0,488
06/21/2009,CVG,KY,ASO,CE,Combined TRACON& Tower with Radar,182,441,13,0,636,0,3,1,0,4,182,444,14,0,640,0,0,0,640
06/22/2009,CVG,KY,ASO,CE,Combined TRACON& Tower with Radar,189,449,14,2,654,0,2,1,0,3,189,451,15,2,657,0,0,0,657
06/23/2009,CVG,KY,ASO,CE,Combined TRACON& Tower with Radar,183,451,11,0,645,0,3,0,0,3,183,454,11,0,648,0,0,0,648
06/24/2009,CVG,KY,ASO,CE,Combined TRACON& Tower with Radar,182,450,14,2,648,0,2,7,2,11,182,452,21,4,659,0,0,0,659
06/25/2009,CVG,KY,ASO,CE,Combined TRACON& Tower with Radar,189,431,15,0,635,0,0,2,0,2,189,431,17,0,637,0,0,0,637
06/26/2009,CVG,KY,ASO,CE,Combined TRACON& Tower with Radar,180,443,7,0,630,0,10,16,0,26,180,453,23,0,656,0,0,0,656
06/27/2009,CVG,KY,ASO,CE,Combined TRACON& Tower with Radar,155,321,6,0,482,0,3,6,0,9,155,324,12,0,491,0,0,0,491
06/28/2009,CVG,KY,ASO,CE,Combined TRACON& Tower with Radar,176,445,13,0,634,0,0,0,0,0,176,445,13,0,634,0,0,0,634
06/29/2009,CVG,KY,ASO,CE,Combined TRACON& Tower with Radar,186,452,8,0,646,0,1,4,0,5,186,453,12,0,651,0,0,0,651
06/30/2009,CVG,KY,ASO,CE,Combined TRACON& Tower with Radar,172,474,12,0,658,0,14,4,0,18,172,488,16,0,676,0,0,0,676
07/01/2009,CVG,KY,ASO,CE,Combined TRACON& Tower with Radar,185,432,10,0,627,0,36,2,0,38,185,468,12,0,665,0,0,0,665
07/02/2009,CVG,KY,ASO,CE,Combined TRACON& Tower with Radar,196,437,11,0,644,0,25,3,0,28,196,462,14,0,672,0,0,0,672
07/03/2009,CVG,KY,ASO,CE,Combined TRACON& Tower with Radar,185,423,7,0,615,0,2,2,0,4,185,425,9,0,619,0,0,0,619
07/04/2009,CVG,KY,ASO,CE,Combined TRACON& Tower with Radar,147,316,3,0,466,0,0,0,0,0,147,316,3,0,466,0,0,0,466
07/05/2009,CVG,KY,ASO,CE,Combined TRACON& Tower with Radar,187,431,7,0,625,0,0,1,0,1,187,431,8,0,626,0,0,0,626
07/06/2009,CVG,KY,ASO,CE,Combined TRACON& Tower with Radar,194,439,20,0,653,0,0,7,0,7,194,439,27,0,660,0,0,0,660
07/07/2009,CVG,KY,ASO,CE,Combined TRACON& Tower with Radar,188,426,12,0,626,0,2,8,0,10,188,428,20,0,636,0,0,0,636
07/08/2009,CVG,KY,ASO,CE,Combined TRACON& Tower with Radar,189,445,12,1,647,0,1,0,0,1,189,446,12,1,648,0,0,0,648
07/09/2009,CVG,KY,ASO,CE,Combined TRACON& Tower with Radar,198,438,12,5,653,0,0,8,0,8,198,438,20,5,661,0,0,0,661
07/10/2009,CVG,KY,ASO,CE,Combined TRACON& Tower with Radar,189,445,5,0,639,0,0,4,0,4,189,445,9,0,643,0,0,0,643
07/11/2009,CVG,KY,ASO,CE,Combined TRACON& Tower with Radar,177,325,2,4,508,0,0,0,0,0,177,325,2,4,508,0,0,0,508
07/12/2009,CVG,KY,ASO,CE,Combined TRACON& Tower with Radar,217,435,10,2,664,0,0,1,0,1,217,435,11,2,665,0,0,0,665
07/13/2009,CVG,KY,ASO,CE,Combined TRACON& Tower with Radar,199,443,9,0,651,0,0,2,0,2,199,443,11,0,653,0,0,0,653
07/14/2009,CVG,KY,ASO,CE,Combined TRACON& Tower with Radar,189,436,5,0,630,0,0,5,0,5,189,436,10,0,635,0,0,0,635
07/15/2009,CVG,KY,ASO,CE,Combined TRACON& Tower with Radar,195,440,21,0,656,0,0,0,0,0,195,440,21,0,656,0,0,0,656
07/16/2009,CVG,KY,ASO,CE,Combined TRACON& Tower with Radar,190,436,14,0,640,0,0,6,0,6,190,436,20,0,646,0,0,0,646
07/17/2009,CVG,KY,ASO,CE,Combined TRACON& Tower with Radar,197,428,12,1,638,0,0,1,0,1,197,428,13,1,639,0,0,0,639
07/18/2009,CVG,KY,ASO,CE,Combined TRACON& Tower with Radar,168,325,8,1,502,0,4,1,0,5,168,329,9,1,507,0,0,0,507
07/19/2009,CVG,KY,ASO,CE,Combined TRACON& Tower with Radar,214,439,19,0,672,0,0,0,0,0,214,439,19,0,672,0,0,0,672
07/20/2009,CVG,KY,ASO,CE,Combined TRACON& Tower with Radar,193,451,13,0,657,0,5,0,0,5,193,456,13,0,662,0,0,0,662
07/21/2009,CVG,KY,ASO,CE,Combined TRACON& Tower with Radar,190,438,5,0,633,0,1,0,0,1,190,439,5,0,634,0,0,0,634
07/22/2009,CVG,KY,ASO,CE,Combined TRACON& Tower with Radar,187,453,17,0,657,0,0,0,0,0,187,453,17,0,657,0,0,0,657
07/23/2009,CVG,KY,ASO,CE,Combined TRACON& Tower with Radar,213,439,8,2,662,0,0,0,0,0,213,439,8,2,662,0,0,0,662
07/24/2009,CVG,KY,ASO,CE,Combined TRACON& Tower with Radar,201,445,17,0,663,0,2,1,0,3,201,447,18,0,666,0,0,0,666
07/25/2009,CVG,KY,ASO,CE,Combined TRACON& Tower with Radar,185,324,4,0,513,0,0,0,0,0,185,324,4,0,513,0,0,0,513
07/26/2009,CVG,KY,ASO,CE,Combined TRACON& Tower with Radar,207,424,4,0,635,0,0,2,0,2,207,424,6,0,637,0,0,0,637
07/27/2009,CVG,KY,ASO,CE,Combined TRACON& Tower with Radar,211,436,6,0,653,0,2,4,0,6,211,438,10,0,659,0,0,0,659
07/28/2009,CVG,KY,ASO,CE,Combined TRACON& Tower with Radar,261,464,21,0,746,0,1,9,0,10,261,465,30,0,756,0,0,0,756
07/29/2009,CVG,KY,ASO,CE,Combined TRACON& Tower with Radar,248,436,12,0,696,0,0,1,0,1,248,436,13,0,697,0,0,0,697
07/30/2009,CVG,KY,ASO,CE,Combined TRACON& Tower with Radar,265,445,14,1,725,0,1,0,0,1,265,446,14,1,726,0,0,0,726
07/31/2009,CVG,KY,ASO,CE,Combined TRACON& Tower with Radar,241,434,12,0,687,0,4,3,0,7,241,438,15,0,694,0,0,0,694
08/01/2009,CVG,KY,ASO,CE,Combined TRACON& Tower with Radar,187,330,13,0,530,0,2,2,0,4,187,332,15,0,534,0,0,0,534
08/02/2009,CVG,KY,ASO,CE,Combined TRACON& Tower with Radar,207,432,13,0,652,0,0,2,0,2,207,432,15,0,654,0,0,0,654
08/03/2009,CVG,KY,ASO,CE,Combined TRACON& Tower with Radar,186,443,4,0,633,0,2,0,0,2,186,445,4,0,635,0,0,0,635
08/04/2009,CVG,KY,ASO,CE,Combined TRACON& Tower with Radar,241,434,4,0,679,0,0,2,0,2,241,434,6,0,681,0,0,0,681
08/05/2009,CVG,KY,ASO,CE,Combined TRACON& Tower with Radar,242,459,16,1,718,0,1,1,0,2,242,460,17,1,720,0,0,0,720
08/06/2009,CVG,KY,ASO,CE,Combined TRACON& Tower with Radar,251,472,14,0,737,0,0,9,0,9,251,472,23,0,746,0,0,0,746
08/07/2009,CVG,KY,ASO,CE,Combined TRACON& Tower with Radar,254,453,14,0,721,0,0,4,0,4,254,453,18,0,725,0,0,0,725
08/08/2009,CVG,KY,ASO,CE,Combined TRACON& Tower with Radar,188,328,8,0,524,0,0,2,0,2,188,328,10,0,526,0,0,0,526
08/09/2009,CVG,KY,ASO,CE,Combined TRACON& Tower with Radar,207,432,6,0,645,0,0,0,0,0,207,432,6,0,645,0,0,0,645
08/10/2009,CVG,KY,ASO,CE,Combined TRACON& Tower with Radar,202,437,11,0,650,0,2,2,0,4,202,439,13,0,654,0,0,0,654
08/11/2009,CVG,KY,ASO,CE,Combined TRACON& Tower with Radar,240,445,21,0,706,0,0,7,0,7,240,445,28,0,713,0,0,0,713
08/12/2009,CVG,KY,ASO,CE,Combined TRACON& Tower with Radar,245,479,10,0,734,0,0,10,0,10,245,479,20,0,744,0,0,0,744
08/13/2009,CVG,KY,ASO,CE,Combined TRACON& Tower with Radar,264,459,20,0,743,0,3,4,0,7,264,462,24,0,750,0,0,0,750
08/14/2009,CVG,KY,ASO,CE,Combined TRACON& Tower with Radar,255,453,14,0,722,0,0,2,0,2,255,453,16,0,724,0,0,0,724
08/15/2009,CVG,KY,ASO,CE,Combined TRACON& Tower with Radar,205,328,4,0,537,0,1,2,0,3,205,329,6,0,540,0,0,0,540
08/16/2009,CVG,KY,ASO,CE,Combined TRACON& Tower with Radar,211,433,1,0,645,0,0,1,0,1,211,433,2,0,646,0,0,0,646
08/17/2009,CVG,KY,ASO,CE,Combined TRACON& Tower with Radar,184,451,10,0,645,0,0,3,0,3,184,451,13,0,648,0,0,0,648
08/18/2009,CVG,KY,ASO,CE,Combined TRACON& Tower with Radar,233,401,12,0,646,0,11,1,0,12,233,412,13,0,658,0,0,0,658
08/19/2009,CVG,KY,ASO,CE,Combined TRACON& Tower with Radar,226,417,7,0,650,0,0,0,0,0,226,417,7,0,650,0,0,0,650
08/20/2009,CVG,KY,ASO,CE,Combined TRACON& Tower with Radar,235,419,16,0,670,0,2,0,0,2,235,421,16,0,672,0,0,0,672
08/21/2009,CVG,KY,ASO,CE,Combined TRACON& Tower with Radar,227,398,6,0,631,0,0,4,0,4,227,398,10,0,635,0,0,0,635
08/22/2009,CVG,KY,ASO,CE,Combined TRACON& Tower with Radar,181,270,6,0,457,0,0,0,0,0,181,270,6,0,457,0,0,0,457
08/23/2009,CVG,KY,ASO,CE,Combined TRACON& Tower with Radar,189,393,1,0,583,0,2,2,0,4,189,395,3,0,587,0,0,0,587
08/24/2009,CVG,KY,ASO,CE,Combined TRACON& Tower with Radar,170,420,8,0,598,0,2,0,0,2,170,422,8,0,600,0,0,0,600
08/25/2009,CVG,KY,ASO,CE,Combined TRACON& Tower with Radar,224,404,16,0,644,0,2,4,0,6,224,406,20,0,650,0,0,0,650
08/26/2009,CVG,KY,ASO,CE,Combined TRACON& Tower with Radar,231,426,23,2,682,0,2,8,0,10,231,428,31,2,692,0,0,0,692
08/27/2009,CVG,KY,ASO,CE,Combined TRACON& Tower with Radar,240,423,16,0,679,0,0,0,0,0,240,423,16,0,679,0,0,0,679
08/28/2009,CVG,KY,ASO,CE,Combined TRACON& Tower with Radar,238,419,8,0,665,0,0,4,0,4,238,419,12,0,669,0,0,0,669
08/29/2009,CVG,KY,ASO,CE,Combined TRACON& Tower with Radar,174,270,1,2,447,0,3,2,0,5,174,273,3,2,452,0,0,0,452
08/30/2009,CVG,KY,ASO,CE,Combined TRACON& Tower with Radar,191,397,10,0,598,0,1,2,0,3,191,398,12,0,601,0,0,0,601
08/31/2009,CVG,KY,ASO,CE,Combined TRACON& Tower with Radar,165,400,3,0,568,0,0,2,0,2,165,400,5,0,570,0,0,0,570
09/01/2009,CVG,KY,ASO,CE,Combined TRACON& Tower with Radar,208,369,1,0,578,0,0,4,0,4,208,369,5,0,582,0,0,0,582
09/02/2009,CVG,KY,ASO,CE,Combined TRACON& Tower with Radar,203,401,16,0,620,0,1,14,0,15,203,402,30,0,635,0,0,0,635
09/03/2009,CVG,KY,ASO,CE,Combined TRACON& Tower with Radar,207,397,14,0,618,0,1,6,0,7,207,398,20,0,625,0,0,0,625
09/04/2009,CVG,KY,ASO,CE,Combined TRACON& Tower with Radar,216,406,10,2,634,0,2,8,2,12,216,408,18,4,646,0,0,0,646
09/05/2009,CVG,KY,ASO,CE,Combined TRACON& Tower with Radar,171,253,10,0,434,0,2,3,0,5,171,255,13,0,439,0,0,0,439
09/06/2009,CVG,KY,ASO,CE,Combined TRACON& Tower with Radar,119,251,1,2,373,0,0,2,0,2,119,251,3,2,375,0,0,0,375
09/07/2009,CVG,KY,ASO,CE,Combined TRACON& Tower with Radar,144,390,6,2,542,0,0,4,0,4,144,390,10,2,546,0,0,0,546
09/08/2009,CVG,KY,ASO,CE,Combined TRACON& Tower with Radar,175,418,13,8,614,0,3,0,0,3,175,421,13,8,617,0,0,0,617
09/09/2009,CVG,KY,ASO,CE,Combined TRACON& Tower with Radar,192,414,14,0,620,0,3,0,0,3,192,417,14,0,623,0,0,0,623
09/10/2009,CVG,KY,ASO,CE,Combined TRACON& Tower with Radar,202,407,21,0,630,0,3,5,0,8,202,410,26,0,638,0,0,0,638
09/11/2009,CVG,KY,ASO,CE,Combined TRACON& Tower with Radar,205,404,19,0,628,0,0,0,2,2,205,404,19,2,630,0,0,0,630
09/12/2009,CVG,KY,ASO,CE,Combined TRACON& Tower with Radar,168,255,5,0,428,0,0,0,2,2,168,255,5,2,430,0,0,0,430
09/13/2009,CVG,KY,ASO,CE,Combined TRACON& Tower with Radar,167,392,11,0,570,0,2,4,0,6,167,394,15,0,576,0,0,0,576
09/14/2009,CVG,KY,ASO,CE,Combined TRACON& Tower with Radar,149,399,7,0,555,0,0,7,0,7,149,399,14,0,562,0,0,0,562
09/15/2009,CVG,KY,ASO,CE,Combined TRACON& Tower with Radar,200,384,18,0,602,0,0,1,0,1,200,384,19,0,603,0,0,0,603
09/16/2009,CVG,KY,ASO,CE,Combined TRACON& Tower with Radar,202,400,16,0,618,0,2,5,0,7,202,402,21,0,625,0,0,0,625
09/17/2009,CVG,KY,ASO,CE,Combined TRACON& Tower with Radar,211,402,20,0,633,0,0,6,0,6,211,402,26,0,639,0,0,0,639
09/18/2009,CVG,KY,ASO,CE,Combined TRACON& Tower with Radar,207,398,6,0,611,0,0,3,0,3,207,398,9,0,614,0,0,0,614
09/19/2009,CVG,KY,ASO,CE,Combined TRACON& Tower with Radar,165,248,2,0,415,0,0,7,0,7,165,248,9,0,422,0,0,0,422
09/20/2009,CVG,KY,ASO,CE,Combined TRACON& Tower with Radar,171,385,8,0,564,0,0,0,0,0,171,385,8,0,564,0,0,0,564
09/21/2009,CVG,KY,ASO,CE,Combined TRACON& Tower with Radar,152,397,7,2,558,0,0,0,0,0,152,397,7,2,558,0,0,0,558
09/22/2009,CVG,KY,ASO,CE,Combined TRACON& Tower with Radar,197,389,8,0,594,0,1,2,0,3,197,390,10,0,597,0,0,0,597
09/23/2009,CVG,KY,ASO,CE,Combined TRACON& Tower with Radar,200,408,6,0,614,0,0,0,0,0,200,408,6,0,614,0,0,0,614
09/24/2009,CVG,KY,ASO,CE,Combined TRACON& Tower with Radar,209,410,13,0,632,0,0,0,0,0,209,410,13,0,632,0,0,0,632
09/25/2009,CVG,KY,ASO,CE,Combined TRACON& Tower with Radar,211,405,12,0,628,0,0,0,0,0,211,405,12,0,628,0,0,0,628
09/26/2009,CVG,KY,ASO,CE,Combined TRACON& Tower with Radar,168,256,6,2,432,0,0,0,0,0,168,256,6,2,432,0,0,0,432
09/27/2009,CVG,KY,ASO,CE,Combined TRACON& Tower with Radar,166,387,3,0,556,0,0,0,0,0,166,387,3,0,556,0,0,0,556
09/28/2009,CVG,KY,ASO,CE,Combined TRACON& Tower with Radar,151,402,9,0,562,0,0,4,0,4,151,402,13,0,566,0,0,0,566
09/29/2009,CVG,KY,ASO,CE,Combined TRACON& Tower with Radar,198,397,12,0,607,0,2,2,0,4,198,399,14,0,611,0,0,0,611
09/30/2009,CVG,KY,ASO,CE,Combined TRACON& Tower with Radar,206,402,20,0,628,0,2,6,0,8,206,404,26,0,636,0,0,0,636
10/01/2009,CVG,KY,ASO,CE,Combined TRACON& Tower with Radar,208,432,12,0,652,0,0,8,0,8,208,432,20,0,660,0,0,0,660
10/02/2009,CVG,KY,ASO,CE,Combined TRACON& Tower with Radar,208,412,20,0,640,0,0,0,0,0,208,412,20,0,640,0,0,0,640
10/03/2009,CVG,KY,ASO,CE,Combined TRACON& Tower with Radar,161,257,5,0,423,0,3,10,2,15,161,260,15,2,438,0,0,0,438
10/04/2009,CVG,KY,ASO,CE,Combined TRACON& Tower with Radar,166,387,6,1,560,0,0,1,0,1,166,387,7,1,561,0,0,0,561
10/05/2009,CVG,KY,ASO,CE,Combined TRACON& Tower with Radar,178,416,12,0,606,0,0,2,0,2,178,416,14,0,608,0,0,0,608
10/06/2009,CVG,KY,ASO,CE,Combined TRACON& Tower with Radar,212,395,8,0,615,0,2,2,0,4,212,397,10,0,619,0,0,0,619
10/07/2009,CVG,KY,ASO,CE,Combined TRACON& Tower with Radar,218,411,9,0,638,0,0,3,0,3,218,411,12,0,641,0,0,0,641
10/08/2009,CVG,KY,ASO,CE,Combined TRACON& Tower with Radar,203,414,15,1,633,0,0,4,0,4,203,414,19,1,637,0,0,0,637
10/09/2009,CVG,KY,ASO,CE,Combined TRACON& Tower with Radar,208,412,8,0,628,0,0,0,2,2,208,412,8,2,630,0,0,0,630
10/10/2009,CVG,KY,ASO,CE,Combined TRACON& Tower with Radar,152,267,7,0,426,0,1,0,0,1,152,268,7,0,427,0,0,0,427
10/11/2009,CVG,KY,ASO,CE,Combined TRACON& Tower with Radar,158,384,2,0,544,0,2,3,0,5,158,386,5,0,549,0,0,0,549
10/12/2009,CVG,KY,ASO,CE,Combined TRACON& Tower with Radar,147,396,6,0,549,0,0,0,0,0,147,396,6,0,549,0,0,0,549
10/13/2009,CVG,KY,ASO,CE,Combined TRACON& Tower with Radar,198,399,16,0,613,0,0,5,0,5,198,399,21,0,618,0,0,0,618
10/14/2009,CVG,KY,ASO,CE,Combined TRACON& Tower with Radar,198,399,15,0,612,0,1,0,0,1,198,400,15,0,613,0,0,0,613
10/15/2009,CVG,KY,ASO,CE,Combined TRACON& Tower with Radar,207,404,12,1,624,0,0,0,0,0,207,404,12,1,624,0,0,0,624
10/16/2009,CVG,KY,ASO,CE,Combined TRACON& Tower with Radar,218,405,13,2,638,0,2,2,6,10,218,407,15,8,648,0,0,0,648
10/17/2009,CVG,KY,ASO,CE,Combined TRACON& Tower with Radar,169,262,0,0,431,0,0,0,0,0,169,262,0,0,431,0,0,0,431
10/18/2009,CVG,KY,ASO,CE,Combined TRACON& Tower with Radar,159,389,8,0,556,0,4,2,0,6,159,393,10,0,562,0,0,0,562
10/19/2009,CVG,KY,ASO,CE,Combined TRACON& Tower with Radar,146,410,17,0,573,0,2,5,2,9,146,412,22,2,582,0,0,0,582
10/20/2009,CVG,KY,ASO,CE,Combined TRACON& Tower with Radar,202,404,22,0,628,0,0,4,0,4,202,404,26,0,632,0,0,0,632
10/21/2009,CVG,KY,ASO,CE,Combined TRACON& Tower with Radar,200,410,22,0,632,0,8,25,0,33,200,418,47,0,665,0,0,0,665
10/22/2009,CVG,KY,ASO,CE,Combined TRACON& Tower with Radar,200,399,25,0,624,0,5,8,0,13,200,404,33,0,637,0,0,0,637
10/23/2009,CVG,KY,ASO,CE,Combined TRACON& Tower with Radar,218,409,8,1,636,0,0,0,0,0,218,409,8,1,636,0,0,0,636
10/24/2009,CVG,KY,ASO,CE,Combined TRACON& Tower with Radar,165,256,2,0,423,0,0,3,0,3,165,256,5,0,426,0,0,0,426
10/25/2009,CVG,KY,ASO,CE,Combined TRACON& Tower with Radar,162,388,7,0,557,0,4,0,0,4,162,392,7,0,561,0,0,0,561
10/26/2009,CVG,KY,ASO,CE,Combined TRACON& Tower with Radar,152,408,15,0,575,0,2,4,0,6,152,410,19,0,581,0,0,0,581
10/27/2009,CVG,KY,ASO,CE,Combined TRACON& Tower with Radar,205,386,12,0,603,0,2,1,0,3,205,388,13,0,606,0,0,0,606
10/28/2009,CVG,KY,ASO,CE,Combined TRACON& Tower with Radar,200,398,16,0,614,0,2,2,0,4,200,400,18,0,618,0,0,0,618
10/29/2009,CVG,KY,ASO,CE,Combined TRACON& Tower with Radar,211,403,10,0,624,0,0,3,0,3,211,403,13,0,627,0,0,0,627
10/30/2009,CVG,KY,ASO,CE,Combined TRACON& Tower with Radar,205,404,0,0,609,0,0,2,0,2,205,404,2,0,611,0,0,0,611
10/31/2009,CVG,KY,ASO,CE,Combined TRACON& Tower with Radar,164,259,6,0,429,0,0,0,0,0,164,259,6,0,429,0,0,0,429
11/01/2009,CVG,KY,ASO,CE,Combined TRACON& Tower with Radar,174,378,2,0,554,0,4,5,0,9,174,382,7,0,563,0,0,0,563
11/02/2009,CVG,KY,ASO,CE,Combined TRACON& Tower with Radar,153,405,10,0,568,0,0,4,0,4,153,405,14,0,572,0,0,0,572
11/03/2009,CVG,KY,ASO,CE,Combined TRACON& Tower with Radar,207,394,8,0,609,0,0,9,0,9,207,394,17,0,618,0,0,0,618
11/04/2009,CVG,KY,ASO,CE,Combined TRACON& Tower with Radar,210,399,17,0,626,0,5,5,0,10,210,404,22,0,636,0,0,0,636
11/05/2009,CVG,KY,ASO,CE,Combined TRACON& Tower with Radar,211,402,19,0,632,3,1,1,4,9,214,403,20,4,641,0,0,0,641
11/06/2009,CVG,KY,ASO,CE,Combined TRACON& Tower with Radar,208,412,13,0,633,0,0,3,0,3,208,412,16,0,636,0,0,0,636
11/07/2009,CVG,KY,ASO,CE,Combined TRACON& Tower with Radar,176,256,3,0,435,0,0,1,0,1,176,256,4,0,436,0,0,0,436
11/08/2009,CVG,KY,ASO,CE,Combined TRACON& Tower with Radar,171,382,7,0,560,0,3,3,0,6,171,385,10,0,566,0,0,0,566
11/09/2009,CVG,KY,ASO,CE,Combined TRACON& Tower with Radar,147,409,6,0,562,0,0,4,0,4,147,409,10,0,566,0,0,0,566
11/10/2009,CVG,KY,ASO,CE,Combined TRACON& Tower with Radar,201,392,14,0,607,0,3,2,0,5,201,395,16,0,612,0,0,0,612
11/11/2009,CVG,KY,ASO,CE,Combined TRACON& Tower with Radar,203,404,4,0,611,0,0,2,0,2,203,404,6,0,613,0,0,0,613
11/12/2009,CVG,KY,ASO,CE,Combined TRACON& Tower with Radar,207,396,14,0,617,0,3,1,0,4,207,399,15,0,621,0,0,0,621
11/13/2009,CVG,KY,ASO,CE,Combined TRACON& Tower with Radar,211,400,15,0,626,0,2,8,0,10,211,402,23,0,636,0,0,0,636
11/14/2009,CVG,KY,ASO,CE,Combined TRACON& Tower with Radar,170,257,8,1,436,0,4,1,0,5,170,261,9,1,441,0,0,0,441
11/15/2009,CVG,KY,ASO,CE,Combined TRACON& Tower with Radar,166,378,8,0,552,0,5,1,0,6,166,383,9,0,558,0,0,0,558
11/16/2009,CVG,KY,ASO,CE,Combined TRACON& Tower with Radar,153,398,12,1,564,0,0,3,0,3,153,398,15,1,567,0,0,0,567
11/17/2009,CVG,KY,ASO,CE,Combined TRACON& Tower with Radar,208,389,20,0,617,0,2,0,0,2,208,391,20,0,619,0,0,0,619
11/18/2009,CVG,KY,ASO,CE,Combined TRACON& Tower with Radar,202,399,23,0,624,0,0,4,0,4,202,399,27,0,628,0,0,0,628
11/19/2009,CVG,KY,ASO,CE,Combined TRACON& Tower with Radar,214,399,20,0,633,0,2,1,0,3,214,401,21,0,636,0,0,0,636
11/20/2009,CVG,KY,ASO,CE,Combined TRACON& Tower with Radar,219,403,17,0,639,0,0,0,0,0,219,403,17,0,639,0,0,0,639
11/21/2009,CVG,KY,ASO,CE,Combined TRACON& Tower with Radar,168,270,0,0,438,0,1,4,0,5,168,271,4,0,443,0,0,0,443
11/22/2009,CVG,KY,ASO,CE,Combined TRACON& Tower with Radar,169,384,4,0,557,0,0,2,0,2,169,384,6,0,559,0,0,0,559
11/23/2009,CVG,KY,ASO,CE,Combined TRACON& Tower with Radar,151,383,13,0,547,0,1,2,0,3,151,384,15,0,550,0,0,0,550
11/24/2009,CVG,KY,ASO,CE,Combined TRACON& Tower with Radar,215,402,10,0,627,0,2,2,0,4,215,404,12,0,631,0,0,0,631
11/25/2009,CVG,KY,ASO,CE,Combined TRACON& Tower with Radar,229,405,3,0,637,0,0,12,0,12,229,405,15,0,649,0,0,0,649
11/26/2009,CVG,KY,ASO,CE,Combined TRACON& Tower with Radar,136,199,2,0,337,0,3,2,0,5,136,202,4,0,342,0,0,0,342
11/27/2009,CVG,KY,ASO,CE,Combined TRACON& Tower with Radar,146,252,7,0,405,0,0,2,0,2,146,252,9,0,407,0,0,0,407
11/28/2009,CVG,KY,ASO,CE,Combined TRACON& Tower with Radar,182,366,2,0,550,0,0,4,0,4,182,366,6,0,554,0,0,0,554
11/29/2009,CVG,KY,ASO,CE,Combined TRACON& Tower with Radar,183,413,7,0,603,0,0,3,0,3,183,413,10,0,606,0,0,0,606
11/30/2009,CVG,KY,ASO,CE,Combined TRACON& Tower with Radar,153,414,6,0,573,0,0,6,0,6,153,414,12,0,579,0,0,0,579
12/01/2009,CVG,KY,ASO,CE,Combined TRACON& Tower with Radar,212,394,10,0,616,0,1,6,0,7,212,395,16,0,623,0,0,0,623
12/02/2009,CVG,KY,ASO,CE,Combined TRACON& Tower with Radar,200,407,8,0,615,0,0,0,0,0,200,407,8,0,615,0,0,0,615
12/03/2009,CVG,KY,ASO,CE,Combined TRACON& Tower with Radar,224,401,13,0,638,0,0,0,0,0,224,401,13,0,638,0,0,0,638
12/04/2009,CVG,KY,ASO,CE,Combined TRACON& Tower with Radar,214,407,12,1,634,0,0,3,2,5,214,407,15,3,639,0,0,0,639
12/05/2009,CVG,KY,ASO,CE,Combined TRACON& Tower with Radar,162,269,3,5,439,0,0,0,1,1,162,269,3,6,440,0,0,0,440
12/06/2009,CVG,KY,ASO,CE,Combined TRACON& Tower with Radar,174,376,12,3,565,0,0,2,1,3,174,376,14,4,568,0,0,0,568
12/07/2009,CVG,KY,ASO,CE,Combined TRACON& Tower with Radar,149,390,11,3,553,0,4,2,0,6,149,394,13,3,559,0,0,0,559
12/08/2009,CVG,KY,ASO,CE,Combined TRACON& Tower with Radar,209,378,11,3,601,0,0,1,0,1,209,378,12,3,602,0,0,0,602
12/09/2009,CVG,KY,ASO,CE,Combined TRACON& Tower with Radar,220,390,13,0,623,0,0,2,0,2,220,390,15,0,625,0,0,0,625
12/10/2009,CVG,KY,ASO,CE,Combined TRACON& Tower with Radar,219,402,8,2,631,0,2,0,0,2,219,404,8,2,633,0,0,0,633
12/11/2009,CVG,KY,ASO,CE,Combined TRACON& Tower with Radar,220,390,10,0,620,0,2,19,0,21,220,392,29,0,641,0,0,0,641
12/12/2009,CVG,KY,ASO,CE,Combined TRACON& Tower with Radar,149,252,9,0,410,0,0,2,0,2,149,252,11,0,412,0,0,0,412
12/13/2009,CVG,KY,ASO,CE,Combined TRACON& Tower with Radar,172,364,0,0,536,0,0,0,0,0,172,364,0,0,536,0,0,0,536
12/14/2009,CVG,KY,ASO,CE,Combined TRACON& Tower with Radar,152,396,3,0,551,0,1,0,0,1,152,397,3,0,552,0,0,0,552
12/15/2009,CVG,KY,ASO,CE,Combined TRACON& Tower with Radar,206,386,12,0,604,0,0,1,0,1,206,386,13,0,605,0,0,0,605
12/16/2009,CVG,KY,ASO,CE,Combined TRACON& Tower with Radar,211,396,19,0,626,0,2,5,2,9,211,398,24,2,635,0,0,0,635
12/17/2009,CVG,KY,ASO,CE,Combined TRACON& Tower with Radar,217,395,12,0,624,0,1,3,0,4,217,396,15,0,628,0,0,0,628
12/18/2009,CVG,KY,ASO,CE,Combined TRACON& Tower with Radar,224,385,10,0,619,0,0,3,0,3,224,385,13,0,622,0,0,0,622
12/19/2009,CVG,KY,ASO,CE,Combined TRACON& Tower with Radar,180,306,6,0,492,0,0,0,0,0,180,306,6,0,492,0,0,0,492
12/20/2009,CVG,KY,ASO,CE,Combined TRACON& Tower with Radar,171,332,6,0,509,0,0,0,0,0,171,332,6,0,509,0,0,0,509
12/21/2009,CVG,KY,ASO,CE,Combined TRACON& Tower with Radar,167,381,5,0,553,0,0,0,0,0,167,381,5,0,553,0,0,0,553
12/22/2009,CVG,KY,ASO,CE,Combined TRACON& Tower with Radar,237,371,12,2,622,0,2,2,0,4,237,373,14,2,626,0,0,0,626
12/23/2009,CVG,KY,ASO,CE,Combined TRACON& Tower with Radar,235,385,6,0,626,0,2,0,0,2,235,387,6,0,628,0,0,0,628
12/24/2009,CVG,KY,ASO,CE,Combined TRACON& Tower with Radar,196,268,4,0,468,0,0,2,0,2,196,268,6,0,470,0,0,0,470
12/25/2009,CVG,KY,ASO,CE,Combined TRACON& Tower with Radar,131,259,3,0,393,0,0,0,0,0,131,259,3,0,393,0,0,0,393
12/26/2009,CVG,KY,ASO,CE,Combined TRACON& Tower with Radar,159,339,8,0,506,0,3,0,0,3,159,342,8,0,509,0,0,0,509
12/27/2009,CVG,KY,ASO,CE,Combined TRACON& Tower with Radar,174,373,4,0,551,0,0,0,0,0,174,373,4,0,551,0,0,0,551
12/28/2009,CVG,KY,ASO,CE,Combined TRACON& Tower with Radar,154,382,2,0,538,0,0,0,0,0,154,382,2,0,538,0,0,0,538
12/29/2009,CVG,KY,ASO,CE,Combined TRACON& Tower with Radar,222,383,9,0,614,0,0,8,0,8,222,383,17,0,622,0,0,0,622
12/30/2009,CVG,KY,ASO,CE,Combined TRACON& Tower with Radar,227,383,7,0,617,0,0,1,0,1,227,383,8,0,618,0,0,0,618
12/31/2009,CVG,KY,ASO,CE,Combined TRACON& Tower with Radar,190,268,0,0,458,0,0,0,0,0,190,268,0,0,458,0,0,0,458
01/01/2010,CVG,KY,ASO,CE,Combined TRACON& Tower with Radar,150,259,0,0,409,0,0,0,0,0,150,259,0,0,409,0,0,0,409
01/02/2010,CVG,KY,ASO,CE,Combined TRACON& Tower with Radar,173,355,5,0,533,0,0,0,0,0,173,355,5,0,533,0,0,0,533
01/03/2010,CVG,KY,ASO,CE,Combined TRACON& Tower with Radar,176,381,0,0,557,0,0,0,0,0,176,381,0,0,557,0,0,0,557
01/04/2010,CVG,KY,ASO,CE,Combined TRACON& Tower with Radar,169,380,3,0,552,0,0,0,0,0,169,380,3,0,552,0,0,0,552
01/05/2010,CVG,KY,ASO,CE,Combined TRACON& Tower with Radar,196,343,6,0,545,0,0,2,0,2,196,343,8,0,547,0,0,0,547
01/06/2010,CVG,KY,ASO,CE,Combined TRACON& Tower with Radar,188,358,17,0,563,0,0,0,0,0,188,358,17,0,563,0,0,0,563
01/07/2010,CVG,KY,ASO,CE,Combined TRACON& Tower with Radar,183,319,6,0,508,0,0,0,0,0,183,319,6,0,508,0,0,0,508
01/08/2010,CVG,KY,ASO,CE,Combined TRACON& Tower with Radar,200,352,5,0,557,0,0,0,0,0,200,352,5,0,557,0,0,0,557
01/09/2010,CVG,KY,ASO,CE,Combined TRACON& Tower with Radar,155,225,7,0,387,0,0,2,0,2,155,225,9,0,389,0,0,0,389
01/10/2010,CVG,KY,ASO,CE,Combined TRACON& Tower with Radar,160,338,2,0,500,0,0,0,0,0,160,338,2,0,500,0,0,0,500
01/11/2010,CVG,KY,ASO,CE,Combined TRACON& Tower with Radar,137,353,6,0,496,0,0,0,0,0,137,353,6,0,496,0,0,0,496
01/12/2010,CVG,KY,ASO,CE,Combined TRACON& Tower with Radar,195,351,7,0,553,0,0,4,0,4,195,351,11,0,557,0,0,0,557
01/13/2010,CVG,KY,ASO,CE,Combined TRACON& Tower with Radar,193,348,13,0,554,0,10,6,0,16,193,358,19,0,570,0,0,0,570
01/14/2010,CVG,KY,ASO,CE,Combined TRACON& Tower with Radar,205,354,7,0,566,0,6,5,0,11,205,360,12,0,577,0,0,0,577
01/15/2010,CVG,KY,ASO,CE,Combined TRACON& Tower with Radar,196,353,2,0,551,0,1,1,0,2,196,354,3,0,553,0,0,0,553
01/16/2010,CVG,KY,ASO,CE,Combined TRACON& Tower with Radar,183,216,2,0,401,0,0,0,0,0,183,216,2,0,401,0,0,0,401
01/17/2010,CVG,KY,ASO,CE,Combined TRACON& Tower with Radar,168,283,8,0,459,0,0,0,0,0,168,283,8,0,459,0,0,0,459
01/18/2010,CVG,KY,ASO,CE,Combined TRACON& Tower with Radar,136,336,9,0,481,0,0,0,0,0,136,336,9,0,481,0,0,0,481
01/19/2010,CVG,KY,ASO,CE,Combined TRACON& Tower with Radar,187,354,10,0,551,0,0,0,0,0,187,354,10,0,551,0,0,0,551
01/20/2010,CVG,KY,ASO,CE,Combined TRACON& Tower with Radar,191,359,8,0,558,0,0,0,0,0,191,359,8,0,558,0,0,0,558
01/21/2010,CVG,KY,ASO,CE,Combined TRACON& Tower with Radar,194,358,11,0,563,0,0,0,0,0,194,358,11,0,563,0,0,0,563
01/22/2010,CVG,KY,ASO,CE,Combined TRACON& Tower with Radar,210,353,5,0,568,0,0,0,0,0,210,353,5,0,568,0,0,0,568
01/23/2010,CVG,KY,ASO,CE,Combined TRACON& Tower with Radar,147,226,3,0,376,0,0,0,0,0,147,226,3,0,376,0,0,0,376
01/24/2010,CVG,KY,ASO,CE,Combined TRACON& Tower with Radar,155,332,4,0,491,0,0,0,0,0,155,332,4,0,491,0,0,0,491
01/25/2010,CVG,KY,ASO,CE,Combined TRACON& Tower with Radar,129,348,3,0,480,0,2,2,0,4,129,350,5,0,484,0,0,0,484
01/26/2010,CVG,KY,ASO,CE,Combined TRACON& Tower with Radar,190,349,7,0,546,0,0,4,0,4,190,349,11,0,550,0,0,0,550
01/27/2010,CVG,KY,ASO,CE,Combined TRACON& Tower with Radar,185,357,12,0,554,0,0,5,0,5,185,357,17,0,559,0,0,0,559
01/28/2010,CVG,KY,ASO,CE,Combined TRACON& Tower with Radar,207,350,18,3,578,0,0,2,0,2,207,350,20,3,580,0,0,0,580
01/29/2010,CVG,KY,ASO,CE,Combined TRACON& Tower with Radar,190,341,5,0,536,0,0,0,0,0,190,341,5,0,536,0,0,0,536
01/30/2010,CVG,KY,ASO,CE,Combined TRACON& Tower with Radar,152,201,5,0,358,0,0,5,0,5,152,201,10,0,363,0,0,0,363
01/31/2010,CVG,KY,ASO,CE,Combined TRACON& Tower with Radar,166,334,8,0,508,0,0,1,0,1,166,334,9,0,509,0,0,0,509
02/01/2010,CVG,KY,ASO,CE,Combined TRACON& Tower with Radar,141,345,13,0,499,0,2,2,0,4,141,347,15,0,503,0,0,0,503
02/02/2010,CVG,KY,ASO,CE,Combined TRACON& Tower with Radar,192,348,18,0,558,0,0,4,0,4,192,348,22,0,562,0,0,0,562
02/03/2010,CVG,KY,ASO,CE,Combined TRACON& Tower with Radar,190,349,8,0,547,0,3,3,0,6,190,352,11,0,553,0,0,0,553
02/04/2010,CVG,KY,ASO,CE,Combined TRACON& Tower with Radar,198,351,8,0,557,0,0,0,0,0,198,351,8,0,557,0,0,0,557
02/05/2010,CVG,KY,ASO,CE,Combined TRACON& Tower with Radar,201,338,5,0,544,0,0,0,0,0,201,338,5,0,544,0,0,0,544
02/06/2010,CVG,KY,ASO,CE,Combined TRACON& Tower with Radar,149,209,1,0,359,0,0,0,0,0,149,209,1,0,359,0,0,0,359
02/07/2010,CVG,KY,ASO,CE,Combined TRACON& Tower with Radar,157,303,11,1,472,0,0,0,0,0,157,303,11,1,472,0,0,0,472
02/08/2010,CVG,KY,ASO,CE,Combined TRACON& Tower with Radar,134,346,9,0,489,0,0,5,0,5,134,346,14,0,494,0,0,0,494
02/09/2010,CVG,KY,ASO,CE,Combined TRACON& Tower with Radar,194,321,15,0,530,0,0,0,0,0,194,321,15,0,530,0,0,0,530
02/10/2010,CVG,KY,ASO,CE,Combined TRACON& Tower with Radar,171,287,11,0,469,0,0,0,0,0,171,287,11,0,469,0,0,0,469
02/11/2010,CVG,KY,ASO,CE,Combined TRACON& Tower with Radar,195,315,9,0,519,0,0,2,0,2,195,315,11,0,521,0,0,0,521
02/12/2010,CVG,KY,ASO,CE,Combined TRACON& Tower with Radar,192,358,9,0,559,0,0,1,0,1,192,358,10,0,560,0,0,0,560
02/13/2010,CVG,KY,ASO,CE,Combined TRACON& Tower with Radar,163,235,6,0,404,1,0,1,0,2,164,235,7,0,406,0,0,0,406
02/14/2010,CVG,KY,ASO,CE,Combined TRACON& Tower with Radar,158,268,3,0,429,0,0,0,0,0,158,268,3,0,429,0,0,0,429
02/15/2010,CVG,KY,ASO,CE,Combined TRACON& Tower with Radar,122,239,17,0,378,0,1,0,0,1,122,240,17,0,379,0,0,0,379
02/16/2010,CVG,KY,ASO,CE,Combined TRACON& Tower with Radar,197,283,12,0,492,0,0,0,0,0,197,283,12,0,492,0,0,0,492
02/17/2010,CVG,KY,ASO,CE,Combined TRACON& Tower with Radar,187,345,12,0,544,0,1,3,0,4,187,346,15,0,548,0,0,0,548
02/18/2010,CVG,KY,ASO,CE,Combined TRACON& Tower with Radar,194,340,10,0,544,0,0,0,0,0,194,340,10,0,544,0,0,0,544
02/19/2010,CVG,KY,ASO,CE,Combined TRACON& Tower with Radar,202,347,9,0,558,0,1,4,0,5,202,348,13,0,563,0,0,0,563
02/20/2010,CVG,KY,ASO,CE,Combined TRACON& Tower with Radar,160,236,7,0,403,0,0,0,0,0,160,236,7,0,403,0,0,0,403
02/21/2010,CVG,KY,ASO,CE,Combined TRACON& Tower with Radar,157,321,3,0,481,0,1,2,0,3,157,322,5,0,484,0,0,0,484
02/22/2010,CVG,KY,ASO,CE,Combined TRACON& Tower with Radar,144,339,11,0,494,0,0,0,0,0,144,339,11,0,494,0,0,0,494
02/23/2010,CVG,KY,ASO,CE,Combined TRACON& Tower with Radar,191,315,11,0,517,0,0,0,0,0,191,315,11,0,517,0,0,0,517
02/24/2010,CVG,KY,ASO,CE,Combined TRACON& Tower with Radar,184,341,6,1,532,0,0,2,0,2,184,341,8,1,534,0,0,0,534
02/25/2010,CVG,KY,ASO,CE,Combined TRACON& Tower with Radar,189,314,10,0,513,0,2,0,0,2,189,316,10,0,515,0,0,0,515
02/26/2010,CVG,KY,ASO,CE,Combined TRACON& Tower with Radar,204,305,13,0,522,0,0,2,0,2,204,305,15,0,524,0,0,0,524
02/27/2010,CVG,KY,ASO,CE,Combined TRACON& Tower with Radar,157,238,0,0,395,0,0,0,0,0,157,238,0,0,395,0,0,0,395
02/28/2010,CVG,KY,ASO,CE,Combined TRACON& Tower with Radar,159,314,0,0,473,0,0,2,0,2,159,314,2,0,475,0,0,0,475
03/01/2010,CVG,KY,ASO,CE,Combined TRACON& Tower with Radar,140,342,4,0,486,0,5,3,0,8,140,347,7,0,494,0,0,0,494
03/02/2010,CVG,KY,ASO,CE,Combined TRACON& Tower with Radar,187,316,3,0,506,0,0,0,0,0,187,316,3,0,506,0,0,0,506
03/03/2010,CVG,KY,ASO,CE,Combined TRACON& Tower with Radar,182,337,7,0,526,0,0,8,0,8,182,337,15,0,534,0,0,0,534
03/04/2010,CVG,KY,ASO,CE,Combined TRACON& Tower with Radar,197,351,11,0,559,0,2,3,0,5,197,353,14,0,564,0,0,0,564
03/05/2010,CVG,KY,ASO,CE,Combined TRACON& Tower with Radar,195,357,7,0,559,0,0,5,2,7,195,357,12,2,566,0,0,0,566
03/06/2010,CVG,KY,ASO,CE,Combined TRACON& Tower with Radar,157,250,4,1,412,0,0,0,0,0,157,250,4,1,412,0,0,0,412
03/07/2010,CVG,KY,ASO,CE,Combined TRACON& Tower with Radar,161,317,8,0,486,0,2,2,0,4,161,319,10,0,490,0,0,0,490
03/08/2010,CVG,KY,ASO,CE,Combined TRACON& Tower with Radar,142,335,16,0,493,0,0,3,0,3,142,335,19,0,496,0,0,0,496
03/09/2010,CVG,KY,ASO,CE,Combined TRACON& Tower with Radar,198,330,18,0,546,0,0,1,0,1,198,330,19,0,547,0,0,0,547
03/10/2010,CVG,KY,ASO,CE,Combined TRACON& Tower with Radar,188,341,20,0,549,0,7,4,0,11,188,348,24,0,560,0,0,0,560
03/11/2010,CVG,KY,ASO,CE,Combined TRACON& Tower with Radar,195,351,11,0,557,0,0,5,0,5,195,351,16,0,562,0,0,0,562
03/12/2010,CVG,KY,ASO,CE,Combined TRACON& Tower with Radar,197,356,6,0,559,0,0,0,0,0,197,356,6,0,559,0,0,0,559
03/13/2010,CVG,KY,ASO,CE,Combined TRACON& Tower with Radar,157,244,10,0,411,0,0,0,0,0,157,244,10,0,411,0,0,0,411
03/14/2010,CVG,KY,ASO,CE,Combined TRACON& Tower with Radar,159,310,2,1,472,0,0,0,0,0,159,310,2,1,472,0,0,0,472
03/15/2010,CVG,KY,ASO,CE,Combined TRACON& Tower with Radar,143,328,10,1,482,0,0,21,0,21,143,328,31,1,503,0,0,0,503
03/16/2010,CVG,KY,ASO,CE,Combined TRACON& Tower with Radar,194,322,6,0,522,0,0,10,0,10,194,322,16,0,532,0,0,0,532
03/17/2010,CVG,KY,ASO,CE,Combined TRACON& Tower with Radar,192,336,20,2,550,0,0,0,2,2,192,336,20,4,552,0,0,0,552
03/18/2010,CVG,KY,ASO,CE,Combined TRACON& Tower with Radar,193,345,17,0,555,0,2,9,8,19,193,347,26,8,574,0,0,0,574
03/19/2010,CVG,KY,ASO,CE,Combined TRACON& Tower with Radar,195,354,10,0,559,0,0,9,0,9,195,354,19,0,568,0,0,0,568
03/20/2010,CVG,KY,ASO,CE,Combined TRACON& Tower with Radar,157,235,3,0,395,0,2,3,0,5,157,237,6,0,400,0,0,0,400
03/21/2010,CVG,KY,ASO,CE,Combined TRACON& Tower with Radar,166,315,3,0,484,0,0,2,0,2,166,315,5,0,486,0,0,0,486
03/22/2010,CVG,KY,ASO,CE,Combined TRACON& Tower with Radar,142,332,9,0,483,0,0,0,0,0,142,332,9,0,483,0,0,0,483
03/23/2010,CVG,KY,ASO,CE,Combined TRACON& Tower with Radar,199,328,11,0,538,0,0,1,0,1,199,328,12,0,539,0,0,0,539
03/24/2010,CVG,KY,ASO,CE,Combined TRACON& Tower with Radar,190,347,11,0,548,0,2,8,0,10,190,349,19,0,558,0,0,0,558
03/25/2010,CVG,KY,ASO,CE,Combined TRACON& Tower with Radar,212,354,13,0,579,0,0,0,0,0,212,354,13,0,579,0,0,0,579
03/26/2010,CVG,KY,ASO,CE,Combined TRACON& Tower with Radar,195,358,4,0,557,0,0,7,2,9,195,358,11,2,566,0,0,0,566
03/27/2010,CVG,KY,ASO,CE,Combined TRACON& Tower with Radar,162,244,11,0,417,0,0,0,0,0,162,244,11,0,417,0,0,0,417
03/28/2010,CVG,KY,ASO,CE,Combined TRACON& Tower with Radar,156,320,3,0,479,0,0,0,0,0,156,320,3,0,479,0,0,0,479
03/29/2010,CVG,KY,ASO,CE,Combined TRACON& Tower with Radar,138,336,12,0,486,0,0,0,0,0,138,336,12,0,486,0,0,0,486
03/30/2010,CVG,KY,ASO,CE,Combined TRACON& Tower with Radar,188,317,8,0,513,0,0,5,0,5,188,317,13,0,518,0,0,0,518
03/31/2010,CVG,KY,ASO,CE,Combined TRACON& Tower with Radar,192,338,7,0,537,0,1,6,0,7,192,339,13,0,544,0,0,0,544
04/01/2010,CVG,KY,ASO,CE,Combined TRACON& Tower with Radar,192,341,8,0,541,0,2,0,0,2,192,343,8,0,543,0,0,0,543
04/02/2010,CVG,KY,ASO,CE,Combined TRACON& Tower with Radar,194,346,9,0,549,0,0,3,0,3,194,346,12,0,552,0,0,0,552
04/03/2010,CVG,KY,ASO,CE,Combined TRACON& Tower with Radar,158,237,8,0,403,0,2,0,0,2,158,239,8,0,405,0,0,0,405
04/04/2010,CVG,KY,ASO,CE,Combined TRACON& Tower with Radar,157,310,1,0,468,0,7,0,0,7,157,317,1,0,475,0,0,0,475
04/05/2010,CVG,KY,ASO,CE,Combined TRACON& Tower with Radar,134,344,10,0,488,0,2,4,0,6,134,346,14,0,494,0,0,0,494
04/06/2010,CVG,KY,ASO,CE,Combined TRACON& Tower with Radar,187,320,17,1,525,0,1,1,0,2,187,321,18,1,527,0,0,0,527
04/07/2010,CVG,KY,ASO,CE,Combined TRACON& Tower with Radar,174,328,7,1,510,0,2,0,0,2,174,330,7,1,512,0,0,0,512
04/08/2010,CVG,KY,ASO,CE,Combined TRACON& Tower with Radar,183,334,16,0,533,0,0,0,0,0,183,334,16,0,533,0,0,0,533
04/09/2010,CVG,KY,ASO,CE,Combined TRACON& Tower with Radar,190,334,10,0,534,0,5,4,2,11,190,339,14,2,545,0,0,0,545
04/10/2010,CVG,KY,ASO,CE,Combined TRACON& Tower with Radar,146,240,5,0,391,0,0,0,0,0,146,240,5,0,391,0,0,0,391
04/11/2010,CVG,KY,ASO,CE,Combined TRACON& Tower with Radar,147,302,6,0,455,0,2,5,0,7,147,304,11,0,462,0,0,0,462
04/12/2010,CVG,KY,ASO,CE,Combined TRACON& Tower with Radar,126,325,8,0,459,0,0,6,0,6,126,325,14,0,465,0,0,0,465
04/13/2010,CVG,KY,ASO,CE,Combined TRACON& Tower with Radar,185,314,6,0,505,0,3,6,2,11,185,317,12,2,516,0,0,0,516
04/14/2010,CVG,KY,ASO,CE,Combined TRACON& Tower with Radar,177,332,5,0,514,0,1,6,0,7,177,333,11,0,521,0,0,0,521
04/15/2010,CVG,KY,ASO,CE,Combined TRACON& Tower with Radar,176,330,8,0,514,0,2,3,3,8,176,332,11,3,522,0,0,0,522
04/16/2010,CVG,KY,ASO,CE,Combined TRACON& Tower with Radar,179,334,4,0,517,0,4,0,0,4,179,338,4,0,521,0,0,0,521
04/17/2010,CVG,KY,ASO,CE,Combined TRACON& Tower with Radar,145,230,8,11,394,0,0,2,0,2,145,230,10,11,396,0,0,0,396
04/18/2010,CVG,KY,ASO,CE,Combined TRACON& Tower with Radar,144,301,6,0,451,0,0,0,0,0,144,301,6,0,451,0,0,0,451
04/19/2010,CVG,KY,ASO,CE,Combined TRACON& Tower with Radar,126,331,11,0,468,0,0,3,0,3,126,331,14,0,471,0,0,0,471
04/20/2010,CVG,KY,ASO,CE,Combined TRACON& Tower with Radar,178,318,9,0,505,0,4,6,0,10,178,322,15,0,515,0,0,0,515
04/21/2010,CVG,KY,ASO,CE,Combined TRACON& Tower with Radar,178,330,13,0,521,0,0,1,0,1,178,330,14,0,522,0,0,0,522
04/22/2010,CVG,KY,ASO,CE,Combined TRACON& Tower with Radar,185,326,16,0,527,0,0,9,0,9,185,326,25,0,536,0,0,0,536
04/23/2010,CVG,KY,ASO,CE,Combined TRACON& Tower with Radar,187,330,3,1,521,0,0,2,0,2,187,330,5,1,523,0,0,0,523
04/24/2010,CVG,KY,ASO,CE,Combined TRACON& Tower with Radar,152,232,5,1,390,0,0,0,0,0,152,232,5,1,390,0,0,0,390
04/25/2010,CVG,KY,ASO,CE,Combined TRACON& Tower with Radar,147,293,2,0,442,0,1,0,0,1,147,294,2,0,443,0,0,0,443
04/26/2010,CVG,KY,ASO,CE,Combined TRACON& Tower with Radar,129,316,7,0,452,0,1,0,0,1,129,317,7,0,453,0,0,0,453
04/27/2010,CVG,KY,ASO,CE,Combined TRACON& Tower with Radar,181,322,20,0,523,0,3,4,0,7,181,325,24,0,530,0,0,0,530
04/28/2010,CVG,KY,ASO,CE,Combined TRACON& Tower with Radar,180,327,22,0,529,0,2,13,0,15,180,329,35,0,544,0,0,0,544
04/29/2010,CVG,KY,ASO,CE,Combined TRACON& Tower with Radar,183,326,14,0,523,0,3,4,0,7,183,329,18,0,530,0,0,0,530
04/30/2010,CVG,KY,ASO,CE,Combined TRACON& Tower with Radar,193,325,9,0,527,0,0,1,0,1,193,325,10,0,528,0,0,0,528
05/01/2010,CVG,KY,ASO,CE,Combined TRACON& Tower with Radar,145,173,5,0,323,0,0,0,0,0,145,173,5,0,323,0,0,0,323
05/02/2010,CVG,KY,ASO,CE,Combined TRACON& Tower with Radar,162,273,9,0,444,0,0,0,0,0,162,273,9,0,444,0,0,0,444
05/03/2010,CVG,KY,ASO,CE,Combined TRACON& Tower with Radar,137,305,10,0,452,0,6,4,0,10,137,311,14,0,462,0,0,0,462
05/04/2010,CVG,KY,ASO,CE,Combined TRACON& Tower with Radar,196,308,16,0,520,0,0,4,0,4,196,308,20,0,524,0,0,0,524
05/05/2010,CVG,KY,ASO,CE,Combined TRACON& Tower with Radar,190,311,6,0,507,0,1,5,0,6,190,312,11,0,513,0,0,0,513
05/06/2010,CVG,KY,ASO,CE,Combined TRACON& Tower with Radar,189,315,25,0,529,0,2,9,1,12,189,317,34,1,541,0,0,0,541
05/07/2010,CVG,KY,ASO,CE,Combined TRACON& Tower with Radar,193,304,19,0,516,0,0,1,0,1,193,304,20,0,517,0,0,0,517
05/08/2010,CVG,KY,ASO,CE,Combined TRACON& Tower with Radar,147,184,4,0,335,0,0,2,0,2,147,184,6,0,337,0,0,0,337
05/09/2010,CVG,KY,ASO,CE,Combined TRACON& Tower with Radar,153,285,4,0,442,0,3,2,0,5,153,288,6,0,447,0,0,0,447
05/10/2010,CVG,KY,ASO,CE,Combined TRACON& Tower with Radar,128,320,5,0,453,0,0,12,0,12,128,320,17,0,465,0,0,0,465
05/11/2010,CVG,KY,ASO,CE,Combined TRACON& Tower with Radar,207,311,8,0,526,0,0,7,0,7,207,311,15,0,533,0,0,0,533
05/12/2010,CVG,KY,ASO,CE,Combined TRACON& Tower with Radar,189,297,15,0,501,0,2,0,0,2,189,299,15,0,503,0,0,0,503
05/13/2010,CVG,KY,ASO,CE,Combined TRACON& Tower with Radar,236,339,19,0,594,0,1,4,0,5,236,340,23,0,599,0,0,0,599
05/14/2010,CVG,KY,ASO,CE,Combined TRACON& Tower with Radar,200,316,10,0,526,0,0,5,1,6,200,316,15,1,532,0,0,0,532
05/15/2010,CVG,KY,ASO,CE,Combined TRACON& Tower with Radar,146,180,5,0,331,0,0,0,20,20,146,180,5,20,351,0,0,0,351
05/16/2010,CVG,KY,ASO,CE,Combined TRACON& Tower with Radar,152,287,4,0,443,0,0,0,0,0,152,287,4,0,443,0,0,0,443
05/17/2010,CVG,KY,ASO,CE,Combined TRACON& Tower with Radar,140,308,27,0,475,0,0,0,0,0,140,308,27,0,475,0,0,0,475
05/18/2010,CVG,KY,ASO,CE,Combined TRACON& Tower with Radar,193,317,25,0,535,0,0,2,0,2,193,317,27,0,537,0,0,0,537
05/19/2010,CVG,KY,ASO,CE,Combined TRACON& Tower with Radar,191,322,21,0,534,0,0,0,0,0,191,322,21,0,534,0,0,0,534
05/20/2010,CVG,KY,ASO,CE,Combined TRACON& Tower with Radar,207,341,22,0,570,0,0,17,0,17,207,341,39,0,587,0,0,0,587
05/21/2010,CVG,KY,ASO,CE,Combined TRACON& Tower with Radar,207,319,8,0,534,0,0,0,0,0,207,319,8,0,534,0,0,0,534
05/22/2010,CVG,KY,ASO,CE,Combined TRACON& Tower with Radar,149,190,3,0,342,0,0,0,0,0,149,190,3,0,342,0,0,0,342
05/23/2010,CVG,KY,ASO,CE,Combined TRACON& Tower with Radar,143,286,3,0,432,0,0,3,0,3,143,286,6,0,435,0,0,0,435
05/24/2010,CVG,KY,ASO,CE,Combined TRACON& Tower with Radar,129,316,10,0,455,0,4,16,0,20,129,320,26,0,475,0,0,0,475
05/25/2010,CVG,KY,ASO,CE,Combined TRACON& Tower with Radar,185,320,10,0,515,0,3,10,0,13,185,323,20,0,528,0,0,0,528
05/26/2010,CVG,KY,ASO,CE,Combined TRACON& Tower with Radar,185,321,15,0,521,0,1,2,0,3,185,322,17,0,524,0,0,0,524
05/27/2010,CVG,KY,ASO,CE,Combined TRACON& Tower with Radar,185,322,28,0,535,0,2,1,0,3,185,324,29,0,538,0,0,0,538
05/28/2010,CVG,KY,ASO,CE,Combined TRACON& Tower with Radar,195,324,7,0,526,0,4,0,0,4,195,328,7,0,530,0,0,0,530
05/29/2010,CVG,KY,ASO,CE,Combined TRACON& Tower with Radar,143,198,3,0,344,0,2,0,0,2,143,200,3,0,346,0,0,0,346
05/30/2010,CVG,KY,ASO,CE,Combined TRACON& Tower with Radar,100,189,1,0,290,0,0,2,0,2,100,189,3,0,292,0,0,0,292
05/31/2010,CVG,KY,ASO,CE,Combined TRACON& Tower with Radar,126,281,4,0,411,0,0,0,0,0,126,281,4,0,411,0,0,0,411
06/01/2010,CVG,KY,ASO,CE,Combined TRACON& Tower with Radar,175,327,17,0,519,0,3,2,0,5,175,330,19,0,524,0,0,0,524
06/02/2010,CVG,KY,ASO,CE,Combined TRACON& Tower with Radar,194,306,18,0,518,0,4,4,0,8,194,310,22,0,526,0,0,0,526
06/03/2010,CVG,KY,ASO,CE,Combined TRACON& Tower with Radar,199,319,16,0,534,0,18,1,0,19,199,337,17,0,553,0,0,0,553
06/04/2010,CVG,KY,ASO,CE,Combined TRACON& Tower with Radar,198,322,7,0,527,0,0,4,0,4,198,322,11,0,531,0,0,0,531
06/05/2010,CVG,KY,ASO,CE,Combined TRACON& Tower with Radar,151,190,8,0,349,0,0,0,0,0,151,190,8,0,349,0,0,0,349
06/06/2010,CVG,KY,ASO,CE,Combined TRACON& Tower with Radar,153,285,10,0,448,0,0,0,0,0,153,285,10,0,448,0,0,0,448
06/07/2010,CVG,KY,ASO,CE,Combined TRACON& Tower with Radar,137,312,12,0,461,0,3,5,0,8,137,315,17,0,469,0,0,0,469
06/08/2010,CVG,KY,ASO,CE,Combined TRACON& Tower with Radar,196,324,6,0,526,0,0,4,0,4,196,324,10,0,530,0,0,0,530
06/09/2010,CVG,KY,ASO,CE,Combined TRACON& Tower with Radar,198,302,16,0,516,0,3,0,0,3,198,305,16,0,519,0,0,0,519
06/10/2010,CVG,KY,ASO,CE,Combined TRACON& Tower with Radar,208,327,28,0,563,0,0,2,0,2,208,327,30,0,565,0,0,0,565
06/11/2010,CVG,KY,ASO,CE,Combined TRACON& Tower with Radar,219,321,21,0,561,0,2,6,0,8,219,323,27,0,569,0,0,0,569
06/12/2010,CVG,KY,ASO,CE,Combined TRACON& Tower with Radar,168,197,13,0,378,0,2,7,0,9,168,199,20,0,387,0,0,0,387
06/13/2010,CVG,KY,ASO,CE,Combined TRACON& Tower with Radar,179,286,24,0,489,0,0,0,6,6,179,286,24,6,495,0,0,0,495
06/14/2010,CVG,KY,ASO,CE,Combined TRACON& Tower with Radar,154,306,7,0,467,0,0,1,0,1,154,306,8,0,468,0,0,0,468
06/15/2010,CVG,KY,ASO,CE,Combined TRACON& Tower with Radar,220,312,16,0,548,0,0,0,0,0,220,312,16,0,548,0,0,0,548
06/16/2010,CVG,KY,ASO,CE,Combined TRACON& Tower with Radar,217,335,12,0,564,0,0,10,0,10,217,335,22,0,574,0,0,0,574
06/17/2010,CVG,KY,ASO,CE,Combined TRACON& Tower with Radar,233,325,19,0,577,0,1,8,0,9,233,326,27,0,586,0,0,0,586
06/18/2010,CVG,KY,ASO,CE,Combined TRACON& Tower with Radar,213,323,10,0,546,0,4,6,0,10,213,327,16,0,556,0,0,0,556
06/19/2010,CVG,KY,ASO,CE,Combined TRACON& Tower with Radar,169,188,8,0,365,0,14,0,0,14,169,202,8,0,379,0,0,0,379
06/20/2010,CVG,KY,ASO,CE,Combined TRACON& Tower with Radar,177,291,8,0,476,0,3,0,0,3,177,294,8,0,479,0,0,0,479
06/21/2010,CVG,KY,ASO,CE,Combined TRACON& Tower with Radar,162,309,6,0,477,0,0,4,0,4,162,309,10,0,481,0,0,0,481
06/22/2010,CVG,KY,ASO,CE,Combined TRACON& Tower with Radar,217,319,11,0,547,0,0,2,0,2,217,319,13,0,549,0,0,0,549
06/23/2010,CVG,KY,ASO,CE,Combined TRACON& Tower with Radar,207,317,13,0,537,0,18,3,0,21,207,335,16,0,558,0,0,0,558
06/24/2010,CVG,KY,ASO,CE,Combined TRACON& Tower with Radar,219,327,14,0,560,0,2,25,0,27,219,329,39,0,587,0,0,0,587
06/25/2010,CVG,KY,ASO,CE,Combined TRACON& Tower with Radar,213,327,5,0,545,0,7,0,0,7,213,334,5,0,552,0,0,0,552
06/26/2010,CVG,KY,ASO,CE,Combined TRACON& Tower with Radar,179,195,0,0,374,0,5,0,0,5,179,200,0,0,379,0,0,0,379
06/27/2010,CVG,KY,ASO,CE,Combined TRACON& Tower with Radar,188,257,0,0,445,0,0,2,0,2,188,257,2,0,447,0,0,0,447
06/28/2010,CVG,KY,ASO,CE,Combined TRACON& Tower with Radar,175,282,11,1,469,0,0,0,0,0,175,282,11,1,469,0,0,0,469
06/29/2010,CVG,KY,ASO,CE,Combined TRACON& Tower with Radar,229,308,9,0,546,0,2,2,4,8,229,310,11,4,554,0,0,0,554
06/30/2010,CVG,KY,ASO,CE,Combined TRACON& Tower with Radar,224,315,20,0,559,0,1,5,4,10,224,316,25,4,569,0,0,0,569
07/01/2010,CVG,KY,ASO,CE,Combined TRACON& Tower with Radar,217,323,17,0,557,0,0,9,0,9,217,323,26,0,566,0,0,0,566
07/02/2010,CVG,KY,ASO,CE,Combined TRACON& Tower with Radar,212,325,4,1,542,0,2,10,0,12,212,327,14,1,554,0,0,0,554
07/03/2010,CVG,KY,ASO,CE,Combined TRACON& Tower with Radar,170,179,7,0,356,0,0,0,0,0,170,179,7,0,356,0,0,0,356
07/04/2010,CVG,KY,ASO,CE,Combined TRACON& Tower with Radar,135,165,2,0,302,0,3,3,0,6,135,168,5,0,308,0,0,0,308
07/05/2010,CVG,KY,ASO,CE,Combined TRACON& Tower with Radar,145,281,4,0,430,0,0,1,0,1,145,281,5,0,431,0,0,0,431
07/06/2010,CVG,KY,ASO,CE,Combined TRACON& Tower with Radar,196,316,9,0,521,0,3,0,0,3,196,319,9,0,524,0,0,0,524
07/07/2010,CVG,KY,ASO,CE,Combined TRACON& Tower with Radar,214,312,18,0,544,0,0,9,0,9,214,312,27,0,553,0,0,0,553
07/08/2010,CVG,KY,ASO,CE,Combined TRACON& Tower with Radar,221,319,10,0,550,0,4,4,2,10,221,323,14,2,560,0,0,0,560
07/09/2010,CVG,KY,ASO,CE,Combined TRACON& Tower with Radar,223,322,9,4,558,0,0,1,0,1,223,322,10,4,559,0,0,0,559
07/10/2010,CVG,KY,ASO,CE,Combined TRACON& Tower with Radar,173,183,4,0,360,0,7,0,0,7,173,190,4,0,367,0,0,0,367
07/11/2010,CVG,KY,ASO,CE,Combined TRACON& Tower with Radar,169,285,4,0,458,0,1,4,0,5,169,286,8,0,463,0,0,0,463
07/12/2010,CVG,KY,ASO,CE,Combined TRACON& Tower with Radar,152,320,10,0,482,0,0,0,0,0,152,320,10,0,482,0,0,0,482
07/13/2010,CVG,KY,ASO,CE,Combined TRACON& Tower with Radar,214,305,12,0,531,0,0,2,0,2,214,305,14,0,533,0,0,0,533
07/14/2010,CVG,KY,ASO,CE,Combined TRACON& Tower with Radar,226,319,39,0,584,0,1,0,0,1,226,320,39,0,585,0,0,0,585
07/15/2010,CVG,KY,ASO,CE,Combined TRACON& Tower with Radar,223,325,19,0,567,0,2,8,0,10,223,327,27,0,577,0,0,0,577
07/16/2010,CVG,KY,ASO,CE,Combined TRACON& Tower with Radar,215,329,13,2,559,0,1,0,0,1,215,330,13,2,560,0,0,0,560
07/17/2010,CVG,KY,ASO,CE,Combined TRACON& Tower with Radar,169,189,3,0,361,0,0,4,0,4,169,189,7,0,365,0,0,0,365
07/18/2010,CVG,KY,ASO,CE,Combined TRACON& Tower with Radar,165,286,11,0,462,0,0,0,0,0,165,286,11,0,462,0,0,0,462
07/19/2010,CVG,KY,ASO,CE,Combined TRACON& Tower with Radar,155,294,11,0,460,0,0,2,0,2,155,294,13,0,462,0,0,0,462
07/20/2010,CVG,KY,ASO,CE,Combined TRACON& Tower with Radar,230,327,9,0,566,0,0,2,0,2,230,327,11,0,568,0,0,0,568
07/21/2010,CVG,KY,ASO,CE,Combined TRACON& Tower with Radar,210,318,20,2,550,0,1,0,0,1,210,319,20,2,551,0,0,0,551
07/22/2010,CVG,KY,ASO,CE,Combined TRACON& Tower with Radar,221,319,15,0,555,0,0,2,0,2,221,319,17,0,557,0,0,0,557
07/23/2010,CVG,KY,ASO,CE,Combined TRACON& Tower with Radar,229,311,10,0,550,0,3,2,0,5,229,314,12,0,555,0,0,0,555
07/24/2010,CVG,KY,ASO,CE,Combined TRACON& Tower with Radar,170,181,6,0,357,0,2,2,0,4,170,183,8,0,361,0,0,0,361
07/25/2010,CVG,KY,ASO,CE,Combined TRACON& Tower with Radar,172,278,4,0,454,0,2,1,0,3,172,280,5,0,457,0,0,0,457
07/26/2010,CVG,KY,ASO,CE,Combined TRACON& Tower with Radar,162,306,13,0,481,0,0,4,0,4,162,306,17,0,485,0,0,0,485
07/27/2010,CVG,KY,ASO,CE,Combined TRACON& Tower with Radar,224,307,12,0,543,0,0,3,0,3,224,307,15,0,546,0,0,0,546
07/28/2010,CVG,KY,ASO,CE,Combined TRACON& Tower with Radar,222,303,8,0,533,0,0,1,0,1,222,303,9,0,534,0,0,0,534
07/29/2010,CVG,KY,ASO,CE,Combined TRACON& Tower with Radar,237,303,12,0,552,0,1,4,0,5,237,304,16,0,557,0,0,0,557
07/30/2010,CVG,KY,ASO,CE,Combined TRACON& Tower with Radar,217,325,15,0,557,0,10,2,0,12,217,335,17,0,569,0,0,0,569
07/31/2010,CVG,KY,ASO,CE,Combined TRACON& Tower with Radar,173,202,3,1,379,0,0,1,0,1,173,202,4,1,380,0,0,0,380
08/01/2010,CVG,KY,ASO,CE,Combined TRACON& Tower with Radar,166,284,4,0,454,0,0,1,0,1,166,284,5,0,455,0,0,0,455
08/02/2010,CVG,KY,ASO,CE,Combined TRACON& Tower with Radar,152,306,20,0,478,0,1,5,0,6,152,307,25,0,484,0,0,0,484
08/03/2010,CVG,KY,ASO,CE,Combined TRACON& Tower with Radar,213,319,20,1,553,0,0,7,1,8,213,319,27,2,561,0,0,0,561
08/04/2010,CVG,KY,ASO,CE,Combined TRACON& Tower with Radar,207,316,12,0,535,0,2,3,0,5,207,318,15,0,540,0,0,0,540
08/05/2010,CVG,KY,ASO,CE,Combined TRACON& Tower with Radar,217,320,10,0,547,0,0,1,0,1,217,320,11,0,548,0,0,0,548
08/06/2010,CVG,KY,ASO,CE,Combined TRACON& Tower with Radar,209,321,11,0,541,0,0,2,0,2,209,321,13,0,543,0,0,0,543
08/07/2010,CVG,KY,ASO,CE,Combined TRACON& Tower with Radar,169,200,5,0,374,0,4,2,0,6,169,204,7,0,380,0,0,0,380
08/08/2010,CVG,KY,ASO,CE,Combined TRACON& Tower with Radar,167,294,2,0,463,0,2,0,0,2,167,296,2,0,465,0,0,0,465
08/09/2010,CVG,KY,ASO,CE,Combined TRACON& Tower with Radar,155,316,15,0,486,0,0,3,0,3,155,316,18,0,489,0,0,0,489
08/10/2010,CVG,KY,ASO,CE,Combined TRACON& Tower with Radar,212,325,16,0,553,0,0,5,0,5,212,325,21,0,558,0,0,0,558
08/11/2010,CVG,KY,ASO,CE,Combined TRACON& Tower with Radar,223,325,18,0,566,0,1,2,0,3,223,326,20,0,569,0,0,0,569
08/12/2010,CVG,KY,ASO,CE,Combined TRACON& Tower with Radar,221,315,17,0,553,0,5,2,0,7,221,320,19,0,560,0,0,0,560
08/13/2010,CVG,KY,ASO,CE,Combined TRACON& Tower with Radar,218,319,1,0,538,0,0,0,0,0,218,319,1,0,538,0,0,0,538
08/14/2010,CVG,KY,ASO,CE,Combined TRACON& Tower with Radar,167,200,3,0,370,0,0,0,0,0,167,200,3,0,370,0,0,0,370
08/15/2010,CVG,KY,ASO,CE,Combined TRACON& Tower with Radar,177,289,4,0,470,0,0,1,0,1,177,289,5,0,471,0,0,0,471
08/16/2010,CVG,KY,ASO,CE,Combined TRACON& Tower with Radar,154,301,18,0,473,0,0,6,0,6,154,301,24,0,479,0,0,0,479
08/17/2010,CVG,KY,ASO,CE,Combined TRACON& Tower with Radar,219,295,16,0,530,0,2,4,0,6,219,297,20,0,536,0,0,0,536
08/18/2010,CVG,KY,ASO,CE,Combined TRACON& Tower with Radar,218,306,16,0,540,0,1,0,0,1,218,307,16,0,541,0,0,0,541
08/19/2010,CVG,KY,ASO,CE,Combined TRACON& Tower with Radar,214,322,8,0,544,0,0,2,0,2,214,322,10,0,546,0,0,0,546
08/20/2010,CVG,KY,ASO,CE,Combined TRACON& Tower with Radar,214,313,16,0,543,0,0,0,0,0,214,313,16,0,543,0,0,0,543
08/21/2010,CVG,KY,ASO,CE,Combined TRACON& Tower with Radar,162,192,4,0,358,0,2,0,0,2,162,194,4,0,360,0,0,0,360
08/22/2010,CVG,KY,ASO,CE,Combined TRACON& Tower with Radar,164,268,1,0,433,0,0,1,0,1,164,268,2,0,434,0,0,0,434
08/23/2010,CVG,KY,ASO,CE,Combined TRACON& Tower with Radar,151,296,12,0,459,0,0,0,0,0,151,296,12,0,459,0,0,0,459
08/24/2010,CVG,KY,ASO,CE,Combined TRACON& Tower with Radar,219,305,14,0,538,0,2,0,0,2,219,307,14,0,540,0,0,0,540
08/25/2010,CVG,KY,ASO,CE,Combined TRACON& Tower with Radar,205,303,14,0,522,0,0,2,0,2,205,303,16,0,524,0,0,0,524
08/26/2010,CVG,KY,ASO,CE,Combined TRACON& Tower with Radar,211,310,10,2,533,0,0,11,0,11,211,310,21,2,544,0,0,0,544
08/27/2010,CVG,KY,ASO,CE,Combined TRACON& Tower with Radar,219,308,14,0,541,0,2,4,0,6,219,310,18,0,547,0,0,0,547
08/28/2010,CVG,KY,ASO,CE,Combined TRACON& Tower with Radar,157,181,5,0,343,0,4,1,0,5,157,185,6,0,348,0,0,0,348
08/29/2010,CVG,KY,ASO,CE,Combined TRACON& Tower with Radar,172,287,6,0,465,0,0,0,0,0,172,287,6,0,465,0,0,0,465
08/30/2010,CVG,KY,ASO,CE,Combined TRACON& Tower with Radar,157,292,11,0,460,0,0,3,0,3,157,292,14,0,463,0,0,0,463
08/31/2010,CVG,KY,ASO,CE,Combined TRACON& Tower with Radar,210,313,14,0,537,0,0,0,0,0,210,313,14,0,537,0,0,0,537
09/01/2010,CVG,KY,ASO,CE,Combined TRACON& Tower with Radar,222,282,13,0,517,0,1,4,0,5,222,283,17,0,522,0,0,0,522
09/02/2010,CVG,KY,ASO,CE,Combined TRACON& Tower with Radar,215,288,22,0,525,0,0,1,0,1,215,288,23,0,526,0,0,0,526
09/03/2010,CVG,KY,ASO,CE,Combined TRACON& Tower with Radar,221,292,19,0,532,0,2,1,0,3,221,294,20,0,535,0,0,0,535
09/04/2010,CVG,KY,ASO,CE,Combined TRACON& Tower with Radar,163,176,18,0,357,0,0,2,0,2,163,176,20,0,359,0,0,0,359
09/05/2010,CVG,KY,ASO,CE,Combined TRACON& Tower with Radar,129,167,4,0,300,0,2,6,0,8,129,169,10,0,308,0,0,0,308
09/06/2010,CVG,KY,ASO,CE,Combined TRACON& Tower with Radar,152,250,5,0,407,0,0,2,0,2,152,250,7,0,409,0,0,0,409
09/07/2010,CVG,KY,ASO,CE,Combined TRACON& Tower with Radar,207,271,6,0,484,0,2,3,0,5,207,273,9,0,489,0,0,0,489
09/08/2010,CVG,KY,ASO,CE,Combined TRACON& Tower with Radar,213,282,10,0,505,0,0,3,0,3,213,282,13,0,508,0,0,0,508
09/09/2010,CVG,KY,ASO,CE,Combined TRACON& Tower with Radar,225,283,16,0,524,0,3,3,0,6,225,286,19,0,530,0,0,0,530
09/10/2010,CVG,KY,ASO,CE,Combined TRACON& Tower with Radar,227,284,2,2,515,0,1,6,0,7,227,285,8,2,522,0,0,0,522
09/11/2010,CVG,KY,ASO,CE,Combined TRACON& Tower with Radar,166,174,6,0,346,0,0,0,0,0,166,174,6,0,346,0,0,0,346
09/12/2010,CVG,KY,ASO,CE,Combined TRACON& Tower with Radar,186,251,7,0,444,0,0,0,0,0,186,251,7,0,444,0,0,0,444
09/13/2010,CVG,KY,ASO,CE,Combined TRACON& Tower with Radar,160,279,4,2,445,0,0,9,0,9,160,279,13,2,454,0,0,0,454
09/14/2010,CVG,KY,ASO,CE,Combined TRACON& Tower with Radar,227,270,14,0,511,0,0,6,0,6,227,270,20,0,517,0,0,0,517
09/15/2010,CVG,KY,ASO,CE,Combined TRACON& Tower with Radar,215,284,13,0,512,0,1,1,0,2,215,285,14,0,514,0,0,0,514
09/16/2010,CVG,KY,ASO,CE,Combined TRACON& Tower with Radar,228,285,21,0,534,0,0,5,0,5,228,285,26,0,539,0,0,0,539
09/17/2010,CVG,KY,ASO,CE,Combined TRACON& Tower with Radar,232,284,20,1,537,0,0,5,0,5,232,284,25,1,542,0,0,0,542
09/18/2010,CVG,KY,ASO,CE,Combined TRACON& Tower with Radar,168,180,6,0,354,0,0,4,0,4,168,180,10,0,358,0,0,0,358
09/19/2010,CVG,KY,ASO,CE,Combined TRACON& Tower with Radar,192,252,14,1,459,0,2,0,0,2,192,254,14,1,461,0,0,0,461
09/20/2010,CVG,KY,ASO,CE,Combined TRACON& Tower with Radar,164,277,5,0,446,0,0,1,0,1,164,277,6,0,447,0,0,0,447
09/21/2010,CVG,KY,ASO,CE,Combined TRACON& Tower with Radar,230,295,19,0,544,0,0,4,0,4,230,295,23,0,548,0,0,0,548
09/22/2010,CVG,KY,ASO,CE,Combined TRACON& Tower with Radar,217,280,18,0,515,0,2,2,0,4,217,282,20,0,519,0,0,0,519
09/23/2010,CVG,KY,ASO,CE,Combined TRACON& Tower with Radar,226,279,19,1,525,0,4,2,2,8,226,283,21,3,533,0,0,0,533
09/24/2010,CVG,KY,ASO,CE,Combined TRACON& Tower with Radar,217,278,12,1,508,0,0,0,0,0,217,278,12,1,508,0,0,0,508
09/25/2010,CVG,KY,ASO,CE,Combined TRACON& Tower with Radar,166,174,14,0,354,0,0,1,0,1,166,174,15,0,355,0,0,0,355
09/26/2010,CVG,KY,ASO,CE,Combined TRACON& Tower with Radar,183,247,5,0,435,0,0,3,0,3,183,247,8,0,438,0,0,0,438
09/27/2010,CVG,KY,ASO,CE,Combined TRACON& Tower with Radar,166,267,16,0,449,0,0,0,0,0,166,267,16,0,449,0,0,0,449
09/28/2010,CVG,KY,ASO,CE,Combined TRACON& Tower with Radar,217,278,23,0,518,0,0,2,0,2,217,278,25,0,520,0,0,0,520
09/29/2010,CVG,KY,ASO,CE,Combined TRACON& Tower with Radar,211,288,7,0,506,0,4,2,0,6,211,292,9,0,512,0,0,0,512
09/30/2010,CVG,KY,ASO,CE,Combined TRACON& Tower with Radar,216,283,16,0,515,0,0,5,0,5,216,283,21,0,520,0,0,0,520
10/01/2010,CVG,KY,ASO,CE,Combined TRACON& Tower with Radar,223,281,13,0,517,0,0,2,0,2,223,281,15,0,519,0,0,0,519
10/02/2010,CVG,KY,ASO,CE,Combined TRACON& Tower with Radar,176,172,13,0,361,0,2,7,0,9,176,174,20,0,370,0,0,0,370
10/03/2010,CVG,KY,ASO,CE,Combined TRACON& Tower with Radar,185,246,15,0,446,0,0,4,0,4,185,246,19,0,450,0,0,0,450
10/04/2010,CVG,KY,ASO,CE,Combined TRACON& Tower with Radar,162,275,14,0,451,0,0,4,0,4,162,275,18,0,455,0,0,0,455
10/05/2010,CVG,KY,ASO,CE,Combined TRACON& Tower with Radar,209,275,24,0,508,0,1,5,0,6,209,276,29,0,514,0,0,0,514
10/06/2010,CVG,KY,ASO,CE,Combined TRACON& Tower with Radar,211,283,3,0,497,0,0,11,0,11,211,283,14,0,508,0,0,0,508
10/07/2010,CVG,KY,ASO,CE,Combined TRACON& Tower with Radar,212,286,16,0,514,0,0,2,0,2,212,286,18,0,516,0,0,0,516
10/08/2010,CVG,KY,ASO,CE,Combined TRACON& Tower with Radar,224,293,12,0,529,0,0,3,0,3,224,293,15,0,532,0,0,0,532
10/09/2010,CVG,KY,ASO,CE,Combined TRACON& Tower with Radar,178,177,6,0,361,0,2,6,0,8,178,179,12,0,369,0,0,0,369
10/10/2010,CVG,KY,ASO,CE,Combined TRACON& Tower with Radar,186,250,9,0,445,0,2,6,0,8,186,252,15,0,453,0,0,0,453
10/11/2010,CVG,KY,ASO,CE,Combined TRACON& Tower with Radar,161,277,14,0,452,0,2,1,0,3,161,279,15,0,455,0,0,0,455
10/12/2010,CVG,KY,ASO,CE,Combined TRACON& Tower with Radar,218,282,17,0,517,0,0,2,0,2,218,282,19,0,519,0,0,0,519
10/13/2010,CVG,KY,ASO,CE,Combined TRACON& Tower with Radar,215,277,16,0,508,0,0,2,0,2,215,277,18,0,510,0,0,0,510
10/14/2010,CVG,KY,ASO,CE,Combined TRACON& Tower with Radar,220,275,13,2,510,0,2,4,0,6,220,277,17,2,516,0,0,0,516
10/15/2010,CVG,KY,ASO,CE,Combined TRACON& Tower with Radar,223,282,7,0,512,0,5,3,0,8,223,287,10,0,520,0,0,0,520
10/16/2010,CVG,KY,ASO,CE,Combined TRACON& Tower with Radar,175,179,5,0,359,0,0,6,0,6,175,179,11,0,365,0,0,0,365
10/17/2010,CVG,KY,ASO,CE,Combined TRACON& Tower with Radar,182,256,8,0,446,0,2,9,1,12,182,258,17,1,458,0,0,0,458
10/18/2010,CVG,KY,ASO,CE,Combined TRACON& Tower with Radar,168,275,6,0,449,0,2,6,0,8,168,277,12,0,457,0,0,0,457
10/19/2010,CVG,KY,ASO,CE,Combined TRACON& Tower with Radar,210,277,11,0,498,0,2,4,0,6,210,279,15,0,504,0,0,0,504
10/20/2010,CVG,KY,ASO,CE,Combined TRACON& Tower with Radar,204,293,13,0,510,0,3,6,0,9,204,296,19,0,519,0,0,0,519
10/21/2010,CVG,KY,ASO,CE,Combined TRACON& Tower with Radar,215,271,22,0,508,0,1,8,0,9,215,272,30,0,517,0,0,0,517
10/22/2010,CVG,KY,ASO,CE,Combined TRACON& Tower with Radar,220,274,3,0,497,0,0,0,0,0,220,274,3,0,497,0,0,0,497
10/23/2010,CVG,KY,ASO,CE,Combined TRACON& Tower with Radar,174,164,0,0,338,0,1,2,0,3,174,165,2,0,341,0,0,0,341
10/24/2010,CVG,KY,ASO,CE,Combined TRACON& Tower with Radar,176,251,7,0,434,0,0,1,0,1,176,251,8,0,435,0,0,0,435
10/25/2010,CVG,KY,ASO,CE,Combined TRACON& Tower with Radar,164,275,9,0,448,0,0,1,0,1,164,275,10,0,449,0,0,0,449
10/26/2010,CVG,KY,ASO,CE,Combined TRACON& Tower with Radar,204,270,9,1,484,0,3,4,0,7,204,273,13,1,491,0,0,0,491
10/27/2010,CVG,KY,ASO,CE,Combined TRACON& Tower with Radar,207,276,29,0,512,0,1,4,0,5,207,277,33,0,517,0,0,0,517
10/28/2010,CVG,KY,ASO,CE,Combined TRACON& Tower with Radar,218,290,14,0,522,0,1,6,0,7,218,291,20,0,529,0,0,0,529
10/29/2010,CVG,KY,ASO,CE,Combined TRACON& Tower with Radar,222,285,14,0,521,0,0,4,0,4,222,285,18,0,525,0,0,0,525
10/30/2010,CVG,KY,ASO,CE,Combined TRACON& Tower with Radar,178,177,5,0,360,0,0,2,0,2,178,177,7,0,362,0,0,0,362
10/31/2010,CVG,KY,ASO,CE,Combined TRACON& Tower with Radar,178,245,4,0,427,0,0,2,0,2,178,245,6,0,429,0,0,0,429
11/01/2010,CVG,KY,ASO,CE,Combined TRACON& Tower with Radar,150,274,19,0,443,0,0,3,0,3,150,274,22,0,446,0,0,0,446
11/02/2010,CVG,KY,ASO,CE,Combined TRACON& Tower with Radar,211,269,17,0,497,0,0,4,0,4,211,269,21,0,501,0,0,0,501
11/03/2010,CVG,KY,ASO,CE,Combined TRACON& Tower with Radar,201,276,11,2,490,0,6,4,0,10,201,282,15,2,500,0,0,0,500
11/04/2010,CVG,KY,ASO,CE,Combined TRACON& Tower with Radar,218,281,14,0,513,0,0,4,0,4,218,281,18,0,517,0,0,0,517
11/05/2010,CVG,KY,ASO,CE,Combined TRACON& Tower with Radar,213,287,9,0,509,0,0,1,0,1,213,287,10,0,510,0,0,0,510
11/06/2010,CVG,KY,ASO,CE,Combined TRACON& Tower with Radar,166,170,3,0,339,0,0,1,0,1,166,170,4,0,340,0,0,0,340
11/07/2010,CVG,KY,ASO,CE,Combined TRACON& Tower with Radar,176,237,4,0,417,0,2,3,0,5,176,239,7,0,422,0,0,0,422
11/08/2010,CVG,KY,ASO,CE,Combined TRACON& Tower with Radar,144,275,11,0,430,0,0,4,0,4,144,275,15,0,434,0,0,0,434
11/09/2010,CVG,KY,ASO,CE,Combined TRACON& Tower with Radar,203,274,22,1,500,0,1,7,0,8,203,275,29,1,508,0,0,0,508
11/10/2010,CVG,KY,ASO,CE,Combined TRACON& Tower with Radar,206,272,12,0,490,0,0,0,0,0,206,272,12,0,490,0,0,0,490
11/11/2010,CVG,KY,ASO,CE,Combined TRACON& Tower with Radar,218,280,12,0,510,0,1,13,1,15,218,281,25,1,525,0,0,0,525
11/12/2010,CVG,KY,ASO,CE,Combined TRACON& Tower with Radar,231,279,22,0,532,0,3,0,0,3,231,282,22,0,535,0,0,0,535
11/13/2010,CVG,KY,ASO,CE,Combined TRACON& Tower with Radar,168,174,5,0,347,0,2,0,0,2,168,176,5,0,349,0,0,0,349
11/14/2010,CVG,KY,ASO,CE,Combined TRACON& Tower with Radar,176,252,10,0,438,0,4,1,0,5,176,256,11,0,443,0,0,0,443
11/15/2010,CVG,KY,ASO,CE,Combined TRACON& Tower with Radar,148,271,14,0,433,0,2,7,0,9,148,273,21,0,442,0,0,0,442
11/16/2010,CVG,KY,ASO,CE,Combined TRACON& Tower with Radar,200,279,20,0,499,0,0,0,0,0,200,279,20,0,499,0,0,0,499
11/17/2010,CVG,KY,ASO,CE,Combined TRACON& Tower with Radar,205,270,28,0,503,0,3,0,0,3,205,273,28,0,506,0,0,0,506
11/18/2010,CVG,KY,ASO,CE,Combined TRACON& Tower with Radar,220,281,18,0,519,0,0,2,0,2,220,281,20,0,521,0,0,0,521
11/19/2010,CVG,KY,ASO,CE,Combined TRACON& Tower with Radar,225,283,4,2,514,0,0,2,0,2,225,283,6,2,516,0,0,0,516
11/20/2010,CVG,KY,ASO,CE,Combined TRACON& Tower with Radar,174,184,10,0,368,0,0,1,0,1,174,184,11,0,369,0,0,0,369
11/21/2010,CVG,KY,ASO,CE,Combined TRACON& Tower with Radar,176,237,5,0,418,0,2,0,0,2,176,239,5,0,420,0,0,0,420
11/22/2010,CVG,KY,ASO,CE,Combined TRACON& Tower with Radar,161,256,17,0,434,0,0,2,0,2,161,256,19,0,436,0,0,0,436
11/23/2010,CVG,KY,ASO,CE,Combined TRACON& Tower with Radar,225,273,19,0,517,0,2,2,0,4,225,275,21,0,521,0,0,0,521
11/24/2010,CVG,KY,ASO,CE,Combined TRACON& Tower with Radar,223,274,10,0,507,0,0,1,0,1,223,274,11,0,508,0,0,0,508
11/25/2010,CVG,KY,ASO,CE,Combined TRACON& Tower with Radar,144,149,1,0,294,0,0,0,0,0,144,149,1,0,294,0,0,0,294
11/26/2010,CVG,KY,ASO,CE,Combined TRACON& Tower with Radar,158,146,4,0,308,0,2,2,0,4,158,148,6,0,312,0,0,0,312
11/27/2010,CVG,KY,ASO,CE,Combined TRACON& Tower with Radar,178,235,6,0,419,0,0,3,0,3,178,235,9,0,422,0,0,0,422
11/28/2010,CVG,KY,ASO,CE,Combined TRACON& Tower with Radar,192,263,10,0,465,0,3,2,0,5,192,266,12,0,470,0,0,0,470
11/29/2010,CVG,KY,ASO,CE,Combined TRACON& Tower with Radar,152,277,21,0,450,0,0,7,0,7,152,277,28,0,457,0,0,0,457
11/30/2010,CVG,KY,ASO,CE,Combined TRACON& Tower with Radar,211,284,13,0,508,0,0,0,0,0,211,284,13,0,508,0,0,0,508
12/01/2010,CVG,KY,ASO,CE,Combined TRACON& Tower with Radar,211,260,14,0,485,0,0,0,0,0,211,260,14,0,485,0,0,0,485
12/02/2010,CVG,KY,ASO,CE,Combined TRACON& Tower with Radar,212,278,11,2,503,0,0,4,0,4,212,278,15,2,507,0,0,0,507
12/03/2010,CVG,KY,ASO,CE,Combined TRACON& Tower with Radar,228,277,7,0,512,0,0,0,0,0,228,277,7,0,512,0,0,0,512
12/04/2010,CVG,KY,ASO,CE,Combined TRACON& Tower with Radar,169,166,6,0,341,0,0,0,0,0,169,166,6,0,341,0,0,0,341
12/05/2010,CVG,KY,ASO,CE,Combined TRACON& Tower with Radar,177,244,8,2,431,0,0,0,0,0,177,244,8,2,431,0,0,0,431
12/06/2010,CVG,KY,ASO,CE,Combined TRACON& Tower with Radar,147,281,8,0,436,0,0,0,0,0,147,281,8,0,436,0,0,0,436
12/07/2010,CVG,KY,ASO,CE,Combined TRACON& Tower with Radar,201,274,11,0,486,0,0,7,0,7,201,274,18,0,493,0,0,0,493
12/08/2010,CVG,KY,ASO,CE,Combined TRACON& Tower with Radar,202,273,17,0,492,0,0,10,0,10,202,273,27,0,502,0,0,0,502
12/09/2010,CVG,KY,ASO,CE,Combined TRACON& Tower with Radar,216,289,22,0,527,0,4,18,0,22,216,293,40,0,549,0,0,0,549
12/10/2010,CVG,KY,ASO,CE,Combined TRACON& Tower with Radar,216,282,8,0,506,0,0,2,0,2,216,282,10,0,508,0,0,0,508
12/11/2010,CVG,KY,ASO,CE,Combined TRACON& Tower with Radar,166,164,4,0,334,0,1,2,0,3,166,165,6,0,337,0,0,0,337
12/12/2010,CVG,KY,ASO,CE,Combined TRACON& Tower with Radar,154,181,2,0,337,0,0,0,0,0,154,181,2,0,337,0,0,0,337
12/13/2010,CVG,KY,ASO,CE,Combined TRACON& Tower with Radar,161,263,12,0,436,0,0,1,0,1,161,263,13,0,437,0,0,0,437
12/14/2010,CVG,KY,ASO,CE,Combined TRACON& Tower with Radar,201,274,13,0,488,0,0,6,0,6,201,274,19,0,494,0,0,0,494
12/15/2010,CVG,KY,ASO,CE,Combined TRACON& Tower with Radar,202,284,19,0,505,0,0,5,0,5,202,284,24,0,510,0,0,0,510
12/16/2010,CVG,KY,ASO,CE,Combined TRACON& Tower with Radar,201,237,21,0,459,0,0,0,0,0,201,237,21,0,459,0,0,0,459
12/17/2010,CVG,KY,ASO,CE,Combined TRACON& Tower with Radar,208,287,12,0,507,0,0,0,0,0,208,287,12,0,507,0,0,0,507
12/18/2010,CVG,KY,ASO,CE,Combined TRACON& Tower with Radar,188,208,5,0,401,0,5,4,0,9,188,213,9,0,410,0,0,0,410
12/19/2010,CVG,KY,ASO,CE,Combined TRACON& Tower with Radar,186,248,3,1,438,0,0,0,0,0,186,248,3,1,438,0,0,0,438
12/20/2010,CVG,KY,ASO,CE,Combined TRACON& Tower with Radar,163,262,13,1,439,0,0,2,0,2,163,262,15,1,441,0,0,0,441
12/21/2010,CVG,KY,ASO,CE,Combined TRACON& Tower with Radar,221,239,4,0,464,0,0,0,0,0,221,239,4,0,464,0,0,0,464
12/22/2010,CVG,KY,ASO,CE,Combined TRACON& Tower with Radar,226,269,6,0,501,0,0,0,0,0,226,269,6,0,501,0,0,0,501
12/23/2010,CVG,KY,ASO,CE,Combined TRACON& Tower with Radar,224,265,3,0,492,0,0,0,0,0,224,265,3,0,492,0,0,0,492
12/24/2010,CVG,KY,ASO,CE,Combined TRACON& Tower with Radar,193,198,3,0,394,0,0,0,0,0,193,198,3,0,394,0,0,0,394
12/25/2010,CVG,KY,ASO,CE,Combined TRACON& Tower with Radar,145,169,0,0,314,0,0,0,0,0,145,169,0,0,314,0,0,0,314
12/26/2010,CVG,KY,ASO,CE,Combined TRACON& Tower with Radar,165,230,6,0,401,0,0,0,0,0,165,230,6,0,401,0,0,0,401
12/27/2010,CVG,KY,ASO,CE,Combined TRACON& Tower with Radar,150,227,6,0,383,0,0,2,0,2,150,227,8,0,385,0,0,0,385
12/28/2010,CVG,KY,ASO,CE,Combined TRACON& Tower with Radar,210,260,13,0,483,0,0,0,0,0,210,260,13,0,483,0,0,0,483
12/29/2010,CVG,KY,ASO,CE,Combined TRACON& Tower with Radar,215,270,10,0,495,0,0,3,0,3,215,270,13,0,498,0,0,0,498
12/30/2010,CVG,KY,ASO,CE,Combined TRACON& Tower with Radar,218,270,6,0,494,0,0,0,0,0,218,270,6,0,494,0,0,0,494
12/31/2010,CVG,KY,ASO,CE,Combined TRACON& Tower with Radar,189,200,3,0,392,0,0,2,0,2,189,200,5,0,394,0,0,0,394
01/01/2011,CVG,KY,ASO,CE,Combined TRACON& Tower with Radar,154,175,7,0,336,0,0,0,0,0,154,175,7,0,336,0,0,0,336
01/02/2011,CVG,KY,ASO,CE,Combined TRACON& Tower with Radar,186,252,7,0,445,0,2,0,0,2,186,254,7,0,447,0,0,0,447
01/03/2011,CVG,KY,ASO,CE,Combined TRACON& Tower with Radar,174,259,8,1,442,0,0,5,0,5,174,259,13,1,447,0,0,0,447
01/04/2011,CVG,KY,ASO,CE,Combined TRACON& Tower with Radar,213,284,5,0,502,0,0,2,0,2,213,284,7,0,504,0,0,0,504
01/05/2011,CVG,KY,ASO,CE,Combined TRACON& Tower with Radar,207,284,17,0,508,0,0,4,0,4,207,284,21,0,512,0,0,0,512
01/06/2011,CVG,KY,ASO,CE,Combined TRACON& Tower with Radar,219,277,11,0,507,0,0,2,0,2,219,277,13,0,509,0,0,0,509
01/07/2011,CVG,KY,ASO,CE,Combined TRACON& Tower with Radar,205,277,6,3,491,0,0,0,0,0,205,277,6,3,491,0,0,0,491
01/08/2011,CVG,KY,ASO,CE,Combined TRACON& Tower with Radar,168,152,2,0,322,0,0,0,0,0,168,152,2,0,322,0,0,0,322
01/09/2011,CVG,KY,ASO,CE,Combined TRACON& Tower with Radar,173,238,5,2,418,0,0,0,0,0,173,238,5,2,418,0,0,0,418
01/10/2011,CVG,KY,ASO,CE,Combined TRACON& Tower with Radar,144,267,11,0,422,0,0,8,0,8,144,267,19,0,430,0,0,0,430
01/11/2011,CVG,KY,ASO,CE,Combined TRACON& Tower with Radar,177,201,9,0,387,0,1,0,0,1,177,202,9,0,388,0,0,0,388
01/12/2011,CVG,KY,ASO,CE,Combined TRACON& Tower with Radar,195,265,10,0,470,0,0,0,0,0,195,265,10,0,470,0,0,0,470
01/13/2011,CVG,KY,ASO,CE,Combined TRACON& Tower with Radar,213,283,12,2,510,0,1,0,0,1,213,284,12,2,511,0,0,0,511
01/14/2011,CVG,KY,ASO,CE,Combined TRACON& Tower with Radar,218,283,13,0,514,0,1,4,0,5,218,284,17,0,519,0,0,0,519
01/15/2011,CVG,KY,ASO,CE,Combined TRACON& Tower with Radar,165,159,1,0,325,0,0,0,0,0,165,159,1,0,325,0,0,0,325
01/16/2011,CVG,KY,ASO,CE,Combined TRACON& Tower with Radar,169,226,2,0,397,0,0,0,0,0,169,226,2,0,397,0,0,0,397
01/17/2011,CVG,KY,ASO,CE,Combined TRACON& Tower with Radar,153,267,8,0,428,0,0,2,0,2,153,267,10,0,430,0,0,0,430
01/18/2011,CVG,KY,ASO,CE,Combined TRACON& Tower with Radar,215,257,14,0,486,0,0,0,0,0,215,257,14,0,486,0,0,0,486
01/19/2011,CVG,KY,ASO,CE,Combined TRACON& Tower with Radar,211,286,11,0,508,0,0,0,0,0,211,286,11,0,508,0,0,0,508
01/20/2011,CVG,KY,ASO,CE,Combined TRACON& Tower with Radar,185,162,13,0,360,0,0,0,0,0,185,162,13,0,360,0,0,0,360
01/21/2011,CVG,KY,ASO,CE,Combined TRACON& Tower with Radar,209,277,9,1,496,0,0,3,0,3,209,277,12,1,499,0,0,0,499
01/22/2011,CVG,KY,ASO,CE,Combined TRACON& Tower with Radar,166,159,2,0,327,0,0,0,0,0,166,159,2,0,327,0,0,0,327
01/23/2011,CVG,KY,ASO,CE,Combined TRACON& Tower with Radar,177,226,2,0,405,0,0,0,0,0,177,226,2,0,405,0,0,0,405
01/24/2011,CVG,KY,ASO,CE,Combined TRACON& Tower with Radar,162,272,14,0,448,0,0,0,0,0,162,272,14,0,448,0,0,0,448
01/25/2011,CVG,KY,ASO,CE,Combined TRACON& Tower with Radar,210,280,19,0,509,0,1,2,0,3,210,281,21,0,512,0,0,0,512
01/26/2011,CVG,KY,ASO,CE,Combined TRACON& Tower with Radar,212,246,10,0,468,0,0,0,0,0,212,246,10,0,468,0,0,0,468
01/27/2011,CVG,KY,ASO,CE,Combined TRACON& Tower with Radar,211,255,20,0,486,0,0,0,0,0,211,255,20,0,486,0,0,0,486
01/28/2011,CVG,KY,ASO,CE,Combined TRACON& Tower with Radar,222,270,11,0,503,0,0,0,0,0,222,270,11,0,503,0,0,0,503
01/29/2011,CVG,KY,ASO,CE,Combined TRACON& Tower with Radar,165,169,3,0,337,0,1,0,0,1,165,170,3,0,338,0,0,0,338
01/30/2011,CVG,KY,ASO,CE,Combined TRACON& Tower with Radar,175,236,2,0,413,0,2,1,0,3,175,238,3,0,416,0,0,0,416
01/31/2011,CVG,KY,ASO,CE,Combined TRACON& Tower with Radar,158,273,12,0,443,0,0,2,0,2,158,273,14,0,445,0,0,0,445
02/01/2011,CVG,KY,ASO,CE,Combined TRACON& Tower with Radar,156,127,0,0,283,0,0,0,0,0,156,127,0,0,283,0,0,0,283
02/02/2011,CVG,KY,ASO,CE,Combined TRACON& Tower with Radar,180,189,15,0,384,0,0,0,0,0,180,189,15,0,384,0,0,0,384
02/03/2011,CVG,KY,ASO,CE,Combined TRACON& Tower with Radar,221,242,5,0,468,0,0,4,0,4,221,242,9,0,472,0,0,0,472
02/04/2011,CVG,KY,ASO,CE,Combined TRACON& Tower with Radar,220,264,20,0,504,0,4,13,0,17,220,268,33,0,521,0,0,0,521
02/05/2011,CVG,KY,ASO,CE,Combined TRACON& Tower with Radar,158,165,2,0,325,0,0,0,0,0,158,165,2,0,325,0,0,0,325
02/06/2011,CVG,KY,ASO,CE,Combined TRACON& Tower with Radar,164,223,0,0,387,0,0,0,0,0,164,223,0,0,387,0,0,0,387
02/07/2011,CVG,KY,ASO,CE,Combined TRACON& Tower with Radar,159,251,12,0,422,0,0,0,0,0,159,251,12,0,422,0,0,0,422
02/08/2011,CVG,KY,ASO,CE,Combined TRACON& Tower with Radar,211,275,14,0,500,0,2,0,0,2,211,277,14,0,502,0,0,0,502
02/09/2011,CVG,KY,ASO,CE,Combined TRACON& Tower with Radar,215,272,13,0,500,0,5,6,0,11,215,277,19,0,511,0,0,0,511
02/10/2011,CVG,KY,ASO,CE,Combined TRACON& Tower with Radar,217,280,7,0,504,0,1,4,0,5,217,281,11,0,509,0,0,0,509
02/11/2011,CVG,KY,ASO,CE,Combined TRACON& Tower with Radar,215,282,7,0,504,0,1,2,0,3,215,283,9,0,507,0,0,0,507
02/12/2011,CVG,KY,ASO,CE,Combined TRACON& Tower with Radar,164,163,6,0,333,0,0,0,0,0,164,163,6,0,333,0,0,0,333
02/13/2011,CVG,KY,ASO,CE,Combined TRACON& Tower with Radar,175,220,6,0,401,0,0,0,0,0,175,220,6,0,401,0,0,0,401
02/14/2011,CVG,KY,ASO,CE,Combined TRACON& Tower with Radar,153,285,2,0,440,0,2,8,0,10,153,287,10,0,450,0,0,0,450
02/15/2011,CVG,KY,ASO,CE,Combined TRACON& Tower with Radar,210,265,10,0,485,0,1,6,0,7,210,266,16,0,492,0,0,0,492
02/16/2011,CVG,KY,ASO,CE,Combined TRACON& Tower with Radar,226,279,11,0,516,0,6,2,0,8,226,285,13,0,524,0,0,0,524
02/17/2011,CVG,KY,ASO,CE,Combined TRACON& Tower with Radar,227,284,17,0,528,0,0,7,0,7,227,284,24,0,535,0,0,0,535
02/18/2011,CVG,KY,ASO,CE,Combined TRACON& Tower with Radar,233,292,18,0,543,0,1,2,0,3,233,293,20,0,546,0,0,0,546
02/19/2011,CVG,KY,ASO,CE,Combined TRACON& Tower with Radar,183,151,11,0,345,0,0,2,0,2,183,151,13,0,347,0,0,0,347
02/20/2011,CVG,KY,ASO,CE,Combined TRACON& Tower with Radar,172,191,12,0,375,0,0,0,0,0,172,191,12,0,375,0,0,0,375
02/21/2011,CVG,KY,ASO,CE,Combined TRACON& Tower with Radar,156,269,9,2,436,0,0,0,0,0,156,269,9,2,436,0,0,0,436
02/22/2011,CVG,KY,ASO,CE,Combined TRACON& Tower with Radar,211,264,13,0,488,0,0,0,0,0,211,264,13,0,488,0,0,0,488
02/23/2011,CVG,KY,ASO,CE,Combined TRACON& Tower with Radar,220,265,17,0,502,0,0,1,0,1,220,265,18,0,503,0,0,0,503
02/24/2011,CVG,KY,ASO,CE,Combined TRACON& Tower with Radar,221,280,12,0,513,0,2,0,0,2,221,282,12,0,515,0,0,0,515
02/25/2011,CVG,KY,ASO,CE,Combined TRACON& Tower with Radar,222,270,9,0,501,0,1,0,0,1,222,271,9,0,502,0,0,0,502
02/26/2011,CVG,KY,ASO,CE,Combined TRACON& Tower with Radar,180,167,6,0,353,0,0,3,0,3,180,167,9,0,356,0,0,0,356
02/27/2011,CVG,KY,ASO,CE,Combined TRACON& Tower with Radar,188,222,7,0,417,0,0,0,0,0,188,222,7,0,417,0,0,0,417
02/28/2011,CVG,KY,ASO,CE,Combined TRACON& Tower with Radar,161,262,5,0,428,0,0,0,0,0,161,262,5,0,428,0,0,0,428
03/01/2011,CVG,KY,ASO,CE,Combined TRACON& Tower with Radar,217,281,10,0,508,0,0,5,0,5,217,281,15,0,513,0,0,0,513
03/02/2011,CVG,KY,ASO,CE,Combined TRACON& Tower with Radar,223,264,15,0,502,0,2,3,0,5,223,266,18,0,507,0,0,0,507
03/03/2011,CVG,KY,ASO,CE,Combined TRACON& Tower with Radar,231,269,17,0,517,0,0,4,2,6,231,269,21,2,523,0,0,0,523
03/04/2011,CVG,KY,ASO,CE,Combined TRACON& Tower with Radar,228,270,5,0,503,0,4,0,0,4,228,274,5,0,507,0,0,0,507
03/05/2011,CVG,KY,ASO,CE,Combined TRACON& Tower with Radar,165,143,1,0,309,0,0,0,0,0,165,143,1,0,309,0,0,0,309
03/06/2011,CVG,KY,ASO,CE,Combined TRACON& Tower with Radar,184,234,5,0,423,0,0,0,0,0,184,234,5,0,423,0,0,0,423
03/07/2011,CVG,KY,ASO,CE,Combined TRACON& Tower with Radar,167,263,10,0,440,0,1,2,0,3,167,264,12,0,443,0,0,0,443
03/08/2011,CVG,KY,ASO,CE,Combined TRACON& Tower with Radar,216,266,10,0,492,0,2,0,0,2,216,268,10,0,494,0,0,0,494
03/09/2011,CVG,KY,ASO,CE,Combined TRACON& Tower with Radar,220,263,5,0,488,0,0,0,0,0,220,263,5,0,488,0,0,0,488
03/10/2011,CVG,KY,ASO,CE,Combined TRACON& Tower with Radar,220,269,17,0,506,0,0,0,0,0,220,269,17,0,506,0,0,0,506
03/11/2011,CVG,KY,ASO,CE,Combined TRACON& Tower with Radar,232,268,7,0,507,0,0,5,1,6,232,268,12,1,513,0,0,0,513
03/12/2011,CVG,KY,ASO,CE,Combined TRACON& Tower with Radar,204,183,1,0,388,0,0,2,1,3,204,183,3,1,391,0,0,0,391
03/13/2011,CVG,KY,ASO,CE,Combined TRACON& Tower with Radar,187,237,8,0,432,0,0,2,0,2,187,237,10,0,434,0,0,0,434
03/14/2011,CVG,KY,ASO,CE,Combined TRACON& Tower with Radar,163,263,12,0,438,0,1,2,0,3,163,264,14,0,441,0,0,0,441
03/15/2011,CVG,KY,ASO,CE,Combined TRACON& Tower with Radar,231,264,13,0,508,0,1,0,0,1,231,265,13,0,509,0,0,0,509
03/16/2011,CVG,KY,ASO,CE,Combined TRACON& Tower with Radar,226,267,8,0,501,0,4,1,0,5,226,271,9,0,506,0,0,0,506
03/17/2011,CVG,KY,ASO,CE,Combined TRACON& Tower with Radar,229,295,10,0,534,0,11,7,0,18,229,306,17,0,552,0,0,0,552
03/18/2011,CVG,KY,ASO,CE,Combined TRACON& Tower with Radar,234,266,9,0,509,0,0,5,0,5,234,266,14,0,514,0,0,0,514
03/19/2011,CVG,KY,ASO,CE,Combined TRACON& Tower with Radar,201,183,9,0,393,0,1,5,0,6,201,184,14,0,399,0,0,0,399
03/20/2011,CVG,KY,ASO,CE,Combined TRACON& Tower with Radar,194,244,3,0,441,0,0,2,0,2,194,244,5,0,443,0,0,0,443
03/21/2011,CVG,KY,ASO,CE,Combined TRACON& Tower with Radar,172,268,12,0,452,0,0,0,0,0,172,268,12,0,452,0,0,0,452
03/22/2011,CVG,KY,ASO,CE,Combined TRACON& Tower with Radar,220,269,13,0,502,0,0,2,0,2,220,269,15,0,504,0,0,0,504
03/23/2011,CVG,KY,ASO,CE,Combined TRACON& Tower with Radar,217,258,21,1,497,0,0,5,0,5,217,258,26,1,502,0,0,0,502
03/24/2011,CVG,KY,ASO,CE,Combined TRACON& Tower with Radar,233,269,16,0,518,0,4,2,0,6,233,273,18,0,524,0,0,0,524
03/25/2011,CVG,KY,ASO,CE,Combined TRACON& Tower with Radar,231,265,14,0,510,0,0,0,0,0,231,265,14,0,510,0,0,0,510
03/26/2011,CVG,KY,ASO,CE,Combined TRACON& Tower with Radar,200,188,8,0,396,0,5,0,0,5,200,193,8,0,401,0,0,0,401
03/27/2011,CVG,KY,ASO,CE,Combined TRACON& Tower with Radar,186,242,6,2,436,0,0,4,0,4,186,242,10,2,440,0,0,0,440
03/28/2011,CVG,KY,ASO,CE,Combined TRACON& Tower with Radar,172,267,3,0,442,0,1,6,0,7,172,268,9,0,449,0,0,0,449
03/29/2011,CVG,KY,ASO,CE,Combined TRACON& Tower with Radar,221,276,12,0,509,0,0,9,0,9,221,276,21,0,518,0,0,0,518
03/30/2011,CVG,KY,ASO,CE,Combined TRACON& Tower with Radar,222,279,8,2,511,0,0,0,0,0,222,279,8,2,511,0,0,0,511
03/31/2011,CVG,KY,ASO,CE,Combined TRACON& Tower with Radar,233,274,15,0,522,0,12,0,0,12,233,286,15,0,534,0,0,0,534
04/01/2011,CVG,KY,ASO,CE,Combined TRACON& Tower with Radar,235,267,13,0,515,0,12,2,0,14,235,279,15,0,529,0,0,0,529
04/02/2011,CVG,KY,ASO,CE,Combined TRACON& Tower with Radar,182,159,2,0,343,0,0,0,0,0,182,159,2,0,343,0,0,0,343
04/03/2011,CVG,KY,ASO,CE,Combined TRACON& Tower with Radar,191,238,0,0,429,0,0,2,0,2,191,238,2,0,431,0,0,0,431
04/04/2011,CVG,KY,ASO,CE,Combined TRACON& Tower with Radar,170,259,6,0,435,0,2,0,0,2,170,261,6,0,437,0,0,0,437
04/05/2011,CVG,KY,ASO,CE,Combined TRACON& Tower with Radar,226,262,17,0,505,0,3,2,0,5,226,265,19,0,510,0,0,0,510
04/06/2011,CVG,KY,ASO,CE,Combined TRACON& Tower with Radar,221,274,18,1,514,0,0,4,0,4,221,274,22,1,518,0,0,0,518
04/07/2011,CVG,KY,ASO,CE,Combined TRACON& Tower with Radar,226,269,19,0,514,0,0,5,0,5,226,269,24,0,519,0,0,0,519
04/08/2011,CVG,KY,ASO,CE,Combined TRACON& Tower with Radar,223,262,14,0,499,0,0,2,0,2,223,262,16,0,501,0,0,0,501
04/09/2011,CVG,KY,ASO,CE,Combined TRACON& Tower with Radar,182,169,3,0,354,0,0,1,0,1,182,169,4,0,355,0,0,0,355
04/10/2011,CVG,KY,ASO,CE,Combined TRACON& Tower with Radar,192,231,6,0,429,0,0,1,0,1,192,231,7,0,430,0,0,0,430
04/11/2011,CVG,KY,ASO,CE,Combined TRACON& Tower with Radar,166,270,14,0,450,0,1,0,0,1,166,271,14,0,451,0,0,0,451
04/12/2011,CVG,KY,ASO,CE,Combined TRACON& Tower with Radar,220,260,20,0,500,0,0,6,0,6,220,260,26,0,506,0,0,0,506
04/13/2011,CVG,KY,ASO,CE,Combined TRACON& Tower with Radar,227,256,8,0,491,0,5,7,0,12,227,261,15,0,503,0,0,0,503
04/14/2011,CVG,KY,ASO,CE,Combined TRACON& Tower with Radar,231,281,20,0,532,0,0,0,0,0,231,281,20,0,532,0,0,0,532
04/15/2011,CVG,KY,ASO,CE,Combined TRACON& Tower with Radar,224,270,5,0,499,0,0,1,0,1,224,270,6,0,500,0,0,0,500
04/16/2011,CVG,KY,ASO,CE,Combined TRACON& Tower with Radar,175,171,5,0,351,0,2,0,0,2,175,173,5,0,353,0,0,0,353
04/17/2011,CVG,KY,ASO,CE,Combined TRACON& Tower with Radar,190,227,17,0,434,0,0,0,0,0,190,227,17,0,434,0,0,0,434
04/18/2011,CVG,KY,ASO,CE,Combined TRACON& Tower with Radar,165,266,12,0,443,0,2,3,0,5,165,268,15,0,448,0,0,0,448
04/19/2011,CVG,KY,ASO,CE,Combined TRACON& Tower with Radar,226,257,12,0,495,0,0,0,0,0,226,257,12,0,495,0,0,0,495
04/20/2011,CVG,KY,ASO,CE,Combined TRACON& Tower with Radar,225,266,19,0,510,0,0,0,0,0,225,266,19,0,510,0,0,0,510
04/21/2011,CVG,KY,ASO,CE,Combined TRACON& Tower with Radar,234,273,12,0,519,0,0,8,0,8,234,273,20,0,527,0,0,0,527
04/22/2011,CVG,KY,ASO,CE,Combined TRACON& Tower with Radar,231,258,2,0,491,0,0,0,0,0,231,258,2,0,491,0,0,0,491
04/23/2011,CVG,KY,ASO,CE,Combined TRACON& Tower with Radar,164,153,1,0,318,0,0,0,0,0,164,153,1,0,318,0,0,0,318
04/24/2011,CVG,KY,ASO,CE,Combined TRACON& Tower with Radar,189,228,5,0,422,0,0,0,0,0,189,228,5,0,422,0,0,0,422
04/25/2011,CVG,KY,ASO,CE,Combined TRACON& Tower with Radar,164,259,20,0,443,0,4,0,0,4,164,263,20,0,447,0,0,0,447
04/26/2011,CVG,KY,ASO,CE,Combined TRACON& Tower with Radar,222,273,20,0,515,0,0,0,0,0,222,273,20,0,515,0,0,0,515
04/27/2011,CVG,KY,ASO,CE,Combined TRACON& Tower with Radar,217,255,11,0,483,0,0,0,0,0,217,255,11,0,483,0,0,0,483
04/28/2011,CVG,KY,ASO,CE,Combined TRACON& Tower with Radar,228,267,13,0,508,0,0,2,0,2,228,267,15,0,510,0,0,0,510
04/29/2011,CVG,KY,ASO,CE,Combined TRACON& Tower with Radar,234,282,23,0,539,0,0,12,0,12,234,282,35,0,551,0,0,0,551
04/30/2011,CVG,KY,ASO,CE,Combined TRACON& Tower with Radar,178,173,6,3,360,0,0,1,3,4,178,173,7,6,364,0,0,0,364
05/01/2011,CVG,KY,ASO,CE,Combined TRACON& Tower with Radar,179,227,4,0,410,0,0,0,0,0,179,227,4,0,410,0,0,0,410
05/02/2011,CVG,KY,ASO,CE,Combined TRACON& Tower with Radar,152,279,14,0,445,0,0,0,0,0,152,279,14,0,445,0,0,0,445
05/03/2011,CVG,KY,ASO,CE,Combined TRACON& Tower with Radar,203,280,19,0,502,0,2,0,0,2,203,282,19,0,504,0,0,0,504
05/04/2011,CVG,KY,ASO,CE,Combined TRACON& Tower with Radar,207,276,17,0,500,0,0,3,0,3,207,276,20,0,503,0,0,0,503
05/05/2011,CVG,KY,ASO,CE,Combined TRACON& Tower with Radar,216,283,22,0,521,0,0,8,0,8,216,283,30,0,529,0,0,0,529
05/06/2011,CVG,KY,ASO,CE,Combined TRACON& Tower with Radar,212,284,18,0,514,0,2,0,0,2,212,286,18,0,516,0,0,0,516
05/07/2011,CVG,KY,ASO,CE,Combined TRACON& Tower with Radar,154,167,6,0,327,0,0,1,0,1,154,167,7,0,328,0,0,0,328
05/08/2011,CVG,KY,ASO,CE,Combined TRACON& Tower with Radar,177,239,13,0,429,0,0,2,0,2,177,239,15,0,431,0,0,0,431
05/09/2011,CVG,KY,ASO,CE,Combined TRACON& Tower with Radar,164,276,10,0,450,0,5,7,0,12,164,281,17,0,462,0,0,0,462
05/10/2011,CVG,KY,ASO,CE,Combined TRACON& Tower with Radar,215,258,19,1,493,0,3,0,0,3,215,261,19,1,496,0,0,0,496
05/11/2011,CVG,KY,ASO,CE,Combined TRACON& Tower with Radar,221,248,7,0,476,0,2,2,0,4,221,250,9,0,480,0,0,0,480
05/12/2011,CVG,KY,ASO,CE,Combined TRACON& Tower with Radar,225,283,16,0,524,0,0,4,1,5,225,283,20,1,529,0,0,0,529
05/13/2011,CVG,KY,ASO,CE,Combined TRACON& Tower with Radar,215,257,5,0,477,0,0,4,0,4,215,257,9,0,481,0,0,0,481
05/14/2011,CVG,KY,ASO,CE,Combined TRACON& Tower with Radar,169,167,5,6,347,0,1,0,0,1,169,168,5,6,348,0,0,0,348
05/15/2011,CVG,KY,ASO,CE,Combined TRACON& Tower with Radar,180,224,4,0,408,0,0,0,0,0,180,224,4,0,408,0,0,0,408
05/16/2011,CVG,KY,ASO,CE,Combined TRACON& Tower with Radar,152,270,12,0,434,0,0,4,0,4,152,270,16,0,438,0,0,0,438
05/17/2011,CVG,KY,ASO,CE,Combined TRACON& Tower with Radar,217,260,13,0,490,0,0,0,0,0,217,260,13,0,490,0,0,0,490
05/18/2011,CVG,KY,ASO,CE,Combined TRACON& Tower with Radar,216,260,14,3,493,0,0,0,0,0,216,260,14,3,493,0,0,0,493
05/19/2011,CVG,KY,ASO,CE,Combined TRACON& Tower with Radar,230,266,15,1,512,0,0,0,0,0,230,266,15,1,512,0,0,0,512
05/20/2011,CVG,KY,ASO,CE,Combined TRACON& Tower with Radar,227,269,16,0,512,0,1,19,0,20,227,270,35,0,532,0,0,0,532
05/21/2011,CVG,KY,ASO,CE,Combined TRACON& Tower with Radar,169,164,8,0,341,0,1,5,0,6,169,165,13,0,347,0,0,0,347
05/22/2011,CVG,KY,ASO,CE,Combined TRACON& Tower with Radar,182,234,10,0,426,0,2,0,0,2,182,236,10,0,428,0,0,0,428
05/23/2011,CVG,KY,ASO,CE,Combined TRACON& Tower with Radar,158,250,10,0,418,0,0,7,0,7,158,250,17,0,425,0,0,0,425
05/24/2011,CVG,KY,ASO,CE,Combined TRACON& Tower with Radar,208,267,13,0,488,0,2,2,0,4,208,269,15,0,492,0,0,0,492
05/25/2011,CVG,KY,ASO,CE,Combined TRACON& Tower with Radar,205,257,20,0,482,0,3,8,0,11,205,260,28,0,493,0,0,0,493
05/26/2011,CVG,KY,ASO,CE,Combined TRACON& Tower with Radar,232,275,9,0,516,0,0,3,0,3,232,275,12,0,519,0,0,0,519
05/27/2011,CVG,KY,ASO,CE,Combined TRACON& Tower with Radar,226,276,13,0,515,0,0,2,0,2,226,276,15,0,517,0,0,0,517
05/28/2011,CVG,KY,ASO,CE,Combined TRACON& Tower with Radar,172,164,0,0,336,0,2,4,0,6,172,166,4,0,342,0,0,0,342
05/29/2011,CVG,KY,ASO,CE,Combined TRACON& Tower with Radar,140,150,5,0,295,0,0,3,0,3,140,150,8,0,298,0,0,0,298
05/30/2011,CVG,KY,ASO,CE,Combined TRACON& Tower with Radar,155,233,6,0,394,0,4,1,0,5,155,237,7,0,399,0,0,0,399
05/31/2011,CVG,KY,ASO,CE,Combined TRACON& Tower with Radar,196,256,16,0,468,0,0,4,0,4,196,256,20,0,472,0,0,0,472
06/01/2011,CVG,KY,ASO,CE,Combined TRACON& Tower with Radar,222,265,21,0,508,0,0,19,0,19,222,265,40,0,527,0,0,0,527
06/02/2011,CVG,KY,ASO,CE,Combined TRACON& Tower with Radar,227,266,12,0,505,0,0,15,0,15,227,266,27,0,520,0,0,0,520
06/03/2011,CVG,KY,ASO,CE,Combined TRACON& Tower with Radar,230,260,10,0,500,0,0,16,0,16,230,260,26,0,516,0,0,0,516
06/04/2011,CVG,KY,ASO,CE,Combined TRACON& Tower with Radar,166,163,5,0,334,0,0,7,0,7,166,163,12,0,341,0,0,0,341
06/05/2011,CVG,KY,ASO,CE,Combined TRACON& Tower with Radar,183,235,12,0,430,0,2,1,0,3,183,237,13,0,433,0,0,0,433
06/06/2011,CVG,KY,ASO,CE,Combined TRACON& Tower with Radar,174,261,7,0,442,0,0,8,0,8,174,261,15,0,450,0,0,0,450
06/07/2011,CVG,KY,ASO,CE,Combined TRACON& Tower with Radar,221,255,14,0,490,0,0,11,0,11,221,255,25,0,501,0,0,0,501
06/08/2011,CVG,KY,ASO,CE,Combined TRACON& Tower with Radar,225,260,6,2,493,0,0,8,0,8,225,260,14,2,501,0,0,0,501
06/09/2011,CVG,KY,ASO,CE,Combined TRACON& Tower with Radar,221,244,16,0,481,0,3,0,0,3,221,247,16,0,484,0,0,0,484
06/10/2011,CVG,KY,ASO,CE,Combined TRACON& Tower with Radar,235,256,7,0,498,0,1,0,0,1,235,257,7,0,499,0,0,0,499
06/11/2011,CVG,KY,ASO,CE,Combined TRACON& Tower with Radar,183,162,6,0,351,0,0,2,0,2,183,162,8,0,353,0,0,0,353
06/12/2011,CVG,KY,ASO,CE,Combined TRACON& Tower with Radar,183,223,7,0,413,0,0,5,0,5,183,223,12,0,418,0,0,0,418
06/13/2011,CVG,KY,ASO,CE,Combined TRACON& Tower with Radar,169,263,8,0,440,0,1,8,0,9,169,264,16,0,449,0,0,0,449
06/14/2011,CVG,KY,ASO,CE,Combined TRACON& Tower with Radar,226,264,11,0,501,0,5,5,0,10,226,269,16,0,511,0,0,0,511
06/15/2011,CVG,KY,ASO,CE,Combined TRACON& Tower with Radar,222,264,22,0,508,0,0,2,0,2,222,264,24,0,510,0,0,0,510
06/16/2011,CVG,KY,ASO,CE,Combined TRACON& Tower with Radar,234,267,20,0,521,0,2,0,0,2,234,269,20,0,523,0,0,0,523
06/17/2011,CVG,KY,ASO,CE,Combined TRACON& Tower with Radar,225,261,16,0,502,0,2,6,0,8,225,263,22,0,510,0,0,0,510
06/18/2011,CVG,KY,ASO,CE,Combined TRACON& Tower with Radar,180,164,6,0,350,0,0,1,0,1,180,164,7,0,351,0,0,0,351
06/19/2011,CVG,KY,ASO,CE,Combined TRACON& Tower with Radar,184,225,6,0,415,0,0,0,0,0,184,225,6,0,415,0,0,0,415
06/20/2011,CVG,KY,ASO,CE,Combined TRACON& Tower with Radar,174,265,18,0,457,0,0,0,0,0,174,265,18,0,457,0,0,0,457
06/21/2011,CVG,KY,ASO,CE,Combined TRACON& Tower with Radar,230,252,12,0,494,0,0,5,0,5,230,252,17,0,499,0,0,0,499
06/22/2011,CVG,KY,ASO,CE,Combined TRACON& Tower with Radar,234,253,20,0,507,0,1,2,2,5,234,254,22,2,512,0,0,0,512
06/23/2011,CVG,KY,ASO,CE,Combined TRACON& Tower with Radar,230,262,8,2,502,0,1,3,0,4,230,263,11,2,506,0,0,0,506
06/24/2011,CVG,KY,ASO,CE,Combined TRACON& Tower with Radar,231,251,6,1,489,0,0,3,1,4,231,251,9,2,493,0,0,0,493
06/25/2011,CVG,KY,ASO,CE,Combined TRACON& Tower with Radar,180,162,7,0,349,0,0,0,0,0,180,162,7,0,349,0,0,0,349
06/26/2011,CVG,KY,ASO,CE,Combined TRACON& Tower with Radar,178,223,3,0,404,0,0,0,0,0,178,223,3,0,404,0,0,0,404
06/27/2011,CVG,KY,ASO,CE,Combined TRACON& Tower with Radar,173,261,6,0,440,0,1,0,0,1,173,262,6,0,441,0,0,0,441
06/28/2011,CVG,KY,ASO,CE,Combined TRACON& Tower with Radar,222,274,9,0,505,0,1,0,0,1,222,275,9,0,506,0,0,0,506
06/29/2011,CVG,KY,ASO,CE,Combined TRACON& Tower with Radar,235,268,15,0,518,0,0,2,0,2,235,268,17,0,520,0,0,0,520
06/30/2011,CVG,KY,ASO,CE,Combined TRACON& Tower with Radar,232,271,16,0,519,0,2,10,0,12,232,273,26,0,531,0,0,0,531
07/01/2011,CVG,KY,ASO,CE,Combined TRACON& Tower with Radar,228,267,9,0,504,0,0,4,0,4,228,267,13,0,508,0,0,0,508
07/02/2011,CVG,KY,ASO,CE,Combined TRACON& Tower with Radar,174,163,4,0,341,0,3,2,0,5,174,166,6,0,346,0,0,0,346
07/03/2011,CVG,KY,ASO,CE,Combined TRACON& Tower with Radar,150,157,2,0,309,0,0,0,0,0,150,157,2,0,309,0,0,0,309
07/04/2011,CVG,KY,ASO,CE,Combined TRACON& Tower with Radar,152,225,3,0,380,0,0,2,0,2,152,225,5,0,382,0,0,0,382
07/05/2011,CVG,KY,ASO,CE,Combined TRACON& Tower with Radar,202,269,17,0,488,0,1,4,0,5,202,270,21,0,493,0,0,0,493
07/06/2011,CVG,KY,ASO,CE,Combined TRACON& Tower with Radar,233,270,44,0,547,0,4,4,0,8,233,274,48,0,555,0,0,0,555
07/07/2011,CVG,KY,ASO,CE,Combined TRACON& Tower with Radar,234,276,41,0,551,0,4,9,2,15,234,280,50,2,566,0,0,0,566
07/08/2011,CVG,KY,ASO,CE,Combined TRACON& Tower with Radar,230,264,32,0,526,0,0,5,1,6,230,264,37,1,532,0,0,0,532
07/09/2011,CVG,KY,ASO,CE,Combined TRACON& Tower with Radar,185,167,58,0,410,0,4,2,14,20,185,171,60,14,430,0,0,0,430
07/10/2011,CVG,KY,ASO,CE,Combined TRACON& Tower with Radar,200,230,47,0,477,0,8,3,2,13,200,238,50,2,490,0,0,0,490
07/11/2011,CVG,KY,ASO,CE,Combined TRACON& Tower with Radar,173,257,16,0,446,0,10,7,0,17,173,267,23,0,463,0,0,0,463
07/12/2011,CVG,KY,ASO,CE,Combined TRACON& Tower with Radar,226,286,10,0,522,0,5,4,0,9,226,291,14,0,531,0,0,0,531
07/13/2011,CVG,KY,ASO,CE,Combined TRACON& Tower with Radar,236,271,13,0,520,0,18,7,0,25,236,289,20,0,545,0,0,0,545
07/14/2011,CVG,KY,ASO,CE,Combined TRACON& Tower with Radar,245,268,21,0,534,0,3,1,0,4,245,271,22,0,538,0,0,0,538
07/15/2011,CVG,KY,ASO,CE,Combined TRACON& Tower with Radar,235,274,13,2,524,0,1,2,0,3,235,275,15,2,527,0,0,0,527
07/16/2011,CVG,KY,ASO,CE,Combined TRACON& Tower with Radar,188,169,7,1,365,0,0,0,0,0,188,169,7,1,365,0,0,0,365
07/17/2011,CVG,KY,ASO,CE,Combined TRACON& Tower with Radar,191,219,3,2,415,0,0,3,0,3,191,219,6,2,418,0,0,0,418
07/18/2011,CVG,KY,ASO,CE,Combined TRACON& Tower with Radar,176,266,12,0,454,0,4,8,0,12,176,270,20,0,466,0,0,0,466
07/19/2011,CVG,KY,ASO,CE,Combined TRACON& Tower with Radar,223,280,10,0,513,0,1,0,0,1,223,281,10,0,514,0,0,0,514
07/20/2011,CVG,KY,ASO,CE,Combined TRACON& Tower with Radar,243,277,11,1,532,0,4,4,0,8,243,281,15,1,540,0,0,0,540
07/21/2011,CVG,KY,ASO,CE,Combined TRACON& Tower with Radar,236,263,17,0,516,0,1,5,0,6,236,264,22,0,522,0,0,0,522
07/22/2011,CVG,KY,ASO,CE,Combined TRACON& Tower with Radar,237,273,21,1,532,0,2,0,0,2,237,275,21,1,534,0,0,0,534
07/23/2011,CVG,KY,ASO,CE,Combined TRACON& Tower with Radar,183,166,5,0,354,0,0,0,0,0,183,166,5,0,354,0,0,0,354
07/24/2011,CVG,KY,ASO,CE,Combined TRACON& Tower with Radar,187,225,5,0,417,0,2,4,0,6,187,227,9,0,423,0,0,0,423
07/25/2011,CVG,KY,ASO,CE,Combined TRACON& Tower with Radar,181,252,10,0,443,0,0,0,0,0,181,252,10,0,443,0,0,0,443
07/26/2011,CVG,KY,ASO,CE,Combined TRACON& Tower with Radar,230,270,12,0,512,0,1,5,0,6,230,271,17,0,518,0,0,0,518
07/27/2011,CVG,KY,ASO,CE,Combined TRACON& Tower with Radar,231,264,9,0,504,0,0,4,0,4,231,264,13,0,508,0,0,0,508
07/28/2011,CVG,KY,ASO,CE,Combined TRACON& Tower with Radar,236,268,10,0,514,0,0,5,0,5,236,268,15,0,519,0,0,0,519
07/29/2011,CVG,KY,ASO,CE,Combined TRACON& Tower with Radar,232,263,13,0,508,0,4,1,0,5,232,267,14,0,513,0,0,0,513
07/30/2011,CVG,KY,ASO,CE,Combined TRACON& Tower with Radar,185,174,0,0,359,0,0,2,0,2,185,174,2,0,361,0,0,0,361
07/31/2011,CVG,KY,ASO,CE,Combined TRACON& Tower with Radar,184,232,1,0,417,0,0,1,0,1,184,232,2,0,418,0,0,0,418
08/01/2011,CVG,KY,ASO,CE,Combined TRACON& Tower with Radar,172,260,11,0,443,0,0,7,2,9,172,260,18,2,452,0,0,0,452
08/02/2011,CVG,KY,ASO,CE,Combined TRACON& Tower with Radar,219,271,8,0,498,0,2,5,0,7,219,273,13,0,505,0,0,0,505
08/03/2011,CVG,KY,ASO,CE,Combined TRACON& Tower with Radar,228,265,14,0,507,0,0,3,0,3,228,265,17,0,510,0,0,0,510
08/04/2011,CVG,KY,ASO,CE,Combined TRACON& Tower with Radar,227,270,15,0,512,0,0,3,0,3,227,270,18,0,515,0,0,0,515
08/05/2011,CVG,KY,ASO,CE,Combined TRACON& Tower with Radar,224,270,12,0,506,0,3,1,0,4,224,273,13,0,510,0,0,0,510
08/06/2011,CVG,KY,ASO,CE,Combined TRACON& Tower with Radar,168,172,0,0,340,0,2,0,0,2,168,174,0,0,342,0,0,0,342
08/07/2011,CVG,KY,ASO,CE,Combined TRACON& Tower with Radar,184,230,6,0,420,0,0,2,0,2,184,230,8,0,422,0,0,0,422
08/08/2011,CVG,KY,ASO,CE,Combined TRACON& Tower with Radar,171,277,14,0,462,0,0,2,0,2,171,277,16,0,464,0,0,0,464
08/09/2011,CVG,KY,ASO,CE,Combined TRACON& Tower with Radar,229,269,15,2,515,0,0,0,0,0,229,269,15,2,515,0,0,0,515
08/10/2011,CVG,KY,ASO,CE,Combined TRACON& Tower with Radar,223,273,10,0,506,0,1,9,0,10,223,274,19,0,516,0,0,0,516
08/11/2011,CVG,KY,ASO,CE,Combined TRACON& Tower with Radar,234,272,21,2,529,0,0,2,0,2,234,272,23,2,531,0,0,0,531
08/12/2011,CVG,KY,ASO,CE,Combined TRACON& Tower with Radar,223,269,8,0,500,0,0,2,0,2,223,269,10,0,502,0,0,0,502
08/13/2011,CVG,KY,ASO,CE,Combined TRACON& Tower with Radar,178,172,2,0,352,0,0,0,0,0,178,172,2,0,352,0,0,0,352
08/14/2011,CVG,KY,ASO,CE,Combined TRACON& Tower with Radar,180,219,3,0,402,0,1,0,0,1,180,220,3,0,403,0,0,0,403
08/15/2011,CVG,KY,ASO,CE,Combined TRACON& Tower with Radar,173,257,8,0,438,0,10,2,0,12,173,267,10,0,450,0,0,0,450
08/16/2011,CVG,KY,ASO,CE,Combined TRACON& Tower with Radar,213,255,10,0,478,0,2,10,1,13,213,257,20,1,491,0,0,0,491
08/17/2011,CVG,KY,ASO,CE,Combined TRACON& Tower with Radar,207,257,11,2,477,0,1,3,1,5,207,258,14,3,482,0,0,0,482
08/18/2011,CVG,KY,ASO,CE,Combined TRACON& Tower with Radar,211,254,15,2,482,0,2,1,0,3,211,256,16,2,485,0,0,0,485
08/19/2011,CVG,KY,ASO,CE,Combined TRACON& Tower with Radar,211,247,17,0,475,0,0,9,0,9,211,247,26,0,484,0,0,0,484
08/20/2011,CVG,KY,ASO,CE,Combined TRACON& Tower with Radar,170,160,4,2,336,0,0,0,0,0,170,160,4,2,336,0,0,0,336
08/21/2011,CVG,KY,ASO,CE,Combined TRACON& Tower with Radar,177,219,8,0,404,0,0,0,0,0,177,219,8,0,404,0,0,0,404
08/22/2011,CVG,KY,ASO,CE,Combined TRACON& Tower with Radar,167,250,12,0,429,0,0,17,0,17,167,250,29,0,446,0,0,0,446
08/23/2011,CVG,KY,ASO,CE,Combined TRACON& Tower with Radar,208,249,8,0,465,0,1,2,0,3,208,250,10,0,468,0,0,0,468
08/24/2011,CVG,KY,ASO,CE,Combined TRACON& Tower with Radar,215,254,7,0,476,0,0,1,0,1,215,254,8,0,477,0,0,0,477
08/25/2011,CVG,KY,ASO,CE,Combined TRACON& Tower with Radar,226,251,13,0,490,0,0,0,0,0,226,251,13,0,490,0,0,0,490
08/26/2011,CVG,KY,ASO,CE,Combined TRACON& Tower with Radar,226,261,7,0,494,0,1,6,0,7,226,262,13,0,501,0,0,0,501
08/27/2011,CVG,KY,ASO,CE,Combined TRACON& Tower with Radar,171,162,6,0,339,0,0,3,0,3,171,162,9,0,342,0,0,0,342
08/28/2011,CVG,KY,ASO,CE,Combined TRACON& Tower with Radar,149,189,6,0,344,0,3,3,0,6,149,192,9,0,350,0,0,0,350
08/29/2011,CVG,KY,ASO,CE,Combined TRACON& Tower with Radar,166,236,13,0,415,0,6,4,0,10,166,242,17,0,425,0,0,0,425
08/30/2011,CVG,KY,ASO,CE,Combined TRACON& Tower with Radar,216,259,17,0,492,0,0,5,0,5,216,259,22,0,497,0,0,0,497
08/31/2011,CVG,KY,ASO,CE,Combined TRACON& Tower with Radar,207,249,8,0,464,0,2,4,0,6,207,251,12,0,470,0,0,0,470
09/01/2011,CVG,KY,ASO,CE,Combined TRACON& Tower with Radar,228,261,15,0,504,0,0,0,2,2,228,261,15,2,506,0,0,0,506
09/02/2011,CVG,KY,ASO,CE,Combined TRACON& Tower with Radar,217,256,7,0,480,0,0,4,0,4,217,256,11,0,484,0,0,0,484
09/03/2011,CVG,KY,ASO,CE,Combined TRACON& Tower with Radar,171,152,2,0,325,0,0,0,0,0,171,152,2,0,325,0,0,0,325
09/04/2011,CVG,KY,ASO,CE,Combined TRACON& Tower with Radar,131,159,1,1,292,0,0,0,1,1,131,159,1,2,293,0,0,0,293
09/05/2011,CVG,KY,ASO,CE,Combined TRACON& Tower with Radar,149,234,7,0,390,0,2,0,0,2,149,236,7,0,392,0,0,0,392
09/06/2011,CVG,KY,ASO,CE,Combined TRACON& Tower with Radar,202,254,6,0,462,0,2,3,0,5,202,256,9,0,467,0,0,0,467
09/07/2011,CVG,KY,ASO,CE,Combined TRACON& Tower with Radar,207,246,19,0,472,0,0,0,0,0,207,246,19,0,472,0,0,0,472
09/08/2011,CVG,KY,ASO,CE,Combined TRACON& Tower with Radar,224,260,6,0,490,0,0,0,0,0,224,260,6,0,490,0,0,0,490
09/09/2011,CVG,KY,ASO,CE,Combined TRACON& Tower with Radar,221,262,7,0,490,0,0,2,0,2,221,262,9,0,492,0,0,0,492
09/10/2011,CVG,KY,ASO,CE,Combined TRACON& Tower with Radar,167,136,2,1,306,0,2,0,3,5,167,138,2,4,311,0,0,0,311
09/11/2011,CVG,KY,ASO,CE,Combined TRACON& Tower with Radar,171,214,2,0,387,0,1,0,0,1,171,215,2,0,388,0,0,0,388
09/12/2011,CVG,KY,ASO,CE,Combined TRACON& Tower with Radar,162,259,16,0,437,0,4,18,0,22,162,263,34,0,459,0,0,0,459
09/13/2011,CVG,KY,ASO,CE,Combined TRACON& Tower with Radar,210,256,12,0,478,0,2,3,0,5,210,258,15,0,483,0,0,0,483
09/14/2011,CVG,KY,ASO,CE,Combined TRACON& Tower with Radar,217,253,6,0,476,0,1,2,0,3,217,254,8,0,479,0,0,0,479
09/15/2011,CVG,KY,ASO,CE,Combined TRACON& Tower with Radar,223,266,16,0,505,0,0,0,0,0,223,266,16,0,505,0,0,0,505
09/16/2011,CVG,KY,ASO,CE,Combined TRACON& Tower with Radar,220,269,13,0,502,0,0,3,3,6,220,269,16,3,508,0,0,0,508
09/17/2011,CVG,KY,ASO,CE,Combined TRACON& Tower with Radar,172,136,6,0,314,0,1,27,0,28,172,137,33,0,342,0,0,0,342
09/18/2011,CVG,KY,ASO,CE,Combined TRACON& Tower with Radar,181,230,8,0,419,2,2,4,0,8,183,232,12,0,427,0,0,0,427
09/19/2011,CVG,KY,ASO,CE,Combined TRACON& Tower with Radar,153,254,5,2,414,0,7,0,0,7,153,261,5,2,421,0,0,0,421
09/20/2011,CVG,KY,ASO,CE,Combined TRACON& Tower with Radar,216,249,6,0,471,0,0,1,1,2,216,249,7,1,473,0,0,0,473
09/21/2011,CVG,KY,ASO,CE,Combined TRACON& Tower with Radar,216,253,4,1,474,0,0,0,0,0,216,253,4,1,474,0,0,0,474
09/22/2011,CVG,KY,ASO,CE,Combined TRACON& Tower with Radar,224,270,16,2,512,0,0,8,16,24,224,270,24,18,536,0,0,0,536
09/23/2011,CVG,KY,ASO,CE,Combined TRACON& Tower with Radar,224,251,13,1,489,0,0,0,0,0,224,251,13,1,489,0,0,0,489
09/24/2011,CVG,KY,ASO,CE,Combined TRACON& Tower with Radar,153,151,5,0,309,0,0,3,0,3,153,151,8,0,312,0,0,0,312
09/25/2011,CVG,KY,ASO,CE,Combined TRACON& Tower with Radar,170,218,2,0,390,0,0,2,0,2,170,218,4,0,392,0,0,0,392
09/26/2011,CVG,KY,ASO,CE,Combined TRACON& Tower with Radar,160,243,8,1,412,0,0,4,1,5,160,243,12,2,417,0,0,0,417
09/27/2011,CVG,KY,ASO,CE,Combined TRACON& Tower with Radar,209,253,10,0,472,0,0,2,0,2,209,253,12,0,474,0,0,0,474
09/28/2011,CVG,KY,ASO,CE,Combined TRACON& Tower with Radar,222,249,15,0,486,0,0,2,0,2,222,249,17,0,488,0,0,0,488
09/29/2011,CVG,KY,ASO,CE,Combined TRACON& Tower with Radar,214,262,9,0,485,0,0,4,0,4,214,262,13,0,489,0,0,0,489
09/30/2011,CVG,KY,ASO,CE,Combined TRACON& Tower with Radar,216,266,22,0,504,0,0,2,0,2,216,266,24,0,506,0,0,0,506
10/01/2011,CVG,KY,ASO,CE,Combined TRACON& Tower with Radar,129,80,16,1,226,0,5,6,2,13,129,85,22,3,239,0,0,0,239
10/02/2011,CVG,KY,ASO,CE,Combined TRACON& Tower with Radar,166,223,42,0,431,0,0,4,0,4,166,223,46,0,435,0,0,0,435
10/03/2011,CVG,KY,ASO,CE,Combined TRACON& Tower with Radar,149,251,12,0,412,0,13,0,0,13,149,264,12,0,425,0,0,0,425
10/04/2011,CVG,KY,ASO,CE,Combined TRACON& Tower with Radar,211,243,17,0,471,0,1,6,0,7,211,244,23,0,478,0,0,0,478
10/05/2011,CVG,KY,ASO,CE,Combined TRACON& Tower with Radar,219,268,25,0,512,0,1,8,0,9,219,269,33,0,521,0,0,0,521
10/06/2011,CVG,KY,ASO,CE,Combined TRACON& Tower with Radar,215,278,21,0,514,0,2,6,0,8,215,280,27,0,522,0,0,0,522
10/07/2011,CVG,KY,ASO,CE,Combined TRACON& Tower with Radar,222,271,8,0,501,0,3,7,2,12,222,274,15,2,513,0,0,0,513
10/08/2011,CVG,KY,ASO,CE,Combined TRACON& Tower with Radar,149,92,8,1,250,7,6,2,0,15,156,98,10,1,265,0,0,0,265
10/09/2011,CVG,KY,ASO,CE,Combined TRACON& Tower with Radar,158,217,16,0,391,0,8,3,0,11,158,225,19,0,402,0,0,0,402
10/10/2011,CVG,KY,ASO,CE,Combined TRACON& Tower with Radar,151,272,14,0,437,0,3,14,0,17,151,275,28,0,454,0,0,0,454
10/11/2011,CVG,KY,ASO,CE,Combined TRACON& Tower with Radar,211,240,9,0,460,0,0,4,0,4,211,240,13,0,464,0,0,0,464
10/12/2011,CVG,KY,ASO,CE,Combined TRACON& Tower with Radar,217,249,19,0,485,0,0,2,0,2,217,249,21,0,487,0,0,0,487
10/13/2011,CVG,KY,ASO,CE,Combined TRACON& Tower with Radar,223,249,8,0,480,0,0,0,0,0,223,249,8,0,480,0,0,0,480
10/14/2011,CVG,KY,ASO,CE,Combined TRACON& Tower with Radar,221,250,22,2,495,0,1,5,2,8,221,251,27,4,503,0,0,0,503
10/15/2011,CVG,KY,ASO,CE,Combined TRACON& Tower with Radar,130,82,4,0,216,0,0,2,0,2,130,82,6,0,218,0,0,0,218
10/16/2011,CVG,KY,ASO,CE,Combined TRACON& Tower with Radar,173,222,4,0,399,0,0,1,0,1,173,222,5,0,400,0,0,0,400
10/17/2011,CVG,KY,ASO,CE,Combined TRACON& Tower with Radar,153,246,2,0,401,0,13,4,6,23,153,259,6,6,424,0,0,0,424
10/18/2011,CVG,KY,ASO,CE,Combined TRACON& Tower with Radar,217,251,11,0,479,0,5,0,0,5,217,256,11,0,484,0,0,0,484
10/19/2011,CVG,KY,ASO,CE,Combined TRACON& Tower with Radar,206,238,19,0,463,0,0,0,0,0,206,238,19,0,463,0,0,0,463
10/20/2011,CVG,KY,ASO,CE,Combined TRACON& Tower with Radar,215,265,5,0,485,0,0,0,0,0,215,265,5,0,485,0,0,0,485
10/21/2011,CVG,KY,ASO,CE,Combined TRACON& Tower with Radar,212,260,7,0,479,0,1,6,0,7,212,261,13,0,486,0,0,0,486
10/22/2011,CVG,KY,ASO,CE,Combined TRACON& Tower with Radar,138,79,7,0,224,0,0,2,0,2,138,79,9,0,226,0,0,0,226
10/23/2011,CVG,KY,ASO,CE,Combined TRACON& Tower with Radar,162,225,8,0,395,0,3,0,0,3,162,228,8,0,398,0,0,0,398
10/24/2011,CVG,KY,ASO,CE,Combined TRACON& Tower with Radar,156,249,12,0,417,0,0,4,0,4,156,249,16,0,421,0,0,0,421
10/25/2011,CVG,KY,ASO,CE,Combined TRACON& Tower with Radar,205,255,11,0,471,0,2,6,0,8,205,257,17,0,479,0,0,0,479
10/26/2011,CVG,KY,ASO,CE,Combined TRACON& Tower with Radar,214,262,11,0,487,0,0,1,0,1,214,262,12,0,488,0,0,0,488
10/27/2011,CVG,KY,ASO,CE,Combined TRACON& Tower with Radar,220,264,10,0,494,0,0,2,0,2,220,264,12,0,496,0,0,0,496
10/28/2011,CVG,KY,ASO,CE,Combined TRACON& Tower with Radar,214,283,9,0,506,0,0,0,2,2,214,283,9,2,508,0,0,0,508
10/29/2011,CVG,KY,ASO,CE,Combined TRACON& Tower with Radar,131,72,5,0,208,0,1,2,0,3,131,73,7,0,211,0,0,0,211
10/30/2011,CVG,KY,ASO,CE,Combined TRACON& Tower with Radar,162,215,6,0,383,0,0,0,0,0,162,215,6,0,383,0,0,0,383
10/31/2011,CVG,KY,ASO,CE,Combined TRACON& Tower with Radar,154,232,13,0,399,0,1,6,0,7,154,233,19,0,406,0,0,0,406
11/01/2011,CVG,KY,ASO,CE,Combined TRACON& Tower with Radar,207,249,27,0,483,0,4,13,0,17,207,253,40,0,500,0,0,0,500
11/02/2011,CVG,KY,ASO,CE,Combined TRACON& Tower with Radar,209,249,8,0,466,0,0,2,0,2,209,249,10,0,468,0,0,0,468
11/03/2011,CVG,KY,ASO,CE,Combined TRACON& Tower with Radar,216,249,16,0,481,0,2,0,0,2,216,251,16,0,483,0,0,0,483
11/04/2011,CVG,KY,ASO,CE,Combined TRACON& Tower with Radar,222,257,17,0,496,0,0,1,0,1,222,257,18,0,497,0,0,0,497
11/05/2011,CVG,KY,ASO,CE,Combined TRACON& Tower with Radar,134,78,3,0,215,0,1,0,0,1,134,79,3,0,216,0,0,0,216
11/06/2011,CVG,KY,ASO,CE,Combined TRACON& Tower with Radar,166,212,11,0,389,0,0,1,0,1,166,212,12,0,390,0,0,0,390
11/07/2011,CVG,KY,ASO,CE,Combined TRACON& Tower with Radar,162,236,6,0,404,0,5,7,0,12,162,241,13,0,416,0,0,0,416
11/08/2011,CVG,KY,ASO,CE,Combined TRACON& Tower with Radar,220,237,22,0,479,0,0,0,0,0,220,237,22,0,479,0,0,0,479
11/09/2011,CVG,KY,ASO,CE,Combined TRACON& Tower with Radar,220,240,11,0,471,0,2,0,0,2,220,242,11,0,473,0,0,0,473
11/10/2011,CVG,KY,ASO,CE,Combined TRACON& Tower with Radar,217,248,16,0,481,0,0,0,0,0,217,248,16,0,481,0,0,0,481
11/11/2011,CVG,KY,ASO,CE,Combined TRACON& Tower with Radar,219,246,13,0,478,0,0,2,2,4,219,246,15,2,482,0,0,0,482
11/12/2011,CVG,KY,ASO,CE,Combined TRACON& Tower with Radar,121,86,4,0,211,0,0,5,0,5,121,86,9,0,216,0,0,0,216
11/13/2011,CVG,KY,ASO,CE,Combined TRACON& Tower with Radar,162,222,10,0,394,0,0,0,0,0,162,222,10,0,394,0,0,0,394
11/14/2011,CVG,KY,ASO,CE,Combined TRACON& Tower with Radar,162,248,3,0,413,0,0,0,0,0,162,248,3,0,413,0,0,0,413
11/15/2011,CVG,KY,ASO,CE,Combined TRACON& Tower with Radar,227,245,5,0,477,0,0,3,0,3,227,245,8,0,480,0,0,0,480
11/16/2011,CVG,KY,ASO,CE,Combined TRACON& Tower with Radar,216,244,23,0,483,0,1,5,0,6,216,245,28,0,489,0,0,0,489
11/17/2011,CVG,KY,ASO,CE,Combined TRACON& Tower with Radar,216,245,14,0,475,0,0,2,0,2,216,245,16,0,477,0,0,0,477
11/18/2011,CVG,KY,ASO,CE,Combined TRACON& Tower with Radar,217,250,5,2,474,0,2,10,0,12,217,252,15,2,486,0,0,0,486
11/19/2011,CVG,KY,ASO,CE,Combined TRACON& Tower with Radar,130,79,0,0,209,0,2,7,0,9,130,81,7,0,218,0,0,0,218
11/20/2011,CVG,KY,ASO,CE,Combined TRACON& Tower with Radar,164,196,0,1,361,0,0,6,0,6,164,196,6,1,367,0,0,0,367
11/21/2011,CVG,KY,ASO,CE,Combined TRACON& Tower with Radar,155,210,15,0,380,0,0,0,0,0,155,210,15,0,380,0,0,0,380
11/22/2011,CVG,KY,ASO,CE,Combined TRACON& Tower with Radar,240,241,18,1,500,0,0,0,0,0,240,241,18,1,500,0,0,0,500
11/23/2011,CVG,KY,ASO,CE,Combined TRACON& Tower with Radar,221,251,9,0,481,0,0,4,0,4,221,251,13,0,485,0,0,0,485
11/24/2011,CVG,KY,ASO,CE,Combined TRACON& Tower with Radar,118,78,2,0,198,0,0,0,0,0,118,78,2,0,198,0,0,0,198
11/25/2011,CVG,KY,ASO,CE,Combined TRACON& Tower with Radar,130,86,1,0,217,0,2,3,0,5,130,88,4,0,222,0,0,0,222
11/26/2011,CVG,KY,ASO,CE,Combined TRACON& Tower with Radar,174,194,4,0,372,0,2,7,0,9,174,196,11,0,381,0,0,0,381
11/27/2011,CVG,KY,ASO,CE,Combined TRACON& Tower with Radar,171,249,8,0,428,0,0,0,0,0,171,249,8,0,428,0,0,0,428
11/28/2011,CVG,KY,ASO,CE,Combined TRACON& Tower with Radar,167,245,11,0,423,0,0,0,0,0,167,245,11,0,423,0,0,0,423
11/29/2011,CVG,KY,ASO,CE,Combined TRACON& Tower with Radar,216,206,7,0,429,0,0,2,0,2,216,206,9,0,431,0,0,0,431
11/30/2011,CVG,KY,ASO,CE,Combined TRACON& Tower with Radar,229,234,9,0,472,0,0,0,0,0,229,234,9,0,472,0,0,0,472
12/01/2011,CVG,KY,ASO,CE,Combined TRACON& Tower with Radar,211,240,21,0,472,0,0,6,0,6,211,240,27,0,478,0,0,0,478
12/02/2011,CVG,KY,ASO,CE,Combined TRACON& Tower with Radar,213,231,11,0,455,0,0,7,0,7,213,231,18,0,462,0,0,0,462
12/03/2011,CVG,KY,ASO,CE,Combined TRACON& Tower with Radar,123,74,4,2,203,0,0,3,0,3,123,74,7,2,206,0,0,0,206
12/04/2011,CVG,KY,ASO,CE,Combined TRACON& Tower with Radar,155,202,6,0,363,0,0,0,0,0,155,202,6,0,363,0,0,0,363
12/05/2011,CVG,KY,ASO,CE,Combined TRACON& Tower with Radar,149,222,8,0,379,0,0,0,0,0,149,222,8,0,379,0,0,0,379
12/06/2011,CVG,KY,ASO,CE,Combined TRACON& Tower with Radar,206,232,17,0,455,0,0,0,0,0,206,232,17,0,455,0,0,0,455
12/07/2011,CVG,KY,ASO,CE,Combined TRACON& Tower with Radar,198,238,22,0,458,0,0,3,0,3,198,238,25,0,461,0,0,0,461
12/08/2011,CVG,KY,ASO,CE,Combined TRACON& Tower with Radar,213,235,14,0,462,0,7,6,0,13,213,242,20,0,475,0,0,0,475
12/09/2011,CVG,KY,ASO,CE,Combined TRACON& Tower with Radar,205,230,13,0,448,0,10,2,0,12,205,240,15,0,460,0,0,0,460
12/10/2011,CVG,KY,ASO,CE,Combined TRACON& Tower with Radar,121,70,10,0,201,0,0,3,0,3,121,70,13,0,204,0,0,0,204
12/11/2011,CVG,KY,ASO,CE,Combined TRACON& Tower with Radar,162,199,10,0,371,0,0,4,0,4,162,199,14,0,375,0,0,0,375
12/12/2011,CVG,KY,ASO,CE,Combined TRACON& Tower with Radar,147,227,11,0,385,0,8,1,0,9,147,235,12,0,394,0,0,0,394
12/13/2011,CVG,KY,ASO,CE,Combined TRACON& Tower with Radar,204,235,11,0,450,0,0,0,0,0,204,235,11,0,450,0,0,0,450
12/14/2011,CVG,KY,ASO,CE,Combined TRACON& Tower with Radar,202,213,14,0,429,0,0,0,0,0,202,213,14,0,429,0,0,0,429
12/15/2011,CVG,KY,ASO,CE,Combined TRACON& Tower with Radar,206,227,12,0,445,0,1,0,0,1,206,228,12,0,446,0,0,0,446
12/16/2011,CVG,KY,ASO,CE,Combined TRACON& Tower with Radar,207,226,14,0,447,0,0,0,0,0,207,226,14,0,447,0,0,0,447
12/17/2011,CVG,KY,ASO,CE,Combined TRACON& Tower with Radar,128,80,3,0,211,0,1,2,0,3,128,81,5,0,214,0,0,0,214
12/18/2011,CVG,KY,ASO,CE,Combined TRACON& Tower with Radar,175,202,4,0,381,0,0,3,0,3,175,202,7,0,384,0,0,0,384
12/19/2011,CVG,KY,ASO,CE,Combined TRACON& Tower with Radar,157,215,10,0,382,0,0,4,0,4,157,215,14,0,386,0,0,0,386
12/20/2011,CVG,KY,ASO,CE,Combined TRACON& Tower with Radar,219,225,12,0,456,0,0,0,0,0,219,225,12,0,456,0,0,0,456
12/21/2011,CVG,KY,ASO,CE,Combined TRACON& Tower with Radar,218,223,13,0,454,0,0,0,0,0,218,223,13,0,454,0,0,0,454
12/22/2011,CVG,KY,ASO,CE,Combined TRACON& Tower with Radar,214,227,11,0,452,0,0,3,0,3,214,227,14,0,455,0,0,0,455
12/23/2011,CVG,KY,ASO,CE,Combined TRACON& Tower with Radar,225,219,4,0,448,0,0,0,0,0,225,219,4,0,448,0,0,0,448
12/24/2011,CVG,KY,ASO,CE,Combined TRACON& Tower with Radar,126,76,5,0,207,0,0,2,0,2,126,76,7,0,209,0,0,0,209
12/25/2011,CVG,KY,ASO,CE,Combined TRACON& Tower with Radar,84,81,0,0,165,0,0,0,0,0,84,81,0,0,165,0,0,0,165
12/26/2011,CVG,KY,ASO,CE,Combined TRACON& Tower with Radar,150,204,7,0,361,0,0,1,0,1,150,204,8,0,362,0,0,0,362
12/27/2011,CVG,KY,ASO,CE,Combined TRACON& Tower with Radar,188,202,7,0,397,0,0,0,0,0,188,202,7,0,397,0,0,0,397
12/28/2011,CVG,KY,ASO,CE,Combined TRACON& Tower with Radar,208,222,10,0,440,0,0,9,0,9,208,222,19,0,449,0,0,0,449
12/29/2011,CVG,KY,ASO,CE,Combined TRACON& Tower with Radar,209,221,6,0,436,0,0,0,0,0,209,221,6,0,436,0,0,0,436
12/30/2011,CVG,KY,ASO,CE,Combined TRACON& Tower with Radar,211,219,2,0,432,0,0,4,0,4,211,219,6,0,436,0,0,0,436
12/31/2011,CVG,KY,ASO,CE,Combined TRACON& Tower with Radar,114,82,2,0,198,0,0,0,0,0,114,82,2,0,198,0,0,0,198
01/01/2012,CVG,KY,ASO,CE,Combined TRACON& Tower with Radar,85,90,4,0,179,0,0,0,0,0,85,90,4,0,179,0,0,0,179
01/02/2012,CVG,KY,ASO,CE,Combined TRACON& Tower with Radar,150,193,8,0,351,0,0,0,0,0,150,193,8,0,351,0,0,0,351
01/03/2012,CVG,KY,ASO,CE,Combined TRACON& Tower with Radar,191,211,11,0,413,0,0,1,0,1,191,211,12,0,414,0,0,0,414
01/04/2012,CVG,KY,ASO,CE,Combined TRACON& Tower with Radar,205,227,6,0,438,0,1,2,0,3,205,228,8,0,441,0,0,0,441
01/05/2012,CVG,KY,ASO,CE,Combined TRACON& Tower with Radar,193,244,18,0,455,0,1,4,0,5,193,245,22,0,460,0,0,0,460
01/06/2012,CVG,KY,ASO,CE,Combined TRACON& Tower with Radar,193,234,7,2,436,0,0,2,0,2,193,234,9,2,438,0,0,0,438
01/07/2012,CVG,KY,ASO,CE,Combined TRACON& Tower with Radar,104,91,1,0,196,0,0,7,0,7,104,91,8,0,203,0,0,0,203
01/08/2012,CVG,KY,ASO,CE,Combined TRACON& Tower with Radar,146,213,6,2,367,0,0,0,0,0,146,213,6,2,367,0,0,0,367
01/09/2012,CVG,KY,ASO,CE,Combined TRACON& Tower with Radar,118,241,11,0,370,0,5,6,0,11,118,246,17,0,381,0,0,0,381
01/10/2012,CVG,KY,ASO,CE,Combined TRACON& Tower with Radar,197,227,14,0,438,0,6,6,0,12,197,233,20,0,450,0,0,0,450
01/11/2012,CVG,KY,ASO,CE,Combined TRACON& Tower with Radar,195,237,10,0,442,0,0,0,0,0,195,237,10,0,442,0,0,0,442
01/12/2012,CVG,KY,ASO,CE,Combined TRACON& Tower with Radar,193,246,13,0,452,0,0,0,0,0,193,246,13,0,452,0,0,0,452
01/13/2012,CVG,KY,ASO,CE,Combined TRACON& Tower with Radar,195,242,13,0,450,0,0,0,0,0,195,242,13,0,450,0,0,0,450
01/14/2012,CVG,KY,ASO,CE,Combined TRACON& Tower with Radar,103,102,3,0,208,0,0,6,0,6,103,102,9,0,214,0,0,0,214
01/15/2012,CVG,KY,ASO,CE,Combined TRACON& Tower with Radar,135,167,11,0,313,0,2,6,0,8,135,169,17,0,321,0,0,0,321
01/16/2012,CVG,KY,ASO,CE,Combined TRACON& Tower with Radar,135,234,15,1,385,0,0,10,0,10,135,234,25,1,395,0,0,0,395
01/17/2012,CVG,KY,ASO,CE,Combined TRACON& Tower with Radar,198,228,13,0,439,0,0,0,0,0,198,228,13,0,439,0,0,0,439
01/18/2012,CVG,KY,ASO,CE,Combined TRACON& Tower with Radar,190,232,16,0,438,0,0,1,0,1,190,232,17,0,439,0,0,0,439
01/19/2012,CVG,KY,ASO,CE,Combined TRACON& Tower with Radar,196,249,13,0,458,0,0,2,0,2,196,249,15,0,460,0,0,0,460
01/20/2012,CVG,KY,ASO,CE,Combined TRACON& Tower with Radar,202,196,10,0,408,0,2,0,0,2,202,198,10,0,410,0,0,0,410
01/21/2012,CVG,KY,ASO,CE,Combined TRACON& Tower with Radar,103,99,0,0,202,0,0,0,0,0,103,99,0,0,202,0,0,0,202
01/22/2012,CVG,KY,ASO,CE,Combined TRACON& Tower with Radar,148,207,2,0,357,0,0,0,0,0,148,207,2,0,357,0,0,0,357
01/23/2012,CVG,KY,ASO,CE,Combined TRACON& Tower with Radar,126,244,12,0,382,0,0,0,0,0,126,244,12,0,382,0,0,0,382
01/24/2012,CVG,KY,ASO,CE,Combined TRACON& Tower with Radar,186,232,7,0,425,0,0,1,0,1,186,232,8,0,426,0,0,0,426
01/25/2012,CVG,KY,ASO,CE,Combined TRACON& Tower with Radar,197,234,15,2,448,0,0,0,0,0,197,234,15,2,448,0,0,0,448
01/26/2012,CVG,KY,ASO,CE,Combined TRACON& Tower with Radar,197,246,8,0,451,0,0,0,0,0,197,246,8,0,451,0,0,0,451
01/27/2012,CVG,KY,ASO,CE,Combined TRACON& Tower with Radar,203,242,15,0,460,0,0,1,0,1,203,242,16,0,461,0,0,0,461
01/28/2012,CVG,KY,ASO,CE,Combined TRACON& Tower with Radar,101,91,1,0,193,0,0,1,0,1,101,91,2,0,194,0,0,0,194
01/29/2012,CVG,KY,ASO,CE,Combined TRACON& Tower with Radar,147,210,1,0,358,0,0,0,0,0,147,210,1,0,358,0,0,0,358
01/30/2012,CVG,KY,ASO,CE,Combined TRACON& Tower with Radar,131,232,9,0,372,0,0,4,0,4,131,232,13,0,376,0,0,0,376
01/31/2012,CVG,KY,ASO,CE,Combined TRACON& Tower with Radar,188,230,10,2,430,0,0,0,0,0,188,230,10,2,430,0,0,0,430
02/01/2012,CVG,KY,ASO,CE,Combined TRACON& Tower with Radar,190,243,14,0,447,0,1,3,0,4,190,244,17,0,451,0,0,0,451
02/02/2012,CVG,KY,ASO,CE,Combined TRACON& Tower with Radar,205,236,8,0,449,0,1,0,0,1,205,237,8,0,450,0,0,0,450
02/03/2012,CVG,KY,ASO,CE,Combined TRACON& Tower with Radar,201,234,11,0,446,0,1,5,0,6,201,235,16,0,452,0,0,0,452
02/04/2012,CVG,KY,ASO,CE,Combined TRACON& Tower with Radar,105,93,4,0,202,0,0,1,0,1,105,93,5,0,203,0,0,0,203
02/05/2012,CVG,KY,ASO,CE,Combined TRACON& Tower with Radar,146,211,3,0,360,0,0,2,0,2,146,211,5,0,362,0,0,0,362
02/06/2012,CVG,KY,ASO,CE,Combined TRACON& Tower with Radar,141,241,21,0,403,0,0,1,0,1,141,241,22,0,404,0,0,0,404
02/07/2012,CVG,KY,ASO,CE,Combined TRACON& Tower with Radar,192,230,12,0,434,0,0,1,0,1,192,230,13,0,435,0,0,0,435
02/08/2012,CVG,KY,ASO,CE,Combined TRACON& Tower with Radar,196,229,21,2,448,0,0,0,0,0,196,229,21,2,448,0,0,0,448
02/09/2012,CVG,KY,ASO,CE,Combined TRACON& Tower with Radar,195,250,9,0,454,0,0,4,0,4,195,250,13,0,458,0,0,0,458
02/10/2012,CVG,KY,ASO,CE,Combined TRACON& Tower with Radar,195,229,7,2,433,0,0,0,0,0,195,229,7,2,433,0,0,0,433
02/11/2012,CVG,KY,ASO,CE,Combined TRACON& Tower with Radar,106,90,7,0,203,0,0,1,0,1,106,90,8,0,204,0,0,0,204
02/12/2012,CVG,KY,ASO,CE,Combined TRACON& Tower with Radar,148,209,2,2,361,0,0,0,0,0,148,209,2,2,361,0,0,0,361
02/13/2012,CVG,KY,ASO,CE,Combined TRACON& Tower with Radar,132,227,9,0,368,0,1,6,0,7,132,228,15,0,375,0,0,0,375
02/14/2012,CVG,KY,ASO,CE,Combined TRACON& Tower with Radar,198,225,9,0,432,0,0,0,0,0,198,225,9,0,432,0,0,0,432
02/15/2012,CVG,KY,ASO,CE,Combined TRACON& Tower with Radar,194,236,14,0,444,0,1,4,0,5,194,237,18,0,449,0,0,0,449
02/16/2012,CVG,KY,ASO,CE,Combined TRACON& Tower with Radar,204,240,14,0,458,0,0,0,0,0,204,240,14,0,458,0,0,0,458
02/17/2012,CVG,KY,ASO,CE,Combined TRACON& Tower with Radar,203,234,12,0,449,0,0,3,0,3,203,234,15,0,452,0,0,0,452
02/18/2012,CVG,KY,ASO,CE,Combined TRACON& Tower with Radar,111,91,3,0,205,0,0,1,0,1,111,91,4,0,206,0,0,0,206
02/19/2012,CVG,KY,ASO,CE,Combined TRACON& Tower with Radar,149,163,1,0,313,0,0,4,0,4,149,163,5,0,317,0,0,0,317
02/20/2012,CVG,KY,ASO,CE,Combined TRACON& Tower with Radar,140,242,12,0,394,0,0,6,0,6,140,242,18,0,400,0,0,0,400
02/21/2012,CVG,KY,ASO,CE,Combined TRACON& Tower with Radar,191,227,12,0,430,0,0,0,0,0,191,227,12,0,430,0,0,0,430
02/22/2012,CVG,KY,ASO,CE,Combined TRACON& Tower with Radar,190,232,7,0,429,0,0,0,0,0,190,232,7,0,429,0,0,0,429
02/23/2012,CVG,KY,ASO,CE,Combined TRACON& Tower with Radar,199,245,14,0,458,0,1,1,0,2,199,246,15,0,460,0,0,0,460
02/24/2012,CVG,KY,ASO,CE,Combined TRACON& Tower with Radar,198,228,4,0,430,0,0,0,0,0,198,228,4,0,430,0,0,0,430
02/25/2012,CVG,KY,ASO,CE,Combined TRACON& Tower with Radar,109,93,1,0,203,0,4,2,4,10,109,97,3,4,213,0,0,0,213
02/26/2012,CVG,KY,ASO,CE,Combined TRACON& Tower with Radar,153,205,2,0,360,0,0,0,0,0,153,205,2,0,360,0,0,0,360
02/27/2012,CVG,KY,ASO,CE,Combined TRACON& Tower with Radar,133,235,10,0,378,0,0,5,0,5,133,235,15,0,383,0,0,0,383
02/28/2012,CVG,KY,ASO,CE,Combined TRACON& Tower with Radar,196,224,14,0,434,0,0,6,0,6,196,224,20,0,440,0,0,0,440
02/29/2012,CVG,KY,ASO,CE,Combined TRACON& Tower with Radar,197,227,4,0,428,0,0,2,0,2,197,227,6,0,430,0,0,0,430
03/01/2012,CVG,KY,ASO,CE,Combined TRACON& Tower with Radar,201,241,19,0,461,0,0,3,0,3,201,241,22,0,464,0,0,0,464
03/02/2012,CVG,KY,ASO,CE,Combined TRACON& Tower with Radar,207,213,5,0,425,0,0,0,0,0,207,213,5,0,425,0,0,0,425
03/03/2012,CVG,KY,ASO,CE,Combined TRACON& Tower with Radar,130,97,8,0,235,0,0,0,2,2,130,97,8,2,237,0,0,0,237
03/04/2012,CVG,KY,ASO,CE,Combined TRACON& Tower with Radar,167,206,3,0,376,0,0,0,0,0,167,206,3,0,376,0,0,0,376
03/05/2012,CVG,KY,ASO,CE,Combined TRACON& Tower with Radar,149,237,10,0,396,0,0,4,0,4,149,237,14,0,400,0,0,0,400
03/06/2012,CVG,KY,ASO,CE,Combined TRACON& Tower with Radar,198,202,14,0,414,0,0,4,0,4,198,202,18,0,418,0,0,0,418
03/07/2012,CVG,KY,ASO,CE,Combined TRACON& Tower with Radar,207,245,6,0,458,0,1,2,0,3,207,246,8,0,461,0,0,0,461
03/08/2012,CVG,KY,ASO,CE,Combined TRACON& Tower with Radar,213,253,16,0,482,0,0,0,0,0,213,253,16,0,482,0,0,0,482
03/09/2012,CVG,KY,ASO,CE,Combined TRACON& Tower with Radar,211,248,9,1,469,0,1,1,1,3,211,249,10,2,472,0,0,0,472
03/10/2012,CVG,KY,ASO,CE,Combined TRACON& Tower with Radar,128,91,7,0,226,0,4,6,0,10,128,95,13,0,236,0,0,0,236
03/11/2012,CVG,KY,ASO,CE,Combined TRACON& Tower with Radar,165,204,7,0,376,0,0,2,0,2,165,204,9,0,378,0,0,0,378
03/12/2012,CVG,KY,ASO,CE,Combined TRACON& Tower with Radar,156,237,9,0,402,0,1,0,0,1,156,238,9,0,403,0,0,0,403
03/13/2012,CVG,KY,ASO,CE,Combined TRACON& Tower with Radar,201,216,8,0,425,0,2,2,0,4,201,218,10,0,429,0,0,0,429
03/14/2012,CVG,KY,ASO,CE,Combined TRACON& Tower with Radar,213,250,19,0,482,0,2,10,0,12,213,252,29,0,494,0,0,0,494
03/15/2012,CVG,KY,ASO,CE,Combined TRACON& Tower with Radar,219,236,11,0,466,0,0,1,0,1,219,236,12,0,467,0,0,0,467
03/16/2012,CVG,KY,ASO,CE,Combined TRACON& Tower with Radar,210,251,18,0,479,0,0,1,0,1,210,251,19,0,480,0,0,0,480
03/17/2012,CVG,KY,ASO,CE,Combined TRACON& Tower with Radar,141,89,2,0,232,0,0,1,0,1,141,89,3,0,233,0,0,0,233
03/18/2012,CVG,KY,ASO,CE,Combined TRACON& Tower with Radar,176,212,1,0,389,0,0,2,0,2,176,212,3,0,391,0,0,0,391
03/19/2012,CVG,KY,ASO,CE,Combined TRACON& Tower with Radar,150,235,4,0,389,0,0,4,0,4,150,235,8,0,393,0,0,0,393
03/20/2012,CVG,KY,ASO,CE,Combined TRACON& Tower with Radar,197,200,7,0,404,0,0,3,0,3,197,200,10,0,407,0,0,0,407
03/21/2012,CVG,KY,ASO,CE,Combined TRACON& Tower with Radar,208,248,8,0,464,0,0,6,0,6,208,248,14,0,470,0,0,0,470
03/22/2012,CVG,KY,ASO,CE,Combined TRACON& Tower with Radar,212,237,14,0,463,0,0,4,0,4,212,237,18,0,467,0,0,0,467
03/23/2012,CVG,KY,ASO,CE,Combined TRACON& Tower with Radar,207,255,6,0,468,0,1,0,0,1,207,256,6,0,469,0,0,0,469
03/24/2012,CVG,KY,ASO,CE,Combined TRACON& Tower with Radar,142,96,10,0,248,0,2,4,0,6,142,98,14,0,254,0,0,0,254
03/25/2012,CVG,KY,ASO,CE,Combined TRACON& Tower with Radar,175,208,12,0,395,0,0,0,0,0,175,208,12,0,395,0,0,0,395
03/26/2012,CVG,KY,ASO,CE,Combined TRACON& Tower with Radar,164,241,12,0,417,0,0,4,0,4,164,241,16,0,421,0,0,0,421
03/27/2012,CVG,KY,ASO,CE,Combined TRACON& Tower with Radar,191,207,11,0,409,0,0,9,0,9,191,207,20,0,418,0,0,0,418
03/28/2012,CVG,KY,ASO,CE,Combined TRACON& Tower with Radar,209,237,7,0,453,0,1,0,0,1,209,238,7,0,454,0,0,0,454
03/29/2012,CVG,KY,ASO,CE,Combined TRACON& Tower with Radar,213,244,12,0,469,0,0,9,0,9,213,244,21,0,478,0,0,0,478
03/30/2012,CVG,KY,ASO,CE,Combined TRACON& Tower with Radar,210,232,8,0,450,0,0,0,0,0,210,232,8,0,450,0,0,0,450
03/31/2012,CVG,KY,ASO,CE,Combined TRACON& Tower with Radar,138,90,4,0,232,0,0,0,0,0,138,90,4,0,232,0,0,0,232
04/01/2012,CVG,KY,ASO,CE,Combined TRACON& Tower with Radar,169,199,2,0,370,0,0,4,0,4,169,199,6,0,374,0,0,0,374
04/02/2012,CVG,KY,ASO,CE,Combined TRACON& Tower with Radar,163,222,11,0,396,0,0,1,0,1,163,222,12,0,397,0,0,0,397
04/03/2012,CVG,KY,ASO,CE,Combined TRACON& Tower with Radar,203,191,9,0,403,0,0,4,0,4,203,191,13,0,407,0,0,0,407
04/04/2012,CVG,KY,ASO,CE,Combined TRACON& Tower with Radar,218,228,10,0,456,0,0,2,0,2,218,228,12,0,458,0,0,0,458
04/05/2012,CVG,KY,ASO,CE,Combined TRACON& Tower with Radar,222,228,5,0,455,0,0,0,0,0,222,228,5,0,455,0,0,0,455
04/06/2012,CVG,KY,ASO,CE,Combined TRACON& Tower with Radar,215,232,8,0,455,0,0,2,0,2,215,232,10,0,457,0,0,0,457
04/07/2012,CVG,KY,ASO,CE,Combined TRACON& Tower with Radar,132,71,4,0,207,0,0,2,0,2,132,71,6,0,209,0,0,0,209
04/08/2012,CVG,KY,ASO,CE,Combined TRACON& Tower with Radar,161,173,8,0,342,0,0,1,0,1,161,173,9,0,343,0,0,0,343
04/09/2012,CVG,KY,ASO,CE,Combined TRACON& Tower with Radar,152,228,7,0,387,0,8,4,0,12,152,236,11,0,399,0,0,0,399
04/10/2012,CVG,KY,ASO,CE,Combined TRACON& Tower with Radar,199,212,16,0,427,0,7,1,0,8,199,219,17,0,435,0,0,0,435
04/11/2012,CVG,KY,ASO,CE,Combined TRACON& Tower with Radar,210,224,9,0,443,0,0,2,0,2,210,224,11,0,445,0,0,0,445
04/12/2012,CVG,KY,ASO,CE,Combined TRACON& Tower with Radar,221,237,18,0,476,0,0,5,0,5,221,237,23,0,481,0,0,0,481
04/13/2012,CVG,KY,ASO,CE,Combined TRACON& Tower with Radar,212,239,11,0,462,0,0,2,0,2,212,239,13,0,464,0,0,0,464
04/14/2012,CVG,KY,ASO,CE,Combined TRACON& Tower with Radar,118,82,3,0,203,0,0,2,0,2,118,82,5,0,205,0,0,0,205
04/15/2012,CVG,KY,ASO,CE,Combined TRACON& Tower with Radar,162,198,11,0,371,0,2,6,0,8,162,200,17,0,379,0,0,0,379
04/16/2012,CVG,KY,ASO,CE,Combined TRACON& Tower with Radar,155,239,10,0,404,0,0,0,0,0,155,239,10,0,404,0,0,0,404
04/17/2012,CVG,KY,ASO,CE,Combined TRACON& Tower with Radar,204,201,18,0,423,0,0,1,0,1,204,201,19,0,424,0,0,0,424
04/18/2012,CVG,KY,ASO,CE,Combined TRACON& Tower with Radar,211,229,13,0,453,0,0,2,0,2,211,229,15,0,455,0,0,0,455
04/19/2012,CVG,KY,ASO,CE,Combined TRACON& Tower with Radar,218,233,20,0,471,0,0,11,0,11,218,233,31,0,482,0,0,0,482
04/20/2012,CVG,KY,ASO,CE,Combined TRACON& Tower with Radar,214,228,8,0,450,0,0,1,0,1,214,228,9,0,451,0,0,0,451
04/21/2012,CVG,KY,ASO,CE,Combined TRACON& Tower with Radar,122,82,2,0,206,0,0,2,0,2,122,82,4,0,208,0,0,0,208
04/22/2012,CVG,KY,ASO,CE,Combined TRACON& Tower with Radar,161,186,2,0,349,0,0,2,0,2,161,186,4,0,351,0,0,0,351
04/23/2012,CVG,KY,ASO,CE,Combined TRACON& Tower with Radar,155,219,12,0,386,0,2,0,0,2,155,221,12,0,388,0,0,0,388
04/24/2012,CVG,KY,ASO,CE,Combined TRACON& Tower with Radar,202,206,11,0,419,0,0,4,0,4,202,206,15,0,423,0,0,0,423
04/25/2012,CVG,KY,ASO,CE,Combined TRACON& Tower with Radar,214,224,14,0,452,0,0,2,0,2,214,224,16,0,454,0,0,0,454
04/26/2012,CVG,KY,ASO,CE,Combined TRACON& Tower with Radar,218,237,10,0,465,0,3,3,0,6,218,240,13,0,471,0,0,0,471
04/27/2012,CVG,KY,ASO,CE,Combined TRACON& Tower with Radar,221,233,3,0,457,0,0,4,0,4,221,233,7,0,461,0,0,0,461
04/28/2012,CVG,KY,ASO,CE,Combined TRACON& Tower with Radar,120,82,2,0,204,0,0,0,0,0,120,82,2,0,204,0,0,0,204
04/29/2012,CVG,KY,ASO,CE,Combined TRACON& Tower with Radar,170,200,7,0,377,0,0,0,0,0,170,200,7,0,377,0,0,0,377
04/30/2012,CVG,KY,ASO,CE,Combined TRACON& Tower with Radar,151,230,9,0,390,0,4,0,0,4,151,234,9,0,394,0,0,0,394
05/01/2012,CVG,KY,ASO,CE,Combined TRACON& Tower with Radar,203,208,11,0,422,0,0,0,0,0,203,208,11,0,422,0,0,0,422
05/02/2012,CVG,KY,ASO,CE,Combined TRACON& Tower with Radar,198,233,11,0,442,0,0,9,0,9,198,233,20,0,451,0,0,0,451
05/03/2012,CVG,KY,ASO,CE,Combined TRACON& Tower with Radar,220,240,4,0,464,0,0,4,0,4,220,240,8,0,468,0,0,0,468
05/04/2012,CVG,KY,ASO,CE,Combined TRACON& Tower with Radar,212,236,8,0,456,0,0,1,0,1,212,236,9,0,457,0,0,0,457
05/05/2012,CVG,KY,ASO,CE,Combined TRACON& Tower with Radar,113,88,3,0,204,0,2,2,0,4,113,90,5,0,208,0,0,0,208
05/06/2012,CVG,KY,ASO,CE,Combined TRACON& Tower with Radar,160,204,7,0,371,0,2,4,0,6,160,206,11,0,377,0,0,0,377
05/07/2012,CVG,KY,ASO,CE,Combined TRACON& Tower with Radar,147,242,11,0,400,0,2,4,0,6,147,244,15,0,406,0,0,0,406
05/08/2012,CVG,KY,ASO,CE,Combined TRACON& Tower with Radar,206,219,7,0,432,0,0,8,0,8,206,219,15,0,440,0,0,0,440
05/09/2012,CVG,KY,ASO,CE,Combined TRACON& Tower with Radar,209,226,7,0,442,0,0,8,0,8,209,226,15,0,450,0,0,0,450
05/10/2012,CVG,KY,ASO,CE,Combined TRACON& Tower with Radar,214,242,19,0,475,0,0,10,0,10,214,242,29,0,485,0,0,0,485
05/11/2012,CVG,KY,ASO,CE,Combined TRACON& Tower with Radar,216,245,9,0,470,0,0,7,0,7,216,245,16,0,477,0,0,0,477
05/12/2012,CVG,KY,ASO,CE,Combined TRACON& Tower with Radar,114,78,3,18,213,0,0,5,13,18,114,78,8,31,231,0,0,0,231
05/13/2012,CVG,KY,ASO,CE,Combined TRACON& Tower with Radar,172,190,2,0,364,0,0,0,0,0,172,190,2,0,364,0,0,0,364
05/14/2012,CVG,KY,ASO,CE,Combined TRACON& Tower with Radar,154,232,11,2,399,0,0,0,0,0,154,232,11,2,399,0,0,0,399
05/15/2012,CVG,KY,ASO,CE,Combined TRACON& Tower with Radar,199,226,22,0,447,0,0,1,0,1,199,226,23,0,448,0,0,0,448
05/16/2012,CVG,KY,ASO,CE,Combined TRACON& Tower with Radar,210,244,15,0,469,0,0,15,0,15,210,244,30,0,484,0,0,0,484
05/17/2012,CVG,KY,ASO,CE,Combined TRACON& Tower with Radar,215,241,12,0,468,0,0,5,0,5,215,241,17,0,473,0,0,0,473
05/18/2012,CVG,KY,ASO,CE,Combined TRACON& Tower with Radar,214,243,10,0,467,0,3,4,0,7,214,246,14,0,474,0,0,0,474
05/19/2012,CVG,KY,ASO,CE,Combined TRACON& Tower with Radar,120,78,4,0,202,0,3,0,0,3,120,81,4,0,205,0,0,0,205
05/20/2012,CVG,KY,ASO,CE,Combined TRACON& Tower with Radar,165,202,8,0,375,0,3,2,0,5,165,205,10,0,380,0,0,0,380
05/21/2012,CVG,KY,ASO,CE,Combined TRACON& Tower with Radar,146,234,13,0,393,0,0,1,0,1,146,234,14,0,394,0,0,0,394
05/22/2012,CVG,KY,ASO,CE,Combined TRACON& Tower with Radar,186,222,14,0,422,0,2,0,0,2,186,224,14,0,424,0,0,0,424
05/23/2012,CVG,KY,ASO,CE,Combined TRACON& Tower with Radar,210,236,34,0,480,0,4,1,0,5,210,240,35,0,485,0,0,0,485
05/24/2012,CVG,KY,ASO,CE,Combined TRACON& Tower with Radar,215,240,15,0,470,0,2,26,0,28,215,242,41,0,498,0,0,0,498
05/25/2012,CVG,KY,ASO,CE,Combined TRACON& Tower with Radar,212,252,13,0,477,0,0,8,0,8,212,252,21,0,485,0,0,0,485
05/26/2012,CVG,KY,ASO,CE,Combined TRACON& Tower with Radar,122,62,2,0,186,0,0,0,0,0,122,62,2,0,186,0,0,0,186
05/27/2012,CVG,KY,ASO,CE,Combined TRACON& Tower with Radar,110,70,6,0,186,0,3,0,0,3,110,73,6,0,189,0,0,0,189
05/28/2012,CVG,KY,ASO,CE,Combined TRACON& Tower with Radar,125,208,13,0,346,0,2,0,0,2,125,210,13,0,348,0,0,0,348
05/29/2012,CVG,KY,ASO,CE,Combined TRACON& Tower with Radar,168,206,13,0,387,0,0,2,0,2,168,206,15,0,389,0,0,0,389
05/30/2012,CVG,KY,ASO,CE,Combined TRACON& Tower with Radar,208,244,18,0,470,0,2,4,0,6,208,246,22,0,476,0,0,0,476
05/31/2012,CVG,KY,ASO,CE,Combined TRACON& Tower with Radar,216,239,12,0,467,0,4,4,0,8,216,243,16,0,475,0,0,0,475
06/01/2012,CVG,KY,ASO,CE,Combined TRACON& Tower with Radar,218,234,19,0,471,0,0,1,0,1,218,234,20,0,472,0,0,0,472
06/02/2012,CVG,KY,ASO,CE,Combined TRACON& Tower with Radar,127,90,4,0,221,0,1,5,0,6,127,91,9,0,227,0,0,0,227
06/03/2012,CVG,KY,ASO,CE,Combined TRACON& Tower with Radar,179,202,2,0,383,0,2,0,0,2,179,204,2,0,385,0,0,0,385
06/04/2012,CVG,KY,ASO,CE,Combined TRACON& Tower with Radar,151,241,6,0,398,0,7,0,0,7,151,248,6,0,405,0,0,0,405
06/05/2012,CVG,KY,ASO,CE,Combined TRACON& Tower with Radar,194,213,9,0,416,0,0,8,0,8,194,213,17,0,424,0,0,0,424
06/06/2012,CVG,KY,ASO,CE,Combined TRACON& Tower with Radar,209,234,16,0,459,0,0,1,2,3,209,234,17,2,462,0,0,0,462
06/07/2012,CVG,KY,ASO,CE,Combined TRACON& Tower with Radar,219,251,14,0,484,0,0,6,2,8,219,251,20,2,492,0,0,0,492
06/08/2012,CVG,KY,ASO,CE,Combined TRACON& Tower with Radar,221,248,17,0,486,0,1,2,0,3,221,249,19,0,489,0,0,0,489
06/09/2012,CVG,KY,ASO,CE,Combined TRACON& Tower with Radar,125,88,4,0,217,0,0,7,0,7,125,88,11,0,224,0,0,0,224
06/10/2012,CVG,KY,ASO,CE,Combined TRACON& Tower with Radar,165,223,2,0,390,0,0,2,0,2,165,223,4,0,392,0,0,0,392
06/11/2012,CVG,KY,ASO,CE,Combined TRACON& Tower with Radar,162,235,13,0,410,0,0,0,0,0,162,235,13,0,410,0,0,0,410
06/12/2012,CVG,KY,ASO,CE,Combined TRACON& Tower with Radar,217,239,11,0,467,0,0,7,0,7,217,239,18,0,474,0,0,0,474
06/13/2012,CVG,KY,ASO,CE,Combined TRACON& Tower with Radar,211,244,8,0,463,0,0,4,0,4,211,244,12,0,467,0,0,0,467
06/14/2012,CVG,KY,ASO,CE,Combined TRACON& Tower with Radar,217,245,16,0,478,0,1,4,0,5,217,246,20,0,483,0,0,0,483
06/15/2012,CVG,KY,ASO,CE,Combined TRACON& Tower with Radar,215,253,14,0,482,0,2,2,0,4,215,255,16,0,486,0,0,0,486
06/16/2012,CVG,KY,ASO,CE,Combined TRACON& Tower with Radar,127,96,5,0,228,0,2,5,0,7,127,98,10,0,235,0,0,0,235
06/17/2012,CVG,KY,ASO,CE,Combined TRACON& Tower with Radar,165,218,5,0,388,0,0,0,4,4,165,218,5,4,392,0,0,0,392
06/18/2012,CVG,KY,ASO,CE,Combined TRACON& Tower with Radar,154,238,9,0,401,0,3,4,0,7,154,241,13,0,408,0,0,0,408
06/19/2012,CVG,KY,ASO,CE,Combined TRACON& Tower with Radar,215,244,4,0,463,0,0,0,0,0,215,244,4,0,463,0,0,0,463
06/20/2012,CVG,KY,ASO,CE,Combined TRACON& Tower with Radar,210,250,15,0,475,0,0,9,0,9,210,250,24,0,484,0,0,0,484
06/21/2012,CVG,KY,ASO,CE,Combined TRACON& Tower with Radar,224,250,14,0,488,0,0,5,0,5,224,250,19,0,493,0,0,0,493
06/22/2012,CVG,KY,ASO,CE,Combined TRACON& Tower with Radar,210,246,10,0,466,0,2,8,0,10,210,248,18,0,476,0,0,0,476
06/23/2012,CVG,KY,ASO,CE,Combined TRACON& Tower with Radar,123,106,4,0,233,0,2,4,0,6,123,108,8,0,239,0,0,0,239
06/24/2012,CVG,KY,ASO,CE,Combined TRACON& Tower with Radar,159,220,4,2,385,0,0,0,0,0,159,220,4,2,385,0,0,0,385
06/25/2012,CVG,KY,ASO,CE,Combined TRACON& Tower with Radar,151,238,16,0,405,0,10,6,0,16,151,248,22,0,421,0,0,0,421
06/26/2012,CVG,KY,ASO,CE,Combined TRACON& Tower with Radar,218,237,16,0,471,0,0,4,0,4,218,237,20,0,475,0,0,0,475
06/27/2012,CVG,KY,ASO,CE,Combined TRACON& Tower with Radar,226,247,37,0,510,0,2,2,0,4,226,249,39,0,514,0,0,0,514
06/28/2012,CVG,KY,ASO,CE,Combined TRACON& Tower with Radar,221,254,64,3,542,0,2,3,0,5,221,256,67,3,547,0,0,0,547
06/29/2012,CVG,KY,ASO,CE,Combined TRACON& Tower with Radar,223,250,24,0,497,0,4,10,1,15,223,254,34,1,512,0,0,0,512
06/30/2012,CVG,KY,ASO,CE,Combined TRACON& Tower with Radar,128,100,55,0,283,0,1,6,27,34,128,101,61,27,317,0,0,0,317
07/01/2012,CVG,KY,ASO,CE,Combined TRACON& Tower with Radar,168,221,34,0,423,0,0,4,1,5,168,221,38,1,428,0,0,0,428
07/02/2012,CVG,KY,ASO,CE,Combined TRACON& Tower with Radar,141,196,5,0,342,0,2,0,0,2,141,198,5,0,344,0,0,0,344
07/03/2012,CVG,KY,ASO,CE,Combined TRACON& Tower with Radar,202,167,7,0,376,0,2,3,0,5,202,169,10,0,381,0,0,0,381
07/04/2012,CVG,KY,ASO,CE,Combined TRACON& Tower with Radar,124,87,2,0,213,0,0,0,0,0,124,87,2,0,213,0,0,0,213
07/05/2012,CVG,KY,ASO,CE,Combined TRACON& Tower with Radar,174,180,2,0,356,0,0,0,0,0,174,180,2,0,356,0,0,0,356
07/06/2012,CVG,KY,ASO,CE,Combined TRACON& Tower with Radar,194,198,6,0,398,0,0,3,0,3,194,198,9,0,401,0,0,0,401
07/07/2012,CVG,KY,ASO,CE,Combined TRACON& Tower with Radar,131,86,1,0,218,0,0,2,0,2,131,86,3,0,220,0,0,0,220
07/08/2012,CVG,KY,ASO,CE,Combined TRACON& Tower with Radar,156,209,0,0,365,0,0,1,0,1,156,209,1,0,366,0,0,0,366
07/09/2012,CVG,KY,ASO,CE,Combined TRACON& Tower with Radar,170,238,9,0,417,0,0,0,0,0,170,238,9,0,417,0,0,0,417
07/10/2012,CVG,KY,ASO,CE,Combined TRACON& Tower with Radar,211,246,10,0,467,0,0,8,0,8,211,246,18,0,475,0,0,0,475
07/11/2012,CVG,KY,ASO,CE,Combined TRACON& Tower with Radar,214,242,7,0,463,0,2,4,0,6,214,244,11,0,469,0,0,0,469
07/12/2012,CVG,KY,ASO,CE,Combined TRACON& Tower with Radar,226,243,16,0,485,0,0,3,0,3,226,243,19,0,488,0,0,0,488
07/13/2012,CVG,KY,ASO,CE,Combined TRACON& Tower with Radar,225,234,9,3,471,0,0,6,2,8,225,234,15,5,479,0,0,0,479
07/14/2012,CVG,KY,ASO,CE,Combined TRACON& Tower with Radar,126,100,3,0,229,0,0,0,0,0,126,100,3,0,229,0,0,0,229
07/15/2012,CVG,KY,ASO,CE,Combined TRACON& Tower with Radar,168,204,11,1,384,0,2,0,0,2,168,206,11,1,386,0,0,0,386
07/16/2012,CVG,KY,ASO,CE,Combined TRACON& Tower with Radar,158,231,14,1,404,0,11,17,0,28,158,242,31,1,432,0,0,0,432
07/17/2012,CVG,KY,ASO,CE,Combined TRACON& Tower with Radar,218,232,8,2,460,0,2,0,1,3,218,234,8,3,463,0,0,0,463
07/18/2012,CVG,KY,ASO,CE,Combined TRACON& Tower with Radar,215,213,11,0,439,0,0,3,0,3,215,213,14,0,442,0,0,0,442
07/19/2012,CVG,KY,ASO,CE,Combined TRACON& Tower with Radar,223,244,12,0,479,0,0,2,0,2,223,244,14,0,481,0,0,0,481
07/20/2012,CVG,KY,ASO,CE,Combined TRACON& Tower with Radar,230,238,9,1,478,0,0,0,1,1,230,238,9,2,479,0,0,0,479
07/21/2012,CVG,KY,ASO,CE,Combined TRACON& Tower with Radar,121,98,6,0,225,0,0,4,3,7,121,98,10,3,232,0,0,0,232
07/22/2012,CVG,KY,ASO,CE,Combined TRACON& Tower with Radar,171,213,13,0,397,0,2,0,2,4,171,215,13,2,401,0,0,0,401
07/23/2012,CVG,KY,ASO,CE,Combined TRACON& Tower with Radar,154,229,11,2,396,0,12,0,1,13,154,241,11,3,409,0,0,0,409
07/24/2012,CVG,KY,ASO,CE,Combined TRACON& Tower with Radar,213,233,10,0,456,0,1,7,0,8,213,234,17,0,464,0,0,0,464
07/25/2012,CVG,KY,ASO,CE,Combined TRACON& Tower with Radar,217,249,14,0,480,0,0,6,0,6,217,249,20,0,486,0,0,0,486
07/26/2012,CVG,KY,ASO,CE,Combined TRACON& Tower with Radar,218,231,27,0,476,0,0,1,0,1,218,231,28,0,477,0,0,0,477
07/27/2012,CVG,KY,ASO,CE,Combined TRACON& Tower with Radar,216,234,12,0,462,0,0,4,0,4,216,234,16,0,466,0,0,0,466
07/28/2012,CVG,KY,ASO,CE,Combined TRACON& Tower with Radar,129,103,3,0,235,0,1,2,0,3,129,104,5,0,238,0,0,0,238
07/29/2012,CVG,KY,ASO,CE,Combined TRACON& Tower with Radar,165,210,8,0,383,0,0,5,0,5,165,210,13,0,388,0,0,0,388
07/30/2012,CVG,KY,ASO,CE,Combined TRACON& Tower with Radar,167,232,4,0,403,0,0,0,0,0,167,232,4,0,403,0,0,0,403
07/31/2012,CVG,KY,ASO,CE,Combined TRACON& Tower with Radar,216,232,8,0,456,0,2,2,0,4,216,234,10,0,460,0,0,0,460
08/01/2012,CVG,KY,ASO,CE,Combined TRACON& Tower with Radar,216,239,21,2,478,0,0,3,0,3,216,239,24,2,481,0,0,0,481
08/02/2012,CVG,KY,ASO,CE,Combined TRACON& Tower with Radar,232,241,13,0,486,0,8,9,2,19,232,249,22,2,505,0,0,0,505
08/03/2012,CVG,KY,ASO,CE,Combined TRACON& Tower with Radar,230,243,11,0,484,0,28,0,0,28,230,271,11,0,512,0,0,0,512
08/04/2012,CVG,KY,ASO,CE,Combined TRACON& Tower with Radar,126,103,3,0,232,0,12,0,0,12,126,115,3,0,244,0,0,0,244
08/05/2012,CVG,KY,ASO,CE,Combined TRACON& Tower with Radar,163,196,4,0,363,0,0,0,0,0,163,196,4,0,363,0,0,0,363
08/06/2012,CVG,KY,ASO,CE,Combined TRACON& Tower with Radar,151,233,6,0,390,0,9,7,0,16,151,242,13,0,406,0,0,0,406
08/07/2012,CVG,KY,ASO,CE,Combined TRACON& Tower with Radar,212,241,9,0,462,0,1,0,2,3,212,242,9,2,465,0,0,0,465
08/08/2012,CVG,KY,ASO,CE,Combined TRACON& Tower with Radar,220,236,24,0,480,0,0,10,0,10,220,236,34,0,490,0,0,0,490
08/09/2012,CVG,KY,ASO,CE,Combined TRACON& Tower with Radar,212,214,14,0,440,0,0,4,0,4,212,214,18,0,444,0,0,0,444
08/10/2012,CVG,KY,ASO,CE,Combined TRACON& Tower with Radar,221,218,4,0,443,0,0,0,0,0,221,218,4,0,443,0,0,0,443
08/11/2012,CVG,KY,ASO,CE,Combined TRACON& Tower with Radar,134,94,5,0,233,0,0,2,0,2,134,94,7,0,235,0,0,0,235
08/12/2012,CVG,KY,ASO,CE,Combined TRACON& Tower with Radar,172,209,9,0,390,0,1,2,0,3,172,210,11,0,393,0,0,0,393
08/13/2012,CVG,KY,ASO,CE,Combined TRACON& Tower with Radar,151,240,4,1,396,0,0,1,0,1,151,240,5,1,397,0,0,0,397
08/14/2012,CVG,KY,ASO,CE,Combined TRACON& Tower with Radar,214,232,10,0,456,0,0,4,0,4,214,232,14,0,460,0,0,0,460
08/15/2012,CVG,KY,ASO,CE,Combined TRACON& Tower with Radar,204,238,12,0,454,0,0,4,0,4,204,238,16,0,458,0,0,0,458
08/16/2012,CVG,KY,ASO,CE,Combined TRACON& Tower with Radar,206,247,11,0,464,0,1,7,0,8,206,248,18,0,472,0,0,0,472
08/17/2012,CVG,KY,ASO,CE,Combined TRACON& Tower with Radar,205,251,9,0,465,0,0,2,0,2,205,251,11,0,467,0,0,0,467
08/18/2012,CVG,KY,ASO,CE,Combined TRACON& Tower with Radar,120,100,3,0,223,0,0,3,2,5,120,100,6,2,228,0,0,0,228
08/19/2012,CVG,KY,ASO,CE,Combined TRACON& Tower with Radar,166,207,1,0,374,0,2,9,0,11,166,209,10,0,385,0,0,0,385
08/20/2012,CVG,KY,ASO,CE,Combined TRACON& Tower with Radar,137,238,15,0,390,0,10,2,0,12,137,248,17,0,402,0,0,0,402
08/21/2012,CVG,KY,ASO,CE,Combined TRACON& Tower with Radar,208,238,11,0,457,0,0,8,0,8,208,238,19,0,465,0,0,0,465
08/22/2012,CVG,KY,ASO,CE,Combined TRACON& Tower with Radar,211,240,10,0,461,0,3,4,0,7,211,243,14,0,468,0,0,0,468
08/23/2012,CVG,KY,ASO,CE,Combined TRACON& Tower with Radar,208,245,20,0,473,0,2,6,0,8,208,247,26,0,481,0,0,0,481
08/24/2012,CVG,KY,ASO,CE,Combined TRACON& Tower with Radar,213,244,8,0,465,0,0,6,0,6,213,244,14,0,471,0,0,0,471
08/25/2012,CVG,KY,ASO,CE,Combined TRACON& Tower with Radar,126,84,4,0,214,0,4,5,0,9,126,88,9,0,223,0,0,0,223
08/26/2012,CVG,KY,ASO,CE,Combined TRACON& Tower with Radar,158,194,4,0,356,0,0,2,0,2,158,194,6,0,358,0,0,0,358
08/27/2012,CVG,KY,ASO,CE,Combined TRACON& Tower with Radar,143,228,13,0,384,0,4,0,0,4,143,232,13,0,388,0,0,0,388
08/28/2012,CVG,KY,ASO,CE,Combined TRACON& Tower with Radar,201,250,16,0,467,0,2,0,0,2,201,252,16,0,469,0,0,0,469
08/29/2012,CVG,KY,ASO,CE,Combined TRACON& Tower with Radar,208,256,11,1,476,0,13,12,0,25,208,269,23,1,501,0,0,0,501
08/30/2012,CVG,KY,ASO,CE,Combined TRACON& Tower with Radar,204,250,12,1,467,0,0,7,0,7,204,250,19,1,474,0,0,0,474
08/31/2012,CVG,KY,ASO,CE,Combined TRACON& Tower with Radar,200,238,13,0,451,0,0,7,0,7,200,238,20,0,458,0,0,0,458
09/01/2012,CVG,KY,ASO,CE,Combined TRACON& Tower with Radar,112,83,0,2,197,0,2,1,0,3,112,85,1,2,200,0,0,0,200
09/02/2012,CVG,KY,ASO,CE,Combined TRACON& Tower with Radar,92,79,3,0,174,0,0,0,0,0,92,79,3,0,174,0,0,0,174
09/03/2012,CVG,KY,ASO,CE,Combined TRACON& Tower with Radar,115,190,7,0,312,0,0,0,0,0,115,190,7,0,312,0,0,0,312
09/04/2012,CVG,KY,ASO,CE,Combined TRACON& Tower with Radar,164,235,5,0,404,0,0,0,0,0,164,235,5,0,404,0,0,0,404
09/05/2012,CVG,KY,ASO,CE,Combined TRACON& Tower with Radar,206,237,22,2,467,0,0,4,0,4,206,237,26,2,471,0,0,0,471
09/06/2012,CVG,KY,ASO,CE,Combined TRACON& Tower with Radar,208,244,20,0,472,0,0,6,0,6,208,244,26,0,478,0,0,0,478
09/07/2012,CVG,KY,ASO,CE,Combined TRACON& Tower with Radar,207,243,14,0,464,0,0,4,0,4,207,243,18,0,468,0,0,0,468
09/08/2012,CVG,KY,ASO,CE,Combined TRACON& Tower with Radar,114,83,5,0,202,0,0,0,0,0,114,83,5,0,202,0,0,0,202
09/09/2012,CVG,KY,ASO,CE,Combined TRACON& Tower with Radar,151,217,5,4,377,0,0,6,0,6,151,217,11,4,383,0,0,0,383
09/10/2012,CVG,KY,ASO,CE,Combined TRACON& Tower with Radar,139,239,11,0,389,0,6,0,0,6,139,245,11,0,395,0,0,0,395
09/11/2012,CVG,KY,ASO,CE,Combined TRACON& Tower with Radar,193,210,10,0,413,0,0,0,0,0,193,210,10,0,413,0,0,0,413
09/12/2012,CVG,KY,ASO,CE,Combined TRACON& Tower with Radar,204,243,10,0,457,0,0,3,0,3,204,243,13,0,460,0,0,0,460
09/13/2012,CVG,KY,ASO,CE,Combined TRACON& Tower with Radar,203,247,13,1,464,0,0,9,1,10,203,247,22,2,474,0,0,0,474
09/14/2012,CVG,KY,ASO,CE,Combined TRACON& Tower with Radar,207,246,10,2,465,0,0,6,1,7,207,246,16,3,472,0,0,0,472
09/15/2012,CVG,KY,ASO,CE,Combined TRACON& Tower with Radar,119,83,5,0,207,0,0,6,0,6,119,83,11,0,213,0,0,0,213
09/16/2012,CVG,KY,ASO,CE,Combined TRACON& Tower with Radar,147,210,10,1,368,0,0,2,0,2,147,210,12,1,370,0,0,0,370
09/17/2012,CVG,KY,ASO,CE,Combined TRACON& Tower with Radar,144,233,8,1,386,0,1,17,0,18,144,234,25,1,404,0,0,0,404
09/18/2012,CVG,KY,ASO,CE,Combined TRACON& Tower with Radar,185,218,12,2,417,0,3,0,0,3,185,221,12,2,420,0,0,0,420
09/19/2012,CVG,KY,ASO,CE,Combined TRACON& Tower with Radar,199,246,17,0,462,0,2,7,4,13,199,248,24,4,475,0,0,0,475
09/20/2012,CVG,KY,ASO,CE,Combined TRACON& Tower with Radar,209,255,20,0,484,0,0,2,0,2,209,255,22,0,486,0,0,0,486
09/21/2012,CVG,KY,ASO,CE,Combined TRACON& Tower with Radar,202,247,23,0,472,0,0,0,0,0,202,247,23,0,472,0,0,0,472
09/22/2012,CVG,KY,ASO,CE,Combined TRACON& Tower with Radar,123,89,29,1,242,0,2,0,0,2,123,91,29,1,244,0,0,0,244
09/23/2012,CVG,KY,ASO,CE,Combined TRACON& Tower with Radar,147,218,5,0,370,0,3,3,0,6,147,221,8,0,376,0,0,0,376
09/24/2012,CVG,KY,ASO,CE,Combined TRACON& Tower with Radar,139,251,20,0,410,0,9,1,0,10,139,260,21,0,420,0,0,0,420
09/25/2012,CVG,KY,ASO,CE,Combined TRACON& Tower with Radar,197,212,9,0,418,0,1,3,0,4,197,213,12,0,422,0,0,0,422
09/26/2012,CVG,KY,ASO,CE,Combined TRACON& Tower with Radar,203,237,14,0,454,0,0,0,0,0,203,237,14,0,454,0,0,0,454
09/27/2012,CVG,KY,ASO,CE,Combined TRACON& Tower with Radar,208,250,13,0,471,0,0,0,0,0,208,250,13,0,471,0,0,0,471
09/28/2012,CVG,KY,ASO,CE,Combined TRACON& Tower with Radar,204,250,8,0,462,0,2,0,0,2,204,252,8,0,464,0,0,0,464
09/29/2012,CVG,KY,ASO,CE,Combined TRACON& Tower with Radar,117,82,2,0,201,0,0,4,0,4,117,82,6,0,205,0,0,0,205
09/30/2012,CVG,KY,ASO,CE,Combined TRACON& Tower with Radar,147,209,4,0,360,0,0,3,0,3,147,209,7,0,363,0,0,0,363
10/01/2012,CVG,KY,ASO,CE,Combined TRACON& Tower with Radar,127,244,15,0,386,0,12,1,0,13,127,256,16,0,399,0,0,0,399
10/02/2012,CVG,KY,ASO,CE,Combined TRACON& Tower with Radar,191,223,14,2,430,0,0,0,0,0,191,223,14,2,430,0,0,0,430
10/03/2012,CVG,KY,ASO,CE,Combined TRACON& Tower with Radar,193,245,17,0,455,0,0,0,0,0,193,245,17,0,455,0,0,0,455
10/04/2012,CVG,KY,ASO,CE,Combined TRACON& Tower with Radar,199,260,11,0,470,0,0,3,2,5,199,260,14,2,475,0,0,0,475
10/05/2012,CVG,KY,ASO,CE,Combined TRACON& Tower with Radar,195,251,20,0,466,0,0,6,0,6,195,251,26,0,472,0,0,0,472
10/06/2012,CVG,KY,ASO,CE,Combined TRACON& Tower with Radar,115,83,1,0,199,0,5,0,0,5,115,88,1,0,204,0,0,0,204
10/07/2012,CVG,KY,ASO,CE,Combined TRACON& Tower with Radar,139,223,8,0,370,0,0,4,0,4,139,223,12,0,374,0,0,0,374
10/08/2012,CVG,KY,ASO,CE,Combined TRACON& Tower with Radar,144,238,5,2,389,0,0,6,0,6,144,238,11,2,395,0,0,0,395
10/09/2012,CVG,KY,ASO,CE,Combined TRACON& Tower with Radar,187,225,9,0,421,0,4,2,0,6,187,229,11,0,427,0,0,0,427
10/10/2012,CVG,KY,ASO,CE,Combined TRACON& Tower with Radar,196,251,14,0,461,0,0,11,0,11,196,251,25,0,472,0,0,0,472
10/11/2012,CVG,KY,ASO,CE,Combined TRACON& Tower with Radar,198,256,9,2,465,0,1,3,0,4,198,257,12,2,469,0,0,0,469
10/12/2012,CVG,KY,ASO,CE,Combined TRACON& Tower with Radar,205,254,11,2,472,0,0,0,0,0,205,254,11,2,472,0,0,0,472
10/13/2012,CVG,KY,ASO,CE,Combined TRACON& Tower with Radar,122,83,0,0,205,0,0,3,0,3,122,83,3,0,208,0,0,0,208
10/14/2012,CVG,KY,ASO,CE,Combined TRACON& Tower with Radar,146,217,1,0,364,0,2,1,0,3,146,219,2,0,367,0,0,0,367
10/15/2012,CVG,KY,ASO,CE,Combined TRACON& Tower with Radar,139,240,8,0,387,0,0,4,0,4,139,240,12,0,391,0,0,0,391
10/16/2012,CVG,KY,ASO,CE,Combined TRACON& Tower with Radar,188,224,13,0,425,0,2,10,0,12,188,226,23,0,437,0,0,0,437
10/17/2012,CVG,KY,ASO,CE,Combined TRACON& Tower with Radar,194,245,8,0,447,0,6,11,0,17,194,251,19,0,464,0,0,0,464
10/18/2012,CVG,KY,ASO,CE,Combined TRACON& Tower with Radar,198,262,17,0,477,0,0,2,0,2,198,262,19,0,479,0,0,0,479
10/19/2012,CVG,KY,ASO,CE,Combined TRACON& Tower with Radar,188,242,7,0,437,0,0,3,0,3,188,242,10,0,440,0,0,0,440
10/20/2012,CVG,KY,ASO,CE,Combined TRACON& Tower with Radar,121,84,3,0,208,0,0,1,0,1,121,84,4,0,209,0,0,0,209
10/21/2012,CVG,KY,ASO,CE,Combined TRACON& Tower with Radar,143,222,8,0,373,0,2,9,0,11,143,224,17,0,384,0,0,0,384
10/22/2012,CVG,KY,ASO,CE,Combined TRACON& Tower with Radar,135,233,18,0,386,0,2,0,1,3,135,235,18,1,389,0,0,0,389
10/23/2012,CVG,KY,ASO,CE,Combined TRACON& Tower with Radar,191,223,16,0,430,0,0,5,0,5,191,223,21,0,435,0,0,0,435
10/24/2012,CVG,KY,ASO,CE,Combined TRACON& Tower with Radar,191,245,16,2,454,0,12,5,0,17,191,257,21,2,471,0,0,0,471
10/25/2012,CVG,KY,ASO,CE,Combined TRACON& Tower with Radar,199,243,14,0,456,0,0,4,0,4,199,243,18,0,460,0,0,0,460
10/26/2012,CVG,KY,ASO,CE,Combined TRACON& Tower with Radar,193,247,6,0,446,0,0,0,0,0,193,247,6,0,446,0,0,0,446
10/27/2012,CVG,KY,ASO,CE,Combined TRACON& Tower with Radar,119,80,10,2,211,0,0,0,1,1,119,80,10,3,212,0,0,0,212
10/28/2012,CVG,KY,ASO,CE,Combined TRACON& Tower with Radar,143,236,11,2,392,0,0,0,0,0,143,236,11,2,392,0,0,0,392
10/29/2012,CVG,KY,ASO,CE,Combined TRACON& Tower with Radar,100,171,11,3,285,0,8,3,0,11,100,179,14,3,296,0,0,0,296
10/30/2012,CVG,KY,ASO,CE,Combined TRACON& Tower with Radar,163,190,13,0,366,0,0,0,0,0,163,190,13,0,366,0,0,0,366
10/31/2012,CVG,KY,ASO,CE,Combined TRACON& Tower with Radar,162,185,11,1,359,0,0,0,0,0,162,185,11,1,359,0,0,0,359
11/01/2012,CVG,KY,ASO,CE,Combined TRACON& Tower with Radar,194,243,24,0,461,0,0,2,0,2,194,243,26,0,463,0,0,0,463
11/02/2012,CVG,KY,ASO,CE,Combined TRACON& Tower with Radar,198,255,10,0,463,0,0,7,0,7,198,255,17,0,470,0,0,0,470
11/03/2012,CVG,KY,ASO,CE,Combined TRACON& Tower with Radar,115,77,7,2,201,0,0,0,0,0,115,77,7,2,201,0,0,0,201
11/04/2012,CVG,KY,ASO,CE,Combined TRACON& Tower with Radar,148,209,9,0,366,0,0,2,20,22,148,209,11,20,388,0,0,0,388
11/05/2012,CVG,KY,ASO,CE,Combined TRACON& Tower with Radar,136,225,17,3,381,0,8,4,0,12,136,233,21,3,393,0,0,0,393
11/06/2012,CVG,KY,ASO,CE,Combined TRACON& Tower with Radar,145,115,6,0,266,0,1,2,0,3,145,116,8,0,269,0,0,0,269
11/07/2012,CVG,KY,ASO,CE,Combined TRACON& Tower with Radar,198,219,13,0,430,0,0,0,0,0,198,219,13,0,430,0,0,0,430
11/08/2012,CVG,KY,ASO,CE,Combined TRACON& Tower with Radar,196,239,16,0,451,0,1,6,0,7,196,240,22,0,458,0,0,0,458
11/09/2012,CVG,KY,ASO,CE,Combined TRACON& Tower with Radar,206,244,7,0,457,0,11,6,0,17,206,255,13,0,474,0,0,0,474
11/10/2012,CVG,KY,ASO,CE,Combined TRACON& Tower with Radar,119,92,8,0,219,0,0,6,0,6,119,92,14,0,225,0,0,0,225
11/11/2012,CVG,KY,ASO,CE,Combined TRACON& Tower with Radar,149,210,2,0,361,0,0,0,0,0,149,210,2,0,361,0,0,0,361
11/12/2012,CVG,KY,ASO,CE,Combined TRACON& Tower with Radar,137,237,6,0,380,0,7,0,0,7,137,244,6,0,387,0,0,0,387
11/13/2012,CVG,KY,ASO,CE,Combined TRACON& Tower with Radar,196,216,18,2,432,0,2,6,0,8,196,218,24,2,440,0,0,0,440
11/14/2012,CVG,KY,ASO,CE,Combined TRACON& Tower with Radar,192,243,16,0,451,0,0,10,0,10,192,243,26,0,461,0,0,0,461
11/15/2012,CVG,KY,ASO,CE,Combined TRACON& Tower with Radar,198,230,9,2,439,0,0,7,0,7,198,230,16,2,446,0,0,0,446
11/16/2012,CVG,KY,ASO,CE,Combined TRACON& Tower with Radar,206,245,17,0,468,0,0,7,2,9,206,245,24,2,477,0,0,0,477
11/17/2012,CVG,KY,ASO,CE,Combined TRACON& Tower with Radar,114,86,5,1,206,0,0,3,1,4,114,86,8,2,210,0,0,0,210
11/18/2012,CVG,KY,ASO,CE,Combined TRACON& Tower with Radar,142,166,0,0,308,0,0,2,0,2,142,166,2,0,310,0,0,0,310
11/19/2012,CVG,KY,ASO,CE,Combined TRACON& Tower with Radar,133,180,7,0,320,0,0,2,0,2,133,180,9,0,322,0,0,0,322
11/20/2012,CVG,KY,ASO,CE,Combined TRACON& Tower with Radar,201,228,11,0,440,0,2,22,0,24,201,230,33,0,464,0,0,0,464
11/21/2012,CVG,KY,ASO,CE,Combined TRACON& Tower with Radar,209,233,8,0,450,0,0,5,0,5,209,233,13,0,455,0,0,0,455
11/22/2012,CVG,KY,ASO,CE,Combined TRACON& Tower with Radar,110,63,2,0,175,0,3,0,0,3,110,66,2,0,178,0,0,0,178
11/23/2012,CVG,KY,ASO,CE,Combined TRACON& Tower with Radar,110,74,4,0,188,0,0,1,0,1,110,74,5,0,189,0,0,0,189
11/24/2012,CVG,KY,ASO,CE,Combined TRACON& Tower with Radar,172,191,2,0,365,0,0,5,0,5,172,191,7,0,370,0,0,0,370
11/25/2012,CVG,KY,ASO,CE,Combined TRACON& Tower with Radar,154,234,8,0,396,0,0,1,0,1,154,234,9,0,397,0,0,0,397
11/26/2012,CVG,KY,ASO,CE,Combined TRACON& Tower with Radar,152,230,6,0,388,0,0,2,0,2,152,230,8,0,390,0,0,0,390
11/27/2012,CVG,KY,ASO,CE,Combined TRACON& Tower with Radar,184,223,21,0,428,0,0,2,0,2,184,223,23,0,430,0,0,0,430
11/28/2012,CVG,KY,ASO,CE,Combined TRACON& Tower with Radar,192,232,12,0,436,0,0,7,0,7,192,232,19,0,443,0,0,0,443
11/29/2012,CVG,KY,ASO,CE,Combined TRACON& Tower with Radar,195,238,16,0,449,0,0,7,0,7,195,238,23,0,456,0,0,0,456
11/30/2012,CVG,KY,ASO,CE,Combined TRACON& Tower with Radar,196,237,13,0,446,0,2,3,2,7,196,239,16,2,453,0,0,0,453
12/01/2012,CVG,KY,ASO,CE,Combined TRACON& Tower with Radar,112,75,2,0,189,0,2,3,0,5,112,77,5,0,194,0,0,0,194
12/02/2012,CVG,KY,ASO,CE,Combined TRACON& Tower with Radar,138,202,3,0,343,0,0,0,0,0,138,202,3,0,343,0,0,0,343
12/03/2012,CVG,KY,ASO,CE,Combined TRACON& Tower with Radar,136,236,6,0,378,0,0,0,0,0,136,236,6,0,378,0,0,0,378
12/04/2012,CVG,KY,ASO,CE,Combined TRACON& Tower with Radar,186,223,16,0,425,0,0,0,0,0,186,223,16,0,425,0,0,0,425
12/05/2012,CVG,KY,ASO,CE,Combined TRACON& Tower with Radar,192,249,17,1,459,0,10,11,5,26,192,259,28,6,485,0,0,0,485
12/06/2012,CVG,KY,ASO,CE,Combined TRACON& Tower with Radar,198,241,13,0,452,0,1,5,0,6,198,242,18,0,458,0,0,0,458
12/07/2012,CVG,KY,ASO,CE,Combined TRACON& Tower with Radar,188,237,4,0,429,0,0,0,0,0,188,237,4,0,429,0,0,0,429
12/08/2012,CVG,KY,ASO,CE,Combined TRACON& Tower with Radar,112,72,5,0,189,0,0,0,0,0,112,72,5,0,189,0,0,0,189
12/09/2012,CVG,KY,ASO,CE,Combined TRACON& Tower with Radar,134,195,10,0,339,0,0,0,0,0,134,195,10,0,339,0,0,0,339
12/10/2012,CVG,KY,ASO,CE,Combined TRACON& Tower with Radar,118,225,8,0,351,0,10,0,0,10,118,235,8,0,361,0,0,0,361
12/11/2012,CVG,KY,ASO,CE,Combined TRACON& Tower with Radar,183,231,19,0,433,0,0,0,0,0,183,231,19,0,433,0,0,0,433
12/12/2012,CVG,KY,ASO,CE,Combined TRACON& Tower with Radar,196,242,22,0,460,0,0,5,0,5,196,242,27,0,465,0,0,0,465
12/13/2012,CVG,KY,ASO,CE,Combined TRACON& Tower with Radar,190,251,25,0,466,0,0,3,0,3,190,251,28,0,469,0,0,0,469
12/14/2012,CVG,KY,ASO,CE,Combined TRACON& Tower with Radar,195,237,11,4,447,0,0,6,0,6,195,237,17,4,453,0,0,0,453
12/15/2012,CVG,KY,ASO,CE,Combined TRACON& Tower with Radar,116,80,1,0,197,0,0,1,0,1,116,80,2,0,198,0,0,0,198
12/16/2012,CVG,KY,ASO,CE,Combined TRACON& Tower with Radar,146,175,3,0,324,0,2,2,0,4,146,177,5,0,328,0,0,0,328
12/17/2012,CVG,KY,ASO,CE,Combined TRACON& Tower with Radar,147,198,11,0,356,0,1,2,0,3,147,199,13,0,359,0,0,0,359
12/18/2012,CVG,KY,ASO,CE,Combined TRACON& Tower with Radar,202,191,9,3,405,0,2,0,0,2,202,193,9,3,407,0,0,0,407
12/19/2012,CVG,KY,ASO,CE,Combined TRACON& Tower with Radar,207,197,15,0,419,0,0,2,0,2,207,197,17,0,421,0,0,0,421
12/20/2012,CVG,KY,ASO,CE,Combined TRACON& Tower with Radar,212,187,9,0,408,0,0,0,0,0,212,187,9,0,408,0,0,0,408
12/21/2012,CVG,KY,ASO,CE,Combined TRACON& Tower with Radar,214,195,13,0,422,0,0,0,0,0,214,195,13,0,422,0,0,0,422
12/22/2012,CVG,KY,ASO,CE,Combined TRACON& Tower with Radar,129,81,6,0,216,0,0,3,0,3,129,81,9,0,219,0,0,0,219
12/23/2012,CVG,KY,ASO,CE,Combined TRACON& Tower with Radar,100,99,6,0,205,0,0,7,0,7,100,99,13,0,212,0,0,0,212
12/24/2012,CVG,KY,ASO,CE,Combined TRACON& Tower with Radar,72,75,2,0,149,0,0,0,0,0,72,75,2,0,149,0,0,0,149
12/25/2012,CVG,KY,ASO,CE,Combined TRACON& Tower with Radar,63,59,0,0,122,0,0,0,0,0,63,59,0,0,122,0,0,0,122
12/26/2012,CVG,KY,ASO,CE,Combined TRACON& Tower with Radar,128,149,13,0,290,0,0,0,0,0,128,149,13,0,290,0,0,0,290
12/27/2012,CVG,KY,ASO,CE,Combined TRACON& Tower with Radar,205,187,17,0,409,0,0,22,0,22,205,187,39,0,431,0,0,0,431
12/28/2012,CVG,KY,ASO,CE,Combined TRACON& Tower with Radar,205,191,3,0,399,0,2,0,0,2,205,193,3,0,401,0,0,0,401
12/29/2012,CVG,KY,ASO,CE,Combined TRACON& Tower with Radar,115,89,2,0,206,0,0,0,0,0,115,89,2,0,206,0,0,0,206
12/30/2012,CVG,KY,ASO,CE,Combined TRACON& Tower with Radar,94,94,4,0,192,0,0,1,0,1,94,94,5,0,193,0,0,0,193
12/31/2012,CVG,KY,ASO,CE,Combined TRACON& Tower with Radar,77,78,7,0,162,0,0,0,0,0,77,78,7,0,162,0,0,0,162
01/01/2013,CVG,KY,ASO,CE,Combined TRACON& Tower with Radar,69,85,2,0,156,0,0,0,0,0,69,85,2,0,156,0,0,0,156
01/02/2013,CVG,KY,ASO,CE,Combined TRACON& Tower with Radar,146,183,6,0,335,0,0,2,0,2,146,183,8,0,337,0,0,0,337
01/03/2013,CVG,KY,ASO,CE,Combined TRACON& Tower with Radar,190,225,9,0,424,0,0,4,0,4,190,225,13,0,428,0,0,0,428
01/04/2013,CVG,KY,ASO,CE,Combined TRACON& Tower with Radar,183,229,9,0,421,0,1,5,0,6,183,230,14,0,427,0,0,0,427
01/05/2013,CVG,KY,ASO,CE,Combined TRACON& Tower with Radar,109,74,5,0,188,0,0,5,0,5,109,74,10,0,193,0,0,0,193
01/06/2013,CVG,KY,ASO,CE,Combined TRACON& Tower with Radar,136,184,7,0,327,0,0,0,0,0,136,184,7,0,327,0,0,0,327
01/07/2013,CVG,KY,ASO,CE,Combined TRACON& Tower with Radar,127,215,9,0,351,0,2,2,0,4,127,217,11,0,355,0,0,0,355
01/08/2013,CVG,KY,ASO,CE,Combined TRACON& Tower with Radar,181,219,13,0,413,0,0,4,0,4,181,219,17,0,417,0,0,0,417
01/09/2013,CVG,KY,ASO,CE,Combined TRACON& Tower with Radar,185,226,15,0,426,0,0,8,0,8,185,226,23,0,434,0,0,0,434
01/10/2013,CVG,KY,ASO,CE,Combined TRACON& Tower with Radar,186,224,17,2,429,0,0,1,1,2,186,224,18,3,431,0,0,0,431
01/11/2013,CVG,KY,ASO,CE,Combined TRACON& Tower with Radar,190,222,11,0,423,0,2,0,1,3,190,224,11,1,426,0,0,0,426
01/12/2013,CVG,KY,ASO,CE,Combined TRACON& Tower with Radar,102,77,0,0,179,0,0,0,0,0,102,77,0,0,179,0,0,0,179
01/13/2013,CVG,KY,ASO,CE,Combined TRACON& Tower with Radar,135,183,2,0,320,0,0,0,0,0,135,183,2,0,320,0,0,0,320
01/14/2013,CVG,KY,ASO,CE,Combined TRACON& Tower with Radar,130,217,3,0,350,0,0,0,0,0,130,217,3,0,350,0,0,0,350
01/15/2013,CVG,KY,ASO,CE,Combined TRACON& Tower with Radar,180,214,12,0,406,0,0,3,0,3,180,214,15,0,409,0,0,0,409
01/16/2013,CVG,KY,ASO,CE,Combined TRACON& Tower with Radar,187,203,13,0,403,0,0,5,0,5,187,203,18,0,408,0,0,0,408
01/17/2013,CVG,KY,ASO,CE,Combined TRACON& Tower with Radar,189,224,9,0,422,0,2,5,0,7,189,226,14,0,429,0,0,0,429
01/18/2013,CVG,KY,ASO,CE,Combined TRACON& Tower with Radar,190,215,4,2,411,0,0,7,0,7,190,215,11,2,418,0,0,0,418
01/19/2013,CVG,KY,ASO,CE,Combined TRACON& Tower with Radar,101,79,7,0,187,0,0,4,0,4,101,79,11,0,191,0,0,0,191
01/20/2013,CVG,KY,ASO,CE,Combined TRACON& Tower with Radar,80,104,6,0,190,0,0,4,0,4,80,104,10,0,194,0,0,0,194
01/21/2013,CVG,KY,ASO,CE,Combined TRACON& Tower with Radar,121,215,11,0,347,0,0,0,0,0,121,215,11,0,347,0,0,0,347
01/22/2013,CVG,KY,ASO,CE,Combined TRACON& Tower with Radar,179,212,14,0,405,0,0,1,0,1,179,212,15,0,406,0,0,0,406
01/23/2013,CVG,KY,ASO,CE,Combined TRACON& Tower with Radar,189,217,3,0,409,0,0,2,0,2,189,217,5,0,411,0,0,0,411
01/24/2013,CVG,KY,ASO,CE,Combined TRACON& Tower with Radar,184,235,7,0,426,0,0,2,0,2,184,235,9,0,428,0,0,0,428
01/25/2013,CVG,KY,ASO,CE,Combined TRACON& Tower with Radar,183,212,0,0,395,0,2,0,0,2,183,214,0,0,397,0,0,0,397
01/26/2013,CVG,KY,ASO,CE,Combined TRACON& Tower with Radar,108,85,4,2,199,0,0,2,0,2,108,85,6,2,201,0,0,0,201
01/27/2013,CVG,KY,ASO,CE,Combined TRACON& Tower with Radar,134,179,6,0,319,0,0,4,0,4,134,179,10,0,323,0,0,0,323
01/28/2013,CVG,KY,ASO,CE,Combined TRACON& Tower with Radar,129,204,7,0,340,0,0,0,0,0,129,204,7,0,340,0,0,0,340
01/29/2013,CVG,KY,ASO,CE,Combined TRACON& Tower with Radar,186,204,10,0,400,0,2,1,0,3,186,206,11,0,403,0,0,0,403
01/30/2013,CVG,KY,ASO,CE,Combined TRACON& Tower with Radar,180,204,10,0,394,0,0,0,0,0,180,204,10,0,394,0,0,0,394
01/31/2013,CVG,KY,ASO,CE,Combined TRACON& Tower with Radar,194,223,8,0,425,0,0,0,1,1,194,223,8,1,426,0,0,0,426
02/01/2013,CVG,KY,ASO,CE,Combined TRACON& Tower with Radar,195,221,9,0,425,0,0,3,0,3,195,221,12,0,428,0,0,0,428
02/02/2013,CVG,KY,ASO,CE,Combined TRACON& Tower with Radar,107,88,1,0,196,0,0,2,0,2,107,88,3,0,198,0,0,0,198
02/03/2013,CVG,KY,ASO,CE,Combined TRACON& Tower with Radar,85,103,4,0,192,0,0,0,0,0,85,103,4,0,192,0,0,0,192
02/04/2013,CVG,KY,ASO,CE,Combined TRACON& Tower with Radar,136,212,11,0,359,0,0,0,1,1,136,212,11,1,360,0,0,0,360
02/05/2013,CVG,KY,ASO,CE,Combined TRACON& Tower with Radar,186,212,11,0,409,0,0,9,0,9,186,212,20,0,418,0,0,0,418
02/06/2013,CVG,KY,ASO,CE,Combined TRACON& Tower with Radar,192,219,11,0,422,0,0,4,0,4,192,219,15,0,426,0,0,0,426
02/07/2013,CVG,KY,ASO,CE,Combined TRACON& Tower with Radar,190,213,11,0,414,0,0,11,0,11,190,213,22,0,425,0,0,0,425
02/08/2013,CVG,KY,ASO,CE,Combined TRACON& Tower with Radar,182,202,3,0,387,0,0,2,2,4,182,202,5,2,391,0,0,0,391
02/09/2013,CVG,KY,ASO,CE,Combined TRACON& Tower with Radar,98,88,4,0,190,0,0,6,0,6,98,88,10,0,196,0,0,0,196
02/10/2013,CVG,KY,ASO,CE,Combined TRACON& Tower with Radar,142,187,4,0,333,0,0,0,0,0,142,187,4,0,333,0,0,0,333
02/11/2013,CVG,KY,ASO,CE,Combined TRACON& Tower with Radar,129,209,4,0,342,0,0,2,0,2,129,209,6,0,344,0,0,0,344
02/12/2013,CVG,KY,ASO,CE,Combined TRACON& Tower with Radar,191,214,9,0,414,0,0,3,0,3,191,214,12,0,417,0,0,0,417
02/13/2013,CVG,KY,ASO,CE,Combined TRACON& Tower with Radar,192,209,20,0,421,0,0,1,0,1,192,209,21,0,422,0,0,0,422
02/14/2013,CVG,KY,ASO,CE,Combined TRACON& Tower with Radar,186,240,14,2,442,0,6,0,0,6,186,246,14,2,448,0,0,0,448
02/15/2013,CVG,KY,ASO,CE,Combined TRACON& Tower with Radar,184,236,4,0,424,0,0,2,0,2,184,236,6,0,426,0,0,0,426
02/16/2013,CVG,KY,ASO,CE,Combined TRACON& Tower with Radar,105,81,3,0,189,0,0,2,0,2,105,81,5,0,191,0,0,0,191
02/17/2013,CVG,KY,ASO,CE,Combined TRACON& Tower with Radar,96,100,2,0,198,0,0,5,0,5,96,100,7,0,203,0,0,0,203
02/18/2013,CVG,KY,ASO,CE,Combined TRACON& Tower with Radar,119,226,8,0,353,0,0,2,0,2,119,226,10,0,355,0,0,0,355
02/19/2013,CVG,KY,ASO,CE,Combined TRACON& Tower with Radar,176,213,9,0,398,0,0,3,0,3,176,213,12,0,401,0,0,0,401
02/20/2013,CVG,KY,ASO,CE,Combined TRACON& Tower with Radar,181,236,14,1,432,0,0,2,0,2,181,236,16,1,434,0,0,0,434
02/21/2013,CVG,KY,ASO,CE,Combined TRACON& Tower with Radar,182,223,8,0,413,0,2,4,0,6,182,225,12,0,419,0,0,0,419
02/22/2013,CVG,KY,ASO,CE,Combined TRACON& Tower with Radar,178,229,6,0,413,0,0,0,0,0,178,229,6,0,413,0,0,0,413
02/23/2013,CVG,KY,ASO,CE,Combined TRACON& Tower with Radar,110,81,6,0,197,0,0,0,0,0,110,81,6,0,197,0,0,0,197
02/24/2013,CVG,KY,ASO,CE,Combined TRACON& Tower with Radar,138,211,6,0,355,0,1,2,0,3,138,212,8,0,358,0,0,0,358
02/25/2013,CVG,KY,ASO,CE,Combined TRACON& Tower with Radar,133,230,15,0,378,0,2,4,0,6,133,232,19,0,384,0,0,0,384
02/26/2013,CVG,KY,ASO,CE,Combined TRACON& Tower with Radar,174,212,3,0,389,0,0,1,0,1,174,212,4,0,390,0,0,0,390
02/27/2013,CVG,KY,ASO,CE,Combined TRACON& Tower with Radar,184,227,16,2,429,0,0,0,0,0,184,227,16,2,429,0,0,0,429
02/28/2013,CVG,KY,ASO,CE,Combined TRACON& Tower with Radar,187,245,4,0,436,0,0,0,0,0,187,245,4,0,436,0,0,0,436
03/01/2013,CVG,KY,ASO,CE,Combined TRACON& Tower with Radar,185,232,10,2,429,0,0,0,0,0,185,232,10,2,429,0,0,0,429
03/02/2013,CVG,KY,ASO,CE,Combined TRACON& Tower with Radar,127,98,4,0,229,0,0,0,0,0,127,98,4,0,229,0,0,0,229
03/03/2013,CVG,KY,ASO,CE,Combined TRACON& Tower with Radar,147,209,2,0,358,0,2,0,0,2,147,211,2,0,360,0,0,0,360
03/04/2013,CVG,KY,ASO,CE,Combined TRACON& Tower with Radar,141,237,10,0,388,0,0,4,0,4,141,237,14,0,392,0,0,0,392
03/05/2013,CVG,KY,ASO,CE,Combined TRACON& Tower with Radar,185,220,10,0,415,0,0,2,0,2,185,220,12,0,417,0,0,0,417
03/06/2013,CVG,KY,ASO,CE,Combined TRACON& Tower with Radar,181,219,14,2,416,0,0,1,0,1,181,219,15,2,417,0,0,0,417
03/07/2013,CVG,KY,ASO,CE,Combined TRACON& Tower with Radar,191,244,6,0,441,0,0,1,0,1,191,244,7,0,442,0,0,0,442
03/08/2013,CVG,KY,ASO,CE,Combined TRACON& Tower with Radar,190,236,15,0,441,0,1,5,0,6,190,237,20,0,447,0,0,0,447
03/09/2013,CVG,KY,ASO,CE,Combined TRACON& Tower with Radar,125,87,1,0,213,0,2,2,0,4,125,89,3,0,217,0,0,0,217
03/10/2013,CVG,KY,ASO,CE,Combined TRACON& Tower with Radar,146,203,2,0,351,0,2,2,0,4,146,205,4,0,355,0,0,0,355
03/11/2013,CVG,KY,ASO,CE,Combined TRACON& Tower with Radar,135,227,11,0,373,0,0,0,0,0,135,227,11,0,373,0,0,0,373
03/12/2013,CVG,KY,ASO,CE,Combined TRACON& Tower with Radar,188,235,8,0,431,0,2,6,0,8,188,237,14,0,439,0,0,0,439
03/13/2013,CVG,KY,ASO,CE,Combined TRACON& Tower with Radar,190,241,12,0,443,0,0,0,0,0,190,241,12,0,443,0,0,0,443
03/14/2013,CVG,KY,ASO,CE,Combined TRACON& Tower with Radar,192,247,18,0,457,0,0,0,0,0,192,247,18,0,457,0,0,0,457
03/15/2013,CVG,KY,ASO,CE,Combined TRACON& Tower with Radar,198,240,12,0,450,0,0,3,4,7,198,240,15,4,457,0,0,0,457
03/16/2013,CVG,KY,ASO,CE,Combined TRACON& Tower with Radar,128,88,5,0,221,0,0,3,0,3,128,88,8,0,224,0,0,0,224
03/17/2013,CVG,KY,ASO,CE,Combined TRACON& Tower with Radar,147,205,7,0,359,0,0,0,0,0,147,205,7,0,359,0,0,0,359
03/18/2013,CVG,KY,ASO,CE,Combined TRACON& Tower with Radar,122,224,3,0,349,0,0,0,0,0,122,224,3,0,349,0,0,0,349
03/19/2013,CVG,KY,ASO,CE,Combined TRACON& Tower with Radar,195,238,21,0,454,0,0,5,0,5,195,238,26,0,459,0,0,0,459
03/20/2013,CVG,KY,ASO,CE,Combined TRACON& Tower with Radar,190,241,12,0,443,0,1,0,0,1,190,242,12,0,444,0,0,0,444
03/21/2013,CVG,KY,ASO,CE,Combined TRACON& Tower with Radar,193,244,13,0,450,0,0,2,0,2,193,244,15,0,452,0,0,0,452
03/22/2013,CVG,KY,ASO,CE,Combined TRACON& Tower with Radar,187,240,6,0,433,0,0,8,0,8,187,240,14,0,441,0,0,0,441
03/23/2013,CVG,KY,ASO,CE,Combined TRACON& Tower with Radar,125,89,6,0,220,0,0,5,0,5,125,89,11,0,225,0,0,0,225
03/24/2013,CVG,KY,ASO,CE,Combined TRACON& Tower with Radar,149,200,5,0,354,0,0,0,0,0,149,200,5,0,354,0,0,0,354
03/25/2013,CVG,KY,ASO,CE,Combined TRACON& Tower with Radar,136,230,4,0,370,0,0,0,0,0,136,230,4,0,370,0,0,0,370
03/26/2013,CVG,KY,ASO,CE,Combined TRACON& Tower with Radar,189,241,17,1,448,0,0,1,0,1,189,241,18,1,449,0,0,0,449
03/27/2013,CVG,KY,ASO,CE,Combined TRACON& Tower with Radar,183,239,11,0,433,0,2,17,0,19,183,241,28,0,452,0,0,0,452
03/28/2013,CVG,KY,ASO,CE,Combined TRACON& Tower with Radar,191,243,5,0,439,0,10,3,0,13,191,253,8,0,452,0,0,0,452
03/29/2013,CVG,KY,ASO,CE,Combined TRACON& Tower with Radar,198,239,12,1,450,0,2,4,3,9,198,241,16,4,459,0,0,0,459
03/30/2013,CVG,KY,ASO,CE,Combined TRACON& Tower with Radar,124,83,4,0,211,0,0,9,0,9,124,83,13,0,220,0,0,0,220
03/31/2013,CVG,KY,ASO,CE,Combined TRACON& Tower with Radar,145,199,0,0,344,0,0,0,0,0,145,199,0,0,344,0,0,0,344
04/01/2013,CVG,KY,ASO,CE,Combined TRACON& Tower with Radar,134,237,14,0,385,0,0,0,0,0,134,237,14,0,385,0,0,0,385
04/02/2013,CVG,KY,ASO,CE,Combined TRACON& Tower with Radar,193,246,10,0,449,0,0,1,0,1,193,246,11,0,450,0,0,0,450
04/03/2013,CVG,KY,ASO,CE,Combined TRACON& Tower with Radar,188,244,8,0,440,0,0,4,0,4,188,244,12,0,444,0,0,0,444
04/04/2013,CVG,KY,ASO,CE,Combined TRACON& Tower with Radar,194,243,8,0,445,0,0,6,0,6,194,243,14,0,451,0,0,0,451
04/05/2013,CVG,KY,ASO,CE,Combined TRACON& Tower with Radar,193,251,14,0,458,0,0,2,0,2,193,251,16,0,460,0,0,0,460
04/06/2013,CVG,KY,ASO,CE,Combined TRACON& Tower with Radar,124,90,0,0,214,0,0,5,0,5,124,90,5,0,219,0,0,0,219
04/07/2013,CVG,KY,ASO,CE,Combined TRACON& Tower with Radar,153,218,1,0,372,0,0,0,0,0,153,218,1,0,372,0,0,0,372
04/08/2013,CVG,KY,ASO,CE,Combined TRACON& Tower with Radar,142,231,12,0,385,0,0,2,0,2,142,231,14,0,387,0,0,0,387
04/09/2013,CVG,KY,ASO,CE,Combined TRACON& Tower with Radar,190,224,12,0,426,0,0,0,0,0,190,224,12,0,426,0,0,0,426
04/10/2013,CVG,KY,ASO,CE,Combined TRACON& Tower with Radar,189,221,22,0,432,0,0,0,0,0,189,221,22,0,432,0,0,0,432
04/11/2013,CVG,KY,ASO,CE,Combined TRACON& Tower with Radar,193,226,1,0,420,0,0,0,0,0,193,226,1,0,420,0,0,0,420
04/12/2013,CVG,KY,ASO,CE,Combined TRACON& Tower with Radar,200,245,4,0,449,0,2,5,0,7,200,247,9,0,456,0,0,0,456
04/13/2013,CVG,KY,ASO,CE,Combined TRACON& Tower with Radar,123,90,5,0,218,0,0,2,0,2,123,90,7,0,220,0,0,0,220
04/14/2013,CVG,KY,ASO,CE,Combined TRACON& Tower with Radar,162,212,9,0,383,0,0,1,0,1,162,212,10,0,384,0,0,0,384
04/15/2013,CVG,KY,ASO,CE,Combined TRACON& Tower with Radar,150,235,9,0,394,0,1,3,0,4,150,236,12,0,398,0,0,0,398
04/16/2013,CVG,KY,ASO,CE,Combined TRACON& Tower with Radar,192,215,8,0,415,0,2,0,0,2,192,217,8,0,417,0,0,0,417
04/17/2013,CVG,KY,ASO,CE,Combined TRACON& Tower with Radar,199,221,16,0,436,0,0,2,0,2,199,221,18,0,438,0,0,0,438
04/18/2013,CVG,KY,ASO,CE,Combined TRACON& Tower with Radar,208,213,10,2,433,0,0,0,0,0,208,213,10,2,433,0,0,0,433
04/19/2013,CVG,KY,ASO,CE,Combined TRACON& Tower with Radar,199,230,6,0,435,0,0,2,0,2,199,230,8,0,437,0,0,0,437
04/20/2013,CVG,KY,ASO,CE,Combined TRACON& Tower with Radar,132,90,3,0,225,0,0,3,0,3,132,90,6,0,228,0,0,0,228
04/21/2013,CVG,KY,ASO,CE,Combined TRACON& Tower with Radar,162,222,9,0,393,0,0,5,0,5,162,222,14,0,398,0,0,0,398
04/22/2013,CVG,KY,ASO,CE,Combined TRACON& Tower with Radar,140,236,7,0,383,0,0,10,0,10,140,236,17,0,393,0,0,0,393
04/23/2013,CVG,KY,ASO,CE,Combined TRACON& Tower with Radar,191,239,12,0,442,0,0,2,0,2,191,239,14,0,444,0,0,0,444
04/24/2013,CVG,KY,ASO,CE,Combined TRACON& Tower with Radar,200,231,13,0,444,0,0,2,0,2,200,231,15,0,446,0,0,0,446
04/25/2013,CVG,KY,ASO,CE,Combined TRACON& Tower with Radar,203,244,14,0,461,0,0,1,4,5,203,244,15,4,466,0,0,0,466
04/26/2013,CVG,KY,ASO,CE,Combined TRACON& Tower with Radar,202,241,23,1,467,0,6,0,0,6,202,247,23,1,473,0,0,0,473
04/27/2013,CVG,KY,ASO,CE,Combined TRACON& Tower with Radar,120,92,6,0,218,0,2,1,0,3,120,94,7,0,221,0,0,0,221
04/28/2013,CVG,KY,ASO,CE,Combined TRACON& Tower with Radar,150,215,12,0,377,0,0,10,0,10,150,215,22,0,387,0,0,0,387
04/29/2013,CVG,KY,ASO,CE,Combined TRACON& Tower with Radar,150,228,19,0,397,0,0,2,0,2,150,228,21,0,399,0,0,0,399
04/30/2013,CVG,KY,ASO,CE,Combined TRACON& Tower with Radar,192,243,24,0,459,0,1,5,0,6,192,244,29,0,465,0,0,0,465
05/01/2013,CVG,KY,ASO,CE,Combined TRACON& Tower with Radar,199,239,18,0,456,0,1,4,0,5,199,240,22,0,461,0,0,0,461
05/02/2013,CVG,KY,ASO,CE,Combined TRACON& Tower with Radar,196,236,17,0,449,0,0,5,0,5,196,236,22,0,454,0,0,0,454
05/03/2013,CVG,KY,ASO,CE,Combined TRACON& Tower with Radar,194,226,10,0,430,0,2,1,0,3,194,228,11,0,433,0,0,0,433
05/04/2013,CVG,KY,ASO,CE,Combined TRACON& Tower with Radar,115,93,0,0,208,0,0,0,0,0,115,93,0,0,208,0,0,0,208
05/05/2013,CVG,KY,ASO,CE,Combined TRACON& Tower with Radar,149,211,9,0,369,0,0,0,0,0,149,211,9,0,369,0,0,0,369
05/06/2013,CVG,KY,ASO,CE,Combined TRACON& Tower with Radar,144,235,13,0,392,0,4,0,0,4,144,239,13,0,396,0,0,0,396
05/07/2013,CVG,KY,ASO,CE,Combined TRACON& Tower with Radar,186,233,19,0,438,0,0,7,0,7,186,233,26,0,445,0,0,0,445
05/08/2013,CVG,KY,ASO,CE,Combined TRACON& Tower with Radar,187,233,14,0,434,0,0,5,0,5,187,233,19,0,439,0,0,0,439
05/09/2013,CVG,KY,ASO,CE,Combined TRACON& Tower with Radar,200,245,13,0,458,0,0,2,0,2,200,245,15,0,460,0,0,0,460
05/10/2013,CVG,KY,ASO,CE,Combined TRACON& Tower with Radar,193,244,8,0,445,0,0,0,0,0,193,244,8,0,445,0,0,0,445
05/11/2013,CVG,KY,ASO,CE,Combined TRACON& Tower with Radar,109,100,6,0,215,0,2,0,0,2,109,102,6,0,217,0,0,0,217
05/12/2013,CVG,KY,ASO,CE,Combined TRACON& Tower with Radar,149,207,6,0,362,0,0,0,0,0,149,207,6,0,362,0,0,0,362
05/13/2013,CVG,KY,ASO,CE,Combined TRACON& Tower with Radar,142,234,24,0,400,0,0,12,0,12,142,234,36,0,412,0,0,0,412
05/14/2013,CVG,KY,ASO,CE,Combined TRACON& Tower with Radar,186,228,17,0,431,0,2,21,7,30,186,230,38,7,461,0,0,0,461
05/15/2013,CVG,KY,ASO,CE,Combined TRACON& Tower with Radar,195,224,18,0,437,0,0,11,0,11,195,224,29,0,448,0,0,0,448
05/16/2013,CVG,KY,ASO,CE,Combined TRACON& Tower with Radar,203,238,12,0,453,0,1,0,0,1,203,239,12,0,454,0,0,0,454
05/17/2013,CVG,KY,ASO,CE,Combined TRACON& Tower with Radar,197,242,11,0,450,0,1,0,0,1,197,243,11,0,451,0,0,0,451
05/18/2013,CVG,KY,ASO,CE,Combined TRACON& Tower with Radar,120,90,6,0,216,0,0,0,0,0,120,90,6,0,216,0,0,0,216
05/19/2013,CVG,KY,ASO,CE,Combined TRACON& Tower with Radar,149,206,2,0,357,0,0,2,0,2,149,206,4,0,359,0,0,0,359
05/20/2013,CVG,KY,ASO,CE,Combined TRACON& Tower with Radar,143,233,9,1,386,0,3,0,0,3,143,236,9,1,389,0,0,0,389
05/21/2013,CVG,KY,ASO,CE,Combined TRACON& Tower with Radar,192,221,16,0,429,0,1,4,0,5,192,222,20,0,434,0,0,0,434
05/22/2013,CVG,KY,ASO,CE,Combined TRACON& Tower with Radar,194,230,11,0,435,0,3,2,0,5,194,233,13,0,440,0,0,0,440
05/23/2013,CVG,KY,ASO,CE,Combined TRACON& Tower with Radar,193,226,11,0,430,0,1,0,0,1,193,227,11,0,431,0,0,0,431
05/24/2013,CVG,KY,ASO,CE,Combined TRACON& Tower with Radar,200,233,13,0,446,0,0,13,0,13,200,233,26,0,459,0,0,0,459
05/25/2013,CVG,KY,ASO,CE,Combined TRACON& Tower with Radar,116,93,5,0,214,0,0,2,0,2,116,93,7,0,216,0,0,0,216
05/26/2013,CVG,KY,ASO,CE,Combined TRACON& Tower with Radar,101,82,1,0,184,0,0,0,0,0,101,82,1,0,184,0,0,0,184
05/27/2013,CVG,KY,ASO,CE,Combined TRACON& Tower with Radar,117,201,7,0,325,0,0,1,0,1,117,201,8,0,326,0,0,0,326
05/28/2013,CVG,KY,ASO,CE,Combined TRACON& Tower with Radar,167,222,12,0,401,0,4,4,0,8,167,226,16,0,409,0,0,0,409
05/29/2013,CVG,KY,ASO,CE,Combined TRACON& Tower with Radar,198,235,14,1,448,0,0,4,1,5,198,235,18,2,453,0,0,0,453
05/30/2013,CVG,KY,ASO,CE,Combined TRACON& Tower with Radar,201,234,11,0,446,0,2,8,2,12,201,236,19,2,458,0,0,0,458
05/31/2013,CVG,KY,ASO,CE,Combined TRACON& Tower with Radar,202,232,3,0,437,0,2,0,0,2,202,234,3,0,439,0,0,0,439
06/01/2013,CVG,KY,ASO,CE,Combined TRACON& Tower with Radar,118,99,2,10,229,0,0,0,23,23,118,99,2,33,252,0,0,0,252
06/02/2013,CVG,KY,ASO,CE,Combined TRACON& Tower with Radar,159,202,8,2,371,0,0,0,0,0,159,202,8,2,371,0,0,0,371
06/03/2013,CVG,KY,ASO,CE,Combined TRACON& Tower with Radar,148,229,26,0,403,0,0,2,0,2,148,229,28,0,405,0,0,0,405
06/04/2013,CVG,KY,ASO,CE,Combined TRACON& Tower with Radar,192,229,19,2,442,0,2,5,0,7,192,231,24,2,449,0,0,0,449
06/05/2013,CVG,KY,ASO,CE,Combined TRACON& Tower with Radar,192,238,27,0,457,0,1,2,0,3,192,239,29,0,460,0,0,0,460
06/06/2013,CVG,KY,ASO,CE,Combined TRACON& Tower with Radar,200,239,6,0,445,0,0,4,0,4,200,239,10,0,449,0,0,0,449
06/07/2013,CVG,KY,ASO,CE,Combined TRACON& Tower with Radar,200,239,4,2,445,0,2,0,0,2,200,241,4,2,447,0,0,0,447
06/08/2013,CVG,KY,ASO,CE,Combined TRACON& Tower with Radar,121,102,1,0,224,0,0,2,0,2,121,102,3,0,226,0,0,0,226
06/09/2013,CVG,KY,ASO,CE,Combined TRACON& Tower with Radar,163,211,6,0,380,0,2,0,0,2,163,213,6,0,382,0,0,0,382
06/10/2013,CVG,KY,ASO,CE,Combined TRACON& Tower with Radar,146,223,13,0,382,0,0,0,0,0,146,223,13,0,382,0,0,0,382
06/11/2013,CVG,KY,ASO,CE,Combined TRACON& Tower with Radar,201,229,18,0,448,0,0,11,0,11,201,229,29,0,459,0,0,0,459
06/12/2013,CVG,KY,ASO,CE,Combined TRACON& Tower with Radar,207,223,25,0,455,0,2,1,0,3,207,225,26,0,458,0,0,0,458
06/13/2013,CVG,KY,ASO,CE,Combined TRACON& Tower with Radar,201,198,16,0,415,0,0,2,0,2,201,198,18,0,417,0,0,0,417
06/14/2013,CVG,KY,ASO,CE,Combined TRACON& Tower with Radar,203,225,25,0,453,0,0,2,0,2,203,225,27,0,455,0,0,0,455
06/15/2013,CVG,KY,ASO,CE,Combined TRACON& Tower with Radar,133,109,7,0,249,0,1,2,0,3,133,110,9,0,252,0,0,0,252
06/16/2013,CVG,KY,ASO,CE,Combined TRACON& Tower with Radar,166,204,5,0,375,0,0,4,0,4,166,204,9,0,379,0,0,0,379
06/17/2013,CVG,KY,ASO,CE,Combined TRACON& Tower with Radar,154,209,9,0,372,0,0,0,0,0,154,209,9,0,372,0,0,0,372
06/18/2013,CVG,KY,ASO,CE,Combined TRACON& Tower with Radar,205,211,17,0,433,0,0,3,0,3,205,211,20,0,436,0,0,0,436
06/19/2013,CVG,KY,ASO,CE,Combined TRACON& Tower with Radar,206,225,13,0,444,0,0,6,0,6,206,225,19,0,450,0,0,0,450
06/20/2013,CVG,KY,ASO,CE,Combined TRACON& Tower with Radar,212,226,15,0,453,0,2,3,0,5,212,228,18,0,458,0,0,0,458
06/21/2013,CVG,KY,ASO,CE,Combined TRACON& Tower with Radar,208,215,12,0,435,0,0,19,0,19,208,215,31,0,454,0,0,0,454
06/22/2013,CVG,KY,ASO,CE,Combined TRACON& Tower with Radar,129,108,3,0,240,0,0,8,0,8,129,108,11,0,248,0,0,0,248
06/23/2013,CVG,KY,ASO,CE,Combined TRACON& Tower with Radar,160,196,1,0,357,0,1,2,0,3,160,197,3,0,360,0,0,0,360
06/24/2013,CVG,KY,ASO,CE,Combined TRACON& Tower with Radar,141,202,3,0,346,0,0,2,0,2,141,202,5,0,348,0,0,0,348
06/25/2013,CVG,KY,ASO,CE,Combined TRACON& Tower with Radar,197,232,7,0,436,0,0,3,0,3,197,232,10,0,439,0,0,0,439
06/26/2013,CVG,KY,ASO,CE,Combined TRACON& Tower with Radar,206,193,23,0,422,0,0,2,0,2,206,193,25,0,424,0,0,0,424
06/27/2013,CVG,KY,ASO,CE,Combined TRACON& Tower with Radar,203,211,59,0,473,0,8,1,0,9,203,219,60,0,482,0,0,0,482
06/28/2013,CVG,KY,ASO,CE,Combined TRACON& Tower with Radar,197,210,37,0,444,0,2,4,2,8,197,212,41,2,452,0,0,0,452
06/29/2013,CVG,KY,ASO,CE,Combined TRACON& Tower with Radar,130,117,34,1,282,0,0,0,23,23,130,117,34,24,305,0,0,0,305
06/30/2013,CVG,KY,ASO,CE,Combined TRACON& Tower with Radar,166,195,54,0,415,0,0,2,17,19,166,195,56,17,434,0,0,0,434
07/01/2013,CVG,KY,ASO,CE,Combined TRACON& Tower with Radar,136,196,12,0,344,0,0,0,0,0,136,196,12,0,344,0,0,0,344
07/02/2013,CVG,KY,ASO,CE,Combined TRACON& Tower with Radar,187,202,8,1,398,0,0,0,2,2,187,202,8,3,400,0,0,0,400
07/03/2013,CVG,KY,ASO,CE,Combined TRACON& Tower with Radar,196,218,9,0,423,0,0,1,0,1,196,218,10,0,424,0,0,0,424
07/04/2013,CVG,KY,ASO,CE,Combined TRACON& Tower with Radar,119,86,0,0,205,0,0,0,0,0,119,86,0,0,205,0,0,0,205
07/05/2013,CVG,KY,ASO,CE,Combined TRACON& Tower with Radar,131,98,7,0,236,0,0,0,0,0,131,98,7,0,236,0,0,0,236
07/06/2013,CVG,KY,ASO,CE,Combined TRACON& Tower with Radar,122,102,8,0,232,0,0,0,0,0,122,102,8,0,232,0,0,0,232
07/07/2013,CVG,KY,ASO,CE,Combined TRACON& Tower with Radar,162,186,4,2,354,0,3,0,0,3,162,189,4,2,357,0,0,0,357
07/08/2013,CVG,KY,ASO,CE,Combined TRACON& Tower with Radar,139,215,10,0,364,0,0,4,0,4,139,215,14,0,368,0,0,0,368
07/09/2013,CVG,KY,ASO,CE,Combined TRACON& Tower with Radar,196,218,11,0,425,0,0,0,0,0,196,218,11,0,425,0,0,0,425
07/10/2013,CVG,KY,ASO,CE,Combined TRACON& Tower with Radar,201,198,7,0,406,0,2,0,0,2,201,200,7,0,408,0,0,0,408
07/11/2013,CVG,KY,ASO,CE,Combined TRACON& Tower with Radar,196,225,20,0,441,0,0,2,0,2,196,225,22,0,443,0,0,0,443
07/12/2013,CVG,KY,ASO,CE,Combined TRACON& Tower with Radar,196,229,5,2,432,0,4,3,0,7,196,233,8,2,439,0,0,0,439
07/13/2013,CVG,KY,ASO,CE,Combined TRACON& Tower with Radar,131,106,3,0,240,0,0,4,0,4,131,106,7,0,244,0,0,0,244
07/14/2013,CVG,KY,ASO,CE,Combined TRACON& Tower with Radar,170,205,5,0,380,0,0,5,0,5,170,205,10,0,385,0,0,0,385
07/15/2013,CVG,KY,ASO,CE,Combined TRACON& Tower with Radar,146,216,7,0,369,0,2,0,0,2,146,218,7,0,371,0,0,0,371
07/16/2013,CVG,KY,ASO,CE,Combined TRACON& Tower with Radar,202,234,12,0,448,0,1,4,0,5,202,235,16,0,453,0,0,0,453
07/17/2013,CVG,KY,ASO,CE,Combined TRACON& Tower with Radar,203,229,15,0,447,0,0,4,0,4,203,229,19,0,451,0,0,0,451
07/18/2013,CVG,KY,ASO,CE,Combined TRACON& Tower with Radar,199,223,12,0,434,0,0,2,0,2,199,223,14,0,436,0,0,0,436
07/19/2013,CVG,KY,ASO,CE,Combined TRACON& Tower with Radar,199,232,12,0,443,0,2,0,2,4,199,234,12,2,447,0,0,0,447
07/20/2013,CVG,KY,ASO,CE,Combined TRACON& Tower with Radar,129,104,2,0,235,0,0,0,0,0,129,104,2,0,235,0,0,0,235
07/21/2013,CVG,KY,ASO,CE,Combined TRACON& Tower with Radar,167,206,9,0,382,0,4,2,0,6,167,210,11,0,388,0,0,0,388
07/22/2013,CVG,KY,ASO,CE,Combined TRACON& Tower with Radar,141,211,3,0,355,0,0,0,0,0,141,211,3,0,355,0,0,0,355
07/23/2013,CVG,KY,ASO,CE,Combined TRACON& Tower with Radar,193,228,17,0,438,0,2,2,0,4,193,230,19,0,442,0,0,0,442
07/24/2013,CVG,KY,ASO,CE,Combined TRACON& Tower with Radar,192,212,12,0,416,0,2,2,0,4,192,214,14,0,420,0,0,0,420
07/25/2013,CVG,KY,ASO,CE,Combined TRACON& Tower with Radar,208,231,7,0,446,0,4,0,0,4,208,235,7,0,450,0,0,0,450
07/26/2013,CVG,KY,ASO,CE,Combined TRACON& Tower with Radar,206,245,6,0,457,0,2,0,0,2,206,247,6,0,459,0,0,0,459
07/27/2013,CVG,KY,ASO,CE,Combined TRACON& Tower with Radar,132,103,2,0,237,0,0,2,0,2,132,103,4,0,239,0,0,0,239
07/28/2013,CVG,KY,ASO,CE,Combined TRACON& Tower with Radar,158,199,6,0,363,0,0,0,0,0,158,199,6,0,363,0,0,0,363
07/29/2013,CVG,KY,ASO,CE,Combined TRACON& Tower with Radar,148,222,13,0,383,0,0,3,0,3,148,222,16,0,386,0,0,0,386
07/30/2013,CVG,KY,ASO,CE,Combined TRACON& Tower with Radar,195,227,11,0,433,0,2,0,0,2,195,229,11,0,435,0,0,0,435
07/31/2013,CVG,KY,ASO,CE,Combined TRACON& Tower with Radar,203,235,10,0,448,0,0,0,0,0,203,235,10,0,448,0,0,0,448
08/01/2013,CVG,KY,ASO,CE,Combined TRACON& Tower with Radar,198,227,8,0,433,0,0,3,2,5,198,227,11,2,438,0,0,0,438
08/02/2013,CVG,KY,ASO,CE,Combined TRACON& Tower with Radar,204,221,12,1,438,0,0,7,0,7,204,221,19,1,445,0,0,0,445
08/03/2013,CVG,KY,ASO,CE,Combined TRACON& Tower with Radar,128,110,3,1,242,0,0,2,2,4,128,110,5,3,246,0,0,0,246
08/04/2013,CVG,KY,ASO,CE,Combined TRACON& Tower with Radar,165,197,6,0,368,0,0,3,0,3,165,197,9,0,371,0,0,0,371
08/05/2013,CVG,KY,ASO,CE,Combined TRACON& Tower with Radar,146,215,8,0,369,0,0,4,2,6,146,215,12,2,375,0,0,0,375
08/06/2013,CVG,KY,ASO,CE,Combined TRACON& Tower with Radar,197,230,14,0,441,0,0,6,0,6,197,230,20,0,447,0,0,0,447
08/07/2013,CVG,KY,ASO,CE,Combined TRACON& Tower with Radar,204,236,11,0,451,0,0,0,0,0,204,236,11,0,451,0,0,0,451
08/08/2013,CVG,KY,ASO,CE,Combined TRACON& Tower with Radar,193,219,14,0,426,0,0,0,0,0,193,219,14,0,426,0,0,0,426
08/09/2013,CVG,KY,ASO,CE,Combined TRACON& Tower with Radar,213,224,7,0,444,0,0,0,0,0,213,224,7,0,444,0,0,0,444
08/10/2013,CVG,KY,ASO,CE,Combined TRACON& Tower with Radar,131,102,5,0,238,0,0,6,0,6,131,102,11,0,244,0,0,0,244
08/11/2013,CVG,KY,ASO,CE,Combined TRACON& Tower with Radar,167,206,8,0,381,0,0,2,0,2,167,206,10,0,383,0,0,0,383
08/12/2013,CVG,KY,ASO,CE,Combined TRACON& Tower with Radar,147,223,10,0,380,0,0,2,0,2,147,223,12,0,382,0,0,0,382
08/13/2013,CVG,KY,ASO,CE,Combined TRACON& Tower with Radar,195,210,7,0,412,0,2,3,0,5,195,212,10,0,417,0,0,0,417
08/14/2013,CVG,KY,ASO,CE,Combined TRACON& Tower with Radar,205,239,21,0,465,0,0,1,6,7,205,239,22,6,472,0,0,0,472
08/15/2013,CVG,KY,ASO,CE,Combined TRACON& Tower with Radar,211,237,12,0,460,0,0,15,0,15,211,237,27,0,475,0,0,0,475
08/16/2013,CVG,KY,ASO,CE,Combined TRACON& Tower with Radar,166,211,12,0,389,0,0,8,0,8,166,211,20,0,397,0,0,0,397
08/17/2013,CVG,KY,ASO,CE,Combined TRACON& Tower with Radar,135,105,19,0,259,0,2,31,0,33,135,107,50,0,292,0,0,0,292
08/18/2013,CVG,KY,ASO,CE,Combined TRACON& Tower with Radar,172,203,11,0,386,0,0,0,0,0,172,203,11,0,386,0,0,0,386
08/19/2013,CVG,KY,ASO,CE,Combined TRACON& Tower with Radar,144,217,15,0,376,0,1,9,0,10,144,218,24,0,386,0,0,0,386
08/20/2013,CVG,KY,ASO,CE,Combined TRACON& Tower with Radar,192,233,12,0,437,0,0,6,0,6,192,233,18,0,443,0,0,0,443
08/21/2013,CVG,KY,ASO,CE,Combined TRACON& Tower with Radar,189,240,15,0,444,0,0,2,0,2,189,240,17,0,446,0,0,0,446
08/22/2013,CVG,KY,ASO,CE,Combined TRACON& Tower with Radar,180,226,18,0,424,0,0,1,2,3,180,226,19,2,427,0,0,0,427
08/23/2013,CVG,KY,ASO,CE,Combined TRACON& Tower with Radar,190,241,13,0,444,0,1,0,0,1,190,242,13,0,445,0,0,0,445
08/24/2013,CVG,KY,ASO,CE,Combined TRACON& Tower with Radar,129,91,11,0,231,0,2,7,0,9,129,93,18,0,240,0,0,0,240
08/25/2013,CVG,KY,ASO,CE,Combined TRACON& Tower with Radar,151,191,1,0,343,0,4,1,0,5,151,195,2,0,348,0,0,0,348
08/26/2013,CVG,KY,ASO,CE,Combined TRACON& Tower with Radar,127,227,7,0,361,0,0,8,0,8,127,227,15,0,369,0,0,0,369
08/27/2013,CVG,KY,ASO,CE,Combined TRACON& Tower with Radar,185,240,21,0,446,0,0,9,2,11,185,240,30,2,457,0,0,0,457
08/28/2013,CVG,KY,ASO,CE,Combined TRACON& Tower with Radar,187,236,17,0,440,0,0,10,0,10,187,236,27,0,450,0,0,0,450
08/29/2013,CVG,KY,ASO,CE,Combined TRACON& Tower with Radar,188,242,13,0,443,0,0,2,0,2,188,242,15,0,445,0,0,0,445
08/30/2013,CVG,KY,ASO,CE,Combined TRACON& Tower with Radar,184,229,21,0,434,0,0,1,0,1,184,229,22,0,435,0,0,0,435
08/31/2013,CVG,KY,ASO,CE,Combined TRACON& Tower with Radar,119,87,3,0,209,0,0,0,0,0,119,87,3,0,209,0,0,0,209
09/01/2013,CVG,KY,ASO,CE,Combined TRACON& Tower with Radar,91,65,2,0,158,0,0,0,0,0,91,65,2,0,158,0,0,0,158
09/02/2013,CVG,KY,ASO,CE,Combined TRACON& Tower with Radar,101,186,4,0,291,0,0,0,0,0,101,186,4,0,291,0,0,0,291
09/03/2013,CVG,KY,ASO,CE,Combined TRACON& Tower with Radar,156,215,8,0,379,0,0,2,0,2,156,215,10,0,381,0,0,0,381
09/04/2013,CVG,KY,ASO,CE,Combined TRACON& Tower with Radar,180,231,18,0,429,0,0,5,0,5,180,231,23,0,434,0,0,0,434
09/05/2013,CVG,KY,ASO,CE,Combined TRACON& Tower with Radar,194,238,25,0,457,0,2,10,0,12,194,240,35,0,469,0,0,0,469
09/06/2013,CVG,KY,ASO,CE,Combined TRACON& Tower with Radar,187,239,10,0,436,0,0,2,0,2,187,239,12,0,438,0,0,0,438
09/07/2013,CVG,KY,ASO,CE,Combined TRACON& Tower with Radar,123,84,5,0,212,0,2,1,0,3,123,86,6,0,215,0,0,0,215
09/08/2013,CVG,KY,ASO,CE,Combined TRACON& Tower with Radar,146,202,15,0,363,0,0,3,0,3,146,202,18,0,366,0,0,0,366
09/09/2013,CVG,KY,ASO,CE,Combined TRACON& Tower with Radar,130,231,10,0,371,0,0,4,0,4,130,231,14,0,375,0,0,0,375
09/10/2013,CVG,KY,ASO,CE,Combined TRACON& Tower with Radar,173,231,25,0,429,0,0,7,0,7,173,231,32,0,436,0,0,0,436
09/11/2013,CVG,KY,ASO,CE,Combined TRACON& Tower with Radar,187,220,9,0,416,0,0,6,0,6,187,220,15,0,422,0,0,0,422
09/12/2013,CVG,KY,ASO,CE,Combined TRACON& Tower with Radar,190,217,24,0,431,0,2,1,0,3,190,219,25,0,434,0,0,0,434
09/13/2013,CVG,KY,ASO,CE,Combined TRACON& Tower with Radar,194,236,14,0,444,0,0,11,0,11,194,236,25,0,455,0,0,0,455
09/14/2013,CVG,KY,ASO,CE,Combined TRACON& Tower with Radar,122,79,3,0,204,0,0,2,0,2,122,79,5,0,206,0,0,0,206
09/15/2013,CVG,KY,ASO,CE,Combined TRACON& Tower with Radar,143,206,5,0,354,0,2,4,0,6,143,208,9,0,360,0,0,0,360
09/16/2013,CVG,KY,ASO,CE,Combined TRACON& Tower with Radar,129,229,18,0,376,0,2,1,0,3,129,231,19,0,379,0,0,0,379
09/17/2013,CVG,KY,ASO,CE,Combined TRACON& Tower with Radar,179,229,14,0,422,0,0,10,2,12,179,229,24,2,434,0,0,0,434
09/18/2013,CVG,KY,ASO,CE,Combined TRACON& Tower with Radar,181,234,17,0,432,0,0,2,0,2,181,234,19,0,434,0,0,0,434
09/19/2013,CVG,KY,ASO,CE,Combined TRACON& Tower with Radar,189,220,20,0,429,0,1,1,0,2,189,221,21,0,431,0,0,0,431
09/20/2013,CVG,KY,ASO,CE,Combined TRACON& Tower with Radar,190,238,14,0,442,0,0,0,0,0,190,238,14,0,442,0,0,0,442
09/21/2013,CVG,KY,ASO,CE,Combined TRACON& Tower with Radar,127,94,16,0,237,0,1,1,0,2,127,95,17,0,239,0,0,0,239
09/22/2013,CVG,KY,ASO,CE,Combined TRACON& Tower with Radar,150,203,12,0,365,0,0,3,0,3,150,203,15,0,368,0,0,0,368
09/23/2013,CVG,KY,ASO,CE,Combined TRACON& Tower with Radar,132,232,14,0,378,0,0,5,0,5,132,232,19,0,383,0,0,0,383
09/24/2013,CVG,KY,ASO,CE,Combined TRACON& Tower with Radar,178,229,12,0,419,0,1,9,0,10,178,230,21,0,429,0,0,0,429
09/25/2013,CVG,KY,ASO,CE,Combined TRACON& Tower with Radar,192,235,13,0,440,0,4,4,0,8,192,239,17,0,448,0,0,0,448
09/26/2013,CVG,KY,ASO,CE,Combined TRACON& Tower with Radar,202,245,12,0,459,0,8,6,0,14,202,253,18,0,473,0,0,0,473
09/27/2013,CVG,KY,ASO,CE,Combined TRACON& Tower with Radar,190,229,12,0,431,0,1,2,0,3,190,230,14,0,434,0,0,0,434
09/28/2013,CVG,KY,ASO,CE,Combined TRACON& Tower with Radar,127,81,9,2,219,0,1,5,0,6,127,82,14,2,225,0,0,0,225
09/29/2013,CVG,KY,ASO,CE,Combined TRACON& Tower with Radar,142,210,0,0,352,0,0,0,0,0,142,210,0,0,352,0,0,0,352
09/30/2013,CVG,KY,ASO,CE,Combined TRACON& Tower with Radar,139,221,12,0,372,0,0,0,0,0,139,221,12,0,372,0,0,0,372
10/01/2013,CVG,KY,ASO,CE,Combined TRACON& Tower with Radar,192,233,12,0,437,0,2,2,0,4,192,235,14,0,441,0,0,0,441
10/02/2013,CVG,KY,ASO,CE,Combined TRACON& Tower with Radar,208,247,15,0,470,0,0,1,0,1,208,247,16,0,471,0,0,0,471
10/03/2013,CVG,KY,ASO,CE,Combined TRACON& Tower with Radar,202,229,15,0,446,0,0,0,0,0,202,229,15,0,446,0,0,0,446
10/04/2013,CVG,KY,ASO,CE,Combined TRACON& Tower with Radar,207,236,16,0,459,0,0,6,0,6,207,236,22,0,465,0,0,0,465
10/05/2013,CVG,KY,ASO,CE,Combined TRACON& Tower with Radar,124,82,10,0,216,0,4,4,0,8,124,86,14,0,224,0,0,0,224
10/06/2013,CVG,KY,ASO,CE,Combined TRACON& Tower with Radar,161,204,8,0,373,0,0,0,0,0,161,204,8,0,373,0,0,0,373
10/07/2013,CVG,KY,ASO,CE,Combined TRACON& Tower with Radar,140,221,16,2,379,0,0,12,0,12,140,221,28,2,391,0,0,0,391
10/08/2013,CVG,KY,ASO,CE,Combined TRACON& Tower with Radar,202,220,17,0,439,0,0,6,0,6,202,220,23,0,445,0,0,0,445
10/09/2013,CVG,KY,ASO,CE,Combined TRACON& Tower with Radar,199,233,18,0,450,0,0,1,0,1,199,233,19,0,451,0,0,0,451
10/10/2013,CVG,KY,ASO,CE,Combined TRACON& Tower with Radar,204,237,20,0,461,0,1,8,0,9,204,238,28,0,470,0,0,0,470
10/11/2013,CVG,KY,ASO,CE,Combined TRACON& Tower with Radar,205,235,17,0,457,0,0,5,0,5,205,235,22,0,462,0,0,0,462
10/12/2013,CVG,KY,ASO,CE,Combined TRACON& Tower with Radar,121,77,4,0,202,0,2,4,0,6,121,79,8,0,208,0,0,0,208
10/13/2013,CVG,KY,ASO,CE,Combined TRACON& Tower with Radar,144,188,5,0,337,0,2,3,0,5,144,190,8,0,342,0,0,0,342
10/14/2013,CVG,KY,ASO,CE,Combined TRACON& Tower with Radar,141,233,6,0,380,0,0,4,0,4,141,233,10,0,384,0,0,0,384
10/15/2013,CVG,KY,ASO,CE,Combined TRACON& Tower with Radar,195,229,13,0,437,0,4,0,0,4,195,233,13,0,441,0,0,0,441
10/16/2013,CVG,KY,ASO,CE,Combined TRACON& Tower with Radar,191,233,4,0,428,0,0,2,0,2,191,233,6,0,430,0,0,0,430
10/17/2013,CVG,KY,ASO,CE,Combined TRACON& Tower with Radar,200,233,17,1,451,0,0,0,0,0,200,233,17,1,451,0,0,0,451
10/18/2013,CVG,KY,ASO,CE,Combined TRACON& Tower with Radar,205,235,8,0,448,0,0,3,0,3,205,235,11,0,451,0,0,0,451
10/19/2013,CVG,KY,ASO,CE,Combined TRACON& Tower with Radar,129,77,0,0,206,0,0,0,0,0,129,77,0,0,206,0,0,0,206
10/20/2013,CVG,KY,ASO,CE,Combined TRACON& Tower with Radar,156,205,1,0,362,0,0,0,0,0,156,205,1,0,362,0,0,0,362
10/21/2013,CVG,KY,ASO,CE,Combined TRACON& Tower with Radar,143,220,15,0,378,0,0,3,0,3,143,220,18,0,381,0,0,0,381
10/22/2013,CVG,KY,ASO,CE,Combined TRACON& Tower with Radar,196,218,12,0,426,0,0,2,0,2,196,218,14,0,428,0,0,0,428
10/23/2013,CVG,KY,ASO,CE,Combined TRACON& Tower with Radar,193,233,12,0,438,0,1,0,0,1,193,234,12,0,439,0,0,0,439
10/24/2013,CVG,KY,ASO,CE,Combined TRACON& Tower with Radar,203,239,19,0,461,0,0,0,0,0,203,239,19,0,461,0,0,0,461
10/25/2013,CVG,KY,ASO,CE,Combined TRACON& Tower with Radar,203,230,15,0,448,0,0,3,0,3,203,230,18,0,451,0,0,0,451
10/26/2013,CVG,KY,ASO,CE,Combined TRACON& Tower with Radar,117,72,0,0,189,0,0,1,0,1,117,72,1,0,190,0,0,0,190
10/27/2013,CVG,KY,ASO,CE,Combined TRACON& Tower with Radar,153,201,2,0,356,0,0,2,0,2,153,201,4,0,358,0,0,0,358
10/28/2013,CVG,KY,ASO,CE,Combined TRACON& Tower with Radar,146,226,14,0,386,0,0,11,0,11,146,226,25,0,397,0,0,0,397
10/29/2013,CVG,KY,ASO,CE,Combined TRACON& Tower with Radar,200,215,16,2,433,0,0,20,0,20,200,215,36,2,453,0,0,0,453
10/30/2013,CVG,KY,ASO,CE,Combined TRACON& Tower with Radar,199,226,15,0,440,0,0,0,0,0,199,226,15,0,440,0,0,0,440
10/31/2013,CVG,KY,ASO,CE,Combined TRACON& Tower with Radar,187,185,11,0,383,0,0,0,0,0,187,185,11,0,383,0,0,0,383
11/01/2013,CVG,KY,ASO,CE,Combined TRACON& Tower with Radar,201,235,11,0,447,0,0,2,0,2,201,235,13,0,449,0,0,0,449
11/02/2013,CVG,KY,ASO,CE,Combined TRACON& Tower with Radar,123,84,3,0,210,0,0,3,2,5,123,84,6,2,215,0,0,0,215
11/03/2013,CVG,KY,ASO,CE,Combined TRACON& Tower with Radar,152,182,7,0,341,0,0,0,0,0,152,182,7,0,341,0,0,0,341
11/04/2013,CVG,KY,ASO,CE,Combined TRACON& Tower with Radar,143,223,20,0,386,0,0,4,0,4,143,223,24,0,390,0,0,0,390
11/05/2013,CVG,KY,ASO,CE,Combined TRACON& Tower with Radar,194,227,27,0,448,0,2,2,0,4,194,229,29,0,452,0,0,0,452
11/06/2013,CVG,KY,ASO,CE,Combined TRACON& Tower with Radar,198,232,15,0,445,0,0,0,0,0,198,232,15,0,445,0,0,0,445
11/07/2013,CVG,KY,ASO,CE,Combined TRACON& Tower with Radar,203,224,19,2,448,0,0,7,0,7,203,224,26,2,455,0,0,0,455
11/08/2013,CVG,KY,ASO,CE,Combined TRACON& Tower with Radar,205,230,13,1,449,0,0,6,0,6,205,230,19,1,455,0,0,0,455
11/09/2013,CVG,KY,ASO,CE,Combined TRACON& Tower with Radar,127,93,5,0,225,0,2,4,0,6,127,95,9,0,231,0,0,0,231
11/10/2013,CVG,KY,ASO,CE,Combined TRACON& Tower with Radar,155,174,5,0,334,0,0,2,0,2,155,174,7,0,336,0,0,0,336
11/11/2013,CVG,KY,ASO,CE,Combined TRACON& Tower with Radar,149,215,5,0,369,0,0,2,0,2,149,215,7,0,371,0,0,0,371
11/12/2013,CVG,KY,ASO,CE,Combined TRACON& Tower with Radar,196,222,9,0,427,0,0,0,0,0,196,222,9,0,427,0,0,0,427
11/13/2013,CVG,KY,ASO,CE,Combined TRACON& Tower with Radar,204,242,16,0,462,0,0,4,0,4,204,242,20,0,466,0,0,0,466
11/14/2013,CVG,KY,ASO,CE,Combined TRACON& Tower with Radar,200,235,24,0,459,0,2,11,0,13,200,237,35,0,472,0,0,0,472
11/15/2013,CVG,KY,ASO,CE,Combined TRACON& Tower with Radar,209,222,14,0,445,0,4,0,0,4,209,226,14,0,449,0,0,0,449
11/16/2013,CVG,KY,ASO,CE,Combined TRACON& Tower with Radar,121,92,4,0,217,0,2,1,0,3,121,94,5,0,220,0,0,0,220
11/17/2013,CVG,KY,ASO,CE,Combined TRACON& Tower with Radar,157,169,4,0,330,0,0,0,0,0,157,169,4,0,330,0,0,0,330
11/18/2013,CVG,KY,ASO,CE,Combined TRACON& Tower with Radar,157,215,12,0,384,0,0,2,0,2,157,215,14,0,386,0,0,0,386
11/19/2013,CVG,KY,ASO,CE,Combined TRACON& Tower with Radar,200,217,16,0,433,0,0,0,0,0,200,217,16,0,433,0,0,0,433
11/20/2013,CVG,KY,ASO,CE,Combined TRACON& Tower with Radar,206,216,22,0,444,0,1,9,0,10,206,217,31,0,454,0,0,0,454
11/21/2013,CVG,KY,ASO,CE,Combined TRACON& Tower with Radar,209,220,11,0,440,0,1,0,0,1,209,221,11,0,441,0,0,0,441
11/22/2013,CVG,KY,ASO,CE,Combined TRACON& Tower with Radar,214,209,13,0,436,0,0,0,0,0,214,209,13,0,436,0,0,0,436
11/23/2013,CVG,KY,ASO,CE,Combined TRACON& Tower with Radar,126,91,6,0,223,0,0,2,0,2,126,91,8,0,225,0,0,0,225
11/24/2013,CVG,KY,ASO,CE,Combined TRACON& Tower with Radar,135,154,2,0,291,0,0,2,0,2,135,154,4,0,293,0,0,0,293
11/25/2013,CVG,KY,ASO,CE,Combined TRACON& Tower with Radar,133,170,8,0,311,0,0,0,0,0,133,170,8,0,311,0,0,0,311
11/26/2013,CVG,KY,ASO,CE,Combined TRACON& Tower with Radar,212,210,8,0,430,0,0,0,0,0,212,210,8,0,430,0,0,0,430
11/27/2013,CVG,KY,ASO,CE,Combined TRACON& Tower with Radar,216,216,10,0,442,0,0,0,0,0,216,216,10,0,442,0,0,0,442
11/28/2013,CVG,KY,ASO,CE,Combined TRACON& Tower with Radar,110,64,0,0,174,0,0,0,0,0,110,64,0,0,174,0,0,0,174
11/29/2013,CVG,KY,ASO,CE,Combined TRACON& Tower with Radar,120,68,2,0,190,0,0,4,0,4,120,68,6,0,194,0,0,0,194
11/30/2013,CVG,KY,ASO,CE,Combined TRACON& Tower with Radar,167,174,10,0,351,0,0,4,0,4,167,174,14,0,355,0,0,0,355
12/01/2013,CVG,KY,ASO,CE,Combined TRACON& Tower with Radar,180,206,8,0,394,0,0,4,0,4,180,206,12,0,398,0,0,0,398
12/02/2013,CVG,KY,ASO,CE,Combined TRACON& Tower with Radar,164,209,10,0,383,0,0,8,0,8,164,209,18,0,391,0,0,0,391
12/03/2013,CVG,KY,ASO,CE,Combined TRACON& Tower with Radar,194,223,9,0,426,0,0,2,2,4,194,223,11,2,430,0,0,0,430
12/04/2013,CVG,KY,ASO,CE,Combined TRACON& Tower with Radar,198,228,14,0,440,0,2,0,0,2,198,230,14,0,442,0,0,0,442
12/05/2013,CVG,KY,ASO,CE,Combined TRACON& Tower with Radar,204,194,19,0,417,0,0,0,6,6,204,194,19,6,423,0,0,0,423
12/06/2013,CVG,KY,ASO,CE,Combined TRACON& Tower with Radar,192,136,7,0,335,0,0,0,0,0,192,136,7,0,335,0,0,0,335
12/07/2013,CVG,KY,ASO,CE,Combined TRACON& Tower with Radar,118,75,14,0,207,0,0,0,0,0,118,75,14,0,207,0,0,0,207
12/08/2013,CVG,KY,ASO,CE,Combined TRACON& Tower with Radar,140,86,0,0,226,0,0,0,0,0,140,86,0,0,226,0,0,0,226
12/09/2013,CVG,KY,ASO,CE,Combined TRACON& Tower with Radar,135,185,8,0,328,0,0,2,0,2,135,185,10,0,330,0,0,0,330
12/10/2013,CVG,KY,ASO,CE,Combined TRACON& Tower with Radar,193,203,16,1,413,0,0,2,3,5,193,203,18,4,418,0,0,0,418
12/11/2013,CVG,KY,ASO,CE,Combined TRACON& Tower with Radar,200,217,13,0,430,0,0,7,2,9,200,217,20,2,439,0,0,0,439
12/12/2013,CVG,KY,ASO,CE,Combined TRACON& Tower with Radar,202,212,20,0,434,0,0,4,2,6,202,212,24,2,440,0,0,0,440
12/13/2013,CVG,KY,ASO,CE,Combined TRACON& Tower with Radar,202,223,10,0,435,0,0,0,0,0,202,223,10,0,435,0,0,0,435
12/14/2013,CVG,KY,ASO,CE,Combined TRACON& Tower with Radar,120,68,4,0,192,0,0,0,0,0,120,68,4,0,192,0,0,0,192
12/15/2013,CVG,KY,ASO,CE,Combined TRACON& Tower with Radar,149,162,6,0,317,0,2,2,0,4,149,164,8,0,321,0,0,0,321
12/16/2013,CVG,KY,ASO,CE,Combined TRACON& Tower with Radar,144,199,9,0,352,0,0,0,0,0,144,199,9,0,352,0,0,0,352
12/17/2013,CVG,KY,ASO,CE,Combined TRACON& Tower with Radar,195,209,15,0,419,0,1,2,0,3,195,210,17,0,422,0,0,0,422
12/18/2013,CVG,KY,ASO,CE,Combined TRACON& Tower with Radar,192,228,13,0,433,0,3,6,0,9,192,231,19,0,442,0,0,0,442
12/19/2013,CVG,KY,ASO,CE,Combined TRACON& Tower with Radar,199,200,17,0,416,0,0,1,2,3,199,200,18,2,419,0,0,0,419
12/20/2013,CVG,KY,ASO,CE,Combined TRACON& Tower with Radar,201,202,6,0,409,0,0,1,0,1,201,202,7,0,410,0,0,0,410
12/21/2013,CVG,KY,ASO,CE,Combined TRACON& Tower with Radar,161,176,4,0,341,0,0,0,0,0,161,176,4,0,341,0,0,0,341
12/22/2013,CVG,KY,ASO,CE,Combined TRACON& Tower with Radar,118,85,2,0,205,0,0,0,0,0,118,85,2,0,205,0,0,0,205
12/23/2013,CVG,KY,ASO,CE,Combined TRACON& Tower with Radar,88,111,4,0,203,0,0,4,0,4,88,111,8,0,207,0,0,0,207
12/24/2013,CVG,KY,ASO,CE,Combined TRACON& Tower with Radar,134,93,2,0,229,0,0,4,0,4,134,93,6,0,233,0,0,0,233
12/25/2013,CVG,KY,ASO,CE,Combined TRACON& Tower with Radar,96,69,2,0,167,0,0,0,0,0,96,69,2,0,167,0,0,0,167
12/26/2013,CVG,KY,ASO,CE,Combined TRACON& Tower with Radar,162,196,5,0,363,0,0,2,0,2,162,196,7,0,365,0,0,0,365
12/27/2013,CVG,KY,ASO,CE,Combined TRACON& Tower with Radar,194,201,6,0,401,0,0,0,0,0,194,201,6,0,401,0,0,0,401
12/28/2013,CVG,KY,ASO,CE,Combined TRACON& Tower with Radar,158,173,3,0,334,0,0,1,0,1,158,173,4,0,335,0,0,0,335
12/29/2013,CVG,KY,ASO,CE,Combined TRACON& Tower with Radar,114,87,4,0,205,0,2,0,0,2,114,89,4,0,207,0,0,0,207
12/30/2013,CVG,KY,ASO,CE,Combined TRACON& Tower with Radar,90,105,4,0,199,0,0,0,0,0,90,105,4,0,199,0,0,0,199
12/31/2013,CVG,KY,ASO,CE,Combined TRACON& Tower with Radar,134,89,2,0,225,0,0,1,0,1,134,89,3,0,226,0,0,0,226
01/01/2014,CVG,KY,ASO,CE,Combined TRACON& Tower with Radar,93,80,2,0,175,0,0,2,0,2,93,80,4,0,177,0,0,0,177
01/02/2014,CVG,KY,ASO,CE,Combined TRACON& Tower with Radar,156,162,7,0,325,0,0,0,0,0,156,162,7,0,325,0,0,0,325
01/03/2014,CVG,KY,ASO,CE,Combined TRACON& Tower with Radar,180,166,9,0,355,0,1,5,0,6,180,167,14,0,361,0,0,0,361
01/04/2014,CVG,KY,ASO,CE,Combined TRACON& Tower with Radar,143,173,7,0,323,0,0,1,0,1,143,173,8,0,324,0,0,0,324
01/05/2014,CVG,KY,ASO,CE,Combined TRACON& Tower with Radar,146,141,4,0,291,0,0,2,0,2,146,141,6,0,293,0,0,0,293
01/06/2014,CVG,KY,ASO,CE,Combined TRACON& Tower with Radar,108,148,10,0,266,0,0,0,0,0,108,148,10,0,266,0,0,0,266
01/07/2014,CVG,KY,ASO,CE,Combined TRACON& Tower with Radar,169,150,19,0,338,0,2,0,2,4,169,152,19,2,342,0,0,0,342
01/08/2014,CVG,KY,ASO,CE,Combined TRACON& Tower with Radar,178,179,10,0,367,0,0,6,0,6,178,179,16,0,373,0,0,0,373
01/09/2014,CVG,KY,ASO,CE,Combined TRACON& Tower with Radar,188,195,8,0,391,0,0,0,0,0,188,195,8,0,391,0,0,0,391
01/10/2014,CVG,KY,ASO,CE,Combined TRACON& Tower with Radar,181,206,5,0,392,0,0,0,0,0,181,206,5,0,392,0,0,0,392
01/11/2014,CVG,KY,ASO,CE,Combined TRACON& Tower with Radar,108,74,5,0,187,0,0,0,0,0,108,74,5,0,187,0,0,0,187
01/12/2014,CVG,KY,ASO,CE,Combined TRACON& Tower with Radar,134,167,1,0,302,0,0,4,0,4,134,167,5,0,306,0,0,0,306
01/13/2014,CVG,KY,ASO,CE,Combined TRACON& Tower with Radar,129,214,17,0,360,0,0,2,0,2,129,214,19,0,362,0,0,0,362
01/14/2014,CVG,KY,ASO,CE,Combined TRACON& Tower with Radar,175,188,20,0,383,0,0,2,0,2,175,188,22,0,385,0,0,0,385
01/15/2014,CVG,KY,ASO,CE,Combined TRACON& Tower with Radar,176,198,9,0,383,0,0,0,0,0,176,198,9,0,383,0,0,0,383
01/16/2014,CVG,KY,ASO,CE,Combined TRACON& Tower with Radar,184,214,14,0,412,0,0,1,0,1,184,214,15,0,413,0,0,0,413
01/17/2014,CVG,KY,ASO,CE,Combined TRACON& Tower with Radar,182,219,3,0,404,0,0,0,0,0,182,219,3,0,404,0,0,0,404
01/18/2014,CVG,KY,ASO,CE,Combined TRACON& Tower with Radar,116,77,0,0,193,0,0,0,0,0,116,77,0,0,193,0,0,0,193
01/19/2014,CVG,KY,ASO,CE,Combined TRACON& Tower with Radar,107,94,3,0,204,0,0,2,0,2,107,94,5,0,206,0,0,0,206
01/20/2014,CVG,KY,ASO,CE,Combined TRACON& Tower with Radar,119,202,5,0,326,0,2,6,0,8,119,204,11,0,334,0,0,0,334
01/21/2014,CVG,KY,ASO,CE,Combined TRACON& Tower with Radar,165,174,10,1,350,0,0,0,0,0,165,174,10,1,350,0,0,0,350
01/22/2014,CVG,KY,ASO,CE,Combined TRACON& Tower with Radar,170,193,14,0,377,0,0,2,0,2,170,193,16,0,379,0,0,0,379
01/23/2014,CVG,KY,ASO,CE,Combined TRACON& Tower with Radar,189,218,7,1,415,0,0,0,0,0,189,218,7,1,415,0,0,0,415
01/24/2014,CVG,KY,ASO,CE,Combined TRACON& Tower with Radar,189,213,8,0,410,0,0,0,0,0,189,213,8,0,410,0,0,0,410
01/25/2014,CVG,KY,ASO,CE,Combined TRACON& Tower with Radar,113,84,0,0,197,0,2,0,0,2,113,86,0,0,199,0,0,0,199
01/26/2014,CVG,KY,ASO,CE,Combined TRACON& Tower with Radar,131,150,0,0,281,0,1,2,0,3,131,151,2,0,284,0,0,0,284
01/27/2014,CVG,KY,ASO,CE,Combined TRACON& Tower with Radar,127,196,14,0,337,0,3,0,0,3,127,199,14,0,340,0,0,0,340
01/28/2014,CVG,KY,ASO,CE,Combined TRACON& Tower with Radar,170,201,14,0,385,0,0,0,0,0,170,201,14,0,385,0,0,0,385
01/29/2014,CVG,KY,ASO,CE,Combined TRACON& Tower with Radar,177,203,11,0,391,0,0,4,0,4,177,203,15,0,395,0,0,0,395
01/30/2014,CVG,KY,ASO,CE,Combined TRACON& Tower with Radar,174,226,16,0,416,0,0,0,0,0,174,226,16,0,416,0,0,0,416
01/31/2014,CVG,KY,ASO,CE,Combined TRACON& Tower with Radar,178,214,5,0,397,0,0,1,0,1,178,214,6,0,398,0,0,0,398
02/01/2014,CVG,KY,ASO,CE,Combined TRACON& Tower with Radar,116,70,3,0,189,0,0,3,0,3,116,70,6,0,192,0,0,0,192
02/02/2014,CVG,KY,ASO,CE,Combined TRACON& Tower with Radar,100,84,0,0,184,0,0,0,0,0,100,84,0,0,184,0,0,0,184
02/03/2014,CVG,KY,ASO,CE,Combined TRACON& Tower with Radar,121,192,11,0,324,0,2,6,0,8,121,194,17,0,332,0,0,0,332
02/04/2014,CVG,KY,ASO,CE,Combined TRACON& Tower with Radar,163,130,9,0,302,0,0,0,0,0,163,130,9,0,302,0,0,0,302
02/05/2014,CVG,KY,ASO,CE,Combined TRACON& Tower with Radar,138,155,10,0,303,0,0,0,0,0,138,155,10,0,303,0,0,0,303
02/06/2014,CVG,KY,ASO,CE,Combined TRACON& Tower with Radar,178,204,3,0,385,0,0,0,0,0,178,204,3,0,385,0,0,0,385
02/07/2014,CVG,KY,ASO,CE,Combined TRACON& Tower with Radar,188,209,17,0,414,0,0,11,2,13,188,209,28,2,427,0,0,0,427
02/08/2014,CVG,KY,ASO,CE,Combined TRACON& Tower with Radar,110,76,3,0,189,0,0,1,0,1,110,76,4,0,190,0,0,0,190
02/09/2014,CVG,KY,ASO,CE,Combined TRACON& Tower with Radar,128,155,2,0,285,0,0,0,0,0,128,155,2,0,285,0,0,0,285
02/10/2014,CVG,KY,ASO,CE,Combined TRACON& Tower with Radar,135,209,8,0,352,0,0,5,0,5,135,209,13,0,357,0,0,0,357
02/11/2014,CVG,KY,ASO,CE,Combined TRACON& Tower with Radar,176,201,13,0,390,0,0,2,0,2,176,201,15,0,392,0,0,0,392
02/12/2014,CVG,KY,ASO,CE,Combined TRACON& Tower with Radar,175,197,23,0,395,0,0,4,1,5,175,197,27,1,400,0,0,0,400
02/13/2014,CVG,KY,ASO,CE,Combined TRACON& Tower with Radar,160,177,4,0,341,0,0,2,0,2,160,177,6,0,343,0,0,0,343
02/14/2014,CVG,KY,ASO,CE,Combined TRACON& Tower with Radar,165,156,9,0,330,0,0,0,0,0,165,156,9,0,330,0,0,0,330
02/15/2014,CVG,KY,ASO,CE,Combined TRACON& Tower with Radar,109,71,1,0,181,0,0,1,0,1,109,71,2,0,182,0,0,0,182
02/16/2014,CVG,KY,ASO,CE,Combined TRACON& Tower with Radar,106,97,3,0,206,0,0,0,0,0,106,97,3,0,206,0,0,0,206
02/17/2014,CVG,KY,ASO,CE,Combined TRACON& Tower with Radar,134,176,4,0,314,0,0,0,0,0,134,176,4,0,314,0,0,0,314
02/18/2014,CVG,KY,ASO,CE,Combined TRACON& Tower with Radar,182,204,14,1,401,0,2,2,1,5,182,206,16,2,406,0,0,0,406
02/19/2014,CVG,KY,ASO,CE,Combined TRACON& Tower with Radar,187,216,13,0,416,0,9,7,0,16,187,225,20,0,432,0,0,0,432
02/20/2014,CVG,KY,ASO,CE,Combined TRACON& Tower with Radar,187,200,12,0,399,0,3,2,0,5,187,203,14,0,404,0,0,0,404
02/21/2014,CVG,KY,ASO,CE,Combined TRACON& Tower with Radar,188,200,13,0,401,0,0,0,0,0,188,200,13,0,401,0,0,0,401
02/22/2014,CVG,KY,ASO,CE,Combined TRACON& Tower with Radar,111,82,5,0,198,0,0,1,0,1,111,82,6,0,199,0,0,0,199
02/23/2014,CVG,KY,ASO,CE,Combined TRACON& Tower with Radar,138,157,9,0,304,0,3,6,0,9,138,160,15,0,313,0,0,0,313
02/24/2014,CVG,KY,ASO,CE,Combined TRACON& Tower with Radar,135,219,8,0,362,0,3,7,0,10,135,222,15,0,372,0,0,0,372
02/25/2014,CVG,KY,ASO,CE,Combined TRACON& Tower with Radar,175,211,6,0,392,0,2,2,0,4,175,213,8,0,396,0,0,0,396
02/26/2014,CVG,KY,ASO,CE,Combined TRACON& Tower with Radar,187,210,10,0,407,0,1,0,0,1,187,211,10,0,408,0,0,0,408
02/27/2014,CVG,KY,ASO,CE,Combined TRACON& Tower with Radar,188,227,12,0,427,0,0,2,0,2,188,227,14,0,429,0,0,0,429
02/28/2014,CVG,KY,ASO,CE,Combined TRACON& Tower with Radar,190,219,19,0,428,0,0,9,0,9,190,219,28,0,437,0,0,0,437
03/01/2014,CVG,KY,ASO,CE,Combined TRACON& Tower with Radar,112,84,9,0,205,0,0,9,0,9,112,84,18,0,214,0,0,0,214
03/02/2014,CVG,KY,ASO,CE,Combined TRACON& Tower with Radar,124,95,6,0,225,0,0,0,0,0,124,95,6,0,225,0,0,0,225
03/03/2014,CVG,KY,ASO,CE,Combined TRACON& Tower with Radar,137,185,9,0,331,0,0,3,0,3,137,185,12,0,334,0,0,0,334
03/04/2014,CVG,KY,ASO,CE,Combined TRACON& Tower with Radar,202,200,17,0,419,0,0,2,0,2,202,200,19,0,421,0,0,0,421
03/05/2014,CVG,KY,ASO,CE,Combined TRACON& Tower with Radar,206,207,18,2,433,0,0,2,0,2,206,207,20,2,435,0,0,0,435
03/06/2014,CVG,KY,ASO,CE,Combined TRACON& Tower with Radar,203,224,23,0,450,0,0,4,0,4,203,224,27,0,454,0,0,0,454
03/07/2014,CVG,KY,ASO,CE,Combined TRACON& Tower with Radar,200,213,24,0,437,0,0,7,0,7,200,213,31,0,444,0,0,0,444
03/08/2014,CVG,KY,ASO,CE,Combined TRACON& Tower with Radar,128,84,0,1,213,0,0,6,3,9,128,84,6,4,222,0,0,0,222
03/09/2014,CVG,KY,ASO,CE,Combined TRACON& Tower with Radar,145,170,4,0,319,0,0,5,0,5,145,170,9,0,324,0,0,0,324
03/10/2014,CVG,KY,ASO,CE,Combined TRACON& Tower with Radar,143,225,8,0,376,0,0,2,0,2,143,225,10,0,378,0,0,0,378
03/11/2014,CVG,KY,ASO,CE,Combined TRACON& Tower with Radar,194,209,19,0,422,0,1,3,0,4,194,210,22,0,426,0,0,0,426
03/12/2014,CVG,KY,ASO,CE,Combined TRACON& Tower with Radar,201,190,13,0,404,0,0,0,0,0,201,190,13,0,404,0,0,0,404
03/13/2014,CVG,KY,ASO,CE,Combined TRACON& Tower with Radar,190,217,11,0,418,0,0,2,0,2,190,217,13,0,420,0,0,0,420
03/14/2014,CVG,KY,ASO,CE,Combined TRACON& Tower with Radar,206,216,8,0,430,0,0,3,0,3,206,216,11,0,433,0,0,0,433
03/15/2014,CVG,KY,ASO,CE,Combined TRACON& Tower with Radar,129,81,0,0,210,0,0,2,0,2,129,81,2,0,212,0,0,0,212
03/16/2014,CVG,KY,ASO,CE,Combined TRACON& Tower with Radar,145,165,7,0,317,0,0,1,0,1,145,165,8,0,318,0,0,0,318
03/17/2014,CVG,KY,ASO,CE,Combined TRACON& Tower with Radar,146,194,8,0,348,0,0,0,0,0,146,194,8,0,348,0,0,0,348
03/18/2014,CVG,KY,ASO,CE,Combined TRACON& Tower with Radar,203,214,19,0,436,0,0,4,0,4,203,214,23,0,440,0,0,0,440
03/19/2014,CVG,KY,ASO,CE,Combined TRACON& Tower with Radar,207,218,10,0,435,0,0,3,0,3,207,218,13,0,438,0,0,0,438
03/20/2014,CVG,KY,ASO,CE,Combined TRACON& Tower with Radar,204,229,15,0,448,0,0,4,0,4,204,229,19,0,452,0,0,0,452
03/21/2014,CVG,KY,ASO,CE,Combined TRACON& Tower with Radar,206,218,13,0,437,0,0,2,0,2,206,218,15,0,439,0,0,0,439
03/22/2014,CVG,KY,ASO,CE,Combined TRACON& Tower with Radar,126,86,5,0,217,0,0,2,0,2,126,86,7,0,219,0,0,0,219
03/23/2014,CVG,KY,ASO,CE,Combined TRACON& Tower with Radar,148,161,6,0,315,0,0,2,0,2,148,161,8,0,317,0,0,0,317
03/24/2014,CVG,KY,ASO,CE,Combined TRACON& Tower with Radar,144,216,7,3,370,0,0,1,0,1,144,216,8,3,371,0,0,0,371
03/25/2014,CVG,KY,ASO,CE,Combined TRACON& Tower with Radar,198,208,31,0,437,0,0,0,0,0,198,208,31,0,437,0,0,0,437
03/26/2014,CVG,KY,ASO,CE,Combined TRACON& Tower with Radar,206,205,15,0,426,0,0,3,0,3,206,205,18,0,429,0,0,0,429
03/27/2014,CVG,KY,ASO,CE,Combined TRACON& Tower with Radar,202,221,7,0,430,0,0,1,0,1,202,221,8,0,431,0,0,0,431
03/28/2014,CVG,KY,ASO,CE,Combined TRACON& Tower with Radar,202,223,20,0,445,0,0,0,0,0,202,223,20,0,445,0,0,0,445
03/29/2014,CVG,KY,ASO,CE,Combined TRACON& Tower with Radar,138,81,0,0,219,0,0,0,0,0,138,81,0,0,219,0,0,0,219
03/30/2014,CVG,KY,ASO,CE,Combined TRACON& Tower with Radar,149,156,3,0,308,0,0,5,0,5,149,156,8,0,313,0,0,0,313
03/31/2014,CVG,KY,ASO,CE,Combined TRACON& Tower with Radar,148,212,8,0,368,0,0,2,0,2,148,212,10,0,370,0,0,0,370
04/01/2014,CVG,KY,ASO,CE,Combined TRACON& Tower with Radar,195,212,13,0,420,0,0,1,0,1,195,212,14,0,421,0,0,0,421
04/02/2014,CVG,KY,ASO,CE,Combined TRACON& Tower with Radar,199,212,11,0,422,0,0,1,0,1,199,212,12,0,423,0,0,0,423
04/03/2014,CVG,KY,ASO,CE,Combined TRACON& Tower with Radar,205,224,13,0,442,0,0,0,0,0,205,224,13,0,442,0,0,0,442
04/04/2014,CVG,KY,ASO,CE,Combined TRACON& Tower with Radar,195,216,8,0,419,0,0,1,0,1,195,216,9,0,420,0,0,0,420
04/05/2014,CVG,KY,ASO,CE,Combined TRACON& Tower with Radar,139,80,7,0,226,0,0,6,0,6,139,80,13,0,232,0,0,0,232
04/06/2014,CVG,KY,ASO,CE,Combined TRACON& Tower with Radar,154,171,8,2,335,0,2,2,0,4,154,173,10,2,339,0,0,0,339
04/07/2014,CVG,KY,ASO,CE,Combined TRACON& Tower with Radar,144,206,9,0,359,0,0,0,3,3,144,206,9,3,362,0,0,0,362
04/08/2014,CVG,KY,ASO,CE,Combined TRACON& Tower with Radar,199,212,10,0,421,0,0,3,0,3,199,212,13,0,424,0,0,0,424
04/09/2014,CVG,KY,ASO,CE,Combined TRACON& Tower with Radar,208,212,22,0,442,0,0,7,0,7,208,212,29,0,449,0,0,0,449
04/10/2014,CVG,KY,ASO,CE,Combined TRACON& Tower with Radar,203,223,12,0,438,0,2,2,0,4,203,225,14,0,442,0,0,0,442
04/11/2014,CVG,KY,ASO,CE,Combined TRACON& Tower with Radar,201,220,11,0,432,0,0,0,0,0,201,220,11,0,432,0,0,0,432
04/12/2014,CVG,KY,ASO,CE,Combined TRACON& Tower with Radar,131,76,16,0,223,0,0,13,0,13,131,76,29,0,236,0,0,0,236
04/13/2014,CVG,KY,ASO,CE,Combined TRACON& Tower with Radar,154,176,7,0,337,0,0,1,0,1,154,176,8,0,338,0,0,0,338
04/14/2014,CVG,KY,ASO,CE,Combined TRACON& Tower with Radar,146,208,12,0,366,0,0,0,0,0,146,208,12,0,366,0,0,0,366
04/15/2014,CVG,KY,ASO,CE,Combined TRACON& Tower with Radar,189,206,10,0,405,0,0,8,0,8,189,206,18,0,413,0,0,0,413
04/16/2014,CVG,KY,ASO,CE,Combined TRACON& Tower with Radar,204,219,16,0,439,0,0,9,0,9,204,219,25,0,448,0,0,0,448
04/17/2014,CVG,KY,ASO,CE,Combined TRACON& Tower with Radar,206,220,16,0,442,0,0,4,0,4,206,220,20,0,446,0,0,0,446
04/18/2014,CVG,KY,ASO,CE,Combined TRACON& Tower with Radar,185,177,6,0,368,0,0,5,0,5,185,177,11,0,373,0,0,0,373
04/19/2014,CVG,KY,ASO,CE,Combined TRACON& Tower with Radar,116,76,1,0,193,0,0,3,0,3,116,76,4,0,196,0,0,0,196
04/20/2014,CVG,KY,ASO,CE,Combined TRACON& Tower with Radar,118,105,4,0,227,0,2,4,0,6,118,107,8,0,233,0,0,0,233
04/21/2014,CVG,KY,ASO,CE,Combined TRACON& Tower with Radar,144,214,10,2,370,0,0,2,0,2,144,214,12,2,372,0,0,0,372
04/22/2014,CVG,KY,ASO,CE,Combined TRACON& Tower with Radar,209,211,5,0,425,0,2,0,0,2,209,213,5,0,427,0,0,0,427
04/23/2014,CVG,KY,ASO,CE,Combined TRACON& Tower with Radar,203,210,17,0,430,0,0,8,0,8,203,210,25,0,438,0,0,0,438
04/24/2014,CVG,KY,ASO,CE,Combined TRACON& Tower with Radar,204,217,24,0,445,0,0,9,0,9,204,217,33,0,454,0,0,0,454
04/25/2014,CVG,KY,ASO,CE,Combined TRACON& Tower with Radar,198,223,15,0,436,0,0,2,0,2,198,223,17,0,438,0,0,0,438
04/26/2014,CVG,KY,ASO,CE,Combined TRACON& Tower with Radar,125,85,6,0,216,0,2,3,0,5,125,87,9,0,221,0,0,0,221
04/27/2014,CVG,KY,ASO,CE,Combined TRACON& Tower with Radar,158,172,7,0,337,0,0,6,0,6,158,172,13,0,343,0,0,0,343
04/28/2014,CVG,KY,ASO,CE,Combined TRACON& Tower with Radar,145,205,10,0,360,0,0,2,0,2,145,205,12,0,362,0,0,0,362
04/29/2014,CVG,KY,ASO,CE,Combined TRACON& Tower with Radar,200,202,9,0,411,0,0,4,2,6,200,202,13,2,417,0,0,0,417
04/30/2014,CVG,KY,ASO,CE,Combined TRACON& Tower with Radar,192,203,14,2,411,0,0,4,2,6,192,203,18,4,417,0,0,0,417
05/01/2014,CVG,KY,ASO,CE,Combined TRACON& Tower with Radar,208,217,18,0,443,0,0,6,2,8,208,217,24,2,451,0,0,0,451
05/02/2014,CVG,KY,ASO,CE,Combined TRACON& Tower with Radar,192,227,18,0,437,0,0,1,0,1,192,227,19,0,438,0,0,0,438
05/03/2014,CVG,KY,ASO,CE,Combined TRACON& Tower with Radar,115,81,8,0,204,0,0,2,0,2,115,81,10,0,206,0,0,0,206
05/04/2014,CVG,KY,ASO,CE,Combined TRACON& Tower with Radar,149,181,8,0,338,0,0,3,0,3,149,181,11,0,341,0,0,0,341
05/05/2014,CVG,KY,ASO,CE,Combined TRACON& Tower with Radar,143,210,15,0,368,0,0,6,0,6,143,210,21,0,374,0,0,0,374
05/06/2014,CVG,KY,ASO,CE,Combined TRACON& Tower with Radar,196,220,27,0,443,0,0,5,2,7,196,220,32,2,450,0,0,0,450
05/07/2014,CVG,KY,ASO,CE,Combined TRACON& Tower with Radar,190,225,20,0,435,0,1,7,0,8,190,226,27,0,443,0,0,0,443
05/08/2014,CVG,KY,ASO,CE,Combined TRACON& Tower with Radar,195,225,24,0,444,0,0,3,0,3,195,225,27,0,447,0,0,0,447
05/09/2014,CVG,KY,ASO,CE,Combined TRACON& Tower with Radar,194,223,13,0,430,0,2,0,0,2,194,225,13,0,432,0,0,0,432
05/10/2014,CVG,KY,ASO,CE,Combined TRACON& Tower with Radar,116,89,19,0,224,0,0,1,0,1,116,89,20,0,225,0,0,0,225
05/11/2014,CVG,KY,ASO,CE,Combined TRACON& Tower with Radar,115,103,2,0,220,0,0,0,0,0,115,103,2,0,220,0,0,0,220
05/12/2014,CVG,KY,ASO,CE,Combined TRACON& Tower with Radar,137,206,11,0,354,0,0,6,0,6,137,206,17,0,360,0,0,0,360
05/13/2014,CVG,KY,ASO,CE,Combined TRACON& Tower with Radar,200,219,17,0,436,0,0,10,0,10,200,219,27,0,446,0,0,0,446
05/14/2014,CVG,KY,ASO,CE,Combined TRACON& Tower with Radar,192,216,26,0,434,0,0,0,0,0,192,216,26,0,434,0,0,0,434
05/15/2014,CVG,KY,ASO,CE,Combined TRACON& Tower with Radar,206,215,40,1,462,0,6,6,0,12,206,221,46,1,474,0,0,0,474
05/16/2014,CVG,KY,ASO,CE,Combined TRACON& Tower with Radar,189,231,16,0,436,0,2,1,0,3,189,233,17,0,439,0,0,0,439
05/17/2014,CVG,KY,ASO,CE,Combined TRACON& Tower with Radar,117,95,11,1,224,0,0,8,1,9,117,95,19,2,233,0,0,0,233
05/18/2014,CVG,KY,ASO,CE,Combined TRACON& Tower with Radar,147,170,8,0,325,0,0,7,0,7,147,170,15,0,332,0,0,0,332
05/19/2014,CVG,KY,ASO,CE,Combined TRACON& Tower with Radar,149,216,13,0,378,0,0,18,0,18,149,216,31,0,396,0,0,0,396
05/20/2014,CVG,KY,ASO,CE,Combined TRACON& Tower with Radar,192,226,24,0,442,0,0,8,0,8,192,226,32,0,450,0,0,0,450
05/21/2014,CVG,KY,ASO,CE,Combined TRACON& Tower with Radar,195,230,15,0,440,0,2,0,0,2,195,232,15,0,442,0,0,0,442
05/22/2014,CVG,KY,ASO,CE,Combined TRACON& Tower with Radar,200,225,18,2,445,0,0,3,0,3,200,225,21,2,448,0,0,0,448
05/23/2014,CVG,KY,ASO,CE,Combined TRACON& Tower with Radar,195,228,10,0,433,0,0,7,0,7,195,228,17,0,440,0,0,0,440
05/24/2014,CVG,KY,ASO,CE,Combined TRACON& Tower with Radar,121,87,8,0,216,0,0,6,0,6,121,87,14,0,222,0,0,0,222
05/25/2014,CVG,KY,ASO,CE,Combined TRACON& Tower with Radar,107,74,1,0,182,0,0,0,0,0,107,74,1,0,182,0,0,0,182
05/26/2014,CVG,KY,ASO,CE,Combined TRACON& Tower with Radar,117,181,13,0,311,0,2,7,0,9,117,183,20,0,320,0,0,0,320
05/27/2014,CVG,KY,ASO,CE,Combined TRACON& Tower with Radar,174,218,11,0,403,0,0,5,0,5,174,218,16,0,408,0,0,0,408
05/28/2014,CVG,KY,ASO,CE,Combined TRACON& Tower with Radar,185,226,9,0,420,0,0,2,0,2,185,226,11,0,422,0,0,0,422
05/29/2014,CVG,KY,ASO,CE,Combined TRACON& Tower with Radar,207,230,7,0,444,0,1,2,0,3,207,231,9,0,447,0,0,0,447
05/30/2014,CVG,KY,ASO,CE,Combined TRACON& Tower with Radar,209,232,11,0,452,0,0,9,0,9,209,232,20,0,461,0,0,0,461
05/31/2014,CVG,KY,ASO,CE,Combined TRACON& Tower with Radar,121,83,4,0,208,0,0,3,0,3,121,83,7,0,211,0,0,0,211
06/01/2014,CVG,KY,ASO,CE,Combined TRACON& Tower with Radar,149,173,3,0,325,0,0,0,0,0,149,173,3,0,325,0,0,0,325
06/02/2014,CVG,KY,ASO,CE,Combined TRACON& Tower with Radar,143,218,6,0,367,0,0,2,0,2,143,218,8,0,369,0,0,0,369
06/03/2014,CVG,KY,ASO,CE,Combined TRACON& Tower with Radar,191,222,17,0,430,0,0,0,0,0,191,222,17,0,430,0,0,0,430
06/04/2014,CVG,KY,ASO,CE,Combined TRACON& Tower with Radar,193,227,17,0,437,0,0,0,0,0,193,227,17,0,437,0,0,0,437
06/05/2014,CVG,KY,ASO,CE,Combined TRACON& Tower with Radar,207,226,18,0,451,0,0,0,0,0,207,226,18,0,451,0,0,0,451
06/06/2014,CVG,KY,ASO,CE,Combined TRACON& Tower with Radar,208,219,12,0,439,0,0,12,0,12,208,219,24,0,451,0,0,0,451
06/07/2014,CVG,KY,ASO,CE,Combined TRACON& Tower with Radar,126,96,4,0,226,0,2,6,0,8,126,98,10,0,234,0,0,0,234
06/08/2014,CVG,KY,ASO,CE,Combined TRACON& Tower with Radar,153,165,6,0,324,0,0,2,0,2,153,165,8,0,326,0,0,0,326
06/09/2014,CVG,KY,ASO,CE,Combined TRACON& Tower with Radar,149,203,16,0,368,0,1,8,0,9,149,204,24,0,377,0,0,0,377
06/10/2014,CVG,KY,ASO,CE,Combined TRACON& Tower with Radar,201,221,15,2,439,0,0,0,0,0,201,221,15,2,439,0,0,0,439
06/11/2014,CVG,KY,ASO,CE,Combined TRACON& Tower with Radar,200,202,14,0,416,0,0,0,0,0,200,202,14,0,416,0,0,0,416
06/12/2014,CVG,KY,ASO,CE,Combined TRACON& Tower with Radar,207,216,16,6,445,0,0,4,3,7,207,216,20,9,452,0,0,0,452
06/13/2014,CVG,KY,ASO,CE,Combined TRACON& Tower with Radar,205,201,10,0,416,0,2,5,0,7,205,203,15,0,423,0,0,0,423
06/14/2014,CVG,KY,ASO,CE,Combined TRACON& Tower with Radar,134,96,10,0,240,0,0,5,0,5,134,96,15,0,245,0,0,0,245
06/15/2014,CVG,KY,ASO,CE,Combined TRACON& Tower with Radar,159,156,6,0,321,0,2,1,0,3,159,158,7,0,324,0,0,0,324
06/16/2014,CVG,KY,ASO,CE,Combined TRACON& Tower with Radar,141,216,17,0,374,0,0,8,0,8,141,216,25,0,382,0,0,0,382
06/17/2014,CVG,KY,ASO,CE,Combined TRACON& Tower with Radar,207,201,8,0,416,0,0,3,0,3,207,201,11,0,419,0,0,0,419
06/18/2014,CVG,KY,ASO,CE,Combined TRACON& Tower with Radar,192,207,22,0,421,0,0,6,0,6,192,207,28,0,427,0,0,0,427
06/19/2014,CVG,KY,ASO,CE,Combined TRACON& Tower with Radar,210,201,28,0,439,0,0,3,0,3,210,201,31,0,442,0,0,0,442
06/20/2014,CVG,KY,ASO,CE,Combined TRACON& Tower with Radar,202,217,5,0,424,0,0,1,2,3,202,217,6,2,427,0,0,0,427
06/21/2014,CVG,KY,ASO,CE,Combined TRACON& Tower with Radar,131,93,10,0,234,0,0,3,0,3,131,93,13,0,237,0,0,0,237
06/22/2014,CVG,KY,ASO,CE,Combined TRACON& Tower with Radar,162,167,4,0,333,0,0,2,0,2,162,167,6,0,335,0,0,0,335
06/23/2014,CVG,KY,ASO,CE,Combined TRACON& Tower with Radar,150,212,9,0,371,0,0,4,0,4,150,212,13,0,375,0,0,0,375
06/24/2014,CVG,KY,ASO,CE,Combined TRACON& Tower with Radar,205,218,17,0,440,0,0,5,0,5,205,218,22,0,445,0,0,0,445
06/25/2014,CVG,KY,ASO,CE,Combined TRACON& Tower with Radar,203,207,33,0,443,0,0,2,2,4,203,207,35,2,447,0,0,0,447
06/26/2014,CVG,KY,ASO,CE,Combined TRACON& Tower with Radar,221,234,47,1,503,0,0,3,1,4,221,234,50,2,507,0,0,0,507
06/27/2014,CVG,KY,ASO,CE,Combined TRACON& Tower with Radar,213,218,34,0,465,0,2,2,2,6,213,220,36,2,471,0,0,0,471
06/28/2014,CVG,KY,ASO,CE,Combined TRACON& Tower with Radar,137,95,42,0,274,0,0,14,3,17,137,95,56,3,291,0,0,0,291
06/29/2014,CVG,KY,ASO,CE,Combined TRACON& Tower with Radar,141,99,38,0,278,0,0,6,1,7,141,99,44,1,285,0,0,0,285
06/30/2014,CVG,KY,ASO,CE,Combined TRACON& Tower with Radar,106,122,20,0,248,0,0,0,0,0,106,122,20,0,248,0,0,0,248
07/01/2014,CVG,KY,ASO,CE,Combined TRACON& Tower with Radar,159,116,5,0,280,0,0,4,0,4,159,116,9,0,284,0,0,0,284
07/02/2014,CVG,KY,ASO,CE,Combined TRACON& Tower with Radar,193,182,13,0,388,0,2,2,0,4,193,184,15,0,392,0,0,0,392
07/03/2014,CVG,KY,ASO,CE,Combined TRACON& Tower with Radar,196,208,15,0,419,0,0,16,0,16,196,208,31,0,435,0,0,0,435
07/04/2014,CVG,KY,ASO,CE,Combined TRACON& Tower with Radar,125,71,3,0,199,0,0,0,0,0,125,71,3,0,199,0,0,0,199
07/05/2014,CVG,KY,ASO,CE,Combined TRACON& Tower with Radar,110,86,4,0,200,0,2,2,0,4,110,88,6,0,204,0,0,0,204
07/06/2014,CVG,KY,ASO,CE,Combined TRACON& Tower with Radar,158,171,5,0,334,0,0,0,0,0,158,171,5,0,334,0,0,0,334
07/07/2014,CVG,KY,ASO,CE,Combined TRACON& Tower with Radar,146,211,10,0,367,0,3,0,0,3,146,214,10,0,370,0,0,0,370
07/08/2014,CVG,KY,ASO,CE,Combined TRACON& Tower with Radar,190,199,10,0,399,0,0,0,0,0,190,199,10,0,399,0,0,0,399
07/09/2014,CVG,KY,ASO,CE,Combined TRACON& Tower with Radar,193,208,19,0,420,0,0,19,0,19,193,208,38,0,439,0,0,0,439
07/10/2014,CVG,KY,ASO,CE,Combined TRACON& Tower with Radar,207,235,16,0,458,0,1,9,0,10,207,236,25,0,468,0,0,0,468
07/11/2014,CVG,KY,ASO,CE,Combined TRACON& Tower with Radar,209,223,16,0,448,0,0,4,0,4,209,223,20,0,452,0,0,0,452
07/12/2014,CVG,KY,ASO,CE,Combined TRACON& Tower with Radar,125,91,3,0,219,0,0,0,0,0,125,91,3,0,219,0,0,0,219
07/13/2014,CVG,KY,ASO,CE,Combined TRACON& Tower with Radar,161,172,5,0,338,0,0,2,0,2,161,172,7,0,340,0,0,0,340
07/14/2014,CVG,KY,ASO,CE,Combined TRACON& Tower with Radar,140,200,20,0,360,0,0,0,0,0,140,200,20,0,360,0,0,0,360
07/15/2014,CVG,KY,ASO,CE,Combined TRACON& Tower with Radar,180,205,28,0,413,0,0,5,0,5,180,205,33,0,418,0,0,0,418
07/16/2014,CVG,KY,ASO,CE,Combined TRACON& Tower with Radar,193,203,14,0,410,0,2,4,0,6,193,205,18,0,416,0,0,0,416
07/17/2014,CVG,KY,ASO,CE,Combined TRACON& Tower with Radar,207,224,31,0,462,0,0,15,0,15,207,224,46,0,477,0,0,0,477
07/18/2014,CVG,KY,ASO,CE,Combined TRACON& Tower with Radar,203,222,10,0,435,0,0,3,0,3,203,222,13,0,438,0,0,0,438
07/19/2014,CVG,KY,ASO,CE,Combined TRACON& Tower with Radar,129,95,8,0,232,0,0,2,0,2,129,95,10,0,234,0,0,0,234
07/20/2014,CVG,KY,ASO,CE,Combined TRACON& Tower with Radar,161,170,4,0,335,0,0,1,0,1,161,170,5,0,336,0,0,0,336
07/21/2014,CVG,KY,ASO,CE,Combined TRACON& Tower with Radar,147,215,14,0,376,0,0,5,0,5,147,215,19,0,381,0,0,0,381
07/22/2014,CVG,KY,ASO,CE,Combined TRACON& Tower with Radar,196,217,19,0,432,0,0,6,0,6,196,217,25,0,438,0,0,0,438
07/23/2014,CVG,KY,ASO,CE,Combined TRACON& Tower with Radar,197,201,17,0,415,0,0,0,0,0,197,201,17,0,415,0,0,0,415
07/24/2014,CVG,KY,ASO,CE,Combined TRACON& Tower with Radar,207,222,20,0,449,0,0,10,0,10,207,222,30,0,459,0,0,0,459
07/25/2014,CVG,KY,ASO,CE,Combined TRACON& Tower with Radar,199,226,13,0,438,0,0,2,0,2,199,226,15,0,440,0,0,0,440
07/26/2014,CVG,KY,ASO,CE,Combined TRACON& Tower with Radar,130,92,5,0,227,0,0,0,0,0,130,92,5,0,227,0,0,0,227
07/27/2014,CVG,KY,ASO,CE,Combined TRACON& Tower with Radar,167,163,4,0,334,0,0,0,0,0,167,163,4,0,334,0,0,0,334
07/28/2014,CVG,KY,ASO,CE,Combined TRACON& Tower with Radar,151,219,11,0,381,0,0,2,0,2,151,219,13,0,383,0,0,0,383
07/29/2014,CVG,KY,ASO,CE,Combined TRACON& Tower with Radar,193,215,12,0,420,0,0,5,0,5,193,215,17,0,425,0,0,0,425
07/30/2014,CVG,KY,ASO,CE,Combined TRACON& Tower with Radar,200,207,12,0,419,0,0,5,0,5,200,207,17,0,424,0,0,0,424
07/31/2014,CVG,KY,ASO,CE,Combined TRACON& Tower with Radar,201,231,8,0,440,0,0,5,0,5,201,231,13,0,445,0,0,0,445
08/01/2014,CVG,KY,ASO,CE,Combined TRACON& Tower with Radar,211,222,13,0,446,0,0,9,0,9,211,222,22,0,455,0,0,0,455
08/02/2014,CVG,KY,ASO,CE,Combined TRACON& Tower with Radar,128,94,2,0,224,0,0,3,0,3,128,94,5,0,227,0,0,0,227
08/03/2014,CVG,KY,ASO,CE,Combined TRACON& Tower with Radar,157,159,9,0,325,0,0,6,0,6,157,159,15,0,331,0,0,0,331
08/04/2014,CVG,KY,ASO,CE,Combined TRACON& Tower with Radar,149,211,13,0,373,0,0,4,0,4,149,211,17,0,377,0,0,0,377
08/05/2014,CVG,KY,ASO,CE,Combined TRACON& Tower with Radar,195,215,14,0,424,0,0,12,0,12,195,215,26,0,436,0,0,0,436
08/06/2014,CVG,KY,ASO,CE,Combined TRACON& Tower with Radar,206,206,14,0,426,0,0,5,0,5,206,206,19,0,431,0,0,0,431
08/07/2014,CVG,KY,ASO,CE,Combined TRACON& Tower with Radar,215,223,9,2,449,0,0,3,3,6,215,223,12,5,455,0,0,0,455
08/08/2014,CVG,KY,ASO,CE,Combined TRACON& Tower with Radar,204,221,8,0,433,0,1,5,0,6,204,222,13,0,439,0,0,0,439
08/09/2014,CVG,KY,ASO,CE,Combined TRACON& Tower with Radar,132,96,3,0,231,0,0,0,0,0,132,96,3,0,231,0,0,0,231
08/10/2014,CVG,KY,ASO,CE,Combined TRACON& Tower with Radar,164,157,17,0,338,0,0,2,0,2,164,157,19,0,340,0,0,0,340
08/11/2014,CVG,KY,ASO,CE,Combined TRACON& Tower with Radar,149,225,14,0,388,0,0,0,0,0,149,225,14,0,388,0,0,0,388
08/12/2014,CVG,KY,ASO,CE,Combined TRACON& Tower with Radar,196,209,9,0,414,0,2,0,0,2,196,211,9,0,416,0,0,0,416
08/13/2014,CVG,KY,ASO,CE,Combined TRACON& Tower with Radar,199,221,10,0,430,0,0,5,2,7,199,221,15,2,437,0,0,0,437
08/14/2014,CVG,KY,ASO,CE,Combined TRACON& Tower with Radar,205,221,11,0,437,0,0,7,0,7,205,221,18,0,444,0,0,0,444
08/15/2014,CVG,KY,ASO,CE,Combined TRACON& Tower with Radar,201,226,8,0,435,0,2,0,0,2,201,228,8,0,437,0,0,0,437
08/16/2014,CVG,KY,ASO,CE,Combined TRACON& Tower with Radar,125,95,4,0,224,0,2,6,0,8,125,97,10,0,232,0,0,0,232
08/17/2014,CVG,KY,ASO,CE,Combined TRACON& Tower with Radar,162,165,6,0,333,0,0,0,0,0,162,165,6,0,333,0,0,0,333
08/18/2014,CVG,KY,ASO,CE,Combined TRACON& Tower with Radar,143,219,8,2,372,0,0,0,0,0,143,219,8,2,372,0,0,0,372
08/19/2014,CVG,KY,ASO,CE,Combined TRACON& Tower with Radar,208,193,10,0,411,0,1,6,0,7,208,194,16,0,418,0,0,0,418
08/20/2014,CVG,KY,ASO,CE,Combined TRACON& Tower with Radar,205,198,12,0,415,0,2,3,0,5,205,200,15,0,420,0,0,0,420
08/21/2014,CVG,KY,ASO,CE,Combined TRACON& Tower with Radar,202,214,10,1,427,0,0,0,0,0,202,214,10,1,427,0,0,0,427
08/22/2014,CVG,KY,ASO,CE,Combined TRACON& Tower with Radar,205,209,12,0,426,0,0,0,0,0,205,209,12,0,426,0,0,0,426
08/23/2014,CVG,KY,ASO,CE,Combined TRACON& Tower with Radar,132,82,2,1,217,0,0,4,0,4,132,82,6,1,221,0,0,0,221
08/24/2014,CVG,KY,ASO,CE,Combined TRACON& Tower with Radar,162,157,12,0,331,0,0,0,0,0,162,157,12,0,331,0,0,0,331
08/25/2014,CVG,KY,ASO,CE,Combined TRACON& Tower with Radar,160,185,10,0,355,0,2,23,2,27,160,187,33,2,382,0,0,0,382
08/26/2014,CVG,KY,ASO,CE,Combined TRACON& Tower with Radar,202,203,11,0,416,0,0,2,2,4,202,203,13,2,420,0,0,0,420
08/27/2014,CVG,KY,ASO,CE,Combined TRACON& Tower with Radar,205,195,14,0,414,0,0,2,0,2,205,195,16,0,416,0,0,0,416
08/28/2014,CVG,KY,ASO,CE,Combined TRACON& Tower with Radar,218,215,12,0,445,0,1,2,0,3,218,216,14,0,448,0,0,0,448
08/29/2014,CVG,KY,ASO,CE,Combined TRACON& Tower with Radar,208,223,12,0,443,0,0,5,0,5,208,223,17,0,448,0,0,0,448
08/30/2014,CVG,KY,ASO,CE,Combined TRACON& Tower with Radar,118,79,0,0,197,0,0,0,0,0,118,79,0,0,197,0,0,0,197
08/31/2014,CVG,KY,ASO,CE,Combined TRACON& Tower with Radar,100,73,4,0,177,0,0,0,0,0,100,73,4,0,177,0,0,0,177
09/01/2014,CVG,KY,ASO,CE,Combined TRACON& Tower with Radar,101,100,5,0,206,0,2,0,0,2,101,102,5,0,208,0,0,0,208
09/02/2014,CVG,KY,ASO,CE,Combined TRACON& Tower with Radar,171,196,11,0,378,0,0,0,0,0,171,196,11,0,378,0,0,0,378
09/03/2014,CVG,KY,ASO,CE,Combined TRACON& Tower with Radar,162,126,30,0,318,0,0,0,0,0,162,126,30,0,318,0,0,0,318
09/04/2014,CVG,KY,ASO,CE,Combined TRACON& Tower with Radar,169,120,26,0,315,0,0,10,0,10,169,120,36,0,325,0,0,0,325
09/05/2014,CVG,KY,ASO,CE,Combined TRACON& Tower with Radar,163,114,17,0,294,0,5,0,0,5,163,119,17,0,299,0,0,0,299
09/06/2014,CVG,KY,ASO,CE,Combined TRACON& Tower with Radar,121,69,10,0,200,0,2,1,0,3,121,71,11,0,203,0,0,0,203
09/07/2014,CVG,KY,ASO,CE,Combined TRACON& Tower with Radar,168,149,11,0,328,0,2,3,0,5,168,151,14,0,333,0,0,0,333
09/08/2014,CVG,KY,ASO,CE,Combined TRACON& Tower with Radar,163,210,12,0,385,0,0,0,0,0,163,210,12,0,385,0,0,0,385
09/09/2014,CVG,KY,ASO,CE,Combined TRACON& Tower with Radar,194,205,15,0,414,0,0,3,2,5,194,205,18,2,419,0,0,0,419
09/10/2014,CVG,KY,ASO,CE,Combined TRACON& Tower with Radar,213,208,11,0,432,0,0,4,0,4,213,208,15,0,436,0,0,0,436
09/11/2014,CVG,KY,ASO,CE,Combined TRACON& Tower with Radar,223,204,11,0,438,0,0,0,0,0,223,204,11,0,438,0,0,0,438
09/12/2014,CVG,KY,ASO,CE,Combined TRACON& Tower with Radar,215,216,14,0,445,0,0,0,0,0,215,216,14,0,445,0,0,0,445
09/13/2014,CVG,KY,ASO,CE,Combined TRACON& Tower with Radar,126,71,4,0,201,0,0,0,0,0,126,71,4,0,201,0,0,0,201
09/14/2014,CVG,KY,ASO,CE,Combined TRACON& Tower with Radar,169,154,5,0,328,0,0,3,0,3,169,154,8,0,331,0,0,0,331
09/15/2014,CVG,KY,ASO,CE,Combined TRACON& Tower with Radar,163,207,10,0,380,0,0,1,0,1,163,207,11,0,381,0,0,0,381
09/16/2014,CVG,KY,ASO,CE,Combined TRACON& Tower with Radar,203,215,15,0,433,0,0,0,0,0,203,215,15,0,433,0,0,0,433
09/17/2014,CVG,KY,ASO,CE,Combined TRACON& Tower with Radar,207,212,12,0,431,0,0,11,0,11,207,212,23,0,442,0,0,0,442
09/18/2014,CVG,KY,ASO,CE,Combined TRACON& Tower with Radar,218,220,10,0,448,0,0,15,0,15,218,220,25,0,463,0,0,0,463
09/19/2014,CVG,KY,ASO,CE,Combined TRACON& Tower with Radar,220,218,16,0,454,0,0,13,0,13,220,218,29,0,467,0,0,0,467
09/20/2014,CVG,KY,ASO,CE,Combined TRACON& Tower with Radar,118,76,19,0,213,0,2,8,0,10,118,78,27,0,223,0,0,0,223
09/21/2014,CVG,KY,ASO,CE,Combined TRACON& Tower with Radar,171,156,6,0,333,0,0,0,0,0,171,156,6,0,333,0,0,0,333
09/22/2014,CVG,KY,ASO,CE,Combined TRACON& Tower with Radar,153,217,12,0,382,0,0,6,0,6,153,217,18,0,388,0,0,0,388
09/23/2014,CVG,KY,ASO,CE,Combined TRACON& Tower with Radar,190,215,13,0,418,0,0,6,0,6,190,215,19,0,424,0,0,0,424
09/24/2014,CVG,KY,ASO,CE,Combined TRACON& Tower with Radar,208,204,15,0,427,0,0,3,1,4,208,204,18,1,431,0,0,0,431
09/25/2014,CVG,KY,ASO,CE,Combined TRACON& Tower with Radar,212,204,7,0,423,0,0,5,0,5,212,204,12,0,428,0,0,0,428
09/26/2014,CVG,KY,ASO,CE,Combined TRACON& Tower with Radar,212,189,19,0,420,0,0,2,0,2,212,189,21,0,422,0,0,0,422
09/27/2014,CVG,KY,ASO,CE,Combined TRACON& Tower with Radar,113,76,2,0,191,0,2,1,0,3,113,78,3,0,194,0,0,0,194
09/28/2014,CVG,KY,ASO,CE,Combined TRACON& Tower with Radar,157,149,5,0,311,0,0,5,2,7,157,149,10,2,318,0,0,0,318
09/29/2014,CVG,KY,ASO,CE,Combined TRACON& Tower with Radar,153,218,23,0,394,0,0,6,0,6,153,218,29,0,400,0,0,0,400
09/30/2014,CVG,KY,ASO,CE,Combined TRACON& Tower with Radar,194,208,21,0,423,0,1,3,0,4,194,209,24,0,427,0,0,0,427
10/01/2014,CVG,KY,ASO,CE,Combined TRACON& Tower with Radar,199,225,24,0,448,0,0,7,0,7,199,225,31,0,455,0,0,0,455
10/02/2014,CVG,KY,ASO,CE,Combined TRACON& Tower with Radar,202,213,9,0,424,0,1,3,0,4,202,214,12,0,428,0,0,0,428
10/03/2014,CVG,KY,ASO,CE,Combined TRACON& Tower with Radar,206,226,11,2,445,0,1,0,0,1,206,227,11,2,446,0,0,0,446
10/04/2014,CVG,KY,ASO,CE,Combined TRACON& Tower with Radar,126,72,5,0,203,0,1,1,0,2,126,73,6,0,205,0,0,0,205
10/05/2014,CVG,KY,ASO,CE,Combined TRACON& Tower with Radar,145,162,7,2,316,0,0,7,0,7,145,162,14,2,323,0,0,0,323
10/06/2014,CVG,KY,ASO,CE,Combined TRACON& Tower with Radar,143,219,11,0,373,0,0,5,0,5,143,219,16,0,378,0,0,0,378
10/07/2014,CVG,KY,ASO,CE,Combined TRACON& Tower with Radar,190,219,20,0,429,0,1,0,0,1,190,220,20,0,430,0,0,0,430
10/08/2014,CVG,KY,ASO,CE,Combined TRACON& Tower with Radar,199,230,17,0,446,0,1,10,0,11,199,231,27,0,457,0,0,0,457
10/09/2014,CVG,KY,ASO,CE,Combined TRACON& Tower with Radar,207,236,11,0,454,0,0,2,0,2,207,236,13,0,456,0,0,0,456
10/10/2014,CVG,KY,ASO,CE,Combined TRACON& Tower with Radar,206,217,9,0,432,0,1,2,0,3,206,218,11,0,435,0,0,0,435
10/11/2014,CVG,KY,ASO,CE,Combined TRACON& Tower with Radar,138,78,11,0,227,0,0,5,0,5,138,78,16,0,232,0,0,0,232
10/12/2014,CVG,KY,ASO,CE,Combined TRACON& Tower with Radar,157,164,14,0,335,0,0,0,0,0,157,164,14,0,335,0,0,0,335
10/13/2014,CVG,KY,ASO,CE,Combined TRACON& Tower with Radar,147,217,12,0,376,0,1,0,0,1,147,218,12,0,377,0,0,0,377
10/14/2014,CVG,KY,ASO,CE,Combined TRACON& Tower with Radar,189,216,14,0,419,0,0,0,0,0,189,216,14,0,419,0,0,0,419
10/15/2014,CVG,KY,ASO,CE,Combined TRACON& Tower with Radar,199,227,19,0,445,0,0,0,0,0,199,227,19,0,445,0,0,0,445
10/16/2014,CVG,KY,ASO,CE,Combined TRACON& Tower with Radar,210,232,25,0,467,0,0,0,0,0,210,232,25,0,467,0,0,0,467
10/17/2014,CVG,KY,ASO,CE,Combined TRACON& Tower with Radar,210,233,15,0,458,0,0,8,0,8,210,233,23,0,466,0,0,0,466
10/18/2014,CVG,KY,ASO,CE,Combined TRACON& Tower with Radar,130,80,6,0,216,0,2,4,0,6,130,82,10,0,222,0,0,0,222
10/19/2014,CVG,KY,ASO,CE,Combined TRACON& Tower with Radar,153,172,9,0,334,0,0,8,0,8,153,172,17,0,342,0,0,0,342
10/20/2014,CVG,KY,ASO,CE,Combined TRACON& Tower with Radar,147,227,11,0,385,0,0,4,0,4,147,227,15,0,389,0,0,0,389
10/21/2014,CVG,KY,ASO,CE,Combined TRACON& Tower with Radar,197,224,16,0,437,0,0,0,0,0,197,224,16,0,437,0,0,0,437
10/22/2014,CVG,KY,ASO,CE,Combined TRACON& Tower with Radar,200,229,13,0,442,0,0,2,0,2,200,229,15,0,444,0,0,0,444
10/23/2014,CVG,KY,ASO,CE,Combined TRACON& Tower with Radar,212,233,19,0,464,0,0,7,0,7,212,233,26,0,471,0,0,0,471
10/24/2014,CVG,KY,ASO,CE,Combined TRACON& Tower with Radar,210,232,15,0,457,0,0,4,0,4,210,232,19,0,461,0,0,0,461
10/25/2014,CVG,KY,ASO,CE,Combined TRACON& Tower with Radar,136,74,2,0,212,0,0,3,0,3,136,74,5,0,215,0,0,0,215
10/26/2014,CVG,KY,ASO,CE,Combined TRACON& Tower with Radar,168,165,10,0,343,0,0,3,0,3,168,165,13,0,346,0,0,0,346
10/27/2014,CVG,KY,ASO,CE,Combined TRACON& Tower with Radar,156,222,22,0,400,0,6,6,0,12,156,228,28,0,412,0,0,0,412
10/28/2014,CVG,KY,ASO,CE,Combined TRACON& Tower with Radar,189,192,28,0,409,0,0,0,0,0,189,192,28,0,409,0,0,0,409
10/29/2014,CVG,KY,ASO,CE,Combined TRACON& Tower with Radar,197,203,11,2,413,0,0,8,0,8,197,203,19,2,421,0,0,0,421
10/30/2014,CVG,KY,ASO,CE,Combined TRACON& Tower with Radar,208,200,19,0,427,0,2,15,0,17,208,202,34,0,444,0,0,0,444
10/31/2014,CVG,KY,ASO,CE,Combined TRACON& Tower with Radar,203,165,6,0,374,0,0,2,0,2,203,165,8,0,376,0,0,0,376
11/01/2014,CVG,KY,ASO,CE,Combined TRACON& Tower with Radar,144,73,4,0,221,0,0,0,0,0,144,73,4,0,221,0,0,0,221
11/02/2014,CVG,KY,ASO,CE,Combined TRACON& Tower with Radar,165,158,8,0,331,0,1,9,0,10,165,159,17,0,341,0,0,0,341
11/03/2014,CVG,KY,ASO,CE,Combined TRACON& Tower with Radar,151,216,17,0,384,0,0,0,0,0,151,216,17,0,384,0,0,0,384
11/04/2014,CVG,KY,ASO,CE,Combined TRACON& Tower with Radar,196,199,16,0,411,0,0,0,0,0,196,199,16,0,411,0,0,0,411
11/05/2014,CVG,KY,ASO,CE,Combined TRACON& Tower with Radar,202,222,20,0,444,0,2,4,0,6,202,224,24,0,450,0,0,0,450
11/06/2014,CVG,KY,ASO,CE,Combined TRACON& Tower with Radar,208,219,9,0,436,0,0,2,0,2,208,219,11,0,438,0,0,0,438
11/07/2014,CVG,KY,ASO,CE,Combined TRACON& Tower with Radar,212,225,13,0,450,0,0,1,0,1,212,225,14,0,451,0,0,0,451
11/08/2014,CVG,KY,ASO,CE,Combined TRACON& Tower with Radar,123,83,3,0,209,0,0,1,0,1,123,83,4,0,210,0,0,0,210
11/09/2014,CVG,KY,ASO,CE,Combined TRACON& Tower with Radar,161,166,6,0,333,0,0,3,0,3,161,166,9,0,336,0,0,0,336
11/10/2014,CVG,KY,ASO,CE,Combined TRACON& Tower with Radar,146,219,10,0,375,0,0,4,0,4,146,219,14,0,379,0,0,0,379
11/11/2014,CVG,KY,ASO,CE,Combined TRACON& Tower with Radar,194,222,22,0,438,0,0,0,0,0,194,222,22,0,438,0,0,0,438
11/12/2014,CVG,KY,ASO,CE,Combined TRACON& Tower with Radar,200,231,13,0,444,0,0,2,0,2,200,231,15,0,446,0,0,0,446
11/13/2014,CVG,KY,ASO,CE,Combined TRACON& Tower with Radar,213,238,30,0,481,0,0,0,0,0,213,238,30,0,481,0,0,0,481
11/14/2014,CVG,KY,ASO,CE,Combined TRACON& Tower with Radar,213,231,17,0,461,0,0,4,0,4,213,231,21,0,465,0,0,0,465
11/15/2014,CVG,KY,ASO,CE,Combined TRACON& Tower with Radar,126,82,2,0,210,0,1,2,0,3,126,83,4,0,213,0,0,0,213
11/16/2014,CVG,KY,ASO,CE,Combined TRACON& Tower with Radar,160,161,2,0,323,0,0,0,0,0,160,161,2,0,323,0,0,0,323
11/17/2014,CVG,KY,ASO,CE,Combined TRACON& Tower with Radar,147,217,22,0,386,0,0,0,0,0,147,217,22,0,386,0,0,0,386
11/18/2014,CVG,KY,ASO,CE,Combined TRACON& Tower with Radar,195,228,8,0,431,0,2,0,0,2,195,230,8,0,433,0,0,0,433
11/19/2014,CVG,KY,ASO,CE,Combined TRACON& Tower with Radar,202,231,17,0,450,0,0,0,0,0,202,231,17,0,450,0,0,0,450
11/20/2014,CVG,KY,ASO,CE,Combined TRACON& Tower with Radar,210,230,16,0,456,0,0,8,0,8,210,230,24,0,464,0,0,0,464
11/21/2014,CVG,KY,ASO,CE,Combined TRACON& Tower with Radar,216,233,17,0,466,0,2,3,0,5,216,235,20,0,471,0,0,0,471
11/22/2014,CVG,KY,ASO,CE,Combined TRACON& Tower with Radar,138,87,7,0,232,0,0,1,0,1,138,87,8,0,233,0,0,0,233
11/23/2014,CVG,KY,ASO,CE,Combined TRACON& Tower with Radar,132,102,3,0,237,0,0,0,0,0,132,102,3,0,237,0,0,0,237
11/24/2014,CVG,KY,ASO,CE,Combined TRACON& Tower with Radar,123,156,10,0,289,0,0,0,0,0,123,156,10,0,289,0,0,0,289
11/25/2014,CVG,KY,ASO,CE,Combined TRACON& Tower with Radar,210,231,14,0,455,0,0,9,0,9,210,231,23,0,464,0,0,0,464
11/26/2014,CVG,KY,ASO,CE,Combined TRACON& Tower with Radar,206,227,12,0,445,0,2,0,0,2,206,229,12,0,447,0,0,0,447
11/27/2014,CVG,KY,ASO,CE,Combined TRACON& Tower with Radar,130,66,2,0,198,0,2,1,0,3,130,68,3,0,201,0,0,0,201
11/28/2014,CVG,KY,ASO,CE,Combined TRACON& Tower with Radar,131,89,3,0,223,0,0,2,0,2,131,89,5,0,225,0,0,0,225
11/29/2014,CVG,KY,ASO,CE,Combined TRACON& Tower with Radar,184,191,7,0,382,0,0,0,0,0,184,191,7,0,382,0,0,0,382
11/30/2014,CVG,KY,ASO,CE,Combined TRACON& Tower with Radar,184,209,7,0,400,0,0,0,0,0,184,209,7,0,400,0,0,0,400
12/01/2014,CVG,KY,ASO,CE,Combined TRACON& Tower with Radar,160,229,16,0,405,0,0,0,0,0,160,229,16,0,405,0,0,0,405
12/02/2014,CVG,KY,ASO,CE,Combined TRACON& Tower with Radar,207,207,24,0,438,0,0,0,0,0,207,207,24,0,438,0,0,0,438
12/03/2014,CVG,KY,ASO,CE,Combined TRACON& Tower with Radar,206,209,8,0,423,0,0,0,0,0,206,209,8,0,423,0,0,0,423
12/04/2014,CVG,KY,ASO,CE,Combined TRACON& Tower with Radar,216,216,19,0,451,0,0,1,0,1,216,216,20,0,452,0,0,0,452
12/05/2014,CVG,KY,ASO,CE,Combined TRACON& Tower with Radar,217,212,19,0,448,0,0,0,0,0,217,212,19,0,448,0,0,0,448
12/06/2014,CVG,KY,ASO,CE,Combined TRACON& Tower with Radar,143,78,7,0,228,0,0,0,0,0,143,78,7,0,228,0,0,0,228
12/07/2014,CVG,KY,ASO,CE,Combined TRACON& Tower with Radar,165,150,5,0,320,0,0,6,0,6,165,150,11,0,326,0,0,0,326
12/08/2014,CVG,KY,ASO,CE,Combined TRACON& Tower with Radar,162,213,24,0,399,0,0,6,0,6,162,213,30,0,405,0,0,0,405
12/09/2014,CVG,KY,ASO,CE,Combined TRACON& Tower with Radar,205,190,18,0,413,0,0,0,0,0,205,190,18,0,413,0,0,0,413
12/10/2014,CVG,KY,ASO,CE,Combined TRACON& Tower with Radar,195,212,17,0,424,0,0,2,0,2,195,212,19,0,426,0,0,0,426
12/11/2014,CVG,KY,ASO,CE,Combined TRACON& Tower with Radar,217,201,16,0,434,0,0,10,0,10,217,201,26,0,444,0,0,0,444
12/12/2014,CVG,KY,ASO,CE,Combined TRACON& Tower with Radar,220,211,15,0,446,0,0,2,0,2,220,211,17,0,448,0,0,0,448
12/13/2014,CVG,KY,ASO,CE,Combined TRACON& Tower with Radar,139,65,8,0,212,0,0,4,0,4,139,65,12,0,216,0,0,0,216
12/14/2014,CVG,KY,ASO,CE,Combined TRACON& Tower with Radar,168,145,7,0,320,0,0,2,0,2,168,145,9,0,322,0,0,0,322
12/15/2014,CVG,KY,ASO,CE,Combined TRACON& Tower with Radar,158,200,11,0,369,0,0,0,0,0,158,200,11,0,369,0,0,0,369
12/16/2014,CVG,KY,ASO,CE,Combined TRACON& Tower with Radar,206,200,8,0,414,0,0,0,0,0,206,200,8,0,414,0,0,0,414
12/17/2014,CVG,KY,ASO,CE,Combined TRACON& Tower with Radar,214,204,12,0,430,0,0,0,0,0,214,204,12,0,430,0,0,0,430
12/18/2014,CVG,KY,ASO,CE,Combined TRACON& Tower with Radar,219,217,11,0,447,0,0,7,0,7,219,217,18,0,454,0,0,0,454
12/19/2014,CVG,KY,ASO,CE,Combined TRACON& Tower with Radar,228,204,12,0,444,0,0,1,0,1,228,204,13,0,445,0,0,0,445
12/20/2014,CVG,KY,ASO,CE,Combined TRACON& Tower with Radar,185,126,6,0,317,0,0,0,0,0,185,126,6,0,317,0,0,0,317
12/21/2014,CVG,KY,ASO,CE,Combined TRACON& Tower with Radar,190,144,2,0,336,0,0,6,0,6,190,144,8,0,342,0,0,0,342
12/22/2014,CVG,KY,ASO,CE,Combined TRACON& Tower with Radar,134,122,4,3,263,0,0,2,0,2,134,122,6,3,265,0,0,0,265
12/23/2014,CVG,KY,ASO,CE,Combined TRACON& Tower with Radar,178,139,17,0,334,0,0,0,0,0,178,139,17,0,334,0,0,0,334
12/24/2014,CVG,KY,ASO,CE,Combined TRACON& Tower with Radar,169,82,1,0,252,0,0,0,0,0,169,82,1,0,252,0,0,0,252
12/25/2014,CVG,KY,ASO,CE,Combined TRACON& Tower with Radar,102,75,0,0,177,0,0,0,0,0,102,75,0,0,177,0,0,0,177
12/26/2014,CVG,KY,ASO,CE,Combined TRACON& Tower with Radar,184,161,7,0,352,0,2,2,0,4,184,163,9,0,356,0,0,0,356
12/27/2014,CVG,KY,ASO,CE,Combined TRACON& Tower with Radar,182,121,2,0,305,0,0,0,0,0,182,121,2,0,305,0,0,0,305
12/28/2014,CVG,KY,ASO,CE,Combined TRACON& Tower with Radar,174,143,8,0,325,0,0,0,0,0,174,143,8,0,325,0,0,0,325
12/29/2014,CVG,KY,ASO,CE,Combined TRACON& Tower with Radar,126,127,10,0,263,0,0,7,0,7,126,127,17,0,270,0,0,0,270
12/30/2014,CVG,KY,ASO,CE,Combined TRACON& Tower with Radar,174,129,6,1,310,0,0,5,1,6,174,129,11,2,316,0,0,0,316
12/31/2014,CVG,KY,ASO,CE,Combined TRACON& Tower with Radar,163,91,1,0,255,0,0,1,0,1,163,91,2,0,256,0,0,0,256
01/01/2015,CVG,KY,ASO,CE,Combined TRACON& Tower with Radar,106,89,4,0,199,0,2,0,0,2,106,91,4,0,201,0,0,0,201
01/02/2015,CVG,KY,ASO,CE,Combined TRACON& Tower with Radar,176,143,4,0,323,0,0,3,0,3,176,143,7,0,326,0,0,0,326
01/03/2015,CVG,KY,ASO,CE,Combined TRACON& Tower with Radar,170,110,0,0,280,0,0,0,0,0,170,110,0,0,280,0,0,0,280
01/04/2015,CVG,KY,ASO,CE,Combined TRACON& Tower with Radar,173,113,4,0,290,0,0,0,0,0,173,113,4,0,290,0,0,0,290
01/05/2015,CVG,KY,ASO,CE,Combined TRACON& Tower with Radar,146,182,3,0,331,0,0,1,0,1,146,182,4,0,332,0,0,0,332
01/06/2015,CVG,KY,ASO,CE,Combined TRACON& Tower with Radar,178,181,5,0,364,0,0,0,0,0,178,181,5,0,364,0,0,0,364
01/07/2015,CVG,KY,ASO,CE,Combined TRACON& Tower with Radar,201,185,10,0,396,0,2,2,0,4,201,187,12,0,400,0,0,0,400
01/08/2015,CVG,KY,ASO,CE,Combined TRACON& Tower with Radar,187,187,9,0,383,0,0,2,0,2,187,187,11,0,385,0,0,0,385
01/09/2015,CVG,KY,ASO,CE,Combined TRACON& Tower with Radar,189,191,9,0,389,0,0,2,0,2,189,191,11,0,391,0,0,0,391
01/10/2015,CVG,KY,ASO,CE,Combined TRACON& Tower with Radar,129,74,3,0,206,0,0,2,0,2,129,74,5,0,208,0,0,0,208
01/11/2015,CVG,KY,ASO,CE,Combined TRACON& Tower with Radar,146,138,6,2,292,0,0,0,0,0,146,138,6,2,292,0,0,0,292
01/12/2015,CVG,KY,ASO,CE,Combined TRACON& Tower with Radar,130,183,7,0,320,0,0,0,0,0,130,183,7,0,320,0,0,0,320
01/13/2015,CVG,KY,ASO,CE,Combined TRACON& Tower with Radar,181,191,19,0,391,0,2,3,0,5,181,193,22,0,396,0,0,0,396
01/14/2015,CVG,KY,ASO,CE,Combined TRACON& Tower with Radar,198,182,11,0,391,0,0,1,0,1,198,182,12,0,392,0,0,0,392
01/15/2015,CVG,KY,ASO,CE,Combined TRACON& Tower with Radar,198,196,16,0,410,0,0,5,0,5,198,196,21,0,415,0,0,0,415
01/16/2015,CVG,KY,ASO,CE,Combined TRACON& Tower with Radar,196,188,11,0,395,0,0,2,0,2,196,188,13,0,397,0,0,0,397
01/17/2015,CVG,KY,ASO,CE,Combined TRACON& Tower with Radar,129,71,7,0,207,0,0,4,0,4,129,71,11,0,211,0,0,0,211
01/18/2015,CVG,KY,ASO,CE,Combined TRACON& Tower with Radar,115,89,2,0,206,0,2,2,0,4,115,91,4,0,210,0,0,0,210
01/19/2015,CVG,KY,ASO,CE,Combined TRACON& Tower with Radar,137,184,21,0,342,0,1,6,0,7,137,185,27,0,349,0,0,0,349
01/20/2015,CVG,KY,ASO,CE,Combined TRACON& Tower with Radar,181,185,14,0,380,0,0,4,0,4,181,185,18,0,384,0,0,0,384
01/21/2015,CVG,KY,ASO,CE,Combined TRACON& Tower with Radar,199,187,18,0,404,0,0,2,0,2,199,187,20,0,406,0,0,0,406
01/22/2015,CVG,KY,ASO,CE,Combined TRACON& Tower with Radar,191,198,10,0,399,0,0,0,0,0,191,198,10,0,399,0,0,0,399
01/23/2015,CVG,KY,ASO,CE,Combined TRACON& Tower with Radar,196,191,15,0,402,0,0,7,0,7,196,191,22,0,409,0,0,0,409
01/24/2015,CVG,KY,ASO,CE,Combined TRACON& Tower with Radar,128,74,1,0,203,0,2,5,0,7,128,76,6,0,210,0,0,0,210
01/25/2015,CVG,KY,ASO,CE,Combined TRACON& Tower with Radar,152,139,4,0,295,0,0,0,0,0,152,139,4,0,295,0,0,0,295
01/26/2015,CVG,KY,ASO,CE,Combined TRACON& Tower with Radar,125,176,18,0,319,0,2,0,0,2,125,178,18,0,321,0,0,0,321
01/27/2015,CVG,KY,ASO,CE,Combined TRACON& Tower with Radar,164,160,11,0,335,0,0,0,0,0,164,160,11,0,335,0,0,0,335
01/28/2015,CVG,KY,ASO,CE,Combined TRACON& Tower with Radar,194,193,22,4,413,0,0,5,0,5,194,193,27,4,418,0,0,0,418
01/29/2015,CVG,KY,ASO,CE,Combined TRACON& Tower with Radar,199,197,21,2,419,0,0,0,0,0,199,197,21,2,419,0,0,0,419
01/30/2015,CVG,KY,ASO,CE,Combined TRACON& Tower with Radar,197,191,15,0,403,0,2,2,0,4,197,193,17,0,407,0,0,0,407
01/31/2015,CVG,KY,ASO,CE,Combined TRACON& Tower with Radar,122,75,2,0,199,0,2,0,0,2,122,77,2,0,201,0,0,0,201
02/01/2015,CVG,KY,ASO,CE,Combined TRACON& Tower with Radar,114,75,0,0,189,0,0,0,0,0,114,75,0,0,189,0,0,0,189
02/02/2015,CVG,KY,ASO,CE,Combined TRACON& Tower with Radar,130,148,14,0,292,0,0,0,0,0,130,148,14,0,292,0,0,0,292
02/03/2015,CVG,KY,ASO,CE,Combined TRACON& Tower with Radar,177,161,7,0,345,0,0,9,0,9,177,161,16,0,354,0,0,0,354
02/04/2015,CVG,KY,ASO,CE,Combined TRACON& Tower with Radar,194,178,23,0,395,0,0,5,0,5,194,178,28,0,400,0,0,0,400
02/05/2015,CVG,KY,ASO,CE,Combined TRACON& Tower with Radar,194,181,19,0,394,0,0,2,0,2,194,181,21,0,396,0,0,0,396
02/06/2015,CVG,KY,ASO,CE,Combined TRACON& Tower with Radar,201,193,5,0,399,0,2,8,0,10,201,195,13,0,409,0,0,0,409
02/07/2015,CVG,KY,ASO,CE,Combined TRACON& Tower with Radar,135,67,1,0,203,0,0,7,2,9,135,67,8,2,212,0,0,0,212
02/08/2015,CVG,KY,ASO,CE,Combined TRACON& Tower with Radar,150,123,0,0,273,0,0,0,0,0,150,123,0,0,273,0,0,0,273
02/09/2015,CVG,KY,ASO,CE,Combined TRACON& Tower with Radar,137,183,7,0,327,0,0,0,0,0,137,183,7,0,327,0,0,0,327
02/10/2015,CVG,KY,ASO,CE,Combined TRACON& Tower with Radar,181,183,7,1,372,0,0,2,0,2,181,183,9,1,374,0,0,0,374
02/11/2015,CVG,KY,ASO,CE,Combined TRACON& Tower with Radar,196,180,12,0,388,0,0,3,0,3,196,180,15,0,391,0,0,0,391
02/12/2015,CVG,KY,ASO,CE,Combined TRACON& Tower with Radar,204,182,6,3,395,0,0,1,0,1,204,182,7,3,396,0,0,0,396
02/13/2015,CVG,KY,ASO,CE,Combined TRACON& Tower with Radar,212,197,12,0,421,0,0,7,0,7,212,197,19,0,428,0,0,0,428
02/14/2015,CVG,KY,ASO,CE,Combined TRACON& Tower with Radar,141,75,2,0,218,0,0,0,0,0,141,75,2,0,218,0,0,0,218
02/15/2015,CVG,KY,ASO,CE,Combined TRACON& Tower with Radar,147,89,5,0,241,0,2,2,0,4,147,91,7,0,245,0,0,0,245
02/16/2015,CVG,KY,ASO,CE,Combined TRACON& Tower with Radar,138,159,15,0,312,0,0,0,0,0,138,159,15,0,312,0,0,0,312
02/17/2015,CVG,KY,ASO,CE,Combined TRACON& Tower with Radar,189,158,15,0,362,0,0,1,0,1,189,158,16,0,363,0,0,0,363
02/18/2015,CVG,KY,ASO,CE,Combined TRACON& Tower with Radar,207,179,9,0,395,0,0,0,0,0,207,179,9,0,395,0,0,0,395
02/19/2015,CVG,KY,ASO,CE,Combined TRACON& Tower with Radar,216,194,11,0,421,0,0,4,0,4,216,194,15,0,425,0,0,0,425
02/20/2015,CVG,KY,ASO,CE,Combined TRACON& Tower with Radar,211,184,12,0,407,0,0,3,0,3,211,184,15,0,410,0,0,0,410
02/21/2015,CVG,KY,ASO,CE,Combined TRACON& Tower with Radar,131,70,0,0,201,0,0,0,0,0,131,70,0,0,201,0,0,0,201
02/22/2015,CVG,KY,ASO,CE,Combined TRACON& Tower with Radar,149,131,2,0,282,0,0,0,0,0,149,131,2,0,282,0,0,0,282
02/23/2015,CVG,KY,ASO,CE,Combined TRACON& Tower with Radar,152,187,7,0,346,0,1,4,0,5,152,188,11,0,351,0,0,0,351
02/24/2015,CVG,KY,ASO,CE,Combined TRACON& Tower with Radar,192,157,18,0,367,0,0,0,0,0,192,157,18,0,367,0,0,0,367
02/25/2015,CVG,KY,ASO,CE,Combined TRACON& Tower with Radar,210,174,16,0,400,0,1,4,0,5,210,175,20,0,405,0,0,0,405
02/26/2015,CVG,KY,ASO,CE,Combined TRACON& Tower with Radar,205,182,17,0,404,0,1,0,0,1,205,183,17,0,405,0,0,0,405
02/27/2015,CVG,KY,ASO,CE,Combined TRACON& Tower with Radar,219,184,24,0,427,2,2,9,0,13,221,186,33,0,440,0,0,0,440
02/28/2015,CVG,KY,ASO,CE,Combined TRACON& Tower with Radar,132,66,5,0,203,0,0,5,0,5,132,66,10,0,208,0,0,0,208
03/01/2015,CVG,KY,ASO,CE,Combined TRACON& Tower with Radar,144,111,5,0,260,0,0,0,0,0,144,111,5,0,260,0,0,0,260
03/02/2015,CVG,KY,ASO,CE,Combined TRACON& Tower with Radar,158,186,4,0,348,0,0,1,0,1,158,186,5,0,349,0,0,0,349
03/03/2015,CVG,KY,ASO,CE,Combined TRACON& Tower with Radar,185,148,4,0,337,0,0,0,0,0,185,148,4,0,337,0,0,0,337
03/04/2015,CVG,KY,ASO,CE,Combined TRACON& Tower with Radar,204,146,18,0,368,0,0,0,0,0,204,146,18,0,368,0,0,0,368
03/05/2015,CVG,KY,ASO,CE,Combined TRACON& Tower with Radar,188,144,12,0,344,0,0,2,0,2,188,144,14,0,346,0,0,0,346
03/06/2015,CVG,KY,ASO,CE,Combined TRACON& Tower with Radar,214,179,11,0,404,0,4,3,0,7,214,183,14,0,411,0,0,0,411
03/07/2015,CVG,KY,ASO,CE,Combined TRACON& Tower with Radar,147,85,13,0,245,8,15,0,0,23,155,100,13,0,268,0,0,0,268
03/08/2015,CVG,KY,ASO,CE,Combined TRACON& Tower with Radar,172,131,7,0,310,0,0,5,0,5,172,131,12,0,315,0,0,0,315
03/09/2015,CVG,KY,ASO,CE,Combined TRACON& Tower with Radar,165,176,16,0,357,0,0,13,0,13,165,176,29,0,370,0,0,0,370
03/10/2015,CVG,KY,ASO,CE,Combined TRACON& Tower with Radar,199,164,17,0,380,0,0,0,0,0,199,164,17,0,380,0,0,0,380
03/11/2015,CVG,KY,ASO,CE,Combined TRACON& Tower with Radar,218,185,5,0,408,0,0,6,0,6,218,185,11,0,414,0,0,0,414
03/12/2015,CVG,KY,ASO,CE,Combined TRACON& Tower with Radar,235,182,13,0,430,0,0,6,0,6,235,182,19,0,436,0,0,0,436
03/13/2015,CVG,KY,ASO,CE,Combined TRACON& Tower with Radar,221,186,14,0,421,0,2,0,0,2,221,188,14,0,423,0,0,0,423
03/14/2015,CVG,KY,ASO,CE,Combined TRACON& Tower with Radar,158,80,2,0,240,0,0,0,0,0,158,80,2,0,240,0,0,0,240
03/15/2015,CVG,KY,ASO,CE,Combined TRACON& Tower with Radar,160,130,3,0,293,0,2,4,0,6,160,132,7,0,299,0,0,0,299
03/16/2015,CVG,KY,ASO,CE,Combined TRACON& Tower with Radar,164,186,15,0,365,0,0,6,0,6,164,186,21,0,371,0,0,0,371
03/17/2015,CVG,KY,ASO,CE,Combined TRACON& Tower with Radar,205,168,7,0,380,0,3,0,0,3,205,171,7,0,383,0,0,0,383
03/18/2015,CVG,KY,ASO,CE,Combined TRACON& Tower with Radar,211,164,16,2,393,0,1,8,0,9,211,165,24,2,402,0,0,0,402
03/19/2015,CVG,KY,ASO,CE,Combined TRACON& Tower with Radar,225,193,15,2,435,0,0,4,0,4,225,193,19,2,439,0,0,0,439
03/20/2015,CVG,KY,ASO,CE,Combined TRACON& Tower with Radar,211,176,8,0,395,0,0,0,0,0,211,176,8,0,395,0,0,0,395
03/21/2015,CVG,KY,ASO,CE,Combined TRACON& Tower with Radar,157,78,2,0,237,0,0,6,0,6,157,78,8,0,243,0,0,0,243
03/22/2015,CVG,KY,ASO,CE,Combined TRACON& Tower with Radar,168,128,2,0,298,0,0,6,1,7,168,128,8,1,305,0,0,0,305
03/23/2015,CVG,KY,ASO,CE,Combined TRACON& Tower with Radar,163,170,20,0,353,0,0,5,0,5,163,170,25,0,358,0,0,0,358
03/24/2015,CVG,KY,ASO,CE,Combined TRACON& Tower with Radar,204,161,17,0,382,0,0,7,0,7,204,161,24,0,389,0,0,0,389
03/25/2015,CVG,KY,ASO,CE,Combined TRACON& Tower with Radar,216,174,27,0,417,0,3,3,0,6,216,177,30,0,423,0,0,0,423
03/26/2015,CVG,KY,ASO,CE,Combined TRACON& Tower with Radar,229,186,4,0,419,0,0,2,0,2,229,186,6,0,421,0,0,0,421
03/27/2015,CVG,KY,ASO,CE,Combined TRACON& Tower with Radar,223,188,5,0,416,0,4,5,0,9,223,192,10,0,425,0,0,0,425
03/28/2015,CVG,KY,ASO,CE,Combined TRACON& Tower with Radar,155,84,4,0,243,0,2,10,0,12,155,86,14,0,255,0,0,0,255
03/29/2015,CVG,KY,ASO,CE,Combined TRACON& Tower with Radar,177,132,9,0,318,0,0,12,0,12,177,132,21,0,330,0,0,0,330
03/30/2015,CVG,KY,ASO,CE,Combined TRACON& Tower with Radar,165,180,8,0,353,0,1,8,0,9,165,181,16,0,362,0,0,0,362
03/31/2015,CVG,KY,ASO,CE,Combined TRACON& Tower with Radar,206,160,13,0,379,0,0,4,0,4,206,160,17,0,383,0,0,0,383
04/01/2015,CVG,KY,ASO,CE,Combined TRACON& Tower with Radar,209,171,10,0,390,0,1,10,0,11,209,172,20,0,401,0,0,0,401
04/02/2015,CVG,KY,ASO,CE,Combined TRACON& Tower with Radar,227,187,14,0,428,0,0,1,0,1,227,187,15,0,429,0,0,0,429
04/03/2015,CVG,KY,ASO,CE,Combined TRACON& Tower with Radar,222,162,6,0,390,0,0,0,0,0,222,162,6,0,390,0,0,0,390
04/04/2015,CVG,KY,ASO,CE,Combined TRACON& Tower with Radar,144,77,5,0,226,0,0,19,0,19,144,77,24,0,245,0,0,0,245
04/05/2015,CVG,KY,ASO,CE,Combined TRACON& Tower with Radar,132,92,6,0,230,0,0,8,0,8,132,92,14,0,238,0,0,0,238
04/06/2015,CVG,KY,ASO,CE,Combined TRACON& Tower with Radar,164,168,7,0,339,0,0,0,0,0,164,168,7,0,339,0,0,0,339
04/07/2015,CVG,KY,ASO,CE,Combined TRACON& Tower with Radar,223,135,15,0,373,0,0,0,0,0,223,135,15,0,373,0,0,0,373
04/08/2015,CVG,KY,ASO,CE,Combined TRACON& Tower with Radar,245,139,14,0,398,0,0,0,0,0,245,139,14,0,398,0,0,0,398
04/09/2015,CVG,KY,ASO,CE,Combined TRACON& Tower with Radar,235,160,13,0,408,0,0,1,0,1,235,160,14,0,409,0,0,0,409
04/10/2015,CVG,KY,ASO,CE,Combined TRACON& Tower with Radar,245,147,12,0,404,0,0,7,0,7,245,147,19,0,411,0,0,0,411
04/11/2015,CVG,KY,ASO,CE,Combined TRACON& Tower with Radar,147,83,11,0,241,0,0,3,0,3,147,83,14,0,244,0,0,0,244
04/12/2015,CVG,KY,ASO,CE,Combined TRACON& Tower with Radar,198,112,8,0,318,0,0,8,0,8,198,112,16,0,326,0,0,0,326
04/13/2015,CVG,KY,ASO,CE,Combined TRACON& Tower with Radar,190,146,9,0,345,0,2,0,0,2,190,148,9,0,347,0,0,0,347
04/14/2015,CVG,KY,ASO,CE,Combined TRACON& Tower with Radar,232,130,27,0,389,0,0,11,0,11,232,130,38,0,400,0,0,0,400
04/15/2015,CVG,KY,ASO,CE,Combined TRACON& Tower with Radar,229,138,23,0,390,0,1,8,0,9,229,139,31,0,399,0,0,0,399
04/16/2015,CVG,KY,ASO,CE,Combined TRACON& Tower with Radar,247,155,24,0,426,0,2,0,0,2,247,157,24,0,428,0,0,0,428
04/17/2015,CVG,KY,ASO,CE,Combined TRACON& Tower with Radar,267,155,14,0,436,0,0,11,0,11,267,155,25,0,447,0,0,0,447
04/18/2015,CVG,KY,ASO,CE,Combined TRACON& Tower with Radar,146,70,9,0,225,0,1,26,7,34,146,71,35,7,259,0,0,0,259
04/19/2015,CVG,KY,ASO,CE,Combined TRACON& Tower with Radar,187,121,6,0,314,0,1,1,0,2,187,122,7,0,316,0,0,0,316
04/20/2015,CVG,KY,ASO,CE,Combined TRACON& Tower with Radar,182,135,4,2,323,0,0,3,0,3,182,135,7,2,326,0,0,0,326
04/21/2015,CVG,KY,ASO,CE,Combined TRACON& Tower with Radar,237,132,15,0,384,0,0,0,1,1,237,132,15,1,385,0,0,0,385
04/22/2015,CVG,KY,ASO,CE,Combined TRACON& Tower with Radar,235,147,19,1,402,0,2,5,0,7,235,149,24,1,409,0,0,0,409
04/23/2015,CVG,KY,ASO,CE,Combined TRACON& Tower with Radar,256,159,14,1,430,0,1,7,0,8,256,160,21,1,438,0,0,0,438
04/24/2015,CVG,KY,ASO,CE,Combined TRACON& Tower with Radar,262,148,6,0,416,0,2,9,0,11,262,150,15,0,427,0,0,0,427
04/25/2015,CVG,KY,ASO,CE,Combined TRACON& Tower with Radar,145,77,8,0,230,0,0,0,0,0,145,77,8,0,230,0,0,0,230
04/26/2015,CVG,KY,ASO,CE,Combined TRACON& Tower with Radar,198,116,4,0,318,0,1,5,0,6,198,117,9,0,324,0,0,0,324
04/27/2015,CVG,KY,ASO,CE,Combined TRACON& Tower with Radar,193,154,14,0,361,0,0,14,0,14,193,154,28,0,375,0,0,0,375
04/28/2015,CVG,KY,ASO,CE,Combined TRACON& Tower with Radar,231,125,20,4,380,0,2,12,0,14,231,127,32,4,394,0,0,0,394
04/29/2015,CVG,KY,ASO,CE,Combined TRACON& Tower with Radar,239,142,26,0,407,0,4,18,0,22,239,146,44,0,429,0,0,0,429
04/30/2015,CVG,KY,ASO,CE,Combined TRACON& Tower with Radar,270,168,20,0,458,0,2,4,0,6,270,170,24,0,464,0,0,0,464
05/01/2015,CVG,KY,ASO,CE,Combined TRACON& Tower with Radar,263,160,24,0,447,0,3,17,0,20,263,163,41,0,467,0,0,0,467
05/02/2015,CVG,KY,ASO,CE,Combined TRACON& Tower with Radar,147,70,1,0,218,0,6,10,0,16,147,76,11,0,234,0,0,0,234
05/03/2015,CVG,KY,ASO,CE,Combined TRACON& Tower with Radar,195,129,8,0,332,0,2,12,0,14,195,131,20,0,346,0,0,0,346
05/04/2015,CVG,KY,ASO,CE,Combined TRACON& Tower with Radar,200,145,10,2,357,0,2,5,0,7,200,147,15,2,364,0,0,0,364
05/05/2015,CVG,KY,ASO,CE,Combined TRACON& Tower with Radar,239,141,20,0,400,0,0,11,0,11,239,141,31,0,411,0,0,0,411
05/06/2015,CVG,KY,ASO,CE,Combined TRACON& Tower with Radar,234,155,13,0,402,0,4,26,0,30,234,159,39,0,432,0,0,0,432
05/07/2015,CVG,KY,ASO,CE,Combined TRACON& Tower with Radar,254,172,11,0,437,0,2,7,0,9,254,174,18,0,446,0,0,0,446
05/08/2015,CVG,KY,ASO,CE,Combined TRACON& Tower with Radar,260,167,24,0,451,0,1,2,0,3,260,168,26,0,454,0,0,0,454
05/09/2015,CVG,KY,ASO,CE,Combined TRACON& Tower with Radar,156,73,7,0,236,0,0,4,0,4,156,73,11,0,240,0,0,0,240
05/10/2015,CVG,KY,ASO,CE,Combined TRACON& Tower with Radar,162,100,3,0,265,0,0,5,0,5,162,100,8,0,270,0,0,0,270
05/11/2015,CVG,KY,ASO,CE,Combined TRACON& Tower with Radar,188,161,22,0,371,0,0,5,0,5,188,161,27,0,376,0,0,0,376
05/12/2015,CVG,KY,ASO,CE,Combined TRACON& Tower with Radar,238,151,24,0,413,0,0,2,0,2,238,151,26,0,415,0,0,0,415
05/13/2015,CVG,KY,ASO,CE,Combined TRACON& Tower with Radar,231,161,17,0,409,0,1,6,0,7,231,162,23,0,416,0,0,0,416
05/14/2015,CVG,KY,ASO,CE,Combined TRACON& Tower with Radar,259,168,19,0,446,0,5,8,0,13,259,173,27,0,459,0,0,0,459
05/15/2015,CVG,KY,ASO,CE,Combined TRACON& Tower with Radar,261,161,11,0,433,0,0,4,7,11,261,161,15,7,444,0,0,0,444
05/16/2015,CVG,KY,ASO,CE,Combined TRACON& Tower with Radar,152,72,6,0,230,0,0,1,0,1,152,72,7,0,231,0,0,0,231
05/17/2015,CVG,KY,ASO,CE,Combined TRACON& Tower with Radar,197,151,3,0,351,0,0,1,0,1,197,151,4,0,352,0,0,0,352
05/18/2015,CVG,KY,ASO,CE,Combined TRACON& Tower with Radar,201,151,14,0,366,1,4,1,0,6,202,155,15,0,372,0,0,0,372
05/19/2015,CVG,KY,ASO,CE,Combined TRACON& Tower with Radar,243,145,18,2,408,0,0,17,0,17,243,145,35,2,425,0,0,0,425
05/20/2015,CVG,KY,ASO,CE,Combined TRACON& Tower with Radar,230,160,22,0,412,0,0,12,0,12,230,160,34,0,424,0,0,0,424
05/21/2015,CVG,KY,ASO,CE,Combined TRACON& Tower with Radar,260,164,20,0,444,0,0,6,0,6,260,164,26,0,450,0,0,0,450
05/22/2015,CVG,KY,ASO,CE,Combined TRACON& Tower with Radar,268,162,9,0,439,0,0,12,0,12,268,162,21,0,451,0,0,0,451
05/23/2015,CVG,KY,ASO,CE,Combined TRACON& Tower with Radar,165,71,9,0,245,0,0,9,0,9,165,71,18,0,254,0,0,0,254
05/24/2015,CVG,KY,ASO,CE,Combined TRACON& Tower with Radar,156,80,5,0,241,0,0,2,0,2,156,80,7,0,243,0,0,0,243
05/25/2015,CVG,KY,ASO,CE,Combined TRACON& Tower with Radar,185,121,6,0,312,0,1,2,0,3,185,122,8,0,315,0,0,0,315
05/26/2015,CVG,KY,ASO,CE,Combined TRACON& Tower with Radar,214,148,7,0,369,0,0,0,0,0,214,148,7,0,369,0,0,0,369
05/27/2015,CVG,KY,ASO,CE,Combined TRACON& Tower with Radar,230,148,23,0,401,0,0,1,0,1,230,148,24,0,402,0,0,0,402
05/28/2015,CVG,KY,ASO,CE,Combined TRACON& Tower with Radar,271,169,24,0,464,0,0,2,0,2,271,169,26,0,466,0,0,0,466
05/29/2015,CVG,KY,ASO,CE,Combined TRACON& Tower with Radar,261,165,15,0,441,0,0,4,0,4,261,165,19,0,445,0,0,0,445
05/30/2015,CVG,KY,ASO,CE,Combined TRACON& Tower with Radar,152,73,5,0,230,0,1,4,0,5,152,74,9,0,235,0,0,0,235
05/31/2015,CVG,KY,ASO,CE,Combined TRACON& Tower with Radar,202,123,10,0,335,0,0,0,0,0,202,123,10,0,335,0,0,0,335
06/01/2015,CVG,KY,ASO,CE,Combined TRACON& Tower with Radar,201,147,11,0,359,0,0,0,0,0,201,147,11,0,359,0,0,0,359
06/02/2015,CVG,KY,ASO,CE,Combined TRACON& Tower with Radar,240,153,14,0,407,0,1,1,0,2,240,154,15,0,409,0,0,0,409
06/03/2015,CVG,KY,ASO,CE,Combined TRACON& Tower with Radar,233,160,15,0,408,0,0,3,0,3,233,160,18,0,411,0,0,0,411
06/04/2015,CVG,KY,ASO,CE,Combined TRACON& Tower with Radar,262,161,9,2,434,0,0,7,0,7,262,161,16,2,441,0,0,0,441
06/05/2015,CVG,KY,ASO,CE,Combined TRACON& Tower with Radar,257,158,16,1,432,0,0,1,0,1,257,158,17,1,433,0,0,0,433
06/06/2015,CVG,KY,ASO,CE,Combined TRACON& Tower with Radar,177,77,7,0,261,0,2,2,2,6,177,79,9,2,267,0,0,0,267
06/07/2015,CVG,KY,ASO,CE,Combined TRACON& Tower with Radar,217,127,4,0,348,0,2,2,0,4,217,129,6,0,352,0,0,0,352
06/08/2015,CVG,KY,ASO,CE,Combined TRACON& Tower with Radar,189,153,12,0,354,0,0,1,0,1,189,153,13,0,355,0,0,0,355
06/09/2015,CVG,KY,ASO,CE,Combined TRACON& Tower with Radar,243,166,18,0,427,0,2,4,0,6,243,168,22,0,433,0,0,0,433
06/10/2015,CVG,KY,ASO,CE,Combined TRACON& Tower with Radar,242,160,11,0,413,0,0,3,0,3,242,160,14,0,416,0,0,0,416
06/11/2015,CVG,KY,ASO,CE,Combined TRACON& Tower with Radar,259,166,17,0,442,0,0,13,0,13,259,166,30,0,455,0,0,0,455
06/12/2015,CVG,KY,ASO,CE,Combined TRACON& Tower with Radar,262,162,10,0,434,0,0,2,0,2,262,162,12,0,436,0,0,0,436
06/13/2015,CVG,KY,ASO,CE,Combined TRACON& Tower with Radar,176,88,4,0,268,0,1,3,0,4,176,89,7,0,272,0,0,0,272
06/14/2015,CVG,KY,ASO,CE,Combined TRACON& Tower with Radar,214,124,4,0,342,0,0,1,0,1,214,124,5,0,343,0,0,0,343
06/15/2015,CVG,KY,ASO,CE,Combined TRACON& Tower with Radar,172,137,7,0,316,0,0,2,1,3,172,137,9,1,319,0,0,0,319
06/16/2015,CVG,KY,ASO,CE,Combined TRACON& Tower with Radar,245,150,5,0,400,0,1,12,0,13,245,151,17,0,413,0,0,0,413
06/17/2015,CVG,KY,ASO,CE,Combined TRACON& Tower with Radar,246,149,21,0,416,0,0,1,0,1,246,149,22,0,417,0,0,0,417
06/18/2015,CVG,KY,ASO,CE,Combined TRACON& Tower with Radar,276,160,15,0,451,0,0,1,2,3,276,160,16,2,454,0,0,0,454
06/19/2015,CVG,KY,ASO,CE,Combined TRACON& Tower with Radar,263,167,10,0,440,0,0,0,0,0,263,167,10,0,440,0,0,0,440
06/20/2015,CVG,KY,ASO,CE,Combined TRACON& Tower with Radar,166,82,2,0,250,0,0,0,0,0,166,82,2,0,250,0,0,0,250
06/21/2015,CVG,KY,ASO,CE,Combined TRACON& Tower with Radar,214,133,6,0,353,0,1,0,0,1,214,134,6,0,354,0,0,0,354
06/22/2015,CVG,KY,ASO,CE,Combined TRACON& Tower with Radar,195,156,14,0,365,0,2,2,0,4,195,158,16,0,369,0,0,0,369
06/23/2015,CVG,KY,ASO,CE,Combined TRACON& Tower with Radar,244,161,13,0,418,0,0,2,0,2,244,161,15,0,420,0,0,0,420
06/24/2015,CVG,KY,ASO,CE,Combined TRACON& Tower with Radar,243,166,22,0,431,0,0,7,0,7,243,166,29,0,438,0,0,0,438
06/25/2015,CVG,KY,ASO,CE,Combined TRACON& Tower with Radar,260,178,18,0,456,0,0,1,0,1,260,178,19,0,457,0,0,0,457
06/26/2015,CVG,KY,ASO,CE,Combined TRACON& Tower with Radar,261,166,13,0,440,0,0,0,0,0,261,166,13,0,440,0,0,0,440
06/27/2015,CVG,KY,ASO,CE,Combined TRACON& Tower with Radar,173,87,3,0,263,0,0,0,0,0,173,87,3,0,263,0,0,0,263
06/28/2015,CVG,KY,ASO,CE,Combined TRACON& Tower with Radar,169,103,2,0,274,0,2,2,0,4,169,105,4,0,278,0,0,0,278
06/29/2015,CVG,KY,ASO,CE,Combined TRACON& Tower with Radar,149,111,13,0,273,0,0,0,2,2,149,111,13,2,275,0,0,0,275
06/30/2015,CVG,KY,ASO,CE,Combined TRACON& Tower with Radar,183,109,8,0,300,0,2,0,0,2,183,111,8,0,302,0,0,0,302
07/01/2015,CVG,KY,ASO,CE,Combined TRACON& Tower with Radar,241,130,10,0,381,0,1,12,0,13,241,131,22,0,394,0,0,0,394
07/02/2015,CVG,KY,ASO,CE,Combined TRACON& Tower with Radar,260,136,7,0,403,0,0,0,0,0,260,136,7,0,403,0,0,0,403
07/03/2015,CVG,KY,ASO,CE,Combined TRACON& Tower with Radar,196,77,12,0,285,0,0,1,0,1,196,77,13,0,286,0,0,0,286
07/04/2015,CVG,KY,ASO,CE,Combined TRACON& Tower with Radar,149,63,0,0,212,0,0,2,0,2,149,63,2,0,214,0,0,0,214
07/05/2015,CVG,KY,ASO,CE,Combined TRACON& Tower with Radar,221,113,3,0,337,0,0,4,0,4,221,113,7,0,341,0,0,0,341
07/06/2015,CVG,KY,ASO,CE,Combined TRACON& Tower with Radar,198,134,3,0,335,0,2,12,0,14,198,136,15,0,349,0,0,0,349
07/07/2015,CVG,KY,ASO,CE,Combined TRACON& Tower with Radar,251,141,16,0,408,0,0,2,0,2,251,141,18,0,410,0,0,0,410
07/08/2015,CVG,KY,ASO,CE,Combined TRACON& Tower with Radar,245,159,51,0,455,0,0,0,0,0,245,159,51,0,455,0,0,0,455
07/09/2015,CVG,KY,ASO,CE,Combined TRACON& Tower with Radar,271,162,35,0,468,0,2,5,0,7,271,164,40,0,475,0,0,0,475
07/10/2015,CVG,KY,ASO,CE,Combined TRACON& Tower with Radar,262,153,33,0,448,0,2,4,0,6,262,155,37,0,454,0,0,0,454
07/11/2015,CVG,KY,ASO,CE,Combined TRACON& Tower with Radar,180,85,47,0,312,0,0,15,4,19,180,85,62,4,331,0,0,0,331
07/12/2015,CVG,KY,ASO,CE,Combined TRACON& Tower with Radar,222,140,42,0,404,0,0,7,5,12,222,140,49,5,416,0,0,0,416
07/13/2015,CVG,KY,ASO,CE,Combined TRACON& Tower with Radar,175,127,11,1,314,0,0,0,1,1,175,127,11,2,315,0,0,0,315
07/14/2015,CVG,KY,ASO,CE,Combined TRACON& Tower with Radar,242,152,27,0,421,0,0,0,4,4,242,152,27,4,425,0,0,0,425
07/15/2015,CVG,KY,ASO,CE,Combined TRACON& Tower with Radar,252,171,23,2,448,0,1,9,0,10,252,172,32,2,458,0,0,0,458
07/16/2015,CVG,KY,ASO,CE,Combined TRACON& Tower with Radar,275,151,14,0,440,0,0,5,0,5,275,151,19,0,445,0,0,0,445
07/17/2015,CVG,KY,ASO,CE,Combined TRACON& Tower with Radar,263,158,13,2,436,0,0,7,0,7,263,158,20,2,443,0,0,0,443
07/18/2015,CVG,KY,ASO,CE,Combined TRACON& Tower with Radar,163,79,7,1,250,0,0,3,0,3,163,79,10,1,253,0,0,0,253
07/19/2015,CVG,KY,ASO,CE,Combined TRACON& Tower with Radar,220,122,11,1,354,0,0,2,0,2,220,122,13,1,356,0,0,0,356
07/20/2015,CVG,KY,ASO,CE,Combined TRACON& Tower with Radar,204,143,16,0,363,0,0,4,1,5,204,143,20,1,368,0,0,0,368
07/21/2015,CVG,KY,ASO,CE,Combined TRACON& Tower with Radar,244,138,14,0,396,0,0,6,0,6,244,138,20,0,402,0,0,0,402
07/22/2015,CVG,KY,ASO,CE,Combined TRACON& Tower with Radar,249,163,11,0,423,0,1,32,1,34,249,164,43,1,457,0,0,0,457
07/23/2015,CVG,KY,ASO,CE,Combined TRACON& Tower with Radar,266,158,15,0,439,0,0,2,0,2,266,158,17,0,441,0,0,0,441
07/24/2015,CVG,KY,ASO,CE,Combined TRACON& Tower with Radar,262,157,19,0,438,0,0,7,0,7,262,157,26,0,445,0,0,0,445
07/25/2015,CVG,KY,ASO,CE,Combined TRACON& Tower with Radar,167,89,7,0,263,0,1,5,0,6,167,90,12,0,269,0,0,0,269
07/26/2015,CVG,KY,ASO,CE,Combined TRACON& Tower with Radar,217,130,2,0,349,0,2,3,0,5,217,132,5,0,354,0,0,0,354
07/27/2015,CVG,KY,ASO,CE,Combined TRACON& Tower with Radar,195,145,12,0,352,0,0,3,0,3,195,145,15,0,355,0,0,0,355
07/28/2015,CVG,KY,ASO,CE,Combined TRACON& Tower with Radar,254,146,22,0,422,0,1,7,0,8,254,147,29,0,430,0,0,0,430
07/29/2015,CVG,KY,ASO,CE,Combined TRACON& Tower with Radar,244,161,18,0,423,0,0,2,0,2,244,161,20,0,425,0,0,0,425
07/30/2015,CVG,KY,ASO,CE,Combined TRACON& Tower with Radar,267,159,19,0,445,0,1,3,0,4,267,160,22,0,449,0,0,0,449
07/31/2015,CVG,KY,ASO,CE,Combined TRACON& Tower with Radar,263,152,9,0,424,0,1,9,0,10,263,153,18,0,434,0,0,0,434
08/01/2015,CVG,KY,ASO,CE,Combined TRACON& Tower with Radar,168,88,5,0,261,0,1,3,0,4,168,89,8,0,265,0,0,0,265
08/02/2015,CVG,KY,ASO,CE,Combined TRACON& Tower with Radar,220,127,5,0,352,0,0,3,0,3,220,127,8,0,355,0,0,0,355
08/03/2015,CVG,KY,ASO,CE,Combined TRACON& Tower with Radar,197,156,17,0,370,0,0,1,0,1,197,156,18,0,371,0,0,0,371
08/04/2015,CVG,KY,ASO,CE,Combined TRACON& Tower with Radar,237,150,19,0,406,0,4,4,2,10,237,154,23,2,416,0,0,0,416
08/05/2015,CVG,KY,ASO,CE,Combined TRACON& Tower with Radar,250,155,21,0,426,0,0,3,0,3,250,155,24,0,429,0,0,0,429
08/06/2015,CVG,KY,ASO,CE,Combined TRACON& Tower with Radar,268,175,15,0,458,0,0,0,0,0,268,175,15,0,458,0,0,0,458
08/07/2015,CVG,KY,ASO,CE,Combined TRACON& Tower with Radar,263,152,11,0,426,0,3,5,0,8,263,155,16,0,434,0,0,0,434
08/08/2015,CVG,KY,ASO,CE,Combined TRACON& Tower with Radar,165,88,8,1,262,0,2,7,0,9,165,90,15,1,271,0,0,0,271
08/09/2015,CVG,KY,ASO,CE,Combined TRACON& Tower with Radar,209,129,5,0,343,0,3,4,0,7,209,132,9,0,350,0,0,0,350
08/10/2015,CVG,KY,ASO,CE,Combined TRACON& Tower with Radar,199,151,9,1,360,0,3,6,0,9,199,154,15,1,369,0,0,0,369
08/11/2015,CVG,KY,ASO,CE,Combined TRACON& Tower with Radar,236,151,11,0,398,0,0,1,2,3,236,151,12,2,401,0,0,0,401
08/12/2015,CVG,KY,ASO,CE,Combined TRACON& Tower with Radar,247,158,23,0,428,0,4,7,0,11,247,162,30,0,439,0,0,0,439
08/13/2015,CVG,KY,ASO,CE,Combined TRACON& Tower with Radar,258,165,12,0,435,0,0,0,0,0,258,165,12,0,435,0,0,0,435
08/14/2015,CVG,KY,ASO,CE,Combined TRACON& Tower with Radar,256,148,2,0,406,0,0,2,0,2,256,148,4,0,408,0,0,0,408
08/15/2015,CVG,KY,ASO,CE,Combined TRACON& Tower with Radar,169,86,4,0,259,0,1,4,0,5,169,87,8,0,264,0,0,0,264
08/16/2015,CVG,KY,ASO,CE,Combined TRACON& Tower with Radar,219,127,13,0,359,0,0,6,0,6,219,127,19,0,365,0,0,0,365
08/17/2015,CVG,KY,ASO,CE,Combined TRACON& Tower with Radar,191,147,11,0,349,0,0,9,0,9,191,147,20,0,358,0,0,0,358
08/18/2015,CVG,KY,ASO,CE,Combined TRACON& Tower with Radar,255,138,10,0,403,0,0,4,0,4,255,138,14,0,407,0,0,0,407
08/19/2015,CVG,KY,ASO,CE,Combined TRACON& Tower with Radar,246,154,19,0,419,0,0,0,0,0,246,154,19,0,419,0,0,0,419
08/20/2015,CVG,KY,ASO,CE,Combined TRACON& Tower with Radar,279,145,12,0,436,0,0,1,0,1,279,145,13,0,437,0,0,0,437
08/21/2015,CVG,KY,ASO,CE,Combined TRACON& Tower with Radar,275,149,18,0,442,0,0,11,0,11,275,149,29,0,453,0,0,0,453
08/22/2015,CVG,KY,ASO,CE,Combined TRACON& Tower with Radar,155,65,9,0,229,0,0,12,0,12,155,65,21,0,241,0,0,0,241
08/23/2015,CVG,KY,ASO,CE,Combined TRACON& Tower with Radar,223,115,13,0,351,0,0,2,0,2,223,115,15,0,353,0,0,0,353
08/24/2015,CVG,KY,ASO,CE,Combined TRACON& Tower with Radar,203,142,9,0,354,0,0,7,0,7,203,142,16,0,361,0,0,0,361
08/25/2015,CVG,KY,ASO,CE,Combined TRACON& Tower with Radar,251,146,14,0,411,0,0,0,0,0,251,146,14,0,411,0,0,0,411
08/26/2015,CVG,KY,ASO,CE,Combined TRACON& Tower with Radar,251,148,9,0,408,0,0,4,0,4,251,148,13,0,412,0,0,0,412
08/27/2015,CVG,KY,ASO,CE,Combined TRACON& Tower with Radar,279,157,21,0,457,0,2,5,0,7,279,159,26,0,464,0,0,0,464
08/28/2015,CVG,KY,ASO,CE,Combined TRACON& Tower with Radar,271,149,19,0,439,0,4,4,0,8,271,153,23,0,447,0,0,0,447
08/29/2015,CVG,KY,ASO,CE,Combined TRACON& Tower with Radar,153,69,6,0,228,0,0,3,0,3,153,69,9,0,231,0,0,0,231
08/30/2015,CVG,KY,ASO,CE,Combined TRACON& Tower with Radar,225,113,1,0,339,0,0,4,0,4,225,113,5,0,343,0,0,0,343
08/31/2015,CVG,KY,ASO,CE,Combined TRACON& Tower with Radar,206,144,12,0,362,0,0,4,0,4,206,144,16,0,366,0,0,0,366
09/01/2015,CVG,KY,ASO,CE,Combined TRACON& Tower with Radar,242,151,22,0,415,0,3,12,1,16,242,154,34,1,431,0,0,0,431
09/02/2015,CVG,KY,ASO,CE,Combined TRACON& Tower with Radar,245,153,20,0,418,0,4,6,0,10,245,157,26,0,428,0,0,0,428
09/03/2015,CVG,KY,ASO,CE,Combined TRACON& Tower with Radar,268,153,23,0,444,0,1,2,0,3,268,154,25,0,447,0,0,0,447
09/04/2015,CVG,KY,ASO,CE,Combined TRACON& Tower with Radar,265,149,7,0,421,0,0,6,0,6,265,149,13,0,427,0,0,0,427
09/05/2015,CVG,KY,ASO,CE,Combined TRACON& Tower with Radar,145,62,5,0,212,0,1,8,0,9,145,63,13,0,221,0,0,0,221
09/06/2015,CVG,KY,ASO,CE,Combined TRACON& Tower with Radar,157,60,2,0,219,0,1,6,0,7,157,61,8,0,226,0,0,0,226
09/07/2015,CVG,KY,ASO,CE,Combined TRACON& Tower with Radar,150,86,4,0,240,0,0,10,0,10,150,86,14,0,250,0,0,0,250
09/08/2015,CVG,KY,ASO,CE,Combined TRACON& Tower with Radar,205,121,12,2,340,0,4,10,0,14,205,125,22,2,354,0,0,0,354
09/09/2015,CVG,KY,ASO,CE,Combined TRACON& Tower with Radar,208,101,7,0,316,0,2,0,0,2,208,103,7,0,318,0,0,0,318
09/10/2015,CVG,KY,ASO,CE,Combined TRACON& Tower with Radar,216,82,21,0,319,0,3,3,0,6,216,85,24,0,325,0,0,0,325
09/11/2015,CVG,KY,ASO,CE,Combined TRACON& Tower with Radar,220,98,10,2,330,0,0,4,0,4,220,98,14,2,334,0,0,0,334
09/12/2015,CVG,KY,ASO,CE,Combined TRACON& Tower with Radar,152,55,4,0,211,0,0,1,0,1,152,55,5,0,212,0,0,0,212
09/13/2015,CVG,KY,ASO,CE,Combined TRACON& Tower with Radar,223,120,20,0,363,0,1,12,0,13,223,121,32,0,376,0,0,0,376
09/14/2015,CVG,KY,ASO,CE,Combined TRACON& Tower with Radar,208,155,11,0,374,0,0,13,0,13,208,155,24,0,387,0,0,0,387
09/15/2015,CVG,KY,ASO,CE,Combined TRACON& Tower with Radar,245,148,18,0,411,0,2,8,1,11,245,150,26,1,422,0,0,0,422
09/16/2015,CVG,KY,ASO,CE,Combined TRACON& Tower with Radar,251,154,18,0,423,0,0,14,1,15,251,154,32,1,438,0,0,0,438
09/17/2015,CVG,KY,ASO,CE,Combined TRACON& Tower with Radar,265,154,22,0,441,0,0,9,0,9,265,154,31,0,450,0,0,0,450
09/18/2015,CVG,KY,ASO,CE,Combined TRACON& Tower with Radar,269,151,15,0,435,0,3,4,0,7,269,154,19,0,442,0,0,0,442
09/19/2015,CVG,KY,ASO,CE,Combined TRACON& Tower with Radar,161,55,2,0,218,0,3,2,0,5,161,58,4,0,223,0,0,0,223
09/20/2015,CVG,KY,ASO,CE,Combined TRACON& Tower with Radar,220,119,7,0,346,0,0,5,15,20,220,119,12,15,366,0,0,0,366
09/21/2015,CVG,KY,ASO,CE,Combined TRACON& Tower with Radar,203,143,17,0,363,0,1,0,0,1,203,144,17,0,364,0,0,0,364
09/22/2015,CVG,KY,ASO,CE,Combined TRACON& Tower with Radar,250,159,19,2,430,0,0,7,0,7,250,159,26,2,437,0,0,0,437
09/23/2015,CVG,KY,ASO,CE,Combined TRACON& Tower with Radar,252,151,16,0,419,0,2,7,2,11,252,153,23,2,430,0,0,0,430
09/24/2015,CVG,KY,ASO,CE,Combined TRACON& Tower with Radar,268,160,17,2,447,0,5,10,0,15,268,165,27,2,462,0,0,0,462
09/25/2015,CVG,KY,ASO,CE,Combined TRACON& Tower with Radar,266,162,17,0,445,0,1,4,0,5,266,163,21,0,450,0,0,0,450
09/26/2015,CVG,KY,ASO,CE,Combined TRACON& Tower with Radar,167,50,25,0,242,0,2,3,0,5,167,52,28,0,247,0,0,0,247
09/27/2015,CVG,KY,ASO,CE,Combined TRACON& Tower with Radar,228,115,17,0,360,0,0,4,0,4,228,115,21,0,364,0,0,0,364
09/28/2015,CVG,KY,ASO,CE,Combined TRACON& Tower with Radar,226,151,17,0,394,0,0,9,0,9,226,151,26,0,403,0,0,0,403
09/29/2015,CVG,KY,ASO,CE,Combined TRACON& Tower with Radar,249,150,15,0,414,0,0,0,0,0,249,150,15,0,414,0,0,0,414
09/30/2015,CVG,KY,ASO,CE,Combined TRACON& Tower with Radar,255,156,15,0,426,0,0,2,0,2,255,156,17,0,428,0,0,0,428
10/01/2015,CVG,KY,ASO,CE,Combined TRACON& Tower with Radar,303,155,12,3,473,0,0,4,1,5,303,155,16,4,478,0,0,0,478
10/02/2015,CVG,KY,ASO,CE,Combined TRACON& Tower with Radar,263,142,17,0,422,0,2,2,0,4,263,144,19,0,426,0,0,0,426
10/03/2015,CVG,KY,ASO,CE,Combined TRACON& Tower with Radar,156,60,7,0,223,0,0,0,0,0,156,60,7,0,223,0,0,0,223
10/04/2015,CVG,KY,ASO,CE,Combined TRACON& Tower with Radar,219,112,9,0,340,0,2,4,0,6,219,114,13,0,346,0,0,0,346
10/05/2015,CVG,KY,ASO,CE,Combined TRACON& Tower with Radar,191,156,14,0,361,0,0,4,0,4,191,156,18,0,365,0,0,0,365
10/06/2015,CVG,KY,ASO,CE,Combined TRACON& Tower with Radar,251,153,24,0,428,0,2,2,0,4,251,155,26,0,432,0,0,0,432
10/07/2015,CVG,KY,ASO,CE,Combined TRACON& Tower with Radar,251,162,17,0,430,0,0,6,0,6,251,162,23,0,436,0,0,0,436
10/08/2015,CVG,KY,ASO,CE,Combined TRACON& Tower with Radar,264,159,14,0,437,0,0,5,0,5,264,159,19,0,442,0,0,0,442
10/09/2015,CVG,KY,ASO,CE,Combined TRACON& Tower with Radar,263,150,7,0,420,0,2,1,0,3,263,152,8,0,423,0,0,0,423
10/10/2015,CVG,KY,ASO,CE,Combined TRACON& Tower with Radar,164,69,6,0,239,0,2,4,0,6,164,71,10,0,245,0,0,0,245
10/11/2015,CVG,KY,ASO,CE,Combined TRACON& Tower with Radar,218,125,22,2,367,0,5,10,0,15,218,130,32,2,382,0,0,0,382
10/12/2015,CVG,KY,ASO,CE,Combined TRACON& Tower with Radar,210,145,20,0,375,0,6,2,0,8,210,151,22,0,383,0,0,0,383
10/13/2015,CVG,KY,ASO,CE,Combined TRACON& Tower with Radar,241,159,18,0,418,0,2,6,0,8,241,161,24,0,426,0,0,0,426
10/14/2015,CVG,KY,ASO,CE,Combined TRACON& Tower with Radar,254,168,32,0,454,0,2,9,0,11,254,170,41,0,465,0,0,0,465
10/15/2015,CVG,KY,ASO,CE,Combined TRACON& Tower with Radar,266,155,30,0,451,0,0,10,0,10,266,155,40,0,461,0,0,0,461
10/16/2015,CVG,KY,ASO,CE,Combined TRACON& Tower with Radar,274,162,14,0,450,0,0,3,0,3,274,162,17,0,453,0,0,0,453
10/17/2015,CVG,KY,ASO,CE,Combined TRACON& Tower with Radar,159,62,7,0,228,0,0,7,0,7,159,62,14,0,235,0,0,0,235
10/18/2015,CVG,KY,ASO,CE,Combined TRACON& Tower with Radar,214,121,12,0,347,0,0,7,0,7,214,121,19,0,354,0,0,0,354
10/19/2015,CVG,KY,ASO,CE,Combined TRACON& Tower with Radar,199,148,18,0,365,0,2,4,0,6,199,150,22,0,371,0,0,0,371
10/20/2015,CVG,KY,ASO,CE,Combined TRACON& Tower with Radar,256,152,9,0,417,0,0,8,0,8,256,152,17,0,425,0,0,0,425
10/21/2015,CVG,KY,ASO,CE,Combined TRACON& Tower with Radar,242,152,15,0,409,0,0,2,2,4,242,152,17,2,413,0,0,0,413
10/22/2015,CVG,KY,ASO,CE,Combined TRACON& Tower with Radar,273,150,23,0,446,0,0,5,0,5,273,150,28,0,451,0,0,0,451
10/23/2015,CVG,KY,ASO,CE,Combined TRACON& Tower with Radar,269,156,24,0,449,0,0,8,4,12,269,156,32,4,461,0,0,0,461
10/24/2015,CVG,KY,ASO,CE,Combined TRACON& Tower with Radar,155,61,8,3,227,0,0,0,1,1,155,61,8,4,228,0,0,0,228
10/25/2015,CVG,KY,ASO,CE,Combined TRACON& Tower with Radar,204,121,6,0,331,0,1,3,0,4,204,122,9,0,335,0,0,0,335
10/26/2015,CVG,KY,ASO,CE,Combined TRACON& Tower with Radar,201,145,24,0,370,0,0,10,0,10,201,145,34,0,380,0,0,0,380
10/27/2015,CVG,KY,ASO,CE,Combined TRACON& Tower with Radar,230,130,20,0,380,0,0,0,0,0,230,130,20,0,380,0,0,0,380
10/28/2015,CVG,KY,ASO,CE,Combined TRACON& Tower with Radar,236,123,15,0,374,0,0,0,0,0,236,123,15,0,374,0,0,0,374
10/29/2015,CVG,KY,ASO,CE,Combined TRACON& Tower with Radar,260,152,15,0,427,0,1,3,0,4,260,153,18,0,431,0,0,0,431
10/30/2015,CVG,KY,ASO,CE,Combined TRACON& Tower with Radar,250,125,13,0,388,0,0,5,0,5,250,125,18,0,393,0,0,0,393
10/31/2015,CVG,KY,ASO,CE,Combined TRACON& Tower with Radar,155,60,8,0,223,0,4,6,0,10,155,64,14,0,233,0,0,0,233
11/01/2015,CVG,KY,ASO,CE,Combined TRACON& Tower with Radar,205,122,6,0,333,0,2,0,0,2,205,124,6,0,335,0,0,0,335
11/02/2015,CVG,KY,ASO,CE,Combined TRACON& Tower with Radar,205,145,22,2,374,0,0,5,0,5,205,145,27,2,379,0,0,0,379
11/03/2015,CVG,KY,ASO,CE,Combined TRACON& Tower with Radar,233,148,23,0,404,0,4,13,0,17,233,152,36,0,421,0,0,0,421
11/04/2015,CVG,KY,ASO,CE,Combined TRACON& Tower with Radar,252,151,18,0,421,0,0,11,0,11,252,151,29,0,432,0,0,0,432
11/05/2015,CVG,KY,ASO,CE,Combined TRACON& Tower with Radar,266,154,26,0,446,0,0,2,0,2,266,154,28,0,448,0,0,0,448
11/06/2015,CVG,KY,ASO,CE,Combined TRACON& Tower with Radar,268,156,11,0,435,0,0,4,0,4,268,156,15,0,439,0,0,0,439
11/07/2015,CVG,KY,ASO,CE,Combined TRACON& Tower with Radar,164,61,6,0,231,0,0,7,0,7,164,61,13,0,238,0,0,0,238
11/08/2015,CVG,KY,ASO,CE,Combined TRACON& Tower with Radar,208,118,11,1,338,0,2,6,1,9,208,120,17,2,347,0,0,0,347
11/09/2015,CVG,KY,ASO,CE,Combined TRACON& Tower with Radar,199,138,11,0,348,0,2,6,0,8,199,140,17,0,356,0,0,0,356
11/10/2015,CVG,KY,ASO,CE,Combined TRACON& Tower with Radar,251,145,23,0,419,0,0,1,0,1,251,145,24,0,420,0,0,0,420
11/11/2015,CVG,KY,ASO,CE,Combined TRACON& Tower with Radar,256,160,20,0,436,0,1,5,2,8,256,161,25,2,444,0,0,0,444
11/12/2015,CVG,KY,ASO,CE,Combined TRACON& Tower with Radar,277,147,12,0,436,0,1,1,0,2,277,148,13,0,438,0,0,0,438
11/13/2015,CVG,KY,ASO,CE,Combined TRACON& Tower with Radar,266,149,12,0,427,0,0,0,0,0,266,149,12,0,427,0,0,0,427
11/14/2015,CVG,KY,ASO,CE,Combined TRACON& Tower with Radar,161,65,6,0,232,0,7,13,0,20,161,72,19,0,252,0,0,0,252
11/15/2015,CVG,KY,ASO,CE,Combined TRACON& Tower with Radar,216,120,3,0,339,0,0,7,0,7,216,120,10,0,346,0,0,0,346
11/16/2015,CVG,KY,ASO,CE,Combined TRACON& Tower with Radar,200,149,12,0,361,0,0,1,0,1,200,149,13,0,362,0,0,0,362
11/17/2015,CVG,KY,ASO,CE,Combined TRACON& Tower with Radar,243,148,7,0,398,0,0,3,0,3,243,148,10,0,401,0,0,0,401
11/18/2015,CVG,KY,ASO,CE,Combined TRACON& Tower with Radar,249,142,18,0,409,0,0,0,0,0,249,142,18,0,409,0,0,0,409
11/19/2015,CVG,KY,ASO,CE,Combined TRACON& Tower with Radar,273,152,24,0,449,0,0,7,0,7,273,152,31,0,456,0,0,0,456
11/20/2015,CVG,KY,ASO,CE,Combined TRACON& Tower with Radar,266,141,10,0,417,0,0,5,0,5,266,141,15,0,422,0,0,0,422
11/21/2015,CVG,KY,ASO,CE,Combined TRACON& Tower with Radar,168,57,7,0,232,0,0,4,0,4,168,57,11,0,236,0,0,0,236
11/22/2015,CVG,KY,ASO,CE,Combined TRACON& Tower with Radar,172,88,10,0,270,0,1,2,0,3,172,89,12,0,273,0,0,0,273
11/23/2015,CVG,KY,ASO,CE,Combined TRACON& Tower with Radar,130,92,26,0,248,0,1,6,0,7,130,93,32,0,255,0,0,0,255
11/24/2015,CVG,KY,ASO,CE,Combined TRACON& Tower with Radar,253,133,12,0,398,0,0,7,0,7,253,133,19,0,405,0,0,0,405
11/25/2015,CVG,KY,ASO,CE,Combined TRACON& Tower with Radar,268,158,15,0,441,0,0,11,0,11,268,158,26,0,452,0,0,0,452
11/26/2015,CVG,KY,ASO,CE,Combined TRACON& Tower with Radar,167,53,4,0,224,0,0,3,0,3,167,53,7,0,227,0,0,0,227
11/27/2015,CVG,KY,ASO,CE,Combined TRACON& Tower with Radar,146,74,4,0,224,0,0,1,0,1,146,74,5,0,225,0,0,0,225
11/28/2015,CVG,KY,ASO,CE,Combined TRACON& Tower with Radar,238,124,6,0,368,0,0,0,0,0,238,124,6,0,368,0,0,0,368
11/29/2015,CVG,KY,ASO,CE,Combined TRACON& Tower with Radar,243,158,7,0,408,0,0,0,0,0,243,158,7,0,408,0,0,0,408
11/30/2015,CVG,KY,ASO,CE,Combined TRACON& Tower with Radar,198,150,23,0,371,0,0,4,0,4,198,150,27,0,375,0,0,0,375
12/01/2015,CVG,KY,ASO,CE,Combined TRACON& Tower with Radar,255,149,12,0,416,0,0,0,0,0,255,149,12,0,416,0,0,0,416
12/02/2015,CVG,KY,ASO,CE,Combined TRACON& Tower with Radar,253,143,28,0,424,0,2,1,0,3,253,145,29,0,427,0,0,0,427
12/03/2015,CVG,KY,ASO,CE,Combined TRACON& Tower with Radar,272,147,15,0,434,0,2,4,0,6,272,149,19,0,440,0,0,0,440
12/04/2015,CVG,KY,ASO,CE,Combined TRACON& Tower with Radar,264,139,14,0,417,0,0,0,0,0,264,139,14,0,417,0,0,0,417
12/05/2015,CVG,KY,ASO,CE,Combined TRACON& Tower with Radar,177,52,5,0,234,0,0,4,0,4,177,52,9,0,238,0,0,0,238
12/06/2015,CVG,KY,ASO,CE,Combined TRACON& Tower with Radar,213,107,9,0,329,0,1,3,0,4,213,108,12,0,333,0,0,0,333
12/07/2015,CVG,KY,ASO,CE,Combined TRACON& Tower with Radar,203,124,13,0,340,0,0,0,0,0,203,124,13,0,340,0,0,0,340
12/08/2015,CVG,KY,ASO,CE,Combined TRACON& Tower with Radar,263,139,10,0,412,0,2,10,0,12,263,141,20,0,424,0,0,0,424
12/09/2015,CVG,KY,ASO,CE,Combined TRACON& Tower with Radar,254,140,13,0,407,0,0,0,0,0,254,140,13,0,407,0,0,0,407
12/10/2015,CVG,KY,ASO,CE,Combined TRACON& Tower with Radar,293,131,41,0,465,0,0,4,1,5,293,131,45,1,470,0,0,0,470
12/11/2015,CVG,KY,ASO,CE,Combined TRACON& Tower with Radar,286,137,15,0,438,0,0,0,0,0,286,137,15,0,438,0,0,0,438
12/12/2015,CVG,KY,ASO,CE,Combined TRACON& Tower with Radar,175,53,8,0,236,0,0,4,0,4,175,53,12,0,240,0,0,0,240
12/13/2015,CVG,KY,ASO,CE,Combined TRACON& Tower with Radar,214,111,6,0,331,0,0,5,0,5,214,111,11,0,336,0,0,0,336
12/14/2015,CVG,KY,ASO,CE,Combined TRACON& Tower with Radar,203,120,18,0,341,0,2,0,0,2,203,122,18,0,343,0,0,0,343
12/15/2015,CVG,KY,ASO,CE,Combined TRACON& Tower with Radar,256,155,15,0,426,0,2,9,0,11,256,157,24,0,437,0,0,0,437
12/16/2015,CVG,KY,ASO,CE,Combined TRACON& Tower with Radar,269,143,17,2,431,0,2,4,0,6,269,145,21,2,437,0,0,0,437
12/17/2015,CVG,KY,ASO,CE,Combined TRACON& Tower with Radar,269,133,18,0,420,0,0,1,1,2,269,133,19,1,422,0,0,0,422
12/18/2015,CVG,KY,ASO,CE,Combined TRACON& Tower with Radar,262,136,9,0,407,0,0,0,0,0,262,136,9,0,407,0,0,0,407
12/19/2015,CVG,KY,ASO,CE,Combined TRACON& Tower with Radar,209,103,3,0,315,0,0,2,0,2,209,103,5,0,317,0,0,0,317
12/20/2015,CVG,KY,ASO,CE,Combined TRACON& Tower with Radar,203,113,7,0,323,0,1,2,0,3,203,114,9,0,326,0,0,0,326
12/21/2015,CVG,KY,ASO,CE,Combined TRACON& Tower with Radar,156,108,9,0,273,0,0,2,0,2,156,108,11,0,275,0,0,0,275
12/22/2015,CVG,KY,ASO,CE,Combined TRACON& Tower with Radar,221,124,15,0,360,0,0,6,0,6,221,124,21,0,366,0,0,0,366
12/23/2015,CVG,KY,ASO,CE,Combined TRACON& Tower with Radar,213,100,4,0,317,0,0,0,0,0,213,100,4,0,317,0,0,0,317
12/24/2015,CVG,KY,ASO,CE,Combined TRACON& Tower with Radar,203,78,2,0,283,0,1,4,0,5,203,79,6,0,288,0,0,0,288
12/25/2015,CVG,KY,ASO,CE,Combined TRACON& Tower with Radar,100,51,0,0,151,0,0,4,0,4,100,51,4,0,155,0,0,0,155
12/26/2015,CVG,KY,ASO,CE,Combined TRACON& Tower with Radar,196,91,7,0,294,0,0,0,0,0,196,91,7,0,294,0,0,0,294
12/27/2015,CVG,KY,ASO,CE,Combined TRACON& Tower with Radar,194,99,10,0,303,0,0,0,0,0,194,99,10,0,303,0,0,0,303
12/28/2015,CVG,KY,ASO,CE,Combined TRACON& Tower with Radar,141,78,8,0,227,0,0,0,0,0,141,78,8,0,227,0,0,0,227
12/29/2015,CVG,KY,ASO,CE,Combined TRACON& Tower with Radar,199,110,13,0,322,0,0,13,0,13,199,110,26,0,335,0,0,0,335
12/30/2015,CVG,KY,ASO,CE,Combined TRACON& Tower with Radar,207,106,10,0,323,0,0,1,0,1,207,106,11,0,324,0,0,0,324
12/31/2015,CVG,KY,ASO,CE,Combined TRACON& Tower with Radar,195,71,6,0,272,0,2,0,0,2,195,73,6,0,274,0,0,0,274
01/01/2016,CVG,KY,ASO,CE,Combined TRACON& Tower with Radar,115,66,2,0,183,0,0,7,0,7,115,66,9,0,190,0,0,0,190
01/02/2016,CVG,KY,ASO,CE,Combined TRACON& Tower with Radar,196,103,2,0,301,0,3,7,0,10,196,106,9,0,311,0,0,0,311
01/03/2016,CVG,KY,ASO,CE,Combined TRACON& Tower with Radar,209,105,15,0,329,0,2,5,3,10,209,107,20,3,339,0,0,0,339
01/04/2016,CVG,KY,ASO,CE,Combined TRACON& Tower with Radar,148,106,7,0,261,0,2,4,0,6,148,108,11,0,267,0,0,0,267
01/05/2016,CVG,KY,ASO,CE,Combined TRACON& Tower with Radar,222,107,17,0,346,0,1,7,0,8,222,108,24,0,354,0,0,0,354
01/06/2016,CVG,KY,ASO,CE,Combined TRACON& Tower with Radar,232,114,6,0,352,0,0,2,0,2,232,114,8,0,354,0,0,0,354
01/07/2016,CVG,KY,ASO,CE,Combined TRACON& Tower with Radar,246,122,17,0,385,0,1,3,1,5,246,123,20,1,390,0,0,0,390
01/08/2016,CVG,KY,ASO,CE,Combined TRACON& Tower with Radar,250,117,2,0,369,0,0,0,0,0,250,117,2,0,369,0,0,0,369
01/09/2016,CVG,KY,ASO,CE,Combined TRACON& Tower with Radar,147,64,15,0,226,0,0,1,0,1,147,64,16,0,227,0,0,0,227
01/10/2016,CVG,KY,ASO,CE,Combined TRACON& Tower with Radar,201,100,12,0,313,0,0,0,0,0,201,100,12,0,313,0,0,0,313
01/11/2016,CVG,KY,ASO,CE,Combined TRACON& Tower with Radar,197,130,7,0,334,0,3,6,1,10,197,133,13,1,344,0,0,0,344
01/12/2016,CVG,KY,ASO,CE,Combined TRACON& Tower with Radar,236,137,8,0,381,0,0,0,0,0,236,137,8,0,381,0,0,0,381
01/13/2016,CVG,KY,ASO,CE,Combined TRACON& Tower with Radar,234,133,9,2,378,0,1,7,0,8,234,134,16,2,386,0,0,0,386
01/14/2016,CVG,KY,ASO,CE,Combined TRACON& Tower with Radar,261,134,12,0,407,0,0,2,0,2,261,134,14,0,409,0,0,0,409
01/15/2016,CVG,KY,ASO,CE,Combined TRACON& Tower with Radar,259,129,9,0,397,0,0,1,1,2,259,129,10,1,399,0,0,0,399
01/16/2016,CVG,KY,ASO,CE,Combined TRACON& Tower with Radar,154,60,8,0,222,0,0,0,0,0,154,60,8,0,222,0,0,0,222
01/17/2016,CVG,KY,ASO,CE,Combined TRACON& Tower with Radar,163,72,6,0,241,0,0,3,0,3,163,72,9,0,244,0,0,0,244
01/18/2016,CVG,KY,ASO,CE,Combined TRACON& Tower with Radar,182,127,6,0,315,0,0,3,2,5,182,127,9,2,320,0,0,0,320
01/19/2016,CVG,KY,ASO,CE,Combined TRACON& Tower with Radar,229,139,14,0,382,0,0,2,2,4,229,139,16,2,386,0,0,0,386
01/20/2016,CVG,KY,ASO,CE,Combined TRACON& Tower with Radar,239,143,15,0,397,0,0,0,0,0,239,143,15,0,397,0,0,0,397
01/21/2016,CVG,KY,ASO,CE,Combined TRACON& Tower with Radar,260,136,10,0,406,0,0,3,0,3,260,136,13,0,409,0,0,0,409
01/22/2016,CVG,KY,ASO,CE,Combined TRACON& Tower with Radar,234,110,6,0,350,0,1,1,0,2,234,111,7,0,352,0,0,0,352
01/23/2016,CVG,KY,ASO,CE,Combined TRACON& Tower with Radar,133,51,9,0,193,0,0,1,0,1,133,51,10,0,194,0,0,0,194
01/24/2016,CVG,KY,ASO,CE,Combined TRACON& Tower with Radar,169,80,10,0,259,0,0,11,0,11,169,80,21,0,270,0,0,0,270
01/25/2016,CVG,KY,ASO,CE,Combined TRACON& Tower with Radar,181,108,7,0,296,0,3,1,0,4,181,111,8,0,300,0,0,0,300
01/26/2016,CVG,KY,ASO,CE,Combined TRACON& Tower with Radar,232,145,11,0,388,0,0,0,0,0,232,145,11,0,388,0,0,0,388
01/27/2016,CVG,KY,ASO,CE,Combined TRACON& Tower with Radar,240,154,14,0,408,0,2,7,0,9,240,156,21,0,417,0,0,0,417
01/28/2016,CVG,KY,ASO,CE,Combined TRACON& Tower with Radar,262,150,15,4,431,0,0,0,4,4,262,150,15,8,435,0,0,0,435
01/29/2016,CVG,KY,ASO,CE,Combined TRACON& Tower with Radar,265,144,21,0,430,0,0,8,0,8,265,144,29,0,438,0,0,0,438
01/30/2016,CVG,KY,ASO,CE,Combined TRACON& Tower with Radar,150,55,12,0,217,0,0,2,0,2,150,55,14,0,219,0,0,0,219
01/31/2016,CVG,KY,ASO,CE,Combined TRACON& Tower with Radar,196,110,9,0,315,0,0,2,0,2,196,110,11,0,317,0,0,0,317
02/01/2016,CVG,KY,ASO,CE,Combined TRACON& Tower with Radar,186,140,4,0,330,0,0,1,0,1,186,140,5,0,331,0,0,0,331
02/02/2016,CVG,KY,ASO,CE,Combined TRACON& Tower with Radar,225,131,15,0,371,0,2,1,0,3,225,133,16,0,374,0,0,0,374
02/03/2016,CVG,KY,ASO,CE,Combined TRACON& Tower with Radar,240,145,19,0,404,0,0,11,0,11,240,145,30,0,415,0,0,0,415
02/04/2016,CVG,KY,ASO,CE,Combined TRACON& Tower with Radar,256,155,9,0,420,0,0,2,0,2,256,155,11,0,422,0,0,0,422
02/05/2016,CVG,KY,ASO,CE,Combined TRACON& Tower with Radar,250,143,9,0,402,0,0,4,2,6,250,143,13,2,408,0,0,0,408
02/06/2016,CVG,KY,ASO,CE,Combined TRACON& Tower with Radar,149,63,7,2,221,0,0,6,0,6,149,63,13,2,227,0,0,0,227
02/07/2016,CVG,KY,ASO,CE,Combined TRACON& Tower with Radar,159,78,11,0,248,0,0,0,0,0,159,78,11,0,248,0,0,0,248
02/08/2016,CVG,KY,ASO,CE,Combined TRACON& Tower with Radar,173,142,7,0,322,0,0,0,0,0,173,142,7,0,322,0,0,0,322
02/09/2016,CVG,KY,ASO,CE,Combined TRACON& Tower with Radar,228,146,16,0,390,0,0,0,0,0,228,146,16,0,390,0,0,0,390
02/10/2016,CVG,KY,ASO,CE,Combined TRACON& Tower with Radar,230,148,20,2,400,0,0,0,0,0,230,148,20,2,400,0,0,0,400
02/11/2016,CVG,KY,ASO,CE,Combined TRACON& Tower with Radar,260,141,14,0,415,0,0,0,0,0,260,141,14,0,415,0,0,0,415
02/12/2016,CVG,KY,ASO,CE,Combined TRACON& Tower with Radar,267,125,5,0,397,0,0,0,0,0,267,125,5,0,397,0,0,0,397
02/13/2016,CVG,KY,ASO,CE,Combined TRACON& Tower with Radar,146,59,6,0,211,0,0,6,0,6,146,59,12,0,217,0,0,0,217
02/14/2016,CVG,KY,ASO,CE,Combined TRACON& Tower with Radar,162,73,5,0,240,0,0,0,0,0,162,73,5,0,240,0,0,0,240
02/15/2016,CVG,KY,ASO,CE,Combined TRACON& Tower with Radar,167,103,14,0,284,0,0,0,0,0,167,103,14,0,284,0,0,0,284
02/16/2016,CVG,KY,ASO,CE,Combined TRACON& Tower with Radar,261,129,14,0,404,0,0,2,0,2,261,129,16,0,406,0,0,0,406
02/17/2016,CVG,KY,ASO,CE,Combined TRACON& Tower with Radar,272,138,29,0,439,0,0,2,0,2,272,138,31,0,441,0,0,0,441
02/18/2016,CVG,KY,ASO,CE,Combined TRACON& Tower with Radar,274,129,17,0,420,0,0,6,2,8,274,129,23,2,428,0,0,0,428
02/19/2016,CVG,KY,ASO,CE,Combined TRACON& Tower with Radar,278,126,18,0,422,0,0,3,0,3,278,126,21,0,425,0,0,0,425
02/20/2016,CVG,KY,ASO,CE,Combined TRACON& Tower with Radar,156,66,4,0,226,0,0,8,0,8,156,66,12,0,234,0,0,0,234
02/21/2016,CVG,KY,ASO,CE,Combined TRACON& Tower with Radar,210,94,6,0,310,0,2,2,0,4,210,96,8,0,314,0,0,0,314
02/22/2016,CVG,KY,ASO,CE,Combined TRACON& Tower with Radar,204,125,14,0,343,0,0,14,0,14,204,125,28,0,357,0,0,0,357
02/23/2016,CVG,KY,ASO,CE,Combined TRACON& Tower with Radar,255,129,22,0,406,0,0,15,0,15,255,129,37,0,421,0,0,0,421
02/24/2016,CVG,KY,ASO,CE,Combined TRACON& Tower with Radar,252,123,10,0,385,0,0,0,0,0,252,123,10,0,385,0,0,0,385
02/25/2016,CVG,KY,ASO,CE,Combined TRACON& Tower with Radar,279,138,15,0,432,0,0,0,0,0,279,138,15,0,432,0,0,0,432
02/26/2016,CVG,KY,ASO,CE,Combined TRACON& Tower with Radar,272,141,16,0,429,0,0,6,0,6,272,141,22,0,435,0,0,0,435
02/27/2016,CVG,KY,ASO,CE,Combined TRACON& Tower with Radar,164,55,14,0,233,0,0,7,0,7,164,55,21,0,240,0,0,0,240
02/28/2016,CVG,KY,ASO,CE,Combined TRACON& Tower with Radar,218,102,2,0,322,0,0,0,2,2,218,102,2,2,324,0,0,0,324
02/29/2016,CVG,KY,ASO,CE,Combined TRACON& Tower with Radar,197,127,6,0,330,0,0,4,0,4,197,127,10,0,334,0,0,0,334
03/01/2016,CVG,KY,ASO,CE,Combined TRACON& Tower with Radar,253,131,7,1,392,0,0,0,0,0,253,131,7,1,392,0,0,0,392
03/02/2016,CVG,KY,ASO,CE,Combined TRACON& Tower with Radar,255,144,11,0,410,0,0,8,0,8,255,144,19,0,418,0,0,0,418
03/03/2016,CVG,KY,ASO,CE,Combined TRACON& Tower with Radar,264,145,16,1,426,0,0,1,0,1,264,145,17,1,427,0,0,0,427
03/04/2016,CVG,KY,ASO,CE,Combined TRACON& Tower with Radar,260,142,22,0,424,0,0,0,0,0,260,142,22,0,424,0,0,0,424
03/05/2016,CVG,KY,ASO,CE,Combined TRACON& Tower with Radar,163,66,6,0,235,0,0,0,0,0,163,66,6,0,235,0,0,0,235
03/06/2016,CVG,KY,ASO,CE,Combined TRACON& Tower with Radar,223,107,5,0,335,0,0,4,0,4,223,107,9,0,339,0,0,0,339
03/07/2016,CVG,KY,ASO,CE,Combined TRACON& Tower with Radar,204,135,4,0,343,0,0,1,0,1,204,135,5,0,344,0,0,0,344
03/08/2016,CVG,KY,ASO,CE,Combined TRACON& Tower with Radar,252,150,18,0,420,0,0,6,0,6,252,150,24,0,426,0,0,0,426
03/09/2016,CVG,KY,ASO,CE,Combined TRACON& Tower with Radar,261,152,23,0,436,0,0,0,0,0,261,152,23,0,436,0,0,0,436
03/10/2016,CVG,KY,ASO,CE,Combined TRACON& Tower with Radar,276,154,23,0,453,0,0,0,0,0,276,154,23,0,453,0,0,0,453
03/11/2016,CVG,KY,ASO,CE,Combined TRACON& Tower with Radar,261,153,13,0,427,0,0,6,0,6,261,153,19,0,433,0,0,0,433
03/12/2016,CVG,KY,ASO,CE,Combined TRACON& Tower with Radar,166,68,6,0,240,0,0,6,0,6,166,68,12,0,246,0,0,0,246
03/13/2016,CVG,KY,ASO,CE,Combined TRACON& Tower with Radar,217,105,2,0,324,0,0,0,0,0,217,105,2,0,324,0,0,0,324
03/14/2016,CVG,KY,ASO,CE,Combined TRACON& Tower with Radar,189,146,8,0,343,0,0,4,0,4,189,146,12,0,347,0,0,0,347
03/15/2016,CVG,KY,ASO,CE,Combined TRACON& Tower with Radar,258,149,27,0,434,0,0,8,0,8,258,149,35,0,442,0,0,0,442
03/16/2016,CVG,KY,ASO,CE,Combined TRACON& Tower with Radar,265,145,11,0,421,0,0,4,0,4,265,145,15,0,425,0,0,0,425
03/17/2016,CVG,KY,ASO,CE,Combined TRACON& Tower with Radar,270,146,7,0,423,0,0,4,0,4,270,146,11,0,427,0,0,0,427
03/18/2016,CVG,KY,ASO,CE,Combined TRACON& Tower with Radar,259,152,11,0,422,0,0,17,0,17,259,152,28,0,439,0,0,0,439
03/19/2016,CVG,KY,ASO,CE,Combined TRACON& Tower with Radar,171,74,3,0,248,0,0,0,0,0,171,74,3,0,248,0,0,0,248
03/20/2016,CVG,KY,ASO,CE,Combined TRACON& Tower with Radar,219,107,7,1,334,0,0,5,0,5,219,107,12,1,339,0,0,0,339
03/21/2016,CVG,KY,ASO,CE,Combined TRACON& Tower with Radar,205,127,10,0,342,0,0,6,0,6,205,127,16,0,348,0,0,0,348
03/22/2016,CVG,KY,ASO,CE,Combined TRACON& Tower with Radar,256,145,20,1,422,0,1,1,0,2,256,146,21,1,424,0,0,0,424
03/23/2016,CVG,KY,ASO,CE,Combined TRACON& Tower with Radar,259,152,25,0,436,0,0,0,0,0,259,152,25,0,436,0,0,0,436
03/24/2016,CVG,KY,ASO,CE,Combined TRACON& Tower with Radar,266,144,10,0,420,0,0,0,0,0,266,144,10,0,420,0,0,0,420
03/25/2016,CVG,KY,ASO,CE,Combined TRACON& Tower with Radar,271,150,11,0,432,0,0,0,2,2,271,150,11,2,434,0,0,0,434
03/26/2016,CVG,KY,ASO,CE,Combined TRACON& Tower with Radar,161,59,6,0,226,0,0,13,0,13,161,59,19,0,239,0,0,0,239
03/27/2016,CVG,KY,ASO,CE,Combined TRACON& Tower with Radar,224,99,3,0,326,0,1,1,0,2,224,100,4,0,328,0,0,0,328
03/28/2016,CVG,KY,ASO,CE,Combined TRACON& Tower with Radar,197,132,4,0,333,0,0,3,0,3,197,132,7,0,336,0,0,0,336
03/29/2016,CVG,KY,ASO,CE,Combined TRACON& Tower with Radar,252,152,9,0,413,0,0,8,0,8,252,152,17,0,421,0,0,0,421
03/30/2016,CVG,KY,ASO,CE,Combined TRACON& Tower with Radar,254,144,9,0,407,0,0,4,0,4,254,144,13,0,411,0,0,0,411
03/31/2016,CVG,KY,ASO,CE,Combined TRACON& Tower with Radar,278,136,9,0,423,0,0,0,0,0,278,136,9,0,423,0,0,0,423
04/01/2016,CVG,KY,ASO,CE,Combined TRACON& Tower with Radar,259,147,12,0,418,0,0,2,0,2,259,147,14,0,420,0,0,0,420
04/02/2016,CVG,KY,ASO,CE,Combined TRACON& Tower with Radar,172,72,4,0,248,0,0,0,0,0,172,72,4,0,248,0,0,0,248
04/03/2016,CVG,KY,ASO,CE,Combined TRACON& Tower with Radar,222,112,14,1,349,0,2,4,0,6,222,114,18,1,355,0,0,0,355
04/04/2016,CVG,KY,ASO,CE,Combined TRACON& Tower with Radar,187,127,6,0,320,0,0,1,2,3,187,127,7,2,323,0,0,0,323
04/05/2016,CVG,KY,ASO,CE,Combined TRACON& Tower with Radar,259,136,16,1,412,0,1,6,2,9,259,137,22,3,421,0,0,0,421
04/06/2016,CVG,KY,ASO,CE,Combined TRACON& Tower with Radar,262,146,16,0,424,0,0,1,0,1,262,146,17,0,425,0,0,0,425
04/07/2016,CVG,KY,ASO,CE,Combined TRACON& Tower with Radar,281,133,12,0,426,0,2,0,0,2,281,135,12,0,428,0,0,0,428
04/08/2016,CVG,KY,ASO,CE,Combined TRACON& Tower with Radar,277,143,16,0,436,0,0,0,0,0,277,143,16,0,436,0,0,0,436
04/09/2016,CVG,KY,ASO,CE,Combined TRACON& Tower with Radar,165,68,1,0,234,0,2,3,0,5,165,70,4,0,239,0,0,0,239
04/10/2016,CVG,KY,ASO,CE,Combined TRACON& Tower with Radar,227,105,4,0,336,0,0,0,0,0,227,105,4,0,336,0,0,0,336
04/11/2016,CVG,KY,ASO,CE,Combined TRACON& Tower with Radar,199,133,7,0,339,0,0,0,0,0,199,133,7,0,339,0,0,0,339
04/12/2016,CVG,KY,ASO,CE,Combined TRACON& Tower with Radar,257,149,5,2,413,0,1,13,0,14,257,150,18,2,427,0,0,0,427
04/13/2016,CVG,KY,ASO,CE,Combined TRACON& Tower with Radar,262,140,24,0,426,0,0,14,0,14,262,140,38,0,440,0,0,0,440
04/14/2016,CVG,KY,ASO,CE,Combined TRACON& Tower with Radar,278,142,22,0,442,0,0,9,0,9,278,142,31,0,451,0,0,0,451
04/15/2016,CVG,KY,ASO,CE,Combined TRACON& Tower with Radar,283,135,14,0,432,0,0,4,0,4,283,135,18,0,436,0,0,0,436
04/16/2016,CVG,KY,ASO,CE,Combined TRACON& Tower with Radar,176,60,10,0,246,0,2,3,0,5,176,62,13,0,251,0,0,0,251
04/17/2016,CVG,KY,ASO,CE,Combined TRACON& Tower with Radar,228,100,6,0,334,0,1,8,0,9,228,101,14,0,343,0,0,0,343
04/18/2016,CVG,KY,ASO,CE,Combined TRACON& Tower with Radar,205,124,16,0,345,0,2,7,2,11,205,126,23,2,356,0,0,0,356
04/19/2016,CVG,KY,ASO,CE,Combined TRACON& Tower with Radar,274,140,7,0,421,0,0,3,0,3,274,140,10,0,424,0,0,0,424
04/20/2016,CVG,KY,ASO,CE,Combined TRACON& Tower with Radar,270,139,11,0,420,0,0,5,0,5,270,139,16,0,425,0,0,0,425
04/21/2016,CVG,KY,ASO,CE,Combined TRACON& Tower with Radar,285,132,28,0,445,0,0,0,0,0,285,132,28,0,445,0,0,0,445
04/22/2016,CVG,KY,ASO,CE,Combined TRACON& Tower with Radar,276,132,5,0,413,0,1,0,0,1,276,133,5,0,414,0,0,0,414
04/23/2016,CVG,KY,ASO,CE,Combined TRACON& Tower with Radar,172,57,10,0,239,0,2,4,2,8,172,59,14,2,247,0,0,0,247
04/24/2016,CVG,KY,ASO,CE,Combined TRACON& Tower with Radar,231,101,19,0,351,0,1,8,0,9,231,102,27,0,360,0,0,0,360
04/25/2016,CVG,KY,ASO,CE,Combined TRACON& Tower with Radar,216,123,11,0,350,0,4,6,0,10,216,127,17,0,360,0,0,0,360
04/26/2016,CVG,KY,ASO,CE,Combined TRACON& Tower with Radar,270,135,13,0,418,0,2,0,0,2,270,137,13,0,420,0,0,0,420
04/27/2016,CVG,KY,ASO,CE,Combined TRACON& Tower with Radar,271,148,23,0,442,0,0,2,0,2,271,148,25,0,444,0,0,0,444
04/28/2016,CVG,KY,ASO,CE,Combined TRACON& Tower with Radar,286,142,31,0,459,0,0,2,0,2,286,142,33,0,461,0,0,0,461
04/29/2016,CVG,KY,ASO,CE,Combined TRACON& Tower with Radar,285,130,29,1,445,0,0,7,0,7,285,130,36,1,452,0,0,0,452
04/30/2016,CVG,KY,ASO,CE,Combined TRACON& Tower with Radar,171,65,23,0,259,0,0,2,0,2,171,65,25,0,261,0,0,0,261
05/01/2016,CVG,KY,ASO,CE,Combined TRACON& Tower with Radar,223,105,19,1,348,0,2,0,0,2,223,107,19,1,350,0,0,0,350
05/02/2016,CVG,KY,ASO,CE,Combined TRACON& Tower with Radar,209,138,14,0,361,0,0,3,0,3,209,138,17,0,364,0,0,0,364
05/03/2016,CVG,KY,ASO,CE,Combined TRACON& Tower with Radar,263,140,16,0,419,0,0,0,0,0,263,140,16,0,419,0,0,0,419
05/04/2016,CVG,KY,ASO,CE,Combined TRACON& Tower with Radar,267,151,19,0,437,0,0,0,0,0,267,151,19,0,437,0,0,0,437
05/05/2016,CVG,KY,ASO,CE,Combined TRACON& Tower with Radar,276,148,22,0,446,0,0,5,2,7,276,148,27,2,453,0,0,0,453
05/06/2016,CVG,KY,ASO,CE,Combined TRACON& Tower with Radar,274,143,12,0,429,0,2,10,0,12,274,145,22,0,441,0,0,0,441
05/07/2016,CVG,KY,ASO,CE,Combined TRACON& Tower with Radar,168,62,4,0,234,0,0,8,0,8,168,62,12,0,242,0,0,0,242
05/08/2016,CVG,KY,ASO,CE,Combined TRACON& Tower with Radar,210,113,5,0,328,0,0,1,0,1,210,113,6,0,329,0,0,0,329
05/09/2016,CVG,KY,ASO,CE,Combined TRACON& Tower with Radar,206,140,9,0,355,0,2,1,0,3,206,142,10,0,358,0,0,0,358
05/10/2016,CVG,KY,ASO,CE,Combined TRACON& Tower with Radar,271,158,11,0,440,0,0,2,0,2,271,158,13,0,442,0,0,0,442
05/11/2016,CVG,KY,ASO,CE,Combined TRACON& Tower with Radar,270,155,13,0,438,0,0,2,0,2,270,155,15,0,440,0,0,0,440
05/12/2016,CVG,KY,ASO,CE,Combined TRACON& Tower with Radar,270,154,16,0,440,0,0,17,0,17,270,154,33,0,457,0,0,0,457
05/13/2016,CVG,KY,ASO,CE,Combined TRACON& Tower with Radar,278,142,9,0,429,0,3,13,4,20,278,145,22,4,449,0,0,0,449
05/14/2016,CVG,KY,ASO,CE,Combined TRACON& Tower with Radar,172,62,8,0,242,0,0,2,0,2,172,62,10,0,244,0,0,0,244
05/15/2016,CVG,KY,ASO,CE,Combined TRACON& Tower with Radar,214,109,2,0,325,0,1,3,2,6,214,110,5,2,331,0,0,0,331
05/16/2016,CVG,KY,ASO,CE,Combined TRACON& Tower with Radar,204,148,8,0,360,0,0,4,0,4,204,148,12,0,364,0,0,0,364
05/17/2016,CVG,KY,ASO,CE,Combined TRACON& Tower with Radar,269,158,22,0,449,0,0,0,0,0,269,158,22,0,449,0,0,0,449
05/18/2016,CVG,KY,ASO,CE,Combined TRACON& Tower with Radar,267,154,17,1,439,0,0,6,0,6,267,154,23,1,445,0,0,0,445
05/19/2016,CVG,KY,ASO,CE,Combined TRACON& Tower with Radar,271,146,30,1,448,0,0,19,0,19,271,146,49,1,467,0,0,0,467
05/20/2016,CVG,KY,ASO,CE,Combined TRACON& Tower with Radar,282,146,16,0,444,0,0,4,0,4,282,146,20,0,448,0,0,0,448
05/21/2016,CVG,KY,ASO,CE,Combined TRACON& Tower with Radar,177,61,13,0,251,0,0,5,0,5,177,61,18,0,256,0,0,0,256
05/22/2016,CVG,KY,ASO,CE,Combined TRACON& Tower with Radar,217,108,9,0,334,0,0,3,0,3,217,108,12,0,337,0,0,0,337
05/23/2016,CVG,KY,ASO,CE,Combined TRACON& Tower with Radar,207,139,18,0,364,0,0,14,0,14,207,139,32,0,378,0,0,0,378
05/24/2016,CVG,KY,ASO,CE,Combined TRACON& Tower with Radar,256,150,17,0,423,0,0,9,0,9,256,150,26,0,432,0,0,0,432
05/25/2016,CVG,KY,ASO,CE,Combined TRACON& Tower with Radar,268,155,15,0,438,0,2,2,0,4,268,157,17,0,442,0,0,0,442
05/26/2016,CVG,KY,ASO,CE,Combined TRACON& Tower with Radar,269,158,20,0,447,0,0,1,1,2,269,158,21,1,449,0,0,0,449
05/27/2016,CVG,KY,ASO,CE,Combined TRACON& Tower with Radar,282,145,12,1,440,0,4,6,0,10,282,149,18,1,450,0,0,0,450
05/28/2016,CVG,KY,ASO,CE,Combined TRACON& Tower with Radar,185,59,4,0,248,0,0,4,0,4,185,59,8,0,252,0,0,0,252
05/29/2016,CVG,KY,ASO,CE,Combined TRACON& Tower with Radar,171,58,10,1,240,1,0,0,0,1,172,58,10,1,241,0,0,0,241
05/30/2016,CVG,KY,ASO,CE,Combined TRACON& Tower with Radar,213,121,19,0,353,0,0,4,0,4,213,121,23,0,357,0,0,0,357
05/31/2016,CVG,KY,ASO,CE,Combined TRACON& Tower with Radar,235,138,13,0,386,0,0,15,0,15,235,138,28,0,401,0,0,0,401
06/01/2016,CVG,KY,ASO,CE,Combined TRACON& Tower with Radar,267,149,11,0,427,0,2,14,1,17,267,151,25,1,444,0,0,0,444
06/02/2016,CVG,KY,ASO,CE,Combined TRACON& Tower with Radar,267,141,28,0,436,0,0,2,2,4,267,141,30,2,440,0,0,0,440
06/03/2016,CVG,KY,ASO,CE,Combined TRACON& Tower with Radar,282,151,15,0,448,0,1,2,0,3,282,152,17,0,451,0,0,0,451
06/04/2016,CVG,KY,ASO,CE,Combined TRACON& Tower with Radar,181,71,7,0,259,0,0,0,0,0,181,71,7,0,259,0,0,0,259
06/05/2016,CVG,KY,ASO,CE,Combined TRACON& Tower with Radar,200,109,5,0,314,0,0,3,0,3,200,109,8,0,317,0,0,0,317
06/06/2016,CVG,KY,ASO,CE,Combined TRACON& Tower with Radar,206,138,17,1,362,0,0,3,0,3,206,138,20,1,365,0,0,0,365
06/07/2016,CVG,KY,ASO,CE,Combined TRACON& Tower with Radar,263,141,5,1,410,0,0,2,0,2,263,141,7,1,412,0,0,0,412
06/08/2016,CVG,KY,ASO,CE,Combined TRACON& Tower with Radar,271,154,9,0,434,0,0,10,0,10,271,154,19,0,444,0,0,0,444
06/09/2016,CVG,KY,ASO,CE,Combined TRACON& Tower with Radar,281,151,17,1,450,0,0,17,0,17,281,151,34,1,467,0,0,0,467
06/10/2016,CVG,KY,ASO,CE,Combined TRACON& Tower with Radar,283,149,12,1,445,0,3,0,0,3,283,152,12,1,448,0,0,0,448
06/11/2016,CVG,KY,ASO,CE,Combined TRACON& Tower with Radar,190,66,5,0,261,0,1,2,0,3,190,67,7,0,264,0,0,0,264
06/12/2016,CVG,KY,ASO,CE,Combined TRACON& Tower with Radar,219,114,21,0,354,0,0,0,2,2,219,114,21,2,356,0,0,0,356
06/13/2016,CVG,KY,ASO,CE,Combined TRACON& Tower with Radar,207,146,27,12,392,0,1,4,0,5,207,147,31,12,397,0,0,0,397
06/14/2016,CVG,KY,ASO,CE,Combined TRACON& Tower with Radar,268,151,30,0,449,0,3,4,0,7,268,154,34,0,456,0,0,0,456
06/15/2016,CVG,KY,ASO,CE,Combined TRACON& Tower with Radar,281,155,12,0,448,0,0,0,0,0,281,155,12,0,448,0,0,0,448
06/16/2016,CVG,KY,ASO,CE,Combined TRACON& Tower with Radar,265,138,24,0,427,0,0,14,0,14,265,138,38,0,441,0,0,0,441
06/17/2016,CVG,KY,ASO,CE,Combined TRACON& Tower with Radar,285,146,10,0,441,0,0,3,2,5,285,146,13,2,446,0,0,0,446
06/18/2016,CVG,KY,ASO,CE,Combined TRACON& Tower with Radar,192,60,10,0,262,0,1,8,0,9,192,61,18,0,271,0,0,0,271
06/19/2016,CVG,KY,ASO,CE,Combined TRACON& Tower with Radar,216,110,6,0,332,0,1,6,0,7,216,111,12,0,339,0,0,0,339
06/20/2016,CVG,KY,ASO,CE,Combined TRACON& Tower with Radar,206,143,5,0,354,0,1,10,0,11,206,144,15,0,365,0,0,0,365
06/21/2016,CVG,KY,ASO,CE,Combined TRACON& Tower with Radar,250,145,17,1,413,0,0,1,0,1,250,145,18,1,414,0,0,0,414
06/22/2016,CVG,KY,ASO,CE,Combined TRACON& Tower with Radar,278,152,21,0,451,0,2,8,3,13,278,154,29,3,464,0,0,0,464
06/23/2016,CVG,KY,ASO,CE,Combined TRACON& Tower with Radar,276,141,18,0,435,0,0,0,0,0,276,141,18,0,435,0,0,0,435
06/24/2016,CVG,KY,ASO,CE,Combined TRACON& Tower with Radar,299,156,10,0,465,0,0,0,0,0,299,156,10,0,465,0,0,0,465
06/25/2016,CVG,KY,ASO,CE,Combined TRACON& Tower with Radar,195,60,7,0,262,0,2,3,0,5,195,62,10,0,267,0,0,0,267
06/26/2016,CVG,KY,ASO,CE,Combined TRACON& Tower with Radar,221,105,7,0,333,0,2,4,0,6,221,107,11,0,339,0,0,0,339
06/27/2016,CVG,KY,ASO,CE,Combined TRACON& Tower with Radar,208,136,14,0,358,0,2,3,0,5,208,138,17,0,363,0,0,0,363
06/28/2016,CVG,KY,ASO,CE,Combined TRACON& Tower with Radar,262,149,16,2,429,0,0,1,0,1,262,149,17,2,430,0,0,0,430
06/29/2016,CVG,KY,ASO,CE,Combined TRACON& Tower with Radar,281,154,21,0,456,0,0,20,0,20,281,154,41,0,476,0,0,0,476
06/30/2016,CVG,KY,ASO,CE,Combined TRACON& Tower with Radar,271,146,8,0,425,0,1,6,0,7,271,147,14,0,432,0,0,0,432
07/01/2016,CVG,KY,ASO,CE,Combined TRACON& Tower with Radar,279,140,7,0,426,0,0,2,0,2,279,140,9,0,428,0,0,0,428
07/02/2016,CVG,KY,ASO,CE,Combined TRACON& Tower with Radar,183,60,10,0,253,0,2,5,2,9,183,62,15,2,262,0,0,0,262
07/03/2016,CVG,KY,ASO,CE,Combined TRACON& Tower with Radar,169,57,1,0,227,0,0,0,0,0,169,57,1,0,227,0,0,0,227
07/04/2016,CVG,KY,ASO,CE,Combined TRACON& Tower with Radar,147,72,1,0,220,0,0,0,0,0,147,72,1,0,220,0,0,0,220
07/05/2016,CVG,KY,ASO,CE,Combined TRACON& Tower with Radar,239,134,10,0,383,0,0,4,0,4,239,134,14,0,387,0,0,0,387
07/06/2016,CVG,KY,ASO,CE,Combined TRACON& Tower with Radar,278,152,42,0,472,0,1,1,0,2,278,153,43,0,474,0,0,0,474
07/07/2016,CVG,KY,ASO,CE,Combined TRACON& Tower with Radar,287,136,58,0,481,0,0,3,0,3,287,136,61,0,484,0,0,0,484
07/08/2016,CVG,KY,ASO,CE,Combined TRACON& Tower with Radar,289,135,32,0,456,0,0,4,0,4,289,135,36,0,460,0,0,0,460
07/09/2016,CVG,KY,ASO,CE,Combined TRACON& Tower with Radar,189,69,44,0,302,0,2,8,2,12,189,71,52,2,314,0,0,0,314
07/10/2016,CVG,KY,ASO,CE,Combined TRACON& Tower with Radar,224,108,44,0,376,0,0,6,0,6,224,108,50,0,382,0,0,0,382
07/11/2016,CVG,KY,ASO,CE,Combined TRACON& Tower with Radar,206,144,16,4,370,0,2,8,2,12,206,146,24,6,382,0,0,0,382
07/12/2016,CVG,KY,ASO,CE,Combined TRACON& Tower with Radar,278,151,10,4,443,0,0,7,0,7,278,151,17,4,450,0,0,0,450
07/13/2016,CVG,KY,ASO,CE,Combined TRACON& Tower with Radar,269,132,16,1,418,0,0,2,2,4,269,132,18,3,422,0,0,0,422
07/14/2016,CVG,KY,ASO,CE,Combined TRACON& Tower with Radar,285,141,20,0,446,0,2,2,0,4,285,143,22,0,450,0,0,0,450
07/15/2016,CVG,KY,ASO,CE,Combined TRACON& Tower with Radar,287,155,8,0,450,0,0,5,2,7,287,155,13,2,457,0,0,0,457
07/16/2016,CVG,KY,ASO,CE,Combined TRACON& Tower with Radar,186,70,11,2,269,0,1,6,0,7,186,71,17,2,276,0,0,0,276
07/17/2016,CVG,KY,ASO,CE,Combined TRACON& Tower with Radar,228,119,10,0,357,0,0,6,0,6,228,119,16,0,363,0,0,0,363
07/18/2016,CVG,KY,ASO,CE,Combined TRACON& Tower with Radar,202,142,6,0,350,0,2,0,0,2,202,144,6,0,352,0,0,0,352
07/19/2016,CVG,KY,ASO,CE,Combined TRACON& Tower with Radar,265,140,16,0,421,0,2,22,0,24,265,142,38,0,445,0,0,0,445
07/20/2016,CVG,KY,ASO,CE,Combined TRACON& Tower with Radar,277,150,29,0,456,0,0,17,0,17,277,150,46,0,473,0,0,0,473
07/21/2016,CVG,KY,ASO,CE,Combined TRACON& Tower with Radar,265,153,26,0,444,0,2,4,0,6,265,155,30,0,450,0,0,0,450
07/22/2016,CVG,KY,ASO,CE,Combined TRACON& Tower with Radar,288,138,9,0,435,0,1,1,0,2,288,139,10,0,437,0,0,0,437
07/23/2016,CVG,KY,ASO,CE,Combined TRACON& Tower with Radar,193,66,6,0,265,0,0,2,0,2,193,66,8,0,267,0,0,0,267
07/24/2016,CVG,KY,ASO,CE,Combined TRACON& Tower with Radar,213,101,15,0,329,0,3,5,0,8,213,104,20,0,337,0,0,0,337
07/25/2016,CVG,KY,ASO,CE,Combined TRACON& Tower with Radar,192,132,17,0,341,0,0,5,0,5,192,132,22,0,346,0,0,0,346
07/26/2016,CVG,KY,ASO,CE,Combined TRACON& Tower with Radar,260,142,13,0,415,0,0,3,0,3,260,142,16,0,418,0,0,0,418
07/27/2016,CVG,KY,ASO,CE,Combined TRACON& Tower with Radar,265,153,28,0,446,0,0,16,0,16,265,153,44,0,462,0,0,0,462
07/28/2016,CVG,KY,ASO,CE,Combined TRACON& Tower with Radar,264,132,22,0,418,0,0,4,0,4,264,132,26,0,422,0,0,0,422
07/29/2016,CVG,KY,ASO,CE,Combined TRACON& Tower with Radar,275,145,9,0,429,0,0,9,0,9,275,145,18,0,438,0,0,0,438
07/30/2016,CVG,KY,ASO,CE,Combined TRACON& Tower with Radar,180,74,4,0,258,0,0,0,0,0,180,74,4,0,258,0,0,0,258
07/31/2016,CVG,KY,ASO,CE,Combined TRACON& Tower with Radar,208,111,7,0,326,0,1,1,0,2,208,112,8,0,328,0,0,0,328
08/01/2016,CVG,KY,ASO,CE,Combined TRACON& Tower with Radar,205,134,14,0,353,0,0,2,0,2,205,134,16,0,355,0,0,0,355
08/02/2016,CVG,KY,ASO,CE,Combined TRACON& Tower with Radar,260,140,19,0,419,0,0,3,0,3,260,140,22,0,422,0,0,0,422
08/03/2016,CVG,KY,ASO,CE,Combined TRACON& Tower with Radar,278,159,25,0,462,0,2,5,3,10,278,161,30,3,472,0,0,0,472
08/04/2016,CVG,KY,ASO,CE,Combined TRACON& Tower with Radar,280,152,19,2,453,0,5,4,0,9,280,157,23,2,462,0,0,0,462
08/05/2016,CVG,KY,ASO,CE,Combined TRACON& Tower with Radar,287,146,14,0,447,0,0,1,0,1,287,146,15,0,448,0,0,0,448
08/06/2016,CVG,KY,ASO,CE,Combined TRACON& Tower with Radar,184,63,10,0,257,0,0,3,0,3,184,63,13,0,260,0,0,0,260
08/07/2016,CVG,KY,ASO,CE,Combined TRACON& Tower with Radar,223,105,18,1,347,0,1,4,0,5,223,106,22,1,352,0,0,0,352
08/08/2016,CVG,KY,ASO,CE,Combined TRACON& Tower with Radar,190,145,9,1,345,0,2,9,0,11,190,147,18,1,356,0,0,0,356
08/09/2016,CVG,KY,ASO,CE,Combined TRACON& Tower with Radar,267,143,11,0,421,0,0,3,0,3,267,143,14,0,424,0,0,0,424
08/10/2016,CVG,KY,ASO,CE,Combined TRACON& Tower with Radar,260,152,10,0,422,0,1,4,0,5,260,153,14,0,427,0,0,0,427
08/11/2016,CVG,KY,ASO,CE,Combined TRACON& Tower with Radar,268,148,15,0,431,0,4,1,0,5,268,152,16,0,436,0,0,0,436
08/12/2016,CVG,KY,ASO,CE,Combined TRACON& Tower with Radar,268,136,14,1,419,0,0,2,0,2,268,136,16,1,421,0,0,0,421
08/13/2016,CVG,KY,ASO,CE,Combined TRACON& Tower with Radar,188,66,5,1,260,0,0,0,0,0,188,66,5,1,260,0,0,0,260
08/14/2016,CVG,KY,ASO,CE,Combined TRACON& Tower with Radar,219,105,6,0,330,0,0,0,0,0,219,105,6,0,330,0,0,0,330
08/15/2016,CVG,KY,ASO,CE,Combined TRACON& Tower with Radar,202,148,11,0,361,0,1,8,0,9,202,149,19,0,370,0,0,0,370
08/16/2016,CVG,KY,ASO,CE,Combined TRACON& Tower with Radar,270,119,11,2,402,0,0,0,0,0,270,119,11,2,402,0,0,0,402
08/17/2016,CVG,KY,ASO,CE,Combined TRACON& Tower with Radar,267,145,5,0,417,0,0,1,0,1,267,145,6,0,418,0,0,0,418
08/18/2016,CVG,KY,ASO,CE,Combined TRACON& Tower with Radar,281,140,12,1,434,0,0,3,0,3,281,140,15,1,437,0,0,0,437
08/19/2016,CVG,KY,ASO,CE,Combined TRACON& Tower with Radar,284,144,19,3,450,0,2,2,0,4,284,146,21,3,454,0,0,0,454
08/20/2016,CVG,KY,ASO,CE,Combined TRACON& Tower with Radar,160,68,10,0,238,0,0,4,0,4,160,68,14,0,242,0,0,0,242
08/21/2016,CVG,KY,ASO,CE,Combined TRACON& Tower with Radar,208,109,10,1,328,0,0,4,0,4,208,109,14,1,332,0,0,0,332
08/22/2016,CVG,KY,ASO,CE,Combined TRACON& Tower with Radar,223,131,23,0,377,0,0,3,0,3,223,131,26,0,380,0,0,0,380
08/23/2016,CVG,KY,ASO,CE,Combined TRACON& Tower with Radar,261,127,22,0,410,0,1,12,0,13,261,128,34,0,423,0,0,0,423
08/24/2016,CVG,KY,ASO,CE,Combined TRACON& Tower with Radar,265,155,14,0,434,0,0,4,0,4,265,155,18,0,438,0,0,0,438
08/25/2016,CVG,KY,ASO,CE,Combined TRACON& Tower with Radar,285,136,21,0,442,0,0,2,0,2,285,136,23,0,444,0,0,0,444
08/26/2016,CVG,KY,ASO,CE,Combined TRACON& Tower with Radar,287,148,20,0,455,0,0,6,0,6,287,148,26,0,461,0,0,0,461
08/27/2016,CVG,KY,ASO,CE,Combined TRACON& Tower with Radar,157,66,4,0,227,0,0,4,0,4,157,66,8,0,231,0,0,0,231
08/28/2016,CVG,KY,ASO,CE,Combined TRACON& Tower with Radar,211,107,6,0,324,0,0,0,0,0,211,107,6,0,324,0,0,0,324
08/29/2016,CVG,KY,ASO,CE,Combined TRACON& Tower with Radar,231,129,10,2,372,0,0,1,0,1,231,129,11,2,373,0,0,0,373
08/30/2016,CVG,KY,ASO,CE,Combined TRACON& Tower with Radar,267,125,19,0,411,0,0,10,0,10,267,125,29,0,421,0,0,0,421
08/31/2016,CVG,KY,ASO,CE,Combined TRACON& Tower with Radar,272,137,11,2,422,0,0,0,0,0,272,137,11,2,422,0,0,0,422
09/01/2016,CVG,KY,ASO,CE,Combined TRACON& Tower with Radar,276,139,20,0,435,0,2,2,0,4,276,141,22,0,439,0,0,0,439
09/02/2016,CVG,KY,ASO,CE,Combined TRACON& Tower with Radar,292,142,13,0,447,0,0,4,0,4,292,142,17,0,451,0,0,0,451
09/03/2016,CVG,KY,ASO,CE,Combined TRACON& Tower with Radar,148,55,8,0,211,0,0,3,0,3,148,55,11,0,214,0,0,0,214
09/04/2016,CVG,KY,ASO,CE,Combined TRACON& Tower with Radar,157,65,2,0,224,0,0,2,0,2,157,65,4,0,226,0,0,0,226
09/05/2016,CVG,KY,ASO,CE,Combined TRACON& Tower with Radar,164,86,7,0,257,0,0,9,0,9,164,86,16,0,266,0,0,0,266
09/06/2016,CVG,KY,ASO,CE,Combined TRACON& Tower with Radar,217,129,14,0,360,0,0,4,2,6,217,129,18,2,366,0,0,0,366
09/07/2016,CVG,KY,ASO,CE,Combined TRACON& Tower with Radar,270,129,7,4,410,0,0,14,4,18,270,129,21,8,428,0,0,0,428
09/08/2016,CVG,KY,ASO,CE,Combined TRACON& Tower with Radar,267,128,19,0,414,0,0,6,0,6,267,128,25,0,420,0,0,0,420
09/09/2016,CVG,KY,ASO,CE,Combined TRACON& Tower with Radar,281,122,6,0,409,0,0,19,2,21,281,122,25,2,430,0,0,0,430
09/10/2016,CVG,KY,ASO,CE,Combined TRACON& Tower with Radar,150,69,5,0,224,0,6,1,0,7,150,75,6,0,231,0,0,0,231
09/11/2016,CVG,KY,ASO,CE,Combined TRACON& Tower with Radar,222,110,8,0,340,0,0,12,0,12,222,110,20,0,352,0,0,0,352
09/12/2016,CVG,KY,ASO,CE,Combined TRACON& Tower with Radar,217,130,8,0,355,0,0,9,0,9,217,130,17,0,364,0,0,0,364
09/13/2016,CVG,KY,ASO,CE,Combined TRACON& Tower with Radar,266,129,11,0,406,0,4,3,0,7,266,133,14,0,413,0,0,0,413
09/14/2016,CVG,KY,ASO,CE,Combined TRACON& Tower with Radar,270,145,22,0,437,1,0,11,0,12,271,145,33,0,449,0,0,0,449
09/15/2016,CVG,KY,ASO,CE,Combined TRACON& Tower with Radar,301,125,16,0,442,0,6,8,0,14,301,131,24,0,456,0,0,0,456
09/16/2016,CVG,KY,ASO,CE,Combined TRACON& Tower with Radar,315,121,13,0,449,0,4,3,0,7,315,125,16,0,456,0,0,0,456
09/17/2016,CVG,KY,ASO,CE,Combined TRACON& Tower with Radar,163,58,2,0,223,0,0,1,0,1,163,58,3,0,224,0,0,0,224
09/18/2016,CVG,KY,ASO,CE,Combined TRACON& Tower with Radar,232,95,7,0,334,0,2,3,0,5,232,97,10,0,339,0,0,0,339
09/19/2016,CVG,KY,ASO,CE,Combined TRACON& Tower with Radar,243,113,18,0,374,0,0,1,0,1,243,113,19,0,375,0,0,0,375
09/20/2016,CVG,KY,ASO,CE,Combined TRACON& Tower with Radar,280,123,24,0,427,0,1,4,4,9,280,124,28,4,436,0,0,0,436
09/21/2016,CVG,KY,ASO,CE,Combined TRACON& Tower with Radar,280,122,26,0,428,0,0,9,0,9,280,122,35,0,437,0,0,0,437
09/22/2016,CVG,KY,ASO,CE,Combined TRACON& Tower with Radar,303,118,21,0,442,0,1,6,0,7,303,119,27,0,449,0,0,0,449
09/23/2016,CVG,KY,ASO,CE,Combined TRACON& Tower with Radar,314,122,35,0,471,0,0,5,0,5,314,122,40,0,476,0,0,0,476
09/24/2016,CVG,KY,ASO,CE,Combined TRACON& Tower with Radar,172,57,18,0,247,0,1,7,0,8,172,58,25,0,255,0,0,0,255
09/25/2016,CVG,KY,ASO,CE,Combined TRACON& Tower with Radar,240,88,22,0,350,0,1,3,0,4,240,89,25,0,354,0,0,0,354
09/26/2016,CVG,KY,ASO,CE,Combined TRACON& Tower with Radar,240,117,9,1,367,0,1,1,0,2,240,118,10,1,369,0,0,0,369
09/27/2016,CVG,KY,ASO,CE,Combined TRACON& Tower with Radar,286,116,17,0,419,0,4,5,0,9,286,120,22,0,428,0,0,0,428
09/28/2016,CVG,KY,ASO,CE,Combined TRACON& Tower with Radar,289,119,20,0,428,0,0,2,0,2,289,119,22,0,430,0,0,0,430
09/29/2016,CVG,KY,ASO,CE,Combined TRACON& Tower with Radar,298,116,18,0,432,0,2,4,2,8,298,118,22,2,440,0,0,0,440
09/30/2016,CVG,KY,ASO,CE,Combined TRACON& Tower with Radar,310,121,20,0,451,0,0,4,0,4,310,121,24,0,455,0,0,0,455
10/01/2016,CVG,KY,ASO,CE,Combined TRACON& Tower with Radar,175,54,8,0,237,0,0,3,1,4,175,54,11,1,241,0,0,0,241
10/02/2016,CVG,KY,ASO,CE,Combined TRACON& Tower with Radar,234,102,7,0,343,0,0,2,0,2,234,102,9,0,345,0,0,0,345
10/03/2016,CVG,KY,ASO,CE,Combined TRACON& Tower with Radar,236,115,5,0,356,0,0,11,1,12,236,115,16,1,368,0,0,0,368
10/04/2016,CVG,KY,ASO,CE,Combined TRACON& Tower with Radar,285,120,25,0,430,0,0,1,0,1,285,120,26,0,431,0,0,0,431
10/05/2016,CVG,KY,ASO,CE,Combined TRACON& Tower with Radar,295,118,26,0,439,0,0,7,0,7,295,118,33,0,446,0,0,0,446
10/06/2016,CVG,KY,ASO,CE,Combined TRACON& Tower with Radar,299,120,15,0,434,0,1,3,0,4,299,121,18,0,438,0,0,0,438
10/07/2016,CVG,KY,ASO,CE,Combined TRACON& Tower with Radar,295,120,15,0,430,0,0,6,0,6,295,120,21,0,436,0,0,0,436
10/08/2016,CVG,KY,ASO,CE,Combined TRACON& Tower with Radar,179,59,15,0,253,0,0,10,1,11,179,59,25,1,264,0,0,0,264
10/09/2016,CVG,KY,ASO,CE,Combined TRACON& Tower with Radar,235,102,12,0,349,0,2,1,0,3,235,104,13,0,352,0,0,0,352
10/10/2016,CVG,KY,ASO,CE,Combined TRACON& Tower with Radar,240,111,22,0,373,0,0,7,0,7,240,111,29,0,380,0,0,0,380
10/11/2016,CVG,KY,ASO,CE,Combined TRACON& Tower with Radar,288,115,14,0,417,0,1,4,0,5,288,116,18,0,422,0,0,0,422
10/12/2016,CVG,KY,ASO,CE,Combined TRACON& Tower with Radar,293,124,13,0,430,0,2,6,0,8,293,126,19,0,438,0,0,0,438
10/13/2016,CVG,KY,ASO,CE,Combined TRACON& Tower with Radar,307,122,23,0,452,0,0,3,0,3,307,122,26,0,455,0,0,0,455
10/14/2016,CVG,KY,ASO,CE,Combined TRACON& Tower with Radar,308,114,17,0,439,0,0,5,0,5,308,114,22,0,444,0,0,0,444
10/15/2016,CVG,KY,ASO,CE,Combined TRACON& Tower with Radar,177,59,14,0,250,0,0,5,0,5,177,59,19,0,255,0,0,0,255
10/16/2016,CVG,KY,ASO,CE,Combined TRACON& Tower with Radar,236,99,3,0,338,0,2,3,0,5,236,101,6,0,343,0,0,0,343
10/17/2016,CVG,KY,ASO,CE,Combined TRACON& Tower with Radar,237,118,10,0,365,0,1,7,0,8,237,119,17,0,373,0,0,0,373
10/18/2016,CVG,KY,ASO,CE,Combined TRACON& Tower with Radar,286,117,17,0,420,0,4,4,0,8,286,121,21,0,428,0,0,0,428
10/19/2016,CVG,KY,ASO,CE,Combined TRACON& Tower with Radar,291,130,17,0,438,0,0,0,0,0,291,130,17,0,438,0,0,0,438
10/20/2016,CVG,KY,ASO,CE,Combined TRACON& Tower with Radar,310,130,16,0,456,0,0,0,0,0,310,130,16,0,456,0,0,0,456
10/21/2016,CVG,KY,ASO,CE,Combined TRACON& Tower with Radar,308,118,15,0,441,0,0,0,0,0,308,118,15,0,441,0,0,0,441
10/22/2016,CVG,KY,ASO,CE,Combined TRACON& Tower with Radar,180,53,12,0,245,0,0,3,0,3,180,53,15,0,248,0,0,0,248
10/23/2016,CVG,KY,ASO,CE,Combined TRACON& Tower with Radar,242,100,9,0,351,0,0,2,0,2,242,100,11,0,353,0,0,0,353
10/24/2016,CVG,KY,ASO,CE,Combined TRACON& Tower with Radar,229,132,13,0,374,0,0,10,2,12,229,132,23,2,386,0,0,0,386
10/25/2016,CVG,KY,ASO,CE,Combined TRACON& Tower with Radar,270,119,21,0,410,0,0,5,2,7,270,119,26,2,417,0,0,0,417
10/26/2016,CVG,KY,ASO,CE,Combined TRACON& Tower with Radar,284,130,19,0,433,0,2,2,0,4,284,132,21,0,437,0,0,0,437
10/27/2016,CVG,KY,ASO,CE,Combined TRACON& Tower with Radar,295,125,17,0,437,0,2,2,0,4,295,127,19,0,441,0,0,0,441
10/28/2016,CVG,KY,ASO,CE,Combined TRACON& Tower with Radar,315,124,10,0,449,0,3,2,2,7,315,127,12,2,456,0,0,0,456
10/29/2016,CVG,KY,ASO,CE,Combined TRACON& Tower with Radar,173,60,4,0,237,0,0,1,0,1,173,60,5,0,238,0,0,0,238
10/30/2016,CVG,KY,ASO,CE,Combined TRACON& Tower with Radar,224,99,4,0,327,0,2,2,0,4,224,101,6,0,331,0,0,0,331
10/31/2016,CVG,KY,ASO,CE,Combined TRACON& Tower with Radar,212,107,7,0,326,0,1,5,0,6,212,108,12,0,332,0,0,0,332
11/01/2016,CVG,KY,ASO,CE,Combined TRACON& Tower with Radar,270,114,28,0,412,0,0,26,0,26,270,114,54,0,438,0,0,0,438
11/02/2016,CVG,KY,ASO,CE,Combined TRACON& Tower with Radar,273,119,14,0,406,0,0,3,0,3,273,119,17,0,409,0,0,0,409
11/03/2016,CVG,KY,ASO,CE,Combined TRACON& Tower with Radar,296,118,19,0,433,0,2,3,0,5,296,120,22,0,438,0,0,0,438
11/04/2016,CVG,KY,ASO,CE,Combined TRACON& Tower with Radar,301,121,8,0,430,0,2,0,0,2,301,123,8,0,432,0,0,0,432
11/05/2016,CVG,KY,ASO,CE,Combined TRACON& Tower with Radar,181,58,6,0,245,0,0,3,2,5,181,58,9,2,250,0,0,0,250
11/06/2016,CVG,KY,ASO,CE,Combined TRACON& Tower with Radar,234,92,17,0,343,0,3,10,0,13,234,95,27,0,356,0,0,0,356
11/07/2016,CVG,KY,ASO,CE,Combined TRACON& Tower with Radar,214,113,20,0,347,0,1,5,0,6,214,114,25,0,353,0,0,0,353
11/08/2016,CVG,KY,ASO,CE,Combined TRACON& Tower with Radar,222,72,16,0,310,0,0,3,0,3,222,72,19,0,313,0,0,0,313
11/09/2016,CVG,KY,ASO,CE,Combined TRACON& Tower with Radar,280,125,22,0,427,0,0,1,0,1,280,125,23,0,428,0,0,0,428
11/10/2016,CVG,KY,ASO,CE,Combined TRACON& Tower with Radar,299,124,12,0,435,0,1,5,0,6,299,125,17,0,441,0,0,0,441
11/11/2016,CVG,KY,ASO,CE,Combined TRACON& Tower with Radar,306,119,10,0,435,0,0,0,0,0,306,119,10,0,435,0,0,0,435
11/12/2016,CVG,KY,ASO,CE,Combined TRACON& Tower with Radar,166,62,4,0,232,0,2,4,2,8,166,64,8,2,240,0,0,0,240
11/13/2016,CVG,KY,ASO,CE,Combined TRACON& Tower with Radar,231,101,9,0,341,0,2,0,0,2,231,103,9,0,343,0,0,0,343
11/14/2016,CVG,KY,ASO,CE,Combined TRACON& Tower with Radar,233,134,18,0,385,0,0,6,5,11,233,134,24,5,396,0,0,0,396
11/15/2016,CVG,KY,ASO,CE,Combined TRACON& Tower with Radar,287,115,19,0,421,0,0,9,0,9,287,115,28,0,430,0,0,0,430
11/16/2016,CVG,KY,ASO,CE,Combined TRACON& Tower with Radar,299,136,25,0,460,0,2,3,0,5,299,138,28,0,465,0,0,0,465
11/17/2016,CVG,KY,ASO,CE,Combined TRACON& Tower with Radar,304,128,19,1,452,0,1,12,0,13,304,129,31,1,465,0,0,0,465
11/18/2016,CVG,KY,ASO,CE,Combined TRACON& Tower with Radar,318,130,16,0,464,0,0,1,0,1,318,130,17,0,465,0,0,0,465
11/19/2016,CVG,KY,ASO,CE,Combined TRACON& Tower with Radar,173,62,7,0,242,0,0,0,0,0,173,62,7,0,242,0,0,0,242
11/20/2016,CVG,KY,ASO,CE,Combined TRACON& Tower with Radar,207,99,10,0,316,0,0,5,0,5,207,99,15,0,321,0,0,0,321
11/21/2016,CVG,KY,ASO,CE,Combined TRACON& Tower with Radar,191,87,19,0,297,0,2,1,0,3,191,89,20,0,300,0,0,0,300
11/22/2016,CVG,KY,ASO,CE,Combined TRACON& Tower with Radar,242,116,18,0,376,0,0,2,0,2,242,116,20,0,378,0,0,0,378
11/23/2016,CVG,KY,ASO,CE,Combined TRACON& Tower with Radar,259,126,5,0,390,0,0,2,0,2,259,126,7,0,392,0,0,0,392
11/24/2016,CVG,KY,ASO,CE,Combined TRACON& Tower with Radar,201,50,4,0,255,0,0,0,0,0,201,50,4,0,255,0,0,0,255
11/25/2016,CVG,KY,ASO,CE,Combined TRACON& Tower with Radar,192,59,8,0,259,0,0,0,0,0,192,59,8,0,259,0,0,0,259
11/26/2016,CVG,KY,ASO,CE,Combined TRACON& Tower with Radar,317,116,6,0,439,0,2,0,0,2,317,118,6,0,441,0,0,0,441
11/27/2016,CVG,KY,ASO,CE,Combined TRACON& Tower with Radar,294,135,15,0,444,0,0,2,0,2,294,135,17,0,446,0,0,0,446
11/28/2016,CVG,KY,ASO,CE,Combined TRACON& Tower with Radar,237,123,12,0,372,0,0,1,0,1,237,123,13,0,373,0,0,0,373
11/29/2016,CVG,KY,ASO,CE,Combined TRACON& Tower with Radar,272,131,13,0,416,0,0,2,0,2,272,131,15,0,418,0,0,0,418
11/30/2016,CVG,KY,ASO,CE,Combined TRACON& Tower with Radar,282,133,13,0,428,0,2,1,0,3,282,135,14,0,431,0,0,0,431
12/01/2016,CVG,KY,ASO,CE,Combined TRACON& Tower with Radar,310,141,11,2,464,0,0,5,0,5,310,141,16,2,469,0,0,0,469
12/02/2016,CVG,KY,ASO,CE,Combined TRACON& Tower with Radar,309,126,8,0,443,0,4,0,0,4,309,130,8,0,447,0,0,0,447
12/03/2016,CVG,KY,ASO,CE,Combined TRACON& Tower with Radar,172,61,6,0,239,0,0,4,2,6,172,61,10,2,245,0,0,0,245
12/04/2016,CVG,KY,ASO,CE,Combined TRACON& Tower with Radar,228,90,7,0,325,0,0,1,0,1,228,90,8,0,326,0,0,0,326
12/05/2016,CVG,KY,ASO,CE,Combined TRACON& Tower with Radar,226,122,16,0,364,0,0,0,0,0,226,122,16,0,364,0,0,0,364
12/06/2016,CVG,KY,ASO,CE,Combined TRACON& Tower with Radar,266,142,9,0,417,0,0,0,0,0,266,142,9,0,417,0,0,0,417
12/07/2016,CVG,KY,ASO,CE,Combined TRACON& Tower with Radar,281,142,32,0,455,0,2,1,0,3,281,144,33,0,458,0,0,0,458
12/08/2016,CVG,KY,ASO,CE,Combined TRACON& Tower with Radar,306,133,16,0,455,0,2,15,2,19,306,135,31,2,474,0,0,0,474
12/09/2016,CVG,KY,ASO,CE,Combined TRACON& Tower with Radar,306,135,8,0,449,0,0,4,0,4,306,135,12,0,453,0,0,0,453
12/10/2016,CVG,KY,ASO,CE,Combined TRACON& Tower with Radar,183,54,8,0,245,0,0,1,0,1,183,54,9,0,246,0,0,0,246
12/11/2016,CVG,KY,ASO,CE,Combined TRACON& Tower with Radar,223,80,6,0,309,0,3,5,0,8,223,83,11,0,317,0,0,0,317
12/12/2016,CVG,KY,ASO,CE,Combined TRACON& Tower with Radar,234,116,8,0,358,0,0,1,0,1,234,116,9,0,359,0,0,0,359
12/13/2016,CVG,KY,ASO,CE,Combined TRACON& Tower with Radar,270,126,13,0,409,0,0,0,0,0,270,126,13,0,409,0,0,0,409
12/14/2016,CVG,KY,ASO,CE,Combined TRACON& Tower with Radar,277,141,26,0,444,0,2,1,0,3,277,143,27,0,447,0,0,0,447
12/15/2016,CVG,KY,ASO,CE,Combined TRACON& Tower with Radar,301,118,24,2,445,0,0,9,0,9,301,118,33,2,454,0,0,0,454
12/16/2016,CVG,KY,ASO,CE,Combined TRACON& Tower with Radar,286,126,6,0,418,0,1,5,0,6,286,127,11,0,424,0,0,0,424
12/17/2016,CVG,KY,ASO,CE,Combined TRACON& Tower with Radar,211,80,1,0,292,0,0,0,0,0,211,80,1,0,292,0,0,0,292
12/18/2016,CVG,KY,ASO,CE,Combined TRACON& Tower with Radar,206,99,1,0,306,0,0,0,0,0,206,99,1,0,306,0,0,0,306
12/19/2016,CVG,KY,ASO,CE,Combined TRACON& Tower with Radar,187,95,18,0,300,0,2,2,0,4,187,97,20,0,304,0,0,0,304
12/20/2016,CVG,KY,ASO,CE,Combined TRACON& Tower with Radar,238,105,11,0,354,0,0,4,0,4,238,105,15,0,358,0,0,0,358
12/21/2016,CVG,KY,ASO,CE,Combined TRACON& Tower with Radar,261,101,15,0,377,0,4,6,0,10,261,105,21,0,387,0,0,0,387
12/22/2016,CVG,KY,ASO,CE,Combined TRACON& Tower with Radar,277,94,8,0,379,0,0,2,2,4,277,94,10,2,383,0,0,0,383
12/23/2016,CVG,KY,ASO,CE,Combined TRACON& Tower with Radar,280,93,3,0,376,0,0,6,0,6,280,93,9,0,382,0,0,0,382
12/24/2016,CVG,KY,ASO,CE,Combined TRACON& Tower with Radar,201,53,3,0,257,0,2,0,0,2,201,55,3,0,259,0,0,0,259
12/25/2016,CVG,KY,ASO,CE,Combined TRACON& Tower with Radar,125,50,0,0,175,0,0,0,0,0,125,50,0,0,175,0,0,0,175
12/26/2016,CVG,KY,ASO,CE,Combined TRACON& Tower with Radar,184,78,9,0,271,0,0,5,0,5,184,78,14,0,276,0,0,0,276
12/27/2016,CVG,KY,ASO,CE,Combined TRACON& Tower with Radar,255,87,12,0,354,0,0,4,0,4,255,87,16,0,358,0,0,0,358
12/28/2016,CVG,KY,ASO,CE,Combined TRACON& Tower with Radar,261,87,9,0,357,0,0,8,2,10,261,87,17,2,367,0,0,0,367
12/29/2016,CVG,KY,ASO,CE,Combined TRACON& Tower with Radar,258,84,10,0,352,0,0,2,0,2,258,84,12,0,354,0,0,0,354
12/30/2016,CVG,KY,ASO,CE,Combined TRACON& Tower with Radar,259,84,9,0,352,0,0,1,0,1,259,84,10,0,353,0,0,0,353
12/31/2016,CVG,KY,ASO,CE,Combined TRACON& Tower with Radar,201,57,3,0,261,0,2,0,0,2,201,59,3,0,263,0,0,0,263
01/01/2017,CVG,KY,ASO,CE,Combined TRACON& Tower with Radar,136,59,10,0,205,0,0,0,0,0,136,59,10,0,205,0,0,0,205
01/02/2017,CVG,KY,ASO,CE,Combined TRACON& Tower with Radar,178,81,9,0,268,0,0,0,0,0,178,81,9,0,268,0,0,0,268
01/03/2017,CVG,KY,ASO,CE,Combined TRACON& Tower with Radar,228,91,12,0,331,0,0,0,0,0,228,91,12,0,331,0,0,0,331
01/04/2017,CVG,KY,ASO,CE,Combined TRACON& Tower with Radar,248,83,13,2,346,0,2,5,0,7,248,85,18,2,353,0,0,0,353
01/05/2017,CVG,KY,ASO,CE,Combined TRACON& Tower with Radar,251,85,4,0,340,0,0,0,0,0,251,85,4,0,340,0,0,0,340
01/06/2017,CVG,KY,ASO,CE,Combined TRACON& Tower with Radar,260,89,7,0,356,0,0,1,0,1,260,89,8,0,357,0,0,0,357
01/07/2017,CVG,KY,ASO,CE,Combined TRACON& Tower with Radar,144,67,2,0,213,0,0,2,0,2,144,67,4,0,215,0,0,0,215
01/08/2017,CVG,KY,ASO,CE,Combined TRACON& Tower with Radar,206,97,5,0,308,0,2,0,0,2,206,99,5,0,310,0,0,0,310
01/09/2017,CVG,KY,ASO,CE,Combined TRACON& Tower with Radar,228,107,9,0,344,0,0,1,0,1,228,107,10,0,345,0,0,0,345
01/10/2017,CVG,KY,ASO,CE,Combined TRACON& Tower with Radar,272,108,9,0,389,0,0,0,0,0,272,108,9,0,389,0,0,0,389
01/11/2017,CVG,KY,ASO,CE,Combined TRACON& Tower with Radar,276,115,12,0,403,0,0,0,0,0,276,115,12,0,403,0,0,0,403
01/12/2017,CVG,KY,ASO,CE,Combined TRACON& Tower with Radar,297,122,17,0,436,0,1,0,0,1,297,123,17,0,437,0,0,0,437
01/13/2017,CVG,KY,ASO,CE,Combined TRACON& Tower with Radar,284,114,7,0,405,0,0,2,2,4,284,114,9,2,409,0,0,0,409
01/14/2017,CVG,KY,ASO,CE,Combined TRACON& Tower with Radar,155,47,7,0,209,0,0,0,0,0,155,47,7,0,209,0,0,0,209
01/15/2017,CVG,KY,ASO,CE,Combined TRACON& Tower with Radar,192,57,5,0,254,0,0,0,0,0,192,57,5,0,254,0,0,0,254
01/16/2017,CVG,KY,ASO,CE,Combined TRACON& Tower with Radar,216,105,6,0,327,0,0,0,0,0,216,105,6,0,327,0,0,0,327
01/17/2017,CVG,KY,ASO,CE,Combined TRACON& Tower with Radar,263,111,8,0,382,0,0,2,0,2,263,111,10,0,384,0,0,0,384
01/18/2017,CVG,KY,ASO,CE,Combined TRACON& Tower with Radar,272,126,10,0,408,0,0,0,0,0,272,126,10,0,408,0,0,0,408
01/19/2017,CVG,KY,ASO,CE,Combined TRACON& Tower with Radar,295,114,11,2,422,0,0,3,0,3,295,114,14,2,425,0,0,0,425
01/20/2017,CVG,KY,ASO,CE,Combined TRACON& Tower with Radar,293,115,19,0,427,0,0,0,0,0,293,115,19,0,427,0,0,0,427
01/21/2017,CVG,KY,ASO,CE,Combined TRACON& Tower with Radar,166,59,10,0,235,0,1,0,0,1,166,60,10,0,236,0,0,0,236
01/22/2017,CVG,KY,ASO,CE,Combined TRACON& Tower with Radar,223,89,6,0,318,0,0,0,0,0,223,89,6,0,318,0,0,0,318
01/23/2017,CVG,KY,ASO,CE,Combined TRACON& Tower with Radar,223,98,10,0,331,0,0,0,0,0,223,98,10,0,331,0,0,0,331
01/24/2017,CVG,KY,ASO,CE,Combined TRACON& Tower with Radar,270,112,13,0,395,0,0,0,0,0,270,112,13,0,395,0,0,0,395
01/25/2017,CVG,KY,ASO,CE,Combined TRACON& Tower with Radar,269,112,22,2,405,0,0,16,0,16,269,112,38,2,421,0,0,0,421
01/26/2017,CVG,KY,ASO,CE,Combined TRACON& Tower with Radar,297,125,16,0,438,0,0,2,0,2,297,125,18,0,440,0,0,0,440
01/27/2017,CVG,KY,ASO,CE,Combined TRACON& Tower with Radar,290,120,12,0,422,0,0,0,0,0,290,120,12,0,422,0,0,0,422
01/28/2017,CVG,KY,ASO,CE,Combined TRACON& Tower with Radar,156,53,5,0,214,0,0,0,0,0,156,53,5,0,214,0,0,0,214
01/29/2017,CVG,KY,ASO,CE,Combined TRACON& Tower with Radar,220,89,6,2,317,0,0,0,0,0,220,89,6,2,317,0,0,0,317
01/30/2017,CVG,KY,ASO,CE,Combined TRACON& Tower with Radar,224,109,8,0,341,0,6,10,0,16,224,115,18,0,357,0,0,0,357
01/31/2017,CVG,KY,ASO,CE,Combined TRACON& Tower with Radar,259,113,21,0,393,0,0,5,0,5,259,113,26,0,398,0,0,0,398
02/01/2017,CVG,KY,ASO,CE,Combined TRACON& Tower with Radar,274,115,17,2,408,0,0,6,0,6,274,115,23,2,414,0,0,0,414
02/02/2017,CVG,KY,ASO,CE,Combined TRACON& Tower with Radar,297,122,20,0,439,0,0,11,2,13,297,122,31,2,452,0,0,0,452
02/03/2017,CVG,KY,ASO,CE,Combined TRACON& Tower with Radar,285,116,19,0,420,0,0,5,0,5,285,116,24,0,425,0,0,0,425
02/04/2017,CVG,KY,ASO,CE,Combined TRACON& Tower with Radar,160,48,10,0,218,0,0,5,0,5,160,48,15,0,223,0,0,0,223
02/05/2017,CVG,KY,ASO,CE,Combined TRACON& Tower with Radar,175,65,3,0,243,0,0,3,0,3,175,65,6,0,246,0,0,0,246
02/06/2017,CVG,KY,ASO,CE,Combined TRACON& Tower with Radar,223,107,8,0,338,0,0,5,0,5,223,107,13,0,343,0,0,0,343
02/07/2017,CVG,KY,ASO,CE,Combined TRACON& Tower with Radar,267,107,11,0,385,0,0,2,0,2,267,107,13,0,387,0,0,0,387
02/08/2017,CVG,KY,ASO,CE,Combined TRACON& Tower with Radar,259,114,22,0,395,0,0,0,0,0,259,114,22,0,395,0,0,0,395
02/09/2017,CVG,KY,ASO,CE,Combined TRACON& Tower with Radar,276,111,18,0,405,0,0,4,0,4,276,111,22,0,409,0,0,0,409
02/10/2017,CVG,KY,ASO,CE,Combined TRACON& Tower with Radar,274,108,5,0,387,0,0,4,0,4,274,108,9,0,391,0,0,0,391
02/11/2017,CVG,KY,ASO,CE,Combined TRACON& Tower with Radar,162,56,4,0,222,0,0,2,0,2,162,56,6,0,224,0,0,0,224
02/12/2017,CVG,KY,ASO,CE,Combined TRACON& Tower with Radar,222,79,7,0,308,0,0,0,0,0,222,79,7,0,308,0,0,0,308
02/13/2017,CVG,KY,ASO,CE,Combined TRACON& Tower with Radar,201,109,13,0,323,0,2,1,0,3,201,111,14,0,326,0,0,0,326
02/14/2017,CVG,KY,ASO,CE,Combined TRACON& Tower with Radar,268,109,10,1,388,0,3,2,0,5,268,112,12,1,393,0,0,0,393
02/15/2017,CVG,KY,ASO,CE,Combined TRACON& Tower with Radar,279,121,19,1,420,0,1,2,0,3,279,122,21,1,423,0,0,0,423
02/16/2017,CVG,KY,ASO,CE,Combined TRACON& Tower with Radar,306,124,22,0,452,0,0,7,0,7,306,124,29,0,459,0,0,0,459
02/17/2017,CVG,KY,ASO,CE,Combined TRACON& Tower with Radar,296,110,15,0,421,0,0,5,0,5,296,110,20,0,426,0,0,0,426
02/18/2017,CVG,KY,ASO,CE,Combined TRACON& Tower with Radar,159,50,6,0,215,0,4,0,0,4,159,54,6,0,219,0,0,0,219
02/19/2017,CVG,KY,ASO,CE,Combined TRACON& Tower with Radar,199,65,6,0,270,0,0,1,0,1,199,65,7,0,271,0,0,0,271
02/20/2017,CVG,KY,ASO,CE,Combined TRACON& Tower with Radar,224,107,8,0,339,0,0,4,0,4,224,107,12,0,343,0,0,0,343
02/21/2017,CVG,KY,ASO,CE,Combined TRACON& Tower with Radar,288,112,28,0,428,0,0,4,0,4,288,112,32,0,432,0,0,0,432
02/22/2017,CVG,KY,ASO,CE,Combined TRACON& Tower with Radar,283,109,14,0,406,0,0,0,0,0,283,109,14,0,406,0,0,0,406
02/23/2017,CVG,KY,ASO,CE,Combined TRACON& Tower with Radar,302,118,22,0,442,0,1,1,0,2,302,119,23,0,444,0,0,0,444
02/24/2017,CVG,KY,ASO,CE,Combined TRACON& Tower with Radar,295,107,11,2,415,0,0,1,0,1,295,107,12,2,416,0,0,0,416
02/25/2017,CVG,KY,ASO,CE,Combined TRACON& Tower with Radar,165,58,3,0,226,0,0,2,0,2,165,58,5,0,228,0,0,0,228
02/26/2017,CVG,KY,ASO,CE,Combined TRACON& Tower with Radar,242,92,16,0,350,0,0,3,0,3,242,92,19,0,353,0,0,0,353
02/27/2017,CVG,KY,ASO,CE,Combined TRACON& Tower with Radar,225,104,13,0,342,0,2,0,0,2,225,106,13,0,344,0,0,0,344
02/28/2017,CVG,KY,ASO,CE,Combined TRACON& Tower with Radar,284,101,17,0,402,0,0,0,0,0,284,101,17,0,402,0,0,0,402
03/01/2017,CVG,KY,ASO,CE,Combined TRACON& Tower with Radar,282,107,9,1,399,0,2,0,0,2,282,109,9,1,401,0,0,0,401
03/02/2017,CVG,KY,ASO,CE,Combined TRACON& Tower with Radar,302,108,24,2,436,0,0,13,0,13,302,108,37,2,449,0,0,0,449
03/03/2017,CVG,KY,ASO,CE,Combined TRACON& Tower with Radar,294,106,14,1,415,0,0,4,0,4,294,106,18,1,419,0,0,0,419
03/04/2017,CVG,KY,ASO,CE,Combined TRACON& Tower with Radar,168,53,2,0,223,0,0,3,0,3,168,53,5,0,226,0,0,0,226
03/05/2017,CVG,KY,ASO,CE,Combined TRACON& Tower with Radar,245,84,8,0,337,0,2,0,0,2,245,86,8,0,339,0,0,0,339
03/06/2017,CVG,KY,ASO,CE,Combined TRACON& Tower with Radar,227,99,10,0,336,0,0,2,0,2,227,99,12,0,338,0,0,0,338
03/07/2017,CVG,KY,ASO,CE,Combined TRACON& Tower with Radar,296,105,10,0,411,0,2,0,0,2,296,107,10,0,413,0,0,0,413
03/08/2017,CVG,KY,ASO,CE,Combined TRACON& Tower with Radar,302,106,14,0,422,0,0,2,0,2,302,106,16,0,424,0,0,0,424
03/09/2017,CVG,KY,ASO,CE,Combined TRACON& Tower with Radar,295,129,18,0,442,0,0,3,0,3,295,129,21,0,445,0,0,0,445
03/10/2017,CVG,KY,ASO,CE,Combined TRACON& Tower with Radar,297,117,7,0,421,0,0,1,0,1,297,117,8,0,422,0,0,0,422
03/11/2017,CVG,KY,ASO,CE,Combined TRACON& Tower with Radar,190,49,8,0,247,0,1,5,0,6,190,50,13,0,253,0,0,0,253
03/12/2017,CVG,KY,ASO,CE,Combined TRACON& Tower with Radar,246,88,20,0,354,0,0,5,0,5,246,88,25,0,359,0,0,0,359
03/13/2017,CVG,KY,ASO,CE,Combined TRACON& Tower with Radar,226,113,14,0,353,0,0,0,0,0,226,113,14,0,353,0,0,0,353
03/14/2017,CVG,KY,ASO,CE,Combined TRACON& Tower with Radar,240,94,9,0,343,0,1,0,1,2,240,95,9,1,345,0,0,0,345
03/15/2017,CVG,KY,ASO,CE,Combined TRACON& Tower with Radar,276,115,12,2,405,0,0,1,0,1,276,115,13,2,406,0,0,0,406
03/16/2017,CVG,KY,ASO,CE,Combined TRACON& Tower with Radar,297,136,14,0,447,0,0,0,0,0,297,136,14,0,447,0,0,0,447
03/17/2017,CVG,KY,ASO,CE,Combined TRACON& Tower with Radar,297,125,5,0,427,0,0,2,0,2,297,125,7,0,429,0,0,0,429
03/18/2017,CVG,KY,ASO,CE,Combined TRACON& Tower with Radar,191,53,2,0,246,0,1,0,0,1,191,54,2,0,247,0,0,0,247
03/19/2017,CVG,KY,ASO,CE,Combined TRACON& Tower with Radar,245,86,3,0,334,0,1,5,0,6,245,87,8,0,340,0,0,0,340
03/20/2017,CVG,KY,ASO,CE,Combined TRACON& Tower with Radar,235,119,17,0,371,0,0,2,0,2,235,119,19,0,373,0,0,0,373
03/21/2017,CVG,KY,ASO,CE,Combined TRACON& Tower with Radar,278,121,21,0,420,0,3,2,0,5,278,124,23,0,425,0,0,0,425
03/22/2017,CVG,KY,ASO,CE,Combined TRACON& Tower with Radar,284,112,21,0,417,0,0,5,0,5,284,112,26,0,422,0,0,0,422
03/23/2017,CVG,KY,ASO,CE,Combined TRACON& Tower with Radar,310,122,20,0,452,0,0,5,1,6,310,122,25,1,458,0,0,0,458
03/24/2017,CVG,KY,ASO,CE,Combined TRACON& Tower with Radar,293,114,12,3,422,0,0,2,1,3,293,114,14,4,425,0,0,0,425
03/25/2017,CVG,KY,ASO,CE,Combined TRACON& Tower with Radar,199,58,6,0,263,0,0,8,0,8,199,58,14,0,271,0,0,0,271
03/26/2017,CVG,KY,ASO,CE,Combined TRACON& Tower with Radar,246,90,8,0,344,0,1,2,0,3,246,91,10,0,347,0,0,0,347
03/27/2017,CVG,KY,ASO,CE,Combined TRACON& Tower with Radar,229,112,10,0,351,0,2,3,0,5,229,114,13,0,356,0,0,0,356
03/28/2017,CVG,KY,ASO,CE,Combined TRACON& Tower with Radar,284,123,24,0,431,0,0,4,0,4,284,123,28,0,435,0,0,0,435
03/29/2017,CVG,KY,ASO,CE,Combined TRACON& Tower with Radar,291,130,16,0,437,0,0,3,0,3,291,130,19,0,440,0,0,0,440
03/30/2017,CVG,KY,ASO,CE,Combined TRACON& Tower with Radar,302,115,17,0,434,0,0,1,0,1,302,115,18,0,435,0,0,0,435
03/31/2017,CVG,KY,ASO,CE,Combined TRACON& Tower with Radar,294,120,10,0,424,0,0,0,0,0,294,120,10,0,424,0,0,0,424
04/01/2017,CVG,KY,ASO,CE,Combined TRACON& Tower with Radar,200,67,6,0,273,0,0,1,0,1,200,67,7,0,274,0,0,0,274
04/02/2017,CVG,KY,ASO,CE,Combined TRACON& Tower with Radar,243,96,14,1,354,0,0,10,0,10,243,96,24,1,364,0,0,0,364
04/03/2017,CVG,KY,ASO,CE,Combined TRACON& Tower with Radar,225,122,17,1,365,0,2,1,1,4,225,124,18,2,369,0,0,0,369
04/04/2017,CVG,KY,ASO,CE,Combined TRACON& Tower with Radar,288,117,7,1,413,0,2,1,0,3,288,119,8,1,416,0,0,0,416
04/05/2017,CVG,KY,ASO,CE,Combined TRACON& Tower with Radar,272,121,20,0,413,0,0,4,0,4,272,121,24,0,417,0,0,0,417
04/06/2017,CVG,KY,ASO,CE,Combined TRACON& Tower with Radar,274,84,22,0,380,0,0,0,0,0,274,84,22,0,380,0,0,0,380
04/07/2017,CVG,KY,ASO,CE,Combined TRACON& Tower with Radar,294,107,14,0,415,0,0,5,0,5,294,107,19,0,420,0,0,0,420
04/08/2017,CVG,KY,ASO,CE,Combined TRACON& Tower with Radar,174,46,13,0,233,0,4,2,0,6,174,50,15,0,239,0,0,0,239
04/09/2017,CVG,KY,ASO,CE,Combined TRACON& Tower with Radar,243,96,7,0,346,0,0,1,0,1,243,96,8,0,347,0,0,0,347
04/10/2017,CVG,KY,ASO,CE,Combined TRACON& Tower with Radar,229,103,11,0,343,0,2,5,0,7,229,105,16,0,350,0,0,0,350
04/11/2017,CVG,KY,ASO,CE,Combined TRACON& Tower with Radar,291,112,18,0,421,0,0,2,0,2,291,112,20,0,423,0,0,0,423
04/12/2017,CVG,KY,ASO,CE,Combined TRACON& Tower with Radar,286,122,24,0,432,0,2,5,0,7,286,124,29,0,439,0,0,0,439
04/13/2017,CVG,KY,ASO,CE,Combined TRACON& Tower with Radar,301,117,13,0,431,0,0,6,0,6,301,117,19,0,437,0,0,0,437
04/14/2017,CVG,KY,ASO,CE,Combined TRACON& Tower with Radar,305,121,6,0,432,0,0,1,0,1,305,121,7,0,433,0,0,0,433
04/15/2017,CVG,KY,ASO,CE,Combined TRACON& Tower with Radar,176,40,3,0,219,0,0,0,2,2,176,40,3,2,221,0,0,0,221
04/16/2017,CVG,KY,ASO,CE,Combined TRACON& Tower with Radar,211,63,3,0,277,0,1,2,4,7,211,64,5,4,284,0,0,0,284
04/17/2017,CVG,KY,ASO,CE,Combined TRACON& Tower with Radar,222,111,11,0,344,0,1,4,0,5,222,112,15,0,349,0,0,0,349
04/18/2017,CVG,KY,ASO,CE,Combined TRACON& Tower with Radar,289,109,21,0,419,0,0,6,0,6,289,109,27,0,425,0,0,0,425
04/19/2017,CVG,KY,ASO,CE,Combined TRACON& Tower with Radar,285,120,17,0,422,0,0,0,0,0,285,120,17,0,422,0,0,0,422
04/20/2017,CVG,KY,ASO,CE,Combined TRACON& Tower with Radar,298,116,17,0,431,0,0,1,0,1,298,116,18,0,432,0,0,0,432
04/21/2017,CVG,KY,ASO,CE,Combined TRACON& Tower with Radar,311,118,12,0,441,0,0,2,0,2,311,118,14,0,443,0,0,0,443
04/22/2017,CVG,KY,ASO,CE,Combined TRACON& Tower with Radar,200,49,3,1,253,0,0,0,0,0,200,49,3,1,253,0,0,0,253
04/23/2017,CVG,KY,ASO,CE,Combined TRACON& Tower with Radar,224,95,6,1,326,0,1,0,0,1,224,96,6,1,327,0,0,0,327
04/24/2017,CVG,KY,ASO,CE,Combined TRACON& Tower with Radar,257,124,16,0,397,0,0,8,0,8,257,124,24,0,405,0,0,0,405
04/25/2017,CVG,KY,ASO,CE,Combined TRACON& Tower with Radar,292,117,12,0,421,0,0,3,0,3,292,117,15,0,424,0,0,0,424
04/26/2017,CVG,KY,ASO,CE,Combined TRACON& Tower with Radar,288,125,15,0,428,0,6,7,0,13,288,131,22,0,441,0,0,0,441
04/27/2017,CVG,KY,ASO,CE,Combined TRACON& Tower with Radar,300,115,12,0,427,0,0,1,0,1,300,115,13,0,428,0,0,0,428
04/28/2017,CVG,KY,ASO,CE,Combined TRACON& Tower with Radar,307,117,11,0,435,0,2,6,0,8,307,119,17,0,443,0,0,0,443
04/29/2017,CVG,KY,ASO,CE,Combined TRACON& Tower with Radar,207,49,2,0,258,0,0,0,0,0,207,49,2,0,258,0,0,0,258
04/30/2017,CVG,KY,ASO,CE,Combined TRACON& Tower with Radar,227,89,15,0,331,0,0,5,0,5,227,89,20,0,336,0,0,0,336
05/01/2017,CVG,KY,ASO,CE,Combined TRACON& Tower with Radar,298,104,8,0,410,0,1,1,0,2,298,105,9,0,412,0,0,0,412
05/02/2017,CVG,KY,ASO,CE,Combined TRACON& Tower with Radar,324,104,10,0,438,0,0,0,2,2,324,104,10,2,440,0,0,0,440
05/03/2017,CVG,KY,ASO,CE,Combined TRACON& Tower with Radar,325,109,12,0,446,0,1,7,0,8,325,110,19,0,454,0,0,0,454
05/04/2017,CVG,KY,ASO,CE,Combined TRACON& Tower with Radar,348,102,18,0,468,0,0,0,0,0,348,102,18,0,468,0,0,0,468
05/05/2017,CVG,KY,ASO,CE,Combined TRACON& Tower with Radar,344,98,16,0,458,0,0,2,0,2,344,98,18,0,460,0,0,0,460
05/06/2017,CVG,KY,ASO,CE,Combined TRACON& Tower with Radar,233,44,13,0,290,0,2,6,0,8,233,46,19,0,298,0,0,0,298
05/07/2017,CVG,KY,ASO,CE,Combined TRACON& Tower with Radar,273,87,19,0,379,0,0,5,0,5,273,87,24,0,384,0,0,0,384
05/08/2017,CVG,KY,ASO,CE,Combined TRACON& Tower with Radar,319,103,18,0,440,0,0,7,0,7,319,103,25,0,447,0,0,0,447
05/09/2017,CVG,KY,ASO,CE,Combined TRACON& Tower with Radar,321,103,16,0,440,0,0,1,0,1,321,103,17,0,441,0,0,0,441
05/10/2017,CVG,KY,ASO,CE,Combined TRACON& Tower with Radar,343,107,15,0,465,0,0,2,0,2,343,107,17,0,467,0,0,0,467
05/11/2017,CVG,KY,ASO,CE,Combined TRACON& Tower with Radar,347,107,22,0,476,0,0,2,0,2,347,107,24,0,478,0,0,0,478
05/12/2017,CVG,KY,ASO,CE,Combined TRACON& Tower with Radar,360,105,15,0,480,0,1,4,0,5,360,106,19,0,485,0,0,0,485
05/13/2017,CVG,KY,ASO,CE,Combined TRACON& Tower with Radar,236,47,9,0,292,0,0,10,0,10,236,47,19,0,302,0,0,0,302
05/14/2017,CVG,KY,ASO,CE,Combined TRACON& Tower with Radar,232,57,6,0,295,0,0,2,0,2,232,57,8,0,297,0,0,0,297
05/15/2017,CVG,KY,ASO,CE,Combined TRACON& Tower with Radar,313,102,11,0,426,0,2,5,0,7,313,104,16,0,433,0,0,0,433
05/16/2017,CVG,KY,ASO,CE,Combined TRACON& Tower with Radar,332,110,7,0,449,0,2,7,0,9,332,112,14,0,458,0,0,0,458
05/17/2017,CVG,KY,ASO,CE,Combined TRACON& Tower with Radar,339,105,20,0,464,0,2,2,0,4,339,107,22,0,468,0,0,0,468
05/18/2017,CVG,KY,ASO,CE,Combined TRACON& Tower with Radar,353,105,19,0,477,0,0,3,0,3,353,105,22,0,480,0,0,0,480
05/19/2017,CVG,KY,ASO,CE,Combined TRACON& Tower with Radar,357,102,13,0,472,0,0,2,0,2,357,102,15,0,474,0,0,0,474
05/20/2017,CVG,KY,ASO,CE,Combined TRACON& Tower with Radar,246,58,2,0,306,0,0,0,0,0,246,58,2,0,306,0,0,0,306
05/21/2017,CVG,KY,ASO,CE,Combined TRACON& Tower with Radar,283,81,3,0,367,0,1,0,0,1,283,82,3,0,368,0,0,0,368
05/22/2017,CVG,KY,ASO,CE,Combined TRACON& Tower with Radar,317,101,7,0,425,0,0,2,0,2,317,101,9,0,427,0,0,0,427
05/23/2017,CVG,KY,ASO,CE,Combined TRACON& Tower with Radar,337,111,8,0,456,0,0,3,0,3,337,111,11,0,459,0,0,0,459
05/24/2017,CVG,KY,ASO,CE,Combined TRACON& Tower with Radar,343,108,18,0,469,0,0,3,0,3,343,108,21,0,472,0,0,0,472
05/25/2017,CVG,KY,ASO,CE,Combined TRACON& Tower with Radar,358,101,8,0,467,0,0,0,0,0,358,101,8,0,467,0,0,0,467
05/26/2017,CVG,KY,ASO,CE,Combined TRACON& Tower with Radar,367,110,11,0,488,0,2,14,4,20,367,112,25,4,508,0,0,0,508
05/27/2017,CVG,KY,ASO,CE,Combined TRACON& Tower with Radar,253,42,9,0,304,0,1,0,0,1,253,43,9,0,305,0,0,0,305
05/28/2017,CVG,KY,ASO,CE,Combined TRACON& Tower with Radar,219,41,5,0,265,0,0,0,0,0,219,41,5,0,265,0,0,0,265
05/29/2017,CVG,KY,ASO,CE,Combined TRACON& Tower with Radar,295,91,11,0,397,0,0,5,0,5,295,91,16,0,402,0,0,0,402
05/30/2017,CVG,KY,ASO,CE,Combined TRACON& Tower with Radar,307,98,31,0,436,0,0,3,2,5,307,98,34,2,441,0,0,0,441
05/31/2017,CVG,KY,ASO,CE,Combined TRACON& Tower with Radar,343,112,6,0,461,0,0,5,0,5,343,112,11,0,466,0,0,0,466
06/01/2017,CVG,KY,ASO,CE,Combined TRACON& Tower with Radar,355,115,20,0,490,0,2,8,2,12,355,117,28,2,502,0,0,0,502
06/02/2017,CVG,KY,ASO,CE,Combined TRACON& Tower with Radar,354,105,11,0,470,0,0,10,0,10,354,105,21,0,480,0,0,0,480
06/03/2017,CVG,KY,ASO,CE,Combined TRACON& Tower with Radar,245,44,7,0,296,0,0,2,0,2,245,44,9,0,298,0,0,0,298
06/04/2017,CVG,KY,ASO,CE,Combined TRACON& Tower with Radar,287,85,6,0,378,0,1,5,0,6,287,86,11,0,384,0,0,0,384
06/05/2017,CVG,KY,ASO,CE,Combined TRACON& Tower with Radar,334,104,15,0,453,0,2,3,0,5,334,106,18,0,458,0,0,0,458
06/06/2017,CVG,KY,ASO,CE,Combined TRACON& Tower with Radar,348,102,23,2,475,0,1,14,0,15,348,103,37,2,490,0,0,0,490
06/07/2017,CVG,KY,ASO,CE,Combined TRACON& Tower with Radar,366,116,4,3,489,0,3,3,0,6,366,119,7,3,495,0,0,0,495
06/08/2017,CVG,KY,ASO,CE,Combined TRACON& Tower with Radar,374,106,9,0,489,0,2,4,0,6,374,108,13,0,495,0,0,0,495
06/09/2017,CVG,KY,ASO,CE,Combined TRACON& Tower with Radar,382,113,11,0,506,0,4,5,0,9,382,117,16,0,515,0,0,0,515
06/10/2017,CVG,KY,ASO,CE,Combined TRACON& Tower with Radar,266,46,10,0,322,0,0,4,0,4,266,46,14,0,326,0,0,0,326
06/11/2017,CVG,KY,ASO,CE,Combined TRACON& Tower with Radar,283,87,6,0,376,0,1,2,0,3,283,88,8,0,379,0,0,0,379
06/12/2017,CVG,KY,ASO,CE,Combined TRACON& Tower with Radar,353,96,15,0,464,0,0,0,0,0,353,96,15,0,464,0,0,0,464
06/13/2017,CVG,KY,ASO,CE,Combined TRACON& Tower with Radar,363,93,19,0,475,0,2,8,0,10,363,95,27,0,485,0,0,0,485
06/14/2017,CVG,KY,ASO,CE,Combined TRACON& Tower with Radar,383,89,18,0,490,0,0,1,0,1,383,89,19,0,491,0,0,0,491
06/15/2017,CVG,KY,ASO,CE,Combined TRACON& Tower with Radar,381,93,19,0,493,0,0,0,0,0,381,93,19,0,493,0,0,0,493
06/16/2017,CVG,KY,ASO,CE,Combined TRACON& Tower with Radar,399,94,12,0,505,0,2,6,0,8,399,96,18,0,513,0,0,0,513
06/17/2017,CVG,KY,ASO,CE,Combined TRACON& Tower with Radar,268,34,9,0,311,0,0,7,0,7,268,34,16,0,318,0,0,0,318
06/18/2017,CVG,KY,ASO,CE,Combined TRACON& Tower with Radar,299,72,13,0,384,0,0,0,0,0,299,72,13,0,384,0,0,0,384
06/19/2017,CVG,KY,ASO,CE,Combined TRACON& Tower with Radar,335,83,13,0,431,0,0,6,0,6,335,83,19,0,437,0,0,0,437
06/20/2017,CVG,KY,ASO,CE,Combined TRACON& Tower with Radar,378,104,17,0,499,0,0,3,0,3,378,104,20,0,502,0,0,0,502
06/21/2017,CVG,KY,ASO,CE,Combined TRACON& Tower with Radar,386,96,16,0,498,0,2,5,0,7,386,98,21,0,505,0,0,0,505
06/22/2017,CVG,KY,ASO,CE,Combined TRACON& Tower with Radar,386,94,19,0,499,0,0,0,0,0,386,94,19,0,499,0,0,0,499
06/23/2017,CVG,KY,ASO,CE,Combined TRACON& Tower with Radar,388,94,10,2,494,0,0,0,0,0,388,94,10,2,494,0,0,0,494
06/24/2017,CVG,KY,ASO,CE,Combined TRACON& Tower with Radar,296,47,9,0,352,0,1,3,0,4,296,48,12,0,356,0,0,0,356
06/25/2017,CVG,KY,ASO,CE,Combined TRACON& Tower with Radar,308,71,11,2,392,0,2,0,0,2,308,73,11,2,394,0,0,0,394
06/26/2017,CVG,KY,ASO,CE,Combined TRACON& Tower with Radar,353,106,13,0,472,0,0,3,0,3,353,106,16,0,475,0,0,0,475
06/27/2017,CVG,KY,ASO,CE,Combined TRACON& Tower with Radar,373,95,22,0,490,0,1,9,2,12,373,96,31,2,502,0,0,0,502
06/28/2017,CVG,KY,ASO,CE,Combined TRACON& Tower with Radar,380,106,25,0,511,0,0,7,0,7,380,106,32,0,518,0,0,0,518
06/29/2017,CVG,KY,ASO,CE,Combined TRACON& Tower with Radar,395,96,24,2,517,0,6,4,0,10,395,102,28,2,527,0,0,0,527
06/30/2017,CVG,KY,ASO,CE,Combined TRACON& Tower with Radar,394,92,5,0,491,0,0,0,0,0,394,92,5,0,491,0,0,0,491
07/01/2017,CVG,KY,ASO,CE,Combined TRACON& Tower with Radar,286,45,11,0,342,1,0,4,2,7,287,45,15,2,349,0,0,0,349
07/02/2017,CVG,KY,ASO,CE,Combined TRACON& Tower with Radar,273,47,7,0,327,0,0,4,0,4,273,47,11,0,331,0,0,0,331
07/03/2017,CVG,KY,ASO,CE,Combined TRACON& Tower with Radar,265,55,5,0,325,0,0,3,0,3,265,55,8,0,328,0,0,0,328
07/04/2017,CVG,KY,ASO,CE,Combined TRACON& Tower with Radar,299,53,7,0,359,0,2,2,0,4,299,55,9,0,363,0,0,0,363
07/05/2017,CVG,KY,ASO,CE,Combined TRACON& Tower with Radar,344,74,22,0,440,0,0,8,0,8,344,74,30,0,448,0,0,0,448
07/06/2017,CVG,KY,ASO,CE,Combined TRACON& Tower with Radar,360,86,52,0,498,0,0,0,0,0,360,86,52,0,498,0,0,0,498
07/07/2017,CVG,KY,ASO,CE,Combined TRACON& Tower with Radar,371,76,48,0,495,0,0,3,2,5,371,76,51,2,500,0,0,0,500
07/08/2017,CVG,KY,ASO,CE,Combined TRACON& Tower with Radar,287,52,62,0,401,0,0,13,0,13,287,52,75,0,414,0,0,0,414
07/09/2017,CVG,KY,ASO,CE,Combined TRACON& Tower with Radar,314,81,40,0,435,0,0,7,0,7,314,81,47,0,442,0,0,0,442
07/10/2017,CVG,KY,ASO,CE,Combined TRACON& Tower with Radar,341,98,6,0,445,0,0,6,0,6,341,98,12,0,451,0,0,0,451
07/11/2017,CVG,KY,ASO,CE,Combined TRACON& Tower with Radar,379,96,15,0,490,0,2,0,0,2,379,98,15,0,492,0,0,0,492
07/12/2017,CVG,KY,ASO,CE,Combined TRACON& Tower with Radar,371,98,19,0,488,0,1,3,0,4,371,99,22,0,492,0,0,0,492
07/13/2017,CVG,KY,ASO,CE,Combined TRACON& Tower with Radar,388,93,26,0,507,0,2,5,0,7,388,95,31,0,514,0,0,0,514
07/14/2017,CVG,KY,ASO,CE,Combined TRACON& Tower with Radar,376,85,10,1,472,0,0,1,0,1,376,85,11,1,473,0,0,0,473
07/15/2017,CVG,KY,ASO,CE,Combined TRACON& Tower with Radar,254,39,13,1,307,0,0,4,0,4,254,39,17,1,311,0,0,0,311
07/16/2017,CVG,KY,ASO,CE,Combined TRACON& Tower with Radar,318,81,9,0,408,0,0,2,0,2,318,81,11,0,410,0,0,0,410
07/17/2017,CVG,KY,ASO,CE,Combined TRACON& Tower with Radar,331,95,15,0,441,0,1,2,0,3,331,96,17,0,444,0,0,0,444
07/18/2017,CVG,KY,ASO,CE,Combined TRACON& Tower with Radar,376,102,13,0,491,1,0,4,0,5,377,102,17,0,496,0,0,0,496
07/19/2017,CVG,KY,ASO,CE,Combined TRACON& Tower with Radar,386,101,26,0,513,0,0,2,0,2,386,101,28,0,515,0,0,0,515
07/20/2017,CVG,KY,ASO,CE,Combined TRACON& Tower with Radar,390,93,27,0,510,0,0,3,0,3,390,93,30,0,513,0,0,0,513
07/21/2017,CVG,KY,ASO,CE,Combined TRACON& Tower with Radar,410,95,7,0,512,0,0,0,0,0,410,95,7,0,512,0,0,0,512
07/22/2017,CVG,KY,ASO,CE,Combined TRACON& Tower with Radar,251,34,7,0,292,0,4,0,0,4,251,38,7,0,296,0,0,0,296
07/23/2017,CVG,KY,ASO,CE,Combined TRACON& Tower with Radar,310,61,5,0,376,0,0,0,0,0,310,61,5,0,376,0,0,0,376
07/24/2017,CVG,KY,ASO,CE,Combined TRACON& Tower with Radar,344,96,14,0,454,0,2,0,2,4,344,98,14,2,458,0,0,0,458
07/25/2017,CVG,KY,ASO,CE,Combined TRACON& Tower with Radar,383,97,13,0,493,0,1,5,0,6,383,98,18,0,499,0,0,0,499
07/26/2017,CVG,KY,ASO,CE,Combined TRACON& Tower with Radar,392,105,7,0,504,0,0,7,0,7,392,105,14,0,511,0,0,0,511
07/27/2017,CVG,KY,ASO,CE,Combined TRACON& Tower with Radar,373,104,7,0,484,0,0,0,0,0,373,104,7,0,484,0,0,0,484
07/28/2017,CVG,KY,ASO,CE,Combined TRACON& Tower with Radar,391,90,8,0,489,0,0,1,2,3,391,90,9,2,492,0,0,0,492
07/29/2017,CVG,KY,ASO,CE,Combined TRACON& Tower with Radar,275,45,6,0,326,0,0,6,0,6,275,45,12,0,332,0,0,0,332
07/30/2017,CVG,KY,ASO,CE,Combined TRACON& Tower with Radar,303,78,10,0,391,0,0,11,0,11,303,78,21,0,402,0,0,0,402
07/31/2017,CVG,KY,ASO,CE,Combined TRACON& Tower with Radar,355,99,7,0,461,0,2,8,0,10,355,101,15,0,471,0,0,0,471
08/01/2017,CVG,KY,ASO,CE,Combined TRACON& Tower with Radar,375,99,20,0,494,0,0,5,2,7,375,99,25,2,501,0,0,0,501
08/02/2017,CVG,KY,ASO,CE,Combined TRACON& Tower with Radar,367,89,9,0,465,0,0,15,0,15,367,89,24,0,480,0,0,0,480
08/03/2017,CVG,KY,ASO,CE,Combined TRACON& Tower with Radar,382,91,10,0,483,0,2,0,0,2,382,93,10,0,485,0,0,0,485
08/04/2017,CVG,KY,ASO,CE,Combined TRACON& Tower with Radar,378,84,10,0,472,0,0,3,0,3,378,84,13,0,475,0,0,0,475
08/05/2017,CVG,KY,ASO,CE,Combined TRACON& Tower with Radar,287,57,8,0,352,0,0,1,0,1,287,57,9,0,353,0,0,0,353
08/06/2017,CVG,KY,ASO,CE,Combined TRACON& Tower with Radar,304,77,11,0,392,0,2,3,0,5,304,79,14,0,397,0,0,0,397
08/07/2017,CVG,KY,ASO,CE,Combined TRACON& Tower with Radar,352,90,3,0,445,0,0,2,0,2,352,90,5,0,447,0,0,0,447
08/08/2017,CVG,KY,ASO,CE,Combined TRACON& Tower with Radar,377,102,33,0,512,0,0,12,0,12,377,102,45,0,524,0,0,0,524
08/09/2017,CVG,KY,ASO,CE,Combined TRACON& Tower with Radar,393,99,21,0,513,0,0,3,0,3,393,99,24,0,516,0,0,0,516
08/10/2017,CVG,KY,ASO,CE,Combined TRACON& Tower with Radar,384,97,6,0,487,0,1,5,0,6,384,98,11,0,493,0,0,0,493
08/11/2017,CVG,KY,ASO,CE,Combined TRACON& Tower with Radar,385,95,20,0,500,0,0,2,2,4,385,95,22,2,504,0,0,0,504
08/12/2017,CVG,KY,ASO,CE,Combined TRACON& Tower with Radar,318,49,5,0,372,0,0,2,0,2,318,49,7,0,374,0,0,0,374
08/13/2017,CVG,KY,ASO,CE,Combined TRACON& Tower with Radar,349,71,8,1,429,0,1,3,0,4,349,72,11,1,433,0,0,0,433
08/14/2017,CVG,KY,ASO,CE,Combined TRACON& Tower with Radar,371,96,6,0,473,0,0,0,0,0,371,96,6,0,473,0,0,0,473
08/15/2017,CVG,KY,ASO,CE,Combined TRACON& Tower with Radar,391,85,8,0,484,0,0,2,0,2,391,85,10,0,486,0,0,0,486
08/16/2017,CVG,KY,ASO,CE,Combined TRACON& Tower with Radar,394,94,11,0,499,0,2,4,0,6,394,96,15,0,505,0,0,0,505
08/17/2017,CVG,KY,ASO,CE,Combined TRACON& Tower with Radar,399,91,20,0,510,0,0,5,0,5,399,91,25,0,515,0,0,0,515
08/18/2017,CVG,KY,ASO,CE,Combined TRACON& Tower with Radar,369,93,9,0,471,0,0,0,0,0,369,93,9,0,471,0,0,0,471
08/19/2017,CVG,KY,ASO,CE,Combined TRACON& Tower with Radar,230,43,2,0,275,0,0,5,0,5,230,43,7,0,280,0,0,0,280
08/20/2017,CVG,KY,ASO,CE,Combined TRACON& Tower with Radar,303,78,5,0,386,0,2,0,0,2,303,80,5,0,388,0,0,0,388
08/21/2017,CVG,KY,ASO,CE,Combined TRACON& Tower with Radar,336,88,9,0,433,0,1,2,0,3,336,89,11,0,436,0,0,0,436
08/22/2017,CVG,KY,ASO,CE,Combined TRACON& Tower with Radar,347,87,18,0,452,0,0,4,0,4,347,87,22,0,456,0,0,0,456
08/23/2017,CVG,KY,ASO,CE,Combined TRACON& Tower with Radar,369,97,19,0,485,0,0,4,0,4,369,97,23,0,489,0,0,0,489
08/24/2017,CVG,KY,ASO,CE,Combined TRACON& Tower with Radar,382,95,18,0,495,0,0,2,0,2,382,95,20,0,497,0,0,0,497
08/25/2017,CVG,KY,ASO,CE,Combined TRACON& Tower with Radar,384,93,19,1,497,0,0,1,0,1,384,93,20,1,498,0,0,0,498
08/26/2017,CVG,KY,ASO,CE,Combined TRACON& Tower with Radar,249,44,3,0,296,0,0,5,0,5,249,44,8,0,301,0,0,0,301
08/27/2017,CVG,KY,ASO,CE,Combined TRACON& Tower with Radar,278,68,11,0,357,0,0,1,0,1,278,68,12,0,358,0,0,0,358
08/28/2017,CVG,KY,ASO,CE,Combined TRACON& Tower with Radar,327,90,5,1,423,0,2,2,0,4,327,92,7,1,427,0,0,0,427
08/29/2017,CVG,KY,ASO,CE,Combined TRACON& Tower with Radar,362,88,26,0,476,0,2,4,0,6,362,90,30,0,482,0,0,0,482
08/30/2017,CVG,KY,ASO,CE,Combined TRACON& Tower with Radar,354,93,25,0,472,0,2,5,0,7,354,95,30,0,479,0,0,0,479
08/31/2017,CVG,KY,ASO,CE,Combined TRACON& Tower with Radar,370,95,11,0,476,0,0,2,0,2,370,95,13,0,478,0,0,0,478
09/01/2017,CVG,KY,ASO,CE,Combined TRACON& Tower with Radar,386,83,15,0,484,0,0,0,0,0,386,83,15,0,484,0,0,0,484
09/02/2017,CVG,KY,ASO,CE,Combined TRACON& Tower with Radar,212,46,3,0,261,0,0,0,0,0,212,46,3,0,261,0,0,0,261
09/03/2017,CVG,KY,ASO,CE,Combined TRACON& Tower with Radar,221,40,7,0,268,0,0,7,0,7,221,40,14,0,275,0,0,0,275
09/04/2017,CVG,KY,ASO,CE,Combined TRACON& Tower with Radar,326,65,8,0,399,0,0,8,0,8,326,65,16,0,407,0,0,0,407
09/05/2017,CVG,KY,ASO,CE,Combined TRACON& Tower with Radar,360,74,10,2,446,16,2,1,0,19,376,76,11,2,465,0,0,0,465
09/06/2017,CVG,KY,ASO,CE,Combined TRACON& Tower with Radar,388,86,24,2,500,0,0,7,0,7,388,86,31,2,507,0,0,0,507
09/07/2017,CVG,KY,ASO,CE,Combined TRACON& Tower with Radar,359,77,23,0,459,0,2,8,0,10,359,79,31,0,469,0,0,0,469
09/08/2017,CVG,KY,ASO,CE,Combined TRACON& Tower with Radar,379,77,41,2,499,0,0,2,0,2,379,77,43,2,501,0,0,0,501
09/09/2017,CVG,KY,ASO,CE,Combined TRACON& Tower with Radar,213,35,6,0,254,0,0,3,0,3,213,35,9,0,257,0,0,0,257
09/10/2017,CVG,KY,ASO,CE,Combined TRACON& Tower with Radar,268,71,23,0,362,0,0,2,0,2,268,71,25,0,364,0,0,0,364
09/11/2017,CVG,KY,ASO,CE,Combined TRACON& Tower with Radar,316,100,18,0,434,0,0,19,0,19,316,100,37,0,453,0,0,0,453
09/12/2017,CVG,KY,ASO,CE,Combined TRACON& Tower with Radar,374,93,24,0,491,0,0,0,0,0,374,93,24,0,491,0,0,0,491
09/13/2017,CVG,KY,ASO,CE,Combined TRACON& Tower with Radar,367,94,20,0,481,0,0,0,0,0,367,94,20,0,481,0,0,0,481
09/14/2017,CVG,KY,ASO,CE,Combined TRACON& Tower with Radar,384,101,23,0,508,0,0,2,0,2,384,101,25,0,510,0,0,0,510
09/15/2017,CVG,KY,ASO,CE,Combined TRACON& Tower with Radar,395,99,17,0,511,0,0,6,4,10,395,99,23,4,521,0,0,0,521
09/16/2017,CVG,KY,ASO,CE,Combined TRACON& Tower with Radar,260,43,3,0,306,0,0,8,0,8,260,43,11,0,314,0,0,0,314
09/17/2017,CVG,KY,ASO,CE,Combined TRACON& Tower with Radar,298,69,21,0,388,0,0,6,0,6,298,69,27,0,394,0,0,0,394
09/18/2017,CVG,KY,ASO,CE,Combined TRACON& Tower with Radar,340,99,19,6,464,0,11,0,0,11,340,110,19,6,475,0,0,0,475
09/19/2017,CVG,KY,ASO,CE,Combined TRACON& Tower with Radar,361,98,9,0,468,0,0,0,0,0,361,98,9,0,468,0,0,0,468
09/20/2017,CVG,KY,ASO,CE,Combined TRACON& Tower with Radar,364,88,25,0,477,0,0,5,0,5,364,88,30,0,482,0,0,0,482
09/21/2017,CVG,KY,ASO,CE,Combined TRACON& Tower with Radar,391,110,26,0,527,0,0,11,0,11,391,110,37,0,538,0,0,0,538
09/22/2017,CVG,KY,ASO,CE,Combined TRACON& Tower with Radar,394,103,28,0,525,0,2,4,0,6,394,105,32,0,531,0,0,0,531
09/23/2017,CVG,KY,ASO,CE,Combined TRACON& Tower with Radar,264,56,30,0,350,0,0,5,0,5,264,56,35,0,355,0,0,0,355
09/24/2017,CVG,KY,ASO,CE,Combined TRACON& Tower with Radar,300,68,23,0,391,0,0,9,0,9,300,68,32,0,400,0,0,0,400
09/25/2017,CVG,KY,ASO,CE,Combined TRACON& Tower with Radar,386,92,13,0,491,11,0,5,0,16,397,92,18,0,507,0,0,0,507
09/26/2017,CVG,KY,ASO,CE,Combined TRACON& Tower with Radar,368,79,22,0,469,6,0,7,0,13,374,79,29,0,482,0,0,0,482
09/27/2017,CVG,KY,ASO,CE,Combined TRACON& Tower with Radar,376,87,17,0,480,0,0,6,0,6,376,87,23,0,486,0,0,0,486
09/28/2017,CVG,KY,ASO,CE,Combined TRACON& Tower with Radar,391,85,9,0,485,0,0,5,0,5,391,85,14,0,490,0,0,0,490
09/29/2017,CVG,KY,ASO,CE,Combined TRACON& Tower with Radar,398,94,14,0,506,0,0,4,0,4,398,94,18,0,510,0,0,0,510
09/30/2017,CVG,KY,ASO,CE,Combined TRACON& Tower with Radar,263,41,11,0,315,0,1,2,0,3,263,42,13,0,318,0,0,0,318
10/01/2017,CVG,KY,ASO,CE,Combined TRACON& Tower with Radar,289,64,10,0,363,0,1,3,0,4,289,65,13,0,367,0,0,0,367
10/02/2017,CVG,KY,ASO,CE,Combined TRACON& Tower with Radar,349,94,15,0,458,0,5,8,0,13,349,99,23,0,471,0,0,0,471
10/03/2017,CVG,KY,ASO,CE,Combined TRACON& Tower with Radar,367,83,15,0,465,0,2,5,0,7,367,85,20,0,472,0,0,0,472
10/04/2017,CVG,KY,ASO,CE,Combined TRACON& Tower with Radar,372,84,21,0,477,0,2,10,2,14,372,86,31,2,491,0,0,0,491
10/05/2017,CVG,KY,ASO,CE,Combined TRACON& Tower with Radar,384,88,15,0,487,0,0,0,0,0,384,88,15,0,487,0,0,0,487
10/06/2017,CVG,KY,ASO,CE,Combined TRACON& Tower with Radar,384,87,9,0,480,0,0,0,0,0,384,87,9,0,480,0,0,0,480
10/07/2017,CVG,KY,ASO,CE,Combined TRACON& Tower with Radar,248,33,3,0,284,0,2,1,2,5,248,35,4,2,289,0,0,0,289
10/08/2017,CVG,KY,ASO,CE,Combined TRACON& Tower with Radar,290,71,13,0,374,0,1,0,0,1,290,72,13,0,375,0,0,0,375
10/09/2017,CVG,KY,ASO,CE,Combined TRACON& Tower with Radar,326,86,15,0,427,0,0,0,0,0,326,86,15,0,427,0,0,0,427
10/10/2017,CVG,KY,ASO,CE,Combined TRACON& Tower with Radar,361,90,23,0,474,0,2,1,0,3,361,92,24,0,477,0,0,0,477
10/11/2017,CVG,KY,ASO,CE,Combined TRACON& Tower with Radar,366,94,23,0,483,0,2,0,0,2,366,96,23,0,485,0,0,0,485
10/12/2017,CVG,KY,ASO,CE,Combined TRACON& Tower with Radar,384,91,16,0,491,0,1,0,0,1,384,92,16,0,492,0,0,0,492
10/13/2017,CVG,KY,ASO,CE,Combined TRACON& Tower with Radar,375,90,21,0,486,0,0,2,2,4,375,90,23,2,490,0,0,0,490
10/14/2017,CVG,KY,ASO,CE,Combined TRACON& Tower with Radar,266,39,6,0,311,0,4,2,0,6,266,43,8,0,317,0,0,0,317
10/15/2017,CVG,KY,ASO,CE,Combined TRACON& Tower with Radar,295,74,5,0,374,0,2,0,2,4,295,76,5,2,378,0,0,0,378
10/16/2017,CVG,KY,ASO,CE,Combined TRACON& Tower with Radar,340,81,14,0,435,0,0,2,0,2,340,81,16,0,437,0,0,0,437
10/17/2017,CVG,KY,ASO,CE,Combined TRACON& Tower with Radar,358,87,9,0,454,0,0,2,0,2,358,87,11,0,456,0,0,0,456
10/18/2017,CVG,KY,ASO,CE,Combined TRACON& Tower with Radar,356,84,24,0,464,0,2,5,0,7,356,86,29,0,471,0,0,0,471
10/19/2017,CVG,KY,ASO,CE,Combined TRACON& Tower with Radar,384,97,20,3,504,0,1,4,2,7,384,98,24,5,511,0,0,0,511
10/20/2017,CVG,KY,ASO,CE,Combined TRACON& Tower with Radar,390,92,16,0,498,0,2,3,2,7,390,94,19,2,505,0,0,0,505
10/21/2017,CVG,KY,ASO,CE,Combined TRACON& Tower with Radar,260,38,10,0,308,0,0,0,0,0,260,38,10,0,308,0,0,0,308
10/22/2017,CVG,KY,ASO,CE,Combined TRACON& Tower with Radar,300,73,13,0,386,0,1,0,0,1,300,74,13,0,387,0,0,0,387
10/23/2017,CVG,KY,ASO,CE,Combined TRACON& Tower with Radar,338,88,7,0,433,0,4,0,0,4,338,92,7,0,437,0,0,0,437
10/24/2017,CVG,KY,ASO,CE,Combined TRACON& Tower with Radar,346,78,22,0,446,0,0,2,0,2,346,78,24,0,448,0,0,0,448
10/25/2017,CVG,KY,ASO,CE,Combined TRACON& Tower with Radar,353,77,20,0,450,0,0,11,0,11,353,77,31,0,461,0,0,0,461
10/26/2017,CVG,KY,ASO,CE,Combined TRACON& Tower with Radar,384,96,20,0,500,0,2,8,0,10,384,98,28,0,510,0,0,0,510
10/27/2017,CVG,KY,ASO,CE,Combined TRACON& Tower with Radar,393,94,10,0,497,0,2,0,0,2,393,96,10,0,499,0,0,0,499
10/28/2017,CVG,KY,ASO,CE,Combined TRACON& Tower with Radar,252,37,10,0,299,0,3,2,0,5,252,40,12,0,304,0,0,0,304
10/29/2017,CVG,KY,ASO,CE,Combined TRACON& Tower with Radar,286,67,6,0,359,0,2,1,0,3,286,69,7,0,362,0,0,0,362
10/30/2017,CVG,KY,ASO,CE,Combined TRACON& Tower with Radar,313,81,14,0,408,0,1,3,0,4,313,82,17,0,412,0,0,0,412
10/31/2017,CVG,KY,ASO,CE,Combined TRACON& Tower with Radar,336,73,7,0,416,0,0,4,0,4,336,73,11,0,420,0,0,0,420
11/01/2017,CVG,KY,ASO,CE,Combined TRACON& Tower with Radar,356,71,14,0,441,0,0,0,0,0,356,71,14,0,441,0,0,0,441
11/02/2017,CVG,KY,ASO,CE,Combined TRACON& Tower with Radar,377,81,19,0,477,0,0,1,2,3,377,81,20,2,480,0,0,0,480
11/03/2017,CVG,KY,ASO,CE,Combined TRACON& Tower with Radar,380,71,24,0,475,0,0,1,0,1,380,71,25,0,476,0,0,0,476
11/04/2017,CVG,KY,ASO,CE,Combined TRACON& Tower with Radar,263,38,8,0,309,0,1,0,0,1,263,39,8,0,310,0,0,0,310
11/05/2017,CVG,KY,ASO,CE,Combined TRACON& Tower with Radar,294,55,4,0,353,0,0,0,0,0,294,55,4,0,353,0,0,0,353
11/06/2017,CVG,KY,ASO,CE,Combined TRACON& Tower with Radar,335,79,11,0,425,0,0,4,0,4,335,79,15,0,429,0,0,0,429
11/07/2017,CVG,KY,ASO,CE,Combined TRACON& Tower with Radar,361,76,17,0,454,0,0,0,0,0,361,76,17,0,454,0,0,0,454
11/08/2017,CVG,KY,ASO,CE,Combined TRACON& Tower with Radar,365,80,15,0,460,0,0,2,0,2,365,80,17,0,462,0,0,0,462
11/09/2017,CVG,KY,ASO,CE,Combined TRACON& Tower with Radar,396,88,25,0,509,0,0,10,0,10,396,88,35,0,519,0,0,0,519
11/10/2017,CVG,KY,ASO,CE,Combined TRACON& Tower with Radar,386,85,7,0,478,0,4,1,0,5,386,89,8,0,483,0,0,0,483
11/11/2017,CVG,KY,ASO,CE,Combined TRACON& Tower with Radar,270,30,1,0,301,0,0,1,0,1,270,30,2,0,302,0,0,0,302
11/12/2017,CVG,KY,ASO,CE,Combined TRACON& Tower with Radar,321,67,6,0,394,0,2,2,0,4,321,69,8,0,398,0,0,0,398
11/13/2017,CVG,KY,ASO,CE,Combined TRACON& Tower with Radar,327,88,10,0,425,0,0,2,0,2,327,88,12,0,427,0,0,0,427
11/14/2017,CVG,KY,ASO,CE,Combined TRACON& Tower with Radar,357,82,24,0,463,0,0,3,0,3,357,82,27,0,466,0,0,0,466
11/15/2017,CVG,KY,ASO,CE,Combined TRACON& Tower with Radar,373,88,14,1,476,0,0,2,1,3,373,88,16,2,479,0,0,0,479
11/16/2017,CVG,KY,ASO,CE,Combined TRACON& Tower with Radar,387,88,24,0,499,0,3,5,0,8,387,91,29,0,507,0,0,0,507
11/17/2017,CVG,KY,ASO,CE,Combined TRACON& Tower with Radar,401,86,13,0,500,0,0,4,0,4,401,86,17,0,504,0,0,0,504
11/18/2017,CVG,KY,ASO,CE,Combined TRACON& Tower with Radar,268,35,4,0,307,0,0,0,0,0,268,35,4,0,307,0,0,0,307
11/19/2017,CVG,KY,ASO,CE,Combined TRACON& Tower with Radar,312,62,7,0,381,0,0,0,0,0,312,62,7,0,381,0,0,0,381
11/20/2017,CVG,KY,ASO,CE,Combined TRACON& Tower with Radar,292,64,6,0,362,0,3,4,0,7,292,67,10,0,369,0,0,0,369
11/21/2017,CVG,KY,ASO,CE,Combined TRACON& Tower with Radar,362,65,11,0,438,0,2,5,0,7,362,67,16,0,445,0,0,0,445
11/22/2017,CVG,KY,ASO,CE,Combined TRACON& Tower with Radar,388,82,9,0,479,0,0,2,0,2,388,82,11,0,481,0,0,0,481
11/23/2017,CVG,KY,ASO,CE,Combined TRACON& Tower with Radar,274,26,5,0,305,0,2,7,0,9,274,28,12,0,314,0,0,0,314
11/24/2017,CVG,KY,ASO,CE,Combined TRACON& Tower with Radar,245,31,7,0,283,0,2,1,0,3,245,33,8,0,286,0,0,0,286
11/25/2017,CVG,KY,ASO,CE,Combined TRACON& Tower with Radar,349,69,7,0,425,0,0,1,0,1,349,69,8,0,426,0,0,0,426
11/26/2017,CVG,KY,ASO,CE,Combined TRACON& Tower with Radar,367,81,8,0,456,0,0,1,0,1,367,81,9,0,457,0,0,0,457
11/27/2017,CVG,KY,ASO,CE,Combined TRACON& Tower with Radar,345,93,7,0,445,0,0,2,0,2,345,93,9,0,447,0,0,0,447
11/28/2017,CVG,KY,ASO,CE,Combined TRACON& Tower with Radar,367,89,20,0,476,0,1,5,0,6,367,90,25,0,482,0,0,0,482
11/29/2017,CVG,KY,ASO,CE,Combined TRACON& Tower with Radar,379,87,18,0,484,0,0,7,0,7,379,87,25,0,491,0,0,0,491
11/30/2017,CVG,KY,ASO,CE,Combined TRACON& Tower with Radar,402,89,16,0,507,0,0,1,2,3,402,89,17,2,510,0,0,0,510
12/01/2017,CVG,KY,ASO,CE,Combined TRACON& Tower with Radar,386,95,27,0,508,0,0,3,0,3,386,95,30,0,511,0,0,0,511
12/02/2017,CVG,KY,ASO,CE,Combined TRACON& Tower with Radar,250,36,5,0,291,0,0,0,1,1,250,36,5,1,292,0,0,0,292
12/03/2017,CVG,KY,ASO,CE,Combined TRACON& Tower with Radar,320,66,3,0,389,0,2,0,0,2,320,68,3,0,391,0,0,0,391
12/04/2017,CVG,KY,ASO,CE,Combined TRACON& Tower with Radar,337,76,14,0,427,0,0,2,0,2,337,76,16,0,429,0,0,0,429
12/05/2017,CVG,KY,ASO,CE,Combined TRACON& Tower with Radar,368,80,18,0,466,0,0,0,0,0,368,80,18,0,466,0,0,0,466
12/06/2017,CVG,KY,ASO,CE,Combined TRACON& Tower with Radar,379,87,13,0,479,0,2,0,2,4,379,89,13,2,483,0,0,0,483
12/07/2017,CVG,KY,ASO,CE,Combined TRACON& Tower with Radar,392,100,18,0,510,0,0,4,0,4,392,100,22,0,514,0,0,0,514
12/08/2017,CVG,KY,ASO,CE,Combined TRACON& Tower with Radar,383,87,17,0,487,0,0,5,2,7,383,87,22,2,494,0,0,0,494
12/09/2017,CVG,KY,ASO,CE,Combined TRACON& Tower with Radar,243,32,2,0,277,0,0,2,0,2,243,32,4,0,279,0,0,0,279
12/10/2017,CVG,KY,ASO,CE,Combined TRACON& Tower with Radar,329,65,12,0,406,0,2,3,0,5,329,67,15,0,411,0,0,0,411
12/11/2017,CVG,KY,ASO,CE,Combined TRACON& Tower with Radar,331,84,16,0,431,0,0,2,0,2,331,84,18,0,433,0,0,0,433
12/12/2017,CVG,KY,ASO,CE,Combined TRACON& Tower with Radar,375,92,14,0,481,0,0,4,2,6,375,92,18,2,487,0,0,0,487
12/13/2017,CVG,KY,ASO,CE,Combined TRACON& Tower with Radar,377,84,7,0,468,0,0,6,0,6,377,84,13,0,474,0,0,0,474
12/14/2017,CVG,KY,ASO,CE,Combined TRACON& Tower with Radar,395,101,5,0,501,0,0,2,0,2,395,101,7,0,503,0,0,0,503
12/15/2017,CVG,KY,ASO,CE,Combined TRACON& Tower with Radar,373,82,13,0,468,0,0,0,2,2,373,82,13,2,470,0,0,0,470
12/16/2017,CVG,KY,ASO,CE,Combined TRACON& Tower with Radar,253,35,5,0,293,0,0,7,0,7,253,35,12,0,300,0,0,0,300
12/17/2017,CVG,KY,ASO,CE,Combined TRACON& Tower with Radar,325,56,9,0,390,0,0,2,0,2,325,56,11,0,392,0,0,0,392
12/18/2017,CVG,KY,ASO,CE,Combined TRACON& Tower with Radar,339,85,18,0,442,0,0,0,0,0,339,85,18,0,442,0,0,0,442
12/19/2017,CVG,KY,ASO,CE,Combined TRACON& Tower with Radar,379,85,12,0,476,0,0,0,0,0,379,85,12,0,476,0,0,0,476
12/20/2017,CVG,KY,ASO,CE,Combined TRACON& Tower with Radar,377,85,10,0,472,0,2,11,0,13,377,87,21,0,485,0,0,0,485
12/21/2017,CVG,KY,ASO,CE,Combined TRACON& Tower with Radar,359,72,14,0,445,0,2,5,2,9,359,74,19,2,454,0,0,0,454
12/22/2017,CVG,KY,ASO,CE,Combined TRACON& Tower with Radar,346,68,6,0,420,0,0,0,0,0,346,68,6,0,420,0,0,0,420
12/23/2017,CVG,KY,ASO,CE,Combined TRACON& Tower with Radar,308,54,5,0,367,0,0,0,0,0,308,54,5,0,367,0,0,0,367
12/24/2017,CVG,KY,ASO,CE,Combined TRACON& Tower with Radar,265,38,3,0,306,0,0,0,0,0,265,38,3,0,306,0,0,0,306
12/25/2017,CVG,KY,ASO,CE,Combined TRACON& Tower with Radar,172,33,5,0,210,0,0,0,0,0,172,33,5,0,210,0,0,0,210
12/26/2017,CVG,KY,ASO,CE,Combined TRACON& Tower with Radar,317,61,4,0,382,0,2,6,0,8,317,63,10,0,390,0,0,0,390
12/27/2017,CVG,KY,ASO,CE,Combined TRACON& Tower with Radar,339,69,11,0,419,0,0,4,0,4,339,69,15,0,423,0,0,0,423
12/28/2017,CVG,KY,ASO,CE,Combined TRACON& Tower with Radar,355,72,5,0,432,0,0,5,0,5,355,72,10,0,437,0,0,0,437
12/29/2017,CVG,KY,ASO,CE,Combined TRACON& Tower with Radar,340,60,6,0,406,0,0,0,0,0,340,60,6,0,406,0,0,0,406
12/30/2017,CVG,KY,ASO,CE,Combined TRACON& Tower with Radar,300,55,11,0,366,0,0,0,2,2,300,55,11,2,368,0,0,0,368
12/31/2017,CVG,KY,ASO,CE,Combined TRACON& Tower with Radar,259,41,8,0,308,0,0,2,0,2,259,41,10,0,310,0,0,0,310
01/01/2018,CVG,KY,ASO,CE,Combined TRACON& Tower with Radar,163,38,7,0,208,0,0,0,0,0,163,38,7,0,208,0,0,0,208
01/02/2018,CVG,KY,ASO,CE,Combined TRACON& Tower with Radar,300,72,4,0,376,0,2,6,0,8,300,74,10,0,384,0,0,0,384
01/03/2018,CVG,KY,ASO,CE,Combined TRACON& Tower with Radar,337,63,8,0,408,0,0,2,0,2,337,63,10,0,410,0,0,0,410
01/04/2018,CVG,KY,ASO,CE,Combined TRACON& Tower with Radar,334,58,10,0,402,0,0,4,2,6,334,58,14,2,408,0,0,0,408
01/05/2018,CVG,KY,ASO,CE,Combined TRACON& Tower with Radar,341,51,10,0,402,0,0,0,0,0,341,51,10,0,402,0,0,0,402
01/06/2018,CVG,KY,ASO,CE,Combined TRACON& Tower with Radar,252,33,10,0,295,0,0,2,0,2,252,33,12,0,297,0,0,0,297
01/07/2018,CVG,KY,ASO,CE,Combined TRACON& Tower with Radar,264,59,6,0,329,0,0,5,0,5,264,59,11,0,334,0,0,0,334
01/08/2018,CVG,KY,ASO,CE,Combined TRACON& Tower with Radar,315,75,4,0,394,0,0,0,0,0,315,75,4,0,394,0,0,0,394
01/09/2018,CVG,KY,ASO,CE,Combined TRACON& Tower with Radar,349,85,9,0,443,0,0,0,0,0,349,85,9,0,443,0,0,0,443
01/10/2018,CVG,KY,ASO,CE,Combined TRACON& Tower with Radar,363,75,20,0,458,0,0,1,1,2,363,75,21,1,460,0,0,0,460
01/11/2018,CVG,KY,ASO,CE,Combined TRACON& Tower with Radar,382,89,15,0,486,0,0,1,0,1,382,89,16,0,487,0,0,0,487
01/12/2018,CVG,KY,ASO,CE,Combined TRACON& Tower with Radar,348,74,11,0,433,0,0,0,0,0,348,74,11,0,433,0,0,0,433
01/13/2018,CVG,KY,ASO,CE,Combined TRACON& Tower with Radar,236,43,7,0,286,0,0,0,0,0,236,43,7,0,286,0,0,0,286
01/14/2018,CVG,KY,ASO,CE,Combined TRACON& Tower with Radar,245,45,6,0,296,0,0,9,0,9,245,45,15,0,305,0,0,0,305
01/15/2018,CVG,KY,ASO,CE,Combined TRACON& Tower with Radar,319,73,9,0,401,0,0,0,0,0,319,73,9,0,401,0,0,0,401
01/16/2018,CVG,KY,ASO,CE,Combined TRACON& Tower with Radar,338,80,17,0,435,0,2,2,0,4,338,82,19,0,439,0,0,0,439
01/17/2018,CVG,KY,ASO,CE,Combined TRACON& Tower with Radar,337,84,12,0,433,0,0,3,0,3,337,84,15,0,436,0,0,0,436
01/18/2018,CVG,KY,ASO,CE,Combined TRACON& Tower with Radar,365,79,8,0,452,0,0,17,0,17,365,79,25,0,469,0,0,0,469
01/19/2018,CVG,KY,ASO,CE,Combined TRACON& Tower with Radar,376,73,5,0,454,0,0,1,0,1,376,73,6,0,455,0,0,0,455
01/20/2018,CVG,KY,ASO,CE,Combined TRACON& Tower with Radar,243,33,7,0,283,0,0,0,0,0,243,33,7,0,283,0,0,0,283
01/21/2018,CVG,KY,ASO,CE,Combined TRACON& Tower with Radar,296,63,8,0,367,0,0,1,0,1,296,63,9,0,368,0,0,0,368
01/22/2018,CVG,KY,ASO,CE,Combined TRACON& Tower with Radar,311,73,12,0,396,0,0,0,0,0,311,73,12,0,396,0,0,0,396
01/23/2018,CVG,KY,ASO,CE,Combined TRACON& Tower with Radar,347,91,12,0,450,0,0,0,0,0,347,91,12,0,450,0,0,0,450
01/24/2018,CVG,KY,ASO,CE,Combined TRACON& Tower with Radar,352,83,16,0,451,0,1,0,0,1,352,84,16,0,452,0,0,0,452
01/25/2018,CVG,KY,ASO,CE,Combined TRACON& Tower with Radar,376,81,21,0,478,0,0,4,0,4,376,81,25,0,482,0,0,0,482
01/26/2018,CVG,KY,ASO,CE,Combined TRACON& Tower with Radar,374,73,15,2,464,0,0,6,0,6,374,73,21,2,470,0,0,0,470
01/27/2018,CVG,KY,ASO,CE,Combined TRACON& Tower with Radar,244,35,4,0,283,0,0,0,0,0,244,35,4,0,283,0,0,0,283
01/28/2018,CVG,KY,ASO,CE,Combined TRACON& Tower with Radar,302,56,5,0,363,0,0,2,0,2,302,56,7,0,365,0,0,0,365
01/29/2018,CVG,KY,ASO,CE,Combined TRACON& Tower with Radar,338,74,7,0,419,0,0,3,0,3,338,74,10,0,422,0,0,0,422
01/30/2018,CVG,KY,ASO,CE,Combined TRACON& Tower with Radar,351,74,12,0,437,0,0,2,2,4,351,74,14,2,441,0,0,0,441
01/31/2018,CVG,KY,ASO,CE,Combined TRACON& Tower with Radar,359,77,12,0,448,0,0,0,2,2,359,77,12,2,450,0,0,0,450
02/01/2018,CVG,KY,ASO,CE,Combined TRACON& Tower with Radar,371,79,10,0,460,0,0,4,0,4,371,79,14,0,464,0,0,0,464
02/02/2018,CVG,KY,ASO,CE,Combined TRACON& Tower with Radar,371,79,15,0,465,0,0,2,2,4,371,79,17,2,469,0,0,0,469
02/03/2018,CVG,KY,ASO,CE,Combined TRACON& Tower with Radar,240,39,8,0,287,0,2,0,0,2,240,41,8,0,289,0,0,0,289
02/04/2018,CVG,KY,ASO,CE,Combined TRACON& Tower with Radar,250,43,3,0,296,0,0,0,0,0,250,43,3,0,296,0,0,0,296
02/05/2018,CVG,KY,ASO,CE,Combined TRACON& Tower with Radar,334,78,21,0,433,0,2,2,0,4,334,80,23,0,437,0,0,0,437
02/06/2018,CVG,KY,ASO,CE,Combined TRACON& Tower with Radar,347,75,14,0,436,0,2,1,0,3,347,77,15,0,439,0,0,0,439
02/07/2018,CVG,KY,ASO,CE,Combined TRACON& Tower with Radar,332,80,13,0,425,0,0,2,0,2,332,80,15,0,427,0,0,0,427
02/08/2018,CVG,KY,ASO,CE,Combined TRACON& Tower with Radar,379,82,11,0,472,0,0,2,0,2,379,82,13,0,474,0,0,0,474
02/09/2018,CVG,KY,ASO,CE,Combined TRACON& Tower with Radar,361,64,5,0,430,0,1,2,0,3,361,65,7,0,433,0,0,0,433
02/10/2018,CVG,KY,ASO,CE,Combined TRACON& Tower with Radar,254,32,8,0,294,0,0,0,0,0,254,32,8,0,294,0,0,0,294
02/11/2018,CVG,KY,ASO,CE,Combined TRACON& Tower with Radar,283,55,1,0,339,0,0,0,0,0,283,55,1,0,339,0,0,0,339
02/12/2018,CVG,KY,ASO,CE,Combined TRACON& Tower with Radar,333,75,7,0,415,0,0,4,0,4,333,75,11,0,419,0,0,0,419
02/13/2018,CVG,KY,ASO,CE,Combined TRACON& Tower with Radar,355,71,14,0,440,0,3,16,0,19,355,74,30,0,459,0,0,0,459
02/14/2018,CVG,KY,ASO,CE,Combined TRACON& Tower with Radar,352,62,10,0,424,0,0,0,0,0,352,62,10,0,424,0,0,0,424
02/15/2018,CVG,KY,ASO,CE,Combined TRACON& Tower with Radar,389,73,9,0,471,0,0,0,0,0,389,73,9,0,471,0,0,0,471
02/16/2018,CVG,KY,ASO,CE,Combined TRACON& Tower with Radar,387,66,6,0,459,0,0,0,0,0,387,66,6,0,459,0,0,0,459
02/17/2018,CVG,KY,ASO,CE,Combined TRACON& Tower with Radar,263,34,6,0,303,0,0,0,0,0,263,34,6,0,303,0,0,0,303
02/18/2018,CVG,KY,ASO,CE,Combined TRACON& Tower with Radar,253,43,8,0,304,0,0,5,0,5,253,43,13,0,309,0,0,0,309
02/19/2018,CVG,KY,ASO,CE,Combined TRACON& Tower with Radar,346,71,8,0,425,0,2,0,0,2,346,73,8,0,427,0,0,0,427
02/20/2018,CVG,KY,ASO,CE,Combined TRACON& Tower with Radar,360,77,7,0,444,0,0,2,1,3,360,77,9,1,447,0,0,0,447
02/21/2018,CVG,KY,ASO,CE,Combined TRACON& Tower with Radar,375,84,14,0,473,0,0,0,0,0,375,84,14,0,473,0,0,0,473
02/22/2018,CVG,KY,ASO,CE,Combined TRACON& Tower with Radar,385,82,12,0,479,0,0,0,0,0,385,82,12,0,479,0,0,0,479
02/23/2018,CVG,KY,ASO,CE,Combined TRACON& Tower with Radar,385,76,4,0,465,0,0,0,0,0,385,76,4,0,465,0,0,0,465
02/24/2018,CVG,KY,ASO,CE,Combined TRACON& Tower with Radar,265,41,3,0,309,0,0,0,0,0,265,41,3,0,309,0,0,0,309
02/25/2018,CVG,KY,ASO,CE,Combined TRACON& Tower with Radar,292,60,8,0,360,0,0,4,1,5,292,60,12,1,365,0,0,0,365
02/26/2018,CVG,KY,ASO,CE,Combined TRACON& Tower with Radar,335,74,18,0,427,0,5,7,2,14,335,79,25,2,441,0,0,0,441
02/27/2018,CVG,KY,ASO,CE,Combined TRACON& Tower with Radar,369,70,14,0,453,0,0,7,0,7,369,70,21,0,460,0,0,0,460
02/28/2018,CVG,KY,ASO,CE,Combined TRACON& Tower with Radar,373,68,20,0,461,0,0,14,0,14,373,68,34,0,475,0,0,0,475
03/01/2018,CVG,KY,ASO,CE,Combined TRACON& Tower with Radar,384,81,17,0,482,0,0,0,0,0,384,81,17,0,482,0,0,0,482
03/02/2018,CVG,KY,ASO,CE,Combined TRACON& Tower with Radar,355,64,10,0,429,0,2,8,2,12,355,66,18,2,441,0,0,0,441
03/03/2018,CVG,KY,ASO,CE,Combined TRACON& Tower with Radar,270,32,12,0,314,0,0,6,0,6,270,32,18,0,320,0,0,0,320
03/04/2018,CVG,KY,ASO,CE,Combined TRACON& Tower with Radar,311,54,9,0,374,0,0,7,0,7,311,54,16,0,381,0,0,0,381
03/05/2018,CVG,KY,ASO,CE,Combined TRACON& Tower with Radar,341,70,9,0,420,0,0,0,0,0,341,70,9,0,420,0,0,0,420
03/06/2018,CVG,KY,ASO,CE,Combined TRACON& Tower with Radar,387,82,13,0,482,0,0,0,0,0,387,82,13,0,482,0,0,0,482
03/07/2018,CVG,KY,ASO,CE,Combined TRACON& Tower with Radar,361,62,18,0,441,0,0,2,0,2,361,62,20,0,443,0,0,0,443
03/08/2018,CVG,KY,ASO,CE,Combined TRACON& Tower with Radar,388,80,19,0,487,0,0,3,0,3,388,80,22,0,490,0,0,0,490
03/09/2018,CVG,KY,ASO,CE,Combined TRACON& Tower with Radar,390,71,28,0,489,0,0,14,0,14,390,71,42,0,503,0,0,0,503
03/10/2018,CVG,KY,ASO,CE,Combined TRACON& Tower with Radar,276,39,11,0,326,0,0,17,0,17,276,39,28,0,343,0,0,0,343
03/11/2018,CVG,KY,ASO,CE,Combined TRACON& Tower with Radar,307,69,8,2,386,0,0,4,1,5,307,69,12,3,391,0,0,0,391
03/12/2018,CVG,KY,ASO,CE,Combined TRACON& Tower with Radar,352,69,16,0,437,0,0,5,0,5,352,69,21,0,442,0,0,0,442
03/13/2018,CVG,KY,ASO,CE,Combined TRACON& Tower with Radar,384,73,14,0,471,0,0,0,2,2,384,73,14,2,473,0,0,0,473
03/14/2018,CVG,KY,ASO,CE,Combined TRACON& Tower with Radar,388,72,17,0,477,0,0,4,2,6,388,72,21,2,483,0,0,0,483
03/15/2018,CVG,KY,ASO,CE,Combined TRACON& Tower with Radar,390,69,21,0,480,0,0,10,2,12,390,69,31,2,492,0,0,0,492
03/16/2018,CVG,KY,ASO,CE,Combined TRACON& Tower with Radar,391,69,8,0,468,0,0,6,0,6,391,69,14,0,474,0,0,0,474
03/17/2018,CVG,KY,ASO,CE,Combined TRACON& Tower with Radar,282,50,4,0,336,0,0,0,0,0,282,50,4,0,336,0,0,0,336
03/18/2018,CVG,KY,ASO,CE,Combined TRACON& Tower with Radar,318,56,4,0,378,0,0,1,0,1,318,56,5,0,379,0,0,0,379
03/19/2018,CVG,KY,ASO,CE,Combined TRACON& Tower with Radar,355,74,7,0,436,0,2,1,0,3,355,76,8,0,439,0,0,0,439
03/20/2018,CVG,KY,ASO,CE,Combined TRACON& Tower with Radar,371,72,7,0,450,0,0,0,0,0,371,72,7,0,450,0,0,0,450
03/21/2018,CVG,KY,ASO,CE,Combined TRACON& Tower with Radar,342,63,12,0,417,0,0,2,0,2,342,63,14,0,419,0,0,0,419
03/22/2018,CVG,KY,ASO,CE,Combined TRACON& Tower with Radar,386,68,22,0,476,0,0,4,0,4,386,68,26,0,480,0,0,0,480
03/23/2018,CVG,KY,ASO,CE,Combined TRACON& Tower with Radar,408,77,3,0,488,0,0,6,0,6,408,77,9,0,494,0,0,0,494
03/24/2018,CVG,KY,ASO,CE,Combined TRACON& Tower with Radar,264,46,3,0,313,0,0,0,0,0,264,46,3,0,313,0,0,0,313
03/25/2018,CVG,KY,ASO,CE,Combined TRACON& Tower with Radar,318,57,7,0,382,0,0,0,0,0,318,57,7,0,382,0,0,0,382
03/26/2018,CVG,KY,ASO,CE,Combined TRACON& Tower with Radar,354,70,6,0,430,0,0,3,0,3,354,70,9,0,433,0,0,0,433
03/27/2018,CVG,KY,ASO,CE,Combined TRACON& Tower with Radar,378,74,5,0,457,0,0,0,0,0,378,74,5,0,457,0,0,0,457
03/28/2018,CVG,KY,ASO,CE,Combined TRACON& Tower with Radar,395,70,12,0,477,0,0,0,0,0,395,70,12,0,477,0,0,0,477
03/29/2018,CVG,KY,ASO,CE,Combined TRACON& Tower with Radar,399,76,11,0,486,0,0,0,0,0,399,76,11,0,486,0,0,0,486
03/30/2018,CVG,KY,ASO,CE,Combined TRACON& Tower with Radar,407,66,5,0,478,0,0,3,0,3,407,66,8,0,481,0,0,0,481
03/31/2018,CVG,KY,ASO,CE,Combined TRACON& Tower with Radar,271,43,2,1,317,0,0,0,0,0,271,43,2,1,317,0,0,0,317
04/01/2018,CVG,KY,ASO,CE,Combined TRACON& Tower with Radar,314,57,2,0,373,0,0,2,0,2,314,57,4,0,375,0,0,0,375
04/02/2018,CVG,KY,ASO,CE,Combined TRACON& Tower with Radar,340,70,22,0,432,0,0,1,2,3,340,70,23,2,435,0,0,0,435
04/03/2018,CVG,KY,ASO,CE,Combined TRACON& Tower with Radar,373,75,7,0,455,0,0,0,0,0,373,75,7,0,455,0,0,0,455
04/04/2018,CVG,KY,ASO,CE,Combined TRACON& Tower with Radar,381,67,6,0,454,0,0,4,1,5,381,67,10,1,459,0,0,0,459
04/05/2018,CVG,KY,ASO,CE,Combined TRACON& Tower with Radar,397,73,3,2,475,0,2,5,0,7,397,75,8,2,482,0,0,0,482
04/06/2018,CVG,KY,ASO,CE,Combined TRACON& Tower with Radar,393,76,8,0,477,0,2,2,0,4,393,78,10,0,481,0,0,0,481
04/07/2018,CVG,KY,ASO,CE,Combined TRACON& Tower with Radar,278,31,10,0,319,0,2,1,0,3,278,33,11,0,322,0,0,0,322
04/08/2018,CVG,KY,ASO,CE,Combined TRACON& Tower with Radar,321,57,6,0,384,0,0,4,0,4,321,57,10,0,388,0,0,0,388
04/09/2018,CVG,KY,ASO,CE,Combined TRACON& Tower with Radar,358,72,8,0,438,0,2,4,0,6,358,74,12,0,444,0,0,0,444
04/10/2018,CVG,KY,ASO,CE,Combined TRACON& Tower with Radar,376,83,8,0,467,0,0,5,0,5,376,83,13,0,472,0,0,0,472
04/11/2018,CVG,KY,ASO,CE,Combined TRACON& Tower with Radar,396,84,24,0,504,0,0,4,0,4,396,84,28,0,508,0,0,0,508
04/12/2018,CVG,KY,ASO,CE,Combined TRACON& Tower with Radar,402,70,10,0,482,0,0,2,2,4,402,70,12,2,486,0,0,0,486
04/13/2018,CVG,KY,ASO,CE,Combined TRACON& Tower with Radar,407,73,7,0,487,0,0,1,0,1,407,73,8,0,488,0,0,0,488
04/14/2018,CVG,KY,ASO,CE,Combined TRACON& Tower with Radar,288,31,1,0,320,0,0,2,0,2,288,31,3,0,322,0,0,0,322
04/15/2018,CVG,KY,ASO,CE,Combined TRACON& Tower with Radar,316,49,7,0,372,0,0,1,0,1,316,49,8,0,373,0,0,0,373
04/16/2018,CVG,KY,ASO,CE,Combined TRACON& Tower with Radar,361,70,12,0,443,0,0,0,0,0,361,70,12,0,443,0,0,0,443
04/17/2018,CVG,KY,ASO,CE,Combined TRACON& Tower with Radar,394,68,20,0,482,0,0,2,0,2,394,68,22,0,484,0,0,0,484
04/18/2018,CVG,KY,ASO,CE,Combined TRACON& Tower with Radar,395,76,7,0,478,0,0,4,2,6,395,76,11,2,484,0,0,0,484
04/19/2018,CVG,KY,ASO,CE,Combined TRACON& Tower with Radar,399,73,12,0,484,0,0,0,0,0,399,73,12,0,484,0,0,0,484
04/20/2018,CVG,KY,ASO,CE,Combined TRACON& Tower with Radar,408,75,13,0,496,0,0,4,0,4,408,75,17,0,500,0,0,0,500
04/21/2018,CVG,KY,ASO,CE,Combined TRACON& Tower with Radar,279,26,3,0,308,0,2,0,0,2,279,28,3,0,310,0,0,0,310
04/22/2018,CVG,KY,ASO,CE,Combined TRACON& Tower with Radar,322,60,5,0,387,0,0,5,0,5,322,60,10,0,392,0,0,0,392
04/23/2018,CVG,KY,ASO,CE,Combined TRACON& Tower with Radar,361,78,14,0,453,0,0,0,0,0,361,78,14,0,453,0,0,0,453
04/24/2018,CVG,KY,ASO,CE,Combined TRACON& Tower with Radar,382,75,11,0,468,0,0,4,0,4,382,75,15,0,472,0,0,0,472
04/25/2018,CVG,KY,ASO,CE,Combined TRACON& Tower with Radar,386,71,10,0,467,0,2,4,0,6,386,73,14,0,473,0,0,0,473
04/26/2018,CVG,KY,ASO,CE,Combined TRACON& Tower with Radar,405,83,12,0,500,0,0,1,0,1,405,83,13,0,501,0,0,0,501
04/27/2018,CVG,KY,ASO,CE,Combined TRACON& Tower with Radar,399,82,19,0,500,0,0,4,0,4,399,82,23,0,504,0,0,0,504
04/28/2018,CVG,KY,ASO,CE,Combined TRACON& Tower with Radar,294,28,2,0,324,0,2,1,0,3,294,30,3,0,327,0,0,0,327
04/29/2018,CVG,KY,ASO,CE,Combined TRACON& Tower with Radar,323,60,8,0,391,0,0,0,0,0,323,60,8,0,391,0,0,0,391
04/30/2018,CVG,KY,ASO,CE,Combined TRACON& Tower with Radar,355,76,21,0,452,0,0,16,0,16,355,76,37,0,468,0,0,0,468
05/01/2018,CVG,KY,ASO,CE,Combined TRACON& Tower with Radar,385,78,12,0,475,0,0,6,0,6,385,78,18,0,481,0,0,0,481
05/02/2018,CVG,KY,ASO,CE,Combined TRACON& Tower with Radar,391,77,12,0,480,0,2,6,2,10,391,79,18,2,490,0,0,0,490
05/03/2018,CVG,KY,ASO,CE,Combined TRACON& Tower with Radar,403,82,12,0,497,0,0,2,2,4,403,82,14,2,501,0,0,0,501
05/04/2018,CVG,KY,ASO,CE,Combined TRACON& Tower with Radar,409,76,9,0,494,0,0,0,0,0,409,76,9,0,494,0,0,0,494
05/05/2018,CVG,KY,ASO,CE,Combined TRACON& Tower with Radar,291,36,6,0,333,0,0,6,0,6,291,36,12,0,339,0,0,0,339
05/06/2018,CVG,KY,ASO,CE,Combined TRACON& Tower with Radar,322,66,9,0,397,0,0,6,0,6,322,66,15,0,403,0,0,0,403
05/07/2018,CVG,KY,ASO,CE,Combined TRACON& Tower with Radar,362,81,7,0,450,0,0,2,0,2,362,81,9,0,452,0,0,0,452
05/08/2018,CVG,KY,ASO,CE,Combined TRACON& Tower with Radar,392,78,7,0,477,0,0,3,0,3,392,78,10,0,480,0,0,0,480
05/09/2018,CVG,KY,ASO,CE,Combined TRACON& Tower with Radar,384,79,10,0,473,0,0,5,0,5,384,79,15,0,478,0,0,0,478
05/10/2018,CVG,KY,ASO,CE,Combined TRACON& Tower with Radar,400,82,17,0,499,0,0,11,0,11,400,82,28,0,510,0,0,0,510
05/11/2018,CVG,KY,ASO,CE,Combined TRACON& Tower with Radar,419,81,12,0,512,0,1,3,0,4,419,82,15,0,516,0,0,0,516
05/12/2018,CVG,KY,ASO,CE,Combined TRACON& Tower with Radar,284,36,4,0,324,2,0,3,0,5,286,36,7,0,329,30,0,30,359
05/13/2018,CVG,KY,ASO,CE,Combined TRACON& Tower with Radar,319,66,3,0,388,0,0,0,0,0,319,66,3,0,388,0,0,0,388
05/14/2018,CVG,KY,ASO,CE,Combined TRACON& Tower with Radar,368,71,12,0,451,0,0,4,0,4,368,71,16,0,455,0,0,0,455
05/15/2018,CVG,KY,ASO,CE,Combined TRACON& Tower with Radar,381,79,23,0,483,0,0,5,0,5,381,79,28,0,488,0,0,0,488
05/16/2018,CVG,KY,ASO,CE,Combined TRACON& Tower with Radar,405,76,13,0,494,0,0,0,0,0,405,76,13,0,494,0,0,0,494
05/17/2018,CVG,KY,ASO,CE,Combined TRACON& Tower with Radar,399,84,8,0,491,0,0,2,0,2,399,84,10,0,493,0,0,0,493
05/18/2018,CVG,KY,ASO,CE,Combined TRACON& Tower with Radar,413,79,14,0,506,0,0,0,0,0,413,79,14,0,506,0,0,0,506
05/19/2018,CVG,KY,ASO,CE,Combined TRACON& Tower with Radar,301,34,6,0,341,0,2,1,0,3,301,36,7,0,344,0,0,0,344
05/20/2018,CVG,KY,ASO,CE,Combined TRACON& Tower with Radar,322,68,6,0,396,0,0,4,4,8,322,68,10,4,404,0,0,0,404
05/21/2018,CVG,KY,ASO,CE,Combined TRACON& Tower with Radar,367,78,9,0,454,0,0,4,0,4,367,78,13,0,458,0,0,0,458
05/22/2018,CVG,KY,ASO,CE,Combined TRACON& Tower with Radar,388,78,23,0,489,0,0,18,2,20,388,78,41,2,509,0,0,0,509
05/23/2018,CVG,KY,ASO,CE,Combined TRACON& Tower with Radar,397,82,11,0,490,0,0,1,0,1,397,82,12,0,491,0,0,0,491
05/24/2018,CVG,KY,ASO,CE,Combined TRACON& Tower with Radar,401,77,15,0,493,0,0,7,2,9,401,77,22,2,502,0,0,0,502
05/25/2018,CVG,KY,ASO,CE,Combined TRACON& Tower with Radar,418,82,15,0,515,0,0,7,0,7,418,82,22,0,522,0,0,0,522
05/26/2018,CVG,KY,ASO,CE,Combined TRACON& Tower with Radar,290,27,1,0,318,0,0,0,0,0,290,27,1,0,318,0,0,0,318
05/27/2018,CVG,KY,ASO,CE,Combined TRACON& Tower with Radar,256,18,3,0,277,0,0,6,2,8,256,18,9,2,285,0,0,0,285
05/28/2018,CVG,KY,ASO,CE,Combined TRACON& Tower with Radar,345,77,7,0,429,0,2,5,0,7,345,79,12,0,436,0,0,0,436
05/29/2018,CVG,KY,ASO,CE,Combined TRACON& Tower with Radar,377,85,16,1,479,0,0,5,0,5,377,85,21,1,484,0,0,0,484
05/30/2018,CVG,KY,ASO,CE,Combined TRACON& Tower with Radar,388,81,18,0,487,0,0,0,0,0,388,81,18,0,487,0,0,0,487
05/31/2018,CVG,KY,ASO,CE,Combined TRACON& Tower with Radar,398,93,16,0,507,0,0,2,0,2,398,93,18,0,509,0,0,0,509
06/01/2018,CVG,KY,ASO,CE,Combined TRACON& Tower with Radar,402,92,18,0,512,0,0,1,0,1,402,92,19,0,513,0,0,0,513
06/02/2018,CVG,KY,ASO,CE,Combined TRACON& Tower with Radar,287,38,16,0,341,0,0,13,2,15,287,38,29,2,356,0,0,0,356
06/03/2018,CVG,KY,ASO,CE,Combined TRACON& Tower with Radar,327,69,10,0,406,0,0,5,2,7,327,69,15,2,413,0,0,0,413
06/04/2018,CVG,KY,ASO,CE,Combined TRACON& Tower with Radar,371,89,20,0,480,0,0,16,0,16,371,89,36,0,496,0,0,0,496
06/05/2018,CVG,KY,ASO,CE,Combined TRACON& Tower with Radar,396,92,14,0,502,0,4,7,0,11,396,96,21,0,513,0,0,0,513
06/06/2018,CVG,KY,ASO,CE,Combined TRACON& Tower with Radar,398,94,20,2,514,0,0,6,2,8,398,94,26,4,522,0,0,0,522
06/07/2018,CVG,KY,ASO,CE,Combined TRACON& Tower with Radar,402,94,28,0,524,0,2,5,0,7,402,96,33,0,531,0,0,0,531
06/08/2018,CVG,KY,ASO,CE,Combined TRACON& Tower with Radar,414,98,15,0,527,0,0,1,0,1,414,98,16,0,528,0,0,0,528
06/09/2018,CVG,KY,ASO,CE,Combined TRACON& Tower with Radar,313,63,7,0,383,0,0,2,0,2,313,63,9,0,385,0,0,0,385
06/10/2018,CVG,KY,ASO,CE,Combined TRACON& Tower with Radar,331,67,10,0,408,0,0,1,0,1,331,67,11,0,409,0,0,0,409
06/11/2018,CVG,KY,ASO,CE,Combined TRACON& Tower with Radar,370,89,20,2,481,0,0,1,0,1,370,89,21,2,482,0,0,0,482
06/12/2018,CVG,KY,ASO,CE,Combined TRACON& Tower with Radar,415,93,10,4,522,0,0,1,0,1,415,93,11,4,523,0,0,0,523
06/13/2018,CVG,KY,ASO,CE,Combined TRACON& Tower with Radar,412,100,25,4,541,0,0,2,0,2,412,100,27,4,543,0,0,0,543
06/14/2018,CVG,KY,ASO,CE,Combined TRACON& Tower with Radar,406,97,12,0,515,0,0,9,0,9,406,97,21,0,524,0,0,0,524
06/15/2018,CVG,KY,ASO,CE,Combined TRACON& Tower with Radar,395,91,15,0,501,0,0,5,4,9,395,91,20,4,510,0,0,0,510
06/16/2018,CVG,KY,ASO,CE,Combined TRACON& Tower with Radar,306,52,5,0,363,0,0,6,0,6,306,52,11,0,369,0,0,0,369
06/17/2018,CVG,KY,ASO,CE,Combined TRACON& Tower with Radar,307,65,7,0,379,0,0,0,0,0,307,65,7,0,379,0,0,0,379
06/18/2018,CVG,KY,ASO,CE,Combined TRACON& Tower with Radar,355,86,16,0,457,0,0,7,0,7,355,86,23,0,464,0,0,0,464
06/19/2018,CVG,KY,ASO,CE,Combined TRACON& Tower with Radar,386,79,17,0,482,0,0,2,0,2,386,79,19,0,484,0,0,0,484
06/20/2018,CVG,KY,ASO,CE,Combined TRACON& Tower with Radar,400,96,31,0,527,0,0,9,0,9,400,96,40,0,536,0,0,0,536
06/21/2018,CVG,KY,ASO,CE,Combined TRACON& Tower with Radar,404,105,20,0,529,0,0,0,0,0,404,105,20,0,529,0,0,0,529
06/22/2018,CVG,KY,ASO,CE,Combined TRACON& Tower with Radar,421,90,14,0,525,0,0,0,0,0,421,90,14,0,525,0,0,0,525
06/23/2018,CVG,KY,ASO,CE,Combined TRACON& Tower with Radar,315,60,8,2,385,0,0,3,0,3,315,60,11,2,388,0,0,0,388
06/24/2018,CVG,KY,ASO,CE,Combined TRACON& Tower with Radar,326,69,7,0,402,0,0,2,0,2,326,69,9,0,404,0,0,0,404
06/25/2018,CVG,KY,ASO,CE,Combined TRACON& Tower with Radar,375,86,13,0,474,0,0,1,0,1,375,86,14,0,475,0,0,0,475
06/26/2018,CVG,KY,ASO,CE,Combined TRACON& Tower with Radar,404,94,9,0,507,0,0,0,0,0,404,94,9,0,507,0,0,0,507
06/27/2018,CVG,KY,ASO,CE,Combined TRACON& Tower with Radar,420,98,29,0,547,0,0,7,0,7,420,98,36,0,554,0,0,0,554
06/28/2018,CVG,KY,ASO,CE,Combined TRACON& Tower with Radar,400,106,34,0,540,0,0,9,0,9,400,106,43,0,549,0,0,0,549
06/29/2018,CVG,KY,ASO,CE,Combined TRACON& Tower with Radar,431,91,24,0,546,0,0,6,2,8,431,91,30,2,554,0,0,0,554
06/30/2018,CVG,KY,ASO,CE,Combined TRACON& Tower with Radar,312,55,15,0,382,0,0,4,2,6,312,55,19,2,388,0,0,0,388
07/01/2018,CVG,KY,ASO,CE,Combined TRACON& Tower with Radar,292,49,6,0,347,0,0,0,0,0,292,49,6,0,347,0,0,0,347
07/02/2018,CVG,KY,ASO,CE,Combined TRACON& Tower with Radar,318,52,10,0,380,0,0,8,0,8,318,52,18,0,388,0,0,0,388
07/03/2018,CVG,KY,ASO,CE,Combined TRACON& Tower with Radar,330,57,8,0,395,0,0,6,2,8,330,57,14,2,403,0,0,0,403
07/04/2018,CVG,KY,ASO,CE,Combined TRACON& Tower with Radar,338,49,5,0,392,0,0,4,0,4,338,49,9,0,396,0,0,0,396
07/05/2018,CVG,KY,ASO,CE,Combined TRACON& Tower with Radar,332,43,13,0,388,0,0,1,2,3,332,43,14,2,391,0,0,0,391
07/06/2018,CVG,KY,ASO,CE,Combined TRACON& Tower with Radar,372,54,19,0,445,0,0,1,0,1,372,54,20,0,446,0,0,0,446
07/07/2018,CVG,KY,ASO,CE,Combined TRACON& Tower with Radar,318,43,7,0,368,0,0,7,0,7,318,43,14,0,375,0,0,0,375
07/08/2018,CVG,KY,ASO,CE,Combined TRACON& Tower with Radar,338,75,10,2,425,0,0,4,0,4,338,75,14,2,429,0,0,0,429
07/09/2018,CVG,KY,ASO,CE,Combined TRACON& Tower with Radar,374,86,18,0,478,0,0,7,2,9,374,86,25,2,487,0,0,0,487
07/10/2018,CVG,KY,ASO,CE,Combined TRACON& Tower with Radar,398,94,17,0,509,0,0,5,2,7,398,94,22,2,516,0,0,0,516
07/11/2018,CVG,KY,ASO,CE,Combined TRACON& Tower with Radar,416,90,29,0,535,0,0,6,6,12,416,90,35,6,547,0,0,0,547
07/12/2018,CVG,KY,ASO,CE,Combined TRACON& Tower with Radar,407,91,74,0,572,0,0,13,2,15,407,91,87,2,587,0,0,0,587
07/13/2018,CVG,KY,ASO,CE,Combined TRACON& Tower with Radar,413,91,37,0,541,0,0,7,0,7,413,91,44,0,548,0,0,0,548
07/14/2018,CVG,KY,ASO,CE,Combined TRACON& Tower with Radar,315,53,47,0,415,0,0,6,10,16,315,53,53,10,431,0,0,0,431
07/15/2018,CVG,KY,ASO,CE,Combined TRACON& Tower with Radar,318,75,41,0,434,0,0,6,2,8,318,75,47,2,442,0,0,0,442
07/16/2018,CVG,KY,ASO,CE,Combined TRACON& Tower with Radar,358,78,18,0,454,0,0,0,2,2,358,78,18,2,456,0,0,0,456
07/17/2018,CVG,KY,ASO,CE,Combined TRACON& Tower with Radar,407,88,29,0,524,0,0,7,0,7,407,88,36,0,531,0,0,0,531
07/18/2018,CVG,KY,ASO,CE,Combined TRACON& Tower with Radar,425,83,21,4,533,0,0,9,0,9,425,83,30,4,542,0,0,0,542
07/19/2018,CVG,KY,ASO,CE,Combined TRACON& Tower with Radar,415,88,16,0,519,0,0,12,0,12,415,88,28,0,531,0,0,0,531
07/20/2018,CVG,KY,ASO,CE,Combined TRACON& Tower with Radar,409,89,14,1,513,0,0,2,0,2,409,89,16,1,515,0,0,0,515
07/21/2018,CVG,KY,ASO,CE,Combined TRACON& Tower with Radar,319,60,7,0,386,0,0,0,0,0,319,60,7,0,386,0,0,0,386
07/22/2018,CVG,KY,ASO,CE,Combined TRACON& Tower with Radar,328,72,8,0,408,0,0,0,0,0,328,72,8,0,408,0,0,0,408
07/23/2018,CVG,KY,ASO,CE,Combined TRACON& Tower with Radar,355,87,19,0,461,0,0,0,0,0,355,87,19,0,461,0,0,0,461
07/24/2018,CVG,KY,ASO,CE,Combined TRACON& Tower with Radar,402,79,12,0,493,0,0,7,1,8,402,79,19,1,501,0,0,0,501
07/25/2018,CVG,KY,ASO,CE,Combined TRACON& Tower with Radar,415,96,15,0,526,0,0,8,3,11,415,96,23,3,537,0,0,0,537
07/26/2018,CVG,KY,ASO,CE,Combined TRACON& Tower with Radar,456,92,12,0,560,0,2,2,0,4,456,94,14,0,564,0,0,0,564
07/27/2018,CVG,KY,ASO,CE,Combined TRACON& Tower with Radar,407,92,14,0,513,0,0,0,0,0,407,92,14,0,513,0,0,0,513
07/28/2018,CVG,KY,ASO,CE,Combined TRACON& Tower with Radar,310,47,9,0,366,0,0,6,0,6,310,47,15,0,372,0,0,0,372
07/29/2018,CVG,KY,ASO,CE,Combined TRACON& Tower with Radar,337,67,9,0,413,0,0,3,0,3,337,67,12,0,416,0,0,0,416
07/30/2018,CVG,KY,ASO,CE,Combined TRACON& Tower with Radar,369,96,14,0,479,0,0,2,0,2,369,96,16,0,481,0,0,0,481
07/31/2018,CVG,KY,ASO,CE,Combined TRACON& Tower with Radar,412,92,17,0,521,0,0,0,0,0,412,92,17,0,521,0,0,0,521
08/01/2018,CVG,KY,ASO,CE,Combined TRACON& Tower with Radar,404,82,9,0,495,0,2,2,0,4,404,84,11,0,499,0,0,0,499
08/02/2018,CVG,KY,ASO,CE,Combined TRACON& Tower with Radar,401,80,15,0,496,0,0,2,0,2,401,80,17,0,498,0,0,0,498
08/03/2018,CVG,KY,ASO,CE,Combined TRACON& Tower with Radar,385,90,13,0,488,0,0,10,0,10,385,90,23,0,498,0,0,0,498
08/04/2018,CVG,KY,ASO,CE,Combined TRACON& Tower with Radar,310,46,14,0,370,0,2,8,0,10,310,48,22,0,380,0,0,0,380
08/05/2018,CVG,KY,ASO,CE,Combined TRACON& Tower with Radar,327,73,14,0,414,0,0,7,0,7,327,73,21,0,421,0,0,0,421
08/06/2018,CVG,KY,ASO,CE,Combined TRACON& Tower with Radar,374,78,10,0,462,0,0,1,0,1,374,78,11,0,463,0,0,0,463
08/07/2018,CVG,KY,ASO,CE,Combined TRACON& Tower with Radar,401,80,18,1,500,0,2,1,1,4,401,82,19,2,504,0,0,0,504
08/08/2018,CVG,KY,ASO,CE,Combined TRACON& Tower with Radar,416,87,21,0,524,0,0,0,0,0,416,87,21,0,524,0,0,0,524
08/09/2018,CVG,KY,ASO,CE,Combined TRACON& Tower with Radar,408,87,17,0,512,0,0,1,2,3,408,87,18,2,515,0,0,0,515
08/10/2018,CVG,KY,ASO,CE,Combined TRACON& Tower with Radar,430,85,16,0,531,0,0,0,0,0,430,85,16,0,531,0,0,0,531
08/11/2018,CVG,KY,ASO,CE,Combined TRACON& Tower with Radar,290,51,5,2,348,0,4,0,0,4,290,55,5,2,352,0,0,0,352
08/12/2018,CVG,KY,ASO,CE,Combined TRACON& Tower with Radar,330,68,16,2,416,0,0,0,0,0,330,68,16,2,416,0,0,0,416
08/13/2018,CVG,KY,ASO,CE,Combined TRACON& Tower with Radar,359,78,26,1,464,0,0,3,3,6,359,78,29,4,470,0,0,0,470
08/14/2018,CVG,KY,ASO,CE,Combined TRACON& Tower with Radar,391,83,29,1,504,0,0,12,1,13,391,83,41,2,517,0,0,0,517
08/15/2018,CVG,KY,ASO,CE,Combined TRACON& Tower with Radar,396,84,12,0,492,0,0,3,0,3,396,84,15,0,495,0,0,0,495
08/16/2018,CVG,KY,ASO,CE,Combined TRACON& Tower with Radar,402,98,13,0,513,0,0,0,0,0,402,98,13,0,513,0,0,0,513
08/17/2018,CVG,KY,ASO,CE,Combined TRACON& Tower with Radar,414,75,31,0,520,0,0,1,0,1,414,75,32,0,521,0,0,0,521
08/18/2018,CVG,KY,ASO,CE,Combined TRACON& Tower with Radar,295,55,7,0,357,0,0,0,0,0,295,55,7,0,357,0,0,0,357
08/19/2018,CVG,KY,ASO,CE,Combined TRACON& Tower with Radar,327,75,7,0,409,0,0,2,0,2,327,75,9,0,411,0,0,0,411
08/20/2018,CVG,KY,ASO,CE,Combined TRACON& Tower with Radar,370,79,11,0,460,0,2,0,2,4,370,81,11,2,464,0,0,0,464
08/21/2018,CVG,KY,ASO,CE,Combined TRACON& Tower with Radar,387,81,13,0,481,0,0,2,0,2,387,81,15,0,483,0,0,0,483
08/22/2018,CVG,KY,ASO,CE,Combined TRACON& Tower with Radar,411,85,22,0,518,0,0,5,0,5,411,85,27,0,523,0,0,0,523
08/23/2018,CVG,KY,ASO,CE,Combined TRACON& Tower with Radar,406,83,18,0,507,0,0,2,0,2,406,83,20,0,509,0,0,0,509
08/24/2018,CVG,KY,ASO,CE,Combined TRACON& Tower with Radar,414,80,5,0,499,0,0,0,0,0,414,80,5,0,499,0,0,0,499
08/25/2018,CVG,KY,ASO,CE,Combined TRACON& Tower with Radar,279,38,9,0,326,0,0,0,0,0,279,38,9,0,326,0,0,0,326
08/26/2018,CVG,KY,ASO,CE,Combined TRACON& Tower with Radar,331,60,6,0,397,0,0,3,0,3,331,60,9,0,400,0,0,0,400
08/27/2018,CVG,KY,ASO,CE,Combined TRACON& Tower with Radar,368,75,15,0,458,0,0,7,0,7,368,75,22,0,465,0,0,0,465
08/28/2018,CVG,KY,ASO,CE,Combined TRACON& Tower with Radar,390,80,12,0,482,0,3,5,0,8,390,83,17,0,490,0,0,0,490
08/29/2018,CVG,KY,ASO,CE,Combined TRACON& Tower with Radar,401,76,11,0,488,0,0,5,2,7,401,76,16,2,495,0,0,0,495
08/30/2018,CVG,KY,ASO,CE,Combined TRACON& Tower with Radar,412,77,23,0,512,0,0,10,0,10,412,77,33,0,522,0,0,0,522
08/31/2018,CVG,KY,ASO,CE,Combined TRACON& Tower with Radar,406,81,7,0,494,0,2,3,0,5,406,83,10,0,499,0,0,0,499
09/01/2018,CVG,KY,ASO,CE,Combined TRACON& Tower with Radar,287,33,3,0,323,0,2,0,0,2,287,35,3,0,325,0,0,0,325
09/02/2018,CVG,KY,ASO,CE,Combined TRACON& Tower with Radar,243,31,3,0,277,0,0,2,0,2,243,31,5,0,279,0,0,0,279
09/03/2018,CVG,KY,ASO,CE,Combined TRACON& Tower with Radar,333,57,2,0,392,0,0,2,0,2,333,57,4,0,394,0,0,0,394
09/04/2018,CVG,KY,ASO,CE,Combined TRACON& Tower with Radar,346,67,13,0,426,0,1,9,0,10,346,68,22,0,436,0,0,0,436
09/05/2018,CVG,KY,ASO,CE,Combined TRACON& Tower with Radar,370,53,16,12,451,0,0,0,2,2,370,53,16,14,453,0,0,0,453
09/06/2018,CVG,KY,ASO,CE,Combined TRACON& Tower with Radar,383,63,9,0,455,0,0,1,0,1,383,63,10,0,456,0,0,0,456
09/07/2018,CVG,KY,ASO,CE,Combined TRACON& Tower with Radar,395,64,10,0,469,0,0,1,0,1,395,64,11,0,470,0,0,0,470
09/08/2018,CVG,KY,ASO,CE,Combined TRACON& Tower with Radar,286,33,3,0,322,0,0,0,0,0,286,33,3,0,322,0,0,0,322
09/09/2018,CVG,KY,ASO,CE,Combined TRACON& Tower with Radar,335,59,8,0,402,0,0,0,0,0,335,59,8,0,402,0,0,0,402
09/10/2018,CVG,KY,ASO,CE,Combined TRACON& Tower with Radar,368,76,10,0,454,0,2,2,0,4,368,78,12,0,458,0,0,0,458
09/11/2018,CVG,KY,ASO,CE,Combined TRACON& Tower with Radar,364,72,16,0,452,0,0,2,0,2,364,72,18,0,454,0,0,0,454
09/12/2018,CVG,KY,ASO,CE,Combined TRACON& Tower with Radar,405,78,10,0,493,0,0,6,0,6,405,78,16,0,499,0,0,0,499
09/13/2018,CVG,KY,ASO,CE,Combined TRACON& Tower with Radar,417,76,17,0,510,0,0,11,0,11,417,76,28,0,521,0,0,0,521
09/14/2018,CVG,KY,ASO,CE,Combined TRACON& Tower with Radar,425,69,17,0,511,0,0,1,2,3,425,69,18,2,514,0,0,0,514
09/15/2018,CVG,KY,ASO,CE,Combined TRACON& Tower with Radar,288,31,8,0,327,0,0,4,0,4,288,31,12,0,331,0,0,0,331
09/16/2018,CVG,KY,ASO,CE,Combined TRACON& Tower with Radar,321,59,6,0,386,0,2,9,2,13,321,61,15,2,399,0,0,0,399
09/17/2018,CVG,KY,ASO,CE,Combined TRACON& Tower with Radar,376,69,8,0,453,0,0,0,0,0,376,69,8,0,453,0,0,0,453
09/18/2018,CVG,KY,ASO,CE,Combined TRACON& Tower with Radar,388,86,20,0,494,0,0,13,0,13,388,86,33,0,507,0,0,0,507
09/19/2018,CVG,KY,ASO,CE,Combined TRACON& Tower with Radar,404,74,9,0,487,0,0,3,2,5,404,74,12,2,492,2,0,2,494
09/20/2018,CVG,KY,ASO,CE,Combined TRACON& Tower with Radar,421,82,13,0,516,0,0,1,1,2,421,82,14,1,518,0,0,0,518
09/21/2018,CVG,KY,ASO,CE,Combined TRACON& Tower with Radar,418,77,7,0,502,0,0,2,2,4,418,77,9,2,506,0,0,0,506
09/22/2018,CVG,KY,ASO,CE,Combined TRACON& Tower with Radar,300,34,7,0,341,0,0,0,0,0,300,34,7,0,341,0,0,0,341
09/23/2018,CVG,KY,ASO,CE,Combined TRACON& Tower with Radar,337,56,12,0,405,0,0,0,0,0,337,56,12,0,405,0,0,0,405
09/24/2018,CVG,KY,ASO,CE,Combined TRACON& Tower with Radar,378,73,2,0,453,0,0,0,0,0,378,73,2,0,453,0,0,0,453
09/25/2018,CVG,KY,ASO,CE,Combined TRACON& Tower with Radar,376,65,9,1,451,0,0,0,0,0,376,65,9,1,451,0,0,0,451
09/26/2018,CVG,KY,ASO,CE,Combined TRACON& Tower with Radar,399,74,11,1,485,0,0,2,2,4,399,74,13,3,489,0,0,0,489
09/27/2018,CVG,KY,ASO,CE,Combined TRACON& Tower with Radar,425,77,11,0,513,0,0,5,0,5,425,77,16,0,518,0,0,0,518
09/28/2018,CVG,KY,ASO,CE,Combined TRACON& Tower with Radar,426,67,13,0,506,0,0,1,0,1,426,67,14,0,507,0,0,0,507
09/29/2018,CVG,KY,ASO,CE,Combined TRACON& Tower with Radar,294,33,4,0,331,0,2,8,0,10,294,35,12,0,341,0,0,0,341
09/30/2018,CVG,KY,ASO,CE,Combined TRACON& Tower with Radar,333,58,9,0,400,0,0,6,0,6,333,58,15,0,406,0,0,0,406
10/01/2018,CVG,KY,ASO,CE,Combined TRACON& Tower with Radar,380,80,10,0,470,0,0,6,2,8,380,80,16,2,478,0,0,0,478
10/02/2018,CVG,KY,ASO,CE,Combined TRACON& Tower with Radar,390,70,14,0,474,0,0,3,2,5,390,70,17,2,479,0,0,0,479
10/03/2018,CVG,KY,ASO,CE,Combined TRACON& Tower with Radar,414,75,21,0,510,0,0,3,4,7,414,75,24,4,517,0,0,0,517
10/04/2018,CVG,KY,ASO,CE,Combined TRACON& Tower with Radar,415,71,14,0,500,0,0,1,0,1,415,71,15,0,501,0,0,0,501
10/05/2018,CVG,KY,ASO,CE,Combined TRACON& Tower with Radar,418,65,15,0,498,0,0,2,0,2,418,65,17,0,500,0,0,0,500
10/06/2018,CVG,KY,ASO,CE,Combined TRACON& Tower with Radar,307,39,4,0,350,0,0,5,0,5,307,39,9,0,355,0,0,0,355
10/07/2018,CVG,KY,ASO,CE,Combined TRACON& Tower with Radar,334,52,11,0,397,0,0,2,0,2,334,52,13,0,399,0,0,0,399
10/08/2018,CVG,KY,ASO,CE,Combined TRACON& Tower with Radar,368,80,14,0,462,0,0,8,0,8,368,80,22,0,470,0,0,0,470
10/09/2018,CVG,KY,ASO,CE,Combined TRACON& Tower with Radar,390,69,9,0,468,0,0,8,0,8,390,69,17,0,476,0,0,0,476
10/10/2018,CVG,KY,ASO,CE,Combined TRACON& Tower with Radar,400,75,12,0,487,0,0,0,0,0,400,75,12,0,487,0,0,0,487
10/11/2018,CVG,KY,ASO,CE,Combined TRACON& Tower with Radar,417,68,28,0,513,0,0,2,0,2,417,68,30,0,515,0,0,0,515
10/12/2018,CVG,KY,ASO,CE,Combined TRACON& Tower with Radar,433,77,5,0,515,0,0,2,0,2,433,77,7,0,517,0,0,0,517
10/13/2018,CVG,KY,ASO,CE,Combined TRACON& Tower with Radar,288,29,8,0,325,0,2,4,0,6,288,31,12,0,331,0,0,0,331
10/14/2018,CVG,KY,ASO,CE,Combined TRACON& Tower with Radar,334,51,10,0,395,0,0,0,0,0,334,51,10,0,395,0,0,0,395
10/15/2018,CVG,KY,ASO,CE,Combined TRACON& Tower with Radar,373,71,7,0,451,0,0,0,0,0,373,71,7,0,451,0,0,0,451
10/16/2018,CVG,KY,ASO,CE,Combined TRACON& Tower with Radar,404,68,15,0,487,0,0,2,0,2,404,68,17,0,489,0,0,0,489
10/17/2018,CVG,KY,ASO,CE,Combined TRACON& Tower with Radar,409,74,21,0,504,0,0,6,0,6,409,74,27,0,510,0,0,0,510
10/18/2018,CVG,KY,ASO,CE,Combined TRACON& Tower with Radar,430,76,20,0,526,0,0,8,0,8,430,76,28,0,534,0,0,0,534
10/19/2018,CVG,KY,ASO,CE,Combined TRACON& Tower with Radar,429,71,12,0,512,0,2,2,1,5,429,73,14,1,517,0,0,0,517
10/20/2018,CVG,KY,ASO,CE,Combined TRACON& Tower with Radar,308,42,10,0,360,0,0,0,0,0,308,42,10,0,360,0,0,0,360
10/21/2018,CVG,KY,ASO,CE,Combined TRACON& Tower with Radar,321,55,12,0,388,0,0,4,0,4,321,55,16,0,392,0,0,0,392
10/22/2018,CVG,KY,ASO,CE,Combined TRACON& Tower with Radar,392,75,12,1,480,0,0,2,2,4,392,75,14,3,484,0,0,0,484
10/23/2018,CVG,KY,ASO,CE,Combined TRACON& Tower with Radar,405,73,12,2,492,0,2,4,2,8,405,75,16,4,500,0,0,0,500
10/24/2018,CVG,KY,ASO,CE,Combined TRACON& Tower with Radar,414,70,14,0,498,0,0,0,0,0,414,70,14,0,498,0,0,0,498
10/25/2018,CVG,KY,ASO,CE,Combined TRACON& Tower with Radar,426,81,11,2,520,0,1,0,2,3,426,82,11,4,523,0,0,0,523
10/26/2018,CVG,KY,ASO,CE,Combined TRACON& Tower with Radar,428,71,4,0,503,0,1,0,0,1,428,72,4,0,504,0,0,0,504
10/27/2018,CVG,KY,ASO,CE,Combined TRACON& Tower with Radar,299,37,5,0,341,0,0,0,0,0,299,37,5,0,341,0,0,0,341
10/28/2018,CVG,KY,ASO,CE,Combined TRACON& Tower with Radar,314,59,0,0,373,0,0,4,0,4,314,59,4,0,377,0,0,0,377
10/29/2018,CVG,KY,ASO,CE,Combined TRACON& Tower with Radar,345,55,26,0,426,0,1,6,0,7,345,56,32,0,433,0,0,0,433
10/30/2018,CVG,KY,ASO,CE,Combined TRACON& Tower with Radar,363,66,17,12,458,0,0,9,2,11,363,66,26,14,469,0,0,0,469
10/31/2018,CVG,KY,ASO,CE,Combined TRACON& Tower with Radar,331,47,6,0,384,0,0,0,0,0,331,47,6,0,384,0,0,0,384
11/01/2018,CVG,KY,ASO,CE,Combined TRACON& Tower with Radar,407,69,18,0,494,0,0,0,0,0,407,69,18,0,494,0,0,0,494
11/02/2018,CVG,KY,ASO,CE,Combined TRACON& Tower with Radar,411,57,11,0,479,0,0,0,0,0,411,57,11,0,479,0,0,0,479
11/03/2018,CVG,KY,ASO,CE,Combined TRACON& Tower with Radar,288,30,5,0,323,0,0,1,0,1,288,30,6,0,324,0,0,0,324
11/04/2018,CVG,KY,ASO,CE,Combined TRACON& Tower with Radar,329,49,11,0,389,0,0,5,1,6,329,49,16,1,395,0,0,0,395
11/05/2018,CVG,KY,ASO,CE,Combined TRACON& Tower with Radar,373,65,15,0,453,0,0,0,2,2,373,65,15,2,455,0,0,0,455
11/06/2018,CVG,KY,ASO,CE,Combined TRACON& Tower with Radar,388,63,10,0,461,0,0,3,0,3,388,63,13,0,464,6,0,6,470
11/07/2018,CVG,KY,ASO,CE,Combined TRACON& Tower with Radar,398,78,8,0,484,0,0,4,0,4,398,78,12,0,488,0,0,0,488
11/08/2018,CVG,KY,ASO,CE,Combined TRACON& Tower with Radar,420,72,11,0,503,0,2,3,3,8,420,74,14,3,511,0,0,0,511
11/09/2018,CVG,KY,ASO,CE,Combined TRACON& Tower with Radar,428,71,5,2,506,0,0,0,0,0,428,71,5,2,506,0,0,0,506
11/10/2018,CVG,KY,ASO,CE,Combined TRACON& Tower with Radar,286,31,2,0,319,0,0,0,0,0,286,31,2,0,319,0,0,0,319
11/11/2018,CVG,KY,ASO,CE,Combined TRACON& Tower with Radar,330,51,2,2,385,0,0,5,0,5,330,51,7,2,390,0,0,0,390
11/12/2018,CVG,KY,ASO,CE,Combined TRACON& Tower with Radar,390,68,19,0,477,0,0,3,4,7,390,68,22,4,484,0,0,0,484
11/13/2018,CVG,KY,ASO,CE,Combined TRACON& Tower with Radar,409,74,5,0,488,0,0,0,0,0,409,74,5,0,488,0,0,0,488
11/14/2018,CVG,KY,ASO,CE,Combined TRACON& Tower with Radar,402,73,20,0,495,0,0,2,0,2,402,73,22,0,497,0,0,0,497
11/15/2018,CVG,KY,ASO,CE,Combined TRACON& Tower with Radar,400,83,10,0,493,0,0,0,0,0,400,83,10,0,493,0,0,0,493
11/16/2018,CVG,KY,ASO,CE,Combined TRACON& Tower with Radar,419,76,4,0,499,0,0,5,0,5,419,76,9,0,504,0,0,0,504
11/17/2018,CVG,KY,ASO,CE,Combined TRACON& Tower with Radar,290,37,8,0,335,0,0,2,0,2,290,37,10,0,337,0,0,0,337
11/18/2018,CVG,KY,ASO,CE,Combined TRACON& Tower with Radar,302,53,2,0,357,0,0,2,0,2,302,53,4,0,359,0,0,0,359
11/19/2018,CVG,KY,ASO,CE,Combined TRACON& Tower with Radar,339,52,7,0,398,0,0,0,0,0,339,52,7,0,398,0,0,0,398
11/20/2018,CVG,KY,ASO,CE,Combined TRACON& Tower with Radar,395,63,17,0,475,0,0,2,0,2,395,63,19,0,477,0,0,0,477
11/21/2018,CVG,KY,ASO,CE,Combined TRACON& Tower with Radar,416,70,11,0,497,0,0,5,0,5,416,70,16,0,502,0,0,0,502
11/22/2018,CVG,KY,ASO,CE,Combined TRACON& Tower with Radar,309,18,1,0,328,0,0,0,0,0,309,18,1,0,328,0,0,0,328
11/23/2018,CVG,KY,ASO,CE,Combined TRACON& Tower with Radar,258,25,9,0,292,0,0,4,0,4,258,25,13,0,296,0,0,0,296
11/24/2018,CVG,KY,ASO,CE,Combined TRACON& Tower with Radar,369,64,4,0,437,0,0,1,0,1,369,64,5,0,438,0,0,0,438
11/25/2018,CVG,KY,ASO,CE,Combined TRACON& Tower with Radar,374,69,16,0,459,0,0,8,2,10,374,69,24,2,469,0,0,0,469
11/26/2018,CVG,KY,ASO,CE,Combined TRACON& Tower with Radar,375,67,3,0,445,0,0,0,0,0,375,67,3,0,445,0,0,0,445
11/27/2018,CVG,KY,ASO,CE,Combined TRACON& Tower with Radar,404,78,12,0,494,0,0,2,2,4,404,78,14,2,498,0,0,0,498
11/28/2018,CVG,KY,ASO,CE,Combined TRACON& Tower with Radar,394,72,18,0,484,0,0,3,0,3,394,72,21,0,487,0,0,0,487
11/29/2018,CVG,KY,ASO,CE,Combined TRACON& Tower with Radar,433,73,11,2,519,0,0,2,0,2,433,73,13,2,521,0,0,0,521
11/30/2018,CVG,KY,ASO,CE,Combined TRACON& Tower with Radar,420,66,8,2,496,0,0,0,0,0,420,66,8,2,496,0,0,0,496
12/01/2018,CVG,KY,ASO,CE,Combined TRACON& Tower with Radar,301,31,4,0,336,0,0,0,0,0,301,31,4,0,336,0,0,0,336
12/02/2018,CVG,KY,ASO,CE,Combined TRACON& Tower with Radar,309,46,18,0,373,0,0,0,0,0,309,46,18,0,373,0,0,0,373
12/03/2018,CVG,KY,ASO,CE,Combined TRACON& Tower with Radar,370,72,4,0,446,0,0,0,0,0,370,72,4,0,446,0,0,0,446
12/04/2018,CVG,KY,ASO,CE,Combined TRACON& Tower with Radar,398,74,12,0,484,0,0,4,0,4,398,74,16,0,488,0,0,0,488
12/05/2018,CVG,KY,ASO,CE,Combined TRACON& Tower with Radar,397,77,8,0,482,0,0,4,2,6,397,77,12,2,488,0,0,0,488
12/06/2018,CVG,KY,ASO,CE,Combined TRACON& Tower with Radar,431,78,20,0,529,0,0,0,0,0,431,78,20,0,529,0,0,0,529
12/07/2018,CVG,KY,ASO,CE,Combined TRACON& Tower with Radar,417,75,21,0,513,0,0,2,0,2,417,75,23,0,515,0,0,0,515
12/08/2018,CVG,KY,ASO,CE,Combined TRACON& Tower with Radar,320,34,0,0,354,0,0,5,3,8,320,34,5,3,362,0,0,0,362
12/09/2018,CVG,KY,ASO,CE,Combined TRACON& Tower with Radar,323,56,9,0,388,0,0,3,3,6,323,56,12,3,394,0,0,0,394
12/10/2018,CVG,KY,ASO,CE,Combined TRACON& Tower with Radar,381,75,16,0,472,0,0,1,0,1,381,75,17,0,473,0,0,0,473
12/11/2018,CVG,KY,ASO,CE,Combined TRACON& Tower with Radar,390,74,12,0,476,0,0,9,2,11,390,74,21,2,487,0,0,0,487
12/12/2018,CVG,KY,ASO,CE,Combined TRACON& Tower with Radar,399,72,6,3,480,0,0,6,3,9,399,72,12,6,489,0,0,0,489
12/13/2018,CVG,KY,ASO,CE,Combined TRACON& Tower with Radar,432,75,2,0,509,0,0,0,2,2,432,75,2,2,511,0,0,0,511
12/14/2018,CVG,KY,ASO,CE,Combined TRACON& Tower with Radar,427,74,7,0,508,0,0,5,0,5,427,74,12,0,513,0,0,0,513
12/15/2018,CVG,KY,ASO,CE,Combined TRACON& Tower with Radar,307,32,12,0,351,0,0,0,0,0,307,32,12,0,351,0,0,0,351
12/16/2018,CVG,KY,ASO,CE,Combined TRACON& Tower with Radar,320,65,5,0,390,0,0,0,0,0,320,65,5,0,390,0,0,0,390
12/17/2018,CVG,KY,ASO,CE,Combined TRACON& Tower with Radar,368,79,6,0,453,0,0,7,0,7,368,79,13,0,460,0,0,0,460
12/18/2018,CVG,KY,ASO,CE,Combined TRACON& Tower with Radar,388,78,15,0,481,0,0,13,0,13,388,78,28,0,494,0,0,0,494
12/19/2018,CVG,KY,ASO,CE,Combined TRACON& Tower with Radar,386,94,16,0,496,0,0,5,0,5,386,94,21,0,501,0,0,0,501
12/20/2018,CVG,KY,ASO,CE,Combined TRACON& Tower with Radar,407,88,10,0,505,0,0,0,0,0,407,88,10,0,505,0,0,0,505
12/21/2018,CVG,KY,ASO,CE,Combined TRACON& Tower with Radar,388,91,0,0,479,0,0,0,0,0,388,91,0,0,479,0,0,0,479
12/22/2018,CVG,KY,ASO,CE,Combined TRACON& Tower with Radar,343,49,5,0,397,0,0,4,0,4,343,49,9,0,401,0,0,0,401
12/23/2018,CVG,KY,ASO,CE,Combined TRACON& Tower with Radar,303,66,5,0,374,0,2,0,0,2,303,68,5,0,376,0,0,0,376
12/24/2018,CVG,KY,ASO,CE,Combined TRACON& Tower with Radar,256,51,9,0,316,0,0,0,0,0,256,51,9,0,316,0,0,0,316
12/25/2018,CVG,KY,ASO,CE,Combined TRACON& Tower with Radar,186,41,1,0,228,0,0,0,0,0,186,41,1,0,228,0,0,0,228
12/26/2018,CVG,KY,ASO,CE,Combined TRACON& Tower with Radar,288,72,8,0,368,0,0,2,0,2,288,72,10,0,370,0,0,0,370
12/27/2018,CVG,KY,ASO,CE,Combined TRACON& Tower with Radar,365,65,5,0,435,0,0,0,2,2,365,65,5,2,437,0,0,0,437
12/28/2018,CVG,KY,ASO,CE,Combined TRACON& Tower with Radar,351,66,7,0,424,0,0,0,0,0,351,66,7,0,424,0,0,0,424
12/29/2018,CVG,KY,ASO,CE,Combined TRACON& Tower with Radar,322,49,7,0,378,0,0,0,2,2,322,49,7,2,380,0,0,0,380
12/30/2018,CVG,KY,ASO,CE,Combined TRACON& Tower with Radar,309,64,4,0,377,0,0,4,0,4,309,64,8,0,381,0,0,0,381
12/31/2018,CVG,KY,ASO,CE,Combined TRACON& Tower with Radar,257,52,7,0,316,0,0,0,0,0,257,52,7,0,316,0,0,0,316
01/01/2019,CVG,KY,ASO,CE,Combined TRACON& Tower with Radar,187,54,3,0,244,0,0,0,0,0,187,54,3,0,244,0,0,0,244
01/02/2019,CVG,KY,ASO,CE,Combined TRACON& Tower with Radar,327,74,4,0,405,0,0,0,0,0,327,74,4,0,405,0,0,0,405
01/03/2019,CVG,KY,ASO,CE,Combined TRACON& Tower with Radar,360,75,8,0,443,0,0,5,0,5,360,75,13,0,448,0,0,0,448
01/04/2019,CVG,KY,ASO,CE,Combined TRACON& Tower with Radar,355,66,12,0,433,0,0,4,0,4,355,66,16,0,437,0,0,0,437
01/05/2019,CVG,KY,ASO,CE,Combined TRACON& Tower with Radar,280,48,8,0,336,0,0,5,4,9,280,48,13,4,345,0,0,0,345
01/06/2019,CVG,KY,ASO,CE,Combined TRACON& Tower with Radar,278,70,2,0,350,0,0,2,0,2,278,70,4,0,352,0,0,0,352
01/07/2019,CVG,KY,ASO,CE,Combined TRACON& Tower with Radar,319,84,0,0,403,0,0,0,0,0,319,84,0,0,403,0,0,0,403
01/08/2019,CVG,KY,ASO,CE,Combined TRACON& Tower with Radar,341,86,15,0,442,1,1,0,0,2,342,87,15,0,444,0,0,0,444
01/09/2019,CVG,KY,ASO,CE,Combined TRACON& Tower with Radar,349,93,7,0,449,0,0,0,2,2,349,93,7,2,451,0,0,0,451
01/10/2019,CVG,KY,ASO,CE,Combined TRACON& Tower with Radar,368,87,20,0,475,0,0,4,1,5,368,87,24,1,480,0,0,0,480
01/11/2019,CVG,KY,ASO,CE,Combined TRACON& Tower with Radar,378,91,14,0,483,0,0,0,2,2,378,91,14,2,485,0,0,0,485
01/12/2019,CVG,KY,ASO,CE,Combined TRACON& Tower with Radar,265,55,0,0,320,0,0,0,0,0,265,55,0,0,320,0,0,0,320
01/13/2019,CVG,KY,ASO,CE,Combined TRACON& Tower with Radar,262,82,4,0,348,0,0,0,0,0,262,82,4,0,348,0,0,0,348
01/14/2019,CVG,KY,ASO,CE,Combined TRACON& Tower with Radar,323,98,6,0,427,0,0,0,0,0,323,98,6,0,427,0,0,0,427
01/15/2019,CVG,KY,ASO,CE,Combined TRACON& Tower with Radar,330,92,12,0,434,0,0,0,0,0,330,92,12,0,434,0,0,0,434
01/16/2019,CVG,KY,ASO,CE,Combined TRACON& Tower with Radar,350,92,13,0,455,0,0,0,0,0,350,92,13,0,455,0,0,0,455
01/17/2019,CVG,KY,ASO,CE,Combined TRACON& Tower with Radar,369,90,9,0,468,0,0,0,0,0,369,90,9,0,468,0,0,0,468
01/18/2019,CVG,KY,ASO,CE,Combined TRACON& Tower with Radar,369,90,10,1,470,0,0,0,0,0,369,90,10,1,470,0,0,0,470
01/19/2019,CVG,KY,ASO,CE,Combined TRACON& Tower with Radar,246,40,0,0,286,0,0,0,0,0,246,40,0,0,286,0,0,0,286
01/20/2019,CVG,KY,ASO,CE,Combined TRACON& Tower with Radar,241,45,1,0,287,0,0,0,0,0,241,45,1,0,287,0,0,0,287
01/21/2019,CVG,KY,ASO,CE,Combined TRACON& Tower with Radar,320,86,4,0,410,0,0,6,0,6,320,86,10,0,416,0,0,0,416
01/22/2019,CVG,KY,ASO,CE,Combined TRACON& Tower with Radar,346,80,9,0,435,0,0,11,0,11,346,80,20,0,446,0,0,0,446
01/23/2019,CVG,KY,ASO,CE,Combined TRACON& Tower with Radar,359,84,11,0,454,0,0,0,0,0,359,84,11,0,454,0,0,0,454
01/24/2019,CVG,KY,ASO,CE,Combined TRACON& Tower with Radar,366,96,5,0,467,0,0,4,0,4,366,96,9,0,471,0,0,0,471
01/25/2019,CVG,KY,ASO,CE,Combined TRACON& Tower with Radar,383,93,13,0,489,0,0,3,0,3,383,93,16,0,492,0,0,0,492
01/26/2019,CVG,KY,ASO,CE,Combined TRACON& Tower with Radar,261,65,3,0,329,0,2,0,2,4,261,67,3,2,333,0,0,0,333
01/27/2019,CVG,KY,ASO,CE,Combined TRACON& Tower with Radar,278,82,10,0,370,0,0,2,2,4,278,82,12,2,374,0,0,0,374
01/28/2019,CVG,KY,ASO,CE,Combined TRACON& Tower with Radar,309,67,13,0,389,0,1,0,0,1,309,68,13,0,390,0,0,0,390
01/29/2019,CVG,KY,ASO,CE,Combined TRACON& Tower with Radar,329,85,8,0,422,0,0,0,0,0,329,85,8,0,422,0,0,0,422
01/30/2019,CVG,KY,ASO,CE,Combined TRACON& Tower with Radar,342,77,7,0,426,0,0,2,0,2,342,77,9,0,428,0,0,0,428
01/31/2019,CVG,KY,ASO,CE,Combined TRACON& Tower with Radar,355,83,19,1,458,0,2,1,3,6,355,85,20,4,464,0,0,0,464
02/01/2019,CVG,KY,ASO,CE,Combined TRACON& Tower with Radar,376,89,3,0,468,0,1,2,0,3,376,90,5,0,471,0,0,0,471
02/02/2019,CVG,KY,ASO,CE,Combined TRACON& Tower with Radar,270,55,2,0,327,0,0,0,0,0,270,55,2,0,327,0,0,0,327
02/03/2019,CVG,KY,ASO,CE,Combined TRACON& Tower with Radar,246,64,6,2,318,0,0,4,2,6,246,64,10,4,324,0,0,0,324
02/04/2019,CVG,KY,ASO,CE,Combined TRACON& Tower with Radar,332,85,11,0,428,0,0,0,0,0,332,85,11,0,428,0,0,0,428
02/05/2019,CVG,KY,ASO,CE,Combined TRACON& Tower with Radar,346,87,11,0,444,0,0,0,0,0,346,87,11,0,444,0,0,0,444
02/06/2019,CVG,KY,ASO,CE,Combined TRACON& Tower with Radar,347,84,10,0,441,0,0,0,0,0,347,84,10,0,441,0,0,0,441
02/07/2019,CVG,KY,ASO,CE,Combined TRACON& Tower with Radar,347,89,11,0,447,0,0,0,0,0,347,89,11,0,447,0,0,0,447
02/08/2019,CVG,KY,ASO,CE,Combined TRACON& Tower with Radar,360,95,11,2,468,0,0,2,0,2,360,95,13,2,470,0,0,0,470
02/09/2019,CVG,KY,ASO,CE,Combined TRACON& Tower with Radar,249,56,5,0,310,0,0,5,0,5,249,56,10,0,315,0,0,0,315
02/10/2019,CVG,KY,ASO,CE,Combined TRACON& Tower with Radar,252,75,12,0,339,0,0,0,1,1,252,75,12,1,340,0,0,0,340
02/11/2019,CVG,KY,ASO,CE,Combined TRACON& Tower with Radar,327,83,7,0,417,0,0,0,0,0,327,83,7,0,417,0,0,0,417
02/12/2019,CVG,KY,ASO,CE,Combined TRACON& Tower with Radar,304,79,8,0,391,0,0,0,0,0,304,79,8,0,391,0,0,0,391
02/13/2019,CVG,KY,ASO,CE,Combined TRACON& Tower with Radar,355,90,19,0,464,0,0,4,0,4,355,90,23,0,468,0,0,0,468
02/14/2019,CVG,KY,ASO,CE,Combined TRACON& Tower with Radar,363,81,8,0,452,0,0,3,0,3,363,81,11,0,455,0,0,0,455
02/15/2019,CVG,KY,ASO,CE,Combined TRACON& Tower with Radar,371,82,6,0,459,0,0,3,2,5,371,82,9,2,464,0,0,0,464
02/16/2019,CVG,KY,ASO,CE,Combined TRACON& Tower with Radar,258,45,2,0,305,0,0,4,0,4,258,45,6,0,309,0,0,0,309
02/17/2019,CVG,KY,ASO,CE,Combined TRACON& Tower with Radar,221,49,7,0,277,0,1,0,0,1,221,50,7,0,278,0,0,0,278
02/18/2019,CVG,KY,ASO,CE,Combined TRACON& Tower with Radar,317,78,9,0,404,0,0,2,0,2,317,78,11,0,406,0,0,0,406
02/19/2019,CVG,KY,ASO,CE,Combined TRACON& Tower with Radar,345,93,15,0,453,0,0,4,2,6,345,93,19,2,459,0,0,0,459
02/20/2019,CVG,KY,ASO,CE,Combined TRACON& Tower with Radar,340,86,16,0,442,0,0,0,0,0,340,86,16,0,442,0,0,0,442
02/21/2019,CVG,KY,ASO,CE,Combined TRACON& Tower with Radar,367,86,12,0,465,0,0,6,0,6,367,86,18,0,471,0,0,0,471
02/22/2019,CVG,KY,ASO,CE,Combined TRACON& Tower with Radar,388,85,11,0,484,0,0,0,4,4,388,85,11,4,488,0,0,0,488
02/23/2019,CVG,KY,ASO,CE,Combined TRACON& Tower with Radar,263,49,1,0,313,0,0,0,0,0,263,49,1,0,313,0,0,0,313
02/24/2019,CVG,KY,ASO,CE,Combined TRACON& Tower with Radar,305,73,0,0,378,0,0,0,0,0,305,73,0,0,378,0,0,0,378
02/25/2019,CVG,KY,ASO,CE,Combined TRACON& Tower with Radar,326,85,23,0,434,0,1,6,0,7,326,86,29,0,441,0,0,0,441
02/26/2019,CVG,KY,ASO,CE,Combined TRACON& Tower with Radar,351,86,12,0,449,0,0,5,2,7,351,86,17,2,456,0,0,0,456
02/27/2019,CVG,KY,ASO,CE,Combined TRACON& Tower with Radar,358,76,13,0,447,0,0,3,4,7,358,76,16,4,454,0,0,0,454
02/28/2019,CVG,KY,ASO,CE,Combined TRACON& Tower with Radar,369,84,8,0,461,0,0,0,0,0,369,84,8,0,461,0,0,0,461
03/01/2019,CVG,KY,ASO,CE,Combined TRACON& Tower with Radar,381,89,12,0,482,0,0,0,2,2,381,89,12,2,484,0,0,0,484
03/02/2019,CVG,KY,ASO,CE,Combined TRACON& Tower with Radar,294,59,2,0,355,0,0,2,2,4,294,59,4,2,359,0,0,0,359
03/03/2019,CVG,KY,ASO,CE,Combined TRACON& Tower with Radar,288,74,2,0,364,0,0,0,0,0,288,74,2,0,364,0,0,0,364
03/04/2019,CVG,KY,ASO,CE,Combined TRACON& Tower with Radar,334,86,11,0,431,0,3,11,1,15,334,89,22,1,446,16,0,16,462
03/05/2019,CVG,KY,ASO,CE,Combined TRACON& Tower with Radar,366,87,20,0,473,0,0,2,2,4,366,87,22,2,477,0,0,0,477
03/06/2019,CVG,KY,ASO,CE,Combined TRACON& Tower with Radar,379,89,19,0,487,0,1,4,2,7,379,90,23,2,494,0,0,0,494
03/07/2019,CVG,KY,ASO,CE,Combined TRACON& Tower with Radar,375,94,16,0,485,0,0,9,0,9,375,94,25,0,494,0,0,0,494
03/08/2019,CVG,KY,ASO,CE,Combined TRACON& Tower with Radar,388,92,7,0,487,0,0,2,0,2,388,92,9,0,489,0,0,0,489
03/09/2019,CVG,KY,ASO,CE,Combined TRACON& Tower with Radar,298,54,2,0,354,0,0,0,0,0,298,54,2,0,354,0,0,0,354
03/10/2019,CVG,KY,ASO,CE,Combined TRACON& Tower with Radar,303,80,6,0,389,0,0,0,0,0,303,80,6,0,389,0,0,0,389
03/11/2019,CVG,KY,ASO,CE,Combined TRACON& Tower with Radar,347,87,9,0,443,0,0,4,0,4,347,87,13,0,447,28,0,28,475
03/12/2019,CVG,KY,ASO,CE,Combined TRACON& Tower with Radar,370,92,10,0,472,0,0,8,1,9,370,92,18,1,481,28,0,28,509
03/13/2019,CVG,KY,ASO,CE,Combined TRACON& Tower with Radar,380,93,9,0,482,0,0,33,1,34,380,93,42,1,516,0,0,0,516
03/14/2019,CVG,KY,ASO,CE,Combined TRACON& Tower with Radar,382,85,7,0,474,0,0,0,0,0,382,85,7,0,474,0,0,0,474
03/15/2019,CVG,KY,ASO,CE,Combined TRACON& Tower with Radar,391,93,7,0,491,0,0,1,2,3,391,93,8,2,494,0,0,0,494
03/16/2019,CVG,KY,ASO,CE,Combined TRACON& Tower with Radar,314,59,4,0,377,0,0,9,0,9,314,59,13,0,386,8,0,8,394
03/17/2019,CVG,KY,ASO,CE,Combined TRACON& Tower with Radar,298,89,11,0,398,0,0,0,0,0,298,89,11,0,398,0,0,0,398
03/18/2019,CVG,KY,ASO,CE,Combined TRACON& Tower with Radar,339,89,13,0,441,0,0,7,2,9,339,89,20,2,450,0,0,0,450
03/19/2019,CVG,KY,ASO,CE,Combined TRACON& Tower with Radar,364,88,17,0,469,0,0,6,2,8,364,88,23,2,477,0,0,0,477
03/20/2019,CVG,KY,ASO,CE,Combined TRACON& Tower with Radar,382,91,9,0,482,0,0,2,0,2,382,91,11,0,484,0,0,0,484
03/21/2019,CVG,KY,ASO,CE,Combined TRACON& Tower with Radar,394,89,3,1,487,0,0,0,0,0,394,89,3,1,487,0,0,0,487
03/22/2019,CVG,KY,ASO,CE,Combined TRACON& Tower with Radar,397,89,7,1,494,0,0,4,2,6,397,89,11,3,500,0,0,0,500
03/23/2019,CVG,KY,ASO,CE,Combined TRACON& Tower with Radar,294,51,15,0,360,0,2,0,0,2,294,53,15,0,362,0,0,0,362
03/24/2019,CVG,KY,ASO,CE,Combined TRACON& Tower with Radar,306,77,6,0,389,0,0,2,0,2,306,77,8,0,391,0,0,0,391
03/25/2019,CVG,KY,ASO,CE,Combined TRACON& Tower with Radar,349,85,13,2,449,0,0,0,2,2,349,85,13,4,451,0,0,0,451
03/26/2019,CVG,KY,ASO,CE,Combined TRACON& Tower with Radar,372,92,13,0,477,0,0,7,2,9,372,92,20,2,486,19,0,19,505
03/27/2019,CVG,KY,ASO,CE,Combined TRACON& Tower with Radar,398,90,8,0,496,0,0,12,1,13,398,90,20,1,509,0,0,0,509
03/28/2019,CVG,KY,ASO,CE,Combined TRACON& Tower with Radar,384,96,9,3,492,0,0,4,1,5,384,96,13,4,497,0,8,8,505
03/29/2019,CVG,KY,ASO,CE,Combined TRACON& Tower with Radar,402,86,9,1,498,0,0,1,0,1,402,86,10,1,499,16,0,16,515
03/30/2019,CVG,KY,ASO,CE,Combined TRACON& Tower with Radar,314,56,2,0,372,0,2,0,0,2,314,58,2,0,374,0,0,0,374
03/31/2019,CVG,KY,ASO,CE,Combined TRACON& Tower with Radar,317,90,7,0,414,0,0,1,0,1,317,90,8,0,415,0,0,0,415
04/01/2019,CVG,KY,ASO,CE,Combined TRACON& Tower with Radar,341,87,10,0,438,0,2,9,0,11,341,89,19,0,449,0,0,0,449
04/02/2019,CVG,KY,ASO,CE,Combined TRACON& Tower with Radar,374,82,19,0,475,0,1,3,2,6,374,83,22,2,481,0,0,0,481
04/03/2019,CVG,KY,ASO,CE,Combined TRACON& Tower with Radar,389,83,17,0,489,0,0,10,2,12,389,83,27,2,501,0,0,0,501
04/04/2019,CVG,KY,ASO,CE,Combined TRACON& Tower with Radar,384,91,18,0,493,0,0,0,2,2,384,91,18,2,495,0,0,0,495
04/05/2019,CVG,KY,ASO,CE,Combined TRACON& Tower with Radar,400,85,3,0,488,0,0,2,0,2,400,85,5,0,490,0,0,0,490
04/06/2019,CVG,KY,ASO,CE,Combined TRACON& Tower with Radar,305,43,4,0,352,0,0,2,2,4,305,43,6,2,356,0,0,0,356
04/07/2019,CVG,KY,ASO,CE,Combined TRACON& Tower with Radar,305,77,3,0,385,0,0,0,0,0,305,77,3,0,385,0,0,0,385
04/08/2019,CVG,KY,ASO,CE,Combined TRACON& Tower with Radar,344,90,6,0,440,0,0,0,0,0,344,90,6,0,440,0,0,0,440
04/09/2019,CVG,KY,ASO,CE,Combined TRACON& Tower with Radar,377,81,12,0,470,0,0,8,1,9,377,81,20,1,479,0,0,0,479
04/10/2019,CVG,KY,ASO,CE,Combined TRACON& Tower with Radar,380,90,11,0,481,0,0,5,0,5,380,90,16,0,486,0,0,0,486
04/11/2019,CVG,KY,ASO,CE,Combined TRACON& Tower with Radar,388,90,5,0,483,0,0,2,0,2,388,90,7,0,485,0,0,0,485
04/12/2019,CVG,KY,ASO,CE,Combined TRACON& Tower with Radar,394,90,5,0,489,0,0,2,1,3,394,90,7,1,492,0,0,0,492
04/13/2019,CVG,KY,ASO,CE,Combined TRACON& Tower with Radar,313,50,6,1,370,0,0,3,0,3,313,50,9,1,373,2,0,2,375
04/14/2019,CVG,KY,ASO,CE,Combined TRACON& Tower with Radar,286,60,9,0,355,0,2,0,0,2,286,62,9,0,357,0,0,0,357
04/15/2019,CVG,KY,ASO,CE,Combined TRACON& Tower with Radar,350,95,18,1,464,0,0,2,1,3,350,95,20,2,467,0,0,0,467
04/16/2019,CVG,KY,ASO,CE,Combined TRACON& Tower with Radar,376,85,23,0,484,0,0,14,1,15,376,85,37,1,499,0,0,0,499
04/17/2019,CVG,KY,ASO,CE,Combined TRACON& Tower with Radar,386,88,20,0,494,0,0,10,1,11,386,88,30,1,505,8,0,8,513
04/18/2019,CVG,KY,ASO,CE,Combined TRACON& Tower with Radar,388,87,8,0,483,0,3,4,0,7,388,90,12,0,490,0,0,0,490
04/19/2019,CVG,KY,ASO,CE,Combined TRACON& Tower with Radar,386,78,5,0,469,0,0,0,0,0,386,78,5,0,469,14,0,14,483
04/20/2019,CVG,KY,ASO,CE,Combined TRACON& Tower with Radar,293,35,3,0,331,0,0,0,0,0,293,35,3,0,331,0,0,0,331
04/21/2019,CVG,KY,ASO,CE,Combined TRACON& Tower with Radar,287,70,4,0,361,0,0,2,3,5,287,70,6,3,366,0,0,0,366
04/22/2019,CVG,KY,ASO,CE,Combined TRACON& Tower with Radar,344,89,11,0,444,0,3,13,1,17,344,92,24,1,461,4,0,4,465
04/23/2019,CVG,KY,ASO,CE,Combined TRACON& Tower with Radar,377,85,15,0,477,0,0,3,0,3,377,85,18,0,480,0,0,0,480
04/24/2019,CVG,KY,ASO,CE,Combined TRACON& Tower with Radar,378,89,13,0,480,0,0,5,0,5,378,89,18,0,485,11,0,11,496
04/25/2019,CVG,KY,ASO,CE,Combined TRACON& Tower with Radar,393,86,12,0,491,0,0,0,0,0,393,86,12,0,491,0,0,0,491
04/26/2019,CVG,KY,ASO,CE,Combined TRACON& Tower with Radar,400,78,3,0,481,0,0,0,0,0,400,78,3,0,481,0,0,0,481
04/27/2019,CVG,KY,ASO,CE,Combined TRACON& Tower with Radar,311,43,6,0,360,0,0,4,0,4,311,43,10,0,364,0,0,0,364
04/28/2019,CVG,KY,ASO,CE,Combined TRACON& Tower with Radar,299,81,7,0,387,0,0,2,0,2,299,81,9,0,389,0,0,0,389
04/29/2019,CVG,KY,ASO,CE,Combined TRACON& Tower with Radar,357,87,15,0,459,0,2,7,0,9,357,89,22,0,468,13,0,13,481
04/30/2019,CVG,KY,ASO,CE,Combined TRACON& Tower with Radar,388,81,24,0,493,0,0,3,0,3,388,81,27,0,496,0,0,0,496
05/01/2019,CVG,KY,ASO,CE,Combined TRACON& Tower with Radar,381,85,9,0,475,0,3,8,2,13,381,88,17,2,488,0,0,0,488
05/02/2019,CVG,KY,ASO,CE,Combined TRACON& Tower with Radar,405,89,11,0,505,0,0,0,0,0,405,89,11,0,505,0,0,0,505
05/03/2019,CVG,KY,ASO,CE,Combined TRACON& Tower with Radar,404,91,13,0,508,0,0,0,0,0,404,91,13,0,508,0,0,0,508
05/04/2019,CVG,KY,ASO,CE,Combined TRACON& Tower with Radar,306,34,0,0,340,0,0,0,0,0,306,34,0,0,340,0,0,0,340
05/05/2019,CVG,KY,ASO,CE,Combined TRACON& Tower with Radar,311,71,9,0,391,0,0,2,0,2,311,71,11,0,393,0,0,0,393
05/06/2019,CVG,KY,ASO,CE,Combined TRACON& Tower with Radar,363,93,8,0,464,0,0,6,0,6,363,93,14,0,470,0,0,0,470
05/07/2019,CVG,KY,ASO,CE,Combined TRACON& Tower with Radar,397,87,20,0,504,0,0,10,2,12,397,87,30,2,516,0,0,0,516
05/08/2019,CVG,KY,ASO,CE,Combined TRACON& Tower with Radar,383,80,12,0,475,0,0,8,0,8,383,80,20,0,483,2,0,2,485
05/09/2019,CVG,KY,ASO,CE,Combined TRACON& Tower with Radar,411,84,2,0,497,0,0,0,0,0,411,84,2,0,497,0,0,0,497
05/10/2019,CVG,KY,ASO,CE,Combined TRACON& Tower with Radar,421,86,9,0,516,0,0,0,0,0,421,86,9,0,516,0,0,0,516
05/11/2019,CVG,KY,ASO,CE,Combined TRACON& Tower with Radar,295,38,4,0,337,0,2,5,0,7,295,40,9,0,344,0,0,0,344
05/12/2019,CVG,KY,ASO,CE,Combined TRACON& Tower with Radar,317,61,2,0,380,0,0,0,0,0,317,61,2,0,380,0,0,0,380
05/13/2019,CVG,KY,ASO,CE,Combined TRACON& Tower with Radar,361,85,8,0,454,0,0,0,0,0,361,85,8,0,454,0,0,0,454
05/14/2019,CVG,KY,ASO,CE,Combined TRACON& Tower with Radar,393,93,20,0,506,0,2,6,2,10,393,95,26,2,516,0,0,0,516
05/15/2019,CVG,KY,ASO,CE,Combined TRACON& Tower with Radar,401,94,29,0,524,0,0,6,2,8,401,94,35,2,532,0,0,0,532
05/16/2019,CVG,KY,ASO,CE,Combined TRACON& Tower with Radar,414,87,9,0,510,0,0,0,2,2,414,87,9,2,512,4,0,4,516
05/17/2019,CVG,KY,ASO,CE,Combined TRACON& Tower with Radar,422,85,19,0,526,0,0,0,0,0,422,85,19,0,526,0,0,0,526
05/18/2019,CVG,KY,ASO,CE,Combined TRACON& Tower with Radar,310,47,4,0,361,0,0,2,0,2,310,47,6,0,363,0,0,0,363
05/19/2019,CVG,KY,ASO,CE,Combined TRACON& Tower with Radar,316,69,5,0,390,0,0,2,0,2,316,69,7,0,392,0,0,0,392
05/20/2019,CVG,KY,ASO,CE,Combined TRACON& Tower with Radar,364,86,12,0,462,0,3,3,2,8,364,89,15,2,470,0,0,0,470
05/21/2019,CVG,KY,ASO,CE,Combined TRACON& Tower with Radar,401,89,11,0,501,0,0,3,0,3,401,89,14,0,504,8,0,8,512
05/22/2019,CVG,KY,ASO,CE,Combined TRACON& Tower with Radar,406,91,18,0,515,0,0,4,0,4,406,91,22,0,519,2,0,2,521
05/23/2019,CVG,KY,ASO,CE,Combined TRACON& Tower with Radar,410,90,3,0,503,0,0,1,0,1,410,90,4,0,504,0,0,0,504
05/24/2019,CVG,KY,ASO,CE,Combined TRACON& Tower with Radar,431,94,9,0,534,0,0,2,0,2,431,94,11,0,536,4,0,4,540
05/25/2019,CVG,KY,ASO,CE,Combined TRACON& Tower with Radar,321,37,2,0,360,0,2,3,0,5,321,39,5,0,365,0,0,0,365
05/26/2019,CVG,KY,ASO,CE,Combined TRACON& Tower with Radar,275,48,1,0,324,0,0,0,2,2,275,48,1,2,326,0,0,0,326
05/27/2019,CVG,KY,ASO,CE,Combined TRACON& Tower with Radar,345,62,11,0,418,0,0,6,0,6,345,62,17,0,424,0,0,0,424
05/28/2019,CVG,KY,ASO,CE,Combined TRACON& Tower with Radar,382,79,13,2,476,0,0,5,2,7,382,79,18,4,483,14,0,14,497
05/29/2019,CVG,KY,ASO,CE,Combined TRACON& Tower with Radar,392,88,11,3,494,0,0,4,0,4,392,88,15,3,498,3,0,3,501
05/30/2019,CVG,KY,ASO,CE,Combined TRACON& Tower with Radar,408,94,7,0,509,0,0,0,0,0,408,94,7,0,509,3,0,3,512
05/31/2019,CVG,KY,ASO,CE,Combined TRACON& Tower with Radar,423,88,7,0,518,0,0,2,0,2,423,88,9,0,520,0,0,0,520
06/01/2019,CVG,KY,ASO,CE,Combined TRACON& Tower with Radar,322,36,8,0,366,0,2,5,0,7,322,38,13,0,373,0,0,0,373
06/02/2019,CVG,KY,ASO,CE,Combined TRACON& Tower with Radar,320,79,8,0,407,0,0,2,2,4,320,79,10,2,411,0,0,0,411
06/03/2019,CVG,KY,ASO,CE,Combined TRACON& Tower with Radar,363,88,7,0,458,0,0,6,0,6,363,88,13,0,464,2,0,2,466
06/04/2019,CVG,KY,ASO,CE,Combined TRACON& Tower with Radar,392,86,12,4,494,0,0,7,2,9,392,86,19,6,503,0,0,0,503
06/05/2019,CVG,KY,ASO,CE,Combined TRACON& Tower with Radar,408,81,5,0,494,0,0,3,0,3,408,81,8,0,497,0,0,0,497
06/06/2019,CVG,KY,ASO,CE,Combined TRACON& Tower with Radar,408,91,10,0,509,0,2,5,2,9,408,93,15,2,518,0,0,0,518
06/07/2019,CVG,KY,ASO,CE,Combined TRACON& Tower with Radar,416,93,3,0,512,0,0,0,0,0,416,93,3,0,512,0,0,0,512
06/08/2019,CVG,KY,ASO,CE,Combined TRACON& Tower with Radar,321,46,4,0,371,0,0,0,2,2,321,46,4,2,373,0,0,0,373
06/09/2019,CVG,KY,ASO,CE,Combined TRACON& Tower with Radar,307,69,4,0,380,0,0,2,0,2,307,69,6,0,382,0,0,0,382
06/10/2019,CVG,KY,ASO,CE,Combined TRACON& Tower with Radar,345,86,7,2,440,0,1,0,0,1,345,87,7,2,441,0,0,0,441
06/11/2019,CVG,KY,ASO,CE,Combined TRACON& Tower with Radar,394,99,18,0,511,0,0,9,0,9,394,99,27,0,520,0,0,0,520
06/12/2019,CVG,KY,ASO,CE,Combined TRACON& Tower with Radar,409,88,9,0,506,0,0,2,0,2,409,88,11,0,508,0,0,0,508
06/13/2019,CVG,KY,ASO,CE,Combined TRACON& Tower with Radar,413,88,8,0,509,0,2,0,0,2,413,90,8,0,511,0,0,0,511
06/14/2019,CVG,KY,ASO,CE,Combined TRACON& Tower with Radar,422,98,13,2,535,0,0,9,2,11,422,98,22,4,546,0,0,0,546
06/15/2019,CVG,KY,ASO,CE,Combined TRACON& Tower with Radar,319,41,0,0,360,0,0,0,0,0,319,41,0,0,360,0,0,0,360
06/16/2019,CVG,KY,ASO,CE,Combined TRACON& Tower with Radar,309,72,5,0,386,0,0,0,0,0,309,72,5,0,386,0,0,0,386
06/17/2019,CVG,KY,ASO,CE,Combined TRACON& Tower with Radar,358,90,11,0,459,0,0,0,4,4,358,90,11,4,463,0,0,0,463
06/18/2019,CVG,KY,ASO,CE,Combined TRACON& Tower with Radar,391,88,11,0,490,0,0,0,0,0,391,88,11,0,490,0,0,0,490
06/19/2019,CVG,KY,ASO,CE,Combined TRACON& Tower with Radar,410,88,18,0,516,0,0,4,0,4,410,88,22,0,520,0,0,0,520
06/20/2019,CVG,KY,ASO,CE,Combined TRACON& Tower with Radar,401,86,12,0,499,0,0,0,0,0,401,86,12,0,499,3,0,3,502
06/21/2019,CVG,KY,ASO,CE,Combined TRACON& Tower with Radar,430,90,22,0,542,0,0,11,0,11,430,90,33,0,553,34,0,34,587
06/22/2019,CVG,KY,ASO,CE,Combined TRACON& Tower with Radar,323,45,4,0,372,0,0,0,0,0,323,45,4,0,372,0,0,0,372
06/23/2019,CVG,KY,ASO,CE,Combined TRACON& Tower with Radar,321,73,11,0,405,0,0,1,1,2,321,73,12,1,407,0,0,0,407
06/24/2019,CVG,KY,ASO,CE,Combined TRACON& Tower with Radar,367,90,9,0,466,0,0,0,0,0,367,90,9,0,466,0,0,0,466
06/25/2019,CVG,KY,ASO,CE,Combined TRACON& Tower with Radar,406,93,13,0,512,0,0,9,0,9,406,93,22,0,521,0,0,0,521
06/26/2019,CVG,KY,ASO,CE,Combined TRACON& Tower with Radar,419,96,19,0,534,0,2,18,4,24,419,98,37,4,558,45,0,45,603
06/27/2019,CVG,KY,ASO,CE,Combined TRACON& Tower with Radar,413,108,30,0,551,0,0,12,2,14,413,108,42,2,565,52,0,52,617
06/28/2019,CVG,KY,ASO,CE,Combined TRACON& Tower with Radar,413,87,11,0,511,0,0,5,1,6,413,87,16,1,517,4,0,4,521
06/29/2019,CVG,KY,ASO,CE,Combined TRACON& Tower with Radar,338,49,5,0,392,0,2,7,1,10,338,51,12,1,402,0,0,0,402
06/30/2019,CVG,KY,ASO,CE,Combined TRACON& Tower with Radar,292,53,9,0,354,0,0,2,0,2,292,53,11,0,356,2,0,2,358
07/01/2019,CVG,KY,ASO,CE,Combined TRACON& Tower with Radar,305,70,6,0,381,0,0,2,0,2,305,70,8,0,383,0,0,0,383
07/02/2019,CVG,KY,ASO,CE,Combined TRACON& Tower with Radar,341,58,10,0,409,0,0,2,2,4,341,58,12,2,413,0,0,0,413
07/03/2019,CVG,KY,ASO,CE,Combined TRACON& Tower with Radar,362,57,10,0,429,0,0,0,0,0,362,57,10,0,429,0,0,0,429
07/04/2019,CVG,KY,ASO,CE,Combined TRACON& Tower with Radar,306,42,2,0,350,0,0,1,0,1,306,42,3,0,351,0,0,0,351
07/05/2019,CVG,KY,ASO,CE,Combined TRACON& Tower with Radar,267,56,7,0,330,0,0,1,0,1,267,56,8,0,331,8,0,8,339
07/06/2019,CVG,KY,ASO,CE,Combined TRACON& Tower with Radar,317,51,4,0,372,0,0,0,0,0,317,51,4,0,372,0,0,0,372
07/07/2019,CVG,KY,ASO,CE,Combined TRACON& Tower with Radar,325,69,9,0,403,0,0,1,0,1,325,69,10,0,404,0,0,0,404
07/08/2019,CVG,KY,ASO,CE,Combined TRACON& Tower with Radar,357,94,6,0,457,0,2,0,0,2,357,96,6,0,459,0,0,0,459
07/09/2019,CVG,KY,ASO,CE,Combined TRACON& Tower with Radar,399,89,7,0,495,0,2,12,3,17,399,91,19,3,512,10,0,10,522
07/10/2019,CVG,KY,ASO,CE,Combined TRACON& Tower with Radar,414,87,25,0,526,0,0,5,6,11,414,87,30,6,537,14,0,14,551
07/11/2019,CVG,KY,ASO,CE,Combined TRACON& Tower with Radar,384,89,47,0,520,0,2,4,2,8,384,91,51,2,528,8,0,8,536
07/12/2019,CVG,KY,ASO,CE,Combined TRACON& Tower with Radar,416,91,34,0,541,0,2,6,0,8,416,93,40,0,549,1,0,1,550
07/13/2019,CVG,KY,ASO,CE,Combined TRACON& Tower with Radar,327,43,39,0,409,0,0,12,0,12,327,43,51,0,421,6,0,6,427
07/14/2019,CVG,KY,ASO,CE,Combined TRACON& Tower with Radar,321,64,28,0,413,0,0,7,1,8,321,64,35,1,421,0,0,0,421
07/15/2019,CVG,KY,ASO,CE,Combined TRACON& Tower with Radar,355,92,4,0,451,0,2,0,3,5,355,94,4,3,456,0,0,0,456
07/16/2019,CVG,KY,ASO,CE,Combined TRACON& Tower with Radar,401,85,12,0,498,0,2,10,0,12,401,87,22,0,510,22,0,22,532
07/17/2019,CVG,KY,ASO,CE,Combined TRACON& Tower with Radar,397,85,11,0,493,0,0,0,2,2,397,85,11,2,495,0,0,0,495
07/18/2019,CVG,KY,ASO,CE,Combined TRACON& Tower with Radar,402,87,17,0,506,0,0,6,0,6,402,87,23,0,512,0,0,0,512
07/19/2019,CVG,KY,ASO,CE,Combined TRACON& Tower with Radar,423,87,11,0,521,0,0,1,0,1,423,87,12,0,522,4,0,4,526
07/20/2019,CVG,KY,ASO,CE,Combined TRACON& Tower with Radar,326,48,9,0,383,0,0,5,0,5,326,48,14,0,388,0,0,0,388
07/21/2019,CVG,KY,ASO,CE,Combined TRACON& Tower with Radar,318,64,8,0,390,0,0,3,4,7,318,64,11,4,397,0,0,0,397
07/22/2019,CVG,KY,ASO,CE,Combined TRACON& Tower with Radar,344,84,14,0,442,0,0,0,0,0,344,84,14,0,442,0,0,0,442
07/23/2019,CVG,KY,ASO,CE,Combined TRACON& Tower with Radar,391,95,12,0,498,0,0,3,0,3,391,95,15,0,501,0,0,0,501
07/24/2019,CVG,KY,ASO,CE,Combined TRACON& Tower with Radar,411,95,24,0,530,0,0,11,0,11,411,95,35,0,541,0,0,0,541
07/25/2019,CVG,KY,ASO,CE,Combined TRACON& Tower with Radar,398,88,14,0,500,0,0,6,0,6,398,88,20,0,506,0,0,0,506
07/26/2019,CVG,KY,ASO,CE,Combined TRACON& Tower with Radar,417,85,6,0,508,0,0,3,0,3,417,85,9,0,511,0,0,0,511
07/27/2019,CVG,KY,ASO,CE,Combined TRACON& Tower with Radar,324,50,2,0,376,0,0,2,0,2,324,50,4,0,378,0,0,0,378
07/28/2019,CVG,KY,ASO,CE,Combined TRACON& Tower with Radar,324,69,5,0,398,0,0,2,0,2,324,69,7,0,400,0,0,0,400
07/29/2019,CVG,KY,ASO,CE,Combined TRACON& Tower with Radar,349,77,9,0,435,0,0,11,0,11,349,77,20,0,446,14,0,14,460
07/30/2019,CVG,KY,ASO,CE,Combined TRACON& Tower with Radar,396,93,9,0,498,0,0,2,0,2,396,93,11,0,500,0,0,0,500
07/31/2019,CVG,KY,ASO,CE,Combined TRACON& Tower with Radar,392,93,18,2,505,0,2,6,0,8,392,95,24,2,513,0,0,0,513
08/01/2019,CVG,KY,ASO,CE,Combined TRACON& Tower with Radar,400,93,8,5,506,0,2,3,0,5,400,95,11,5,511,0,0,0,511
08/02/2019,CVG,KY,ASO,CE,Combined TRACON& Tower with Radar,419,101,11,1,532,0,2,7,0,9,419,103,18,1,541,0,0,0,541
08/03/2019,CVG,KY,ASO,CE,Combined TRACON& Tower with Radar,329,43,9,0,381,0,0,2,4,6,329,43,11,4,387,0,0,0,387
08/04/2019,CVG,KY,ASO,CE,Combined TRACON& Tower with Radar,323,66,4,0,393,0,0,7,0,7,323,66,11,0,400,0,0,0,400
08/05/2019,CVG,KY,ASO,CE,Combined TRACON& Tower with Radar,358,85,7,0,450,0,2,2,1,5,358,87,9,1,455,0,0,0,455
08/06/2019,CVG,KY,ASO,CE,Combined TRACON& Tower with Radar,385,86,9,0,480,0,0,5,0,5,385,86,14,0,485,0,0,0,485
08/07/2019,CVG,KY,ASO,CE,Combined TRACON& Tower with Radar,391,75,13,0,479,0,0,1,0,1,391,75,14,0,480,0,0,0,480
08/08/2019,CVG,KY,ASO,CE,Combined TRACON& Tower with Radar,403,89,13,0,505,0,0,15,0,15,403,89,28,0,520,0,0,0,520
08/09/2019,CVG,KY,ASO,CE,Combined TRACON& Tower with Radar,428,92,7,1,528,0,0,2,2,4,428,92,9,3,532,2,0,2,534
08/10/2019,CVG,KY,ASO,CE,Combined TRACON& Tower with Radar,322,50,14,0,386,0,0,11,0,11,322,50,25,0,397,6,0,6,403
08/11/2019,CVG,KY,ASO,CE,Combined TRACON& Tower with Radar,331,74,6,1,412,0,0,0,0,0,331,74,6,1,412,0,0,0,412
08/12/2019,CVG,KY,ASO,CE,Combined TRACON& Tower with Radar,354,85,13,0,452,0,0,7,2,9,354,85,20,2,461,0,0,0,461
08/13/2019,CVG,KY,ASO,CE,Combined TRACON& Tower with Radar,374,88,13,0,475,0,0,4,0,4,374,88,17,0,479,0,0,0,479
08/14/2019,CVG,KY,ASO,CE,Combined TRACON& Tower with Radar,392,90,16,0,498,0,0,6,0,6,392,90,22,0,504,0,0,0,504
08/15/2019,CVG,KY,ASO,CE,Combined TRACON& Tower with Radar,411,83,12,0,506,0,0,8,0,8,411,83,20,0,514,0,0,0,514
08/16/2019,CVG,KY,ASO,CE,Combined TRACON& Tower with Radar,406,87,4,0,497,0,2,1,2,5,406,89,5,2,502,23,0,23,525
08/17/2019,CVG,KY,ASO,CE,Combined TRACON& Tower with Radar,292,53,4,0,349,0,0,4,0,4,292,53,8,0,353,0,0,0,353
08/18/2019,CVG,KY,ASO,CE,Combined TRACON& Tower with Radar,307,62,6,0,375,0,0,2,2,4,307,62,8,2,379,0,0,0,379
08/19/2019,CVG,KY,ASO,CE,Combined TRACON& Tower with Radar,336,80,14,0,430,0,0,9,2,11,336,80,23,2,441,1,0,1,442
08/20/2019,CVG,KY,ASO,CE,Combined TRACON& Tower with Radar,357,84,24,0,465,0,0,4,2,6,357,84,28,2,471,0,0,0,471
08/21/2019,CVG,KY,ASO,CE,Combined TRACON& Tower with Radar,382,92,10,0,484,0,0,7,0,7,382,92,17,0,491,6,0,6,497
08/22/2019,CVG,KY,ASO,CE,Combined TRACON& Tower with Radar,407,89,14,0,510,0,0,5,6,11,407,89,19,6,521,0,0,0,521
08/23/2019,CVG,KY,ASO,CE,Combined TRACON& Tower with Radar,399,86,18,0,503,0,0,2,2,4,399,86,20,2,507,0,0,0,507
08/24/2019,CVG,KY,ASO,CE,Combined TRACON& Tower with Radar,301,44,6,0,351,0,0,1,2,3,301,44,7,2,354,0,0,0,354
08/25/2019,CVG,KY,ASO,CE,Combined TRACON& Tower with Radar,317,66,3,0,386,0,0,0,2,2,317,66,3,2,388,0,0,0,388
08/26/2019,CVG,KY,ASO,CE,Combined TRACON& Tower with Radar,339,77,13,0,429,0,0,0,0,0,339,77,13,0,429,0,0,0,429
08/27/2019,CVG,KY,ASO,CE,Combined TRACON& Tower with Radar,375,91,8,0,474,0,0,2,0,2,375,91,10,0,476,0,0,0,476
08/28/2019,CVG,KY,ASO,CE,Combined TRACON& Tower with Radar,393,101,22,0,516,0,0,10,2,12,393,101,32,2,528,0,0,0,528
08/29/2019,CVG,KY,ASO,CE,Combined TRACON& Tower with Radar,401,87,20,0,508,0,0,4,4,8,401,87,24,4,516,0,0,0,516
08/30/2019,CVG,KY,ASO,CE,Combined TRACON& Tower with Radar,404,81,10,0,495,0,0,6,1,7,404,81,16,1,502,0,11,11,513
08/31/2019,CVG,KY,ASO,CE,Combined TRACON& Tower with Radar,289,42,7,0,338,0,0,2,0,2,289,42,9,0,340,0,0,0,340
09/01/2019,CVG,KY,ASO,CE,Combined TRACON& Tower with Radar,246,41,4,0,291,0,0,5,0,5,246,41,9,0,296,0,0,0,296
09/02/2019,CVG,KY,ASO,CE,Combined TRACON& Tower with Radar,313,63,8,0,384,0,0,2,0,2,313,63,10,0,386,0,0,0,386
09/03/2019,CVG,KY,ASO,CE,Combined TRACON& Tower with Radar,310,76,6,0,392,0,0,8,2,10,310,76,14,2,402,0,0,0,402
09/04/2019,CVG,KY,ASO,CE,Combined TRACON& Tower with Radar,340,73,9,0,422,0,2,9,2,13,340,75,18,2,435,24,0,24,459
09/05/2019,CVG,KY,ASO,CE,Combined TRACON& Tower with Radar,360,84,9,0,453,0,2,7,0,9,360,86,16,0,462,0,0,0,462
09/06/2019,CVG,KY,ASO,CE,Combined TRACON& Tower with Radar,358,83,13,0,454,0,0,1,0,1,358,83,14,0,455,0,0,0,455
09/07/2019,CVG,KY,ASO,CE,Combined TRACON& Tower with Radar,293,39,6,2,340,0,0,2,0,2,293,39,8,2,342,0,0,0,342
09/08/2019,CVG,KY,ASO,CE,Combined TRACON& Tower with Radar,317,64,8,0,389,0,0,4,0,4,317,64,12,0,393,0,0,0,393
09/09/2019,CVG,KY,ASO,CE,Combined TRACON& Tower with Radar,333,100,19,0,452,0,0,6,2,8,333,100,25,2,460,2,0,2,462
09/10/2019,CVG,KY,ASO,CE,Combined TRACON& Tower with Radar,353,97,22,0,472,0,0,4,0,4,353,97,26,0,476,3,0,3,479
09/11/2019,CVG,KY,ASO,CE,Combined TRACON& Tower with Radar,369,95,15,5,484,0,4,5,1,10,369,99,20,6,494,0,0,0,494
09/12/2019,CVG,KY,ASO,CE,Combined TRACON& Tower with Radar,394,90,11,4,499,0,2,4,1,7,394,92,15,5,506,4,0,4,510
09/13/2019,CVG,KY,ASO,CE,Combined TRACON& Tower with Radar,396,101,11,0,508,0,0,2,0,2,396,101,13,0,510,2,0,2,512
09/14/2019,CVG,KY,ASO,CE,Combined TRACON& Tower with Radar,294,52,4,0,350,0,0,0,0,0,294,52,4,0,350,0,0,0,350
09/15/2019,CVG,KY,ASO,CE,Combined TRACON& Tower with Radar,314,77,8,0,399,0,0,2,0,2,314,77,10,0,401,2,0,2,403
09/16/2019,CVG,KY,ASO,CE,Combined TRACON& Tower with Radar,334,90,14,0,438,0,0,7,2,9,334,90,21,2,447,0,0,0,447
09/17/2019,CVG,KY,ASO,CE,Combined TRACON& Tower with Radar,356,98,16,0,470,0,0,2,0,2,356,98,18,0,472,1,0,1,473
09/18/2019,CVG,KY,ASO,CE,Combined TRACON& Tower with Radar,367,93,18,4,482,0,0,8,5,13,367,93,26,9,495,13,4,17,512
09/19/2019,CVG,KY,ASO,CE,Combined TRACON& Tower with Radar,391,93,13,0,497,0,0,12,2,14,391,93,25,2,511,0,0,0,511
09/20/2019,CVG,KY,ASO,CE,Combined TRACON& Tower with Radar,383,91,20,0,494,0,0,1,2,3,383,91,21,2,497,9,0,9,506
09/21/2019,CVG,KY,ASO,CE,Combined TRACON& Tower with Radar,300,42,7,0,349,0,0,7,0,7,300,42,14,0,356,3,0,3,359
09/22/2019,CVG,KY,ASO,CE,Combined TRACON& Tower with Radar,322,73,10,0,405,0,0,6,0,6,322,73,16,0,411,10,0,10,421
09/23/2019,CVG,KY,ASO,CE,Combined TRACON& Tower with Radar,325,104,9,2,440,0,0,2,0,2,325,104,11,2,442,0,0,0,442
09/24/2019,CVG,KY,ASO,CE,Combined TRACON& Tower with Radar,357,97,26,0,480,0,0,4,0,4,357,97,30,0,484,0,0,0,484
09/25/2019,CVG,KY,ASO,CE,Combined TRACON& Tower with Radar,365,94,13,0,472,0,0,2,2,4,365,94,15,2,476,0,0,0,476
09/26/2019,CVG,KY,ASO,CE,Combined TRACON& Tower with Radar,392,96,12,0,500,0,2,0,2,4,392,98,12,2,504,1,0,1,505
09/27/2019,CVG,KY,ASO,CE,Combined TRACON& Tower with Radar,390,76,12,0,478,0,0,12,1,13,390,76,24,1,491,4,0,4,495
09/28/2019,CVG,KY,ASO,CE,Combined TRACON& Tower with Radar,310,46,5,0,361,0,0,1,2,3,310,46,6,2,364,2,0,2,366
09/29/2019,CVG,KY,ASO,CE,Combined TRACON& Tower with Radar,317,76,7,0,400,0,0,0,0,0,317,76,7,0,400,2,0,2,402
09/30/2019,CVG,KY,ASO,CE,Combined TRACON& Tower with Radar,334,99,9,0,442,0,0,9,2,11,334,99,18,2,453,4,0,4,457
10/01/2019,CVG,KY,ASO,CE,Combined TRACON& Tower with Radar,368,93,16,0,477,0,0,13,0,13,368,93,29,0,490,0,0,0,490
10/02/2019,CVG,KY,ASO,CE,Combined TRACON& Tower with Radar,370,95,20,4,489,0,0,9,0,9,370,95,29,4,498,2,6,8,506
10/03/2019,CVG,KY,ASO,CE,Combined TRACON& Tower with Radar,400,95,18,0,513,0,0,2,0,2,400,95,20,0,515,8,0,8,523
10/04/2019,CVG,KY,ASO,CE,Combined TRACON& Tower with Radar,394,106,9,0,509,0,0,7,3,10,394,106,16,3,519,0,0,0,519
10/05/2019,CVG,KY,ASO,CE,Combined TRACON& Tower with Radar,287,41,2,0,330,0,2,2,0,4,287,43,4,0,334,0,0,0,334
10/06/2019,CVG,KY,ASO,CE,Combined TRACON& Tower with Radar,305,69,4,0,378,0,0,2,0,2,305,69,6,0,380,12,0,12,392
10/07/2019,CVG,KY,ASO,CE,Combined TRACON& Tower with Radar,337,91,13,0,441,0,0,2,0,2,337,91,15,0,443,0,0,0,443
10/08/2019,CVG,KY,ASO,CE,Combined TRACON& Tower with Radar,360,103,18,0,481,0,0,10,0,10,360,103,28,0,491,6,0,6,497
10/09/2019,CVG,KY,ASO,CE,Combined TRACON& Tower with Radar,370,101,20,0,491,0,2,4,0,6,370,103,24,0,497,0,0,0,497
10/10/2019,CVG,KY,ASO,CE,Combined TRACON& Tower with Radar,387,103,17,0,507,0,0,3,0,3,387,103,20,0,510,0,0,0,510
10/11/2019,CVG,KY,ASO,CE,Combined TRACON& Tower with Radar,401,84,5,3,493,0,0,0,0,0,401,84,5,3,493,0,0,0,493
10/12/2019,CVG,KY,ASO,CE,Combined TRACON& Tower with Radar,307,39,4,0,350,0,1,2,0,3,307,40,6,0,353,3,0,3,356
10/13/2019,CVG,KY,ASO,CE,Combined TRACON& Tower with Radar,314,72,6,0,392,0,0,0,0,0,314,72,6,0,392,11,0,11,403
10/14/2019,CVG,KY,ASO,CE,Combined TRACON& Tower with Radar,357,87,12,0,456,0,0,0,4,4,357,87,12,4,460,0,0,0,460
10/15/2019,CVG,KY,ASO,CE,Combined TRACON& Tower with Radar,367,98,13,0,478,0,0,12,0,12,367,98,25,0,490,0,0,0,490
10/16/2019,CVG,KY,ASO,CE,Combined TRACON& Tower with Radar,371,99,19,0,489,0,0,1,0,1,371,99,20,0,490,0,0,0,490
10/17/2019,CVG,KY,ASO,CE,Combined TRACON& Tower with Radar,397,95,9,1,502,0,0,4,1,5,397,95,13,2,507,0,0,0,507
10/18/2019,CVG,KY,ASO,CE,Combined TRACON& Tower with Radar,403,94,3,0,500,0,2,4,0,6,403,96,7,0,506,2,0,2,508
10/19/2019,CVG,KY,ASO,CE,Combined TRACON& Tower with Radar,305,40,4,0,349,0,0,1,1,2,305,40,5,1,351,0,0,0,351
10/20/2019,CVG,KY,ASO,CE,Combined TRACON& Tower with Radar,311,72,15,0,398,0,0,3,0,3,311,72,18,0,401,0,0,0,401
10/21/2019,CVG,KY,ASO,CE,Combined TRACON& Tower with Radar,352,94,7,0,453,0,0,0,3,3,352,94,7,3,456,0,0,0,456
10/22/2019,CVG,KY,ASO,CE,Combined TRACON& Tower with Radar,375,102,14,0,491,0,0,9,1,10,375,102,23,1,501,14,0,14,515
10/23/2019,CVG,KY,ASO,CE,Combined TRACON& Tower with Radar,385,93,10,0,488,0,0,2,4,6,385,93,12,4,494,0,0,0,494
10/24/2019,CVG,KY,ASO,CE,Combined TRACON& Tower with Radar,400,92,14,0,506,0,0,0,0,0,400,92,14,0,506,0,0,0,506
10/25/2019,CVG,KY,ASO,CE,Combined TRACON& Tower with Radar,394,83,8,0,485,0,0,1,1,2,394,83,9,1,487,0,0,0,487
10/26/2019,CVG,KY,ASO,CE,Combined TRACON& Tower with Radar,292,36,2,0,330,0,0,0,1,1,292,36,2,1,331,0,0,0,331
10/27/2019,CVG,KY,ASO,CE,Combined TRACON& Tower with Radar,297,64,6,0,367,0,0,2,0,2,297,64,8,0,369,0,0,0,369
10/28/2019,CVG,KY,ASO,CE,Combined TRACON& Tower with Radar,330,84,15,0,429,0,0,3,0,3,330,84,18,0,432,0,0,0,432
10/29/2019,CVG,KY,ASO,CE,Combined TRACON& Tower with Radar,359,81,13,0,453,0,0,2,0,2,359,81,15,0,455,2,0,2,457
10/30/2019,CVG,KY,ASO,CE,Combined TRACON& Tower with Radar,345,67,14,0,426,0,0,0,2,2,345,67,14,2,428,0,0,0,428
10/31/2019,CVG,KY,ASO,CE,Combined TRACON& Tower with Radar,319,59,11,0,389,0,0,0,0,0,319,59,11,0,389,0,0,0,389
11/01/2019,CVG,KY,ASO,CE,Combined TRACON& Tower with Radar,363,79,8,0,450,0,0,2,2,4,363,79,10,2,454,4,0,4,458
11/02/2019,CVG,KY,ASO,CE,Combined TRACON& Tower with Radar,290,34,3,0,327,0,0,2,0,2,290,34,5,0,329,0,0,0,329
11/03/2019,CVG,KY,ASO,CE,Combined TRACON& Tower with Radar,311,64,8,0,383,0,0,4,0,4,311,64,12,0,387,2,0,2,389
11/04/2019,CVG,KY,ASO,CE,Combined TRACON& Tower with Radar,360,84,14,0,458,0,0,5,2,7,360,84,19,2,465,0,0,0,465
11/05/2019,CVG,KY,ASO,CE,Combined TRACON& Tower with Radar,363,76,18,0,457,0,0,9,0,9,363,76,27,0,466,0,0,0,466
11/06/2019,CVG,KY,ASO,CE,Combined TRACON& Tower with Radar,373,81,19,0,473,0,2,0,6,8,373,83,19,6,481,0,0,0,481
11/07/2019,CVG,KY,ASO,CE,Combined TRACON& Tower with Radar,403,88,19,0,510,0,0,0,0,0,403,88,19,0,510,0,0,0,510
11/08/2019,CVG,KY,ASO,CE,Combined TRACON& Tower with Radar,409,86,10,0,505,0,0,4,0,4,409,86,14,0,509,0,0,0,509
11/09/2019,CVG,KY,ASO,CE,Combined TRACON& Tower with Radar,299,36,5,0,340,0,0,4,1,5,299,36,9,1,345,0,0,0,345
11/10/2019,CVG,KY,ASO,CE,Combined TRACON& Tower with Radar,325,59,6,0,390,0,0,4,0,4,325,59,10,0,394,4,0,4,398
11/11/2019,CVG,KY,ASO,CE,Combined TRACON& Tower with Radar,344,59,20,0,423,0,0,0,0,0,344,59,20,0,423,0,0,0,423
11/12/2019,CVG,KY,ASO,CE,Combined TRACON& Tower with Radar,377,84,17,0,478,0,0,0,0,0,377,84,17,0,478,0,0,0,478
11/13/2019,CVG,KY,ASO,CE,Combined TRACON& Tower with Radar,397,82,17,0,496,0,2,8,6,16,397,84,25,6,512,15,0,15,527
11/14/2019,CVG,KY,ASO,CE,Combined TRACON& Tower with Radar,399,100,9,0,508,0,0,5,0,5,399,100,14,0,513,0,0,0,513
11/15/2019,CVG,KY,ASO,CE,Combined TRACON& Tower with Radar,410,85,11,0,506,0,0,2,4,6,410,85,13,4,512,4,0,4,516
11/16/2019,CVG,KY,ASO,CE,Combined TRACON& Tower with Radar,289,34,3,0,326,0,3,5,0,8,289,37,8,0,334,0,0,0,334
11/17/2019,CVG,KY,ASO,CE,Combined TRACON& Tower with Radar,314,62,8,0,384,0,0,4,0,4,314,62,12,0,388,0,0,0,388
11/18/2019,CVG,KY,ASO,CE,Combined TRACON& Tower with Radar,366,93,11,0,470,0,0,2,0,2,366,93,13,0,472,6,0,6,478
11/19/2019,CVG,KY,ASO,CE,Combined TRACON& Tower with Radar,387,86,20,0,493,0,0,2,0,2,387,86,22,0,495,0,0,0,495
11/20/2019,CVG,KY,ASO,CE,Combined TRACON& Tower with Radar,392,85,19,0,496,0,0,1,0,1,392,85,20,0,497,0,0,0,497
11/21/2019,CVG,KY,ASO,CE,Combined TRACON& Tower with Radar,409,75,12,0,496,0,0,0,0,0,409,75,12,0,496,0,0,0,496
11/22/2019,CVG,KY,ASO,CE,Combined TRACON& Tower with Radar,418,75,11,0,504,0,0,4,0,4,418,75,15,0,508,0,0,0,508
11/23/2019,CVG,KY,ASO,CE,Combined TRACON& Tower with Radar,320,35,3,0,358,0,0,0,0,0,320,35,3,0,358,0,0,0,358
11/24/2019,CVG,KY,ASO,CE,Combined TRACON& Tower with Radar,299,56,9,0,364,0,0,2,0,2,299,56,11,0,366,0,0,0,366
11/25/2019,CVG,KY,ASO,CE,Combined TRACON& Tower with Radar,326,60,18,0,404,0,0,6,0,6,326,60,24,0,410,2,0,2,412
11/26/2019,CVG,KY,ASO,CE,Combined TRACON& Tower with Radar,396,76,10,1,483,0,0,0,3,3,396,76,10,4,486,0,0,0,486
11/27/2019,CVG,KY,ASO,CE,Combined TRACON& Tower with Radar,425,77,5,0,507,0,0,0,0,0,425,77,5,0,507,0,0,0,507
11/28/2019,CVG,KY,ASO,CE,Combined TRACON& Tower with Radar,300,23,2,0,325,0,0,0,0,0,300,23,2,0,325,0,0,0,325
11/29/2019,CVG,KY,ASO,CE,Combined TRACON& Tower with Radar,250,29,4,0,283,0,0,0,0,0,250,29,4,0,283,0,0,0,283
11/30/2019,CVG,KY,ASO,CE,Combined TRACON& Tower with Radar,383,75,5,0,463,0,0,0,0,0,383,75,5,0,463,0,0,0,463
12/01/2019,CVG,KY,ASO,CE,Combined TRACON& Tower with Radar,362,81,7,0,450,0,0,2,0,2,362,81,9,0,452,0,0,0,452
12/02/2019,CVG,KY,ASO,CE,Combined TRACON& Tower with Radar,374,74,16,0,464,0,0,0,0,0,374,74,16,0,464,4,0,4,468
12/03/2019,CVG,KY,ASO,CE,Combined TRACON& Tower with Radar,390,83,17,0,490,0,0,2,2,4,390,83,19,2,494,0,0,0,494
12/04/2019,CVG,KY,ASO,CE,Combined TRACON& Tower with Radar,375,95,30,0,500,0,0,2,0,2,375,95,32,0,502,0,0,0,502
12/05/2019,CVG,KY,ASO,CE,Combined TRACON& Tower with Radar,420,86,22,0,528,0,0,7,2,9,420,86,29,2,537,0,0,0,537
12/06/2019,CVG,KY,ASO,CE,Combined TRACON& Tower with Radar,407,90,6,0,503,0,0,0,0,0,407,90,6,0,503,2,0,2,505
12/07/2019,CVG,KY,ASO,CE,Combined TRACON& Tower with Radar,296,36,1,0,333,0,0,2,2,4,296,36,3,2,337,0,0,0,337
12/08/2019,CVG,KY,ASO,CE,Combined TRACON& Tower with Radar,310,65,5,0,380,0,0,0,3,3,310,65,5,3,383,0,0,0,383
12/09/2019,CVG,KY,ASO,CE,Combined TRACON& Tower with Radar,353,85,6,0,444,0,0,0,0,0,353,85,6,0,444,0,0,0,444
12/10/2019,CVG,KY,ASO,CE,Combined TRACON& Tower with Radar,377,97,8,2,484,0,0,4,0,4,377,97,12,2,488,2,0,2,490
12/11/2019,CVG,KY,ASO,CE,Combined TRACON& Tower with Radar,373,87,11,0,471,0,3,2,0,5,373,90,13,0,476,0,0,0,476
12/12/2019,CVG,KY,ASO,CE,Combined TRACON& Tower with Radar,422,96,13,0,531,0,0,4,0,4,422,96,17,0,535,2,0,2,537
12/13/2019,CVG,KY,ASO,CE,Combined TRACON& Tower with Radar,407,87,5,0,499,0,2,0,2,4,407,89,5,2,503,0,0,0,503
12/14/2019,CVG,KY,ASO,CE,Combined TRACON& Tower with Radar,293,38,2,0,333,0,0,0,0,0,293,38,2,0,333,0,0,0,333
12/15/2019,CVG,KY,ASO,CE,Combined TRACON& Tower with Radar,302,69,2,0,373,0,0,0,2,2,302,69,2,2,375,0,0,0,375
12/16/2019,CVG,KY,ASO,CE,Combined TRACON& Tower with Radar,349,88,8,0,445,0,0,0,0,0,349,88,8,0,445,0,0,0,445
12/17/2019,CVG,KY,ASO,CE,Combined TRACON& Tower with Radar,373,91,18,1,483,0,0,4,0,4,373,91,22,1,487,0,0,0,487
12/18/2019,CVG,KY,ASO,CE,Combined TRACON& Tower with Radar,391,89,27,0,507,0,0,3,0,3,391,89,30,0,510,0,0,0,510
12/19/2019,CVG,KY,ASO,CE,Combined TRACON& Tower with Radar,392,92,13,1,498,0,0,10,0,10,392,92,23,1,508,0,0,0,508
12/20/2019,CVG,KY,ASO,CE,Combined TRACON& Tower with Radar,398,89,5,0,492,0,1,1,0,2,398,90,6,0,494,2,0,2,496
12/21/2019,CVG,KY,ASO,CE,Combined TRACON& Tower with Radar,343,66,6,0,415,0,0,5,0,5,343,66,11,0,420,4,0,4,424
12/22/2019,CVG,KY,ASO,CE,Combined TRACON& Tower with Radar,304,60,2,0,366,0,0,3,0,3,304,60,5,0,369,0,0,0,369
12/23/2019,CVG,KY,ASO,CE,Combined TRACON& Tower with Radar,329,74,2,0,405,0,0,2,0,2,329,74,4,0,407,4,0,4,411
12/24/2019,CVG,KY,ASO,CE,Combined TRACON& Tower with Radar,311,58,0,0,369,0,0,0,0,0,311,58,0,0,369,0,0,0,369
12/25/2019,CVG,KY,ASO,CE,Combined TRACON& Tower with Radar,193,33,1,0,227,0,0,3,0,3,193,33,4,0,230,4,0,4,234
12/26/2019,CVG,KY,ASO,CE,Combined TRACON& Tower with Radar,297,61,6,0,364,0,0,1,2,3,297,61,7,2,367,0,0,0,367
12/27/2019,CVG,KY,ASO,CE,Combined TRACON& Tower with Radar,366,60,11,0,437,0,0,2,0,2,366,60,13,0,439,0,0,0,439
12/28/2019,CVG,KY,ASO,CE,Combined TRACON& Tower with Radar,335,56,1,0,392,0,0,0,0,0,335,56,1,0,392,0,0,0,392
12/29/2019,CVG,KY,ASO,CE,Combined TRACON& Tower with Radar,294,56,1,0,351,0,0,0,0,0,294,56,1,0,351,0,0,0,351
12/30/2019,CVG,KY,ASO,CE,Combined TRACON& Tower with Radar,308,60,10,0,378,0,0,0,0,0,308,60,10,0,378,0,0,0,378
12/31/2019,CVG,KY,ASO,CE,Combined TRACON& Tower with Radar,291,44,3,0,338,0,0,4,0,4,291,44,7,0,342,0,0,0,342
01/01/2020,CVG,KY,ASO,CE,Combined TRACON& Tower with Radar,192,49,2,0,243,0,0,0,4,4,192,49,2,4,247,0,0,0,247
01/02/2020,CVG,KY,ASO,CE,Combined TRACON& Tower with Radar,277,60,3,0,340,0,0,1,0,1,277,60,4,0,341,0,0,0,341
01/03/2020,CVG,KY,ASO,CE,Combined TRACON& Tower with Radar,348,65,8,0,421,0,0,0,0,0,348,65,8,0,421,0,0,0,421
01/04/2020,CVG,KY,ASO,CE,Combined TRACON& Tower with Radar,281,52,5,0,338,0,0,0,0,0,281,52,5,0,338,0,0,0,338
01/05/2020,CVG,KY,ASO,CE,Combined TRACON& Tower with Radar,279,62,4,0,345,0,0,2,0,2,279,62,6,0,347,0,0,0,347
01/06/2020,CVG,KY,ASO,CE,Combined TRACON& Tower with Radar,327,80,6,0,413,0,0,9,0,9,327,80,15,0,422,0,0,0,422
01/07/2020,CVG,KY,ASO,CE,Combined TRACON& Tower with Radar,345,75,10,2,432,0,0,7,0,7,345,75,17,2,439,0,0,0,439
01/08/2020,CVG,KY,ASO,CE,Combined TRACON& Tower with Radar,360,76,8,2,446,0,0,1,2,3,360,76,9,4,449,0,0,0,449
01/09/2020,CVG,KY,ASO,CE,Combined TRACON& Tower with Radar,377,82,4,0,463,0,0,3,4,7,377,82,7,4,470,0,0,0,470
01/10/2020,CVG,KY,ASO,CE,Combined TRACON& Tower with Radar,369,76,6,0,451,0,0,0,0,0,369,76,6,0,451,0,0,0,451
01/11/2020,CVG,KY,ASO,CE,Combined TRACON& Tower with Radar,279,26,2,0,307,0,0,0,0,0,279,26,2,0,307,0,0,0,307
01/12/2020,CVG,KY,ASO,CE,Combined TRACON& Tower with Radar,289,54,10,0,353,0,0,0,0,0,289,54,10,0,353,0,0,0,353
01/13/2020,CVG,KY,ASO,CE,Combined TRACON& Tower with Radar,346,74,10,1,431,0,0,2,1,3,346,74,12,2,434,0,0,0,434
01/14/2020,CVG,KY,ASO,CE,Combined TRACON& Tower with Radar,345,79,7,0,431,0,0,0,0,0,345,79,7,0,431,0,0,0,431
01/15/2020,CVG,KY,ASO,CE,Combined TRACON& Tower with Radar,348,83,13,0,444,0,0,0,0,0,348,83,13,0,444,0,0,0,444
01/16/2020,CVG,KY,ASO,CE,Combined TRACON& Tower with Radar,361,81,6,3,451,0,0,1,0,1,361,81,7,3,452,0,0,0,452
01/17/2020,CVG,KY,ASO,CE,Combined TRACON& Tower with Radar,361,72,13,0,446,0,0,6,0,6,361,72,19,0,452,0,0,0,452
01/18/2020,CVG,KY,ASO,CE,Combined TRACON& Tower with Radar,276,39,7,0,322,0,0,0,2,2,276,39,7,2,324,0,0,0,324
01/19/2020,CVG,KY,ASO,CE,Combined TRACON& Tower with Radar,250,40,4,0,294,0,0,1,0,1,250,40,5,0,295,0,0,0,295
01/20/2020,CVG,KY,ASO,CE,Combined TRACON& Tower with Radar,327,71,7,0,405,0,0,3,0,3,327,71,10,0,408,0,0,0,408
01/21/2020,CVG,KY,ASO,CE,Combined TRACON& Tower with Radar,350,80,23,0,453,0,0,4,0,4,350,80,27,0,457,0,0,0,457
01/22/2020,CVG,KY,ASO,CE,Combined TRACON& Tower with Radar,346,75,21,0,442,0,0,8,0,8,346,75,29,0,450,0,0,0,450
01/23/2020,CVG,KY,ASO,CE,Combined TRACON& Tower with Radar,377,76,11,0,464,0,0,3,2,5,377,76,14,2,469,0,0,0,469
01/24/2020,CVG,KY,ASO,CE,Combined TRACON& Tower with Radar,384,81,5,0,470,0,0,0,0,0,384,81,5,0,470,0,0,0,470
01/25/2020,CVG,KY,ASO,CE,Combined TRACON& Tower with Radar,272,32,1,0,305,0,0,0,0,0,272,32,1,0,305,0,0,0,305
01/26/2020,CVG,KY,ASO,CE,Combined TRACON& Tower with Radar,278,53,4,0,335,0,0,0,0,0,278,53,4,0,335,0,0,0,335
01/27/2020,CVG,KY,ASO,CE,Combined TRACON& Tower with Radar,321,78,15,0,414,0,0,2,0,2,321,78,17,0,416,0,0,0,416
01/28/2020,CVG,KY,ASO,CE,Combined TRACON& Tower with Radar,334,74,4,0,412,0,0,0,0,0,334,74,4,0,412,0,0,0,412
01/29/2020,CVG,KY,ASO,CE,Combined TRACON& Tower with Radar,347,80,16,0,443,0,0,5,0,5,347,80,21,0,448,0,0,0,448
01/30/2020,CVG,KY,ASO,CE,Combined TRACON& Tower with Radar,375,74,16,0,465,0,0,10,2,12,375,74,26,2,477,0,0,0,477
01/31/2020,CVG,KY,ASO,CE,Combined TRACON& Tower with Radar,361,83,9,0,453,0,0,0,0,0,361,83,9,0,453,0,0,0,453
02/01/2020,CVG,KY,ASO,CE,Combined TRACON& Tower with Radar,255,34,12,0,301,0,0,0,2,2,255,34,12,2,303,0,0,0,303
02/02/2020,CVG,KY,ASO,CE,Combined TRACON& Tower with Radar,254,45,2,0,301,0,2,2,0,4,254,47,4,0,305,0,0,0,305
02/03/2020,CVG,KY,ASO,CE,Combined TRACON& Tower with Radar,319,83,10,0,412,0,0,2,2,4,319,83,12,2,416,0,0,0,416
02/04/2020,CVG,KY,ASO,CE,Combined TRACON& Tower with Radar,333,86,10,0,429,0,0,0,0,0,333,86,10,0,429,0,0,0,429
02/05/2020,CVG,KY,ASO,CE,Combined TRACON& Tower with Radar,348,77,6,0,431,0,0,1,0,1,348,77,7,0,432,0,0,0,432
02/06/2020,CVG,KY,ASO,CE,Combined TRACON& Tower with Radar,353,85,7,0,445,0,0,0,0,0,353,85,7,0,445,0,0,0,445
02/07/2020,CVG,KY,ASO,CE,Combined TRACON& Tower with Radar,361,86,10,0,457,0,0,4,0,4,361,86,14,0,461,0,0,0,461
02/08/2020,CVG,KY,ASO,CE,Combined TRACON& Tower with Radar,278,37,1,0,316,0,0,0,2,2,278,37,1,2,318,0,0,0,318
02/09/2020,CVG,KY,ASO,CE,Combined TRACON& Tower with Radar,271,55,4,0,330,0,0,1,0,1,271,55,5,0,331,0,0,0,331
02/10/2020,CVG,KY,ASO,CE,Combined TRACON& Tower with Radar,317,88,6,0,411,0,0,0,0,0,317,88,6,0,411,0,0,0,411
02/11/2020,CVG,KY,ASO,CE,Combined TRACON& Tower with Radar,330,72,11,0,413,0,0,0,0,0,330,72,11,0,413,0,0,0,413
02/12/2020,CVG,KY,ASO,CE,Combined TRACON& Tower with Radar,365,89,6,0,460,0,0,2,2,4,365,89,8,2,464,0,0,0,464
02/13/2020,CVG,KY,ASO,CE,Combined TRACON& Tower with Radar,371,77,11,0,459,0,0,0,0,0,371,77,11,0,459,0,0,0,459
02/14/2020,CVG,KY,ASO,CE,Combined TRACON& Tower with Radar,388,76,4,0,468,0,0,4,0,4,388,76,8,0,472,0,0,0,472
02/15/2020,CVG,KY,ASO,CE,Combined TRACON& Tower with Radar,280,35,2,1,318,0,0,4,1,5,280,35,6,2,323,0,0,0,323
02/16/2020,CVG,KY,ASO,CE,Combined TRACON& Tower with Radar,263,43,3,1,310,0,0,5,0,5,263,43,8,1,315,0,0,0,315
02/17/2020,CVG,KY,ASO,CE,Combined TRACON& Tower with Radar,330,67,3,1,401,0,0,13,4,17,330,67,16,5,418,4,0,4,422
02/18/2020,CVG,KY,ASO,CE,Combined TRACON& Tower with Radar,359,71,8,0,438,0,0,0,0,0,359,71,8,0,438,0,0,0,438
02/19/2020,CVG,KY,ASO,CE,Combined TRACON& Tower with Radar,359,77,19,0,455,0,0,9,0,9,359,77,28,0,464,0,0,0,464
02/20/2020,CVG,KY,ASO,CE,Combined TRACON& Tower with Radar,380,81,17,0,478,0,0,8,0,8,380,81,25,0,486,0,0,0,486
02/21/2020,CVG,KY,ASO,CE,Combined TRACON& Tower with Radar,385,75,15,0,475,0,0,1,0,1,385,75,16,0,476,1,0,1,477
02/22/2020,CVG,KY,ASO,CE,Combined TRACON& Tower with Radar,293,35,4,0,332,0,0,4,2,6,293,35,8,2,338,0,0,0,338
02/23/2020,CVG,KY,ASO,CE,Combined TRACON& Tower with Radar,290,58,2,0,350,0,0,4,0,4,290,58,6,0,354,0,0,0,354
02/24/2020,CVG,KY,ASO,CE,Combined TRACON& Tower with Radar,327,75,9,0,411,0,0,0,0,0,327,75,9,0,411,0,0,0,411
02/25/2020,CVG,KY,ASO,CE,Combined TRACON& Tower with Radar,357,76,18,4,455,0,0,0,0,0,357,76,18,4,455,0,0,0,455
02/26/2020,CVG,KY,ASO,CE,Combined TRACON& Tower with Radar,363,76,14,0,453,0,0,0,0,0,363,76,14,0,453,0,0,0,453
02/27/2020,CVG,KY,ASO,CE,Combined TRACON& Tower with Radar,388,76,9,0,473,0,0,0,0,0,388,76,9,0,473,0,0,0,473
02/28/2020,CVG,KY,ASO,CE,Combined TRACON& Tower with Radar,391,75,14,0,480,0,0,0,0,0,391,75,14,0,480,0,0,0,480
02/29/2020,CVG,KY,ASO,CE,Combined TRACON& Tower with Radar,293,44,5,0,342,0,2,1,4,7,293,46,6,4,349,0,0,0,349
03/01/2020,CVG,KY,ASO,CE,Combined TRACON& Tower with Radar,293,65,4,0,362,0,0,0,0,0,293,65,4,0,362,0,0,0,362
03/02/2020,CVG,KY,ASO,CE,Combined TRACON& Tower with Radar,334,83,15,0,432,0,0,0,0,0,334,83,15,0,432,0,0,0,432
03/03/2020,CVG,KY,ASO,CE,Combined TRACON& Tower with Radar,355,74,13,0,442,0,0,0,0,0,355,74,13,0,442,0,0,0,442
03/04/2020,CVG,KY,ASO,CE,Combined TRACON& Tower with Radar,363,81,10,0,454,0,0,2,0,2,363,81,12,0,456,0,0,0,456
03/05/2020,CVG,KY,ASO,CE,Combined TRACON& Tower with Radar,391,76,14,2,483,0,2,7,2,11,391,78,21,4,494,11,0,11,505
03/06/2020,CVG,KY,ASO,CE,Combined TRACON& Tower with Radar,391,73,6,1,471,0,0,0,0,0,391,73,6,1,471,0,0,0,471
03/07/2020,CVG,KY,ASO,CE,Combined TRACON& Tower with Radar,311,30,5,0,346,0,0,9,2,11,311,30,14,2,357,2,0,2,359
03/08/2020,CVG,KY,ASO,CE,Combined TRACON& Tower with Radar,299,56,4,0,359,0,0,4,4,8,299,56,8,4,367,0,0,0,367
03/09/2020,CVG,KY,ASO,CE,Combined TRACON& Tower with Radar,347,71,7,0,425,0,0,2,0,2,347,71,9,0,427,0,0,0,427
03/10/2020,CVG,KY,ASO,CE,Combined TRACON& Tower with Radar,367,71,15,0,453,0,0,1,0,1,367,71,16,0,454,0,0,0,454
03/11/2020,CVG,KY,ASO,CE,Combined TRACON& Tower with Radar,376,78,6,0,460,0,0,0,0,0,376,78,6,0,460,0,0,0,460
03/12/2020,CVG,KY,ASO,CE,Combined TRACON& Tower with Radar,396,84,1,0,481,0,0,0,0,0,396,84,1,0,481,0,0,0,481
03/13/2020,CVG,KY,ASO,CE,Combined TRACON& Tower with Radar,411,74,6,0,491,0,0,4,0,4,411,74,10,0,495,0,0,0,495
03/14/2020,CVG,KY,ASO,CE,Combined TRACON& Tower with Radar,326,32,5,0,363,0,0,2,0,2,326,32,7,0,365,0,0,0,365
03/15/2020,CVG,KY,ASO,CE,Combined TRACON& Tower with Radar,329,56,2,0,387,0,0,0,0,0,329,56,2,0,387,0,0,0,387
03/16/2020,CVG,KY,ASO,CE,Combined TRACON& Tower with Radar,359,81,7,0,447,0,0,5,0,5,359,81,12,0,452,0,0,0,452
03/17/2020,CVG,KY,ASO,CE,Combined TRACON& Tower with Radar,380,72,12,0,464,0,2,4,0,6,380,74,16,0,470,0,0,0,470
03/18/2020,CVG,KY,ASO,CE,Combined TRACON& Tower with Radar,360,75,2,0,437,0,0,0,0,0,360,75,2,0,437,0,0,0,437
03/19/2020,CVG,KY,ASO,CE,Combined TRACON& Tower with Radar,364,71,5,0,440,0,0,0,0,0,364,71,5,0,440,0,0,0,440
03/20/2020,CVG,KY,ASO,CE,Combined TRACON& Tower with Radar,363,68,7,0,438,0,0,2,0,2,363,68,9,0,440,0,0,0,440
03/21/2020,CVG,KY,ASO,CE,Combined TRACON& Tower with Radar,308,38,2,0,348,0,0,2,0,2,308,38,4,0,350,0,0,0,350
03/22/2020,CVG,KY,ASO,CE,Combined TRACON& Tower with Radar,271,45,2,0,318,0,0,2,0,2,271,45,4,0,320,0,0,0,320
03/23/2020,CVG,KY,ASO,CE,Combined TRACON& Tower with Radar,278,55,4,0,337,0,0,0,2,2,278,55,4,2,339,0,0,0,339
03/24/2020,CVG,KY,ASO,CE,Combined TRACON& Tower with Radar,301,43,3,2,349,0,0,2,0,2,301,43,5,2,351,0,0,0,351
03/25/2020,CVG,KY,ASO,CE,Combined TRACON& Tower with Radar,311,45,12,0,368,0,0,8,0,8,311,45,20,0,376,0,0,0,376
03/26/2020,CVG,KY,ASO,CE,Combined TRACON& Tower with Radar,309,30,7,0,346,0,0,1,0,1,309,30,8,0,347,0,0,0,347
03/27/2020,CVG,KY,ASO,CE,Combined TRACON& Tower with Radar,307,28,4,0,339,0,0,0,0,0,307,28,4,0,339,0,0,0,339
03/28/2020,CVG,KY,ASO,CE,Combined TRACON& Tower with Radar,271,12,0,0,283,0,0,0,0,0,271,12,0,0,283,0,0,0,283
03/29/2020,CVG,KY,ASO,CE,Combined TRACON& Tower with Radar,235,13,0,0,248,0,0,0,0,0,235,13,0,0,248,0,0,0,248
03/30/2020,CVG,KY,ASO,CE,Combined TRACON& Tower with Radar,218,21,2,0,241,0,0,2,2,4,218,21,4,2,245,0,0,0,245
03/31/2020,CVG,KY,ASO,CE,Combined TRACON& Tower with Radar,259,18,5,0,282,0,0,3,0,3,259,18,8,0,285,0,0,0,285
04/01/2020,CVG,KY,ASO,CE,Combined TRACON& Tower with Radar,251,22,5,0,278,0,0,2,0,2,251,22,7,0,280,0,0,0,280
04/02/2020,CVG,KY,ASO,CE,Combined TRACON& Tower with Radar,251,18,1,0,270,0,0,10,0,10,251,18,11,0,280,10,0,10,290
04/03/2020,CVG,KY,ASO,CE,Combined TRACON& Tower with Radar,243,15,3,4,265,0,0,9,0,9,243,15,12,4,274,1,6,7,281
04/04/2020,CVG,KY,ASO,CE,Combined TRACON& Tower with Radar,197,11,5,2,215,0,0,3,0,3,197,11,8,2,218,0,0,0,218
04/05/2020,CVG,KY,ASO,CE,Combined TRACON& Tower with Radar,164,8,0,0,172,0,0,0,0,0,164,8,0,0,172,0,0,0,172
04/06/2020,CVG,KY,ASO,CE,Combined TRACON& Tower with Radar,176,15,6,0,197,0,0,0,0,0,176,15,6,0,197,15,0,15,212
04/07/2020,CVG,KY,ASO,CE,Combined TRACON& Tower with Radar,218,17,2,0,237,0,0,0,0,0,218,17,2,0,237,0,0,0,237
04/08/2020,CVG,KY,ASO,CE,Combined TRACON& Tower with Radar,206,15,5,0,226,0,0,2,0,2,206,15,7,0,228,2,0,2,230
04/09/2020,CVG,KY,ASO,CE,Combined TRACON& Tower with Radar,219,17,0,0,236,0,0,0,0,0,219,17,0,0,236,0,0,0,236
04/10/2020,CVG,KY,ASO,CE,Combined TRACON& Tower with Radar,228,11,2,0,241,0,0,2,0,2,228,11,4,0,243,0,0,0,243
04/11/2020,CVG,KY,ASO,CE,Combined TRACON& Tower with Radar,169,5,4,0,178,0,0,8,0,8,169,5,12,0,186,0,0,0,186
04/12/2020,CVG,KY,ASO,CE,Combined TRACON& Tower with Radar,153,2,2,0,157,0,0,0,0,0,153,2,2,0,157,0,0,0,157
04/13/2020,CVG,KY,ASO,CE,Combined TRACON& Tower with Radar,161,7,0,0,168,0,0,0,4,4,161,7,0,4,172,0,0,0,172
04/14/2020,CVG,KY,ASO,CE,Combined TRACON& Tower with Radar,205,11,5,0,221,0,0,2,0,2,205,11,7,0,223,0,0,0,223
04/15/2020,CVG,KY,ASO,CE,Combined TRACON& Tower with Radar,200,16,4,0,220,0,0,0,4,4,200,16,4,4,224,0,0,0,224
04/16/2020,CVG,KY,ASO,CE,Combined TRACON& Tower with Radar,207,12,2,0,221,0,0,12,0,12,207,12,14,0,233,19,0,19,252
04/17/2020,CVG,KY,ASO,CE,Combined TRACON& Tower with Radar,205,13,0,0,218,0,0,2,0,2,205,13,2,0,220,0,0,0,220
04/18/2020,CVG,KY,ASO,CE,Combined TRACON& Tower with Radar,171,7,5,0,183,0,0,7,0,7,171,7,12,0,190,6,0,6,196
04/19/2020,CVG,KY,ASO,CE,Combined TRACON& Tower with Radar,151,5,7,0,163,0,0,5,1,6,151,5,12,1,169,0,0,0,169
04/20/2020,CVG,KY,ASO,CE,Combined TRACON& Tower with Radar,149,9,6,0,164,0,0,8,2,10,149,9,14,2,174,0,0,0,174
04/21/2020,CVG,KY,ASO,CE,Combined TRACON& Tower with Radar,203,7,3,0,213,0,0,2,2,4,203,7,5,2,217,11,0,11,228
04/22/2020,CVG,KY,ASO,CE,Combined TRACON& Tower with Radar,200,12,19,0,231,0,0,3,0,3,200,12,22,0,234,4,0,4,238
04/23/2020,CVG,KY,ASO,CE,Combined TRACON& Tower with Radar,217,11,0,0,228,0,0,0,0,0,217,11,0,0,228,0,0,0,228
04/24/2020,CVG,KY,ASO,CE,Combined TRACON& Tower with Radar,206,10,8,0,224,0,0,2,0,2,206,10,10,0,226,0,0,0,226
04/25/2020,CVG,KY,ASO,CE,Combined TRACON& Tower with Radar,162,7,4,0,173,0,0,0,0,0,162,7,4,0,173,0,0,0,173
04/26/2020,CVG,KY,ASO,CE,Combined TRACON& Tower with Radar,151,6,4,0,161,0,0,0,0,0,151,6,4,0,161,0,0,0,161
04/27/2020,CVG,KY,ASO,CE,Combined TRACON& Tower with Radar,145,10,10,0,165,0,0,12,2,14,145,10,22,2,179,20,0,20,199
04/28/2020,CVG,KY,ASO,CE,Combined TRACON& Tower with Radar,198,10,10,0,218,0,0,13,0,13,198,10,23,0,231,20,0,20,251
04/29/2020,CVG,KY,ASO,CE,Combined TRACON& Tower with Radar,205,12,2,0,219,0,0,2,0,2,205,12,4,0,221,0,0,0,221
04/30/2020,CVG,KY,ASO,CE,Combined TRACON& Tower with Radar,213,16,9,0,238,0,0,0,0,0,213,16,9,0,238,0,0,0,238
05/01/2020,CVG,KY,ASO,CE,Combined TRACON& Tower with Radar,208,15,12,0,235,0,0,7,2,9,208,15,19,2,244,10,0,10,254
05/02/2020,CVG,KY,ASO,CE,Combined TRACON& Tower with Radar,164,3,6,0,173,0,0,11,4,15,164,3,17,4,188,0,0,0,188
05/03/2020,CVG,KY,ASO,CE,Combined TRACON& Tower with Radar,141,7,2,0,150,0,0,0,0,0,141,7,2,0,150,2,0,2,152
05/04/2020,CVG,KY,ASO,CE,Combined TRACON& Tower with Radar,154,17,10,0,181,0,0,9,0,9,154,17,19,0,190,0,0,0,190
05/05/2020,CVG,KY,ASO,CE,Combined TRACON& Tower with Radar,185,12,0,0,197,0,0,2,0,2,185,12,2,0,199,5,0,5,204
05/06/2020,CVG,KY,ASO,CE,Combined TRACON& Tower with Radar,189,14,8,0,211,0,0,6,0,6,189,14,14,0,217,11,0,11,228
05/07/2020,CVG,KY,ASO,CE,Combined TRACON& Tower with Radar,202,17,18,0,237,0,0,6,0,6,202,17,24,0,243,0,0,0,243
05/08/2020,CVG,KY,ASO,CE,Combined TRACON& Tower with Radar,195,18,7,0,220,0,0,0,0,0,195,18,7,0,220,0,0,0,220
05/09/2020,CVG,KY,ASO,CE,Combined TRACON& Tower with Radar,159,14,8,0,181,0,0,9,0,9,159,14,17,0,190,0,0,0,190
05/10/2020,CVG,KY,ASO,CE,Combined TRACON& Tower with Radar,135,9,4,0,148,0,0,2,0,2,135,9,6,0,150,0,0,0,150
05/11/2020,CVG,KY,ASO,CE,Combined TRACON& Tower with Radar,152,15,7,0,174,0,0,0,2,2,152,15,7,2,176,0,0,0,176
05/12/2020,CVG,KY,ASO,CE,Combined TRACON& Tower with Radar,197,17,9,0,223,0,0,8,0,8,197,17,17,0,231,0,0,0,231
05/13/2020,CVG,KY,ASO,CE,Combined TRACON& Tower with Radar,207,21,2,0,230,0,1,3,0,4,207,22,5,0,234,0,0,0,234
05/14/2020,CVG,KY,ASO,CE,Combined TRACON& Tower with Radar,210,19,6,0,235,0,0,10,0,10,210,19,16,0,245,0,0,0,245
05/15/2020,CVG,KY,ASO,CE,Combined TRACON& Tower with Radar,223,16,9,2,250,0,0,0,0,0,223,16,9,2,250,0,0,0,250
05/16/2020,CVG,KY,ASO,CE,Combined TRACON& Tower with Radar,181,8,6,0,195,0,0,0,0,0,181,8,6,0,195,0,0,0,195
05/17/2020,CVG,KY,ASO,CE,Combined TRACON& Tower with Radar,156,9,6,0,171,0,0,3,2,5,156,9,9,2,176,0,0,0,176
05/18/2020,CVG,KY,ASO,CE,Combined TRACON& Tower with Radar,181,12,9,1,203,0,0,2,0,2,181,12,11,1,205,0,0,0,205
05/19/2020,CVG,KY,ASO,CE,Combined TRACON& Tower with Radar,190,13,11,0,214,0,0,2,0,2,190,13,13,0,216,0,0,0,216
05/20/2020,CVG,KY,ASO,CE,Combined TRACON& Tower with Radar,200,20,10,0,230,0,2,2,0,4,200,22,12,0,234,0,0,0,234
05/21/2020,CVG,KY,ASO,CE,Combined TRACON& Tower with Radar,216,20,8,0,244,0,0,0,0,0,216,20,8,0,244,0,0,0,244
05/22/2020,CVG,KY,ASO,CE,Combined TRACON& Tower with Radar,219,26,6,0,251,0,0,1,0,1,219,26,7,0,252,0,0,0,252
05/23/2020,CVG,KY,ASO,CE,Combined TRACON& Tower with Radar,190,12,4,0,206,0,0,2,2,4,190,12,6,2,210,0,0,0,210
05/24/2020,CVG,KY,ASO,CE,Combined TRACON& Tower with Radar,147,8,4,0,159,1,0,8,0,9,148,8,12,0,168,0,0,0,168
05/25/2020,CVG,KY,ASO,CE,Combined TRACON& Tower with Radar,198,8,2,0,208,0,0,5,0,5,198,8,7,0,213,0,0,0,213
05/26/2020,CVG,KY,ASO,CE,Combined TRACON& Tower with Radar,170,24,18,0,212,0,0,8,0,8,170,24,26,0,220,0,0,0,220
05/27/2020,CVG,KY,ASO,CE,Combined TRACON& Tower with Radar,202,14,6,0,222,0,0,10,0,10,202,14,16,0,232,116,0,116,348
05/28/2020,CVG,KY,ASO,CE,Combined TRACON& Tower with Radar,213,16,6,0,235,0,0,1,2,3,213,16,7,2,238,48,0,48,286
05/29/2020,CVG,KY,ASO,CE,Combined TRACON& Tower with Radar,236,17,16,0,269,0,0,7,4,11,236,17,23,4,280,86,0,86,366
05/30/2020,CVG,KY,ASO,CE,Combined TRACON& Tower with Radar,185,10,3,0,198,0,0,16,1,17,185,10,19,1,215,84,0,84,299
05/31/2020,CVG,KY,ASO,CE,Combined TRACON& Tower with Radar,154,12,9,0,175,0,0,11,0,11,154,12,20,0,186,86,0,86,272
06/01/2020,CVG,KY,ASO,CE,Combined TRACON& Tower with Radar,184,17,7,0,208,0,0,6,0,6,184,17,13,0,214,0,0,0,214
06/02/2020,CVG,KY,ASO,CE,Combined TRACON& Tower with Radar,212,17,13,0,242,0,0,10,6,16,212,17,23,6,258,13,0,13,271
06/03/2020,CVG,KY,ASO,CE,Combined TRACON& Tower with Radar,215,17,7,0,239,0,0,3,0,3,215,17,10,0,242,11,0,11,253
06/04/2020,CVG,KY,ASO,CE,Combined TRACON& Tower with Radar,231,19,3,0,253,0,0,3,0,3,231,19,6,0,256,8,0,8,264
06/05/2020,CVG,KY,ASO,CE,Combined TRACON& Tower with Radar,248,25,10,0,283,0,0,5,0,5,248,25,15,0,288,16,0,16,304
06/06/2020,CVG,KY,ASO,CE,Combined TRACON& Tower with Radar,203,9,10,0,222,0,0,10,0,10,203,9,20,0,232,0,0,0,232
06/07/2020,CVG,KY,ASO,CE,Combined TRACON& Tower with Radar,171,13,6,0,190,0,0,11,0,11,171,13,17,0,201,0,0,0,201
06/08/2020,CVG,KY,ASO,CE,Combined TRACON& Tower with Radar,196,18,14,0,228,0,2,7,4,13,196,20,21,4,241,0,0,0,241
06/09/2020,CVG,KY,ASO,CE,Combined TRACON& Tower with Radar,216,19,4,0,239,0,0,3,0,3,216,19,7,0,242,0,0,0,242
06/10/2020,CVG,KY,ASO,CE,Combined TRACON& Tower with Radar,216,16,12,0,244,0,0,3,2,5,216,16,15,2,249,0,0,0,249
06/11/2020,CVG,KY,ASO,CE,Combined TRACON& Tower with Radar,232,23,7,0,262,0,0,8,2,10,232,23,15,2,272,0,0,0,272
06/12/2020,CVG,KY,ASO,CE,Combined TRACON& Tower with Radar,241,21,12,2,276,0,0,9,0,9,241,21,21,2,285,0,0,0,285
06/13/2020,CVG,KY,ASO,CE,Combined TRACON& Tower with Radar,210,5,4,0,219,0,0,4,0,4,210,5,8,0,223,0,0,0,223
06/14/2020,CVG,KY,ASO,CE,Combined TRACON& Tower with Radar,167,11,4,0,182,0,0,0,0,0,167,11,4,0,182,0,0,0,182
06/15/2020,CVG,KY,ASO,CE,Combined TRACON& Tower with Radar,193,26,10,0,229,0,3,5,2,10,193,29,15,2,239,0,0,0,239
06/16/2020,CVG,KY,ASO,CE,Combined TRACON& Tower with Radar,205,18,11,0,234,0,0,11,0,11,205,18,22,0,245,4,0,4,249
06/17/2020,CVG,KY,ASO,CE,Combined TRACON& Tower with Radar,225,20,9,0,254,0,0,3,0,3,225,20,12,0,257,0,0,0,257
06/18/2020,CVG,KY,ASO,CE,Combined TRACON& Tower with Radar,236,23,10,0,269,0,0,4,0,4,236,23,14,0,273,0,0,0,273
06/19/2020,CVG,KY,ASO,CE,Combined TRACON& Tower with Radar,251,25,7,0,283,0,0,12,0,12,251,25,19,0,295,13,0,13,308
06/20/2020,CVG,KY,ASO,CE,Combined TRACON& Tower with Radar,216,13,11,0,240,0,0,12,2,14,216,13,23,2,254,2,0,2,256
06/21/2020,CVG,KY,ASO,CE,Combined TRACON& Tower with Radar,176,10,1,0,187,0,0,4,2,6,176,10,5,2,193,0,0,0,193
06/22/2020,CVG,KY,ASO,CE,Combined TRACON& Tower with Radar,186,21,15,0,222,0,0,1,0,1,186,21,16,0,223,0,0,0,223
06/23/2020,CVG,KY,ASO,CE,Combined TRACON& Tower with Radar,216,18,9,0,243,0,0,4,0,4,216,18,13,0,247,0,0,0,247
06/24/2020,CVG,KY,ASO,CE,Combined TRACON& Tower with Radar,227,20,16,0,263,0,0,9,2,11,227,20,25,2,274,0,0,0,274
06/25/2020,CVG,KY,ASO,CE,Combined TRACON& Tower with Radar,251,27,6,0,284,0,0,2,0,2,251,27,8,0,286,0,0,0,286
06/26/2020,CVG,KY,ASO,CE,Combined TRACON& Tower with Radar,248,20,2,0,270,0,2,5,0,7,248,22,7,0,277,0,0,0,277
06/27/2020,CVG,KY,ASO,CE,Combined TRACON& Tower with Radar,222,11,6,0,239,0,0,2,2,4,222,11,8,2,243,0,0,0,243
06/28/2020,CVG,KY,ASO,CE,Combined TRACON& Tower with Radar,179,12,2,0,193,0,0,0,0,0,179,12,2,0,193,0,0,0,193
06/29/2020,CVG,KY,ASO,CE,Combined TRACON& Tower with Radar,200,24,5,4,233,0,1,1,0,2,200,25,6,4,235,0,0,0,235
06/30/2020,CVG,KY,ASO,CE,Combined TRACON& Tower with Radar,223,23,18,0,264,0,0,0,4,4,223,23,18,4,268,0,0,0,268
07/01/2020,CVG,KY,ASO,CE,Combined TRACON& Tower with Radar,235,23,6,0,264,0,0,4,2,6,235,23,10,2,270,0,0,0,270
07/02/2020,CVG,KY,ASO,CE,Combined TRACON& Tower with Radar,262,26,10,0,298,2,2,4,0,8,264,28,14,0,306,0,0,0,306
07/03/2020,CVG,KY,ASO,CE,Combined TRACON& Tower with Radar,262,32,4,0,298,0,0,5,0,5,262,32,9,0,303,0,0,0,303
07/04/2020,CVG,KY,ASO,CE,Combined TRACON& Tower with Radar,178,6,11,0,195,0,0,6,0,6,178,6,17,0,201,0,0,0,201
07/05/2020,CVG,KY,ASO,CE,Combined TRACON& Tower with Radar,155,19,7,0,181,0,0,4,2,6,155,19,11,2,187,0,0,0,187
07/06/2020,CVG,KY,ASO,CE,Combined TRACON& Tower with Radar,225,27,5,0,257,0,0,5,1,6,225,27,10,1,263,0,0,0,263
07/07/2020,CVG,KY,ASO,CE,Combined TRACON& Tower with Radar,273,23,13,13,322,0,0,5,5,10,273,23,18,18,332,10,0,10,342
07/08/2020,CVG,KY,ASO,CE,Combined TRACON& Tower with Radar,259,17,10,0,286,0,0,6,0,6,259,17,16,0,292,0,6,6,298
07/09/2020,CVG,KY,ASO,CE,Combined TRACON& Tower with Radar,289,34,15,0,338,0,0,2,0,2,289,34,17,0,340,10,0,10,350
07/10/2020,CVG,KY,ASO,CE,Combined TRACON& Tower with Radar,294,20,12,0,326,0,0,0,0,0,294,20,12,0,326,0,0,0,326
07/11/2020,CVG,KY,ASO,CE,Combined TRACON& Tower with Radar,248,26,51,0,325,0,0,3,1,4,248,26,54,1,329,0,0,0,329
07/12/2020,CVG,KY,ASO,CE,Combined TRACON& Tower with Radar,226,17,58,0,301,0,0,3,0,3,226,17,61,0,304,0,0,0,304
07/13/2020,CVG,KY,ASO,CE,Combined TRACON& Tower with Radar,239,22,9,0,270,0,0,6,0,6,239,22,15,0,276,0,0,0,276
07/14/2020,CVG,KY,ASO,CE,Combined TRACON& Tower with Radar,270,21,10,0,301,0,0,11,0,11,270,21,21,0,312,0,0,0,312
07/15/2020,CVG,KY,ASO,CE,Combined TRACON& Tower with Radar,264,23,20,0,307,0,0,22,1,23,264,23,42,1,330,43,0,43,373
07/16/2020,CVG,KY,ASO,CE,Combined TRACON& Tower with Radar,289,22,8,0,319,0,0,4,3,7,289,22,12,3,326,0,0,0,326
07/17/2020,CVG,KY,ASO,CE,Combined TRACON& Tower with Radar,297,29,6,0,332,0,0,0,2,2,297,29,6,2,334,0,0,0,334
07/18/2020,CVG,KY,ASO,CE,Combined TRACON& Tower with Radar,254,23,3,0,280,0,0,3,3,6,254,23,6,3,286,0,0,0,286
07/19/2020,CVG,KY,ASO,CE,Combined TRACON& Tower with Radar,230,19,0,0,249,0,0,2,1,3,230,19,2,1,252,0,0,0,252
07/20/2020,CVG,KY,ASO,CE,Combined TRACON& Tower with Radar,243,23,7,0,273,0,0,2,2,4,243,23,9,2,277,0,0,0,277
07/21/2020,CVG,KY,ASO,CE,Combined TRACON& Tower with Radar,271,20,11,0,302,0,0,3,0,3,271,20,14,0,305,0,0,0,305
07/22/2020,CVG,KY,ASO,CE,Combined TRACON& Tower with Radar,271,24,6,0,301,0,5,0,2,7,271,29,6,2,308,0,0,0,308
07/23/2020,CVG,KY,ASO,CE,Combined TRACON& Tower with Radar,297,24,18,1,340,0,0,0,0,0,297,24,18,1,340,0,0,0,340
07/24/2020,CVG,KY,ASO,CE,Combined TRACON& Tower with Radar,308,25,4,0,337,0,0,3,0,3,308,25,7,0,340,0,0,0,340
07/25/2020,CVG,KY,ASO,CE,Combined TRACON& Tower with Radar,257,28,10,0,295,0,2,2,0,4,257,30,12,0,299,0,0,0,299
07/26/2020,CVG,KY,ASO,CE,Combined TRACON& Tower with Radar,233,20,8,0,261,0,0,7,2,9,233,20,15,2,270,0,0,0,270
07/27/2020,CVG,KY,ASO,CE,Combined TRACON& Tower with Radar,259,16,9,0,284,0,0,0,0,0,259,16,9,0,284,0,0,0,284
07/28/2020,CVG,KY,ASO,CE,Combined TRACON& Tower with Radar,265,30,19,0,314,0,0,5,1,6,265,30,24,1,320,0,0,0,320
07/29/2020,CVG,KY,ASO,CE,Combined TRACON& Tower with Radar,273,21,10,0,304,0,0,6,1,7,273,21,16,1,311,0,0,0,311
07/30/2020,CVG,KY,ASO,CE,Combined TRACON& Tower with Radar,287,21,10,0,318,0,0,1,0,1,287,21,11,0,319,0,0,0,319
07/31/2020,CVG,KY,ASO,CE,Combined TRACON& Tower with Radar,301,19,12,0,332,0,0,3,0,3,301,19,15,0,335,0,0,0,335
08/01/2020,CVG,KY,ASO,CE,Combined TRACON& Tower with Radar,270,11,5,0,286,0,0,0,0,0,270,11,5,0,286,0,0,0,286
08/02/2020,CVG,KY,ASO,CE,Combined TRACON& Tower with Radar,243,10,2,0,255,0,0,7,0,7,243,10,9,0,262,0,0,0,262
08/03/2020,CVG,KY,ASO,CE,Combined TRACON& Tower with Radar,259,16,8,0,283,0,0,2,0,2,259,16,10,0,285,0,0,0,285
08/04/2020,CVG,KY,ASO,CE,Combined TRACON& Tower with Radar,272,16,6,0,294,0,0,9,2,11,272,16,15,2,305,0,0,0,305
08/05/2020,CVG,KY,ASO,CE,Combined TRACON& Tower with Radar,268,17,10,0,295,0,0,12,0,12,268,17,22,0,307,0,0,0,307
08/06/2020,CVG,KY,ASO,CE,Combined TRACON& Tower with Radar,312,23,7,0,342,0,0,5,0,5,312,23,12,0,347,0,0,0,347
08/07/2020,CVG,KY,ASO,CE,Combined TRACON& Tower with Radar,327,17,14,0,358,0,0,4,0,4,327,17,18,0,362,0,0,0,362
08/08/2020,CVG,KY,ASO,CE,Combined TRACON& Tower with Radar,286,12,8,0,306,0,0,5,0,5,286,12,13,0,311,0,0,0,311
08/09/2020,CVG,KY,ASO,CE,Combined TRACON& Tower with Radar,258,17,6,0,281,0,3,5,4,12,258,20,11,4,293,0,0,0,293
08/10/2020,CVG,KY,ASO,CE,Combined TRACON& Tower with Radar,262,22,6,0,290,0,0,3,0,3,262,22,9,0,293,0,0,0,293
08/11/2020,CVG,KY,ASO,CE,Combined TRACON& Tower with Radar,272,33,12,0,317,0,0,3,0,3,272,33,15,0,320,0,0,0,320
08/12/2020,CVG,KY,ASO,CE,Combined TRACON& Tower with Radar,295,35,8,0,338,0,0,10,1,11,295,35,18,1,349,0,0,0,349
08/13/2020,CVG,KY,ASO,CE,Combined TRACON& Tower with Radar,311,27,5,0,343,0,0,6,3,9,311,27,11,3,352,0,0,0,352
08/14/2020,CVG,KY,ASO,CE,Combined TRACON& Tower with Radar,331,19,7,0,357,0,0,3,0,3,331,19,10,0,360,0,0,0,360
08/15/2020,CVG,KY,ASO,CE,Combined TRACON& Tower with Radar,275,11,2,0,288,0,0,3,0,3,275,11,5,0,291,0,0,0,291
08/16/2020,CVG,KY,ASO,CE,Combined TRACON& Tower with Radar,254,17,3,1,275,0,0,0,0,0,254,17,3,1,275,0,0,0,275
08/17/2020,CVG,KY,ASO,CE,Combined TRACON& Tower with Radar,253,19,8,0,280,0,0,12,5,17,253,19,20,5,297,0,0,0,297
08/18/2020,CVG,KY,ASO,CE,Combined TRACON& Tower with Radar,267,24,19,0,310,0,0,17,0,17,267,24,36,0,327,0,0,0,327
08/19/2020,CVG,KY,ASO,CE,Combined TRACON& Tower with Radar,259,18,15,2,294,0,0,10,1,11,259,18,25,3,305,0,0,0,305
08/20/2020,CVG,KY,ASO,CE,Combined TRACON& Tower with Radar,311,27,12,0,350,0,0,3,0,3,311,27,15,0,353,0,0,0,353
08/21/2020,CVG,KY,ASO,CE,Combined TRACON& Tower with Radar,308,21,10,0,339,0,0,0,0,0,308,21,10,0,339,0,0,0,339
08/22/2020,CVG,KY,ASO,CE,Combined TRACON& Tower with Radar,258,9,1,0,268,0,0,2,0,2,258,9,3,0,270,0,0,0,270
08/23/2020,CVG,KY,ASO,CE,Combined TRACON& Tower with Radar,252,12,10,0,274,0,0,1,0,1,252,12,11,0,275,0,0,0,275
08/24/2020,CVG,KY,ASO,CE,Combined TRACON& Tower with Radar,252,21,10,6,289,0,0,7,5,12,252,21,17,11,301,0,0,0,301
08/25/2020,CVG,KY,ASO,CE,Combined TRACON& Tower with Radar,269,19,13,0,301,0,0,12,0,12,269,19,25,0,313,0,0,0,313
08/26/2020,CVG,KY,ASO,CE,Combined TRACON& Tower with Radar,257,21,19,0,297,0,3,10,0,13,257,24,29,0,310,0,0,0,310
08/27/2020,CVG,KY,ASO,CE,Combined TRACON& Tower with Radar,308,29,6,0,343,0,0,6,0,6,308,29,12,0,349,0,0,0,349
08/28/2020,CVG,KY,ASO,CE,Combined TRACON& Tower with Radar,312,26,4,0,342,0,0,0,0,0,312,26,4,0,342,0,0,0,342
08/29/2020,CVG,KY,ASO,CE,Combined TRACON& Tower with Radar,260,15,2,0,277,0,25,21,0,46,260,40,23,0,323,0,0,0,323
08/30/2020,CVG,KY,ASO,CE,Combined TRACON& Tower with Radar,240,13,11,0,264,0,2,10,0,12,240,15,21,0,276,0,0,0,276
08/31/2020,CVG,KY,ASO,CE,Combined TRACON& Tower with Radar,247,15,18,0,280,0,0,1,0,1,247,15,19,0,281,0,0,0,281
09/01/2020,CVG,KY,ASO,CE,Combined TRACON& Tower with Radar,255,23,11,0,289,0,0,5,2,7,255,23,16,2,296,0,0,0,296
09/02/2020,CVG,KY,ASO,CE,Combined TRACON& Tower with Radar,260,15,6,0,281,0,0,0,1,1,260,15,6,1,282,0,0,0,282
09/03/2020,CVG,KY,ASO,CE,Combined TRACON& Tower with Radar,310,22,18,0,350,0,0,4,6,10,310,22,22,6,360,0,0,0,360
09/04/2020,CVG,KY,ASO,CE,Combined TRACON& Tower with Radar,315,21,5,0,341,0,0,0,0,0,315,21,5,0,341,0,0,0,341
09/05/2020,CVG,KY,ASO,CE,Combined TRACON& Tower with Radar,245,11,5,0,261,0,0,4,0,4,245,11,9,0,265,0,0,0,265
09/06/2020,CVG,KY,ASO,CE,Combined TRACON& Tower with Radar,233,9,5,0,247,0,0,4,0,4,233,9,9,0,251,8,0,8,259
09/07/2020,CVG,KY,ASO,CE,Combined TRACON& Tower with Radar,282,19,7,0,308,0,0,0,0,0,282,19,7,0,308,6,0,6,314
09/08/2020,CVG,KY,ASO,CE,Combined TRACON& Tower with Radar,236,17,8,0,261,0,0,9,2,11,236,17,17,2,272,0,0,0,272
09/09/2020,CVG,KY,ASO,CE,Combined TRACON& Tower with Radar,259,17,11,3,290,0,1,19,4,24,259,18,30,7,314,0,0,0,314
09/10/2020,CVG,KY,ASO,CE,Combined TRACON& Tower with Radar,309,17,14,0,340,0,0,10,0,10,309,17,24,0,350,0,0,0,350
09/11/2020,CVG,KY,ASO,CE,Combined TRACON& Tower with Radar,295,19,6,0,320,0,0,2,0,2,295,19,8,0,322,0,0,0,322
09/12/2020,CVG,KY,ASO,CE,Combined TRACON& Tower with Radar,253,9,2,0,264,0,0,2,0,2,253,9,4,0,266,0,0,0,266
09/13/2020,CVG,KY,ASO,CE,Combined TRACON& Tower with Radar,248,9,6,0,263,0,0,4,0,4,248,9,10,0,267,0,0,0,267
09/14/2020,CVG,KY,ASO,CE,Combined TRACON& Tower with Radar,228,14,9,0,251,0,4,6,1,11,228,18,15,1,262,0,0,0,262
09/15/2020,CVG,KY,ASO,CE,Combined TRACON& Tower with Radar,252,15,11,0,278,0,1,24,1,26,252,16,35,1,304,0,0,0,304
09/16/2020,CVG,KY,ASO,CE,Combined TRACON& Tower with Radar,267,39,18,0,324,0,0,18,0,18,267,39,36,0,342,0,0,0,342
09/17/2020,CVG,KY,ASO,CE,Combined TRACON& Tower with Radar,301,31,21,1,354,0,0,16,2,18,301,31,37,3,372,0,0,0,372
09/18/2020,CVG,KY,ASO,CE,Combined TRACON& Tower with Radar,302,17,6,0,325,0,1,9,0,10,302,18,15,0,335,0,0,0,335
09/19/2020,CVG,KY,ASO,CE,Combined TRACON& Tower with Radar,253,12,6,0,271,0,2,5,0,7,253,14,11,0,278,0,0,0,278
09/20/2020,CVG,KY,ASO,CE,Combined TRACON& Tower with Radar,243,9,1,0,253,0,0,5,0,5,243,9,6,0,258,0,0,0,258
09/21/2020,CVG,KY,ASO,CE,Combined TRACON& Tower with Radar,233,26,7,0,266,0,8,4,0,12,233,34,11,0,278,0,0,0,278
09/22/2020,CVG,KY,ASO,CE,Combined TRACON& Tower with Radar,249,10,14,0,273,0,0,4,0,4,249,10,18,0,277,0,0,0,277
09/23/2020,CVG,KY,ASO,CE,Combined TRACON& Tower with Radar,256,22,11,0,289,0,0,4,0,4,256,22,15,0,293,0,0,0,293
09/24/2020,CVG,KY,ASO,CE,Combined TRACON& Tower with Radar,305,20,13,2,340,0,0,0,0,0,305,20,13,2,340,0,0,0,340
09/25/2020,CVG,KY,ASO,CE,Combined TRACON& Tower with Radar,303,14,7,0,324,0,0,2,2,4,303,14,9,2,328,0,0,0,328
09/26/2020,CVG,KY,ASO,CE,Combined TRACON& Tower with Radar,253,11,20,0,284,0,0,2,1,3,253,11,22,1,287,0,0,0,287
09/27/2020,CVG,KY,ASO,CE,Combined TRACON& Tower with Radar,241,13,10,0,264,0,0,2,0,2,241,13,12,0,266,0,0,0,266
09/28/2020,CVG,KY,ASO,CE,Combined TRACON& Tower with Radar,222,16,1,0,239,0,0,2,0,2,222,16,3,0,241,0,0,0,241
09/29/2020,CVG,KY,ASO,CE,Combined TRACON& Tower with Radar,253,15,13,0,281,0,1,4,0,5,253,16,17,0,286,0,0,0,286
09/30/2020,CVG,KY,ASO,CE,Combined TRACON& Tower with Radar,260,8,12,0,280,0,1,5,0,6,260,9,17,0,286,0,0,0,286
10/01/2020,CVG,KY,ASO,CE,Combined TRACON& Tower with Radar,314,14,7,0,335,0,0,1,0,1,314,14,8,0,336,0,0,0,336
10/02/2020,CVG,KY,ASO,CE,Combined TRACON& Tower with Radar,316,13,3,0,332,0,0,14,0,14,316,13,17,0,346,0,0,0,346
10/03/2020,CVG,KY,ASO,CE,Combined TRACON& Tower with Radar,256,9,6,0,271,0,0,5,2,7,256,9,11,2,278,0,0,0,278
10/04/2020,CVG,KY,ASO,CE,Combined TRACON& Tower with Radar,247,8,2,0,257,0,0,2,0,2,247,8,4,0,259,0,0,0,259
10/05/2020,CVG,KY,ASO,CE,Combined TRACON& Tower with Radar,260,18,6,0,284,0,0,9,0,9,260,18,15,0,293,0,0,0,293
10/06/2020,CVG,KY,ASO,CE,Combined TRACON& Tower with Radar,253,17,13,0,283,0,0,9,0,9,253,17,22,0,292,0,0,0,292
10/07/2020,CVG,KY,ASO,CE,Combined TRACON& Tower with Radar,256,10,20,0,286,0,0,0,0,0,256,10,20,0,286,0,0,0,286
10/08/2020,CVG,KY,ASO,CE,Combined TRACON& Tower with Radar,313,19,5,0,337,0,0,15,0,15,313,19,20,0,352,0,0,0,352
10/09/2020,CVG,KY,ASO,CE,Combined TRACON& Tower with Radar,312,24,10,0,346,0,0,2,2,4,312,24,12,2,350,0,0,0,350
10/10/2020,CVG,KY,ASO,CE,Combined TRACON& Tower with Radar,256,14,1,0,271,0,0,0,0,0,256,14,1,0,271,0,0,0,271
10/11/2020,CVG,KY,ASO,CE,Combined TRACON& Tower with Radar,261,20,4,0,285,0,0,0,0,0,261,20,4,0,285,0,0,0,285
10/12/2020,CVG,KY,ASO,CE,Combined TRACON& Tower with Radar,267,22,8,0,297,0,0,0,0,0,267,22,8,0,297,0,0,0,297
10/13/2020,CVG,KY,ASO,CE,Combined TRACON& Tower with Radar,276,13,13,0,302,0,0,10,1,11,276,13,23,1,313,0,0,0,313
10/14/2020,CVG,KY,ASO,CE,Combined TRACON& Tower with Radar,263,14,8,0,285,0,0,3,0,3,263,14,11,0,288,0,0,0,288
10/15/2020,CVG,KY,ASO,CE,Combined TRACON& Tower with Radar,320,18,8,0,346,0,0,1,0,1,320,18,9,0,347,0,0,0,347
10/16/2020,CVG,KY,ASO,CE,Combined TRACON& Tower with Radar,311,20,16,0,347,0,0,0,1,1,311,20,16,1,348,0,0,0,348
10/17/2020,CVG,KY,ASO,CE,Combined TRACON& Tower with Radar,262,13,8,0,283,0,0,10,3,13,262,13,18,3,296,0,0,0,296
10/18/2020,CVG,KY,ASO,CE,Combined TRACON& Tower with Radar,259,10,5,0,274,0,0,2,0,2,259,10,7,0,276,0,0,0,276
10/19/2020,CVG,KY,ASO,CE,Combined TRACON& Tower with Radar,263,14,6,0,283,0,0,2,0,2,263,14,8,0,285,0,0,0,285
10/20/2020,CVG,KY,ASO,CE,Combined TRACON& Tower with Radar,258,20,14,0,292,0,0,0,0,0,258,20,14,0,292,0,0,0,292
10/21/2020,CVG,KY,ASO,CE,Combined TRACON& Tower with Radar,262,21,13,0,296,0,0,0,0,0,262,21,13,0,296,0,0,0,296
10/22/2020,CVG,KY,ASO,CE,Combined TRACON& Tower with Radar,319,27,23,0,369,0,0,8,2,10,319,27,31,2,379,0,0,0,379
10/23/2020,CVG,KY,ASO,CE,Combined TRACON& Tower with Radar,317,22,7,0,346,0,0,6,2,8,317,22,13,2,354,0,0,0,354
10/24/2020,CVG,KY,ASO,CE,Combined TRACON& Tower with Radar,269,19,3,0,291,0,0,1,0,1,269,19,4,0,292,0,0,0,292
10/25/2020,CVG,KY,ASO,CE,Combined TRACON& Tower with Radar,249,15,9,0,273,0,0,1,0,1,249,15,10,0,274,0,0,0,274
10/26/2020,CVG,KY,ASO,CE,Combined TRACON& Tower with Radar,246,16,12,0,274,0,0,0,0,0,246,16,12,0,274,0,0,0,274
10/27/2020,CVG,KY,ASO,CE,Combined TRACON& Tower with Radar,263,18,11,0,292,0,0,0,0,0,263,18,11,0,292,0,0,0,292
10/28/2020,CVG,KY,ASO,CE,Combined TRACON& Tower with Radar,266,15,7,0,288,0,0,2,0,2,266,15,9,0,290,0,0,0,290
10/29/2020,CVG,KY,ASO,CE,Combined TRACON& Tower with Radar,303,21,6,0,330,0,0,0,0,0,303,21,6,0,330,0,0,0,330
10/30/2020,CVG,KY,ASO,CE,Combined TRACON& Tower with Radar,307,20,15,0,342,0,0,8,0,8,307,20,23,0,350,0,0,0,350
10/31/2020,CVG,KY,ASO,CE,Combined TRACON& Tower with Radar,236,14,2,0,252,0,0,6,2,8,236,14,8,2,260,0,0,0,260
11/01/2020,CVG,KY,ASO,CE,Combined TRACON& Tower with Radar,247,6,1,0,254,0,0,2,0,2,247,6,3,0,256,0,0,0,256
11/02/2020,CVG,KY,ASO,CE,Combined TRACON& Tower with Radar,253,10,10,0,273,0,0,4,0,4,253,10,14,0,277,0,0,0,277
11/03/2020,CVG,KY,ASO,CE,Combined TRACON& Tower with Radar,248,7,10,0,265,0,0,3,2,5,248,7,13,2,270,0,0,0,270
11/04/2020,CVG,KY,ASO,CE,Combined TRACON& Tower with Radar,245,13,5,0,263,0,2,0,0,2,245,15,5,0,265,0,0,0,265
11/05/2020,CVG,KY,ASO,CE,Combined TRACON& Tower with Radar,327,16,8,2,353,0,0,7,0,7,327,16,15,2,360,0,0,0,360
11/06/2020,CVG,KY,ASO,CE,Combined TRACON& Tower with Radar,319,14,9,0,342,0,0,5,0,5,319,14,14,0,347,0,0,0,347
11/07/2020,CVG,KY,ASO,CE,Combined TRACON& Tower with Radar,260,8,6,0,274,0,0,2,3,5,260,8,8,3,279,0,0,0,279
11/08/2020,CVG,KY,ASO,CE,Combined TRACON& Tower with Radar,268,10,8,0,286,0,0,2,4,6,268,10,10,4,292,0,0,0,292
11/09/2020,CVG,KY,ASO,CE,Combined TRACON& Tower with Radar,267,10,17,0,294,0,0,14,0,14,267,10,31,0,308,6,0,6,314
11/10/2020,CVG,KY,ASO,CE,Combined TRACON& Tower with Radar,252,16,7,2,277,0,1,6,0,7,252,17,13,2,284,0,0,0,284
11/11/2020,CVG,KY,ASO,CE,Combined TRACON& Tower with Radar,249,11,4,0,264,0,0,6,0,6,249,11,10,0,270,0,0,0,270
11/12/2020,CVG,KY,ASO,CE,Combined TRACON& Tower with Radar,337,11,11,2,361,0,2,6,0,8,337,13,17,2,369,0,0,0,369
11/13/2020,CVG,KY,ASO,CE,Combined TRACON& Tower with Radar,325,13,0,0,338,0,0,9,0,9,325,13,9,0,347,0,0,0,347
11/14/2020,CVG,KY,ASO,CE,Combined TRACON& Tower with Radar,276,12,1,0,289,0,2,7,1,10,276,14,8,1,299,0,0,0,299
11/15/2020,CVG,KY,ASO,CE,Combined TRACON& Tower with Radar,275,15,3,1,294,0,0,0,0,0,275,15,3,1,294,0,0,0,294
11/16/2020,CVG,KY,ASO,CE,Combined TRACON& Tower with Radar,271,18,8,1,298,0,0,1,0,1,271,18,9,1,299,0,0,0,299
11/17/2020,CVG,KY,ASO,CE,Combined TRACON& Tower with Radar,252,15,6,0,273,0,0,12,0,12,252,15,18,0,285,0,0,0,285
11/18/2020,CVG,KY,ASO,CE,Combined TRACON& Tower with Radar,271,20,7,0,298,0,2,4,2,8,271,22,11,2,306,0,0,0,306
11/19/2020,CVG,KY,ASO,CE,Combined TRACON& Tower with Radar,339,12,5,0,356,0,0,0,1,1,339,12,5,1,357,0,0,0,357
11/20/2020,CVG,KY,ASO,CE,Combined TRACON& Tower with Radar,342,16,4,0,362,0,2,0,0,2,342,18,4,0,364,0,0,0,364
11/21/2020,CVG,KY,ASO,CE,Combined TRACON& Tower with Radar,288,8,3,0,299,0,0,0,0,0,288,8,3,0,299,0,0,0,299
11/22/2020,CVG,KY,ASO,CE,Combined TRACON& Tower with Radar,311,9,1,0,321,0,0,0,0,0,311,9,1,0,321,0,0,0,321
11/23/2020,CVG,KY,ASO,CE,Combined TRACON& Tower with Radar,273,14,5,1,293,0,0,5,1,6,273,14,10,2,299,0,0,0,299
11/24/2020,CVG,KY,ASO,CE,Combined TRACON& Tower with Radar,348,17,8,0,373,0,0,20,1,21,348,17,28,1,394,0,0,0,394
11/25/2020,CVG,KY,ASO,CE,Combined TRACON& Tower with Radar,330,18,4,0,352,0,0,0,0,0,330,18,4,0,352,0,0,0,352
11/26/2020,CVG,KY,ASO,CE,Combined TRACON& Tower with Radar,275,2,1,0,278,0,0,0,0,0,275,2,1,0,278,0,0,0,278
11/27/2020,CVG,KY,ASO,CE,Combined TRACON& Tower with Radar,230,12,4,0,246,0,0,1,0,1,230,12,5,0,247,0,0,0,247
11/28/2020,CVG,KY,ASO,CE,Combined TRACON& Tower with Radar,329,10,7,0,346,0,0,4,0,4,329,10,11,0,350,0,0,0,350
11/29/2020,CVG,KY,ASO,CE,Combined TRACON& Tower with Radar,321,15,2,0,338,0,0,1,0,1,321,15,3,0,339,0,0,0,339
11/30/2020,CVG,KY,ASO,CE,Combined TRACON& Tower with Radar,310,21,4,0,335,0,0,0,0,0,310,21,4,0,335,0,0,0,335
12/01/2020,CVG,KY,ASO,CE,Combined TRACON& Tower with Radar,306,9,6,0,321,0,0,2,0,2,306,9,8,0,323,0,0,0,323
12/02/2020,CVG,KY,ASO,CE,Combined TRACON& Tower with Radar,255,17,17,0,289,0,0,9,0,9,255,17,26,0,298,0,0,0,298
12/03/2020,CVG,KY,ASO,CE,Combined TRACON& Tower with Radar,324,12,9,0,345,0,0,0,2,2,324,12,9,2,347,0,0,0,347
12/04/2020,CVG,KY,ASO,CE,Combined TRACON& Tower with Radar,316,16,8,0,340,0,0,6,0,6,316,16,14,0,346,0,0,0,346
12/05/2020,CVG,KY,ASO,CE,Combined TRACON& Tower with Radar,252,7,6,0,265,0,0,3,0,3,252,7,9,0,268,0,0,0,268
12/06/2020,CVG,KY,ASO,CE,Combined TRACON& Tower with Radar,283,7,5,0,295,0,0,1,1,2,283,7,6,1,297,0,0,0,297
12/07/2020,CVG,KY,ASO,CE,Combined TRACON& Tower with Radar,259,20,2,0,281,0,0,4,0,4,259,20,6,0,285,0,0,0,285
12/08/2020,CVG,KY,ASO,CE,Combined TRACON& Tower with Radar,264,8,2,2,276,0,0,2,0,2,264,8,4,2,278,0,0,0,278
12/09/2020,CVG,KY,ASO,CE,Combined TRACON& Tower with Radar,263,18,8,0,289,0,0,6,0,6,263,18,14,0,295,0,0,0,295
12/10/2020,CVG,KY,ASO,CE,Combined TRACON& Tower with Radar,328,15,14,0,357,0,2,19,2,23,328,17,33,2,380,0,0,0,380
12/11/2020,CVG,KY,ASO,CE,Combined TRACON& Tower with Radar,319,12,8,0,339,0,0,2,0,2,319,12,10,0,341,0,0,0,341
12/12/2020,CVG,KY,ASO,CE,Combined TRACON& Tower with Radar,250,5,2,0,257,0,0,6,0,6,250,5,8,0,263,0,0,0,263
12/13/2020,CVG,KY,ASO,CE,Combined TRACON& Tower with Radar,280,9,5,0,294,0,0,2,0,2,280,9,7,0,296,0,0,0,296
12/14/2020,CVG,KY,ASO,CE,Combined TRACON& Tower with Radar,266,12,4,0,282,0,2,5,2,9,266,14,9,2,291,0,0,0,291
12/15/2020,CVG,KY,ASO,CE,Combined TRACON& Tower with Radar,265,13,14,0,292,0,0,5,0,5,265,13,19,0,297,0,0,0,297
12/16/2020,CVG,KY,ASO,CE,Combined TRACON& Tower with Radar,268,16,6,0,290,0,0,0,0,0,268,16,6,0,290,0,0,0,290
12/17/2020,CVG,KY,ASO,CE,Combined TRACON& Tower with Radar,323,22,7,0,352,0,0,0,0,0,323,22,7,0,352,0,0,0,352
12/18/2020,CVG,KY,ASO,CE,Combined TRACON& Tower with Radar,344,24,13,0,381,0,1,9,0,10,344,25,22,0,391,0,0,0,391
12/19/2020,CVG,KY,ASO,CE,Combined TRACON& Tower with Radar,295,11,1,0,307,0,0,2,0,2,295,11,3,0,309,0,0,0,309
12/20/2020,CVG,KY,ASO,CE,Combined TRACON& Tower with Radar,297,13,5,0,315,0,0,2,0,2,297,13,7,0,317,0,0,0,317
12/21/2020,CVG,KY,ASO,CE,Combined TRACON& Tower with Radar,283,20,0,0,303,0,0,2,0,2,283,20,2,0,305,0,0,0,305
12/22/2020,CVG,KY,ASO,CE,Combined TRACON& Tower with Radar,343,16,6,0,365,0,0,14,0,14,343,16,20,0,379,0,0,0,379
12/23/2020,CVG,KY,ASO,CE,Combined TRACON& Tower with Radar,342,18,6,0,366,0,0,2,0,2,342,18,8,0,368,0,0,0,368
12/24/2020,CVG,KY,ASO,CE,Combined TRACON& Tower with Radar,289,10,0,0,299,0,0,0,0,0,289,10,0,0,299,0,0,0,299
12/25/2020,CVG,KY,ASO,CE,Combined TRACON& Tower with Radar,138,12,2,0,152,0,0,0,2,2,138,12,2,2,154,0,0,0,154
12/26/2020,CVG,KY,ASO,CE,Combined TRACON& Tower with Radar,266,12,5,0,283,0,0,0,0,0,266,12,5,0,283,0,0,0,283
12/27/2020,CVG,KY,ASO,CE,Combined TRACON& Tower with Radar,298,12,5,0,315,0,0,9,2,11,298,12,14,2,326,0,0,0,326
12/28/2020,CVG,KY,ASO,CE,Combined TRACON& Tower with Radar,282,14,4,0,300,0,2,1,0,3,282,16,5,0,303,0,0,0,303
12/29/2020,CVG,KY,ASO,CE,Combined TRACON& Tower with Radar,323,16,2,0,341,0,0,3,0,3,323,16,5,0,344,0,0,0,344
12/30/2020,CVG,KY,ASO,CE,Combined TRACON& Tower with Radar,333,17,4,0,354,0,0,0,2,2,333,17,4,2,356,0,0,0,356
12/31/2020,CVG,KY,ASO,CE,Combined TRACON& Tower with Radar,290,15,5,0,310,0,0,0,0,0,290,15,5,0,310,0,0,0,310
01/01/2021,CVG,KY,ASO,CE,Combined TRACON& Tower with Radar,166,10,4,0,180,0,0,0,0,0,166,10,4,0,180,0,0,0,180
01/02/2021,CVG,KY,ASO,CE,Combined TRACON& Tower with Radar,264,16,3,0,283,0,0,0,0,0,264,16,3,0,283,0,0,0,283
01/03/2021,CVG,KY,ASO,CE,Combined TRACON& Tower with Radar,302,14,4,0,320,0,0,0,0,0,302,14,4,0,320,0,0,0,320
01/04/2021,CVG,KY,ASO,CE,Combined TRACON& Tower with Radar,263,22,9,0,294,0,0,6,1,7,263,22,15,1,301,0,0,0,301
01/05/2021,CVG,KY,ASO,CE,Combined TRACON& Tower with Radar,259,17,2,0,278,0,0,0,0,0,259,17,2,0,278,0,0,0,278
01/06/2021,CVG,KY,ASO,CE,Combined TRACON& Tower with Radar,270,20,9,0,299,0,0,6,0,6,270,20,15,0,305,1,0,1,306
01/07/2021,CVG,KY,ASO,CE,Combined TRACON& Tower with Radar,316,24,6,0,346,0,0,4,0,4,316,24,10,0,350,0,0,0,350
01/08/2021,CVG,KY,ASO,CE,Combined TRACON& Tower with Radar,309,16,2,0,327,0,0,2,0,2,309,16,4,0,329,0,0,0,329
01/09/2021,CVG,KY,ASO,CE,Combined TRACON& Tower with Radar,243,12,4,0,259,0,0,6,1,7,243,12,10,1,266,0,0,0,266
01/10/2021,CVG,KY,ASO,CE,Combined TRACON& Tower with Radar,260,14,4,0,278,0,0,7,1,8,260,14,11,1,286,0,0,0,286
01/11/2021,CVG,KY,ASO,CE,Combined TRACON& Tower with Radar,259,19,7,0,285,0,0,0,2,2,259,19,7,2,287,0,0,0,287
01/12/2021,CVG,KY,ASO,CE,Combined TRACON& Tower with Radar,250,18,3,0,271,0,0,5,0,5,250,18,8,0,276,0,0,0,276
01/13/2021,CVG,KY,ASO,CE,Combined TRACON& Tower with Radar,271,24,20,0,315,0,2,9,0,11,271,26,29,0,326,0,0,0,326
01/14/2021,CVG,KY,ASO,CE,Combined TRACON& Tower with Radar,311,24,4,0,339,0,0,3,2,5,311,24,7,2,344,0,0,0,344
01/15/2021,CVG,KY,ASO,CE,Combined TRACON& Tower with Radar,310,20,10,0,340,0,2,0,0,2,310,22,10,0,342,0,0,0,342
01/16/2021,CVG,KY,ASO,CE,Combined TRACON& Tower with Radar,247,14,5,0,266,0,0,0,0,0,247,14,5,0,266,0,0,0,266
01/17/2021,CVG,KY,ASO,CE,Combined TRACON& Tower with Radar,248,13,8,0,269,0,0,0,0,0,248,13,8,0,269,0,0,0,269
01/18/2021,CVG,KY,ASO,CE,Combined TRACON& Tower with Radar,257,21,7,8,293,0,0,0,0,0,257,21,7,8,293,0,0,0,293
01/19/2021,CVG,KY,ASO,CE,Combined TRACON& Tower with Radar,264,12,8,0,284,0,0,4,0,4,264,12,12,0,288,0,0,0,288
01/20/2021,CVG,KY,ASO,CE,Combined TRACON& Tower with Radar,256,25,11,0,292,0,0,11,0,11,256,25,22,0,303,0,0,0,303
01/21/2021,CVG,KY,ASO,CE,Combined TRACON& Tower with Radar,309,18,4,0,331,0,0,2,1,3,309,18,6,1,334,0,0,0,334
01/22/2021,CVG,KY,ASO,CE,Combined TRACON& Tower with Radar,310,16,14,0,340,0,0,3,0,3,310,16,17,0,343,0,0,0,343
01/23/2021,CVG,KY,ASO,CE,Combined TRACON& Tower with Radar,244,15,9,0,268,0,0,10,0,10,244,15,19,0,278,0,0,0,278
01/24/2021,CVG,KY,ASO,CE,Combined TRACON& Tower with Radar,255,8,4,0,267,0,0,0,0,0,255,8,4,0,267,0,0,0,267
01/25/2021,CVG,KY,ASO,CE,Combined TRACON& Tower with Radar,255,15,2,0,272,0,0,0,0,0,255,15,2,0,272,0,0,0,272
01/26/2021,CVG,KY,ASO,CE,Combined TRACON& Tower with Radar,256,14,6,0,276,0,0,1,0,1,256,14,7,0,277,0,0,0,277
01/27/2021,CVG,KY,ASO,CE,Combined TRACON& Tower with Radar,256,15,5,0,276,0,0,3,0,3,256,15,8,0,279,0,0,0,279
01/28/2021,CVG,KY,ASO,CE,Combined TRACON& Tower with Radar,309,29,9,0,347,0,0,8,0,8,309,29,17,0,355,0,0,0,355
01/29/2021,CVG,KY,ASO,CE,Combined TRACON& Tower with Radar,317,21,8,0,346,0,0,4,0,4,317,21,12,0,350,0,0,0,350
01/30/2021,CVG,KY,ASO,CE,Combined TRACON& Tower with Radar,251,16,6,0,273,0,0,4,0,4,251,16,10,0,277,0,0,0,277
01/31/2021,CVG,KY,ASO,CE,Combined TRACON& Tower with Radar,258,10,2,0,270,0,0,0,0,0,258,10,2,0,270,0,0,0,270
02/01/2021,CVG,KY,ASO,CE,Combined TRACON& Tower with Radar,246,23,3,0,272,0,0,0,0,0,246,23,3,0,272,0,0,0,272
02/02/2021,CVG,KY,ASO,CE,Combined TRACON& Tower with Radar,263,24,7,0,294,0,0,7,0,7,263,24,14,0,301,0,0,0,301
02/03/2021,CVG,KY,ASO,CE,Combined TRACON& Tower with Radar,261,19,18,0,298,0,3,2,0,5,261,22,20,0,303,0,0,0,303
02/04/2021,CVG,KY,ASO,CE,Combined TRACON& Tower with Radar,335,21,9,0,365,0,0,5,2,7,335,21,14,2,372,0,0,0,372
02/05/2021,CVG,KY,ASO,CE,Combined TRACON& Tower with Radar,323,13,4,0,340,0,0,0,2,2,323,13,4,2,342,10,0,10,352
02/06/2021,CVG,KY,ASO,CE,Combined TRACON& Tower with Radar,255,18,6,0,279,0,0,2,0,2,255,18,8,0,281,0,0,0,281
02/07/2021,CVG,KY,ASO,CE,Combined TRACON& Tower with Radar,248,13,3,0,264,0,0,0,0,0,248,13,3,0,264,0,0,0,264
02/08/2021,CVG,KY,ASO,CE,Combined TRACON& Tower with Radar,254,29,6,0,289,0,0,2,0,2,254,29,8,0,291,0,0,0,291
02/09/2021,CVG,KY,ASO,CE,Combined TRACON& Tower with Radar,197,26,4,0,227,0,0,4,0,4,197,26,8,0,231,0,0,0,231
02/10/2021,CVG,KY,ASO,CE,Combined TRACON& Tower with Radar,242,21,8,0,271,0,0,0,0,0,242,21,8,0,271,0,0,0,271
02/11/2021,CVG,KY,ASO,CE,Combined TRACON& Tower with Radar,304,37,13,0,354,0,0,2,0,2,304,37,15,0,356,0,0,0,356
02/12/2021,CVG,KY,ASO,CE,Combined TRACON& Tower with Radar,299,32,5,0,336,0,0,5,0,5,299,32,10,0,341,0,0,0,341
02/13/2021,CVG,KY,ASO,CE,Combined TRACON& Tower with Radar,283,25,1,0,309,0,0,0,0,0,283,25,1,0,309,0,0,0,309
02/14/2021,CVG,KY,ASO,CE,Combined TRACON& Tower with Radar,245,15,3,0,263,0,0,0,0,0,245,15,3,0,263,0,0,0,263
02/15/2021,CVG,KY,ASO,CE,Combined TRACON& Tower with Radar,183,27,7,0,217,0,0,0,0,0,183,27,7,0,217,0,0,0,217
02/16/2021,CVG,KY,ASO,CE,Combined TRACON& Tower with Radar,160,21,5,0,186,0,0,0,0,0,160,21,5,0,186,0,0,0,186
02/17/2021,CVG,KY,ASO,CE,Combined TRACON& Tower with Radar,238,25,9,0,272,0,0,12,0,12,238,25,21,0,284,0,0,0,284
02/18/2021,CVG,KY,ASO,CE,Combined TRACON& Tower with Radar,294,20,1,0,315,0,0,0,0,0,294,20,1,0,315,0,0,0,315
02/19/2021,CVG,KY,ASO,CE,Combined TRACON& Tower with Radar,301,24,8,2,335,0,0,0,0,0,301,24,8,2,335,0,0,0,335
02/20/2021,CVG,KY,ASO,CE,Combined TRACON& Tower with Radar,269,20,4,0,293,0,0,8,0,8,269,20,12,0,301,0,0,0,301
02/21/2021,CVG,KY,ASO,CE,Combined TRACON& Tower with Radar,271,23,2,0,296,0,0,0,0,0,271,23,2,0,296,0,0,0,296
02/22/2021,CVG,KY,ASO,CE,Combined TRACON& Tower with Radar,259,17,5,0,281,0,0,4,0,4,259,17,9,0,285,0,0,0,285
02/23/2021,CVG,KY,ASO,CE,Combined TRACON& Tower with Radar,259,22,10,0,291,0,0,6,2,8,259,22,16,2,299,0,0,0,299
02/24/2021,CVG,KY,ASO,CE,Combined TRACON& Tower with Radar,272,15,3,0,290,0,0,0,0,0,272,15,3,0,290,2,0,2,292
02/25/2021,CVG,KY,ASO,CE,Combined TRACON& Tower with Radar,318,31,18,0,367,0,0,7,0,7,318,31,25,0,374,12,0,12,386
02/26/2021,CVG,KY,ASO,CE,Combined TRACON& Tower with Radar,327,35,10,0,372,0,0,7,0,7,327,35,17,0,379,12,0,12,391
02/27/2021,CVG,KY,ASO,CE,Combined TRACON& Tower with Radar,234,26,1,0,261,0,0,3,0,3,234,26,4,0,264,0,0,0,264
02/28/2021,CVG,KY,ASO,CE,Combined TRACON& Tower with Radar,269,17,5,0,291,0,1,0,0,1,269,18,5,0,292,0,0,0,292
03/01/2021,CVG,KY,ASO,CE,Combined TRACON& Tower with Radar,266,26,11,0,303,0,2,0,0,2,266,28,11,0,305,0,0,0,305
03/02/2021,CVG,KY,ASO,CE,Combined TRACON& Tower with Radar,264,16,17,0,297,0,0,9,2,11,264,16,26,2,308,0,0,0,308
03/03/2021,CVG,KY,ASO,CE,Combined TRACON& Tower with Radar,275,20,15,0,310,0,0,5,3,8,275,20,20,3,318,0,0,0,318
03/04/2021,CVG,KY,ASO,CE,Combined TRACON& Tower with Radar,331,34,14,0,379,0,0,5,4,9,331,34,19,4,388,0,0,0,388
03/05/2021,CVG,KY,ASO,CE,Combined TRACON& Tower with Radar,332,23,12,0,367,0,2,4,0,6,332,25,16,0,373,0,0,0,373
03/06/2021,CVG,KY,ASO,CE,Combined TRACON& Tower with Radar,265,14,9,0,288,0,0,18,0,18,265,14,27,0,306,6,0,6,312
03/07/2021,CVG,KY,ASO,CE,Combined TRACON& Tower with Radar,283,13,13,0,309,0,2,4,2,8,283,15,17,2,317,6,0,6,323
03/08/2021,CVG,KY,ASO,CE,Combined TRACON& Tower with Radar,294,21,3,0,318,0,0,10,0,10,294,21,13,0,328,8,0,8,336
03/09/2021,CVG,KY,ASO,CE,Combined TRACON& Tower with Radar,293,23,12,0,328,0,0,5,2,7,293,23,17,2,335,0,0,0,335
03/10/2021,CVG,KY,ASO,CE,Combined TRACON& Tower with Radar,300,20,4,0,324,0,0,9,0,9,300,20,13,0,333,5,0,5,338
03/11/2021,CVG,KY,ASO,CE,Combined TRACON& Tower with Radar,353,20,2,0,375,0,0,0,0,0,353,20,2,0,375,0,0,0,375
03/12/2021,CVG,KY,ASO,CE,Combined TRACON& Tower with Radar,338,28,7,0,373,0,0,2,0,2,338,28,9,0,375,2,0,2,377
03/13/2021,CVG,KY,ASO,CE,Combined TRACON& Tower with Radar,283,14,5,0,302,0,0,4,0,4,283,14,9,0,306,0,0,0,306
03/14/2021,CVG,KY,ASO,CE,Combined TRACON& Tower with Radar,279,15,7,0,301,0,0,1,0,1,279,15,8,0,302,0,0,0,302
03/15/2021,CVG,KY,ASO,CE,Combined TRACON& Tower with Radar,282,21,9,0,312,0,0,0,0,0,282,21,9,0,312,0,0,0,312
03/16/2021,CVG,KY,ASO,CE,Combined TRACON& Tower with Radar,311,23,15,0,349,0,0,0,0,0,311,23,15,0,349,0,0,0,349
03/17/2021,CVG,KY,ASO,CE,Combined TRACON& Tower with Radar,309,18,11,0,338,0,0,1,0,1,309,18,12,0,339,0,0,0,339
03/18/2021,CVG,KY,ASO,CE,Combined TRACON& Tower with Radar,357,19,16,0,392,0,0,0,0,0,357,19,16,0,392,0,0,0,392
03/19/2021,CVG,KY,ASO,CE,Combined TRACON& Tower with Radar,343,23,9,0,375,0,0,2,2,4,343,23,11,2,379,0,0,0,379
03/20/2021,CVG,KY,ASO,CE,Combined TRACON& Tower with Radar,294,12,4,0,310,0,0,7,0,7,294,12,11,0,317,0,0,0,317
03/21/2021,CVG,KY,ASO,CE,Combined TRACON& Tower with Radar,287,17,3,0,307,0,0,5,0,5,287,17,8,0,312,0,0,0,312
03/22/2021,CVG,KY,ASO,CE,Combined TRACON& Tower with Radar,295,21,12,0,328,0,0,0,2,2,295,21,12,2,330,0,0,0,330
03/23/2021,CVG,KY,ASO,CE,Combined TRACON& Tower with Radar,309,22,3,0,334,0,0,9,0,9,309,22,12,0,343,0,0,0,343
03/24/2021,CVG,KY,ASO,CE,Combined TRACON& Tower with Radar,311,26,9,0,346,0,0,3,0,3,311,26,12,0,349,10,0,10,359
03/25/2021,CVG,KY,ASO,CE,Combined TRACON& Tower with Radar,350,23,4,0,377,0,0,2,0,2,350,23,6,0,379,0,0,0,379
03/26/2021,CVG,KY,ASO,CE,Combined TRACON& Tower with Radar,354,36,9,0,399,0,0,2,0,2,354,36,11,0,401,0,0,0,401
03/27/2021,CVG,KY,ASO,CE,Combined TRACON& Tower with Radar,300,22,8,0,330,0,0,2,3,5,300,22,10,3,335,0,0,0,335
03/28/2021,CVG,KY,ASO,CE,Combined TRACON& Tower with Radar,292,20,2,0,314,0,0,0,0,0,292,20,2,0,314,0,0,0,314
03/29/2021,CVG,KY,ASO,CE,Combined TRACON& Tower with Radar,304,28,7,0,339,0,0,3,2,5,304,28,10,2,344,0,0,0,344
03/30/2021,CVG,KY,ASO,CE,Combined TRACON& Tower with Radar,304,29,5,0,338,0,2,8,2,12,304,31,13,2,350,0,0,0,350
03/31/2021,CVG,KY,ASO,CE,Combined TRACON& Tower with Radar,308,35,8,0,351,0,0,1,0,1,308,35,9,0,352,0,0,0,352
04/01/2021,CVG,KY,ASO,CE,Combined TRACON& Tower with Radar,356,30,4,2,392,0,0,0,2,2,356,30,4,4,394,0,0,0,394
04/02/2021,CVG,KY,ASO,CE,Combined TRACON& Tower with Radar,359,16,4,1,380,0,0,7,4,11,359,16,11,5,391,0,0,0,391
04/03/2021,CVG,KY,ASO,CE,Combined TRACON& Tower with Radar,284,15,5,1,305,0,0,3,0,3,284,15,8,1,308,0,0,0,308
04/04/2021,CVG,KY,ASO,CE,Combined TRACON& Tower with Radar,279,13,6,0,298,0,0,5,0,5,279,13,11,0,303,0,0,0,303
04/05/2021,CVG,KY,ASO,CE,Combined TRACON& Tower with Radar,293,20,15,0,328,0,0,10,0,10,293,20,25,0,338,2,0,2,340
04/06/2021,CVG,KY,ASO,CE,Combined TRACON& Tower with Radar,299,16,21,0,336,0,0,3,2,5,299,16,24,2,341,0,0,0,341
04/07/2021,CVG,KY,ASO,CE,Combined TRACON& Tower with Radar,317,22,15,0,354,0,0,5,0,5,317,22,20,0,359,2,0,2,361
04/08/2021,CVG,KY,ASO,CE,Combined TRACON& Tower with Radar,363,17,10,0,390,0,0,0,4,4,363,17,10,4,394,0,0,0,394
04/09/2021,CVG,KY,ASO,CE,Combined TRACON& Tower with Radar,351,15,8,0,374,0,0,4,0,4,351,15,12,0,378,0,0,0,378
04/10/2021,CVG,KY,ASO,CE,Combined TRACON& Tower with Radar,303,12,4,0,319,0,0,2,0,2,303,12,6,0,321,0,0,0,321
04/11/2021,CVG,KY,ASO,CE,Combined TRACON& Tower with Radar,279,10,11,0,300,0,0,0,0,0,279,10,11,0,300,0,0,0,300
04/12/2021,CVG,KY,ASO,CE,Combined TRACON& Tower with Radar,285,19,10,0,314,0,0,2,0,2,285,19,12,0,316,0,0,0,316
04/13/2021,CVG,KY,ASO,CE,Combined TRACON& Tower with Radar,293,16,10,0,319,0,0,6,0,6,293,16,16,0,325,2,0,2,327
04/14/2021,CVG,KY,ASO,CE,Combined TRACON& Tower with Radar,290,19,15,0,324,0,0,3,0,3,290,19,18,0,327,0,0,0,327
04/15/2021,CVG,KY,ASO,CE,Combined TRACON& Tower with Radar,356,31,11,0,398,0,0,4,0,4,356,31,15,0,402,0,0,0,402
04/16/2021,CVG,KY,ASO,CE,Combined TRACON& Tower with Radar,343,20,5,0,368,0,0,4,2,6,343,20,9,2,374,0,0,0,374
04/17/2021,CVG,KY,ASO,CE,Combined TRACON& Tower with Radar,295,10,8,0,313,0,0,3,0,3,295,10,11,0,316,0,0,0,316
04/18/2021,CVG,KY,ASO,CE,Combined TRACON& Tower with Radar,294,13,11,0,318,0,0,4,0,4,294,13,15,0,322,0,0,0,322
04/19/2021,CVG,KY,ASO,CE,Combined TRACON& Tower with Radar,289,22,7,0,318,0,0,6,0,6,289,22,13,0,324,0,0,0,324
04/20/2021,CVG,KY,ASO,CE,Combined TRACON& Tower with Radar,293,20,11,0,324,0,0,3,0,3,293,20,14,0,327,0,0,0,327
04/21/2021,CVG,KY,ASO,CE,Combined TRACON& Tower with Radar,287,15,15,0,317,0,0,2,0,2,287,15,17,0,319,0,0,0,319
04/22/2021,CVG,KY,ASO,CE,Combined TRACON& Tower with Radar,355,23,6,3,387,0,0,7,0,7,355,23,13,3,394,0,0,0,394
04/23/2021,CVG,KY,ASO,CE,Combined TRACON& Tower with Radar,345,24,12,0,381,0,0,4,0,4,345,24,16,0,385,0,0,0,385
04/24/2021,CVG,KY,ASO,CE,Combined TRACON& Tower with Radar,303,15,6,0,324,0,0,0,0,0,303,15,6,0,324,0,0,0,324
04/25/2021,CVG,KY,ASO,CE,Combined TRACON& Tower with Radar,299,16,15,1,331,0,0,2,0,2,299,16,17,1,333,0,0,0,333
04/26/2021,CVG,KY,ASO,CE,Combined TRACON& Tower with Radar,293,19,9,0,321,0,2,11,1,14,293,21,20,1,335,0,0,0,335
04/27/2021,CVG,KY,ASO,CE,Combined TRACON& Tower with Radar,300,14,12,0,326,0,2,23,0,25,300,16,35,0,351,0,0,0,351
04/28/2021,CVG,KY,ASO,CE,Combined TRACON& Tower with Radar,289,18,10,0,317,0,2,2,0,4,289,20,12,0,321,0,0,0,321
04/29/2021,CVG,KY,ASO,CE,Combined TRACON& Tower with Radar,352,23,10,1,386,0,0,0,0,0,352,23,10,1,386,0,0,0,386
04/30/2021,CVG,KY,ASO,CE,Combined TRACON& Tower with Radar,344,23,8,3,378,0,0,2,0,2,344,23,10,3,380,0,0,0,380
05/01/2021,CVG,KY,ASO,CE,Combined TRACON& Tower with Radar,298,17,5,0,320,0,0,3,0,3,298,17,8,0,323,0,0,0,323
05/02/2021,CVG,KY,ASO,CE,Combined TRACON& Tower with Radar,297,15,1,0,313,0,0,2,4,6,297,15,3,4,319,0,0,0,319
05/03/2021,CVG,KY,ASO,CE,Combined TRACON& Tower with Radar,285,22,13,0,320,0,0,1,0,1,285,22,14,0,321,14,0,14,335
05/04/2021,CVG,KY,ASO,CE,Combined TRACON& Tower with Radar,289,19,9,0,317,0,0,0,0,0,289,19,9,0,317,0,0,0,317
05/05/2021,CVG,KY,ASO,CE,Combined TRACON& Tower with Radar,313,22,13,0,348,0,0,5,0,5,313,22,18,0,353,0,0,0,353
05/06/2021,CVG,KY,ASO,CE,Combined TRACON& Tower with Radar,360,27,12,0,399,0,0,11,2,13,360,27,23,2,412,0,0,0,412
05/07/2021,CVG,KY,ASO,CE,Combined TRACON& Tower with Radar,344,31,15,3,393,0,0,3,0,3,344,31,18,3,396,0,0,0,396
05/08/2021,CVG,KY,ASO,CE,Combined TRACON& Tower with Radar,305,22,4,0,331,0,0,4,0,4,305,22,8,0,335,0,0,0,335
05/09/2021,CVG,KY,ASO,CE,Combined TRACON& Tower with Radar,316,13,3,0,332,0,0,0,0,0,316,13,3,0,332,0,0,0,332
05/10/2021,CVG,KY,ASO,CE,Combined TRACON& Tower with Radar,297,25,5,0,327,0,0,2,2,4,297,25,7,2,331,0,0,0,331
05/11/2021,CVG,KY,ASO,CE,Combined TRACON& Tower with Radar,325,26,10,0,361,0,2,4,0,6,325,28,14,0,367,0,0,0,367
05/12/2021,CVG,KY,ASO,CE,Combined TRACON& Tower with Radar,307,26,14,0,347,2,0,12,0,14,309,26,26,0,361,0,0,0,361
05/13/2021,CVG,KY,ASO,CE,Combined TRACON& Tower with Radar,355,28,10,1,394,0,0,9,0,9,355,28,19,1,403,0,0,0,403
05/14/2021,CVG,KY,ASO,CE,Combined TRACON& Tower with Radar,340,27,7,1,375,0,0,8,0,8,340,27,15,1,383,0,0,0,383
05/15/2021,CVG,KY,ASO,CE,Combined TRACON& Tower with Radar,294,20,10,0,324,0,0,5,2,7,294,20,15,2,331,0,0,0,331
05/16/2021,CVG,KY,ASO,CE,Combined TRACON& Tower with Radar,313,22,2,0,337,0,0,0,6,6,313,22,2,6,343,0,0,0,343
05/17/2021,CVG,KY,ASO,CE,Combined TRACON& Tower with Radar,300,26,9,0,335,0,0,2,0,2,300,26,11,0,337,0,0,0,337
05/18/2021,CVG,KY,ASO,CE,Combined TRACON& Tower with Radar,308,25,12,2,347,0,0,2,2,4,308,25,14,4,351,0,0,0,351
05/19/2021,CVG,KY,ASO,CE,Combined TRACON& Tower with Radar,310,30,11,0,351,0,0,4,2,6,310,30,15,2,357,0,0,0,357
05/20/2021,CVG,KY,ASO,CE,Combined TRACON& Tower with Radar,358,26,7,0,391,0,2,6,2,10,358,28,13,2,401,0,0,0,401
05/21/2021,CVG,KY,ASO,CE,Combined TRACON& Tower with Radar,345,22,9,0,376,0,0,2,2,4,345,22,11,2,380,0,0,0,380
05/22/2021,CVG,KY,ASO,CE,Combined TRACON& Tower with Radar,293,27,8,0,328,0,0,2,0,2,293,27,10,0,330,0,0,0,330
05/23/2021,CVG,KY,ASO,CE,Combined TRACON& Tower with Radar,306,17,9,0,332,0,0,7,0,7,306,17,16,0,339,0,0,0,339
05/24/2021,CVG,KY,ASO,CE,Combined TRACON& Tower with Radar,293,20,9,0,322,0,0,2,0,2,293,20,11,0,324,0,0,0,324
05/25/2021,CVG,KY,ASO,CE,Combined TRACON& Tower with Radar,302,30,16,0,348,0,0,9,2,11,302,30,25,2,359,0,0,0,359
05/26/2021,CVG,KY,ASO,CE,Combined TRACON& Tower with Radar,321,30,10,0,361,0,0,2,0,2,321,30,12,0,363,0,0,0,363
05/27/2021,CVG,KY,ASO,CE,Combined TRACON& Tower with Radar,367,35,7,0,409,0,1,2,0,3,367,36,9,0,412,0,0,0,412
05/28/2021,CVG,KY,ASO,CE,Combined TRACON& Tower with Radar,350,30,4,0,384,0,0,0,0,0,350,30,4,0,384,0,0,0,384
05/29/2021,CVG,KY,ASO,CE,Combined TRACON& Tower with Radar,304,17,4,0,325,0,0,2,0,2,304,17,6,0,327,0,0,0,327
05/30/2021,CVG,KY,ASO,CE,Combined TRACON& Tower with Radar,280,10,3,0,293,0,0,2,0,2,280,10,5,0,295,0,0,0,295
05/31/2021,CVG,KY,ASO,CE,Combined TRACON& Tower with Radar,328,26,7,0,361,0,0,2,0,2,328,26,9,0,363,0,0,0,363
06/01/2021,CVG,KY,ASO,CE,Combined TRACON& Tower with Radar,288,25,10,0,323,0,0,8,2,10,288,25,18,2,333,2,2,4,337
06/02/2021,CVG,KY,ASO,CE,Combined TRACON& Tower with Radar,333,35,12,0,380,0,0,0,0,0,333,35,12,0,380,0,0,0,380
06/03/2021,CVG,KY,ASO,CE,Combined TRACON& Tower with Radar,368,30,5,0,403,0,0,0,0,0,368,30,5,0,403,0,0,0,403
06/04/2021,CVG,KY,ASO,CE,Combined TRACON& Tower with Radar,376,28,15,0,419,0,0,6,0,6,376,28,21,0,425,0,0,0,425
06/05/2021,CVG,KY,ASO,CE,Combined TRACON& Tower with Radar,337,23,3,0,363,0,0,6,4,10,337,23,9,4,373,2,0,2,375
06/06/2021,CVG,KY,ASO,CE,Combined TRACON& Tower with Radar,323,22,8,0,353,0,0,2,0,2,323,22,10,0,355,0,0,0,355
06/07/2021,CVG,KY,ASO,CE,Combined TRACON& Tower with Radar,328,28,4,0,360,0,0,2,0,2,328,28,6,0,362,0,0,0,362
06/08/2021,CVG,KY,ASO,CE,Combined TRACON& Tower with Radar,339,28,11,0,378,0,0,2,0,2,339,28,13,0,380,0,0,0,380
06/09/2021,CVG,KY,ASO,CE,Combined TRACON& Tower with Radar,347,28,13,0,388,0,0,1,0,1,347,28,14,0,389,0,0,0,389
06/10/2021,CVG,KY,ASO,CE,Combined TRACON& Tower with Radar,383,33,15,0,431,0,0,0,0,0,383,33,15,0,431,0,0,0,431
06/11/2021,CVG,KY,ASO,CE,Combined TRACON& Tower with Radar,383,34,11,0,428,0,0,1,0,1,383,34,12,0,429,0,0,0,429
06/12/2021,CVG,KY,ASO,CE,Combined TRACON& Tower with Radar,345,27,4,0,376,0,0,5,4,9,345,27,9,4,385,0,0,0,385
06/13/2021,CVG,KY,ASO,CE,Combined TRACON& Tower with Radar,329,16,12,0,357,0,0,3,0,3,329,16,15,0,360,0,0,0,360
06/14/2021,CVG,KY,ASO,CE,Combined TRACON& Tower with Radar,334,24,9,0,367,0,0,1,0,1,334,24,10,0,368,0,0,0,368
06/15/2021,CVG,KY,ASO,CE,Combined TRACON& Tower with Radar,348,36,23,0,407,0,0,7,0,7,348,36,30,0,414,4,0,4,418
06/16/2021,CVG,KY,ASO,CE,Combined TRACON& Tower with Radar,347,28,13,0,388,0,0,4,0,4,347,28,17,0,392,0,0,0,392
06/17/2021,CVG,KY,ASO,CE,Combined TRACON& Tower with Radar,392,31,10,0,433,0,0,5,0,5,392,31,15,0,438,0,0,0,438
06/18/2021,CVG,KY,ASO,CE,Combined TRACON& Tower with Radar,376,25,17,2,420,0,0,1,0,1,376,25,18,2,421,0,0,0,421
06/19/2021,CVG,KY,ASO,CE,Combined TRACON& Tower with Radar,331,18,12,0,361,0,0,0,0,0,331,18,12,0,361,0,0,0,361
06/20/2021,CVG,KY,ASO,CE,Combined TRACON& Tower with Radar,317,18,6,0,341,0,1,3,0,4,317,19,9,0,345,0,0,0,345
06/21/2021,CVG,KY,ASO,CE,Combined TRACON& Tower with Radar,325,29,14,2,370,0,0,1,1,2,325,29,15,3,372,0,0,0,372
06/22/2021,CVG,KY,ASO,CE,Combined TRACON& Tower with Radar,353,33,8,0,394,0,0,10,3,13,353,33,18,3,407,7,0,7,414
06/23/2021,CVG,KY,ASO,CE,Combined TRACON& Tower with Radar,350,37,20,0,407,0,0,19,0,19,350,37,39,0,426,0,0,0,426
06/24/2021,CVG,KY,ASO,CE,Combined TRACON& Tower with Radar,376,33,14,0,423,0,0,1,2,3,376,33,15,2,426,0,0,0,426
06/25/2021,CVG,KY,ASO,CE,Combined TRACON& Tower with Radar,374,37,9,0,420,0,0,1,2,3,374,37,10,2,423,0,0,0,423
06/26/2021,CVG,KY,ASO,CE,Combined TRACON& Tower with Radar,348,15,5,0,368,0,2,1,1,4,348,17,6,1,372,0,0,0,372
06/27/2021,CVG,KY,ASO,CE,Combined TRACON& Tower with Radar,325,20,10,0,355,0,2,4,2,8,325,22,14,2,363,0,0,0,363
06/28/2021,CVG,KY,ASO,CE,Combined TRACON& Tower with Radar,322,29,23,0,374,0,0,7,0,7,322,29,30,0,381,0,0,0,381
06/29/2021,CVG,KY,ASO,CE,Combined TRACON& Tower with Radar,350,27,10,0,387,0,0,3,0,3,350,27,13,0,390,0,0,0,390
06/30/2021,CVG,KY,ASO,CE,Combined TRACON& Tower with Radar,342,25,12,0,379,0,0,7,0,7,342,25,19,0,386,0,0,0,386
07/01/2021,CVG,KY,ASO,CE,Combined TRACON& Tower with Radar,386,21,11,0,418,0,0,2,2,4,386,21,13,2,422,0,0,0,422
07/02/2021,CVG,KY,ASO,CE,Combined TRACON& Tower with Radar,355,25,6,0,386,0,0,5,0,5,355,25,11,0,391,0,0,0,391
07/03/2021,CVG,KY,ASO,CE,Combined TRACON& Tower with Radar,348,18,5,0,371,0,1,5,0,6,348,19,10,0,377,0,0,0,377
07/04/2021,CVG,KY,ASO,CE,Combined TRACON& Tower with Radar,256,14,4,0,274,0,0,6,0,6,256,14,10,0,280,0,0,0,280
07/05/2021,CVG,KY,ASO,CE,Combined TRACON& Tower with Radar,317,31,9,0,357,0,0,4,0,4,317,31,13,0,361,0,0,0,361
07/06/2021,CVG,KY,ASO,CE,Combined TRACON& Tower with Radar,317,24,6,0,347,0,0,2,0,2,317,24,8,0,349,0,0,0,349
07/07/2021,CVG,KY,ASO,CE,Combined TRACON& Tower with Radar,356,29,12,0,397,0,0,4,0,4,356,29,16,0,401,0,0,0,401
07/08/2021,CVG,KY,ASO,CE,Combined TRACON& Tower with Radar,369,30,5,0,404,0,0,0,0,0,369,30,5,0,404,0,0,0,404
07/09/2021,CVG,KY,ASO,CE,Combined TRACON& Tower with Radar,378,23,9,0,410,0,2,7,0,9,378,25,16,0,419,0,0,0,419
07/10/2021,CVG,KY,ASO,CE,Combined TRACON& Tower with Radar,347,20,4,0,371,0,0,0,0,0,347,20,4,0,371,0,0,0,371
07/11/2021,CVG,KY,ASO,CE,Combined TRACON& Tower with Radar,303,20,1,0,324,0,0,3,0,3,303,20,4,0,327,0,0,0,327
07/12/2021,CVG,KY,ASO,CE,Combined TRACON& Tower with Radar,323,25,8,0,356,0,0,1,0,1,323,25,9,0,357,0,0,0,357
07/13/2021,CVG,KY,ASO,CE,Combined TRACON& Tower with Radar,354,25,12,0,391,0,0,1,0,1,354,25,13,0,392,0,0,0,392
07/14/2021,CVG,KY,ASO,CE,Combined TRACON& Tower with Radar,349,31,11,0,391,0,0,17,1,18,349,31,28,1,409,0,0,0,409
07/15/2021,CVG,KY,ASO,CE,Combined TRACON& Tower with Radar,384,26,13,0,423,0,0,11,2,13,384,26,24,2,436,0,0,0,436
07/16/2021,CVG,KY,ASO,CE,Combined TRACON& Tower with Radar,371,28,5,0,404,0,0,0,2,2,371,28,5,2,406,0,0,0,406
07/17/2021,CVG,KY,ASO,CE,Combined TRACON& Tower with Radar,339,25,3,0,367,0,0,2,0,2,339,25,5,0,369,0,0,0,369
07/18/2021,CVG,KY,ASO,CE,Combined TRACON& Tower with Radar,322,23,3,0,348,0,0,3,2,5,322,23,6,2,353,0,0,0,353
07/19/2021,CVG,KY,ASO,CE,Combined TRACON& Tower with Radar,323,29,8,0,360,0,0,16,2,18,323,29,24,2,378,0,0,0,378
07/20/2021,CVG,KY,ASO,CE,Combined TRACON& Tower with Radar,346,29,17,2,394,0,0,15,0,15,346,29,32,2,409,0,0,0,409
07/21/2021,CVG,KY,ASO,CE,Combined TRACON& Tower with Radar,357,26,7,3,393,0,0,5,4,9,357,26,12,7,402,0,0,0,402
07/22/2021,CVG,KY,ASO,CE,Combined TRACON& Tower with Radar,378,34,14,1,427,0,0,3,0,3,378,34,17,1,430,0,0,0,430
07/23/2021,CVG,KY,ASO,CE,Combined TRACON& Tower with Radar,372,30,6,0,408,0,0,4,0,4,372,30,10,0,412,0,0,0,412
07/24/2021,CVG,KY,ASO,CE,Combined TRACON& Tower with Radar,342,19,2,0,363,0,0,8,2,10,342,19,10,2,373,0,0,0,373
07/25/2021,CVG,KY,ASO,CE,Combined TRACON& Tower with Radar,312,23,0,0,335,0,0,2,2,4,312,23,2,2,339,0,0,0,339
07/26/2021,CVG,KY,ASO,CE,Combined TRACON& Tower with Radar,325,25,12,0,362,0,0,0,0,0,325,25,12,0,362,0,0,0,362
07/27/2021,CVG,KY,ASO,CE,Combined TRACON& Tower with Radar,355,30,12,0,397,0,0,11,0,11,355,30,23,0,408,0,0,0,408
07/28/2021,CVG,KY,ASO,CE,Combined TRACON& Tower with Radar,347,31,8,0,386,0,0,1,0,1,347,31,9,0,387,0,0,0,387
07/29/2021,CVG,KY,ASO,CE,Combined TRACON& Tower with Radar,377,26,7,0,410,0,0,0,0,0,377,26,7,0,410,0,0,0,410
07/30/2021,CVG,KY,ASO,CE,Combined TRACON& Tower with Radar,379,26,6,0,411,0,0,5,0,5,379,26,11,0,416,0,0,0,416
07/31/2021,CVG,KY,ASO,CE,Combined TRACON& Tower with Radar,335,28,2,0,365,0,0,1,0,1,335,28,3,0,366,0,0,0,366
08/01/2021,CVG,KY,ASO,CE,Combined TRACON& Tower with Radar,297,28,4,0,329,0,0,0,0,0,297,28,4,0,329,0,0,0,329
08/02/2021,CVG,KY,ASO,CE,Combined TRACON& Tower with Radar,331,28,9,0,368,0,0,12,4,16,331,28,21,4,384,0,0,0,384
08/03/2021,CVG,KY,ASO,CE,Combined TRACON& Tower with Radar,347,29,8,0,384,0,0,6,0,6,347,29,14,0,390,0,0,0,390
08/04/2021,CVG,KY,ASO,CE,Combined TRACON& Tower with Radar,349,28,3,0,380,0,0,0,0,0,349,28,3,0,380,0,0,0,380
08/05/2021,CVG,KY,ASO,CE,Combined TRACON& Tower with Radar,372,31,18,0,421,0,0,11,0,11,372,31,29,0,432,6,0,6,438
08/06/2021,CVG,KY,ASO,CE,Combined TRACON& Tower with Radar,370,26,10,0,406,0,0,6,0,6,370,26,16,0,412,0,0,0,412
08/07/2021,CVG,KY,ASO,CE,Combined TRACON& Tower with Radar,342,21,0,0,363,0,0,4,0,4,342,21,4,0,367,0,0,0,367
08/08/2021,CVG,KY,ASO,CE,Combined TRACON& Tower with Radar,305,15,4,0,324,0,0,5,2,7,305,15,9,2,331,0,0,0,331
08/09/2021,CVG,KY,ASO,CE,Combined TRACON& Tower with Radar,336,24,14,0,374,0,0,0,0,0,336,24,14,0,374,0,0,0,374
08/10/2021,CVG,KY,ASO,CE,Combined TRACON& Tower with Radar,332,21,7,0,360,0,0,4,0,4,332,21,11,0,364,2,0,2,366
08/11/2021,CVG,KY,ASO,CE,Combined TRACON& Tower with Radar,346,29,17,0,392,0,0,6,0,6,346,29,23,0,398,0,0,0,398
08/12/2021,CVG,KY,ASO,CE,Combined TRACON& Tower with Radar,370,26,15,0,411,0,0,3,4,7,370,26,18,4,418,0,0,0,418
08/13/2021,CVG,KY,ASO,CE,Combined TRACON& Tower with Radar,373,35,10,0,418,0,0,4,0,4,373,35,14,0,422,0,0,0,422
08/14/2021,CVG,KY,ASO,CE,Combined TRACON& Tower with Radar,336,21,6,0,363,0,0,0,0,0,336,21,6,0,363,0,0,0,363
08/15/2021,CVG,KY,ASO,CE,Combined TRACON& Tower with Radar,308,24,10,0,342,0,0,2,0,2,308,24,12,0,344,0,0,0,344
08/16/2021,CVG,KY,ASO,CE,Combined TRACON& Tower with Radar,325,37,8,0,370,0,0,0,0,0,325,37,8,0,370,0,0,0,370
08/17/2021,CVG,KY,ASO,CE,Combined TRACON& Tower with Radar,326,37,13,0,376,0,0,0,1,1,326,37,13,1,377,0,0,0,377
08/18/2021,CVG,KY,ASO,CE,Combined TRACON& Tower with Radar,342,21,5,0,368,0,0,2,0,2,342,21,7,0,370,0,0,0,370
08/19/2021,CVG,KY,ASO,CE,Combined TRACON& Tower with Radar,384,27,10,2,423,0,1,1,0,2,384,28,11,2,425,0,0,0,425
08/20/2021,CVG,KY,ASO,CE,Combined TRACON& Tower with Radar,382,30,17,0,429,0,6,3,4,13,382,36,20,4,442,0,0,0,442
08/21/2021,CVG,KY,ASO,CE,Combined TRACON& Tower with Radar,326,19,7,0,352,0,2,3,0,5,326,21,10,0,357,0,0,0,357
08/22/2021,CVG,KY,ASO,CE,Combined TRACON& Tower with Radar,304,13,11,0,328,0,0,5,0,5,304,13,16,0,333,0,0,0,333
08/23/2021,CVG,KY,ASO,CE,Combined TRACON& Tower with Radar,339,24,8,1,372,0,0,5,0,5,339,24,13,1,377,0,0,0,377
08/24/2021,CVG,KY,ASO,CE,Combined TRACON& Tower with Radar,322,25,10,0,357,0,0,7,0,7,322,25,17,0,364,0,0,0,364
08/25/2021,CVG,KY,ASO,CE,Combined TRACON& Tower with Radar,343,27,8,0,378,0,1,8,0,9,343,28,16,0,387,0,0,0,387
08/26/2021,CVG,KY,ASO,CE,Combined TRACON& Tower with Radar,393,29,21,0,443,0,0,0,0,0,393,29,21,0,443,0,0,0,443
08/27/2021,CVG,KY,ASO,CE,Combined TRACON& Tower with Radar,383,31,11,0,425,0,0,4,2,6,383,31,15,2,431,0,0,0,431
08/28/2021,CVG,KY,ASO,CE,Combined TRACON& Tower with Radar,334,18,10,0,362,0,0,0,0,0,334,18,10,0,362,0,0,0,362
08/29/2021,CVG,KY,ASO,CE,Combined TRACON& Tower with Radar,307,15,5,0,327,0,0,0,0,0,307,15,5,0,327,0,0,0,327
08/30/2021,CVG,KY,ASO,CE,Combined TRACON& Tower with Radar,330,19,16,0,365,0,2,2,0,4,330,21,18,0,369,0,0,0,369
08/31/2021,CVG,KY,ASO,CE,Combined TRACON& Tower with Radar,323,27,7,0,357,0,0,0,0,0,323,27,7,0,357,0,0,0,357
09/01/2021,CVG,KY,ASO,CE,Combined TRACON& Tower with Radar,328,28,11,2,369,0,0,6,0,6,328,28,17,2,375,0,0,0,375
09/02/2021,CVG,KY,ASO,CE,Combined TRACON& Tower with Radar,382,27,11,0,420,0,2,6,0,8,382,29,17,0,428,6,0,6,434
09/03/2021,CVG,KY,ASO,CE,Combined TRACON& Tower with Radar,384,18,5,0,407,0,2,3,0,5,384,20,8,0,412,0,0,0,412
09/04/2021,CVG,KY,ASO,CE,Combined TRACON& Tower with Radar,328,17,4,0,349,0,0,1,0,1,328,17,5,0,350,0,0,0,350
09/05/2021,CVG,KY,ASO,CE,Combined TRACON& Tower with Radar,285,9,3,0,297,0,0,0,0,0,285,9,3,0,297,0,0,0,297
09/06/2021,CVG,KY,ASO,CE,Combined TRACON& Tower with Radar,357,16,9,0,382,0,0,4,0,4,357,16,13,0,386,0,0,0,386
09/07/2021,CVG,KY,ASO,CE,Combined TRACON& Tower with Radar,298,22,2,0,322,0,0,6,2,8,298,22,8,2,330,2,0,2,332
09/08/2021,CVG,KY,ASO,CE,Combined TRACON& Tower with Radar,337,30,8,0,375,0,2,6,0,8,337,32,14,0,383,8,0,8,391
09/09/2021,CVG,KY,ASO,CE,Combined TRACON& Tower with Radar,370,28,11,0,409,0,2,2,0,4,370,30,13,0,413,0,0,0,413
09/10/2021,CVG,KY,ASO,CE,Combined TRACON& Tower with Radar,371,24,15,0,410,0,4,8,0,12,371,28,23,0,422,0,0,0,422
09/11/2021,CVG,KY,ASO,CE,Combined TRACON& Tower with Radar,325,20,6,0,351,0,0,8,0,8,325,20,14,0,359,0,0,0,359
09/12/2021,CVG,KY,ASO,CE,Combined TRACON& Tower with Radar,310,17,13,0,340,0,0,2,0,2,310,17,15,0,342,0,0,0,342
09/13/2021,CVG,KY,ASO,CE,Combined TRACON& Tower with Radar,331,35,14,0,380,0,0,3,0,3,331,35,17,0,383,462,0,462,845
09/14/2021,CVG,KY,ASO,CE,Combined TRACON& Tower with Radar,324,18,17,0,359,0,0,6,2,8,324,18,23,2,367,600,0,600,967
09/15/2021,CVG,KY,ASO,CE,Combined TRACON& Tower with Radar,334,30,9,0,373,0,0,5,0,5,334,30,14,0,378,214,0,214,592
09/16/2021,CVG,KY,ASO,CE,Combined TRACON& Tower with Radar,384,30,21,0,435,0,0,1,0,1,384,30,22,0,436,662,0,662,1098
09/17/2021,CVG,KY,ASO,CE,Combined TRACON& Tower with Radar,380,31,6,0,417,0,0,2,0,2,380,31,8,0,419,362,0,362,781
09/18/2021,CVG,KY,ASO,CE,Combined TRACON& Tower with Radar,338,20,9,0,367,0,0,3,0,3,338,20,12,0,370,0,0,0,370
09/19/2021,CVG,KY,ASO,CE,Combined TRACON& Tower with Radar,325,20,2,0,347,0,0,6,0,6,325,20,8,0,353,0,0,0,353
09/20/2021,CVG,KY,ASO,CE,Combined TRACON& Tower with Radar,327,24,5,0,356,0,0,2,0,2,327,24,7,0,358,0,0,0,358
09/21/2021,CVG,KY,ASO,CE,Combined TRACON& Tower with Radar,343,23,5,0,371,0,0,0,0,0,343,23,5,0,371,0,0,0,371
09/22/2021,CVG,KY,ASO,CE,Combined TRACON& Tower with Radar,338,30,8,0,376,0,0,0,0,0,338,30,8,0,376,0,0,0,376
09/23/2021,CVG,KY,ASO,CE,Combined TRACON& Tower with Radar,388,26,8,0,422,0,0,4,0,4,388,26,12,0,426,0,0,0,426
09/24/2021,CVG,KY,ASO,CE,Combined TRACON& Tower with Radar,389,28,12,0,429,0,0,11,0,11,389,28,23,0,440,0,0,0,440
09/25/2021,CVG,KY,ASO,CE,Combined TRACON& Tower with Radar,343,25,5,0,373,0,1,7,4,12,343,26,12,4,385,0,0,0,385
09/26/2021,CVG,KY,ASO,CE,Combined TRACON& Tower with Radar,326,23,3,0,352,0,1,1,2,4,326,24,4,2,356,0,0,0,356
09/27/2021,CVG,KY,ASO,CE,Combined TRACON& Tower with Radar,336,36,11,0,383,0,1,4,0,5,336,37,15,0,388,0,0,0,388
09/28/2021,CVG,KY,ASO,CE,Combined TRACON& Tower with Radar,333,33,4,0,370,0,0,5,0,5,333,33,9,0,375,0,0,0,375
09/29/2021,CVG,KY,ASO,CE,Combined TRACON& Tower with Radar,341,30,6,0,377,0,2,3,0,5,341,32,9,0,382,0,0,0,382
09/30/2021,CVG,KY,ASO,CE,Combined TRACON& Tower with Radar,391,36,15,0,442,0,3,6,0,9,391,39,21,0,451,0,0,0,451
10/01/2021,CVG,KY,ASO,CE,Combined TRACON& Tower with Radar,389,35,17,0,441,0,2,4,0,6,389,37,21,0,447,0,0,0,447
10/02/2021,CVG,KY,ASO,CE,Combined TRACON& Tower with Radar,328,21,4,0,353,0,2,6,0,8,328,23,10,0,361,0,0,0,361
10/03/2021,CVG,KY,ASO,CE,Combined TRACON& Tower with Radar,312,19,6,0,337,0,0,0,0,0,312,19,6,0,337,0,0,0,337
10/04/2021,CVG,KY,ASO,CE,Combined TRACON& Tower with Radar,343,25,9,0,377,0,0,2,0,2,343,25,11,0,379,0,0,0,379
10/05/2021,CVG,KY,ASO,CE,Combined TRACON& Tower with Radar,354,27,12,0,393,0,0,7,0,7,354,27,19,0,400,0,0,0,400
10/06/2021,CVG,KY,ASO,CE,Combined TRACON& Tower with Radar,336,28,24,0,388,0,0,13,0,13,336,28,37,0,401,0,0,0,401
10/07/2021,CVG,KY,ASO,CE,Combined TRACON& Tower with Radar,400,19,7,0,426,0,0,0,0,0,400,19,7,0,426,0,0,0,426
10/08/2021,CVG,KY,ASO,CE,Combined TRACON& Tower with Radar,407,15,10,0,432,0,0,3,0,3,407,15,13,0,435,0,0,0,435
10/09/2021,CVG,KY,ASO,CE,Combined TRACON& Tower with Radar,352,18,8,0,378,0,0,4,2,6,352,18,12,2,384,0,0,0,384
10/10/2021,CVG,KY,ASO,CE,Combined TRACON& Tower with Radar,325,12,9,0,346,0,0,4,2,6,325,12,13,2,352,0,0,0,352
10/11/2021,CVG,KY,ASO,CE,Combined TRACON& Tower with Radar,359,15,9,0,383,0,2,5,0,7,359,17,14,0,390,0,0,0,390
10/12/2021,CVG,KY,ASO,CE,Combined TRACON& Tower with Radar,372,26,1,0,399,0,4,11,0,15,372,30,12,0,414,0,0,0,414
10/13/2021,CVG,KY,ASO,CE,Combined TRACON& Tower with Radar,369,26,24,0,419,0,0,6,0,6,369,26,30,0,425,0,0,0,425
10/14/2021,CVG,KY,ASO,CE,Combined TRACON& Tower with Radar,401,32,9,0,442,0,2,6,0,8,401,34,15,0,450,0,0,0,450
10/15/2021,CVG,KY,ASO,CE,Combined TRACON& Tower with Radar,400,18,14,0,432,0,0,2,0,2,400,18,16,0,434,0,0,0,434
10/16/2021,CVG,KY,ASO,CE,Combined TRACON& Tower with Radar,356,16,4,0,376,0,0,2,0,2,356,16,6,0,378,0,0,0,378
10/17/2021,CVG,KY,ASO,CE,Combined TRACON& Tower with Radar,326,16,10,0,352,0,0,5,2,7,326,16,15,2,359,0,0,0,359
10/18/2021,CVG,KY,ASO,CE,Combined TRACON& Tower with Radar,355,27,3,0,385,0,0,9,0,9,355,27,12,0,394,2,0,2,396
10/19/2021,CVG,KY,ASO,CE,Combined TRACON& Tower with Radar,383,31,9,0,423,0,0,17,0,17,383,31,26,0,440,0,0,0,440
10/20/2021,CVG,KY,ASO,CE,Combined TRACON& Tower with Radar,372,38,13,0,423,0,0,10,0,10,372,38,23,0,433,0,0,0,433
10/21/2021,CVG,KY,ASO,CE,Combined TRACON& Tower with Radar,410,31,3,0,444,0,0,2,0,2,410,31,5,0,446,0,0,0,446
10/22/2021,CVG,KY,ASO,CE,Combined TRACON& Tower with Radar,410,19,6,0,435,0,2,0,2,4,410,21,6,2,439,0,0,0,439
10/23/2021,CVG,KY,ASO,CE,Combined TRACON& Tower with Radar,339,16,13,0,368,0,1,2,0,3,339,17,15,0,371,0,0,0,371
10/24/2021,CVG,KY,ASO,CE,Combined TRACON& Tower with Radar,324,13,7,0,344,0,0,2,0,2,324,13,9,0,346,0,0,0,346
10/25/2021,CVG,KY,ASO,CE,Combined TRACON& Tower with Radar,346,15,6,0,367,0,0,0,0,0,346,15,6,0,367,0,0,0,367
10/26/2021,CVG,KY,ASO,CE,Combined TRACON& Tower with Radar,378,25,20,0,423,0,0,2,2,4,378,25,22,2,427,0,0,0,427
10/27/2021,CVG,KY,ASO,CE,Combined TRACON& Tower with Radar,369,29,21,0,419,0,4,10,0,14,369,33,31,0,433,0,0,0,433
10/28/2021,CVG,KY,ASO,CE,Combined TRACON& Tower with Radar,406,23,12,0,441,0,0,3,0,3,406,23,15,0,444,0,0,0,444
10/29/2021,CVG,KY,ASO,CE,Combined TRACON& Tower with Radar,400,23,10,0,433,0,0,0,0,0,400,23,10,0,433,0,0,0,433
10/30/2021,CVG,KY,ASO,CE,Combined TRACON& Tower with Radar,328,17,7,0,352,0,0,0,0,0,328,17,7,0,352,0,0,0,352
10/31/2021,CVG,KY,ASO,CE,Combined TRACON& Tower with Radar,305,6,6,0,317,0,0,0,0,0,305,6,6,0,317,0,0,0,317
11/01/2021,CVG,KY,ASO,CE,Combined TRACON& Tower with Radar,352,25,15,0,392,0,0,4,0,4,352,25,19,0,396,0,0,0,396
11/02/2021,CVG,KY,ASO,CE,Combined TRACON& Tower with Radar,373,16,16,0,405,0,0,2,0,2,373,16,18,0,407,0,0,0,407
11/03/2021,CVG,KY,ASO,CE,Combined TRACON& Tower with Radar,390,27,17,0,434,0,0,9,0,9,390,27,26,0,443,0,0,0,443
11/04/2021,CVG,KY,ASO,CE,Combined TRACON& Tower with Radar,427,15,12,0,454,0,0,16,1,17,427,15,28,1,471,2,0,2,473
11/05/2021,CVG,KY,ASO,CE,Combined TRACON& Tower with Radar,421,13,7,0,441,0,0,5,0,5,421,13,12,0,446,0,0,0,446
11/06/2021,CVG,KY,ASO,CE,Combined TRACON& Tower with Radar,340,8,9,2,359,0,0,5,2,7,340,8,14,4,366,0,0,0,366
11/07/2021,CVG,KY,ASO,CE,Combined TRACON& Tower with Radar,364,11,14,0,389,0,0,4,0,4,364,11,18,0,393,6,0,6,399
11/08/2021,CVG,KY,ASO,CE,Combined TRACON& Tower with Radar,378,11,15,0,404,0,0,13,2,15,378,11,28,2,419,4,0,4,423
11/09/2021,CVG,KY,ASO,CE,Combined TRACON& Tower with Radar,375,12,16,0,403,0,0,4,2,6,375,12,20,2,409,0,0,0,409
11/10/2021,CVG,KY,ASO,CE,Combined TRACON& Tower with Radar,396,19,13,0,428,0,0,5,0,5,396,19,18,0,433,0,0,0,433
11/11/2021,CVG,KY,ASO,CE,Combined TRACON& Tower with Radar,425,9,15,0,449,0,0,0,0,0,425,9,15,0,449,0,0,0,449
11/12/2021,CVG,KY,ASO,CE,Combined TRACON& Tower with Radar,421,11,22,0,454,0,0,5,0,5,421,11,27,0,459,0,0,0,459
11/13/2021,CVG,KY,ASO,CE,Combined TRACON& Tower with Radar,334,8,5,0,347,0,0,2,0,2,334,8,7,0,349,0,0,0,349
11/14/2021,CVG,KY,ASO,CE,Combined TRACON& Tower with Radar,352,4,2,0,358,0,0,0,0,0,352,4,2,0,358,0,0,0,358
11/15/2021,CVG,KY,ASO,CE,Combined TRACON& Tower with Radar,360,13,15,0,388,0,1,3,0,4,360,14,18,0,392,0,0,0,392
11/16/2021,CVG,KY,ASO,CE,Combined TRACON& Tower with Radar,390,12,25,0,427,0,1,6,0,7,390,13,31,0,434,0,0,0,434
11/17/2021,CVG,KY,ASO,CE,Combined TRACON& Tower with Radar,389,14,14,0,417,0,0,4,0,4,389,14,18,0,421,0,0,0,421
11/18/2021,CVG,KY,ASO,CE,Combined TRACON& Tower with Radar,430,13,12,0,455,0,0,2,0,2,430,13,14,0,457,0,0,0,457
11/19/2021,CVG,KY,ASO,CE,Combined TRACON& Tower with Radar,427,9,14,0,450,0,2,5,2,9,427,11,19,2,459,0,0,0,459
11/20/2021,CVG,KY,ASO,CE,Combined TRACON& Tower with Radar,346,6,5,2,359,0,0,4,0,4,346,6,9,2,363,0,0,0,363
11/21/2021,CVG,KY,ASO,CE,Combined TRACON& Tower with Radar,356,5,3,0,364,0,0,0,0,0,356,5,3,0,364,0,0,0,364
11/22/2021,CVG,KY,ASO,CE,Combined TRACON& Tower with Radar,361,9,5,2,377,0,0,8,2,10,361,9,13,4,387,0,0,0,387
11/23/2021,CVG,KY,ASO,CE,Combined TRACON& Tower with Radar,418,13,11,0,442,0,0,9,0,9,418,13,20,0,451,0,0,0,451
11/24/2021,CVG,KY,ASO,CE,Combined TRACON& Tower with Radar,444,7,7,2,460,0,0,2,0,2,444,7,9,2,462,0,0,0,462
11/25/2021,CVG,KY,ASO,CE,Combined TRACON& Tower with Radar,283,5,0,0,288,0,0,0,0,0,283,5,0,0,288,0,0,0,288
11/26/2021,CVG,KY,ASO,CE,Combined TRACON& Tower with Radar,269,7,3,0,279,0,2,1,0,3,269,9,4,0,282,0,0,0,282
11/27/2021,CVG,KY,ASO,CE,Combined TRACON& Tower with Radar,393,11,3,0,407,0,0,5,0,5,393,11,8,0,412,0,0,0,412
11/28/2021,CVG,KY,ASO,CE,Combined TRACON& Tower with Radar,373,4,12,0,389,0,0,3,0,3,373,4,15,0,392,0,0,0,392
11/29/2021,CVG,KY,ASO,CE,Combined TRACON& Tower with Radar,385,13,7,2,407,0,0,2,0,2,385,13,9,2,409,0,0,0,409
11/30/2021,CVG,KY,ASO,CE,Combined TRACON& Tower with Radar,395,21,9,0,425,0,2,17,0,19,395,23,26,0,444,0,0,0,444
12/01/2021,CVG,KY,ASO,CE,Combined TRACON& Tower with Radar,401,12,13,0,426,0,0,0,0,0,401,12,13,0,426,0,0,0,426
12/02/2021,CVG,KY,ASO,CE,Combined TRACON& Tower with Radar,437,11,8,0,456,0,0,9,0,9,437,11,17,0,465,0,0,0,465
12/03/2021,CVG,KY,ASO,CE,Combined TRACON& Tower with Radar,430,9,3,0,442,0,0,15,0,15,430,9,18,0,457,0,0,0,457
12/04/2021,CVG,KY,ASO,CE,Combined TRACON& Tower with Radar,331,8,3,0,342,0,1,8,0,9,331,9,11,0,351,0,0,0,351
12/05/2021,CVG,KY,ASO,CE,Combined TRACON& Tower with Radar,359,6,7,0,372,0,1,1,0,2,359,7,8,0,374,0,0,0,374
12/06/2021,CVG,KY,ASO,CE,Combined TRACON& Tower with Radar,366,10,7,0,383,0,0,0,0,0,366,10,7,0,383,0,0,0,383
12/07/2021,CVG,KY,ASO,CE,Combined TRACON& Tower with Radar,384,18,3,0,405,0,0,5,0,5,384,18,8,0,410,0,0,0,410
12/08/2021,CVG,KY,ASO,CE,Combined TRACON& Tower with Radar,385,32,9,0,426,0,1,6,0,7,385,33,15,0,433,0,0,0,433
12/09/2021,CVG,KY,ASO,CE,Combined TRACON& Tower with Radar,426,19,6,0,451,0,0,1,0,1,426,19,7,0,452,0,0,0,452
12/10/2021,CVG,KY,ASO,CE,Combined TRACON& Tower with Radar,418,16,2,0,436,0,0,0,0,0,418,16,2,0,436,0,0,0,436
12/11/2021,CVG,KY,ASO,CE,Combined TRACON& Tower with Radar,329,7,2,0,338,0,0,0,0,0,329,7,2,0,338,0,0,0,338
12/12/2021,CVG,KY,ASO,CE,Combined TRACON& Tower with Radar,366,5,7,0,378,0,0,1,0,1,366,5,8,0,379,0,0,0,379
12/13/2021,CVG,KY,ASO,CE,Combined TRACON& Tower with Radar,367,14,10,0,391,0,0,3,0,3,367,14,13,0,394,0,0,0,394
12/14/2021,CVG,KY,ASO,CE,Combined TRACON& Tower with Radar,386,11,7,2,406,0,0,6,0,6,386,11,13,2,412,0,0,0,412
12/15/2021,CVG,KY,ASO,CE,Combined TRACON& Tower with Radar,370,14,4,0,388,0,0,3,0,3,370,14,7,0,391,0,0,0,391
12/16/2021,CVG,KY,ASO,CE,Combined TRACON& Tower with Radar,413,17,10,0,440,0,0,2,0,2,413,17,12,0,442,0,0,0,442
12/17/2021,CVG,KY,ASO,CE,Combined TRACON& Tower with Radar,426,16,2,0,444,0,0,2,0,2,426,16,4,0,446,0,0,0,446
12/18/2021,CVG,KY,ASO,CE,Combined TRACON& Tower with Radar,340,15,0,0,355,0,0,0,0,0,340,15,0,0,355,0,0,0,355
12/19/2021,CVG,KY,ASO,CE,Combined TRACON& Tower with Radar,351,7,4,0,362,0,0,12,0,12,351,7,16,0,374,0,0,0,374
12/20/2021,CVG,KY,ASO,CE,Combined TRACON& Tower with Radar,356,13,9,0,378,0,0,9,0,9,356,13,18,0,387,0,0,0,387
12/21/2021,CVG,KY,ASO,CE,Combined TRACON& Tower with Radar,396,24,29,0,449,0,2,5,0,7,396,26,34,0,456,0,0,0,456
12/22/2021,CVG,KY,ASO,CE,Combined TRACON& Tower with Radar,407,22,9,0,438,0,3,12,0,15,407,25,21,0,453,0,0,0,453
12/23/2021,CVG,KY,ASO,CE,Combined TRACON& Tower with Radar,399,17,7,0,423,0,0,3,0,3,399,17,10,0,426,0,0,0,426
12/24/2021,CVG,KY,ASO,CE,Combined TRACON& Tower with Radar,314,9,2,0,325,0,0,2,0,2,314,9,4,0,327,0,0,0,327
12/25/2021,CVG,KY,ASO,CE,Combined TRACON& Tower with Radar,216,7,2,0,225,0,0,0,0,0,216,7,2,0,225,0,0,0,225
12/26/2021,CVG,KY,ASO,CE,Combined TRACON& Tower with Radar,265,6,0,0,271,0,2,5,0,7,265,8,5,0,278,0,0,0,278
12/27/2021,CVG,KY,ASO,CE,Combined TRACON& Tower with Radar,324,9,6,0,339,0,0,0,2,2,324,9,6,2,341,0,0,0,341
12/28/2021,CVG,KY,ASO,CE,Combined TRACON& Tower with Radar,368,13,1,0,382,0,0,2,0,2,368,13,3,0,384,0,0,0,384
12/29/2021,CVG,KY,ASO,CE,Combined TRACON& Tower with Radar,378,9,2,0,389,0,0,1,0,1,378,9,3,0,390,0,0,0,390
12/30/2021,CVG,KY,ASO,CE,Combined TRACON& Tower with Radar,379,13,5,0,397,0,0,0,0,0,379,13,5,0,397,0,0,0,397
12/31/2021,CVG,KY,ASO,CE,Combined TRACON& Tower with Radar,282,8,1,0,291,0,0,2,0,2,282,8,3,0,293,0,0,0,293
01/01/2022,CVG,KY,ASO,CE,Combined TRACON& Tower with Radar,212,4,3,0,219,0,0,2,0,2,212,4,5,0,221,0,0,0,221
01/02/2022,CVG,KY,ASO,CE,Combined TRACON& Tower with Radar,296,2,5,1,304,0,0,0,0,0,296,2,5,1,304,0,0,0,304
01/03/2022,CVG,KY,ASO,CE,Combined TRACON& Tower with Radar,314,9,7,0,330,0,2,4,0,6,314,11,11,0,336,0,0,0,336
01/04/2022,CVG,KY,ASO,CE,Combined TRACON& Tower with Radar,345,18,7,0,370,0,0,5,0,5,345,18,12,0,375,0,0,0,375
01/05/2022,CVG,KY,ASO,CE,Combined TRACON& Tower with Radar,349,12,8,0,369,0,0,4,2,6,349,12,12,2,375,0,0,0,375
01/06/2022,CVG,KY,ASO,CE,Combined TRACON& Tower with Radar,383,11,8,0,402,0,0,0,0,0,383,11,8,0,402,0,0,0,402
01/07/2022,CVG,KY,ASO,CE,Combined TRACON& Tower with Radar,373,14,9,0,396,0,0,2,0,2,373,14,11,0,398,0,0,0,398
01/08/2022,CVG,KY,ASO,CE,Combined TRACON& Tower with Radar,314,12,6,0,332,0,0,6,0,6,314,12,12,0,338,0,0,0,338
01/09/2022,CVG,KY,ASO,CE,Combined TRACON& Tower with Radar,310,4,5,0,319,0,1,0,0,1,310,5,5,0,320,0,0,0,320
01/10/2022,CVG,KY,ASO,CE,Combined TRACON& Tower with Radar,333,17,7,0,357,0,3,3,0,6,333,20,10,0,363,0,0,0,363
01/11/2022,CVG,KY,ASO,CE,Combined TRACON& Tower with Radar,347,17,13,0,377,0,0,2,0,2,347,17,15,0,379,0,0,0,379
01/12/2022,CVG,KY,ASO,CE,Combined TRACON& Tower with Radar,364,16,16,1,397,0,1,8,0,9,364,17,24,1,406,0,0,0,406
01/13/2022,CVG,KY,ASO,CE,Combined TRACON& Tower with Radar,391,14,11,0,416,0,2,4,0,6,391,16,15,0,422,0,0,0,422
01/14/2022,CVG,KY,ASO,CE,Combined TRACON& Tower with Radar,386,16,5,0,407,0,0,0,0,0,386,16,5,0,407,0,0,0,407
01/15/2022,CVG,KY,ASO,CE,Combined TRACON& Tower with Radar,306,11,6,1,324,0,0,5,0,5,306,11,11,1,329,0,0,0,329
01/16/2022,CVG,KY,ASO,CE,Combined TRACON& Tower with Radar,263,15,0,1,279,0,2,3,0,5,263,17,3,1,284,0,0,0,284
01/17/2022,CVG,KY,ASO,CE,Combined TRACON& Tower with Radar,314,18,2,0,334,0,0,0,0,0,314,18,2,0,334,0,0,0,334
01/18/2022,CVG,KY,ASO,CE,Combined TRACON& Tower with Radar,343,13,5,0,361,0,0,2,0,2,343,13,7,0,363,0,0,0,363
01/19/2022,CVG,KY,ASO,CE,Combined TRACON& Tower with Radar,348,20,8,0,376,0,2,0,0,2,348,22,8,0,378,0,0,0,378
01/20/2022,CVG,KY,ASO,CE,Combined TRACON& Tower with Radar,388,18,9,0,415,0,0,2,0,2,388,18,11,0,417,0,0,0,417
01/21/2022,CVG,KY,ASO,CE,Combined TRACON& Tower with Radar,396,14,13,0,423,0,0,4,0,4,396,14,17,0,427,0,0,0,427
01/22/2022,CVG,KY,ASO,CE,Combined TRACON& Tower with Radar,321,10,3,0,334,0,1,2,0,3,321,11,5,0,337,0,0,0,337
01/23/2022,CVG,KY,ASO,CE,Combined TRACON& Tower with Radar,309,8,4,0,321,0,0,0,0,0,309,8,4,0,321,0,0,0,321
01/24/2022,CVG,KY,ASO,CE,Combined TRACON& Tower with Radar,334,13,3,0,350,0,0,0,0,0,334,13,3,0,350,0,0,0,350
01/25/2022,CVG,KY,ASO,CE,Combined TRACON& Tower with Radar,349,11,8,0,368,0,0,2,0,2,349,11,10,0,370,0,0,0,370
01/26/2022,CVG,KY,ASO,CE,Combined TRACON& Tower with Radar,347,14,5,0,366,0,2,7,0,9,347,16,12,0,375,0,0,0,375
01/27/2022,CVG,KY,ASO,CE,Combined TRACON& Tower with Radar,390,21,12,0,423,0,0,36,0,36,390,21,48,0,459,0,0,0,459
01/28/2022,CVG,KY,ASO,CE,Combined TRACON& Tower with Radar,374,21,16,0,411,0,0,0,0,0,374,21,16,0,411,0,0,0,411
01/29/2022,CVG,KY,ASO,CE,Combined TRACON& Tower with Radar,296,17,9,0,322,0,1,3,0,4,296,18,12,0,326,0,0,0,326
01/30/2022,CVG,KY,ASO,CE,Combined TRACON& Tower with Radar,296,13,6,0,315,0,1,10,0,11,296,14,16,0,326,0,0,0,326
01/31/2022,CVG,KY,ASO,CE,Combined TRACON& Tower with Radar,318,23,5,0,346,0,3,1,0,4,318,26,6,0,350,0,0,0,350
02/01/2022,CVG,KY,ASO,CE,Combined TRACON& Tower with Radar,338,15,8,0,361,0,0,5,0,5,338,15,13,0,366,0,0,0,366
02/02/2022,CVG,KY,ASO,CE,Combined TRACON& Tower with Radar,327,20,6,0,353,0,0,0,0,0,327,20,6,0,353,0,0,0,353
02/03/2022,CVG,KY,ASO,CE,Combined TRACON& Tower with Radar,107,4,0,0,111,0,0,0,0,0,107,4,0,0,111,0,0,0,111
02/04/2022,CVG,KY,ASO,CE,Combined TRACON& Tower with Radar,197,21,2,2,222,0,0,2,0,2,197,21,4,2,224,0,0,0,224
02/05/2022,CVG,KY,ASO,CE,Combined TRACON& Tower with Radar,245,12,6,0,263,0,0,2,0,2,245,12,8,0,265,0,0,0,265
02/06/2022,CVG,KY,ASO,CE,Combined TRACON& Tower with Radar,310,11,3,0,324,0,2,1,0,3,310,13,4,0,327,0,0,0,327
02/07/2022,CVG,KY,ASO,CE,Combined TRACON& Tower with Radar,326,19,4,0,349,0,0,2,0,2,326,19,6,0,351,0,0,0,351
02/08/2022,CVG,KY,ASO,CE,Combined TRACON& Tower with Radar,336,23,13,0,372,0,0,4,0,4,336,23,17,0,376,0,0,0,376
02/09/2022,CVG,KY,ASO,CE,Combined TRACON& Tower with Radar,352,18,21,0,391,0,3,2,0,5,352,21,23,0,396,0,0,0,396
02/10/2022,CVG,KY,ASO,CE,Combined TRACON& Tower with Radar,417,22,10,0,449,0,0,5,0,5,417,22,15,0,454,0,0,0,454
02/11/2022,CVG,KY,ASO,CE,Combined TRACON& Tower with Radar,399,11,5,0,415,0,0,3,0,3,399,11,8,0,418,0,0,0,418
02/12/2022,CVG,KY,ASO,CE,Combined TRACON& Tower with Radar,306,8,1,0,315,0,0,2,0,2,306,8,3,0,317,0,0,0,317
02/13/2022,CVG,KY,ASO,CE,Combined TRACON& Tower with Radar,260,7,7,0,274,0,0,0,0,0,260,7,7,0,274,0,0,0,274
02/14/2022,CVG,KY,ASO,CE,Combined TRACON& Tower with Radar,356,16,11,0,383,0,2,15,0,17,356,18,26,0,400,0,0,0,400
02/15/2022,CVG,KY,ASO,CE,Combined TRACON& Tower with Radar,351,21,11,0,383,0,0,7,0,7,351,21,18,0,390,0,0,0,390
02/16/2022,CVG,KY,ASO,CE,Combined TRACON& Tower with Radar,368,13,11,0,392,0,0,0,0,0,368,13,11,0,392,0,0,0,392
02/17/2022,CVG,KY,ASO,CE,Combined TRACON& Tower with Radar,381,11,1,0,393,0,0,0,0,0,381,11,1,0,393,0,0,0,393
02/18/2022,CVG,KY,ASO,CE,Combined TRACON& Tower with Radar,399,13,7,0,419,0,3,10,0,13,399,16,17,0,432,0,0,0,432
02/19/2022,CVG,KY,ASO,CE,Combined TRACON& Tower with Radar,328,7,5,0,340,0,0,13,0,13,328,7,18,0,353,0,0,0,353
02/20/2022,CVG,KY,ASO,CE,Combined TRACON& Tower with Radar,297,2,9,0,308,0,3,12,0,15,297,5,21,0,323,0,0,0,323
02/21/2022,CVG,KY,ASO,CE,Combined TRACON& Tower with Radar,326,18,5,0,349,0,0,4,0,4,326,18,9,0,353,0,0,0,353
02/22/2022,CVG,KY,ASO,CE,Combined TRACON& Tower with Radar,346,23,7,0,376,0,0,0,0,0,346,23,7,0,376,0,0,0,376
02/23/2022,CVG,KY,ASO,CE,Combined TRACON& Tower with Radar,380,16,13,0,409,0,0,2,0,2,380,16,15,0,411,0,0,0,411
02/24/2022,CVG,KY,ASO,CE,Combined TRACON& Tower with Radar,388,18,11,0,417,0,0,0,0,0,388,18,11,0,417,0,0,0,417
02/25/2022,CVG,KY,ASO,CE,Combined TRACON& Tower with Radar,378,10,9,0,397,0,0,0,0,0,378,10,9,0,397,0,0,0,397
02/26/2022,CVG,KY,ASO,CE,Combined TRACON& Tower with Radar,328,16,4,0,348,0,1,7,0,8,328,17,11,0,356,0,0,0,356
02/27/2022,CVG,KY,ASO,CE,Combined TRACON& Tower with Radar,308,13,8,0,329,0,0,12,0,12,308,13,20,0,341,0,0,0,341
02/28/2022,CVG,KY,ASO,CE,Combined TRACON& Tower with Radar,326,11,1,0,338,0,0,9,0,9,326,11,10,0,347,0,0,0,347
03/01/2022,CVG,KY,ASO,CE,Combined TRACON& Tower with Radar,352,17,5,0,374,0,0,7,0,7,352,17,12,0,381,0,0,0,381
03/02/2022,CVG,KY,ASO,CE,Combined TRACON& Tower with Radar,357,12,11,0,380,0,2,3,1,6,357,14,14,1,386,0,0,0,386
03/03/2022,CVG,KY,ASO,CE,Combined TRACON& Tower with Radar,385,16,8,0,409,0,0,2,0,2,385,16,10,0,411,0,0,0,411
03/04/2022,CVG,KY,ASO,CE,Combined TRACON& Tower with Radar,374,25,5,0,404,0,0,9,0,9,374,25,14,0,413,0,0,0,413
03/05/2022,CVG,KY,ASO,CE,Combined TRACON& Tower with Radar,324,14,6,0,344,0,0,7,0,7,324,14,13,0,351,0,0,0,351
03/06/2022,CVG,KY,ASO,CE,Combined TRACON& Tower with Radar,292,10,2,0,304,0,0,0,0,0,292,10,2,0,304,0,0,0,304
03/07/2022,CVG,KY,ASO,CE,Combined TRACON& Tower with Radar,316,19,3,0,338,0,0,0,0,0,316,19,3,0,338,0,0,0,338
03/08/2022,CVG,KY,ASO,CE,Combined TRACON& Tower with Radar,341,28,12,0,381,0,2,2,0,4,341,30,14,0,385,0,0,0,385
03/09/2022,CVG,KY,ASO,CE,Combined TRACON& Tower with Radar,361,15,7,0,383,0,2,9,0,11,361,17,16,0,394,0,0,0,394
03/10/2022,CVG,KY,ASO,CE,Combined TRACON& Tower with Radar,371,18,17,0,406,0,2,4,0,6,371,20,21,0,412,3,0,3,415
03/11/2022,CVG,KY,ASO,CE,Combined TRACON& Tower with Radar,371,16,5,0,392,0,0,1,0,1,371,16,6,0,393,0,0,0,393
03/12/2022,CVG,KY,ASO,CE,Combined TRACON& Tower with Radar,319,10,2,0,331,0,0,0,0,0,319,10,2,0,331,0,0,0,331
03/13/2022,CVG,KY,ASO,CE,Combined TRACON& Tower with Radar,297,21,3,0,321,0,1,1,0,2,297,22,4,0,323,0,0,0,323
03/14/2022,CVG,KY,ASO,CE,Combined TRACON& Tower with Radar,320,16,11,0,347,0,0,2,0,2,320,16,13,0,349,0,0,0,349
03/15/2022,CVG,KY,ASO,CE,Combined TRACON& Tower with Radar,339,19,11,0,369,0,2,2,0,4,339,21,13,0,373,4,0,4,377
03/16/2022,CVG,KY,ASO,CE,Combined TRACON& Tower with Radar,368,19,13,0,400,0,1,7,2,10,368,20,20,2,410,0,0,0,410
03/17/2022,CVG,KY,ASO,CE,Combined TRACON& Tower with Radar,382,20,5,0,407,0,0,3,0,3,382,20,8,0,410,0,0,0,410
03/18/2022,CVG,KY,ASO,CE,Combined TRACON& Tower with Radar,371,9,2,0,382,0,1,8,0,9,371,10,10,0,391,4,0,4,395
03/19/2022,CVG,KY,ASO,CE,Combined TRACON& Tower with Radar,336,10,6,0,352,0,0,0,0,0,336,10,6,0,352,0,0,0,352
03/20/2022,CVG,KY,ASO,CE,Combined TRACON& Tower with Radar,324,8,6,0,338,0,0,5,0,5,324,8,11,0,343,0,0,0,343
03/21/2022,CVG,KY,ASO,CE,Combined TRACON& Tower with Radar,322,19,6,0,347,0,0,9,0,9,322,19,15,0,356,2,0,2,358
03/22/2022,CVG,KY,ASO,CE,Combined TRACON& Tower with Radar,340,16,9,0,365,2,0,0,0,2,342,16,9,0,367,0,0,0,367
03/23/2022,CVG,KY,ASO,CE,Combined TRACON& Tower with Radar,359,10,7,0,376,0,0,0,0,0,359,10,7,0,376,0,0,0,376
03/24/2022,CVG,KY,ASO,CE,Combined TRACON& Tower with Radar,392,13,12,0,417,0,2,10,0,12,392,15,22,0,429,0,0,0,429
03/25/2022,CVG,KY,ASO,CE,Combined TRACON& Tower with Radar,388,15,13,0,416,0,0,2,0,2,388,15,15,0,418,0,0,0,418
03/26/2022,CVG,KY,ASO,CE,Combined TRACON& Tower with Radar,339,11,6,0,356,0,0,1,0,1,339,11,7,0,357,0,0,0,357
03/27/2022,CVG,KY,ASO,CE,Combined TRACON& Tower with Radar,313,16,2,0,331,0,0,4,0,4,313,16,6,0,335,0,0,0,335
03/28/2022,CVG,KY,ASO,CE,Combined TRACON& Tower with Radar,340,27,3,0,370,0,0,8,0,8,340,27,11,0,378,0,0,0,378
03/29/2022,CVG,KY,ASO,CE,Combined TRACON& Tower with Radar,356,9,8,0,373,0,1,5,0,6,356,10,13,0,379,0,0,0,379
03/30/2022,CVG,KY,ASO,CE,Combined TRACON& Tower with Radar,362,13,8,0,383,0,0,2,0,2,362,13,10,0,385,0,0,0,385
03/31/2022,CVG,KY,ASO,CE,Combined TRACON& Tower with Radar,390,19,7,0,416,0,0,4,0,4,390,19,11,0,420,0,0,0,420
04/01/2022,CVG,KY,ASO,CE,Combined TRACON& Tower with Radar,394,14,12,0,420,0,0,8,0,8,394,14,20,0,428,10,0,10,438
04/02/2022,CVG,KY,ASO,CE,Combined TRACON& Tower with Radar,317,12,5,0,334,0,4,5,0,9,317,16,10,0,343,0,0,0,343
04/03/2022,CVG,KY,ASO,CE,Combined TRACON& Tower with Radar,282,14,8,0,304,0,0,2,0,2,282,14,10,0,306,0,0,0,306
04/04/2022,CVG,KY,ASO,CE,Combined TRACON& Tower with Radar,323,21,4,0,348,0,2,0,0,2,323,23,4,0,350,0,0,0,350
04/05/2022,CVG,KY,ASO,CE,Combined TRACON& Tower with Radar,352,31,13,0,396,0,0,0,0,0,352,31,13,0,396,0,0,0,396
04/06/2022,CVG,KY,ASO,CE,Combined TRACON& Tower with Radar,370,17,11,0,398,0,0,0,0,0,370,17,11,0,398,0,0,0,398
04/07/2022,CVG,KY,ASO,CE,Combined TRACON& Tower with Radar,376,24,11,0,411,0,0,4,0,4,376,24,15,0,415,0,0,0,415
04/08/2022,CVG,KY,ASO,CE,Combined TRACON& Tower with Radar,387,24,13,2,426,0,2,0,0,2,387,26,13,2,428,0,0,0,428
04/09/2022,CVG,KY,ASO,CE,Combined TRACON& Tower with Radar,325,22,2,0,349,0,0,3,0,3,325,22,5,0,352,0,0,0,352
04/10/2022,CVG,KY,ASO,CE,Combined TRACON& Tower with Radar,303,21,10,0,334,0,0,10,0,10,303,21,20,0,344,0,0,0,344
04/11/2022,CVG,KY,ASO,CE,Combined TRACON& Tower with Radar,341,20,8,0,369,0,0,2,0,2,341,20,10,0,371,0,0,0,371
04/12/2022,CVG,KY,ASO,CE,Combined TRACON& Tower with Radar,356,26,14,0,396,0,0,0,0,0,356,26,14,0,396,0,0,0,396
04/13/2022,CVG,KY,ASO,CE,Combined TRACON& Tower with Radar,373,16,8,0,397,0,0,0,0,0,373,16,8,0,397,0,0,0,397
04/14/2022,CVG,KY,ASO,CE,Combined TRACON& Tower with Radar,384,20,9,0,413,0,0,5,0,5,384,20,14,0,418,0,0,0,418
04/15/2022,CVG,KY,ASO,CE,Combined TRACON& Tower with Radar,392,21,6,0,419,0,0,3,0,3,392,21,9,0,422,0,0,0,422
04/16/2022,CVG,KY,ASO,CE,Combined TRACON& Tower with Radar,308,13,4,0,325,0,0,2,0,2,308,13,6,0,327,0,0,0,327
04/17/2022,CVG,KY,ASO,CE,Combined TRACON& Tower with Radar,291,10,2,0,303,0,4,7,0,11,291,14,9,0,314,0,0,0,314
04/18/2022,CVG,KY,ASO,CE,Combined TRACON& Tower with Radar,332,16,8,0,356,0,0,0,0,0,332,16,8,0,356,0,0,0,356
04/19/2022,CVG,KY,ASO,CE,Combined TRACON& Tower with Radar,356,22,6,0,384,0,5,8,0,13,356,27,14,0,397,0,0,0,397
04/20/2022,CVG,KY,ASO,CE,Combined TRACON& Tower with Radar,383,14,4,0,401,0,0,5,0,5,383,14,9,0,406,0,0,0,406
04/21/2022,CVG,KY,ASO,CE,Combined TRACON& Tower with Radar,392,24,10,0,426,0,2,0,0,2,392,26,10,0,428,0,0,0,428
04/22/2022,CVG,KY,ASO,CE,Combined TRACON& Tower with Radar,395,20,9,0,424,0,2,2,0,4,395,22,11,0,428,0,0,0,428
04/23/2022,CVG,KY,ASO,CE,Combined TRACON& Tower with Radar,320,16,6,0,342,0,0,5,0,5,320,16,11,0,347,0,0,0,347
04/24/2022,CVG,KY,ASO,CE,Combined TRACON& Tower with Radar,301,18,7,0,326,0,2,2,0,4,301,20,9,0,330,0,0,0,330
04/25/2022,CVG,KY,ASO,CE,Combined TRACON& Tower with Radar,341,26,9,0,376,0,0,0,0,0,341,26,9,0,376,0,0,0,376
04/26/2022,CVG,KY,ASO,CE,Combined TRACON& Tower with Radar,347,22,15,0,384,0,3,6,0,9,347,25,21,0,393,0,0,0,393
04/27/2022,CVG,KY,ASO,CE,Combined TRACON& Tower with Radar,381,24,14,0,419,0,0,1,0,1,381,24,15,0,420,0,0,0,420
04/28/2022,CVG,KY,ASO,CE,Combined TRACON& Tower with Radar,406,22,10,0,438,0,0,6,0,6,406,22,16,0,444,0,0,0,444
04/29/2022,CVG,KY,ASO,CE,Combined TRACON& Tower with Radar,394,26,5,0,425,0,0,3,0,3,394,26,8,0,428,0,0,0,428
04/30/2022,CVG,KY,ASO,CE,Combined TRACON& Tower with Radar,329,14,4,0,347,0,0,2,0,2,329,14,6,0,349,0,0,0,349
05/01/2022,CVG,KY,ASO,CE,Combined TRACON& Tower with Radar,300,13,2,0,315,0,0,3,0,3,300,13,5,0,318,0,0,0,318
05/02/2022,CVG,KY,ASO,CE,Combined TRACON& Tower with Radar,336,24,6,0,366,0,0,13,0,13,336,24,19,0,379,0,0,0,379
05/03/2022,CVG,KY,ASO,CE,Combined TRACON& Tower with Radar,355,19,7,0,381,0,6,1,0,7,355,25,8,0,388,0,0,0,388
05/04/2022,CVG,KY,ASO,CE,Combined TRACON& Tower with Radar,367,16,16,1,400,0,2,3,0,5,367,18,19,1,405,0,0,0,405
05/05/2022,CVG,KY,ASO,CE,Combined TRACON& Tower with Radar,399,19,13,2,433,0,0,7,0,7,399,19,20,2,440,0,0,0,440
05/06/2022,CVG,KY,ASO,CE,Combined TRACON& Tower with Radar,362,17,3,5,387,0,0,2,0,2,362,17,5,5,389,0,0,0,389
05/07/2022,CVG,KY,ASO,CE,Combined TRACON& Tower with Radar,327,22,7,0,356,0,1,2,0,3,327,23,9,0,359,0,0,0,359
05/08/2022,CVG,KY,ASO,CE,Combined TRACON& Tower with Radar,289,18,5,0,312,0,2,0,0,2,289,20,5,0,314,0,0,0,314
05/09/2022,CVG,KY,ASO,CE,Combined TRACON& Tower with Radar,327,28,9,0,364,0,0,7,0,7,327,28,16,0,371,0,0,0,371
05/10/2022,CVG,KY,ASO,CE,Combined TRACON& Tower with Radar,353,32,7,0,392,0,0,7,0,7,353,32,14,0,399,0,0,0,399
05/11/2022,CVG,KY,ASO,CE,Combined TRACON& Tower with Radar,364,24,10,0,398,0,0,9,0,9,364,24,19,0,407,0,0,0,407
05/12/2022,CVG,KY,ASO,CE,Combined TRACON& Tower with Radar,380,20,11,1,412,0,5,20,0,25,380,25,31,1,437,0,0,0,437
05/13/2022,CVG,KY,ASO,CE,Combined TRACON& Tower with Radar,383,28,10,3,424,0,0,2,0,2,383,28,12,3,426,0,0,0,426
05/14/2022,CVG,KY,ASO,CE,Combined TRACON& Tower with Radar,326,23,3,0,352,0,0,4,0,4,326,23,7,0,356,0,0,0,356
05/15/2022,CVG,KY,ASO,CE,Combined TRACON& Tower with Radar,285,22,4,0,311,0,0,9,0,9,285,22,13,0,320,0,0,0,320
05/16/2022,CVG,KY,ASO,CE,Combined TRACON& Tower with Radar,323,28,8,0,359,0,0,2,0,2,323,28,10,0,361,0,0,0,361
05/17/2022,CVG,KY,ASO,CE,Combined TRACON& Tower with Radar,356,26,9,0,391,0,0,8,0,8,356,26,17,0,399,0,0,0,399
05/18/2022,CVG,KY,ASO,CE,Combined TRACON& Tower with Radar,376,31,20,0,427,0,0,6,0,6,376,31,26,0,433,0,0,0,433
05/19/2022,CVG,KY,ASO,CE,Combined TRACON& Tower with Radar,398,27,14,0,439,0,2,0,0,2,398,29,14,0,441,0,0,0,441
05/20/2022,CVG,KY,ASO,CE,Combined TRACON& Tower with Radar,385,28,10,0,423,0,0,1,0,1,385,28,11,0,424,0,0,0,424
05/21/2022,CVG,KY,ASO,CE,Combined TRACON& Tower with Radar,333,21,0,0,354,0,0,1,0,1,333,21,1,0,355,0,0,0,355
05/22/2022,CVG,KY,ASO,CE,Combined TRACON& Tower with Radar,287,23,1,0,311,0,0,0,0,0,287,23,1,0,311,0,0,0,311
05/23/2022,CVG,KY,ASO,CE,Combined TRACON& Tower with Radar,347,24,4,0,375,0,0,11,0,11,347,24,15,0,386,0,0,0,386
05/24/2022,CVG,KY,ASO,CE,Combined TRACON& Tower with Radar,353,25,13,0,391,0,2,2,0,4,353,27,15,0,395,0,0,0,395
05/25/2022,CVG,KY,ASO,CE,Combined TRACON& Tower with Radar,364,31,10,0,405,0,0,3,0,3,364,31,13,0,408,10,0,10,418
05/26/2022,CVG,KY,ASO,CE,Combined TRACON& Tower with Radar,406,29,7,0,442,0,0,2,0,2,406,29,9,0,444,0,0,0,444
05/27/2022,CVG,KY,ASO,CE,Combined TRACON& Tower with Radar,389,28,1,0,418,0,0,0,0,0,389,28,1,0,418,0,0,0,418
05/28/2022,CVG,KY,ASO,CE,Combined TRACON& Tower with Radar,310,26,5,0,341,0,0,3,0,3,310,26,8,0,344,0,0,0,344
05/29/2022,CVG,KY,ASO,CE,Combined TRACON& Tower with Radar,285,19,5,0,309,0,1,9,0,10,285,20,14,0,319,0,0,0,319
05/30/2022,CVG,KY,ASO,CE,Combined TRACON& Tower with Radar,372,28,11,0,411,0,0,5,0,5,372,28,16,0,416,0,0,0,416
05/31/2022,CVG,KY,ASO,CE,Combined TRACON& Tower with Radar,335,31,7,0,373,0,2,8,0,10,335,33,15,0,383,10,0,10,393
06/01/2022,CVG,KY,ASO,CE,Combined TRACON& Tower with Radar,368,31,6,0,405,0,0,8,0,8,368,31,14,0,413,0,0,0,413
06/02/2022,CVG,KY,ASO,CE,Combined TRACON& Tower with Radar,387,30,9,0,426,0,0,4,0,4,387,30,13,0,430,0,0,0,430
06/03/2022,CVG,KY,ASO,CE,Combined TRACON& Tower with Radar,405,33,7,0,445,0,0,7,0,7,405,33,14,0,452,0,0,0,452
06/04/2022,CVG,KY,ASO,CE,Combined TRACON& Tower with Radar,341,30,6,0,377,0,0,3,25,28,341,30,9,25,405,0,0,0,405
06/05/2022,CVG,KY,ASO,CE,Combined TRACON& Tower with Radar,308,21,4,0,333,0,0,5,0,5,308,21,9,0,338,0,0,0,338
06/06/2022,CVG,KY,ASO,CE,Combined TRACON& Tower with Radar,341,34,9,0,384,0,0,4,0,4,341,34,13,0,388,0,0,0,388
06/07/2022,CVG,KY,ASO,CE,Combined TRACON& Tower with Radar,384,32,8,0,424,0,0,2,0,2,384,32,10,0,426,0,0,0,426
06/08/2022,CVG,KY,ASO,CE,Combined TRACON& Tower with Radar,378,32,16,0,426,0,0,4,0,4,378,32,20,0,430,0,0,0,430
06/09/2022,CVG,KY,ASO,CE,Combined TRACON& Tower with Radar,418,35,10,0,463,0,0,6,0,6,418,35,16,0,469,0,0,0,469
06/10/2022,CVG,KY,ASO,CE,Combined TRACON& Tower with Radar,412,28,11,0,451,0,1,5,0,6,412,29,16,0,457,0,0,0,457
06/11/2022,CVG,KY,ASO,CE,Combined TRACON& Tower with Radar,336,26,7,0,369,0,0,8,0,8,336,26,15,0,377,0,0,0,377
06/12/2022,CVG,KY,ASO,CE,Combined TRACON& Tower with Radar,313,22,4,0,339,0,0,2,0,2,313,22,6,0,341,0,0,0,341
06/13/2022,CVG,KY,ASO,CE,Combined TRACON& Tower with Radar,362,32,18,0,412,0,0,2,0,2,362,32,20,0,414,0,0,0,414
06/14/2022,CVG,KY,ASO,CE,Combined TRACON& Tower with Radar,372,34,9,0,415,0,0,13,0,13,372,34,22,0,428,0,0,0,428
06/15/2022,CVG,KY,ASO,CE,Combined TRACON& Tower with Radar,388,31,8,1,428,0,0,5,0,5,388,31,13,1,433,0,0,0,433
06/16/2022,CVG,KY,ASO,CE,Combined TRACON& Tower with Radar,389,31,11,0,431,0,0,10,0,10,389,31,21,0,441,0,0,0,441
06/17/2022,CVG,KY,ASO,CE,Combined TRACON& Tower with Radar,405,28,5,0,438,0,0,5,0,5,405,28,10,0,443,0,0,0,443
06/18/2022,CVG,KY,ASO,CE,Combined TRACON& Tower with Radar,337,23,7,0,367,0,2,5,0,7,337,25,12,0,374,0,0,0,374
06/19/2022,CVG,KY,ASO,CE,Combined TRACON& Tower with Radar,308,18,4,0,330,0,0,5,2,7,308,18,9,2,337,0,0,0,337
06/20/2022,CVG,KY,ASO,CE,Combined TRACON& Tower with Radar,358,30,8,0,396,0,1,7,0,8,358,31,15,0,404,0,0,0,404
06/21/2022,CVG,KY,ASO,CE,Combined TRACON& Tower with Radar,384,37,15,0,436,0,0,2,0,2,384,37,17,0,438,0,0,0,438
06/22/2022,CVG,KY,ASO,CE,Combined TRACON& Tower with Radar,378,20,16,0,414,0,1,9,0,10,378,21,25,0,424,0,0,0,424
06/23/2022,CVG,KY,ASO,CE,Combined TRACON& Tower with Radar,403,31,20,0,454,0,0,5,0,5,403,31,25,0,459,0,0,0,459
06/24/2022,CVG,KY,ASO,CE,Combined TRACON& Tower with Radar,392,37,11,0,440,0,0,8,0,8,392,37,19,0,448,0,0,0,448
06/25/2022,CVG,KY,ASO,CE,Combined TRACON& Tower with Radar,360,25,2,0,387,0,2,3,0,5,360,27,5,0,392,0,0,0,392
06/26/2022,CVG,KY,ASO,CE,Combined TRACON& Tower with Radar,315,18,4,0,337,0,0,0,0,0,315,18,4,0,337,0,0,0,337
06/27/2022,CVG,KY,ASO,CE,Combined TRACON& Tower with Radar,351,28,12,0,391,0,1,7,0,8,351,29,19,0,399,0,0,0,399
06/28/2022,CVG,KY,ASO,CE,Combined TRACON& Tower with Radar,381,29,16,0,426,0,2,20,0,22,381,31,36,0,448,0,0,0,448
06/29/2022,CVG,KY,ASO,CE,Combined TRACON& Tower with Radar,382,35,18,0,435,0,0,7,0,7,382,35,25,0,442,0,0,0,442
06/30/2022,CVG,KY,ASO,CE,Combined TRACON& Tower with Radar,403,32,12,0,447,0,2,14,0,16,403,34,26,0,463,0,0,0,463
07/01/2022,CVG,KY,ASO,CE,Combined TRACON& Tower with Radar,410,24,5,0,439,0,2,8,0,10,410,26,13,0,449,0,0,0,449
07/02/2022,CVG,KY,ASO,CE,Combined TRACON& Tower with Radar,354,17,2,0,373,0,2,3,0,5,354,19,5,0,378,0,0,0,378
07/03/2022,CVG,KY,ASO,CE,Combined TRACON& Tower with Radar,299,18,2,0,319,0,0,4,0,4,299,18,6,0,323,0,0,0,323
07/04/2022,CVG,KY,ASO,CE,Combined TRACON& Tower with Radar,311,24,3,0,338,0,2,4,0,6,311,26,7,0,344,0,0,0,344
07/05/2022,CVG,KY,ASO,CE,Combined TRACON& Tower with Radar,322,24,7,0,353,0,0,1,0,1,322,24,8,0,354,0,0,0,354
07/06/2022,CVG,KY,ASO,CE,Combined TRACON& Tower with Radar,386,25,8,0,419,0,0,6,0,6,386,25,14,0,425,0,0,0,425
07/07/2022,CVG,KY,ASO,CE,Combined TRACON& Tower with Radar,405,34,16,0,455,0,0,28,0,28,405,34,44,0,483,8,0,8,491
07/08/2022,CVG,KY,ASO,CE,Combined TRACON& Tower with Radar,409,25,3,4,441,0,0,8,0,8,409,25,11,4,449,0,0,0,449
07/09/2022,CVG,KY,ASO,CE,Combined TRACON& Tower with Radar,345,28,9,0,382,0,0,3,0,3,345,28,12,0,385,0,0,0,385
07/10/2022,CVG,KY,ASO,CE,Combined TRACON& Tower with Radar,325,21,8,0,354,0,3,10,0,13,325,24,18,0,367,0,0,0,367
07/11/2022,CVG,KY,ASO,CE,Combined TRACON& Tower with Radar,373,32,6,0,411,0,3,5,0,8,373,35,11,0,419,0,0,0,419
07/12/2022,CVG,KY,ASO,CE,Combined TRACON& Tower with Radar,383,27,19,0,429,0,3,3,0,6,383,30,22,0,435,0,0,0,435
07/13/2022,CVG,KY,ASO,CE,Combined TRACON& Tower with Radar,400,35,13,0,448,0,0,9,0,9,400,35,22,0,457,0,0,0,457
07/14/2022,CVG,KY,ASO,CE,Combined TRACON& Tower with Radar,423,35,8,0,466,0,2,5,0,7,423,37,13,0,473,0,0,0,473
07/15/2022,CVG,KY,ASO,CE,Combined TRACON& Tower with Radar,413,30,7,0,450,0,0,2,0,2,413,30,9,0,452,0,0,0,452
07/16/2022,CVG,KY,ASO,CE,Combined TRACON& Tower with Radar,348,29,3,0,380,0,4,4,0,8,348,33,7,0,388,0,0,0,388
07/17/2022,CVG,KY,ASO,CE,Combined TRACON& Tower with Radar,327,23,8,0,358,0,0,0,0,0,327,23,8,0,358,0,0,0,358
07/18/2022,CVG,KY,ASO,CE,Combined TRACON& Tower with Radar,351,35,2,0,388,0,0,2,0,2,351,35,4,0,390,0,0,0,390
07/19/2022,CVG,KY,ASO,CE,Combined TRACON& Tower with Radar,386,34,19,0,439,0,0,1,0,1,386,34,20,0,440,0,0,0,440
07/20/2022,CVG,KY,ASO,CE,Combined TRACON& Tower with Radar,397,35,5,0,437,0,0,4,0,4,397,35,9,0,441,0,0,0,441
07/21/2022,CVG,KY,ASO,CE,Combined TRACON& Tower with Radar,427,39,11,0,477,0,0,4,0,4,427,39,15,0,481,0,0,0,481
07/22/2022,CVG,KY,ASO,CE,Combined TRACON& Tower with Radar,410,28,5,0,443,0,0,5,0,5,410,28,10,0,448,0,0,0,448
07/23/2022,CVG,KY,ASO,CE,Combined TRACON& Tower with Radar,354,30,4,0,388,0,0,4,0,4,354,30,8,0,392,0,0,0,392
07/24/2022,CVG,KY,ASO,CE,Combined TRACON& Tower with Radar,319,28,6,0,353,0,0,1,0,1,319,28,7,0,354,0,0,0,354
07/25/2022,CVG,KY,ASO,CE,Combined TRACON& Tower with Radar,341,30,8,0,379,0,0,4,0,4,341,30,12,0,383,0,0,0,383
07/26/2022,CVG,KY,ASO,CE,Combined TRACON& Tower with Radar,386,33,15,0,434,0,0,0,0,0,386,33,15,0,434,0,0,0,434
07/27/2022,CVG,KY,ASO,CE,Combined TRACON& Tower with Radar,388,28,12,0,428,0,0,1,0,1,388,28,13,0,429,0,0,0,429
07/28/2022,CVG,KY,ASO,CE,Combined TRACON& Tower with Radar,423,36,5,0,464,0,2,7,0,9,423,38,12,0,473,0,0,0,473
07/29/2022,CVG,KY,ASO,CE,Combined TRACON& Tower with Radar,413,29,11,9,462,0,0,0,0,0,413,29,11,9,462,0,0,0,462
07/30/2022,CVG,KY,ASO,CE,Combined TRACON& Tower with Radar,345,28,8,0,381,0,0,6,0,6,345,28,14,0,387,0,0,0,387
07/31/2022,CVG,KY,ASO,CE,Combined TRACON& Tower with Radar,314,28,11,0,353,0,0,1,0,1,314,28,12,0,354,0,0,0,354
08/01/2022,CVG,KY,ASO,CE,Combined TRACON& Tower with Radar,355,29,4,0,388,0,0,2,0,2,355,29,6,0,390,0,0,0,390
08/02/2022,CVG,KY,ASO,CE,Combined TRACON& Tower with Radar,380,31,11,0,422,0,0,4,0,4,380,31,15,0,426,0,0,0,426
08/03/2022,CVG,KY,ASO,CE,Combined TRACON& Tower with Radar,392,36,7,0,435,0,1,0,0,1,392,37,7,0,436,0,0,0,436
08/04/2022,CVG,KY,ASO,CE,Combined TRACON& Tower with Radar,395,32,4,0,431,0,0,2,0,2,395,32,6,0,433,0,0,0,433
08/05/2022,CVG,KY,ASO,CE,Combined TRACON& Tower with Radar,399,33,8,0,440,0,0,0,0,0,399,33,8,0,440,0,0,0,440
08/06/2022,CVG,KY,ASO,CE,Combined TRACON& Tower with Radar,345,27,12,0,384,0,0,4,0,4,345,27,16,0,388,0,0,0,388
08/07/2022,CVG,KY,ASO,CE,Combined TRACON& Tower with Radar,320,26,11,0,357,0,0,2,0,2,320,26,13,0,359,0,0,0,359
08/08/2022,CVG,KY,ASO,CE,Combined TRACON& Tower with Radar,374,27,7,0,408,0,2,10,0,12,374,29,17,0,420,0,0,0,420
08/09/2022,CVG,KY,ASO,CE,Combined TRACON& Tower with Radar,385,30,8,0,423,0,0,0,0,0,385,30,8,0,423,0,0,0,423
08/10/2022,CVG,KY,ASO,CE,Combined TRACON& Tower with Radar,373,28,7,0,408,0,0,0,0,0,373,28,7,0,408,0,0,0,408
08/11/2022,CVG,KY,ASO,CE,Combined TRACON& Tower with Radar,417,38,12,0,467,0,0,7,0,7,417,38,19,0,474,0,0,0,474
08/12/2022,CVG,KY,ASO,CE,Combined TRACON& Tower with Radar,429,43,10,0,482,0,0,2,0,2,429,43,12,0,484,0,0,0,484
08/13/2022,CVG,KY,ASO,CE,Combined TRACON& Tower with Radar,333,30,11,0,374,0,2,3,0,5,333,32,14,0,379,0,0,0,379
08/14/2022,CVG,KY,ASO,CE,Combined TRACON& Tower with Radar,338,22,9,0,369,0,0,2,0,2,338,22,11,0,371,0,0,0,371
08/15/2022,CVG,KY,ASO,CE,Combined TRACON& Tower with Radar,357,35,7,0,399,0,0,4,0,4,357,35,11,0,403,0,0,0,403
08/16/2022,CVG,KY,ASO,CE,Combined TRACON& Tower with Radar,391,26,12,0,429,0,3,3,0,6,391,29,15,0,435,0,0,0,435
08/17/2022,CVG,KY,ASO,CE,Combined TRACON& Tower with Radar,386,34,12,0,432,0,1,7,0,8,386,35,19,0,440,0,0,0,440
08/18/2022,CVG,KY,ASO,CE,Combined TRACON& Tower with Radar,410,32,13,0,455,0,4,6,0,10,410,36,19,0,465,0,0,0,465
08/19/2022,CVG,KY,ASO,CE,Combined TRACON& Tower with Radar,411,28,5,0,444,0,0,2,0,2,411,28,7,0,446,0,0,0,446
08/20/2022,CVG,KY,ASO,CE,Combined TRACON& Tower with Radar,322,24,4,0,350,0,0,3,0,3,322,24,7,0,353,0,0,0,353
08/21/2022,CVG,KY,ASO,CE,Combined TRACON& Tower with Radar,328,23,10,0,361,0,0,0,0,0,328,23,10,0,361,0,0,0,361
08/22/2022,CVG,KY,ASO,CE,Combined TRACON& Tower with Radar,331,32,11,0,374,0,1,4,0,5,331,33,15,0,379,0,0,0,379
08/23/2022,CVG,KY,ASO,CE,Combined TRACON& Tower with Radar,391,28,6,0,425,0,0,10,0,10,391,28,16,0,435,0,0,0,435
08/24/2022,CVG,KY,ASO,CE,Combined TRACON& Tower with Radar,370,29,16,0,415,0,2,10,0,12,370,31,26,0,427,0,0,0,427
08/25/2022,CVG,KY,ASO,CE,Combined TRACON& Tower with Radar,409,36,13,0,458,0,0,6,0,6,409,36,19,0,464,8,0,8,472
08/26/2022,CVG,KY,ASO,CE,Combined TRACON& Tower with Radar,407,37,10,0,454,0,0,3,4,7,407,37,13,4,461,0,0,0,461
08/27/2022,CVG,KY,ASO,CE,Combined TRACON& Tower with Radar,323,23,0,0,346,0,4,3,0,7,323,27,3,0,353,0,0,0,353
08/28/2022,CVG,KY,ASO,CE,Combined TRACON& Tower with Radar,324,26,5,0,355,0,2,6,0,8,324,28,11,0,363,0,0,0,363
08/29/2022,CVG,KY,ASO,CE,Combined TRACON& Tower with Radar,344,30,6,0,380,0,2,1,0,3,344,32,7,0,383,0,0,0,383
08/30/2022,CVG,KY,ASO,CE,Combined TRACON& Tower with Radar,365,22,16,2,405,0,0,6,0,6,365,22,22,2,411,0,0,0,411
08/31/2022,CVG,KY,ASO,CE,Combined TRACON& Tower with Radar,378,33,12,2,425,0,0,9,0,9,378,33,21,2,434,0,0,0,434
09/01/2022,CVG,KY,ASO,CE,Combined TRACON& Tower with Radar,416,29,8,0,453,0,0,6,2,8,416,29,14,2,461,0,0,0,461
09/02/2022,CVG,KY,ASO,CE,Combined TRACON& Tower with Radar,421,31,3,0,455,0,2,0,0,2,421,33,3,0,457,0,0,0,457
09/03/2022,CVG,KY,ASO,CE,Combined TRACON& Tower with Radar,328,23,3,0,354,0,0,1,0,1,328,23,4,0,355,0,0,0,355
09/04/2022,CVG,KY,ASO,CE,Combined TRACON& Tower with Radar,296,22,1,0,319,0,0,0,0,0,296,22,1,0,319,0,0,0,319
09/05/2022,CVG,KY,ASO,CE,Combined TRACON& Tower with Radar,388,27,7,0,422,0,0,0,0,0,388,27,7,0,422,0,0,0,422
09/06/2022,CVG,KY,ASO,CE,Combined TRACON& Tower with Radar,365,23,2,0,390,0,0,0,0,0,365,23,2,0,390,0,0,0,390
09/07/2022,CVG,KY,ASO,CE,Combined TRACON& Tower with Radar,375,28,21,0,424,0,1,5,0,6,375,29,26,0,430,0,0,0,430
09/08/2022,CVG,KY,ASO,CE,Combined TRACON& Tower with Radar,415,31,13,0,459,0,0,6,0,6,415,31,19,0,465,0,0,0,465
09/09/2022,CVG,KY,ASO,CE,Combined TRACON& Tower with Radar,408,28,7,0,443,0,0,7,0,7,408,28,14,0,450,0,0,0,450
09/10/2022,CVG,KY,ASO,CE,Combined TRACON& Tower with Radar,345,23,10,0,378,0,0,5,1,6,345,23,15,1,384,0,0,0,384
09/11/2022,CVG,KY,ASO,CE,Combined TRACON& Tower with Radar,345,20,6,1,372,0,0,0,1,1,345,20,6,2,373,0,0,0,373
09/12/2022,CVG,KY,ASO,CE,Combined TRACON& Tower with Radar,360,31,15,1,407,0,0,0,0,0,360,31,15,1,407,0,0,0,407
09/13/2022,CVG,KY,ASO,CE,Combined TRACON& Tower with Radar,384,30,16,0,430,0,2,8,0,10,384,32,24,0,440,0,0,0,440
09/14/2022,CVG,KY,ASO,CE,Combined TRACON& Tower with Radar,400,26,13,0,439,0,2,10,0,12,400,28,23,0,451,0,0,0,451
09/15/2022,CVG,KY,ASO,CE,Combined TRACON& Tower with Radar,426,29,25,0,480,0,1,12,0,13,426,30,37,0,493,0,0,0,493
09/16/2022,CVG,KY,ASO,CE,Combined TRACON& Tower with Radar,430,31,18,0,479,0,0,9,0,9,430,31,27,0,488,0,0,0,488
09/17/2022,CVG,KY,ASO,CE,Combined TRACON& Tower with Radar,341,17,3,0,361,0,0,14,0,14,341,17,17,0,375,0,0,0,375
09/18/2022,CVG,KY,ASO,CE,Combined TRACON& Tower with Radar,346,22,6,0,374,0,1,7,0,8,346,23,13,0,382,0,0,0,382
09/19/2022,CVG,KY,ASO,CE,Combined TRACON& Tower with Radar,357,38,6,0,401,0,1,2,0,3,357,39,8,0,404,0,0,0,404
09/20/2022,CVG,KY,ASO,CE,Combined TRACON& Tower with Radar,397,28,20,0,445,0,3,13,0,16,397,31,33,0,461,0,0,0,461
09/21/2022,CVG,KY,ASO,CE,Combined TRACON& Tower with Radar,403,28,9,0,440,0,1,12,0,13,403,29,21,0,453,0,0,0,453
09/22/2022,CVG,KY,ASO,CE,Combined TRACON& Tower with Radar,421,33,13,0,467,0,0,4,0,4,421,33,17,0,471,0,0,0,471
09/23/2022,CVG,KY,ASO,CE,Combined TRACON& Tower with Radar,422,37,6,0,465,0,2,2,0,4,422,39,8,0,469,0,0,0,469
09/24/2022,CVG,KY,ASO,CE,Combined TRACON& Tower with Radar,348,24,10,0,382,0,0,7,0,7,348,24,17,0,389,0,0,0,389
09/25/2022,CVG,KY,ASO,CE,Combined TRACON& Tower with Radar,336,28,4,0,368,0,0,0,0,0,336,28,4,0,368,0,0,0,368
09/26/2022,CVG,KY,ASO,CE,Combined TRACON& Tower with Radar,362,28,13,0,403,0,4,8,0,12,362,32,21,0,415,0,0,0,415
09/27/2022,CVG,KY,ASO,CE,Combined TRACON& Tower with Radar,402,26,9,0,437,0,0,4,0,4,402,26,13,0,441,0,0,0,441
09/28/2022,CVG,KY,ASO,CE,Combined TRACON& Tower with Radar,378,24,4,0,406,0,4,4,0,8,378,28,8,0,414,0,0,0,414
09/29/2022,CVG,KY,ASO,CE,Combined TRACON& Tower with Radar,406,33,7,0,446,0,0,10,0,10,406,33,17,0,456,0,0,0,456
09/30/2022,CVG,KY,ASO,CE,Combined TRACON& Tower with Radar,407,26,17,0,450,0,1,9,0,10,407,27,26,0,460,0,0,0,460
10/01/2022,CVG,KY,ASO,CE,Combined TRACON& Tower with Radar,343,26,3,0,372,0,0,2,0,2,343,26,5,0,374,0,0,0,374
10/02/2022,CVG,KY,ASO,CE,Combined TRACON& Tower with Radar,342,19,6,0,367,0,2,1,0,3,342,21,7,0,370,0,0,0,370
10/03/2022,CVG,KY,ASO,CE,Combined TRACON& Tower with Radar,356,34,10,0,400,0,0,4,0,4,356,34,14,0,404,0,0,0,404
10/04/2022,CVG,KY,ASO,CE,Combined TRACON& Tower with Radar,386,34,10,0,430,0,8,0,2,10,386,42,10,2,440,0,0,0,440
10/05/2022,CVG,KY,ASO,CE,Combined TRACON& Tower with Radar,412,35,13,0,460,0,2,6,0,8,412,37,19,0,468,0,0,0,468
10/06/2022,CVG,KY,ASO,CE,Combined TRACON& Tower with Radar,438,28,10,0,476,0,0,1,0,1,438,28,11,0,477,0,0,0,477
10/07/2022,CVG,KY,ASO,CE,Combined TRACON& Tower with Radar,427,17,8,0,452,0,0,0,0,0,427,17,8,0,452,0,0,0,452
10/08/2022,CVG,KY,ASO,CE,Combined TRACON& Tower with Radar,358,16,6,0,380,0,4,4,0,8,358,20,10,0,388,0,0,0,388
10/09/2022,CVG,KY,ASO,CE,Combined TRACON& Tower with Radar,362,15,8,0,385,0,0,5,0,5,362,15,13,0,390,0,0,0,390
10/10/2022,CVG,KY,ASO,CE,Combined TRACON& Tower with Radar,372,19,9,0,400,0,0,9,0,9,372,19,18,0,409,0,0,0,409
10/11/2022,CVG,KY,ASO,CE,Combined TRACON& Tower with Radar,400,31,4,0,435,0,2,0,0,2,400,33,4,0,437,0,0,0,437
10/12/2022,CVG,KY,ASO,CE,Combined TRACON& Tower with Radar,395,21,7,0,423,0,1,4,0,5,395,22,11,0,428,0,0,0,428
10/13/2022,CVG,KY,ASO,CE,Combined TRACON& Tower with Radar,446,22,13,0,481,0,2,4,0,6,446,24,17,0,487,0,0,0,487
10/14/2022,CVG,KY,ASO,CE,Combined TRACON& Tower with Radar,431,19,7,0,457,0,2,4,0,6,431,21,11,0,463,0,0,0,463
10/15/2022,CVG,KY,ASO,CE,Combined TRACON& Tower with Radar,354,21,0,0,375,0,0,2,0,2,354,21,2,0,377,0,0,0,377
10/16/2022,CVG,KY,ASO,CE,Combined TRACON& Tower with Radar,345,21,6,0,372,0,0,7,0,7,345,21,13,0,379,0,0,0,379
10/17/2022,CVG,KY,ASO,CE,Combined TRACON& Tower with Radar,384,21,15,0,420,0,0,8,0,8,384,21,23,0,428,0,0,0,428
10/18/2022,CVG,KY,ASO,CE,Combined TRACON& Tower with Radar,405,27,6,0,438,0,0,2,0,2,405,27,8,0,440,0,0,0,440
10/19/2022,CVG,KY,ASO,CE,Combined TRACON& Tower with Radar,400,23,14,0,437,0,0,3,0,3,400,23,17,0,440,0,0,0,440
10/20/2022,CVG,KY,ASO,CE,Combined TRACON& Tower with Radar,428,27,14,0,469,0,3,6,0,9,428,30,20,0,478,0,0,0,478
10/21/2022,CVG,KY,ASO,CE,Combined TRACON& Tower with Radar,429,14,11,1,455,0,2,7,0,9,429,16,18,1,464,0,0,0,464
10/22/2022,CVG,KY,ASO,CE,Combined TRACON& Tower with Radar,353,22,3,0,378,0,0,4,0,4,353,22,7,0,382,0,0,0,382
10/23/2022,CVG,KY,ASO,CE,Combined TRACON& Tower with Radar,354,10,7,0,371,0,0,1,2,3,354,10,8,2,374,0,0,0,374
10/24/2022,CVG,KY,ASO,CE,Combined TRACON& Tower with Radar,371,23,13,1,408,0,5,5,0,10,371,28,18,1,418,0,0,0,418
10/25/2022,CVG,KY,ASO,CE,Combined TRACON& Tower with Radar,393,20,11,0,424,0,1,0,0,1,393,21,11,0,425,0,0,0,425
10/26/2022,CVG,KY,ASO,CE,Combined TRACON& Tower with Radar,367,17,6,0,390,0,0,0,0,0,367,17,6,0,390,0,0,0,390
10/27/2022,CVG,KY,ASO,CE,Combined TRACON& Tower with Radar,446,17,10,0,473,0,1,8,0,9,446,18,18,0,482,0,0,0,482
10/28/2022,CVG,KY,ASO,CE,Combined TRACON& Tower with Radar,425,25,6,0,456,0,0,8,0,8,425,25,14,0,464,0,0,0,464
10/29/2022,CVG,KY,ASO,CE,Combined TRACON& Tower with Radar,348,16,6,0,370,0,0,8,0,8,348,16,14,0,378,0,0,0,378
10/30/2022,CVG,KY,ASO,CE,Combined TRACON& Tower with Radar,330,23,7,0,360,0,0,1,0,1,330,23,8,0,361,0,0,0,361
10/31/2022,CVG,KY,ASO,CE,Combined TRACON& Tower with Radar,334,25,13,0,372,0,0,3,0,3,334,25,16,0,375,0,0,0,375
11/01/2022,CVG,KY,ASO,CE,Combined TRACON& Tower with Radar,395,21,10,0,426,0,0,5,0,5,395,21,15,0,431,0,0,0,431
11/02/2022,CVG,KY,ASO,CE,Combined TRACON& Tower with Radar,400,32,14,0,446,0,0,6,0,6,400,32,20,0,452,0,0,0,452
11/03/2022,CVG,KY,ASO,CE,Combined TRACON& Tower with Radar,451,33,19,0,503,0,0,10,0,10,451,33,29,0,513,0,0,0,513
11/04/2022,CVG,KY,ASO,CE,Combined TRACON& Tower with Radar,427,27,8,0,462,0,0,2,0,2,427,27,10,0,464,0,0,0,464
11/05/2022,CVG,KY,ASO,CE,Combined TRACON& Tower with Radar,366,15,2,0,383,0,3,3,0,6,366,18,5,0,389,0,0,0,389
11/06/2022,CVG,KY,ASO,CE,Combined TRACON& Tower with Radar,353,18,4,1,376,0,0,3,1,4,353,18,7,2,380,0,0,0,380
11/07/2022,CVG,KY,ASO,CE,Combined TRACON& Tower with Radar,368,25,14,0,407,0,0,17,1,18,368,25,31,1,425,0,0,0,425
11/08/2022,CVG,KY,ASO,CE,Combined TRACON& Tower with Radar,398,26,8,0,432,0,3,15,0,18,398,29,23,0,450,0,0,0,450
11/09/2022,CVG,KY,ASO,CE,Combined TRACON& Tower with Radar,414,27,15,0,456,0,4,5,0,9,414,31,20,0,465,0,0,0,465
11/10/2022,CVG,KY,ASO,CE,Combined TRACON& Tower with Radar,432,31,17,0,480,0,1,5,0,6,432,32,22,0,486,0,0,0,486
11/11/2022,CVG,KY,ASO,CE,Combined TRACON& Tower with Radar,422,22,12,0,456,0,0,0,0,0,422,22,12,0,456,0,0,0,456
11/12/2022,CVG,KY,ASO,CE,Combined TRACON& Tower with Radar,374,18,5,0,397,0,0,0,0,0,374,18,5,0,397,0,0,0,397
11/13/2022,CVG,KY,ASO,CE,Combined TRACON& Tower with Radar,351,29,15,0,395,0,0,0,0,0,351,29,15,0,395,0,0,0,395
11/14/2022,CVG,KY,ASO,CE,Combined TRACON& Tower with Radar,391,33,4,0,428,0,0,8,0,8,391,33,12,0,436,0,0,0,436
11/15/2022,CVG,KY,ASO,CE,Combined TRACON& Tower with Radar,411,33,14,0,458,0,0,0,0,0,411,33,14,0,458,0,0,0,458
11/16/2022,CVG,KY,ASO,CE,Combined TRACON& Tower with Radar,410,32,15,0,457,0,0,0,0,0,410,32,15,0,457,0,0,0,457
11/17/2022,CVG,KY,ASO,CE,Combined TRACON& Tower with Radar,449,23,4,0,476,0,0,8,0,8,449,23,12,0,484,0,0,0,484
11/18/2022,CVG,KY,ASO,CE,Combined TRACON& Tower with Radar,437,21,6,0,464,0,0,6,0,6,437,21,12,0,470,0,0,0,470
11/19/2022,CVG,KY,ASO,CE,Combined TRACON& Tower with Radar,375,20,6,0,401,0,0,3,0,3,375,20,9,0,404,0,0,0,404
11/20/2022,CVG,KY,ASO,CE,Combined TRACON& Tower with Radar,364,27,7,0,398,0,0,6,0,6,364,27,13,0,404,0,0,0,404
11/21/2022,CVG,KY,ASO,CE,Combined TRACON& Tower with Radar,397,24,7,0,428,0,0,7,0,7,397,24,14,0,435,0,0,0,435
11/22/2022,CVG,KY,ASO,CE,Combined TRACON& Tower with Radar,438,25,13,0,476,0,0,5,0,5,438,25,18,0,481,0,0,0,481
11/23/2022,CVG,KY,ASO,CE,Combined TRACON& Tower with Radar,454,24,15,0,493,0,0,1,2,3,454,24,16,2,496,0,0,0,496
11/24/2022,CVG,KY,ASO,CE,Combined TRACON& Tower with Radar,309,7,2,0,318,0,0,7,0,7,309,7,9,0,325,0,0,0,325
11/25/2022,CVG,KY,ASO,CE,Combined TRACON& Tower with Radar,290,17,5,0,312,0,1,1,0,2,290,18,6,0,314,0,0,0,314
11/26/2022,CVG,KY,ASO,CE,Combined TRACON& Tower with Radar,399,21,7,0,427,0,1,5,0,6,399,22,12,0,433,0,0,0,433
11/27/2022,CVG,KY,ASO,CE,Combined TRACON& Tower with Radar,371,14,9,0,394,0,1,0,0,1,371,15,9,0,395,0,0,0,395
11/28/2022,CVG,KY,ASO,CE,Combined TRACON& Tower with Radar,419,27,9,0,455,0,0,0,0,0,419,27,9,0,455,0,0,0,455
11/29/2022,CVG,KY,ASO,CE,Combined TRACON& Tower with Radar,424,26,9,0,459,0,0,1,0,1,424,26,10,0,460,0,0,0,460
11/30/2022,CVG,KY,ASO,CE,Combined TRACON& Tower with Radar,404,21,2,0,427,0,1,3,0,4,404,22,5,0,431,0,0,0,431
12/01/2022,CVG,KY,ASO,CE,Combined TRACON& Tower with Radar,450,25,8,0,483,0,0,6,0,6,450,25,14,0,489,0,0,0,489
12/02/2022,CVG,KY,ASO,CE,Combined TRACON& Tower with Radar,428,21,11,0,460,0,1,3,0,4,428,22,14,0,464,0,0,0,464
12/03/2022,CVG,KY,ASO,CE,Combined TRACON& Tower with Radar,369,19,5,0,393,0,0,3,0,3,369,19,8,0,396,0,0,0,396
12/04/2022,CVG,KY,ASO,CE,Combined TRACON& Tower with Radar,361,15,15,0,391,0,2,9,0,11,361,17,24,0,402,0,0,0,402
12/05/2022,CVG,KY,ASO,CE,Combined TRACON& Tower with Radar,395,34,20,0,449,0,0,10,0,10,395,34,30,0,459,0,0,0,459
12/06/2022,CVG,KY,ASO,CE,Combined TRACON& Tower with Radar,414,22,6,0,442,0,0,0,0,0,414,22,6,0,442,0,0,0,442
12/07/2022,CVG,KY,ASO,CE,Combined TRACON& Tower with Radar,406,32,17,2,457,0,0,0,0,0,406,32,17,2,457,0,0,0,457
12/08/2022,CVG,KY,ASO,CE,Combined TRACON& Tower with Radar,449,19,12,0,480,0,0,0,0,0,449,19,12,0,480,0,0,0,480
12/09/2022,CVG,KY,ASO,CE,Combined TRACON& Tower with Radar,428,33,10,0,471,0,0,0,0,0,428,33,10,0,471,0,0,0,471
12/10/2022,CVG,KY,ASO,CE,Combined TRACON& Tower with Radar,361,22,6,0,389,0,2,0,0,2,361,24,6,0,391,0,0,0,391
12/11/2022,CVG,KY,ASO,CE,Combined TRACON& Tower with Radar,355,23,4,0,382,0,1,3,0,4,355,24,7,0,386,0,0,0,386
12/12/2022,CVG,KY,ASO,CE,Combined TRACON& Tower with Radar,379,29,4,0,412,0,0,2,0,2,379,29,6,0,414,0,0,0,414
12/13/2022,CVG,KY,ASO,CE,Combined TRACON& Tower with Radar,405,26,16,0,447,0,0,11,0,11,405,26,27,0,458,0,0,0,458
12/14/2022,CVG,KY,ASO,CE,Combined TRACON& Tower with Radar,413,24,6,0,443,0,0,0,0,0,413,24,6,0,443,0,0,0,443
12/15/2022,CVG,KY,ASO,CE,Combined TRACON& Tower with Radar,430,28,12,0,470,0,0,7,0,7,430,28,19,0,477,0,0,0,477
12/16/2022,CVG,KY,ASO,CE,Combined TRACON& Tower with Radar,430,14,8,0,452,0,0,5,0,5,430,14,13,0,457,0,0,0,457
12/17/2022,CVG,KY,ASO,CE,Combined TRACON& Tower with Radar,393,18,2,0,413,0,0,0,0,0,393,18,2,0,413,0,0,0,413
12/18/2022,CVG,KY,ASO,CE,Combined TRACON& Tower with Radar,338,13,5,0,356,0,0,5,0,5,338,13,10,0,361,0,0,0,361
12/19/2022,CVG,KY,ASO,CE,Combined TRACON& Tower with Radar,382,33,2,0,417,0,2,9,0,11,382,35,11,0,428,0,0,0,428
12/20/2022,CVG,KY,ASO,CE,Combined TRACON& Tower with Radar,435,25,9,0,469,0,2,15,0,17,435,27,24,0,486,0,0,0,486
12/21/2022,CVG,KY,ASO,CE,Combined TRACON& Tower with Radar,433,27,5,0,465,0,0,15,0,15,433,27,20,0,480,0,0,0,480
12/22/2022,CVG,KY,ASO,CE,Combined TRACON& Tower with Radar,412,13,3,0,428,0,0,0,0,0,412,13,3,0,428,0,0,0,428
12/23/2022,CVG,KY,ASO,CE,Combined TRACON& Tower with Radar,198,18,8,0,224,0,0,0,0,0,198,18,8,0,224,0,0,0,224
12/24/2022,CVG,KY,ASO,CE,Combined TRACON& Tower with Radar,164,10,4,0,178,0,0,0,0,0,164,10,4,0,178,0,0,0,178
12/25/2022,CVG,KY,ASO,CE,Combined TRACON& Tower with Radar,140,12,1,0,153,0,0,0,0,0,140,12,1,0,153,0,0,0,153
12/26/2022,CVG,KY,ASO,CE,Combined TRACON& Tower with Radar,220,17,5,0,242,0,0,0,0,0,220,17,5,0,242,0,0,0,242
12/27/2022,CVG,KY,ASO,CE,Combined TRACON& Tower with Radar,352,21,4,0,377,0,0,0,0,0,352,21,4,0,377,0,0,0,377
12/28/2022,CVG,KY,ASO,CE,Combined TRACON& Tower with Radar,392,26,8,0,426,0,0,11,0,11,392,26,19,0,437,0,0,0,437
12/29/2022,CVG,KY,ASO,CE,Combined TRACON& Tower with Radar,409,23,6,0,438,0,1,2,0,3,409,24,8,0,441,0,0,0,441
12/30/2022,CVG,KY,ASO,CE,Combined TRACON& Tower with Radar,393,17,2,0,412,0,1,3,0,4,393,18,5,0,416,0,0,0,416
12/31/2022,CVG,KY,ASO,CE,Combined TRACON& Tower with Radar,300,5,6,0,311,0,2,0,0,2,300,7,6,0,313,0,0,0,313
01/01/2023,CVG,KY,ASO,CE,Combined TRACON& Tower with Radar,172,24,3,0,199,0,0,0,0,0,172,24,3,0,199,0,0,0,199
01/02/2023,CVG,KY,ASO,CE,Combined TRACON& Tower with Radar,304,23,12,0,339,0,0,0,0,0,304,23,12,0,339,0,0,0,339
01/03/2023,CVG,KY,ASO,CE,Combined TRACON& Tower with Radar,356,21,9,1,387,0,0,0,0,0,356,21,9,1,387,0,0,0,387
01/04/2023,CVG,KY,ASO,CE,Combined TRACON& Tower with Radar,359,23,15,3,400,0,0,5,0,5,359,23,20,3,405,0,0,0,405
01/05/2023,CVG,KY,ASO,CE,Combined TRACON& Tower with Radar,388,20,15,0,423,0,0,5,0,5,388,20,20,0,428,0,0,0,428
01/06/2023,CVG,KY,ASO,CE,Combined TRACON& Tower with Radar,371,16,1,0,388,0,0,2,0,2,371,16,3,0,390,0,0,0,390
01/07/2023,CVG,KY,ASO,CE,Combined TRACON& Tower with Radar,346,19,9,0,374,0,2,3,0,5,346,21,12,0,379,0,0,0,379
01/08/2023,CVG,KY,ASO,CE,Combined TRACON& Tower with Radar,305,15,4,0,324,0,0,4,0,4,305,15,8,0,328,0,0,0,328
01/09/2023,CVG,KY,ASO,CE,Combined TRACON& Tower with Radar,368,19,8,0,395,0,1,4,0,5,368,20,12,0,400,0,0,0,400
01/10/2023,CVG,KY,ASO,CE,Combined TRACON& Tower with Radar,383,22,15,0,420,0,2,6,0,8,383,24,21,0,428,0,0,0,428
01/11/2023,CVG,KY,ASO,CE,Combined TRACON& Tower with Radar,379,17,10,0,406,0,0,0,0,0,379,17,10,0,406,0,0,0,406
01/12/2023,CVG,KY,ASO,CE,Combined TRACON& Tower with Radar,426,24,11,0,461,0,0,0,0,0,426,24,11,0,461,0,0,0,461
01/13/2023,CVG,KY,ASO,CE,Combined TRACON& Tower with Radar,419,17,5,0,441,0,0,0,0,0,419,17,5,0,441,0,0,0,441
01/14/2023,CVG,KY,ASO,CE,Combined TRACON& Tower with Radar,338,18,3,0,359,0,0,11,0,11,338,18,14,0,370,0,0,0,370
01/15/2023,CVG,KY,ASO,CE,Combined TRACON& Tower with Radar,313,18,4,0,335,0,1,10,0,11,313,19,14,0,346,0,0,0,346
01/16/2023,CVG,KY,ASO,CE,Combined TRACON& Tower with Radar,358,28,14,0,400,0,0,3,0,3,358,28,17,0,403,0,0,0,403
01/17/2023,CVG,KY,ASO,CE,Combined TRACON& Tower with Radar,388,22,7,0,417,0,0,3,0,3,388,22,10,0,420,0,0,0,420
01/18/2023,CVG,KY,ASO,CE,Combined TRACON& Tower with Radar,400,27,17,0,444,0,0,0,0,0,400,27,17,0,444,0,0,0,444
01/19/2023,CVG,KY,ASO,CE,Combined TRACON& Tower with Radar,431,13,10,0,454,0,0,0,0,0,431,13,10,0,454,0,0,0,454
01/20/2023,CVG,KY,ASO,CE,Combined TRACON& Tower with Radar,419,18,11,0,448,0,0,0,0,0,419,18,11,0,448,0,0,0,448
01/21/2023,CVG,KY,ASO,CE,Combined TRACON& Tower with Radar,341,15,1,0,357,0,0,3,0,3,341,15,4,0,360,0,0,0,360
01/22/2023,CVG,KY,ASO,CE,Combined TRACON& Tower with Radar,306,18,6,0,330,0,0,0,0,0,306,18,6,0,330,0,0,0,330
01/23/2023,CVG,KY,ASO,CE,Combined TRACON& Tower with Radar,341,16,3,0,360,0,0,0,0,0,341,16,3,0,360,0,0,0,360
01/24/2023,CVG,KY,ASO,CE,Combined TRACON& Tower with Radar,358,22,14,0,394,0,0,4,0,4,358,22,18,0,398,0,0,0,398
01/25/2023,CVG,KY,ASO,CE,Combined TRACON& Tower with Radar,362,27,4,0,393,0,0,0,0,0,362,27,4,0,393,0,0,0,393
01/26/2023,CVG,KY,ASO,CE,Combined TRACON& Tower with Radar,411,27,6,0,444,0,0,2,0,2,411,27,8,0,446,0,0,0,446
01/27/2023,CVG,KY,ASO,CE,Combined TRACON& Tower with Radar,394,18,10,0,422,0,0,2,0,2,394,18,12,0,424,0,0,0,424
01/28/2023,CVG,KY,ASO,CE,Combined TRACON& Tower with Radar,329,20,6,0,355,0,0,7,0,7,329,20,13,0,362,0,0,0,362
01/29/2023,CVG,KY,ASO,CE,Combined TRACON& Tower with Radar,326,18,8,0,352,0,0,0,0,0,326,18,8,0,352,0,0,0,352
01/30/2023,CVG,KY,ASO,CE,Combined TRACON& Tower with Radar,364,23,13,0,400,0,0,0,0,0,364,23,13,0,400,0,0,0,400
01/31/2023,CVG,KY,ASO,CE,Combined TRACON& Tower with Radar,375,26,16,0,417,0,0,2,0,2,375,26,18,0,419,0,0,0,419
02/01/2023,CVG,KY,ASO,CE,Combined TRACON& Tower with Radar,375,27,14,0,416,0,4,7,0,11,375,31,21,0,427,0,0,0,427
02/02/2023,CVG,KY,ASO,CE,Combined TRACON& Tower with Radar,419,31,11,0,461,0,1,18,0,19,419,32,29,0,480,0,0,0,480
02/03/2023,CVG,KY,ASO,CE,Combined TRACON& Tower with Radar,410,27,10,0,447,0,2,4,0,6,410,29,14,0,453,0,0,0,453
02/04/2023,CVG,KY,ASO,CE,Combined TRACON& Tower with Radar,345,21,8,0,374,0,0,3,0,3,345,21,11,0,377,0,0,0,377
02/05/2023,CVG,KY,ASO,CE,Combined TRACON& Tower with Radar,328,20,6,0,354,0,0,9,0,9,328,20,15,0,363,0,0,0,363
02/06/2023,CVG,KY,ASO,CE,Combined TRACON& Tower with Radar,375,29,16,0,420,0,2,5,0,7,375,31,21,0,427,0,0,0,427
02/07/2023,CVG,KY,ASO,CE,Combined TRACON& Tower with Radar,398,27,12,0,437,0,0,0,0,0,398,27,12,0,437,0,0,0,437
02/08/2023,CVG,KY,ASO,CE,Combined TRACON& Tower with Radar,402,19,6,0,427,0,0,10,0,10,402,19,16,0,437,0,0,0,437
02/09/2023,CVG,KY,ASO,CE,Combined TRACON& Tower with Radar,438,30,8,0,476,0,0,1,0,1,438,30,9,0,477,0,0,0,477
02/10/2023,CVG,KY,ASO,CE,Combined TRACON& Tower with Radar,401,24,1,0,426,0,0,8,0,8,401,24,9,0,434,8,0,8,442
02/11/2023,CVG,KY,ASO,CE,Combined TRACON& Tower with Radar,351,19,15,0,385,0,0,5,0,5,351,19,20,0,390,0,0,0,390
02/12/2023,CVG,KY,ASO,CE,Combined TRACON& Tower with Radar,306,30,1,0,337,0,0,4,0,4,306,30,5,0,341,0,0,0,341
02/13/2023,CVG,KY,ASO,CE,Combined TRACON& Tower with Radar,359,32,7,0,398,0,1,14,0,15,359,33,21,0,413,0,0,0,413
02/14/2023,CVG,KY,ASO,CE,Combined TRACON& Tower with Radar,387,29,8,0,424,0,2,5,0,7,387,31,13,0,431,0,0,0,431
02/15/2023,CVG,KY,ASO,CE,Combined TRACON& Tower with Radar,398,29,14,0,441,0,0,6,0,6,398,29,20,0,447,0,0,0,447
02/16/2023,CVG,KY,ASO,CE,Combined TRACON& Tower with Radar,437,33,5,0,475,0,0,2,0,2,437,33,7,0,477,0,0,0,477
02/17/2023,CVG,KY,ASO,CE,Combined TRACON& Tower with Radar,412,33,15,2,462,0,0,1,0,1,412,33,16,2,463,8,0,8,471
02/18/2023,CVG,KY,ASO,CE,Combined TRACON& Tower with Radar,364,23,5,0,392,0,0,17,0,17,364,23,22,0,409,0,0,0,409
02/19/2023,CVG,KY,ASO,CE,Combined TRACON& Tower with Radar,331,23,4,0,358,0,0,5,0,5,331,23,9,0,363,0,0,0,363
02/20/2023,CVG,KY,ASO,CE,Combined TRACON& Tower with Radar,378,31,8,0,417,0,0,5,0,5,378,31,13,0,422,0,0,0,422
02/21/2023,CVG,KY,ASO,CE,Combined TRACON& Tower with Radar,401,32,8,0,441,0,2,4,0,6,401,34,12,0,447,0,0,0,447
02/22/2023,CVG,KY,ASO,CE,Combined TRACON& Tower with Radar,391,30,5,0,426,0,0,0,0,0,391,30,5,0,426,0,0,0,426
02/23/2023,CVG,KY,ASO,CE,Combined TRACON& Tower with Radar,418,23,4,0,445,0,2,0,0,2,418,25,4,0,447,0,0,0,447
02/24/2023,CVG,KY,ASO,CE,Combined TRACON& Tower with Radar,415,36,16,0,467,0,1,12,0,13,415,37,28,0,480,0,0,0,480
02/25/2023,CVG,KY,ASO,CE,Combined TRACON& Tower with Radar,374,20,5,0,399,0,0,9,0,9,374,20,14,0,408,0,0,0,408
02/26/2023,CVG,KY,ASO,CE,Combined TRACON& Tower with Radar,339,30,13,0,382,0,0,3,0,3,339,30,16,0,385,0,0,0,385
02/27/2023,CVG,KY,ASO,CE,Combined TRACON& Tower with Radar,393,28,4,0,425,0,0,0,0,0,393,28,4,0,425,0,0,0,425
02/28/2023,CVG,KY,ASO,CE,Combined TRACON& Tower with Radar,398,31,11,4,444,0,0,3,0,3,398,31,14,4,447,0,0,0,447
03/01/2023,CVG,KY,ASO,CE,Combined TRACON& Tower with Radar,412,26,12,0,450,0,0,10,0,10,412,26,22,0,460,0,0,0,460
03/02/2023,CVG,KY,ASO,CE,Combined TRACON& Tower with Radar,437,26,11,0,474,0,2,20,0,22,437,28,31,0,496,0,0,0,496
03/03/2023,CVG,KY,ASO,CE,Combined TRACON& Tower with Radar,422,26,8,0,456,0,0,0,0,0,422,26,8,0,456,0,0,0,456
03/04/2023,CVG,KY,ASO,CE,Combined TRACON& Tower with Radar,375,21,5,0,401,0,0,7,0,7,375,21,12,0,408,0,0,0,408
03/05/2023,CVG,KY,ASO,CE,Combined TRACON& Tower with Radar,347,24,14,0,385,0,1,3,0,4,347,25,17,0,389,0,0,0,389
03/06/2023,CVG,KY,ASO,CE,Combined TRACON& Tower with Radar,404,40,12,0,456,0,0,9,0,9,404,40,21,0,465,0,0,0,465
03/07/2023,CVG,KY,ASO,CE,Combined TRACON& Tower with Radar,416,29,6,0,451,0,0,7,0,7,416,29,13,0,458,0,0,0,458
03/08/2023,CVG,KY,ASO,CE,Combined TRACON& Tower with Radar,412,22,20,0,454,0,0,7,0,7,412,22,27,0,461,0,0,0,461
03/09/2023,CVG,KY,ASO,CE,Combined TRACON& Tower with Radar,449,28,12,4,493,0,2,12,0,14,449,30,24,4,507,0,0,0,507
03/10/2023,CVG,KY,ASO,CE,Combined TRACON& Tower with Radar,435,20,4,0,459,0,0,0,0,0,435,20,4,0,459,0,0,0,459
03/11/2023,CVG,KY,ASO,CE,Combined TRACON& Tower with Radar,391,20,7,0,418,0,2,9,0,11,391,22,16,0,429,0,0,0,429
03/12/2023,CVG,KY,ASO,CE,Combined TRACON& Tower with Radar,343,23,4,0,370,0,0,0,0,0,343,23,4,0,370,0,0,0,370
03/13/2023,CVG,KY,ASO,CE,Combined TRACON& Tower with Radar,405,22,5,0,432,0,0,0,0,0,405,22,5,0,432,0,0,0,432
03/14/2023,CVG,KY,ASO,CE,Combined TRACON& Tower with Radar,404,27,3,0,434,0,16,5,0,21,404,43,8,0,455,0,0,0,455
03/15/2023,CVG,KY,ASO,CE,Combined TRACON& Tower with Radar,432,29,11,0,472,0,17,14,2,33,432,46,25,2,505,0,0,0,505
03/16/2023,CVG,KY,ASO,CE,Combined TRACON& Tower with Radar,447,27,10,0,484,0,2,2,0,4,447,29,12,0,488,0,0,0,488
03/17/2023,CVG,KY,ASO,CE,Combined TRACON& Tower with Radar,438,25,8,0,471,0,0,2,0,2,438,25,10,0,473,0,0,0,473
03/18/2023,CVG,KY,ASO,CE,Combined TRACON& Tower with Radar,396,17,6,0,419,0,1,1,0,2,396,18,7,0,421,0,0,0,421
03/19/2023,CVG,KY,ASO,CE,Combined TRACON& Tower with Radar,368,26,3,0,397,0,0,2,0,2,368,26,5,0,399,0,0,0,399
03/20/2023,CVG,KY,ASO,CE,Combined TRACON& Tower with Radar,396,28,13,0,437,0,2,5,0,7,396,30,18,0,444,22,0,22,466
03/21/2023,CVG,KY,ASO,CE,Combined TRACON& Tower with Radar,425,32,17,0,474,0,0,7,0,7,425,32,24,0,481,0,0,0,481
03/22/2023,CVG,KY,ASO,CE,Combined TRACON& Tower with Radar,427,24,6,0,457,0,0,0,0,0,427,24,6,0,457,0,0,0,457
03/23/2023,CVG,KY,ASO,CE,Combined TRACON& Tower with Radar,459,22,6,0,487,0,0,0,0,0,459,22,6,0,487,0,0,0,487
03/24/2023,CVG,KY,ASO,CE,Combined TRACON& Tower with Radar,446,27,5,0,478,0,0,0,0,0,446,27,5,0,478,0,0,0,478
03/25/2023,CVG,KY,ASO,CE,Combined TRACON& Tower with Radar,402,22,8,0,432,0,0,0,0,0,402,22,8,0,432,0,0,0,432
03/26/2023,CVG,KY,ASO,CE,Combined TRACON& Tower with Radar,356,15,14,0,385,0,0,10,0,10,356,15,24,0,395,0,0,0,395
03/27/2023,CVG,KY,ASO,CE,Combined TRACON& Tower with Radar,404,26,8,0,438,0,2,4,0,6,404,28,12,0,444,0,0,0,444
03/28/2023,CVG,KY,ASO,CE,Combined TRACON& Tower with Radar,449,22,14,0,485,0,2,14,0,16,449,24,28,0,501,10,0,10,511
03/29/2023,CVG,KY,ASO,CE,Combined TRACON& Tower with Radar,433,30,14,0,477,0,0,14,0,14,433,30,28,0,491,0,0,0,491
03/30/2023,CVG,KY,ASO,CE,Combined TRACON& Tower with Radar,469,24,11,0,504,0,4,9,0,13,469,28,20,0,517,0,0,0,517
03/31/2023,CVG,KY,ASO,CE,Combined TRACON& Tower with Radar,443,21,11,0,475,0,0,0,0,0,443,21,11,0,475,0,0,0,475
04/01/2023,CVG,KY,ASO,CE,Combined TRACON& Tower with Radar,395,12,1,0,408,0,2,2,0,4,395,14,3,0,412,0,0,0,412
04/02/2023,CVG,KY,ASO,CE,Combined TRACON& Tower with Radar,364,20,4,0,388,0,2,11,0,13,364,22,15,0,401,0,0,0,401
04/03/2023,CVG,KY,ASO,CE,Combined TRACON& Tower with Radar,394,24,5,0,423,0,0,2,0,2,394,24,7,0,425,0,0,0,425
04/04/2023,CVG,KY,ASO,CE,Combined TRACON& Tower with Radar,444,11,7,0,462,0,2,4,0,6,444,13,11,0,468,0,0,0,468
04/05/2023,CVG,KY,ASO,CE,Combined TRACON& Tower with Radar,447,10,9,0,466,0,0,0,0,0,447,10,9,0,466,0,0,0,466
04/06/2023,CVG,KY,ASO,CE,Combined TRACON& Tower with Radar,487,12,7,0,506,0,0,14,0,14,487,12,21,0,520,0,0,0,520
04/07/2023,CVG,KY,ASO,CE,Combined TRACON& Tower with Radar,471,15,16,1,503,0,4,8,0,12,471,19,24,1,515,0,0,0,515
04/08/2023,CVG,KY,ASO,CE,Combined TRACON& Tower with Radar,398,12,2,0,412,0,0,4,0,4,398,12,6,0,416,0,0,0,416
04/09/2023,CVG,KY,ASO,CE,Combined TRACON& Tower with Radar,367,7,6,1,381,0,0,2,0,2,367,7,8,1,383,0,0,0,383
04/10/2023,CVG,KY,ASO,CE,Combined TRACON& Tower with Radar,413,17,10,0,440,0,0,6,0,6,413,17,16,0,446,0,0,0,446
04/11/2023,CVG,KY,ASO,CE,Combined TRACON& Tower with Radar,440,20,15,0,475,0,2,12,0,14,440,22,27,0,489,0,0,0,489
04/12/2023,CVG,KY,ASO,CE,Combined TRACON& Tower with Radar,455,17,10,0,482,0,0,10,1,11,455,17,20,1,493,0,0,0,493
04/13/2023,CVG,KY,ASO,CE,Combined TRACON& Tower with Radar,455,17,8,0,480,0,0,4,0,4,455,17,12,0,484,0,0,0,484
04/14/2023,CVG,KY,ASO,CE,Combined TRACON& Tower with Radar,454,11,8,0,473,0,0,0,0,0,454,11,8,0,473,0,0,0,473
04/15/2023,CVG,KY,ASO,CE,Combined TRACON& Tower with Radar,396,7,3,0,406,0,2,2,0,4,396,9,5,0,410,0,0,0,410
04/16/2023,CVG,KY,ASO,CE,Combined TRACON& Tower with Radar,363,8,12,0,383,0,0,0,0,0,363,8,12,0,383,0,0,0,383
04/17/2023,CVG,KY,ASO,CE,Combined TRACON& Tower with Radar,415,17,12,0,444,0,0,0,0,0,415,17,12,0,444,0,0,0,444
04/18/2023,CVG,KY,ASO,CE,Combined TRACON& Tower with Radar,437,16,13,17,483,0,0,17,0,17,437,16,30,17,500,0,0,0,500
04/19/2023,CVG,KY,ASO,CE,Combined TRACON& Tower with Radar,443,13,13,0,469,0,0,7,0,7,443,13,20,0,476,0,0,0,476
04/20/2023,CVG,KY,ASO,CE,Combined TRACON& Tower with Radar,468,12,13,0,493,0,0,8,0,8,468,12,21,0,501,16,0,16,517
04/21/2023,CVG,KY,ASO,CE,Combined TRACON& Tower with Radar,464,13,19,0,496,0,2,0,0,2,464,15,19,0,498,0,0,0,498
04/22/2023,CVG,KY,ASO,CE,Combined TRACON& Tower with Radar,381,7,8,0,396,0,0,3,0,3,381,7,11,0,399,0,0,0,399
04/23/2023,CVG,KY,ASO,CE,Combined TRACON& Tower with Radar,372,8,6,0,386,0,0,2,0,2,372,8,8,0,388,0,0,0,388
04/24/2023,CVG,KY,ASO,CE,Combined TRACON& Tower with Radar,416,23,12,0,451,0,0,9,0,9,416,23,21,0,460,0,0,0,460
04/25/2023,CVG,KY,ASO,CE,Combined TRACON& Tower with Radar,427,12,19,0,458,0,2,10,0,12,427,14,29,0,470,0,0,0,470
04/26/2023,CVG,KY,ASO,CE,Combined TRACON& Tower with Radar,442,13,13,0,468,0,0,10,0,10,442,13,23,0,478,0,0,0,478
04/27/2023,CVG,KY,ASO,CE,Combined TRACON& Tower with Radar,462,14,11,0,487,0,0,14,0,14,462,14,25,0,501,0,0,0,501
04/28/2023,CVG,KY,ASO,CE,Combined TRACON& Tower with Radar,462,13,10,0,485,0,0,0,0,0,462,13,10,0,485,0,0,0,485
04/29/2023,CVG,KY,ASO,CE,Combined TRACON& Tower with Radar,374,13,2,0,389,0,1,2,0,3,374,14,4,0,392,0,0,0,392
04/30/2023,CVG,KY,ASO,CE,Combined TRACON& Tower with Radar,365,10,4,0,379,0,0,0,0,0,365,10,4,0,379,0,0,0,379
05/01/2023,CVG,KY,ASO,CE,Combined TRACON& Tower with Radar,404,26,5,0,435,0,0,1,0,1,404,26,6,0,436,0,0,0,436
05/02/2023,CVG,KY,ASO,CE,Combined TRACON& Tower with Radar,424,12,14,2,452,0,0,4,0,4,424,12,18,2,456,0,0,0,456
05/03/2023,CVG,KY,ASO,CE,Combined TRACON& Tower with Radar,425,15,15,0,455,0,1,4,0,5,425,16,19,0,460,0,0,0,460
05/04/2023,CVG,KY,ASO,CE,Combined TRACON& Tower with Radar,463,16,12,0,491,0,0,12,0,12,463,16,24,0,503,0,0,0,503
05/05/2023,CVG,KY,ASO,CE,Combined TRACON& Tower with Radar,456,12,13,0,481,0,0,6,0,6,456,12,19,0,487,0,0,0,487
05/06/2023,CVG,KY,ASO,CE,Combined TRACON& Tower with Radar,376,15,9,0,400,0,1,7,0,8,376,16,16,0,408,0,0,0,408
05/07/2023,CVG,KY,ASO,CE,Combined TRACON& Tower with Radar,368,9,13,0,390,0,0,2,0,2,368,9,15,0,392,0,0,0,392
05/08/2023,CVG,KY,ASO,CE,Combined TRACON& Tower with Radar,410,17,1,0,428,0,0,3,0,3,410,17,4,0,431,0,0,0,431
05/09/2023,CVG,KY,ASO,CE,Combined TRACON& Tower with Radar,435,18,9,0,462,0,0,1,0,1,435,18,10,0,463,0,0,0,463
05/10/2023,CVG,KY,ASO,CE,Combined TRACON& Tower with Radar,441,12,8,0,461,0,0,14,0,14,441,12,22,0,475,4,0,4,479
05/11/2023,CVG,KY,ASO,CE,Combined TRACON& Tower with Radar,470,28,6,0,504,0,2,2,0,4,470,30,8,0,508,0,0,0,508
05/12/2023,CVG,KY,ASO,CE,Combined TRACON& Tower with Radar,461,23,9,0,493,0,0,4,0,4,461,23,13,0,497,0,0,0,497
05/13/2023,CVG,KY,ASO,CE,Combined TRACON& Tower with Radar,379,16,6,0,401,0,0,1,0,1,379,16,7,0,402,0,0,0,402
05/14/2023,CVG,KY,ASO,CE,Combined TRACON& Tower with Radar,372,9,4,0,385,0,0,0,0,0,372,9,4,0,385,0,0,0,385
05/15/2023,CVG,KY,ASO,CE,Combined TRACON& Tower with Radar,408,19,6,0,433,0,0,2,0,2,408,19,8,0,435,0,0,0,435
05/16/2023,CVG,KY,ASO,CE,Combined TRACON& Tower with Radar,427,14,6,0,447,0,1,0,0,1,427,15,6,0,448,0,0,0,448
05/17/2023,CVG,KY,ASO,CE,Combined TRACON& Tower with Radar,450,18,6,0,474,0,0,7,0,7,450,18,13,0,481,0,0,0,481
05/18/2023,CVG,KY,ASO,CE,Combined TRACON& Tower with Radar,476,23,6,0,505,0,0,8,0,8,476,23,14,0,513,0,0,0,513
05/19/2023,CVG,KY,ASO,CE,Combined TRACON& Tower with Radar,450,17,9,0,476,0,0,4,0,4,450,17,13,0,480,0,0,0,480
05/20/2023,CVG,KY,ASO,CE,Combined TRACON& Tower with Radar,369,21,5,0,395,0,0,3,0,3,369,21,8,0,398,0,0,0,398
05/21/2023,CVG,KY,ASO,CE,Combined TRACON& Tower with Radar,386,9,1,0,396,0,1,3,0,4,386,10,4,0,400,0,0,0,400
05/22/2023,CVG,KY,ASO,CE,Combined TRACON& Tower with Radar,409,12,11,0,432,0,2,9,0,11,409,14,20,0,443,0,0,0,443
05/23/2023,CVG,KY,ASO,CE,Combined TRACON& Tower with Radar,442,14,15,0,471,0,6,7,0,13,442,20,22,0,484,0,0,0,484
05/24/2023,CVG,KY,ASO,CE,Combined TRACON& Tower with Radar,439,13,21,2,475,0,3,7,0,10,439,16,28,2,485,0,0,0,485
05/25/2023,CVG,KY,ASO,CE,Combined TRACON& Tower with Radar,490,21,12,0,523,0,4,17,0,21,490,25,29,0,544,6,0,6,550
05/26/2023,CVG,KY,ASO,CE,Combined TRACON& Tower with Radar,475,18,15,0,508,0,0,6,0,6,475,18,21,0,514,0,0,0,514
05/27/2023,CVG,KY,ASO,CE,Combined TRACON& Tower with Radar,383,12,7,0,402,0,0,1,0,1,383,12,8,0,403,4,0,4,407
05/28/2023,CVG,KY,ASO,CE,Combined TRACON& Tower with Radar,348,14,6,0,368,0,2,3,0,5,348,16,9,0,373,0,0,0,373
05/29/2023,CVG,KY,ASO,CE,Combined TRACON& Tower with Radar,432,10,8,0,450,0,2,4,0,6,432,12,12,0,456,0,0,0,456
05/30/2023,CVG,KY,ASO,CE,Combined TRACON& Tower with Radar,414,18,2,0,434,0,6,9,0,15,414,24,11,0,449,0,0,0,449
05/31/2023,CVG,KY,ASO,CE,Combined TRACON& Tower with Radar,454,12,18,0,484,0,4,6,0,10,454,16,24,0,494,0,0,0,494
06/01/2023,CVG,KY,ASO,CE,Combined TRACON& Tower with Radar,483,15,15,0,513,0,0,5,0,5,483,15,20,0,518,0,0,0,518
06/02/2023,CVG,KY,ASO,CE,Combined TRACON& Tower with Radar,460,18,11,0,489,0,2,6,0,8,460,20,17,0,497,0,0,0,497
06/03/2023,CVG,KY,ASO,CE,Combined TRACON& Tower with Radar,403,19,12,1,435,0,2,2,0,4,403,21,14,1,439,0,0,0,439
06/04/2023,CVG,KY,ASO,CE,Combined TRACON& Tower with Radar,389,12,6,0,407,0,2,8,0,10,389,14,14,0,417,0,0,0,417
06/05/2023,CVG,KY,ASO,CE,Combined TRACON& Tower with Radar,422,22,7,0,451,0,0,11,0,11,422,22,18,0,462,0,0,0,462
06/06/2023,CVG,KY,ASO,CE,Combined TRACON& Tower with Radar,459,24,14,1,498,0,0,6,0,6,459,24,20,1,504,0,0,0,504
06/07/2023,CVG,KY,ASO,CE,Combined TRACON& Tower with Radar,460,23,17,0,500,0,0,3,0,3,460,23,20,0,503,0,0,0,503
06/08/2023,CVG,KY,ASO,CE,Combined TRACON& Tower with Radar,490,15,19,0,524,0,0,2,0,2,490,15,21,0,526,0,0,0,526
06/09/2023,CVG,KY,ASO,CE,Combined TRACON& Tower with Radar,492,11,12,0,515,0,2,7,0,9,492,13,19,0,524,0,0,0,524
06/10/2023,CVG,KY,ASO,CE,Combined TRACON& Tower with Radar,412,18,6,0,436,0,0,11,0,11,412,18,17,0,447,0,0,0,447
06/11/2023,CVG,KY,ASO,CE,Combined TRACON& Tower with Radar,380,8,2,0,390,0,0,0,0,0,380,8,2,0,390,0,0,0,390
06/12/2023,CVG,KY,ASO,CE,Combined TRACON& Tower with Radar,414,17,13,0,444,0,0,0,0,0,414,17,13,0,444,0,0,0,444
06/13/2023,CVG,KY,ASO,CE,Combined TRACON& Tower with Radar,474,22,12,0,508,0,0,0,2,2,474,22,12,2,510,0,0,0,510
06/14/2023,CVG,KY,ASO,CE,Combined TRACON& Tower with Radar,450,20,21,0,491,0,0,5,0,5,450,20,26,0,496,0,0,0,496
06/15/2023,CVG,KY,ASO,CE,Combined TRACON& Tower with Radar,493,15,8,0,516,0,0,5,0,5,493,15,13,0,521,0,0,0,521
06/16/2023,CVG,KY,ASO,CE,Combined TRACON& Tower with Radar,471,18,13,0,502,0,0,2,0,2,471,18,15,0,504,0,0,0,504
06/17/2023,CVG,KY,ASO,CE,Combined TRACON& Tower with Radar,411,23,7,0,441,0,3,3,0,6,411,26,10,0,447,0,0,0,447
06/18/2023,CVG,KY,ASO,CE,Combined TRACON& Tower with Radar,392,11,6,0,409,0,0,6,0,6,392,11,12,0,415,0,0,0,415
06/19/2023,CVG,KY,ASO,CE,Combined TRACON& Tower with Radar,410,21,2,0,433,0,0,0,0,0,410,21,2,0,433,0,0,0,433
06/20/2023,CVG,KY,ASO,CE,Combined TRACON& Tower with Radar,459,26,20,0,505,0,0,2,0,2,459,26,22,0,507,6,0,6,513
06/21/2023,CVG,KY,ASO,CE,Combined TRACON& Tower with Radar,454,33,11,0,498,0,2,9,2,13,454,35,20,2,511,0,0,0,511
06/22/2023,CVG,KY,ASO,CE,Combined TRACON& Tower with Radar,481,18,24,0,523,0,0,6,0,6,481,18,30,0,529,0,0,0,529
06/23/2023,CVG,KY,ASO,CE,Combined TRACON& Tower with Radar,487,20,14,0,521,0,0,3,0,3,487,20,17,0,524,0,0,0,524
06/24/2023,CVG,KY,ASO,CE,Combined TRACON& Tower with Radar,408,20,4,0,432,0,0,2,0,2,408,20,6,0,434,0,0,0,434
06/25/2023,CVG,KY,ASO,CE,Combined TRACON& Tower with Radar,373,15,13,0,401,0,0,0,0,0,373,15,13,0,401,0,0,0,401
06/26/2023,CVG,KY,ASO,CE,Combined TRACON& Tower with Radar,385,20,10,0,415,0,0,4,0,4,385,20,14,0,419,0,0,0,419
06/27/2023,CVG,KY,ASO,CE,Combined TRACON& Tower with Radar,432,17,21,0,470,0,2,0,0,2,432,19,21,0,472,0,0,0,472
06/28/2023,CVG,KY,ASO,CE,Combined TRACON& Tower with Radar,457,27,16,0,500,0,0,0,0,0,457,27,16,0,500,0,0,0,500
06/29/2023,CVG,KY,ASO,CE,Combined TRACON& Tower with Radar,474,20,9,0,503,0,0,0,0,0,474,20,9,0,503,0,0,0,503
06/30/2023,CVG,KY,ASO,CE,Combined TRACON& Tower with Radar,480,30,14,0,524,0,2,8,0,10,480,32,22,0,534,10,0,10,544
07/01/2023,CVG,KY,ASO,CE,Combined TRACON& Tower with Radar,399,27,13,0,439,0,0,0,0,0,399,27,13,0,439,0,0,0,439
07/02/2023,CVG,KY,ASO,CE,Combined TRACON& Tower with Radar,393,10,7,0,410,0,0,0,0,0,393,10,7,0,410,0,0,0,410
07/03/2023,CVG,KY,ASO,CE,Combined TRACON& Tower with Radar,372,11,5,0,388,0,4,0,0,4,372,15,5,0,392,0,0,0,392
07/04/2023,CVG,KY,ASO,CE,Combined TRACON& Tower with Radar,341,18,5,0,364,0,1,7,0,8,341,19,12,0,372,0,0,0,372
07/05/2023,CVG,KY,ASO,CE,Combined TRACON& Tower with Radar,344,23,9,0,376,0,1,4,0,5,344,24,13,0,381,0,0,0,381
07/06/2023,CVG,KY,ASO,CE,Combined TRACON& Tower with Radar,480,19,9,0,508,0,0,12,0,12,480,19,21,0,520,0,0,0,520
07/07/2023,CVG,KY,ASO,CE,Combined TRACON& Tower with Radar,467,11,11,0,489,0,3,8,0,11,467,14,19,0,500,0,0,0,500
07/08/2023,CVG,KY,ASO,CE,Combined TRACON& Tower with Radar,414,14,6,0,434,0,0,0,0,0,414,14,6,0,434,0,0,0,434
07/09/2023,CVG,KY,ASO,CE,Combined TRACON& Tower with Radar,372,10,11,0,393,0,2,2,0,4,372,12,13,0,397,0,0,0,397
07/10/2023,CVG,KY,ASO,CE,Combined TRACON& Tower with Radar,426,26,16,2,470,0,0,8,0,8,426,26,24,2,478,0,0,0,478
07/11/2023,CVG,KY,ASO,CE,Combined TRACON& Tower with Radar,459,16,16,0,491,2,0,10,0,12,461,16,26,0,503,0,0,0,503
07/12/2023,CVG,KY,ASO,CE,Combined TRACON& Tower with Radar,475,19,8,0,502,0,0,4,0,4,475,19,12,0,506,0,0,0,506
07/13/2023,CVG,KY,ASO,CE,Combined TRACON& Tower with Radar,490,25,8,0,523,0,0,1,0,1,490,25,9,0,524,0,0,0,524
07/14/2023,CVG,KY,ASO,CE,Combined TRACON& Tower with Radar,479,15,6,0,500,0,0,2,0,2,479,15,8,0,502,0,0,0,502
07/15/2023,CVG,KY,ASO,CE,Combined TRACON& Tower with Radar,420,16,3,0,439,0,0,0,0,0,420,16,3,0,439,0,0,0,439
07/16/2023,CVG,KY,ASO,CE,Combined TRACON& Tower with Radar,376,14,6,0,396,0,4,3,0,7,376,18,9,0,403,0,0,0,403
07/17/2023,CVG,KY,ASO,CE,Combined TRACON& Tower with Radar,417,19,23,2,461,0,1,4,0,5,417,20,27,2,466,0,0,0,466
07/18/2023,CVG,KY,ASO,CE,Combined TRACON& Tower with Radar,468,26,18,0,512,0,2,21,0,23,468,28,39,0,535,72,0,72,607
07/19/2023,CVG,KY,ASO,CE,Combined TRACON& Tower with Radar,458,25,23,0,506,0,0,0,0,0,458,25,23,0,506,0,0,0,506
07/20/2023,CVG,KY,ASO,CE,Combined TRACON& Tower with Radar,511,14,2,0,527,0,0,3,0,3,511,14,5,0,530,0,0,0,530
07/21/2023,CVG,KY,ASO,CE,Combined TRACON& Tower with Radar,468,14,9,0,491,0,2,7,2,11,468,16,16,2,502,0,0,0,502
07/22/2023,CVG,KY,ASO,CE,Combined TRACON& Tower with Radar,441,17,6,0,464,0,0,6,0,6,441,17,12,0,470,0,0,0,470
07/23/2023,CVG,KY,ASO,CE,Combined TRACON& Tower with Radar,404,13,3,0,420,0,2,4,0,6,404,15,7,0,426,0,0,0,426
07/24/2023,CVG,KY,ASO,CE,Combined TRACON& Tower with Radar,438,16,11,0,465,0,0,6,0,6,438,16,17,0,471,0,0,0,471
07/25/2023,CVG,KY,ASO,CE,Combined TRACON& Tower with Radar,456,14,9,0,479,0,2,2,0,4,456,16,11,0,483,0,0,0,483
07/26/2023,CVG,KY,ASO,CE,Combined TRACON& Tower with Radar,474,20,10,0,504,0,3,3,0,6,474,23,13,0,510,0,0,0,510
07/27/2023,CVG,KY,ASO,CE,Combined TRACON& Tower with Radar,454,21,12,0,487,0,0,4,0,4,454,21,16,0,491,0,0,0,491
07/28/2023,CVG,KY,ASO,CE,Combined TRACON& Tower with Radar,482,26,9,0,517,0,2,3,0,5,482,28,12,0,522,0,0,0,522
07/29/2023,CVG,KY,ASO,CE,Combined TRACON& Tower with Radar,437,9,6,0,452,0,0,9,0,9,437,9,15,0,461,0,0,0,461
07/30/2023,CVG,KY,ASO,CE,Combined TRACON& Tower with Radar,401,10,1,0,412,0,4,4,0,8,401,14,5,0,420,0,0,0,420
07/31/2023,CVG,KY,ASO,CE,Combined TRACON& Tower with Radar,423,21,10,2,456,0,0,5,0,5,423,21,15,2,461,16,0,16,477
08/01/2023,CVG,KY,ASO,CE,Combined TRACON& Tower with Radar,461,19,15,0,495,0,0,8,0,8,461,19,23,0,503,0,0,0,503
08/02/2023,CVG,KY,ASO,CE,Combined TRACON& Tower with Radar,456,17,2,0,475,0,1,10,0,11,456,18,12,0,486,0,0,0,486
08/03/2023,CVG,KY,ASO,CE,Combined TRACON& Tower with Radar,481,15,16,0,512,0,0,6,0,6,481,15,22,0,518,0,0,0,518
08/04/2023,CVG,KY,ASO,CE,Combined TRACON& Tower with Radar,483,17,11,0,511,0,0,5,0,5,483,17,16,0,516,0,0,0,516
08/05/2023,CVG,KY,ASO,CE,Combined TRACON& Tower with Radar,417,18,5,0,440,0,0,1,0,1,417,18,6,0,441,0,0,0,441
08/06/2023,CVG,KY,ASO,CE,Combined TRACON& Tower with Radar,385,7,6,0,398,0,2,4,0,6,385,9,10,0,404,0,0,0,404
08/07/2023,CVG,KY,ASO,CE,Combined TRACON& Tower with Radar,402,13,10,0,425,0,0,0,0,0,402,13,10,0,425,0,0,0,425
08/08/2023,CVG,KY,ASO,CE,Combined TRACON& Tower with Radar,466,16,17,0,499,0,4,5,0,9,466,20,22,0,508,0,0,0,508
08/09/2023,CVG,KY,ASO,CE,Combined TRACON& Tower with Radar,448,25,12,0,485,0,1,5,0,6,448,26,17,0,491,0,0,0,491
08/10/2023,CVG,KY,ASO,CE,Combined TRACON& Tower with Radar,488,14,6,4,512,0,2,0,0,2,488,16,6,4,514,0,0,0,514
08/11/2023,CVG,KY,ASO,CE,Combined TRACON& Tower with Radar,480,17,8,0,505,0,0,4,0,4,480,17,12,0,509,0,0,0,509
08/12/2023,CVG,KY,ASO,CE,Combined TRACON& Tower with Radar,401,12,10,0,423,0,0,0,0,0,401,12,10,0,423,0,0,0,423
08/13/2023,CVG,KY,ASO,CE,Combined TRACON& Tower with Radar,390,17,6,0,413,0,0,4,4,8,390,17,10,4,421,0,0,0,421
08/14/2023,CVG,KY,ASO,CE,Combined TRACON& Tower with Radar,419,22,6,0,447,0,0,0,0,0,419,22,6,0,447,0,0,0,447
08/15/2023,CVG,KY,ASO,CE,Combined TRACON& Tower with Radar,457,16,13,0,486,0,0,0,0,0,457,16,13,0,486,0,0,0,486
08/16/2023,CVG,KY,ASO,CE,Combined TRACON& Tower with Radar,442,19,19,0,480,0,0,10,0,10,442,19,29,0,490,0,0,0,490
08/17/2023,CVG,KY,ASO,CE,Combined TRACON& Tower with Radar,475,12,8,0,495,0,0,5,0,5,475,12,13,0,500,0,0,0,500
08/18/2023,CVG,KY,ASO,CE,Combined TRACON& Tower with Radar,462,17,6,0,485,0,2,8,0,10,462,19,14,0,495,0,0,0,495
08/19/2023,CVG,KY,ASO,CE,Combined TRACON& Tower with Radar,388,12,7,0,407,0,0,10,0,10,388,12,17,0,417,0,0,0,417
08/20/2023,CVG,KY,ASO,CE,Combined TRACON& Tower with Radar,376,13,4,0,393,0,2,5,0,7,376,15,9,0,400,0,0,0,400
08/21/2023,CVG,KY,ASO,CE,Combined TRACON& Tower with Radar,403,19,6,0,428,0,0,0,0,0,403,19,6,0,428,0,0,0,428
08/22/2023,CVG,KY,ASO,CE,Combined TRACON& Tower with Radar,434,21,16,0,471,0,5,9,0,14,434,26,25,0,485,0,0,0,485
08/23/2023,CVG,KY,ASO,CE,Combined TRACON& Tower with Radar,448,14,12,0,474,0,2,2,0,4,448,16,14,0,478,0,0,0,478
08/24/2023,CVG,KY,ASO,CE,Combined TRACON& Tower with Radar,473,14,17,0,504,0,0,6,0,6,473,14,23,0,510,0,0,0,510
08/25/2023,CVG,KY,ASO,CE,Combined TRACON& Tower with Radar,463,25,13,0,501,0,0,0,0,0,463,25,13,0,501,0,0,0,501
08/26/2023,CVG,KY,ASO,CE,Combined TRACON& Tower with Radar,373,13,5,0,391,0,0,5,0,5,373,13,10,0,396,0,0,0,396
08/27/2023,CVG,KY,ASO,CE,Combined TRACON& Tower with Radar,390,8,3,0,401,0,0,2,0,2,390,8,5,0,403,0,0,0,403
08/28/2023,CVG,KY,ASO,CE,Combined TRACON& Tower with Radar,400,18,10,0,428,0,0,8,0,8,400,18,18,0,436,0,0,0,436
08/29/2023,CVG,KY,ASO,CE,Combined TRACON& Tower with Radar,448,13,23,2,486,0,0,9,0,9,448,13,32,2,495,0,0,0,495
08/30/2023,CVG,KY,ASO,CE,Combined TRACON& Tower with Radar,428,17,10,0,455,0,0,5,0,5,428,17,15,0,460,0,0,0,460
08/31/2023,CVG,KY,ASO,CE,Combined TRACON& Tower with Radar,471,14,10,0,495,0,2,4,0,6,471,16,14,0,501,0,0,0,501
