01/01/2000,CWA,WI,AGL,CE,Federal Contract Tower,1,15,4,0,20,5,0,15,0,20,6,15,19,0,40,6,0,6,46
01/02/2000,CWA,WI,AGL,CE,Federal Contract Tower,1,22,4,0,27,8,0,3,0,11,9,22,7,0,38,0,0,0,38
01/03/2000,CWA,WI,AGL,CE,Federal Contract Tower,3,44,6,0,53,4,0,0,0,4,7,44,6,0,57,0,0,0,57
01/04/2000,CWA,WI,AGL,CE,Federal Contract Tower,3,46,7,0,56,4,0,12,0,16,7,46,19,0,72,24,0,24,96
01/05/2000,CWA,WI,AGL,CE,Federal Contract Tower,0,55,9,0,64,0,0,10,0,10,0,55,19,0,74,6,0,6,80
01/06/2000,CWA,WI,AGL,CE,Federal Contract Tower,0,48,8,0,56,0,7,0,0,7,0,55,8,0,63,0,0,0,63
01/07/2000,CWA,WI,AGL,CE,Federal Contract Tower,0,45,7,1,53,0,8,14,1,23,0,53,21,2,76,34,0,34,110
01/08/2000,CWA,WI,AGL,CE,Federal Contract Tower,0,31,5,0,36,0,2,33,0,35,0,33,38,0,71,72,0,72,143
01/09/2000,CWA,WI,AGL,CE,Federal Contract Tower,1,20,1,0,22,1,2,0,0,3,2,22,1,0,25,0,0,0,25
01/10/2000,CWA,WI,AGL,CE,Federal Contract Tower,0,47,8,1,56,0,1,0,1,2,0,48,8,2,58,2,2,4,62
01/11/2000,CWA,WI,AGL,CE,Federal Contract Tower,0,49,9,0,58,0,6,9,0,15,0,55,18,0,73,0,0,0,73
01/12/2000,CWA,WI,AGL,CE,Federal Contract Tower,0,58,13,0,71,0,0,20,0,20,0,58,33,0,91,0,0,0,91
01/13/2000,CWA,WI,AGL,CE,Federal Contract Tower,1,52,9,0,62,1,0,21,0,22,2,52,30,0,84,32,0,32,116
01/14/2000,CWA,WI,AGL,CE,Federal Contract Tower,0,50,9,0,59,0,3,5,0,8,0,53,14,0,67,0,0,0,67
01/15/2000,CWA,WI,AGL,CE,Federal Contract Tower,0,34,6,0,40,0,7,13,0,20,0,41,19,0,60,28,0,28,88
01/16/2000,CWA,WI,AGL,CE,Federal Contract Tower,0,28,5,0,33,0,3,24,0,27,0,31,29,0,60,20,0,20,80
01/17/2000,CWA,WI,AGL,CE,Federal Contract Tower,0,48,9,0,57,0,1,7,0,8,0,49,16,0,65,8,0,8,73
01/18/2000,CWA,WI,AGL,CE,Federal Contract Tower,2,58,11,2,73,0,0,31,8,39,2,58,42,10,112,20,44,64,176
01/19/2000,CWA,WI,AGL,CE,Federal Contract Tower,0,48,10,0,58,0,0,10,0,10,0,48,20,0,68,0,0,0,68
01/20/2000,CWA,WI,AGL,CE,Federal Contract Tower,1,56,10,2,69,1,0,10,4,15,2,56,20,6,84,12,0,12,96
01/21/2000,CWA,WI,AGL,CE,Federal Contract Tower,1,45,7,0,53,1,13,23,0,37,2,58,30,0,90,34,0,34,124
01/22/2000,CWA,WI,AGL,CE,Federal Contract Tower,0,33,4,0,37,0,3,0,0,3,0,36,4,0,40,0,0,0,40
01/23/2000,CWA,WI,AGL,CE,Federal Contract Tower,0,32,5,0,37,0,4,0,0,4,0,36,5,0,41,4,0,4,45
01/24/2000,CWA,WI,AGL,CE,Federal Contract Tower,1,52,9,1,63,3,0,8,3,14,4,52,17,4,77,4,2,6,83
01/25/2000,CWA,WI,AGL,CE,Federal Contract Tower,0,58,10,1,69,0,4,6,9,19,0,62,16,10,88,20,18,38,126
01/26/2000,CWA,WI,AGL,CE,Federal Contract Tower,0,54,9,1,64,0,4,24,1,29,0,58,33,2,93,22,10,32,125
01/27/2000,CWA,WI,AGL,CE,Federal Contract Tower,0,60,11,1,72,0,0,21,15,36,0,60,32,16,108,40,46,86,194
01/28/2000,CWA,WI,AGL,CE,Federal Contract Tower,2,58,10,0,70,0,4,18,0,22,2,62,28,0,92,20,0,20,112
01/29/2000,CWA,WI,AGL,CE,Federal Contract Tower,0,32,6,0,38,0,5,25,0,30,0,37,31,0,68,50,0,50,118
01/30/2000,CWA,WI,AGL,CE,Federal Contract Tower,0,34,6,0,40,0,4,17,0,21,0,38,23,0,61,28,0,28,89
01/31/2000,CWA,WI,AGL,CE,Federal Contract Tower,0,45,8,0,53,0,1,2,0,3,0,46,10,0,56,0,0,0,56
02/01/2000,CWA,WI,AGL,CE,Federal Contract Tower,0,58,10,0,68,0,0,0,0,0,0,58,10,0,68,36,0,36,104
02/02/2000,CWA,WI,AGL,CE,Federal Contract Tower,0,53,10,1,64,0,4,17,1,22,0,57,27,2,86,22,0,22,108
02/03/2000,CWA,WI,AGL,CE,Federal Contract Tower,0,54,8,0,62,0,6,0,0,6,0,60,8,0,68,4,0,4,72
02/04/2000,CWA,WI,AGL,CE,Federal Contract Tower,0,55,11,1,67,0,1,27,1,29,0,56,38,2,96,64,0,64,160
02/05/2000,CWA,WI,AGL,CE,Federal Contract Tower,0,39,7,1,47,0,1,21,5,27,0,40,28,6,74,42,0,42,116
02/06/2000,CWA,WI,AGL,CE,Federal Contract Tower,1,27,5,1,34,1,1,19,1,22,2,28,24,2,56,38,0,38,94
02/07/2000,CWA,WI,AGL,CE,Federal Contract Tower,0,54,12,0,66,0,0,26,0,26,0,54,38,0,92,34,0,34,126
02/08/2000,CWA,WI,AGL,CE,Federal Contract Tower,0,63,14,0,77,0,0,15,2,17,0,63,29,2,94,14,12,26,120
02/09/2000,CWA,WI,AGL,CE,Federal Contract Tower,1,56,12,0,69,1,0,23,2,26,2,56,35,2,95,42,8,50,145
02/10/2000,CWA,WI,AGL,CE,Federal Contract Tower,1,62,15,0,78,1,0,8,0,9,2,62,23,0,87,0,0,0,87
02/11/2000,CWA,WI,AGL,CE,Federal Contract Tower,1,60,12,0,73,1,2,24,0,27,2,62,36,0,100,28,0,28,128
02/12/2000,CWA,WI,AGL,CE,Federal Contract Tower,0,30,6,0,36,0,6,3,0,9,0,36,9,0,45,8,0,8,53
02/13/2000,CWA,WI,AGL,CE,Federal Contract Tower,1,30,1,0,32,2,3,0,0,5,3,33,1,0,37,8,0,8,45
02/14/2000,CWA,WI,AGL,CE,Federal Contract Tower,0,48,10,0,58,0,6,20,0,26,0,54,30,0,84,42,0,42,126
02/15/2000,CWA,WI,AGL,CE,Federal Contract Tower,0,46,10,0,56,0,0,3,0,3,0,46,13,0,59,0,0,0,59
02/16/2000,CWA,WI,AGL,CE,Federal Contract Tower,0,57,13,0,70,0,0,21,0,21,0,57,34,0,91,36,0,36,127
02/17/2000,CWA,WI,AGL,CE,Federal Contract Tower,0,60,10,1,71,0,4,0,1,5,0,64,10,2,76,0,0,0,76
02/18/2000,CWA,WI,AGL,CE,Federal Contract Tower,0,39,8,0,47,0,5,2,0,7,0,44,10,0,54,0,0,0,54
02/19/2000,CWA,WI,AGL,CE,Federal Contract Tower,0,31,7,0,38,0,0,11,0,11,0,31,18,0,49,18,0,18,67
02/20/2000,CWA,WI,AGL,CE,Federal Contract Tower,0,26,6,0,32,1,5,22,0,28,1,31,28,0,60,34,0,34,94
02/21/2000,CWA,WI,AGL,CE,Federal Contract Tower,0,49,10,0,59,0,0,21,0,21,0,49,31,0,80,36,0,36,116
02/22/2000,CWA,WI,AGL,CE,Federal Contract Tower,0,62,14,0,76,0,0,18,0,18,0,62,32,0,94,22,0,22,116
02/23/2000,CWA,WI,AGL,CE,Federal Contract Tower,0,45,10,0,55,0,0,15,0,15,0,45,25,0,70,38,0,38,108
02/24/2000,CWA,WI,AGL,CE,Federal Contract Tower,0,33,5,0,38,2,2,0,0,4,2,35,5,0,42,0,0,0,42
02/25/2000,CWA,WI,AGL,CE,Federal Contract Tower,0,2,0,0,2,0,0,0,0,0,0,2,0,0,2,0,0,0,2
02/26/2000,CWA,WI,AGL,CE,Federal Contract Tower,0,28,5,0,33,0,4,3,0,7,0,32,8,0,40,6,0,6,46
02/27/2000,CWA,WI,AGL,CE,Federal Contract Tower,0,27,4,0,31,0,5,14,0,19,0,32,18,0,50,10,0,10,60
02/28/2000,CWA,WI,AGL,CE,Federal Contract Tower,0,54,10,1,65,2,0,21,1,24,2,54,31,2,89,32,0,32,121
02/29/2000,CWA,WI,AGL,CE,Federal Contract Tower,0,63,12,0,75,0,1,8,0,9,0,64,20,0,84,10,0,10,94
03/01/2000,CWA,WI,AGL,CE,Federal Contract Tower,0,52,12,1,65,0,0,8,1,9,0,52,20,2,74,0,10,10,84
03/02/2000,CWA,WI,AGL,CE,Federal Contract Tower,1,54,10,0,65,1,2,32,0,35,2,56,42,0,100,56,0,56,156
03/03/2000,CWA,WI,AGL,CE,Federal Contract Tower,1,52,10,1,64,1,0,39,1,41,2,52,49,2,105,48,0,48,153
03/04/2000,CWA,WI,AGL,CE,Federal Contract Tower,0,30,6,0,36,0,9,38,0,47,0,39,44,0,83,40,0,40,123
03/05/2000,CWA,WI,AGL,CE,Federal Contract Tower,1,34,6,1,42,1,2,32,1,36,2,36,38,2,78,44,0,44,122
03/06/2000,CWA,WI,AGL,CE,Federal Contract Tower,2,56,10,2,70,0,0,22,2,24,2,56,32,4,94,40,0,40,134
03/07/2000,CWA,WI,AGL,CE,Federal Contract Tower,0,49,9,0,58,0,3,19,0,22,0,52,28,0,80,30,0,30,110
03/08/2000,CWA,WI,AGL,CE,Federal Contract Tower,0,51,10,0,61,0,2,18,0,20,0,53,28,0,81,18,0,18,99
03/09/2000,CWA,WI,AGL,CE,Federal Contract Tower,0,58,11,1,70,0,0,9,11,20,0,58,20,12,90,10,14,24,114
03/10/2000,CWA,WI,AGL,CE,Federal Contract Tower,1,46,10,0,57,0,4,14,0,18,1,50,24,0,75,20,0,20,95
03/11/2000,CWA,WI,AGL,CE,Federal Contract Tower,0,36,8,0,44,0,4,22,0,26,0,40,30,0,70,56,0,56,126
03/12/2000,CWA,WI,AGL,CE,Federal Contract Tower,1,36,8,0,45,1,0,29,0,30,2,36,37,0,75,40,0,40,115
03/13/2000,CWA,WI,AGL,CE,Federal Contract Tower,1,46,11,0,58,1,0,25,6,32,2,46,36,6,90,12,26,38,128
03/14/2000,CWA,WI,AGL,CE,Federal Contract Tower,2,53,12,1,68,0,0,35,3,38,2,53,47,4,106,20,14,34,140
03/15/2000,CWA,WI,AGL,CE,Federal Contract Tower,0,59,11,0,70,0,4,6,0,10,0,63,17,0,80,10,0,10,90
03/16/2000,CWA,WI,AGL,CE,Federal Contract Tower,1,50,11,0,62,1,10,22,0,33,2,60,33,0,95,22,0,22,117
03/17/2000,CWA,WI,AGL,CE,Federal Contract Tower,1,56,12,0,69,2,4,14,0,20,3,60,26,0,89,42,0,42,131
03/18/2000,CWA,WI,AGL,CE,Federal Contract Tower,0,37,8,0,45,0,3,7,0,10,0,40,15,0,55,16,0,16,71
03/19/2000,CWA,WI,AGL,CE,Federal Contract Tower,1,25,5,0,31,1,3,2,0,6,2,28,7,0,37,0,0,0,37
03/20/2000,CWA,WI,AGL,CE,Federal Contract Tower,0,43,10,0,53,2,0,4,0,6,2,43,14,0,59,0,0,0,59
03/21/2000,CWA,WI,AGL,CE,Federal Contract Tower,0,58,11,0,69,0,1,3,0,4,0,59,14,0,73,4,0,4,77
03/22/2000,CWA,WI,AGL,CE,Federal Contract Tower,0,55,13,0,68,0,0,31,0,31,0,55,44,0,99,20,0,20,119
03/23/2000,CWA,WI,AGL,CE,Federal Contract Tower,0,60,14,2,76,0,0,20,18,38,0,60,34,20,114,50,38,88,202
03/24/2000,CWA,WI,AGL,CE,Federal Contract Tower,0,54,8,0,62,0,4,0,0,4,0,58,8,0,66,0,0,0,66
03/25/2000,CWA,WI,AGL,CE,Federal Contract Tower,0,32,7,0,39,0,5,12,0,17,0,37,19,0,56,8,0,8,64
03/26/2000,CWA,WI,AGL,CE,Federal Contract Tower,0,30,7,0,37,2,3,22,0,27,2,33,29,0,64,30,0,30,94
03/27/2000,CWA,WI,AGL,CE,Federal Contract Tower,0,43,9,0,52,0,8,1,0,9,0,51,10,0,61,4,0,4,65
03/28/2000,CWA,WI,AGL,CE,Federal Contract Tower,0,52,11,0,63,0,8,15,0,23,0,60,26,0,86,6,0,6,92
03/29/2000,CWA,WI,AGL,CE,Federal Contract Tower,0,55,11,0,66,0,0,17,0,17,0,55,28,0,83,32,0,32,115
03/30/2000,CWA,WI,AGL,CE,Federal Contract Tower,0,54,11,1,66,0,3,16,5,24,0,57,27,6,90,56,20,76,166
03/31/2000,CWA,WI,AGL,CE,Federal Contract Tower,0,48,10,1,59,0,0,30,1,31,0,48,40,2,90,28,0,28,118
04/01/2000,CWA,WI,AGL,CE,Federal Contract Tower,0,31,6,0,37,0,3,22,0,25,0,34,28,0,62,6,0,6,68
04/02/2000,CWA,WI,AGL,CE,Federal Contract Tower,0,30,5,0,35,0,1,19,2,22,0,31,24,2,57,22,0,22,79
04/03/2000,CWA,WI,AGL,CE,Federal Contract Tower,0,43,7,1,51,0,1,7,1,9,0,44,14,2,60,4,14,18,78
04/04/2000,CWA,WI,AGL,CE,Federal Contract Tower,0,50,9,0,59,0,5,11,0,16,0,55,20,0,75,8,0,8,83
04/05/2000,CWA,WI,AGL,CE,Federal Contract Tower,0,54,9,2,65,0,0,22,4,26,0,54,31,6,91,10,14,24,115
04/06/2000,CWA,WI,AGL,CE,Federal Contract Tower,0,42,7,0,49,0,5,13,0,18,0,47,20,0,67,0,0,0,67
04/07/2000,CWA,WI,AGL,CE,Federal Contract Tower,1,43,7,0,51,0,3,7,0,10,1,46,14,0,61,0,0,0,61
04/08/2000,CWA,WI,AGL,CE,Federal Contract Tower,0,30,5,0,35,0,2,17,0,19,0,32,22,0,54,48,0,48,102
04/09/2000,CWA,WI,AGL,CE,Federal Contract Tower,1,29,5,0,35,1,1,7,0,9,2,30,12,0,44,12,0,12,56
04/10/2000,CWA,WI,AGL,CE,Federal Contract Tower,0,50,10,1,61,0,0,22,7,29,0,50,32,8,90,34,32,66,156
04/11/2000,CWA,WI,AGL,CE,Federal Contract Tower,1,55,11,2,69,1,0,16,0,17,2,55,27,2,86,42,6,48,134
04/12/2000,CWA,WI,AGL,CE,Federal Contract Tower,0,60,12,0,72,0,0,21,0,21,0,60,33,0,93,16,0,16,109
04/13/2000,CWA,WI,AGL,CE,Federal Contract Tower,1,61,12,1,75,2,0,10,3,15,3,61,22,4,90,18,22,40,130
04/14/2000,CWA,WI,AGL,CE,Federal Contract Tower,0,50,10,0,60,0,5,34,0,39,0,55,44,0,99,22,0,22,121
04/15/2000,CWA,WI,AGL,CE,Federal Contract Tower,0,32,6,0,38,0,3,14,0,17,0,35,20,0,55,8,0,8,63
04/16/2000,CWA,WI,AGL,CE,Federal Contract Tower,0,22,0,0,22,0,6,0,0,6,0,28,0,0,28,0,0,0,28
04/17/2000,CWA,WI,AGL,CE,Federal Contract Tower,0,51,8,0,59,0,4,0,0,4,0,55,8,0,63,0,0,0,63
04/18/2000,CWA,WI,AGL,CE,Federal Contract Tower,0,74,14,0,88,0,0,18,0,18,0,74,32,0,106,32,0,32,138
04/19/2000,CWA,WI,AGL,CE,Federal Contract Tower,0,59,11,0,70,0,1,3,0,4,0,60,14,0,74,2,0,2,76
04/20/2000,CWA,WI,AGL,CE,Federal Contract Tower,0,38,10,0,48,0,0,14,0,14,0,38,24,0,62,0,0,0,62
04/21/2000,CWA,WI,AGL,CE,Federal Contract Tower,0,51,10,0,61,2,9,45,0,56,2,60,55,0,117,24,0,24,141
04/22/2000,CWA,WI,AGL,CE,Federal Contract Tower,0,33,6,0,39,0,3,26,0,29,0,36,32,0,68,52,0,52,120
04/23/2000,CWA,WI,AGL,CE,Federal Contract Tower,0,24,5,0,29,0,6,19,0,25,0,30,24,0,54,36,0,36,90
04/24/2000,CWA,WI,AGL,CE,Federal Contract Tower,0,45,9,0,54,2,0,43,0,45,2,45,52,0,99,38,0,38,137
04/25/2000,CWA,WI,AGL,CE,Federal Contract Tower,0,53,10,0,63,0,0,40,0,40,0,53,50,0,103,32,0,32,135
04/26/2000,CWA,WI,AGL,CE,Federal Contract Tower,0,53,9,0,62,0,7,44,0,51,0,60,53,0,113,28,0,28,141
04/27/2000,CWA,WI,AGL,CE,Federal Contract Tower,0,55,11,3,69,2,0,20,20,42,2,55,31,23,111,30,40,70,181
04/28/2000,CWA,WI,AGL,CE,Federal Contract Tower,0,60,11,0,71,0,0,15,0,15,0,60,26,0,86,14,0,14,100
04/29/2000,CWA,WI,AGL,CE,Federal Contract Tower,0,41,6,0,47,0,2,18,0,20,0,43,24,0,67,40,0,40,107
04/30/2000,CWA,WI,AGL,CE,Federal Contract Tower,0,30,6,1,37,2,0,26,1,29,2,30,32,2,66,48,0,48,114
05/01/2000,CWA,WI,AGL,CE,Federal Contract Tower,0,39,8,0,47,0,6,28,0,34,0,45,36,0,81,22,0,22,103
05/02/2000,CWA,WI,AGL,CE,Federal Contract Tower,0,48,10,0,58,0,6,45,4,55,0,54,55,4,113,38,0,38,151
05/03/2000,CWA,WI,AGL,CE,Federal Contract Tower,1,55,11,0,67,1,0,43,0,44,2,55,54,0,111,34,0,34,145
05/04/2000,CWA,WI,AGL,CE,Federal Contract Tower,0,53,11,0,64,0,11,65,2,78,0,64,76,2,142,20,8,28,170
05/05/2000,CWA,WI,AGL,CE,Federal Contract Tower,0,58,12,1,71,2,2,58,1,63,2,60,70,2,134,16,0,16,150
05/06/2000,CWA,WI,AGL,CE,Federal Contract Tower,0,37,7,0,44,0,2,46,0,48,0,39,53,0,92,64,0,64,156
05/07/2000,CWA,WI,AGL,CE,Federal Contract Tower,0,29,5,1,35,0,4,5,1,10,0,33,10,2,45,12,0,12,57
05/08/2000,CWA,WI,AGL,CE,Federal Contract Tower,0,46,9,0,55,0,5,10,0,15,0,51,19,0,70,8,0,8,78
05/09/2000,CWA,WI,AGL,CE,Federal Contract Tower,0,46,9,0,55,0,5,40,0,45,0,51,49,0,100,52,0,52,152
05/10/2000,CWA,WI,AGL,CE,Federal Contract Tower,0,54,11,0,65,0,6,34,0,40,0,60,45,0,105,32,0,32,137
05/11/2000,CWA,WI,AGL,CE,Federal Contract Tower,0,55,12,0,67,0,0,19,0,19,0,55,31,0,86,2,0,2,88
05/12/2000,CWA,WI,AGL,CE,Federal Contract Tower,0,47,10,0,57,0,0,23,0,23,0,47,33,0,80,16,0,16,96
05/13/2000,CWA,WI,AGL,CE,Federal Contract Tower,0,40,8,0,48,0,5,2,0,7,0,45,10,0,55,4,0,4,59
05/14/2000,CWA,WI,AGL,CE,Federal Contract Tower,0,35,7,0,42,0,3,15,0,18,0,38,22,0,60,10,0,10,70
05/15/2000,CWA,WI,AGL,CE,Federal Contract Tower,0,47,9,0,56,0,13,41,0,54,0,60,50,0,110,24,0,24,134
05/16/2000,CWA,WI,AGL,CE,Federal Contract Tower,0,60,12,1,73,0,0,22,9,31,0,60,34,10,104,22,24,46,150
05/17/2000,CWA,WI,AGL,CE,Federal Contract Tower,0,49,11,0,60,0,0,26,0,26,0,49,37,0,86,24,0,24,110
05/18/2000,CWA,WI,AGL,CE,Federal Contract Tower,0,48,10,0,58,0,0,18,0,18,0,48,28,0,76,18,0,18,94
05/19/2000,CWA,WI,AGL,CE,Federal Contract Tower,0,51,10,0,61,0,0,62,0,62,0,51,72,0,123,22,0,22,145
05/20/2000,CWA,WI,AGL,CE,Federal Contract Tower,0,39,8,0,47,0,2,34,1,37,0,41,42,1,84,34,4,38,122
05/21/2000,CWA,WI,AGL,CE,Federal Contract Tower,0,31,6,0,37,0,4,13,0,17,0,35,19,0,54,2,0,2,56
05/22/2000,CWA,WI,AGL,CE,Federal Contract Tower,0,45,9,0,54,0,3,25,0,28,0,48,34,0,82,20,0,20,102
05/23/2000,CWA,WI,AGL,CE,Federal Contract Tower,0,53,11,0,64,0,0,38,0,38,0,53,49,0,102,26,0,26,128
05/24/2000,CWA,WI,AGL,CE,Federal Contract Tower,0,54,11,0,65,0,0,39,0,39,0,54,50,0,104,22,0,22,126
05/25/2000,CWA,WI,AGL,CE,Federal Contract Tower,0,59,12,0,71,0,3,19,8,30,0,62,31,8,101,20,6,26,127
05/26/2000,CWA,WI,AGL,CE,Federal Contract Tower,0,56,11,0,67,0,2,39,0,41,0,58,50,0,108,48,0,48,156
05/27/2000,CWA,WI,AGL,CE,Federal Contract Tower,0,42,8,0,50,0,8,12,0,20,0,50,20,0,70,12,0,12,82
05/28/2000,CWA,WI,AGL,CE,Federal Contract Tower,0,29,6,0,35,0,0,23,0,23,0,29,29,0,58,14,0,14,72
05/29/2000,CWA,WI,AGL,CE,Federal Contract Tower,0,30,6,0,36,0,4,15,0,19,0,34,21,0,55,10,0,10,65
05/30/2000,CWA,WI,AGL,CE,Federal Contract Tower,0,47,10,0,57,0,0,8,0,8,0,47,18,0,65,8,0,8,73
05/31/2000,CWA,WI,AGL,CE,Federal Contract Tower,0,53,11,0,64,0,0,51,0,51,0,53,62,0,115,24,0,24,139
06/01/2000,CWA,WI,AGL,CE,Federal Contract Tower,0,46,8,0,54,0,3,0,0,3,0,49,8,0,57,0,0,0,57
06/02/2000,CWA,WI,AGL,CE,Federal Contract Tower,0,57,11,1,69,0,3,26,11,40,0,60,37,12,109,14,0,14,123
06/03/2000,CWA,WI,AGL,CE,Federal Contract Tower,0,40,8,0,48,0,0,32,0,32,0,40,40,0,80,42,0,42,122
06/04/2000,CWA,WI,AGL,CE,Federal Contract Tower,0,33,5,1,39,0,3,0,1,4,0,36,5,2,43,0,0,0,43
06/05/2000,CWA,WI,AGL,CE,Federal Contract Tower,0,52,11,0,63,0,3,49,0,52,0,55,60,0,115,24,0,24,139
06/06/2000,CWA,WI,AGL,CE,Federal Contract Tower,0,57,11,2,70,0,41,49,0,90,0,98,60,2,160,22,0,22,182
06/07/2000,CWA,WI,AGL,CE,Federal Contract Tower,0,54,10,0,64,0,14,35,0,49,0,68,45,0,113,16,0,16,129
06/08/2000,CWA,WI,AGL,CE,Federal Contract Tower,0,52,14,2,68,0,0,49,0,49,0,52,63,2,117,64,10,74,191
06/09/2000,CWA,WI,AGL,CE,Federal Contract Tower,0,55,10,0,65,2,3,31,0,36,2,58,41,0,101,22,0,22,123
06/10/2000,CWA,WI,AGL,CE,Federal Contract Tower,0,34,7,1,42,0,7,3,1,11,0,41,10,2,53,8,2,10,63
06/11/2000,CWA,WI,AGL,CE,Federal Contract Tower,0,32,7,0,39,0,2,13,0,15,0,34,20,0,54,26,0,26,80
06/12/2000,CWA,WI,AGL,CE,Federal Contract Tower,0,38,9,0,47,0,0,12,0,12,0,38,21,0,59,30,0,30,89
06/13/2000,CWA,WI,AGL,CE,Federal Contract Tower,0,51,11,0,62,0,1,3,0,4,0,52,14,0,66,0,0,0,66
06/14/2000,CWA,WI,AGL,CE,Federal Contract Tower,0,52,11,2,65,0,0,7,0,7,0,52,18,2,72,0,4,4,76
06/15/2000,CWA,WI,AGL,CE,Federal Contract Tower,0,55,11,2,68,0,0,33,4,37,0,55,44,6,105,30,12,42,147
06/16/2000,CWA,WI,AGL,CE,Federal Contract Tower,0,49,10,0,59,0,3,9,0,12,0,52,19,0,71,8,0,8,79
06/17/2000,CWA,WI,AGL,CE,Federal Contract Tower,0,37,8,0,45,0,3,43,0,46,0,40,51,0,91,44,0,44,135
06/18/2000,CWA,WI,AGL,CE,Federal Contract Tower,0,31,6,0,37,0,4,4,0,8,0,35,10,0,45,12,0,12,57
06/19/2000,CWA,WI,AGL,CE,Federal Contract Tower,0,54,11,0,65,0,4,24,2,30,0,58,35,2,95,42,20,62,157
06/20/2000,CWA,WI,AGL,CE,Federal Contract Tower,0,61,13,1,75,0,0,14,2,16,0,61,27,3,91,12,20,32,123
06/21/2000,CWA,WI,AGL,CE,Federal Contract Tower,0,59,11,0,70,0,0,14,0,14,0,59,25,0,84,4,0,4,88
06/22/2000,CWA,WI,AGL,CE,Federal Contract Tower,0,56,10,0,66,0,4,24,0,28,0,60,34,0,94,46,0,46,140
06/23/2000,CWA,WI,AGL,CE,Federal Contract Tower,0,50,10,0,60,0,4,21,0,25,0,54,31,0,85,38,0,38,123
06/24/2000,CWA,WI,AGL,CE,Federal Contract Tower,0,38,8,0,46,0,5,10,2,17,0,43,18,2,63,12,4,16,79
06/25/2000,CWA,WI,AGL,CE,Federal Contract Tower,0,32,6,0,38,0,3,31,0,34,0,35,37,0,72,24,0,24,96
06/26/2000,CWA,WI,AGL,CE,Federal Contract Tower,0,52,11,1,64,0,0,23,7,30,0,52,34,8,94,20,10,30,124
06/27/2000,CWA,WI,AGL,CE,Federal Contract Tower,0,58,12,1,71,0,0,22,7,29,0,58,34,8,100,44,22,66,166
06/28/2000,CWA,WI,AGL,CE,Federal Contract Tower,0,57,11,0,68,0,0,29,0,29,0,57,40,0,97,58,0,58,155
06/29/2000,CWA,WI,AGL,CE,Federal Contract Tower,0,54,12,1,67,0,0,58,9,67,0,54,70,10,134,48,14,62,196
06/30/2000,CWA,WI,AGL,CE,Federal Contract Tower,0,55,10,0,65,0,4,39,0,43,0,59,49,0,108,36,0,36,144
07/01/2000,CWA,WI,AGL,CE,Federal Contract Tower,0,35,5,0,40,0,6,25,1,32,0,41,30,1,72,38,2,40,112
07/02/2000,CWA,WI,AGL,CE,Federal Contract Tower,0,30,3,0,33,0,1,3,0,4,0,31,6,0,37,0,0,0,37
07/03/2000,CWA,WI,AGL,CE,Federal Contract Tower,0,40,5,0,45,0,5,37,0,42,0,45,42,0,87,46,0,46,133
07/04/2000,CWA,WI,AGL,CE,Federal Contract Tower,0,35,5,0,40,0,2,15,0,17,0,37,20,0,57,22,0,22,79
07/05/2000,CWA,WI,AGL,CE,Federal Contract Tower,0,51,7,1,59,2,13,21,9,45,2,64,28,10,104,24,10,34,138
07/06/2000,CWA,WI,AGL,CE,Federal Contract Tower,0,56,9,1,66,0,0,38,7,45,0,56,47,8,111,102,0,102,213
07/07/2000,CWA,WI,AGL,CE,Federal Contract Tower,0,58,9,1,68,2,4,20,1,27,2,62,29,2,95,12,0,12,107
07/08/2000,CWA,WI,AGL,CE,Federal Contract Tower,0,43,6,0,49,0,1,3,0,4,0,44,9,0,53,0,0,0,53
07/09/2000,CWA,WI,AGL,CE,Federal Contract Tower,0,31,5,1,37,0,3,10,1,14,0,34,15,2,51,0,0,0,51
07/10/2000,CWA,WI,AGL,CE,Federal Contract Tower,0,44,6,0,50,0,6,36,0,42,0,50,42,0,92,84,0,84,176
07/11/2000,CWA,WI,AGL,CE,Federal Contract Tower,0,51,8,0,59,0,6,26,0,32,0,57,34,0,91,42,0,42,133
07/12/2000,CWA,WI,AGL,CE,Federal Contract Tower,0,59,9,1,69,0,0,21,5,26,0,59,30,6,95,40,2,42,137
07/13/2000,CWA,WI,AGL,CE,Federal Contract Tower,0,57,8,0,65,0,7,24,0,31,0,64,32,0,96,60,0,60,156
07/14/2000,CWA,WI,AGL,CE,Federal Contract Tower,0,59,9,0,68,0,1,26,0,27,0,60,35,0,95,56,0,56,151
07/15/2000,CWA,WI,AGL,CE,Federal Contract Tower,0,37,5,0,42,0,5,40,0,45,0,42,45,0,87,48,0,48,135
07/16/2000,CWA,WI,AGL,CE,Federal Contract Tower,0,31,5,0,36,0,5,41,0,46,0,36,46,0,82,38,0,38,120
07/17/2000,CWA,WI,AGL,CE,Federal Contract Tower,0,49,8,1,58,0,0,55,1,56,0,49,63,2,114,32,4,36,150
07/18/2000,CWA,WI,AGL,CE,Federal Contract Tower,0,54,9,1,64,0,0,45,9,54,0,54,54,10,118,68,12,80,198
07/19/2000,CWA,WI,AGL,CE,Federal Contract Tower,0,53,8,0,61,0,16,34,0,50,0,69,42,0,111,52,0,52,163
07/20/2000,CWA,WI,AGL,CE,Federal Contract Tower,0,71,9,1,81,0,12,30,9,51,0,83,39,10,132,50,16,66,198
07/21/2000,CWA,WI,AGL,CE,Federal Contract Tower,0,59,8,0,67,0,7,26,0,33,0,66,34,0,100,36,0,36,136
07/22/2000,CWA,WI,AGL,CE,Federal Contract Tower,0,37,4,0,41,0,3,40,0,43,0,40,44,0,84,62,0,62,146
07/23/2000,CWA,WI,AGL,CE,Federal Contract Tower,0,24,2,0,26,0,3,30,0,33,0,27,32,0,59,14,0,14,73
07/24/2000,CWA,WI,AGL,CE,Federal Contract Tower,0,51,6,1,58,0,0,40,0,40,0,51,46,1,98,68,2,70,168
07/25/2000,CWA,WI,AGL,CE,Federal Contract Tower,0,56,8,0,64,0,3,37,0,40,0,59,45,0,104,42,0,42,146
07/26/2000,CWA,WI,AGL,CE,Federal Contract Tower,0,58,10,0,68,0,0,15,0,15,0,58,25,0,83,0,0,0,83
07/27/2000,CWA,WI,AGL,CE,Federal Contract Tower,0,59,9,0,68,0,0,27,0,27,0,59,36,0,95,72,0,72,167
07/28/2000,CWA,WI,AGL,CE,Federal Contract Tower,0,55,9,0,64,0,0,13,0,13,0,55,22,0,77,30,0,30,107
07/29/2000,CWA,WI,AGL,CE,Federal Contract Tower,0,37,5,0,42,0,3,15,0,18,0,40,20,0,60,40,0,40,100
07/30/2000,CWA,WI,AGL,CE,Federal Contract Tower,0,36,5,0,41,0,0,23,0,23,0,36,28,0,64,18,0,18,82
07/31/2000,CWA,WI,AGL,CE,Federal Contract Tower,0,50,7,0,57,0,9,58,0,67,0,59,65,0,124,52,0,52,176
08/01/2000,CWA,WI,AGL,CE,Federal Contract Tower,0,58,10,0,68,0,2,20,0,22,0,60,30,0,90,52,0,52,142
08/02/2000,CWA,WI,AGL,CE,Federal Contract Tower,0,52,9,0,61,0,4,21,0,25,0,56,30,0,86,34,0,34,120
08/03/2000,CWA,WI,AGL,CE,Federal Contract Tower,0,54,9,0,63,0,6,57,0,63,0,60,66,0,126,74,0,74,200
08/04/2000,CWA,WI,AGL,CE,Federal Contract Tower,0,54,10,0,64,0,8,43,2,53,0,62,53,2,117,24,0,24,141
08/05/2000,CWA,WI,AGL,CE,Federal Contract Tower,0,36,7,0,43,0,4,17,0,21,0,40,24,0,64,0,0,0,64
08/06/2000,CWA,WI,AGL,CE,Federal Contract Tower,0,30,6,0,36,0,0,12,2,14,0,30,18,2,50,16,0,16,66
08/07/2000,CWA,WI,AGL,CE,Federal Contract Tower,0,48,9,0,57,0,8,25,0,33,0,56,34,0,90,52,0,52,142
08/08/2000,CWA,WI,AGL,CE,Federal Contract Tower,0,49,8,1,58,0,3,11,1,15,0,52,19,2,73,22,0,22,95
08/09/2000,CWA,WI,AGL,CE,Federal Contract Tower,0,55,10,0,65,0,5,23,0,28,0,60,33,0,93,40,0,40,133
08/10/2000,CWA,WI,AGL,CE,Federal Contract Tower,0,60,10,0,70,0,0,32,0,32,0,60,42,0,102,44,0,44,146
08/11/2000,CWA,WI,AGL,CE,Federal Contract Tower,0,51,9,0,60,0,7,46,0,53,0,58,55,0,113,86,0,86,199
08/12/2000,CWA,WI,AGL,CE,Federal Contract Tower,0,33,6,1,40,0,6,35,11,52,0,39,41,12,92,8,0,8,100
08/13/2000,CWA,WI,AGL,CE,Federal Contract Tower,0,31,6,0,37,2,0,26,0,28,2,31,32,0,65,8,0,8,73
08/14/2000,CWA,WI,AGL,CE,Federal Contract Tower,0,55,10,0,65,0,0,2,0,2,0,55,12,0,67,2,0,2,69
08/15/2000,CWA,WI,AGL,CE,Federal Contract Tower,0,52,9,0,61,0,5,28,0,33,0,57,37,0,94,94,0,94,188
08/16/2000,CWA,WI,AGL,CE,Federal Contract Tower,0,57,10,0,67,2,1,30,0,33,2,58,40,0,100,42,0,42,142
08/17/2000,CWA,WI,AGL,CE,Federal Contract Tower,0,63,13,0,76,0,0,20,2,22,0,63,33,2,98,12,0,12,110
08/18/2000,CWA,WI,AGL,CE,Federal Contract Tower,0,56,10,0,66,0,3,37,0,40,0,59,47,0,106,12,0,12,118
08/19/2000,CWA,WI,AGL,CE,Federal Contract Tower,0,40,7,0,47,0,0,30,0,30,0,40,37,0,77,24,0,24,101
08/20/2000,CWA,WI,AGL,CE,Federal Contract Tower,0,30,5,0,35,0,3,23,1,27,0,33,28,1,62,42,2,44,106
08/21/2000,CWA,WI,AGL,CE,Federal Contract Tower,0,58,10,0,68,0,3,51,5,59,0,61,61,5,127,4,36,40,167
08/22/2000,CWA,WI,AGL,CE,Federal Contract Tower,0,79,14,0,93,0,10,9,0,19,0,89,23,0,112,44,0,44,156
08/23/2000,CWA,WI,AGL,CE,Federal Contract Tower,0,65,11,0,76,0,9,19,0,28,0,74,30,0,104,32,0,32,136
08/24/2000,CWA,WI,AGL,CE,Federal Contract Tower,0,60,11,0,71,0,0,29,0,29,0,60,40,0,100,48,0,48,148
08/25/2000,CWA,WI,AGL,CE,Federal Contract Tower,0,60,10,0,70,0,2,20,0,22,0,62,30,0,92,36,0,36,128
08/26/2000,CWA,WI,AGL,CE,Federal Contract Tower,0,35,6,0,41,0,4,9,0,13,0,39,15,0,54,8,0,8,62
08/27/2000,CWA,WI,AGL,CE,Federal Contract Tower,0,31,5,0,36,0,4,13,0,17,0,35,18,0,53,10,0,10,63
08/28/2000,CWA,WI,AGL,CE,Federal Contract Tower,0,50,11,0,61,0,0,21,2,23,0,50,32,2,84,6,0,6,90
08/29/2000,CWA,WI,AGL,CE,Federal Contract Tower,0,55,10,0,65,0,4,28,0,32,0,59,38,0,97,18,0,18,115
08/30/2000,CWA,WI,AGL,CE,Federal Contract Tower,0,57,10,0,67,0,5,19,0,24,0,62,29,0,91,26,0,26,117
08/31/2000,CWA,WI,AGL,CE,Federal Contract Tower,0,57,10,0,67,0,0,10,0,10,0,57,20,0,77,10,0,10,87
09/01/2000,CWA,WI,AGL,CE,Federal Contract Tower,0,53,10,0,63,0,0,7,0,7,0,53,17,0,70,4,0,4,74
09/02/2000,CWA,WI,AGL,CE,Federal Contract Tower,0,36,6,0,42,0,2,0,0,2,0,38,6,0,44,0,0,0,44
09/03/2000,CWA,WI,AGL,CE,Federal Contract Tower,0,25,5,0,30,0,0,17,0,17,0,25,22,0,47,28,0,28,75
09/04/2000,CWA,WI,AGL,CE,Federal Contract Tower,0,28,5,0,33,0,3,37,1,41,0,31,42,1,74,10,0,10,84
09/05/2000,CWA,WI,AGL,CE,Federal Contract Tower,0,42,8,0,50,0,5,39,0,44,0,47,47,0,94,34,0,34,128
09/06/2000,CWA,WI,AGL,CE,Federal Contract Tower,1,57,11,1,70,1,24,21,1,47,2,81,32,2,117,14,14,28,145
09/07/2000,CWA,WI,AGL,CE,Federal Contract Tower,0,56,11,0,67,0,5,3,0,8,0,61,14,0,75,30,0,30,105
09/08/2000,CWA,WI,AGL,CE,Federal Contract Tower,0,57,11,2,70,0,3,26,2,31,0,60,37,4,101,40,0,40,141
09/09/2000,CWA,WI,AGL,CE,Federal Contract Tower,0,33,6,0,39,2,3,12,0,17,2,36,18,0,56,16,0,16,72
09/10/2000,CWA,WI,AGL,CE,Federal Contract Tower,0,27,5,1,33,0,1,12,1,14,0,28,17,2,47,20,0,20,67
09/11/2000,CWA,WI,AGL,CE,Federal Contract Tower,0,25,6,0,31,0,0,14,0,14,0,25,20,0,45,0,0,0,45
09/12/2000,CWA,WI,AGL,CE,Federal Contract Tower,0,45,8,0,53,0,4,17,0,21,0,49,25,0,74,20,0,20,94
09/13/2000,CWA,WI,AGL,CE,Federal Contract Tower,0,47,9,2,58,0,9,27,0,36,0,56,36,2,94,14,8,22,116
09/14/2000,CWA,WI,AGL,CE,Federal Contract Tower,0,56,11,2,69,0,0,30,0,30,0,56,41,2,99,14,0,14,113
09/15/2000,CWA,WI,AGL,CE,Federal Contract Tower,0,40,7,0,47,0,12,28,0,40,0,52,35,0,87,30,0,30,117
09/16/2000,CWA,WI,AGL,CE,Federal Contract Tower,0,35,5,0,40,0,3,35,0,38,0,38,40,0,78,50,0,50,128
09/17/2000,CWA,WI,AGL,CE,Federal Contract Tower,0,28,4,0,32,0,3,29,0,32,0,31,33,0,64,62,0,62,126
09/18/2000,CWA,WI,AGL,CE,Federal Contract Tower,0,56,11,2,69,0,0,33,2,35,0,56,44,4,104,36,8,44,148
09/19/2000,CWA,WI,AGL,CE,Federal Contract Tower,0,56,9,2,67,0,12,4,0,16,0,68,13,2,83,4,0,4,87
09/20/2000,CWA,WI,AGL,CE,Federal Contract Tower,0,56,10,2,68,0,0,21,8,29,0,56,31,10,97,8,2,10,107
09/21/2000,CWA,WI,AGL,CE,Federal Contract Tower,0,52,10,2,64,0,0,46,19,65,0,52,56,21,129,28,12,40,169
09/22/2000,CWA,WI,AGL,CE,Federal Contract Tower,0,52,9,2,63,0,0,6,2,8,0,52,15,4,71,0,0,0,71
09/23/2000,CWA,WI,AGL,CE,Federal Contract Tower,0,29,4,1,34,0,2,6,7,15,0,31,10,8,49,16,18,34,83
09/24/2000,CWA,WI,AGL,CE,Federal Contract Tower,0,29,5,0,34,0,0,17,0,17,0,29,22,0,51,20,0,20,71
09/25/2000,CWA,WI,AGL,CE,Federal Contract Tower,0,48,9,0,57,2,2,21,0,25,2,50,30,0,82,32,0,32,114
09/26/2000,CWA,WI,AGL,CE,Federal Contract Tower,0,51,9,1,61,0,1,21,1,23,0,52,30,2,84,50,8,58,142
09/27/2000,CWA,WI,AGL,CE,Federal Contract Tower,0,55,10,1,66,0,0,26,1,27,0,55,36,2,93,4,0,4,97
09/28/2000,CWA,WI,AGL,CE,Federal Contract Tower,0,54,10,0,64,0,11,29,0,40,0,65,39,0,104,24,0,24,128
09/29/2000,CWA,WI,AGL,CE,Federal Contract Tower,0,52,10,0,62,1,2,18,0,21,1,54,28,0,83,12,0,12,95
09/30/2000,CWA,WI,AGL,CE,Federal Contract Tower,0,32,6,0,38,0,4,12,0,16,0,36,18,0,54,4,0,4,58
10/01/2000,CWA,WI,AGL,CE,Federal Contract Tower,0,30,5,0,35,0,7,13,0,20,0,37,18,0,55,20,0,20,75
10/02/2000,CWA,WI,AGL,CE,Federal Contract Tower,0,51,8,1,60,0,0,21,9,30,0,51,29,10,90,36,22,58,148
10/03/2000,CWA,WI,AGL,CE,Federal Contract Tower,0,55,8,1,64,0,2,35,7,44,0,57,43,8,108,48,8,56,164
10/04/2000,CWA,WI,AGL,CE,Federal Contract Tower,0,58,9,1,68,0,0,46,5,51,0,58,55,6,119,32,14,46,165
10/05/2000,CWA,WI,AGL,CE,Federal Contract Tower,0,59,9,1,69,0,11,12,5,28,0,70,21,6,97,4,10,14,111
10/06/2000,CWA,WI,AGL,CE,Federal Contract Tower,0,58,8,0,66,0,0,13,0,13,0,58,21,0,79,8,0,8,87
10/07/2000,CWA,WI,AGL,CE,Federal Contract Tower,1,38,5,0,44,1,0,7,0,8,2,38,12,0,52,4,0,4,56
10/08/2000,CWA,WI,AGL,CE,Federal Contract Tower,0,23,3,0,26,0,3,14,0,17,0,26,17,0,43,6,0,6,49
10/09/2000,CWA,WI,AGL,CE,Federal Contract Tower,0,49,7,0,56,0,5,23,0,28,0,54,30,0,84,28,0,28,112
10/10/2000,CWA,WI,AGL,CE,Federal Contract Tower,0,54,8,0,62,0,6,28,0,34,0,60,36,0,96,36,0,36,132
10/11/2000,CWA,WI,AGL,CE,Federal Contract Tower,0,61,9,2,72,0,5,29,8,42,0,66,38,10,114,36,12,48,162
10/12/2000,CWA,WI,AGL,CE,Federal Contract Tower,0,57,8,2,67,0,0,26,6,32,0,57,34,8,99,22,18,40,139
10/13/2000,CWA,WI,AGL,CE,Federal Contract Tower,0,52,9,2,63,2,4,24,0,30,2,56,33,2,93,44,0,44,137
10/14/2000,CWA,WI,AGL,CE,Federal Contract Tower,0,33,6,0,39,0,7,2,0,9,0,40,8,0,48,16,0,16,64
10/15/2000,CWA,WI,AGL,CE,Federal Contract Tower,0,30,5,1,36,0,0,6,1,7,0,30,11,2,43,0,0,0,43
10/16/2000,CWA,WI,AGL,CE,Federal Contract Tower,0,47,8,0,55,0,0,15,0,15,0,47,23,0,70,18,0,18,88
10/17/2000,CWA,WI,AGL,CE,Federal Contract Tower,0,53,9,2,64,0,8,24,2,34,0,61,33,4,98,54,22,76,174
10/18/2000,CWA,WI,AGL,CE,Federal Contract Tower,0,66,11,2,79,1,0,31,2,34,1,66,42,4,113,42,8,50,163
10/19/2000,CWA,WI,AGL,CE,Federal Contract Tower,0,53,9,2,64,0,6,24,0,30,0,59,33,2,94,48,4,52,146
10/20/2000,CWA,WI,AGL,CE,Federal Contract Tower,0,53,9,0,62,0,9,26,0,35,0,62,35,0,97,50,0,50,147
10/21/2000,CWA,WI,AGL,CE,Federal Contract Tower,0,32,6,0,38,0,7,23,0,30,0,39,29,0,68,7,0,7,75
10/22/2000,CWA,WI,AGL,CE,Federal Contract Tower,0,30,5,0,35,0,5,18,0,23,0,35,23,0,58,6,0,6,64
10/23/2000,CWA,WI,AGL,CE,Federal Contract Tower,0,44,8,0,52,1,0,4,0,5,1,44,12,0,57,0,0,0,57
10/24/2000,CWA,WI,AGL,CE,Federal Contract Tower,0,50,7,0,57,0,0,8,0,8,0,50,15,0,65,16,0,16,81
10/25/2000,CWA,WI,AGL,CE,Federal Contract Tower,0,54,9,0,63,0,0,7,0,7,0,54,16,0,70,8,0,8,78
10/26/2000,CWA,WI,AGL,CE,Federal Contract Tower,0,60,9,3,72,0,0,20,1,21,0,60,29,4,93,26,10,36,129
10/27/2000,CWA,WI,AGL,CE,Federal Contract Tower,0,60,10,2,72,2,0,6,2,10,2,60,16,4,82,20,0,20,102
10/28/2000,CWA,WI,AGL,CE,Federal Contract Tower,0,36,5,0,41,0,4,15,0,19,0,40,20,0,60,44,0,44,104
10/29/2000,CWA,WI,AGL,CE,Federal Contract Tower,0,30,5,0,35,0,4,15,0,19,0,34,20,0,54,26,0,26,80
10/30/2000,CWA,WI,AGL,CE,Federal Contract Tower,0,53,9,0,62,0,0,10,0,10,0,53,19,0,72,10,0,10,82
10/31/2000,CWA,WI,AGL,CE,Federal Contract Tower,0,59,10,1,70,0,30,24,12,66,0,89,34,13,136,28,8,36,172
11/01/2000,CWA,WI,AGL,CE,Federal Contract Tower,0,60,10,0,70,0,27,14,0,41,0,87,24,0,111,10,0,10,121
11/02/2000,CWA,WI,AGL,CE,Federal Contract Tower,0,59,10,0,69,0,30,15,0,45,0,89,25,0,114,22,0,22,136
11/03/2000,CWA,WI,AGL,CE,Federal Contract Tower,0,65,11,1,77,0,4,20,5,29,0,69,31,6,106,20,16,36,142
11/04/2000,CWA,WI,AGL,CE,Federal Contract Tower,0,36,6,0,42,0,2,44,2,48,0,38,50,2,90,66,0,66,156
11/05/2000,CWA,WI,AGL,CE,Federal Contract Tower,0,34,6,1,41,0,0,39,1,40,0,34,45,2,81,42,0,42,123
11/06/2000,CWA,WI,AGL,CE,Federal Contract Tower,0,54,10,0,64,0,0,9,0,9,0,54,19,0,73,0,0,0,73
11/07/2000,CWA,WI,AGL,CE,Federal Contract Tower,0,60,10,0,70,0,0,3,0,3,0,60,13,0,73,0,0,0,73
11/08/2000,CWA,WI,AGL,CE,Federal Contract Tower,0,62,11,0,73,0,0,9,0,9,0,62,20,0,82,0,0,0,82
11/09/2000,CWA,WI,AGL,CE,Federal Contract Tower,0,54,9,0,63,2,0,18,0,20,2,54,27,0,83,8,0,8,91
11/10/2000,CWA,WI,AGL,CE,Federal Contract Tower,0,53,8,0,61,0,7,20,0,27,0,60,28,0,88,30,0,30,118
11/11/2000,CWA,WI,AGL,CE,Federal Contract Tower,0,33,6,0,39,0,7,23,0,30,0,40,29,0,69,40,0,40,109
11/12/2000,CWA,WI,AGL,CE,Federal Contract Tower,0,33,4,0,37,2,1,0,0,3,2,34,4,0,40,0,0,0,40
11/13/2000,CWA,WI,AGL,CE,Federal Contract Tower,0,54,6,0,60,0,5,0,0,5,0,59,6,0,65,8,0,8,73
11/14/2000,CWA,WI,AGL,CE,Federal Contract Tower,0,67,12,2,81,0,0,4,14,18,0,67,16,16,99,2,18,20,119
11/15/2000,CWA,WI,AGL,CE,Federal Contract Tower,0,53,9,2,64,0,3,30,6,39,0,56,39,8,103,12,8,20,123
11/16/2000,CWA,WI,AGL,CE,Federal Contract Tower,0,53,10,2,65,0,0,6,6,12,0,53,16,8,77,0,18,18,95
11/17/2000,CWA,WI,AGL,CE,Federal Contract Tower,0,53,8,2,63,0,0,13,4,17,0,53,21,6,80,0,14,14,94
11/18/2000,CWA,WI,AGL,CE,Federal Contract Tower,0,36,5,0,41,0,3,0,0,3,0,39,5,0,44,2,0,2,46
11/19/2000,CWA,WI,AGL,CE,Federal Contract Tower,0,27,1,0,28,0,3,0,0,3,0,30,1,0,31,0,0,0,31
11/20/2000,CWA,WI,AGL,CE,Federal Contract Tower,0,49,7,2,58,0,0,14,8,22,0,49,21,10,80,6,12,18,98
11/21/2000,CWA,WI,AGL,CE,Federal Contract Tower,0,62,10,2,74,0,0,24,10,34,0,62,34,12,108,18,20,38,146
11/22/2000,CWA,WI,AGL,CE,Federal Contract Tower,0,47,6,0,53,0,5,25,0,30,0,52,31,0,83,18,0,18,101
11/23/2000,CWA,WI,AGL,CE,Federal Contract Tower,0,32,5,0,37,0,2,9,0,11,0,34,14,0,48,0,0,0,48
11/24/2000,CWA,WI,AGL,CE,Federal Contract Tower,0,37,6,0,43,0,5,22,0,27,0,42,28,0,70,18,0,18,88
11/25/2000,CWA,WI,AGL,CE,Federal Contract Tower,0,31,5,0,36,0,5,20,0,25,0,36,25,0,61,20,0,20,81
11/26/2000,CWA,WI,AGL,CE,Federal Contract Tower,0,30,5,0,35,0,0,7,0,7,0,30,12,0,42,8,0,8,50
11/27/2000,CWA,WI,AGL,CE,Federal Contract Tower,0,58,10,0,68,0,0,4,0,4,0,58,14,0,72,0,0,0,72
11/28/2000,CWA,WI,AGL,CE,Federal Contract Tower,0,59,10,1,70,0,7,0,1,8,0,66,10,2,78,10,4,14,92
11/29/2000,CWA,WI,AGL,CE,Federal Contract Tower,0,60,6,0,66,0,10,0,0,10,0,70,6,0,76,12,0,12,88
11/30/2000,CWA,WI,AGL,CE,Federal Contract Tower,0,61,10,0,71,0,0,26,0,26,0,61,36,0,97,8,0,8,105
12/01/2000,CWA,WI,AGL,CE,Federal Contract Tower,0,48,5,1,54,0,22,24,1,47,0,70,29,2,101,18,0,18,119
12/02/2000,CWA,WI,AGL,CE,Federal Contract Tower,0,37,4,0,41,0,1,52,0,53,0,38,56,0,94,86,0,86,180
12/03/2000,CWA,WI,AGL,CE,Federal Contract Tower,0,30,3,1,34,0,0,48,1,49,0,30,51,2,83,35,0,35,118
12/04/2000,CWA,WI,AGL,CE,Federal Contract Tower,0,54,6,1,61,0,0,0,3,3,0,54,6,4,64,2,0,2,66
12/05/2000,CWA,WI,AGL,CE,Federal Contract Tower,0,59,7,0,66,0,7,14,0,21,0,66,21,0,87,4,0,4,91
12/06/2000,CWA,WI,AGL,CE,Federal Contract Tower,0,60,7,0,67,0,2,11,0,13,0,62,18,0,80,16,0,16,96
12/07/2000,CWA,WI,AGL,CE,Federal Contract Tower,0,50,6,0,56,0,0,5,0,5,0,50,11,0,61,0,0,0,61
12/08/2000,CWA,WI,AGL,CE,Federal Contract Tower,0,62,7,0,69,0,0,21,0,21,0,62,28,0,90,36,0,36,126
12/09/2000,CWA,WI,AGL,CE,Federal Contract Tower,0,43,5,0,48,0,4,9,0,13,0,47,14,0,61,0,0,0,61
12/10/2000,CWA,WI,AGL,CE,Federal Contract Tower,0,35,4,0,39,0,2,3,0,5,0,37,7,0,44,0,0,0,44
12/11/2000,CWA,WI,AGL,CE,Federal Contract Tower,0,29,1,0,30,0,3,0,0,3,0,32,1,0,33,0,0,0,33
12/12/2000,CWA,WI,AGL,CE,Federal Contract Tower,0,58,7,1,66,0,0,13,5,18,0,58,20,6,84,16,28,44,128
12/13/2000,CWA,WI,AGL,CE,Federal Contract Tower,0,62,7,1,70,0,0,3,1,4,0,62,10,2,74,16,24,40,114
12/14/2000,CWA,WI,AGL,CE,Federal Contract Tower,0,76,8,2,86,0,0,30,6,36,0,76,38,8,122,42,28,70,192
12/15/2000,CWA,WI,AGL,CE,Federal Contract Tower,0,60,7,0,67,0,0,3,0,3,0,60,10,0,70,0,0,0,70
12/16/2000,CWA,WI,AGL,CE,Federal Contract Tower,0,33,1,0,34,0,4,0,0,4,0,37,1,0,38,0,0,0,38
12/17/2000,CWA,WI,AGL,CE,Federal Contract Tower,0,30,2,0,32,0,0,4,0,4,0,30,6,0,36,8,0,8,44
12/18/2000,CWA,WI,AGL,CE,Federal Contract Tower,0,47,5,0,52,0,0,5,0,5,0,47,10,0,57,0,0,0,57
12/19/2000,CWA,WI,AGL,CE,Federal Contract Tower,0,59,6,0,65,0,0,14,0,14,0,59,20,0,79,0,0,0,79
12/20/2000,CWA,WI,AGL,CE,Federal Contract Tower,0,57,6,1,64,0,0,3,1,4,0,57,9,2,68,0,0,0,68
12/21/2000,CWA,WI,AGL,CE,Federal Contract Tower,0,43,4,0,47,0,1,0,0,1,0,44,4,0,48,0,0,0,48
12/22/2000,CWA,WI,AGL,CE,Federal Contract Tower,0,64,7,0,71,0,8,13,0,21,0,72,20,0,92,18,0,18,110
12/23/2000,CWA,WI,AGL,CE,Federal Contract Tower,0,34,0,0,34,0,4,0,0,4,0,38,0,0,38,2,0,2,40
12/24/2000,CWA,WI,AGL,CE,Federal Contract Tower,0,29,3,0,32,0,2,6,0,8,0,31,9,0,40,4,0,4,44
12/25/2000,CWA,WI,AGL,CE,Federal Contract Tower,0,28,3,0,31,0,2,3,0,5,0,30,6,0,36,0,0,0,36
12/26/2000,CWA,WI,AGL,CE,Federal Contract Tower,0,49,5,0,54,0,0,3,2,5,0,49,8,2,59,22,0,22,81
12/27/2000,CWA,WI,AGL,CE,Federal Contract Tower,0,55,6,0,61,0,4,23,4,31,0,59,29,4,92,0,16,16,108
12/28/2000,CWA,WI,AGL,CE,Federal Contract Tower,0,63,7,0,70,0,1,5,4,10,0,64,12,4,80,4,0,4,84
12/29/2000,CWA,WI,AGL,CE,Federal Contract Tower,0,64,7,0,71,0,0,3,0,3,0,64,10,0,74,14,0,14,88
12/30/2000,CWA,WI,AGL,CE,Federal Contract Tower,0,36,4,0,40,0,4,23,0,27,0,40,27,0,67,52,0,52,119
12/31/2000,CWA,WI,AGL,CE,Federal Contract Tower,0,34,4,0,38,0,0,12,0,12,0,34,16,0,50,38,0,38,88
01/01/2001,CWA,WI,AGL,CE,Federal Contract Tower,0,24,3,0,27,0,4,8,0,12,0,28,11,0,39,0,0,0,39
01/02/2001,CWA,WI,AGL,CE,Federal Contract Tower,0,56,4,0,60,0,2,10,0,12,0,58,14,0,72,18,0,18,90
01/03/2001,CWA,WI,AGL,CE,Federal Contract Tower,0,49,4,0,53,0,2,7,0,9,0,51,11,0,62,4,0,4,66
01/04/2001,CWA,WI,AGL,CE,Federal Contract Tower,0,56,4,0,60,0,2,17,0,19,0,58,21,0,79,0,0,0,79
01/05/2001,CWA,WI,AGL,CE,Federal Contract Tower,0,54,4,0,58,0,6,16,0,22,0,60,20,0,80,18,0,18,98
01/06/2001,CWA,WI,AGL,CE,Federal Contract Tower,0,40,4,0,44,0,0,18,0,18,0,40,22,0,62,48,0,48,110
01/07/2001,CWA,WI,AGL,CE,Federal Contract Tower,0,33,4,0,37,0,3,14,0,17,0,36,18,0,54,42,0,42,96
01/08/2001,CWA,WI,AGL,CE,Federal Contract Tower,0,54,5,1,60,0,4,17,3,24,0,58,22,4,84,22,8,30,114
01/09/2001,CWA,WI,AGL,CE,Federal Contract Tower,0,59,6,0,65,0,4,18,0,22,0,63,24,0,87,28,0,28,115
01/10/2001,CWA,WI,AGL,CE,Federal Contract Tower,0,58,6,1,65,0,3,22,18,43,0,61,28,19,108,16,34,50,158
01/11/2001,CWA,WI,AGL,CE,Federal Contract Tower,0,55,3,0,58,2,5,0,0,7,2,60,3,0,65,0,0,0,65
01/12/2001,CWA,WI,AGL,CE,Federal Contract Tower,0,56,6,0,62,0,0,7,0,7,0,56,13,0,69,0,0,0,69
01/13/2001,CWA,WI,AGL,CE,Federal Contract Tower,0,36,0,0,36,0,5,0,0,5,0,41,0,0,41,0,0,0,41
01/14/2001,CWA,WI,AGL,CE,Federal Contract Tower,0,31,0,0,31,0,5,0,0,5,0,36,0,0,36,0,0,0,36
01/15/2001,CWA,WI,AGL,CE,Federal Contract Tower,0,55,5,0,60,0,3,0,0,3,0,58,5,0,63,0,0,0,63
01/16/2001,CWA,WI,AGL,CE,Federal Contract Tower,0,62,7,0,69,0,0,13,0,13,0,62,20,0,82,4,0,4,86
01/17/2001,CWA,WI,AGL,CE,Federal Contract Tower,0,63,6,2,71,0,1,10,0,11,0,64,16,2,82,4,2,6,88
01/18/2001,CWA,WI,AGL,CE,Federal Contract Tower,0,61,6,0,67,2,0,4,0,6,2,61,10,0,73,0,0,0,73
01/19/2001,CWA,WI,AGL,CE,Federal Contract Tower,0,58,6,2,66,0,4,22,0,26,0,62,28,2,92,35,0,35,127
01/20/2001,CWA,WI,AGL,CE,Federal Contract Tower,0,33,3,0,36,0,4,20,0,24,0,37,23,0,60,18,0,18,78
01/21/2001,CWA,WI,AGL,CE,Federal Contract Tower,0,49,4,0,53,2,10,27,0,39,2,59,31,0,92,64,0,64,156
01/22/2001,CWA,WI,AGL,CE,Federal Contract Tower,0,56,5,2,63,0,0,15,10,25,0,56,20,12,88,46,30,76,164
01/23/2001,CWA,WI,AGL,CE,Federal Contract Tower,0,64,7,1,72,0,0,22,13,35,0,64,29,14,107,34,28,62,169
01/24/2001,CWA,WI,AGL,CE,Federal Contract Tower,0,58,6,0,64,0,1,30,0,31,0,59,36,0,95,48,0,48,143
01/25/2001,CWA,WI,AGL,CE,Federal Contract Tower,0,67,8,1,76,0,0,58,29,87,0,67,66,30,163,36,32,68,231
01/26/2001,CWA,WI,AGL,CE,Federal Contract Tower,0,55,6,0,61,2,0,9,0,11,2,55,15,0,72,0,0,0,72
01/27/2001,CWA,WI,AGL,CE,Federal Contract Tower,0,37,4,0,41,0,1,33,0,34,0,38,37,0,75,18,0,18,93
01/28/2001,CWA,WI,AGL,CE,Federal Contract Tower,0,35,4,0,39,2,0,21,0,23,2,35,25,0,62,24,0,24,86
01/29/2001,CWA,WI,AGL,CE,Federal Contract Tower,0,33,4,0,37,0,0,0,0,0,0,33,4,0,37,0,0,0,37
01/30/2001,CWA,WI,AGL,CE,Federal Contract Tower,0,65,7,0,72,0,0,3,0,3,0,65,10,0,75,4,0,4,79
01/31/2001,CWA,WI,AGL,CE,Federal Contract Tower,0,64,7,0,71,0,0,13,0,13,0,64,20,0,84,20,0,20,104
02/01/2001,CWA,WI,AGL,CE,Federal Contract Tower,1,64,7,0,72,1,0,7,6,14,2,64,14,6,86,10,12,22,108
02/02/2001,CWA,WI,AGL,CE,Federal Contract Tower,0,57,5,0,62,0,0,10,4,14,0,57,15,4,76,8,16,24,100
02/03/2001,CWA,WI,AGL,CE,Federal Contract Tower,0,36,0,0,36,0,4,0,0,4,0,40,0,0,40,0,0,0,40
02/04/2001,CWA,WI,AGL,CE,Federal Contract Tower,0,35,3,0,38,0,0,3,2,5,0,35,6,2,43,2,0,2,45
02/05/2001,CWA,WI,AGL,CE,Federal Contract Tower,0,51,4,0,55,0,5,2,0,7,0,56,6,0,62,8,0,8,70
02/06/2001,CWA,WI,AGL,CE,Federal Contract Tower,1,62,7,0,70,1,0,22,10,33,2,62,29,10,103,32,24,56,159
02/07/2001,CWA,WI,AGL,CE,Federal Contract Tower,1,53,6,0,60,1,0,12,0,13,2,53,18,0,73,18,0,18,91
02/08/2001,CWA,WI,AGL,CE,Federal Contract Tower,0,36,4,0,40,0,0,4,0,4,0,36,8,0,44,0,0,0,44
02/09/2001,CWA,WI,AGL,CE,Federal Contract Tower,1,58,6,0,65,1,0,4,0,5,2,58,10,0,70,0,0,0,70
02/10/2001,CWA,WI,AGL,CE,Federal Contract Tower,0,36,4,0,40,0,4,15,0,19,0,40,19,0,59,22,0,22,81
02/11/2001,CWA,WI,AGL,CE,Federal Contract Tower,1,33,3,0,37,1,13,14,0,28,2,46,17,0,65,16,0,16,81
02/12/2001,CWA,WI,AGL,CE,Federal Contract Tower,0,51,6,0,57,0,0,1,0,1,0,51,7,0,58,0,0,0,58
02/13/2001,CWA,WI,AGL,CE,Federal Contract Tower,0,57,6,0,63,0,0,3,0,3,0,57,9,0,66,0,0,0,66
02/14/2001,CWA,WI,AGL,CE,Federal Contract Tower,0,68,8,0,76,0,0,32,0,32,0,68,40,0,108,34,0,34,142
02/15/2001,CWA,WI,AGL,CE,Federal Contract Tower,0,64,7,0,71,0,0,29,0,29,0,64,36,0,100,38,0,38,138
02/16/2001,CWA,WI,AGL,CE,Federal Contract Tower,0,63,7,0,70,0,3,15,0,18,0,66,22,0,88,20,0,20,108
02/17/2001,CWA,WI,AGL,CE,Federal Contract Tower,0,35,4,0,39,0,5,16,0,21,0,40,20,0,60,30,0,30,90
02/18/2001,CWA,WI,AGL,CE,Federal Contract Tower,0,36,4,0,40,0,0,14,0,14,0,36,18,0,54,4,0,4,58
02/19/2001,CWA,WI,AGL,CE,Federal Contract Tower,0,53,6,0,59,0,0,9,0,9,0,53,15,0,68,4,0,4,72
02/20/2001,CWA,WI,AGL,CE,Federal Contract Tower,0,57,6,0,63,0,8,15,0,23,0,65,21,0,86,6,0,6,92
02/21/2001,CWA,WI,AGL,CE,Federal Contract Tower,0,60,6,0,66,0,0,21,0,21,0,60,27,0,87,14,0,14,101
02/22/2001,CWA,WI,AGL,CE,Federal Contract Tower,0,64,6,1,71,2,0,2,5,9,2,64,8,6,80,0,12,12,92
02/23/2001,CWA,WI,AGL,CE,Federal Contract Tower,0,58,5,0,63,0,2,37,0,39,0,60,42,0,102,34,0,34,136
02/24/2001,CWA,WI,AGL,CE,Federal Contract Tower,0,22,1,0,23,0,1,0,0,1,0,23,1,0,24,0,0,0,24
02/25/2001,CWA,WI,AGL,CE,Federal Contract Tower,0,33,2,0,35,0,0,1,0,1,0,33,3,0,36,0,0,0,36
02/26/2001,CWA,WI,AGL,CE,Federal Contract Tower,0,51,4,0,55,0,3,23,0,26,0,54,27,0,81,18,0,18,99
02/27/2001,CWA,WI,AGL,CE,Federal Contract Tower,0,57,5,0,62,0,3,25,0,28,0,60,30,0,90,24,0,24,114
02/28/2001,CWA,WI,AGL,CE,Federal Contract Tower,0,64,7,0,71,0,0,14,0,14,0,64,21,0,85,0,0,0,85
03/01/2001,CWA,WI,AGL,CE,Federal Contract Tower,0,61,8,0,69,0,0,24,0,24,0,61,32,0,93,20,0,20,113
03/02/2001,CWA,WI,AGL,CE,Federal Contract Tower,0,60,6,1,67,0,0,15,1,16,0,60,21,2,83,22,0,22,105
03/03/2001,CWA,WI,AGL,CE,Federal Contract Tower,0,40,3,0,43,0,0,33,0,33,0,40,36,0,76,46,0,46,122
03/04/2001,CWA,WI,AGL,CE,Federal Contract Tower,0,36,4,1,41,0,0,21,1,22,0,36,25,2,63,38,0,38,101
03/05/2001,CWA,WI,AGL,CE,Federal Contract Tower,0,50,6,0,56,0,4,2,0,6,0,54,8,0,62,10,0,10,72
03/06/2001,CWA,WI,AGL,CE,Federal Contract Tower,0,60,7,2,69,0,0,23,4,27,0,60,30,6,96,28,4,32,128
03/07/2001,CWA,WI,AGL,CE,Federal Contract Tower,0,61,8,1,70,0,0,21,3,24,0,61,29,4,94,18,20,38,132
03/08/2001,CWA,WI,AGL,CE,Federal Contract Tower,0,60,7,0,67,0,0,15,0,15,0,60,22,0,82,12,0,12,94
03/09/2001,CWA,WI,AGL,CE,Federal Contract Tower,0,56,7,0,63,0,4,49,0,53,0,60,56,0,116,30,0,30,146
03/10/2001,CWA,WI,AGL,CE,Federal Contract Tower,0,34,4,0,38,0,6,6,0,12,0,40,10,0,50,10,0,10,60
03/11/2001,CWA,WI,AGL,CE,Federal Contract Tower,0,32,4,0,36,0,2,32,0,34,0,34,36,0,70,74,0,74,144
03/12/2001,CWA,WI,AGL,CE,Federal Contract Tower,0,32,4,0,36,0,1,1,0,2,0,33,5,0,38,0,0,0,38
03/13/2001,CWA,WI,AGL,CE,Federal Contract Tower,0,57,7,2,66,0,0,8,4,12,0,57,15,6,78,8,24,32,110
03/14/2001,CWA,WI,AGL,CE,Federal Contract Tower,0,58,3,1,62,0,6,0,0,6,0,64,3,1,68,0,2,2,70
03/15/2001,CWA,WI,AGL,CE,Federal Contract Tower,0,60,7,2,69,0,5,14,9,28,0,65,21,11,97,16,24,40,137
03/16/2001,CWA,WI,AGL,CE,Federal Contract Tower,0,57,7,0,64,0,1,13,0,14,0,58,20,0,78,6,0,6,84
03/17/2001,CWA,WI,AGL,CE,Federal Contract Tower,0,39,4,0,43,0,1,19,0,20,0,40,23,0,63,10,0,10,73
03/18/2001,CWA,WI,AGL,CE,Federal Contract Tower,0,34,3,0,37,2,0,36,0,38,2,34,39,0,75,42,0,42,117
03/19/2001,CWA,WI,AGL,CE,Federal Contract Tower,0,60,6,2,68,0,0,26,4,30,0,60,32,6,98,52,28,80,178
03/20/2001,CWA,WI,AGL,CE,Federal Contract Tower,0,59,6,0,65,0,0,31,0,31,0,59,37,0,96,34,0,34,130
03/21/2001,CWA,WI,AGL,CE,Federal Contract Tower,0,59,6,2,67,0,0,16,0,16,0,59,22,2,83,58,8,66,149
03/22/2001,CWA,WI,AGL,CE,Federal Contract Tower,0,52,5,0,57,0,2,13,0,15,0,54,18,0,72,14,0,14,86
03/23/2001,CWA,WI,AGL,CE,Federal Contract Tower,0,53,5,0,58,0,5,17,0,22,0,58,22,0,80,12,0,12,92
03/24/2001,CWA,WI,AGL,CE,Federal Contract Tower,0,36,3,0,39,0,0,23,0,23,0,36,26,0,62,4,0,4,66
03/25/2001,CWA,WI,AGL,CE,Federal Contract Tower,0,31,3,0,34,2,0,10,0,12,2,31,13,0,46,0,0,0,46
03/26/2001,CWA,WI,AGL,CE,Federal Contract Tower,0,50,7,1,58,2,0,39,9,50,2,50,46,10,108,20,36,56,164
03/27/2001,CWA,WI,AGL,CE,Federal Contract Tower,0,58,7,1,66,0,6,42,3,51,0,64,49,4,117,68,18,86,203
03/28/2001,CWA,WI,AGL,CE,Federal Contract Tower,0,61,8,1,70,0,0,24,1,25,0,61,32,2,95,28,16,44,139
03/29/2001,CWA,WI,AGL,CE,Federal Contract Tower,0,64,7,1,72,2,0,0,1,3,2,64,7,2,75,0,0,0,75
03/30/2001,CWA,WI,AGL,CE,Federal Contract Tower,0,61,7,0,68,0,0,4,0,4,0,61,11,0,72,18,0,18,90
03/31/2001,CWA,WI,AGL,CE,Federal Contract Tower,0,36,4,0,40,0,2,4,0,6,0,38,8,0,46,12,0,12,58
04/01/2001,CWA,WI,AGL,CE,Federal Contract Tower,1,35,8,0,44,1,0,25,0,26,2,35,33,0,70,26,0,26,96
04/02/2001,CWA,WI,AGL,CE,Federal Contract Tower,1,58,6,0,65,0,0,1,0,1,1,58,7,0,66,0,0,0,66
04/03/2001,CWA,WI,AGL,CE,Federal Contract Tower,0,40,3,0,43,0,26,19,0,45,0,66,22,0,88,26,0,26,114
04/04/2001,CWA,WI,AGL,CE,Federal Contract Tower,1,40,4,0,45,1,25,32,0,58,2,65,36,0,103,18,0,18,121
04/05/2001,CWA,WI,AGL,CE,Federal Contract Tower,0,50,6,0,56,0,13,5,0,18,0,63,11,0,74,0,0,0,74
04/06/2001,CWA,WI,AGL,CE,Federal Contract Tower,0,62,8,1,71,0,7,2,3,12,0,69,10,4,83,26,0,26,109
04/07/2001,CWA,WI,AGL,CE,Federal Contract Tower,0,43,0,0,43,0,0,0,0,0,0,43,0,0,43,0,0,0,43
04/08/2001,CWA,WI,AGL,CE,Federal Contract Tower,0,40,7,2,49,0,0,8,0,8,0,40,15,2,57,10,0,10,67
04/09/2001,CWA,WI,AGL,CE,Federal Contract Tower,0,56,7,2,65,0,8,4,0,12,0,64,11,2,77,2,0,2,79
04/10/2001,CWA,WI,AGL,CE,Federal Contract Tower,0,34,4,0,38,0,34,33,0,67,0,68,37,0,105,22,0,22,127
04/11/2001,CWA,WI,AGL,CE,Federal Contract Tower,0,32,4,0,36,0,24,5,0,29,0,56,9,0,65,0,0,0,65
04/12/2001,CWA,WI,AGL,CE,Federal Contract Tower,0,32,4,0,36,2,35,4,0,41,2,67,8,0,77,0,0,0,77
04/13/2001,CWA,WI,AGL,CE,Federal Contract Tower,0,60,7,0,67,0,0,33,0,33,0,60,40,0,100,52,0,52,152
04/14/2001,CWA,WI,AGL,CE,Federal Contract Tower,0,46,7,0,53,0,0,27,0,27,0,46,34,0,80,40,0,40,120
04/15/2001,CWA,WI,AGL,CE,Federal Contract Tower,0,37,7,0,44,2,0,2,0,4,2,37,9,0,48,0,0,0,48
04/16/2001,CWA,WI,AGL,CE,Federal Contract Tower,0,57,3,0,60,0,0,0,0,0,0,57,3,0,60,0,0,0,60
04/17/2001,CWA,WI,AGL,CE,Federal Contract Tower,0,39,4,2,45,0,28,18,14,60,0,67,22,16,105,24,26,50,155
04/18/2001,CWA,WI,AGL,CE,Federal Contract Tower,0,36,4,0,40,0,34,48,0,82,0,70,52,0,122,56,0,56,178
04/19/2001,CWA,WI,AGL,CE,Federal Contract Tower,0,60,6,2,68,0,5,24,18,47,0,65,30,20,115,20,48,68,183
04/20/2001,CWA,WI,AGL,CE,Federal Contract Tower,0,59,6,0,65,0,11,14,0,25,0,70,20,0,90,12,0,12,102
04/21/2001,CWA,WI,AGL,CE,Federal Contract Tower,0,44,6,0,50,0,0,14,0,14,0,44,20,0,64,0,0,0,64
04/22/2001,CWA,WI,AGL,CE,Federal Contract Tower,0,35,5,0,40,0,0,7,0,7,0,35,12,0,47,0,0,0,47
04/23/2001,CWA,WI,AGL,CE,Federal Contract Tower,0,53,5,0,58,0,4,0,0,4,0,57,5,0,62,0,0,0,62
04/24/2001,CWA,WI,AGL,CE,Federal Contract Tower,0,40,3,0,43,0,26,25,0,51,0,66,28,0,94,18,0,18,112
04/25/2001,CWA,WI,AGL,CE,Federal Contract Tower,0,32,3,1,36,0,33,31,9,73,0,65,34,10,109,44,16,60,169
04/26/2001,CWA,WI,AGL,CE,Federal Contract Tower,0,57,6,2,65,0,8,17,6,31,0,65,23,8,96,26,32,58,154
04/27/2001,CWA,WI,AGL,CE,Federal Contract Tower,0,58,7,0,65,0,9,55,0,64,0,67,62,0,129,28,0,28,157
04/28/2001,CWA,WI,AGL,CE,Federal Contract Tower,0,41,8,0,49,0,0,11,0,11,0,41,19,0,60,30,0,30,90
04/29/2001,CWA,WI,AGL,CE,Federal Contract Tower,0,35,8,0,43,0,0,12,0,12,0,35,20,0,55,28,0,28,83
04/30/2001,CWA,WI,AGL,CE,Federal Contract Tower,0,62,7,0,69,0,0,11,0,11,0,62,18,0,80,0,0,0,80
05/01/2001,CWA,WI,AGL,CE,Federal Contract Tower,0,65,20,0,85,0,0,4,0,4,0,65,24,0,89,20,0,20,109
05/02/2001,CWA,WI,AGL,CE,Federal Contract Tower,0,72,16,0,88,0,0,7,0,7,0,72,23,0,95,14,0,14,109
05/03/2001,CWA,WI,AGL,CE,Federal Contract Tower,0,62,8,0,70,0,0,13,0,13,0,62,21,0,83,26,0,26,109
05/04/2001,CWA,WI,AGL,CE,Federal Contract Tower,0,67,8,2,77,0,0,16,0,16,0,67,24,2,93,32,0,32,125
05/05/2001,CWA,WI,AGL,CE,Federal Contract Tower,0,47,2,0,49,0,0,18,0,18,0,47,20,0,67,30,0,30,97
05/06/2001,CWA,WI,AGL,CE,Federal Contract Tower,0,33,2,2,37,0,0,12,0,12,0,33,14,2,49,18,0,18,67
05/07/2001,CWA,WI,AGL,CE,Federal Contract Tower,0,65,8,0,73,0,0,9,0,9,0,65,17,0,82,18,0,18,100
05/08/2001,CWA,WI,AGL,CE,Federal Contract Tower,0,64,8,2,74,0,0,22,0,22,0,64,30,2,96,16,2,18,114
05/09/2001,CWA,WI,AGL,CE,Federal Contract Tower,0,60,6,2,68,0,1,44,0,45,0,61,50,2,113,14,12,26,139
05/10/2001,CWA,WI,AGL,CE,Federal Contract Tower,0,60,10,0,70,0,1,23,0,24,0,61,33,0,94,30,0,30,124
05/11/2001,CWA,WI,AGL,CE,Federal Contract Tower,0,66,11,1,78,0,0,19,0,19,0,66,30,1,97,42,0,42,139
05/12/2001,CWA,WI,AGL,CE,Federal Contract Tower,0,45,6,0,51,0,0,31,0,31,0,45,37,0,82,42,0,42,124
05/13/2001,CWA,WI,AGL,CE,Federal Contract Tower,0,40,2,1,43,0,0,28,0,28,0,40,30,1,71,34,0,34,105
05/14/2001,CWA,WI,AGL,CE,Federal Contract Tower,0,60,10,0,70,0,0,10,0,10,0,60,20,0,80,6,0,6,86
05/15/2001,CWA,WI,AGL,CE,Federal Contract Tower,0,67,10,0,77,0,0,13,0,13,0,67,23,0,90,32,0,32,122
05/16/2001,CWA,WI,AGL,CE,Federal Contract Tower,0,64,10,0,74,0,1,38,0,39,0,65,48,0,113,28,0,28,141
05/17/2001,CWA,WI,AGL,CE,Federal Contract Tower,0,62,12,0,74,0,0,14,0,14,0,62,26,0,88,28,0,28,116
05/18/2001,CWA,WI,AGL,CE,Federal Contract Tower,0,64,9,0,73,0,0,26,0,26,0,64,35,0,99,38,0,38,137
05/19/2001,CWA,WI,AGL,CE,Federal Contract Tower,0,45,5,0,50,0,0,43,0,43,0,45,48,0,93,52,0,52,145
05/20/2001,CWA,WI,AGL,CE,Federal Contract Tower,0,39,4,0,43,0,0,19,0,19,0,39,23,0,62,38,0,38,100
05/21/2001,CWA,WI,AGL,CE,Federal Contract Tower,0,55,4,6,65,0,0,12,6,18,0,55,16,12,83,10,48,58,141
05/22/2001,CWA,WI,AGL,CE,Federal Contract Tower,0,69,1,2,72,0,0,2,2,4,0,69,3,4,76,4,4,8,84
05/23/2001,CWA,WI,AGL,CE,Federal Contract Tower,0,73,8,0,81,0,0,8,0,8,0,73,16,0,89,14,0,14,103
05/24/2001,CWA,WI,AGL,CE,Federal Contract Tower,0,68,5,0,73,0,0,3,0,3,0,68,8,0,76,10,0,10,86
05/25/2001,CWA,WI,AGL,CE,Federal Contract Tower,0,68,7,0,75,0,0,39,0,39,0,68,46,0,114,16,0,16,130
05/26/2001,CWA,WI,AGL,CE,Federal Contract Tower,0,45,2,0,47,0,0,16,0,16,0,45,18,0,63,16,0,16,79
05/27/2001,CWA,WI,AGL,CE,Federal Contract Tower,0,31,2,0,33,0,0,12,0,12,0,31,14,0,45,20,0,20,65
05/28/2001,CWA,WI,AGL,CE,Federal Contract Tower,0,37,2,0,39,0,0,30,0,30,0,37,32,0,69,34,0,34,103
05/29/2001,CWA,WI,AGL,CE,Federal Contract Tower,0,66,9,0,75,0,0,26,0,26,0,66,35,0,101,26,0,26,127
05/30/2001,CWA,WI,AGL,CE,Federal Contract Tower,0,67,1,0,68,0,1,26,0,27,0,68,27,0,95,80,0,80,175
05/31/2001,CWA,WI,AGL,CE,Federal Contract Tower,0,70,7,0,77,0,0,13,0,13,0,70,20,0,90,28,0,28,118
06/01/2001,CWA,WI,AGL,CE,Federal Contract Tower,0,66,8,2,76,0,0,18,0,18,0,66,26,2,94,26,0,26,120
06/02/2001,CWA,WI,AGL,CE,Federal Contract Tower,0,41,3,0,44,0,0,3,0,3,0,41,6,0,47,2,0,2,49
06/03/2001,CWA,WI,AGL,CE,Federal Contract Tower,0,38,16,3,57,0,0,16,7,23,0,38,32,10,80,22,18,40,120
06/04/2001,CWA,WI,AGL,CE,Federal Contract Tower,2,66,6,2,76,0,0,19,2,21,2,66,25,4,97,30,16,46,143
06/05/2001,CWA,WI,AGL,CE,Federal Contract Tower,0,66,6,0,72,0,0,7,2,9,0,66,13,2,81,16,2,18,99
06/06/2001,CWA,WI,AGL,CE,Federal Contract Tower,0,64,10,0,74,0,0,15,0,15,0,64,25,0,89,36,0,36,125
06/07/2001,CWA,WI,AGL,CE,Federal Contract Tower,2,64,8,0,74,0,0,22,0,22,2,64,30,0,96,40,0,40,136
06/08/2001,CWA,WI,AGL,CE,Federal Contract Tower,0,62,3,0,65,0,3,25,0,28,0,65,28,0,93,44,0,44,137
06/09/2001,CWA,WI,AGL,CE,Federal Contract Tower,0,42,4,0,46,0,0,20,0,20,0,42,24,0,66,36,0,36,102
06/10/2001,CWA,WI,AGL,CE,Federal Contract Tower,0,42,4,0,46,0,0,9,0,9,0,42,13,0,55,16,0,16,71
06/11/2001,CWA,WI,AGL,CE,Federal Contract Tower,0,50,4,4,58,0,0,9,8,17,0,50,13,12,75,26,36,62,137
06/12/2001,CWA,WI,AGL,CE,Federal Contract Tower,0,60,5,2,67,0,0,15,2,17,0,60,20,4,84,24,16,40,124
06/13/2001,CWA,WI,AGL,CE,Federal Contract Tower,0,64,10,0,74,0,0,16,0,16,0,64,26,0,90,38,0,38,128
06/14/2001,CWA,WI,AGL,CE,Federal Contract Tower,0,66,5,2,73,0,1,5,2,8,0,67,10,4,81,8,4,12,93
06/15/2001,CWA,WI,AGL,CE,Federal Contract Tower,0,60,5,0,65,0,0,10,0,10,0,60,15,0,75,26,0,26,101
06/16/2001,CWA,WI,AGL,CE,Federal Contract Tower,0,42,8,0,50,0,0,116,0,116,0,42,124,0,166,60,0,60,226
06/17/2001,CWA,WI,AGL,CE,Federal Contract Tower,0,36,5,0,41,0,0,23,0,23,0,36,28,0,64,38,0,38,102
06/18/2001,CWA,WI,AGL,CE,Federal Contract Tower,0,56,10,0,66,0,0,3,0,3,0,56,13,0,69,12,0,12,81
06/19/2001,CWA,WI,AGL,CE,Federal Contract Tower,0,69,5,0,74,0,0,19,2,21,0,69,24,2,95,34,2,36,131
06/20/2001,CWA,WI,AGL,CE,Federal Contract Tower,0,66,6,0,72,0,5,39,0,44,0,71,45,0,116,58,0,58,174
06/21/2001,CWA,WI,AGL,CE,Federal Contract Tower,0,57,10,2,69,0,1,22,2,25,0,58,32,4,94,30,14,44,138
06/22/2001,CWA,WI,AGL,CE,Federal Contract Tower,0,67,7,0,74,0,0,21,0,21,0,67,28,0,95,26,0,26,121
06/23/2001,CWA,WI,AGL,CE,Federal Contract Tower,0,42,1,0,43,0,0,41,0,41,0,42,42,0,84,10,0,10,94
06/24/2001,CWA,WI,AGL,CE,Federal Contract Tower,0,40,5,0,45,0,0,29,0,29,0,40,34,0,74,14,0,14,88
06/25/2001,CWA,WI,AGL,CE,Federal Contract Tower,0,64,6,0,70,0,0,19,0,19,0,64,25,0,89,28,0,28,117
06/26/2001,CWA,WI,AGL,CE,Federal Contract Tower,0,70,5,0,75,0,0,25,0,25,0,70,30,0,100,30,0,30,130
06/27/2001,CWA,WI,AGL,CE,Federal Contract Tower,0,68,2,0,70,0,0,24,0,24,0,68,26,0,94,36,0,36,130
06/28/2001,CWA,WI,AGL,CE,Federal Contract Tower,0,71,8,0,79,0,1,37,0,38,0,72,45,0,117,52,0,52,169
06/29/2001,CWA,WI,AGL,CE,Federal Contract Tower,0,70,4,0,74,0,0,22,0,22,0,70,26,0,96,26,0,26,122
06/30/2001,CWA,WI,AGL,CE,Federal Contract Tower,0,44,1,0,45,0,0,30,0,30,0,44,31,0,75,18,0,18,93
07/01/2001,CWA,WI,AGL,CE,Federal Contract Tower,0,40,5,0,45,0,0,21,0,21,0,40,26,0,66,28,0,28,94
07/02/2001,CWA,WI,AGL,CE,Federal Contract Tower,0,60,2,1,63,0,0,20,1,21,0,60,22,2,84,20,0,20,104
07/03/2001,CWA,WI,AGL,CE,Federal Contract Tower,0,64,0,0,64,0,0,30,0,30,0,64,30,0,94,72,0,72,166
07/04/2001,CWA,WI,AGL,CE,Federal Contract Tower,0,35,0,0,35,0,0,28,0,28,0,35,28,0,63,40,0,40,103
07/05/2001,CWA,WI,AGL,CE,Federal Contract Tower,0,62,6,0,68,0,0,46,0,46,0,62,52,0,114,44,0,44,158
07/06/2001,CWA,WI,AGL,CE,Federal Contract Tower,0,68,8,4,80,0,0,16,4,20,0,68,24,8,100,38,0,38,138
07/07/2001,CWA,WI,AGL,CE,Federal Contract Tower,0,40,8,0,48,0,0,32,0,32,0,40,40,0,80,42,0,42,122
07/08/2001,CWA,WI,AGL,CE,Federal Contract Tower,0,41,4,1,46,0,0,36,1,37,0,41,40,2,83,58,6,64,147
07/09/2001,CWA,WI,AGL,CE,Federal Contract Tower,2,68,2,0,72,0,0,18,0,18,2,68,20,0,90,36,0,36,126
07/10/2001,CWA,WI,AGL,CE,Federal Contract Tower,2,64,5,2,73,0,5,31,0,36,2,69,36,2,109,22,0,22,131
07/11/2001,CWA,WI,AGL,CE,Federal Contract Tower,2,60,10,2,74,0,1,17,0,18,2,61,27,2,92,36,4,40,132
07/12/2001,CWA,WI,AGL,CE,Federal Contract Tower,2,68,8,0,78,0,0,27,0,27,2,68,35,0,105,20,0,20,125
07/13/2001,CWA,WI,AGL,CE,Federal Contract Tower,0,66,5,0,71,0,0,26,0,26,0,66,31,0,97,22,0,22,119
07/14/2001,CWA,WI,AGL,CE,Federal Contract Tower,0,42,2,0,44,0,2,27,2,31,0,44,29,2,75,42,6,48,123
07/15/2001,CWA,WI,AGL,CE,Federal Contract Tower,0,36,6,0,42,0,0,23,0,23,0,36,29,0,65,30,0,30,95
07/16/2001,CWA,WI,AGL,CE,Federal Contract Tower,0,58,7,4,69,0,1,24,10,35,0,59,31,14,104,12,46,58,162
07/17/2001,CWA,WI,AGL,CE,Federal Contract Tower,0,65,2,5,72,0,0,18,5,23,0,65,20,10,95,24,14,38,133
07/18/2001,CWA,WI,AGL,CE,Federal Contract Tower,0,70,7,0,77,0,0,28,0,28,0,70,35,0,105,30,0,30,135
07/19/2001,CWA,WI,AGL,CE,Federal Contract Tower,0,66,8,2,76,0,0,12,0,12,0,66,20,2,88,30,28,58,146
07/20/2001,CWA,WI,AGL,CE,Federal Contract Tower,0,65,7,0,72,0,0,22,0,22,0,65,29,0,94,26,0,26,120
07/21/2001,CWA,WI,AGL,CE,Federal Contract Tower,0,44,4,0,48,0,0,12,0,12,0,44,16,0,60,20,0,20,80
07/22/2001,CWA,WI,AGL,CE,Federal Contract Tower,0,34,0,0,34,0,0,9,0,9,0,34,9,0,43,0,0,0,43
07/23/2001,CWA,WI,AGL,CE,Federal Contract Tower,0,62,11,6,79,0,0,16,1,17,0,62,27,7,96,14,30,44,140
07/24/2001,CWA,WI,AGL,CE,Federal Contract Tower,0,64,1,0,65,0,0,31,0,31,0,64,32,0,96,16,0,16,112
07/25/2001,CWA,WI,AGL,CE,Federal Contract Tower,0,66,10,0,76,0,10,36,2,48,0,76,46,2,124,40,0,40,164
07/26/2001,CWA,WI,AGL,CE,Federal Contract Tower,0,71,10,0,81,0,0,32,0,32,0,71,42,0,113,30,0,30,143
07/27/2001,CWA,WI,AGL,CE,Federal Contract Tower,0,69,4,0,73,0,1,36,2,39,0,70,40,2,112,28,0,28,140
07/28/2001,CWA,WI,AGL,CE,Federal Contract Tower,0,39,3,0,42,0,0,7,0,7,0,39,10,0,49,0,0,0,49
07/29/2001,CWA,WI,AGL,CE,Federal Contract Tower,0,32,4,0,36,0,0,27,2,29,0,32,31,2,65,16,0,16,81
07/30/2001,CWA,WI,AGL,CE,Federal Contract Tower,0,64,13,0,77,0,0,5,0,5,0,64,18,0,82,32,0,32,114
07/31/2001,CWA,WI,AGL,CE,Federal Contract Tower,0,68,9,0,77,0,0,23,0,23,0,68,32,0,100,60,0,60,160
08/01/2001,CWA,WI,AGL,CE,Federal Contract Tower,0,69,14,0,83,0,1,10,0,11,0,70,24,0,94,22,0,22,116
08/02/2001,CWA,WI,AGL,CE,Federal Contract Tower,0,60,10,0,70,0,0,16,0,16,0,60,26,0,86,52,0,52,138
08/03/2001,CWA,WI,AGL,CE,Federal Contract Tower,0,61,7,0,68,0,0,22,0,22,0,61,29,0,90,42,0,42,132
08/04/2001,CWA,WI,AGL,CE,Federal Contract Tower,0,41,3,0,44,0,0,34,0,34,0,41,37,0,78,12,0,12,90
08/05/2001,CWA,WI,AGL,CE,Federal Contract Tower,2,38,2,0,42,0,0,16,0,16,2,38,18,0,58,32,0,32,90
08/06/2001,CWA,WI,AGL,CE,Federal Contract Tower,0,60,10,4,74,0,1,11,4,16,0,61,21,8,90,52,28,80,170
08/07/2001,CWA,WI,AGL,CE,Federal Contract Tower,0,63,3,2,68,0,1,17,8,26,0,64,20,10,94,54,32,86,180
08/08/2001,CWA,WI,AGL,CE,Federal Contract Tower,2,62,8,3,75,0,0,19,1,20,2,62,27,4,95,52,6,58,153
08/09/2001,CWA,WI,AGL,CE,Federal Contract Tower,0,59,8,2,69,0,1,8,0,9,0,60,16,2,78,6,2,8,86
08/10/2001,CWA,WI,AGL,CE,Federal Contract Tower,0,60,3,0,63,0,1,29,0,30,0,61,32,0,93,54,0,54,147
08/11/2001,CWA,WI,AGL,CE,Federal Contract Tower,0,38,2,0,40,0,0,50,0,50,0,38,52,0,90,52,0,52,142
08/12/2001,CWA,WI,AGL,CE,Federal Contract Tower,0,36,6,0,42,0,0,27,0,27,0,36,33,0,69,40,0,40,109
08/13/2001,CWA,WI,AGL,CE,Federal Contract Tower,0,58,2,0,60,0,1,39,0,40,0,59,41,0,100,52,0,52,152
08/14/2001,CWA,WI,AGL,CE,Federal Contract Tower,0,71,4,4,79,0,0,43,10,53,0,71,47,14,132,42,46,88,220
08/15/2001,CWA,WI,AGL,CE,Federal Contract Tower,0,63,9,0,72,0,0,0,0,0,0,63,9,0,72,0,0,0,72
08/16/2001,CWA,WI,AGL,CE,Federal Contract Tower,0,66,11,5,82,0,0,12,6,18,0,66,23,11,100,22,40,62,162
08/17/2001,CWA,WI,AGL,CE,Federal Contract Tower,0,59,8,0,67,0,0,41,0,41,0,59,49,0,108,38,0,38,146
08/18/2001,CWA,WI,AGL,CE,Federal Contract Tower,0,38,9,0,47,0,0,0,0,0,0,38,9,0,47,22,0,22,69
08/19/2001,CWA,WI,AGL,CE,Federal Contract Tower,0,38,6,2,46,0,0,26,8,34,0,38,32,10,80,24,22,46,126
08/20/2001,CWA,WI,AGL,CE,Federal Contract Tower,0,60,16,8,84,0,0,34,6,40,0,60,50,14,124,56,20,76,200
08/21/2001,CWA,WI,AGL,CE,Federal Contract Tower,0,62,6,2,70,0,1,13,0,14,0,63,19,2,84,32,4,36,120
08/22/2001,CWA,WI,AGL,CE,Federal Contract Tower,0,62,6,0,68,0,2,21,1,24,0,64,27,1,92,48,4,52,144
08/23/2001,CWA,WI,AGL,CE,Federal Contract Tower,0,62,12,0,74,0,1,23,0,24,0,63,35,0,98,22,0,22,120
08/24/2001,CWA,WI,AGL,CE,Federal Contract Tower,0,61,8,5,74,0,0,14,4,18,0,61,22,9,92,36,28,64,156
08/25/2001,CWA,WI,AGL,CE,Federal Contract Tower,0,41,3,0,44,0,0,0,0,0,0,41,3,0,44,0,0,0,44
08/26/2001,CWA,WI,AGL,CE,Federal Contract Tower,0,38,3,0,41,0,0,64,0,64,0,38,67,0,105,52,0,52,157
08/27/2001,CWA,WI,AGL,CE,Federal Contract Tower,0,57,15,0,72,0,0,24,0,24,0,57,39,0,96,44,0,44,140
08/28/2001,CWA,WI,AGL,CE,Federal Contract Tower,0,69,4,6,79,0,0,40,2,42,0,69,44,8,121,56,54,110,231
08/29/2001,CWA,WI,AGL,CE,Federal Contract Tower,0,66,6,0,72,0,0,26,0,26,0,66,32,0,98,28,0,28,126
08/30/2001,CWA,WI,AGL,CE,Federal Contract Tower,0,63,3,7,73,0,0,15,5,20,0,63,18,12,93,18,52,70,163
08/31/2001,CWA,WI,AGL,CE,Federal Contract Tower,0,66,10,0,76,0,0,23,0,23,0,66,33,0,99,44,2,46,145
09/01/2001,CWA,WI,AGL,CE,Federal Contract Tower,0,39,5,0,44,0,1,21,0,22,0,40,26,0,66,38,0,38,104
09/02/2001,CWA,WI,AGL,CE,Federal Contract Tower,0,27,0,0,27,0,1,18,0,19,0,28,18,0,46,4,0,4,50
09/03/2001,CWA,WI,AGL,CE,Federal Contract Tower,0,36,5,0,41,0,1,20,0,21,0,37,25,0,62,40,0,40,102
09/04/2001,CWA,WI,AGL,CE,Federal Contract Tower,0,58,2,0,60,0,2,36,0,38,0,60,38,0,98,42,0,42,140
09/05/2001,CWA,WI,AGL,CE,Federal Contract Tower,0,63,5,2,70,0,1,42,0,43,0,64,47,2,113,52,16,68,181
09/06/2001,CWA,WI,AGL,CE,Federal Contract Tower,0,66,9,0,75,0,0,17,0,17,0,66,26,0,92,22,0,22,114
09/07/2001,CWA,WI,AGL,CE,Federal Contract Tower,0,50,5,0,55,0,0,10,0,10,0,50,15,0,65,14,0,14,79
09/08/2001,CWA,WI,AGL,CE,Federal Contract Tower,0,42,2,0,44,0,0,8,0,8,0,42,10,0,52,12,0,12,64
09/09/2001,CWA,WI,AGL,CE,Federal Contract Tower,0,36,9,4,49,0,0,1,0,1,0,36,10,4,50,0,0,0,50
09/10/2001,CWA,WI,AGL,CE,Federal Contract Tower,0,63,4,2,69,0,0,35,0,35,0,63,39,2,104,18,12,30,134
09/11/2001,CWA,WI,AGL,CE,Federal Contract Tower,0,10,2,0,12,0,0,0,0,0,0,10,2,0,12,0,0,0,12
09/12/2001,CWA,WI,AGL,CE,Federal Contract Tower,0,0,0,0,0,0,0,0,0,0,0,0,0,0,0,0,0,0,0
09/13/2001,CWA,WI,AGL,CE,Federal Contract Tower,0,24,0,0,24,0,0,0,0,0,0,24,0,0,24,0,0,0,24
09/14/2001,CWA,WI,AGL,CE,Federal Contract Tower,0,59,1,6,66,0,0,0,0,0,0,59,1,6,66,0,6,6,72
09/15/2001,CWA,WI,AGL,CE,Federal Contract Tower,0,36,5,0,41,0,0,2,0,2,0,36,7,0,43,0,0,0,43
09/16/2001,CWA,WI,AGL,CE,Federal Contract Tower,0,32,4,0,36,0,0,0,0,0,0,32,4,0,36,0,0,0,36
09/17/2001,CWA,WI,AGL,CE,Federal Contract Tower,0,52,4,1,57,0,0,0,7,7,0,52,4,8,64,0,0,0,64
09/18/2001,CWA,WI,AGL,CE,Federal Contract Tower,0,62,22,0,84,0,0,0,0,0,0,62,22,0,84,0,0,0,84
09/19/2001,CWA,WI,AGL,CE,Federal Contract Tower,0,62,5,0,67,0,0,0,0,0,0,62,5,0,67,0,0,0,67
09/20/2001,CWA,WI,AGL,CE,Federal Contract Tower,0,63,12,0,75,0,0,6,0,6,0,63,18,0,81,0,0,0,81
09/21/2001,CWA,WI,AGL,CE,Federal Contract Tower,0,58,1,0,59,0,0,13,0,13,0,58,14,0,72,14,0,14,86
09/22/2001,CWA,WI,AGL,CE,Federal Contract Tower,0,35,4,0,39,0,1,6,0,7,0,36,10,0,46,0,0,0,46
09/23/2001,CWA,WI,AGL,CE,Federal Contract Tower,0,35,4,0,39,0,0,0,0,0,0,35,4,0,39,0,0,0,39
09/24/2001,CWA,WI,AGL,CE,Federal Contract Tower,0,50,8,6,64,0,0,5,8,13,0,50,13,14,77,10,36,46,123
09/25/2001,CWA,WI,AGL,CE,Federal Contract Tower,0,60,4,6,70,0,0,11,10,21,0,60,15,16,91,38,46,84,175
09/26/2001,CWA,WI,AGL,CE,Federal Contract Tower,0,58,8,0,66,0,1,28,0,29,0,59,36,0,95,18,0,18,113
09/27/2001,CWA,WI,AGL,CE,Federal Contract Tower,0,57,3,6,66,0,0,34,0,34,0,57,37,6,100,10,28,38,138
09/28/2001,CWA,WI,AGL,CE,Federal Contract Tower,0,59,6,0,65,0,4,11,0,15,0,63,17,0,80,8,0,8,88
09/29/2001,CWA,WI,AGL,CE,Federal Contract Tower,0,37,2,0,39,0,0,17,0,17,0,37,19,0,56,8,0,8,64
09/30/2001,CWA,WI,AGL,CE,Federal Contract Tower,0,34,2,0,36,0,0,34,0,34,0,34,36,0,70,26,0,26,96
10/01/2001,CWA,WI,AGL,CE,Federal Contract Tower,0,59,6,8,73,0,0,22,4,26,0,59,28,12,99,28,40,68,167
10/02/2001,CWA,WI,AGL,CE,Federal Contract Tower,0,60,3,0,63,0,2,22,0,24,0,62,25,0,87,14,0,14,101
10/03/2001,CWA,WI,AGL,CE,Federal Contract Tower,0,69,14,0,83,0,0,0,0,0,0,69,14,0,83,0,0,0,83
10/04/2001,CWA,WI,AGL,CE,Federal Contract Tower,0,68,1,10,79,0,0,23,6,29,0,68,24,16,108,24,20,44,152
10/05/2001,CWA,WI,AGL,CE,Federal Contract Tower,0,60,5,0,65,0,0,17,2,19,0,60,22,2,84,24,0,24,108
10/06/2001,CWA,WI,AGL,CE,Federal Contract Tower,0,32,0,0,32,0,0,13,0,13,0,32,13,0,45,20,0,20,65
10/07/2001,CWA,WI,AGL,CE,Federal Contract Tower,0,37,1,0,38,0,0,44,0,44,0,37,45,0,82,32,0,32,114
10/08/2001,CWA,WI,AGL,CE,Federal Contract Tower,0,52,5,0,57,0,0,16,0,16,0,52,21,0,73,10,0,10,83
10/09/2001,CWA,WI,AGL,CE,Federal Contract Tower,0,64,2,0,66,0,0,18,0,18,0,64,20,0,84,10,0,10,94
10/10/2001,CWA,WI,AGL,CE,Federal Contract Tower,0,75,11,2,88,0,0,9,0,9,0,75,20,2,97,6,0,6,103
10/11/2001,CWA,WI,AGL,CE,Federal Contract Tower,0,60,7,0,67,0,0,33,0,33,0,60,40,0,100,26,0,26,126
10/12/2001,CWA,WI,AGL,CE,Federal Contract Tower,0,59,10,6,75,0,0,28,6,34,0,59,38,12,109,36,24,60,169
10/13/2001,CWA,WI,AGL,CE,Federal Contract Tower,0,32,4,0,36,0,0,0,0,0,0,32,4,0,36,0,0,0,36
10/14/2001,CWA,WI,AGL,CE,Federal Contract Tower,0,32,3,2,37,0,0,12,0,12,0,32,15,2,49,32,0,32,81
10/15/2001,CWA,WI,AGL,CE,Federal Contract Tower,0,47,5,2,54,0,0,13,2,15,0,47,18,4,69,2,16,18,87
10/16/2001,CWA,WI,AGL,CE,Federal Contract Tower,0,59,8,0,67,0,2,18,0,20,0,61,26,0,87,16,0,16,103
10/17/2001,CWA,WI,AGL,CE,Federal Contract Tower,0,61,6,7,74,0,0,38,5,43,0,61,44,12,117,42,40,82,199
10/18/2001,CWA,WI,AGL,CE,Federal Contract Tower,0,60,10,0,70,0,0,10,0,10,0,60,20,0,80,52,0,52,132
10/19/2001,CWA,WI,AGL,CE,Federal Contract Tower,0,62,8,0,70,0,0,18,0,18,0,62,26,0,88,54,0,54,142
10/20/2001,CWA,WI,AGL,CE,Federal Contract Tower,0,36,2,0,38,0,0,16,0,16,0,36,18,0,54,12,0,12,66
10/21/2001,CWA,WI,AGL,CE,Federal Contract Tower,2,39,0,0,41,0,0,22,0,22,2,39,22,0,63,30,0,30,93
10/22/2001,CWA,WI,AGL,CE,Federal Contract Tower,0,53,10,0,63,0,0,8,0,8,0,53,18,0,71,30,0,30,101
10/23/2001,CWA,WI,AGL,CE,Federal Contract Tower,0,60,5,0,65,0,0,10,0,10,0,60,15,0,75,8,0,8,83
10/24/2001,CWA,WI,AGL,CE,Federal Contract Tower,0,68,20,0,88,0,0,0,0,0,0,68,20,0,88,0,0,0,88
10/25/2001,CWA,WI,AGL,CE,Federal Contract Tower,2,62,10,0,74,0,0,0,0,0,2,62,10,0,74,0,0,0,74
10/26/2001,CWA,WI,AGL,CE,Federal Contract Tower,0,64,7,0,71,0,2,20,0,22,0,66,27,0,93,0,0,0,93
10/27/2001,CWA,WI,AGL,CE,Federal Contract Tower,0,37,1,0,38,0,0,18,0,18,0,37,19,0,56,48,48,96,152
10/28/2001,CWA,WI,AGL,CE,Federal Contract Tower,0,38,0,0,38,0,0,23,4,27,0,38,23,4,65,8,0,8,73
10/29/2001,CWA,WI,AGL,CE,Federal Contract Tower,0,55,4,0,59,0,0,48,0,48,0,55,52,0,107,44,0,44,151
10/30/2001,CWA,WI,AGL,CE,Federal Contract Tower,4,57,21,0,82,0,0,16,0,16,4,57,37,0,98,2,0,2,100
10/31/2001,CWA,WI,AGL,CE,Federal Contract Tower,4,54,12,2,72,0,0,28,0,28,4,54,40,2,100,18,20,38,138
11/01/2001,CWA,WI,AGL,CE,Federal Contract Tower,4,53,11,0,68,0,1,18,0,19,4,54,29,0,87,10,0,10,97
11/02/2001,CWA,WI,AGL,CE,Federal Contract Tower,4,53,0,2,59,0,1,24,0,25,4,54,24,2,84,8,0,8,92
11/03/2001,CWA,WI,AGL,CE,Federal Contract Tower,0,36,6,0,42,0,0,44,0,44,0,36,50,0,86,44,0,44,130
11/04/2001,CWA,WI,AGL,CE,Federal Contract Tower,0,37,4,2,43,0,0,22,0,22,0,37,26,2,65,30,0,30,95
11/05/2001,CWA,WI,AGL,CE,Federal Contract Tower,0,54,10,2,66,0,0,14,8,22,0,54,24,10,88,30,32,62,150
11/06/2001,CWA,WI,AGL,CE,Federal Contract Tower,2,56,10,0,68,0,0,30,0,30,2,56,40,0,98,30,0,30,128
11/07/2001,CWA,WI,AGL,CE,Federal Contract Tower,1,58,15,0,74,0,0,14,0,14,1,58,29,0,88,4,0,4,92
11/08/2001,CWA,WI,AGL,CE,Federal Contract Tower,0,54,6,2,62,0,0,20,0,20,0,54,26,2,82,42,6,48,130
11/09/2001,CWA,WI,AGL,CE,Federal Contract Tower,2,57,3,0,62,0,0,26,0,26,2,57,29,0,88,26,0,26,114
11/10/2001,CWA,WI,AGL,CE,Federal Contract Tower,2,33,0,0,35,0,0,30,0,30,2,33,30,0,65,32,0,32,97
11/11/2001,CWA,WI,AGL,CE,Federal Contract Tower,4,30,5,0,39,0,0,28,0,28,4,30,33,0,67,30,0,30,97
11/12/2001,CWA,WI,AGL,CE,Federal Contract Tower,4,46,8,0,58,0,0,19,0,19,4,46,27,0,77,40,0,40,117
11/13/2001,CWA,WI,AGL,CE,Federal Contract Tower,4,48,9,2,63,0,0,2,0,2,4,48,11,2,65,0,12,12,77
11/14/2001,CWA,WI,AGL,CE,Federal Contract Tower,2,63,26,4,95,0,0,0,0,0,2,63,26,4,95,0,0,0,95
11/15/2001,CWA,WI,AGL,CE,Federal Contract Tower,0,62,10,6,78,0,0,18,2,20,0,62,28,8,98,20,32,52,150
11/16/2001,CWA,WI,AGL,CE,Federal Contract Tower,0,52,6,0,58,0,0,33,0,33,0,52,39,0,91,38,0,38,129
11/17/2001,CWA,WI,AGL,CE,Federal Contract Tower,0,36,6,0,42,0,0,15,0,15,0,36,21,0,57,12,0,12,69
11/18/2001,CWA,WI,AGL,CE,Federal Contract Tower,0,32,2,0,34,0,0,8,0,8,0,32,10,0,42,8,0,8,50
11/19/2001,CWA,WI,AGL,CE,Federal Contract Tower,0,50,3,0,53,0,0,4,0,4,0,50,7,0,57,6,0,6,63
11/20/2001,CWA,WI,AGL,CE,Federal Contract Tower,0,58,3,3,64,0,0,27,1,28,0,58,30,4,92,32,12,44,136
11/21/2001,CWA,WI,AGL,CE,Federal Contract Tower,0,57,3,6,66,0,0,42,3,45,0,57,45,9,111,34,28,62,173
11/22/2001,CWA,WI,AGL,CE,Federal Contract Tower,0,27,1,0,28,0,0,9,0,9,0,27,10,0,37,16,0,16,53
11/23/2001,CWA,WI,AGL,CE,Federal Contract Tower,0,47,0,0,47,0,0,22,0,22,0,47,22,0,69,44,0,44,113
11/24/2001,CWA,WI,AGL,CE,Federal Contract Tower,0,33,3,0,36,0,0,0,0,0,0,33,3,0,36,0,0,0,36
11/25/2001,CWA,WI,AGL,CE,Federal Contract Tower,0,32,2,0,34,0,0,2,0,2,0,32,4,0,36,0,0,0,36
11/26/2001,CWA,WI,AGL,CE,Federal Contract Tower,4,44,5,0,53,0,0,0,0,0,4,44,5,0,53,0,0,0,53
11/27/2001,CWA,WI,AGL,CE,Federal Contract Tower,0,51,6,0,57,0,0,0,0,0,0,51,6,0,57,2,2,4,61
11/28/2001,CWA,WI,AGL,CE,Federal Contract Tower,0,62,4,0,66,0,0,4,0,4,0,62,8,0,70,0,0,0,70
11/29/2001,CWA,WI,AGL,CE,Federal Contract Tower,0,57,19,0,76,0,0,0,0,0,0,57,19,0,76,0,0,0,76
11/30/2001,CWA,WI,AGL,CE,Federal Contract Tower,0,51,8,2,61,0,0,0,0,0,0,51,8,2,61,0,0,0,61
12/01/2001,CWA,WI,AGL,CE,Federal Contract Tower,0,28,3,2,33,0,0,1,0,1,0,28,4,2,34,0,6,6,40
12/02/2001,CWA,WI,AGL,CE,Federal Contract Tower,0,31,2,0,33,0,0,0,2,2,0,31,2,2,35,0,0,0,35
12/03/2001,CWA,WI,AGL,CE,Federal Contract Tower,0,48,6,12,66,0,0,17,6,23,0,48,23,18,89,28,44,72,161
12/04/2001,CWA,WI,AGL,CE,Federal Contract Tower,0,60,25,0,85,0,0,13,0,13,0,60,38,0,98,22,0,22,120
12/05/2001,CWA,WI,AGL,CE,Federal Contract Tower,6,54,14,0,74,0,0,0,0,0,6,54,14,0,74,0,0,0,74
12/06/2001,CWA,WI,AGL,CE,Federal Contract Tower,0,52,9,0,61,0,0,30,2,32,0,52,39,2,93,30,0,30,123
12/07/2001,CWA,WI,AGL,CE,Federal Contract Tower,0,61,12,3,76,0,0,26,1,27,0,61,38,4,103,38,24,62,165
12/08/2001,CWA,WI,AGL,CE,Federal Contract Tower,0,34,4,0,38,0,0,11,0,11,0,34,15,0,49,0,0,0,49
12/09/2001,CWA,WI,AGL,CE,Federal Contract Tower,0,34,4,0,38,0,0,20,0,20,0,34,24,0,58,14,0,14,72
12/10/2001,CWA,WI,AGL,CE,Federal Contract Tower,0,50,10,1,61,0,0,12,7,19,0,50,22,8,80,26,30,56,136
12/11/2001,CWA,WI,AGL,CE,Federal Contract Tower,0,60,8,14,82,0,0,13,4,17,0,60,21,18,99,36,58,94,193
12/12/2001,CWA,WI,AGL,CE,Federal Contract Tower,0,58,12,4,74,0,0,3,0,3,0,58,15,4,77,6,2,8,85
12/13/2001,CWA,WI,AGL,CE,Federal Contract Tower,0,58,6,0,64,0,0,0,0,0,0,58,6,0,64,0,0,0,64
12/14/2001,CWA,WI,AGL,CE,Federal Contract Tower,0,52,6,0,58,0,0,12,0,12,0,52,18,0,70,16,0,16,86
12/15/2001,CWA,WI,AGL,CE,Federal Contract Tower,0,31,2,0,33,0,0,0,0,0,0,31,2,0,33,0,0,0,33
12/16/2001,CWA,WI,AGL,CE,Federal Contract Tower,0,39,1,0,40,0,0,0,0,0,0,39,1,0,40,0,0,0,40
12/17/2001,CWA,WI,AGL,CE,Federal Contract Tower,0,56,20,3,79,0,0,3,1,4,0,56,23,4,83,0,12,12,95
12/18/2001,CWA,WI,AGL,CE,Federal Contract Tower,0,61,4,4,69,0,0,22,0,22,0,61,26,4,91,26,14,40,131
12/19/2001,CWA,WI,AGL,CE,Federal Contract Tower,0,59,7,4,70,0,0,15,0,15,0,59,22,4,85,8,10,18,103
12/20/2001,CWA,WI,AGL,CE,Federal Contract Tower,0,66,11,10,87,0,0,25,0,25,0,66,36,10,112,10,32,42,154
12/21/2001,CWA,WI,AGL,CE,Federal Contract Tower,0,65,4,2,71,0,0,18,0,18,0,65,22,2,89,10,10,20,109
12/22/2001,CWA,WI,AGL,CE,Federal Contract Tower,0,30,2,0,32,0,0,0,0,0,0,30,2,0,32,0,0,0,32
12/23/2001,CWA,WI,AGL,CE,Federal Contract Tower,0,34,0,0,34,0,0,0,0,0,0,34,0,0,34,0,0,0,34
12/24/2001,CWA,WI,AGL,CE,Federal Contract Tower,0,38,0,0,38,0,0,0,0,0,0,38,0,0,38,2,0,2,40
12/25/2001,CWA,WI,AGL,CE,Federal Contract Tower,0,32,1,0,33,0,0,2,0,2,0,32,3,0,35,4,0,4,39
12/26/2001,CWA,WI,AGL,CE,Federal Contract Tower,0,59,5,2,66,0,0,5,0,5,0,59,10,2,71,2,0,2,73
12/27/2001,CWA,WI,AGL,CE,Federal Contract Tower,0,57,7,2,66,0,0,7,2,9,0,57,14,4,75,6,6,12,87
12/28/2001,CWA,WI,AGL,CE,Federal Contract Tower,0,56,0,0,56,0,0,22,0,22,0,56,22,0,78,4,0,4,82
12/29/2001,CWA,WI,AGL,CE,Federal Contract Tower,0,32,2,0,34,0,0,33,0,33,0,32,35,0,67,74,0,74,141
12/30/2001,CWA,WI,AGL,CE,Federal Contract Tower,0,38,3,0,41,0,0,9,0,9,0,38,12,0,50,12,0,12,62
12/31/2001,CWA,WI,AGL,CE,Federal Contract Tower,0,37,0,0,37,0,10,32,0,42,0,47,32,0,79,16,0,16,95
01/01/2002,CWA,WI,AGL,CE,Federal Contract Tower,0,32,5,0,37,0,1,9,0,10,0,33,14,0,47,6,0,6,53
01/02/2002,CWA,WI,AGL,CE,Federal Contract Tower,0,54,0,0,54,0,0,20,0,20,0,54,20,0,74,30,0,30,104
01/03/2002,CWA,WI,AGL,CE,Federal Contract Tower,0,56,1,1,58,0,0,17,9,26,0,56,18,10,84,30,26,56,140
01/04/2002,CWA,WI,AGL,CE,Federal Contract Tower,0,55,5,2,62,0,0,17,2,19,0,55,22,4,81,30,26,56,137
01/05/2002,CWA,WI,AGL,CE,Federal Contract Tower,2,34,3,0,39,0,0,11,0,11,2,34,14,0,50,34,0,34,84
01/06/2002,CWA,WI,AGL,CE,Federal Contract Tower,0,32,0,0,32,0,0,7,0,7,0,32,7,0,39,14,0,14,53
01/07/2002,CWA,WI,AGL,CE,Federal Contract Tower,0,50,0,6,56,0,0,11,0,11,0,50,11,6,67,14,8,22,89
01/08/2002,CWA,WI,AGL,CE,Federal Contract Tower,0,55,4,0,59,0,0,21,0,21,0,55,25,0,80,38,0,38,118
01/09/2002,CWA,WI,AGL,CE,Federal Contract Tower,0,55,8,2,65,0,0,23,4,27,0,55,31,6,92,40,22,62,154
01/10/2002,CWA,WI,AGL,CE,Federal Contract Tower,0,56,7,2,65,0,0,5,0,5,0,56,12,2,70,4,0,4,74
01/11/2002,CWA,WI,AGL,CE,Federal Contract Tower,0,56,10,2,68,0,0,25,0,25,0,56,35,2,93,42,0,42,135
01/12/2002,CWA,WI,AGL,CE,Federal Contract Tower,0,28,2,0,30,0,0,10,0,10,0,28,12,0,40,0,0,0,40
01/13/2002,CWA,WI,AGL,CE,Federal Contract Tower,0,31,6,2,39,0,0,28,0,28,0,31,34,2,67,22,0,22,89
01/14/2002,CWA,WI,AGL,CE,Federal Contract Tower,0,52,7,0,59,0,0,0,0,0,0,52,7,0,59,0,0,0,59
01/15/2002,CWA,WI,AGL,CE,Federal Contract Tower,0,60,8,6,74,0,0,2,8,10,0,60,10,14,84,2,34,36,120
01/16/2002,CWA,WI,AGL,CE,Federal Contract Tower,0,55,10,0,65,0,0,0,0,0,0,55,10,0,65,0,0,0,65
01/17/2002,CWA,WI,AGL,CE,Federal Contract Tower,2,60,18,6,86,0,0,2,0,2,2,60,20,6,88,0,12,12,100
01/18/2002,CWA,WI,AGL,CE,Federal Contract Tower,2,57,6,2,67,0,1,21,3,25,2,58,27,5,92,14,16,30,122
01/19/2002,CWA,WI,AGL,CE,Federal Contract Tower,0,30,2,0,32,0,0,0,0,0,0,30,2,0,32,0,0,0,32
01/20/2002,CWA,WI,AGL,CE,Federal Contract Tower,2,32,4,0,38,0,0,16,0,16,2,32,20,0,54,6,0,6,60
01/21/2002,CWA,WI,AGL,CE,Federal Contract Tower,2,46,4,0,52,0,0,20,0,20,2,46,24,0,72,26,0,26,98
01/22/2002,CWA,WI,AGL,CE,Federal Contract Tower,0,60,11,8,79,0,0,18,8,26,0,60,29,16,105,30,28,58,163
01/23/2002,CWA,WI,AGL,CE,Federal Contract Tower,0,54,13,8,75,0,0,13,8,21,0,54,26,16,96,18,44,62,158
01/24/2002,CWA,WI,AGL,CE,Federal Contract Tower,0,54,1,2,57,0,3,17,0,20,0,57,18,2,77,44,12,56,133
01/25/2002,CWA,WI,AGL,CE,Federal Contract Tower,0,53,5,0,58,0,0,6,0,6,0,53,11,0,64,6,0,6,70
01/26/2002,CWA,WI,AGL,CE,Federal Contract Tower,0,30,0,0,30,0,0,58,0,58,0,30,58,0,88,54,0,54,142
01/27/2002,CWA,WI,AGL,CE,Federal Contract Tower,2,36,4,0,42,0,0,67,0,67,2,36,71,0,109,38,0,38,147
01/28/2002,CWA,WI,AGL,CE,Federal Contract Tower,0,50,6,0,56,0,2,4,0,6,0,52,10,0,62,8,0,8,70
01/29/2002,CWA,WI,AGL,CE,Federal Contract Tower,0,66,8,0,74,0,0,0,0,0,0,66,8,0,74,0,0,0,74
01/30/2002,CWA,WI,AGL,CE,Federal Contract Tower,0,55,5,2,62,0,0,3,0,3,0,55,8,2,65,2,0,2,67
01/31/2002,CWA,WI,AGL,CE,Federal Contract Tower,0,40,5,0,45,0,0,2,0,2,0,40,7,0,47,2,0,2,49
02/01/2002,CWA,WI,AGL,CE,Federal Contract Tower,2,56,9,0,67,0,1,8,0,9,2,57,17,0,76,16,0,16,92
02/02/2002,CWA,WI,AGL,CE,Federal Contract Tower,0,30,1,0,31,0,0,21,0,21,0,30,22,0,52,12,0,12,64
02/03/2002,CWA,WI,AGL,CE,Federal Contract Tower,0,36,2,0,38,0,0,0,0,0,0,36,2,0,38,0,0,0,38
02/04/2002,CWA,WI,AGL,CE,Federal Contract Tower,0,50,3,0,53,0,0,21,0,21,0,50,24,0,74,40,0,40,114
02/05/2002,CWA,WI,AGL,CE,Federal Contract Tower,0,56,10,2,68,0,0,18,0,18,0,56,28,2,86,6,4,10,96
02/06/2002,CWA,WI,AGL,CE,Federal Contract Tower,0,55,4,0,59,0,0,14,0,14,0,55,18,0,73,4,0,4,77
02/07/2002,CWA,WI,AGL,CE,Federal Contract Tower,0,58,4,0,62,0,0,28,0,28,0,58,32,0,90,50,0,50,140
02/08/2002,CWA,WI,AGL,CE,Federal Contract Tower,0,60,1,2,63,0,0,22,0,22,0,60,23,2,85,40,0,40,125
02/09/2002,CWA,WI,AGL,CE,Federal Contract Tower,0,30,5,0,35,0,0,1,0,1,0,30,6,0,36,2,0,2,38
02/10/2002,CWA,WI,AGL,CE,Federal Contract Tower,2,34,6,0,42,0,0,0,0,0,2,34,6,0,42,0,0,0,42
02/11/2002,CWA,WI,AGL,CE,Federal Contract Tower,0,49,6,0,55,0,0,12,0,12,0,49,18,0,67,12,0,12,79
02/12/2002,CWA,WI,AGL,CE,Federal Contract Tower,0,53,5,0,58,0,3,27,0,30,0,56,32,0,88,10,0,10,98
02/13/2002,CWA,WI,AGL,CE,Federal Contract Tower,0,59,5,2,66,0,0,9,8,17,0,59,14,10,83,30,22,52,135
02/14/2002,CWA,WI,AGL,CE,Federal Contract Tower,0,61,8,0,69,0,0,10,10,20,0,61,18,10,89,14,36,50,139
02/15/2002,CWA,WI,AGL,CE,Federal Contract Tower,2,55,5,0,62,0,0,25,0,25,2,55,30,0,87,28,0,28,115
02/16/2002,CWA,WI,AGL,CE,Federal Contract Tower,2,37,2,0,41,0,0,15,0,15,2,37,17,0,56,20,0,20,76
02/17/2002,CWA,WI,AGL,CE,Federal Contract Tower,0,34,0,0,34,0,0,26,0,26,0,34,26,0,60,14,0,14,74
02/18/2002,CWA,WI,AGL,CE,Federal Contract Tower,0,51,5,0,56,0,0,12,0,12,0,51,17,0,68,10,0,10,78
02/19/2002,CWA,WI,AGL,CE,Federal Contract Tower,2,58,18,0,78,0,0,0,0,0,2,58,18,0,78,2,0,2,80
02/20/2002,CWA,WI,AGL,CE,Federal Contract Tower,0,60,20,0,80,0,0,0,0,0,0,60,20,0,80,0,0,0,80
02/21/2002,CWA,WI,AGL,CE,Federal Contract Tower,2,62,14,8,86,0,0,16,6,22,2,62,30,14,108,16,44,60,168
02/22/2002,CWA,WI,AGL,CE,Federal Contract Tower,0,58,10,0,68,0,0,21,0,21,0,58,31,0,89,40,0,40,129
02/23/2002,CWA,WI,AGL,CE,Federal Contract Tower,0,33,4,0,37,0,0,8,0,8,0,33,12,0,45,0,0,0,45
02/24/2002,CWA,WI,AGL,CE,Federal Contract Tower,0,38,3,0,41,0,0,8,0,8,0,38,11,0,49,12,0,12,61
02/25/2002,CWA,WI,AGL,CE,Federal Contract Tower,0,60,10,4,74,0,0,8,6,14,0,60,18,10,88,8,24,32,120
02/26/2002,CWA,WI,AGL,CE,Federal Contract Tower,0,59,6,0,65,0,0,5,0,5,0,59,11,0,70,8,0,8,78
02/27/2002,CWA,WI,AGL,CE,Federal Contract Tower,0,62,3,0,65,0,1,16,0,17,0,63,19,0,82,22,0,22,104
02/28/2002,CWA,WI,AGL,CE,Federal Contract Tower,0,65,6,0,71,0,0,9,0,9,0,65,15,0,80,6,0,6,86
03/01/2002,CWA,WI,AGL,CE,Federal Contract Tower,0,58,3,0,61,0,0,20,0,20,0,58,23,0,81,18,0,18,99
03/02/2002,CWA,WI,AGL,CE,Federal Contract Tower,0,36,1,0,37,0,0,0,0,0,0,36,1,0,37,0,0,0,37
03/03/2002,CWA,WI,AGL,CE,Federal Contract Tower,0,30,8,0,38,0,0,0,0,0,0,30,8,0,38,2,0,2,40
03/04/2002,CWA,WI,AGL,CE,Federal Contract Tower,2,55,9,0,66,0,3,8,0,11,2,58,17,0,77,4,0,4,81
03/05/2002,CWA,WI,AGL,CE,Federal Contract Tower,0,60,8,4,72,0,0,0,0,0,0,60,8,4,72,0,4,4,76
03/06/2002,CWA,WI,AGL,CE,Federal Contract Tower,0,60,10,0,70,0,2,10,0,12,0,62,20,0,82,16,0,16,98
03/07/2002,CWA,WI,AGL,CE,Federal Contract Tower,0,60,7,0,67,0,0,9,0,9,0,60,16,0,76,2,0,2,78
03/08/2002,CWA,WI,AGL,CE,Federal Contract Tower,2,58,8,0,68,0,0,0,0,0,2,58,8,0,68,0,0,0,68
03/09/2002,CWA,WI,AGL,CE,Federal Contract Tower,0,22,2,0,24,0,0,0,0,0,0,22,2,0,24,0,0,0,24
03/10/2002,CWA,WI,AGL,CE,Federal Contract Tower,2,35,5,0,42,0,3,6,0,9,2,38,11,0,51,0,0,0,51
03/11/2002,CWA,WI,AGL,CE,Federal Contract Tower,0,51,11,0,62,0,3,13,0,16,0,54,24,0,78,32,0,32,110
03/12/2002,CWA,WI,AGL,CE,Federal Contract Tower,0,59,11,0,70,0,4,17,0,21,0,63,28,0,91,28,0,28,119
03/13/2002,CWA,WI,AGL,CE,Federal Contract Tower,0,57,4,0,61,0,0,14,0,14,0,57,18,0,75,12,0,12,87
03/14/2002,CWA,WI,AGL,CE,Federal Contract Tower,0,46,3,0,49,0,0,0,0,0,0,46,3,0,49,0,0,0,49
03/15/2002,CWA,WI,AGL,CE,Federal Contract Tower,2,58,5,0,65,0,0,7,0,7,2,58,12,0,72,12,0,12,84
03/16/2002,CWA,WI,AGL,CE,Federal Contract Tower,0,40,2,0,42,0,0,46,0,46,0,40,48,0,88,36,0,36,124
03/17/2002,CWA,WI,AGL,CE,Federal Contract Tower,0,38,0,0,38,0,0,28,0,28,0,38,28,0,66,22,0,22,88
03/18/2002,CWA,WI,AGL,CE,Federal Contract Tower,0,54,10,2,66,0,0,15,8,23,0,54,25,10,89,26,16,42,131
03/19/2002,CWA,WI,AGL,CE,Federal Contract Tower,0,60,6,0,66,0,0,0,0,0,0,60,6,0,66,0,0,0,66
03/20/2002,CWA,WI,AGL,CE,Federal Contract Tower,0,61,9,0,70,0,0,7,0,7,0,61,16,0,77,16,0,16,93
03/21/2002,CWA,WI,AGL,CE,Federal Contract Tower,0,61,15,10,86,0,1,7,0,8,0,62,22,10,94,10,20,30,124
03/22/2002,CWA,WI,AGL,CE,Federal Contract Tower,0,60,7,2,69,0,2,17,0,19,0,62,24,2,88,18,0,18,106
03/23/2002,CWA,WI,AGL,CE,Federal Contract Tower,0,33,2,0,35,0,2,16,0,18,0,35,18,0,53,22,0,22,75
03/24/2002,CWA,WI,AGL,CE,Federal Contract Tower,2,35,3,0,40,0,0,14,0,14,2,35,17,0,54,28,0,28,82
03/25/2002,CWA,WI,AGL,CE,Federal Contract Tower,0,51,10,0,61,0,0,23,0,23,0,51,33,0,84,40,0,40,124
03/26/2002,CWA,WI,AGL,CE,Federal Contract Tower,0,58,6,0,64,0,1,32,0,33,0,59,38,0,97,36,0,36,133
03/27/2002,CWA,WI,AGL,CE,Federal Contract Tower,0,62,6,0,68,0,0,29,0,29,0,62,35,0,97,24,0,24,121
03/28/2002,CWA,WI,AGL,CE,Federal Contract Tower,4,64,10,0,78,0,0,20,12,32,4,64,30,12,110,24,22,46,156
03/29/2002,CWA,WI,AGL,CE,Federal Contract Tower,0,57,0,0,57,0,0,9,0,9,0,57,9,0,66,14,0,14,80
03/30/2002,CWA,WI,AGL,CE,Federal Contract Tower,0,33,6,0,39,0,0,19,0,19,0,33,25,0,58,16,0,16,74
03/31/2002,CWA,WI,AGL,CE,Federal Contract Tower,0,33,2,0,35,0,0,10,0,10,0,33,12,0,45,0,0,0,45
04/01/2002,CWA,WI,AGL,CE,Federal Contract Tower,0,49,11,0,60,0,0,8,0,8,0,49,19,0,68,10,0,10,78
04/02/2002,CWA,WI,AGL,CE,Federal Contract Tower,0,55,7,0,62,0,0,2,0,2,0,55,9,0,64,0,0,0,64
04/03/2002,CWA,WI,AGL,CE,Federal Contract Tower,0,58,6,1,65,0,0,18,1,19,0,58,24,2,84,26,8,34,118
04/04/2002,CWA,WI,AGL,CE,Federal Contract Tower,0,57,7,0,64,0,0,19,0,19,0,57,26,0,83,12,0,12,95
04/05/2002,CWA,WI,AGL,CE,Federal Contract Tower,0,57,6,0,63,0,4,23,2,29,0,61,29,2,92,16,0,16,108
04/06/2002,CWA,WI,AGL,CE,Federal Contract Tower,0,33,1,0,34,0,0,33,0,33,0,33,34,0,67,20,0,20,87
04/07/2002,CWA,WI,AGL,CE,Federal Contract Tower,0,36,7,4,47,0,0,1,0,1,0,36,8,4,48,0,0,0,48
04/08/2002,CWA,WI,AGL,CE,Federal Contract Tower,0,36,12,10,58,0,0,1,0,1,0,36,13,10,59,0,0,0,59
04/09/2002,CWA,WI,AGL,CE,Federal Contract Tower,0,58,8,0,66,0,0,16,0,16,0,58,24,0,82,22,0,22,104
04/10/2002,CWA,WI,AGL,CE,Federal Contract Tower,0,57,10,0,67,0,0,4,0,4,0,57,14,0,71,18,0,18,89
04/11/2002,CWA,WI,AGL,CE,Federal Contract Tower,2,60,7,0,69,0,0,3,0,3,2,60,10,0,72,10,0,10,82
04/12/2002,CWA,WI,AGL,CE,Federal Contract Tower,0,53,16,0,69,0,0,28,0,28,0,53,44,0,97,18,0,18,115
04/13/2002,CWA,WI,AGL,CE,Federal Contract Tower,0,35,1,0,36,0,2,43,0,45,0,37,44,0,81,52,0,52,133
04/14/2002,CWA,WI,AGL,CE,Federal Contract Tower,2,32,1,0,35,0,0,5,0,5,2,32,6,0,40,4,0,4,44
04/15/2002,CWA,WI,AGL,CE,Federal Contract Tower,2,56,6,2,66,0,0,54,8,62,2,56,60,10,128,40,20,60,188
04/16/2002,CWA,WI,AGL,CE,Federal Contract Tower,0,55,1,1,57,0,1,56,15,72,0,56,57,16,129,30,10,40,169
04/17/2002,CWA,WI,AGL,CE,Federal Contract Tower,0,54,5,0,59,0,1,33,0,34,0,55,38,0,93,44,0,44,137
04/18/2002,CWA,WI,AGL,CE,Federal Contract Tower,2,46,5,0,53,0,8,15,0,23,2,54,20,0,76,4,0,4,80
04/19/2002,CWA,WI,AGL,CE,Federal Contract Tower,0,56,13,0,69,0,0,44,16,60,0,56,57,16,129,16,0,16,145
04/20/2002,CWA,WI,AGL,CE,Federal Contract Tower,0,36,2,0,38,0,0,54,0,54,0,36,56,0,92,30,0,30,122
04/21/2002,CWA,WI,AGL,CE,Federal Contract Tower,0,38,6,0,44,0,0,0,0,0,0,38,6,0,44,0,0,0,44
04/22/2002,CWA,WI,AGL,CE,Federal Contract Tower,0,52,2,0,54,0,1,14,0,15,0,53,16,0,69,16,0,16,85
04/23/2002,CWA,WI,AGL,CE,Federal Contract Tower,0,57,9,6,72,0,0,16,2,18,0,57,25,8,90,20,6,26,116
04/24/2002,CWA,WI,AGL,CE,Federal Contract Tower,0,52,12,2,66,0,0,3,0,3,0,52,15,2,69,0,0,0,69
04/25/2002,CWA,WI,AGL,CE,Federal Contract Tower,0,54,8,6,68,0,0,10,4,14,0,54,18,10,82,4,16,20,102
04/26/2002,CWA,WI,AGL,CE,Federal Contract Tower,0,57,4,0,61,0,0,38,0,38,0,57,42,0,99,18,0,18,117
04/27/2002,CWA,WI,AGL,CE,Federal Contract Tower,0,28,3,0,31,0,0,0,0,0,0,28,3,0,31,0,0,0,31
04/28/2002,CWA,WI,AGL,CE,Federal Contract Tower,0,35,2,0,37,0,0,0,0,0,0,35,2,0,37,0,0,0,37
04/29/2002,CWA,WI,AGL,CE,Federal Contract Tower,0,51,3,0,54,0,4,11,0,15,0,55,14,0,69,20,0,20,89
04/30/2002,CWA,WI,AGL,CE,Federal Contract Tower,0,50,6,1,57,0,8,17,1,26,0,58,23,2,83,48,0,48,131
05/01/2002,CWA,WI,AGL,CE,Federal Contract Tower,0,56,8,0,64,0,0,24,0,24,0,56,32,0,88,26,0,26,114
05/02/2002,CWA,WI,AGL,CE,Federal Contract Tower,0,63,2,0,65,0,0,18,0,18,0,63,20,0,83,12,0,12,95
05/03/2002,CWA,WI,AGL,CE,Federal Contract Tower,0,55,4,2,61,0,0,26,0,26,0,55,30,2,87,20,0,20,107
05/04/2002,CWA,WI,AGL,CE,Federal Contract Tower,0,36,1,4,41,0,0,19,0,19,0,36,20,4,60,4,4,8,68
05/05/2002,CWA,WI,AGL,CE,Federal Contract Tower,0,36,1,2,39,0,0,17,0,17,0,36,18,2,56,16,0,16,72
05/06/2002,CWA,WI,AGL,CE,Federal Contract Tower,0,54,5,0,59,0,2,2,0,4,0,56,7,0,63,0,0,0,63
05/07/2002,CWA,WI,AGL,CE,Federal Contract Tower,0,56,11,0,67,0,0,14,0,14,0,56,25,0,81,20,2,22,103
05/08/2002,CWA,WI,AGL,CE,Federal Contract Tower,0,51,11,0,62,0,0,3,0,3,0,51,14,0,65,4,0,4,69
05/09/2002,CWA,WI,AGL,CE,Federal Contract Tower,0,59,7,0,66,0,0,6,0,6,0,59,13,0,72,8,0,8,80
05/10/2002,CWA,WI,AGL,CE,Federal Contract Tower,0,57,5,0,62,0,0,27,0,27,0,57,32,0,89,18,0,18,107
05/11/2002,CWA,WI,AGL,CE,Federal Contract Tower,0,35,1,0,36,0,0,12,0,12,0,35,13,0,48,2,0,2,50
05/12/2002,CWA,WI,AGL,CE,Federal Contract Tower,0,31,6,0,37,0,0,2,0,2,0,31,8,0,39,0,0,0,39
05/13/2002,CWA,WI,AGL,CE,Federal Contract Tower,0,49,9,0,58,0,3,9,0,12,0,52,18,0,70,2,0,2,72
05/14/2002,CWA,WI,AGL,CE,Federal Contract Tower,0,56,12,0,68,0,0,28,0,28,0,56,40,0,96,36,0,36,132
05/15/2002,CWA,WI,AGL,CE,Federal Contract Tower,0,58,6,0,64,0,0,19,0,19,0,58,25,0,83,32,0,32,115
05/16/2002,CWA,WI,AGL,CE,Federal Contract Tower,0,56,10,0,66,0,0,18,0,18,0,56,28,0,84,20,0,20,104
05/17/2002,CWA,WI,AGL,CE,Federal Contract Tower,0,56,10,0,66,0,0,20,0,20,0,56,30,0,86,30,0,30,116
05/18/2002,CWA,WI,AGL,CE,Federal Contract Tower,0,36,2,0,38,0,0,31,0,31,0,36,33,0,69,52,0,52,121
05/19/2002,CWA,WI,AGL,CE,Federal Contract Tower,0,37,3,0,40,0,0,24,0,24,0,37,27,0,64,24,0,24,88
05/20/2002,CWA,WI,AGL,CE,Federal Contract Tower,0,52,13,3,68,0,0,25,4,29,0,52,38,7,97,46,28,74,171
05/21/2002,CWA,WI,AGL,CE,Federal Contract Tower,0,58,14,0,72,0,0,31,0,31,0,58,45,0,103,56,0,56,159
05/22/2002,CWA,WI,AGL,CE,Federal Contract Tower,0,58,2,0,60,0,0,26,0,26,0,58,28,0,86,12,0,12,98
05/23/2002,CWA,WI,AGL,CE,Federal Contract Tower,0,56,6,5,67,0,0,18,2,20,0,56,24,7,87,48,34,82,169
05/24/2002,CWA,WI,AGL,CE,Federal Contract Tower,0,52,3,0,55,0,1,37,0,38,0,53,40,0,93,34,0,34,127
05/25/2002,CWA,WI,AGL,CE,Federal Contract Tower,0,33,0,0,33,0,0,13,0,13,0,33,13,0,46,0,0,0,46
05/26/2002,CWA,WI,AGL,CE,Federal Contract Tower,0,30,2,0,32,0,0,13,0,13,0,30,15,0,45,0,0,0,45
05/27/2002,CWA,WI,AGL,CE,Federal Contract Tower,0,36,4,0,40,0,0,6,0,6,0,36,10,0,46,8,0,8,54
05/28/2002,CWA,WI,AGL,CE,Federal Contract Tower,0,50,10,6,66,0,0,19,4,23,0,50,29,10,89,16,24,40,129
05/29/2002,CWA,WI,AGL,CE,Federal Contract Tower,0,60,14,6,80,0,0,31,4,35,0,60,45,10,115,30,24,54,169
05/30/2002,CWA,WI,AGL,CE,Federal Contract Tower,0,53,5,4,62,0,0,14,0,14,0,53,19,4,76,18,18,36,112
05/31/2002,CWA,WI,AGL,CE,Federal Contract Tower,0,55,1,0,56,0,1,22,0,23,0,56,23,0,79,58,0,58,137
06/01/2002,CWA,WI,AGL,CE,Federal Contract Tower,0,35,7,0,42,0,0,37,0,37,0,35,44,0,79,44,0,44,123
06/02/2002,CWA,WI,AGL,CE,Federal Contract Tower,0,32,2,0,34,0,0,28,0,28,0,32,30,0,62,32,0,32,94
06/03/2002,CWA,WI,AGL,CE,Federal Contract Tower,0,52,13,0,65,0,0,0,0,0,0,52,13,0,65,0,0,0,65
06/04/2002,CWA,WI,AGL,CE,Federal Contract Tower,0,54,6,0,60,0,0,2,0,2,0,54,8,0,62,0,0,0,62
06/05/2002,CWA,WI,AGL,CE,Federal Contract Tower,0,59,14,0,73,0,0,34,0,34,0,59,48,0,107,48,0,48,155
06/06/2002,CWA,WI,AGL,CE,Federal Contract Tower,0,59,6,2,67,0,2,30,8,40,0,61,36,10,107,70,4,74,181
06/07/2002,CWA,WI,AGL,CE,Federal Contract Tower,0,58,5,5,68,0,1,16,2,19,0,59,21,7,87,50,8,58,145
06/08/2002,CWA,WI,AGL,CE,Federal Contract Tower,0,36,0,0,36,0,0,18,0,18,0,36,18,0,54,22,0,22,76
06/09/2002,CWA,WI,AGL,CE,Federal Contract Tower,0,33,5,2,40,0,0,15,0,15,0,33,20,2,55,30,0,30,85
06/10/2002,CWA,WI,AGL,CE,Federal Contract Tower,0,46,2,0,48,0,0,12,0,12,0,46,14,0,60,12,0,12,72
06/11/2002,CWA,WI,AGL,CE,Federal Contract Tower,0,49,8,0,57,0,0,13,0,13,0,49,21,0,70,38,0,38,108
06/12/2002,CWA,WI,AGL,CE,Federal Contract Tower,0,61,12,4,77,0,1,16,6,23,0,62,28,10,100,28,8,36,136
06/13/2002,CWA,WI,AGL,CE,Federal Contract Tower,0,54,4,0,58,0,0,22,0,22,0,54,26,0,80,36,0,36,116
06/14/2002,CWA,WI,AGL,CE,Federal Contract Tower,0,55,3,0,58,0,1,4,0,5,0,56,7,0,63,0,0,0,63
06/15/2002,CWA,WI,AGL,CE,Federal Contract Tower,0,40,0,0,40,0,0,22,2,24,0,40,22,2,64,56,2,58,122
06/16/2002,CWA,WI,AGL,CE,Federal Contract Tower,0,33,2,0,35,0,0,26,0,26,0,33,28,0,61,4,0,4,65
06/17/2002,CWA,WI,AGL,CE,Federal Contract Tower,0,53,3,4,60,0,0,32,4,36,0,53,35,8,96,62,36,98,194
06/18/2002,CWA,WI,AGL,CE,Federal Contract Tower,0,55,2,0,57,0,1,38,0,39,0,56,40,0,96,24,0,24,120
06/19/2002,CWA,WI,AGL,CE,Federal Contract Tower,0,57,2,0,59,0,0,9,0,9,0,57,11,0,68,6,0,6,74
06/20/2002,CWA,WI,AGL,CE,Federal Contract Tower,0,58,2,0,60,0,0,31,0,31,0,58,33,0,91,12,0,12,103
06/21/2002,CWA,WI,AGL,CE,Federal Contract Tower,0,49,1,0,50,0,0,5,0,5,0,49,6,0,55,0,0,0,55
06/22/2002,CWA,WI,AGL,CE,Federal Contract Tower,0,39,0,0,39,0,0,5,0,5,0,39,5,0,44,8,0,8,52
06/23/2002,CWA,WI,AGL,CE,Federal Contract Tower,0,35,0,0,35,0,0,13,0,13,0,35,13,0,48,0,0,0,48
06/24/2002,CWA,WI,AGL,CE,Federal Contract Tower,0,51,9,3,63,0,1,13,18,32,0,52,22,21,95,12,28,40,135
06/25/2002,CWA,WI,AGL,CE,Federal Contract Tower,0,57,10,0,67,0,1,51,0,52,0,58,61,0,119,38,0,38,157
06/26/2002,CWA,WI,AGL,CE,Federal Contract Tower,0,52,12,0,64,0,0,15,0,15,0,52,27,0,79,36,0,36,115
06/27/2002,CWA,WI,AGL,CE,Federal Contract Tower,0,50,7,0,57,0,1,51,0,52,0,51,58,0,109,62,0,62,171
06/28/2002,CWA,WI,AGL,CE,Federal Contract Tower,0,62,2,0,64,0,0,42,2,44,0,62,44,2,108,40,2,42,150
06/29/2002,CWA,WI,AGL,CE,Federal Contract Tower,0,35,3,0,38,0,3,27,0,30,0,38,30,0,68,30,0,30,98
06/30/2002,CWA,WI,AGL,CE,Federal Contract Tower,0,34,1,0,35,0,0,22,0,22,0,34,23,0,57,28,0,28,85
07/01/2002,CWA,WI,AGL,CE,Federal Contract Tower,0,47,10,2,59,0,0,15,10,25,0,47,25,12,84,16,8,24,108
07/02/2002,CWA,WI,AGL,CE,Federal Contract Tower,0,57,5,2,64,0,0,29,3,32,0,57,34,5,96,50,8,58,154
07/03/2002,CWA,WI,AGL,CE,Federal Contract Tower,0,57,2,0,59,0,7,33,0,40,0,64,35,0,99,4,0,4,103
07/04/2002,CWA,WI,AGL,CE,Federal Contract Tower,0,33,5,0,38,0,0,34,0,34,0,33,39,0,72,18,0,18,90
07/05/2002,CWA,WI,AGL,CE,Federal Contract Tower,0,46,4,0,50,0,0,24,0,24,0,46,28,0,74,10,0,10,84
07/06/2002,CWA,WI,AGL,CE,Federal Contract Tower,0,34,0,0,34,0,0,38,0,38,0,34,38,0,72,40,0,40,112
07/07/2002,CWA,WI,AGL,CE,Federal Contract Tower,0,34,2,0,36,0,0,38,0,38,0,34,40,0,74,20,0,20,94
07/08/2002,CWA,WI,AGL,CE,Federal Contract Tower,0,47,1,2,50,0,0,3,14,17,0,47,4,16,67,0,10,10,77
07/09/2002,CWA,WI,AGL,CE,Federal Contract Tower,0,57,14,0,71,0,0,22,0,22,0,57,36,0,93,40,0,40,133
07/10/2002,CWA,WI,AGL,CE,Federal Contract Tower,2,61,11,0,74,0,0,45,0,45,2,61,56,0,119,14,0,14,133
07/11/2002,CWA,WI,AGL,CE,Federal Contract Tower,0,56,2,2,60,0,0,43,0,43,0,56,45,2,103,44,18,62,165
07/12/2002,CWA,WI,AGL,CE,Federal Contract Tower,0,60,5,2,67,0,0,47,0,47,0,60,52,2,114,12,2,14,128
07/13/2002,CWA,WI,AGL,CE,Federal Contract Tower,2,34,4,0,40,0,0,37,0,37,2,34,41,0,77,36,0,36,113
07/14/2002,CWA,WI,AGL,CE,Federal Contract Tower,0,34,5,2,41,0,0,39,0,39,0,34,44,2,80,34,0,34,114
07/15/2002,CWA,WI,AGL,CE,Federal Contract Tower,0,52,7,0,59,0,0,32,0,32,0,52,39,0,91,40,0,40,131
07/16/2002,CWA,WI,AGL,CE,Federal Contract Tower,0,58,10,2,70,0,13,24,0,37,0,71,34,2,107,0,0,0,107
07/17/2002,CWA,WI,AGL,CE,Federal Contract Tower,0,55,12,2,69,0,2,23,0,25,0,57,35,2,94,2,14,16,110
07/18/2002,CWA,WI,AGL,CE,Federal Contract Tower,0,58,10,0,68,0,0,2,0,2,0,58,12,0,70,0,0,0,70
07/19/2002,CWA,WI,AGL,CE,Federal Contract Tower,0,68,5,0,73,0,1,33,0,34,0,69,38,0,107,50,2,52,159
07/20/2002,CWA,WI,AGL,CE,Federal Contract Tower,0,32,6,0,38,0,0,24,0,24,0,32,30,0,62,30,0,30,92
07/21/2002,CWA,WI,AGL,CE,Federal Contract Tower,0,30,5,0,35,0,0,20,0,20,0,30,25,0,55,10,0,10,65
07/22/2002,CWA,WI,AGL,CE,Federal Contract Tower,0,50,4,0,54,0,0,17,0,17,0,50,21,0,71,40,0,40,111
07/23/2002,CWA,WI,AGL,CE,Federal Contract Tower,0,56,11,0,67,0,0,21,0,21,0,56,32,0,88,16,0,16,104
07/24/2002,CWA,WI,AGL,CE,Federal Contract Tower,0,58,23,0,81,0,2,28,0,30,0,60,51,0,111,10,0,10,121
07/25/2002,CWA,WI,AGL,CE,Federal Contract Tower,0,60,17,0,77,0,0,9,0,9,0,60,26,0,86,0,0,0,86
07/26/2002,CWA,WI,AGL,CE,Federal Contract Tower,0,56,8,2,66,0,0,20,0,20,0,56,28,2,86,46,0,46,132
07/27/2002,CWA,WI,AGL,CE,Federal Contract Tower,0,39,0,0,39,0,0,30,0,30,0,39,30,0,69,0,0,0,69
07/28/2002,CWA,WI,AGL,CE,Federal Contract Tower,0,34,7,2,43,0,0,24,0,24,0,34,31,2,67,30,0,30,97
07/29/2002,CWA,WI,AGL,CE,Federal Contract Tower,0,47,6,0,53,0,0,17,0,17,0,47,23,0,70,34,0,34,104
07/30/2002,CWA,WI,AGL,CE,Federal Contract Tower,0,55,8,0,63,0,0,32,0,32,0,55,40,0,95,52,0,52,147
07/31/2002,CWA,WI,AGL,CE,Federal Contract Tower,0,63,10,0,73,0,0,24,0,24,0,63,34,0,97,50,2,52,149
08/01/2002,CWA,WI,AGL,CE,Federal Contract Tower,0,64,6,0,70,0,0,21,0,21,0,64,27,0,91,38,0,38,129
08/02/2002,CWA,WI,AGL,CE,Federal Contract Tower,0,62,12,0,74,0,0,36,0,36,0,62,48,0,110,42,0,42,152
08/03/2002,CWA,WI,AGL,CE,Federal Contract Tower,0,32,6,0,38,0,0,27,0,27,0,32,33,0,65,38,0,38,103
08/04/2002,CWA,WI,AGL,CE,Federal Contract Tower,0,32,10,0,42,0,0,20,0,20,0,32,30,0,62,24,0,24,86
08/05/2002,CWA,WI,AGL,CE,Federal Contract Tower,0,49,3,0,52,0,0,16,0,16,0,49,19,0,68,22,0,22,90
08/06/2002,CWA,WI,AGL,CE,Federal Contract Tower,0,54,11,0,65,0,0,43,0,43,0,54,54,0,108,46,0,46,154
08/07/2002,CWA,WI,AGL,CE,Federal Contract Tower,0,61,13,0,74,0,21,49,0,70,0,82,62,0,144,32,0,32,176
08/08/2002,CWA,WI,AGL,CE,Federal Contract Tower,0,63,9,0,72,0,1,43,0,44,0,64,52,0,116,10,0,10,126
08/09/2002,CWA,WI,AGL,CE,Federal Contract Tower,0,63,10,0,73,0,1,38,0,39,0,64,48,0,112,38,0,38,150
08/10/2002,CWA,WI,AGL,CE,Federal Contract Tower,0,32,10,0,42,0,0,22,0,22,0,32,32,0,64,24,0,24,88
08/11/2002,CWA,WI,AGL,CE,Federal Contract Tower,0,32,5,0,37,0,0,27,0,27,0,32,32,0,64,12,0,12,76
08/12/2002,CWA,WI,AGL,CE,Federal Contract Tower,0,64,12,0,76,0,0,10,0,10,0,64,22,0,86,12,0,12,98
08/13/2002,CWA,WI,AGL,CE,Federal Contract Tower,0,52,15,0,67,0,0,9,0,9,0,52,24,0,76,14,0,14,90
08/14/2002,CWA,WI,AGL,CE,Federal Contract Tower,0,61,11,0,72,0,1,31,0,32,0,62,42,0,104,34,0,34,138
08/15/2002,CWA,WI,AGL,CE,Federal Contract Tower,0,59,6,11,76,0,0,21,11,32,0,59,27,22,108,40,36,76,184
08/16/2002,CWA,WI,AGL,CE,Federal Contract Tower,0,54,14,0,68,0,0,36,0,36,0,54,50,0,104,54,0,54,158
08/17/2002,CWA,WI,AGL,CE,Federal Contract Tower,0,32,0,0,32,0,0,15,0,15,0,32,15,0,47,10,0,10,57
08/18/2002,CWA,WI,AGL,CE,Federal Contract Tower,0,32,0,0,32,0,0,64,0,64,0,32,64,0,96,40,0,40,136
08/19/2002,CWA,WI,AGL,CE,Federal Contract Tower,0,50,8,0,58,0,0,23,0,23,0,50,31,0,81,28,0,28,109
08/20/2002,CWA,WI,AGL,CE,Federal Contract Tower,0,56,2,0,58,0,0,34,0,34,0,56,36,0,92,8,0,8,100
08/21/2002,CWA,WI,AGL,CE,Federal Contract Tower,0,57,6,0,63,0,0,0,0,0,0,57,6,0,63,0,0,0,63
08/22/2002,CWA,WI,AGL,CE,Federal Contract Tower,0,66,6,0,72,0,0,8,16,24,0,66,14,16,96,8,28,36,132
08/23/2002,CWA,WI,AGL,CE,Federal Contract Tower,0,60,12,0,72,0,0,2,0,2,0,60,14,0,74,0,0,0,74
08/24/2002,CWA,WI,AGL,CE,Federal Contract Tower,0,36,3,0,39,0,0,11,0,11,0,36,14,0,50,14,0,14,64
08/25/2002,CWA,WI,AGL,CE,Federal Contract Tower,0,36,10,0,46,0,0,39,0,39,0,36,49,0,85,38,0,38,123
08/26/2002,CWA,WI,AGL,CE,Federal Contract Tower,0,48,4,0,52,0,0,44,0,44,0,48,48,0,96,60,0,60,156
08/27/2002,CWA,WI,AGL,CE,Federal Contract Tower,0,58,11,7,76,0,0,38,17,55,0,58,49,24,131,34,28,62,193
08/28/2002,CWA,WI,AGL,CE,Federal Contract Tower,0,82,5,2,89,0,1,23,0,24,0,83,28,2,113,34,8,42,155
08/29/2002,CWA,WI,AGL,CE,Federal Contract Tower,0,58,9,0,67,0,3,50,0,53,0,61,59,0,120,32,0,32,152
08/30/2002,CWA,WI,AGL,CE,Federal Contract Tower,0,61,4,0,65,0,0,39,0,39,0,61,43,0,104,20,0,20,124
08/31/2002,CWA,WI,AGL,CE,Federal Contract Tower,0,30,1,0,31,0,0,19,0,19,0,30,20,0,50,6,0,6,56
09/01/2002,CWA,WI,AGL,CE,Federal Contract Tower,0,26,6,0,32,0,0,19,0,19,0,26,25,0,51,18,0,18,69
09/02/2002,CWA,WI,AGL,CE,Federal Contract Tower,0,31,1,0,32,0,0,11,0,11,0,31,12,0,43,10,0,10,53
09/03/2002,CWA,WI,AGL,CE,Federal Contract Tower,2,46,7,0,55,0,1,24,0,25,2,47,31,0,80,46,0,46,126
09/04/2002,CWA,WI,AGL,CE,Federal Contract Tower,0,57,3,1,61,0,0,56,5,61,0,57,59,6,122,28,16,44,166
09/05/2002,CWA,WI,AGL,CE,Federal Contract Tower,0,62,4,0,66,0,0,15,0,15,0,62,19,0,81,0,0,0,81
09/06/2002,CWA,WI,AGL,CE,Federal Contract Tower,0,62,6,0,68,0,0,38,6,44,0,62,44,6,112,32,16,48,160
09/07/2002,CWA,WI,AGL,CE,Federal Contract Tower,0,32,2,0,34,0,1,33,0,34,0,33,35,0,68,28,0,28,96
09/08/2002,CWA,WI,AGL,CE,Federal Contract Tower,0,32,6,0,38,0,0,17,0,17,0,32,23,0,55,22,0,22,77
09/09/2002,CWA,WI,AGL,CE,Federal Contract Tower,0,48,6,0,54,0,0,10,0,10,0,48,16,0,64,16,0,16,80
09/10/2002,CWA,WI,AGL,CE,Federal Contract Tower,0,44,6,2,52,0,0,10,0,10,0,44,16,2,62,16,0,16,78
09/11/2002,CWA,WI,AGL,CE,Federal Contract Tower,0,52,9,0,61,0,0,35,0,35,0,52,44,0,96,14,0,14,110
09/12/2002,CWA,WI,AGL,CE,Federal Contract Tower,0,61,12,0,73,0,0,36,0,36,0,61,48,0,109,24,0,24,133
09/13/2002,CWA,WI,AGL,CE,Federal Contract Tower,0,63,10,2,75,0,1,30,0,31,0,64,40,2,106,52,0,52,158
09/14/2002,CWA,WI,AGL,CE,Federal Contract Tower,0,32,1,0,33,0,0,7,0,7,0,32,8,0,40,0,0,0,40
09/15/2002,CWA,WI,AGL,CE,Federal Contract Tower,0,32,1,4,37,0,0,15,2,17,0,32,16,6,54,16,0,16,70
09/16/2002,CWA,WI,AGL,CE,Federal Contract Tower,0,46,7,2,55,0,0,35,0,35,0,46,42,2,90,42,8,50,140
09/17/2002,CWA,WI,AGL,CE,Federal Contract Tower,0,61,4,0,65,0,0,35,0,35,0,61,39,0,100,40,0,40,140
09/18/2002,CWA,WI,AGL,CE,Federal Contract Tower,0,55,9,0,64,0,1,18,0,19,0,56,27,0,83,36,0,36,119
09/19/2002,CWA,WI,AGL,CE,Federal Contract Tower,0,61,7,0,68,0,1,18,0,19,0,62,25,0,87,12,0,12,99
09/20/2002,CWA,WI,AGL,CE,Federal Contract Tower,0,56,11,0,67,0,0,5,0,5,0,56,16,0,72,14,0,14,86
09/21/2002,CWA,WI,AGL,CE,Federal Contract Tower,0,38,0,0,38,0,0,35,0,35,0,38,35,0,73,28,0,28,101
09/22/2002,CWA,WI,AGL,CE,Federal Contract Tower,0,32,1,0,33,0,0,29,0,29,0,32,30,0,62,22,0,22,84
09/23/2002,CWA,WI,AGL,CE,Federal Contract Tower,0,60,6,0,66,0,0,14,0,14,0,60,20,0,80,10,0,10,90
09/24/2002,CWA,WI,AGL,CE,Federal Contract Tower,2,52,8,0,62,0,0,20,0,20,2,52,28,0,82,12,0,12,94
09/25/2002,CWA,WI,AGL,CE,Federal Contract Tower,0,63,6,0,69,0,8,20,0,28,0,71,26,0,97,0,0,0,97
09/26/2002,CWA,WI,AGL,CE,Federal Contract Tower,0,58,6,0,64,0,0,0,0,0,0,58,6,0,64,0,0,0,64
09/27/2002,CWA,WI,AGL,CE,Federal Contract Tower,0,58,4,0,62,0,3,24,0,27,0,61,28,0,89,24,0,24,113
09/28/2002,CWA,WI,AGL,CE,Federal Contract Tower,6,29,1,0,36,0,10,21,0,31,6,39,22,0,67,8,0,8,75
09/29/2002,CWA,WI,AGL,CE,Federal Contract Tower,5,23,4,0,32,0,0,0,0,0,5,23,4,0,32,0,0,0,32
09/30/2002,CWA,WI,AGL,CE,Federal Contract Tower,0,53,7,0,60,0,0,9,0,9,0,53,16,0,69,6,0,6,75
10/01/2002,CWA,WI,AGL,CE,Federal Contract Tower,0,56,2,2,60,0,0,14,0,14,0,56,16,2,74,14,6,20,94
10/02/2002,CWA,WI,AGL,CE,Federal Contract Tower,0,54,11,4,69,0,3,12,0,15,0,57,23,4,84,0,6,6,90
10/03/2002,CWA,WI,AGL,CE,Federal Contract Tower,0,64,5,2,71,0,1,19,0,20,0,65,24,2,91,22,16,38,129
10/04/2002,CWA,WI,AGL,CE,Federal Contract Tower,0,60,6,2,68,0,0,0,0,0,0,60,6,2,68,0,0,0,68
10/05/2002,CWA,WI,AGL,CE,Federal Contract Tower,0,30,2,2,34,0,6,50,6,62,0,36,52,8,96,44,22,66,162
10/06/2002,CWA,WI,AGL,CE,Federal Contract Tower,0,30,2,2,34,0,0,8,0,8,0,30,10,2,42,0,0,0,42
10/07/2002,CWA,WI,AGL,CE,Federal Contract Tower,0,50,2,0,52,0,0,22,0,22,0,50,24,0,74,0,0,0,74
10/08/2002,CWA,WI,AGL,CE,Federal Contract Tower,0,59,9,0,68,0,0,15,0,15,0,59,24,0,83,0,0,0,83
10/09/2002,CWA,WI,AGL,CE,Federal Contract Tower,0,54,12,4,70,0,3,28,0,31,0,57,40,4,101,26,0,26,127
10/10/2002,CWA,WI,AGL,CE,Federal Contract Tower,0,63,6,0,69,0,0,7,0,7,0,63,13,0,76,0,0,0,76
10/11/2002,CWA,WI,AGL,CE,Federal Contract Tower,0,62,1,0,63,0,0,52,0,52,0,62,53,0,115,22,0,22,137
10/12/2002,CWA,WI,AGL,CE,Federal Contract Tower,0,36,1,0,37,0,0,4,0,4,0,36,5,0,41,4,0,4,45
10/13/2002,CWA,WI,AGL,CE,Federal Contract Tower,0,33,0,0,33,0,4,20,0,24,0,37,20,0,57,22,0,22,79
10/14/2002,CWA,WI,AGL,CE,Federal Contract Tower,0,51,2,0,53,0,0,9,0,9,0,51,11,0,62,6,0,6,68
10/15/2002,CWA,WI,AGL,CE,Federal Contract Tower,2,54,7,0,63,0,0,14,0,14,2,54,21,0,77,0,0,0,77
10/16/2002,CWA,WI,AGL,CE,Federal Contract Tower,3,55,8,0,66,0,0,35,0,35,3,55,43,0,101,44,0,44,145
10/17/2002,CWA,WI,AGL,CE,Federal Contract Tower,1,59,8,4,72,0,1,14,6,21,1,60,22,10,93,2,30,32,125
10/18/2002,CWA,WI,AGL,CE,Federal Contract Tower,2,66,24,0,92,0,0,0,0,0,2,66,24,0,92,0,0,0,92
10/19/2002,CWA,WI,AGL,CE,Federal Contract Tower,2,32,9,0,43,0,0,29,0,29,2,32,38,0,72,18,0,18,90
10/20/2002,CWA,WI,AGL,CE,Federal Contract Tower,2,32,7,0,41,0,0,21,0,21,2,32,28,0,62,32,0,32,94
10/21/2002,CWA,WI,AGL,CE,Federal Contract Tower,1,53,10,0,64,0,0,0,0,0,1,53,10,0,64,0,0,0,64
10/22/2002,CWA,WI,AGL,CE,Federal Contract Tower,0,62,6,0,68,0,0,4,4,8,0,62,10,4,76,0,0,0,76
10/23/2002,CWA,WI,AGL,CE,Federal Contract Tower,2,62,4,4,72,0,0,31,0,31,2,62,35,4,103,18,16,34,137
10/24/2002,CWA,WI,AGL,CE,Federal Contract Tower,1,56,6,8,71,0,0,30,0,30,1,56,36,8,101,10,2,12,113
10/25/2002,CWA,WI,AGL,CE,Federal Contract Tower,0,60,6,0,66,0,0,0,0,0,0,60,6,0,66,0,0,0,66
10/26/2002,CWA,WI,AGL,CE,Federal Contract Tower,0,34,10,0,44,0,0,20,2,22,0,34,30,2,66,14,0,14,80
10/27/2002,CWA,WI,AGL,CE,Federal Contract Tower,0,34,2,0,36,0,0,26,0,26,0,34,28,0,62,24,0,24,86
10/28/2002,CWA,WI,AGL,CE,Federal Contract Tower,0,47,10,0,57,0,0,28,0,28,0,47,38,0,85,50,0,50,135
10/29/2002,CWA,WI,AGL,CE,Federal Contract Tower,0,55,9,3,67,0,0,27,1,28,0,55,36,4,95,24,14,38,133
10/30/2002,CWA,WI,AGL,CE,Federal Contract Tower,0,56,4,0,60,0,1,9,0,10,0,57,13,0,70,8,0,8,78
10/31/2002,CWA,WI,AGL,CE,Federal Contract Tower,0,56,16,0,72,0,0,30,0,30,0,56,46,0,102,20,0,20,122
11/01/2002,CWA,WI,AGL,CE,Federal Contract Tower,0,60,6,2,68,0,4,25,0,29,0,64,31,2,97,22,0,22,119
11/02/2002,CWA,WI,AGL,CE,Federal Contract Tower,0,34,0,10,44,0,0,42,4,46,0,34,42,14,90,38,20,58,148
11/03/2002,CWA,WI,AGL,CE,Federal Contract Tower,0,36,4,0,40,0,0,16,2,18,0,36,20,2,58,12,0,12,70
11/04/2002,CWA,WI,AGL,CE,Federal Contract Tower,0,52,4,0,56,0,0,15,0,15,0,52,19,0,71,28,0,28,99
11/05/2002,CWA,WI,AGL,CE,Federal Contract Tower,0,57,13,0,70,0,0,0,0,0,0,57,13,0,70,0,0,0,70
11/06/2002,CWA,WI,AGL,CE,Federal Contract Tower,0,61,8,0,69,0,2,11,0,13,0,63,19,0,82,14,0,14,96
11/07/2002,CWA,WI,AGL,CE,Federal Contract Tower,0,57,5,0,62,0,2,21,0,23,0,59,26,0,85,8,0,8,93
11/08/2002,CWA,WI,AGL,CE,Federal Contract Tower,0,60,6,0,66,0,0,46,2,48,0,60,52,2,114,50,0,50,164
11/09/2002,CWA,WI,AGL,CE,Federal Contract Tower,0,34,1,0,35,0,0,25,0,25,0,34,26,0,60,42,0,42,102
11/10/2002,CWA,WI,AGL,CE,Federal Contract Tower,0,34,7,0,41,0,0,15,0,15,0,34,22,0,56,12,0,12,68
11/11/2002,CWA,WI,AGL,CE,Federal Contract Tower,0,53,9,0,62,0,0,6,0,6,0,53,15,0,68,4,0,4,72
11/12/2002,CWA,WI,AGL,CE,Federal Contract Tower,0,62,4,0,66,0,0,30,0,30,0,62,34,0,96,20,0,20,116
11/13/2002,CWA,WI,AGL,CE,Federal Contract Tower,0,60,3,0,63,0,0,19,0,19,0,60,22,0,82,42,0,42,124
11/14/2002,CWA,WI,AGL,CE,Federal Contract Tower,0,60,8,0,68,0,0,11,0,11,0,60,19,0,79,38,0,38,117
11/15/2002,CWA,WI,AGL,CE,Federal Contract Tower,0,64,0,0,64,0,1,33,0,34,0,65,33,0,98,40,0,40,138
11/16/2002,CWA,WI,AGL,CE,Federal Contract Tower,4,28,2,0,34,0,0,38,0,38,4,28,40,0,72,52,0,52,124
11/17/2002,CWA,WI,AGL,CE,Federal Contract Tower,0,34,3,0,37,0,0,27,0,27,0,34,30,0,64,28,0,28,92
11/18/2002,CWA,WI,AGL,CE,Federal Contract Tower,0,51,2,2,55,0,0,16,0,16,0,51,18,2,71,10,26,36,107
11/19/2002,CWA,WI,AGL,CE,Federal Contract Tower,0,56,4,0,60,0,0,26,0,26,0,56,30,0,86,18,0,18,104
11/20/2002,CWA,WI,AGL,CE,Federal Contract Tower,0,63,7,6,76,0,2,28,0,30,0,65,35,6,106,22,16,38,144
11/21/2002,CWA,WI,AGL,CE,Federal Contract Tower,0,60,5,4,69,0,0,11,1,12,0,60,16,5,81,12,12,24,105
11/22/2002,CWA,WI,AGL,CE,Federal Contract Tower,0,59,2,0,61,0,2,19,0,21,0,61,21,0,82,10,0,10,92
11/23/2002,CWA,WI,AGL,CE,Federal Contract Tower,0,34,0,0,34,0,0,20,0,20,0,34,20,0,54,16,0,16,70
11/24/2002,CWA,WI,AGL,CE,Federal Contract Tower,0,34,2,0,36,0,0,15,1,16,0,34,17,1,52,4,0,4,56
11/25/2002,CWA,WI,AGL,CE,Federal Contract Tower,0,48,3,0,51,0,0,10,0,10,0,48,13,0,61,8,0,8,69
11/26/2002,CWA,WI,AGL,CE,Federal Contract Tower,0,54,3,0,57,0,1,27,0,28,0,55,30,0,85,10,0,10,95
11/27/2002,CWA,WI,AGL,CE,Federal Contract Tower,0,56,2,2,60,0,1,22,0,23,0,57,24,2,83,28,18,46,129
11/28/2002,CWA,WI,AGL,CE,Federal Contract Tower,0,27,2,0,29,0,0,26,0,26,0,27,28,0,55,24,0,24,79
11/29/2002,CWA,WI,AGL,CE,Federal Contract Tower,0,41,8,0,49,0,0,10,2,12,0,41,18,2,61,18,0,18,79
11/30/2002,CWA,WI,AGL,CE,Federal Contract Tower,0,36,0,0,36,0,0,10,0,10,0,36,10,0,46,0,0,0,46
12/01/2002,CWA,WI,AGL,CE,Federal Contract Tower,0,33,3,0,36,0,1,11,0,12,0,34,14,0,48,4,0,4,52
12/02/2002,CWA,WI,AGL,CE,Federal Contract Tower,0,44,8,0,52,0,1,6,0,7,0,45,14,0,59,6,0,6,65
12/03/2002,CWA,WI,AGL,CE,Federal Contract Tower,0,57,7,0,64,0,2,21,0,23,0,59,28,0,87,24,0,24,111
12/04/2002,CWA,WI,AGL,CE,Federal Contract Tower,0,62,6,3,71,0,0,18,5,23,0,62,24,8,94,14,32,46,140
12/05/2002,CWA,WI,AGL,CE,Federal Contract Tower,0,64,4,1,69,0,2,14,1,17,0,66,18,2,86,8,22,30,116
12/06/2002,CWA,WI,AGL,CE,Federal Contract Tower,0,64,2,2,68,0,0,22,0,22,0,64,24,2,90,36,0,36,126
12/07/2002,CWA,WI,AGL,CE,Federal Contract Tower,0,35,1,0,36,0,0,16,0,16,0,35,17,0,52,12,0,12,64
12/08/2002,CWA,WI,AGL,CE,Federal Contract Tower,0,35,6,2,43,0,0,24,0,24,0,35,30,2,67,40,0,40,107
12/09/2002,CWA,WI,AGL,CE,Federal Contract Tower,0,49,2,0,51,0,0,11,0,11,0,49,13,0,62,0,0,0,62
12/10/2002,CWA,WI,AGL,CE,Federal Contract Tower,0,58,1,0,59,0,2,25,0,27,0,60,26,0,86,6,0,6,92
12/11/2002,CWA,WI,AGL,CE,Federal Contract Tower,0,62,8,0,70,0,0,45,0,45,0,62,53,0,115,52,0,52,167
12/12/2002,CWA,WI,AGL,CE,Federal Contract Tower,0,61,10,2,73,0,0,11,0,11,0,61,21,2,84,0,0,0,84
12/13/2002,CWA,WI,AGL,CE,Federal Contract Tower,0,68,12,0,80,0,0,0,0,0,0,68,12,0,80,0,0,0,80
12/14/2002,CWA,WI,AGL,CE,Federal Contract Tower,0,34,10,0,44,0,0,22,0,22,0,34,32,0,66,42,0,42,108
12/15/2002,CWA,WI,AGL,CE,Federal Contract Tower,0,37,6,0,43,0,0,18,0,18,0,37,24,0,61,10,0,10,71
12/16/2002,CWA,WI,AGL,CE,Federal Contract Tower,2,48,8,0,58,0,0,4,0,4,2,48,12,0,62,12,0,12,74
12/17/2002,CWA,WI,AGL,CE,Federal Contract Tower,0,63,18,0,81,0,0,0,0,0,0,63,18,0,81,2,0,2,83
12/18/2002,CWA,WI,AGL,CE,Federal Contract Tower,0,72,8,2,82,0,0,0,0,0,0,72,8,2,82,0,12,12,94
12/19/2002,CWA,WI,AGL,CE,Federal Contract Tower,0,64,10,0,74,0,0,12,0,12,0,64,22,0,86,0,18,18,104
12/20/2002,CWA,WI,AGL,CE,Federal Contract Tower,0,64,12,0,76,0,0,3,0,3,0,64,15,0,79,0,0,0,79
12/21/2002,CWA,WI,AGL,CE,Federal Contract Tower,0,34,4,0,38,0,0,16,0,16,0,34,20,0,54,10,0,10,64
12/22/2002,CWA,WI,AGL,CE,Federal Contract Tower,0,32,4,0,36,0,0,6,0,6,0,32,10,0,42,0,0,0,42
12/23/2002,CWA,WI,AGL,CE,Federal Contract Tower,0,51,4,3,58,0,0,25,1,26,0,51,29,4,84,38,32,70,154
12/24/2002,CWA,WI,AGL,CE,Federal Contract Tower,0,51,4,0,55,0,0,6,0,6,0,51,10,0,61,6,0,6,67
12/25/2002,CWA,WI,AGL,CE,Federal Contract Tower,0,33,1,0,34,0,0,0,0,0,0,33,1,0,34,0,0,0,34
12/26/2002,CWA,WI,AGL,CE,Federal Contract Tower,0,55,2,5,62,0,0,24,1,25,0,55,26,6,87,22,32,54,141
12/27/2002,CWA,WI,AGL,CE,Federal Contract Tower,0,59,7,0,66,0,0,23,0,23,0,59,30,0,89,30,0,30,119
12/28/2002,CWA,WI,AGL,CE,Federal Contract Tower,0,33,6,0,39,0,0,0,0,0,0,33,6,0,39,0,0,0,39
12/29/2002,CWA,WI,AGL,CE,Federal Contract Tower,0,36,5,0,41,0,0,15,0,15,0,36,20,0,56,2,0,2,58
12/30/2002,CWA,WI,AGL,CE,Federal Contract Tower,0,53,8,6,67,0,0,4,3,7,0,53,12,9,74,0,6,6,80
12/31/2002,CWA,WI,AGL,CE,Federal Contract Tower,0,48,1,0,49,0,4,33,0,37,0,52,34,0,86,24,0,24,110
01/01/2003,CWA,WI,AGL,CE,Federal Contract Tower,0,35,0,0,35,0,0,12,0,12,0,35,12,0,47,0,0,0,47
01/02/2003,CWA,WI,AGL,CE,Federal Contract Tower,0,56,1,0,57,0,0,12,0,12,0,56,13,0,69,22,0,22,91
01/03/2003,CWA,WI,AGL,CE,Federal Contract Tower,0,59,1,0,60,0,1,24,0,25,0,60,25,0,85,34,0,34,119
01/04/2003,CWA,WI,AGL,CE,Federal Contract Tower,0,31,4,0,35,0,1,13,0,14,0,32,17,0,49,44,0,44,93
01/05/2003,CWA,WI,AGL,CE,Federal Contract Tower,0,30,2,0,32,0,0,0,0,0,0,30,2,0,32,0,0,0,32
01/06/2003,CWA,WI,AGL,CE,Federal Contract Tower,2,55,4,2,63,0,0,15,4,19,2,55,19,6,82,36,0,36,118
01/07/2003,CWA,WI,AGL,CE,Federal Contract Tower,0,61,3,2,66,0,0,15,0,15,0,61,18,2,81,16,6,22,103
01/08/2003,CWA,WI,AGL,CE,Federal Contract Tower,0,61,1,0,62,0,0,34,0,34,0,61,35,0,96,16,0,16,112
01/09/2003,CWA,WI,AGL,CE,Federal Contract Tower,0,58,5,4,67,0,0,10,0,10,0,58,15,4,77,6,48,54,131
01/10/2003,CWA,WI,AGL,CE,Federal Contract Tower,2,60,2,2,66,0,0,8,0,8,2,60,10,2,74,12,0,12,86
01/11/2003,CWA,WI,AGL,CE,Federal Contract Tower,2,34,4,0,40,0,2,19,0,21,2,36,23,0,61,4,6,10,71
01/12/2003,CWA,WI,AGL,CE,Federal Contract Tower,0,34,0,2,36,0,0,30,0,30,0,34,30,2,66,20,0,20,86
01/13/2003,CWA,WI,AGL,CE,Federal Contract Tower,0,47,4,0,51,0,0,10,0,10,0,47,14,0,61,12,0,12,73
01/14/2003,CWA,WI,AGL,CE,Federal Contract Tower,4,53,7,4,68,0,5,7,2,14,4,58,14,6,82,10,30,40,122
01/15/2003,CWA,WI,AGL,CE,Federal Contract Tower,0,55,9,2,66,0,2,13,0,15,0,57,22,2,81,24,12,36,117
01/16/2003,CWA,WI,AGL,CE,Federal Contract Tower,2,62,4,4,72,0,1,15,0,16,2,63,19,4,88,8,36,44,132
01/17/2003,CWA,WI,AGL,CE,Federal Contract Tower,0,62,5,0,67,0,2,26,0,28,0,64,31,0,95,16,0,16,111
01/18/2003,CWA,WI,AGL,CE,Federal Contract Tower,0,34,8,0,42,0,0,12,0,12,0,34,20,0,54,10,0,10,64
01/19/2003,CWA,WI,AGL,CE,Federal Contract Tower,0,33,2,0,35,0,0,8,0,8,0,33,10,0,43,0,0,0,43
01/20/2003,CWA,WI,AGL,CE,Federal Contract Tower,0,49,9,0,58,0,0,7,0,7,0,49,16,0,65,6,0,6,71
01/21/2003,CWA,WI,AGL,CE,Federal Contract Tower,0,60,6,0,66,0,0,16,0,16,0,60,22,0,82,6,0,6,88
01/22/2003,CWA,WI,AGL,CE,Federal Contract Tower,0,63,2,6,71,0,0,15,0,15,0,63,17,6,86,32,28,60,146
01/23/2003,CWA,WI,AGL,CE,Federal Contract Tower,0,60,4,0,64,0,2,21,0,23,0,62,25,0,87,20,0,20,107
01/24/2003,CWA,WI,AGL,CE,Federal Contract Tower,0,60,10,0,70,0,4,10,0,14,0,64,20,0,84,36,0,36,120
01/25/2003,CWA,WI,AGL,CE,Federal Contract Tower,0,34,0,0,34,0,1,18,0,19,0,35,18,0,53,0,0,0,53
01/26/2003,CWA,WI,AGL,CE,Federal Contract Tower,0,32,0,0,32,0,0,10,0,10,0,32,10,0,42,6,0,6,48
01/27/2003,CWA,WI,AGL,CE,Federal Contract Tower,0,45,7,0,52,0,0,0,0,0,0,45,7,0,52,6,0,6,58
01/28/2003,CWA,WI,AGL,CE,Federal Contract Tower,0,57,6,8,71,0,0,0,0,0,0,57,6,8,71,0,12,12,83
01/29/2003,CWA,WI,AGL,CE,Federal Contract Tower,0,62,10,4,76,0,4,25,2,31,0,66,35,6,107,22,18,40,147
01/30/2003,CWA,WI,AGL,CE,Federal Contract Tower,0,60,4,0,64,0,0,9,0,9,0,60,13,0,73,26,0,26,99
01/31/2003,CWA,WI,AGL,CE,Federal Contract Tower,0,60,6,0,66,0,0,0,0,0,0,60,6,0,66,0,0,0,66
02/01/2003,CWA,WI,AGL,CE,Federal Contract Tower,2,36,0,0,38,0,0,0,0,0,2,36,0,0,38,0,0,0,38
02/02/2003,CWA,WI,AGL,CE,Federal Contract Tower,0,38,8,0,46,0,0,0,0,0,0,38,8,0,46,0,0,0,46
02/03/2003,CWA,WI,AGL,CE,Federal Contract Tower,0,38,7,0,45,0,0,0,0,0,0,38,7,0,45,0,0,0,45
02/04/2003,CWA,WI,AGL,CE,Federal Contract Tower,0,60,1,2,63,0,0,2,0,2,0,60,3,2,65,2,8,10,75
02/05/2003,CWA,WI,AGL,CE,Federal Contract Tower,0,54,2,2,58,0,0,4,0,4,0,54,6,2,62,0,0,0,62
02/06/2003,CWA,WI,AGL,CE,Federal Contract Tower,0,58,6,8,72,0,0,21,2,23,0,58,27,10,95,4,56,60,155
02/07/2003,CWA,WI,AGL,CE,Federal Contract Tower,0,56,1,2,59,0,0,17,0,17,0,56,18,2,76,8,0,8,84
02/08/2003,CWA,WI,AGL,CE,Federal Contract Tower,0,36,0,0,36,0,0,14,0,14,0,36,14,0,50,20,0,20,70
02/09/2003,CWA,WI,AGL,CE,Federal Contract Tower,0,34,8,2,44,0,0,12,0,12,0,34,20,2,56,12,0,12,68
02/10/2003,CWA,WI,AGL,CE,Federal Contract Tower,0,51,3,0,54,0,0,13,0,13,0,51,16,0,67,12,0,12,79
02/11/2003,CWA,WI,AGL,CE,Federal Contract Tower,0,55,9,0,64,0,1,0,0,1,0,56,9,0,65,0,0,0,65
02/12/2003,CWA,WI,AGL,CE,Federal Contract Tower,0,63,0,2,65,0,0,7,0,7,0,63,7,2,72,0,20,20,92
02/13/2003,CWA,WI,AGL,CE,Federal Contract Tower,0,65,3,0,68,0,1,15,0,16,0,66,18,0,84,28,0,28,112
02/14/2003,CWA,WI,AGL,CE,Federal Contract Tower,0,64,2,0,66,0,0,24,0,24,0,64,26,0,90,52,0,52,142
02/15/2003,CWA,WI,AGL,CE,Federal Contract Tower,0,38,4,0,42,0,0,19,0,19,0,38,23,0,61,32,0,32,93
02/16/2003,CWA,WI,AGL,CE,Federal Contract Tower,2,36,1,0,39,0,0,39,0,39,2,36,40,0,78,30,0,30,108
02/17/2003,CWA,WI,AGL,CE,Federal Contract Tower,0,49,2,0,51,0,2,13,0,15,0,51,15,0,66,30,0,30,96
02/18/2003,CWA,WI,AGL,CE,Federal Contract Tower,0,67,8,0,75,0,23,1,0,24,0,90,9,0,99,2,0,2,101
02/19/2003,CWA,WI,AGL,CE,Federal Contract Tower,0,65,3,0,68,0,25,21,0,46,0,90,24,0,114,16,0,16,130
02/20/2003,CWA,WI,AGL,CE,Federal Contract Tower,0,56,2,0,58,0,0,23,0,23,0,56,25,0,81,12,0,12,93
02/21/2003,CWA,WI,AGL,CE,Federal Contract Tower,0,56,2,0,58,0,0,8,0,8,0,56,10,0,66,6,0,6,72
02/22/2003,CWA,WI,AGL,CE,Federal Contract Tower,2,40,3,0,45,0,0,10,0,10,2,40,13,0,55,6,0,6,61
02/23/2003,CWA,WI,AGL,CE,Federal Contract Tower,0,36,5,0,41,0,0,25,0,25,0,36,30,0,66,20,0,20,86
02/24/2003,CWA,WI,AGL,CE,Federal Contract Tower,0,45,5,0,50,0,0,5,0,5,0,45,10,0,55,2,0,2,57
02/25/2003,CWA,WI,AGL,CE,Federal Contract Tower,0,61,7,0,68,0,0,18,0,18,0,61,25,0,86,10,0,10,96
02/26/2003,CWA,WI,AGL,CE,Federal Contract Tower,0,60,8,0,68,0,0,19,0,19,0,60,27,0,87,20,0,20,107
02/27/2003,CWA,WI,AGL,CE,Federal Contract Tower,0,57,4,0,61,0,2,31,0,33,0,59,35,0,94,44,0,44,138
02/28/2003,CWA,WI,AGL,CE,Federal Contract Tower,4,64,0,0,68,0,0,25,0,25,4,64,25,0,93,46,0,46,139
03/01/2003,CWA,WI,AGL,CE,Federal Contract Tower,0,34,1,0,35,0,0,30,0,30,0,34,31,0,65,20,0,20,85
03/02/2003,CWA,WI,AGL,CE,Federal Contract Tower,0,34,4,0,38,0,0,16,0,16,0,34,20,0,54,16,0,16,70
03/03/2003,CWA,WI,AGL,CE,Federal Contract Tower,0,46,1,0,47,0,0,0,0,0,0,46,1,0,47,0,0,0,47
03/04/2003,CWA,WI,AGL,CE,Federal Contract Tower,0,58,11,0,69,0,0,0,0,0,0,58,11,0,69,6,0,6,75
03/05/2003,CWA,WI,AGL,CE,Federal Contract Tower,0,63,5,2,70,0,0,22,0,22,0,63,27,2,92,22,12,34,126
03/06/2003,CWA,WI,AGL,CE,Federal Contract Tower,2,58,7,2,69,0,0,15,0,15,2,58,22,2,84,4,22,26,110
03/07/2003,CWA,WI,AGL,CE,Federal Contract Tower,0,57,1,2,60,0,0,20,0,20,0,57,21,2,80,8,0,8,88
03/08/2003,CWA,WI,AGL,CE,Federal Contract Tower,0,34,0,0,34,0,0,4,0,4,0,34,4,0,38,0,0,0,38
03/09/2003,CWA,WI,AGL,CE,Federal Contract Tower,0,35,1,2,38,0,1,19,0,20,0,36,20,2,58,18,0,18,76
03/10/2003,CWA,WI,AGL,CE,Federal Contract Tower,2,49,5,0,56,0,0,1,0,1,2,49,6,0,57,6,0,6,63
03/11/2003,CWA,WI,AGL,CE,Federal Contract Tower,0,55,3,0,58,0,0,5,0,5,0,55,8,0,63,6,0,6,69
03/12/2003,CWA,WI,AGL,CE,Federal Contract Tower,0,59,3,0,62,0,15,23,0,38,0,74,26,0,100,80,0,80,180
03/13/2003,CWA,WI,AGL,CE,Federal Contract Tower,0,69,2,0,71,0,1,26,0,27,0,70,28,0,98,30,0,30,128
03/14/2003,CWA,WI,AGL,CE,Federal Contract Tower,0,56,2,0,58,0,13,36,0,49,0,69,38,0,107,62,0,62,169
03/15/2003,CWA,WI,AGL,CE,Federal Contract Tower,0,34,6,0,40,0,0,34,0,34,0,34,40,0,74,46,0,46,120
03/16/2003,CWA,WI,AGL,CE,Federal Contract Tower,4,37,4,0,45,0,0,24,2,26,4,37,28,2,71,32,0,32,103
03/17/2003,CWA,WI,AGL,CE,Federal Contract Tower,0,51,4,0,55,0,1,7,0,8,0,52,11,0,63,18,0,18,81
03/18/2003,CWA,WI,AGL,CE,Federal Contract Tower,0,55,2,0,57,0,0,2,0,2,0,55,4,0,59,2,0,2,61
03/19/2003,CWA,WI,AGL,CE,Federal Contract Tower,2,59,5,0,66,0,2,15,0,17,2,61,20,0,83,8,0,8,91
03/20/2003,CWA,WI,AGL,CE,Federal Contract Tower,2,43,6,0,51,0,0,0,0,0,2,43,6,0,51,0,0,0,51
03/21/2003,CWA,WI,AGL,CE,Federal Contract Tower,0,58,8,0,66,0,1,1,0,2,0,59,9,0,68,0,0,0,68
03/22/2003,CWA,WI,AGL,CE,Federal Contract Tower,0,34,1,0,35,0,0,0,0,0,0,34,1,0,35,0,0,0,35
03/23/2003,CWA,WI,AGL,CE,Federal Contract Tower,2,32,3,0,37,0,0,30,0,30,2,32,33,0,67,14,0,14,81
03/24/2003,CWA,WI,AGL,CE,Federal Contract Tower,2,44,2,4,52,0,1,26,2,29,2,45,28,6,81,0,0,0,81
03/25/2003,CWA,WI,AGL,CE,Federal Contract Tower,0,53,3,4,60,0,0,18,0,18,0,53,21,4,78,22,32,54,132
03/26/2003,CWA,WI,AGL,CE,Federal Contract Tower,0,56,15,1,72,0,0,34,0,34,0,56,49,1,106,20,18,38,144
03/27/2003,CWA,WI,AGL,CE,Federal Contract Tower,0,54,10,1,65,0,0,2,0,2,0,54,12,1,67,0,0,0,67
03/28/2003,CWA,WI,AGL,CE,Federal Contract Tower,1,54,3,0,58,0,0,0,0,0,1,54,3,0,58,0,0,0,58
03/29/2003,CWA,WI,AGL,CE,Federal Contract Tower,0,37,0,0,37,0,0,2,0,2,0,37,2,0,39,6,0,6,45
03/30/2003,CWA,WI,AGL,CE,Federal Contract Tower,0,34,3,0,37,0,0,34,0,34,0,34,37,0,71,12,0,12,83
03/31/2003,CWA,WI,AGL,CE,Federal Contract Tower,2,47,4,2,55,0,0,1,0,1,2,47,5,2,56,4,12,16,72
04/01/2003,CWA,WI,AGL,CE,Federal Contract Tower,0,52,2,0,54,0,5,16,0,21,0,57,18,0,75,26,0,26,101
04/02/2003,CWA,WI,AGL,CE,Federal Contract Tower,0,57,3,2,62,0,0,10,0,10,0,57,13,2,72,12,10,22,94
04/03/2003,CWA,WI,AGL,CE,Federal Contract Tower,0,60,2,0,62,0,0,2,0,2,0,60,4,0,64,0,0,0,64
04/04/2003,CWA,WI,AGL,CE,Federal Contract Tower,0,47,9,0,56,0,0,0,0,0,0,47,9,0,56,0,0,0,56
04/05/2003,CWA,WI,AGL,CE,Federal Contract Tower,0,40,0,0,40,0,0,8,0,8,0,40,8,0,48,4,0,4,52
04/06/2003,CWA,WI,AGL,CE,Federal Contract Tower,2,33,2,0,37,0,0,33,0,33,2,33,35,0,70,2,0,2,72
04/07/2003,CWA,WI,AGL,CE,Federal Contract Tower,0,41,5,0,46,0,0,5,0,5,0,41,10,0,51,0,0,0,51
04/08/2003,CWA,WI,AGL,CE,Federal Contract Tower,0,52,11,0,63,0,0,12,0,12,0,52,23,0,75,22,0,22,97
04/09/2003,CWA,WI,AGL,CE,Federal Contract Tower,0,51,9,0,60,0,1,33,0,34,0,52,42,0,94,58,0,58,152
04/10/2003,CWA,WI,AGL,CE,Federal Contract Tower,2,53,5,0,60,0,0,34,0,34,2,53,39,0,94,38,0,38,132
04/11/2003,CWA,WI,AGL,CE,Federal Contract Tower,0,51,3,0,54,0,2,29,0,31,0,53,32,0,85,6,0,6,91
04/12/2003,CWA,WI,AGL,CE,Federal Contract Tower,0,33,0,0,33,0,0,24,0,24,0,33,24,0,57,24,0,24,81
04/13/2003,CWA,WI,AGL,CE,Federal Contract Tower,0,32,6,0,38,0,0,25,0,25,0,32,31,0,63,8,0,8,71
04/14/2003,CWA,WI,AGL,CE,Federal Contract Tower,2,47,4,8,61,0,1,2,25,28,2,48,6,33,89,12,10,22,111
04/15/2003,CWA,WI,AGL,CE,Federal Contract Tower,0,52,10,4,66,0,0,18,0,18,0,52,28,4,84,26,36,62,146
04/16/2003,CWA,WI,AGL,CE,Federal Contract Tower,0,56,1,0,57,0,0,7,0,7,0,56,8,0,64,0,0,0,64
04/17/2003,CWA,WI,AGL,CE,Federal Contract Tower,2,60,7,0,69,0,0,0,0,0,2,60,7,0,69,0,0,0,69
04/18/2003,CWA,WI,AGL,CE,Federal Contract Tower,2,60,10,4,76,0,0,10,0,10,2,60,20,4,86,10,16,26,112
04/19/2003,CWA,WI,AGL,CE,Federal Contract Tower,2,36,6,0,44,0,0,0,0,0,2,36,6,0,44,0,0,0,44
04/20/2003,CWA,WI,AGL,CE,Federal Contract Tower,2,30,4,0,36,0,0,0,0,0,2,30,4,0,36,0,0,0,36
04/21/2003,CWA,WI,AGL,CE,Federal Contract Tower,0,46,6,0,52,0,0,9,0,9,0,46,15,0,61,6,0,6,67
04/22/2003,CWA,WI,AGL,CE,Federal Contract Tower,0,52,7,2,61,0,0,38,0,38,0,52,45,2,99,18,6,24,123
04/23/2003,CWA,WI,AGL,CE,Federal Contract Tower,0,56,6,0,62,0,1,22,0,23,0,57,28,0,85,38,0,38,123
04/24/2003,CWA,WI,AGL,CE,Federal Contract Tower,0,59,9,2,70,0,3,32,0,35,0,62,41,2,105,18,14,32,137
04/25/2003,CWA,WI,AGL,CE,Federal Contract Tower,0,58,6,0,64,0,0,34,0,34,0,58,40,0,98,26,0,26,124
04/26/2003,CWA,WI,AGL,CE,Federal Contract Tower,0,34,4,0,38,0,0,44,0,44,0,34,48,0,82,44,0,44,126
04/27/2003,CWA,WI,AGL,CE,Federal Contract Tower,0,33,0,0,33,0,0,17,0,17,0,33,17,0,50,12,0,12,62
04/28/2003,CWA,WI,AGL,CE,Federal Contract Tower,0,47,6,0,53,0,0,19,0,19,0,47,25,0,72,20,0,20,92
04/29/2003,CWA,WI,AGL,CE,Federal Contract Tower,0,55,11,0,66,0,21,27,0,48,0,76,38,0,114,12,0,12,126
04/30/2003,CWA,WI,AGL,CE,Federal Contract Tower,0,52,10,0,62,0,3,15,0,18,0,55,25,0,80,6,0,6,86
05/01/2003,CWA,WI,AGL,CE,Federal Contract Tower,0,57,4,4,65,0,22,16,0,38,0,79,20,4,103,0,20,20,123
05/02/2003,CWA,WI,AGL,CE,Federal Contract Tower,0,56,8,2,66,0,4,27,0,31,0,60,35,2,97,34,0,34,131
05/03/2003,CWA,WI,AGL,CE,Federal Contract Tower,0,34,0,0,34,0,28,47,0,75,0,62,47,0,109,52,0,52,161
05/04/2003,CWA,WI,AGL,CE,Federal Contract Tower,0,32,1,2,35,0,0,29,0,29,0,32,30,2,64,20,0,20,84
05/05/2003,CWA,WI,AGL,CE,Federal Contract Tower,0,49,5,0,54,0,0,0,0,0,0,49,5,0,54,0,0,0,54
05/06/2003,CWA,WI,AGL,CE,Federal Contract Tower,0,54,3,0,57,0,5,21,0,26,0,59,24,0,83,24,0,24,107
05/07/2003,CWA,WI,AGL,CE,Federal Contract Tower,0,49,12,0,61,0,1,51,0,52,0,50,63,0,113,10,0,10,123
05/08/2003,CWA,WI,AGL,CE,Federal Contract Tower,0,56,4,0,60,0,0,53,0,53,0,56,57,0,113,2,0,2,115
05/09/2003,CWA,WI,AGL,CE,Federal Contract Tower,0,52,7,0,59,0,0,11,0,11,0,52,18,0,70,14,0,14,84
05/10/2003,CWA,WI,AGL,CE,Federal Contract Tower,0,32,2,0,34,0,0,28,0,28,0,32,30,0,62,24,0,24,86
05/11/2003,CWA,WI,AGL,CE,Federal Contract Tower,0,24,2,0,26,0,0,0,0,0,0,24,2,0,26,0,0,0,26
05/12/2003,CWA,WI,AGL,CE,Federal Contract Tower,0,46,9,2,57,0,0,2,0,2,0,46,11,2,59,0,26,26,85
05/13/2003,CWA,WI,AGL,CE,Federal Contract Tower,0,48,7,6,61,0,1,22,24,47,0,49,29,30,108,12,28,40,148
05/14/2003,CWA,WI,AGL,CE,Federal Contract Tower,0,56,6,1,63,0,0,11,3,14,0,56,17,4,77,0,38,38,115
05/15/2003,CWA,WI,AGL,CE,Federal Contract Tower,2,56,2,2,62,0,1,35,3,39,2,57,37,5,101,36,26,62,163
05/16/2003,CWA,WI,AGL,CE,Federal Contract Tower,0,56,6,2,64,0,4,50,0,54,0,60,56,2,118,56,30,86,204
05/17/2003,CWA,WI,AGL,CE,Federal Contract Tower,0,32,5,0,37,0,0,26,0,26,0,32,31,0,63,10,0,10,73
05/18/2003,CWA,WI,AGL,CE,Federal Contract Tower,2,32,6,0,40,0,0,48,0,48,2,32,54,0,88,28,0,28,116
05/19/2003,CWA,WI,AGL,CE,Federal Contract Tower,0,48,4,2,54,0,0,4,0,4,0,48,8,2,58,0,0,0,58
05/20/2003,CWA,WI,AGL,CE,Federal Contract Tower,0,58,7,2,67,0,0,11,0,11,0,58,18,2,78,8,4,12,90
05/21/2003,CWA,WI,AGL,CE,Federal Contract Tower,0,50,11,2,63,0,2,37,4,43,0,52,48,6,106,36,24,60,166
05/22/2003,CWA,WI,AGL,CE,Federal Contract Tower,0,54,3,0,57,0,2,29,0,31,0,56,32,0,88,24,0,24,112
05/23/2003,CWA,WI,AGL,CE,Federal Contract Tower,0,56,8,2,66,0,0,33,0,33,0,56,41,2,99,20,20,40,139
05/24/2003,CWA,WI,AGL,CE,Federal Contract Tower,0,36,1,0,37,0,0,38,0,38,0,36,39,0,75,30,0,30,105
05/25/2003,CWA,WI,AGL,CE,Federal Contract Tower,0,28,1,0,29,0,0,23,0,23,0,28,24,0,52,28,0,28,80
05/26/2003,CWA,WI,AGL,CE,Federal Contract Tower,0,30,2,0,32,0,1,23,0,24,0,31,25,0,56,24,0,24,80
05/27/2003,CWA,WI,AGL,CE,Federal Contract Tower,0,46,3,0,49,0,0,15,0,15,0,46,18,0,64,10,0,10,74
05/28/2003,CWA,WI,AGL,CE,Federal Contract Tower,0,53,7,0,60,0,0,11,0,11,0,53,18,0,71,0,0,0,71
05/29/2003,CWA,WI,AGL,CE,Federal Contract Tower,0,57,9,8,74,0,1,36,2,39,0,58,45,10,113,36,32,68,181
05/30/2003,CWA,WI,AGL,CE,Federal Contract Tower,0,49,5,0,54,0,0,15,0,15,0,49,20,0,69,0,0,0,69
05/31/2003,CWA,WI,AGL,CE,Federal Contract Tower,0,32,0,0,32,0,0,30,0,30,0,32,30,0,62,36,0,36,98
06/01/2003,CWA,WI,AGL,CE,Federal Contract Tower,0,33,6,0,39,0,0,34,0,34,0,33,40,0,73,22,0,22,95
06/02/2003,CWA,WI,AGL,CE,Federal Contract Tower,0,41,5,0,46,0,0,15,0,15,0,41,20,0,61,32,0,32,93
06/03/2003,CWA,WI,AGL,CE,Federal Contract Tower,0,51,7,0,58,0,0,22,0,22,0,51,29,0,80,22,0,22,102
06/04/2003,CWA,WI,AGL,CE,Federal Contract Tower,0,52,6,4,62,0,1,20,0,21,0,53,26,4,83,0,14,14,97
06/05/2003,CWA,WI,AGL,CE,Federal Contract Tower,0,53,7,0,60,0,2,25,0,27,0,55,32,0,87,10,0,10,97
06/06/2003,CWA,WI,AGL,CE,Federal Contract Tower,0,59,6,0,65,0,0,19,2,21,0,59,25,2,86,6,0,6,92
06/07/2003,CWA,WI,AGL,CE,Federal Contract Tower,0,32,6,0,38,0,0,14,0,14,0,32,20,0,52,10,0,10,62
06/08/2003,CWA,WI,AGL,CE,Federal Contract Tower,0,27,0,2,29,0,0,10,0,10,0,27,10,2,39,12,0,12,51
06/09/2003,CWA,WI,AGL,CE,Federal Contract Tower,0,47,8,0,55,0,4,19,0,23,0,51,27,0,78,36,0,36,114
06/10/2003,CWA,WI,AGL,CE,Federal Contract Tower,0,56,6,0,62,0,0,0,0,0,0,56,6,0,62,0,0,0,62
06/11/2003,CWA,WI,AGL,CE,Federal Contract Tower,0,55,7,0,62,0,1,28,0,29,0,56,35,0,91,36,0,36,127
06/12/2003,CWA,WI,AGL,CE,Federal Contract Tower,0,57,4,2,63,0,1,29,0,30,0,58,33,2,93,4,14,18,111
06/13/2003,CWA,WI,AGL,CE,Federal Contract Tower,0,54,2,0,56,0,0,25,0,25,0,54,27,0,81,30,0,30,111
06/14/2003,CWA,WI,AGL,CE,Federal Contract Tower,0,30,0,0,30,0,1,35,0,36,0,31,35,0,66,36,0,36,102
06/15/2003,CWA,WI,AGL,CE,Federal Contract Tower,0,32,7,0,39,0,0,18,0,18,0,32,25,0,57,12,0,12,69
06/16/2003,CWA,WI,AGL,CE,Federal Contract Tower,0,45,9,1,55,0,0,26,0,26,0,45,35,1,81,22,24,46,127
06/17/2003,CWA,WI,AGL,CE,Federal Contract Tower,0,52,7,2,61,0,4,27,0,31,0,56,34,2,92,28,20,48,140
06/18/2003,CWA,WI,AGL,CE,Federal Contract Tower,0,55,24,4,83,0,3,20,2,25,0,58,44,6,108,26,14,40,148
06/19/2003,CWA,WI,AGL,CE,Federal Contract Tower,0,54,14,10,78,0,3,34,2,39,0,57,48,12,117,64,66,130,247
06/20/2003,CWA,WI,AGL,CE,Federal Contract Tower,0,54,10,0,64,0,2,31,0,33,0,56,41,0,97,78,0,78,175
06/21/2003,CWA,WI,AGL,CE,Federal Contract Tower,0,32,0,0,32,0,0,25,0,25,0,32,25,0,57,16,0,16,73
06/22/2003,CWA,WI,AGL,CE,Federal Contract Tower,0,32,2,0,34,0,0,29,4,33,0,32,31,4,67,26,0,26,93
06/23/2003,CWA,WI,AGL,CE,Federal Contract Tower,0,47,2,2,51,0,0,6,4,10,0,47,8,6,61,6,6,12,73
06/24/2003,CWA,WI,AGL,CE,Federal Contract Tower,0,54,9,5,68,0,0,12,5,17,0,54,21,10,85,22,24,46,131
06/25/2003,CWA,WI,AGL,CE,Federal Contract Tower,0,58,3,0,61,0,1,16,0,17,0,59,19,0,78,38,0,38,116
06/26/2003,CWA,WI,AGL,CE,Federal Contract Tower,0,55,4,8,67,0,0,23,2,25,0,55,27,10,92,14,50,64,156
06/27/2003,CWA,WI,AGL,CE,Federal Contract Tower,0,52,10,4,66,0,0,26,4,30,0,52,36,8,96,36,20,56,152
06/28/2003,CWA,WI,AGL,CE,Federal Contract Tower,0,32,10,0,42,0,0,0,0,0,0,32,10,0,42,2,0,2,44
06/29/2003,CWA,WI,AGL,CE,Federal Contract Tower,0,32,2,0,34,0,0,31,0,31,0,32,33,0,65,38,0,38,103
06/30/2003,CWA,WI,AGL,CE,Federal Contract Tower,0,46,6,7,59,0,0,37,3,40,0,46,43,10,99,64,92,156,255
07/01/2003,CWA,WI,AGL,CE,Federal Contract Tower,0,53,6,14,73,0,0,26,0,26,0,53,32,14,99,16,82,98,197
07/02/2003,CWA,WI,AGL,CE,Federal Contract Tower,0,52,4,1,57,0,2,20,1,23,0,54,24,2,80,32,18,50,130
07/03/2003,CWA,WI,AGL,CE,Federal Contract Tower,0,54,7,0,61,0,0,33,0,33,0,54,40,0,94,28,0,28,122
07/04/2003,CWA,WI,AGL,CE,Federal Contract Tower,0,32,0,0,32,0,0,15,0,15,0,32,15,0,47,10,0,10,57
07/05/2003,CWA,WI,AGL,CE,Federal Contract Tower,0,30,0,0,30,0,0,40,0,40,0,30,40,0,70,40,0,40,110
07/06/2003,CWA,WI,AGL,CE,Federal Contract Tower,0,34,0,0,34,0,0,25,0,25,0,34,25,0,59,34,0,34,93
07/07/2003,CWA,WI,AGL,CE,Federal Contract Tower,0,41,4,0,45,0,0,7,0,7,0,41,11,0,52,8,0,8,60
07/08/2003,CWA,WI,AGL,CE,Federal Contract Tower,0,51,6,0,57,0,0,37,0,37,0,51,43,0,94,34,0,34,128
07/09/2003,CWA,WI,AGL,CE,Federal Contract Tower,0,48,9,0,57,0,12,20,0,32,0,60,29,0,89,34,0,34,123
07/10/2003,CWA,WI,AGL,CE,Federal Contract Tower,0,61,7,0,68,0,0,3,0,3,0,61,10,0,71,0,0,0,71
07/11/2003,CWA,WI,AGL,CE,Federal Contract Tower,0,58,8,4,70,0,0,32,0,32,0,58,40,4,102,26,0,26,128
07/12/2003,CWA,WI,AGL,CE,Federal Contract Tower,0,32,2,0,34,0,0,28,0,28,0,32,30,0,62,24,0,24,86
07/13/2003,CWA,WI,AGL,CE,Federal Contract Tower,0,32,2,2,36,0,0,36,0,36,0,32,38,2,72,32,0,32,104
07/14/2003,CWA,WI,AGL,CE,Federal Contract Tower,0,41,3,0,44,0,0,8,0,8,0,41,11,0,52,4,0,4,56
07/15/2003,CWA,WI,AGL,CE,Federal Contract Tower,2,56,9,4,71,0,1,19,2,22,2,57,28,6,93,12,18,30,123
07/16/2003,CWA,WI,AGL,CE,Federal Contract Tower,0,53,4,4,61,0,2,48,0,50,0,55,52,4,111,38,10,48,159
07/17/2003,CWA,WI,AGL,CE,Federal Contract Tower,0,57,8,16,81,0,2,17,14,33,0,59,25,30,114,6,56,62,176
07/18/2003,CWA,WI,AGL,CE,Federal Contract Tower,2,54,8,2,66,0,0,17,0,17,2,54,25,2,83,14,24,38,121
07/19/2003,CWA,WI,AGL,CE,Federal Contract Tower,0,34,6,0,40,0,0,28,0,28,0,34,34,0,68,28,0,28,96
07/20/2003,CWA,WI,AGL,CE,Federal Contract Tower,0,30,4,0,34,0,0,24,0,24,0,30,28,0,58,14,0,14,72
07/21/2003,CWA,WI,AGL,CE,Federal Contract Tower,0,44,14,0,58,0,0,12,0,12,0,44,26,0,70,14,0,14,84
07/22/2003,CWA,WI,AGL,CE,Federal Contract Tower,0,54,5,0,59,0,0,31,0,31,0,54,36,0,90,26,0,26,116
07/23/2003,CWA,WI,AGL,CE,Federal Contract Tower,0,52,4,0,56,0,3,36,0,39,0,55,40,0,95,24,0,24,119
07/24/2003,CWA,WI,AGL,CE,Federal Contract Tower,0,54,12,6,72,0,0,47,0,47,0,54,59,6,119,38,0,38,157
07/25/2003,CWA,WI,AGL,CE,Federal Contract Tower,0,54,10,0,64,0,0,20,0,20,0,54,30,0,84,18,0,18,102
07/26/2003,CWA,WI,AGL,CE,Federal Contract Tower,0,34,4,0,38,0,0,18,0,18,0,34,22,0,56,18,0,18,74
07/27/2003,CWA,WI,AGL,CE,Federal Contract Tower,0,34,2,0,36,0,0,35,0,35,0,34,37,0,71,34,0,34,105
07/28/2003,CWA,WI,AGL,CE,Federal Contract Tower,0,45,2,0,47,0,0,23,0,23,0,45,25,0,70,32,0,32,102
07/29/2003,CWA,WI,AGL,CE,Federal Contract Tower,0,54,9,0,63,0,0,28,0,28,0,54,37,0,91,18,0,18,109
07/30/2003,CWA,WI,AGL,CE,Federal Contract Tower,0,54,19,0,73,0,1,42,0,43,0,55,61,0,116,4,0,4,120
07/31/2003,CWA,WI,AGL,CE,Federal Contract Tower,0,56,14,0,70,0,0,6,0,6,0,56,20,0,76,4,0,4,80
08/01/2003,CWA,WI,AGL,CE,Federal Contract Tower,0,45,10,0,55,0,0,25,0,25,0,45,35,0,80,18,0,18,98
08/02/2003,CWA,WI,AGL,CE,Federal Contract Tower,0,33,4,0,37,0,0,27,0,27,0,33,31,0,64,24,0,24,88
08/03/2003,CWA,WI,AGL,CE,Federal Contract Tower,0,30,4,0,34,0,0,16,0,16,0,30,20,0,50,0,0,0,50
08/04/2003,CWA,WI,AGL,CE,Federal Contract Tower,0,41,4,0,45,0,0,28,0,28,0,41,32,0,73,12,0,12,85
08/05/2003,CWA,WI,AGL,CE,Federal Contract Tower,0,55,3,6,64,0,0,28,6,34,0,55,31,12,98,36,34,70,168
08/06/2003,CWA,WI,AGL,CE,Federal Contract Tower,0,59,8,0,67,0,0,8,0,8,0,59,16,0,75,0,0,0,75
08/07/2003,CWA,WI,AGL,CE,Federal Contract Tower,0,56,2,14,72,0,1,48,0,49,0,57,50,14,121,24,48,72,193
08/08/2003,CWA,WI,AGL,CE,Federal Contract Tower,0,56,6,0,62,0,1,26,0,27,0,57,32,0,89,30,0,30,119
08/09/2003,CWA,WI,AGL,CE,Federal Contract Tower,0,35,6,0,41,0,0,30,0,30,0,35,36,0,71,44,0,44,115
08/10/2003,CWA,WI,AGL,CE,Federal Contract Tower,0,32,8,0,40,0,0,24,0,24,0,32,32,0,64,16,0,16,80
08/11/2003,CWA,WI,AGL,CE,Federal Contract Tower,0,45,5,0,50,0,2,14,0,16,0,47,19,0,66,24,0,24,90
08/12/2003,CWA,WI,AGL,CE,Federal Contract Tower,0,51,7,0,58,0,0,22,0,22,0,51,29,0,80,30,0,30,110
08/13/2003,CWA,WI,AGL,CE,Federal Contract Tower,0,52,20,0,72,0,0,23,0,23,0,52,43,0,95,40,0,40,135
08/14/2003,CWA,WI,AGL,CE,Federal Contract Tower,0,56,3,0,59,0,0,42,0,42,0,56,45,0,101,28,0,28,129
08/15/2003,CWA,WI,AGL,CE,Federal Contract Tower,0,52,10,2,64,0,0,22,0,22,0,52,32,2,86,0,0,0,86
08/16/2003,CWA,WI,AGL,CE,Federal Contract Tower,0,34,2,0,36,0,2,20,0,22,0,36,22,0,58,22,0,22,80
08/17/2003,CWA,WI,AGL,CE,Federal Contract Tower,0,32,4,3,39,0,0,39,1,40,0,32,43,4,79,54,0,54,133
08/18/2003,CWA,WI,AGL,CE,Federal Contract Tower,0,47,4,0,51,0,0,27,0,27,0,47,31,0,78,18,0,18,96
08/19/2003,CWA,WI,AGL,CE,Federal Contract Tower,0,61,12,0,73,0,0,30,0,30,0,61,42,0,103,12,0,12,115
08/20/2003,CWA,WI,AGL,CE,Federal Contract Tower,0,59,7,0,66,0,1,8,0,9,0,60,15,0,75,2,2,4,79
08/21/2003,CWA,WI,AGL,CE,Federal Contract Tower,0,55,2,5,62,0,1,26,6,33,0,56,28,11,95,10,2,12,107
08/22/2003,CWA,WI,AGL,CE,Federal Contract Tower,0,53,8,0,61,0,0,32,0,32,0,53,40,0,93,38,0,38,131
08/23/2003,CWA,WI,AGL,CE,Federal Contract Tower,0,37,2,0,39,0,0,24,0,24,0,37,26,0,63,22,0,22,85
08/24/2003,CWA,WI,AGL,CE,Federal Contract Tower,1,30,3,0,34,0,0,25,0,25,1,30,28,0,59,30,0,30,89
08/25/2003,CWA,WI,AGL,CE,Federal Contract Tower,2,52,13,0,67,0,0,15,0,15,2,52,28,0,82,22,0,22,104
08/26/2003,CWA,WI,AGL,CE,Federal Contract Tower,0,53,14,11,78,0,2,47,0,49,0,55,61,11,127,58,28,86,213
08/27/2003,CWA,WI,AGL,CE,Federal Contract Tower,0,59,11,2,72,0,1,35,8,44,0,60,46,10,116,12,0,12,128
08/28/2003,CWA,WI,AGL,CE,Federal Contract Tower,2,51,5,0,58,0,4,6,0,10,2,55,11,0,68,0,0,0,68
08/29/2003,CWA,WI,AGL,CE,Federal Contract Tower,0,54,8,0,62,0,3,28,0,31,0,57,36,0,93,22,0,22,115
08/30/2003,CWA,WI,AGL,CE,Federal Contract Tower,0,33,3,0,36,0,0,21,0,21,0,33,24,0,57,10,0,10,67
08/31/2003,CWA,WI,AGL,CE,Federal Contract Tower,2,28,2,0,32,0,0,28,0,28,2,28,30,0,60,28,0,28,88
09/01/2003,CWA,WI,AGL,CE,Federal Contract Tower,0,29,1,0,30,0,0,31,0,31,0,29,32,0,61,30,0,30,91
09/02/2003,CWA,WI,AGL,CE,Federal Contract Tower,0,45,1,0,46,0,1,12,0,13,0,46,13,0,59,14,0,14,73
09/03/2003,CWA,WI,AGL,CE,Federal Contract Tower,0,55,3,0,58,0,0,18,0,18,0,55,21,0,76,2,0,2,78
09/04/2003,CWA,WI,AGL,CE,Federal Contract Tower,0,56,2,8,66,0,2,27,10,39,0,58,29,18,105,48,20,68,173
09/05/2003,CWA,WI,AGL,CE,Federal Contract Tower,0,54,3,0,57,0,5,46,0,51,0,59,49,0,108,54,0,54,162
09/06/2003,CWA,WI,AGL,CE,Federal Contract Tower,2,32,4,0,38,0,0,24,0,24,2,32,28,0,62,22,0,22,84
09/07/2003,CWA,WI,AGL,CE,Federal Contract Tower,0,32,10,0,42,0,0,30,0,30,0,32,40,0,72,50,0,50,122
09/08/2003,CWA,WI,AGL,CE,Federal Contract Tower,0,48,21,0,69,0,3,18,0,21,0,51,39,0,90,52,0,52,142
09/09/2003,CWA,WI,AGL,CE,Federal Contract Tower,0,55,6,0,61,0,0,18,0,18,0,55,24,0,79,18,0,18,97
09/10/2003,CWA,WI,AGL,CE,Federal Contract Tower,0,58,5,0,63,0,1,60,0,61,0,59,65,0,124,32,0,32,156
09/11/2003,CWA,WI,AGL,CE,Federal Contract Tower,0,54,10,0,64,0,0,7,0,7,0,54,17,0,71,0,0,0,71
09/12/2003,CWA,WI,AGL,CE,Federal Contract Tower,0,56,10,4,70,0,0,10,0,10,0,56,20,4,80,4,2,6,86
09/13/2003,CWA,WI,AGL,CE,Federal Contract Tower,0,30,4,0,34,0,0,0,0,0,0,30,4,0,34,0,0,0,34
09/14/2003,CWA,WI,AGL,CE,Federal Contract Tower,0,32,8,2,42,0,0,8,0,8,0,32,16,2,50,12,0,12,62
09/15/2003,CWA,WI,AGL,CE,Federal Contract Tower,0,45,7,0,52,0,1,24,0,25,0,46,31,0,77,34,0,34,111
09/16/2003,CWA,WI,AGL,CE,Federal Contract Tower,0,51,6,3,60,0,0,32,9,41,0,51,38,12,101,46,10,56,157
09/17/2003,CWA,WI,AGL,CE,Federal Contract Tower,0,61,7,0,68,0,0,25,0,25,0,61,32,0,93,22,0,22,115
09/18/2003,CWA,WI,AGL,CE,Federal Contract Tower,0,53,10,2,65,0,0,15,14,29,0,53,25,16,94,10,16,26,120
09/19/2003,CWA,WI,AGL,CE,Federal Contract Tower,0,36,7,0,43,0,0,31,0,31,0,36,38,0,74,52,0,52,126
09/20/2003,CWA,WI,AGL,CE,Federal Contract Tower,0,36,4,0,40,0,19,29,0,48,0,55,33,0,88,0,0,0,88
09/21/2003,CWA,WI,AGL,CE,Federal Contract Tower,1,30,1,0,32,0,0,19,0,19,1,30,20,0,51,22,0,22,73
09/22/2003,CWA,WI,AGL,CE,Federal Contract Tower,0,44,9,4,57,0,0,0,6,6,0,44,9,10,63,2,20,22,85
09/23/2003,CWA,WI,AGL,CE,Federal Contract Tower,0,51,5,4,60,0,2,12,0,14,0,53,17,4,74,40,22,62,136
09/24/2003,CWA,WI,AGL,CE,Federal Contract Tower,0,61,7,0,68,0,2,7,0,9,0,63,14,0,77,16,0,16,93
09/25/2003,CWA,WI,AGL,CE,Federal Contract Tower,0,55,9,0,64,0,3,24,0,27,0,58,33,0,91,20,4,24,115
09/26/2003,CWA,WI,AGL,CE,Federal Contract Tower,0,58,6,0,64,0,0,22,0,22,0,58,28,0,86,20,0,20,106
09/27/2003,CWA,WI,AGL,CE,Federal Contract Tower,0,33,2,0,35,0,0,8,0,8,0,33,10,0,43,0,0,0,43
09/28/2003,CWA,WI,AGL,CE,Federal Contract Tower,0,31,9,0,40,0,0,6,0,6,0,31,15,0,46,0,0,0,46
09/29/2003,CWA,WI,AGL,CE,Federal Contract Tower,0,45,15,0,60,0,0,1,6,7,0,45,16,6,67,6,0,6,73
09/30/2003,CWA,WI,AGL,CE,Federal Contract Tower,0,55,12,0,67,0,0,14,0,14,0,55,26,0,81,20,0,20,101
10/01/2003,CWA,WI,AGL,CE,Federal Contract Tower,0,58,8,1,67,0,0,26,3,29,0,58,34,4,96,14,22,36,132
10/02/2003,CWA,WI,AGL,CE,Federal Contract Tower,0,57,7,0,64,0,4,48,0,52,0,61,55,0,116,28,0,28,144
10/03/2003,CWA,WI,AGL,CE,Federal Contract Tower,0,54,9,1,64,0,0,21,1,22,0,54,30,2,86,20,0,20,106
10/04/2003,CWA,WI,AGL,CE,Federal Contract Tower,0,29,4,0,33,0,4,21,0,25,0,33,25,0,58,12,0,12,70
10/05/2003,CWA,WI,AGL,CE,Federal Contract Tower,0,30,5,0,35,0,0,29,2,31,0,30,34,2,66,32,0,32,98
10/06/2003,CWA,WI,AGL,CE,Federal Contract Tower,0,41,6,0,47,0,6,22,0,28,0,47,28,0,75,46,0,46,121
10/07/2003,CWA,WI,AGL,CE,Federal Contract Tower,0,57,7,0,64,0,4,31,0,35,0,61,38,0,99,44,0,44,143
10/08/2003,CWA,WI,AGL,CE,Federal Contract Tower,0,57,8,0,65,0,3,24,0,27,0,60,32,0,92,14,0,14,106
10/09/2003,CWA,WI,AGL,CE,Federal Contract Tower,0,51,7,0,58,0,7,22,0,29,0,58,29,0,87,12,0,12,99
10/10/2003,CWA,WI,AGL,CE,Federal Contract Tower,0,52,7,0,59,0,2,28,0,30,0,54,35,0,89,24,0,24,113
10/11/2003,CWA,WI,AGL,CE,Federal Contract Tower,0,37,5,0,42,0,3,19,0,22,0,40,24,0,64,10,0,10,74
10/12/2003,CWA,WI,AGL,CE,Federal Contract Tower,0,29,4,0,33,2,3,36,0,41,2,32,40,0,74,36,0,36,110
10/13/2003,CWA,WI,AGL,CE,Federal Contract Tower,0,40,6,0,46,0,2,18,0,20,0,42,24,0,66,18,0,18,84
10/14/2003,CWA,WI,AGL,CE,Federal Contract Tower,0,50,7,0,57,0,7,8,0,15,0,57,15,0,72,20,0,20,92
10/15/2003,CWA,WI,AGL,CE,Federal Contract Tower,0,58,8,0,66,2,3,15,0,20,2,61,23,0,86,18,0,18,104
10/16/2003,CWA,WI,AGL,CE,Federal Contract Tower,0,51,7,1,59,0,4,17,1,22,0,55,24,2,81,10,20,30,111
10/17/2003,CWA,WI,AGL,CE,Federal Contract Tower,0,46,7,1,54,0,7,28,2,37,0,53,35,3,91,36,0,36,127
10/18/2003,CWA,WI,AGL,CE,Federal Contract Tower,0,34,5,1,40,0,0,39,0,39,0,34,44,1,79,34,2,36,115
10/19/2003,CWA,WI,AGL,CE,Federal Contract Tower,0,34,4,0,38,0,0,30,0,30,0,34,34,0,68,22,0,22,90
10/20/2003,CWA,WI,AGL,CE,Federal Contract Tower,0,47,6,1,54,0,4,25,1,30,0,51,31,2,84,28,12,40,124
10/21/2003,CWA,WI,AGL,CE,Federal Contract Tower,0,53,6,2,61,0,0,22,10,32,0,53,28,12,93,22,8,30,123
10/22/2003,CWA,WI,AGL,CE,Federal Contract Tower,0,58,7,1,66,0,0,36,5,41,0,58,43,6,107,8,20,28,135
10/23/2003,CWA,WI,AGL,CE,Federal Contract Tower,0,55,8,1,64,2,0,8,17,27,2,55,16,18,91,36,38,74,165
10/24/2003,CWA,WI,AGL,CE,Federal Contract Tower,0,55,7,0,62,0,0,20,0,20,0,55,27,0,82,24,0,24,106
10/25/2003,CWA,WI,AGL,CE,Federal Contract Tower,0,32,4,0,36,0,2,14,0,16,0,34,18,0,52,18,0,18,70
10/26/2003,CWA,WI,AGL,CE,Federal Contract Tower,0,29,4,0,33,0,7,16,0,23,0,36,20,0,56,26,0,26,82
10/27/2003,CWA,WI,AGL,CE,Federal Contract Tower,0,45,6,0,51,0,2,12,14,28,0,47,18,14,79,20,10,30,109
10/28/2003,CWA,WI,AGL,CE,Federal Contract Tower,0,55,7,1,63,0,0,1,3,4,0,55,8,4,67,0,4,4,71
10/29/2003,CWA,WI,AGL,CE,Federal Contract Tower,0,54,7,1,62,0,2,1,1,4,0,56,8,2,66,4,18,22,88
10/30/2003,CWA,WI,AGL,CE,Federal Contract Tower,0,56,7,0,63,0,0,7,0,7,0,56,14,0,70,0,0,0,70
10/31/2003,CWA,WI,AGL,CE,Federal Contract Tower,0,54,7,1,62,2,0,9,1,12,2,54,16,2,74,0,0,0,74
11/01/2003,CWA,WI,AGL,CE,Federal Contract Tower,0,32,3,0,35,0,1,17,0,18,0,33,20,0,53,30,0,30,83
11/02/2003,CWA,WI,AGL,CE,Federal Contract Tower,0,30,3,1,34,0,1,2,1,4,0,31,5,2,38,0,2,2,40
11/03/2003,CWA,WI,AGL,CE,Federal Contract Tower,0,40,5,0,45,0,0,3,0,3,0,40,8,0,48,0,0,0,48
11/04/2003,CWA,WI,AGL,CE,Federal Contract Tower,0,54,6,0,60,0,0,3,0,3,0,54,9,0,63,0,0,0,63
11/05/2003,CWA,WI,AGL,CE,Federal Contract Tower,0,52,7,0,59,1,4,9,0,14,1,56,16,0,73,6,0,6,79
11/06/2003,CWA,WI,AGL,CE,Federal Contract Tower,0,58,7,0,65,1,2,30,0,33,1,60,37,0,98,16,0,16,114
11/07/2003,CWA,WI,AGL,CE,Federal Contract Tower,0,50,6,0,56,0,5,11,0,16,0,55,17,0,72,0,0,0,72
11/08/2003,CWA,WI,AGL,CE,Federal Contract Tower,0,27,3,0,30,0,7,17,0,24,0,34,20,0,54,8,0,8,62
11/09/2003,CWA,WI,AGL,CE,Federal Contract Tower,0,27,3,0,30,0,2,24,0,26,0,29,27,0,56,22,0,22,78
11/10/2003,CWA,WI,AGL,CE,Federal Contract Tower,0,44,6,2,52,0,0,1,8,9,0,44,7,10,61,10,18,28,89
11/11/2003,CWA,WI,AGL,CE,Federal Contract Tower,0,56,6,0,62,2,2,4,0,8,2,58,10,0,70,6,0,6,76
11/12/2003,CWA,WI,AGL,CE,Federal Contract Tower,0,49,5,0,54,0,4,0,0,4,0,53,5,0,58,0,0,0,58
11/13/2003,CWA,WI,AGL,CE,Federal Contract Tower,0,57,8,3,68,0,0,23,15,38,0,57,31,18,106,18,58,76,182
11/14/2003,CWA,WI,AGL,CE,Federal Contract Tower,0,58,6,3,67,0,3,30,7,40,0,61,36,10,107,12,36,48,155
11/15/2003,CWA,WI,AGL,CE,Federal Contract Tower,0,33,4,0,37,0,0,6,0,6,0,33,10,0,43,0,0,0,43
11/16/2003,CWA,WI,AGL,CE,Federal Contract Tower,0,29,3,0,32,0,0,3,0,3,0,29,6,0,35,0,0,0,35
11/17/2003,CWA,WI,AGL,CE,Federal Contract Tower,0,45,6,2,53,0,0,10,4,14,0,45,16,6,67,18,0,18,85
11/18/2003,CWA,WI,AGL,CE,Federal Contract Tower,0,53,6,0,59,0,2,5,0,7,0,55,11,0,66,0,0,0,66
11/19/2003,CWA,WI,AGL,CE,Federal Contract Tower,0,56,7,2,65,0,0,19,4,23,0,56,26,6,88,0,20,20,108
11/20/2003,CWA,WI,AGL,CE,Federal Contract Tower,0,52,5,0,57,0,7,28,0,35,0,59,33,0,92,4,0,4,96
11/21/2003,CWA,WI,AGL,CE,Federal Contract Tower,0,50,5,0,55,0,8,13,0,21,0,58,18,0,76,20,0,20,96
11/22/2003,CWA,WI,AGL,CE,Federal Contract Tower,0,31,2,0,33,0,2,0,0,2,0,33,2,0,35,0,0,0,35
11/23/2003,CWA,WI,AGL,CE,Federal Contract Tower,0,26,3,0,29,0,0,1,0,1,0,26,4,0,30,0,0,0,30
11/24/2003,CWA,WI,AGL,CE,Federal Contract Tower,0,50,4,2,56,0,0,0,6,6,0,50,4,8,62,0,24,24,86
11/25/2003,CWA,WI,AGL,CE,Federal Contract Tower,0,54,6,2,62,0,6,4,8,18,0,60,10,10,80,10,34,44,124
11/26/2003,CWA,WI,AGL,CE,Federal Contract Tower,0,53,6,0,59,0,9,19,0,28,0,62,25,0,87,20,0,20,107
11/27/2003,CWA,WI,AGL,CE,Federal Contract Tower,0,26,3,0,29,0,4,0,0,4,0,30,3,0,33,0,0,0,33
11/28/2003,CWA,WI,AGL,CE,Federal Contract Tower,0,41,5,0,46,0,0,5,0,5,0,41,10,0,51,0,0,0,51
11/29/2003,CWA,WI,AGL,CE,Federal Contract Tower,0,31,3,0,34,0,3,12,0,15,0,34,15,0,49,12,0,12,61
11/30/2003,CWA,WI,AGL,CE,Federal Contract Tower,0,31,3,1,35,0,0,15,3,18,0,31,18,4,53,8,2,10,63
12/01/2003,CWA,WI,AGL,CE,Federal Contract Tower,0,52,4,0,56,0,0,1,8,9,0,52,5,8,65,0,8,8,73
12/02/2003,CWA,WI,AGL,CE,Federal Contract Tower,0,54,5,0,59,0,6,13,0,19,0,60,18,0,78,2,0,2,80
12/03/2003,CWA,WI,AGL,CE,Federal Contract Tower,0,52,4,0,56,0,4,20,0,24,0,56,24,0,80,10,0,10,90
12/04/2003,CWA,WI,AGL,CE,Federal Contract Tower,1,58,5,0,64,1,3,15,0,19,2,61,20,0,83,0,0,0,83
12/05/2003,CWA,WI,AGL,CE,Federal Contract Tower,0,54,5,0,59,0,2,14,0,16,0,56,19,0,75,10,0,10,85
12/06/2003,CWA,WI,AGL,CE,Federal Contract Tower,0,36,3,1,40,0,19,37,1,57,0,55,40,2,97,20,0,20,117
12/07/2003,CWA,WI,AGL,CE,Federal Contract Tower,0,37,3,1,41,0,14,20,1,35,0,51,23,2,76,20,0,20,96
12/08/2003,CWA,WI,AGL,CE,Federal Contract Tower,0,56,5,0,61,0,0,7,0,7,0,56,12,0,68,12,0,12,80
12/09/2003,CWA,WI,AGL,CE,Federal Contract Tower,0,56,5,0,61,2,0,7,0,9,2,56,12,0,70,0,0,0,70
12/10/2003,CWA,WI,AGL,CE,Federal Contract Tower,0,57,5,0,62,0,2,1,0,3,0,59,6,0,65,0,0,0,65
12/11/2003,CWA,WI,AGL,CE,Federal Contract Tower,0,54,4,0,58,0,7,6,0,13,0,61,10,0,71,2,0,2,73
12/12/2003,CWA,WI,AGL,CE,Federal Contract Tower,0,56,5,0,61,0,0,10,0,10,0,56,15,0,71,2,0,2,73
12/13/2003,CWA,WI,AGL,CE,Federal Contract Tower,0,31,2,0,33,0,2,15,0,17,0,33,17,0,50,2,0,2,52
12/14/2003,CWA,WI,AGL,CE,Federal Contract Tower,0,28,2,0,30,0,0,4,0,4,0,28,6,0,34,0,0,0,34
12/15/2003,CWA,WI,AGL,CE,Federal Contract Tower,0,51,5,0,56,0,0,12,0,12,0,51,17,0,68,0,0,0,68
12/16/2003,CWA,WI,AGL,CE,Federal Contract Tower,0,62,4,0,66,0,3,0,0,3,0,65,4,0,69,0,0,0,69
12/17/2003,CWA,WI,AGL,CE,Federal Contract Tower,0,60,5,0,65,0,0,5,0,5,0,60,10,0,70,0,0,0,70
12/18/2003,CWA,WI,AGL,CE,Federal Contract Tower,0,57,5,0,62,0,0,8,0,8,0,57,13,0,70,0,0,0,70
12/19/2003,CWA,WI,AGL,CE,Federal Contract Tower,0,55,5,0,60,0,2,18,0,20,0,57,23,0,80,34,0,34,114
12/20/2003,CWA,WI,AGL,CE,Federal Contract Tower,0,28,2,0,30,0,2,10,0,12,0,30,12,0,42,12,0,12,54
12/21/2003,CWA,WI,AGL,CE,Federal Contract Tower,0,28,2,0,30,0,2,18,0,20,0,30,20,0,50,22,0,22,72
12/22/2003,CWA,WI,AGL,CE,Federal Contract Tower,0,44,3,0,47,0,3,12,0,15,0,47,15,0,62,20,0,20,82
12/23/2003,CWA,WI,AGL,CE,Federal Contract Tower,0,64,5,0,69,0,2,4,0,6,0,66,9,0,75,0,0,0,75
12/24/2003,CWA,WI,AGL,CE,Federal Contract Tower,0,42,3,0,45,0,2,0,0,2,0,44,3,0,47,0,0,0,47
12/25/2003,CWA,WI,AGL,CE,Federal Contract Tower,0,27,2,0,29,0,0,13,0,13,0,27,15,0,42,0,0,0,42
12/26/2003,CWA,WI,AGL,CE,Federal Contract Tower,0,52,4,0,56,0,2,24,0,26,0,54,28,0,82,4,0,4,86
12/27/2003,CWA,WI,AGL,CE,Federal Contract Tower,0,28,2,0,30,0,2,8,0,10,0,30,10,0,40,12,0,12,52
12/28/2003,CWA,WI,AGL,CE,Federal Contract Tower,0,30,2,0,32,0,5,17,0,22,0,35,19,0,54,0,0,0,54
12/29/2003,CWA,WI,AGL,CE,Federal Contract Tower,0,45,2,0,47,0,0,0,4,4,0,45,2,4,51,0,2,2,53
12/30/2003,CWA,WI,AGL,CE,Federal Contract Tower,0,53,4,0,57,0,3,9,0,12,0,56,13,0,69,14,0,14,83
12/31/2003,CWA,WI,AGL,CE,Federal Contract Tower,0,44,4,0,48,0,4,7,0,11,0,48,11,0,59,0,0,0,59
01/01/2004,CWA,WI,AGL,CE,Federal Contract Tower,1,26,3,0,30,1,1,15,0,17,2,27,18,0,47,0,0,0,47
01/02/2004,CWA,WI,AGL,CE,Federal Contract Tower,0,58,6,0,64,0,0,2,0,2,0,58,8,0,66,0,0,0,66
01/03/2004,CWA,WI,AGL,CE,Federal Contract Tower,0,33,3,0,36,0,0,20,0,20,0,33,23,0,56,20,0,20,76
01/04/2004,CWA,WI,AGL,CE,Federal Contract Tower,0,24,3,0,27,0,4,12,0,16,0,28,15,0,43,16,0,16,59
01/05/2004,CWA,WI,AGL,CE,Federal Contract Tower,0,40,4,0,44,0,4,1,0,5,0,44,5,0,49,18,0,18,67
01/06/2004,CWA,WI,AGL,CE,Federal Contract Tower,0,54,5,0,59,0,4,0,4,8,0,58,5,4,67,0,0,0,67
01/07/2004,CWA,WI,AGL,CE,Federal Contract Tower,0,49,6,0,55,0,5,8,0,13,0,54,14,0,68,8,0,8,76
01/08/2004,CWA,WI,AGL,CE,Federal Contract Tower,0,48,5,0,53,0,4,14,0,18,0,52,19,0,71,28,0,28,99
01/09/2004,CWA,WI,AGL,CE,Federal Contract Tower,0,56,7,1,64,0,0,11,1,12,0,56,18,2,76,30,0,30,106
01/10/2004,CWA,WI,AGL,CE,Federal Contract Tower,0,21,3,0,24,0,0,15,0,15,0,21,18,0,39,28,0,28,67
01/11/2004,CWA,WI,AGL,CE,Federal Contract Tower,0,41,5,1,47,0,0,4,1,5,0,41,9,2,52,0,0,0,52
01/12/2004,CWA,WI,AGL,CE,Federal Contract Tower,0,47,5,0,52,0,0,8,0,8,0,47,13,0,60,10,0,10,70
01/13/2004,CWA,WI,AGL,CE,Federal Contract Tower,0,49,5,0,54,0,4,9,0,13,0,53,14,0,67,10,0,10,77
01/14/2004,CWA,WI,AGL,CE,Federal Contract Tower,0,54,6,0,60,0,1,1,0,2,0,55,7,0,62,0,0,0,62
01/15/2004,CWA,WI,AGL,CE,Federal Contract Tower,0,65,7,0,72,0,0,1,0,1,0,65,8,0,73,0,0,0,73
01/16/2004,CWA,WI,AGL,CE,Federal Contract Tower,0,59,7,0,66,0,3,1,0,4,0,62,8,0,70,0,0,0,70
01/17/2004,CWA,WI,AGL,CE,Federal Contract Tower,0,33,2,0,35,0,3,0,0,3,0,36,2,0,38,0,0,0,38
01/18/2004,CWA,WI,AGL,CE,Federal Contract Tower,0,32,2,1,35,0,0,6,1,7,0,32,8,2,42,4,0,4,46
01/19/2004,CWA,WI,AGL,CE,Federal Contract Tower,0,43,4,0,47,0,0,20,0,20,0,43,24,0,67,14,0,14,81
01/20/2004,CWA,WI,AGL,CE,Federal Contract Tower,0,59,6,0,65,0,9,10,0,19,0,68,16,0,84,12,0,12,96
01/21/2004,CWA,WI,AGL,CE,Federal Contract Tower,0,56,6,0,62,0,0,0,0,0,0,56,6,0,62,0,0,0,62
01/22/2004,CWA,WI,AGL,CE,Federal Contract Tower,0,54,6,0,60,0,7,1,2,10,0,61,7,2,70,0,0,0,70
01/23/2004,CWA,WI,AGL,CE,Federal Contract Tower,0,56,6,0,62,0,0,1,0,1,0,56,7,0,63,0,0,0,63
01/24/2004,CWA,WI,AGL,CE,Federal Contract Tower,0,32,3,0,35,0,0,13,0,13,0,32,16,0,48,24,0,24,72
01/25/2004,CWA,WI,AGL,CE,Federal Contract Tower,0,29,3,0,32,2,0,3,0,5,2,29,6,0,37,0,0,0,37
01/26/2004,CWA,WI,AGL,CE,Federal Contract Tower,0,42,5,0,47,0,0,2,0,2,0,42,7,0,49,0,0,0,49
01/27/2004,CWA,WI,AGL,CE,Federal Contract Tower,0,51,6,0,57,0,0,2,2,4,0,51,8,2,61,0,0,0,61
01/28/2004,CWA,WI,AGL,CE,Federal Contract Tower,0,57,7,0,64,0,0,16,0,16,0,57,23,0,80,4,0,4,84
01/29/2004,CWA,WI,AGL,CE,Federal Contract Tower,0,60,7,0,67,0,0,12,4,16,0,60,19,4,83,2,2,4,87
01/30/2004,CWA,WI,AGL,CE,Federal Contract Tower,0,53,6,0,59,2,0,6,0,8,2,53,12,0,67,0,0,0,67
01/31/2004,CWA,WI,AGL,CE,Federal Contract Tower,0,32,3,0,35,0,1,20,0,21,0,33,23,0,56,36,0,36,92
02/01/2004,CWA,WI,AGL,CE,Federal Contract Tower,0,25,2,0,27,0,3,2,0,5,0,28,4,0,32,8,0,8,40
02/02/2004,CWA,WI,AGL,CE,Federal Contract Tower,0,46,4,0,50,0,0,6,0,6,0,46,10,0,56,0,0,0,56
02/03/2004,CWA,WI,AGL,CE,Federal Contract Tower,0,55,5,1,61,0,0,8,1,9,0,55,13,2,70,0,0,0,70
02/04/2004,CWA,WI,AGL,CE,Federal Contract Tower,0,54,4,0,58,0,7,11,0,18,0,61,15,0,76,42,0,42,118
02/05/2004,CWA,WI,AGL,CE,Federal Contract Tower,1,51,5,0,57,1,3,2,0,6,2,54,7,0,63,6,0,6,69
02/06/2004,CWA,WI,AGL,CE,Federal Contract Tower,1,48,6,0,55,1,0,6,2,9,2,48,12,2,64,10,0,10,74
02/07/2004,CWA,WI,AGL,CE,Federal Contract Tower,0,34,4,0,38,0,1,28,0,29,0,35,32,0,67,50,0,50,117
02/08/2004,CWA,WI,AGL,CE,Federal Contract Tower,0,29,3,0,32,0,3,23,0,26,0,32,26,0,58,16,0,16,74
02/09/2004,CWA,WI,AGL,CE,Federal Contract Tower,1,45,4,0,50,1,0,0,0,1,2,45,4,0,51,6,0,6,57
02/10/2004,CWA,WI,AGL,CE,Federal Contract Tower,1,57,7,0,65,1,0,6,0,7,2,57,13,0,72,10,0,10,82
02/11/2004,CWA,WI,AGL,CE,Federal Contract Tower,0,53,7,0,60,0,0,1,5,6,0,53,8,5,66,0,20,20,86
02/12/2004,CWA,WI,AGL,CE,Federal Contract Tower,0,58,7,0,65,0,4,11,4,19,0,62,18,4,84,4,28,32,116
02/13/2004,CWA,WI,AGL,CE,Federal Contract Tower,0,54,6,0,60,0,2,4,0,6,0,56,10,0,66,10,0,10,76
02/14/2004,CWA,WI,AGL,CE,Federal Contract Tower,0,30,4,0,34,0,4,16,0,20,0,34,20,0,54,34,0,34,88
02/15/2004,CWA,WI,AGL,CE,Federal Contract Tower,0,35,4,0,39,2,0,24,0,26,2,35,28,0,65,32,0,32,97
02/16/2004,CWA,WI,AGL,CE,Federal Contract Tower,0,48,6,0,54,1,0,14,0,15,1,48,20,0,69,16,0,16,85
02/17/2004,CWA,WI,AGL,CE,Federal Contract Tower,0,55,7,0,62,1,7,9,0,17,1,62,16,0,79,28,0,28,107
02/18/2004,CWA,WI,AGL,CE,Federal Contract Tower,0,56,7,0,63,0,1,17,0,18,0,57,24,0,81,24,0,24,105
02/19/2004,CWA,WI,AGL,CE,Federal Contract Tower,0,57,7,0,64,0,2,10,0,12,0,59,17,0,76,0,0,0,76
02/20/2004,CWA,WI,AGL,CE,Federal Contract Tower,0,50,3,0,53,0,4,0,0,4,0,54,3,0,57,0,0,0,57
02/21/2004,CWA,WI,AGL,CE,Federal Contract Tower,0,30,3,0,33,0,3,7,0,10,0,33,10,0,43,20,0,20,63
02/22/2004,CWA,WI,AGL,CE,Federal Contract Tower,0,30,2,0,32,0,2,0,0,2,0,32,2,0,34,6,0,6,40
02/23/2004,CWA,WI,AGL,CE,Federal Contract Tower,0,45,5,1,51,0,0,2,4,6,0,45,7,5,57,12,12,24,81
02/24/2004,CWA,WI,AGL,CE,Federal Contract Tower,0,47,5,1,53,0,4,0,1,5,0,51,5,2,58,0,18,18,76
02/25/2004,CWA,WI,AGL,CE,Federal Contract Tower,0,60,7,1,68,0,0,23,5,28,0,60,30,6,96,40,18,58,154
02/26/2004,CWA,WI,AGL,CE,Federal Contract Tower,0,58,7,0,65,0,1,12,0,13,0,59,19,0,78,0,0,0,78
02/27/2004,CWA,WI,AGL,CE,Federal Contract Tower,0,50,5,0,55,0,0,18,0,18,0,50,23,0,73,4,0,4,77
02/28/2004,CWA,WI,AGL,CE,Federal Contract Tower,0,31,2,0,33,0,4,12,0,16,0,35,14,0,49,8,0,8,57
02/29/2004,CWA,WI,AGL,CE,Federal Contract Tower,0,31,3,0,34,0,0,51,0,51,0,31,54,0,85,26,0,26,111
03/01/2004,CWA,WI,AGL,CE,Federal Contract Tower,0,21,3,0,24,0,0,7,0,7,0,21,10,0,31,0,0,0,31
03/02/2004,CWA,WI,AGL,CE,Federal Contract Tower,0,55,5,1,61,0,0,3,1,4,0,55,8,2,65,0,0,0,65
03/03/2004,CWA,WI,AGL,CE,Federal Contract Tower,0,54,6,0,60,0,5,3,0,8,0,59,9,0,68,0,0,0,68
03/04/2004,CWA,WI,AGL,CE,Federal Contract Tower,0,57,6,0,63,0,0,3,0,3,0,57,9,0,66,0,0,0,66
03/05/2004,CWA,WI,AGL,CE,Federal Contract Tower,1,45,3,0,49,1,0,0,2,3,2,45,3,2,52,0,0,0,52
03/06/2004,CWA,WI,AGL,CE,Federal Contract Tower,0,31,3,0,34,0,3,12,0,15,0,34,15,0,49,16,0,16,65
03/07/2004,CWA,WI,AGL,CE,Federal Contract Tower,1,30,3,0,34,1,0,7,2,10,2,30,10,2,44,4,0,4,48
03/08/2004,CWA,WI,AGL,CE,Federal Contract Tower,0,46,6,0,52,0,2,11,0,13,0,48,17,0,65,26,0,26,91
03/09/2004,CWA,WI,AGL,CE,Federal Contract Tower,0,49,6,0,55,0,15,20,0,35,0,64,26,0,90,16,0,16,106
03/10/2004,CWA,WI,AGL,CE,Federal Contract Tower,0,48,6,0,54,0,8,1,0,9,0,56,7,0,63,20,0,20,83
03/11/2004,CWA,WI,AGL,CE,Federal Contract Tower,0,49,3,0,52,0,4,0,0,4,0,53,3,0,56,0,0,0,56
03/12/2004,CWA,WI,AGL,CE,Federal Contract Tower,0,53,6,0,59,0,2,30,0,32,0,55,36,0,91,44,0,44,135
03/13/2004,CWA,WI,AGL,CE,Federal Contract Tower,0,28,3,0,31,0,4,1,0,5,0,32,4,0,36,0,0,0,36
03/14/2004,CWA,WI,AGL,CE,Federal Contract Tower,0,26,0,0,26,0,4,0,0,4,0,30,0,0,30,0,0,0,30
03/15/2004,CWA,WI,AGL,CE,Federal Contract Tower,0,42,5,0,47,0,1,10,0,11,0,43,15,0,58,20,0,20,78
03/16/2004,CWA,WI,AGL,CE,Federal Contract Tower,0,46,6,0,52,0,7,9,0,16,0,53,15,0,68,16,0,16,84
03/17/2004,CWA,WI,AGL,CE,Federal Contract Tower,0,58,7,3,68,0,0,9,9,18,0,58,16,12,86,8,16,24,110
03/18/2004,CWA,WI,AGL,CE,Federal Contract Tower,0,54,5,0,59,1,5,0,0,6,1,59,5,0,65,0,0,0,65
03/19/2004,CWA,WI,AGL,CE,Federal Contract Tower,0,52,7,0,59,2,0,29,0,31,2,52,36,0,90,20,0,20,110
03/20/2004,CWA,WI,AGL,CE,Federal Contract Tower,0,28,3,0,31,0,4,7,0,11,0,32,10,0,42,0,0,0,42
03/21/2004,CWA,WI,AGL,CE,Federal Contract Tower,0,30,4,0,34,0,0,28,0,28,0,30,32,0,62,40,0,40,102
03/22/2004,CWA,WI,AGL,CE,Federal Contract Tower,0,44,5,0,49,2,1,5,0,8,2,45,10,0,57,8,0,8,65
03/23/2004,CWA,WI,AGL,CE,Federal Contract Tower,0,54,7,1,62,0,5,6,1,12,0,59,13,2,74,12,16,28,102
03/24/2004,CWA,WI,AGL,CE,Federal Contract Tower,0,57,6,0,63,0,4,3,0,7,0,61,9,0,70,6,0,6,76
03/25/2004,CWA,WI,AGL,CE,Federal Contract Tower,0,40,5,0,45,2,0,2,0,4,2,40,7,0,49,0,0,0,49
03/26/2004,CWA,WI,AGL,CE,Federal Contract Tower,0,41,6,1,48,0,0,13,1,14,0,41,19,2,62,0,0,0,62
03/27/2004,CWA,WI,AGL,CE,Federal Contract Tower,0,28,4,0,32,0,0,2,0,2,0,28,6,0,34,0,0,0,34
03/28/2004,CWA,WI,AGL,CE,Federal Contract Tower,0,30,4,0,34,2,0,3,0,5,2,30,7,0,39,0,0,0,39
03/29/2004,CWA,WI,AGL,CE,Federal Contract Tower,0,45,5,0,50,0,6,11,0,17,0,51,16,0,67,0,0,0,67
03/30/2004,CWA,WI,AGL,CE,Federal Contract Tower,0,58,5,2,65,0,5,10,2,17,0,63,15,4,82,6,18,24,106
03/31/2004,CWA,WI,AGL,CE,Federal Contract Tower,0,57,6,2,65,0,0,15,0,15,0,57,21,2,80,2,6,8,88
04/01/2004,CWA,WI,AGL,CE,Federal Contract Tower,0,47,6,0,53,0,6,25,4,35,0,53,31,4,88,8,6,14,102
04/02/2004,CWA,WI,AGL,CE,Federal Contract Tower,0,49,5,0,54,0,0,41,8,49,0,49,46,8,103,20,2,22,125
04/03/2004,CWA,WI,AGL,CE,Federal Contract Tower,0,29,2,0,31,0,1,18,0,19,0,30,20,0,50,0,0,0,50
04/04/2004,CWA,WI,AGL,CE,Federal Contract Tower,1,31,3,0,35,1,0,19,2,22,2,31,22,2,57,10,0,10,67
04/05/2004,CWA,WI,AGL,CE,Federal Contract Tower,0,39,3,0,42,0,4,17,0,21,0,43,20,0,63,4,0,4,67
04/06/2004,CWA,WI,AGL,CE,Federal Contract Tower,0,46,4,0,50,0,2,14,0,16,0,48,18,0,66,8,0,8,74
04/07/2004,CWA,WI,AGL,CE,Federal Contract Tower,0,57,5,0,62,0,0,17,0,17,0,57,22,0,79,14,0,14,93
04/08/2004,CWA,WI,AGL,CE,Federal Contract Tower,1,56,6,0,63,1,0,16,2,19,2,56,22,2,82,4,16,20,102
04/09/2004,CWA,WI,AGL,CE,Federal Contract Tower,0,55,6,0,61,0,0,16,2,18,0,55,22,2,79,18,4,22,101
04/10/2004,CWA,WI,AGL,CE,Federal Contract Tower,0,32,2,0,34,0,2,12,0,14,0,34,14,0,48,16,0,16,64
04/11/2004,CWA,WI,AGL,CE,Federal Contract Tower,0,30,4,0,34,0,0,10,0,10,0,30,14,0,44,0,0,0,44
04/12/2004,CWA,WI,AGL,CE,Federal Contract Tower,0,41,5,0,46,0,2,10,0,12,0,43,15,0,58,0,0,0,58
04/13/2004,CWA,WI,AGL,CE,Federal Contract Tower,0,46,5,0,51,0,4,28,0,32,0,50,33,0,83,12,0,12,95
04/14/2004,CWA,WI,AGL,CE,Federal Contract Tower,0,57,7,1,65,0,5,13,3,21,0,62,20,4,86,0,0,0,86
04/15/2004,CWA,WI,AGL,CE,Federal Contract Tower,0,49,6,0,55,0,7,15,0,22,0,56,21,0,77,16,0,16,93
04/16/2004,CWA,WI,AGL,CE,Federal Contract Tower,0,56,7,0,63,0,0,25,0,25,0,56,32,0,88,10,0,10,98
04/17/2004,CWA,WI,AGL,CE,Federal Contract Tower,0,38,5,0,43,0,0,25,0,25,0,38,30,0,68,22,0,22,90
04/18/2004,CWA,WI,AGL,CE,Federal Contract Tower,0,24,3,0,27,0,0,1,0,1,0,24,4,0,28,0,0,0,28
04/19/2004,CWA,WI,AGL,CE,Federal Contract Tower,0,46,6,0,52,0,0,15,0,15,0,46,21,0,67,6,0,6,73
04/20/2004,CWA,WI,AGL,CE,Federal Contract Tower,0,50,6,0,56,0,0,2,0,2,0,50,8,0,58,0,0,0,58
04/21/2004,CWA,WI,AGL,CE,Federal Contract Tower,0,50,3,0,53,0,6,0,0,6,0,56,3,0,59,6,0,6,65
04/22/2004,CWA,WI,AGL,CE,Federal Contract Tower,0,58,7,0,65,2,2,29,0,33,2,60,36,0,98,0,0,0,98
04/23/2004,CWA,WI,AGL,CE,Federal Contract Tower,0,54,6,0,60,0,0,22,0,22,0,54,28,0,82,0,0,0,82
04/24/2004,CWA,WI,AGL,CE,Federal Contract Tower,0,34,3,0,37,0,2,17,0,19,0,36,20,0,56,10,0,10,66
04/25/2004,CWA,WI,AGL,CE,Federal Contract Tower,0,33,3,0,36,2,0,1,0,3,2,33,4,0,39,4,0,4,43
04/26/2004,CWA,WI,AGL,CE,Federal Contract Tower,0,44,4,0,48,0,0,5,0,5,0,44,9,0,53,4,0,4,57
04/27/2004,CWA,WI,AGL,CE,Federal Contract Tower,0,56,5,1,62,2,2,13,3,20,2,58,18,4,82,10,16,26,108
04/28/2004,CWA,WI,AGL,CE,Federal Contract Tower,0,44,4,0,48,0,7,9,0,16,0,51,13,0,64,6,0,6,70
04/29/2004,CWA,WI,AGL,CE,Federal Contract Tower,0,53,5,0,58,0,2,10,0,12,0,55,15,0,70,4,0,4,74
04/30/2004,CWA,WI,AGL,CE,Federal Contract Tower,0,55,7,0,62,2,0,21,2,25,2,55,28,2,87,4,0,4,91
05/01/2004,CWA,WI,AGL,CE,Federal Contract Tower,0,30,3,0,33,0,2,17,0,19,0,32,20,0,52,20,0,20,72
05/02/2004,CWA,WI,AGL,CE,Federal Contract Tower,0,32,4,0,36,0,1,26,2,29,0,33,30,2,65,30,0,30,95
05/03/2004,CWA,WI,AGL,CE,Federal Contract Tower,0,43,6,0,49,0,3,20,0,23,0,46,26,0,72,16,0,16,88
05/04/2004,CWA,WI,AGL,CE,Federal Contract Tower,0,49,7,0,56,0,7,17,0,24,0,56,24,0,80,10,0,10,90
05/05/2004,CWA,WI,AGL,CE,Federal Contract Tower,0,52,7,0,59,0,5,30,0,35,0,57,37,0,94,0,0,0,94
05/06/2004,CWA,WI,AGL,CE,Federal Contract Tower,0,51,7,0,58,0,5,7,0,12,0,56,14,0,70,16,0,16,86
05/07/2004,CWA,WI,AGL,CE,Federal Contract Tower,0,51,7,0,58,0,5,21,0,26,0,56,28,0,84,20,0,20,104
05/08/2004,CWA,WI,AGL,CE,Federal Contract Tower,0,37,0,0,37,0,5,0,0,5,0,42,0,0,42,0,0,0,42
05/09/2004,CWA,WI,AGL,CE,Federal Contract Tower,0,21,3,0,24,2,3,0,0,5,2,24,3,0,29,4,0,4,33
05/10/2004,CWA,WI,AGL,CE,Federal Contract Tower,0,45,6,0,51,0,2,2,0,4,0,47,8,0,55,0,0,0,55
05/11/2004,CWA,WI,AGL,CE,Federal Contract Tower,0,50,8,0,58,0,0,24,0,24,0,50,32,0,82,0,0,0,82
05/12/2004,CWA,WI,AGL,CE,Federal Contract Tower,0,51,6,1,58,0,4,9,1,14,0,55,15,2,72,0,4,4,76
05/13/2004,CWA,WI,AGL,CE,Federal Contract Tower,0,57,7,0,64,0,6,0,0,6,0,63,7,0,70,0,0,0,70
05/14/2004,CWA,WI,AGL,CE,Federal Contract Tower,0,53,7,0,60,0,0,11,0,11,0,53,18,0,71,0,0,0,71
05/15/2004,CWA,WI,AGL,CE,Federal Contract Tower,0,35,4,0,39,0,0,23,0,23,0,35,27,0,62,26,0,26,88
05/16/2004,CWA,WI,AGL,CE,Federal Contract Tower,0,26,3,0,29,0,3,25,0,28,0,29,28,0,57,10,0,10,67
05/17/2004,CWA,WI,AGL,CE,Federal Contract Tower,0,41,5,0,46,0,0,6,0,6,0,41,11,0,52,0,0,0,52
05/18/2004,CWA,WI,AGL,CE,Federal Contract Tower,0,52,7,1,60,0,0,29,5,34,0,52,36,6,94,18,8,26,120
05/19/2004,CWA,WI,AGL,CE,Federal Contract Tower,0,58,7,0,65,0,1,30,0,31,0,59,37,0,96,8,0,8,104
05/20/2004,CWA,WI,AGL,CE,Federal Contract Tower,0,54,6,0,60,0,1,14,0,15,0,55,20,0,75,0,0,0,75
05/21/2004,CWA,WI,AGL,CE,Federal Contract Tower,0,52,6,0,58,0,0,2,0,2,0,52,8,0,60,0,0,0,60
05/22/2004,CWA,WI,AGL,CE,Federal Contract Tower,0,30,3,0,33,0,0,2,0,2,0,30,5,0,35,0,0,0,35
05/23/2004,CWA,WI,AGL,CE,Federal Contract Tower,0,34,4,0,38,0,0,4,0,4,0,34,8,0,42,0,0,0,42
05/24/2004,CWA,WI,AGL,CE,Federal Contract Tower,0,46,6,0,52,0,0,7,0,7,0,46,13,0,59,0,0,0,59
05/25/2004,CWA,WI,AGL,CE,Federal Contract Tower,0,59,7,0,66,0,0,5,2,7,0,59,12,2,73,16,18,34,107
05/26/2004,CWA,WI,AGL,CE,Federal Contract Tower,0,54,6,0,60,0,2,34,0,36,0,56,40,0,96,0,0,0,96
05/27/2004,CWA,WI,AGL,CE,Federal Contract Tower,0,58,7,0,65,0,1,13,0,14,0,59,20,0,79,0,0,0,79
05/28/2004,CWA,WI,AGL,CE,Federal Contract Tower,0,55,6,0,61,0,12,34,0,46,0,67,40,0,107,44,2,46,153
05/29/2004,CWA,WI,AGL,CE,Federal Contract Tower,0,31,3,0,34,0,3,3,0,6,0,34,6,0,40,4,0,4,44
05/30/2004,CWA,WI,AGL,CE,Federal Contract Tower,0,32,2,0,34,0,2,0,0,2,0,34,2,0,36,0,0,0,36
05/31/2004,CWA,WI,AGL,CE,Federal Contract Tower,0,29,3,0,32,0,3,6,0,9,0,32,9,0,41,8,0,8,49
06/01/2004,CWA,WI,AGL,CE,Federal Contract Tower,0,44,5,0,49,0,0,4,0,4,0,44,9,0,53,0,0,0,53
06/02/2004,CWA,WI,AGL,CE,Federal Contract Tower,0,56,7,0,63,0,5,26,0,31,0,61,33,0,94,0,0,0,94
06/03/2004,CWA,WI,AGL,CE,Federal Contract Tower,0,52,6,0,58,0,8,43,0,51,0,60,49,0,109,14,0,14,123
06/04/2004,CWA,WI,AGL,CE,Federal Contract Tower,0,55,7,0,62,0,1,26,2,29,0,56,33,2,91,36,0,36,127
06/05/2004,CWA,WI,AGL,CE,Federal Contract Tower,0,28,4,0,32,0,4,16,2,22,0,32,20,2,54,6,0,6,60
06/06/2004,CWA,WI,AGL,CE,Federal Contract Tower,0,30,5,0,35,0,0,29,2,31,0,30,34,2,66,14,0,14,80
06/07/2004,CWA,WI,AGL,CE,Federal Contract Tower,0,41,6,0,47,0,6,5,0,11,0,47,11,0,58,4,0,4,62
06/08/2004,CWA,WI,AGL,CE,Federal Contract Tower,0,50,6,0,56,0,3,5,0,8,0,53,11,0,64,14,0,14,78
06/09/2004,CWA,WI,AGL,CE,Federal Contract Tower,0,53,6,0,59,0,0,3,0,3,0,53,9,0,62,0,0,0,62
06/10/2004,CWA,WI,AGL,CE,Federal Contract Tower,0,55,7,0,62,0,0,8,0,8,0,55,15,0,70,0,0,0,70
06/11/2004,CWA,WI,AGL,CE,Federal Contract Tower,0,68,9,0,77,2,0,1,0,3,2,68,10,0,80,0,0,0,80
06/12/2004,CWA,WI,AGL,CE,Federal Contract Tower,0,31,4,1,36,0,1,16,1,18,0,32,20,2,54,18,4,22,76
06/13/2004,CWA,WI,AGL,CE,Federal Contract Tower,0,33,4,0,37,0,1,6,0,7,0,34,10,0,44,10,0,10,54
06/14/2004,CWA,WI,AGL,CE,Federal Contract Tower,0,40,5,0,45,2,4,7,0,13,2,44,12,0,58,8,0,8,66
06/15/2004,CWA,WI,AGL,CE,Federal Contract Tower,0,41,5,0,46,0,6,12,0,18,0,47,17,0,64,16,0,16,80
06/16/2004,CWA,WI,AGL,CE,Federal Contract Tower,0,54,6,0,60,0,0,25,0,25,0,54,31,0,85,2,0,2,87
06/17/2004,CWA,WI,AGL,CE,Federal Contract Tower,0,63,8,0,71,0,0,25,0,25,0,63,33,0,96,0,0,0,96
06/18/2004,CWA,WI,AGL,CE,Federal Contract Tower,0,47,5,0,52,0,10,20,0,30,0,57,25,0,82,16,0,16,98
06/19/2004,CWA,WI,AGL,CE,Federal Contract Tower,0,29,3,0,32,0,3,33,0,36,0,32,36,0,68,24,0,24,92
06/20/2004,CWA,WI,AGL,CE,Federal Contract Tower,0,33,4,0,37,0,1,28,0,29,0,34,32,0,66,20,0,20,86
06/21/2004,CWA,WI,AGL,CE,Federal Contract Tower,0,45,5,0,50,0,2,6,0,8,0,47,11,0,58,2,0,2,60
06/22/2004,CWA,WI,AGL,CE,Federal Contract Tower,0,53,6,0,59,0,1,5,0,6,0,54,11,0,65,12,0,12,77
06/23/2004,CWA,WI,AGL,CE,Federal Contract Tower,0,56,6,0,62,0,3,14,0,17,0,59,20,0,79,4,0,4,83
06/24/2004,CWA,WI,AGL,CE,Federal Contract Tower,0,56,6,0,62,0,5,13,0,18,0,61,19,0,80,0,0,0,80
06/25/2004,CWA,WI,AGL,CE,Federal Contract Tower,0,56,6,0,62,0,1,22,0,23,0,57,28,0,85,26,0,26,111
06/26/2004,CWA,WI,AGL,CE,Federal Contract Tower,0,31,4,0,35,0,0,16,0,16,0,31,20,0,51,40,0,40,91
06/27/2004,CWA,WI,AGL,CE,Federal Contract Tower,0,29,3,0,32,0,2,18,0,20,0,31,21,0,52,8,0,8,60
06/28/2004,CWA,WI,AGL,CE,Federal Contract Tower,0,40,5,0,45,0,4,9,0,13,0,44,14,0,58,10,0,10,68
06/29/2004,CWA,WI,AGL,CE,Federal Contract Tower,0,46,5,0,51,0,0,21,0,21,0,46,26,0,72,6,0,6,78
06/30/2004,CWA,WI,AGL,CE,Federal Contract Tower,0,54,6,0,60,0,0,27,4,31,0,54,33,4,91,4,0,4,95
07/01/2004,CWA,WI,AGL,CE,Federal Contract Tower,0,53,8,0,61,0,3,24,6,33,0,56,32,6,94,2,0,2,96
07/02/2004,CWA,WI,AGL,CE,Federal Contract Tower,0,48,8,0,56,0,9,20,0,29,0,57,28,0,85,16,0,16,101
07/03/2004,CWA,WI,AGL,CE,Federal Contract Tower,0,29,5,0,34,0,3,17,0,20,0,32,22,0,54,12,0,12,66
07/04/2004,CWA,WI,AGL,CE,Federal Contract Tower,0,24,4,0,28,0,1,7,0,8,0,25,11,0,36,4,0,4,40
07/05/2004,CWA,WI,AGL,CE,Federal Contract Tower,0,31,5,0,36,0,1,20,0,21,0,32,25,0,57,8,0,8,65
07/06/2004,CWA,WI,AGL,CE,Federal Contract Tower,0,47,9,0,56,0,0,10,0,10,0,47,19,0,66,0,0,0,66
07/07/2004,CWA,WI,AGL,CE,Federal Contract Tower,0,52,8,0,60,0,1,15,0,16,0,53,23,0,76,40,0,40,116
07/08/2004,CWA,WI,AGL,CE,Federal Contract Tower,0,52,8,1,61,0,5,38,1,44,0,57,46,2,105,51,0,51,156
07/09/2004,CWA,WI,AGL,CE,Federal Contract Tower,0,47,8,1,56,0,3,25,1,29,0,50,33,2,85,10,0,10,95
07/10/2004,CWA,WI,AGL,CE,Federal Contract Tower,0,26,4,0,30,0,3,26,0,29,0,29,30,0,59,40,0,40,99
07/11/2004,CWA,WI,AGL,CE,Federal Contract Tower,0,40,7,1,48,0,0,5,1,6,0,40,12,2,54,0,0,0,54
07/12/2004,CWA,WI,AGL,CE,Federal Contract Tower,0,47,7,0,54,0,1,11,0,12,0,48,18,0,66,0,0,0,66
07/13/2004,CWA,WI,AGL,CE,Federal Contract Tower,0,47,8,0,55,0,9,12,0,21,0,56,20,0,76,4,0,4,80
07/14/2004,CWA,WI,AGL,CE,Federal Contract Tower,0,48,9,1,58,0,0,44,1,45,0,48,53,2,103,13,38,51,154
07/15/2004,CWA,WI,AGL,CE,Federal Contract Tower,0,53,8,0,61,0,7,49,0,56,0,60,57,0,117,20,0,20,137
07/16/2004,CWA,WI,AGL,CE,Federal Contract Tower,0,46,6,0,52,0,4,15,0,19,0,50,21,0,71,24,0,24,95
07/17/2004,CWA,WI,AGL,CE,Federal Contract Tower,0,29,4,0,33,0,0,35,0,35,0,29,39,0,68,6,0,6,74
07/18/2004,CWA,WI,AGL,CE,Federal Contract Tower,0,34,5,0,39,0,0,30,0,30,0,34,35,0,69,36,0,36,105
07/19/2004,CWA,WI,AGL,CE,Federal Contract Tower,0,45,7,0,52,0,2,18,0,20,0,47,25,0,72,50,0,50,122
07/20/2004,CWA,WI,AGL,CE,Federal Contract Tower,0,60,9,0,69,0,2,28,0,30,0,62,37,0,99,22,0,22,121
07/21/2004,CWA,WI,AGL,CE,Federal Contract Tower,0,53,8,0,61,0,0,36,0,36,0,53,44,0,97,8,0,8,105
07/22/2004,CWA,WI,AGL,CE,Federal Contract Tower,0,51,8,0,59,0,4,52,0,56,0,55,60,0,115,28,0,28,143
07/23/2004,CWA,WI,AGL,CE,Federal Contract Tower,0,51,8,0,59,2,1,35,0,38,2,52,43,0,97,32,0,32,129
07/24/2004,CWA,WI,AGL,CE,Federal Contract Tower,0,33,5,0,38,0,0,28,0,28,0,33,33,0,66,50,0,50,116
07/25/2004,CWA,WI,AGL,CE,Federal Contract Tower,0,34,6,0,40,0,0,33,0,33,0,34,39,0,73,28,0,28,101
07/26/2004,CWA,WI,AGL,CE,Federal Contract Tower,0,40,6,0,46,2,1,12,0,15,2,41,18,0,61,22,0,22,83
07/27/2004,CWA,WI,AGL,CE,Federal Contract Tower,0,49,8,0,57,0,7,30,0,37,0,56,38,0,94,40,0,40,134
07/28/2004,CWA,WI,AGL,CE,Federal Contract Tower,0,48,7,0,55,0,9,33,0,42,0,57,40,0,97,24,0,24,121
07/29/2004,CWA,WI,AGL,CE,Federal Contract Tower,0,48,7,0,55,0,15,36,0,51,0,63,43,0,106,24,0,24,130
07/30/2004,CWA,WI,AGL,CE,Federal Contract Tower,0,59,9,0,68,0,3,34,0,37,0,62,43,0,105,24,0,24,129
07/31/2004,CWA,WI,AGL,CE,Federal Contract Tower,0,31,5,0,36,0,0,45,0,45,0,31,50,0,81,28,0,28,109
08/01/2004,CWA,WI,AGL,CE,Federal Contract Tower,0,34,5,0,39,0,2,16,0,18,0,36,21,0,57,24,0,24,81
08/02/2004,CWA,WI,AGL,CE,Federal Contract Tower,0,42,6,0,48,0,1,14,0,15,0,43,20,0,63,22,0,22,85
08/03/2004,CWA,WI,AGL,CE,Federal Contract Tower,0,45,7,0,52,0,2,21,0,23,0,47,28,0,75,12,0,12,87
08/04/2004,CWA,WI,AGL,CE,Federal Contract Tower,0,51,8,0,59,0,13,36,0,49,0,64,44,0,108,12,0,12,120
08/05/2004,CWA,WI,AGL,CE,Federal Contract Tower,0,48,8,0,56,0,5,20,0,25,0,53,28,0,81,8,0,8,89
08/06/2004,CWA,WI,AGL,CE,Federal Contract Tower,0,50,8,0,58,0,4,47,0,51,0,54,55,0,109,34,0,34,143
08/07/2004,CWA,WI,AGL,CE,Federal Contract Tower,0,31,5,0,36,0,0,31,0,31,0,31,36,0,67,30,0,30,97
08/08/2004,CWA,WI,AGL,CE,Federal Contract Tower,0,30,5,0,35,0,1,22,0,23,0,31,27,0,58,32,0,32,90
08/09/2004,CWA,WI,AGL,CE,Federal Contract Tower,0,48,7,0,55,0,0,13,0,13,0,48,20,0,68,20,0,20,88
08/10/2004,CWA,WI,AGL,CE,Federal Contract Tower,0,49,7,0,56,0,4,11,0,15,0,53,18,0,71,0,0,0,71
08/11/2004,CWA,WI,AGL,CE,Federal Contract Tower,0,39,6,0,45,0,5,24,0,29,0,44,30,0,74,14,0,14,88
08/12/2004,CWA,WI,AGL,CE,Federal Contract Tower,0,49,7,0,56,0,8,21,0,29,0,57,28,0,85,12,0,12,97
08/13/2004,CWA,WI,AGL,CE,Federal Contract Tower,0,50,7,0,57,0,19,22,0,41,0,69,29,0,98,28,0,28,126
08/14/2004,CWA,WI,AGL,CE,Federal Contract Tower,0,34,6,0,40,0,0,30,0,30,0,34,36,0,70,48,0,48,118
08/15/2004,CWA,WI,AGL,CE,Federal Contract Tower,0,37,5,0,42,0,2,49,0,51,0,39,54,0,93,22,0,22,115
08/16/2004,CWA,WI,AGL,CE,Federal Contract Tower,0,40,6,0,46,0,3,3,0,6,0,43,9,0,52,32,0,32,84
08/17/2004,CWA,WI,AGL,CE,Federal Contract Tower,0,40,6,0,46,0,3,14,0,17,0,43,20,0,63,38,0,38,101
08/18/2004,CWA,WI,AGL,CE,Federal Contract Tower,0,54,8,0,62,0,0,31,0,31,0,54,39,0,93,2,0,2,95
08/19/2004,CWA,WI,AGL,CE,Federal Contract Tower,0,60,9,0,69,0,0,41,4,45,0,60,50,4,114,32,2,34,148
08/20/2004,CWA,WI,AGL,CE,Federal Contract Tower,0,52,8,0,60,0,4,16,2,22,0,56,24,2,82,12,0,12,94
08/21/2004,CWA,WI,AGL,CE,Federal Contract Tower,0,33,5,0,38,0,0,35,0,35,0,33,40,0,73,28,0,28,101
08/22/2004,CWA,WI,AGL,CE,Federal Contract Tower,0,32,5,0,37,0,0,14,2,16,0,32,19,2,53,28,0,28,81
08/23/2004,CWA,WI,AGL,CE,Federal Contract Tower,0,48,8,0,56,0,0,8,6,14,0,48,16,6,70,10,2,12,82
08/24/2004,CWA,WI,AGL,CE,Federal Contract Tower,0,52,9,0,61,0,0,11,0,11,0,52,20,0,72,0,0,0,72
08/25/2004,CWA,WI,AGL,CE,Federal Contract Tower,0,51,9,0,60,0,0,16,0,16,0,51,25,0,76,0,0,0,76
08/26/2004,CWA,WI,AGL,CE,Federal Contract Tower,0,57,8,0,65,2,1,13,0,16,2,58,21,0,81,2,0,2,83
08/27/2004,CWA,WI,AGL,CE,Federal Contract Tower,0,52,9,0,61,0,0,32,0,32,0,52,41,0,93,32,0,32,125
08/28/2004,CWA,WI,AGL,CE,Federal Contract Tower,0,27,4,0,31,0,3,12,0,15,0,30,16,0,46,26,0,26,72
08/29/2004,CWA,WI,AGL,CE,Federal Contract Tower,0,36,5,0,41,2,0,33,0,35,2,36,38,0,76,32,0,32,108
08/30/2004,CWA,WI,AGL,CE,Federal Contract Tower,0,45,7,0,52,0,2,3,0,5,0,47,10,0,57,10,0,10,67
08/31/2004,CWA,WI,AGL,CE,Federal Contract Tower,0,48,7,0,55,0,8,12,0,20,0,56,19,0,75,26,0,26,101
09/01/2004,CWA,WI,AGL,CE,Federal Contract Tower,0,50,7,0,57,0,3,29,0,32,0,53,36,0,89,0,0,0,89
09/02/2004,CWA,WI,AGL,CE,Federal Contract Tower,0,56,8,1,65,0,0,31,0,31,0,56,39,1,96,18,12,30,126
09/03/2004,CWA,WI,AGL,CE,Federal Contract Tower,0,53,7,1,61,0,6,13,0,19,0,59,20,1,80,20,10,30,110
09/04/2004,CWA,WI,AGL,CE,Federal Contract Tower,0,31,5,0,36,0,4,21,0,25,0,35,26,0,61,26,0,26,87
09/05/2004,CWA,WI,AGL,CE,Federal Contract Tower,0,25,3,0,28,0,3,11,0,14,0,28,14,0,42,16,0,16,58
09/06/2004,CWA,WI,AGL,CE,Federal Contract Tower,0,29,4,0,33,0,4,4,0,8,0,33,8,0,41,4,0,4,45
09/07/2004,CWA,WI,AGL,CE,Federal Contract Tower,0,44,6,0,50,0,0,15,0,15,0,44,21,0,65,0,0,0,65
09/08/2004,CWA,WI,AGL,CE,Federal Contract Tower,0,42,6,0,48,0,8,27,0,35,0,50,33,0,83,10,0,10,93
09/09/2004,CWA,WI,AGL,CE,Federal Contract Tower,0,53,7,0,60,0,0,32,0,32,0,53,39,0,92,16,0,16,108
09/10/2004,CWA,WI,AGL,CE,Federal Contract Tower,0,52,7,2,61,0,2,14,0,16,0,54,21,2,77,18,0,18,95
09/11/2004,CWA,WI,AGL,CE,Federal Contract Tower,0,33,5,0,38,0,4,12,0,16,0,37,17,0,54,16,0,16,70
09/12/2004,CWA,WI,AGL,CE,Federal Contract Tower,0,32,5,1,38,0,1,29,1,31,0,33,34,2,69,8,0,8,77
09/13/2004,CWA,WI,AGL,CE,Federal Contract Tower,0,45,6,0,51,0,0,14,0,14,0,45,20,0,65,16,0,16,81
09/14/2004,CWA,WI,AGL,CE,Federal Contract Tower,0,56,7,0,63,0,0,5,0,5,0,56,12,0,68,0,0,0,68
09/15/2004,CWA,WI,AGL,CE,Federal Contract Tower,0,52,7,2,61,0,0,12,0,12,0,52,19,2,73,0,6,6,79
09/16/2004,CWA,WI,AGL,CE,Federal Contract Tower,0,51,7,0,58,0,8,20,0,28,0,59,27,0,86,4,0,4,90
09/17/2004,CWA,WI,AGL,CE,Federal Contract Tower,0,50,8,1,59,0,0,48,12,60,0,50,56,13,119,24,14,38,157
09/18/2004,CWA,WI,AGL,CE,Federal Contract Tower,0,38,5,0,43,0,0,43,0,43,0,38,48,0,86,10,0,10,96
09/19/2004,CWA,WI,AGL,CE,Federal Contract Tower,0,31,5,0,36,0,0,15,0,15,0,31,20,0,51,12,0,12,63
09/20/2004,CWA,WI,AGL,CE,Federal Contract Tower,0,45,6,0,51,0,1,10,0,11,0,46,16,0,62,6,0,6,68
09/21/2004,CWA,WI,AGL,CE,Federal Contract Tower,0,47,7,0,54,0,1,17,2,20,0,48,24,2,74,0,4,4,78
09/22/2004,CWA,WI,AGL,CE,Federal Contract Tower,0,52,7,0,59,0,5,19,0,24,0,57,26,0,83,14,0,14,97
09/23/2004,CWA,WI,AGL,CE,Federal Contract Tower,0,51,6,1,58,0,3,13,1,17,0,54,19,2,75,0,0,0,75
09/24/2004,CWA,WI,AGL,CE,Federal Contract Tower,0,55,8,1,64,0,0,22,5,27,0,55,30,6,91,20,14,34,125
09/25/2004,CWA,WI,AGL,CE,Federal Contract Tower,0,37,6,0,43,0,0,15,0,15,0,37,21,0,58,28,0,28,86
09/26/2004,CWA,WI,AGL,CE,Federal Contract Tower,0,31,5,0,36,0,0,31,2,33,0,31,36,2,69,24,0,24,93
09/27/2004,CWA,WI,AGL,CE,Federal Contract Tower,0,45,6,0,51,0,0,12,0,12,0,45,18,0,63,12,0,12,75
09/28/2004,CWA,WI,AGL,CE,Federal Contract Tower,0,45,7,0,52,0,2,5,2,9,0,47,12,2,61,6,26,32,93
09/29/2004,CWA,WI,AGL,CE,Federal Contract Tower,0,49,7,1,57,0,0,20,2,22,0,49,27,3,79,10,16,26,105
09/30/2004,CWA,WI,AGL,CE,Federal Contract Tower,0,56,8,1,65,0,0,37,1,38,0,56,45,2,103,10,26,36,139
10/01/2004,CWA,WI,AGL,CE,Federal Contract Tower,0,53,12,0,65,0,0,9,0,9,0,53,21,0,74,0,0,0,74
10/02/2004,CWA,WI,AGL,CE,Federal Contract Tower,0,36,2,0,38,0,2,5,0,7,0,38,7,0,45,16,0,16,61
10/03/2004,CWA,WI,AGL,CE,Federal Contract Tower,0,34,4,0,38,0,0,13,0,13,0,34,17,0,51,10,0,10,61
10/04/2004,CWA,WI,AGL,CE,Federal Contract Tower,0,45,8,2,55,0,2,9,2,13,0,47,17,4,68,12,0,12,80
10/05/2004,CWA,WI,AGL,CE,Federal Contract Tower,0,53,1,0,54,0,3,22,2,27,0,56,23,2,81,6,0,6,87
10/06/2004,CWA,WI,AGL,CE,Federal Contract Tower,2,51,9,3,65,0,3,26,0,29,2,54,35,3,94,2,0,2,96
10/07/2004,CWA,WI,AGL,CE,Federal Contract Tower,2,52,8,2,64,0,0,9,13,22,2,52,17,15,86,0,0,0,86
10/08/2004,CWA,WI,AGL,CE,Federal Contract Tower,0,65,9,4,78,0,0,6,0,6,0,65,15,4,84,0,0,0,84
10/09/2004,CWA,WI,AGL,CE,Federal Contract Tower,0,36,2,0,38,0,1,7,0,8,0,37,9,0,46,12,0,12,58
10/10/2004,CWA,WI,AGL,CE,Federal Contract Tower,0,37,5,0,42,0,5,50,0,55,0,42,55,0,97,20,0,20,117
10/11/2004,CWA,WI,AGL,CE,Federal Contract Tower,0,48,10,0,58,0,6,25,0,31,0,54,35,0,89,26,0,26,115
10/12/2004,CWA,WI,AGL,CE,Federal Contract Tower,0,49,3,1,53,0,4,22,3,29,0,53,25,4,82,24,0,24,106
10/13/2004,CWA,WI,AGL,CE,Federal Contract Tower,0,52,10,0,62,0,5,32,0,37,0,57,42,0,99,4,0,4,103
10/14/2004,CWA,WI,AGL,CE,Federal Contract Tower,0,50,15,0,65,0,2,8,0,10,0,52,23,0,75,0,0,0,75
10/15/2004,CWA,WI,AGL,CE,Federal Contract Tower,0,50,8,0,58,0,1,9,0,10,0,51,17,0,68,4,0,4,72
10/16/2004,CWA,WI,AGL,CE,Federal Contract Tower,0,41,5,0,46,0,0,0,0,0,0,41,5,0,46,0,0,0,46
10/17/2004,CWA,WI,AGL,CE,Federal Contract Tower,0,34,3,0,37,0,0,25,0,25,0,34,28,0,62,22,0,22,84
10/18/2004,CWA,WI,AGL,CE,Federal Contract Tower,0,43,14,0,57,0,0,5,0,5,0,43,19,0,62,10,0,10,72
10/19/2004,CWA,WI,AGL,CE,Federal Contract Tower,0,53,10,0,63,0,0,6,4,10,0,53,16,4,73,12,12,24,97
10/20/2004,CWA,WI,AGL,CE,Federal Contract Tower,0,51,31,0,82,0,13,26,0,39,0,64,57,0,121,12,0,12,133
10/21/2004,CWA,WI,AGL,CE,Federal Contract Tower,0,49,16,0,65,0,1,1,0,2,0,50,17,0,67,8,0,8,75
10/22/2004,CWA,WI,AGL,CE,Federal Contract Tower,0,50,15,2,67,0,0,0,0,0,0,50,15,2,67,0,0,0,67
10/23/2004,CWA,WI,AGL,CE,Federal Contract Tower,0,39,3,1,43,0,0,2,0,2,0,39,5,1,45,0,0,0,45
10/24/2004,CWA,WI,AGL,CE,Federal Contract Tower,2,33,2,1,38,0,0,8,0,8,2,33,10,1,46,18,0,18,64
10/25/2004,CWA,WI,AGL,CE,Federal Contract Tower,0,46,20,0,66,0,2,3,0,5,0,48,23,0,71,2,0,2,73
10/26/2004,CWA,WI,AGL,CE,Federal Contract Tower,0,46,18,0,64,0,4,6,0,10,0,50,24,0,74,0,0,0,74
10/27/2004,CWA,WI,AGL,CE,Federal Contract Tower,0,67,13,5,85,0,0,0,0,0,0,67,13,5,85,0,0,0,85
10/28/2004,CWA,WI,AGL,CE,Federal Contract Tower,4,66,13,5,88,0,2,0,0,2,4,68,13,5,90,0,0,0,90
10/29/2004,CWA,WI,AGL,CE,Federal Contract Tower,0,43,16,2,61,0,1,0,0,1,0,44,16,2,62,0,0,0,62
10/30/2004,CWA,WI,AGL,CE,Federal Contract Tower,0,39,2,1,42,0,1,1,0,2,0,40,3,1,44,0,0,0,44
10/31/2004,CWA,WI,AGL,CE,Federal Contract Tower,0,33,8,1,42,0,0,12,0,12,0,33,20,1,54,10,0,10,64
11/01/2004,CWA,WI,AGL,CE,Federal Contract Tower,2,41,5,0,48,0,0,8,0,8,2,41,13,0,56,2,0,2,58
11/02/2004,CWA,WI,AGL,CE,Federal Contract Tower,0,48,3,0,51,0,1,15,0,16,0,49,18,0,67,4,0,4,71
11/03/2004,CWA,WI,AGL,CE,Federal Contract Tower,0,53,11,0,64,0,0,28,0,28,0,53,39,0,92,10,0,10,102
11/04/2004,CWA,WI,AGL,CE,Federal Contract Tower,0,57,8,0,65,0,0,5,0,5,0,57,13,0,70,0,0,0,70
11/05/2004,CWA,WI,AGL,CE,Federal Contract Tower,0,51,8,0,59,0,4,12,0,16,0,55,20,0,75,6,0,6,81
11/06/2004,CWA,WI,AGL,CE,Federal Contract Tower,0,33,5,0,38,0,0,16,0,16,0,33,21,0,54,28,0,28,82
11/07/2004,CWA,WI,AGL,CE,Federal Contract Tower,2,32,0,0,34,0,0,0,0,0,2,32,0,0,34,0,0,0,34
11/08/2004,CWA,WI,AGL,CE,Federal Contract Tower,0,21,7,0,28,0,25,21,0,46,0,46,28,0,74,6,0,6,80
11/09/2004,CWA,WI,AGL,CE,Federal Contract Tower,0,49,10,0,59,0,2,20,0,22,0,51,30,0,81,22,0,22,103
11/10/2004,CWA,WI,AGL,CE,Federal Contract Tower,0,56,8,0,64,0,1,5,0,6,0,57,13,0,70,0,0,0,70
11/11/2004,CWA,WI,AGL,CE,Federal Contract Tower,2,57,4,0,63,0,2,28,0,30,2,59,32,0,93,0,0,0,93
11/12/2004,CWA,WI,AGL,CE,Federal Contract Tower,0,55,9,0,64,0,1,15,0,16,0,56,24,0,80,34,0,34,114
11/13/2004,CWA,WI,AGL,CE,Federal Contract Tower,0,36,1,0,37,0,0,43,0,43,0,36,44,0,80,30,0,30,110
11/14/2004,CWA,WI,AGL,CE,Federal Contract Tower,0,37,2,0,39,0,0,35,0,35,0,37,37,0,74,46,0,46,120
11/15/2004,CWA,WI,AGL,CE,Federal Contract Tower,0,43,9,0,52,0,0,0,0,0,0,43,9,0,52,0,0,0,52
11/16/2004,CWA,WI,AGL,CE,Federal Contract Tower,0,54,19,0,73,0,0,0,0,0,0,54,19,0,73,0,0,0,73
11/17/2004,CWA,WI,AGL,CE,Federal Contract Tower,0,66,21,2,89,0,0,3,0,3,0,66,24,2,92,10,22,32,124
11/18/2004,CWA,WI,AGL,CE,Federal Contract Tower,2,70,15,0,87,0,6,16,0,22,2,76,31,0,109,10,0,10,119
11/19/2004,CWA,WI,AGL,CE,Federal Contract Tower,0,56,10,0,66,0,0,0,0,0,0,56,10,0,66,2,0,2,68
11/20/2004,CWA,WI,AGL,CE,Federal Contract Tower,0,35,2,0,37,0,0,2,0,2,0,35,4,0,39,2,0,2,41
11/21/2004,CWA,WI,AGL,CE,Federal Contract Tower,2,35,2,0,39,0,0,37,0,37,2,35,39,0,76,28,0,28,104
11/22/2004,CWA,WI,AGL,CE,Federal Contract Tower,0,48,9,0,57,0,0,15,0,15,0,48,24,0,72,36,0,36,108
11/23/2004,CWA,WI,AGL,CE,Federal Contract Tower,0,52,3,0,55,0,3,43,0,46,0,55,46,0,101,24,0,24,125
11/24/2004,CWA,WI,AGL,CE,Federal Contract Tower,0,54,2,0,56,0,0,27,0,27,0,54,29,0,83,0,0,0,83
11/25/2004,CWA,WI,AGL,CE,Federal Contract Tower,0,24,0,0,24,0,0,14,0,14,0,24,14,0,38,0,0,0,38
11/26/2004,CWA,WI,AGL,CE,Federal Contract Tower,2,45,2,0,49,0,0,0,0,0,2,45,2,0,49,0,0,0,49
11/27/2004,CWA,WI,AGL,CE,Federal Contract Tower,0,36,0,0,36,0,0,1,0,1,0,36,1,0,37,0,0,0,37
11/28/2004,CWA,WI,AGL,CE,Federal Contract Tower,0,35,3,0,38,0,0,18,0,18,0,35,21,0,56,14,0,14,70
11/29/2004,CWA,WI,AGL,CE,Federal Contract Tower,2,44,5,0,51,0,0,3,0,3,2,44,8,0,54,2,0,2,56
11/30/2004,CWA,WI,AGL,CE,Federal Contract Tower,0,52,9,1,62,0,1,15,1,17,0,53,24,2,79,10,6,16,95
12/01/2004,CWA,WI,AGL,CE,Federal Contract Tower,0,52,6,1,59,0,4,20,0,24,0,56,26,1,83,12,6,18,101
12/02/2004,CWA,WI,AGL,CE,Federal Contract Tower,0,53,12,0,65,0,0,9,2,11,0,53,21,2,76,20,18,38,114
12/03/2004,CWA,WI,AGL,CE,Federal Contract Tower,0,56,8,2,66,0,0,14,0,14,0,56,22,2,80,24,0,24,104
12/04/2004,CWA,WI,AGL,CE,Federal Contract Tower,0,34,10,0,44,0,0,0,0,0,0,34,10,0,44,6,0,6,50
12/05/2004,CWA,WI,AGL,CE,Federal Contract Tower,0,31,6,2,39,0,0,27,0,27,0,31,33,2,66,4,0,4,70
12/06/2004,CWA,WI,AGL,CE,Federal Contract Tower,0,39,8,0,47,0,0,0,0,0,0,39,8,0,47,0,0,0,47
12/07/2004,CWA,WI,AGL,CE,Federal Contract Tower,0,58,9,0,67,0,0,0,3,3,0,58,9,3,70,0,0,0,70
12/08/2004,CWA,WI,AGL,CE,Federal Contract Tower,0,54,14,0,68,0,0,5,0,5,0,54,19,0,73,4,0,4,77
12/09/2004,CWA,WI,AGL,CE,Federal Contract Tower,0,58,9,0,67,0,0,0,0,0,0,58,9,0,67,0,0,0,67
12/10/2004,CWA,WI,AGL,CE,Federal Contract Tower,0,56,12,6,74,0,0,0,0,0,0,56,12,6,74,0,0,0,74
12/11/2004,CWA,WI,AGL,CE,Federal Contract Tower,0,34,8,0,42,0,0,8,0,8,0,34,16,0,50,22,0,22,72
12/12/2004,CWA,WI,AGL,CE,Federal Contract Tower,0,32,5,0,37,0,0,0,0,0,0,32,5,0,37,0,0,0,37
12/13/2004,CWA,WI,AGL,CE,Federal Contract Tower,0,49,8,0,57,0,0,0,0,0,0,49,8,0,57,0,0,0,57
12/14/2004,CWA,WI,AGL,CE,Federal Contract Tower,0,59,8,1,68,0,6,18,1,25,0,65,26,2,93,8,32,40,133
12/15/2004,CWA,WI,AGL,CE,Federal Contract Tower,0,57,8,0,65,0,2,23,0,25,0,59,31,0,90,14,0,14,104
12/16/2004,CWA,WI,AGL,CE,Federal Contract Tower,0,59,5,0,64,0,1,3,0,4,0,60,8,0,68,0,0,0,68
12/17/2004,CWA,WI,AGL,CE,Federal Contract Tower,0,54,10,0,64,0,3,7,14,24,0,57,17,14,88,24,0,24,112
12/18/2004,CWA,WI,AGL,CE,Federal Contract Tower,0,36,0,0,36,0,0,1,0,1,0,36,1,0,37,2,0,2,39
12/19/2004,CWA,WI,AGL,CE,Federal Contract Tower,0,32,0,0,32,0,0,12,0,12,0,32,12,0,44,14,0,14,58
12/20/2004,CWA,WI,AGL,CE,Federal Contract Tower,0,41,8,0,49,0,0,0,0,0,0,41,8,0,49,2,0,2,51
12/21/2004,CWA,WI,AGL,CE,Federal Contract Tower,0,55,4,0,59,0,0,0,0,0,0,55,4,0,59,0,0,0,59
12/22/2004,CWA,WI,AGL,CE,Federal Contract Tower,0,60,7,0,67,0,2,5,0,7,0,62,12,0,74,0,0,0,74
12/23/2004,CWA,WI,AGL,CE,Federal Contract Tower,0,50,3,0,53,0,3,6,0,9,0,53,9,0,62,0,0,0,62
12/24/2004,CWA,WI,AGL,CE,Federal Contract Tower,0,39,3,0,42,0,2,1,0,3,0,41,4,0,45,0,0,0,45
12/25/2004,CWA,WI,AGL,CE,Federal Contract Tower,0,20,1,0,21,0,0,0,0,0,0,20,1,0,21,0,0,0,21
12/26/2004,CWA,WI,AGL,CE,Federal Contract Tower,0,32,3,0,35,0,0,12,0,12,0,32,15,0,47,6,0,6,53
12/27/2004,CWA,WI,AGL,CE,Federal Contract Tower,0,52,8,0,60,0,0,1,0,1,0,52,9,0,61,2,0,2,63
12/28/2004,CWA,WI,AGL,CE,Federal Contract Tower,0,56,10,0,66,0,0,11,0,11,0,56,21,0,77,12,0,12,89
12/29/2004,CWA,WI,AGL,CE,Federal Contract Tower,0,53,6,0,59,0,0,0,0,0,0,53,6,0,59,0,0,0,59
12/30/2004,CWA,WI,AGL,CE,Federal Contract Tower,0,39,0,0,39,0,0,0,0,0,0,39,0,0,39,0,0,0,39
12/31/2004,CWA,WI,AGL,CE,Federal Contract Tower,0,42,3,0,45,0,0,0,0,0,0,42,3,0,45,0,0,0,45
01/01/2005,CWA,WI,AGL,CE,Federal Contract Tower,0,20,2,0,22,0,0,3,0,3,0,20,5,0,25,8,0,8,33
01/02/2005,CWA,WI,AGL,CE,Federal Contract Tower,0,29,3,0,32,0,0,0,0,0,0,29,3,0,32,0,0,0,32
01/03/2005,CWA,WI,AGL,CE,Federal Contract Tower,0,48,4,0,52,0,0,5,0,5,0,48,9,0,57,2,0,2,59
01/04/2005,CWA,WI,AGL,CE,Federal Contract Tower,0,52,6,0,58,0,0,0,0,0,0,52,6,0,58,12,0,12,70
01/05/2005,CWA,WI,AGL,CE,Federal Contract Tower,0,50,7,0,57,0,0,3,0,3,0,50,10,0,60,6,0,6,66
01/06/2005,CWA,WI,AGL,CE,Federal Contract Tower,0,57,12,0,69,0,3,6,0,9,0,60,18,0,78,0,0,0,78
01/07/2005,CWA,WI,AGL,CE,Federal Contract Tower,2,53,11,4,70,0,0,4,0,4,2,53,15,4,74,2,0,2,76
01/08/2005,CWA,WI,AGL,CE,Federal Contract Tower,0,33,11,0,44,0,0,4,0,4,0,33,15,0,48,8,0,8,56
01/09/2005,CWA,WI,AGL,CE,Federal Contract Tower,0,35,3,2,40,0,0,0,0,0,0,35,3,2,40,0,0,0,40
01/10/2005,CWA,WI,AGL,CE,Federal Contract Tower,0,51,12,0,63,0,0,4,0,4,0,51,16,0,67,2,0,2,69
01/11/2005,CWA,WI,AGL,CE,Federal Contract Tower,0,52,10,2,64,0,0,7,0,7,0,52,17,2,71,6,6,12,83
01/12/2005,CWA,WI,AGL,CE,Federal Contract Tower,0,47,2,0,49,0,1,0,0,1,0,48,2,0,50,0,0,0,50
01/13/2005,CWA,WI,AGL,CE,Federal Contract Tower,0,53,8,0,61,0,2,6,2,10,0,55,14,2,71,0,0,0,71
01/14/2005,CWA,WI,AGL,CE,Federal Contract Tower,0,50,3,0,53,0,0,0,0,0,0,50,3,0,53,0,0,0,53
01/15/2005,CWA,WI,AGL,CE,Federal Contract Tower,0,33,2,0,35,0,1,1,0,2,0,34,3,0,37,4,0,4,41
01/16/2005,CWA,WI,AGL,CE,Federal Contract Tower,0,31,2,0,33,0,4,0,0,4,0,35,2,0,37,0,0,0,37
01/17/2005,CWA,WI,AGL,CE,Federal Contract Tower,0,42,13,0,55,0,0,2,0,2,0,42,15,0,57,2,0,2,59
01/18/2005,CWA,WI,AGL,CE,Federal Contract Tower,0,38,11,0,49,0,1,7,0,8,0,39,18,0,57,0,0,0,57
01/19/2005,CWA,WI,AGL,CE,Federal Contract Tower,0,57,6,0,63,0,0,7,0,7,0,57,13,0,70,0,0,0,70
01/20/2005,CWA,WI,AGL,CE,Federal Contract Tower,0,49,14,0,63,0,0,4,0,4,0,49,18,0,67,0,0,0,67
01/21/2005,CWA,WI,AGL,CE,Federal Contract Tower,0,45,6,0,51,0,0,3,0,3,0,45,9,0,54,0,0,0,54
01/22/2005,CWA,WI,AGL,CE,Federal Contract Tower,0,25,2,0,27,0,1,1,0,2,0,26,3,0,29,0,0,0,29
01/23/2005,CWA,WI,AGL,CE,Federal Contract Tower,0,31,1,0,32,0,0,8,0,8,0,31,9,0,40,0,0,0,40
01/24/2005,CWA,WI,AGL,CE,Federal Contract Tower,0,46,14,2,62,0,3,11,0,14,0,49,25,2,76,0,0,0,76
01/25/2005,CWA,WI,AGL,CE,Federal Contract Tower,0,52,6,0,58,0,0,4,0,4,0,52,10,0,62,6,0,6,68
01/26/2005,CWA,WI,AGL,CE,Federal Contract Tower,0,55,12,0,67,0,0,6,0,6,0,55,18,0,73,0,0,0,73
01/27/2005,CWA,WI,AGL,CE,Federal Contract Tower,0,56,11,0,67,0,0,18,0,18,0,56,29,0,85,6,0,6,91
01/28/2005,CWA,WI,AGL,CE,Federal Contract Tower,2,54,9,0,65,0,0,17,0,17,2,54,26,0,82,31,0,31,113
01/29/2005,CWA,WI,AGL,CE,Federal Contract Tower,0,38,1,0,39,0,0,18,0,18,0,38,19,0,57,24,0,24,81
01/30/2005,CWA,WI,AGL,CE,Federal Contract Tower,0,36,1,0,37,0,0,5,0,5,0,36,6,0,42,8,0,8,50
01/31/2005,CWA,WI,AGL,CE,Federal Contract Tower,0,42,13,0,55,0,0,0,0,0,0,42,13,0,55,0,0,0,55
02/01/2005,CWA,WI,AGL,CE,Federal Contract Tower,0,54,2,0,56,0,0,3,0,3,0,54,5,0,59,0,0,0,59
02/02/2005,CWA,WI,AGL,CE,Federal Contract Tower,0,54,8,0,62,0,0,2,0,2,0,54,10,0,64,0,0,0,64
02/03/2005,CWA,WI,AGL,CE,Federal Contract Tower,0,51,9,0,60,0,2,8,0,10,0,53,17,0,70,6,0,6,76
02/04/2005,CWA,WI,AGL,CE,Federal Contract Tower,0,59,13,2,74,0,0,9,0,9,0,59,22,2,83,10,0,10,93
02/05/2005,CWA,WI,AGL,CE,Federal Contract Tower,0,29,0,0,29,0,0,32,0,32,0,29,32,0,61,40,0,40,101
02/06/2005,CWA,WI,AGL,CE,Federal Contract Tower,0,35,3,0,38,0,2,0,2,4,0,37,3,2,42,0,0,0,42
02/07/2005,CWA,WI,AGL,CE,Federal Contract Tower,0,46,11,12,69,0,0,0,0,0,0,46,11,12,69,0,16,16,85
02/08/2005,CWA,WI,AGL,CE,Federal Contract Tower,1,52,4,0,57,0,3,6,0,9,1,55,10,0,66,0,0,0,66
02/09/2005,CWA,WI,AGL,CE,Federal Contract Tower,0,48,3,0,51,0,0,0,0,0,0,48,3,0,51,2,0,2,53
02/10/2005,CWA,WI,AGL,CE,Federal Contract Tower,4,55,5,0,64,0,3,22,0,25,4,58,27,0,89,34,0,34,123
02/11/2005,CWA,WI,AGL,CE,Federal Contract Tower,0,56,5,0,61,0,2,6,0,8,0,58,11,0,69,8,0,8,77
02/12/2005,CWA,WI,AGL,CE,Federal Contract Tower,0,40,20,0,60,0,0,49,0,49,0,40,69,0,109,62,0,62,171
02/13/2005,CWA,WI,AGL,CE,Federal Contract Tower,0,31,2,0,33,0,0,2,0,2,0,31,4,0,35,6,0,6,41
02/14/2005,CWA,WI,AGL,CE,Federal Contract Tower,2,39,12,0,53,0,2,2,0,4,2,41,14,0,57,0,0,0,57
02/15/2005,CWA,WI,AGL,CE,Federal Contract Tower,0,50,18,3,71,0,4,14,0,18,0,54,32,3,89,8,16,24,113
02/16/2005,CWA,WI,AGL,CE,Federal Contract Tower,0,57,10,0,67,0,2,0,0,2,0,59,10,0,69,0,0,0,69
02/17/2005,CWA,WI,AGL,CE,Federal Contract Tower,0,53,11,8,72,0,2,2,2,6,0,55,13,10,78,4,28,32,110
02/18/2005,CWA,WI,AGL,CE,Federal Contract Tower,0,53,16,0,69,0,2,3,0,5,0,55,19,0,74,11,0,11,85
02/19/2005,CWA,WI,AGL,CE,Federal Contract Tower,0,36,1,0,37,0,0,22,0,22,0,36,23,0,59,10,0,10,69
02/20/2005,CWA,WI,AGL,CE,Federal Contract Tower,0,32,2,0,34,0,0,0,0,0,0,32,2,0,34,0,0,0,34
02/21/2005,CWA,WI,AGL,CE,Federal Contract Tower,0,44,9,0,53,0,0,0,0,0,0,44,9,0,53,0,0,0,53
02/22/2005,CWA,WI,AGL,CE,Federal Contract Tower,0,53,3,0,56,0,2,1,0,3,0,55,4,0,59,6,0,6,65
02/23/2005,CWA,WI,AGL,CE,Federal Contract Tower,0,51,13,0,64,0,1,1,0,2,0,52,14,0,66,6,0,6,72
02/24/2005,CWA,WI,AGL,CE,Federal Contract Tower,0,47,10,2,59,0,5,0,6,11,0,52,10,8,70,0,0,0,70
02/25/2005,CWA,WI,AGL,CE,Federal Contract Tower,0,56,8,0,64,0,1,4,0,5,0,57,12,0,69,6,0,6,75
02/26/2005,CWA,WI,AGL,CE,Federal Contract Tower,0,34,7,0,41,0,2,25,0,27,0,36,32,0,68,24,0,24,92
02/27/2005,CWA,WI,AGL,CE,Federal Contract Tower,4,32,0,0,36,0,1,4,0,5,4,33,4,0,41,0,0,0,41
02/28/2005,CWA,WI,AGL,CE,Federal Contract Tower,0,42,14,0,56,0,0,0,0,0,0,42,14,0,56,0,0,0,56
03/01/2005,CWA,WI,AGL,CE,Federal Contract Tower,0,49,11,0,60,0,0,12,0,12,0,49,23,0,72,16,0,16,88
03/02/2005,CWA,WI,AGL,CE,Federal Contract Tower,2,47,9,0,58,0,0,5,0,5,2,47,14,0,63,10,0,10,73
03/03/2005,CWA,WI,AGL,CE,Federal Contract Tower,0,51,6,2,59,0,0,11,0,11,0,51,17,2,70,12,2,14,84
03/04/2005,CWA,WI,AGL,CE,Federal Contract Tower,2,49,9,2,62,0,2,5,0,7,2,51,14,2,69,0,0,0,69
03/05/2005,CWA,WI,AGL,CE,Federal Contract Tower,0,33,2,0,35,0,0,15,0,15,0,33,17,0,50,8,0,8,58
03/06/2005,CWA,WI,AGL,CE,Federal Contract Tower,0,35,4,2,41,0,1,20,0,21,0,36,24,2,62,18,0,18,80
03/07/2005,CWA,WI,AGL,CE,Federal Contract Tower,0,39,5,1,45,0,0,3,0,3,0,39,8,1,48,0,22,22,70
03/08/2005,CWA,WI,AGL,CE,Federal Contract Tower,0,44,11,0,55,0,4,16,0,20,0,48,27,0,75,2,0,2,77
03/09/2005,CWA,WI,AGL,CE,Federal Contract Tower,0,48,16,0,64,0,1,15,0,16,0,49,31,0,80,4,0,4,84
03/10/2005,CWA,WI,AGL,CE,Federal Contract Tower,0,49,9,0,58,0,0,0,0,0,0,49,9,0,58,0,0,0,58
03/11/2005,CWA,WI,AGL,CE,Federal Contract Tower,0,46,4,0,50,0,1,0,0,1,0,47,4,0,51,0,0,0,51
03/12/2005,CWA,WI,AGL,CE,Federal Contract Tower,0,33,2,0,35,0,0,1,0,1,0,33,3,0,36,12,0,12,48
03/13/2005,CWA,WI,AGL,CE,Federal Contract Tower,0,34,0,0,34,0,0,21,10,31,0,34,21,10,65,10,0,10,75
03/14/2005,CWA,WI,AGL,CE,Federal Contract Tower,0,43,11,0,54,0,0,12,0,12,0,43,23,0,66,20,0,20,86
03/15/2005,CWA,WI,AGL,CE,Federal Contract Tower,0,48,6,0,54,0,0,6,0,6,0,48,12,0,60,4,0,4,64
03/16/2005,CWA,WI,AGL,CE,Federal Contract Tower,0,55,6,0,61,0,1,5,0,6,0,56,11,0,67,0,0,0,67
03/17/2005,CWA,WI,AGL,CE,Federal Contract Tower,0,51,9,0,60,0,2,8,0,10,0,53,17,0,70,8,0,8,78
03/18/2005,CWA,WI,AGL,CE,Federal Contract Tower,0,41,9,0,50,0,2,0,0,2,0,43,9,0,52,0,0,0,52
03/19/2005,CWA,WI,AGL,CE,Federal Contract Tower,0,31,0,0,31,0,0,0,0,0,0,31,0,0,31,0,0,0,31
03/20/2005,CWA,WI,AGL,CE,Federal Contract Tower,2,33,1,0,36,0,0,4,0,4,2,33,5,0,40,4,0,4,44
03/21/2005,CWA,WI,AGL,CE,Federal Contract Tower,0,44,8,0,52,0,0,10,0,10,0,44,18,0,62,8,0,8,70
03/22/2005,CWA,WI,AGL,CE,Federal Contract Tower,0,50,5,0,55,0,0,38,0,38,0,50,43,0,93,4,0,4,97
03/23/2005,CWA,WI,AGL,CE,Federal Contract Tower,0,45,8,6,59,0,3,20,0,23,0,48,28,6,82,4,0,4,86
03/24/2005,CWA,WI,AGL,CE,Federal Contract Tower,0,51,16,0,67,0,0,7,0,7,0,51,23,0,74,0,0,0,74
03/25/2005,CWA,WI,AGL,CE,Federal Contract Tower,0,50,7,0,57,0,0,13,0,13,0,50,20,0,70,20,0,20,90
03/26/2005,CWA,WI,AGL,CE,Federal Contract Tower,0,33,3,0,36,0,0,32,0,32,0,33,35,0,68,6,6,12,80
03/27/2005,CWA,WI,AGL,CE,Federal Contract Tower,0,33,4,0,37,0,0,17,0,17,0,33,21,0,54,14,0,14,68
03/28/2005,CWA,WI,AGL,CE,Federal Contract Tower,2,42,13,0,57,0,0,10,0,10,2,42,23,0,67,2,0,2,69
03/29/2005,CWA,WI,AGL,CE,Federal Contract Tower,0,51,12,0,63,0,1,11,4,16,0,52,23,4,79,10,0,10,89
03/30/2005,CWA,WI,AGL,CE,Federal Contract Tower,2,52,7,0,61,0,1,9,0,10,2,53,16,0,71,14,0,14,85
03/31/2005,CWA,WI,AGL,CE,Federal Contract Tower,2,56,5,0,63,0,1,5,0,6,2,57,10,0,69,0,0,0,69
04/01/2005,CWA,WI,AGL,CE,Federal Contract Tower,0,46,5,0,51,0,1,12,0,13,0,47,17,0,64,38,0,38,102
04/02/2005,CWA,WI,AGL,CE,Federal Contract Tower,0,37,0,0,37,0,0,36,0,36,0,37,36,0,73,30,0,30,103
04/03/2005,CWA,WI,AGL,CE,Federal Contract Tower,0,34,5,0,39,0,4,29,0,33,0,38,34,0,72,6,0,6,78
04/04/2005,CWA,WI,AGL,CE,Federal Contract Tower,0,40,8,0,48,0,0,6,0,6,0,40,14,0,54,16,0,16,70
04/05/2005,CWA,WI,AGL,CE,Federal Contract Tower,0,49,13,0,62,0,0,0,0,0,0,49,13,0,62,0,0,0,62
04/06/2005,CWA,WI,AGL,CE,Federal Contract Tower,0,49,5,0,54,0,0,0,0,0,0,49,5,0,54,4,0,4,58
04/07/2005,CWA,WI,AGL,CE,Federal Contract Tower,0,48,9,0,57,0,0,14,0,14,0,48,23,0,71,40,0,40,111
04/08/2005,CWA,WI,AGL,CE,Federal Contract Tower,0,47,13,0,60,0,2,11,2,15,0,49,24,2,75,10,0,10,85
04/09/2005,CWA,WI,AGL,CE,Federal Contract Tower,0,34,0,0,34,0,0,16,0,16,0,34,16,0,50,10,0,10,60
04/10/2005,CWA,WI,AGL,CE,Federal Contract Tower,0,33,2,2,37,0,0,12,0,12,0,33,14,2,49,2,0,2,51
04/11/2005,CWA,WI,AGL,CE,Federal Contract Tower,0,43,10,0,53,0,0,2,0,2,0,43,12,0,55,0,0,0,55
04/12/2005,CWA,WI,AGL,CE,Federal Contract Tower,0,49,9,0,58,0,1,0,0,1,0,50,9,0,59,0,0,0,59
04/13/2005,CWA,WI,AGL,CE,Federal Contract Tower,0,51,4,0,55,0,1,23,0,24,0,52,27,0,79,10,0,10,89
04/14/2005,CWA,WI,AGL,CE,Federal Contract Tower,0,48,8,0,56,0,2,15,0,17,0,50,23,0,73,4,0,4,77
04/15/2005,CWA,WI,AGL,CE,Federal Contract Tower,0,49,4,0,53,0,3,8,0,11,0,52,12,0,64,6,0,6,70
04/16/2005,CWA,WI,AGL,CE,Federal Contract Tower,2,34,0,0,36,0,2,8,0,10,2,36,8,0,46,2,0,2,48
04/17/2005,CWA,WI,AGL,CE,Federal Contract Tower,2,33,2,0,37,0,0,15,0,15,2,33,17,0,52,2,0,2,54
04/18/2005,CWA,WI,AGL,CE,Federal Contract Tower,0,45,11,0,56,0,0,3,0,3,0,45,14,0,59,0,0,0,59
04/19/2005,CWA,WI,AGL,CE,Federal Contract Tower,2,50,10,0,62,0,0,4,0,4,2,50,14,0,66,2,0,2,68
04/20/2005,CWA,WI,AGL,CE,Federal Contract Tower,0,52,18,0,70,0,2,16,4,22,0,54,34,4,92,20,0,20,112
04/21/2005,CWA,WI,AGL,CE,Federal Contract Tower,0,48,12,0,60,0,6,13,0,19,0,54,25,0,79,6,0,6,85
04/22/2005,CWA,WI,AGL,CE,Federal Contract Tower,0,49,9,4,62,0,1,7,0,8,0,50,16,4,70,0,4,4,74
04/23/2005,CWA,WI,AGL,CE,Federal Contract Tower,0,37,4,0,41,0,0,2,0,2,0,37,6,0,43,4,0,4,47
04/24/2005,CWA,WI,AGL,CE,Federal Contract Tower,0,33,4,0,37,0,0,7,0,7,0,33,11,0,44,0,0,0,44
04/25/2005,CWA,WI,AGL,CE,Federal Contract Tower,0,42,9,0,51,0,0,8,0,8,0,42,17,0,59,18,0,18,77
04/26/2005,CWA,WI,AGL,CE,Federal Contract Tower,0,52,7,0,59,0,0,3,0,3,0,52,10,0,62,0,0,0,62
04/27/2005,CWA,WI,AGL,CE,Federal Contract Tower,0,48,2,0,50,0,2,12,0,14,0,50,14,0,64,0,0,0,64
04/28/2005,CWA,WI,AGL,CE,Federal Contract Tower,0,47,5,2,54,0,4,10,0,14,0,51,15,2,68,12,0,12,80
04/29/2005,CWA,WI,AGL,CE,Federal Contract Tower,0,47,12,2,61,0,3,20,0,23,0,50,32,2,84,24,0,24,108
04/30/2005,CWA,WI,AGL,CE,Federal Contract Tower,0,34,1,0,35,0,1,10,0,11,0,35,11,0,46,25,0,25,71
05/01/2005,CWA,WI,AGL,CE,Federal Contract Tower,0,34,1,2,37,0,0,1,0,1,0,34,2,2,38,2,0,2,40
05/02/2005,CWA,WI,AGL,CE,Federal Contract Tower,0,45,5,0,50,0,0,7,0,7,0,45,12,0,57,10,0,10,67
05/03/2005,CWA,WI,AGL,CE,Federal Contract Tower,0,47,6,0,53,0,0,5,0,5,0,47,11,0,58,16,0,16,74
05/04/2005,CWA,WI,AGL,CE,Federal Contract Tower,0,52,9,0,61,0,4,23,0,27,0,56,32,0,88,26,0,26,114
05/05/2005,CWA,WI,AGL,CE,Federal Contract Tower,0,54,6,0,60,0,3,12,0,15,0,57,18,0,75,4,0,4,79
05/06/2005,CWA,WI,AGL,CE,Federal Contract Tower,0,56,9,0,65,0,2,13,0,15,0,58,22,0,80,16,0,16,96
05/07/2005,CWA,WI,AGL,CE,Federal Contract Tower,0,39,2,0,41,0,0,18,0,18,0,39,20,0,59,22,0,22,81
05/08/2005,CWA,WI,AGL,CE,Federal Contract Tower,0,38,1,0,39,0,0,6,0,6,0,38,7,0,45,10,0,10,55
05/09/2005,CWA,WI,AGL,CE,Federal Contract Tower,2,42,13,0,57,0,0,7,0,7,2,42,20,0,64,0,0,0,64
05/10/2005,CWA,WI,AGL,CE,Federal Contract Tower,0,52,5,0,57,0,0,12,0,12,0,52,17,0,69,6,0,6,75
05/11/2005,CWA,WI,AGL,CE,Federal Contract Tower,0,46,6,0,52,0,2,6,0,8,0,48,12,0,60,4,0,4,64
05/12/2005,CWA,WI,AGL,CE,Federal Contract Tower,2,45,3,0,50,0,6,5,0,11,2,51,8,0,61,0,0,0,61
05/13/2005,CWA,WI,AGL,CE,Federal Contract Tower,0,52,7,0,59,0,0,0,0,0,0,52,7,0,59,0,0,0,59
05/14/2005,CWA,WI,AGL,CE,Federal Contract Tower,0,31,4,0,35,0,0,2,0,2,0,31,6,0,37,6,0,6,43
05/15/2005,CWA,WI,AGL,CE,Federal Contract Tower,0,32,5,0,37,0,0,25,0,25,0,32,30,0,62,4,0,4,66
05/16/2005,CWA,WI,AGL,CE,Federal Contract Tower,0,45,9,2,56,0,0,14,0,14,0,45,23,2,70,10,0,10,80
05/17/2005,CWA,WI,AGL,CE,Federal Contract Tower,0,46,7,0,53,0,2,21,0,23,0,48,28,0,76,22,0,22,98
05/18/2005,CWA,WI,AGL,CE,Federal Contract Tower,0,46,6,3,55,0,0,8,0,8,0,46,14,3,63,8,18,26,89
05/19/2005,CWA,WI,AGL,CE,Federal Contract Tower,0,52,17,0,69,0,0,0,0,0,0,52,17,0,69,0,0,0,69
05/20/2005,CWA,WI,AGL,CE,Federal Contract Tower,0,49,5,0,54,0,0,57,0,57,0,49,62,0,111,64,0,64,175
05/21/2005,CWA,WI,AGL,CE,Federal Contract Tower,0,28,7,0,35,0,7,20,0,27,0,35,27,0,62,12,0,12,74
05/22/2005,CWA,WI,AGL,CE,Federal Contract Tower,0,36,1,0,37,0,14,10,0,24,0,50,11,0,61,20,0,20,81
05/23/2005,CWA,WI,AGL,CE,Federal Contract Tower,0,40,11,0,51,0,0,5,0,5,0,40,16,0,56,5,0,5,61
05/24/2005,CWA,WI,AGL,CE,Federal Contract Tower,0,47,7,0,54,0,0,21,0,21,0,47,28,0,75,20,0,20,95
05/25/2005,CWA,WI,AGL,CE,Federal Contract Tower,0,43,15,0,58,0,2,27,0,29,0,45,42,0,87,32,0,32,119
05/26/2005,CWA,WI,AGL,CE,Federal Contract Tower,0,43,10,0,53,0,2,0,0,2,0,45,10,0,55,8,0,8,63
05/27/2005,CWA,WI,AGL,CE,Federal Contract Tower,0,44,7,0,51,0,0,11,0,11,0,44,18,0,62,2,0,2,64
05/28/2005,CWA,WI,AGL,CE,Federal Contract Tower,0,27,3,0,30,0,0,28,0,28,0,27,31,0,58,20,0,20,78
05/29/2005,CWA,WI,AGL,CE,Federal Contract Tower,0,24,0,0,24,0,0,34,0,34,0,24,34,0,58,34,0,34,92
05/30/2005,CWA,WI,AGL,CE,Federal Contract Tower,0,33,0,0,33,0,0,27,0,27,0,33,27,0,60,13,0,13,73
05/31/2005,CWA,WI,AGL,CE,Federal Contract Tower,0,44,5,0,49,0,2,10,0,12,0,46,15,0,61,16,0,16,77
06/01/2005,CWA,WI,AGL,CE,Federal Contract Tower,0,45,6,0,51,0,4,14,0,18,0,49,20,0,69,4,0,4,73
06/02/2005,CWA,WI,AGL,CE,Federal Contract Tower,0,44,5,1,50,0,5,60,1,66,0,49,65,2,116,14,8,22,138
06/03/2005,CWA,WI,AGL,CE,Federal Contract Tower,0,41,6,2,49,0,2,26,0,28,0,43,32,2,77,6,0,6,83
06/04/2005,CWA,WI,AGL,CE,Federal Contract Tower,0,24,3,0,27,0,0,0,0,0,0,24,3,0,27,12,0,12,39
06/05/2005,CWA,WI,AGL,CE,Federal Contract Tower,0,31,0,2,33,0,0,21,0,21,0,31,21,2,54,0,0,0,54
06/06/2005,CWA,WI,AGL,CE,Federal Contract Tower,0,44,11,0,55,0,0,7,0,7,0,44,18,0,62,0,0,0,62
06/07/2005,CWA,WI,AGL,CE,Federal Contract Tower,2,40,2,0,44,0,2,6,0,8,2,42,8,0,52,26,0,26,78
06/08/2005,CWA,WI,AGL,CE,Federal Contract Tower,0,45,7,0,52,0,0,21,0,21,0,45,28,0,73,26,0,26,99
06/09/2005,CWA,WI,AGL,CE,Federal Contract Tower,2,41,6,0,49,0,0,30,0,30,2,41,36,0,79,20,0,20,99
06/10/2005,CWA,WI,AGL,CE,Federal Contract Tower,0,40,3,0,43,0,3,12,0,15,0,43,15,0,58,4,0,4,62
06/11/2005,CWA,WI,AGL,CE,Federal Contract Tower,0,29,1,0,30,0,0,7,0,7,0,29,8,0,37,2,0,2,39
06/12/2005,CWA,WI,AGL,CE,Federal Contract Tower,0,29,6,0,35,0,0,17,2,19,0,29,23,2,54,18,0,18,72
06/13/2005,CWA,WI,AGL,CE,Federal Contract Tower,0,47,11,0,58,0,1,19,0,20,0,48,30,0,78,10,0,10,88
06/14/2005,CWA,WI,AGL,CE,Federal Contract Tower,0,42,11,0,53,0,1,7,0,8,0,43,18,0,61,0,0,0,61
06/15/2005,CWA,WI,AGL,CE,Federal Contract Tower,0,44,12,0,56,0,0,12,0,12,0,44,24,0,68,8,0,8,76
06/16/2005,CWA,WI,AGL,CE,Federal Contract Tower,0,40,9,1,50,0,0,18,7,25,0,40,27,8,75,6,0,6,81
06/17/2005,CWA,WI,AGL,CE,Federal Contract Tower,0,42,4,0,46,0,4,19,0,23,0,46,23,0,69,8,0,8,77
06/18/2005,CWA,WI,AGL,CE,Federal Contract Tower,0,26,0,0,26,0,1,41,1,43,0,27,41,1,69,19,2,21,90
06/19/2005,CWA,WI,AGL,CE,Federal Contract Tower,0,31,1,0,32,0,0,26,0,26,0,31,27,0,58,14,0,14,72
06/20/2005,CWA,WI,AGL,CE,Federal Contract Tower,0,35,8,1,44,0,0,15,1,16,0,35,23,2,60,24,16,40,100
06/21/2005,CWA,WI,AGL,CE,Federal Contract Tower,2,41,10,0,53,0,0,9,0,9,2,41,19,0,62,8,0,8,70
06/22/2005,CWA,WI,AGL,CE,Federal Contract Tower,0,42,15,2,59,0,0,42,1,43,0,42,57,3,102,58,12,70,172
06/23/2005,CWA,WI,AGL,CE,Federal Contract Tower,0,38,7,0,45,0,0,28,0,28,0,38,35,0,73,4,0,4,77
06/24/2005,CWA,WI,AGL,CE,Federal Contract Tower,2,43,1,0,46,0,0,4,0,4,2,43,5,0,50,6,0,6,56
06/25/2005,CWA,WI,AGL,CE,Federal Contract Tower,0,28,7,1,36,0,0,17,0,17,0,28,24,1,53,12,0,12,65
06/26/2005,CWA,WI,AGL,CE,Federal Contract Tower,0,32,3,0,35,0,0,21,0,21,0,32,24,0,56,24,0,24,80
06/27/2005,CWA,WI,AGL,CE,Federal Contract Tower,0,43,3,0,46,0,0,7,0,7,0,43,10,0,53,0,4,4,57
06/28/2005,CWA,WI,AGL,CE,Federal Contract Tower,0,40,5,2,47,0,1,9,0,10,0,41,14,2,57,7,10,17,74
06/29/2005,CWA,WI,AGL,CE,Federal Contract Tower,0,44,7,0,51,0,0,5,0,5,0,44,12,0,56,0,0,0,56
06/30/2005,CWA,WI,AGL,CE,Federal Contract Tower,0,42,7,0,49,0,0,20,0,20,0,42,27,0,69,0,0,0,69
07/01/2005,CWA,WI,AGL,CE,Federal Contract Tower,0,43,8,0,51,0,1,21,0,22,0,44,29,0,73,30,0,30,103
07/02/2005,CWA,WI,AGL,CE,Federal Contract Tower,0,25,4,0,29,0,1,25,0,26,0,26,29,0,55,16,0,16,71
07/03/2005,CWA,WI,AGL,CE,Federal Contract Tower,0,26,0,0,26,0,0,16,0,16,0,26,16,0,42,18,0,18,60
07/04/2005,CWA,WI,AGL,CE,Federal Contract Tower,0,30,0,0,30,0,2,10,0,12,0,32,10,0,42,2,0,2,44
07/05/2005,CWA,WI,AGL,CE,Federal Contract Tower,0,35,2,0,37,0,2,18,0,20,0,37,20,0,57,4,0,4,61
07/06/2005,CWA,WI,AGL,CE,Federal Contract Tower,0,44,3,0,47,0,0,24,0,24,0,44,27,0,71,32,0,32,103
07/07/2005,CWA,WI,AGL,CE,Federal Contract Tower,0,40,3,0,43,0,2,43,0,45,0,42,46,0,88,20,0,20,108
07/08/2005,CWA,WI,AGL,CE,Federal Contract Tower,0,44,2,0,46,0,0,36,0,36,0,44,38,0,82,32,0,32,114
07/09/2005,CWA,WI,AGL,CE,Federal Contract Tower,0,30,3,0,33,0,2,32,0,34,0,32,35,0,67,20,0,20,87
07/10/2005,CWA,WI,AGL,CE,Federal Contract Tower,0,33,2,0,35,0,0,24,0,24,0,33,26,0,59,8,0,8,67
07/11/2005,CWA,WI,AGL,CE,Federal Contract Tower,0,40,3,0,43,0,0,31,0,31,0,40,34,0,74,16,0,16,90
07/12/2005,CWA,WI,AGL,CE,Federal Contract Tower,0,49,8,6,63,0,2,24,17,43,0,51,32,23,106,12,22,34,140
07/13/2005,CWA,WI,AGL,CE,Federal Contract Tower,0,38,5,0,43,0,0,20,0,20,0,38,25,0,63,12,0,12,75
07/14/2005,CWA,WI,AGL,CE,Federal Contract Tower,0,39,11,0,50,0,1,25,0,26,0,40,36,0,76,0,0,0,76
07/15/2005,CWA,WI,AGL,CE,Federal Contract Tower,0,37,7,2,46,0,0,27,0,27,0,37,34,2,73,18,0,18,91
07/16/2005,CWA,WI,AGL,CE,Federal Contract Tower,0,31,6,0,37,0,0,27,0,27,0,31,33,0,64,8,0,8,72
07/17/2005,CWA,WI,AGL,CE,Federal Contract Tower,0,34,8,2,44,0,0,32,0,32,0,34,40,2,76,20,0,20,96
07/18/2005,CWA,WI,AGL,CE,Federal Contract Tower,2,42,6,7,57,0,2,12,5,19,2,44,18,12,76,30,26,56,132
07/19/2005,CWA,WI,AGL,CE,Federal Contract Tower,0,39,5,0,44,0,1,18,0,19,0,40,23,0,63,18,0,18,81
07/20/2005,CWA,WI,AGL,CE,Federal Contract Tower,0,37,8,0,45,0,2,4,0,6,0,39,12,0,51,2,0,2,53
07/21/2005,CWA,WI,AGL,CE,Federal Contract Tower,4,40,17,0,61,0,0,15,0,15,4,40,32,0,76,14,0,14,90
07/22/2005,CWA,WI,AGL,CE,Federal Contract Tower,0,44,7,0,51,0,2,42,0,44,0,46,49,0,95,36,0,36,131
07/23/2005,CWA,WI,AGL,CE,Federal Contract Tower,0,28,5,0,33,0,0,12,0,12,0,28,17,0,45,4,0,4,49
07/24/2005,CWA,WI,AGL,CE,Federal Contract Tower,0,31,5,0,36,0,2,26,0,28,0,33,31,0,64,24,0,24,88
07/25/2005,CWA,WI,AGL,CE,Federal Contract Tower,0,40,2,0,42,0,1,10,0,11,0,41,12,0,53,26,0,26,79
07/26/2005,CWA,WI,AGL,CE,Federal Contract Tower,0,37,0,0,37,0,1,11,0,12,0,38,11,0,49,4,0,4,53
07/27/2005,CWA,WI,AGL,CE,Federal Contract Tower,0,44,13,0,57,0,10,53,0,63,0,54,66,0,120,12,0,12,132
07/28/2005,CWA,WI,AGL,CE,Federal Contract Tower,0,39,11,0,50,0,2,27,0,29,0,41,38,0,79,6,0,6,85
07/29/2005,CWA,WI,AGL,CE,Federal Contract Tower,0,41,1,0,42,0,2,38,0,40,0,43,39,0,82,26,0,26,108
07/30/2005,CWA,WI,AGL,CE,Federal Contract Tower,0,28,4,0,32,0,1,25,0,26,0,29,29,0,58,34,0,34,92
07/31/2005,CWA,WI,AGL,CE,Federal Contract Tower,0,31,1,0,32,0,0,26,0,26,0,31,27,0,58,28,0,28,86
08/01/2005,CWA,WI,AGL,CE,Federal Contract Tower,0,42,4,0,46,0,1,16,0,17,0,43,20,0,63,4,0,4,67
08/02/2005,CWA,WI,AGL,CE,Federal Contract Tower,0,45,10,0,55,0,1,19,0,20,0,46,29,0,75,2,0,2,77
08/03/2005,CWA,WI,AGL,CE,Federal Contract Tower,0,36,9,0,45,0,4,9,0,13,0,40,18,0,58,0,0,0,58
08/04/2005,CWA,WI,AGL,CE,Federal Contract Tower,0,40,2,0,42,0,0,25,5,30,0,40,27,5,72,54,10,64,136
08/05/2005,CWA,WI,AGL,CE,Federal Contract Tower,0,40,2,0,42,0,1,26,0,27,0,41,28,0,69,38,0,38,107
08/06/2005,CWA,WI,AGL,CE,Federal Contract Tower,0,28,4,0,32,0,2,41,0,43,0,30,45,0,75,28,0,28,103
08/07/2005,CWA,WI,AGL,CE,Federal Contract Tower,0,32,2,0,34,0,0,31,0,31,0,32,33,0,65,14,0,14,79
08/08/2005,CWA,WI,AGL,CE,Federal Contract Tower,0,49,7,1,57,0,0,32,1,33,0,49,39,2,90,40,26,66,156
08/09/2005,CWA,WI,AGL,CE,Federal Contract Tower,0,31,5,0,36,0,0,14,0,14,0,31,19,0,50,8,0,8,58
08/10/2005,CWA,WI,AGL,CE,Federal Contract Tower,0,49,7,0,56,0,1,26,0,27,0,50,33,0,83,12,0,12,95
08/11/2005,CWA,WI,AGL,CE,Federal Contract Tower,2,46,8,0,56,0,2,2,0,4,2,48,10,0,60,10,0,10,70
08/12/2005,CWA,WI,AGL,CE,Federal Contract Tower,0,42,4,0,46,0,0,28,0,28,0,42,32,0,74,16,0,16,90
08/13/2005,CWA,WI,AGL,CE,Federal Contract Tower,0,28,1,0,29,0,1,18,0,19,0,29,19,0,48,16,0,16,64
08/14/2005,CWA,WI,AGL,CE,Federal Contract Tower,2,33,2,0,37,0,0,59,0,59,2,33,61,0,96,20,0,20,116
08/15/2005,CWA,WI,AGL,CE,Federal Contract Tower,0,41,12,0,53,0,0,16,0,16,0,41,28,0,69,44,0,44,113
08/16/2005,CWA,WI,AGL,CE,Federal Contract Tower,0,41,8,2,51,0,0,14,1,15,0,41,22,3,66,28,10,38,104
08/17/2005,CWA,WI,AGL,CE,Federal Contract Tower,0,40,8,0,48,0,0,16,0,16,0,40,24,0,64,8,0,8,72
08/18/2005,CWA,WI,AGL,CE,Federal Contract Tower,0,43,0,4,47,0,0,2,0,2,0,43,2,4,49,0,10,10,59
08/19/2005,CWA,WI,AGL,CE,Federal Contract Tower,0,42,8,2,52,0,0,22,0,22,0,42,30,2,74,32,0,32,106
08/20/2005,CWA,WI,AGL,CE,Federal Contract Tower,0,22,2,0,24,0,2,13,0,15,0,24,15,0,39,14,0,14,53
08/21/2005,CWA,WI,AGL,CE,Federal Contract Tower,0,28,5,2,35,0,1,41,0,42,0,29,46,2,77,54,0,54,131
08/22/2005,CWA,WI,AGL,CE,Federal Contract Tower,0,37,10,0,47,0,0,20,0,20,0,37,30,0,67,16,0,16,83
08/23/2005,CWA,WI,AGL,CE,Federal Contract Tower,0,38,5,2,45,0,0,26,0,26,0,38,31,2,71,36,0,36,107
08/24/2005,CWA,WI,AGL,CE,Federal Contract Tower,0,43,13,2,58,0,0,18,0,18,0,43,31,2,76,28,26,54,130
08/25/2005,CWA,WI,AGL,CE,Federal Contract Tower,0,45,9,2,56,0,2,20,0,22,0,47,29,2,78,4,26,30,108
08/26/2005,CWA,WI,AGL,CE,Federal Contract Tower,0,39,9,0,48,0,0,6,0,6,0,39,15,0,54,0,0,0,54
08/27/2005,CWA,WI,AGL,CE,Federal Contract Tower,0,24,7,0,31,0,1,12,0,13,0,25,19,0,44,16,0,16,60
08/28/2005,CWA,WI,AGL,CE,Federal Contract Tower,0,27,2,0,29,0,0,23,0,23,0,27,25,0,52,22,0,22,74
08/29/2005,CWA,WI,AGL,CE,Federal Contract Tower,0,39,6,2,47,0,0,15,0,15,0,39,21,2,62,48,6,54,116
08/30/2005,CWA,WI,AGL,CE,Federal Contract Tower,0,39,14,4,57,0,5,27,2,34,0,44,41,6,91,14,34,48,139
08/31/2005,CWA,WI,AGL,CE,Federal Contract Tower,0,41,16,4,61,0,2,25,0,27,0,43,41,4,88,8,34,42,130
09/01/2005,CWA,WI,AGL,CE,Federal Contract Tower,0,41,2,0,43,0,0,25,0,25,0,41,27,0,68,8,0,8,76
09/02/2005,CWA,WI,AGL,CE,Federal Contract Tower,0,38,5,0,43,0,0,17,0,17,0,38,22,0,60,18,0,18,78
09/03/2005,CWA,WI,AGL,CE,Federal Contract Tower,0,24,3,0,27,0,1,36,0,37,0,25,39,0,64,18,0,18,82
09/04/2005,CWA,WI,AGL,CE,Federal Contract Tower,0,23,0,0,23,0,0,27,0,27,0,23,27,0,50,28,0,28,78
09/05/2005,CWA,WI,AGL,CE,Federal Contract Tower,0,29,1,0,30,0,0,16,0,16,0,29,17,0,46,10,0,10,56
09/06/2005,CWA,WI,AGL,CE,Federal Contract Tower,0,37,4,0,41,0,1,32,0,33,0,38,36,0,74,16,0,16,90
09/07/2005,CWA,WI,AGL,CE,Federal Contract Tower,0,39,2,0,41,0,2,11,0,13,0,41,13,0,54,4,0,4,58
09/08/2005,CWA,WI,AGL,CE,Federal Contract Tower,0,40,6,2,48,0,0,6,0,6,0,40,12,2,54,0,0,0,54
09/09/2005,CWA,WI,AGL,CE,Federal Contract Tower,0,42,4,0,46,0,1,25,0,26,0,43,29,0,72,14,0,14,86
09/10/2005,CWA,WI,AGL,CE,Federal Contract Tower,0,26,3,0,29,0,0,25,8,33,0,26,28,8,62,6,0,6,68
09/11/2005,CWA,WI,AGL,CE,Federal Contract Tower,0,27,3,0,30,0,0,9,0,9,0,27,12,0,39,4,0,4,43
09/12/2005,CWA,WI,AGL,CE,Federal Contract Tower,0,36,8,0,44,0,0,7,0,7,0,36,15,0,51,6,0,6,57
09/13/2005,CWA,WI,AGL,CE,Federal Contract Tower,0,32,0,0,32,0,6,11,0,17,0,38,11,0,49,14,0,14,63
09/14/2005,CWA,WI,AGL,CE,Federal Contract Tower,0,44,15,0,59,0,2,32,0,34,0,46,47,0,93,32,0,32,125
09/15/2005,CWA,WI,AGL,CE,Federal Contract Tower,0,40,9,2,51,0,2,29,0,31,0,42,38,2,82,30,22,52,134
09/16/2005,CWA,WI,AGL,CE,Federal Contract Tower,0,40,8,0,48,0,0,25,0,25,0,40,33,0,73,12,0,12,85
09/17/2005,CWA,WI,AGL,CE,Federal Contract Tower,0,24,0,0,24,0,0,44,0,44,0,24,44,0,68,14,0,14,82
09/18/2005,CWA,WI,AGL,CE,Federal Contract Tower,0,29,6,0,35,0,0,29,0,29,0,29,35,0,64,12,0,12,76
09/19/2005,CWA,WI,AGL,CE,Federal Contract Tower,0,39,5,2,46,0,0,0,0,0,0,39,5,2,46,0,20,20,66
09/20/2005,CWA,WI,AGL,CE,Federal Contract Tower,0,38,0,3,41,0,0,24,4,28,0,38,24,7,69,22,22,44,113
09/21/2005,CWA,WI,AGL,CE,Federal Contract Tower,0,39,6,10,55,0,1,16,1,18,0,40,22,11,73,4,38,42,115
09/22/2005,CWA,WI,AGL,CE,Federal Contract Tower,0,41,11,2,54,0,0,8,0,8,0,41,19,2,62,8,26,34,96
09/23/2005,CWA,WI,AGL,CE,Federal Contract Tower,0,41,5,0,46,0,0,33,0,33,0,41,38,0,79,30,0,30,109
09/24/2005,CWA,WI,AGL,CE,Federal Contract Tower,0,24,2,0,26,0,0,12,0,12,0,24,14,0,38,0,14,14,52
09/25/2005,CWA,WI,AGL,CE,Federal Contract Tower,0,29,3,0,32,0,0,0,0,0,0,29,3,0,32,0,0,0,32
09/26/2005,CWA,WI,AGL,CE,Federal Contract Tower,0,38,20,0,58,0,0,13,0,13,0,38,33,0,71,4,0,4,75
09/27/2005,CWA,WI,AGL,CE,Federal Contract Tower,0,38,11,0,49,0,2,25,2,29,0,40,36,2,78,0,0,0,78
09/28/2005,CWA,WI,AGL,CE,Federal Contract Tower,2,43,8,0,53,0,0,4,0,4,2,43,12,0,57,2,0,2,59
09/29/2005,CWA,WI,AGL,CE,Federal Contract Tower,0,42,8,4,54,0,1,27,0,28,0,43,35,4,82,26,0,26,108
09/30/2005,CWA,WI,AGL,CE,Federal Contract Tower,0,39,9,2,50,0,0,25,0,25,0,39,34,2,75,26,0,26,101
10/01/2005,CWA,WI,AGL,CE,Federal Contract Tower,0,26,1,0,27,0,1,23,0,24,0,27,24,0,51,12,0,12,63
10/02/2005,CWA,WI,AGL,CE,Federal Contract Tower,0,28,6,2,36,0,0,13,0,13,0,28,19,2,49,22,0,22,71
10/03/2005,CWA,WI,AGL,CE,Federal Contract Tower,0,36,9,6,51,0,0,9,2,11,0,36,18,8,62,2,10,12,74
10/04/2005,CWA,WI,AGL,CE,Federal Contract Tower,0,40,6,0,46,0,2,5,0,7,0,42,11,0,53,0,0,0,53
10/05/2005,CWA,WI,AGL,CE,Federal Contract Tower,0,41,9,0,50,0,2,6,0,8,0,43,15,0,58,0,0,0,58
10/06/2005,CWA,WI,AGL,CE,Federal Contract Tower,0,38,4,0,42,0,4,17,0,21,0,42,21,0,63,2,0,2,65
10/07/2005,CWA,WI,AGL,CE,Federal Contract Tower,0,39,10,0,49,0,3,16,0,19,0,42,26,0,68,8,0,8,76
10/08/2005,CWA,WI,AGL,CE,Federal Contract Tower,0,26,2,0,28,0,0,34,0,34,0,26,36,0,62,18,0,18,80
10/09/2005,CWA,WI,AGL,CE,Federal Contract Tower,0,28,5,0,33,0,0,46,0,46,0,28,51,0,79,22,0,22,101
10/10/2005,CWA,WI,AGL,CE,Federal Contract Tower,0,44,9,0,53,0,1,5,0,6,0,45,14,0,59,16,0,16,75
10/11/2005,CWA,WI,AGL,CE,Federal Contract Tower,0,41,10,0,51,0,0,3,2,5,0,41,13,2,56,0,6,6,62
10/12/2005,CWA,WI,AGL,CE,Federal Contract Tower,0,47,8,0,55,0,0,0,0,0,0,47,8,0,55,0,0,0,55
10/13/2005,CWA,WI,AGL,CE,Federal Contract Tower,0,40,8,0,48,0,0,0,0,0,0,40,8,0,48,0,0,0,48
10/14/2005,CWA,WI,AGL,CE,Federal Contract Tower,0,43,7,0,50,0,0,31,0,31,0,43,38,0,81,20,0,20,101
10/15/2005,CWA,WI,AGL,CE,Federal Contract Tower,0,28,2,0,30,0,1,33,0,34,0,29,35,0,64,12,0,12,76
10/16/2005,CWA,WI,AGL,CE,Federal Contract Tower,0,27,10,0,37,0,0,44,0,44,0,27,54,0,81,32,0,32,113
10/17/2005,CWA,WI,AGL,CE,Federal Contract Tower,0,40,11,0,51,0,1,12,0,13,0,41,23,0,64,0,8,8,72
10/18/2005,CWA,WI,AGL,CE,Federal Contract Tower,0,39,13,0,52,0,1,31,0,32,0,40,44,0,84,24,0,24,108
10/19/2005,CWA,WI,AGL,CE,Federal Contract Tower,0,38,11,10,59,0,0,20,2,22,0,38,31,12,81,20,18,38,119
10/20/2005,CWA,WI,AGL,CE,Federal Contract Tower,0,38,8,0,46,0,2,29,0,31,0,40,37,0,77,6,0,6,83
10/21/2005,CWA,WI,AGL,CE,Federal Contract Tower,0,40,12,0,52,0,0,11,0,11,0,40,23,0,63,2,0,2,65
10/22/2005,CWA,WI,AGL,CE,Federal Contract Tower,0,30,1,0,31,0,0,0,0,0,0,30,1,0,31,0,0,0,31
10/23/2005,CWA,WI,AGL,CE,Federal Contract Tower,0,30,3,0,33,0,0,8,0,8,0,30,11,0,41,22,0,22,63
10/24/2005,CWA,WI,AGL,CE,Federal Contract Tower,0,40,8,2,50,0,0,5,0,5,0,40,13,2,55,0,6,6,61
10/25/2005,CWA,WI,AGL,CE,Federal Contract Tower,0,38,12,0,50,0,2,22,0,24,0,40,34,0,74,12,52,64,138
10/26/2005,CWA,WI,AGL,CE,Federal Contract Tower,2,36,14,9,61,0,4,9,1,14,2,40,23,10,75,4,34,38,113
10/27/2005,CWA,WI,AGL,CE,Federal Contract Tower,0,40,7,6,53,0,5,33,0,38,0,45,40,6,91,24,14,38,129
10/28/2005,CWA,WI,AGL,CE,Federal Contract Tower,0,40,5,0,45,0,0,22,0,22,0,40,27,0,67,10,0,10,77
10/29/2005,CWA,WI,AGL,CE,Federal Contract Tower,0,27,3,0,30,0,3,19,0,22,0,30,22,0,52,10,0,10,62
10/30/2005,CWA,WI,AGL,CE,Federal Contract Tower,2,29,1,0,32,0,0,9,0,9,2,29,10,0,41,0,0,0,41
10/31/2005,CWA,WI,AGL,CE,Federal Contract Tower,0,36,3,20,59,0,0,2,0,2,0,36,5,20,61,0,4,4,65
11/01/2005,CWA,WI,AGL,CE,Federal Contract Tower,0,40,2,0,42,0,0,10,0,10,0,40,12,0,52,0,0,0,52
11/02/2005,CWA,WI,AGL,CE,Federal Contract Tower,0,39,11,0,50,0,0,22,0,22,0,39,33,0,72,16,0,16,88
11/03/2005,CWA,WI,AGL,CE,Federal Contract Tower,0,39,0,0,39,0,0,19,0,19,0,39,19,0,58,18,0,18,76
11/04/2005,CWA,WI,AGL,CE,Federal Contract Tower,0,42,14,2,58,0,0,6,0,6,0,42,20,2,64,16,0,16,80
11/05/2005,CWA,WI,AGL,CE,Federal Contract Tower,0,28,8,0,36,0,0,9,0,9,0,28,17,0,45,12,0,12,57
11/06/2005,CWA,WI,AGL,CE,Federal Contract Tower,0,27,8,2,37,0,0,8,0,8,0,27,16,2,45,0,0,0,45
11/07/2005,CWA,WI,AGL,CE,Federal Contract Tower,2,38,2,6,48,0,0,7,7,14,2,38,9,13,62,22,24,46,108
11/08/2005,CWA,WI,AGL,CE,Federal Contract Tower,0,39,12,0,51,0,1,22,2,25,0,40,34,2,76,18,2,20,96
11/09/2005,CWA,WI,AGL,CE,Federal Contract Tower,0,41,14,0,55,0,0,2,0,2,0,41,16,0,57,0,0,0,57
11/10/2005,CWA,WI,AGL,CE,Federal Contract Tower,0,40,5,0,45,0,1,19,0,20,0,41,24,0,65,20,0,20,85
11/11/2005,CWA,WI,AGL,CE,Federal Contract Tower,2,38,7,2,49,0,0,36,0,36,2,38,43,2,85,18,6,24,109
11/12/2005,CWA,WI,AGL,CE,Federal Contract Tower,0,28,4,0,32,0,0,14,0,14,0,28,18,0,46,26,0,26,72
11/13/2005,CWA,WI,AGL,CE,Federal Contract Tower,0,28,1,0,29,0,0,0,0,0,0,28,1,0,29,0,0,0,29
11/14/2005,CWA,WI,AGL,CE,Federal Contract Tower,0,44,6,8,58,0,0,13,0,13,0,44,19,8,71,4,48,52,123
11/15/2005,CWA,WI,AGL,CE,Federal Contract Tower,2,38,7,0,47,0,0,1,0,1,2,38,8,0,48,0,0,0,48
11/16/2005,CWA,WI,AGL,CE,Federal Contract Tower,0,44,12,7,63,0,0,2,1,3,0,44,14,8,66,0,20,20,86
11/17/2005,CWA,WI,AGL,CE,Federal Contract Tower,0,47,7,9,63,0,0,4,1,5,0,47,11,10,68,0,26,26,94
11/18/2005,CWA,WI,AGL,CE,Federal Contract Tower,2,43,5,0,50,0,0,8,0,8,2,43,13,0,58,0,0,0,58
11/19/2005,CWA,WI,AGL,CE,Federal Contract Tower,0,29,2,0,31,0,1,5,0,6,0,30,7,0,37,6,0,6,43
11/20/2005,CWA,WI,AGL,CE,Federal Contract Tower,0,28,0,0,28,0,0,10,0,10,0,28,10,0,38,10,0,10,48
11/21/2005,CWA,WI,AGL,CE,Federal Contract Tower,0,38,4,2,44,0,3,4,0,7,0,41,8,2,51,4,14,18,69
11/22/2005,CWA,WI,AGL,CE,Federal Contract Tower,0,39,9,2,50,0,0,4,0,4,0,39,13,2,54,8,30,38,92
11/23/2005,CWA,WI,AGL,CE,Federal Contract Tower,0,41,2,6,49,0,0,2,0,2,0,41,4,6,51,0,0,0,51
11/24/2005,CWA,WI,AGL,CE,Federal Contract Tower,0,19,0,0,19,0,0,1,0,1,0,19,1,0,20,0,0,0,20
11/25/2005,CWA,WI,AGL,CE,Federal Contract Tower,0,26,6,0,32,0,2,5,0,7,0,28,11,0,39,14,0,14,53
11/26/2005,CWA,WI,AGL,CE,Federal Contract Tower,0,31,1,0,32,0,1,9,0,10,0,32,10,0,42,14,0,14,56
11/27/2005,CWA,WI,AGL,CE,Federal Contract Tower,0,29,2,0,31,0,0,0,0,0,0,29,2,0,31,0,0,0,31
11/28/2005,CWA,WI,AGL,CE,Federal Contract Tower,0,37,12,2,51,0,0,3,0,3,0,37,15,2,54,0,2,2,56
11/29/2005,CWA,WI,AGL,CE,Federal Contract Tower,0,37,13,6,56,0,0,0,0,0,0,37,13,6,56,0,0,0,56
11/30/2005,CWA,WI,AGL,CE,Federal Contract Tower,0,42,5,0,47,0,0,17,0,17,0,42,22,0,64,34,0,34,98
12/01/2005,CWA,WI,AGL,CE,Federal Contract Tower,0,40,6,0,46,0,0,0,0,0,0,40,6,0,46,0,0,0,46
12/02/2005,CWA,WI,AGL,CE,Federal Contract Tower,0,43,7,8,58,0,2,36,0,38,0,45,43,8,96,0,16,16,112
12/03/2005,CWA,WI,AGL,CE,Federal Contract Tower,0,27,1,0,28,0,1,18,0,19,0,28,19,0,47,10,0,10,57
12/04/2005,CWA,WI,AGL,CE,Federal Contract Tower,0,29,5,2,36,0,0,19,0,19,0,29,24,2,55,14,0,14,69
12/05/2005,CWA,WI,AGL,CE,Federal Contract Tower,0,39,9,0,48,0,0,4,0,4,0,39,13,0,52,0,0,0,52
12/06/2005,CWA,WI,AGL,CE,Federal Contract Tower,0,49,3,4,56,0,1,1,0,2,0,50,4,4,58,0,8,8,66
12/07/2005,CWA,WI,AGL,CE,Federal Contract Tower,0,44,7,0,51,0,0,10,0,10,0,44,17,0,61,2,0,2,63
12/08/2005,CWA,WI,AGL,CE,Federal Contract Tower,0,43,3,4,50,0,0,4,3,7,0,43,7,7,57,2,4,6,63
12/09/2005,CWA,WI,AGL,CE,Federal Contract Tower,0,43,10,6,59,0,0,15,0,15,0,43,25,6,74,0,10,10,84
12/10/2005,CWA,WI,AGL,CE,Federal Contract Tower,0,23,4,0,27,0,0,0,0,0,0,23,4,0,27,0,0,0,27
12/11/2005,CWA,WI,AGL,CE,Federal Contract Tower,0,25,16,0,41,0,0,2,0,2,0,25,18,0,43,10,0,10,53
12/12/2005,CWA,WI,AGL,CE,Federal Contract Tower,0,42,17,1,60,0,0,0,1,1,0,42,17,2,61,0,10,10,71
12/13/2005,CWA,WI,AGL,CE,Federal Contract Tower,0,47,7,6,60,0,0,7,0,7,0,47,14,6,67,0,0,0,67
12/14/2005,CWA,WI,AGL,CE,Federal Contract Tower,0,37,6,0,43,0,0,0,0,0,0,37,6,0,43,0,0,0,43
12/15/2005,CWA,WI,AGL,CE,Federal Contract Tower,0,45,10,0,55,0,0,0,0,0,0,45,10,0,55,0,0,0,55
12/16/2005,CWA,WI,AGL,CE,Federal Contract Tower,0,44,17,4,65,0,0,0,0,0,0,44,17,4,65,0,4,4,69
12/17/2005,CWA,WI,AGL,CE,Federal Contract Tower,0,27,1,0,28,0,1,12,0,13,0,28,13,0,41,14,0,14,55
12/18/2005,CWA,WI,AGL,CE,Federal Contract Tower,0,28,3,0,31,0,0,17,0,17,0,28,20,0,48,8,0,8,56
12/19/2005,CWA,WI,AGL,CE,Federal Contract Tower,0,46,8,0,54,0,0,5,0,5,0,46,13,0,59,0,0,0,59
12/20/2005,CWA,WI,AGL,CE,Federal Contract Tower,0,48,12,0,60,0,8,3,0,11,0,56,15,0,71,2,0,2,73
12/21/2005,CWA,WI,AGL,CE,Federal Contract Tower,0,51,9,2,62,0,0,3,0,3,0,51,12,2,65,0,4,4,69
12/22/2005,CWA,WI,AGL,CE,Federal Contract Tower,0,48,11,0,59,0,0,7,0,7,0,48,18,0,66,0,0,0,66
12/23/2005,CWA,WI,AGL,CE,Federal Contract Tower,0,56,5,0,61,0,0,0,0,0,0,56,5,0,61,0,0,0,61
12/24/2005,CWA,WI,AGL,CE,Federal Contract Tower,0,29,2,0,31,0,0,0,0,0,0,29,2,0,31,0,0,0,31
12/25/2005,CWA,WI,AGL,CE,Federal Contract Tower,0,17,1,0,18,0,0,0,0,0,0,17,1,0,18,0,0,0,18
12/26/2005,CWA,WI,AGL,CE,Federal Contract Tower,0,32,2,0,34,0,0,3,0,3,0,32,5,0,37,6,0,6,43
12/27/2005,CWA,WI,AGL,CE,Federal Contract Tower,0,39,0,0,39,0,0,0,0,0,0,39,0,0,39,0,0,0,39
12/28/2005,CWA,WI,AGL,CE,Federal Contract Tower,0,49,6,8,63,0,0,2,0,2,0,49,8,8,65,4,0,4,69
12/29/2005,CWA,WI,AGL,CE,Federal Contract Tower,0,38,8,0,46,0,2,7,0,9,0,40,15,0,55,8,6,14,69
12/30/2005,CWA,WI,AGL,CE,Federal Contract Tower,0,38,0,0,38,0,0,0,0,0,0,38,0,0,38,0,0,0,38
12/31/2005,CWA,WI,AGL,CE,Federal Contract Tower,0,22,3,0,25,0,2,0,0,2,0,24,3,0,27,0,0,0,27
01/01/2006,CWA,WI,AGL,CE,Federal Contract Tower,0,26,1,0,27,0,0,5,0,5,0,26,6,0,32,0,0,0,32
01/02/2006,CWA,WI,AGL,CE,Federal Contract Tower,0,32,3,0,35,0,0,0,0,0,0,32,3,0,35,0,0,0,35
01/03/2006,CWA,WI,AGL,CE,Federal Contract Tower,0,38,13,0,51,0,0,0,0,0,0,38,13,0,51,0,0,0,51
01/04/2006,CWA,WI,AGL,CE,Federal Contract Tower,0,41,11,0,52,0,0,0,0,0,0,41,11,0,52,0,0,0,52
01/05/2006,CWA,WI,AGL,CE,Federal Contract Tower,0,38,4,0,42,0,5,6,0,11,0,43,10,0,53,16,0,16,69
01/06/2006,CWA,WI,AGL,CE,Federal Contract Tower,0,42,7,2,51,0,3,0,0,3,0,45,7,2,54,0,0,0,54
01/07/2006,CWA,WI,AGL,CE,Federal Contract Tower,0,28,6,4,38,0,0,4,0,4,0,28,10,4,42,8,4,12,54
01/08/2006,CWA,WI,AGL,CE,Federal Contract Tower,0,30,0,2,32,0,0,10,0,10,0,30,10,2,42,10,0,10,52
01/09/2006,CWA,WI,AGL,CE,Federal Contract Tower,0,41,6,0,47,0,0,3,0,3,0,41,9,0,50,22,0,22,72
01/10/2006,CWA,WI,AGL,CE,Federal Contract Tower,0,40,6,2,48,0,0,19,12,31,0,40,25,14,79,36,6,42,121
01/11/2006,CWA,WI,AGL,CE,Federal Contract Tower,0,37,21,2,60,0,0,9,0,9,0,37,30,2,69,4,0,4,73
01/12/2006,CWA,WI,AGL,CE,Federal Contract Tower,0,44,8,0,52,0,0,5,0,5,0,44,13,0,57,10,0,10,67
01/13/2006,CWA,WI,AGL,CE,Federal Contract Tower,2,41,4,0,47,0,0,4,0,4,2,41,8,0,51,0,0,0,51
01/14/2006,CWA,WI,AGL,CE,Federal Contract Tower,0,28,2,0,30,0,0,56,0,56,0,28,58,0,86,26,0,26,112
01/15/2006,CWA,WI,AGL,CE,Federal Contract Tower,0,29,7,0,36,0,0,5,0,5,0,29,12,0,41,12,0,12,53
01/16/2006,CWA,WI,AGL,CE,Federal Contract Tower,2,37,7,0,46,0,0,0,0,0,2,37,7,0,46,0,0,0,46
01/17/2006,CWA,WI,AGL,CE,Federal Contract Tower,0,39,7,14,60,0,0,5,0,5,0,39,12,14,65,0,8,8,73
01/18/2006,CWA,WI,AGL,CE,Federal Contract Tower,0,39,14,0,53,0,0,10,0,10,0,39,24,0,63,10,0,10,73
01/19/2006,CWA,WI,AGL,CE,Federal Contract Tower,0,37,7,0,44,0,2,0,0,2,0,39,7,0,46,0,0,0,46
01/20/2006,CWA,WI,AGL,CE,Federal Contract Tower,0,44,5,0,49,0,0,2,2,4,0,44,7,2,53,8,0,8,61
01/21/2006,CWA,WI,AGL,CE,Federal Contract Tower,2,25,2,0,29,0,0,68,0,68,2,25,70,0,97,76,0,76,173
01/22/2006,CWA,WI,AGL,CE,Federal Contract Tower,0,28,3,0,31,0,0,0,0,0,0,28,3,0,31,0,0,0,31
01/23/2006,CWA,WI,AGL,CE,Federal Contract Tower,0,35,4,0,39,0,0,4,0,4,0,35,8,0,43,4,0,4,47
01/24/2006,CWA,WI,AGL,CE,Federal Contract Tower,2,39,4,6,51,0,3,0,0,3,2,42,4,6,54,0,0,0,54
01/25/2006,CWA,WI,AGL,CE,Federal Contract Tower,2,38,8,0,48,0,2,14,0,16,2,40,22,0,64,14,0,14,78
01/26/2006,CWA,WI,AGL,CE,Federal Contract Tower,0,38,4,0,42,0,0,13,0,13,0,38,17,0,55,18,0,18,73
01/27/2006,CWA,WI,AGL,CE,Federal Contract Tower,0,38,8,0,46,0,0,8,0,8,0,38,16,0,54,0,0,0,54
01/28/2006,CWA,WI,AGL,CE,Federal Contract Tower,0,26,0,0,26,0,0,16,0,16,0,26,16,0,42,10,0,10,52
01/29/2006,CWA,WI,AGL,CE,Federal Contract Tower,0,28,1,0,29,0,0,0,0,0,0,28,1,0,29,0,0,0,29
01/30/2006,CWA,WI,AGL,CE,Federal Contract Tower,0,38,3,2,43,0,8,5,0,13,0,46,8,2,56,4,0,4,60
01/31/2006,CWA,WI,AGL,CE,Federal Contract Tower,0,37,10,0,47,0,1,3,0,4,0,38,13,0,51,0,0,0,51
02/01/2006,CWA,WI,AGL,CE,Federal Contract Tower,0,38,5,2,45,0,2,0,2,4,0,40,5,4,49,0,36,36,85
02/02/2006,CWA,WI,AGL,CE,Federal Contract Tower,0,37,6,0,43,0,0,5,0,5,0,37,11,0,48,2,0,2,50
02/03/2006,CWA,WI,AGL,CE,Federal Contract Tower,0,34,11,2,47,0,0,0,0,0,0,34,11,2,47,0,0,0,47
02/04/2006,CWA,WI,AGL,CE,Federal Contract Tower,0,26,2,0,28,0,0,4,0,4,0,26,6,0,32,0,0,0,32
02/05/2006,CWA,WI,AGL,CE,Federal Contract Tower,0,26,1,2,29,0,0,2,0,2,0,26,3,2,31,2,0,2,33
02/06/2006,CWA,WI,AGL,CE,Federal Contract Tower,0,39,3,0,42,0,0,6,0,6,0,39,9,0,48,4,0,4,52
02/07/2006,CWA,WI,AGL,CE,Federal Contract Tower,0,38,2,5,45,0,0,2,11,13,0,38,4,16,58,6,20,26,84
02/08/2006,CWA,WI,AGL,CE,Federal Contract Tower,0,37,8,0,45,0,1,14,0,15,0,38,22,0,60,12,0,12,72
02/09/2006,CWA,WI,AGL,CE,Federal Contract Tower,0,37,5,0,42,0,0,9,0,9,0,37,14,0,51,8,0,8,59
02/10/2006,CWA,WI,AGL,CE,Federal Contract Tower,0,41,1,0,42,0,0,2,0,2,0,41,3,0,44,18,0,18,62
02/11/2006,CWA,WI,AGL,CE,Federal Contract Tower,0,25,2,0,27,0,0,12,0,12,0,25,14,0,39,14,0,14,53
02/12/2006,CWA,WI,AGL,CE,Federal Contract Tower,0,28,1,0,29,0,0,6,0,6,0,28,7,0,35,12,0,12,47
02/13/2006,CWA,WI,AGL,CE,Federal Contract Tower,0,42,11,0,53,0,1,5,0,6,0,43,16,0,59,8,0,8,67
02/14/2006,CWA,WI,AGL,CE,Federal Contract Tower,0,38,9,2,49,0,3,0,9,12,0,41,9,11,61,0,4,4,65
02/15/2006,CWA,WI,AGL,CE,Federal Contract Tower,0,42,13,3,58,0,2,6,0,8,0,44,19,3,66,4,12,16,82
02/16/2006,CWA,WI,AGL,CE,Federal Contract Tower,0,37,4,0,41,0,0,0,0,0,0,37,4,0,41,0,0,0,41
02/17/2006,CWA,WI,AGL,CE,Federal Contract Tower,2,42,7,0,51,0,0,2,0,2,2,42,9,0,53,0,0,0,53
02/18/2006,CWA,WI,AGL,CE,Federal Contract Tower,0,25,1,0,26,0,0,12,0,12,0,25,13,0,38,22,0,22,60
02/19/2006,CWA,WI,AGL,CE,Federal Contract Tower,0,29,7,0,36,0,0,20,0,20,0,29,27,0,56,8,0,8,64
02/20/2006,CWA,WI,AGL,CE,Federal Contract Tower,2,40,11,0,53,0,1,18,0,19,2,41,29,0,72,6,0,6,78
02/21/2006,CWA,WI,AGL,CE,Federal Contract Tower,0,39,10,18,67,0,1,11,0,12,0,40,21,18,79,8,26,34,113
02/22/2006,CWA,WI,AGL,CE,Federal Contract Tower,0,42,10,0,52,0,2,13,0,15,0,44,23,0,67,14,0,14,81
02/23/2006,CWA,WI,AGL,CE,Federal Contract Tower,0,39,1,7,47,0,0,6,8,14,0,39,7,15,61,4,20,24,85
02/24/2006,CWA,WI,AGL,CE,Federal Contract Tower,2,42,1,0,45,0,2,6,0,8,2,44,7,0,53,0,0,0,53
02/25/2006,CWA,WI,AGL,CE,Federal Contract Tower,0,27,0,0,27,0,0,22,0,22,0,27,22,0,49,0,0,0,49
02/26/2006,CWA,WI,AGL,CE,Federal Contract Tower,0,30,3,0,33,0,0,32,0,32,0,30,35,0,65,0,0,0,65
02/27/2006,CWA,WI,AGL,CE,Federal Contract Tower,0,40,3,1,44,0,1,7,0,8,0,41,10,1,52,0,0,0,52
02/28/2006,CWA,WI,AGL,CE,Federal Contract Tower,0,41,6,4,51,0,4,23,13,40,0,45,29,17,91,18,32,50,141
03/01/2006,CWA,WI,AGL,CE,Federal Contract Tower,0,40,17,0,57,0,1,9,0,10,0,41,26,0,67,14,0,14,81
03/02/2006,CWA,WI,AGL,CE,Federal Contract Tower,0,39,2,0,41,0,1,8,0,9,0,40,10,0,50,0,0,0,50
03/03/2006,CWA,WI,AGL,CE,Federal Contract Tower,2,41,7,0,50,0,0,17,2,19,2,41,24,2,69,32,0,32,101
03/04/2006,CWA,WI,AGL,CE,Federal Contract Tower,0,28,2,0,30,0,0,19,0,19,0,28,21,0,49,26,0,26,75
03/05/2006,CWA,WI,AGL,CE,Federal Contract Tower,0,27,1,2,30,0,0,5,0,5,0,27,6,2,35,4,0,4,39
03/06/2006,CWA,WI,AGL,CE,Federal Contract Tower,2,39,4,0,45,0,1,0,0,1,2,40,4,0,46,12,0,12,58
03/07/2006,CWA,WI,AGL,CE,Federal Contract Tower,0,37,5,1,43,0,0,2,0,2,0,37,7,1,45,0,16,16,61
03/08/2006,CWA,WI,AGL,CE,Federal Contract Tower,2,38,8,0,48,0,0,0,0,0,2,38,8,0,48,0,0,0,48
03/09/2006,CWA,WI,AGL,CE,Federal Contract Tower,0,38,9,0,47,0,0,2,0,2,0,38,11,0,49,4,0,4,53
03/10/2006,CWA,WI,AGL,CE,Federal Contract Tower,0,40,8,0,48,0,0,31,0,31,0,40,39,0,79,30,0,30,109
03/11/2006,CWA,WI,AGL,CE,Federal Contract Tower,0,27,2,0,29,0,0,12,0,12,0,27,14,0,41,10,0,10,51
03/12/2006,CWA,WI,AGL,CE,Federal Contract Tower,2,29,9,0,40,0,0,7,0,7,2,29,16,0,47,10,0,10,57
03/13/2006,CWA,WI,AGL,CE,Federal Contract Tower,0,36,8,0,44,0,0,0,0,0,0,36,8,0,44,0,0,0,44
03/14/2006,CWA,WI,AGL,CE,Federal Contract Tower,0,39,8,4,51,0,2,3,0,5,0,41,11,4,56,0,20,20,76
03/15/2006,CWA,WI,AGL,CE,Federal Contract Tower,0,40,2,1,43,0,0,22,1,23,0,40,24,2,66,16,6,22,88
03/16/2006,CWA,WI,AGL,CE,Federal Contract Tower,0,39,5,0,44,0,0,8,0,8,0,39,13,0,52,0,0,0,52
03/17/2006,CWA,WI,AGL,CE,Federal Contract Tower,2,36,16,2,56,0,0,12,0,12,2,36,28,2,68,6,0,6,74
03/18/2006,CWA,WI,AGL,CE,Federal Contract Tower,0,26,0,0,26,0,0,49,0,49,0,26,49,0,75,22,0,22,97
03/19/2006,CWA,WI,AGL,CE,Federal Contract Tower,0,27,4,2,33,0,0,30,0,30,0,27,34,2,63,22,0,22,85
03/20/2006,CWA,WI,AGL,CE,Federal Contract Tower,0,38,3,0,41,0,1,6,0,7,0,39,9,0,48,16,0,16,64
03/21/2006,CWA,WI,AGL,CE,Federal Contract Tower,2,38,4,2,46,0,2,8,9,19,2,40,12,11,65,42,14,56,121
03/22/2006,CWA,WI,AGL,CE,Federal Contract Tower,0,40,11,0,51,0,1,7,0,8,0,41,18,0,59,10,0,10,69
03/23/2006,CWA,WI,AGL,CE,Federal Contract Tower,0,38,6,2,46,0,2,17,0,19,0,40,23,2,65,0,6,6,71
03/24/2006,CWA,WI,AGL,CE,Federal Contract Tower,0,42,5,2,49,0,0,2,4,6,0,42,7,6,55,4,0,4,59
03/25/2006,CWA,WI,AGL,CE,Federal Contract Tower,0,27,1,0,28,0,0,20,0,20,0,27,21,0,48,0,0,0,48
03/26/2006,CWA,WI,AGL,CE,Federal Contract Tower,0,30,2,0,32,0,0,39,0,39,0,30,41,0,71,24,0,24,95
03/27/2006,CWA,WI,AGL,CE,Federal Contract Tower,0,40,10,4,54,0,0,17,0,17,0,40,27,4,71,18,6,24,95
03/28/2006,CWA,WI,AGL,CE,Federal Contract Tower,0,35,6,2,43,0,0,13,0,13,0,35,19,2,56,24,6,30,86
03/29/2006,CWA,WI,AGL,CE,Federal Contract Tower,0,41,0,0,41,0,1,21,0,22,0,42,21,0,63,48,0,48,111
03/30/2006,CWA,WI,AGL,CE,Federal Contract Tower,0,40,2,6,48,0,2,1,0,3,0,42,3,6,51,8,24,32,83
03/31/2006,CWA,WI,AGL,CE,Federal Contract Tower,0,41,6,0,47,0,1,2,0,3,0,42,8,0,50,0,0,0,50
04/01/2006,CWA,WI,AGL,CE,Federal Contract Tower,0,25,4,0,29,0,0,24,0,24,0,25,28,0,53,0,0,0,53
04/02/2006,CWA,WI,AGL,CE,Federal Contract Tower,0,26,3,0,29,0,0,0,0,0,0,26,3,0,29,0,0,0,29
04/03/2006,CWA,WI,AGL,CE,Federal Contract Tower,0,38,5,6,49,0,0,4,0,4,0,38,9,6,53,0,30,30,83
04/04/2006,CWA,WI,AGL,CE,Federal Contract Tower,0,42,7,3,52,0,0,8,18,26,0,42,15,21,78,6,10,16,94
04/05/2006,CWA,WI,AGL,CE,Federal Contract Tower,0,40,2,0,42,0,3,18,0,21,0,43,20,0,63,6,0,6,69
04/06/2006,CWA,WI,AGL,CE,Federal Contract Tower,0,42,6,0,48,0,1,9,0,10,0,43,15,0,58,0,0,0,58
04/07/2006,CWA,WI,AGL,CE,Federal Contract Tower,2,41,5,0,48,0,0,6,0,6,2,41,11,0,54,14,0,14,68
04/08/2006,CWA,WI,AGL,CE,Federal Contract Tower,0,30,0,0,30,0,0,36,0,36,0,30,36,0,66,30,0,30,96
04/09/2006,CWA,WI,AGL,CE,Federal Contract Tower,0,28,1,2,31,0,0,33,0,33,0,28,34,2,64,18,8,26,90
04/10/2006,CWA,WI,AGL,CE,Federal Contract Tower,4,39,6,0,49,0,8,8,0,16,4,47,14,0,65,4,0,4,69
04/11/2006,CWA,WI,AGL,CE,Federal Contract Tower,0,37,3,10,50,0,2,4,4,10,0,39,7,14,60,6,36,42,102
04/12/2006,CWA,WI,AGL,CE,Federal Contract Tower,0,41,1,0,42,0,1,13,2,16,0,42,14,2,58,6,0,6,64
04/13/2006,CWA,WI,AGL,CE,Federal Contract Tower,0,37,4,2,43,0,3,14,2,19,0,40,18,4,62,0,6,6,68
04/14/2006,CWA,WI,AGL,CE,Federal Contract Tower,0,38,7,2,47,0,2,18,0,20,0,40,25,2,67,18,6,24,91
04/15/2006,CWA,WI,AGL,CE,Federal Contract Tower,0,28,2,0,30,0,0,23,0,23,0,28,25,0,53,30,0,30,83
04/16/2006,CWA,WI,AGL,CE,Federal Contract Tower,0,28,2,0,30,0,0,12,0,12,0,28,14,0,42,0,0,0,42
04/17/2006,CWA,WI,AGL,CE,Federal Contract Tower,0,38,9,0,47,0,2,12,0,14,0,40,21,0,61,20,0,20,81
04/18/2006,CWA,WI,AGL,CE,Federal Contract Tower,0,39,8,8,55,0,0,6,0,6,0,39,14,8,61,2,36,38,99
04/19/2006,CWA,WI,AGL,CE,Federal Contract Tower,0,43,4,0,47,0,0,7,0,7,0,43,11,0,54,0,0,0,54
04/20/2006,CWA,WI,AGL,CE,Federal Contract Tower,0,35,5,6,46,0,3,14,0,17,0,38,19,6,63,4,54,58,121
04/21/2006,CWA,WI,AGL,CE,Federal Contract Tower,0,41,9,0,50,0,0,31,0,31,0,41,40,0,81,18,0,18,99
04/22/2006,CWA,WI,AGL,CE,Federal Contract Tower,0,28,14,0,42,0,0,10,0,10,0,28,24,0,52,16,0,16,68
04/23/2006,CWA,WI,AGL,CE,Federal Contract Tower,0,28,5,0,33,0,0,22,0,22,0,28,27,0,55,8,0,8,63
04/24/2006,CWA,WI,AGL,CE,Federal Contract Tower,0,37,8,5,50,0,0,3,0,3,0,37,11,5,53,8,48,56,109
04/25/2006,CWA,WI,AGL,CE,Federal Contract Tower,0,37,7,5,49,0,2,13,14,29,0,39,20,19,78,2,20,22,100
04/26/2006,CWA,WI,AGL,CE,Federal Contract Tower,0,40,9,1,50,0,1,39,2,42,0,41,48,3,92,16,6,22,114
04/27/2006,CWA,WI,AGL,CE,Federal Contract Tower,0,41,1,4,46,0,0,18,2,20,0,41,19,6,66,18,4,22,88
04/28/2006,CWA,WI,AGL,CE,Federal Contract Tower,0,38,14,1,53,0,2,10,12,24,0,40,24,13,77,4,44,48,125
04/29/2006,CWA,WI,AGL,CE,Federal Contract Tower,0,29,5,0,34,0,0,15,0,15,0,29,20,0,49,10,0,10,59
04/30/2006,CWA,WI,AGL,CE,Federal Contract Tower,0,25,4,0,29,0,0,8,0,8,0,25,12,0,37,0,0,0,37
05/01/2006,CWA,WI,AGL,CE,Federal Contract Tower,0,37,13,0,50,0,0,6,0,6,0,37,19,0,56,0,0,0,56
05/02/2006,CWA,WI,AGL,CE,Federal Contract Tower,0,37,10,0,47,0,0,26,0,26,0,37,36,0,73,0,0,0,73
05/03/2006,CWA,WI,AGL,CE,Federal Contract Tower,0,38,13,2,53,0,0,11,0,11,0,38,24,2,64,6,6,12,76
05/04/2006,CWA,WI,AGL,CE,Federal Contract Tower,0,37,4,0,41,0,3,7,0,10,0,40,11,0,51,0,0,0,51
05/05/2006,CWA,WI,AGL,CE,Federal Contract Tower,0,37,7,2,46,0,2,2,2,6,0,39,9,4,52,6,2,8,60
05/06/2006,CWA,WI,AGL,CE,Federal Contract Tower,0,24,2,0,26,0,0,23,4,27,0,24,25,4,53,10,26,36,89
05/07/2006,CWA,WI,AGL,CE,Federal Contract Tower,0,28,4,2,34,0,0,20,0,20,0,28,24,2,54,4,0,4,58
05/08/2006,CWA,WI,AGL,CE,Federal Contract Tower,0,38,6,0,44,0,0,6,0,6,0,38,12,0,50,6,0,6,56
05/09/2006,CWA,WI,AGL,CE,Federal Contract Tower,0,39,11,0,50,0,0,0,0,0,0,39,11,0,50,0,0,0,50
05/10/2006,CWA,WI,AGL,CE,Federal Contract Tower,2,37,4,0,43,0,0,1,0,1,2,37,5,0,44,12,0,12,56
05/11/2006,CWA,WI,AGL,CE,Federal Contract Tower,0,37,3,0,40,0,2,0,0,2,0,39,3,0,42,0,0,0,42
05/12/2006,CWA,WI,AGL,CE,Federal Contract Tower,0,40,0,0,40,0,0,5,0,5,0,40,5,0,45,0,0,0,45
05/13/2006,CWA,WI,AGL,CE,Federal Contract Tower,0,27,0,0,27,0,0,6,0,6,0,27,6,0,33,10,0,10,43
05/14/2006,CWA,WI,AGL,CE,Federal Contract Tower,0,31,3,0,34,0,0,8,0,8,0,31,11,0,42,6,0,6,48
05/15/2006,CWA,WI,AGL,CE,Federal Contract Tower,2,36,9,0,47,0,0,5,0,5,2,36,14,0,52,8,0,8,60
05/16/2006,CWA,WI,AGL,CE,Federal Contract Tower,0,36,2,0,38,0,1,60,0,61,0,37,62,0,99,4,0,4,103
05/17/2006,CWA,WI,AGL,CE,Federal Contract Tower,0,36,15,0,51,0,2,61,0,63,0,38,76,0,114,4,0,4,118
05/18/2006,CWA,WI,AGL,CE,Federal Contract Tower,0,39,5,0,44,0,1,8,2,11,0,40,13,2,55,18,0,18,73
05/19/2006,CWA,WI,AGL,CE,Federal Contract Tower,0,41,2,0,43,0,0,13,0,13,0,41,15,0,56,6,0,6,62
05/20/2006,CWA,WI,AGL,CE,Federal Contract Tower,0,24,5,0,29,0,1,39,0,40,0,25,44,0,69,24,0,24,93
05/21/2006,CWA,WI,AGL,CE,Federal Contract Tower,2,28,3,0,33,0,0,6,0,6,2,28,9,0,39,28,0,28,67
05/22/2006,CWA,WI,AGL,CE,Federal Contract Tower,0,36,8,0,44,0,2,18,0,20,0,38,26,0,64,6,0,6,70
05/23/2006,CWA,WI,AGL,CE,Federal Contract Tower,0,39,7,0,46,0,1,28,0,29,0,40,35,0,75,6,0,6,81
05/24/2006,CWA,WI,AGL,CE,Federal Contract Tower,0,38,17,0,55,0,0,1,1,2,0,38,18,1,57,16,0,16,73
05/25/2006,CWA,WI,AGL,CE,Federal Contract Tower,0,38,8,0,46,0,1,0,0,1,0,39,8,0,47,0,0,0,47
05/26/2006,CWA,WI,AGL,CE,Federal Contract Tower,0,38,10,3,51,0,1,18,0,19,0,39,28,3,70,12,2,14,84
05/27/2006,CWA,WI,AGL,CE,Federal Contract Tower,0,24,2,0,26,0,0,15,0,15,0,24,17,0,41,26,0,26,67
05/28/2006,CWA,WI,AGL,CE,Federal Contract Tower,0,20,1,0,21,0,0,9,0,9,0,20,10,0,30,0,0,0,30
05/29/2006,CWA,WI,AGL,CE,Federal Contract Tower,0,29,9,0,38,0,0,25,0,25,0,29,34,0,63,30,0,30,93
05/30/2006,CWA,WI,AGL,CE,Federal Contract Tower,0,33,10,0,43,0,1,5,0,6,0,34,15,0,49,0,0,0,49
05/31/2006,CWA,WI,AGL,CE,Federal Contract Tower,0,39,5,0,44,0,3,22,0,25,0,42,27,0,69,22,0,22,91
06/01/2006,CWA,WI,AGL,CE,Federal Contract Tower,0,36,6,0,42,0,2,13,0,15,0,38,19,0,57,22,0,22,79
06/02/2006,CWA,WI,AGL,CE,Federal Contract Tower,0,38,5,2,45,0,3,11,0,14,0,41,16,2,59,16,4,20,79
06/03/2006,CWA,WI,AGL,CE,Federal Contract Tower,0,25,1,0,26,0,0,37,0,37,0,25,38,0,63,4,0,4,67
06/04/2006,CWA,WI,AGL,CE,Federal Contract Tower,0,28,4,2,34,0,0,42,0,42,0,28,46,2,76,18,0,18,94
06/05/2006,CWA,WI,AGL,CE,Federal Contract Tower,0,38,4,0,42,0,0,10,0,10,0,38,14,0,52,16,0,16,68
06/06/2006,CWA,WI,AGL,CE,Federal Contract Tower,0,43,2,0,45,0,1,1,0,2,0,44,3,0,47,0,0,0,47
06/07/2006,CWA,WI,AGL,CE,Federal Contract Tower,0,38,10,5,53,0,2,22,1,25,0,40,32,6,78,8,26,34,112
06/08/2006,CWA,WI,AGL,CE,Federal Contract Tower,0,39,6,2,47,0,1,27,0,28,0,40,33,2,75,6,2,8,83
06/09/2006,CWA,WI,AGL,CE,Federal Contract Tower,0,38,8,0,46,0,2,11,0,13,0,40,19,0,59,6,0,6,65
06/10/2006,CWA,WI,AGL,CE,Federal Contract Tower,0,29,2,0,31,0,1,8,0,9,0,30,10,0,40,2,0,2,42
06/11/2006,CWA,WI,AGL,CE,Federal Contract Tower,0,30,5,0,35,0,0,28,0,28,0,30,33,0,63,12,0,12,75
06/12/2006,CWA,WI,AGL,CE,Federal Contract Tower,0,39,14,0,53,0,0,17,0,17,0,39,31,0,70,24,0,24,94
06/13/2006,CWA,WI,AGL,CE,Federal Contract Tower,0,38,4,2,44,0,2,10,3,15,0,40,14,5,59,14,19,33,92
06/14/2006,CWA,WI,AGL,CE,Federal Contract Tower,0,43,4,0,47,0,3,14,0,17,0,46,18,0,64,6,0,6,70
06/15/2006,CWA,WI,AGL,CE,Federal Contract Tower,0,47,5,2,54,0,4,20,0,24,0,51,25,2,78,26,16,42,120
06/16/2006,CWA,WI,AGL,CE,Federal Contract Tower,0,39,9,0,48,0,3,16,0,19,0,42,25,0,67,0,0,0,67
06/17/2006,CWA,WI,AGL,CE,Federal Contract Tower,0,30,6,0,36,0,1,10,0,11,0,31,16,0,47,12,0,12,59
06/18/2006,CWA,WI,AGL,CE,Federal Contract Tower,0,33,1,0,34,0,0,18,0,18,0,33,19,0,52,18,0,18,70
06/19/2006,CWA,WI,AGL,CE,Federal Contract Tower,0,41,11,0,52,0,0,13,5,18,0,41,24,5,70,32,0,32,102
06/20/2006,CWA,WI,AGL,CE,Federal Contract Tower,0,42,6,1,49,0,2,17,9,28,0,44,23,10,77,46,8,54,131
06/21/2006,CWA,WI,AGL,CE,Federal Contract Tower,0,35,13,0,48,0,2,13,0,15,0,37,26,0,63,4,0,4,67
06/22/2006,CWA,WI,AGL,CE,Federal Contract Tower,0,36,1,2,39,0,3,13,0,16,0,39,14,2,55,6,12,18,73
06/23/2006,CWA,WI,AGL,CE,Federal Contract Tower,2,41,9,0,52,0,0,27,0,27,2,41,36,0,79,32,0,32,111
06/24/2006,CWA,WI,AGL,CE,Federal Contract Tower,0,29,3,0,32,0,1,19,0,20,0,30,22,0,52,12,0,12,64
06/25/2006,CWA,WI,AGL,CE,Federal Contract Tower,0,29,8,0,37,0,0,16,0,16,0,29,24,0,53,10,0,10,63
06/26/2006,CWA,WI,AGL,CE,Federal Contract Tower,2,36,5,3,46,0,2,24,4,30,2,38,29,7,76,32,32,64,140
06/27/2006,CWA,WI,AGL,CE,Federal Contract Tower,0,35,4,4,43,0,4,28,2,34,0,39,32,6,77,0,10,10,87
06/28/2006,CWA,WI,AGL,CE,Federal Contract Tower,2,41,8,0,51,0,2,11,0,13,2,43,19,0,64,0,0,0,64
06/29/2006,CWA,WI,AGL,CE,Federal Contract Tower,0,40,7,0,47,0,0,26,0,26,0,40,33,0,73,44,0,44,117
06/30/2006,CWA,WI,AGL,CE,Federal Contract Tower,0,43,5,0,48,0,1,25,4,30,0,44,30,4,78,22,0,22,100
07/01/2006,CWA,WI,AGL,CE,Federal Contract Tower,0,33,0,0,33,0,1,25,0,26,0,34,25,0,59,10,0,10,69
07/02/2006,CWA,WI,AGL,CE,Federal Contract Tower,5,27,2,0,34,0,0,32,0,32,5,27,34,0,66,24,0,24,90
07/03/2006,CWA,WI,AGL,CE,Federal Contract Tower,0,34,4,0,38,0,0,5,0,5,0,34,9,0,43,6,4,10,53
07/04/2006,CWA,WI,AGL,CE,Federal Contract Tower,0,28,0,0,28,0,2,25,0,27,0,30,25,0,55,0,0,0,55
07/05/2006,CWA,WI,AGL,CE,Federal Contract Tower,0,39,1,0,40,0,0,25,0,25,0,39,26,0,65,22,0,22,87
07/06/2006,CWA,WI,AGL,CE,Federal Contract Tower,0,42,1,4,47,0,0,38,0,38,0,42,39,4,85,26,44,70,155
07/07/2006,CWA,WI,AGL,CE,Federal Contract Tower,0,39,7,0,46,0,0,32,0,32,0,39,39,0,78,16,0,16,94
07/08/2006,CWA,WI,AGL,CE,Federal Contract Tower,0,30,4,0,34,0,0,4,0,4,0,30,8,0,38,16,0,16,54
07/09/2006,CWA,WI,AGL,CE,Federal Contract Tower,2,30,3,0,35,0,0,20,0,20,2,30,23,0,55,8,0,8,63
07/10/2006,CWA,WI,AGL,CE,Federal Contract Tower,0,38,12,2,52,0,2,27,0,29,0,40,39,2,81,6,16,22,103
07/11/2006,CWA,WI,AGL,CE,Federal Contract Tower,0,32,9,0,41,0,0,22,0,22,0,32,31,0,63,8,0,8,71
07/12/2006,CWA,WI,AGL,CE,Federal Contract Tower,0,37,9,4,50,0,3,28,4,35,0,40,37,8,85,32,0,32,117
07/13/2006,CWA,WI,AGL,CE,Federal Contract Tower,0,41,2,5,48,0,2,14,1,17,0,43,16,6,65,8,20,28,93
07/14/2006,CWA,WI,AGL,CE,Federal Contract Tower,0,39,2,2,43,0,0,13,14,27,0,39,15,16,70,8,6,14,84
07/15/2006,CWA,WI,AGL,CE,Federal Contract Tower,0,32,3,0,35,0,0,20,0,20,0,32,23,0,55,4,0,4,59
07/16/2006,CWA,WI,AGL,CE,Federal Contract Tower,0,31,0,0,31,0,0,19,0,19,0,31,19,0,50,0,0,0,50
07/17/2006,CWA,WI,AGL,CE,Federal Contract Tower,0,37,6,0,43,0,0,13,0,13,0,37,19,0,56,0,0,0,56
07/18/2006,CWA,WI,AGL,CE,Federal Contract Tower,0,38,12,2,52,0,0,17,0,17,0,38,29,2,69,24,10,34,103
07/19/2006,CWA,WI,AGL,CE,Federal Contract Tower,0,43,8,7,58,0,0,4,0,4,0,43,12,7,62,0,6,6,68
07/20/2006,CWA,WI,AGL,CE,Federal Contract Tower,2,39,6,0,47,0,1,23,0,24,2,40,29,0,71,18,0,18,89
07/21/2006,CWA,WI,AGL,CE,Federal Contract Tower,0,37,5,0,42,0,0,26,0,26,0,37,31,0,68,14,0,14,82
07/22/2006,CWA,WI,AGL,CE,Federal Contract Tower,0,30,0,0,30,0,0,12,0,12,0,30,12,0,42,0,0,0,42
07/23/2006,CWA,WI,AGL,CE,Federal Contract Tower,0,31,3,0,34,0,0,52,0,52,0,31,55,0,86,18,0,18,104
07/24/2006,CWA,WI,AGL,CE,Federal Contract Tower,0,37,6,0,43,0,1,22,0,23,0,38,28,0,66,20,0,20,86
07/25/2006,CWA,WI,AGL,CE,Federal Contract Tower,0,40,5,0,45,0,1,12,0,13,0,41,17,0,58,18,0,18,76
07/26/2006,CWA,WI,AGL,CE,Federal Contract Tower,0,40,11,0,51,0,0,9,0,9,0,40,20,0,60,12,0,12,72
07/27/2006,CWA,WI,AGL,CE,Federal Contract Tower,0,36,8,0,44,0,2,11,0,13,0,38,19,0,57,4,0,4,61
07/28/2006,CWA,WI,AGL,CE,Federal Contract Tower,0,44,8,0,52,0,0,20,0,20,0,44,28,0,72,30,0,30,102
07/29/2006,CWA,WI,AGL,CE,Federal Contract Tower,0,31,2,0,33,0,0,46,0,46,0,31,48,0,79,28,0,28,107
07/30/2006,CWA,WI,AGL,CE,Federal Contract Tower,0,32,0,0,32,0,0,6,0,6,0,32,6,0,38,24,0,24,62
07/31/2006,CWA,WI,AGL,CE,Federal Contract Tower,0,39,2,2,43,0,1,7,0,8,0,40,9,2,51,20,18,38,89
08/01/2006,CWA,WI,AGL,CE,Federal Contract Tower,0,45,5,0,50,0,2,6,0,8,0,47,11,0,58,16,0,16,74
08/02/2006,CWA,WI,AGL,CE,Federal Contract Tower,0,43,8,0,51,0,0,0,0,0,0,43,8,0,51,2,0,2,53
08/03/2006,CWA,WI,AGL,CE,Federal Contract Tower,0,36,2,4,42,0,2,32,2,36,0,38,34,6,78,48,24,72,150
08/04/2006,CWA,WI,AGL,CE,Federal Contract Tower,0,42,2,0,44,0,0,32,5,37,0,42,34,5,81,30,0,30,111
08/05/2006,CWA,WI,AGL,CE,Federal Contract Tower,0,32,4,0,36,0,0,29,0,29,0,32,33,0,65,28,0,28,93
08/06/2006,CWA,WI,AGL,CE,Federal Contract Tower,0,37,7,0,44,0,0,3,0,3,0,37,10,0,47,24,0,24,71
08/07/2006,CWA,WI,AGL,CE,Federal Contract Tower,0,40,4,2,46,0,1,11,0,12,0,41,15,2,58,32,0,32,90
08/08/2006,CWA,WI,AGL,CE,Federal Contract Tower,0,39,8,0,47,0,1,5,0,6,0,40,13,0,53,2,0,2,55
08/09/2006,CWA,WI,AGL,CE,Federal Contract Tower,0,39,6,4,49,0,1,12,6,19,0,40,18,10,68,22,14,36,104
08/10/2006,CWA,WI,AGL,CE,Federal Contract Tower,2,36,4,0,42,0,1,12,0,13,2,37,16,0,55,4,0,4,59
08/11/2006,CWA,WI,AGL,CE,Federal Contract Tower,0,41,5,0,46,0,2,27,4,33,0,43,32,4,79,46,2,48,127
08/12/2006,CWA,WI,AGL,CE,Federal Contract Tower,0,31,3,0,34,0,0,24,0,24,0,31,27,0,58,42,0,42,100
08/13/2006,CWA,WI,AGL,CE,Federal Contract Tower,2,29,6,0,37,0,0,20,0,20,2,29,26,0,57,36,0,36,93
08/14/2006,CWA,WI,AGL,CE,Federal Contract Tower,0,37,6,0,43,0,0,13,4,17,0,37,19,4,60,30,8,38,98
08/15/2006,CWA,WI,AGL,CE,Federal Contract Tower,0,40,1,2,43,0,2,32,5,39,0,42,33,7,82,12,16,28,110
08/16/2006,CWA,WI,AGL,CE,Federal Contract Tower,0,42,8,2,52,0,1,35,6,42,0,43,43,8,94,18,20,38,132
08/17/2006,CWA,WI,AGL,CE,Federal Contract Tower,0,39,6,4,49,0,0,5,2,7,0,39,11,6,56,2,16,18,74
08/18/2006,CWA,WI,AGL,CE,Federal Contract Tower,2,42,9,2,55,0,0,22,2,24,2,42,31,4,79,32,0,32,111
08/19/2006,CWA,WI,AGL,CE,Federal Contract Tower,0,31,5,0,36,0,0,6,0,6,0,31,11,0,42,20,0,20,62
08/20/2006,CWA,WI,AGL,CE,Federal Contract Tower,0,30,1,2,33,0,0,38,0,38,0,30,39,2,71,20,0,20,91
08/21/2006,CWA,WI,AGL,CE,Federal Contract Tower,2,41,6,0,49,0,0,10,0,10,2,41,16,0,59,8,0,8,67
08/22/2006,CWA,WI,AGL,CE,Federal Contract Tower,0,43,2,2,47,0,0,20,6,26,0,43,22,8,73,26,20,46,119
08/23/2006,CWA,WI,AGL,CE,Federal Contract Tower,0,39,2,0,41,0,1,5,0,6,0,40,7,0,47,14,0,14,61
08/24/2006,CWA,WI,AGL,CE,Federal Contract Tower,2,33,6,0,41,0,0,0,0,0,2,33,6,0,41,2,0,2,43
08/25/2006,CWA,WI,AGL,CE,Federal Contract Tower,0,38,9,0,47,0,0,1,0,1,0,38,10,0,48,10,0,10,58
08/26/2006,CWA,WI,AGL,CE,Federal Contract Tower,0,29,5,0,34,0,0,2,0,2,0,29,7,0,36,0,0,0,36
08/27/2006,CWA,WI,AGL,CE,Federal Contract Tower,2,29,1,0,32,0,0,20,0,20,2,29,21,0,52,24,0,24,76
08/28/2006,CWA,WI,AGL,CE,Federal Contract Tower,0,35,9,0,44,0,0,9,0,9,0,35,18,0,53,10,0,10,63
08/29/2006,CWA,WI,AGL,CE,Federal Contract Tower,0,45,9,0,54,0,1,24,0,25,0,46,33,0,79,30,0,30,109
08/30/2006,CWA,WI,AGL,CE,Federal Contract Tower,0,42,7,10,59,0,0,10,0,10,0,42,17,10,69,10,14,24,93
08/31/2006,CWA,WI,AGL,CE,Federal Contract Tower,2,38,3,4,47,0,1,17,1,19,2,39,20,5,66,16,30,46,112
09/01/2006,CWA,WI,AGL,CE,Federal Contract Tower,0,37,3,2,42,0,0,18,0,18,0,37,21,2,60,24,8,32,92
09/02/2006,CWA,WI,AGL,CE,Federal Contract Tower,0,27,0,0,27,0,0,16,0,16,0,27,16,0,43,28,0,28,71
09/03/2006,CWA,WI,AGL,CE,Federal Contract Tower,0,24,0,0,24,0,0,11,0,11,0,24,11,0,35,4,0,4,39
09/04/2006,CWA,WI,AGL,CE,Federal Contract Tower,0,27,4,0,31,0,0,10,0,10,0,27,14,0,41,12,0,12,53
09/05/2006,CWA,WI,AGL,CE,Federal Contract Tower,2,41,5,5,53,0,2,17,0,19,2,43,22,5,72,16,44,60,132
09/06/2006,CWA,WI,AGL,CE,Federal Contract Tower,0,42,5,1,48,0,0,23,1,24,0,42,28,2,72,30,2,32,104
09/07/2006,CWA,WI,AGL,CE,Federal Contract Tower,0,41,10,0,51,0,0,24,0,24,0,41,34,0,75,24,0,24,99
09/08/2006,CWA,WI,AGL,CE,Federal Contract Tower,0,36,2,2,40,0,0,4,0,4,0,36,6,2,44,4,0,4,48
09/09/2006,CWA,WI,AGL,CE,Federal Contract Tower,0,27,3,0,30,0,0,18,0,18,0,27,21,0,48,8,0,8,56
09/10/2006,CWA,WI,AGL,CE,Federal Contract Tower,2,27,3,6,38,0,0,23,2,25,2,27,26,8,63,4,16,20,83
09/11/2006,CWA,WI,AGL,CE,Federal Contract Tower,0,34,4,0,38,0,0,0,0,0,0,34,4,0,38,0,0,0,38
09/12/2006,CWA,WI,AGL,CE,Federal Contract Tower,0,41,14,8,63,0,0,1,0,1,0,41,15,8,64,0,0,0,64
09/13/2006,CWA,WI,AGL,CE,Federal Contract Tower,0,39,7,1,47,0,2,20,1,23,0,41,27,2,70,22,0,22,92
09/14/2006,CWA,WI,AGL,CE,Federal Contract Tower,0,42,5,4,51,0,1,14,2,17,0,43,19,6,68,10,14,24,92
09/15/2006,CWA,WI,AGL,CE,Federal Contract Tower,0,34,5,4,43,0,5,7,1,13,0,39,12,5,56,26,26,52,108
09/16/2006,CWA,WI,AGL,CE,Federal Contract Tower,0,24,0,0,24,0,0,6,0,6,0,24,6,0,30,2,0,2,32
09/17/2006,CWA,WI,AGL,CE,Federal Contract Tower,0,23,3,0,26,0,0,13,0,13,0,23,16,0,39,14,0,14,53
09/18/2006,CWA,WI,AGL,CE,Federal Contract Tower,0,37,9,0,46,0,0,13,0,13,0,37,22,0,59,18,0,18,77
09/19/2006,CWA,WI,AGL,CE,Federal Contract Tower,0,40,9,0,49,0,1,17,0,18,0,41,26,0,67,10,0,10,77
09/20/2006,CWA,WI,AGL,CE,Federal Contract Tower,0,41,5,0,46,0,2,20,0,22,0,43,25,0,68,22,0,22,90
09/21/2006,CWA,WI,AGL,CE,Federal Contract Tower,0,38,4,0,42,0,1,9,0,10,0,39,13,0,52,10,0,10,62
09/22/2006,CWA,WI,AGL,CE,Federal Contract Tower,0,33,5,0,38,0,2,0,0,2,0,35,5,0,40,0,0,0,40
09/23/2006,CWA,WI,AGL,CE,Federal Contract Tower,2,25,1,0,28,0,0,0,0,0,2,25,1,0,28,4,0,4,32
09/24/2006,CWA,WI,AGL,CE,Federal Contract Tower,0,29,7,0,36,0,0,17,0,17,0,29,24,0,53,18,0,18,71
09/25/2006,CWA,WI,AGL,CE,Federal Contract Tower,0,36,5,0,41,0,0,19,0,19,0,36,24,0,60,12,0,12,72
09/26/2006,CWA,WI,AGL,CE,Federal Contract Tower,2,37,5,2,46,0,3,24,0,27,2,40,29,2,73,4,10,14,87
09/27/2006,CWA,WI,AGL,CE,Federal Contract Tower,0,44,13,0,57,0,2,0,0,2,0,46,13,0,59,2,0,2,61
09/28/2006,CWA,WI,AGL,CE,Federal Contract Tower,0,41,4,0,45,0,1,71,0,72,0,42,75,0,117,6,0,6,123
09/29/2006,CWA,WI,AGL,CE,Federal Contract Tower,0,39,4,2,45,0,1,8,0,9,0,40,12,2,54,8,16,24,78
09/30/2006,CWA,WI,AGL,CE,Federal Contract Tower,0,26,1,0,27,0,0,12,0,12,0,26,13,0,39,12,0,12,51
10/01/2006,CWA,WI,AGL,CE,Federal Contract Tower,0,28,5,0,33,0,0,27,0,27,0,28,32,0,60,46,0,46,106
10/02/2006,CWA,WI,AGL,CE,Federal Contract Tower,0,37,3,2,42,0,0,10,0,10,0,37,13,2,52,26,0,26,78
10/03/2006,CWA,WI,AGL,CE,Federal Contract Tower,0,34,2,0,36,0,2,13,0,15,0,36,15,0,51,12,0,12,63
10/04/2006,CWA,WI,AGL,CE,Federal Contract Tower,0,34,6,4,44,0,1,69,0,70,0,35,75,4,114,22,20,42,156
10/05/2006,CWA,WI,AGL,CE,Federal Contract Tower,0,39,3,1,43,0,3,38,1,42,0,42,41,2,85,6,20,26,111
10/06/2006,CWA,WI,AGL,CE,Federal Contract Tower,0,37,1,0,38,0,1,35,0,36,0,38,36,0,74,34,0,34,108
10/07/2006,CWA,WI,AGL,CE,Federal Contract Tower,0,24,1,0,25,0,0,19,0,19,0,24,20,0,44,40,0,40,84
10/08/2006,CWA,WI,AGL,CE,Federal Contract Tower,0,28,3,0,31,0,0,43,0,43,0,28,46,0,74,18,0,18,92
10/09/2006,CWA,WI,AGL,CE,Federal Contract Tower,0,38,5,0,43,0,1,25,0,26,0,39,30,0,69,18,0,18,87
10/10/2006,CWA,WI,AGL,CE,Federal Contract Tower,0,40,13,2,55,0,0,47,0,47,0,40,60,2,102,8,16,24,126
10/11/2006,CWA,WI,AGL,CE,Federal Contract Tower,1,35,4,0,40,0,0,0,0,0,1,35,4,0,40,0,0,0,40
10/12/2006,CWA,WI,AGL,CE,Federal Contract Tower,1,36,5,7,49,0,1,0,1,2,1,37,5,8,51,2,12,14,65
10/13/2006,CWA,WI,AGL,CE,Federal Contract Tower,1,33,7,2,43,0,0,2,0,2,1,33,9,2,45,0,0,0,45
10/14/2006,CWA,WI,AGL,CE,Federal Contract Tower,0,25,2,4,31,0,0,4,0,4,0,25,6,4,35,8,4,12,47
10/15/2006,CWA,WI,AGL,CE,Federal Contract Tower,2,30,2,2,36,0,0,29,0,29,2,30,31,2,65,18,0,18,83
10/16/2006,CWA,WI,AGL,CE,Federal Contract Tower,0,36,6,0,42,0,0,0,0,0,0,36,6,0,42,4,0,4,46
10/17/2006,CWA,WI,AGL,CE,Federal Contract Tower,0,42,4,0,46,0,0,0,0,0,0,42,4,0,46,0,0,0,46
10/18/2006,CWA,WI,AGL,CE,Federal Contract Tower,0,37,3,0,40,0,0,3,0,3,0,37,6,0,43,0,0,0,43
10/19/2006,CWA,WI,AGL,CE,Federal Contract Tower,0,39,5,0,44,0,3,5,2,10,0,42,10,2,54,0,4,4,58
10/20/2006,CWA,WI,AGL,CE,Federal Contract Tower,0,36,11,0,47,0,0,6,0,6,0,36,17,0,53,2,0,2,55
10/21/2006,CWA,WI,AGL,CE,Federal Contract Tower,0,24,2,0,26,0,0,10,0,10,0,24,12,0,36,12,0,12,48
10/22/2006,CWA,WI,AGL,CE,Federal Contract Tower,0,28,2,0,30,0,0,16,0,16,0,28,18,0,46,30,0,30,76
10/23/2006,CWA,WI,AGL,CE,Federal Contract Tower,0,35,6,2,43,0,1,7,0,8,0,36,13,2,51,2,16,18,69
10/24/2006,CWA,WI,AGL,CE,Federal Contract Tower,0,40,11,2,53,0,2,12,8,22,0,42,23,10,75,0,0,0,75
10/25/2006,CWA,WI,AGL,CE,Federal Contract Tower,0,38,6,0,44,0,0,23,0,23,0,38,29,0,67,18,0,18,85
10/26/2006,CWA,WI,AGL,CE,Federal Contract Tower,0,32,5,6,43,0,2,10,0,12,0,34,15,6,55,18,24,42,97
10/27/2006,CWA,WI,AGL,CE,Federal Contract Tower,0,39,3,2,44,0,0,21,0,21,0,39,24,2,65,30,18,48,113
10/28/2006,CWA,WI,AGL,CE,Federal Contract Tower,0,22,5,0,27,0,0,6,0,6,0,22,11,0,33,6,0,6,39
10/29/2006,CWA,WI,AGL,CE,Federal Contract Tower,0,29,5,0,34,0,0,16,0,16,0,29,21,0,50,16,0,16,66
10/30/2006,CWA,WI,AGL,CE,Federal Contract Tower,0,32,6,6,44,0,4,8,0,12,0,36,14,6,56,4,20,24,80
10/31/2006,CWA,WI,AGL,CE,Federal Contract Tower,0,36,4,0,40,0,4,8,0,12,0,40,12,0,52,0,0,0,52
11/01/2006,CWA,WI,AGL,CE,Federal Contract Tower,0,35,7,0,42,0,2,8,0,10,0,37,15,0,52,4,0,4,56
11/02/2006,CWA,WI,AGL,CE,Federal Contract Tower,0,39,10,2,51,0,1,7,2,10,0,40,17,4,61,4,24,28,89
11/03/2006,CWA,WI,AGL,CE,Federal Contract Tower,0,35,4,2,41,0,0,16,0,16,0,35,20,2,57,6,0,6,63
11/04/2006,CWA,WI,AGL,CE,Federal Contract Tower,0,26,2,0,28,0,0,4,0,4,0,26,6,0,32,0,0,0,32
11/05/2006,CWA,WI,AGL,CE,Federal Contract Tower,0,25,2,2,29,0,0,15,0,15,0,25,17,2,44,26,0,26,70
11/06/2006,CWA,WI,AGL,CE,Federal Contract Tower,0,35,3,0,38,0,0,2,0,2,0,35,5,0,40,6,0,6,46
11/07/2006,CWA,WI,AGL,CE,Federal Contract Tower,0,37,7,2,46,0,3,4,12,19,0,40,11,14,65,2,4,6,71
11/08/2006,CWA,WI,AGL,CE,Federal Contract Tower,0,32,8,1,41,0,9,11,1,21,0,41,19,2,62,16,8,24,86
11/09/2006,CWA,WI,AGL,CE,Federal Contract Tower,0,37,8,1,46,0,1,19,1,21,0,38,27,2,67,4,8,12,79
11/10/2006,CWA,WI,AGL,CE,Federal Contract Tower,0,35,2,0,37,0,0,0,0,0,0,35,2,0,37,0,0,0,37
11/11/2006,CWA,WI,AGL,CE,Federal Contract Tower,0,23,3,0,26,0,0,6,0,6,0,23,9,0,32,10,0,10,42
11/12/2006,CWA,WI,AGL,CE,Federal Contract Tower,0,26,3,0,29,0,0,12,0,12,0,26,15,0,41,28,0,28,69
11/13/2006,CWA,WI,AGL,CE,Federal Contract Tower,0,37,5,8,50,0,0,0,0,0,0,37,5,8,50,0,0,0,50
11/14/2006,CWA,WI,AGL,CE,Federal Contract Tower,2,37,3,0,42,0,0,9,0,9,2,37,12,0,51,0,0,0,51
11/15/2006,CWA,WI,AGL,CE,Federal Contract Tower,0,35,8,0,43,0,2,17,0,19,0,37,25,0,62,20,0,20,82
11/16/2006,CWA,WI,AGL,CE,Federal Contract Tower,2,33,7,4,46,0,2,3,0,5,2,35,10,4,51,2,4,6,57
11/17/2006,CWA,WI,AGL,CE,Federal Contract Tower,2,36,11,0,49,0,1,13,0,14,2,37,24,0,63,4,0,4,67
11/18/2006,CWA,WI,AGL,CE,Federal Contract Tower,0,26,2,0,28,0,0,1,0,1,0,26,3,0,29,0,0,0,29
11/19/2006,CWA,WI,AGL,CE,Federal Contract Tower,2,23,8,0,33,0,3,36,0,39,2,26,44,0,72,26,0,26,98
11/20/2006,CWA,WI,AGL,CE,Federal Contract Tower,0,34,5,2,41,0,2,21,0,23,0,36,26,2,64,14,8,22,86
11/21/2006,CWA,WI,AGL,CE,Federal Contract Tower,0,40,9,6,55,0,0,22,0,22,0,40,31,6,77,8,16,24,101
11/22/2006,CWA,WI,AGL,CE,Federal Contract Tower,0,35,8,4,47,0,0,17,0,17,0,35,25,4,64,18,14,32,96
11/23/2006,CWA,WI,AGL,CE,Federal Contract Tower,0,26,1,0,27,0,0,4,0,4,0,26,5,0,31,4,0,4,35
11/24/2006,CWA,WI,AGL,CE,Federal Contract Tower,0,30,1,0,31,0,0,17,0,17,0,30,18,0,48,38,0,38,86
11/25/2006,CWA,WI,AGL,CE,Federal Contract Tower,2,24,2,0,28,0,10,15,0,25,2,34,17,0,53,32,0,32,85
11/26/2006,CWA,WI,AGL,CE,Federal Contract Tower,0,28,8,0,36,0,0,0,0,0,0,28,8,0,36,4,0,4,40
11/27/2006,CWA,WI,AGL,CE,Federal Contract Tower,0,35,8,0,43,0,0,0,0,0,0,35,8,0,43,0,0,0,43
11/28/2006,CWA,WI,AGL,CE,Federal Contract Tower,0,38,10,6,54,0,0,0,0,0,0,38,10,6,54,0,4,4,58
11/29/2006,CWA,WI,AGL,CE,Federal Contract Tower,2,40,7,0,49,0,1,3,0,4,2,41,10,0,53,0,0,0,53
11/30/2006,CWA,WI,AGL,CE,Federal Contract Tower,0,41,14,2,57,0,0,5,0,5,0,41,19,2,62,12,8,20,82
12/01/2006,CWA,WI,AGL,CE,Federal Contract Tower,0,36,6,2,44,0,0,0,0,0,0,36,6,2,44,4,0,4,48
12/02/2006,CWA,WI,AGL,CE,Federal Contract Tower,0,24,5,0,29,0,0,5,0,5,0,24,10,0,34,0,0,0,34
12/03/2006,CWA,WI,AGL,CE,Federal Contract Tower,0,25,7,2,34,0,0,0,0,0,0,25,7,2,34,2,0,2,36
12/04/2006,CWA,WI,AGL,CE,Federal Contract Tower,0,34,2,0,36,0,0,1,0,1,0,34,3,0,37,0,0,0,37
12/05/2006,CWA,WI,AGL,CE,Federal Contract Tower,1,37,5,0,43,0,2,0,0,2,1,39,5,0,45,6,0,6,51
12/06/2006,CWA,WI,AGL,CE,Federal Contract Tower,0,37,9,0,46,0,0,1,0,1,0,37,10,0,47,0,0,0,47
12/07/2006,CWA,WI,AGL,CE,Federal Contract Tower,0,37,3,4,44,0,0,11,2,13,0,37,14,6,57,0,12,12,69
12/08/2006,CWA,WI,AGL,CE,Federal Contract Tower,0,34,7,0,41,0,0,18,0,18,0,34,25,0,59,18,0,18,77
12/09/2006,CWA,WI,AGL,CE,Federal Contract Tower,0,26,0,0,26,0,0,7,0,7,0,26,7,0,33,22,0,22,55
12/10/2006,CWA,WI,AGL,CE,Federal Contract Tower,0,27,2,0,29,0,0,19,0,19,0,27,21,0,48,12,0,12,60
12/11/2006,CWA,WI,AGL,CE,Federal Contract Tower,0,36,10,0,46,0,0,1,0,1,0,36,11,0,47,18,0,18,65
12/12/2006,CWA,WI,AGL,CE,Federal Contract Tower,0,21,3,0,24,0,0,0,0,0,0,21,3,0,24,0,0,0,24
12/13/2006,CWA,WI,AGL,CE,Federal Contract Tower,0,42,15,0,57,0,1,5,0,6,0,43,20,0,63,10,0,10,73
12/14/2006,CWA,WI,AGL,CE,Federal Contract Tower,0,40,4,0,44,0,15,12,2,29,0,55,16,2,73,18,0,18,91
12/15/2006,CWA,WI,AGL,CE,Federal Contract Tower,0,45,14,0,59,0,6,6,0,12,0,51,20,0,71,14,0,14,85
12/16/2006,CWA,WI,AGL,CE,Federal Contract Tower,0,22,3,0,25,0,2,5,0,7,0,24,8,0,32,2,0,2,34
12/17/2006,CWA,WI,AGL,CE,Federal Contract Tower,0,26,5,0,31,0,0,23,0,23,0,26,28,0,54,26,0,26,80
12/18/2006,CWA,WI,AGL,CE,Federal Contract Tower,0,36,7,0,43,0,1,9,0,10,0,37,16,0,53,8,0,8,61
12/19/2006,CWA,WI,AGL,CE,Federal Contract Tower,0,43,5,0,48,0,1,7,0,8,0,44,12,0,56,20,28,48,104
12/20/2006,CWA,WI,AGL,CE,Federal Contract Tower,0,43,8,0,51,0,1,10,0,11,0,44,18,0,62,6,0,6,68
12/21/2006,CWA,WI,AGL,CE,Federal Contract Tower,0,41,7,0,48,0,1,2,0,3,0,42,9,0,51,0,0,0,51
12/22/2006,CWA,WI,AGL,CE,Federal Contract Tower,0,23,1,0,24,0,0,3,0,3,0,23,4,0,27,0,0,0,27
12/23/2006,CWA,WI,AGL,CE,Federal Contract Tower,0,34,3,0,37,0,0,0,0,0,0,34,3,0,37,0,0,0,37
12/24/2006,CWA,WI,AGL,CE,Federal Contract Tower,0,24,4,0,28,0,0,18,0,18,0,24,22,0,46,8,0,8,54
12/25/2006,CWA,WI,AGL,CE,Federal Contract Tower,0,22,0,0,22,0,0,0,0,0,0,22,0,0,22,0,0,0,22
12/26/2006,CWA,WI,AGL,CE,Federal Contract Tower,0,37,6,0,43,0,0,14,0,14,0,37,20,0,57,0,0,0,57
12/27/2006,CWA,WI,AGL,CE,Federal Contract Tower,0,37,2,4,43,0,3,10,0,13,0,40,12,4,56,4,6,10,66
12/28/2006,CWA,WI,AGL,CE,Federal Contract Tower,0,38,4,0,42,0,0,0,0,0,0,38,4,0,42,0,0,0,42
12/29/2006,CWA,WI,AGL,CE,Federal Contract Tower,0,22,4,0,26,0,0,0,0,0,0,22,4,0,26,0,0,0,26
12/30/2006,CWA,WI,AGL,CE,Federal Contract Tower,0,30,4,0,34,0,2,0,0,2,0,32,4,0,36,0,0,0,36
12/31/2006,CWA,WI,AGL,CE,Federal Contract Tower,0,29,2,0,31,0,0,0,0,0,0,29,2,0,31,0,0,0,31
01/01/2007,CWA,WI,AGL,CE,Federal Contract Tower,0,25,0,0,25,0,1,9,0,10,0,26,9,0,35,0,0,0,35
01/02/2007,CWA,WI,AGL,CE,Federal Contract Tower,0,35,3,0,38,0,0,14,0,14,0,35,17,0,52,4,0,4,56
01/03/2007,CWA,WI,AGL,CE,Federal Contract Tower,0,38,4,4,46,0,2,8,0,10,0,40,12,4,56,16,10,26,82
01/04/2007,CWA,WI,AGL,CE,Federal Contract Tower,0,37,5,5,47,0,0,7,1,8,0,37,12,6,55,0,4,4,59
01/05/2007,CWA,WI,AGL,CE,Federal Contract Tower,0,31,8,2,41,0,0,0,0,0,0,31,8,2,41,0,0,0,41
01/06/2007,CWA,WI,AGL,CE,Federal Contract Tower,0,30,0,0,30,0,0,4,0,4,0,30,4,0,34,14,0,14,48
01/07/2007,CWA,WI,AGL,CE,Federal Contract Tower,0,26,6,2,34,0,0,6,0,6,0,26,12,2,40,22,0,22,62
01/08/2007,CWA,WI,AGL,CE,Federal Contract Tower,0,35,9,0,44,0,0,9,0,9,0,35,18,0,53,10,0,10,63
01/09/2007,CWA,WI,AGL,CE,Federal Contract Tower,0,36,11,1,48,0,0,7,4,11,0,36,18,5,59,8,2,10,69
01/10/2007,CWA,WI,AGL,CE,Federal Contract Tower,0,31,10,0,41,0,0,12,0,12,0,31,22,0,53,2,0,2,55
01/11/2007,CWA,WI,AGL,CE,Federal Contract Tower,0,33,6,0,39,0,0,6,0,6,0,33,12,0,45,6,0,6,51
01/12/2007,CWA,WI,AGL,CE,Federal Contract Tower,0,26,3,0,29,0,1,3,0,4,0,27,6,0,33,2,0,2,35
01/13/2007,CWA,WI,AGL,CE,Federal Contract Tower,0,24,0,0,24,0,0,29,0,29,0,24,29,0,53,42,0,42,95
01/14/2007,CWA,WI,AGL,CE,Federal Contract Tower,2,27,2,0,31,0,0,12,0,12,2,27,14,0,43,6,0,6,49
01/15/2007,CWA,WI,AGL,CE,Federal Contract Tower,0,29,3,0,32,0,0,6,0,6,0,29,9,0,38,2,0,2,40
01/16/2007,CWA,WI,AGL,CE,Federal Contract Tower,0,35,9,0,44,0,0,13,0,13,0,35,22,0,57,4,0,4,61
01/17/2007,CWA,WI,AGL,CE,Federal Contract Tower,2,43,8,0,53,0,1,7,0,8,2,44,15,0,61,6,0,6,67
01/18/2007,CWA,WI,AGL,CE,Federal Contract Tower,0,32,1,2,35,0,0,0,0,0,0,32,1,2,35,0,12,12,47
01/19/2007,CWA,WI,AGL,CE,Federal Contract Tower,0,36,5,0,41,0,0,6,0,6,0,36,11,0,47,14,0,14,61
01/20/2007,CWA,WI,AGL,CE,Federal Contract Tower,0,24,6,0,30,0,3,6,0,9,0,27,12,0,39,10,0,10,49
01/21/2007,CWA,WI,AGL,CE,Federal Contract Tower,0,21,2,0,23,0,0,1,0,1,0,21,3,0,24,0,0,0,24
01/22/2007,CWA,WI,AGL,CE,Federal Contract Tower,0,31,6,0,37,0,0,0,0,0,0,31,6,0,37,0,0,0,37
01/23/2007,CWA,WI,AGL,CE,Federal Contract Tower,0,33,0,6,39,0,0,0,0,0,0,33,0,6,39,8,10,18,57
01/24/2007,CWA,WI,AGL,CE,Federal Contract Tower,0,34,8,0,42,0,0,15,0,15,0,34,23,0,57,24,0,24,81
01/25/2007,CWA,WI,AGL,CE,Federal Contract Tower,0,34,1,2,37,0,0,13,0,13,0,34,14,2,50,20,8,28,78
01/26/2007,CWA,WI,AGL,CE,Federal Contract Tower,0,41,2,4,47,0,0,1,0,1,0,41,3,4,48,2,0,2,50
01/27/2007,CWA,WI,AGL,CE,Federal Contract Tower,0,28,3,0,31,0,0,5,0,5,0,28,8,0,36,0,0,0,36
01/28/2007,CWA,WI,AGL,CE,Federal Contract Tower,0,26,2,0,28,0,0,9,0,9,0,26,11,0,37,4,0,4,41
01/29/2007,CWA,WI,AGL,CE,Federal Contract Tower,0,36,6,0,42,0,0,2,0,2,0,36,8,0,44,0,0,0,44
01/30/2007,CWA,WI,AGL,CE,Federal Contract Tower,0,33,9,3,45,0,0,10,1,11,0,33,19,4,56,18,20,38,94
01/31/2007,CWA,WI,AGL,CE,Federal Contract Tower,0,35,3,3,41,0,0,17,1,18,0,35,20,4,59,10,4,14,73
02/01/2007,CWA,WI,AGL,CE,Federal Contract Tower,0,34,1,6,41,0,0,20,2,22,0,34,21,8,63,38,4,42,105
02/02/2007,CWA,WI,AGL,CE,Federal Contract Tower,0,32,5,2,39,0,0,7,0,7,0,32,12,2,46,4,0,4,50
02/03/2007,CWA,WI,AGL,CE,Federal Contract Tower,0,23,3,0,26,0,1,3,0,4,0,24,6,0,30,0,0,0,30
02/04/2007,CWA,WI,AGL,CE,Federal Contract Tower,0,22,3,0,25,0,0,0,0,0,0,22,3,0,25,0,0,0,25
02/05/2007,CWA,WI,AGL,CE,Federal Contract Tower,0,32,2,0,34,0,0,0,0,0,0,32,2,0,34,0,0,0,34
02/06/2007,CWA,WI,AGL,CE,Federal Contract Tower,0,26,6,2,34,0,0,0,4,4,0,26,6,6,38,0,14,14,52
02/07/2007,CWA,WI,AGL,CE,Federal Contract Tower,0,33,6,0,39,0,0,15,0,15,0,33,21,0,54,8,0,8,62
02/08/2007,CWA,WI,AGL,CE,Federal Contract Tower,0,31,5,0,36,0,0,15,0,15,0,31,20,0,51,20,0,20,71
02/09/2007,CWA,WI,AGL,CE,Federal Contract Tower,0,36,3,0,39,0,0,8,0,8,0,36,11,0,47,2,0,2,49
02/10/2007,CWA,WI,AGL,CE,Federal Contract Tower,0,26,6,0,32,0,0,13,0,13,0,26,19,0,45,10,2,12,57
02/11/2007,CWA,WI,AGL,CE,Federal Contract Tower,2,27,3,0,32,0,1,3,0,4,2,28,6,0,36,20,0,20,56
02/12/2007,CWA,WI,AGL,CE,Federal Contract Tower,0,36,3,0,39,0,0,17,0,17,0,36,20,0,56,24,0,24,80
02/13/2007,CWA,WI,AGL,CE,Federal Contract Tower,0,31,7,0,38,0,0,6,0,6,0,31,13,0,44,22,0,22,66
02/14/2007,CWA,WI,AGL,CE,Federal Contract Tower,0,32,5,0,37,0,0,5,0,5,0,32,10,0,42,12,0,12,54
02/15/2007,CWA,WI,AGL,CE,Federal Contract Tower,2,32,12,1,47,0,0,14,1,15,2,32,26,2,62,22,10,32,94
02/16/2007,CWA,WI,AGL,CE,Federal Contract Tower,0,33,1,0,34,0,3,19,0,22,0,36,20,0,56,10,0,10,66
02/17/2007,CWA,WI,AGL,CE,Federal Contract Tower,0,25,2,0,27,0,1,23,0,24,0,26,25,0,51,22,0,22,73
02/18/2007,CWA,WI,AGL,CE,Federal Contract Tower,0,26,3,0,29,0,0,12,0,12,0,26,15,0,41,8,0,8,49
02/19/2007,CWA,WI,AGL,CE,Federal Contract Tower,0,32,3,0,35,0,0,6,0,6,0,32,9,0,41,0,0,0,41
02/20/2007,CWA,WI,AGL,CE,Federal Contract Tower,0,33,4,1,38,0,0,20,5,25,0,33,24,6,63,24,20,44,107
02/21/2007,CWA,WI,AGL,CE,Federal Contract Tower,0,35,14,0,49,0,0,23,0,23,0,35,37,0,72,16,0,16,88
02/22/2007,CWA,WI,AGL,CE,Federal Contract Tower,2,29,2,4,37,0,1,9,2,12,2,30,11,6,49,20,6,26,75
02/23/2007,CWA,WI,AGL,CE,Federal Contract Tower,0,34,6,0,40,0,0,12,0,12,0,34,18,0,52,8,0,8,60
02/24/2007,CWA,WI,AGL,CE,Federal Contract Tower,0,27,2,0,29,0,0,0,0,0,0,27,2,0,29,0,0,0,29
02/25/2007,CWA,WI,AGL,CE,Federal Contract Tower,4,20,1,0,25,0,0,0,0,0,4,20,1,0,25,0,0,0,25
02/26/2007,CWA,WI,AGL,CE,Federal Contract Tower,0,31,5,0,36,0,0,0,0,0,0,31,5,0,36,0,0,0,36
02/27/2007,CWA,WI,AGL,CE,Federal Contract Tower,0,34,3,0,37,0,0,0,0,0,0,34,3,0,37,0,0,0,37
02/28/2007,CWA,WI,AGL,CE,Federal Contract Tower,0,34,3,0,37,0,0,4,0,4,0,34,7,0,41,0,0,0,41
03/01/2007,CWA,WI,AGL,CE,Federal Contract Tower,0,17,0,0,17,0,1,0,0,1,0,18,0,0,18,0,0,0,18
03/02/2007,CWA,WI,AGL,CE,Federal Contract Tower,0,31,7,2,40,0,0,0,0,0,0,31,7,2,40,0,0,0,40
03/03/2007,CWA,WI,AGL,CE,Federal Contract Tower,0,26,1,0,27,0,0,2,0,2,0,26,3,0,29,0,0,0,29
03/04/2007,CWA,WI,AGL,CE,Federal Contract Tower,0,25,1,4,30,0,0,16,4,20,0,25,17,8,50,8,12,20,70
03/05/2007,CWA,WI,AGL,CE,Federal Contract Tower,0,32,5,0,37,0,1,8,0,9,0,33,13,0,46,0,0,0,46
03/06/2007,CWA,WI,AGL,CE,Federal Contract Tower,0,37,5,0,42,0,0,0,0,0,0,37,5,0,42,0,0,0,42
03/07/2007,CWA,WI,AGL,CE,Federal Contract Tower,0,34,8,0,42,0,0,12,0,12,0,34,20,0,54,6,0,6,60
03/08/2007,CWA,WI,AGL,CE,Federal Contract Tower,2,34,7,0,43,0,0,0,0,0,2,34,7,0,43,0,0,0,43
03/09/2007,CWA,WI,AGL,CE,Federal Contract Tower,0,36,10,0,46,0,0,9,0,9,0,36,19,0,55,10,0,10,65
03/10/2007,CWA,WI,AGL,CE,Federal Contract Tower,0,29,2,0,31,0,0,41,0,41,0,29,43,0,72,52,0,52,124
03/11/2007,CWA,WI,AGL,CE,Federal Contract Tower,2,26,2,0,30,0,0,15,0,15,2,26,17,0,45,12,0,12,57
03/12/2007,CWA,WI,AGL,CE,Federal Contract Tower,0,34,3,0,37,0,0,11,0,11,0,34,14,0,48,6,0,6,54
03/13/2007,CWA,WI,AGL,CE,Federal Contract Tower,0,35,4,4,43,0,0,24,0,24,0,35,28,4,67,18,0,18,85
03/14/2007,CWA,WI,AGL,CE,Federal Contract Tower,0,35,11,0,46,0,0,6,0,6,0,35,17,0,52,6,0,6,58
03/15/2007,CWA,WI,AGL,CE,Federal Contract Tower,2,36,3,2,43,0,0,6,0,6,2,36,9,2,49,14,14,28,77
03/16/2007,CWA,WI,AGL,CE,Federal Contract Tower,0,35,11,0,46,0,0,11,0,11,0,35,22,0,57,46,0,46,103
03/17/2007,CWA,WI,AGL,CE,Federal Contract Tower,0,29,2,0,31,0,0,15,0,15,0,29,17,0,46,44,0,44,90
03/18/2007,CWA,WI,AGL,CE,Federal Contract Tower,4,25,2,0,31,0,0,26,0,26,4,25,28,0,57,4,0,4,61
03/19/2007,CWA,WI,AGL,CE,Federal Contract Tower,0,37,9,0,46,0,0,5,0,5,0,37,14,0,51,8,0,8,59
03/20/2007,CWA,WI,AGL,CE,Federal Contract Tower,0,36,5,0,41,0,0,24,0,24,0,36,29,0,65,12,0,12,77
03/21/2007,CWA,WI,AGL,CE,Federal Contract Tower,0,20,8,0,28,0,0,0,0,0,0,20,8,0,28,0,0,0,28
03/22/2007,CWA,WI,AGL,CE,Federal Contract Tower,0,35,8,0,43,0,1,25,0,26,0,36,33,0,69,40,0,40,109
03/23/2007,CWA,WI,AGL,CE,Federal Contract Tower,0,35,5,0,40,0,0,8,2,10,0,35,13,2,50,36,8,44,94
03/24/2007,CWA,WI,AGL,CE,Federal Contract Tower,0,20,1,0,21,0,0,2,0,2,0,20,3,0,23,14,0,14,37
03/25/2007,CWA,WI,AGL,CE,Federal Contract Tower,0,21,3,0,24,0,0,3,0,3,0,21,6,0,27,0,0,0,27
03/26/2007,CWA,WI,AGL,CE,Federal Contract Tower,0,35,5,0,40,0,3,8,0,11,0,38,13,0,51,8,0,8,59
03/27/2007,CWA,WI,AGL,CE,Federal Contract Tower,0,31,6,0,37,0,1,15,3,19,0,32,21,3,56,34,8,42,98
03/28/2007,CWA,WI,AGL,CE,Federal Contract Tower,0,31,9,0,40,0,0,16,2,18,0,31,25,2,58,0,2,2,60
03/29/2007,CWA,WI,AGL,CE,Federal Contract Tower,0,35,9,2,46,0,0,12,0,12,0,35,21,2,58,18,30,48,106
03/30/2007,CWA,WI,AGL,CE,Federal Contract Tower,0,35,4,0,39,0,0,4,0,4,0,35,8,0,43,0,0,0,43
03/31/2007,CWA,WI,AGL,CE,Federal Contract Tower,0,28,1,0,29,0,0,0,0,0,0,28,1,0,29,4,0,4,33
04/01/2007,CWA,WI,AGL,CE,Federal Contract Tower,0,25,2,0,27,0,0,2,0,2,0,25,4,0,29,0,0,0,29
04/02/2007,CWA,WI,AGL,CE,Federal Contract Tower,0,28,7,0,35,0,1,8,0,9,0,29,15,0,44,0,0,0,44
04/03/2007,CWA,WI,AGL,CE,Federal Contract Tower,0,36,1,0,37,0,0,0,0,0,0,36,1,0,37,0,0,0,37
04/04/2007,CWA,WI,AGL,CE,Federal Contract Tower,0,39,3,8,50,0,0,0,0,0,0,39,3,8,50,0,0,0,50
04/05/2007,CWA,WI,AGL,CE,Federal Contract Tower,0,38,2,0,40,0,0,5,0,5,0,38,7,0,45,6,0,6,51
04/06/2007,CWA,WI,AGL,CE,Federal Contract Tower,0,34,4,0,38,0,0,9,0,9,0,34,13,0,47,2,0,2,49
04/07/2007,CWA,WI,AGL,CE,Federal Contract Tower,0,24,3,0,27,0,0,2,0,2,0,24,5,0,29,2,0,2,31
04/08/2007,CWA,WI,AGL,CE,Federal Contract Tower,0,25,3,0,28,0,0,6,0,6,0,25,9,0,34,4,0,4,38
04/09/2007,CWA,WI,AGL,CE,Federal Contract Tower,0,35,4,0,39,0,0,7,0,7,0,35,11,0,46,6,0,6,52
04/10/2007,CWA,WI,AGL,CE,Federal Contract Tower,0,31,14,4,49,0,0,13,6,19,0,31,27,10,68,20,14,34,102
04/11/2007,CWA,WI,AGL,CE,Federal Contract Tower,2,31,8,0,41,0,0,0,0,0,2,31,8,0,41,0,0,0,41
04/12/2007,CWA,WI,AGL,CE,Federal Contract Tower,0,36,8,6,50,0,0,3,0,3,0,36,11,6,53,4,14,18,71
04/13/2007,CWA,WI,AGL,CE,Federal Contract Tower,0,37,2,2,41,0,0,29,0,29,0,37,31,2,70,18,0,18,88
04/14/2007,CWA,WI,AGL,CE,Federal Contract Tower,0,31,1,0,32,0,0,27,0,27,0,31,28,0,59,34,0,34,93
04/15/2007,CWA,WI,AGL,CE,Federal Contract Tower,2,26,4,2,34,0,0,12,0,12,2,26,16,2,46,8,2,10,56
04/16/2007,CWA,WI,AGL,CE,Federal Contract Tower,0,35,9,0,44,0,0,11,0,11,0,35,20,0,55,6,0,6,61
04/17/2007,CWA,WI,AGL,CE,Federal Contract Tower,0,38,9,2,49,0,0,16,4,20,0,38,25,6,69,32,22,54,123
04/18/2007,CWA,WI,AGL,CE,Federal Contract Tower,0,32,12,0,44,0,0,12,0,12,0,32,24,0,56,28,0,28,84
04/19/2007,CWA,WI,AGL,CE,Federal Contract Tower,2,33,9,0,44,0,1,19,0,20,2,34,28,0,64,16,2,18,82
04/20/2007,CWA,WI,AGL,CE,Federal Contract Tower,0,36,3,0,39,0,0,26,0,26,0,36,29,0,65,28,0,28,93
04/21/2007,CWA,WI,AGL,CE,Federal Contract Tower,0,27,3,0,30,0,0,17,0,17,0,27,20,0,47,28,0,28,75
04/22/2007,CWA,WI,AGL,CE,Federal Contract Tower,2,27,7,0,36,0,0,6,0,6,2,27,13,0,42,14,0,14,56
04/23/2007,CWA,WI,AGL,CE,Federal Contract Tower,0,32,5,0,37,0,1,16,0,17,0,33,21,0,54,4,0,4,58
04/24/2007,CWA,WI,AGL,CE,Federal Contract Tower,0,34,13,0,47,0,2,25,0,27,0,36,38,0,74,16,0,16,90
04/25/2007,CWA,WI,AGL,CE,Federal Contract Tower,1,29,14,3,47,0,0,19,0,19,1,29,33,3,66,4,6,10,76
04/26/2007,CWA,WI,AGL,CE,Federal Contract Tower,1,31,3,4,39,0,0,1,0,1,1,31,4,4,40,0,10,10,50
04/27/2007,CWA,WI,AGL,CE,Federal Contract Tower,0,36,7,0,43,0,0,15,0,15,0,36,22,0,58,20,0,20,78
04/28/2007,CWA,WI,AGL,CE,Federal Contract Tower,0,28,5,0,33,0,0,21,0,21,0,28,26,0,54,20,0,20,74
04/29/2007,CWA,WI,AGL,CE,Federal Contract Tower,2,25,4,0,31,0,0,7,0,7,2,25,11,0,38,4,0,4,42
04/30/2007,CWA,WI,AGL,CE,Federal Contract Tower,0,34,2,0,36,0,0,9,0,9,0,34,11,0,45,4,0,4,49
05/01/2007,CWA,WI,AGL,CE,Federal Contract Tower,0,38,7,0,45,0,0,20,0,20,0,38,27,0,65,6,0,6,71
05/02/2007,CWA,WI,AGL,CE,Federal Contract Tower,2,36,5,0,43,0,0,28,0,28,2,36,33,0,71,12,0,12,83
05/03/2007,CWA,WI,AGL,CE,Federal Contract Tower,2,37,11,2,52,0,0,32,2,34,2,37,43,4,86,0,30,30,116
05/04/2007,CWA,WI,AGL,CE,Federal Contract Tower,0,33,7,2,42,0,0,18,0,18,0,33,25,2,60,12,0,12,72
05/05/2007,CWA,WI,AGL,CE,Federal Contract Tower,0,26,2,4,32,0,0,14,0,14,0,26,16,4,46,0,20,20,66
05/06/2007,CWA,WI,AGL,CE,Federal Contract Tower,4,27,1,2,34,0,0,1,0,1,4,27,2,2,35,0,0,0,35
05/07/2007,CWA,WI,AGL,CE,Federal Contract Tower,0,35,4,0,39,0,0,8,0,8,0,35,12,0,47,6,0,6,53
05/08/2007,CWA,WI,AGL,CE,Federal Contract Tower,0,38,3,4,45,0,4,15,0,19,0,42,18,4,64,24,12,36,100
05/09/2007,CWA,WI,AGL,CE,Federal Contract Tower,1,34,4,0,39,0,0,22,0,22,1,34,26,0,61,12,0,12,73
05/10/2007,CWA,WI,AGL,CE,Federal Contract Tower,1,35,11,2,49,0,1,28,8,37,1,36,39,10,86,20,44,64,150
05/11/2007,CWA,WI,AGL,CE,Federal Contract Tower,0,34,2,0,36,0,0,8,0,8,0,34,10,0,44,18,0,18,62
05/12/2007,CWA,WI,AGL,CE,Federal Contract Tower,0,25,6,0,31,0,1,8,0,9,0,26,14,0,40,14,0,14,54
05/13/2007,CWA,WI,AGL,CE,Federal Contract Tower,2,26,7,0,35,0,0,7,0,7,2,26,14,0,42,4,0,4,46
05/14/2007,CWA,WI,AGL,CE,Federal Contract Tower,0,34,5,0,39,0,1,1,0,2,0,35,6,0,41,0,0,0,41
05/15/2007,CWA,WI,AGL,CE,Federal Contract Tower,0,36,5,4,45,0,0,5,2,7,0,36,10,6,52,4,24,28,80
05/16/2007,CWA,WI,AGL,CE,Federal Contract Tower,0,36,3,0,39,0,1,10,0,11,0,37,13,0,50,8,0,8,58
05/17/2007,CWA,WI,AGL,CE,Federal Contract Tower,0,34,4,2,40,0,0,23,0,23,0,34,27,2,63,22,12,34,97
05/18/2007,CWA,WI,AGL,CE,Federal Contract Tower,0,36,7,0,43,0,0,24,0,24,0,36,31,0,67,20,0,20,87
05/19/2007,CWA,WI,AGL,CE,Federal Contract Tower,0,27,1,2,30,0,0,139,6,145,0,27,140,8,175,6,6,12,187
05/20/2007,CWA,WI,AGL,CE,Federal Contract Tower,0,26,4,0,30,0,0,23,0,23,0,26,27,0,53,2,0,2,55
05/21/2007,CWA,WI,AGL,CE,Federal Contract Tower,0,32,6,0,38,0,0,20,0,20,0,32,26,0,58,2,0,2,60
05/22/2007,CWA,WI,AGL,CE,Federal Contract Tower,0,34,7,1,42,0,0,19,1,20,0,34,26,2,62,6,16,22,84
05/23/2007,CWA,WI,AGL,CE,Federal Contract Tower,0,38,9,0,47,0,0,13,4,17,0,38,22,4,64,0,10,10,74
05/24/2007,CWA,WI,AGL,CE,Federal Contract Tower,0,32,5,0,37,0,0,39,0,39,0,32,44,0,76,0,0,0,76
05/25/2007,CWA,WI,AGL,CE,Federal Contract Tower,0,35,4,2,41,0,0,27,0,27,0,35,31,2,68,40,0,40,108
05/26/2007,CWA,WI,AGL,CE,Federal Contract Tower,0,27,3,0,30,0,0,10,0,10,0,27,13,0,40,2,0,2,42
05/27/2007,CWA,WI,AGL,CE,Federal Contract Tower,0,21,4,0,25,0,0,12,0,12,0,21,16,0,37,0,0,0,37
05/28/2007,CWA,WI,AGL,CE,Federal Contract Tower,0,24,2,0,26,0,0,18,0,18,0,24,20,0,44,2,0,2,46
05/29/2007,CWA,WI,AGL,CE,Federal Contract Tower,0,33,3,0,36,0,1,34,0,35,0,34,37,0,71,24,0,24,95
05/30/2007,CWA,WI,AGL,CE,Federal Contract Tower,0,30,3,0,33,0,0,18,0,18,0,30,21,0,51,22,0,22,73
05/31/2007,CWA,WI,AGL,CE,Federal Contract Tower,0,34,12,2,48,0,0,8,0,8,0,34,20,2,56,10,18,28,84
06/01/2007,CWA,WI,AGL,CE,Federal Contract Tower,0,33,0,0,33,0,0,16,0,16,0,33,16,0,49,20,0,20,69
06/02/2007,CWA,WI,AGL,CE,Federal Contract Tower,0,31,5,0,36,0,1,2,0,3,0,32,7,0,39,2,0,2,41
06/03/2007,CWA,WI,AGL,CE,Federal Contract Tower,0,22,2,0,24,0,0,2,0,2,0,22,4,0,26,4,0,4,30
06/04/2007,CWA,WI,AGL,CE,Federal Contract Tower,0,33,5,0,38,0,0,5,4,9,0,33,10,4,47,0,0,0,47
06/05/2007,CWA,WI,AGL,CE,Federal Contract Tower,0,36,9,2,47,0,0,0,10,10,0,36,9,12,57,20,8,28,85
06/06/2007,CWA,WI,AGL,CE,Federal Contract Tower,0,37,3,0,40,0,0,12,0,12,0,37,15,0,52,0,0,0,52
06/07/2007,CWA,WI,AGL,CE,Federal Contract Tower,2,31,3,2,38,0,1,8,0,9,2,32,11,2,47,2,0,2,49
06/08/2007,CWA,WI,AGL,CE,Federal Contract Tower,2,38,5,0,45,0,0,5,0,5,2,38,10,0,50,10,0,10,60
06/09/2007,CWA,WI,AGL,CE,Federal Contract Tower,2,25,1,0,28,0,1,38,0,39,2,26,39,0,67,36,0,36,103
06/10/2007,CWA,WI,AGL,CE,Federal Contract Tower,2,28,2,2,34,0,0,27,0,27,2,28,29,2,61,44,8,52,113
06/11/2007,CWA,WI,AGL,CE,Federal Contract Tower,2,30,6,0,38,0,1,22,0,23,2,31,28,0,61,8,0,8,69
06/12/2007,CWA,WI,AGL,CE,Federal Contract Tower,2,33,1,2,38,0,0,6,9,15,2,33,7,11,53,20,14,34,87
06/13/2007,CWA,WI,AGL,CE,Federal Contract Tower,4,33,12,0,49,0,2,20,0,22,4,35,32,0,71,14,0,14,85
06/14/2007,CWA,WI,AGL,CE,Federal Contract Tower,2,35,6,0,43,0,1,24,0,25,2,36,30,0,68,20,0,20,88
06/15/2007,CWA,WI,AGL,CE,Federal Contract Tower,2,40,4,0,46,0,1,22,0,23,2,41,26,0,69,24,0,24,93
06/16/2007,CWA,WI,AGL,CE,Federal Contract Tower,2,26,3,0,31,0,1,20,0,21,2,27,23,0,52,16,0,16,68
06/17/2007,CWA,WI,AGL,CE,Federal Contract Tower,2,25,2,0,29,0,0,10,0,10,2,25,12,0,39,26,0,26,65
06/18/2007,CWA,WI,AGL,CE,Federal Contract Tower,2,29,7,0,38,0,0,7,0,7,2,29,14,0,45,6,0,6,51
06/19/2007,CWA,WI,AGL,CE,Federal Contract Tower,2,37,4,1,44,0,2,8,5,15,2,39,12,6,59,12,12,24,83
06/20/2007,CWA,WI,AGL,CE,Federal Contract Tower,1,33,7,0,41,0,1,22,0,23,1,34,29,0,64,8,0,8,72
06/21/2007,CWA,WI,AGL,CE,Federal Contract Tower,3,34,10,0,47,0,2,51,0,53,3,36,61,0,100,40,0,40,140
06/22/2007,CWA,WI,AGL,CE,Federal Contract Tower,2,33,7,0,42,0,1,21,0,22,2,34,28,0,64,12,0,12,76
06/23/2007,CWA,WI,AGL,CE,Federal Contract Tower,2,24,6,0,32,0,0,27,0,27,2,24,33,0,59,26,0,26,85
06/24/2007,CWA,WI,AGL,CE,Federal Contract Tower,2,30,0,0,32,0,0,10,0,10,2,30,10,0,42,8,0,8,50
06/25/2007,CWA,WI,AGL,CE,Federal Contract Tower,2,36,4,0,42,0,0,12,0,12,2,36,16,0,54,6,0,6,60
06/26/2007,CWA,WI,AGL,CE,Federal Contract Tower,2,29,5,2,38,0,1,18,12,31,2,30,23,14,69,16,30,46,115
06/27/2007,CWA,WI,AGL,CE,Federal Contract Tower,2,27,7,0,36,0,0,19,0,19,2,27,26,0,55,20,0,20,75
06/28/2007,CWA,WI,AGL,CE,Federal Contract Tower,0,34,5,2,41,0,1,19,2,22,0,35,24,4,63,40,22,62,125
06/29/2007,CWA,WI,AGL,CE,Federal Contract Tower,0,33,2,0,35,0,0,20,0,20,0,33,22,0,55,28,0,28,83
06/30/2007,CWA,WI,AGL,CE,Federal Contract Tower,2,26,0,0,28,0,0,17,0,17,2,26,17,0,45,12,0,12,57
07/01/2007,CWA,WI,AGL,CE,Federal Contract Tower,0,27,4,0,31,0,0,25,0,25,0,27,29,0,56,18,0,18,74
07/02/2007,CWA,WI,AGL,CE,Federal Contract Tower,0,27,10,0,37,0,1,12,0,13,0,28,22,0,50,22,0,22,72
07/03/2007,CWA,WI,AGL,CE,Federal Contract Tower,2,30,3,0,35,0,0,9,0,9,2,30,12,0,44,10,0,10,54
07/04/2007,CWA,WI,AGL,CE,Federal Contract Tower,2,21,7,0,30,0,2,8,0,10,2,23,15,0,40,8,0,8,48
07/05/2007,CWA,WI,AGL,CE,Federal Contract Tower,2,29,2,0,33,0,0,13,0,13,2,29,15,0,46,26,0,26,72
07/06/2007,CWA,WI,AGL,CE,Federal Contract Tower,2,33,4,0,39,0,0,23,2,25,2,33,27,2,64,50,4,54,118
07/07/2007,CWA,WI,AGL,CE,Federal Contract Tower,2,26,4,0,32,0,0,19,0,19,2,26,23,0,51,36,0,36,87
07/08/2007,CWA,WI,AGL,CE,Federal Contract Tower,0,26,5,0,31,0,0,12,0,12,0,26,17,0,43,14,0,14,57
07/09/2007,CWA,WI,AGL,CE,Federal Contract Tower,2,32,9,0,43,0,0,4,4,8,2,32,13,4,51,0,0,0,51
07/10/2007,CWA,WI,AGL,CE,Federal Contract Tower,2,36,6,2,46,0,0,17,0,17,2,36,23,2,63,0,12,12,75
07/11/2007,CWA,WI,AGL,CE,Federal Contract Tower,2,34,8,4,48,0,0,25,0,25,2,34,33,4,73,4,12,16,89
07/12/2007,CWA,WI,AGL,CE,Federal Contract Tower,2,35,6,0,43,0,0,10,0,10,2,35,16,0,53,6,0,6,59
07/13/2007,CWA,WI,AGL,CE,Federal Contract Tower,2,34,7,0,43,0,0,10,0,10,2,34,17,0,53,50,0,50,103
07/14/2007,CWA,WI,AGL,CE,Federal Contract Tower,2,25,3,4,34,0,0,9,4,13,2,25,12,8,47,2,24,26,73
07/15/2007,CWA,WI,AGL,CE,Federal Contract Tower,0,25,0,0,25,0,0,27,2,29,0,25,27,2,54,12,0,12,66
07/16/2007,CWA,WI,AGL,CE,Federal Contract Tower,2,31,7,0,40,0,0,15,0,15,2,31,22,0,55,40,0,40,95
07/17/2007,CWA,WI,AGL,CE,Federal Contract Tower,2,35,3,2,42,0,1,24,0,25,2,36,27,2,67,32,16,48,115
07/18/2007,CWA,WI,AGL,CE,Federal Contract Tower,4,40,8,0,52,0,0,14,0,14,4,40,22,0,66,20,0,20,86
07/19/2007,CWA,WI,AGL,CE,Federal Contract Tower,2,30,3,0,35,0,1,14,0,15,2,31,17,0,50,10,0,10,60
07/20/2007,CWA,WI,AGL,CE,Federal Contract Tower,2,34,10,0,46,0,0,36,0,36,2,34,46,0,82,50,0,50,132
07/21/2007,CWA,WI,AGL,CE,Federal Contract Tower,4,28,1,0,33,0,0,27,0,27,4,28,28,0,60,28,0,28,88
07/22/2007,CWA,WI,AGL,CE,Federal Contract Tower,0,25,3,0,28,0,0,24,2,26,0,25,27,2,54,32,0,32,86
07/23/2007,CWA,WI,AGL,CE,Federal Contract Tower,2,30,3,0,35,0,0,11,0,11,2,30,14,0,46,4,0,4,50
07/24/2007,CWA,WI,AGL,CE,Federal Contract Tower,2,36,12,0,50,0,0,35,0,35,2,36,47,0,85,24,0,24,109
07/25/2007,CWA,WI,AGL,CE,Federal Contract Tower,2,36,10,0,48,0,0,26,0,26,2,36,36,0,74,40,0,40,114
07/26/2007,CWA,WI,AGL,CE,Federal Contract Tower,0,30,5,0,35,0,1,12,0,13,0,31,17,0,48,20,0,20,68
07/27/2007,CWA,WI,AGL,CE,Federal Contract Tower,2,38,11,0,51,0,0,18,0,18,2,38,29,0,69,16,0,16,85
07/28/2007,CWA,WI,AGL,CE,Federal Contract Tower,2,26,1,0,29,0,0,32,0,32,2,26,33,0,61,18,0,18,79
07/29/2007,CWA,WI,AGL,CE,Federal Contract Tower,0,25,2,0,27,0,0,37,0,37,0,25,39,0,64,12,0,12,76
07/30/2007,CWA,WI,AGL,CE,Federal Contract Tower,2,32,10,0,44,0,0,20,0,20,2,32,30,0,64,28,0,28,92
07/31/2007,CWA,WI,AGL,CE,Federal Contract Tower,4,32,6,0,42,0,0,27,0,27,4,32,33,0,69,14,0,14,83
08/01/2007,CWA,WI,AGL,CE,Federal Contract Tower,2,33,9,0,44,0,1,33,0,34,2,34,42,0,78,26,0,26,104
08/02/2007,CWA,WI,AGL,CE,Federal Contract Tower,2,34,18,0,54,0,1,33,2,36,2,35,51,2,90,36,0,36,126
08/03/2007,CWA,WI,AGL,CE,Federal Contract Tower,2,28,5,0,35,0,2,28,0,30,2,30,33,0,65,26,0,26,91
08/04/2007,CWA,WI,AGL,CE,Federal Contract Tower,4,26,1,0,31,0,0,12,0,12,4,26,13,0,43,20,0,20,63
08/05/2007,CWA,WI,AGL,CE,Federal Contract Tower,0,24,7,0,31,0,0,1,0,1,0,24,8,0,32,0,0,0,32
08/06/2007,CWA,WI,AGL,CE,Federal Contract Tower,2,30,6,0,38,0,0,7,0,7,2,30,13,0,45,4,0,4,49
08/07/2007,CWA,WI,AGL,CE,Federal Contract Tower,2,38,8,0,48,0,0,19,0,19,2,38,27,0,67,24,0,24,91
08/08/2007,CWA,WI,AGL,CE,Federal Contract Tower,2,36,3,4,45,0,0,25,2,27,2,36,28,6,72,28,6,34,106
08/09/2007,CWA,WI,AGL,CE,Federal Contract Tower,2,35,2,0,39,0,1,18,0,19,2,36,20,0,58,42,0,42,100
08/10/2007,CWA,WI,AGL,CE,Federal Contract Tower,2,33,0,0,35,0,0,23,0,23,2,33,23,0,58,50,0,50,108
08/11/2007,CWA,WI,AGL,CE,Federal Contract Tower,2,27,1,0,30,0,0,6,0,6,2,27,7,0,36,0,0,0,36
08/12/2007,CWA,WI,AGL,CE,Federal Contract Tower,0,28,6,0,34,0,0,35,0,35,0,28,41,0,69,18,0,18,87
08/13/2007,CWA,WI,AGL,CE,Federal Contract Tower,2,30,4,0,36,0,0,14,0,14,2,30,18,0,50,6,0,6,56
08/14/2007,CWA,WI,AGL,CE,Federal Contract Tower,2,33,9,0,44,0,0,16,0,16,2,33,25,0,60,28,0,28,88
08/15/2007,CWA,WI,AGL,CE,Federal Contract Tower,2,31,7,0,40,0,1,6,0,7,2,32,13,0,47,6,0,6,53
08/16/2007,CWA,WI,AGL,CE,Federal Contract Tower,2,33,1,0,36,0,1,25,0,26,2,34,26,0,62,30,0,30,92
08/17/2007,CWA,WI,AGL,CE,Federal Contract Tower,2,30,7,0,39,0,0,18,0,18,2,30,25,0,57,34,0,34,91
08/18/2007,CWA,WI,AGL,CE,Federal Contract Tower,0,24,3,0,27,0,0,14,0,14,0,24,17,0,41,10,0,10,51
08/19/2007,CWA,WI,AGL,CE,Federal Contract Tower,0,24,7,0,31,0,0,0,0,0,0,24,7,0,31,0,0,0,31
08/20/2007,CWA,WI,AGL,CE,Federal Contract Tower,2,24,5,4,35,0,0,0,0,0,2,24,5,4,35,0,0,0,35
08/21/2007,CWA,WI,AGL,CE,Federal Contract Tower,2,35,13,0,50,0,0,0,0,0,2,35,13,0,50,0,0,0,50
08/22/2007,CWA,WI,AGL,CE,Federal Contract Tower,2,30,16,0,48,0,1,1,0,2,2,31,17,0,50,10,0,10,60
08/23/2007,CWA,WI,AGL,CE,Federal Contract Tower,2,28,8,2,40,0,3,0,2,5,2,31,8,4,45,0,10,10,55
08/24/2007,CWA,WI,AGL,CE,Federal Contract Tower,2,31,3,0,36,0,0,6,0,6,2,31,9,0,42,8,0,8,50
08/25/2007,CWA,WI,AGL,CE,Federal Contract Tower,4,22,2,0,28,0,0,28,0,28,4,22,30,0,56,14,0,14,70
08/26/2007,CWA,WI,AGL,CE,Federal Contract Tower,2,26,1,0,29,0,0,17,0,17,2,26,18,0,46,6,0,6,52
08/27/2007,CWA,WI,AGL,CE,Federal Contract Tower,2,32,6,0,40,0,0,13,0,13,2,32,19,0,53,4,0,4,57
08/28/2007,CWA,WI,AGL,CE,Federal Contract Tower,2,32,3,0,37,0,1,10,0,11,2,33,13,0,48,0,0,0,48
08/29/2007,CWA,WI,AGL,CE,Federal Contract Tower,2,32,9,2,45,0,0,16,2,18,2,32,25,4,63,6,16,22,85
08/30/2007,CWA,WI,AGL,CE,Federal Contract Tower,2,35,8,0,45,0,1,19,0,20,2,36,27,0,65,18,0,18,83
08/31/2007,CWA,WI,AGL,CE,Federal Contract Tower,2,31,8,0,41,0,0,19,0,19,2,31,27,0,60,40,0,40,100
09/01/2007,CWA,WI,AGL,CE,Federal Contract Tower,2,21,1,0,24,0,0,14,0,14,2,21,15,0,38,26,0,26,64
09/02/2007,CWA,WI,AGL,CE,Federal Contract Tower,0,20,3,0,23,0,0,10,2,12,0,20,13,2,35,10,0,10,45
09/03/2007,CWA,WI,AGL,CE,Federal Contract Tower,2,27,4,0,33,0,0,11,0,11,2,27,15,0,44,10,0,10,54
09/04/2007,CWA,WI,AGL,CE,Federal Contract Tower,2,31,2,0,35,0,1,16,0,17,2,32,18,0,52,24,0,24,76
09/05/2007,CWA,WI,AGL,CE,Federal Contract Tower,0,32,3,0,35,0,1,8,0,9,0,33,11,0,44,6,0,6,50
09/06/2007,CWA,WI,AGL,CE,Federal Contract Tower,2,35,5,0,42,0,1,14,1,16,2,36,19,1,58,8,0,8,66
09/07/2007,CWA,WI,AGL,CE,Federal Contract Tower,0,32,3,0,35,0,0,10,0,10,0,32,13,0,45,4,0,4,49
09/08/2007,CWA,WI,AGL,CE,Federal Contract Tower,0,25,5,0,30,0,0,23,0,23,0,25,28,0,53,30,0,30,83
09/09/2007,CWA,WI,AGL,CE,Federal Contract Tower,4,24,4,0,32,0,0,20,2,22,4,24,24,2,54,14,0,14,68
09/10/2007,CWA,WI,AGL,CE,Federal Contract Tower,3,29,2,0,34,0,0,0,0,0,3,29,2,0,34,0,0,0,34
09/11/2007,CWA,WI,AGL,CE,Federal Contract Tower,0,31,7,0,38,0,1,19,4,24,0,32,26,4,62,14,0,14,76
09/12/2007,CWA,WI,AGL,CE,Federal Contract Tower,0,31,2,0,33,0,2,17,4,23,0,33,19,4,56,24,0,24,80
09/13/2007,CWA,WI,AGL,CE,Federal Contract Tower,0,35,9,0,44,0,1,10,0,11,0,36,19,0,55,0,0,0,55
09/14/2007,CWA,WI,AGL,CE,Federal Contract Tower,0,33,5,3,41,0,0,7,0,7,0,33,12,3,48,4,0,4,52
09/15/2007,CWA,WI,AGL,CE,Federal Contract Tower,1,23,1,0,25,0,0,17,0,17,1,23,18,0,42,10,0,10,52
09/16/2007,CWA,WI,AGL,CE,Federal Contract Tower,2,24,7,0,33,0,0,18,4,22,2,24,25,4,55,10,0,10,65
09/17/2007,CWA,WI,AGL,CE,Federal Contract Tower,0,32,4,0,36,0,0,4,0,4,0,32,8,0,40,0,0,0,40
09/18/2007,CWA,WI,AGL,CE,Federal Contract Tower,0,31,6,0,37,0,1,16,0,17,0,32,22,0,54,20,0,20,74
09/19/2007,CWA,WI,AGL,CE,Federal Contract Tower,0,34,6,0,40,0,0,14,2,16,0,34,20,2,56,14,2,16,72
09/20/2007,CWA,WI,AGL,CE,Federal Contract Tower,0,33,9,6,48,0,2,7,0,9,0,35,16,6,57,10,0,10,67
09/21/2007,CWA,WI,AGL,CE,Federal Contract Tower,0,33,12,0,45,0,1,6,0,7,0,34,18,0,52,4,0,4,56
09/22/2007,CWA,WI,AGL,CE,Federal Contract Tower,0,25,6,0,31,0,0,26,0,26,0,25,32,0,57,8,0,8,65
09/23/2007,CWA,WI,AGL,CE,Federal Contract Tower,2,24,4,0,30,0,0,36,0,36,2,24,40,0,66,6,0,6,72
09/24/2007,CWA,WI,AGL,CE,Federal Contract Tower,0,28,3,2,33,0,1,9,0,10,0,29,12,2,43,2,2,4,47
09/25/2007,CWA,WI,AGL,CE,Federal Contract Tower,0,32,8,0,40,0,0,1,0,1,0,32,9,0,41,0,0,0,41
09/26/2007,CWA,WI,AGL,CE,Federal Contract Tower,0,30,9,1,40,0,3,54,1,58,0,33,63,2,98,42,6,48,146
09/27/2007,CWA,WI,AGL,CE,Federal Contract Tower,0,31,11,1,43,0,2,39,9,50,0,33,50,10,93,16,14,30,123
09/28/2007,CWA,WI,AGL,CE,Federal Contract Tower,0,35,8,0,43,0,1,24,0,25,0,36,32,0,68,32,0,32,100
09/29/2007,CWA,WI,AGL,CE,Federal Contract Tower,0,26,2,0,28,0,1,111,0,112,0,27,113,0,140,22,0,22,162
09/30/2007,CWA,WI,AGL,CE,Federal Contract Tower,4,21,3,0,28,0,0,12,0,12,4,21,15,0,40,12,0,12,52
10/01/2007,CWA,WI,AGL,CE,Federal Contract Tower,0,32,5,0,37,0,0,7,0,7,0,32,12,0,44,6,0,6,50
10/02/2007,CWA,WI,AGL,CE,Federal Contract Tower,0,29,6,0,35,0,0,3,0,3,0,29,9,0,38,0,0,0,38
10/03/2007,CWA,WI,AGL,CE,Federal Contract Tower,2,31,8,0,41,0,1,12,0,13,2,32,20,0,54,10,0,10,64
10/04/2007,CWA,WI,AGL,CE,Federal Contract Tower,2,33,7,2,44,0,0,17,2,19,2,33,24,4,63,8,0,8,71
10/05/2007,CWA,WI,AGL,CE,Federal Contract Tower,0,32,9,0,41,0,0,10,0,10,0,32,19,0,51,0,0,0,51
10/06/2007,CWA,WI,AGL,CE,Federal Contract Tower,2,23,0,0,25,0,1,3,0,4,2,24,3,0,29,0,0,0,29
10/07/2007,CWA,WI,AGL,CE,Federal Contract Tower,2,21,2,0,25,0,0,12,0,12,2,21,14,0,37,0,0,0,37
10/08/2007,CWA,WI,AGL,CE,Federal Contract Tower,0,27,0,0,27,0,1,10,0,11,0,28,10,0,38,6,0,6,44
10/09/2007,CWA,WI,AGL,CE,Federal Contract Tower,0,34,1,0,35,0,0,9,0,9,0,34,10,0,44,6,0,6,50
10/10/2007,CWA,WI,AGL,CE,Federal Contract Tower,0,31,7,0,38,0,1,11,0,12,0,32,18,0,50,10,0,10,60
10/11/2007,CWA,WI,AGL,CE,Federal Contract Tower,0,34,5,0,39,0,0,16,0,16,0,34,21,0,55,24,0,24,79
10/12/2007,CWA,WI,AGL,CE,Federal Contract Tower,0,32,6,2,40,0,1,7,0,8,0,33,13,2,48,40,0,40,88
10/13/2007,CWA,WI,AGL,CE,Federal Contract Tower,0,27,3,0,30,0,1,14,0,15,0,28,17,0,45,10,0,10,55
10/14/2007,CWA,WI,AGL,CE,Federal Contract Tower,4,24,1,0,29,0,0,5,0,5,4,24,6,0,34,4,0,4,38
10/15/2007,CWA,WI,AGL,CE,Federal Contract Tower,0,29,12,0,41,0,0,0,0,0,0,29,12,0,41,0,0,0,41
10/16/2007,CWA,WI,AGL,CE,Federal Contract Tower,0,33,11,0,44,0,0,2,0,2,0,33,13,0,46,6,0,6,52
10/17/2007,CWA,WI,AGL,CE,Federal Contract Tower,2,31,11,0,44,0,1,14,0,15,2,32,25,0,59,2,0,2,61
10/18/2007,CWA,WI,AGL,CE,Federal Contract Tower,0,31,8,0,39,0,0,0,0,0,0,31,8,0,39,0,0,0,39
10/19/2007,CWA,WI,AGL,CE,Federal Contract Tower,0,33,8,0,41,0,0,0,0,0,0,33,8,0,41,0,0,0,41
10/20/2007,CWA,WI,AGL,CE,Federal Contract Tower,0,27,5,0,32,0,1,23,0,24,0,28,28,0,56,28,0,28,84
10/21/2007,CWA,WI,AGL,CE,Federal Contract Tower,2,23,0,0,25,0,0,30,0,30,2,23,30,0,55,28,0,28,83
10/22/2007,CWA,WI,AGL,CE,Federal Contract Tower,0,37,9,0,46,0,0,7,0,7,0,37,16,0,53,20,0,20,73
10/23/2007,CWA,WI,AGL,CE,Federal Contract Tower,0,32,8,6,46,0,1,15,2,18,0,33,23,8,64,18,10,28,92
10/24/2007,CWA,WI,AGL,CE,Federal Contract Tower,0,33,4,0,37,0,1,9,0,10,0,34,13,0,47,10,0,10,57
10/25/2007,CWA,WI,AGL,CE,Federal Contract Tower,1,31,5,7,44,0,1,21,5,27,1,32,26,12,71,18,26,44,115
10/26/2007,CWA,WI,AGL,CE,Federal Contract Tower,1,34,10,0,45,0,2,6,0,8,1,36,16,0,53,0,0,0,53
10/27/2007,CWA,WI,AGL,CE,Federal Contract Tower,0,23,12,0,35,0,3,6,0,9,0,26,18,0,44,0,0,0,44
10/28/2007,CWA,WI,AGL,CE,Federal Contract Tower,2,26,4,0,32,0,0,22,0,22,2,26,26,0,54,32,0,32,86
10/29/2007,CWA,WI,AGL,CE,Federal Contract Tower,0,33,4,0,37,0,0,21,0,21,0,33,25,0,58,8,0,8,66
10/30/2007,CWA,WI,AGL,CE,Federal Contract Tower,0,33,8,0,41,0,1,12,0,13,0,34,20,0,54,12,0,12,66
10/31/2007,CWA,WI,AGL,CE,Federal Contract Tower,0,31,11,0,42,0,1,2,0,3,0,32,13,0,45,2,0,2,47
11/01/2007,CWA,WI,AGL,CE,Federal Contract Tower,0,34,1,2,37,0,3,15,1,19,0,37,16,3,56,34,24,58,114
11/02/2007,CWA,WI,AGL,CE,Federal Contract Tower,0,31,5,0,36,0,3,11,0,14,0,34,16,0,50,16,0,16,66
11/03/2007,CWA,WI,AGL,CE,Federal Contract Tower,2,23,0,0,25,0,0,20,0,20,2,23,20,0,45,8,0,8,53
11/04/2007,CWA,WI,AGL,CE,Federal Contract Tower,0,25,0,0,25,0,0,12,0,12,0,25,12,0,37,10,0,10,47
11/05/2007,CWA,WI,AGL,CE,Federal Contract Tower,0,33,4,0,37,0,0,0,0,0,0,33,4,0,37,0,0,0,37
11/06/2007,CWA,WI,AGL,CE,Federal Contract Tower,0,31,5,7,43,0,2,0,1,3,0,33,5,8,46,8,16,24,70
11/07/2007,CWA,WI,AGL,CE,Federal Contract Tower,0,35,2,6,43,0,1,10,0,11,0,36,12,6,54,6,44,50,104
11/08/2007,CWA,WI,AGL,CE,Federal Contract Tower,0,32,4,2,38,0,1,10,16,27,0,33,14,18,65,8,8,16,81
11/09/2007,CWA,WI,AGL,CE,Federal Contract Tower,1,35,2,0,38,0,1,20,0,21,1,36,22,0,59,14,0,14,73
11/10/2007,CWA,WI,AGL,CE,Federal Contract Tower,0,29,0,0,29,0,2,16,0,18,0,31,16,0,47,10,0,10,57
11/11/2007,CWA,WI,AGL,CE,Federal Contract Tower,0,26,5,0,31,0,0,2,0,2,0,26,7,0,33,0,0,0,33
11/12/2007,CWA,WI,AGL,CE,Federal Contract Tower,2,34,3,0,39,0,4,8,0,12,2,38,11,0,51,2,0,2,53
11/13/2007,CWA,WI,AGL,CE,Federal Contract Tower,0,34,4,0,38,0,0,27,2,29,0,34,31,2,67,24,0,24,91
11/14/2007,CWA,WI,AGL,CE,Federal Contract Tower,0,29,8,0,37,0,2,0,0,2,0,31,8,0,39,0,0,0,39
11/15/2007,CWA,WI,AGL,CE,Federal Contract Tower,0,31,9,0,40,0,2,15,0,17,0,33,24,0,57,34,0,34,91
11/16/2007,CWA,WI,AGL,CE,Federal Contract Tower,0,34,8,0,42,0,1,34,0,35,0,35,42,0,77,42,0,42,119
11/17/2007,CWA,WI,AGL,CE,Federal Contract Tower,2,23,3,0,28,0,1,16,0,17,2,24,19,0,45,24,0,24,69
11/18/2007,CWA,WI,AGL,CE,Federal Contract Tower,2,24,4,0,30,0,0,22,0,22,2,24,26,0,52,8,0,8,60
11/19/2007,CWA,WI,AGL,CE,Federal Contract Tower,0,30,7,0,37,0,0,0,0,0,0,30,7,0,37,0,0,0,37
11/20/2007,CWA,WI,AGL,CE,Federal Contract Tower,0,38,10,0,48,0,4,14,0,18,0,42,24,0,66,28,0,28,94
11/21/2007,CWA,WI,AGL,CE,Federal Contract Tower,0,33,3,0,36,0,4,3,0,7,0,37,6,0,43,18,0,18,61
11/22/2007,CWA,WI,AGL,CE,Federal Contract Tower,0,22,0,0,22,0,0,11,0,11,0,22,11,0,33,10,0,10,43
11/23/2007,CWA,WI,AGL,CE,Federal Contract Tower,0,27,4,0,31,0,3,12,0,15,0,30,16,0,46,18,0,18,64
11/24/2007,CWA,WI,AGL,CE,Federal Contract Tower,2,26,2,0,30,0,1,3,0,4,2,27,5,0,34,0,0,0,34
11/25/2007,CWA,WI,AGL,CE,Federal Contract Tower,0,25,3,0,28,0,0,8,0,8,0,25,11,0,36,8,0,8,44
11/26/2007,CWA,WI,AGL,CE,Federal Contract Tower,0,32,10,0,42,0,0,3,0,3,0,32,13,0,45,6,0,6,51
11/27/2007,CWA,WI,AGL,CE,Federal Contract Tower,2,36,7,0,45,0,2,10,0,12,2,38,17,0,57,8,0,8,65
11/28/2007,CWA,WI,AGL,CE,Federal Contract Tower,0,36,6,0,42,0,1,7,0,8,0,37,13,0,50,8,0,8,58
11/29/2007,CWA,WI,AGL,CE,Federal Contract Tower,0,36,5,0,41,0,2,8,0,10,0,38,13,0,51,2,0,2,53
11/30/2007,CWA,WI,AGL,CE,Federal Contract Tower,0,34,4,0,38,0,1,1,2,4,0,35,5,2,42,0,0,0,42
12/01/2007,CWA,WI,AGL,CE,Federal Contract Tower,0,18,2,0,20,0,1,0,0,1,0,19,2,0,21,0,0,0,21
12/02/2007,CWA,WI,AGL,CE,Federal Contract Tower,2,22,3,0,27,0,0,0,0,0,2,22,3,0,27,0,0,0,27
12/03/2007,CWA,WI,AGL,CE,Federal Contract Tower,0,29,0,0,29,0,0,3,0,3,0,29,3,0,32,4,0,4,36
12/04/2007,CWA,WI,AGL,CE,Federal Contract Tower,0,35,3,3,41,0,2,9,5,16,0,37,12,8,57,34,0,34,91
12/05/2007,CWA,WI,AGL,CE,Federal Contract Tower,0,38,2,2,42,0,0,8,2,10,0,38,10,4,52,12,0,12,64
12/06/2007,CWA,WI,AGL,CE,Federal Contract Tower,2,34,7,0,43,0,2,4,0,6,2,36,11,0,49,0,0,0,49
12/07/2007,CWA,WI,AGL,CE,Federal Contract Tower,0,33,10,0,43,0,0,13,0,13,0,33,23,0,56,0,0,0,56
12/08/2007,CWA,WI,AGL,CE,Federal Contract Tower,2,27,0,0,29,0,1,7,0,8,2,28,7,0,37,20,0,20,57
12/09/2007,CWA,WI,AGL,CE,Federal Contract Tower,0,19,4,0,23,0,0,14,0,14,0,19,18,0,37,22,0,22,59
12/10/2007,CWA,WI,AGL,CE,Federal Contract Tower,0,33,6,0,39,0,0,3,0,3,0,33,9,0,42,14,0,14,56
12/11/2007,CWA,WI,AGL,CE,Federal Contract Tower,0,30,1,0,31,0,0,6,0,6,0,30,7,0,37,2,0,2,39
12/12/2007,CWA,WI,AGL,CE,Federal Contract Tower,0,34,8,0,42,0,2,23,0,25,0,36,31,0,67,14,0,14,81
12/13/2007,CWA,WI,AGL,CE,Federal Contract Tower,0,30,3,4,37,0,4,6,0,10,0,34,9,4,47,2,8,10,57
12/14/2007,CWA,WI,AGL,CE,Federal Contract Tower,0,36,13,0,49,0,1,7,0,8,0,37,20,0,57,0,2,2,59
12/15/2007,CWA,WI,AGL,CE,Federal Contract Tower,0,23,1,2,26,0,1,9,0,10,0,24,10,2,36,14,0,14,50
12/16/2007,CWA,WI,AGL,CE,Federal Contract Tower,0,24,2,0,26,0,0,0,0,0,0,24,2,0,26,0,0,0,26
12/17/2007,CWA,WI,AGL,CE,Federal Contract Tower,0,33,4,0,37,0,0,3,6,9,0,33,7,6,46,0,0,0,46
12/18/2007,CWA,WI,AGL,CE,Federal Contract Tower,2,33,5,0,40,0,0,18,0,18,2,33,23,0,58,46,0,46,104
12/19/2007,CWA,WI,AGL,CE,Federal Contract Tower,0,42,17,0,59,0,1,15,0,16,0,43,32,0,75,28,0,28,103
12/20/2007,CWA,WI,AGL,CE,Federal Contract Tower,0,41,7,0,48,0,0,0,0,0,0,41,7,0,48,0,0,0,48
12/21/2007,CWA,WI,AGL,CE,Federal Contract Tower,0,9,1,0,10,0,0,2,0,2,0,9,3,0,12,0,0,0,12
12/22/2007,CWA,WI,AGL,CE,Federal Contract Tower,0,10,0,0,10,0,0,0,0,0,0,10,0,0,10,0,0,0,10
12/23/2007,CWA,WI,AGL,CE,Federal Contract Tower,0,0,0,0,0,0,0,0,0,0,0,0,0,0,0,0,0,0,0
12/24/2007,CWA,WI,AGL,CE,Federal Contract Tower,0,30,1,0,31,0,1,9,0,10,0,31,10,0,41,8,0,8,49
12/25/2007,CWA,WI,AGL,CE,Federal Contract Tower,0,22,1,0,23,0,1,4,0,5,0,23,5,0,28,0,0,0,28
12/26/2007,CWA,WI,AGL,CE,Federal Contract Tower,0,35,2,0,37,0,0,10,0,10,0,35,12,0,47,14,0,14,61
12/27/2007,CWA,WI,AGL,CE,Federal Contract Tower,0,37,2,0,39,0,2,18,0,20,0,39,20,0,59,24,0,24,83
12/28/2007,CWA,WI,AGL,CE,Federal Contract Tower,0,33,6,0,39,0,0,0,0,0,0,33,6,0,39,0,0,0,39
12/29/2007,CWA,WI,AGL,CE,Federal Contract Tower,0,31,2,0,33,0,0,1,0,1,0,31,3,0,34,0,0,0,34
12/30/2007,CWA,WI,AGL,CE,Federal Contract Tower,0,26,2,0,28,0,0,0,0,0,0,26,2,0,28,0,0,0,28
12/31/2007,CWA,WI,AGL,CE,Federal Contract Tower,0,23,2,0,25,0,0,0,0,0,0,23,2,0,25,0,0,0,25
01/01/2008,CWA,WI,AGL,CE,Federal Contract Tower,0,26,2,0,28,0,0,11,0,11,0,26,13,0,39,16,0,16,55
01/02/2008,CWA,WI,AGL,CE,Federal Contract Tower,0,35,3,0,38,0,0,19,0,19,0,35,22,0,57,36,0,36,93
01/03/2008,CWA,WI,AGL,CE,Federal Contract Tower,0,37,3,0,40,0,0,5,0,5,0,37,8,0,45,18,0,18,63
01/04/2008,CWA,WI,AGL,CE,Federal Contract Tower,0,38,3,0,41,0,3,17,0,20,0,41,20,0,61,18,0,18,79
01/05/2008,CWA,WI,AGL,CE,Federal Contract Tower,0,28,1,0,29,0,0,2,0,2,0,28,3,0,31,0,0,0,31
01/06/2008,CWA,WI,AGL,CE,Federal Contract Tower,0,3,1,0,4,0,0,0,0,0,0,3,1,0,4,0,0,0,4
01/07/2008,CWA,WI,AGL,CE,Federal Contract Tower,0,19,6,0,25,0,0,0,0,0,0,19,6,0,25,0,0,0,25
01/08/2008,CWA,WI,AGL,CE,Federal Contract Tower,0,33,4,12,49,0,0,0,0,0,0,33,4,12,49,0,0,0,49
01/09/2008,CWA,WI,AGL,CE,Federal Contract Tower,0,34,9,6,49,0,1,12,2,15,0,35,21,8,64,22,24,46,110
01/10/2008,CWA,WI,AGL,CE,Federal Contract Tower,0,35,1,0,36,0,2,0,0,2,0,37,1,0,38,0,0,0,38
01/11/2008,CWA,WI,AGL,CE,Federal Contract Tower,0,34,2,0,36,0,1,0,0,1,0,35,2,0,37,0,0,0,37
01/12/2008,CWA,WI,AGL,CE,Federal Contract Tower,0,30,1,0,31,0,0,0,0,0,0,30,1,0,31,0,0,0,31
01/13/2008,CWA,WI,AGL,CE,Federal Contract Tower,0,26,2,0,28,0,0,3,0,3,0,26,5,0,31,0,0,0,31
01/14/2008,CWA,WI,AGL,CE,Federal Contract Tower,0,30,3,0,33,0,0,0,0,0,0,30,3,0,33,8,0,8,41
01/15/2008,CWA,WI,AGL,CE,Federal Contract Tower,0,33,2,0,35,0,1,3,0,4,0,34,5,0,39,0,0,0,39
01/16/2008,CWA,WI,AGL,CE,Federal Contract Tower,0,39,5,0,44,0,1,1,0,2,0,40,6,0,46,28,0,28,74
01/17/2008,CWA,WI,AGL,CE,Federal Contract Tower,0,31,4,0,35,0,0,0,0,0,0,31,4,0,35,0,0,0,35
01/18/2008,CWA,WI,AGL,CE,Federal Contract Tower,0,30,7,0,37,0,1,1,0,2,0,31,8,0,39,0,0,0,39
01/19/2008,CWA,WI,AGL,CE,Federal Contract Tower,0,29,1,0,30,0,1,6,0,7,0,30,7,0,37,6,0,6,43
01/20/2008,CWA,WI,AGL,CE,Federal Contract Tower,2,24,0,0,26,0,0,0,0,0,2,24,0,0,26,4,0,4,30
01/21/2008,CWA,WI,AGL,CE,Federal Contract Tower,0,31,4,0,35,0,0,0,0,0,0,31,4,0,35,0,0,0,35
01/22/2008,CWA,WI,AGL,CE,Federal Contract Tower,2,33,10,0,45,0,1,5,0,6,2,34,15,0,51,12,0,12,63
01/23/2008,CWA,WI,AGL,CE,Federal Contract Tower,2,32,6,0,40,0,1,3,0,4,2,33,9,0,44,4,0,4,48
01/24/2008,CWA,WI,AGL,CE,Federal Contract Tower,0,38,5,0,43,0,1,7,0,8,0,39,12,0,51,4,0,4,55
01/25/2008,CWA,WI,AGL,CE,Federal Contract Tower,0,32,4,0,36,0,0,3,0,3,0,32,7,0,39,22,0,22,61
01/26/2008,CWA,WI,AGL,CE,Federal Contract Tower,0,28,1,0,29,0,0,0,0,0,0,28,1,0,29,0,0,0,29
01/27/2008,CWA,WI,AGL,CE,Federal Contract Tower,0,28,2,0,30,0,4,24,0,28,0,32,26,0,58,22,0,22,80
01/28/2008,CWA,WI,AGL,CE,Federal Contract Tower,0,28,3,0,31,0,0,7,0,7,0,28,10,0,38,18,0,18,56
01/29/2008,CWA,WI,AGL,CE,Federal Contract Tower,0,31,3,0,34,0,0,0,0,0,0,31,3,0,34,0,0,0,34
01/30/2008,CWA,WI,AGL,CE,Federal Contract Tower,0,29,2,4,35,0,1,1,0,2,0,30,3,4,37,0,20,20,57
01/31/2008,CWA,WI,AGL,CE,Federal Contract Tower,0,30,2,0,32,0,2,7,0,9,0,32,9,0,41,24,0,24,65
02/01/2008,CWA,WI,AGL,CE,Federal Contract Tower,0,34,10,0,44,0,0,1,0,1,0,34,11,0,45,0,0,0,45
02/02/2008,CWA,WI,AGL,CE,Federal Contract Tower,0,27,3,0,30,0,0,0,0,0,0,27,3,0,30,0,0,0,30
02/03/2008,CWA,WI,AGL,CE,Federal Contract Tower,0,23,4,0,27,0,0,13,0,13,0,23,17,0,40,0,0,0,40
02/04/2008,CWA,WI,AGL,CE,Federal Contract Tower,0,26,4,0,30,0,0,0,0,0,0,26,4,0,30,0,0,0,30
02/05/2008,CWA,WI,AGL,CE,Federal Contract Tower,0,38,5,0,43,0,2,1,0,3,0,40,6,0,46,2,0,2,48
02/06/2008,CWA,WI,AGL,CE,Federal Contract Tower,0,24,9,0,33,0,1,0,0,1,0,25,9,0,34,10,0,10,44
02/07/2008,CWA,WI,AGL,CE,Federal Contract Tower,0,29,4,0,33,0,1,6,0,7,0,30,10,0,40,34,0,34,74
02/08/2008,CWA,WI,AGL,CE,Federal Contract Tower,0,32,16,0,48,0,7,0,0,7,0,39,16,0,55,0,0,0,55
02/09/2008,CWA,WI,AGL,CE,Federal Contract Tower,0,29,0,0,29,0,0,0,0,0,0,29,0,0,29,0,0,0,29
02/10/2008,CWA,WI,AGL,CE,Federal Contract Tower,0,28,4,0,32,0,0,0,0,0,0,28,4,0,32,0,0,0,32
02/11/2008,CWA,WI,AGL,CE,Federal Contract Tower,0,34,1,0,35,0,3,2,0,5,0,37,3,0,40,0,0,0,40
02/12/2008,CWA,WI,AGL,CE,Federal Contract Tower,0,37,4,0,41,0,2,0,0,2,0,39,4,0,43,0,0,0,43
02/13/2008,CWA,WI,AGL,CE,Federal Contract Tower,0,45,1,0,46,0,5,3,0,8,0,50,4,0,54,12,0,12,66
02/14/2008,CWA,WI,AGL,CE,Federal Contract Tower,0,36,16,0,52,0,0,1,0,1,0,36,17,0,53,0,0,0,53
02/15/2008,CWA,WI,AGL,CE,Federal Contract Tower,0,30,5,0,35,0,3,4,0,7,0,33,9,0,42,18,0,18,60
02/16/2008,CWA,WI,AGL,CE,Federal Contract Tower,0,26,2,0,28,0,3,12,0,15,0,29,14,0,43,12,0,12,55
02/17/2008,CWA,WI,AGL,CE,Federal Contract Tower,0,11,2,0,13,0,0,0,0,0,0,11,2,0,13,0,0,0,13
02/18/2008,CWA,WI,AGL,CE,Federal Contract Tower,2,31,9,0,42,0,0,0,0,0,2,31,9,0,42,0,0,0,42
02/19/2008,CWA,WI,AGL,CE,Federal Contract Tower,0,36,3,2,41,0,1,2,0,3,0,37,5,2,44,10,8,18,62
02/20/2008,CWA,WI,AGL,CE,Federal Contract Tower,0,30,4,2,36,0,1,0,0,1,0,31,4,2,37,12,8,20,57
02/21/2008,CWA,WI,AGL,CE,Federal Contract Tower,0,29,5,0,34,0,3,7,0,10,0,32,12,0,44,22,0,22,66
02/22/2008,CWA,WI,AGL,CE,Federal Contract Tower,0,35,10,0,45,0,0,19,0,19,0,35,29,0,64,28,0,28,92
02/23/2008,CWA,WI,AGL,CE,Federal Contract Tower,0,24,6,0,30,0,2,12,0,14,0,26,18,0,44,24,0,24,68
02/24/2008,CWA,WI,AGL,CE,Federal Contract Tower,0,22,4,0,26,0,0,15,0,15,0,22,19,0,41,4,0,4,45
02/25/2008,CWA,WI,AGL,CE,Federal Contract Tower,0,27,9,0,36,0,0,0,0,0,0,27,9,0,36,0,0,0,36
02/26/2008,CWA,WI,AGL,CE,Federal Contract Tower,0,31,8,0,39,0,1,2,0,3,0,32,10,0,42,0,0,0,42
02/27/2008,CWA,WI,AGL,CE,Federal Contract Tower,0,32,12,8,52,0,1,11,8,20,0,33,23,16,72,30,0,30,102
02/28/2008,CWA,WI,AGL,CE,Federal Contract Tower,0,29,10,2,41,0,1,4,0,5,0,30,14,2,46,6,20,26,72
02/29/2008,CWA,WI,AGL,CE,Federal Contract Tower,0,36,6,0,42,0,0,0,0,0,0,36,6,0,42,0,0,0,42
03/01/2008,CWA,WI,AGL,CE,Federal Contract Tower,0,21,2,2,25,0,1,27,0,28,0,22,29,2,53,12,0,12,65
03/02/2008,CWA,WI,AGL,CE,Federal Contract Tower,0,18,2,0,20,0,0,1,0,1,0,18,3,0,21,0,0,0,21
03/03/2008,CWA,WI,AGL,CE,Federal Contract Tower,0,30,4,0,34,0,0,3,0,3,0,30,7,0,37,6,0,6,43
03/04/2008,CWA,WI,AGL,CE,Federal Contract Tower,0,31,3,4,38,0,1,6,0,7,0,32,9,4,45,14,20,34,79
03/05/2008,CWA,WI,AGL,CE,Federal Contract Tower,0,30,5,2,37,0,1,0,0,1,0,31,5,2,38,0,6,6,44
03/06/2008,CWA,WI,AGL,CE,Federal Contract Tower,2,33,1,4,40,0,5,8,0,13,2,38,9,4,53,6,10,16,69
03/07/2008,CWA,WI,AGL,CE,Federal Contract Tower,0,29,4,0,33,0,1,2,0,3,0,30,6,0,36,0,0,0,36
03/08/2008,CWA,WI,AGL,CE,Federal Contract Tower,0,21,0,0,21,0,1,13,0,14,0,22,13,0,35,36,0,36,71
03/09/2008,CWA,WI,AGL,CE,Federal Contract Tower,6,20,0,0,26,0,0,19,4,23,6,20,19,4,49,24,0,24,73
03/10/2008,CWA,WI,AGL,CE,Federal Contract Tower,0,29,8,0,37,0,3,22,0,25,0,32,30,0,62,10,0,10,72
03/11/2008,CWA,WI,AGL,CE,Federal Contract Tower,0,31,4,4,39,0,2,11,0,13,0,33,15,4,52,24,14,38,90
03/12/2008,CWA,WI,AGL,CE,Federal Contract Tower,0,36,3,0,39,0,1,3,0,4,0,37,6,0,43,0,0,0,43
03/13/2008,CWA,WI,AGL,CE,Federal Contract Tower,4,32,0,0,36,0,1,3,0,4,4,33,3,0,40,2,0,2,42
03/14/2008,CWA,WI,AGL,CE,Federal Contract Tower,0,33,4,0,37,0,0,11,0,11,0,33,15,0,48,10,0,10,58
03/15/2008,CWA,WI,AGL,CE,Federal Contract Tower,0,19,1,0,20,0,5,33,0,38,0,24,34,0,58,16,0,16,74
03/16/2008,CWA,WI,AGL,CE,Federal Contract Tower,0,22,4,0,26,0,4,18,0,22,0,26,22,0,48,16,0,16,64
03/17/2008,CWA,WI,AGL,CE,Federal Contract Tower,0,24,4,0,28,0,0,1,0,1,0,24,5,0,29,0,0,0,29
03/18/2008,CWA,WI,AGL,CE,Federal Contract Tower,0,31,4,0,35,0,1,0,0,1,0,32,4,0,36,0,0,0,36
03/19/2008,CWA,WI,AGL,CE,Federal Contract Tower,0,34,8,0,42,0,0,7,0,7,0,34,15,0,49,18,0,18,67
03/20/2008,CWA,WI,AGL,CE,Federal Contract Tower,0,29,5,0,34,0,0,17,0,17,0,29,22,0,51,10,0,10,61
03/21/2008,CWA,WI,AGL,CE,Federal Contract Tower,0,24,2,0,26,0,0,0,0,0,0,24,2,0,26,0,0,0,26
03/22/2008,CWA,WI,AGL,CE,Federal Contract Tower,0,22,5,0,27,0,0,21,4,25,0,22,26,4,52,16,0,16,68
03/23/2008,CWA,WI,AGL,CE,Federal Contract Tower,0,22,2,0,24,0,0,5,0,5,0,22,7,0,29,0,0,0,29
03/24/2008,CWA,WI,AGL,CE,Federal Contract Tower,0,28,4,0,32,0,0,7,0,7,0,28,11,0,39,0,0,0,39
03/25/2008,CWA,WI,AGL,CE,Federal Contract Tower,0,31,10,0,41,0,0,2,0,2,0,31,12,0,43,0,0,0,43
03/26/2008,CWA,WI,AGL,CE,Federal Contract Tower,0,28,4,0,32,0,3,14,0,17,0,31,18,0,49,18,0,18,67
03/27/2008,CWA,WI,AGL,CE,Federal Contract Tower,2,33,2,0,37,0,1,0,0,1,2,34,2,0,38,12,0,12,50
03/28/2008,CWA,WI,AGL,CE,Federal Contract Tower,0,32,2,0,34,0,1,20,0,21,0,33,22,0,55,12,0,12,67
03/29/2008,CWA,WI,AGL,CE,Federal Contract Tower,0,24,3,0,27,0,0,24,0,24,0,24,27,0,51,22,0,22,73
03/30/2008,CWA,WI,AGL,CE,Federal Contract Tower,0,20,4,0,24,0,0,4,0,4,0,20,8,0,28,0,0,0,28
03/31/2008,CWA,WI,AGL,CE,Federal Contract Tower,0,21,2,0,23,0,0,0,0,0,0,21,2,0,23,0,0,0,23
04/01/2008,CWA,WI,AGL,CE,Federal Contract Tower,0,29,1,2,32,0,1,5,0,6,0,30,6,2,38,4,6,10,48
04/02/2008,CWA,WI,AGL,CE,Federal Contract Tower,0,31,1,4,36,0,0,15,0,15,0,31,16,4,51,10,10,20,71
04/03/2008,CWA,WI,AGL,CE,Federal Contract Tower,2,32,3,2,39,0,1,16,2,19,2,33,19,4,58,26,16,42,100
04/04/2008,CWA,WI,AGL,CE,Federal Contract Tower,0,31,7,0,38,0,0,38,0,38,0,31,45,0,76,40,0,40,116
04/05/2008,CWA,WI,AGL,CE,Federal Contract Tower,0,20,3,0,23,0,3,22,0,25,0,23,25,0,48,34,0,34,82
04/06/2008,CWA,WI,AGL,CE,Federal Contract Tower,0,24,1,0,25,0,4,4,0,8,0,28,5,0,33,0,0,0,33
04/07/2008,CWA,WI,AGL,CE,Federal Contract Tower,0,30,1,0,31,0,0,0,0,0,0,30,1,0,31,0,0,0,31
04/08/2008,CWA,WI,AGL,CE,Federal Contract Tower,0,36,5,0,41,0,0,0,0,0,0,36,5,0,41,0,0,0,41
04/09/2008,CWA,WI,AGL,CE,Federal Contract Tower,0,31,0,2,33,0,1,2,0,3,0,32,2,2,36,14,34,48,84
04/10/2008,CWA,WI,AGL,CE,Federal Contract Tower,0,28,5,0,33,0,1,0,0,1,0,29,5,0,34,0,0,0,34
04/11/2008,CWA,WI,AGL,CE,Federal Contract Tower,0,29,0,0,29,0,0,0,0,0,0,29,0,0,29,0,0,0,29
04/12/2008,CWA,WI,AGL,CE,Federal Contract Tower,0,26,0,0,26,0,0,1,0,1,0,26,1,0,27,0,0,0,27
04/13/2008,CWA,WI,AGL,CE,Federal Contract Tower,0,26,4,0,30,0,0,12,0,12,0,26,16,0,42,18,0,18,60
04/14/2008,CWA,WI,AGL,CE,Federal Contract Tower,0,29,9,0,38,0,0,21,0,21,0,29,30,0,59,8,0,8,67
04/15/2008,CWA,WI,AGL,CE,Federal Contract Tower,0,33,0,0,33,0,6,10,0,16,0,39,10,0,49,10,0,10,59
04/16/2008,CWA,WI,AGL,CE,Federal Contract Tower,0,33,2,0,35,0,0,0,0,0,0,33,2,0,35,0,0,0,35
04/17/2008,CWA,WI,AGL,CE,Federal Contract Tower,0,32,7,0,39,0,1,2,0,3,0,33,9,0,42,4,0,4,46
04/18/2008,CWA,WI,AGL,CE,Federal Contract Tower,0,33,5,0,38,0,0,0,0,0,0,33,5,0,38,0,0,0,38
04/19/2008,CWA,WI,AGL,CE,Federal Contract Tower,0,26,3,0,29,0,0,8,0,8,0,26,11,0,37,4,0,4,41
04/20/2008,CWA,WI,AGL,CE,Federal Contract Tower,0,26,6,0,32,0,0,27,0,27,0,26,33,0,59,12,0,12,71
04/21/2008,CWA,WI,AGL,CE,Federal Contract Tower,0,29,4,0,33,0,0,19,4,23,0,29,23,4,56,20,0,20,76
04/22/2008,CWA,WI,AGL,CE,Federal Contract Tower,0,33,2,0,35,0,4,6,0,10,0,37,8,0,45,2,0,2,47
04/23/2008,CWA,WI,AGL,CE,Federal Contract Tower,0,36,7,0,43,0,8,30,0,38,0,44,37,0,81,36,0,36,117
04/24/2008,CWA,WI,AGL,CE,Federal Contract Tower,0,33,4,0,37,0,3,12,0,15,0,36,16,0,52,0,0,0,52
04/25/2008,CWA,WI,AGL,CE,Federal Contract Tower,0,32,5,0,37,0,0,1,0,1,0,32,6,0,38,4,0,4,42
04/26/2008,CWA,WI,AGL,CE,Federal Contract Tower,0,23,10,0,33,0,0,4,0,4,0,23,14,0,37,0,0,0,37
04/27/2008,CWA,WI,AGL,CE,Federal Contract Tower,2,22,3,0,27,0,0,14,0,14,2,22,17,0,41,0,0,0,41
04/28/2008,CWA,WI,AGL,CE,Federal Contract Tower,0,25,8,0,33,0,0,2,0,2,0,25,10,0,35,0,0,0,35
04/29/2008,CWA,WI,AGL,CE,Federal Contract Tower,0,31,10,4,45,0,3,17,0,20,0,34,27,4,65,34,34,68,133
04/30/2008,CWA,WI,AGL,CE,Federal Contract Tower,2,32,1,0,35,0,1,28,0,29,2,33,29,0,64,0,0,0,64
05/01/2008,CWA,WI,AGL,CE,Federal Contract Tower,0,32,9,0,41,0,1,5,0,6,0,33,14,0,47,10,0,10,57
05/02/2008,CWA,WI,AGL,CE,Federal Contract Tower,0,32,4,0,36,0,0,0,0,0,0,32,4,0,36,0,0,0,36
05/03/2008,CWA,WI,AGL,CE,Federal Contract Tower,0,26,10,0,36,0,0,4,0,4,0,26,14,0,40,0,0,0,40
05/04/2008,CWA,WI,AGL,CE,Federal Contract Tower,0,24,1,0,25,0,0,7,4,11,0,24,8,4,36,0,0,0,36
05/05/2008,CWA,WI,AGL,CE,Federal Contract Tower,0,28,6,0,34,0,4,12,0,16,0,32,18,0,50,12,0,12,62
05/06/2008,CWA,WI,AGL,CE,Federal Contract Tower,0,30,9,0,39,0,0,33,0,33,0,30,42,0,72,40,0,40,112
05/07/2008,CWA,WI,AGL,CE,Federal Contract Tower,0,31,9,2,42,0,0,12,0,12,0,31,21,2,54,0,14,14,68
05/08/2008,CWA,WI,AGL,CE,Federal Contract Tower,0,30,10,0,40,0,1,36,0,37,0,31,46,0,77,24,0,24,101
05/09/2008,CWA,WI,AGL,CE,Federal Contract Tower,0,32,3,1,36,0,2,13,2,17,0,34,16,3,53,0,0,0,53
05/10/2008,CWA,WI,AGL,CE,Federal Contract Tower,2,23,0,0,25,0,2,188,2,192,2,25,188,2,217,8,4,12,229
05/11/2008,CWA,WI,AGL,CE,Federal Contract Tower,0,24,3,1,28,0,0,5,0,5,0,24,8,1,33,0,0,0,33
05/12/2008,CWA,WI,AGL,CE,Federal Contract Tower,0,25,6,0,31,0,2,21,4,27,0,27,27,4,58,0,4,4,62
05/13/2008,CWA,WI,AGL,CE,Federal Contract Tower,0,29,1,8,38,0,1,11,0,12,0,30,12,8,50,0,10,10,60
05/14/2008,CWA,WI,AGL,CE,Federal Contract Tower,4,32,4,0,40,0,5,17,0,22,4,37,21,0,62,6,0,6,68
05/15/2008,CWA,WI,AGL,CE,Federal Contract Tower,0,35,13,0,48,0,10,30,0,40,0,45,43,0,88,32,0,32,120
05/16/2008,CWA,WI,AGL,CE,Federal Contract Tower,0,33,1,0,34,0,6,25,0,31,0,39,26,0,65,24,0,24,89
05/17/2008,CWA,WI,AGL,CE,Federal Contract Tower,0,25,0,0,25,0,0,11,0,11,0,25,11,0,36,8,0,8,44
05/18/2008,CWA,WI,AGL,CE,Federal Contract Tower,0,28,5,0,33,0,0,17,0,17,0,28,22,0,50,12,0,12,62
05/19/2008,CWA,WI,AGL,CE,Federal Contract Tower,0,29,0,0,29,0,0,27,0,27,0,29,27,0,56,4,0,4,60
05/20/2008,CWA,WI,AGL,CE,Federal Contract Tower,0,35,6,0,41,0,0,23,0,23,0,35,29,0,64,4,0,4,68
05/21/2008,CWA,WI,AGL,CE,Federal Contract Tower,0,32,11,0,43,0,3,13,2,18,0,35,24,2,61,32,6,38,99
05/22/2008,CWA,WI,AGL,CE,Federal Contract Tower,0,34,12,0,46,0,0,31,1,32,0,34,43,1,78,40,0,40,118
05/23/2008,CWA,WI,AGL,CE,Federal Contract Tower,0,31,10,0,41,0,0,43,4,47,0,31,53,4,88,38,4,42,130
05/24/2008,CWA,WI,AGL,CE,Federal Contract Tower,0,23,4,0,27,0,1,30,0,31,0,24,34,0,58,10,0,10,68
05/25/2008,CWA,WI,AGL,CE,Federal Contract Tower,0,21,2,0,23,0,0,4,0,4,0,21,6,0,27,0,0,0,27
05/26/2008,CWA,WI,AGL,CE,Federal Contract Tower,0,21,9,0,30,0,0,17,0,17,0,21,26,0,47,0,0,0,47
05/27/2008,CWA,WI,AGL,CE,Federal Contract Tower,0,27,9,0,36,0,1,39,4,44,0,28,48,4,80,18,0,18,98
05/28/2008,CWA,WI,AGL,CE,Federal Contract Tower,0,32,4,0,36,0,3,36,0,39,0,35,40,0,75,26,0,26,101
05/29/2008,CWA,WI,AGL,CE,Federal Contract Tower,0,32,6,2,40,0,2,24,0,26,0,34,30,2,66,26,0,26,92
05/30/2008,CWA,WI,AGL,CE,Federal Contract Tower,0,34,5,0,39,0,0,9,0,9,0,34,14,0,48,2,0,2,50
05/31/2008,CWA,WI,AGL,CE,Federal Contract Tower,0,26,1,0,27,0,0,13,0,13,0,26,14,0,40,0,0,0,40
06/01/2008,CWA,WI,AGL,CE,Federal Contract Tower,0,33,4,0,37,0,0,22,0,22,0,33,26,0,59,0,0,0,59
06/02/2008,CWA,WI,AGL,CE,Federal Contract Tower,0,32,9,0,41,0,0,11,0,11,0,32,20,0,52,0,0,0,52
06/03/2008,CWA,WI,AGL,CE,Federal Contract Tower,0,37,5,4,46,0,3,11,0,14,0,40,16,4,60,24,20,44,104
06/04/2008,CWA,WI,AGL,CE,Federal Contract Tower,0,39,5,0,44,0,1,2,0,3,0,40,7,0,47,6,0,6,53
06/05/2008,CWA,WI,AGL,CE,Federal Contract Tower,0,41,11,0,52,0,0,0,0,0,0,41,11,0,52,0,0,0,52
06/06/2008,CWA,WI,AGL,CE,Federal Contract Tower,0,28,1,2,31,0,1,3,0,4,0,29,4,2,35,4,0,4,39
06/07/2008,CWA,WI,AGL,CE,Federal Contract Tower,0,22,2,0,24,0,1,12,0,13,0,23,14,0,37,0,0,0,37
06/08/2008,CWA,WI,AGL,CE,Federal Contract Tower,0,22,1,0,23,0,0,0,0,0,0,22,1,0,23,0,0,0,23
06/09/2008,CWA,WI,AGL,CE,Federal Contract Tower,0,32,12,0,44,0,0,10,2,12,0,32,22,2,56,4,0,4,60
06/10/2008,CWA,WI,AGL,CE,Federal Contract Tower,0,36,7,0,43,0,2,16,0,18,0,38,23,0,61,0,0,0,61
06/11/2008,CWA,WI,AGL,CE,Federal Contract Tower,0,37,5,0,42,0,5,0,0,5,0,42,5,0,47,0,0,0,47
06/12/2008,CWA,WI,AGL,CE,Federal Contract Tower,2,45,12,0,59,0,1,0,0,1,2,46,12,0,60,0,0,0,60
06/13/2008,CWA,WI,AGL,CE,Federal Contract Tower,0,39,3,0,42,0,0,19,0,19,0,39,22,0,61,12,0,12,73
06/14/2008,CWA,WI,AGL,CE,Federal Contract Tower,0,31,7,0,38,0,0,24,0,24,0,31,31,0,62,13,0,13,75
06/15/2008,CWA,WI,AGL,CE,Federal Contract Tower,2,33,0,0,35,0,0,4,0,4,2,33,4,0,39,0,0,0,39
06/16/2008,CWA,WI,AGL,CE,Federal Contract Tower,2,30,7,0,39,0,2,15,0,17,2,32,22,0,56,8,0,8,64
06/17/2008,CWA,WI,AGL,CE,Federal Contract Tower,0,38,2,5,45,0,1,19,0,20,0,39,21,5,65,12,6,18,83
06/18/2008,CWA,WI,AGL,CE,Federal Contract Tower,0,39,14,6,59,0,5,38,10,53,0,44,52,16,112,22,8,30,142
06/19/2008,CWA,WI,AGL,CE,Federal Contract Tower,0,38,13,0,51,0,1,56,2,59,0,39,69,2,110,14,4,18,128
06/20/2008,CWA,WI,AGL,CE,Federal Contract Tower,0,36,5,0,41,0,3,28,0,31,0,39,33,0,72,20,0,20,92
06/21/2008,CWA,WI,AGL,CE,Federal Contract Tower,0,34,4,0,38,0,0,12,0,12,0,34,16,0,50,2,0,2,52
06/22/2008,CWA,WI,AGL,CE,Federal Contract Tower,0,32,0,0,32,0,0,6,0,6,0,32,6,0,38,0,0,0,38
06/23/2008,CWA,WI,AGL,CE,Federal Contract Tower,0,37,5,0,42,0,0,13,0,13,0,37,18,0,55,4,0,4,59
06/24/2008,CWA,WI,AGL,CE,Federal Contract Tower,0,38,9,0,47,0,1,23,0,24,0,39,32,0,71,12,0,12,83
06/25/2008,CWA,WI,AGL,CE,Federal Contract Tower,0,40,4,0,44,0,1,23,0,24,0,41,27,0,68,4,0,4,72
06/26/2008,CWA,WI,AGL,CE,Federal Contract Tower,0,36,5,0,41,0,1,17,0,18,0,37,22,0,59,32,0,32,91
06/27/2008,CWA,WI,AGL,CE,Federal Contract Tower,0,39,7,0,46,0,1,6,0,7,0,40,13,0,53,4,0,4,57
06/28/2008,CWA,WI,AGL,CE,Federal Contract Tower,0,30,2,0,32,0,0,14,0,14,0,30,16,0,46,20,0,20,66
06/29/2008,CWA,WI,AGL,CE,Federal Contract Tower,0,34,5,0,39,0,0,2,0,2,0,34,7,0,41,0,0,0,41
06/30/2008,CWA,WI,AGL,CE,Federal Contract Tower,0,37,3,0,40,0,2,10,0,12,0,39,13,0,52,0,0,0,52
07/01/2008,CWA,WI,AGL,CE,Federal Contract Tower,0,38,5,0,43,0,1,20,4,25,0,39,25,4,68,20,0,20,88
07/02/2008,CWA,WI,AGL,CE,Federal Contract Tower,0,37,4,0,41,0,5,10,0,15,0,42,14,0,56,6,0,6,62
07/03/2008,CWA,WI,AGL,CE,Federal Contract Tower,0,38,7,0,45,0,1,8,0,9,0,39,15,0,54,18,0,18,72
07/04/2008,CWA,WI,AGL,CE,Federal Contract Tower,0,32,5,0,37,0,2,29,0,31,0,34,34,0,68,6,0,6,74
07/05/2008,CWA,WI,AGL,CE,Federal Contract Tower,0,32,0,0,32,0,0,32,0,32,0,32,32,0,64,0,0,0,64
07/06/2008,CWA,WI,AGL,CE,Federal Contract Tower,2,34,4,0,40,0,0,8,0,8,2,34,12,0,48,0,0,0,48
07/07/2008,CWA,WI,AGL,CE,Federal Contract Tower,0,35,4,0,39,0,0,6,0,6,0,35,10,0,45,14,0,14,59
07/08/2008,CWA,WI,AGL,CE,Federal Contract Tower,0,37,1,0,38,0,0,6,0,6,0,37,7,0,44,6,0,6,50
07/09/2008,CWA,WI,AGL,CE,Federal Contract Tower,2,37,11,5,55,0,1,33,3,37,2,38,44,8,92,46,26,72,164
07/10/2008,CWA,WI,AGL,CE,Federal Contract Tower,0,37,9,4,50,0,1,10,10,21,0,38,19,14,71,28,0,28,99
07/11/2008,CWA,WI,AGL,CE,Federal Contract Tower,0,32,6,0,38,0,0,15,0,15,0,32,21,0,53,4,0,4,57
07/12/2008,CWA,WI,AGL,CE,Federal Contract Tower,2,30,3,0,35,0,1,9,0,10,2,31,12,0,45,18,0,18,63
07/13/2008,CWA,WI,AGL,CE,Federal Contract Tower,0,32,5,0,37,0,0,11,0,11,0,32,16,0,48,6,0,6,54
07/14/2008,CWA,WI,AGL,CE,Federal Contract Tower,0,35,6,0,41,0,0,30,0,30,0,35,36,0,71,18,0,18,89
07/15/2008,CWA,WI,AGL,CE,Federal Contract Tower,0,39,2,1,42,0,1,20,1,22,0,40,22,2,64,6,20,26,90
07/16/2008,CWA,WI,AGL,CE,Federal Contract Tower,2,37,8,0,47,0,1,15,2,18,2,38,23,2,65,12,10,22,87
07/17/2008,CWA,WI,AGL,CE,Federal Contract Tower,0,39,8,0,47,0,1,19,0,20,0,40,27,0,67,10,0,10,77
07/18/2008,CWA,WI,AGL,CE,Federal Contract Tower,2,37,6,0,45,0,0,9,0,9,2,37,15,0,54,8,0,8,62
07/19/2008,CWA,WI,AGL,CE,Federal Contract Tower,0,31,1,0,32,0,0,19,0,19,0,31,20,0,51,2,0,2,53
07/20/2008,CWA,WI,AGL,CE,Federal Contract Tower,1,32,5,0,38,0,0,11,0,11,1,32,16,0,49,0,0,0,49
07/21/2008,CWA,WI,AGL,CE,Federal Contract Tower,3,34,10,0,47,0,3,12,0,15,3,37,22,0,62,6,0,6,68
07/22/2008,CWA,WI,AGL,CE,Federal Contract Tower,0,39,4,0,43,0,1,19,0,20,0,40,23,0,63,50,0,50,113
07/23/2008,CWA,WI,AGL,CE,Federal Contract Tower,0,38,10,0,48,0,1,35,0,36,0,39,45,0,84,32,0,32,116
07/24/2008,CWA,WI,AGL,CE,Federal Contract Tower,0,38,8,0,46,0,5,28,0,33,0,43,36,0,79,6,0,6,85
07/25/2008,CWA,WI,AGL,CE,Federal Contract Tower,0,39,6,0,45,0,0,24,0,24,0,39,30,0,69,0,0,0,69
07/26/2008,CWA,WI,AGL,CE,Federal Contract Tower,0,31,2,0,33,0,0,23,0,23,0,31,25,0,56,12,0,12,68
07/27/2008,CWA,WI,AGL,CE,Federal Contract Tower,0,34,0,0,34,0,0,32,0,32,0,34,32,0,66,0,0,0,66
07/28/2008,CWA,WI,AGL,CE,Federal Contract Tower,1,33,8,0,42,0,0,36,0,36,1,33,44,0,78,20,0,20,98
07/29/2008,CWA,WI,AGL,CE,Federal Contract Tower,1,40,7,2,50,0,0,27,2,29,1,40,34,4,79,0,6,6,85
07/30/2008,CWA,WI,AGL,CE,Federal Contract Tower,0,39,9,4,52,0,4,17,4,25,0,43,26,8,77,14,22,36,113
07/31/2008,CWA,WI,AGL,CE,Federal Contract Tower,0,38,10,4,52,0,1,30,0,31,0,39,40,4,83,8,14,22,105
08/01/2008,CWA,WI,AGL,CE,Federal Contract Tower,0,37,8,0,45,0,1,38,0,39,0,38,46,0,84,2,0,2,86
08/02/2008,CWA,WI,AGL,CE,Federal Contract Tower,0,32,1,2,35,0,0,36,0,36,0,32,37,2,71,0,0,0,71
08/03/2008,CWA,WI,AGL,CE,Federal Contract Tower,0,34,1,0,35,0,0,21,0,21,0,34,22,0,56,8,0,8,64
08/04/2008,CWA,WI,AGL,CE,Federal Contract Tower,0,30,7,0,37,0,0,16,0,16,0,30,23,0,53,4,0,4,57
08/05/2008,CWA,WI,AGL,CE,Federal Contract Tower,0,39,7,0,46,0,1,23,2,26,0,40,30,2,72,36,16,52,124
08/06/2008,CWA,WI,AGL,CE,Federal Contract Tower,0,36,8,3,47,0,1,21,1,23,0,37,29,4,70,62,28,90,160
08/07/2008,CWA,WI,AGL,CE,Federal Contract Tower,0,38,5,0,43,0,0,14,0,14,0,38,19,0,57,62,0,62,119
08/08/2008,CWA,WI,AGL,CE,Federal Contract Tower,0,40,3,0,43,0,1,24,0,25,0,41,27,0,68,20,0,20,88
08/09/2008,CWA,WI,AGL,CE,Federal Contract Tower,0,32,3,0,35,0,0,10,0,10,0,32,13,0,45,4,0,4,49
08/10/2008,CWA,WI,AGL,CE,Federal Contract Tower,0,35,1,1,37,0,0,23,0,23,0,35,24,1,60,6,0,6,66
08/11/2008,CWA,WI,AGL,CE,Federal Contract Tower,0,37,2,0,39,0,0,5,0,5,0,37,7,0,44,0,0,0,44
08/12/2008,CWA,WI,AGL,CE,Federal Contract Tower,0,39,4,0,43,0,1,11,0,12,0,40,15,0,55,0,2,2,57
08/13/2008,CWA,WI,AGL,CE,Federal Contract Tower,0,40,4,0,44,0,1,0,0,1,0,41,4,0,45,0,0,0,45
08/14/2008,CWA,WI,AGL,CE,Federal Contract Tower,2,38,8,0,48,0,1,6,0,7,2,39,14,0,55,6,0,6,61
08/15/2008,CWA,WI,AGL,CE,Federal Contract Tower,0,41,2,0,43,0,1,7,0,8,0,42,9,0,51,0,0,0,51
08/16/2008,CWA,WI,AGL,CE,Federal Contract Tower,0,32,5,0,37,0,0,10,0,10,0,32,15,0,47,0,0,0,47
08/17/2008,CWA,WI,AGL,CE,Federal Contract Tower,0,34,1,0,35,0,0,24,0,24,0,34,25,0,59,0,0,0,59
08/18/2008,CWA,WI,AGL,CE,Federal Contract Tower,0,39,11,0,50,0,1,9,0,10,0,40,20,0,60,0,0,0,60
08/19/2008,CWA,WI,AGL,CE,Federal Contract Tower,0,38,5,0,43,0,2,10,0,12,0,40,15,0,55,4,0,4,59
08/20/2008,CWA,WI,AGL,CE,Federal Contract Tower,0,38,9,0,47,0,1,6,0,7,0,39,15,0,54,28,0,28,82
08/21/2008,CWA,WI,AGL,CE,Federal Contract Tower,0,40,7,0,47,0,5,12,0,17,0,45,19,0,64,20,0,20,84
08/22/2008,CWA,WI,AGL,CE,Federal Contract Tower,0,39,9,0,48,0,2,2,0,4,0,41,11,0,52,0,0,0,52
08/23/2008,CWA,WI,AGL,CE,Federal Contract Tower,0,33,3,0,36,0,0,10,0,10,0,33,13,0,46,0,0,0,46
08/24/2008,CWA,WI,AGL,CE,Federal Contract Tower,0,36,5,0,41,0,0,12,0,12,0,36,17,0,53,4,0,4,57
08/25/2008,CWA,WI,AGL,CE,Federal Contract Tower,0,34,4,0,38,0,0,0,0,0,0,34,4,0,38,0,0,0,38
08/26/2008,CWA,WI,AGL,CE,Federal Contract Tower,0,38,3,0,41,0,2,11,0,13,0,40,14,0,54,8,0,8,62
08/27/2008,CWA,WI,AGL,CE,Federal Contract Tower,0,37,5,0,42,0,0,8,0,8,0,37,13,0,50,6,0,6,56
08/28/2008,CWA,WI,AGL,CE,Federal Contract Tower,0,39,5,0,44,0,0,0,0,0,0,39,5,0,44,6,0,6,50
08/29/2008,CWA,WI,AGL,CE,Federal Contract Tower,0,41,6,0,47,0,0,4,2,6,0,41,10,2,53,0,0,0,53
08/30/2008,CWA,WI,AGL,CE,Federal Contract Tower,0,21,0,0,21,0,0,8,0,8,0,21,8,0,29,14,0,14,43
08/31/2008,CWA,WI,AGL,CE,Federal Contract Tower,0,24,0,0,24,0,0,9,0,9,0,24,9,0,33,4,0,4,37
09/01/2008,CWA,WI,AGL,CE,Federal Contract Tower,0,29,1,0,30,0,0,8,0,8,0,29,9,0,38,10,0,10,48
09/02/2008,CWA,WI,AGL,CE,Federal Contract Tower,0,37,3,2,42,0,0,6,2,8,0,37,9,4,50,8,6,14,64
09/03/2008,CWA,WI,AGL,CE,Federal Contract Tower,0,38,1,3,42,0,2,7,3,12,0,40,8,6,54,6,16,22,76
09/04/2008,CWA,WI,AGL,CE,Federal Contract Tower,0,38,6,0,44,0,1,4,0,5,0,39,10,0,49,0,0,0,49
09/05/2008,CWA,WI,AGL,CE,Federal Contract Tower,0,42,8,0,50,0,0,15,0,15,0,42,23,0,65,2,0,2,67
09/06/2008,CWA,WI,AGL,CE,Federal Contract Tower,0,26,2,0,28,0,0,2,0,2,0,26,4,0,30,0,0,0,30
09/07/2008,CWA,WI,AGL,CE,Federal Contract Tower,0,34,0,0,34,0,0,5,0,5,0,34,5,0,39,0,0,0,39
09/08/2008,CWA,WI,AGL,CE,Federal Contract Tower,0,30,5,0,35,0,0,6,4,10,0,30,11,4,45,4,0,4,49
09/09/2008,CWA,WI,AGL,CE,Federal Contract Tower,0,35,7,0,42,0,2,2,0,4,0,37,9,0,46,0,0,0,46
09/10/2008,CWA,WI,AGL,CE,Federal Contract Tower,2,37,7,2,48,0,1,13,0,14,2,38,20,2,62,28,20,48,110
09/11/2008,CWA,WI,AGL,CE,Federal Contract Tower,0,35,6,0,41,0,1,4,0,5,0,36,10,0,46,0,0,0,46
09/12/2008,CWA,WI,AGL,CE,Federal Contract Tower,0,34,18,0,52,0,0,7,2,9,0,34,25,2,61,14,0,14,75
09/13/2008,CWA,WI,AGL,CE,Federal Contract Tower,1,24,0,0,25,0,0,0,0,0,1,24,0,0,25,0,0,0,25
09/14/2008,CWA,WI,AGL,CE,Federal Contract Tower,2,27,3,0,32,0,0,2,0,2,2,27,5,0,34,0,0,0,34
09/15/2008,CWA,WI,AGL,CE,Federal Contract Tower,0,31,7,0,38,0,0,13,0,13,0,31,20,0,51,26,0,26,77
09/16/2008,CWA,WI,AGL,CE,Federal Contract Tower,1,36,7,0,44,0,1,17,0,18,1,37,24,0,62,2,0,2,64
09/17/2008,CWA,WI,AGL,CE,Federal Contract Tower,0,29,4,0,33,0,2,19,0,21,0,31,23,0,54,4,0,4,58
09/18/2008,CWA,WI,AGL,CE,Federal Contract Tower,0,39,9,0,48,0,1,24,2,27,0,40,33,2,75,8,0,8,83
09/19/2008,CWA,WI,AGL,CE,Federal Contract Tower,0,36,7,0,43,0,1,5,0,6,0,37,12,0,49,0,0,0,49
09/20/2008,CWA,WI,AGL,CE,Federal Contract Tower,2,24,0,0,26,0,0,16,0,16,2,24,16,0,42,4,6,10,52
09/21/2008,CWA,WI,AGL,CE,Federal Contract Tower,0,27,9,0,36,0,0,10,0,10,0,27,19,0,46,4,0,4,50
09/22/2008,CWA,WI,AGL,CE,Federal Contract Tower,0,36,7,0,43,0,0,3,6,9,0,36,10,6,52,0,0,0,52
09/23/2008,CWA,WI,AGL,CE,Federal Contract Tower,0,41,11,2,54,0,1,65,2,68,0,42,76,4,122,0,0,0,122
09/24/2008,CWA,WI,AGL,CE,Federal Contract Tower,0,39,8,0,47,0,0,69,0,69,0,39,77,0,116,0,0,0,116
09/25/2008,CWA,WI,AGL,CE,Federal Contract Tower,0,36,3,0,39,0,2,22,0,24,0,38,25,0,63,2,0,2,65
09/26/2008,CWA,WI,AGL,CE,Federal Contract Tower,0,35,6,0,41,0,1,16,0,17,0,36,22,0,58,16,0,16,74
09/27/2008,CWA,WI,AGL,CE,Federal Contract Tower,0,26,2,0,28,0,0,6,0,6,0,26,8,0,34,10,0,10,44
09/28/2008,CWA,WI,AGL,CE,Federal Contract Tower,0,28,11,0,39,0,0,0,0,0,0,28,11,0,39,0,0,0,39
09/29/2008,CWA,WI,AGL,CE,Federal Contract Tower,0,29,13,0,42,0,0,2,0,2,0,29,15,0,44,0,0,0,44
09/30/2008,CWA,WI,AGL,CE,Federal Contract Tower,0,34,7,0,41,0,0,4,0,4,0,34,11,0,45,0,0,0,45
10/01/2008,CWA,WI,AGL,CE,Federal Contract Tower,2,41,5,0,48,0,1,5,0,6,2,42,10,0,54,0,0,0,54
10/02/2008,CWA,WI,AGL,CE,Federal Contract Tower,0,37,8,0,45,0,2,14,0,16,0,39,22,0,61,4,0,4,65
10/03/2008,CWA,WI,AGL,CE,Federal Contract Tower,0,37,7,0,44,0,1,25,0,26,0,38,32,0,70,14,0,14,84
10/04/2008,CWA,WI,AGL,CE,Federal Contract Tower,2,30,8,0,40,0,0,32,0,32,2,30,40,0,72,6,0,6,78
10/05/2008,CWA,WI,AGL,CE,Federal Contract Tower,0,30,9,0,39,0,0,6,0,6,0,30,15,0,45,6,0,6,51
10/06/2008,CWA,WI,AGL,CE,Federal Contract Tower,0,33,9,0,42,0,0,1,0,1,0,33,10,0,43,0,0,0,43
10/07/2008,CWA,WI,AGL,CE,Federal Contract Tower,0,40,9,0,49,0,6,0,0,6,0,46,9,0,55,0,0,0,55
10/08/2008,CWA,WI,AGL,CE,Federal Contract Tower,2,37,14,0,53,0,1,0,0,1,2,38,14,0,54,0,0,0,54
10/09/2008,CWA,WI,AGL,CE,Federal Contract Tower,2,33,9,0,44,0,1,22,0,23,2,34,31,0,67,2,0,2,69
10/10/2008,CWA,WI,AGL,CE,Federal Contract Tower,2,35,6,0,43,0,1,16,0,17,2,36,22,0,60,6,0,6,66
10/11/2008,CWA,WI,AGL,CE,Federal Contract Tower,0,30,0,0,30,0,0,21,0,21,0,30,21,0,51,24,0,24,75
10/12/2008,CWA,WI,AGL,CE,Federal Contract Tower,0,28,6,0,34,0,0,14,0,14,0,28,20,0,48,10,0,10,58
10/13/2008,CWA,WI,AGL,CE,Federal Contract Tower,2,31,10,0,43,0,0,5,0,5,2,31,15,0,48,0,0,0,48
10/14/2008,CWA,WI,AGL,CE,Federal Contract Tower,0,38,7,0,45,0,17,10,0,27,0,55,17,0,72,4,0,4,76
10/15/2008,CWA,WI,AGL,CE,Federal Contract Tower,0,34,5,0,39,0,0,4,0,4,0,34,9,0,43,0,0,0,43
10/16/2008,CWA,WI,AGL,CE,Federal Contract Tower,0,39,6,0,45,0,1,14,2,17,0,40,20,2,62,38,0,38,100
10/17/2008,CWA,WI,AGL,CE,Federal Contract Tower,0,38,13,0,51,0,1,13,0,14,0,39,26,0,65,0,0,0,65
10/18/2008,CWA,WI,AGL,CE,Federal Contract Tower,0,25,4,0,29,0,0,7,0,7,0,25,11,0,36,18,0,18,54
10/19/2008,CWA,WI,AGL,CE,Federal Contract Tower,0,32,7,0,39,0,0,8,0,8,0,32,15,0,47,8,0,8,55
10/20/2008,CWA,WI,AGL,CE,Federal Contract Tower,0,37,17,0,54,0,0,32,0,32,0,37,49,0,86,2,0,2,88
10/21/2008,CWA,WI,AGL,CE,Federal Contract Tower,0,36,8,0,44,0,1,11,0,12,0,37,19,0,56,0,0,0,56
10/22/2008,CWA,WI,AGL,CE,Federal Contract Tower,0,38,3,0,41,0,1,2,0,3,0,39,5,0,44,4,0,4,48
10/23/2008,CWA,WI,AGL,CE,Federal Contract Tower,0,36,7,0,43,0,1,15,2,18,0,37,22,2,61,4,0,4,65
10/24/2008,CWA,WI,AGL,CE,Federal Contract Tower,0,36,4,0,40,0,0,0,0,0,0,36,4,0,40,0,0,0,40
10/25/2008,CWA,WI,AGL,CE,Federal Contract Tower,0,25,12,0,37,0,0,2,0,2,0,25,14,0,39,0,0,0,39
10/26/2008,CWA,WI,AGL,CE,Federal Contract Tower,0,28,2,0,30,0,0,1,0,1,0,28,3,0,31,0,0,0,31
10/27/2008,CWA,WI,AGL,CE,Federal Contract Tower,0,34,8,0,42,0,1,2,0,3,0,35,10,0,45,12,0,12,57
10/28/2008,CWA,WI,AGL,CE,Federal Contract Tower,0,35,6,0,41,0,2,5,0,7,0,37,11,0,48,4,0,4,52
10/29/2008,CWA,WI,AGL,CE,Federal Contract Tower,0,38,6,0,44,0,8,12,0,20,0,46,18,0,64,8,0,8,72
10/30/2008,CWA,WI,AGL,CE,Federal Contract Tower,0,40,8,0,48,0,12,11,0,23,0,52,19,0,71,0,0,0,71
10/31/2008,CWA,WI,AGL,CE,Federal Contract Tower,0,36,5,0,41,0,1,10,0,11,0,37,15,0,52,8,4,12,64
11/01/2008,CWA,WI,AGL,CE,Federal Contract Tower,0,26,0,0,26,0,0,12,0,12,0,26,12,0,38,8,0,8,46
11/02/2008,CWA,WI,AGL,CE,Federal Contract Tower,0,29,9,0,38,0,0,0,0,0,0,29,9,0,38,0,0,0,38
11/03/2008,CWA,WI,AGL,CE,Federal Contract Tower,4,31,7,0,42,0,0,18,0,18,4,31,25,0,60,8,0,8,68
11/04/2008,CWA,WI,AGL,CE,Federal Contract Tower,0,37,4,0,41,0,1,6,0,7,0,38,10,0,48,0,0,0,48
11/05/2008,CWA,WI,AGL,CE,Federal Contract Tower,0,35,6,0,41,0,2,4,0,6,0,37,10,0,47,8,0,8,55
11/06/2008,CWA,WI,AGL,CE,Federal Contract Tower,1,34,2,1,38,0,2,2,1,5,1,36,4,2,43,0,0,0,43
11/07/2008,CWA,WI,AGL,CE,Federal Contract Tower,3,34,10,0,47,0,0,7,0,7,3,34,17,0,54,8,0,8,62
11/08/2008,CWA,WI,AGL,CE,Federal Contract Tower,2,28,0,0,30,0,0,0,1,1,2,28,0,1,31,0,0,0,31
11/09/2008,CWA,WI,AGL,CE,Federal Contract Tower,0,30,2,0,32,0,0,3,0,3,0,30,5,0,35,2,0,2,37
11/10/2008,CWA,WI,AGL,CE,Federal Contract Tower,4,36,2,0,42,0,1,0,3,4,4,37,2,3,46,10,0,10,56
11/11/2008,CWA,WI,AGL,CE,Federal Contract Tower,0,33,3,0,36,0,1,5,0,6,0,34,8,0,42,12,0,12,54
11/12/2008,CWA,WI,AGL,CE,Federal Contract Tower,2,26,3,0,31,0,0,0,0,0,2,26,3,0,31,0,0,0,31
11/13/2008,CWA,WI,AGL,CE,Federal Contract Tower,2,32,10,0,44,0,0,0,0,0,2,32,10,0,44,0,0,0,44
11/14/2008,CWA,WI,AGL,CE,Federal Contract Tower,0,38,1,0,39,0,1,4,0,5,0,39,5,0,44,12,0,12,56
11/15/2008,CWA,WI,AGL,CE,Federal Contract Tower,0,26,0,0,26,0,0,2,0,2,0,26,2,0,28,0,0,0,28
11/16/2008,CWA,WI,AGL,CE,Federal Contract Tower,0,30,3,0,33,0,0,13,0,13,0,30,16,0,46,6,0,6,52
11/17/2008,CWA,WI,AGL,CE,Federal Contract Tower,0,33,2,0,35,0,0,1,0,1,0,33,3,0,36,0,0,0,36
11/18/2008,CWA,WI,AGL,CE,Federal Contract Tower,2,35,4,0,41,0,1,14,0,15,2,36,18,0,56,26,0,26,82
11/19/2008,CWA,WI,AGL,CE,Federal Contract Tower,0,38,8,0,46,0,1,1,0,2,0,39,9,0,48,0,0,0,48
11/20/2008,CWA,WI,AGL,CE,Federal Contract Tower,0,40,2,0,42,0,1,13,0,14,0,41,15,0,56,4,0,4,60
11/21/2008,CWA,WI,AGL,CE,Federal Contract Tower,0,40,2,0,42,0,1,13,0,14,0,41,15,0,56,4,0,4,60
11/22/2008,CWA,WI,AGL,CE,Federal Contract Tower,0,29,1,0,30,0,1,21,0,22,0,30,22,0,52,4,0,4,56
11/23/2008,CWA,WI,AGL,CE,Federal Contract Tower,0,33,2,0,35,0,0,20,0,20,0,33,22,0,55,16,0,16,71
11/24/2008,CWA,WI,AGL,CE,Federal Contract Tower,0,32,4,0,36,0,0,0,0,0,0,32,4,0,36,0,0,0,36
11/25/2008,CWA,WI,AGL,CE,Federal Contract Tower,0,36,7,0,43,0,1,16,0,17,0,37,23,0,60,14,0,14,74
11/26/2008,CWA,WI,AGL,CE,Federal Contract Tower,0,34,5,0,39,0,5,11,1,17,0,39,16,1,56,10,6,16,72
11/27/2008,CWA,WI,AGL,CE,Federal Contract Tower,0,17,0,0,17,0,0,3,0,3,0,17,3,0,20,0,0,0,20
11/28/2008,CWA,WI,AGL,CE,Federal Contract Tower,0,28,1,0,29,0,1,16,0,17,0,29,17,0,46,0,0,0,46
11/29/2008,CWA,WI,AGL,CE,Federal Contract Tower,0,26,4,0,30,0,0,14,0,14,0,26,18,0,44,0,0,0,44
11/30/2008,CWA,WI,AGL,CE,Federal Contract Tower,0,28,8,0,36,0,0,0,0,0,0,28,8,0,36,0,0,0,36
12/01/2008,CWA,WI,AGL,CE,Federal Contract Tower,0,31,7,0,38,0,0,1,0,1,0,31,8,0,39,0,0,0,39
12/02/2008,CWA,WI,AGL,CE,Federal Contract Tower,0,36,9,0,45,0,1,3,0,4,0,37,12,0,49,0,0,0,49
12/03/2008,CWA,WI,AGL,CE,Federal Contract Tower,2,30,8,0,40,0,0,0,0,0,2,30,8,0,40,0,0,0,40
12/04/2008,CWA,WI,AGL,CE,Federal Contract Tower,0,33,4,0,37,0,0,6,0,6,0,33,10,0,43,14,0,14,57
12/05/2008,CWA,WI,AGL,CE,Federal Contract Tower,2,31,7,0,40,0,1,9,0,10,2,32,16,0,50,0,0,0,50
12/06/2008,CWA,WI,AGL,CE,Federal Contract Tower,4,24,2,0,30,0,0,0,0,0,4,24,2,0,30,0,0,0,30
12/07/2008,CWA,WI,AGL,CE,Federal Contract Tower,0,31,2,0,33,0,0,0,0,0,0,31,2,0,33,8,0,8,41
12/08/2008,CWA,WI,AGL,CE,Federal Contract Tower,0,36,4,0,40,0,0,0,0,0,0,36,4,0,40,0,0,0,40
12/09/2008,CWA,WI,AGL,CE,Federal Contract Tower,2,30,3,0,35,0,1,1,0,2,2,31,4,0,37,0,0,0,37
12/10/2008,CWA,WI,AGL,CE,Federal Contract Tower,0,32,1,0,33,0,2,1,0,3,0,34,2,0,36,0,0,0,36
12/11/2008,CWA,WI,AGL,CE,Federal Contract Tower,0,35,8,2,45,0,1,2,0,3,0,36,10,2,48,2,6,8,56
12/12/2008,CWA,WI,AGL,CE,Federal Contract Tower,0,35,2,2,39,0,7,0,2,9,0,42,2,4,48,0,0,0,48
12/13/2008,CWA,WI,AGL,CE,Federal Contract Tower,0,26,0,0,26,0,0,6,0,6,0,26,6,0,32,0,0,0,32
12/14/2008,CWA,WI,AGL,CE,Federal Contract Tower,0,28,0,0,28,0,0,0,0,0,0,28,0,0,28,0,0,0,28
12/15/2008,CWA,WI,AGL,CE,Federal Contract Tower,0,29,10,0,39,0,0,0,0,0,0,29,10,0,39,0,0,0,39
12/16/2008,CWA,WI,AGL,CE,Federal Contract Tower,0,27,3,0,30,0,1,4,0,5,0,28,7,0,35,0,0,0,35
12/17/2008,CWA,WI,AGL,CE,Federal Contract Tower,2,35,11,0,48,0,1,4,0,5,2,36,15,0,53,6,0,6,59
12/18/2008,CWA,WI,AGL,CE,Federal Contract Tower,1,34,4,0,39,0,0,6,0,6,1,34,10,0,45,12,0,12,57
12/19/2008,CWA,WI,AGL,CE,Federal Contract Tower,1,28,4,0,33,0,0,0,0,0,1,28,4,0,33,0,0,0,33
12/20/2008,CWA,WI,AGL,CE,Federal Contract Tower,0,24,1,0,25,0,0,0,0,0,0,24,1,0,25,0,0,0,25
12/21/2008,CWA,WI,AGL,CE,Federal Contract Tower,0,21,0,0,21,0,0,0,0,0,0,21,0,0,21,0,0,0,21
12/22/2008,CWA,WI,AGL,CE,Federal Contract Tower,2,28,4,0,34,0,1,2,0,3,2,29,6,0,37,2,0,2,39
12/23/2008,CWA,WI,AGL,CE,Federal Contract Tower,0,31,4,0,35,0,2,0,0,2,0,33,4,0,37,0,0,0,37
12/24/2008,CWA,WI,AGL,CE,Federal Contract Tower,0,27,2,0,29,0,0,0,0,0,0,27,2,0,29,0,0,0,29
12/25/2008,CWA,WI,AGL,CE,Federal Contract Tower,0,28,0,0,28,0,1,0,0,1,0,29,0,0,29,0,0,0,29
12/26/2008,CWA,WI,AGL,CE,Federal Contract Tower,0,31,0,0,31,0,0,0,0,0,0,31,0,0,31,0,0,0,31
12/27/2008,CWA,WI,AGL,CE,Federal Contract Tower,0,16,2,0,18,0,0,0,0,0,0,16,2,0,18,0,0,0,18
12/28/2008,CWA,WI,AGL,CE,Federal Contract Tower,0,31,4,0,35,0,0,8,0,8,0,31,12,0,43,6,0,6,49
12/29/2008,CWA,WI,AGL,CE,Federal Contract Tower,0,28,4,0,32,0,0,1,0,1,0,28,5,0,33,2,0,2,35
12/30/2008,CWA,WI,AGL,CE,Federal Contract Tower,0,33,2,0,35,0,0,0,0,0,0,33,2,0,35,0,0,0,35
12/31/2008,CWA,WI,AGL,CE,Federal Contract Tower,0,32,1,0,33,0,1,6,0,7,0,33,7,0,40,2,0,2,42
01/01/2009,CWA,WI,AGL,CE,Federal Contract Tower,0,24,1,0,25,0,0,0,0,0,0,24,1,0,25,0,0,0,25
01/02/2009,CWA,WI,AGL,CE,Federal Contract Tower,0,43,3,2,48,0,7,0,0,7,0,50,3,2,55,10,0,10,65
01/03/2009,CWA,WI,AGL,CE,Federal Contract Tower,0,26,5,0,31,0,0,0,0,0,0,26,5,0,31,0,0,0,31
01/04/2009,CWA,WI,AGL,CE,Federal Contract Tower,0,25,2,0,27,0,0,4,0,4,0,25,6,0,31,0,0,0,31
01/05/2009,CWA,WI,AGL,CE,Federal Contract Tower,0,30,1,0,31,0,4,0,0,4,0,34,1,0,35,0,0,0,35
01/06/2009,CWA,WI,AGL,CE,Federal Contract Tower,0,30,3,0,33,0,2,2,0,4,0,32,5,0,37,2,0,2,39
01/07/2009,CWA,WI,AGL,CE,Federal Contract Tower,0,33,2,4,39,0,0,1,0,1,0,33,3,4,40,0,0,0,40
01/08/2009,CWA,WI,AGL,CE,Federal Contract Tower,2,29,2,0,33,0,1,7,0,8,2,30,9,0,41,0,0,0,41
01/09/2009,CWA,WI,AGL,CE,Federal Contract Tower,0,31,2,0,33,0,1,0,0,1,0,32,2,0,34,0,0,0,34
01/10/2009,CWA,WI,AGL,CE,Federal Contract Tower,0,19,0,0,19,0,0,6,0,6,0,19,6,0,25,0,0,0,25
01/11/2009,CWA,WI,AGL,CE,Federal Contract Tower,0,25,1,0,26,0,0,3,0,3,0,25,4,0,29,12,0,12,41
01/12/2009,CWA,WI,AGL,CE,Federal Contract Tower,0,30,5,0,35,0,0,0,0,0,0,30,5,0,35,0,0,0,35
01/13/2009,CWA,WI,AGL,CE,Federal Contract Tower,2,34,4,0,40,0,9,0,0,9,2,43,4,0,49,0,0,0,49
01/14/2009,CWA,WI,AGL,CE,Federal Contract Tower,0,32,5,0,37,0,2,0,0,2,0,34,5,0,39,0,0,0,39
01/15/2009,CWA,WI,AGL,CE,Federal Contract Tower,0,32,6,0,38,0,1,0,0,1,0,33,6,0,39,0,0,0,39
01/16/2009,CWA,WI,AGL,CE,Federal Contract Tower,0,31,1,0,32,0,0,4,0,4,0,31,5,0,36,0,0,0,36
01/17/2009,CWA,WI,AGL,CE,Federal Contract Tower,0,24,3,0,27,0,0,0,0,0,0,24,3,0,27,0,0,0,27
01/18/2009,CWA,WI,AGL,CE,Federal Contract Tower,0,29,2,0,31,0,0,2,0,2,0,29,4,0,33,6,0,6,39
01/19/2009,CWA,WI,AGL,CE,Federal Contract Tower,0,36,4,0,40,0,1,4,0,5,0,37,8,0,45,28,0,28,73
01/20/2009,CWA,WI,AGL,CE,Federal Contract Tower,0,35,5,0,40,0,3,1,0,4,0,38,6,0,44,20,0,20,64
01/21/2009,CWA,WI,AGL,CE,Federal Contract Tower,0,34,6,0,40,0,0,0,0,0,0,34,6,0,40,0,0,0,40
01/22/2009,CWA,WI,AGL,CE,Federal Contract Tower,0,35,5,0,40,0,0,0,0,0,0,35,5,0,40,0,0,0,40
01/23/2009,CWA,WI,AGL,CE,Federal Contract Tower,2,34,6,0,42,0,0,0,0,0,2,34,6,0,42,0,0,0,42
01/24/2009,CWA,WI,AGL,CE,Federal Contract Tower,0,25,2,0,27,0,8,6,14,28,0,33,8,14,55,6,0,6,61
01/25/2009,CWA,WI,AGL,CE,Federal Contract Tower,0,26,1,0,27,0,0,0,4,4,0,26,1,4,31,0,0,0,31
01/26/2009,CWA,WI,AGL,CE,Federal Contract Tower,2,27,1,1,31,0,0,11,3,14,2,27,12,4,45,4,2,6,51
01/27/2009,CWA,WI,AGL,CE,Federal Contract Tower,0,33,9,0,42,0,2,1,0,3,0,35,10,0,45,0,0,0,45
01/28/2009,CWA,WI,AGL,CE,Federal Contract Tower,0,28,0,0,28,0,1,6,0,7,0,29,6,0,35,0,0,0,35
01/29/2009,CWA,WI,AGL,CE,Federal Contract Tower,0,34,1,0,35,0,0,1,0,1,0,34,2,0,36,0,0,0,36
01/30/2009,CWA,WI,AGL,CE,Federal Contract Tower,0,33,0,0,33,0,3,6,0,9,0,36,6,0,42,0,0,0,42
01/31/2009,CWA,WI,AGL,CE,Federal Contract Tower,0,24,1,0,25,0,0,10,0,10,0,24,11,0,35,0,0,0,35
02/01/2009,CWA,WI,AGL,CE,Federal Contract Tower,0,28,3,0,31,0,0,5,0,5,0,28,8,0,36,0,0,0,36
02/02/2009,CWA,WI,AGL,CE,Federal Contract Tower,0,29,4,0,33,0,0,0,0,0,0,29,4,0,33,0,0,0,33
02/03/2009,CWA,WI,AGL,CE,Federal Contract Tower,2,31,7,0,40,0,2,0,0,2,2,33,7,0,42,0,0,0,42
02/04/2009,CWA,WI,AGL,CE,Federal Contract Tower,0,31,5,0,36,0,1,2,0,3,0,32,7,0,39,10,0,10,49
02/05/2009,CWA,WI,AGL,CE,Federal Contract Tower,1,32,2,0,35,0,1,12,0,13,1,33,14,0,48,14,6,20,68
02/06/2009,CWA,WI,AGL,CE,Federal Contract Tower,3,37,5,3,48,0,1,22,2,25,3,38,27,5,73,16,8,24,97
02/07/2009,CWA,WI,AGL,CE,Federal Contract Tower,0,25,4,0,29,0,0,0,0,0,0,25,4,0,29,0,0,0,29
02/08/2009,CWA,WI,AGL,CE,Federal Contract Tower,0,29,1,0,30,0,0,12,0,12,0,29,13,0,42,6,0,6,48
02/09/2009,CWA,WI,AGL,CE,Federal Contract Tower,0,32,3,0,35,0,0,0,0,0,0,32,3,0,35,0,0,0,35
02/10/2009,CWA,WI,AGL,CE,Federal Contract Tower,1,32,6,0,39,0,2,4,0,6,1,34,10,0,45,0,0,0,45
02/11/2009,CWA,WI,AGL,CE,Federal Contract Tower,0,38,4,0,42,0,0,0,0,0,0,38,4,0,42,0,0,0,42
02/12/2009,CWA,WI,AGL,CE,Federal Contract Tower,0,36,2,0,38,0,1,4,0,5,0,37,6,0,43,0,0,0,43
02/13/2009,CWA,WI,AGL,CE,Federal Contract Tower,0,34,6,0,40,0,1,4,0,5,0,35,10,0,45,10,0,10,55
02/14/2009,CWA,WI,AGL,CE,Federal Contract Tower,0,25,0,2,27,0,0,4,0,4,0,25,4,2,31,2,6,8,39
02/15/2009,CWA,WI,AGL,CE,Federal Contract Tower,0,27,2,0,29,0,0,10,0,10,0,27,12,0,39,14,0,14,53
02/16/2009,CWA,WI,AGL,CE,Federal Contract Tower,0,32,3,0,35,0,0,7,0,7,0,32,10,0,42,20,0,20,62
02/17/2009,CWA,WI,AGL,CE,Federal Contract Tower,2,37,5,0,44,0,1,3,0,4,2,38,8,0,48,14,0,14,62
02/18/2009,CWA,WI,AGL,CE,Federal Contract Tower,0,33,1,0,34,0,1,0,0,1,0,34,1,0,35,0,0,0,35
02/19/2009,CWA,WI,AGL,CE,Federal Contract Tower,0,34,3,0,37,0,1,8,0,9,0,35,11,0,46,0,0,0,46
02/20/2009,CWA,WI,AGL,CE,Federal Contract Tower,0,36,4,4,44,0,1,13,0,14,0,37,17,4,58,10,0,10,68
02/21/2009,CWA,WI,AGL,CE,Federal Contract Tower,2,22,0,0,24,0,0,0,0,0,2,22,0,0,24,0,0,0,24
02/22/2009,CWA,WI,AGL,CE,Federal Contract Tower,0,27,2,0,29,0,0,11,0,11,0,27,13,0,40,8,0,8,48
02/23/2009,CWA,WI,AGL,CE,Federal Contract Tower,0,29,4,0,33,0,0,16,0,16,0,29,20,0,49,30,0,30,79
02/24/2009,CWA,WI,AGL,CE,Federal Contract Tower,0,33,6,0,39,0,1,15,0,16,0,34,21,0,55,38,0,38,93
02/25/2009,CWA,WI,AGL,CE,Federal Contract Tower,0,35,7,0,42,0,0,6,0,6,0,35,13,0,48,0,0,0,48
02/26/2009,CWA,WI,AGL,CE,Federal Contract Tower,0,26,8,0,34,0,1,4,0,5,0,27,12,0,39,0,0,0,39
02/27/2009,CWA,WI,AGL,CE,Federal Contract Tower,0,35,3,0,38,0,1,4,0,5,0,36,7,0,43,6,0,6,49
02/28/2009,CWA,WI,AGL,CE,Federal Contract Tower,0,25,1,0,26,0,1,11,0,12,0,26,12,0,38,18,0,18,56
03/01/2009,CWA,WI,AGL,CE,Federal Contract Tower,0,26,0,0,26,0,0,10,0,10,0,26,10,0,36,4,0,4,40
03/02/2009,CWA,WI,AGL,CE,Federal Contract Tower,2,28,4,0,34,0,0,9,0,9,2,28,13,0,43,0,0,0,43
03/03/2009,CWA,WI,AGL,CE,Federal Contract Tower,0,34,7,0,41,0,1,6,0,7,0,35,13,0,48,0,0,0,48
03/04/2009,CWA,WI,AGL,CE,Federal Contract Tower,0,36,3,0,39,0,2,7,0,9,0,38,10,0,48,0,0,0,48
03/05/2009,CWA,WI,AGL,CE,Federal Contract Tower,0,33,13,0,46,0,1,0,0,1,0,34,13,0,47,0,0,0,47
03/06/2009,CWA,WI,AGL,CE,Federal Contract Tower,2,36,4,0,42,0,0,1,0,1,2,36,5,0,43,0,0,0,43
03/07/2009,CWA,WI,AGL,CE,Federal Contract Tower,0,26,1,0,27,0,0,5,0,5,0,26,6,0,32,14,0,14,46
03/08/2009,CWA,WI,AGL,CE,Federal Contract Tower,0,25,2,0,27,0,0,0,0,0,0,25,2,0,27,0,0,0,27
03/09/2009,CWA,WI,AGL,CE,Federal Contract Tower,2,36,4,0,42,0,1,10,0,11,2,37,14,0,53,6,0,6,59
03/10/2009,CWA,WI,AGL,CE,Federal Contract Tower,0,33,1,0,34,0,0,0,0,0,0,33,1,0,34,0,0,0,34
03/11/2009,CWA,WI,AGL,CE,Federal Contract Tower,0,29,1,0,30,0,1,0,0,1,0,30,1,0,31,0,0,0,31
03/12/2009,CWA,WI,AGL,CE,Federal Contract Tower,0,35,2,0,37,0,2,9,0,11,0,37,11,0,48,4,0,4,52
03/13/2009,CWA,WI,AGL,CE,Federal Contract Tower,0,35,6,0,41,0,1,7,0,8,0,36,13,0,49,0,0,0,49
03/14/2009,CWA,WI,AGL,CE,Federal Contract Tower,0,27,1,0,28,0,0,18,0,18,0,27,19,0,46,20,0,20,66
03/15/2009,CWA,WI,AGL,CE,Federal Contract Tower,0,32,2,0,34,0,0,11,0,11,0,32,13,0,45,0,0,0,45
03/16/2009,CWA,WI,AGL,CE,Federal Contract Tower,0,30,3,0,33,0,1,14,0,15,0,31,17,0,48,0,0,0,48
03/17/2009,CWA,WI,AGL,CE,Federal Contract Tower,0,31,3,0,34,0,3,1,0,4,0,34,4,0,38,0,0,0,38
03/18/2009,CWA,WI,AGL,CE,Federal Contract Tower,0,36,0,0,36,0,4,14,0,18,0,40,14,0,54,0,0,0,54
03/19/2009,CWA,WI,AGL,CE,Federal Contract Tower,2,34,5,0,41,0,2,11,0,13,2,36,16,0,54,12,0,12,66
03/20/2009,CWA,WI,AGL,CE,Federal Contract Tower,0,32,6,0,38,0,1,2,0,3,0,33,8,0,41,2,0,2,43
03/21/2009,CWA,WI,AGL,CE,Federal Contract Tower,0,30,7,0,37,0,0,7,0,7,0,30,14,0,44,0,0,0,44
03/22/2009,CWA,WI,AGL,CE,Federal Contract Tower,0,27,5,0,32,0,0,0,0,0,0,27,5,0,32,0,0,0,32
03/23/2009,CWA,WI,AGL,CE,Federal Contract Tower,2,29,2,0,33,0,0,1,0,1,2,29,3,0,34,0,0,0,34
03/24/2009,CWA,WI,AGL,CE,Federal Contract Tower,0,32,4,0,36,0,1,0,0,1,0,33,4,0,37,0,0,0,37
03/25/2009,CWA,WI,AGL,CE,Federal Contract Tower,0,34,2,0,36,0,1,0,0,1,0,35,2,0,37,0,0,0,37
03/26/2009,CWA,WI,AGL,CE,Federal Contract Tower,0,35,11,0,46,0,3,0,0,3,0,38,11,0,49,14,0,14,63
03/27/2009,CWA,WI,AGL,CE,Federal Contract Tower,1,35,1,0,37,0,1,5,0,6,1,36,6,0,43,14,0,14,57
03/28/2009,CWA,WI,AGL,CE,Federal Contract Tower,1,24,5,0,30,0,0,2,0,2,1,24,7,0,32,0,0,0,32
03/29/2009,CWA,WI,AGL,CE,Federal Contract Tower,0,26,1,0,27,0,0,4,0,4,0,26,5,0,31,4,0,4,35
03/30/2009,CWA,WI,AGL,CE,Federal Contract Tower,0,30,2,0,32,0,1,10,0,11,0,31,12,0,43,18,0,18,61
03/31/2009,CWA,WI,AGL,CE,Federal Contract Tower,2,30,0,0,32,0,1,0,0,1,2,31,0,0,33,0,0,0,33
04/01/2009,CWA,WI,AGL,CE,Federal Contract Tower,0,30,2,0,32,0,1,0,0,1,0,31,2,0,33,0,0,0,33
04/02/2009,CWA,WI,AGL,CE,Federal Contract Tower,0,34,2,0,36,0,1,9,0,10,0,35,11,0,46,8,0,8,54
04/03/2009,CWA,WI,AGL,CE,Federal Contract Tower,0,34,5,2,41,0,13,4,0,17,0,47,9,2,58,4,0,4,62
04/04/2009,CWA,WI,AGL,CE,Federal Contract Tower,0,28,0,0,28,0,0,14,0,14,0,28,14,0,42,0,0,0,42
04/05/2009,CWA,WI,AGL,CE,Federal Contract Tower,0,26,2,0,28,0,0,3,0,3,0,26,5,0,31,16,0,16,47
04/06/2009,CWA,WI,AGL,CE,Federal Contract Tower,0,31,1,2,34,0,1,0,2,3,0,32,1,4,37,0,0,0,37
04/07/2009,CWA,WI,AGL,CE,Federal Contract Tower,0,35,2,2,39,0,3,2,0,5,0,38,4,2,44,0,0,0,44
04/08/2009,CWA,WI,AGL,CE,Federal Contract Tower,0,36,3,0,39,0,2,2,0,4,0,38,5,0,43,0,0,0,43
04/09/2009,CWA,WI,AGL,CE,Federal Contract Tower,0,38,2,0,40,0,1,14,0,15,0,39,16,0,55,0,0,0,55
04/10/2009,CWA,WI,AGL,CE,Federal Contract Tower,0,38,0,0,38,0,1,17,0,18,0,39,17,0,56,8,0,8,64
04/11/2009,CWA,WI,AGL,CE,Federal Contract Tower,0,28,1,0,29,0,0,11,0,11,0,28,12,0,40,12,0,12,52
04/12/2009,CWA,WI,AGL,CE,Federal Contract Tower,0,29,6,0,35,0,0,7,0,7,0,29,13,0,42,0,0,0,42
04/13/2009,CWA,WI,AGL,CE,Federal Contract Tower,4,26,7,0,37,0,1,0,0,1,4,27,7,0,38,0,0,0,38
04/14/2009,CWA,WI,AGL,CE,Federal Contract Tower,0,35,1,0,36,0,1,6,0,7,0,36,7,0,43,0,0,0,43
04/15/2009,CWA,WI,AGL,CE,Federal Contract Tower,0,37,5,0,42,0,4,2,0,6,0,41,7,0,48,4,0,4,52
04/16/2009,CWA,WI,AGL,CE,Federal Contract Tower,2,32,5,0,39,0,1,6,0,7,2,33,11,0,46,0,0,0,46
04/17/2009,CWA,WI,AGL,CE,Federal Contract Tower,2,35,5,0,42,0,1,20,0,21,2,36,25,0,63,10,0,10,73
04/18/2009,CWA,WI,AGL,CE,Federal Contract Tower,0,28,0,2,30,0,0,7,2,9,0,28,7,4,39,0,12,12,51
04/19/2009,CWA,WI,AGL,CE,Federal Contract Tower,0,26,3,0,29,0,0,0,0,0,0,26,3,0,29,0,0,0,29
04/20/2009,CWA,WI,AGL,CE,Federal Contract Tower,2,37,3,0,42,0,0,0,0,0,2,37,3,0,42,0,0,0,42
04/21/2009,CWA,WI,AGL,CE,Federal Contract Tower,0,38,4,0,42,0,1,0,0,1,0,39,4,0,43,0,0,0,43
04/22/2009,CWA,WI,AGL,CE,Federal Contract Tower,0,38,9,2,49,0,2,7,0,9,0,40,16,2,58,6,4,10,68
04/23/2009,CWA,WI,AGL,CE,Federal Contract Tower,0,37,5,0,42,0,1,8,0,9,0,38,13,0,51,0,0,0,51
04/24/2009,CWA,WI,AGL,CE,Federal Contract Tower,0,36,3,0,39,0,1,1,0,2,0,37,4,0,41,0,0,0,41
04/25/2009,CWA,WI,AGL,CE,Federal Contract Tower,0,26,0,0,26,0,0,0,0,0,0,26,0,0,26,0,0,0,26
04/26/2009,CWA,WI,AGL,CE,Federal Contract Tower,0,26,0,0,26,0,0,0,0,0,0,26,0,0,26,0,0,0,26
04/27/2009,CWA,WI,AGL,CE,Federal Contract Tower,0,33,6,0,39,0,0,6,0,6,0,33,12,0,45,0,0,0,45
04/28/2009,CWA,WI,AGL,CE,Federal Contract Tower,0,35,2,0,37,0,1,6,0,7,0,36,8,0,44,0,0,0,44
04/29/2009,CWA,WI,AGL,CE,Federal Contract Tower,0,36,5,0,41,0,5,3,0,8,0,41,8,0,49,0,0,0,49
04/30/2009,CWA,WI,AGL,CE,Federal Contract Tower,2,33,6,0,41,0,0,2,0,2,2,33,8,0,43,0,0,0,43
05/01/2009,CWA,WI,AGL,CE,Federal Contract Tower,0,36,1,0,37,0,1,1,0,2,0,37,2,0,39,4,0,4,43
05/02/2009,CWA,WI,AGL,CE,Federal Contract Tower,2,28,1,0,31,0,0,2,1,3,2,28,3,1,34,0,0,0,34
05/03/2009,CWA,WI,AGL,CE,Federal Contract Tower,0,29,2,0,31,0,0,8,3,11,0,29,10,3,42,12,0,12,54
05/04/2009,CWA,WI,AGL,CE,Federal Contract Tower,0,31,4,0,35,0,2,9,0,11,0,33,13,0,46,20,0,20,66
05/05/2009,CWA,WI,AGL,CE,Federal Contract Tower,0,34,4,0,38,0,1,9,0,10,0,35,13,0,48,4,0,4,52
05/06/2009,CWA,WI,AGL,CE,Federal Contract Tower,2,35,4,0,41,0,0,3,0,3,2,35,7,0,44,2,0,2,46
05/07/2009,CWA,WI,AGL,CE,Federal Contract Tower,0,41,8,0,49,0,2,4,0,6,0,43,12,0,55,0,0,0,55
05/08/2009,CWA,WI,AGL,CE,Federal Contract Tower,0,38,0,0,38,0,0,10,0,10,0,38,10,0,48,0,0,0,48
05/09/2009,CWA,WI,AGL,CE,Federal Contract Tower,0,29,14,2,45,0,0,8,2,10,0,29,22,4,55,0,22,22,77
05/10/2009,CWA,WI,AGL,CE,Federal Contract Tower,0,31,4,0,35,0,0,5,0,5,0,31,9,0,40,2,0,2,42
05/11/2009,CWA,WI,AGL,CE,Federal Contract Tower,0,35,0,0,35,0,0,1,2,3,0,35,1,2,38,6,0,6,44
05/12/2009,CWA,WI,AGL,CE,Federal Contract Tower,0,34,5,0,39,0,2,5,0,7,0,36,10,0,46,6,0,6,52
05/13/2009,CWA,WI,AGL,CE,Federal Contract Tower,0,36,1,0,37,0,0,0,0,0,0,36,1,0,37,0,0,0,37
05/14/2009,CWA,WI,AGL,CE,Federal Contract Tower,0,39,4,0,43,0,4,13,0,17,0,43,17,0,60,2,0,2,62
05/15/2009,CWA,WI,AGL,CE,Federal Contract Tower,2,34,5,0,41,0,0,8,0,8,2,34,13,0,49,0,0,0,49
05/16/2009,CWA,WI,AGL,CE,Federal Contract Tower,0,30,1,0,31,0,0,4,0,4,0,30,5,0,35,2,0,2,37
05/17/2009,CWA,WI,AGL,CE,Federal Contract Tower,0,29,3,0,32,0,0,20,0,20,0,29,23,0,52,0,0,0,52
05/18/2009,CWA,WI,AGL,CE,Federal Contract Tower,2,29,1,0,32,0,0,1,0,1,2,29,2,0,33,0,0,0,33
05/19/2009,CWA,WI,AGL,CE,Federal Contract Tower,0,34,6,0,40,0,1,6,0,7,0,35,12,0,47,4,0,4,51
05/20/2009,CWA,WI,AGL,CE,Federal Contract Tower,0,34,0,0,34,0,1,1,0,2,0,35,1,0,36,0,0,0,36
05/21/2009,CWA,WI,AGL,CE,Federal Contract Tower,0,36,8,0,44,0,2,10,0,12,0,38,18,0,56,10,0,10,66
05/22/2009,CWA,WI,AGL,CE,Federal Contract Tower,0,37,4,1,42,0,1,14,1,16,0,38,18,2,58,12,0,12,70
05/23/2009,CWA,WI,AGL,CE,Federal Contract Tower,0,28,6,0,34,0,0,13,0,13,0,28,19,0,47,6,0,6,53
05/24/2009,CWA,WI,AGL,CE,Federal Contract Tower,0,20,0,0,20,0,0,11,0,11,0,20,11,0,31,0,0,0,31
05/25/2009,CWA,WI,AGL,CE,Federal Contract Tower,0,30,0,0,30,0,0,14,0,14,0,30,14,0,44,0,0,0,44
05/26/2009,CWA,WI,AGL,CE,Federal Contract Tower,0,32,14,0,46,0,0,0,0,0,0,32,14,0,46,0,0,0,46
05/27/2009,CWA,WI,AGL,CE,Federal Contract Tower,0,36,3,0,39,0,0,0,0,0,0,36,3,0,39,0,0,0,39
05/28/2009,CWA,WI,AGL,CE,Federal Contract Tower,0,36,5,0,41,0,1,13,0,14,0,37,18,0,55,8,0,8,63
05/29/2009,CWA,WI,AGL,CE,Federal Contract Tower,0,35,3,0,38,0,1,14,0,15,0,36,17,0,53,10,0,10,63
05/30/2009,CWA,WI,AGL,CE,Federal Contract Tower,0,31,5,0,36,0,0,0,2,2,0,31,5,2,38,0,2,2,40
05/31/2009,CWA,WI,AGL,CE,Federal Contract Tower,0,29,4,0,33,0,0,16,0,16,0,29,20,0,49,12,0,12,61
06/01/2009,CWA,WI,AGL,CE,Federal Contract Tower,0,31,2,0,33,0,0,7,0,7,0,31,9,0,40,26,0,26,66
06/02/2009,CWA,WI,AGL,CE,Federal Contract Tower,0,34,1,0,35,0,2,16,0,18,0,36,17,0,53,26,0,26,79
06/03/2009,CWA,WI,AGL,CE,Federal Contract Tower,2,36,3,0,41,0,0,17,0,17,2,36,20,0,58,8,0,8,66
06/04/2009,CWA,WI,AGL,CE,Federal Contract Tower,0,35,6,0,41,0,0,14,0,14,0,35,20,0,55,6,0,6,61
06/05/2009,CWA,WI,AGL,CE,Federal Contract Tower,0,37,2,0,39,0,0,5,0,5,0,37,7,0,44,4,0,4,48
06/06/2009,CWA,WI,AGL,CE,Federal Contract Tower,2,26,0,0,28,0,0,4,0,4,2,26,4,0,32,4,0,4,36
06/07/2009,CWA,WI,AGL,CE,Federal Contract Tower,0,31,4,0,35,0,0,0,0,0,0,31,4,0,35,2,0,2,37
06/08/2009,CWA,WI,AGL,CE,Federal Contract Tower,0,34,1,0,35,0,0,0,0,0,0,34,1,0,35,0,0,0,35
06/09/2009,CWA,WI,AGL,CE,Federal Contract Tower,0,35,3,0,38,0,0,3,0,3,0,35,6,0,41,0,0,0,41
06/10/2009,CWA,WI,AGL,CE,Federal Contract Tower,2,33,2,0,37,0,0,3,0,3,2,33,5,0,40,6,0,6,46
06/11/2009,CWA,WI,AGL,CE,Federal Contract Tower,0,33,6,0,39,0,0,13,0,13,0,33,19,0,52,4,0,4,56
06/12/2009,CWA,WI,AGL,CE,Federal Contract Tower,0,36,4,2,42,0,0,8,0,8,0,36,12,2,50,8,10,18,68
06/13/2009,CWA,WI,AGL,CE,Federal Contract Tower,2,29,1,0,32,0,0,8,0,8,2,29,9,0,40,4,0,4,44
06/14/2009,CWA,WI,AGL,CE,Federal Contract Tower,0,29,4,2,35,0,0,12,0,12,0,29,16,2,47,0,0,0,47
06/15/2009,CWA,WI,AGL,CE,Federal Contract Tower,0,32,4,0,36,0,1,4,0,5,0,33,8,0,41,4,0,4,45
06/16/2009,CWA,WI,AGL,CE,Federal Contract Tower,0,35,2,0,37,0,0,7,0,7,0,35,9,0,44,2,0,2,46
06/17/2009,CWA,WI,AGL,CE,Federal Contract Tower,0,37,12,0,49,0,0,6,0,6,0,37,18,0,55,0,0,0,55
06/18/2009,CWA,WI,AGL,CE,Federal Contract Tower,0,35,12,0,47,0,0,5,0,5,0,35,17,0,52,0,0,0,52
06/19/2009,CWA,WI,AGL,CE,Federal Contract Tower,0,28,4,0,32,0,0,2,2,4,0,28,6,2,36,0,0,0,36
06/20/2009,CWA,WI,AGL,CE,Federal Contract Tower,0,29,4,0,33,0,0,9,0,9,0,29,13,0,42,0,0,0,42
06/21/2009,CWA,WI,AGL,CE,Federal Contract Tower,0,29,2,0,31,0,0,7,0,7,0,29,9,0,38,0,0,0,38
06/22/2009,CWA,WI,AGL,CE,Federal Contract Tower,0,32,3,0,35,0,0,0,0,0,0,32,3,0,35,0,0,0,35
06/23/2009,CWA,WI,AGL,CE,Federal Contract Tower,0,37,4,0,41,0,0,15,0,15,0,37,19,0,56,6,0,6,62
06/24/2009,CWA,WI,AGL,CE,Federal Contract Tower,0,32,6,0,38,0,0,6,0,6,0,32,12,0,44,0,0,0,44
06/25/2009,CWA,WI,AGL,CE,Federal Contract Tower,0,34,5,0,39,0,0,5,0,5,0,34,10,0,44,8,0,8,52
06/26/2009,CWA,WI,AGL,CE,Federal Contract Tower,0,39,6,0,45,0,0,14,2,16,0,39,20,2,61,24,2,26,87
06/27/2009,CWA,WI,AGL,CE,Federal Contract Tower,0,29,3,0,32,0,0,3,0,3,0,29,6,0,35,0,0,0,35
06/28/2009,CWA,WI,AGL,CE,Federal Contract Tower,4,29,1,0,34,0,0,2,0,2,4,29,3,0,36,0,0,0,36
06/29/2009,CWA,WI,AGL,CE,Federal Contract Tower,0,32,9,0,41,0,0,2,0,2,0,32,11,0,43,0,0,0,43
06/30/2009,CWA,WI,AGL,CE,Federal Contract Tower,0,34,14,0,48,0,0,2,0,2,0,34,16,0,50,0,0,0,50
07/01/2009,CWA,WI,AGL,CE,Federal Contract Tower,2,37,3,0,42,0,0,7,0,7,2,37,10,0,49,20,0,20,69
07/02/2009,CWA,WI,AGL,CE,Federal Contract Tower,2,33,6,0,41,0,0,3,0,3,2,33,9,0,44,0,0,0,44
07/03/2009,CWA,WI,AGL,CE,Federal Contract Tower,0,30,3,0,33,0,0,19,0,19,0,30,22,0,52,4,0,4,56
07/04/2009,CWA,WI,AGL,CE,Federal Contract Tower,0,19,0,0,19,0,0,15,0,15,0,19,15,0,34,6,0,6,40
07/05/2009,CWA,WI,AGL,CE,Federal Contract Tower,0,29,6,0,35,0,0,7,0,7,0,29,13,0,42,0,0,0,42
07/06/2009,CWA,WI,AGL,CE,Federal Contract Tower,0,32,4,0,36,0,0,7,0,7,0,32,11,0,43,0,0,0,43
07/07/2009,CWA,WI,AGL,CE,Federal Contract Tower,0,35,6,0,41,0,0,19,0,19,0,35,25,0,60,14,0,14,74
07/08/2009,CWA,WI,AGL,CE,Federal Contract Tower,0,36,4,0,40,0,0,18,0,18,0,36,22,0,58,6,0,6,64
07/09/2009,CWA,WI,AGL,CE,Federal Contract Tower,0,34,5,0,39,0,2,6,0,8,0,36,11,0,47,0,0,0,47
07/10/2009,CWA,WI,AGL,CE,Federal Contract Tower,0,39,2,0,41,0,0,12,0,12,0,39,14,0,53,20,0,20,73
07/11/2009,CWA,WI,AGL,CE,Federal Contract Tower,0,32,1,0,33,0,0,4,0,4,0,32,5,0,37,0,0,0,37
07/12/2009,CWA,WI,AGL,CE,Federal Contract Tower,0,28,4,0,32,0,0,16,0,16,0,28,20,0,48,4,0,4,52
07/13/2009,CWA,WI,AGL,CE,Federal Contract Tower,0,32,6,0,38,0,0,14,0,14,0,32,20,0,52,6,0,6,58
07/14/2009,CWA,WI,AGL,CE,Federal Contract Tower,0,35,0,0,35,0,0,9,6,15,0,35,9,6,50,10,10,20,70
07/15/2009,CWA,WI,AGL,CE,Federal Contract Tower,0,36,2,0,38,0,1,5,0,6,0,37,7,0,44,8,0,8,52
07/16/2009,CWA,WI,AGL,CE,Federal Contract Tower,0,37,11,0,48,0,0,12,0,12,0,37,23,0,60,6,0,6,66
07/17/2009,CWA,WI,AGL,CE,Federal Contract Tower,0,36,1,2,39,0,0,1,0,1,0,36,2,2,40,0,20,20,60
07/18/2009,CWA,WI,AGL,CE,Federal Contract Tower,0,32,5,6,43,0,0,7,0,7,0,32,12,6,50,0,42,42,92
07/19/2009,CWA,WI,AGL,CE,Federal Contract Tower,2,29,3,0,34,0,0,26,0,26,2,29,29,0,60,6,0,6,66
07/20/2009,CWA,WI,AGL,CE,Federal Contract Tower,0,33,4,0,37,0,0,8,0,8,0,33,12,0,45,2,0,2,47
07/21/2009,CWA,WI,AGL,CE,Federal Contract Tower,0,37,0,0,37,0,0,4,0,4,0,37,4,0,41,2,0,2,43
07/22/2009,CWA,WI,AGL,CE,Federal Contract Tower,2,37,15,0,54,0,0,8,0,8,2,37,23,0,62,4,0,4,66
07/23/2009,CWA,WI,AGL,CE,Federal Contract Tower,0,38,4,0,42,0,0,18,0,18,0,38,22,0,60,10,0,10,70
07/24/2009,CWA,WI,AGL,CE,Federal Contract Tower,0,37,0,5,42,0,0,7,0,7,0,37,7,5,49,2,0,2,51
07/25/2009,CWA,WI,AGL,CE,Federal Contract Tower,0,31,3,0,34,0,0,9,0,9,0,31,12,0,43,2,0,2,45
07/26/2009,CWA,WI,AGL,CE,Federal Contract Tower,0,32,6,0,38,0,0,25,0,25,0,32,31,0,63,4,0,4,67
07/27/2009,CWA,WI,AGL,CE,Federal Contract Tower,0,36,1,0,37,0,0,4,0,4,0,36,5,0,41,0,0,0,41
07/28/2009,CWA,WI,AGL,CE,Federal Contract Tower,0,36,4,0,40,0,0,10,0,10,0,36,14,0,50,0,0,0,50
07/29/2009,CWA,WI,AGL,CE,Federal Contract Tower,0,40,3,0,43,0,2,18,2,22,0,42,21,2,65,6,0,6,71
07/30/2009,CWA,WI,AGL,CE,Federal Contract Tower,0,36,10,0,46,0,0,13,0,13,0,36,23,0,59,4,0,4,63
07/31/2009,CWA,WI,AGL,CE,Federal Contract Tower,0,36,2,0,38,0,4,20,0,24,0,40,22,0,62,20,0,20,82
08/01/2009,CWA,WI,AGL,CE,Federal Contract Tower,0,31,1,0,32,0,0,7,0,7,0,31,8,0,39,4,0,4,43
08/02/2009,CWA,WI,AGL,CE,Federal Contract Tower,0,29,0,0,29,0,2,17,0,19,0,31,17,0,48,8,0,8,56
08/03/2009,CWA,WI,AGL,CE,Federal Contract Tower,0,31,6,0,37,0,0,10,0,10,0,31,16,0,47,2,0,2,49
08/04/2009,CWA,WI,AGL,CE,Federal Contract Tower,0,38,6,0,44,0,0,14,0,14,0,38,20,0,58,8,0,8,66
08/05/2009,CWA,WI,AGL,CE,Federal Contract Tower,0,42,4,0,46,0,0,24,0,24,0,42,28,0,70,6,0,6,76
08/06/2009,CWA,WI,AGL,CE,Federal Contract Tower,0,38,3,0,41,0,2,19,2,23,0,40,22,2,64,4,0,4,68
08/07/2009,CWA,WI,AGL,CE,Federal Contract Tower,0,39,2,0,41,0,0,8,0,8,0,39,10,0,49,0,0,0,49
08/08/2009,CWA,WI,AGL,CE,Federal Contract Tower,0,33,4,0,37,0,0,2,0,2,0,33,6,0,39,0,0,0,39
08/09/2009,CWA,WI,AGL,CE,Federal Contract Tower,0,29,1,0,30,0,0,4,0,4,0,29,5,0,34,0,0,0,34
08/10/2009,CWA,WI,AGL,CE,Federal Contract Tower,0,32,6,0,38,0,1,12,2,15,0,33,18,2,53,2,0,2,55
08/11/2009,CWA,WI,AGL,CE,Federal Contract Tower,0,38,5,0,43,0,0,19,0,19,0,38,24,0,62,46,0,46,108
08/12/2009,CWA,WI,AGL,CE,Federal Contract Tower,4,36,3,0,43,0,0,20,0,20,4,36,23,0,63,14,0,14,77
08/13/2009,CWA,WI,AGL,CE,Federal Contract Tower,0,38,10,0,48,0,0,10,0,10,0,38,20,0,58,16,0,16,74
08/14/2009,CWA,WI,AGL,CE,Federal Contract Tower,0,38,1,0,39,0,0,3,0,3,0,38,4,0,42,4,0,4,46
08/15/2009,CWA,WI,AGL,CE,Federal Contract Tower,2,31,1,1,35,0,5,310,2,317,2,36,311,3,352,44,0,44,396
08/16/2009,CWA,WI,AGL,CE,Federal Contract Tower,0,27,1,0,28,0,0,3,0,3,0,27,4,0,31,2,0,2,33
08/17/2009,CWA,WI,AGL,CE,Federal Contract Tower,0,35,5,2,42,0,0,12,0,12,0,35,17,2,54,2,0,2,56
08/18/2009,CWA,WI,AGL,CE,Federal Contract Tower,0,36,3,0,39,0,0,21,0,21,0,36,24,0,60,4,0,4,64
08/19/2009,CWA,WI,AGL,CE,Federal Contract Tower,0,35,0,0,35,0,0,4,0,4,0,35,4,0,39,2,0,2,41
08/20/2009,CWA,WI,AGL,CE,Federal Contract Tower,0,37,9,0,46,0,0,1,0,1,0,37,10,0,47,0,0,0,47
08/21/2009,CWA,WI,AGL,CE,Federal Contract Tower,0,43,5,0,48,0,0,10,0,10,0,43,15,0,58,6,0,6,64
08/22/2009,CWA,WI,AGL,CE,Federal Contract Tower,0,29,1,0,30,0,1,16,0,17,0,30,17,0,47,12,0,12,59
08/23/2009,CWA,WI,AGL,CE,Federal Contract Tower,0,28,5,0,33,0,0,16,0,16,0,28,21,0,49,8,0,8,57
08/24/2009,CWA,WI,AGL,CE,Federal Contract Tower,0,32,5,0,37,0,0,4,2,6,0,32,9,2,43,0,2,2,45
08/25/2009,CWA,WI,AGL,CE,Federal Contract Tower,0,33,12,0,45,0,0,0,0,0,0,33,12,0,45,0,0,0,45
08/26/2009,CWA,WI,AGL,CE,Federal Contract Tower,0,35,1,0,36,0,0,8,2,10,0,35,9,2,46,12,8,20,66
08/27/2009,CWA,WI,AGL,CE,Federal Contract Tower,0,38,2,0,40,0,0,23,0,23,0,38,25,0,63,32,0,32,95
08/28/2009,CWA,WI,AGL,CE,Federal Contract Tower,0,34,4,0,38,0,0,1,0,1,0,34,5,0,39,0,0,0,39
08/29/2009,CWA,WI,AGL,CE,Federal Contract Tower,0,29,2,0,31,0,0,4,0,4,0,29,6,0,35,14,0,14,49
08/30/2009,CWA,WI,AGL,CE,Federal Contract Tower,0,31,5,0,36,0,0,11,0,11,0,31,16,0,47,2,0,2,49
08/31/2009,CWA,WI,AGL,CE,Federal Contract Tower,2,33,5,2,42,0,2,15,6,23,2,35,20,8,65,8,8,16,81
09/01/2009,CWA,WI,AGL,CE,Federal Contract Tower,0,36,7,0,43,0,0,16,0,16,0,36,23,0,59,4,0,4,63
09/02/2009,CWA,WI,AGL,CE,Federal Contract Tower,0,36,5,0,41,0,0,12,0,12,0,36,17,0,53,2,0,2,55
09/03/2009,CWA,WI,AGL,CE,Federal Contract Tower,2,35,4,0,41,0,0,7,0,7,2,35,11,0,48,0,0,0,48
09/04/2009,CWA,WI,AGL,CE,Federal Contract Tower,0,33,4,0,37,0,0,10,0,10,0,33,14,0,47,0,0,0,47
09/05/2009,CWA,WI,AGL,CE,Federal Contract Tower,0,27,4,0,31,0,0,6,0,6,0,27,10,0,37,0,0,0,37
09/06/2009,CWA,WI,AGL,CE,Federal Contract Tower,2,19,5,0,26,0,0,16,0,16,2,19,21,0,42,12,0,12,54
09/07/2009,CWA,WI,AGL,CE,Federal Contract Tower,0,26,2,0,28,0,0,15,0,15,0,26,17,0,43,2,0,2,45
09/08/2009,CWA,WI,AGL,CE,Federal Contract Tower,2,33,2,0,37,0,1,8,0,9,2,34,10,0,46,0,0,0,46
09/09/2009,CWA,WI,AGL,CE,Federal Contract Tower,0,35,2,0,37,0,0,9,0,9,0,35,11,0,46,12,0,12,58
09/10/2009,CWA,WI,AGL,CE,Federal Contract Tower,2,33,2,0,37,0,0,12,0,12,2,33,14,0,49,6,0,6,55
09/11/2009,CWA,WI,AGL,CE,Federal Contract Tower,2,35,9,0,46,0,4,18,0,22,2,39,27,0,68,2,0,2,70
09/12/2009,CWA,WI,AGL,CE,Federal Contract Tower,0,25,2,0,27,0,0,8,0,8,0,25,10,0,35,6,0,6,41
09/13/2009,CWA,WI,AGL,CE,Federal Contract Tower,0,24,5,0,29,0,0,4,0,4,0,24,9,0,33,0,0,0,33
09/14/2009,CWA,WI,AGL,CE,Federal Contract Tower,0,34,5,2,41,0,3,10,0,13,0,37,15,2,54,0,0,0,54
09/15/2009,CWA,WI,AGL,CE,Federal Contract Tower,0,32,2,2,36,0,0,7,0,7,0,32,9,2,43,8,0,8,51
09/16/2009,CWA,WI,AGL,CE,Federal Contract Tower,0,32,2,0,34,0,0,1,0,1,0,32,3,0,35,16,0,16,51
09/17/2009,CWA,WI,AGL,CE,Federal Contract Tower,0,33,3,2,38,0,1,8,0,9,0,34,11,2,47,0,6,6,53
09/18/2009,CWA,WI,AGL,CE,Federal Contract Tower,0,34,8,0,42,0,0,16,0,16,0,34,24,0,58,16,2,18,76
09/19/2009,CWA,WI,AGL,CE,Federal Contract Tower,0,32,1,0,33,0,0,18,0,18,0,32,19,0,51,4,0,4,55
09/20/2009,CWA,WI,AGL,CE,Federal Contract Tower,0,28,5,0,33,0,0,11,0,11,0,28,16,0,44,0,0,0,44
09/21/2009,CWA,WI,AGL,CE,Federal Contract Tower,0,31,1,2,34,0,0,2,0,2,0,31,3,2,36,0,0,0,36
09/22/2009,CWA,WI,AGL,CE,Federal Contract Tower,0,33,9,4,46,0,2,0,0,2,0,35,9,4,48,0,10,10,58
09/23/2009,CWA,WI,AGL,CE,Federal Contract Tower,2,36,4,0,42,0,2,9,0,11,2,38,13,0,53,2,0,2,55
09/24/2009,CWA,WI,AGL,CE,Federal Contract Tower,0,35,11,0,46,0,0,12,0,12,0,35,23,0,58,2,0,2,60
09/25/2009,CWA,WI,AGL,CE,Federal Contract Tower,0,37,2,0,39,0,0,3,0,3,0,37,5,0,42,0,0,0,42
09/26/2009,CWA,WI,AGL,CE,Federal Contract Tower,3,26,4,0,33,0,0,10,0,10,3,26,14,0,43,0,14,14,57
09/27/2009,CWA,WI,AGL,CE,Federal Contract Tower,0,31,2,0,33,0,0,2,0,2,0,31,4,0,35,0,0,0,35
09/28/2009,CWA,WI,AGL,CE,Federal Contract Tower,0,39,3,0,42,0,0,0,0,0,0,39,3,0,42,0,0,0,42
09/29/2009,CWA,WI,AGL,CE,Federal Contract Tower,0,32,4,4,40,0,0,5,0,5,0,32,9,4,45,0,0,0,45
09/30/2009,CWA,WI,AGL,CE,Federal Contract Tower,0,35,6,0,41,0,0,16,4,20,0,35,22,4,61,10,0,10,71
10/01/2009,CWA,WI,AGL,CE,Federal Contract Tower,0,30,6,0,36,0,0,20,0,20,0,30,26,0,56,24,0,24,80
10/02/2009,CWA,WI,AGL,CE,Federal Contract Tower,0,34,2,0,36,0,0,0,0,0,0,34,2,0,36,0,0,0,36
10/03/2009,CWA,WI,AGL,CE,Federal Contract Tower,0,25,4,0,29,0,0,2,0,2,0,25,6,0,31,0,0,0,31
10/04/2009,CWA,WI,AGL,CE,Federal Contract Tower,0,29,2,0,31,0,0,25,0,25,0,29,27,0,56,0,0,0,56
10/05/2009,CWA,WI,AGL,CE,Federal Contract Tower,0,32,3,2,37,0,0,6,0,6,0,32,9,2,43,0,10,10,53
10/06/2009,CWA,WI,AGL,CE,Federal Contract Tower,0,33,3,0,36,0,0,0,0,0,0,33,3,0,36,0,0,0,36
10/07/2009,CWA,WI,AGL,CE,Federal Contract Tower,0,33,0,0,33,0,0,10,0,10,0,33,10,0,43,4,0,4,47
10/08/2009,CWA,WI,AGL,CE,Federal Contract Tower,0,37,4,0,41,0,46,3,0,49,0,83,7,0,90,0,0,0,90
10/09/2009,CWA,WI,AGL,CE,Federal Contract Tower,0,37,3,0,40,0,2,15,0,17,0,39,18,0,57,46,0,46,103
10/10/2009,CWA,WI,AGL,CE,Federal Contract Tower,0,26,1,0,27,0,0,5,0,5,0,26,6,0,32,14,0,14,46
10/11/2009,CWA,WI,AGL,CE,Federal Contract Tower,2,31,0,0,33,0,0,31,0,31,2,31,31,0,64,32,0,32,96
10/12/2009,CWA,WI,AGL,CE,Federal Contract Tower,0,30,5,0,35,0,0,2,0,2,0,30,7,0,37,0,0,0,37
10/13/2009,CWA,WI,AGL,CE,Federal Contract Tower,0,35,8,0,43,0,0,16,0,16,0,35,24,0,59,6,0,6,65
10/14/2009,CWA,WI,AGL,CE,Federal Contract Tower,0,35,5,0,40,0,0,3,0,3,0,35,8,0,43,6,0,6,49
10/15/2009,CWA,WI,AGL,CE,Federal Contract Tower,2,30,10,0,42,0,0,0,0,0,2,30,10,0,42,0,0,0,42
10/16/2009,CWA,WI,AGL,CE,Federal Contract Tower,2,42,0,8,52,0,0,3,58,61,2,42,3,66,113,0,0,0,113
10/17/2009,CWA,WI,AGL,CE,Federal Contract Tower,0,25,5,2,32,0,0,24,0,24,0,25,29,2,56,10,46,56,112
10/18/2009,CWA,WI,AGL,CE,Federal Contract Tower,0,27,3,0,30,0,0,11,0,11,0,27,14,0,41,6,0,6,47
10/19/2009,CWA,WI,AGL,CE,Federal Contract Tower,2,32,5,4,43,0,0,18,6,24,2,32,23,10,67,30,0,30,97
10/20/2009,CWA,WI,AGL,CE,Federal Contract Tower,0,37,3,0,40,0,0,2,0,2,0,37,5,0,42,22,0,22,64
10/21/2009,CWA,WI,AGL,CE,Federal Contract Tower,0,40,7,0,47,0,0,0,0,0,0,40,7,0,47,0,0,0,47
10/22/2009,CWA,WI,AGL,CE,Federal Contract Tower,0,39,10,0,49,0,0,4,0,4,0,39,14,0,53,0,0,0,53
10/23/2009,CWA,WI,AGL,CE,Federal Contract Tower,0,32,4,0,36,0,0,0,0,0,0,32,4,0,36,0,0,0,36
10/24/2009,CWA,WI,AGL,CE,Federal Contract Tower,0,25,1,0,26,0,0,20,0,20,0,25,21,0,46,4,0,4,50
10/25/2009,CWA,WI,AGL,CE,Federal Contract Tower,0,27,4,0,31,0,0,0,0,0,0,27,4,0,31,0,0,0,31
10/26/2009,CWA,WI,AGL,CE,Federal Contract Tower,0,33,0,0,33,0,0,0,0,0,0,33,0,0,33,0,0,0,33
10/27/2009,CWA,WI,AGL,CE,Federal Contract Tower,0,31,1,0,32,0,0,15,2,17,0,31,16,2,49,8,0,8,57
10/28/2009,CWA,WI,AGL,CE,Federal Contract Tower,0,42,5,0,47,0,0,6,0,6,0,42,11,0,53,6,0,6,59
10/29/2009,CWA,WI,AGL,CE,Federal Contract Tower,0,34,6,0,40,0,0,0,0,0,0,34,6,0,40,0,0,0,40
10/30/2009,CWA,WI,AGL,CE,Federal Contract Tower,0,39,0,0,39,0,0,2,0,2,0,39,2,0,41,0,0,0,41
10/31/2009,CWA,WI,AGL,CE,Federal Contract Tower,0,25,0,0,25,0,0,0,0,0,0,25,0,0,25,0,0,0,25
11/01/2009,CWA,WI,AGL,CE,Federal Contract Tower,0,30,6,0,36,0,4,12,0,16,0,34,18,0,52,2,0,2,54
11/02/2009,CWA,WI,AGL,CE,Federal Contract Tower,0,31,2,0,33,0,0,5,0,5,0,31,7,0,38,0,0,0,38
11/03/2009,CWA,WI,AGL,CE,Federal Contract Tower,0,40,10,0,50,0,0,19,0,19,0,40,29,0,69,34,0,34,103
11/04/2009,CWA,WI,AGL,CE,Federal Contract Tower,0,36,8,0,44,0,0,0,0,0,0,36,8,0,44,0,0,0,44
11/05/2009,CWA,WI,AGL,CE,Federal Contract Tower,0,33,6,0,39,0,0,18,0,18,0,33,24,0,57,22,0,22,79
11/06/2009,CWA,WI,AGL,CE,Federal Contract Tower,0,35,4,0,39,0,0,26,4,30,0,35,30,4,69,8,0,8,77
11/07/2009,CWA,WI,AGL,CE,Federal Contract Tower,0,24,2,0,26,0,0,35,0,35,0,24,37,0,61,6,0,6,67
11/08/2009,CWA,WI,AGL,CE,Federal Contract Tower,0,26,5,0,31,0,0,18,0,18,0,26,23,0,49,0,0,0,49
11/09/2009,CWA,WI,AGL,CE,Federal Contract Tower,0,34,4,0,38,0,0,18,0,18,0,34,22,0,56,4,0,4,60
11/10/2009,CWA,WI,AGL,CE,Federal Contract Tower,0,37,2,6,45,0,0,36,0,36,0,37,38,6,81,42,2,44,125
11/11/2009,CWA,WI,AGL,CE,Federal Contract Tower,0,34,5,0,39,0,0,10,0,10,0,34,15,0,49,16,0,16,65
11/12/2009,CWA,WI,AGL,CE,Federal Contract Tower,0,38,7,0,45,0,0,6,0,6,0,38,13,0,51,0,0,0,51
11/13/2009,CWA,WI,AGL,CE,Federal Contract Tower,0,34,4,4,42,0,0,7,0,7,0,34,11,4,49,4,58,62,111
11/14/2009,CWA,WI,AGL,CE,Federal Contract Tower,0,28,1,0,29,0,0,8,0,8,0,28,9,0,37,6,0,6,43
11/15/2009,CWA,WI,AGL,CE,Federal Contract Tower,2,26,0,0,28,0,0,10,0,10,2,26,10,0,38,4,0,4,42
11/16/2009,CWA,WI,AGL,CE,Federal Contract Tower,0,34,1,0,35,0,0,9,0,9,0,34,10,0,44,10,0,10,54
11/17/2009,CWA,WI,AGL,CE,Federal Contract Tower,0,36,6,0,42,0,0,16,0,16,0,36,22,0,58,0,0,0,58
11/18/2009,CWA,WI,AGL,CE,Federal Contract Tower,2,38,5,0,45,0,2,7,0,9,2,40,12,0,54,6,0,6,60
11/19/2009,CWA,WI,AGL,CE,Federal Contract Tower,0,35,2,0,37,0,0,0,0,0,0,35,2,0,37,0,0,0,37
11/20/2009,CWA,WI,AGL,CE,Federal Contract Tower,0,35,10,0,45,0,0,5,0,5,0,35,15,0,50,40,0,40,90
11/21/2009,CWA,WI,AGL,CE,Federal Contract Tower,4,20,5,4,33,0,0,0,0,0,4,20,5,4,33,0,0,0,33
11/22/2009,CWA,WI,AGL,CE,Federal Contract Tower,0,32,2,0,34,0,0,2,0,2,0,32,4,0,36,0,0,0,36
11/23/2009,CWA,WI,AGL,CE,Federal Contract Tower,0,32,8,0,40,0,0,0,0,0,0,32,8,0,40,0,0,0,40
11/24/2009,CWA,WI,AGL,CE,Federal Contract Tower,0,33,9,4,46,0,0,0,0,0,0,33,9,4,46,0,0,0,46
11/25/2009,CWA,WI,AGL,CE,Federal Contract Tower,0,33,2,0,35,0,0,0,0,0,0,33,2,0,35,0,0,0,35
11/26/2009,CWA,WI,AGL,CE,Federal Contract Tower,0,18,0,0,18,0,0,0,0,0,0,18,0,0,18,0,0,0,18
11/27/2009,CWA,WI,AGL,CE,Federal Contract Tower,0,27,1,0,28,0,0,5,0,5,0,27,6,0,33,0,0,0,33
11/28/2009,CWA,WI,AGL,CE,Federal Contract Tower,0,16,15,1,32,0,2,25,0,27,0,18,40,1,59,6,0,6,65
11/29/2009,CWA,WI,AGL,CE,Federal Contract Tower,0,27,3,0,30,0,0,3,0,3,0,27,6,0,33,0,0,0,33
11/30/2009,CWA,WI,AGL,CE,Federal Contract Tower,0,30,2,0,32,0,0,9,0,9,0,30,11,0,41,6,0,6,47
12/01/2009,CWA,WI,AGL,CE,Federal Contract Tower,0,35,4,0,39,0,0,6,0,6,0,35,10,0,45,10,0,10,55
12/02/2009,CWA,WI,AGL,CE,Federal Contract Tower,2,35,2,0,39,0,0,13,0,13,2,35,15,0,52,38,0,38,90
12/03/2009,CWA,WI,AGL,CE,Federal Contract Tower,0,33,4,0,37,0,0,0,0,0,0,33,4,0,37,0,0,0,37
12/04/2009,CWA,WI,AGL,CE,Federal Contract Tower,0,35,4,0,39,0,0,0,0,0,0,35,4,0,39,0,0,0,39
12/05/2009,CWA,WI,AGL,CE,Federal Contract Tower,0,24,4,0,28,0,0,13,0,13,0,24,17,0,41,0,0,0,41
12/06/2009,CWA,WI,AGL,CE,Federal Contract Tower,2,27,2,0,31,0,2,17,0,19,2,29,19,0,50,0,0,0,50
12/07/2009,CWA,WI,AGL,CE,Federal Contract Tower,2,31,2,0,35,0,0,15,0,15,2,31,17,0,50,0,0,0,50
12/08/2009,CWA,WI,AGL,CE,Federal Contract Tower,0,31,4,0,35,0,0,0,0,0,0,31,4,0,35,0,0,0,35
12/09/2009,CWA,WI,AGL,CE,Federal Contract Tower,0,24,0,0,24,0,0,0,0,0,0,24,0,0,24,0,0,0,24
12/10/2009,CWA,WI,AGL,CE,Federal Contract Tower,4,37,3,0,44,0,0,1,0,1,4,37,4,0,45,0,0,0,45
12/11/2009,CWA,WI,AGL,CE,Federal Contract Tower,0,35,11,2,48,0,0,5,0,5,0,35,16,2,53,4,22,26,79
12/12/2009,CWA,WI,AGL,CE,Federal Contract Tower,0,25,0,6,31,0,0,4,8,12,0,25,4,14,43,0,42,42,85
12/13/2009,CWA,WI,AGL,CE,Federal Contract Tower,2,27,2,0,31,0,0,12,0,12,2,27,14,0,43,0,0,0,43
12/14/2009,CWA,WI,AGL,CE,Federal Contract Tower,0,35,3,0,38,0,0,1,0,1,0,35,4,0,39,0,0,0,39
12/15/2009,CWA,WI,AGL,CE,Federal Contract Tower,0,34,2,0,36,0,0,2,0,2,0,34,4,0,38,0,0,0,38
12/16/2009,CWA,WI,AGL,CE,Federal Contract Tower,0,38,2,0,40,0,0,5,0,5,0,38,7,0,45,12,0,12,57
12/17/2009,CWA,WI,AGL,CE,Federal Contract Tower,0,35,6,5,46,0,0,10,0,10,0,35,16,5,56,20,0,20,76
12/18/2009,CWA,WI,AGL,CE,Federal Contract Tower,0,39,5,4,48,0,0,0,0,0,0,39,5,4,48,0,0,0,48
12/19/2009,CWA,WI,AGL,CE,Federal Contract Tower,0,29,1,0,30,0,0,0,0,0,0,29,1,0,30,0,0,0,30
12/20/2009,CWA,WI,AGL,CE,Federal Contract Tower,0,24,1,0,25,0,0,2,0,2,0,24,3,0,27,2,0,2,29
12/21/2009,CWA,WI,AGL,CE,Federal Contract Tower,0,33,2,0,35,0,0,0,0,0,0,33,2,0,35,0,0,0,35
12/22/2009,CWA,WI,AGL,CE,Federal Contract Tower,0,33,11,0,44,0,0,2,0,2,0,33,13,0,46,14,0,14,60
12/23/2009,CWA,WI,AGL,CE,Federal Contract Tower,0,35,1,0,36,0,0,2,2,4,0,35,3,2,40,10,2,12,52
12/24/2009,CWA,WI,AGL,CE,Federal Contract Tower,0,23,0,0,23,0,0,0,0,0,0,23,0,0,23,0,0,0,23
12/25/2009,CWA,WI,AGL,CE,Federal Contract Tower,0,20,4,0,24,0,0,0,0,0,0,20,4,0,24,0,0,0,24
12/26/2009,CWA,WI,AGL,CE,Federal Contract Tower,2,19,2,0,23,0,0,0,0,0,2,19,2,0,23,0,0,0,23
12/27/2009,CWA,WI,AGL,CE,Federal Contract Tower,0,24,6,0,30,0,0,0,0,0,0,24,6,0,30,0,0,0,30
12/28/2009,CWA,WI,AGL,CE,Federal Contract Tower,0,34,2,0,36,0,0,0,0,0,0,34,2,0,36,0,0,0,36
12/29/2009,CWA,WI,AGL,CE,Federal Contract Tower,0,38,7,0,45,0,0,6,0,6,0,38,13,0,51,0,0,0,51
12/30/2009,CWA,WI,AGL,CE,Federal Contract Tower,2,35,1,0,38,0,0,0,0,0,2,35,1,0,38,0,0,0,38
12/31/2009,CWA,WI,AGL,CE,Federal Contract Tower,0,32,0,0,32,0,0,0,0,0,0,32,0,0,32,0,0,0,32
01/01/2010,CWA,WI,AGL,CE,Federal Contract Tower,0,18,0,0,18,0,0,2,0,2,0,18,2,0,20,0,0,0,20
01/02/2010,CWA,WI,AGL,CE,Federal Contract Tower,0,29,0,0,29,0,2,2,0,4,0,31,2,0,33,0,0,0,33
01/03/2010,CWA,WI,AGL,CE,Federal Contract Tower,0,26,7,0,33,0,2,6,0,8,0,28,13,0,41,12,0,12,53
01/04/2010,CWA,WI,AGL,CE,Federal Contract Tower,0,35,2,0,37,0,0,2,0,2,0,35,4,0,39,0,0,0,39
01/05/2010,CWA,WI,AGL,CE,Federal Contract Tower,0,45,1,0,46,0,0,11,0,11,0,45,12,0,57,10,0,10,67
01/06/2010,CWA,WI,AGL,CE,Federal Contract Tower,0,40,11,0,51,0,2,15,0,17,0,42,26,0,68,0,0,0,68
01/07/2010,CWA,WI,AGL,CE,Federal Contract Tower,0,30,1,0,31,0,0,0,0,0,0,30,1,0,31,0,0,0,31
01/08/2010,CWA,WI,AGL,CE,Federal Contract Tower,0,38,3,0,41,0,0,24,0,24,0,38,27,0,65,0,0,0,65
01/09/2010,CWA,WI,AGL,CE,Federal Contract Tower,0,25,1,0,26,0,0,15,0,15,0,25,16,0,41,20,0,20,61
01/10/2010,CWA,WI,AGL,CE,Federal Contract Tower,0,32,5,2,39,0,5,0,0,5,0,37,5,2,44,24,0,24,68
01/11/2010,CWA,WI,AGL,CE,Federal Contract Tower,0,34,2,0,36,0,0,2,0,2,0,34,4,0,38,0,0,0,38
01/12/2010,CWA,WI,AGL,CE,Federal Contract Tower,0,33,7,0,40,0,4,16,0,20,0,37,23,0,60,0,0,0,60
01/13/2010,CWA,WI,AGL,CE,Federal Contract Tower,0,33,6,0,39,0,0,3,0,3,0,33,9,0,42,14,0,14,56
01/14/2010,CWA,WI,AGL,CE,Federal Contract Tower,0,36,7,0,43,0,0,0,0,0,0,36,7,0,43,0,0,0,43
01/15/2010,CWA,WI,AGL,CE,Federal Contract Tower,0,34,2,0,36,0,0,0,0,0,0,34,2,0,36,0,0,0,36
01/16/2010,CWA,WI,AGL,CE,Federal Contract Tower,0,23,1,0,24,0,0,3,0,3,0,23,4,0,27,0,0,0,27
01/17/2010,CWA,WI,AGL,CE,Federal Contract Tower,0,27,3,0,30,0,0,8,0,8,0,27,11,0,38,10,0,10,48
01/18/2010,CWA,WI,AGL,CE,Federal Contract Tower,0,33,2,0,35,0,0,2,0,2,0,33,4,0,37,0,0,0,37
01/19/2010,CWA,WI,AGL,CE,Federal Contract Tower,0,33,3,0,36,0,0,2,0,2,0,33,5,0,38,0,0,0,38
01/20/2010,CWA,WI,AGL,CE,Federal Contract Tower,0,34,3,0,37,0,0,1,0,1,0,34,4,0,38,0,0,0,38
01/21/2010,CWA,WI,AGL,CE,Federal Contract Tower,0,33,2,0,35,0,0,9,0,9,0,33,11,0,44,0,0,0,44
01/22/2010,CWA,WI,AGL,CE,Federal Contract Tower,0,36,4,0,40,0,0,10,0,10,0,36,14,0,50,6,0,6,56
01/23/2010,CWA,WI,AGL,CE,Federal Contract Tower,0,23,1,0,24,0,0,0,0,0,0,23,1,0,24,0,0,0,24
01/24/2010,CWA,WI,AGL,CE,Federal Contract Tower,0,27,2,0,29,0,0,0,0,0,0,27,2,0,29,0,0,0,29
01/25/2010,CWA,WI,AGL,CE,Federal Contract Tower,2,31,0,0,33,0,0,2,0,2,2,31,2,0,35,0,0,0,35
01/26/2010,CWA,WI,AGL,CE,Federal Contract Tower,0,31,8,0,39,0,0,6,0,6,0,31,14,0,45,0,0,0,45
01/27/2010,CWA,WI,AGL,CE,Federal Contract Tower,0,37,2,0,39,0,2,1,2,5,0,39,3,2,44,0,0,0,44
01/28/2010,CWA,WI,AGL,CE,Federal Contract Tower,4,34,3,0,41,0,2,3,0,5,4,36,6,0,46,12,0,12,58
01/29/2010,CWA,WI,AGL,CE,Federal Contract Tower,3,34,8,2,47,0,0,8,0,8,3,34,16,2,55,0,4,4,59
01/30/2010,CWA,WI,AGL,CE,Federal Contract Tower,0,23,1,0,24,0,0,8,0,8,0,23,9,0,32,6,0,6,38
01/31/2010,CWA,WI,AGL,CE,Federal Contract Tower,0,29,2,0,31,0,0,17,0,17,0,29,19,0,48,12,0,12,60
02/01/2010,CWA,WI,AGL,CE,Federal Contract Tower,0,36,6,0,42,0,8,13,0,21,0,44,19,0,63,4,0,4,67
02/02/2010,CWA,WI,AGL,CE,Federal Contract Tower,2,35,2,0,39,0,0,0,0,0,2,35,2,0,39,0,0,0,39
02/03/2010,CWA,WI,AGL,CE,Federal Contract Tower,0,33,3,0,36,0,0,32,0,32,0,33,35,0,68,4,0,4,72
02/04/2010,CWA,WI,AGL,CE,Federal Contract Tower,0,35,7,0,42,0,0,2,0,2,0,35,9,0,44,0,0,0,44
02/05/2010,CWA,WI,AGL,CE,Federal Contract Tower,0,34,2,0,36,0,0,0,0,0,0,34,2,0,36,0,0,0,36
02/06/2010,CWA,WI,AGL,CE,Federal Contract Tower,2,23,0,0,25,0,0,15,0,15,2,23,15,0,40,4,0,4,44
02/07/2010,CWA,WI,AGL,CE,Federal Contract Tower,0,27,3,0,30,0,0,3,0,3,0,27,6,0,33,0,0,0,33
02/08/2010,CWA,WI,AGL,CE,Federal Contract Tower,0,30,3,0,33,0,0,0,0,0,0,30,3,0,33,0,0,0,33
02/09/2010,CWA,WI,AGL,CE,Federal Contract Tower,0,28,4,0,32,0,0,0,0,0,0,28,4,0,32,0,0,0,32
02/10/2010,CWA,WI,AGL,CE,Federal Contract Tower,0,34,8,0,42,0,2,5,0,7,0,36,13,0,49,0,0,0,49
02/11/2010,CWA,WI,AGL,CE,Federal Contract Tower,0,36,3,0,39,0,0,8,0,8,0,36,11,0,47,6,0,6,53
02/12/2010,CWA,WI,AGL,CE,Federal Contract Tower,0,33,1,0,34,0,0,6,0,6,0,33,7,0,40,6,0,6,46
02/13/2010,CWA,WI,AGL,CE,Federal Contract Tower,2,22,8,0,32,0,6,2,0,8,2,28,10,0,40,0,0,0,40
02/14/2010,CWA,WI,AGL,CE,Federal Contract Tower,0,27,0,0,27,0,0,2,0,2,0,27,2,0,29,12,0,12,41
02/15/2010,CWA,WI,AGL,CE,Federal Contract Tower,1,30,4,0,35,0,0,0,0,0,1,30,4,0,35,0,0,0,35
02/16/2010,CWA,WI,AGL,CE,Federal Contract Tower,0,38,3,0,41,0,0,17,0,17,0,38,20,0,58,4,0,4,62
02/17/2010,CWA,WI,AGL,CE,Federal Contract Tower,3,40,5,0,48,0,0,6,0,6,3,40,11,0,54,20,0,20,74
02/18/2010,CWA,WI,AGL,CE,Federal Contract Tower,1,34,5,0,40,0,0,5,0,5,1,34,10,0,45,10,0,10,55
02/19/2010,CWA,WI,AGL,CE,Federal Contract Tower,0,38,2,0,40,0,0,8,0,8,0,38,10,0,48,24,0,24,72
02/20/2010,CWA,WI,AGL,CE,Federal Contract Tower,0,25,2,0,27,0,0,5,0,5,0,25,7,0,32,4,0,4,36
02/21/2010,CWA,WI,AGL,CE,Federal Contract Tower,0,27,7,0,34,0,0,9,0,9,0,27,16,0,43,2,0,2,45
02/22/2010,CWA,WI,AGL,CE,Federal Contract Tower,0,25,6,0,31,0,0,4,0,4,0,25,10,0,35,14,0,14,49
02/23/2010,CWA,WI,AGL,CE,Federal Contract Tower,0,36,2,0,38,0,0,0,0,0,0,36,2,0,38,0,0,0,38
02/24/2010,CWA,WI,AGL,CE,Federal Contract Tower,0,34,3,0,37,0,0,8,0,8,0,34,11,0,45,0,0,0,45
02/25/2010,CWA,WI,AGL,CE,Federal Contract Tower,0,34,4,0,38,0,0,16,0,16,0,34,20,0,54,24,0,24,78
02/26/2010,CWA,WI,AGL,CE,Federal Contract Tower,0,35,3,0,38,0,0,9,4,13,0,35,12,4,51,6,0,6,57
02/27/2010,CWA,WI,AGL,CE,Federal Contract Tower,0,26,4,2,32,0,0,4,0,4,0,26,8,2,36,0,0,0,36
02/28/2010,CWA,WI,AGL,CE,Federal Contract Tower,0,31,1,0,32,0,0,7,0,7,0,31,8,0,39,12,0,12,51
03/01/2010,CWA,WI,AGL,CE,Federal Contract Tower,0,32,6,0,38,0,0,5,0,5,0,32,11,0,43,6,0,6,49
03/02/2010,CWA,WI,AGL,CE,Federal Contract Tower,0,37,3,1,41,0,0,13,0,13,0,37,16,1,54,6,0,6,60
03/03/2010,CWA,WI,AGL,CE,Federal Contract Tower,0,36,3,0,39,0,0,7,0,7,0,36,10,0,46,14,0,14,60
03/04/2010,CWA,WI,AGL,CE,Federal Contract Tower,0,37,5,0,42,0,0,13,0,13,0,37,18,0,55,12,0,12,67
03/05/2010,CWA,WI,AGL,CE,Federal Contract Tower,0,38,0,0,38,0,0,13,2,15,0,38,13,2,53,0,0,0,53
03/06/2010,CWA,WI,AGL,CE,Federal Contract Tower,0,27,2,0,29,0,0,12,0,12,0,27,14,0,41,0,0,0,41
03/07/2010,CWA,WI,AGL,CE,Federal Contract Tower,0,26,0,0,26,0,0,9,0,9,0,26,9,0,35,6,0,6,41
03/08/2010,CWA,WI,AGL,CE,Federal Contract Tower,0,32,4,0,36,0,0,6,0,6,0,32,10,0,42,0,0,0,42
03/09/2010,CWA,WI,AGL,CE,Federal Contract Tower,0,33,1,0,34,0,0,0,0,0,0,33,1,0,34,0,0,0,34
03/10/2010,CWA,WI,AGL,CE,Federal Contract Tower,0,32,7,0,39,0,0,0,0,0,0,32,7,0,39,0,0,0,39
03/11/2010,CWA,WI,AGL,CE,Federal Contract Tower,2,22,5,0,29,0,0,0,0,0,2,22,5,0,29,0,0,0,29
03/12/2010,CWA,WI,AGL,CE,Federal Contract Tower,2,44,3,0,49,0,0,0,0,0,2,44,3,0,49,0,0,0,49
03/13/2010,CWA,WI,AGL,CE,Federal Contract Tower,0,19,7,8,34,0,0,0,2,2,0,19,7,10,36,0,8,8,44
03/14/2010,CWA,WI,AGL,CE,Federal Contract Tower,0,29,4,0,33,0,2,14,0,16,0,31,18,0,49,0,0,0,49
03/15/2010,CWA,WI,AGL,CE,Federal Contract Tower,2,32,2,0,36,0,0,9,2,11,2,32,11,2,47,22,0,22,69
03/16/2010,CWA,WI,AGL,CE,Federal Contract Tower,0,37,6,0,43,0,0,11,0,11,0,37,17,0,54,26,0,26,80
03/17/2010,CWA,WI,AGL,CE,Federal Contract Tower,0,37,16,0,53,0,0,9,0,9,0,37,25,0,62,0,0,0,62
03/18/2010,CWA,WI,AGL,CE,Federal Contract Tower,2,36,3,0,41,0,0,14,0,14,2,36,17,0,55,12,0,12,67
03/19/2010,CWA,WI,AGL,CE,Federal Contract Tower,0,37,5,0,42,0,0,1,2,3,0,37,6,2,45,0,0,0,45
03/20/2010,CWA,WI,AGL,CE,Federal Contract Tower,0,24,2,0,26,0,0,20,0,20,0,24,22,0,46,16,0,16,62
03/21/2010,CWA,WI,AGL,CE,Federal Contract Tower,0,27,1,0,28,0,0,6,0,6,0,27,7,0,34,10,0,10,44
03/22/2010,CWA,WI,AGL,CE,Federal Contract Tower,0,35,0,0,35,0,0,4,0,4,0,35,4,0,39,0,0,0,39
03/23/2010,CWA,WI,AGL,CE,Federal Contract Tower,0,40,2,0,42,0,0,16,0,16,0,40,18,0,58,2,0,2,60
03/24/2010,CWA,WI,AGL,CE,Federal Contract Tower,2,37,3,0,42,0,0,11,0,11,2,37,14,0,53,4,0,4,57
03/25/2010,CWA,WI,AGL,CE,Federal Contract Tower,0,37,5,0,42,0,0,8,0,8,0,37,13,0,50,18,0,18,68
03/26/2010,CWA,WI,AGL,CE,Federal Contract Tower,0,38,5,0,43,0,0,21,0,21,0,38,26,0,64,6,0,6,70
03/27/2010,CWA,WI,AGL,CE,Federal Contract Tower,2,26,0,0,28,0,0,5,0,5,2,26,5,0,33,0,0,0,33
03/28/2010,CWA,WI,AGL,CE,Federal Contract Tower,0,28,6,0,34,0,0,2,0,2,0,28,8,0,36,0,0,0,36
03/29/2010,CWA,WI,AGL,CE,Federal Contract Tower,0,33,0,0,33,0,0,9,0,9,0,33,9,0,42,6,0,6,48
03/30/2010,CWA,WI,AGL,CE,Federal Contract Tower,0,35,5,0,40,0,0,7,0,7,0,35,12,0,47,0,0,0,47
03/31/2010,CWA,WI,AGL,CE,Federal Contract Tower,0,35,5,0,40,0,0,5,0,5,0,35,10,0,45,14,0,14,59
04/01/2010,CWA,WI,AGL,CE,Federal Contract Tower,0,32,3,0,35,0,0,0,2,2,0,32,3,2,37,6,4,10,47
04/02/2010,CWA,WI,AGL,CE,Federal Contract Tower,0,35,1,0,36,0,0,4,0,4,0,35,5,0,40,0,0,0,40
04/03/2010,CWA,WI,AGL,CE,Federal Contract Tower,0,24,0,0,24,0,0,10,0,10,0,24,10,0,34,8,0,8,42
04/04/2010,CWA,WI,AGL,CE,Federal Contract Tower,0,27,2,0,29,0,0,2,0,2,0,27,4,0,31,0,0,0,31
04/05/2010,CWA,WI,AGL,CE,Federal Contract Tower,0,33,1,0,34,0,0,18,0,18,0,33,19,0,52,32,0,32,84
04/06/2010,CWA,WI,AGL,CE,Federal Contract Tower,0,34,0,0,34,0,0,0,0,0,0,34,0,0,34,0,0,0,34
04/07/2010,CWA,WI,AGL,CE,Federal Contract Tower,0,31,0,0,31,0,0,1,0,1,0,31,1,0,32,0,0,0,32
04/08/2010,CWA,WI,AGL,CE,Federal Contract Tower,0,35,3,0,38,0,0,4,0,4,0,35,7,0,42,0,0,0,42
04/09/2010,CWA,WI,AGL,CE,Federal Contract Tower,0,36,1,2,39,0,0,20,8,28,0,36,21,10,67,6,0,6,73
04/10/2010,CWA,WI,AGL,CE,Federal Contract Tower,0,25,0,0,25,0,8,5,0,13,0,33,5,0,38,14,0,14,52
04/11/2010,CWA,WI,AGL,CE,Federal Contract Tower,0,27,1,0,28,0,2,25,0,27,0,29,26,0,55,4,0,4,59
04/12/2010,CWA,WI,AGL,CE,Federal Contract Tower,0,34,2,0,36,0,0,5,0,5,0,34,7,0,41,22,0,22,63
04/13/2010,CWA,WI,AGL,CE,Federal Contract Tower,0,35,7,0,42,0,0,4,0,4,0,35,11,0,46,8,0,8,54
04/14/2010,CWA,WI,AGL,CE,Federal Contract Tower,0,35,3,0,38,0,0,15,2,17,0,35,18,2,55,22,0,22,77
04/15/2010,CWA,WI,AGL,CE,Federal Contract Tower,0,39,4,2,45,0,2,3,2,7,0,41,7,4,52,4,6,10,62
04/16/2010,CWA,WI,AGL,CE,Federal Contract Tower,0,35,3,0,38,0,0,5,0,5,0,35,8,0,43,2,0,2,45
04/17/2010,CWA,WI,AGL,CE,Federal Contract Tower,0,24,1,0,25,0,0,6,0,6,0,24,7,0,31,2,0,2,33
04/18/2010,CWA,WI,AGL,CE,Federal Contract Tower,0,26,5,0,31,0,0,23,0,23,0,26,28,0,54,26,0,26,80
04/19/2010,CWA,WI,AGL,CE,Federal Contract Tower,0,34,6,0,40,0,0,8,0,8,0,34,14,0,48,0,0,0,48
04/20/2010,CWA,WI,AGL,CE,Federal Contract Tower,0,35,2,4,41,0,0,19,2,21,0,35,21,6,62,8,12,20,82
04/21/2010,CWA,WI,AGL,CE,Federal Contract Tower,0,40,12,0,52,0,4,7,0,11,0,44,19,0,63,2,0,2,65
04/22/2010,CWA,WI,AGL,CE,Federal Contract Tower,0,37,11,0,48,0,0,11,0,11,0,37,22,0,59,30,0,30,89
04/23/2010,CWA,WI,AGL,CE,Federal Contract Tower,0,37,10,2,49,0,0,6,0,6,0,37,16,2,55,0,0,0,55
04/24/2010,CWA,WI,AGL,CE,Federal Contract Tower,0,22,1,0,23,0,0,0,0,0,0,22,1,0,23,0,0,0,23
04/25/2010,CWA,WI,AGL,CE,Federal Contract Tower,0,26,4,0,30,0,0,0,0,0,0,26,4,0,30,0,0,0,30
04/26/2010,CWA,WI,AGL,CE,Federal Contract Tower,2,33,2,0,37,0,0,8,0,8,2,33,10,0,45,4,0,4,49
04/27/2010,CWA,WI,AGL,CE,Federal Contract Tower,3,41,14,0,58,0,2,9,0,11,3,43,23,0,69,8,0,8,77
04/28/2010,CWA,WI,AGL,CE,Federal Contract Tower,0,40,11,0,51,0,2,9,0,11,0,42,20,0,62,0,0,0,62
04/29/2010,CWA,WI,AGL,CE,Federal Contract Tower,0,37,8,0,45,0,0,1,0,1,0,37,9,0,46,0,0,0,46
04/30/2010,CWA,WI,AGL,CE,Federal Contract Tower,4,35,3,0,42,0,0,0,0,0,4,35,3,0,42,0,0,0,42
05/01/2010,CWA,WI,AGL,CE,Federal Contract Tower,0,26,0,0,26,0,0,1,0,1,0,26,1,0,27,0,0,0,27
05/02/2010,CWA,WI,AGL,CE,Federal Contract Tower,0,31,1,0,32,0,0,4,4,8,0,31,5,4,40,12,54,66,106
05/03/2010,CWA,WI,AGL,CE,Federal Contract Tower,0,37,5,0,42,0,2,1,2,5,0,39,6,2,47,0,20,20,67
05/04/2010,CWA,WI,AGL,CE,Federal Contract Tower,0,41,5,0,46,0,0,3,0,3,0,41,8,0,49,12,0,12,61
05/05/2010,CWA,WI,AGL,CE,Federal Contract Tower,0,37,0,0,37,0,0,10,0,10,0,37,10,0,47,0,0,0,47
05/06/2010,CWA,WI,AGL,CE,Federal Contract Tower,0,38,13,0,51,0,0,4,1,5,0,38,17,1,56,4,0,4,60
05/07/2010,CWA,WI,AGL,CE,Federal Contract Tower,0,30,4,0,34,0,0,0,0,0,0,30,4,0,34,0,0,0,34
05/08/2010,CWA,WI,AGL,CE,Federal Contract Tower,0,31,4,0,35,0,4,0,0,4,0,35,4,0,39,2,0,2,41
05/09/2010,CWA,WI,AGL,CE,Federal Contract Tower,0,32,0,0,32,0,0,8,1,9,0,32,8,1,41,6,0,6,47
05/10/2010,CWA,WI,AGL,CE,Federal Contract Tower,2,36,4,0,42,0,0,5,0,5,2,36,9,0,47,0,0,0,47
05/11/2010,CWA,WI,AGL,CE,Federal Contract Tower,0,36,1,0,37,0,0,0,0,0,0,36,1,0,37,0,0,0,37
05/12/2010,CWA,WI,AGL,CE,Federal Contract Tower,0,31,5,0,36,0,0,3,0,3,0,31,8,0,39,0,0,0,39
05/13/2010,CWA,WI,AGL,CE,Federal Contract Tower,0,37,9,0,46,0,0,0,0,0,0,37,9,0,46,0,0,0,46
05/14/2010,CWA,WI,AGL,CE,Federal Contract Tower,2,37,4,0,43,0,0,2,0,2,2,37,6,0,45,0,0,0,45
05/15/2010,CWA,WI,AGL,CE,Federal Contract Tower,0,26,1,0,27,0,0,21,2,23,0,26,22,2,50,18,0,18,68
05/16/2010,CWA,WI,AGL,CE,Federal Contract Tower,0,30,2,0,32,0,0,19,0,19,0,30,21,0,51,12,0,12,63
05/17/2010,CWA,WI,AGL,CE,Federal Contract Tower,2,35,1,6,44,0,0,4,0,4,2,35,5,6,48,0,68,68,116
05/18/2010,CWA,WI,AGL,CE,Federal Contract Tower,0,39,2,0,41,0,0,84,2,86,0,39,86,2,127,2,0,2,129
05/19/2010,CWA,WI,AGL,CE,Federal Contract Tower,0,39,0,2,41,0,0,79,9,88,0,39,79,11,129,8,28,36,165
05/20/2010,CWA,WI,AGL,CE,Federal Contract Tower,0,38,7,2,47,0,0,18,4,22,0,38,25,6,69,34,8,42,111
05/21/2010,CWA,WI,AGL,CE,Federal Contract Tower,1,38,9,0,48,0,0,2,0,2,1,38,11,0,50,4,0,4,54
05/22/2010,CWA,WI,AGL,CE,Federal Contract Tower,0,27,4,0,31,0,0,10,0,10,0,27,14,0,41,30,0,30,71
05/23/2010,CWA,WI,AGL,CE,Federal Contract Tower,0,31,2,0,33,0,0,4,0,4,0,31,6,0,37,0,0,0,37
05/24/2010,CWA,WI,AGL,CE,Federal Contract Tower,0,37,7,0,44,0,0,15,0,15,0,37,22,0,59,30,0,30,89
05/25/2010,CWA,WI,AGL,CE,Federal Contract Tower,0,38,3,4,45,0,1,10,5,16,0,39,13,9,61,8,48,56,117
05/26/2010,CWA,WI,AGL,CE,Federal Contract Tower,0,35,2,2,39,0,0,4,2,6,0,35,6,4,45,0,8,8,53
05/27/2010,CWA,WI,AGL,CE,Federal Contract Tower,0,37,6,1,44,0,0,17,3,20,0,37,23,4,64,2,20,22,86
05/28/2010,CWA,WI,AGL,CE,Federal Contract Tower,0,39,3,0,42,0,2,11,0,13,0,41,14,0,55,30,0,30,85
05/29/2010,CWA,WI,AGL,CE,Federal Contract Tower,0,26,0,0,26,0,0,20,0,20,0,26,20,0,46,24,0,24,70
05/30/2010,CWA,WI,AGL,CE,Federal Contract Tower,0,25,2,0,27,0,0,0,0,0,0,25,2,0,27,0,0,0,27
05/31/2010,CWA,WI,AGL,CE,Federal Contract Tower,0,27,3,0,30,0,0,11,0,11,0,27,14,0,41,0,0,0,41
06/01/2010,CWA,WI,AGL,CE,Federal Contract Tower,0,35,3,6,44,0,1,10,4,15,0,36,13,10,59,6,38,44,103
06/02/2010,CWA,WI,AGL,CE,Federal Contract Tower,0,36,8,0,44,0,1,1,0,2,0,37,9,0,46,0,0,0,46
06/03/2010,CWA,WI,AGL,CE,Federal Contract Tower,0,36,4,0,40,0,0,8,0,8,0,36,12,0,48,0,0,0,48
06/04/2010,CWA,WI,AGL,CE,Federal Contract Tower,0,40,4,0,44,0,0,0,0,0,0,40,4,0,44,0,0,0,44
06/05/2010,CWA,WI,AGL,CE,Federal Contract Tower,0,27,2,0,29,0,0,6,0,6,0,27,8,0,35,10,0,10,45
06/06/2010,CWA,WI,AGL,CE,Federal Contract Tower,0,30,9,1,40,0,0,9,1,10,0,30,18,2,50,2,10,12,62
06/07/2010,CWA,WI,AGL,CE,Federal Contract Tower,0,36,6,0,42,0,0,12,0,12,0,36,18,0,54,4,0,4,58
06/08/2010,CWA,WI,AGL,CE,Federal Contract Tower,0,40,0,0,40,0,0,0,0,0,0,40,0,0,40,0,0,0,40
06/09/2010,CWA,WI,AGL,CE,Federal Contract Tower,2,35,0,0,37,0,0,18,0,18,2,35,18,0,55,0,0,0,55
06/10/2010,CWA,WI,AGL,CE,Federal Contract Tower,0,36,4,0,40,0,0,11,0,11,0,36,15,0,51,2,0,2,53
06/11/2010,CWA,WI,AGL,CE,Federal Contract Tower,0,48,3,0,51,0,0,0,0,0,0,48,3,0,51,0,0,0,51
06/12/2010,CWA,WI,AGL,CE,Federal Contract Tower,2,27,1,0,30,0,0,1,0,1,2,27,2,0,31,0,0,0,31
06/13/2010,CWA,WI,AGL,CE,Federal Contract Tower,0,27,1,0,28,0,0,2,0,2,0,27,3,0,30,0,0,0,30
06/14/2010,CWA,WI,AGL,CE,Federal Contract Tower,0,38,5,0,43,0,0,1,0,1,0,38,6,0,44,0,0,0,44
06/15/2010,CWA,WI,AGL,CE,Federal Contract Tower,2,38,6,0,46,0,0,0,0,0,2,38,6,0,46,0,0,0,46
06/16/2010,CWA,WI,AGL,CE,Federal Contract Tower,0,39,7,0,46,0,2,9,0,11,0,41,16,0,57,2,0,2,59
06/17/2010,CWA,WI,AGL,CE,Federal Contract Tower,0,37,5,2,44,0,0,5,0,5,0,37,10,2,49,0,0,0,49
06/18/2010,CWA,WI,AGL,CE,Federal Contract Tower,0,33,5,0,38,0,0,6,0,6,0,33,11,0,44,0,0,0,44
06/19/2010,CWA,WI,AGL,CE,Federal Contract Tower,0,27,6,0,33,0,0,9,0,9,0,27,15,0,42,0,0,0,42
06/20/2010,CWA,WI,AGL,CE,Federal Contract Tower,0,29,1,0,30,0,0,19,0,19,0,29,20,0,49,18,0,18,67
06/21/2010,CWA,WI,AGL,CE,Federal Contract Tower,0,30,3,0,33,0,0,13,0,13,0,30,16,0,46,4,0,4,50
06/22/2010,CWA,WI,AGL,CE,Federal Contract Tower,0,35,1,0,36,0,0,0,0,0,0,35,1,0,36,0,0,0,36
06/23/2010,CWA,WI,AGL,CE,Federal Contract Tower,0,35,0,0,35,0,0,6,0,6,0,35,6,0,41,0,0,0,41
06/24/2010,CWA,WI,AGL,CE,Federal Contract Tower,0,37,3,0,40,0,0,10,0,10,0,37,13,0,50,2,0,2,52
06/25/2010,CWA,WI,AGL,CE,Federal Contract Tower,0,40,3,0,43,0,0,10,0,10,0,40,13,0,53,0,0,0,53
06/26/2010,CWA,WI,AGL,CE,Federal Contract Tower,0,27,4,0,31,0,2,5,0,7,0,29,9,0,38,0,0,0,38
06/27/2010,CWA,WI,AGL,CE,Federal Contract Tower,0,27,7,0,34,0,0,0,0,0,0,27,7,0,34,0,0,0,34
06/28/2010,CWA,WI,AGL,CE,Federal Contract Tower,0,34,9,0,43,0,0,6,1,7,0,34,15,1,50,0,0,0,50
06/29/2010,CWA,WI,AGL,CE,Federal Contract Tower,0,38,7,0,45,0,0,6,0,6,0,38,13,0,51,0,0,0,51
06/30/2010,CWA,WI,AGL,CE,Federal Contract Tower,0,39,6,0,45,0,0,11,0,11,0,39,17,0,56,22,0,22,78
07/01/2010,CWA,WI,AGL,CE,Federal Contract Tower,0,39,2,0,41,0,0,11,0,11,0,39,13,0,52,6,0,6,58
07/02/2010,CWA,WI,AGL,CE,Federal Contract Tower,0,35,4,0,39,0,0,18,0,18,0,35,22,0,57,4,0,4,61
07/03/2010,CWA,WI,AGL,CE,Federal Contract Tower,0,25,4,0,29,0,0,7,0,7,0,25,11,0,36,0,0,0,36
07/04/2010,CWA,WI,AGL,CE,Federal Contract Tower,0,22,2,0,24,0,0,2,0,2,0,22,4,0,26,0,0,0,26
07/05/2010,CWA,WI,AGL,CE,Federal Contract Tower,0,27,3,0,30,0,0,2,0,2,0,27,5,0,32,0,0,0,32
07/06/2010,CWA,WI,AGL,CE,Federal Contract Tower,0,33,6,0,39,0,0,6,0,6,0,33,12,0,45,0,0,0,45
07/07/2010,CWA,WI,AGL,CE,Federal Contract Tower,2,39,7,0,48,0,0,4,0,4,2,39,11,0,52,0,0,0,52
07/08/2010,CWA,WI,AGL,CE,Federal Contract Tower,0,36,5,0,41,0,0,0,0,0,0,36,5,0,41,0,0,0,41
07/09/2010,CWA,WI,AGL,CE,Federal Contract Tower,0,38,4,0,42,0,0,18,0,18,0,38,22,0,60,12,0,12,72
07/10/2010,CWA,WI,AGL,CE,Federal Contract Tower,0,27,1,0,28,0,0,12,0,12,0,27,13,0,40,0,0,0,40
07/11/2010,CWA,WI,AGL,CE,Federal Contract Tower,2,28,1,0,31,0,0,10,0,10,2,28,11,0,41,12,0,12,53
07/12/2010,CWA,WI,AGL,CE,Federal Contract Tower,0,35,6,0,41,0,0,10,0,10,0,35,16,0,51,12,0,12,63
07/13/2010,CWA,WI,AGL,CE,Federal Contract Tower,0,35,3,0,38,0,0,7,0,7,0,35,10,0,45,2,0,2,47
07/14/2010,CWA,WI,AGL,CE,Federal Contract Tower,0,38,4,0,42,0,0,1,0,1,0,38,5,0,43,0,0,0,43
07/15/2010,CWA,WI,AGL,CE,Federal Contract Tower,0,35,0,0,35,0,0,13,0,13,0,35,13,0,48,12,0,12,60
07/16/2010,CWA,WI,AGL,CE,Federal Contract Tower,0,38,1,0,39,0,0,8,0,8,0,38,9,0,47,0,0,0,47
07/17/2010,CWA,WI,AGL,CE,Federal Contract Tower,0,27,5,3,35,0,0,5,1,6,0,27,10,4,41,2,44,46,87
07/18/2010,CWA,WI,AGL,CE,Federal Contract Tower,0,31,4,0,35,0,0,7,0,7,0,31,11,0,42,0,0,0,42
07/19/2010,CWA,WI,AGL,CE,Federal Contract Tower,0,37,4,0,41,0,0,7,0,7,0,37,11,0,48,0,0,0,48
07/20/2010,CWA,WI,AGL,CE,Federal Contract Tower,4,39,4,0,47,0,0,4,0,4,4,39,8,0,51,32,0,32,83
07/21/2010,CWA,WI,AGL,CE,Federal Contract Tower,0,39,5,0,44,0,0,11,8,19,0,39,16,8,63,18,0,18,81
07/22/2010,CWA,WI,AGL,CE,Federal Contract Tower,0,35,5,0,40,0,0,0,0,0,0,35,5,0,40,0,0,0,40
07/23/2010,CWA,WI,AGL,CE,Federal Contract Tower,0,40,11,0,51,0,0,3,0,3,0,40,14,0,54,6,0,6,60
07/24/2010,CWA,WI,AGL,CE,Federal Contract Tower,2,27,8,0,37,0,0,8,0,8,2,27,16,0,45,0,0,0,45
07/25/2010,CWA,WI,AGL,CE,Federal Contract Tower,0,28,4,0,32,0,0,20,0,20,0,28,24,0,52,10,0,10,62
07/26/2010,CWA,WI,AGL,CE,Federal Contract Tower,0,34,3,0,37,0,0,10,0,10,0,34,13,0,47,6,0,6,53
07/27/2010,CWA,WI,AGL,CE,Federal Contract Tower,0,38,1,0,39,0,0,4,0,4,0,38,5,0,43,2,0,2,45
07/28/2010,CWA,WI,AGL,CE,Federal Contract Tower,0,40,3,0,43,0,0,25,0,25,0,40,28,0,68,8,0,8,76
07/29/2010,CWA,WI,AGL,CE,Federal Contract Tower,0,37,8,0,45,0,0,43,0,43,0,37,51,0,88,10,0,10,98
07/30/2010,CWA,WI,AGL,CE,Federal Contract Tower,0,38,16,0,54,0,8,15,0,23,0,46,31,0,77,0,0,0,77
07/31/2010,CWA,WI,AGL,CE,Federal Contract Tower,0,28,1,0,29,0,0,0,0,0,0,28,1,0,29,0,0,0,29
08/01/2010,CWA,WI,AGL,CE,Federal Contract Tower,0,31,4,0,35,0,0,10,0,10,0,31,14,0,45,0,0,0,45
08/02/2010,CWA,WI,AGL,CE,Federal Contract Tower,0,36,0,0,36,0,0,0,0,0,0,36,0,0,36,6,0,6,42
08/03/2010,CWA,WI,AGL,CE,Federal Contract Tower,0,43,4,0,47,0,0,14,0,14,0,43,18,0,61,10,0,10,71
08/04/2010,CWA,WI,AGL,CE,Federal Contract Tower,0,34,4,4,42,0,0,32,6,38,0,34,36,10,80,6,10,16,96
08/05/2010,CWA,WI,AGL,CE,Federal Contract Tower,0,37,7,0,44,0,0,11,0,11,0,37,18,0,55,6,0,6,61
08/06/2010,CWA,WI,AGL,CE,Federal Contract Tower,0,39,5,0,44,0,2,23,0,25,0,41,28,0,69,18,0,18,87
08/07/2010,CWA,WI,AGL,CE,Federal Contract Tower,0,29,4,0,33,0,2,22,0,24,0,31,26,0,57,6,0,6,63
08/08/2010,CWA,WI,AGL,CE,Federal Contract Tower,0,29,5,0,34,0,2,10,0,12,0,31,15,0,46,0,0,0,46
08/09/2010,CWA,WI,AGL,CE,Federal Contract Tower,2,34,9,0,45,0,0,6,0,6,2,34,15,0,51,0,0,0,51
08/10/2010,CWA,WI,AGL,CE,Federal Contract Tower,0,40,6,2,48,0,0,15,2,17,0,40,21,4,65,10,0,10,75
08/11/2010,CWA,WI,AGL,CE,Federal Contract Tower,0,40,10,0,50,0,0,10,0,10,0,40,20,0,60,2,0,2,62
08/12/2010,CWA,WI,AGL,CE,Federal Contract Tower,4,40,8,0,52,0,0,14,0,14,4,40,22,0,66,12,0,12,78
08/13/2010,CWA,WI,AGL,CE,Federal Contract Tower,0,40,3,0,43,0,0,3,1,4,0,40,6,1,47,0,0,0,47
08/14/2010,CWA,WI,AGL,CE,Federal Contract Tower,1,25,8,6,40,0,0,12,4,16,1,25,20,10,56,0,20,20,76
08/15/2010,CWA,WI,AGL,CE,Federal Contract Tower,1,29,4,0,34,0,0,12,0,12,1,29,16,0,46,20,0,20,66
08/16/2010,CWA,WI,AGL,CE,Federal Contract Tower,2,33,6,0,41,0,0,9,0,9,2,33,15,0,50,0,0,0,50
08/17/2010,CWA,WI,AGL,CE,Federal Contract Tower,0,37,1,0,38,0,0,24,0,24,0,37,25,0,62,18,0,18,80
08/18/2010,CWA,WI,AGL,CE,Federal Contract Tower,2,37,9,0,48,0,0,4,0,4,2,37,13,0,52,20,0,20,72
08/19/2010,CWA,WI,AGL,CE,Federal Contract Tower,0,41,5,0,46,0,0,13,0,13,0,41,18,0,59,6,0,6,65
08/20/2010,CWA,WI,AGL,CE,Federal Contract Tower,0,36,8,0,44,0,0,4,0,4,0,36,12,0,48,0,0,0,48
08/21/2010,CWA,WI,AGL,CE,Federal Contract Tower,0,23,7,1,31,0,0,0,1,1,0,23,7,2,32,0,0,0,32
08/22/2010,CWA,WI,AGL,CE,Federal Contract Tower,0,31,8,0,39,0,0,17,2,19,0,31,25,2,58,2,0,2,60
08/23/2010,CWA,WI,AGL,CE,Federal Contract Tower,0,36,0,0,36,0,4,23,0,27,0,40,23,0,63,0,0,0,63
08/24/2010,CWA,WI,AGL,CE,Federal Contract Tower,0,41,2,0,43,0,4,5,2,11,0,45,7,2,54,0,0,0,54
08/25/2010,CWA,WI,AGL,CE,Federal Contract Tower,0,40,0,0,40,0,4,27,0,31,0,44,27,0,71,0,0,0,71
08/26/2010,CWA,WI,AGL,CE,Federal Contract Tower,0,37,1,0,38,0,0,11,0,11,0,37,12,0,49,12,0,12,61
08/27/2010,CWA,WI,AGL,CE,Federal Contract Tower,0,36,1,0,37,0,0,21,0,21,0,36,22,0,58,8,0,8,66
08/28/2010,CWA,WI,AGL,CE,Federal Contract Tower,0,25,2,0,27,0,0,3,0,3,0,25,5,0,30,0,12,12,42
08/29/2010,CWA,WI,AGL,CE,Federal Contract Tower,0,31,0,0,31,0,0,15,0,15,0,31,15,0,46,18,0,18,64
08/30/2010,CWA,WI,AGL,CE,Federal Contract Tower,0,34,3,0,37,0,0,3,0,3,0,34,6,0,40,0,0,0,40
08/31/2010,CWA,WI,AGL,CE,Federal Contract Tower,0,41,4,0,45,0,0,0,0,0,0,41,4,0,45,0,0,0,45
09/01/2010,CWA,WI,AGL,CE,Federal Contract Tower,0,0,38,5,43,0,0,9,0,9,0,0,47,5,52,0,0,0,52
09/02/2010,CWA,WI,AGL,CE,Federal Contract Tower,0,34,7,0,41,0,0,2,0,2,0,34,9,0,43,0,0,0,43
09/03/2010,CWA,WI,AGL,CE,Federal Contract Tower,0,40,3,0,43,0,0,1,0,1,0,40,4,0,44,0,0,0,44
09/04/2010,CWA,WI,AGL,CE,Federal Contract Tower,0,23,3,0,26,0,0,2,0,2,0,23,5,0,28,0,0,0,28
09/05/2010,CWA,WI,AGL,CE,Federal Contract Tower,0,20,0,0,20,0,0,18,0,18,0,20,18,0,38,2,0,2,40
09/06/2010,CWA,WI,AGL,CE,Federal Contract Tower,0,26,6,0,32,0,0,8,0,8,0,26,14,0,40,14,0,14,54
09/07/2010,CWA,WI,AGL,CE,Federal Contract Tower,0,38,2,0,40,0,0,0,0,0,0,38,2,0,40,0,0,0,40
09/08/2010,CWA,WI,AGL,CE,Federal Contract Tower,0,40,4,0,44,0,0,4,0,4,0,40,8,0,48,0,0,0,48
09/09/2010,CWA,WI,AGL,CE,Federal Contract Tower,0,37,3,0,40,0,0,10,0,10,0,37,13,0,50,0,0,0,50
09/10/2010,CWA,WI,AGL,CE,Federal Contract Tower,0,37,0,0,37,0,0,12,0,12,0,37,12,0,49,0,0,0,49
09/11/2010,CWA,WI,AGL,CE,Federal Contract Tower,0,29,0,0,29,0,0,5,0,5,0,29,5,0,34,0,0,0,34
09/12/2010,CWA,WI,AGL,CE,Federal Contract Tower,0,26,4,0,30,0,4,5,0,9,0,30,9,0,39,6,0,6,45
09/13/2010,CWA,WI,AGL,CE,Federal Contract Tower,0,36,2,0,38,0,0,11,0,11,0,36,13,0,49,0,0,0,49
09/14/2010,CWA,WI,AGL,CE,Federal Contract Tower,0,38,0,0,38,0,0,16,0,16,0,38,16,0,54,0,0,0,54
09/15/2010,CWA,WI,AGL,CE,Federal Contract Tower,0,45,7,0,52,0,0,0,0,0,0,45,7,0,52,0,0,0,52
09/16/2010,CWA,WI,AGL,CE,Federal Contract Tower,0,34,8,0,42,0,2,2,0,4,0,36,10,0,46,0,0,0,46
09/17/2010,CWA,WI,AGL,CE,Federal Contract Tower,0,43,4,0,47,0,0,0,0,0,0,43,4,0,47,0,0,0,47
09/18/2010,CWA,WI,AGL,CE,Federal Contract Tower,0,26,2,0,28,0,0,29,4,33,0,26,31,4,61,28,0,28,89
09/19/2010,CWA,WI,AGL,CE,Federal Contract Tower,2,28,3,0,33,0,0,20,0,20,2,28,23,0,53,20,0,20,73
09/20/2010,CWA,WI,AGL,CE,Federal Contract Tower,0,36,8,0,44,0,0,4,0,4,0,36,12,0,48,0,0,0,48
09/21/2010,CWA,WI,AGL,CE,Federal Contract Tower,2,37,5,0,44,0,0,2,0,2,2,37,7,0,46,0,0,0,46
09/22/2010,CWA,WI,AGL,CE,Federal Contract Tower,4,39,7,0,50,0,0,25,0,25,4,39,32,0,75,38,0,38,113
09/23/2010,CWA,WI,AGL,CE,Federal Contract Tower,2,40,9,0,51,0,0,0,0,0,2,40,9,0,51,0,0,0,51
09/24/2010,CWA,WI,AGL,CE,Federal Contract Tower,4,35,6,0,45,0,0,2,0,2,4,35,8,0,47,0,0,0,47
09/25/2010,CWA,WI,AGL,CE,Federal Contract Tower,0,27,2,0,29,0,0,14,0,14,0,27,16,0,43,4,0,4,47
09/26/2010,CWA,WI,AGL,CE,Federal Contract Tower,0,30,1,0,31,0,0,24,0,24,0,30,25,0,55,22,0,22,77
09/27/2010,CWA,WI,AGL,CE,Federal Contract Tower,0,36,3,0,39,0,0,10,0,10,0,36,13,0,49,0,0,0,49
09/28/2010,CWA,WI,AGL,CE,Federal Contract Tower,0,42,5,0,47,0,0,3,0,3,0,42,8,0,50,2,0,2,52
09/29/2010,CWA,WI,AGL,CE,Federal Contract Tower,0,39,2,0,41,0,0,1,0,1,0,39,3,0,42,0,0,0,42
09/30/2010,CWA,WI,AGL,CE,Federal Contract Tower,0,42,5,0,47,0,0,3,0,3,0,42,8,0,50,0,0,0,50
10/01/2010,CWA,WI,AGL,CE,Federal Contract Tower,0,41,6,0,47,0,0,4,0,4,0,41,10,0,51,2,0,2,53
10/02/2010,CWA,WI,AGL,CE,Federal Contract Tower,0,27,2,0,29,0,0,9,0,9,0,27,11,0,38,0,0,0,38
10/03/2010,CWA,WI,AGL,CE,Federal Contract Tower,0,29,1,0,30,0,0,18,4,22,0,29,19,4,52,10,0,10,62
10/04/2010,CWA,WI,AGL,CE,Federal Contract Tower,3,34,2,0,39,0,0,3,0,3,3,34,5,0,42,0,0,0,42
10/05/2010,CWA,WI,AGL,CE,Federal Contract Tower,0,37,5,0,42,0,0,3,0,3,0,37,8,0,45,8,0,8,53
10/06/2010,CWA,WI,AGL,CE,Federal Contract Tower,0,37,0,0,37,0,2,9,0,11,0,39,9,0,48,0,0,0,48
10/07/2010,CWA,WI,AGL,CE,Federal Contract Tower,0,41,1,0,42,0,0,23,1,24,0,41,24,1,66,4,0,4,70
10/08/2010,CWA,WI,AGL,CE,Federal Contract Tower,0,42,2,0,44,0,0,21,2,23,0,42,23,2,67,0,0,0,67
10/09/2010,CWA,WI,AGL,CE,Federal Contract Tower,0,22,1,0,23,0,0,14,0,14,0,22,15,0,37,0,0,0,37
10/10/2010,CWA,WI,AGL,CE,Federal Contract Tower,2,28,1,0,31,0,0,30,0,30,2,28,31,0,61,6,0,6,67
10/11/2010,CWA,WI,AGL,CE,Federal Contract Tower,0,37,3,0,40,0,0,10,0,10,0,37,13,0,50,0,0,0,50
10/12/2010,CWA,WI,AGL,CE,Federal Contract Tower,0,39,6,2,47,0,0,14,0,14,0,39,20,2,61,2,0,2,63
10/13/2010,CWA,WI,AGL,CE,Federal Contract Tower,0,39,6,0,45,0,0,20,4,24,0,39,26,4,69,0,0,0,69
10/14/2010,CWA,WI,AGL,CE,Federal Contract Tower,0,39,4,0,43,0,0,13,0,13,0,39,17,0,56,2,0,2,58
10/15/2010,CWA,WI,AGL,CE,Federal Contract Tower,0,40,4,0,44,0,0,9,0,9,0,40,13,0,53,16,0,16,69
10/16/2010,CWA,WI,AGL,CE,Federal Contract Tower,0,26,5,8,39,0,0,14,0,14,0,26,19,8,53,0,44,44,97
10/17/2010,CWA,WI,AGL,CE,Federal Contract Tower,0,30,4,0,34,0,0,13,0,13,0,30,17,0,47,0,0,0,47
10/18/2010,CWA,WI,AGL,CE,Federal Contract Tower,0,34,1,4,39,0,0,2,0,2,0,34,3,4,41,12,0,12,53
10/19/2010,CWA,WI,AGL,CE,Federal Contract Tower,0,37,10,0,47,0,0,8,0,8,0,37,18,0,55,18,0,18,73
10/20/2010,CWA,WI,AGL,CE,Federal Contract Tower,0,39,10,0,49,0,2,12,0,14,0,41,22,0,63,0,0,0,63
10/21/2010,CWA,WI,AGL,CE,Federal Contract Tower,0,37,7,0,44,0,0,13,0,13,0,37,20,0,57,14,0,14,71
10/22/2010,CWA,WI,AGL,CE,Federal Contract Tower,0,42,3,0,45,0,0,43,0,43,0,42,46,0,88,16,0,16,104
10/23/2010,CWA,WI,AGL,CE,Federal Contract Tower,0,27,2,0,29,0,0,0,0,0,0,27,2,0,29,0,0,0,29
10/24/2010,CWA,WI,AGL,CE,Federal Contract Tower,0,33,4,0,37,0,0,0,0,0,0,33,4,0,37,0,0,0,37
10/25/2010,CWA,WI,AGL,CE,Federal Contract Tower,0,36,11,0,47,0,0,0,0,0,0,36,11,0,47,0,0,0,47
10/26/2010,CWA,WI,AGL,CE,Federal Contract Tower,0,33,3,0,36,0,0,0,0,0,0,33,3,0,36,0,0,0,36
10/27/2010,CWA,WI,AGL,CE,Federal Contract Tower,0,34,2,0,36,0,0,0,0,0,0,34,2,0,36,0,0,0,36
10/28/2010,CWA,WI,AGL,CE,Federal Contract Tower,1,41,10,0,52,0,0,7,0,7,1,41,17,0,59,0,0,0,59
10/29/2010,CWA,WI,AGL,CE,Federal Contract Tower,0,39,5,0,44,0,0,5,0,5,0,39,10,0,49,0,0,0,49
10/30/2010,CWA,WI,AGL,CE,Federal Contract Tower,0,27,2,0,29,0,0,28,2,30,0,27,30,2,59,0,0,0,59
10/31/2010,CWA,WI,AGL,CE,Federal Contract Tower,2,27,6,0,35,0,0,16,0,16,2,27,22,0,51,8,0,8,59
11/01/2010,CWA,WI,AGL,CE,Federal Contract Tower,0,34,6,0,40,0,0,7,0,7,0,34,13,0,47,0,0,0,47
11/02/2010,CWA,WI,AGL,CE,Federal Contract Tower,0,38,5,0,43,0,0,10,0,10,0,38,15,0,53,16,0,16,69
11/03/2010,CWA,WI,AGL,CE,Federal Contract Tower,0,39,5,0,44,0,0,4,0,4,0,39,9,0,48,0,0,0,48
11/04/2010,CWA,WI,AGL,CE,Federal Contract Tower,0,41,9,3,53,0,0,1,0,1,0,41,10,3,54,0,0,0,54
11/05/2010,CWA,WI,AGL,CE,Federal Contract Tower,2,36,5,0,43,0,0,10,0,10,2,36,15,0,53,6,0,6,59
11/06/2010,CWA,WI,AGL,CE,Federal Contract Tower,0,26,0,0,26,0,0,11,0,11,0,26,11,0,37,12,0,12,49
11/07/2010,CWA,WI,AGL,CE,Federal Contract Tower,0,29,0,0,29,0,0,24,0,24,0,29,24,0,53,4,0,4,57
11/08/2010,CWA,WI,AGL,CE,Federal Contract Tower,2,35,3,0,40,0,4,5,0,9,2,39,8,0,49,6,0,6,55
11/09/2010,CWA,WI,AGL,CE,Federal Contract Tower,0,37,1,0,38,0,0,7,3,10,0,37,8,3,48,0,9,9,57
11/10/2010,CWA,WI,AGL,CE,Federal Contract Tower,0,40,3,0,43,0,3,9,0,12,0,43,12,0,55,6,0,6,61
11/11/2010,CWA,WI,AGL,CE,Federal Contract Tower,0,37,8,0,45,0,0,4,0,4,0,37,12,0,49,4,0,4,53
11/12/2010,CWA,WI,AGL,CE,Federal Contract Tower,2,38,4,0,44,0,0,1,0,1,2,38,5,0,45,0,0,0,45
11/13/2010,CWA,WI,AGL,CE,Federal Contract Tower,0,30,0,0,30,0,0,0,0,0,0,30,0,0,30,0,0,0,30
11/14/2010,CWA,WI,AGL,CE,Federal Contract Tower,0,27,4,0,31,0,0,0,0,0,0,27,4,0,31,0,0,0,31
11/15/2010,CWA,WI,AGL,CE,Federal Contract Tower,2,35,7,0,44,0,0,4,0,4,2,35,11,0,48,4,0,4,52
11/16/2010,CWA,WI,AGL,CE,Federal Contract Tower,0,45,4,0,49,0,0,2,0,2,0,45,6,0,51,0,0,0,51
11/17/2010,CWA,WI,AGL,CE,Federal Contract Tower,0,38,2,0,40,0,2,3,0,5,0,40,5,0,45,16,0,16,61
11/18/2010,CWA,WI,AGL,CE,Federal Contract Tower,0,34,3,0,37,0,0,13,0,13,0,34,16,0,50,30,0,30,80
11/19/2010,CWA,WI,AGL,CE,Federal Contract Tower,0,36,6,0,42,0,0,1,0,1,0,36,7,0,43,0,0,0,43
11/20/2010,CWA,WI,AGL,CE,Federal Contract Tower,2,25,2,0,29,0,0,24,0,24,2,25,26,0,53,0,0,0,53
11/21/2010,CWA,WI,AGL,CE,Federal Contract Tower,0,26,4,0,30,0,0,0,0,0,0,26,4,0,30,0,0,0,30
11/22/2010,CWA,WI,AGL,CE,Federal Contract Tower,0,35,2,0,37,0,0,0,0,0,0,35,2,0,37,0,0,0,37
11/23/2010,CWA,WI,AGL,CE,Federal Contract Tower,2,37,3,0,42,0,0,9,0,9,2,37,12,0,51,0,0,0,51
11/24/2010,CWA,WI,AGL,CE,Federal Contract Tower,0,33,1,0,34,0,0,0,0,0,0,33,1,0,34,0,0,0,34
11/25/2010,CWA,WI,AGL,CE,Federal Contract Tower,0,22,4,0,26,0,0,2,0,2,0,22,6,0,28,0,0,0,28
11/26/2010,CWA,WI,AGL,CE,Federal Contract Tower,0,31,0,0,31,0,0,3,0,3,0,31,3,0,34,0,0,0,34
11/27/2010,CWA,WI,AGL,CE,Federal Contract Tower,0,29,0,0,29,0,0,12,0,12,0,29,12,0,41,0,0,0,41
11/28/2010,CWA,WI,AGL,CE,Federal Contract Tower,0,26,5,0,31,0,0,16,4,20,0,26,21,4,51,18,0,18,69
11/29/2010,CWA,WI,AGL,CE,Federal Contract Tower,0,34,1,0,35,0,0,6,0,6,0,34,7,0,41,0,0,0,41
11/30/2010,CWA,WI,AGL,CE,Federal Contract Tower,2,32,9,0,43,0,0,0,0,0,2,32,9,0,43,0,0,0,43
12/01/2010,CWA,WI,AGL,CE,Federal Contract Tower,2,37,2,0,41,0,0,0,0,0,2,37,2,0,41,0,0,0,41
12/02/2010,CWA,WI,AGL,CE,Federal Contract Tower,0,38,6,0,44,0,0,7,0,7,0,38,13,0,51,2,0,2,53
12/03/2010,CWA,WI,AGL,CE,Federal Contract Tower,0,37,0,0,37,0,0,6,0,6,0,37,6,0,43,0,0,0,43
12/04/2010,CWA,WI,AGL,CE,Federal Contract Tower,0,21,5,0,26,0,0,6,0,6,0,21,11,0,32,0,0,0,32
12/05/2010,CWA,WI,AGL,CE,Federal Contract Tower,1,26,2,0,29,0,0,2,0,2,1,26,4,0,31,0,0,0,31
12/06/2010,CWA,WI,AGL,CE,Federal Contract Tower,1,31,8,0,40,0,0,7,0,7,1,31,15,0,47,0,0,0,47
12/07/2010,CWA,WI,AGL,CE,Federal Contract Tower,0,35,1,2,38,0,1,6,7,14,0,36,7,9,52,0,8,8,60
12/08/2010,CWA,WI,AGL,CE,Federal Contract Tower,0,38,3,2,43,0,0,12,0,12,0,38,15,2,55,16,8,24,79
12/09/2010,CWA,WI,AGL,CE,Federal Contract Tower,0,30,13,0,43,0,0,0,0,0,0,30,13,0,43,0,0,0,43
12/10/2010,CWA,WI,AGL,CE,Federal Contract Tower,0,39,2,0,41,0,0,0,0,0,0,39,2,0,41,0,0,0,41
12/11/2010,CWA,WI,AGL,CE,Federal Contract Tower,0,12,0,0,12,0,0,0,0,0,0,12,0,0,12,0,0,0,12
12/12/2010,CWA,WI,AGL,CE,Federal Contract Tower,0,7,0,0,7,0,0,0,0,0,0,7,0,0,7,0,0,0,7
12/13/2010,CWA,WI,AGL,CE,Federal Contract Tower,0,29,8,0,37,0,0,6,0,6,0,29,14,0,43,0,0,0,43
12/14/2010,CWA,WI,AGL,CE,Federal Contract Tower,0,36,0,0,36,0,0,2,0,2,0,36,2,0,38,0,0,0,38
12/15/2010,CWA,WI,AGL,CE,Federal Contract Tower,0,40,4,0,44,0,0,4,0,4,0,40,8,0,48,0,0,0,48
12/16/2010,CWA,WI,AGL,CE,Federal Contract Tower,0,34,4,0,38,0,12,3,0,15,0,46,7,0,53,0,0,0,53
12/17/2010,CWA,WI,AGL,CE,Federal Contract Tower,0,40,6,0,46,0,2,1,0,3,0,42,7,0,49,4,0,4,53
12/18/2010,CWA,WI,AGL,CE,Federal Contract Tower,0,26,2,0,28,0,0,6,0,6,0,26,8,0,34,0,0,0,34
12/19/2010,CWA,WI,AGL,CE,Federal Contract Tower,0,24,4,0,28,0,0,19,0,19,0,24,23,0,47,0,0,0,47
12/20/2010,CWA,WI,AGL,CE,Federal Contract Tower,0,26,0,0,26,0,4,2,0,6,0,30,2,0,32,0,0,0,32
12/21/2010,CWA,WI,AGL,CE,Federal Contract Tower,0,30,2,0,32,0,0,0,0,0,0,30,2,0,32,0,0,0,32
12/22/2010,CWA,WI,AGL,CE,Federal Contract Tower,0,36,4,0,40,0,0,0,0,0,0,36,4,0,40,0,0,0,40
12/23/2010,CWA,WI,AGL,CE,Federal Contract Tower,0,36,6,0,42,0,2,0,0,2,0,38,6,0,44,0,0,0,44
12/24/2010,CWA,WI,AGL,CE,Federal Contract Tower,0,30,0,0,30,0,0,0,0,0,0,30,0,0,30,0,0,0,30
12/25/2010,CWA,WI,AGL,CE,Federal Contract Tower,0,21,1,0,22,0,0,1,0,1,0,21,2,0,23,0,0,0,23
12/26/2010,CWA,WI,AGL,CE,Federal Contract Tower,0,22,4,0,26,0,0,2,0,2,0,22,6,0,28,0,0,0,28
12/27/2010,CWA,WI,AGL,CE,Federal Contract Tower,0,31,2,0,33,0,0,4,0,4,0,31,6,0,37,0,0,0,37
12/28/2010,CWA,WI,AGL,CE,Federal Contract Tower,2,31,1,0,34,0,0,0,0,0,2,31,1,0,34,0,0,0,34
12/29/2010,CWA,WI,AGL,CE,Federal Contract Tower,0,33,2,0,35,0,0,6,4,10,0,33,8,4,45,0,0,0,45
12/30/2010,CWA,WI,AGL,CE,Federal Contract Tower,4,10,2,0,16,0,0,0,0,0,4,10,2,0,16,0,0,0,16
12/31/2010,CWA,WI,AGL,CE,Federal Contract Tower,2,29,2,0,33,0,0,0,0,0,2,29,2,0,33,0,0,0,33
01/01/2011,CWA,WI,AGL,CE,Federal Contract Tower,0,25,0,0,25,0,0,0,0,0,0,25,0,0,25,0,0,0,25
01/02/2011,CWA,WI,AGL,CE,Federal Contract Tower,2,23,3,1,29,0,0,7,5,12,2,23,10,6,41,6,0,6,47
01/03/2011,CWA,WI,AGL,CE,Federal Contract Tower,0,30,1,0,31,0,0,0,0,0,0,30,1,0,31,0,0,0,31
01/04/2011,CWA,WI,AGL,CE,Federal Contract Tower,0,31,2,0,33,0,0,11,0,11,0,31,13,0,44,0,0,0,44
01/05/2011,CWA,WI,AGL,CE,Federal Contract Tower,0,30,2,0,32,0,0,2,0,2,0,30,4,0,34,0,0,0,34
01/06/2011,CWA,WI,AGL,CE,Federal Contract Tower,0,31,5,0,36,0,0,3,4,7,0,31,8,4,43,0,0,0,43
01/07/2011,CWA,WI,AGL,CE,Federal Contract Tower,0,35,2,0,37,0,0,0,0,0,0,35,2,0,37,0,0,0,37
01/08/2011,CWA,WI,AGL,CE,Federal Contract Tower,0,22,2,0,24,0,0,10,0,10,0,22,12,0,34,0,0,0,34
01/09/2011,CWA,WI,AGL,CE,Federal Contract Tower,0,20,2,0,22,0,0,13,0,13,0,20,15,0,35,0,0,0,35
01/10/2011,CWA,WI,AGL,CE,Federal Contract Tower,0,31,6,0,37,0,0,2,0,2,0,31,8,0,39,0,0,0,39
01/11/2011,CWA,WI,AGL,CE,Federal Contract Tower,0,30,7,0,37,0,0,0,0,0,0,30,7,0,37,0,0,0,37
01/12/2011,CWA,WI,AGL,CE,Federal Contract Tower,0,38,3,0,41,0,0,2,0,2,0,38,5,0,43,0,0,0,43
01/13/2011,CWA,WI,AGL,CE,Federal Contract Tower,0,33,15,0,48,0,0,2,0,2,0,33,17,0,50,0,0,0,50
01/14/2011,CWA,WI,AGL,CE,Federal Contract Tower,0,31,2,0,33,0,0,1,0,1,0,31,3,0,34,0,0,0,34
01/15/2011,CWA,WI,AGL,CE,Federal Contract Tower,0,21,2,0,23,0,0,10,0,10,0,21,12,0,33,6,0,6,39
01/16/2011,CWA,WI,AGL,CE,Federal Contract Tower,0,19,2,0,21,0,0,5,0,5,0,19,7,0,26,4,0,4,30
01/17/2011,CWA,WI,AGL,CE,Federal Contract Tower,0,25,6,0,31,0,0,0,0,0,0,25,6,0,31,0,0,0,31
01/18/2011,CWA,WI,AGL,CE,Federal Contract Tower,0,31,3,0,34,0,0,1,0,1,0,31,4,0,35,0,0,0,35
01/19/2011,CWA,WI,AGL,CE,Federal Contract Tower,0,33,4,0,37,0,0,4,0,4,0,33,8,0,41,0,0,0,41
01/20/2011,CWA,WI,AGL,CE,Federal Contract Tower,0,33,13,0,46,0,0,3,0,3,0,33,16,0,49,0,0,0,49
01/21/2011,CWA,WI,AGL,CE,Federal Contract Tower,0,29,5,0,34,0,0,0,0,0,0,29,5,0,34,0,0,0,34
01/22/2011,CWA,WI,AGL,CE,Federal Contract Tower,0,22,2,0,24,0,0,6,0,6,0,22,8,0,30,4,0,4,34
01/23/2011,CWA,WI,AGL,CE,Federal Contract Tower,2,19,1,0,22,0,0,1,0,1,2,19,2,0,23,0,0,0,23
01/24/2011,CWA,WI,AGL,CE,Federal Contract Tower,0,28,5,0,33,0,0,0,0,0,0,28,5,0,33,0,0,0,33
01/25/2011,CWA,WI,AGL,CE,Federal Contract Tower,0,34,7,0,41,0,0,5,0,5,0,34,12,0,46,6,0,6,52
01/26/2011,CWA,WI,AGL,CE,Federal Contract Tower,0,31,1,0,32,0,0,0,0,0,0,31,1,0,32,0,0,0,32
01/27/2011,CWA,WI,AGL,CE,Federal Contract Tower,2,32,11,0,45,0,0,1,0,1,2,32,12,0,46,0,0,0,46
01/28/2011,CWA,WI,AGL,CE,Federal Contract Tower,0,32,4,0,36,0,4,2,0,6,0,36,6,0,42,0,0,0,42
01/29/2011,CWA,WI,AGL,CE,Federal Contract Tower,0,20,6,0,26,0,0,0,0,0,0,20,6,0,26,0,0,0,26
01/30/2011,CWA,WI,AGL,CE,Federal Contract Tower,0,19,1,0,20,0,0,17,0,17,0,19,18,0,37,4,0,4,41
01/31/2011,CWA,WI,AGL,CE,Federal Contract Tower,0,29,5,0,34,0,0,0,0,0,0,29,5,0,34,0,0,0,34
02/01/2011,CWA,WI,AGL,CE,Federal Contract Tower,0,29,0,0,29,0,0,4,0,4,0,29,4,0,33,0,0,0,33
02/02/2011,CWA,WI,AGL,CE,Federal Contract Tower,0,16,2,0,18,0,0,8,0,8,0,16,10,0,26,2,0,2,28
02/03/2011,CWA,WI,AGL,CE,Federal Contract Tower,0,25,6,1,32,0,2,4,1,7,0,27,10,2,39,0,0,0,39
02/04/2011,CWA,WI,AGL,CE,Federal Contract Tower,0,32,3,0,35,0,0,9,0,9,0,32,12,0,44,0,0,0,44
02/05/2011,CWA,WI,AGL,CE,Federal Contract Tower,0,20,6,0,26,0,0,0,0,0,0,20,6,0,26,0,0,0,26
02/06/2011,CWA,WI,AGL,CE,Federal Contract Tower,0,19,3,0,22,0,0,1,0,1,0,19,4,0,23,0,0,0,23
02/07/2011,CWA,WI,AGL,CE,Federal Contract Tower,0,24,5,0,29,0,0,1,0,1,0,24,6,0,30,0,0,0,30
02/08/2011,CWA,WI,AGL,CE,Federal Contract Tower,2,29,8,0,39,0,0,1,0,1,2,29,9,0,40,0,0,0,40
02/09/2011,CWA,WI,AGL,CE,Federal Contract Tower,0,33,2,0,35,0,0,13,0,13,0,33,15,0,48,24,0,24,72
02/10/2011,CWA,WI,AGL,CE,Federal Contract Tower,0,32,4,0,36,0,0,3,0,3,0,32,7,0,39,0,0,0,39
02/11/2011,CWA,WI,AGL,CE,Federal Contract Tower,0,31,3,10,44,0,1,0,0,1,0,32,3,10,45,0,0,0,45
02/12/2011,CWA,WI,AGL,CE,Federal Contract Tower,0,23,4,8,35,0,0,24,6,30,0,23,28,14,65,0,0,0,65
02/13/2011,CWA,WI,AGL,CE,Federal Contract Tower,0,21,0,0,21,0,0,7,0,7,0,21,7,0,28,8,0,8,36
02/14/2011,CWA,WI,AGL,CE,Federal Contract Tower,0,32,7,0,39,0,0,3,0,3,0,32,10,0,42,0,0,0,42
02/15/2011,CWA,WI,AGL,CE,Federal Contract Tower,0,35,3,0,38,0,0,4,0,4,0,35,7,0,42,0,0,0,42
02/16/2011,CWA,WI,AGL,CE,Federal Contract Tower,2,25,12,0,39,0,2,12,0,14,2,27,24,0,53,0,0,0,53
02/17/2011,CWA,WI,AGL,CE,Federal Contract Tower,2,4,2,0,8,0,0,0,0,0,2,4,2,0,8,0,0,0,8
02/18/2011,CWA,WI,AGL,CE,Federal Contract Tower,0,32,5,0,37,0,0,0,0,0,0,32,5,0,37,0,0,0,37
02/19/2011,CWA,WI,AGL,CE,Federal Contract Tower,0,21,7,0,28,0,0,21,2,23,0,21,28,2,51,10,8,18,69
02/20/2011,CWA,WI,AGL,CE,Federal Contract Tower,0,4,2,0,6,0,0,0,0,0,0,4,2,0,6,0,0,0,6
02/21/2011,CWA,WI,AGL,CE,Federal Contract Tower,0,25,2,0,27,0,0,0,0,0,0,25,2,0,27,0,0,0,27
02/22/2011,CWA,WI,AGL,CE,Federal Contract Tower,2,30,3,0,35,0,0,4,0,4,2,30,7,0,39,0,0,0,39
02/23/2011,CWA,WI,AGL,CE,Federal Contract Tower,0,40,11,0,51,0,0,2,0,2,0,40,13,0,53,0,0,0,53
02/24/2011,CWA,WI,AGL,CE,Federal Contract Tower,2,30,6,1,39,0,6,14,18,38,2,36,20,19,77,4,0,4,81
02/25/2011,CWA,WI,AGL,CE,Federal Contract Tower,4,31,1,0,36,0,14,10,0,24,4,45,11,0,60,4,0,4,64
02/26/2011,CWA,WI,AGL,CE,Federal Contract Tower,0,26,4,0,30,0,0,0,0,0,0,26,4,0,30,0,0,0,30
02/27/2011,CWA,WI,AGL,CE,Federal Contract Tower,2,23,2,0,27,0,0,0,0,0,2,23,2,0,27,0,0,0,27
02/28/2011,CWA,WI,AGL,CE,Federal Contract Tower,0,27,6,0,33,0,0,12,0,12,0,27,18,0,45,16,0,16,61
03/01/2011,CWA,WI,AGL,CE,Federal Contract Tower,0,36,3,0,39,0,0,2,0,2,0,36,5,0,41,2,0,2,43
03/02/2011,CWA,WI,AGL,CE,Federal Contract Tower,0,31,8,0,39,0,2,18,0,20,0,33,26,0,59,24,0,24,83
03/03/2011,CWA,WI,AGL,CE,Federal Contract Tower,0,34,6,0,40,0,0,0,0,0,0,34,6,0,40,0,0,0,40
03/04/2011,CWA,WI,AGL,CE,Federal Contract Tower,0,29,9,0,38,0,0,0,0,0,0,29,9,0,38,0,0,0,38
03/05/2011,CWA,WI,AGL,CE,Federal Contract Tower,0,21,4,0,25,0,0,6,0,6,0,21,10,0,31,14,0,14,45
03/06/2011,CWA,WI,AGL,CE,Federal Contract Tower,0,22,7,0,29,0,0,24,0,24,0,22,31,0,53,8,0,8,61
03/07/2011,CWA,WI,AGL,CE,Federal Contract Tower,0,32,10,0,42,0,0,0,0,0,0,32,10,0,42,0,0,0,42
03/08/2011,CWA,WI,AGL,CE,Federal Contract Tower,0,36,6,0,42,0,0,0,0,0,0,36,6,0,42,0,0,0,42
03/09/2011,CWA,WI,AGL,CE,Federal Contract Tower,0,30,1,0,31,0,0,0,0,0,0,30,1,0,31,0,0,0,31
03/10/2011,CWA,WI,AGL,CE,Federal Contract Tower,4,28,7,0,39,0,0,13,0,13,4,28,20,0,52,8,0,8,60
03/11/2011,CWA,WI,AGL,CE,Federal Contract Tower,2,28,6,0,36,0,0,14,0,14,2,28,20,0,50,0,0,0,50
03/12/2011,CWA,WI,AGL,CE,Federal Contract Tower,0,20,0,0,20,0,0,0,0,0,0,20,0,0,20,0,0,0,20
03/13/2011,CWA,WI,AGL,CE,Federal Contract Tower,2,22,3,0,27,0,0,11,0,11,2,22,14,0,38,4,0,4,42
03/14/2011,CWA,WI,AGL,CE,Federal Contract Tower,0,27,5,0,32,0,0,18,4,22,0,27,23,4,54,22,0,22,76
03/15/2011,CWA,WI,AGL,CE,Federal Contract Tower,0,32,7,0,39,0,0,15,0,15,0,32,22,0,54,16,0,16,70
03/16/2011,CWA,WI,AGL,CE,Federal Contract Tower,0,31,9,0,40,0,2,8,4,14,0,33,17,4,54,0,0,0,54
03/17/2011,CWA,WI,AGL,CE,Federal Contract Tower,2,26,8,0,36,0,3,0,0,3,2,29,8,0,39,0,0,0,39
03/18/2011,CWA,WI,AGL,CE,Federal Contract Tower,0,32,3,0,35,0,0,2,0,2,0,32,5,0,37,4,0,4,41
03/19/2011,CWA,WI,AGL,CE,Federal Contract Tower,0,21,3,0,24,0,0,15,0,15,0,21,18,0,39,2,0,2,41
03/20/2011,CWA,WI,AGL,CE,Federal Contract Tower,0,22,2,0,24,0,0,0,0,0,0,22,2,0,24,0,0,0,24
03/21/2011,CWA,WI,AGL,CE,Federal Contract Tower,0,29,5,2,36,0,0,2,0,2,0,29,7,2,38,4,0,4,42
03/22/2011,CWA,WI,AGL,CE,Federal Contract Tower,0,24,5,0,29,0,0,0,0,0,0,24,5,0,29,0,0,0,29
03/23/2011,CWA,WI,AGL,CE,Federal Contract Tower,0,26,7,0,33,0,0,0,0,0,0,26,7,0,33,0,0,0,33
03/24/2011,CWA,WI,AGL,CE,Federal Contract Tower,2,33,8,2,45,0,0,2,0,2,2,33,10,2,47,0,0,0,47
03/25/2011,CWA,WI,AGL,CE,Federal Contract Tower,0,35,2,0,37,0,0,21,0,21,0,35,23,0,58,0,0,0,58
03/26/2011,CWA,WI,AGL,CE,Federal Contract Tower,0,21,3,0,24,0,0,6,0,6,0,21,9,0,30,0,0,0,30
03/27/2011,CWA,WI,AGL,CE,Federal Contract Tower,0,26,3,0,29,0,2,9,0,11,0,28,12,0,40,4,0,4,44
03/28/2011,CWA,WI,AGL,CE,Federal Contract Tower,0,33,9,0,42,0,0,5,0,5,0,33,14,0,47,0,0,0,47
03/29/2011,CWA,WI,AGL,CE,Federal Contract Tower,0,34,2,0,36,0,2,10,0,12,0,36,12,0,48,0,0,0,48
03/30/2011,CWA,WI,AGL,CE,Federal Contract Tower,0,31,3,0,34,0,0,17,2,19,0,31,20,2,53,4,0,4,57
03/31/2011,CWA,WI,AGL,CE,Federal Contract Tower,0,33,9,0,42,0,0,5,0,5,0,33,14,0,47,0,0,0,47
04/01/2011,CWA,WI,AGL,CE,Federal Contract Tower,2,26,5,2,35,0,0,0,0,0,2,26,5,2,35,0,0,0,35
04/02/2011,CWA,WI,AGL,CE,Federal Contract Tower,0,22,1,4,27,0,0,20,0,20,0,22,21,4,47,32,0,32,79
04/03/2011,CWA,WI,AGL,CE,Federal Contract Tower,0,25,0,2,27,0,0,0,0,0,0,25,0,2,27,0,0,0,27
04/04/2011,CWA,WI,AGL,CE,Federal Contract Tower,0,27,1,0,28,0,0,0,0,0,0,27,1,0,28,0,0,0,28
04/05/2011,CWA,WI,AGL,CE,Federal Contract Tower,0,29,9,0,38,0,0,5,0,5,0,29,14,0,43,12,0,12,55
04/06/2011,CWA,WI,AGL,CE,Federal Contract Tower,0,32,8,4,44,0,0,14,0,14,0,32,22,4,58,14,0,14,72
04/07/2011,CWA,WI,AGL,CE,Federal Contract Tower,2,31,4,0,37,0,0,5,0,5,2,31,9,0,42,0,0,0,42
04/08/2011,CWA,WI,AGL,CE,Federal Contract Tower,0,27,2,0,29,0,0,23,2,25,0,27,25,2,54,4,0,4,58
04/09/2011,CWA,WI,AGL,CE,Federal Contract Tower,0,18,0,0,18,0,0,0,0,0,0,18,0,0,18,0,0,0,18
04/10/2011,CWA,WI,AGL,CE,Federal Contract Tower,2,23,1,0,26,0,0,2,0,2,2,23,3,0,28,0,0,0,28
04/11/2011,CWA,WI,AGL,CE,Federal Contract Tower,2,27,3,2,34,0,0,2,0,2,2,27,5,2,36,0,2,2,38
04/12/2011,CWA,WI,AGL,CE,Federal Contract Tower,0,31,6,0,37,0,0,4,0,4,0,31,10,0,41,0,0,0,41
04/13/2011,CWA,WI,AGL,CE,Federal Contract Tower,0,32,8,0,40,0,0,6,0,6,0,32,14,0,46,10,0,10,56
04/14/2011,CWA,WI,AGL,CE,Federal Contract Tower,2,31,7,0,40,0,0,4,2,6,2,31,11,2,46,0,0,0,46
04/15/2011,CWA,WI,AGL,CE,Federal Contract Tower,0,30,4,8,42,0,0,0,24,24,0,30,4,32,66,0,0,0,66
04/16/2011,CWA,WI,AGL,CE,Federal Contract Tower,0,19,1,0,20,0,0,2,0,2,0,19,3,0,22,0,0,0,22
04/17/2011,CWA,WI,AGL,CE,Federal Contract Tower,0,24,0,0,24,0,3,0,0,3,0,27,0,0,27,0,0,0,27
04/18/2011,CWA,WI,AGL,CE,Federal Contract Tower,3,25,4,0,32,0,2,4,0,6,3,27,8,0,38,10,0,10,48
04/19/2011,CWA,WI,AGL,CE,Federal Contract Tower,0,25,3,0,28,0,0,0,0,0,0,25,3,0,28,0,0,0,28
04/20/2011,CWA,WI,AGL,CE,Federal Contract Tower,2,38,7,0,47,0,0,0,0,0,2,38,7,0,47,0,0,0,47
04/21/2011,CWA,WI,AGL,CE,Federal Contract Tower,0,31,14,0,45,0,0,13,0,13,0,31,27,0,58,24,0,24,82
04/22/2011,CWA,WI,AGL,CE,Federal Contract Tower,0,15,11,0,26,0,0,0,0,0,0,15,11,0,26,0,0,0,26
04/23/2011,CWA,WI,AGL,CE,Federal Contract Tower,2,19,1,0,22,0,0,9,0,9,2,19,10,0,31,6,0,6,37
04/24/2011,CWA,WI,AGL,CE,Federal Contract Tower,0,22,5,0,27,0,0,13,0,13,0,22,18,0,40,0,0,0,40
04/25/2011,CWA,WI,AGL,CE,Federal Contract Tower,0,27,9,0,36,0,0,13,0,13,0,27,22,0,49,12,0,12,61
04/26/2011,CWA,WI,AGL,CE,Federal Contract Tower,0,30,8,0,38,0,0,0,0,0,0,30,8,0,38,0,0,0,38
04/27/2011,CWA,WI,AGL,CE,Federal Contract Tower,0,33,3,0,36,0,0,0,0,0,0,33,3,0,36,0,0,0,36
04/28/2011,CWA,WI,AGL,CE,Federal Contract Tower,0,31,7,0,38,0,0,1,0,1,0,31,8,0,39,0,0,0,39
04/29/2011,CWA,WI,AGL,CE,Federal Contract Tower,0,31,5,0,36,0,0,2,0,2,0,31,7,0,38,6,0,6,44
04/30/2011,CWA,WI,AGL,CE,Federal Contract Tower,0,18,1,0,19,0,0,0,0,0,0,18,1,0,19,0,0,0,19
05/01/2011,CWA,WI,AGL,CE,Federal Contract Tower,0,25,1,0,26,0,0,0,0,0,0,25,1,0,26,0,0,0,26
05/02/2011,CWA,WI,AGL,CE,Federal Contract Tower,2,27,1,0,30,0,0,2,0,2,2,27,3,0,32,0,0,0,32
05/03/2011,CWA,WI,AGL,CE,Federal Contract Tower,0,29,4,0,33,0,0,4,0,4,0,29,8,0,37,0,0,0,37
05/04/2011,CWA,WI,AGL,CE,Federal Contract Tower,0,30,8,0,38,0,0,12,0,12,0,30,20,0,50,18,0,18,68
05/05/2011,CWA,WI,AGL,CE,Federal Contract Tower,0,32,4,0,36,0,0,3,0,3,0,32,7,0,39,0,0,0,39
05/06/2011,CWA,WI,AGL,CE,Federal Contract Tower,0,35,2,0,37,0,0,5,4,9,0,35,7,4,46,0,0,0,46
05/07/2011,CWA,WI,AGL,CE,Federal Contract Tower,0,20,5,0,25,0,0,43,0,43,0,20,48,0,68,30,0,30,98
05/08/2011,CWA,WI,AGL,CE,Federal Contract Tower,0,23,3,0,26,0,0,9,2,11,0,23,12,2,37,0,0,0,37
05/09/2011,CWA,WI,AGL,CE,Federal Contract Tower,0,27,2,0,29,0,2,8,0,10,0,29,10,0,39,0,0,0,39
05/10/2011,CWA,WI,AGL,CE,Federal Contract Tower,0,30,11,0,41,0,2,1,0,3,0,32,12,0,44,0,0,0,44
05/11/2011,CWA,WI,AGL,CE,Federal Contract Tower,0,28,6,0,34,0,0,0,0,0,0,28,6,0,34,0,0,0,34
05/12/2011,CWA,WI,AGL,CE,Federal Contract Tower,0,27,7,0,34,0,2,2,0,4,0,29,9,0,38,0,0,0,38
05/13/2011,CWA,WI,AGL,CE,Federal Contract Tower,0,25,6,0,31,0,0,1,0,1,0,25,7,0,32,0,0,0,32
05/14/2011,CWA,WI,AGL,CE,Federal Contract Tower,2,15,2,0,19,0,3,0,0,3,2,18,2,0,22,0,0,0,22
05/15/2011,CWA,WI,AGL,CE,Federal Contract Tower,0,23,2,0,25,0,0,3,0,3,0,23,5,0,28,0,0,0,28
05/16/2011,CWA,WI,AGL,CE,Federal Contract Tower,0,28,5,0,33,0,0,3,0,3,0,28,8,0,36,0,0,0,36
05/17/2011,CWA,WI,AGL,CE,Federal Contract Tower,0,28,1,0,29,0,0,27,0,27,0,28,28,0,56,28,0,28,84
05/18/2011,CWA,WI,AGL,CE,Federal Contract Tower,2,30,6,0,38,0,0,4,0,4,2,30,10,0,42,12,0,12,54
05/19/2011,CWA,WI,AGL,CE,Federal Contract Tower,0,30,4,0,34,0,0,7,0,7,0,30,11,0,41,0,0,0,41
05/20/2011,CWA,WI,AGL,CE,Federal Contract Tower,0,30,5,0,35,0,0,12,0,12,0,30,17,0,47,2,0,2,49
05/21/2011,CWA,WI,AGL,CE,Federal Contract Tower,0,17,5,0,22,0,1,0,0,1,0,18,5,0,23,0,0,0,23
05/22/2011,CWA,WI,AGL,CE,Federal Contract Tower,2,23,3,0,28,0,0,6,0,6,2,23,9,0,34,0,0,0,34
05/23/2011,CWA,WI,AGL,CE,Federal Contract Tower,0,26,9,0,35,0,0,3,0,3,0,26,12,0,38,0,0,0,38
05/24/2011,CWA,WI,AGL,CE,Federal Contract Tower,0,30,8,0,38,0,4,7,0,11,0,34,15,0,49,4,0,4,53
05/25/2011,CWA,WI,AGL,CE,Federal Contract Tower,0,23,1,0,24,0,0,3,0,3,0,23,4,0,27,0,0,0,27
05/26/2011,CWA,WI,AGL,CE,Federal Contract Tower,2,28,11,0,41,0,0,20,0,20,2,28,31,0,61,0,0,0,61
05/27/2011,CWA,WI,AGL,CE,Federal Contract Tower,0,32,2,0,34,0,3,16,0,19,0,35,18,0,53,6,0,6,59
05/28/2011,CWA,WI,AGL,CE,Federal Contract Tower,2,16,0,0,18,0,0,1,0,1,2,16,1,0,19,0,0,0,19
05/29/2011,CWA,WI,AGL,CE,Federal Contract Tower,0,11,0,0,11,0,0,6,2,8,0,11,6,2,19,0,0,0,19
05/30/2011,CWA,WI,AGL,CE,Federal Contract Tower,0,24,4,0,28,0,1,0,2,3,0,25,4,2,31,0,0,0,31
05/31/2011,CWA,WI,AGL,CE,Federal Contract Tower,0,26,5,0,31,0,0,0,0,0,0,26,5,0,31,0,0,0,31
06/01/2011,CWA,WI,AGL,CE,Federal Contract Tower,0,30,11,0,41,0,0,7,0,7,0,30,18,0,48,0,0,0,48
06/02/2011,CWA,WI,AGL,CE,Federal Contract Tower,0,30,5,0,35,0,0,10,0,10,0,30,15,0,45,8,0,8,53
06/03/2011,CWA,WI,AGL,CE,Federal Contract Tower,0,32,2,0,34,0,0,12,0,12,0,32,14,0,46,0,0,0,46
06/04/2011,CWA,WI,AGL,CE,Federal Contract Tower,0,18,3,0,21,0,0,29,0,29,0,18,32,0,50,0,0,0,50
06/05/2011,CWA,WI,AGL,CE,Federal Contract Tower,0,24,5,1,30,0,0,22,3,25,0,24,27,4,55,8,10,18,73
06/06/2011,CWA,WI,AGL,CE,Federal Contract Tower,0,29,3,0,32,0,0,3,0,3,0,29,6,0,35,0,0,0,35
06/07/2011,CWA,WI,AGL,CE,Federal Contract Tower,0,26,0,0,26,0,2,3,0,5,0,28,3,0,31,0,0,0,31
06/08/2011,CWA,WI,AGL,CE,Federal Contract Tower,0,29,6,0,35,0,0,4,0,4,0,29,10,0,39,0,0,0,39
06/09/2011,CWA,WI,AGL,CE,Federal Contract Tower,1,24,5,0,30,0,2,10,2,14,1,26,15,2,44,8,0,8,52
06/10/2011,CWA,WI,AGL,CE,Federal Contract Tower,7,23,5,2,37,0,0,0,0,0,7,23,5,2,37,0,0,0,37
06/11/2011,CWA,WI,AGL,CE,Federal Contract Tower,3,14,2,0,19,0,0,14,0,14,3,14,16,0,33,18,0,18,51
06/12/2011,CWA,WI,AGL,CE,Federal Contract Tower,5,21,2,0,28,0,0,16,0,16,5,21,18,0,44,8,0,8,52
06/13/2011,CWA,WI,AGL,CE,Federal Contract Tower,5,23,4,0,32,0,0,33,0,33,5,23,37,0,65,4,0,4,69
06/14/2011,CWA,WI,AGL,CE,Federal Contract Tower,0,29,3,0,32,0,0,12,0,12,0,29,15,0,44,0,0,0,44
06/15/2011,CWA,WI,AGL,CE,Federal Contract Tower,0,27,5,0,32,0,0,0,0,0,0,27,5,0,32,0,0,0,32
06/16/2011,CWA,WI,AGL,CE,Federal Contract Tower,2,35,11,1,49,0,0,10,0,10,2,35,21,1,59,0,0,0,59
06/17/2011,CWA,WI,AGL,CE,Federal Contract Tower,7,26,2,0,35,0,1,20,0,21,7,27,22,0,56,0,0,0,56
06/18/2011,CWA,WI,AGL,CE,Federal Contract Tower,0,20,3,0,23,0,0,14,0,14,0,20,17,0,37,4,0,4,41
06/19/2011,CWA,WI,AGL,CE,Federal Contract Tower,0,27,11,0,38,0,0,0,0,0,0,27,11,0,38,0,0,0,38
06/20/2011,CWA,WI,AGL,CE,Federal Contract Tower,2,30,5,0,37,0,0,2,0,2,2,30,7,0,39,0,0,0,39
06/21/2011,CWA,WI,AGL,CE,Federal Contract Tower,0,26,1,0,27,0,0,0,0,0,0,26,1,0,27,0,0,0,27
06/22/2011,CWA,WI,AGL,CE,Federal Contract Tower,0,29,7,0,36,0,0,0,0,0,0,29,7,0,36,0,0,0,36
06/23/2011,CWA,WI,AGL,CE,Federal Contract Tower,0,33,8,0,41,0,0,0,0,0,0,33,8,0,41,0,0,0,41
06/24/2011,CWA,WI,AGL,CE,Federal Contract Tower,0,31,3,0,34,0,0,10,0,10,0,31,13,0,44,6,0,6,50
06/25/2011,CWA,WI,AGL,CE,Federal Contract Tower,0,19,0,0,19,0,0,27,0,27,0,19,27,0,46,36,0,36,82
06/26/2011,CWA,WI,AGL,CE,Federal Contract Tower,0,26,6,0,32,0,0,10,2,12,0,26,16,2,44,2,0,2,46
06/27/2011,CWA,WI,AGL,CE,Federal Contract Tower,0,31,2,0,33,0,0,6,0,6,0,31,8,0,39,0,0,0,39
06/28/2011,CWA,WI,AGL,CE,Federal Contract Tower,0,30,5,0,35,0,0,2,0,2,0,30,7,0,37,0,0,0,37
06/29/2011,CWA,WI,AGL,CE,Federal Contract Tower,0,30,2,0,32,0,0,17,0,17,0,30,19,0,49,10,0,10,59
06/30/2011,CWA,WI,AGL,CE,Federal Contract Tower,0,31,7,0,38,0,1,4,0,5,0,32,11,0,43,4,0,4,47
07/01/2011,CWA,WI,AGL,CE,Federal Contract Tower,0,26,2,0,28,0,0,5,0,5,0,26,7,0,33,0,0,0,33
07/02/2011,CWA,WI,AGL,CE,Federal Contract Tower,0,15,1,0,16,0,1,7,0,8,0,16,8,0,24,0,0,0,24
07/03/2011,CWA,WI,AGL,CE,Federal Contract Tower,0,23,3,0,26,0,0,25,0,25,0,23,28,0,51,36,0,36,87
07/04/2011,CWA,WI,AGL,CE,Federal Contract Tower,0,20,2,0,22,0,0,4,0,4,0,20,6,0,26,0,0,0,26
07/05/2011,CWA,WI,AGL,CE,Federal Contract Tower,0,32,1,0,33,0,0,6,0,6,0,32,7,0,39,14,0,14,53
07/06/2011,CWA,WI,AGL,CE,Federal Contract Tower,0,32,1,0,33,0,5,0,0,5,0,37,1,0,38,0,0,0,38
07/07/2011,CWA,WI,AGL,CE,Federal Contract Tower,0,33,4,0,37,0,32,12,0,44,0,65,16,0,81,0,0,0,81
07/08/2011,CWA,WI,AGL,CE,Federal Contract Tower,0,32,5,0,37,0,0,18,0,18,0,32,23,0,55,0,0,0,55
07/09/2011,CWA,WI,AGL,CE,Federal Contract Tower,0,19,0,0,19,0,0,19,0,19,0,19,19,0,38,28,0,28,66
07/10/2011,CWA,WI,AGL,CE,Federal Contract Tower,0,23,3,0,26,0,0,13,0,13,0,23,16,0,39,2,0,2,41
07/11/2011,CWA,WI,AGL,CE,Federal Contract Tower,0,26,4,2,32,0,0,2,1,3,0,26,6,3,35,2,0,2,37
07/12/2011,CWA,WI,AGL,CE,Federal Contract Tower,0,33,2,0,35,0,0,16,0,16,0,33,18,0,51,10,0,10,61
07/13/2011,CWA,WI,AGL,CE,Federal Contract Tower,0,32,6,0,38,0,4,13,0,17,0,36,19,0,55,40,0,40,95
07/14/2011,CWA,WI,AGL,CE,Federal Contract Tower,0,30,3,2,35,0,0,2,6,8,0,30,5,8,43,0,8,8,51
07/15/2011,CWA,WI,AGL,CE,Federal Contract Tower,0,32,1,0,33,0,0,4,0,4,0,32,5,0,37,0,0,0,37
07/16/2011,CWA,WI,AGL,CE,Federal Contract Tower,0,18,1,2,21,0,0,1,0,1,0,18,2,2,22,4,0,4,26
07/17/2011,CWA,WI,AGL,CE,Federal Contract Tower,2,25,1,0,28,0,0,0,0,0,2,25,1,0,28,0,0,0,28
07/18/2011,CWA,WI,AGL,CE,Federal Contract Tower,0,25,5,0,30,0,0,9,0,9,0,25,14,0,39,16,0,16,55
07/19/2011,CWA,WI,AGL,CE,Federal Contract Tower,0,29,0,0,29,0,0,7,0,7,0,29,7,0,36,6,0,6,42
07/20/2011,CWA,WI,AGL,CE,Federal Contract Tower,0,32,2,0,34,0,0,3,0,3,0,32,5,0,37,0,0,0,37
07/21/2011,CWA,WI,AGL,CE,Federal Contract Tower,2,31,4,0,37,0,0,14,0,14,2,31,18,0,51,24,0,24,75
07/22/2011,CWA,WI,AGL,CE,Federal Contract Tower,0,29,6,0,35,0,0,12,0,12,0,29,18,0,47,6,0,6,53
07/23/2011,CWA,WI,AGL,CE,Federal Contract Tower,0,14,3,0,17,0,0,2,0,2,0,14,5,0,19,10,0,10,29
07/24/2011,CWA,WI,AGL,CE,Federal Contract Tower,2,20,6,0,28,0,0,12,0,12,2,20,18,0,40,12,0,12,52
07/25/2011,CWA,WI,AGL,CE,Federal Contract Tower,0,28,2,0,30,0,0,19,0,19,0,28,21,0,49,6,0,6,55
07/26/2011,CWA,WI,AGL,CE,Federal Contract Tower,0,31,5,0,36,0,0,23,0,23,0,31,28,0,59,18,0,18,77
07/27/2011,CWA,WI,AGL,CE,Federal Contract Tower,2,28,12,0,42,0,0,1,0,1,2,28,13,0,43,6,0,6,49
07/28/2011,CWA,WI,AGL,CE,Federal Contract Tower,0,29,4,0,33,0,0,0,0,0,0,29,4,0,33,0,0,0,33
07/29/2011,CWA,WI,AGL,CE,Federal Contract Tower,0,30,3,0,33,0,0,13,0,13,0,30,16,0,46,4,0,4,50
07/30/2011,CWA,WI,AGL,CE,Federal Contract Tower,0,19,0,0,19,0,0,5,0,5,0,19,5,0,24,0,0,0,24
07/31/2011,CWA,WI,AGL,CE,Federal Contract Tower,0,25,1,0,26,0,0,5,0,5,0,25,6,0,31,0,0,0,31
08/01/2011,CWA,WI,AGL,CE,Federal Contract Tower,0,28,6,1,35,0,0,10,1,11,0,28,16,2,46,2,0,2,48
08/02/2011,CWA,WI,AGL,CE,Federal Contract Tower,0,32,4,0,36,0,0,1,0,1,0,32,5,0,37,6,0,6,43
08/03/2011,CWA,WI,AGL,CE,Federal Contract Tower,0,30,5,1,36,0,0,13,0,13,0,30,18,1,49,0,0,0,49
08/04/2011,CWA,WI,AGL,CE,Federal Contract Tower,0,30,5,0,35,0,0,12,0,12,0,30,17,0,47,4,0,4,51
08/05/2011,CWA,WI,AGL,CE,Federal Contract Tower,0,30,6,2,38,0,0,16,2,18,0,30,22,4,56,4,0,4,60
08/06/2011,CWA,WI,AGL,CE,Federal Contract Tower,0,19,4,0,23,0,0,5,0,5,0,19,9,0,28,6,0,6,34
08/07/2011,CWA,WI,AGL,CE,Federal Contract Tower,0,22,3,0,25,0,0,3,0,3,0,22,6,0,28,0,0,0,28
08/08/2011,CWA,WI,AGL,CE,Federal Contract Tower,0,28,3,0,31,0,0,5,0,5,0,28,8,0,36,4,0,4,40
08/09/2011,CWA,WI,AGL,CE,Federal Contract Tower,0,30,5,0,35,0,6,0,0,6,0,36,5,0,41,0,0,0,41
08/10/2011,CWA,WI,AGL,CE,Federal Contract Tower,0,31,4,0,35,0,0,14,0,14,0,31,18,0,49,8,0,8,57
08/11/2011,CWA,WI,AGL,CE,Federal Contract Tower,0,31,4,0,35,0,0,20,0,20,0,31,24,0,55,12,0,12,67
08/12/2011,CWA,WI,AGL,CE,Federal Contract Tower,0,30,1,0,31,0,0,5,0,5,0,30,6,0,36,4,0,4,40
08/13/2011,CWA,WI,AGL,CE,Federal Contract Tower,0,17,0,0,17,0,0,3,0,3,0,17,3,0,20,0,0,0,20
08/14/2011,CWA,WI,AGL,CE,Federal Contract Tower,0,25,2,0,27,0,0,4,0,4,0,25,6,0,31,0,0,0,31
08/15/2011,CWA,WI,AGL,CE,Federal Contract Tower,0,26,4,0,30,0,0,14,0,14,0,26,18,0,44,12,0,12,56
08/16/2011,CWA,WI,AGL,CE,Federal Contract Tower,0,27,4,0,31,0,0,10,0,10,0,27,14,0,41,0,0,0,41
08/17/2011,CWA,WI,AGL,CE,Federal Contract Tower,0,26,0,0,26,0,0,8,0,8,0,26,8,0,34,10,0,10,44
08/18/2011,CWA,WI,AGL,CE,Federal Contract Tower,0,32,7,0,39,0,0,20,0,20,0,32,27,0,59,2,0,2,61
08/19/2011,CWA,WI,AGL,CE,Federal Contract Tower,0,34,1,0,35,0,0,7,0,7,0,34,8,0,42,0,0,0,42
08/20/2011,CWA,WI,AGL,CE,Federal Contract Tower,0,16,1,0,17,0,0,23,0,23,0,16,24,0,40,14,0,14,54
08/21/2011,CWA,WI,AGL,CE,Federal Contract Tower,0,23,3,0,26,0,0,13,0,13,0,23,16,0,39,4,0,4,43
08/22/2011,CWA,WI,AGL,CE,Federal Contract Tower,0,31,2,0,33,0,0,23,0,23,0,31,25,0,56,2,0,2,58
08/23/2011,CWA,WI,AGL,CE,Federal Contract Tower,0,24,1,0,25,0,0,0,0,0,0,24,1,0,25,0,0,0,25
08/24/2011,CWA,WI,AGL,CE,Federal Contract Tower,1,26,5,0,32,0,0,2,0,2,1,26,7,0,34,0,0,0,34
08/25/2011,CWA,WI,AGL,CE,Federal Contract Tower,1,32,6,0,39,0,0,21,0,21,1,32,27,0,60,26,0,26,86
08/26/2011,CWA,WI,AGL,CE,Federal Contract Tower,0,30,6,0,36,0,0,17,0,17,0,30,23,0,53,0,0,0,53
08/27/2011,CWA,WI,AGL,CE,Federal Contract Tower,0,19,2,0,21,0,0,11,0,11,0,19,13,0,32,0,0,0,32
08/28/2011,CWA,WI,AGL,CE,Federal Contract Tower,0,0,23,2,25,0,0,12,0,12,0,0,35,2,37,16,0,16,53
08/29/2011,CWA,WI,AGL,CE,Federal Contract Tower,0,30,5,0,35,0,0,9,0,9,0,30,14,0,44,36,0,36,80
08/30/2011,CWA,WI,AGL,CE,Federal Contract Tower,1,28,10,0,39,0,0,8,0,8,1,28,18,0,47,6,0,6,53
08/31/2011,CWA,WI,AGL,CE,Federal Contract Tower,1,32,5,0,38,0,0,0,0,0,1,32,5,0,38,0,0,0,38
09/01/2011,CWA,WI,AGL,CE,Federal Contract Tower,0,31,7,0,38,0,0,0,0,0,0,31,7,0,38,0,0,0,38
09/02/2011,CWA,WI,AGL,CE,Federal Contract Tower,0,30,3,0,33,0,0,0,0,0,0,30,3,0,33,0,0,0,33
09/03/2011,CWA,WI,AGL,CE,Federal Contract Tower,0,19,0,0,19,0,0,0,0,0,0,19,0,0,19,0,0,0,19
09/04/2011,CWA,WI,AGL,CE,Federal Contract Tower,2,18,1,0,21,0,0,1,0,1,2,18,2,0,22,0,0,0,22
09/05/2011,CWA,WI,AGL,CE,Federal Contract Tower,0,23,2,0,25,0,0,18,0,18,0,23,20,0,43,8,0,8,51
09/06/2011,CWA,WI,AGL,CE,Federal Contract Tower,0,25,2,0,27,0,0,3,0,3,0,25,5,0,30,0,0,0,30
09/07/2011,CWA,WI,AGL,CE,Federal Contract Tower,0,31,0,0,31,0,2,17,0,19,0,33,17,0,50,16,0,16,66
09/08/2011,CWA,WI,AGL,CE,Federal Contract Tower,2,30,5,0,37,0,0,11,0,11,2,30,16,0,48,15,0,15,63
09/09/2011,CWA,WI,AGL,CE,Federal Contract Tower,0,30,4,0,34,0,0,11,0,11,0,30,15,0,45,16,0,16,61
09/10/2011,CWA,WI,AGL,CE,Federal Contract Tower,0,18,5,0,23,0,0,14,0,14,0,18,19,0,37,0,0,0,37
09/11/2011,CWA,WI,AGL,CE,Federal Contract Tower,2,21,4,0,27,0,0,10,0,10,2,21,14,0,37,0,0,0,37
09/12/2011,CWA,WI,AGL,CE,Federal Contract Tower,0,23,2,0,25,0,0,8,0,8,0,23,10,0,33,12,0,12,45
09/13/2011,CWA,WI,AGL,CE,Federal Contract Tower,0,28,4,0,32,0,0,23,0,23,0,28,27,0,55,0,0,0,55
09/14/2011,CWA,WI,AGL,CE,Federal Contract Tower,3,30,2,0,35,0,0,10,0,10,3,30,12,0,45,2,0,2,47
09/15/2011,CWA,WI,AGL,CE,Federal Contract Tower,1,28,4,0,33,0,0,6,0,6,1,28,10,0,39,6,0,6,45
09/16/2011,CWA,WI,AGL,CE,Federal Contract Tower,0,26,1,2,29,0,0,5,4,9,0,26,6,6,38,2,0,2,40
09/17/2011,CWA,WI,AGL,CE,Federal Contract Tower,0,19,0,0,19,0,0,9,0,9,0,19,9,0,28,2,0,2,30
09/18/2011,CWA,WI,AGL,CE,Federal Contract Tower,0,19,1,0,20,0,0,0,0,0,0,19,1,0,20,0,0,0,20
09/19/2011,CWA,WI,AGL,CE,Federal Contract Tower,6,27,5,0,38,0,0,4,0,4,6,27,9,0,42,4,0,4,46
09/20/2011,CWA,WI,AGL,CE,Federal Contract Tower,1,29,5,0,35,0,0,4,0,4,1,29,9,0,39,6,0,6,45
09/21/2011,CWA,WI,AGL,CE,Federal Contract Tower,0,27,15,2,44,0,0,3,0,3,0,27,18,2,47,0,2,2,49
09/22/2011,CWA,WI,AGL,CE,Federal Contract Tower,0,30,7,0,37,0,0,14,0,14,0,30,21,0,51,32,0,32,83
09/23/2011,CWA,WI,AGL,CE,Federal Contract Tower,0,29,2,0,31,0,0,1,0,1,0,29,3,0,32,0,0,0,32
09/24/2011,CWA,WI,AGL,CE,Federal Contract Tower,0,19,0,0,19,0,0,7,0,7,0,19,7,0,26,14,0,14,40
09/25/2011,CWA,WI,AGL,CE,Federal Contract Tower,0,21,2,0,23,0,0,0,0,0,0,21,2,0,23,0,0,0,23
09/26/2011,CWA,WI,AGL,CE,Federal Contract Tower,0,28,4,0,32,0,0,0,0,0,0,28,4,0,32,0,0,0,32
09/27/2011,CWA,WI,AGL,CE,Federal Contract Tower,1,38,2,0,41,0,0,1,0,1,1,38,3,0,42,0,0,0,42
09/28/2011,CWA,WI,AGL,CE,Federal Contract Tower,0,30,8,0,38,0,1,4,0,5,0,31,12,0,43,2,0,2,45
09/29/2011,CWA,WI,AGL,CE,Federal Contract Tower,0,27,7,0,34,0,0,0,0,0,0,27,7,0,34,0,0,0,34
09/30/2011,CWA,WI,AGL,CE,Federal Contract Tower,0,26,5,0,31,0,0,0,0,0,0,26,5,0,31,0,0,0,31
10/01/2011,CWA,WI,AGL,CE,Federal Contract Tower,0,18,0,0,18,0,0,15,0,15,0,18,15,0,33,16,0,16,49
10/02/2011,CWA,WI,AGL,CE,Federal Contract Tower,0,19,5,0,24,0,0,16,0,16,0,19,21,0,40,14,0,14,54
10/03/2011,CWA,WI,AGL,CE,Federal Contract Tower,0,27,1,0,28,0,0,6,0,6,0,27,7,0,34,2,0,2,36
10/04/2011,CWA,WI,AGL,CE,Federal Contract Tower,1,29,1,0,31,0,2,6,0,8,1,31,7,0,39,0,0,0,39
10/05/2011,CWA,WI,AGL,CE,Federal Contract Tower,0,30,2,0,32,0,19,13,0,32,0,49,15,0,64,4,0,4,68
10/06/2011,CWA,WI,AGL,CE,Federal Contract Tower,0,31,1,0,32,0,0,9,0,9,0,31,10,0,41,0,0,0,41
10/07/2011,CWA,WI,AGL,CE,Federal Contract Tower,0,32,9,0,41,0,0,2,0,2,0,32,11,0,43,0,0,0,43
10/08/2011,CWA,WI,AGL,CE,Federal Contract Tower,0,18,2,0,20,0,0,9,0,9,0,18,11,0,29,18,0,18,47
10/09/2011,CWA,WI,AGL,CE,Federal Contract Tower,2,22,3,0,27,0,0,7,2,9,2,22,10,2,36,18,2,20,56
10/10/2011,CWA,WI,AGL,CE,Federal Contract Tower,0,25,3,0,28,0,0,9,0,9,0,25,12,0,37,10,0,10,47
10/11/2011,CWA,WI,AGL,CE,Federal Contract Tower,0,25,1,0,26,0,0,2,0,2,0,25,3,0,28,0,0,0,28
10/12/2011,CWA,WI,AGL,CE,Federal Contract Tower,3,22,3,0,28,0,0,4,0,4,3,22,7,0,32,10,0,10,42
10/13/2011,CWA,WI,AGL,CE,Federal Contract Tower,2,26,10,0,38,0,0,0,0,0,2,26,10,0,38,0,0,0,38
10/14/2011,CWA,WI,AGL,CE,Federal Contract Tower,0,27,6,0,33,0,0,0,0,0,0,27,6,0,33,0,0,0,33
10/15/2011,CWA,WI,AGL,CE,Federal Contract Tower,0,18,0,0,18,0,0,0,0,0,0,18,0,0,18,0,0,0,18
10/16/2011,CWA,WI,AGL,CE,Federal Contract Tower,2,24,1,0,27,0,0,3,0,3,2,24,4,0,30,4,0,4,34
10/17/2011,CWA,WI,AGL,CE,Federal Contract Tower,3,27,2,0,32,0,0,0,0,0,3,27,2,0,32,0,0,0,32
10/18/2011,CWA,WI,AGL,CE,Federal Contract Tower,0,29,6,0,35,0,0,10,0,10,0,29,16,0,45,24,0,24,69
10/19/2011,CWA,WI,AGL,CE,Federal Contract Tower,0,27,7,0,34,0,0,1,0,1,0,27,8,0,35,0,0,0,35
10/20/2011,CWA,WI,AGL,CE,Federal Contract Tower,0,29,9,0,38,0,0,3,0,3,0,29,12,0,41,10,0,10,51
10/21/2011,CWA,WI,AGL,CE,Federal Contract Tower,0,28,5,0,33,0,0,10,0,10,0,28,15,0,43,2,0,2,45
10/22/2011,CWA,WI,AGL,CE,Federal Contract Tower,0,18,2,0,20,0,0,19,0,19,0,18,21,0,39,2,0,2,41
10/23/2011,CWA,WI,AGL,CE,Federal Contract Tower,0,23,1,0,24,0,0,4,0,4,0,23,5,0,28,0,0,0,28
10/24/2011,CWA,WI,AGL,CE,Federal Contract Tower,0,27,5,0,32,0,0,3,0,3,0,27,8,0,35,14,0,14,49
10/25/2011,CWA,WI,AGL,CE,Federal Contract Tower,0,28,2,2,32,0,0,0,0,0,0,28,2,2,32,0,0,0,32
10/26/2011,CWA,WI,AGL,CE,Federal Contract Tower,1,36,7,4,48,0,0,10,0,10,1,36,17,4,58,2,0,2,60
10/27/2011,CWA,WI,AGL,CE,Federal Contract Tower,2,30,7,0,39,0,0,3,0,3,2,30,10,0,42,0,0,0,42
10/28/2011,CWA,WI,AGL,CE,Federal Contract Tower,1,26,4,0,31,0,2,2,0,4,1,28,6,0,35,0,0,0,35
10/29/2011,CWA,WI,AGL,CE,Federal Contract Tower,0,19,4,0,23,0,0,14,0,14,0,19,18,0,37,8,0,8,45
10/30/2011,CWA,WI,AGL,CE,Federal Contract Tower,2,20,1,0,23,0,0,1,0,1,2,20,2,0,24,0,0,0,24
10/31/2011,CWA,WI,AGL,CE,Federal Contract Tower,0,31,0,0,31,0,0,1,0,1,0,31,1,0,32,0,0,0,32
11/01/2011,CWA,WI,AGL,CE,Federal Contract Tower,0,26,6,0,32,0,0,9,0,9,0,26,15,0,41,0,0,0,41
11/02/2011,CWA,WI,AGL,CE,Federal Contract Tower,0,28,3,0,31,0,0,0,0,0,0,28,3,0,31,0,0,0,31
11/03/2011,CWA,WI,AGL,CE,Federal Contract Tower,0,29,10,0,39,0,0,12,2,14,0,29,22,2,53,14,0,14,67
11/04/2011,CWA,WI,AGL,CE,Federal Contract Tower,2,31,4,0,37,0,0,5,0,5,2,31,9,0,42,2,0,2,44
11/05/2011,CWA,WI,AGL,CE,Federal Contract Tower,2,19,0,0,21,0,0,11,0,11,2,19,11,0,32,10,0,10,42
11/06/2011,CWA,WI,AGL,CE,Federal Contract Tower,0,21,4,0,25,0,0,3,0,3,0,21,7,0,28,0,0,0,28
11/07/2011,CWA,WI,AGL,CE,Federal Contract Tower,0,27,2,0,29,0,0,3,0,3,0,27,5,0,32,0,0,0,32
11/08/2011,CWA,WI,AGL,CE,Federal Contract Tower,2,30,6,0,38,0,0,2,0,2,2,30,8,0,40,0,0,0,40
11/09/2011,CWA,WI,AGL,CE,Federal Contract Tower,3,26,7,0,36,0,0,0,0,0,3,26,7,0,36,0,0,0,36
11/10/2011,CWA,WI,AGL,CE,Federal Contract Tower,0,32,10,0,42,0,0,0,0,0,0,32,10,0,42,0,0,0,42
11/11/2011,CWA,WI,AGL,CE,Federal Contract Tower,0,29,5,0,34,0,0,4,0,4,0,29,9,0,38,4,2,6,44
11/12/2011,CWA,WI,AGL,CE,Federal Contract Tower,4,16,0,0,20,0,0,12,0,12,4,16,12,0,32,26,0,26,58
11/13/2011,CWA,WI,AGL,CE,Federal Contract Tower,0,20,2,0,22,0,0,1,0,1,0,20,3,0,23,0,0,0,23
11/14/2011,CWA,WI,AGL,CE,Federal Contract Tower,0,24,5,0,29,0,0,3,0,3,0,24,8,0,32,0,0,0,32
11/15/2011,CWA,WI,AGL,CE,Federal Contract Tower,0,31,9,0,40,0,10,1,0,11,0,41,10,0,51,0,0,0,51
11/16/2011,CWA,WI,AGL,CE,Federal Contract Tower,0,29,7,0,36,0,0,1,0,1,0,29,8,0,37,0,0,0,37
11/17/2011,CWA,WI,AGL,CE,Federal Contract Tower,0,28,1,0,29,0,0,11,0,11,0,28,12,0,40,2,0,2,42
11/18/2011,CWA,WI,AGL,CE,Federal Contract Tower,0,28,2,0,30,0,0,3,0,3,0,28,5,0,33,0,0,0,33
11/19/2011,CWA,WI,AGL,CE,Federal Contract Tower,0,15,3,0,18,0,1,4,0,5,0,16,7,0,23,0,0,0,23
11/20/2011,CWA,WI,AGL,CE,Federal Contract Tower,0,20,7,0,27,0,0,4,0,4,0,20,11,0,31,0,0,0,31
11/21/2011,CWA,WI,AGL,CE,Federal Contract Tower,0,24,3,0,27,0,0,6,0,6,0,24,9,0,33,8,0,8,41
11/22/2011,CWA,WI,AGL,CE,Federal Contract Tower,0,29,5,0,34,0,0,2,0,2,0,29,7,0,36,0,0,0,36
11/23/2011,CWA,WI,AGL,CE,Federal Contract Tower,0,31,6,0,37,0,0,0,0,0,0,31,6,0,37,0,0,0,37
11/24/2011,CWA,WI,AGL,CE,Federal Contract Tower,0,14,0,0,14,0,0,2,0,2,0,14,2,0,16,0,0,0,16
11/25/2011,CWA,WI,AGL,CE,Federal Contract Tower,0,23,2,0,25,0,0,8,0,8,0,23,10,0,33,0,2,2,35
11/26/2011,CWA,WI,AGL,CE,Federal Contract Tower,0,21,1,0,22,0,0,0,0,0,0,21,1,0,22,0,0,0,22
11/27/2011,CWA,WI,AGL,CE,Federal Contract Tower,0,22,3,0,25,0,0,1,0,1,0,22,4,0,26,0,0,0,26
11/28/2011,CWA,WI,AGL,CE,Federal Contract Tower,0,30,6,0,36,0,0,2,2,4,0,30,8,2,40,0,0,0,40
11/29/2011,CWA,WI,AGL,CE,Federal Contract Tower,0,28,1,0,29,0,0,5,0,5,0,28,6,0,34,18,0,18,52
11/30/2011,CWA,WI,AGL,CE,Federal Contract Tower,2,30,4,0,36,0,1,12,0,13,2,31,16,0,49,0,0,0,49
12/01/2011,CWA,WI,AGL,CE,Federal Contract Tower,0,33,2,0,35,0,0,0,0,0,0,33,2,0,35,0,0,0,35
12/02/2011,CWA,WI,AGL,CE,Federal Contract Tower,0,30,3,0,33,0,0,9,0,9,0,30,12,0,42,0,10,10,52
12/03/2011,CWA,WI,AGL,CE,Federal Contract Tower,0,12,0,0,12,0,0,0,0,0,0,12,0,0,12,0,0,0,12
12/04/2011,CWA,WI,AGL,CE,Federal Contract Tower,2,19,2,0,23,0,0,0,0,0,2,19,2,0,23,0,0,0,23
12/05/2011,CWA,WI,AGL,CE,Federal Contract Tower,0,26,7,0,33,0,1,4,0,5,0,27,11,0,38,4,0,4,42
12/06/2011,CWA,WI,AGL,CE,Federal Contract Tower,0,28,3,0,31,0,1,4,0,5,0,29,7,0,36,8,0,8,44
12/07/2011,CWA,WI,AGL,CE,Federal Contract Tower,0,28,5,0,33,0,0,0,0,0,0,28,5,0,33,0,0,0,33
12/08/2011,CWA,WI,AGL,CE,Federal Contract Tower,0,29,4,0,33,0,1,1,0,2,0,30,5,0,35,0,0,0,35
12/09/2011,CWA,WI,AGL,CE,Federal Contract Tower,0,32,3,0,35,0,0,5,0,5,0,32,8,0,40,0,0,0,40
12/10/2011,CWA,WI,AGL,CE,Federal Contract Tower,0,15,1,0,16,0,0,0,0,0,0,15,1,0,16,0,2,2,18
12/11/2011,CWA,WI,AGL,CE,Federal Contract Tower,0,19,2,0,21,0,0,3,0,3,0,19,5,0,24,0,0,0,24
12/12/2011,CWA,WI,AGL,CE,Federal Contract Tower,0,31,3,0,34,0,0,0,0,0,0,31,3,0,34,0,0,0,34
12/13/2011,CWA,WI,AGL,CE,Federal Contract Tower,0,27,5,0,32,0,0,0,0,0,0,27,5,0,32,0,0,0,32
12/14/2011,CWA,WI,AGL,CE,Federal Contract Tower,0,20,5,0,25,0,0,0,0,0,0,20,5,0,25,0,0,0,25
12/15/2011,CWA,WI,AGL,CE,Federal Contract Tower,0,30,7,0,37,0,0,0,0,0,0,30,7,0,37,0,0,0,37
12/16/2011,CWA,WI,AGL,CE,Federal Contract Tower,0,31,2,0,33,0,0,2,0,2,0,31,4,0,35,0,0,0,35
12/17/2011,CWA,WI,AGL,CE,Federal Contract Tower,0,18,4,0,22,0,0,2,0,2,0,18,6,0,24,0,0,0,24
12/18/2011,CWA,WI,AGL,CE,Federal Contract Tower,0,19,0,0,19,0,0,9,0,9,0,19,9,0,28,6,0,6,34
12/19/2011,CWA,WI,AGL,CE,Federal Contract Tower,0,25,0,0,25,0,0,2,0,2,0,25,2,0,27,20,0,20,47
12/20/2011,CWA,WI,AGL,CE,Federal Contract Tower,0,27,5,0,32,0,0,5,0,5,0,27,10,0,37,4,0,4,41
12/21/2011,CWA,WI,AGL,CE,Federal Contract Tower,0,26,6,0,32,0,0,2,0,2,0,26,8,0,34,0,0,0,34
12/22/2011,CWA,WI,AGL,CE,Federal Contract Tower,0,29,7,0,36,0,0,5,0,5,0,29,12,0,41,0,0,0,41
12/23/2011,CWA,WI,AGL,CE,Federal Contract Tower,1,32,0,0,33,0,0,4,0,4,1,32,4,0,37,0,0,0,37
12/24/2011,CWA,WI,AGL,CE,Federal Contract Tower,0,22,2,0,24,0,0,10,0,10,0,22,12,0,34,0,0,0,34
12/25/2011,CWA,WI,AGL,CE,Federal Contract Tower,0,13,2,0,15,0,0,5,0,5,0,13,7,0,20,0,0,0,20
12/26/2011,CWA,WI,AGL,CE,Federal Contract Tower,0,20,3,0,23,0,0,3,0,3,0,20,6,0,26,0,0,0,26
12/27/2011,CWA,WI,AGL,CE,Federal Contract Tower,0,24,1,0,25,0,0,0,2,2,0,24,1,2,27,0,0,0,27
12/28/2011,CWA,WI,AGL,CE,Federal Contract Tower,0,25,1,0,26,0,0,10,0,10,0,25,11,0,36,20,0,20,56
12/29/2011,CWA,WI,AGL,CE,Federal Contract Tower,0,32,3,0,35,0,0,0,0,0,0,32,3,0,35,0,0,0,35
12/30/2011,CWA,WI,AGL,CE,Federal Contract Tower,2,28,2,0,32,0,0,3,0,3,2,28,5,0,35,0,0,0,35
12/31/2011,CWA,WI,AGL,CE,Federal Contract Tower,0,16,0,0,16,0,0,8,0,8,0,16,8,0,24,0,0,0,24
01/01/2012,CWA,WI,AGL,CE,Federal Contract Tower,0,19,0,0,19,0,0,0,0,0,0,19,0,0,19,0,0,0,19
01/02/2012,CWA,WI,AGL,CE,Federal Contract Tower,2,20,0,0,22,0,0,0,0,0,2,20,0,0,22,0,0,0,22
01/03/2012,CWA,WI,AGL,CE,Federal Contract Tower,0,29,3,0,32,0,0,0,0,0,0,29,3,0,32,0,0,0,32
01/04/2012,CWA,WI,AGL,CE,Federal Contract Tower,0,31,2,0,33,0,0,7,0,7,0,31,9,0,40,20,0,20,60
01/05/2012,CWA,WI,AGL,CE,Federal Contract Tower,0,32,0,2,34,0,0,10,2,12,0,32,10,4,46,4,2,6,52
01/06/2012,CWA,WI,AGL,CE,Federal Contract Tower,0,28,8,0,36,0,2,4,0,6,0,30,12,0,42,14,0,14,56
01/07/2012,CWA,WI,AGL,CE,Federal Contract Tower,0,19,1,0,20,0,0,4,0,4,0,19,5,0,24,6,0,6,30
01/08/2012,CWA,WI,AGL,CE,Federal Contract Tower,0,21,4,0,25,0,0,31,0,31,0,21,35,0,56,26,0,26,82
01/09/2012,CWA,WI,AGL,CE,Federal Contract Tower,0,30,0,0,30,0,0,1,0,1,0,30,1,0,31,0,0,0,31
01/10/2012,CWA,WI,AGL,CE,Federal Contract Tower,0,27,3,0,30,0,0,8,0,8,0,27,11,0,38,16,0,16,54
01/11/2012,CWA,WI,AGL,CE,Federal Contract Tower,0,26,1,0,27,0,0,8,0,8,0,26,9,0,35,18,0,18,53
01/12/2012,CWA,WI,AGL,CE,Federal Contract Tower,0,28,2,0,30,0,0,0,0,0,0,28,2,0,30,0,0,0,30
01/13/2012,CWA,WI,AGL,CE,Federal Contract Tower,0,28,3,0,31,0,0,6,0,6,0,28,9,0,37,6,0,6,43
01/14/2012,CWA,WI,AGL,CE,Federal Contract Tower,0,16,0,0,16,0,1,0,0,1,0,17,0,0,17,0,0,0,17
01/15/2012,CWA,WI,AGL,CE,Federal Contract Tower,0,20,1,0,21,0,0,7,0,7,0,20,8,0,28,0,0,0,28
01/16/2012,CWA,WI,AGL,CE,Federal Contract Tower,0,25,6,0,31,0,2,2,0,4,0,27,8,0,35,2,0,2,37
01/17/2012,CWA,WI,AGL,CE,Federal Contract Tower,0,25,4,0,29,0,1,2,0,3,0,26,6,0,32,4,0,4,36
01/18/2012,CWA,WI,AGL,CE,Federal Contract Tower,0,26,4,0,30,0,1,2,0,3,0,27,6,0,33,0,0,0,33
01/19/2012,CWA,WI,AGL,CE,Federal Contract Tower,1,29,4,0,34,0,0,0,0,0,1,29,4,0,34,0,0,0,34
01/20/2012,CWA,WI,AGL,CE,Federal Contract Tower,0,23,5,0,28,0,0,0,0,0,0,23,5,0,28,0,0,0,28
01/21/2012,CWA,WI,AGL,CE,Federal Contract Tower,1,16,2,0,19,0,0,10,0,10,1,16,12,0,29,22,0,22,51
01/22/2012,CWA,WI,AGL,CE,Federal Contract Tower,0,16,0,0,16,0,0,0,0,0,0,16,0,0,16,0,0,0,16
01/23/2012,CWA,WI,AGL,CE,Federal Contract Tower,0,26,2,0,28,0,0,0,0,0,0,26,2,0,28,0,0,0,28
01/24/2012,CWA,WI,AGL,CE,Federal Contract Tower,2,26,3,0,31,0,0,2,0,2,2,26,5,0,33,0,0,0,33
01/25/2012,CWA,WI,AGL,CE,Federal Contract Tower,0,26,0,0,26,0,0,4,0,4,0,26,4,0,30,0,0,0,30
01/26/2012,CWA,WI,AGL,CE,Federal Contract Tower,0,26,11,0,37,0,0,0,0,0,0,26,11,0,37,0,0,0,37
01/27/2012,CWA,WI,AGL,CE,Federal Contract Tower,0,24,5,0,29,0,1,3,0,4,0,25,8,0,33,2,0,2,35
01/28/2012,CWA,WI,AGL,CE,Federal Contract Tower,4,16,0,0,20,0,0,2,0,2,4,16,2,0,22,0,0,0,22
01/29/2012,CWA,WI,AGL,CE,Federal Contract Tower,0,21,2,0,23,0,0,8,0,8,0,21,10,0,31,8,0,8,39
01/30/2012,CWA,WI,AGL,CE,Federal Contract Tower,0,25,3,0,28,0,0,2,0,2,0,25,5,0,30,6,0,6,36
01/31/2012,CWA,WI,AGL,CE,Federal Contract Tower,0,28,0,0,28,0,0,21,0,21,0,28,21,0,49,12,0,12,61
02/01/2012,CWA,WI,AGL,CE,Federal Contract Tower,0,26,6,0,32,0,0,0,0,0,0,26,6,0,32,0,0,0,32
02/02/2012,CWA,WI,AGL,CE,Federal Contract Tower,0,28,3,0,31,0,0,0,0,0,0,28,3,0,31,0,0,0,31
02/03/2012,CWA,WI,AGL,CE,Federal Contract Tower,0,29,7,0,36,0,0,1,0,1,0,29,8,0,37,0,0,0,37
02/04/2012,CWA,WI,AGL,CE,Federal Contract Tower,0,16,2,0,18,0,0,19,0,19,0,16,21,0,37,0,6,6,43
02/05/2012,CWA,WI,AGL,CE,Federal Contract Tower,0,21,4,0,25,0,0,18,0,18,0,21,22,0,43,14,0,14,57
02/06/2012,CWA,WI,AGL,CE,Federal Contract Tower,0,27,5,0,32,0,0,1,0,1,0,27,6,0,33,0,0,0,33
02/07/2012,CWA,WI,AGL,CE,Federal Contract Tower,0,26,3,0,29,0,0,10,0,10,0,26,13,0,39,4,0,4,43
02/08/2012,CWA,WI,AGL,CE,Federal Contract Tower,0,26,5,0,31,0,0,17,0,17,0,26,22,0,48,4,0,4,52
02/09/2012,CWA,WI,AGL,CE,Federal Contract Tower,0,28,5,0,33,0,0,9,0,9,0,28,14,0,42,4,0,4,46
02/10/2012,CWA,WI,AGL,CE,Federal Contract Tower,0,24,8,0,32,0,0,5,0,5,0,24,13,0,37,0,0,0,37
02/11/2012,CWA,WI,AGL,CE,Federal Contract Tower,0,18,1,0,19,0,0,5,0,5,0,18,6,0,24,0,0,0,24
02/12/2012,CWA,WI,AGL,CE,Federal Contract Tower,0,23,3,0,26,0,0,9,0,9,0,23,12,0,35,0,0,0,35
02/13/2012,CWA,WI,AGL,CE,Federal Contract Tower,0,29,12,0,41,0,0,4,0,4,0,29,16,0,45,0,0,0,45
02/14/2012,CWA,WI,AGL,CE,Federal Contract Tower,0,29,1,0,30,0,0,2,0,2,0,29,3,0,32,0,0,0,32
02/15/2012,CWA,WI,AGL,CE,Federal Contract Tower,0,30,5,2,37,0,0,0,0,0,0,30,5,2,37,0,0,0,37
02/16/2012,CWA,WI,AGL,CE,Federal Contract Tower,1,29,13,0,43,0,2,5,0,7,1,31,18,0,50,12,0,12,62
02/17/2012,CWA,WI,AGL,CE,Federal Contract Tower,3,28,8,0,39,0,0,3,0,3,3,28,11,0,42,2,0,2,44
02/18/2012,CWA,WI,AGL,CE,Federal Contract Tower,0,15,2,0,17,0,0,8,0,8,0,15,10,0,25,0,0,0,25
02/19/2012,CWA,WI,AGL,CE,Federal Contract Tower,0,19,2,0,21,0,0,25,0,25,0,19,27,0,46,8,0,8,54
02/20/2012,CWA,WI,AGL,CE,Federal Contract Tower,0,26,3,0,29,0,0,7,0,7,0,26,10,0,36,6,0,6,42
02/21/2012,CWA,WI,AGL,CE,Federal Contract Tower,0,26,0,0,26,0,0,2,0,2,0,26,2,0,28,0,0,0,28
02/22/2012,CWA,WI,AGL,CE,Federal Contract Tower,2,24,7,0,33,0,2,3,0,5,2,26,10,0,38,0,0,0,38
02/23/2012,CWA,WI,AGL,CE,Federal Contract Tower,0,26,5,0,31,0,0,8,0,8,0,26,13,0,39,0,0,0,39
02/24/2012,CWA,WI,AGL,CE,Federal Contract Tower,2,30,4,0,36,0,0,0,0,0,2,30,4,0,36,0,0,0,36
02/25/2012,CWA,WI,AGL,CE,Federal Contract Tower,3,15,2,0,20,0,0,10,2,12,3,15,12,2,32,2,0,2,34
02/26/2012,CWA,WI,AGL,CE,Federal Contract Tower,0,22,1,0,23,0,0,0,0,0,0,22,1,0,23,0,0,0,23
02/27/2012,CWA,WI,AGL,CE,Federal Contract Tower,2,25,5,0,32,0,0,2,0,2,2,25,7,0,34,0,0,0,34
02/28/2012,CWA,WI,AGL,CE,Federal Contract Tower,2,24,4,0,30,0,0,2,0,2,2,24,6,0,32,0,0,0,32
02/29/2012,CWA,WI,AGL,CE,Federal Contract Tower,3,32,2,0,37,0,0,0,0,0,3,32,2,0,37,0,0,0,37
03/01/2012,CWA,WI,AGL,CE,Federal Contract Tower,2,28,8,0,38,0,0,0,0,0,2,28,8,0,38,0,0,0,38
03/02/2012,CWA,WI,AGL,CE,Federal Contract Tower,0,26,3,0,29,0,0,0,0,0,0,26,3,0,29,0,0,0,29
03/03/2012,CWA,WI,AGL,CE,Federal Contract Tower,1,15,0,0,16,0,0,0,0,0,1,15,0,0,16,0,0,0,16
03/04/2012,CWA,WI,AGL,CE,Federal Contract Tower,0,22,2,0,24,0,0,0,0,0,0,22,2,0,24,0,0,0,24
03/05/2012,CWA,WI,AGL,CE,Federal Contract Tower,0,26,9,0,35,0,0,11,0,11,0,26,20,0,46,16,0,16,62
03/06/2012,CWA,WI,AGL,CE,Federal Contract Tower,0,28,3,0,31,0,0,9,0,9,0,28,12,0,40,6,0,6,46
03/07/2012,CWA,WI,AGL,CE,Federal Contract Tower,0,27,1,0,28,0,0,2,0,2,0,27,3,0,30,0,0,0,30
03/08/2012,CWA,WI,AGL,CE,Federal Contract Tower,2,30,2,0,34,0,0,2,0,2,2,30,4,0,36,0,0,0,36
03/09/2012,CWA,WI,AGL,CE,Federal Contract Tower,0,28,2,0,30,0,0,16,0,16,0,28,18,0,46,2,4,6,52
03/10/2012,CWA,WI,AGL,CE,Federal Contract Tower,0,15,1,0,16,0,0,1,0,1,0,15,2,0,17,0,0,0,17
03/11/2012,CWA,WI,AGL,CE,Federal Contract Tower,2,23,1,0,26,0,0,24,2,26,2,23,25,2,52,18,14,32,84
03/12/2012,CWA,WI,AGL,CE,Federal Contract Tower,0,23,6,0,29,0,0,2,0,2,0,23,8,0,31,2,0,2,33
03/13/2012,CWA,WI,AGL,CE,Federal Contract Tower,0,26,4,0,30,0,0,3,2,5,0,26,7,2,35,0,0,0,35
03/14/2012,CWA,WI,AGL,CE,Federal Contract Tower,0,28,4,2,34,0,0,3,4,7,0,28,7,6,41,14,8,22,63
03/15/2012,CWA,WI,AGL,CE,Federal Contract Tower,2,27,3,0,32,0,1,11,0,12,2,28,14,0,44,0,0,0,44
03/16/2012,CWA,WI,AGL,CE,Federal Contract Tower,0,27,4,0,31,0,0,5,0,5,0,27,9,0,36,2,0,2,38
03/17/2012,CWA,WI,AGL,CE,Federal Contract Tower,0,15,3,0,18,0,0,4,0,4,0,15,7,0,22,0,0,0,22
03/18/2012,CWA,WI,AGL,CE,Federal Contract Tower,0,23,2,0,25,0,0,4,0,4,0,23,6,0,29,6,0,6,35
03/19/2012,CWA,WI,AGL,CE,Federal Contract Tower,2,30,2,0,34,0,0,8,0,8,2,30,10,0,42,0,0,0,42
03/20/2012,CWA,WI,AGL,CE,Federal Contract Tower,0,30,6,0,36,0,0,4,0,4,0,30,10,0,40,0,0,0,40
03/21/2012,CWA,WI,AGL,CE,Federal Contract Tower,0,30,0,5,35,0,0,8,0,8,0,30,8,5,43,0,0,0,43
03/22/2012,CWA,WI,AGL,CE,Federal Contract Tower,0,26,10,0,36,0,0,3,0,3,0,26,13,0,39,0,0,0,39
03/23/2012,CWA,WI,AGL,CE,Federal Contract Tower,0,29,6,0,35,0,0,0,0,0,0,29,6,0,35,0,0,0,35
03/24/2012,CWA,WI,AGL,CE,Federal Contract Tower,0,16,2,0,18,0,0,2,0,2,0,16,4,0,20,0,0,0,20
03/25/2012,CWA,WI,AGL,CE,Federal Contract Tower,0,22,1,0,23,0,0,17,0,17,0,22,18,0,40,12,0,12,52
03/26/2012,CWA,WI,AGL,CE,Federal Contract Tower,0,28,1,0,29,0,0,3,0,3,0,28,4,0,32,0,0,0,32
03/27/2012,CWA,WI,AGL,CE,Federal Contract Tower,0,30,4,4,38,0,0,5,0,5,0,30,9,4,43,0,6,6,49
03/28/2012,CWA,WI,AGL,CE,Federal Contract Tower,2,26,6,0,34,0,0,1,0,1,2,26,7,0,35,0,0,0,35
03/29/2012,CWA,WI,AGL,CE,Federal Contract Tower,2,29,2,2,35,0,0,5,0,5,2,29,7,2,40,6,10,16,56
03/30/2012,CWA,WI,AGL,CE,Federal Contract Tower,0,28,3,0,31,0,0,0,0,0,0,28,3,0,31,0,0,0,31
03/31/2012,CWA,WI,AGL,CE,Federal Contract Tower,2,17,0,0,19,0,0,0,0,0,2,17,0,0,19,0,0,0,19
04/01/2012,CWA,WI,AGL,CE,Federal Contract Tower,0,22,2,0,24,0,0,18,0,18,0,22,20,0,42,40,0,40,82
04/02/2012,CWA,WI,AGL,CE,Federal Contract Tower,0,24,5,0,29,0,2,3,0,5,0,26,8,0,34,2,0,2,36
04/03/2012,CWA,WI,AGL,CE,Federal Contract Tower,1,31,5,0,37,0,0,12,0,12,1,31,17,0,49,18,0,18,67
04/04/2012,CWA,WI,AGL,CE,Federal Contract Tower,2,30,1,0,33,0,0,14,0,14,2,30,15,0,47,18,0,18,65
04/05/2012,CWA,WI,AGL,CE,Federal Contract Tower,2,30,9,0,41,0,0,18,0,18,2,30,27,0,59,14,0,14,73
04/06/2012,CWA,WI,AGL,CE,Federal Contract Tower,0,29,6,0,35,0,0,6,0,6,0,29,12,0,41,0,0,0,41
04/07/2012,CWA,WI,AGL,CE,Federal Contract Tower,2,17,0,0,19,0,0,5,0,5,2,17,5,0,24,0,0,0,24
04/08/2012,CWA,WI,AGL,CE,Federal Contract Tower,0,22,2,0,24,0,0,10,0,10,0,22,12,0,34,11,2,13,47
04/09/2012,CWA,WI,AGL,CE,Federal Contract Tower,0,27,5,0,32,0,0,8,0,8,0,27,13,0,40,0,0,0,40
04/10/2012,CWA,WI,AGL,CE,Federal Contract Tower,0,27,9,0,36,0,0,2,0,2,0,27,11,0,38,0,0,0,38
04/11/2012,CWA,WI,AGL,CE,Federal Contract Tower,0,28,10,0,38,0,1,17,0,18,0,29,27,0,56,2,0,2,58
04/12/2012,CWA,WI,AGL,CE,Federal Contract Tower,0,30,5,2,37,0,0,18,0,18,0,30,23,2,55,12,18,30,85
04/13/2012,CWA,WI,AGL,CE,Federal Contract Tower,0,34,4,0,38,0,0,4,0,4,0,34,8,0,42,0,0,0,42
04/14/2012,CWA,WI,AGL,CE,Federal Contract Tower,0,17,3,0,20,0,0,9,0,9,0,17,12,0,29,0,0,0,29
04/15/2012,CWA,WI,AGL,CE,Federal Contract Tower,0,20,1,0,21,0,0,0,0,0,0,20,1,0,21,0,0,0,21
04/16/2012,CWA,WI,AGL,CE,Federal Contract Tower,0,28,6,0,34,0,0,1,0,1,0,28,7,0,35,0,0,0,35
04/17/2012,CWA,WI,AGL,CE,Federal Contract Tower,0,34,4,0,38,0,0,14,0,14,0,34,18,0,52,56,0,56,108
04/18/2012,CWA,WI,AGL,CE,Federal Contract Tower,0,29,10,0,39,0,0,4,2,6,0,29,14,2,45,0,0,0,45
04/19/2012,CWA,WI,AGL,CE,Federal Contract Tower,0,30,3,0,33,0,0,2,0,2,0,30,5,0,35,0,0,0,35
04/20/2012,CWA,WI,AGL,CE,Federal Contract Tower,0,29,2,0,31,0,0,1,0,1,0,29,3,0,32,0,0,0,32
04/21/2012,CWA,WI,AGL,CE,Federal Contract Tower,1,17,2,0,20,0,0,41,0,41,1,17,43,0,61,4,0,4,65
04/22/2012,CWA,WI,AGL,CE,Federal Contract Tower,0,22,2,0,24,0,0,12,0,12,0,22,14,0,36,8,0,8,44
04/23/2012,CWA,WI,AGL,CE,Federal Contract Tower,3,27,0,0,30,0,2,9,0,11,3,29,9,0,41,4,0,4,45
04/24/2012,CWA,WI,AGL,CE,Federal Contract Tower,0,29,2,0,31,0,0,9,0,9,0,29,11,0,40,0,0,0,40
04/25/2012,CWA,WI,AGL,CE,Federal Contract Tower,1,27,3,0,31,0,0,6,2,8,1,27,9,2,39,0,0,0,39
04/26/2012,CWA,WI,AGL,CE,Federal Contract Tower,2,28,7,0,37,0,0,8,2,10,2,28,15,2,47,2,2,4,51
04/27/2012,CWA,WI,AGL,CE,Federal Contract Tower,0,28,12,0,40,0,0,16,0,16,0,28,28,0,56,0,0,0,56
04/28/2012,CWA,WI,AGL,CE,Federal Contract Tower,0,17,0,0,17,0,0,31,0,31,0,17,31,0,48,2,0,2,50
04/29/2012,CWA,WI,AGL,CE,Federal Contract Tower,0,21,3,0,24,0,0,3,0,3,0,21,6,0,27,0,0,0,27
04/30/2012,CWA,WI,AGL,CE,Federal Contract Tower,2,25,8,0,35,0,0,1,0,1,2,25,9,0,36,0,0,0,36
05/01/2012,CWA,WI,AGL,CE,Federal Contract Tower,0,24,3,0,27,0,0,5,0,5,0,24,8,0,32,0,0,0,32
05/02/2012,CWA,WI,AGL,CE,Federal Contract Tower,0,31,5,0,36,0,0,3,0,3,0,31,8,0,39,0,0,0,39
05/03/2012,CWA,WI,AGL,CE,Federal Contract Tower,0,27,8,0,35,0,0,1,0,1,0,27,9,0,36,0,0,0,36
05/04/2012,CWA,WI,AGL,CE,Federal Contract Tower,0,25,7,0,32,0,2,3,0,5,0,27,10,0,37,0,0,0,37
05/05/2012,CWA,WI,AGL,CE,Federal Contract Tower,0,18,2,0,20,0,0,2,0,2,0,18,4,0,22,0,4,4,26
05/06/2012,CWA,WI,AGL,CE,Federal Contract Tower,0,21,4,0,25,0,0,0,0,0,0,21,4,0,25,0,0,0,25
05/07/2012,CWA,WI,AGL,CE,Federal Contract Tower,2,28,5,0,35,0,0,4,0,4,2,28,9,0,39,0,0,0,39
05/08/2012,CWA,WI,AGL,CE,Federal Contract Tower,0,31,0,0,31,0,0,2,0,2,0,31,2,0,33,6,0,6,39
05/09/2012,CWA,WI,AGL,CE,Federal Contract Tower,0,30,3,0,33,0,3,0,0,3,0,33,3,0,36,0,0,0,36
05/10/2012,CWA,WI,AGL,CE,Federal Contract Tower,0,28,6,0,34,0,0,8,2,10,0,28,14,2,44,26,3,29,73
05/11/2012,CWA,WI,AGL,CE,Federal Contract Tower,0,30,7,0,37,0,1,6,0,7,0,31,13,0,44,0,0,0,44
05/12/2012,CWA,WI,AGL,CE,Federal Contract Tower,0,15,1,0,16,0,0,24,0,24,0,15,25,0,40,30,0,30,70
05/13/2012,CWA,WI,AGL,CE,Federal Contract Tower,0,19,1,0,20,0,0,14,0,14,0,19,15,0,34,4,0,4,38
05/14/2012,CWA,WI,AGL,CE,Federal Contract Tower,0,25,7,0,32,0,0,7,0,7,0,25,14,0,39,0,0,0,39
05/15/2012,CWA,WI,AGL,CE,Federal Contract Tower,0,32,5,2,39,0,0,3,0,3,0,32,8,2,42,0,0,0,42
05/16/2012,CWA,WI,AGL,CE,Federal Contract Tower,2,28,7,0,37,0,0,25,0,25,2,28,32,0,62,14,0,14,76
05/17/2012,CWA,WI,AGL,CE,Federal Contract Tower,0,29,4,0,33,0,0,33,0,33,0,29,37,0,66,20,0,20,86
05/18/2012,CWA,WI,AGL,CE,Federal Contract Tower,0,30,3,0,33,0,0,8,0,8,0,30,11,0,41,2,0,2,43
05/19/2012,CWA,WI,AGL,CE,Federal Contract Tower,0,16,0,0,16,0,0,23,0,23,0,16,23,0,39,2,0,2,41
05/20/2012,CWA,WI,AGL,CE,Federal Contract Tower,1,20,0,0,21,0,0,0,0,0,1,20,0,0,21,0,0,0,21
05/21/2012,CWA,WI,AGL,CE,Federal Contract Tower,1,25,3,2,31,0,0,7,0,7,1,25,10,2,38,4,0,4,42
05/22/2012,CWA,WI,AGL,CE,Federal Contract Tower,0,31,2,0,33,0,0,18,2,20,0,31,20,2,53,0,0,0,53
05/23/2012,CWA,WI,AGL,CE,Federal Contract Tower,1,28,5,0,34,0,0,1,0,1,1,28,6,0,35,0,0,0,35
05/24/2012,CWA,WI,AGL,CE,Federal Contract Tower,2,27,2,0,31,0,2,4,0,6,2,29,6,0,37,4,0,4,41
05/25/2012,CWA,WI,AGL,CE,Federal Contract Tower,0,29,5,0,34,0,0,6,0,6,0,29,11,0,40,0,0,0,40
05/26/2012,CWA,WI,AGL,CE,Federal Contract Tower,0,15,0,0,15,0,0,0,0,0,0,15,0,0,15,0,0,0,15
05/27/2012,CWA,WI,AGL,CE,Federal Contract Tower,0,11,0,0,11,0,0,0,0,0,0,11,0,0,11,0,0,0,11
05/28/2012,CWA,WI,AGL,CE,Federal Contract Tower,2,16,0,0,18,0,0,2,0,2,2,16,2,0,20,0,0,0,20
05/29/2012,CWA,WI,AGL,CE,Federal Contract Tower,0,24,1,0,25,0,0,8,0,8,0,24,9,0,33,2,0,2,35
05/30/2012,CWA,WI,AGL,CE,Federal Contract Tower,1,29,1,0,31,0,1,4,0,5,1,30,5,0,36,10,0,10,46
05/31/2012,CWA,WI,AGL,CE,Federal Contract Tower,2,27,4,0,33,0,0,9,0,9,2,27,13,0,42,27,0,27,69
06/01/2012,CWA,WI,AGL,CE,Federal Contract Tower,0,24,4,0,28,0,0,11,0,11,0,24,15,0,39,6,0,6,45
06/02/2012,CWA,WI,AGL,CE,Federal Contract Tower,0,15,0,0,15,0,0,11,0,11,0,15,11,0,26,8,0,8,34
06/03/2012,CWA,WI,AGL,CE,Federal Contract Tower,0,21,5,0,26,0,0,17,0,17,0,21,22,0,43,0,0,0,43
06/04/2012,CWA,WI,AGL,CE,Federal Contract Tower,0,25,0,0,25,0,0,3,2,5,0,25,3,2,30,4,0,4,34
06/05/2012,CWA,WI,AGL,CE,Federal Contract Tower,0,29,3,0,32,0,22,3,0,25,0,51,6,0,57,10,0,10,67
06/06/2012,CWA,WI,AGL,CE,Federal Contract Tower,0,29,4,0,33,0,18,14,0,32,0,47,18,0,65,28,0,28,93
06/07/2012,CWA,WI,AGL,CE,Federal Contract Tower,0,30,4,0,34,0,0,5,0,5,0,30,9,0,39,2,0,2,41
06/08/2012,CWA,WI,AGL,CE,Federal Contract Tower,0,28,6,2,36,0,0,3,2,5,0,28,9,4,41,0,10,10,51
06/09/2012,CWA,WI,AGL,CE,Federal Contract Tower,0,20,0,0,20,0,0,8,0,8,0,20,8,0,28,0,0,0,28
06/10/2012,CWA,WI,AGL,CE,Federal Contract Tower,0,19,4,0,23,0,0,7,0,7,0,19,11,0,30,0,0,0,30
06/11/2012,CWA,WI,AGL,CE,Federal Contract Tower,0,20,4,0,24,0,0,6,0,6,0,20,10,0,30,0,0,0,30
06/12/2012,CWA,WI,AGL,CE,Federal Contract Tower,0,28,5,0,33,0,0,4,6,10,0,28,9,6,43,6,0,6,49
06/13/2012,CWA,WI,AGL,CE,Federal Contract Tower,0,26,2,0,28,0,0,5,0,5,0,26,7,0,33,0,0,0,33
06/14/2012,CWA,WI,AGL,CE,Federal Contract Tower,0,27,3,0,30,0,0,2,0,2,0,27,5,0,32,0,0,0,32
06/15/2012,CWA,WI,AGL,CE,Federal Contract Tower,0,32,2,0,34,0,0,18,1,19,0,32,20,1,53,38,0,38,91
06/16/2012,CWA,WI,AGL,CE,Federal Contract Tower,2,21,4,0,27,0,0,0,0,0,2,21,4,0,27,0,0,0,27
06/17/2012,CWA,WI,AGL,CE,Federal Contract Tower,0,18,2,0,20,0,0,21,0,21,0,18,23,0,41,46,0,46,87
06/18/2012,CWA,WI,AGL,CE,Federal Contract Tower,0,19,8,0,27,0,0,4,0,4,0,19,12,0,31,6,0,6,37
06/19/2012,CWA,WI,AGL,CE,Federal Contract Tower,0,25,2,0,27,0,0,11,0,11,0,25,13,0,38,34,0,34,72
06/20/2012,CWA,WI,AGL,CE,Federal Contract Tower,2,22,11,0,35,0,0,4,0,4,2,22,15,0,39,0,0,0,39
06/21/2012,CWA,WI,AGL,CE,Federal Contract Tower,0,25,4,0,29,0,0,6,0,6,0,25,10,0,35,0,0,0,35
06/22/2012,CWA,WI,AGL,CE,Federal Contract Tower,0,27,6,0,33,0,0,24,0,24,0,27,30,0,57,8,0,8,65
06/23/2012,CWA,WI,AGL,CE,Federal Contract Tower,0,21,2,0,23,0,0,4,0,4,0,21,6,0,27,18,0,18,45
06/24/2012,CWA,WI,AGL,CE,Federal Contract Tower,0,23,4,0,27,0,0,3,0,3,0,23,7,0,30,10,0,10,40
06/25/2012,CWA,WI,AGL,CE,Federal Contract Tower,0,29,2,0,31,0,0,19,0,19,0,29,21,0,50,14,0,14,64
06/26/2012,CWA,WI,AGL,CE,Federal Contract Tower,0,26,6,0,32,0,0,8,0,8,0,26,14,0,40,0,0,0,40
06/27/2012,CWA,WI,AGL,CE,Federal Contract Tower,0,25,5,3,33,0,0,12,1,13,0,25,17,4,46,22,0,22,68
06/28/2012,CWA,WI,AGL,CE,Federal Contract Tower,0,26,6,0,32,0,0,9,0,9,0,26,15,0,41,4,0,4,45
06/29/2012,CWA,WI,AGL,CE,Federal Contract Tower,0,29,2,0,31,0,0,7,0,7,0,29,9,0,38,0,0,0,38
06/30/2012,CWA,WI,AGL,CE,Federal Contract Tower,0,20,2,0,22,0,0,16,0,16,0,20,18,0,38,0,0,0,38
07/01/2012,CWA,WI,AGL,CE,Federal Contract Tower,0,22,4,0,26,0,0,8,0,8,0,22,12,0,34,0,0,0,34
07/02/2012,CWA,WI,AGL,CE,Federal Contract Tower,0,25,0,0,25,0,2,1,0,3,0,27,1,0,28,0,0,0,28
07/03/2012,CWA,WI,AGL,CE,Federal Contract Tower,0,32,2,0,34,0,0,11,0,11,0,32,13,0,45,16,0,16,61
07/04/2012,CWA,WI,AGL,CE,Federal Contract Tower,0,15,2,0,17,0,0,4,0,4,0,15,6,0,21,12,0,12,33
07/05/2012,CWA,WI,AGL,CE,Federal Contract Tower,0,26,3,0,29,0,0,2,0,2,0,26,5,0,31,0,0,0,31
07/06/2012,CWA,WI,AGL,CE,Federal Contract Tower,0,26,2,0,28,0,0,11,0,11,0,26,13,0,39,0,0,0,39
07/07/2012,CWA,WI,AGL,CE,Federal Contract Tower,0,21,0,0,21,0,0,3,0,3,0,21,3,0,24,0,0,0,24
07/08/2012,CWA,WI,AGL,CE,Federal Contract Tower,0,19,4,0,23,0,0,14,0,14,0,19,18,0,37,0,0,0,37
07/09/2012,CWA,WI,AGL,CE,Federal Contract Tower,0,25,4,0,29,0,0,10,0,10,0,25,14,0,39,16,0,16,55
07/10/2012,CWA,WI,AGL,CE,Federal Contract Tower,0,28,8,3,39,0,0,4,1,5,0,28,12,4,44,0,10,10,54
07/11/2012,CWA,WI,AGL,CE,Federal Contract Tower,0,24,4,0,28,0,0,20,0,20,0,24,24,0,48,0,0,0,48
07/12/2012,CWA,WI,AGL,CE,Federal Contract Tower,2,26,9,0,37,0,0,9,0,9,2,26,18,0,46,6,0,6,52
07/13/2012,CWA,WI,AGL,CE,Federal Contract Tower,0,21,8,0,29,0,0,12,0,12,0,21,20,0,41,10,0,10,51
07/14/2012,CWA,WI,AGL,CE,Federal Contract Tower,0,19,11,0,30,0,0,6,0,6,0,19,17,0,36,14,0,14,50
07/15/2012,CWA,WI,AGL,CE,Federal Contract Tower,2,20,1,0,23,0,0,13,0,13,2,20,14,0,36,2,0,2,38
07/16/2012,CWA,WI,AGL,CE,Federal Contract Tower,0,24,2,0,26,0,0,5,0,5,0,24,7,0,31,18,0,18,49
07/17/2012,CWA,WI,AGL,CE,Federal Contract Tower,0,29,8,0,37,0,0,3,0,3,0,29,11,0,40,4,0,4,44
07/18/2012,CWA,WI,AGL,CE,Federal Contract Tower,0,27,5,0,32,0,0,6,0,6,0,27,11,0,38,0,0,0,38
07/19/2012,CWA,WI,AGL,CE,Federal Contract Tower,0,23,6,0,29,0,0,6,0,6,0,23,12,0,35,0,0,0,35
07/20/2012,CWA,WI,AGL,CE,Federal Contract Tower,2,24,5,0,31,0,0,26,0,26,2,24,31,0,57,0,0,0,57
07/21/2012,CWA,WI,AGL,CE,Federal Contract Tower,2,19,2,0,23,0,0,6,0,6,2,19,8,0,29,0,0,0,29
07/22/2012,CWA,WI,AGL,CE,Federal Contract Tower,0,20,2,0,22,0,0,11,0,11,0,20,13,0,33,0,0,0,33
07/23/2012,CWA,WI,AGL,CE,Federal Contract Tower,2,23,4,0,29,0,0,8,0,8,2,23,12,0,37,0,0,0,37
07/24/2012,CWA,WI,AGL,CE,Federal Contract Tower,0,28,3,0,31,0,0,10,0,10,0,28,13,0,41,2,0,2,43
07/25/2012,CWA,WI,AGL,CE,Federal Contract Tower,0,28,10,0,38,0,0,12,0,12,0,28,22,0,50,0,0,0,50
07/26/2012,CWA,WI,AGL,CE,Federal Contract Tower,0,29,6,0,35,0,0,9,0,9,0,29,15,0,44,2,0,2,46
07/27/2012,CWA,WI,AGL,CE,Federal Contract Tower,0,25,7,0,32,0,0,9,0,9,0,25,16,0,41,0,0,0,41
07/28/2012,CWA,WI,AGL,CE,Federal Contract Tower,0,20,1,0,21,0,0,19,0,19,0,20,20,0,40,4,0,4,44
07/29/2012,CWA,WI,AGL,CE,Federal Contract Tower,0,21,3,0,24,0,0,20,0,20,0,21,23,0,44,6,0,6,50
07/30/2012,CWA,WI,AGL,CE,Federal Contract Tower,0,28,4,0,32,0,0,11,0,11,0,28,15,0,43,10,0,10,53
07/31/2012,CWA,WI,AGL,CE,Federal Contract Tower,0,30,6,0,36,0,0,29,0,29,0,30,35,0,65,10,0,10,75
08/01/2012,CWA,WI,AGL,CE,Federal Contract Tower,0,29,12,0,41,0,0,15,0,15,0,29,27,0,56,0,0,0,56
08/02/2012,CWA,WI,AGL,CE,Federal Contract Tower,0,24,5,0,29,0,0,3,0,3,0,24,8,0,32,0,0,0,32
08/03/2012,CWA,WI,AGL,CE,Federal Contract Tower,0,27,13,0,40,0,0,9,0,9,0,27,22,0,49,4,0,4,53
08/04/2012,CWA,WI,AGL,CE,Federal Contract Tower,0,19,1,0,20,0,0,3,0,3,0,19,4,0,23,0,0,0,23
08/05/2012,CWA,WI,AGL,CE,Federal Contract Tower,0,19,5,0,24,0,0,23,2,25,0,19,28,2,49,10,0,10,59
08/06/2012,CWA,WI,AGL,CE,Federal Contract Tower,0,24,8,0,32,0,0,28,0,28,0,24,36,0,60,24,0,24,84
08/07/2012,CWA,WI,AGL,CE,Federal Contract Tower,0,28,7,0,35,0,0,17,0,17,0,28,24,0,52,18,0,18,70
08/08/2012,CWA,WI,AGL,CE,Federal Contract Tower,0,28,7,0,35,0,0,14,0,14,0,28,21,0,49,6,0,6,55
08/09/2012,CWA,WI,AGL,CE,Federal Contract Tower,0,24,7,0,31,0,0,0,0,0,0,24,7,0,31,0,0,0,31
08/10/2012,CWA,WI,AGL,CE,Federal Contract Tower,0,27,5,0,32,0,0,12,0,12,0,27,17,0,44,0,0,0,44
08/11/2012,CWA,WI,AGL,CE,Federal Contract Tower,0,18,0,0,18,0,0,13,0,13,0,18,13,0,31,4,0,4,35
08/12/2012,CWA,WI,AGL,CE,Federal Contract Tower,0,21,5,0,26,0,0,8,0,8,0,21,13,0,34,6,0,6,40
08/13/2012,CWA,WI,AGL,CE,Federal Contract Tower,0,19,6,0,25,0,0,9,2,11,0,19,15,2,36,2,0,2,38
08/14/2012,CWA,WI,AGL,CE,Federal Contract Tower,0,32,3,0,35,0,0,11,0,11,0,32,14,0,46,16,0,16,62
08/15/2012,CWA,WI,AGL,CE,Federal Contract Tower,0,27,4,0,31,0,0,4,0,4,0,27,8,0,35,6,0,6,41
08/16/2012,CWA,WI,AGL,CE,Federal Contract Tower,0,25,7,0,32,0,0,14,0,14,0,25,21,0,46,4,0,4,50
08/17/2012,CWA,WI,AGL,CE,Federal Contract Tower,0,26,2,0,28,0,0,15,0,15,0,26,17,0,43,2,0,2,45
08/18/2012,CWA,WI,AGL,CE,Federal Contract Tower,0,21,0,0,21,0,0,19,0,19,0,21,19,0,40,4,0,4,44
08/19/2012,CWA,WI,AGL,CE,Federal Contract Tower,0,19,1,0,20,0,0,12,2,14,0,19,13,2,34,8,0,8,42
08/20/2012,CWA,WI,AGL,CE,Federal Contract Tower,0,25,4,0,29,0,0,21,0,21,0,25,25,0,50,8,0,8,58
08/21/2012,CWA,WI,AGL,CE,Federal Contract Tower,0,29,12,0,41,0,4,17,0,21,0,33,29,0,62,4,0,4,66
08/22/2012,CWA,WI,AGL,CE,Federal Contract Tower,0,25,7,0,32,0,0,8,0,8,0,25,15,0,40,2,0,2,42
08/23/2012,CWA,WI,AGL,CE,Federal Contract Tower,2,26,14,0,42,0,0,7,0,7,2,26,21,0,49,0,0,0,49
08/24/2012,CWA,WI,AGL,CE,Federal Contract Tower,0,26,5,0,31,0,0,7,4,11,0,26,12,4,42,2,2,4,46
08/25/2012,CWA,WI,AGL,CE,Federal Contract Tower,0,18,4,0,22,0,0,8,0,8,0,18,12,0,30,4,0,4,34
08/26/2012,CWA,WI,AGL,CE,Federal Contract Tower,2,20,3,0,25,0,0,3,0,3,2,20,6,0,28,4,0,4,32
08/27/2012,CWA,WI,AGL,CE,Federal Contract Tower,0,25,3,0,28,0,0,11,0,11,0,25,14,0,39,8,0,8,47
08/28/2012,CWA,WI,AGL,CE,Federal Contract Tower,0,28,4,0,32,0,20,6,0,26,0,48,10,0,58,4,0,4,62
08/29/2012,CWA,WI,AGL,CE,Federal Contract Tower,0,26,9,0,35,0,2,9,0,11,0,28,18,0,46,32,0,32,78
08/30/2012,CWA,WI,AGL,CE,Federal Contract Tower,0,27,7,0,34,0,1,11,0,12,0,28,18,0,46,10,0,10,56
08/31/2012,CWA,WI,AGL,CE,Federal Contract Tower,0,26,2,0,28,0,0,13,0,13,0,26,15,0,41,6,0,6,47
09/01/2012,CWA,WI,AGL,CE,Federal Contract Tower,0,18,0,0,18,0,0,17,0,17,0,18,17,0,35,0,0,0,35
09/02/2012,CWA,WI,AGL,CE,Federal Contract Tower,0,14,2,0,16,0,0,12,0,12,0,14,14,0,28,6,0,6,34
09/03/2012,CWA,WI,AGL,CE,Federal Contract Tower,0,16,0,0,16,0,0,2,0,2,0,16,2,0,18,0,0,0,18
09/04/2012,CWA,WI,AGL,CE,Federal Contract Tower,0,20,4,0,24,0,0,0,0,0,0,20,4,0,24,0,0,0,24
09/05/2012,CWA,WI,AGL,CE,Federal Contract Tower,0,27,3,0,30,0,0,4,0,4,0,27,7,0,34,0,0,0,34
09/06/2012,CWA,WI,AGL,CE,Federal Contract Tower,0,33,6,2,41,0,0,15,3,18,0,33,21,5,59,0,0,0,59
09/07/2012,CWA,WI,AGL,CE,Federal Contract Tower,2,27,9,0,38,0,0,3,0,3,2,27,12,0,41,6,0,6,47
09/08/2012,CWA,WI,AGL,CE,Federal Contract Tower,2,18,2,0,22,0,3,0,0,3,2,21,2,0,25,0,0,0,25
09/09/2012,CWA,WI,AGL,CE,Federal Contract Tower,0,19,1,0,20,0,0,8,0,8,0,19,9,0,28,0,0,0,28
09/10/2012,CWA,WI,AGL,CE,Federal Contract Tower,2,24,6,0,32,0,0,10,0,10,2,24,16,0,42,0,0,0,42
09/11/2012,CWA,WI,AGL,CE,Federal Contract Tower,2,26,7,0,35,0,0,9,0,9,2,26,16,0,44,0,0,0,44
09/12/2012,CWA,WI,AGL,CE,Federal Contract Tower,0,29,3,0,32,0,0,3,0,3,0,29,6,0,35,0,0,0,35
09/13/2012,CWA,WI,AGL,CE,Federal Contract Tower,0,28,5,0,33,0,0,10,2,12,0,28,15,2,45,14,0,14,59
09/14/2012,CWA,WI,AGL,CE,Federal Contract Tower,0,26,1,0,27,0,0,11,0,11,0,26,12,0,38,8,0,8,46
09/15/2012,CWA,WI,AGL,CE,Federal Contract Tower,0,18,7,0,25,0,0,11,0,11,0,18,18,0,36,0,0,0,36
09/16/2012,CWA,WI,AGL,CE,Federal Contract Tower,0,20,7,0,27,0,0,2,0,2,0,20,9,0,29,0,0,0,29
09/17/2012,CWA,WI,AGL,CE,Federal Contract Tower,0,26,9,4,39,0,0,3,0,3,0,26,12,4,42,4,0,4,46
09/18/2012,CWA,WI,AGL,CE,Federal Contract Tower,0,26,5,0,31,0,6,6,0,12,0,32,11,0,43,2,0,2,45
09/19/2012,CWA,WI,AGL,CE,Federal Contract Tower,0,26,5,3,34,0,0,2,1,3,0,26,7,4,37,0,4,4,41
09/20/2012,CWA,WI,AGL,CE,Federal Contract Tower,0,28,5,0,33,0,0,9,0,9,0,28,14,0,42,0,0,0,42
09/21/2012,CWA,WI,AGL,CE,Federal Contract Tower,0,25,4,0,29,0,0,6,0,6,0,25,10,0,35,0,0,0,35
09/22/2012,CWA,WI,AGL,CE,Federal Contract Tower,0,18,0,0,18,0,0,1,0,1,0,18,1,0,19,0,0,0,19
09/23/2012,CWA,WI,AGL,CE,Federal Contract Tower,0,19,2,0,21,0,0,7,0,7,0,19,9,0,28,0,0,0,28
09/24/2012,CWA,WI,AGL,CE,Federal Contract Tower,3,23,7,0,33,0,0,11,0,11,3,23,18,0,44,0,0,0,44
09/25/2012,CWA,WI,AGL,CE,Federal Contract Tower,0,26,3,2,31,0,0,25,2,27,0,26,28,4,58,38,16,54,112
09/26/2012,CWA,WI,AGL,CE,Federal Contract Tower,0,28,11,0,39,0,0,11,0,11,0,28,22,0,50,0,0,0,50
09/27/2012,CWA,WI,AGL,CE,Federal Contract Tower,0,27,2,0,29,0,8,18,0,26,0,35,20,0,55,10,0,10,65
09/28/2012,CWA,WI,AGL,CE,Federal Contract Tower,0,26,6,0,32,0,2,10,0,12,0,28,16,0,44,0,0,0,44
09/29/2012,CWA,WI,AGL,CE,Federal Contract Tower,0,18,1,0,19,0,0,11,0,11,0,18,12,0,30,0,0,0,30
09/30/2012,CWA,WI,AGL,CE,Federal Contract Tower,0,21,5,0,26,0,0,22,0,22,0,21,27,0,48,0,0,0,48
10/01/2012,CWA,WI,AGL,CE,Federal Contract Tower,0,25,4,0,29,0,0,9,0,9,0,25,13,0,38,0,0,0,38
10/02/2012,CWA,WI,AGL,CE,Federal Contract Tower,0,26,6,0,32,0,1,10,0,11,0,27,16,0,43,4,0,4,47
10/03/2012,CWA,WI,AGL,CE,Federal Contract Tower,0,28,10,0,38,0,0,3,0,3,0,28,13,0,41,0,0,0,41
10/04/2012,CWA,WI,AGL,CE,Federal Contract Tower,0,27,4,0,31,0,0,3,0,3,0,27,7,0,34,0,0,0,34
10/05/2012,CWA,WI,AGL,CE,Federal Contract Tower,0,28,4,0,32,0,0,3,0,3,0,28,7,0,35,0,0,0,35
10/06/2012,CWA,WI,AGL,CE,Federal Contract Tower,0,20,6,0,26,0,1,2,0,3,0,21,8,0,29,2,0,2,31
10/07/2012,CWA,WI,AGL,CE,Federal Contract Tower,0,19,2,0,21,0,0,9,0,9,0,19,11,0,30,4,0,4,34
10/08/2012,CWA,WI,AGL,CE,Federal Contract Tower,0,22,2,0,24,0,0,3,0,3,0,22,5,0,27,0,0,0,27
10/09/2012,CWA,WI,AGL,CE,Federal Contract Tower,0,24,2,0,26,0,0,3,0,3,0,24,5,0,29,8,0,8,37
10/10/2012,CWA,WI,AGL,CE,Federal Contract Tower,2,26,3,0,31,0,0,2,0,2,2,26,5,0,33,0,0,0,33
10/11/2012,CWA,WI,AGL,CE,Federal Contract Tower,2,30,8,0,40,0,0,10,0,10,2,30,18,0,50,4,0,4,54
10/12/2012,CWA,WI,AGL,CE,Federal Contract Tower,0,32,1,0,33,0,0,23,0,23,0,32,24,0,56,16,0,16,72
10/13/2012,CWA,WI,AGL,CE,Federal Contract Tower,0,19,3,0,22,0,0,0,0,0,0,19,3,0,22,0,0,0,22
10/14/2012,CWA,WI,AGL,CE,Federal Contract Tower,2,15,1,0,18,0,0,0,0,0,2,15,1,0,18,0,0,0,18
10/15/2012,CWA,WI,AGL,CE,Federal Contract Tower,0,23,4,0,27,0,0,7,0,7,0,23,11,0,34,4,4,8,42
10/16/2012,CWA,WI,AGL,CE,Federal Contract Tower,0,28,5,0,33,0,0,2,0,2,0,28,7,0,35,0,0,0,35
10/17/2012,CWA,WI,AGL,CE,Federal Contract Tower,0,31,7,0,38,0,0,4,0,4,0,31,11,0,42,4,0,4,46
10/18/2012,CWA,WI,AGL,CE,Federal Contract Tower,0,28,7,0,35,0,0,0,0,0,0,28,7,0,35,0,0,0,35
10/19/2012,CWA,WI,AGL,CE,Federal Contract Tower,0,39,2,2,43,0,0,3,0,3,0,39,5,2,46,6,0,6,52
10/20/2012,CWA,WI,AGL,CE,Federal Contract Tower,0,20,1,0,21,0,0,12,0,12,0,20,13,0,33,2,0,2,35
10/21/2012,CWA,WI,AGL,CE,Federal Contract Tower,0,21,0,0,21,0,0,33,0,33,0,21,33,0,54,18,0,18,72
10/22/2012,CWA,WI,AGL,CE,Federal Contract Tower,2,19,2,0,23,0,0,3,0,3,2,19,5,0,26,0,0,0,26
10/23/2012,CWA,WI,AGL,CE,Federal Contract Tower,2,23,3,0,28,0,0,0,0,0,2,23,3,0,28,0,0,0,28
10/24/2012,CWA,WI,AGL,CE,Federal Contract Tower,0,21,6,2,29,0,0,0,0,0,0,21,6,2,29,0,0,0,29
10/25/2012,CWA,WI,AGL,CE,Federal Contract Tower,0,28,5,0,33,0,1,9,0,10,0,29,14,0,43,6,0,6,49
10/26/2012,CWA,WI,AGL,CE,Federal Contract Tower,0,28,2,0,30,0,0,4,2,6,0,28,6,2,36,0,0,0,36
10/27/2012,CWA,WI,AGL,CE,Federal Contract Tower,0,18,3,0,21,0,0,15,0,15,0,18,18,0,36,10,0,10,46
10/28/2012,CWA,WI,AGL,CE,Federal Contract Tower,2,20,0,0,22,0,0,25,0,25,2,20,25,0,47,20,0,20,67
10/29/2012,CWA,WI,AGL,CE,Federal Contract Tower,0,22,6,0,28,0,0,6,0,6,0,22,12,0,34,0,0,0,34
10/30/2012,CWA,WI,AGL,CE,Federal Contract Tower,0,24,5,0,29,0,0,6,2,8,0,24,11,2,37,0,0,0,37
10/31/2012,CWA,WI,AGL,CE,Federal Contract Tower,0,24,3,0,27,0,2,11,0,13,0,26,14,0,40,8,0,8,48
11/01/2012,CWA,WI,AGL,CE,Federal Contract Tower,0,27,7,0,34,0,0,4,0,4,0,27,11,0,38,8,0,8,46
11/02/2012,CWA,WI,AGL,CE,Federal Contract Tower,0,27,5,1,33,0,0,6,2,8,0,27,11,3,41,0,2,2,43
11/03/2012,CWA,WI,AGL,CE,Federal Contract Tower,2,17,6,0,25,0,0,8,0,8,2,17,14,0,33,22,0,22,55
11/04/2012,CWA,WI,AGL,CE,Federal Contract Tower,0,23,2,1,26,0,0,20,0,20,0,23,22,1,46,8,0,8,54
11/05/2012,CWA,WI,AGL,CE,Federal Contract Tower,0,23,4,0,27,0,0,11,0,11,0,23,15,0,38,0,0,0,38
11/06/2012,CWA,WI,AGL,CE,Federal Contract Tower,2,23,7,0,32,0,0,0,0,0,2,23,7,0,32,0,0,0,32
11/07/2012,CWA,WI,AGL,CE,Federal Contract Tower,0,27,8,0,35,0,0,0,0,0,0,27,8,0,35,0,0,0,35
11/08/2012,CWA,WI,AGL,CE,Federal Contract Tower,0,28,6,0,34,0,0,14,0,14,0,28,20,0,48,15,0,15,63
11/09/2012,CWA,WI,AGL,CE,Federal Contract Tower,2,28,2,0,32,0,0,16,0,16,2,28,18,0,48,8,0,8,56
11/10/2012,CWA,WI,AGL,CE,Federal Contract Tower,0,17,2,0,19,0,0,0,0,0,0,17,2,0,19,0,0,0,19
11/11/2012,CWA,WI,AGL,CE,Federal Contract Tower,0,19,1,0,20,0,0,0,0,0,0,19,1,0,20,0,0,0,20
11/12/2012,CWA,WI,AGL,CE,Federal Contract Tower,0,23,7,0,30,0,0,0,0,0,0,23,7,0,30,0,0,0,30
11/13/2012,CWA,WI,AGL,CE,Federal Contract Tower,2,27,3,0,32,0,1,10,0,11,2,28,13,0,43,6,0,6,49
11/14/2012,CWA,WI,AGL,CE,Federal Contract Tower,0,27,6,0,33,0,0,13,0,13,0,27,19,0,46,16,0,16,62
11/15/2012,CWA,WI,AGL,CE,Federal Contract Tower,0,29,5,0,34,0,0,19,0,19,0,29,24,0,53,16,0,16,69
11/16/2012,CWA,WI,AGL,CE,Federal Contract Tower,0,28,0,0,28,0,0,5,0,5,0,28,5,0,33,6,0,6,39
11/17/2012,CWA,WI,AGL,CE,Federal Contract Tower,0,17,0,0,17,0,0,8,0,8,0,17,8,0,25,2,0,2,27
11/18/2012,CWA,WI,AGL,CE,Federal Contract Tower,0,17,2,0,19,0,0,7,0,7,0,17,9,0,26,4,0,4,30
11/19/2012,CWA,WI,AGL,CE,Federal Contract Tower,0,21,6,0,27,0,0,10,0,10,0,21,16,0,37,10,0,10,47
11/20/2012,CWA,WI,AGL,CE,Federal Contract Tower,0,26,2,1,29,0,0,17,2,19,0,26,19,3,48,22,0,22,70
11/21/2012,CWA,WI,AGL,CE,Federal Contract Tower,0,27,5,0,32,0,0,9,0,9,0,27,14,0,41,10,0,10,51
11/22/2012,CWA,WI,AGL,CE,Federal Contract Tower,0,9,2,0,11,0,0,3,0,3,0,9,5,0,14,0,0,0,14
11/23/2012,CWA,WI,AGL,CE,Federal Contract Tower,2,23,0,0,25,0,0,0,0,0,2,23,0,0,25,0,0,0,25
11/24/2012,CWA,WI,AGL,CE,Federal Contract Tower,0,18,5,0,23,0,0,9,0,9,0,18,14,0,32,0,0,0,32
11/25/2012,CWA,WI,AGL,CE,Federal Contract Tower,0,21,0,0,21,0,0,11,0,11,0,21,11,0,32,0,0,0,32
11/26/2012,CWA,WI,AGL,CE,Federal Contract Tower,0,25,10,0,35,0,0,9,0,9,0,25,19,0,44,16,0,16,60
11/27/2012,CWA,WI,AGL,CE,Federal Contract Tower,0,21,2,0,23,0,0,15,0,15,0,21,17,0,38,12,0,12,50
11/28/2012,CWA,WI,AGL,CE,Federal Contract Tower,2,24,4,0,30,0,0,13,0,13,2,24,17,0,43,0,0,0,43
11/29/2012,CWA,WI,AGL,CE,Federal Contract Tower,0,30,4,0,34,0,0,15,0,15,0,30,19,0,49,6,0,6,55
11/30/2012,CWA,WI,AGL,CE,Federal Contract Tower,0,26,6,0,32,0,0,0,0,0,0,26,6,0,32,0,0,0,32
12/01/2012,CWA,WI,AGL,CE,Federal Contract Tower,0,17,0,0,17,0,0,0,0,0,0,17,0,0,17,0,0,0,17
12/02/2012,CWA,WI,AGL,CE,Federal Contract Tower,0,20,7,0,27,0,0,0,0,0,0,20,7,0,27,0,0,0,27
12/03/2012,CWA,WI,AGL,CE,Federal Contract Tower,0,20,2,0,22,0,0,0,0,0,0,20,2,0,22,0,0,0,22
12/04/2012,CWA,WI,AGL,CE,Federal Contract Tower,0,21,9,0,30,0,0,13,0,13,0,21,22,0,43,4,0,4,47
12/05/2012,CWA,WI,AGL,CE,Federal Contract Tower,0,23,8,0,31,0,0,12,0,12,0,23,20,0,43,20,0,20,63
12/06/2012,CWA,WI,AGL,CE,Federal Contract Tower,0,27,5,0,32,0,0,4,0,4,0,27,9,0,36,0,0,0,36
12/07/2012,CWA,WI,AGL,CE,Federal Contract Tower,0,29,4,0,33,0,0,2,0,2,0,29,6,0,35,4,0,4,39
12/08/2012,CWA,WI,AGL,CE,Federal Contract Tower,0,17,1,0,18,0,0,7,0,7,0,17,8,0,25,0,0,0,25
12/09/2012,CWA,WI,AGL,CE,Federal Contract Tower,0,11,0,0,11,0,0,0,0,0,0,11,0,0,11,0,0,0,11
12/10/2012,CWA,WI,AGL,CE,Federal Contract Tower,0,25,1,0,26,0,0,0,0,0,0,25,1,0,26,0,0,0,26
12/11/2012,CWA,WI,AGL,CE,Federal Contract Tower,0,23,2,0,25,0,0,0,0,0,0,23,2,0,25,0,0,0,25
12/12/2012,CWA,WI,AGL,CE,Federal Contract Tower,2,24,13,0,39,0,0,7,0,7,2,24,20,0,46,0,0,0,46
12/13/2012,CWA,WI,AGL,CE,Federal Contract Tower,0,28,9,0,37,0,0,15,0,15,0,28,24,0,52,4,0,4,56
12/14/2012,CWA,WI,AGL,CE,Federal Contract Tower,0,28,10,0,38,0,0,1,0,1,0,28,11,0,39,0,0,0,39
12/15/2012,CWA,WI,AGL,CE,Federal Contract Tower,0,15,0,0,15,0,0,0,0,0,0,15,0,0,15,0,0,0,15
12/16/2012,CWA,WI,AGL,CE,Federal Contract Tower,0,16,0,0,16,0,0,0,0,0,0,16,0,0,16,0,0,0,16
12/17/2012,CWA,WI,AGL,CE,Federal Contract Tower,0,23,3,0,26,0,0,1,0,1,0,23,4,0,27,0,0,0,27
12/18/2012,CWA,WI,AGL,CE,Federal Contract Tower,0,26,11,0,37,0,0,4,0,4,0,26,15,0,41,0,0,0,41
12/19/2012,CWA,WI,AGL,CE,Federal Contract Tower,0,26,6,0,32,0,0,2,0,2,0,26,8,0,34,8,0,8,42
12/20/2012,CWA,WI,AGL,CE,Federal Contract Tower,0,18,2,0,20,0,0,0,0,0,0,18,2,0,20,0,0,0,20
12/21/2012,CWA,WI,AGL,CE,Federal Contract Tower,0,26,3,0,29,0,0,0,0,0,0,26,3,0,29,0,0,0,29
12/22/2012,CWA,WI,AGL,CE,Federal Contract Tower,0,13,2,0,15,0,0,12,0,12,0,13,14,0,27,0,0,0,27
12/23/2012,CWA,WI,AGL,CE,Federal Contract Tower,0,16,2,0,18,0,0,2,0,2,0,16,4,0,20,0,0,0,20
12/24/2012,CWA,WI,AGL,CE,Federal Contract Tower,0,14,2,0,16,0,0,2,0,2,0,14,4,0,18,0,0,0,18
12/25/2012,CWA,WI,AGL,CE,Federal Contract Tower,0,11,4,0,15,0,0,0,0,0,0,11,4,0,15,0,0,0,15
12/26/2012,CWA,WI,AGL,CE,Federal Contract Tower,0,21,0,0,21,0,0,7,0,7,0,21,7,0,28,30,0,30,58
12/27/2012,CWA,WI,AGL,CE,Federal Contract Tower,0,22,0,0,22,0,0,6,0,6,0,22,6,0,28,14,0,14,42
12/28/2012,CWA,WI,AGL,CE,Federal Contract Tower,0,28,1,0,29,0,0,0,0,0,0,28,1,0,29,0,0,0,29
12/29/2012,CWA,WI,AGL,CE,Federal Contract Tower,0,13,2,0,15,0,0,1,0,1,0,13,3,0,16,0,0,0,16
12/30/2012,CWA,WI,AGL,CE,Federal Contract Tower,0,15,4,0,19,0,0,1,0,1,0,15,5,0,20,0,0,0,20
12/31/2012,CWA,WI,AGL,CE,Federal Contract Tower,0,17,0,0,17,0,0,3,0,3,0,17,3,0,20,0,0,0,20
01/01/2013,CWA,WI,AGL,CE,Federal Contract Tower,0,14,3,0,17,0,0,8,0,8,0,14,11,0,25,6,0,6,31
01/02/2013,CWA,WI,AGL,CE,Federal Contract Tower,0,27,2,0,29,0,0,4,0,4,0,27,6,0,33,8,0,8,41
01/03/2013,CWA,WI,AGL,CE,Federal Contract Tower,0,26,7,0,33,0,0,0,0,0,0,26,7,0,33,0,0,0,33
01/04/2013,CWA,WI,AGL,CE,Federal Contract Tower,0,25,4,0,29,0,0,10,2,12,0,25,14,2,41,24,0,24,65
01/05/2013,CWA,WI,AGL,CE,Federal Contract Tower,0,19,3,0,22,0,0,11,0,11,0,19,14,0,33,4,0,4,37
01/06/2013,CWA,WI,AGL,CE,Federal Contract Tower,0,18,2,0,20,0,0,4,0,4,0,18,6,0,24,8,0,8,32
01/07/2013,CWA,WI,AGL,CE,Federal Contract Tower,0,21,5,0,26,0,0,1,0,1,0,21,6,0,27,0,0,0,27
01/08/2013,CWA,WI,AGL,CE,Federal Contract Tower,0,24,1,0,25,0,0,7,0,7,0,24,8,0,32,6,0,6,38
01/09/2013,CWA,WI,AGL,CE,Federal Contract Tower,0,24,0,0,24,0,0,0,0,0,0,24,0,0,24,0,0,0,24
01/10/2013,CWA,WI,AGL,CE,Federal Contract Tower,2,28,9,0,39,0,4,2,0,6,2,32,11,0,45,26,0,26,71
01/11/2013,CWA,WI,AGL,CE,Federal Contract Tower,0,10,1,0,11,0,0,0,0,0,0,10,1,0,11,0,0,0,11
01/12/2013,CWA,WI,AGL,CE,Federal Contract Tower,0,21,5,0,26,0,0,0,0,0,0,21,5,0,26,0,0,0,26
01/13/2013,CWA,WI,AGL,CE,Federal Contract Tower,2,19,4,0,25,0,0,1,2,3,2,19,5,2,28,0,0,0,28
01/14/2013,CWA,WI,AGL,CE,Federal Contract Tower,0,22,2,0,24,0,0,2,0,2,0,22,4,0,26,0,0,0,26
01/15/2013,CWA,WI,AGL,CE,Federal Contract Tower,0,23,3,0,26,0,0,8,0,8,0,23,11,0,34,0,0,0,34
01/16/2013,CWA,WI,AGL,CE,Federal Contract Tower,0,20,0,0,20,0,0,0,0,0,0,20,0,0,20,0,0,0,20
01/17/2013,CWA,WI,AGL,CE,Federal Contract Tower,0,22,3,0,25,0,0,2,0,2,0,22,5,0,27,6,0,6,33
01/18/2013,CWA,WI,AGL,CE,Federal Contract Tower,0,26,5,0,31,0,0,0,0,0,0,26,5,0,31,0,0,0,31
01/19/2013,CWA,WI,AGL,CE,Federal Contract Tower,2,19,0,0,21,0,0,4,0,4,2,19,4,0,25,0,0,0,25
01/20/2013,CWA,WI,AGL,CE,Federal Contract Tower,0,13,0,0,13,0,0,0,0,0,0,13,0,0,13,0,0,0,13
01/21/2013,CWA,WI,AGL,CE,Federal Contract Tower,0,21,2,0,23,0,0,0,0,0,0,21,2,0,23,0,0,0,23
01/22/2013,CWA,WI,AGL,CE,Federal Contract Tower,0,22,7,0,29,0,0,2,0,2,0,22,9,0,31,2,0,2,33
01/23/2013,CWA,WI,AGL,CE,Federal Contract Tower,1,24,1,0,26,0,0,5,0,5,1,24,6,0,31,2,0,2,33
01/24/2013,CWA,WI,AGL,CE,Federal Contract Tower,0,29,5,0,34,0,1,5,0,6,0,30,10,0,40,2,0,2,42
01/25/2013,CWA,WI,AGL,CE,Federal Contract Tower,0,23,0,0,23,0,0,2,0,2,0,23,2,0,25,0,0,0,25
01/26/2013,CWA,WI,AGL,CE,Federal Contract Tower,0,17,3,0,20,0,0,21,0,21,0,17,24,0,41,18,0,18,59
01/27/2013,CWA,WI,AGL,CE,Federal Contract Tower,0,13,3,0,16,0,0,0,0,0,0,13,3,0,16,0,0,0,16
01/28/2013,CWA,WI,AGL,CE,Federal Contract Tower,0,17,8,0,25,0,0,0,0,0,0,17,8,0,25,0,0,0,25
01/29/2013,CWA,WI,AGL,CE,Federal Contract Tower,0,16,3,0,19,0,0,0,0,0,0,16,3,0,19,0,0,0,19
01/30/2013,CWA,WI,AGL,CE,Federal Contract Tower,0,21,5,0,26,0,0,0,0,0,0,21,5,0,26,0,0,0,26
01/31/2013,CWA,WI,AGL,CE,Federal Contract Tower,0,25,10,0,35,0,0,0,0,0,0,25,10,0,35,0,0,0,35
02/01/2013,CWA,WI,AGL,CE,Federal Contract Tower,0,21,5,0,26,0,0,2,0,2,0,21,7,0,28,0,0,0,28
02/02/2013,CWA,WI,AGL,CE,Federal Contract Tower,0,18,0,0,18,0,0,9,0,9,0,18,9,0,27,2,0,2,29
02/03/2013,CWA,WI,AGL,CE,Federal Contract Tower,0,14,4,0,18,0,0,2,0,2,0,14,6,0,20,4,0,4,24
02/04/2013,CWA,WI,AGL,CE,Federal Contract Tower,0,25,4,0,29,0,0,4,0,4,0,25,8,0,33,0,0,0,33
02/05/2013,CWA,WI,AGL,CE,Federal Contract Tower,0,22,4,0,26,0,0,0,0,0,0,22,4,0,26,0,0,0,26
02/06/2013,CWA,WI,AGL,CE,Federal Contract Tower,0,20,9,0,29,0,0,0,0,0,0,20,9,0,29,0,0,0,29
02/07/2013,CWA,WI,AGL,CE,Federal Contract Tower,0,23,6,0,29,0,0,0,0,0,0,23,6,0,29,0,0,0,29
02/08/2013,CWA,WI,AGL,CE,Federal Contract Tower,0,26,4,0,30,0,0,16,0,16,0,26,20,0,46,26,0,26,72
02/09/2013,CWA,WI,AGL,CE,Federal Contract Tower,0,17,2,0,19,0,0,6,0,6,0,17,8,0,25,6,0,6,31
02/10/2013,CWA,WI,AGL,CE,Federal Contract Tower,0,17,0,0,17,0,0,0,0,0,0,17,0,0,17,0,0,0,17
02/11/2013,CWA,WI,AGL,CE,Federal Contract Tower,0,21,6,0,27,0,0,0,0,0,0,21,6,0,27,0,0,0,27
02/12/2013,CWA,WI,AGL,CE,Federal Contract Tower,0,27,6,0,33,0,0,8,0,8,0,27,14,0,41,18,0,18,59
02/13/2013,CWA,WI,AGL,CE,Federal Contract Tower,0,30,3,0,33,0,0,6,0,6,0,30,9,0,39,0,0,0,39
02/14/2013,CWA,WI,AGL,CE,Federal Contract Tower,0,26,11,0,37,0,0,0,0,0,0,26,11,0,37,0,0,0,37
02/15/2013,CWA,WI,AGL,CE,Federal Contract Tower,0,30,4,0,34,0,0,5,0,5,0,30,9,0,39,26,0,26,65
02/16/2013,CWA,WI,AGL,CE,Federal Contract Tower,0,19,1,0,20,0,0,6,0,6,0,19,7,0,26,26,0,26,52
02/17/2013,CWA,WI,AGL,CE,Federal Contract Tower,0,18,1,0,19,0,0,4,0,4,0,18,5,0,23,6,0,6,29
02/18/2013,CWA,WI,AGL,CE,Federal Contract Tower,0,23,1,0,24,0,0,2,0,2,0,23,3,0,26,0,0,0,26
02/19/2013,CWA,WI,AGL,CE,Federal Contract Tower,0,24,3,0,27,0,0,0,0,0,0,24,3,0,27,0,0,0,27
02/20/2013,CWA,WI,AGL,CE,Federal Contract Tower,0,25,5,0,30,0,0,10,0,10,0,25,15,0,40,24,0,24,64
02/21/2013,CWA,WI,AGL,CE,Federal Contract Tower,0,25,5,0,30,0,0,4,1,5,0,25,9,1,35,17,0,17,52
02/22/2013,CWA,WI,AGL,CE,Federal Contract Tower,0,23,3,0,26,0,0,0,0,0,0,23,3,0,26,0,0,0,26
02/23/2013,CWA,WI,AGL,CE,Federal Contract Tower,0,15,0,0,15,0,0,1,0,1,0,15,1,0,16,0,0,0,16
02/24/2013,CWA,WI,AGL,CE,Federal Contract Tower,2,19,0,0,21,0,0,5,0,5,2,19,5,0,26,0,0,0,26
02/25/2013,CWA,WI,AGL,CE,Federal Contract Tower,0,23,0,0,23,0,0,10,0,10,0,23,10,0,33,18,0,18,51
02/26/2013,CWA,WI,AGL,CE,Federal Contract Tower,0,23,5,0,28,0,0,2,0,2,0,23,7,0,30,2,0,2,32
02/27/2013,CWA,WI,AGL,CE,Federal Contract Tower,0,24,7,0,31,0,0,0,0,0,0,24,7,0,31,0,0,0,31
02/28/2013,CWA,WI,AGL,CE,Federal Contract Tower,0,26,8,0,34,0,0,3,0,3,0,26,11,0,37,0,0,0,37
03/01/2013,CWA,WI,AGL,CE,Federal Contract Tower,0,37,7,0,44,0,0,12,0,12,0,37,19,0,56,20,0,20,76
03/02/2013,CWA,WI,AGL,CE,Federal Contract Tower,0,16,3,0,19,0,0,5,0,5,0,16,8,0,24,0,0,0,24
03/03/2013,CWA,WI,AGL,CE,Federal Contract Tower,0,18,4,0,22,0,0,24,0,24,0,18,28,0,46,18,0,18,64
03/04/2013,CWA,WI,AGL,CE,Federal Contract Tower,0,27,2,0,29,0,1,4,0,5,0,28,6,0,34,26,0,26,60
03/05/2013,CWA,WI,AGL,CE,Federal Contract Tower,0,16,1,0,17,0,0,0,0,0,0,16,1,0,17,0,0,0,17
03/06/2013,CWA,WI,AGL,CE,Federal Contract Tower,0,27,5,0,32,0,0,2,0,2,0,27,7,0,34,4,0,4,38
03/07/2013,CWA,WI,AGL,CE,Federal Contract Tower,2,26,5,0,33,0,0,5,0,5,2,26,10,0,38,18,0,18,56
03/08/2013,CWA,WI,AGL,CE,Federal Contract Tower,0,28,3,0,31,0,0,6,0,6,0,28,9,0,37,4,0,4,41
03/09/2013,CWA,WI,AGL,CE,Federal Contract Tower,0,20,3,0,23,0,0,0,0,0,0,20,3,0,23,0,0,0,23
03/10/2013,CWA,WI,AGL,CE,Federal Contract Tower,2,20,1,0,23,0,0,0,0,0,2,20,1,0,23,0,0,0,23
03/11/2013,CWA,WI,AGL,CE,Federal Contract Tower,1,27,2,0,30,0,0,0,0,0,1,27,2,0,30,0,0,0,30
03/12/2013,CWA,WI,AGL,CE,Federal Contract Tower,0,23,5,0,28,0,0,1,0,1,0,23,6,0,29,0,0,0,29
03/13/2013,CWA,WI,AGL,CE,Federal Contract Tower,2,28,7,0,37,0,0,12,0,12,2,28,19,0,49,6,0,6,55
03/14/2013,CWA,WI,AGL,CE,Federal Contract Tower,2,25,5,0,32,0,0,9,0,9,2,25,14,0,41,16,0,16,57
03/15/2013,CWA,WI,AGL,CE,Federal Contract Tower,0,25,5,0,30,0,0,2,0,2,0,25,7,0,32,0,0,0,32
03/16/2013,CWA,WI,AGL,CE,Federal Contract Tower,2,19,1,0,22,0,0,1,0,1,2,19,2,0,23,0,0,0,23
03/17/2013,CWA,WI,AGL,CE,Federal Contract Tower,0,22,6,0,28,0,0,9,0,9,0,22,15,0,37,4,0,4,41
03/18/2013,CWA,WI,AGL,CE,Federal Contract Tower,2,26,5,0,33,0,0,0,0,0,2,26,5,0,33,0,0,0,33
03/19/2013,CWA,WI,AGL,CE,Federal Contract Tower,0,27,4,0,31,0,0,4,0,4,0,27,8,0,35,0,0,0,35
03/20/2013,CWA,WI,AGL,CE,Federal Contract Tower,0,28,0,0,28,0,0,15,0,15,0,28,15,0,43,0,0,0,43
03/21/2013,CWA,WI,AGL,CE,Federal Contract Tower,0,28,1,0,29,0,0,11,0,11,0,28,12,0,40,3,0,3,43
03/22/2013,CWA,WI,AGL,CE,Federal Contract Tower,0,25,5,0,30,0,0,19,0,19,0,25,24,0,49,10,0,10,59
03/23/2013,CWA,WI,AGL,CE,Federal Contract Tower,0,16,4,0,20,0,0,12,0,12,0,16,16,0,32,0,0,0,32
03/24/2013,CWA,WI,AGL,CE,Federal Contract Tower,0,20,1,0,21,0,0,2,0,2,0,20,3,0,23,2,0,2,25
03/25/2013,CWA,WI,AGL,CE,Federal Contract Tower,0,21,1,0,22,0,0,1,0,1,0,21,2,0,23,0,0,0,23
03/26/2013,CWA,WI,AGL,CE,Federal Contract Tower,0,26,1,0,27,0,0,11,0,11,0,26,12,0,38,10,0,10,48
03/27/2013,CWA,WI,AGL,CE,Federal Contract Tower,0,27,7,0,34,0,0,16,0,16,0,27,23,0,50,4,0,4,54
03/28/2013,CWA,WI,AGL,CE,Federal Contract Tower,0,24,4,0,28,0,0,13,0,13,0,24,17,0,41,0,0,0,41
03/29/2013,CWA,WI,AGL,CE,Federal Contract Tower,0,27,4,2,33,0,0,20,0,20,0,27,24,2,53,30,6,36,89
03/30/2013,CWA,WI,AGL,CE,Federal Contract Tower,0,16,0,0,16,0,0,0,0,0,0,16,0,0,16,0,0,0,16
03/31/2013,CWA,WI,AGL,CE,Federal Contract Tower,0,18,1,0,19,0,0,0,0,0,0,18,1,0,19,0,0,0,19
04/01/2013,CWA,WI,AGL,CE,Federal Contract Tower,0,25,1,0,26,0,0,2,0,2,0,25,3,0,28,0,0,0,28
04/02/2013,CWA,WI,AGL,CE,Federal Contract Tower,0,28,6,4,38,0,2,6,2,10,0,30,12,6,48,0,0,0,48
04/03/2013,CWA,WI,AGL,CE,Federal Contract Tower,0,25,3,0,28,0,0,16,0,16,0,25,19,0,44,16,0,16,60
04/04/2013,CWA,WI,AGL,CE,Federal Contract Tower,0,27,3,0,30,0,0,2,0,2,0,27,5,0,32,0,0,0,32
04/05/2013,CWA,WI,AGL,CE,Federal Contract Tower,0,27,3,0,30,0,0,16,0,16,0,27,19,0,46,18,0,18,64
04/06/2013,CWA,WI,AGL,CE,Federal Contract Tower,0,20,0,0,20,0,0,4,0,4,0,20,4,0,24,0,0,0,24
04/07/2013,CWA,WI,AGL,CE,Federal Contract Tower,0,21,2,0,23,0,0,5,0,5,0,21,7,0,28,2,0,2,30
04/08/2013,CWA,WI,AGL,CE,Federal Contract Tower,0,23,0,0,23,0,0,0,0,0,0,23,0,0,23,0,0,0,23
04/09/2013,CWA,WI,AGL,CE,Federal Contract Tower,0,26,8,0,34,0,0,0,0,0,0,26,8,0,34,0,0,0,34
04/10/2013,CWA,WI,AGL,CE,Federal Contract Tower,0,20,4,0,24,0,0,0,0,0,0,20,4,0,24,0,0,0,24
04/11/2013,CWA,WI,AGL,CE,Federal Contract Tower,0,22,0,0,22,0,0,0,0,0,0,22,0,0,22,0,0,0,22
04/12/2013,CWA,WI,AGL,CE,Federal Contract Tower,0,28,2,0,30,0,0,0,0,0,0,28,2,0,30,0,0,0,30
04/13/2013,CWA,WI,AGL,CE,Federal Contract Tower,0,22,0,0,22,0,0,7,0,7,0,22,7,0,29,0,0,0,29
04/14/2013,CWA,WI,AGL,CE,Federal Contract Tower,0,16,0,0,16,0,0,0,0,0,0,16,0,0,16,0,0,0,16
04/15/2013,CWA,WI,AGL,CE,Federal Contract Tower,2,23,2,0,27,0,0,6,0,6,2,23,8,0,33,4,0,4,37
04/16/2013,CWA,WI,AGL,CE,Federal Contract Tower,0,32,3,2,37,0,12,8,0,20,0,44,11,2,57,6,0,6,63
04/17/2013,CWA,WI,AGL,CE,Federal Contract Tower,0,21,4,0,25,0,0,0,0,0,0,21,4,0,25,0,0,0,25
04/18/2013,CWA,WI,AGL,CE,Federal Contract Tower,0,13,10,1,24,0,0,0,0,0,0,13,10,1,24,0,0,0,24
04/19/2013,CWA,WI,AGL,CE,Federal Contract Tower,0,27,3,0,30,0,0,0,0,0,0,27,3,0,30,0,0,0,30
04/20/2013,CWA,WI,AGL,CE,Federal Contract Tower,0,18,2,0,20,0,0,23,0,23,0,18,25,0,43,4,0,4,47
04/21/2013,CWA,WI,AGL,CE,Federal Contract Tower,0,24,0,0,24,0,0,0,0,0,0,24,0,0,24,0,0,0,24
04/22/2013,CWA,WI,AGL,CE,Federal Contract Tower,2,22,7,0,31,0,0,0,0,0,2,22,7,0,31,0,0,0,31
04/23/2013,CWA,WI,AGL,CE,Federal Contract Tower,0,30,2,0,32,0,0,2,0,2,0,30,4,0,34,4,0,4,38
04/24/2013,CWA,WI,AGL,CE,Federal Contract Tower,0,29,1,0,30,0,0,10,0,10,0,29,11,0,40,0,0,0,40
04/25/2013,CWA,WI,AGL,CE,Federal Contract Tower,2,23,3,0,28,0,0,6,0,6,2,23,9,0,34,0,0,0,34
04/26/2013,CWA,WI,AGL,CE,Federal Contract Tower,0,26,2,0,28,0,0,8,0,8,0,26,10,0,36,8,0,8,44
04/27/2013,CWA,WI,AGL,CE,Federal Contract Tower,0,19,4,0,23,0,0,25,0,25,0,19,29,0,48,16,0,16,64
04/28/2013,CWA,WI,AGL,CE,Federal Contract Tower,0,19,1,0,20,0,0,10,0,10,0,19,11,0,30,0,0,0,30
04/29/2013,CWA,WI,AGL,CE,Federal Contract Tower,2,22,0,0,24,0,0,13,0,13,2,22,13,0,37,18,0,18,55
04/30/2013,CWA,WI,AGL,CE,Federal Contract Tower,0,25,4,0,29,0,0,1,0,1,0,25,5,0,30,0,0,0,30
05/01/2013,CWA,WI,AGL,CE,Federal Contract Tower,0,31,4,0,35,0,0,6,0,6,0,31,10,0,41,0,0,0,41
05/02/2013,CWA,WI,AGL,CE,Federal Contract Tower,0,28,8,0,36,0,0,1,0,1,0,28,9,0,37,0,0,0,37
05/03/2013,CWA,WI,AGL,CE,Federal Contract Tower,0,24,9,0,33,0,0,0,0,0,0,24,9,0,33,0,0,0,33
05/04/2013,CWA,WI,AGL,CE,Federal Contract Tower,0,21,6,0,27,0,0,23,0,23,0,21,29,0,50,2,0,2,52
05/05/2013,CWA,WI,AGL,CE,Federal Contract Tower,0,19,6,0,25,0,0,10,0,10,0,19,16,0,35,4,0,4,39
05/06/2013,CWA,WI,AGL,CE,Federal Contract Tower,0,29,6,0,35,0,0,15,0,15,0,29,21,0,50,20,0,20,70
05/07/2013,CWA,WI,AGL,CE,Federal Contract Tower,0,26,1,0,27,0,0,8,0,8,0,26,9,0,35,2,0,2,37
05/08/2013,CWA,WI,AGL,CE,Federal Contract Tower,0,23,11,0,34,0,0,19,0,19,0,23,30,0,53,4,0,4,57
05/09/2013,CWA,WI,AGL,CE,Federal Contract Tower,0,29,5,0,34,0,0,0,0,0,0,29,5,0,34,0,0,0,34
05/10/2013,CWA,WI,AGL,CE,Federal Contract Tower,0,26,13,0,39,0,0,8,0,8,0,26,21,0,47,16,0,16,63
05/11/2013,CWA,WI,AGL,CE,Federal Contract Tower,0,22,1,0,23,0,0,1,0,1,0,22,2,0,24,0,0,0,24
05/12/2013,CWA,WI,AGL,CE,Federal Contract Tower,0,18,0,0,18,0,0,13,0,13,0,18,13,0,31,4,0,4,35
05/13/2013,CWA,WI,AGL,CE,Federal Contract Tower,2,24,1,0,27,0,0,7,0,7,2,24,8,0,34,4,0,4,38
05/14/2013,CWA,WI,AGL,CE,Federal Contract Tower,1,27,4,0,32,0,0,6,0,6,1,27,10,0,38,2,0,2,40
05/15/2013,CWA,WI,AGL,CE,Federal Contract Tower,0,27,6,0,33,0,0,14,0,14,0,27,20,0,47,14,0,14,61
05/16/2013,CWA,WI,AGL,CE,Federal Contract Tower,2,26,5,0,33,0,0,13,0,13,2,26,18,0,46,4,0,4,50
05/17/2013,CWA,WI,AGL,CE,Federal Contract Tower,2,27,3,0,32,0,0,3,0,3,2,27,6,0,35,0,0,0,35
05/18/2013,CWA,WI,AGL,CE,Federal Contract Tower,0,19,2,0,21,0,0,25,0,25,0,19,27,0,46,6,0,6,52
05/19/2013,CWA,WI,AGL,CE,Federal Contract Tower,0,18,0,0,18,0,0,7,0,7,0,18,7,0,25,0,0,0,25
05/20/2013,CWA,WI,AGL,CE,Federal Contract Tower,4,23,6,0,33,0,0,10,2,12,4,23,16,2,45,12,4,16,61
05/21/2013,CWA,WI,AGL,CE,Federal Contract Tower,0,25,3,0,28,0,0,2,0,2,0,25,5,0,30,0,0,0,30
05/22/2013,CWA,WI,AGL,CE,Federal Contract Tower,0,20,11,0,31,0,0,1,0,1,0,20,12,0,32,0,0,0,32
05/23/2013,CWA,WI,AGL,CE,Federal Contract Tower,0,27,1,0,28,0,0,14,0,14,0,27,15,0,42,0,0,0,42
05/24/2013,CWA,WI,AGL,CE,Federal Contract Tower,0,26,7,0,33,0,0,32,3,35,0,26,39,3,68,4,0,4,72
05/25/2013,CWA,WI,AGL,CE,Federal Contract Tower,0,18,0,1,19,0,0,10,2,12,0,18,10,3,31,2,0,2,33
05/26/2013,CWA,WI,AGL,CE,Federal Contract Tower,0,12,1,0,13,0,0,9,0,9,0,12,10,0,22,4,0,4,26
05/27/2013,CWA,WI,AGL,CE,Federal Contract Tower,0,14,0,0,14,0,0,10,0,10,0,14,10,0,24,2,0,2,26
05/28/2013,CWA,WI,AGL,CE,Federal Contract Tower,0,22,9,0,31,0,0,0,0,0,0,22,9,0,31,0,0,0,31
05/29/2013,CWA,WI,AGL,CE,Federal Contract Tower,0,22,3,0,25,0,0,4,0,4,0,22,7,0,29,0,0,0,29
05/30/2013,CWA,WI,AGL,CE,Federal Contract Tower,0,23,3,0,26,0,0,1,0,1,0,23,4,0,27,0,0,0,27
05/31/2013,CWA,WI,AGL,CE,Federal Contract Tower,0,24,4,0,28,0,0,2,0,2,0,24,6,0,30,0,0,0,30
06/01/2013,CWA,WI,AGL,CE,Federal Contract Tower,0,19,3,0,22,0,0,2,0,2,0,19,5,0,24,0,0,0,24
06/02/2013,CWA,WI,AGL,CE,Federal Contract Tower,0,18,4,0,22,0,0,4,0,4,0,18,8,0,26,0,0,0,26
06/03/2013,CWA,WI,AGL,CE,Federal Contract Tower,0,26,2,0,28,0,0,17,0,17,0,26,19,0,45,32,0,32,77
06/04/2013,CWA,WI,AGL,CE,Federal Contract Tower,0,25,2,0,27,0,0,1,0,1,0,25,3,0,28,0,0,0,28
06/05/2013,CWA,WI,AGL,CE,Federal Contract Tower,0,28,9,0,37,0,0,1,0,1,0,28,10,0,38,0,0,0,38
06/06/2013,CWA,WI,AGL,CE,Federal Contract Tower,0,22,9,0,31,0,0,0,0,0,0,22,9,0,31,0,0,0,31
06/07/2013,CWA,WI,AGL,CE,Federal Contract Tower,0,25,7,0,32,0,0,14,0,14,0,25,21,0,46,10,0,10,56
06/08/2013,CWA,WI,AGL,CE,Federal Contract Tower,0,18,4,0,22,0,0,12,2,14,0,18,16,2,36,12,0,12,48
06/09/2013,CWA,WI,AGL,CE,Federal Contract Tower,0,18,2,0,20,0,0,3,0,3,0,18,5,0,23,2,0,2,25
06/10/2013,CWA,WI,AGL,CE,Federal Contract Tower,0,25,2,0,27,0,0,2,2,4,0,25,4,2,31,0,4,4,35
06/11/2013,CWA,WI,AGL,CE,Federal Contract Tower,0,25,3,0,28,0,0,15,0,15,0,25,18,0,43,4,0,4,47
06/12/2013,CWA,WI,AGL,CE,Federal Contract Tower,0,25,0,0,25,0,0,9,0,9,0,25,9,0,34,0,0,0,34
06/13/2013,CWA,WI,AGL,CE,Federal Contract Tower,0,24,3,0,27,0,3,21,2,26,0,27,24,2,53,4,0,4,57
06/14/2013,CWA,WI,AGL,CE,Federal Contract Tower,0,29,0,0,29,0,0,8,0,8,0,29,8,0,37,0,0,0,37
06/15/2013,CWA,WI,AGL,CE,Federal Contract Tower,0,16,0,0,16,0,0,2,0,2,0,16,2,0,18,0,0,0,18
06/16/2013,CWA,WI,AGL,CE,Federal Contract Tower,18,4,0,0,22,0,0,17,0,17,18,4,17,0,39,8,0,8,47
06/17/2013,CWA,WI,AGL,CE,Federal Contract Tower,0,25,1,0,26,0,0,2,0,2,0,25,3,0,28,0,0,0,28
06/18/2013,CWA,WI,AGL,CE,Federal Contract Tower,0,28,8,3,39,0,6,23,0,29,0,34,31,3,68,18,14,32,100
06/19/2013,CWA,WI,AGL,CE,Federal Contract Tower,0,29,6,0,35,0,0,17,0,17,0,29,23,0,52,6,0,6,58
06/20/2013,CWA,WI,AGL,CE,Federal Contract Tower,2,27,4,0,33,0,2,3,0,5,2,29,7,0,38,0,0,0,38
06/21/2013,CWA,WI,AGL,CE,Federal Contract Tower,0,23,2,0,25,0,0,0,0,0,0,23,2,0,25,0,0,0,25
06/22/2013,CWA,WI,AGL,CE,Federal Contract Tower,0,15,2,1,18,0,0,2,1,3,0,15,4,2,21,4,0,4,25
06/23/2013,CWA,WI,AGL,CE,Federal Contract Tower,0,20,2,0,22,0,2,4,0,6,0,22,6,0,28,0,0,0,28
06/24/2013,CWA,WI,AGL,CE,Federal Contract Tower,0,22,4,0,26,0,0,15,0,15,0,22,19,0,41,2,0,2,43
06/25/2013,CWA,WI,AGL,CE,Federal Contract Tower,0,23,4,0,27,0,0,9,0,9,0,23,13,0,36,0,0,0,36
06/26/2013,CWA,WI,AGL,CE,Federal Contract Tower,0,26,1,0,27,0,0,5,0,5,0,26,6,0,32,6,0,6,38
06/27/2013,CWA,WI,AGL,CE,Federal Contract Tower,0,25,3,0,28,0,4,8,0,12,0,29,11,0,40,4,0,4,44
06/28/2013,CWA,WI,AGL,CE,Federal Contract Tower,0,21,3,0,24,0,0,1,0,1,0,21,4,0,25,0,0,0,25
06/29/2013,CWA,WI,AGL,CE,Federal Contract Tower,0,18,3,0,21,0,0,2,0,2,0,18,5,0,23,2,0,2,25
06/30/2013,CWA,WI,AGL,CE,Federal Contract Tower,0,16,5,0,21,0,0,14,0,14,0,16,19,0,35,18,0,18,53
07/01/2013,CWA,WI,AGL,CE,Federal Contract Tower,0,20,1,0,21,0,0,9,0,9,0,20,10,0,30,2,0,2,32
07/02/2013,CWA,WI,AGL,CE,Federal Contract Tower,0,25,0,0,25,0,0,6,0,6,0,25,6,0,31,12,0,12,43
07/03/2013,CWA,WI,AGL,CE,Federal Contract Tower,0,27,3,0,30,0,0,8,0,8,0,27,11,0,38,6,0,6,44
07/04/2013,CWA,WI,AGL,CE,Federal Contract Tower,0,13,0,0,13,0,0,12,0,12,0,13,12,0,25,0,0,0,25
07/05/2013,CWA,WI,AGL,CE,Federal Contract Tower,0,21,1,0,22,0,0,2,0,2,0,21,3,0,24,0,0,0,24
07/06/2013,CWA,WI,AGL,CE,Federal Contract Tower,0,15,2,0,17,0,0,10,0,10,0,15,12,0,27,8,0,8,35
07/07/2013,CWA,WI,AGL,CE,Federal Contract Tower,0,16,4,0,20,0,0,13,0,13,0,16,17,0,33,0,0,0,33
07/08/2013,CWA,WI,AGL,CE,Federal Contract Tower,0,23,9,0,32,0,0,12,0,12,0,23,21,0,44,22,0,22,66
07/09/2013,CWA,WI,AGL,CE,Federal Contract Tower,0,33,1,0,34,0,0,10,0,10,0,33,11,0,44,0,0,0,44
07/10/2013,CWA,WI,AGL,CE,Federal Contract Tower,0,27,4,0,31,0,0,14,0,14,0,27,18,0,45,30,0,30,75
07/11/2013,CWA,WI,AGL,CE,Federal Contract Tower,0,27,2,0,29,0,0,14,0,14,0,27,16,0,43,26,0,26,69
07/12/2013,CWA,WI,AGL,CE,Federal Contract Tower,0,26,5,0,31,0,0,14,0,14,0,26,19,0,45,4,0,4,49
07/13/2013,CWA,WI,AGL,CE,Federal Contract Tower,0,13,3,0,16,0,0,14,0,14,0,13,17,0,30,16,0,16,46
07/14/2013,CWA,WI,AGL,CE,Federal Contract Tower,0,14,1,0,15,0,0,9,0,9,0,14,10,0,24,18,0,18,42
07/15/2013,CWA,WI,AGL,CE,Federal Contract Tower,0,22,2,0,24,0,0,14,0,14,0,22,16,0,38,4,0,4,42
07/16/2013,CWA,WI,AGL,CE,Federal Contract Tower,0,26,4,6,36,0,0,7,2,9,0,26,11,8,45,0,0,0,45
07/17/2013,CWA,WI,AGL,CE,Federal Contract Tower,0,24,4,0,28,0,0,8,0,8,0,24,12,0,36,0,0,0,36
07/18/2013,CWA,WI,AGL,CE,Federal Contract Tower,0,24,5,0,29,0,0,5,0,5,0,24,10,0,34,0,0,0,34
07/19/2013,CWA,WI,AGL,CE,Federal Contract Tower,0,28,1,0,29,0,0,4,0,4,0,28,5,0,33,14,0,14,47
07/20/2013,CWA,WI,AGL,CE,Federal Contract Tower,0,16,0,0,16,0,2,29,0,31,0,18,29,0,47,10,0,10,57
07/21/2013,CWA,WI,AGL,CE,Federal Contract Tower,2,16,5,0,23,0,0,0,0,0,2,16,5,0,23,0,0,0,23
07/22/2013,CWA,WI,AGL,CE,Federal Contract Tower,0,20,7,0,27,0,0,0,0,0,0,20,7,0,27,0,0,0,27
07/23/2013,CWA,WI,AGL,CE,Federal Contract Tower,0,25,4,0,29,0,0,9,0,9,0,25,13,0,38,6,0,6,44
07/24/2013,CWA,WI,AGL,CE,Federal Contract Tower,2,26,5,0,33,0,0,18,2,20,2,26,23,2,53,0,0,0,53
07/25/2013,CWA,WI,AGL,CE,Federal Contract Tower,0,27,2,0,29,0,0,10,0,10,0,27,12,0,39,2,0,2,41
07/26/2013,CWA,WI,AGL,CE,Federal Contract Tower,0,24,9,0,33,0,0,4,1,5,0,24,13,1,38,0,0,0,38
07/27/2013,CWA,WI,AGL,CE,Federal Contract Tower,0,20,2,0,22,0,0,4,0,4,0,20,6,0,26,0,0,0,26
07/28/2013,CWA,WI,AGL,CE,Federal Contract Tower,0,19,0,0,19,0,0,1,0,1,0,19,1,0,20,0,0,0,20
07/29/2013,CWA,WI,AGL,CE,Federal Contract Tower,0,23,2,0,25,0,0,11,0,11,0,23,13,0,36,0,0,0,36
07/30/2013,CWA,WI,AGL,CE,Federal Contract Tower,0,25,6,2,33,0,0,4,2,6,0,25,10,4,39,4,0,4,43
07/31/2013,CWA,WI,AGL,CE,Federal Contract Tower,0,27,5,0,32,0,0,4,0,4,0,27,9,0,36,0,0,0,36
08/01/2013,CWA,WI,AGL,CE,Federal Contract Tower,0,28,6,0,34,0,0,9,0,9,0,28,15,0,43,6,0,6,49
08/02/2013,CWA,WI,AGL,CE,Federal Contract Tower,0,25,4,0,29,0,0,10,0,10,0,25,14,0,39,4,24,28,67
08/03/2013,CWA,WI,AGL,CE,Federal Contract Tower,0,20,2,0,22,0,0,10,0,10,0,20,12,0,32,10,2,12,44
08/04/2013,CWA,WI,AGL,CE,Federal Contract Tower,0,18,2,0,20,0,0,25,0,25,0,18,27,0,45,2,0,2,47
08/05/2013,CWA,WI,AGL,CE,Federal Contract Tower,0,21,0,2,23,0,0,5,0,5,0,21,5,2,28,0,0,0,28
08/06/2013,CWA,WI,AGL,CE,Federal Contract Tower,0,27,4,0,31,0,0,3,0,3,0,27,7,0,34,0,0,0,34
08/07/2013,CWA,WI,AGL,CE,Federal Contract Tower,0,25,4,0,29,0,0,9,0,9,0,25,13,0,38,16,0,16,54
08/08/2013,CWA,WI,AGL,CE,Federal Contract Tower,0,28,4,0,32,0,0,12,0,12,0,28,16,0,44,6,0,6,50
08/09/2013,CWA,WI,AGL,CE,Federal Contract Tower,0,26,0,0,26,0,0,10,2,12,0,26,10,2,38,0,0,0,38
08/10/2013,CWA,WI,AGL,CE,Federal Contract Tower,0,19,9,0,28,0,0,19,0,19,0,19,28,0,47,10,0,10,57
08/11/2013,CWA,WI,AGL,CE,Federal Contract Tower,0,21,5,0,26,0,0,12,0,12,0,21,17,0,38,2,0,2,40
08/12/2013,CWA,WI,AGL,CE,Federal Contract Tower,0,27,4,0,31,0,0,10,0,10,0,27,14,0,41,6,0,6,47
08/13/2013,CWA,WI,AGL,CE,Federal Contract Tower,2,26,2,0,30,0,0,18,0,18,2,26,20,0,48,18,0,18,66
08/14/2013,CWA,WI,AGL,CE,Federal Contract Tower,0,32,2,0,34,0,6,22,0,28,0,38,24,0,62,6,0,6,68
08/15/2013,CWA,WI,AGL,CE,Federal Contract Tower,0,27,5,0,32,0,0,19,0,19,0,27,24,0,51,24,0,24,75
08/16/2013,CWA,WI,AGL,CE,Federal Contract Tower,0,27,1,0,28,0,2,25,4,31,0,29,26,4,59,4,0,4,63
08/17/2013,CWA,WI,AGL,CE,Federal Contract Tower,2,20,1,0,23,0,0,15,0,15,2,20,16,0,38,24,0,24,62
08/18/2013,CWA,WI,AGL,CE,Federal Contract Tower,2,17,3,0,22,0,0,11,0,11,2,17,14,0,33,12,0,12,45
08/19/2013,CWA,WI,AGL,CE,Federal Contract Tower,0,26,4,0,30,0,0,13,0,13,0,26,17,0,43,0,0,0,43
08/20/2013,CWA,WI,AGL,CE,Federal Contract Tower,0,32,4,0,36,0,0,7,0,7,0,32,11,0,43,0,0,0,43
08/21/2013,CWA,WI,AGL,CE,Federal Contract Tower,0,25,4,0,29,0,0,5,0,5,0,25,9,0,34,0,0,0,34
08/22/2013,CWA,WI,AGL,CE,Federal Contract Tower,0,27,12,0,39,0,0,11,0,11,0,27,23,0,50,0,0,0,50
08/23/2013,CWA,WI,AGL,CE,Federal Contract Tower,0,29,3,0,32,0,0,26,0,26,0,29,29,0,58,18,0,18,76
08/24/2013,CWA,WI,AGL,CE,Federal Contract Tower,0,19,0,0,19,0,0,5,0,5,0,19,5,0,24,6,0,6,30
08/25/2013,CWA,WI,AGL,CE,Federal Contract Tower,0,20,4,0,24,0,0,4,0,4,0,20,8,0,28,4,0,4,32
08/26/2013,CWA,WI,AGL,CE,Federal Contract Tower,0,27,2,0,29,0,0,7,0,7,0,27,9,0,36,10,0,10,46
08/27/2013,CWA,WI,AGL,CE,Federal Contract Tower,0,30,3,0,33,0,0,4,0,4,0,30,7,0,37,0,0,0,37
08/28/2013,CWA,WI,AGL,CE,Federal Contract Tower,0,28,8,0,36,0,13,11,0,24,0,41,19,0,60,0,0,0,60
08/29/2013,CWA,WI,AGL,CE,Federal Contract Tower,0,26,11,0,37,0,0,20,0,20,0,26,31,0,57,22,0,22,79
08/30/2013,CWA,WI,AGL,CE,Federal Contract Tower,0,27,11,0,38,0,0,1,0,1,0,27,12,0,39,0,0,0,39
08/31/2013,CWA,WI,AGL,CE,Federal Contract Tower,0,17,2,0,19,0,0,12,2,14,0,17,14,2,33,4,2,6,39
09/01/2013,CWA,WI,AGL,CE,Federal Contract Tower,0,11,4,0,15,0,0,2,0,2,0,11,6,0,17,4,0,4,21
09/02/2013,CWA,WI,AGL,CE,Federal Contract Tower,0,16,4,0,20,0,0,4,0,4,0,16,8,0,24,2,0,2,26
09/03/2013,CWA,WI,AGL,CE,Federal Contract Tower,0,27,5,0,32,0,7,11,0,18,0,34,16,0,50,0,0,0,50
09/04/2013,CWA,WI,AGL,CE,Federal Contract Tower,0,27,4,0,31,0,0,11,0,11,0,27,15,0,42,0,0,0,42
09/05/2013,CWA,WI,AGL,CE,Federal Contract Tower,0,28,8,0,36,0,0,5,0,5,0,28,13,0,41,0,0,0,41
09/06/2013,CWA,WI,AGL,CE,Federal Contract Tower,0,29,2,0,31,0,0,15,0,15,0,29,17,0,46,0,0,0,46
09/07/2013,CWA,WI,AGL,CE,Federal Contract Tower,0,23,0,0,23,0,2,5,0,7,0,25,5,0,30,0,0,0,30
09/08/2013,CWA,WI,AGL,CE,Federal Contract Tower,0,21,0,0,21,0,0,9,0,9,0,21,9,0,30,0,0,0,30
09/09/2013,CWA,WI,AGL,CE,Federal Contract Tower,4,24,10,0,38,0,2,0,0,2,4,26,10,0,40,0,0,0,40
09/10/2013,CWA,WI,AGL,CE,Federal Contract Tower,0,29,3,0,32,0,0,2,0,2,0,29,5,0,34,0,0,0,34
09/11/2013,CWA,WI,AGL,CE,Federal Contract Tower,0,26,4,0,30,0,0,6,0,6,0,26,10,0,36,0,0,0,36
09/12/2013,CWA,WI,AGL,CE,Federal Contract Tower,4,26,9,0,39,0,2,2,0,4,4,28,11,0,43,0,0,0,43
09/13/2013,CWA,WI,AGL,CE,Federal Contract Tower,0,25,5,0,30,0,0,9,0,9,0,25,14,0,39,16,0,16,55
09/14/2013,CWA,WI,AGL,CE,Federal Contract Tower,0,23,3,0,26,0,2,6,0,8,0,25,9,0,34,0,0,0,34
09/15/2013,CWA,WI,AGL,CE,Federal Contract Tower,2,21,6,0,29,0,0,0,0,0,2,21,6,0,29,0,0,0,29
09/16/2013,CWA,WI,AGL,CE,Federal Contract Tower,2,22,2,0,26,0,0,10,0,10,2,22,12,0,36,10,0,10,46
09/17/2013,CWA,WI,AGL,CE,Federal Contract Tower,0,26,0,0,26,0,2,0,2,4,0,28,0,2,30,0,0,0,30
09/18/2013,CWA,WI,AGL,CE,Federal Contract Tower,0,24,9,0,33,0,0,4,0,4,0,24,13,0,37,0,0,0,37
09/19/2013,CWA,WI,AGL,CE,Federal Contract Tower,0,23,6,0,29,0,4,1,0,5,0,27,7,0,34,0,0,0,34
09/20/2013,CWA,WI,AGL,CE,Federal Contract Tower,0,24,8,0,32,0,0,1,0,1,0,24,9,0,33,0,0,0,33
09/21/2013,CWA,WI,AGL,CE,Federal Contract Tower,0,18,1,0,19,0,0,10,0,10,0,18,11,0,29,0,0,0,29
09/22/2013,CWA,WI,AGL,CE,Federal Contract Tower,0,20,1,0,21,0,0,11,0,11,0,20,12,0,32,0,0,0,32
09/23/2013,CWA,WI,AGL,CE,Federal Contract Tower,0,29,5,0,34,0,6,12,0,18,0,35,17,0,52,12,0,12,64
09/24/2013,CWA,WI,AGL,CE,Federal Contract Tower,0,27,9,0,36,0,0,7,0,7,0,27,16,0,43,12,0,12,55
09/25/2013,CWA,WI,AGL,CE,Federal Contract Tower,0,34,8,0,42,0,12,7,0,19,0,46,15,0,61,0,0,0,61
09/26/2013,CWA,WI,AGL,CE,Federal Contract Tower,2,27,10,0,39,0,0,8,0,8,2,27,18,0,47,6,0,6,53
09/27/2013,CWA,WI,AGL,CE,Federal Contract Tower,0,32,8,0,40,0,0,15,0,15,0,32,23,0,55,32,0,32,87
09/28/2013,CWA,WI,AGL,CE,Federal Contract Tower,0,24,3,0,27,0,0,2,0,2,0,24,5,0,29,0,0,0,29
09/29/2013,CWA,WI,AGL,CE,Federal Contract Tower,2,20,5,0,27,0,0,6,0,6,2,20,11,0,33,16,0,16,49
09/30/2013,CWA,WI,AGL,CE,Federal Contract Tower,0,26,6,0,32,0,14,4,0,18,0,40,10,0,50,0,0,0,50
10/01/2013,CWA,WI,AGL,CE,Federal Contract Tower,0,26,10,0,36,0,0,4,0,4,0,26,14,0,40,6,0,6,46
10/02/2013,CWA,WI,AGL,CE,Federal Contract Tower,0,29,4,0,33,0,0,14,0,14,0,29,18,0,47,6,0,6,53
10/03/2013,CWA,WI,AGL,CE,Federal Contract Tower,0,26,9,0,35,0,0,1,0,1,0,26,10,0,36,0,0,0,36
10/04/2013,CWA,WI,AGL,CE,Federal Contract Tower,0,30,7,0,37,0,0,0,0,0,0,30,7,0,37,0,0,0,37
10/05/2013,CWA,WI,AGL,CE,Federal Contract Tower,0,22,2,0,24,0,0,0,0,0,0,22,2,0,24,0,0,0,24
10/06/2013,CWA,WI,AGL,CE,Federal Contract Tower,0,20,7,0,27,0,0,16,0,16,0,20,23,0,43,8,0,8,51
10/07/2013,CWA,WI,AGL,CE,Federal Contract Tower,0,23,8,0,31,0,0,4,0,4,0,23,12,0,35,4,0,4,39
10/08/2013,CWA,WI,AGL,CE,Federal Contract Tower,0,26,7,0,33,0,0,9,0,9,0,26,16,0,42,0,0,0,42
10/09/2013,CWA,WI,AGL,CE,Federal Contract Tower,0,26,6,0,32,0,0,3,0,3,0,26,9,0,35,16,0,16,51
10/10/2013,CWA,WI,AGL,CE,Federal Contract Tower,0,27,5,0,32,0,0,12,0,12,0,27,17,0,44,32,0,32,76
10/11/2013,CWA,WI,AGL,CE,Federal Contract Tower,0,25,6,0,31,0,0,16,0,16,0,25,22,0,47,4,0,4,51
10/12/2013,CWA,WI,AGL,CE,Federal Contract Tower,0,19,2,0,21,0,0,4,0,4,0,19,6,0,25,10,0,10,35
10/13/2013,CWA,WI,AGL,CE,Federal Contract Tower,0,20,4,0,24,0,0,22,0,22,0,20,26,0,46,2,0,2,48
10/14/2013,CWA,WI,AGL,CE,Federal Contract Tower,0,24,4,0,28,0,4,14,0,18,0,28,18,0,46,10,0,10,56
10/15/2013,CWA,WI,AGL,CE,Federal Contract Tower,0,25,14,0,39,0,0,0,0,0,0,25,14,0,39,0,0,0,39
10/16/2013,CWA,WI,AGL,CE,Federal Contract Tower,0,25,9,0,34,0,0,0,0,0,0,25,9,0,34,22,0,22,56
10/17/2013,CWA,WI,AGL,CE,Federal Contract Tower,4,28,8,0,40,0,0,2,0,2,4,28,10,0,42,0,0,0,42
10/18/2013,CWA,WI,AGL,CE,Federal Contract Tower,0,25,3,0,28,0,0,2,0,2,0,25,5,0,30,0,0,0,30
10/19/2013,CWA,WI,AGL,CE,Federal Contract Tower,0,19,2,0,21,0,0,9,0,9,0,19,11,0,30,4,0,4,34
10/20/2013,CWA,WI,AGL,CE,Federal Contract Tower,0,21,2,0,23,0,0,0,0,0,0,21,2,0,23,0,0,0,23
10/21/2013,CWA,WI,AGL,CE,Federal Contract Tower,6,25,4,0,35,0,0,4,0,4,6,25,8,0,39,0,0,0,39
10/22/2013,CWA,WI,AGL,CE,Federal Contract Tower,0,30,3,0,33,0,14,6,0,20,0,44,9,0,53,8,0,8,61
10/23/2013,CWA,WI,AGL,CE,Federal Contract Tower,0,28,2,2,32,0,0,1,0,1,0,28,3,2,33,0,8,8,41
10/24/2013,CWA,WI,AGL,CE,Federal Contract Tower,0,30,8,0,38,0,4,4,0,8,0,34,12,0,46,0,0,0,46
10/25/2013,CWA,WI,AGL,CE,Federal Contract Tower,0,25,7,0,32,0,0,4,0,4,0,25,11,0,36,8,0,8,44
10/26/2013,CWA,WI,AGL,CE,Federal Contract Tower,0,20,2,0,22,0,0,4,0,4,0,20,6,0,26,0,0,0,26
10/27/2013,CWA,WI,AGL,CE,Federal Contract Tower,0,23,2,0,25,0,0,14,0,14,0,23,16,0,39,0,0,0,39
10/28/2013,CWA,WI,AGL,CE,Federal Contract Tower,0,27,11,0,38,0,0,13,0,13,0,27,24,0,51,10,0,10,61
10/29/2013,CWA,WI,AGL,CE,Federal Contract Tower,0,28,5,0,33,0,4,3,0,7,0,32,8,0,40,0,0,0,40
10/30/2013,CWA,WI,AGL,CE,Federal Contract Tower,0,24,3,0,27,0,0,0,0,0,0,24,3,0,27,0,0,0,27
10/31/2013,CWA,WI,AGL,CE,Federal Contract Tower,0,18,4,0,22,0,0,0,0,0,0,18,4,0,22,0,0,0,22
11/01/2013,CWA,WI,AGL,CE,Federal Contract Tower,0,30,6,0,36,0,0,2,0,2,0,30,8,0,38,0,0,0,38
11/02/2013,CWA,WI,AGL,CE,Federal Contract Tower,0,19,1,0,20,0,0,6,0,6,0,19,7,0,26,0,0,0,26
11/03/2013,CWA,WI,AGL,CE,Federal Contract Tower,2,24,5,0,31,0,0,13,0,13,2,24,18,0,44,2,0,2,46
11/04/2013,CWA,WI,AGL,CE,Federal Contract Tower,0,23,0,0,23,0,0,0,0,0,0,23,0,0,23,0,0,0,23
11/05/2013,CWA,WI,AGL,CE,Federal Contract Tower,0,25,2,0,27,0,8,4,0,12,0,33,6,0,39,6,0,6,45
11/06/2013,CWA,WI,AGL,CE,Federal Contract Tower,2,26,3,0,31,0,0,2,0,2,2,26,5,0,33,6,0,6,39
11/07/2013,CWA,WI,AGL,CE,Federal Contract Tower,0,27,5,0,32,0,0,11,0,11,0,27,16,0,43,22,0,22,65
11/08/2013,CWA,WI,AGL,CE,Federal Contract Tower,0,29,3,0,32,0,0,1,0,1,0,29,4,0,33,0,0,0,33
11/09/2013,CWA,WI,AGL,CE,Federal Contract Tower,0,21,1,0,22,0,0,0,0,0,0,21,1,0,22,0,0,0,22
11/10/2013,CWA,WI,AGL,CE,Federal Contract Tower,2,22,5,0,29,0,0,6,0,6,2,22,11,0,35,6,0,6,41
11/11/2013,CWA,WI,AGL,CE,Federal Contract Tower,0,23,2,0,25,0,0,1,0,1,0,23,3,0,26,0,0,0,26
11/12/2013,CWA,WI,AGL,CE,Federal Contract Tower,0,26,4,0,30,0,2,16,0,18,0,28,20,0,48,6,0,6,54
11/13/2013,CWA,WI,AGL,CE,Federal Contract Tower,0,25,2,0,27,0,0,1,0,1,0,25,3,0,28,0,0,0,28
11/14/2013,CWA,WI,AGL,CE,Federal Contract Tower,0,27,1,0,28,0,4,2,0,6,0,31,3,0,34,0,0,0,34
11/15/2013,CWA,WI,AGL,CE,Federal Contract Tower,0,30,5,0,35,0,2,7,0,9,0,32,12,0,44,0,0,0,44
11/16/2013,CWA,WI,AGL,CE,Federal Contract Tower,0,24,0,0,24,0,0,0,0,0,0,24,0,0,24,0,0,0,24
11/17/2013,CWA,WI,AGL,CE,Federal Contract Tower,0,16,1,0,17,0,0,0,0,0,0,16,1,0,17,0,0,0,17
11/18/2013,CWA,WI,AGL,CE,Federal Contract Tower,0,27,8,0,35,0,0,2,0,2,0,27,10,0,37,0,0,0,37
11/19/2013,CWA,WI,AGL,CE,Federal Contract Tower,2,29,5,0,36,0,0,25,0,25,2,29,30,0,61,28,0,28,89
11/20/2013,CWA,WI,AGL,CE,Federal Contract Tower,2,24,5,0,31,0,0,2,0,2,2,24,7,0,33,0,0,0,33
11/21/2013,CWA,WI,AGL,CE,Federal Contract Tower,0,24,3,0,27,0,0,0,0,0,0,24,3,0,27,0,0,0,27
11/22/2013,CWA,WI,AGL,CE,Federal Contract Tower,2,27,2,0,31,0,0,4,0,4,2,27,6,0,35,6,0,6,41
11/23/2013,CWA,WI,AGL,CE,Federal Contract Tower,2,19,0,0,21,0,0,2,0,2,2,19,2,0,23,0,0,0,23
11/24/2013,CWA,WI,AGL,CE,Federal Contract Tower,0,17,1,0,18,0,0,0,0,0,0,17,1,0,18,0,0,0,18
11/25/2013,CWA,WI,AGL,CE,Federal Contract Tower,0,22,5,0,27,0,2,0,0,2,0,24,5,0,29,0,0,0,29
11/26/2013,CWA,WI,AGL,CE,Federal Contract Tower,0,33,2,0,35,0,0,4,0,4,0,33,6,0,39,4,0,4,43
11/27/2013,CWA,WI,AGL,CE,Federal Contract Tower,0,34,4,0,38,0,0,5,0,5,0,34,9,0,43,0,0,0,43
11/28/2013,CWA,WI,AGL,CE,Federal Contract Tower,0,8,0,0,8,0,0,1,0,1,0,8,1,0,9,0,0,0,9
11/29/2013,CWA,WI,AGL,CE,Federal Contract Tower,0,19,3,0,22,0,4,8,0,12,0,23,11,0,34,14,0,14,48
11/30/2013,CWA,WI,AGL,CE,Federal Contract Tower,0,21,3,0,24,0,0,1,0,1,0,21,4,0,25,0,0,0,25
12/01/2013,CWA,WI,AGL,CE,Federal Contract Tower,0,22,2,0,24,0,0,13,0,13,0,22,15,0,37,2,0,2,39
12/02/2013,CWA,WI,AGL,CE,Federal Contract Tower,0,27,6,0,33,0,0,4,0,4,0,27,10,0,37,26,0,26,63
12/03/2013,CWA,WI,AGL,CE,Federal Contract Tower,0,28,4,0,32,0,0,0,0,0,0,28,4,0,32,0,0,0,32
12/04/2013,CWA,WI,AGL,CE,Federal Contract Tower,0,21,2,0,23,0,0,0,0,0,0,21,2,0,23,0,0,0,23
12/05/2013,CWA,WI,AGL,CE,Federal Contract Tower,2,26,7,0,35,0,0,4,0,4,2,26,11,0,39,0,0,0,39
12/06/2013,CWA,WI,AGL,CE,Federal Contract Tower,0,31,7,0,38,0,0,0,0,0,0,31,7,0,38,0,0,0,38
12/07/2013,CWA,WI,AGL,CE,Federal Contract Tower,0,18,0,0,18,0,0,10,0,10,0,18,10,0,28,0,0,0,28
12/08/2013,CWA,WI,AGL,CE,Federal Contract Tower,0,19,1,0,20,0,0,0,0,0,0,19,1,0,20,0,0,0,20
12/09/2013,CWA,WI,AGL,CE,Federal Contract Tower,2,21,6,0,29,0,0,2,0,2,2,21,8,0,31,4,0,4,35
12/10/2013,CWA,WI,AGL,CE,Federal Contract Tower,0,25,2,0,27,0,0,0,0,0,0,25,2,0,27,0,0,0,27
12/11/2013,CWA,WI,AGL,CE,Federal Contract Tower,0,30,4,0,34,0,12,2,0,14,0,42,6,0,48,0,0,0,48
12/12/2013,CWA,WI,AGL,CE,Federal Contract Tower,0,30,3,0,33,0,1,3,0,4,0,31,6,0,37,0,0,0,37
12/13/2013,CWA,WI,AGL,CE,Federal Contract Tower,0,32,1,0,33,0,2,6,0,8,0,34,7,0,41,24,0,24,65
12/14/2013,CWA,WI,AGL,CE,Federal Contract Tower,0,20,0,0,20,0,0,0,0,0,0,20,0,0,20,0,0,0,20
12/15/2013,CWA,WI,AGL,CE,Federal Contract Tower,0,19,3,0,22,0,0,6,0,6,0,19,9,0,28,4,0,4,32
12/16/2013,CWA,WI,AGL,CE,Federal Contract Tower,0,25,3,0,28,0,1,1,0,2,0,26,4,0,30,0,0,0,30
12/17/2013,CWA,WI,AGL,CE,Federal Contract Tower,0,23,9,0,32,0,0,1,0,1,0,23,10,0,33,0,0,0,33
12/18/2013,CWA,WI,AGL,CE,Federal Contract Tower,0,27,6,0,33,0,0,4,0,4,0,27,10,0,37,0,0,0,37
12/19/2013,CWA,WI,AGL,CE,Federal Contract Tower,0,29,6,0,35,0,0,0,0,0,0,29,6,0,35,0,0,0,35
12/20/2013,CWA,WI,AGL,CE,Federal Contract Tower,0,34,3,0,37,0,0,0,0,0,0,34,3,0,37,0,0,0,37
12/21/2013,CWA,WI,AGL,CE,Federal Contract Tower,0,26,0,0,26,0,0,0,0,0,0,26,0,0,26,0,0,0,26
12/22/2013,CWA,WI,AGL,CE,Federal Contract Tower,0,12,0,0,12,0,0,0,0,0,0,12,0,0,12,0,0,0,12
12/23/2013,CWA,WI,AGL,CE,Federal Contract Tower,2,17,2,0,21,0,0,0,0,0,2,17,2,0,21,0,0,0,21
12/24/2013,CWA,WI,AGL,CE,Federal Contract Tower,0,25,2,0,27,0,0,5,0,5,0,25,7,0,32,6,0,6,38
12/25/2013,CWA,WI,AGL,CE,Federal Contract Tower,0,13,3,0,16,0,0,0,0,0,0,13,3,0,16,0,0,0,16
12/26/2013,CWA,WI,AGL,CE,Federal Contract Tower,0,30,3,0,33,0,2,1,0,3,0,32,4,0,36,12,0,12,48
12/27/2013,CWA,WI,AGL,CE,Federal Contract Tower,0,28,2,0,30,0,0,2,0,2,0,28,4,0,32,0,0,0,32
12/28/2013,CWA,WI,AGL,CE,Federal Contract Tower,0,15,4,0,19,0,0,13,0,13,0,15,17,0,32,0,0,0,32
12/29/2013,CWA,WI,AGL,CE,Federal Contract Tower,0,12,0,0,12,0,0,0,0,0,0,12,0,0,12,0,0,0,12
12/30/2013,CWA,WI,AGL,CE,Federal Contract Tower,2,22,0,0,24,0,5,6,0,11,2,27,6,0,35,0,0,0,35
12/31/2013,CWA,WI,AGL,CE,Federal Contract Tower,0,19,2,0,21,0,0,0,0,0,0,19,2,0,21,0,0,0,21
01/01/2014,CWA,WI,AGL,CE,Federal Contract Tower,0,11,2,0,13,0,0,4,0,4,0,11,6,0,17,0,0,0,17
01/02/2014,CWA,WI,AGL,CE,Federal Contract Tower,2,25,4,0,31,0,4,3,0,7,2,29,7,0,38,0,4,4,42
01/03/2014,CWA,WI,AGL,CE,Federal Contract Tower,0,26,1,0,27,0,0,2,0,2,0,26,3,0,29,0,0,0,29
01/04/2014,CWA,WI,AGL,CE,Federal Contract Tower,0,18,0,0,18,0,0,2,0,2,0,18,2,0,20,0,0,0,20
01/05/2014,CWA,WI,AGL,CE,Federal Contract Tower,0,11,1,0,12,0,0,0,0,0,0,11,1,0,12,0,0,0,12
01/06/2014,CWA,WI,AGL,CE,Federal Contract Tower,0,9,4,0,13,0,0,0,0,0,0,9,4,0,13,0,0,0,13
01/07/2014,CWA,WI,AGL,CE,Federal Contract Tower,0,13,2,0,15,0,0,0,0,0,0,13,2,0,15,0,0,0,15
01/08/2014,CWA,WI,AGL,CE,Federal Contract Tower,0,21,4,0,25,0,0,1,0,1,0,21,5,0,26,0,0,0,26
01/09/2014,CWA,WI,AGL,CE,Federal Contract Tower,0,27,5,0,32,0,0,3,0,3,0,27,8,0,35,0,0,0,35
01/10/2014,CWA,WI,AGL,CE,Federal Contract Tower,0,19,1,0,20,0,0,0,0,0,0,19,1,0,20,0,0,0,20
01/11/2014,CWA,WI,AGL,CE,Federal Contract Tower,0,16,1,0,17,0,0,0,0,0,0,16,1,0,17,0,0,0,17
01/12/2014,CWA,WI,AGL,CE,Federal Contract Tower,0,18,1,0,19,0,2,13,0,15,0,20,14,0,34,0,0,0,34
01/13/2014,CWA,WI,AGL,CE,Federal Contract Tower,2,24,6,0,32,0,0,2,0,2,2,24,8,0,34,2,0,2,36
01/14/2014,CWA,WI,AGL,CE,Federal Contract Tower,0,20,1,0,21,0,0,0,0,0,0,20,1,0,21,0,0,0,21
01/15/2014,CWA,WI,AGL,CE,Federal Contract Tower,0,23,5,0,28,0,0,10,0,10,0,23,15,0,38,20,0,20,58
01/16/2014,CWA,WI,AGL,CE,Federal Contract Tower,0,26,2,0,28,0,0,0,0,0,0,26,2,0,28,0,0,0,28
01/17/2014,CWA,WI,AGL,CE,Federal Contract Tower,0,25,10,0,35,0,0,1,0,1,0,25,11,0,36,20,0,20,56
01/18/2014,CWA,WI,AGL,CE,Federal Contract Tower,1,14,0,0,15,0,2,3,0,5,1,16,3,0,20,0,0,0,20
01/19/2014,CWA,WI,AGL,CE,Federal Contract Tower,1,16,1,0,18,0,0,4,0,4,1,16,5,0,22,0,0,0,22
01/20/2014,CWA,WI,AGL,CE,Federal Contract Tower,0,22,5,0,27,0,0,1,0,1,0,22,6,0,28,0,0,0,28
01/21/2014,CWA,WI,AGL,CE,Federal Contract Tower,0,23,12,0,35,0,0,9,0,9,0,23,21,0,44,0,0,0,44
01/22/2014,CWA,WI,AGL,CE,Federal Contract Tower,0,22,7,0,29,0,0,2,0,2,0,22,9,0,31,0,0,0,31
01/23/2014,CWA,WI,AGL,CE,Federal Contract Tower,0,25,5,0,30,0,0,1,0,1,0,25,6,0,31,0,0,0,31
01/24/2014,CWA,WI,AGL,CE,Federal Contract Tower,0,23,2,0,25,0,0,1,0,1,0,23,3,0,26,0,0,0,26
01/25/2014,CWA,WI,AGL,CE,Federal Contract Tower,0,13,0,0,13,0,0,4,0,4,0,13,4,0,17,2,0,2,19
01/26/2014,CWA,WI,AGL,CE,Federal Contract Tower,0,14,2,0,16,0,0,0,0,0,0,14,2,0,16,0,0,0,16
01/27/2014,CWA,WI,AGL,CE,Federal Contract Tower,0,18,3,0,21,0,0,0,0,0,0,18,3,0,21,0,0,0,21
01/28/2014,CWA,WI,AGL,CE,Federal Contract Tower,0,25,2,0,27,0,5,0,0,5,0,30,2,0,32,0,0,0,32
01/29/2014,CWA,WI,AGL,CE,Federal Contract Tower,0,22,6,0,28,0,0,2,0,2,0,22,8,0,30,0,0,0,30
01/30/2014,CWA,WI,AGL,CE,Federal Contract Tower,0,17,1,0,18,0,0,0,0,0,0,17,1,0,18,0,0,0,18
01/31/2014,CWA,WI,AGL,CE,Federal Contract Tower,0,21,5,0,26,0,0,1,0,1,0,21,6,0,27,0,0,0,27
02/01/2014,CWA,WI,AGL,CE,Federal Contract Tower,0,12,0,0,12,0,0,12,0,12,0,12,12,0,24,0,0,0,24
02/02/2014,CWA,WI,AGL,CE,Federal Contract Tower,0,14,1,0,15,0,0,3,0,3,0,14,4,0,18,4,0,4,22
02/03/2014,CWA,WI,AGL,CE,Federal Contract Tower,0,25,2,0,27,0,0,4,0,4,0,25,6,0,31,8,0,8,39
02/04/2014,CWA,WI,AGL,CE,Federal Contract Tower,0,23,5,0,28,0,1,10,0,11,0,24,15,0,39,10,0,10,49
02/05/2014,CWA,WI,AGL,CE,Federal Contract Tower,0,21,3,0,24,0,0,0,0,0,0,21,3,0,24,0,0,0,24
02/06/2014,CWA,WI,AGL,CE,Federal Contract Tower,0,24,4,0,28,0,2,8,0,10,0,26,12,0,38,0,0,0,38
02/07/2014,CWA,WI,AGL,CE,Federal Contract Tower,0,24,5,0,29,0,0,16,0,16,0,24,21,0,45,0,0,0,45
02/08/2014,CWA,WI,AGL,CE,Federal Contract Tower,0,14,0,0,14,0,0,0,0,0,0,14,0,0,14,0,0,0,14
02/09/2014,CWA,WI,AGL,CE,Federal Contract Tower,0,19,0,0,19,0,0,4,0,4,0,19,4,0,23,0,0,0,23
02/10/2014,CWA,WI,AGL,CE,Federal Contract Tower,0,27,7,0,34,0,0,10,0,10,0,27,17,0,44,0,0,0,44
02/11/2014,CWA,WI,AGL,CE,Federal Contract Tower,0,22,7,0,29,0,8,0,0,8,0,30,7,0,37,0,0,0,37
02/12/2014,CWA,WI,AGL,CE,Federal Contract Tower,0,27,1,0,28,0,2,0,0,2,0,29,1,0,30,0,0,0,30
02/13/2014,CWA,WI,AGL,CE,Federal Contract Tower,0,27,1,0,28,0,0,0,0,0,0,27,1,0,28,0,0,0,28
02/14/2014,CWA,WI,AGL,CE,Federal Contract Tower,0,26,1,0,27,0,0,9,0,9,0,26,10,0,36,0,0,0,36
02/15/2014,CWA,WI,AGL,CE,Federal Contract Tower,0,12,1,0,13,0,0,4,0,4,0,12,5,0,17,0,0,0,17
02/16/2014,CWA,WI,AGL,CE,Federal Contract Tower,0,16,2,0,18,0,0,4,0,4,0,16,6,0,22,0,0,0,22
02/17/2014,CWA,WI,AGL,CE,Federal Contract Tower,0,27,1,0,28,0,0,2,0,2,0,27,3,0,30,0,0,0,30
02/18/2014,CWA,WI,AGL,CE,Federal Contract Tower,0,22,5,0,27,0,3,9,0,12,0,25,14,0,39,12,0,12,51
02/19/2014,CWA,WI,AGL,CE,Federal Contract Tower,0,24,6,0,30,0,4,16,0,20,0,28,22,0,50,26,0,26,76
02/20/2014,CWA,WI,AGL,CE,Federal Contract Tower,0,16,4,0,20,0,0,0,0,0,0,16,4,0,20,0,0,0,20
02/21/2014,CWA,WI,AGL,CE,Federal Contract Tower,0,25,10,0,35,0,0,0,0,0,0,25,10,0,35,0,0,0,35
02/22/2014,CWA,WI,AGL,CE,Federal Contract Tower,0,17,5,0,22,0,0,1,0,1,0,17,6,0,23,0,0,0,23
02/23/2014,CWA,WI,AGL,CE,Federal Contract Tower,0,20,5,0,25,0,0,4,0,4,0,20,9,0,29,0,0,0,29
02/24/2014,CWA,WI,AGL,CE,Federal Contract Tower,0,26,2,0,28,0,12,3,0,15,0,38,5,0,43,2,0,2,45
02/25/2014,CWA,WI,AGL,CE,Federal Contract Tower,0,30,2,0,32,0,0,2,0,2,0,30,4,0,34,8,0,8,42
02/26/2014,CWA,WI,AGL,CE,Federal Contract Tower,0,33,8,0,41,0,35,0,0,35,0,68,8,0,76,0,0,0,76
02/27/2014,CWA,WI,AGL,CE,Federal Contract Tower,0,30,7,0,37,0,3,0,0,3,0,33,7,0,40,0,0,0,40
02/28/2014,CWA,WI,AGL,CE,Federal Contract Tower,0,23,4,0,27,0,0,0,0,0,0,23,4,0,27,0,0,0,27
03/01/2014,CWA,WI,AGL,CE,Federal Contract Tower,0,15,1,0,16,0,0,7,0,7,0,15,8,0,23,2,0,2,25
03/02/2014,CWA,WI,AGL,CE,Federal Contract Tower,0,21,1,0,22,0,0,18,0,18,0,21,19,0,40,8,0,8,48
03/03/2014,CWA,WI,AGL,CE,Federal Contract Tower,2,22,8,0,32,0,0,7,0,7,2,22,15,0,39,0,0,0,39
03/04/2014,CWA,WI,AGL,CE,Federal Contract Tower,0,22,3,0,25,0,1,6,0,7,0,23,9,0,32,0,0,0,32
03/05/2014,CWA,WI,AGL,CE,Federal Contract Tower,0,23,5,0,28,0,0,4,1,5,0,23,9,1,33,0,0,0,33
03/06/2014,CWA,WI,AGL,CE,Federal Contract Tower,0,30,5,0,35,0,0,2,0,2,0,30,7,0,37,0,0,0,37
03/07/2014,CWA,WI,AGL,CE,Federal Contract Tower,0,23,3,0,26,0,0,0,0,0,0,23,3,0,26,0,0,0,26
03/08/2014,CWA,WI,AGL,CE,Federal Contract Tower,0,16,1,0,17,0,0,10,0,10,0,16,11,0,27,2,0,2,29
03/09/2014,CWA,WI,AGL,CE,Federal Contract Tower,0,20,0,0,20,0,5,2,0,7,0,25,2,0,27,0,0,0,27
03/10/2014,CWA,WI,AGL,CE,Federal Contract Tower,0,22,5,0,27,0,5,10,0,15,0,27,15,0,42,4,0,4,46
03/11/2014,CWA,WI,AGL,CE,Federal Contract Tower,0,26,2,0,28,0,0,6,0,6,0,26,8,0,34,26,0,26,60
03/12/2014,CWA,WI,AGL,CE,Federal Contract Tower,0,25,4,0,29,0,0,4,0,4,0,25,8,0,33,0,0,0,33
03/13/2014,CWA,WI,AGL,CE,Federal Contract Tower,2,25,7,0,34,0,2,2,0,4,2,27,9,0,38,0,0,0,38
03/14/2014,CWA,WI,AGL,CE,Federal Contract Tower,2,24,7,0,33,0,2,7,2,11,2,26,14,2,44,0,0,0,44
03/15/2014,CWA,WI,AGL,CE,Federal Contract Tower,0,14,1,0,15,0,0,0,0,0,0,14,1,0,15,0,0,0,15
03/16/2014,CWA,WI,AGL,CE,Federal Contract Tower,0,20,0,0,20,0,0,17,0,17,0,20,17,0,37,8,0,8,45
03/17/2014,CWA,WI,AGL,CE,Federal Contract Tower,4,22,2,0,28,0,0,3,0,3,4,22,5,0,31,20,0,20,51
03/18/2014,CWA,WI,AGL,CE,Federal Contract Tower,0,27,1,0,28,0,0,0,0,0,0,27,1,0,28,0,0,0,28
03/19/2014,CWA,WI,AGL,CE,Federal Contract Tower,0,31,4,0,35,0,0,0,0,0,0,31,4,0,35,0,0,0,35
03/20/2014,CWA,WI,AGL,CE,Federal Contract Tower,0,26,4,2,32,0,0,5,2,7,0,26,9,4,39,8,0,8,47
03/21/2014,CWA,WI,AGL,CE,Federal Contract Tower,0,23,9,0,32,0,0,5,0,5,0,23,14,0,37,0,0,0,37
03/22/2014,CWA,WI,AGL,CE,Federal Contract Tower,0,16,5,0,21,0,0,0,0,0,0,16,5,0,21,0,0,0,21
03/23/2014,CWA,WI,AGL,CE,Federal Contract Tower,0,22,3,0,25,0,0,14,0,14,0,22,17,0,39,0,0,0,39
03/24/2014,CWA,WI,AGL,CE,Federal Contract Tower,0,20,2,0,22,0,2,4,0,6,0,22,6,0,28,0,0,0,28
03/25/2014,CWA,WI,AGL,CE,Federal Contract Tower,0,24,1,0,25,0,0,6,0,6,0,24,7,0,31,0,0,0,31
03/26/2014,CWA,WI,AGL,CE,Federal Contract Tower,0,24,8,2,34,0,0,1,0,1,0,24,9,2,35,0,0,0,35
03/27/2014,CWA,WI,AGL,CE,Federal Contract Tower,2,23,4,0,29,0,0,0,0,0,2,23,4,0,29,0,0,0,29
03/28/2014,CWA,WI,AGL,CE,Federal Contract Tower,0,24,0,0,24,0,0,8,0,8,0,24,8,0,32,6,0,6,38
03/29/2014,CWA,WI,AGL,CE,Federal Contract Tower,0,18,0,0,18,0,0,17,0,17,0,18,17,0,35,0,0,0,35
03/30/2014,CWA,WI,AGL,CE,Federal Contract Tower,2,19,1,0,22,0,0,17,0,17,2,19,18,0,39,0,0,0,39
03/31/2014,CWA,WI,AGL,CE,Federal Contract Tower,0,20,1,0,21,0,0,6,0,6,0,20,7,0,27,0,0,0,27
04/01/2014,CWA,WI,AGL,CE,Federal Contract Tower,0,24,0,0,24,0,0,0,0,0,0,24,0,0,24,0,0,0,24
04/02/2014,CWA,WI,AGL,CE,Federal Contract Tower,0,24,3,0,27,0,0,8,0,8,0,24,11,0,35,24,0,24,59
04/03/2014,CWA,WI,AGL,CE,Federal Contract Tower,0,20,5,0,25,0,0,1,0,1,0,20,6,0,26,0,0,0,26
04/04/2014,CWA,WI,AGL,CE,Federal Contract Tower,0,18,2,0,20,0,0,0,0,0,0,18,2,0,20,0,0,0,20
04/05/2014,CWA,WI,AGL,CE,Federal Contract Tower,0,18,1,0,19,0,0,10,0,10,0,18,11,0,29,0,0,0,29
04/06/2014,CWA,WI,AGL,CE,Federal Contract Tower,0,19,1,0,20,0,0,9,0,9,0,19,10,0,29,0,0,0,29
04/07/2014,CWA,WI,AGL,CE,Federal Contract Tower,0,21,0,0,21,0,0,2,0,2,0,21,2,0,23,10,0,10,33
04/08/2014,CWA,WI,AGL,CE,Federal Contract Tower,0,22,5,0,27,0,0,5,0,5,0,22,10,0,32,12,0,12,44
04/09/2014,CWA,WI,AGL,CE,Federal Contract Tower,0,24,6,0,30,0,2,3,0,5,0,26,9,0,35,22,0,22,57
04/10/2014,CWA,WI,AGL,CE,Federal Contract Tower,0,28,10,0,38,0,0,1,0,1,0,28,11,0,39,0,0,0,39
04/11/2014,CWA,WI,AGL,CE,Federal Contract Tower,0,23,5,0,28,0,0,6,0,6,0,23,11,0,34,0,0,0,34
04/12/2014,CWA,WI,AGL,CE,Federal Contract Tower,0,16,2,0,18,0,0,0,0,0,0,16,2,0,18,0,0,0,18
04/13/2014,CWA,WI,AGL,CE,Federal Contract Tower,0,19,4,0,23,0,0,0,0,0,0,19,4,0,23,0,0,0,23
04/14/2014,CWA,WI,AGL,CE,Federal Contract Tower,3,23,12,0,38,0,0,0,0,0,3,23,12,0,38,0,0,0,38
04/15/2014,CWA,WI,AGL,CE,Federal Contract Tower,0,22,13,0,35,0,0,10,0,10,0,22,23,0,45,14,0,14,59
04/16/2014,CWA,WI,AGL,CE,Federal Contract Tower,0,29,11,0,40,0,0,1,0,1,0,29,12,0,41,0,0,0,41
04/17/2014,CWA,WI,AGL,CE,Federal Contract Tower,0,32,8,0,40,0,0,6,0,6,0,32,14,0,46,0,0,0,46
04/18/2014,CWA,WI,AGL,CE,Federal Contract Tower,0,23,8,2,33,0,0,10,0,10,0,23,18,2,43,0,0,0,43
04/19/2014,CWA,WI,AGL,CE,Federal Contract Tower,0,16,2,0,18,0,0,3,0,3,0,16,5,0,21,0,0,0,21
04/20/2014,CWA,WI,AGL,CE,Federal Contract Tower,0,17,4,0,21,0,0,2,0,2,0,17,6,0,23,0,0,0,23
04/21/2014,CWA,WI,AGL,CE,Federal Contract Tower,0,25,7,0,32,0,0,2,0,2,0,25,9,0,34,6,0,6,40
04/22/2014,CWA,WI,AGL,CE,Federal Contract Tower,0,26,7,0,33,0,2,4,0,6,0,28,11,0,39,2,0,2,41
04/23/2014,CWA,WI,AGL,CE,Federal Contract Tower,2,25,0,0,27,0,2,12,0,14,2,27,12,0,41,2,0,2,43
04/24/2014,CWA,WI,AGL,CE,Federal Contract Tower,0,24,5,0,29,0,0,0,0,0,0,24,5,0,29,0,0,0,29
04/25/2014,CWA,WI,AGL,CE,Federal Contract Tower,2,27,6,0,35,0,0,2,0,2,2,27,8,0,37,0,0,0,37
04/26/2014,CWA,WI,AGL,CE,Federal Contract Tower,0,12,19,0,31,0,0,11,0,11,0,12,30,0,42,2,0,2,44
04/27/2014,CWA,WI,AGL,CE,Federal Contract Tower,2,19,8,0,29,0,0,4,0,4,2,19,12,0,33,0,0,0,33
04/28/2014,CWA,WI,AGL,CE,Federal Contract Tower,2,23,2,0,27,0,2,1,0,3,2,25,3,0,30,0,0,0,30
04/29/2014,CWA,WI,AGL,CE,Federal Contract Tower,0,24,17,0,41,0,0,0,0,0,0,24,17,0,41,0,0,0,41
04/30/2014,CWA,WI,AGL,CE,Federal Contract Tower,0,25,3,0,28,0,0,0,0,0,0,25,3,0,28,0,0,0,28
05/01/2014,CWA,WI,AGL,CE,Federal Contract Tower,0,26,1,0,27,0,0,0,0,0,0,26,1,0,27,0,0,0,27
05/02/2014,CWA,WI,AGL,CE,Federal Contract Tower,0,24,4,0,28,0,1,5,0,6,0,25,9,0,34,0,0,0,34
05/03/2014,CWA,WI,AGL,CE,Federal Contract Tower,0,16,2,0,18,0,0,4,0,4,0,16,6,0,22,0,0,0,22
05/04/2014,CWA,WI,AGL,CE,Federal Contract Tower,0,23,2,0,25,0,0,7,0,7,0,23,9,0,32,0,0,0,32
05/05/2014,CWA,WI,AGL,CE,Federal Contract Tower,0,23,5,0,28,0,0,9,0,9,0,23,14,0,37,16,0,16,53
05/06/2014,CWA,WI,AGL,CE,Federal Contract Tower,0,21,4,0,25,0,0,14,0,14,0,21,18,0,39,22,0,22,61
05/07/2014,CWA,WI,AGL,CE,Federal Contract Tower,0,25,8,0,33,0,0,0,0,0,0,25,8,0,33,0,0,0,33
05/08/2014,CWA,WI,AGL,CE,Federal Contract Tower,0,27,8,0,35,0,0,0,0,0,0,27,8,0,35,0,0,0,35
05/09/2014,CWA,WI,AGL,CE,Federal Contract Tower,0,23,5,0,28,0,0,1,0,1,0,23,6,0,29,0,0,0,29
05/10/2014,CWA,WI,AGL,CE,Federal Contract Tower,0,21,0,0,21,0,0,43,0,43,0,21,43,0,64,12,0,12,76
05/11/2014,CWA,WI,AGL,CE,Federal Contract Tower,0,13,3,0,16,0,0,16,0,16,0,13,19,0,32,0,0,0,32
05/12/2014,CWA,WI,AGL,CE,Federal Contract Tower,0,21,2,0,23,0,0,0,0,0,0,21,2,0,23,0,0,0,23
05/13/2014,CWA,WI,AGL,CE,Federal Contract Tower,0,16,5,0,21,0,2,3,0,5,0,18,8,0,26,0,0,0,26
05/14/2014,CWA,WI,AGL,CE,Federal Contract Tower,0,25,10,0,35,0,0,10,0,10,0,25,20,0,45,0,0,0,45
05/15/2014,CWA,WI,AGL,CE,Federal Contract Tower,4,28,7,0,39,0,0,9,0,9,4,28,16,0,48,0,0,0,48
05/16/2014,CWA,WI,AGL,CE,Federal Contract Tower,0,23,4,0,27,0,0,7,0,7,0,23,11,0,34,0,0,0,34
05/17/2014,CWA,WI,AGL,CE,Federal Contract Tower,0,16,1,0,17,0,4,42,0,46,0,20,43,0,63,10,0,10,73
05/18/2014,CWA,WI,AGL,CE,Federal Contract Tower,2,21,2,0,25,0,0,10,0,10,2,21,12,0,35,2,0,2,37
05/19/2014,CWA,WI,AGL,CE,Federal Contract Tower,5,20,2,0,27,0,2,2,0,4,5,22,4,0,31,0,0,0,31
05/20/2014,CWA,WI,AGL,CE,Federal Contract Tower,1,23,2,0,26,0,0,6,2,8,1,23,8,2,34,4,18,22,56
05/21/2014,CWA,WI,AGL,CE,Federal Contract Tower,0,24,12,0,36,0,0,10,0,10,0,24,22,0,46,6,0,6,52
05/22/2014,CWA,WI,AGL,CE,Federal Contract Tower,0,25,5,0,30,0,0,8,0,8,0,25,13,0,38,8,0,8,46
05/23/2014,CWA,WI,AGL,CE,Federal Contract Tower,0,25,5,0,30,0,0,25,0,25,0,25,30,0,55,4,0,4,59
05/24/2014,CWA,WI,AGL,CE,Federal Contract Tower,2,18,2,0,22,0,0,13,0,13,2,18,15,0,35,2,0,2,37
05/25/2014,CWA,WI,AGL,CE,Federal Contract Tower,0,12,0,0,12,0,0,4,0,4,0,12,4,0,16,0,0,0,16
05/26/2014,CWA,WI,AGL,CE,Federal Contract Tower,0,16,0,0,16,0,0,3,0,3,0,16,3,0,19,0,0,0,19
05/27/2014,CWA,WI,AGL,CE,Federal Contract Tower,0,18,4,0,22,0,0,0,0,0,0,18,4,0,22,0,0,0,22
05/28/2014,CWA,WI,AGL,CE,Federal Contract Tower,1,26,5,0,32,0,2,20,0,22,1,28,25,0,54,8,0,8,62
05/29/2014,CWA,WI,AGL,CE,Federal Contract Tower,0,25,5,0,30,0,1,21,0,22,0,26,26,0,52,8,0,8,60
05/30/2014,CWA,WI,AGL,CE,Federal Contract Tower,0,24,5,0,29,0,0,9,0,9,0,24,14,0,38,0,0,0,38
05/31/2014,CWA,WI,AGL,CE,Federal Contract Tower,0,16,4,0,20,0,0,4,0,4,0,16,8,0,24,0,0,0,24
06/01/2014,CWA,WI,AGL,CE,Federal Contract Tower,2,11,4,0,17,0,0,1,0,1,2,11,5,0,18,0,0,0,18
06/02/2014,CWA,WI,AGL,CE,Federal Contract Tower,0,17,7,0,24,0,0,1,0,1,0,17,8,0,25,0,0,0,25
06/03/2014,CWA,WI,AGL,CE,Federal Contract Tower,0,24,2,0,26,0,0,5,0,5,0,24,7,0,31,0,0,0,31
06/04/2014,CWA,WI,AGL,CE,Federal Contract Tower,2,28,1,0,31,0,0,12,0,12,2,28,13,0,43,4,0,4,47
06/05/2014,CWA,WI,AGL,CE,Federal Contract Tower,0,25,10,0,35,0,0,20,0,20,0,25,30,0,55,4,0,4,59
06/06/2014,CWA,WI,AGL,CE,Federal Contract Tower,0,22,3,0,25,0,0,4,0,4,0,22,7,0,29,0,0,0,29
06/07/2014,CWA,WI,AGL,CE,Federal Contract Tower,0,17,0,0,17,0,0,0,0,0,0,17,0,0,17,0,0,0,17
06/08/2014,CWA,WI,AGL,CE,Federal Contract Tower,4,18,1,0,23,0,0,11,0,11,4,18,12,0,34,0,0,0,34
06/09/2014,CWA,WI,AGL,CE,Federal Contract Tower,0,25,5,0,30,0,2,14,0,16,0,27,19,0,46,6,0,6,52
06/10/2014,CWA,WI,AGL,CE,Federal Contract Tower,0,29,3,0,32,0,0,17,0,17,0,29,20,0,49,12,0,12,61
06/11/2014,CWA,WI,AGL,CE,Federal Contract Tower,2,26,6,0,34,0,0,15,0,15,2,26,21,0,49,0,0,0,49
06/12/2014,CWA,WI,AGL,CE,Federal Contract Tower,0,24,15,0,39,0,0,0,0,0,0,24,15,0,39,0,0,0,39
06/13/2014,CWA,WI,AGL,CE,Federal Contract Tower,0,24,4,0,28,0,0,8,0,8,0,24,12,0,36,0,0,0,36
06/14/2014,CWA,WI,AGL,CE,Federal Contract Tower,2,18,4,0,24,0,0,13,0,13,2,18,17,0,37,8,0,8,45
06/15/2014,CWA,WI,AGL,CE,Federal Contract Tower,0,18,2,0,20,0,0,4,0,4,0,18,6,0,24,0,0,0,24
06/16/2014,CWA,WI,AGL,CE,Federal Contract Tower,0,22,2,0,24,0,2,6,2,10,0,24,8,2,34,24,0,24,58
06/17/2014,CWA,WI,AGL,CE,Federal Contract Tower,0,25,1,0,26,0,0,3,0,3,0,25,4,0,29,4,0,4,33
06/18/2014,CWA,WI,AGL,CE,Federal Contract Tower,4,20,8,0,32,0,0,5,0,5,4,20,13,0,37,0,0,0,37
06/19/2014,CWA,WI,AGL,CE,Federal Contract Tower,0,19,6,0,25,0,0,2,0,2,0,19,8,0,27,0,0,0,27
06/20/2014,CWA,WI,AGL,CE,Federal Contract Tower,0,25,3,0,28,0,0,3,0,3,0,25,6,0,31,8,0,8,39
06/21/2014,CWA,WI,AGL,CE,Federal Contract Tower,0,18,0,0,18,0,2,1,0,3,0,20,1,0,21,0,0,0,21
06/22/2014,CWA,WI,AGL,CE,Federal Contract Tower,2,18,5,0,25,0,0,8,0,8,2,18,13,0,33,0,0,0,33
06/23/2014,CWA,WI,AGL,CE,Federal Contract Tower,0,21,1,0,22,0,0,0,0,0,0,21,1,0,22,0,0,0,22
06/24/2014,CWA,WI,AGL,CE,Federal Contract Tower,0,25,5,0,30,0,2,6,0,8,0,27,11,0,38,0,0,0,38
06/25/2014,CWA,WI,AGL,CE,Federal Contract Tower,0,32,12,0,44,0,1,5,0,6,0,33,17,0,50,2,0,2,52
06/26/2014,CWA,WI,AGL,CE,Federal Contract Tower,0,30,8,0,38,0,1,9,0,10,0,31,17,0,48,0,0,0,48
06/27/2014,CWA,WI,AGL,CE,Federal Contract Tower,0,24,7,0,31,0,0,0,0,0,0,24,7,0,31,0,0,0,31
06/28/2014,CWA,WI,AGL,CE,Federal Contract Tower,2,18,4,0,24,0,0,7,0,7,2,18,11,0,31,0,0,0,31
06/29/2014,CWA,WI,AGL,CE,Federal Contract Tower,0,17,3,0,20,0,0,5,0,5,0,17,8,0,25,0,0,0,25
06/30/2014,CWA,WI,AGL,CE,Federal Contract Tower,0,19,2,0,21,0,1,2,0,3,0,20,4,0,24,0,0,0,24
07/01/2014,CWA,WI,AGL,CE,Federal Contract Tower,0,19,6,0,25,0,0,4,0,4,0,19,10,0,29,0,0,0,29
07/02/2014,CWA,WI,AGL,CE,Federal Contract Tower,0,24,2,0,26,0,0,9,0,9,0,24,11,0,35,0,0,0,35
07/03/2014,CWA,WI,AGL,CE,Federal Contract Tower,0,24,0,0,24,0,0,18,0,18,0,24,18,0,42,2,0,2,44
07/04/2014,CWA,WI,AGL,CE,Federal Contract Tower,2,13,0,0,15,0,0,17,0,17,2,13,17,0,32,4,0,4,36
07/05/2014,CWA,WI,AGL,CE,Federal Contract Tower,0,14,11,0,25,0,0,2,0,2,0,14,13,0,27,4,0,4,31
07/06/2014,CWA,WI,AGL,CE,Federal Contract Tower,0,18,2,0,20,0,0,0,0,0,0,18,2,0,20,0,0,0,20
07/07/2014,CWA,WI,AGL,CE,Federal Contract Tower,2,24,0,0,26,0,2,9,0,11,2,26,9,0,37,12,0,12,49
07/08/2014,CWA,WI,AGL,CE,Federal Contract Tower,0,25,6,0,31,0,0,5,0,5,0,25,11,0,36,0,0,0,36
07/09/2014,CWA,WI,AGL,CE,Federal Contract Tower,0,27,7,0,34,0,0,26,0,26,0,27,33,0,60,18,0,18,78
07/10/2014,CWA,WI,AGL,CE,Federal Contract Tower,0,29,8,0,37,0,0,26,0,26,0,29,34,0,63,50,0,50,113
07/11/2014,CWA,WI,AGL,CE,Federal Contract Tower,0,28,2,0,30,0,0,11,0,11,0,28,13,0,41,6,0,6,47
07/12/2014,CWA,WI,AGL,CE,Federal Contract Tower,0,16,0,0,16,0,0,7,0,7,0,16,7,0,23,10,0,10,33
07/13/2014,CWA,WI,AGL,CE,Federal Contract Tower,0,20,2,0,22,0,0,4,0,4,0,20,6,0,26,2,0,2,28
07/14/2014,CWA,WI,AGL,CE,Federal Contract Tower,0,25,4,0,29,0,2,3,0,5,0,27,7,0,34,0,0,0,34
07/15/2014,CWA,WI,AGL,CE,Federal Contract Tower,0,26,7,0,33,0,0,10,0,10,0,26,17,0,43,10,0,10,53
07/16/2014,CWA,WI,AGL,CE,Federal Contract Tower,0,27,4,0,31,0,1,18,2,21,0,28,22,2,52,24,6,30,82
07/17/2014,CWA,WI,AGL,CE,Federal Contract Tower,0,23,7,0,30,0,0,8,0,8,0,23,15,0,38,32,0,32,70
07/18/2014,CWA,WI,AGL,CE,Federal Contract Tower,0,25,7,0,32,0,0,8,0,8,0,25,15,0,40,4,0,4,44
07/19/2014,CWA,WI,AGL,CE,Federal Contract Tower,0,18,4,0,22,0,0,4,0,4,0,18,8,0,26,10,0,10,36
07/20/2014,CWA,WI,AGL,CE,Federal Contract Tower,0,18,7,0,25,0,0,10,0,10,0,18,17,0,35,10,0,10,45
07/21/2014,CWA,WI,AGL,CE,Federal Contract Tower,4,23,1,0,28,0,0,11,0,11,4,23,12,0,39,22,0,22,61
07/22/2014,CWA,WI,AGL,CE,Federal Contract Tower,0,29,5,0,34,0,0,4,0,4,0,29,9,0,38,8,0,8,46
07/23/2014,CWA,WI,AGL,CE,Federal Contract Tower,0,25,5,0,30,0,0,20,0,20,0,25,25,0,50,62,0,62,112
07/24/2014,CWA,WI,AGL,CE,Federal Contract Tower,0,24,6,0,30,0,0,19,0,19,0,24,25,0,49,6,0,6,55
07/25/2014,CWA,WI,AGL,CE,Federal Contract Tower,0,23,7,0,30,0,0,7,0,7,0,23,14,0,37,2,0,2,39
07/26/2014,CWA,WI,AGL,CE,Federal Contract Tower,0,16,7,0,23,0,0,6,0,6,0,16,13,0,29,0,0,0,29
07/27/2014,CWA,WI,AGL,CE,Federal Contract Tower,0,15,3,0,18,0,0,3,0,3,0,15,6,0,21,4,0,4,25
07/28/2014,CWA,WI,AGL,CE,Federal Contract Tower,0,20,4,0,24,0,3,7,0,10,0,23,11,0,34,12,0,12,46
07/29/2014,CWA,WI,AGL,CE,Federal Contract Tower,1,27,5,0,33,0,0,7,0,7,1,27,12,0,40,20,0,20,60
07/30/2014,CWA,WI,AGL,CE,Federal Contract Tower,1,23,4,0,28,0,0,7,0,7,1,23,11,0,35,0,0,0,35
07/31/2014,CWA,WI,AGL,CE,Federal Contract Tower,0,28,3,0,31,0,2,8,0,10,0,30,11,0,41,4,0,4,45
08/01/2014,CWA,WI,AGL,CE,Federal Contract Tower,0,28,4,0,32,0,0,7,0,7,0,28,11,0,39,10,0,10,49
08/02/2014,CWA,WI,AGL,CE,Federal Contract Tower,2,16,2,0,20,0,0,13,0,13,2,16,15,0,33,0,0,0,33
08/03/2014,CWA,WI,AGL,CE,Federal Contract Tower,0,17,5,0,22,0,0,3,0,3,0,17,8,0,25,0,0,0,25
08/04/2014,CWA,WI,AGL,CE,Federal Contract Tower,0,22,5,0,27,0,0,4,0,4,0,22,9,0,31,0,0,0,31
08/05/2014,CWA,WI,AGL,CE,Federal Contract Tower,0,25,9,0,34,0,2,20,0,22,0,27,29,0,56,6,0,6,62
08/06/2014,CWA,WI,AGL,CE,Federal Contract Tower,2,24,5,0,31,0,0,12,0,12,2,24,17,0,43,26,0,26,69
08/07/2014,CWA,WI,AGL,CE,Federal Contract Tower,0,23,4,0,27,0,0,19,0,19,0,23,23,0,46,42,0,42,88
08/08/2014,CWA,WI,AGL,CE,Federal Contract Tower,0,25,5,0,30,0,0,15,0,15,0,25,20,0,45,4,0,4,49
08/09/2014,CWA,WI,AGL,CE,Federal Contract Tower,0,18,5,0,23,0,0,25,0,25,0,18,30,0,48,18,0,18,66
08/10/2014,CWA,WI,AGL,CE,Federal Contract Tower,0,19,2,0,21,0,4,13,0,17,0,23,15,0,38,18,0,18,56
08/11/2014,CWA,WI,AGL,CE,Federal Contract Tower,0,23,3,0,26,0,0,0,0,0,0,23,3,0,26,0,0,0,26
08/12/2014,CWA,WI,AGL,CE,Federal Contract Tower,0,25,5,0,30,0,1,6,0,7,0,26,11,0,37,0,0,0,37
08/13/2014,CWA,WI,AGL,CE,Federal Contract Tower,2,24,7,0,33,0,0,12,2,14,2,24,19,2,47,2,0,2,49
08/14/2014,CWA,WI,AGL,CE,Federal Contract Tower,0,25,16,0,41,0,0,14,0,14,0,25,30,0,55,8,0,8,63
08/15/2014,CWA,WI,AGL,CE,Federal Contract Tower,0,24,6,0,30,0,0,10,0,10,0,24,16,0,40,0,0,0,40
08/16/2014,CWA,WI,AGL,CE,Federal Contract Tower,0,17,2,0,19,0,0,0,0,0,0,17,2,0,19,0,0,0,19
08/17/2014,CWA,WI,AGL,CE,Federal Contract Tower,2,17,2,0,21,0,0,6,0,6,2,17,8,0,27,12,0,12,39
08/18/2014,CWA,WI,AGL,CE,Federal Contract Tower,0,24,4,0,28,0,0,0,0,0,0,24,4,0,28,0,0,0,28
08/19/2014,CWA,WI,AGL,CE,Federal Contract Tower,0,26,0,0,26,0,0,6,0,6,0,26,6,0,32,0,0,0,32
08/20/2014,CWA,WI,AGL,CE,Federal Contract Tower,0,29,4,0,33,0,0,6,0,6,0,29,10,0,39,0,0,0,39
08/21/2014,CWA,WI,AGL,CE,Federal Contract Tower,0,22,1,0,23,0,0,0,0,0,0,22,1,0,23,0,0,0,23
08/22/2014,CWA,WI,AGL,CE,Federal Contract Tower,0,25,8,0,33,0,0,0,0,0,0,25,8,0,33,0,0,0,33
08/23/2014,CWA,WI,AGL,CE,Federal Contract Tower,0,17,1,0,18,0,0,0,0,0,0,17,1,0,18,0,0,0,18
08/24/2014,CWA,WI,AGL,CE,Federal Contract Tower,0,18,5,0,23,0,0,0,0,0,0,18,5,0,23,0,0,0,23
08/25/2014,CWA,WI,AGL,CE,Federal Contract Tower,0,16,2,0,18,0,0,7,0,7,0,16,9,0,25,8,0,8,33
08/26/2014,CWA,WI,AGL,CE,Federal Contract Tower,0,26,2,0,28,0,0,4,0,4,0,26,6,0,32,0,0,0,32
08/27/2014,CWA,WI,AGL,CE,Federal Contract Tower,0,25,3,0,28,0,0,18,0,18,0,25,21,0,46,6,0,6,52
08/28/2014,CWA,WI,AGL,CE,Federal Contract Tower,0,26,6,0,32,0,0,1,0,1,0,26,7,0,33,0,0,0,33
08/29/2014,CWA,WI,AGL,CE,Federal Contract Tower,0,27,4,0,31,0,0,1,0,1,0,27,5,0,32,0,0,0,32
08/30/2014,CWA,WI,AGL,CE,Federal Contract Tower,0,15,7,0,22,0,0,0,0,0,0,15,7,0,22,0,0,0,22
08/31/2014,CWA,WI,AGL,CE,Federal Contract Tower,0,11,4,0,15,0,0,3,0,3,0,11,7,0,18,22,0,22,40
09/01/2014,CWA,WI,AGL,CE,Federal Contract Tower,0,16,1,0,17,0,0,3,0,3,0,16,4,0,20,14,0,14,34
09/02/2014,CWA,WI,AGL,CE,Federal Contract Tower,0,21,5,0,26,0,0,6,0,6,0,21,11,0,32,2,0,2,34
09/03/2014,CWA,WI,AGL,CE,Federal Contract Tower,0,20,1,0,21,0,0,3,1,4,0,20,4,1,25,0,0,0,25
09/04/2014,CWA,WI,AGL,CE,Federal Contract Tower,2,22,10,0,34,0,0,1,0,1,2,22,11,0,35,0,0,0,35
09/05/2014,CWA,WI,AGL,CE,Federal Contract Tower,0,20,1,0,21,0,0,6,0,6,0,20,7,0,27,2,0,2,29
09/06/2014,CWA,WI,AGL,CE,Federal Contract Tower,0,14,2,0,16,0,0,12,0,12,0,14,14,0,28,4,0,4,32
09/07/2014,CWA,WI,AGL,CE,Federal Contract Tower,2,19,5,0,26,0,2,11,0,13,2,21,16,0,39,0,0,0,39
09/08/2014,CWA,WI,AGL,CE,Federal Contract Tower,2,22,7,0,31,0,0,19,0,19,2,22,26,0,50,0,0,0,50
09/09/2014,CWA,WI,AGL,CE,Federal Contract Tower,1,29,3,0,33,0,0,4,0,4,1,29,7,0,37,2,0,2,39
09/10/2014,CWA,WI,AGL,CE,Federal Contract Tower,0,29,0,0,29,0,0,0,0,0,0,29,0,0,29,0,0,0,29
09/11/2014,CWA,WI,AGL,CE,Federal Contract Tower,0,28,5,0,33,0,0,10,0,10,0,28,15,0,43,6,0,6,49
09/12/2014,CWA,WI,AGL,CE,Federal Contract Tower,0,32,9,0,41,0,0,2,0,2,0,32,11,0,43,0,0,0,43
09/13/2014,CWA,WI,AGL,CE,Federal Contract Tower,2,16,0,0,18,0,0,15,0,15,2,16,15,0,33,2,0,2,35
09/14/2014,CWA,WI,AGL,CE,Federal Contract Tower,4,15,4,0,23,0,0,2,0,2,4,15,6,0,25,4,0,4,29
09/15/2014,CWA,WI,AGL,CE,Federal Contract Tower,0,21,2,0,23,0,0,3,0,3,0,21,5,0,26,4,0,4,30
09/16/2014,CWA,WI,AGL,CE,Federal Contract Tower,2,23,3,0,28,0,0,7,0,7,2,23,10,0,35,2,0,2,37
09/17/2014,CWA,WI,AGL,CE,Federal Contract Tower,2,29,10,0,41,0,0,11,0,11,2,29,21,0,52,32,0,32,84
09/18/2014,CWA,WI,AGL,CE,Federal Contract Tower,0,26,6,0,32,0,0,2,0,2,0,26,8,0,34,10,0,10,44
09/19/2014,CWA,WI,AGL,CE,Federal Contract Tower,0,22,2,0,24,0,0,2,0,2,0,22,4,0,26,0,0,0,26
09/20/2014,CWA,WI,AGL,CE,Federal Contract Tower,0,16,2,0,18,0,0,4,0,4,0,16,6,0,22,0,0,0,22
09/21/2014,CWA,WI,AGL,CE,Federal Contract Tower,4,16,0,0,20,0,0,7,0,7,4,16,7,0,27,2,0,2,29
09/22/2014,CWA,WI,AGL,CE,Federal Contract Tower,0,22,6,0,28,0,0,5,0,5,0,22,11,0,33,12,0,12,45
09/23/2014,CWA,WI,AGL,CE,Federal Contract Tower,0,24,3,0,27,0,0,12,0,12,0,24,15,0,39,0,0,0,39
09/24/2014,CWA,WI,AGL,CE,Federal Contract Tower,0,26,1,0,27,0,0,14,0,14,0,26,15,0,41,12,0,12,53
09/25/2014,CWA,WI,AGL,CE,Federal Contract Tower,0,27,9,0,36,0,0,10,0,10,0,27,19,0,46,0,0,0,46
09/26/2014,CWA,WI,AGL,CE,Federal Contract Tower,0,20,6,0,26,0,0,11,0,11,0,20,17,0,37,6,0,6,43
09/27/2014,CWA,WI,AGL,CE,Federal Contract Tower,0,12,1,0,13,0,0,15,0,15,0,12,16,0,28,0,0,0,28
09/28/2014,CWA,WI,AGL,CE,Federal Contract Tower,2,17,3,0,22,0,2,16,0,18,2,19,19,0,40,6,0,6,46
09/29/2014,CWA,WI,AGL,CE,Federal Contract Tower,0,20,6,0,26,0,0,2,0,2,0,20,8,0,28,0,0,0,28
09/30/2014,CWA,WI,AGL,CE,Federal Contract Tower,0,20,5,0,25,0,2,5,0,7,0,22,10,0,32,4,0,4,36
10/01/2014,CWA,WI,AGL,CE,Federal Contract Tower,0,24,3,0,27,0,0,7,0,7,0,24,10,0,34,0,0,0,34
10/02/2014,CWA,WI,AGL,CE,Federal Contract Tower,0,26,2,0,28,0,1,0,0,1,0,27,2,0,29,0,0,0,29
10/03/2014,CWA,WI,AGL,CE,Federal Contract Tower,0,25,5,0,30,0,0,0,0,0,0,25,5,0,30,0,0,0,30
10/04/2014,CWA,WI,AGL,CE,Federal Contract Tower,0,15,2,0,17,0,0,4,0,4,0,15,6,0,21,0,0,0,21
10/05/2014,CWA,WI,AGL,CE,Federal Contract Tower,0,20,3,0,23,0,0,17,0,17,0,20,20,0,40,28,0,28,68
10/06/2014,CWA,WI,AGL,CE,Federal Contract Tower,2,24,5,0,31,0,6,2,0,8,2,30,7,0,39,0,0,0,39
10/07/2014,CWA,WI,AGL,CE,Federal Contract Tower,0,24,6,0,30,0,0,6,0,6,0,24,12,0,36,0,0,0,36
10/08/2014,CWA,WI,AGL,CE,Federal Contract Tower,0,25,1,0,26,0,2,18,0,20,0,27,19,0,46,0,0,0,46
10/09/2014,CWA,WI,AGL,CE,Federal Contract Tower,2,22,7,0,31,0,0,17,0,17,2,22,24,0,48,30,0,30,78
10/10/2014,CWA,WI,AGL,CE,Federal Contract Tower,0,26,2,0,28,0,0,18,0,18,0,26,20,0,46,24,0,24,70
10/11/2014,CWA,WI,AGL,CE,Federal Contract Tower,0,16,0,0,16,0,0,16,0,16,0,16,16,0,32,8,0,8,40
10/12/2014,CWA,WI,AGL,CE,Federal Contract Tower,0,17,2,0,19,0,0,8,0,8,0,17,10,0,27,6,0,6,33
10/13/2014,CWA,WI,AGL,CE,Federal Contract Tower,4,21,4,0,29,0,0,0,0,0,4,21,4,0,29,0,0,0,29
10/14/2014,CWA,WI,AGL,CE,Federal Contract Tower,0,26,3,0,29,0,0,2,0,2,0,26,5,0,31,0,0,0,31
10/15/2014,CWA,WI,AGL,CE,Federal Contract Tower,2,24,8,0,34,0,0,2,0,2,2,24,10,0,36,0,0,0,36
10/16/2014,CWA,WI,AGL,CE,Federal Contract Tower,0,27,4,0,31,0,0,9,0,9,0,27,13,0,40,24,0,24,64
10/17/2014,CWA,WI,AGL,CE,Federal Contract Tower,2,29,1,0,32,0,0,2,0,2,2,29,3,0,34,0,0,0,34
10/18/2014,CWA,WI,AGL,CE,Federal Contract Tower,0,16,1,0,17,0,0,11,0,11,0,16,12,0,28,16,0,16,44
10/19/2014,CWA,WI,AGL,CE,Federal Contract Tower,2,19,1,0,22,0,0,4,0,4,2,19,5,0,26,26,0,26,52
10/20/2014,CWA,WI,AGL,CE,Federal Contract Tower,0,22,2,0,24,0,2,2,0,4,0,24,4,0,28,8,0,8,36
10/21/2014,CWA,WI,AGL,CE,Federal Contract Tower,0,27,4,0,31,0,0,1,0,1,0,27,5,0,32,0,0,0,32
10/22/2014,CWA,WI,AGL,CE,Federal Contract Tower,0,29,7,2,38,0,2,3,0,5,0,31,10,2,43,0,0,0,43
10/23/2014,CWA,WI,AGL,CE,Federal Contract Tower,0,20,8,0,28,0,2,0,0,2,0,22,8,0,30,0,0,0,30
10/24/2014,CWA,WI,AGL,CE,Federal Contract Tower,0,22,5,0,27,0,1,3,0,4,0,23,8,0,31,0,0,0,31
10/25/2014,CWA,WI,AGL,CE,Federal Contract Tower,0,16,1,0,17,0,1,7,0,8,0,17,8,0,25,0,0,0,25
10/26/2014,CWA,WI,AGL,CE,Federal Contract Tower,0,18,2,0,20,0,0,5,0,5,0,18,7,0,25,0,0,0,25
10/27/2014,CWA,WI,AGL,CE,Federal Contract Tower,0,22,3,0,25,0,2,4,0,6,0,24,7,0,31,0,0,0,31
10/28/2014,CWA,WI,AGL,CE,Federal Contract Tower,0,31,7,0,38,0,0,2,0,2,0,31,9,0,40,0,0,0,40
10/29/2014,CWA,WI,AGL,CE,Federal Contract Tower,0,26,5,0,31,0,0,7,0,7,0,26,12,0,38,4,0,4,42
10/30/2014,CWA,WI,AGL,CE,Federal Contract Tower,0,27,4,0,31,0,0,7,0,7,0,27,11,0,38,12,0,12,50
10/31/2014,CWA,WI,AGL,CE,Federal Contract Tower,0,24,6,0,30,0,0,0,0,0,0,24,6,0,30,0,0,0,30
11/01/2014,CWA,WI,AGL,CE,Federal Contract Tower,0,18,2,0,20,0,0,4,0,4,0,18,6,0,24,8,0,8,32
11/02/2014,CWA,WI,AGL,CE,Federal Contract Tower,0,19,3,0,22,0,5,5,0,10,0,24,8,0,32,0,0,0,32
11/03/2014,CWA,WI,AGL,CE,Federal Contract Tower,2,21,4,0,27,0,0,6,0,6,2,21,10,0,33,10,0,10,43
11/04/2014,CWA,WI,AGL,CE,Federal Contract Tower,0,28,7,1,36,0,0,2,1,3,0,28,9,2,39,0,0,0,39
11/05/2014,CWA,WI,AGL,CE,Federal Contract Tower,0,24,3,0,27,0,0,0,0,0,0,24,3,0,27,0,0,0,27
11/06/2014,CWA,WI,AGL,CE,Federal Contract Tower,2,25,3,0,30,0,0,2,0,2,2,25,5,0,32,0,0,0,32
11/07/2014,CWA,WI,AGL,CE,Federal Contract Tower,2,27,3,0,32,0,0,3,0,3,2,27,6,0,35,2,0,2,37
11/08/2014,CWA,WI,AGL,CE,Federal Contract Tower,1,16,1,0,18,0,0,4,0,4,1,16,5,0,22,8,0,8,30
11/09/2014,CWA,WI,AGL,CE,Federal Contract Tower,1,17,4,0,22,0,0,4,0,4,1,17,8,0,26,4,0,4,30
11/10/2014,CWA,WI,AGL,CE,Federal Contract Tower,4,20,3,0,27,0,0,0,0,0,4,20,3,0,27,0,0,0,27
11/11/2014,CWA,WI,AGL,CE,Federal Contract Tower,0,32,4,0,36,0,0,0,0,0,0,32,4,0,36,0,0,0,36
11/12/2014,CWA,WI,AGL,CE,Federal Contract Tower,0,28,2,0,30,0,0,0,0,0,0,28,2,0,30,0,0,0,30
11/13/2014,CWA,WI,AGL,CE,Federal Contract Tower,0,25,9,0,34,0,0,0,0,0,0,25,9,0,34,0,0,0,34
11/14/2014,CWA,WI,AGL,CE,Federal Contract Tower,0,26,7,0,33,0,4,0,0,4,0,30,7,0,37,0,0,0,37
11/15/2014,CWA,WI,AGL,CE,Federal Contract Tower,0,18,3,0,21,0,0,6,0,6,0,18,9,0,27,0,0,0,27
11/16/2014,CWA,WI,AGL,CE,Federal Contract Tower,0,17,2,0,19,0,0,0,0,0,0,17,2,0,19,0,0,0,19
11/17/2014,CWA,WI,AGL,CE,Federal Contract Tower,0,23,5,0,28,0,0,0,0,0,0,23,5,0,28,0,0,0,28
11/18/2014,CWA,WI,AGL,CE,Federal Contract Tower,0,30,1,0,31,0,0,0,0,0,0,30,1,0,31,0,0,0,31
11/19/2014,CWA,WI,AGL,CE,Federal Contract Tower,0,28,2,0,30,0,0,0,0,0,0,28,2,0,30,0,0,0,30
11/20/2014,CWA,WI,AGL,CE,Federal Contract Tower,0,29,4,0,33,0,0,2,0,2,0,29,6,0,35,0,0,0,35
11/21/2014,CWA,WI,AGL,CE,Federal Contract Tower,2,22,3,0,27,0,0,12,0,12,2,22,15,0,39,30,0,30,69
11/22/2014,CWA,WI,AGL,CE,Federal Contract Tower,0,8,0,0,8,0,0,0,0,0,0,8,0,0,8,0,0,0,8
11/23/2014,CWA,WI,AGL,CE,Federal Contract Tower,0,0,1,0,1,0,0,0,0,0,0,0,1,0,1,0,0,0,1
11/24/2014,CWA,WI,AGL,CE,Federal Contract Tower,0,23,3,0,26,0,0,0,0,0,0,23,3,0,26,0,0,0,26
11/25/2014,CWA,WI,AGL,CE,Federal Contract Tower,0,25,4,0,29,0,0,2,0,2,0,25,6,0,31,10,0,10,41
11/26/2014,CWA,WI,AGL,CE,Federal Contract Tower,0,27,5,0,32,0,0,3,0,3,0,27,8,0,35,6,0,6,41
11/27/2014,CWA,WI,AGL,CE,Federal Contract Tower,0,16,2,0,18,0,0,4,0,4,0,16,6,0,22,6,0,6,28
11/28/2014,CWA,WI,AGL,CE,Federal Contract Tower,0,22,0,0,22,0,0,0,0,0,0,22,0,0,22,0,0,0,22
11/29/2014,CWA,WI,AGL,CE,Federal Contract Tower,0,16,5,0,21,0,0,0,0,0,0,16,5,0,21,0,0,0,21
11/30/2014,CWA,WI,AGL,CE,Federal Contract Tower,2,16,2,0,20,0,0,9,0,9,2,16,11,0,29,0,0,0,29
12/01/2014,CWA,WI,AGL,CE,Federal Contract Tower,0,23,6,0,29,0,0,6,0,6,0,23,12,0,35,4,0,4,39
12/02/2014,CWA,WI,AGL,CE,Federal Contract Tower,0,23,10,0,33,0,4,2,0,6,0,27,12,0,39,0,0,0,39
12/03/2014,CWA,WI,AGL,CE,Federal Contract Tower,2,25,5,0,32,0,4,2,0,6,2,29,7,0,38,2,0,2,40
12/04/2014,CWA,WI,AGL,CE,Federal Contract Tower,0,26,14,0,40,0,0,14,2,16,0,26,28,2,56,4,0,4,60
12/05/2014,CWA,WI,AGL,CE,Federal Contract Tower,0,28,6,0,34,0,0,0,0,0,0,28,6,0,34,0,0,0,34
12/06/2014,CWA,WI,AGL,CE,Federal Contract Tower,0,14,11,0,25,0,0,14,0,14,0,14,25,0,39,0,0,0,39
12/07/2014,CWA,WI,AGL,CE,Federal Contract Tower,2,17,2,0,21,0,0,1,0,1,2,17,3,0,22,0,0,0,22
12/08/2014,CWA,WI,AGL,CE,Federal Contract Tower,0,15,3,0,18,0,0,0,0,0,0,15,3,0,18,0,0,0,18
12/09/2014,CWA,WI,AGL,CE,Federal Contract Tower,0,26,9,0,35,0,0,2,0,2,0,26,11,0,37,0,0,0,37
12/10/2014,CWA,WI,AGL,CE,Federal Contract Tower,0,26,4,0,30,0,0,0,0,0,0,26,4,0,30,0,0,0,30
12/11/2014,CWA,WI,AGL,CE,Federal Contract Tower,0,24,4,0,28,0,0,0,0,0,0,24,4,0,28,0,0,0,28
12/12/2014,CWA,WI,AGL,CE,Federal Contract Tower,0,25,3,0,28,0,0,0,0,0,0,25,3,0,28,0,0,0,28
12/13/2014,CWA,WI,AGL,CE,Federal Contract Tower,0,11,1,0,12,0,0,0,0,0,0,11,1,0,12,0,0,0,12
12/14/2014,CWA,WI,AGL,CE,Federal Contract Tower,0,0,1,0,1,0,0,0,0,0,0,0,1,0,1,0,0,0,1
12/15/2014,CWA,WI,AGL,CE,Federal Contract Tower,0,9,3,0,12,0,0,1,0,1,0,9,4,0,13,0,0,0,13
12/16/2014,CWA,WI,AGL,CE,Federal Contract Tower,2,24,5,0,31,0,0,3,0,3,2,24,8,0,34,0,0,0,34
12/17/2014,CWA,WI,AGL,CE,Federal Contract Tower,0,29,9,0,38,0,0,3,0,3,0,29,12,0,41,14,0,14,55
12/18/2014,CWA,WI,AGL,CE,Federal Contract Tower,0,24,10,0,34,0,0,0,0,0,0,24,10,0,34,0,0,0,34
12/19/2014,CWA,WI,AGL,CE,Federal Contract Tower,0,27,3,0,30,0,0,0,0,0,0,27,3,0,30,2,0,2,32
12/20/2014,CWA,WI,AGL,CE,Federal Contract Tower,2,19,2,0,23,0,0,0,0,0,2,19,2,0,23,0,0,0,23
12/21/2014,CWA,WI,AGL,CE,Federal Contract Tower,2,14,0,0,16,0,0,0,0,0,2,14,0,0,16,0,0,0,16
12/22/2014,CWA,WI,AGL,CE,Federal Contract Tower,0,28,2,0,30,0,0,0,0,0,0,28,2,0,30,0,0,0,30
12/23/2014,CWA,WI,AGL,CE,Federal Contract Tower,0,31,9,0,40,0,0,0,0,0,0,31,9,0,40,0,0,0,40
12/24/2014,CWA,WI,AGL,CE,Federal Contract Tower,0,25,2,0,27,0,0,0,0,0,0,25,2,0,27,0,0,0,27
12/25/2014,CWA,WI,AGL,CE,Federal Contract Tower,0,11,2,0,13,0,0,1,0,1,0,11,3,0,14,0,0,0,14
12/26/2014,CWA,WI,AGL,CE,Federal Contract Tower,0,24,0,0,24,0,0,0,0,0,0,24,0,0,24,0,0,0,24
12/27/2014,CWA,WI,AGL,CE,Federal Contract Tower,0,21,2,0,23,0,0,2,0,2,0,21,4,0,25,10,0,10,35
12/28/2014,CWA,WI,AGL,CE,Federal Contract Tower,0,18,3,0,21,0,2,2,0,4,0,20,5,0,25,0,0,0,25
12/29/2014,CWA,WI,AGL,CE,Federal Contract Tower,2,24,0,0,26,0,0,2,0,2,2,24,2,0,28,0,0,0,28
12/30/2014,CWA,WI,AGL,CE,Federal Contract Tower,0,24,6,0,30,0,0,4,0,4,0,24,10,0,34,0,0,0,34
12/31/2014,CWA,WI,AGL,CE,Federal Contract Tower,0,18,5,0,23,0,0,0,0,0,0,18,5,0,23,0,0,0,23
01/01/2015,CWA,WI,AGL,CE,Federal Contract Tower,2,13,2,0,17,0,0,0,0,0,2,13,2,0,17,0,0,0,17
01/02/2015,CWA,WI,AGL,CE,Federal Contract Tower,0,28,3,0,31,0,0,12,0,12,0,28,15,0,43,4,0,4,47
01/03/2015,CWA,WI,AGL,CE,Federal Contract Tower,0,19,0,0,19,0,0,0,0,0,0,19,0,0,19,0,0,0,19
01/04/2015,CWA,WI,AGL,CE,Federal Contract Tower,0,15,3,0,18,0,0,0,0,0,0,15,3,0,18,0,0,0,18
01/05/2015,CWA,WI,AGL,CE,Federal Contract Tower,0,18,1,0,19,0,5,2,0,7,0,23,3,0,26,0,0,0,26
01/06/2015,CWA,WI,AGL,CE,Federal Contract Tower,2,22,0,0,24,0,0,1,0,1,2,22,1,0,25,0,0,0,25
01/07/2015,CWA,WI,AGL,CE,Federal Contract Tower,0,24,5,0,29,0,0,1,0,1,0,24,6,0,30,0,0,0,30
01/08/2015,CWA,WI,AGL,CE,Federal Contract Tower,0,21,2,0,23,0,0,0,0,0,0,21,2,0,23,0,0,0,23
01/09/2015,CWA,WI,AGL,CE,Federal Contract Tower,0,17,6,0,23,0,0,0,0,0,0,17,6,0,23,0,0,0,23
01/10/2015,CWA,WI,AGL,CE,Federal Contract Tower,0,14,3,0,17,0,0,4,0,4,0,14,7,0,21,2,0,2,23
01/11/2015,CWA,WI,AGL,CE,Federal Contract Tower,2,14,1,0,17,0,0,4,0,4,2,14,5,0,21,0,0,0,21
01/12/2015,CWA,WI,AGL,CE,Federal Contract Tower,0,22,1,0,23,0,2,2,0,4,0,24,3,0,27,10,0,10,37
01/13/2015,CWA,WI,AGL,CE,Federal Contract Tower,0,27,2,0,29,0,0,4,0,4,0,27,6,0,33,24,0,24,57
01/14/2015,CWA,WI,AGL,CE,Federal Contract Tower,0,22,7,0,29,0,0,0,0,0,0,22,7,0,29,0,0,0,29
01/15/2015,CWA,WI,AGL,CE,Federal Contract Tower,0,24,6,0,30,0,0,5,0,5,0,24,11,0,35,8,0,8,43
01/16/2015,CWA,WI,AGL,CE,Federal Contract Tower,0,26,0,0,26,0,6,10,0,16,0,32,10,0,42,10,0,10,52
01/17/2015,CWA,WI,AGL,CE,Federal Contract Tower,0,14,4,0,18,0,0,1,0,1,0,14,5,0,19,0,0,0,19
01/18/2015,CWA,WI,AGL,CE,Federal Contract Tower,0,14,1,0,15,0,0,5,0,5,0,14,6,0,20,2,0,2,22
01/19/2015,CWA,WI,AGL,CE,Federal Contract Tower,0,21,1,0,22,0,0,0,0,0,0,21,1,0,22,0,0,0,22
01/20/2015,CWA,WI,AGL,CE,Federal Contract Tower,0,26,1,0,27,0,0,1,0,1,0,26,2,0,28,0,0,0,28
01/21/2015,CWA,WI,AGL,CE,Federal Contract Tower,0,25,4,0,29,0,0,0,0,0,0,25,4,0,29,0,0,0,29
01/22/2015,CWA,WI,AGL,CE,Federal Contract Tower,0,22,4,0,26,0,4,8,0,12,0,26,12,0,38,2,0,2,40
01/23/2015,CWA,WI,AGL,CE,Federal Contract Tower,0,22,0,0,22,0,0,1,0,1,0,22,1,0,23,0,0,0,23
01/24/2015,CWA,WI,AGL,CE,Federal Contract Tower,0,12,1,0,13,0,0,0,0,0,0,12,1,0,13,0,0,0,13
01/25/2015,CWA,WI,AGL,CE,Federal Contract Tower,0,16,5,1,22,0,0,12,0,12,0,16,17,1,34,8,0,8,42
01/26/2015,CWA,WI,AGL,CE,Federal Contract Tower,0,22,4,0,26,0,0,0,0,0,0,22,4,0,26,0,0,0,26
01/27/2015,CWA,WI,AGL,CE,Federal Contract Tower,0,21,7,0,28,0,0,2,0,2,0,21,9,0,30,0,0,0,30
01/28/2015,CWA,WI,AGL,CE,Federal Contract Tower,0,28,4,0,32,0,0,2,0,2,0,28,6,0,34,0,0,0,34
01/29/2015,CWA,WI,AGL,CE,Federal Contract Tower,0,23,5,0,28,0,0,0,0,0,0,23,5,0,28,0,0,0,28
01/30/2015,CWA,WI,AGL,CE,Federal Contract Tower,0,22,2,0,24,0,0,10,0,10,0,22,12,0,34,0,0,0,34
01/31/2015,CWA,WI,AGL,CE,Federal Contract Tower,0,14,0,0,14,0,0,0,0,0,0,14,0,0,14,0,0,0,14
02/01/2015,CWA,WI,AGL,CE,Federal Contract Tower,0,5,0,0,5,0,0,0,0,0,0,5,0,0,5,0,0,0,5
02/02/2015,CWA,WI,AGL,CE,Federal Contract Tower,0,14,2,0,16,0,0,0,0,0,0,14,2,0,16,0,0,0,16
02/03/2015,CWA,WI,AGL,CE,Federal Contract Tower,0,23,5,0,28,0,0,4,0,4,0,23,9,0,32,2,0,2,34
02/04/2015,CWA,WI,AGL,CE,Federal Contract Tower,0,34,0,0,34,0,0,2,2,4,0,34,2,2,38,2,4,6,44
02/05/2015,CWA,WI,AGL,CE,Federal Contract Tower,0,23,3,0,26,0,0,2,0,2,0,23,5,0,28,0,0,0,28
02/06/2015,CWA,WI,AGL,CE,Federal Contract Tower,0,28,2,0,30,0,0,10,0,10,0,28,12,0,40,10,0,10,50
02/07/2015,CWA,WI,AGL,CE,Federal Contract Tower,0,13,0,0,13,0,0,2,0,2,0,13,2,0,15,0,0,0,15
02/08/2015,CWA,WI,AGL,CE,Federal Contract Tower,0,20,1,0,21,0,0,0,0,0,0,20,1,0,21,0,0,0,21
02/09/2015,CWA,WI,AGL,CE,Federal Contract Tower,0,21,2,0,23,0,0,5,0,5,0,21,7,0,28,2,0,2,30
02/10/2015,CWA,WI,AGL,CE,Federal Contract Tower,0,27,1,0,28,0,4,0,0,4,0,31,1,0,32,18,0,18,50
02/11/2015,CWA,WI,AGL,CE,Federal Contract Tower,0,30,5,0,35,0,0,1,0,1,0,30,6,0,36,0,0,0,36
02/12/2015,CWA,WI,AGL,CE,Federal Contract Tower,0,26,7,0,33,0,2,1,0,3,0,28,8,0,36,0,0,0,36
02/13/2015,CWA,WI,AGL,CE,Federal Contract Tower,0,30,7,0,37,0,0,0,0,0,0,30,7,0,37,0,0,0,37
02/14/2015,CWA,WI,AGL,CE,Federal Contract Tower,0,16,2,0,18,0,0,0,0,0,0,16,2,0,18,0,0,0,18
02/15/2015,CWA,WI,AGL,CE,Federal Contract Tower,0,19,0,0,19,0,0,0,0,0,0,19,0,0,19,0,0,0,19
02/16/2015,CWA,WI,AGL,CE,Federal Contract Tower,0,28,0,0,28,0,0,0,0,0,0,28,0,0,28,0,0,0,28
02/17/2015,CWA,WI,AGL,CE,Federal Contract Tower,0,32,4,0,36,0,2,0,0,2,0,34,4,0,38,0,0,0,38
02/18/2015,CWA,WI,AGL,CE,Federal Contract Tower,0,27,1,0,28,0,0,1,0,1,0,27,2,0,29,0,0,0,29
02/19/2015,CWA,WI,AGL,CE,Federal Contract Tower,0,28,1,0,29,0,0,0,0,0,0,28,1,0,29,0,0,0,29
02/20/2015,CWA,WI,AGL,CE,Federal Contract Tower,2,28,6,0,36,0,0,0,0,0,2,28,6,0,36,0,0,0,36
02/21/2015,CWA,WI,AGL,CE,Federal Contract Tower,0,12,2,0,14,0,0,7,0,7,0,12,9,0,21,0,0,0,21
02/22/2015,CWA,WI,AGL,CE,Federal Contract Tower,0,21,2,0,23,0,0,0,0,0,0,21,2,0,23,0,0,0,23
02/23/2015,CWA,WI,AGL,CE,Federal Contract Tower,0,25,3,0,28,0,0,2,0,2,0,25,5,0,30,0,0,0,30
02/24/2015,CWA,WI,AGL,CE,Federal Contract Tower,0,28,5,0,33,0,0,0,0,0,0,28,5,0,33,0,0,0,33
02/25/2015,CWA,WI,AGL,CE,Federal Contract Tower,0,25,0,0,25,0,0,8,0,8,0,25,8,0,33,22,0,22,55
02/26/2015,CWA,WI,AGL,CE,Federal Contract Tower,0,25,2,0,27,0,0,2,0,2,0,25,4,0,29,30,0,30,59
02/27/2015,CWA,WI,AGL,CE,Federal Contract Tower,0,29,3,0,32,0,0,4,0,4,0,29,7,0,36,2,0,2,38
02/28/2015,CWA,WI,AGL,CE,Federal Contract Tower,0,12,4,0,16,0,0,6,0,6,0,12,10,0,22,10,0,10,32
03/01/2015,CWA,WI,AGL,CE,Federal Contract Tower,0,20,3,0,23,0,0,0,0,0,0,20,3,0,23,0,0,0,23
03/02/2015,CWA,WI,AGL,CE,Federal Contract Tower,0,26,0,0,26,0,0,3,0,3,0,26,3,0,29,2,0,2,31
03/03/2015,CWA,WI,AGL,CE,Federal Contract Tower,0,27,2,0,29,0,0,2,0,2,0,27,4,0,31,0,0,0,31
03/04/2015,CWA,WI,AGL,CE,Federal Contract Tower,0,27,6,0,33,0,0,3,0,3,0,27,9,0,36,0,0,0,36
03/05/2015,CWA,WI,AGL,CE,Federal Contract Tower,0,29,5,0,34,0,0,4,0,4,0,29,9,0,38,8,0,8,46
03/06/2015,CWA,WI,AGL,CE,Federal Contract Tower,0,28,3,0,31,0,0,0,0,0,0,28,3,0,31,2,0,2,33
03/07/2015,CWA,WI,AGL,CE,Federal Contract Tower,0,16,1,0,17,0,0,1,0,1,0,16,2,0,18,2,0,2,20
03/08/2015,CWA,WI,AGL,CE,Federal Contract Tower,0,22,0,0,22,0,0,3,0,3,0,22,3,0,25,2,0,2,27
03/09/2015,CWA,WI,AGL,CE,Federal Contract Tower,0,23,3,0,26,0,0,2,0,2,0,23,5,0,28,4,0,4,32
03/10/2015,CWA,WI,AGL,CE,Federal Contract Tower,2,30,0,0,32,0,0,5,0,5,2,30,5,0,37,18,0,18,55
03/11/2015,CWA,WI,AGL,CE,Federal Contract Tower,0,33,5,0,38,0,12,16,0,28,0,45,21,0,66,0,0,0,66
03/12/2015,CWA,WI,AGL,CE,Federal Contract Tower,2,30,3,0,35,0,6,7,0,13,2,36,10,0,48,2,0,2,50
03/13/2015,CWA,WI,AGL,CE,Federal Contract Tower,0,25,2,0,27,0,2,5,0,7,0,27,7,0,34,2,0,2,36
03/14/2015,CWA,WI,AGL,CE,Federal Contract Tower,0,16,4,0,20,0,0,1,0,1,0,16,5,0,21,2,0,2,23
03/15/2015,CWA,WI,AGL,CE,Federal Contract Tower,0,21,7,0,28,0,0,6,0,6,0,21,13,0,34,6,0,6,40
03/16/2015,CWA,WI,AGL,CE,Federal Contract Tower,2,24,7,0,33,0,0,2,0,2,2,24,9,0,35,0,0,0,35
03/17/2015,CWA,WI,AGL,CE,Federal Contract Tower,2,25,3,0,30,0,0,6,0,6,2,25,9,0,36,2,0,2,38
03/18/2015,CWA,WI,AGL,CE,Federal Contract Tower,0,30,2,0,32,0,0,16,0,16,0,30,18,0,48,8,0,8,56
03/19/2015,CWA,WI,AGL,CE,Federal Contract Tower,0,28,3,0,31,0,0,8,0,8,0,28,11,0,39,0,0,0,39
03/20/2015,CWA,WI,AGL,CE,Federal Contract Tower,0,24,1,2,27,0,0,8,0,8,0,24,9,2,35,10,14,24,59
03/21/2015,CWA,WI,AGL,CE,Federal Contract Tower,0,14,5,0,19,0,0,22,4,26,0,14,27,4,45,0,4,4,49
03/22/2015,CWA,WI,AGL,CE,Federal Contract Tower,0,22,2,0,24,0,0,8,0,8,0,22,10,0,32,4,0,4,36
03/23/2015,CWA,WI,AGL,CE,Federal Contract Tower,0,20,2,0,22,0,0,4,0,4,0,20,6,0,26,0,0,0,26
03/24/2015,CWA,WI,AGL,CE,Federal Contract Tower,2,26,0,0,28,0,0,11,0,11,2,26,11,0,39,6,0,6,45
03/25/2015,CWA,WI,AGL,CE,Federal Contract Tower,0,26,0,0,26,0,0,0,0,0,0,26,0,0,26,0,0,0,26
03/26/2015,CWA,WI,AGL,CE,Federal Contract Tower,0,26,6,6,38,0,2,0,0,2,0,28,6,6,40,0,0,0,40
03/27/2015,CWA,WI,AGL,CE,Federal Contract Tower,2,27,7,4,40,0,0,9,0,9,2,27,16,4,49,4,10,14,63
03/28/2015,CWA,WI,AGL,CE,Federal Contract Tower,2,13,5,0,20,0,0,6,0,6,2,13,11,0,26,0,0,0,26
03/29/2015,CWA,WI,AGL,CE,Federal Contract Tower,0,18,0,0,18,0,0,0,0,0,0,18,0,0,18,0,0,0,18
03/30/2015,CWA,WI,AGL,CE,Federal Contract Tower,0,23,4,0,27,0,0,6,0,6,0,23,10,0,33,12,0,12,45
03/31/2015,CWA,WI,AGL,CE,Federal Contract Tower,2,24,11,0,37,0,1,0,0,1,2,25,11,0,38,6,0,6,44
04/01/2015,CWA,WI,AGL,CE,Federal Contract Tower,1,26,0,0,27,0,0,2,0,2,1,26,2,0,29,0,0,0,29
04/02/2015,CWA,WI,AGL,CE,Federal Contract Tower,0,25,2,0,27,0,0,5,0,5,0,25,7,0,32,6,0,6,38
04/03/2015,CWA,WI,AGL,CE,Federal Contract Tower,0,25,6,2,33,0,0,0,0,0,0,25,6,2,33,12,12,24,57
04/04/2015,CWA,WI,AGL,CE,Federal Contract Tower,0,16,1,0,17,0,0,3,0,3,0,16,4,0,20,4,0,4,24
04/05/2015,CWA,WI,AGL,CE,Federal Contract Tower,0,12,0,0,12,0,0,0,0,0,0,12,0,0,12,0,0,0,12
04/06/2015,CWA,WI,AGL,CE,Federal Contract Tower,0,21,5,0,26,0,0,0,0,0,0,21,5,0,26,0,0,0,26
04/07/2015,CWA,WI,AGL,CE,Federal Contract Tower,0,21,1,0,22,0,0,0,0,0,0,21,1,0,22,0,0,0,22
04/08/2015,CWA,WI,AGL,CE,Federal Contract Tower,0,21,5,0,26,0,0,0,0,0,0,21,5,0,26,0,0,0,26
04/09/2015,CWA,WI,AGL,CE,Federal Contract Tower,0,22,7,0,29,0,0,0,0,0,0,22,7,0,29,0,0,0,29
04/10/2015,CWA,WI,AGL,CE,Federal Contract Tower,0,22,0,0,22,0,0,0,0,0,0,22,0,0,22,6,0,6,28
04/11/2015,CWA,WI,AGL,CE,Federal Contract Tower,0,16,0,0,16,0,0,5,0,5,0,16,5,0,21,0,5,5,26
04/13/2015,CWA,WI,AGL,CE,Federal Contract Tower,0,23,8,0,31,0,0,0,0,0,0,23,8,0,31,0,0,0,31
04/14/2015,CWA,WI,AGL,CE,Federal Contract Tower,0,22,2,0,24,0,4,13,0,17,0,26,15,0,41,8,0,8,49
04/15/2015,CWA,WI,AGL,CE,Federal Contract Tower,0,22,1,0,23,0,0,2,0,2,0,22,3,0,25,0,0,0,25
04/16/2015,CWA,WI,AGL,CE,Federal Contract Tower,0,26,9,0,35,0,0,5,0,5,0,26,14,0,40,2,0,2,42
04/17/2015,CWA,WI,AGL,CE,Federal Contract Tower,0,25,1,0,26,0,0,4,0,4,0,25,5,0,30,0,10,10,40
04/18/2015,CWA,WI,AGL,CE,Federal Contract Tower,0,15,0,0,15,0,4,19,0,23,0,19,19,0,38,6,0,6,44
04/19/2015,CWA,WI,AGL,CE,Federal Contract Tower,0,17,5,0,22,0,0,0,0,0,0,17,5,0,22,0,0,0,22
04/20/2015,CWA,WI,AGL,CE,Federal Contract Tower,0,22,5,0,27,0,0,0,0,0,0,22,5,0,27,0,0,0,27
04/21/2015,CWA,WI,AGL,CE,Federal Contract Tower,0,24,0,0,24,0,0,0,0,0,0,24,0,0,24,0,0,0,24
04/22/2015,CWA,WI,AGL,CE,Federal Contract Tower,2,24,2,2,30,0,0,1,0,1,2,24,3,2,31,0,0,0,31
04/23/2015,CWA,WI,AGL,CE,Federal Contract Tower,0,27,7,0,34,0,0,27,0,27,0,27,34,0,61,8,0,8,69
04/24/2015,CWA,WI,AGL,CE,Federal Contract Tower,2,27,2,0,31,0,0,2,0,2,2,27,4,0,33,0,0,0,33
04/25/2015,CWA,WI,AGL,CE,Federal Contract Tower,2,15,1,0,18,0,0,6,0,6,2,15,7,0,24,0,0,0,24
04/26/2015,CWA,WI,AGL,CE,Federal Contract Tower,0,17,0,0,17,0,0,16,0,16,0,17,16,0,33,0,0,0,33
04/27/2015,CWA,WI,AGL,CE,Federal Contract Tower,2,24,4,0,30,0,8,18,0,26,2,32,22,0,56,4,0,4,60
04/28/2015,CWA,WI,AGL,CE,Federal Contract Tower,2,22,1,0,25,0,0,8,0,8,2,22,9,0,33,2,0,2,35
04/29/2015,CWA,WI,AGL,CE,Federal Contract Tower,0,25,4,0,29,0,2,10,0,12,0,27,14,0,41,6,0,6,47
04/30/2015,CWA,WI,AGL,CE,Federal Contract Tower,0,25,6,2,33,0,0,11,0,11,0,25,17,2,44,0,0,0,44
05/01/2015,CWA,WI,AGL,CE,Federal Contract Tower,0,27,1,0,28,0,0,4,0,4,0,27,5,0,32,0,0,0,32
05/02/2015,CWA,WI,AGL,CE,Federal Contract Tower,0,14,1,0,15,0,0,8,0,8,0,14,9,0,23,0,0,0,23
05/03/2015,CWA,WI,AGL,CE,Federal Contract Tower,0,17,1,0,18,0,2,6,0,8,0,19,7,0,26,4,0,4,30
05/04/2015,CWA,WI,AGL,CE,Federal Contract Tower,0,22,3,0,25,0,6,7,0,13,0,28,10,0,38,0,0,0,38
05/05/2015,CWA,WI,AGL,CE,Federal Contract Tower,0,23,8,0,31,0,8,4,0,12,0,31,12,0,43,0,0,0,43
05/06/2015,CWA,WI,AGL,CE,Federal Contract Tower,0,21,4,0,25,0,0,5,0,5,0,21,9,0,30,0,0,0,30
05/07/2015,CWA,WI,AGL,CE,Federal Contract Tower,0,27,7,0,34,0,9,0,0,9,0,36,7,0,43,0,0,0,43
05/08/2015,CWA,WI,AGL,CE,Federal Contract Tower,0,24,5,0,29,0,0,3,0,3,0,24,8,0,32,0,0,0,32
05/09/2015,CWA,WI,AGL,CE,Federal Contract Tower,0,19,0,0,19,0,0,7,0,7,0,19,7,0,26,0,0,0,26
05/10/2015,CWA,WI,AGL,CE,Federal Contract Tower,0,18,3,0,21,0,0,1,0,1,0,18,4,0,22,0,0,0,22
05/11/2015,CWA,WI,AGL,CE,Federal Contract Tower,2,23,11,0,36,0,0,0,0,0,2,23,11,0,36,0,0,0,36
05/12/2015,CWA,WI,AGL,CE,Federal Contract Tower,0,23,3,0,26,0,0,1,0,1,0,23,4,0,27,0,0,0,27
05/13/2015,CWA,WI,AGL,CE,Federal Contract Tower,0,24,6,0,30,0,0,4,0,4,0,24,10,0,34,0,0,0,34
05/14/2015,CWA,WI,AGL,CE,Federal Contract Tower,2,24,4,0,30,0,0,0,0,0,2,24,4,0,30,0,0,0,30
05/15/2015,CWA,WI,AGL,CE,Federal Contract Tower,0,13,18,0,31,0,0,1,0,1,0,13,19,0,32,12,0,12,44
05/16/2015,CWA,WI,AGL,CE,Federal Contract Tower,0,13,4,0,17,0,0,3,0,3,0,13,7,0,20,0,0,0,20
05/17/2015,CWA,WI,AGL,CE,Federal Contract Tower,0,15,1,0,16,0,0,1,0,1,0,15,2,0,17,0,0,0,17
05/18/2015,CWA,WI,AGL,CE,Federal Contract Tower,0,25,5,0,30,0,0,2,0,2,0,25,7,0,32,0,0,0,32
05/19/2015,CWA,WI,AGL,CE,Federal Contract Tower,4,24,3,0,31,0,0,4,0,4,4,24,7,0,35,6,0,6,41
05/20/2015,CWA,WI,AGL,CE,Federal Contract Tower,0,26,3,0,29,0,8,21,0,29,0,34,24,0,58,40,6,46,104
05/21/2015,CWA,WI,AGL,CE,Federal Contract Tower,0,24,10,1,35,0,0,18,0,18,0,24,28,1,53,28,0,28,81
05/22/2015,CWA,WI,AGL,CE,Federal Contract Tower,0,27,7,0,34,0,0,19,0,19,0,27,26,0,53,16,0,16,69
05/23/2015,CWA,WI,AGL,CE,Federal Contract Tower,0,15,0,0,15,0,0,18,0,18,0,15,18,0,33,4,0,4,37
05/24/2015,CWA,WI,AGL,CE,Federal Contract Tower,2,14,2,0,18,0,0,2,0,2,2,14,4,0,20,0,0,0,20
05/25/2015,CWA,WI,AGL,CE,Federal Contract Tower,8,18,3,0,29,0,0,0,0,0,8,18,3,0,29,0,0,0,29
05/26/2015,CWA,WI,AGL,CE,Federal Contract Tower,0,21,2,0,23,0,0,5,0,5,0,21,7,0,28,0,0,0,28
05/27/2015,CWA,WI,AGL,CE,Federal Contract Tower,2,22,1,0,25,0,0,0,0,0,2,22,1,0,25,1,0,1,26
05/28/2015,CWA,WI,AGL,CE,Federal Contract Tower,0,27,6,0,33,0,0,13,0,13,0,27,19,0,46,0,0,0,46
05/29/2015,CWA,WI,AGL,CE,Federal Contract Tower,0,26,5,0,31,0,0,4,0,4,0,26,9,0,35,0,0,0,35
05/30/2015,CWA,WI,AGL,CE,Federal Contract Tower,1,17,0,0,18,0,0,4,0,4,1,17,4,0,22,6,0,6,28
05/31/2015,CWA,WI,AGL,CE,Federal Contract Tower,2,14,0,0,16,0,0,4,0,4,2,14,4,0,20,0,0,0,20
06/01/2015,CWA,WI,AGL,CE,Federal Contract Tower,0,21,0,0,21,0,0,9,0,9,0,21,9,0,30,2,0,2,32
06/02/2015,CWA,WI,AGL,CE,Federal Contract Tower,0,29,2,0,31,0,0,18,0,18,0,29,20,0,49,4,0,4,53
06/03/2015,CWA,WI,AGL,CE,Federal Contract Tower,0,22,2,0,24,0,0,13,0,13,0,22,15,0,37,10,0,10,47
06/04/2015,CWA,WI,AGL,CE,Federal Contract Tower,0,27,4,0,31,0,0,3,0,3,0,27,7,0,34,0,0,0,34
06/05/2015,CWA,WI,AGL,CE,Federal Contract Tower,0,27,1,0,28,0,0,11,0,11,0,27,12,0,39,18,0,18,57
06/06/2015,CWA,WI,AGL,CE,Federal Contract Tower,0,14,0,0,14,0,0,9,0,9,0,14,9,0,23,12,0,12,35
06/07/2015,CWA,WI,AGL,CE,Federal Contract Tower,0,14,2,0,16,0,0,0,0,0,0,14,2,0,16,0,0,0,16
06/08/2015,CWA,WI,AGL,CE,Federal Contract Tower,0,22,1,0,23,0,0,2,0,2,0,22,3,0,25,4,0,4,29
06/09/2015,CWA,WI,AGL,CE,Federal Contract Tower,0,23,1,0,24,0,6,10,0,16,0,29,11,0,40,4,0,4,44
06/10/2015,CWA,WI,AGL,CE,Federal Contract Tower,0,28,5,0,33,0,0,5,0,5,0,28,10,0,38,0,0,0,38
06/11/2015,CWA,WI,AGL,CE,Federal Contract Tower,2,27,5,0,34,0,2,0,0,2,2,29,5,0,36,0,0,0,36
06/12/2015,CWA,WI,AGL,CE,Federal Contract Tower,0,27,1,0,28,0,0,7,0,7,0,27,8,0,35,2,0,2,37
06/13/2015,CWA,WI,AGL,CE,Federal Contract Tower,0,13,4,0,17,0,0,0,0,0,0,13,4,0,17,0,0,0,17
06/14/2015,CWA,WI,AGL,CE,Federal Contract Tower,0,16,2,0,18,0,0,4,0,4,0,16,6,0,22,0,0,0,22
06/15/2015,CWA,WI,AGL,CE,Federal Contract Tower,1,20,2,0,23,0,0,1,0,1,1,20,3,0,24,0,0,0,24
06/16/2015,CWA,WI,AGL,CE,Federal Contract Tower,1,23,4,0,28,0,0,13,0,13,1,23,17,0,41,14,0,14,55
06/17/2015,CWA,WI,AGL,CE,Federal Contract Tower,0,24,1,0,25,0,0,17,0,17,0,24,18,0,42,0,0,0,42
06/18/2015,CWA,WI,AGL,CE,Federal Contract Tower,0,26,2,0,28,0,0,10,0,10,0,26,12,0,38,0,0,0,38
06/19/2015,CWA,WI,AGL,CE,Federal Contract Tower,0,28,4,0,32,0,0,10,0,10,0,28,14,0,42,1,0,1,43
06/20/2015,CWA,WI,AGL,CE,Federal Contract Tower,0,17,3,0,20,0,0,1,0,1,0,17,4,0,21,0,0,0,21
06/21/2015,CWA,WI,AGL,CE,Federal Contract Tower,2,17,3,0,22,0,0,7,0,7,2,17,10,0,29,0,0,0,29
06/22/2015,CWA,WI,AGL,CE,Federal Contract Tower,0,24,2,0,26,0,0,0,0,0,0,24,2,0,26,0,0,0,26
06/23/2015,CWA,WI,AGL,CE,Federal Contract Tower,0,23,1,0,24,0,0,26,0,26,0,23,27,0,50,10,0,10,60
06/24/2015,CWA,WI,AGL,CE,Federal Contract Tower,2,22,4,0,28,0,1,10,0,11,2,23,14,0,39,2,0,2,41
06/25/2015,CWA,WI,AGL,CE,Federal Contract Tower,0,24,2,0,26,0,0,4,0,4,0,24,6,0,30,0,0,0,30
06/26/2015,CWA,WI,AGL,CE,Federal Contract Tower,0,24,7,0,31,0,0,7,0,7,0,24,14,0,38,6,0,6,44
06/27/2015,CWA,WI,AGL,CE,Federal Contract Tower,0,18,3,0,21,0,0,14,0,14,0,18,17,0,35,0,0,0,35
06/28/2015,CWA,WI,AGL,CE,Federal Contract Tower,2,19,8,0,29,0,4,3,0,7,2,23,11,0,36,0,0,0,36
06/29/2015,CWA,WI,AGL,CE,Federal Contract Tower,0,22,7,0,29,0,6,4,0,10,0,28,11,0,39,0,0,0,39
06/30/2015,CWA,WI,AGL,CE,Federal Contract Tower,2,23,5,0,30,0,4,0,0,4,2,27,5,0,34,0,0,0,34
07/01/2015,CWA,WI,AGL,CE,Federal Contract Tower,0,28,2,0,30,0,0,11,0,11,0,28,13,0,41,14,0,14,55
07/02/2015,CWA,WI,AGL,CE,Federal Contract Tower,0,27,2,0,29,0,0,8,2,10,0,27,10,2,39,0,0,0,39
07/03/2015,CWA,WI,AGL,CE,Federal Contract Tower,0,15,0,0,15,0,0,14,0,14,0,15,14,0,29,30,0,30,59
07/04/2015,CWA,WI,AGL,CE,Federal Contract Tower,0,11,0,0,11,0,0,6,0,6,0,11,6,0,17,2,0,2,19
07/05/2015,CWA,WI,AGL,CE,Federal Contract Tower,0,17,0,0,17,0,0,8,0,8,0,17,8,0,25,0,0,0,25
07/06/2015,CWA,WI,AGL,CE,Federal Contract Tower,0,23,1,0,24,0,0,3,0,3,0,23,4,0,27,0,0,0,27
07/07/2015,CWA,WI,AGL,CE,Federal Contract Tower,0,27,11,0,38,0,0,13,0,13,0,27,24,0,51,0,0,0,51
07/08/2015,CWA,WI,AGL,CE,Federal Contract Tower,0,26,4,0,30,0,0,10,0,10,0,26,14,0,40,30,0,30,70
07/09/2015,CWA,WI,AGL,CE,Federal Contract Tower,0,24,7,2,33,0,0,14,0,14,0,24,21,2,47,8,6,14,61
07/10/2015,CWA,WI,AGL,CE,Federal Contract Tower,0,24,5,0,29,0,0,8,0,8,0,24,13,0,37,6,0,6,43
07/11/2015,CWA,WI,AGL,CE,Federal Contract Tower,0,13,6,0,19,0,0,7,0,7,0,13,13,0,26,18,0,18,44
07/12/2015,CWA,WI,AGL,CE,Federal Contract Tower,14,4,0,0,18,0,0,11,0,11,14,4,11,0,29,0,0,0,29
07/13/2015,CWA,WI,AGL,CE,Federal Contract Tower,0,23,3,0,26,0,0,0,0,0,0,23,3,0,26,0,0,0,26
07/14/2015,CWA,WI,AGL,CE,Federal Contract Tower,0,23,0,0,23,0,0,5,0,5,0,23,5,0,28,2,0,2,30
07/15/2015,CWA,WI,AGL,CE,Federal Contract Tower,0,25,4,0,29,0,3,17,0,20,0,28,21,0,49,18,0,18,67
07/16/2015,CWA,WI,AGL,CE,Federal Contract Tower,0,25,1,0,26,0,0,2,0,2,0,25,3,0,28,0,0,0,28
07/17/2015,CWA,WI,AGL,CE,Federal Contract Tower,0,30,1,0,31,0,0,1,0,1,0,30,2,0,32,0,0,0,32
07/18/2015,CWA,WI,AGL,CE,Federal Contract Tower,0,15,1,0,16,0,0,5,0,5,0,15,6,0,21,0,0,0,21
07/19/2015,CWA,WI,AGL,CE,Federal Contract Tower,2,13,7,0,22,0,0,6,0,6,2,13,13,0,28,0,0,0,28
07/20/2015,CWA,WI,AGL,CE,Federal Contract Tower,0,23,1,0,24,0,0,8,0,8,0,23,9,0,32,0,0,0,32
07/21/2015,CWA,WI,AGL,CE,Federal Contract Tower,0,27,0,0,27,0,3,22,0,25,0,30,22,0,52,0,0,0,52
07/22/2015,CWA,WI,AGL,CE,Federal Contract Tower,0,26,6,0,32,0,0,11,0,11,0,26,17,0,43,0,0,0,43
07/23/2015,CWA,WI,AGL,CE,Federal Contract Tower,2,27,5,0,34,0,0,14,0,14,2,27,19,0,48,22,0,22,70
07/24/2015,CWA,WI,AGL,CE,Federal Contract Tower,0,24,3,0,27,0,0,2,0,2,0,24,5,0,29,0,0,0,29
07/25/2015,CWA,WI,AGL,CE,Federal Contract Tower,0,15,2,0,17,0,0,3,0,3,0,15,5,0,20,6,0,6,26
07/26/2015,CWA,WI,AGL,CE,Federal Contract Tower,0,15,7,0,22,0,0,1,0,1,0,15,8,0,23,0,0,0,23
07/28/2015,CWA,WI,AGL,CE,Federal Contract Tower,0,31,2,0,33,0,0,7,0,7,0,31,9,0,40,0,0,0,40
07/29/2015,CWA,WI,AGL,CE,Federal Contract Tower,2,24,5,0,31,0,0,9,0,9,2,24,14,0,40,0,0,0,40
07/30/2015,CWA,WI,AGL,CE,Federal Contract Tower,0,25,4,0,29,0,0,7,0,7,0,25,11,0,36,0,0,0,36
07/31/2015,CWA,WI,AGL,CE,Federal Contract Tower,0,27,7,0,34,0,0,2,0,2,0,27,9,0,36,8,0,8,44
08/01/2015,CWA,WI,AGL,CE,Federal Contract Tower,0,13,1,0,14,0,0,7,0,7,0,13,8,0,21,0,0,0,21
08/02/2015,CWA,WI,AGL,CE,Federal Contract Tower,2,13,2,0,17,0,0,2,0,2,2,13,4,0,19,0,0,0,19
08/03/2015,CWA,WI,AGL,CE,Federal Contract Tower,0,20,3,0,23,0,2,0,0,2,0,22,3,0,25,0,0,0,25
08/04/2015,CWA,WI,AGL,CE,Federal Contract Tower,0,25,2,0,27,0,0,8,0,8,0,25,10,0,35,0,14,14,49
08/05/2015,CWA,WI,AGL,CE,Federal Contract Tower,2,26,4,0,32,0,0,12,0,12,2,26,16,0,44,0,0,0,44
08/06/2015,CWA,WI,AGL,CE,Federal Contract Tower,0,28,2,0,30,0,0,14,0,14,0,28,16,0,44,12,0,12,56
08/07/2015,CWA,WI,AGL,CE,Federal Contract Tower,0,26,0,0,26,0,0,0,0,0,0,26,0,0,26,0,0,0,26
08/08/2015,CWA,WI,AGL,CE,Federal Contract Tower,0,16,3,0,19,0,0,0,0,0,0,16,3,0,19,6,0,6,25
08/09/2015,CWA,WI,AGL,CE,Federal Contract Tower,0,19,0,0,19,0,0,1,0,1,0,19,1,0,20,0,0,0,20
08/10/2015,CWA,WI,AGL,CE,Federal Contract Tower,0,16,4,0,20,0,0,4,2,6,0,16,8,2,26,2,0,2,28
08/11/2015,CWA,WI,AGL,CE,Federal Contract Tower,0,26,6,0,32,0,0,4,0,4,0,26,10,0,36,0,0,0,36
08/12/2015,CWA,WI,AGL,CE,Federal Contract Tower,0,28,12,0,40,0,0,6,2,8,0,28,18,2,48,0,0,0,48
08/13/2015,CWA,WI,AGL,CE,Federal Contract Tower,0,28,4,0,32,0,0,8,0,8,0,28,12,0,40,14,0,14,54
08/14/2015,CWA,WI,AGL,CE,Federal Contract Tower,0,23,8,0,31,0,0,5,0,5,0,23,13,0,36,10,0,10,46
08/15/2015,CWA,WI,AGL,CE,Federal Contract Tower,0,14,3,0,17,0,0,4,0,4,0,14,7,0,21,8,0,8,29
08/16/2015,CWA,WI,AGL,CE,Federal Contract Tower,0,15,3,0,18,0,0,4,0,4,0,15,7,0,22,0,0,0,22
08/17/2015,CWA,WI,AGL,CE,Federal Contract Tower,0,18,4,0,22,0,0,0,0,0,0,18,4,0,22,0,0,0,22
08/18/2015,CWA,WI,AGL,CE,Federal Contract Tower,0,24,9,0,33,0,0,0,0,0,0,24,9,0,33,0,0,0,33
08/19/2015,CWA,WI,AGL,CE,Federal Contract Tower,0,27,11,0,38,0,0,2,0,2,0,27,13,0,40,0,0,0,40
08/20/2015,CWA,WI,AGL,CE,Federal Contract Tower,0,29,8,0,37,0,0,3,0,3,0,29,11,0,40,10,0,10,50
08/21/2015,CWA,WI,AGL,CE,Federal Contract Tower,0,23,1,0,24,0,0,18,0,18,0,23,19,0,42,0,0,0,42
08/22/2015,CWA,WI,AGL,CE,Federal Contract Tower,0,14,2,0,16,0,0,3,0,3,0,14,5,0,19,0,0,0,19
08/23/2015,CWA,WI,AGL,CE,Federal Contract Tower,0,19,5,0,24,0,0,0,0,0,0,19,5,0,24,0,0,0,24
08/24/2015,CWA,WI,AGL,CE,Federal Contract Tower,0,23,4,0,27,0,0,1,0,1,0,23,5,0,28,0,0,0,28
08/25/2015,CWA,WI,AGL,CE,Federal Contract Tower,0,28,2,0,30,0,0,2,0,2,0,28,4,0,32,2,0,2,34
08/26/2015,CWA,WI,AGL,CE,Federal Contract Tower,0,25,4,0,29,0,2,12,0,14,0,27,16,0,43,8,0,8,51
08/27/2015,CWA,WI,AGL,CE,Federal Contract Tower,0,31,7,0,38,0,0,21,0,21,0,31,28,0,59,22,0,22,81
08/28/2015,CWA,WI,AGL,CE,Federal Contract Tower,0,27,3,0,30,0,0,0,0,0,0,27,3,0,30,0,0,0,30
08/29/2015,CWA,WI,AGL,CE,Federal Contract Tower,0,13,9,0,22,0,4,2,0,6,0,17,11,0,28,0,0,0,28
08/30/2015,CWA,WI,AGL,CE,Federal Contract Tower,0,20,3,0,23,0,0,9,0,9,0,20,12,0,32,0,0,0,32
08/31/2015,CWA,WI,AGL,CE,Federal Contract Tower,0,21,5,0,26,0,0,4,0,4,0,21,9,0,30,0,0,0,30
09/01/2015,CWA,WI,AGL,CE,Federal Contract Tower,0,27,3,0,30,0,0,4,0,4,0,27,7,0,34,0,0,0,34
09/02/2015,CWA,WI,AGL,CE,Federal Contract Tower,0,27,4,0,31,0,0,0,0,0,0,27,4,0,31,0,0,0,31
09/03/2015,CWA,WI,AGL,CE,Federal Contract Tower,0,26,3,0,29,0,0,6,0,6,0,26,9,0,35,0,0,0,35
09/04/2015,CWA,WI,AGL,CE,Federal Contract Tower,0,25,6,0,31,0,0,8,0,8,0,25,14,0,39,0,0,0,39
09/05/2015,CWA,WI,AGL,CE,Federal Contract Tower,0,12,1,0,13,0,0,6,0,6,0,12,7,0,19,0,0,0,19
09/06/2015,CWA,WI,AGL,CE,Federal Contract Tower,2,11,1,0,14,0,0,2,0,2,2,11,3,0,16,0,0,0,16
09/07/2015,CWA,WI,AGL,CE,Federal Contract Tower,0,20,1,0,21,0,0,8,0,8,0,20,9,0,29,12,0,12,41
09/08/2015,CWA,WI,AGL,CE,Federal Contract Tower,0,18,3,0,21,0,0,2,0,2,0,18,5,0,23,0,0,0,23
09/09/2015,CWA,WI,AGL,CE,Federal Contract Tower,0,27,7,0,34,0,0,5,0,5,0,27,12,0,39,0,0,0,39
09/10/2015,CWA,WI,AGL,CE,Federal Contract Tower,2,24,19,0,45,0,0,3,0,3,2,24,22,0,48,4,0,4,52
09/11/2015,CWA,WI,AGL,CE,Federal Contract Tower,0,24,2,2,28,0,0,6,0,6,0,24,8,2,34,4,4,8,42
09/12/2015,CWA,WI,AGL,CE,Federal Contract Tower,0,5,11,0,16,0,0,16,2,18,0,5,27,2,34,0,6,6,40
09/13/2015,CWA,WI,AGL,CE,Federal Contract Tower,0,15,2,0,17,0,0,8,0,8,0,15,10,0,25,0,0,0,25
09/14/2015,CWA,WI,AGL,CE,Federal Contract Tower,0,23,4,0,27,0,0,5,0,5,0,23,9,0,32,12,0,12,44
09/15/2015,CWA,WI,AGL,CE,Federal Contract Tower,0,28,2,0,30,0,0,10,0,10,0,28,12,0,40,10,0,10,50
09/16/2015,CWA,WI,AGL,CE,Federal Contract Tower,0,27,11,0,38,0,0,2,6,8,0,27,13,6,46,2,0,2,48
09/17/2015,CWA,WI,AGL,CE,Federal Contract Tower,2,26,1,0,29,0,0,5,0,5,2,26,6,0,34,20,0,20,54
09/18/2015,CWA,WI,AGL,CE,Federal Contract Tower,0,24,5,0,29,0,0,7,0,7,0,24,12,0,36,2,0,2,38
09/19/2015,CWA,WI,AGL,CE,Federal Contract Tower,0,13,1,0,14,0,0,9,0,9,0,13,10,0,23,0,0,0,23
09/20/2015,CWA,WI,AGL,CE,Federal Contract Tower,0,18,4,0,22,0,0,10,0,10,0,18,14,0,32,0,0,0,32
09/21/2015,CWA,WI,AGL,CE,Federal Contract Tower,2,23,4,0,29,0,0,5,0,5,2,23,9,0,34,14,0,14,48
09/22/2015,CWA,WI,AGL,CE,Federal Contract Tower,0,30,4,0,34,0,0,2,0,2,0,30,6,0,36,0,0,0,36
09/23/2015,CWA,WI,AGL,CE,Federal Contract Tower,0,25,8,0,33,0,0,4,0,4,0,25,12,0,37,0,0,0,37
09/24/2015,CWA,WI,AGL,CE,Federal Contract Tower,0,31,5,0,36,0,0,8,0,8,0,31,13,0,44,0,0,0,44
09/25/2015,CWA,WI,AGL,CE,Federal Contract Tower,0,28,1,0,29,0,0,5,0,5,0,28,6,0,34,0,0,0,34
09/26/2015,CWA,WI,AGL,CE,Federal Contract Tower,0,16,1,0,17,0,0,4,0,4,0,16,5,0,21,10,0,10,31
09/27/2015,CWA,WI,AGL,CE,Federal Contract Tower,0,18,2,0,20,0,0,0,0,0,0,18,2,0,20,4,0,4,24
09/28/2015,CWA,WI,AGL,CE,Federal Contract Tower,1,25,2,0,28,0,0,1,0,1,1,25,3,0,29,0,0,0,29
09/29/2015,CWA,WI,AGL,CE,Federal Contract Tower,0,27,1,0,28,0,38,6,0,44,0,65,7,0,72,8,0,8,80
09/30/2015,CWA,WI,AGL,CE,Federal Contract Tower,0,26,4,0,30,0,0,6,0,6,0,26,10,0,36,2,0,2,38
10/01/2015,CWA,WI,AGL,CE,Federal Contract Tower,0,28,7,0,35,0,0,2,0,2,0,28,9,0,37,0,0,0,37
10/02/2015,CWA,WI,AGL,CE,Federal Contract Tower,2,26,0,0,28,0,0,3,0,3,2,26,3,0,31,26,0,26,57
10/03/2015,CWA,WI,AGL,CE,Federal Contract Tower,0,14,4,0,18,0,0,5,0,5,0,14,9,0,23,2,0,2,25
10/04/2015,CWA,WI,AGL,CE,Federal Contract Tower,0,15,2,0,17,0,0,4,0,4,0,15,6,0,21,6,0,6,27
10/05/2015,CWA,WI,AGL,CE,Federal Contract Tower,2,23,1,0,26,0,0,0,0,0,2,23,1,0,26,0,0,0,26
10/06/2015,CWA,WI,AGL,CE,Federal Contract Tower,0,27,4,0,31,0,0,7,0,7,0,27,11,0,38,8,0,8,46
10/07/2015,CWA,WI,AGL,CE,Federal Contract Tower,0,27,7,2,36,0,0,7,0,7,0,27,14,2,43,4,0,4,47
10/08/2015,CWA,WI,AGL,CE,Federal Contract Tower,0,26,9,0,35,0,0,2,0,2,0,26,11,0,37,2,0,2,39
10/09/2015,CWA,WI,AGL,CE,Federal Contract Tower,0,26,4,0,30,0,0,9,0,9,0,26,13,0,39,0,0,0,39
10/10/2015,CWA,WI,AGL,CE,Federal Contract Tower,0,15,1,0,16,0,2,2,0,4,0,17,3,0,20,0,0,0,20
10/11/2015,CWA,WI,AGL,CE,Federal Contract Tower,0,17,2,0,19,0,0,11,0,11,0,17,13,0,30,0,0,0,30
10/12/2015,CWA,WI,AGL,CE,Federal Contract Tower,2,21,3,0,26,0,0,0,0,0,2,21,3,0,26,0,0,0,26
10/13/2015,CWA,WI,AGL,CE,Federal Contract Tower,0,28,6,2,36,0,0,0,0,0,0,28,6,2,36,0,0,0,36
10/14/2015,CWA,WI,AGL,CE,Federal Contract Tower,2,28,4,0,34,0,2,6,0,8,2,30,10,0,42,0,0,0,42
10/15/2015,CWA,WI,AGL,CE,Federal Contract Tower,0,27,5,0,32,0,0,2,2,4,0,27,7,2,36,0,0,0,36
10/16/2015,CWA,WI,AGL,CE,Federal Contract Tower,0,26,2,0,28,0,0,3,0,3,0,26,5,0,31,0,0,0,31
10/17/2015,CWA,WI,AGL,CE,Federal Contract Tower,0,15,1,0,16,0,0,9,0,9,0,15,10,0,25,0,0,0,25
10/18/2015,CWA,WI,AGL,CE,Federal Contract Tower,2,16,0,0,18,0,0,8,0,8,2,16,8,0,26,0,0,0,26
10/19/2015,CWA,WI,AGL,CE,Federal Contract Tower,0,23,1,0,24,0,0,8,0,8,0,23,9,0,32,0,0,0,32
10/20/2015,CWA,WI,AGL,CE,Federal Contract Tower,0,28,3,0,31,0,0,3,0,3,0,28,6,0,34,0,0,0,34
10/21/2015,CWA,WI,AGL,CE,Federal Contract Tower,2,32,4,0,38,0,0,5,0,5,2,32,9,0,43,0,0,0,43
10/22/2015,CWA,WI,AGL,CE,Federal Contract Tower,0,29,7,0,36,0,0,19,0,19,0,29,26,0,55,2,0,2,57
10/23/2015,CWA,WI,AGL,CE,Federal Contract Tower,0,27,5,0,32,0,0,0,0,0,0,27,5,0,32,0,0,0,32
10/24/2015,CWA,WI,AGL,CE,Federal Contract Tower,0,15,6,0,21,0,0,0,0,0,0,15,6,0,21,0,0,0,21
10/25/2015,CWA,WI,AGL,CE,Federal Contract Tower,0,19,3,0,22,0,0,13,0,13,0,19,16,0,35,18,0,18,53
10/26/2015,CWA,WI,AGL,CE,Federal Contract Tower,0,23,7,0,30,0,0,14,0,14,0,23,21,0,44,4,0,4,48
10/27/2015,CWA,WI,AGL,CE,Federal Contract Tower,0,29,6,0,35,0,0,4,0,4,0,29,10,0,39,0,0,0,39
10/28/2015,CWA,WI,AGL,CE,Federal Contract Tower,0,26,4,0,30,0,0,0,0,0,0,26,4,0,30,0,0,0,30
10/29/2015,CWA,WI,AGL,CE,Federal Contract Tower,0,31,4,0,35,0,0,0,0,0,0,31,4,0,35,0,0,0,35
10/30/2015,CWA,WI,AGL,CE,Federal Contract Tower,0,30,11,0,41,0,0,5,0,5,0,30,16,0,46,0,0,0,46
10/31/2015,CWA,WI,AGL,CE,Federal Contract Tower,0,14,1,0,15,0,0,0,0,0,0,14,1,0,15,0,0,0,15
11/01/2015,CWA,WI,AGL,CE,Federal Contract Tower,0,20,0,0,20,0,0,6,0,6,0,20,6,0,26,4,0,4,30
11/02/2015,CWA,WI,AGL,CE,Federal Contract Tower,0,23,7,0,30,0,0,15,0,15,0,23,22,0,45,10,0,10,55
11/03/2015,CWA,WI,AGL,CE,Federal Contract Tower,0,28,4,0,32,0,0,5,2,7,0,28,9,2,39,6,4,10,49
11/04/2015,CWA,WI,AGL,CE,Federal Contract Tower,0,29,4,0,33,0,0,3,0,3,0,29,7,0,36,0,0,0,36
11/05/2015,CWA,WI,AGL,CE,Federal Contract Tower,0,26,3,0,29,0,0,0,0,0,0,26,3,0,29,0,0,0,29
11/06/2015,CWA,WI,AGL,CE,Federal Contract Tower,0,28,2,0,30,0,0,6,0,6,0,28,8,0,36,24,0,24,60
11/07/2015,CWA,WI,AGL,CE,Federal Contract Tower,0,14,0,0,14,0,0,11,0,11,0,14,11,0,25,10,0,10,35
11/08/2015,CWA,WI,AGL,CE,Federal Contract Tower,0,17,0,0,17,0,0,6,0,6,0,17,6,0,23,2,0,2,25
11/09/2015,CWA,WI,AGL,CE,Federal Contract Tower,0,23,0,0,23,0,0,20,0,20,0,23,20,0,43,14,0,14,57
11/10/2015,CWA,WI,AGL,CE,Federal Contract Tower,0,30,2,0,32,0,0,21,0,21,0,30,23,0,53,38,0,38,91
11/11/2015,CWA,WI,AGL,CE,Federal Contract Tower,0,26,1,0,27,0,0,0,0,0,0,26,1,0,27,0,0,0,27
11/12/2015,CWA,WI,AGL,CE,Federal Contract Tower,0,28,0,0,28,0,0,0,0,0,0,28,0,0,28,0,0,0,28
11/13/2015,CWA,WI,AGL,CE,Federal Contract Tower,0,26,4,0,30,0,0,4,0,4,0,26,8,0,34,0,0,0,34
11/14/2015,CWA,WI,AGL,CE,Federal Contract Tower,0,14,0,0,14,0,0,10,0,10,0,14,10,0,24,18,0,18,42
11/15/2015,CWA,WI,AGL,CE,Federal Contract Tower,0,15,3,0,18,0,6,9,0,15,0,21,12,0,33,4,0,4,37
11/16/2015,CWA,WI,AGL,CE,Federal Contract Tower,0,26,2,0,28,0,0,2,0,2,0,26,4,0,30,6,0,6,36
11/17/2015,CWA,WI,AGL,CE,Federal Contract Tower,0,28,2,0,30,0,0,0,0,0,0,28,2,0,30,0,0,0,30
11/18/2015,CWA,WI,AGL,CE,Federal Contract Tower,0,25,3,0,28,0,0,0,0,0,0,25,3,0,28,0,0,0,28
11/19/2015,CWA,WI,AGL,CE,Federal Contract Tower,0,28,3,0,31,0,0,1,0,1,0,28,4,0,32,0,0,0,32
11/20/2015,CWA,WI,AGL,CE,Federal Contract Tower,0,25,1,0,26,0,0,0,0,0,0,25,1,0,26,0,0,0,26
11/21/2015,CWA,WI,AGL,CE,Federal Contract Tower,0,11,2,0,13,0,0,1,0,1,0,11,3,0,14,0,0,0,14
11/22/2015,CWA,WI,AGL,CE,Federal Contract Tower,0,15,4,0,19,0,0,16,0,16,0,15,20,0,35,0,0,0,35
11/23/2015,CWA,WI,AGL,CE,Federal Contract Tower,0,20,2,0,22,0,0,10,0,10,0,20,12,0,32,0,0,0,32
11/24/2015,CWA,WI,AGL,CE,Federal Contract Tower,0,27,0,0,27,0,3,0,0,3,0,30,0,0,30,0,0,0,30
11/25/2015,CWA,WI,AGL,CE,Federal Contract Tower,0,27,1,0,28,0,0,0,0,0,0,27,1,0,28,0,0,0,28
11/26/2015,CWA,WI,AGL,CE,Federal Contract Tower,0,9,0,0,9,0,0,0,0,0,0,9,0,0,9,0,0,0,9
11/27/2015,CWA,WI,AGL,CE,Federal Contract Tower,0,19,6,0,25,0,0,1,0,1,0,19,7,0,26,0,0,0,26
11/28/2015,CWA,WI,AGL,CE,Federal Contract Tower,0,18,3,0,21,0,0,27,0,27,0,18,30,0,48,6,0,6,54
11/29/2015,CWA,WI,AGL,CE,Federal Contract Tower,0,19,1,0,20,0,4,13,0,17,0,23,14,0,37,2,0,2,39
11/30/2015,CWA,WI,AGL,CE,Federal Contract Tower,0,23,2,0,25,0,0,2,0,2,0,23,4,0,27,0,0,0,27
12/01/2015,CWA,WI,AGL,CE,Federal Contract Tower,0,27,4,0,31,0,0,0,0,0,0,27,4,0,31,0,0,0,31
12/02/2015,CWA,WI,AGL,CE,Federal Contract Tower,0,29,0,0,29,0,0,0,0,0,0,29,0,0,29,0,0,0,29
12/03/2015,CWA,WI,AGL,CE,Federal Contract Tower,0,29,3,0,32,0,0,12,0,12,0,29,15,0,44,6,0,6,50
12/04/2015,CWA,WI,AGL,CE,Federal Contract Tower,0,26,2,0,28,0,0,6,0,6,0,26,8,0,34,0,0,0,34
12/05/2015,CWA,WI,AGL,CE,Federal Contract Tower,2,14,1,0,17,0,0,19,0,19,2,14,20,0,36,2,0,2,38
12/06/2015,CWA,WI,AGL,CE,Federal Contract Tower,2,19,0,0,21,0,0,0,0,0,2,19,0,0,21,0,0,0,21
12/07/2015,CWA,WI,AGL,CE,Federal Contract Tower,0,21,4,0,25,0,0,0,0,0,0,21,4,0,25,0,0,0,25
12/08/2015,CWA,WI,AGL,CE,Federal Contract Tower,0,25,3,0,28,0,0,2,0,2,0,25,5,0,30,4,0,4,34
12/09/2015,CWA,WI,AGL,CE,Federal Contract Tower,0,34,5,0,39,0,0,0,0,0,0,34,5,0,39,0,0,0,39
12/10/2015,CWA,WI,AGL,CE,Federal Contract Tower,1,29,3,0,33,0,12,10,0,22,1,41,13,0,55,0,0,0,55
12/11/2015,CWA,WI,AGL,CE,Federal Contract Tower,0,23,2,0,25,0,0,1,0,1,0,23,3,0,26,0,0,0,26
12/12/2015,CWA,WI,AGL,CE,Federal Contract Tower,0,13,3,0,16,0,0,0,0,0,0,13,3,0,16,0,0,0,16
12/13/2015,CWA,WI,AGL,CE,Federal Contract Tower,0,18,0,0,18,0,0,0,0,0,0,18,0,0,18,0,0,0,18
12/14/2015,CWA,WI,AGL,CE,Federal Contract Tower,0,25,4,0,29,0,0,0,0,0,0,25,4,0,29,0,0,0,29
12/15/2015,CWA,WI,AGL,CE,Federal Contract Tower,0,25,1,0,26,0,0,4,0,4,0,25,5,0,30,6,0,6,36
12/16/2015,CWA,WI,AGL,CE,Federal Contract Tower,0,26,4,0,30,0,0,0,0,0,0,26,4,0,30,0,0,0,30
12/17/2015,CWA,WI,AGL,CE,Federal Contract Tower,0,29,3,0,32,0,0,0,0,0,0,29,3,0,32,0,0,0,32
12/18/2015,CWA,WI,AGL,CE,Federal Contract Tower,0,22,3,0,25,0,0,2,0,2,0,22,5,0,27,2,0,2,29
12/19/2015,CWA,WI,AGL,CE,Federal Contract Tower,0,13,5,0,18,0,0,6,0,6,0,13,11,0,24,0,0,0,24
12/20/2015,CWA,WI,AGL,CE,Federal Contract Tower,0,14,3,0,17,0,0,0,0,0,0,14,3,0,17,0,0,0,17
12/21/2015,CWA,WI,AGL,CE,Federal Contract Tower,0,20,0,0,20,0,0,0,0,0,0,20,0,0,20,0,0,0,20
12/22/2015,CWA,WI,AGL,CE,Federal Contract Tower,0,23,2,0,25,0,0,0,0,0,0,23,2,0,25,0,0,0,25
12/23/2015,CWA,WI,AGL,CE,Federal Contract Tower,0,21,0,0,21,0,0,0,0,0,0,21,0,0,21,0,0,0,21
12/24/2015,CWA,WI,AGL,CE,Federal Contract Tower,0,19,2,0,21,0,0,0,0,0,0,19,2,0,21,0,0,0,21
12/25/2015,CWA,WI,AGL,CE,Federal Contract Tower,1,11,5,0,17,0,0,0,0,0,1,11,5,0,17,0,0,0,17
12/26/2015,CWA,WI,AGL,CE,Federal Contract Tower,1,12,0,0,13,0,0,0,0,0,1,12,0,0,13,0,0,0,13
12/27/2015,CWA,WI,AGL,CE,Federal Contract Tower,0,16,2,0,18,0,0,4,0,4,0,16,6,0,22,14,0,14,36
12/28/2015,CWA,WI,AGL,CE,Federal Contract Tower,0,8,5,0,13,0,0,2,0,2,0,8,7,0,15,0,0,0,15
12/29/2015,CWA,WI,AGL,CE,Federal Contract Tower,0,24,2,0,26,0,0,0,0,0,0,24,2,0,26,0,0,0,26
12/30/2015,CWA,WI,AGL,CE,Federal Contract Tower,0,25,1,0,26,0,0,2,0,2,0,25,3,0,28,0,0,0,28
12/31/2015,CWA,WI,AGL,CE,Federal Contract Tower,0,19,1,0,20,0,0,5,0,5,0,19,6,0,25,0,0,0,25
01/01/2016,CWA,WI,AGL,CE,Federal Contract Tower,0,13,0,0,13,0,0,0,0,0,0,13,0,0,13,0,0,0,13
01/02/2016,CWA,WI,AGL,CE,Federal Contract Tower,0,13,0,0,13,0,0,7,0,7,0,13,7,0,20,0,0,0,20
01/03/2016,CWA,WI,AGL,CE,Federal Contract Tower,0,12,0,0,12,0,2,3,0,5,0,14,3,0,17,0,0,0,17
01/04/2016,CWA,WI,AGL,CE,Federal Contract Tower,0,19,1,0,20,0,12,13,0,25,0,31,14,0,45,4,0,4,49
01/05/2016,CWA,WI,AGL,CE,Federal Contract Tower,0,26,1,0,27,0,0,4,0,4,0,26,5,0,31,18,0,18,49
01/06/2016,CWA,WI,AGL,CE,Federal Contract Tower,0,27,2,0,29,0,0,2,0,2,0,27,4,0,31,6,0,6,37
01/07/2016,CWA,WI,AGL,CE,Federal Contract Tower,0,27,4,0,31,0,0,0,0,0,0,27,4,0,31,0,0,0,31
01/08/2016,CWA,WI,AGL,CE,Federal Contract Tower,0,14,2,0,16,0,0,0,0,0,0,14,2,0,16,0,0,0,16
01/09/2016,CWA,WI,AGL,CE,Federal Contract Tower,0,11,0,0,11,0,0,0,0,0,0,11,0,0,11,0,0,0,11
01/10/2016,CWA,WI,AGL,CE,Federal Contract Tower,0,11,1,0,12,0,2,0,0,2,0,13,1,0,14,0,0,0,14
01/11/2016,CWA,WI,AGL,CE,Federal Contract Tower,0,20,5,0,25,0,0,2,0,2,0,20,7,0,27,0,0,0,27
01/12/2016,CWA,WI,AGL,CE,Federal Contract Tower,0,34,5,0,39,0,1,0,0,1,0,35,5,0,40,0,0,0,40
01/13/2016,CWA,WI,AGL,CE,Federal Contract Tower,0,26,3,0,29,0,0,0,0,0,0,26,3,0,29,0,0,0,29
01/14/2016,CWA,WI,AGL,CE,Federal Contract Tower,0,27,3,0,30,0,0,0,0,0,0,27,3,0,30,0,0,0,30
01/15/2016,CWA,WI,AGL,CE,Federal Contract Tower,0,28,1,0,29,0,0,0,0,0,0,28,1,0,29,0,0,0,29
01/16/2016,CWA,WI,AGL,CE,Federal Contract Tower,0,12,4,0,16,0,0,2,0,2,0,12,6,0,18,0,0,0,18
01/17/2016,CWA,WI,AGL,CE,Federal Contract Tower,0,17,2,0,19,0,0,0,0,0,0,17,2,0,19,0,0,0,19
01/18/2016,CWA,WI,AGL,CE,Federal Contract Tower,2,23,2,0,27,0,0,0,0,0,2,23,2,0,27,0,0,0,27
01/19/2016,CWA,WI,AGL,CE,Federal Contract Tower,0,27,10,0,37,0,0,8,0,8,0,27,18,0,45,0,0,0,45
01/20/2016,CWA,WI,AGL,CE,Federal Contract Tower,0,27,1,0,28,0,0,4,0,4,0,27,5,0,32,20,0,20,52
01/21/2016,CWA,WI,AGL,CE,Federal Contract Tower,0,24,2,0,26,0,0,2,0,2,0,24,4,0,28,0,0,0,28
01/22/2016,CWA,WI,AGL,CE,Federal Contract Tower,0,20,4,0,24,0,0,2,0,2,0,20,6,0,26,6,0,6,32
01/23/2016,CWA,WI,AGL,CE,Federal Contract Tower,0,9,2,0,11,0,0,16,0,16,0,9,18,0,27,4,0,4,31
01/24/2016,CWA,WI,AGL,CE,Federal Contract Tower,0,18,0,0,18,0,0,0,0,0,0,18,0,0,18,0,0,0,18
01/25/2016,CWA,WI,AGL,CE,Federal Contract Tower,0,19,2,0,21,0,0,0,0,0,0,19,2,0,21,0,0,0,21
01/26/2016,CWA,WI,AGL,CE,Federal Contract Tower,0,26,1,0,27,0,0,6,0,6,0,26,7,0,33,2,0,2,35
01/27/2016,CWA,WI,AGL,CE,Federal Contract Tower,0,24,2,0,26,0,0,3,0,3,0,24,5,0,29,8,0,8,37
01/28/2016,CWA,WI,AGL,CE,Federal Contract Tower,0,23,0,0,23,0,0,3,0,3,0,23,3,0,26,0,0,0,26
01/29/2016,CWA,WI,AGL,CE,Federal Contract Tower,0,24,14,0,38,0,6,9,0,15,0,30,23,0,53,0,0,0,53
01/30/2016,CWA,WI,AGL,CE,Federal Contract Tower,0,14,2,0,16,0,0,7,0,7,0,14,9,0,23,0,0,0,23
01/31/2016,CWA,WI,AGL,CE,Federal Contract Tower,0,0,17,1,18,0,0,0,0,0,0,0,17,1,18,0,0,0,18
02/01/2016,CWA,WI,AGL,CE,Federal Contract Tower,0,19,1,0,20,0,0,8,0,8,0,19,9,0,28,6,0,6,34
02/02/2016,CWA,WI,AGL,CE,Federal Contract Tower,0,11,1,0,12,0,0,0,0,0,0,11,1,0,12,0,0,0,12
02/03/2016,CWA,WI,AGL,CE,Federal Contract Tower,0,24,1,0,25,0,0,0,0,0,0,24,1,0,25,0,0,0,25
02/04/2016,CWA,WI,AGL,CE,Federal Contract Tower,2,28,9,0,39,0,0,1,0,1,2,28,10,0,40,0,0,0,40
02/05/2016,CWA,WI,AGL,CE,Federal Contract Tower,0,24,2,0,26,0,0,0,0,0,0,24,2,0,26,0,0,0,26
02/06/2016,CWA,WI,AGL,CE,Federal Contract Tower,0,14,0,0,14,0,0,2,0,2,0,14,2,0,16,0,0,0,16
02/07/2016,CWA,WI,AGL,CE,Federal Contract Tower,2,14,1,0,17,0,0,6,0,6,2,14,7,0,23,12,0,12,35
02/08/2016,CWA,WI,AGL,CE,Federal Contract Tower,0,22,3,0,25,0,0,0,0,0,0,22,3,0,25,0,0,0,25
02/09/2016,CWA,WI,AGL,CE,Federal Contract Tower,0,28,5,0,33,0,0,2,0,2,0,28,7,0,35,0,0,0,35
02/10/2016,CWA,WI,AGL,CE,Federal Contract Tower,0,34,1,0,35,0,0,3,0,3,0,34,4,0,38,6,0,6,44
02/11/2016,CWA,WI,AGL,CE,Federal Contract Tower,0,26,3,0,29,0,0,3,0,3,0,26,6,0,32,8,0,8,40
02/12/2016,CWA,WI,AGL,CE,Federal Contract Tower,0,26,2,0,28,0,0,0,0,0,0,26,2,0,28,0,0,0,28
02/13/2016,CWA,WI,AGL,CE,Federal Contract Tower,2,14,3,3,22,0,0,7,1,8,2,14,10,4,30,16,0,16,46
02/14/2016,CWA,WI,AGL,CE,Federal Contract Tower,0,13,0,0,13,0,0,2,0,2,0,13,2,0,15,0,0,0,15
02/15/2016,CWA,WI,AGL,CE,Federal Contract Tower,0,20,2,0,22,0,0,0,0,0,0,20,2,0,22,0,0,0,22
02/16/2016,CWA,WI,AGL,CE,Federal Contract Tower,0,25,3,0,28,0,0,0,0,0,0,25,3,0,28,0,0,0,28
02/17/2016,CWA,WI,AGL,CE,Federal Contract Tower,2,27,6,0,35,0,0,4,0,4,2,27,10,0,39,0,0,0,39
02/18/2016,CWA,WI,AGL,CE,Federal Contract Tower,0,27,4,0,31,0,0,0,0,0,0,27,4,0,31,0,0,0,31
02/19/2016,CWA,WI,AGL,CE,Federal Contract Tower,0,20,6,0,26,0,0,0,0,0,0,20,6,0,26,0,0,0,26
02/20/2016,CWA,WI,AGL,CE,Federal Contract Tower,0,11,0,0,11,0,0,4,0,4,0,11,4,0,15,0,0,0,15
02/21/2016,CWA,WI,AGL,CE,Federal Contract Tower,0,20,0,0,20,0,0,1,0,1,0,20,1,0,21,0,0,0,21
02/22/2016,CWA,WI,AGL,CE,Federal Contract Tower,0,25,1,0,26,0,0,8,0,8,0,25,9,0,34,12,0,12,46
02/23/2016,CWA,WI,AGL,CE,Federal Contract Tower,0,26,3,0,29,0,0,5,0,5,0,26,8,0,34,2,0,2,36
02/24/2016,CWA,WI,AGL,CE,Federal Contract Tower,0,22,1,0,23,0,0,0,0,0,0,22,1,0,23,8,0,8,31
02/25/2016,CWA,WI,AGL,CE,Federal Contract Tower,0,28,3,0,31,0,0,0,0,0,0,28,3,0,31,0,0,0,31
02/26/2016,CWA,WI,AGL,CE,Federal Contract Tower,0,31,2,0,33,0,0,6,0,6,0,31,8,0,39,0,0,0,39
02/27/2016,CWA,WI,AGL,CE,Federal Contract Tower,0,13,0,0,13,0,0,6,0,6,0,13,6,0,19,0,0,0,19
02/28/2016,CWA,WI,AGL,CE,Federal Contract Tower,0,19,1,0,20,0,0,1,0,1,0,19,2,0,21,0,0,0,21
02/29/2016,CWA,WI,AGL,CE,Federal Contract Tower,0,27,1,0,28,0,0,5,0,5,0,27,6,0,33,0,0,0,33
03/01/2016,CWA,WI,AGL,CE,Federal Contract Tower,0,20,2,0,22,0,0,2,0,2,0,20,4,0,24,0,0,0,24
03/02/2016,CWA,WI,AGL,CE,Federal Contract Tower,0,29,6,0,35,0,0,16,0,16,0,29,22,0,51,18,0,18,69
03/03/2016,CWA,WI,AGL,CE,Federal Contract Tower,0,27,1,0,28,0,4,8,0,12,0,31,9,0,40,10,0,10,50
03/04/2016,CWA,WI,AGL,CE,Federal Contract Tower,0,24,6,0,30,0,0,8,0,8,0,24,14,0,38,4,0,4,42
03/05/2016,CWA,WI,AGL,CE,Federal Contract Tower,0,14,1,0,15,0,0,2,0,2,0,14,3,0,17,0,0,0,17
03/06/2016,CWA,WI,AGL,CE,Federal Contract Tower,0,16,2,0,18,0,0,7,0,7,0,16,9,0,25,4,0,4,29
03/07/2016,CWA,WI,AGL,CE,Federal Contract Tower,0,26,5,0,31,0,0,4,0,4,0,26,9,0,35,0,0,0,35
03/08/2016,CWA,WI,AGL,CE,Federal Contract Tower,0,26,4,0,30,0,0,4,0,4,0,26,8,0,34,0,0,0,34
03/09/2016,CWA,WI,AGL,CE,Federal Contract Tower,0,29,2,0,31,0,0,0,0,0,0,29,2,0,31,0,0,0,31
03/10/2016,CWA,WI,AGL,CE,Federal Contract Tower,2,29,4,0,35,0,0,5,0,5,2,29,9,0,40,0,0,0,40
03/11/2016,CWA,WI,AGL,CE,Federal Contract Tower,0,25,1,0,26,0,0,13,0,13,0,25,14,0,39,18,0,18,57
03/12/2016,CWA,WI,AGL,CE,Federal Contract Tower,0,13,2,0,15,0,0,11,0,11,0,13,13,0,26,18,0,18,44
03/13/2016,CWA,WI,AGL,CE,Federal Contract Tower,0,15,2,0,17,0,0,7,0,7,0,15,9,0,24,0,0,0,24
03/14/2016,CWA,WI,AGL,CE,Federal Contract Tower,2,23,2,0,27,0,0,3,0,3,2,23,5,0,30,0,0,0,30
03/15/2016,CWA,WI,AGL,CE,Federal Contract Tower,0,26,2,0,28,0,0,0,0,0,0,26,2,0,28,0,0,0,28
03/16/2016,CWA,WI,AGL,CE,Federal Contract Tower,2,23,11,0,36,0,0,0,0,0,2,23,11,0,36,0,0,0,36
03/17/2016,CWA,WI,AGL,CE,Federal Contract Tower,0,28,3,0,31,0,0,2,0,2,0,28,5,0,33,0,0,0,33
03/18/2016,CWA,WI,AGL,CE,Federal Contract Tower,0,29,2,0,31,0,0,5,0,5,0,29,7,0,36,4,0,4,40
03/19/2016,CWA,WI,AGL,CE,Federal Contract Tower,0,13,3,0,16,0,0,9,0,9,0,13,12,0,25,0,0,0,25
03/20/2016,CWA,WI,AGL,CE,Federal Contract Tower,0,15,0,0,15,0,0,9,0,9,0,15,9,0,24,2,0,2,26
03/21/2016,CWA,WI,AGL,CE,Federal Contract Tower,2,22,5,0,29,0,0,12,0,12,2,22,17,0,41,16,0,16,57
03/22/2016,CWA,WI,AGL,CE,Federal Contract Tower,0,23,8,2,33,0,0,7,0,7,0,23,15,2,40,16,0,16,56
03/23/2016,CWA,WI,AGL,CE,Federal Contract Tower,0,20,1,0,21,0,0,0,0,0,0,20,1,0,21,0,0,0,21
03/24/2016,CWA,WI,AGL,CE,Federal Contract Tower,0,26,6,0,32,0,0,1,0,1,0,26,7,0,33,0,0,0,33
03/25/2016,CWA,WI,AGL,CE,Federal Contract Tower,4,23,0,0,27,0,0,17,0,17,4,23,17,0,44,4,0,4,48
03/26/2016,CWA,WI,AGL,CE,Federal Contract Tower,0,13,2,0,15,0,0,3,0,3,0,13,5,0,18,0,0,0,18
03/27/2016,CWA,WI,AGL,CE,Federal Contract Tower,0,18,1,0,19,0,0,0,0,0,0,18,1,0,19,0,0,0,19
03/28/2016,CWA,WI,AGL,CE,Federal Contract Tower,0,23,4,0,27,0,4,5,0,9,0,27,9,0,36,0,0,0,36
03/29/2016,CWA,WI,AGL,CE,Federal Contract Tower,2,24,1,0,27,0,0,13,0,13,2,24,14,0,40,6,0,6,46
03/30/2016,CWA,WI,AGL,CE,Federal Contract Tower,0,22,2,0,24,0,0,0,0,0,0,22,2,0,24,0,0,0,24
03/31/2016,CWA,WI,AGL,CE,Federal Contract Tower,0,22,1,0,23,0,0,0,0,0,0,22,1,0,23,0,0,0,23
04/01/2016,CWA,WI,AGL,CE,Federal Contract Tower,0,23,3,0,26,0,0,2,0,2,0,23,5,0,28,4,0,4,32
04/02/2016,CWA,WI,AGL,CE,Federal Contract Tower,0,14,4,0,18,0,0,0,0,0,0,14,4,0,18,0,0,0,18
04/03/2016,CWA,WI,AGL,CE,Federal Contract Tower,0,15,3,0,18,0,0,7,0,7,0,15,10,0,25,0,0,0,25
04/04/2016,CWA,WI,AGL,CE,Federal Contract Tower,0,24,1,0,25,0,0,8,0,8,0,24,9,0,33,32,0,32,65
04/05/2016,CWA,WI,AGL,CE,Federal Contract Tower,0,27,4,0,31,0,0,5,0,5,0,27,9,0,36,4,0,4,40
04/06/2016,CWA,WI,AGL,CE,Federal Contract Tower,0,35,4,0,39,0,0,0,0,0,0,35,4,0,39,0,0,0,39
04/07/2016,CWA,WI,AGL,CE,Federal Contract Tower,0,31,4,0,35,0,0,3,0,3,0,31,7,0,38,0,0,0,38
04/08/2016,CWA,WI,AGL,CE,Federal Contract Tower,0,30,0,0,30,0,0,0,0,0,0,30,0,0,30,0,0,0,30
04/09/2016,CWA,WI,AGL,CE,Federal Contract Tower,0,14,3,2,19,0,0,12,0,12,0,14,15,2,31,10,4,14,45
04/10/2016,CWA,WI,AGL,CE,Federal Contract Tower,0,18,2,0,20,0,0,0,0,0,0,18,2,0,20,0,0,0,20
04/11/2016,CWA,WI,AGL,CE,Federal Contract Tower,0,27,7,0,34,0,0,0,0,0,0,27,7,0,34,0,0,0,34
04/12/2016,CWA,WI,AGL,CE,Federal Contract Tower,0,30,1,0,31,0,0,5,6,11,0,30,6,6,42,12,0,12,54
04/13/2016,CWA,WI,AGL,CE,Federal Contract Tower,0,28,5,0,33,0,0,11,0,11,0,28,16,0,44,2,0,2,46
04/14/2016,CWA,WI,AGL,CE,Federal Contract Tower,0,25,9,0,34,0,2,5,0,7,0,27,14,0,41,0,0,0,41
04/15/2016,CWA,WI,AGL,CE,Federal Contract Tower,0,26,3,0,29,0,0,3,0,3,0,26,6,0,32,4,0,4,36
04/16/2016,CWA,WI,AGL,CE,Federal Contract Tower,0,16,3,0,19,0,0,16,0,16,0,16,19,0,35,4,0,4,39
04/17/2016,CWA,WI,AGL,CE,Federal Contract Tower,2,17,1,0,20,0,0,9,0,9,2,17,10,0,29,6,0,6,35
04/18/2016,CWA,WI,AGL,CE,Federal Contract Tower,2,22,2,0,26,0,0,11,0,11,2,22,13,0,37,18,0,18,55
04/19/2016,CWA,WI,AGL,CE,Federal Contract Tower,0,27,3,0,30,0,0,0,0,0,0,27,3,0,30,0,0,0,30
04/20/2016,CWA,WI,AGL,CE,Federal Contract Tower,2,26,8,0,36,0,0,1,0,1,2,26,9,0,37,0,0,0,37
04/21/2016,CWA,WI,AGL,CE,Federal Contract Tower,0,26,8,0,34,0,0,4,0,4,0,26,12,0,38,0,0,0,38
04/22/2016,CWA,WI,AGL,CE,Federal Contract Tower,0,26,3,0,29,0,0,8,0,8,0,26,11,0,37,0,0,0,37
04/23/2016,CWA,WI,AGL,CE,Federal Contract Tower,0,14,3,0,17,0,0,8,0,8,0,14,11,0,25,0,0,0,25
04/24/2016,CWA,WI,AGL,CE,Federal Contract Tower,0,22,3,0,25,0,0,0,0,0,0,22,3,0,25,0,0,0,25
04/25/2016,CWA,WI,AGL,CE,Federal Contract Tower,0,25,3,0,28,0,0,0,0,0,0,25,3,0,28,0,0,0,28
04/26/2016,CWA,WI,AGL,CE,Federal Contract Tower,0,27,17,0,44,0,0,2,0,2,0,27,19,0,46,4,0,4,50
04/27/2016,CWA,WI,AGL,CE,Federal Contract Tower,2,30,3,0,35,0,0,0,0,0,2,30,3,0,35,10,0,10,45
04/28/2016,CWA,WI,AGL,CE,Federal Contract Tower,2,25,2,0,29,0,0,0,0,0,2,25,2,0,29,0,0,0,29
04/29/2016,CWA,WI,AGL,CE,Federal Contract Tower,0,27,0,2,29,0,0,3,0,3,0,27,3,2,32,0,14,14,46
04/30/2016,CWA,WI,AGL,CE,Federal Contract Tower,1,14,1,0,16,0,0,6,0,6,1,14,7,0,22,0,0,0,22
05/01/2016,CWA,WI,AGL,CE,Federal Contract Tower,4,18,0,0,22,0,0,6,0,6,4,18,6,0,28,8,0,8,36
05/02/2016,CWA,WI,AGL,CE,Federal Contract Tower,0,24,3,0,27,0,0,8,0,8,0,24,11,0,35,16,0,16,51
05/03/2016,CWA,WI,AGL,CE,Federal Contract Tower,0,26,5,0,31,0,0,3,0,3,0,26,8,0,34,0,0,0,34
05/04/2016,CWA,WI,AGL,CE,Federal Contract Tower,0,30,2,0,32,0,0,2,0,2,0,30,4,0,34,0,0,0,34
05/05/2016,CWA,WI,AGL,CE,Federal Contract Tower,0,27,7,0,34,0,0,17,0,17,0,27,24,0,51,20,0,20,71
05/06/2016,CWA,WI,AGL,CE,Federal Contract Tower,0,25,0,0,25,0,0,6,2,8,0,25,6,2,33,0,6,6,39
05/07/2016,CWA,WI,AGL,CE,Federal Contract Tower,1,14,0,0,15,0,0,0,0,0,1,14,0,0,15,0,0,0,15
05/08/2016,CWA,WI,AGL,CE,Federal Contract Tower,0,17,3,0,20,0,0,6,0,6,0,17,9,0,26,0,0,0,26
05/09/2016,CWA,WI,AGL,CE,Federal Contract Tower,0,19,2,0,21,0,0,0,0,0,0,19,2,0,21,0,0,0,21
05/10/2016,CWA,WI,AGL,CE,Federal Contract Tower,0,24,0,0,24,0,0,0,0,0,0,24,0,0,24,0,0,0,24
05/11/2016,CWA,WI,AGL,CE,Federal Contract Tower,0,21,4,0,25,0,0,0,0,0,0,21,4,0,25,0,0,0,25
05/12/2016,CWA,WI,AGL,CE,Federal Contract Tower,0,24,6,0,30,0,0,6,2,8,0,24,12,2,38,0,0,0,38
05/13/2016,CWA,WI,AGL,CE,Federal Contract Tower,0,26,2,0,28,0,0,2,0,2,0,26,4,0,30,0,0,0,30
05/14/2016,CWA,WI,AGL,CE,Federal Contract Tower,1,17,0,0,18,0,0,0,0,0,1,17,0,0,18,0,0,0,18
05/15/2016,CWA,WI,AGL,CE,Federal Contract Tower,0,18,0,0,18,0,0,4,0,4,0,18,4,0,22,16,0,16,38
05/16/2016,CWA,WI,AGL,CE,Federal Contract Tower,2,20,2,0,24,0,0,1,1,2,2,20,3,1,26,0,0,0,26
05/17/2016,CWA,WI,AGL,CE,Federal Contract Tower,0,24,1,0,25,0,0,4,1,5,0,24,5,1,30,4,2,6,36
05/18/2016,CWA,WI,AGL,CE,Federal Contract Tower,0,24,11,0,35,0,0,13,0,13,0,24,24,0,48,24,0,24,72
05/19/2016,CWA,WI,AGL,CE,Federal Contract Tower,0,23,4,0,27,0,0,11,0,11,0,23,15,0,38,8,0,8,46
05/20/2016,CWA,WI,AGL,CE,Federal Contract Tower,0,23,1,0,24,0,0,15,0,15,0,23,16,0,39,6,0,6,45
05/21/2016,CWA,WI,AGL,CE,Federal Contract Tower,1,16,3,0,20,0,0,6,0,6,1,16,9,0,26,4,0,4,30
05/22/2016,CWA,WI,AGL,CE,Federal Contract Tower,0,15,2,0,17,0,0,6,0,6,0,15,8,0,23,8,0,8,31
05/23/2016,CWA,WI,AGL,CE,Federal Contract Tower,0,19,4,0,23,0,0,3,0,3,0,19,7,0,26,4,0,4,30
05/24/2016,CWA,WI,AGL,CE,Federal Contract Tower,0,22,3,0,25,0,0,4,0,4,0,22,7,0,29,0,0,0,29
05/25/2016,CWA,WI,AGL,CE,Federal Contract Tower,0,25,1,0,26,0,0,0,0,0,0,25,1,0,26,0,0,0,26
05/26/2016,CWA,WI,AGL,CE,Federal Contract Tower,0,21,7,0,28,0,0,1,0,1,0,21,8,0,29,0,0,0,29
05/27/2016,CWA,WI,AGL,CE,Federal Contract Tower,0,23,2,0,25,0,0,5,0,5,0,23,7,0,30,0,0,0,30
05/28/2016,CWA,WI,AGL,CE,Federal Contract Tower,1,17,2,0,20,0,0,0,0,0,1,17,2,0,20,0,0,0,20
05/30/2016,CWA,WI,AGL,CE,Federal Contract Tower,0,15,2,0,17,0,0,5,0,5,0,15,7,0,22,2,0,2,24
05/31/2016,CWA,WI,AGL,CE,Federal Contract Tower,0,18,0,0,18,0,0,2,0,2,0,18,2,0,20,0,0,0,20
06/01/2016,CWA,WI,AGL,CE,Federal Contract Tower,0,31,3,0,34,0,0,4,0,4,0,31,7,0,38,0,0,0,38
06/02/2016,CWA,WI,AGL,CE,Federal Contract Tower,2,24,3,0,29,0,0,7,0,7,2,24,10,0,36,0,0,0,36
06/03/2016,CWA,WI,AGL,CE,Federal Contract Tower,0,21,8,0,29,0,0,6,0,6,0,21,14,0,35,0,0,0,35
06/04/2016,CWA,WI,AGL,CE,Federal Contract Tower,0,14,0,0,14,0,0,0,0,0,0,14,0,0,14,0,0,0,14
06/05/2016,CWA,WI,AGL,CE,Federal Contract Tower,0,15,0,0,15,0,0,6,0,6,0,15,6,0,21,8,0,8,29
06/06/2016,CWA,WI,AGL,CE,Federal Contract Tower,0,19,4,0,23,0,0,2,0,2,0,19,6,0,25,0,0,0,25
06/07/2016,CWA,WI,AGL,CE,Federal Contract Tower,0,23,5,0,28,0,0,6,0,6,0,23,11,0,34,4,0,4,38
06/08/2016,CWA,WI,AGL,CE,Federal Contract Tower,2,30,0,0,32,0,10,16,0,26,2,40,16,0,58,6,0,6,64
06/09/2016,CWA,WI,AGL,CE,Federal Contract Tower,0,24,6,0,30,0,1,8,0,9,0,25,14,0,39,4,0,4,43
06/10/2016,CWA,WI,AGL,CE,Federal Contract Tower,0,19,4,0,23,0,0,0,0,0,0,19,4,0,23,0,0,0,23
06/11/2016,CWA,WI,AGL,CE,Federal Contract Tower,0,15,4,0,19,0,0,1,0,1,0,15,5,0,20,0,0,0,20
06/12/2016,CWA,WI,AGL,CE,Federal Contract Tower,2,14,7,0,23,0,0,8,0,8,2,14,15,0,31,10,0,10,41
06/13/2016,CWA,WI,AGL,CE,Federal Contract Tower,0,18,8,0,26,0,1,2,0,3,0,19,10,0,29,0,0,0,29
06/14/2016,CWA,WI,AGL,CE,Federal Contract Tower,0,24,4,0,28,0,0,2,2,4,0,24,6,2,32,0,0,0,32
06/15/2016,CWA,WI,AGL,CE,Federal Contract Tower,0,27,8,0,35,0,0,2,0,2,0,27,10,0,37,0,0,0,37
06/16/2016,CWA,WI,AGL,CE,Federal Contract Tower,0,24,8,0,32,0,0,7,0,7,0,24,15,0,39,0,0,0,39
06/17/2016,CWA,WI,AGL,CE,Federal Contract Tower,2,20,8,0,30,0,2,17,0,19,2,22,25,0,49,0,0,0,49
06/18/2016,CWA,WI,AGL,CE,Federal Contract Tower,0,15,1,0,16,0,0,15,0,15,0,15,16,0,31,6,0,6,37
06/19/2016,CWA,WI,AGL,CE,Federal Contract Tower,0,14,1,0,15,0,0,9,0,9,0,14,10,0,24,0,0,0,24
06/20/2016,CWA,WI,AGL,CE,Federal Contract Tower,2,22,5,0,29,0,0,2,0,2,2,22,7,0,31,0,0,0,31
06/21/2016,CWA,WI,AGL,CE,Federal Contract Tower,0,24,2,0,26,0,0,8,2,10,0,24,10,2,36,8,0,8,44
06/22/2016,CWA,WI,AGL,CE,Federal Contract Tower,0,29,3,0,32,0,0,0,0,0,0,29,3,0,32,0,0,0,32
06/23/2016,CWA,WI,AGL,CE,Federal Contract Tower,0,24,8,0,32,0,0,5,0,5,0,24,13,0,37,0,0,0,37
06/24/2016,CWA,WI,AGL,CE,Federal Contract Tower,0,23,4,0,27,0,0,7,0,7,0,23,11,0,34,0,0,0,34
06/25/2016,CWA,WI,AGL,CE,Federal Contract Tower,0,16,0,0,16,0,0,2,0,2,0,16,2,0,18,0,0,0,18
06/26/2016,CWA,WI,AGL,CE,Federal Contract Tower,0,17,3,0,20,0,0,2,0,2,0,17,5,0,22,0,0,0,22
06/27/2016,CWA,WI,AGL,CE,Federal Contract Tower,0,20,1,0,21,0,0,2,0,2,0,20,3,0,23,2,0,2,25
06/28/2016,CWA,WI,AGL,CE,Federal Contract Tower,0,26,2,2,30,0,1,9,2,12,0,27,11,4,42,28,8,36,78
06/29/2016,CWA,WI,AGL,CE,Federal Contract Tower,0,29,2,0,31,0,0,7,0,7,0,29,9,0,38,0,0,0,38
06/30/2016,CWA,WI,AGL,CE,Federal Contract Tower,0,23,4,0,27,0,0,1,0,1,0,23,5,0,28,0,0,0,28
07/01/2016,CWA,WI,AGL,CE,Federal Contract Tower,0,24,6,0,30,0,0,9,0,9,0,24,15,0,39,0,0,0,39
07/02/2016,CWA,WI,AGL,CE,Federal Contract Tower,0,15,0,0,15,0,0,8,0,8,0,15,8,0,23,0,0,0,23
07/03/2016,CWA,WI,AGL,CE,Federal Contract Tower,0,8,3,0,11,0,0,12,0,12,0,8,15,0,23,0,0,0,23
07/04/2016,CWA,WI,AGL,CE,Federal Contract Tower,0,12,1,0,13,0,0,10,0,10,0,12,11,0,23,4,0,4,27
07/05/2016,CWA,WI,AGL,CE,Federal Contract Tower,0,21,1,0,22,0,0,9,1,10,0,21,10,1,32,2,0,2,34
07/06/2016,CWA,WI,AGL,CE,Federal Contract Tower,0,28,3,0,31,0,11,4,0,15,0,39,7,0,46,2,0,2,48
07/07/2016,CWA,WI,AGL,CE,Federal Contract Tower,0,25,6,0,31,0,0,0,0,0,0,25,6,0,31,0,0,0,31
07/08/2016,CWA,WI,AGL,CE,Federal Contract Tower,0,24,2,0,26,0,0,3,0,3,0,24,5,0,29,12,0,12,41
07/09/2016,CWA,WI,AGL,CE,Federal Contract Tower,0,18,1,0,19,0,0,13,0,13,0,18,14,0,32,6,0,6,38
07/10/2016,CWA,WI,AGL,CE,Federal Contract Tower,0,15,1,0,16,0,0,10,0,10,0,15,11,0,26,8,0,8,34
07/11/2016,CWA,WI,AGL,CE,Federal Contract Tower,0,19,2,0,21,0,0,1,0,1,0,19,3,0,22,0,0,0,22
07/12/2016,CWA,WI,AGL,CE,Federal Contract Tower,0,23,7,0,30,0,0,4,2,6,0,23,11,2,36,0,0,0,36
07/13/2016,CWA,WI,AGL,CE,Federal Contract Tower,0,24,7,0,31,0,0,1,0,1,0,24,8,0,32,0,0,0,32
07/14/2016,CWA,WI,AGL,CE,Federal Contract Tower,0,26,6,0,32,0,0,1,0,1,0,26,7,0,33,0,0,0,33
07/15/2016,CWA,WI,AGL,CE,Federal Contract Tower,2,23,1,0,26,0,2,5,0,7,2,25,6,0,33,10,0,10,43
07/16/2016,CWA,WI,AGL,CE,Federal Contract Tower,0,16,2,0,18,0,0,11,0,11,0,16,13,0,29,0,0,0,29
07/17/2016,CWA,WI,AGL,CE,Federal Contract Tower,0,15,3,0,18,0,0,2,0,2,0,15,5,0,20,0,0,0,20
07/18/2016,CWA,WI,AGL,CE,Federal Contract Tower,2,22,7,0,31,0,0,8,0,8,2,22,15,0,39,2,0,2,41
07/19/2016,CWA,WI,AGL,CE,Federal Contract Tower,0,22,6,0,28,0,0,10,0,10,0,22,16,0,38,18,0,18,56
07/20/2016,CWA,WI,AGL,CE,Federal Contract Tower,0,26,5,0,31,0,0,4,2,6,0,26,9,2,37,0,4,4,41
07/21/2016,CWA,WI,AGL,CE,Federal Contract Tower,0,21,8,0,29,0,2,1,0,3,0,23,9,0,32,0,0,0,32
07/22/2016,CWA,WI,AGL,CE,Federal Contract Tower,0,24,4,0,28,0,0,8,0,8,0,24,12,0,36,6,0,6,42
07/23/2016,CWA,WI,AGL,CE,Federal Contract Tower,0,12,2,0,14,0,0,7,0,7,0,12,9,0,21,2,0,2,23
07/24/2016,CWA,WI,AGL,CE,Federal Contract Tower,0,12,9,0,21,0,2,6,0,8,0,14,15,0,29,4,0,4,33
07/25/2016,CWA,WI,AGL,CE,Federal Contract Tower,0,19,6,0,25,0,0,5,0,5,0,19,11,0,30,2,0,2,32
07/26/2016,CWA,WI,AGL,CE,Federal Contract Tower,0,24,10,0,34,0,0,8,3,11,0,24,18,3,45,6,0,6,51
07/27/2016,CWA,WI,AGL,CE,Federal Contract Tower,0,24,6,0,30,0,0,3,1,4,0,24,9,1,34,0,0,0,34
07/28/2016,CWA,WI,AGL,CE,Federal Contract Tower,0,21,9,0,30,0,0,5,0,5,0,21,14,0,35,0,0,0,35
07/29/2016,CWA,WI,AGL,CE,Federal Contract Tower,0,22,12,0,34,0,0,15,0,15,0,22,27,0,49,12,0,12,61
07/30/2016,CWA,WI,AGL,CE,Federal Contract Tower,0,15,1,0,16,0,0,8,0,8,0,15,9,0,24,8,0,8,32
07/31/2016,CWA,WI,AGL,CE,Federal Contract Tower,0,15,3,0,18,0,0,17,0,17,0,15,20,0,35,0,0,0,35
08/01/2016,CWA,WI,AGL,CE,Federal Contract Tower,0,19,7,0,26,0,0,12,0,12,0,19,19,0,38,16,0,16,54
08/02/2016,CWA,WI,AGL,CE,Federal Contract Tower,0,30,6,0,36,0,0,2,0,2,0,30,8,0,38,38,0,38,76
08/03/2016,CWA,WI,AGL,CE,Federal Contract Tower,0,23,2,0,25,0,2,11,0,13,0,25,13,0,38,0,0,0,38
08/04/2016,CWA,WI,AGL,CE,Federal Contract Tower,0,25,1,0,26,0,0,0,0,0,0,25,1,0,26,0,0,0,26
08/05/2016,CWA,WI,AGL,CE,Federal Contract Tower,0,23,5,0,28,0,0,11,0,11,0,23,16,0,39,4,0,4,43
08/06/2016,CWA,WI,AGL,CE,Federal Contract Tower,0,15,1,0,16,0,0,17,0,17,0,15,18,0,33,4,0,4,37
08/07/2016,CWA,WI,AGL,CE,Federal Contract Tower,0,15,1,0,16,0,0,11,0,11,0,15,12,0,27,10,0,10,37
08/08/2016,CWA,WI,AGL,CE,Federal Contract Tower,0,22,5,0,27,0,0,13,0,13,0,22,18,0,40,14,0,14,54
08/09/2016,CWA,WI,AGL,CE,Federal Contract Tower,0,27,9,0,36,0,0,5,0,5,0,27,14,0,41,30,0,30,71
08/10/2016,CWA,WI,AGL,CE,Federal Contract Tower,2,30,6,0,38,0,0,2,0,2,2,30,8,0,40,0,0,0,40
08/11/2016,CWA,WI,AGL,CE,Federal Contract Tower,0,28,0,0,28,0,0,0,0,0,0,28,0,0,28,0,0,0,28
08/12/2016,CWA,WI,AGL,CE,Federal Contract Tower,0,22,6,0,28,0,0,4,0,4,0,22,10,0,32,2,0,2,34
08/13/2016,CWA,WI,AGL,CE,Federal Contract Tower,0,14,4,0,18,0,0,0,0,0,0,14,4,0,18,0,0,0,18
08/14/2016,CWA,WI,AGL,CE,Federal Contract Tower,2,13,1,0,16,0,0,12,0,12,2,13,13,0,28,18,0,18,46
08/15/2016,CWA,WI,AGL,CE,Federal Contract Tower,0,19,8,0,27,0,0,12,0,12,0,19,20,0,39,12,0,12,51
08/16/2016,CWA,WI,AGL,CE,Federal Contract Tower,0,29,4,0,33,0,0,8,0,8,0,29,12,0,41,14,0,14,55
08/17/2016,CWA,WI,AGL,CE,Federal Contract Tower,0,24,2,0,26,0,0,7,0,7,0,24,9,0,33,12,0,12,45
08/18/2016,CWA,WI,AGL,CE,Federal Contract Tower,0,24,10,0,34,0,0,8,0,8,0,24,18,0,42,4,0,4,46
08/19/2016,CWA,WI,AGL,CE,Federal Contract Tower,0,22,13,0,35,0,0,2,0,2,0,22,15,0,37,6,0,6,43
08/20/2016,CWA,WI,AGL,CE,Federal Contract Tower,0,16,4,0,20,0,0,0,0,0,0,16,4,0,20,0,0,0,20
08/21/2016,CWA,WI,AGL,CE,Federal Contract Tower,0,15,3,0,18,0,0,3,0,3,0,15,6,0,21,4,0,4,25
08/22/2016,CWA,WI,AGL,CE,Federal Contract Tower,0,21,7,0,28,0,0,7,0,7,0,21,14,0,35,6,0,6,41
08/23/2016,CWA,WI,AGL,CE,Federal Contract Tower,2,24,1,0,27,0,0,2,0,2,2,24,3,0,29,0,0,0,29
08/24/2016,CWA,WI,AGL,CE,Federal Contract Tower,0,26,1,0,27,0,2,1,0,3,0,28,2,0,30,0,0,0,30
08/25/2016,CWA,WI,AGL,CE,Federal Contract Tower,0,25,6,0,31,0,0,6,0,6,0,25,12,0,37,0,0,0,37
08/26/2016,CWA,WI,AGL,CE,Federal Contract Tower,2,22,6,0,30,0,1,5,0,6,2,23,11,0,36,2,0,2,38
08/27/2016,CWA,WI,AGL,CE,Federal Contract Tower,0,14,8,0,22,0,0,0,0,0,0,14,8,0,22,0,0,0,22
08/28/2016,CWA,WI,AGL,CE,Federal Contract Tower,0,15,5,0,20,0,0,7,0,7,0,15,12,0,27,2,0,2,29
08/29/2016,CWA,WI,AGL,CE,Federal Contract Tower,0,18,4,0,22,0,0,3,0,3,0,18,7,0,25,4,0,4,29
08/30/2016,CWA,WI,AGL,CE,Federal Contract Tower,0,23,0,0,23,0,0,6,0,6,0,23,6,0,29,0,0,0,29
08/31/2016,CWA,WI,AGL,CE,Federal Contract Tower,0,26,1,0,27,0,1,10,0,11,0,27,11,0,38,6,0,6,44
09/01/2016,CWA,WI,AGL,CE,Federal Contract Tower,2,23,7,0,32,0,3,13,0,16,2,26,20,0,48,40,0,40,88
09/02/2016,CWA,WI,AGL,CE,Federal Contract Tower,0,26,7,0,33,0,5,3,2,10,0,31,10,2,43,0,0,0,43
09/03/2016,CWA,WI,AGL,CE,Federal Contract Tower,0,14,0,0,14,0,0,13,0,13,0,14,13,0,27,0,0,0,27
09/04/2016,CWA,WI,AGL,CE,Federal Contract Tower,0,10,1,0,11,0,6,10,0,16,0,16,11,0,27,0,0,0,27
09/05/2016,CWA,WI,AGL,CE,Federal Contract Tower,0,17,2,0,19,0,0,3,0,3,0,17,5,0,22,0,0,0,22
09/06/2016,CWA,WI,AGL,CE,Federal Contract Tower,0,21,3,0,24,0,0,0,0,0,0,21,3,0,24,0,0,0,24
09/07/2016,CWA,WI,AGL,CE,Federal Contract Tower,0,24,6,0,30,0,0,0,0,0,0,24,6,0,30,0,0,0,30
09/08/2016,CWA,WI,AGL,CE,Federal Contract Tower,0,26,0,0,26,0,0,11,0,11,0,26,11,0,37,6,0,6,43
09/09/2016,CWA,WI,AGL,CE,Federal Contract Tower,2,21,5,0,28,0,0,0,0,0,2,21,5,0,28,12,0,12,40
09/10/2016,CWA,WI,AGL,CE,Federal Contract Tower,0,12,2,0,14,0,0,4,0,4,0,12,6,0,18,12,0,12,30
09/11/2016,CWA,WI,AGL,CE,Federal Contract Tower,0,14,4,0,18,0,0,15,0,15,0,14,19,0,33,4,0,4,37
09/12/2016,CWA,WI,AGL,CE,Federal Contract Tower,4,23,2,0,29,0,0,2,0,2,4,23,4,0,31,0,0,0,31
09/13/2016,CWA,WI,AGL,CE,Federal Contract Tower,0,26,6,0,32,0,0,2,0,2,0,26,8,0,34,0,0,0,34
09/14/2016,CWA,WI,AGL,CE,Federal Contract Tower,0,25,5,2,32,0,0,15,0,15,0,25,20,2,47,4,8,12,59
09/15/2016,CWA,WI,AGL,CE,Federal Contract Tower,0,29,8,0,37,0,1,14,0,15,0,30,22,0,52,0,0,0,52
09/16/2016,CWA,WI,AGL,CE,Federal Contract Tower,2,26,5,0,33,0,0,3,0,3,2,26,8,0,36,0,0,0,36
09/17/2016,CWA,WI,AGL,CE,Federal Contract Tower,0,13,1,0,14,0,0,2,0,2,0,13,3,0,16,0,0,0,16
09/18/2016,CWA,WI,AGL,CE,Federal Contract Tower,0,17,1,0,18,0,0,7,0,7,0,17,8,0,25,0,0,0,25
09/19/2016,CWA,WI,AGL,CE,Federal Contract Tower,0,20,9,0,29,0,2,9,0,11,0,22,18,0,40,0,0,0,40
09/20/2016,CWA,WI,AGL,CE,Federal Contract Tower,2,25,5,0,32,0,0,11,0,11,2,25,16,0,43,0,0,0,43
09/21/2016,CWA,WI,AGL,CE,Federal Contract Tower,0,18,6,0,24,0,0,2,0,2,0,18,8,0,26,0,0,0,26
09/22/2016,CWA,WI,AGL,CE,Federal Contract Tower,0,27,3,0,30,0,0,0,0,0,0,27,3,0,30,0,0,0,30
09/23/2016,CWA,WI,AGL,CE,Federal Contract Tower,0,23,5,0,28,0,0,5,0,5,0,23,10,0,33,0,0,0,33
09/24/2016,CWA,WI,AGL,CE,Federal Contract Tower,0,12,12,0,24,0,0,4,0,4,0,12,16,0,28,0,0,0,28
09/25/2016,CWA,WI,AGL,CE,Federal Contract Tower,1,14,1,0,16,0,0,0,0,0,1,14,1,0,16,0,0,0,16
09/26/2016,CWA,WI,AGL,CE,Federal Contract Tower,0,21,2,0,23,0,0,2,0,2,0,21,4,0,25,0,0,0,25
09/27/2016,CWA,WI,AGL,CE,Federal Contract Tower,0,24,5,0,29,0,0,0,0,0,0,24,5,0,29,0,0,0,29
09/28/2016,CWA,WI,AGL,CE,Federal Contract Tower,0,27,9,0,36,0,0,0,0,0,0,27,9,0,36,0,0,0,36
09/29/2016,CWA,WI,AGL,CE,Federal Contract Tower,0,26,0,0,26,0,0,4,0,4,0,26,4,0,30,0,0,0,30
09/30/2016,CWA,WI,AGL,CE,Federal Contract Tower,0,24,2,0,26,0,2,2,0,4,0,26,4,0,30,0,0,0,30
10/01/2016,CWA,WI,AGL,CE,Federal Contract Tower,0,13,3,0,16,0,0,0,0,0,0,13,3,0,16,0,0,0,16
10/02/2016,CWA,WI,AGL,CE,Federal Contract Tower,1,15,3,0,19,0,0,26,0,26,1,15,29,0,45,6,0,6,51
10/03/2016,CWA,WI,AGL,CE,Federal Contract Tower,0,20,8,0,28,0,0,7,0,7,0,20,15,0,35,2,0,2,37
10/04/2016,CWA,WI,AGL,CE,Federal Contract Tower,0,29,7,0,36,0,1,6,0,7,0,30,13,0,43,4,0,4,47
10/05/2016,CWA,WI,AGL,CE,Federal Contract Tower,1,17,13,0,31,0,0,5,0,5,1,17,18,0,36,0,0,0,36
10/06/2016,CWA,WI,AGL,CE,Federal Contract Tower,2,27,5,2,36,0,0,2,2,4,2,27,7,4,40,0,4,4,44
10/07/2016,CWA,WI,AGL,CE,Federal Contract Tower,0,28,1,0,29,0,0,1,0,1,0,28,2,0,30,0,0,0,30
10/08/2016,CWA,WI,AGL,CE,Federal Contract Tower,0,13,0,0,13,0,0,8,0,8,0,13,8,0,21,0,0,0,21
10/09/2016,CWA,WI,AGL,CE,Federal Contract Tower,0,18,6,0,24,0,0,20,0,20,0,18,26,0,44,10,0,10,54
10/10/2016,CWA,WI,AGL,CE,Federal Contract Tower,4,23,2,0,29,0,0,0,0,0,4,23,2,0,29,0,0,0,29
10/11/2016,CWA,WI,AGL,CE,Federal Contract Tower,0,28,7,2,37,0,3,10,1,14,0,31,17,3,51,16,12,28,79
10/12/2016,CWA,WI,AGL,CE,Federal Contract Tower,0,27,0,0,27,0,0,0,0,0,0,27,0,0,27,0,0,0,27
10/13/2016,CWA,WI,AGL,CE,Federal Contract Tower,3,24,7,2,36,0,0,9,0,9,3,24,16,2,45,0,2,2,47
10/14/2016,CWA,WI,AGL,CE,Federal Contract Tower,0,24,5,0,29,0,0,5,0,5,0,24,10,0,34,0,0,0,34
10/15/2016,CWA,WI,AGL,CE,Federal Contract Tower,0,18,4,0,22,0,0,0,0,0,0,18,4,0,22,0,0,0,22
10/16/2016,CWA,WI,AGL,CE,Federal Contract Tower,0,18,0,0,18,0,0,11,0,11,0,18,11,0,29,28,0,28,57
10/17/2016,CWA,WI,AGL,CE,Federal Contract Tower,0,25,8,6,39,0,0,1,0,1,0,25,9,6,40,0,0,0,40
10/18/2016,CWA,WI,AGL,CE,Federal Contract Tower,0,28,7,0,35,0,1,10,0,11,0,29,17,0,46,0,0,0,46
10/19/2016,CWA,WI,AGL,CE,Federal Contract Tower,0,28,3,0,31,0,1,13,0,14,0,29,16,0,45,0,0,0,45
10/20/2016,CWA,WI,AGL,CE,Federal Contract Tower,2,29,5,0,36,0,0,9,0,9,2,29,14,0,45,0,0,0,45
10/21/2016,CWA,WI,AGL,CE,Federal Contract Tower,0,27,1,0,28,0,1,7,0,8,0,28,8,0,36,0,0,0,36
10/22/2016,CWA,WI,AGL,CE,Federal Contract Tower,0,17,4,0,21,0,0,12,0,12,0,17,16,0,33,10,0,10,43
10/23/2016,CWA,WI,AGL,CE,Federal Contract Tower,1,18,3,0,22,0,0,11,0,11,1,18,14,0,33,0,0,0,33
10/24/2016,CWA,WI,AGL,CE,Federal Contract Tower,0,21,6,2,29,0,0,5,0,5,0,21,11,2,34,0,0,0,34
10/25/2016,CWA,WI,AGL,CE,Federal Contract Tower,0,27,3,1,31,0,0,8,7,15,0,27,11,8,46,2,8,10,56
10/26/2016,CWA,WI,AGL,CE,Federal Contract Tower,2,27,5,0,34,0,0,0,0,0,2,27,5,0,34,0,0,0,34
10/27/2016,CWA,WI,AGL,CE,Federal Contract Tower,0,27,6,2,35,0,0,1,0,1,0,27,7,2,36,0,0,0,36
10/28/2016,CWA,WI,AGL,CE,Federal Contract Tower,0,26,0,0,26,0,0,0,0,0,0,26,0,0,26,0,0,0,26
10/29/2016,CWA,WI,AGL,CE,Federal Contract Tower,2,15,5,3,25,0,10,0,1,11,2,25,5,4,36,0,2,2,38
10/30/2016,CWA,WI,AGL,CE,Federal Contract Tower,0,15,1,0,16,0,0,3,0,3,0,15,4,0,19,0,0,0,19
10/31/2016,CWA,WI,AGL,CE,Federal Contract Tower,0,21,2,2,25,0,0,2,0,2,0,21,4,2,27,14,0,14,41
11/01/2016,CWA,WI,AGL,CE,Federal Contract Tower,0,28,8,0,36,0,0,3,0,3,0,28,11,0,39,2,0,2,41
11/02/2016,CWA,WI,AGL,CE,Federal Contract Tower,0,26,3,0,29,0,0,4,0,4,0,26,7,0,33,0,0,0,33
11/03/2016,CWA,WI,AGL,CE,Federal Contract Tower,2,27,5,2,36,0,0,11,0,11,2,27,16,2,47,2,4,6,53
11/04/2016,CWA,WI,AGL,CE,Federal Contract Tower,0,24,2,0,26,0,0,9,0,9,0,24,11,0,35,0,0,0,35
11/05/2016,CWA,WI,AGL,CE,Federal Contract Tower,0,15,1,0,16,0,0,17,0,17,0,15,18,0,33,6,0,6,39
11/06/2016,CWA,WI,AGL,CE,Federal Contract Tower,2,15,3,0,20,0,0,8,0,8,2,15,11,0,28,0,0,0,28
11/07/2016,CWA,WI,AGL,CE,Federal Contract Tower,2,22,4,2,30,0,0,4,2,6,2,22,8,4,36,18,14,32,68
11/08/2016,CWA,WI,AGL,CE,Federal Contract Tower,0,31,2,0,33,0,0,4,0,4,0,31,6,0,37,12,0,12,49
11/09/2016,CWA,WI,AGL,CE,Federal Contract Tower,1,29,7,0,37,0,0,7,0,7,1,29,14,0,44,8,0,8,52
11/10/2016,CWA,WI,AGL,CE,Federal Contract Tower,0,26,7,0,33,0,0,0,0,0,0,26,7,0,33,0,0,0,33
11/11/2016,CWA,WI,AGL,CE,Federal Contract Tower,0,28,3,0,31,0,0,9,0,9,0,28,12,0,40,0,0,0,40
11/12/2016,CWA,WI,AGL,CE,Federal Contract Tower,0,15,2,0,17,0,0,11,0,11,0,15,13,0,28,2,0,2,30
11/13/2016,CWA,WI,AGL,CE,Federal Contract Tower,0,16,3,0,19,0,0,2,0,2,0,16,5,0,21,0,0,0,21
11/14/2016,CWA,WI,AGL,CE,Federal Contract Tower,0,25,4,0,29,0,0,5,0,5,0,25,9,0,34,0,0,0,34
11/15/2016,CWA,WI,AGL,CE,Federal Contract Tower,0,26,2,0,28,0,0,2,0,2,0,26,4,0,30,0,0,0,30
11/16/2016,CWA,WI,AGL,CE,Federal Contract Tower,1,24,5,0,30,0,0,6,0,6,1,24,11,0,36,0,2,2,38
11/17/2016,CWA,WI,AGL,CE,Federal Contract Tower,0,27,5,0,32,0,0,6,0,6,0,27,11,0,38,2,0,2,40
11/18/2016,CWA,WI,AGL,CE,Federal Contract Tower,0,29,2,0,31,0,0,0,0,0,0,29,2,0,31,0,0,0,31
11/19/2016,CWA,WI,AGL,CE,Federal Contract Tower,1,19,0,0,20,0,0,0,0,0,1,19,0,0,20,0,0,0,20
11/20/2016,CWA,WI,AGL,CE,Federal Contract Tower,0,16,0,0,16,0,0,6,0,6,0,16,6,0,22,0,0,0,22
11/21/2016,CWA,WI,AGL,CE,Federal Contract Tower,0,17,4,0,21,0,0,6,0,6,0,17,10,0,27,0,0,0,27
11/22/2016,CWA,WI,AGL,CE,Federal Contract Tower,0,25,3,0,28,0,0,5,0,5,0,25,8,0,33,0,0,0,33
11/23/2016,CWA,WI,AGL,CE,Federal Contract Tower,0,27,3,0,30,0,0,0,0,0,0,27,3,0,30,0,0,0,30
11/24/2016,CWA,WI,AGL,CE,Federal Contract Tower,3,10,0,0,13,0,0,0,0,0,3,10,0,0,13,0,0,0,13
11/25/2016,CWA,WI,AGL,CE,Federal Contract Tower,0,15,1,0,16,0,0,0,0,0,0,15,1,0,16,0,0,0,16
11/26/2016,CWA,WI,AGL,CE,Federal Contract Tower,0,21,4,0,25,0,0,2,0,2,0,21,6,0,27,4,0,4,31
11/27/2016,CWA,WI,AGL,CE,Federal Contract Tower,0,18,7,0,25,0,0,0,0,0,0,18,7,0,25,0,0,0,25
11/28/2016,CWA,WI,AGL,CE,Federal Contract Tower,0,25,4,0,29,0,0,0,0,0,0,25,4,0,29,0,0,0,29
11/29/2016,CWA,WI,AGL,CE,Federal Contract Tower,0,26,5,0,31,0,0,0,0,0,0,26,5,0,31,0,0,0,31
11/30/2016,CWA,WI,AGL,CE,Federal Contract Tower,2,23,4,0,29,0,0,0,0,0,2,23,4,0,29,0,0,0,29
12/01/2016,CWA,WI,AGL,CE,Federal Contract Tower,1,25,3,0,29,0,0,0,0,0,1,25,3,0,29,0,0,0,29
12/02/2016,CWA,WI,AGL,CE,Federal Contract Tower,0,24,11,0,35,0,0,10,0,10,0,24,21,0,45,0,0,0,45
12/03/2016,CWA,WI,AGL,CE,Federal Contract Tower,0,14,5,0,19,0,0,8,0,8,0,14,13,0,27,8,0,8,35
12/04/2016,CWA,WI,AGL,CE,Federal Contract Tower,1,19,1,0,21,0,0,0,0,0,1,19,1,0,21,0,0,0,21
12/05/2016,CWA,WI,AGL,CE,Federal Contract Tower,0,23,3,0,26,0,0,0,0,0,0,23,3,0,26,0,0,0,26
12/06/2016,CWA,WI,AGL,CE,Federal Contract Tower,0,24,0,0,24,0,0,1,0,1,0,24,1,0,25,0,0,0,25
12/07/2016,CWA,WI,AGL,CE,Federal Contract Tower,3,28,3,0,34,0,0,0,0,0,3,28,3,0,34,0,0,0,34
12/08/2016,CWA,WI,AGL,CE,Federal Contract Tower,0,26,1,0,27,0,0,0,0,0,0,26,1,0,27,0,0,0,27
12/09/2016,CWA,WI,AGL,CE,Federal Contract Tower,1,25,3,0,29,0,1,7,0,8,1,26,10,0,37,0,0,0,37
12/10/2016,CWA,WI,AGL,CE,Federal Contract Tower,0,14,1,0,15,0,0,1,0,1,0,14,2,0,16,0,0,0,16
12/11/2016,CWA,WI,AGL,CE,Federal Contract Tower,0,7,1,0,8,0,0,0,0,0,0,7,1,0,8,0,0,0,8
12/12/2016,CWA,WI,AGL,CE,Federal Contract Tower,0,23,6,0,29,0,0,0,0,0,0,23,6,0,29,0,0,0,29
12/13/2016,CWA,WI,AGL,CE,Federal Contract Tower,1,27,6,0,34,0,0,2,0,2,1,27,8,0,36,0,0,0,36
12/14/2016,CWA,WI,AGL,CE,Federal Contract Tower,0,31,9,0,40,0,0,0,0,0,0,31,9,0,40,0,0,0,40
12/15/2016,CWA,WI,AGL,CE,Federal Contract Tower,1,26,7,0,34,0,0,2,0,2,1,26,9,0,36,0,0,0,36
12/16/2016,CWA,WI,AGL,CE,Federal Contract Tower,0,18,0,0,18,0,0,0,0,0,0,18,0,0,18,0,0,0,18
12/17/2016,CWA,WI,AGL,CE,Federal Contract Tower,0,10,0,0,10,0,0,0,0,0,0,10,0,0,10,0,0,0,10
12/18/2016,CWA,WI,AGL,CE,Federal Contract Tower,0,8,0,0,8,0,0,0,0,0,0,8,0,0,8,0,0,0,8
12/19/2016,CWA,WI,AGL,CE,Federal Contract Tower,1,20,10,0,31,0,0,1,0,1,1,20,11,0,32,0,0,0,32
12/20/2016,CWA,WI,AGL,CE,Federal Contract Tower,1,24,4,0,29,0,0,7,0,7,1,24,11,0,36,0,0,0,36
12/21/2016,CWA,WI,AGL,CE,Federal Contract Tower,0,23,4,0,27,0,0,0,0,0,0,23,4,0,27,0,0,0,27
12/22/2016,CWA,WI,AGL,CE,Federal Contract Tower,1,22,11,0,34,0,1,8,0,9,1,23,19,0,43,4,0,4,47
12/23/2016,CWA,WI,AGL,CE,Federal Contract Tower,1,26,6,0,33,0,0,0,0,0,1,26,6,0,33,0,0,0,33
12/24/2016,CWA,WI,AGL,CE,Federal Contract Tower,0,13,10,0,23,0,0,0,0,0,0,13,10,0,23,0,0,0,23
12/25/2016,CWA,WI,AGL,CE,Federal Contract Tower,0,9,1,0,10,0,0,0,0,0,0,9,1,0,10,0,0,0,10
12/26/2016,CWA,WI,AGL,CE,Federal Contract Tower,0,15,7,0,22,0,0,0,0,0,0,15,7,0,22,0,0,0,22
12/27/2016,CWA,WI,AGL,CE,Federal Contract Tower,0,21,7,0,28,0,0,2,0,2,0,21,9,0,30,0,0,0,30
12/28/2016,CWA,WI,AGL,CE,Federal Contract Tower,0,22,2,0,24,0,5,4,0,9,0,27,6,0,33,0,0,0,33
12/29/2016,CWA,WI,AGL,CE,Federal Contract Tower,0,24,1,0,25,0,0,0,0,0,0,24,1,0,25,0,0,0,25
12/30/2016,CWA,WI,AGL,CE,Federal Contract Tower,0,22,0,0,22,0,0,5,0,5,0,22,5,0,27,0,0,0,27
12/31/2016,CWA,WI,AGL,CE,Federal Contract Tower,0,11,2,0,13,0,0,0,0,0,0,11,2,0,13,0,0,0,13
01/01/2017,CWA,WI,AGL,CE,Federal Contract Tower,0,8,3,0,11,0,0,10,0,10,0,8,13,0,21,4,0,4,25
01/02/2017,CWA,WI,AGL,CE,Federal Contract Tower,0,14,9,0,23,0,0,0,0,0,0,14,9,0,23,0,0,0,23
01/03/2017,CWA,WI,AGL,CE,Federal Contract Tower,0,16,0,0,16,0,0,0,0,0,0,16,0,0,16,0,0,0,16
01/04/2017,CWA,WI,AGL,CE,Federal Contract Tower,1,22,2,0,25,0,0,1,0,1,1,22,3,0,26,0,0,0,26
01/05/2017,CWA,WI,AGL,CE,Federal Contract Tower,0,21,5,0,26,0,0,0,0,0,0,21,5,0,26,0,0,0,26
01/06/2017,CWA,WI,AGL,CE,Federal Contract Tower,0,22,5,0,27,0,0,1,0,1,0,22,6,0,28,0,0,0,28
01/07/2017,CWA,WI,AGL,CE,Federal Contract Tower,0,13,1,0,14,0,0,2,0,2,0,13,3,0,16,4,0,4,20
01/08/2017,CWA,WI,AGL,CE,Federal Contract Tower,0,15,1,0,16,0,0,6,0,6,0,15,7,0,22,0,0,0,22
01/09/2017,CWA,WI,AGL,CE,Federal Contract Tower,3,21,3,0,27,0,0,2,0,2,3,21,5,0,29,0,0,0,29
01/10/2017,CWA,WI,AGL,CE,Federal Contract Tower,0,14,0,0,14,0,0,0,0,0,0,14,0,0,14,0,0,0,14
01/11/2017,CWA,WI,AGL,CE,Federal Contract Tower,1,23,2,0,26,0,0,0,0,0,1,23,2,0,26,0,0,0,26
01/12/2017,CWA,WI,AGL,CE,Federal Contract Tower,0,24,2,0,26,0,0,6,0,6,0,24,8,0,32,0,0,0,32
01/13/2017,CWA,WI,AGL,CE,Federal Contract Tower,0,24,4,0,28,0,0,3,0,3,0,24,7,0,31,0,0,0,31
01/14/2017,CWA,WI,AGL,CE,Federal Contract Tower,1,17,1,0,19,0,0,25,0,25,1,17,26,0,44,4,0,4,48
01/15/2017,CWA,WI,AGL,CE,Federal Contract Tower,0,12,2,0,14,0,0,6,0,6,0,12,8,0,20,2,0,2,22
01/16/2017,CWA,WI,AGL,CE,Federal Contract Tower,0,18,1,0,19,0,0,2,0,2,0,18,3,0,21,4,0,4,25
01/17/2017,CWA,WI,AGL,CE,Federal Contract Tower,0,29,1,0,30,0,0,0,0,0,0,29,1,0,30,0,0,0,30
01/18/2017,CWA,WI,AGL,CE,Federal Contract Tower,0,23,4,0,27,0,0,0,2,2,0,23,4,2,29,0,0,0,29
01/19/2017,CWA,WI,AGL,CE,Federal Contract Tower,0,18,5,0,23,0,0,0,0,0,0,18,5,0,23,0,0,0,23
01/20/2017,CWA,WI,AGL,CE,Federal Contract Tower,0,25,1,0,26,0,0,0,0,0,0,25,1,0,26,0,0,0,26
01/21/2017,CWA,WI,AGL,CE,Federal Contract Tower,0,3,2,0,5,0,0,0,0,0,0,3,2,0,5,0,0,0,5
01/22/2017,CWA,WI,AGL,CE,Federal Contract Tower,2,9,0,0,11,0,0,0,0,0,2,9,0,0,11,0,0,0,11
01/23/2017,CWA,WI,AGL,CE,Federal Contract Tower,0,26,6,0,32,0,0,0,0,0,0,26,6,0,32,0,0,0,32
01/24/2017,CWA,WI,AGL,CE,Federal Contract Tower,0,25,7,0,32,0,0,0,0,0,0,25,7,0,32,0,0,0,32
01/25/2017,CWA,WI,AGL,CE,Federal Contract Tower,0,23,6,0,29,0,0,0,0,0,0,23,6,0,29,0,0,0,29
01/26/2017,CWA,WI,AGL,CE,Federal Contract Tower,0,25,5,0,30,0,0,4,0,4,0,25,9,0,34,0,0,0,34
01/27/2017,CWA,WI,AGL,CE,Federal Contract Tower,0,26,2,0,28,0,0,3,0,3,0,26,5,0,31,8,0,8,39
01/28/2017,CWA,WI,AGL,CE,Federal Contract Tower,0,14,3,0,17,0,0,5,0,5,0,14,8,0,22,2,0,2,24
01/29/2017,CWA,WI,AGL,CE,Federal Contract Tower,0,17,2,0,19,0,0,5,0,5,0,17,7,0,24,0,0,0,24
01/30/2017,CWA,WI,AGL,CE,Federal Contract Tower,0,20,4,0,24,0,0,0,0,0,0,20,4,0,24,0,0,0,24
01/31/2017,CWA,WI,AGL,CE,Federal Contract Tower,0,27,6,0,33,0,0,0,0,0,0,27,6,0,33,0,0,0,33
02/01/2017,CWA,WI,AGL,CE,Federal Contract Tower,0,25,1,0,26,0,0,4,0,4,0,25,5,0,30,2,0,2,32
02/02/2017,CWA,WI,AGL,CE,Federal Contract Tower,0,26,7,0,33,0,2,10,0,12,0,28,17,0,45,6,0,6,51
02/03/2017,CWA,WI,AGL,CE,Federal Contract Tower,0,25,0,0,25,0,0,4,0,4,0,25,4,0,29,0,0,0,29
02/04/2017,CWA,WI,AGL,CE,Federal Contract Tower,0,13,4,0,17,0,0,0,0,0,0,13,4,0,17,0,0,0,17
02/05/2017,CWA,WI,AGL,CE,Federal Contract Tower,0,13,4,0,17,0,0,9,0,9,0,13,13,0,26,0,0,0,26
02/06/2017,CWA,WI,AGL,CE,Federal Contract Tower,0,24,2,0,26,0,0,4,0,4,0,24,6,0,30,6,0,6,36
02/07/2017,CWA,WI,AGL,CE,Federal Contract Tower,0,29,3,0,32,0,0,0,0,0,0,29,3,0,32,0,0,0,32
02/08/2017,CWA,WI,AGL,CE,Federal Contract Tower,0,23,3,2,28,0,0,7,3,10,0,23,10,5,38,10,0,10,48
02/09/2017,CWA,WI,AGL,CE,Federal Contract Tower,2,24,9,0,35,0,0,2,0,2,2,24,11,0,37,10,0,10,47
02/10/2017,CWA,WI,AGL,CE,Federal Contract Tower,0,24,2,0,26,0,0,1,0,1,0,24,3,0,27,0,0,0,27
02/11/2017,CWA,WI,AGL,CE,Federal Contract Tower,0,13,2,2,17,0,0,9,0,9,0,13,11,2,26,6,0,6,32
02/12/2017,CWA,WI,AGL,CE,Federal Contract Tower,0,15,1,0,16,0,0,2,0,2,0,15,3,0,18,0,0,0,18
02/13/2017,CWA,WI,AGL,CE,Federal Contract Tower,0,19,0,0,19,0,0,7,2,9,0,19,7,2,28,2,0,2,30
02/14/2017,CWA,WI,AGL,CE,Federal Contract Tower,0,25,5,0,30,0,0,1,0,1,0,25,6,0,31,4,0,4,35
02/15/2017,CWA,WI,AGL,CE,Federal Contract Tower,0,27,0,0,27,0,0,4,0,4,0,27,4,0,31,12,0,12,43
02/16/2017,CWA,WI,AGL,CE,Federal Contract Tower,0,26,5,0,31,0,0,8,0,8,0,26,13,0,39,0,0,0,39
02/17/2017,CWA,WI,AGL,CE,Federal Contract Tower,0,26,4,2,32,0,0,8,0,8,0,26,12,2,40,0,14,14,54
02/18/2017,CWA,WI,AGL,CE,Federal Contract Tower,0,13,0,0,13,0,0,25,0,25,0,13,25,0,38,12,0,12,50
02/19/2017,CWA,WI,AGL,CE,Federal Contract Tower,0,15,2,0,17,0,0,4,0,4,0,15,6,0,21,0,0,0,21
02/20/2017,CWA,WI,AGL,CE,Federal Contract Tower,0,25,3,0,28,0,0,1,0,1,0,25,4,0,29,0,0,0,29
02/21/2017,CWA,WI,AGL,CE,Federal Contract Tower,0,34,0,0,34,0,0,2,0,2,0,34,2,0,36,0,0,0,36
02/22/2017,CWA,WI,AGL,CE,Federal Contract Tower,0,27,4,0,31,0,0,6,0,6,0,27,10,0,37,10,0,10,47
02/23/2017,CWA,WI,AGL,CE,Federal Contract Tower,0,27,3,0,30,0,0,2,0,2,0,27,5,0,32,0,0,0,32
02/24/2017,CWA,WI,AGL,CE,Federal Contract Tower,0,26,0,0,26,0,0,0,0,0,0,26,0,0,26,0,0,0,26
02/25/2017,CWA,WI,AGL,CE,Federal Contract Tower,2,15,1,0,18,0,0,0,0,0,2,15,1,0,18,0,0,0,18
02/27/2017,CWA,WI,AGL,CE,Federal Contract Tower,0,22,2,0,24,0,0,14,0,14,0,22,16,0,38,16,0,16,54
02/28/2017,CWA,WI,AGL,CE,Federal Contract Tower,0,24,7,0,31,0,0,0,0,0,0,24,7,0,31,0,0,0,31
03/01/2017,CWA,WI,AGL,CE,Federal Contract Tower,2,24,6,0,32,0,0,1,0,1,2,24,7,0,33,0,0,0,33
03/02/2017,CWA,WI,AGL,CE,Federal Contract Tower,0,29,3,0,32,0,0,4,0,4,0,29,7,0,36,2,0,2,38
03/03/2017,CWA,WI,AGL,CE,Federal Contract Tower,0,26,9,0,35,0,0,6,0,6,0,26,15,0,41,2,0,2,43
03/04/2017,CWA,WI,AGL,CE,Federal Contract Tower,0,15,3,0,18,0,0,3,2,5,0,15,6,2,23,8,0,8,31
03/05/2017,CWA,WI,AGL,CE,Federal Contract Tower,0,18,4,0,22,0,4,0,0,4,0,22,4,0,26,0,0,0,26
03/06/2017,CWA,WI,AGL,CE,Federal Contract Tower,0,24,3,0,27,0,0,0,0,0,0,24,3,0,27,0,0,0,27
03/07/2017,CWA,WI,AGL,CE,Federal Contract Tower,0,28,3,0,31,0,0,0,0,0,0,28,3,0,31,0,0,0,31
03/08/2017,CWA,WI,AGL,CE,Federal Contract Tower,2,32,4,0,38,0,0,2,0,2,2,32,6,0,40,0,0,0,40
03/09/2017,CWA,WI,AGL,CE,Federal Contract Tower,2,28,5,0,35,0,0,16,0,16,2,28,21,0,51,0,0,0,51
03/10/2017,CWA,WI,AGL,CE,Federal Contract Tower,0,25,2,0,27,0,0,2,0,2,0,25,4,0,29,0,0,0,29
03/11/2017,CWA,WI,AGL,CE,Federal Contract Tower,0,15,2,0,17,0,0,2,0,2,0,15,4,0,19,0,0,0,19
03/12/2017,CWA,WI,AGL,CE,Federal Contract Tower,4,17,1,2,24,0,0,6,1,7,4,17,7,3,31,0,8,8,39
03/13/2017,CWA,WI,AGL,CE,Federal Contract Tower,0,19,3,0,22,0,0,3,0,3,0,19,6,0,25,0,0,0,25
03/14/2017,CWA,WI,AGL,CE,Federal Contract Tower,0,23,4,0,27,0,2,1,0,3,0,25,5,0,30,18,0,18,48
03/15/2017,CWA,WI,AGL,CE,Federal Contract Tower,0,27,2,2,31,0,0,0,0,0,0,27,2,2,31,0,12,12,43
03/16/2017,CWA,WI,AGL,CE,Federal Contract Tower,0,27,2,2,31,0,0,13,0,13,0,27,15,2,44,4,6,10,54
03/17/2017,CWA,WI,AGL,CE,Federal Contract Tower,0,27,0,0,27,0,0,0,0,0,0,27,0,0,27,0,0,0,27
03/18/2017,CWA,WI,AGL,CE,Federal Contract Tower,0,15,3,0,18,0,0,4,0,4,0,15,7,0,22,0,0,0,22
03/19/2017,CWA,WI,AGL,CE,Federal Contract Tower,0,14,4,0,18,0,0,13,0,13,0,14,17,0,31,4,0,4,35
03/20/2017,CWA,WI,AGL,CE,Federal Contract Tower,2,20,1,0,23,0,0,6,0,6,2,20,7,0,29,0,0,0,29
03/21/2017,CWA,WI,AGL,CE,Federal Contract Tower,0,26,5,0,31,0,6,9,0,15,0,32,14,0,46,20,0,20,66
03/22/2017,CWA,WI,AGL,CE,Federal Contract Tower,0,24,5,0,29,0,2,15,0,17,0,26,20,0,46,8,0,8,54
03/23/2017,CWA,WI,AGL,CE,Federal Contract Tower,0,28,6,0,34,0,0,0,0,0,0,28,6,0,34,0,0,0,34
03/24/2017,CWA,WI,AGL,CE,Federal Contract Tower,0,26,4,0,30,0,0,0,0,0,0,26,4,0,30,0,0,0,30
03/25/2017,CWA,WI,AGL,CE,Federal Contract Tower,0,15,3,0,18,0,0,1,0,1,0,15,4,0,19,0,0,0,19
03/26/2017,CWA,WI,AGL,CE,Federal Contract Tower,0,16,4,0,20,0,0,0,0,0,0,16,4,0,20,0,0,0,20
03/28/2017,CWA,WI,AGL,CE,Federal Contract Tower,0,29,0,0,29,0,2,3,2,7,0,31,3,2,36,0,0,0,36
03/29/2017,CWA,WI,AGL,CE,Federal Contract Tower,0,27,2,0,29,0,0,3,0,3,0,27,5,0,32,0,0,0,32
03/30/2017,CWA,WI,AGL,CE,Federal Contract Tower,0,27,0,0,27,0,0,0,0,0,0,27,0,0,27,0,0,0,27
03/31/2017,CWA,WI,AGL,CE,Federal Contract Tower,0,26,7,0,33,0,1,0,0,1,0,27,7,0,34,0,0,0,34
04/01/2017,CWA,WI,AGL,CE,Federal Contract Tower,0,15,1,0,16,0,0,18,0,18,0,15,19,0,34,20,0,20,54
04/02/2017,CWA,WI,AGL,CE,Federal Contract Tower,0,16,2,0,18,0,0,5,0,5,0,16,7,0,23,0,0,0,23
04/03/2017,CWA,WI,AGL,CE,Federal Contract Tower,2,20,0,0,22,0,0,0,0,0,2,20,0,0,22,0,0,0,22
04/04/2017,CWA,WI,AGL,CE,Federal Contract Tower,0,28,3,0,31,0,0,4,0,4,0,28,7,0,35,0,0,0,35
04/05/2017,CWA,WI,AGL,CE,Federal Contract Tower,0,29,9,0,38,0,12,3,2,17,0,41,12,2,55,0,12,12,67
04/06/2017,CWA,WI,AGL,CE,Federal Contract Tower,0,29,8,0,37,0,0,3,0,3,0,29,11,0,40,0,0,0,40
04/07/2017,CWA,WI,AGL,CE,Federal Contract Tower,0,28,1,0,29,0,0,8,0,8,0,28,9,0,37,0,0,0,37
04/08/2017,CWA,WI,AGL,CE,Federal Contract Tower,0,14,1,0,15,0,1,13,0,14,0,15,14,0,29,8,0,8,37
04/09/2017,CWA,WI,AGL,CE,Federal Contract Tower,0,16,3,0,19,0,0,6,0,6,0,16,9,0,25,4,0,4,29
04/10/2017,CWA,WI,AGL,CE,Federal Contract Tower,0,19,6,0,25,0,0,0,0,0,0,19,6,0,25,0,0,0,25
04/11/2017,CWA,WI,AGL,CE,Federal Contract Tower,0,28,1,0,29,0,0,2,0,2,0,28,3,0,31,0,0,0,31
04/12/2017,CWA,WI,AGL,CE,Federal Contract Tower,0,34,4,0,38,0,0,2,0,2,0,34,6,0,40,0,0,0,40
04/13/2017,CWA,WI,AGL,CE,Federal Contract Tower,0,29,4,0,33,0,0,0,0,0,0,29,4,0,33,0,0,0,33
04/14/2017,CWA,WI,AGL,CE,Federal Contract Tower,0,30,4,0,34,0,0,1,0,1,0,30,5,0,35,0,0,0,35
04/15/2017,CWA,WI,AGL,CE,Federal Contract Tower,0,17,2,0,19,0,0,0,0,0,0,17,2,0,19,0,0,0,19
04/16/2017,CWA,WI,AGL,CE,Federal Contract Tower,0,14,3,0,17,0,0,8,0,8,0,14,11,0,25,0,0,0,25
04/17/2017,CWA,WI,AGL,CE,Federal Contract Tower,0,22,5,0,27,0,2,7,0,9,0,24,12,0,36,12,0,12,48
04/19/2017,CWA,WI,AGL,CE,Federal Contract Tower,0,27,12,0,39,0,0,1,0,1,0,27,13,0,40,0,0,0,40
04/20/2017,CWA,WI,AGL,CE,Federal Contract Tower,0,28,10,0,38,0,0,0,0,0,0,28,10,0,38,0,0,0,38
04/21/2017,CWA,WI,AGL,CE,Federal Contract Tower,0,25,4,0,29,0,0,7,0,7,0,25,11,0,36,2,0,2,38
04/22/2017,CWA,WI,AGL,CE,Federal Contract Tower,0,18,1,0,19,0,0,21,0,21,0,18,22,0,40,8,0,8,48
04/23/2017,CWA,WI,AGL,CE,Federal Contract Tower,0,17,6,0,23,0,0,18,0,18,0,17,24,0,41,10,0,10,51
04/24/2017,CWA,WI,AGL,CE,Federal Contract Tower,1,22,4,0,27,0,4,10,0,14,1,26,14,0,41,2,0,2,43
04/25/2017,CWA,WI,AGL,CE,Federal Contract Tower,0,29,0,0,29,0,0,12,2,14,0,29,12,2,43,8,0,8,51
04/26/2017,CWA,WI,AGL,CE,Federal Contract Tower,2,27,7,0,36,0,0,0,0,0,2,27,7,0,36,0,0,0,36
04/27/2017,CWA,WI,AGL,CE,Federal Contract Tower,0,29,9,0,38,0,0,0,0,0,0,29,9,0,38,0,0,0,38
04/28/2017,CWA,WI,AGL,CE,Federal Contract Tower,0,27,3,0,30,0,0,11,0,11,0,27,14,0,41,6,0,6,47
04/29/2017,CWA,WI,AGL,CE,Federal Contract Tower,0,18,2,0,20,0,0,15,0,15,0,18,17,0,35,8,0,8,43
04/30/2017,CWA,WI,AGL,CE,Federal Contract Tower,2,14,1,0,17,0,2,0,0,2,2,16,1,0,19,0,0,0,19
05/01/2017,CWA,WI,AGL,CE,Federal Contract Tower,2,19,3,0,24,0,0,0,0,0,2,19,3,0,24,0,0,0,24
05/02/2017,CWA,WI,AGL,CE,Federal Contract Tower,0,28,2,0,30,0,0,3,0,3,0,28,5,0,33,8,0,8,41
05/03/2017,CWA,WI,AGL,CE,Federal Contract Tower,4,30,4,0,38,0,0,17,0,17,4,30,21,0,55,6,0,6,61
05/04/2017,CWA,WI,AGL,CE,Federal Contract Tower,2,28,3,0,33,0,4,7,0,11,2,32,10,0,44,0,0,0,44
05/05/2017,CWA,WI,AGL,CE,Federal Contract Tower,0,26,2,0,28,0,0,1,0,1,0,26,3,0,29,0,0,0,29
05/06/2017,CWA,WI,AGL,CE,Federal Contract Tower,2,15,0,0,17,0,0,1,0,1,2,15,1,0,18,0,0,0,18
05/07/2017,CWA,WI,AGL,CE,Federal Contract Tower,0,17,0,0,17,0,0,6,0,6,0,17,6,0,23,0,0,0,23
05/08/2017,CWA,WI,AGL,CE,Federal Contract Tower,0,24,7,0,31,0,0,6,0,6,0,24,13,0,37,8,0,8,45
05/09/2017,CWA,WI,AGL,CE,Federal Contract Tower,0,26,5,0,31,0,0,4,0,4,0,26,9,0,35,0,0,0,35
05/10/2017,CWA,WI,AGL,CE,Federal Contract Tower,0,26,4,0,30,0,0,3,0,3,0,26,7,0,33,0,0,0,33
05/11/2017,CWA,WI,AGL,CE,Federal Contract Tower,0,28,9,0,37,0,2,4,0,6,0,30,13,0,43,0,0,0,43
05/12/2017,CWA,WI,AGL,CE,Federal Contract Tower,0,28,6,0,34,0,0,7,0,7,0,28,13,0,41,12,0,12,53
05/13/2017,CWA,WI,AGL,CE,Federal Contract Tower,0,17,3,0,20,0,0,9,0,9,0,17,12,0,29,8,0,8,37
05/14/2017,CWA,WI,AGL,CE,Federal Contract Tower,0,14,3,0,17,0,2,4,0,6,0,16,7,0,23,0,0,0,23
05/15/2017,CWA,WI,AGL,CE,Federal Contract Tower,0,22,5,0,27,0,0,6,0,6,0,22,11,0,33,0,0,0,33
05/16/2017,CWA,WI,AGL,CE,Federal Contract Tower,0,25,7,0,32,0,0,1,0,1,0,25,8,0,33,0,0,0,33
05/17/2017,CWA,WI,AGL,CE,Federal Contract Tower,0,25,5,0,30,0,1,0,0,1,0,26,5,0,31,0,0,0,31
05/18/2017,CWA,WI,AGL,CE,Federal Contract Tower,0,26,1,0,27,0,0,0,0,0,0,26,1,0,27,0,0,0,27
05/19/2017,CWA,WI,AGL,CE,Federal Contract Tower,0,26,4,0,30,0,0,9,0,9,0,26,13,0,39,18,0,18,57
05/20/2017,CWA,WI,AGL,CE,Federal Contract Tower,0,15,2,0,17,0,0,0,0,0,0,15,2,0,17,0,0,0,17
05/21/2017,CWA,WI,AGL,CE,Federal Contract Tower,0,17,3,0,20,0,0,0,0,0,0,17,3,0,20,0,0,0,20
05/22/2017,CWA,WI,AGL,CE,Federal Contract Tower,2,23,1,0,26,0,0,5,0,5,2,23,6,0,31,0,0,0,31
05/23/2017,CWA,WI,AGL,CE,Federal Contract Tower,2,25,3,0,30,0,0,0,0,0,2,25,3,0,30,0,0,0,30
05/24/2017,CWA,WI,AGL,CE,Federal Contract Tower,0,26,4,0,30,0,0,2,0,2,0,26,6,0,32,0,0,0,32
05/25/2017,CWA,WI,AGL,CE,Federal Contract Tower,0,26,8,0,34,0,0,7,0,7,0,26,15,0,41,14,0,14,55
05/26/2017,CWA,WI,AGL,CE,Federal Contract Tower,0,26,6,0,32,0,0,8,2,10,0,26,14,2,42,0,0,0,42
05/27/2017,CWA,WI,AGL,CE,Federal Contract Tower,0,13,2,0,15,0,0,9,0,9,0,13,11,0,24,0,0,0,24
05/28/2017,CWA,WI,AGL,CE,Federal Contract Tower,0,8,3,0,11,0,0,0,0,0,0,8,3,0,11,0,0,0,11
05/29/2017,CWA,WI,AGL,CE,Federal Contract Tower,0,16,11,0,27,0,0,2,0,2,0,16,13,0,29,0,0,0,29
05/30/2017,CWA,WI,AGL,CE,Federal Contract Tower,0,22,7,0,29,0,0,0,0,0,0,22,7,0,29,0,0,0,29
05/31/2017,CWA,WI,AGL,CE,Federal Contract Tower,0,27,2,0,29,0,1,6,0,7,0,28,8,0,36,0,0,0,36
06/01/2017,CWA,WI,AGL,CE,Federal Contract Tower,0,26,3,0,29,0,1,7,0,8,0,27,10,0,37,4,0,4,41
06/02/2017,CWA,WI,AGL,CE,Federal Contract Tower,2,27,4,0,33,0,2,7,0,9,2,29,11,0,42,0,0,0,42
06/03/2017,CWA,WI,AGL,CE,Federal Contract Tower,0,16,1,0,17,0,2,0,0,2,0,18,1,0,19,0,0,0,19
06/04/2017,CWA,WI,AGL,CE,Federal Contract Tower,0,16,0,0,16,0,0,8,0,8,0,16,8,0,24,0,0,0,24
06/05/2017,CWA,WI,AGL,CE,Federal Contract Tower,0,24,7,2,33,0,0,2,2,4,0,24,9,4,37,2,2,4,41
06/06/2017,CWA,WI,AGL,CE,Federal Contract Tower,0,26,13,0,39,0,0,23,2,25,0,26,36,2,64,0,0,0,64
06/07/2017,CWA,WI,AGL,CE,Federal Contract Tower,2,26,6,0,34,0,0,5,0,5,2,26,11,0,39,0,0,0,39
06/08/2017,CWA,WI,AGL,CE,Federal Contract Tower,0,34,5,0,39,0,1,2,0,3,0,35,7,0,42,5,0,5,47
06/09/2017,CWA,WI,AGL,CE,Federal Contract Tower,0,28,6,0,34,0,0,1,0,1,0,28,7,0,35,0,0,0,35
06/10/2017,CWA,WI,AGL,CE,Federal Contract Tower,0,15,0,0,15,0,0,5,0,5,0,15,5,0,20,0,0,0,20
06/11/2017,CWA,WI,AGL,CE,Federal Contract Tower,2,15,1,0,18,0,0,4,0,4,2,15,5,0,22,0,0,0,22
06/12/2017,CWA,WI,AGL,CE,Federal Contract Tower,0,24,8,0,32,0,0,2,0,2,0,24,10,0,34,0,0,0,34
06/13/2017,CWA,WI,AGL,CE,Federal Contract Tower,0,26,2,0,28,0,0,0,0,0,0,26,2,0,28,0,0,0,28
06/14/2017,CWA,WI,AGL,CE,Federal Contract Tower,2,27,0,0,29,0,0,0,0,0,2,27,0,0,29,0,0,0,29
06/15/2017,CWA,WI,AGL,CE,Federal Contract Tower,0,27,5,0,32,0,1,2,0,3,0,28,7,0,35,0,0,0,35
06/16/2017,CWA,WI,AGL,CE,Federal Contract Tower,0,26,3,0,29,0,0,10,0,10,0,26,13,0,39,2,0,2,41
06/17/2017,CWA,WI,AGL,CE,Federal Contract Tower,0,16,2,0,18,0,0,8,0,8,0,16,10,0,26,0,0,0,26
06/18/2017,CWA,WI,AGL,CE,Federal Contract Tower,0,19,1,0,20,0,0,0,0,0,0,19,1,0,20,0,0,0,20
06/19/2017,CWA,WI,AGL,CE,Federal Contract Tower,0,22,7,0,29,0,0,2,0,2,0,22,9,0,31,0,0,0,31
06/20/2017,CWA,WI,AGL,CE,Federal Contract Tower,0,26,3,0,29,0,1,18,0,19,0,27,21,0,48,0,0,0,48
06/21/2017,CWA,WI,AGL,CE,Federal Contract Tower,2,26,4,0,32,0,0,14,0,14,2,26,18,0,46,4,0,4,50
06/22/2017,CWA,WI,AGL,CE,Federal Contract Tower,0,29,4,0,33,0,0,0,0,0,0,29,4,0,33,0,0,0,33
06/23/2017,CWA,WI,AGL,CE,Federal Contract Tower,0,26,6,0,32,0,0,1,0,1,0,26,7,0,33,0,0,0,33
06/24/2017,CWA,WI,AGL,CE,Federal Contract Tower,2,15,0,0,17,0,0,0,0,0,2,15,0,0,17,0,0,0,17
06/25/2017,CWA,WI,AGL,CE,Federal Contract Tower,0,21,4,0,25,0,0,2,0,2,0,21,6,0,27,0,0,0,27
06/27/2017,CWA,WI,AGL,CE,Federal Contract Tower,0,28,6,0,34,0,0,9,0,9,0,28,15,0,43,0,0,0,43
06/28/2017,CWA,WI,AGL,CE,Federal Contract Tower,0,26,2,0,28,0,0,0,0,0,0,26,2,0,28,0,0,0,28
06/29/2017,CWA,WI,AGL,CE,Federal Contract Tower,0,27,2,0,29,0,0,2,0,2,0,27,4,0,31,0,0,0,31
06/30/2017,CWA,WI,AGL,CE,Federal Contract Tower,0,26,3,0,29,0,0,5,0,5,0,26,8,0,34,2,0,2,36
07/01/2017,CWA,WI,AGL,CE,Federal Contract Tower,0,13,6,0,19,0,0,9,0,9,0,13,15,0,28,0,0,0,28
07/02/2017,CWA,WI,AGL,CE,Federal Contract Tower,0,16,3,0,19,0,0,5,0,5,0,16,8,0,24,4,0,4,28
07/03/2017,CWA,WI,AGL,CE,Federal Contract Tower,0,17,1,0,18,0,0,16,0,16,0,17,17,0,34,4,0,4,38
07/04/2017,CWA,WI,AGL,CE,Federal Contract Tower,0,14,3,0,17,0,0,6,0,6,0,14,9,0,23,0,0,0,23
07/05/2017,CWA,WI,AGL,CE,Federal Contract Tower,0,27,3,0,30,0,1,2,0,3,0,28,5,0,33,0,0,0,33
07/06/2017,CWA,WI,AGL,CE,Federal Contract Tower,0,28,2,0,30,0,0,2,0,2,0,28,4,0,32,0,0,0,32
07/07/2017,CWA,WI,AGL,CE,Federal Contract Tower,0,28,5,0,33,0,0,4,0,4,0,28,9,0,37,0,0,0,37
07/08/2017,CWA,WI,AGL,CE,Federal Contract Tower,0,15,5,0,20,0,1,27,0,28,0,16,32,0,48,0,0,0,48
07/09/2017,CWA,WI,AGL,CE,Federal Contract Tower,0,20,4,0,24,0,0,7,0,7,0,20,11,0,31,0,0,0,31
07/10/2017,CWA,WI,AGL,CE,Federal Contract Tower,0,21,2,0,23,0,0,4,0,4,0,21,6,0,27,0,0,0,27
07/11/2017,CWA,WI,AGL,CE,Federal Contract Tower,0,26,0,0,26,0,1,7,0,8,0,27,7,0,34,0,0,0,34
07/12/2017,CWA,WI,AGL,CE,Federal Contract Tower,0,20,0,0,20,0,0,4,0,4,0,20,4,0,24,0,0,0,24
07/13/2017,CWA,WI,AGL,CE,Federal Contract Tower,0,27,3,0,30,0,0,0,0,0,0,27,3,0,30,0,0,0,30
07/14/2017,CWA,WI,AGL,CE,Federal Contract Tower,0,26,0,0,26,0,0,4,0,4,0,26,4,0,30,0,0,0,30
07/15/2017,CWA,WI,AGL,CE,Federal Contract Tower,0,17,0,0,17,0,0,5,0,5,0,17,5,0,22,0,0,0,22
07/16/2017,CWA,WI,AGL,CE,Federal Contract Tower,0,18,3,0,21,0,0,10,0,10,0,18,13,0,31,6,0,6,37
07/17/2017,CWA,WI,AGL,CE,Federal Contract Tower,0,22,1,0,23,0,0,14,0,14,0,22,15,0,37,6,0,6,43
07/18/2017,CWA,WI,AGL,CE,Federal Contract Tower,0,25,1,0,26,0,0,4,0,4,0,25,5,0,30,0,0,0,30
07/19/2017,CWA,WI,AGL,CE,Federal Contract Tower,2,26,5,0,33,0,0,9,0,9,2,26,14,0,42,8,0,8,50
07/20/2017,CWA,WI,AGL,CE,Federal Contract Tower,0,28,6,0,34,0,0,1,0,1,0,28,7,0,35,0,0,0,35
07/21/2017,CWA,WI,AGL,CE,Federal Contract Tower,0,26,2,0,28,0,0,13,0,13,0,26,15,0,41,0,0,0,41
07/22/2017,CWA,WI,AGL,CE,Federal Contract Tower,0,14,0,0,14,0,0,10,0,10,0,14,10,0,24,0,0,0,24
07/23/2017,CWA,WI,AGL,CE,Federal Contract Tower,0,19,4,0,23,0,0,5,0,5,0,19,9,0,28,2,0,2,30
07/24/2017,CWA,WI,AGL,CE,Federal Contract Tower,0,26,2,0,28,0,0,7,0,7,0,26,9,0,35,0,0,0,35
07/25/2017,CWA,WI,AGL,CE,Federal Contract Tower,0,26,4,0,30,0,2,8,0,10,0,28,12,0,40,0,0,0,40
07/26/2017,CWA,WI,AGL,CE,Federal Contract Tower,0,31,1,0,32,0,0,3,0,3,0,31,4,0,35,0,0,0,35
07/27/2017,CWA,WI,AGL,CE,Federal Contract Tower,0,30,3,0,33,0,0,10,0,10,0,30,13,0,43,0,0,0,43
07/28/2017,CWA,WI,AGL,CE,Federal Contract Tower,0,28,3,3,34,0,0,7,1,8,0,28,10,4,42,10,4,14,56
07/29/2017,CWA,WI,AGL,CE,Federal Contract Tower,0,17,6,0,23,0,0,10,0,10,0,17,16,0,33,0,0,0,33
07/30/2017,CWA,WI,AGL,CE,Federal Contract Tower,0,19,2,0,21,0,0,17,0,17,0,19,19,0,38,0,0,0,38
07/31/2017,CWA,WI,AGL,CE,Federal Contract Tower,0,0,29,3,32,0,0,11,0,11,0,0,40,3,43,0,0,0,43
08/01/2017,CWA,WI,AGL,CE,Federal Contract Tower,0,31,1,0,32,0,0,11,0,11,0,31,12,0,43,4,0,4,47
08/02/2017,CWA,WI,AGL,CE,Federal Contract Tower,0,28,3,0,31,0,0,15,0,15,0,28,18,0,46,6,0,6,52
08/03/2017,CWA,WI,AGL,CE,Federal Contract Tower,0,24,4,0,28,0,0,0,0,0,0,24,4,0,28,0,0,0,28
08/04/2017,CWA,WI,AGL,CE,Federal Contract Tower,2,26,9,0,37,0,1,4,0,5,2,27,13,0,42,0,0,0,42
08/05/2017,CWA,WI,AGL,CE,Federal Contract Tower,0,15,4,0,19,0,0,21,0,21,0,15,25,0,40,4,0,4,44
08/06/2017,CWA,WI,AGL,CE,Federal Contract Tower,0,20,6,0,26,0,0,10,0,10,0,20,16,0,36,0,0,0,36
08/07/2017,CWA,WI,AGL,CE,Federal Contract Tower,0,22,4,0,26,0,0,10,0,10,0,22,14,0,36,0,0,0,36
08/08/2017,CWA,WI,AGL,CE,Federal Contract Tower,2,25,7,0,34,0,0,13,0,13,2,25,20,0,47,0,0,0,47
08/09/2017,CWA,WI,AGL,CE,Federal Contract Tower,2,25,9,0,36,0,0,16,0,16,2,25,25,0,52,0,0,0,52
08/10/2017,CWA,WI,AGL,CE,Federal Contract Tower,0,30,1,0,31,0,0,0,0,0,0,30,1,0,31,0,0,0,31
08/11/2017,CWA,WI,AGL,CE,Federal Contract Tower,0,29,3,0,32,0,0,16,0,16,0,29,19,0,48,12,0,12,60
08/12/2017,CWA,WI,AGL,CE,Federal Contract Tower,2,15,3,0,20,0,0,13,0,13,2,15,16,0,33,22,0,22,55
08/13/2017,CWA,WI,AGL,CE,Federal Contract Tower,0,17,4,0,21,0,0,12,0,12,0,17,16,0,33,0,0,0,33
08/14/2017,CWA,WI,AGL,CE,Federal Contract Tower,0,23,4,0,27,0,0,5,0,5,0,23,9,0,32,0,0,0,32
08/15/2017,CWA,WI,AGL,CE,Federal Contract Tower,2,28,3,0,33,0,0,12,0,12,2,28,15,0,45,8,0,8,53
08/16/2017,CWA,WI,AGL,CE,Federal Contract Tower,0,29,2,0,31,0,0,3,0,3,0,29,5,0,34,4,0,4,38
08/17/2017,CWA,WI,AGL,CE,Federal Contract Tower,0,30,1,0,31,0,0,0,0,0,0,30,1,0,31,0,0,0,31
08/18/2017,CWA,WI,AGL,CE,Federal Contract Tower,0,26,0,0,26,0,0,13,0,13,0,26,13,0,39,14,0,14,53
08/19/2017,CWA,WI,AGL,CE,Federal Contract Tower,0,15,2,0,17,0,0,17,0,17,0,15,19,0,34,6,0,6,40
08/20/2017,CWA,WI,AGL,CE,Federal Contract Tower,0,20,4,0,24,0,0,10,0,10,0,20,14,0,34,4,0,4,38
08/21/2017,CWA,WI,AGL,CE,Federal Contract Tower,0,22,3,0,25,0,0,0,0,0,0,22,3,0,25,0,0,0,25
08/22/2017,CWA,WI,AGL,CE,Federal Contract Tower,0,25,5,0,30,0,0,2,0,2,0,25,7,0,32,0,0,0,32
08/23/2017,CWA,WI,AGL,CE,Federal Contract Tower,0,27,5,0,32,0,1,7,0,8,0,28,12,0,40,16,0,16,56
08/24/2017,CWA,WI,AGL,CE,Federal Contract Tower,2,29,4,0,35,0,0,7,0,7,2,29,11,0,42,0,0,0,42
08/25/2017,CWA,WI,AGL,CE,Federal Contract Tower,0,24,6,0,30,0,0,10,0,10,0,24,16,0,40,2,0,2,42
08/26/2017,CWA,WI,AGL,CE,Federal Contract Tower,0,16,1,0,17,0,0,5,0,5,0,16,6,0,22,0,0,0,22
08/27/2017,CWA,WI,AGL,CE,Federal Contract Tower,0,18,6,0,24,0,0,0,0,0,0,18,6,0,24,0,0,0,24
08/28/2017,CWA,WI,AGL,CE,Federal Contract Tower,2,18,2,0,22,0,0,0,0,0,2,18,2,0,22,0,0,0,22
08/29/2017,CWA,WI,AGL,CE,Federal Contract Tower,0,30,3,0,33,0,1,23,0,24,0,31,26,0,57,0,0,0,57
08/30/2017,CWA,WI,AGL,CE,Federal Contract Tower,0,25,0,0,25,0,1,6,0,7,0,26,6,0,32,0,0,0,32
08/31/2017,CWA,WI,AGL,CE,Federal Contract Tower,0,26,4,0,30,0,0,29,0,29,0,26,33,0,59,10,0,10,69
09/01/2017,CWA,WI,AGL,CE,Federal Contract Tower,0,22,7,0,29,0,1,13,0,14,0,23,20,0,43,0,0,0,43
09/02/2017,CWA,WI,AGL,CE,Federal Contract Tower,0,19,4,0,23,0,0,0,0,0,0,19,4,0,23,0,0,0,23
09/03/2017,CWA,WI,AGL,CE,Federal Contract Tower,0,13,2,0,15,0,0,11,0,11,0,13,13,0,26,0,0,0,26
09/04/2017,CWA,WI,AGL,CE,Federal Contract Tower,0,16,6,0,22,0,0,5,0,5,0,16,11,0,27,2,0,2,29
09/05/2017,CWA,WI,AGL,CE,Federal Contract Tower,0,21,4,0,25,0,0,0,0,0,0,21,4,0,25,0,0,0,25
09/06/2017,CWA,WI,AGL,CE,Federal Contract Tower,0,27,1,0,28,0,0,3,0,3,0,27,4,0,31,0,0,0,31
09/07/2017,CWA,WI,AGL,CE,Federal Contract Tower,0,29,2,0,31,0,0,4,0,4,0,29,6,0,35,0,0,0,35
09/08/2017,CWA,WI,AGL,CE,Federal Contract Tower,2,24,2,2,30,0,0,9,0,9,2,24,11,2,39,0,0,0,39
09/09/2017,CWA,WI,AGL,CE,Federal Contract Tower,0,19,8,0,27,0,0,9,0,9,0,19,17,0,36,6,0,6,42
09/10/2017,CWA,WI,AGL,CE,Federal Contract Tower,0,18,0,0,18,0,0,4,0,4,0,18,4,0,22,4,0,4,26
09/11/2017,CWA,WI,AGL,CE,Federal Contract Tower,4,24,4,0,32,0,0,2,0,2,4,24,6,0,34,0,0,0,34
09/12/2017,CWA,WI,AGL,CE,Federal Contract Tower,0,22,0,0,22,0,2,6,0,8,0,24,6,0,30,10,0,10,40
09/13/2017,CWA,WI,AGL,CE,Federal Contract Tower,0,26,1,0,27,0,4,1,0,5,0,30,2,0,32,0,0,0,32
09/14/2017,CWA,WI,AGL,CE,Federal Contract Tower,0,26,9,0,35,0,0,8,0,8,0,26,17,0,43,0,0,0,43
09/15/2017,CWA,WI,AGL,CE,Federal Contract Tower,0,24,0,0,24,0,0,10,0,10,0,24,10,0,34,0,0,0,34
09/16/2017,CWA,WI,AGL,CE,Federal Contract Tower,0,13,0,0,13,0,0,15,0,15,0,13,15,0,28,0,0,0,28
09/17/2017,CWA,WI,AGL,CE,Federal Contract Tower,0,19,2,0,21,0,0,5,0,5,0,19,7,0,26,2,0,2,28
09/18/2017,CWA,WI,AGL,CE,Federal Contract Tower,0,20,3,0,23,0,0,7,0,7,0,20,10,0,30,0,0,0,30
09/19/2017,CWA,WI,AGL,CE,Federal Contract Tower,0,26,3,0,29,0,2,26,0,28,0,28,29,0,57,4,0,4,61
09/20/2017,CWA,WI,AGL,CE,Federal Contract Tower,0,28,1,0,29,0,0,0,0,0,0,28,1,0,29,0,0,0,29
09/21/2017,CWA,WI,AGL,CE,Federal Contract Tower,0,25,4,0,29,0,0,4,0,4,0,25,8,0,33,4,0,4,37
09/22/2017,CWA,WI,AGL,CE,Federal Contract Tower,0,24,7,0,31,0,0,6,0,6,0,24,13,0,37,6,0,6,43
09/23/2017,CWA,WI,AGL,CE,Federal Contract Tower,0,13,4,0,17,0,0,2,0,2,0,13,6,0,19,6,0,6,25
09/24/2017,CWA,WI,AGL,CE,Federal Contract Tower,0,20,4,0,24,0,0,15,0,15,0,20,19,0,39,14,0,14,53
09/25/2017,CWA,WI,AGL,CE,Federal Contract Tower,0,23,3,0,26,0,0,3,0,3,0,23,6,0,29,0,0,0,29
09/26/2017,CWA,WI,AGL,CE,Federal Contract Tower,0,24,11,0,35,0,0,0,0,0,0,24,11,0,35,0,0,0,35
09/27/2017,CWA,WI,AGL,CE,Federal Contract Tower,0,26,2,0,28,0,0,3,0,3,0,26,5,0,31,0,0,0,31
09/28/2017,CWA,WI,AGL,CE,Federal Contract Tower,0,24,5,0,29,0,0,8,0,8,0,24,13,0,37,0,0,0,37
09/29/2017,CWA,WI,AGL,CE,Federal Contract Tower,0,25,3,0,28,0,0,2,0,2,0,25,5,0,30,4,0,4,34
09/30/2017,CWA,WI,AGL,CE,Federal Contract Tower,0,15,0,0,15,0,0,14,0,14,0,15,14,0,29,8,0,8,37
10/01/2017,CWA,WI,AGL,CE,Federal Contract Tower,0,17,2,0,19,0,0,11,0,11,0,17,13,0,30,0,0,0,30
10/02/2017,CWA,WI,AGL,CE,Federal Contract Tower,0,25,1,0,26,0,0,6,0,6,0,25,7,0,32,0,0,0,32
10/03/2017,CWA,WI,AGL,CE,Federal Contract Tower,0,24,4,0,28,0,0,1,0,1,0,24,5,0,29,0,0,0,29
10/04/2017,CWA,WI,AGL,CE,Federal Contract Tower,0,30,1,0,31,0,0,13,2,15,0,30,14,2,46,6,4,10,56
10/05/2017,CWA,WI,AGL,CE,Federal Contract Tower,0,24,7,0,31,0,0,9,1,10,0,24,16,1,41,10,2,12,53
10/06/2017,CWA,WI,AGL,CE,Federal Contract Tower,2,19,2,2,25,0,0,2,0,2,2,19,4,2,27,0,0,0,27
10/07/2017,CWA,WI,AGL,CE,Federal Contract Tower,0,12,5,0,17,0,0,1,0,1,0,12,6,0,18,0,0,0,18
10/08/2017,CWA,WI,AGL,CE,Federal Contract Tower,0,18,7,0,25,0,0,12,0,12,0,18,19,0,37,0,0,0,37
10/09/2017,CWA,WI,AGL,CE,Federal Contract Tower,3,23,10,0,36,0,1,4,0,5,3,24,14,0,41,0,0,0,41
10/10/2017,CWA,WI,AGL,CE,Federal Contract Tower,0,24,2,0,26,0,0,14,0,14,0,24,16,0,40,6,0,6,46
10/11/2017,CWA,WI,AGL,CE,Federal Contract Tower,2,23,7,0,32,0,0,11,0,11,2,23,18,0,43,0,0,0,43
10/12/2017,CWA,WI,AGL,CE,Federal Contract Tower,2,24,2,0,28,0,0,0,0,0,2,24,2,0,28,0,0,0,28
10/13/2017,CWA,WI,AGL,CE,Federal Contract Tower,6,23,2,0,31,0,0,0,0,0,6,23,2,0,31,0,0,0,31
10/14/2017,CWA,WI,AGL,CE,Federal Contract Tower,0,11,0,0,11,0,0,0,0,0,0,11,0,0,11,0,0,0,11
10/15/2017,CWA,WI,AGL,CE,Federal Contract Tower,2,19,2,0,23,0,0,0,0,0,2,19,2,0,23,0,0,0,23
10/16/2017,CWA,WI,AGL,CE,Federal Contract Tower,0,22,9,0,31,0,0,16,0,16,0,22,25,0,47,14,0,14,61
10/17/2017,CWA,WI,AGL,CE,Federal Contract Tower,0,25,4,0,29,0,3,21,0,24,0,28,25,0,53,6,0,6,59
10/18/2017,CWA,WI,AGL,CE,Federal Contract Tower,0,25,5,0,30,0,0,11,0,11,0,25,16,0,41,2,0,2,43
10/19/2017,CWA,WI,AGL,CE,Federal Contract Tower,2,25,1,0,28,0,0,11,1,12,2,25,12,1,40,14,0,14,54
10/20/2017,CWA,WI,AGL,CE,Federal Contract Tower,0,24,8,0,32,0,0,11,0,11,0,24,19,0,43,12,0,12,55
10/21/2017,CWA,WI,AGL,CE,Federal Contract Tower,0,13,3,0,16,0,0,7,0,7,0,13,10,0,23,6,0,6,29
10/22/2017,CWA,WI,AGL,CE,Federal Contract Tower,0,18,7,0,25,0,0,2,0,2,0,18,9,0,27,0,0,0,27
10/23/2017,CWA,WI,AGL,CE,Federal Contract Tower,3,21,2,0,26,0,0,10,0,10,3,21,12,0,36,28,0,28,64
10/24/2017,CWA,WI,AGL,CE,Federal Contract Tower,0,25,5,0,30,0,0,0,0,0,0,25,5,0,30,0,0,0,30
10/25/2017,CWA,WI,AGL,CE,Federal Contract Tower,0,26,6,0,32,0,0,5,0,5,0,26,11,0,37,12,0,12,49
10/26/2017,CWA,WI,AGL,CE,Federal Contract Tower,0,24,2,0,26,0,0,6,0,6,0,24,8,0,32,18,0,18,50
10/27/2017,CWA,WI,AGL,CE,Federal Contract Tower,0,26,2,0,28,0,0,0,0,0,0,26,2,0,28,0,0,0,28
10/28/2017,CWA,WI,AGL,CE,Federal Contract Tower,0,13,2,0,15,0,0,0,0,0,0,13,2,0,15,0,0,0,15
10/29/2017,CWA,WI,AGL,CE,Federal Contract Tower,0,19,6,0,25,0,0,15,2,17,0,19,21,2,42,2,0,2,44
10/30/2017,CWA,WI,AGL,CE,Federal Contract Tower,0,21,6,0,27,0,0,0,0,0,0,21,6,0,27,0,0,0,27
10/31/2017,CWA,WI,AGL,CE,Federal Contract Tower,0,24,4,0,28,0,0,4,0,4,0,24,8,0,32,0,0,0,32
11/01/2017,CWA,WI,AGL,CE,Federal Contract Tower,0,23,2,0,25,0,0,0,0,0,0,23,2,0,25,0,0,0,25
11/02/2017,CWA,WI,AGL,CE,Federal Contract Tower,2,23,5,0,30,0,0,0,0,0,2,23,5,0,30,0,0,0,30
11/03/2017,CWA,WI,AGL,CE,Federal Contract Tower,0,24,1,0,25,0,0,8,0,8,0,24,9,0,33,0,0,0,33
11/04/2017,CWA,WI,AGL,CE,Federal Contract Tower,0,16,2,0,18,0,0,0,0,0,0,16,2,0,18,0,0,0,18
11/05/2017,CWA,WI,AGL,CE,Federal Contract Tower,0,21,2,0,23,0,0,0,0,0,0,21,2,0,23,0,0,0,23
11/06/2017,CWA,WI,AGL,CE,Federal Contract Tower,2,23,8,0,33,0,0,2,0,2,2,23,10,0,35,0,0,0,35
11/07/2017,CWA,WI,AGL,CE,Federal Contract Tower,0,27,3,0,30,0,0,13,0,13,0,27,16,0,43,12,0,12,55
11/08/2017,CWA,WI,AGL,CE,Federal Contract Tower,0,25,4,0,29,0,0,2,0,2,0,25,6,0,31,0,0,0,31
11/09/2017,CWA,WI,AGL,CE,Federal Contract Tower,0,28,4,0,32,0,0,0,0,0,0,28,4,0,32,0,0,0,32
11/10/2017,CWA,WI,AGL,CE,Federal Contract Tower,0,29,11,0,40,0,0,9,0,9,0,29,20,0,49,4,0,4,53
11/11/2017,CWA,WI,AGL,CE,Federal Contract Tower,0,15,4,0,19,0,0,0,0,0,0,15,4,0,19,0,0,0,19
11/12/2017,CWA,WI,AGL,CE,Federal Contract Tower,0,22,4,0,26,0,0,17,0,17,0,22,21,0,43,8,0,8,51
11/13/2017,CWA,WI,AGL,CE,Federal Contract Tower,0,22,1,0,23,0,2,4,0,6,0,24,5,0,29,0,0,0,29
11/14/2017,CWA,WI,AGL,CE,Federal Contract Tower,0,29,4,0,33,0,0,0,0,0,0,29,4,0,33,0,0,0,33
11/15/2017,CWA,WI,AGL,CE,Federal Contract Tower,0,34,3,0,37,0,0,0,0,0,0,34,3,0,37,0,0,0,37
11/16/2017,CWA,WI,AGL,CE,Federal Contract Tower,0,28,6,0,34,0,0,2,0,2,0,28,8,0,36,0,0,0,36
11/17/2017,CWA,WI,AGL,CE,Federal Contract Tower,0,26,1,0,27,0,0,0,0,0,0,26,1,0,27,0,0,0,27
11/18/2017,CWA,WI,AGL,CE,Federal Contract Tower,0,17,0,0,17,0,0,0,0,0,0,17,0,0,17,0,0,0,17
11/19/2017,CWA,WI,AGL,CE,Federal Contract Tower,0,16,1,0,17,0,0,16,0,16,0,16,17,0,33,6,0,6,39
11/20/2017,CWA,WI,AGL,CE,Federal Contract Tower,0,19,8,0,27,0,0,5,0,5,0,19,13,0,32,6,0,6,38
11/21/2017,CWA,WI,AGL,CE,Federal Contract Tower,0,28,0,0,28,0,0,0,0,0,0,28,0,0,28,0,0,0,28
11/22/2017,CWA,WI,AGL,CE,Federal Contract Tower,2,25,1,0,28,0,0,13,2,15,2,25,14,2,43,0,8,8,51
11/23/2017,CWA,WI,AGL,CE,Federal Contract Tower,0,7,1,0,8,0,0,2,0,2,0,7,3,0,10,0,0,0,10
11/24/2017,CWA,WI,AGL,CE,Federal Contract Tower,0,15,0,0,15,0,0,0,0,0,0,15,0,0,15,0,0,0,15
11/25/2017,CWA,WI,AGL,CE,Federal Contract Tower,0,21,2,0,23,0,0,8,0,8,0,21,10,0,31,2,0,2,33
11/26/2017,CWA,WI,AGL,CE,Federal Contract Tower,0,20,4,0,24,0,0,14,0,14,0,20,18,0,38,4,0,4,42
11/27/2017,CWA,WI,AGL,CE,Federal Contract Tower,0,24,2,0,26,0,0,4,0,4,0,24,6,0,30,18,0,18,48
11/28/2017,CWA,WI,AGL,CE,Federal Contract Tower,0,27,4,0,31,0,0,4,0,4,0,27,8,0,35,0,0,0,35
11/29/2017,CWA,WI,AGL,CE,Federal Contract Tower,0,25,2,0,27,0,11,4,0,15,0,36,6,0,42,0,10,10,52
11/30/2017,CWA,WI,AGL,CE,Federal Contract Tower,0,28,1,0,29,0,1,2,0,3,0,29,3,0,32,0,0,0,32
12/01/2017,CWA,WI,AGL,CE,Federal Contract Tower,0,25,5,0,30,0,0,16,0,16,0,25,21,0,46,10,0,10,56
12/02/2017,CWA,WI,AGL,CE,Federal Contract Tower,2,15,4,0,21,0,0,16,0,16,2,15,20,0,37,8,0,8,45
12/03/2017,CWA,WI,AGL,CE,Federal Contract Tower,0,17,1,0,18,0,1,4,0,5,0,18,5,0,23,0,0,0,23
12/04/2017,CWA,WI,AGL,CE,Federal Contract Tower,0,20,2,0,22,0,0,0,0,0,0,20,2,0,22,0,0,0,22
12/05/2017,CWA,WI,AGL,CE,Federal Contract Tower,0,26,2,0,28,0,0,0,0,0,0,26,2,0,28,0,0,0,28
12/06/2017,CWA,WI,AGL,CE,Federal Contract Tower,0,25,1,0,26,0,0,0,0,0,0,25,1,0,26,0,0,0,26
12/07/2017,CWA,WI,AGL,CE,Federal Contract Tower,0,28,4,0,32,0,0,6,0,6,0,28,10,0,38,0,0,0,38
12/08/2017,CWA,WI,AGL,CE,Federal Contract Tower,0,25,5,0,30,0,0,2,0,2,0,25,7,0,32,0,0,0,32
12/09/2017,CWA,WI,AGL,CE,Federal Contract Tower,0,16,2,0,18,0,0,0,0,0,0,16,2,0,18,0,0,0,18
12/10/2017,CWA,WI,AGL,CE,Federal Contract Tower,0,17,4,0,21,0,0,0,0,0,0,17,4,0,21,0,0,0,21
12/11/2017,CWA,WI,AGL,CE,Federal Contract Tower,2,25,2,0,29,0,0,0,0,0,2,25,2,0,29,0,0,0,29
12/12/2017,CWA,WI,AGL,CE,Federal Contract Tower,0,28,8,0,36,0,0,8,0,8,0,28,16,0,44,0,0,0,44
12/13/2017,CWA,WI,AGL,CE,Federal Contract Tower,0,35,4,0,39,0,0,0,0,0,0,35,4,0,39,0,0,0,39
12/14/2017,CWA,WI,AGL,CE,Federal Contract Tower,0,25,8,0,33,0,0,2,0,2,0,25,10,0,35,0,0,0,35
12/15/2017,CWA,WI,AGL,CE,Federal Contract Tower,0,27,5,0,32,0,0,10,0,10,0,27,15,0,42,0,0,0,42
12/16/2017,CWA,WI,AGL,CE,Federal Contract Tower,0,15,0,0,15,0,0,0,0,0,0,15,0,0,15,0,0,0,15
12/17/2017,CWA,WI,AGL,CE,Federal Contract Tower,0,16,4,0,20,0,0,0,0,0,0,16,4,0,20,0,0,0,20
12/18/2017,CWA,WI,AGL,CE,Federal Contract Tower,3,22,1,0,26,0,0,0,0,0,3,22,1,0,26,0,0,0,26
12/19/2017,CWA,WI,AGL,CE,Federal Contract Tower,1,27,4,0,32,0,0,13,0,13,1,27,17,0,45,6,0,6,51
12/20/2017,CWA,WI,AGL,CE,Federal Contract Tower,0,30,7,0,37,0,0,14,0,14,0,30,21,0,51,20,0,20,71
12/21/2017,CWA,WI,AGL,CE,Federal Contract Tower,2,27,3,0,32,0,0,0,0,0,2,27,3,0,32,0,0,0,32
12/22/2017,CWA,WI,AGL,CE,Federal Contract Tower,0,26,0,0,26,0,0,0,0,0,0,26,0,0,26,0,0,0,26
12/23/2017,CWA,WI,AGL,CE,Federal Contract Tower,0,20,0,0,20,0,0,2,0,2,0,20,2,0,22,0,0,0,22
12/24/2017,CWA,WI,AGL,CE,Federal Contract Tower,0,10,0,0,10,0,0,3,0,3,0,10,3,0,13,0,0,0,13
12/25/2017,CWA,WI,AGL,CE,Federal Contract Tower,0,10,0,0,10,0,0,0,0,0,0,10,0,0,10,0,0,0,10
12/26/2017,CWA,WI,AGL,CE,Federal Contract Tower,0,21,5,0,26,0,0,4,0,4,0,21,9,0,30,0,0,0,30
12/27/2017,CWA,WI,AGL,CE,Federal Contract Tower,0,23,4,0,27,0,0,5,0,5,0,23,9,0,32,4,0,4,36
12/28/2017,CWA,WI,AGL,CE,Federal Contract Tower,0,23,4,0,27,0,0,0,0,0,0,23,4,0,27,0,0,0,27
12/29/2017,CWA,WI,AGL,CE,Federal Contract Tower,0,21,0,0,21,0,1,2,0,3,0,22,2,0,24,0,0,0,24
12/30/2017,CWA,WI,AGL,CE,Federal Contract Tower,0,20,1,0,21,0,0,4,0,4,0,20,5,0,25,0,0,0,25
12/31/2017,CWA,WI,AGL,CE,Federal Contract Tower,0,15,0,0,15,0,0,4,0,4,0,15,4,0,19,0,0,0,19
01/01/2018,CWA,WI,AGL,CE,Federal Contract Tower,0,14,5,0,19,0,0,2,0,2,0,14,7,0,21,0,0,0,21
01/02/2018,CWA,WI,AGL,CE,Federal Contract Tower,0,18,3,0,21,0,0,2,0,2,0,18,5,0,23,0,0,0,23
01/03/2018,CWA,WI,AGL,CE,Federal Contract Tower,0,22,1,0,23,0,0,0,0,0,0,22,1,0,23,0,0,0,23
01/04/2018,CWA,WI,AGL,CE,Federal Contract Tower,0,20,4,0,24,0,0,9,0,9,0,20,13,0,33,2,0,2,35
01/05/2018,CWA,WI,AGL,CE,Federal Contract Tower,0,21,3,0,24,0,0,1,0,1,0,21,4,0,25,0,0,0,25
01/06/2018,CWA,WI,AGL,CE,Federal Contract Tower,0,14,1,0,15,0,0,16,0,16,0,14,17,0,31,0,0,0,31
01/07/2018,CWA,WI,AGL,CE,Federal Contract Tower,0,15,1,0,16,0,0,4,0,4,0,15,5,0,20,2,0,2,22
01/08/2018,CWA,WI,AGL,CE,Federal Contract Tower,0,22,3,0,25,0,0,2,0,2,0,22,5,0,27,0,0,0,27
01/09/2018,CWA,WI,AGL,CE,Federal Contract Tower,0,31,4,0,35,0,0,2,0,2,0,31,6,0,37,0,0,0,37
01/10/2018,CWA,WI,AGL,CE,Federal Contract Tower,0,24,4,0,28,0,0,0,0,0,0,24,4,0,28,0,0,0,28
01/11/2018,CWA,WI,AGL,CE,Federal Contract Tower,0,25,4,0,29,0,0,0,0,0,0,25,4,0,29,0,0,0,29
01/12/2018,CWA,WI,AGL,CE,Federal Contract Tower,0,30,1,0,31,0,0,4,0,4,0,30,5,0,35,0,0,0,35
01/13/2018,CWA,WI,AGL,CE,Federal Contract Tower,0,14,3,0,17,0,0,16,0,16,0,14,19,0,33,0,0,0,33
01/14/2018,CWA,WI,AGL,CE,Federal Contract Tower,0,15,1,0,16,0,0,2,0,2,0,15,3,0,18,14,0,14,32
01/15/2018,CWA,WI,AGL,CE,Federal Contract Tower,0,17,0,0,17,0,0,0,0,0,0,17,0,0,17,0,0,0,17
01/16/2018,CWA,WI,AGL,CE,Federal Contract Tower,0,27,5,0,32,0,0,2,0,2,0,27,7,0,34,0,0,0,34
01/17/2018,CWA,WI,AGL,CE,Federal Contract Tower,0,25,2,0,27,0,0,8,0,8,0,25,10,0,35,6,0,6,41
01/18/2018,CWA,WI,AGL,CE,Federal Contract Tower,0,26,6,0,32,0,0,7,0,7,0,26,13,0,39,0,0,0,39
01/19/2018,CWA,WI,AGL,CE,Federal Contract Tower,0,25,5,0,30,0,0,7,0,7,0,25,12,0,37,0,0,0,37
01/20/2018,CWA,WI,AGL,CE,Federal Contract Tower,0,14,4,0,18,0,0,11,0,11,0,14,15,0,29,2,0,2,31
01/21/2018,CWA,WI,AGL,CE,Federal Contract Tower,0,17,2,0,19,0,0,7,0,7,0,17,9,0,26,2,0,2,28
01/22/2018,CWA,WI,AGL,CE,Federal Contract Tower,0,15,1,0,16,0,0,0,0,0,0,15,1,0,16,0,0,0,16
01/23/2018,CWA,WI,AGL,CE,Federal Contract Tower,0,27,2,0,29,0,0,2,0,2,0,27,4,0,31,8,0,8,39
01/24/2018,CWA,WI,AGL,CE,Federal Contract Tower,0,28,4,0,32,0,0,7,0,7,0,28,11,0,39,4,0,4,43
01/25/2018,CWA,WI,AGL,CE,Federal Contract Tower,2,29,5,0,36,0,0,0,0,0,2,29,5,0,36,0,0,0,36
01/26/2018,CWA,WI,AGL,CE,Federal Contract Tower,2,23,3,0,28,0,0,6,0,6,2,23,9,0,34,2,0,2,36
01/27/2018,CWA,WI,AGL,CE,Federal Contract Tower,0,16,4,0,20,0,0,4,0,4,0,16,8,0,24,2,0,2,26
01/28/2018,CWA,WI,AGL,CE,Federal Contract Tower,0,19,0,0,19,0,0,9,0,9,0,19,9,0,28,2,0,2,30
01/29/2018,CWA,WI,AGL,CE,Federal Contract Tower,0,22,2,0,24,0,0,4,0,4,0,22,6,0,28,16,0,16,44
01/30/2018,CWA,WI,AGL,CE,Federal Contract Tower,0,25,5,0,30,0,0,12,0,12,0,25,17,0,42,2,0,2,44
01/31/2018,CWA,WI,AGL,CE,Federal Contract Tower,0,24,5,0,29,0,0,1,0,1,0,24,6,0,30,0,0,0,30
02/01/2018,CWA,WI,AGL,CE,Federal Contract Tower,0,24,0,0,24,0,2,4,0,6,0,26,4,0,30,0,0,0,30
02/02/2018,CWA,WI,AGL,CE,Federal Contract Tower,0,25,1,0,26,0,0,2,0,2,0,25,3,0,28,0,0,0,28
02/03/2018,CWA,WI,AGL,CE,Federal Contract Tower,0,17,2,0,19,0,0,0,0,0,0,17,2,0,19,0,0,0,19
02/04/2018,CWA,WI,AGL,CE,Federal Contract Tower,0,8,0,0,8,0,0,2,0,2,0,8,2,0,10,0,0,0,10
02/05/2018,CWA,WI,AGL,CE,Federal Contract Tower,0,18,5,0,23,0,0,5,0,5,0,18,10,0,28,0,0,0,28
02/06/2018,CWA,WI,AGL,CE,Federal Contract Tower,0,22,2,0,24,0,0,10,0,10,0,22,12,0,34,0,0,0,34
02/07/2018,CWA,WI,AGL,CE,Federal Contract Tower,0,29,2,0,31,0,0,0,0,0,0,29,2,0,31,0,0,0,31
02/08/2018,CWA,WI,AGL,CE,Federal Contract Tower,2,21,1,0,24,0,0,8,0,8,2,21,9,0,32,0,0,0,32
02/09/2018,CWA,WI,AGL,CE,Federal Contract Tower,0,13,5,0,18,0,0,2,0,2,0,13,7,0,20,0,0,0,20
02/10/2018,CWA,WI,AGL,CE,Federal Contract Tower,0,13,2,0,15,0,0,4,0,4,0,13,6,0,19,4,0,4,23
02/11/2018,CWA,WI,AGL,CE,Federal Contract Tower,2,15,0,0,17,0,0,7,0,7,2,15,7,0,24,2,0,2,26
02/12/2018,CWA,WI,AGL,CE,Federal Contract Tower,0,21,0,0,21,0,0,9,0,9,0,21,9,0,30,0,0,0,30
02/13/2018,CWA,WI,AGL,CE,Federal Contract Tower,0,24,3,0,27,0,0,6,0,6,0,24,9,0,33,0,0,0,33
02/14/2018,CWA,WI,AGL,CE,Federal Contract Tower,2,20,2,0,24,0,0,34,0,34,2,20,36,0,58,0,0,0,58
02/15/2018,CWA,WI,AGL,CE,Federal Contract Tower,0,21,5,0,26,0,0,22,0,22,0,21,27,0,48,0,0,0,48
02/16/2018,CWA,WI,AGL,CE,Federal Contract Tower,0,25,6,0,31,0,0,6,0,6,0,25,12,0,37,0,0,0,37
02/17/2018,CWA,WI,AGL,CE,Federal Contract Tower,0,14,1,0,15,0,0,0,0,0,0,14,1,0,15,0,0,0,15
02/18/2018,CWA,WI,AGL,CE,Federal Contract Tower,0,15,0,0,15,0,0,2,0,2,0,15,2,0,17,0,0,0,17
02/19/2018,CWA,WI,AGL,CE,Federal Contract Tower,0,21,1,0,22,0,0,0,0,0,0,21,1,0,22,0,0,0,22
02/20/2018,CWA,WI,AGL,CE,Federal Contract Tower,0,30,5,0,35,0,0,0,0,0,0,30,5,0,35,0,0,0,35
02/21/2018,CWA,WI,AGL,CE,Federal Contract Tower,0,29,1,0,30,0,0,2,0,2,0,29,3,0,32,0,0,0,32
02/22/2018,CWA,WI,AGL,CE,Federal Contract Tower,2,27,6,0,35,0,0,6,0,6,2,27,12,0,41,0,0,0,41
02/23/2018,CWA,WI,AGL,CE,Federal Contract Tower,0,29,6,0,35,0,0,0,0,0,0,29,6,0,35,0,0,0,35
02/24/2018,CWA,WI,AGL,CE,Federal Contract Tower,0,13,1,0,14,0,0,9,0,9,0,13,10,0,23,0,0,0,23
02/25/2018,CWA,WI,AGL,CE,Federal Contract Tower,0,21,4,0,25,0,0,1,0,1,0,21,5,0,26,0,0,0,26
02/26/2018,CWA,WI,AGL,CE,Federal Contract Tower,0,23,2,0,25,0,0,5,0,5,0,23,7,0,30,0,0,0,30
02/27/2018,CWA,WI,AGL,CE,Federal Contract Tower,0,27,3,0,30,0,0,11,0,11,0,27,14,0,41,0,0,0,41
02/28/2018,CWA,WI,AGL,CE,Federal Contract Tower,2,27,3,0,32,0,0,4,0,4,2,27,7,0,36,2,0,2,38
03/01/2018,CWA,WI,AGL,CE,Federal Contract Tower,0,25,2,0,27,0,0,0,0,0,0,25,2,0,27,0,0,0,27
03/02/2018,CWA,WI,AGL,CE,Federal Contract Tower,0,25,2,0,27,0,0,10,0,10,0,25,12,0,37,8,0,8,45
03/03/2018,CWA,WI,AGL,CE,Federal Contract Tower,0,14,1,0,15,0,0,17,0,17,0,14,18,0,32,10,0,10,42
03/04/2018,CWA,WI,AGL,CE,Federal Contract Tower,0,20,1,0,21,0,0,1,0,1,0,20,2,0,22,0,0,0,22
03/05/2018,CWA,WI,AGL,CE,Federal Contract Tower,2,21,4,0,27,0,0,0,0,0,2,21,4,0,27,0,0,0,27
03/06/2018,CWA,WI,AGL,CE,Federal Contract Tower,0,26,0,0,26,0,0,0,0,0,0,26,0,0,26,0,0,0,26
03/07/2018,CWA,WI,AGL,CE,Federal Contract Tower,0,25,3,0,28,0,0,4,0,4,0,25,7,0,32,8,0,8,40
03/08/2018,CWA,WI,AGL,CE,Federal Contract Tower,3,26,1,0,30,0,0,8,0,8,3,26,9,0,38,0,0,0,38
03/09/2018,CWA,WI,AGL,CE,Federal Contract Tower,0,23,3,0,26,0,0,14,0,14,0,23,17,0,40,0,0,0,40
03/10/2018,CWA,WI,AGL,CE,Federal Contract Tower,0,15,4,0,19,0,0,8,0,8,0,15,12,0,27,2,0,2,29
03/11/2018,CWA,WI,AGL,CE,Federal Contract Tower,0,19,1,0,20,0,0,0,0,0,0,19,1,0,20,0,0,0,20
03/12/2018,CWA,WI,AGL,CE,Federal Contract Tower,2,23,13,0,38,0,0,6,0,6,2,23,19,0,44,0,0,0,44
03/13/2018,CWA,WI,AGL,CE,Federal Contract Tower,0,24,4,0,28,0,0,3,0,3,0,24,7,0,31,0,0,0,31
03/14/2018,CWA,WI,AGL,CE,Federal Contract Tower,0,26,5,0,31,0,0,10,0,10,0,26,15,0,41,0,0,0,41
03/15/2018,CWA,WI,AGL,CE,Federal Contract Tower,0,28,5,0,33,0,0,5,0,5,0,28,10,0,38,0,0,0,38
03/16/2018,CWA,WI,AGL,CE,Federal Contract Tower,0,25,3,0,28,0,0,13,0,13,0,25,16,0,41,14,0,14,55
03/17/2018,CWA,WI,AGL,CE,Federal Contract Tower,0,16,0,0,16,0,0,27,0,27,0,16,27,0,43,0,0,0,43
03/18/2018,CWA,WI,AGL,CE,Federal Contract Tower,0,20,1,0,21,0,0,12,0,12,0,20,13,0,33,0,0,0,33
03/19/2018,CWA,WI,AGL,CE,Federal Contract Tower,0,28,3,0,31,0,0,0,0,0,0,28,3,0,31,0,0,0,31
03/20/2018,CWA,WI,AGL,CE,Federal Contract Tower,2,25,4,0,31,0,0,9,0,9,2,25,13,0,40,0,0,0,40
03/21/2018,CWA,WI,AGL,CE,Federal Contract Tower,0,27,1,0,28,0,0,4,0,4,0,27,5,0,32,6,0,6,38
03/22/2018,CWA,WI,AGL,CE,Federal Contract Tower,0,28,0,0,28,0,0,5,0,5,0,28,5,0,33,0,0,0,33
03/23/2018,CWA,WI,AGL,CE,Federal Contract Tower,0,25,4,0,29,0,0,12,0,12,0,25,16,0,41,0,0,0,41
03/24/2018,CWA,WI,AGL,CE,Federal Contract Tower,0,22,6,0,28,0,0,2,0,2,0,22,8,0,30,2,0,2,32
03/25/2018,CWA,WI,AGL,CE,Federal Contract Tower,2,21,0,0,23,0,0,6,0,6,2,21,6,0,29,0,0,0,29
03/26/2018,CWA,WI,AGL,CE,Federal Contract Tower,0,23,2,0,25,0,0,2,0,2,0,23,4,0,27,0,0,0,27
03/27/2018,CWA,WI,AGL,CE,Federal Contract Tower,0,25,3,0,28,0,0,2,0,2,0,25,5,0,30,10,0,10,40
03/28/2018,CWA,WI,AGL,CE,Federal Contract Tower,0,24,6,0,30,0,0,6,0,6,0,24,12,0,36,0,0,0,36
03/29/2018,CWA,WI,AGL,CE,Federal Contract Tower,0,26,7,0,33,0,0,10,0,10,0,26,17,0,43,2,0,2,45
03/30/2018,CWA,WI,AGL,CE,Federal Contract Tower,0,25,0,0,25,0,0,7,0,7,0,25,7,0,32,0,0,0,32
03/31/2018,CWA,WI,AGL,CE,Federal Contract Tower,0,16,2,0,18,0,0,1,0,1,0,16,3,0,19,0,0,0,19
04/01/2018,CWA,WI,AGL,CE,Federal Contract Tower,2,17,2,0,21,0,0,2,0,2,2,17,4,0,23,0,0,0,23
04/02/2018,CWA,WI,AGL,CE,Federal Contract Tower,0,23,7,0,30,0,0,2,0,2,0,23,9,0,32,0,0,0,32
04/03/2018,CWA,WI,AGL,CE,Federal Contract Tower,0,16,2,0,18,0,0,0,0,0,0,16,2,0,18,0,0,0,18
04/04/2018,CWA,WI,AGL,CE,Federal Contract Tower,0,25,5,0,30,0,0,4,0,4,0,25,9,0,34,0,0,0,34
04/05/2018,CWA,WI,AGL,CE,Federal Contract Tower,0,25,3,0,28,0,2,7,0,9,0,27,10,0,37,6,0,6,43
04/06/2018,CWA,WI,AGL,CE,Federal Contract Tower,0,24,3,0,27,0,0,0,0,0,0,24,3,0,27,0,0,0,27
04/07/2018,CWA,WI,AGL,CE,Federal Contract Tower,0,16,5,0,21,0,0,13,0,13,0,16,18,0,34,4,0,4,38
04/08/2018,CWA,WI,AGL,CE,Federal Contract Tower,0,19,2,0,21,0,0,9,0,9,0,19,11,0,30,0,0,0,30
04/09/2018,CWA,WI,AGL,CE,Federal Contract Tower,0,20,4,0,24,0,0,3,0,3,0,20,7,0,27,0,0,0,27
04/10/2018,CWA,WI,AGL,CE,Federal Contract Tower,4,24,8,0,36,0,0,5,0,5,4,24,13,0,41,0,0,0,41
04/11/2018,CWA,WI,AGL,CE,Federal Contract Tower,2,24,6,0,32,0,0,5,0,5,2,24,11,0,37,0,0,0,37
04/12/2018,CWA,WI,AGL,CE,Federal Contract Tower,0,29,22,0,51,0,0,0,0,0,0,29,22,0,51,0,0,0,51
04/13/2018,CWA,WI,AGL,CE,Federal Contract Tower,3,28,6,0,37,0,0,0,0,0,3,28,6,0,37,0,0,0,37
04/14/2018,CWA,WI,AGL,CE,Federal Contract Tower,2,9,0,0,11,0,0,0,0,0,2,9,0,0,11,0,0,0,11
04/15/2018,CWA,WI,AGL,CE,Federal Contract Tower,0,7,0,0,7,0,0,0,0,0,0,7,0,0,7,0,0,0,7
04/16/2018,CWA,WI,AGL,CE,Federal Contract Tower,2,27,9,0,38,0,0,0,0,0,2,27,9,0,38,0,0,0,38
04/17/2018,CWA,WI,AGL,CE,Federal Contract Tower,1,24,4,0,29,0,0,4,0,4,1,24,8,0,33,8,0,8,41
04/18/2018,CWA,WI,AGL,CE,Federal Contract Tower,1,23,2,0,26,0,0,3,0,3,1,23,5,0,29,0,0,0,29
04/19/2018,CWA,WI,AGL,CE,Federal Contract Tower,1,23,6,0,30,0,3,11,0,14,1,26,17,0,44,12,0,12,56
04/20/2018,CWA,WI,AGL,CE,Federal Contract Tower,0,26,3,0,29,0,1,17,0,18,0,27,20,0,47,10,0,10,57
04/21/2018,CWA,WI,AGL,CE,Federal Contract Tower,1,16,2,0,19,0,0,29,0,29,1,16,31,0,48,2,0,2,50
04/22/2018,CWA,WI,AGL,CE,Federal Contract Tower,0,20,3,0,23,0,0,12,0,12,0,20,15,0,35,6,0,6,41
04/23/2018,CWA,WI,AGL,CE,Federal Contract Tower,2,25,0,0,27,0,0,13,0,13,2,25,13,0,40,0,0,0,40
04/24/2018,CWA,WI,AGL,CE,Federal Contract Tower,0,25,2,0,27,0,0,11,0,11,0,25,13,0,38,0,0,0,38
04/25/2018,CWA,WI,AGL,CE,Federal Contract Tower,4,25,2,0,31,0,0,10,0,10,4,25,12,0,41,0,0,0,41
04/26/2018,CWA,WI,AGL,CE,Federal Contract Tower,2,27,9,0,38,0,0,8,0,8,2,27,17,0,46,4,0,4,50
04/27/2018,CWA,WI,AGL,CE,Federal Contract Tower,0,24,2,0,26,0,0,2,0,2,0,24,4,0,28,2,0,2,30
04/28/2018,CWA,WI,AGL,CE,Federal Contract Tower,0,16,0,0,16,0,0,10,0,10,0,16,10,0,26,0,0,0,26
04/29/2018,CWA,WI,AGL,CE,Federal Contract Tower,2,20,2,0,24,0,0,20,0,20,2,20,22,0,44,0,0,0,44
04/30/2018,CWA,WI,AGL,CE,Federal Contract Tower,0,24,3,0,27,0,0,4,4,8,0,24,7,4,35,0,0,0,35
05/01/2018,CWA,WI,AGL,CE,Federal Contract Tower,0,26,5,0,31,0,0,0,0,0,0,26,5,0,31,0,0,0,31
05/02/2018,CWA,WI,AGL,CE,Federal Contract Tower,2,24,1,0,27,0,0,2,0,2,2,24,3,0,29,10,0,10,39
05/03/2018,CWA,WI,AGL,CE,Federal Contract Tower,0,21,14,0,35,0,0,5,0,5,0,21,19,0,40,0,0,0,40
05/04/2018,CWA,WI,AGL,CE,Federal Contract Tower,0,31,5,0,36,0,0,6,0,6,0,31,11,0,42,0,0,0,42
05/05/2018,CWA,WI,AGL,CE,Federal Contract Tower,0,17,1,0,18,0,0,10,0,10,0,17,11,0,28,0,0,0,28
05/06/2018,CWA,WI,AGL,CE,Federal Contract Tower,0,20,1,0,21,0,0,5,0,5,0,20,6,0,26,4,0,4,30
05/07/2018,CWA,WI,AGL,CE,Federal Contract Tower,0,23,3,0,26,0,0,4,0,4,0,23,7,0,30,2,0,2,32
05/08/2018,CWA,WI,AGL,CE,Federal Contract Tower,0,26,6,0,32,0,0,4,0,4,0,26,10,0,36,0,0,0,36
05/09/2018,CWA,WI,AGL,CE,Federal Contract Tower,2,21,4,0,27,0,0,0,0,0,2,21,4,0,27,0,0,0,27
05/10/2018,CWA,WI,AGL,CE,Federal Contract Tower,0,27,5,0,32,0,0,6,0,6,0,27,11,0,38,0,0,0,38
05/11/2018,CWA,WI,AGL,CE,Federal Contract Tower,0,25,1,0,26,0,0,4,0,4,0,25,5,0,30,15,0,15,45
05/12/2018,CWA,WI,AGL,CE,Federal Contract Tower,0,17,0,0,17,0,0,12,0,12,0,17,12,0,29,4,0,4,33
05/13/2018,CWA,WI,AGL,CE,Federal Contract Tower,0,18,4,0,22,0,0,3,0,3,0,18,7,0,25,20,0,20,45
05/14/2018,CWA,WI,AGL,CE,Federal Contract Tower,0,18,5,0,23,0,0,7,0,7,0,18,12,0,30,0,0,0,30
05/15/2018,CWA,WI,AGL,CE,Federal Contract Tower,0,25,5,0,30,0,0,13,0,13,0,25,18,0,43,0,0,0,43
05/16/2018,CWA,WI,AGL,CE,Federal Contract Tower,2,21,3,0,26,0,0,17,0,17,2,21,20,0,43,4,0,4,47
05/17/2018,CWA,WI,AGL,CE,Federal Contract Tower,0,28,5,0,33,0,0,2,0,2,0,28,7,0,35,0,0,0,35
05/18/2018,CWA,WI,AGL,CE,Federal Contract Tower,0,24,1,0,25,0,0,9,0,9,0,24,10,0,34,0,0,0,34
05/19/2018,CWA,WI,AGL,CE,Federal Contract Tower,0,18,2,0,20,0,0,10,0,10,0,18,12,0,30,0,0,0,30
05/20/2018,CWA,WI,AGL,CE,Federal Contract Tower,0,20,4,0,24,0,0,15,0,15,0,20,19,0,39,6,0,6,45
05/21/2018,CWA,WI,AGL,CE,Federal Contract Tower,2,24,5,0,31,0,0,4,0,4,2,24,9,0,35,0,0,0,35
05/22/2018,CWA,WI,AGL,CE,Federal Contract Tower,0,24,4,0,28,0,0,8,0,8,0,24,12,0,36,8,0,8,44
05/23/2018,CWA,WI,AGL,CE,Federal Contract Tower,2,21,0,0,23,0,0,8,0,8,2,21,8,0,31,0,0,0,31
05/24/2018,CWA,WI,AGL,CE,Federal Contract Tower,0,26,6,0,32,0,0,12,0,12,0,26,18,0,44,6,0,6,50
05/25/2018,CWA,WI,AGL,CE,Federal Contract Tower,2,23,2,0,27,0,0,0,0,0,2,23,2,0,27,0,0,0,27
05/26/2018,CWA,WI,AGL,CE,Federal Contract Tower,0,16,4,0,20,0,0,7,0,7,0,16,11,0,27,0,0,0,27
05/27/2018,CWA,WI,AGL,CE,Federal Contract Tower,0,16,1,0,17,0,0,8,0,8,0,16,9,0,25,0,0,0,25
05/28/2018,CWA,WI,AGL,CE,Federal Contract Tower,0,18,9,0,27,0,0,3,0,3,0,18,12,0,30,4,0,4,34
05/29/2018,CWA,WI,AGL,CE,Federal Contract Tower,0,22,8,0,30,0,0,16,0,16,0,22,24,0,46,0,0,0,46
05/30/2018,CWA,WI,AGL,CE,Federal Contract Tower,2,19,6,0,27,0,0,7,0,7,2,19,13,0,34,0,0,0,34
05/31/2018,CWA,WI,AGL,CE,Federal Contract Tower,0,25,4,0,29,0,0,3,0,3,0,25,7,0,32,0,0,0,32
06/01/2018,CWA,WI,AGL,CE,Federal Contract Tower,0,27,4,0,31,0,0,0,0,0,0,27,4,0,31,0,0,0,31
06/02/2018,CWA,WI,AGL,CE,Federal Contract Tower,0,14,2,0,16,0,0,0,0,0,0,14,2,0,16,0,0,0,16
06/03/2018,CWA,WI,AGL,CE,Federal Contract Tower,0,19,3,0,22,0,0,1,0,1,0,19,4,0,23,0,0,0,23
06/04/2018,CWA,WI,AGL,CE,Federal Contract Tower,5,21,2,0,28,0,0,5,0,5,5,21,7,0,33,10,0,10,43
06/05/2018,CWA,WI,AGL,CE,Federal Contract Tower,0,24,0,0,24,0,0,7,0,7,0,24,7,0,31,4,0,4,35
06/06/2018,CWA,WI,AGL,CE,Federal Contract Tower,2,26,1,0,29,0,0,5,0,5,2,26,6,0,34,0,0,0,34
06/07/2018,CWA,WI,AGL,CE,Federal Contract Tower,2,26,14,0,42,0,0,22,0,22,2,26,36,0,64,2,0,2,66
06/08/2018,CWA,WI,AGL,CE,Federal Contract Tower,2,25,5,0,32,0,0,3,0,3,2,25,8,0,35,0,0,0,35
06/09/2018,CWA,WI,AGL,CE,Federal Contract Tower,0,15,0,0,15,0,0,5,0,5,0,15,5,0,20,0,0,0,20
06/10/2018,CWA,WI,AGL,CE,Federal Contract Tower,0,18,1,0,19,0,0,3,0,3,0,18,4,0,22,0,0,0,22
06/11/2018,CWA,WI,AGL,CE,Federal Contract Tower,0,23,11,0,34,0,2,9,0,11,0,25,20,0,45,0,0,0,45
06/12/2018,CWA,WI,AGL,CE,Federal Contract Tower,0,24,15,0,39,0,0,0,0,0,0,24,15,0,39,0,0,0,39
06/13/2018,CWA,WI,AGL,CE,Federal Contract Tower,0,28,9,2,39,0,0,13,0,13,0,28,22,2,52,2,0,2,54
06/14/2018,CWA,WI,AGL,CE,Federal Contract Tower,2,31,4,0,37,0,0,8,0,8,2,31,12,0,45,2,0,2,47
06/15/2018,CWA,WI,AGL,CE,Federal Contract Tower,0,30,1,0,31,0,0,3,0,3,0,30,4,0,34,0,0,0,34
06/16/2018,CWA,WI,AGL,CE,Federal Contract Tower,0,11,5,0,16,0,0,5,0,5,0,11,10,0,21,0,0,0,21
06/17/2018,CWA,WI,AGL,CE,Federal Contract Tower,0,17,3,0,20,0,0,3,0,3,0,17,6,0,23,0,0,0,23
06/18/2018,CWA,WI,AGL,CE,Federal Contract Tower,2,24,3,0,29,0,0,2,0,2,2,24,5,0,31,0,0,0,31
06/19/2018,CWA,WI,AGL,CE,Federal Contract Tower,0,20,5,0,25,0,0,9,0,9,0,20,14,0,34,0,0,0,34
06/20/2018,CWA,WI,AGL,CE,Federal Contract Tower,0,25,1,0,26,0,0,7,0,7,0,25,8,0,33,0,0,0,33
06/21/2018,CWA,WI,AGL,CE,Federal Contract Tower,0,22,14,0,36,0,0,12,0,12,0,22,26,0,48,22,0,22,70
06/22/2018,CWA,WI,AGL,CE,Federal Contract Tower,0,26,9,0,35,0,0,11,0,11,0,26,20,0,46,22,0,22,68
06/23/2018,CWA,WI,AGL,CE,Federal Contract Tower,0,13,0,0,13,0,0,18,0,18,0,13,18,0,31,2,0,2,33
06/24/2018,CWA,WI,AGL,CE,Federal Contract Tower,0,17,2,0,19,0,0,6,0,6,0,17,8,0,25,0,0,0,25
06/25/2018,CWA,WI,AGL,CE,Federal Contract Tower,0,25,6,0,31,0,2,9,0,11,0,27,15,0,42,0,0,0,42
06/26/2018,CWA,WI,AGL,CE,Federal Contract Tower,0,22,2,0,24,0,0,0,0,0,0,22,2,0,24,0,0,0,24
06/27/2018,CWA,WI,AGL,CE,Federal Contract Tower,0,24,3,0,27,0,0,7,0,7,0,24,10,0,34,0,0,0,34
06/28/2018,CWA,WI,AGL,CE,Federal Contract Tower,0,28,4,0,32,0,1,10,0,11,0,29,14,0,43,0,0,0,43
06/29/2018,CWA,WI,AGL,CE,Federal Contract Tower,0,29,5,0,34,0,0,0,0,0,0,29,5,0,34,0,0,0,34
06/30/2018,CWA,WI,AGL,CE,Federal Contract Tower,0,18,2,4,24,0,0,0,0,0,0,18,2,4,24,0,0,0,24
07/01/2018,CWA,WI,AGL,CE,Federal Contract Tower,0,0,10,0,10,0,0,0,0,0,0,0,10,0,10,0,0,0,10
07/02/2018,CWA,WI,AGL,CE,Federal Contract Tower,2,17,3,0,22,0,0,10,0,10,2,17,13,0,32,4,0,4,36
07/03/2018,CWA,WI,AGL,CE,Federal Contract Tower,0,26,3,0,29,0,0,7,0,7,0,26,10,0,36,0,0,0,36
07/04/2018,CWA,WI,AGL,CE,Federal Contract Tower,0,14,0,0,14,0,0,12,0,12,0,14,12,0,26,0,0,0,26
07/05/2018,CWA,WI,AGL,CE,Federal Contract Tower,0,28,4,0,32,0,0,10,0,10,0,28,14,0,42,0,0,0,42
07/06/2018,CWA,WI,AGL,CE,Federal Contract Tower,0,23,0,0,23,0,0,6,0,6,0,23,6,0,29,0,0,0,29
07/07/2018,CWA,WI,AGL,CE,Federal Contract Tower,0,17,0,0,17,0,0,5,0,5,0,17,5,0,22,0,0,0,22
07/08/2018,CWA,WI,AGL,CE,Federal Contract Tower,0,25,3,0,28,0,0,10,0,10,0,25,13,0,38,0,0,0,38
07/09/2018,CWA,WI,AGL,CE,Federal Contract Tower,0,22,1,0,23,0,0,11,0,11,0,22,12,0,34,4,0,4,38
07/10/2018,CWA,WI,AGL,CE,Federal Contract Tower,0,25,2,0,27,0,0,10,0,10,0,25,12,0,37,6,0,6,43
07/11/2018,CWA,WI,AGL,CE,Federal Contract Tower,0,25,4,0,29,0,0,15,0,15,0,25,19,0,44,10,0,10,54
07/12/2018,CWA,WI,AGL,CE,Federal Contract Tower,6,24,8,0,38,0,0,2,0,2,6,24,10,0,40,0,0,0,40
07/13/2018,CWA,WI,AGL,CE,Federal Contract Tower,0,25,5,0,30,0,0,2,0,2,0,25,7,0,32,0,0,0,32
07/14/2018,CWA,WI,AGL,CE,Federal Contract Tower,0,12,3,0,15,0,0,7,0,7,0,12,10,0,22,4,0,4,26
07/15/2018,CWA,WI,AGL,CE,Federal Contract Tower,0,18,2,0,20,0,0,6,0,6,0,18,8,0,26,0,0,0,26
07/16/2018,CWA,WI,AGL,CE,Federal Contract Tower,0,23,3,0,26,0,0,9,0,9,0,23,12,0,35,0,0,0,35
07/17/2018,CWA,WI,AGL,CE,Federal Contract Tower,0,26,2,0,28,0,0,35,0,35,0,26,37,0,63,8,0,8,71
07/18/2018,CWA,WI,AGL,CE,Federal Contract Tower,0,25,5,0,30,0,0,17,0,17,0,25,22,0,47,6,0,6,53
07/19/2018,CWA,WI,AGL,CE,Federal Contract Tower,4,23,8,0,35,0,0,11,0,11,4,23,19,0,46,0,0,0,46
07/20/2018,CWA,WI,AGL,CE,Federal Contract Tower,0,25,8,0,33,0,0,0,0,0,0,25,8,0,33,0,0,0,33
07/21/2018,CWA,WI,AGL,CE,Federal Contract Tower,0,14,2,0,16,0,0,1,0,1,0,14,3,0,17,0,0,0,17
07/22/2018,CWA,WI,AGL,CE,Federal Contract Tower,0,18,7,0,25,0,0,12,0,12,0,18,19,0,37,0,0,0,37
07/23/2018,CWA,WI,AGL,CE,Federal Contract Tower,0,23,3,0,26,0,1,14,0,15,0,24,17,0,41,0,0,0,41
07/24/2018,CWA,WI,AGL,CE,Federal Contract Tower,0,29,3,0,32,0,0,18,0,18,0,29,21,0,50,6,0,6,56
07/25/2018,CWA,WI,AGL,CE,Federal Contract Tower,0,25,15,3,43,0,0,58,14,72,0,25,73,17,115,2,0,2,117
07/26/2018,CWA,WI,AGL,CE,Federal Contract Tower,0,26,6,0,32,0,0,8,0,8,0,26,14,0,40,0,0,0,40
07/27/2018,CWA,WI,AGL,CE,Federal Contract Tower,0,25,4,0,29,0,0,10,0,10,0,25,14,0,39,0,0,0,39
07/28/2018,CWA,WI,AGL,CE,Federal Contract Tower,0,13,0,0,13,0,0,14,0,14,0,13,14,0,27,4,0,4,31
07/29/2018,CWA,WI,AGL,CE,Federal Contract Tower,7,12,4,0,23,0,0,8,0,8,7,12,12,0,31,4,0,4,35
07/30/2018,CWA,WI,AGL,CE,Federal Contract Tower,3,22,4,0,29,0,0,15,0,15,3,22,19,0,44,1,0,1,45
07/31/2018,CWA,WI,AGL,CE,Federal Contract Tower,0,29,2,0,31,0,0,16,0,16,0,29,18,0,47,10,0,10,57
08/01/2018,CWA,WI,AGL,CE,Federal Contract Tower,0,22,3,0,25,0,0,4,0,4,0,22,7,0,29,0,0,0,29
08/02/2018,CWA,WI,AGL,CE,Federal Contract Tower,2,25,9,0,36,0,0,2,0,2,2,25,11,0,38,0,0,0,38
08/03/2018,CWA,WI,AGL,CE,Federal Contract Tower,0,21,3,1,25,0,0,9,1,10,0,21,12,2,35,0,18,18,53
08/04/2018,CWA,WI,AGL,CE,Federal Contract Tower,2,11,3,0,16,0,0,4,0,4,2,11,7,0,20,2,0,2,22
08/05/2018,CWA,WI,AGL,CE,Federal Contract Tower,0,18,7,0,25,0,0,6,0,6,0,18,13,0,31,0,0,0,31
08/06/2018,CWA,WI,AGL,CE,Federal Contract Tower,2,18,7,0,27,0,0,3,0,3,2,18,10,0,30,2,0,2,32
08/07/2018,CWA,WI,AGL,CE,Federal Contract Tower,2,24,4,0,30,0,1,12,0,13,2,25,16,0,43,8,0,8,51
08/08/2018,CWA,WI,AGL,CE,Federal Contract Tower,0,24,4,0,28,0,0,7,0,7,0,24,11,0,35,8,0,8,43
08/09/2018,CWA,WI,AGL,CE,Federal Contract Tower,0,20,5,0,25,0,0,9,0,9,0,20,14,0,34,6,0,6,40
08/10/2018,CWA,WI,AGL,CE,Federal Contract Tower,2,22,3,0,27,0,0,10,0,10,2,22,13,0,37,10,0,10,47
08/11/2018,CWA,WI,AGL,CE,Federal Contract Tower,0,14,4,0,18,0,0,3,0,3,0,14,7,0,21,0,0,0,21
08/12/2018,CWA,WI,AGL,CE,Federal Contract Tower,0,18,1,0,19,0,0,16,0,16,0,18,17,0,35,0,0,0,35
08/13/2018,CWA,WI,AGL,CE,Federal Contract Tower,0,18,0,0,18,0,0,2,0,2,0,18,2,0,20,0,0,0,20
08/14/2018,CWA,WI,AGL,CE,Federal Contract Tower,0,22,4,0,26,0,0,7,0,7,0,22,11,0,33,2,0,2,35
08/15/2018,CWA,WI,AGL,CE,Federal Contract Tower,2,25,4,0,31,0,8,9,0,17,2,33,13,0,48,8,0,8,56
08/16/2018,CWA,WI,AGL,CE,Federal Contract Tower,0,23,7,0,30,0,0,4,0,4,0,23,11,0,34,0,0,0,34
08/17/2018,CWA,WI,AGL,CE,Federal Contract Tower,0,26,4,0,30,0,0,7,0,7,0,26,11,0,37,0,0,0,37
08/18/2018,CWA,WI,AGL,CE,Federal Contract Tower,0,11,0,0,11,0,0,7,0,7,0,11,7,0,18,6,0,6,24
08/19/2018,CWA,WI,AGL,CE,Federal Contract Tower,2,18,3,0,23,0,0,11,0,11,2,18,14,0,34,10,0,10,44
08/20/2018,CWA,WI,AGL,CE,Federal Contract Tower,0,19,6,0,25,0,0,2,0,2,0,19,8,0,27,0,0,0,27
08/21/2018,CWA,WI,AGL,CE,Federal Contract Tower,0,23,3,0,26,0,0,11,0,11,0,23,14,0,37,20,0,20,57
08/22/2018,CWA,WI,AGL,CE,Federal Contract Tower,0,24,2,0,26,0,0,20,0,20,0,24,22,0,46,0,0,0,46
08/23/2018,CWA,WI,AGL,CE,Federal Contract Tower,0,25,3,0,28,0,0,10,2,12,0,25,13,2,40,0,0,0,40
08/24/2018,CWA,WI,AGL,CE,Federal Contract Tower,0,22,1,0,23,0,0,0,0,0,0,22,1,0,23,0,0,0,23
08/25/2018,CWA,WI,AGL,CE,Federal Contract Tower,0,13,2,0,15,0,0,15,0,15,0,13,17,0,30,22,0,22,52
08/26/2018,CWA,WI,AGL,CE,Federal Contract Tower,0,19,0,0,19,0,0,5,0,5,0,19,5,0,24,0,0,0,24
08/27/2018,CWA,WI,AGL,CE,Federal Contract Tower,0,20,2,0,22,0,0,0,0,0,0,20,2,0,22,0,0,0,22
08/28/2018,CWA,WI,AGL,CE,Federal Contract Tower,0,21,0,0,21,0,0,0,0,0,0,21,0,0,21,0,0,0,21
08/29/2018,CWA,WI,AGL,CE,Federal Contract Tower,0,24,7,0,31,0,0,7,0,7,0,24,14,0,38,0,0,0,38
08/30/2018,CWA,WI,AGL,CE,Federal Contract Tower,0,23,3,0,26,0,0,14,0,14,0,23,17,0,40,0,0,0,40
08/31/2018,CWA,WI,AGL,CE,Federal Contract Tower,0,23,3,0,26,0,0,4,0,4,0,23,7,0,30,4,0,4,34
09/01/2018,CWA,WI,AGL,CE,Federal Contract Tower,0,11,0,0,11,0,0,0,0,0,0,11,0,0,11,0,0,0,11
09/02/2018,CWA,WI,AGL,CE,Federal Contract Tower,0,12,2,0,14,0,0,4,0,4,0,12,6,0,18,0,0,0,18
09/03/2018,CWA,WI,AGL,CE,Federal Contract Tower,0,16,2,0,18,0,0,0,0,0,0,16,2,0,18,0,0,0,18
09/04/2018,CWA,WI,AGL,CE,Federal Contract Tower,0,25,4,0,29,0,0,0,0,0,0,25,4,0,29,0,0,0,29
09/05/2018,CWA,WI,AGL,CE,Federal Contract Tower,0,25,8,0,33,0,0,0,0,0,0,25,8,0,33,0,0,0,33
09/06/2018,CWA,WI,AGL,CE,Federal Contract Tower,0,25,2,0,27,0,0,15,0,15,0,25,17,0,42,4,0,4,46
09/07/2018,CWA,WI,AGL,CE,Federal Contract Tower,2,22,8,0,32,0,0,17,0,17,2,22,25,0,49,28,0,28,77
09/08/2018,CWA,WI,AGL,CE,Federal Contract Tower,0,12,3,0,15,0,0,13,2,15,0,12,16,2,30,0,0,0,30
09/09/2018,CWA,WI,AGL,CE,Federal Contract Tower,0,16,6,0,22,0,0,12,0,12,0,16,18,0,34,0,0,0,34
09/10/2018,CWA,WI,AGL,CE,Federal Contract Tower,3,19,7,0,29,0,0,10,0,10,3,19,17,0,39,0,0,0,39
09/11/2018,CWA,WI,AGL,CE,Federal Contract Tower,0,26,3,0,29,0,0,15,0,15,0,26,18,0,44,0,0,0,44
09/12/2018,CWA,WI,AGL,CE,Federal Contract Tower,0,23,7,0,30,0,0,8,0,8,0,23,15,0,38,0,0,0,38
09/13/2018,CWA,WI,AGL,CE,Federal Contract Tower,0,23,8,0,31,0,0,17,0,17,0,23,25,0,48,0,0,0,48
09/14/2018,CWA,WI,AGL,CE,Federal Contract Tower,0,21,8,0,29,0,0,2,0,2,0,21,10,0,31,2,0,2,33
09/15/2018,CWA,WI,AGL,CE,Federal Contract Tower,0,13,3,0,16,0,0,6,0,6,0,13,9,0,22,0,0,0,22
09/16/2018,CWA,WI,AGL,CE,Federal Contract Tower,0,18,2,0,20,0,0,7,0,7,0,18,9,0,27,6,0,6,33
09/17/2018,CWA,WI,AGL,CE,Federal Contract Tower,2,19,4,0,25,0,0,12,0,12,2,19,16,0,37,0,0,0,37
09/18/2018,CWA,WI,AGL,CE,Federal Contract Tower,0,22,6,0,28,0,0,0,0,0,0,22,6,0,28,0,0,0,28
09/19/2018,CWA,WI,AGL,CE,Federal Contract Tower,0,23,4,0,27,0,0,0,0,0,0,23,4,0,27,0,0,0,27
09/20/2018,CWA,WI,AGL,CE,Federal Contract Tower,0,25,4,0,29,0,0,0,0,0,0,25,4,0,29,0,0,0,29
09/21/2018,CWA,WI,AGL,CE,Federal Contract Tower,0,25,1,3,29,0,0,1,0,1,0,25,2,3,30,0,2,2,32
09/22/2018,CWA,WI,AGL,CE,Federal Contract Tower,0,15,3,0,18,0,0,13,0,13,0,15,16,0,31,12,0,12,43
09/23/2018,CWA,WI,AGL,CE,Federal Contract Tower,0,18,4,0,22,0,0,31,0,31,0,18,35,0,53,0,0,0,53
09/24/2018,CWA,WI,AGL,CE,Federal Contract Tower,0,21,3,0,24,0,0,11,0,11,0,21,14,0,35,10,0,10,45
09/25/2018,CWA,WI,AGL,CE,Federal Contract Tower,0,21,7,0,28,0,0,0,0,0,0,21,7,0,28,0,0,0,28
09/26/2018,CWA,WI,AGL,CE,Federal Contract Tower,0,24,3,0,27,0,0,15,0,15,0,24,18,0,42,0,0,0,42
09/27/2018,CWA,WI,AGL,CE,Federal Contract Tower,4,22,2,0,28,0,0,5,0,5,4,22,7,0,33,0,0,0,33
09/28/2018,CWA,WI,AGL,CE,Federal Contract Tower,0,23,2,0,25,0,0,2,0,2,0,23,4,0,27,0,0,0,27
09/29/2018,CWA,WI,AGL,CE,Federal Contract Tower,0,12,0,0,12,0,0,20,0,20,0,12,20,0,32,14,0,14,46
09/30/2018,CWA,WI,AGL,CE,Federal Contract Tower,0,18,1,0,19,0,0,2,0,2,0,18,3,0,21,8,0,8,29
10/01/2018,CWA,WI,AGL,CE,Federal Contract Tower,0,25,1,0,26,0,0,0,0,0,0,25,1,0,26,0,0,0,26
10/02/2018,CWA,WI,AGL,CE,Federal Contract Tower,0,26,5,0,31,0,0,0,0,0,0,26,5,0,31,0,0,0,31
10/03/2018,CWA,WI,AGL,CE,Federal Contract Tower,0,30,4,0,34,0,0,0,0,0,0,30,4,0,34,0,0,0,34
10/04/2018,CWA,WI,AGL,CE,Federal Contract Tower,0,25,1,0,26,0,0,10,0,10,0,25,11,0,36,6,0,6,42
10/05/2018,CWA,WI,AGL,CE,Federal Contract Tower,0,23,3,0,26,0,0,0,0,0,0,23,3,0,26,0,0,0,26
10/06/2018,CWA,WI,AGL,CE,Federal Contract Tower,0,12,5,0,17,0,0,3,0,3,0,12,8,0,20,0,0,0,20
10/07/2018,CWA,WI,AGL,CE,Federal Contract Tower,2,21,1,0,24,0,0,2,0,2,2,21,3,0,26,0,0,0,26
10/08/2018,CWA,WI,AGL,CE,Federal Contract Tower,0,28,2,0,30,0,0,0,0,0,0,28,2,0,30,0,0,0,30
10/09/2018,CWA,WI,AGL,CE,Federal Contract Tower,0,27,3,0,30,0,0,0,0,0,0,27,3,0,30,0,0,0,30
10/10/2018,CWA,WI,AGL,CE,Federal Contract Tower,4,27,6,0,37,0,0,2,0,2,4,27,8,0,39,2,0,2,41
10/11/2018,CWA,WI,AGL,CE,Federal Contract Tower,0,25,5,0,30,0,0,0,0,0,0,25,5,0,30,0,0,0,30
10/12/2018,CWA,WI,AGL,CE,Federal Contract Tower,0,26,0,0,26,0,0,10,0,10,0,26,10,0,36,10,0,10,46
10/13/2018,CWA,WI,AGL,CE,Federal Contract Tower,0,16,4,0,20,0,0,15,0,15,0,16,19,0,35,0,0,0,35
10/14/2018,CWA,WI,AGL,CE,Federal Contract Tower,0,19,1,0,20,0,0,0,0,0,0,19,1,0,20,0,0,0,20
10/15/2018,CWA,WI,AGL,CE,Federal Contract Tower,1,23,3,2,29,0,0,10,0,10,1,23,13,2,39,14,10,24,63
10/16/2018,CWA,WI,AGL,CE,Federal Contract Tower,0,24,4,0,28,0,1,7,0,8,0,25,11,0,36,2,0,2,38
10/17/2018,CWA,WI,AGL,CE,Federal Contract Tower,0,25,5,0,30,0,0,4,0,4,0,25,9,0,34,0,0,0,34
10/18/2018,CWA,WI,AGL,CE,Federal Contract Tower,0,26,5,0,31,0,0,11,0,11,0,26,16,0,42,8,0,8,50
10/19/2018,CWA,WI,AGL,CE,Federal Contract Tower,0,24,2,0,26,0,0,2,0,2,0,24,4,0,28,0,0,0,28
10/20/2018,CWA,WI,AGL,CE,Federal Contract Tower,0,12,1,0,13,0,0,4,0,4,0,12,5,0,17,0,0,0,17
10/21/2018,CWA,WI,AGL,CE,Federal Contract Tower,0,20,1,1,22,0,0,8,0,8,0,20,9,1,30,4,0,4,34
10/22/2018,CWA,WI,AGL,CE,Federal Contract Tower,0,23,5,1,29,0,9,13,2,24,0,32,18,3,53,12,0,12,65
10/23/2018,CWA,WI,AGL,CE,Federal Contract Tower,0,26,10,1,37,0,0,17,0,17,0,26,27,1,54,12,0,12,66
10/24/2018,CWA,WI,AGL,CE,Federal Contract Tower,0,24,5,2,31,0,0,10,2,12,0,24,15,4,43,0,0,0,43
10/25/2018,CWA,WI,AGL,CE,Federal Contract Tower,2,28,8,3,41,0,0,6,0,6,2,28,14,3,47,10,0,10,57
10/26/2018,CWA,WI,AGL,CE,Federal Contract Tower,0,25,6,2,33,0,0,6,0,6,0,25,12,2,39,10,8,18,57
10/27/2018,CWA,WI,AGL,CE,Federal Contract Tower,0,11,4,0,15,0,0,2,0,2,0,11,6,0,17,16,0,16,33
10/28/2018,CWA,WI,AGL,CE,Federal Contract Tower,0,18,2,0,20,0,0,0,0,0,0,18,2,0,20,0,0,0,20
10/29/2018,CWA,WI,AGL,CE,Federal Contract Tower,2,20,2,0,24,0,0,3,0,3,2,20,5,0,27,8,0,8,35
10/30/2018,CWA,WI,AGL,CE,Federal Contract Tower,0,20,9,2,31,0,0,6,0,6,0,20,15,2,37,0,0,0,37
10/31/2018,CWA,WI,AGL,CE,Federal Contract Tower,0,21,0,0,21,0,0,9,0,9,0,21,9,0,30,2,0,2,32
11/01/2018,CWA,WI,AGL,CE,Federal Contract Tower,0,26,3,0,29,0,0,14,0,14,0,26,17,0,43,14,0,14,57
11/02/2018,CWA,WI,AGL,CE,Federal Contract Tower,2,23,3,0,28,0,0,0,0,0,2,23,3,0,28,0,0,0,28
11/03/2018,CWA,WI,AGL,CE,Federal Contract Tower,0,14,1,0,15,0,0,11,2,13,0,14,12,2,28,0,0,0,28
11/04/2018,CWA,WI,AGL,CE,Federal Contract Tower,0,19,3,0,22,0,0,0,0,0,0,19,3,0,22,0,0,0,22
11/05/2018,CWA,WI,AGL,CE,Federal Contract Tower,0,26,3,0,29,0,0,3,0,3,0,26,6,0,32,0,0,0,32
11/06/2018,CWA,WI,AGL,CE,Federal Contract Tower,2,24,3,0,29,0,0,0,0,0,2,24,3,0,29,0,0,0,29
11/07/2018,CWA,WI,AGL,CE,Federal Contract Tower,2,28,4,0,34,0,0,0,0,0,2,28,4,0,34,0,0,0,34
11/08/2018,CWA,WI,AGL,CE,Federal Contract Tower,0,27,4,0,31,0,0,10,0,10,0,27,14,0,41,6,0,6,47
11/09/2018,CWA,WI,AGL,CE,Federal Contract Tower,0,27,2,0,29,0,0,2,0,2,0,27,4,0,31,0,0,0,31
11/10/2018,CWA,WI,AGL,CE,Federal Contract Tower,2,13,4,0,19,0,0,19,0,19,2,13,23,0,38,0,0,0,38
11/11/2018,CWA,WI,AGL,CE,Federal Contract Tower,0,22,1,0,23,0,0,2,0,2,0,22,3,0,25,6,0,6,31
11/12/2018,CWA,WI,AGL,CE,Federal Contract Tower,0,21,6,0,27,0,0,4,0,4,0,21,10,0,31,0,0,0,31
11/13/2018,CWA,WI,AGL,CE,Federal Contract Tower,0,27,0,0,27,0,0,10,0,10,0,27,10,0,37,0,0,0,37
11/14/2018,CWA,WI,AGL,CE,Federal Contract Tower,0,26,2,0,28,0,0,13,0,13,0,26,15,0,41,18,0,18,59
11/15/2018,CWA,WI,AGL,CE,Federal Contract Tower,0,26,1,0,27,0,0,10,0,10,0,26,11,0,37,0,0,0,37
11/16/2018,CWA,WI,AGL,CE,Federal Contract Tower,0,27,2,0,29,0,0,0,0,0,0,27,2,0,29,0,0,0,29
11/17/2018,CWA,WI,AGL,CE,Federal Contract Tower,0,13,0,0,13,0,0,13,0,13,0,13,13,0,26,0,0,0,26
11/18/2018,CWA,WI,AGL,CE,Federal Contract Tower,0,20,3,0,23,0,0,16,0,16,0,20,19,0,39,8,0,8,47
11/19/2018,CWA,WI,AGL,CE,Federal Contract Tower,0,23,4,0,27,0,0,2,0,2,0,23,6,0,29,0,0,0,29
11/20/2018,CWA,WI,AGL,CE,Federal Contract Tower,0,24,2,0,26,0,0,0,0,0,0,24,2,0,26,0,0,0,26
11/21/2018,CWA,WI,AGL,CE,Federal Contract Tower,0,25,3,0,28,0,0,9,0,9,0,25,12,0,37,6,0,6,43
11/22/2018,CWA,WI,AGL,CE,Federal Contract Tower,0,8,0,0,8,0,0,0,0,0,0,8,0,0,8,0,0,0,8
11/23/2018,CWA,WI,AGL,CE,Federal Contract Tower,0,16,0,0,16,0,0,0,0,0,0,16,0,0,16,0,0,0,16
11/24/2018,CWA,WI,AGL,CE,Federal Contract Tower,0,18,0,0,18,0,0,0,0,0,0,18,0,0,18,0,0,0,18
11/25/2018,CWA,WI,AGL,CE,Federal Contract Tower,0,17,0,0,17,0,0,0,0,0,0,17,0,0,17,0,0,0,17
11/26/2018,CWA,WI,AGL,CE,Federal Contract Tower,0,21,4,0,25,0,0,0,2,2,0,21,4,2,27,0,0,0,27
11/27/2018,CWA,WI,AGL,CE,Federal Contract Tower,0,25,1,0,26,0,0,2,0,2,0,25,3,0,28,0,0,0,28
11/28/2018,CWA,WI,AGL,CE,Federal Contract Tower,0,27,7,0,34,0,0,12,0,12,0,27,19,0,46,6,0,6,52
11/29/2018,CWA,WI,AGL,CE,Federal Contract Tower,0,26,1,0,27,0,0,0,0,0,0,26,1,0,27,0,0,0,27
11/30/2018,CWA,WI,AGL,CE,Federal Contract Tower,0,27,4,0,31,0,0,2,0,2,0,27,6,0,33,0,0,0,33
12/01/2018,CWA,WI,AGL,CE,Federal Contract Tower,2,18,3,0,23,0,0,0,0,0,2,18,3,0,23,0,0,0,23
12/02/2018,CWA,WI,AGL,CE,Federal Contract Tower,0,16,0,0,16,0,0,0,0,0,0,16,0,0,16,0,0,0,16
12/03/2018,CWA,WI,AGL,CE,Federal Contract Tower,0,22,3,0,25,0,0,14,2,16,0,22,17,2,41,0,0,0,41
12/04/2018,CWA,WI,AGL,CE,Federal Contract Tower,2,27,2,0,31,0,0,4,0,4,2,27,6,0,35,0,0,0,35
12/05/2018,CWA,WI,AGL,CE,Federal Contract Tower,0,28,1,0,29,0,0,3,0,3,0,28,4,0,32,0,0,0,32
12/06/2018,CWA,WI,AGL,CE,Federal Contract Tower,0,24,4,0,28,0,0,5,0,5,0,24,9,0,33,10,0,10,43
12/07/2018,CWA,WI,AGL,CE,Federal Contract Tower,0,23,6,2,31,0,0,2,1,3,0,23,8,3,34,4,0,4,38
12/08/2018,CWA,WI,AGL,CE,Federal Contract Tower,0,12,4,0,16,0,0,2,0,2,0,12,6,0,18,0,0,0,18
12/09/2018,CWA,WI,AGL,CE,Federal Contract Tower,0,16,2,0,18,0,0,9,0,9,0,16,11,0,27,0,0,0,27
12/10/2018,CWA,WI,AGL,CE,Federal Contract Tower,0,21,13,0,34,0,0,0,0,0,0,21,13,0,34,0,0,0,34
12/11/2018,CWA,WI,AGL,CE,Federal Contract Tower,0,24,7,0,31,0,0,0,0,0,0,24,7,0,31,0,0,0,31
12/12/2018,CWA,WI,AGL,CE,Federal Contract Tower,0,28,5,0,33,0,0,0,0,0,0,28,5,0,33,0,0,0,33
12/13/2018,CWA,WI,AGL,CE,Federal Contract Tower,0,27,7,0,34,0,0,0,0,0,0,27,7,0,34,0,0,0,34
12/14/2018,CWA,WI,AGL,CE,Federal Contract Tower,0,23,3,0,26,0,0,3,0,3,0,23,6,0,29,0,0,0,29
12/15/2018,CWA,WI,AGL,CE,Federal Contract Tower,0,12,2,0,14,0,0,14,0,14,0,12,16,0,28,0,0,0,28
12/16/2018,CWA,WI,AGL,CE,Federal Contract Tower,0,17,4,0,21,0,0,17,0,17,0,17,21,0,38,0,0,0,38
12/17/2018,CWA,WI,AGL,CE,Federal Contract Tower,1,22,2,0,25,0,0,8,0,8,1,22,10,0,33,6,0,6,39
12/18/2018,CWA,WI,AGL,CE,Federal Contract Tower,1,23,2,0,26,0,0,7,0,7,1,23,9,0,33,0,0,0,33
12/19/2018,CWA,WI,AGL,CE,Federal Contract Tower,0,24,6,0,30,0,0,0,0,0,0,24,6,0,30,0,0,0,30
12/20/2018,CWA,WI,AGL,CE,Federal Contract Tower,0,29,2,0,31,0,0,0,0,0,0,29,2,0,31,0,0,0,31
12/21/2018,CWA,WI,AGL,CE,Federal Contract Tower,0,27,1,0,28,0,0,2,0,2,0,27,3,0,30,0,0,0,30
12/22/2018,CWA,WI,AGL,CE,Federal Contract Tower,1,16,2,0,19,0,0,2,0,2,1,16,4,0,21,14,0,14,35
12/23/2018,CWA,WI,AGL,CE,Federal Contract Tower,1,17,0,0,18,0,0,2,0,2,1,17,2,0,20,4,0,4,24
12/24/2018,CWA,WI,AGL,CE,Federal Contract Tower,0,14,0,0,14,0,1,8,0,9,0,15,8,0,23,4,0,4,27
12/25/2018,CWA,WI,AGL,CE,Federal Contract Tower,0,10,1,0,11,0,0,0,0,0,0,10,1,0,11,0,0,0,11
12/26/2018,CWA,WI,AGL,CE,Federal Contract Tower,0,23,2,0,25,0,0,4,0,4,0,23,6,0,29,0,0,0,29
12/27/2018,CWA,WI,AGL,CE,Federal Contract Tower,0,30,0,0,30,0,0,0,0,0,0,30,0,0,30,0,0,0,30
12/28/2018,CWA,WI,AGL,CE,Federal Contract Tower,0,22,0,0,22,0,0,0,0,0,0,22,0,0,22,0,0,0,22
12/29/2018,CWA,WI,AGL,CE,Federal Contract Tower,0,22,0,0,22,0,0,2,0,2,0,22,2,0,24,0,0,0,24
12/30/2018,CWA,WI,AGL,CE,Federal Contract Tower,2,18,2,0,22,0,0,12,0,12,2,18,14,0,34,6,0,6,40
12/31/2018,CWA,WI,AGL,CE,Federal Contract Tower,1,18,0,0,19,0,0,0,0,0,1,18,0,0,19,0,0,0,19
01/01/2019,CWA,WI,AGL,CE,Federal Contract Tower,1,11,0,0,12,0,0,2,0,2,1,11,2,0,14,0,0,0,14
01/02/2019,CWA,WI,AGL,CE,Federal Contract Tower,0,26,3,0,29,0,0,5,0,5,0,26,8,0,34,0,0,0,34
01/03/2019,CWA,WI,AGL,CE,Federal Contract Tower,0,27,3,0,30,0,0,6,0,6,0,27,9,0,36,2,0,2,38
01/04/2019,CWA,WI,AGL,CE,Federal Contract Tower,0,27,1,0,28,0,0,17,0,17,0,27,18,0,45,0,0,0,45
01/05/2019,CWA,WI,AGL,CE,Federal Contract Tower,0,18,2,0,20,0,0,8,0,8,0,18,10,0,28,16,0,16,44
01/06/2019,CWA,WI,AGL,CE,Federal Contract Tower,0,18,0,0,18,0,0,9,0,9,0,18,9,0,27,0,0,0,27
01/07/2019,CWA,WI,AGL,CE,Federal Contract Tower,0,19,0,0,19,0,0,0,0,0,0,19,0,0,19,0,0,0,19
01/08/2019,CWA,WI,AGL,CE,Federal Contract Tower,0,25,0,0,25,0,0,1,0,1,0,25,1,0,26,0,0,0,26
01/09/2019,CWA,WI,AGL,CE,Federal Contract Tower,0,20,2,0,22,0,0,2,0,2,0,20,4,0,24,0,0,0,24
01/10/2019,CWA,WI,AGL,CE,Federal Contract Tower,0,23,3,0,26,0,0,16,0,16,0,23,19,0,42,0,0,0,42
01/11/2019,CWA,WI,AGL,CE,Federal Contract Tower,0,23,2,0,25,0,0,17,0,17,0,23,19,0,42,0,0,0,42
01/12/2019,CWA,WI,AGL,CE,Federal Contract Tower,0,13,0,0,13,0,0,0,0,0,0,13,0,0,13,0,0,0,13
01/13/2019,CWA,WI,AGL,CE,Federal Contract Tower,0,17,2,0,19,0,0,4,0,4,0,17,6,0,23,4,0,4,27
01/14/2019,CWA,WI,AGL,CE,Federal Contract Tower,2,17,4,0,23,0,0,0,0,0,2,17,4,0,23,0,0,0,23
01/15/2019,CWA,WI,AGL,CE,Federal Contract Tower,0,24,2,0,26,0,0,0,0,0,0,24,2,0,26,0,0,0,26
01/16/2019,CWA,WI,AGL,CE,Federal Contract Tower,0,20,3,0,23,0,0,20,2,22,0,20,23,2,45,0,0,0,45
01/17/2019,CWA,WI,AGL,CE,Federal Contract Tower,0,24,2,0,26,0,0,0,0,0,0,24,2,0,26,0,0,0,26
01/18/2019,CWA,WI,AGL,CE,Federal Contract Tower,2,23,3,0,28,0,0,5,0,5,2,23,8,0,33,14,0,14,47
01/19/2019,CWA,WI,AGL,CE,Federal Contract Tower,2,10,1,0,13,0,0,9,0,9,2,10,10,0,22,0,0,0,22
01/20/2019,CWA,WI,AGL,CE,Federal Contract Tower,0,14,1,0,15,0,0,12,0,12,0,14,13,0,27,0,0,0,27
01/21/2019,CWA,WI,AGL,CE,Federal Contract Tower,0,20,2,0,22,0,0,12,0,12,0,20,14,0,34,0,0,0,34
01/22/2019,CWA,WI,AGL,CE,Federal Contract Tower,0,20,3,0,23,0,0,0,0,0,0,20,3,0,23,0,0,0,23
01/23/2019,CWA,WI,AGL,CE,Federal Contract Tower,0,23,2,0,25,0,0,2,0,2,0,23,4,0,27,0,0,0,27
01/24/2019,CWA,WI,AGL,CE,Federal Contract Tower,0,27,1,0,28,0,0,0,0,0,0,27,1,0,28,0,0,0,28
01/25/2019,CWA,WI,AGL,CE,Federal Contract Tower,0,22,3,0,25,0,0,2,0,2,0,22,5,0,27,0,0,0,27
01/26/2019,CWA,WI,AGL,CE,Federal Contract Tower,0,15,1,0,16,0,0,1,0,1,0,15,2,0,17,0,0,0,17
01/27/2019,CWA,WI,AGL,CE,Federal Contract Tower,0,16,3,0,19,0,0,4,0,4,0,16,7,0,23,0,0,0,23
01/28/2019,CWA,WI,AGL,CE,Federal Contract Tower,0,10,1,0,11,0,0,0,0,0,0,10,1,0,11,0,0,0,11
01/29/2019,CWA,WI,AGL,CE,Federal Contract Tower,0,26,4,0,30,0,0,0,0,0,0,26,4,0,30,0,0,0,30
01/30/2019,CWA,WI,AGL,CE,Federal Contract Tower,0,14,0,0,14,0,1,0,0,1,0,15,0,0,15,0,0,0,15
01/31/2019,CWA,WI,AGL,CE,Federal Contract Tower,0,14,1,0,15,0,0,1,0,1,0,14,2,0,16,0,0,0,16
02/01/2019,CWA,WI,AGL,CE,Federal Contract Tower,3,21,2,0,26,0,0,4,0,4,3,21,6,0,30,0,0,0,30
02/02/2019,CWA,WI,AGL,CE,Federal Contract Tower,1,10,0,0,11,0,0,0,0,0,1,10,0,0,11,0,0,0,11
02/03/2019,CWA,WI,AGL,CE,Federal Contract Tower,0,0,2,0,2,0,0,0,0,0,0,0,2,0,2,0,0,0,2
02/04/2019,CWA,WI,AGL,CE,Federal Contract Tower,0,19,9,0,28,0,0,0,0,0,0,19,9,0,28,0,0,0,28
02/05/2019,CWA,WI,AGL,CE,Federal Contract Tower,0,24,1,0,25,0,0,1,0,1,0,24,2,0,26,2,0,2,28
02/06/2019,CWA,WI,AGL,CE,Federal Contract Tower,2,20,0,0,22,0,0,0,0,0,2,20,0,0,22,0,0,0,22
02/07/2019,CWA,WI,AGL,CE,Federal Contract Tower,0,18,0,0,18,0,0,0,0,0,0,18,0,0,18,0,0,0,18
02/08/2019,CWA,WI,AGL,CE,Federal Contract Tower,0,19,1,0,20,0,0,0,0,0,0,19,1,0,20,0,0,0,20
02/09/2019,CWA,WI,AGL,CE,Federal Contract Tower,2,13,0,0,15,0,0,2,0,2,2,13,2,0,17,18,0,18,35
02/10/2019,CWA,WI,AGL,CE,Federal Contract Tower,0,17,1,0,18,0,0,0,0,0,0,17,1,0,18,0,0,0,18
02/11/2019,CWA,WI,AGL,CE,Federal Contract Tower,0,20,4,0,24,0,0,0,0,0,0,20,4,0,24,0,0,0,24
02/12/2019,CWA,WI,AGL,CE,Federal Contract Tower,1,13,1,0,15,0,0,0,0,0,1,13,1,0,15,0,0,0,15
02/13/2019,CWA,WI,AGL,CE,Federal Contract Tower,1,19,5,0,25,0,0,4,0,4,1,19,9,0,29,8,0,8,37
02/14/2019,CWA,WI,AGL,CE,Federal Contract Tower,0,28,8,0,36,0,0,5,0,5,0,28,13,0,41,0,0,0,41
02/15/2019,CWA,WI,AGL,CE,Federal Contract Tower,0,22,5,0,27,0,0,6,0,6,0,22,11,0,33,0,0,0,33
02/16/2019,CWA,WI,AGL,CE,Federal Contract Tower,0,13,4,0,17,0,0,6,0,6,0,13,10,0,23,14,0,14,37
02/17/2019,CWA,WI,AGL,CE,Federal Contract Tower,2,9,1,0,12,0,0,0,0,0,2,9,1,0,12,0,0,0,12
02/18/2019,CWA,WI,AGL,CE,Federal Contract Tower,0,18,3,0,21,0,0,2,0,2,0,18,5,0,23,4,0,4,27
02/19/2019,CWA,WI,AGL,CE,Federal Contract Tower,0,23,6,0,29,0,0,2,0,2,0,23,8,0,31,0,0,0,31
02/20/2019,CWA,WI,AGL,CE,Federal Contract Tower,2,22,6,0,30,0,0,0,0,0,2,22,6,0,30,0,0,0,30
02/21/2019,CWA,WI,AGL,CE,Federal Contract Tower,0,23,5,0,28,0,0,10,0,10,0,23,15,0,38,0,0,0,38
02/22/2019,CWA,WI,AGL,CE,Federal Contract Tower,0,24,2,2,28,0,0,21,0,21,0,24,23,2,49,18,2,20,69
02/23/2019,CWA,WI,AGL,CE,Federal Contract Tower,2,14,2,0,18,0,0,0,0,0,2,14,2,0,18,0,0,0,18
02/24/2019,CWA,WI,AGL,CE,Federal Contract Tower,2,6,2,0,10,0,0,0,0,0,2,6,2,0,10,0,0,0,10
02/25/2019,CWA,WI,AGL,CE,Federal Contract Tower,0,21,1,0,22,0,2,3,0,5,0,23,4,0,27,0,0,0,27
02/26/2019,CWA,WI,AGL,CE,Federal Contract Tower,0,22,3,0,25,0,0,1,0,1,0,22,4,0,26,0,0,0,26
02/27/2019,CWA,WI,AGL,CE,Federal Contract Tower,0,24,2,0,26,0,0,3,0,3,0,24,5,0,29,0,0,0,29
02/28/2019,CWA,WI,AGL,CE,Federal Contract Tower,0,23,5,0,28,0,0,7,0,7,0,23,12,0,35,0,0,0,35
03/01/2019,CWA,WI,AGL,CE,Federal Contract Tower,0,23,3,0,26,0,0,5,0,5,0,23,8,0,31,0,0,0,31
03/02/2019,CWA,WI,AGL,CE,Federal Contract Tower,0,16,0,0,16,0,0,3,0,3,0,16,3,0,19,0,0,0,19
03/03/2019,CWA,WI,AGL,CE,Federal Contract Tower,2,19,1,0,22,0,0,6,0,6,2,19,7,0,28,0,0,0,28
03/04/2019,CWA,WI,AGL,CE,Federal Contract Tower,0,22,6,0,28,0,0,0,0,0,0,22,6,0,28,0,0,0,28
03/05/2019,CWA,WI,AGL,CE,Federal Contract Tower,0,28,2,0,30,0,0,2,0,2,0,28,4,0,32,0,0,0,32
03/06/2019,CWA,WI,AGL,CE,Federal Contract Tower,0,25,3,0,28,0,0,4,0,4,0,25,7,0,32,16,0,16,48
03/07/2019,CWA,WI,AGL,CE,Federal Contract Tower,2,25,11,2,40,0,0,10,0,10,2,25,21,2,50,28,4,32,82
03/08/2019,CWA,WI,AGL,CE,Federal Contract Tower,0,24,1,0,25,0,1,7,0,8,0,25,8,0,33,4,0,4,37
03/09/2019,CWA,WI,AGL,CE,Federal Contract Tower,0,11,0,0,11,0,0,2,0,2,0,11,2,0,13,0,0,0,13
03/10/2019,CWA,WI,AGL,CE,Federal Contract Tower,2,20,0,0,22,0,0,0,0,0,2,20,0,0,22,0,0,0,22
03/11/2019,CWA,WI,AGL,CE,Federal Contract Tower,2,21,9,0,32,0,0,9,0,9,2,21,18,0,41,2,0,2,43
03/12/2019,CWA,WI,AGL,CE,Federal Contract Tower,0,25,0,0,25,0,0,2,0,2,0,25,2,0,27,0,0,0,27
03/13/2019,CWA,WI,AGL,CE,Federal Contract Tower,0,24,0,0,24,0,0,0,0,0,0,24,0,0,24,0,0,0,24
03/14/2019,CWA,WI,AGL,CE,Federal Contract Tower,0,23,4,0,27,0,0,0,0,0,0,23,4,0,27,4,0,4,31
03/15/2019,CWA,WI,AGL,CE,Federal Contract Tower,0,24,4,0,28,0,0,0,0,0,0,24,4,0,28,0,0,0,28
03/16/2019,CWA,WI,AGL,CE,Federal Contract Tower,0,17,1,0,18,0,0,15,0,15,0,17,16,0,33,4,0,4,37
03/17/2019,CWA,WI,AGL,CE,Federal Contract Tower,0,19,0,0,19,0,0,20,0,20,0,19,20,0,39,6,0,6,45
03/18/2019,CWA,WI,AGL,CE,Federal Contract Tower,0,20,0,0,20,0,0,8,2,10,0,20,8,2,30,2,0,2,32
03/19/2019,CWA,WI,AGL,CE,Federal Contract Tower,0,26,0,0,26,0,0,0,0,0,0,26,0,0,26,0,0,0,26
03/20/2019,CWA,WI,AGL,CE,Federal Contract Tower,7,22,5,0,34,0,0,1,0,1,7,22,6,0,35,2,0,2,37
03/21/2019,CWA,WI,AGL,CE,Federal Contract Tower,0,24,3,0,27,0,0,8,0,8,0,24,11,0,35,0,0,0,35
03/22/2019,CWA,WI,AGL,CE,Federal Contract Tower,1,27,6,0,34,0,0,6,0,6,1,27,12,0,40,0,0,0,40
03/23/2019,CWA,WI,AGL,CE,Federal Contract Tower,2,18,6,0,26,0,0,13,0,13,2,18,19,0,39,0,0,0,39
03/24/2019,CWA,WI,AGL,CE,Federal Contract Tower,0,19,3,0,22,0,0,0,0,0,0,19,3,0,22,6,0,6,28
03/25/2019,CWA,WI,AGL,CE,Federal Contract Tower,0,21,0,0,21,0,0,6,0,6,0,21,6,0,27,0,0,0,27
03/26/2019,CWA,WI,AGL,CE,Federal Contract Tower,0,24,0,0,24,0,0,4,0,4,0,24,4,0,28,0,0,0,28
03/27/2019,CWA,WI,AGL,CE,Federal Contract Tower,0,25,4,0,29,0,0,1,0,1,0,25,5,0,30,0,0,0,30
03/28/2019,CWA,WI,AGL,CE,Federal Contract Tower,2,24,1,0,27,0,0,2,0,2,2,24,3,0,29,2,0,2,31
03/29/2019,CWA,WI,AGL,CE,Federal Contract Tower,0,26,6,0,32,0,0,0,0,0,0,26,6,0,32,0,0,0,32
03/30/2019,CWA,WI,AGL,CE,Federal Contract Tower,17,0,3,0,20,0,0,1,0,1,17,0,4,0,21,0,0,0,21
03/31/2019,CWA,WI,AGL,CE,Federal Contract Tower,0,21,1,0,22,0,0,7,0,7,0,21,8,0,29,8,0,8,37
04/01/2019,CWA,WI,AGL,CE,Federal Contract Tower,0,23,8,0,31,0,0,2,0,2,0,23,10,0,33,0,0,0,33
04/02/2019,CWA,WI,AGL,CE,Federal Contract Tower,0,28,1,0,29,0,0,1,0,1,0,28,2,0,30,0,0,0,30
04/03/2019,CWA,WI,AGL,CE,Federal Contract Tower,0,26,1,0,27,0,0,2,0,2,0,26,3,0,29,14,0,14,43
04/04/2019,CWA,WI,AGL,CE,Federal Contract Tower,2,23,2,0,27,0,0,6,0,6,2,23,8,0,33,2,0,2,35
04/05/2019,CWA,WI,AGL,CE,Federal Contract Tower,0,27,6,0,33,0,0,0,0,0,0,27,6,0,33,0,0,0,33
04/06/2019,CWA,WI,AGL,CE,Federal Contract Tower,0,15,1,0,16,0,0,0,0,0,0,15,1,0,16,0,0,0,16
04/07/2019,CWA,WI,AGL,CE,Federal Contract Tower,0,22,4,0,26,0,0,2,0,2,0,22,6,0,28,0,0,0,28
04/08/2019,CWA,WI,AGL,CE,Federal Contract Tower,1,24,1,0,26,0,0,6,0,6,1,24,7,0,32,0,0,0,32
04/09/2019,CWA,WI,AGL,CE,Federal Contract Tower,0,21,2,0,23,0,0,3,0,3,0,21,5,0,26,0,0,0,26
04/10/2019,CWA,WI,AGL,CE,Federal Contract Tower,0,26,2,0,28,0,0,0,0,0,0,26,2,0,28,0,0,0,28
04/11/2019,CWA,WI,AGL,CE,Federal Contract Tower,0,10,0,0,10,0,0,0,0,0,0,10,0,0,10,0,0,0,10
04/12/2019,CWA,WI,AGL,CE,Federal Contract Tower,30,0,4,0,34,0,0,0,0,0,30,0,4,0,34,0,0,0,34
04/13/2019,CWA,WI,AGL,CE,Federal Contract Tower,2,17,0,0,19,0,0,0,0,0,2,17,0,0,19,0,0,0,19
04/14/2019,CWA,WI,AGL,CE,Federal Contract Tower,0,15,2,0,17,0,0,10,0,10,0,15,12,0,27,0,0,0,27
04/15/2019,CWA,WI,AGL,CE,Federal Contract Tower,0,24,10,0,34,0,0,11,2,13,0,24,21,2,47,2,0,2,49
04/16/2019,CWA,WI,AGL,CE,Federal Contract Tower,0,28,10,0,38,0,0,17,0,17,0,28,27,0,55,10,0,10,65
04/17/2019,CWA,WI,AGL,CE,Federal Contract Tower,2,26,6,0,34,0,0,2,0,2,2,26,8,0,36,0,0,0,36
04/18/2019,CWA,WI,AGL,CE,Federal Contract Tower,0,30,3,0,33,0,0,2,0,2,0,30,5,0,35,0,0,0,35
04/19/2019,CWA,WI,AGL,CE,Federal Contract Tower,1,27,2,0,30,0,0,13,0,13,1,27,15,0,43,4,0,4,47
04/20/2019,CWA,WI,AGL,CE,Federal Contract Tower,0,16,1,0,17,0,0,22,0,22,0,16,23,0,39,9,0,9,48
04/21/2019,CWA,WI,AGL,CE,Federal Contract Tower,0,17,0,0,17,0,0,5,0,5,0,17,5,0,22,0,0,0,22
04/22/2019,CWA,WI,AGL,CE,Federal Contract Tower,0,24,2,0,26,0,0,0,0,0,0,24,2,0,26,0,0,0,26
04/23/2019,CWA,WI,AGL,CE,Federal Contract Tower,0,27,0,0,27,0,0,9,0,9,0,27,9,0,36,0,0,0,36
04/24/2019,CWA,WI,AGL,CE,Federal Contract Tower,0,31,4,2,37,0,0,9,0,9,0,31,13,2,46,4,0,4,50
04/25/2019,CWA,WI,AGL,CE,Federal Contract Tower,0,27,3,0,30,0,0,2,0,2,0,27,5,0,32,0,0,0,32
04/26/2019,CWA,WI,AGL,CE,Federal Contract Tower,0,24,6,0,30,0,0,7,0,7,0,24,13,0,37,0,0,0,37
04/27/2019,CWA,WI,AGL,CE,Federal Contract Tower,0,19,0,0,19,0,0,14,0,14,0,19,14,0,33,12,0,12,45
04/28/2019,CWA,WI,AGL,CE,Federal Contract Tower,0,20,1,0,21,0,0,7,0,7,0,20,8,0,28,2,0,2,30
04/29/2019,CWA,WI,AGL,CE,Federal Contract Tower,24,0,2,0,26,0,0,0,0,0,24,0,2,0,26,0,0,0,26
04/30/2019,CWA,WI,AGL,CE,Federal Contract Tower,0,23,5,0,28,0,0,0,0,0,0,23,5,0,28,0,0,0,28
05/01/2019,CWA,WI,AGL,CE,Federal Contract Tower,0,27,3,0,30,0,0,0,0,0,0,27,3,0,30,0,0,0,30
05/02/2019,CWA,WI,AGL,CE,Federal Contract Tower,0,29,5,0,34,0,0,3,0,3,0,29,8,0,37,0,0,0,37
05/03/2019,CWA,WI,AGL,CE,Federal Contract Tower,2,26,2,0,30,0,0,13,0,13,2,26,15,0,43,6,0,6,49
05/04/2019,CWA,WI,AGL,CE,Federal Contract Tower,0,19,1,0,20,0,0,16,0,16,0,19,17,0,36,2,0,2,38
05/05/2019,CWA,WI,AGL,CE,Federal Contract Tower,0,22,1,0,23,0,0,1,0,1,0,22,2,0,24,2,0,2,26
05/06/2019,CWA,WI,AGL,CE,Federal Contract Tower,0,22,6,2,30,0,0,7,0,7,0,22,13,2,37,0,0,0,37
05/07/2019,CWA,WI,AGL,CE,Federal Contract Tower,0,26,5,0,31,0,0,9,0,9,0,26,14,0,40,14,0,14,54
05/08/2019,CWA,WI,AGL,CE,Federal Contract Tower,0,29,1,0,30,0,0,0,0,0,0,29,1,0,30,0,0,0,30
05/09/2019,CWA,WI,AGL,CE,Federal Contract Tower,0,28,9,0,37,0,0,0,2,2,0,28,9,2,39,0,0,0,39
05/10/2019,CWA,WI,AGL,CE,Federal Contract Tower,0,29,6,0,35,0,0,17,0,17,0,29,23,0,52,0,0,0,52
05/11/2019,CWA,WI,AGL,CE,Federal Contract Tower,0,22,6,0,28,0,0,11,0,11,0,22,17,0,39,20,0,20,59
05/12/2019,CWA,WI,AGL,CE,Federal Contract Tower,0,17,3,0,20,0,0,1,0,1,0,17,4,0,21,0,0,0,21
05/13/2019,CWA,WI,AGL,CE,Federal Contract Tower,1,25,4,0,30,0,0,12,0,12,1,25,16,0,42,2,0,2,44
05/14/2019,CWA,WI,AGL,CE,Federal Contract Tower,0,28,1,0,29,0,0,9,0,9,0,28,10,0,38,0,0,0,38
05/15/2019,CWA,WI,AGL,CE,Federal Contract Tower,0,30,1,0,31,0,2,5,0,7,0,32,6,0,38,2,0,2,40
05/16/2019,CWA,WI,AGL,CE,Federal Contract Tower,0,26,8,0,34,0,0,7,0,7,0,26,15,0,41,0,0,0,41
05/17/2019,CWA,WI,AGL,CE,Federal Contract Tower,0,26,2,0,28,0,0,5,0,5,0,26,7,0,33,2,0,2,35
05/18/2019,CWA,WI,AGL,CE,Federal Contract Tower,0,19,4,0,23,0,0,0,0,0,0,19,4,0,23,0,0,0,23
05/19/2019,CWA,WI,AGL,CE,Federal Contract Tower,0,19,1,0,20,0,0,0,0,0,0,19,1,0,20,0,0,0,20
05/20/2019,CWA,WI,AGL,CE,Federal Contract Tower,0,23,6,0,29,0,0,9,0,9,0,23,15,0,38,0,0,0,38
05/21/2019,CWA,WI,AGL,CE,Federal Contract Tower,0,26,1,0,27,0,0,6,0,6,0,26,7,0,33,8,0,8,41
05/22/2019,CWA,WI,AGL,CE,Federal Contract Tower,7,24,2,0,33,0,0,0,0,0,7,24,2,0,33,10,0,10,43
05/23/2019,CWA,WI,AGL,CE,Federal Contract Tower,0,27,10,0,37,0,0,5,0,5,0,27,15,0,42,8,0,8,50
05/24/2019,CWA,WI,AGL,CE,Federal Contract Tower,0,26,3,0,29,0,0,0,0,0,0,26,3,0,29,0,0,0,29
05/25/2019,CWA,WI,AGL,CE,Federal Contract Tower,0,18,1,0,19,0,0,0,0,0,0,18,1,0,19,0,0,0,19
05/26/2019,CWA,WI,AGL,CE,Federal Contract Tower,2,15,2,0,19,0,0,9,0,9,2,15,11,0,28,2,0,2,30
05/27/2019,CWA,WI,AGL,CE,Federal Contract Tower,0,17,4,0,21,0,0,0,0,0,0,17,4,0,21,0,0,0,21
05/28/2019,CWA,WI,AGL,CE,Federal Contract Tower,0,28,3,0,31,0,0,3,0,3,0,28,6,0,34,6,0,6,40
05/29/2019,CWA,WI,AGL,CE,Federal Contract Tower,0,26,2,0,28,0,0,5,0,5,0,26,7,0,33,0,0,0,33
05/30/2019,CWA,WI,AGL,CE,Federal Contract Tower,2,26,2,0,30,0,0,7,0,7,2,26,9,0,37,8,0,8,45
05/31/2019,CWA,WI,AGL,CE,Federal Contract Tower,0,24,2,0,26,0,0,8,0,8,0,24,10,0,34,4,0,4,38
06/01/2019,CWA,WI,AGL,CE,Federal Contract Tower,0,15,8,0,23,0,0,2,0,2,0,15,10,0,25,6,0,6,31
06/02/2019,CWA,WI,AGL,CE,Federal Contract Tower,0,21,1,0,22,0,0,31,0,31,0,21,32,0,53,6,0,6,59
06/03/2019,CWA,WI,AGL,CE,Federal Contract Tower,0,25,3,0,28,0,0,21,2,23,0,25,24,2,51,2,4,6,57
06/04/2019,CWA,WI,AGL,CE,Federal Contract Tower,0,25,6,0,31,0,0,3,0,3,0,25,9,0,34,0,0,0,34
06/05/2019,CWA,WI,AGL,CE,Federal Contract Tower,2,24,12,0,38,0,0,12,0,12,2,24,24,0,50,24,0,24,74
06/06/2019,CWA,WI,AGL,CE,Federal Contract Tower,3,26,6,0,35,0,0,6,0,6,3,26,12,0,41,0,0,0,41
06/07/2019,CWA,WI,AGL,CE,Federal Contract Tower,0,26,2,0,28,0,0,10,0,10,0,26,12,0,38,2,0,2,40
06/08/2019,CWA,WI,AGL,CE,Federal Contract Tower,0,16,0,0,16,0,2,20,0,22,0,18,20,0,38,16,0,16,54
06/09/2019,CWA,WI,AGL,CE,Federal Contract Tower,0,16,1,0,17,0,0,20,0,20,0,16,21,0,37,14,0,14,51
06/10/2019,CWA,WI,AGL,CE,Federal Contract Tower,0,23,2,0,25,0,0,7,0,7,0,23,9,0,32,0,0,0,32
06/11/2019,CWA,WI,AGL,CE,Federal Contract Tower,2,24,0,0,26,0,0,1,0,1,2,24,1,0,27,8,0,8,35
06/12/2019,CWA,WI,AGL,CE,Federal Contract Tower,0,26,3,2,31,0,2,4,0,6,0,28,7,2,37,6,0,6,43
06/13/2019,CWA,WI,AGL,CE,Federal Contract Tower,2,31,6,0,39,0,0,10,0,10,2,31,16,0,49,12,0,12,61
06/14/2019,CWA,WI,AGL,CE,Federal Contract Tower,1,27,4,0,32,0,0,2,0,2,1,27,6,0,34,0,0,0,34
06/15/2019,CWA,WI,AGL,CE,Federal Contract Tower,0,18,2,0,20,0,0,2,0,2,0,18,4,0,22,0,4,4,26
06/16/2019,CWA,WI,AGL,CE,Federal Contract Tower,0,21,0,0,21,0,0,0,0,0,0,21,0,0,21,0,0,0,21
06/17/2019,CWA,WI,AGL,CE,Federal Contract Tower,2,25,2,0,29,0,0,6,0,6,2,25,8,0,35,8,0,8,43
06/18/2019,CWA,WI,AGL,CE,Federal Contract Tower,0,23,1,0,24,0,0,10,0,10,0,23,11,0,34,4,0,4,38
06/19/2019,CWA,WI,AGL,CE,Federal Contract Tower,0,27,5,0,32,0,0,24,0,24,0,27,29,0,56,4,0,4,60
06/20/2019,CWA,WI,AGL,CE,Federal Contract Tower,0,32,1,0,33,0,0,14,0,14,0,32,15,0,47,38,0,38,85
06/21/2019,CWA,WI,AGL,CE,Federal Contract Tower,0,28,2,0,30,0,0,11,6,17,0,28,13,6,47,4,2,6,53
06/22/2019,CWA,WI,AGL,CE,Federal Contract Tower,0,16,0,0,16,0,5,8,1,14,0,21,8,1,30,6,0,6,36
06/23/2019,CWA,WI,AGL,CE,Federal Contract Tower,0,20,7,0,27,0,0,0,0,0,0,20,7,0,27,0,0,0,27
06/24/2019,CWA,WI,AGL,CE,Federal Contract Tower,0,25,3,0,28,0,0,2,0,2,0,25,5,0,30,0,0,0,30
06/25/2019,CWA,WI,AGL,CE,Federal Contract Tower,0,25,6,0,31,0,0,10,0,10,0,25,16,0,41,2,0,2,43
06/26/2019,CWA,WI,AGL,CE,Federal Contract Tower,0,29,4,1,34,0,0,22,1,23,0,29,26,2,57,0,0,0,57
06/27/2019,CWA,WI,AGL,CE,Federal Contract Tower,2,27,7,0,36,0,0,2,0,2,2,27,9,0,38,0,0,0,38
06/28/2019,CWA,WI,AGL,CE,Federal Contract Tower,0,27,3,0,30,0,6,0,0,6,0,33,3,0,36,8,0,8,44
06/29/2019,CWA,WI,AGL,CE,Federal Contract Tower,0,14,1,0,15,0,0,30,0,30,0,14,31,0,45,18,0,18,63
06/30/2019,CWA,WI,AGL,CE,Federal Contract Tower,0,16,2,0,18,0,0,5,0,5,0,16,7,0,23,16,0,16,39
07/01/2019,CWA,WI,AGL,CE,Federal Contract Tower,0,17,4,2,23,0,0,18,1,19,0,17,22,3,42,22,0,22,64
07/02/2019,CWA,WI,AGL,CE,Federal Contract Tower,0,18,5,0,23,0,0,12,0,12,0,18,17,0,35,26,0,26,61
07/03/2019,CWA,WI,AGL,CE,Federal Contract Tower,0,19,3,0,22,0,3,11,0,14,0,22,14,0,36,14,0,14,50
07/04/2019,CWA,WI,AGL,CE,Federal Contract Tower,0,13,4,0,17,0,0,8,0,8,0,13,12,0,25,8,0,8,33
07/05/2019,CWA,WI,AGL,CE,Federal Contract Tower,0,18,2,0,20,0,0,7,0,7,0,18,9,0,27,10,0,10,37
07/06/2019,CWA,WI,AGL,CE,Federal Contract Tower,0,17,3,0,20,0,0,7,0,7,0,17,10,0,27,10,0,10,37
07/07/2019,CWA,WI,AGL,CE,Federal Contract Tower,0,22,5,0,27,0,0,23,0,23,0,22,28,0,50,46,0,46,96
07/08/2019,CWA,WI,AGL,CE,Federal Contract Tower,0,19,13,0,32,0,0,21,0,21,0,19,34,0,53,32,0,32,85
07/09/2019,CWA,WI,AGL,CE,Federal Contract Tower,0,27,7,2,36,0,0,11,0,11,0,27,18,2,47,14,18,32,79
07/10/2019,CWA,WI,AGL,CE,Federal Contract Tower,0,26,0,0,26,0,0,5,0,5,0,26,5,0,31,0,0,0,31
07/11/2019,CWA,WI,AGL,CE,Federal Contract Tower,0,26,10,0,36,0,0,14,0,14,0,26,24,0,50,14,0,14,64
07/12/2019,CWA,WI,AGL,CE,Federal Contract Tower,0,30,2,0,32,0,0,20,0,20,0,30,22,0,52,10,0,10,62
07/13/2019,CWA,WI,AGL,CE,Federal Contract Tower,0,19,2,0,21,0,0,16,0,16,0,19,18,0,37,44,0,44,81
07/14/2019,CWA,WI,AGL,CE,Federal Contract Tower,0,20,12,0,32,0,0,17,0,17,0,20,29,0,49,34,0,34,83
07/15/2019,CWA,WI,AGL,CE,Federal Contract Tower,0,21,5,0,26,0,0,10,0,10,0,21,15,0,36,0,0,0,36
07/16/2019,CWA,WI,AGL,CE,Federal Contract Tower,0,24,7,0,31,0,0,2,0,2,0,24,9,0,33,0,0,0,33
07/17/2019,CWA,WI,AGL,CE,Federal Contract Tower,0,25,5,0,30,0,0,7,0,7,0,25,12,0,37,0,0,0,37
07/18/2019,CWA,WI,AGL,CE,Federal Contract Tower,0,25,5,0,30,0,0,7,0,7,0,25,12,0,37,18,0,18,55
07/19/2019,CWA,WI,AGL,CE,Federal Contract Tower,0,20,2,0,22,0,0,13,0,13,0,20,15,0,35,8,0,8,43
07/20/2019,CWA,WI,AGL,CE,Federal Contract Tower,0,13,0,0,13,0,0,1,0,1,0,13,1,0,14,0,0,0,14
07/21/2019,CWA,WI,AGL,CE,Federal Contract Tower,0,20,2,0,22,0,0,24,0,24,0,20,26,0,46,0,0,0,46
07/22/2019,CWA,WI,AGL,CE,Federal Contract Tower,2,24,7,0,33,0,0,42,0,42,2,24,49,0,75,26,0,26,101
07/23/2019,CWA,WI,AGL,CE,Federal Contract Tower,0,27,5,0,32,0,0,4,0,4,0,27,9,0,36,0,0,0,36
07/24/2019,CWA,WI,AGL,CE,Federal Contract Tower,0,26,3,0,29,0,0,4,0,4,0,26,7,0,33,0,0,0,33
07/25/2019,CWA,WI,AGL,CE,Federal Contract Tower,0,31,8,0,39,0,0,30,0,30,0,31,38,0,69,44,0,44,113
07/26/2019,CWA,WI,AGL,CE,Federal Contract Tower,2,24,7,0,33,0,0,4,0,4,2,24,11,0,37,0,0,0,37
07/27/2019,CWA,WI,AGL,CE,Federal Contract Tower,0,19,2,0,21,0,0,6,0,6,0,19,8,0,27,0,0,0,27
07/28/2019,CWA,WI,AGL,CE,Federal Contract Tower,0,21,5,0,26,0,0,9,0,9,0,21,14,0,35,2,0,2,37
07/29/2019,CWA,WI,AGL,CE,Federal Contract Tower,0,22,10,0,32,0,0,1,0,1,0,22,11,0,33,0,0,0,33
07/30/2019,CWA,WI,AGL,CE,Federal Contract Tower,0,27,0,0,27,0,0,8,0,8,0,27,8,0,35,8,0,8,43
07/31/2019,CWA,WI,AGL,CE,Federal Contract Tower,0,26,10,0,36,0,0,15,0,15,0,26,25,0,51,2,0,2,53
08/01/2019,CWA,WI,AGL,CE,Federal Contract Tower,2,27,8,0,37,0,0,11,0,11,2,27,19,0,48,0,0,0,48
08/02/2019,CWA,WI,AGL,CE,Federal Contract Tower,0,28,3,0,31,0,0,4,0,4,0,28,7,0,35,0,0,0,35
08/03/2019,CWA,WI,AGL,CE,Federal Contract Tower,0,19,2,0,21,0,0,13,0,13,0,19,15,0,34,2,0,2,36
08/04/2019,CWA,WI,AGL,CE,Federal Contract Tower,0,20,5,0,25,0,0,2,0,2,0,20,7,0,27,0,0,0,27
08/05/2019,CWA,WI,AGL,CE,Federal Contract Tower,3,25,4,0,32,0,0,4,0,4,3,25,8,0,36,4,0,4,40
08/06/2019,CWA,WI,AGL,CE,Federal Contract Tower,0,27,8,0,35,0,0,8,0,8,0,27,16,0,43,2,0,2,45
08/07/2019,CWA,WI,AGL,CE,Federal Contract Tower,0,27,2,0,29,0,0,6,0,6,0,27,8,0,35,2,0,2,37
08/08/2019,CWA,WI,AGL,CE,Federal Contract Tower,2,27,5,0,34,0,0,16,0,16,2,27,21,0,50,6,0,6,56
08/09/2019,CWA,WI,AGL,CE,Federal Contract Tower,0,24,4,0,28,0,0,10,0,10,0,24,14,0,38,0,0,0,38
08/10/2019,CWA,WI,AGL,CE,Federal Contract Tower,0,18,2,0,20,0,0,8,0,8,0,18,10,0,28,0,0,0,28
08/11/2019,CWA,WI,AGL,CE,Federal Contract Tower,0,24,2,0,26,0,0,1,0,1,0,24,3,0,27,0,0,0,27
08/12/2019,CWA,WI,AGL,CE,Federal Contract Tower,0,24,1,0,25,0,0,0,0,0,0,24,1,0,25,0,0,0,25
08/13/2019,CWA,WI,AGL,CE,Federal Contract Tower,0,26,4,0,30,0,0,9,0,9,0,26,13,0,39,14,0,14,53
08/14/2019,CWA,WI,AGL,CE,Federal Contract Tower,0,27,3,0,30,0,0,11,0,11,0,27,14,0,41,0,0,0,41
08/15/2019,CWA,WI,AGL,CE,Federal Contract Tower,0,25,0,0,25,0,0,4,0,4,0,25,4,0,29,0,0,0,29
08/16/2019,CWA,WI,AGL,CE,Federal Contract Tower,0,28,4,0,32,0,0,0,0,0,0,28,4,0,32,0,0,0,32
08/17/2019,CWA,WI,AGL,CE,Federal Contract Tower,0,18,4,0,22,0,0,9,0,9,0,18,13,0,31,2,0,2,33
08/18/2019,CWA,WI,AGL,CE,Federal Contract Tower,0,16,7,0,23,0,0,0,0,0,0,16,7,0,23,0,0,0,23
08/19/2019,CWA,WI,AGL,CE,Federal Contract Tower,0,26,3,0,29,0,0,6,0,6,0,26,9,0,35,8,0,8,43
08/20/2019,CWA,WI,AGL,CE,Federal Contract Tower,2,24,4,0,30,0,0,13,0,13,2,24,17,0,43,10,0,10,53
08/21/2019,CWA,WI,AGL,CE,Federal Contract Tower,0,27,3,0,30,0,0,4,2,6,0,27,7,2,36,2,0,2,38
08/22/2019,CWA,WI,AGL,CE,Federal Contract Tower,0,27,9,0,36,0,0,5,0,5,0,27,14,0,41,0,0,0,41
08/23/2019,CWA,WI,AGL,CE,Federal Contract Tower,0,29,5,0,34,0,0,8,0,8,0,29,13,0,42,4,0,4,46
08/24/2019,CWA,WI,AGL,CE,Federal Contract Tower,0,19,0,0,19,0,0,9,0,9,0,19,9,0,28,0,0,0,28
08/25/2019,CWA,WI,AGL,CE,Federal Contract Tower,0,19,3,0,22,0,0,6,2,8,0,19,9,2,30,2,0,2,32
08/26/2019,CWA,WI,AGL,CE,Federal Contract Tower,0,20,3,0,23,0,0,0,0,0,0,20,3,0,23,0,0,0,23
08/27/2019,CWA,WI,AGL,CE,Federal Contract Tower,0,26,10,0,36,0,0,10,0,10,0,26,20,0,46,0,0,0,46
08/28/2019,CWA,WI,AGL,CE,Federal Contract Tower,0,24,7,0,31,0,0,4,0,4,0,24,11,0,35,0,0,0,35
08/29/2019,CWA,WI,AGL,CE,Federal Contract Tower,0,28,1,0,29,0,10,3,0,13,0,38,4,0,42,0,0,0,42
08/30/2019,CWA,WI,AGL,CE,Federal Contract Tower,0,24,4,0,28,0,0,10,0,10,0,24,14,0,38,4,0,4,42
08/31/2019,CWA,WI,AGL,CE,Federal Contract Tower,0,13,2,0,15,0,0,10,0,10,0,13,12,0,25,0,0,0,25
09/01/2019,CWA,WI,AGL,CE,Federal Contract Tower,0,12,2,0,14,0,0,8,0,8,0,12,10,0,22,6,0,6,28
09/02/2019,CWA,WI,AGL,CE,Federal Contract Tower,0,19,7,0,26,0,0,4,0,4,0,19,11,0,30,0,0,0,30
09/03/2019,CWA,WI,AGL,CE,Federal Contract Tower,2,26,3,0,31,0,0,0,0,0,2,26,3,0,31,0,0,0,31
09/04/2019,CWA,WI,AGL,CE,Federal Contract Tower,0,26,7,0,33,0,0,9,0,9,0,26,16,0,42,10,0,10,52
09/05/2019,CWA,WI,AGL,CE,Federal Contract Tower,0,26,4,0,30,0,0,6,0,6,0,26,10,0,36,6,0,6,42
09/06/2019,CWA,WI,AGL,CE,Federal Contract Tower,2,24,2,0,28,0,0,6,0,6,2,24,8,0,34,12,0,12,46
09/07/2019,CWA,WI,AGL,CE,Federal Contract Tower,0,18,3,0,21,0,0,17,0,17,0,18,20,0,38,22,0,22,60
09/08/2019,CWA,WI,AGL,CE,Federal Contract Tower,0,21,1,0,22,0,0,3,0,3,0,21,4,0,25,2,0,2,27
09/09/2019,CWA,WI,AGL,CE,Federal Contract Tower,2,24,7,0,33,0,0,0,0,0,2,24,7,0,33,0,0,0,33
09/10/2019,CWA,WI,AGL,CE,Federal Contract Tower,0,27,4,0,31,0,0,2,0,2,0,27,6,0,33,0,0,0,33
09/11/2019,CWA,WI,AGL,CE,Federal Contract Tower,0,24,6,0,30,0,0,0,0,0,0,24,6,0,30,0,0,0,30
09/12/2019,CWA,WI,AGL,CE,Federal Contract Tower,0,25,0,0,25,0,0,0,0,0,0,25,0,0,25,0,0,0,25
09/13/2019,CWA,WI,AGL,CE,Federal Contract Tower,0,31,4,0,35,0,0,0,0,0,0,31,4,0,35,0,0,0,35
09/14/2019,CWA,WI,AGL,CE,Federal Contract Tower,0,18,0,0,18,0,0,15,0,15,0,18,15,0,33,28,0,28,61
09/15/2019,CWA,WI,AGL,CE,Federal Contract Tower,0,24,2,0,26,0,0,2,0,2,0,24,4,0,28,0,0,0,28
09/16/2019,CWA,WI,AGL,CE,Federal Contract Tower,0,26,0,0,26,0,0,13,0,13,0,26,13,0,39,6,0,6,45
09/17/2019,CWA,WI,AGL,CE,Federal Contract Tower,0,26,7,0,33,0,0,3,0,3,0,26,10,0,36,0,0,0,36
09/18/2019,CWA,WI,AGL,CE,Federal Contract Tower,0,26,0,0,26,0,0,8,0,8,0,26,8,0,34,0,0,0,34
09/19/2019,CWA,WI,AGL,CE,Federal Contract Tower,0,31,1,0,32,0,0,3,0,3,0,31,4,0,35,6,0,6,41
09/20/2019,CWA,WI,AGL,CE,Federal Contract Tower,0,25,5,0,30,0,0,6,0,6,0,25,11,0,36,24,0,24,60
09/21/2019,CWA,WI,AGL,CE,Federal Contract Tower,0,20,0,0,20,0,0,0,0,0,0,20,0,0,20,0,0,0,20
09/22/2019,CWA,WI,AGL,CE,Federal Contract Tower,0,20,2,0,22,0,0,2,0,2,0,20,4,0,24,0,0,0,24
09/23/2019,CWA,WI,AGL,CE,Federal Contract Tower,0,26,6,2,34,0,0,6,0,6,0,26,12,2,40,6,2,8,48
09/24/2019,CWA,WI,AGL,CE,Federal Contract Tower,2,22,7,0,31,0,0,15,0,15,2,22,22,0,46,4,0,4,50
09/25/2019,CWA,WI,AGL,CE,Federal Contract Tower,0,28,4,0,32,0,0,1,0,1,0,28,5,0,33,0,0,0,33
09/26/2019,CWA,WI,AGL,CE,Federal Contract Tower,0,27,4,0,31,0,0,12,2,14,0,27,16,2,45,6,0,6,51
09/27/2019,CWA,WI,AGL,CE,Federal Contract Tower,0,15,17,0,32,0,0,2,0,2,0,15,19,0,34,0,0,0,34
09/28/2019,CWA,WI,AGL,CE,Federal Contract Tower,0,17,4,0,21,0,0,22,0,22,0,17,26,0,43,24,0,24,67
09/29/2019,CWA,WI,AGL,CE,Federal Contract Tower,0,22,3,0,25,0,0,0,0,0,0,22,3,0,25,0,0,0,25
09/30/2019,CWA,WI,AGL,CE,Federal Contract Tower,0,25,2,0,27,0,0,0,0,0,0,25,2,0,27,0,0,0,27
10/01/2019,CWA,WI,AGL,CE,Federal Contract Tower,0,27,3,0,30,0,0,0,0,0,0,27,3,0,30,0,0,0,30
10/02/2019,CWA,WI,AGL,CE,Federal Contract Tower,0,25,7,0,32,0,0,2,0,2,0,25,9,0,34,16,0,16,50
10/03/2019,CWA,WI,AGL,CE,Federal Contract Tower,0,29,4,1,34,0,0,2,0,2,0,29,6,1,36,10,0,10,46
10/04/2019,CWA,WI,AGL,CE,Federal Contract Tower,0,27,8,0,35,0,0,3,0,3,0,27,11,0,38,10,0,10,48
10/05/2019,CWA,WI,AGL,CE,Federal Contract Tower,0,20,0,0,20,0,0,0,0,0,0,20,0,0,20,0,0,0,20
10/06/2019,CWA,WI,AGL,CE,Federal Contract Tower,0,21,4,0,25,0,0,28,0,28,0,21,32,0,53,10,0,10,63
10/07/2019,CWA,WI,AGL,CE,Federal Contract Tower,0,26,3,0,29,0,0,27,0,27,0,26,30,0,56,54,0,54,110
10/08/2019,CWA,WI,AGL,CE,Federal Contract Tower,2,30,7,0,39,0,0,19,0,19,2,30,26,0,58,28,0,28,86
10/09/2019,CWA,WI,AGL,CE,Federal Contract Tower,0,25,7,0,32,0,0,12,0,12,0,25,19,0,44,22,0,22,66
10/10/2019,CWA,WI,AGL,CE,Federal Contract Tower,0,27,7,0,34,0,0,11,0,11,0,27,18,0,45,2,0,2,47
10/11/2019,CWA,WI,AGL,CE,Federal Contract Tower,2,24,1,0,27,0,0,0,0,0,2,24,1,0,27,0,0,0,27
10/12/2019,CWA,WI,AGL,CE,Federal Contract Tower,0,18,0,0,18,0,0,4,0,4,0,18,4,0,22,0,0,0,22
10/13/2019,CWA,WI,AGL,CE,Federal Contract Tower,0,20,2,0,22,0,0,0,0,0,0,20,2,0,22,0,0,0,22
10/14/2019,CWA,WI,AGL,CE,Federal Contract Tower,0,24,4,0,28,0,0,7,0,7,0,24,11,0,35,10,0,10,45
10/15/2019,CWA,WI,AGL,CE,Federal Contract Tower,0,27,0,0,27,0,0,0,0,0,0,27,0,0,27,0,0,0,27
10/16/2019,CWA,WI,AGL,CE,Federal Contract Tower,0,27,1,0,28,0,0,0,0,0,0,27,1,0,28,0,0,0,28
10/17/2019,CWA,WI,AGL,CE,Federal Contract Tower,2,29,1,0,32,0,0,10,0,10,2,29,11,0,42,12,0,12,54
10/18/2019,CWA,WI,AGL,CE,Federal Contract Tower,0,28,1,0,29,0,0,6,0,6,0,28,7,0,35,2,0,2,37
10/19/2019,CWA,WI,AGL,CE,Federal Contract Tower,0,17,2,0,19,0,0,6,0,6,0,17,8,0,25,0,0,0,25
10/20/2019,CWA,WI,AGL,CE,Federal Contract Tower,0,21,2,0,23,0,0,7,0,7,0,21,9,0,30,24,0,24,54
10/21/2019,CWA,WI,AGL,CE,Federal Contract Tower,3,24,1,0,28,0,0,0,0,0,3,24,1,0,28,0,0,0,28
10/22/2019,CWA,WI,AGL,CE,Federal Contract Tower,0,28,3,0,31,0,0,0,0,0,0,28,3,0,31,0,0,0,31
10/23/2019,CWA,WI,AGL,CE,Federal Contract Tower,0,30,5,0,35,0,0,6,0,6,0,30,11,0,41,8,0,8,49
10/24/2019,CWA,WI,AGL,CE,Federal Contract Tower,0,31,6,0,37,0,0,4,0,4,0,31,10,0,41,0,0,0,41
10/25/2019,CWA,WI,AGL,CE,Federal Contract Tower,0,26,6,0,32,0,2,14,0,16,0,28,20,0,48,14,0,14,62
10/26/2019,CWA,WI,AGL,CE,Federal Contract Tower,0,18,0,0,18,0,0,15,0,15,0,18,15,0,33,0,0,0,33
10/27/2019,CWA,WI,AGL,CE,Federal Contract Tower,0,19,0,0,19,0,0,14,0,14,0,19,14,0,33,8,0,8,41
10/28/2019,CWA,WI,AGL,CE,Federal Contract Tower,0,22,3,0,25,0,0,11,0,11,0,22,14,0,36,22,0,22,58
10/29/2019,CWA,WI,AGL,CE,Federal Contract Tower,0,26,1,0,27,0,0,7,0,7,0,26,8,0,34,6,0,6,40
10/30/2019,CWA,WI,AGL,CE,Federal Contract Tower,2,25,5,0,32,0,0,17,0,17,2,25,22,0,49,6,0,6,55
10/31/2019,CWA,WI,AGL,CE,Federal Contract Tower,1,23,4,0,28,0,0,8,0,8,1,23,12,0,36,10,0,10,46
11/01/2019,CWA,WI,AGL,CE,Federal Contract Tower,0,25,4,0,29,0,0,2,0,2,0,25,6,0,31,0,0,0,31
11/02/2019,CWA,WI,AGL,CE,Federal Contract Tower,0,22,0,0,22,0,0,2,0,2,0,22,2,0,24,4,0,4,28
11/03/2019,CWA,WI,AGL,CE,Federal Contract Tower,2,21,3,0,26,0,0,6,0,6,2,21,9,0,32,0,0,0,32
11/04/2019,CWA,WI,AGL,CE,Federal Contract Tower,0,25,6,0,31,0,1,1,0,2,0,26,7,0,33,0,0,0,33
11/05/2019,CWA,WI,AGL,CE,Federal Contract Tower,0,27,5,0,32,0,2,4,0,6,0,29,9,0,38,4,0,4,42
11/06/2019,CWA,WI,AGL,CE,Federal Contract Tower,0,17,10,0,27,0,0,0,0,0,0,17,10,0,27,0,0,0,27
11/07/2019,CWA,WI,AGL,CE,Federal Contract Tower,0,26,3,0,29,0,0,9,0,9,0,26,12,0,38,0,0,0,38
11/08/2019,CWA,WI,AGL,CE,Federal Contract Tower,0,19,10,0,29,0,0,6,0,6,0,19,16,0,35,0,0,0,35
11/09/2019,CWA,WI,AGL,CE,Federal Contract Tower,0,20,3,0,23,0,0,6,0,6,0,20,9,0,29,8,0,8,37
11/10/2019,CWA,WI,AGL,CE,Federal Contract Tower,0,22,3,0,25,0,0,0,0,0,0,22,3,0,25,0,0,0,25
11/11/2019,CWA,WI,AGL,CE,Federal Contract Tower,0,16,4,0,20,0,0,5,0,5,0,16,9,0,25,0,0,0,25
11/12/2019,CWA,WI,AGL,CE,Federal Contract Tower,4,22,6,0,32,0,0,10,0,10,4,22,16,0,42,4,0,4,46
11/13/2019,CWA,WI,AGL,CE,Federal Contract Tower,0,21,9,0,30,0,0,0,0,0,0,21,9,0,30,0,0,0,30
11/14/2019,CWA,WI,AGL,CE,Federal Contract Tower,0,13,18,0,31,0,4,0,0,4,0,17,18,0,35,0,0,0,35
11/15/2019,CWA,WI,AGL,CE,Federal Contract Tower,0,26,2,0,28,0,0,8,0,8,0,26,10,0,36,8,0,8,44
11/16/2019,CWA,WI,AGL,CE,Federal Contract Tower,0,22,4,0,26,0,1,8,0,9,0,23,12,0,35,12,0,12,47
11/17/2019,CWA,WI,AGL,CE,Federal Contract Tower,0,21,0,0,21,0,0,0,0,0,0,21,0,0,21,0,0,0,21
11/18/2019,CWA,WI,AGL,CE,Federal Contract Tower,0,26,0,0,26,0,1,0,0,1,0,27,0,0,27,0,0,0,27
11/19/2019,CWA,WI,AGL,CE,Federal Contract Tower,0,28,4,0,32,0,0,0,0,0,0,28,4,0,32,0,0,0,32
11/20/2019,CWA,WI,AGL,CE,Federal Contract Tower,0,28,0,3,31,0,1,0,0,1,0,29,0,3,32,0,6,6,38
11/21/2019,CWA,WI,AGL,CE,Federal Contract Tower,0,28,3,0,31,0,0,0,0,0,0,28,3,0,31,0,0,0,31
11/22/2019,CWA,WI,AGL,CE,Federal Contract Tower,2,29,6,0,37,0,0,7,0,7,2,29,13,0,44,4,0,4,48
11/23/2019,CWA,WI,AGL,CE,Federal Contract Tower,0,18,0,0,18,0,0,14,0,14,0,18,14,0,32,0,0,0,32
11/24/2019,CWA,WI,AGL,CE,Federal Contract Tower,0,20,1,0,21,0,0,8,0,8,0,20,9,0,29,4,0,4,33
11/25/2019,CWA,WI,AGL,CE,Federal Contract Tower,0,23,4,0,27,0,0,1,0,1,0,23,5,0,28,0,0,0,28
11/26/2019,CWA,WI,AGL,CE,Federal Contract Tower,0,24,5,0,29,0,0,4,0,4,0,24,9,0,33,14,0,14,47
11/27/2019,CWA,WI,AGL,CE,Federal Contract Tower,0,28,2,0,30,0,0,0,0,0,0,28,2,0,30,0,0,0,30
11/28/2019,CWA,WI,AGL,CE,Federal Contract Tower,0,13,2,0,15,0,0,0,0,0,0,13,2,0,15,0,0,0,15
11/29/2019,CWA,WI,AGL,CE,Federal Contract Tower,0,16,0,0,16,0,0,0,0,0,0,16,0,0,16,0,0,0,16
11/30/2019,CWA,WI,AGL,CE,Federal Contract Tower,0,17,2,0,19,0,0,0,0,0,0,17,2,0,19,0,0,0,19
12/01/2019,CWA,WI,AGL,CE,Federal Contract Tower,0,23,3,0,26,0,0,0,0,0,0,23,3,0,26,0,0,0,26
12/02/2019,CWA,WI,AGL,CE,Federal Contract Tower,0,25,3,0,28,0,2,14,0,16,0,27,17,0,44,22,0,22,66
12/03/2019,CWA,WI,AGL,CE,Federal Contract Tower,0,26,3,0,29,0,0,6,0,6,0,26,9,0,35,0,0,0,35
12/04/2019,CWA,WI,AGL,CE,Federal Contract Tower,0,26,5,0,31,0,0,14,0,14,0,26,19,0,45,0,0,0,45
12/05/2019,CWA,WI,AGL,CE,Federal Contract Tower,0,26,15,0,41,0,0,14,0,14,0,26,29,0,55,0,0,0,55
12/06/2019,CWA,WI,AGL,CE,Federal Contract Tower,0,25,1,0,26,0,2,11,0,13,0,27,12,0,39,6,0,6,45
12/07/2019,CWA,WI,AGL,CE,Federal Contract Tower,0,17,1,0,18,0,1,20,0,21,0,18,21,0,39,0,4,4,43
12/08/2019,CWA,WI,AGL,CE,Federal Contract Tower,0,21,8,0,29,0,0,8,0,8,0,21,16,0,37,10,0,10,47
12/09/2019,CWA,WI,AGL,CE,Federal Contract Tower,2,23,5,0,30,0,0,0,0,0,2,23,5,0,30,0,0,0,30
12/10/2019,CWA,WI,AGL,CE,Federal Contract Tower,0,28,1,0,29,0,0,6,0,6,0,28,7,0,35,8,0,8,43
12/11/2019,CWA,WI,AGL,CE,Federal Contract Tower,2,28,2,0,32,0,0,9,0,9,2,28,11,0,41,2,0,2,43
12/12/2019,CWA,WI,AGL,CE,Federal Contract Tower,0,23,8,0,31,0,0,0,0,0,0,23,8,0,31,0,0,0,31
12/13/2019,CWA,WI,AGL,CE,Federal Contract Tower,0,28,3,0,31,0,2,0,0,2,0,30,3,0,33,0,0,0,33
12/14/2019,CWA,WI,AGL,CE,Federal Contract Tower,2,15,0,0,17,0,0,0,0,0,2,15,0,0,17,0,0,0,17
12/15/2019,CWA,WI,AGL,CE,Federal Contract Tower,0,18,1,0,19,0,5,2,0,7,0,23,3,0,26,12,0,12,38
12/16/2019,CWA,WI,AGL,CE,Federal Contract Tower,0,26,1,0,27,0,1,2,0,3,0,27,3,0,30,0,0,0,30
12/17/2019,CWA,WI,AGL,CE,Federal Contract Tower,0,29,5,0,34,0,0,0,0,0,0,29,5,0,34,0,0,0,34
12/18/2019,CWA,WI,AGL,CE,Federal Contract Tower,0,26,4,0,30,0,0,9,0,9,0,26,13,0,39,0,0,0,39
12/19/2019,CWA,WI,AGL,CE,Federal Contract Tower,0,28,2,0,30,0,0,9,0,9,0,28,11,0,39,6,0,6,45
12/20/2019,CWA,WI,AGL,CE,Federal Contract Tower,0,28,2,0,30,0,1,0,0,1,0,29,2,0,31,0,0,0,31
12/21/2019,CWA,WI,AGL,CE,Federal Contract Tower,0,20,6,0,26,0,0,12,0,12,0,20,18,0,38,32,0,32,70
12/22/2019,CWA,WI,AGL,CE,Federal Contract Tower,0,17,2,0,19,0,2,26,0,28,0,19,28,0,47,24,0,24,71
12/23/2019,CWA,WI,AGL,CE,Federal Contract Tower,0,25,7,0,32,0,1,8,0,9,0,26,15,0,41,4,0,4,45
12/24/2019,CWA,WI,AGL,CE,Federal Contract Tower,0,6,1,0,7,0,0,0,0,0,0,6,1,0,7,0,0,0,7
12/25/2019,CWA,WI,AGL,CE,Federal Contract Tower,0,2,1,0,3,0,0,0,0,0,0,2,1,0,3,0,0,0,3
12/26/2019,CWA,WI,AGL,CE,Federal Contract Tower,0,20,5,0,25,0,0,0,0,0,0,20,5,0,25,0,0,0,25
12/27/2019,CWA,WI,AGL,CE,Federal Contract Tower,0,24,0,0,24,0,5,0,0,5,0,29,0,0,29,22,0,22,51
12/28/2019,CWA,WI,AGL,CE,Federal Contract Tower,0,19,0,0,19,0,0,0,0,0,0,19,0,0,19,0,0,0,19
12/29/2019,CWA,WI,AGL,CE,Federal Contract Tower,0,13,2,0,15,0,0,0,0,0,0,13,2,0,15,0,0,0,15
12/30/2019,CWA,WI,AGL,CE,Federal Contract Tower,0,23,2,0,25,0,0,0,0,0,0,23,2,0,25,0,0,0,25
12/31/2019,CWA,WI,AGL,CE,Federal Contract Tower,0,23,5,0,28,0,1,6,0,7,0,24,11,0,35,0,0,0,35
01/01/2020,CWA,WI,AGL,CE,Federal Contract Tower,0,17,2,0,19,0,0,8,0,8,0,17,10,0,27,0,0,0,27
01/02/2020,CWA,WI,AGL,CE,Federal Contract Tower,0,25,2,0,27,0,0,0,0,0,0,25,2,0,27,0,0,0,27
01/03/2020,CWA,WI,AGL,CE,Federal Contract Tower,0,23,3,0,26,0,0,0,0,0,0,23,3,0,26,0,0,0,26
01/04/2020,CWA,WI,AGL,CE,Federal Contract Tower,3,18,1,0,22,0,1,4,0,5,3,19,5,0,27,0,0,0,27
01/05/2020,CWA,WI,AGL,CE,Federal Contract Tower,2,15,1,0,18,0,1,0,0,1,2,16,1,0,19,0,0,0,19
01/06/2020,CWA,WI,AGL,CE,Federal Contract Tower,0,23,1,0,24,0,2,25,0,27,0,25,26,0,51,12,0,12,63
01/07/2020,CWA,WI,AGL,CE,Federal Contract Tower,0,24,3,0,27,0,0,0,0,0,0,24,3,0,27,0,0,0,27
01/08/2020,CWA,WI,AGL,CE,Federal Contract Tower,0,25,3,0,28,0,0,4,0,4,0,25,7,0,32,0,0,0,32
01/09/2020,CWA,WI,AGL,CE,Federal Contract Tower,2,26,0,0,28,0,0,2,0,2,2,26,2,0,30,0,0,0,30
01/10/2020,CWA,WI,AGL,CE,Federal Contract Tower,0,28,4,0,32,0,0,7,0,7,0,28,11,0,39,0,0,0,39
01/11/2020,CWA,WI,AGL,CE,Federal Contract Tower,0,11,2,0,13,0,0,4,0,4,0,11,6,0,17,2,0,2,19
01/12/2020,CWA,WI,AGL,CE,Federal Contract Tower,0,19,4,0,23,0,0,10,0,10,0,19,14,0,33,6,0,6,39
01/13/2020,CWA,WI,AGL,CE,Federal Contract Tower,0,23,6,0,29,0,0,0,0,0,0,23,6,0,29,0,0,0,29
01/14/2020,CWA,WI,AGL,CE,Federal Contract Tower,0,23,2,0,25,0,0,0,0,0,0,23,2,0,25,0,0,0,25
01/15/2020,CWA,WI,AGL,CE,Federal Contract Tower,0,23,0,0,23,0,0,0,0,0,0,23,0,0,23,0,0,0,23
01/16/2020,CWA,WI,AGL,CE,Federal Contract Tower,0,23,5,0,28,0,0,6,0,6,0,23,11,0,34,10,0,10,44
01/17/2020,CWA,WI,AGL,CE,Federal Contract Tower,0,17,4,0,21,0,0,2,0,2,0,17,6,0,23,0,0,0,23
01/18/2020,CWA,WI,AGL,CE,Federal Contract Tower,0,18,1,0,19,0,0,0,0,0,0,18,1,0,19,0,0,0,19
01/19/2020,CWA,WI,AGL,CE,Federal Contract Tower,0,11,1,0,12,0,0,5,0,5,0,11,6,0,17,0,0,0,17
01/20/2020,CWA,WI,AGL,CE,Federal Contract Tower,0,19,7,0,26,0,0,11,0,11,0,19,18,0,37,4,0,4,41
01/21/2020,CWA,WI,AGL,CE,Federal Contract Tower,0,23,5,0,28,0,0,4,0,4,0,23,9,0,32,4,0,4,36
01/22/2020,CWA,WI,AGL,CE,Federal Contract Tower,0,25,5,0,30,0,0,0,0,0,0,25,5,0,30,0,0,0,30
01/23/2020,CWA,WI,AGL,CE,Federal Contract Tower,0,23,2,0,25,0,0,0,0,0,0,23,2,0,25,0,0,0,25
01/24/2020,CWA,WI,AGL,CE,Federal Contract Tower,0,20,6,0,26,0,0,0,0,0,0,20,6,0,26,0,0,0,26
01/25/2020,CWA,WI,AGL,CE,Federal Contract Tower,0,17,1,0,18,0,0,0,0,0,0,17,1,0,18,0,0,0,18
01/26/2020,CWA,WI,AGL,CE,Federal Contract Tower,2,13,1,0,16,0,0,0,0,0,2,13,1,0,16,0,0,0,16
01/27/2020,CWA,WI,AGL,CE,Federal Contract Tower,0,21,6,0,27,0,0,2,0,2,0,21,8,0,29,0,0,0,29
01/28/2020,CWA,WI,AGL,CE,Federal Contract Tower,0,23,8,0,31,0,0,2,0,2,0,23,10,0,33,0,0,0,33
01/29/2020,CWA,WI,AGL,CE,Federal Contract Tower,0,19,2,0,21,0,0,7,0,7,0,19,9,0,28,0,0,0,28
01/30/2020,CWA,WI,AGL,CE,Federal Contract Tower,0,21,3,0,24,0,0,1,0,1,0,21,4,0,25,0,0,0,25
01/31/2020,CWA,WI,AGL,CE,Federal Contract Tower,0,20,0,0,20,0,0,1,0,1,0,20,1,0,21,0,0,0,21
02/01/2020,CWA,WI,AGL,CE,Federal Contract Tower,0,17,2,0,19,0,0,7,0,7,0,17,9,0,26,12,0,12,38
02/02/2020,CWA,WI,AGL,CE,Federal Contract Tower,0,11,2,0,13,0,0,5,0,5,0,11,7,0,18,4,0,4,22
02/03/2020,CWA,WI,AGL,CE,Federal Contract Tower,0,21,1,0,22,0,0,22,2,24,0,21,23,2,46,10,0,10,56
02/04/2020,CWA,WI,AGL,CE,Federal Contract Tower,0,24,3,0,27,0,0,4,0,4,0,24,7,0,31,0,0,0,31
02/05/2020,CWA,WI,AGL,CE,Federal Contract Tower,0,24,4,0,28,0,0,11,0,11,0,24,15,0,39,6,0,6,45
02/06/2020,CWA,WI,AGL,CE,Federal Contract Tower,0,38,2,0,40,0,7,4,0,11,0,45,6,0,51,0,0,0,51
02/07/2020,CWA,WI,AGL,CE,Federal Contract Tower,0,26,2,0,28,0,1,6,0,7,0,27,8,0,35,10,0,10,45
02/08/2020,CWA,WI,AGL,CE,Federal Contract Tower,0,22,0,0,22,0,1,6,0,7,0,23,6,0,29,2,0,2,31
02/09/2020,CWA,WI,AGL,CE,Federal Contract Tower,0,9,0,0,9,0,0,0,0,0,0,9,0,0,9,0,0,0,9
02/10/2020,CWA,WI,AGL,CE,Federal Contract Tower,4,20,8,0,32,0,0,7,0,7,4,20,15,0,39,0,0,0,39
02/11/2020,CWA,WI,AGL,CE,Federal Contract Tower,0,26,6,0,32,0,0,5,0,5,0,26,11,0,37,20,0,20,57
02/12/2020,CWA,WI,AGL,CE,Federal Contract Tower,0,23,1,0,24,0,0,4,0,4,0,23,5,0,28,16,0,16,44
02/13/2020,CWA,WI,AGL,CE,Federal Contract Tower,2,22,0,2,26,0,0,0,0,0,2,22,0,2,26,0,0,0,26
02/14/2020,CWA,WI,AGL,CE,Federal Contract Tower,0,25,7,0,32,0,0,5,0,5,0,25,12,0,37,0,0,0,37
02/15/2020,CWA,WI,AGL,CE,Federal Contract Tower,2,14,3,0,19,0,0,4,0,4,2,14,7,0,23,0,0,0,23
02/16/2020,CWA,WI,AGL,CE,Federal Contract Tower,0,11,0,0,11,0,0,19,0,19,0,11,19,0,30,18,0,18,48
02/17/2020,CWA,WI,AGL,CE,Federal Contract Tower,0,25,2,0,27,0,0,2,0,2,0,25,4,0,29,0,0,0,29
02/18/2020,CWA,WI,AGL,CE,Federal Contract Tower,1,23,7,0,31,0,0,4,0,4,1,23,11,0,35,0,0,0,35
02/19/2020,CWA,WI,AGL,CE,Federal Contract Tower,3,22,7,0,32,0,8,2,0,10,3,30,9,0,42,0,0,0,42
02/20/2020,CWA,WI,AGL,CE,Federal Contract Tower,0,22,3,0,25,0,0,9,0,9,0,22,12,0,34,14,0,14,48
02/21/2020,CWA,WI,AGL,CE,Federal Contract Tower,0,25,5,0,30,0,0,11,0,11,0,25,16,0,41,14,0,14,55
02/22/2020,CWA,WI,AGL,CE,Federal Contract Tower,0,20,1,0,21,0,2,21,0,23,0,22,22,0,44,0,0,0,44
02/23/2020,CWA,WI,AGL,CE,Federal Contract Tower,0,18,2,0,20,0,0,12,0,12,0,18,14,0,32,0,0,0,32
02/24/2020,CWA,WI,AGL,CE,Federal Contract Tower,0,22,1,0,23,0,0,14,0,14,0,22,15,0,37,8,0,8,45
02/25/2020,CWA,WI,AGL,CE,Federal Contract Tower,0,28,1,0,29,0,0,3,0,3,0,28,4,0,32,0,0,0,32
02/26/2020,CWA,WI,AGL,CE,Federal Contract Tower,0,24,6,0,30,0,0,2,0,2,0,24,8,0,32,0,0,0,32
02/27/2020,CWA,WI,AGL,CE,Federal Contract Tower,0,25,5,0,30,0,0,0,0,0,0,25,5,0,30,0,0,0,30
02/28/2020,CWA,WI,AGL,CE,Federal Contract Tower,0,24,6,0,30,0,0,8,0,8,0,24,14,0,38,0,0,0,38
02/29/2020,CWA,WI,AGL,CE,Federal Contract Tower,0,19,1,0,20,0,3,12,0,15,0,22,13,0,35,8,0,8,43
03/01/2020,CWA,WI,AGL,CE,Federal Contract Tower,0,13,6,0,19,0,0,9,0,9,0,13,15,0,28,0,0,0,28
03/02/2020,CWA,WI,AGL,CE,Federal Contract Tower,0,24,2,0,26,0,0,7,0,7,0,24,9,0,33,16,0,16,49
03/03/2020,CWA,WI,AGL,CE,Federal Contract Tower,0,28,4,0,32,0,0,0,0,0,0,28,4,0,32,0,0,0,32
03/04/2020,CWA,WI,AGL,CE,Federal Contract Tower,0,26,0,0,26,0,1,6,0,7,0,27,6,0,33,16,0,16,49
03/05/2020,CWA,WI,AGL,CE,Federal Contract Tower,0,26,3,2,31,0,0,0,0,0,0,26,3,2,31,0,0,0,31
03/06/2020,CWA,WI,AGL,CE,Federal Contract Tower,0,24,6,0,30,0,0,10,0,10,0,24,16,0,40,2,0,2,42
03/07/2020,CWA,WI,AGL,CE,Federal Contract Tower,0,20,0,0,20,0,0,11,0,11,0,20,11,0,31,20,0,20,51
03/08/2020,CWA,WI,AGL,CE,Federal Contract Tower,2,17,3,0,22,0,0,2,0,2,2,17,5,0,24,8,0,8,32
03/09/2020,CWA,WI,AGL,CE,Federal Contract Tower,2,23,1,0,26,0,0,0,0,0,2,23,1,0,26,0,0,0,26
03/10/2020,CWA,WI,AGL,CE,Federal Contract Tower,1,23,5,0,29,0,0,8,0,8,1,23,13,0,37,0,0,0,37
03/11/2020,CWA,WI,AGL,CE,Federal Contract Tower,0,25,1,0,26,0,0,0,0,0,0,25,1,0,26,0,0,0,26
03/12/2020,CWA,WI,AGL,CE,Federal Contract Tower,2,24,4,0,30,0,0,0,0,0,2,24,4,0,30,0,0,0,30
03/13/2020,CWA,WI,AGL,CE,Federal Contract Tower,0,26,4,0,30,0,0,4,0,4,0,26,8,0,34,0,0,0,34
03/14/2020,CWA,WI,AGL,CE,Federal Contract Tower,0,18,3,0,21,0,0,19,0,19,0,18,22,0,40,14,0,14,54
03/15/2020,CWA,WI,AGL,CE,Federal Contract Tower,0,22,3,0,25,0,0,15,0,15,0,22,18,0,40,14,0,14,54
03/16/2020,CWA,WI,AGL,CE,Federal Contract Tower,2,24,0,0,26,0,2,1,0,3,2,26,1,0,29,0,0,0,29
03/17/2020,CWA,WI,AGL,CE,Federal Contract Tower,1,26,3,0,30,0,1,8,0,9,1,27,11,0,39,0,0,0,39
03/18/2020,CWA,WI,AGL,CE,Federal Contract Tower,0,25,0,0,25,0,0,0,0,0,0,25,0,0,25,0,0,0,25
03/19/2020,CWA,WI,AGL,CE,Federal Contract Tower,0,25,0,0,25,0,0,0,0,0,0,25,0,0,25,0,0,0,25
03/20/2020,CWA,WI,AGL,CE,Federal Contract Tower,0,23,0,0,23,0,0,9,0,9,0,23,9,0,32,8,0,8,40
03/21/2020,CWA,WI,AGL,CE,Federal Contract Tower,0,14,5,0,19,0,0,5,0,5,0,14,10,0,24,10,0,10,34
03/22/2020,CWA,WI,AGL,CE,Federal Contract Tower,0,13,0,0,13,0,0,5,0,5,0,13,5,0,18,0,0,0,18
03/23/2020,CWA,WI,AGL,CE,Federal Contract Tower,0,24,0,0,24,0,0,0,0,0,0,24,0,0,24,0,0,0,24
03/24/2020,CWA,WI,AGL,CE,Federal Contract Tower,1,19,0,0,20,0,0,2,0,2,1,19,2,0,22,0,0,0,22
03/25/2020,CWA,WI,AGL,CE,Federal Contract Tower,0,16,4,0,20,0,1,1,0,2,0,17,5,0,22,0,0,0,22
03/26/2020,CWA,WI,AGL,CE,Federal Contract Tower,0,21,1,0,22,0,0,5,0,5,0,21,6,0,27,0,0,0,27
03/27/2020,CWA,WI,AGL,CE,Federal Contract Tower,0,21,10,0,31,0,0,7,0,7,0,21,17,0,38,0,0,0,38
03/28/2020,CWA,WI,AGL,CE,Federal Contract Tower,0,17,0,0,17,0,0,0,0,0,0,17,0,0,17,0,0,0,17
03/29/2020,CWA,WI,AGL,CE,Federal Contract Tower,0,10,0,0,10,0,0,0,0,0,0,10,0,0,10,0,0,0,10
03/30/2020,CWA,WI,AGL,CE,Federal Contract Tower,0,16,0,0,16,0,0,3,2,5,0,16,3,2,21,0,0,0,21
03/31/2020,CWA,WI,AGL,CE,Federal Contract Tower,0,19,0,0,19,0,0,2,0,2,0,19,2,0,21,0,0,0,21
04/01/2020,CWA,WI,AGL,CE,Federal Contract Tower,0,17,0,0,17,0,0,4,0,4,0,17,4,0,21,0,0,0,21
04/02/2020,CWA,WI,AGL,CE,Federal Contract Tower,0,20,0,0,20,0,0,4,0,4,0,20,4,0,24,8,0,8,32
04/03/2020,CWA,WI,AGL,CE,Federal Contract Tower,0,13,0,0,13,0,0,3,0,3,0,13,3,0,16,0,0,0,16
04/04/2020,CWA,WI,AGL,CE,Federal Contract Tower,0,12,1,0,13,0,0,10,2,12,0,12,11,2,25,0,4,4,29
04/05/2020,CWA,WI,AGL,CE,Federal Contract Tower,0,7,0,0,7,0,0,19,0,19,0,7,19,0,26,0,0,0,26
04/06/2020,CWA,WI,AGL,CE,Federal Contract Tower,0,9,0,0,9,0,0,6,0,6,0,9,6,0,15,13,0,13,28
04/07/2020,CWA,WI,AGL,CE,Federal Contract Tower,0,15,0,0,15,0,0,0,0,0,0,15,0,0,15,0,0,0,15
04/08/2020,CWA,WI,AGL,CE,Federal Contract Tower,0,16,1,0,17,0,0,1,0,1,0,16,2,0,18,0,0,0,18
04/09/2020,CWA,WI,AGL,CE,Federal Contract Tower,0,13,0,0,13,0,0,0,0,0,0,13,0,0,13,6,0,6,19
04/10/2020,CWA,WI,AGL,CE,Federal Contract Tower,0,14,4,0,18,0,0,7,0,7,0,14,11,0,25,16,0,16,41
04/11/2020,CWA,WI,AGL,CE,Federal Contract Tower,0,8,3,0,11,0,0,13,0,13,0,8,16,0,24,0,0,0,24
04/12/2020,CWA,WI,AGL,CE,Federal Contract Tower,0,3,0,0,3,0,0,0,0,0,0,3,0,0,3,0,0,0,3
04/13/2020,CWA,WI,AGL,CE,Federal Contract Tower,0,9,0,0,9,0,0,0,0,0,0,9,0,0,9,0,0,0,9
04/14/2020,CWA,WI,AGL,CE,Federal Contract Tower,0,14,3,0,17,0,0,2,0,2,0,14,5,0,19,0,0,0,19
04/15/2020,CWA,WI,AGL,CE,Federal Contract Tower,0,14,0,0,14,0,1,4,0,5,0,15,4,0,19,0,0,0,19
04/16/2020,CWA,WI,AGL,CE,Federal Contract Tower,0,14,0,0,14,0,0,6,0,6,0,14,6,0,20,4,0,4,24
04/17/2020,CWA,WI,AGL,CE,Federal Contract Tower,0,6,7,0,13,0,0,15,0,15,0,6,22,0,28,4,0,4,32
04/18/2020,CWA,WI,AGL,CE,Federal Contract Tower,0,8,0,0,8,0,0,0,0,0,0,8,0,0,8,0,0,0,8
04/19/2020,CWA,WI,AGL,CE,Federal Contract Tower,0,6,0,0,6,0,0,10,0,10,0,6,10,0,16,6,0,6,22
04/20/2020,CWA,WI,AGL,CE,Federal Contract Tower,0,12,0,0,12,0,0,1,0,1,0,12,1,0,13,0,0,0,13
04/21/2020,CWA,WI,AGL,CE,Federal Contract Tower,0,14,2,0,16,0,1,1,0,2,0,15,3,0,18,0,0,0,18
04/22/2020,CWA,WI,AGL,CE,Federal Contract Tower,0,11,0,0,11,0,0,1,0,1,0,11,1,0,12,8,0,8,20
04/23/2020,CWA,WI,AGL,CE,Federal Contract Tower,0,7,7,0,14,0,0,1,0,1,0,7,8,0,15,0,0,0,15
04/24/2020,CWA,WI,AGL,CE,Federal Contract Tower,0,12,4,0,16,0,0,9,0,9,0,12,13,0,25,6,0,6,31
04/25/2020,CWA,WI,AGL,CE,Federal Contract Tower,0,7,0,0,7,0,0,12,0,12,0,7,12,0,19,4,0,4,23
04/26/2020,CWA,WI,AGL,CE,Federal Contract Tower,0,7,0,0,7,0,0,34,0,34,0,7,34,0,41,29,0,29,70
04/27/2020,CWA,WI,AGL,CE,Federal Contract Tower,0,9,2,0,11,0,0,4,0,4,0,9,6,0,15,6,0,6,21
04/28/2020,CWA,WI,AGL,CE,Federal Contract Tower,0,11,0,0,11,0,0,0,0,0,0,11,0,0,11,0,0,0,11
04/29/2020,CWA,WI,AGL,CE,Federal Contract Tower,0,24,3,0,27,0,0,0,0,0,0,24,3,0,27,0,0,0,27
04/30/2020,CWA,WI,AGL,CE,Federal Contract Tower,0,14,0,0,14,0,0,12,0,12,0,14,12,0,26,8,0,8,34
05/01/2020,CWA,WI,AGL,CE,Federal Contract Tower,0,11,0,0,11,0,0,20,0,20,0,11,20,0,31,12,0,12,43
05/02/2020,CWA,WI,AGL,CE,Federal Contract Tower,0,7,0,0,7,0,3,9,0,12,0,10,9,0,19,0,0,0,19
05/03/2020,CWA,WI,AGL,CE,Federal Contract Tower,0,7,0,0,7,0,4,5,0,9,0,11,5,0,16,0,0,0,16
05/04/2020,CWA,WI,AGL,CE,Federal Contract Tower,0,10,0,0,10,0,1,6,0,7,0,11,6,0,17,4,0,4,21
05/05/2020,CWA,WI,AGL,CE,Federal Contract Tower,0,11,2,0,13,0,0,6,0,6,0,11,8,0,19,12,0,12,31
05/06/2020,CWA,WI,AGL,CE,Federal Contract Tower,0,12,4,0,16,0,0,13,0,13,0,12,17,0,29,0,0,0,29
05/07/2020,CWA,WI,AGL,CE,Federal Contract Tower,0,12,8,0,20,0,0,6,0,6,0,12,14,0,26,6,0,6,32
05/08/2020,CWA,WI,AGL,CE,Federal Contract Tower,0,13,1,0,14,0,0,12,0,12,0,13,13,0,26,12,0,12,38
05/09/2020,CWA,WI,AGL,CE,Federal Contract Tower,0,10,0,0,10,0,0,18,0,18,0,10,18,0,28,4,0,4,32
05/10/2020,CWA,WI,AGL,CE,Federal Contract Tower,0,7,0,0,7,0,2,0,0,2,0,9,0,0,9,0,0,0,9
05/11/2020,CWA,WI,AGL,CE,Federal Contract Tower,0,8,0,0,8,0,0,2,0,2,0,8,2,0,10,0,0,0,10
05/12/2020,CWA,WI,AGL,CE,Federal Contract Tower,0,14,2,0,16,0,2,21,0,23,0,16,23,0,39,4,0,4,43
05/13/2020,CWA,WI,AGL,CE,Federal Contract Tower,0,11,8,0,19,0,2,18,0,20,0,13,26,0,39,4,0,4,43
05/14/2020,CWA,WI,AGL,CE,Federal Contract Tower,0,10,2,1,13,0,1,0,0,1,0,11,2,1,14,0,0,0,14
05/15/2020,CWA,WI,AGL,CE,Federal Contract Tower,0,8,4,0,12,0,1,13,0,14,0,9,17,0,26,0,0,0,26
05/16/2020,CWA,WI,AGL,CE,Federal Contract Tower,0,7,0,0,7,0,0,13,0,13,0,7,13,0,20,10,0,10,30
05/17/2020,CWA,WI,AGL,CE,Federal Contract Tower,0,8,2,0,10,0,0,0,0,0,0,8,2,0,10,0,0,0,10
05/18/2020,CWA,WI,AGL,CE,Federal Contract Tower,0,12,1,0,13,0,0,0,0,0,0,12,1,0,13,0,0,0,13
05/19/2020,CWA,WI,AGL,CE,Federal Contract Tower,0,10,7,0,17,0,2,2,0,4,0,12,9,0,21,0,0,0,21
05/20/2020,CWA,WI,AGL,CE,Federal Contract Tower,0,15,7,0,22,0,9,10,0,19,0,24,17,0,41,0,0,0,41
05/21/2020,CWA,WI,AGL,CE,Federal Contract Tower,0,13,2,0,15,0,3,14,0,17,0,16,16,0,32,0,0,0,32
05/22/2020,CWA,WI,AGL,CE,Federal Contract Tower,0,11,1,0,12,0,0,6,0,6,0,11,7,0,18,0,0,0,18
05/23/2020,CWA,WI,AGL,CE,Federal Contract Tower,0,5,1,0,6,0,1,4,0,5,0,6,5,0,11,2,0,2,13
05/24/2020,CWA,WI,AGL,CE,Federal Contract Tower,0,8,0,0,8,0,4,6,0,10,0,12,6,0,18,0,0,0,18
05/25/2020,CWA,WI,AGL,CE,Federal Contract Tower,0,6,0,0,6,0,2,4,0,6,0,8,4,0,12,2,0,2,14
05/26/2020,CWA,WI,AGL,CE,Federal Contract Tower,0,10,3,0,13,0,1,5,0,6,0,11,8,0,19,6,0,6,25
05/27/2020,CWA,WI,AGL,CE,Federal Contract Tower,0,15,2,0,17,0,3,6,0,9,0,18,8,0,26,6,0,6,32
05/28/2020,CWA,WI,AGL,CE,Federal Contract Tower,0,11,7,0,18,0,0,6,0,6,0,11,13,0,24,8,0,8,32
05/29/2020,CWA,WI,AGL,CE,Federal Contract Tower,0,15,1,0,16,0,0,10,0,10,0,15,11,0,26,4,0,4,30
05/30/2020,CWA,WI,AGL,CE,Federal Contract Tower,0,8,11,0,19,0,0,16,0,16,0,8,27,0,35,22,0,22,57
05/31/2020,CWA,WI,AGL,CE,Federal Contract Tower,0,6,2,0,8,0,5,10,0,15,0,11,12,0,23,12,0,12,35
06/01/2020,CWA,WI,AGL,CE,Federal Contract Tower,0,10,4,0,14,0,0,6,0,6,0,10,10,0,20,6,0,6,26
06/02/2020,CWA,WI,AGL,CE,Federal Contract Tower,0,11,4,0,15,0,2,6,2,10,0,13,10,2,25,18,0,18,43
06/03/2020,CWA,WI,AGL,CE,Federal Contract Tower,0,12,5,0,17,0,5,8,0,13,0,17,13,0,30,8,0,8,38
06/04/2020,CWA,WI,AGL,CE,Federal Contract Tower,0,10,9,0,19,0,1,17,4,22,0,11,26,4,41,16,0,16,57
06/05/2020,CWA,WI,AGL,CE,Federal Contract Tower,0,11,10,0,21,0,0,17,0,17,0,11,27,0,38,0,0,0,38
06/06/2020,CWA,WI,AGL,CE,Federal Contract Tower,0,8,4,0,12,0,0,18,0,18,0,8,22,0,30,6,0,6,36
06/07/2020,CWA,WI,AGL,CE,Federal Contract Tower,0,6,2,0,8,0,3,8,0,11,0,9,10,0,19,18,0,18,37
06/08/2020,CWA,WI,AGL,CE,Federal Contract Tower,0,9,6,0,15,0,0,14,0,14,0,9,20,0,29,0,8,8,37
06/09/2020,CWA,WI,AGL,CE,Federal Contract Tower,0,10,2,0,12,0,1,3,0,4,0,11,5,0,16,0,0,0,16
06/10/2020,CWA,WI,AGL,CE,Federal Contract Tower,0,11,2,0,13,0,2,2,0,4,0,13,4,0,17,0,0,0,17
06/11/2020,CWA,WI,AGL,CE,Federal Contract Tower,0,10,4,0,14,0,0,0,2,2,0,10,4,2,16,0,0,0,16
06/12/2020,CWA,WI,AGL,CE,Federal Contract Tower,0,11,9,0,20,0,2,3,0,5,0,13,12,0,25,24,0,24,49
06/13/2020,CWA,WI,AGL,CE,Federal Contract Tower,0,4,0,0,4,0,0,11,0,11,0,4,11,0,15,6,0,6,21
06/14/2020,CWA,WI,AGL,CE,Federal Contract Tower,2,4,8,0,14,0,0,10,0,10,2,4,18,0,24,0,0,0,24
06/15/2020,CWA,WI,AGL,CE,Federal Contract Tower,0,10,7,0,17,0,0,5,0,5,0,10,12,0,22,20,0,20,42
06/16/2020,CWA,WI,AGL,CE,Federal Contract Tower,0,12,8,0,20,0,0,28,0,28,0,12,36,0,48,8,0,8,56
06/17/2020,CWA,WI,AGL,CE,Federal Contract Tower,0,8,2,0,10,0,1,22,0,23,0,9,24,0,33,4,0,4,37
06/18/2020,CWA,WI,AGL,CE,Federal Contract Tower,0,11,6,0,17,0,2,10,0,12,0,13,16,0,29,6,0,6,35
06/19/2020,CWA,WI,AGL,CE,Federal Contract Tower,0,10,2,2,14,0,2,9,2,13,0,12,11,4,27,0,10,10,37
06/20/2020,CWA,WI,AGL,CE,Federal Contract Tower,0,9,2,0,11,0,0,0,0,0,0,9,2,0,11,0,0,0,11
06/21/2020,CWA,WI,AGL,CE,Federal Contract Tower,0,7,1,0,8,0,0,12,0,12,0,7,13,0,20,2,0,2,22
06/22/2020,CWA,WI,AGL,CE,Federal Contract Tower,0,11,3,0,14,0,0,0,0,0,0,11,3,0,14,0,0,0,14
06/23/2020,CWA,WI,AGL,CE,Federal Contract Tower,0,12,11,2,25,0,2,4,0,6,0,14,15,2,31,0,0,0,31
06/24/2020,CWA,WI,AGL,CE,Federal Contract Tower,0,10,4,0,14,0,2,6,0,8,0,12,10,0,22,2,0,2,24
06/25/2020,CWA,WI,AGL,CE,Federal Contract Tower,0,12,15,0,27,0,4,30,0,34,0,16,45,0,61,22,0,22,83
06/26/2020,CWA,WI,AGL,CE,Federal Contract Tower,0,13,4,0,17,0,0,3,0,3,0,13,7,0,20,0,0,0,20
06/27/2020,CWA,WI,AGL,CE,Federal Contract Tower,0,6,7,0,13,0,2,19,2,23,0,8,26,2,36,2,2,4,40
06/28/2020,CWA,WI,AGL,CE,Federal Contract Tower,0,12,9,0,21,0,4,14,0,18,0,16,23,0,39,2,0,2,41
06/29/2020,CWA,WI,AGL,CE,Federal Contract Tower,0,10,6,0,16,0,0,0,0,0,0,10,6,0,16,0,0,0,16
06/30/2020,CWA,WI,AGL,CE,Federal Contract Tower,0,10,3,0,13,0,0,9,0,9,0,10,12,0,22,0,0,0,22
07/01/2020,CWA,WI,AGL,CE,Federal Contract Tower,0,10,7,0,17,0,0,13,0,13,0,10,20,0,30,20,0,20,50
07/02/2020,CWA,WI,AGL,CE,Federal Contract Tower,0,12,2,0,14,0,2,6,0,8,0,14,8,0,22,6,0,6,28
07/03/2020,CWA,WI,AGL,CE,Federal Contract Tower,0,10,0,0,10,0,2,5,0,7,0,12,5,0,17,0,0,0,17
07/04/2020,CWA,WI,AGL,CE,Federal Contract Tower,0,4,2,0,6,0,2,15,0,17,0,6,17,0,23,0,0,0,23
07/05/2020,CWA,WI,AGL,CE,Federal Contract Tower,0,6,0,0,6,0,0,6,0,6,0,6,6,0,12,8,0,8,20
07/06/2020,CWA,WI,AGL,CE,Federal Contract Tower,0,8,2,0,10,0,0,8,0,8,0,8,10,0,18,0,0,0,18
07/07/2020,CWA,WI,AGL,CE,Federal Contract Tower,0,14,2,0,16,0,2,9,0,11,0,16,11,0,27,0,0,0,27
07/08/2020,CWA,WI,AGL,CE,Federal Contract Tower,0,14,0,0,14,0,2,10,0,12,0,16,10,0,26,6,0,6,32
07/09/2020,CWA,WI,AGL,CE,Federal Contract Tower,0,15,4,0,19,0,0,1,0,1,0,15,5,0,20,0,0,0,20
07/10/2020,CWA,WI,AGL,CE,Federal Contract Tower,0,14,6,0,20,0,0,7,0,7,0,14,13,0,27,0,0,0,27
07/11/2020,CWA,WI,AGL,CE,Federal Contract Tower,0,10,1,0,11,0,0,14,0,14,0,10,15,0,25,6,0,6,31
07/12/2020,CWA,WI,AGL,CE,Federal Contract Tower,0,8,5,0,13,0,1,20,0,21,0,9,25,0,34,0,0,0,34
07/13/2020,CWA,WI,AGL,CE,Federal Contract Tower,0,13,1,0,14,0,0,21,0,21,0,13,22,0,35,0,0,0,35
07/14/2020,CWA,WI,AGL,CE,Federal Contract Tower,0,13,6,0,19,0,0,2,0,2,0,13,8,0,21,0,0,0,21
07/15/2020,CWA,WI,AGL,CE,Federal Contract Tower,0,14,10,0,24,0,3,13,0,16,0,17,23,0,40,0,0,0,40
07/16/2020,CWA,WI,AGL,CE,Federal Contract Tower,0,15,9,0,24,0,0,21,0,21,0,15,30,0,45,4,0,4,49
07/17/2020,CWA,WI,AGL,CE,Federal Contract Tower,1,17,5,0,23,0,0,25,0,25,1,17,30,0,48,22,0,22,70
07/18/2020,CWA,WI,AGL,CE,Federal Contract Tower,0,12,6,0,18,0,1,11,0,12,0,13,17,0,30,2,0,2,32
07/19/2020,CWA,WI,AGL,CE,Federal Contract Tower,0,11,4,0,15,0,2,7,0,9,0,13,11,0,24,0,0,0,24
07/20/2020,CWA,WI,AGL,CE,Federal Contract Tower,3,12,5,0,20,0,2,17,0,19,3,14,22,0,39,18,0,18,57
07/21/2020,CWA,WI,AGL,CE,Federal Contract Tower,0,15,13,0,28,0,0,3,0,3,0,15,16,0,31,0,0,0,31
07/22/2020,CWA,WI,AGL,CE,Federal Contract Tower,0,14,0,0,14,0,4,5,0,9,0,18,5,0,23,10,0,10,33
07/23/2020,CWA,WI,AGL,CE,Federal Contract Tower,0,14,3,0,17,0,0,9,0,9,0,14,12,0,26,2,0,2,28
07/24/2020,CWA,WI,AGL,CE,Federal Contract Tower,0,16,6,0,22,0,2,11,0,13,0,18,17,0,35,2,0,2,37
07/25/2020,CWA,WI,AGL,CE,Federal Contract Tower,0,12,3,0,15,0,0,8,0,8,0,12,11,0,23,0,0,0,23
07/26/2020,CWA,WI,AGL,CE,Federal Contract Tower,0,8,1,0,9,0,0,3,0,3,0,8,4,0,12,0,0,0,12
07/27/2020,CWA,WI,AGL,CE,Federal Contract Tower,0,13,3,0,16,0,6,2,0,8,0,19,5,0,24,2,0,2,26
07/28/2020,CWA,WI,AGL,CE,Federal Contract Tower,0,16,3,0,19,0,1,34,0,35,0,17,37,0,54,0,0,0,54
07/29/2020,CWA,WI,AGL,CE,Federal Contract Tower,0,17,5,0,22,0,4,20,0,24,0,21,25,0,46,13,0,13,59
07/30/2020,CWA,WI,AGL,CE,Federal Contract Tower,2,17,6,0,25,0,3,3,0,6,2,20,9,0,31,0,0,0,31
07/31/2020,CWA,WI,AGL,CE,Federal Contract Tower,0,15,1,0,16,0,0,7,0,7,0,15,8,0,23,0,0,0,23
08/01/2020,CWA,WI,AGL,CE,Federal Contract Tower,0,13,0,0,13,0,0,9,0,9,0,13,9,0,22,0,0,0,22
08/02/2020,CWA,WI,AGL,CE,Federal Contract Tower,0,11,4,0,15,0,1,3,0,4,0,12,7,0,19,0,0,0,19
08/03/2020,CWA,WI,AGL,CE,Federal Contract Tower,2,19,3,0,24,0,0,17,0,17,2,19,20,0,41,10,0,10,51
08/04/2020,CWA,WI,AGL,CE,Federal Contract Tower,0,20,0,0,20,0,4,10,0,14,0,24,10,0,34,12,0,12,46
08/05/2020,CWA,WI,AGL,CE,Federal Contract Tower,0,23,6,0,29,0,0,24,0,24,0,23,30,0,53,0,0,0,53
08/06/2020,CWA,WI,AGL,CE,Federal Contract Tower,0,19,7,0,26,0,0,14,0,14,0,19,21,0,40,26,0,26,66
08/07/2020,CWA,WI,AGL,CE,Federal Contract Tower,0,18,2,0,20,0,1,11,0,12,0,19,13,0,32,0,0,0,32
08/08/2020,CWA,WI,AGL,CE,Federal Contract Tower,0,16,3,0,19,0,0,5,0,5,0,16,8,0,24,16,0,16,40
08/09/2020,CWA,WI,AGL,CE,Federal Contract Tower,0,14,4,0,18,0,0,4,0,4,0,14,8,0,22,0,0,0,22
08/10/2020,CWA,WI,AGL,CE,Federal Contract Tower,0,20,1,0,21,0,2,5,0,7,0,22,6,0,28,0,0,0,28
08/11/2020,CWA,WI,AGL,CE,Federal Contract Tower,0,20,3,0,23,0,0,6,0,6,0,20,9,0,29,0,0,0,29
08/12/2020,CWA,WI,AGL,CE,Federal Contract Tower,0,20,0,0,20,0,0,16,0,16,0,20,16,0,36,20,0,20,56
08/13/2020,CWA,WI,AGL,CE,Federal Contract Tower,0,20,4,0,24,0,2,2,0,4,0,22,6,0,28,2,0,2,30
08/14/2020,CWA,WI,AGL,CE,Federal Contract Tower,0,17,2,0,19,0,0,14,0,14,0,17,16,0,33,8,0,8,41
08/15/2020,CWA,WI,AGL,CE,Federal Contract Tower,0,15,3,0,18,0,1,7,0,8,0,16,10,0,26,0,0,0,26
08/16/2020,CWA,WI,AGL,CE,Federal Contract Tower,0,15,1,0,16,0,1,16,0,17,0,16,17,0,33,0,0,0,33
08/17/2020,CWA,WI,AGL,CE,Federal Contract Tower,0,21,3,0,24,0,6,4,0,10,0,27,7,0,34,10,0,10,44
08/18/2020,CWA,WI,AGL,CE,Federal Contract Tower,0,22,5,0,27,0,1,23,1,25,0,23,28,1,52,10,0,10,62
08/19/2020,CWA,WI,AGL,CE,Federal Contract Tower,0,21,2,0,23,0,1,8,0,9,0,22,10,0,32,0,0,0,32
08/20/2020,CWA,WI,AGL,CE,Federal Contract Tower,0,22,4,0,26,0,1,6,0,7,0,23,10,0,33,6,0,6,39
08/21/2020,CWA,WI,AGL,CE,Federal Contract Tower,2,19,2,0,23,0,0,3,0,3,2,19,5,0,26,2,0,2,28
08/22/2020,CWA,WI,AGL,CE,Federal Contract Tower,0,16,2,0,18,0,0,1,0,1,0,16,3,0,19,0,0,0,19
08/23/2020,CWA,WI,AGL,CE,Federal Contract Tower,0,16,6,0,22,0,2,7,0,9,0,18,13,0,31,8,4,12,43
08/24/2020,CWA,WI,AGL,CE,Federal Contract Tower,0,17,2,0,19,0,2,15,0,17,0,19,17,0,36,14,0,14,50
08/25/2020,CWA,WI,AGL,CE,Federal Contract Tower,2,21,3,0,26,0,0,11,0,11,2,21,14,0,37,16,0,16,53
08/26/2020,CWA,WI,AGL,CE,Federal Contract Tower,0,20,3,1,24,0,2,11,1,14,0,22,14,2,38,4,0,4,42
08/27/2020,CWA,WI,AGL,CE,Federal Contract Tower,0,21,0,0,21,0,0,6,0,6,0,21,6,0,27,18,0,18,45
08/28/2020,CWA,WI,AGL,CE,Federal Contract Tower,0,21,1,0,22,0,0,2,0,2,0,21,3,0,24,12,0,12,36
08/29/2020,CWA,WI,AGL,CE,Federal Contract Tower,0,14,2,0,16,0,0,13,0,13,0,14,15,0,29,0,0,0,29
08/30/2020,CWA,WI,AGL,CE,Federal Contract Tower,0,14,5,0,19,0,1,15,0,16,0,15,20,0,35,8,0,8,43
08/31/2020,CWA,WI,AGL,CE,Federal Contract Tower,0,17,3,0,20,0,0,2,0,2,0,17,5,0,22,0,0,0,22
09/01/2020,CWA,WI,AGL,CE,Federal Contract Tower,0,21,3,0,24,0,2,23,0,25,0,23,26,0,49,40,0,40,89
09/02/2020,CWA,WI,AGL,CE,Federal Contract Tower,0,26,1,0,27,0,0,9,0,9,0,26,10,0,36,16,0,16,52
09/03/2020,CWA,WI,AGL,CE,Federal Contract Tower,0,21,6,0,27,0,0,2,0,2,0,21,8,0,29,0,0,0,29
09/04/2020,CWA,WI,AGL,CE,Federal Contract Tower,0,17,5,0,22,0,0,8,0,8,0,17,13,0,30,0,0,0,30
09/05/2020,CWA,WI,AGL,CE,Federal Contract Tower,0,14,4,0,18,0,0,11,0,11,0,14,15,0,29,0,0,0,29
09/06/2020,CWA,WI,AGL,CE,Federal Contract Tower,0,12,2,0,14,0,0,6,0,6,0,12,8,0,20,0,0,0,20
09/07/2020,CWA,WI,AGL,CE,Federal Contract Tower,0,14,1,0,15,0,0,4,0,4,0,14,5,0,19,0,0,0,19
09/08/2020,CWA,WI,AGL,CE,Federal Contract Tower,0,19,2,0,21,0,0,4,0,4,0,19,6,0,25,8,0,8,33
09/09/2020,CWA,WI,AGL,CE,Federal Contract Tower,0,20,2,0,22,0,0,4,0,4,0,20,6,0,26,0,0,0,26
09/10/2020,CWA,WI,AGL,CE,Federal Contract Tower,0,19,5,0,24,0,0,7,0,7,0,19,12,0,31,0,0,0,31
09/11/2020,CWA,WI,AGL,CE,Federal Contract Tower,0,24,4,0,28,0,1,9,0,10,0,25,13,0,38,2,0,2,40
09/12/2020,CWA,WI,AGL,CE,Federal Contract Tower,0,18,3,0,21,0,0,0,0,0,0,18,3,0,21,0,0,0,21
09/13/2020,CWA,WI,AGL,CE,Federal Contract Tower,0,13,4,2,19,0,0,8,0,8,0,13,12,2,27,4,0,4,31
09/14/2020,CWA,WI,AGL,CE,Federal Contract Tower,0,19,1,0,20,0,1,18,0,19,0,20,19,0,39,22,0,22,61
09/15/2020,CWA,WI,AGL,CE,Federal Contract Tower,0,17,5,4,26,0,0,3,0,3,0,17,8,4,29,0,0,0,29
09/16/2020,CWA,WI,AGL,CE,Federal Contract Tower,0,18,1,1,20,0,4,8,2,14,0,22,9,3,34,6,0,6,40
09/17/2020,CWA,WI,AGL,CE,Federal Contract Tower,0,17,3,2,22,0,4,5,1,10,0,21,8,3,32,0,2,2,34
09/18/2020,CWA,WI,AGL,CE,Federal Contract Tower,0,19,0,4,23,0,0,13,0,13,0,19,13,4,36,44,0,44,80
09/19/2020,CWA,WI,AGL,CE,Federal Contract Tower,0,15,6,0,21,0,2,5,0,7,0,17,11,0,28,0,0,0,28
09/20/2020,CWA,WI,AGL,CE,Federal Contract Tower,0,10,2,0,12,0,0,6,0,6,0,10,8,0,18,0,0,0,18
09/21/2020,CWA,WI,AGL,CE,Federal Contract Tower,0,15,7,0,22,0,3,4,0,7,0,18,11,0,29,0,0,0,29
09/22/2020,CWA,WI,AGL,CE,Federal Contract Tower,0,19,9,0,28,0,1,19,0,20,0,20,28,0,48,26,0,26,74
09/23/2020,CWA,WI,AGL,CE,Federal Contract Tower,0,14,1,0,15,0,2,33,6,41,0,16,34,6,56,28,0,28,84
09/24/2020,CWA,WI,AGL,CE,Federal Contract Tower,0,18,0,0,18,0,0,0,0,0,0,18,0,0,18,0,0,0,18
09/25/2020,CWA,WI,AGL,CE,Federal Contract Tower,0,21,6,0,27,0,1,1,0,2,0,22,7,0,29,8,0,8,37
09/26/2020,CWA,WI,AGL,CE,Federal Contract Tower,0,14,0,0,14,0,1,6,0,7,0,15,6,0,21,6,0,6,27
09/27/2020,CWA,WI,AGL,CE,Federal Contract Tower,0,14,1,0,15,0,0,0,0,0,0,14,1,0,15,0,0,0,15
09/28/2020,CWA,WI,AGL,CE,Federal Contract Tower,0,16,4,0,20,0,2,3,0,5,0,18,7,0,25,0,0,0,25
09/29/2020,CWA,WI,AGL,CE,Federal Contract Tower,0,19,4,0,23,0,1,0,0,1,0,20,4,0,24,0,0,0,24
09/30/2020,CWA,WI,AGL,CE,Federal Contract Tower,0,18,9,0,27,0,2,5,0,7,0,20,14,0,34,0,0,0,34
10/01/2020,CWA,WI,AGL,CE,Federal Contract Tower,0,21,9,0,30,0,1,2,0,3,0,22,11,0,33,18,0,18,51
10/02/2020,CWA,WI,AGL,CE,Federal Contract Tower,0,12,12,0,24,0,0,11,0,11,0,12,23,0,35,16,0,16,51
10/03/2020,CWA,WI,AGL,CE,Federal Contract Tower,0,16,2,0,18,0,0,7,0,7,0,16,9,0,25,0,0,0,25
10/04/2020,CWA,WI,AGL,CE,Federal Contract Tower,0,13,4,0,17,0,0,19,0,19,0,13,23,0,36,6,0,6,42
10/05/2020,CWA,WI,AGL,CE,Federal Contract Tower,0,15,3,0,18,0,0,4,0,4,0,15,7,0,22,8,0,8,30
10/06/2020,CWA,WI,AGL,CE,Federal Contract Tower,0,19,1,0,20,0,0,9,0,9,0,19,10,0,29,0,0,0,29
10/07/2020,CWA,WI,AGL,CE,Federal Contract Tower,0,19,2,3,24,0,2,7,4,13,0,21,9,7,37,4,2,6,43
10/08/2020,CWA,WI,AGL,CE,Federal Contract Tower,0,18,9,0,27,0,4,18,0,22,0,22,27,0,49,8,0,8,57
10/10/2020,CWA,WI,AGL,CE,Federal Contract Tower,0,18,6,0,24,0,0,27,0,27,0,18,33,0,51,8,0,8,59
10/11/2020,CWA,WI,AGL,CE,Federal Contract Tower,0,13,4,0,17,0,4,8,0,12,0,17,12,0,29,0,0,0,29
10/12/2020,CWA,WI,AGL,CE,Federal Contract Tower,2,14,3,0,19,0,1,1,0,2,2,15,4,0,21,0,0,0,21
10/13/2020,CWA,WI,AGL,CE,Federal Contract Tower,0,19,6,0,25,0,2,12,0,14,0,21,18,0,39,4,0,4,43
10/14/2020,CWA,WI,AGL,CE,Federal Contract Tower,0,18,0,0,18,0,0,6,0,6,0,18,6,0,24,14,0,14,38
10/15/2020,CWA,WI,AGL,CE,Federal Contract Tower,2,18,5,4,29,0,1,0,0,1,2,19,5,4,30,0,0,0,30
10/16/2020,CWA,WI,AGL,CE,Federal Contract Tower,2,18,2,0,22,0,0,0,0,0,2,18,2,0,22,0,0,0,22
10/17/2020,CWA,WI,AGL,CE,Federal Contract Tower,0,16,2,0,18,0,0,0,0,0,0,16,2,0,18,0,0,0,18
10/18/2020,CWA,WI,AGL,CE,Federal Contract Tower,0,13,3,0,16,0,4,7,0,11,0,17,10,0,27,0,0,0,27
10/19/2020,CWA,WI,AGL,CE,Federal Contract Tower,2,14,5,0,21,0,1,6,0,7,2,15,11,0,28,8,0,8,36
10/20/2020,CWA,WI,AGL,CE,Federal Contract Tower,0,20,0,0,20,0,0,3,0,3,0,20,3,0,23,0,0,0,23
10/21/2020,CWA,WI,AGL,CE,Federal Contract Tower,0,20,4,0,24,0,3,1,0,4,0,23,5,0,28,0,0,0,28
10/22/2020,CWA,WI,AGL,CE,Federal Contract Tower,0,23,2,0,25,0,0,2,0,2,0,23,4,0,27,0,0,0,27
10/23/2020,CWA,WI,AGL,CE,Federal Contract Tower,0,21,0,0,21,0,0,3,0,3,0,21,3,0,24,0,0,0,24
10/24/2020,CWA,WI,AGL,CE,Federal Contract Tower,0,17,3,0,20,0,0,13,0,13,0,17,16,0,33,26,0,26,59
10/25/2020,CWA,WI,AGL,CE,Federal Contract Tower,0,13,6,0,19,0,0,1,0,1,0,13,7,0,20,8,0,8,28
10/26/2020,CWA,WI,AGL,CE,Federal Contract Tower,0,18,2,0,20,0,2,3,0,5,0,20,5,0,25,0,0,0,25
10/27/2020,CWA,WI,AGL,CE,Federal Contract Tower,0,20,5,3,28,0,1,3,0,4,0,21,8,3,32,0,0,0,32
10/28/2020,CWA,WI,AGL,CE,Federal Contract Tower,0,16,1,2,19,0,2,2,0,4,0,18,3,2,23,8,0,8,31
10/29/2020,CWA,WI,AGL,CE,Federal Contract Tower,0,17,2,4,23,0,4,2,0,6,0,21,4,4,29,0,0,0,29
10/30/2020,CWA,WI,AGL,CE,Federal Contract Tower,0,21,2,4,27,0,0,13,2,15,0,21,15,6,42,22,12,34,76
10/31/2020,CWA,WI,AGL,CE,Federal Contract Tower,0,11,0,0,11,0,5,4,0,9,0,16,4,0,20,0,0,0,20
11/01/2020,CWA,WI,AGL,CE,Federal Contract Tower,0,14,2,0,16,0,1,1,0,2,0,15,3,0,18,0,0,0,18
11/02/2020,CWA,WI,AGL,CE,Federal Contract Tower,0,17,5,0,22,0,1,11,0,12,0,18,16,0,34,0,0,0,34
11/03/2020,CWA,WI,AGL,CE,Federal Contract Tower,0,16,2,2,20,0,3,9,0,12,0,19,11,2,32,16,10,26,58
11/04/2020,CWA,WI,AGL,CE,Federal Contract Tower,0,19,0,2,21,0,2,20,0,22,0,21,20,2,43,0,14,14,57
11/05/2020,CWA,WI,AGL,CE,Federal Contract Tower,2,19,2,0,23,0,0,5,0,5,2,19,7,0,28,20,0,20,48
11/07/2020,CWA,WI,AGL,CE,Federal Contract Tower,0,14,3,0,17,0,1,16,0,17,0,15,19,0,34,40,0,40,74
11/08/2020,CWA,WI,AGL,CE,Federal Contract Tower,0,12,0,0,12,0,0,11,0,11,0,12,11,0,23,44,0,44,67
11/09/2020,CWA,WI,AGL,CE,Federal Contract Tower,2,17,0,0,19,0,0,1,0,1,2,17,1,0,20,0,0,0,20
11/10/2020,CWA,WI,AGL,CE,Federal Contract Tower,0,16,1,0,17,0,0,0,0,0,0,16,1,0,17,0,0,0,17
11/11/2020,CWA,WI,AGL,CE,Federal Contract Tower,0,18,4,0,22,0,2,4,0,6,0,20,8,0,28,0,0,0,28
11/12/2020,CWA,WI,AGL,CE,Federal Contract Tower,0,20,0,0,20,0,0,2,0,2,0,20,2,0,22,6,0,6,28
11/13/2020,CWA,WI,AGL,CE,Federal Contract Tower,0,20,3,0,23,0,2,6,0,8,0,22,9,0,31,18,0,18,49
11/14/2020,CWA,WI,AGL,CE,Federal Contract Tower,0,14,0,0,14,0,0,4,0,4,0,14,4,0,18,0,0,0,18
11/15/2020,CWA,WI,AGL,CE,Federal Contract Tower,0,13,0,0,13,0,0,0,0,0,0,13,0,0,13,0,0,0,13
11/16/2020,CWA,WI,AGL,CE,Federal Contract Tower,0,20,1,0,21,0,0,4,0,4,0,20,5,0,25,0,0,0,25
11/17/2020,CWA,WI,AGL,CE,Federal Contract Tower,0,17,0,0,17,0,3,8,0,11,0,20,8,0,28,0,0,0,28
11/18/2020,CWA,WI,AGL,CE,Federal Contract Tower,2,21,1,0,24,0,2,5,0,7,2,23,6,0,31,6,0,6,37
11/19/2020,CWA,WI,AGL,CE,Federal Contract Tower,0,18,3,0,21,0,2,17,0,19,0,20,20,0,40,23,0,23,63
11/20/2020,CWA,WI,AGL,CE,Federal Contract Tower,0,18,0,0,18,0,3,4,0,7,0,21,4,0,25,4,0,4,29
11/21/2020,CWA,WI,AGL,CE,Federal Contract Tower,2,17,2,0,21,0,3,17,0,20,2,20,19,0,41,2,0,2,43
11/22/2020,CWA,WI,AGL,CE,Federal Contract Tower,0,12,0,0,12,0,1,4,0,5,0,13,4,0,17,0,0,0,17
11/23/2020,CWA,WI,AGL,CE,Federal Contract Tower,0,15,3,0,18,0,5,7,0,12,0,20,10,0,30,20,10,30,60
11/24/2020,CWA,WI,AGL,CE,Federal Contract Tower,0,23,3,0,26,0,0,0,0,0,0,23,3,0,26,0,0,0,26
11/25/2020,CWA,WI,AGL,CE,Federal Contract Tower,0,18,1,0,19,0,0,0,0,0,0,18,1,0,19,0,0,0,19
11/26/2020,CWA,WI,AGL,CE,Federal Contract Tower,0,6,1,0,7,0,0,1,0,1,0,6,2,0,8,0,0,0,8
11/27/2020,CWA,WI,AGL,CE,Federal Contract Tower,0,16,1,0,17,0,2,3,0,5,0,18,4,0,22,0,0,0,22
11/28/2020,CWA,WI,AGL,CE,Federal Contract Tower,0,13,2,0,15,0,1,13,0,14,0,14,15,0,29,4,0,4,33
11/29/2020,CWA,WI,AGL,CE,Federal Contract Tower,0,13,8,0,21,0,0,1,0,1,0,13,9,0,22,0,0,0,22
11/30/2020,CWA,WI,AGL,CE,Federal Contract Tower,0,23,3,0,26,0,1,5,0,6,0,24,8,0,32,12,0,12,44
12/01/2020,CWA,WI,AGL,CE,Federal Contract Tower,0,19,4,0,23,0,0,3,0,3,0,19,7,0,26,0,0,0,26
12/02/2020,CWA,WI,AGL,CE,Federal Contract Tower,0,18,3,0,21,0,2,25,2,29,0,20,28,2,50,26,12,38,88
12/03/2020,CWA,WI,AGL,CE,Federal Contract Tower,0,16,4,0,20,0,2,4,0,6,0,18,8,0,26,0,0,0,26
12/04/2020,CWA,WI,AGL,CE,Federal Contract Tower,0,17,0,0,17,0,1,10,0,11,0,18,10,0,28,34,0,34,62
12/05/2020,CWA,WI,AGL,CE,Federal Contract Tower,0,14,4,0,18,0,0,4,0,4,0,14,8,0,22,0,0,0,22
12/06/2020,CWA,WI,AGL,CE,Federal Contract Tower,0,14,1,0,15,0,0,9,0,9,0,14,10,0,24,0,0,0,24
12/07/2020,CWA,WI,AGL,CE,Federal Contract Tower,0,17,2,0,19,0,4,5,0,9,0,21,7,0,28,2,0,2,30
12/08/2020,CWA,WI,AGL,CE,Federal Contract Tower,0,13,1,0,14,0,0,0,0,0,0,13,1,0,14,0,0,0,14
12/09/2020,CWA,WI,AGL,CE,Federal Contract Tower,0,16,1,0,17,0,4,12,0,16,0,20,13,0,33,32,0,32,65
12/10/2020,CWA,WI,AGL,CE,Federal Contract Tower,0,16,3,2,21,0,0,14,0,14,0,16,17,2,35,0,12,12,47
12/11/2020,CWA,WI,AGL,CE,Federal Contract Tower,0,16,0,0,16,0,0,2,0,2,0,16,2,0,18,0,0,0,18
12/12/2020,CWA,WI,AGL,CE,Federal Contract Tower,0,13,0,0,13,0,0,3,0,3,0,13,3,0,16,0,0,0,16
12/13/2020,CWA,WI,AGL,CE,Federal Contract Tower,0,9,0,0,9,0,0,0,0,0,0,9,0,0,9,18,0,18,27
12/14/2020,CWA,WI,AGL,CE,Federal Contract Tower,0,18,0,0,18,0,2,0,0,2,0,20,0,0,20,6,0,6,26
12/15/2020,CWA,WI,AGL,CE,Federal Contract Tower,0,14,2,0,16,0,0,7,0,7,0,14,9,0,23,0,0,0,23
12/16/2020,CWA,WI,AGL,CE,Federal Contract Tower,0,16,0,0,16,0,2,5,0,7,0,18,5,0,23,8,0,8,31
12/17/2020,CWA,WI,AGL,CE,Federal Contract Tower,0,16,6,1,23,0,0,12,0,12,0,16,18,1,35,24,0,24,59
12/18/2020,CWA,WI,AGL,CE,Federal Contract Tower,0,20,1,0,21,0,1,5,0,6,0,21,6,0,27,0,0,0,27
12/19/2020,CWA,WI,AGL,CE,Federal Contract Tower,0,16,0,0,16,0,2,2,0,4,0,18,2,0,20,0,0,0,20
12/20/2020,CWA,WI,AGL,CE,Federal Contract Tower,0,10,1,0,11,0,0,4,0,4,0,10,5,0,15,0,0,0,15
12/21/2020,CWA,WI,AGL,CE,Federal Contract Tower,0,19,1,0,20,0,0,0,0,0,0,19,1,0,20,0,0,0,20
12/22/2020,CWA,WI,AGL,CE,Federal Contract Tower,0,15,3,0,18,0,1,5,0,6,0,16,8,0,24,16,0,16,40
12/23/2020,CWA,WI,AGL,CE,Federal Contract Tower,0,18,0,0,18,0,4,2,0,6,0,22,2,0,24,0,0,0,24
12/24/2020,CWA,WI,AGL,CE,Federal Contract Tower,0,13,0,0,13,0,4,0,0,4,0,17,0,0,17,0,0,0,17
12/25/2020,CWA,WI,AGL,CE,Federal Contract Tower,0,8,1,0,9,0,0,1,0,1,0,8,2,0,10,0,0,0,10
12/26/2020,CWA,WI,AGL,CE,Federal Contract Tower,0,14,1,0,15,0,2,9,0,11,0,16,10,0,26,0,0,0,26
12/27/2020,CWA,WI,AGL,CE,Federal Contract Tower,0,11,2,0,13,0,0,2,0,2,0,11,4,0,15,0,0,0,15
12/28/2020,CWA,WI,AGL,CE,Federal Contract Tower,0,15,1,0,16,0,0,6,0,6,0,15,7,0,22,22,0,22,44
12/29/2020,CWA,WI,AGL,CE,Federal Contract Tower,0,18,4,0,22,0,0,10,0,10,0,18,14,0,32,5,0,5,37
12/30/2020,CWA,WI,AGL,CE,Federal Contract Tower,0,16,0,0,16,0,0,1,0,1,0,16,1,0,17,0,0,0,17
12/31/2020,CWA,WI,AGL,CE,Federal Contract Tower,0,20,1,0,21,0,1,12,0,13,0,21,13,0,34,6,0,6,40
01/01/2021,CWA,WI,AGL,CE,Federal Contract Tower,0,8,0,0,8,0,0,0,0,0,0,8,0,0,8,0,0,0,8
01/02/2021,CWA,WI,AGL,CE,Federal Contract Tower,0,7,0,0,7,0,0,0,0,0,0,7,0,0,7,0,0,0,7
01/03/2021,CWA,WI,AGL,CE,Federal Contract Tower,0,11,0,0,11,0,0,0,0,0,0,11,0,0,11,0,0,0,11
01/04/2021,CWA,WI,AGL,CE,Federal Contract Tower,0,18,3,0,21,0,0,0,0,0,0,18,3,0,21,0,0,0,21
01/05/2021,CWA,WI,AGL,CE,Federal Contract Tower,2,12,5,0,19,0,0,2,0,2,2,12,7,0,21,2,0,2,23
01/06/2021,CWA,WI,AGL,CE,Federal Contract Tower,2,18,0,0,20,0,0,0,0,0,2,18,0,0,20,0,0,0,20
01/07/2021,CWA,WI,AGL,CE,Federal Contract Tower,0,22,7,0,29,0,2,1,0,3,0,24,8,0,32,0,0,0,32
01/08/2021,CWA,WI,AGL,CE,Federal Contract Tower,0,22,0,0,22,0,3,5,0,8,0,25,5,0,30,4,0,4,34
01/09/2021,CWA,WI,AGL,CE,Federal Contract Tower,0,12,0,0,12,0,0,0,0,0,0,12,0,0,12,0,0,0,12
01/10/2021,CWA,WI,AGL,CE,Federal Contract Tower,0,14,2,0,16,0,0,0,0,0,0,14,2,0,16,0,0,0,16
01/11/2021,CWA,WI,AGL,CE,Federal Contract Tower,0,14,4,0,18,0,0,0,0,0,0,14,4,0,18,0,0,0,18
01/12/2021,CWA,WI,AGL,CE,Federal Contract Tower,0,14,2,0,16,0,0,0,0,0,0,14,2,0,16,0,0,0,16
01/13/2021,CWA,WI,AGL,CE,Federal Contract Tower,0,14,2,0,16,0,1,17,0,18,0,15,19,0,34,20,0,20,54
01/14/2021,CWA,WI,AGL,CE,Federal Contract Tower,0,19,0,0,19,0,0,0,0,0,0,19,0,0,19,0,0,0,19
01/15/2021,CWA,WI,AGL,CE,Federal Contract Tower,0,19,4,0,23,0,0,0,0,0,0,19,4,0,23,0,0,0,23
01/16/2021,CWA,WI,AGL,CE,Federal Contract Tower,0,11,0,0,11,0,6,2,0,8,0,17,2,0,19,0,0,0,19
01/17/2021,CWA,WI,AGL,CE,Federal Contract Tower,0,15,3,0,18,0,0,2,0,2,0,15,5,0,20,0,0,0,20
01/18/2021,CWA,WI,AGL,CE,Federal Contract Tower,0,13,2,0,15,0,2,0,0,2,0,15,2,0,17,0,0,0,17
01/19/2021,CWA,WI,AGL,CE,Federal Contract Tower,0,15,2,0,17,0,3,8,0,11,0,18,10,0,28,0,0,0,28
01/20/2021,CWA,WI,AGL,CE,Federal Contract Tower,0,19,4,0,23,0,0,16,0,16,0,19,20,0,39,0,0,0,39
01/21/2021,CWA,WI,AGL,CE,Federal Contract Tower,0,21,4,0,25,0,4,0,0,4,0,25,4,0,29,0,0,0,29
01/22/2021,CWA,WI,AGL,CE,Federal Contract Tower,0,19,0,0,19,0,4,4,0,8,0,23,4,0,27,0,0,0,27
01/23/2021,CWA,WI,AGL,CE,Federal Contract Tower,2,7,5,0,14,0,1,7,0,8,2,8,12,0,22,18,0,18,40
01/24/2021,CWA,WI,AGL,CE,Federal Contract Tower,0,14,0,0,14,0,2,4,0,6,0,16,4,0,20,0,0,0,20
01/25/2021,CWA,WI,AGL,CE,Federal Contract Tower,0,15,3,0,18,0,2,12,0,14,0,17,15,0,32,50,0,50,82
01/26/2021,CWA,WI,AGL,CE,Federal Contract Tower,0,14,3,0,17,0,3,3,0,6,0,17,6,0,23,18,0,18,41
01/27/2021,CWA,WI,AGL,CE,Federal Contract Tower,0,16,4,0,20,0,1,16,0,17,0,17,20,0,37,30,0,30,67
01/28/2021,CWA,WI,AGL,CE,Federal Contract Tower,0,20,6,0,26,0,5,2,0,7,0,25,8,0,33,8,0,8,41
01/29/2021,CWA,WI,AGL,CE,Federal Contract Tower,0,19,0,0,19,0,5,7,0,12,0,24,7,0,31,10,0,10,41
01/30/2021,CWA,WI,AGL,CE,Federal Contract Tower,0,9,2,0,11,0,3,2,0,5,0,12,4,0,16,2,0,2,18
01/31/2021,CWA,WI,AGL,CE,Federal Contract Tower,0,8,0,0,8,0,1,3,0,4,0,9,3,0,12,0,0,0,12
02/01/2021,CWA,WI,AGL,CE,Federal Contract Tower,0,11,2,0,13,0,0,4,0,4,0,11,6,0,17,20,0,20,37
02/02/2021,CWA,WI,AGL,CE,Federal Contract Tower,0,14,2,0,16,0,1,6,0,7,0,15,8,0,23,10,0,10,33
02/03/2021,CWA,WI,AGL,CE,Federal Contract Tower,0,15,5,0,20,0,1,18,0,19,0,16,23,0,39,6,0,6,45
02/04/2021,CWA,WI,AGL,CE,Federal Contract Tower,0,5,2,0,7,0,0,0,0,0,0,5,2,0,7,0,0,0,7
02/05/2021,CWA,WI,AGL,CE,Federal Contract Tower,0,25,3,0,28,0,0,0,0,0,0,25,3,0,28,0,0,0,28
02/06/2021,CWA,WI,AGL,CE,Federal Contract Tower,0,10,0,0,10,0,0,3,0,3,0,10,3,0,13,0,0,0,13
02/07/2021,CWA,WI,AGL,CE,Federal Contract Tower,0,12,0,0,12,0,0,2,0,2,0,12,2,0,14,0,0,0,14
02/08/2021,CWA,WI,AGL,CE,Federal Contract Tower,0,13,3,0,16,0,0,0,0,0,0,13,3,0,16,0,0,0,16
02/09/2021,CWA,WI,AGL,CE,Federal Contract Tower,0,14,4,0,18,0,0,4,0,4,0,14,8,0,22,0,0,0,22
02/10/2021,CWA,WI,AGL,CE,Federal Contract Tower,0,14,2,4,20,0,0,2,2,4,0,14,4,6,24,0,0,0,24
02/11/2021,CWA,WI,AGL,CE,Federal Contract Tower,4,16,0,0,20,0,2,0,0,2,4,18,0,0,22,0,0,0,22
02/12/2021,CWA,WI,AGL,CE,Federal Contract Tower,0,16,4,0,20,0,2,6,0,8,0,18,10,0,28,0,0,0,28
02/13/2021,CWA,WI,AGL,CE,Federal Contract Tower,0,10,1,0,11,0,1,1,0,2,0,11,2,0,13,0,0,0,13
02/14/2021,CWA,WI,AGL,CE,Federal Contract Tower,0,10,0,0,10,0,0,0,0,0,0,10,0,0,10,0,0,0,10
02/15/2021,CWA,WI,AGL,CE,Federal Contract Tower,0,12,6,0,18,0,0,2,0,2,0,12,8,0,20,0,0,0,20
02/16/2021,CWA,WI,AGL,CE,Federal Contract Tower,0,13,1,0,14,0,2,14,0,16,0,15,15,0,30,6,0,6,36
02/17/2021,CWA,WI,AGL,CE,Federal Contract Tower,0,17,0,0,17,0,2,9,0,11,0,19,9,0,28,0,0,0,28
02/18/2021,CWA,WI,AGL,CE,Federal Contract Tower,0,22,2,0,24,0,3,2,0,5,0,25,4,0,29,24,0,24,53
02/19/2021,CWA,WI,AGL,CE,Federal Contract Tower,0,14,0,0,14,0,4,3,0,7,0,18,3,0,21,0,0,0,21
02/20/2021,CWA,WI,AGL,CE,Federal Contract Tower,0,10,3,0,13,0,3,10,0,13,0,13,13,0,26,4,0,4,30
02/21/2021,CWA,WI,AGL,CE,Federal Contract Tower,0,10,1,0,11,0,0,2,0,2,0,10,3,0,13,0,0,0,13
02/22/2021,CWA,WI,AGL,CE,Federal Contract Tower,0,14,1,0,15,0,0,0,0,0,0,14,1,0,15,0,0,0,15
02/23/2021,CWA,WI,AGL,CE,Federal Contract Tower,2,17,1,0,20,0,2,5,0,7,2,19,6,0,27,0,0,0,27
02/24/2021,CWA,WI,AGL,CE,Federal Contract Tower,0,15,1,0,16,0,2,18,0,20,0,17,19,0,36,14,0,14,50
02/25/2021,CWA,WI,AGL,CE,Federal Contract Tower,0,17,0,0,17,0,2,8,0,10,0,19,8,0,27,4,0,4,31
02/26/2021,CWA,WI,AGL,CE,Federal Contract Tower,0,15,0,0,15,0,2,3,0,5,0,17,3,0,20,8,0,8,28
02/27/2021,CWA,WI,AGL,CE,Federal Contract Tower,2,14,0,0,16,0,3,17,0,20,2,17,17,0,36,8,0,8,44
02/28/2021,CWA,WI,AGL,CE,Federal Contract Tower,0,10,0,0,10,0,0,0,0,0,0,10,0,0,10,0,0,0,10
03/01/2021,CWA,WI,AGL,CE,Federal Contract Tower,0,16,3,0,19,0,3,6,0,9,0,19,9,0,28,0,0,0,28
03/02/2021,CWA,WI,AGL,CE,Federal Contract Tower,0,14,1,0,15,0,1,6,0,7,0,15,7,0,22,0,0,0,22
03/03/2021,CWA,WI,AGL,CE,Federal Contract Tower,0,13,4,0,17,0,2,15,0,17,0,15,19,0,34,2,0,2,36
03/04/2021,CWA,WI,AGL,CE,Federal Contract Tower,0,19,4,0,23,0,0,15,0,15,0,19,19,0,38,40,0,40,78
03/05/2021,CWA,WI,AGL,CE,Federal Contract Tower,0,24,0,0,24,0,0,15,0,15,0,24,15,0,39,58,0,58,97
03/06/2021,CWA,WI,AGL,CE,Federal Contract Tower,0,10,2,0,12,0,2,28,0,30,0,12,30,0,42,16,0,16,58
03/07/2021,CWA,WI,AGL,CE,Federal Contract Tower,0,12,1,0,13,0,1,5,0,6,0,13,6,0,19,2,0,2,21
03/08/2021,CWA,WI,AGL,CE,Federal Contract Tower,0,14,6,0,20,0,2,13,0,15,0,16,19,0,35,22,0,22,57
03/09/2021,CWA,WI,AGL,CE,Federal Contract Tower,0,14,4,0,18,0,0,10,0,10,0,14,14,0,28,8,0,8,36
03/10/2021,CWA,WI,AGL,CE,Federal Contract Tower,0,13,5,0,18,0,0,0,0,0,0,13,5,0,18,0,0,0,18
03/11/2021,CWA,WI,AGL,CE,Federal Contract Tower,0,17,3,0,20,0,1,1,3,5,0,18,4,3,25,0,0,0,25
03/12/2021,CWA,WI,AGL,CE,Federal Contract Tower,2,15,1,0,18,0,2,3,0,5,2,17,4,0,23,0,0,0,23
03/13/2021,CWA,WI,AGL,CE,Federal Contract Tower,0,15,0,0,15,0,0,10,0,10,0,15,10,0,25,0,0,0,25
03/14/2021,CWA,WI,AGL,CE,Federal Contract Tower,1,10,2,0,13,2,11,0,0,13,3,21,2,0,26,2,0,2,28
03/15/2021,CWA,WI,AGL,CE,Federal Contract Tower,0,11,2,0,13,0,1,3,0,4,0,12,5,0,17,0,0,0,17
03/16/2021,CWA,WI,AGL,CE,Federal Contract Tower,2,13,2,0,17,0,1,5,0,6,2,14,7,0,23,10,0,10,33
03/17/2021,CWA,WI,AGL,CE,Federal Contract Tower,0,19,6,0,25,0,0,0,0,0,0,19,6,0,25,0,0,0,25
03/18/2021,CWA,WI,AGL,CE,Federal Contract Tower,0,19,2,0,21,0,0,4,0,4,0,19,6,0,25,0,0,0,25
03/19/2021,CWA,WI,AGL,CE,Federal Contract Tower,0,17,5,0,22,0,2,11,0,13,0,19,16,0,35,12,0,12,47
03/20/2021,CWA,WI,AGL,CE,Federal Contract Tower,0,15,1,0,16,0,0,6,0,6,0,15,7,0,22,4,0,4,26
03/21/2021,CWA,WI,AGL,CE,Federal Contract Tower,0,12,3,0,15,0,0,2,0,2,0,12,5,0,17,0,0,0,17
03/22/2021,CWA,WI,AGL,CE,Federal Contract Tower,0,13,0,0,13,0,2,2,0,4,0,15,2,0,17,10,0,10,27
03/23/2021,CWA,WI,AGL,CE,Federal Contract Tower,0,20,0,0,20,0,0,2,0,2,0,20,2,0,22,10,0,10,32
03/24/2021,CWA,WI,AGL,CE,Federal Contract Tower,0,15,2,0,17,0,0,0,0,0,0,15,2,0,17,0,0,0,17
03/25/2021,CWA,WI,AGL,CE,Federal Contract Tower,0,14,0,0,14,0,0,3,0,3,0,14,3,0,17,0,0,0,17
03/26/2021,CWA,WI,AGL,CE,Federal Contract Tower,0,18,1,0,19,0,2,15,0,17,0,20,16,0,36,4,0,4,40
03/27/2021,CWA,WI,AGL,CE,Federal Contract Tower,0,13,1,0,14,0,0,0,0,0,0,13,1,0,14,0,0,0,14
03/28/2021,CWA,WI,AGL,CE,Federal Contract Tower,1,10,5,0,16,0,1,1,0,2,1,11,6,0,18,0,0,0,18
03/29/2021,CWA,WI,AGL,CE,Federal Contract Tower,0,13,1,0,14,0,1,7,0,8,0,14,8,0,22,8,0,8,30
03/30/2021,CWA,WI,AGL,CE,Federal Contract Tower,0,16,1,0,17,0,0,4,0,4,0,16,5,0,21,2,0,2,23
03/31/2021,CWA,WI,AGL,CE,Federal Contract Tower,0,14,6,0,20,0,0,2,0,2,0,14,8,0,22,0,0,0,22
04/01/2021,CWA,WI,AGL,CE,Federal Contract Tower,0,19,4,0,23,0,6,6,0,12,0,25,10,0,35,12,0,12,47
04/02/2021,CWA,WI,AGL,CE,Federal Contract Tower,0,23,1,0,24,0,2,4,0,6,0,25,5,0,30,0,0,0,30
04/03/2021,CWA,WI,AGL,CE,Federal Contract Tower,0,18,0,0,18,0,2,17,0,19,0,20,17,0,37,10,0,10,47
04/04/2021,CWA,WI,AGL,CE,Federal Contract Tower,0,13,0,0,13,0,1,8,0,9,0,14,8,0,22,16,0,16,38
04/05/2021,CWA,WI,AGL,CE,Federal Contract Tower,0,16,2,0,18,0,0,5,0,5,0,16,7,0,23,0,0,0,23
04/06/2021,CWA,WI,AGL,CE,Federal Contract Tower,0,20,6,0,26,0,0,4,0,4,0,20,10,0,30,0,0,0,30
04/07/2021,CWA,WI,AGL,CE,Federal Contract Tower,0,14,2,0,16,0,3,8,0,11,0,17,10,0,27,12,0,12,39
04/08/2021,CWA,WI,AGL,CE,Federal Contract Tower,3,18,3,0,24,0,0,0,0,0,3,18,3,0,24,0,0,0,24
04/09/2021,CWA,WI,AGL,CE,Federal Contract Tower,0,19,3,0,22,0,1,2,0,3,0,20,5,0,25,10,0,10,35
04/10/2021,CWA,WI,AGL,CE,Federal Contract Tower,0,15,6,0,21,0,0,0,1,1,0,15,6,1,22,0,0,0,22
04/11/2021,CWA,WI,AGL,CE,Federal Contract Tower,0,11,11,0,22,0,0,0,0,0,0,11,11,0,22,0,0,0,22
04/12/2021,CWA,WI,AGL,CE,Federal Contract Tower,0,14,2,0,16,0,1,2,1,4,0,15,4,1,20,10,0,10,30
04/13/2021,CWA,WI,AGL,CE,Federal Contract Tower,0,14,4,0,18,0,1,4,0,5,0,15,8,0,23,6,0,6,29
04/14/2021,CWA,WI,AGL,CE,Federal Contract Tower,0,18,6,0,24,0,2,4,0,6,0,20,10,0,30,14,0,14,44
04/15/2021,CWA,WI,AGL,CE,Federal Contract Tower,4,21,0,0,25,0,3,4,0,7,4,24,4,0,32,16,0,16,48
04/16/2021,CWA,WI,AGL,CE,Federal Contract Tower,0,15,4,0,19,0,1,14,0,15,0,16,18,0,34,4,0,4,38
04/17/2021,CWA,WI,AGL,CE,Federal Contract Tower,0,16,5,0,21,0,2,17,0,19,0,18,22,0,40,2,0,2,42
04/18/2021,CWA,WI,AGL,CE,Federal Contract Tower,0,10,0,0,10,0,1,18,0,19,0,11,18,0,29,6,0,6,35
04/19/2021,CWA,WI,AGL,CE,Federal Contract Tower,2,12,1,0,15,0,1,1,0,2,2,13,2,0,17,0,0,0,17
04/20/2021,CWA,WI,AGL,CE,Federal Contract Tower,0,17,2,0,19,0,0,6,0,6,0,17,8,0,25,6,0,6,31
04/21/2021,CWA,WI,AGL,CE,Federal Contract Tower,0,17,1,0,18,0,0,3,0,3,0,17,4,0,21,8,0,8,29
04/22/2021,CWA,WI,AGL,CE,Federal Contract Tower,0,16,3,0,19,0,5,8,0,13,0,21,11,0,32,0,0,0,32
04/23/2021,CWA,WI,AGL,CE,Federal Contract Tower,0,18,8,0,26,0,1,3,0,4,0,19,11,0,30,0,0,0,30
04/24/2021,CWA,WI,AGL,CE,Federal Contract Tower,0,15,1,0,16,0,0,0,0,0,0,15,1,0,16,16,0,16,32
04/25/2021,CWA,WI,AGL,CE,Federal Contract Tower,0,12,8,0,20,0,1,11,0,12,0,13,19,0,32,10,0,10,42
04/26/2021,CWA,WI,AGL,CE,Federal Contract Tower,0,13,4,0,17,0,1,1,0,2,0,14,5,0,19,0,0,0,19
04/27/2021,CWA,WI,AGL,CE,Federal Contract Tower,0,17,3,0,20,0,0,10,0,10,0,17,13,0,30,6,0,6,36
04/28/2021,CWA,WI,AGL,CE,Federal Contract Tower,0,15,5,0,20,0,1,10,0,11,0,16,15,0,31,0,0,0,31
04/29/2021,CWA,WI,AGL,CE,Federal Contract Tower,0,18,3,0,21,0,0,2,0,2,0,18,5,0,23,0,0,0,23
04/30/2021,CWA,WI,AGL,CE,Federal Contract Tower,0,14,4,0,18,0,0,17,0,17,0,14,21,0,35,12,0,12,47
05/01/2021,CWA,WI,AGL,CE,Federal Contract Tower,0,14,2,0,16,0,0,2,0,2,0,14,4,0,18,0,0,0,18
05/02/2021,CWA,WI,AGL,CE,Federal Contract Tower,0,10,4,0,14,0,4,0,0,4,0,14,4,0,18,0,0,0,18
05/03/2021,CWA,WI,AGL,CE,Federal Contract Tower,0,13,2,0,15,0,0,0,0,0,0,13,2,0,15,0,0,0,15
05/04/2021,CWA,WI,AGL,CE,Federal Contract Tower,0,17,3,0,20,0,0,4,0,4,0,17,7,0,24,18,0,18,42
05/05/2021,CWA,WI,AGL,CE,Federal Contract Tower,0,18,6,0,24,0,1,24,0,25,0,19,30,0,49,2,0,2,51
05/06/2021,CWA,WI,AGL,CE,Federal Contract Tower,0,25,2,0,27,0,0,11,0,11,0,25,13,0,38,0,0,0,38
05/07/2021,CWA,WI,AGL,CE,Federal Contract Tower,0,23,4,0,27,0,4,3,0,7,0,27,7,0,34,2,0,2,36
05/08/2021,CWA,WI,AGL,CE,Federal Contract Tower,0,22,1,0,23,0,2,23,0,25,0,24,24,0,48,18,0,18,66
05/09/2021,CWA,WI,AGL,CE,Federal Contract Tower,0,16,2,0,18,0,3,13,0,16,0,19,15,0,34,8,0,8,42
05/10/2021,CWA,WI,AGL,CE,Federal Contract Tower,0,18,5,0,23,0,1,8,0,9,0,19,13,0,32,0,0,0,32
05/11/2021,CWA,WI,AGL,CE,Federal Contract Tower,2,22,3,0,27,0,1,8,0,9,2,23,11,0,36,6,0,6,42
05/12/2021,CWA,WI,AGL,CE,Federal Contract Tower,0,25,4,0,29,0,2,16,0,18,0,27,20,0,47,2,0,2,49
05/13/2021,CWA,WI,AGL,CE,Federal Contract Tower,0,26,3,0,29,0,0,14,0,14,0,26,17,0,43,12,0,12,55
05/14/2021,CWA,WI,AGL,CE,Federal Contract Tower,0,23,2,0,25,0,6,6,0,12,0,29,8,0,37,0,0,0,37
05/15/2021,CWA,WI,AGL,CE,Federal Contract Tower,0,18,0,0,18,0,1,5,0,6,0,19,5,0,24,0,0,0,24
05/16/2021,CWA,WI,AGL,CE,Federal Contract Tower,0,15,3,0,18,0,1,6,0,7,0,16,9,0,25,18,0,18,43
05/17/2021,CWA,WI,AGL,CE,Federal Contract Tower,0,18,3,0,21,0,1,8,0,9,0,19,11,0,30,8,0,8,38
05/18/2021,CWA,WI,AGL,CE,Federal Contract Tower,0,21,3,0,24,0,0,4,0,4,0,21,7,0,28,20,0,20,48
05/19/2021,CWA,WI,AGL,CE,Federal Contract Tower,0,21,9,0,30,0,0,0,0,0,0,21,9,0,30,0,0,0,30
05/20/2021,CWA,WI,AGL,CE,Federal Contract Tower,0,22,4,0,26,0,0,7,0,7,0,22,11,0,33,6,0,6,39
05/21/2021,CWA,WI,AGL,CE,Federal Contract Tower,0,20,6,0,26,0,0,0,0,0,0,20,6,0,26,0,0,0,26
05/22/2021,CWA,WI,AGL,CE,Federal Contract Tower,0,17,0,0,17,0,1,7,0,8,0,18,7,0,25,6,0,6,31
05/23/2021,CWA,WI,AGL,CE,Federal Contract Tower,0,17,1,0,18,0,0,0,0,0,0,17,1,0,18,0,0,0,18
05/24/2021,CWA,WI,AGL,CE,Federal Contract Tower,0,18,2,0,20,0,1,3,0,4,0,19,5,0,24,0,0,0,24
05/25/2021,CWA,WI,AGL,CE,Federal Contract Tower,0,26,6,0,32,0,1,1,0,2,0,27,7,0,34,0,0,0,34
05/26/2021,CWA,WI,AGL,CE,Federal Contract Tower,0,21,5,0,26,0,2,14,0,16,0,23,19,0,42,22,0,22,64
05/27/2021,CWA,WI,AGL,CE,Federal Contract Tower,0,21,11,0,32,0,0,0,0,0,0,21,11,0,32,0,0,0,32
05/28/2021,CWA,WI,AGL,CE,Federal Contract Tower,0,21,3,0,24,0,2,13,0,15,0,23,16,0,39,16,0,16,55
05/29/2021,CWA,WI,AGL,CE,Federal Contract Tower,0,16,1,0,17,0,3,18,0,21,0,19,19,0,38,8,0,8,46
05/30/2021,CWA,WI,AGL,CE,Federal Contract Tower,0,12,0,0,12,0,0,5,0,5,0,12,5,0,17,2,0,2,19
05/31/2021,CWA,WI,AGL,CE,Federal Contract Tower,0,15,1,0,16,0,2,8,0,10,0,17,9,0,26,10,0,10,36
06/01/2021,CWA,WI,AGL,CE,Federal Contract Tower,0,19,2,3,24,0,0,12,0,12,0,19,14,3,36,4,12,16,52
06/02/2021,CWA,WI,AGL,CE,Federal Contract Tower,0,23,2,0,25,0,1,16,0,17,0,24,18,0,42,20,0,20,62
06/03/2021,CWA,WI,AGL,CE,Federal Contract Tower,0,23,3,0,26,0,2,12,0,14,0,25,15,0,40,6,0,6,46
06/04/2021,CWA,WI,AGL,CE,Federal Contract Tower,0,22,7,0,29,0,1,5,0,6,0,23,12,0,35,8,0,8,43
06/05/2021,CWA,WI,AGL,CE,Federal Contract Tower,0,21,0,0,21,0,2,6,0,8,0,23,6,0,29,2,0,2,31
06/06/2021,CWA,WI,AGL,CE,Federal Contract Tower,0,21,3,0,24,0,1,5,0,6,0,22,8,0,30,2,0,2,32
06/07/2021,CWA,WI,AGL,CE,Federal Contract Tower,0,26,5,0,31,0,2,6,0,8,0,28,11,0,39,2,0,2,41
06/08/2021,CWA,WI,AGL,CE,Federal Contract Tower,0,31,2,0,33,0,1,1,0,2,0,32,3,0,35,0,0,0,35
06/09/2021,CWA,WI,AGL,CE,Federal Contract Tower,0,27,2,0,29,0,5,13,0,18,0,32,15,0,47,6,0,6,53
06/10/2021,CWA,WI,AGL,CE,Federal Contract Tower,0,25,6,0,31,0,2,6,0,8,0,27,12,0,39,10,0,10,49
06/11/2021,CWA,WI,AGL,CE,Federal Contract Tower,0,27,3,0,30,0,0,3,0,3,0,27,6,0,33,0,0,0,33
06/12/2021,CWA,WI,AGL,CE,Federal Contract Tower,0,22,4,0,26,0,1,14,0,15,0,23,18,0,41,4,0,4,45
06/13/2021,CWA,WI,AGL,CE,Federal Contract Tower,0,24,1,0,25,0,1,14,0,15,0,25,15,0,40,12,0,12,52
06/14/2021,CWA,WI,AGL,CE,Federal Contract Tower,0,25,6,0,31,0,0,9,0,9,0,25,15,0,40,0,0,0,40
06/15/2021,CWA,WI,AGL,CE,Federal Contract Tower,0,29,2,0,31,0,1,38,0,39,0,30,40,0,70,30,0,30,100
06/16/2021,CWA,WI,AGL,CE,Federal Contract Tower,0,25,4,0,29,0,2,25,0,27,0,27,29,0,56,0,0,0,56
06/17/2021,CWA,WI,AGL,CE,Federal Contract Tower,0,28,6,0,34,0,3,5,0,8,0,31,11,0,42,0,0,0,42
06/18/2021,CWA,WI,AGL,CE,Federal Contract Tower,0,27,4,0,31,0,0,6,0,6,0,27,10,0,37,4,0,4,41
06/19/2021,CWA,WI,AGL,CE,Federal Contract Tower,0,23,1,0,24,0,3,18,0,21,0,26,19,0,45,16,0,16,61
06/20/2021,CWA,WI,AGL,CE,Federal Contract Tower,0,22,1,0,23,0,0,3,0,3,0,22,4,0,26,8,0,8,34
06/21/2021,CWA,WI,AGL,CE,Federal Contract Tower,0,25,5,0,30,0,2,7,0,9,0,27,12,0,39,0,0,0,39
06/22/2021,CWA,WI,AGL,CE,Federal Contract Tower,0,30,2,0,32,0,0,28,0,28,0,30,30,0,60,14,0,14,74
06/23/2021,CWA,WI,AGL,CE,Federal Contract Tower,0,34,8,0,42,0,2,9,0,11,0,36,17,0,53,14,0,14,67
06/24/2021,CWA,WI,AGL,CE,Federal Contract Tower,0,30,3,0,33,0,3,4,0,7,0,33,7,0,40,8,0,8,48
06/25/2021,CWA,WI,AGL,CE,Federal Contract Tower,0,30,7,0,37,0,4,0,0,4,0,34,7,0,41,4,0,4,45
06/26/2021,CWA,WI,AGL,CE,Federal Contract Tower,0,24,2,0,26,0,0,0,0,0,0,24,2,0,26,0,0,0,26
06/27/2021,CWA,WI,AGL,CE,Federal Contract Tower,0,20,1,0,21,0,1,4,0,5,0,21,5,0,26,0,0,0,26
06/28/2021,CWA,WI,AGL,CE,Federal Contract Tower,0,26,5,2,33,0,0,9,0,9,0,26,14,2,42,12,6,18,60
06/29/2021,CWA,WI,AGL,CE,Federal Contract Tower,0,34,1,0,35,0,0,4,0,4,0,34,5,0,39,0,0,0,39
06/30/2021,CWA,WI,AGL,CE,Federal Contract Tower,0,27,3,0,30,0,0,17,0,17,0,27,20,0,47,6,0,6,53
07/01/2021,CWA,WI,AGL,CE,Federal Contract Tower,0,32,5,0,37,0,1,13,0,14,0,33,18,0,51,8,3,11,62
07/02/2021,CWA,WI,AGL,CE,Federal Contract Tower,0,25,8,0,33,0,1,26,0,27,0,26,34,0,60,12,0,12,72
07/03/2021,CWA,WI,AGL,CE,Federal Contract Tower,0,22,0,0,22,0,2,9,0,11,0,24,9,0,33,6,0,6,39
07/04/2021,CWA,WI,AGL,CE,Federal Contract Tower,0,13,2,0,15,0,2,16,0,18,0,15,18,0,33,2,0,2,35
07/05/2021,CWA,WI,AGL,CE,Federal Contract Tower,0,27,0,0,27,0,1,8,0,9,0,28,8,0,36,10,0,10,46
07/06/2021,CWA,WI,AGL,CE,Federal Contract Tower,0,24,0,0,24,0,2,7,0,9,0,26,7,0,33,6,0,6,39
07/07/2021,CWA,WI,AGL,CE,Federal Contract Tower,0,27,4,0,31,0,1,0,0,1,0,28,4,0,32,0,0,0,32
07/08/2021,CWA,WI,AGL,CE,Federal Contract Tower,0,26,2,1,29,0,0,15,2,17,0,26,17,3,46,16,0,16,62
07/09/2021,CWA,WI,AGL,CE,Federal Contract Tower,0,26,7,0,33,0,0,16,0,16,0,26,23,0,49,10,0,10,59
07/10/2021,CWA,WI,AGL,CE,Federal Contract Tower,0,25,2,0,27,0,0,22,0,22,0,25,24,0,49,28,0,28,77
07/11/2021,CWA,WI,AGL,CE,Federal Contract Tower,0,21,3,0,24,0,2,26,0,28,0,23,29,0,52,20,0,20,72
07/12/2021,CWA,WI,AGL,CE,Federal Contract Tower,0,25,3,0,28,0,2,13,0,15,0,27,16,0,43,16,0,16,59
07/13/2021,CWA,WI,AGL,CE,Federal Contract Tower,0,32,3,0,35,0,0,14,0,14,0,32,17,0,49,16,0,16,65
07/14/2021,CWA,WI,AGL,CE,Federal Contract Tower,0,25,2,0,27,0,0,4,0,4,0,25,6,0,31,2,0,2,33
07/15/2021,CWA,WI,AGL,CE,Federal Contract Tower,0,27,2,0,29,0,2,11,0,13,0,29,13,0,42,20,0,20,62
07/16/2021,CWA,WI,AGL,CE,Federal Contract Tower,0,25,1,0,26,0,2,6,0,8,0,27,7,0,34,12,0,12,46
07/17/2021,CWA,WI,AGL,CE,Federal Contract Tower,0,25,4,0,29,0,3,14,0,17,0,28,18,0,46,0,0,0,46
07/18/2021,CWA,WI,AGL,CE,Federal Contract Tower,0,21,5,0,26,0,1,13,0,14,0,22,18,0,40,11,0,11,51
07/19/2021,CWA,WI,AGL,CE,Federal Contract Tower,0,25,5,0,30,0,3,7,0,10,0,28,12,0,40,16,0,16,56
07/20/2021,CWA,WI,AGL,CE,Federal Contract Tower,0,24,9,0,33,0,0,5,0,5,0,24,14,0,38,0,0,0,38
07/21/2021,CWA,WI,AGL,CE,Federal Contract Tower,0,29,9,0,38,0,4,81,0,85,0,33,90,0,123,18,0,18,141
07/22/2021,CWA,WI,AGL,CE,Federal Contract Tower,0,28,5,0,33,0,0,82,0,82,0,28,87,0,115,12,0,12,127
07/23/2021,CWA,WI,AGL,CE,Federal Contract Tower,0,26,1,0,27,0,0,188,0,188,0,26,189,0,215,4,0,4,219
07/24/2021,CWA,WI,AGL,CE,Federal Contract Tower,0,22,1,0,23,0,1,54,0,55,0,23,55,0,78,0,0,0,78
07/25/2021,CWA,WI,AGL,CE,Federal Contract Tower,0,22,3,0,25,0,2,13,0,15,0,24,16,0,40,0,0,0,40
07/26/2021,CWA,WI,AGL,CE,Federal Contract Tower,0,25,3,0,28,0,0,8,0,8,0,25,11,0,36,8,0,8,44
07/27/2021,CWA,WI,AGL,CE,Federal Contract Tower,0,32,5,0,37,0,0,4,0,4,0,32,9,0,41,0,0,0,41
07/28/2021,CWA,WI,AGL,CE,Federal Contract Tower,0,31,8,0,39,0,0,9,0,9,0,31,17,0,48,0,0,0,48
07/29/2021,CWA,WI,AGL,CE,Federal Contract Tower,2,29,5,0,36,0,2,9,0,11,2,31,14,0,47,0,0,0,47
07/30/2021,CWA,WI,AGL,CE,Federal Contract Tower,0,27,0,0,27,0,0,14,0,14,0,27,14,0,41,0,0,0,41
07/31/2021,CWA,WI,AGL,CE,Federal Contract Tower,0,25,0,0,25,0,2,6,0,8,0,27,6,0,33,0,0,0,33
08/01/2021,CWA,WI,AGL,CE,Federal Contract Tower,0,22,3,0,25,0,2,12,0,14,0,24,15,0,39,0,0,0,39
08/02/2021,CWA,WI,AGL,CE,Federal Contract Tower,2,29,2,0,33,0,1,9,0,10,2,30,11,0,43,0,0,0,43
08/03/2021,CWA,WI,AGL,CE,Federal Contract Tower,0,30,1,0,31,0,0,10,0,10,0,30,11,0,41,3,0,3,44
08/04/2021,CWA,WI,AGL,CE,Federal Contract Tower,0,31,3,0,34,0,6,15,0,21,0,37,18,0,55,8,0,8,63
08/05/2021,CWA,WI,AGL,CE,Federal Contract Tower,0,32,3,0,35,0,1,9,0,10,0,33,12,0,45,2,0,2,47
08/06/2021,CWA,WI,AGL,CE,Federal Contract Tower,0,28,5,0,33,0,2,4,0,6,0,30,9,0,39,8,0,8,47
08/07/2021,CWA,WI,AGL,CE,Federal Contract Tower,0,25,0,0,25,0,0,0,0,0,0,25,0,0,25,0,0,0,25
08/08/2021,CWA,WI,AGL,CE,Federal Contract Tower,0,24,7,0,31,0,0,6,0,6,0,24,13,0,37,2,0,2,39
08/09/2021,CWA,WI,AGL,CE,Federal Contract Tower,0,20,0,0,20,0,2,5,0,7,0,22,5,0,27,44,0,44,71
08/10/2021,CWA,WI,AGL,CE,Federal Contract Tower,0,20,3,0,23,0,2,3,0,5,0,22,6,0,28,6,0,6,34
08/11/2021,CWA,WI,AGL,CE,Federal Contract Tower,0,24,1,0,25,0,1,7,0,8,0,25,8,0,33,8,0,8,41
08/12/2021,CWA,WI,AGL,CE,Federal Contract Tower,0,27,0,0,27,0,1,12,0,13,0,28,12,0,40,8,0,8,48
08/13/2021,CWA,WI,AGL,CE,Federal Contract Tower,0,28,0,0,28,0,5,11,0,16,0,33,11,0,44,4,0,4,48
08/14/2021,CWA,WI,AGL,CE,Federal Contract Tower,0,22,2,0,24,0,4,21,0,25,0,26,23,0,49,16,0,16,65
08/15/2021,CWA,WI,AGL,CE,Federal Contract Tower,0,21,1,0,22,0,0,11,0,11,0,21,12,0,33,8,0,8,41
08/16/2021,CWA,WI,AGL,CE,Federal Contract Tower,0,24,2,0,26,0,0,15,0,15,0,24,17,0,41,0,0,0,41
08/17/2021,CWA,WI,AGL,CE,Federal Contract Tower,0,18,0,2,20,0,1,14,0,15,0,19,14,2,35,0,0,0,35
08/18/2021,CWA,WI,AGL,CE,Federal Contract Tower,0,25,4,0,29,0,0,12,0,12,0,25,16,0,41,12,0,12,53
08/19/2021,CWA,WI,AGL,CE,Federal Contract Tower,0,32,4,0,36,0,2,6,0,8,0,34,10,0,44,12,0,12,56
08/20/2021,CWA,WI,AGL,CE,Federal Contract Tower,0,28,4,0,32,0,1,5,0,6,0,29,9,0,38,0,0,0,38
08/21/2021,CWA,WI,AGL,CE,Federal Contract Tower,0,21,0,0,21,0,0,7,0,7,0,21,7,0,28,0,0,0,28
08/22/2021,CWA,WI,AGL,CE,Federal Contract Tower,0,21,1,0,22,0,2,9,0,11,0,23,10,0,33,10,0,10,43
08/23/2021,CWA,WI,AGL,CE,Federal Contract Tower,0,27,0,0,27,0,4,6,0,10,0,31,6,0,37,16,0,16,53
08/24/2021,CWA,WI,AGL,CE,Federal Contract Tower,0,20,0,0,20,0,1,2,0,3,0,21,2,0,23,0,0,0,23
08/25/2021,CWA,WI,AGL,CE,Federal Contract Tower,0,26,0,1,27,0,2,19,1,22,0,28,19,2,49,12,2,14,63
08/26/2021,CWA,WI,AGL,CE,Federal Contract Tower,0,26,2,2,30,0,1,8,0,9,0,27,10,2,39,0,0,0,39
08/27/2021,CWA,WI,AGL,CE,Federal Contract Tower,0,26,6,0,32,0,0,0,0,0,0,26,6,0,32,0,0,0,32
08/28/2021,CWA,WI,AGL,CE,Federal Contract Tower,0,20,0,0,20,0,1,1,0,2,0,21,1,0,22,0,0,0,22
08/29/2021,CWA,WI,AGL,CE,Federal Contract Tower,0,18,2,0,20,0,4,2,0,6,0,22,4,0,26,0,0,0,26
08/30/2021,CWA,WI,AGL,CE,Federal Contract Tower,0,26,2,0,28,0,3,9,0,12,0,29,11,0,40,14,0,14,54
08/31/2021,CWA,WI,AGL,CE,Federal Contract Tower,0,27,5,0,32,0,1,11,0,12,0,28,16,0,44,20,0,20,64
09/01/2021,CWA,WI,AGL,CE,Federal Contract Tower,0,32,2,0,34,0,5,11,0,16,0,37,13,0,50,2,0,2,52
09/02/2021,CWA,WI,AGL,CE,Federal Contract Tower,0,29,5,0,34,0,0,17,0,17,0,29,22,0,51,0,0,0,51
09/03/2021,CWA,WI,AGL,CE,Federal Contract Tower,0,28,5,0,33,0,0,0,0,0,0,28,5,0,33,6,0,6,39
09/04/2021,CWA,WI,AGL,CE,Federal Contract Tower,0,19,2,0,21,0,2,3,0,5,0,21,5,0,26,0,0,0,26
09/05/2021,CWA,WI,AGL,CE,Federal Contract Tower,0,19,0,0,19,0,1,6,0,7,0,20,6,0,26,0,0,0,26
09/06/2021,CWA,WI,AGL,CE,Federal Contract Tower,0,23,2,0,25,0,1,20,0,21,0,24,22,0,46,4,0,4,50
09/07/2021,CWA,WI,AGL,CE,Federal Contract Tower,0,21,4,0,25,0,0,8,0,8,0,21,12,0,33,0,0,0,33
09/08/2021,CWA,WI,AGL,CE,Federal Contract Tower,0,21,2,0,23,0,0,4,0,4,0,21,6,0,27,0,0,0,27
09/09/2021,CWA,WI,AGL,CE,Federal Contract Tower,0,27,2,0,29,0,0,11,0,11,0,27,13,0,40,8,0,8,48
09/10/2021,CWA,WI,AGL,CE,Federal Contract Tower,0,25,8,0,33,0,1,11,0,12,0,26,19,0,45,10,0,10,55
09/11/2021,CWA,WI,AGL,CE,Federal Contract Tower,0,20,0,0,20,0,2,17,0,19,0,22,17,0,39,2,0,2,41
09/12/2021,CWA,WI,AGL,CE,Federal Contract Tower,0,18,1,0,19,0,2,9,0,11,0,20,10,0,30,6,0,6,36
09/13/2021,CWA,WI,AGL,CE,Federal Contract Tower,0,24,1,0,25,0,1,10,0,11,0,25,11,0,36,2,0,2,38
09/14/2021,CWA,WI,AGL,CE,Federal Contract Tower,0,25,0,0,25,0,1,3,0,4,0,26,3,0,29,0,0,0,29
09/15/2021,CWA,WI,AGL,CE,Federal Contract Tower,0,24,0,0,24,0,1,14,0,15,0,25,14,0,39,10,0,10,49
09/16/2021,CWA,WI,AGL,CE,Federal Contract Tower,0,30,1,0,31,0,1,5,0,6,0,31,6,0,37,8,0,8,45
09/17/2021,CWA,WI,AGL,CE,Federal Contract Tower,0,29,2,0,31,0,0,8,0,8,0,29,10,0,39,12,0,12,51
09/18/2021,CWA,WI,AGL,CE,Federal Contract Tower,0,15,4,0,19,0,1,18,0,19,0,16,22,0,38,24,0,24,62
09/19/2021,CWA,WI,AGL,CE,Federal Contract Tower,0,21,3,0,24,0,1,6,0,7,0,22,9,0,31,2,0,2,33
09/20/2021,CWA,WI,AGL,CE,Federal Contract Tower,0,25,0,0,25,0,1,3,0,4,0,26,3,0,29,0,0,0,29
09/21/2021,CWA,WI,AGL,CE,Federal Contract Tower,0,28,3,0,31,0,4,7,0,11,0,32,10,0,42,12,0,12,54
09/22/2021,CWA,WI,AGL,CE,Federal Contract Tower,0,26,3,0,29,0,2,9,0,11,0,28,12,0,40,16,0,16,56
09/23/2021,CWA,WI,AGL,CE,Federal Contract Tower,0,28,1,0,29,0,0,4,0,4,0,28,5,0,33,0,0,0,33
09/24/2021,CWA,WI,AGL,CE,Federal Contract Tower,0,27,6,0,33,0,1,5,0,6,0,28,11,0,39,0,0,0,39
09/25/2021,CWA,WI,AGL,CE,Federal Contract Tower,0,20,1,0,21,0,0,9,0,9,0,20,10,0,30,0,0,0,30
09/26/2021,CWA,WI,AGL,CE,Federal Contract Tower,0,22,5,0,27,0,2,11,0,13,0,24,16,0,40,0,0,0,40
09/27/2021,CWA,WI,AGL,CE,Federal Contract Tower,0,23,0,0,23,0,1,12,0,13,0,24,12,0,36,16,0,16,52
09/28/2021,CWA,WI,AGL,CE,Federal Contract Tower,0,27,3,0,30,0,1,13,0,14,0,28,16,0,44,4,0,4,48
09/29/2021,CWA,WI,AGL,CE,Federal Contract Tower,0,23,3,0,26,0,0,15,0,15,0,23,18,0,41,0,0,0,41
09/30/2021,CWA,WI,AGL,CE,Federal Contract Tower,0,26,3,0,29,0,2,12,0,14,0,28,15,0,43,17,0,17,60
10/01/2021,CWA,WI,AGL,CE,Federal Contract Tower,0,26,4,0,30,0,1,6,0,7,0,27,10,0,37,0,0,0,37
10/02/2021,CWA,WI,AGL,CE,Federal Contract Tower,0,22,2,0,24,0,2,3,0,5,0,24,5,0,29,4,0,4,33
10/03/2021,CWA,WI,AGL,CE,Federal Contract Tower,0,18,8,0,26,0,0,2,0,2,0,18,10,0,28,0,0,0,28
10/04/2021,CWA,WI,AGL,CE,Federal Contract Tower,0,25,2,0,27,0,1,5,0,6,0,26,7,0,33,0,0,0,33
10/05/2021,CWA,WI,AGL,CE,Federal Contract Tower,0,27,4,0,31,0,2,3,0,5,0,29,7,0,36,0,0,0,36
10/06/2021,CWA,WI,AGL,CE,Federal Contract Tower,0,23,3,0,26,0,3,5,0,8,0,26,8,0,34,6,0,6,40
10/07/2021,CWA,WI,AGL,CE,Federal Contract Tower,0,21,7,0,28,0,0,0,0,0,0,21,7,0,28,0,0,0,28
10/08/2021,CWA,WI,AGL,CE,Federal Contract Tower,0,24,6,0,30,0,4,3,0,7,0,28,9,0,37,0,0,0,37
10/09/2021,CWA,WI,AGL,CE,Federal Contract Tower,0,14,6,0,20,0,5,0,0,5,0,19,6,0,25,0,0,0,25
10/10/2021,CWA,WI,AGL,CE,Federal Contract Tower,0,16,7,0,23,0,2,3,0,5,0,18,10,0,28,0,0,0,28
10/11/2021,CWA,WI,AGL,CE,Federal Contract Tower,0,19,5,0,24,0,0,4,0,4,0,19,9,0,28,4,0,4,32
10/12/2021,CWA,WI,AGL,CE,Federal Contract Tower,0,23,4,0,27,0,2,0,0,2,0,25,4,0,29,0,0,0,29
10/13/2021,CWA,WI,AGL,CE,Federal Contract Tower,0,20,0,0,20,0,2,2,0,4,0,22,2,0,24,0,0,0,24
10/14/2021,CWA,WI,AGL,CE,Federal Contract Tower,0,20,4,0,24,0,0,13,0,13,0,20,17,0,37,6,0,6,43
10/15/2021,CWA,WI,AGL,CE,Federal Contract Tower,0,22,0,0,22,0,2,8,0,10,0,24,8,0,32,12,0,12,44
10/16/2021,CWA,WI,AGL,CE,Federal Contract Tower,0,15,0,0,15,0,0,8,0,8,0,15,8,0,23,0,0,0,23
10/17/2021,CWA,WI,AGL,CE,Federal Contract Tower,0,14,0,0,14,0,1,21,0,22,0,15,21,0,36,2,0,2,38
10/18/2021,CWA,WI,AGL,CE,Federal Contract Tower,0,19,4,0,23,0,3,19,0,22,0,22,23,0,45,0,0,0,45
10/19/2021,CWA,WI,AGL,CE,Federal Contract Tower,0,21,9,0,30,0,2,5,0,7,0,23,14,0,37,0,0,0,37
10/20/2021,CWA,WI,AGL,CE,Federal Contract Tower,0,20,1,0,21,0,1,4,0,5,0,21,5,0,26,0,0,0,26
10/21/2021,CWA,WI,AGL,CE,Federal Contract Tower,4,20,2,0,26,0,1,2,0,3,4,21,4,0,29,0,0,0,29
10/22/2021,CWA,WI,AGL,CE,Federal Contract Tower,0,18,0,0,18,0,2,10,0,12,0,20,10,0,30,6,0,6,36
10/23/2021,CWA,WI,AGL,CE,Federal Contract Tower,0,17,1,0,18,0,3,10,0,13,0,20,11,0,31,18,0,18,49
10/24/2021,CWA,WI,AGL,CE,Federal Contract Tower,2,15,1,0,18,0,3,11,0,14,2,18,12,0,32,0,0,0,32
10/25/2021,CWA,WI,AGL,CE,Federal Contract Tower,2,18,5,0,25,0,1,5,0,6,2,19,10,0,31,0,0,0,31
10/26/2021,CWA,WI,AGL,CE,Federal Contract Tower,0,23,3,0,26,0,4,9,0,13,0,27,12,0,39,12,0,12,51
10/27/2021,CWA,WI,AGL,CE,Federal Contract Tower,0,21,6,0,27,0,1,5,0,6,0,22,11,0,33,6,0,6,39
10/28/2021,CWA,WI,AGL,CE,Federal Contract Tower,2,21,7,0,30,0,1,0,0,1,2,22,7,0,31,0,0,0,31
10/29/2021,CWA,WI,AGL,CE,Federal Contract Tower,0,22,2,0,24,0,0,2,0,2,0,22,4,0,26,0,0,0,26
10/30/2021,CWA,WI,AGL,CE,Federal Contract Tower,0,16,1,0,17,0,2,20,0,22,0,18,21,0,39,0,0,0,39
10/31/2021,CWA,WI,AGL,CE,Federal Contract Tower,0,15,3,0,18,0,1,1,0,2,0,16,4,0,20,0,0,0,20
11/01/2021,CWA,WI,AGL,CE,Federal Contract Tower,0,18,5,0,23,0,0,7,0,7,0,18,12,0,30,10,0,10,40
11/02/2021,CWA,WI,AGL,CE,Federal Contract Tower,0,22,3,3,28,0,1,8,2,11,0,23,11,5,39,20,8,28,67
11/03/2021,CWA,WI,AGL,CE,Federal Contract Tower,0,22,11,0,33,0,15,18,0,33,0,37,29,0,66,12,0,12,78
11/04/2021,CWA,WI,AGL,CE,Federal Contract Tower,0,17,2,0,19,0,3,10,2,15,0,20,12,2,34,4,6,10,44
11/05/2021,CWA,WI,AGL,CE,Federal Contract Tower,0,16,1,0,17,0,1,3,0,4,0,17,4,0,21,0,0,0,21
11/06/2021,CWA,WI,AGL,CE,Federal Contract Tower,0,14,2,0,16,0,0,5,0,5,0,14,7,0,21,0,0,0,21
11/07/2021,CWA,WI,AGL,CE,Federal Contract Tower,0,15,0,0,15,0,2,10,0,12,0,17,10,0,27,4,0,4,31
11/08/2021,CWA,WI,AGL,CE,Federal Contract Tower,0,17,5,0,22,0,2,7,0,9,0,19,12,0,31,2,0,2,33
11/09/2021,CWA,WI,AGL,CE,Federal Contract Tower,0,21,7,0,28,0,0,6,0,6,0,21,13,0,34,2,0,2,36
11/10/2021,CWA,WI,AGL,CE,Federal Contract Tower,0,21,2,0,23,0,2,12,0,14,0,23,14,0,37,14,0,14,51
11/11/2021,CWA,WI,AGL,CE,Federal Contract Tower,0,22,4,0,26,0,2,0,0,2,0,24,4,0,28,4,0,4,32
11/12/2021,CWA,WI,AGL,CE,Federal Contract Tower,0,17,0,0,17,0,2,2,0,4,0,19,2,0,21,0,0,0,21
11/13/2021,CWA,WI,AGL,CE,Federal Contract Tower,0,13,3,0,16,0,0,8,0,8,0,13,11,0,24,0,0,0,24
11/14/2021,CWA,WI,AGL,CE,Federal Contract Tower,0,12,6,0,18,0,1,1,0,2,0,13,7,0,20,0,0,0,20
11/15/2021,CWA,WI,AGL,CE,Federal Contract Tower,0,21,2,0,23,0,2,2,0,4,0,23,4,0,27,2,0,2,29
11/16/2021,CWA,WI,AGL,CE,Federal Contract Tower,0,19,3,0,22,0,0,2,0,2,0,19,5,0,24,0,0,0,24
11/17/2021,CWA,WI,AGL,CE,Federal Contract Tower,0,20,4,0,24,0,0,9,0,9,0,20,13,0,33,0,0,0,33
11/18/2021,CWA,WI,AGL,CE,Federal Contract Tower,0,19,3,0,22,0,5,0,0,5,0,24,3,0,27,0,0,0,27
11/19/2021,CWA,WI,AGL,CE,Federal Contract Tower,0,18,2,0,20,0,3,0,0,3,0,21,2,0,23,0,0,0,23
11/20/2021,CWA,WI,AGL,CE,Federal Contract Tower,0,12,2,0,14,0,5,4,0,9,0,17,6,0,23,8,0,8,31
11/21/2021,CWA,WI,AGL,CE,Federal Contract Tower,0,17,0,0,17,0,2,2,0,4,0,19,2,0,21,0,0,0,21
11/22/2021,CWA,WI,AGL,CE,Federal Contract Tower,0,16,4,0,20,0,1,5,0,6,0,17,9,0,26,0,0,0,26
11/23/2021,CWA,WI,AGL,CE,Federal Contract Tower,0,22,3,0,25,0,1,2,0,3,0,23,5,0,28,2,0,2,30
11/24/2021,CWA,WI,AGL,CE,Federal Contract Tower,0,17,7,0,24,0,2,6,0,8,0,19,13,0,32,2,0,2,34
11/25/2021,CWA,WI,AGL,CE,Federal Contract Tower,0,5,0,0,5,0,1,2,0,3,0,6,2,0,8,0,0,0,8
11/26/2021,CWA,WI,AGL,CE,Federal Contract Tower,0,17,0,0,17,0,0,10,0,10,0,17,10,0,27,10,0,10,37
11/27/2021,CWA,WI,AGL,CE,Federal Contract Tower,0,14,0,0,14,0,1,1,0,2,0,15,1,0,16,0,0,0,16
11/28/2021,CWA,WI,AGL,CE,Federal Contract Tower,0,17,2,0,19,0,2,4,0,6,0,19,6,0,25,0,0,0,25
11/29/2021,CWA,WI,AGL,CE,Federal Contract Tower,0,17,4,0,21,0,1,2,0,3,0,18,6,0,24,0,0,0,24
11/30/2021,CWA,WI,AGL,CE,Federal Contract Tower,0,21,5,0,26,0,2,3,0,5,0,23,8,0,31,6,0,6,37
12/01/2021,CWA,WI,AGL,CE,Federal Contract Tower,0,26,2,0,28,0,0,0,0,0,0,26,2,0,28,0,0,0,28
12/02/2021,CWA,WI,AGL,CE,Federal Contract Tower,0,23,4,0,27,0,2,2,0,4,0,25,6,0,31,0,0,0,31
12/03/2021,CWA,WI,AGL,CE,Federal Contract Tower,0,23,1,0,24,0,0,0,0,0,0,23,1,0,24,0,0,0,24
12/04/2021,CWA,WI,AGL,CE,Federal Contract Tower,0,18,2,0,20,0,3,11,0,14,0,21,13,0,34,0,0,0,34
12/05/2021,CWA,WI,AGL,CE,Federal Contract Tower,0,18,0,0,18,0,0,0,0,0,0,18,0,0,18,0,0,0,18
12/06/2021,CWA,WI,AGL,CE,Federal Contract Tower,0,23,1,0,24,0,0,1,0,1,0,23,2,0,25,0,0,0,25
12/07/2021,CWA,WI,AGL,CE,Federal Contract Tower,0,21,2,0,23,0,0,2,0,2,0,21,4,0,25,12,0,12,37
12/08/2021,CWA,WI,AGL,CE,Federal Contract Tower,0,22,0,0,22,0,2,15,0,17,0,24,15,0,39,36,0,36,75
12/09/2021,CWA,WI,AGL,CE,Federal Contract Tower,0,20,3,0,23,0,0,0,0,0,0,20,3,0,23,0,0,0,23
12/10/2021,CWA,WI,AGL,CE,Federal Contract Tower,0,19,3,0,22,0,0,0,0,0,0,19,3,0,22,0,0,0,22
12/11/2021,CWA,WI,AGL,CE,Federal Contract Tower,0,17,1,0,18,0,2,1,0,3,0,19,2,0,21,0,0,0,21
12/12/2021,CWA,WI,AGL,CE,Federal Contract Tower,0,17,4,0,21,0,0,9,0,9,0,17,13,0,30,4,0,4,34
12/13/2021,CWA,WI,AGL,CE,Federal Contract Tower,2,19,3,0,24,0,0,6,0,6,2,19,9,0,30,0,0,0,30
12/14/2021,CWA,WI,AGL,CE,Federal Contract Tower,0,20,1,0,21,0,0,0,0,0,0,20,1,0,21,0,0,0,21
12/15/2021,CWA,WI,AGL,CE,Federal Contract Tower,0,5,0,0,5,0,0,0,0,0,0,5,0,0,5,0,0,0,5
12/16/2021,CWA,WI,AGL,CE,Federal Contract Tower,0,22,2,0,24,0,2,0,0,2,0,24,2,0,26,0,0,0,26
12/17/2021,CWA,WI,AGL,CE,Federal Contract Tower,2,21,5,0,28,0,0,7,0,7,2,21,12,0,35,4,0,4,39
12/18/2021,CWA,WI,AGL,CE,Federal Contract Tower,0,16,0,0,16,0,4,4,0,8,0,20,4,0,24,2,0,2,26
12/19/2021,CWA,WI,AGL,CE,Federal Contract Tower,0,14,0,0,14,0,0,2,0,2,0,14,2,0,16,0,0,0,16
12/20/2021,CWA,WI,AGL,CE,Federal Contract Tower,0,18,3,0,21,0,0,4,0,4,0,18,7,0,25,0,0,0,25
12/21/2021,CWA,WI,AGL,CE,Federal Contract Tower,0,27,2,0,29,0,0,2,0,2,0,27,4,0,31,0,0,0,31
12/22/2021,CWA,WI,AGL,CE,Federal Contract Tower,0,22,4,0,26,0,0,6,0,6,0,22,10,0,32,8,0,8,40
12/23/2021,CWA,WI,AGL,CE,Federal Contract Tower,0,19,2,0,21,0,4,9,0,13,0,23,11,0,34,4,0,4,38
12/24/2021,CWA,WI,AGL,CE,Federal Contract Tower,0,7,0,0,7,0,0,0,0,0,0,7,0,0,7,0,0,0,7
12/25/2021,CWA,WI,AGL,CE,Federal Contract Tower,0,15,1,0,16,0,0,3,0,3,0,15,4,0,19,0,0,0,19
12/26/2021,CWA,WI,AGL,CE,Federal Contract Tower,0,16,6,0,22,0,0,9,0,9,0,16,15,0,31,11,0,11,42
12/27/2021,CWA,WI,AGL,CE,Federal Contract Tower,0,18,3,0,21,0,0,0,0,0,0,18,3,0,21,0,0,0,21
12/28/2021,CWA,WI,AGL,CE,Federal Contract Tower,2,22,2,0,26,0,0,8,0,8,2,22,10,0,34,0,0,0,34
12/29/2021,CWA,WI,AGL,CE,Federal Contract Tower,0,25,10,0,35,0,5,8,0,13,0,30,18,0,48,8,0,8,56
12/30/2021,CWA,WI,AGL,CE,Federal Contract Tower,0,23,0,0,23,0,0,4,0,4,0,23,4,0,27,26,0,26,53
12/31/2021,CWA,WI,AGL,CE,Federal Contract Tower,0,20,0,0,20,0,0,2,0,2,0,20,2,0,22,8,0,8,30
01/01/2022,CWA,WI,AGL,CE,Federal Contract Tower,0,6,0,0,6,0,0,4,0,4,0,6,4,0,10,0,0,0,10
01/02/2022,CWA,WI,AGL,CE,Federal Contract Tower,0,15,1,0,16,0,1,0,0,1,0,16,1,0,17,0,0,0,17
01/03/2022,CWA,WI,AGL,CE,Federal Contract Tower,0,16,3,0,19,0,3,12,0,15,0,19,15,0,34,0,0,0,34
01/04/2022,CWA,WI,AGL,CE,Federal Contract Tower,0,21,3,0,24,0,3,9,0,12,0,24,12,0,36,2,0,2,38
01/05/2022,CWA,WI,AGL,CE,Federal Contract Tower,0,20,1,0,21,0,0,0,0,0,0,20,1,0,21,0,0,0,21
01/06/2022,CWA,WI,AGL,CE,Federal Contract Tower,0,15,4,0,19,0,3,1,0,4,0,18,5,0,23,4,0,4,27
01/07/2022,CWA,WI,AGL,CE,Federal Contract Tower,0,13,2,0,15,0,1,5,0,6,0,14,7,0,21,6,0,6,27
01/08/2022,CWA,WI,AGL,CE,Federal Contract Tower,0,13,2,0,15,0,0,4,0,4,0,13,6,0,19,14,0,14,33
01/09/2022,CWA,WI,AGL,CE,Federal Contract Tower,2,15,1,0,18,0,0,0,0,0,2,15,1,0,18,0,0,0,18
01/10/2022,CWA,WI,AGL,CE,Federal Contract Tower,0,17,1,0,18,0,1,2,0,3,0,18,3,0,21,0,0,0,21
01/11/2022,CWA,WI,AGL,CE,Federal Contract Tower,0,20,4,0,24,0,4,7,0,11,0,24,11,0,35,0,0,0,35
01/12/2022,CWA,WI,AGL,CE,Federal Contract Tower,0,18,0,0,18,0,4,4,0,8,0,22,4,0,26,2,0,2,28
01/13/2022,CWA,WI,AGL,CE,Federal Contract Tower,2,22,0,0,24,0,0,2,0,2,2,22,2,0,26,0,0,0,26
01/14/2022,CWA,WI,AGL,CE,Federal Contract Tower,0,15,4,0,19,0,0,11,0,11,0,15,15,0,30,14,0,14,44
01/15/2022,CWA,WI,AGL,CE,Federal Contract Tower,0,10,1,0,11,0,2,18,0,20,0,12,19,0,31,16,0,16,47
01/16/2022,CWA,WI,AGL,CE,Federal Contract Tower,0,10,0,0,10,0,0,0,0,0,0,10,0,0,10,0,0,0,10
01/17/2022,CWA,WI,AGL,CE,Federal Contract Tower,0,15,0,0,15,0,0,2,0,2,0,15,2,0,17,0,0,0,17
01/18/2022,CWA,WI,AGL,CE,Federal Contract Tower,0,23,6,0,29,0,0,0,0,0,0,23,6,0,29,0,0,0,29
01/19/2022,CWA,WI,AGL,CE,Federal Contract Tower,0,18,1,0,19,0,0,8,0,8,0,18,9,0,27,13,0,13,40
01/20/2022,CWA,WI,AGL,CE,Federal Contract Tower,0,19,0,0,19,0,0,7,0,7,0,19,7,0,26,6,0,6,32
01/21/2022,CWA,WI,AGL,CE,Federal Contract Tower,0,19,5,0,24,0,2,11,0,13,0,21,16,0,37,4,0,4,41
01/22/2022,CWA,WI,AGL,CE,Federal Contract Tower,0,12,0,0,12,0,0,0,0,0,0,12,0,0,12,0,0,0,12
01/23/2022,CWA,WI,AGL,CE,Federal Contract Tower,0,21,3,0,24,0,1,12,0,13,0,22,15,0,37,2,0,2,39
01/24/2022,CWA,WI,AGL,CE,Federal Contract Tower,0,17,5,0,22,0,2,5,0,7,0,19,10,0,29,12,0,12,41
01/25/2022,CWA,WI,AGL,CE,Federal Contract Tower,0,16,3,0,19,0,1,6,0,7,0,17,9,0,26,2,0,2,28
01/26/2022,CWA,WI,AGL,CE,Federal Contract Tower,0,18,2,0,20,0,1,4,0,5,0,19,6,0,25,6,0,6,31
01/27/2022,CWA,WI,AGL,CE,Federal Contract Tower,0,19,0,0,19,0,1,7,0,8,0,20,7,0,27,13,0,13,40
01/28/2022,CWA,WI,AGL,CE,Federal Contract Tower,0,16,0,0,16,0,3,6,0,9,0,19,6,0,25,16,0,16,41
01/29/2022,CWA,WI,AGL,CE,Federal Contract Tower,0,11,1,0,12,0,1,7,0,8,0,12,8,0,20,2,0,2,22
01/30/2022,CWA,WI,AGL,CE,Federal Contract Tower,0,12,4,0,16,0,0,9,0,9,0,12,13,0,25,14,0,14,39
01/31/2022,CWA,WI,AGL,CE,Federal Contract Tower,0,18,3,0,21,0,1,15,0,16,0,19,18,0,37,10,0,10,47
02/01/2022,CWA,WI,AGL,CE,Federal Contract Tower,0,16,1,0,17,0,0,6,0,6,0,16,7,0,23,2,0,2,25
02/02/2022,CWA,WI,AGL,CE,Federal Contract Tower,0,10,3,0,13,0,2,1,0,3,0,12,4,0,16,2,0,2,18
02/03/2022,CWA,WI,AGL,CE,Federal Contract Tower,0,16,2,0,18,0,4,8,0,12,0,20,10,0,30,9,0,9,39
02/04/2022,CWA,WI,AGL,CE,Federal Contract Tower,0,15,3,0,18,0,0,0,0,0,0,15,3,0,18,0,0,0,18
02/05/2022,CWA,WI,AGL,CE,Federal Contract Tower,0,13,0,0,13,0,1,2,0,3,0,14,2,0,16,0,0,0,16
02/06/2022,CWA,WI,AGL,CE,Federal Contract Tower,0,11,1,0,12,0,0,4,0,4,0,11,5,0,16,10,0,10,26
02/07/2022,CWA,WI,AGL,CE,Federal Contract Tower,2,13,1,0,16,0,3,11,0,14,2,16,12,0,30,0,0,0,30
02/08/2022,CWA,WI,AGL,CE,Federal Contract Tower,0,19,2,0,21,0,0,9,0,9,0,19,11,0,30,12,0,12,42
02/09/2022,CWA,WI,AGL,CE,Federal Contract Tower,0,16,2,0,18,0,0,0,0,0,0,16,2,0,18,0,0,0,18
02/10/2022,CWA,WI,AGL,CE,Federal Contract Tower,0,15,2,0,17,0,2,8,0,10,0,17,10,0,27,28,0,28,55
02/11/2022,CWA,WI,AGL,CE,Federal Contract Tower,2,17,6,0,25,0,1,1,0,2,2,18,7,0,27,0,0,0,27
02/12/2022,CWA,WI,AGL,CE,Federal Contract Tower,0,12,1,0,13,0,2,47,0,49,0,14,48,0,62,0,0,0,62
02/13/2022,CWA,WI,AGL,CE,Federal Contract Tower,0,13,0,0,13,0,1,9,0,10,0,14,9,0,23,10,0,10,33
02/14/2022,CWA,WI,AGL,CE,Federal Contract Tower,0,15,6,0,21,0,1,3,0,4,0,16,9,0,25,0,0,0,25
02/15/2022,CWA,WI,AGL,CE,Federal Contract Tower,0,18,1,0,19,0,0,7,0,7,0,18,8,0,26,16,0,16,42
02/16/2022,CWA,WI,AGL,CE,Federal Contract Tower,0,17,1,0,18,0,0,6,0,6,0,17,7,0,24,32,0,32,56
02/17/2022,CWA,WI,AGL,CE,Federal Contract Tower,0,14,2,0,16,0,72,8,0,80,0,86,10,0,96,0,0,0,96
02/18/2022,CWA,WI,AGL,CE,Federal Contract Tower,0,12,2,0,14,0,2,20,0,22,0,14,22,0,36,0,0,0,36
02/19/2022,CWA,WI,AGL,CE,Federal Contract Tower,0,11,2,0,13,0,0,4,0,4,0,11,6,0,17,36,0,36,53
02/20/2022,CWA,WI,AGL,CE,Federal Contract Tower,0,10,0,0,10,0,1,9,0,10,0,11,9,0,20,6,0,6,26
02/21/2022,CWA,WI,AGL,CE,Federal Contract Tower,0,12,0,0,12,0,0,2,0,2,0,12,2,0,14,6,0,6,20
02/22/2022,CWA,WI,AGL,CE,Federal Contract Tower,0,19,2,0,21,0,0,0,0,0,0,19,2,0,21,0,0,0,21
02/23/2022,CWA,WI,AGL,CE,Federal Contract Tower,0,16,5,0,21,0,4,16,0,20,0,20,21,0,41,37,0,37,78
02/24/2022,CWA,WI,AGL,CE,Federal Contract Tower,0,14,2,0,16,0,18,2,0,20,0,32,4,0,36,6,0,6,42
02/25/2022,CWA,WI,AGL,CE,Federal Contract Tower,0,19,2,0,21,0,1,11,0,12,0,20,13,0,33,4,0,4,37
02/26/2022,CWA,WI,AGL,CE,Federal Contract Tower,0,11,4,0,15,0,0,4,0,4,0,11,8,0,19,0,0,0,19
02/27/2022,CWA,WI,AGL,CE,Federal Contract Tower,0,7,2,0,9,0,1,12,0,13,0,8,14,0,22,14,0,14,36
02/28/2022,CWA,WI,AGL,CE,Federal Contract Tower,2,14,3,0,19,0,1,13,0,14,2,15,16,0,33,8,0,8,41
03/01/2022,CWA,WI,AGL,CE,Federal Contract Tower,0,16,3,0,19,0,3,7,0,10,0,19,10,0,29,16,0,16,45
03/02/2022,CWA,WI,AGL,CE,Federal Contract Tower,0,19,6,0,25,0,1,1,0,2,0,20,7,0,27,2,0,2,29
03/03/2022,CWA,WI,AGL,CE,Federal Contract Tower,0,18,4,0,22,0,1,14,0,15,0,19,18,0,37,32,0,32,69
03/04/2022,CWA,WI,AGL,CE,Federal Contract Tower,2,19,6,0,27,0,2,8,0,10,2,21,14,0,37,14,0,14,51
03/05/2022,CWA,WI,AGL,CE,Federal Contract Tower,0,16,2,0,18,0,0,0,0,0,0,16,2,0,18,0,0,0,18
03/06/2022,CWA,WI,AGL,CE,Federal Contract Tower,0,8,0,0,8,0,0,0,0,0,0,8,0,0,8,0,0,0,8
03/07/2022,CWA,WI,AGL,CE,Federal Contract Tower,0,14,0,0,14,0,1,6,0,7,0,15,6,0,21,4,0,4,25
03/08/2022,CWA,WI,AGL,CE,Federal Contract Tower,0,18,8,4,30,0,2,15,0,17,0,20,23,4,47,18,14,32,79
03/09/2022,CWA,WI,AGL,CE,Federal Contract Tower,0,18,3,0,21,0,4,4,0,8,0,22,7,0,29,0,0,0,29
03/10/2022,CWA,WI,AGL,CE,Federal Contract Tower,0,13,1,0,14,0,1,5,0,6,0,14,6,0,20,16,0,16,36
03/11/2022,CWA,WI,AGL,CE,Federal Contract Tower,0,15,6,0,21,0,1,1,0,2,0,16,7,0,23,6,0,6,29
03/12/2022,CWA,WI,AGL,CE,Federal Contract Tower,0,12,3,0,15,0,0,19,0,19,0,12,22,0,34,2,0,2,36
03/13/2022,CWA,WI,AGL,CE,Federal Contract Tower,0,10,2,0,12,0,1,10,0,11,0,11,12,0,23,6,0,6,29
03/14/2022,CWA,WI,AGL,CE,Federal Contract Tower,0,13,4,0,17,0,0,0,0,0,0,13,4,0,17,0,0,0,17
03/15/2022,CWA,WI,AGL,CE,Federal Contract Tower,0,17,2,0,19,0,4,6,0,10,0,21,8,0,29,32,0,32,61
03/16/2022,CWA,WI,AGL,CE,Federal Contract Tower,0,16,3,0,19,0,0,15,0,15,0,16,18,0,34,13,0,13,47
03/17/2022,CWA,WI,AGL,CE,Federal Contract Tower,0,17,3,0,20,0,3,12,0,15,0,20,15,0,35,17,0,17,52
03/18/2022,CWA,WI,AGL,CE,Federal Contract Tower,0,14,6,0,20,0,0,2,0,2,0,14,8,0,22,0,0,0,22
03/19/2022,CWA,WI,AGL,CE,Federal Contract Tower,0,12,1,0,13,0,1,10,0,11,0,13,11,0,24,2,0,2,26
03/20/2022,CWA,WI,AGL,CE,Federal Contract Tower,0,15,2,0,17,0,2,23,0,25,0,17,25,0,42,39,0,39,81
03/21/2022,CWA,WI,AGL,CE,Federal Contract Tower,0,14,1,0,15,0,0,0,0,0,0,14,1,0,15,0,0,0,15
03/22/2022,CWA,WI,AGL,CE,Federal Contract Tower,0,15,1,0,16,0,0,0,0,0,0,15,1,0,16,0,0,0,16
03/23/2022,CWA,WI,AGL,CE,Federal Contract Tower,2,16,4,0,22,0,0,0,0,0,2,16,4,0,22,0,0,0,22
03/24/2022,CWA,WI,AGL,CE,Federal Contract Tower,0,15,6,0,21,0,0,0,0,0,0,15,6,0,21,0,0,0,21
03/25/2022,CWA,WI,AGL,CE,Federal Contract Tower,0,15,3,0,18,0,0,0,0,0,0,15,3,0,18,0,0,0,18
03/26/2022,CWA,WI,AGL,CE,Federal Contract Tower,0,12,3,0,15,0,0,4,0,4,0,12,7,0,19,0,0,0,19
03/27/2022,CWA,WI,AGL,CE,Federal Contract Tower,4,11,4,0,19,0,1,20,0,21,4,12,24,0,40,14,0,14,54
03/28/2022,CWA,WI,AGL,CE,Federal Contract Tower,0,15,3,0,18,0,3,11,0,14,0,18,14,0,32,8,0,8,40
03/29/2022,CWA,WI,AGL,CE,Federal Contract Tower,0,16,3,0,19,0,0,4,0,4,0,16,7,0,23,2,0,2,25
03/30/2022,CWA,WI,AGL,CE,Federal Contract Tower,0,16,1,0,17,0,0,0,0,0,0,16,1,0,17,0,0,0,17
03/31/2022,CWA,WI,AGL,CE,Federal Contract Tower,0,16,11,0,27,0,3,2,0,5,0,19,13,0,32,2,0,2,34
04/01/2022,CWA,WI,AGL,CE,Federal Contract Tower,0,14,7,0,21,0,1,21,0,22,0,15,28,0,43,36,0,36,79
04/02/2022,CWA,WI,AGL,CE,Federal Contract Tower,0,11,0,0,11,0,0,0,0,0,0,11,0,0,11,0,0,0,11
04/03/2022,CWA,WI,AGL,CE,Federal Contract Tower,0,10,4,0,14,0,1,12,0,13,0,11,16,0,27,0,0,0,27
04/04/2022,CWA,WI,AGL,CE,Federal Contract Tower,0,17,0,0,17,0,0,0,0,0,0,17,0,0,17,0,0,0,17
04/05/2022,CWA,WI,AGL,CE,Federal Contract Tower,0,16,6,0,22,0,0,2,0,2,0,16,8,0,24,0,0,0,24
04/06/2022,CWA,WI,AGL,CE,Federal Contract Tower,0,16,0,0,16,0,0,2,0,2,0,16,2,0,18,0,0,0,18
04/07/2022,CWA,WI,AGL,CE,Federal Contract Tower,0,13,3,0,16,0,0,2,0,2,0,13,5,0,18,0,0,0,18
04/08/2022,CWA,WI,AGL,CE,Federal Contract Tower,0,15,5,0,20,0,3,1,0,4,0,18,6,0,24,0,0,0,24
04/09/2022,CWA,WI,AGL,CE,Federal Contract Tower,0,12,3,0,15,0,1,19,0,20,0,13,22,0,35,2,0,2,37
04/10/2022,CWA,WI,AGL,CE,Federal Contract Tower,0,8,0,0,8,0,1,11,0,12,0,9,11,0,20,2,0,2,22
04/11/2022,CWA,WI,AGL,CE,Federal Contract Tower,0,14,1,0,15,0,1,4,0,5,0,15,5,0,20,0,0,0,20
04/12/2022,CWA,WI,AGL,CE,Federal Contract Tower,0,17,1,0,18,0,4,8,0,12,0,21,9,0,30,2,0,2,32
04/13/2022,CWA,WI,AGL,CE,Federal Contract Tower,0,16,0,0,16,0,0,0,0,0,0,16,0,0,16,0,0,0,16
04/14/2022,CWA,WI,AGL,CE,Federal Contract Tower,0,18,5,2,25,0,0,0,0,0,0,18,5,2,25,0,0,0,25
04/15/2022,CWA,WI,AGL,CE,Federal Contract Tower,0,18,7,0,25,0,0,3,0,3,0,18,10,0,28,0,0,0,28
04/16/2022,CWA,WI,AGL,CE,Federal Contract Tower,0,12,2,0,14,0,4,3,0,7,0,16,5,0,21,0,0,0,21
04/17/2022,CWA,WI,AGL,CE,Federal Contract Tower,0,14,4,0,18,0,3,9,1,13,0,17,13,1,31,0,0,0,31
04/18/2022,CWA,WI,AGL,CE,Federal Contract Tower,0,15,0,0,15,0,0,0,0,0,0,15,0,0,15,0,0,0,15
04/19/2022,CWA,WI,AGL,CE,Federal Contract Tower,0,18,4,0,22,0,4,11,0,15,0,22,15,0,37,4,0,4,41
04/20/2022,CWA,WI,AGL,CE,Federal Contract Tower,0,16,0,0,16,0,4,2,0,6,0,20,2,0,22,2,0,2,24
04/21/2022,CWA,WI,AGL,CE,Federal Contract Tower,0,16,8,0,24,0,3,3,0,6,0,19,11,0,30,4,0,4,34
04/22/2022,CWA,WI,AGL,CE,Federal Contract Tower,0,15,2,0,17,0,0,2,0,2,0,15,4,0,19,0,0,0,19
04/23/2022,CWA,WI,AGL,CE,Federal Contract Tower,0,14,4,0,18,0,0,2,0,2,0,14,6,0,20,20,0,20,40
04/24/2022,CWA,WI,AGL,CE,Federal Contract Tower,0,10,0,0,10,0,0,0,0,0,0,10,0,0,10,0,0,0,10
04/25/2022,CWA,WI,AGL,CE,Federal Contract Tower,0,14,0,0,14,0,2,2,0,4,0,16,2,0,18,0,0,0,18
04/26/2022,CWA,WI,AGL,CE,Federal Contract Tower,0,18,5,0,23,0,2,5,0,7,0,20,10,0,30,8,0,8,38
04/27/2022,CWA,WI,AGL,CE,Federal Contract Tower,0,19,3,0,22,0,2,9,0,11,0,21,12,0,33,6,0,6,39
04/28/2022,CWA,WI,AGL,CE,Federal Contract Tower,0,14,3,0,17,0,0,8,0,8,0,14,11,0,25,20,0,20,45
04/29/2022,CWA,WI,AGL,CE,Federal Contract Tower,0,15,4,0,19,0,0,12,0,12,0,15,16,0,31,5,0,5,36
04/30/2022,CWA,WI,AGL,CE,Federal Contract Tower,0,10,2,0,12,0,0,0,0,0,0,10,2,0,12,0,0,0,12
05/01/2022,CWA,WI,AGL,CE,Federal Contract Tower,0,10,3,0,13,0,0,0,0,0,0,10,3,0,13,0,0,0,13
05/02/2022,CWA,WI,AGL,CE,Federal Contract Tower,2,13,3,0,18,0,2,6,0,8,2,15,9,0,26,16,0,16,42
05/03/2022,CWA,WI,AGL,CE,Federal Contract Tower,0,16,1,0,17,0,4,12,0,16,0,20,13,0,33,12,0,12,45
05/04/2022,CWA,WI,AGL,CE,Federal Contract Tower,0,18,3,0,21,0,2,18,0,20,0,20,21,0,41,22,0,22,63
05/05/2022,CWA,WI,AGL,CE,Federal Contract Tower,0,17,5,0,22,0,3,18,0,21,0,20,23,0,43,16,0,16,59
05/06/2022,CWA,WI,AGL,CE,Federal Contract Tower,0,14,6,0,20,0,2,6,0,8,0,16,12,0,28,14,0,14,42
05/07/2022,CWA,WI,AGL,CE,Federal Contract Tower,0,14,0,0,14,0,2,17,0,19,0,16,17,0,33,7,0,7,40
05/08/2022,CWA,WI,AGL,CE,Federal Contract Tower,0,10,0,0,10,0,2,2,0,4,0,12,2,0,14,0,0,0,14
05/09/2022,CWA,WI,AGL,CE,Federal Contract Tower,0,12,3,0,15,0,0,4,0,4,0,12,7,0,19,2,0,2,21
05/10/2022,CWA,WI,AGL,CE,Federal Contract Tower,0,15,7,0,22,0,4,2,0,6,0,19,9,0,28,14,0,14,42
05/11/2022,CWA,WI,AGL,CE,Federal Contract Tower,0,16,0,0,16,0,0,4,0,4,0,16,4,0,20,18,0,18,38
05/12/2022,CWA,WI,AGL,CE,Federal Contract Tower,0,16,0,0,16,0,2,6,0,8,0,18,6,0,24,6,0,6,30
05/13/2022,CWA,WI,AGL,CE,Federal Contract Tower,0,14,4,0,18,0,2,12,0,14,0,16,16,0,32,28,0,28,60
05/14/2022,CWA,WI,AGL,CE,Federal Contract Tower,0,12,2,0,14,0,4,9,0,13,0,16,11,0,27,4,0,4,31
05/15/2022,CWA,WI,AGL,CE,Federal Contract Tower,0,10,3,0,13,0,1,5,0,6,0,11,8,0,19,0,0,0,19
05/16/2022,CWA,WI,AGL,CE,Federal Contract Tower,0,15,4,0,19,0,2,7,0,9,0,17,11,0,28,0,0,0,28
05/17/2022,CWA,WI,AGL,CE,Federal Contract Tower,0,14,3,0,17,0,4,24,0,28,0,18,27,0,45,12,0,12,57
05/18/2022,CWA,WI,AGL,CE,Federal Contract Tower,0,15,0,0,15,0,2,2,0,4,0,17,2,0,19,7,0,7,26
05/19/2022,CWA,WI,AGL,CE,Federal Contract Tower,0,14,10,0,24,0,0,10,0,10,0,14,20,0,34,8,0,8,42
05/20/2022,CWA,WI,AGL,CE,Federal Contract Tower,13,8,0,0,21,0,0,0,0,0,13,8,0,0,21,0,0,0,21
05/21/2022,CWA,WI,AGL,CE,Federal Contract Tower,0,13,0,0,13,0,1,6,0,7,0,14,6,0,20,4,0,4,24
05/22/2022,CWA,WI,AGL,CE,Federal Contract Tower,0,13,4,0,17,0,0,8,0,8,0,13,12,0,25,8,0,8,33
05/23/2022,CWA,WI,AGL,CE,Federal Contract Tower,0,12,2,0,14,0,8,11,0,19,0,20,13,0,33,4,0,4,37
05/24/2022,CWA,WI,AGL,CE,Federal Contract Tower,0,16,5,0,21,0,8,13,0,21,0,24,18,0,42,4,0,4,46
05/25/2022,CWA,WI,AGL,CE,Federal Contract Tower,0,16,0,0,16,0,0,1,0,1,0,16,1,0,17,0,0,0,17
05/26/2022,CWA,WI,AGL,CE,Federal Contract Tower,0,13,4,2,19,0,0,0,0,0,0,13,4,2,19,0,0,0,19
05/27/2022,CWA,WI,AGL,CE,Federal Contract Tower,0,13,9,0,22,0,0,14,0,14,0,13,23,0,36,18,0,18,54
05/28/2022,CWA,WI,AGL,CE,Federal Contract Tower,0,12,3,0,15,0,0,0,0,0,0,12,3,0,15,0,0,0,15
05/29/2022,CWA,WI,AGL,CE,Federal Contract Tower,0,8,0,0,8,0,0,5,0,5,0,8,5,0,13,2,0,2,15
05/30/2022,CWA,WI,AGL,CE,Federal Contract Tower,0,10,7,0,17,0,1,5,0,6,0,11,12,0,23,4,0,4,27
05/31/2022,CWA,WI,AGL,CE,Federal Contract Tower,0,15,0,0,15,0,0,2,0,2,0,15,2,0,17,2,0,2,19
06/01/2022,CWA,WI,AGL,CE,Federal Contract Tower,0,12,3,0,15,0,2,15,0,17,0,14,18,0,32,10,0,10,42
06/02/2022,CWA,WI,AGL,CE,Federal Contract Tower,0,14,4,0,18,0,2,19,0,21,0,16,23,0,39,26,0,26,65
06/03/2022,CWA,WI,AGL,CE,Federal Contract Tower,2,12,5,0,19,0,1,12,0,13,2,13,17,0,32,2,0,2,34
06/04/2022,CWA,WI,AGL,CE,Federal Contract Tower,0,10,0,0,10,0,0,6,0,6,0,10,6,0,16,0,0,0,16
06/05/2022,CWA,WI,AGL,CE,Federal Contract Tower,0,12,2,0,14,0,2,4,0,6,0,14,6,0,20,0,0,0,20
06/06/2022,CWA,WI,AGL,CE,Federal Contract Tower,2,17,6,0,25,0,1,5,0,6,2,18,11,0,31,30,0,30,61
06/07/2022,CWA,WI,AGL,CE,Federal Contract Tower,0,15,4,0,19,0,1,10,0,11,0,16,14,0,30,12,0,12,42
06/08/2022,CWA,WI,AGL,CE,Federal Contract Tower,0,15,6,0,21,0,1,10,0,11,0,16,16,0,32,8,0,8,40
06/09/2022,CWA,WI,AGL,CE,Federal Contract Tower,0,18,5,0,23,0,5,0,0,5,0,23,5,0,28,42,0,42,70
06/10/2022,CWA,WI,AGL,CE,Federal Contract Tower,0,14,5,5,24,0,3,12,7,22,0,17,17,12,46,6,2,8,54
06/11/2022,CWA,WI,AGL,CE,Federal Contract Tower,0,12,1,0,13,0,0,2,0,2,0,12,3,0,15,0,0,0,15
06/12/2022,CWA,WI,AGL,CE,Federal Contract Tower,0,12,0,2,14,0,0,15,0,15,0,12,15,2,29,18,0,18,47
06/13/2022,CWA,WI,AGL,CE,Federal Contract Tower,0,13,3,0,16,0,0,3,0,3,0,13,6,0,19,0,0,0,19
06/14/2022,CWA,WI,AGL,CE,Federal Contract Tower,0,20,6,0,26,0,2,8,4,14,0,22,14,4,40,12,0,12,52
06/15/2022,CWA,WI,AGL,CE,Federal Contract Tower,0,17,4,0,21,0,0,0,0,0,0,17,4,0,21,2,0,2,23
06/16/2022,CWA,WI,AGL,CE,Federal Contract Tower,0,18,4,0,22,0,3,8,0,11,0,21,12,0,33,2,0,2,35
06/17/2022,CWA,WI,AGL,CE,Federal Contract Tower,0,13,5,0,18,0,2,8,0,10,0,15,13,0,28,2,0,2,30
06/18/2022,CWA,WI,AGL,CE,Federal Contract Tower,0,12,3,0,15,0,3,27,0,30,0,15,30,0,45,0,0,0,45
06/19/2022,CWA,WI,AGL,CE,Federal Contract Tower,0,10,2,0,12,0,1,8,0,9,0,11,10,0,21,0,0,0,21
06/20/2022,CWA,WI,AGL,CE,Federal Contract Tower,0,17,4,0,21,0,1,12,0,13,0,18,16,0,34,8,0,8,42
06/21/2022,CWA,WI,AGL,CE,Federal Contract Tower,0,16,3,2,21,0,0,0,2,2,0,16,3,4,23,0,0,0,23
06/22/2022,CWA,WI,AGL,CE,Federal Contract Tower,0,19,6,0,25,0,0,18,4,22,0,19,24,4,47,0,0,0,47
06/23/2022,CWA,WI,AGL,CE,Federal Contract Tower,0,16,8,0,24,0,0,12,0,12,0,16,20,0,36,0,0,0,36
06/24/2022,CWA,WI,AGL,CE,Federal Contract Tower,0,19,2,0,21,0,2,5,0,7,0,21,7,0,28,0,0,0,28
06/25/2022,CWA,WI,AGL,CE,Federal Contract Tower,0,15,0,0,15,0,1,5,0,6,0,16,5,0,21,0,0,0,21
06/26/2022,CWA,WI,AGL,CE,Federal Contract Tower,0,14,2,0,16,0,2,1,0,3,0,16,3,0,19,0,0,0,19
06/27/2022,CWA,WI,AGL,CE,Federal Contract Tower,0,13,3,0,16,0,1,11,0,12,0,14,14,0,28,8,0,8,36
06/28/2022,CWA,WI,AGL,CE,Federal Contract Tower,0,11,1,0,12,0,1,8,0,9,0,12,9,0,21,6,0,6,27
06/29/2022,CWA,WI,AGL,CE,Federal Contract Tower,0,17,7,0,24,0,0,9,0,9,0,17,16,0,33,0,0,0,33
06/30/2022,CWA,WI,AGL,CE,Federal Contract Tower,0,15,2,0,17,0,1,3,0,4,0,16,5,0,21,0,0,0,21
07/01/2022,CWA,WI,AGL,CE,Federal Contract Tower,0,18,1,0,19,0,1,16,0,17,0,19,17,0,36,10,0,10,46
07/02/2022,CWA,WI,AGL,CE,Federal Contract Tower,12,2,0,0,14,0,2,4,0,6,12,4,4,0,20,22,0,22,42
07/03/2022,CWA,WI,AGL,CE,Federal Contract Tower,0,10,1,0,11,0,0,10,0,10,0,10,11,0,21,4,0,4,25
07/04/2022,CWA,WI,AGL,CE,Federal Contract Tower,0,10,3,0,13,0,0,1,0,1,0,10,4,0,14,0,0,0,14
07/05/2022,CWA,WI,AGL,CE,Federal Contract Tower,2,10,5,0,17,0,0,7,0,7,2,10,12,0,24,0,0,0,24
07/06/2022,CWA,WI,AGL,CE,Federal Contract Tower,0,12,2,0,14,0,0,10,0,10,0,12,12,0,24,0,0,0,24
07/07/2022,CWA,WI,AGL,CE,Federal Contract Tower,0,22,2,0,24,0,0,0,0,0,0,22,2,0,24,6,0,6,30
07/08/2022,CWA,WI,AGL,CE,Federal Contract Tower,0,18,5,0,23,0,0,15,0,15,0,18,20,0,38,38,0,38,76
07/09/2022,CWA,WI,AGL,CE,Federal Contract Tower,2,13,1,0,16,0,0,16,0,16,2,13,17,0,32,6,0,6,38
07/10/2022,CWA,WI,AGL,CE,Federal Contract Tower,0,11,5,0,16,0,0,14,0,14,0,11,19,0,30,18,0,18,48
07/11/2022,CWA,WI,AGL,CE,Federal Contract Tower,0,12,4,0,16,0,3,4,0,7,0,15,8,0,23,8,0,8,31
07/12/2022,CWA,WI,AGL,CE,Federal Contract Tower,0,14,7,0,21,0,1,3,0,4,0,15,10,0,25,14,0,14,39
07/13/2022,CWA,WI,AGL,CE,Federal Contract Tower,0,13,4,0,17,0,0,7,0,7,0,13,11,0,24,25,0,25,49
07/14/2022,CWA,WI,AGL,CE,Federal Contract Tower,0,13,1,0,14,0,0,17,0,17,0,13,18,0,31,20,0,20,51
07/15/2022,CWA,WI,AGL,CE,Federal Contract Tower,0,12,5,0,17,0,0,2,0,2,0,12,7,0,19,4,0,4,23
07/16/2022,CWA,WI,AGL,CE,Federal Contract Tower,0,10,1,0,11,0,1,13,0,14,0,11,14,0,25,0,0,0,25
07/17/2022,CWA,WI,AGL,CE,Federal Contract Tower,0,10,3,0,13,0,1,14,0,15,0,11,17,0,28,10,0,10,38
07/18/2022,CWA,WI,AGL,CE,Federal Contract Tower,0,13,3,0,16,0,0,8,2,10,0,13,11,2,26,22,8,30,56
07/19/2022,CWA,WI,AGL,CE,Federal Contract Tower,0,14,8,0,22,0,10,1,0,11,0,24,9,0,33,6,0,6,39
07/20/2022,CWA,WI,AGL,CE,Federal Contract Tower,0,17,11,0,28,0,0,11,0,11,0,17,22,0,39,0,0,0,39
07/21/2022,CWA,WI,AGL,CE,Federal Contract Tower,0,12,15,0,27,0,1,175,0,176,0,13,190,0,203,15,0,15,218
07/22/2022,CWA,WI,AGL,CE,Federal Contract Tower,0,15,5,0,20,0,0,175,0,175,0,15,180,0,195,0,0,0,195
07/23/2022,CWA,WI,AGL,CE,Federal Contract Tower,0,13,3,0,16,0,0,56,0,56,0,13,59,0,72,6,0,6,78
07/24/2022,CWA,WI,AGL,CE,Federal Contract Tower,0,9,4,0,13,0,0,28,0,28,0,9,32,0,41,6,0,6,47
07/25/2022,CWA,WI,AGL,CE,Federal Contract Tower,0,18,3,0,21,0,3,15,0,18,0,21,18,0,39,26,0,26,65
07/26/2022,CWA,WI,AGL,CE,Federal Contract Tower,0,15,5,0,20,0,0,15,0,15,0,15,20,0,35,10,0,10,45
07/27/2022,CWA,WI,AGL,CE,Federal Contract Tower,0,12,10,0,22,0,2,8,2,12,0,14,18,2,34,36,0,36,70
07/28/2022,CWA,WI,AGL,CE,Federal Contract Tower,0,19,4,0,23,0,0,5,0,5,0,19,9,0,28,8,0,8,36
07/29/2022,CWA,WI,AGL,CE,Federal Contract Tower,0,17,5,0,22,0,0,14,0,14,0,17,19,0,36,0,0,0,36
07/30/2022,CWA,WI,AGL,CE,Federal Contract Tower,0,12,1,0,13,0,1,6,0,7,0,13,7,0,20,12,0,12,32
07/31/2022,CWA,WI,AGL,CE,Federal Contract Tower,0,13,3,0,16,0,1,23,0,24,0,14,26,0,40,30,0,30,70
08/01/2022,CWA,WI,AGL,CE,Federal Contract Tower,0,13,5,0,18,0,2,11,0,13,0,15,16,0,31,8,0,8,39
08/02/2022,CWA,WI,AGL,CE,Federal Contract Tower,0,14,0,0,14,0,3,13,0,16,0,17,13,0,30,10,0,10,40
08/03/2022,CWA,WI,AGL,CE,Federal Contract Tower,0,13,4,0,17,0,1,8,0,9,0,14,12,0,26,10,0,10,36
08/04/2022,CWA,WI,AGL,CE,Federal Contract Tower,1,14,2,0,17,0,0,23,0,23,1,14,25,0,40,30,0,30,70
08/05/2022,CWA,WI,AGL,CE,Federal Contract Tower,0,16,3,0,19,0,1,4,0,5,0,17,7,0,24,14,0,14,38
08/06/2022,CWA,WI,AGL,CE,Federal Contract Tower,0,15,3,0,18,0,0,4,0,4,0,15,7,0,22,0,0,0,22
08/07/2022,CWA,WI,AGL,CE,Federal Contract Tower,0,11,2,0,13,0,0,0,0,0,0,11,2,0,13,0,0,0,13
08/08/2022,CWA,WI,AGL,CE,Federal Contract Tower,2,14,3,0,19,0,1,6,1,8,2,15,9,1,27,2,0,2,29
08/09/2022,CWA,WI,AGL,CE,Federal Contract Tower,0,13,7,0,20,0,2,17,0,19,0,15,24,0,39,18,0,18,57
08/10/2022,CWA,WI,AGL,CE,Federal Contract Tower,0,18,6,0,24,0,0,9,0,9,0,18,15,0,33,0,0,0,33
08/11/2022,CWA,WI,AGL,CE,Federal Contract Tower,0,17,5,0,22,0,0,6,0,6,0,17,11,0,28,4,0,4,32
08/12/2022,CWA,WI,AGL,CE,Federal Contract Tower,0,14,5,0,19,0,2,6,0,8,0,16,11,0,27,2,0,2,29
08/13/2022,CWA,WI,AGL,CE,Federal Contract Tower,0,13,5,0,18,0,0,0,0,0,0,13,5,0,18,0,0,0,18
08/14/2022,CWA,WI,AGL,CE,Federal Contract Tower,0,12,4,0,16,0,3,4,0,7,0,15,8,0,23,0,0,0,23
08/15/2022,CWA,WI,AGL,CE,Federal Contract Tower,0,16,5,0,21,0,2,5,0,7,0,18,10,0,28,0,0,0,28
08/16/2022,CWA,WI,AGL,CE,Federal Contract Tower,0,13,4,1,18,0,4,21,2,27,0,17,25,3,45,10,10,20,65
08/17/2022,CWA,WI,AGL,CE,Federal Contract Tower,0,16,9,0,25,0,2,6,0,8,0,18,15,0,33,6,0,6,39
08/18/2022,CWA,WI,AGL,CE,Federal Contract Tower,0,17,7,0,24,0,1,0,0,1,0,18,7,0,25,0,0,0,25
08/19/2022,CWA,WI,AGL,CE,Federal Contract Tower,0,17,7,0,24,0,1,0,0,1,0,18,7,0,25,0,0,0,25
08/20/2022,CWA,WI,AGL,CE,Federal Contract Tower,0,10,3,0,13,0,1,4,0,5,0,11,7,0,18,14,0,14,32
08/21/2022,CWA,WI,AGL,CE,Federal Contract Tower,0,11,5,0,16,0,3,2,0,5,0,14,7,0,21,0,0,0,21
08/22/2022,CWA,WI,AGL,CE,Federal Contract Tower,0,11,2,0,13,0,2,20,2,24,0,13,22,2,37,22,0,22,59
08/23/2022,CWA,WI,AGL,CE,Federal Contract Tower,0,23,3,0,26,0,6,17,0,23,0,29,20,0,49,8,0,8,57
08/24/2022,CWA,WI,AGL,CE,Federal Contract Tower,0,19,16,0,35,0,2,11,0,13,0,21,27,0,48,2,0,2,50
08/25/2022,CWA,WI,AGL,CE,Federal Contract Tower,0,16,8,0,24,0,0,2,0,2,0,16,10,0,26,0,0,0,26
08/26/2022,CWA,WI,AGL,CE,Federal Contract Tower,0,18,3,0,21,0,1,17,0,18,0,19,20,0,39,2,0,2,41
08/27/2022,CWA,WI,AGL,CE,Federal Contract Tower,0,15,7,0,22,0,1,0,0,1,0,16,7,0,23,0,0,0,23
08/28/2022,CWA,WI,AGL,CE,Federal Contract Tower,0,12,4,0,16,0,1,1,0,2,0,13,5,0,18,0,0,0,18
08/29/2022,CWA,WI,AGL,CE,Federal Contract Tower,0,13,8,0,21,0,2,10,0,12,0,15,18,0,33,4,0,4,37
08/30/2022,CWA,WI,AGL,CE,Federal Contract Tower,0,20,5,0,25,0,2,20,0,22,0,22,25,0,47,12,0,12,59
08/31/2022,CWA,WI,AGL,CE,Federal Contract Tower,0,18,7,0,25,0,0,12,0,12,0,18,19,0,37,1,0,1,38
09/01/2022,CWA,WI,AGL,CE,Federal Contract Tower,2,16,4,0,22,0,2,18,0,20,2,18,22,0,42,20,0,20,62
09/02/2022,CWA,WI,AGL,CE,Federal Contract Tower,0,15,4,0,19,0,1,3,0,4,0,16,7,0,23,0,0,0,23
09/03/2022,CWA,WI,AGL,CE,Federal Contract Tower,0,14,5,0,19,0,1,10,0,11,0,15,15,0,30,18,0,18,48
09/04/2022,CWA,WI,AGL,CE,Federal Contract Tower,0,11,8,0,19,0,3,4,0,7,0,14,12,0,26,0,0,0,26
09/05/2022,CWA,WI,AGL,CE,Federal Contract Tower,3,10,8,0,21,0,0,6,0,6,3,10,14,0,27,30,0,30,57
09/06/2022,CWA,WI,AGL,CE,Federal Contract Tower,0,19,4,0,23,0,3,4,0,7,0,22,8,0,30,4,0,4,34
09/07/2022,CWA,WI,AGL,CE,Federal Contract Tower,0,16,3,0,19,0,3,14,2,19,0,19,17,2,38,16,0,16,54
09/08/2022,CWA,WI,AGL,CE,Federal Contract Tower,0,23,9,0,32,0,1,7,1,9,0,24,16,1,41,4,0,4,45
09/09/2022,CWA,WI,AGL,CE,Federal Contract Tower,0,14,4,0,18,0,1,10,0,11,0,15,14,0,29,0,0,0,29
09/10/2022,CWA,WI,AGL,CE,Federal Contract Tower,0,12,4,0,16,0,0,0,0,0,0,12,4,0,16,0,0,0,16
09/11/2022,CWA,WI,AGL,CE,Federal Contract Tower,0,12,6,0,18,0,2,4,0,6,0,14,10,0,24,0,0,0,24
09/12/2022,CWA,WI,AGL,CE,Federal Contract Tower,0,15,7,0,22,0,0,2,0,2,0,15,9,0,24,0,0,0,24
09/13/2022,CWA,WI,AGL,CE,Federal Contract Tower,0,21,6,0,27,0,4,20,0,24,0,25,26,0,51,10,0,10,61
09/14/2022,CWA,WI,AGL,CE,Federal Contract Tower,0,23,1,0,24,0,0,7,0,7,0,23,8,0,31,12,0,12,43
09/15/2022,CWA,WI,AGL,CE,Federal Contract Tower,0,22,9,0,31,0,0,17,0,17,0,22,26,0,48,14,0,14,62
09/16/2022,CWA,WI,AGL,CE,Federal Contract Tower,0,15,4,0,19,0,1,3,0,4,0,16,7,0,23,0,0,0,23
09/17/2022,CWA,WI,AGL,CE,Federal Contract Tower,0,12,2,0,14,0,3,11,0,14,0,15,13,0,28,0,0,0,28
09/18/2022,CWA,WI,AGL,CE,Federal Contract Tower,0,10,6,0,16,0,1,5,0,6,0,11,11,0,22,2,0,2,24
09/19/2022,CWA,WI,AGL,CE,Federal Contract Tower,0,14,5,0,19,0,1,15,0,16,0,15,20,0,35,4,0,4,39
09/20/2022,CWA,WI,AGL,CE,Federal Contract Tower,0,18,6,0,24,0,0,6,0,6,0,18,12,0,30,0,0,0,30
09/21/2022,CWA,WI,AGL,CE,Federal Contract Tower,0,18,7,0,25,0,0,14,0,14,0,18,21,0,39,0,0,0,39
09/22/2022,CWA,WI,AGL,CE,Federal Contract Tower,0,20,11,0,31,0,0,8,0,8,0,20,19,0,39,4,0,4,43
09/23/2022,CWA,WI,AGL,CE,Federal Contract Tower,0,20,0,0,20,0,3,5,0,8,0,23,5,0,28,0,0,0,28
09/24/2022,CWA,WI,AGL,CE,Federal Contract Tower,0,12,6,0,18,0,0,0,0,0,0,12,6,0,18,0,0,0,18
09/25/2022,CWA,WI,AGL,CE,Federal Contract Tower,0,10,10,0,20,0,0,3,0,3,0,10,13,0,23,0,0,0,23
09/26/2022,CWA,WI,AGL,CE,Federal Contract Tower,0,14,5,0,19,0,2,4,0,6,0,16,9,0,25,12,0,12,37
09/27/2022,CWA,WI,AGL,CE,Federal Contract Tower,0,17,5,2,24,0,2,3,0,5,0,19,8,2,29,0,0,0,29
09/28/2022,CWA,WI,AGL,CE,Federal Contract Tower,0,18,6,0,24,0,0,16,0,16,0,18,22,0,40,0,0,0,40
09/29/2022,CWA,WI,AGL,CE,Federal Contract Tower,0,19,9,0,28,0,1,6,0,7,0,20,15,0,35,18,0,18,53
09/30/2022,CWA,WI,AGL,CE,Federal Contract Tower,0,17,7,0,24,0,1,5,0,6,0,18,12,0,30,4,2,6,36
10/01/2022,CWA,WI,AGL,CE,Federal Contract Tower,0,14,5,0,19,0,1,7,0,8,0,15,12,0,27,4,0,4,31
10/02/2022,CWA,WI,AGL,CE,Federal Contract Tower,0,11,12,0,23,0,2,11,0,13,0,13,23,0,36,6,0,6,42
10/03/2022,CWA,WI,AGL,CE,Federal Contract Tower,1,15,5,0,21,0,3,11,0,14,1,18,16,0,35,0,0,0,35
10/04/2022,CWA,WI,AGL,CE,Federal Contract Tower,0,13,2,0,15,0,2,8,0,10,0,15,10,0,25,12,0,12,37
10/05/2022,CWA,WI,AGL,CE,Federal Contract Tower,0,20,7,0,27,0,0,4,0,4,0,20,11,0,31,2,0,2,33
10/06/2022,CWA,WI,AGL,CE,Federal Contract Tower,2,19,3,0,24,0,0,3,0,3,2,19,6,0,27,2,0,2,29
10/07/2022,CWA,WI,AGL,CE,Federal Contract Tower,0,18,6,0,24,0,2,11,0,13,0,20,17,0,37,0,0,0,37
10/08/2022,CWA,WI,AGL,CE,Federal Contract Tower,0,12,0,0,12,0,2,9,0,11,0,14,9,0,23,0,0,0,23
10/09/2022,CWA,WI,AGL,CE,Federal Contract Tower,0,10,2,0,12,0,2,10,0,12,0,12,12,0,24,4,0,4,28
10/10/2022,CWA,WI,AGL,CE,Federal Contract Tower,2,16,9,0,27,0,4,7,0,11,2,20,16,0,38,4,0,4,42
10/11/2022,CWA,WI,AGL,CE,Federal Contract Tower,0,15,6,0,21,0,2,8,0,10,0,17,14,0,31,0,0,0,31
10/12/2022,CWA,WI,AGL,CE,Federal Contract Tower,0,18,2,0,20,0,2,1,0,3,0,20,3,0,23,6,0,6,29
10/13/2022,CWA,WI,AGL,CE,Federal Contract Tower,0,18,2,2,22,0,0,1,0,1,0,18,3,2,23,1,0,1,24
10/14/2022,CWA,WI,AGL,CE,Federal Contract Tower,0,15,4,0,19,0,0,0,0,0,0,15,4,0,19,0,0,0,19
10/15/2022,CWA,WI,AGL,CE,Federal Contract Tower,0,15,6,0,21,0,1,3,0,4,0,16,9,0,25,0,0,0,25
10/16/2022,CWA,WI,AGL,CE,Federal Contract Tower,0,12,4,0,16,0,0,3,0,3,0,12,7,0,19,0,0,0,19
10/17/2022,CWA,WI,AGL,CE,Federal Contract Tower,0,13,5,0,18,0,0,2,0,2,0,13,7,0,20,0,0,0,20
10/18/2022,CWA,WI,AGL,CE,Federal Contract Tower,0,17,3,0,20,0,1,1,0,2,0,18,4,0,22,0,0,0,22
10/19/2022,CWA,WI,AGL,CE,Federal Contract Tower,0,17,4,0,21,0,0,9,0,9,0,17,13,0,30,18,0,18,48
10/20/2022,CWA,WI,AGL,CE,Federal Contract Tower,0,20,4,2,26,0,0,7,2,9,0,20,11,4,35,14,0,14,49
10/21/2022,CWA,WI,AGL,CE,Federal Contract Tower,0,19,3,0,22,0,1,7,0,8,0,20,10,0,30,2,0,2,32
10/22/2022,CWA,WI,AGL,CE,Federal Contract Tower,0,13,1,0,14,0,0,12,0,12,0,13,13,0,26,0,0,0,26
10/23/2022,CWA,WI,AGL,CE,Federal Contract Tower,0,9,1,0,10,0,6,4,0,10,0,15,5,0,20,0,0,0,20
10/24/2022,CWA,WI,AGL,CE,Federal Contract Tower,0,15,5,0,20,0,2,5,0,7,0,17,10,0,27,2,0,2,29
10/25/2022,CWA,WI,AGL,CE,Federal Contract Tower,0,17,5,0,22,0,1,2,2,5,0,18,7,2,27,2,0,2,29
10/26/2022,CWA,WI,AGL,CE,Federal Contract Tower,0,16,6,0,22,0,0,4,0,4,0,16,10,0,26,0,0,0,26
10/27/2022,CWA,WI,AGL,CE,Federal Contract Tower,0,20,12,0,32,0,0,21,0,21,0,20,33,0,53,34,0,34,87
10/28/2022,CWA,WI,AGL,CE,Federal Contract Tower,0,17,3,0,20,0,0,7,0,7,0,17,10,0,27,2,0,2,29
10/29/2022,CWA,WI,AGL,CE,Federal Contract Tower,0,12,4,0,16,0,0,7,0,7,0,12,11,0,23,18,0,18,41
10/30/2022,CWA,WI,AGL,CE,Federal Contract Tower,0,9,5,0,14,0,4,14,0,18,0,13,19,0,32,20,0,20,52
10/31/2022,CWA,WI,AGL,CE,Federal Contract Tower,0,13,3,0,16,0,3,13,0,16,0,16,16,0,32,20,0,20,52
11/01/2022,CWA,WI,AGL,CE,Federal Contract Tower,0,23,4,0,27,0,0,5,0,5,0,23,9,0,32,22,0,22,54
11/02/2022,CWA,WI,AGL,CE,Federal Contract Tower,0,19,6,0,25,0,0,6,0,6,0,19,12,0,31,4,0,4,35
11/03/2022,CWA,WI,AGL,CE,Federal Contract Tower,0,22,2,0,24,0,0,5,0,5,0,22,7,0,29,12,0,12,41
11/04/2022,CWA,WI,AGL,CE,Federal Contract Tower,0,15,11,0,26,0,0,0,0,0,0,15,11,0,26,0,0,0,26
11/05/2022,CWA,WI,AGL,CE,Federal Contract Tower,0,10,4,0,14,0,0,0,0,0,0,10,4,0,14,0,0,0,14
11/06/2022,CWA,WI,AGL,CE,Federal Contract Tower,0,14,8,0,22,0,2,5,0,7,0,16,13,0,29,0,0,0,29
11/07/2022,CWA,WI,AGL,CE,Federal Contract Tower,0,14,7,0,21,0,0,8,0,8,0,14,15,0,29,8,0,8,37
11/08/2022,CWA,WI,AGL,CE,Federal Contract Tower,0,17,12,0,29,0,0,5,0,5,0,17,17,0,34,4,0,4,38
11/09/2022,CWA,WI,AGL,CE,Federal Contract Tower,0,20,5,0,25,0,0,2,0,2,0,20,7,0,27,0,0,0,27
11/10/2022,CWA,WI,AGL,CE,Federal Contract Tower,0,33,4,0,37,0,0,2,0,2,0,33,6,0,39,0,0,0,39
11/11/2022,CWA,WI,AGL,CE,Federal Contract Tower,0,17,2,0,19,0,2,4,0,6,0,19,6,0,25,0,0,0,25
11/12/2022,CWA,WI,AGL,CE,Federal Contract Tower,0,13,3,0,16,0,2,5,0,7,0,15,8,0,23,0,0,0,23
11/13/2022,CWA,WI,AGL,CE,Federal Contract Tower,0,12,0,0,12,0,2,15,0,17,0,14,15,0,29,26,0,26,55
11/14/2022,CWA,WI,AGL,CE,Federal Contract Tower,0,15,3,0,18,0,0,2,0,2,0,15,5,0,20,4,0,4,24
11/15/2022,CWA,WI,AGL,CE,Federal Contract Tower,0,22,3,0,25,0,0,0,0,0,0,22,3,0,25,0,0,0,25
11/16/2022,CWA,WI,AGL,CE,Federal Contract Tower,0,32,7,0,39,0,2,8,0,10,0,34,15,0,49,4,0,4,53
11/17/2022,CWA,WI,AGL,CE,Federal Contract Tower,0,18,5,0,23,0,0,0,0,0,0,18,5,0,23,0,0,0,23
11/18/2022,CWA,WI,AGL,CE,Federal Contract Tower,0,23,1,0,24,0,0,3,0,3,0,23,4,0,27,12,0,12,39
11/19/2022,CWA,WI,AGL,CE,Federal Contract Tower,0,12,3,0,15,0,0,0,0,0,0,12,3,0,15,0,0,0,15
11/20/2022,CWA,WI,AGL,CE,Federal Contract Tower,0,14,3,0,17,0,3,7,0,10,0,17,10,0,27,0,0,0,27
11/21/2022,CWA,WI,AGL,CE,Federal Contract Tower,0,12,6,0,18,0,2,6,0,8,0,14,12,0,26,0,0,0,26
11/22/2022,CWA,WI,AGL,CE,Federal Contract Tower,0,22,5,0,27,0,0,9,0,9,0,22,14,0,36,0,0,0,36
11/23/2022,CWA,WI,AGL,CE,Federal Contract Tower,0,18,9,0,27,0,0,15,0,15,0,18,24,0,42,14,0,14,56
11/24/2022,CWA,WI,AGL,CE,Federal Contract Tower,0,6,0,0,6,0,0,0,0,0,0,6,0,0,6,0,0,0,6
11/25/2022,CWA,WI,AGL,CE,Federal Contract Tower,0,17,1,0,18,0,2,8,0,10,0,19,9,0,28,22,0,22,50
11/26/2022,CWA,WI,AGL,CE,Federal Contract Tower,0,14,0,0,14,0,5,2,0,7,0,19,2,0,21,14,0,14,35
11/27/2022,CWA,WI,AGL,CE,Federal Contract Tower,0,10,1,0,11,0,1,6,0,7,0,11,7,0,18,4,0,4,22
11/28/2022,CWA,WI,AGL,CE,Federal Contract Tower,0,13,3,0,16,0,2,18,0,20,0,15,21,0,36,4,0,4,40
11/29/2022,CWA,WI,AGL,CE,Federal Contract Tower,0,13,11,0,24,0,0,0,0,0,0,13,11,0,24,0,0,0,24
11/30/2022,CWA,WI,AGL,CE,Federal Contract Tower,0,17,1,0,18,0,1,9,0,10,0,18,10,0,28,0,0,0,28
12/01/2022,CWA,WI,AGL,CE,Federal Contract Tower,0,19,6,0,25,0,14,15,0,29,0,33,21,0,54,14,0,14,68
12/02/2022,CWA,WI,AGL,CE,Federal Contract Tower,0,17,0,0,17,0,1,13,0,14,0,18,13,0,31,16,0,16,47
12/03/2022,CWA,WI,AGL,CE,Federal Contract Tower,0,11,2,0,13,0,4,9,2,15,0,15,11,2,28,8,0,8,36
12/04/2022,CWA,WI,AGL,CE,Federal Contract Tower,0,11,6,0,17,0,3,14,0,17,0,14,20,0,34,0,0,0,34
12/05/2022,CWA,WI,AGL,CE,Federal Contract Tower,0,15,3,0,18,0,2,10,0,12,0,17,13,0,30,18,0,18,48
12/06/2022,CWA,WI,AGL,CE,Federal Contract Tower,0,22,5,0,27,0,0,7,0,7,0,22,12,0,34,2,0,2,36
12/07/2022,CWA,WI,AGL,CE,Federal Contract Tower,0,18,5,0,23,0,0,3,0,3,0,18,8,0,26,14,0,14,40
12/08/2022,CWA,WI,AGL,CE,Federal Contract Tower,0,18,6,0,24,0,1,9,0,10,0,19,15,0,34,12,0,12,46
12/09/2022,CWA,WI,AGL,CE,Federal Contract Tower,0,17,3,0,20,0,0,0,0,0,0,17,3,0,20,0,0,0,20
12/10/2022,CWA,WI,AGL,CE,Federal Contract Tower,2,15,2,0,19,0,0,0,0,0,2,15,2,0,19,0,0,0,19
12/11/2022,CWA,WI,AGL,CE,Federal Contract Tower,0,10,1,0,11,0,0,0,0,0,0,10,1,0,11,0,0,0,11
12/12/2022,CWA,WI,AGL,CE,Federal Contract Tower,0,15,3,0,18,0,1,4,0,5,0,16,7,0,23,14,0,14,37
12/13/2022,CWA,WI,AGL,CE,Federal Contract Tower,0,23,3,0,26,0,0,0,0,0,0,23,3,0,26,0,0,0,26
12/14/2022,CWA,WI,AGL,CE,Federal Contract Tower,0,16,3,0,19,0,0,0,0,0,0,16,3,0,19,0,0,0,19
12/15/2022,CWA,WI,AGL,CE,Federal Contract Tower,0,15,9,0,24,0,0,0,0,0,0,15,9,0,24,0,0,0,24
12/16/2022,CWA,WI,AGL,CE,Federal Contract Tower,0,18,2,0,20,0,0,0,0,0,0,18,2,0,20,0,0,0,20
12/17/2022,CWA,WI,AGL,CE,Federal Contract Tower,0,12,5,0,17,0,0,0,0,0,0,12,5,0,17,0,0,0,17
12/18/2022,CWA,WI,AGL,CE,Federal Contract Tower,0,10,2,0,12,0,0,2,0,2,0,10,4,0,14,0,0,0,14
12/19/2022,CWA,WI,AGL,CE,Federal Contract Tower,0,15,4,0,19,0,0,0,0,0,0,15,4,0,19,0,0,0,19
12/20/2022,CWA,WI,AGL,CE,Federal Contract Tower,0,35,0,0,35,0,1,7,0,8,0,36,7,0,43,6,0,6,49
12/21/2022,CWA,WI,AGL,CE,Federal Contract Tower,0,18,8,0,26,0,0,1,0,1,0,18,9,0,27,0,0,0,27
12/22/2022,CWA,WI,AGL,CE,Federal Contract Tower,0,27,3,0,30,0,0,0,0,0,0,27,3,0,30,0,0,0,30
12/23/2022,CWA,WI,AGL,CE,Federal Contract Tower,0,6,0,0,6,0,0,0,0,0,0,6,0,0,6,0,0,0,6
12/24/2022,CWA,WI,AGL,CE,Federal Contract Tower,0,7,0,0,7,0,0,2,0,2,0,7,2,0,9,0,0,0,9
12/25/2022,CWA,WI,AGL,CE,Federal Contract Tower,0,6,1,0,7,0,0,4,0,4,0,6,5,0,11,0,0,0,11
12/26/2022,CWA,WI,AGL,CE,Federal Contract Tower,0,10,0,0,10,0,0,9,0,9,0,10,9,0,19,2,0,2,21
12/27/2022,CWA,WI,AGL,CE,Federal Contract Tower,0,18,2,0,20,0,0,0,0,0,0,18,2,0,20,0,0,0,20
12/28/2022,CWA,WI,AGL,CE,Federal Contract Tower,0,17,8,0,25,0,1,8,0,9,0,18,16,0,34,0,0,0,34
12/29/2022,CWA,WI,AGL,CE,Federal Contract Tower,0,15,2,0,17,0,0,0,0,0,0,15,2,0,17,0,0,0,17
12/30/2022,CWA,WI,AGL,CE,Federal Contract Tower,0,24,5,0,29,0,0,0,0,0,0,24,5,0,29,0,0,0,29
12/31/2022,CWA,WI,AGL,CE,Federal Contract Tower,0,11,2,0,13,0,0,0,0,0,0,11,2,0,13,0,0,0,13
01/01/2023,CWA,WI,AGL,CE,Federal Contract Tower,0,10,2,0,12,0,0,4,0,4,0,10,6,0,16,0,0,0,16
01/02/2023,CWA,WI,AGL,CE,Federal Contract Tower,0,10,4,0,14,0,0,0,0,0,0,10,4,0,14,0,0,0,14
01/03/2023,CWA,WI,AGL,CE,Federal Contract Tower,0,10,0,0,10,0,0,0,0,0,0,10,0,0,10,0,0,0,10
01/04/2023,CWA,WI,AGL,CE,Federal Contract Tower,0,18,0,0,18,0,0,0,0,0,0,18,0,0,18,0,0,0,18
01/05/2023,CWA,WI,AGL,CE,Federal Contract Tower,0,21,10,0,31,0,0,0,0,0,0,21,10,0,31,0,0,0,31
01/06/2023,CWA,WI,AGL,CE,Federal Contract Tower,0,19,4,0,23,0,0,0,0,0,0,19,4,0,23,0,0,0,23
01/07/2023,CWA,WI,AGL,CE,Federal Contract Tower,0,17,1,0,18,0,0,0,0,0,0,17,1,0,18,0,0,0,18
01/08/2023,CWA,WI,AGL,CE,Federal Contract Tower,0,10,7,0,17,0,0,0,0,0,0,10,7,0,17,0,0,0,17
01/09/2023,CWA,WI,AGL,CE,Federal Contract Tower,3,10,4,0,17,0,0,0,0,0,3,10,4,0,17,0,0,0,17
01/10/2023,CWA,WI,AGL,CE,Federal Contract Tower,0,7,3,0,10,0,0,0,0,0,0,7,3,0,10,0,0,0,10
01/11/2023,CWA,WI,AGL,CE,Federal Contract Tower,5,9,1,0,15,0,0,0,0,0,5,9,1,0,15,0,0,0,15
01/12/2023,CWA,WI,AGL,CE,Federal Contract Tower,5,13,0,0,18,0,0,1,0,1,5,13,1,0,19,0,0,0,19
01/13/2023,CWA,WI,AGL,CE,Federal Contract Tower,4,9,3,0,16,0,0,3,0,3,4,9,6,0,19,0,0,0,19
01/14/2023,CWA,WI,AGL,CE,Federal Contract Tower,4,3,0,0,7,0,0,8,0,8,4,3,8,0,15,0,0,0,15
01/15/2023,CWA,WI,AGL,CE,Federal Contract Tower,4,5,1,0,10,0,3,14,0,17,4,8,15,0,27,6,0,6,33
01/16/2023,CWA,WI,AGL,CE,Federal Contract Tower,4,6,3,0,13,0,0,0,0,0,4,6,3,0,13,0,0,0,13
01/17/2023,CWA,WI,AGL,CE,Federal Contract Tower,4,9,3,0,16,0,0,0,0,0,4,9,3,0,16,0,0,0,16
01/18/2023,CWA,WI,AGL,CE,Federal Contract Tower,4,7,4,0,15,0,0,1,0,1,4,7,5,0,16,0,0,0,16
01/19/2023,CWA,WI,AGL,CE,Federal Contract Tower,4,12,5,0,21,0,0,0,0,0,4,12,5,0,21,0,0,0,21
01/20/2023,CWA,WI,AGL,CE,Federal Contract Tower,4,13,1,0,18,0,0,0,0,0,4,13,1,0,18,0,0,0,18
01/21/2023,CWA,WI,AGL,CE,Federal Contract Tower,4,9,2,0,15,0,0,0,0,0,4,9,2,0,15,0,0,0,15
01/22/2023,CWA,WI,AGL,CE,Federal Contract Tower,0,5,5,0,10,0,0,0,0,0,0,5,5,0,10,0,0,0,10
01/23/2023,CWA,WI,AGL,CE,Federal Contract Tower,5,5,2,0,12,0,0,0,0,0,5,5,2,0,12,0,0,0,12
01/24/2023,CWA,WI,AGL,CE,Federal Contract Tower,6,6,3,0,15,0,1,0,0,1,6,7,3,0,16,0,0,0,16
01/25/2023,CWA,WI,AGL,CE,Federal Contract Tower,4,10,2,0,16,0,0,0,0,0,4,10,2,0,16,0,0,0,16
01/26/2023,CWA,WI,AGL,CE,Federal Contract Tower,5,12,8,0,25,0,2,0,0,2,5,14,8,0,27,0,0,0,27
01/27/2023,CWA,WI,AGL,CE,Federal Contract Tower,3,11,2,0,16,0,0,0,0,0,3,11,2,0,16,0,0,0,16
01/28/2023,CWA,WI,AGL,CE,Federal Contract Tower,6,3,4,0,13,0,1,9,0,10,6,4,13,0,23,0,0,0,23
01/29/2023,CWA,WI,AGL,CE,Federal Contract Tower,4,4,4,0,12,0,0,10,0,10,4,4,14,0,22,0,0,0,22
01/30/2023,CWA,WI,AGL,CE,Federal Contract Tower,4,7,2,0,13,0,3,2,0,5,4,10,4,0,18,0,0,0,18
01/31/2023,CWA,WI,AGL,CE,Federal Contract Tower,4,11,7,0,22,0,0,0,0,0,4,11,7,0,22,0,0,0,22
02/01/2023,CWA,WI,AGL,CE,Federal Contract Tower,4,11,2,0,17,0,0,0,0,0,4,11,2,0,17,0,0,0,17
02/02/2023,CWA,WI,AGL,CE,Federal Contract Tower,5,10,7,1,23,0,0,1,1,2,5,10,8,2,25,6,0,6,31
02/03/2023,CWA,WI,AGL,CE,Federal Contract Tower,4,9,5,0,18,0,0,3,0,3,4,9,8,0,21,0,0,0,21
02/04/2023,CWA,WI,AGL,CE,Federal Contract Tower,4,10,0,0,14,0,1,9,0,10,4,11,9,0,24,8,0,8,32
02/05/2023,CWA,WI,AGL,CE,Federal Contract Tower,4,4,8,0,16,0,0,6,0,6,4,4,14,0,22,2,0,2,24
02/06/2023,CWA,WI,AGL,CE,Federal Contract Tower,4,7,4,0,15,0,0,4,0,4,4,7,8,0,19,2,0,2,21
02/07/2023,CWA,WI,AGL,CE,Federal Contract Tower,4,15,4,0,23,0,0,0,0,0,4,15,4,0,23,8,0,8,31
02/09/2023,CWA,WI,AGL,CE,Federal Contract Tower,6,14,0,0,20,0,0,5,0,5,6,14,5,0,25,2,0,2,27
02/10/2023,CWA,WI,AGL,CE,Federal Contract Tower,4,11,0,0,15,0,0,6,0,6,4,11,6,0,21,4,0,4,25
02/11/2023,CWA,WI,AGL,CE,Federal Contract Tower,4,8,2,0,14,0,0,19,0,19,4,8,21,0,33,18,0,18,51
02/12/2023,CWA,WI,AGL,CE,Federal Contract Tower,5,6,1,0,12,0,0,9,0,9,5,6,10,0,21,6,0,6,27
02/13/2023,CWA,WI,AGL,CE,Federal Contract Tower,6,13,2,0,21,0,0,13,2,15,6,13,15,2,36,10,2,12,48
02/14/2023,CWA,WI,AGL,CE,Federal Contract Tower,4,14,4,0,22,0,0,6,0,6,4,14,10,0,28,8,0,8,36
02/15/2023,CWA,WI,AGL,CE,Federal Contract Tower,3,17,2,0,22,0,0,0,0,0,3,17,2,0,22,0,0,0,22
02/16/2023,CWA,WI,AGL,CE,Federal Contract Tower,4,16,2,0,22,0,0,4,0,4,4,16,6,0,26,0,0,0,26
02/17/2023,CWA,WI,AGL,CE,Federal Contract Tower,5,11,4,0,20,0,0,20,0,20,5,11,24,0,40,6,0,6,46
02/18/2023,CWA,WI,AGL,CE,Federal Contract Tower,4,6,1,0,11,0,2,17,0,19,4,8,18,0,30,14,0,14,44
02/19/2023,CWA,WI,AGL,CE,Federal Contract Tower,4,4,3,0,11,0,0,3,0,3,4,4,6,0,14,4,0,4,18
02/20/2023,CWA,WI,AGL,CE,Federal Contract Tower,4,16,4,0,24,0,0,9,0,9,4,16,13,0,33,14,0,14,47
02/21/2023,CWA,WI,AGL,CE,Federal Contract Tower,1,10,10,0,21,0,0,0,0,0,1,10,10,0,21,14,0,14,35
02/22/2023,CWA,WI,AGL,CE,Federal Contract Tower,0,3,3,0,6,0,0,0,0,0,0,3,3,0,6,0,0,0,6
02/23/2023,CWA,WI,AGL,CE,Federal Contract Tower,2,8,2,0,12,0,0,0,0,0,2,8,2,0,12,0,0,0,12
02/24/2023,CWA,WI,AGL,CE,Federal Contract Tower,4,11,6,0,21,0,0,8,0,8,4,11,14,0,29,22,0,22,51
02/25/2023,CWA,WI,AGL,CE,Federal Contract Tower,4,6,4,0,14,0,0,2,0,2,4,6,6,0,16,0,0,0,16
02/26/2023,CWA,WI,AGL,CE,Federal Contract Tower,3,4,7,0,14,0,3,11,0,14,3,7,18,0,28,22,0,22,50
02/27/2023,CWA,WI,AGL,CE,Federal Contract Tower,5,4,3,0,12,0,0,0,0,0,5,4,3,0,12,0,0,0,12
02/28/2023,CWA,WI,AGL,CE,Federal Contract Tower,4,19,3,0,26,0,0,10,0,10,4,19,13,0,36,8,0,8,44
03/01/2023,CWA,WI,AGL,CE,Federal Contract Tower,4,13,5,0,22,0,0,0,0,0,4,13,5,0,22,0,0,0,22
03/02/2023,CWA,WI,AGL,CE,Federal Contract Tower,4,15,5,0,24,0,2,20,0,22,4,17,25,0,46,18,0,18,64
03/03/2023,CWA,WI,AGL,CE,Federal Contract Tower,4,8,4,0,16,0,2,0,0,2,4,10,4,0,18,0,0,0,18
03/04/2023,CWA,WI,AGL,CE,Federal Contract Tower,4,6,2,0,12,0,1,7,0,8,4,7,9,0,20,6,0,6,26
03/05/2023,CWA,WI,AGL,CE,Federal Contract Tower,4,6,2,0,12,0,0,10,0,10,4,6,12,0,22,4,0,4,26
03/06/2023,CWA,WI,AGL,CE,Federal Contract Tower,4,7,3,0,14,0,0,0,0,0,4,7,3,0,14,0,0,0,14
03/07/2023,CWA,WI,AGL,CE,Federal Contract Tower,3,13,6,0,22,0,0,5,0,5,3,13,11,0,27,0,0,0,27
03/08/2023,CWA,WI,AGL,CE,Federal Contract Tower,5,11,1,0,17,0,2,11,0,13,5,13,12,0,30,6,0,6,36
03/09/2023,CWA,WI,AGL,CE,Federal Contract Tower,6,12,1,0,19,0,4,2,0,6,6,16,3,0,25,4,0,4,29
03/10/2023,CWA,WI,AGL,CE,Federal Contract Tower,4,9,3,0,16,0,2,2,0,4,4,11,5,0,20,4,0,4,24
03/11/2023,CWA,WI,AGL,CE,Federal Contract Tower,4,6,1,0,11,0,1,2,0,3,4,7,3,0,14,4,0,4,18
03/12/2023,CWA,WI,AGL,CE,Federal Contract Tower,5,4,0,0,9,0,0,0,0,0,5,4,0,0,9,0,0,0,9
03/13/2023,CWA,WI,AGL,CE,Federal Contract Tower,5,9,6,0,20,0,2,2,0,4,5,11,8,0,24,2,0,2,26
03/14/2023,CWA,WI,AGL,CE,Federal Contract Tower,4,12,1,0,17,0,0,8,0,8,4,12,9,0,25,4,0,4,29
03/15/2023,CWA,WI,AGL,CE,Federal Contract Tower,4,15,0,0,19,0,9,8,0,17,4,24,8,0,36,0,0,0,36
03/16/2023,CWA,WI,AGL,CE,Federal Contract Tower,3,11,1,0,15,0,0,0,0,0,3,11,1,0,15,0,0,0,15
03/17/2023,CWA,WI,AGL,CE,Federal Contract Tower,3,0,10,0,13,0,0,0,0,0,3,0,10,0,13,0,0,0,13
03/18/2023,CWA,WI,AGL,CE,Federal Contract Tower,4,5,0,0,9,0,2,3,0,5,4,7,3,0,14,0,0,0,14
03/19/2023,CWA,WI,AGL,CE,Federal Contract Tower,4,9,0,0,13,0,1,5,0,6,4,10,5,0,19,0,0,0,19
03/20/2023,CWA,WI,AGL,CE,Federal Contract Tower,4,7,3,0,14,0,3,11,0,14,4,10,14,0,28,18,0,18,46
03/21/2023,CWA,WI,AGL,CE,Federal Contract Tower,4,12,1,2,19,0,6,0,0,6,4,18,1,2,25,0,0,0,25
03/22/2023,CWA,WI,AGL,CE,Federal Contract Tower,3,14,0,0,17,0,0,1,0,1,3,14,1,0,18,0,0,0,18
03/23/2023,CWA,WI,AGL,CE,Federal Contract Tower,6,12,1,0,19,0,0,3,0,3,6,12,4,0,22,4,0,4,26
03/24/2023,CWA,WI,AGL,CE,Federal Contract Tower,3,9,1,0,13,0,0,15,0,15,3,9,16,0,28,0,0,0,28
03/25/2023,CWA,WI,AGL,CE,Federal Contract Tower,4,6,1,0,11,0,2,1,0,3,4,8,2,0,14,0,0,0,14
03/26/2023,CWA,WI,AGL,CE,Federal Contract Tower,4,4,0,0,8,0,0,8,0,8,4,4,8,0,16,16,0,16,32
03/27/2023,CWA,WI,AGL,CE,Federal Contract Tower,5,8,3,0,16,0,0,3,0,3,5,8,6,0,19,0,0,0,19
03/28/2023,CWA,WI,AGL,CE,Federal Contract Tower,4,12,0,0,16,0,0,5,0,5,4,12,5,0,21,0,0,0,21
03/29/2023,CWA,WI,AGL,CE,Federal Contract Tower,4,15,2,0,21,0,0,4,0,4,4,15,6,0,25,0,0,0,25
03/30/2023,CWA,WI,AGL,CE,Federal Contract Tower,3,15,1,0,19,0,0,0,0,0,3,15,1,0,19,0,0,0,19
03/31/2023,CWA,WI,AGL,CE,Federal Contract Tower,4,11,5,0,20,0,0,0,0,0,4,11,5,0,20,0,0,0,20
04/01/2023,CWA,WI,AGL,CE,Federal Contract Tower,4,8,0,0,12,0,4,5,0,9,4,12,5,0,21,4,0,4,25
04/02/2023,CWA,WI,AGL,CE,Federal Contract Tower,4,4,7,0,15,0,3,2,0,5,4,7,9,0,20,4,0,4,24
04/03/2023,CWA,WI,AGL,CE,Federal Contract Tower,4,10,5,0,19,0,12,11,0,23,4,22,16,0,42,8,0,8,50
04/04/2023,CWA,WI,AGL,CE,Federal Contract Tower,4,11,7,0,22,0,0,0,0,0,4,11,7,0,22,0,0,0,22
04/05/2023,CWA,WI,AGL,CE,Federal Contract Tower,3,12,2,0,17,0,0,2,0,2,3,12,4,0,19,0,0,0,19
04/06/2023,CWA,WI,AGL,CE,Federal Contract Tower,4,10,0,0,14,0,0,5,0,5,4,10,5,0,19,0,0,0,19
04/07/2023,CWA,WI,AGL,CE,Federal Contract Tower,4,9,3,0,16,0,6,22,0,28,4,15,25,0,44,16,0,16,60
04/08/2023,CWA,WI,AGL,CE,Federal Contract Tower,4,6,5,0,15,0,2,8,0,10,4,8,13,0,25,14,0,14,39
04/09/2023,CWA,WI,AGL,CE,Federal Contract Tower,4,3,2,0,9,0,2,6,0,8,4,5,8,0,17,0,0,0,17
04/10/2023,CWA,WI,AGL,CE,Federal Contract Tower,4,10,0,0,14,0,2,6,0,8,4,12,6,0,22,0,0,0,22
04/11/2023,CWA,WI,AGL,CE,Federal Contract Tower,4,26,4,0,34,0,1,6,0,7,4,27,10,0,41,8,0,8,49
04/13/2023,CWA,WI,AGL,CE,Federal Contract Tower,4,10,3,0,17,0,0,12,0,12,4,10,15,0,29,14,0,14,43
04/14/2023,CWA,WI,AGL,CE,Federal Contract Tower,4,10,6,0,20,0,2,22,0,24,4,12,28,0,44,12,0,12,56
04/15/2023,CWA,WI,AGL,CE,Federal Contract Tower,4,7,0,0,11,0,2,17,0,19,4,9,17,0,30,10,0,10,40
04/16/2023,CWA,WI,AGL,CE,Federal Contract Tower,5,4,3,0,12,0,0,0,0,0,5,4,3,0,12,0,0,0,12
04/17/2023,CWA,WI,AGL,CE,Federal Contract Tower,6,12,6,0,24,0,0,0,0,0,6,12,6,0,24,0,0,0,24
04/18/2023,CWA,WI,AGL,CE,Federal Contract Tower,4,13,6,1,24,0,0,14,2,16,4,13,20,3,40,24,12,36,76
04/19/2023,CWA,WI,AGL,CE,Federal Contract Tower,4,10,1,0,15,0,0,0,0,0,4,10,1,0,15,0,0,0,15
04/20/2023,CWA,WI,AGL,CE,Federal Contract Tower,4,10,6,0,20,0,0,0,0,0,4,10,6,0,20,0,0,0,20
04/21/2023,CWA,WI,AGL,CE,Federal Contract Tower,4,10,2,0,16,0,3,6,0,9,4,13,8,0,25,0,0,0,25
04/22/2023,CWA,WI,AGL,CE,Federal Contract Tower,4,6,2,0,12,0,2,0,0,2,4,8,2,0,14,0,0,0,14
04/23/2023,CWA,WI,AGL,CE,Federal Contract Tower,4,5,1,0,10,0,1,6,0,7,4,6,7,0,17,6,0,6,23
04/24/2023,CWA,WI,AGL,CE,Federal Contract Tower,6,9,4,0,19,0,13,10,0,23,6,22,14,0,42,18,0,18,60
04/25/2023,CWA,WI,AGL,CE,Federal Contract Tower,4,19,5,0,28,0,2,11,0,13,4,21,16,0,41,56,0,56,97
04/26/2023,CWA,WI,AGL,CE,Federal Contract Tower,4,11,4,2,21,1,18,5,0,24,5,29,9,2,45,18,0,18,63
04/27/2023,CWA,WI,AGL,CE,Federal Contract Tower,6,17,1,0,24,0,0,3,0,3,6,17,4,0,27,0,0,0,27
04/28/2023,CWA,WI,AGL,CE,Federal Contract Tower,6,15,2,0,23,0,2,10,2,14,6,17,12,2,37,16,0,16,53
04/29/2023,CWA,WI,AGL,CE,Federal Contract Tower,4,13,3,0,20,0,0,0,0,0,4,13,3,0,20,0,0,0,20
04/30/2023,CWA,WI,AGL,CE,Federal Contract Tower,4,4,2,0,10,0,0,0,0,0,4,4,2,0,10,0,0,0,10
05/01/2023,CWA,WI,AGL,CE,Federal Contract Tower,6,7,3,0,16,0,2,0,0,2,6,9,3,0,18,0,0,0,18
05/02/2023,CWA,WI,AGL,CE,Federal Contract Tower,3,17,1,0,21,0,0,2,0,2,3,17,3,0,23,0,0,0,23
05/03/2023,CWA,WI,AGL,CE,Federal Contract Tower,2,16,1,0,19,0,2,0,0,2,2,18,1,0,21,0,0,0,21
05/04/2023,CWA,WI,AGL,CE,Federal Contract Tower,5,10,4,0,19,0,0,4,0,4,5,10,8,0,23,0,0,0,23
05/05/2023,CWA,WI,AGL,CE,Federal Contract Tower,1,10,4,0,15,0,0,11,0,11,1,10,15,0,26,4,0,4,30
05/06/2023,CWA,WI,AGL,CE,Federal Contract Tower,3,15,0,0,18,0,0,0,0,0,3,15,0,0,18,0,0,0,18
05/07/2023,CWA,WI,AGL,CE,Federal Contract Tower,4,7,5,0,16,0,0,5,0,5,4,7,10,0,21,8,0,8,29
05/08/2023,CWA,WI,AGL,CE,Federal Contract Tower,5,8,2,0,15,0,0,0,0,0,5,8,2,0,15,0,0,0,15
05/09/2023,CWA,WI,AGL,CE,Federal Contract Tower,4,15,7,0,26,0,0,6,0,6,4,15,13,0,32,0,0,0,32
05/10/2023,CWA,WI,AGL,CE,Federal Contract Tower,1,18,6,0,25,0,0,10,0,10,1,18,16,0,35,8,0,8,43
05/11/2023,CWA,WI,AGL,CE,Federal Contract Tower,3,12,9,0,24,0,1,12,0,13,3,13,21,0,37,26,0,26,63
05/12/2023,CWA,WI,AGL,CE,Federal Contract Tower,4,14,2,0,20,0,4,5,0,9,4,18,7,0,29,20,0,20,49
05/13/2023,CWA,WI,AGL,CE,Federal Contract Tower,4,6,2,0,12,0,0,2,0,2,4,6,4,0,14,0,0,0,14
05/14/2023,CWA,WI,AGL,CE,Federal Contract Tower,4,4,2,0,10,0,3,8,0,11,4,7,10,0,21,6,0,6,27
05/15/2023,CWA,WI,AGL,CE,Federal Contract Tower,5,14,2,4,25,0,1,12,0,13,5,15,14,4,38,8,0,8,46
05/16/2023,CWA,WI,AGL,CE,Federal Contract Tower,4,24,2,0,30,0,0,12,0,12,4,24,14,0,42,12,0,12,54
05/17/2023,CWA,WI,AGL,CE,Federal Contract Tower,3,16,2,0,21,0,0,1,0,1,3,16,3,0,22,8,0,8,30
05/18/2023,CWA,WI,AGL,CE,Federal Contract Tower,4,11,7,2,24,0,4,14,0,18,4,15,21,2,42,10,0,10,52
05/19/2023,CWA,WI,AGL,CE,Federal Contract Tower,6,12,1,0,19,0,2,0,0,2,6,14,1,0,21,0,0,0,21
05/20/2023,CWA,WI,AGL,CE,Federal Contract Tower,4,7,0,0,11,0,5,7,2,14,4,12,7,2,25,16,0,16,41
05/21/2023,CWA,WI,AGL,CE,Federal Contract Tower,4,6,3,0,13,0,3,11,0,14,4,9,14,0,27,20,0,20,47
05/22/2023,CWA,WI,AGL,CE,Federal Contract Tower,3,12,2,0,17,0,3,8,0,11,3,15,10,0,28,8,0,8,36
05/23/2023,CWA,WI,AGL,CE,Federal Contract Tower,4,11,6,0,21,0,0,5,0,5,4,11,11,0,26,4,0,4,30
05/24/2023,CWA,WI,AGL,CE,Federal Contract Tower,4,9,2,0,15,0,10,12,0,22,4,19,14,0,37,8,8,16,53
05/25/2023,CWA,WI,AGL,CE,Federal Contract Tower,4,13,4,0,21,0,0,7,0,7,4,13,11,0,28,6,0,6,34
05/26/2023,CWA,WI,AGL,CE,Federal Contract Tower,4,11,9,0,24,0,2,13,0,15,4,13,22,0,39,14,0,14,53
05/27/2023,CWA,WI,AGL,CE,Federal Contract Tower,4,7,3,0,14,0,0,11,0,11,4,7,14,0,25,4,0,4,29
05/28/2023,CWA,WI,AGL,CE,Federal Contract Tower,3,5,1,0,9,0,3,11,0,14,3,8,12,0,23,12,0,12,35
05/29/2023,CWA,WI,AGL,CE,Federal Contract Tower,4,4,2,0,10,0,1,6,0,7,4,5,8,0,17,12,0,12,29
05/30/2023,CWA,WI,AGL,CE,Federal Contract Tower,5,15,1,0,21,0,2,9,0,11,5,17,10,0,32,0,0,0,32
05/31/2023,CWA,WI,AGL,CE,Federal Contract Tower,4,14,3,0,21,0,1,9,0,10,4,15,12,0,31,8,0,8,39
06/01/2023,CWA,WI,AGL,CE,Federal Contract Tower,4,10,6,0,20,0,0,7,0,7,4,10,13,0,27,12,0,12,39
06/02/2023,CWA,WI,AGL,CE,Federal Contract Tower,4,7,5,0,16,0,2,7,0,9,4,9,12,0,25,0,0,0,25
06/03/2023,CWA,WI,AGL,CE,Federal Contract Tower,6,7,0,0,13,0,4,4,0,8,6,11,4,0,21,4,0,4,25
06/04/2023,CWA,WI,AGL,CE,Federal Contract Tower,4,6,1,0,11,0,1,6,0,7,4,7,7,0,18,0,0,0,18
06/05/2023,CWA,WI,AGL,CE,Federal Contract Tower,4,9,4,0,17,0,1,4,0,5,4,10,8,0,22,16,1,17,39
06/06/2023,CWA,WI,AGL,CE,Federal Contract Tower,4,12,5,0,21,0,2,8,0,10,4,14,13,0,31,16,0,16,47
06/07/2023,CWA,WI,AGL,CE,Federal Contract Tower,4,13,10,0,27,0,3,12,0,15,4,16,22,0,42,12,0,12,54
06/08/2023,CWA,WI,AGL,CE,Federal Contract Tower,4,10,2,0,16,0,2,8,0,10,4,12,10,0,26,2,0,2,28
06/09/2023,CWA,WI,AGL,CE,Federal Contract Tower,4,11,1,0,16,0,2,12,0,14,4,13,13,0,30,32,0,32,62
06/10/2023,CWA,WI,AGL,CE,Federal Contract Tower,4,9,1,0,14,0,0,3,0,3,4,9,4,0,17,0,0,0,17
06/11/2023,CWA,WI,AGL,CE,Federal Contract Tower,3,6,5,0,14,0,2,10,0,12,3,8,15,0,26,32,0,32,58
06/12/2023,CWA,WI,AGL,CE,Federal Contract Tower,4,7,3,0,14,0,1,9,0,10,4,8,12,0,24,12,0,12,36
06/13/2023,CWA,WI,AGL,CE,Federal Contract Tower,3,8,3,0,14,0,0,1,0,1,3,8,4,0,15,0,0,0,15
06/14/2023,CWA,WI,AGL,CE,Federal Contract Tower,5,17,4,0,26,0,4,10,0,14,5,21,14,0,40,4,0,4,44
06/15/2023,CWA,WI,AGL,CE,Federal Contract Tower,4,12,7,0,23,0,0,6,0,6,4,12,13,0,29,16,0,16,45
06/16/2023,CWA,WI,AGL,CE,Federal Contract Tower,4,9,8,0,21,0,2,8,2,12,4,11,16,2,33,6,0,6,39
06/17/2023,CWA,WI,AGL,CE,Federal Contract Tower,4,8,1,0,13,0,1,14,0,15,4,9,15,0,28,6,0,6,34
06/18/2023,CWA,WI,AGL,CE,Federal Contract Tower,4,4,2,0,10,0,4,11,0,15,4,8,13,0,25,0,0,0,25
06/19/2023,CWA,WI,AGL,CE,Federal Contract Tower,4,7,7,0,18,0,0,12,0,12,4,7,19,0,30,16,0,16,46
06/20/2023,CWA,WI,AGL,CE,Federal Contract Tower,4,10,12,0,26,0,1,8,0,9,4,11,20,0,35,6,0,6,41
06/21/2023,CWA,WI,AGL,CE,Federal Contract Tower,4,11,8,0,23,0,0,22,0,22,4,11,30,0,45,12,0,12,57
06/22/2023,CWA,WI,AGL,CE,Federal Contract Tower,3,11,10,0,24,0,0,8,0,8,3,11,18,0,32,26,0,26,58
06/23/2023,CWA,WI,AGL,CE,Federal Contract Tower,3,10,4,0,17,0,4,6,0,10,3,14,10,0,27,24,0,24,51
06/24/2023,CWA,WI,AGL,CE,Federal Contract Tower,4,6,1,0,11,0,0,6,0,6,4,6,7,0,17,0,0,0,17
06/25/2023,CWA,WI,AGL,CE,Federal Contract Tower,4,9,3,0,16,0,0,2,0,2,4,9,5,0,18,12,0,12,30
06/26/2023,CWA,WI,AGL,CE,Federal Contract Tower,6,10,7,0,23,0,1,0,0,1,6,11,7,0,24,0,0,0,24
06/27/2023,CWA,WI,AGL,CE,Federal Contract Tower,9,10,4,0,23,0,4,1,0,5,9,14,5,0,28,0,0,0,28
06/28/2023,CWA,WI,AGL,CE,Federal Contract Tower,9,8,11,0,28,0,0,0,0,0,9,8,11,0,28,0,0,0,28
06/29/2023,CWA,WI,AGL,CE,Federal Contract Tower,10,6,10,0,26,0,2,10,0,12,10,8,20,0,38,36,0,36,74
06/30/2023,CWA,WI,AGL,CE,Federal Contract Tower,4,11,10,0,25,0,3,3,0,6,4,14,13,0,31,0,0,0,31
07/01/2023,CWA,WI,AGL,CE,Federal Contract Tower,7,5,1,0,13,0,1,14,0,15,7,6,15,0,28,16,0,16,44
07/02/2023,CWA,WI,AGL,CE,Federal Contract Tower,7,5,1,0,13,0,0,16,0,16,7,5,17,0,29,0,0,0,29
07/03/2023,CWA,WI,AGL,CE,Federal Contract Tower,8,7,6,0,21,0,1,8,0,9,8,8,14,0,30,6,0,6,36
07/04/2023,CWA,WI,AGL,CE,Federal Contract Tower,5,4,0,0,9,0,0,9,0,9,5,4,9,0,18,0,0,0,18
07/05/2023,CWA,WI,AGL,CE,Federal Contract Tower,7,9,0,0,16,0,0,5,0,5,7,9,5,0,21,0,0,0,21
07/06/2023,CWA,WI,AGL,CE,Federal Contract Tower,6,14,2,0,22,0,4,6,0,10,6,18,8,0,32,4,0,4,36
07/07/2023,CWA,WI,AGL,CE,Federal Contract Tower,4,11,6,0,21,0,0,8,0,8,4,11,14,0,29,0,0,0,29
07/08/2023,CWA,WI,AGL,CE,Federal Contract Tower,4,8,3,0,15,0,0,13,0,13,4,8,16,0,28,0,0,0,28
07/09/2023,CWA,WI,AGL,CE,Federal Contract Tower,4,5,5,0,14,0,1,16,0,17,4,6,21,0,31,10,0,10,41
07/10/2023,CWA,WI,AGL,CE,Federal Contract Tower,4,13,2,0,19,0,2,4,0,6,4,15,6,0,25,0,0,0,25
07/11/2023,CWA,WI,AGL,CE,Federal Contract Tower,4,16,5,0,25,0,1,11,0,12,4,17,16,0,37,4,0,4,41
07/12/2023,CWA,WI,AGL,CE,Federal Contract Tower,5,9,5,0,19,0,2,10,0,12,5,11,15,0,31,14,0,14,45
07/13/2023,CWA,WI,AGL,CE,Federal Contract Tower,4,16,5,0,25,0,4,6,0,10,4,20,11,0,35,2,0,2,37
07/14/2023,CWA,WI,AGL,CE,Federal Contract Tower,5,13,6,0,24,0,1,2,0,3,5,14,8,0,27,2,0,2,29
07/15/2023,CWA,WI,AGL,CE,Federal Contract Tower,3,6,3,1,13,0,4,4,0,8,3,10,7,1,21,6,0,6,27
07/16/2023,CWA,WI,AGL,CE,Federal Contract Tower,5,6,0,0,11,0,1,4,0,5,5,7,4,0,16,4,0,4,20
07/17/2023,CWA,WI,AGL,CE,Federal Contract Tower,4,9,4,0,17,0,2,9,0,11,4,11,13,0,28,4,0,4,32
07/18/2023,CWA,WI,AGL,CE,Federal Contract Tower,3,12,11,0,26,0,0,26,0,26,3,12,37,0,52,10,0,10,62
07/19/2023,CWA,WI,AGL,CE,Federal Contract Tower,4,13,11,0,28,0,0,62,0,62,4,13,73,0,90,26,0,26,116
07/20/2023,CWA,WI,AGL,CE,Federal Contract Tower,4,13,11,0,28,0,0,96,0,96,4,13,107,0,124,12,0,12,136
07/21/2023,CWA,WI,AGL,CE,Federal Contract Tower,3,11,9,0,23,0,0,109,0,109,3,11,118,0,132,20,0,20,152
07/22/2023,CWA,WI,AGL,CE,Federal Contract Tower,5,7,4,0,16,0,0,63,0,63,5,7,67,0,79,2,0,2,81
07/23/2023,CWA,WI,AGL,CE,Federal Contract Tower,4,6,2,0,12,0,2,7,0,9,4,8,9,0,21,10,0,10,31
07/24/2023,CWA,WI,AGL,CE,Federal Contract Tower,4,9,6,0,19,0,1,2,0,3,4,10,8,0,22,4,0,4,26
07/25/2023,CWA,WI,AGL,CE,Federal Contract Tower,4,12,10,2,28,0,1,10,0,11,4,13,20,2,39,6,0,6,45
07/26/2023,CWA,WI,AGL,CE,Federal Contract Tower,4,12,9,0,25,0,0,5,2,7,4,12,14,2,32,8,0,8,40
07/27/2023,CWA,WI,AGL,CE,Federal Contract Tower,3,14,13,0,30,0,1,3,0,4,3,15,16,0,34,0,0,0,34
07/28/2023,CWA,WI,AGL,CE,Federal Contract Tower,4,12,1,0,17,0,6,7,0,13,4,18,8,0,30,6,0,6,36
07/29/2023,CWA,WI,AGL,CE,Federal Contract Tower,4,8,0,0,12,0,5,11,0,16,4,13,11,0,28,8,0,8,36
07/30/2023,CWA,WI,AGL,CE,Federal Contract Tower,4,6,2,0,12,0,3,16,0,19,4,9,18,0,31,24,0,24,55
07/31/2023,CWA,WI,AGL,CE,Federal Contract Tower,4,10,5,0,19,0,4,20,0,24,4,14,25,0,43,16,0,16,59
08/01/2023,CWA,WI,AGL,CE,Federal Contract Tower,4,12,3,1,20,0,0,14,0,14,4,12,17,1,34,0,0,0,34
08/02/2023,CWA,WI,AGL,CE,Federal Contract Tower,4,12,1,0,17,0,0,7,0,7,4,12,8,0,24,0,0,0,24
08/03/2023,CWA,WI,AGL,CE,Federal Contract Tower,6,12,2,0,20,0,0,3,0,3,6,12,5,0,23,8,0,8,31
08/04/2023,CWA,WI,AGL,CE,Federal Contract Tower,4,12,10,0,26,0,2,8,0,10,4,14,18,0,36,6,0,6,42
08/05/2023,CWA,WI,AGL,CE,Federal Contract Tower,4,7,1,0,12,0,2,9,0,11,4,9,10,0,23,0,0,0,23
08/06/2023,CWA,WI,AGL,CE,Federal Contract Tower,4,6,6,0,16,0,1,7,0,8,4,7,13,0,24,20,0,20,44
08/07/2023,CWA,WI,AGL,CE,Federal Contract Tower,7,9,0,0,16,0,4,6,0,10,7,13,6,0,26,0,0,0,26
08/08/2023,CWA,WI,AGL,CE,Federal Contract Tower,3,15,13,0,31,0,0,11,0,11,3,15,24,0,42,6,0,6,48
08/09/2023,CWA,WI,AGL,CE,Federal Contract Tower,4,12,3,2,21,0,2,8,0,10,4,14,11,2,31,0,0,0,31
08/10/2023,CWA,WI,AGL,CE,Federal Contract Tower,4,12,8,0,24,0,4,11,0,15,4,16,19,0,39,8,0,8,47
08/11/2023,CWA,WI,AGL,CE,Federal Contract Tower,6,11,2,0,19,0,0,7,0,7,6,11,9,0,26,6,0,6,32
08/12/2023,CWA,WI,AGL,CE,Federal Contract Tower,5,7,5,0,17,0,5,8,0,13,5,12,13,0,30,2,0,2,32
08/13/2023,CWA,WI,AGL,CE,Federal Contract Tower,4,7,4,0,15,0,2,7,0,9,4,9,11,0,24,12,0,12,36
08/14/2023,CWA,WI,AGL,CE,Federal Contract Tower,4,6,4,0,14,0,1,3,0,4,4,7,7,0,18,0,0,0,18
08/15/2023,CWA,WI,AGL,CE,Federal Contract Tower,4,12,6,0,22,0,1,29,0,30,4,13,35,0,52,4,0,4,56
08/16/2023,CWA,WI,AGL,CE,Federal Contract Tower,4,13,7,0,24,0,0,12,0,12,4,13,19,0,36,0,0,0,36
08/17/2023,CWA,WI,AGL,CE,Federal Contract Tower,5,12,7,0,24,0,8,11,0,19,5,20,18,0,43,24,0,24,67
08/18/2023,CWA,WI,AGL,CE,Federal Contract Tower,3,15,4,0,22,0,0,9,0,9,3,15,13,0,31,12,0,12,43
08/19/2023,CWA,WI,AGL,CE,Federal Contract Tower,4,9,5,0,18,0,1,10,0,11,4,10,15,0,29,6,0,6,35
08/20/2023,CWA,WI,AGL,CE,Federal Contract Tower,4,6,3,0,13,0,0,10,0,10,4,6,13,0,23,22,0,22,45
08/21/2023,CWA,WI,AGL,CE,Federal Contract Tower,4,8,3,0,15,0,0,13,0,13,4,8,16,0,28,32,0,32,60
08/22/2023,CWA,WI,AGL,CE,Federal Contract Tower,4,13,3,0,20,0,1,11,0,12,4,14,14,0,32,4,0,4,36
08/23/2023,CWA,WI,AGL,CE,Federal Contract Tower,4,12,3,0,19,0,0,10,0,10,4,12,13,0,29,0,0,0,29
08/24/2023,CWA,WI,AGL,CE,Federal Contract Tower,4,12,4,0,20,0,0,5,0,5,4,12,9,0,25,0,0,0,25
08/25/2023,CWA,WI,AGL,CE,Federal Contract Tower,4,13,1,0,18,0,0,5,0,5,4,13,6,0,23,14,0,14,37
08/26/2023,CWA,WI,AGL,CE,Federal Contract Tower,4,10,0,0,14,0,3,6,0,9,4,13,6,0,23,14,0,14,37
08/27/2023,CWA,WI,AGL,CE,Federal Contract Tower,4,6,2,0,12,0,4,19,0,23,4,10,21,0,35,4,0,4,39
08/28/2023,CWA,WI,AGL,CE,Federal Contract Tower,4,9,2,0,15,0,2,13,0,15,4,11,15,0,30,20,0,20,50
08/29/2023,CWA,WI,AGL,CE,Federal Contract Tower,4,12,3,0,19,0,2,1,0,3,4,14,4,0,22,8,0,8,30
08/30/2023,CWA,WI,AGL,CE,Federal Contract Tower,4,12,9,0,25,0,0,26,0,26,4,12,35,0,51,14,0,14,65
08/31/2023,CWA,WI,AGL,CE,Federal Contract Tower,6,13,2,0,21,0,2,10,0,12,6,15,12,0,33,10,0,10,43
