04/01/2002,CWF,LA,ASW,CE,Federal Contract Tower,2,1,16,43,62,0,9,0,0,9,2,10,16,43,71,2,38,40,111
04/02/2002,CWF,LA,ASW,CE,Federal Contract Tower,2,2,22,111,137,0,8,0,26,34,2,10,22,137,171,0,114,114,285
04/03/2002,CWF,LA,ASW,CE,Federal Contract Tower,1,1,12,52,66,0,15,24,8,47,1,16,36,60,113,32,90,122,235
04/04/2002,CWF,LA,ASW,CE,Federal Contract Tower,1,0,9,41,51,0,16,39,31,86,1,16,48,72,137,24,110,134,271
04/05/2002,CWF,LA,ASW,CE,Federal Contract Tower,1,0,4,20,25,1,4,14,0,19,2,4,18,20,44,0,70,70,114
04/06/2002,CWF,LA,ASW,CE,Federal Contract Tower,0,0,5,22,27,0,4,17,0,21,0,4,22,22,48,0,20,20,68
04/07/2002,CWF,LA,ASW,CE,Federal Contract Tower,2,1,14,58,75,0,3,10,18,31,2,4,24,76,106,2,120,122,228
04/08/2002,CWF,LA,ASW,CE,Federal Contract Tower,1,0,1,4,6,0,10,3,0,13,1,10,4,4,19,0,0,0,19
04/09/2002,CWF,LA,ASW,CE,Federal Contract Tower,2,1,12,52,67,1,9,14,0,24,3,10,26,52,91,0,122,122,213
04/10/2002,CWF,LA,ASW,CE,Federal Contract Tower,1,1,19,79,100,0,9,40,3,52,1,10,59,82,152,20,228,248,400
04/11/2002,CWF,LA,ASW,CE,Federal Contract Tower,2,1,14,61,78,0,5,22,23,50,2,6,36,84,128,66,88,154,282
04/12/2002,CWF,LA,ASW,CE,Federal Contract Tower,3,2,20,124,149,0,6,0,0,6,3,8,20,124,155,8,104,112,267
04/13/2002,CWF,LA,ASW,CE,Federal Contract Tower,1,0,6,21,28,0,0,16,0,16,1,0,22,21,44,10,6,16,60
04/14/2002,CWF,LA,ASW,CE,Federal Contract Tower,0,0,5,12,17,0,8,26,0,34,0,8,31,12,51,0,16,16,67
04/15/2002,CWF,LA,ASW,CE,Federal Contract Tower,0,1,7,27,35,3,9,25,2,39,3,10,32,29,74,0,52,52,126
04/16/2002,CWF,LA,ASW,CE,Federal Contract Tower,1,1,11,42,55,1,15,33,20,69,2,16,44,62,124,32,80,112,236
04/17/2002,CWF,LA,ASW,CE,Federal Contract Tower,1,1,12,45,59,1,15,65,7,88,2,16,77,52,147,70,142,212,359
04/18/2002,CWF,LA,ASW,CE,Federal Contract Tower,1,1,10,39,51,1,15,50,43,109,2,16,60,82,160,58,74,132,292
04/19/2002,CWF,LA,ASW,CE,Federal Contract Tower,2,2,15,46,65,0,6,43,0,49,2,8,58,46,114,24,56,80,194
04/20/2002,CWF,LA,ASW,CE,Federal Contract Tower,2,1,10,30,43,0,7,16,0,23,2,8,26,30,66,32,40,72,138
04/21/2002,CWF,LA,ASW,CE,Federal Contract Tower,0,1,5,16,22,0,3,22,0,25,0,4,27,16,47,30,28,58,105
04/22/2002,CWF,LA,ASW,CE,Federal Contract Tower,1,1,8,33,43,0,1,34,0,35,1,2,42,33,78,0,48,48,126
04/23/2002,CWF,LA,ASW,CE,Federal Contract Tower,1,2,16,61,80,0,14,54,21,89,1,16,70,82,169,46,60,106,275
04/24/2002,CWF,LA,ASW,CE,Federal Contract Tower,1,2,15,60,78,0,6,3,3,12,1,8,18,63,90,68,46,114,204
04/25/2002,CWF,LA,ASW,CE,Federal Contract Tower,1,2,12,49,64,0,14,20,56,90,1,16,32,105,154,22,68,90,244
04/26/2002,CWF,LA,ASW,CE,Federal Contract Tower,2,2,17,68,89,2,6,49,0,57,4,8,66,68,146,10,56,66,212
04/27/2002,CWF,LA,ASW,CE,Federal Contract Tower,1,1,8,30,40,0,7,18,0,25,1,8,26,30,65,2,32,34,99
04/28/2002,CWF,LA,ASW,CE,Federal Contract Tower,0,1,8,29,38,0,7,9,1,17,0,8,17,30,55,0,92,92,147
04/29/2002,CWF,LA,ASW,CE,Federal Contract Tower,1,0,12,48,61,2,16,67,5,90,3,16,79,53,151,12,34,46,197
04/30/2002,CWF,LA,ASW,CE,Federal Contract Tower,1,1,15,46,63,1,15,28,0,44,2,16,43,46,107,16,64,80,187
05/01/2002,CWF,LA,ASW,CE,Federal Contract Tower,3,1,24,60,88,0,15,40,0,55,3,16,64,60,143,44,100,144,287
05/02/2002,CWF,LA,ASW,CE,Federal Contract Tower,2,0,10,21,33,0,10,24,0,34,2,10,34,21,67,6,92,98,165
05/03/2002,CWF,LA,ASW,CE,Federal Contract Tower,2,2,43,119,166,0,8,14,35,57,2,10,57,154,223,6,354,360,583
05/04/2002,CWF,LA,ASW,CE,Federal Contract Tower,2,0,6,26,34,0,8,0,2,10,2,8,6,28,44,20,80,100,144
05/05/2002,CWF,LA,ASW,CE,Federal Contract Tower,0,1,23,64,88,0,15,19,46,80,0,16,42,110,168,26,48,74,242
05/06/2002,CWF,LA,ASW,CE,Federal Contract Tower,2,0,12,25,39,0,8,66,0,74,2,8,78,25,113,22,26,48,161
05/07/2002,CWF,LA,ASW,CE,Federal Contract Tower,3,1,26,73,103,0,7,67,17,91,3,8,93,90,194,28,52,80,274
05/08/2002,CWF,LA,ASW,CE,Federal Contract Tower,2,0,14,40,56,0,8,48,2,58,2,8,62,42,114,12,24,36,150
05/09/2002,CWF,LA,ASW,CE,Federal Contract Tower,6,1,31,84,122,0,9,61,0,70,6,10,92,84,192,20,100,120,312
05/10/2002,CWF,LA,ASW,CE,Federal Contract Tower,3,1,30,84,118,0,9,6,19,34,3,10,36,103,152,0,150,150,302
05/11/2002,CWF,LA,ASW,CE,Federal Contract Tower,1,0,6,15,22,3,8,32,5,48,4,8,38,20,70,0,32,32,102
05/12/2002,CWF,LA,ASW,CE,Federal Contract Tower,0,0,4,11,15,0,8,22,5,35,0,8,26,16,50,20,4,24,74
05/13/2002,CWF,LA,ASW,CE,Federal Contract Tower,1,0,5,13,19,1,8,32,7,48,2,8,37,20,67,2,56,58,125
05/14/2002,CWF,LA,ASW,CE,Federal Contract Tower,1,1,11,28,41,1,7,29,16,53,2,8,40,44,94,4,52,56,150
05/15/2002,CWF,LA,ASW,CE,Federal Contract Tower,2,2,23,50,77,0,8,42,0,50,2,10,65,50,127,0,16,16,143
05/16/2002,CWF,LA,ASW,CE,Federal Contract Tower,2,1,19,50,72,0,9,43,2,54,2,10,62,52,126,10,48,58,184
05/17/2002,CWF,LA,ASW,CE,Federal Contract Tower,1,1,7,16,25,1,9,20,0,30,2,10,27,16,55,4,0,4,59
05/18/2002,CWF,LA,ASW,CE,Federal Contract Tower,1,1,11,28,41,1,13,4,4,22,2,14,15,32,63,2,36,38,101
05/19/2002,CWF,LA,ASW,CE,Federal Contract Tower,0,1,7,20,28,0,7,11,4,22,0,8,18,24,50,2,58,60,110
05/20/2002,CWF,LA,ASW,CE,Federal Contract Tower,2,1,19,50,72,0,7,48,15,70,2,8,67,65,142,6,102,108,250
05/21/2002,CWF,LA,ASW,CE,Federal Contract Tower,2,1,12,32,47,0,7,97,4,108,2,8,109,36,155,6,76,82,237
05/22/2002,CWF,LA,ASW,CE,Federal Contract Tower,2,1,18,40,61,0,9,77,0,86,2,10,95,40,147,20,58,78,225
05/23/2002,CWF,LA,ASW,CE,Federal Contract Tower,2,1,16,36,55,0,9,51,0,60,2,10,67,36,115,30,78,108,223
05/24/2002,CWF,LA,ASW,CE,Federal Contract Tower,1,1,9,12,23,2,9,31,0,42,3,10,40,12,65,0,24,24,89
05/25/2002,CWF,LA,ASW,CE,Federal Contract Tower,0,1,3,4,8,2,9,33,0,44,2,10,36,4,52,2,6,8,60
05/26/2002,CWF,LA,ASW,CE,Federal Contract Tower,0,1,4,6,11,1,7,18,0,26,1,8,22,6,37,0,4,4,41
05/27/2002,CWF,LA,ASW,CE,Federal Contract Tower,0,0,4,9,13,0,0,44,0,44,0,0,48,9,57,0,10,10,67
05/28/2002,CWF,LA,ASW,CE,Federal Contract Tower,2,0,15,40,57,1,10,43,28,82,3,10,58,68,139,0,60,60,199
05/29/2002,CWF,LA,ASW,CE,Federal Contract Tower,1,0,9,16,26,3,10,35,0,48,4,10,44,16,74,0,0,0,74
05/30/2002,CWF,LA,ASW,CE,Federal Contract Tower,0,0,4,2,6,2,10,36,0,48,2,10,40,2,54,0,0,0,54
05/31/2002,CWF,LA,ASW,CE,Federal Contract Tower,1,0,14,37,52,1,10,17,9,37,2,10,31,46,89,12,30,42,131
06/01/2002,CWF,LA,ASW,CE,Federal Contract Tower,2,0,9,31,42,0,8,37,9,54,2,8,46,40,96,2,16,18,114
06/02/2002,CWF,LA,ASW,CE,Federal Contract Tower,1,0,9,30,40,0,8,23,0,31,1,8,32,30,71,10,70,80,151
06/03/2002,CWF,LA,ASW,CE,Federal Contract Tower,2,0,12,40,54,0,8,91,0,99,2,8,103,40,153,4,52,56,209
06/04/2002,CWF,LA,ASW,CE,Federal Contract Tower,2,0,3,15,20,0,8,43,7,58,2,8,46,22,78,0,0,0,78
06/05/2002,CWF,LA,ASW,CE,Federal Contract Tower,2,0,5,16,23,0,8,49,0,57,2,8,54,16,80,0,0,0,80
06/06/2002,CWF,LA,ASW,CE,Federal Contract Tower,2,0,8,15,25,0,10,59,0,69,2,10,67,15,94,0,0,0,94
06/07/2002,CWF,LA,ASW,CE,Federal Contract Tower,2,0,7,23,32,1,10,29,0,40,3,10,36,23,72,0,0,0,72
06/08/2002,CWF,LA,ASW,CE,Federal Contract Tower,1,0,3,3,7,4,10,17,0,31,5,10,20,3,38,0,0,0,38
06/09/2002,CWF,LA,ASW,CE,Federal Contract Tower,2,0,4,15,21,1,4,20,0,25,3,4,24,15,46,0,0,0,46
06/10/2002,CWF,LA,ASW,CE,Federal Contract Tower,1,0,2,8,11,3,8,42,0,53,4,8,44,8,64,0,0,0,64
06/11/2002,CWF,LA,ASW,CE,Federal Contract Tower,1,1,5,14,21,3,7,69,4,83,4,8,74,18,104,6,0,6,110
06/12/2002,CWF,LA,ASW,CE,Federal Contract Tower,3,2,14,45,64,0,8,19,9,36,3,10,33,54,100,0,206,206,306
06/13/2002,CWF,LA,ASW,CE,Federal Contract Tower,2,2,18,52,74,0,8,28,0,36,2,10,46,52,110,0,142,142,252
06/14/2002,CWF,LA,ASW,CE,Federal Contract Tower,2,2,25,74,103,0,8,31,24,63,2,10,56,98,166,0,90,90,256
06/15/2002,CWF,LA,ASW,CE,Federal Contract Tower,1,2,15,47,65,0,6,22,15,43,1,8,37,62,108,0,20,20,128
06/16/2002,CWF,LA,ASW,CE,Federal Contract Tower,0,1,4,10,15,0,3,36,0,39,0,4,40,10,54,0,0,0,54
06/17/2002,CWF,LA,ASW,CE,Federal Contract Tower,1,1,6,10,18,0,3,42,0,45,1,4,48,10,63,4,30,34,97
06/18/2002,CWF,LA,ASW,CE,Federal Contract Tower,2,2,20,35,59,0,6,80,0,86,2,8,100,35,145,14,52,66,211
06/19/2002,CWF,LA,ASW,CE,Federal Contract Tower,2,2,14,28,46,0,6,100,0,106,2,8,114,28,152,10,10,20,172
06/20/2002,CWF,LA,ASW,CE,Federal Contract Tower,2,1,8,8,19,1,3,76,0,80,3,4,84,8,99,18,8,26,125
06/21/2002,CWF,LA,ASW,CE,Federal Contract Tower,2,2,23,70,97,0,8,37,20,65,2,10,60,90,162,10,70,80,242
06/22/2002,CWF,LA,ASW,CE,Federal Contract Tower,3,2,21,62,88,0,6,21,17,44,3,8,42,79,132,6,192,198,330
06/23/2002,CWF,LA,ASW,CE,Federal Contract Tower,1,1,10,25,37,0,7,20,0,27,1,8,30,25,64,10,16,26,90
06/24/2002,CWF,LA,ASW,CE,Federal Contract Tower,1,0,7,21,29,1,8,29,4,42,2,8,36,25,71,0,6,6,77
06/25/2002,CWF,LA,ASW,CE,Federal Contract Tower,0,0,3,0,3,2,4,34,0,40,2,4,37,0,43,0,0,0,43
06/26/2002,CWF,LA,ASW,CE,Federal Contract Tower,0,0,1,0,1,2,2,21,0,25,2,2,22,0,26,12,0,12,38
06/27/2002,CWF,LA,ASW,CE,Federal Contract Tower,0,0,2,0,2,2,2,14,0,18,2,2,16,0,20,10,0,10,30
06/28/2002,CWF,LA,ASW,CE,Federal Contract Tower,0,0,4,11,15,2,10,20,1,33,2,10,24,12,48,0,8,8,56
06/29/2002,CWF,LA,ASW,CE,Federal Contract Tower,1,0,9,27,37,2,8,33,3,46,3,8,42,30,83,20,30,50,133
06/30/2002,CWF,LA,ASW,CE,Federal Contract Tower,0,0,8,12,20,0,8,45,0,53,0,8,53,12,73,10,0,10,83
07/01/2002,CWF,LA,ASW,CE,Federal Contract Tower,2,1,10,24,37,0,9,42,0,51,2,10,52,24,88,28,34,62,150
07/02/2002,CWF,LA,ASW,CE,Federal Contract Tower,3,0,6,10,19,0,9,50,0,59,3,9,56,10,78,12,8,20,98
07/03/2002,CWF,LA,ASW,CE,Federal Contract Tower,2,0,7,16,25,1,5,55,0,61,3,5,62,16,86,4,10,14,100
07/04/2002,CWF,LA,ASW,CE,Federal Contract Tower,1,0,3,2,6,0,0,29,0,29,1,0,32,2,35,4,8,12,47
07/05/2002,CWF,LA,ASW,CE,Federal Contract Tower,1,0,3,4,8,1,2,37,0,40,2,2,40,4,48,0,4,4,52
07/06/2002,CWF,LA,ASW,CE,Federal Contract Tower,1,0,3,6,10,1,0,37,0,38,2,0,40,6,48,0,0,0,48
07/07/2002,CWF,LA,ASW,CE,Federal Contract Tower,1,0,2,6,9,0,8,28,0,36,1,8,30,6,45,10,14,24,69
07/08/2002,CWF,LA,ASW,CE,Federal Contract Tower,2,1,16,40,59,0,9,32,2,43,2,10,48,42,102,0,18,18,120
07/09/2002,CWF,LA,ASW,CE,Federal Contract Tower,2,1,10,20,33,0,9,44,0,53,2,10,54,20,86,20,20,40,126
07/10/2002,CWF,LA,ASW,CE,Federal Contract Tower,3,2,22,55,82,0,23,108,27,158,3,25,130,82,240,22,38,60,300
07/11/2002,CWF,LA,ASW,CE,Federal Contract Tower,2,1,11,21,35,0,7,11,0,18,2,8,22,21,53,60,34,94,147
07/12/2002,CWF,LA,ASW,CE,Federal Contract Tower,2,2,24,58,86,0,0,49,12,61,2,2,73,70,147,20,60,80,227
07/13/2002,CWF,LA,ASW,CE,Federal Contract Tower,0,0,1,0,1,3,0,34,0,37,3,0,35,0,38,0,0,0,38
07/14/2002,CWF,LA,ASW,CE,Federal Contract Tower,0,0,4,7,11,1,0,39,3,43,1,0,43,10,54,0,8,8,62
07/15/2002,CWF,LA,ASW,CE,Federal Contract Tower,0,1,5,4,10,1,4,28,0,33,1,5,33,4,43,0,0,0,43
07/16/2002,CWF,LA,ASW,CE,Federal Contract Tower,1,2,9,12,24,2,8,40,0,50,3,10,49,12,74,20,6,26,100
07/17/2002,CWF,LA,ASW,CE,Federal Contract Tower,2,2,17,23,44,0,8,59,0,67,2,10,76,23,111,6,10,16,127
07/18/2002,CWF,LA,ASW,CE,Federal Contract Tower,2,2,14,34,52,0,6,64,2,72,2,8,78,36,124,8,76,84,208
07/19/2002,CWF,LA,ASW,CE,Federal Contract Tower,2,4,35,84,125,0,4,55,27,86,2,8,90,111,211,0,190,190,401
07/20/2002,CWF,LA,ASW,CE,Federal Contract Tower,1,3,21,49,74,0,7,26,50,83,1,10,47,99,157,0,78,78,235
07/21/2002,CWF,LA,ASW,CE,Federal Contract Tower,0,1,3,6,10,0,1,25,4,30,0,2,28,10,40,0,8,8,48
07/22/2002,CWF,LA,ASW,CE,Federal Contract Tower,2,2,13,30,47,0,4,42,24,70,2,6,55,54,117,0,68,68,185
07/23/2002,CWF,LA,ASW,CE,Federal Contract Tower,2,2,16,24,44,0,4,19,0,23,2,6,35,24,67,20,22,42,109
07/24/2002,CWF,LA,ASW,CE,Federal Contract Tower,1,2,12,24,39,1,6,20,0,27,2,8,32,24,66,2,54,56,122
07/25/2002,CWF,LA,ASW,CE,Federal Contract Tower,0,1,6,5,12,2,7,56,0,65,2,8,62,5,77,26,0,26,103
07/26/2002,CWF,LA,ASW,CE,Federal Contract Tower,2,2,13,32,49,2,6,31,10,49,4,8,44,42,98,0,42,42,140
07/27/2002,CWF,LA,ASW,CE,Federal Contract Tower,1,2,13,30,46,0,6,46,2,54,1,8,59,32,100,0,20,20,120
07/28/2002,CWF,LA,ASW,CE,Federal Contract Tower,0,1,17,42,60,0,7,29,15,51,0,8,46,57,111,0,66,66,177
07/29/2002,CWF,LA,ASW,CE,Federal Contract Tower,1,1,16,36,54,0,7,77,0,84,1,8,93,36,138,8,54,62,200
07/30/2002,CWF,LA,ASW,CE,Federal Contract Tower,1,0,6,9,16,1,6,28,0,35,2,6,34,9,51,0,4,4,55
07/31/2002,CWF,LA,ASW,CE,Federal Contract Tower,1,1,11,18,31,4,6,42,0,52,5,7,53,18,83,28,24,52,135
08/01/2002,CWF,LA,ASW,CE,Federal Contract Tower,2,1,12,30,45,0,9,42,0,51,2,10,54,30,96,40,32,72,168
08/02/2002,CWF,LA,ASW,CE,Federal Contract Tower,2,3,37,90,132,0,5,15,28,48,2,8,52,118,180,66,186,252,432
08/03/2002,CWF,LA,ASW,CE,Federal Contract Tower,2,0,4,8,14,0,8,32,0,40,2,8,36,8,54,0,16,16,70
08/04/2002,CWF,LA,ASW,CE,Federal Contract Tower,1,2,18,47,68,0,6,36,14,56,1,8,54,61,124,0,136,136,260
08/05/2002,CWF,LA,ASW,CE,Federal Contract Tower,3,1,10,12,26,0,7,82,0,89,3,8,92,12,115,8,0,8,123
08/06/2002,CWF,LA,ASW,CE,Federal Contract Tower,2,0,6,10,18,0,10,36,0,46,2,10,42,10,64,0,0,0,64
08/07/2002,CWF,LA,ASW,CE,Federal Contract Tower,2,1,8,16,27,0,9,42,0,51,2,10,50,16,78,30,16,46,124
08/08/2002,CWF,LA,ASW,CE,Federal Contract Tower,2,1,10,4,17,0,9,58,0,67,2,10,68,4,84,12,0,12,96
08/09/2002,CWF,LA,ASW,CE,Federal Contract Tower,2,1,10,25,38,0,7,20,7,34,2,8,30,32,72,0,12,12,84
08/10/2002,CWF,LA,ASW,CE,Federal Contract Tower,1,0,4,10,15,1,8,22,0,31,2,8,26,10,46,0,72,72,118
08/11/2002,CWF,LA,ASW,CE,Federal Contract Tower,1,0,6,12,19,0,0,26,8,34,1,0,32,20,53,6,92,98,151
08/12/2002,CWF,LA,ASW,CE,Federal Contract Tower,1,0,5,9,15,1,0,41,3,45,2,0,46,12,60,0,4,4,64
08/13/2002,CWF,LA,ASW,CE,Federal Contract Tower,2,0,5,2,9,2,8,42,0,52,4,8,47,2,61,0,0,0,61
08/14/2002,CWF,LA,ASW,CE,Federal Contract Tower,1,1,5,4,11,4,7,65,0,76,5,8,70,4,87,0,2,2,89
08/15/2002,CWF,LA,ASW,CE,Federal Contract Tower,0,1,1,0,2,3,3,14,0,20,3,4,15,0,22,0,0,0,22
08/16/2002,CWF,LA,ASW,CE,Federal Contract Tower,3,2,13,20,38,1,8,29,0,38,4,10,42,20,76,26,16,42,118
08/17/2002,CWF,LA,ASW,CE,Federal Contract Tower,1,1,5,6,13,0,9,35,0,44,1,10,40,6,57,0,10,10,67
08/18/2002,CWF,LA,ASW,CE,Federal Contract Tower,1,1,6,14,22,0,7,32,2,41,1,8,38,16,63,4,30,34,97
08/19/2002,CWF,LA,ASW,CE,Federal Contract Tower,1,1,8,18,28,0,7,28,2,37,1,8,36,20,65,2,34,36,101
08/20/2002,CWF,LA,ASW,CE,Federal Contract Tower,0,1,5,10,16,2,7,19,0,28,2,8,24,10,44,2,0,2,46
08/21/2002,CWF,LA,ASW,CE,Federal Contract Tower,1,1,6,14,22,1,7,38,4,50,2,8,44,18,72,20,10,30,102
08/22/2002,CWF,LA,ASW,CE,Federal Contract Tower,0,1,5,4,10,3,5,42,0,50,3,6,47,4,60,0,0,0,60
08/23/2002,CWF,LA,ASW,CE,Federal Contract Tower,3,3,24,56,86,0,7,21,14,42,3,10,45,70,128,14,20,34,162
08/24/2002,CWF,LA,ASW,CE,Federal Contract Tower,2,2,17,39,60,0,8,31,13,52,2,10,48,52,112,0,230,230,342
08/25/2002,CWF,LA,ASW,CE,Federal Contract Tower,0,3,22,48,73,0,5,16,0,21,0,8,38,48,94,0,22,22,116
08/26/2002,CWF,LA,ASW,CE,Federal Contract Tower,2,2,12,26,42,0,8,34,20,62,2,10,46,46,104,60,30,90,194
08/27/2002,CWF,LA,ASW,CE,Federal Contract Tower,2,1,17,24,44,0,11,35,0,46,2,12,52,24,90,0,18,18,108
08/28/2002,CWF,LA,ASW,CE,Federal Contract Tower,2,2,21,49,74,0,10,31,7,48,2,12,52,56,122,44,152,196,318
08/29/2002,CWF,LA,ASW,CE,Federal Contract Tower,3,1,15,36,55,0,7,44,24,75,3,8,59,60,130,58,260,318,448
08/30/2002,CWF,LA,ASW,CE,Federal Contract Tower,3,1,15,36,55,3,5,47,4,59,6,6,62,40,114,58,12,70,184
08/31/2002,CWF,LA,ASW,CE,Federal Contract Tower,0,0,5,9,14,5,4,24,0,33,5,4,29,9,47,0,10,10,57
09/01/2002,CWF,LA,ASW,CE,Federal Contract Tower,0,0,2,4,6,2,0,40,0,42,2,0,42,4,48,0,0,0,48
09/02/2002,CWF,LA,ASW,CE,Federal Contract Tower,0,0,0,2,2,0,0,28,6,34,0,0,28,8,36,0,10,10,46
09/03/2002,CWF,LA,ASW,CE,Federal Contract Tower,3,2,11,27,43,0,0,21,7,28,3,2,32,34,71,40,50,90,161
09/04/2002,CWF,LA,ASW,CE,Federal Contract Tower,0,0,2,0,2,2,0,31,0,33,2,0,33,0,35,0,0,0,35
09/05/2002,CWF,LA,ASW,CE,Federal Contract Tower,2,1,6,7,16,0,1,34,0,35,2,2,40,7,51,12,0,12,63
09/06/2002,CWF,LA,ASW,CE,Federal Contract Tower,0,1,3,2,6,5,1,7,0,13,5,2,10,2,19,0,4,4,23
09/07/2002,CWF,LA,ASW,CE,Federal Contract Tower,0,1,0,0,1,1,0,6,0,7,1,1,6,0,8,0,0,0,8
09/08/2002,CWF,LA,ASW,CE,Federal Contract Tower,0,0,3,4,7,1,0,20,0,21,1,0,23,4,28,0,0,0,28
09/09/2002,CWF,LA,ASW,CE,Federal Contract Tower,1,0,4,10,15,0,3,50,1,54,1,3,54,11,69,10,0,10,79
09/10/2002,CWF,LA,ASW,CE,Federal Contract Tower,5,3,17,32,57,3,7,43,0,53,8,10,60,32,110,0,70,70,180
09/11/2002,CWF,LA,ASW,CE,Federal Contract Tower,2,3,22,46,73,0,7,52,0,59,2,10,74,46,132,130,126,256,388
09/12/2002,CWF,LA,ASW,CE,Federal Contract Tower,2,4,29,64,99,0,11,41,1,53,2,15,70,65,152,30,207,237,389
09/13/2002,CWF,LA,ASW,CE,Federal Contract Tower,2,8,69,151,230,0,2,25,45,72,2,10,94,196,302,0,1150,1150,1452
09/14/2002,CWF,LA,ASW,CE,Federal Contract Tower,4,1,11,24,40,8,7,39,0,54,12,8,50,24,94,0,12,12,106
09/15/2002,CWF,LA,ASW,CE,Federal Contract Tower,0,0,1,4,5,4,1,22,16,43,4,1,23,20,48,0,0,0,48
09/16/2002,CWF,LA,ASW,CE,Federal Contract Tower,2,1,9,13,25,0,5,8,0,13,2,6,17,13,38,0,30,30,68
09/17/2002,CWF,LA,ASW,CE,Federal Contract Tower,2,0,5,10,17,0,8,47,0,55,2,8,52,10,72,10,46,56,128
09/18/2002,CWF,LA,ASW,CE,Federal Contract Tower,2,2,12,25,41,0,8,44,9,61,2,10,56,34,102,6,44,50,152
09/19/2002,CWF,LA,ASW,CE,Federal Contract Tower,1,0,4,4,9,1,6,22,0,29,2,6,26,4,38,2,6,8,46
09/20/2002,CWF,LA,ASW,CE,Federal Contract Tower,2,0,8,17,27,0,8,67,3,78,2,8,75,20,105,0,8,8,113
09/21/2002,CWF,LA,ASW,CE,Federal Contract Tower,0,0,4,0,4,2,8,48,0,58,2,8,52,0,62,8,0,8,70
09/22/2002,CWF,LA,ASW,CE,Federal Contract Tower,1,0,4,9,14,0,8,46,1,55,1,8,50,10,69,0,20,20,89
09/23/2002,CWF,LA,ASW,CE,Federal Contract Tower,3,3,23,50,79,0,7,47,25,79,3,10,70,75,158,0,640,640,798
09/24/2002,CWF,LA,ASW,CE,Federal Contract Tower,0,0,4,6,10,2,3,47,0,52,2,3,51,6,62,4,16,20,82
09/25/2002,CWF,LA,ASW,CE,Federal Contract Tower,0,0,3,0,3,3,5,8,0,16,3,5,11,0,19,0,0,0,19
09/26/2002,CWF,LA,ASW,CE,Federal Contract Tower,1,0,5,2,8,2,2,49,0,53,3,2,54,2,61,0,0,0,61
09/27/2002,CWF,LA,ASW,CE,Federal Contract Tower,2,2,10,21,35,2,6,32,5,45,4,8,42,26,80,2,50,52,132
09/28/2002,CWF,LA,ASW,CE,Federal Contract Tower,2,0,7,16,25,0,8,43,0,51,2,8,50,16,76,0,120,120,196
09/29/2002,CWF,LA,ASW,CE,Federal Contract Tower,0,0,4,6,10,0,8,26,0,34,0,8,30,6,44,0,0,0,44
09/30/2002,CWF,LA,ASW,CE,Federal Contract Tower,1,0,7,14,22,1,8,65,0,74,2,8,72,14,96,0,0,0,96
10/01/2002,CWF,LA,ASW,CE,Federal Contract Tower,3,1,12,36,52,0,7,121,8,136,3,8,133,44,188,0,46,46,234
10/02/2002,CWF,LA,ASW,CE,Federal Contract Tower,3,0,9,26,38,1,20,13,20,54,4,20,22,46,92,0,0,0,92
10/03/2002,CWF,LA,ASW,CE,Federal Contract Tower,0,0,0,0,0,0,0,0,0,0,0,0,0,0,0,0,0,0,0
10/04/2002,CWF,LA,ASW,CE,Federal Contract Tower,2,0,4,15,21,0,2,68,1,71,2,2,72,16,92,2,12,14,106
10/05/2002,CWF,LA,ASW,CE,Federal Contract Tower,2,0,5,15,22,1,0,41,3,45,3,0,46,18,67,0,15,15,82
10/06/2002,CWF,LA,ASW,CE,Federal Contract Tower,0,0,6,20,26,0,0,36,11,47,0,0,42,31,73,0,60,60,133
10/07/2002,CWF,LA,ASW,CE,Federal Contract Tower,1,0,5,12,18,0,2,31,0,33,1,2,36,12,51,0,0,0,51
10/08/2002,CWF,LA,ASW,CE,Federal Contract Tower,2,1,13,37,53,0,9,89,5,103,2,10,102,42,156,0,28,28,184
10/09/2002,CWF,LA,ASW,CE,Federal Contract Tower,2,0,6,12,20,1,0,31,0,32,3,0,37,12,52,10,24,34,86
10/10/2002,CWF,LA,ASW,CE,Federal Contract Tower,2,0,9,26,37,0,7,37,2,46,2,7,46,28,83,8,16,24,107
10/11/2002,CWF,LA,ASW,CE,Federal Contract Tower,2,1,15,38,56,0,9,55,0,64,2,10,70,38,120,8,44,52,172
10/12/2002,CWF,LA,ASW,CE,Federal Contract Tower,1,1,12,35,49,0,7,36,3,46,1,8,48,38,95,10,80,90,185
10/13/2002,CWF,LA,ASW,CE,Federal Contract Tower,0,0,8,0,8,0,8,22,0,30,0,8,30,0,38,10,0,10,48
10/14/2002,CWF,LA,ASW,CE,Federal Contract Tower,1,1,16,34,52,0,7,46,0,53,1,8,62,34,105,12,66,78,183
10/15/2002,CWF,LA,ASW,CE,Federal Contract Tower,3,2,21,55,81,0,6,35,13,54,3,8,56,68,135,8,72,80,215
10/16/2002,CWF,LA,ASW,CE,Federal Contract Tower,2,2,15,40,59,0,6,55,0,61,2,8,70,40,120,10,70,80,200
10/17/2002,CWF,LA,ASW,CE,Federal Contract Tower,2,2,15,38,57,0,6,63,11,80,2,8,78,49,137,8,24,32,169
10/18/2002,CWF,LA,ASW,CE,Federal Contract Tower,4,4,36,99,143,0,6,18,35,59,4,10,54,134,202,14,474,488,690
10/19/2002,CWF,LA,ASW,CE,Federal Contract Tower,1,1,9,20,31,1,7,39,0,47,2,8,48,20,78,4,34,38,116
10/20/2002,CWF,LA,ASW,CE,Federal Contract Tower,0,0,6,13,19,0,0,6,1,7,0,0,12,14,26,0,24,24,50
10/21/2002,CWF,LA,ASW,CE,Federal Contract Tower,1,1,9,18,29,2,3,27,0,32,3,4,36,18,61,0,26,26,87
10/22/2002,CWF,LA,ASW,CE,Federal Contract Tower,1,0,5,12,18,2,0,19,0,21,3,0,24,12,39,0,14,14,53
10/23/2002,CWF,LA,ASW,CE,Federal Contract Tower,1,1,8,18,28,1,3,22,0,26,2,4,30,18,54,0,24,24,78
10/24/2002,CWF,LA,ASW,CE,Federal Contract Tower,2,1,11,27,41,0,7,67,5,79,2,8,78,32,120,0,44,44,164
10/25/2002,CWF,LA,ASW,CE,Federal Contract Tower,0,1,6,8,15,2,3,6,0,11,2,4,12,8,26,4,4,8,34
10/26/2002,CWF,LA,ASW,CE,Federal Contract Tower,0,0,3,6,9,2,0,7,0,9,2,0,10,6,18,0,4,4,22
10/27/2002,CWF,LA,ASW,CE,Federal Contract Tower,0,0,2,4,6,1,0,20,12,33,1,0,22,16,39,4,24,28,67
10/28/2002,CWF,LA,ASW,CE,Federal Contract Tower,1,0,9,16,26,1,8,17,0,26,2,8,26,16,52,0,22,22,74
10/29/2002,CWF,LA,ASW,CE,Federal Contract Tower,2,1,16,16,35,0,9,38,0,47,2,10,54,16,82,0,28,28,110
10/30/2002,CWF,LA,ASW,CE,Federal Contract Tower,4,2,29,78,113,0,6,42,5,53,4,8,71,83,166,22,78,100,266
10/31/2002,CWF,LA,ASW,CE,Federal Contract Tower,2,1,13,32,48,2,7,42,0,51,4,8,55,32,99,0,46,46,145
11/01/2002,CWF,LA,ASW,CE,Federal Contract Tower,2,3,19,62,86,0,5,67,23,95,2,8,86,85,181,12,138,150,331
11/02/2002,CWF,LA,ASW,CE,Federal Contract Tower,3,0,8,26,37,0,0,51,3,54,3,0,59,29,91,14,68,82,173
11/03/2002,CWF,LA,ASW,CE,Federal Contract Tower,0,0,2,7,9,0,0,26,2,28,0,0,28,9,37,10,12,22,59
11/04/2002,CWF,LA,ASW,CE,Federal Contract Tower,1,1,7,8,17,0,3,15,0,18,1,4,22,8,35,8,10,18,53
11/05/2002,CWF,LA,ASW,CE,Federal Contract Tower,1,1,5,12,19,0,9,19,0,28,1,10,24,12,47,20,24,44,91
11/06/2002,CWF,LA,ASW,CE,Federal Contract Tower,4,2,18,57,81,0,8,28,7,43,4,10,46,64,124,20,110,130,254
11/07/2002,CWF,LA,ASW,CE,Federal Contract Tower,6,2,16,52,76,3,8,44,6,61,9,10,60,58,137,12,136,148,285
11/08/2002,CWF,LA,ASW,CE,Federal Contract Tower,5,1,12,39,57,0,9,47,3,59,5,10,59,42,116,20,28,48,164
11/09/2002,CWF,LA,ASW,CE,Federal Contract Tower,1,0,4,9,14,2,8,40,15,65,3,8,44,24,79,24,38,62,141
11/10/2002,CWF,LA,ASW,CE,Federal Contract Tower,0,0,2,5,7,0,3,48,7,58,0,3,50,12,65,24,0,24,89
11/11/2002,CWF,LA,ASW,CE,Federal Contract Tower,3,1,10,23,37,1,3,30,0,34,4,4,40,23,71,12,22,34,105
11/12/2002,CWF,LA,ASW,CE,Federal Contract Tower,2,2,9,25,38,2,5,41,0,48,4,7,50,25,86,10,80,90,176
11/13/2002,CWF,LA,ASW,CE,Federal Contract Tower,3,2,13,37,55,0,6,55,5,66,3,8,68,42,121,6,110,116,237
11/14/2002,CWF,LA,ASW,CE,Federal Contract Tower,2,2,13,37,54,0,7,33,3,43,2,9,46,40,97,16,38,54,151
11/15/2002,CWF,LA,ASW,CE,Federal Contract Tower,2,3,13,39,57,0,5,52,3,60,2,8,65,42,117,12,40,52,169
11/16/2002,CWF,LA,ASW,CE,Federal Contract Tower,1,2,7,19,29,3,6,18,2,29,4,8,25,21,58,10,90,100,158
11/17/2002,CWF,LA,ASW,CE,Federal Contract Tower,2,2,10,27,41,0,6,20,0,26,2,8,30,27,67,30,60,90,157
11/18/2002,CWF,LA,ASW,CE,Federal Contract Tower,2,2,10,27,41,0,6,37,0,43,2,8,47,27,84,12,100,112,196
11/19/2002,CWF,LA,ASW,CE,Federal Contract Tower,2,2,13,37,54,0,6,25,13,44,2,8,38,50,98,2,150,152,250
11/20/2002,CWF,LA,ASW,CE,Federal Contract Tower,2,2,11,33,48,0,4,43,8,55,2,6,54,41,103,2,168,170,273
11/21/2002,CWF,LA,ASW,CE,Federal Contract Tower,2,4,22,60,88,0,6,68,0,74,2,10,90,60,162,8,80,88,250
11/22/2002,CWF,LA,ASW,CE,Federal Contract Tower,3,2,10,24,39,0,6,56,0,62,3,8,66,24,101,68,48,116,217
11/23/2002,CWF,LA,ASW,CE,Federal Contract Tower,2,3,13,40,58,0,5,57,16,78,2,8,70,56,136,2,136,138,274
11/24/2002,CWF,LA,ASW,CE,Federal Contract Tower,0,3,19,55,77,0,7,27,9,43,0,10,46,64,120,0,120,120,240
11/25/2002,CWF,LA,ASW,CE,Federal Contract Tower,2,2,12,35,51,0,6,33,10,49,2,8,45,45,100,0,32,32,132
11/26/2002,CWF,LA,ASW,CE,Federal Contract Tower,1,0,3,11,15,1,12,29,1,43,2,12,32,12,58,0,0,0,58
11/27/2002,CWF,LA,ASW,CE,Federal Contract Tower,2,0,6,10,18,1,10,54,0,65,3,10,60,10,83,16,10,26,109
11/28/2002,CWF,LA,ASW,CE,Federal Contract Tower,0,0,0,0,0,4,0,0,0,4,4,0,0,0,4,0,0,0,4
11/29/2002,CWF,LA,ASW,CE,Federal Contract Tower,0,0,3,0,3,9,0,29,0,38,9,0,32,0,41,0,0,0,41
11/30/2002,CWF,LA,ASW,CE,Federal Contract Tower,0,0,1,0,1,4,0,25,0,29,4,0,26,0,30,0,0,0,30
12/01/2002,CWF,LA,ASW,CE,Federal Contract Tower,0,1,0,2,3,0,3,42,0,45,0,4,42,2,48,0,0,0,48
12/02/2002,CWF,LA,ASW,CE,Federal Contract Tower,1,3,11,26,41,0,5,35,0,40,1,8,46,26,81,0,75,75,156
12/03/2002,CWF,LA,ASW,CE,Federal Contract Tower,2,1,3,0,6,4,7,37,0,48,6,8,40,0,54,0,0,0,54
12/04/2002,CWF,LA,ASW,CE,Federal Contract Tower,0,0,3,3,6,2,8,42,0,52,2,8,45,3,58,0,0,0,58
12/05/2002,CWF,LA,ASW,CE,Federal Contract Tower,2,2,10,27,41,0,2,52,4,58,2,4,62,31,99,4,52,56,155
12/06/2002,CWF,LA,ASW,CE,Federal Contract Tower,3,4,22,57,86,0,6,46,15,67,3,10,68,72,153,42,40,82,235
12/07/2002,CWF,LA,ASW,CE,Federal Contract Tower,2,2,8,20,32,0,6,106,0,112,2,8,114,20,144,0,32,32,176
12/08/2002,CWF,LA,ASW,CE,Federal Contract Tower,0,2,9,23,34,0,7,27,9,43,0,9,36,32,77,0,6,6,83
12/09/2002,CWF,LA,ASW,CE,Federal Contract Tower,2,0,4,8,14,1,8,38,0,47,3,8,42,8,61,0,6,6,67
12/10/2002,CWF,LA,ASW,CE,Federal Contract Tower,2,2,9,20,33,0,6,47,0,53,2,8,56,20,86,12,14,26,112
12/11/2002,CWF,LA,ASW,CE,Federal Contract Tower,3,1,8,21,33,0,3,84,12,99,3,4,92,33,132,20,74,94,226
12/12/2002,CWF,LA,ASW,CE,Federal Contract Tower,2,0,6,12,20,1,6,35,0,42,3,6,41,12,62,0,10,10,72
12/13/2002,CWF,LA,ASW,CE,Federal Contract Tower,3,3,26,62,94,0,7,78,28,113,3,10,104,90,207,4,110,114,321
12/14/2002,CWF,LA,ASW,CE,Federal Contract Tower,3,1,14,32,50,0,7,89,14,110,3,8,103,46,160,0,46,46,206
12/15/2002,CWF,LA,ASW,CE,Federal Contract Tower,0,0,4,4,8,0,8,36,0,44,0,8,40,4,52,0,8,8,60
12/16/2002,CWF,LA,ASW,CE,Federal Contract Tower,2,2,18,38,60,0,8,44,0,52,2,10,62,38,112,4,20,24,136
12/17/2002,CWF,LA,ASW,CE,Federal Contract Tower,2,1,9,20,32,0,8,39,4,51,2,9,48,24,83,0,30,30,113
12/18/2002,CWF,LA,ASW,CE,Federal Contract Tower,2,2,9,14,27,4,2,27,0,33,6,4,36,14,60,2,20,22,82
12/19/2002,CWF,LA,ASW,CE,Federal Contract Tower,2,2,9,19,32,1,6,87,0,94,3,8,96,19,126,10,30,40,166
12/20/2002,CWF,LA,ASW,CE,Federal Contract Tower,0,0,3,8,11,2,3,112,6,123,2,3,115,14,134,12,8,20,154
12/21/2002,CWF,LA,ASW,CE,Federal Contract Tower,1,0,6,6,13,2,0,52,0,54,3,0,58,6,67,0,0,0,67
12/22/2002,CWF,LA,ASW,CE,Federal Contract Tower,0,0,5,2,7,0,0,61,0,61,0,0,66,2,68,20,0,20,88
12/23/2002,CWF,LA,ASW,CE,Federal Contract Tower,0,0,0,0,0,2,2,44,0,48,2,2,44,0,48,0,0,0,48
12/24/2002,CWF,LA,ASW,CE,Federal Contract Tower,0,0,1,0,1,2,2,41,0,45,2,2,42,0,46,0,0,0,46
12/25/2002,CWF,LA,ASW,CE,Federal Contract Tower,0,0,0,0,0,0,0,30,0,30,0,0,30,0,30,0,0,0,30
12/26/2002,CWF,LA,ASW,CE,Federal Contract Tower,0,0,3,4,7,3,8,50,0,61,3,8,53,4,68,20,30,50,118
12/27/2002,CWF,LA,ASW,CE,Federal Contract Tower,2,2,10,23,37,0,1,62,8,71,2,3,72,31,108,20,74,94,202
12/28/2002,CWF,LA,ASW,CE,Federal Contract Tower,0,0,4,8,12,2,1,53,0,56,2,1,57,8,68,12,0,12,80
12/29/2002,CWF,LA,ASW,CE,Federal Contract Tower,0,0,1,3,4,0,0,31,1,32,0,0,32,4,36,0,40,40,76
12/30/2002,CWF,LA,ASW,CE,Federal Contract Tower,0,0,2,0,2,3,3,17,0,23,3,3,19,0,25,0,0,0,25
12/31/2002,CWF,LA,ASW,CE,Federal Contract Tower,0,0,2,0,2,3,2,11,0,16,3,2,13,0,18,0,0,0,18
01/01/2003,CWF,LA,ASW,CE,Federal Contract Tower,0,0,0,2,2,0,0,40,0,40,0,0,40,2,42,14,2,16,58
01/02/2003,CWF,LA,ASW,CE,Federal Contract Tower,1,2,8,18,29,0,12,34,0,46,1,14,42,18,75,12,60,72,147
01/03/2003,CWF,LA,ASW,CE,Federal Contract Tower,2,2,6,20,30,1,6,60,0,67,3,8,66,20,97,10,20,30,127
01/04/2003,CWF,LA,ASW,CE,Federal Contract Tower,2,2,6,26,36,0,6,54,0,60,2,8,60,26,96,10,130,140,236
01/05/2003,CWF,LA,ASW,CE,Federal Contract Tower,1,0,3,17,21,0,8,85,3,96,1,8,88,20,117,4,22,26,143
01/06/2003,CWF,LA,ASW,CE,Federal Contract Tower,2,0,3,17,22,1,8,51,5,65,3,8,54,22,87,10,34,44,131
01/07/2003,CWF,LA,ASW,CE,Federal Contract Tower,2,1,6,28,37,0,7,49,13,69,2,8,55,41,106,4,84,88,194
01/08/2003,CWF,LA,ASW,CE,Federal Contract Tower,2,1,8,33,44,0,7,54,19,80,2,8,62,52,124,4,120,124,248
01/09/2003,CWF,LA,ASW,CE,Federal Contract Tower,2,1,10,44,57,0,3,60,0,63,2,4,70,44,120,20,74,94,214
01/10/2003,CWF,LA,ASW,CE,Federal Contract Tower,3,5,33,130,171,0,3,84,31,118,3,8,117,161,289,70,230,300,589
01/11/2003,CWF,LA,ASW,CE,Federal Contract Tower,3,3,14,53,73,0,5,41,13,59,3,8,55,66,132,20,220,240,372
01/12/2003,CWF,LA,ASW,CE,Federal Contract Tower,0,0,6,20,26,0,11,19,11,41,0,11,25,31,67,10,40,50,117
01/13/2003,CWF,LA,ASW,CE,Federal Contract Tower,2,2,11,38,53,0,7,73,0,80,2,9,84,38,133,40,120,160,293
01/14/2003,CWF,LA,ASW,CE,Federal Contract Tower,1,2,7,23,33,1,8,90,0,99,2,10,97,23,132,44,72,116,248
01/15/2003,CWF,LA,ASW,CE,Federal Contract Tower,2,2,9,28,41,1,8,81,0,90,3,10,90,28,131,30,46,76,207
01/16/2003,CWF,LA,ASW,CE,Federal Contract Tower,1,2,11,39,53,0,8,71,3,82,1,10,82,42,135,10,68,78,213
01/17/2003,CWF,LA,ASW,CE,Federal Contract Tower,3,2,11,40,56,0,6,27,11,44,3,8,38,51,100,20,71,91,191
01/18/2003,CWF,LA,ASW,CE,Federal Contract Tower,2,2,9,32,45,0,6,27,8,41,2,8,36,40,86,6,112,118,204
01/19/2003,CWF,LA,ASW,CE,Federal Contract Tower,1,0,4,17,22,1,8,53,19,81,2,8,57,36,103,8,42,50,153
01/20/2003,CWF,LA,ASW,CE,Federal Contract Tower,2,2,11,40,55,0,6,44,9,59,2,8,55,49,114,10,38,48,162
01/21/2003,CWF,LA,ASW,CE,Federal Contract Tower,4,3,16,60,83,1,5,27,0,33,5,8,43,60,116,12,150,162,278
01/22/2003,CWF,LA,ASW,CE,Federal Contract Tower,2,2,7,29,40,4,6,67,9,86,6,8,74,38,126,4,80,84,210
01/23/2003,CWF,LA,ASW,CE,Federal Contract Tower,2,2,7,28,39,0,6,69,4,79,2,8,76,32,118,28,144,172,290
01/24/2003,CWF,LA,ASW,CE,Federal Contract Tower,3,1,10,36,50,0,7,46,0,53,3,8,56,36,103,48,28,76,179
01/25/2003,CWF,LA,ASW,CE,Federal Contract Tower,2,1,10,36,49,1,9,56,2,68,3,10,66,38,117,8,46,54,171
01/26/2003,CWF,LA,ASW,CE,Federal Contract Tower,0,0,5,18,23,0,8,12,0,20,0,8,17,18,43,6,38,44,87
01/27/2003,CWF,LA,ASW,CE,Federal Contract Tower,3,1,11,36,51,0,7,68,0,75,3,8,79,36,126,20,80,100,226
01/28/2003,CWF,LA,ASW,CE,Federal Contract Tower,2,0,6,14,22,1,8,70,0,79,3,8,76,14,101,20,28,48,149
01/29/2003,CWF,LA,ASW,CE,Federal Contract Tower,1,1,7,20,29,2,7,43,0,52,3,8,50,20,81,10,26,36,117
01/30/2003,CWF,LA,ASW,CE,Federal Contract Tower,4,2,15,58,79,4,6,81,0,91,8,8,96,58,170,4,48,52,222
01/31/2003,CWF,LA,ASW,CE,Federal Contract Tower,3,2,14,52,71,4,6,46,28,84,7,8,60,80,155,12,38,50,205
02/01/2003,CWF,LA,ASW,CE,Federal Contract Tower,1,0,5,12,18,2,6,11,0,19,3,6,16,12,37,2,26,28,65
02/02/2003,CWF,LA,ASW,CE,Federal Contract Tower,1,0,12,35,48,0,8,66,12,86,1,8,78,47,134,0,40,40,174
02/03/2003,CWF,LA,ASW,CE,Federal Contract Tower,3,0,8,12,23,0,8,47,0,55,3,8,55,12,78,0,22,22,100
02/04/2003,CWF,LA,ASW,CE,Federal Contract Tower,3,0,25,70,98,0,10,53,2,65,3,10,78,72,163,0,300,300,463
02/05/2003,CWF,LA,ASW,CE,Federal Contract Tower,3,0,19,50,72,0,10,27,4,41,3,10,46,54,113,40,140,180,293
02/06/2003,CWF,LA,ASW,CE,Federal Contract Tower,2,0,7,20,29,1,10,15,0,26,3,10,22,20,55,0,40,40,95
02/07/2003,CWF,LA,ASW,CE,Federal Contract Tower,3,0,14,38,55,0,10,22,14,46,3,10,36,52,101,0,44,44,145
02/08/2003,CWF,LA,ASW,CE,Federal Contract Tower,1,0,6,15,22,1,10,22,1,34,2,10,28,16,56,2,30,32,88
02/09/2003,CWF,LA,ASW,CE,Federal Contract Tower,1,0,10,25,36,0,0,20,1,21,1,0,30,26,57,0,20,20,77
02/10/2003,CWF,LA,ASW,CE,Federal Contract Tower,2,0,16,42,60,0,0,38,5,43,2,0,54,47,103,0,240,240,343
02/11/2003,CWF,LA,ASW,CE,Federal Contract Tower,2,1,22,58,83,0,9,80,0,89,2,10,102,58,172,0,280,280,452
02/12/2003,CWF,LA,ASW,CE,Federal Contract Tower,1,1,9,24,35,1,9,79,28,117,2,10,88,52,152,0,142,142,294
02/13/2003,CWF,LA,ASW,CE,Federal Contract Tower,2,1,14,36,53,1,9,64,16,90,3,10,78,52,143,40,160,200,343
02/14/2003,CWF,LA,ASW,CE,Federal Contract Tower,1,1,7,20,29,2,7,55,6,70,3,8,62,26,99,12,10,22,121
02/15/2003,CWF,LA,ASW,CE,Federal Contract Tower,1,0,9,20,30,1,0,7,0,8,2,0,16,20,38,0,22,22,60
02/16/2003,CWF,LA,ASW,CE,Federal Contract Tower,1,0,7,20,28,0,0,42,4,46,1,0,49,24,74,0,60,60,134
02/17/2003,CWF,LA,ASW,CE,Federal Contract Tower,1,1,11,29,42,0,7,96,1,104,1,8,107,30,146,0,60,60,206
02/18/2003,CWF,LA,ASW,CE,Federal Contract Tower,2,1,24,64,91,0,9,70,10,89,2,10,94,74,180,0,110,110,290
02/19/2003,CWF,LA,ASW,CE,Federal Contract Tower,3,1,18,48,70,0,9,112,0,121,3,10,130,48,191,10,102,112,303
02/20/2003,CWF,LA,ASW,CE,Federal Contract Tower,2,1,12,32,47,1,9,69,6,85,3,10,81,38,132,0,20,20,152
02/21/2003,CWF,LA,ASW,CE,Federal Contract Tower,0,0,3,9,12,2,0,23,5,30,2,0,26,14,42,0,28,28,70
02/22/2003,CWF,LA,ASW,CE,Federal Contract Tower,0,0,4,12,16,0,8,16,0,24,0,8,20,12,40,0,14,14,54
02/23/2003,CWF,LA,ASW,CE,Federal Contract Tower,0,0,6,14,20,0,8,95,0,103,0,8,101,14,123,10,24,34,157
02/24/2003,CWF,LA,ASW,CE,Federal Contract Tower,2,0,20,54,76,0,8,45,8,61,2,8,65,62,137,20,170,190,327
02/25/2003,CWF,LA,ASW,CE,Federal Contract Tower,1,0,6,10,17,2,10,54,0,66,3,10,60,10,83,0,70,70,153
02/26/2003,CWF,LA,ASW,CE,Federal Contract Tower,1,0,10,30,41,1,10,0,0,11,2,10,10,30,52,0,50,50,102
02/27/2003,CWF,LA,ASW,CE,Federal Contract Tower,2,0,20,54,76,0,10,64,22,96,2,10,84,76,172,60,106,166,338
02/28/2003,CWF,LA,ASW,CE,Federal Contract Tower,3,0,17,46,66,1,8,49,24,82,4,8,66,70,148,0,24,24,172
03/01/2003,CWF,LA,ASW,CE,Federal Contract Tower,2,0,4,17,23,0,8,22,0,30,2,8,26,17,53,2,20,22,75
03/02/2003,CWF,LA,ASW,CE,Federal Contract Tower,0,0,4,17,21,0,0,67,4,71,0,0,71,21,92,0,60,60,152
03/03/2003,CWF,LA,ASW,CE,Federal Contract Tower,1,0,1,3,5,1,8,67,0,76,2,8,68,3,81,0,0,0,81
03/04/2003,CWF,LA,ASW,CE,Federal Contract Tower,2,0,12,36,50,0,10,40,0,50,2,10,52,36,100,0,0,0,100
03/05/2003,CWF,LA,ASW,CE,Federal Contract Tower,1,0,3,10,14,2,8,3,0,13,3,8,6,10,27,0,0,0,27
03/06/2003,CWF,LA,ASW,CE,Federal Contract Tower,2,0,13,43,58,0,10,97,27,134,2,10,110,70,192,1,160,161,353
03/07/2003,CWF,LA,ASW,CE,Federal Contract Tower,1,0,2,8,11,3,12,88,36,139,4,12,90,44,150,6,100,106,256
03/08/2003,CWF,LA,ASW,CE,Federal Contract Tower,2,0,7,6,15,1,8,13,0,22,3,8,20,6,37,0,8,8,45
03/09/2003,CWF,LA,ASW,CE,Federal Contract Tower,2,0,19,23,44,0,8,24,0,32,2,8,43,23,76,40,137,177,253
03/10/2003,CWF,LA,ASW,CE,Federal Contract Tower,5,0,21,36,62,0,8,39,0,47,5,8,60,36,109,2,150,152,261
03/11/2003,CWF,LA,ASW,CE,Federal Contract Tower,3,0,12,36,51,0,10,14,34,58,3,10,26,70,109,0,230,230,339
03/12/2003,CWF,LA,ASW,CE,Federal Contract Tower,1,0,6,15,22,2,8,30,25,65,3,8,36,40,87,0,26,26,113
03/13/2003,CWF,LA,ASW,CE,Federal Contract Tower,1,0,2,6,9,2,8,22,4,36,3,8,24,10,45,0,10,10,55
03/14/2003,CWF,LA,ASW,CE,Federal Contract Tower,2,0,17,51,70,0,6,39,11,56,2,6,56,62,126,0,112,112,238
03/15/2003,CWF,LA,ASW,CE,Federal Contract Tower,1,1,8,22,32,7,5,70,0,82,8,6,78,22,114,8,48,56,170
03/16/2003,CWF,LA,ASW,CE,Federal Contract Tower,1,1,9,26,37,1,7,19,1,28,2,8,28,27,65,0,0,0,65
03/17/2003,CWF,LA,ASW,CE,Federal Contract Tower,3,1,14,43,61,1,7,96,0,104,4,8,110,43,165,0,60,60,225
03/18/2003,CWF,LA,ASW,CE,Federal Contract Tower,1,1,11,30,43,1,7,23,0,31,2,8,34,30,74,0,6,6,80
03/19/2003,CWF,LA,ASW,CE,Federal Contract Tower,5,1,28,68,102,0,9,74,0,83,5,10,102,68,185,20,350,370,555
03/20/2003,CWF,LA,ASW,CE,Federal Contract Tower,2,1,18,56,77,0,9,22,4,35,2,10,40,60,112,20,120,140,252
03/21/2003,CWF,LA,ASW,CE,Federal Contract Tower,3,1,19,56,79,0,7,47,16,70,3,8,66,72,149,4,190,194,343
03/22/2003,CWF,LA,ASW,CE,Federal Contract Tower,0,1,4,10,15,1,7,38,0,46,1,8,42,10,61,0,8,8,69
03/23/2003,CWF,LA,ASW,CE,Federal Contract Tower,0,0,17,52,69,0,8,58,10,76,0,8,75,62,145,60,260,320,465
03/24/2003,CWF,LA,ASW,CE,Federal Contract Tower,2,0,19,57,78,0,8,68,2,78,2,8,87,59,156,10,130,140,296
03/25/2003,CWF,LA,ASW,CE,Federal Contract Tower,2,0,13,28,43,2,10,17,0,29,4,10,30,28,72,10,30,40,112
03/26/2003,CWF,LA,ASW,CE,Federal Contract Tower,0,0,4,4,8,2,6,1,0,9,2,6,5,4,17,44,34,78,95
03/27/2003,CWF,LA,ASW,CE,Federal Contract Tower,2,0,24,73,99,0,10,60,5,75,2,10,84,78,174,60,300,360,534
03/28/2003,CWF,LA,ASW,CE,Federal Contract Tower,3,0,27,84,114,0,8,34,12,54,3,8,61,96,168,40,360,400,568
03/29/2003,CWF,LA,ASW,CE,Federal Contract Tower,1,0,20,65,86,0,0,37,33,70,1,0,57,98,156,0,440,440,596
03/30/2003,CWF,LA,ASW,CE,Federal Contract Tower,0,0,19,59,78,0,0,41,12,53,0,0,60,71,131,2,210,212,343
03/31/2003,CWF,LA,ASW,CE,Federal Contract Tower,1,0,12,38,51,0,10,18,0,28,1,10,30,38,79,2,42,44,123
04/01/2003,CWF,LA,ASW,CE,Federal Contract Tower,5,2,13,46,66,0,8,61,4,73,5,10,74,50,139,10,124,134,273
04/02/2003,CWF,LA,ASW,CE,Federal Contract Tower,3,0,28,52,83,0,10,58,16,84,3,10,86,68,167,0,22,22,189
04/03/2003,CWF,LA,ASW,CE,Federal Contract Tower,4,0,8,52,64,0,12,69,0,81,4,12,77,52,145,60,128,188,333
04/04/2003,CWF,LA,ASW,CE,Federal Contract Tower,5,0,2,35,42,1,8,83,0,92,6,8,85,35,134,0,60,60,194
04/05/2003,CWF,LA,ASW,CE,Federal Contract Tower,1,0,0,3,4,0,8,20,0,28,1,8,20,3,32,0,0,0,32
04/06/2003,CWF,LA,ASW,CE,Federal Contract Tower,0,0,1,8,9,0,8,35,0,43,0,8,36,8,52,0,0,0,52
04/07/2003,CWF,LA,ASW,CE,Federal Contract Tower,1,0,10,2,13,0,8,31,0,39,1,8,41,2,52,0,0,0,52
04/08/2003,CWF,LA,ASW,CE,Federal Contract Tower,2,4,6,15,27,0,0,56,7,63,2,4,62,22,90,0,12,12,102
04/09/2003,CWF,LA,ASW,CE,Federal Contract Tower,2,0,12,41,55,0,2,68,7,77,2,2,80,48,132,2,30,32,164
04/10/2003,CWF,LA,ASW,CE,Federal Contract Tower,2,2,28,58,90,0,8,57,2,67,2,10,85,60,157,26,58,84,241
04/11/2003,CWF,LA,ASW,CE,Federal Contract Tower,2,0,11,53,66,0,8,57,0,65,2,8,68,53,131,24,20,44,175
04/12/2003,CWF,LA,ASW,CE,Federal Contract Tower,1,0,22,44,67,0,8,8,2,18,1,8,30,46,85,20,100,120,205
04/13/2003,CWF,LA,ASW,CE,Federal Contract Tower,0,0,15,54,69,0,8,60,4,72,0,8,75,58,141,20,200,220,361
04/14/2003,CWF,LA,ASW,CE,Federal Contract Tower,1,0,13,75,89,0,8,85,0,93,1,8,98,75,182,20,120,140,322
04/15/2003,CWF,LA,ASW,CE,Federal Contract Tower,2,0,12,78,92,0,8,66,0,74,2,8,78,78,166,40,200,240,406
04/16/2003,CWF,LA,ASW,CE,Federal Contract Tower,2,0,10,62,74,0,4,61,1,66,2,4,71,63,140,12,206,218,358
04/17/2003,CWF,LA,ASW,CE,Federal Contract Tower,3,2,11,28,44,0,2,68,0,70,3,4,79,28,114,0,4,4,118
04/18/2003,CWF,LA,ASW,CE,Federal Contract Tower,2,0,30,60,92,0,8,26,14,48,2,8,56,74,140,10,90,100,240
04/19/2003,CWF,LA,ASW,CE,Federal Contract Tower,1,0,0,10,11,0,0,30,0,30,1,0,30,10,41,0,40,40,81
04/20/2003,CWF,LA,ASW,CE,Federal Contract Tower,0,0,0,5,5,0,0,10,0,10,0,0,10,5,15,0,0,0,15
04/21/2003,CWF,LA,ASW,CE,Federal Contract Tower,3,0,10,12,25,0,10,20,0,30,3,10,30,12,55,0,10,10,65
04/22/2003,CWF,LA,ASW,CE,Federal Contract Tower,2,0,14,30,46,0,8,76,0,84,2,8,90,30,130,0,90,90,220
04/23/2003,CWF,LA,ASW,CE,Federal Contract Tower,2,0,13,35,50,0,8,67,65,140,2,8,80,100,190,0,120,120,310
04/24/2003,CWF,LA,ASW,CE,Federal Contract Tower,2,0,11,22,35,0,8,54,0,62,2,8,65,22,97,12,24,36,133
04/25/2003,CWF,LA,ASW,CE,Federal Contract Tower,2,2,20,147,171,0,10,87,0,97,2,12,107,147,268,22,32,54,322
04/26/2003,CWF,LA,ASW,CE,Federal Contract Tower,2,2,18,46,68,0,8,75,0,83,2,10,93,46,151,0,40,40,191
04/27/2003,CWF,LA,ASW,CE,Federal Contract Tower,0,0,28,88,116,0,0,32,22,54,0,0,60,110,170,20,20,40,210
04/28/2003,CWF,LA,ASW,CE,Federal Contract Tower,1,1,19,28,49,0,9,37,2,48,1,10,56,30,97,0,100,100,197
04/29/2003,CWF,LA,ASW,CE,Federal Contract Tower,4,1,20,62,87,0,9,40,18,67,4,10,60,80,154,0,252,252,406
04/30/2003,CWF,LA,ASW,CE,Federal Contract Tower,5,0,14,34,53,0,12,32,4,48,5,12,46,38,101,6,36,42,143
05/01/2003,CWF,LA,ASW,CE,Federal Contract Tower,3,0,10,28,41,0,8,120,0,128,3,8,130,28,169,6,40,46,215
05/02/2003,CWF,LA,ASW,CE,Federal Contract Tower,5,3,15,55,78,0,0,105,0,105,5,3,120,55,183,4,90,94,277
05/03/2003,CWF,LA,ASW,CE,Federal Contract Tower,2,2,9,34,47,0,0,79,3,82,2,2,88,37,129,4,48,52,181
05/04/2003,CWF,LA,ASW,CE,Federal Contract Tower,0,2,2,34,38,0,0,76,0,76,0,2,78,34,114,2,50,52,166
05/05/2003,CWF,LA,ASW,CE,Federal Contract Tower,1,0,7,49,57,0,8,55,1,64,1,8,62,50,121,6,74,80,201
05/06/2003,CWF,LA,ASW,CE,Federal Contract Tower,2,0,20,36,58,0,10,28,4,42,2,10,48,40,100,0,10,10,110
05/07/2003,CWF,LA,ASW,CE,Federal Contract Tower,4,0,32,44,80,0,10,32,4,46,4,10,64,48,126,50,90,140,266
05/08/2003,CWF,LA,ASW,CE,Federal Contract Tower,8,10,14,40,72,0,0,30,20,50,8,10,44,60,122,0,50,50,172
05/09/2003,CWF,LA,ASW,CE,Federal Contract Tower,4,2,12,94,112,0,9,60,0,69,4,11,72,94,181,2,60,62,243
05/10/2003,CWF,LA,ASW,CE,Federal Contract Tower,9,0,6,28,43,0,8,39,4,51,9,8,45,32,94,0,16,16,110
05/11/2003,CWF,LA,ASW,CE,Federal Contract Tower,9,0,2,29,40,0,2,43,1,46,9,2,45,30,86,0,20,20,106
05/12/2003,CWF,LA,ASW,CE,Federal Contract Tower,7,0,18,62,87,2,12,52,8,74,9,12,70,70,161,8,54,62,223
05/13/2003,CWF,LA,ASW,CE,Federal Contract Tower,8,0,4,30,42,0,12,36,32,80,8,12,40,62,122,10,32,42,164
05/14/2003,CWF,LA,ASW,CE,Federal Contract Tower,10,0,5,37,52,0,10,70,0,80,10,10,75,37,132,0,20,20,152
05/15/2003,CWF,LA,ASW,CE,Federal Contract Tower,2,1,9,110,122,0,9,117,5,131,2,10,126,115,253,0,36,36,289
05/16/2003,CWF,LA,ASW,CE,Federal Contract Tower,2,1,9,80,92,0,10,53,0,63,2,11,62,80,155,4,140,144,299
05/17/2003,CWF,LA,ASW,CE,Federal Contract Tower,1,0,2,19,22,0,8,58,0,66,1,8,60,19,88,0,32,32,120
05/18/2003,CWF,LA,ASW,CE,Federal Contract Tower,1,0,4,60,65,0,8,65,0,73,1,8,69,60,138,20,90,110,248
05/19/2003,CWF,LA,ASW,CE,Federal Contract Tower,1,0,11,44,56,0,8,62,2,72,1,8,73,46,128,3,80,83,211
05/20/2003,CWF,LA,ASW,CE,Federal Contract Tower,6,0,16,28,50,0,10,36,10,56,6,10,52,38,106,10,30,40,146
05/21/2003,CWF,LA,ASW,CE,Federal Contract Tower,2,0,18,34,54,0,10,20,12,42,2,10,38,46,96,0,70,70,166
05/22/2003,CWF,LA,ASW,CE,Federal Contract Tower,2,4,10,25,41,0,8,83,0,91,2,12,93,25,132,20,60,80,212
05/23/2003,CWF,LA,ASW,CE,Federal Contract Tower,2,0,14,32,48,0,8,75,10,93,2,8,89,42,141,0,100,100,241
05/24/2003,CWF,LA,ASW,CE,Federal Contract Tower,1,0,9,0,10,0,8,80,0,88,1,8,89,0,98,0,0,0,98
05/25/2003,CWF,LA,ASW,CE,Federal Contract Tower,0,0,2,10,12,0,8,72,0,80,0,8,74,10,92,8,10,18,110
05/26/2003,CWF,LA,ASW,CE,Federal Contract Tower,3,0,3,8,14,0,8,47,2,57,3,8,50,10,71,2,10,12,83
05/27/2003,CWF,LA,ASW,CE,Federal Contract Tower,3,6,4,20,33,0,4,66,0,70,3,10,70,20,103,0,30,30,133
05/28/2003,CWF,LA,ASW,CE,Federal Contract Tower,5,0,40,60,105,0,10,38,28,76,5,10,78,88,181,35,350,385,566
05/29/2003,CWF,LA,ASW,CE,Federal Contract Tower,6,0,17,66,89,0,10,10,17,37,6,10,27,83,126,0,170,170,296
05/30/2003,CWF,LA,ASW,CE,Federal Contract Tower,2,0,9,120,131,0,8,105,0,113,2,8,114,120,244,0,1020,1020,1264
05/31/2003,CWF,LA,ASW,CE,Federal Contract Tower,1,0,12,33,46,0,8,30,0,38,1,8,42,33,84,0,380,380,464
06/01/2003,CWF,LA,ASW,CE,Federal Contract Tower,0,4,6,88,98,0,0,80,0,80,0,4,86,88,178,8,188,196,374
06/02/2003,CWF,LA,ASW,CE,Federal Contract Tower,1,1,8,31,41,0,9,37,2,48,1,10,45,33,89,2,200,202,291
06/03/2003,CWF,LA,ASW,CE,Federal Contract Tower,2,0,7,41,50,0,8,39,5,52,2,8,46,46,102,2,28,30,132
06/04/2003,CWF,LA,ASW,CE,Federal Contract Tower,5,0,3,12,20,0,4,11,2,17,5,4,14,14,37,0,14,14,51
06/05/2003,CWF,LA,ASW,CE,Federal Contract Tower,4,0,11,12,27,0,8,107,0,115,4,8,118,12,142,0,20,20,162
06/06/2003,CWF,LA,ASW,CE,Federal Contract Tower,4,1,14,38,57,0,9,46,26,81,4,10,60,64,138,0,212,212,350
06/07/2003,CWF,LA,ASW,CE,Federal Contract Tower,1,2,16,30,49,0,8,52,12,72,1,10,68,42,121,40,260,300,421
06/08/2003,CWF,LA,ASW,CE,Federal Contract Tower,2,2,14,71,89,0,0,69,0,69,2,2,83,71,158,0,220,220,378
06/09/2003,CWF,LA,ASW,CE,Federal Contract Tower,3,4,20,32,59,0,0,68,0,68,3,4,88,32,127,6,90,96,223
06/10/2003,CWF,LA,ASW,CE,Federal Contract Tower,2,2,23,68,95,0,0,53,2,55,2,2,76,70,150,50,70,120,270
06/11/2003,CWF,LA,ASW,CE,Federal Contract Tower,2,0,12,20,34,0,8,93,2,103,2,8,105,22,137,20,80,100,237
06/12/2003,CWF,LA,ASW,CE,Federal Contract Tower,2,0,5,16,23,0,8,56,0,64,2,8,61,16,87,0,0,0,87
06/13/2003,CWF,LA,ASW,CE,Federal Contract Tower,4,2,15,48,69,0,8,45,32,85,4,10,60,80,154,0,70,70,224
06/14/2003,CWF,LA,ASW,CE,Federal Contract Tower,1,0,5,8,14,0,8,21,0,29,1,8,26,8,43,20,40,60,103
06/15/2003,CWF,LA,ASW,CE,Federal Contract Tower,3,0,2,8,13,0,8,50,0,58,3,8,52,8,71,0,40,40,111
06/16/2003,CWF,LA,ASW,CE,Federal Contract Tower,1,2,2,28,33,0,0,34,0,34,1,2,36,28,67,0,0,0,67
06/17/2003,CWF,LA,ASW,CE,Federal Contract Tower,2,2,8,26,38,0,0,54,2,56,2,2,62,28,94,0,10,10,104
06/18/2003,CWF,LA,ASW,CE,Federal Contract Tower,2,2,10,44,58,0,0,64,0,64,2,2,74,44,122,0,30,30,152
06/19/2003,CWF,LA,ASW,CE,Federal Contract Tower,2,0,13,94,109,0,8,97,2,107,2,8,110,96,216,8,212,220,436
06/20/2003,CWF,LA,ASW,CE,Federal Contract Tower,3,0,13,32,48,0,8,77,0,85,3,8,90,32,133,20,40,60,193
06/21/2003,CWF,LA,ASW,CE,Federal Contract Tower,4,0,5,19,28,0,8,61,0,69,4,8,66,19,97,0,0,0,97
06/22/2003,CWF,LA,ASW,CE,Federal Contract Tower,2,1,1,60,64,0,7,21,30,58,2,8,22,90,122,0,90,90,212
06/23/2003,CWF,LA,ASW,CE,Federal Contract Tower,2,1,14,48,65,0,9,66,12,87,2,10,80,60,152,0,120,120,272
06/24/2003,CWF,LA,ASW,CE,Federal Contract Tower,2,0,18,22,42,0,10,24,28,62,2,10,42,50,104,0,60,60,164
06/25/2003,CWF,LA,ASW,CE,Federal Contract Tower,2,0,7,22,31,0,4,49,2,55,2,4,56,24,86,0,80,80,166
06/26/2003,CWF,LA,ASW,CE,Federal Contract Tower,4,0,8,17,29,0,2,60,1,63,4,2,68,18,92,0,44,44,136
06/27/2003,CWF,LA,ASW,CE,Federal Contract Tower,4,0,4,9,17,0,8,50,0,58,4,8,54,9,75,0,20,20,95
06/28/2003,CWF,LA,ASW,CE,Federal Contract Tower,1,0,2,72,75,0,8,63,1,72,1,8,65,73,147,40,300,340,487
06/29/2003,CWF,LA,ASW,CE,Federal Contract Tower,0,0,15,8,23,0,8,52,0,60,0,8,67,8,83,40,0,40,123
06/30/2003,CWF,LA,ASW,CE,Federal Contract Tower,1,0,13,2,16,0,8,0,0,8,1,8,13,2,24,40,0,40,64
07/01/2003,CWF,LA,ASW,CE,Federal Contract Tower,2,1,12,12,27,0,9,42,0,51,2,10,54,12,78,0,50,50,128
07/02/2003,CWF,LA,ASW,CE,Federal Contract Tower,2,0,10,40,52,0,10,50,10,70,2,10,60,50,122,20,40,60,182
07/03/2003,CWF,LA,ASW,CE,Federal Contract Tower,2,0,8,10,20,0,0,48,0,48,2,0,56,10,68,120,20,140,208
07/04/2003,CWF,LA,ASW,CE,Federal Contract Tower,1,0,3,0,4,0,2,0,0,2,1,2,3,0,6,0,0,0,6
07/05/2003,CWF,LA,ASW,CE,Federal Contract Tower,0,0,0,0,0,0,4,16,0,20,0,4,16,0,20,0,0,0,20
07/06/2003,CWF,LA,ASW,CE,Federal Contract Tower,0,0,2,2,4,0,8,50,0,58,0,8,52,2,62,0,20,20,82
07/07/2003,CWF,LA,ASW,CE,Federal Contract Tower,3,0,6,34,43,0,8,53,0,61,3,8,59,34,104,80,50,130,234
07/08/2003,CWF,LA,ASW,CE,Federal Contract Tower,5,0,7,13,25,0,8,53,0,61,5,8,60,13,86,0,40,40,126
07/09/2003,CWF,LA,ASW,CE,Federal Contract Tower,2,0,14,21,37,0,0,41,0,41,2,0,55,21,78,60,78,138,216
07/10/2003,CWF,LA,ASW,CE,Federal Contract Tower,2,0,10,10,22,0,0,30,0,30,2,0,40,10,52,0,0,0,52
07/11/2003,CWF,LA,ASW,CE,Federal Contract Tower,4,0,7,8,19,0,8,19,0,27,4,8,26,8,46,0,0,0,46
07/12/2003,CWF,LA,ASW,CE,Federal Contract Tower,5,0,7,28,40,0,8,23,0,31,5,8,30,28,71,0,58,58,129
07/13/2003,CWF,LA,ASW,CE,Federal Contract Tower,2,0,6,30,38,0,8,20,0,28,2,8,26,30,66,46,62,108,174
07/14/2003,CWF,LA,ASW,CE,Federal Contract Tower,1,0,10,21,32,0,4,32,3,39,1,4,42,24,71,10,28,38,109
07/15/2003,CWF,LA,ASW,CE,Federal Contract Tower,2,0,4,6,12,0,8,50,0,58,2,8,54,6,70,0,0,0,70
07/16/2003,CWF,LA,ASW,CE,Federal Contract Tower,2,0,24,62,88,0,8,61,0,69,2,8,85,62,157,40,160,200,357
07/17/2003,CWF,LA,ASW,CE,Federal Contract Tower,2,0,8,70,80,0,10,80,10,100,2,10,88,80,180,50,280,330,510
07/18/2003,CWF,LA,ASW,CE,Federal Contract Tower,2,0,7,118,127,0,0,89,0,89,2,0,96,118,216,0,320,320,536
07/19/2003,CWF,LA,ASW,CE,Federal Contract Tower,2,0,9,22,33,0,0,0,0,0,2,0,9,22,33,0,20,20,53
07/20/2003,CWF,LA,ASW,CE,Federal Contract Tower,0,0,8,60,68,0,8,18,0,26,0,8,26,60,94,0,206,206,300
07/21/2003,CWF,LA,ASW,CE,Federal Contract Tower,1,1,14,68,84,0,8,48,6,62,1,9,62,74,146,8,20,28,174
07/22/2003,CWF,LA,ASW,CE,Federal Contract Tower,4,2,16,30,52,0,8,58,0,66,4,10,74,30,118,6,12,18,136
07/23/2003,CWF,LA,ASW,CE,Federal Contract Tower,6,0,9,22,37,0,8,56,0,64,6,8,65,22,101,40,20,60,161
07/24/2003,CWF,LA,ASW,CE,Federal Contract Tower,2,0,16,30,48,0,8,64,0,72,2,8,80,30,120,0,80,80,200
07/25/2003,CWF,LA,ASW,CE,Federal Contract Tower,2,2,16,112,132,0,0,60,0,60,2,2,76,112,192,0,350,350,542
07/26/2003,CWF,LA,ASW,CE,Federal Contract Tower,2,2,4,0,8,0,0,36,0,36,2,2,40,0,44,0,0,0,44
07/27/2003,CWF,LA,ASW,CE,Federal Contract Tower,0,2,6,70,78,0,0,29,0,29,0,2,35,70,107,0,300,300,407
07/28/2003,CWF,LA,ASW,CE,Federal Contract Tower,2,2,3,46,53,0,0,57,2,59,2,2,60,48,112,0,190,190,302
07/29/2003,CWF,LA,ASW,CE,Federal Contract Tower,2,2,8,28,40,0,6,54,4,64,2,8,62,32,104,6,36,42,146
07/30/2003,CWF,LA,ASW,CE,Federal Contract Tower,2,0,7,32,41,0,4,63,0,67,2,4,70,32,108,4,46,50,158
07/31/2003,CWF,LA,ASW,CE,Federal Contract Tower,3,0,16,31,50,0,8,80,1,89,3,8,96,32,139,20,220,240,379
08/01/2003,CWF,LA,ASW,CE,Federal Contract Tower,2,0,12,37,51,0,8,51,0,59,2,8,63,37,110,40,260,300,410
08/02/2003,CWF,LA,ASW,CE,Federal Contract Tower,3,0,2,16,21,0,8,50,0,58,3,8,52,16,79,0,80,80,159
08/03/2003,CWF,LA,ASW,CE,Federal Contract Tower,2,0,4,40,46,0,0,61,0,61,2,0,65,40,107,0,110,110,217
08/04/2003,CWF,LA,ASW,CE,Federal Contract Tower,1,0,8,68,77,0,0,54,0,54,1,0,62,68,131,2,80,82,213
08/05/2003,CWF,LA,ASW,CE,Federal Contract Tower,2,0,15,70,87,0,0,65,0,65,2,0,80,70,152,0,160,160,312
08/06/2003,CWF,LA,ASW,CE,Federal Contract Tower,5,0,18,50,73,0,8,3,0,11,5,8,21,50,84,40,80,120,204
08/07/2003,CWF,LA,ASW,CE,Federal Contract Tower,2,0,47,97,146,0,8,93,2,103,2,8,140,99,249,0,160,160,409
08/08/2003,CWF,LA,ASW,CE,Federal Contract Tower,2,1,36,80,119,0,9,12,10,31,2,10,48,90,150,0,306,306,456
08/09/2003,CWF,LA,ASW,CE,Federal Contract Tower,1,0,20,48,69,0,8,10,22,40,1,8,30,70,109,20,180,200,309
08/10/2003,CWF,LA,ASW,CE,Federal Contract Tower,1,0,18,10,29,1,8,16,50,75,2,8,34,60,104,12,80,92,196
08/11/2003,CWF,LA,ASW,CE,Federal Contract Tower,1,0,14,10,25,0,8,26,0,34,1,8,40,10,59,0,0,0,59
08/12/2003,CWF,LA,ASW,CE,Federal Contract Tower,2,0,25,17,44,0,0,33,0,33,2,0,58,17,77,28,0,28,105
08/13/2003,CWF,LA,ASW,CE,Federal Contract Tower,3,0,20,20,43,0,4,48,0,52,3,4,68,20,95,10,40,50,145
08/14/2003,CWF,LA,ASW,CE,Federal Contract Tower,4,0,5,28,37,2,8,105,2,117,6,8,110,30,154,12,64,76,230
08/15/2003,CWF,LA,ASW,CE,Federal Contract Tower,1,0,4,28,33,3,8,56,0,67,4,8,60,28,100,40,80,120,220
08/16/2003,CWF,LA,ASW,CE,Federal Contract Tower,0,0,12,28,40,1,8,42,2,53,1,8,54,30,93,0,120,120,213
08/17/2003,CWF,LA,ASW,CE,Federal Contract Tower,0,1,20,40,61,0,7,6,0,13,0,8,26,40,74,20,20,40,114
08/18/2003,CWF,LA,ASW,CE,Federal Contract Tower,2,0,10,14,26,3,10,36,60,109,5,10,46,74,135,20,320,340,475
08/19/2003,CWF,LA,ASW,CE,Federal Contract Tower,2,0,12,30,44,0,10,62,0,72,2,10,74,30,116,0,0,0,116
08/20/2003,CWF,LA,ASW,CE,Federal Contract Tower,2,0,2,13,17,0,8,54,43,105,2,8,56,56,122,2,112,114,236
08/21/2003,CWF,LA,ASW,CE,Federal Contract Tower,6,0,2,13,21,0,0,32,1,33,6,0,34,14,54,0,4,4,58
08/22/2003,CWF,LA,ASW,CE,Federal Contract Tower,4,0,15,35,54,0,8,52,0,60,4,8,67,35,114,0,240,240,354
08/23/2003,CWF,LA,ASW,CE,Federal Contract Tower,5,0,10,39,54,0,8,51,0,59,5,8,61,39,113,60,240,300,413
08/24/2003,CWF,LA,ASW,CE,Federal Contract Tower,2,0,14,45,61,0,8,50,0,58,2,8,64,45,119,0,80,80,199
08/25/2003,CWF,LA,ASW,CE,Federal Contract Tower,1,0,11,55,67,0,8,50,0,58,1,8,61,55,125,40,140,180,305
08/26/2003,CWF,LA,ASW,CE,Federal Contract Tower,6,2,18,40,66,0,8,60,8,76,6,10,78,48,142,20,120,140,282
08/27/2003,CWF,LA,ASW,CE,Federal Contract Tower,2,0,16,34,52,0,8,56,6,70,2,8,72,40,122,0,0,0,122
08/28/2003,CWF,LA,ASW,CE,Federal Contract Tower,6,0,18,45,69,0,8,70,2,80,6,8,88,47,149,8,90,98,247
08/29/2003,CWF,LA,ASW,CE,Federal Contract Tower,4,0,9,14,27,2,8,37,0,47,6,8,46,14,74,6,4,10,84
08/30/2003,CWF,LA,ASW,CE,Federal Contract Tower,6,0,0,1,7,0,0,8,0,8,6,0,8,1,15,0,0,0,15
08/31/2003,CWF,LA,ASW,CE,Federal Contract Tower,0,0,0,0,0,0,0,0,0,0,0,0,0,0,0,0,0,0,0
09/01/2003,CWF,LA,ASW,CE,Federal Contract Tower,0,0,1,4,5,0,0,0,0,0,0,0,1,4,5,0,4,4,9
09/02/2003,CWF,LA,ASW,CE,Federal Contract Tower,1,4,22,18,45,0,8,51,0,59,1,12,73,18,104,60,0,60,164
09/03/2003,CWF,LA,ASW,CE,Federal Contract Tower,2,10,30,46,88,0,0,58,6,64,2,10,88,52,152,0,36,36,188
09/04/2003,CWF,LA,ASW,CE,Federal Contract Tower,2,8,34,36,80,0,0,43,2,45,2,8,77,38,125,20,20,40,165
09/05/2003,CWF,LA,ASW,CE,Federal Contract Tower,2,4,12,86,104,0,6,50,0,56,2,10,62,86,160,2,148,150,310
09/06/2003,CWF,LA,ASW,CE,Federal Contract Tower,4,2,2,42,50,0,0,58,0,58,4,2,60,42,108,0,76,76,184
09/07/2003,CWF,LA,ASW,CE,Federal Contract Tower,0,0,2,57,59,0,0,38,0,38,0,0,40,57,97,10,112,122,219
09/08/2003,CWF,LA,ASW,CE,Federal Contract Tower,2,2,15,55,74,0,0,37,3,40,2,2,52,58,114,0,122,122,236
09/09/2003,CWF,LA,ASW,CE,Federal Contract Tower,8,4,13,63,88,0,8,50,1,59,8,12,63,64,147,0,140,140,287
09/10/2003,CWF,LA,ASW,CE,Federal Contract Tower,4,4,7,24,39,0,8,51,0,59,4,12,58,24,98,10,20,30,128
09/11/2003,CWF,LA,ASW,CE,Federal Contract Tower,4,4,4,4,16,0,0,42,0,42,4,4,46,4,58,4,10,14,72
09/12/2003,CWF,LA,ASW,CE,Federal Contract Tower,4,8,16,7,35,0,0,22,0,22,4,8,38,7,57,0,0,0,57
09/13/2003,CWF,LA,ASW,CE,Federal Contract Tower,3,2,10,0,15,0,0,32,0,32,3,2,42,0,47,0,76,76,123
09/14/2003,CWF,LA,ASW,CE,Federal Contract Tower,0,0,0,35,35,0,8,36,0,44,0,8,36,35,79,0,16,16,95
09/15/2003,CWF,LA,ASW,CE,Federal Contract Tower,1,5,9,63,78,0,8,37,2,47,1,13,46,65,125,0,66,66,191
09/16/2003,CWF,LA,ASW,CE,Federal Contract Tower,4,4,9,24,41,0,9,57,0,66,4,13,66,24,107,20,14,34,141
09/17/2003,CWF,LA,ASW,CE,Federal Contract Tower,5,4,17,56,82,0,8,51,0,59,5,12,68,56,141,60,160,220,361
09/18/2003,CWF,LA,ASW,CE,Federal Contract Tower,4,4,7,68,83,1,8,53,0,62,5,12,60,68,145,10,20,30,175
09/19/2003,CWF,LA,ASW,CE,Federal Contract Tower,2,6,32,60,100,0,0,65,0,65,2,6,97,60,165,0,104,104,269
09/20/2003,CWF,LA,ASW,CE,Federal Contract Tower,2,2,3,19,26,0,0,82,11,93,2,2,85,30,119,0,84,84,203
09/21/2003,CWF,LA,ASW,CE,Federal Contract Tower,0,2,0,0,2,0,0,0,0,0,0,2,0,0,2,0,0,0,2
09/22/2003,CWF,LA,ASW,CE,Federal Contract Tower,0,10,26,68,104,0,0,52,4,56,0,10,78,72,160,7,64,71,231
09/23/2003,CWF,LA,ASW,CE,Federal Contract Tower,5,7,6,59,77,0,3,67,17,87,5,10,73,76,164,18,30,48,212
09/24/2003,CWF,LA,ASW,CE,Federal Contract Tower,5,6,12,12,35,0,10,56,8,74,5,16,68,20,109,18,28,46,155
09/25/2003,CWF,LA,ASW,CE,Federal Contract Tower,4,4,14,36,58,0,8,37,0,45,4,12,51,36,103,0,88,88,191
09/26/2003,CWF,LA,ASW,CE,Federal Contract Tower,5,4,20,34,63,0,10,62,0,72,5,14,82,34,135,0,20,20,155
09/27/2003,CWF,LA,ASW,CE,Federal Contract Tower,1,3,1,2,7,0,7,21,0,28,1,10,22,2,35,0,10,10,45
09/28/2003,CWF,LA,ASW,CE,Federal Contract Tower,0,2,6,28,36,0,0,52,20,72,0,2,58,48,108,0,0,0,108
09/29/2003,CWF,LA,ASW,CE,Federal Contract Tower,2,0,16,24,42,0,0,46,44,90,2,0,62,68,132,14,30,44,176
09/30/2003,CWF,LA,ASW,CE,Federal Contract Tower,2,4,26,18,50,0,0,46,18,64,2,4,72,36,114,16,22,38,152
10/01/2003,CWF,LA,ASW,CE,Federal Contract Tower,1,7,16,78,102,0,3,51,4,58,1,10,67,82,160,0,62,62,222
10/02/2003,CWF,LA,ASW,CE,Federal Contract Tower,2,5,18,63,88,0,1,37,28,66,2,6,55,91,154,6,70,76,230
10/03/2003,CWF,LA,ASW,CE,Federal Contract Tower,3,0,12,80,95,0,14,98,22,134,3,14,110,102,229,0,66,66,295
10/04/2003,CWF,LA,ASW,CE,Federal Contract Tower,1,2,1,50,54,0,8,55,4,67,1,10,56,54,121,0,96,96,217
10/05/2003,CWF,LA,ASW,CE,Federal Contract Tower,0,0,4,24,28,0,4,45,0,49,0,4,49,24,77,0,58,58,135
10/06/2003,CWF,LA,ASW,CE,Federal Contract Tower,1,2,2,4,9,0,2,34,0,36,1,4,36,4,45,0,0,0,45
10/07/2003,CWF,LA,ASW,CE,Federal Contract Tower,2,4,14,34,54,0,0,60,12,72,2,4,74,46,126,10,36,46,172
10/08/2003,CWF,LA,ASW,CE,Federal Contract Tower,6,3,12,50,71,0,0,96,1,97,6,3,108,51,168,2,10,12,180
10/09/2003,CWF,LA,ASW,CE,Federal Contract Tower,5,4,11,12,32,0,0,5,3,8,5,4,16,15,40,0,0,0,40
10/10/2003,CWF,LA,ASW,CE,Federal Contract Tower,2,4,7,33,46,0,0,8,5,13,2,4,15,38,59,0,6,6,65
10/11/2003,CWF,LA,ASW,CE,Federal Contract Tower,5,0,11,16,32,0,9,8,1,18,5,9,19,17,50,0,6,6,56
10/12/2003,CWF,LA,ASW,CE,Federal Contract Tower,0,0,14,14,28,0,4,45,10,59,0,4,59,24,87,6,38,44,131
10/13/2003,CWF,LA,ASW,CE,Federal Contract Tower,1,2,7,22,32,0,4,52,1,57,1,6,59,23,89,0,6,6,95
10/14/2003,CWF,LA,ASW,CE,Federal Contract Tower,3,4,8,16,31,0,8,74,16,98,3,12,82,32,129,0,22,22,151
10/15/2003,CWF,LA,ASW,CE,Federal Contract Tower,2,4,10,38,54,0,4,53,12,69,2,8,63,50,123,0,52,52,175
10/16/2003,CWF,LA,ASW,CE,Federal Contract Tower,2,6,8,66,82,0,6,128,26,160,2,12,136,92,242,0,104,104,346
10/17/2003,CWF,LA,ASW,CE,Federal Contract Tower,2,4,17,75,98,0,3,73,34,110,2,7,90,109,208,12,68,80,288
10/18/2003,CWF,LA,ASW,CE,Federal Contract Tower,3,2,1,23,29,0,2,8,0,10,3,4,9,23,39,0,0,0,39
10/19/2003,CWF,LA,ASW,CE,Federal Contract Tower,1,0,13,33,47,0,16,38,5,59,1,16,51,38,106,18,10,28,134
10/20/2003,CWF,LA,ASW,CE,Federal Contract Tower,2,2,13,50,67,0,7,62,22,91,2,9,75,72,158,10,51,61,219
10/21/2003,CWF,LA,ASW,CE,Federal Contract Tower,2,4,22,20,48,0,8,206,8,222,2,12,228,28,270,2,30,32,302
10/22/2003,CWF,LA,ASW,CE,Federal Contract Tower,3,4,10,24,41,0,4,115,6,125,3,8,125,30,166,0,36,36,202
10/23/2003,CWF,LA,ASW,CE,Federal Contract Tower,2,4,18,42,66,0,0,167,53,220,2,4,185,95,286,8,184,192,478
10/24/2003,CWF,LA,ASW,CE,Federal Contract Tower,8,4,15,52,79,0,0,115,20,135,8,4,130,72,214,0,44,44,258
10/25/2003,CWF,LA,ASW,CE,Federal Contract Tower,1,2,2,3,8,0,5,61,5,71,1,7,63,8,79,8,24,32,111
10/26/2003,CWF,LA,ASW,CE,Federal Contract Tower,5,0,6,12,23,0,0,0,0,0,5,0,6,12,23,0,0,0,23
10/27/2003,CWF,LA,ASW,CE,Federal Contract Tower,2,4,8,34,48,0,4,57,4,65,2,8,65,38,113,6,12,18,131
10/28/2003,CWF,LA,ASW,CE,Federal Contract Tower,2,12,19,51,84,0,4,73,9,86,2,16,92,60,170,2,42,44,214
10/29/2003,CWF,LA,ASW,CE,Federal Contract Tower,2,10,30,46,88,2,0,167,0,169,4,10,197,46,257,2,92,94,351
10/30/2003,CWF,LA,ASW,CE,Federal Contract Tower,8,7,46,70,131,0,0,113,49,162,8,7,159,119,293,14,200,214,507
10/31/2003,CWF,LA,ASW,CE,Federal Contract Tower,3,4,12,47,66,0,6,99,34,139,3,10,111,81,205,2,124,126,331
11/01/2003,CWF,LA,ASW,CE,Federal Contract Tower,6,6,4,50,66,0,6,31,5,42,6,12,35,55,108,0,20,20,128
11/02/2003,CWF,LA,ASW,CE,Federal Contract Tower,1,0,4,50,55,0,2,64,29,95,1,2,68,79,150,0,106,106,256
11/03/2003,CWF,LA,ASW,CE,Federal Contract Tower,2,2,14,73,91,0,10,65,21,96,2,12,79,94,187,24,74,98,285
11/04/2003,CWF,LA,ASW,CE,Federal Contract Tower,4,4,16,48,72,0,6,55,0,61,4,10,71,48,133,6,20,26,159
11/05/2003,CWF,LA,ASW,CE,Federal Contract Tower,2,3,20,42,67,0,3,46,6,55,2,6,66,48,122,24,6,30,152
11/06/2003,CWF,LA,ASW,CE,Federal Contract Tower,4,4,16,48,72,0,6,106,9,121,4,10,122,57,193,0,112,112,305
11/07/2003,CWF,LA,ASW,CE,Federal Contract Tower,2,6,32,102,142,0,0,118,85,203,2,6,150,187,345,0,226,226,571
11/08/2003,CWF,LA,ASW,CE,Federal Contract Tower,3,2,9,34,48,0,0,79,8,87,3,2,88,42,135,26,28,54,189
11/09/2003,CWF,LA,ASW,CE,Federal Contract Tower,3,1,3,27,34,0,9,86,19,114,3,10,89,46,148,0,58,58,206
11/10/2003,CWF,LA,ASW,CE,Federal Contract Tower,1,8,12,40,61,0,1,83,4,88,1,9,95,44,149,2,48,50,199
11/11/2003,CWF,LA,ASW,CE,Federal Contract Tower,4,6,6,5,21,0,4,125,3,132,4,10,131,8,153,0,14,14,167
11/12/2003,CWF,LA,ASW,CE,Federal Contract Tower,4,4,9,51,68,0,5,72,29,106,4,9,81,80,174,0,118,118,292
11/13/2003,CWF,LA,ASW,CE,Federal Contract Tower,3,4,11,59,77,0,5,94,32,131,3,9,105,91,208,0,54,54,262
11/14/2003,CWF,LA,ASW,CE,Federal Contract Tower,4,8,22,120,154,0,0,166,34,200,4,8,188,154,354,12,112,124,478
11/15/2003,CWF,LA,ASW,CE,Federal Contract Tower,1,9,10,66,86,0,0,70,0,70,1,9,80,66,156,0,88,88,244
11/16/2003,CWF,LA,ASW,CE,Federal Contract Tower,4,6,7,44,61,0,0,54,1,55,4,6,61,45,116,0,54,54,170
11/17/2003,CWF,LA,ASW,CE,Federal Contract Tower,2,10,17,0,29,0,0,41,4,45,2,10,58,4,74,0,0,0,74
11/18/2003,CWF,LA,ASW,CE,Federal Contract Tower,4,6,14,36,60,0,0,20,27,47,4,6,34,63,107,0,18,18,125
11/19/2003,CWF,LA,ASW,CE,Federal Contract Tower,7,4,12,30,53,0,0,60,24,84,7,4,72,54,137,2,86,88,225
11/20/2003,CWF,LA,ASW,CE,Federal Contract Tower,5,4,19,32,60,0,7,86,0,93,5,11,105,32,153,12,12,24,177
11/21/2003,CWF,LA,ASW,CE,Federal Contract Tower,5,4,16,46,71,0,10,72,20,102,5,14,88,66,173,0,34,34,207
11/22/2003,CWF,LA,ASW,CE,Federal Contract Tower,2,2,4,60,68,0,6,56,21,83,2,8,60,81,151,0,114,114,265
11/23/2003,CWF,LA,ASW,CE,Federal Contract Tower,0,9,9,49,67,0,0,52,0,52,0,9,61,49,119,0,74,74,193
11/24/2003,CWF,LA,ASW,CE,Federal Contract Tower,5,4,19,78,106,0,0,71,9,80,5,4,90,87,186,0,60,60,246
11/25/2003,CWF,LA,ASW,CE,Federal Contract Tower,9,11,31,37,88,0,0,95,12,107,9,11,126,49,195,14,98,112,307
11/26/2003,CWF,LA,ASW,CE,Federal Contract Tower,4,3,8,10,25,0,0,28,0,28,4,3,36,10,53,0,8,8,61
11/27/2003,CWF,LA,ASW,CE,Federal Contract Tower,1,0,0,0,1,0,0,1,0,1,1,0,1,0,2,0,0,0,2
11/28/2003,CWF,LA,ASW,CE,Federal Contract Tower,4,2,2,0,8,0,2,108,0,110,4,4,110,0,118,0,0,0,118
11/29/2003,CWF,LA,ASW,CE,Federal Contract Tower,1,0,8,0,9,0,8,96,0,104,1,8,104,0,113,2,0,2,115
11/30/2003,CWF,LA,ASW,CE,Federal Contract Tower,2,0,10,5,17,0,8,99,2,109,2,8,109,7,126,0,0,0,126
12/01/2003,CWF,LA,ASW,CE,Federal Contract Tower,2,3,18,25,48,0,8,113,15,136,2,11,131,40,184,26,0,26,210
12/02/2003,CWF,LA,ASW,CE,Federal Contract Tower,5,7,20,45,77,0,0,113,0,113,5,7,133,45,190,10,30,40,230
12/03/2003,CWF,LA,ASW,CE,Federal Contract Tower,2,9,25,59,95,0,0,139,14,153,2,9,164,73,248,50,30,80,328
12/04/2003,CWF,LA,ASW,CE,Federal Contract Tower,2,2,21,80,105,0,3,74,54,131,2,5,95,134,236,6,156,162,398
12/05/2003,CWF,LA,ASW,CE,Federal Contract Tower,4,5,12,68,89,0,3,56,7,66,4,8,68,75,155,4,26,30,185
12/06/2003,CWF,LA,ASW,CE,Federal Contract Tower,1,3,8,8,20,0,4,71,11,86,1,7,79,19,106,0,6,6,112
12/07/2003,CWF,LA,ASW,CE,Federal Contract Tower,1,0,5,46,52,0,6,66,28,100,1,6,71,74,152,4,64,68,220
12/08/2003,CWF,LA,ASW,CE,Federal Contract Tower,1,2,13,63,79,0,4,78,12,94,1,6,91,75,173,14,36,50,223
12/09/2003,CWF,LA,ASW,CE,Federal Contract Tower,2,4,6,16,28,0,6,50,10,66,2,10,56,26,94,0,12,12,106
12/10/2003,CWF,LA,ASW,CE,Federal Contract Tower,2,4,21,43,70,0,0,146,17,163,2,4,167,60,233,26,46,72,305
12/11/2003,CWF,LA,ASW,CE,Federal Contract Tower,2,4,19,34,59,0,8,125,12,145,2,12,144,46,204,12,34,46,250
12/12/2003,CWF,LA,ASW,CE,Federal Contract Tower,4,4,27,43,78,2,6,39,17,64,6,10,66,60,142,32,36,68,210
12/13/2003,CWF,LA,ASW,CE,Federal Contract Tower,5,2,6,23,36,1,0,24,1,26,6,2,30,24,62,0,0,0,62
12/14/2003,CWF,LA,ASW,CE,Federal Contract Tower,0,0,14,32,46,0,5,66,0,71,0,5,80,32,117,2,0,2,119
12/15/2003,CWF,LA,ASW,CE,Federal Contract Tower,2,2,15,52,71,0,6,62,1,69,2,8,77,53,140,0,20,20,160
12/16/2003,CWF,LA,ASW,CE,Federal Contract Tower,2,6,9,78,95,0,0,91,28,119,2,6,100,106,214,0,94,94,308
12/17/2003,CWF,LA,ASW,CE,Federal Contract Tower,2,5,9,57,73,0,3,149,19,171,2,8,158,76,244,0,58,58,302
12/18/2003,CWF,LA,ASW,CE,Federal Contract Tower,3,7,21,48,79,0,0,99,16,115,3,7,120,64,194,2,64,66,260
12/19/2003,CWF,LA,ASW,CE,Federal Contract Tower,2,4,11,35,52,0,4,112,19,135,2,8,123,54,187,0,70,70,257
12/20/2003,CWF,LA,ASW,CE,Federal Contract Tower,3,4,8,4,19,0,4,96,2,102,3,8,104,6,121,0,16,16,137
12/21/2003,CWF,LA,ASW,CE,Federal Contract Tower,4,0,15,4,23,0,2,44,2,48,4,2,59,6,71,26,2,28,99
12/22/2003,CWF,LA,ASW,CE,Federal Contract Tower,1,2,12,10,25,0,0,36,0,36,1,2,48,10,61,4,0,4,65
12/23/2003,CWF,LA,ASW,CE,Federal Contract Tower,3,4,16,12,35,0,2,19,6,27,3,6,35,18,62,14,0,14,76
12/24/2003,CWF,LA,ASW,CE,Federal Contract Tower,2,8,4,3,17,0,0,18,0,18,2,8,22,3,35,0,0,0,35
12/25/2003,CWF,LA,ASW,CE,Federal Contract Tower,0,5,0,0,5,0,0,11,0,11,0,5,11,0,16,0,0,0,16
12/26/2003,CWF,LA,ASW,CE,Federal Contract Tower,2,4,1,0,7,0,8,27,0,35,2,12,28,0,42,0,0,0,42
12/27/2003,CWF,LA,ASW,CE,Federal Contract Tower,2,2,3,2,9,0,8,41,0,49,2,10,44,2,58,0,0,0,58
12/28/2003,CWF,LA,ASW,CE,Federal Contract Tower,0,2,3,0,5,0,4,45,0,49,0,6,48,0,54,0,0,0,54
12/29/2003,CWF,LA,ASW,CE,Federal Contract Tower,1,2,4,6,13,0,1,15,0,16,1,3,19,6,29,0,0,0,29
12/30/2003,CWF,LA,ASW,CE,Federal Contract Tower,2,4,15,6,27,0,6,43,2,51,2,10,58,8,78,0,6,6,84
12/31/2003,CWF,LA,ASW,CE,Federal Contract Tower,2,4,14,16,36,0,8,32,0,40,2,12,46,16,76,0,4,4,80
01/01/2004,CWF,LA,ASW,CE,Federal Contract Tower,0,0,4,0,4,0,0,2,0,2,0,0,6,0,6,0,0,0,6
01/02/2004,CWF,LA,ASW,CE,Federal Contract Tower,2,6,10,0,18,0,0,0,0,0,2,6,10,0,18,0,0,0,18
01/03/2004,CWF,LA,ASW,CE,Federal Contract Tower,2,2,10,0,14,0,0,0,0,0,2,2,10,0,14,0,0,0,14
01/04/2004,CWF,LA,ASW,CE,Federal Contract Tower,0,2,0,3,5,0,6,14,0,20,0,8,14,3,25,0,0,0,25
01/05/2004,CWF,LA,ASW,CE,Federal Contract Tower,1,2,1,10,14,0,0,27,4,31,1,2,28,14,45,0,4,4,49
01/06/2004,CWF,LA,ASW,CE,Federal Contract Tower,2,6,15,27,50,0,5,58,18,81,2,11,73,45,131,0,6,6,137
01/07/2004,CWF,LA,ASW,CE,Federal Contract Tower,3,4,14,48,69,0,10,83,18,111,3,14,97,66,180,0,80,80,260
01/08/2004,CWF,LA,ASW,CE,Federal Contract Tower,2,8,4,10,24,0,0,2,0,2,2,8,6,10,26,0,0,0,26
01/09/2004,CWF,LA,ASW,CE,Federal Contract Tower,2,12,24,101,139,0,0,134,27,161,2,12,158,128,300,24,80,104,404
01/10/2004,CWF,LA,ASW,CE,Federal Contract Tower,1,4,18,17,40,0,3,70,7,80,1,7,88,24,120,4,0,4,124
01/11/2004,CWF,LA,ASW,CE,Federal Contract Tower,0,6,6,52,64,0,2,82,0,84,0,8,88,52,148,0,96,96,244
01/12/2004,CWF,LA,ASW,CE,Federal Contract Tower,1,6,24,28,59,0,0,72,2,74,1,6,96,30,133,20,28,48,181
01/13/2004,CWF,LA,ASW,CE,Federal Contract Tower,2,4,15,30,51,0,9,46,0,55,2,13,61,30,106,22,22,44,150
01/14/2004,CWF,LA,ASW,CE,Federal Contract Tower,2,6,6,18,32,1,5,75,47,128,3,11,81,65,160,14,70,84,244
01/15/2004,CWF,LA,ASW,CE,Federal Contract Tower,1,4,10,23,38,1,2,32,0,35,2,6,42,23,73,12,2,14,87
01/16/2004,CWF,LA,ASW,CE,Federal Contract Tower,4,6,4,45,59,0,0,38,11,49,4,6,42,56,108,2,10,12,120
01/17/2004,CWF,LA,ASW,CE,Federal Contract Tower,1,2,0,7,10,0,0,14,1,15,1,2,14,8,25,0,10,10,35
01/18/2004,CWF,LA,ASW,CE,Federal Contract Tower,0,4,7,11,22,0,0,14,13,27,0,4,21,24,49,0,0,0,49
01/19/2004,CWF,LA,ASW,CE,Federal Contract Tower,1,23,30,14,68,0,0,96,0,96,1,23,126,14,164,6,20,26,190
01/20/2004,CWF,LA,ASW,CE,Federal Contract Tower,2,13,28,24,67,0,0,111,2,113,2,13,139,26,180,53,10,63,243
01/21/2004,CWF,LA,ASW,CE,Federal Contract Tower,4,4,16,77,101,0,4,59,17,80,4,8,75,94,181,0,60,60,241
01/22/2004,CWF,LA,ASW,CE,Federal Contract Tower,4,4,14,12,34,1,8,107,4,120,5,12,121,16,154,0,0,0,154
01/23/2004,CWF,LA,ASW,CE,Federal Contract Tower,4,4,13,93,114,0,8,119,40,167,4,12,132,133,281,38,84,122,403
01/24/2004,CWF,LA,ASW,CE,Federal Contract Tower,1,2,2,23,28,0,0,30,2,32,1,2,32,25,60,0,0,0,60
01/25/2004,CWF,LA,ASW,CE,Federal Contract Tower,0,0,5,60,65,0,0,53,27,80,0,0,58,87,145,10,62,72,217
01/26/2004,CWF,LA,ASW,CE,Federal Contract Tower,1,3,10,22,36,0,9,92,11,112,1,12,102,33,148,24,28,52,200
01/27/2004,CWF,LA,ASW,CE,Federal Contract Tower,2,8,24,51,85,0,0,122,0,122,2,8,146,51,207,6,28,34,241
01/28/2004,CWF,LA,ASW,CE,Federal Contract Tower,2,11,22,50,85,0,0,141,0,141,2,11,163,50,226,8,78,86,312
01/29/2004,CWF,LA,ASW,CE,Federal Contract Tower,3,4,3,37,47,0,5,95,11,111,3,9,98,48,158,0,80,80,238
01/30/2004,CWF,LA,ASW,CE,Federal Contract Tower,4,4,11,26,45,0,2,22,2,26,4,6,33,28,71,0,0,0,71
01/31/2004,CWF,LA,ASW,CE,Federal Contract Tower,1,2,0,30,33,0,0,53,8,61,1,2,53,38,94,0,30,30,124
02/01/2004,CWF,LA,ASW,CE,Federal Contract Tower,0,0,4,51,55,0,0,39,35,74,0,0,43,86,129,10,96,106,235
02/02/2004,CWF,LA,ASW,CE,Federal Contract Tower,1,2,17,25,45,0,10,52,9,71,1,12,69,34,116,4,27,31,147
02/03/2004,CWF,LA,ASW,CE,Federal Contract Tower,2,5,9,74,90,0,9,135,34,178,2,14,144,108,268,0,112,112,380
02/04/2004,CWF,LA,ASW,CE,Federal Contract Tower,2,4,9,31,46,0,6,63,13,82,2,10,72,44,128,24,8,32,160
02/05/2004,CWF,LA,ASW,CE,Federal Contract Tower,6,5,5,2,18,0,0,18,0,18,6,5,23,2,36,2,0,2,38
02/06/2004,CWF,LA,ASW,CE,Federal Contract Tower,3,4,27,68,102,0,6,75,7,88,3,10,102,75,190,22,84,106,296
02/07/2004,CWF,LA,ASW,CE,Federal Contract Tower,1,2,2,21,26,1,2,81,8,92,2,4,83,29,118,0,70,70,188
02/08/2004,CWF,LA,ASW,CE,Federal Contract Tower,0,0,10,20,30,0,7,64,0,71,0,7,74,20,101,0,6,6,107
02/09/2004,CWF,LA,ASW,CE,Federal Contract Tower,1,2,15,50,68,0,10,80,1,91,1,12,95,51,159,14,33,47,206
02/10/2004,CWF,LA,ASW,CE,Federal Contract Tower,2,6,14,2,24,0,0,5,0,5,2,6,19,2,29,0,0,0,29
02/11/2004,CWF,LA,ASW,CE,Federal Contract Tower,2,6,10,0,18,0,0,5,0,5,2,6,15,0,23,0,0,0,23
02/12/2004,CWF,LA,ASW,CE,Federal Contract Tower,2,19,28,14,63,0,0,110,3,113,2,19,138,17,176,0,0,0,176
02/13/2004,CWF,LA,ASW,CE,Federal Contract Tower,2,4,20,8,34,0,6,47,7,60,2,10,67,15,94,6,0,6,100
02/14/2004,CWF,LA,ASW,CE,Federal Contract Tower,1,2,1,1,5,0,0,26,0,26,1,2,27,1,31,0,0,0,31
02/15/2004,CWF,LA,ASW,CE,Federal Contract Tower,0,0,11,8,19,0,4,54,1,59,0,4,65,9,78,0,12,12,90
02/16/2004,CWF,LA,ASW,CE,Federal Contract Tower,3,2,12,30,47,0,4,54,9,67,3,6,66,39,114,4,16,20,134
02/17/2004,CWF,LA,ASW,CE,Federal Contract Tower,2,4,31,52,89,0,8,100,6,114,2,12,131,58,203,6,42,48,251
02/18/2004,CWF,LA,ASW,CE,Federal Contract Tower,2,15,26,57,100,0,0,177,1,178,2,15,203,58,278,48,88,136,414
02/19/2004,CWF,LA,ASW,CE,Federal Contract Tower,4,20,30,70,124,0,0,119,0,119,4,20,149,70,243,22,98,120,363
02/20/2004,CWF,LA,ASW,CE,Federal Contract Tower,2,6,15,89,112,0,8,90,32,130,2,14,105,121,242,0,72,72,314
02/21/2004,CWF,LA,ASW,CE,Federal Contract Tower,1,2,6,23,32,0,3,123,2,128,1,5,129,25,160,2,52,54,214
02/22/2004,CWF,LA,ASW,CE,Federal Contract Tower,0,2,2,48,52,0,2,116,22,140,0,4,118,70,192,4,54,58,250
02/23/2004,CWF,LA,ASW,CE,Federal Contract Tower,1,4,6,9,20,0,0,0,0,0,1,4,6,9,20,0,0,0,20
02/24/2004,CWF,LA,ASW,CE,Federal Contract Tower,2,4,12,12,30,0,0,3,0,3,2,4,15,12,33,0,0,0,33
02/25/2004,CWF,LA,ASW,CE,Federal Contract Tower,5,4,17,4,30,0,0,6,0,6,5,4,23,4,36,0,0,0,36
02/26/2004,CWF,LA,ASW,CE,Federal Contract Tower,2,6,11,40,59,0,6,83,0,89,2,12,94,40,148,0,34,34,182
02/27/2004,CWF,LA,ASW,CE,Federal Contract Tower,2,11,14,74,101,0,0,153,0,153,2,11,167,74,254,0,84,84,338
02/28/2004,CWF,LA,ASW,CE,Federal Contract Tower,1,5,5,96,107,0,0,72,0,72,1,5,77,96,179,2,72,74,253
02/29/2004,CWF,LA,ASW,CE,Federal Contract Tower,0,0,3,29,32,0,4,67,12,83,0,4,70,41,115,0,22,22,137
03/01/2004,CWF,LA,ASW,CE,Federal Contract Tower,2,2,11,11,26,0,0,59,6,65,2,2,70,17,91,0,14,14,105
03/02/2004,CWF,LA,ASW,CE,Federal Contract Tower,2,4,16,29,51,0,4,34,6,44,2,8,50,35,95,0,32,32,127
03/03/2004,CWF,LA,ASW,CE,Federal Contract Tower,2,4,31,48,85,0,1,52,17,70,2,5,83,65,155,16,104,120,275
03/04/2004,CWF,LA,ASW,CE,Federal Contract Tower,2,3,18,17,40,0,1,46,8,55,2,4,64,25,95,0,10,10,105
03/05/2004,CWF,LA,ASW,CE,Federal Contract Tower,2,7,14,25,48,0,0,2,0,2,2,7,16,25,50,0,0,0,50
03/06/2004,CWF,LA,ASW,CE,Federal Contract Tower,1,10,11,32,54,0,0,96,0,96,1,10,107,32,150,16,48,64,214
03/07/2004,CWF,LA,ASW,CE,Federal Contract Tower,0,2,19,26,47,0,0,110,17,127,0,2,129,43,174,0,86,86,260
03/08/2004,CWF,LA,ASW,CE,Federal Contract Tower,1,4,24,59,88,0,0,127,8,135,1,4,151,67,223,10,74,84,307
03/09/2004,CWF,LA,ASW,CE,Federal Contract Tower,2,4,17,40,63,0,12,146,19,177,2,16,163,59,240,0,16,16,256
03/10/2004,CWF,LA,ASW,CE,Federal Contract Tower,4,4,20,42,70,0,8,141,10,159,4,12,161,52,229,0,78,78,307
03/11/2004,CWF,LA,ASW,CE,Federal Contract Tower,3,4,23,53,83,0,6,78,5,89,3,10,101,58,172,0,18,18,190
03/12/2004,CWF,LA,ASW,CE,Federal Contract Tower,8,4,24,104,140,0,12,84,33,129,8,16,108,137,269,26,158,184,453
03/13/2004,CWF,LA,ASW,CE,Federal Contract Tower,3,2,7,34,46,0,3,71,15,89,3,5,78,49,135,56,32,88,223
03/14/2004,CWF,LA,ASW,CE,Federal Contract Tower,1,0,0,5,6,0,0,0,0,0,1,0,0,5,6,0,0,0,6
03/15/2004,CWF,LA,ASW,CE,Federal Contract Tower,1,7,24,16,48,0,0,57,6,63,1,7,81,22,111,0,10,10,121
03/16/2004,CWF,LA,ASW,CE,Federal Contract Tower,2,6,28,50,86,0,0,95,8,103,2,6,123,58,189,0,46,46,235
03/17/2004,CWF,LA,ASW,CE,Federal Contract Tower,2,4,21,38,65,0,13,84,18,115,2,17,105,56,180,4,16,20,200
03/18/2004,CWF,LA,ASW,CE,Federal Contract Tower,2,4,37,47,90,0,4,69,0,73,2,8,106,47,163,12,42,54,217
03/19/2004,CWF,LA,ASW,CE,Federal Contract Tower,2,5,13,63,83,0,3,52,45,100,2,8,65,108,183,10,32,42,225
03/20/2004,CWF,LA,ASW,CE,Federal Contract Tower,1,2,7,19,29,0,2,61,1,64,1,4,68,20,93,0,22,22,115
03/21/2004,CWF,LA,ASW,CE,Federal Contract Tower,0,0,4,60,64,0,0,39,28,67,0,0,43,88,131,8,100,108,239
03/22/2004,CWF,LA,ASW,CE,Federal Contract Tower,1,2,6,9,18,0,8,86,2,96,1,10,92,11,114,0,0,0,114
03/23/2004,CWF,LA,ASW,CE,Federal Contract Tower,2,12,26,64,104,0,0,116,6,122,2,12,142,70,226,12,12,24,250
03/24/2004,CWF,LA,ASW,CE,Federal Contract Tower,2,7,30,30,69,0,0,108,8,116,2,7,138,38,185,30,22,52,237
03/25/2004,CWF,LA,ASW,CE,Federal Contract Tower,2,5,18,41,66,0,3,78,29,110,2,8,96,70,176,10,8,18,194
03/26/2004,CWF,LA,ASW,CE,Federal Contract Tower,2,4,13,78,97,0,8,71,0,79,2,12,84,78,176,0,72,72,248
03/27/2004,CWF,LA,ASW,CE,Federal Contract Tower,1,2,9,37,49,0,3,65,12,80,1,5,74,49,129,0,10,10,139
03/28/2004,CWF,LA,ASW,CE,Federal Contract Tower,0,0,3,73,76,0,0,43,32,75,0,0,46,105,151,0,70,70,221
03/29/2004,CWF,LA,ASW,CE,Federal Contract Tower,1,2,5,10,18,0,2,31,0,33,1,4,36,10,51,0,0,0,51
03/30/2004,CWF,LA,ASW,CE,Federal Contract Tower,3,4,12,30,49,0,11,100,12,123,3,15,112,42,172,0,6,6,178
03/31/2004,CWF,LA,ASW,CE,Federal Contract Tower,3,7,20,10,40,0,9,59,0,68,3,16,79,10,108,24,0,24,132
04/01/2004,CWF,LA,ASW,CE,Federal Contract Tower,2,4,28,55,89,0,10,92,32,134,2,14,120,87,223,50,22,72,295
04/02/2004,CWF,LA,ASW,CE,Federal Contract Tower,7,4,7,104,122,0,1,48,6,55,7,5,55,110,177,0,66,66,243
04/03/2004,CWF,LA,ASW,CE,Federal Contract Tower,1,2,1,26,30,0,0,77,8,85,1,2,78,34,115,0,22,22,137
04/04/2004,CWF,LA,ASW,CE,Federal Contract Tower,0,0,7,91,98,0,2,58,4,64,0,2,65,95,162,14,16,30,192
04/05/2004,CWF,LA,ASW,CE,Federal Contract Tower,1,2,12,34,49,0,4,59,11,74,1,6,71,45,123,4,18,22,145
04/06/2004,CWF,LA,ASW,CE,Federal Contract Tower,2,2,8,8,20,0,4,63,4,71,2,6,71,12,91,4,0,4,95
04/07/2004,CWF,LA,ASW,CE,Federal Contract Tower,4,6,9,50,69,0,0,77,29,106,4,6,86,79,175,12,68,80,255
04/08/2004,CWF,LA,ASW,CE,Federal Contract Tower,2,14,34,52,102,0,0,138,1,139,2,14,172,53,241,0,38,38,279
04/09/2004,CWF,LA,ASW,CE,Federal Contract Tower,2,8,8,48,66,0,2,88,1,91,2,10,96,49,157,36,50,86,243
04/10/2004,CWF,LA,ASW,CE,Federal Contract Tower,1,2,4,65,72,1,0,72,29,102,2,2,76,94,174,0,66,66,240
04/11/2004,CWF,LA,ASW,CE,Federal Contract Tower,0,0,2,2,4,0,0,10,0,10,0,0,12,2,14,0,0,0,14
04/12/2004,CWF,LA,ASW,CE,Federal Contract Tower,1,2,3,19,25,0,0,10,7,17,1,2,13,26,42,0,0,0,42
04/13/2004,CWF,LA,ASW,CE,Federal Contract Tower,2,4,12,48,66,0,4,69,7,80,2,8,81,55,146,39,6,45,191
04/14/2004,CWF,LA,ASW,CE,Federal Contract Tower,8,10,41,95,154,0,0,106,23,129,8,10,147,118,283,42,120,162,445
04/15/2004,CWF,LA,ASW,CE,Federal Contract Tower,4,15,36,117,172,0,0,113,30,143,4,15,149,147,315,2,76,78,393
04/16/2004,CWF,LA,ASW,CE,Federal Contract Tower,2,6,13,74,95,0,4,111,26,141,2,10,124,100,236,0,112,112,348
04/17/2004,CWF,LA,ASW,CE,Federal Contract Tower,1,2,0,118,121,0,2,116,0,118,1,4,116,118,239,0,86,86,325
04/18/2004,CWF,LA,ASW,CE,Federal Contract Tower,0,0,11,22,33,0,1,43,27,71,0,1,54,49,104,4,10,14,118
04/19/2004,CWF,LA,ASW,CE,Federal Contract Tower,1,2,12,13,28,0,7,87,3,97,1,9,99,16,125,6,24,30,155
04/20/2004,CWF,LA,ASW,CE,Federal Contract Tower,2,5,16,30,53,0,3,93,31,127,2,8,109,61,180,10,46,56,236
04/21/2004,CWF,LA,ASW,CE,Federal Contract Tower,2,4,21,22,49,0,4,45,0,49,2,8,66,22,98,0,18,18,116
04/22/2004,CWF,LA,ASW,CE,Federal Contract Tower,2,4,5,28,39,0,8,40,15,63,2,12,45,43,102,6,8,14,116
04/23/2004,CWF,LA,ASW,CE,Federal Contract Tower,2,10,26,167,205,0,0,82,1,83,2,10,108,168,288,22,148,170,458
04/24/2004,CWF,LA,ASW,CE,Federal Contract Tower,1,2,2,24,29,0,0,0,2,2,1,2,2,26,31,0,34,34,65
04/25/2004,CWF,LA,ASW,CE,Federal Contract Tower,0,4,3,34,41,0,0,14,10,24,0,4,17,44,65,0,0,0,65
04/26/2004,CWF,LA,ASW,CE,Federal Contract Tower,1,2,4,89,96,0,6,66,32,104,1,8,70,121,200,12,66,78,278
04/27/2004,CWF,LA,ASW,CE,Federal Contract Tower,2,4,10,58,74,0,5,91,13,109,2,9,101,71,183,0,114,114,297
04/28/2004,CWF,LA,ASW,CE,Federal Contract Tower,2,4,12,76,94,0,9,55,39,103,2,13,67,115,197,12,52,64,261
04/29/2004,CWF,LA,ASW,CE,Federal Contract Tower,8,4,13,39,64,1,18,73,15,107,9,22,86,54,171,12,42,54,225
04/30/2004,CWF,LA,ASW,CE,Federal Contract Tower,2,9,18,25,54,0,0,85,0,85,2,9,103,25,139,26,18,44,183
05/01/2004,CWF,LA,ASW,CE,Federal Contract Tower,5,2,8,0,15,0,0,0,0,0,5,2,8,0,15,0,0,0,15
05/02/2004,CWF,LA,ASW,CE,Federal Contract Tower,2,0,8,25,35,0,0,75,7,82,2,0,83,32,117,0,0,0,117
05/03/2004,CWF,LA,ASW,CE,Federal Contract Tower,3,8,14,109,134,0,0,85,11,96,3,8,99,120,230,20,182,202,432
05/04/2004,CWF,LA,ASW,CE,Federal Contract Tower,2,4,5,45,56,0,4,85,9,98,2,8,90,54,154,18,30,48,202
05/05/2004,CWF,LA,ASW,CE,Federal Contract Tower,3,4,13,38,58,0,4,64,13,81,3,8,77,51,139,0,44,44,183
05/06/2004,CWF,LA,ASW,CE,Federal Contract Tower,2,4,17,55,78,0,12,64,5,81,2,16,81,60,159,10,28,38,197
05/07/2004,CWF,LA,ASW,CE,Federal Contract Tower,2,4,17,73,96,0,2,82,30,114,2,6,99,103,210,14,84,98,308
05/08/2004,CWF,LA,ASW,CE,Federal Contract Tower,1,2,5,14,22,0,8,68,9,85,1,10,73,23,107,6,18,24,131
05/09/2004,CWF,LA,ASW,CE,Federal Contract Tower,0,1,12,34,47,0,0,33,8,41,0,1,45,42,88,0,10,10,98
05/10/2004,CWF,LA,ASW,CE,Federal Contract Tower,1,10,4,5,20,0,0,93,9,102,1,10,97,14,122,2,8,10,132
05/11/2004,CWF,LA,ASW,CE,Federal Contract Tower,5,11,24,8,48,0,0,81,16,97,5,11,105,24,145,0,0,0,145
05/12/2004,CWF,LA,ASW,CE,Federal Contract Tower,5,4,23,25,57,0,4,67,0,71,5,8,90,25,128,0,4,4,132
05/13/2004,CWF,LA,ASW,CE,Federal Contract Tower,3,2,5,38,48,0,2,74,0,76,3,4,79,38,124,0,30,30,154
05/14/2004,CWF,LA,ASW,CE,Federal Contract Tower,2,4,6,50,62,0,0,55,33,88,2,4,61,83,150,10,40,50,200
05/15/2004,CWF,LA,ASW,CE,Federal Contract Tower,1,2,5,12,20,0,5,30,13,48,1,7,35,25,68,2,0,2,70
05/16/2004,CWF,LA,ASW,CE,Federal Contract Tower,0,0,0,31,31,0,0,10,7,17,0,0,10,38,48,0,2,2,50
05/17/2004,CWF,LA,ASW,CE,Federal Contract Tower,1,2,6,0,9,0,0,36,0,36,1,2,42,0,45,0,0,0,45
05/18/2004,CWF,LA,ASW,CE,Federal Contract Tower,2,12,33,21,68,0,0,48,0,48,2,12,81,21,116,0,2,2,118
05/19/2004,CWF,LA,ASW,CE,Federal Contract Tower,2,6,8,7,23,0,0,75,2,77,2,6,83,9,100,0,0,0,100
05/20/2004,CWF,LA,ASW,CE,Federal Contract Tower,2,18,38,77,135,0,0,96,9,105,2,18,134,86,240,14,22,36,276
05/21/2004,CWF,LA,ASW,CE,Federal Contract Tower,3,4,15,109,131,0,6,58,25,89,3,10,73,134,220,14,70,84,304
05/22/2004,CWF,LA,ASW,CE,Federal Contract Tower,1,2,12,41,56,0,0,43,15,58,1,2,55,56,114,12,22,34,148
05/23/2004,CWF,LA,ASW,CE,Federal Contract Tower,0,0,9,41,50,0,0,45,11,56,0,0,54,52,106,0,18,18,124
05/24/2004,CWF,LA,ASW,CE,Federal Contract Tower,1,2,13,38,54,0,4,84,6,94,1,6,97,44,148,20,40,60,208
05/25/2004,CWF,LA,ASW,CE,Federal Contract Tower,2,4,29,98,133,0,10,104,3,117,2,14,133,101,250,8,126,134,384
05/26/2004,CWF,LA,ASW,CE,Federal Contract Tower,2,5,9,73,89,0,8,84,16,108,2,13,93,89,197,6,62,68,265
05/27/2004,CWF,LA,ASW,CE,Federal Contract Tower,2,4,12,72,90,0,8,108,0,116,2,12,120,72,206,26,48,74,280
05/28/2004,CWF,LA,ASW,CE,Federal Contract Tower,2,4,12,11,29,0,7,45,3,55,2,11,57,14,84,0,0,0,84
05/29/2004,CWF,LA,ASW,CE,Federal Contract Tower,1,2,4,8,15,0,10,47,2,59,1,12,51,10,74,0,2,2,76
05/30/2004,CWF,LA,ASW,CE,Federal Contract Tower,0,0,2,0,2,0,2,26,0,28,0,2,28,0,30,0,0,0,30
05/31/2004,CWF,LA,ASW,CE,Federal Contract Tower,0,0,4,4,8,0,4,14,0,18,0,4,18,4,26,0,0,0,26
06/01/2004,CWF,LA,ASW,CE,Federal Contract Tower,2,3,7,17,29,0,9,66,2,77,2,12,73,19,106,0,10,10,116
06/02/2004,CWF,LA,ASW,CE,Federal Contract Tower,4,3,10,22,39,2,10,68,0,80,6,13,78,22,119,0,22,22,141
06/03/2004,CWF,LA,ASW,CE,Federal Contract Tower,2,4,14,18,38,0,7,140,0,147,2,11,154,18,185,28,22,50,235
06/04/2004,CWF,LA,ASW,CE,Federal Contract Tower,2,5,13,30,50,0,5,65,19,89,2,10,78,49,139,0,28,28,167
06/05/2004,CWF,LA,ASW,CE,Federal Contract Tower,2,1,5,8,16,3,2,47,0,52,5,3,52,8,68,16,2,18,86
06/06/2004,CWF,LA,ASW,CE,Federal Contract Tower,2,2,5,15,24,0,2,88,7,97,2,4,93,22,121,0,4,4,125
06/07/2004,CWF,LA,ASW,CE,Federal Contract Tower,4,6,17,38,65,4,4,60,3,71,8,10,77,41,136,2,10,12,148
06/08/2004,CWF,LA,ASW,CE,Federal Contract Tower,3,4,12,26,45,3,2,48,0,53,6,6,60,26,98,0,0,0,98
06/09/2004,CWF,LA,ASW,CE,Federal Contract Tower,2,7,23,46,78,0,0,113,0,113,2,7,136,46,191,46,72,118,309
06/10/2004,CWF,LA,ASW,CE,Federal Contract Tower,3,10,37,78,128,0,0,140,34,174,3,10,177,112,302,36,98,134,436
06/11/2004,CWF,LA,ASW,CE,Federal Contract Tower,2,5,30,63,100,0,0,64,70,134,2,5,94,133,234,0,66,66,300
06/12/2004,CWF,LA,ASW,CE,Federal Contract Tower,2,2,9,17,30,0,0,64,14,78,2,2,73,31,108,8,22,30,138
06/13/2004,CWF,LA,ASW,CE,Federal Contract Tower,1,0,26,54,81,0,0,24,60,84,1,0,50,114,165,10,70,80,245
06/14/2004,CWF,LA,ASW,CE,Federal Contract Tower,1,3,11,22,37,0,1,64,26,91,1,4,75,48,128,0,26,26,154
06/15/2004,CWF,LA,ASW,CE,Federal Contract Tower,1,4,9,19,33,1,6,60,8,75,2,10,69,27,108,0,12,12,120
06/16/2004,CWF,LA,ASW,CE,Federal Contract Tower,0,2,3,2,7,2,6,13,0,21,2,8,16,2,28,0,0,0,28
06/17/2004,CWF,LA,ASW,CE,Federal Contract Tower,1,3,8,13,25,4,5,90,0,99,5,8,98,13,124,4,12,16,140
06/18/2004,CWF,LA,ASW,CE,Federal Contract Tower,2,14,41,84,141,0,2,111,0,113,2,16,152,84,254,0,80,80,334
06/19/2004,CWF,LA,ASW,CE,Federal Contract Tower,1,2,9,11,23,0,0,68,0,68,1,2,77,11,91,12,18,30,121
06/20/2004,CWF,LA,ASW,CE,Federal Contract Tower,0,0,11,22,33,0,0,25,18,43,0,0,36,40,76,12,14,26,102
06/21/2004,CWF,LA,ASW,CE,Federal Contract Tower,1,3,8,14,26,0,2,45,0,47,1,5,53,14,73,6,0,6,79
06/22/2004,CWF,LA,ASW,CE,Federal Contract Tower,2,3,12,18,35,4,3,27,0,34,6,6,39,18,69,0,0,0,69
06/23/2004,CWF,LA,ASW,CE,Federal Contract Tower,1,2,9,4,16,1,3,46,0,50,2,5,55,4,66,10,0,10,76
06/24/2004,CWF,LA,ASW,CE,Federal Contract Tower,1,2,7,8,18,2,2,20,0,24,3,4,27,8,42,0,0,0,42
06/25/2004,CWF,LA,ASW,CE,Federal Contract Tower,1,1,5,6,13,1,2,8,0,11,2,3,13,6,24,0,0,0,24
06/26/2004,CWF,LA,ASW,CE,Federal Contract Tower,0,0,0,2,2,1,2,0,0,3,1,2,0,2,5,0,0,0,5
06/27/2004,CWF,LA,ASW,CE,Federal Contract Tower,0,0,2,0,2,2,2,18,0,22,2,2,20,0,24,0,0,0,24
06/28/2004,CWF,LA,ASW,CE,Federal Contract Tower,4,7,22,27,60,0,2,79,0,81,4,9,101,27,141,0,0,0,141
06/29/2004,CWF,LA,ASW,CE,Federal Contract Tower,1,3,10,12,26,1,7,46,0,54,2,10,56,12,80,0,8,8,88
06/30/2004,CWF,LA,ASW,CE,Federal Contract Tower,1,3,10,20,34,3,9,91,10,113,4,12,101,30,147,0,38,38,185
07/01/2004,CWF,LA,ASW,CE,Federal Contract Tower,2,2,6,22,32,0,0,59,0,59,2,2,65,22,91,0,5,5,96
07/02/2004,CWF,LA,ASW,CE,Federal Contract Tower,2,1,4,14,21,0,9,64,0,73,2,10,68,14,94,0,0,0,94
07/03/2004,CWF,LA,ASW,CE,Federal Contract Tower,1,1,3,0,5,0,5,58,0,63,1,6,61,0,68,0,0,0,68
07/04/2004,CWF,LA,ASW,CE,Federal Contract Tower,0,0,0,0,0,0,0,48,0,48,0,0,48,0,48,0,0,0,48
07/05/2004,CWF,LA,ASW,CE,Federal Contract Tower,0,0,4,8,12,0,0,42,0,42,0,0,46,8,54,0,0,0,54
07/06/2004,CWF,LA,ASW,CE,Federal Contract Tower,1,4,11,20,36,0,6,126,0,132,1,10,137,20,168,20,22,42,210
07/07/2004,CWF,LA,ASW,CE,Federal Contract Tower,2,2,6,10,20,0,3,66,0,69,2,5,72,10,89,2,8,10,99
07/08/2004,CWF,LA,ASW,CE,Federal Contract Tower,2,2,6,24,34,0,10,70,2,82,2,12,76,26,116,0,54,54,170
07/09/2004,CWF,LA,ASW,CE,Federal Contract Tower,2,2,6,13,23,0,2,43,0,45,2,4,49,13,68,0,22,22,90
07/10/2004,CWF,LA,ASW,CE,Federal Contract Tower,1,0,3,4,8,0,2,63,0,65,1,2,66,4,73,0,0,0,73
07/11/2004,CWF,LA,ASW,CE,Federal Contract Tower,0,1,4,11,16,0,3,27,2,32,0,4,31,13,48,0,2,2,50
07/12/2004,CWF,LA,ASW,CE,Federal Contract Tower,1,6,21,65,93,0,2,134,4,140,1,8,155,69,233,0,98,98,331
07/13/2004,CWF,LA,ASW,CE,Federal Contract Tower,2,8,23,51,84,0,6,147,0,153,2,14,170,51,237,2,94,96,333
07/14/2004,CWF,LA,ASW,CE,Federal Contract Tower,2,7,19,57,85,0,1,115,0,116,2,8,134,57,201,0,50,50,251
07/15/2004,CWF,LA,ASW,CE,Federal Contract Tower,1,4,11,21,37,10,9,117,0,136,11,13,128,21,173,0,22,22,195
07/16/2004,CWF,LA,ASW,CE,Federal Contract Tower,4,9,25,79,117,0,1,107,25,133,4,10,132,104,250,0,32,32,282
07/17/2004,CWF,LA,ASW,CE,Federal Contract Tower,1,4,15,47,67,0,0,47,23,70,1,4,62,70,137,0,66,66,203
07/18/2004,CWF,LA,ASW,CE,Federal Contract Tower,0,3,9,27,39,0,1,73,28,102,0,4,82,55,141,0,108,108,249
07/19/2004,CWF,LA,ASW,CE,Federal Contract Tower,1,7,21,65,94,0,3,128,39,170,1,10,149,104,264,34,174,208,472
07/20/2004,CWF,LA,ASW,CE,Federal Contract Tower,1,4,10,29,44,1,14,117,2,134,2,18,127,31,178,0,22,22,200
07/21/2004,CWF,LA,ASW,CE,Federal Contract Tower,3,7,20,61,91,3,5,111,14,133,6,12,131,75,224,0,108,108,332
07/22/2004,CWF,LA,ASW,CE,Federal Contract Tower,2,5,13,39,59,2,9,69,0,80,4,14,82,39,139,14,68,82,221
07/23/2004,CWF,LA,ASW,CE,Federal Contract Tower,3,7,38,120,168,0,0,52,39,91,3,7,90,159,259,0,98,98,357
07/24/2004,CWF,LA,ASW,CE,Federal Contract Tower,2,4,21,64,91,0,0,38,34,72,2,4,59,98,163,0,8,8,171
07/25/2004,CWF,LA,ASW,CE,Federal Contract Tower,0,0,2,6,8,1,0,57,0,58,1,0,59,6,66,0,0,0,66
07/26/2004,CWF,LA,ASW,CE,Federal Contract Tower,1,3,13,39,56,0,10,171,12,193,1,13,184,51,249,16,28,44,293
07/27/2004,CWF,LA,ASW,CE,Federal Contract Tower,2,6,18,60,86,0,6,111,18,135,2,12,129,78,221,0,88,88,309
07/28/2004,CWF,LA,ASW,CE,Federal Contract Tower,2,4,16,49,71,0,8,123,8,139,2,12,139,57,210,0,76,76,286
07/29/2004,CWF,LA,ASW,CE,Federal Contract Tower,2,4,15,35,56,0,10,151,0,161,2,14,166,35,217,0,10,10,227
07/30/2004,CWF,LA,ASW,CE,Federal Contract Tower,2,7,23,74,106,0,1,91,35,127,2,8,114,109,233,18,60,78,311
07/31/2004,CWF,LA,ASW,CE,Federal Contract Tower,0,2,5,16,23,1,0,83,4,88,1,2,88,20,111,0,20,20,131
08/01/2004,CWF,LA,ASW,CE,Federal Contract Tower,0,1,4,17,22,0,3,62,7,72,0,4,66,24,94,0,8,8,102
08/02/2004,CWF,LA,ASW,CE,Federal Contract Tower,4,5,15,58,82,2,1,88,0,91,6,6,103,58,173,0,76,76,249
08/03/2004,CWF,LA,ASW,CE,Federal Contract Tower,2,5,15,59,81,0,3,111,27,141,2,8,126,86,222,0,88,88,310
08/04/2004,CWF,LA,ASW,CE,Federal Contract Tower,2,5,18,69,94,0,3,140,45,188,2,8,158,114,282,12,168,180,462
08/05/2004,CWF,LA,ASW,CE,Federal Contract Tower,6,7,26,89,128,2,4,144,30,180,8,11,170,119,308,12,110,122,430
08/06/2004,CWF,LA,ASW,CE,Federal Contract Tower,2,5,17,57,81,0,3,93,56,152,2,8,110,113,233,0,50,50,283
08/07/2004,CWF,LA,ASW,CE,Federal Contract Tower,1,2,8,27,38,0,0,71,30,101,1,2,79,57,139,0,66,66,205
08/08/2004,CWF,LA,ASW,CE,Federal Contract Tower,0,2,8,28,38,0,0,58,41,99,0,2,66,69,137,0,44,44,181
08/09/2004,CWF,LA,ASW,CE,Federal Contract Tower,1,2,5,16,24,1,3,99,7,110,2,5,104,23,134,32,26,58,192
08/10/2004,CWF,LA,ASW,CE,Federal Contract Tower,2,2,7,25,36,0,10,123,6,139,2,12,130,31,175,0,40,40,215
08/11/2004,CWF,LA,ASW,CE,Federal Contract Tower,2,9,29,99,139,0,1,91,41,133,2,10,120,140,272,0,120,120,392
08/12/2004,CWF,LA,ASW,CE,Federal Contract Tower,1,3,8,27,39,1,9,110,5,125,2,12,118,32,164,12,24,36,200
08/13/2004,CWF,LA,ASW,CE,Federal Contract Tower,4,9,29,96,138,5,7,90,0,102,9,16,119,96,240,20,84,104,344
08/14/2004,CWF,LA,ASW,CE,Federal Contract Tower,1,4,12,40,57,2,0,75,13,90,3,4,87,53,147,0,34,34,181
08/15/2004,CWF,LA,ASW,CE,Federal Contract Tower,2,1,20,68,91,0,0,40,33,73,2,1,60,101,164,0,64,64,228
08/16/2004,CWF,LA,ASW,CE,Federal Contract Tower,1,3,7,24,35,0,3,107,6,116,1,6,114,30,151,2,38,40,191
08/17/2004,CWF,LA,ASW,CE,Federal Contract Tower,3,6,20,68,97,1,6,76,37,120,4,12,96,105,217,24,178,202,419
08/18/2004,CWF,LA,ASW,CE,Federal Contract Tower,2,5,14,49,70,0,7,94,2,103,2,12,108,51,173,0,70,70,243
08/19/2004,CWF,LA,ASW,CE,Federal Contract Tower,2,5,15,50,72,3,6,95,28,132,5,11,110,78,204,30,66,96,300
08/20/2004,CWF,LA,ASW,CE,Federal Contract Tower,2,5,16,54,77,0,5,108,17,130,2,10,124,71,207,10,22,32,239
08/21/2004,CWF,LA,ASW,CE,Federal Contract Tower,0,0,3,8,11,0,0,50,19,69,0,0,53,27,80,0,10,10,90
08/22/2004,CWF,LA,ASW,CE,Federal Contract Tower,0,2,4,14,20,2,10,96,19,127,2,12,100,33,147,0,98,98,245
08/23/2004,CWF,LA,ASW,CE,Federal Contract Tower,1,3,10,34,48,1,13,98,50,162,2,16,108,84,210,12,60,72,282
08/24/2004,CWF,LA,ASW,CE,Federal Contract Tower,1,2,10,30,43,0,4,46,0,50,1,6,56,30,93,0,26,26,119
08/25/2004,CWF,LA,ASW,CE,Federal Contract Tower,3,4,20,3,30,2,0,36,0,38,5,4,56,3,68,0,0,0,68
08/26/2004,CWF,LA,ASW,CE,Federal Contract Tower,2,8,29,98,137,0,6,131,7,144,2,14,160,105,281,50,106,156,437
08/27/2004,CWF,LA,ASW,CE,Federal Contract Tower,2,3,14,47,66,0,11,114,10,135,2,14,128,57,201,10,34,44,245
08/28/2004,CWF,LA,ASW,CE,Federal Contract Tower,1,1,6,22,30,0,1,71,5,77,1,2,77,27,107,0,34,34,141
08/29/2004,CWF,LA,ASW,CE,Federal Contract Tower,0,0,12,40,52,0,0,79,15,94,0,0,91,55,146,20,18,38,184
08/30/2004,CWF,LA,ASW,CE,Federal Contract Tower,1,6,25,63,95,0,0,130,0,130,1,6,155,63,225,114,86,200,425
08/31/2004,CWF,LA,ASW,CE,Federal Contract Tower,3,6,23,77,109,0,2,137,13,152,3,8,160,90,261,0,54,54,315
09/01/2004,CWF,LA,ASW,CE,Federal Contract Tower,2,7,23,62,94,0,13,147,71,231,2,20,170,133,325,0,90,90,415
09/02/2004,CWF,LA,ASW,CE,Federal Contract Tower,4,6,21,59,90,0,4,154,11,169,4,10,175,70,259,0,20,20,279
09/03/2004,CWF,LA,ASW,CE,Federal Contract Tower,2,2,8,23,35,0,2,83,34,119,2,4,91,57,154,0,46,46,200
09/04/2004,CWF,LA,ASW,CE,Federal Contract Tower,1,1,2,10,14,0,3,114,26,143,1,4,116,36,157,0,0,0,157
09/05/2004,CWF,LA,ASW,CE,Federal Contract Tower,0,0,3,11,14,0,0,143,10,153,0,0,146,21,167,15,20,35,202
09/06/2004,CWF,LA,ASW,CE,Federal Contract Tower,1,0,0,0,1,0,0,125,0,125,1,0,125,0,126,0,0,0,126
09/07/2004,CWF,LA,ASW,CE,Federal Contract Tower,1,8,28,76,113,0,6,140,22,168,1,14,168,98,281,0,50,50,331
09/08/2004,CWF,LA,ASW,CE,Federal Contract Tower,1,9,29,81,120,0,1,142,23,166,1,10,171,104,286,0,150,150,436
09/09/2004,CWF,LA,ASW,CE,Federal Contract Tower,3,4,14,36,57,1,8,128,0,137,4,12,142,36,194,0,38,38,232
09/10/2004,CWF,LA,ASW,CE,Federal Contract Tower,2,6,21,55,84,0,0,84,42,126,2,6,105,97,210,6,90,96,306
09/11/2004,CWF,LA,ASW,CE,Federal Contract Tower,1,4,13,33,51,0,1,71,49,121,1,5,84,82,172,0,86,86,258
09/12/2004,CWF,LA,ASW,CE,Federal Contract Tower,2,0,13,32,47,2,0,76,19,97,4,0,89,51,144,0,34,34,178
09/13/2004,CWF,LA,ASW,CE,Federal Contract Tower,3,5,19,49,76,0,1,115,58,174,3,6,134,107,250,0,120,120,370
09/14/2004,CWF,LA,ASW,CE,Federal Contract Tower,2,3,10,25,40,0,9,169,27,205,2,12,179,52,245,0,70,70,315
09/15/2004,CWF,LA,ASW,CE,Federal Contract Tower,1,3,8,20,32,1,6,157,30,194,2,9,165,50,226,8,56,64,290
09/16/2004,CWF,LA,ASW,CE,Federal Contract Tower,0,2,5,10,17,2,15,141,0,158,2,17,146,10,175,2,8,10,185
09/17/2004,CWF,LA,ASW,CE,Federal Contract Tower,2,5,13,36,56,0,3,137,27,167,2,8,150,63,223,0,108,108,331
09/18/2004,CWF,LA,ASW,CE,Federal Contract Tower,1,2,14,38,55,0,0,114,27,141,1,2,128,65,196,20,118,138,334
09/19/2004,CWF,LA,ASW,CE,Federal Contract Tower,0,3,9,23,35,0,0,65,32,97,0,3,74,55,132,18,30,48,180
09/20/2004,CWF,LA,ASW,CE,Federal Contract Tower,1,3,7,19,30,1,3,108,18,130,2,6,115,37,160,0,52,52,212
09/21/2004,CWF,LA,ASW,CE,Federal Contract Tower,0,6,18,47,71,0,4,139,39,182,0,10,157,86,253,0,58,58,311
09/22/2004,CWF,LA,ASW,CE,Federal Contract Tower,2,8,26,67,103,0,0,162,48,210,2,8,188,115,313,8,152,160,473
09/23/2004,CWF,LA,ASW,CE,Federal Contract Tower,2,4,13,34,53,0,0,36,3,39,2,4,49,37,92,0,50,50,142
09/24/2004,CWF,LA,ASW,CE,Federal Contract Tower,1,2,7,21,31,1,6,120,7,134,2,8,127,28,165,0,20,20,185
09/25/2004,CWF,LA,ASW,CE,Federal Contract Tower,0,1,5,11,17,3,5,68,9,85,3,6,73,20,102,0,4,4,106
09/26/2004,CWF,LA,ASW,CE,Federal Contract Tower,0,0,2,4,6,0,6,26,0,32,0,6,28,4,38,0,0,0,38
09/27/2004,CWF,LA,ASW,CE,Federal Contract Tower,1,4,13,34,52,0,4,86,1,91,1,8,99,35,143,10,130,140,283
09/28/2004,CWF,LA,ASW,CE,Federal Contract Tower,4,8,29,76,117,4,2,78,51,135,8,10,107,127,252,0,148,148,400
09/29/2004,CWF,LA,ASW,CE,Federal Contract Tower,3,6,23,31,63,2,11,143,0,156,5,17,166,31,219,60,60,120,339
09/30/2004,CWF,LA,ASW,CE,Federal Contract Tower,3,8,25,66,102,2,9,152,7,170,5,17,177,73,272,8,64,72,344
10/01/2004,CWF,LA,ASW,CE,Federal Contract Tower,2,4,18,44,68,0,11,82,9,102,2,15,100,53,170,0,50,50,220
10/02/2004,CWF,LA,ASW,CE,Federal Contract Tower,1,4,4,6,15,0,0,62,4,66,1,4,66,10,81,0,30,30,111
10/03/2004,CWF,LA,ASW,CE,Federal Contract Tower,0,0,1,3,4,0,0,100,14,114,0,0,101,17,118,0,22,22,140
10/04/2004,CWF,LA,ASW,CE,Federal Contract Tower,1,3,9,11,24,0,4,84,26,114,1,7,93,37,138,0,20,20,158
10/05/2004,CWF,LA,ASW,CE,Federal Contract Tower,2,4,13,13,32,0,2,112,0,114,2,6,125,13,146,10,20,30,176
10/06/2004,CWF,LA,ASW,CE,Federal Contract Tower,2,4,21,36,63,0,8,76,37,121,2,12,97,73,184,34,56,90,274
10/07/2004,CWF,LA,ASW,CE,Federal Contract Tower,2,4,6,6,18,0,0,24,0,24,2,4,30,6,42,0,0,0,42
10/08/2004,CWF,LA,ASW,CE,Federal Contract Tower,2,9,14,9,34,0,0,28,0,28,2,9,42,9,62,0,0,0,62
10/09/2004,CWF,LA,ASW,CE,Federal Contract Tower,1,2,4,0,7,0,0,31,0,31,1,2,35,0,38,0,0,0,38
10/10/2004,CWF,LA,ASW,CE,Federal Contract Tower,2,0,3,3,8,0,0,5,0,5,2,0,8,3,13,0,0,0,13
10/11/2004,CWF,LA,ASW,CE,Federal Contract Tower,1,2,3,12,18,0,2,105,7,114,1,4,108,19,132,0,34,34,166
10/12/2004,CWF,LA,ASW,CE,Federal Contract Tower,2,4,16,80,102,0,8,94,36,138,2,12,110,116,240,6,180,186,426
10/13/2004,CWF,LA,ASW,CE,Federal Contract Tower,4,4,16,57,81,1,9,107,16,133,5,13,123,73,214,10,128,138,352
10/14/2004,CWF,LA,ASW,CE,Federal Contract Tower,6,4,14,16,40,3,0,56,10,69,9,4,70,26,109,34,22,56,165
10/15/2004,CWF,LA,ASW,CE,Federal Contract Tower,3,16,24,110,153,0,0,99,1,100,3,16,123,111,253,14,112,126,379
10/16/2004,CWF,LA,ASW,CE,Federal Contract Tower,1,3,6,20,30,0,0,75,0,75,1,3,81,20,105,0,26,26,131
10/17/2004,CWF,LA,ASW,CE,Federal Contract Tower,1,4,4,86,95,0,0,68,8,76,1,4,72,94,171,0,62,62,233
10/18/2004,CWF,LA,ASW,CE,Federal Contract Tower,1,6,12,68,87,0,0,107,16,123,1,6,119,84,210,0,86,86,296
10/19/2004,CWF,LA,ASW,CE,Federal Contract Tower,2,4,8,56,70,1,10,110,1,122,3,14,118,57,192,0,76,76,268
10/20/2004,CWF,LA,ASW,CE,Federal Contract Tower,2,4,20,54,80,0,6,100,20,126,2,10,120,74,206,4,94,98,304
10/21/2004,CWF,LA,ASW,CE,Federal Contract Tower,4,3,17,31,55,0,11,54,3,68,4,14,71,34,123,0,62,62,185
10/22/2004,CWF,LA,ASW,CE,Federal Contract Tower,2,2,12,62,78,0,4,66,30,100,2,6,78,92,178,0,66,66,244
10/23/2004,CWF,LA,ASW,CE,Federal Contract Tower,1,2,6,20,29,0,0,59,12,71,1,2,65,32,100,0,20,20,120
10/24/2004,CWF,LA,ASW,CE,Federal Contract Tower,0,6,6,64,76,0,0,82,6,88,0,6,88,70,164,0,94,94,258
10/25/2004,CWF,LA,ASW,CE,Federal Contract Tower,1,5,20,37,63,0,0,120,0,120,1,5,140,37,183,4,30,34,217
10/26/2004,CWF,LA,ASW,CE,Federal Contract Tower,2,11,38,102,153,0,0,122,0,122,2,11,160,102,275,26,208,234,509
10/27/2004,CWF,LA,ASW,CE,Federal Contract Tower,2,4,9,40,55,0,3,107,5,115,2,7,116,45,170,0,60,60,230
10/28/2004,CWF,LA,ASW,CE,Federal Contract Tower,2,4,16,35,57,0,5,126,27,158,2,9,142,62,215,28,116,144,359
10/29/2004,CWF,LA,ASW,CE,Federal Contract Tower,2,4,10,54,70,0,8,92,26,126,2,12,102,80,196,0,70,70,266
10/30/2004,CWF,LA,ASW,CE,Federal Contract Tower,7,2,1,28,38,0,2,77,3,82,7,4,78,31,120,0,20,20,140
10/31/2004,CWF,LA,ASW,CE,Federal Contract Tower,1,4,3,26,34,0,0,63,11,74,1,4,66,37,108,0,16,16,124
11/01/2004,CWF,LA,ASW,CE,Federal Contract Tower,1,2,2,1,6,0,0,104,1,105,1,2,106,2,111,0,0,0,111
11/02/2004,CWF,LA,ASW,CE,Federal Contract Tower,3,6,14,0,23,0,0,81,0,81,3,6,95,0,104,0,0,0,104
11/03/2004,CWF,LA,ASW,CE,Federal Contract Tower,2,15,24,90,131,0,0,128,27,155,2,15,152,117,286,0,70,70,356
11/04/2004,CWF,LA,ASW,CE,Federal Contract Tower,4,8,20,61,93,0,9,103,36,148,4,17,123,97,241,8,136,144,385
11/05/2004,CWF,LA,ASW,CE,Federal Contract Tower,2,4,6,86,98,0,2,105,40,147,2,6,111,126,245,16,110,126,371
11/06/2004,CWF,LA,ASW,CE,Federal Contract Tower,2,2,3,12,19,0,2,85,2,89,2,4,88,14,108,0,0,0,108
11/07/2004,CWF,LA,ASW,CE,Federal Contract Tower,1,0,3,26,30,1,0,105,21,127,2,0,108,47,157,4,30,34,191
11/08/2004,CWF,LA,ASW,CE,Federal Contract Tower,1,2,20,46,69,0,4,128,2,134,1,6,148,48,203,26,66,92,295
11/09/2004,CWF,LA,ASW,CE,Federal Contract Tower,2,4,17,70,93,0,8,148,2,158,2,12,165,72,251,16,42,58,309
11/10/2004,CWF,LA,ASW,CE,Federal Contract Tower,3,4,18,90,115,0,7,114,32,153,3,11,132,122,268,42,136,178,446
11/11/2004,CWF,LA,ASW,CE,Federal Contract Tower,3,4,3,43,53,0,12,97,13,122,3,16,100,56,175,0,34,34,209
11/12/2004,CWF,LA,ASW,CE,Federal Contract Tower,2,4,17,96,119,0,5,104,43,152,2,9,121,139,271,0,104,104,375
11/13/2004,CWF,LA,ASW,CE,Federal Contract Tower,1,2,2,20,25,0,0,76,0,76,1,2,78,20,101,0,0,0,101
11/14/2004,CWF,LA,ASW,CE,Federal Contract Tower,0,0,2,20,22,0,2,88,4,94,0,2,90,24,116,0,4,4,120
11/15/2004,CWF,LA,ASW,CE,Federal Contract Tower,1,5,13,64,83,0,4,105,22,131,1,9,118,86,214,0,118,118,332
11/16/2004,CWF,LA,ASW,CE,Federal Contract Tower,2,6,43,72,123,0,5,158,25,188,2,11,201,97,311,10,222,232,543
11/17/2004,CWF,LA,ASW,CE,Federal Contract Tower,2,2,8,9,21,0,9,110,4,123,2,11,118,13,144,40,36,76,220
11/18/2004,CWF,LA,ASW,CE,Federal Contract Tower,2,17,45,30,94,0,0,123,6,129,2,17,168,36,223,12,44,56,279
11/19/2004,CWF,LA,ASW,CE,Federal Contract Tower,1,4,8,91,104,0,0,74,20,94,1,4,82,111,198,0,142,142,340
11/20/2004,CWF,LA,ASW,CE,Federal Contract Tower,1,3,1,0,5,0,0,16,0,16,1,3,17,0,21,0,0,0,21
11/21/2004,CWF,LA,ASW,CE,Federal Contract Tower,1,1,5,12,19,0,2,28,5,35,1,3,33,17,54,0,10,10,64
11/22/2004,CWF,LA,ASW,CE,Federal Contract Tower,2,0,5,5,12,0,4,63,2,69,2,4,68,7,81,0,0,0,81
11/23/2004,CWF,LA,ASW,CE,Federal Contract Tower,2,6,7,17,32,0,0,121,0,121,2,6,128,17,153,0,40,40,193
11/24/2004,CWF,LA,ASW,CE,Federal Contract Tower,4,10,16,21,51,0,0,135,0,135,4,10,151,21,186,0,16,16,202
11/25/2004,CWF,LA,ASW,CE,Federal Contract Tower,0,0,6,0,6,0,0,61,0,61,0,0,67,0,67,0,0,0,67
11/26/2004,CWF,LA,ASW,CE,Federal Contract Tower,2,4,2,6,14,0,2,100,0,102,2,6,102,6,116,0,8,8,124
11/27/2004,CWF,LA,ASW,CE,Federal Contract Tower,1,2,7,3,13,0,1,69,1,71,1,3,76,4,84,0,0,0,84
11/28/2004,CWF,LA,ASW,CE,Federal Contract Tower,0,0,1,0,1,0,4,97,0,101,0,4,98,0,102,0,0,0,102
11/29/2004,CWF,LA,ASW,CE,Federal Contract Tower,1,2,7,18,28,0,8,128,21,157,1,10,135,39,185,2,38,40,225
11/30/2004,CWF,LA,ASW,CE,Federal Contract Tower,2,4,34,7,47,0,0,73,1,74,2,4,107,8,121,0,0,0,121
12/01/2004,CWF,LA,ASW,CE,Federal Contract Tower,2,6,13,50,71,0,9,138,15,162,2,15,151,65,233,10,134,144,377
12/02/2004,CWF,LA,ASW,CE,Federal Contract Tower,2,9,16,18,45,0,5,120,8,133,2,14,136,26,178,0,28,28,206
12/03/2004,CWF,LA,ASW,CE,Federal Contract Tower,3,4,14,64,85,0,0,169,34,203,3,4,183,98,288,0,74,74,362
12/04/2004,CWF,LA,ASW,CE,Federal Contract Tower,3,4,5,14,26,0,0,119,0,119,3,4,124,14,145,0,16,16,161
12/05/2004,CWF,LA,ASW,CE,Federal Contract Tower,2,2,6,8,18,1,3,40,0,44,3,5,46,8,62,2,0,2,64
12/06/2004,CWF,LA,ASW,CE,Federal Contract Tower,1,2,7,19,29,0,2,98,16,116,1,4,105,35,145,58,26,84,229
12/07/2004,CWF,LA,ASW,CE,Federal Contract Tower,2,5,10,28,45,0,14,127,29,170,2,19,137,57,215,0,76,76,291
12/08/2004,CWF,LA,ASW,CE,Federal Contract Tower,2,6,15,53,76,0,4,77,3,84,2,10,92,56,160,0,60,60,220
12/09/2004,CWF,LA,ASW,CE,Federal Contract Tower,2,2,15,41,60,0,2,107,16,125,2,4,122,57,185,18,114,132,317
12/10/2004,CWF,LA,ASW,CE,Federal Contract Tower,2,6,14,141,163,0,0,118,27,145,2,6,132,168,308,0,264,264,572
12/11/2004,CWF,LA,ASW,CE,Federal Contract Tower,1,4,8,11,24,0,0,117,0,117,1,4,125,11,141,0,8,8,149
12/12/2004,CWF,LA,ASW,CE,Federal Contract Tower,0,1,10,8,19,0,0,130,0,130,0,1,140,8,149,16,62,78,227
12/13/2004,CWF,LA,ASW,CE,Federal Contract Tower,1,0,14,33,48,0,0,116,0,116,1,0,130,33,164,0,0,0,164
12/14/2004,CWF,LA,ASW,CE,Federal Contract Tower,4,4,14,37,59,0,4,65,43,112,4,8,79,80,171,10,42,52,223
12/15/2004,CWF,LA,ASW,CE,Federal Contract Tower,4,6,17,45,72,0,4,112,24,140,4,10,129,69,212,0,84,84,296
12/16/2004,CWF,LA,ASW,CE,Federal Contract Tower,2,4,9,24,39,0,4,70,10,84,2,8,79,34,123,0,28,28,151
12/17/2004,CWF,LA,ASW,CE,Federal Contract Tower,2,4,7,20,33,0,4,86,6,96,2,8,93,26,129,0,20,20,149
12/18/2004,CWF,LA,ASW,CE,Federal Contract Tower,1,2,7,22,32,0,2,86,9,97,1,4,93,31,129,2,82,84,213
12/19/2004,CWF,LA,ASW,CE,Federal Contract Tower,0,2,8,20,30,0,0,130,2,132,0,2,138,22,162,15,38,53,215
12/20/2004,CWF,LA,ASW,CE,Federal Contract Tower,1,12,22,28,63,0,0,104,2,106,1,12,126,30,169,10,0,10,179
12/21/2004,CWF,LA,ASW,CE,Federal Contract Tower,2,14,32,26,74,0,0,116,6,122,2,14,148,32,196,0,52,52,248
12/22/2004,CWF,LA,ASW,CE,Federal Contract Tower,2,8,7,10,27,0,0,47,0,47,2,8,54,10,74,0,0,0,74
12/23/2004,CWF,LA,ASW,CE,Federal Contract Tower,0,2,6,2,10,0,0,100,1,101,0,2,106,3,111,16,0,16,127
12/24/2004,CWF,LA,ASW,CE,Federal Contract Tower,0,2,5,0,7,0,0,79,0,79,0,2,84,0,86,0,0,0,86
12/25/2004,CWF,LA,ASW,CE,Federal Contract Tower,0,0,3,0,3,0,0,22,0,22,0,0,25,0,25,0,0,0,25
12/26/2004,CWF,LA,ASW,CE,Federal Contract Tower,2,0,8,0,10,0,2,33,0,35,2,2,41,0,45,0,0,0,45
12/27/2004,CWF,LA,ASW,CE,Federal Contract Tower,2,2,1,20,25,1,4,107,12,124,3,6,108,32,149,0,28,28,177
12/28/2004,CWF,LA,ASW,CE,Federal Contract Tower,2,8,20,12,42,0,0,96,6,102,2,8,116,18,144,0,0,0,144
12/29/2004,CWF,LA,ASW,CE,Federal Contract Tower,2,11,18,12,43,0,0,128,13,141,2,11,146,25,184,10,20,30,214
12/30/2004,CWF,LA,ASW,CE,Federal Contract Tower,2,4,4,0,10,0,6,83,0,89,2,10,87,0,99,0,0,0,99
12/31/2004,CWF,LA,ASW,CE,Federal Contract Tower,1,2,3,0,6,0,0,98,0,98,1,2,101,0,104,8,0,8,112
01/01/2005,CWF,LA,ASW,CE,Federal Contract Tower,0,0,0,0,0,0,0,1,0,1,0,0,1,0,1,0,0,0,1
01/02/2005,CWF,LA,ASW,CE,Federal Contract Tower,0,0,8,0,8,0,0,31,0,31,0,0,39,0,39,0,0,0,39
01/03/2005,CWF,LA,ASW,CE,Federal Contract Tower,1,2,14,2,19,0,3,150,0,153,1,5,164,2,172,38,0,38,210
01/04/2005,CWF,LA,ASW,CE,Federal Contract Tower,2,4,7,47,60,0,0,77,34,111,2,4,84,81,171,0,0,0,171
01/05/2005,CWF,LA,ASW,CE,Federal Contract Tower,2,6,8,25,41,0,8,63,11,82,2,14,71,36,123,0,6,6,129
01/06/2005,CWF,LA,ASW,CE,Federal Contract Tower,2,4,16,43,65,0,8,101,30,139,2,12,117,73,204,22,126,148,352
01/07/2005,CWF,LA,ASW,CE,Federal Contract Tower,2,6,2,6,16,0,0,43,0,43,2,6,45,6,59,0,0,0,59
01/08/2005,CWF,LA,ASW,CE,Federal Contract Tower,1,2,3,44,50,0,0,76,14,90,1,2,79,58,140,0,32,32,172
01/09/2005,CWF,LA,ASW,CE,Federal Contract Tower,1,0,10,28,39,0,1,101,1,103,1,1,111,29,142,0,60,60,202
01/10/2005,CWF,LA,ASW,CE,Federal Contract Tower,1,4,9,14,28,0,0,2,0,2,1,4,11,14,30,4,0,4,34
01/11/2005,CWF,LA,ASW,CE,Federal Contract Tower,8,4,15,12,39,0,12,64,6,82,8,16,79,18,121,22,30,52,173
01/12/2005,CWF,LA,ASW,CE,Federal Contract Tower,5,13,34,49,101,0,0,100,0,100,5,13,134,49,201,20,94,114,315
01/13/2005,CWF,LA,ASW,CE,Federal Contract Tower,9,5,29,40,83,0,0,56,22,78,9,5,85,62,161,0,75,75,236
01/14/2005,CWF,LA,ASW,CE,Federal Contract Tower,2,8,16,102,128,0,10,75,39,124,2,18,91,141,252,0,158,158,410
01/15/2005,CWF,LA,ASW,CE,Federal Contract Tower,2,2,7,48,59,0,9,86,3,98,2,11,93,51,157,0,26,26,183
01/16/2005,CWF,LA,ASW,CE,Federal Contract Tower,1,0,6,31,38,0,0,84,4,88,1,0,90,35,126,12,20,32,158
01/17/2005,CWF,LA,ASW,CE,Federal Contract Tower,1,2,17,52,72,0,16,74,39,129,1,18,91,91,201,26,78,104,305
01/18/2005,CWF,LA,ASW,CE,Federal Contract Tower,4,10,16,86,116,0,0,81,1,82,4,10,97,87,198,6,58,64,262
01/19/2005,CWF,LA,ASW,CE,Federal Contract Tower,3,14,48,28,93,0,0,62,13,75,3,14,110,41,168,16,6,22,190
01/20/2005,CWF,LA,ASW,CE,Federal Contract Tower,2,17,28,62,109,0,0,78,35,113,2,17,106,97,222,0,56,56,278
01/21/2005,CWF,LA,ASW,CE,Federal Contract Tower,2,4,32,60,98,0,2,6,20,28,2,6,38,80,126,0,54,54,180
01/22/2005,CWF,LA,ASW,CE,Federal Contract Tower,1,2,3,17,23,0,0,63,0,63,1,2,66,17,86,0,0,0,86
01/23/2005,CWF,LA,ASW,CE,Federal Contract Tower,0,0,1,11,12,0,4,48,3,55,0,4,49,14,67,0,58,58,125
01/24/2005,CWF,LA,ASW,CE,Federal Contract Tower,1,2,12,35,50,0,8,94,3,105,1,10,106,38,155,0,10,10,165
01/25/2005,CWF,LA,ASW,CE,Federal Contract Tower,3,4,18,20,45,0,6,65,0,71,3,10,83,20,116,0,8,8,124
01/26/2005,CWF,LA,ASW,CE,Federal Contract Tower,2,4,14,20,40,0,0,64,16,80,2,4,78,36,120,0,90,90,210
01/27/2005,CWF,LA,ASW,CE,Federal Contract Tower,2,4,30,66,102,0,0,69,40,109,2,4,99,106,211,0,96,96,307
01/28/2005,CWF,LA,ASW,CE,Federal Contract Tower,2,4,14,20,40,0,0,45,13,58,2,4,59,33,98,0,0,0,98
01/29/2005,CWF,LA,ASW,CE,Federal Contract Tower,1,2,3,30,36,0,0,45,1,46,1,2,48,31,82,0,0,0,82
01/30/2005,CWF,LA,ASW,CE,Federal Contract Tower,0,0,12,18,30,0,2,52,4,58,0,2,64,22,88,0,2,2,90
01/31/2005,CWF,LA,ASW,CE,Federal Contract Tower,1,4,11,4,20,0,2,7,2,11,1,6,18,6,31,0,0,0,31
02/01/2005,CWF,LA,ASW,CE,Federal Contract Tower,2,6,1,0,9,0,0,44,10,54,2,6,45,10,63,0,0,0,63
02/02/2005,CWF,LA,ASW,CE,Federal Contract Tower,2,10,28,36,76,0,0,46,25,71,2,10,74,61,147,0,20,20,167
02/03/2005,CWF,LA,ASW,CE,Federal Contract Tower,3,6,22,48,79,0,22,117,73,212,3,28,139,121,291,4,72,76,367
02/04/2005,CWF,LA,ASW,CE,Federal Contract Tower,2,6,23,164,195,0,0,140,28,168,2,6,163,192,363,0,172,172,535
02/05/2005,CWF,LA,ASW,CE,Federal Contract Tower,1,4,16,32,53,0,0,109,0,109,1,4,125,32,162,16,10,26,188
02/06/2005,CWF,LA,ASW,CE,Federal Contract Tower,0,0,0,69,69,0,0,108,0,108,0,0,108,69,177,0,100,100,277
02/07/2005,CWF,LA,ASW,CE,Federal Contract Tower,3,6,6,7,22,0,0,66,11,77,3,6,72,18,99,6,12,18,117
02/08/2005,CWF,LA,ASW,CE,Federal Contract Tower,2,5,16,9,32,0,0,43,0,43,2,5,59,9,75,0,12,12,87
02/09/2005,CWF,LA,ASW,CE,Federal Contract Tower,2,6,10,71,89,0,2,40,11,53,2,8,50,82,142,0,50,50,192
02/10/2005,CWF,LA,ASW,CE,Federal Contract Tower,2,8,46,51,107,0,7,115,24,146,2,15,161,75,253,18,72,90,343
02/11/2005,CWF,LA,ASW,CE,Federal Contract Tower,7,7,2,52,68,1,8,108,25,142,8,15,110,77,210,0,100,100,310
02/12/2005,CWF,LA,ASW,CE,Federal Contract Tower,1,2,2,90,95,0,6,95,29,130,1,8,97,119,225,0,196,196,421
02/13/2005,CWF,LA,ASW,CE,Federal Contract Tower,1,0,0,2,3,0,0,56,0,56,1,0,56,2,59,0,0,0,59
02/14/2005,CWF,LA,ASW,CE,Federal Contract Tower,1,4,16,14,35,0,0,90,0,90,1,4,106,14,125,0,0,0,125
02/15/2005,CWF,LA,ASW,CE,Federal Contract Tower,2,5,6,21,34,0,3,97,0,100,2,8,103,21,134,0,36,36,170
02/16/2005,CWF,LA,ASW,CE,Federal Contract Tower,2,5,10,29,46,0,1,101,16,118,2,6,111,45,164,4,10,14,178
02/17/2005,CWF,LA,ASW,CE,Federal Contract Tower,2,5,6,44,57,0,11,76,8,95,2,16,82,52,152,4,24,28,180
02/18/2005,CWF,LA,ASW,CE,Federal Contract Tower,2,6,5,84,97,0,18,122,29,169,2,24,127,113,266,0,166,166,432
02/19/2005,CWF,LA,ASW,CE,Federal Contract Tower,1,2,3,16,22,0,4,45,9,58,1,6,48,25,80,0,20,20,100
02/20/2005,CWF,LA,ASW,CE,Federal Contract Tower,1,0,1,30,32,0,6,69,0,75,1,6,70,30,107,0,70,70,177
02/21/2005,CWF,LA,ASW,CE,Federal Contract Tower,1,4,4,16,25,0,0,47,9,56,1,4,51,25,81,0,0,0,81
02/22/2005,CWF,LA,ASW,CE,Federal Contract Tower,2,4,16,14,36,2,0,49,12,63,4,4,65,26,99,6,10,16,115
02/23/2005,CWF,LA,ASW,CE,Federal Contract Tower,2,6,2,4,14,0,0,2,0,2,2,6,4,4,16,0,0,0,16
02/24/2005,CWF,LA,ASW,CE,Federal Contract Tower,2,6,3,4,15,0,0,1,0,1,2,6,4,4,16,0,0,0,16
02/25/2005,CWF,LA,ASW,CE,Federal Contract Tower,2,4,7,54,67,0,6,124,30,160,2,10,131,84,227,0,90,90,317
02/26/2005,CWF,LA,ASW,CE,Federal Contract Tower,1,2,1,10,14,0,4,52,0,56,1,6,53,10,70,0,0,0,70
02/27/2005,CWF,LA,ASW,CE,Federal Contract Tower,0,0,4,0,4,0,0,16,0,16,0,0,20,0,20,0,0,0,20
02/28/2005,CWF,LA,ASW,CE,Federal Contract Tower,1,8,4,5,18,0,10,132,0,142,1,18,136,5,160,4,0,4,164
03/01/2005,CWF,LA,ASW,CE,Federal Contract Tower,2,10,19,20,51,0,0,107,27,134,2,10,126,47,185,2,72,74,259
03/02/2005,CWF,LA,ASW,CE,Federal Contract Tower,3,6,12,9,30,0,10,17,0,27,3,16,29,9,57,0,0,0,57
03/03/2005,CWF,LA,ASW,CE,Federal Contract Tower,2,5,8,14,29,0,3,56,7,66,2,8,64,21,95,0,36,36,131
03/04/2005,CWF,LA,ASW,CE,Federal Contract Tower,6,8,9,18,41,0,12,81,0,93,6,20,90,18,134,0,2,2,136
03/05/2005,CWF,LA,ASW,CE,Federal Contract Tower,1,2,3,28,34,0,2,94,6,102,1,4,97,34,136,0,6,6,142
03/06/2005,CWF,LA,ASW,CE,Federal Contract Tower,1,0,3,16,20,0,0,61,11,72,1,0,64,27,92,0,8,8,100
03/07/2005,CWF,LA,ASW,CE,Federal Contract Tower,1,4,8,6,19,0,0,49,0,49,1,4,57,6,68,0,0,0,68
03/08/2005,CWF,LA,ASW,CE,Federal Contract Tower,4,4,16,56,80,1,12,151,62,226,5,16,167,118,306,6,112,118,424
03/09/2005,CWF,LA,ASW,CE,Federal Contract Tower,1,16,42,44,103,0,0,114,7,121,1,16,156,51,224,10,96,106,330
03/10/2005,CWF,LA,ASW,CE,Federal Contract Tower,2,4,44,78,128,0,0,142,13,155,2,4,186,91,283,37,144,181,464
03/11/2005,CWF,LA,ASW,CE,Federal Contract Tower,2,4,2,68,76,0,1,104,36,141,2,5,106,104,217,0,86,86,303
03/12/2005,CWF,LA,ASW,CE,Federal Contract Tower,3,2,3,16,24,0,0,102,14,116,3,2,105,30,140,0,40,40,180
03/13/2005,CWF,LA,ASW,CE,Federal Contract Tower,0,0,6,15,21,0,0,94,11,105,0,0,100,26,126,0,26,26,152
03/14/2005,CWF,LA,ASW,CE,Federal Contract Tower,1,3,9,30,43,0,5,66,14,85,1,8,75,44,128,0,82,82,210
03/15/2005,CWF,LA,ASW,CE,Federal Contract Tower,2,6,4,7,19,0,0,32,1,33,2,6,36,8,52,0,0,0,52
03/16/2005,CWF,LA,ASW,CE,Federal Contract Tower,5,1,20,3,29,0,0,77,2,79,5,1,97,5,108,0,0,0,108
03/17/2005,CWF,LA,ASW,CE,Federal Contract Tower,2,4,19,43,68,0,3,92,28,123,2,7,111,71,191,8,124,132,323
03/18/2005,CWF,LA,ASW,CE,Federal Contract Tower,2,4,14,75,95,0,4,103,22,129,2,8,117,97,224,38,126,164,388
03/19/2005,CWF,LA,ASW,CE,Federal Contract Tower,1,2,1,54,58,0,0,97,15,112,1,2,98,69,170,0,90,90,260
03/20/2005,CWF,LA,ASW,CE,Federal Contract Tower,0,0,3,26,29,0,0,79,4,83,0,0,82,30,112,0,20,20,132
03/21/2005,CWF,LA,ASW,CE,Federal Contract Tower,1,2,5,13,21,0,0,58,3,61,1,2,63,16,82,0,0,0,82
03/22/2005,CWF,LA,ASW,CE,Federal Contract Tower,4,6,4,44,58,0,1,85,18,104,4,7,89,62,162,0,76,76,238
03/23/2005,CWF,LA,ASW,CE,Federal Contract Tower,4,4,8,34,50,0,4,85,24,113,4,8,93,58,163,0,52,52,215
03/24/2005,CWF,LA,ASW,CE,Federal Contract Tower,4,8,10,40,62,0,0,124,34,158,4,8,134,74,220,0,100,100,320
03/25/2005,CWF,LA,ASW,CE,Federal Contract Tower,2,2,20,64,88,0,0,96,8,104,2,2,116,72,192,0,98,98,290
03/26/2005,CWF,LA,ASW,CE,Federal Contract Tower,2,2,12,0,16,1,0,0,0,1,3,2,12,0,17,0,0,0,17
03/27/2005,CWF,LA,ASW,CE,Federal Contract Tower,0,0,1,4,5,0,0,8,2,10,0,0,9,6,15,0,0,0,15
03/28/2005,CWF,LA,ASW,CE,Federal Contract Tower,1,2,27,24,54,0,7,138,11,156,1,9,165,35,210,60,30,90,300
03/29/2005,CWF,LA,ASW,CE,Federal Contract Tower,2,4,5,16,27,0,4,113,5,122,2,8,118,21,149,0,52,52,201
03/30/2005,CWF,LA,ASW,CE,Federal Contract Tower,2,6,16,40,64,0,0,60,17,77,2,6,76,57,141,0,88,88,229
03/31/2005,CWF,LA,ASW,CE,Federal Contract Tower,2,4,14,3,23,0,0,55,0,55,2,4,69,3,78,0,0,0,78
04/01/2005,CWF,LA,ASW,CE,Federal Contract Tower,2,5,36,165,208,0,0,150,34,184,2,5,186,199,392,68,404,472,864
04/02/2005,CWF,LA,ASW,CE,Federal Contract Tower,1,2,15,70,88,0,0,94,29,123,1,2,109,99,211,0,188,188,399
04/03/2005,CWF,LA,ASW,CE,Federal Contract Tower,0,0,7,18,25,0,0,89,13,102,0,0,96,31,127,0,40,40,167
04/04/2005,CWF,LA,ASW,CE,Federal Contract Tower,1,9,8,16,34,0,0,124,3,127,1,9,132,19,161,0,44,44,205
04/05/2005,CWF,LA,ASW,CE,Federal Contract Tower,2,4,6,14,26,0,8,79,2,89,2,12,85,16,115,0,26,26,141
04/06/2005,CWF,LA,ASW,CE,Federal Contract Tower,2,4,10,2,18,0,8,49,0,57,2,12,59,2,75,0,2,2,77
04/07/2005,CWF,LA,ASW,CE,Federal Contract Tower,3,4,8,11,26,0,10,50,11,71,3,14,58,22,97,0,44,44,141
04/08/2005,CWF,LA,ASW,CE,Federal Contract Tower,5,2,12,2,21,1,8,91,6,106,6,10,103,8,127,0,32,32,159
04/09/2005,CWF,LA,ASW,CE,Federal Contract Tower,1,2,6,10,19,0,0,55,70,125,1,2,61,80,144,6,52,58,202
04/10/2005,CWF,LA,ASW,CE,Federal Contract Tower,1,0,4,0,5,0,0,77,2,79,1,0,81,2,84,0,0,0,84
04/11/2005,CWF,LA,ASW,CE,Federal Contract Tower,1,0,7,0,8,0,0,110,0,110,1,0,117,0,118,0,0,0,118
04/12/2005,CWF,LA,ASW,CE,Federal Contract Tower,2,4,11,13,30,0,8,154,22,184,2,12,165,35,214,14,40,54,268
04/13/2005,CWF,LA,ASW,CE,Federal Contract Tower,3,4,9,7,23,0,0,40,5,45,3,4,49,12,68,0,64,64,132
04/14/2005,CWF,LA,ASW,CE,Federal Contract Tower,4,4,14,20,42,0,5,76,26,107,4,9,90,46,149,0,14,14,163
04/15/2005,CWF,LA,ASW,CE,Federal Contract Tower,3,4,18,26,51,0,10,82,5,97,3,14,100,31,148,0,90,90,238
04/16/2005,CWF,LA,ASW,CE,Federal Contract Tower,3,2,2,24,31,0,2,65,2,69,3,4,67,26,100,0,60,60,160
04/17/2005,CWF,LA,ASW,CE,Federal Contract Tower,0,0,4,0,4,0,0,38,0,38,0,0,42,0,42,0,0,0,42
04/18/2005,CWF,LA,ASW,CE,Federal Contract Tower,1,2,16,1,20,0,8,114,3,125,1,10,130,4,145,22,10,32,177
04/19/2005,CWF,LA,ASW,CE,Federal Contract Tower,2,18,21,25,66,0,0,145,0,145,2,18,166,25,211,0,30,30,241
04/20/2005,CWF,LA,ASW,CE,Federal Contract Tower,2,4,10,16,32,0,8,88,20,116,2,12,98,36,148,14,30,44,192
04/21/2005,CWF,LA,ASW,CE,Federal Contract Tower,2,4,8,21,35,0,6,100,7,113,2,10,108,28,148,0,0,0,148
04/22/2005,CWF,LA,ASW,CE,Federal Contract Tower,3,4,10,3,20,0,4,66,6,76,3,8,76,9,96,22,0,22,118
04/23/2005,CWF,LA,ASW,CE,Federal Contract Tower,1,2,2,3,8,0,0,47,2,49,1,2,49,5,57,0,0,0,57
04/24/2005,CWF,LA,ASW,CE,Federal Contract Tower,0,0,6,1,7,0,4,68,1,73,0,4,74,2,80,10,0,10,90
04/25/2005,CWF,LA,ASW,CE,Federal Contract Tower,1,4,6,3,14,0,2,96,2,100,1,6,102,5,114,0,0,0,114
04/26/2005,CWF,LA,ASW,CE,Federal Contract Tower,2,6,15,0,23,0,14,102,0,116,2,20,117,0,139,0,0,0,139
04/27/2005,CWF,LA,ASW,CE,Federal Contract Tower,2,11,40,12,65,0,0,106,6,112,2,11,146,18,177,14,0,14,191
04/28/2005,CWF,LA,ASW,CE,Federal Contract Tower,4,5,9,17,35,1,1,136,6,144,5,6,145,23,179,20,18,38,217
04/29/2005,CWF,LA,ASW,CE,Federal Contract Tower,4,4,12,13,33,2,1,116,11,130,6,5,128,24,163,0,10,10,173
04/30/2005,CWF,LA,ASW,CE,Federal Contract Tower,1,0,2,0,3,0,0,77,0,77,1,0,79,0,80,0,0,0,80
05/01/2005,CWF,LA,ASW,CE,Federal Contract Tower,4,0,5,2,11,0,1,78,0,79,4,1,83,2,90,0,4,4,94
05/02/2005,CWF,LA,ASW,CE,Federal Contract Tower,4,2,6,8,20,0,6,81,0,87,4,8,87,8,107,0,10,10,117
05/03/2005,CWF,LA,ASW,CE,Federal Contract Tower,3,4,12,21,40,0,8,148,5,161,3,12,160,26,201,0,56,56,257
05/04/2005,CWF,LA,ASW,CE,Federal Contract Tower,4,11,26,2,43,0,0,96,0,96,4,11,122,2,139,0,0,0,139
05/05/2005,CWF,LA,ASW,CE,Federal Contract Tower,3,8,40,18,69,0,0,99,15,114,3,8,139,33,183,2,12,14,197
05/06/2005,CWF,LA,ASW,CE,Federal Contract Tower,2,7,28,3,40,0,0,141,5,146,2,7,169,8,186,0,4,4,190
05/07/2005,CWF,LA,ASW,CE,Federal Contract Tower,1,2,6,0,9,0,4,110,0,114,1,6,116,0,123,6,0,6,129
05/08/2005,CWF,LA,ASW,CE,Federal Contract Tower,0,0,7,6,13,0,2,71,2,75,0,2,78,8,88,0,0,0,88
05/09/2005,CWF,LA,ASW,CE,Federal Contract Tower,1,2,12,2,17,0,4,99,2,105,1,6,111,4,122,0,0,0,122
05/10/2005,CWF,LA,ASW,CE,Federal Contract Tower,2,4,15,6,27,0,4,95,5,104,2,8,110,11,131,8,6,14,145
05/11/2005,CWF,LA,ASW,CE,Federal Contract Tower,2,9,34,24,69,0,0,103,16,119,2,9,137,40,188,20,58,78,266
05/12/2005,CWF,LA,ASW,CE,Federal Contract Tower,2,14,34,0,50,0,0,113,0,113,2,14,147,0,163,60,0,60,223
05/13/2005,CWF,LA,ASW,CE,Federal Contract Tower,2,4,4,8,18,0,4,85,4,93,2,8,89,12,111,22,0,22,133
05/14/2005,CWF,LA,ASW,CE,Federal Contract Tower,1,2,2,0,5,0,4,50,0,54,1,6,52,0,59,0,0,0,59
05/15/2005,CWF,LA,ASW,CE,Federal Contract Tower,0,0,8,0,8,0,4,70,0,74,0,4,78,0,82,0,0,0,82
05/16/2005,CWF,LA,ASW,CE,Federal Contract Tower,1,4,33,2,40,0,5,105,14,124,1,9,138,16,164,4,26,30,194
05/17/2005,CWF,LA,ASW,CE,Federal Contract Tower,2,4,21,0,27,0,14,130,0,144,2,18,151,0,171,0,0,0,171
05/18/2005,CWF,LA,ASW,CE,Federal Contract Tower,2,6,18,0,26,0,8,67,0,75,2,14,85,0,101,0,0,0,101
05/19/2005,CWF,LA,ASW,CE,Federal Contract Tower,3,5,19,2,29,0,13,84,2,99,3,18,103,4,128,10,10,20,148
05/20/2005,CWF,LA,ASW,CE,Federal Contract Tower,5,9,24,26,64,0,0,92,4,96,5,9,116,30,160,8,40,48,208
05/21/2005,CWF,LA,ASW,CE,Federal Contract Tower,12,4,16,0,32,0,0,82,0,82,12,4,98,0,114,10,0,10,124
05/22/2005,CWF,LA,ASW,CE,Federal Contract Tower,0,0,7,8,15,0,0,79,8,87,0,0,86,16,102,4,2,6,108
05/23/2005,CWF,LA,ASW,CE,Federal Contract Tower,2,2,9,8,21,0,8,96,0,104,2,10,105,8,125,0,0,0,125
05/24/2005,CWF,LA,ASW,CE,Federal Contract Tower,2,4,24,2,32,0,10,122,0,132,2,14,146,2,164,14,6,20,184
05/25/2005,CWF,LA,ASW,CE,Federal Contract Tower,3,8,24,0,35,0,14,96,0,110,3,22,120,0,145,0,0,0,145
05/26/2005,CWF,LA,ASW,CE,Federal Contract Tower,3,6,9,0,18,3,22,101,0,126,6,28,110,0,144,0,0,0,144
05/27/2005,CWF,LA,ASW,CE,Federal Contract Tower,2,4,14,0,20,0,0,107,0,107,2,4,121,0,127,30,0,30,157
05/28/2005,CWF,LA,ASW,CE,Federal Contract Tower,1,2,7,2,12,0,2,66,0,68,1,4,73,2,80,0,20,20,100
05/29/2005,CWF,LA,ASW,CE,Federal Contract Tower,0,0,7,0,7,0,0,84,0,84,0,0,91,0,91,0,0,0,91
05/30/2005,CWF,LA,ASW,CE,Federal Contract Tower,0,0,0,0,0,0,0,62,0,62,0,0,62,0,62,0,0,0,62
05/31/2005,CWF,LA,ASW,CE,Federal Contract Tower,1,2,8,0,11,0,4,60,0,64,1,6,68,0,75,0,0,0,75
06/01/2005,CWF,LA,ASW,CE,Federal Contract Tower,2,4,4,8,18,0,0,60,3,63,2,4,64,11,81,0,24,24,105
06/02/2005,CWF,LA,ASW,CE,Federal Contract Tower,2,4,13,2,21,0,8,79,0,87,2,12,92,2,108,12,0,12,120
06/03/2005,CWF,LA,ASW,CE,Federal Contract Tower,2,4,4,11,21,0,4,94,5,103,2,8,98,16,124,0,0,0,124
06/04/2005,CWF,LA,ASW,CE,Federal Contract Tower,1,2,1,6,10,0,0,41,2,43,1,2,42,8,53,0,0,0,53
06/05/2005,CWF,LA,ASW,CE,Federal Contract Tower,0,2,1,24,27,0,0,94,0,94,0,2,95,24,121,0,0,0,121
06/06/2005,CWF,LA,ASW,CE,Federal Contract Tower,1,5,14,0,20,0,0,115,0,115,1,5,129,0,135,0,0,0,135
06/07/2005,CWF,LA,ASW,CE,Federal Contract Tower,2,5,10,2,19,0,12,109,0,121,2,17,119,2,140,6,10,16,156
06/08/2005,CWF,LA,ASW,CE,Federal Contract Tower,2,4,18,2,26,0,8,53,6,67,2,12,71,8,93,0,2,2,95
06/09/2005,CWF,LA,ASW,CE,Federal Contract Tower,2,4,8,2,16,0,8,35,0,43,2,12,43,2,59,4,0,4,63
06/10/2005,CWF,LA,ASW,CE,Federal Contract Tower,3,6,13,17,39,0,0,73,11,84,3,6,86,28,123,2,30,32,155
06/11/2005,CWF,LA,ASW,CE,Federal Contract Tower,1,2,5,0,8,0,0,29,0,29,1,2,34,0,37,0,0,0,37
06/12/2005,CWF,LA,ASW,CE,Federal Contract Tower,0,0,2,0,2,0,0,34,0,34,0,0,36,0,36,0,0,0,36
06/13/2005,CWF,LA,ASW,CE,Federal Contract Tower,4,2,16,6,28,1,0,104,30,135,5,2,120,36,163,12,16,28,191
06/14/2005,CWF,LA,ASW,CE,Federal Contract Tower,3,10,22,35,70,0,0,134,0,134,3,10,156,35,204,0,102,102,306
06/15/2005,CWF,LA,ASW,CE,Federal Contract Tower,2,4,18,53,77,0,6,95,13,114,2,10,113,66,191,10,92,102,293
06/16/2005,CWF,LA,ASW,CE,Federal Contract Tower,2,4,18,12,36,0,2,99,12,113,2,6,117,24,149,0,6,6,155
06/17/2005,CWF,LA,ASW,CE,Federal Contract Tower,2,4,11,36,53,0,2,71,92,165,2,6,82,128,218,0,4,4,222
06/18/2005,CWF,LA,ASW,CE,Federal Contract Tower,1,3,2,4,10,0,0,54,0,54,1,3,56,4,64,0,10,10,74
06/19/2005,CWF,LA,ASW,CE,Federal Contract Tower,0,0,1,28,29,0,0,11,0,11,0,0,12,28,40,0,0,0,40
06/20/2005,CWF,LA,ASW,CE,Federal Contract Tower,1,2,6,5,14,0,4,90,2,96,1,6,96,7,110,0,10,10,120
06/21/2005,CWF,LA,ASW,CE,Federal Contract Tower,2,4,30,7,43,0,6,89,4,99,2,10,119,11,142,28,6,34,176
06/22/2005,CWF,LA,ASW,CE,Federal Contract Tower,2,4,6,41,53,0,4,88,11,103,2,8,94,52,156,0,64,64,220
06/23/2005,CWF,LA,ASW,CE,Federal Contract Tower,3,4,9,27,43,0,6,116,19,141,3,10,125,46,184,14,82,96,280
06/24/2005,CWF,LA,ASW,CE,Federal Contract Tower,3,4,18,18,43,0,0,95,9,104,3,4,113,27,147,16,4,20,167
06/25/2005,CWF,LA,ASW,CE,Federal Contract Tower,3,2,1,22,28,0,0,77,8,85,3,2,78,30,113,2,22,24,137
06/26/2005,CWF,LA,ASW,CE,Federal Contract Tower,0,0,4,6,10,0,0,55,0,55,0,0,59,6,65,0,0,0,65
06/27/2005,CWF,LA,ASW,CE,Federal Contract Tower,1,2,13,10,26,0,12,72,6,90,1,14,85,16,116,16,16,32,148
06/28/2005,CWF,LA,ASW,CE,Federal Contract Tower,2,5,10,13,30,0,9,122,0,131,2,14,132,13,161,0,38,38,199
06/29/2005,CWF,LA,ASW,CE,Federal Contract Tower,4,7,20,48,79,0,0,122,7,129,4,7,142,55,208,0,42,42,250
06/30/2005,CWF,LA,ASW,CE,Federal Contract Tower,3,6,36,34,79,0,0,136,0,136,3,6,172,34,215,34,56,90,305
07/01/2005,CWF,LA,ASW,CE,Federal Contract Tower,1,4,14,12,31,0,7,80,0,87,1,11,94,12,118,22,0,22,140
07/02/2005,CWF,LA,ASW,CE,Federal Contract Tower,1,2,2,1,6,0,0,57,0,57,1,2,59,1,63,0,0,0,63
07/03/2005,CWF,LA,ASW,CE,Federal Contract Tower,0,0,4,2,6,0,0,17,2,19,0,0,21,4,25,0,0,0,25
07/04/2005,CWF,LA,ASW,CE,Federal Contract Tower,0,0,2,0,2,0,0,1,0,1,0,0,3,0,3,0,0,0,3
07/05/2005,CWF,LA,ASW,CE,Federal Contract Tower,1,2,23,12,38,0,0,67,5,72,1,2,90,17,110,14,0,14,124
07/06/2005,CWF,LA,ASW,CE,Federal Contract Tower,3,4,8,0,15,0,0,68,0,68,3,4,76,0,83,14,0,14,97
07/07/2005,CWF,LA,ASW,CE,Federal Contract Tower,3,4,24,8,39,0,0,105,1,106,3,4,129,9,145,24,26,50,195
07/08/2005,CWF,LA,ASW,CE,Federal Contract Tower,2,4,3,33,42,0,0,79,5,84,2,4,82,38,126,36,18,54,180
07/09/2005,CWF,LA,ASW,CE,Federal Contract Tower,2,2,0,10,14,0,0,80,6,86,2,2,80,16,100,0,4,4,104
07/10/2005,CWF,LA,ASW,CE,Federal Contract Tower,0,0,0,7,7,0,0,58,0,58,0,0,58,7,65,0,0,0,65
07/11/2005,CWF,LA,ASW,CE,Federal Contract Tower,1,2,9,3,15,0,2,93,1,96,1,4,102,4,111,0,0,0,111
07/12/2005,CWF,LA,ASW,CE,Federal Contract Tower,1,4,4,12,21,0,3,66,4,73,1,7,70,16,94,14,10,24,118
07/13/2005,CWF,LA,ASW,CE,Federal Contract Tower,3,4,8,3,18,0,8,69,7,84,3,12,77,10,102,0,0,0,102
07/14/2005,CWF,LA,ASW,CE,Federal Contract Tower,5,4,10,0,19,0,0,36,0,36,5,4,46,0,55,0,0,0,55
07/15/2005,CWF,LA,ASW,CE,Federal Contract Tower,2,9,24,2,37,0,0,95,0,95,2,9,119,2,132,0,0,0,132
07/16/2005,CWF,LA,ASW,CE,Federal Contract Tower,1,5,10,22,38,0,0,96,0,96,1,5,106,22,134,10,60,70,204
07/17/2005,CWF,LA,ASW,CE,Federal Contract Tower,0,0,4,1,5,0,1,85,2,88,0,1,89,3,93,10,2,12,105
07/18/2005,CWF,LA,ASW,CE,Federal Contract Tower,1,2,10,30,43,0,8,96,6,110,1,10,106,36,153,0,48,48,201
07/19/2005,CWF,LA,ASW,CE,Federal Contract Tower,2,4,18,10,34,0,1,121,0,122,2,5,139,10,156,8,6,14,170
07/20/2005,CWF,LA,ASW,CE,Federal Contract Tower,2,6,13,10,31,0,10,88,2,100,2,16,101,12,131,12,32,44,175
07/21/2005,CWF,LA,ASW,CE,Federal Contract Tower,2,4,30,34,70,0,2,125,19,146,2,6,155,53,216,44,58,102,318
07/22/2005,CWF,LA,ASW,CE,Federal Contract Tower,2,12,34,64,112,0,0,88,26,114,2,12,122,90,226,10,134,144,370
07/23/2005,CWF,LA,ASW,CE,Federal Contract Tower,1,4,4,0,9,0,0,77,2,79,1,4,81,2,88,0,10,10,98
07/24/2005,CWF,LA,ASW,CE,Federal Contract Tower,1,2,8,51,62,0,0,97,0,97,1,2,105,51,159,12,118,130,289
07/25/2005,CWF,LA,ASW,CE,Federal Contract Tower,1,1,12,38,52,0,0,147,5,152,1,1,159,43,204,12,88,100,304
07/26/2005,CWF,LA,ASW,CE,Federal Contract Tower,3,4,13,23,43,0,5,91,4,100,3,9,104,27,143,24,46,70,213
07/27/2005,CWF,LA,ASW,CE,Federal Contract Tower,2,4,8,37,51,0,2,71,22,95,2,6,79,59,146,0,64,64,210
07/28/2005,CWF,LA,ASW,CE,Federal Contract Tower,2,4,16,23,45,1,9,75,23,108,3,13,91,46,153,0,42,42,195
07/29/2005,CWF,LA,ASW,CE,Federal Contract Tower,2,4,8,62,76,0,0,85,20,105,2,4,93,82,181,10,104,114,295
07/30/2005,CWF,LA,ASW,CE,Federal Contract Tower,1,2,7,20,30,0,0,34,31,65,1,2,41,51,95,0,80,80,175
07/31/2005,CWF,LA,ASW,CE,Federal Contract Tower,0,1,3,12,16,0,0,86,6,92,0,1,89,18,108,0,32,32,140
08/01/2005,CWF,LA,ASW,CE,Federal Contract Tower,1,6,11,29,47,0,0,137,11,148,1,6,148,40,195,0,74,74,269
08/02/2005,CWF,LA,ASW,CE,Federal Contract Tower,2,4,23,15,44,0,10,137,8,155,2,14,160,23,199,30,0,30,229
08/03/2005,CWF,LA,ASW,CE,Federal Contract Tower,2,4,4,15,25,0,1,88,1,90,2,5,92,16,115,0,0,0,115
08/04/2005,CWF,LA,ASW,CE,Federal Contract Tower,2,3,4,7,16,0,2,79,7,88,2,5,83,14,104,2,6,8,112
08/05/2005,CWF,LA,ASW,CE,Federal Contract Tower,2,4,14,53,73,0,0,78,58,136,2,4,92,111,209,10,148,158,367
08/06/2005,CWF,LA,ASW,CE,Federal Contract Tower,1,2,6,34,43,0,0,70,30,100,1,2,76,64,143,0,108,108,251
08/07/2005,CWF,LA,ASW,CE,Federal Contract Tower,0,0,1,23,24,0,0,39,11,50,0,0,40,34,74,0,46,46,120
08/08/2005,CWF,LA,ASW,CE,Federal Contract Tower,1,2,3,18,24,0,6,93,21,120,1,8,96,39,144,0,70,70,214
08/09/2005,CWF,LA,ASW,CE,Federal Contract Tower,2,8,10,34,54,0,0,140,4,144,2,8,150,38,198,0,102,102,300
08/10/2005,CWF,LA,ASW,CE,Federal Contract Tower,3,4,10,54,71,0,4,115,46,165,3,8,125,100,236,2,130,132,368
08/11/2005,CWF,LA,ASW,CE,Federal Contract Tower,3,4,7,34,48,0,1,113,9,123,3,5,120,43,171,8,112,120,291
08/12/2005,CWF,LA,ASW,CE,Federal Contract Tower,2,4,7,39,52,0,0,82,12,94,2,4,89,51,146,0,50,50,196
08/13/2005,CWF,LA,ASW,CE,Federal Contract Tower,0,0,0,0,0,0,0,50,0,50,0,0,50,0,50,0,0,0,50
08/14/2005,CWF,LA,ASW,CE,Federal Contract Tower,0,0,0,0,0,0,4,12,0,16,0,4,12,0,16,0,0,0,16
08/15/2005,CWF,LA,ASW,CE,Federal Contract Tower,0,0,0,0,0,0,4,50,0,54,0,4,50,0,54,0,0,0,54
08/16/2005,CWF,LA,ASW,CE,Federal Contract Tower,0,0,0,0,0,0,8,42,0,50,0,8,42,0,50,0,0,0,50
08/17/2005,CWF,LA,ASW,CE,Federal Contract Tower,1,2,17,18,38,2,4,103,1,110,3,6,120,19,148,0,10,10,158
08/18/2005,CWF,LA,ASW,CE,Federal Contract Tower,5,4,12,33,54,1,0,97,13,111,6,4,109,46,165,0,72,72,237
08/19/2005,CWF,LA,ASW,CE,Federal Contract Tower,3,12,26,59,100,0,0,65,0,65,3,12,91,59,165,4,16,20,185
08/20/2005,CWF,LA,ASW,CE,Federal Contract Tower,1,8,8,52,69,0,0,85,0,85,1,8,93,52,154,4,86,90,244
08/21/2005,CWF,LA,ASW,CE,Federal Contract Tower,0,8,4,55,67,0,0,35,0,35,0,8,39,55,102,0,44,44,146
08/22/2005,CWF,LA,ASW,CE,Federal Contract Tower,1,3,3,24,31,0,3,90,5,98,1,6,93,29,129,0,14,14,143
08/23/2005,CWF,LA,ASW,CE,Federal Contract Tower,2,6,8,60,76,0,4,102,45,151,2,10,110,105,227,10,106,116,343
08/24/2005,CWF,LA,ASW,CE,Federal Contract Tower,3,23,24,70,120,0,0,89,15,104,3,23,113,85,224,2,166,168,392
08/25/2005,CWF,LA,ASW,CE,Federal Contract Tower,3,14,24,32,73,0,0,134,40,174,3,14,158,72,247,4,46,50,297
08/26/2005,CWF,LA,ASW,CE,Federal Contract Tower,0,6,6,29,41,0,0,111,18,129,0,6,117,47,170,8,44,52,222
08/27/2005,CWF,LA,ASW,CE,Federal Contract Tower,2,2,7,14,25,0,0,74,18,92,2,2,81,32,117,0,30,30,147
08/28/2005,CWF,LA,ASW,CE,Federal Contract Tower,1,0,1,7,9,0,0,48,0,48,1,0,49,7,57,0,8,8,65
08/29/2005,CWF,LA,ASW,CE,Federal Contract Tower,2,2,6,0,10,0,1,20,3,24,2,3,26,3,34,0,0,0,34
08/30/2005,CWF,LA,ASW,CE,Federal Contract Tower,2,4,9,23,38,0,6,128,24,158,2,10,137,47,196,0,14,14,210
08/31/2005,CWF,LA,ASW,CE,Federal Contract Tower,2,4,34,17,57,0,0,81,4,85,2,4,115,21,142,0,0,0,142
09/01/2005,CWF,LA,ASW,CE,Federal Contract Tower,2,4,22,9,37,0,0,110,3,113,2,4,132,12,150,4,2,6,156
09/02/2005,CWF,LA,ASW,CE,Federal Contract Tower,2,4,10,17,33,0,4,118,3,125,2,8,128,20,158,0,20,20,178
09/03/2005,CWF,LA,ASW,CE,Federal Contract Tower,1,4,3,5,13,0,1,77,3,81,1,5,80,8,94,0,0,0,94
09/04/2005,CWF,LA,ASW,CE,Federal Contract Tower,1,2,2,2,7,0,0,108,0,108,1,2,110,2,115,0,0,0,115
09/05/2005,CWF,LA,ASW,CE,Federal Contract Tower,0,0,3,8,11,0,2,81,4,87,0,2,84,12,98,0,0,0,98
09/06/2005,CWF,LA,ASW,CE,Federal Contract Tower,1,2,6,4,13,0,6,91,0,97,1,8,97,4,110,0,0,0,110
09/07/2005,CWF,LA,ASW,CE,Federal Contract Tower,7,4,13,28,52,0,8,91,10,109,7,12,104,38,161,0,80,80,241
09/08/2005,CWF,LA,ASW,CE,Federal Contract Tower,7,4,18,8,37,0,8,120,3,131,7,12,138,11,168,8,20,28,196
09/09/2005,CWF,LA,ASW,CE,Federal Contract Tower,5,4,19,0,28,0,0,97,4,101,5,4,116,4,129,0,0,0,129
09/10/2005,CWF,LA,ASW,CE,Federal Contract Tower,4,0,16,0,20,0,0,99,0,99,4,0,115,0,119,2,0,2,121
09/11/2005,CWF,LA,ASW,CE,Federal Contract Tower,1,0,2,0,3,0,0,80,0,80,1,0,82,0,83,0,0,0,83
09/12/2005,CWF,LA,ASW,CE,Federal Contract Tower,4,2,8,13,27,0,4,86,6,96,4,6,94,19,123,4,8,12,135
09/13/2005,CWF,LA,ASW,CE,Federal Contract Tower,6,3,12,2,23,1,5,124,3,133,7,8,136,5,156,0,0,0,156
09/14/2005,CWF,LA,ASW,CE,Federal Contract Tower,7,0,11,7,25,0,8,79,1,88,7,8,90,8,113,0,20,20,133
09/15/2005,CWF,LA,ASW,CE,Federal Contract Tower,4,0,14,15,33,0,8,129,1,138,4,8,143,16,171,0,30,30,201
09/16/2005,CWF,LA,ASW,CE,Federal Contract Tower,4,6,14,18,42,0,0,126,16,142,4,6,140,34,184,26,20,46,230
09/17/2005,CWF,LA,ASW,CE,Federal Contract Tower,2,2,8,4,16,0,0,107,5,112,2,2,115,9,128,0,28,28,156
09/18/2005,CWF,LA,ASW,CE,Federal Contract Tower,1,1,10,50,62,0,0,116,8,124,1,1,126,58,186,14,120,134,320
09/19/2005,CWF,LA,ASW,CE,Federal Contract Tower,3,6,10,33,52,0,0,138,0,138,3,6,148,33,190,4,44,48,238
09/20/2005,CWF,LA,ASW,CE,Federal Contract Tower,2,0,5,11,18,2,9,118,4,133,4,9,123,15,151,0,12,12,163
09/21/2005,CWF,LA,ASW,CE,Federal Contract Tower,0,0,0,0,0,0,0,0,0,0,0,0,0,0,0,0,0,0,0
09/22/2005,CWF,LA,ASW,CE,Federal Contract Tower,0,0,0,0,0,0,0,0,0,0,0,0,0,0,0,0,0,0,0
09/23/2005,CWF,LA,ASW,CE,Federal Contract Tower,0,0,0,0,0,0,0,0,0,0,0,0,0,0,0,0,0,0,0
09/24/2005,CWF,LA,ASW,CE,Federal Contract Tower,0,0,0,0,0,0,0,0,0,0,0,0,0,0,0,0,0,0,0
09/25/2005,CWF,LA,ASW,CE,Federal Contract Tower,0,0,0,0,0,0,0,0,0,0,0,0,0,0,0,0,0,0,0
09/26/2005,CWF,LA,ASW,CE,Federal Contract Tower,0,0,0,0,0,0,0,0,0,0,0,0,0,0,0,0,0,0,0
09/27/2005,CWF,LA,ASW,CE,Federal Contract Tower,0,0,0,0,0,0,0,0,0,0,0,0,0,0,0,0,0,0,0
09/28/2005,CWF,LA,ASW,CE,Federal Contract Tower,0,0,0,0,0,0,0,0,0,0,0,0,0,0,0,0,0,0,0
09/29/2005,CWF,LA,ASW,CE,Federal Contract Tower,0,0,0,0,0,0,0,0,0,0,0,0,0,0,0,0,0,0,0
09/30/2005,CWF,LA,ASW,CE,Federal Contract Tower,0,0,0,0,0,0,0,0,0,0,0,0,0,0,0,0,0,0,0
10/01/2005,CWF,LA,ASW,CE,Federal Contract Tower,0,0,98,10,108,0,4,12,0,16,0,4,110,10,124,0,0,0,124
10/02/2005,CWF,LA,ASW,CE,Federal Contract Tower,0,0,72,24,96,0,6,10,4,20,0,6,82,28,116,0,0,0,116
10/03/2005,CWF,LA,ASW,CE,Federal Contract Tower,0,0,68,54,122,0,8,8,0,16,0,8,76,54,138,0,16,16,154
10/04/2005,CWF,LA,ASW,CE,Federal Contract Tower,1,0,68,56,125,0,4,14,7,25,1,4,82,63,150,4,22,26,176
10/05/2005,CWF,LA,ASW,CE,Federal Contract Tower,1,0,78,64,143,0,6,20,10,36,1,6,98,74,179,0,36,36,215
10/06/2005,CWF,LA,ASW,CE,Federal Contract Tower,0,0,8,0,8,0,0,0,0,0,0,0,8,0,8,0,0,0,8
10/07/2005,CWF,LA,ASW,CE,Federal Contract Tower,6,0,68,24,98,0,8,24,0,32,6,8,92,24,130,0,0,0,130
10/08/2005,CWF,LA,ASW,CE,Federal Contract Tower,0,0,42,12,54,0,4,10,0,14,0,4,52,12,68,0,0,0,68
10/09/2005,CWF,LA,ASW,CE,Federal Contract Tower,1,0,64,38,103,0,4,15,8,27,1,4,79,46,130,6,20,26,156
10/10/2005,CWF,LA,ASW,CE,Federal Contract Tower,0,0,104,16,120,0,8,17,0,25,0,8,121,16,145,0,20,20,165
10/11/2005,CWF,LA,ASW,CE,Federal Contract Tower,0,4,114,24,142,0,6,17,5,28,0,10,131,29,170,0,46,46,216
10/12/2005,CWF,LA,ASW,CE,Federal Contract Tower,4,0,98,42,144,0,8,19,5,32,4,8,117,47,176,6,28,34,210
10/13/2005,CWF,LA,ASW,CE,Federal Contract Tower,2,0,122,24,148,0,4,12,0,16,2,4,134,24,164,6,30,36,200
10/14/2005,CWF,LA,ASW,CE,Federal Contract Tower,6,0,43,12,61,0,3,15,3,21,6,3,58,15,82,0,12,12,94
10/15/2005,CWF,LA,ASW,CE,Federal Contract Tower,4,2,52,16,74,0,6,13,4,23,4,8,65,20,97,0,14,14,111
10/16/2005,CWF,LA,ASW,CE,Federal Contract Tower,0,1,28,6,35,0,4,11,0,15,0,5,39,6,50,2,0,2,52
10/17/2005,CWF,LA,ASW,CE,Federal Contract Tower,0,0,68,10,78,0,4,14,0,18,0,4,82,10,96,0,4,4,100
10/18/2005,CWF,LA,ASW,CE,Federal Contract Tower,2,4,134,89,229,0,6,31,11,48,2,10,165,100,277,16,146,162,439
10/19/2005,CWF,LA,ASW,CE,Federal Contract Tower,0,0,112,14,126,0,6,20,6,32,0,6,132,20,158,46,42,88,246
10/20/2005,CWF,LA,ASW,CE,Federal Contract Tower,2,4,78,12,96,0,6,13,3,22,2,10,91,15,118,0,14,14,132
10/21/2005,CWF,LA,ASW,CE,Federal Contract Tower,0,0,100,24,124,0,1,12,2,15,0,1,112,26,139,16,44,60,199
10/22/2005,CWF,LA,ASW,CE,Federal Contract Tower,0,0,42,5,47,0,0,16,0,16,0,0,58,5,63,0,20,20,83
10/23/2005,CWF,LA,ASW,CE,Federal Contract Tower,0,0,32,38,70,0,2,16,6,24,0,2,48,44,94,0,6,6,100
10/24/2005,CWF,LA,ASW,CE,Federal Contract Tower,0,0,54,8,62,0,1,12,0,13,0,1,66,8,75,0,26,26,101
10/25/2005,CWF,LA,ASW,CE,Federal Contract Tower,0,0,108,14,122,0,8,22,6,36,0,8,130,20,158,0,22,22,180
10/26/2005,CWF,LA,ASW,CE,Federal Contract Tower,0,0,100,32,132,0,6,28,2,36,0,6,128,34,168,0,70,70,238
10/27/2005,CWF,LA,ASW,CE,Federal Contract Tower,0,0,89,23,112,0,8,21,0,29,0,8,110,23,141,0,20,20,161
10/28/2005,CWF,LA,ASW,CE,Federal Contract Tower,0,4,74,48,126,0,6,20,9,35,0,10,94,57,161,0,52,52,213
10/29/2005,CWF,LA,ASW,CE,Federal Contract Tower,0,0,62,14,76,0,4,22,4,30,0,4,84,18,106,0,40,40,146
10/30/2005,CWF,LA,ASW,CE,Federal Contract Tower,0,0,58,22,80,0,4,15,0,19,0,4,73,22,99,0,50,50,149
10/31/2005,CWF,LA,ASW,CE,Federal Contract Tower,0,1,72,10,83,0,4,13,0,17,0,5,85,10,100,0,6,6,106
11/01/2005,CWF,LA,ASW,CE,Federal Contract Tower,1,2,96,16,115,0,8,7,0,15,1,10,103,16,130,0,0,0,130
11/02/2005,CWF,LA,ASW,CE,Federal Contract Tower,0,0,110,30,140,0,8,6,8,22,0,8,116,38,162,0,60,60,222
11/03/2005,CWF,LA,ASW,CE,Federal Contract Tower,0,0,124,40,164,0,8,14,7,29,0,8,138,47,193,16,66,82,275
11/04/2005,CWF,LA,ASW,CE,Federal Contract Tower,0,0,98,92,190,0,6,14,6,26,0,6,112,98,216,10,116,126,342
11/05/2005,CWF,LA,ASW,CE,Federal Contract Tower,1,1,42,50,94,0,2,8,8,18,1,3,50,58,112,0,76,76,188
11/06/2005,CWF,LA,ASW,CE,Federal Contract Tower,0,0,52,16,68,0,2,12,0,14,0,2,64,16,82,0,32,32,114
11/07/2005,CWF,LA,ASW,CE,Federal Contract Tower,0,0,74,30,104,0,4,11,6,21,0,4,85,36,125,0,70,70,195
11/08/2005,CWF,LA,ASW,CE,Federal Contract Tower,0,0,62,40,102,0,6,9,7,22,0,6,71,47,124,0,20,20,144
11/09/2005,CWF,LA,ASW,CE,Federal Contract Tower,0,8,60,14,82,0,8,10,4,22,0,16,70,18,104,0,40,40,144
11/10/2005,CWF,LA,ASW,CE,Federal Contract Tower,0,0,54,40,94,0,0,8,8,16,0,0,62,48,110,0,60,60,170
11/11/2005,CWF,LA,ASW,CE,Federal Contract Tower,0,0,89,12,101,0,4,11,0,15,0,4,100,12,116,0,10,10,126
11/12/2005,CWF,LA,ASW,CE,Federal Contract Tower,0,0,58,20,78,0,0,10,2,12,0,0,68,22,90,0,30,30,120
11/13/2005,CWF,LA,ASW,CE,Federal Contract Tower,0,0,42,30,72,0,2,10,8,20,0,2,52,38,92,0,40,40,132
11/14/2005,CWF,LA,ASW,CE,Federal Contract Tower,0,0,48,9,57,0,4,10,0,14,0,4,58,9,71,0,0,0,71
11/15/2005,CWF,LA,ASW,CE,Federal Contract Tower,0,0,82,25,107,0,4,9,2,15,0,4,91,27,122,0,70,70,192
11/16/2005,CWF,LA,ASW,CE,Federal Contract Tower,0,3,64,26,93,0,6,10,0,16,0,9,74,26,109,0,12,12,121
11/17/2005,CWF,LA,ASW,CE,Federal Contract Tower,0,0,54,30,84,0,7,9,2,18,0,7,63,32,102,0,16,16,118
11/18/2005,CWF,LA,ASW,CE,Federal Contract Tower,0,0,98,89,187,0,8,5,1,14,0,8,103,90,201,0,76,76,277
11/19/2005,CWF,LA,ASW,CE,Federal Contract Tower,1,0,28,8,37,0,2,1,0,3,1,2,29,8,40,0,4,4,44
11/20/2005,CWF,LA,ASW,CE,Federal Contract Tower,0,4,65,16,85,0,8,11,0,19,0,12,76,16,104,0,40,40,144
11/21/2005,CWF,LA,ASW,CE,Federal Contract Tower,1,0,82,14,97,0,6,11,0,17,1,6,93,14,114,0,16,16,130
11/22/2005,CWF,LA,ASW,CE,Federal Contract Tower,0,5,118,56,179,0,8,15,5,28,0,13,133,61,207,26,78,104,311
11/23/2005,CWF,LA,ASW,CE,Federal Contract Tower,0,0,29,0,29,0,4,10,0,14,0,4,39,0,43,0,0,0,43
11/24/2005,CWF,LA,ASW,CE,Federal Contract Tower,0,0,15,0,15,0,0,0,0,0,0,0,15,0,15,0,0,0,15
11/25/2005,CWF,LA,ASW,CE,Federal Contract Tower,0,0,39,14,53,0,8,11,0,19,0,8,50,14,72,0,30,30,102
11/26/2005,CWF,LA,ASW,CE,Federal Contract Tower,0,0,4,1,5,0,0,0,0,0,0,0,4,1,5,0,0,0,5
11/27/2005,CWF,LA,ASW,CE,Federal Contract Tower,1,0,36,0,37,0,0,8,0,8,1,0,44,0,45,10,0,10,55
11/28/2005,CWF,LA,ASW,CE,Federal Contract Tower,0,10,61,15,86,0,0,5,0,5,0,10,66,15,91,6,20,26,117
11/29/2005,CWF,LA,ASW,CE,Federal Contract Tower,0,4,94,20,118,0,6,8,2,16,0,10,102,22,134,0,26,26,160
11/30/2005,CWF,LA,ASW,CE,Federal Contract Tower,0,0,71,20,91,0,4,10,2,16,0,4,81,22,107,0,30,30,137
12/01/2005,CWF,LA,ASW,CE,Federal Contract Tower,0,6,42,22,70,0,8,17,3,28,0,14,59,25,98,0,50,50,148
12/02/2005,CWF,LA,ASW,CE,Federal Contract Tower,0,0,54,78,132,0,0,11,5,16,0,0,65,83,148,2,50,52,200
12/03/2005,CWF,LA,ASW,CE,Federal Contract Tower,0,0,12,16,28,0,0,0,0,0,0,0,12,16,28,0,4,4,32
12/04/2005,CWF,LA,ASW,CE,Federal Contract Tower,0,0,22,14,36,0,0,0,0,0,0,0,22,14,36,0,0,0,36
12/05/2005,CWF,LA,ASW,CE,Federal Contract Tower,1,8,79,38,126,0,0,0,0,0,1,8,79,38,126,0,50,50,176
12/06/2005,CWF,LA,ASW,CE,Federal Contract Tower,1,6,100,4,111,0,0,12,47,59,1,6,112,51,170,0,70,70,240
12/07/2005,CWF,LA,ASW,CE,Federal Contract Tower,0,2,64,17,83,0,0,20,0,20,0,2,84,17,103,0,10,10,113
12/08/2005,CWF,LA,ASW,CE,Federal Contract Tower,0,2,62,23,87,0,0,13,0,13,0,2,75,23,100,0,2,2,102
12/09/2005,CWF,LA,ASW,CE,Federal Contract Tower,4,0,58,36,98,0,6,17,3,26,4,6,75,39,124,2,2,4,128
12/10/2005,CWF,LA,ASW,CE,Federal Contract Tower,1,0,20,5,26,0,0,2,0,2,1,0,22,5,28,0,0,0,28
12/11/2005,CWF,LA,ASW,CE,Federal Contract Tower,0,0,20,22,42,0,0,4,0,4,0,0,24,22,46,0,20,20,66
12/12/2005,CWF,LA,ASW,CE,Federal Contract Tower,0,0,58,16,74,0,8,15,0,23,0,8,73,16,97,0,12,12,109
12/13/2005,CWF,LA,ASW,CE,Federal Contract Tower,0,3,89,60,152,0,8,11,8,27,0,11,100,68,179,14,20,34,213
12/14/2005,CWF,LA,ASW,CE,Federal Contract Tower,0,0,24,2,26,0,0,4,0,4,0,0,28,2,30,0,0,0,30
12/15/2005,CWF,LA,ASW,CE,Federal Contract Tower,1,0,100,58,159,0,8,20,3,31,1,8,120,61,190,0,64,64,254
12/16/2005,CWF,LA,ASW,CE,Federal Contract Tower,0,0,42,64,106,0,0,16,14,30,0,0,58,78,136,12,58,70,206
12/17/2005,CWF,LA,ASW,CE,Federal Contract Tower,0,0,10,0,10,0,0,5,0,5,0,0,15,0,15,0,0,0,15
12/18/2005,CWF,LA,ASW,CE,Federal Contract Tower,0,1,20,7,28,0,0,4,0,4,0,1,24,7,32,0,0,0,32
12/19/2005,CWF,LA,ASW,CE,Federal Contract Tower,0,0,30,23,53,0,4,7,0,11,0,4,37,23,64,18,40,58,122
12/20/2005,CWF,LA,ASW,CE,Federal Contract Tower,3,8,50,30,91,0,8,6,0,14,3,16,56,30,105,12,18,30,135
12/21/2005,CWF,LA,ASW,CE,Federal Contract Tower,0,0,76,30,106,0,2,5,1,8,0,2,81,31,114,0,20,20,134
12/22/2005,CWF,LA,ASW,CE,Federal Contract Tower,0,0,101,42,143,0,6,10,6,22,0,6,111,48,165,8,66,74,239
12/23/2005,CWF,LA,ASW,CE,Federal Contract Tower,0,0,30,0,30,0,0,8,0,8,0,0,38,0,38,0,0,0,38
12/24/2005,CWF,LA,ASW,CE,Federal Contract Tower,0,0,12,0,12,0,0,8,0,8,0,0,20,0,20,0,0,0,20
12/25/2005,CWF,LA,ASW,CE,Federal Contract Tower,0,0,10,0,10,0,0,0,0,0,0,0,10,0,10,0,0,0,10
12/26/2005,CWF,LA,ASW,CE,Federal Contract Tower,0,0,12,0,12,0,2,4,0,6,0,2,16,0,18,0,0,0,18
12/27/2005,CWF,LA,ASW,CE,Federal Contract Tower,0,8,40,8,56,0,0,0,0,0,0,8,40,8,56,0,12,12,68
12/28/2005,CWF,LA,ASW,CE,Federal Contract Tower,0,0,68,24,92,0,4,13,1,18,0,4,81,25,110,0,30,30,140
12/29/2005,CWF,LA,ASW,CE,Federal Contract Tower,0,7,64,16,87,0,7,18,0,25,0,14,82,16,112,16,38,54,166
12/30/2005,CWF,LA,ASW,CE,Federal Contract Tower,0,0,82,0,82,0,7,8,0,15,0,7,90,0,97,4,0,4,101
12/31/2005,CWF,LA,ASW,CE,Federal Contract Tower,0,0,24,0,24,0,0,4,0,4,0,0,28,0,28,0,2,2,30
01/01/2006,CWF,LA,ASW,CE,Federal Contract Tower,0,0,4,0,4,0,2,0,0,2,0,2,4,0,6,0,0,0,6
01/02/2006,CWF,LA,ASW,CE,Federal Contract Tower,0,0,14,2,16,0,0,0,0,0,0,0,14,2,16,0,0,0,16
01/03/2006,CWF,LA,ASW,CE,Federal Contract Tower,0,2,68,10,80,0,7,10,0,17,0,9,78,10,97,8,10,18,115
01/04/2006,CWF,LA,ASW,CE,Federal Contract Tower,0,6,46,10,62,0,6,13,0,19,0,12,59,10,81,6,10,16,97
01/05/2006,CWF,LA,ASW,CE,Federal Contract Tower,0,0,58,38,96,0,8,8,3,19,0,8,66,41,115,10,56,66,181
01/06/2006,CWF,LA,ASW,CE,Federal Contract Tower,0,0,112,58,170,0,4,22,5,31,0,4,134,63,201,60,90,150,351
01/07/2006,CWF,LA,ASW,CE,Federal Contract Tower,0,0,89,36,125,0,0,2,3,5,0,0,91,39,130,0,54,54,184
01/08/2006,CWF,LA,ASW,CE,Federal Contract Tower,0,0,68,30,98,0,0,10,5,15,0,0,78,35,113,6,42,48,161
01/09/2006,CWF,LA,ASW,CE,Federal Contract Tower,0,0,96,40,136,0,4,13,6,23,0,4,109,46,159,0,34,34,193
01/10/2006,CWF,LA,ASW,CE,Federal Contract Tower,1,0,60,26,87,0,0,4,0,4,1,0,64,26,91,0,22,22,113
01/11/2006,CWF,LA,ASW,CE,Federal Contract Tower,1,2,60,20,83,0,6,5,3,14,1,8,65,23,97,8,22,30,127
01/12/2006,CWF,LA,ASW,CE,Federal Contract Tower,0,4,70,44,118,0,6,7,5,18,0,10,77,49,136,10,54,64,200
01/13/2006,CWF,LA,ASW,CE,Federal Contract Tower,1,0,62,56,119,0,0,4,4,8,1,0,66,60,127,0,32,32,159
01/14/2006,CWF,LA,ASW,CE,Federal Contract Tower,0,0,58,22,80,0,0,3,1,4,0,0,61,23,84,20,0,20,104
01/15/2006,CWF,LA,ASW,CE,Federal Contract Tower,0,4,44,8,56,0,0,4,0,4,0,4,48,8,60,0,10,10,70
01/16/2006,CWF,LA,ASW,CE,Federal Contract Tower,2,2,58,14,76,0,6,8,3,17,2,8,66,17,93,0,0,0,93
01/17/2006,CWF,LA,ASW,CE,Federal Contract Tower,0,0,64,9,73,0,0,10,0,10,0,0,74,9,83,6,6,12,95
01/18/2006,CWF,LA,ASW,CE,Federal Contract Tower,1,4,78,24,107,0,6,6,3,15,1,10,84,27,122,30,40,70,192
01/19/2006,CWF,LA,ASW,CE,Federal Contract Tower,1,8,48,10,67,0,0,3,3,6,1,8,51,13,73,8,24,32,105
01/20/2006,CWF,LA,ASW,CE,Federal Contract Tower,0,4,78,118,200,0,0,8,9,17,0,4,86,127,217,20,50,70,287
01/21/2006,CWF,LA,ASW,CE,Federal Contract Tower,0,0,54,3,57,0,0,7,0,7,0,0,61,3,64,0,0,0,64
01/22/2006,CWF,LA,ASW,CE,Federal Contract Tower,0,0,36,5,41,0,0,4,0,4,0,0,40,5,45,0,0,0,45
01/23/2006,CWF,LA,ASW,CE,Federal Contract Tower,1,0,89,44,134,0,0,3,5,8,1,0,92,49,142,0,4,4,146
01/24/2006,CWF,LA,ASW,CE,Federal Contract Tower,0,0,89,68,157,0,4,5,4,13,0,4,94,72,170,22,40,62,232
01/25/2006,CWF,LA,ASW,CE,Federal Contract Tower,0,2,90,34,126,0,6,5,3,14,0,8,95,37,140,0,12,12,152
01/26/2006,CWF,LA,ASW,CE,Federal Contract Tower,0,5,50,40,95,0,6,6,2,14,0,11,56,42,109,30,42,72,181
01/27/2006,CWF,LA,ASW,CE,Federal Contract Tower,0,0,78,52,130,0,8,7,2,17,0,8,85,54,147,72,98,170,317
01/28/2006,CWF,LA,ASW,CE,Federal Contract Tower,5,0,4,0,9,0,0,0,0,0,5,0,4,0,9,0,0,0,9
01/29/2006,CWF,LA,ASW,CE,Federal Contract Tower,0,0,48,26,74,0,0,3,0,3,0,0,51,26,77,0,16,16,93
01/30/2006,CWF,LA,ASW,CE,Federal Contract Tower,1,0,64,20,85,0,0,6,4,10,1,0,70,24,95,0,6,6,101
01/31/2006,CWF,LA,ASW,CE,Federal Contract Tower,1,0,89,58,148,0,8,2,4,14,1,8,91,62,162,8,60,68,230
02/01/2006,CWF,LA,ASW,CE,Federal Contract Tower,0,2,64,26,92,0,6,11,2,19,0,8,75,28,111,4,18,22,133
02/02/2006,CWF,LA,ASW,CE,Federal Contract Tower,0,0,78,10,88,0,6,10,0,16,0,6,88,10,104,0,0,0,104
02/03/2006,CWF,LA,ASW,CE,Federal Contract Tower,0,0,60,22,82,0,4,10,0,14,0,4,70,22,96,0,16,16,112
02/04/2006,CWF,LA,ASW,CE,Federal Contract Tower,0,0,30,52,82,0,0,10,5,15,0,0,40,57,97,0,78,78,175
02/05/2006,CWF,LA,ASW,CE,Federal Contract Tower,0,0,24,8,32,0,4,5,0,9,0,4,29,8,41,0,2,2,43
02/06/2006,CWF,LA,ASW,CE,Federal Contract Tower,0,0,78,46,124,0,0,6,6,12,0,0,84,52,136,0,0,0,136
02/07/2006,CWF,LA,ASW,CE,Federal Contract Tower,0,8,104,118,230,0,6,16,9,31,0,14,120,127,261,18,156,174,435
02/08/2006,CWF,LA,ASW,CE,Federal Contract Tower,4,2,96,38,140,0,6,7,10,23,4,8,103,48,163,12,10,22,185
02/09/2006,CWF,LA,ASW,CE,Federal Contract Tower,1,2,89,94,186,0,6,6,7,19,1,8,95,101,205,22,56,78,283
02/10/2006,CWF,LA,ASW,CE,Federal Contract Tower,0,0,20,8,28,0,0,8,0,8,0,0,28,8,36,0,0,0,36
02/11/2006,CWF,LA,ASW,CE,Federal Contract Tower,4,0,34,30,68,0,0,8,7,15,4,0,42,37,83,0,14,14,97
02/12/2006,CWF,LA,ASW,CE,Federal Contract Tower,11,0,28,30,69,0,0,6,3,9,11,0,34,33,78,10,36,46,124
02/13/2006,CWF,LA,ASW,CE,Federal Contract Tower,4,4,58,36,102,0,5,10,4,19,4,9,68,40,121,46,20,66,187
02/14/2006,CWF,LA,ASW,CE,Federal Contract Tower,6,8,86,56,156,0,6,7,8,21,6,14,93,64,177,0,48,48,225
02/15/2006,CWF,LA,ASW,CE,Federal Contract Tower,2,0,84,12,98,0,6,10,0,16,2,6,94,12,114,0,0,0,114
02/16/2006,CWF,LA,ASW,CE,Federal Contract Tower,0,0,92,28,120,0,4,9,5,18,0,4,101,33,138,0,40,40,178
02/17/2006,CWF,LA,ASW,CE,Federal Contract Tower,3,0,26,8,37,0,0,5,0,5,3,0,31,8,42,0,0,0,42
02/18/2006,CWF,LA,ASW,CE,Federal Contract Tower,0,0,1,0,1,0,0,0,0,0,0,0,1,0,1,0,0,0,1
02/19/2006,CWF,LA,ASW,CE,Federal Contract Tower,0,0,16,14,30,0,0,5,1,6,0,0,21,15,36,0,0,0,36
02/20/2006,CWF,LA,ASW,CE,Federal Contract Tower,1,0,6,0,7,0,2,0,0,2,1,2,6,0,9,0,0,0,9
02/21/2006,CWF,LA,ASW,CE,Federal Contract Tower,1,0,6,4,11,0,2,0,0,2,1,2,6,4,13,0,0,0,13
02/22/2006,CWF,LA,ASW,CE,Federal Contract Tower,0,0,62,28,90,0,0,9,4,13,0,0,71,32,103,6,0,6,109
02/23/2006,CWF,LA,ASW,CE,Federal Contract Tower,0,0,68,38,106,0,0,5,6,11,0,0,73,44,117,0,56,56,173
02/24/2006,CWF,LA,ASW,CE,Federal Contract Tower,0,0,68,46,114,0,0,5,8,13,0,0,73,54,127,16,36,52,179
02/25/2006,CWF,LA,ASW,CE,Federal Contract Tower,0,0,6,11,17,0,0,0,0,0,0,0,6,11,17,0,0,0,17
02/26/2006,CWF,LA,ASW,CE,Federal Contract Tower,0,0,28,30,58,0,4,6,2,12,0,4,34,32,70,12,10,22,92
02/27/2006,CWF,LA,ASW,CE,Federal Contract Tower,0,0,34,46,80,0,0,9,8,17,0,0,43,54,97,0,24,24,121
02/28/2006,CWF,LA,ASW,CE,Federal Contract Tower,0,2,42,30,74,0,6,7,2,15,0,8,49,32,89,46,12,58,147
03/01/2006,CWF,LA,ASW,CE,Federal Contract Tower,0,0,78,68,146,0,4,15,7,26,0,4,93,75,172,38,72,110,282
03/02/2006,CWF,LA,ASW,CE,Federal Contract Tower,14,0,58,52,124,0,6,12,5,23,14,6,70,57,147,4,74,78,225
03/03/2006,CWF,LA,ASW,CE,Federal Contract Tower,0,0,98,130,228,0,8,10,10,28,0,8,108,140,256,4,124,128,384
03/04/2006,CWF,LA,ASW,CE,Federal Contract Tower,1,0,58,0,59,0,4,17,0,21,1,4,75,0,80,30,0,30,110
03/05/2006,CWF,LA,ASW,CE,Federal Contract Tower,0,0,89,88,177,0,2,14,6,22,0,2,103,94,199,28,78,106,305
03/06/2006,CWF,LA,ASW,CE,Federal Contract Tower,0,0,54,16,70,0,0,7,0,7,0,0,61,16,77,10,20,30,107
03/07/2006,CWF,LA,ASW,CE,Federal Contract Tower,0,0,30,42,72,0,0,0,1,1,0,0,30,43,73,2,20,22,95
03/08/2006,CWF,LA,ASW,CE,Federal Contract Tower,4,2,20,23,49,0,6,5,0,11,4,8,25,23,60,20,2,22,82
03/09/2006,CWF,LA,ASW,CE,Federal Contract Tower,1,0,60,30,91,0,0,6,4,10,1,0,66,34,101,10,50,60,161
03/10/2006,CWF,LA,ASW,CE,Federal Contract Tower,1,0,54,32,87,0,0,11,5,16,1,0,65,37,103,0,20,20,123
03/11/2006,CWF,LA,ASW,CE,Federal Contract Tower,0,0,62,34,96,0,4,8,4,16,0,4,70,38,112,0,12,12,124
03/12/2006,CWF,LA,ASW,CE,Federal Contract Tower,0,0,34,15,49,0,0,12,0,12,0,0,46,15,61,0,0,0,61
03/13/2006,CWF,LA,ASW,CE,Federal Contract Tower,6,0,48,26,80,0,2,6,12,20,6,2,54,38,100,0,0,0,100
03/14/2006,CWF,LA,ASW,CE,Federal Contract Tower,1,4,84,20,109,0,6,6,2,14,1,10,90,22,123,2,18,20,143
03/15/2006,CWF,LA,ASW,CE,Federal Contract Tower,0,1,54,11,66,0,4,6,0,10,0,5,60,11,76,20,0,20,96
03/16/2006,CWF,LA,ASW,CE,Federal Contract Tower,0,0,30,20,50,0,4,7,0,11,0,4,37,20,61,0,0,0,61
03/17/2006,CWF,LA,ASW,CE,Federal Contract Tower,3,0,72,70,145,0,0,8,0,8,3,0,80,70,153,10,58,68,221
03/18/2006,CWF,LA,ASW,CE,Federal Contract Tower,3,0,42,40,85,0,0,12,3,15,3,0,54,43,100,0,10,10,110
03/19/2006,CWF,LA,ASW,CE,Federal Contract Tower,1,0,52,38,91,0,0,14,4,18,1,0,66,42,109,0,32,32,141
03/20/2006,CWF,LA,ASW,CE,Federal Contract Tower,1,0,28,18,47,0,0,4,0,4,1,0,32,18,51,0,0,0,51
03/21/2006,CWF,LA,ASW,CE,Federal Contract Tower,1,2,72,68,143,0,6,14,10,30,1,8,86,78,173,6,54,60,233
03/22/2006,CWF,LA,ASW,CE,Federal Contract Tower,1,0,70,36,107,0,4,10,7,21,1,4,80,43,128,40,18,58,186
03/23/2006,CWF,LA,ASW,CE,Federal Contract Tower,0,0,52,54,106,0,6,7,14,27,0,6,59,68,133,2,46,48,181
03/24/2006,CWF,LA,ASW,CE,Federal Contract Tower,0,0,20,22,42,0,0,2,4,6,0,0,22,26,48,0,36,36,84
03/25/2006,CWF,LA,ASW,CE,Federal Contract Tower,0,0,34,32,66,0,0,8,4,12,0,0,42,36,78,0,20,20,98
03/26/2006,CWF,LA,ASW,CE,Federal Contract Tower,0,0,30,38,68,0,0,6,4,10,0,0,36,42,78,0,10,10,88
03/27/2006,CWF,LA,ASW,CE,Federal Contract Tower,0,0,78,84,162,0,0,12,7,19,0,0,90,91,181,20,70,90,271
03/28/2006,CWF,LA,ASW,CE,Federal Contract Tower,0,0,38,2,40,0,4,11,0,15,0,4,49,2,55,0,0,0,55
03/29/2006,CWF,LA,ASW,CE,Federal Contract Tower,0,2,48,7,57,0,6,3,0,9,0,8,51,7,66,10,0,10,76
03/30/2006,CWF,LA,ASW,CE,Federal Contract Tower,0,0,45,36,81,0,2,5,2,9,0,2,50,38,90,6,49,55,145
03/31/2006,CWF,LA,ASW,CE,Federal Contract Tower,0,4,68,66,138,0,6,11,10,27,0,10,79,76,165,2,76,78,243
04/01/2006,CWF,LA,ASW,CE,Federal Contract Tower,0,0,8,19,27,0,4,0,0,4,0,4,8,19,31,0,18,18,49
04/02/2006,CWF,LA,ASW,CE,Federal Contract Tower,1,0,18,30,49,0,0,0,0,0,1,0,18,30,49,0,26,26,75
04/03/2006,CWF,LA,ASW,CE,Federal Contract Tower,6,0,38,10,54,0,5,0,0,5,6,5,38,10,59,18,0,18,77
04/04/2006,CWF,LA,ASW,CE,Federal Contract Tower,6,2,100,78,186,0,0,25,10,35,6,2,125,88,221,26,76,102,323
04/05/2006,CWF,LA,ASW,CE,Federal Contract Tower,8,0,64,12,84,0,2,16,0,18,8,2,80,12,102,0,0,0,102
04/06/2006,CWF,LA,ASW,CE,Federal Contract Tower,1,2,56,58,117,0,5,23,10,38,1,7,79,68,155,8,126,134,289
04/07/2006,CWF,LA,ASW,CE,Federal Contract Tower,0,0,38,78,116,0,0,12,12,24,0,0,50,90,140,0,52,52,192
04/08/2006,CWF,LA,ASW,CE,Federal Contract Tower,0,0,48,54,102,0,0,4,14,18,0,0,52,68,120,0,66,66,186
04/09/2006,CWF,LA,ASW,CE,Federal Contract Tower,0,0,23,12,35,0,0,0,0,0,0,0,23,12,35,12,6,18,53
04/10/2006,CWF,LA,ASW,CE,Federal Contract Tower,1,8,54,58,121,0,7,13,7,27,1,15,67,65,148,14,50,64,212
04/11/2006,CWF,LA,ASW,CE,Federal Contract Tower,2,2,48,44,96,0,7,8,14,29,2,9,56,58,125,0,81,81,206
04/12/2006,CWF,LA,ASW,CE,Federal Contract Tower,0,0,78,54,132,0,4,7,11,22,0,4,85,65,154,1,29,30,184
04/13/2006,CWF,LA,ASW,CE,Federal Contract Tower,4,0,62,41,107,0,0,18,0,18,4,0,80,41,125,14,0,14,139
04/14/2006,CWF,LA,ASW,CE,Federal Contract Tower,2,0,48,11,61,0,0,0,0,0,2,0,48,11,61,0,6,6,67
04/15/2006,CWF,LA,ASW,CE,Federal Contract Tower,2,0,43,4,49,0,0,0,0,0,2,0,43,4,49,0,0,0,49
04/16/2006,CWF,LA,ASW,CE,Federal Contract Tower,1,0,20,4,25,0,0,7,0,7,1,0,27,4,32,4,0,4,36
04/17/2006,CWF,LA,ASW,CE,Federal Contract Tower,1,0,48,44,93,0,0,15,9,24,1,0,63,53,117,0,30,30,147
04/18/2006,CWF,LA,ASW,CE,Federal Contract Tower,1,0,52,54,107,0,8,14,12,34,1,8,66,66,141,0,4,4,145
04/19/2006,CWF,LA,ASW,CE,Federal Contract Tower,0,0,88,26,114,0,4,14,2,20,0,4,102,28,134,0,2,2,136
04/20/2006,CWF,LA,ASW,CE,Federal Contract Tower,0,0,86,58,144,0,2,16,6,24,0,2,102,64,168,10,32,42,210
04/21/2006,CWF,LA,ASW,CE,Federal Contract Tower,0,0,48,2,50,0,1,5,0,6,0,1,53,2,56,4,0,4,60
04/22/2006,CWF,LA,ASW,CE,Federal Contract Tower,6,0,76,2,84,0,0,7,0,7,6,0,83,2,91,14,0,14,105
04/23/2006,CWF,LA,ASW,CE,Federal Contract Tower,1,0,38,6,45,0,0,11,0,11,1,0,49,6,56,0,2,2,58
04/24/2006,CWF,LA,ASW,CE,Federal Contract Tower,1,0,42,28,71,0,2,9,0,11,1,2,51,28,82,0,6,6,88
04/25/2006,CWF,LA,ASW,CE,Federal Contract Tower,0,2,44,36,82,0,0,13,3,16,0,2,57,39,98,8,0,8,106
04/26/2006,CWF,LA,ASW,CE,Federal Contract Tower,0,0,65,29,94,0,9,0,0,9,0,9,65,29,103,0,30,30,133
04/27/2006,CWF,LA,ASW,CE,Federal Contract Tower,0,2,46,38,86,0,6,69,22,97,0,8,115,60,183,24,40,64,247
04/28/2006,CWF,LA,ASW,CE,Federal Contract Tower,0,0,82,64,146,0,2,16,14,32,0,2,98,78,178,26,48,74,252
04/29/2006,CWF,LA,ASW,CE,Federal Contract Tower,0,0,0,0,0,0,0,0,0,0,0,0,0,0,0,0,0,0,0
04/30/2006,CWF,LA,ASW,CE,Federal Contract Tower,0,0,38,24,62,0,0,30,0,30,0,0,68,24,92,0,40,40,132
05/01/2006,CWF,LA,ASW,CE,Federal Contract Tower,1,0,108,15,124,0,5,13,0,18,1,5,121,15,142,50,7,57,199
05/02/2006,CWF,LA,ASW,CE,Federal Contract Tower,2,0,53,41,96,0,1,0,0,1,2,1,53,41,97,0,58,58,155
05/03/2006,CWF,LA,ASW,CE,Federal Contract Tower,0,0,32,28,60,0,8,15,0,23,0,8,47,28,83,18,28,46,129
05/04/2006,CWF,LA,ASW,CE,Federal Contract Tower,0,0,48,14,62,0,8,11,0,19,0,8,59,14,81,0,6,6,87
05/05/2006,CWF,LA,ASW,CE,Federal Contract Tower,0,0,32,48,80,0,4,7,5,16,0,4,39,53,96,8,0,8,104
05/06/2006,CWF,LA,ASW,CE,Federal Contract Tower,0,0,36,0,36,0,0,0,0,0,0,0,36,0,36,0,0,0,36
05/07/2006,CWF,LA,ASW,CE,Federal Contract Tower,0,0,33,28,61,0,0,0,0,0,0,0,33,28,61,0,0,0,61
05/08/2006,CWF,LA,ASW,CE,Federal Contract Tower,1,0,42,25,68,0,0,14,0,14,1,0,56,25,82,8,0,8,90
05/09/2006,CWF,LA,ASW,CE,Federal Contract Tower,1,0,48,17,66,0,0,0,0,0,1,0,48,17,66,0,8,8,74
05/10/2006,CWF,LA,ASW,CE,Federal Contract Tower,1,0,46,17,64,0,9,0,4,13,1,9,46,21,77,6,0,6,83
05/11/2006,CWF,LA,ASW,CE,Federal Contract Tower,0,0,78,46,124,0,8,9,2,19,0,8,87,48,143,24,18,42,185
05/12/2006,CWF,LA,ASW,CE,Federal Contract Tower,1,0,64,98,163,0,8,27,6,41,1,8,91,104,204,0,42,42,246
05/13/2006,CWF,LA,ASW,CE,Federal Contract Tower,0,0,54,40,94,0,4,9,1,14,0,4,63,41,108,12,36,48,156
05/14/2006,CWF,LA,ASW,CE,Federal Contract Tower,1,0,22,0,23,0,0,0,0,0,1,0,22,0,23,0,0,0,23
05/15/2006,CWF,LA,ASW,CE,Federal Contract Tower,0,0,68,42,110,0,8,15,9,32,0,8,83,51,142,4,48,52,194
05/16/2006,CWF,LA,ASW,CE,Federal Contract Tower,0,0,74,59,133,0,6,9,0,15,0,6,83,59,148,0,34,34,182
05/17/2006,CWF,LA,ASW,CE,Federal Contract Tower,0,0,76,32,108,0,8,13,0,21,0,8,89,32,129,12,10,22,151
05/18/2006,CWF,LA,ASW,CE,Federal Contract Tower,0,4,52,48,104,0,7,1,11,19,0,11,53,59,123,2,50,52,175
05/19/2006,CWF,LA,ASW,CE,Federal Contract Tower,2,4,62,60,128,0,6,3,2,11,2,10,65,62,139,4,30,34,173
05/20/2006,CWF,LA,ASW,CE,Federal Contract Tower,0,0,29,11,40,0,0,0,0,0,0,0,29,11,40,0,0,0,40
05/21/2006,CWF,LA,ASW,CE,Federal Contract Tower,0,0,75,38,113,0,0,0,0,0,0,0,75,38,113,0,22,22,135
05/22/2006,CWF,LA,ASW,CE,Federal Contract Tower,0,0,72,84,156,0,6,8,14,28,0,6,80,98,184,20,134,154,338
05/23/2006,CWF,LA,ASW,CE,Federal Contract Tower,0,2,89,25,116,0,7,0,0,7,0,9,89,25,123,56,24,80,203
05/24/2006,CWF,LA,ASW,CE,Federal Contract Tower,0,0,48,50,98,0,0,11,0,11,0,0,59,50,109,12,6,18,127
05/25/2006,CWF,LA,ASW,CE,Federal Contract Tower,2,0,58,38,98,0,4,6,0,10,2,4,64,38,108,0,40,40,148
05/26/2006,CWF,LA,ASW,CE,Federal Contract Tower,0,0,42,6,48,0,5,11,0,16,0,5,53,6,64,6,0,6,70
05/27/2006,CWF,LA,ASW,CE,Federal Contract Tower,0,0,23,0,23,0,0,0,0,0,0,0,23,0,23,0,0,0,23
05/28/2006,CWF,LA,ASW,CE,Federal Contract Tower,0,0,9,0,9,0,0,0,0,0,0,0,9,0,9,4,0,4,13
05/29/2006,CWF,LA,ASW,CE,Federal Contract Tower,1,0,7,0,8,0,2,0,0,2,1,2,7,0,10,6,0,6,16
05/30/2006,CWF,LA,ASW,CE,Federal Contract Tower,1,0,58,23,82,0,4,2,0,6,1,4,60,23,88,0,2,2,90
05/31/2006,CWF,LA,ASW,CE,Federal Contract Tower,0,0,73,42,115,0,5,0,0,5,0,5,73,42,120,2,34,36,156
06/01/2006,CWF,LA,ASW,CE,Federal Contract Tower,0,0,48,40,88,0,0,7,6,13,0,0,55,46,101,0,28,28,129
06/02/2006,CWF,LA,ASW,CE,Federal Contract Tower,0,4,30,50,84,50,18,0,5,73,50,22,30,55,157,0,24,24,181
06/03/2006,CWF,LA,ASW,CE,Federal Contract Tower,3,4,40,22,69,0,0,10,0,10,3,4,50,22,79,0,38,38,117
06/04/2006,CWF,LA,ASW,CE,Federal Contract Tower,0,4,26,14,44,4,0,6,0,10,4,4,32,14,54,4,2,6,60
06/05/2006,CWF,LA,ASW,CE,Federal Contract Tower,1,6,28,38,73,0,0,10,2,12,1,6,38,40,85,0,4,4,89
06/06/2006,CWF,LA,ASW,CE,Federal Contract Tower,5,0,68,40,113,0,12,10,2,24,5,12,78,42,137,0,14,14,151
06/07/2006,CWF,LA,ASW,CE,Federal Contract Tower,2,0,68,48,118,0,0,16,7,23,2,0,84,55,141,10,36,46,187
06/08/2006,CWF,LA,ASW,CE,Federal Contract Tower,1,0,78,40,119,0,7,21,6,34,1,7,99,46,153,4,50,54,207
06/09/2006,CWF,LA,ASW,CE,Federal Contract Tower,1,0,54,179,234,0,9,12,21,42,1,9,66,200,276,0,98,98,374
06/10/2006,CWF,LA,ASW,CE,Federal Contract Tower,0,0,58,25,83,0,4,10,0,14,0,4,68,25,97,0,32,32,129
06/11/2006,CWF,LA,ASW,CE,Federal Contract Tower,0,0,38,50,88,0,0,11,5,16,0,0,49,55,104,0,38,38,142
06/12/2006,CWF,LA,ASW,CE,Federal Contract Tower,1,0,34,52,87,0,4,5,5,14,1,4,39,57,101,0,48,48,149
06/13/2006,CWF,LA,ASW,CE,Federal Contract Tower,0,10,27,40,77,0,0,0,7,7,0,10,27,47,84,0,38,38,122
06/14/2006,CWF,LA,ASW,CE,Federal Contract Tower,0,10,68,78,156,0,0,8,12,20,0,10,76,90,176,0,26,26,202
06/15/2006,CWF,LA,ASW,CE,Federal Contract Tower,0,0,64,73,137,0,8,14,6,28,0,8,78,79,165,24,88,112,277
06/16/2006,CWF,LA,ASW,CE,Federal Contract Tower,0,0,23,0,23,0,0,0,0,0,0,0,23,0,23,0,0,0,23
06/17/2006,CWF,LA,ASW,CE,Federal Contract Tower,0,0,18,3,21,0,4,0,0,4,0,4,18,3,25,0,0,0,25
06/18/2006,CWF,LA,ASW,CE,Federal Contract Tower,0,0,26,0,26,0,0,0,0,0,0,0,26,0,26,0,0,0,26
06/19/2006,CWF,LA,ASW,CE,Federal Contract Tower,1,0,6,10,17,0,0,0,0,0,1,0,6,10,17,0,0,0,17
06/20/2006,CWF,LA,ASW,CE,Federal Contract Tower,0,0,29,14,43,0,2,0,0,2,0,2,29,14,45,0,0,0,45
06/21/2006,CWF,LA,ASW,CE,Federal Contract Tower,9,5,78,48,140,0,6,14,10,30,9,11,92,58,170,0,18,18,188
06/22/2006,CWF,LA,ASW,CE,Federal Contract Tower,0,0,68,58,126,0,5,8,3,16,0,5,76,61,142,0,16,16,158
06/23/2006,CWF,LA,ASW,CE,Federal Contract Tower,2,0,58,118,178,0,8,2,6,16,2,8,60,124,194,0,90,90,284
06/24/2006,CWF,LA,ASW,CE,Federal Contract Tower,2,0,67,39,108,0,1,0,0,1,2,1,67,39,109,12,32,44,153
06/25/2006,CWF,LA,ASW,CE,Federal Contract Tower,0,0,44,68,112,0,0,19,3,22,0,0,63,71,134,4,46,50,184
06/26/2006,CWF,LA,ASW,CE,Federal Contract Tower,2,0,36,38,76,0,8,9,31,48,2,8,45,69,124,0,46,46,170
06/27/2006,CWF,LA,ASW,CE,Federal Contract Tower,0,0,52,52,104,1,4,0,0,5,1,4,52,52,109,4,4,8,117
06/28/2006,CWF,LA,ASW,CE,Federal Contract Tower,0,0,68,61,129,0,4,1,0,5,0,4,69,61,134,4,107,111,245
06/29/2006,CWF,LA,ASW,CE,Federal Contract Tower,0,0,75,44,119,0,8,0,40,48,0,8,75,84,167,0,64,64,231
06/30/2006,CWF,LA,ASW,CE,Federal Contract Tower,0,0,62,44,106,1,4,43,0,48,1,4,105,44,154,0,38,38,192
07/01/2006,CWF,LA,ASW,CE,Federal Contract Tower,0,0,15,0,15,0,4,10,0,14,0,4,25,0,29,0,0,0,29
07/02/2006,CWF,LA,ASW,CE,Federal Contract Tower,2,0,20,0,22,0,4,14,0,18,2,4,34,0,40,0,0,0,40
07/03/2006,CWF,LA,ASW,CE,Federal Contract Tower,0,0,8,2,10,0,0,0,0,0,0,0,8,2,10,0,0,0,10
07/04/2006,CWF,LA,ASW,CE,Federal Contract Tower,0,0,10,0,10,0,0,7,0,7,0,0,17,0,17,0,0,0,17
07/05/2006,CWF,LA,ASW,CE,Federal Contract Tower,0,0,16,0,16,0,0,8,0,8,0,0,24,0,24,0,0,0,24
07/06/2006,CWF,LA,ASW,CE,Federal Contract Tower,0,0,16,2,18,0,3,4,0,7,0,3,20,2,25,0,0,0,25
07/07/2006,CWF,LA,ASW,CE,Federal Contract Tower,1,0,60,54,115,0,6,18,7,31,1,6,78,61,146,2,84,86,232
07/08/2006,CWF,LA,ASW,CE,Federal Contract Tower,0,0,48,48,96,0,2,4,6,12,0,2,52,54,108,6,44,50,158
07/09/2006,CWF,LA,ASW,CE,Federal Contract Tower,0,4,44,20,68,0,0,14,4,18,0,4,58,24,86,0,4,4,90
07/10/2006,CWF,LA,ASW,CE,Federal Contract Tower,0,0,68,15,83,0,0,10,0,10,0,0,78,15,93,0,0,0,93
07/11/2006,CWF,LA,ASW,CE,Federal Contract Tower,2,0,52,46,100,0,8,9,11,28,2,8,61,57,128,4,46,50,178
07/12/2006,CWF,LA,ASW,CE,Federal Contract Tower,0,4,54,14,72,0,0,2,3,5,0,4,56,17,77,0,6,6,83
07/13/2006,CWF,LA,ASW,CE,Federal Contract Tower,0,0,46,20,66,0,8,0,5,13,0,8,46,25,79,0,18,18,97
07/14/2006,CWF,LA,ASW,CE,Federal Contract Tower,1,4,44,56,105,0,6,15,7,28,1,10,59,63,133,2,0,2,135
07/15/2006,CWF,LA,ASW,CE,Federal Contract Tower,1,2,20,26,49,0,0,0,5,5,1,2,20,31,54,0,22,22,76
07/16/2006,CWF,LA,ASW,CE,Federal Contract Tower,1,0,44,16,61,0,4,12,4,20,1,4,56,20,81,0,0,0,81
07/17/2006,CWF,LA,ASW,CE,Federal Contract Tower,0,0,24,11,35,0,4,9,0,13,0,4,33,11,48,0,0,0,48
07/18/2006,CWF,LA,ASW,CE,Federal Contract Tower,0,0,58,22,80,0,6,12,5,23,0,6,70,27,103,0,26,26,129
07/19/2006,CWF,LA,ASW,CE,Federal Contract Tower,0,0,46,28,74,0,10,10,2,22,0,10,56,30,96,0,8,8,104
07/20/2006,CWF,LA,ASW,CE,Federal Contract Tower,3,0,44,28,75,0,4,8,4,16,3,4,52,32,91,10,10,20,111
07/21/2006,CWF,LA,ASW,CE,Federal Contract Tower,1,0,38,132,171,0,4,6,25,35,1,4,44,157,206,4,88,92,298
07/22/2006,CWF,LA,ASW,CE,Federal Contract Tower,0,0,18,44,62,0,4,0,11,15,0,4,18,55,77,0,40,40,117
07/23/2006,CWF,LA,ASW,CE,Federal Contract Tower,1,0,12,14,27,0,0,0,0,0,1,0,12,14,27,0,0,0,27
07/24/2006,CWF,LA,ASW,CE,Federal Contract Tower,0,1,24,6,31,0,0,6,0,6,0,1,30,6,37,10,0,10,47
07/25/2006,CWF,LA,ASW,CE,Federal Contract Tower,0,0,17,0,17,0,0,0,0,0,0,0,17,0,17,0,0,0,17
07/26/2006,CWF,LA,ASW,CE,Federal Contract Tower,0,0,11,0,11,0,0,0,0,0,0,0,11,0,11,0,0,0,11
07/27/2006,CWF,LA,ASW,CE,Federal Contract Tower,2,0,38,21,61,0,8,4,0,12,2,8,42,21,73,6,0,6,79
07/28/2006,CWF,LA,ASW,CE,Federal Contract Tower,1,0,36,42,79,0,4,4,8,16,1,4,40,50,95,18,18,36,131
07/29/2006,CWF,LA,ASW,CE,Federal Contract Tower,4,0,8,20,32,0,0,0,0,0,4,0,8,20,32,4,8,12,44
07/30/2006,CWF,LA,ASW,CE,Federal Contract Tower,1,0,12,20,33,0,0,0,5,5,1,0,12,25,38,6,0,6,44
07/31/2006,CWF,LA,ASW,CE,Federal Contract Tower,0,0,64,26,90,0,2,10,2,14,0,2,74,28,104,0,4,4,108
08/01/2006,CWF,LA,ASW,CE,Federal Contract Tower,0,0,34,18,52,0,0,6,0,6,0,0,40,18,58,0,0,0,58
08/02/2006,CWF,LA,ASW,CE,Federal Contract Tower,0,0,64,80,144,0,0,8,8,16,0,0,72,88,160,4,42,46,206
08/03/2006,CWF,LA,ASW,CE,Federal Contract Tower,8,0,80,44,132,0,3,4,5,12,8,3,84,49,144,22,28,50,194
08/04/2006,CWF,LA,ASW,CE,Federal Contract Tower,0,6,50,54,110,0,0,11,0,11,0,6,61,54,121,0,10,10,131
08/05/2006,CWF,LA,ASW,CE,Federal Contract Tower,8,0,24,8,40,0,4,0,0,4,8,4,24,8,44,0,26,26,70
08/06/2006,CWF,LA,ASW,CE,Federal Contract Tower,4,0,30,0,34,0,0,3,0,3,4,0,33,0,37,14,0,14,51
08/07/2006,CWF,LA,ASW,CE,Federal Contract Tower,1,0,30,34,65,0,4,0,3,7,1,4,30,37,72,10,68,78,150
08/08/2006,CWF,LA,ASW,CE,Federal Contract Tower,0,0,88,18,106,0,8,5,1,14,0,8,93,19,120,14,14,28,148
08/09/2006,CWF,LA,ASW,CE,Federal Contract Tower,0,0,70,38,108,0,0,4,3,7,0,0,74,41,115,0,6,6,121
08/10/2006,CWF,LA,ASW,CE,Federal Contract Tower,0,0,82,16,98,0,0,4,0,4,0,0,86,16,102,12,28,40,142
08/11/2006,CWF,LA,ASW,CE,Federal Contract Tower,0,0,62,84,146,0,0,3,3,6,0,0,65,87,152,2,40,42,194
08/12/2006,CWF,LA,ASW,CE,Federal Contract Tower,0,0,30,30,60,0,0,2,3,5,0,0,32,33,65,0,14,14,79
08/13/2006,CWF,LA,ASW,CE,Federal Contract Tower,1,0,23,60,84,0,0,0,0,0,1,0,23,60,84,0,64,64,148
08/14/2006,CWF,LA,ASW,CE,Federal Contract Tower,5,2,20,38,65,0,8,1,5,14,5,10,21,43,79,0,10,10,89
08/15/2006,CWF,LA,ASW,CE,Federal Contract Tower,3,0,48,84,135,0,8,3,1,12,3,8,51,85,147,0,80,80,227
08/16/2006,CWF,LA,ASW,CE,Federal Contract Tower,0,0,34,34,68,0,8,4,3,15,0,8,38,37,83,0,12,12,95
08/17/2006,CWF,LA,ASW,CE,Federal Contract Tower,1,0,50,48,99,0,0,4,4,8,1,0,54,52,107,2,76,78,185
08/18/2006,CWF,LA,ASW,CE,Federal Contract Tower,1,0,68,86,155,0,4,8,7,19,1,4,76,93,174,0,70,70,244
08/19/2006,CWF,LA,ASW,CE,Federal Contract Tower,0,0,50,52,102,0,4,0,5,9,0,4,50,57,111,0,50,50,161
08/20/2006,CWF,LA,ASW,CE,Federal Contract Tower,0,0,48,62,110,0,0,5,3,8,0,0,53,65,118,0,52,52,170
08/21/2006,CWF,LA,ASW,CE,Federal Contract Tower,0,0,48,64,112,0,6,7,8,21,0,6,55,72,133,0,56,56,189
08/22/2006,CWF,LA,ASW,CE,Federal Contract Tower,7,2,16,50,75,0,6,0,3,9,7,8,16,53,84,8,18,26,110
08/23/2006,CWF,LA,ASW,CE,Federal Contract Tower,0,0,20,18,38,0,8,3,0,11,0,8,23,18,49,0,10,10,59
08/24/2006,CWF,LA,ASW,CE,Federal Contract Tower,0,0,20,18,38,0,10,14,2,26,0,10,34,20,64,0,10,10,74
08/25/2006,CWF,LA,ASW,CE,Federal Contract Tower,0,0,6,10,16,0,8,6,0,14,0,8,12,10,30,0,0,0,30
08/26/2006,CWF,LA,ASW,CE,Federal Contract Tower,2,0,2,0,4,0,0,3,2,5,2,0,5,2,9,0,0,0,9
08/27/2006,CWF,LA,ASW,CE,Federal Contract Tower,0,0,8,10,18,0,0,5,0,5,0,0,13,10,23,0,0,0,23
08/28/2006,CWF,LA,ASW,CE,Federal Contract Tower,2,0,48,44,94,0,4,16,4,24,2,4,64,48,118,4,86,90,208
08/29/2006,CWF,LA,ASW,CE,Federal Contract Tower,1,0,62,58,121,0,0,9,7,16,1,0,71,65,137,6,16,22,159
08/30/2006,CWF,LA,ASW,CE,Federal Contract Tower,0,4,26,16,46,0,7,6,7,20,0,11,32,23,66,4,40,44,110
08/31/2006,CWF,LA,ASW,CE,Federal Contract Tower,1,2,38,44,85,0,6,10,2,18,1,8,48,46,103,10,8,18,121
09/01/2006,CWF,LA,ASW,CE,Federal Contract Tower,1,0,42,12,55,0,5,11,0,16,1,5,53,12,71,0,4,4,75
09/02/2006,CWF,LA,ASW,CE,Federal Contract Tower,0,0,24,16,40,0,0,13,0,13,0,0,37,16,53,0,8,8,61
09/03/2006,CWF,LA,ASW,CE,Federal Contract Tower,0,0,34,0,34,0,4,12,0,16,0,4,46,0,50,0,0,0,50
09/04/2006,CWF,LA,ASW,CE,Federal Contract Tower,0,0,28,6,34,0,4,9,0,13,0,4,37,6,47,10,0,10,57
09/05/2006,CWF,LA,ASW,CE,Federal Contract Tower,0,10,48,79,137,0,0,14,19,33,0,10,62,98,170,2,116,118,288
09/06/2006,CWF,LA,ASW,CE,Federal Contract Tower,0,4,32,28,64,0,6,12,7,25,0,10,44,35,89,0,18,18,107
09/07/2006,CWF,LA,ASW,CE,Federal Contract Tower,0,0,44,22,66,0,8,9,1,18,0,8,53,23,84,0,8,8,92
09/08/2006,CWF,LA,ASW,CE,Federal Contract Tower,0,8,58,112,178,0,0,21,9,30,0,8,79,121,208,8,96,104,312
09/09/2006,CWF,LA,ASW,CE,Federal Contract Tower,0,0,8,0,8,0,0,1,0,1,0,0,9,0,9,0,0,0,9
09/10/2006,CWF,LA,ASW,CE,Federal Contract Tower,0,0,24,1,25,0,0,10,0,10,0,0,34,1,35,10,0,10,45
09/11/2006,CWF,LA,ASW,CE,Federal Contract Tower,0,0,43,2,45,0,4,16,0,20,0,4,59,2,65,0,0,0,65
09/12/2006,CWF,LA,ASW,CE,Federal Contract Tower,2,0,30,12,44,0,4,10,6,20,2,4,40,18,64,10,6,16,80
09/13/2006,CWF,LA,ASW,CE,Federal Contract Tower,0,0,58,7,65,0,4,16,0,20,0,4,74,7,85,8,0,8,93
09/14/2006,CWF,LA,ASW,CE,Federal Contract Tower,0,4,42,40,86,4,2,17,5,28,4,6,59,45,114,14,24,38,152
09/15/2006,CWF,LA,ASW,CE,Federal Contract Tower,1,0,28,34,63,0,2,7,12,21,1,2,35,46,84,0,10,10,94
09/16/2006,CWF,LA,ASW,CE,Federal Contract Tower,2,0,32,36,70,0,2,10,6,18,2,2,42,42,88,0,40,40,128
09/17/2006,CWF,LA,ASW,CE,Federal Contract Tower,0,0,12,6,18,0,0,2,1,3,0,0,14,7,21,0,0,0,21
09/18/2006,CWF,LA,ASW,CE,Federal Contract Tower,0,0,12,6,18,0,0,7,2,9,0,0,19,8,27,6,2,8,35
09/19/2006,CWF,LA,ASW,CE,Federal Contract Tower,0,0,56,96,152,0,8,9,12,29,0,8,65,108,181,26,42,68,249
09/20/2006,CWF,LA,ASW,CE,Federal Contract Tower,2,0,32,40,74,0,6,15,14,35,2,6,47,54,109,24,18,42,151
09/21/2006,CWF,LA,ASW,CE,Federal Contract Tower,0,0,28,12,40,0,2,9,2,13,0,2,37,14,53,6,0,6,59
09/22/2006,CWF,LA,ASW,CE,Federal Contract Tower,1,0,12,24,37,0,2,16,11,29,1,2,28,35,66,0,6,6,72
09/23/2006,CWF,LA,ASW,CE,Federal Contract Tower,1,0,12,6,19,0,0,12,0,12,1,0,24,6,31,0,0,0,31
09/24/2006,CWF,LA,ASW,CE,Federal Contract Tower,1,0,14,12,27,0,2,13,5,20,1,2,27,17,47,6,16,22,69
09/25/2006,CWF,LA,ASW,CE,Federal Contract Tower,0,0,22,54,76,0,0,18,15,33,0,0,40,69,109,0,38,38,147
09/26/2006,CWF,LA,ASW,CE,Federal Contract Tower,6,0,42,58,106,0,6,25,4,35,6,6,67,62,141,0,74,74,215
09/27/2006,CWF,LA,ASW,CE,Federal Contract Tower,0,0,36,10,46,0,0,33,1,34,0,0,69,11,80,0,0,0,80
09/28/2006,CWF,LA,ASW,CE,Federal Contract Tower,2,0,48,28,78,0,2,41,8,51,2,2,89,36,129,52,12,64,193
09/29/2006,CWF,LA,ASW,CE,Federal Contract Tower,2,0,0,22,24,0,4,36,8,48,2,4,36,30,72,4,4,8,80
09/30/2006,CWF,LA,ASW,CE,Federal Contract Tower,0,0,1,0,1,0,4,46,0,50,0,4,47,0,51,0,0,0,51
10/01/2006,CWF,LA,ASW,CE,Federal Contract Tower,0,0,0,3,3,0,0,34,1,35,0,0,34,4,38,0,4,4,42
10/02/2006,CWF,LA,ASW,CE,Federal Contract Tower,1,0,2,27,30,0,3,49,9,61,1,3,51,36,91,8,0,8,99
10/03/2006,CWF,LA,ASW,CE,Federal Contract Tower,0,0,7,14,21,0,8,43,26,77,0,8,50,40,98,10,26,36,134
10/04/2006,CWF,LA,ASW,CE,Federal Contract Tower,0,0,16,82,98,0,9,47,71,127,0,9,63,153,225,12,112,124,349
10/05/2006,CWF,LA,ASW,CE,Federal Contract Tower,3,0,12,29,44,0,6,55,4,65,3,6,67,33,109,0,4,4,113
10/06/2006,CWF,LA,ASW,CE,Federal Contract Tower,0,2,1,40,43,0,2,37,10,49,0,4,38,50,92,0,72,72,164
10/07/2006,CWF,LA,ASW,CE,Federal Contract Tower,0,0,5,10,15,0,2,41,0,43,0,2,46,10,58,4,0,4,62
10/08/2006,CWF,LA,ASW,CE,Federal Contract Tower,0,0,3,13,16,0,0,23,3,26,0,0,26,16,42,0,10,10,52
10/09/2006,CWF,LA,ASW,CE,Federal Contract Tower,0,0,2,22,24,0,9,26,0,35,0,9,28,22,59,0,22,22,81
10/10/2006,CWF,LA,ASW,CE,Federal Contract Tower,0,0,5,9,14,0,6,19,2,27,0,6,24,11,41,6,6,12,53
10/11/2006,CWF,LA,ASW,CE,Federal Contract Tower,0,0,14,45,59,0,16,80,7,103,0,16,94,52,162,4,26,30,192
10/12/2006,CWF,LA,ASW,CE,Federal Contract Tower,0,0,4,39,43,0,8,55,21,84,0,8,59,60,127,0,60,60,187
10/13/2006,CWF,LA,ASW,CE,Federal Contract Tower,6,0,3,29,38,0,2,38,0,40,6,2,41,29,78,4,20,24,102
10/14/2006,CWF,LA,ASW,CE,Federal Contract Tower,0,0,0,11,11,0,1,24,2,27,0,1,24,13,38,0,10,10,48
10/15/2006,CWF,LA,ASW,CE,Federal Contract Tower,1,0,0,0,1,0,0,10,0,10,1,0,10,0,11,0,0,0,11
10/16/2006,CWF,LA,ASW,CE,Federal Contract Tower,0,0,0,0,0,0,0,2,0,2,0,0,2,0,2,0,0,0,2
10/17/2006,CWF,LA,ASW,CE,Federal Contract Tower,0,0,10,12,22,0,0,11,13,24,0,0,21,25,46,0,44,44,90
10/18/2006,CWF,LA,ASW,CE,Federal Contract Tower,1,0,2,0,3,0,2,14,0,16,1,2,16,0,19,0,0,0,19
10/19/2006,CWF,LA,ASW,CE,Federal Contract Tower,0,0,0,10,10,0,6,17,18,41,0,6,17,28,51,0,48,48,99
10/20/2006,CWF,LA,ASW,CE,Federal Contract Tower,1,0,7,54,62,0,8,41,6,55,1,8,48,60,117,26,20,46,163
10/21/2006,CWF,LA,ASW,CE,Federal Contract Tower,2,0,0,2,4,0,5,12,0,17,2,5,12,2,21,0,0,0,21
10/22/2006,CWF,LA,ASW,CE,Federal Contract Tower,0,0,1,11,12,0,0,23,6,29,0,0,24,17,41,0,24,24,65
10/23/2006,CWF,LA,ASW,CE,Federal Contract Tower,0,0,7,25,32,0,4,36,20,60,0,4,43,45,92,0,8,8,100
10/24/2006,CWF,LA,ASW,CE,Federal Contract Tower,0,0,3,14,17,0,10,38,15,63,0,10,41,29,80,0,16,16,96
10/25/2006,CWF,LA,ASW,CE,Federal Contract Tower,0,0,1,4,5,1,6,27,11,45,1,6,28,15,50,0,6,6,56
10/26/2006,CWF,LA,ASW,CE,Federal Contract Tower,0,0,1,1,2,1,1,4,2,8,1,1,5,3,10,0,0,0,10
10/27/2006,CWF,LA,ASW,CE,Federal Contract Tower,0,0,12,38,50,0,9,68,10,87,0,9,80,48,137,0,34,34,171
10/28/2006,CWF,LA,ASW,CE,Federal Contract Tower,1,0,15,13,29,0,0,46,9,55,1,0,61,22,84,14,30,44,128
10/29/2006,CWF,LA,ASW,CE,Federal Contract Tower,0,0,17,4,21,0,0,32,5,37,0,0,49,9,58,0,0,0,58
10/30/2006,CWF,LA,ASW,CE,Federal Contract Tower,1,0,12,26,39,0,4,78,6,88,1,4,90,32,127,0,32,32,159
10/31/2006,CWF,LA,ASW,CE,Federal Contract Tower,0,0,7,38,45,0,12,30,1,43,0,12,37,39,88,0,12,12,100
11/01/2006,CWF,LA,ASW,CE,Federal Contract Tower,1,0,11,12,24,0,8,31,16,55,1,8,42,28,79,0,6,6,85
11/02/2006,CWF,LA,ASW,CE,Federal Contract Tower,0,0,11,20,31,0,4,29,2,35,0,4,40,22,66,0,0,0,66
11/03/2006,CWF,LA,ASW,CE,Federal Contract Tower,0,0,0,10,10,2,6,69,37,114,2,6,69,47,124,0,64,64,188
11/04/2006,CWF,LA,ASW,CE,Federal Contract Tower,0,0,0,3,3,0,0,31,13,44,0,0,31,16,47,4,20,24,71
11/05/2006,CWF,LA,ASW,CE,Federal Contract Tower,0,0,5,13,18,0,0,43,7,50,0,0,48,20,68,0,20,20,88
11/06/2006,CWF,LA,ASW,CE,Federal Contract Tower,1,0,4,2,7,0,0,54,2,56,1,0,58,4,63,0,0,0,63
11/07/2006,CWF,LA,ASW,CE,Federal Contract Tower,1,0,11,100,112,0,8,95,46,149,1,8,106,146,261,0,106,106,367
11/08/2006,CWF,LA,ASW,CE,Federal Contract Tower,1,0,8,13,22,0,4,31,17,52,1,4,39,30,74,0,0,0,74
11/09/2006,CWF,LA,ASW,CE,Federal Contract Tower,0,0,8,21,29,0,0,62,9,71,0,0,70,30,100,0,26,26,126
11/10/2006,CWF,LA,ASW,CE,Federal Contract Tower,0,0,0,1,1,0,10,44,3,57,0,10,44,4,58,8,0,8,66
11/11/2006,CWF,LA,ASW,CE,Federal Contract Tower,0,0,0,0,0,0,4,19,3,26,0,4,19,3,26,8,0,8,34
11/12/2006,CWF,LA,ASW,CE,Federal Contract Tower,0,0,0,1,1,0,0,26,8,34,0,0,26,9,35,0,18,18,53
11/13/2006,CWF,LA,ASW,CE,Federal Contract Tower,0,0,0,2,2,0,0,26,6,32,0,0,26,8,34,0,0,0,34
11/14/2006,CWF,LA,ASW,CE,Federal Contract Tower,0,0,7,0,7,0,9,44,0,53,0,9,51,0,60,0,0,0,60
11/15/2006,CWF,LA,ASW,CE,Federal Contract Tower,0,0,11,8,19,0,0,25,0,25,0,0,36,8,44,20,16,36,80
11/16/2006,CWF,LA,ASW,CE,Federal Contract Tower,0,0,6,34,40,0,6,30,10,46,0,6,36,44,86,0,64,64,150
11/17/2006,CWF,LA,ASW,CE,Federal Contract Tower,0,3,2,18,23,0,10,43,8,61,0,13,45,26,84,0,24,24,108
11/18/2006,CWF,LA,ASW,CE,Federal Contract Tower,0,0,5,10,15,0,4,10,15,29,0,4,15,25,44,0,0,0,44
11/19/2006,CWF,LA,ASW,CE,Federal Contract Tower,0,0,0,8,8,0,8,11,17,36,0,8,11,25,44,0,26,26,70
11/20/2006,CWF,LA,ASW,CE,Federal Contract Tower,0,0,0,17,17,0,7,41,16,64,0,7,41,33,81,2,18,20,101
11/21/2006,CWF,LA,ASW,CE,Federal Contract Tower,0,0,10,22,32,0,15,17,17,49,0,15,27,39,81,0,34,34,115
11/22/2006,CWF,LA,ASW,CE,Federal Contract Tower,0,0,5,9,14,0,4,36,24,64,0,4,41,33,78,0,22,22,100
11/23/2006,CWF,LA,ASW,CE,Federal Contract Tower,0,0,0,0,0,0,0,36,0,36,0,0,36,0,36,0,0,0,36
11/24/2006,CWF,LA,ASW,CE,Federal Contract Tower,2,0,3,0,5,0,0,12,0,12,2,0,15,0,17,4,0,4,21
11/25/2006,CWF,LA,ASW,CE,Federal Contract Tower,1,0,2,0,3,0,0,35,0,35,1,0,37,0,38,10,0,10,48
11/26/2006,CWF,LA,ASW,CE,Federal Contract Tower,0,0,5,0,5,0,0,41,0,41,0,0,46,0,46,0,0,0,46
11/27/2006,CWF,LA,ASW,CE,Federal Contract Tower,0,0,5,30,35,0,4,16,8,28,0,4,21,38,63,0,10,10,73
11/28/2006,CWF,LA,ASW,CE,Federal Contract Tower,0,0,1,16,17,0,6,33,23,62,0,6,34,39,79,0,28,28,107
11/29/2006,CWF,LA,ASW,CE,Federal Contract Tower,0,0,6,17,23,0,12,41,0,53,0,12,47,17,76,0,14,14,90
11/30/2006,CWF,LA,ASW,CE,Federal Contract Tower,5,0,4,3,12,0,0,32,1,33,5,0,36,4,45,0,0,0,45
12/01/2006,CWF,LA,ASW,CE,Federal Contract Tower,1,1,13,22,37,0,1,31,20,52,1,2,44,42,89,2,10,12,101
12/02/2006,CWF,LA,ASW,CE,Federal Contract Tower,3,0,9,9,21,1,4,43,13,61,4,4,52,22,82,10,20,30,112
12/03/2006,CWF,LA,ASW,CE,Federal Contract Tower,0,0,1,4,5,0,0,16,10,26,0,0,17,14,31,0,24,24,55
12/04/2006,CWF,LA,ASW,CE,Federal Contract Tower,0,1,6,49,56,0,4,29,8,41,0,5,35,57,97,0,46,46,143
12/05/2006,CWF,LA,ASW,CE,Federal Contract Tower,0,0,18,23,41,0,10,26,3,39,0,10,44,26,80,0,22,22,102
12/06/2006,CWF,LA,ASW,CE,Federal Contract Tower,0,0,10,36,46,0,8,59,12,79,0,8,69,48,125,0,12,12,137
12/07/2006,CWF,LA,ASW,CE,Federal Contract Tower,0,0,9,36,45,0,6,66,23,95,0,6,75,59,140,0,24,24,164
12/08/2006,CWF,LA,ASW,CE,Federal Contract Tower,2,0,6,54,62,0,0,42,29,71,2,0,48,83,133,8,34,42,175
12/09/2006,CWF,LA,ASW,CE,Federal Contract Tower,8,2,2,12,24,0,2,27,6,35,8,4,29,18,59,0,18,18,77
12/10/2006,CWF,LA,ASW,CE,Federal Contract Tower,4,0,2,6,12,0,4,26,2,32,4,4,28,8,44,0,0,0,44
12/11/2006,CWF,LA,ASW,CE,Federal Contract Tower,0,0,0,0,0,0,4,14,1,19,0,4,14,1,19,0,0,0,19
12/12/2006,CWF,LA,ASW,CE,Federal Contract Tower,0,0,0,0,0,0,0,12,0,12,0,0,12,0,12,0,0,0,12
12/13/2006,CWF,LA,ASW,CE,Federal Contract Tower,0,0,0,0,0,0,4,14,2,20,0,4,14,2,20,0,0,0,20
12/14/2006,CWF,LA,ASW,CE,Federal Contract Tower,0,0,2,5,7,0,0,16,8,24,0,0,18,13,31,10,0,10,41
12/15/2006,CWF,LA,ASW,CE,Federal Contract Tower,2,0,3,17,22,0,0,36,6,42,2,0,39,23,64,0,22,22,86
12/16/2006,CWF,LA,ASW,CE,Federal Contract Tower,0,0,0,24,24,0,0,36,14,50,0,0,36,38,74,0,12,12,86
12/17/2006,CWF,LA,ASW,CE,Federal Contract Tower,0,0,5,13,18,0,0,39,6,45,0,0,44,19,63,0,0,0,63
12/18/2006,CWF,LA,ASW,CE,Federal Contract Tower,0,0,3,4,7,0,0,1,0,1,0,0,4,4,8,0,0,0,8
12/19/2006,CWF,LA,ASW,CE,Federal Contract Tower,0,0,11,38,49,1,0,20,0,21,1,0,31,38,70,0,54,54,124
12/20/2006,CWF,LA,ASW,CE,Federal Contract Tower,0,1,8,5,14,0,4,16,9,29,0,5,24,14,43,0,0,0,43
12/21/2006,CWF,LA,ASW,CE,Federal Contract Tower,0,0,2,1,3,0,0,12,0,12,0,0,14,1,15,0,0,0,15
12/22/2006,CWF,LA,ASW,CE,Federal Contract Tower,0,0,8,0,8,0,0,14,3,17,0,0,22,3,25,0,0,0,25
12/23/2006,CWF,LA,ASW,CE,Federal Contract Tower,0,0,4,1,5,0,0,65,2,67,0,0,69,3,72,22,0,22,94
12/24/2006,CWF,LA,ASW,CE,Federal Contract Tower,0,0,1,0,1,0,0,1,0,1,0,0,2,0,2,0,0,0,2
12/25/2006,CWF,LA,ASW,CE,Federal Contract Tower,0,0,0,0,0,0,0,0,0,0,0,0,0,0,0,0,0,0,0
12/26/2006,CWF,LA,ASW,CE,Federal Contract Tower,0,0,7,5,12,0,0,50,0,50,0,0,57,5,62,8,12,20,82
12/27/2006,CWF,LA,ASW,CE,Federal Contract Tower,0,0,12,8,20,0,4,16,4,24,0,4,28,12,44,10,24,34,78
12/28/2006,CWF,LA,ASW,CE,Federal Contract Tower,0,0,2,6,8,0,0,24,2,26,0,0,26,8,34,4,0,4,38
12/29/2006,CWF,LA,ASW,CE,Federal Contract Tower,0,0,1,0,1,0,0,5,0,5,0,0,6,0,6,0,0,0,6
12/30/2006,CWF,LA,ASW,CE,Federal Contract Tower,0,0,0,0,0,6,0,6,0,12,6,0,6,0,12,0,0,0,12
12/31/2006,CWF,LA,ASW,CE,Federal Contract Tower,1,0,0,0,1,0,0,13,0,13,1,0,13,0,14,0,0,0,14
01/01/2007,CWF,LA,ASW,CE,Federal Contract Tower,0,0,3,0,3,0,0,35,0,35,0,0,38,0,38,10,0,10,48
01/02/2007,CWF,LA,ASW,CE,Federal Contract Tower,0,0,2,0,2,0,4,37,0,41,0,4,39,0,43,0,0,0,43
01/03/2007,CWF,LA,ASW,CE,Federal Contract Tower,2,0,13,6,21,0,0,39,7,46,2,0,52,13,67,0,0,0,67
01/04/2007,CWF,LA,ASW,CE,Federal Contract Tower,0,0,3,0,3,0,0,0,0,0,0,0,3,0,3,0,0,0,3
01/05/2007,CWF,LA,ASW,CE,Federal Contract Tower,0,0,4,49,53,0,2,7,45,54,0,2,11,94,107,0,20,20,127
01/06/2007,CWF,LA,ASW,CE,Federal Contract Tower,0,0,2,0,2,0,0,5,7,12,0,0,7,7,14,0,0,0,14
01/07/2007,CWF,LA,ASW,CE,Federal Contract Tower,0,0,2,9,11,0,0,13,20,33,0,0,15,29,44,0,8,8,52
01/08/2007,CWF,LA,ASW,CE,Federal Contract Tower,0,0,0,23,23,0,8,36,53,97,0,8,36,76,120,0,60,60,180
01/09/2007,CWF,LA,ASW,CE,Federal Contract Tower,0,0,12,39,51,0,6,52,9,67,0,6,64,48,118,0,23,23,141
01/10/2007,CWF,LA,ASW,CE,Federal Contract Tower,0,0,13,37,50,0,8,82,30,120,0,8,95,67,170,8,46,54,224
01/11/2007,CWF,LA,ASW,CE,Federal Contract Tower,0,0,14,20,34,0,4,58,24,86,0,4,72,44,120,20,2,22,142
01/12/2007,CWF,LA,ASW,CE,Federal Contract Tower,0,0,10,44,54,0,0,1,8,9,0,0,11,52,63,0,6,6,69
01/13/2007,CWF,LA,ASW,CE,Federal Contract Tower,1,0,2,8,11,0,1,5,1,7,1,1,7,9,18,0,0,0,18
01/14/2007,CWF,LA,ASW,CE,Federal Contract Tower,0,0,7,6,13,0,2,17,9,28,0,2,24,15,41,0,0,0,41
01/15/2007,CWF,LA,ASW,CE,Federal Contract Tower,0,0,0,1,1,0,0,1,1,2,0,0,1,2,3,0,0,0,3
01/16/2007,CWF,LA,ASW,CE,Federal Contract Tower,0,0,0,3,3,0,0,8,0,8,0,0,8,3,11,0,0,0,11
01/17/2007,CWF,LA,ASW,CE,Federal Contract Tower,0,0,2,1,3,0,0,9,0,9,0,0,11,1,12,0,0,0,12
01/18/2007,CWF,LA,ASW,CE,Federal Contract Tower,0,0,7,25,32,0,0,4,0,4,0,0,11,25,36,0,0,0,36
01/19/2007,CWF,LA,ASW,CE,Federal Contract Tower,0,0,6,80,86,0,0,29,16,45,0,0,35,96,131,0,26,26,157
01/20/2007,CWF,LA,ASW,CE,Federal Contract Tower,0,1,3,37,41,0,2,24,21,47,0,3,27,58,88,0,30,30,118
01/21/2007,CWF,LA,ASW,CE,Federal Contract Tower,0,1,0,39,40,0,1,14,0,15,0,2,14,39,55,0,0,0,55
01/22/2007,CWF,LA,ASW,CE,Federal Contract Tower,4,0,11,14,29,2,2,10,2,16,6,2,21,16,45,6,4,10,55
01/23/2007,CWF,LA,ASW,CE,Federal Contract Tower,1,0,0,2,3,0,8,22,0,30,1,8,22,2,33,14,0,14,47
01/24/2007,CWF,LA,ASW,CE,Federal Contract Tower,0,0,7,5,12,0,0,12,21,33,0,0,19,26,45,0,15,15,60
01/25/2007,CWF,LA,ASW,CE,Federal Contract Tower,2,0,16,73,91,0,11,74,65,150,2,11,90,138,241,20,74,94,335
01/26/2007,CWF,LA,ASW,CE,Federal Contract Tower,0,1,7,130,138,0,4,32,78,114,0,5,39,208,252,2,110,112,364
01/27/2007,CWF,LA,ASW,CE,Federal Contract Tower,0,0,1,35,36,0,0,1,0,1,0,0,2,35,37,0,0,0,37
01/28/2007,CWF,LA,ASW,CE,Federal Contract Tower,0,0,6,27,33,0,0,13,11,24,0,0,19,38,57,4,8,12,69
01/29/2007,CWF,LA,ASW,CE,Federal Contract Tower,0,0,6,36,42,0,8,18,8,34,0,8,24,44,76,16,20,36,112
01/30/2007,CWF,LA,ASW,CE,Federal Contract Tower,2,2,0,3,7,0,0,26,0,26,2,2,26,3,33,0,0,0,33
01/31/2007,CWF,LA,ASW,CE,Federal Contract Tower,0,2,4,42,48,0,11,27,9,47,0,13,31,51,95,0,72,72,167
02/01/2007,CWF,LA,ASW,CE,Federal Contract Tower,0,0,12,9,21,0,0,31,11,42,0,0,43,20,63,0,0,0,63
02/02/2007,CWF,LA,ASW,CE,Federal Contract Tower,1,0,19,38,58,0,4,28,40,72,1,4,47,78,130,0,10,10,140
02/03/2007,CWF,LA,ASW,CE,Federal Contract Tower,0,0,9,17,26,0,6,53,10,69,0,6,62,27,95,10,48,58,153
02/04/2007,CWF,LA,ASW,CE,Federal Contract Tower,0,0,7,24,31,0,0,47,23,70,0,0,54,47,101,6,52,58,159
02/05/2007,CWF,LA,ASW,CE,Federal Contract Tower,0,0,10,4,14,0,0,54,2,56,0,0,64,6,70,0,0,0,70
02/06/2007,CWF,LA,ASW,CE,Federal Contract Tower,0,0,8,40,48,0,6,16,4,26,0,6,24,44,74,0,26,26,100
02/07/2007,CWF,LA,ASW,CE,Federal Contract Tower,0,0,0,4,4,0,4,22,5,31,0,4,22,9,35,0,0,0,35
02/08/2007,CWF,LA,ASW,CE,Federal Contract Tower,0,0,1,23,24,0,11,32,37,80,0,11,33,60,104,0,78,78,182
02/09/2007,CWF,LA,ASW,CE,Federal Contract Tower,1,0,8,11,20,0,0,14,0,14,1,0,22,11,34,0,0,0,34
02/10/2007,CWF,LA,ASW,CE,Federal Contract Tower,0,0,3,44,47,0,0,36,16,52,0,0,39,60,99,0,82,82,181
02/11/2007,CWF,LA,ASW,CE,Federal Contract Tower,0,0,0,23,23,0,0,54,0,54,0,0,54,23,77,0,50,50,127
02/12/2007,CWF,LA,ASW,CE,Federal Contract Tower,0,0,0,6,6,0,6,20,1,27,0,6,20,7,33,0,6,6,39
02/13/2007,CWF,LA,ASW,CE,Federal Contract Tower,0,0,3,92,95,0,4,55,29,88,0,4,58,121,183,0,72,72,255
02/14/2007,CWF,LA,ASW,CE,Federal Contract Tower,0,0,1,13,14,0,5,23,30,58,0,5,24,43,72,0,16,16,88
02/15/2007,CWF,LA,ASW,CE,Federal Contract Tower,0,0,0,15,15,0,5,50,39,94,0,5,50,54,109,0,22,22,131
02/16/2007,CWF,LA,ASW,CE,Federal Contract Tower,0,0,11,58,69,0,4,54,42,100,0,4,65,100,169,28,56,84,253
02/17/2007,CWF,LA,ASW,CE,Federal Contract Tower,2,0,1,8,11,0,1,30,0,31,2,1,31,8,42,0,24,24,66
02/18/2007,CWF,LA,ASW,CE,Federal Contract Tower,8,0,3,6,17,8,0,41,6,55,16,0,44,12,72,0,52,52,124
02/19/2007,CWF,LA,ASW,CE,Federal Contract Tower,1,1,20,32,54,0,7,61,15,83,1,8,81,47,137,42,10,52,189
02/20/2007,CWF,LA,ASW,CE,Federal Contract Tower,2,0,5,16,23,1,8,49,11,69,3,8,54,27,92,0,28,28,120
02/21/2007,CWF,LA,ASW,CE,Federal Contract Tower,1,2,12,30,45,0,2,14,6,22,1,4,26,36,67,0,94,94,161
02/22/2007,CWF,LA,ASW,CE,Federal Contract Tower,1,0,9,69,79,0,0,7,8,15,1,0,16,77,94,6,22,28,122
02/23/2007,CWF,LA,ASW,CE,Federal Contract Tower,0,0,0,11,11,0,0,34,14,48,0,0,34,25,59,14,24,38,97
02/24/2007,CWF,LA,ASW,CE,Federal Contract Tower,0,0,1,0,1,0,0,0,2,2,0,0,1,2,3,0,0,0,3
02/25/2007,CWF,LA,ASW,CE,Federal Contract Tower,0,0,5,3,8,0,4,40,0,44,0,4,45,3,52,12,14,26,78
02/26/2007,CWF,LA,ASW,CE,Federal Contract Tower,0,2,10,48,60,0,5,52,26,83,0,7,62,74,143,0,38,38,181
02/27/2007,CWF,LA,ASW,CE,Federal Contract Tower,1,2,18,17,38,0,8,55,16,79,1,10,73,33,117,12,62,74,191
02/28/2007,CWF,LA,ASW,CE,Federal Contract Tower,1,0,2,6,9,0,0,13,0,13,1,0,15,6,22,0,0,0,22
03/01/2007,CWF,LA,ASW,CE,Federal Contract Tower,2,0,6,4,12,0,2,3,1,6,2,2,9,5,18,8,0,8,26
03/02/2007,CWF,LA,ASW,CE,Federal Contract Tower,0,0,0,31,31,2,6,56,60,124,2,6,56,91,155,0,53,53,208
03/03/2007,CWF,LA,ASW,CE,Federal Contract Tower,0,0,0,14,14,0,2,27,25,54,0,2,27,39,68,0,12,12,80
03/04/2007,CWF,LA,ASW,CE,Federal Contract Tower,0,0,0,17,17,0,0,20,30,50,0,0,20,47,67,0,20,20,87
03/05/2007,CWF,LA,ASW,CE,Federal Contract Tower,0,0,0,4,4,0,4,20,15,39,0,4,20,19,43,12,22,34,77
03/06/2007,CWF,LA,ASW,CE,Federal Contract Tower,1,0,16,30,47,0,4,58,11,73,1,4,74,41,120,4,52,56,176
03/07/2007,CWF,LA,ASW,CE,Federal Contract Tower,1,0,4,24,29,0,4,64,14,82,1,4,68,38,111,6,30,36,147
03/08/2007,CWF,LA,ASW,CE,Federal Contract Tower,0,0,12,12,24,0,4,43,0,47,0,4,55,12,71,24,22,46,117
03/09/2007,CWF,LA,ASW,CE,Federal Contract Tower,0,2,10,56,68,0,5,11,4,20,0,7,21,60,88,0,10,10,98
03/10/2007,CWF,LA,ASW,CE,Federal Contract Tower,0,0,4,14,18,0,4,18,2,24,0,4,22,16,42,0,6,6,48
03/11/2007,CWF,LA,ASW,CE,Federal Contract Tower,0,0,0,10,10,0,0,17,9,26,0,0,17,19,36,0,0,0,36
03/12/2007,CWF,LA,ASW,CE,Federal Contract Tower,0,0,0,1,1,0,0,4,2,6,0,0,4,3,7,0,0,0,7
03/13/2007,CWF,LA,ASW,CE,Federal Contract Tower,0,0,3,8,11,1,0,32,7,40,1,0,35,15,51,4,2,6,57
03/14/2007,CWF,LA,ASW,CE,Federal Contract Tower,1,0,3,2,6,0,4,26,6,36,1,4,29,8,42,0,0,0,42
03/15/2007,CWF,LA,ASW,CE,Federal Contract Tower,1,0,4,15,20,0,6,36,17,59,1,6,40,32,79,0,34,34,113
03/16/2007,CWF,LA,ASW,CE,Federal Contract Tower,3,0,25,31,59,0,4,39,19,62,3,4,64,50,121,0,30,30,151
03/17/2007,CWF,LA,ASW,CE,Federal Contract Tower,1,0,5,30,36,0,4,24,4,32,1,4,29,34,68,0,12,12,80
03/18/2007,CWF,LA,ASW,CE,Federal Contract Tower,0,0,7,2,9,0,0,31,0,31,0,0,38,2,40,0,0,0,40
03/19/2007,CWF,LA,ASW,CE,Federal Contract Tower,0,2,23,41,66,0,0,11,22,33,0,2,34,63,99,6,24,30,129
03/20/2007,CWF,LA,ASW,CE,Federal Contract Tower,0,0,0,12,12,0,10,39,27,76,0,10,39,39,88,4,54,58,146
03/21/2007,CWF,LA,ASW,CE,Federal Contract Tower,2,0,10,24,36,0,8,58,22,88,2,8,68,46,124,28,16,44,168
03/22/2007,CWF,LA,ASW,CE,Federal Contract Tower,0,0,10,62,72,0,7,76,15,98,0,7,86,77,170,0,30,30,200
03/23/2007,CWF,LA,ASW,CE,Federal Contract Tower,2,0,14,19,35,0,8,49,27,84,2,8,63,46,119,10,62,72,191
03/24/2007,CWF,LA,ASW,CE,Federal Contract Tower,0,0,8,5,13,0,4,36,7,47,0,4,44,12,60,0,12,12,72
03/25/2007,CWF,LA,ASW,CE,Federal Contract Tower,0,0,6,36,42,0,0,5,4,9,0,0,11,40,51,12,4,16,67
03/26/2007,CWF,LA,ASW,CE,Federal Contract Tower,0,0,15,19,34,0,8,20,4,32,0,8,35,23,66,0,2,2,68
03/27/2007,CWF,LA,ASW,CE,Federal Contract Tower,2,3,6,4,15,0,4,46,0,50,2,7,52,4,65,0,0,0,65
03/28/2007,CWF,LA,ASW,CE,Federal Contract Tower,0,1,16,39,56,0,5,45,15,65,0,6,61,54,121,0,10,10,131
03/29/2007,CWF,LA,ASW,CE,Federal Contract Tower,0,0,10,28,38,0,6,51,26,83,0,6,61,54,121,0,10,10,131
03/30/2007,CWF,LA,ASW,CE,Federal Contract Tower,2,0,3,50,55,0,6,31,27,64,2,6,34,77,119,0,64,64,183
03/31/2007,CWF,LA,ASW,CE,Federal Contract Tower,0,0,0,0,0,0,0,2,0,2,0,0,2,0,2,0,0,0,2
04/01/2007,CWF,LA,ASW,CE,Federal Contract Tower,0,0,0,0,0,0,0,10,0,10,0,0,10,0,10,0,0,0,10
04/02/2007,CWF,LA,ASW,CE,Federal Contract Tower,0,0,0,14,14,0,0,14,9,23,0,0,14,23,37,0,30,30,67
04/03/2007,CWF,LA,ASW,CE,Federal Contract Tower,0,6,12,24,42,0,3,47,6,56,0,9,59,30,98,0,28,28,126
04/04/2007,CWF,LA,ASW,CE,Federal Contract Tower,0,0,25,0,25,0,0,0,0,0,0,0,25,0,25,0,0,0,25
04/05/2007,CWF,LA,ASW,CE,Federal Contract Tower,4,0,6,26,36,0,5,42,18,65,4,5,48,44,101,0,34,34,135
04/06/2007,CWF,LA,ASW,CE,Federal Contract Tower,5,0,12,33,50,0,4,46,18,68,5,4,58,51,118,23,72,95,213
04/07/2007,CWF,LA,ASW,CE,Federal Contract Tower,3,0,5,10,18,0,0,13,5,18,3,0,18,15,36,0,0,0,36
04/08/2007,CWF,LA,ASW,CE,Federal Contract Tower,0,0,1,10,11,0,0,13,4,17,0,0,14,14,28,0,0,0,28
04/09/2007,CWF,LA,ASW,CE,Federal Contract Tower,0,0,0,11,11,0,6,51,8,65,0,6,51,19,76,14,20,34,110
04/10/2007,CWF,LA,ASW,CE,Federal Contract Tower,1,0,3,9,13,0,1,9,1,11,1,1,12,10,24,0,0,0,24
04/11/2007,CWF,LA,ASW,CE,Federal Contract Tower,2,0,18,62,82,0,5,63,15,83,2,5,81,77,165,16,46,62,227
04/12/2007,CWF,LA,ASW,CE,Federal Contract Tower,1,0,10,23,34,0,5,60,20,85,1,5,70,43,119,2,34,36,155
04/13/2007,CWF,LA,ASW,CE,Federal Contract Tower,0,0,5,60,65,0,0,20,28,48,0,0,25,88,113,18,42,60,173
04/14/2007,CWF,LA,ASW,CE,Federal Contract Tower,0,0,2,4,6,0,0,1,4,5,0,0,3,8,11,0,0,0,11
04/15/2007,CWF,LA,ASW,CE,Federal Contract Tower,0,0,4,18,22,0,0,15,1,16,0,0,19,19,38,10,0,10,48
04/16/2007,CWF,LA,ASW,CE,Federal Contract Tower,0,0,4,28,32,0,0,75,39,114,0,0,79,67,146,0,36,36,182
04/17/2007,CWF,LA,ASW,CE,Federal Contract Tower,1,0,12,36,49,0,8,58,8,74,1,8,70,44,123,0,34,34,157
04/18/2007,CWF,LA,ASW,CE,Federal Contract Tower,0,0,8,31,39,0,8,50,22,80,0,8,58,53,119,30,50,80,199
04/19/2007,CWF,LA,ASW,CE,Federal Contract Tower,2,2,7,60,71,0,8,55,25,88,2,10,62,85,159,0,54,54,213
04/20/2007,CWF,LA,ASW,CE,Federal Contract Tower,2,0,1,22,25,0,4,39,30,73,2,4,40,52,98,0,30,30,128
04/21/2007,CWF,LA,ASW,CE,Federal Contract Tower,0,0,13,19,32,0,0,47,8,55,0,0,60,27,87,0,24,24,111
04/22/2007,CWF,LA,ASW,CE,Federal Contract Tower,0,0,2,8,10,0,0,41,7,48,0,0,43,15,58,0,12,12,70
04/23/2007,CWF,LA,ASW,CE,Federal Contract Tower,0,0,11,10,21,0,0,53,2,55,0,0,64,12,76,0,2,2,78
04/24/2007,CWF,LA,ASW,CE,Federal Contract Tower,0,0,5,39,44,0,4,57,26,87,0,4,62,65,131,0,46,46,177
04/25/2007,CWF,LA,ASW,CE,Federal Contract Tower,0,0,4,0,4,0,0,31,0,31,0,0,35,0,35,0,0,0,35
04/26/2007,CWF,LA,ASW,CE,Federal Contract Tower,1,0,5,36,42,0,10,77,39,126,1,10,82,75,168,0,62,62,230
04/27/2007,CWF,LA,ASW,CE,Federal Contract Tower,0,1,5,37,43,0,9,49,27,85,0,10,54,64,128,0,24,24,152
04/28/2007,CWF,LA,ASW,CE,Federal Contract Tower,2,0,5,9,16,1,4,26,5,36,3,4,31,14,52,0,0,0,52
04/29/2007,CWF,LA,ASW,CE,Federal Contract Tower,0,0,0,4,4,0,4,28,6,38,0,4,28,10,42,6,6,12,54
04/30/2007,CWF,LA,ASW,CE,Federal Contract Tower,0,0,13,18,31,0,4,44,10,58,0,4,57,28,89,38,10,48,137
05/01/2007,CWF,LA,ASW,CE,Federal Contract Tower,0,0,13,31,44,0,8,46,11,65,0,8,59,42,109,0,38,38,147
05/02/2007,CWF,LA,ASW,CE,Federal Contract Tower,1,0,16,63,80,0,8,40,11,59,1,8,56,74,139,2,12,14,153
05/03/2007,CWF,LA,ASW,CE,Federal Contract Tower,0,0,9,20,29,0,2,17,13,32,0,2,26,33,61,0,38,38,99
05/04/2007,CWF,LA,ASW,CE,Federal Contract Tower,0,0,1,6,7,0,2,23,1,26,0,2,24,7,33,0,14,14,47
05/05/2007,CWF,LA,ASW,CE,Federal Contract Tower,6,0,7,23,36,1,0,20,6,27,7,0,27,29,63,2,22,24,87
05/06/2007,CWF,LA,ASW,CE,Federal Contract Tower,0,0,1,10,11,0,0,16,5,21,0,0,17,15,32,0,40,40,72
05/07/2007,CWF,LA,ASW,CE,Federal Contract Tower,0,0,8,27,35,0,10,48,1,59,0,10,56,28,94,6,36,42,136
05/08/2007,CWF,LA,ASW,CE,Federal Contract Tower,1,0,5,21,27,0,11,36,13,60,1,11,41,34,87,14,12,26,113
05/09/2007,CWF,LA,ASW,CE,Federal Contract Tower,0,0,9,10,19,0,4,39,4,47,0,4,48,14,66,0,4,4,70
05/10/2007,CWF,LA,ASW,CE,Federal Contract Tower,2,0,3,66,71,0,0,61,32,93,2,0,64,98,164,4,48,52,216
05/11/2007,CWF,LA,ASW,CE,Federal Contract Tower,2,2,4,26,34,1,0,20,12,33,3,2,24,38,67,4,28,32,99
05/12/2007,CWF,LA,ASW,CE,Federal Contract Tower,2,1,7,9,19,0,0,34,4,38,2,1,41,13,57,0,32,32,89
05/13/2007,CWF,LA,ASW,CE,Federal Contract Tower,1,0,8,10,19,0,0,25,4,29,1,0,33,14,48,0,12,12,60
05/14/2007,CWF,LA,ASW,CE,Federal Contract Tower,4,0,7,46,57,0,9,21,7,37,4,9,28,53,94,0,30,30,124
05/15/2007,CWF,LA,ASW,CE,Federal Contract Tower,0,0,11,16,27,0,6,21,0,27,0,6,32,16,54,0,0,0,54
05/16/2007,CWF,LA,ASW,CE,Federal Contract Tower,0,0,21,18,39,0,12,23,6,41,0,12,44,24,80,2,24,26,106
05/17/2007,CWF,LA,ASW,CE,Federal Contract Tower,0,0,0,29,29,0,4,39,17,60,0,4,39,46,89,4,12,16,105
05/18/2007,CWF,LA,ASW,CE,Federal Contract Tower,0,0,17,73,90,0,14,64,32,110,0,14,81,105,200,14,42,56,256
05/19/2007,CWF,LA,ASW,CE,Federal Contract Tower,0,0,8,49,57,0,4,37,19,60,0,4,45,68,117,4,42,46,163
05/20/2007,CWF,LA,ASW,CE,Federal Contract Tower,0,0,1,9,10,0,0,30,5,35,0,0,31,14,45,0,0,0,45
05/21/2007,CWF,LA,ASW,CE,Federal Contract Tower,0,0,1,21,22,0,8,22,0,30,0,8,23,21,52,2,12,14,66
05/22/2007,CWF,LA,ASW,CE,Federal Contract Tower,1,0,6,2,9,1,0,13,0,14,2,0,19,2,23,0,0,0,23
05/23/2007,CWF,LA,ASW,CE,Federal Contract Tower,0,0,3,15,18,0,6,29,8,43,0,6,32,23,61,0,50,50,111
05/24/2007,CWF,LA,ASW,CE,Federal Contract Tower,0,0,3,14,17,0,0,54,13,67,0,0,57,27,84,0,10,10,94
05/25/2007,CWF,LA,ASW,CE,Federal Contract Tower,8,0,14,2,24,0,10,38,0,48,8,10,52,2,72,8,0,8,80
05/26/2007,CWF,LA,ASW,CE,Federal Contract Tower,2,0,7,18,27,0,0,19,5,24,2,0,26,23,51,6,0,6,57
05/27/2007,CWF,LA,ASW,CE,Federal Contract Tower,1,0,7,4,12,0,0,34,3,37,1,0,41,7,49,0,10,10,59
05/28/2007,CWF,LA,ASW,CE,Federal Contract Tower,0,0,4,0,4,0,0,12,4,16,0,0,16,4,20,0,0,0,20
05/29/2007,CWF,LA,ASW,CE,Federal Contract Tower,0,1,0,0,1,0,1,16,0,17,0,2,16,0,18,0,0,0,18
05/30/2007,CWF,LA,ASW,CE,Federal Contract Tower,0,0,4,10,14,0,0,23,5,28,0,0,27,15,42,0,10,10,52
05/31/2007,CWF,LA,ASW,CE,Federal Contract Tower,1,0,14,32,47,0,0,38,8,46,1,0,52,40,93,6,22,28,121
06/01/2007,CWF,LA,ASW,CE,Federal Contract Tower,0,0,8,36,44,0,0,17,14,31,0,0,25,50,75,0,28,28,103
06/02/2007,CWF,LA,ASW,CE,Federal Contract Tower,2,0,7,6,15,0,4,27,7,38,2,4,34,13,53,0,40,40,93
06/03/2007,CWF,LA,ASW,CE,Federal Contract Tower,0,0,4,9,13,0,8,14,5,27,0,8,18,14,40,0,0,0,40
06/04/2007,CWF,LA,ASW,CE,Federal Contract Tower,0,0,5,21,26,0,4,23,3,30,0,4,28,24,56,0,48,48,104
06/05/2007,CWF,LA,ASW,CE,Federal Contract Tower,0,0,5,25,30,0,4,35,5,44,0,4,40,30,74,0,38,38,112
06/06/2007,CWF,LA,ASW,CE,Federal Contract Tower,0,0,10,54,64,0,8,48,13,69,0,8,58,67,133,0,22,22,155
06/07/2007,CWF,LA,ASW,CE,Federal Contract Tower,0,0,1,18,19,0,8,43,5,56,0,8,44,23,75,0,6,6,81
06/08/2007,CWF,LA,ASW,CE,Federal Contract Tower,2,0,5,26,33,0,4,43,10,57,2,4,48,36,90,7,16,23,113
06/09/2007,CWF,LA,ASW,CE,Federal Contract Tower,2,0,1,11,14,0,0,20,11,31,2,0,21,22,45,12,8,20,65
06/10/2007,CWF,LA,ASW,CE,Federal Contract Tower,6,0,8,29,43,0,0,28,8,36,6,0,36,37,79,10,22,32,111
06/11/2007,CWF,LA,ASW,CE,Federal Contract Tower,2,0,5,28,35,0,4,24,6,34,2,4,29,34,69,0,12,12,81
06/12/2007,CWF,LA,ASW,CE,Federal Contract Tower,0,0,10,35,45,0,12,32,13,57,0,12,42,48,102,4,54,58,160
06/13/2007,CWF,LA,ASW,CE,Federal Contract Tower,0,2,11,7,20,0,0,18,0,18,0,2,29,7,38,2,2,4,42
06/14/2007,CWF,LA,ASW,CE,Federal Contract Tower,0,2,5,34,41,0,6,31,5,42,0,8,36,39,83,0,56,56,139
06/15/2007,CWF,LA,ASW,CE,Federal Contract Tower,0,0,6,25,31,0,4,24,9,37,0,4,30,34,68,16,14,30,98
06/16/2007,CWF,LA,ASW,CE,Federal Contract Tower,1,0,0,0,1,0,0,0,0,0,1,0,0,0,1,0,0,0,1
06/18/2007,CWF,LA,ASW,CE,Federal Contract Tower,0,0,7,16,23,0,4,41,9,54,0,4,48,25,77,0,8,8,85
06/19/2007,CWF,LA,ASW,CE,Federal Contract Tower,0,0,1,16,17,0,0,22,30,52,0,0,23,46,69,0,30,30,99
06/20/2007,CWF,LA,ASW,CE,Federal Contract Tower,5,0,3,9,17,0,8,37,5,50,5,8,40,14,67,0,0,0,67
06/21/2007,CWF,LA,ASW,CE,Federal Contract Tower,0,0,3,14,17,0,4,36,7,47,0,4,39,21,64,14,40,54,118
06/22/2007,CWF,LA,ASW,CE,Federal Contract Tower,0,0,6,109,115,0,4,39,42,85,0,4,45,151,200,2,50,52,252
06/23/2007,CWF,LA,ASW,CE,Federal Contract Tower,0,0,3,12,15,0,4,22,3,29,0,4,25,15,44,0,4,4,48
06/24/2007,CWF,LA,ASW,CE,Federal Contract Tower,0,0,6,20,26,0,0,20,2,22,0,0,26,22,48,0,4,4,52
06/25/2007,CWF,LA,ASW,CE,Federal Contract Tower,0,0,4,7,11,0,0,27,2,29,0,0,31,9,40,0,0,0,40
06/26/2007,CWF,LA,ASW,CE,Federal Contract Tower,0,0,12,17,29,0,0,42,7,49,0,0,54,24,78,0,6,6,84
06/27/2007,CWF,LA,ASW,CE,Federal Contract Tower,0,0,18,8,26,0,0,19,7,26,0,0,37,15,52,18,0,18,70
06/28/2007,CWF,LA,ASW,CE,Federal Contract Tower,0,0,11,13,24,0,8,40,17,65,0,8,51,30,89,0,16,16,105
06/29/2007,CWF,LA,ASW,CE,Federal Contract Tower,0,0,16,45,61,0,4,34,14,52,0,4,50,59,113,0,12,12,125
06/30/2007,CWF,LA,ASW,CE,Federal Contract Tower,0,0,10,4,14,0,2,36,0,38,0,2,46,4,52,4,0,4,56
07/01/2007,CWF,LA,ASW,CE,Federal Contract Tower,0,0,5,13,18,0,2,31,18,51,0,2,36,31,69,0,16,16,85
07/02/2007,CWF,LA,ASW,CE,Federal Contract Tower,0,0,0,11,11,0,3,13,7,23,0,3,13,18,34,0,0,0,34
07/03/2007,CWF,LA,ASW,CE,Federal Contract Tower,0,0,2,0,2,0,0,28,0,28,0,0,30,0,30,0,0,0,30
07/04/2007,CWF,LA,ASW,CE,Federal Contract Tower,0,0,0,0,0,0,4,10,0,14,0,4,10,0,14,0,0,0,14
07/05/2007,CWF,LA,ASW,CE,Federal Contract Tower,2,0,3,0,5,0,4,33,0,37,2,4,36,0,42,0,0,0,42
07/06/2007,CWF,LA,ASW,CE,Federal Contract Tower,1,0,1,1,3,0,0,16,3,19,1,0,17,4,22,0,0,0,22
07/07/2007,CWF,LA,ASW,CE,Federal Contract Tower,0,0,2,7,9,0,2,23,0,25,0,2,25,7,34,0,0,0,34
07/08/2007,CWF,LA,ASW,CE,Federal Contract Tower,2,0,2,4,8,0,4,28,0,32,2,4,30,4,40,0,0,0,40
07/09/2007,CWF,LA,ASW,CE,Federal Contract Tower,0,0,2,18,20,0,7,41,17,65,0,7,43,35,85,3,18,21,106
07/10/2007,CWF,LA,ASW,CE,Federal Contract Tower,0,0,6,70,76,0,4,50,20,74,0,4,56,90,150,6,24,30,180
07/11/2007,CWF,LA,ASW,CE,Federal Contract Tower,2,0,7,31,40,0,8,45,14,67,2,8,52,45,107,6,50,56,163
07/12/2007,CWF,LA,ASW,CE,Federal Contract Tower,0,0,11,29,40,0,0,47,23,70,0,0,58,52,110,0,40,40,150
07/13/2007,CWF,LA,ASW,CE,Federal Contract Tower,0,0,7,31,38,0,8,39,25,72,0,8,46,56,110,2,0,2,112
07/14/2007,CWF,LA,ASW,CE,Federal Contract Tower,6,0,7,1,14,0,0,20,0,20,6,0,27,1,34,2,0,2,36
07/15/2007,CWF,LA,ASW,CE,Federal Contract Tower,1,0,2,2,5,0,0,17,0,17,1,0,19,2,22,0,0,0,22
07/16/2007,CWF,LA,ASW,CE,Federal Contract Tower,0,0,8,1,9,0,0,24,1,25,0,0,32,2,34,2,0,2,36
07/17/2007,CWF,LA,ASW,CE,Federal Contract Tower,0,0,2,5,7,0,8,32,2,42,0,8,34,7,49,2,0,2,51
07/18/2007,CWF,LA,ASW,CE,Federal Contract Tower,0,0,6,20,26,0,10,34,14,58,0,10,40,34,84,2,2,4,88
07/19/2007,CWF,LA,ASW,CE,Federal Contract Tower,0,0,1,2,3,0,4,38,2,44,0,4,39,4,47,0,0,0,47
07/20/2007,CWF,LA,ASW,CE,Federal Contract Tower,2,0,8,6,16,1,7,41,1,50,3,7,49,7,66,12,10,22,88
07/21/2007,CWF,LA,ASW,CE,Federal Contract Tower,0,0,0,8,8,0,4,13,1,18,0,4,13,9,26,8,6,14,40
07/22/2007,CWF,LA,ASW,CE,Federal Contract Tower,1,0,0,19,20,0,4,19,2,25,1,4,19,21,45,0,0,0,45
07/23/2007,CWF,LA,ASW,CE,Federal Contract Tower,0,0,5,42,47,0,8,46,31,85,0,8,51,73,132,20,80,100,232
07/24/2007,CWF,LA,ASW,CE,Federal Contract Tower,0,0,5,91,96,0,8,39,39,86,0,8,44,130,182,0,68,68,250
07/25/2007,CWF,LA,ASW,CE,Federal Contract Tower,1,0,9,16,26,0,2,40,2,44,1,2,49,18,70,0,0,0,70
07/26/2007,CWF,LA,ASW,CE,Federal Contract Tower,0,0,6,7,13,0,10,30,0,40,0,10,36,7,53,0,0,0,53
07/27/2007,CWF,LA,ASW,CE,Federal Contract Tower,0,0,8,2,10,0,0,6,0,6,0,0,14,2,16,0,0,0,16
07/28/2007,CWF,LA,ASW,CE,Federal Contract Tower,0,0,2,2,4,0,4,10,0,14,0,4,12,2,18,0,0,0,18
07/29/2007,CWF,LA,ASW,CE,Federal Contract Tower,1,0,5,26,32,0,4,36,4,44,1,4,41,30,76,0,14,14,90
07/30/2007,CWF,LA,ASW,CE,Federal Contract Tower,1,0,6,51,58,0,6,49,5,60,1,6,55,56,118,10,30,40,158
07/31/2007,CWF,LA,ASW,CE,Federal Contract Tower,0,0,3,10,13,0,0,27,0,27,0,0,30,10,40,0,0,0,40
08/01/2007,CWF,LA,ASW,CE,Federal Contract Tower,2,0,3,8,13,0,0,19,7,26,2,0,22,15,39,0,0,0,39
08/02/2007,CWF,LA,ASW,CE,Federal Contract Tower,1,0,5,20,26,0,10,39,5,54,1,10,44,25,80,0,10,10,90
08/03/2007,CWF,LA,ASW,CE,Federal Contract Tower,1,0,6,75,82,0,8,15,12,35,1,8,21,87,117,0,28,28,145
08/04/2007,CWF,LA,ASW,CE,Federal Contract Tower,0,0,2,13,15,0,0,35,4,39,0,0,37,17,54,0,4,4,58
08/05/2007,CWF,LA,ASW,CE,Federal Contract Tower,0,0,1,27,28,0,0,20,7,27,0,0,21,34,55,0,4,4,59
08/06/2007,CWF,LA,ASW,CE,Federal Contract Tower,0,2,9,21,32,0,4,48,24,76,0,6,57,45,108,0,28,28,136
08/07/2007,CWF,LA,ASW,CE,Federal Contract Tower,0,0,15,47,62,0,0,42,21,63,0,0,57,68,125,10,52,62,187
08/08/2007,CWF,LA,ASW,CE,Federal Contract Tower,1,10,11,28,50,1,7,30,20,58,2,17,41,48,108,0,74,74,182
08/09/2007,CWF,LA,ASW,CE,Federal Contract Tower,0,4,13,25,42,0,6,34,20,60,0,10,47,45,102,12,2,14,116
08/10/2007,CWF,LA,ASW,CE,Federal Contract Tower,1,0,9,82,92,0,4,15,33,52,1,4,24,115,144,2,14,16,160
08/11/2007,CWF,LA,ASW,CE,Federal Contract Tower,0,0,6,10,16,0,2,23,2,27,0,2,29,12,43,0,2,2,45
08/12/2007,CWF,LA,ASW,CE,Federal Contract Tower,2,0,12,31,45,2,6,21,2,31,4,6,33,33,76,0,2,2,78
08/13/2007,CWF,LA,ASW,CE,Federal Contract Tower,0,1,5,58,64,0,13,24,25,62,0,14,29,83,126,0,26,26,152
08/14/2007,CWF,LA,ASW,CE,Federal Contract Tower,7,4,2,45,58,0,7,16,32,55,7,11,18,77,113,0,100,100,213
08/15/2007,CWF,LA,ASW,CE,Federal Contract Tower,5,0,13,46,64,0,5,39,4,48,5,5,52,50,112,6,14,20,132
08/16/2007,CWF,LA,ASW,CE,Federal Contract Tower,1,0,4,8,13,0,8,12,2,22,1,8,16,10,35,0,0,0,35
08/17/2007,CWF,LA,ASW,CE,Federal Contract Tower,1,0,11,0,12,0,4,31,1,36,1,4,42,1,48,0,0,0,48
08/18/2007,CWF,LA,ASW,CE,Federal Contract Tower,1,0,7,9,17,0,4,10,1,15,1,4,17,10,32,0,4,4,36
08/19/2007,CWF,LA,ASW,CE,Federal Contract Tower,2,0,13,16,31,0,2,26,11,39,2,2,39,27,70,0,0,0,70
08/20/2007,CWF,LA,ASW,CE,Federal Contract Tower,0,0,7,55,62,0,16,23,12,51,0,16,30,67,113,0,42,42,155
08/21/2007,CWF,LA,ASW,CE,Federal Contract Tower,0,2,18,37,57,0,5,35,9,49,0,7,53,46,106,0,8,8,114
08/22/2007,CWF,LA,ASW,CE,Federal Contract Tower,0,3,27,94,124,0,4,34,13,51,0,7,61,107,175,6,50,56,231
08/23/2007,CWF,LA,ASW,CE,Federal Contract Tower,7,3,29,34,73,0,8,49,10,67,7,11,78,44,140,2,4,6,146
08/24/2007,CWF,LA,ASW,CE,Federal Contract Tower,0,0,11,52,63,0,0,30,34,64,0,0,41,86,127,2,48,50,177
08/25/2007,CWF,LA,ASW,CE,Federal Contract Tower,3,0,4,18,25,0,0,26,2,28,3,0,30,20,53,0,18,18,71
08/26/2007,CWF,LA,ASW,CE,Federal Contract Tower,2,0,8,19,29,0,0,11,1,12,2,0,19,20,41,8,16,24,65
08/27/2007,CWF,LA,ASW,CE,Federal Contract Tower,0,2,11,16,29,0,9,26,0,35,0,11,37,16,64,18,12,30,94
08/28/2007,CWF,LA,ASW,CE,Federal Contract Tower,0,0,0,6,6,0,6,17,1,24,0,6,17,7,30,0,0,0,30
08/29/2007,CWF,LA,ASW,CE,Federal Contract Tower,0,0,4,10,14,0,6,28,4,38,0,6,32,14,52,0,6,6,58
08/30/2007,CWF,LA,ASW,CE,Federal Contract Tower,1,2,27,14,44,0,6,19,19,44,1,8,46,33,88,18,8,26,114
08/31/2007,CWF,LA,ASW,CE,Federal Contract Tower,2,0,9,14,25,0,0,23,0,23,2,0,32,14,48,4,4,8,56
09/01/2007,CWF,LA,ASW,CE,Federal Contract Tower,1,0,0,0,1,0,0,14,0,14,1,0,14,0,15,0,0,0,15
09/02/2007,CWF,LA,ASW,CE,Federal Contract Tower,5,2,2,6,15,1,2,27,0,30,6,4,29,6,45,2,0,2,47
09/03/2007,CWF,LA,ASW,CE,Federal Contract Tower,0,0,19,0,19,0,0,12,0,12,0,0,31,0,31,0,0,0,31
09/04/2007,CWF,LA,ASW,CE,Federal Contract Tower,5,2,6,16,29,0,6,14,8,28,5,8,20,24,57,0,16,16,73
09/05/2007,CWF,LA,ASW,CE,Federal Contract Tower,1,0,5,27,33,0,8,30,21,59,1,8,35,48,92,0,36,36,128
09/06/2007,CWF,LA,ASW,CE,Federal Contract Tower,0,0,7,33,40,0,8,39,3,50,0,8,46,36,90,6,30,36,126
09/07/2007,CWF,LA,ASW,CE,Federal Contract Tower,0,0,5,40,45,0,8,19,11,38,0,8,24,51,83,0,6,6,89
09/08/2007,CWF,LA,ASW,CE,Federal Contract Tower,0,0,0,32,32,0,0,42,1,43,0,0,42,33,75,8,24,32,107
09/09/2007,CWF,LA,ASW,CE,Federal Contract Tower,0,0,4,10,14,0,0,15,1,16,0,0,19,11,30,12,0,12,42
09/10/2007,CWF,LA,ASW,CE,Federal Contract Tower,0,0,11,112,123,0,8,38,11,57,0,8,49,123,180,10,112,122,302
09/11/2007,CWF,LA,ASW,CE,Federal Contract Tower,0,0,12,22,34,0,6,23,1,30,0,6,35,23,64,10,12,22,86
09/12/2007,CWF,LA,ASW,CE,Federal Contract Tower,0,0,0,4,4,0,0,9,7,16,0,0,9,11,20,0,0,0,20
09/13/2007,CWF,LA,ASW,CE,Federal Contract Tower,0,0,2,0,2,0,0,10,6,16,0,0,12,6,18,0,0,0,18
09/14/2007,CWF,LA,ASW,CE,Federal Contract Tower,1,2,0,19,22,0,4,63,4,71,1,6,63,23,93,4,16,20,113
09/15/2007,CWF,LA,ASW,CE,Federal Contract Tower,0,0,6,10,16,0,4,12,5,21,0,4,18,15,37,0,22,22,59
09/16/2007,CWF,LA,ASW,CE,Federal Contract Tower,2,0,3,50,55,4,4,25,3,36,6,4,28,53,91,0,8,8,99
09/17/2007,CWF,LA,ASW,CE,Federal Contract Tower,0,0,8,84,92,0,4,24,13,41,0,4,32,97,133,8,62,70,203
09/18/2007,CWF,LA,ASW,CE,Federal Contract Tower,2,0,19,65,86,0,8,27,16,51,2,8,46,81,137,20,84,104,241
09/19/2007,CWF,LA,ASW,CE,Federal Contract Tower,0,0,4,57,61,0,4,21,13,38,0,4,25,70,99,20,76,96,195
09/20/2007,CWF,LA,ASW,CE,Federal Contract Tower,0,0,13,55,68,0,8,33,8,49,0,8,46,63,117,14,30,44,161
09/21/2007,CWF,LA,ASW,CE,Federal Contract Tower,3,1,8,75,87,0,7,24,46,77,3,8,32,121,164,6,130,136,300
09/22/2007,CWF,LA,ASW,CE,Federal Contract Tower,0,0,2,11,13,0,0,6,2,8,0,0,8,13,21,10,0,10,31
09/23/2007,CWF,LA,ASW,CE,Federal Contract Tower,0,0,4,12,16,0,0,14,9,23,0,0,18,21,39,12,16,28,67
09/24/2007,CWF,LA,ASW,CE,Federal Contract Tower,0,0,4,6,10,0,0,4,0,4,0,0,8,6,14,0,0,0,14
09/25/2007,CWF,LA,ASW,CE,Federal Contract Tower,0,0,2,9,11,0,0,7,1,8,0,0,9,10,19,0,0,0,19
09/26/2007,CWF,LA,ASW,CE,Federal Contract Tower,0,0,2,28,30,0,2,17,8,27,0,2,19,36,57,14,12,26,83
09/27/2007,CWF,LA,ASW,CE,Federal Contract Tower,0,0,12,16,28,0,8,22,8,38,0,8,34,24,66,2,0,2,68
09/28/2007,CWF,LA,ASW,CE,Federal Contract Tower,2,1,4,13,20,0,9,19,9,37,2,10,23,22,57,0,20,20,77
09/29/2007,CWF,LA,ASW,CE,Federal Contract Tower,6,0,2,0,8,0,8,40,0,48,6,8,42,0,56,0,0,0,56
09/30/2007,CWF,LA,ASW,CE,Federal Contract Tower,1,0,3,0,4,0,4,22,0,26,1,4,25,0,30,0,0,0,30
10/01/2007,CWF,LA,ASW,CE,Federal Contract Tower,0,0,6,33,39,0,8,25,14,47,0,8,31,47,86,0,10,10,96
10/02/2007,CWF,LA,ASW,CE,Federal Contract Tower,1,0,8,79,88,0,9,30,7,46,1,9,38,86,134,4,46,50,184
10/03/2007,CWF,LA,ASW,CE,Federal Contract Tower,0,0,6,50,56,0,4,25,9,38,0,4,31,59,94,0,62,62,156
10/04/2007,CWF,LA,ASW,CE,Federal Contract Tower,0,0,16,49,65,0,10,27,10,47,0,10,43,59,112,0,48,48,160
10/05/2007,CWF,LA,ASW,CE,Federal Contract Tower,1,0,2,46,49,0,4,14,3,21,1,4,16,49,70,0,38,38,108
10/06/2007,CWF,LA,ASW,CE,Federal Contract Tower,4,0,2,2,8,0,2,16,1,19,4,2,18,3,27,6,0,6,33
10/07/2007,CWF,LA,ASW,CE,Federal Contract Tower,1,0,2,4,7,0,0,0,0,0,1,0,2,4,7,0,0,0,7
10/08/2007,CWF,LA,ASW,CE,Federal Contract Tower,0,2,16,13,31,0,0,6,2,8,0,2,22,15,39,0,2,2,41
10/09/2007,CWF,LA,ASW,CE,Federal Contract Tower,0,0,11,32,43,0,10,17,7,34,0,10,28,39,77,34,16,50,127
10/10/2007,CWF,LA,ASW,CE,Federal Contract Tower,0,4,9,54,67,0,3,33,19,55,0,7,42,73,122,0,46,46,168
10/11/2007,CWF,LA,ASW,CE,Federal Contract Tower,2,0,1,78,81,0,6,48,18,72,2,6,49,96,153,4,94,98,251
10/12/2007,CWF,LA,ASW,CE,Federal Contract Tower,3,0,6,65,74,0,6,22,11,39,3,6,28,76,113,2,56,58,171
10/13/2007,CWF,LA,ASW,CE,Federal Contract Tower,2,0,4,28,34,0,2,26,2,30,2,2,30,30,64,16,2,18,82
10/14/2007,CWF,LA,ASW,CE,Federal Contract Tower,0,0,13,39,52,0,2,22,5,29,0,2,35,44,81,0,26,26,107
10/15/2007,CWF,LA,ASW,CE,Federal Contract Tower,0,0,2,18,20,0,4,23,5,32,0,4,25,23,52,12,20,32,84
10/16/2007,CWF,LA,ASW,CE,Federal Contract Tower,0,0,3,29,32,0,11,51,0,62,0,11,54,29,94,0,34,34,128
10/17/2007,CWF,LA,ASW,CE,Federal Contract Tower,0,0,6,0,6,0,2,3,0,5,0,2,9,0,11,0,0,0,11
10/18/2007,CWF,LA,ASW,CE,Federal Contract Tower,0,0,3,56,59,2,6,32,7,47,2,6,35,63,106,0,38,38,144
10/19/2007,CWF,LA,ASW,CE,Federal Contract Tower,0,0,5,80,85,0,6,28,17,51,0,6,33,97,136,8,40,48,184
10/20/2007,CWF,LA,ASW,CE,Federal Contract Tower,0,0,2,13,15,0,2,20,5,27,0,2,22,18,42,16,40,56,98
10/21/2007,CWF,LA,ASW,CE,Federal Contract Tower,0,0,2,19,21,0,8,19,6,33,0,8,21,25,54,0,34,34,88
10/22/2007,CWF,LA,ASW,CE,Federal Contract Tower,0,0,2,7,9,0,0,3,1,4,0,0,5,8,13,0,0,0,13
10/23/2007,CWF,LA,ASW,CE,Federal Contract Tower,0,0,9,55,64,0,11,31,8,50,0,11,40,63,114,0,46,46,160
10/24/2007,CWF,LA,ASW,CE,Federal Contract Tower,1,0,8,62,71,0,11,22,6,39,1,11,30,68,110,0,26,26,136
10/25/2007,CWF,LA,ASW,CE,Federal Contract Tower,0,0,7,70,77,0,7,32,17,56,0,7,39,87,133,12,30,42,175
10/26/2007,CWF,LA,ASW,CE,Federal Contract Tower,0,0,0,60,60,0,2,34,11,47,0,2,34,71,107,2,50,52,159
10/27/2007,CWF,LA,ASW,CE,Federal Contract Tower,4,0,2,10,16,1,4,10,0,15,5,4,12,10,31,4,0,4,35
10/28/2007,CWF,LA,ASW,CE,Federal Contract Tower,4,0,1,20,25,0,4,12,0,16,4,4,13,20,41,0,26,26,67
10/29/2007,CWF,LA,ASW,CE,Federal Contract Tower,1,3,6,24,34,0,9,26,0,35,1,12,32,24,69,46,6,52,121
10/30/2007,CWF,LA,ASW,CE,Federal Contract Tower,8,2,9,43,62,3,30,28,4,65,11,32,37,47,127,12,20,32,159
10/31/2007,CWF,LA,ASW,CE,Federal Contract Tower,0,0,2,32,34,0,10,27,8,45,0,10,29,40,79,10,10,20,99
11/01/2007,CWF,LA,ASW,CE,Federal Contract Tower,3,0,4,52,59,0,8,20,2,30,3,8,24,54,89,0,16,16,105
11/02/2007,CWF,LA,ASW,CE,Federal Contract Tower,1,0,2,78,81,0,6,27,12,45,1,6,29,90,126,0,52,52,178
11/04/2007,CWF,LA,ASW,CE,Federal Contract Tower,0,0,9,16,25,0,4,20,0,24,0,4,29,16,49,10,0,10,59
11/05/2007,CWF,LA,ASW,CE,Federal Contract Tower,0,0,6,61,67,0,12,32,1,45,0,12,38,62,112,0,38,38,150
11/06/2007,CWF,LA,ASW,CE,Federal Contract Tower,0,1,12,48,61,0,8,22,4,34,0,9,34,52,95,10,36,46,141
11/07/2007,CWF,LA,ASW,CE,Federal Contract Tower,0,3,3,76,82,0,11,8,13,32,0,14,11,89,114,4,66,70,184
11/08/2007,CWF,LA,ASW,CE,Federal Contract Tower,0,0,8,61,69,0,10,21,7,38,0,10,29,68,107,18,78,96,203
11/09/2007,CWF,LA,ASW,CE,Federal Contract Tower,0,0,6,25,31,0,17,31,0,48,0,17,37,25,79,0,0,0,79
11/10/2007,CWF,LA,ASW,CE,Federal Contract Tower,0,0,7,0,7,0,6,4,9,19,0,6,11,9,26,0,0,0,26
11/11/2007,CWF,LA,ASW,CE,Federal Contract Tower,1,0,1,4,6,0,4,18,0,22,1,4,19,4,28,0,0,0,28
11/12/2007,CWF,LA,ASW,CE,Federal Contract Tower,0,0,1,7,8,0,10,7,2,19,0,10,8,9,27,6,0,6,33
11/13/2007,CWF,LA,ASW,CE,Federal Contract Tower,1,0,1,47,49,0,8,34,1,43,1,8,35,48,92,10,8,18,110
11/14/2007,CWF,LA,ASW,CE,Federal Contract Tower,0,0,8,27,35,0,10,35,5,50,0,10,43,32,85,0,32,32,117
11/15/2007,CWF,LA,ASW,CE,Federal Contract Tower,0,1,3,54,58,0,10,12,9,31,0,11,15,63,89,0,56,56,145
11/16/2007,CWF,LA,ASW,CE,Federal Contract Tower,0,1,3,53,57,0,4,12,5,21,0,5,15,58,78,0,42,42,120
11/17/2007,CWF,LA,ASW,CE,Federal Contract Tower,0,0,0,7,7,0,0,18,9,27,0,0,18,16,34,0,0,0,34
11/18/2007,CWF,LA,ASW,CE,Federal Contract Tower,0,1,7,9,17,0,0,4,0,4,0,1,11,9,21,0,0,0,21
11/19/2007,CWF,LA,ASW,CE,Federal Contract Tower,0,6,4,26,36,0,9,13,9,31,0,15,17,35,67,32,26,58,125
11/20/2007,CWF,LA,ASW,CE,Federal Contract Tower,0,3,2,28,33,0,15,19,10,44,0,18,21,38,77,0,26,26,103
11/21/2007,CWF,LA,ASW,CE,Federal Contract Tower,2,0,1,11,14,0,0,22,1,23,2,0,23,12,37,0,8,8,45
11/22/2007,CWF,LA,ASW,CE,Federal Contract Tower,0,0,1,0,1,0,0,7,0,7,0,0,8,0,8,4,0,4,12
11/23/2007,CWF,LA,ASW,CE,Federal Contract Tower,0,0,7,0,7,0,0,10,0,10,0,0,17,0,17,0,0,0,17
11/24/2007,CWF,LA,ASW,CE,Federal Contract Tower,0,0,2,0,2,0,0,2,0,2,0,0,4,0,4,0,0,0,4
11/25/2007,CWF,LA,ASW,CE,Federal Contract Tower,1,0,9,0,10,0,0,0,0,0,1,0,9,0,10,0,0,0,10
11/26/2007,CWF,LA,ASW,CE,Federal Contract Tower,0,2,7,29,38,0,12,20,35,67,0,14,27,64,105,0,46,46,151
11/27/2007,CWF,LA,ASW,CE,Federal Contract Tower,0,0,5,46,51,0,8,27,19,54,0,8,32,65,105,8,18,26,131
11/28/2007,CWF,LA,ASW,CE,Federal Contract Tower,0,0,6,27,33,0,11,28,9,48,0,11,34,36,81,0,42,42,123
11/29/2007,CWF,LA,ASW,CE,Federal Contract Tower,0,2,8,48,58,0,10,17,4,31,0,12,25,52,89,2,4,6,95
11/30/2007,CWF,LA,ASW,CE,Federal Contract Tower,0,0,8,135,143,0,2,16,21,39,0,2,24,156,182,0,84,84,266
12/01/2007,CWF,LA,ASW,CE,Federal Contract Tower,0,0,5,42,47,0,2,3,19,24,0,2,8,61,71,0,42,42,113
12/02/2007,CWF,LA,ASW,CE,Federal Contract Tower,0,0,8,53,61,0,0,2,7,9,0,0,10,60,70,8,16,24,94
12/03/2007,CWF,LA,ASW,CE,Federal Contract Tower,2,0,2,24,28,0,0,0,3,3,2,0,2,27,31,0,24,24,55
12/04/2007,CWF,LA,ASW,CE,Federal Contract Tower,0,0,1,9,10,0,10,12,5,27,0,10,13,14,37,2,14,16,53
12/05/2007,CWF,LA,ASW,CE,Federal Contract Tower,0,0,5,27,32,0,8,22,16,46,0,8,27,43,78,14,28,42,120
12/06/2007,CWF,LA,ASW,CE,Federal Contract Tower,0,0,20,66,86,0,4,5,4,13,0,4,25,70,99,14,80,94,193
12/07/2007,CWF,LA,ASW,CE,Federal Contract Tower,0,0,23,24,47,0,0,9,5,14,0,0,32,29,61,0,22,22,83
12/08/2007,CWF,LA,ASW,CE,Federal Contract Tower,0,0,2,28,30,0,0,0,0,0,0,0,2,28,30,0,12,12,42
12/09/2007,CWF,LA,ASW,CE,Federal Contract Tower,0,1,1,2,4,0,0,2,0,2,0,1,3,2,6,0,0,0,6
12/10/2007,CWF,LA,ASW,CE,Federal Contract Tower,5,3,2,107,117,0,0,17,7,24,5,3,19,114,141,4,152,156,297
12/11/2007,CWF,LA,ASW,CE,Federal Contract Tower,0,0,6,124,130,0,0,0,10,10,0,0,6,134,140,0,40,40,180
12/12/2007,CWF,LA,ASW,CE,Federal Contract Tower,1,0,10,31,42,0,0,2,2,4,1,0,12,33,46,6,0,6,52
12/13/2007,CWF,LA,ASW,CE,Federal Contract Tower,0,4,18,31,53,0,5,0,0,5,0,9,18,31,58,0,2,2,60
12/14/2007,CWF,LA,ASW,CE,Federal Contract Tower,0,1,38,66,105,0,0,0,0,0,0,1,38,66,105,0,0,0,105
12/15/2007,CWF,LA,ASW,CE,Federal Contract Tower,2,2,3,3,10,0,0,4,1,5,2,2,7,4,15,0,0,0,15
12/16/2007,CWF,LA,ASW,CE,Federal Contract Tower,1,0,13,7,21,0,1,5,7,13,1,1,18,14,34,6,0,6,40
12/17/2007,CWF,LA,ASW,CE,Federal Contract Tower,0,0,6,28,34,0,2,4,21,27,0,2,10,49,61,6,24,30,91
12/18/2007,CWF,LA,ASW,CE,Federal Contract Tower,0,2,6,32,40,0,3,7,3,13,0,5,13,35,53,0,14,14,67
12/19/2007,CWF,LA,ASW,CE,Federal Contract Tower,0,4,4,36,44,0,5,5,1,11,0,9,9,37,55,0,10,10,65
12/20/2007,CWF,LA,ASW,CE,Federal Contract Tower,0,0,0,1,1,0,2,4,1,7,0,2,4,2,8,0,0,0,8
12/21/2007,CWF,LA,ASW,CE,Federal Contract Tower,4,0,8,19,31,0,2,7,4,13,4,2,15,23,44,6,36,42,86
12/22/2007,CWF,LA,ASW,CE,Federal Contract Tower,1,0,4,0,5,0,0,2,0,2,1,0,6,0,7,0,0,0,7
12/23/2007,CWF,LA,ASW,CE,Federal Contract Tower,3,4,0,0,7,0,2,5,0,7,3,6,5,0,14,2,0,2,16
12/24/2007,CWF,LA,ASW,CE,Federal Contract Tower,0,0,0,0,0,0,0,8,0,8,0,0,8,0,8,2,0,2,10
12/25/2007,CWF,LA,ASW,CE,Federal Contract Tower,0,0,1,0,1,0,2,1,0,3,0,2,2,0,4,0,0,0,4
12/26/2007,CWF,LA,ASW,CE,Federal Contract Tower,2,0,5,0,7,0,0,0,0,0,2,0,5,0,7,0,0,0,7
12/27/2007,CWF,LA,ASW,CE,Federal Contract Tower,1,1,3,10,15,0,10,1,5,16,1,11,4,15,31,10,6,16,47
12/28/2007,CWF,LA,ASW,CE,Federal Contract Tower,0,0,2,0,2,0,3,9,0,12,0,3,11,0,14,0,0,0,14
12/29/2007,CWF,LA,ASW,CE,Federal Contract Tower,0,0,2,0,2,0,4,3,0,7,0,4,5,0,9,0,0,0,9
12/30/2007,CWF,LA,ASW,CE,Federal Contract Tower,0,0,1,0,1,0,0,6,0,6,0,0,7,0,7,0,0,0,7
12/31/2007,CWF,LA,ASW,CE,Federal Contract Tower,0,2,1,0,3,0,0,9,0,9,0,2,10,0,12,0,0,0,12
01/01/2008,CWF,LA,ASW,CE,Federal Contract Tower,0,0,1,0,1,0,0,5,0,5,0,0,6,0,6,4,0,4,10
01/02/2008,CWF,LA,ASW,CE,Federal Contract Tower,1,0,2,0,3,0,0,9,2,11,1,0,11,2,14,0,0,0,14
01/03/2008,CWF,LA,ASW,CE,Federal Contract Tower,2,0,8,10,20,0,4,10,4,18,2,4,18,14,38,20,10,30,68
01/04/2008,CWF,LA,ASW,CE,Federal Contract Tower,1,0,4,53,58,0,4,13,5,22,1,4,17,58,80,4,48,52,132
01/05/2008,CWF,LA,ASW,CE,Federal Contract Tower,1,0,3,10,14,0,0,11,0,11,1,0,14,10,25,22,0,22,47
01/06/2008,CWF,LA,ASW,CE,Federal Contract Tower,0,0,4,12,16,0,0,3,2,5,0,0,7,14,21,0,0,0,21
01/07/2008,CWF,LA,ASW,CE,Federal Contract Tower,0,1,2,38,41,0,7,2,10,19,0,8,4,48,60,0,54,54,114
01/08/2008,CWF,LA,ASW,CE,Federal Contract Tower,0,0,5,29,34,0,0,0,1,1,0,0,5,30,35,0,2,2,37
01/09/2008,CWF,LA,ASW,CE,Federal Contract Tower,0,3,10,41,54,0,0,5,0,5,0,3,15,41,59,0,10,10,69
01/10/2008,CWF,LA,ASW,CE,Federal Contract Tower,0,0,4,0,4,0,4,2,0,6,0,4,6,0,10,0,0,0,10
01/11/2008,CWF,LA,ASW,CE,Federal Contract Tower,1,1,25,74,101,0,6,10,14,30,1,7,35,88,131,14,56,70,201
01/12/2008,CWF,LA,ASW,CE,Federal Contract Tower,0,0,3,32,35,0,0,6,6,12,0,0,9,38,47,8,12,20,67
01/13/2008,CWF,LA,ASW,CE,Federal Contract Tower,1,0,4,12,17,0,0,5,0,5,1,0,9,12,22,0,0,0,22
01/14/2008,CWF,LA,ASW,CE,Federal Contract Tower,0,0,20,6,26,0,8,5,2,15,0,8,25,8,41,8,4,12,53
01/15/2008,CWF,LA,ASW,CE,Federal Contract Tower,2,2,21,15,40,1,6,0,15,22,3,8,21,30,62,8,8,16,78
01/16/2008,CWF,LA,ASW,CE,Federal Contract Tower,1,0,1,0,2,0,0,4,0,4,1,0,5,0,6,6,0,6,12
01/17/2008,CWF,LA,ASW,CE,Federal Contract Tower,2,0,6,47,55,0,7,9,2,18,2,7,15,49,73,6,36,42,115
01/18/2008,CWF,LA,ASW,CE,Federal Contract Tower,0,4,23,32,59,0,3,7,1,11,0,7,30,33,70,10,4,14,84
01/19/2008,CWF,LA,ASW,CE,Federal Contract Tower,0,0,4,3,7,0,0,8,0,8,0,0,12,3,15,16,4,20,35
01/20/2008,CWF,LA,ASW,CE,Federal Contract Tower,0,0,2,5,7,0,0,3,1,4,0,0,5,6,11,0,0,0,11
01/21/2008,CWF,LA,ASW,CE,Federal Contract Tower,0,0,9,10,19,0,1,5,0,6,0,1,14,10,25,4,10,14,39
01/22/2008,CWF,LA,ASW,CE,Federal Contract Tower,6,0,18,7,31,0,3,3,2,8,6,3,21,9,39,2,2,4,43
01/23/2008,CWF,LA,ASW,CE,Federal Contract Tower,1,0,1,9,11,0,0,0,0,0,1,0,1,9,11,0,0,0,11
01/24/2008,CWF,LA,ASW,CE,Federal Contract Tower,0,2,4,6,12,0,2,1,2,5,0,4,5,8,17,10,10,20,37
01/25/2008,CWF,LA,ASW,CE,Federal Contract Tower,0,2,0,36,38,0,11,1,0,12,0,13,1,36,50,0,0,0,50
01/26/2008,CWF,LA,ASW,CE,Federal Contract Tower,2,0,1,5,8,0,0,0,0,0,2,0,1,5,8,0,0,0,8
01/27/2008,CWF,LA,ASW,CE,Federal Contract Tower,0,0,8,22,30,0,4,0,2,6,0,4,8,24,36,4,0,4,40
01/28/2008,CWF,LA,ASW,CE,Federal Contract Tower,1,0,0,25,26,0,8,3,0,11,1,8,3,25,37,0,2,2,39
01/29/2008,CWF,LA,ASW,CE,Federal Contract Tower,0,2,4,24,30,1,6,0,4,11,1,8,4,28,41,0,2,2,43
01/30/2008,CWF,LA,ASW,CE,Federal Contract Tower,0,0,9,43,52,0,8,6,12,26,0,8,15,55,78,28,4,32,110
01/31/2008,CWF,LA,ASW,CE,Federal Contract Tower,0,2,7,4,13,0,0,0,0,0,0,2,7,4,13,2,0,2,15
02/01/2008,CWF,LA,ASW,CE,Federal Contract Tower,0,0,10,62,72,0,4,8,7,19,0,4,18,69,91,34,126,160,251
02/02/2008,CWF,LA,ASW,CE,Federal Contract Tower,0,2,1,20,23,0,3,12,3,18,0,5,13,23,41,11,46,57,98
02/03/2008,CWF,LA,ASW,CE,Federal Contract Tower,0,0,1,4,5,0,0,0,0,0,0,0,1,4,5,0,0,0,5
02/04/2008,CWF,LA,ASW,CE,Federal Contract Tower,0,2,1,17,20,0,0,1,0,1,0,2,2,17,21,0,2,2,23
02/05/2008,CWF,LA,ASW,CE,Federal Contract Tower,0,1,3,8,12,0,1,2,0,3,0,2,5,8,15,0,0,0,15
02/06/2008,CWF,LA,ASW,CE,Federal Contract Tower,0,0,8,108,116,0,4,0,8,12,0,4,8,116,128,0,184,184,312
02/07/2008,CWF,LA,ASW,CE,Federal Contract Tower,1,0,5,56,62,0,1,2,11,14,1,1,7,67,76,0,56,56,132
02/08/2008,CWF,LA,ASW,CE,Federal Contract Tower,0,2,4,49,55,0,3,4,14,21,0,5,8,63,76,40,52,92,168
02/09/2008,CWF,LA,ASW,CE,Federal Contract Tower,3,0,3,12,18,0,6,10,1,17,3,6,13,13,35,52,0,52,87
02/10/2008,CWF,LA,ASW,CE,Federal Contract Tower,0,2,5,34,41,0,4,6,3,13,0,6,11,37,54,0,18,18,72
02/11/2008,CWF,LA,ASW,CE,Federal Contract Tower,1,2,2,32,37,0,9,2,6,17,1,11,4,38,54,8,12,20,74
02/12/2008,CWF,LA,ASW,CE,Federal Contract Tower,1,2,5,4,12,0,4,0,0,4,1,6,5,4,16,0,0,0,16
02/13/2008,CWF,LA,ASW,CE,Federal Contract Tower,0,0,12,82,94,0,4,8,1,13,0,4,20,83,107,0,28,28,135
02/14/2008,CWF,LA,ASW,CE,Federal Contract Tower,2,0,13,66,81,0,9,16,1,26,2,9,29,67,107,14,80,94,201
02/15/2008,CWF,LA,ASW,CE,Federal Contract Tower,0,1,19,67,87,0,8,7,0,15,0,9,26,67,102,20,16,36,138
02/16/2008,CWF,LA,ASW,CE,Federal Contract Tower,0,2,2,4,8,0,4,0,0,4,0,6,2,4,12,0,0,0,12
02/17/2008,CWF,LA,ASW,CE,Federal Contract Tower,0,0,5,4,9,0,0,10,0,10,0,0,15,4,19,10,0,10,29
02/18/2008,CWF,LA,ASW,CE,Federal Contract Tower,0,0,11,4,15,0,10,1,0,11,0,10,12,4,26,40,0,40,66
02/19/2008,CWF,LA,ASW,CE,Federal Contract Tower,0,5,3,44,52,0,10,4,0,14,0,15,7,44,66,0,42,42,108
02/20/2008,CWF,LA,ASW,CE,Federal Contract Tower,0,5,0,61,66,0,11,2,8,21,0,16,2,69,87,28,26,54,141
02/21/2008,CWF,LA,ASW,CE,Federal Contract Tower,0,0,4,2,6,0,0,0,0,0,0,0,4,2,6,0,0,0,6
02/22/2008,CWF,LA,ASW,CE,Federal Contract Tower,0,0,8,41,49,0,0,5,0,5,0,0,13,41,54,20,6,26,80
02/23/2008,CWF,LA,ASW,CE,Federal Contract Tower,0,5,0,25,30,0,0,12,9,21,0,5,12,34,51,18,36,54,105
02/24/2008,CWF,LA,ASW,CE,Federal Contract Tower,0,0,2,28,30,0,0,2,4,6,0,0,4,32,36,0,10,10,46
02/25/2008,CWF,LA,ASW,CE,Federal Contract Tower,0,0,4,58,62,0,0,1,0,1,0,0,5,58,63,6,0,6,69
02/26/2008,CWF,LA,ASW,CE,Federal Contract Tower,0,0,9,72,81,0,10,4,3,17,0,10,13,75,98,2,30,32,130
02/27/2008,CWF,LA,ASW,CE,Federal Contract Tower,0,1,5,63,69,0,5,5,5,15,0,6,10,68,84,14,46,60,144
02/28/2008,CWF,LA,ASW,CE,Federal Contract Tower,0,0,20,103,123,0,4,5,6,15,0,4,25,109,138,4,122,126,264
02/29/2008,CWF,LA,ASW,CE,Federal Contract Tower,2,0,6,104,112,0,4,8,5,17,2,4,14,109,129,6,74,80,209
03/01/2008,CWF,LA,ASW,CE,Federal Contract Tower,0,0,4,31,35,0,1,11,5,17,0,1,15,36,52,4,54,58,110
03/02/2008,CWF,LA,ASW,CE,Federal Contract Tower,0,0,5,10,15,0,0,4,2,6,0,0,9,12,21,6,0,6,27
03/03/2008,CWF,LA,ASW,CE,Federal Contract Tower,0,0,1,3,4,0,0,0,0,0,0,0,1,3,4,0,0,0,4
03/04/2008,CWF,LA,ASW,CE,Federal Contract Tower,1,2,23,65,91,0,3,6,4,13,1,5,29,69,104,24,36,60,164
03/05/2008,CWF,LA,ASW,CE,Federal Contract Tower,0,0,17,21,38,0,10,5,0,15,0,10,22,21,53,22,54,76,129
03/06/2008,CWF,LA,ASW,CE,Federal Contract Tower,0,0,3,26,29,0,3,0,7,10,0,3,3,33,39,0,48,48,87
03/07/2008,CWF,LA,ASW,CE,Federal Contract Tower,0,0,2,62,64,0,1,0,6,7,0,1,2,68,71,0,30,30,101
03/08/2008,CWF,LA,ASW,CE,Federal Contract Tower,0,0,0,29,29,0,0,15,0,15,0,0,15,29,44,2,48,50,94
03/09/2008,CWF,LA,ASW,CE,Federal Contract Tower,0,2,5,6,13,0,0,3,2,5,0,2,8,8,18,12,0,12,30
03/10/2008,CWF,LA,ASW,CE,Federal Contract Tower,0,2,8,10,20,0,10,0,0,10,0,12,8,10,30,0,0,0,30
03/11/2008,CWF,LA,ASW,CE,Federal Contract Tower,2,4,23,24,53,0,12,8,3,23,2,16,31,27,76,42,0,42,118
03/12/2008,CWF,LA,ASW,CE,Federal Contract Tower,0,0,23,75,98,0,4,16,4,24,0,4,39,79,122,30,28,58,180
03/13/2008,CWF,LA,ASW,CE,Federal Contract Tower,1,0,7,74,82,0,6,2,3,11,1,6,9,77,93,0,112,112,205
03/14/2008,CWF,LA,ASW,CE,Federal Contract Tower,0,0,16,133,149,0,0,3,4,7,0,0,19,137,156,2,78,80,236
03/15/2008,CWF,LA,ASW,CE,Federal Contract Tower,0,0,1,13,14,0,4,6,10,20,0,4,7,23,34,0,16,16,50
03/16/2008,CWF,LA,ASW,CE,Federal Contract Tower,0,2,5,37,44,0,2,7,0,9,0,4,12,37,53,0,38,38,91
03/17/2008,CWF,LA,ASW,CE,Federal Contract Tower,0,0,9,27,36,0,2,2,1,5,0,2,11,28,41,8,6,14,55
03/18/2008,CWF,LA,ASW,CE,Federal Contract Tower,0,0,3,22,25,0,0,0,0,0,0,0,3,22,25,0,8,8,33
03/19/2008,CWF,LA,ASW,CE,Federal Contract Tower,0,0,7,23,30,0,8,7,1,16,0,8,14,24,46,2,22,24,70
03/20/2008,CWF,LA,ASW,CE,Federal Contract Tower,7,2,13,43,65,0,11,10,1,22,7,13,23,44,87,54,18,72,159
03/21/2008,CWF,LA,ASW,CE,Federal Contract Tower,0,2,17,76,95,0,8,5,2,15,0,10,22,78,110,0,44,44,154
03/22/2008,CWF,LA,ASW,CE,Federal Contract Tower,0,0,18,10,28,0,1,5,0,6,0,1,23,10,34,18,6,24,58
03/23/2008,CWF,LA,ASW,CE,Federal Contract Tower,0,0,3,11,14,0,0,6,2,8,0,0,9,13,22,20,4,24,46
03/24/2008,CWF,LA,ASW,CE,Federal Contract Tower,0,2,10,41,53,0,2,9,7,18,0,4,19,48,71,2,46,48,119
03/25/2008,CWF,LA,ASW,CE,Federal Contract Tower,2,1,22,37,62,0,15,13,3,31,2,16,35,40,93,12,20,32,125
03/26/2008,CWF,LA,ASW,CE,Federal Contract Tower,0,2,6,26,34,0,5,4,1,10,0,7,10,27,44,0,26,26,70
03/27/2008,CWF,LA,ASW,CE,Federal Contract Tower,0,0,17,39,56,0,4,1,8,13,0,4,18,47,69,10,48,58,127
03/28/2008,CWF,LA,ASW,CE,Federal Contract Tower,2,0,15,56,73,0,8,3,4,15,2,8,18,60,88,2,40,42,130
03/29/2008,CWF,LA,ASW,CE,Federal Contract Tower,0,0,0,26,26,0,4,2,5,11,0,4,2,31,37,0,10,10,47
03/30/2008,CWF,LA,ASW,CE,Federal Contract Tower,0,0,11,28,39,0,4,1,0,5,0,4,12,28,44,14,4,18,62
03/31/2008,CWF,LA,ASW,CE,Federal Contract Tower,2,0,7,39,48,2,0,0,3,5,4,0,7,42,53,22,30,52,105
04/01/2008,CWF,LA,ASW,CE,Federal Contract Tower,2,5,8,6,21,0,3,0,4,7,2,8,8,10,28,0,10,10,38
04/02/2008,CWF,LA,ASW,CE,Federal Contract Tower,0,0,14,40,54,0,0,5,0,5,0,0,19,40,59,2,2,4,63
04/03/2008,CWF,LA,ASW,CE,Federal Contract Tower,0,1,16,41,58,0,7,10,1,18,0,8,26,42,76,0,16,16,92
04/04/2008,CWF,LA,ASW,CE,Federal Contract Tower,0,2,7,8,17,0,4,3,0,7,0,6,10,8,24,0,0,0,24
04/05/2008,CWF,LA,ASW,CE,Federal Contract Tower,0,0,4,32,36,0,0,5,0,5,0,0,9,32,41,14,4,18,59
04/06/2008,CWF,LA,ASW,CE,Federal Contract Tower,0,0,9,35,44,0,0,11,2,13,0,0,20,37,57,14,26,40,97
04/07/2008,CWF,LA,ASW,CE,Federal Contract Tower,0,0,4,31,35,0,0,2,2,4,0,0,6,33,39,0,26,26,65
04/08/2008,CWF,LA,ASW,CE,Federal Contract Tower,0,6,7,65,78,0,7,5,5,17,0,13,12,70,95,6,66,72,167
04/09/2008,CWF,LA,ASW,CE,Federal Contract Tower,0,2,9,20,31,0,13,3,2,18,0,15,12,22,49,0,8,8,57
04/10/2008,CWF,LA,ASW,CE,Federal Contract Tower,0,0,6,15,21,0,0,0,1,1,0,0,6,16,22,0,50,50,72
04/11/2008,CWF,LA,ASW,CE,Federal Contract Tower,0,0,10,24,34,0,0,4,0,4,0,0,14,24,38,0,16,16,54
04/12/2008,CWF,LA,ASW,CE,Federal Contract Tower,0,0,1,27,28,0,4,3,1,8,0,4,4,28,36,0,50,50,86
04/13/2008,CWF,LA,ASW,CE,Federal Contract Tower,0,0,14,2,16,0,0,4,0,4,0,0,18,2,20,4,0,4,24
04/14/2008,CWF,LA,ASW,CE,Federal Contract Tower,2,0,1,46,49,0,9,2,4,15,2,9,3,50,64,0,26,26,90
04/15/2008,CWF,LA,ASW,CE,Federal Contract Tower,1,1,14,84,100,0,6,10,0,16,1,7,24,84,116,12,44,56,172
04/16/2008,CWF,LA,ASW,CE,Federal Contract Tower,3,0,12,37,52,0,8,5,6,19,3,8,17,43,71,6,32,38,109
04/17/2008,CWF,LA,ASW,CE,Federal Contract Tower,0,2,7,34,43,0,6,5,2,13,0,8,12,36,56,8,36,44,100
04/18/2008,CWF,LA,ASW,CE,Federal Contract Tower,0,0,2,19,21,0,0,3,3,6,0,0,5,22,27,2,6,8,35
04/19/2008,CWF,LA,ASW,CE,Federal Contract Tower,0,0,2,34,36,0,0,14,1,15,0,0,16,35,51,10,2,12,63
04/20/2008,CWF,LA,ASW,CE,Federal Contract Tower,1,0,8,11,20,0,0,5,3,8,1,0,13,14,28,18,6,24,52
04/21/2008,CWF,LA,ASW,CE,Federal Contract Tower,0,0,1,31,32,0,7,0,0,7,0,7,1,31,39,0,32,32,71
04/22/2008,CWF,LA,ASW,CE,Federal Contract Tower,0,1,10,31,42,0,0,0,0,0,0,1,10,31,42,0,46,46,88
04/23/2008,CWF,LA,ASW,CE,Federal Contract Tower,1,0,6,28,35,0,4,1,1,6,1,4,7,29,41,2,20,22,63
04/24/2008,CWF,LA,ASW,CE,Federal Contract Tower,0,0,7,28,35,0,4,11,11,26,0,4,18,39,61,18,14,32,93
04/25/2008,CWF,LA,ASW,CE,Federal Contract Tower,0,0,4,53,57,0,4,2,8,14,0,4,6,61,71,8,42,50,121
04/26/2008,CWF,LA,ASW,CE,Federal Contract Tower,1,0,2,2,5,0,0,3,0,3,1,0,5,2,8,0,0,0,8
04/27/2008,CWF,LA,ASW,CE,Federal Contract Tower,4,0,0,2,6,0,0,1,4,5,4,0,1,6,11,0,0,0,11
04/28/2008,CWF,LA,ASW,CE,Federal Contract Tower,0,0,4,40,44,0,4,10,27,41,0,4,14,67,85,18,44,62,147
04/29/2008,CWF,LA,ASW,CE,Federal Contract Tower,5,6,9,70,90,0,5,5,2,12,5,11,14,72,102,0,44,44,146
04/30/2008,CWF,LA,ASW,CE,Federal Contract Tower,5,7,12,48,72,0,9,9,0,18,5,16,21,48,90,0,24,24,114
05/01/2008,CWF,LA,ASW,CE,Federal Contract Tower,2,2,13,45,62,0,3,3,0,6,2,5,16,45,68,0,42,42,110
05/02/2008,CWF,LA,ASW,CE,Federal Contract Tower,2,0,6,17,25,0,4,3,0,7,2,4,9,17,32,0,0,0,32
05/03/2008,CWF,LA,ASW,CE,Federal Contract Tower,0,0,5,20,25,0,8,9,0,17,0,8,14,20,42,0,26,26,68
05/04/2008,CWF,LA,ASW,CE,Federal Contract Tower,2,0,4,4,10,0,0,5,2,7,2,0,9,6,17,0,12,12,29
05/05/2008,CWF,LA,ASW,CE,Federal Contract Tower,0,0,4,6,10,0,0,2,0,2,0,0,6,6,12,0,0,0,12
05/06/2008,CWF,LA,ASW,CE,Federal Contract Tower,0,0,2,32,34,0,7,0,0,7,0,7,2,32,41,0,20,20,61
05/07/2008,CWF,LA,ASW,CE,Federal Contract Tower,0,0,3,28,31,0,9,2,0,11,0,9,5,28,42,0,0,0,42
05/08/2008,CWF,LA,ASW,CE,Federal Contract Tower,7,2,7,25,41,0,5,4,2,11,7,7,11,27,52,12,2,14,66
05/09/2008,CWF,LA,ASW,CE,Federal Contract Tower,0,0,7,49,56,0,2,10,4,16,0,2,17,53,72,40,90,130,202
05/10/2008,CWF,LA,ASW,CE,Federal Contract Tower,0,0,7,12,19,0,0,5,0,5,0,0,12,12,24,0,6,6,30
05/11/2008,CWF,LA,ASW,CE,Federal Contract Tower,2,0,1,1,4,0,0,5,1,6,2,0,6,2,10,0,0,0,10
05/12/2008,CWF,LA,ASW,CE,Federal Contract Tower,0,0,4,21,25,0,9,6,3,18,0,9,10,24,43,20,16,36,79
05/13/2008,CWF,LA,ASW,CE,Federal Contract Tower,1,0,2,28,31,0,11,4,0,15,1,11,6,28,46,44,18,62,108
05/14/2008,CWF,LA,ASW,CE,Federal Contract Tower,0,0,10,5,15,0,8,0,0,8,0,8,10,5,23,0,0,0,23
05/15/2008,CWF,LA,ASW,CE,Federal Contract Tower,0,0,7,14,21,0,4,11,0,15,0,4,18,14,36,36,20,56,92
05/16/2008,CWF,LA,ASW,CE,Federal Contract Tower,0,0,1,48,49,0,0,15,5,20,0,0,16,53,69,0,32,32,101
05/17/2008,CWF,LA,ASW,CE,Federal Contract Tower,0,0,4,34,38,0,4,8,1,13,0,4,12,35,51,0,86,86,137
05/18/2008,CWF,LA,ASW,CE,Federal Contract Tower,0,0,2,29,31,0,4,16,5,25,0,4,18,34,56,0,12,12,68
05/19/2008,CWF,LA,ASW,CE,Federal Contract Tower,4,2,9,27,42,0,8,4,19,31,4,10,13,46,73,0,22,22,95
05/20/2008,CWF,LA,ASW,CE,Federal Contract Tower,4,0,5,71,80,0,8,1,0,9,4,8,6,71,89,0,68,68,157
05/21/2008,CWF,LA,ASW,CE,Federal Contract Tower,0,1,7,42,50,0,10,0,8,18,0,11,7,50,68,0,12,12,80
05/22/2008,CWF,LA,ASW,CE,Federal Contract Tower,1,0,17,4,22,0,4,6,0,10,1,4,23,4,32,0,0,0,32
05/23/2008,CWF,LA,ASW,CE,Federal Contract Tower,0,0,11,13,24,0,7,5,0,12,0,7,16,13,36,10,0,10,46
05/24/2008,CWF,LA,ASW,CE,Federal Contract Tower,0,1,2,0,3,0,1,4,0,5,0,2,6,0,8,2,0,2,10
05/25/2008,CWF,LA,ASW,CE,Federal Contract Tower,0,0,2,4,6,0,4,0,0,4,0,4,2,4,10,0,0,0,10
05/26/2008,CWF,LA,ASW,CE,Federal Contract Tower,0,0,10,6,16,0,0,8,0,8,0,0,18,6,24,14,10,24,48
05/27/2008,CWF,LA,ASW,CE,Federal Contract Tower,1,1,6,43,51,0,9,10,8,27,1,10,16,51,78,4,30,34,112
05/28/2008,CWF,LA,ASW,CE,Federal Contract Tower,0,2,8,4,14,0,9,5,0,14,0,11,13,4,28,12,0,12,40
05/29/2008,CWF,LA,ASW,CE,Federal Contract Tower,0,1,6,65,72,0,3,7,4,14,0,4,13,69,86,0,62,62,148
05/30/2008,CWF,LA,ASW,CE,Federal Contract Tower,0,0,5,66,71,0,4,12,5,21,0,4,17,71,92,0,94,94,186
05/31/2008,CWF,LA,ASW,CE,Federal Contract Tower,0,0,5,19,24,0,0,0,7,7,0,0,5,26,31,0,34,34,65
06/01/2008,CWF,LA,ASW,CE,Federal Contract Tower,0,0,3,17,20,0,4,1,4,9,0,4,4,21,29,0,12,12,41
06/02/2008,CWF,LA,ASW,CE,Federal Contract Tower,0,0,4,58,62,0,7,13,27,47,0,7,17,85,109,4,100,104,213
06/03/2008,CWF,LA,ASW,CE,Federal Contract Tower,0,1,9,29,39,0,9,0,11,20,0,10,9,40,59,20,36,56,115
06/04/2008,CWF,LA,ASW,CE,Federal Contract Tower,0,0,7,58,65,0,8,1,6,15,0,8,8,64,80,0,82,82,162
06/05/2008,CWF,LA,ASW,CE,Federal Contract Tower,0,0,10,50,60,0,4,1,8,13,0,4,11,58,73,0,82,82,155
06/06/2008,CWF,LA,ASW,CE,Federal Contract Tower,0,0,6,90,96,0,7,2,1,10,0,7,8,91,106,10,94,104,210
06/07/2008,CWF,LA,ASW,CE,Federal Contract Tower,0,0,2,11,13,0,0,3,1,4,0,0,5,12,17,1,2,3,20
06/08/2008,CWF,LA,ASW,CE,Federal Contract Tower,0,0,2,31,33,0,0,2,5,7,0,0,4,36,40,0,32,32,72
06/09/2008,CWF,LA,ASW,CE,Federal Contract Tower,0,0,25,53,78,0,8,6,3,17,0,8,31,56,95,2,104,106,201
06/10/2008,CWF,LA,ASW,CE,Federal Contract Tower,0,2,10,10,22,0,11,12,0,23,0,13,22,10,45,18,0,18,63
06/11/2008,CWF,LA,ASW,CE,Federal Contract Tower,0,0,15,22,37,0,8,9,5,22,0,8,24,27,59,4,20,24,83
06/12/2008,CWF,LA,ASW,CE,Federal Contract Tower,0,1,6,32,39,0,5,12,1,18,0,6,18,33,57,14,8,22,79
06/13/2008,CWF,LA,ASW,CE,Federal Contract Tower,0,0,3,76,79,0,10,4,7,21,0,10,7,83,100,0,54,54,154
06/14/2008,CWF,LA,ASW,CE,Federal Contract Tower,0,0,0,3,3,0,2,4,3,9,0,2,4,6,12,10,2,12,24
06/15/2008,CWF,LA,ASW,CE,Federal Contract Tower,0,0,8,26,34,0,0,0,3,3,0,0,8,29,37,10,10,20,57
06/16/2008,CWF,LA,ASW,CE,Federal Contract Tower,0,0,8,28,36,0,7,1,3,11,0,7,9,31,47,0,18,18,65
06/17/2008,CWF,LA,ASW,CE,Federal Contract Tower,0,0,6,28,34,0,6,0,3,9,0,6,6,31,43,0,10,10,53
06/18/2008,CWF,LA,ASW,CE,Federal Contract Tower,0,0,13,18,31,0,1,2,1,4,0,1,15,19,35,0,30,30,65
06/19/2008,CWF,LA,ASW,CE,Federal Contract Tower,0,0,15,38,53,0,7,9,1,17,0,7,24,39,70,20,26,46,116
06/20/2008,CWF,LA,ASW,CE,Federal Contract Tower,2,0,9,14,25,0,8,1,4,13,2,8,10,18,38,0,8,8,46
06/21/2008,CWF,LA,ASW,CE,Federal Contract Tower,0,0,8,6,14,0,9,8,3,20,0,9,16,9,34,8,2,10,44
06/22/2008,CWF,LA,ASW,CE,Federal Contract Tower,10,1,2,25,38,1,0,5,2,8,11,1,7,27,46,0,14,14,60
06/23/2008,CWF,LA,ASW,CE,Federal Contract Tower,2,0,1,50,53,0,5,13,5,23,2,5,14,55,76,0,62,62,138
06/24/2008,CWF,LA,ASW,CE,Federal Contract Tower,2,2,2,9,15,0,6,7,1,14,2,8,9,10,29,4,10,14,43
06/25/2008,CWF,LA,ASW,CE,Federal Contract Tower,3,0,4,15,22,4,10,3,1,18,7,10,7,16,40,30,14,44,84
06/26/2008,CWF,LA,ASW,CE,Federal Contract Tower,0,0,0,0,0,0,4,1,0,5,0,4,1,0,5,0,0,0,5
06/27/2008,CWF,LA,ASW,CE,Federal Contract Tower,6,0,4,18,28,0,6,4,2,12,6,6,8,20,40,22,42,64,104
06/28/2008,CWF,LA,ASW,CE,Federal Contract Tower,0,0,1,0,1,0,0,3,0,3,0,0,4,0,4,0,0,0,4
06/29/2008,CWF,LA,ASW,CE,Federal Contract Tower,0,0,0,20,20,0,0,1,1,2,0,0,1,21,22,0,4,4,26
06/30/2008,CWF,LA,ASW,CE,Federal Contract Tower,0,0,2,17,19,0,2,3,0,5,0,2,5,17,24,0,16,16,40
07/01/2008,CWF,LA,ASW,CE,Federal Contract Tower,8,0,4,76,88,0,9,20,6,35,8,9,24,82,123,22,22,44,167
07/02/2008,CWF,LA,ASW,CE,Federal Contract Tower,1,2,10,60,73,0,8,16,0,24,1,10,26,60,97,6,54,60,157
07/03/2008,CWF,LA,ASW,CE,Federal Contract Tower,0,0,7,38,45,0,4,7,9,20,0,4,14,47,65,6,54,60,125
07/04/2008,CWF,LA,ASW,CE,Federal Contract Tower,0,0,0,0,0,0,0,0,2,2,0,0,0,2,2,0,8,8,10
07/05/2008,CWF,LA,ASW,CE,Federal Contract Tower,0,1,1,0,2,0,1,1,0,2,0,2,2,0,4,0,0,0,4
07/06/2008,CWF,LA,ASW,CE,Federal Contract Tower,0,0,9,4,13,0,2,0,2,4,0,2,9,6,17,0,4,4,21
07/07/2008,CWF,LA,ASW,CE,Federal Contract Tower,0,0,6,17,23,0,12,6,3,21,0,12,12,20,44,0,10,10,54
07/08/2008,CWF,LA,ASW,CE,Federal Contract Tower,0,0,8,54,62,0,15,4,1,20,0,15,12,55,82,6,12,18,100
07/09/2008,CWF,LA,ASW,CE,Federal Contract Tower,4,0,11,35,50,1,10,2,9,22,5,10,13,44,72,10,34,44,116
07/10/2008,CWF,LA,ASW,CE,Federal Contract Tower,0,0,8,49,57,0,6,5,3,14,0,6,13,52,71,4,10,14,85
07/11/2008,CWF,LA,ASW,CE,Federal Contract Tower,3,1,6,76,86,0,3,5,2,10,3,4,11,78,96,4,110,114,210
07/12/2008,CWF,LA,ASW,CE,Federal Contract Tower,0,0,2,19,21,0,5,5,1,11,0,5,7,20,32,0,26,26,58
07/13/2008,CWF,LA,ASW,CE,Federal Contract Tower,5,1,16,13,35,0,1,4,1,6,5,2,20,14,41,0,6,6,47
07/14/2008,CWF,LA,ASW,CE,Federal Contract Tower,2,5,0,4,11,0,11,0,4,15,2,16,0,8,26,0,0,0,26
07/15/2008,CWF,LA,ASW,CE,Federal Contract Tower,0,0,17,11,28,0,1,3,2,6,0,1,20,13,34,0,12,12,46
07/16/2008,CWF,LA,ASW,CE,Federal Contract Tower,2,0,6,22,30,0,6,9,0,15,2,6,15,22,45,8,18,26,71
07/17/2008,CWF,LA,ASW,CE,Federal Contract Tower,0,1,5,67,73,0,2,3,0,5,0,3,8,67,78,0,46,46,124
07/18/2008,CWF,LA,ASW,CE,Federal Contract Tower,0,0,11,104,115,0,2,5,3,10,0,2,16,107,125,24,36,60,185
07/19/2008,CWF,LA,ASW,CE,Federal Contract Tower,0,0,2,50,52,0,0,10,16,26,0,0,12,66,78,0,92,92,170
07/20/2008,CWF,LA,ASW,CE,Federal Contract Tower,0,0,5,56,61,0,0,8,3,11,0,0,13,59,72,10,36,46,118
07/21/2008,CWF,LA,ASW,CE,Federal Contract Tower,0,0,9,64,73,0,2,8,3,13,0,2,17,67,86,4,46,50,136
07/22/2008,CWF,LA,ASW,CE,Federal Contract Tower,1,0,4,10,15,0,2,4,2,8,1,2,8,12,23,0,6,6,29
07/23/2008,CWF,LA,ASW,CE,Federal Contract Tower,0,0,2,1,3,0,1,5,0,6,0,1,7,1,9,2,0,2,11
07/24/2008,CWF,LA,ASW,CE,Federal Contract Tower,0,0,2,0,2,0,4,7,2,13,0,4,9,2,15,0,6,6,21
07/25/2008,CWF,LA,ASW,CE,Federal Contract Tower,1,0,11,39,51,0,4,1,5,10,1,4,12,44,61,0,60,60,121
07/26/2008,CWF,LA,ASW,CE,Federal Contract Tower,0,0,3,16,19,0,0,3,1,4,0,0,6,17,23,4,68,72,95
07/27/2008,CWF,LA,ASW,CE,Federal Contract Tower,0,0,7,2,9,0,0,6,0,6,0,0,13,2,15,0,2,2,17
07/28/2008,CWF,LA,ASW,CE,Federal Contract Tower,1,0,6,28,35,0,10,14,6,30,1,10,20,34,65,18,26,44,109
07/29/2008,CWF,LA,ASW,CE,Federal Contract Tower,0,0,14,55,69,0,0,11,2,13,0,0,25,57,82,14,26,40,122
07/30/2008,CWF,LA,ASW,CE,Federal Contract Tower,0,0,8,9,17,0,4,5,0,9,0,4,13,9,26,4,0,4,30
07/31/2008,CWF,LA,ASW,CE,Federal Contract Tower,0,0,11,7,18,0,2,3,5,10,0,2,14,12,28,20,0,20,48
08/01/2008,CWF,LA,ASW,CE,Federal Contract Tower,1,0,2,18,21,0,4,2,1,7,1,4,4,19,28,0,2,2,30
08/02/2008,CWF,LA,ASW,CE,Federal Contract Tower,0,0,0,9,9,0,0,4,1,5,0,0,4,10,14,0,30,30,44
08/03/2008,CWF,LA,ASW,CE,Federal Contract Tower,0,1,1,2,4,0,3,3,0,6,0,4,4,2,10,0,0,0,10
08/04/2008,CWF,LA,ASW,CE,Federal Contract Tower,6,0,6,8,20,0,6,6,0,12,6,6,12,8,32,6,14,20,52
08/05/2008,CWF,LA,ASW,CE,Federal Contract Tower,2,0,2,1,5,0,1,0,1,2,2,1,2,2,7,0,0,0,7
08/06/2008,CWF,LA,ASW,CE,Federal Contract Tower,1,0,3,26,30,0,8,2,2,12,1,8,5,28,42,0,4,4,46
08/07/2008,CWF,LA,ASW,CE,Federal Contract Tower,0,0,10,13,23,0,3,10,2,15,0,3,20,15,38,10,0,10,48
08/08/2008,CWF,LA,ASW,CE,Federal Contract Tower,0,1,9,25,35,0,0,3,2,5,0,1,12,27,40,34,16,50,90
08/09/2008,CWF,LA,ASW,CE,Federal Contract Tower,0,0,0,13,13,0,0,10,2,12,0,0,10,15,25,34,8,42,67
08/10/2008,CWF,LA,ASW,CE,Federal Contract Tower,0,1,9,13,23,0,0,2,3,5,0,1,11,16,28,6,0,6,34
08/11/2008,CWF,LA,ASW,CE,Federal Contract Tower,0,3,1,21,25,0,8,2,2,12,0,11,3,23,37,0,26,26,63
08/12/2008,CWF,LA,ASW,CE,Federal Contract Tower,1,0,1,0,2,0,6,2,0,8,1,6,3,0,10,6,0,6,16
08/13/2008,CWF,LA,ASW,CE,Federal Contract Tower,4,4,6,36,50,0,7,8,1,16,4,11,14,37,66,6,24,30,96
08/14/2008,CWF,LA,ASW,CE,Federal Contract Tower,3,0,6,91,100,0,2,20,3,25,3,2,26,94,125,2,58,60,185
08/15/2008,CWF,LA,ASW,CE,Federal Contract Tower,6,0,11,32,49,0,0,5,4,9,6,0,16,36,58,44,16,60,118
08/16/2008,CWF,LA,ASW,CE,Federal Contract Tower,0,0,1,1,2,0,0,11,0,11,0,0,12,1,13,0,0,0,13
08/17/2008,CWF,LA,ASW,CE,Federal Contract Tower,0,0,11,7,18,0,0,2,2,4,0,0,13,9,22,4,4,8,30
08/18/2008,CWF,LA,ASW,CE,Federal Contract Tower,0,0,2,23,25,0,12,1,1,14,0,12,3,24,39,0,0,0,39
08/19/2008,CWF,LA,ASW,CE,Federal Contract Tower,0,0,0,8,8,0,6,1,0,7,0,6,1,8,15,0,0,0,15
08/20/2008,CWF,LA,ASW,CE,Federal Contract Tower,0,0,4,0,4,0,0,0,0,0,0,0,4,0,4,0,0,0,4
08/21/2008,CWF,LA,ASW,CE,Federal Contract Tower,4,0,0,19,23,0,0,5,0,5,4,0,5,19,28,0,16,16,44
08/22/2008,CWF,LA,ASW,CE,Federal Contract Tower,3,2,16,28,49,0,4,15,0,19,3,6,31,28,68,32,38,70,138
08/23/2008,CWF,LA,ASW,CE,Federal Contract Tower,1,0,0,9,10,0,0,2,1,3,1,0,2,10,13,10,4,14,27
08/24/2008,CWF,LA,ASW,CE,Federal Contract Tower,1,0,12,1,14,0,2,11,0,13,1,2,23,1,27,16,0,16,43
08/25/2008,CWF,LA,ASW,CE,Federal Contract Tower,0,0,9,37,46,0,11,11,3,25,0,11,20,40,71,0,22,22,93
08/26/2008,CWF,LA,ASW,CE,Federal Contract Tower,0,0,20,56,76,0,8,6,6,20,0,8,26,62,96,22,38,60,156
08/27/2008,CWF,LA,ASW,CE,Federal Contract Tower,0,0,12,57,69,0,4,7,4,15,0,4,19,61,84,2,78,80,164
08/28/2008,CWF,LA,ASW,CE,Federal Contract Tower,0,2,13,32,47,0,2,6,6,14,0,4,19,38,61,6,10,16,77
08/29/2008,CWF,LA,ASW,CE,Federal Contract Tower,2,2,6,11,21,0,0,4,1,5,2,2,10,12,26,2,4,6,32
08/30/2008,CWF,LA,ASW,CE,Federal Contract Tower,0,4,6,5,15,0,18,4,0,22,0,22,10,5,37,4,12,16,53
08/31/2008,CWF,LA,ASW,CE,Federal Contract Tower,1,0,0,11,12,1,6,3,2,12,2,6,3,13,24,10,0,10,34
09/01/2008,CWF,LA,ASW,CE,Federal Contract Tower,0,0,0,0,0,0,0,0,0,0,0,0,0,0,0,0,0,0,0
09/02/2008,CWF,LA,ASW,CE,Federal Contract Tower,0,0,0,6,6,0,0,1,4,5,0,0,1,10,11,0,0,0,11
09/03/2008,CWF,LA,ASW,CE,Federal Contract Tower,0,0,7,4,11,0,1,2,4,7,0,1,9,8,18,0,0,0,18
09/04/2008,CWF,LA,ASW,CE,Federal Contract Tower,1,0,8,8,17,0,7,7,2,16,1,7,15,10,33,0,0,0,33
09/05/2008,CWF,LA,ASW,CE,Federal Contract Tower,0,0,11,33,44,0,3,11,0,14,0,3,22,33,58,0,4,4,62
09/06/2008,CWF,LA,ASW,CE,Federal Contract Tower,0,0,3,29,32,0,0,5,2,7,0,0,8,31,39,4,16,20,59
09/07/2008,CWF,LA,ASW,CE,Federal Contract Tower,1,0,1,5,7,0,0,4,3,7,1,0,5,8,14,0,6,6,20
09/08/2008,CWF,LA,ASW,CE,Federal Contract Tower,0,0,3,22,25,0,4,15,1,20,0,4,18,23,45,0,18,18,63
09/09/2008,CWF,LA,ASW,CE,Federal Contract Tower,2,0,5,27,34,0,8,13,2,23,2,8,18,29,57,4,64,68,125
09/10/2008,CWF,LA,ASW,CE,Federal Contract Tower,6,1,12,30,49,0,1,11,7,19,6,2,23,37,68,2,14,16,84
09/11/2008,CWF,LA,ASW,CE,Federal Contract Tower,7,2,1,54,64,0,1,6,46,53,7,3,7,100,117,0,56,56,173
09/12/2008,CWF,LA,ASW,CE,Federal Contract Tower,0,0,0,0,0,0,0,0,0,0,0,0,0,0,0,0,0,0,0
09/13/2008,CWF,LA,ASW,CE,Federal Contract Tower,0,0,0,0,0,0,0,0,11,11,0,0,0,11,11,0,0,0,11
09/14/2008,CWF,LA,ASW,CE,Federal Contract Tower,0,0,1,2,3,0,0,10,10,20,0,0,11,12,23,2,0,2,25
09/15/2008,CWF,LA,ASW,CE,Federal Contract Tower,0,3,1,12,16,0,9,26,39,74,0,12,27,51,90,4,10,14,104
09/16/2008,CWF,LA,ASW,CE,Federal Contract Tower,1,4,2,51,58,0,6,20,19,45,1,10,22,70,103,0,26,26,129
09/17/2008,CWF,LA,ASW,CE,Federal Contract Tower,0,3,4,31,38,0,3,6,27,36,0,6,10,58,74,0,26,26,100
09/18/2008,CWF,LA,ASW,CE,Federal Contract Tower,0,10,1,34,45,0,2,3,23,28,0,12,4,57,73,0,10,10,83
09/19/2008,CWF,LA,ASW,CE,Federal Contract Tower,0,2,5,61,68,0,5,13,35,53,0,7,18,96,121,14,36,50,171
09/20/2008,CWF,LA,ASW,CE,Federal Contract Tower,0,2,2,3,7,0,7,11,9,27,0,9,13,12,34,8,14,22,56
09/21/2008,CWF,LA,ASW,CE,Federal Contract Tower,0,4,0,29,33,0,2,5,16,23,0,6,5,45,56,0,2,2,58
09/22/2008,CWF,LA,ASW,CE,Federal Contract Tower,1,2,3,50,56,1,6,12,20,39,2,8,15,70,95,2,40,42,137
09/23/2008,CWF,LA,ASW,CE,Federal Contract Tower,0,1,2,52,55,0,15,8,2,25,0,16,10,54,80,0,30,30,110
09/24/2008,CWF,LA,ASW,CE,Federal Contract Tower,0,21,6,52,79,0,5,12,41,58,0,26,18,93,137,2,88,90,227
09/25/2008,CWF,LA,ASW,CE,Federal Contract Tower,0,0,13,28,41,0,4,16,2,22,0,4,29,30,63,28,0,28,91
09/26/2008,CWF,LA,ASW,CE,Federal Contract Tower,0,0,2,56,58,0,15,10,10,35,0,15,12,66,93,2,40,42,135
09/27/2008,CWF,LA,ASW,CE,Federal Contract Tower,4,0,9,2,15,0,4,4,0,8,4,4,13,2,23,0,0,0,23
09/28/2008,CWF,LA,ASW,CE,Federal Contract Tower,0,0,6,33,39,0,0,3,12,15,0,0,9,45,54,16,0,16,70
09/29/2008,CWF,LA,ASW,CE,Federal Contract Tower,4,4,6,31,45,0,8,6,4,18,4,12,12,35,63,4,4,8,71
09/30/2008,CWF,LA,ASW,CE,Federal Contract Tower,4,4,7,22,37,0,3,8,5,16,4,7,15,27,53,0,12,12,65
10/01/2008,CWF,LA,ASW,CE,Federal Contract Tower,2,1,6,18,27,0,5,7,6,18,2,6,13,24,45,28,2,30,75
10/02/2008,CWF,LA,ASW,CE,Federal Contract Tower,0,0,3,38,41,0,7,10,1,18,0,7,13,39,59,40,52,92,151
10/03/2008,CWF,LA,ASW,CE,Federal Contract Tower,3,0,5,71,79,0,11,13,5,29,3,11,18,76,108,32,56,88,196
10/04/2008,CWF,LA,ASW,CE,Federal Contract Tower,0,0,1,28,29,0,2,7,1,10,0,2,8,29,39,20,24,44,83
10/05/2008,CWF,LA,ASW,CE,Federal Contract Tower,1,0,4,15,20,0,4,4,5,13,1,4,8,20,33,0,6,6,39
10/06/2008,CWF,LA,ASW,CE,Federal Contract Tower,0,0,0,22,22,0,6,7,10,23,0,6,7,32,45,0,22,22,67
10/07/2008,CWF,LA,ASW,CE,Federal Contract Tower,0,1,10,8,19,0,3,0,2,5,0,4,10,10,24,6,0,6,30
10/08/2008,CWF,LA,ASW,CE,Federal Contract Tower,0,0,4,15,19,0,6,4,6,16,0,6,8,21,35,34,96,130,165
10/09/2008,CWF,LA,ASW,CE,Federal Contract Tower,0,0,14,57,71,0,8,10,2,20,0,8,24,59,91,48,120,168,259
10/10/2008,CWF,LA,ASW,CE,Federal Contract Tower,1,0,13,65,79,0,10,10,1,21,1,10,23,66,100,24,42,66,166
10/11/2008,CWF,LA,ASW,CE,Federal Contract Tower,0,6,6,10,22,0,6,14,3,23,0,12,20,13,45,58,22,80,125
10/12/2008,CWF,LA,ASW,CE,Federal Contract Tower,0,0,3,22,25,0,0,3,8,11,0,0,6,30,36,0,6,6,42
10/13/2008,CWF,LA,ASW,CE,Federal Contract Tower,10,2,5,19,36,0,8,5,2,15,10,10,10,21,51,16,14,30,81
10/14/2008,CWF,LA,ASW,CE,Federal Contract Tower,0,0,15,26,41,0,0,3,0,3,0,0,18,26,44,0,14,14,58
10/15/2008,CWF,LA,ASW,CE,Federal Contract Tower,0,0,8,13,21,0,1,8,0,9,0,1,16,13,30,2,12,14,44
10/16/2008,CWF,LA,ASW,CE,Federal Contract Tower,0,0,3,5,8,0,0,3,4,7,0,0,6,9,15,4,0,4,19
10/17/2008,CWF,LA,ASW,CE,Federal Contract Tower,0,0,9,19,28,0,0,2,2,4,0,0,11,21,32,0,0,0,32
10/18/2008,CWF,LA,ASW,CE,Federal Contract Tower,1,1,1,26,29,0,3,6,1,10,1,4,7,27,39,28,6,34,73
10/19/2008,CWF,LA,ASW,CE,Federal Contract Tower,0,0,4,11,15,0,2,5,10,17,0,2,9,21,32,12,2,14,46
10/20/2008,CWF,LA,ASW,CE,Federal Contract Tower,0,4,4,30,38,0,3,2,1,6,0,7,6,31,44,2,40,42,86
10/21/2008,CWF,LA,ASW,CE,Federal Contract Tower,3,1,8,37,49,0,4,13,7,24,3,5,21,44,73,26,62,88,161
10/22/2008,CWF,LA,ASW,CE,Federal Contract Tower,0,0,8,31,39,0,1,9,2,12,0,1,17,33,51,6,48,54,105
10/23/2008,CWF,LA,ASW,CE,Federal Contract Tower,0,0,7,6,13,0,0,2,2,4,0,0,9,8,17,6,0,6,23
10/24/2008,CWF,LA,ASW,CE,Federal Contract Tower,1,0,3,82,86,0,0,0,2,2,1,0,3,84,88,0,20,20,108
10/25/2008,CWF,LA,ASW,CE,Federal Contract Tower,0,0,1,3,4,0,0,7,3,10,0,0,8,6,14,16,0,16,30
10/26/2008,CWF,LA,ASW,CE,Federal Contract Tower,6,0,3,36,45,0,3,6,3,12,6,3,9,39,57,6,30,36,93
10/27/2008,CWF,LA,ASW,CE,Federal Contract Tower,0,0,2,52,54,0,0,3,4,7,0,0,5,56,61,0,16,16,77
10/28/2008,CWF,LA,ASW,CE,Federal Contract Tower,0,2,4,43,49,0,9,8,5,22,0,11,12,48,71,6,42,48,119
10/29/2008,CWF,LA,ASW,CE,Federal Contract Tower,0,0,5,46,51,0,6,11,3,20,0,6,16,49,71,0,82,82,153
10/30/2008,CWF,LA,ASW,CE,Federal Contract Tower,0,2,20,39,61,0,2,6,9,17,0,4,26,48,78,10,38,48,126
10/31/2008,CWF,LA,ASW,CE,Federal Contract Tower,0,0,8,37,45,0,0,6,2,8,0,0,14,39,53,8,18,26,79
11/01/2008,CWF,LA,ASW,CE,Federal Contract Tower,0,0,0,0,0,0,0,0,0,0,0,0,0,0,0,0,0,0,0
11/02/2008,CWF,LA,ASW,CE,Federal Contract Tower,0,0,0,0,0,0,16,6,0,22,0,16,6,0,22,0,0,0,22
11/03/2008,CWF,LA,ASW,CE,Federal Contract Tower,0,0,0,2,2,0,0,2,2,4,0,0,2,4,6,0,0,0,6
11/04/2008,CWF,LA,ASW,CE,Federal Contract Tower,0,0,3,11,14,0,2,20,5,27,0,2,23,16,41,10,38,48,89
11/05/2008,CWF,LA,ASW,CE,Federal Contract Tower,5,0,12,44,61,0,3,3,5,11,5,3,15,49,72,0,32,32,104
11/06/2008,CWF,LA,ASW,CE,Federal Contract Tower,3,0,14,31,48,0,0,7,6,13,3,0,21,37,61,32,6,38,99
11/07/2008,CWF,LA,ASW,CE,Federal Contract Tower,0,0,6,19,25,0,0,8,0,8,0,0,14,19,33,6,30,36,69
11/08/2008,CWF,LA,ASW,CE,Federal Contract Tower,0,0,4,0,4,0,0,6,0,6,0,0,10,0,10,2,0,2,12
11/09/2008,CWF,LA,ASW,CE,Federal Contract Tower,0,0,5,13,18,0,2,7,5,14,0,2,12,18,32,10,0,10,42
11/10/2008,CWF,LA,ASW,CE,Federal Contract Tower,0,0,4,14,18,0,0,0,1,1,0,0,4,15,19,0,0,0,19
11/11/2008,CWF,LA,ASW,CE,Federal Contract Tower,0,2,1,2,5,0,0,5,0,5,0,2,6,2,10,8,0,8,18
11/12/2008,CWF,LA,ASW,CE,Federal Contract Tower,0,0,6,10,16,0,0,0,0,0,0,0,6,10,16,0,0,0,16
11/13/2008,CWF,LA,ASW,CE,Federal Contract Tower,0,0,7,7,14,0,0,0,0,0,0,0,7,7,14,0,0,0,14
11/14/2008,CWF,LA,ASW,CE,Federal Contract Tower,1,2,5,58,66,0,2,4,4,10,1,4,9,62,76,0,18,18,94
11/15/2008,CWF,LA,ASW,CE,Federal Contract Tower,3,0,1,4,8,0,0,8,3,11,3,0,9,7,19,2,14,16,35
11/16/2008,CWF,LA,ASW,CE,Federal Contract Tower,0,0,2,19,21,0,0,7,8,15,0,0,9,27,36,12,14,26,62
11/17/2008,CWF,LA,ASW,CE,Federal Contract Tower,6,0,11,14,31,0,9,9,7,25,6,9,20,21,56,8,20,28,84
11/18/2008,CWF,LA,ASW,CE,Federal Contract Tower,5,0,6,27,38,0,2,1,3,6,5,2,7,30,44,8,4,12,56
11/19/2008,CWF,LA,ASW,CE,Federal Contract Tower,0,0,12,46,58,0,0,5,5,10,0,0,17,51,68,4,22,26,94
11/20/2008,CWF,LA,ASW,CE,Federal Contract Tower,0,0,10,29,39,0,0,6,3,9,0,0,16,32,48,4,28,32,80
11/21/2008,CWF,LA,ASW,CE,Federal Contract Tower,0,0,22,27,49,0,0,7,0,7,0,0,29,27,56,16,24,40,96
11/22/2008,CWF,LA,ASW,CE,Federal Contract Tower,0,0,6,6,12,0,0,3,2,5,0,0,9,8,17,0,0,0,17
11/23/2008,CWF,LA,ASW,CE,Federal Contract Tower,0,2,12,6,20,0,0,7,0,7,0,2,19,6,27,20,0,20,47
11/24/2008,CWF,LA,ASW,CE,Federal Contract Tower,0,5,3,12,20,0,1,0,0,1,0,6,3,12,21,0,0,0,21
11/25/2008,CWF,LA,ASW,CE,Federal Contract Tower,0,0,16,56,72,0,1,6,1,8,0,1,22,57,80,14,38,52,132
11/26/2008,CWF,LA,ASW,CE,Federal Contract Tower,0,0,6,16,22,0,0,6,0,6,0,0,12,16,28,4,18,22,50
11/27/2008,CWF,LA,ASW,CE,Federal Contract Tower,0,0,0,0,0,0,0,2,0,2,0,0,2,0,2,0,0,0,2
11/28/2008,CWF,LA,ASW,CE,Federal Contract Tower,0,0,1,3,4,0,0,6,0,6,0,0,7,3,10,0,0,0,10
11/29/2008,CWF,LA,ASW,CE,Federal Contract Tower,0,0,1,3,4,0,0,0,0,0,0,0,1,3,4,0,0,0,4
11/30/2008,CWF,LA,ASW,CE,Federal Contract Tower,0,0,6,0,6,0,0,2,0,2,0,0,8,0,8,0,0,0,8
12/01/2008,CWF,LA,ASW,CE,Federal Contract Tower,0,1,4,36,41,0,2,5,2,9,0,3,9,38,50,0,22,22,72
12/02/2008,CWF,LA,ASW,CE,Federal Contract Tower,1,2,3,46,52,0,0,0,2,2,1,2,3,48,54,6,0,6,60
12/03/2008,CWF,LA,ASW,CE,Federal Contract Tower,0,5,8,27,40,0,0,3,3,6,0,5,11,30,46,10,0,10,56
12/04/2008,CWF,LA,ASW,CE,Federal Contract Tower,0,1,5,37,43,0,0,1,0,1,0,1,6,37,44,0,2,2,46
12/05/2008,CWF,LA,ASW,CE,Federal Contract Tower,0,1,2,22,25,0,0,6,8,14,0,1,8,30,39,0,14,14,53
12/06/2008,CWF,LA,ASW,CE,Federal Contract Tower,0,1,10,21,32,0,0,2,6,8,0,1,12,27,40,8,16,24,64
12/07/2008,CWF,LA,ASW,CE,Federal Contract Tower,0,0,4,9,13,0,0,2,2,4,0,0,6,11,17,0,0,0,17
12/08/2008,CWF,LA,ASW,CE,Federal Contract Tower,0,0,1,58,59,0,2,3,2,7,0,2,4,60,66,0,42,42,108
12/09/2008,CWF,LA,ASW,CE,Federal Contract Tower,0,0,0,0,0,0,4,1,0,5,0,4,1,0,5,7,2,9,14
12/10/2008,CWF,LA,ASW,CE,Federal Contract Tower,0,0,7,12,19,0,0,1,1,2,0,0,8,13,21,0,0,0,21
12/11/2008,CWF,LA,ASW,CE,Federal Contract Tower,3,0,12,21,36,0,0,4,2,6,3,0,16,23,42,10,10,20,62
12/12/2008,CWF,LA,ASW,CE,Federal Contract Tower,0,1,8,57,66,0,2,15,13,30,0,3,23,70,96,22,18,40,136
12/13/2008,CWF,LA,ASW,CE,Federal Contract Tower,0,0,3,25,28,0,0,3,0,3,0,0,6,25,31,0,6,6,37
12/14/2008,CWF,LA,ASW,CE,Federal Contract Tower,0,0,0,45,45,0,0,3,0,3,0,0,3,45,48,0,0,0,48
12/15/2008,CWF,LA,ASW,CE,Federal Contract Tower,0,3,6,29,38,0,3,0,3,6,0,6,6,32,44,2,10,12,56
12/16/2008,CWF,LA,ASW,CE,Federal Contract Tower,0,0,8,4,12,0,0,0,0,0,0,0,8,4,12,0,0,0,12
12/17/2008,CWF,LA,ASW,CE,Federal Contract Tower,0,3,6,0,9,0,0,0,0,0,0,3,6,0,9,0,0,0,9
12/18/2008,CWF,LA,ASW,CE,Federal Contract Tower,4,3,14,10,31,0,0,0,0,0,4,3,14,10,31,0,2,2,33
12/19/2008,CWF,LA,ASW,CE,Federal Contract Tower,2,4,11,9,26,0,0,0,1,1,2,4,11,10,27,0,0,0,27
12/20/2008,CWF,LA,ASW,CE,Federal Contract Tower,4,0,3,12,19,0,0,0,0,0,4,0,3,12,19,0,2,2,21
12/21/2008,CWF,LA,ASW,CE,Federal Contract Tower,0,0,0,3,3,0,0,2,7,9,0,0,2,10,12,0,0,0,12
12/22/2008,CWF,LA,ASW,CE,Federal Contract Tower,2,0,12,8,22,0,3,2,0,5,2,3,14,8,27,34,40,74,101
12/23/2008,CWF,LA,ASW,CE,Federal Contract Tower,0,0,5,10,15,0,3,1,2,6,0,3,6,12,21,0,0,0,21
12/24/2008,CWF,LA,ASW,CE,Federal Contract Tower,0,0,0,0,0,0,1,0,0,1,0,1,0,0,1,0,0,0,1
12/25/2008,CWF,LA,ASW,CE,Federal Contract Tower,0,0,1,0,1,0,0,1,0,1,0,0,2,0,2,0,0,0,2
12/26/2008,CWF,LA,ASW,CE,Federal Contract Tower,1,0,0,0,1,0,0,2,0,2,1,0,2,0,3,0,0,0,3
12/27/2008,CWF,LA,ASW,CE,Federal Contract Tower,0,0,0,0,0,0,0,0,0,0,0,0,0,0,0,0,0,0,0
12/28/2008,CWF,LA,ASW,CE,Federal Contract Tower,0,0,2,0,2,0,0,0,0,0,0,0,2,0,2,0,0,0,2
12/29/2008,CWF,LA,ASW,CE,Federal Contract Tower,1,3,2,14,20,0,4,3,0,7,1,7,5,14,27,0,10,10,37
12/30/2008,CWF,LA,ASW,CE,Federal Contract Tower,1,0,0,11,12,0,2,7,5,14,1,2,7,16,26,6,6,12,38
12/31/2008,CWF,LA,ASW,CE,Federal Contract Tower,0,0,2,2,4,0,0,6,0,6,0,0,8,2,10,0,0,0,10
01/01/2009,CWF,LA,ASW,CE,Federal Contract Tower,0,0,2,0,2,0,0,5,0,5,0,0,7,0,7,2,0,2,9
01/02/2009,CWF,LA,ASW,CE,Federal Contract Tower,0,0,1,0,1,0,0,5,0,5,0,0,6,0,6,0,0,0,6
01/03/2009,CWF,LA,ASW,CE,Federal Contract Tower,0,0,6,0,6,0,0,4,0,4,0,0,10,0,10,0,0,0,10
01/04/2009,CWF,LA,ASW,CE,Federal Contract Tower,0,0,0,0,0,0,0,0,0,0,0,0,0,0,0,0,0,0,0
01/05/2009,CWF,LA,ASW,CE,Federal Contract Tower,0,4,1,0,5,0,0,0,0,0,0,4,1,0,5,0,0,0,5
01/06/2009,CWF,LA,ASW,CE,Federal Contract Tower,1,0,4,0,5,0,0,1,0,1,1,0,5,0,6,4,0,4,10
01/07/2009,CWF,LA,ASW,CE,Federal Contract Tower,0,0,11,57,68,0,0,20,4,24,0,0,31,61,92,0,12,12,104
01/08/2009,CWF,LA,ASW,CE,Federal Contract Tower,0,0,5,25,30,0,4,16,5,25,0,4,21,30,55,12,36,48,103
01/09/2009,CWF,LA,ASW,CE,Federal Contract Tower,0,0,7,72,79,0,0,2,15,17,0,0,9,87,96,4,134,138,234
01/10/2009,CWF,LA,ASW,CE,Federal Contract Tower,0,0,1,6,7,0,0,1,0,1,0,0,2,6,8,0,0,0,8
01/11/2009,CWF,LA,ASW,CE,Federal Contract Tower,0,2,0,26,28,0,4,0,2,6,0,6,0,28,34,0,4,4,38
01/12/2009,CWF,LA,ASW,CE,Federal Contract Tower,0,0,8,25,33,0,2,4,4,10,0,2,12,29,43,22,20,42,85
01/13/2009,CWF,LA,ASW,CE,Federal Contract Tower,0,0,0,32,32,0,1,4,4,9,0,1,4,36,41,30,10,40,81
01/14/2009,CWF,LA,ASW,CE,Federal Contract Tower,0,1,5,16,22,0,1,5,7,13,0,2,10,23,35,30,16,46,81
01/15/2009,CWF,LA,ASW,CE,Federal Contract Tower,0,2,6,24,32,0,4,1,1,6,0,6,7,25,38,0,14,14,52
01/16/2009,CWF,LA,ASW,CE,Federal Contract Tower,0,0,4,25,29,0,0,7,7,14,0,0,11,32,43,22,24,46,89
01/17/2009,CWF,LA,ASW,CE,Federal Contract Tower,1,0,5,41,47,0,0,7,1,8,1,0,12,42,55,12,22,34,89
01/18/2009,CWF,LA,ASW,CE,Federal Contract Tower,0,0,6,16,22,0,2,5,2,9,0,2,11,18,31,0,2,2,33
01/19/2009,CWF,LA,ASW,CE,Federal Contract Tower,1,0,1,11,13,0,3,2,5,10,1,3,3,16,23,0,14,14,37
01/20/2009,CWF,LA,ASW,CE,Federal Contract Tower,0,2,0,19,21,0,1,1,3,5,0,3,1,22,26,0,4,4,30
01/21/2009,CWF,LA,ASW,CE,Federal Contract Tower,1,0,9,50,60,0,0,0,3,3,1,0,9,53,63,0,38,38,101
01/22/2009,CWF,LA,ASW,CE,Federal Contract Tower,0,0,4,44,48,0,0,1,6,7,0,0,5,50,55,0,38,38,93
01/23/2009,CWF,LA,ASW,CE,Federal Contract Tower,0,0,20,43,63,0,0,1,4,5,0,0,21,47,68,12,10,22,90
01/24/2009,CWF,LA,ASW,CE,Federal Contract Tower,0,0,4,4,8,0,0,2,0,2,0,0,6,4,10,0,0,0,10
01/25/2009,CWF,LA,ASW,CE,Federal Contract Tower,0,0,10,2,12,0,0,0,0,0,0,0,10,2,12,0,0,0,12
01/26/2009,CWF,LA,ASW,CE,Federal Contract Tower,0,0,23,26,49,0,0,0,0,0,0,0,23,26,49,20,0,20,69
01/27/2009,CWF,LA,ASW,CE,Federal Contract Tower,1,0,4,14,19,0,2,9,0,11,1,2,13,14,30,0,0,0,30
01/28/2009,CWF,LA,ASW,CE,Federal Contract Tower,0,1,4,24,29,0,2,2,3,7,0,3,6,27,36,0,30,30,66
01/29/2009,CWF,LA,ASW,CE,Federal Contract Tower,6,0,9,36,51,0,1,3,6,10,6,1,12,42,61,4,22,26,87
01/30/2009,CWF,LA,ASW,CE,Federal Contract Tower,2,2,2,43,49,0,1,8,6,15,2,3,10,49,64,0,88,88,152
01/31/2009,CWF,LA,ASW,CE,Federal Contract Tower,6,0,2,22,30,0,0,21,2,23,6,0,23,24,53,20,34,54,107
02/01/2009,CWF,LA,ASW,CE,Federal Contract Tower,3,0,2,3,8,0,0,1,2,3,3,0,3,5,11,4,0,4,15
02/02/2009,CWF,LA,ASW,CE,Federal Contract Tower,0,0,7,32,39,0,0,5,6,11,0,0,12,38,50,8,18,26,76
02/03/2009,CWF,LA,ASW,CE,Federal Contract Tower,2,2,8,65,77,1,4,5,0,10,3,6,13,65,87,8,12,20,107
02/04/2009,CWF,LA,ASW,CE,Federal Contract Tower,0,3,1,31,35,0,2,5,3,10,0,5,6,34,45,0,42,42,87
02/05/2009,CWF,LA,ASW,CE,Federal Contract Tower,2,3,26,43,74,0,0,2,4,6,2,3,28,47,80,8,34,42,122
02/06/2009,CWF,LA,ASW,CE,Federal Contract Tower,0,3,5,68,76,0,0,5,7,12,0,3,10,75,88,22,46,68,156
02/07/2009,CWF,LA,ASW,CE,Federal Contract Tower,5,3,3,44,55,0,0,9,2,11,5,3,12,46,66,0,22,22,88
02/08/2009,CWF,LA,ASW,CE,Federal Contract Tower,1,4,2,37,44,0,0,10,2,12,1,4,12,39,56,0,58,58,114
02/09/2009,CWF,LA,ASW,CE,Federal Contract Tower,1,0,0,9,10,0,3,2,2,7,1,3,2,11,17,0,2,2,19
02/10/2009,CWF,LA,ASW,CE,Federal Contract Tower,1,3,22,18,44,0,3,2,0,5,1,6,24,18,49,16,0,16,65
02/11/2009,CWF,LA,ASW,CE,Federal Contract Tower,1,0,6,47,54,0,0,2,5,7,1,0,8,52,61,0,66,66,127
02/12/2009,CWF,LA,ASW,CE,Federal Contract Tower,0,0,14,55,69,0,0,11,13,24,0,0,25,68,93,18,94,112,205
02/13/2009,CWF,LA,ASW,CE,Federal Contract Tower,0,2,5,6,13,0,0,1,2,3,0,2,6,8,16,0,0,0,16
02/14/2009,CWF,LA,ASW,CE,Federal Contract Tower,0,0,6,6,12,0,0,1,0,1,0,0,7,6,13,0,0,0,13
02/15/2009,CWF,LA,ASW,CE,Federal Contract Tower,0,0,1,16,17,0,0,4,0,4,0,0,5,16,21,6,0,6,27
02/16/2009,CWF,LA,ASW,CE,Federal Contract Tower,0,0,9,14,23,0,0,8,5,13,0,0,17,19,36,14,0,14,50
02/17/2009,CWF,LA,ASW,CE,Federal Contract Tower,0,2,10,23,35,0,2,2,1,5,0,4,12,24,40,0,10,10,50
02/18/2009,CWF,LA,ASW,CE,Federal Contract Tower,0,2,13,10,25,0,0,0,0,0,0,2,13,10,25,0,0,0,25
02/19/2009,CWF,LA,ASW,CE,Federal Contract Tower,0,0,18,40,58,0,0,5,0,5,0,0,23,40,63,0,30,30,93
02/20/2009,CWF,LA,ASW,CE,Federal Contract Tower,0,0,4,77,81,0,0,14,9,23,0,0,18,86,104,4,30,34,138
02/21/2009,CWF,LA,ASW,CE,Federal Contract Tower,0,0,4,0,4,0,0,1,0,1,0,0,5,0,5,0,0,0,5
02/22/2009,CWF,LA,ASW,CE,Federal Contract Tower,0,0,7,12,19,0,0,10,4,14,0,0,17,16,33,0,10,10,43
02/23/2009,CWF,LA,ASW,CE,Federal Contract Tower,0,0,3,38,41,0,1,6,4,11,0,1,9,42,52,0,2,2,54
02/24/2009,CWF,LA,ASW,CE,Federal Contract Tower,0,0,1,34,35,0,2,9,2,13,0,2,10,36,48,0,58,58,106
02/25/2009,CWF,LA,ASW,CE,Federal Contract Tower,0,1,12,30,43,0,1,12,2,15,0,2,24,32,58,4,12,16,74
02/26/2009,CWF,LA,ASW,CE,Federal Contract Tower,5,4,13,25,47,0,2,2,3,7,5,6,15,28,54,0,12,12,66
02/27/2009,CWF,LA,ASW,CE,Federal Contract Tower,2,5,10,17,34,0,0,1,3,4,2,5,11,20,38,16,0,16,54
02/28/2009,CWF,LA,ASW,CE,Federal Contract Tower,0,4,0,71,75,0,0,1,1,2,0,4,1,72,77,0,60,60,137
03/01/2009,CWF,LA,ASW,CE,Federal Contract Tower,0,6,4,39,49,0,0,6,7,13,0,6,10,46,62,0,6,6,68
03/02/2009,CWF,LA,ASW,CE,Federal Contract Tower,0,0,12,14,26,0,0,8,1,9,0,0,20,15,35,0,12,12,47
03/03/2009,CWF,LA,ASW,CE,Federal Contract Tower,0,0,8,105,113,0,5,7,6,18,0,5,15,111,131,0,56,56,187
03/04/2009,CWF,LA,ASW,CE,Federal Contract Tower,0,0,16,82,98,0,4,30,7,41,0,4,46,89,139,12,50,62,201
03/05/2009,CWF,LA,ASW,CE,Federal Contract Tower,0,0,11,31,42,0,0,23,4,27,0,0,34,35,69,14,32,46,115
03/06/2009,CWF,LA,ASW,CE,Federal Contract Tower,0,0,10,48,58,0,2,14,7,23,0,2,24,55,81,0,44,44,125
03/07/2009,CWF,LA,ASW,CE,Federal Contract Tower,0,0,0,10,10,0,0,0,1,1,0,0,0,11,11,0,10,10,21
03/08/2009,CWF,LA,ASW,CE,Federal Contract Tower,0,0,6,26,32,0,0,2,2,4,0,0,8,28,36,0,6,6,42
03/09/2009,CWF,LA,ASW,CE,Federal Contract Tower,0,0,5,45,50,0,0,5,2,7,0,0,10,47,57,0,20,20,77
03/10/2009,CWF,LA,ASW,CE,Federal Contract Tower,0,2,14,15,31,0,3,0,2,5,0,5,14,17,36,0,38,38,74
03/11/2009,CWF,LA,ASW,CE,Federal Contract Tower,1,0,17,14,32,0,2,1,0,3,1,2,18,14,35,10,8,18,53
03/12/2009,CWF,LA,ASW,CE,Federal Contract Tower,2,0,4,18,24,0,0,2,0,2,2,0,6,18,26,0,0,0,26
03/13/2009,CWF,LA,ASW,CE,Federal Contract Tower,1,0,1,0,2,0,0,0,0,0,1,0,1,0,2,0,0,0,2
03/14/2009,CWF,LA,ASW,CE,Federal Contract Tower,2,0,5,0,7,0,0,0,0,0,2,0,5,0,7,0,0,0,7
03/15/2009,CWF,LA,ASW,CE,Federal Contract Tower,4,2,3,2,11,0,0,1,0,1,4,2,4,2,12,0,0,0,12
03/16/2009,CWF,LA,ASW,CE,Federal Contract Tower,0,0,1,11,12,0,0,0,0,0,0,0,1,11,12,0,0,0,12
03/17/2009,CWF,LA,ASW,CE,Federal Contract Tower,0,0,14,61,75,0,0,4,4,8,0,0,18,65,83,2,48,50,133
03/18/2009,CWF,LA,ASW,CE,Federal Contract Tower,0,4,5,18,27,0,1,11,8,20,0,5,16,26,47,12,48,60,107
03/19/2009,CWF,LA,ASW,CE,Federal Contract Tower,0,0,9,76,85,0,3,8,3,14,0,3,17,79,99,0,52,52,151
03/20/2009,CWF,LA,ASW,CE,Federal Contract Tower,0,0,5,60,65,0,2,10,7,19,0,2,15,67,84,10,62,72,156
03/21/2009,CWF,LA,ASW,CE,Federal Contract Tower,0,4,5,9,18,0,0,23,0,23,0,4,28,9,41,22,6,28,69
03/22/2009,CWF,LA,ASW,CE,Federal Contract Tower,0,0,1,34,35,0,0,12,26,38,0,0,13,60,73,24,24,48,121
03/23/2009,CWF,LA,ASW,CE,Federal Contract Tower,0,0,9,8,17,0,3,2,1,6,0,3,11,9,23,8,0,8,31
03/24/2009,CWF,LA,ASW,CE,Federal Contract Tower,1,2,4,18,25,0,2,2,3,7,1,4,6,21,32,6,0,6,38
03/25/2009,CWF,LA,ASW,CE,Federal Contract Tower,0,0,4,11,15,0,2,2,0,4,0,2,6,11,19,26,6,32,51
03/26/2009,CWF,LA,ASW,CE,Federal Contract Tower,0,0,14,18,32,0,1,2,0,3,0,1,16,18,35,0,6,6,41
03/27/2009,CWF,LA,ASW,CE,Federal Contract Tower,6,0,12,4,22,0,0,5,0,5,6,0,17,4,27,0,2,2,29
03/28/2009,CWF,LA,ASW,CE,Federal Contract Tower,2,0,2,28,32,0,0,1,2,3,2,0,3,30,35,0,34,34,69
03/29/2009,CWF,LA,ASW,CE,Federal Contract Tower,0,0,6,15,21,0,1,1,4,6,0,1,7,19,27,16,48,64,91
03/30/2009,CWF,LA,ASW,CE,Federal Contract Tower,0,3,7,38,48,0,1,3,1,5,0,4,10,39,53,20,36,56,109
03/31/2009,CWF,LA,ASW,CE,Federal Contract Tower,0,0,3,2,5,0,2,5,0,7,0,2,8,2,12,0,0,0,12
04/01/2009,CWF,LA,ASW,CE,Federal Contract Tower,0,0,4,28,32,0,0,4,2,6,0,0,8,30,38,10,20,30,68
04/02/2009,CWF,LA,ASW,CE,Federal Contract Tower,0,0,2,15,17,0,0,5,1,6,0,0,7,16,23,10,0,10,33
04/03/2009,CWF,LA,ASW,CE,Federal Contract Tower,0,0,8,58,66,0,0,7,2,9,0,0,15,60,75,4,34,38,113
04/04/2009,CWF,LA,ASW,CE,Federal Contract Tower,0,0,1,40,41,0,0,3,10,13,0,0,4,50,54,16,14,30,84
04/05/2009,CWF,LA,ASW,CE,Federal Contract Tower,0,0,0,20,20,0,0,3,6,9,0,0,3,26,29,20,40,60,89
04/06/2009,CWF,LA,ASW,CE,Federal Contract Tower,0,0,14,42,56,0,6,2,1,9,0,6,16,43,65,8,6,14,79
04/07/2009,CWF,LA,ASW,CE,Federal Contract Tower,0,1,9,33,43,0,1,4,4,9,0,2,13,37,52,0,8,8,60
04/08/2009,CWF,LA,ASW,CE,Federal Contract Tower,0,0,7,27,34,0,0,5,5,10,0,0,12,32,44,0,20,20,64
04/09/2009,CWF,LA,ASW,CE,Federal Contract Tower,0,0,11,26,37,0,10,6,0,16,0,10,17,26,53,38,12,50,103
04/10/2009,CWF,LA,ASW,CE,Federal Contract Tower,0,0,10,23,33,0,1,8,9,18,0,1,18,32,51,30,46,76,127
04/11/2009,CWF,LA,ASW,CE,Federal Contract Tower,0,0,2,2,4,0,0,3,2,5,0,0,5,4,9,22,10,32,41
04/12/2009,CWF,LA,ASW,CE,Federal Contract Tower,0,0,2,2,4,0,0,0,0,0,0,0,2,2,4,0,0,0,4
04/13/2009,CWF,LA,ASW,CE,Federal Contract Tower,0,0,6,26,32,0,0,3,1,4,0,0,9,27,36,0,0,0,36
04/14/2009,CWF,LA,ASW,CE,Federal Contract Tower,4,0,11,22,37,0,4,7,7,18,4,4,18,29,55,12,44,56,111
04/15/2009,CWF,LA,ASW,CE,Federal Contract Tower,0,0,4,46,50,0,3,9,0,12,0,3,13,46,62,6,74,80,142
04/16/2009,CWF,LA,ASW,CE,Federal Contract Tower,2,0,7,29,38,0,1,7,1,9,2,1,14,30,47,24,46,70,117
04/17/2009,CWF,LA,ASW,CE,Federal Contract Tower,0,2,7,24,33,0,5,5,1,11,0,7,12,25,44,0,64,64,108
04/18/2009,CWF,LA,ASW,CE,Federal Contract Tower,0,0,1,2,3,0,2,0,0,2,0,2,1,2,5,10,0,10,15
04/19/2009,CWF,LA,ASW,CE,Federal Contract Tower,1,1,5,0,7,0,3,3,3,9,1,4,8,3,16,0,0,0,16
04/20/2009,CWF,LA,ASW,CE,Federal Contract Tower,4,0,4,32,40,0,1,9,2,12,4,1,13,34,52,16,66,82,134
04/21/2009,CWF,LA,ASW,CE,Federal Contract Tower,2,0,1,61,64,0,0,5,1,6,2,0,6,62,70,0,28,28,98
04/22/2009,CWF,LA,ASW,CE,Federal Contract Tower,0,0,5,58,63,0,1,5,1,7,0,1,10,59,70,0,88,88,158
04/23/2009,CWF,LA,ASW,CE,Federal Contract Tower,0,0,11,41,52,0,0,4,2,6,0,0,15,43,58,12,20,32,90
04/24/2009,CWF,LA,ASW,CE,Federal Contract Tower,0,0,10,72,82,0,0,7,5,12,0,0,17,77,94,50,56,106,200
04/25/2009,CWF,LA,ASW,CE,Federal Contract Tower,0,1,7,4,12,0,0,6,0,6,0,1,13,4,18,6,0,6,24
04/26/2009,CWF,LA,ASW,CE,Federal Contract Tower,0,0,8,25,33,0,0,2,3,5,0,0,10,28,38,12,8,20,58
04/27/2009,CWF,LA,ASW,CE,Federal Contract Tower,0,0,19,16,35,0,1,1,0,2,0,1,20,16,37,2,0,2,39
04/28/2009,CWF,LA,ASW,CE,Federal Contract Tower,0,0,12,12,24,0,2,6,0,8,0,2,18,12,32,26,0,26,58
04/29/2009,CWF,LA,ASW,CE,Federal Contract Tower,4,0,13,22,39,0,1,13,5,19,4,1,26,27,58,14,20,34,92
04/30/2009,CWF,LA,ASW,CE,Federal Contract Tower,2,0,18,40,60,0,0,11,0,11,2,0,29,40,71,12,56,68,139
05/01/2009,CWF,LA,ASW,CE,Federal Contract Tower,0,0,14,92,106,0,0,21,16,37,0,0,35,108,143,8,98,106,249
05/02/2009,CWF,LA,ASW,CE,Federal Contract Tower,6,0,3,14,23,0,0,14,3,17,6,0,17,17,40,10,10,20,60
05/03/2009,CWF,LA,ASW,CE,Federal Contract Tower,2,0,4,8,14,0,0,0,0,0,2,0,4,8,14,0,0,0,14
05/04/2009,CWF,LA,ASW,CE,Federal Contract Tower,0,0,5,31,36,0,0,1,3,4,0,0,6,34,40,2,22,24,64
05/05/2009,CWF,LA,ASW,CE,Federal Contract Tower,0,0,5,34,39,0,2,11,7,20,0,2,16,41,59,0,4,4,63
05/06/2009,CWF,LA,ASW,CE,Federal Contract Tower,0,2,4,73,79,0,2,11,1,14,0,4,15,74,93,20,84,104,197
05/07/2009,CWF,LA,ASW,CE,Federal Contract Tower,0,2,16,63,81,0,0,7,1,8,0,2,23,64,89,10,34,44,133
05/08/2009,CWF,LA,ASW,CE,Federal Contract Tower,0,2,17,66,85,0,0,7,1,8,0,2,24,67,93,10,34,44,137
05/09/2009,CWF,LA,ASW,CE,Federal Contract Tower,0,0,3,33,36,0,0,8,1,9,0,0,11,34,45,10,44,54,99
05/10/2009,CWF,LA,ASW,CE,Federal Contract Tower,2,0,2,31,35,0,0,5,10,15,2,0,7,41,50,0,28,28,78
05/11/2009,CWF,LA,ASW,CE,Federal Contract Tower,0,0,8,35,43,0,4,5,3,12,0,4,13,38,55,28,44,72,127
05/12/2009,CWF,LA,ASW,CE,Federal Contract Tower,0,1,9,11,21,0,0,12,3,15,0,1,21,14,36,0,24,24,60
05/13/2009,CWF,LA,ASW,CE,Federal Contract Tower,0,0,6,94,100,0,1,4,4,9,0,1,10,98,109,14,100,114,223
05/14/2009,CWF,LA,ASW,CE,Federal Contract Tower,2,0,2,38,42,0,2,8,4,14,2,2,10,42,56,0,16,16,72
05/15/2009,CWF,LA,ASW,CE,Federal Contract Tower,0,0,6,20,26,0,1,16,0,17,0,1,22,20,43,34,22,56,99
05/16/2009,CWF,LA,ASW,CE,Federal Contract Tower,0,0,2,9,11,0,1,9,2,12,0,1,11,11,23,28,8,36,59
05/17/2009,CWF,LA,ASW,CE,Federal Contract Tower,1,1,0,20,22,0,1,2,0,3,1,2,2,20,25,0,0,0,25
05/18/2009,CWF,LA,ASW,CE,Federal Contract Tower,0,1,2,36,39,0,1,6,0,7,0,2,8,36,46,0,0,0,46
05/19/2009,CWF,LA,ASW,CE,Federal Contract Tower,0,1,8,47,56,0,4,10,3,17,0,5,18,50,73,4,34,38,111
05/20/2009,CWF,LA,ASW,CE,Federal Contract Tower,1,2,1,88,92,0,1,9,7,17,1,3,10,95,109,8,88,96,205
05/21/2009,CWF,LA,ASW,CE,Federal Contract Tower,0,5,10,51,66,0,0,8,6,14,0,5,18,57,80,8,44,52,132
05/22/2009,CWF,LA,ASW,CE,Federal Contract Tower,8,0,0,22,30,0,0,7,0,7,8,0,7,22,37,26,10,36,73
05/23/2009,CWF,LA,ASW,CE,Federal Contract Tower,2,1,2,1,6,0,2,1,1,4,2,3,3,2,10,2,0,2,12
05/24/2009,CWF,LA,ASW,CE,Federal Contract Tower,1,0,3,6,10,0,0,2,0,2,1,0,5,6,12,0,0,0,12
05/25/2009,CWF,LA,ASW,CE,Federal Contract Tower,1,2,2,16,21,0,0,6,0,6,1,2,8,16,27,6,4,10,37
05/26/2009,CWF,LA,ASW,CE,Federal Contract Tower,0,2,0,46,48,0,3,8,4,15,0,5,8,50,63,12,12,24,87
05/27/2009,CWF,LA,ASW,CE,Federal Contract Tower,0,0,6,60,66,0,0,5,4,9,0,0,11,64,75,0,66,66,141
05/28/2009,CWF,LA,ASW,CE,Federal Contract Tower,0,0,7,56,63,0,1,16,2,19,0,1,23,58,82,16,40,56,138
05/29/2009,CWF,LA,ASW,CE,Federal Contract Tower,4,0,10,60,74,0,0,24,9,33,4,0,34,69,107,12,30,42,149
05/30/2009,CWF,LA,ASW,CE,Federal Contract Tower,6,0,2,39,47,0,0,9,1,10,6,0,11,40,57,12,66,78,135
05/31/2009,CWF,LA,ASW,CE,Federal Contract Tower,1,0,1,72,74,0,2,7,5,14,1,2,8,77,88,0,66,66,154
06/01/2009,CWF,LA,ASW,CE,Federal Contract Tower,0,2,3,24,29,0,2,8,11,21,0,4,11,35,50,24,16,40,90
06/02/2009,CWF,LA,ASW,CE,Federal Contract Tower,1,0,3,36,40,0,1,12,0,13,1,1,15,36,53,2,56,58,111
06/03/2009,CWF,LA,ASW,CE,Federal Contract Tower,0,0,2,15,17,0,0,1,4,5,0,0,3,19,22,0,14,14,36
06/04/2009,CWF,LA,ASW,CE,Federal Contract Tower,0,0,6,18,24,0,2,8,4,14,0,2,14,22,38,0,18,18,56
06/05/2009,CWF,LA,ASW,CE,Federal Contract Tower,0,0,0,89,89,0,11,0,3,14,0,11,0,92,103,4,38,42,145
06/06/2009,CWF,LA,ASW,CE,Federal Contract Tower,0,0,0,62,62,0,0,2,8,10,0,0,2,70,72,0,86,86,158
06/07/2009,CWF,LA,ASW,CE,Federal Contract Tower,1,0,2,33,36,0,0,3,3,6,1,0,5,36,42,6,42,48,90
06/08/2009,CWF,LA,ASW,CE,Federal Contract Tower,0,0,6,22,28,0,0,12,2,14,0,0,18,24,42,2,0,2,44
06/09/2009,CWF,LA,ASW,CE,Federal Contract Tower,0,0,4,9,13,0,0,1,4,5,0,0,5,13,18,12,6,18,36
06/10/2009,CWF,LA,ASW,CE,Federal Contract Tower,0,0,1,37,38,0,0,5,2,7,0,0,6,39,45,60,0,60,105
06/11/2009,CWF,LA,ASW,CE,Federal Contract Tower,0,0,10,27,37,0,2,2,0,4,0,2,12,27,41,0,10,10,51
06/12/2009,CWF,LA,ASW,CE,Federal Contract Tower,0,0,6,50,56,0,0,5,2,7,0,0,11,52,63,0,38,38,101
06/13/2009,CWF,LA,ASW,CE,Federal Contract Tower,0,0,4,19,23,0,0,2,2,4,0,0,6,21,27,8,36,44,71
06/14/2009,CWF,LA,ASW,CE,Federal Contract Tower,0,0,14,17,31,0,0,3,0,3,0,0,17,17,34,0,44,44,78
06/15/2009,CWF,LA,ASW,CE,Federal Contract Tower,4,0,4,37,45,0,0,2,1,3,4,0,6,38,48,0,42,42,90
06/16/2009,CWF,LA,ASW,CE,Federal Contract Tower,0,0,7,15,22,0,4,18,0,22,0,4,25,15,44,10,0,10,54
06/17/2009,CWF,LA,ASW,CE,Federal Contract Tower,0,0,9,85,94,0,1,6,2,9,0,1,15,87,103,12,78,90,193
06/18/2009,CWF,LA,ASW,CE,Federal Contract Tower,1,0,8,32,41,0,1,5,4,10,1,1,13,36,51,26,24,50,101
06/19/2009,CWF,LA,ASW,CE,Federal Contract Tower,4,0,24,77,105,0,0,3,4,7,4,0,27,81,112,30,74,104,216
06/20/2009,CWF,LA,ASW,CE,Federal Contract Tower,0,0,4,14,18,0,0,9,1,10,0,0,13,15,28,28,12,40,68
06/21/2009,CWF,LA,ASW,CE,Federal Contract Tower,2,0,13,18,33,0,0,5,3,8,2,0,18,21,41,24,16,40,81
06/22/2009,CWF,LA,ASW,CE,Federal Contract Tower,0,0,0,14,14,0,1,3,1,5,0,1,3,15,19,22,14,36,55
06/23/2009,CWF,LA,ASW,CE,Federal Contract Tower,0,0,9,25,34,0,2,3,1,6,0,2,12,26,40,20,42,62,102
06/24/2009,CWF,LA,ASW,CE,Federal Contract Tower,0,0,8,48,56,0,0,14,0,14,0,0,22,48,70,6,74,80,150
06/25/2009,CWF,LA,ASW,CE,Federal Contract Tower,1,0,16,45,62,0,0,10,1,11,1,0,26,46,73,40,40,80,153
06/26/2009,CWF,LA,ASW,CE,Federal Contract Tower,0,0,19,120,139,0,7,12,4,23,0,7,31,124,162,22,48,70,232
06/27/2009,CWF,LA,ASW,CE,Federal Contract Tower,0,0,3,43,46,0,0,9,5,14,0,0,12,48,60,24,48,72,132
06/28/2009,CWF,LA,ASW,CE,Federal Contract Tower,0,2,4,61,67,0,2,5,7,14,0,4,9,68,81,0,26,26,107
06/29/2009,CWF,LA,ASW,CE,Federal Contract Tower,0,2,5,12,19,0,3,5,0,8,0,5,10,12,27,6,0,6,33
06/30/2009,CWF,LA,ASW,CE,Federal Contract Tower,1,0,12,19,32,0,2,12,9,23,1,2,24,28,55,24,22,46,101
07/01/2009,CWF,LA,ASW,CE,Federal Contract Tower,0,0,9,11,20,0,1,8,4,13,0,1,17,15,33,24,48,72,105
07/02/2009,CWF,LA,ASW,CE,Federal Contract Tower,0,6,3,42,51,0,0,13,1,14,0,6,16,43,65,8,30,38,103
07/03/2009,CWF,LA,ASW,CE,Federal Contract Tower,0,5,4,0,9,0,11,10,0,21,0,16,14,0,30,8,0,8,38
07/04/2009,CWF,LA,ASW,CE,Federal Contract Tower,0,0,4,0,4,0,2,2,0,4,0,2,6,0,8,6,0,6,14
07/05/2009,CWF,LA,ASW,CE,Federal Contract Tower,0,0,11,4,15,0,0,5,2,7,0,0,16,6,22,0,10,10,32
07/06/2009,CWF,LA,ASW,CE,Federal Contract Tower,0,0,3,3,6,0,0,1,1,2,0,0,4,4,8,0,0,0,8
07/07/2009,CWF,LA,ASW,CE,Federal Contract Tower,0,2,3,0,5,0,0,2,0,2,0,2,5,0,7,0,0,0,7
07/08/2009,CWF,LA,ASW,CE,Federal Contract Tower,0,0,11,28,39,0,2,22,27,51,0,2,33,55,90,0,40,40,130
07/09/2009,CWF,LA,ASW,CE,Federal Contract Tower,0,4,0,54,58,0,2,2,9,13,0,6,2,63,71,0,60,60,131
07/10/2009,CWF,LA,ASW,CE,Federal Contract Tower,0,5,5,91,101,0,8,12,21,41,0,13,17,112,142,12,50,62,204
07/11/2009,CWF,LA,ASW,CE,Federal Contract Tower,0,0,1,41,42,0,0,5,7,12,0,0,6,48,54,0,108,108,162
07/12/2009,CWF,LA,ASW,CE,Federal Contract Tower,0,0,8,33,41,0,0,7,8,15,0,0,15,41,56,0,26,26,82
07/13/2009,CWF,LA,ASW,CE,Federal Contract Tower,0,0,3,27,30,0,0,1,4,5,0,0,4,31,35,0,72,72,107
07/14/2009,CWF,LA,ASW,CE,Federal Contract Tower,0,0,5,14,19,0,1,7,5,13,0,1,12,19,32,0,18,18,50
07/15/2009,CWF,LA,ASW,CE,Federal Contract Tower,0,0,22,25,47,0,6,8,5,19,0,6,30,30,66,16,40,56,122
07/16/2009,CWF,LA,ASW,CE,Federal Contract Tower,0,0,14,46,60,0,0,10,0,10,0,0,24,46,70,0,16,16,86
07/17/2009,CWF,LA,ASW,CE,Federal Contract Tower,0,0,20,14,34,0,0,3,1,4,0,0,23,15,38,0,8,8,46
07/18/2009,CWF,LA,ASW,CE,Federal Contract Tower,5,2,3,12,22,0,0,7,0,7,5,2,10,12,29,0,18,18,47
07/19/2009,CWF,LA,ASW,CE,Federal Contract Tower,2,0,4,35,41,0,5,10,5,20,2,5,14,40,61,0,74,74,135
07/20/2009,CWF,LA,ASW,CE,Federal Contract Tower,4,0,0,27,31,0,0,16,3,19,4,0,16,30,50,18,50,68,118
07/21/2009,CWF,LA,ASW,CE,Federal Contract Tower,0,0,3,12,15,0,2,4,0,6,0,2,7,12,21,8,0,8,29
07/22/2009,CWF,LA,ASW,CE,Federal Contract Tower,2,6,9,13,30,0,0,6,2,8,2,6,15,15,38,0,0,0,38
07/23/2009,CWF,LA,ASW,CE,Federal Contract Tower,0,1,9,11,21,0,0,11,3,14,0,1,20,14,35,32,20,52,87
07/24/2009,CWF,LA,ASW,CE,Federal Contract Tower,0,0,0,46,46,0,3,7,2,12,0,3,7,48,58,2,26,28,86
07/25/2009,CWF,LA,ASW,CE,Federal Contract Tower,0,1,5,47,53,0,0,8,0,8,0,1,13,47,61,0,42,42,103
07/26/2009,CWF,LA,ASW,CE,Federal Contract Tower,0,0,3,1,4,0,0,13,0,13,0,0,16,1,17,26,0,26,43
07/27/2009,CWF,LA,ASW,CE,Federal Contract Tower,0,4,2,6,12,0,0,2,0,2,0,4,4,6,14,25,0,25,39
07/28/2009,CWF,LA,ASW,CE,Federal Contract Tower,0,0,6,9,15,0,2,5,2,9,0,2,11,11,24,0,0,0,24
07/29/2009,CWF,LA,ASW,CE,Federal Contract Tower,0,0,2,35,37,0,2,11,3,16,0,2,13,38,53,0,51,51,104
07/30/2009,CWF,LA,ASW,CE,Federal Contract Tower,0,0,5,18,23,0,2,3,1,6,0,2,8,19,29,20,28,48,77
07/31/2009,CWF,LA,ASW,CE,Federal Contract Tower,0,0,12,22,34,0,0,10,8,18,0,0,22,30,52,0,16,16,68
08/01/2009,CWF,LA,ASW,CE,Federal Contract Tower,0,2,0,40,42,0,1,7,1,9,0,3,7,41,51,0,12,12,63
08/02/2009,CWF,LA,ASW,CE,Federal Contract Tower,0,0,4,15,19,0,0,3,0,3,0,0,7,15,22,0,0,0,22
08/03/2009,CWF,LA,ASW,CE,Federal Contract Tower,0,0,21,43,64,0,0,6,8,14,0,0,27,51,78,12,74,86,164
08/04/2009,CWF,LA,ASW,CE,Federal Contract Tower,0,0,3,65,68,0,9,7,4,20,0,9,10,69,88,46,80,126,214
08/05/2009,CWF,LA,ASW,CE,Federal Contract Tower,0,0,5,58,63,0,6,4,6,16,0,6,9,64,79,28,90,118,197
08/06/2009,CWF,LA,ASW,CE,Federal Contract Tower,0,0,12,19,31,0,3,7,2,12,0,3,19,21,43,36,30,66,109
08/07/2009,CWF,LA,ASW,CE,Federal Contract Tower,0,0,19,26,45,0,0,7,1,8,0,0,26,27,53,4,20,24,77
08/08/2009,CWF,LA,ASW,CE,Federal Contract Tower,0,2,1,1,4,0,1,9,0,10,0,3,10,1,14,6,10,16,30
08/09/2009,CWF,LA,ASW,CE,Federal Contract Tower,0,0,6,12,18,0,0,9,0,9,0,0,15,12,27,6,0,6,33
08/10/2009,CWF,LA,ASW,CE,Federal Contract Tower,0,0,5,8,13,0,0,6,3,9,0,0,11,11,22,0,0,0,22
08/11/2009,CWF,LA,ASW,CE,Federal Contract Tower,1,2,1,20,24,0,2,9,1,12,1,4,10,21,36,2,32,34,70
08/12/2009,CWF,LA,ASW,CE,Federal Contract Tower,2,0,6,32,40,0,6,4,0,10,2,6,10,32,50,26,44,70,120
08/13/2009,CWF,LA,ASW,CE,Federal Contract Tower,0,0,19,37,56,0,2,7,8,17,0,2,26,45,73,0,40,40,113
08/14/2009,CWF,LA,ASW,CE,Federal Contract Tower,0,0,10,105,115,0,5,9,9,23,0,5,19,114,138,0,76,76,214
08/15/2009,CWF,LA,ASW,CE,Federal Contract Tower,0,4,1,21,26,0,0,10,0,10,0,4,11,21,36,0,34,34,70
08/16/2009,CWF,LA,ASW,CE,Federal Contract Tower,0,0,3,2,5,0,0,2,0,2,0,0,5,2,7,0,0,0,7
08/17/2009,CWF,LA,ASW,CE,Federal Contract Tower,0,0,6,4,10,0,0,14,0,14,0,0,20,4,24,2,6,8,32
08/18/2009,CWF,LA,ASW,CE,Federal Contract Tower,0,0,2,9,11,0,2,4,1,7,0,2,6,10,18,2,0,2,20
08/19/2009,CWF,LA,ASW,CE,Federal Contract Tower,4,0,2,7,13,0,4,4,1,9,4,4,6,8,22,0,0,0,22
08/20/2009,CWF,LA,ASW,CE,Federal Contract Tower,2,0,7,18,27,0,0,4,3,7,2,0,11,21,34,18,26,44,78
08/21/2009,CWF,LA,ASW,CE,Federal Contract Tower,0,0,3,46,49,0,5,0,0,5,0,5,3,46,54,0,34,34,88
08/22/2009,CWF,LA,ASW,CE,Federal Contract Tower,1,0,6,13,20,0,0,1,3,4,1,0,7,16,24,0,24,24,48
08/23/2009,CWF,LA,ASW,CE,Federal Contract Tower,0,0,8,42,50,0,0,13,13,26,0,0,21,55,76,10,44,54,130
08/24/2009,CWF,LA,ASW,CE,Federal Contract Tower,0,1,2,31,34,0,1,2,2,5,0,2,4,33,39,0,28,28,67
08/25/2009,CWF,LA,ASW,CE,Federal Contract Tower,0,0,4,31,35,0,2,12,4,18,0,2,16,35,53,4,28,32,85
08/26/2009,CWF,LA,ASW,CE,Federal Contract Tower,0,0,3,20,23,0,5,12,2,19,0,5,15,22,42,16,18,34,76
08/27/2009,CWF,LA,ASW,CE,Federal Contract Tower,0,1,3,47,51,0,0,6,7,13,0,1,9,54,64,0,52,52,116
08/28/2009,CWF,LA,ASW,CE,Federal Contract Tower,0,0,1,13,14,0,0,4,0,4,0,0,5,13,18,0,42,42,60
08/29/2009,CWF,LA,ASW,CE,Federal Contract Tower,2,0,2,28,32,0,0,2,0,2,2,0,4,28,34,12,0,12,46
08/30/2009,CWF,LA,ASW,CE,Federal Contract Tower,0,0,0,13,13,0,0,7,1,8,0,0,7,14,21,0,0,0,21
08/31/2009,CWF,LA,ASW,CE,Federal Contract Tower,0,0,29,59,88,0,4,11,1,16,0,4,40,60,104,0,72,72,176
09/01/2009,CWF,LA,ASW,CE,Federal Contract Tower,8,0,1,35,44,0,7,18,1,26,8,7,19,36,70,10,57,67,137
09/02/2009,CWF,LA,ASW,CE,Federal Contract Tower,0,2,7,106,115,0,6,10,5,21,0,8,17,111,136,46,90,136,272
09/03/2009,CWF,LA,ASW,CE,Federal Contract Tower,0,4,12,55,71,0,6,15,0,21,0,10,27,55,92,4,70,74,166
09/04/2009,CWF,LA,ASW,CE,Federal Contract Tower,0,4,23,56,83,0,14,11,2,27,0,18,34,58,110,0,18,18,128
09/05/2009,CWF,LA,ASW,CE,Federal Contract Tower,0,0,0,21,21,0,0,0,0,0,0,0,0,21,21,0,24,24,45
09/06/2009,CWF,LA,ASW,CE,Federal Contract Tower,3,0,2,8,13,0,0,3,1,4,3,0,5,9,17,0,0,0,17
09/07/2009,CWF,LA,ASW,CE,Federal Contract Tower,0,0,3,14,17,0,0,1,4,5,0,0,4,18,22,32,0,32,54
09/08/2009,CWF,LA,ASW,CE,Federal Contract Tower,0,1,10,73,84,0,0,11,3,14,0,1,21,76,98,0,64,64,162
09/09/2009,CWF,LA,ASW,CE,Federal Contract Tower,0,0,14,14,28,0,0,5,2,7,0,0,19,16,35,0,18,18,53
09/10/2009,CWF,LA,ASW,CE,Federal Contract Tower,0,0,9,19,28,0,2,7,0,9,0,2,16,19,37,2,14,16,53
09/11/2009,CWF,LA,ASW,CE,Federal Contract Tower,6,2,5,6,19,0,0,1,0,1,6,2,6,6,20,0,0,0,20
09/12/2009,CWF,LA,ASW,CE,Federal Contract Tower,0,0,11,0,11,0,0,0,0,0,0,0,11,0,11,0,0,0,11
09/13/2009,CWF,LA,ASW,CE,Federal Contract Tower,1,1,3,1,6,0,0,2,2,4,1,1,5,3,10,0,0,0,10
09/14/2009,CWF,LA,ASW,CE,Federal Contract Tower,0,0,11,2,13,0,0,9,0,9,0,0,20,2,22,12,2,14,36
09/15/2009,CWF,LA,ASW,CE,Federal Contract Tower,0,0,4,14,18,0,4,1,0,5,0,4,5,14,23,0,4,4,27
09/16/2009,CWF,LA,ASW,CE,Federal Contract Tower,0,1,13,60,74,0,6,8,0,14,0,7,21,60,88,2,40,42,130
09/17/2009,CWF,LA,ASW,CE,Federal Contract Tower,0,0,20,56,76,0,5,20,5,30,0,5,40,61,106,2,44,46,152
09/18/2009,CWF,LA,ASW,CE,Federal Contract Tower,0,0,17,66,83,0,6,19,4,29,0,6,36,70,112,0,74,74,186
09/19/2009,CWF,LA,ASW,CE,Federal Contract Tower,0,4,9,7,20,0,0,12,4,16,0,4,21,11,36,0,0,0,36
09/20/2009,CWF,LA,ASW,CE,Federal Contract Tower,0,0,2,8,10,0,0,14,3,17,0,0,16,11,27,2,12,14,41
09/21/2009,CWF,LA,ASW,CE,Federal Contract Tower,0,0,0,33,33,0,0,24,15,39,0,0,24,48,72,0,10,10,82
09/22/2009,CWF,LA,ASW,CE,Federal Contract Tower,0,0,0,2,2,0,0,1,0,1,0,0,1,2,3,0,0,0,3
09/23/2009,CWF,LA,ASW,CE,Federal Contract Tower,0,0,0,12,12,0,10,0,0,10,0,10,0,12,22,6,8,14,36
09/24/2009,CWF,LA,ASW,CE,Federal Contract Tower,0,0,10,31,41,0,0,13,0,13,0,0,23,31,54,2,12,14,68
09/25/2009,CWF,LA,ASW,CE,Federal Contract Tower,0,0,21,52,73,0,0,16,1,17,0,0,37,53,90,0,0,0,90
09/26/2009,CWF,LA,ASW,CE,Federal Contract Tower,0,0,3,3,6,0,0,7,2,9,0,0,10,5,15,0,0,0,15
09/27/2009,CWF,LA,ASW,CE,Federal Contract Tower,1,0,14,20,35,0,0,14,1,15,1,0,28,21,50,4,17,21,71
09/28/2009,CWF,LA,ASW,CE,Federal Contract Tower,0,0,18,26,44,0,0,12,1,13,0,0,30,27,57,0,0,0,57
09/29/2009,CWF,LA,ASW,CE,Federal Contract Tower,0,0,12,53,65,0,0,16,1,17,0,0,28,54,82,12,74,86,168
09/30/2009,CWF,LA,ASW,CE,Federal Contract Tower,0,2,43,42,87,0,2,16,0,18,0,4,59,42,105,4,32,36,141
10/01/2009,CWF,LA,ASW,CE,Federal Contract Tower,3,0,20,48,71,0,1,27,2,30,3,1,47,50,101,56,12,68,169
10/02/2009,CWF,LA,ASW,CE,Federal Contract Tower,0,0,14,46,60,0,0,12,8,20,0,0,26,54,80,14,40,54,134
10/03/2009,CWF,LA,ASW,CE,Federal Contract Tower,6,5,0,16,27,0,0,0,0,0,6,5,0,16,27,0,14,14,41
10/04/2009,CWF,LA,ASW,CE,Federal Contract Tower,4,0,4,7,15,0,0,1,1,2,4,0,5,8,17,0,0,0,17
10/05/2009,CWF,LA,ASW,CE,Federal Contract Tower,0,0,25,22,47,0,0,11,2,13,0,0,36,24,60,0,48,48,108
10/06/2009,CWF,LA,ASW,CE,Federal Contract Tower,4,0,11,36,51,0,0,14,1,15,4,0,25,37,66,0,18,18,84
10/07/2009,CWF,LA,ASW,CE,Federal Contract Tower,2,0,9,58,69,0,1,19,0,20,2,1,28,58,89,2,52,54,143
10/08/2009,CWF,LA,ASW,CE,Federal Contract Tower,0,1,8,61,70,0,3,9,1,13,0,4,17,62,83,0,30,30,113
10/09/2009,CWF,LA,ASW,CE,Federal Contract Tower,0,0,14,4,18,1,0,7,0,8,1,0,21,4,26,0,0,0,26
10/10/2009,CWF,LA,ASW,CE,Federal Contract Tower,0,1,8,0,9,0,0,2,0,2,0,1,10,0,11,0,0,0,11
10/11/2009,CWF,LA,ASW,CE,Federal Contract Tower,0,0,3,2,5,0,0,0,0,0,0,0,3,2,5,0,0,0,5
10/12/2009,CWF,LA,ASW,CE,Federal Contract Tower,2,0,10,4,16,0,0,0,0,0,2,0,10,4,16,0,0,0,16
10/13/2009,CWF,LA,ASW,CE,Federal Contract Tower,0,0,5,44,49,0,0,12,2,14,0,0,17,46,63,4,54,58,121
10/14/2009,CWF,LA,ASW,CE,Federal Contract Tower,0,0,5,14,19,0,0,17,0,17,0,0,22,14,36,2,12,14,50
10/15/2009,CWF,LA,ASW,CE,Federal Contract Tower,0,0,17,43,60,0,0,7,5,12,0,0,24,48,72,86,66,152,224
10/16/2009,CWF,LA,ASW,CE,Federal Contract Tower,0,0,14,39,53,0,0,10,6,16,0,0,24,45,69,0,22,22,91
10/17/2009,CWF,LA,ASW,CE,Federal Contract Tower,1,1,1,10,13,0,0,6,5,11,1,1,7,15,24,0,49,49,73
10/18/2009,CWF,LA,ASW,CE,Federal Contract Tower,0,0,5,12,17,0,0,13,2,15,0,0,18,14,32,26,0,26,58
10/19/2009,CWF,LA,ASW,CE,Federal Contract Tower,2,0,8,71,81,0,0,30,3,33,2,0,38,74,114,10,96,106,220
10/20/2009,CWF,LA,ASW,CE,Federal Contract Tower,0,0,4,74,78,0,10,12,0,22,0,10,16,74,100,6,72,78,178
10/21/2009,CWF,LA,ASW,CE,Federal Contract Tower,9,0,10,43,62,0,3,7,13,23,9,3,17,56,85,6,38,44,129
10/22/2009,CWF,LA,ASW,CE,Federal Contract Tower,1,0,4,1,6,0,0,0,0,0,1,0,4,1,6,0,0,0,6
10/23/2009,CWF,LA,ASW,CE,Federal Contract Tower,2,0,7,60,69,0,0,5,1,6,2,0,12,61,75,16,44,60,135
10/24/2009,CWF,LA,ASW,CE,Federal Contract Tower,0,0,8,11,19,0,0,10,0,10,0,0,18,11,29,6,46,52,81
10/25/2009,CWF,LA,ASW,CE,Federal Contract Tower,3,0,8,26,37,0,0,8,0,8,3,0,16,26,45,2,2,4,49
10/26/2009,CWF,LA,ASW,CE,Federal Contract Tower,1,0,2,0,3,0,0,1,2,3,1,0,3,2,6,0,0,0,6
10/27/2009,CWF,LA,ASW,CE,Federal Contract Tower,0,0,12,59,71,0,0,3,8,11,0,0,15,67,82,0,88,88,170
10/28/2009,CWF,LA,ASW,CE,Federal Contract Tower,0,0,38,47,85,0,0,9,12,21,0,0,47,59,106,4,16,20,126
10/29/2009,CWF,LA,ASW,CE,Federal Contract Tower,2,0,14,4,20,0,1,0,0,1,2,1,14,4,21,0,0,0,21
10/30/2009,CWF,LA,ASW,CE,Federal Contract Tower,4,0,2,2,8,0,0,2,0,2,4,0,4,2,10,0,0,0,10
10/31/2009,CWF,LA,ASW,CE,Federal Contract Tower,4,0,2,2,8,0,0,6,4,10,4,0,8,6,18,0,10,10,28
11/01/2009,CWF,LA,ASW,CE,Federal Contract Tower,0,0,1,14,15,0,0,9,3,12,0,0,10,17,27,0,66,66,93
11/02/2009,CWF,LA,ASW,CE,Federal Contract Tower,1,0,3,1,5,0,0,7,0,7,1,0,10,1,12,6,8,14,26
11/03/2009,CWF,LA,ASW,CE,Federal Contract Tower,0,0,10,28,38,0,0,17,1,18,0,0,27,29,56,4,44,48,104
11/04/2009,CWF,LA,ASW,CE,Federal Contract Tower,0,0,17,76,93,0,0,12,4,16,0,0,29,80,109,2,116,118,227
11/05/2009,CWF,LA,ASW,CE,Federal Contract Tower,0,0,10,82,92,0,0,19,0,19,0,0,29,82,111,16,88,104,215
11/06/2009,CWF,LA,ASW,CE,Federal Contract Tower,2,0,4,54,60,0,0,6,3,9,2,0,10,57,69,16,46,62,131
11/07/2009,CWF,LA,ASW,CE,Federal Contract Tower,0,0,13,68,81,0,0,13,1,14,0,0,26,69,95,8,78,86,181
11/08/2009,CWF,LA,ASW,CE,Federal Contract Tower,0,0,1,9,10,0,0,4,0,4,0,0,5,9,14,0,40,40,54
11/09/2009,CWF,LA,ASW,CE,Federal Contract Tower,0,0,10,11,21,0,4,9,2,15,0,4,19,13,36,0,0,0,36
11/10/2009,CWF,LA,ASW,CE,Federal Contract Tower,2,0,11,34,47,0,3,15,4,22,2,3,26,38,69,6,80,86,155
11/11/2009,CWF,LA,ASW,CE,Federal Contract Tower,0,0,17,9,26,0,0,27,3,30,0,0,44,12,56,12,12,24,80
11/12/2009,CWF,LA,ASW,CE,Federal Contract Tower,0,0,35,48,83,0,1,17,4,22,0,1,52,52,105,28,42,70,175
11/13/2009,CWF,LA,ASW,CE,Federal Contract Tower,3,0,26,46,75,0,1,20,3,24,3,1,46,49,99,22,38,60,159
11/14/2009,CWF,LA,ASW,CE,Federal Contract Tower,0,0,25,19,44,0,0,5,0,5,0,0,30,19,49,6,28,34,83
11/15/2009,CWF,LA,ASW,CE,Federal Contract Tower,0,0,6,31,37,0,3,4,3,10,0,3,10,34,47,0,36,36,83
11/16/2009,CWF,LA,ASW,CE,Federal Contract Tower,0,0,8,16,24,0,0,4,0,4,0,0,12,16,28,0,6,6,34
11/17/2009,CWF,LA,ASW,CE,Federal Contract Tower,0,0,9,63,72,0,0,10,5,15,0,0,19,68,87,22,24,46,133
11/18/2009,CWF,LA,ASW,CE,Federal Contract Tower,1,0,23,41,65,0,0,9,9,18,1,0,32,50,83,42,58,100,183
11/19/2009,CWF,LA,ASW,CE,Federal Contract Tower,6,0,21,25,52,0,0,19,10,29,6,0,40,35,81,6,48,54,135
11/20/2009,CWF,LA,ASW,CE,Federal Contract Tower,6,0,2,5,13,0,0,9,2,11,6,0,11,7,24,0,0,0,24
11/21/2009,CWF,LA,ASW,CE,Federal Contract Tower,0,0,2,2,4,0,0,0,0,0,0,0,2,2,4,0,0,0,4
11/22/2009,CWF,LA,ASW,CE,Federal Contract Tower,0,0,7,17,24,0,7,4,0,11,0,7,11,17,35,0,0,0,35
11/23/2009,CWF,LA,ASW,CE,Federal Contract Tower,1,0,7,16,24,0,1,14,3,18,1,1,21,19,42,0,22,22,64
11/24/2009,CWF,LA,ASW,CE,Federal Contract Tower,1,0,3,10,14,0,0,6,0,6,1,0,9,10,20,0,0,0,20
11/25/2009,CWF,LA,ASW,CE,Federal Contract Tower,0,0,13,36,49,0,0,15,3,18,0,0,28,39,67,0,16,16,83
11/26/2009,CWF,LA,ASW,CE,Federal Contract Tower,0,0,4,0,4,0,0,6,0,6,0,0,10,0,10,0,0,0,10
11/27/2009,CWF,LA,ASW,CE,Federal Contract Tower,0,0,1,2,3,0,0,8,0,8,0,0,9,2,11,16,0,16,27
11/28/2009,CWF,LA,ASW,CE,Federal Contract Tower,0,0,3,0,3,0,0,11,0,11,0,0,14,0,14,4,0,4,18
11/29/2009,CWF,LA,ASW,CE,Federal Contract Tower,0,0,5,13,18,0,0,2,0,2,0,0,7,13,20,0,12,12,32
11/30/2009,CWF,LA,ASW,CE,Federal Contract Tower,0,0,11,21,32,0,0,2,2,4,0,0,13,23,36,0,34,34,70
12/01/2009,CWF,LA,ASW,CE,Federal Contract Tower,1,0,4,0,5,0,0,2,0,2,1,0,6,0,7,0,0,0,7
12/02/2009,CWF,LA,ASW,CE,Federal Contract Tower,0,0,20,52,72,0,0,9,0,9,0,0,29,52,81,16,12,28,109
12/03/2009,CWF,LA,ASW,CE,Federal Contract Tower,1,0,17,89,107,0,0,8,2,10,1,0,25,91,117,12,82,94,211
12/04/2009,CWF,LA,ASW,CE,Federal Contract Tower,0,0,2,3,5,0,0,1,0,1,0,0,3,3,6,0,0,0,6
12/05/2009,CWF,LA,ASW,CE,Federal Contract Tower,0,0,0,2,2,0,0,3,1,4,0,0,3,3,6,6,0,6,12
12/06/2009,CWF,LA,ASW,CE,Federal Contract Tower,0,0,0,29,29,0,0,0,0,0,0,0,0,29,29,0,22,22,51
12/07/2009,CWF,LA,ASW,CE,Federal Contract Tower,2,0,9,11,22,0,0,0,0,0,2,0,9,11,22,0,0,0,22
12/08/2009,CWF,LA,ASW,CE,Federal Contract Tower,7,0,4,10,21,0,0,0,0,0,7,0,4,10,21,0,0,0,21
12/09/2009,CWF,LA,ASW,CE,Federal Contract Tower,2,0,8,75,85,0,0,11,6,17,2,0,19,81,102,6,88,94,196
12/10/2009,CWF,LA,ASW,CE,Federal Contract Tower,2,2,21,72,97,0,0,9,12,21,2,2,30,84,118,10,52,62,180
12/11/2009,CWF,LA,ASW,CE,Federal Contract Tower,0,0,11,46,57,0,0,9,4,13,0,0,20,50,70,10,64,74,144
12/12/2009,CWF,LA,ASW,CE,Federal Contract Tower,0,0,8,0,8,0,0,0,0,0,0,0,8,0,8,0,0,0,8
12/13/2009,CWF,LA,ASW,CE,Federal Contract Tower,0,0,4,10,14,0,0,0,0,0,0,0,4,10,14,0,0,0,14
12/14/2009,CWF,LA,ASW,CE,Federal Contract Tower,0,0,4,0,4,0,0,0,0,0,0,0,4,0,4,0,0,0,4
12/15/2009,CWF,LA,ASW,CE,Federal Contract Tower,0,0,3,0,3,0,0,0,0,0,0,0,3,0,3,0,0,0,3
12/16/2009,CWF,LA,ASW,CE,Federal Contract Tower,0,0,24,17,41,0,0,24,2,26,0,0,48,19,67,14,0,14,81
12/17/2009,CWF,LA,ASW,CE,Federal Contract Tower,0,0,20,6,26,0,1,4,0,5,0,1,24,6,31,8,12,20,51
12/18/2009,CWF,LA,ASW,CE,Federal Contract Tower,0,2,24,82,108,0,0,5,2,7,0,2,29,84,115,38,40,78,193
12/19/2009,CWF,LA,ASW,CE,Federal Contract Tower,0,0,9,3,12,0,0,6,4,10,0,0,15,7,22,30,10,40,62
12/20/2009,CWF,LA,ASW,CE,Federal Contract Tower,1,0,16,53,70,0,0,7,0,7,1,0,23,53,77,28,46,74,151
12/21/2009,CWF,LA,ASW,CE,Federal Contract Tower,0,0,10,66,76,0,0,13,2,15,0,0,23,68,91,0,78,78,169
12/22/2009,CWF,LA,ASW,CE,Federal Contract Tower,0,0,26,56,82,0,0,12,0,12,0,0,38,56,94,28,32,60,154
12/23/2009,CWF,LA,ASW,CE,Federal Contract Tower,0,0,1,22,23,0,0,3,0,3,0,0,4,22,26,20,0,20,46
12/24/2009,CWF,LA,ASW,CE,Federal Contract Tower,0,0,2,0,2,0,0,3,0,3,0,0,5,0,5,0,0,0,5
12/25/2009,CWF,LA,ASW,CE,Federal Contract Tower,0,0,0,0,0,0,0,2,0,2,0,0,2,0,2,0,0,0,2
12/26/2009,CWF,LA,ASW,CE,Federal Contract Tower,0,0,6,0,6,0,3,8,0,11,0,3,14,0,17,44,0,44,61
12/27/2009,CWF,LA,ASW,CE,Federal Contract Tower,0,0,0,0,0,0,0,3,0,3,0,0,3,0,3,4,0,4,7
12/28/2009,CWF,LA,ASW,CE,Federal Contract Tower,2,0,8,11,21,0,0,16,1,17,2,0,24,12,38,0,0,0,38
12/29/2009,CWF,LA,ASW,CE,Federal Contract Tower,0,0,5,5,10,0,0,4,0,4,0,0,9,5,14,0,0,0,14
12/30/2009,CWF,LA,ASW,CE,Federal Contract Tower,0,0,11,4,15,0,0,0,0,0,0,0,11,4,15,0,0,0,15
12/31/2009,CWF,LA,ASW,CE,Federal Contract Tower,0,2,22,0,24,0,0,3,0,3,0,2,25,0,27,10,0,10,37
01/01/2010,CWF,LA,ASW,CE,Federal Contract Tower,0,0,4,0,4,0,0,1,0,1,0,0,5,0,5,0,0,0,5
01/02/2010,CWF,LA,ASW,CE,Federal Contract Tower,0,0,5,0,5,0,0,10,0,10,0,0,15,0,15,0,0,0,15
01/03/2010,CWF,LA,ASW,CE,Federal Contract Tower,0,0,4,0,4,0,0,4,0,4,0,0,8,0,8,10,0,10,18
01/04/2010,CWF,LA,ASW,CE,Federal Contract Tower,0,0,16,15,31,0,1,4,1,6,0,1,20,16,37,0,0,0,37
01/05/2010,CWF,LA,ASW,CE,Federal Contract Tower,1,0,21,13,35,0,0,3,7,10,1,0,24,20,45,0,10,10,55
01/06/2010,CWF,LA,ASW,CE,Federal Contract Tower,1,0,18,53,72,0,0,9,4,13,1,0,27,57,85,26,42,68,153
01/07/2010,CWF,LA,ASW,CE,Federal Contract Tower,3,1,4,5,13,0,0,0,0,0,3,1,4,5,13,0,8,8,21
01/08/2010,CWF,LA,ASW,CE,Federal Contract Tower,1,0,15,83,99,0,0,6,3,9,1,0,21,86,108,10,92,102,210
01/09/2010,CWF,LA,ASW,CE,Federal Contract Tower,0,0,5,69,74,0,0,8,7,15,0,0,13,76,89,12,70,82,171
01/10/2010,CWF,LA,ASW,CE,Federal Contract Tower,0,0,1,11,12,0,0,2,0,2,0,0,3,11,14,0,12,12,26
01/11/2010,CWF,LA,ASW,CE,Federal Contract Tower,0,0,12,30,42,0,0,5,8,13,0,0,17,38,55,16,44,60,115
01/12/2010,CWF,LA,ASW,CE,Federal Contract Tower,1,0,6,92,99,0,0,13,1,14,1,0,19,93,113,14,118,132,245
01/13/2010,CWF,LA,ASW,CE,Federal Contract Tower,0,0,15,44,59,0,5,21,2,28,0,5,36,46,87,10,30,40,127
01/14/2010,CWF,LA,ASW,CE,Federal Contract Tower,1,2,21,47,71,0,1,17,3,21,1,3,38,50,92,12,72,84,176
01/15/2010,CWF,LA,ASW,CE,Federal Contract Tower,2,0,6,6,14,0,4,2,2,8,2,4,8,8,22,0,10,10,32
01/16/2010,CWF,LA,ASW,CE,Federal Contract Tower,0,0,0,2,2,0,0,0,0,0,0,0,0,2,2,0,0,0,2
01/17/2010,CWF,LA,ASW,CE,Federal Contract Tower,0,0,1,2,3,0,0,2,1,3,0,0,3,3,6,0,0,0,6
01/18/2010,CWF,LA,ASW,CE,Federal Contract Tower,0,0,15,19,34,0,0,2,1,3,0,0,17,20,37,0,20,20,57
01/19/2010,CWF,LA,ASW,CE,Federal Contract Tower,0,0,7,12,19,0,0,3,1,4,0,0,10,13,23,10,0,10,33
01/20/2010,CWF,LA,ASW,CE,Federal Contract Tower,0,0,3,2,5,0,0,0,0,0,0,0,3,2,5,0,0,0,5
01/21/2010,CWF,LA,ASW,CE,Federal Contract Tower,0,0,22,32,54,0,0,17,5,22,0,0,39,37,76,26,50,76,152
01/22/2010,CWF,LA,ASW,CE,Federal Contract Tower,0,0,34,96,130,0,0,23,26,49,0,0,57,122,179,8,62,70,249
01/23/2010,CWF,LA,ASW,CE,Federal Contract Tower,0,0,9,38,47,0,0,4,1,5,0,0,13,39,52,8,24,32,84
01/24/2010,CWF,LA,ASW,CE,Federal Contract Tower,0,1,11,93,105,0,1,5,15,21,0,2,16,108,126,0,84,84,210
01/25/2010,CWF,LA,ASW,CE,Federal Contract Tower,0,0,9,21,30,0,0,7,0,7,0,0,16,21,37,10,22,32,69
01/26/2010,CWF,LA,ASW,CE,Federal Contract Tower,0,0,14,49,63,0,1,6,6,13,0,1,20,55,76,20,50,70,146
01/27/2010,CWF,LA,ASW,CE,Federal Contract Tower,0,0,30,31,61,0,1,10,5,16,0,1,40,36,77,8,44,52,129
01/28/2010,CWF,LA,ASW,CE,Federal Contract Tower,0,0,21,56,77,0,0,12,1,13,0,0,33,57,90,70,92,162,252
01/29/2010,CWF,LA,ASW,CE,Federal Contract Tower,0,0,9,1,10,0,0,0,0,0,0,0,9,1,10,0,0,0,10
01/30/2010,CWF,LA,ASW,CE,Federal Contract Tower,0,0,4,13,17,0,0,6,0,6,0,0,10,13,23,0,0,0,23
01/31/2010,CWF,LA,ASW,CE,Federal Contract Tower,0,0,2,3,5,0,0,4,0,4,0,0,6,3,9,0,10,10,19
02/01/2010,CWF,LA,ASW,CE,Federal Contract Tower,0,0,15,22,37,0,0,3,1,4,0,0,18,23,41,0,0,0,41
02/02/2010,CWF,LA,ASW,CE,Federal Contract Tower,0,0,17,32,49,0,0,9,1,10,0,0,26,33,59,30,20,50,109
02/03/2010,CWF,LA,ASW,CE,Federal Contract Tower,0,1,19,42,62,0,0,16,3,19,0,1,35,45,81,14,54,68,149
02/04/2010,CWF,LA,ASW,CE,Federal Contract Tower,0,0,8,16,24,0,0,0,0,0,0,0,8,16,24,0,0,0,24
02/05/2010,CWF,LA,ASW,CE,Federal Contract Tower,0,2,27,102,131,0,0,2,1,3,0,2,29,103,134,20,58,78,212
02/06/2010,CWF,LA,ASW,CE,Federal Contract Tower,0,0,2,68,70,0,0,6,11,17,0,0,8,79,87,0,78,78,165
02/07/2010,CWF,LA,ASW,CE,Federal Contract Tower,0,0,11,9,20,0,0,10,2,12,0,0,21,11,32,10,24,34,66
02/08/2010,CWF,LA,ASW,CE,Federal Contract Tower,1,0,14,46,61,0,0,4,4,8,1,0,18,50,69,6,36,42,111
02/09/2010,CWF,LA,ASW,CE,Federal Contract Tower,0,0,20,58,78,0,0,6,3,9,0,0,26,61,87,10,48,58,145
02/10/2010,CWF,LA,ASW,CE,Federal Contract Tower,0,0,36,41,77,0,0,4,6,10,0,0,40,47,87,36,26,62,149
02/11/2010,CWF,LA,ASW,CE,Federal Contract Tower,0,0,2,37,39,0,0,5,4,9,0,0,7,41,48,0,64,64,112
02/12/2010,CWF,LA,ASW,CE,Federal Contract Tower,0,0,7,11,18,0,0,0,0,0,0,0,7,11,18,0,20,20,38
02/13/2010,CWF,LA,ASW,CE,Federal Contract Tower,0,0,0,10,10,0,0,2,2,4,0,0,2,12,14,0,10,10,24
02/14/2010,CWF,LA,ASW,CE,Federal Contract Tower,0,0,2,9,11,0,2,2,0,4,0,2,4,9,15,8,6,14,29
02/15/2010,CWF,LA,ASW,CE,Federal Contract Tower,0,0,24,6,30,0,0,8,0,8,0,0,32,6,38,12,0,12,50
02/16/2010,CWF,LA,ASW,CE,Federal Contract Tower,0,0,9,118,127,0,1,4,8,13,0,1,13,126,140,14,74,88,228
02/17/2010,CWF,LA,ASW,CE,Federal Contract Tower,0,2,14,88,104,0,2,18,9,29,0,4,32,97,133,6,50,56,189
02/18/2010,CWF,LA,ASW,CE,Federal Contract Tower,1,2,25,78,106,0,2,16,3,21,1,4,41,81,127,84,106,190,317
02/19/2010,CWF,LA,ASW,CE,Federal Contract Tower,0,0,20,77,97,0,0,8,13,21,0,0,28,90,118,16,66,82,200
02/20/2010,CWF,LA,ASW,CE,Federal Contract Tower,0,0,2,16,18,0,0,5,1,6,0,0,7,17,24,0,26,26,50
02/21/2010,CWF,LA,ASW,CE,Federal Contract Tower,0,0,2,10,12,0,0,0,0,0,0,0,2,10,12,0,0,0,12
02/22/2010,CWF,LA,ASW,CE,Federal Contract Tower,0,0,19,45,64,0,0,1,4,5,0,0,20,49,69,30,24,54,123
02/23/2010,CWF,LA,ASW,CE,Federal Contract Tower,8,0,6,26,40,0,4,4,0,8,8,4,10,26,48,0,32,32,80
02/24/2010,CWF,LA,ASW,CE,Federal Contract Tower,0,0,10,89,99,0,8,10,6,24,0,8,20,95,123,20,96,116,239
02/25/2010,CWF,LA,ASW,CE,Federal Contract Tower,0,0,5,97,102,0,0,21,4,25,0,0,26,101,127,0,52,52,179
02/26/2010,CWF,LA,ASW,CE,Federal Contract Tower,0,0,8,12,20,0,0,0,0,0,0,0,8,12,20,0,12,12,32
02/27/2010,CWF,LA,ASW,CE,Federal Contract Tower,0,0,0,14,14,0,0,11,6,17,0,0,11,20,31,16,26,42,73
02/28/2010,CWF,LA,ASW,CE,Federal Contract Tower,2,0,1,12,15,0,0,8,0,8,2,0,9,12,23,0,76,76,99
03/01/2010,CWF,LA,ASW,CE,Federal Contract Tower,1,0,0,8,9,0,0,0,0,0,1,0,0,8,9,0,0,0,9
03/02/2010,CWF,LA,ASW,CE,Federal Contract Tower,1,0,7,31,39,0,0,25,7,32,1,0,32,38,71,26,32,58,129
03/03/2010,CWF,LA,ASW,CE,Federal Contract Tower,0,0,6,50,56,0,0,4,2,6,0,0,10,52,62,12,50,62,124
03/04/2010,CWF,LA,ASW,CE,Federal Contract Tower,0,0,28,75,103,0,2,20,2,24,0,2,48,77,127,16,44,60,187
03/05/2010,CWF,LA,ASW,CE,Federal Contract Tower,0,0,9,91,100,0,4,5,3,12,0,4,14,94,112,0,66,66,178
03/06/2010,CWF,LA,ASW,CE,Federal Contract Tower,0,0,8,35,43,0,0,11,8,19,0,0,19,43,62,16,28,44,106
03/07/2010,CWF,LA,ASW,CE,Federal Contract Tower,0,0,10,11,21,0,0,6,1,7,0,0,16,12,28,16,4,20,48
03/08/2010,CWF,LA,ASW,CE,Federal Contract Tower,1,0,7,26,34,0,0,0,2,2,1,0,7,28,36,0,0,0,36
03/09/2010,CWF,LA,ASW,CE,Federal Contract Tower,1,0,8,23,32,0,0,0,0,0,1,0,8,23,32,0,0,0,32
03/10/2010,CWF,LA,ASW,CE,Federal Contract Tower,1,1,7,5,14,0,2,3,0,5,1,3,10,5,19,0,0,0,19
03/11/2010,CWF,LA,ASW,CE,Federal Contract Tower,1,1,20,87,109,0,3,15,0,18,1,4,35,87,127,18,78,96,223
03/12/2010,CWF,LA,ASW,CE,Federal Contract Tower,1,0,7,97,105,0,3,8,22,33,1,3,15,119,138,0,92,92,230
03/13/2010,CWF,LA,ASW,CE,Federal Contract Tower,2,1,22,30,55,0,2,8,1,11,2,3,30,31,66,8,30,38,104
03/14/2010,CWF,LA,ASW,CE,Federal Contract Tower,5,0,8,40,53,0,0,22,12,34,5,0,30,52,87,30,20,50,137
03/15/2010,CWF,LA,ASW,CE,Federal Contract Tower,0,0,18,34,52,0,0,11,5,16,0,0,29,39,68,24,18,42,110
03/16/2010,CWF,LA,ASW,CE,Federal Contract Tower,0,0,7,37,44,0,0,15,2,17,0,0,22,39,61,30,30,60,121
03/17/2010,CWF,LA,ASW,CE,Federal Contract Tower,0,0,10,48,58,0,0,5,6,11,0,0,15,54,69,0,18,18,87
03/18/2010,CWF,LA,ASW,CE,Federal Contract Tower,1,0,16,69,86,0,0,13,4,17,1,0,29,73,103,22,52,74,177
03/19/2010,CWF,LA,ASW,CE,Federal Contract Tower,1,0,13,55,69,0,0,2,6,8,1,0,15,61,77,0,76,76,153
03/20/2010,CWF,LA,ASW,CE,Federal Contract Tower,0,0,4,0,4,0,0,5,0,5,0,0,9,0,9,20,0,20,29
03/21/2010,CWF,LA,ASW,CE,Federal Contract Tower,0,0,10,32,42,0,0,3,0,3,0,0,13,32,45,0,22,22,67
03/22/2010,CWF,LA,ASW,CE,Federal Contract Tower,0,0,26,54,80,0,0,7,5,12,0,0,33,59,92,10,42,52,144
03/23/2010,CWF,LA,ASW,CE,Federal Contract Tower,0,0,18,44,62,0,0,6,6,12,0,0,24,50,74,2,18,20,94
03/24/2010,CWF,LA,ASW,CE,Federal Contract Tower,0,2,20,71,93,0,0,4,1,5,0,2,24,72,98,0,56,56,154
03/25/2010,CWF,LA,ASW,CE,Federal Contract Tower,0,0,9,30,39,0,0,2,1,3,0,0,11,31,42,26,58,84,126
03/26/2010,CWF,LA,ASW,CE,Federal Contract Tower,0,0,8,119,127,0,0,10,8,18,0,0,18,127,145,10,32,42,187
03/27/2010,CWF,LA,ASW,CE,Federal Contract Tower,0,0,5,70,75,0,0,2,4,6,0,0,7,74,81,10,62,72,153
03/28/2010,CWF,LA,ASW,CE,Federal Contract Tower,1,0,13,37,51,0,0,5,2,7,1,0,18,39,58,36,14,50,108
03/29/2010,CWF,LA,ASW,CE,Federal Contract Tower,4,2,23,39,68,0,1,8,2,11,4,3,31,41,79,22,20,42,121
03/30/2010,CWF,LA,ASW,CE,Federal Contract Tower,0,8,22,39,69,0,1,5,7,13,0,9,27,46,82,16,28,44,126
03/31/2010,CWF,LA,ASW,CE,Federal Contract Tower,0,10,19,34,63,0,4,2,9,15,0,14,21,43,78,16,32,48,126
04/01/2010,CWF,LA,ASW,CE,Federal Contract Tower,1,6,10,53,70,0,0,10,1,11,1,6,20,54,81,24,32,56,137
04/02/2010,CWF,LA,ASW,CE,Federal Contract Tower,4,4,9,42,59,0,0,2,0,2,4,4,11,42,61,12,12,24,85
04/03/2010,CWF,LA,ASW,CE,Federal Contract Tower,0,0,9,40,49,0,0,3,0,3,0,0,12,40,52,10,10,20,72
04/04/2010,CWF,LA,ASW,CE,Federal Contract Tower,0,0,0,39,39,0,0,4,0,4,0,0,4,39,43,0,26,26,69
04/05/2010,CWF,LA,ASW,CE,Federal Contract Tower,2,0,32,62,96,0,0,1,5,6,2,0,33,67,102,0,30,30,132
04/06/2010,CWF,LA,ASW,CE,Federal Contract Tower,1,8,9,50,68,0,0,2,6,8,1,8,11,56,76,0,30,30,106
04/07/2010,CWF,LA,ASW,CE,Federal Contract Tower,0,8,5,44,57,0,2,0,0,2,0,10,5,44,59,0,46,46,105
04/08/2010,CWF,LA,ASW,CE,Federal Contract Tower,0,0,37,128,165,0,0,11,0,11,0,0,48,128,176,0,158,158,334
04/09/2010,CWF,LA,ASW,CE,Federal Contract Tower,0,0,21,85,106,0,0,6,13,19,0,0,27,98,125,10,38,48,173
04/10/2010,CWF,LA,ASW,CE,Federal Contract Tower,0,0,6,13,19,0,0,8,4,12,0,0,14,17,31,20,12,32,63
04/11/2010,CWF,LA,ASW,CE,Federal Contract Tower,0,0,10,52,62,0,0,12,2,14,0,0,22,54,76,0,50,50,126
04/12/2010,CWF,LA,ASW,CE,Federal Contract Tower,0,0,14,48,62,0,0,16,1,17,0,0,30,49,79,10,38,48,127
04/13/2010,CWF,LA,ASW,CE,Federal Contract Tower,0,1,9,56,66,0,0,15,6,21,0,1,24,62,87,16,52,68,155
04/14/2010,CWF,LA,ASW,CE,Federal Contract Tower,0,2,21,51,74,0,0,6,4,10,0,2,27,55,84,6,86,92,176
04/15/2010,CWF,LA,ASW,CE,Federal Contract Tower,3,0,16,109,128,0,2,8,1,11,3,2,24,110,139,46,140,186,325
04/16/2010,CWF,LA,ASW,CE,Federal Contract Tower,0,6,14,107,127,0,0,3,10,13,0,6,17,117,140,16,102,118,258
04/17/2010,CWF,LA,ASW,CE,Federal Contract Tower,0,0,4,73,77,0,0,1,3,4,0,0,5,76,81,10,62,72,153
04/18/2010,CWF,LA,ASW,CE,Federal Contract Tower,0,0,6,21,27,0,0,3,0,3,0,0,9,21,30,0,6,6,36
04/19/2010,CWF,LA,ASW,CE,Federal Contract Tower,0,0,11,26,37,0,2,23,0,25,0,2,34,26,62,36,4,40,102
04/20/2010,CWF,LA,ASW,CE,Federal Contract Tower,1,0,19,32,52,0,0,13,2,15,1,0,32,34,67,14,32,46,113
04/21/2010,CWF,LA,ASW,CE,Federal Contract Tower,0,0,9,71,80,0,0,8,8,16,0,0,17,79,96,28,72,100,196
04/22/2010,CWF,LA,ASW,CE,Federal Contract Tower,0,8,31,74,113,0,0,11,3,14,0,8,42,77,127,20,114,134,261
04/23/2010,CWF,LA,ASW,CE,Federal Contract Tower,1,0,9,24,34,0,0,0,0,0,1,0,9,24,34,0,0,0,34
04/24/2010,CWF,LA,ASW,CE,Federal Contract Tower,0,0,4,0,4,0,0,9,0,9,0,0,13,0,13,0,0,0,13
04/25/2010,CWF,LA,ASW,CE,Federal Contract Tower,0,0,2,27,29,0,2,6,0,8,0,2,8,27,37,0,76,76,113
04/26/2010,CWF,LA,ASW,CE,Federal Contract Tower,1,0,2,60,63,0,2,2,3,7,1,2,4,63,70,0,54,54,124
04/27/2010,CWF,LA,ASW,CE,Federal Contract Tower,0,0,24,40,64,0,1,9,19,29,0,1,33,59,93,18,32,50,143
04/28/2010,CWF,LA,ASW,CE,Federal Contract Tower,1,0,28,73,102,0,0,31,6,37,1,0,59,79,139,68,148,216,355
04/29/2010,CWF,LA,ASW,CE,Federal Contract Tower,0,2,16,120,138,0,0,1,0,1,0,2,17,120,139,0,148,148,287
04/30/2010,CWF,LA,ASW,CE,Federal Contract Tower,0,0,16,40,56,0,0,2,0,2,0,0,18,40,58,0,0,0,58
05/01/2010,CWF,LA,ASW,CE,Federal Contract Tower,0,0,8,0,8,0,0,0,0,0,0,0,8,0,8,0,0,0,8
05/02/2010,CWF,LA,ASW,CE,Federal Contract Tower,0,0,0,38,38,0,4,4,6,14,0,4,4,44,52,0,24,24,76
05/03/2010,CWF,LA,ASW,CE,Federal Contract Tower,0,1,5,37,43,0,1,25,0,26,0,2,30,37,69,8,53,61,130
05/04/2010,CWF,LA,ASW,CE,Federal Contract Tower,0,0,9,38,47,0,0,33,1,34,0,0,42,39,81,44,26,70,151
05/05/2010,CWF,LA,ASW,CE,Federal Contract Tower,7,14,9,75,105,0,0,15,0,15,7,14,24,75,120,22,82,104,224
05/06/2010,CWF,LA,ASW,CE,Federal Contract Tower,3,6,12,56,77,0,4,4,0,8,3,10,16,56,85,0,84,84,169
05/07/2010,CWF,LA,ASW,CE,Federal Contract Tower,1,2,10,59,72,0,0,2,0,2,1,2,12,59,74,0,18,18,92
05/08/2010,CWF,LA,ASW,CE,Federal Contract Tower,0,4,6,27,37,0,0,3,1,4,0,4,9,28,41,0,12,12,53
05/09/2010,CWF,LA,ASW,CE,Federal Contract Tower,1,0,12,44,57,0,0,10,0,10,1,0,22,44,67,10,28,38,105
05/10/2010,CWF,LA,ASW,CE,Federal Contract Tower,0,0,8,63,71,0,6,11,4,21,0,6,19,67,92,20,28,48,140
05/11/2010,CWF,LA,ASW,CE,Federal Contract Tower,0,0,3,48,51,0,1,6,3,10,0,1,9,51,61,24,70,94,155
05/12/2010,CWF,LA,ASW,CE,Federal Contract Tower,0,0,18,40,58,0,1,11,3,15,0,1,29,43,73,22,96,118,191
05/13/2010,CWF,LA,ASW,CE,Federal Contract Tower,1,0,13,41,55,0,0,10,1,11,1,0,23,42,66,14,52,66,132
05/14/2010,CWF,LA,ASW,CE,Federal Contract Tower,0,0,19,21,40,0,1,4,8,13,0,1,23,29,53,4,12,16,69
05/15/2010,CWF,LA,ASW,CE,Federal Contract Tower,0,0,2,0,2,0,0,3,0,3,0,0,5,0,5,0,0,0,5
05/16/2010,CWF,LA,ASW,CE,Federal Contract Tower,0,0,3,16,19,0,0,5,0,5,0,0,8,16,24,0,20,20,44
05/17/2010,CWF,LA,ASW,CE,Federal Contract Tower,0,0,22,20,42,0,0,4,0,4,0,0,26,20,46,22,8,30,76
05/18/2010,CWF,LA,ASW,CE,Federal Contract Tower,0,3,13,14,30,0,4,12,2,18,0,7,25,16,48,8,26,34,82
05/19/2010,CWF,LA,ASW,CE,Federal Contract Tower,0,1,6,36,43,0,1,7,2,10,0,2,13,38,53,0,46,46,99
05/20/2010,CWF,LA,ASW,CE,Federal Contract Tower,0,2,21,48,71,0,0,4,5,9,0,2,25,53,80,26,38,64,144
05/21/2010,CWF,LA,ASW,CE,Federal Contract Tower,0,4,23,55,82,0,2,6,2,10,0,6,29,57,92,24,18,42,134
05/22/2010,CWF,LA,ASW,CE,Federal Contract Tower,0,0,6,6,12,0,0,4,0,4,0,0,10,6,16,0,0,0,16
05/23/2010,CWF,LA,ASW,CE,Federal Contract Tower,0,5,1,59,65,0,6,3,3,12,0,11,4,62,77,0,36,36,113
05/24/2010,CWF,LA,ASW,CE,Federal Contract Tower,0,0,1,33,34,0,1,18,7,26,0,1,19,40,60,12,14,26,86
05/25/2010,CWF,LA,ASW,CE,Federal Contract Tower,0,0,10,63,73,0,1,2,1,4,0,1,12,64,77,32,54,86,163
05/26/2010,CWF,LA,ASW,CE,Federal Contract Tower,2,0,0,23,25,0,0,0,2,2,2,0,0,25,27,0,48,48,75
05/27/2010,CWF,LA,ASW,CE,Federal Contract Tower,0,7,13,48,68,0,2,5,1,8,0,9,18,49,76,18,62,80,156
05/28/2010,CWF,LA,ASW,CE,Federal Contract Tower,2,2,27,28,59,0,2,8,6,16,2,4,35,34,75,46,14,60,135
05/29/2010,CWF,LA,ASW,CE,Federal Contract Tower,0,9,6,1,16,0,3,1,1,5,0,12,7,2,21,0,0,0,21
05/30/2010,CWF,LA,ASW,CE,Federal Contract Tower,1,6,2,8,17,0,1,0,0,1,1,7,2,8,18,14,0,14,32
05/31/2010,CWF,LA,ASW,CE,Federal Contract Tower,1,0,7,5,13,0,2,0,1,3,1,2,7,6,16,0,0,0,16
06/01/2010,CWF,LA,ASW,CE,Federal Contract Tower,0,2,13,40,55,0,0,10,5,15,0,2,23,45,70,0,44,44,114
06/02/2010,CWF,LA,ASW,CE,Federal Contract Tower,1,9,24,6,40,0,0,5,0,5,1,9,29,6,45,4,0,4,49
06/03/2010,CWF,LA,ASW,CE,Federal Contract Tower,2,3,15,7,27,0,2,0,1,3,2,5,15,8,30,0,0,0,30
06/04/2010,CWF,LA,ASW,CE,Federal Contract Tower,0,0,13,34,47,0,1,2,1,4,0,1,15,35,51,6,30,36,87
06/05/2010,CWF,LA,ASW,CE,Federal Contract Tower,0,0,1,6,7,0,0,0,0,0,0,0,1,6,7,0,4,4,11
06/06/2010,CWF,LA,ASW,CE,Federal Contract Tower,1,4,2,10,17,0,0,0,2,2,1,4,2,12,19,0,0,0,19
06/07/2010,CWF,LA,ASW,CE,Federal Contract Tower,0,0,2,10,12,0,1,3,2,6,0,1,5,12,18,0,30,30,48
06/08/2010,CWF,LA,ASW,CE,Federal Contract Tower,0,0,3,14,17,0,0,6,0,6,0,0,9,14,23,24,28,52,75
06/09/2010,CWF,LA,ASW,CE,Federal Contract Tower,0,0,20,36,56,0,2,13,4,19,0,2,33,40,75,12,38,50,125
06/10/2010,CWF,LA,ASW,CE,Federal Contract Tower,0,0,10,26,36,0,0,10,0,10,0,0,20,26,46,12,58,70,116
06/11/2010,CWF,LA,ASW,CE,Federal Contract Tower,0,0,10,96,106,0,0,10,2,12,0,0,20,98,118,16,76,92,210
06/12/2010,CWF,LA,ASW,CE,Federal Contract Tower,8,2,12,89,111,0,0,8,9,17,8,2,20,98,128,12,52,64,192
06/13/2010,CWF,LA,ASW,CE,Federal Contract Tower,0,0,0,58,58,0,0,5,12,17,0,0,5,70,75,0,38,38,113
06/14/2010,CWF,LA,ASW,CE,Federal Contract Tower,11,4,4,46,65,0,0,12,1,13,11,4,16,47,78,8,28,36,114
06/15/2010,CWF,LA,ASW,CE,Federal Contract Tower,4,2,10,39,55,0,1,13,3,17,4,3,23,42,72,19,42,61,133
06/16/2010,CWF,LA,ASW,CE,Federal Contract Tower,2,0,12,52,66,0,2,4,4,10,2,2,16,56,76,14,78,92,168
06/17/2010,CWF,LA,ASW,CE,Federal Contract Tower,0,0,17,76,93,0,0,10,1,11,0,0,27,77,104,0,74,74,178
06/18/2010,CWF,LA,ASW,CE,Federal Contract Tower,0,0,27,106,133,0,2,8,16,26,0,2,35,122,159,8,94,102,261
06/19/2010,CWF,LA,ASW,CE,Federal Contract Tower,0,3,2,13,18,0,1,4,2,7,0,4,6,15,25,20,8,28,53
06/20/2010,CWF,LA,ASW,CE,Federal Contract Tower,0,0,1,61,62,0,0,2,2,4,0,0,3,63,66,0,46,46,112
06/21/2010,CWF,LA,ASW,CE,Federal Contract Tower,0,0,13,24,37,0,4,14,3,21,0,4,27,27,58,8,66,74,132
06/22/2010,CWF,LA,ASW,CE,Federal Contract Tower,2,2,4,4,12,0,0,12,2,14,2,2,16,6,26,0,2,2,28
06/23/2010,CWF,LA,ASW,CE,Federal Contract Tower,0,14,6,0,20,0,0,11,0,11,0,14,17,0,31,0,0,0,31
06/24/2010,CWF,LA,ASW,CE,Federal Contract Tower,1,7,3,22,33,0,0,7,6,13,1,7,10,28,46,0,36,36,82
06/25/2010,CWF,LA,ASW,CE,Federal Contract Tower,0,1,0,47,48,0,1,8,5,14,0,2,8,52,62,0,48,48,110
06/26/2010,CWF,LA,ASW,CE,Federal Contract Tower,0,0,0,4,4,0,2,2,2,6,0,2,2,6,10,56,0,56,66
06/27/2010,CWF,LA,ASW,CE,Federal Contract Tower,0,1,15,5,21,0,0,3,1,4,0,1,18,6,25,0,0,0,25
06/28/2010,CWF,LA,ASW,CE,Federal Contract Tower,0,4,5,20,29,0,2,8,0,10,0,6,13,20,39,8,14,22,61
06/29/2010,CWF,LA,ASW,CE,Federal Contract Tower,2,0,18,9,29,0,1,10,2,13,2,1,28,11,42,6,8,14,56
06/30/2010,CWF,LA,ASW,CE,Federal Contract Tower,0,0,5,0,5,0,0,0,0,0,0,0,5,0,5,0,0,0,5
07/01/2010,CWF,LA,ASW,CE,Federal Contract Tower,0,0,7,6,13,0,2,0,0,2,0,2,7,6,15,0,12,12,27
07/02/2010,CWF,LA,ASW,CE,Federal Contract Tower,0,4,13,22,39,0,0,4,0,4,0,4,17,22,43,2,0,2,45
07/03/2010,CWF,LA,ASW,CE,Federal Contract Tower,0,0,2,3,5,0,0,3,2,5,0,0,5,5,10,0,0,0,10
07/04/2010,CWF,LA,ASW,CE,Federal Contract Tower,0,0,0,0,0,0,0,1,0,1,0,0,1,0,1,0,0,0,1
07/05/2010,CWF,LA,ASW,CE,Federal Contract Tower,0,0,4,9,13,0,0,12,0,12,0,0,16,9,25,0,12,12,37
07/06/2010,CWF,LA,ASW,CE,Federal Contract Tower,0,1,10,1,12,0,1,9,4,14,0,2,19,5,26,8,4,12,38
07/07/2010,CWF,LA,ASW,CE,Federal Contract Tower,0,2,1,14,17,0,2,0,4,6,0,4,1,18,23,0,10,10,33
07/08/2010,CWF,LA,ASW,CE,Federal Contract Tower,0,2,9,43,54,0,2,2,1,5,0,4,11,44,59,4,34,38,97
07/09/2010,CWF,LA,ASW,CE,Federal Contract Tower,0,0,6,85,91,0,0,9,2,11,0,0,15,87,102,0,64,64,166
07/10/2010,CWF,LA,ASW,CE,Federal Contract Tower,2,0,0,30,32,0,0,0,2,2,2,0,0,32,34,2,28,30,64
07/11/2010,CWF,LA,ASW,CE,Federal Contract Tower,0,0,6,33,39,0,0,6,1,7,0,0,12,34,46,18,24,42,88
07/12/2010,CWF,LA,ASW,CE,Federal Contract Tower,0,0,13,72,85,0,0,5,0,5,0,0,18,72,90,4,40,44,134
07/13/2010,CWF,LA,ASW,CE,Federal Contract Tower,0,0,12,45,57,0,0,5,4,9,0,0,17,49,66,14,34,48,114
07/14/2010,CWF,LA,ASW,CE,Federal Contract Tower,1,0,13,28,42,0,0,21,0,21,1,0,34,28,63,2,0,2,65
07/15/2010,CWF,LA,ASW,CE,Federal Contract Tower,1,4,6,20,31,0,0,12,1,13,1,4,18,21,44,12,58,70,114
07/16/2010,CWF,LA,ASW,CE,Federal Contract Tower,1,0,8,56,65,0,0,9,12,21,1,0,17,68,86,0,46,46,132
07/17/2010,CWF,LA,ASW,CE,Federal Contract Tower,0,0,1,4,5,0,0,1,1,2,0,0,2,5,7,0,0,0,7
07/18/2010,CWF,LA,ASW,CE,Federal Contract Tower,0,0,4,0,4,0,0,1,2,3,0,0,5,2,7,0,0,0,7
07/19/2010,CWF,LA,ASW,CE,Federal Contract Tower,0,0,1,1,2,0,0,4,1,5,0,0,5,2,7,0,0,0,7
07/20/2010,CWF,LA,ASW,CE,Federal Contract Tower,0,0,0,61,61,0,0,12,11,23,0,0,12,72,84,0,18,18,102
07/21/2010,CWF,LA,ASW,CE,Federal Contract Tower,0,3,16,35,54,0,1,17,5,23,0,4,33,40,77,6,8,14,91
07/22/2010,CWF,LA,ASW,CE,Federal Contract Tower,5,0,5,32,42,0,3,4,0,7,5,3,9,32,49,14,30,44,93
07/23/2010,CWF,LA,ASW,CE,Federal Contract Tower,0,0,9,75,84,0,0,11,9,20,0,0,20,84,104,20,42,62,166
07/24/2010,CWF,LA,ASW,CE,Federal Contract Tower,1,0,3,15,19,0,0,5,0,5,1,0,8,15,24,36,6,42,66
07/25/2010,CWF,LA,ASW,CE,Federal Contract Tower,0,0,2,4,6,0,0,1,0,1,0,0,3,4,7,0,0,0,7
07/26/2010,CWF,LA,ASW,CE,Federal Contract Tower,0,0,6,9,15,0,0,5,0,5,0,0,11,9,20,0,12,12,32
07/27/2010,CWF,LA,ASW,CE,Federal Contract Tower,0,0,2,11,13,0,0,2,1,3,0,0,4,12,16,0,2,2,18
07/28/2010,CWF,LA,ASW,CE,Federal Contract Tower,5,0,9,16,30,0,0,12,6,18,5,0,21,22,48,2,14,16,64
07/29/2010,CWF,LA,ASW,CE,Federal Contract Tower,0,0,22,63,85,0,0,16,8,24,0,0,38,71,109,18,34,52,161
07/30/2010,CWF,LA,ASW,CE,Federal Contract Tower,2,0,10,68,80,0,0,12,6,18,2,0,22,74,98,0,68,68,166
07/31/2010,CWF,LA,ASW,CE,Federal Contract Tower,0,0,3,18,21,0,0,2,3,5,0,0,5,21,26,0,24,24,50
08/01/2010,CWF,LA,ASW,CE,Federal Contract Tower,3,0,7,47,57,0,0,5,5,10,3,0,12,52,67,42,34,76,143
08/02/2010,CWF,LA,ASW,CE,Federal Contract Tower,0,0,2,41,43,0,0,5,1,6,0,0,7,42,49,0,42,42,91
08/03/2010,CWF,LA,ASW,CE,Federal Contract Tower,0,0,10,61,71,0,0,6,3,9,0,0,16,64,80,36,42,78,158
08/04/2010,CWF,LA,ASW,CE,Federal Contract Tower,0,0,17,60,77,0,0,16,5,21,0,0,33,65,98,40,56,96,194
08/05/2010,CWF,LA,ASW,CE,Federal Contract Tower,0,0,7,51,58,0,3,9,2,14,0,3,16,53,72,0,38,38,110
08/06/2010,CWF,LA,ASW,CE,Federal Contract Tower,0,0,1,62,63,0,0,11,17,28,0,0,12,79,91,2,28,30,121
08/07/2010,CWF,LA,ASW,CE,Federal Contract Tower,0,0,1,12,13,0,0,4,4,8,0,0,5,16,21,10,0,10,31
08/08/2010,CWF,LA,ASW,CE,Federal Contract Tower,1,0,4,32,37,0,0,5,6,11,1,0,9,38,48,0,34,34,82
08/09/2010,CWF,LA,ASW,CE,Federal Contract Tower,0,0,6,51,57,0,0,15,5,20,0,0,21,56,77,30,42,72,149
08/10/2010,CWF,LA,ASW,CE,Federal Contract Tower,0,3,6,24,33,0,0,14,7,21,0,3,20,31,54,14,4,18,72
08/11/2010,CWF,LA,ASW,CE,Federal Contract Tower,0,4,3,24,31,0,2,5,0,7,0,6,8,24,38,0,26,26,64
08/12/2010,CWF,LA,ASW,CE,Federal Contract Tower,0,0,11,4,15,0,0,6,3,9,0,0,17,7,24,30,0,30,54
08/13/2010,CWF,LA,ASW,CE,Federal Contract Tower,4,6,4,57,71,0,0,9,4,13,4,6,13,61,84,6,38,44,128
08/14/2010,CWF,LA,ASW,CE,Federal Contract Tower,2,0,3,8,13,0,0,4,2,6,2,0,7,10,19,0,16,16,35
08/15/2010,CWF,LA,ASW,CE,Federal Contract Tower,0,0,2,9,11,0,2,3,0,5,0,2,5,9,16,0,32,32,48
08/16/2010,CWF,LA,ASW,CE,Federal Contract Tower,1,0,1,20,22,0,0,10,0,10,1,0,11,20,32,8,0,8,40
08/17/2010,CWF,LA,ASW,CE,Federal Contract Tower,0,2,5,10,17,0,0,7,0,7,0,2,12,10,24,0,4,4,28
08/18/2010,CWF,LA,ASW,CE,Federal Contract Tower,3,0,6,18,27,0,0,2,0,2,3,0,8,18,29,0,0,0,29
08/19/2010,CWF,LA,ASW,CE,Federal Contract Tower,0,0,10,16,26,0,0,16,1,17,0,0,26,17,43,12,0,12,55
08/20/2010,CWF,LA,ASW,CE,Federal Contract Tower,0,0,3,38,41,0,0,8,2,10,0,0,11,40,51,2,22,24,75
08/21/2010,CWF,LA,ASW,CE,Federal Contract Tower,0,0,5,12,17,0,0,4,0,4,0,0,9,12,21,0,12,12,33
08/22/2010,CWF,LA,ASW,CE,Federal Contract Tower,0,0,2,13,15,0,0,5,0,5,0,0,7,13,20,10,8,18,38
08/23/2010,CWF,LA,ASW,CE,Federal Contract Tower,0,0,8,53,61,0,1,6,0,7,0,1,14,53,68,0,40,40,108
08/24/2010,CWF,LA,ASW,CE,Federal Contract Tower,0,1,30,40,71,0,1,17,0,18,0,2,47,40,89,28,40,68,157
08/25/2010,CWF,LA,ASW,CE,Federal Contract Tower,0,0,9,35,44,0,0,8,4,12,0,0,17,39,56,0,64,64,120
08/26/2010,CWF,LA,ASW,CE,Federal Contract Tower,0,0,19,42,61,0,0,8,5,13,0,0,27,47,74,38,40,78,152
08/27/2010,CWF,LA,ASW,CE,Federal Contract Tower,0,0,27,57,84,0,0,10,11,21,0,0,37,68,105,4,50,54,159
08/28/2010,CWF,LA,ASW,CE,Federal Contract Tower,0,1,5,1,7,0,0,0,2,2,0,1,5,3,9,0,0,0,9
08/29/2010,CWF,LA,ASW,CE,Federal Contract Tower,0,0,4,4,8,0,0,0,2,2,0,0,4,6,10,0,18,18,28
08/30/2010,CWF,LA,ASW,CE,Federal Contract Tower,0,0,5,25,30,0,0,5,11,16,0,0,10,36,46,0,20,20,66
08/31/2010,CWF,LA,ASW,CE,Federal Contract Tower,0,0,7,11,18,0,4,4,2,10,0,4,11,13,28,20,20,40,68
09/01/2010,CWF,LA,ASW,CE,Federal Contract Tower,0,4,9,69,82,0,0,0,15,15,0,4,9,84,97,6,106,112,209
09/02/2010,CWF,LA,ASW,CE,Federal Contract Tower,0,0,1,40,41,0,2,8,0,10,0,2,9,40,51,40,66,106,157
09/03/2010,CWF,LA,ASW,CE,Federal Contract Tower,0,0,9,19,28,0,0,6,0,6,0,0,15,19,34,34,8,42,76
09/04/2010,CWF,LA,ASW,CE,Federal Contract Tower,2,0,0,9,11,0,0,17,2,19,2,0,17,11,30,12,0,12,42
09/05/2010,CWF,LA,ASW,CE,Federal Contract Tower,0,0,0,0,0,0,0,2,0,2,0,0,2,0,2,0,0,0,2
09/06/2010,CWF,LA,ASW,CE,Federal Contract Tower,0,0,8,8,16,0,0,2,0,2,0,0,10,8,18,18,24,42,60
09/07/2010,CWF,LA,ASW,CE,Federal Contract Tower,0,2,9,7,18,0,0,2,0,2,0,2,11,7,20,0,0,0,20
09/08/2010,CWF,LA,ASW,CE,Federal Contract Tower,3,12,9,64,88,0,0,19,10,29,3,12,28,74,117,20,44,64,181
09/09/2010,CWF,LA,ASW,CE,Federal Contract Tower,0,2,10,38,50,0,9,11,6,26,0,11,21,44,76,0,94,94,170
09/10/2010,CWF,LA,ASW,CE,Federal Contract Tower,2,5,65,0,72,0,0,16,9,25,2,5,81,9,97,2,84,86,183
09/11/2010,CWF,LA,ASW,CE,Federal Contract Tower,0,0,4,35,39,0,0,3,2,5,0,0,7,37,44,0,84,84,128
09/12/2010,CWF,LA,ASW,CE,Federal Contract Tower,0,0,3,6,9,0,0,4,0,4,0,0,7,6,13,2,22,24,37
09/13/2010,CWF,LA,ASW,CE,Federal Contract Tower,0,0,14,51,65,0,0,14,7,21,0,0,28,58,86,10,50,60,146
09/14/2010,CWF,LA,ASW,CE,Federal Contract Tower,0,0,9,38,47,0,0,12,2,14,0,0,21,40,61,18,54,72,133
09/15/2010,CWF,LA,ASW,CE,Federal Contract Tower,0,0,20,62,82,0,2,23,0,25,0,2,43,62,107,2,60,62,169
09/16/2010,CWF,LA,ASW,CE,Federal Contract Tower,0,4,3,42,49,0,1,12,3,16,0,5,15,45,65,2,18,20,85
09/17/2010,CWF,LA,ASW,CE,Federal Contract Tower,0,0,12,123,135,0,0,11,10,21,0,0,23,133,156,0,86,86,242
09/18/2010,CWF,LA,ASW,CE,Federal Contract Tower,0,0,8,7,15,0,0,5,1,6,0,0,13,8,21,0,10,10,31
09/19/2010,CWF,LA,ASW,CE,Federal Contract Tower,0,0,7,47,54,0,0,7,3,10,0,0,14,50,64,10,48,58,122
09/20/2010,CWF,LA,ASW,CE,Federal Contract Tower,6,2,8,41,57,0,0,15,2,17,6,2,23,43,74,4,14,18,92
09/21/2010,CWF,LA,ASW,CE,Federal Contract Tower,4,0,1,53,58,0,0,7,1,8,4,0,8,54,66,0,40,40,106
09/22/2010,CWF,LA,ASW,CE,Federal Contract Tower,2,0,9,50,61,0,0,4,0,4,2,0,13,50,65,0,80,80,145
09/23/2010,CWF,LA,ASW,CE,Federal Contract Tower,0,1,14,70,85,0,0,27,1,28,0,1,41,71,113,20,38,58,171
09/24/2010,CWF,LA,ASW,CE,Federal Contract Tower,0,0,4,88,92,0,0,5,1,6,0,0,9,89,98,4,74,78,176
09/25/2010,CWF,LA,ASW,CE,Federal Contract Tower,0,2,0,39,41,0,0,7,0,7,0,2,7,39,48,4,22,26,74
09/26/2010,CWF,LA,ASW,CE,Federal Contract Tower,0,0,0,1,1,0,0,1,3,4,0,0,1,4,5,0,0,0,5
09/27/2010,CWF,LA,ASW,CE,Federal Contract Tower,0,0,8,55,63,0,1,14,4,19,0,1,22,59,82,12,54,66,148
09/28/2010,CWF,LA,ASW,CE,Federal Contract Tower,0,0,17,18,35,0,0,9,0,9,0,0,26,18,44,10,10,20,64
09/29/2010,CWF,LA,ASW,CE,Federal Contract Tower,0,0,8,82,90,0,2,23,1,26,0,2,31,83,116,20,112,132,248
09/30/2010,CWF,LA,ASW,CE,Federal Contract Tower,0,0,13,16,29,0,1,9,0,10,0,1,22,16,39,32,26,58,97
10/01/2010,CWF,LA,ASW,CE,Federal Contract Tower,0,0,4,30,34,0,0,16,7,23,0,0,20,37,57,10,38,48,105
10/02/2010,CWF,LA,ASW,CE,Federal Contract Tower,0,0,4,2,6,0,0,5,0,5,0,0,9,2,11,0,0,0,11
10/03/2010,CWF,LA,ASW,CE,Federal Contract Tower,1,0,8,25,34,0,0,7,1,8,1,0,15,26,42,10,0,10,52
10/04/2010,CWF,LA,ASW,CE,Federal Contract Tower,0,0,1,17,18,0,2,11,2,15,0,2,12,19,33,0,0,0,33
10/05/2010,CWF,LA,ASW,CE,Federal Contract Tower,1,0,9,43,53,0,0,13,0,13,1,0,22,43,66,28,50,78,144
10/06/2010,CWF,LA,ASW,CE,Federal Contract Tower,3,0,19,51,73,0,1,14,9,24,3,1,33,60,97,0,74,74,171
10/07/2010,CWF,LA,ASW,CE,Federal Contract Tower,2,0,3,46,51,0,0,19,12,31,2,0,22,58,82,2,50,52,134
10/08/2010,CWF,LA,ASW,CE,Federal Contract Tower,0,0,15,60,75,0,0,17,11,28,0,0,32,71,103,8,48,56,159
10/09/2010,CWF,LA,ASW,CE,Federal Contract Tower,0,0,0,15,15,0,0,5,2,7,0,0,5,17,22,0,16,16,38
10/10/2010,CWF,LA,ASW,CE,Federal Contract Tower,0,0,0,24,24,0,0,0,11,11,0,0,0,35,35,0,10,10,45
10/11/2010,CWF,LA,ASW,CE,Federal Contract Tower,0,0,2,24,26,0,0,16,2,18,0,0,18,26,44,8,10,18,62
10/12/2010,CWF,LA,ASW,CE,Federal Contract Tower,8,0,1,20,29,0,0,8,9,17,8,0,9,29,46,0,44,44,90
10/13/2010,CWF,LA,ASW,CE,Federal Contract Tower,2,1,10,90,103,0,0,18,13,31,2,1,28,103,134,2,66,68,202
10/14/2010,CWF,LA,ASW,CE,Federal Contract Tower,4,0,9,92,105,0,1,8,15,24,4,1,17,107,129,16,92,108,237
10/15/2010,CWF,LA,ASW,CE,Federal Contract Tower,2,0,10,113,125,0,0,4,12,16,2,0,14,125,141,0,50,50,191
10/16/2010,CWF,LA,ASW,CE,Federal Contract Tower,0,2,1,26,29,0,0,0,1,1,0,2,1,27,30,12,12,24,54
10/17/2010,CWF,LA,ASW,CE,Federal Contract Tower,0,0,6,32,38,0,1,3,1,5,0,1,9,33,43,6,16,22,65
10/18/2010,CWF,LA,ASW,CE,Federal Contract Tower,2,2,16,100,120,0,0,10,9,19,2,2,26,109,139,2,84,86,225
10/19/2010,CWF,LA,ASW,CE,Federal Contract Tower,2,0,11,43,56,0,0,10,0,10,2,0,21,43,66,10,12,22,88
10/20/2010,CWF,LA,ASW,CE,Federal Contract Tower,0,0,7,53,60,0,0,7,1,8,0,0,14,54,68,10,12,22,90
10/21/2010,CWF,LA,ASW,CE,Federal Contract Tower,2,0,19,35,56,0,0,12,0,12,2,0,31,35,68,2,6,8,76
10/22/2010,CWF,LA,ASW,CE,Federal Contract Tower,0,4,5,95,104,0,0,8,1,9,0,4,13,96,113,26,22,48,161
10/23/2010,CWF,LA,ASW,CE,Federal Contract Tower,0,0,3,44,47,0,0,5,2,7,0,0,8,46,54,40,36,76,130
10/24/2010,CWF,LA,ASW,CE,Federal Contract Tower,0,0,4,37,41,0,0,2,0,2,0,0,6,37,43,6,0,6,49
10/25/2010,CWF,LA,ASW,CE,Federal Contract Tower,2,0,4,47,53,0,1,3,0,4,2,1,7,47,57,0,14,14,71
10/26/2010,CWF,LA,ASW,CE,Federal Contract Tower,2,0,3,49,54,0,1,2,5,8,2,1,5,54,62,0,66,66,128
10/27/2010,CWF,LA,ASW,CE,Federal Contract Tower,2,0,7,51,60,0,0,10,5,15,2,0,17,56,75,14,38,52,127
10/28/2010,CWF,LA,ASW,CE,Federal Contract Tower,0,0,21,121,142,0,2,9,5,16,0,2,30,126,158,0,68,68,226
10/29/2010,CWF,LA,ASW,CE,Federal Contract Tower,0,0,3,46,49,0,0,18,7,25,0,0,21,53,74,12,46,58,132
10/30/2010,CWF,LA,ASW,CE,Federal Contract Tower,0,0,1,11,12,0,0,8,0,8,0,0,9,11,20,0,10,10,30
10/31/2010,CWF,LA,ASW,CE,Federal Contract Tower,2,0,0,21,23,0,0,8,0,8,2,0,8,21,31,12,24,36,67
11/01/2010,CWF,LA,ASW,CE,Federal Contract Tower,0,0,1,18,19,0,0,6,0,6,0,0,7,18,25,18,0,18,43
11/02/2010,CWF,LA,ASW,CE,Federal Contract Tower,0,0,3,8,11,0,0,0,0,0,0,0,3,8,11,0,0,0,11
11/03/2010,CWF,LA,ASW,CE,Federal Contract Tower,0,0,8,16,24,0,0,2,1,3,0,0,10,17,27,16,6,22,49
11/04/2010,CWF,LA,ASW,CE,Federal Contract Tower,0,0,5,73,78,0,13,0,3,16,0,13,5,76,94,0,90,90,184
11/05/2010,CWF,LA,ASW,CE,Federal Contract Tower,0,0,8,82,90,0,0,0,17,17,0,0,8,99,107,0,30,30,137
11/06/2010,CWF,LA,ASW,CE,Federal Contract Tower,2,0,0,25,27,0,0,2,5,7,2,0,2,30,34,0,0,0,34
11/07/2010,CWF,LA,ASW,CE,Federal Contract Tower,0,0,4,32,36,0,0,2,1,3,0,0,6,33,39,12,28,40,79
11/08/2010,CWF,LA,ASW,CE,Federal Contract Tower,0,0,3,49,52,0,0,10,4,14,0,0,13,53,66,8,18,26,92
11/09/2010,CWF,LA,ASW,CE,Federal Contract Tower,2,2,10,45,59,0,0,10,4,14,2,2,20,49,73,4,12,16,89
11/10/2010,CWF,LA,ASW,CE,Federal Contract Tower,0,0,6,78,84,0,3,15,3,21,0,3,21,81,105,2,94,96,201
11/11/2010,CWF,LA,ASW,CE,Federal Contract Tower,1,2,2,5,10,0,1,4,0,5,1,3,6,5,15,0,6,6,21
11/12/2010,CWF,LA,ASW,CE,Federal Contract Tower,4,0,12,77,93,0,0,5,13,18,4,0,17,90,111,12,16,28,139
11/13/2010,CWF,LA,ASW,CE,Federal Contract Tower,2,0,12,15,29,0,0,3,0,3,2,0,15,15,32,0,0,0,32
11/14/2010,CWF,LA,ASW,CE,Federal Contract Tower,0,0,4,23,27,0,0,2,3,5,0,0,6,26,32,0,22,22,54
11/15/2010,CWF,LA,ASW,CE,Federal Contract Tower,1,0,12,13,26,0,0,7,0,7,1,0,19,13,33,2,0,2,35
11/16/2010,CWF,LA,ASW,CE,Federal Contract Tower,1,0,9,61,71,0,0,5,3,8,1,0,14,64,79,16,4,20,99
11/17/2010,CWF,LA,ASW,CE,Federal Contract Tower,0,0,16,43,59,0,3,14,7,24,0,3,30,50,83,16,50,66,149
11/18/2010,CWF,LA,ASW,CE,Federal Contract Tower,0,0,6,57,63,0,0,6,7,13,0,0,12,64,76,18,52,70,146
11/19/2010,CWF,LA,ASW,CE,Federal Contract Tower,1,1,3,40,45,0,0,0,0,0,1,1,3,40,45,0,0,0,45
11/20/2010,CWF,LA,ASW,CE,Federal Contract Tower,2,0,9,22,33,0,0,6,1,7,2,0,15,23,40,24,26,50,90
11/21/2010,CWF,LA,ASW,CE,Federal Contract Tower,0,0,10,26,36,0,0,4,7,11,0,0,14,33,47,2,12,14,61
11/22/2010,CWF,LA,ASW,CE,Federal Contract Tower,2,0,6,22,30,0,0,2,3,5,2,0,8,25,35,0,12,12,47
11/23/2010,CWF,LA,ASW,CE,Federal Contract Tower,0,0,6,11,17,0,0,12,4,16,0,0,18,15,33,0,13,13,46
11/24/2010,CWF,LA,ASW,CE,Federal Contract Tower,0,0,8,0,8,0,2,0,0,2,0,2,8,0,10,0,0,0,10
11/25/2010,CWF,LA,ASW,CE,Federal Contract Tower,0,0,0,0,0,0,2,0,0,2,0,2,0,0,2,0,0,0,2
11/26/2010,CWF,LA,ASW,CE,Federal Contract Tower,2,0,1,0,3,0,0,0,0,0,2,0,1,0,3,0,0,0,3
11/27/2010,CWF,LA,ASW,CE,Federal Contract Tower,1,0,5,0,6,0,0,3,2,5,1,0,8,2,11,0,0,0,11
11/28/2010,CWF,LA,ASW,CE,Federal Contract Tower,2,0,5,0,7,0,2,3,0,5,2,2,8,0,12,0,0,0,12
11/29/2010,CWF,LA,ASW,CE,Federal Contract Tower,0,2,1,26,29,0,0,0,0,0,0,2,1,26,29,0,0,0,29
11/30/2010,CWF,LA,ASW,CE,Federal Contract Tower,0,0,1,35,36,0,0,7,2,9,0,0,8,37,45,8,6,14,59
12/01/2010,CWF,LA,ASW,CE,Federal Contract Tower,0,0,6,54,60,0,0,13,1,14,0,0,19,55,74,0,56,56,130
12/02/2010,CWF,LA,ASW,CE,Federal Contract Tower,0,0,26,46,72,0,4,16,2,22,0,4,42,48,94,16,42,58,152
12/03/2010,CWF,LA,ASW,CE,Federal Contract Tower,0,0,9,134,143,0,0,15,4,19,0,0,24,138,162,34,104,138,300
12/04/2010,CWF,LA,ASW,CE,Federal Contract Tower,2,0,1,29,32,0,0,6,1,7,2,0,7,30,39,0,12,12,51
12/05/2010,CWF,LA,ASW,CE,Federal Contract Tower,0,0,2,76,78,0,0,7,2,9,0,0,9,78,87,0,36,36,123
12/06/2010,CWF,LA,ASW,CE,Federal Contract Tower,0,0,2,38,40,0,0,12,1,13,0,0,14,39,53,18,6,24,77
12/07/2010,CWF,LA,ASW,CE,Federal Contract Tower,0,0,6,33,39,0,0,8,18,26,0,0,14,51,65,24,27,51,116
12/08/2010,CWF,LA,ASW,CE,Federal Contract Tower,0,2,3,37,42,0,0,2,5,7,0,2,5,42,49,8,62,70,119
12/09/2010,CWF,LA,ASW,CE,Federal Contract Tower,0,0,2,49,51,0,0,12,8,20,0,0,14,57,71,0,20,20,91
12/10/2010,CWF,LA,ASW,CE,Federal Contract Tower,0,0,13,42,55,0,0,12,19,31,0,0,25,61,86,24,54,78,164
12/11/2010,CWF,LA,ASW,CE,Federal Contract Tower,3,0,3,10,16,0,0,0,2,2,3,0,3,12,18,0,0,0,18
12/12/2010,CWF,LA,ASW,CE,Federal Contract Tower,1,0,4,46,51,0,1,2,19,22,1,1,6,65,73,0,26,26,99
12/13/2010,CWF,LA,ASW,CE,Federal Contract Tower,0,0,2,55,57,0,0,6,25,31,0,0,8,80,88,0,0,0,88
12/14/2010,CWF,LA,ASW,CE,Federal Contract Tower,0,0,6,28,34,0,2,10,9,21,0,2,16,37,55,16,6,22,77
12/15/2010,CWF,LA,ASW,CE,Federal Contract Tower,4,0,6,33,43,0,0,0,5,5,4,0,6,38,48,0,22,22,70
12/16/2010,CWF,LA,ASW,CE,Federal Contract Tower,0,3,3,49,55,0,0,5,4,9,0,3,8,53,64,0,12,12,76
12/17/2010,CWF,LA,ASW,CE,Federal Contract Tower,3,0,6,58,67,0,0,4,3,7,3,0,10,61,74,20,20,40,114
12/18/2010,CWF,LA,ASW,CE,Federal Contract Tower,0,1,6,35,42,0,0,5,5,10,0,1,11,40,52,0,90,90,142
12/19/2010,CWF,LA,ASW,CE,Federal Contract Tower,0,0,12,35,47,0,0,3,4,7,0,0,15,39,54,0,10,10,64
12/20/2010,CWF,LA,ASW,CE,Federal Contract Tower,0,0,3,19,22,0,1,3,2,6,0,1,6,21,28,0,4,4,32
12/21/2010,CWF,LA,ASW,CE,Federal Contract Tower,0,0,1,23,24,0,0,0,2,2,0,0,1,25,26,0,6,6,32
12/22/2010,CWF,LA,ASW,CE,Federal Contract Tower,0,0,1,24,25,0,0,0,4,4,0,0,1,28,29,0,0,0,29
12/23/2010,CWF,LA,ASW,CE,Federal Contract Tower,0,0,4,10,14,0,0,2,0,2,0,0,6,10,16,10,0,10,26
12/24/2010,CWF,LA,ASW,CE,Federal Contract Tower,0,0,2,0,2,0,0,3,0,3,0,0,5,0,5,6,0,6,11
12/25/2010,CWF,LA,ASW,CE,Federal Contract Tower,0,0,0,0,0,0,0,0,0,0,0,0,0,0,0,0,0,0,0
12/26/2010,CWF,LA,ASW,CE,Federal Contract Tower,0,0,2,0,2,0,0,6,0,6,0,0,8,0,8,0,0,0,8
12/27/2010,CWF,LA,ASW,CE,Federal Contract Tower,0,0,7,0,7,0,0,7,0,7,0,0,14,0,14,0,0,0,14
12/28/2010,CWF,LA,ASW,CE,Federal Contract Tower,0,0,4,23,27,0,0,8,2,10,0,0,12,25,37,8,4,12,49
12/29/2010,CWF,LA,ASW,CE,Federal Contract Tower,0,0,4,2,6,0,1,1,0,2,0,1,5,2,8,0,0,0,8
12/30/2010,CWF,LA,ASW,CE,Federal Contract Tower,4,0,16,3,23,0,0,7,0,7,4,0,23,3,30,0,0,0,30
12/31/2010,CWF,LA,ASW,CE,Federal Contract Tower,0,0,1,1,2,0,0,0,0,0,0,0,1,1,2,0,0,0,2
01/01/2011,CWF,LA,ASW,CE,Federal Contract Tower,0,0,0,2,2,0,0,1,0,1,0,0,1,2,3,0,0,0,3
01/02/2011,CWF,LA,ASW,CE,Federal Contract Tower,2,0,7,0,9,0,0,3,0,3,2,0,10,0,12,0,0,0,12
01/03/2011,CWF,LA,ASW,CE,Federal Contract Tower,1,0,4,2,7,0,0,9,0,9,1,0,13,2,16,0,0,0,16
01/04/2011,CWF,LA,ASW,CE,Federal Contract Tower,0,0,16,8,24,0,0,1,0,1,0,0,17,8,25,16,0,16,41
01/05/2011,CWF,LA,ASW,CE,Federal Contract Tower,0,0,7,9,16,0,0,1,1,2,0,0,8,10,18,10,4,14,32
01/06/2011,CWF,LA,ASW,CE,Federal Contract Tower,0,0,22,59,81,0,0,20,11,31,0,0,42,70,112,48,58,106,218
01/07/2011,CWF,LA,ASW,CE,Federal Contract Tower,0,0,6,65,71,0,0,14,15,29,0,0,20,80,100,0,82,82,182
01/08/2011,CWF,LA,ASW,CE,Federal Contract Tower,1,0,4,13,18,0,0,2,0,2,1,0,6,13,20,22,28,50,70
01/09/2011,CWF,LA,ASW,CE,Federal Contract Tower,1,2,1,0,4,0,0,0,0,0,1,2,1,0,4,0,0,0,4
01/10/2011,CWF,LA,ASW,CE,Federal Contract Tower,0,0,18,22,40,0,0,0,0,0,0,0,18,22,40,0,4,4,44
01/11/2011,CWF,LA,ASW,CE,Federal Contract Tower,0,0,6,10,16,0,0,2,0,2,0,0,8,10,18,0,0,0,18
01/12/2011,CWF,LA,ASW,CE,Federal Contract Tower,0,0,10,82,92,0,1,12,3,16,0,1,22,85,108,0,14,14,122
01/13/2011,CWF,LA,ASW,CE,Federal Contract Tower,1,1,9,45,56,0,0,19,9,28,1,1,28,54,84,0,46,46,130
01/14/2011,CWF,LA,ASW,CE,Federal Contract Tower,0,0,20,50,70,0,0,10,7,17,0,0,30,57,87,26,0,26,113
01/15/2011,CWF,LA,ASW,CE,Federal Contract Tower,0,0,2,4,6,0,0,4,4,8,0,0,6,8,14,24,0,24,38
01/16/2011,CWF,LA,ASW,CE,Federal Contract Tower,0,2,7,0,9,0,0,0,1,1,0,2,7,1,10,0,12,12,22
01/17/2011,CWF,LA,ASW,CE,Federal Contract Tower,0,0,6,30,36,0,0,0,5,5,0,0,6,35,41,2,0,2,43
01/18/2011,CWF,LA,ASW,CE,Federal Contract Tower,3,4,6,29,42,0,0,0,0,0,3,4,6,29,42,0,0,0,42
01/19/2011,CWF,LA,ASW,CE,Federal Contract Tower,1,0,13,82,96,0,2,13,6,21,1,2,26,88,117,38,16,54,171
01/20/2011,CWF,LA,ASW,CE,Federal Contract Tower,0,4,2,49,55,0,0,7,5,12,0,4,9,54,67,0,16,16,83
01/21/2011,CWF,LA,ASW,CE,Federal Contract Tower,1,0,15,114,130,0,2,5,7,14,1,2,20,121,144,12,48,60,204
01/22/2011,CWF,LA,ASW,CE,Federal Contract Tower,0,0,3,41,44,0,0,6,2,8,0,0,9,43,52,0,44,44,96
01/23/2011,CWF,LA,ASW,CE,Federal Contract Tower,0,0,12,59,71,0,0,5,3,8,0,0,17,62,79,16,84,100,179
01/24/2011,CWF,LA,ASW,CE,Federal Contract Tower,1,0,3,9,13,0,0,0,0,0,1,0,3,9,13,0,0,0,13
01/25/2011,CWF,LA,ASW,CE,Federal Contract Tower,2,0,8,21,31,0,0,4,1,5,2,0,12,22,36,0,0,0,36
01/26/2011,CWF,LA,ASW,CE,Federal Contract Tower,1,1,25,58,85,0,0,8,6,14,1,1,33,64,99,0,54,54,153
01/27/2011,CWF,LA,ASW,CE,Federal Contract Tower,0,0,18,52,70,0,0,12,5,17,0,0,30,57,87,12,34,46,133
01/28/2011,CWF,LA,ASW,CE,Federal Contract Tower,0,0,10,67,77,0,0,4,6,10,0,0,14,73,87,0,38,38,125
01/29/2011,CWF,LA,ASW,CE,Federal Contract Tower,0,0,2,34,36,0,0,4,2,6,0,0,6,36,42,8,18,26,68
01/30/2011,CWF,LA,ASW,CE,Federal Contract Tower,0,0,2,10,12,0,0,0,0,0,0,0,2,10,12,0,0,0,12
01/31/2011,CWF,LA,ASW,CE,Federal Contract Tower,0,0,4,27,31,0,0,2,1,3,0,0,6,28,34,0,12,12,46
02/01/2011,CWF,LA,ASW,CE,Federal Contract Tower,0,0,6,8,14,0,0,0,0,0,0,0,6,8,14,0,0,0,14
02/02/2011,CWF,LA,ASW,CE,Federal Contract Tower,4,0,2,92,98,0,0,3,6,9,4,0,5,98,107,0,76,76,183
02/03/2011,CWF,LA,ASW,CE,Federal Contract Tower,0,0,2,2,4,0,0,3,0,3,0,0,5,2,7,0,0,0,7
02/04/2011,CWF,LA,ASW,CE,Federal Contract Tower,0,0,4,7,11,0,0,0,0,0,0,0,4,7,11,0,0,0,11
02/05/2011,CWF,LA,ASW,CE,Federal Contract Tower,0,0,2,30,32,0,0,10,1,11,0,0,12,31,43,0,6,6,49
02/06/2011,CWF,LA,ASW,CE,Federal Contract Tower,0,0,0,5,5,0,0,3,0,3,0,0,3,5,8,0,0,0,8
02/07/2011,CWF,LA,ASW,CE,Federal Contract Tower,0,1,12,50,63,0,0,2,5,7,0,1,14,55,70,12,32,44,114
02/08/2011,CWF,LA,ASW,CE,Federal Contract Tower,0,0,9,112,121,0,0,3,4,7,0,0,12,116,128,6,10,16,144
02/09/2011,CWF,LA,ASW,CE,Federal Contract Tower,8,0,5,21,34,0,0,0,0,0,8,0,5,21,34,0,0,0,34
02/10/2011,CWF,LA,ASW,CE,Federal Contract Tower,2,0,13,51,66,0,0,7,4,11,2,0,20,55,77,10,16,26,103
02/11/2011,CWF,LA,ASW,CE,Federal Contract Tower,2,0,12,107,121,0,0,6,5,11,2,0,18,112,132,34,86,120,252
02/12/2011,CWF,LA,ASW,CE,Federal Contract Tower,11,3,1,21,36,0,3,8,4,15,11,6,9,25,51,20,46,66,117
02/13/2011,CWF,LA,ASW,CE,Federal Contract Tower,0,1,13,38,52,0,1,7,7,15,0,2,20,45,67,18,16,34,101
02/14/2011,CWF,LA,ASW,CE,Federal Contract Tower,0,0,0,7,7,0,0,3,0,3,0,0,3,7,10,8,16,24,34
02/15/2011,CWF,LA,ASW,CE,Federal Contract Tower,0,1,4,24,29,0,0,7,10,17,0,1,11,34,46,12,8,20,66
02/16/2011,CWF,LA,ASW,CE,Federal Contract Tower,4,0,7,43,54,0,0,3,2,5,4,0,10,45,59,0,38,38,97
02/17/2011,CWF,LA,ASW,CE,Federal Contract Tower,1,0,11,38,50,0,0,5,1,6,1,0,16,39,56,0,4,4,60
02/18/2011,CWF,LA,ASW,CE,Federal Contract Tower,0,0,10,93,103,0,0,18,10,28,0,0,28,103,131,10,42,52,183
02/19/2011,CWF,LA,ASW,CE,Federal Contract Tower,0,0,3,52,55,0,0,1,0,1,0,0,4,52,56,0,14,14,70
02/20/2011,CWF,LA,ASW,CE,Federal Contract Tower,1,0,6,7,14,0,0,8,0,8,1,0,14,7,22,0,14,14,36
02/21/2011,CWF,LA,ASW,CE,Federal Contract Tower,0,0,7,46,53,0,0,2,3,5,0,0,9,49,58,0,4,4,62
02/22/2011,CWF,LA,ASW,CE,Federal Contract Tower,0,0,6,15,21,0,0,3,1,4,0,0,9,16,25,0,0,0,25
02/23/2011,CWF,LA,ASW,CE,Federal Contract Tower,0,0,5,30,35,0,0,3,5,8,0,0,8,35,43,6,22,28,71
02/24/2011,CWF,LA,ASW,CE,Federal Contract Tower,6,0,2,11,19,0,1,2,1,4,6,1,4,12,23,2,0,2,25
02/25/2011,CWF,LA,ASW,CE,Federal Contract Tower,0,2,8,62,72,0,0,11,1,12,0,2,19,63,84,12,58,70,154
02/26/2011,CWF,LA,ASW,CE,Federal Contract Tower,0,0,12,0,12,0,1,0,0,1,0,1,12,0,13,0,0,0,13
02/27/2011,CWF,LA,ASW,CE,Federal Contract Tower,0,0,4,35,39,0,0,0,8,8,0,0,4,43,47,0,0,0,47
02/28/2011,CWF,LA,ASW,CE,Federal Contract Tower,7,0,4,28,39,0,0,6,0,6,7,0,10,28,45,14,44,58,103
03/01/2011,CWF,LA,ASW,CE,Federal Contract Tower,1,0,2,40,43,0,1,4,1,6,1,1,6,41,49,6,48,54,103
03/02/2011,CWF,LA,ASW,CE,Federal Contract Tower,0,0,8,104,112,0,0,9,2,11,0,0,17,106,123,20,134,154,277
03/03/2011,CWF,LA,ASW,CE,Federal Contract Tower,1,0,7,82,90,0,0,8,6,14,1,0,15,88,104,2,46,48,152
03/04/2011,CWF,LA,ASW,CE,Federal Contract Tower,0,2,7,37,46,0,0,10,3,13,0,2,17,40,59,4,12,16,75
03/05/2011,CWF,LA,ASW,CE,Federal Contract Tower,2,4,0,6,12,0,0,0,0,0,2,4,0,6,12,0,0,0,12
03/06/2011,CWF,LA,ASW,CE,Federal Contract Tower,0,0,3,40,43,0,0,7,0,7,0,0,10,40,50,8,18,26,76
03/07/2011,CWF,LA,ASW,CE,Federal Contract Tower,0,0,5,45,50,0,0,4,1,5,0,0,9,46,55,0,12,12,67
03/08/2011,CWF,LA,ASW,CE,Federal Contract Tower,2,0,10,12,24,0,0,0,0,0,2,0,10,12,24,0,0,0,24
03/09/2011,CWF,LA,ASW,CE,Federal Contract Tower,0,0,6,7,13,0,0,3,5,8,0,0,9,12,21,0,0,0,21
03/10/2011,CWF,LA,ASW,CE,Federal Contract Tower,0,0,4,43,47,0,0,11,4,15,0,0,15,47,62,0,32,32,94
03/11/2011,CWF,LA,ASW,CE,Federal Contract Tower,0,0,7,82,89,6,0,6,1,13,6,0,13,83,102,28,94,122,224
03/12/2011,CWF,LA,ASW,CE,Federal Contract Tower,1,0,4,47,52,0,0,15,8,23,1,0,19,55,75,22,48,70,145
03/13/2011,CWF,LA,ASW,CE,Federal Contract Tower,2,0,3,32,37,0,0,3,1,4,2,0,6,33,41,4,0,4,45
03/14/2011,CWF,LA,ASW,CE,Federal Contract Tower,3,0,4,0,7,0,0,1,0,1,3,0,5,0,8,0,0,0,8
03/15/2011,CWF,LA,ASW,CE,Federal Contract Tower,0,0,13,37,50,0,0,4,0,4,0,0,17,37,54,2,24,26,80
03/16/2011,CWF,LA,ASW,CE,Federal Contract Tower,0,0,10,28,38,0,0,6,2,8,0,0,16,30,46,0,6,6,52
03/17/2011,CWF,LA,ASW,CE,Federal Contract Tower,1,2,15,54,72,0,0,7,2,9,1,2,22,56,81,0,30,30,111
03/18/2011,CWF,LA,ASW,CE,Federal Contract Tower,3,0,25,60,88,0,4,7,3,14,3,4,32,63,102,8,22,30,132
03/19/2011,CWF,LA,ASW,CE,Federal Contract Tower,0,0,5,48,53,0,0,5,1,6,0,0,10,49,59,12,38,50,109
03/20/2011,CWF,LA,ASW,CE,Federal Contract Tower,5,0,0,63,68,0,0,5,0,5,5,0,5,63,73,2,26,28,101
03/21/2011,CWF,LA,ASW,CE,Federal Contract Tower,2,2,2,26,32,0,0,6,2,8,2,2,8,28,40,0,26,26,66
03/22/2011,CWF,LA,ASW,CE,Federal Contract Tower,2,0,5,34,41,0,2,4,6,12,2,2,9,40,53,0,14,14,67
03/23/2011,CWF,LA,ASW,CE,Federal Contract Tower,0,0,9,64,73,0,0,2,2,4,0,0,11,66,77,0,58,58,135
03/24/2011,CWF,LA,ASW,CE,Federal Contract Tower,4,1,12,65,82,0,0,4,3,7,4,1,16,68,89,6,28,34,123
03/25/2011,CWF,LA,ASW,CE,Federal Contract Tower,3,0,15,92,110,0,0,1,0,1,3,0,16,92,111,0,24,24,135
03/26/2011,CWF,LA,ASW,CE,Federal Contract Tower,5,2,7,57,71,0,0,7,2,9,5,2,14,59,80,0,26,26,106
03/27/2011,CWF,LA,ASW,CE,Federal Contract Tower,2,3,5,29,39,0,0,0,1,1,2,3,5,30,40,0,0,0,40
03/28/2011,CWF,LA,ASW,CE,Federal Contract Tower,0,1,6,57,64,0,0,2,1,3,0,1,8,58,67,28,38,66,133
03/29/2011,CWF,LA,ASW,CE,Federal Contract Tower,0,0,16,24,40,0,0,0,0,0,0,0,16,24,40,0,0,0,40
03/30/2011,CWF,LA,ASW,CE,Federal Contract Tower,2,0,13,36,51,0,0,2,1,3,2,0,15,37,54,10,0,10,64
03/31/2011,CWF,LA,ASW,CE,Federal Contract Tower,0,1,21,57,79,0,0,9,1,10,0,1,30,58,89,16,68,84,173
04/01/2011,CWF,LA,ASW,CE,Federal Contract Tower,2,0,4,92,98,0,0,10,8,18,2,0,14,100,116,24,64,88,204
04/02/2011,CWF,LA,ASW,CE,Federal Contract Tower,0,0,2,5,7,0,0,6,0,6,0,0,8,5,13,0,0,0,13
04/03/2011,CWF,LA,ASW,CE,Federal Contract Tower,1,0,4,22,27,0,0,2,3,5,1,0,6,25,32,0,0,0,32
04/04/2011,CWF,LA,ASW,CE,Federal Contract Tower,0,0,2,0,2,0,4,0,0,4,0,4,2,0,6,0,0,0,6
04/05/2011,CWF,LA,ASW,CE,Federal Contract Tower,2,0,12,49,63,0,3,6,4,13,2,3,18,53,76,44,40,84,160
04/06/2011,CWF,LA,ASW,CE,Federal Contract Tower,1,0,15,45,61,0,3,3,6,12,1,3,18,51,73,26,20,46,119
04/07/2011,CWF,LA,ASW,CE,Federal Contract Tower,0,0,6,32,38,0,0,1,2,3,0,0,7,34,41,10,48,58,99
04/08/2011,CWF,LA,ASW,CE,Federal Contract Tower,0,0,11,71,82,0,0,6,0,6,0,0,17,71,88,8,62,70,158
04/09/2011,CWF,LA,ASW,CE,Federal Contract Tower,0,1,3,10,14,0,1,2,2,5,0,2,5,12,19,0,0,0,19
04/10/2011,CWF,LA,ASW,CE,Federal Contract Tower,0,0,3,27,30,0,4,2,0,6,0,4,5,27,36,0,2,2,38
04/11/2011,CWF,LA,ASW,CE,Federal Contract Tower,0,0,3,33,36,0,0,2,1,3,0,0,5,34,39,2,8,10,49
04/12/2011,CWF,LA,ASW,CE,Federal Contract Tower,0,0,6,61,67,0,0,12,5,17,0,0,18,66,84,40,44,84,168
04/13/2011,CWF,LA,ASW,CE,Federal Contract Tower,0,0,19,42,61,0,0,21,2,23,0,0,40,44,84,18,14,32,116
04/14/2011,CWF,LA,ASW,CE,Federal Contract Tower,0,2,27,45,74,0,0,13,1,14,0,2,40,46,88,12,4,16,104
04/15/2011,CWF,LA,ASW,CE,Federal Contract Tower,0,3,6,32,41,0,2,1,3,6,0,5,7,35,47,0,36,36,83
04/16/2011,CWF,LA,ASW,CE,Federal Contract Tower,0,0,13,25,38,0,0,5,0,5,0,0,18,25,43,0,0,0,43
04/17/2011,CWF,LA,ASW,CE,Federal Contract Tower,0,0,4,22,26,0,0,9,2,11,0,0,13,24,37,0,32,32,69
04/18/2011,CWF,LA,ASW,CE,Federal Contract Tower,0,0,13,64,77,0,0,11,0,11,0,0,24,64,88,0,10,10,98
04/19/2011,CWF,LA,ASW,CE,Federal Contract Tower,0,0,4,32,36,0,1,7,0,8,0,1,11,32,44,0,8,8,52
04/20/2011,CWF,LA,ASW,CE,Federal Contract Tower,0,0,7,26,33,0,0,3,0,3,0,0,10,26,36,0,8,8,44
04/21/2011,CWF,LA,ASW,CE,Federal Contract Tower,0,0,11,32,43,0,0,5,0,5,0,0,16,32,48,6,34,40,88
04/22/2011,CWF,LA,ASW,CE,Federal Contract Tower,0,0,2,56,58,0,0,4,2,6,0,0,6,58,64,0,48,48,112
04/23/2011,CWF,LA,ASW,CE,Federal Contract Tower,0,0,4,17,21,0,0,5,1,6,0,0,9,18,27,0,0,0,27
04/24/2011,CWF,LA,ASW,CE,Federal Contract Tower,0,0,5,4,9,0,0,1,0,1,0,0,6,4,10,0,0,0,10
04/25/2011,CWF,LA,ASW,CE,Federal Contract Tower,0,0,19,48,67,0,0,7,0,7,0,0,26,48,74,6,4,10,84
04/26/2011,CWF,LA,ASW,CE,Federal Contract Tower,1,0,10,55,66,0,5,2,1,8,1,5,12,56,74,0,36,36,110
04/27/2011,CWF,LA,ASW,CE,Federal Contract Tower,0,0,6,53,59,0,0,7,4,11,0,0,13,57,70,0,20,20,90
04/28/2011,CWF,LA,ASW,CE,Federal Contract Tower,0,1,14,50,65,0,0,25,6,31,0,1,39,56,96,4,30,34,130
04/29/2011,CWF,LA,ASW,CE,Federal Contract Tower,2,0,12,153,167,0,0,13,9,22,2,0,25,162,189,14,136,150,339
04/30/2011,CWF,LA,ASW,CE,Federal Contract Tower,3,0,2,40,45,0,0,2,1,3,3,0,4,41,48,0,0,0,48
05/01/2011,CWF,LA,ASW,CE,Federal Contract Tower,11,1,6,73,91,0,0,0,0,0,11,1,6,73,91,0,0,0,91
05/02/2011,CWF,LA,ASW,CE,Federal Contract Tower,4,0,1,22,27,0,0,13,0,13,4,0,14,22,40,0,0,0,40
05/03/2011,CWF,LA,ASW,CE,Federal Contract Tower,1,0,5,22,28,0,1,8,2,11,1,1,13,24,39,0,0,0,39
05/04/2011,CWF,LA,ASW,CE,Federal Contract Tower,2,1,10,34,47,0,0,27,20,47,2,1,37,54,94,0,10,10,104
05/05/2011,CWF,LA,ASW,CE,Federal Contract Tower,2,0,12,38,52,0,1,25,6,32,2,1,37,44,84,4,56,60,144
05/06/2011,CWF,LA,ASW,CE,Federal Contract Tower,2,3,11,79,95,0,1,16,4,21,2,4,27,83,116,0,46,46,162
05/07/2011,CWF,LA,ASW,CE,Federal Contract Tower,1,2,6,32,41,0,2,2,2,6,1,4,8,34,47,22,54,76,123
05/08/2011,CWF,LA,ASW,CE,Federal Contract Tower,1,0,6,49,56,0,0,7,1,8,1,0,13,50,64,18,14,32,96
05/09/2011,CWF,LA,ASW,CE,Federal Contract Tower,0,0,10,49,59,0,0,10,2,12,0,0,20,51,71,2,60,62,133
05/10/2011,CWF,LA,ASW,CE,Federal Contract Tower,0,1,16,57,74,0,3,8,3,14,0,4,24,60,88,22,38,60,148
05/11/2011,CWF,LA,ASW,CE,Federal Contract Tower,0,0,7,98,105,0,0,10,15,25,0,0,17,113,130,0,72,72,202
05/12/2011,CWF,LA,ASW,CE,Federal Contract Tower,0,1,4,31,36,0,1,5,0,6,0,2,9,31,42,20,34,54,96
05/13/2011,CWF,LA,ASW,CE,Federal Contract Tower,3,0,6,41,50,0,0,9,4,13,3,0,15,45,63,18,30,48,111
05/14/2011,CWF,LA,ASW,CE,Federal Contract Tower,0,0,0,0,0,0,0,0,2,2,0,0,0,2,2,0,0,0,2
05/15/2011,CWF,LA,ASW,CE,Federal Contract Tower,0,0,0,0,0,0,0,0,0,0,0,0,0,0,0,0,0,0,0
05/16/2011,CWF,LA,ASW,CE,Federal Contract Tower,0,0,0,0,0,0,0,0,6,6,0,0,0,6,6,0,0,0,6
05/17/2011,CWF,LA,ASW,CE,Federal Contract Tower,5,0,0,47,52,0,0,31,12,43,5,0,31,59,95,6,6,12,107
05/18/2011,CWF,LA,ASW,CE,Federal Contract Tower,1,1,8,71,81,0,0,16,7,23,1,1,24,78,104,0,44,44,148
05/19/2011,CWF,LA,ASW,CE,Federal Contract Tower,0,0,10,28,38,0,0,16,0,16,0,0,26,28,54,0,38,38,92
05/20/2011,CWF,LA,ASW,CE,Federal Contract Tower,6,0,2,75,83,0,3,7,0,10,6,3,9,75,93,14,48,62,155
05/21/2011,CWF,LA,ASW,CE,Federal Contract Tower,1,0,0,2,3,0,0,2,0,2,1,0,2,2,5,0,0,0,5
05/22/2011,CWF,LA,ASW,CE,Federal Contract Tower,0,0,3,18,21,0,2,3,1,6,0,2,6,19,27,0,26,26,53
05/23/2011,CWF,LA,ASW,CE,Federal Contract Tower,0,0,1,18,19,0,0,3,4,7,0,0,4,22,26,6,36,42,68
05/24/2011,CWF,LA,ASW,CE,Federal Contract Tower,0,0,7,41,48,0,0,8,6,14,0,0,15,47,62,0,8,8,70
05/25/2011,CWF,LA,ASW,CE,Federal Contract Tower,0,0,3,19,22,0,0,7,0,7,0,0,10,19,29,0,14,14,43
05/26/2011,CWF,LA,ASW,CE,Federal Contract Tower,0,2,19,54,75,0,0,12,1,13,0,2,31,55,88,14,26,40,128
05/27/2011,CWF,LA,ASW,CE,Federal Contract Tower,0,0,11,14,25,0,0,22,2,24,0,0,33,16,49,2,6,8,57
05/28/2011,CWF,LA,ASW,CE,Federal Contract Tower,0,0,5,16,21,0,0,10,1,11,0,0,15,17,32,0,8,8,40
05/29/2011,CWF,LA,ASW,CE,Federal Contract Tower,0,0,4,0,4,0,0,1,0,1,0,0,5,0,5,0,0,0,5
05/30/2011,CWF,LA,ASW,CE,Federal Contract Tower,0,0,6,0,6,0,0,10,0,10,0,0,16,0,16,4,0,4,20
05/31/2011,CWF,LA,ASW,CE,Federal Contract Tower,0,3,6,37,46,0,0,9,1,10,0,3,15,38,56,0,64,64,120
06/01/2011,CWF,LA,ASW,CE,Federal Contract Tower,0,0,15,62,77,0,1,9,5,15,0,1,24,67,92,28,44,72,164
06/02/2011,CWF,LA,ASW,CE,Federal Contract Tower,0,0,11,38,49,0,0,24,3,27,0,0,35,41,76,4,40,44,120
06/03/2011,CWF,LA,ASW,CE,Federal Contract Tower,0,0,2,117,119,0,4,8,5,17,0,4,10,122,136,0,58,58,194
06/04/2011,CWF,LA,ASW,CE,Federal Contract Tower,0,0,3,19,22,0,0,0,3,3,0,0,3,22,25,0,0,0,25
06/05/2011,CWF,LA,ASW,CE,Federal Contract Tower,0,0,0,53,53,0,0,2,4,6,0,0,2,57,59,0,52,52,111
06/06/2011,CWF,LA,ASW,CE,Federal Contract Tower,0,0,2,37,39,0,0,10,5,15,0,0,12,42,54,0,12,12,66
06/07/2011,CWF,LA,ASW,CE,Federal Contract Tower,0,0,7,20,27,0,0,6,7,13,0,0,13,27,40,0,32,32,72
06/08/2011,CWF,LA,ASW,CE,Federal Contract Tower,1,0,5,23,29,0,0,14,1,15,1,0,19,24,44,2,28,30,74
06/09/2011,CWF,LA,ASW,CE,Federal Contract Tower,0,0,1,26,27,0,0,5,6,11,0,0,6,32,38,0,14,14,52
06/10/2011,CWF,LA,ASW,CE,Federal Contract Tower,2,0,8,55,65,0,0,15,1,16,2,0,23,56,81,28,40,68,149
06/11/2011,CWF,LA,ASW,CE,Federal Contract Tower,0,6,1,47,54,0,1,7,1,9,0,7,8,48,63,8,42,50,113
06/12/2011,CWF,LA,ASW,CE,Federal Contract Tower,2,0,2,59,63,0,0,5,2,7,2,0,7,61,70,0,4,4,74
06/13/2011,CWF,LA,ASW,CE,Federal Contract Tower,2,0,4,50,56,0,0,13,4,17,2,0,17,54,73,4,46,50,123
06/14/2011,CWF,LA,ASW,CE,Federal Contract Tower,2,0,8,41,51,0,0,8,1,9,2,0,16,42,60,0,46,46,106
06/15/2011,CWF,LA,ASW,CE,Federal Contract Tower,1,0,4,36,41,0,0,9,7,16,1,0,13,43,57,0,28,28,85
06/16/2011,CWF,LA,ASW,CE,Federal Contract Tower,2,0,17,32,51,0,0,7,4,11,2,0,24,36,62,4,16,20,82
06/17/2011,CWF,LA,ASW,CE,Federal Contract Tower,0,0,8,84,92,0,0,6,12,18,0,0,14,96,110,0,60,60,170
06/18/2011,CWF,LA,ASW,CE,Federal Contract Tower,0,0,2,47,49,0,0,5,3,8,0,0,7,50,57,2,38,40,97
06/19/2011,CWF,LA,ASW,CE,Federal Contract Tower,0,0,3,34,37,0,0,2,7,9,0,0,5,41,46,0,12,12,58
06/20/2011,CWF,LA,ASW,CE,Federal Contract Tower,1,0,3,41,45,0,0,3,6,9,1,0,6,47,54,6,12,18,72
06/21/2011,CWF,LA,ASW,CE,Federal Contract Tower,0,0,6,7,13,0,0,10,3,13,0,0,16,10,26,0,0,0,26
06/22/2011,CWF,LA,ASW,CE,Federal Contract Tower,1,0,4,0,5,0,0,1,0,1,1,0,5,0,6,0,0,0,6
06/23/2011,CWF,LA,ASW,CE,Federal Contract Tower,0,0,13,8,21,0,0,2,3,5,0,0,15,11,26,2,0,2,28
06/24/2011,CWF,LA,ASW,CE,Federal Contract Tower,0,0,0,67,67,0,0,7,3,10,0,0,7,70,77,0,64,64,141
06/25/2011,CWF,LA,ASW,CE,Federal Contract Tower,0,0,8,24,32,0,0,9,0,9,0,0,17,24,41,0,44,44,85
06/26/2011,CWF,LA,ASW,CE,Federal Contract Tower,0,0,7,35,42,0,2,2,4,8,0,2,9,39,50,0,20,20,70
06/27/2011,CWF,LA,ASW,CE,Federal Contract Tower,0,0,1,28,29,0,0,5,4,9,0,0,6,32,38,0,22,22,60
06/28/2011,CWF,LA,ASW,CE,Federal Contract Tower,0,0,2,20,22,0,0,9,11,20,0,0,11,31,42,0,8,8,50
06/29/2011,CWF,LA,ASW,CE,Federal Contract Tower,0,0,8,26,34,0,0,19,3,22,0,0,27,29,56,14,2,16,72
06/30/2011,CWF,LA,ASW,CE,Federal Contract Tower,0,0,19,23,42,0,0,11,15,26,0,0,30,38,68,14,20,34,102
07/01/2011,CWF,LA,ASW,CE,Federal Contract Tower,0,0,12,9,21,0,4,1,4,9,0,4,13,13,30,20,2,22,52
07/02/2011,CWF,LA,ASW,CE,Federal Contract Tower,1,0,4,5,10,0,0,10,1,11,1,0,14,6,21,2,2,4,25
07/03/2011,CWF,LA,ASW,CE,Federal Contract Tower,0,0,1,0,1,0,0,1,0,1,0,0,2,0,2,0,0,0,2
07/04/2011,CWF,LA,ASW,CE,Federal Contract Tower,2,0,0,0,2,0,0,4,0,4,2,0,4,0,6,0,0,0,6
07/05/2011,CWF,LA,ASW,CE,Federal Contract Tower,1,2,4,16,23,0,0,3,0,3,1,2,7,16,26,14,10,24,50
07/06/2011,CWF,LA,ASW,CE,Federal Contract Tower,5,0,4,19,28,0,0,6,7,13,5,0,10,26,41,4,4,8,49
07/07/2011,CWF,LA,ASW,CE,Federal Contract Tower,2,0,8,58,68,0,0,7,6,13,2,0,15,64,81,0,12,12,93
07/08/2011,CWF,LA,ASW,CE,Federal Contract Tower,0,0,1,58,59,0,4,15,9,28,0,4,16,67,87,0,26,26,113
07/09/2011,CWF,LA,ASW,CE,Federal Contract Tower,6,0,0,14,20,0,0,3,0,3,6,0,3,14,23,0,0,0,23
07/10/2011,CWF,LA,ASW,CE,Federal Contract Tower,1,1,1,23,26,0,1,0,4,5,1,2,1,27,31,24,0,24,55
07/11/2011,CWF,LA,ASW,CE,Federal Contract Tower,2,1,2,44,49,0,0,5,6,11,2,1,7,50,60,6,10,16,76
07/12/2011,CWF,LA,ASW,CE,Federal Contract Tower,5,1,3,24,33,0,0,9,1,10,5,1,12,25,43,4,10,14,57
07/13/2011,CWF,LA,ASW,CE,Federal Contract Tower,1,0,9,34,44,1,0,6,2,9,2,0,15,36,53,0,12,12,65
07/14/2011,CWF,LA,ASW,CE,Federal Contract Tower,0,0,17,22,39,0,0,5,2,7,0,0,22,24,46,20,0,20,66
07/15/2011,CWF,LA,ASW,CE,Federal Contract Tower,0,0,3,28,31,0,4,0,7,11,0,4,3,35,42,2,24,26,68
07/16/2011,CWF,LA,ASW,CE,Federal Contract Tower,0,0,2,0,2,0,0,2,0,2,0,0,4,0,4,0,0,0,4
07/17/2011,CWF,LA,ASW,CE,Federal Contract Tower,1,0,6,3,10,0,0,4,3,7,1,0,10,6,17,0,0,0,17
07/18/2011,CWF,LA,ASW,CE,Federal Contract Tower,0,0,2,9,11,0,0,2,3,5,0,0,4,12,16,2,10,12,28
07/19/2011,CWF,LA,ASW,CE,Federal Contract Tower,1,0,0,11,12,0,0,7,0,7,1,0,7,11,19,0,8,8,27
07/20/2011,CWF,LA,ASW,CE,Federal Contract Tower,0,0,9,18,27,0,0,14,3,17,0,0,23,21,44,28,16,44,88
07/21/2011,CWF,LA,ASW,CE,Federal Contract Tower,0,0,1,26,27,0,0,10,2,12,0,0,11,28,39,4,6,10,49
07/22/2011,CWF,LA,ASW,CE,Federal Contract Tower,0,0,12,89,101,0,6,5,10,21,0,6,17,99,122,2,48,50,172
07/23/2011,CWF,LA,ASW,CE,Federal Contract Tower,0,0,2,15,17,0,6,0,2,8,0,6,2,17,25,2,10,12,37
07/24/2011,CWF,LA,ASW,CE,Federal Contract Tower,0,0,4,35,39,0,0,9,1,10,0,0,13,36,49,0,0,0,49
07/25/2011,CWF,LA,ASW,CE,Federal Contract Tower,0,0,4,3,7,0,0,17,3,20,0,0,21,6,27,0,0,0,27
07/26/2011,CWF,LA,ASW,CE,Federal Contract Tower,0,0,1,15,16,0,4,13,1,18,0,4,14,16,34,4,0,4,38
07/27/2011,CWF,LA,ASW,CE,Federal Contract Tower,0,0,8,11,19,0,0,10,0,10,0,0,18,11,29,4,2,6,35
07/28/2011,CWF,LA,ASW,CE,Federal Contract Tower,0,1,7,0,8,0,1,18,0,19,0,2,25,0,27,30,0,30,57
07/29/2011,CWF,LA,ASW,CE,Federal Contract Tower,0,0,4,14,18,0,4,5,3,12,0,4,9,17,30,2,0,2,32
07/30/2011,CWF,LA,ASW,CE,Federal Contract Tower,0,0,6,42,48,0,4,13,1,18,0,4,19,43,66,8,26,34,100
07/31/2011,CWF,LA,ASW,CE,Federal Contract Tower,0,2,6,47,55,0,0,5,7,12,0,2,11,54,67,0,4,4,71
08/01/2011,CWF,LA,ASW,CE,Federal Contract Tower,2,0,4,40,46,0,2,7,0,9,2,2,11,40,55,22,14,36,91
08/02/2011,CWF,LA,ASW,CE,Federal Contract Tower,0,0,4,31,35,0,3,11,4,18,0,3,15,35,53,0,24,24,77
08/03/2011,CWF,LA,ASW,CE,Federal Contract Tower,0,2,8,42,52,0,0,6,8,14,0,2,14,50,66,4,4,8,74
08/04/2011,CWF,LA,ASW,CE,Federal Contract Tower,0,5,9,78,92,0,0,10,5,15,0,5,19,83,107,28,42,70,177
08/05/2011,CWF,LA,ASW,CE,Federal Contract Tower,0,2,7,82,91,0,10,3,13,26,0,12,10,95,117,14,58,72,189
08/06/2011,CWF,LA,ASW,CE,Federal Contract Tower,2,0,9,21,32,0,0,1,2,3,2,0,10,23,35,2,16,18,53
08/07/2011,CWF,LA,ASW,CE,Federal Contract Tower,0,0,5,36,41,0,0,0,1,1,0,0,5,37,42,0,16,16,58
08/08/2011,CWF,LA,ASW,CE,Federal Contract Tower,0,0,11,71,82,0,1,4,0,5,0,1,15,71,87,8,38,46,133
08/09/2011,CWF,LA,ASW,CE,Federal Contract Tower,0,1,8,41,50,0,1,14,4,19,0,2,22,45,69,0,20,20,89
08/10/2011,CWF,LA,ASW,CE,Federal Contract Tower,0,0,26,52,78,0,0,8,8,16,0,0,34,60,94,0,36,36,130
08/11/2011,CWF,LA,ASW,CE,Federal Contract Tower,0,0,4,21,25,0,0,12,4,16,0,0,16,25,41,16,0,16,57
08/12/2011,CWF,LA,ASW,CE,Federal Contract Tower,2,0,9,55,66,0,1,10,7,18,2,1,19,62,84,16,20,36,120
08/13/2011,CWF,LA,ASW,CE,Federal Contract Tower,0,0,6,42,48,0,0,2,1,3,0,0,8,43,51,2,22,24,75
08/14/2011,CWF,LA,ASW,CE,Federal Contract Tower,0,0,4,7,11,0,0,0,2,2,0,0,4,9,13,2,2,4,17
08/15/2011,CWF,LA,ASW,CE,Federal Contract Tower,0,0,6,65,71,0,0,8,5,13,0,0,14,70,84,0,38,38,122
08/16/2011,CWF,LA,ASW,CE,Federal Contract Tower,2,0,1,67,70,0,0,9,0,9,2,0,10,67,79,0,40,40,119
08/17/2011,CWF,LA,ASW,CE,Federal Contract Tower,0,0,6,71,77,0,0,7,9,16,0,0,13,80,93,0,44,44,137
08/18/2011,CWF,LA,ASW,CE,Federal Contract Tower,0,0,19,32,51,0,0,4,1,5,0,0,23,33,56,2,26,28,84
08/19/2011,CWF,LA,ASW,CE,Federal Contract Tower,0,0,9,51,60,0,3,3,6,12,0,3,12,57,72,2,26,28,100
08/20/2011,CWF,LA,ASW,CE,Federal Contract Tower,0,0,4,20,24,0,0,3,0,3,0,0,7,20,27,0,16,16,43
08/21/2011,CWF,LA,ASW,CE,Federal Contract Tower,2,0,2,32,36,0,0,6,3,9,2,0,8,35,45,18,24,42,87
08/22/2011,CWF,LA,ASW,CE,Federal Contract Tower,0,0,5,53,58,0,1,5,3,9,0,1,10,56,67,0,34,34,101
08/23/2011,CWF,LA,ASW,CE,Federal Contract Tower,2,0,2,48,52,0,4,4,1,9,2,4,6,49,61,0,24,24,85
08/24/2011,CWF,LA,ASW,CE,Federal Contract Tower,3,3,1,15,22,0,2,11,0,13,3,5,12,15,35,0,4,4,39
08/25/2011,CWF,LA,ASW,CE,Federal Contract Tower,0,0,6,38,44,0,0,6,3,9,0,0,12,41,53,0,10,10,63
08/26/2011,CWF,LA,ASW,CE,Federal Contract Tower,6,0,8,58,72,0,0,4,6,10,6,0,12,64,82,4,38,42,124
08/27/2011,CWF,LA,ASW,CE,Federal Contract Tower,2,0,2,6,10,0,0,3,2,5,2,0,5,8,15,10,0,10,25
08/28/2011,CWF,LA,ASW,CE,Federal Contract Tower,0,0,6,35,41,0,0,10,1,11,0,0,16,36,52,2,20,22,74
08/29/2011,CWF,LA,ASW,CE,Federal Contract Tower,0,0,6,66,72,0,0,15,0,15,0,0,21,66,87,4,69,73,160
08/30/2011,CWF,LA,ASW,CE,Federal Contract Tower,0,0,15,51,66,0,2,19,6,27,0,2,34,57,93,26,44,70,163
08/31/2011,CWF,LA,ASW,CE,Federal Contract Tower,0,0,5,82,87,0,2,12,5,19,0,2,17,87,106,0,70,70,176
09/01/2011,CWF,LA,ASW,CE,Federal Contract Tower,6,0,6,23,35,0,0,7,0,7,6,0,13,23,42,0,6,6,48
09/02/2011,CWF,LA,ASW,CE,Federal Contract Tower,2,6,11,4,23,0,0,1,0,1,2,6,12,4,24,0,0,0,24
09/03/2011,CWF,LA,ASW,CE,Federal Contract Tower,0,0,4,0,4,0,0,0,0,0,0,0,4,0,4,0,0,0,4
09/04/2011,CWF,LA,ASW,CE,Federal Contract Tower,0,0,5,0,5,0,0,0,0,0,0,0,5,0,5,0,0,0,5
09/05/2011,CWF,LA,ASW,CE,Federal Contract Tower,0,0,1,5,6,0,0,4,0,4,0,0,5,5,10,0,0,0,10
09/06/2011,CWF,LA,ASW,CE,Federal Contract Tower,0,4,9,70,83,0,0,6,7,13,0,4,15,77,96,4,46,50,146
09/07/2011,CWF,LA,ASW,CE,Federal Contract Tower,0,0,9,67,76,0,0,7,7,14,0,0,16,74,90,0,26,26,116
09/08/2011,CWF,LA,ASW,CE,Federal Contract Tower,0,15,15,44,74,0,2,12,8,22,0,17,27,52,96,22,60,82,178
09/09/2011,CWF,LA,ASW,CE,Federal Contract Tower,0,0,1,72,73,0,0,17,5,22,0,0,18,77,95,36,18,54,149
09/10/2011,CWF,LA,ASW,CE,Federal Contract Tower,1,0,8,60,69,0,0,7,0,7,1,0,15,60,76,0,44,44,120
09/11/2011,CWF,LA,ASW,CE,Federal Contract Tower,4,0,0,47,51,0,0,11,5,16,4,0,11,52,67,20,28,48,115
09/12/2011,CWF,LA,ASW,CE,Federal Contract Tower,5,0,2,44,51,0,0,12,5,17,5,0,14,49,68,0,14,14,82
09/13/2011,CWF,LA,ASW,CE,Federal Contract Tower,4,0,9,63,76,0,2,18,1,21,4,2,27,64,97,6,16,22,119
09/14/2011,CWF,LA,ASW,CE,Federal Contract Tower,5,0,9,32,46,0,0,17,1,18,5,0,26,33,64,6,48,54,118
09/15/2011,CWF,LA,ASW,CE,Federal Contract Tower,1,0,1,50,52,0,0,15,14,29,1,0,16,64,81,4,40,44,125
09/16/2011,CWF,LA,ASW,CE,Federal Contract Tower,1,0,9,86,96,0,11,11,11,33,1,11,20,97,129,16,32,48,177
09/17/2011,CWF,LA,ASW,CE,Federal Contract Tower,0,0,0,11,11,0,10,7,0,17,0,10,7,11,28,2,0,2,30
09/18/2011,CWF,LA,ASW,CE,Federal Contract Tower,4,0,4,7,15,0,0,1,0,1,4,0,5,7,16,0,36,36,52
09/19/2011,CWF,LA,ASW,CE,Federal Contract Tower,0,1,8,16,25,0,1,9,12,22,0,2,17,28,47,6,30,36,83
09/20/2011,CWF,LA,ASW,CE,Federal Contract Tower,4,0,1,39,44,0,2,11,11,24,4,2,12,50,68,0,2,2,70
09/21/2011,CWF,LA,ASW,CE,Federal Contract Tower,3,8,11,31,53,0,0,5,18,23,3,8,16,49,76,24,30,54,130
09/22/2011,CWF,LA,ASW,CE,Federal Contract Tower,1,0,11,43,55,0,0,11,8,19,1,0,22,51,74,2,6,8,82
09/23/2011,CWF,LA,ASW,CE,Federal Contract Tower,2,0,5,36,43,0,2,13,15,30,2,2,18,51,73,0,32,32,105
09/24/2011,CWF,LA,ASW,CE,Federal Contract Tower,0,0,1,45,46,0,0,1,1,2,0,0,2,46,48,0,62,62,110
09/25/2011,CWF,LA,ASW,CE,Federal Contract Tower,2,1,8,65,76,0,0,1,2,3,2,1,9,67,79,2,14,16,95
09/26/2011,CWF,LA,ASW,CE,Federal Contract Tower,0,0,2,41,43,0,1,3,5,9,0,1,5,46,52,0,26,26,78
09/27/2011,CWF,LA,ASW,CE,Federal Contract Tower,0,0,3,32,35,0,1,10,4,15,0,1,13,36,50,2,22,24,74
09/28/2011,CWF,LA,ASW,CE,Federal Contract Tower,0,0,4,17,21,0,0,14,4,18,0,0,18,21,39,2,10,12,51
09/29/2011,CWF,LA,ASW,CE,Federal Contract Tower,0,2,0,52,54,0,0,4,6,10,0,2,4,58,64,0,18,18,82
09/30/2011,CWF,LA,ASW,CE,Federal Contract Tower,0,0,7,40,47,0,1,7,6,14,0,1,14,46,61,18,14,32,93
10/01/2011,CWF,LA,ASW,CE,Federal Contract Tower,0,0,0,29,29,0,2,0,0,2,0,2,0,29,31,12,22,34,65
10/02/2011,CWF,LA,ASW,CE,Federal Contract Tower,0,1,3,6,10,0,1,1,2,4,0,2,4,8,14,4,0,4,18
10/03/2011,CWF,LA,ASW,CE,Federal Contract Tower,0,0,12,62,74,0,7,7,3,17,0,7,19,65,91,0,54,54,145
10/04/2011,CWF,LA,ASW,CE,Federal Contract Tower,0,1,6,44,51,0,2,1,8,11,0,3,7,52,62,0,22,22,84
10/05/2011,CWF,LA,ASW,CE,Federal Contract Tower,2,7,8,43,60,0,5,8,7,20,2,12,16,50,80,16,20,36,116
10/06/2011,CWF,LA,ASW,CE,Federal Contract Tower,0,4,7,63,74,0,0,4,0,4,0,4,11,63,78,6,34,40,118
10/07/2011,CWF,LA,ASW,CE,Federal Contract Tower,0,2,8,43,53,0,1,1,7,9,0,3,9,50,62,14,24,38,100
10/08/2011,CWF,LA,ASW,CE,Federal Contract Tower,0,0,1,4,5,0,0,9,2,11,0,0,10,6,16,12,0,12,28
10/09/2011,CWF,LA,ASW,CE,Federal Contract Tower,0,0,0,0,0,0,0,0,0,0,0,0,0,0,0,0,0,0,0
10/10/2011,CWF,LA,ASW,CE,Federal Contract Tower,0,0,6,4,10,0,6,4,0,10,0,6,10,4,20,12,0,12,32
10/11/2011,CWF,LA,ASW,CE,Federal Contract Tower,0,0,8,69,77,0,1,11,4,16,0,1,19,73,93,0,46,46,139
10/12/2011,CWF,LA,ASW,CE,Federal Contract Tower,2,0,11,17,30,0,0,7,5,12,2,0,18,22,42,0,8,8,50
10/13/2011,CWF,LA,ASW,CE,Federal Contract Tower,0,0,13,33,46,0,0,9,4,13,0,0,22,37,59,2,0,2,61
10/14/2011,CWF,LA,ASW,CE,Federal Contract Tower,0,0,2,68,70,0,1,9,12,22,0,1,11,80,92,0,46,46,138
10/15/2011,CWF,LA,ASW,CE,Federal Contract Tower,0,1,1,19,21,0,0,13,12,25,0,1,14,31,46,20,34,54,100
10/16/2011,CWF,LA,ASW,CE,Federal Contract Tower,0,3,3,14,20,0,0,9,3,12,0,3,12,17,32,0,2,2,34
10/17/2011,CWF,LA,ASW,CE,Federal Contract Tower,2,0,4,36,42,0,1,3,6,10,2,1,7,42,52,6,12,18,70
10/18/2011,CWF,LA,ASW,CE,Federal Contract Tower,0,0,1,34,35,0,1,2,1,4,0,1,3,35,39,0,6,6,45
10/19/2011,CWF,LA,ASW,CE,Federal Contract Tower,2,0,9,58,69,0,0,5,6,11,2,0,14,64,80,10,50,60,140
10/20/2011,CWF,LA,ASW,CE,Federal Contract Tower,0,0,10,21,31,0,0,16,11,27,0,0,26,32,58,12,4,16,74
10/21/2011,CWF,LA,ASW,CE,Federal Contract Tower,2,0,4,106,112,0,3,8,9,20,2,3,12,115,132,2,42,44,176
10/22/2011,CWF,LA,ASW,CE,Federal Contract Tower,0,0,4,26,30,0,2,4,6,12,0,2,8,32,42,2,18,20,62
10/23/2011,CWF,LA,ASW,CE,Federal Contract Tower,2,0,0,85,87,0,0,9,2,11,2,0,9,87,98,6,44,50,148
10/24/2011,CWF,LA,ASW,CE,Federal Contract Tower,0,0,8,47,55,0,1,7,5,13,0,1,15,52,68,2,24,26,94
10/25/2011,CWF,LA,ASW,CE,Federal Contract Tower,11,0,10,52,73,0,4,14,0,18,11,4,24,52,91,18,50,68,159
10/26/2011,CWF,LA,ASW,CE,Federal Contract Tower,2,0,6,59,67,0,0,16,8,24,2,0,22,67,91,14,30,44,135
10/27/2011,CWF,LA,ASW,CE,Federal Contract Tower,6,0,12,44,62,0,0,12,3,15,6,0,24,47,77,6,14,20,97
10/28/2011,CWF,LA,ASW,CE,Federal Contract Tower,4,0,6,51,61,0,0,2,1,3,4,0,8,52,64,0,10,10,74
10/29/2011,CWF,LA,ASW,CE,Federal Contract Tower,0,1,1,19,21,0,1,9,5,15,0,2,10,24,36,8,26,34,70
10/30/2011,CWF,LA,ASW,CE,Federal Contract Tower,2,0,9,29,40,0,0,6,4,10,2,0,15,33,50,0,0,0,50
10/31/2011,CWF,LA,ASW,CE,Federal Contract Tower,0,0,9,31,40,0,0,5,1,6,0,0,14,32,46,8,40,48,94
11/01/2011,CWF,LA,ASW,CE,Federal Contract Tower,2,0,7,41,50,0,1,9,2,12,2,1,16,43,62,8,12,20,82
11/02/2011,CWF,LA,ASW,CE,Federal Contract Tower,0,0,4,35,39,0,0,6,2,8,0,0,10,37,47,10,46,56,103
11/03/2011,CWF,LA,ASW,CE,Federal Contract Tower,7,0,4,25,36,0,0,2,8,10,7,0,6,33,46,22,10,32,78
11/04/2011,CWF,LA,ASW,CE,Federal Contract Tower,2,3,6,73,84,0,0,2,5,7,2,3,8,78,91,10,32,42,133
11/05/2011,CWF,LA,ASW,CE,Federal Contract Tower,0,0,9,32,41,0,0,5,1,6,0,0,14,33,47,0,14,14,61
11/06/2011,CWF,LA,ASW,CE,Federal Contract Tower,2,2,7,26,37,0,0,4,2,6,2,2,11,28,43,0,30,30,73
11/07/2011,CWF,LA,ASW,CE,Federal Contract Tower,0,0,4,10,14,0,2,12,2,16,0,2,16,12,30,0,30,30,60
11/08/2011,CWF,LA,ASW,CE,Federal Contract Tower,2,0,10,13,25,0,0,1,1,2,2,0,11,14,27,0,20,20,47
11/09/2011,CWF,LA,ASW,CE,Federal Contract Tower,1,0,4,23,28,0,0,3,0,3,1,0,7,23,31,0,0,0,31
11/10/2011,CWF,LA,ASW,CE,Federal Contract Tower,2,2,9,43,56,0,0,11,5,16,2,2,20,48,72,0,20,20,92
11/11/2011,CWF,LA,ASW,CE,Federal Contract Tower,0,0,11,37,48,0,0,11,1,12,0,0,22,38,60,0,16,16,76
11/12/2011,CWF,LA,ASW,CE,Federal Contract Tower,2,0,9,4,15,0,0,13,0,13,2,0,22,4,28,0,0,0,28
11/13/2011,CWF,LA,ASW,CE,Federal Contract Tower,0,0,4,12,16,0,0,4,2,6,0,0,8,14,22,0,0,0,22
11/14/2011,CWF,LA,ASW,CE,Federal Contract Tower,5,0,12,18,35,0,7,1,0,8,5,7,13,18,43,14,8,22,65
11/15/2011,CWF,LA,ASW,CE,Federal Contract Tower,0,0,6,4,10,0,0,5,0,5,0,0,11,4,15,24,0,24,39
11/16/2011,CWF,LA,ASW,CE,Federal Contract Tower,2,0,9,55,66,0,0,8,5,13,2,0,17,60,79,22,54,76,155
11/17/2011,CWF,LA,ASW,CE,Federal Contract Tower,0,0,11,41,52,0,0,0,0,0,0,0,11,41,52,0,24,24,76
11/18/2011,CWF,LA,ASW,CE,Federal Contract Tower,2,0,11,66,79,0,0,2,13,15,2,0,13,79,94,14,6,20,114
11/19/2011,CWF,LA,ASW,CE,Federal Contract Tower,0,0,2,23,25,0,0,3,3,6,0,0,5,26,31,0,10,10,41
11/20/2011,CWF,LA,ASW,CE,Federal Contract Tower,0,0,3,10,13,0,0,0,2,2,0,0,3,12,15,0,10,10,25
11/21/2011,CWF,LA,ASW,CE,Federal Contract Tower,2,0,3,24,29,0,0,0,2,2,2,0,3,26,31,0,0,0,31
11/22/2011,CWF,LA,ASW,CE,Federal Contract Tower,1,0,3,3,7,0,0,0,1,1,1,0,3,4,8,0,0,0,8
11/23/2011,CWF,LA,ASW,CE,Federal Contract Tower,6,0,8,6,20,0,0,3,4,7,6,0,11,10,27,0,0,0,27
11/24/2011,CWF,LA,ASW,CE,Federal Contract Tower,0,1,1,0,2,0,1,4,0,5,0,2,5,0,7,20,0,20,27
11/25/2011,CWF,LA,ASW,CE,Federal Contract Tower,2,1,1,2,6,0,1,3,0,4,2,2,4,2,10,18,0,18,28
11/26/2011,CWF,LA,ASW,CE,Federal Contract Tower,0,0,2,0,2,0,0,0,0,0,0,0,2,0,2,0,0,0,2
11/27/2011,CWF,LA,ASW,CE,Federal Contract Tower,0,0,4,0,4,0,0,0,0,0,0,0,4,0,4,0,0,0,4
11/28/2011,CWF,LA,ASW,CE,Federal Contract Tower,0,0,6,18,24,0,0,15,4,19,0,0,21,22,43,0,12,12,55
11/29/2011,CWF,LA,ASW,CE,Federal Contract Tower,0,0,5,47,52,0,0,5,13,18,0,0,10,60,70,2,14,16,86
11/30/2011,CWF,LA,ASW,CE,Federal Contract Tower,0,0,12,31,43,0,0,12,8,20,0,0,24,39,63,24,34,58,121
12/01/2011,CWF,LA,ASW,CE,Federal Contract Tower,0,2,7,35,44,0,0,6,2,8,0,2,13,37,52,22,14,36,88
12/02/2011,CWF,LA,ASW,CE,Federal Contract Tower,0,0,4,62,66,0,0,9,6,15,0,0,13,68,81,0,26,26,107
12/03/2011,CWF,LA,ASW,CE,Federal Contract Tower,0,0,4,33,37,0,0,0,0,0,0,0,4,33,37,0,26,26,63
12/04/2011,CWF,LA,ASW,CE,Federal Contract Tower,0,0,5,21,26,0,0,1,2,3,0,0,6,23,29,0,0,0,29
12/05/2011,CWF,LA,ASW,CE,Federal Contract Tower,0,0,0,9,9,0,0,0,0,0,0,0,0,9,9,0,0,0,9
12/06/2011,CWF,LA,ASW,CE,Federal Contract Tower,2,0,23,32,57,0,0,1,0,1,2,0,24,32,58,8,0,8,66
12/07/2011,CWF,LA,ASW,CE,Federal Contract Tower,0,0,3,35,38,0,1,3,5,9,0,1,6,40,47,0,0,0,47
12/08/2011,CWF,LA,ASW,CE,Federal Contract Tower,0,0,16,30,46,0,0,6,7,13,0,0,22,37,59,8,8,16,75
12/09/2011,CWF,LA,ASW,CE,Federal Contract Tower,0,0,4,110,114,0,0,2,6,8,0,0,6,116,122,0,68,68,190
12/10/2011,CWF,LA,ASW,CE,Federal Contract Tower,0,0,5,19,24,0,0,6,5,11,0,0,11,24,35,0,16,16,51
12/11/2011,CWF,LA,ASW,CE,Federal Contract Tower,0,0,3,30,33,0,0,4,2,6,0,0,7,32,39,0,2,2,41
12/12/2011,CWF,LA,ASW,CE,Federal Contract Tower,0,0,15,62,77,0,0,1,2,3,0,0,16,64,80,4,26,30,110
12/13/2011,CWF,LA,ASW,CE,Federal Contract Tower,0,0,15,24,39,0,0,3,4,7,0,0,18,28,46,6,0,6,52
12/14/2011,CWF,LA,ASW,CE,Federal Contract Tower,0,0,11,1,12,0,0,12,4,16,0,0,23,5,28,24,0,24,52
12/15/2011,CWF,LA,ASW,CE,Federal Contract Tower,0,0,12,16,28,0,0,7,2,9,0,0,19,18,37,12,2,14,51
12/16/2011,CWF,LA,ASW,CE,Federal Contract Tower,0,4,26,26,56,0,0,0,0,0,0,4,26,26,56,0,0,0,56
12/17/2011,CWF,LA,ASW,CE,Federal Contract Tower,0,6,10,15,31,0,2,4,8,14,0,8,14,23,45,0,24,24,69
12/18/2011,CWF,LA,ASW,CE,Federal Contract Tower,2,0,10,6,18,0,0,1,0,1,2,0,11,6,19,2,0,2,21
12/19/2011,CWF,LA,ASW,CE,Federal Contract Tower,0,0,4,38,42,0,0,8,5,13,0,0,12,43,55,12,32,44,99
12/20/2011,CWF,LA,ASW,CE,Federal Contract Tower,0,0,4,0,4,0,1,0,0,1,0,1,4,0,5,4,0,4,9
12/21/2011,CWF,LA,ASW,CE,Federal Contract Tower,0,0,1,26,27,0,0,8,8,16,0,0,9,34,43,0,6,6,49
12/22/2011,CWF,LA,ASW,CE,Federal Contract Tower,0,2,10,3,15,0,0,2,0,2,0,2,12,3,17,0,0,0,17
12/23/2011,CWF,LA,ASW,CE,Federal Contract Tower,0,0,6,0,6,0,7,1,0,8,0,7,7,0,14,0,0,0,14
12/24/2011,CWF,LA,ASW,CE,Federal Contract Tower,0,0,0,0,0,0,0,1,0,1,0,0,1,0,1,0,0,0,1
12/25/2011,CWF,LA,ASW,CE,Federal Contract Tower,0,0,0,0,0,0,0,0,0,0,0,0,0,0,0,0,0,0,0
12/26/2011,CWF,LA,ASW,CE,Federal Contract Tower,0,0,2,0,2,0,0,1,0,1,0,0,3,0,3,0,0,0,3
12/27/2011,CWF,LA,ASW,CE,Federal Contract Tower,0,0,5,3,8,0,0,9,4,13,0,0,14,7,21,0,0,0,21
12/28/2011,CWF,LA,ASW,CE,Federal Contract Tower,0,2,6,9,17,0,0,22,0,22,0,2,28,9,39,12,0,12,51
12/29/2011,CWF,LA,ASW,CE,Federal Contract Tower,0,0,10,2,12,0,2,5,2,9,0,2,15,4,21,0,0,0,21
12/30/2011,CWF,LA,ASW,CE,Federal Contract Tower,5,0,1,3,9,1,2,2,0,5,6,2,3,3,14,10,0,10,24
12/31/2011,CWF,LA,ASW,CE,Federal Contract Tower,2,0,1,0,3,0,0,0,0,0,2,0,1,0,3,0,0,0,3
01/01/2012,CWF,LA,ASW,CE,Federal Contract Tower,0,0,0,2,2,0,0,0,0,0,0,0,0,2,2,0,0,0,2
01/02/2012,CWF,LA,ASW,CE,Federal Contract Tower,0,0,0,2,2,0,0,0,0,0,0,0,0,2,2,0,0,0,2
01/03/2012,CWF,LA,ASW,CE,Federal Contract Tower,0,2,6,4,12,0,2,4,3,9,0,4,10,7,21,0,0,0,21
01/04/2012,CWF,LA,ASW,CE,Federal Contract Tower,0,1,7,30,38,0,4,0,3,7,0,5,7,33,45,0,26,26,71
01/05/2012,CWF,LA,ASW,CE,Federal Contract Tower,0,0,12,38,50,0,2,20,4,26,0,2,32,42,76,16,18,34,110
01/06/2012,CWF,LA,ASW,CE,Federal Contract Tower,0,0,4,47,51,0,0,5,3,8,0,0,9,50,59,0,52,52,111
01/07/2012,CWF,LA,ASW,CE,Federal Contract Tower,0,2,5,91,98,0,0,5,3,8,0,2,10,94,106,0,58,58,164
01/08/2012,CWF,LA,ASW,CE,Federal Contract Tower,0,0,3,12,15,0,0,3,6,9,0,0,6,18,24,0,14,14,38
01/09/2012,CWF,LA,ASW,CE,Federal Contract Tower,0,0,0,0,0,0,0,0,0,0,0,0,0,0,0,0,0,0,0
01/10/2012,CWF,LA,ASW,CE,Federal Contract Tower,0,0,7,27,34,0,0,3,0,3,0,0,10,27,37,0,16,16,53
01/11/2012,CWF,LA,ASW,CE,Federal Contract Tower,2,0,9,66,77,0,1,14,2,17,2,1,23,68,94,6,68,74,168
01/12/2012,CWF,LA,ASW,CE,Federal Contract Tower,2,0,8,32,42,0,0,2,11,13,2,0,10,43,55,4,20,24,79
01/13/2012,CWF,LA,ASW,CE,Federal Contract Tower,2,0,0,51,53,0,1,6,9,16,2,1,6,60,69,8,24,32,101
01/14/2012,CWF,LA,ASW,CE,Federal Contract Tower,0,0,2,12,14,0,0,5,0,5,0,0,7,12,19,10,8,18,37
01/15/2012,CWF,LA,ASW,CE,Federal Contract Tower,0,0,1,19,20,0,0,7,2,9,0,0,8,21,29,0,20,20,49
01/16/2012,CWF,LA,ASW,CE,Federal Contract Tower,0,0,4,15,19,0,0,4,0,4,0,0,8,15,23,12,10,22,45
01/17/2012,CWF,LA,ASW,CE,Federal Contract Tower,0,0,9,4,13,0,0,0,0,0,0,0,9,4,13,0,0,0,13
01/18/2012,CWF,LA,ASW,CE,Federal Contract Tower,0,0,12,44,56,0,0,6,2,8,0,0,18,46,64,18,20,38,102
01/19/2012,CWF,LA,ASW,CE,Federal Contract Tower,0,0,3,39,42,0,0,0,1,1,0,0,3,40,43,0,0,0,43
01/20/2012,CWF,LA,ASW,CE,Federal Contract Tower,0,0,10,34,44,0,0,2,3,5,0,0,12,37,49,0,6,6,55
01/21/2012,CWF,LA,ASW,CE,Federal Contract Tower,0,0,4,43,47,0,0,3,1,4,0,0,7,44,51,0,20,20,71
01/22/2012,CWF,LA,ASW,CE,Federal Contract Tower,2,0,3,25,30,0,0,3,4,7,2,0,6,29,37,0,0,0,37
01/23/2012,CWF,LA,ASW,CE,Federal Contract Tower,0,2,6,55,63,0,0,4,3,7,0,2,10,58,70,0,0,0,70
01/24/2012,CWF,LA,ASW,CE,Federal Contract Tower,0,0,5,20,25,0,0,2,0,2,0,0,7,20,27,0,0,0,27
01/25/2012,CWF,LA,ASW,CE,Federal Contract Tower,0,0,2,5,7,0,0,0,0,0,0,0,2,5,7,0,0,0,7
01/26/2012,CWF,LA,ASW,CE,Federal Contract Tower,1,0,4,41,46,0,0,0,4,4,1,0,4,45,50,0,24,24,74
01/27/2012,CWF,LA,ASW,CE,Federal Contract Tower,0,0,5,29,34,0,0,6,6,12,0,0,11,35,46,6,46,52,98
01/28/2012,CWF,LA,ASW,CE,Federal Contract Tower,0,0,2,30,32,0,0,12,0,12,0,0,14,30,44,0,22,22,66
01/29/2012,CWF,LA,ASW,CE,Federal Contract Tower,0,0,0,35,35,0,0,7,0,7,0,0,7,35,42,0,26,26,68
01/30/2012,CWF,LA,ASW,CE,Federal Contract Tower,0,0,5,25,30,0,0,10,0,10,0,0,15,25,40,25,30,55,95
01/31/2012,CWF,LA,ASW,CE,Federal Contract Tower,0,0,1,10,11,0,0,13,3,16,0,0,14,13,27,8,0,8,35
02/01/2012,CWF,LA,ASW,CE,Federal Contract Tower,0,0,6,0,6,0,0,1,0,1,0,0,7,0,7,0,0,0,7
02/02/2012,CWF,LA,ASW,CE,Federal Contract Tower,0,0,6,38,44,0,0,0,0,0,0,0,6,38,44,0,0,0,44
02/03/2012,CWF,LA,ASW,CE,Federal Contract Tower,0,0,8,10,18,0,0,0,0,0,0,0,8,10,18,8,4,12,30
02/04/2012,CWF,LA,ASW,CE,Federal Contract Tower,0,0,1,2,3,0,0,0,0,0,0,0,1,2,3,0,0,0,3
02/05/2012,CWF,LA,ASW,CE,Federal Contract Tower,0,0,10,0,10,0,0,2,0,2,0,0,12,0,12,6,0,6,18
02/06/2012,CWF,LA,ASW,CE,Federal Contract Tower,0,0,2,41,43,0,0,2,15,17,0,0,4,56,60,6,11,17,77
02/07/2012,CWF,LA,ASW,CE,Federal Contract Tower,0,0,5,39,44,0,0,11,19,30,0,0,16,58,74,10,15,25,99
02/08/2012,CWF,LA,ASW,CE,Federal Contract Tower,0,0,10,58,68,0,0,9,9,18,0,0,19,67,86,16,44,60,146
02/09/2012,CWF,LA,ASW,CE,Federal Contract Tower,0,1,13,27,41,0,0,10,0,10,0,1,23,27,51,6,23,29,80
02/10/2012,CWF,LA,ASW,CE,Federal Contract Tower,0,0,14,6,20,0,0,0,0,0,0,0,14,6,20,0,0,0,20
02/11/2012,CWF,LA,ASW,CE,Federal Contract Tower,5,1,7,35,48,0,0,8,9,17,5,1,15,44,65,4,26,30,95
02/12/2012,CWF,LA,ASW,CE,Federal Contract Tower,0,0,13,36,49,0,0,4,5,9,0,0,17,41,58,0,2,2,60
02/13/2012,CWF,LA,ASW,CE,Federal Contract Tower,0,0,2,3,5,0,0,5,2,7,0,0,7,5,12,0,0,0,12
02/14/2012,CWF,LA,ASW,CE,Federal Contract Tower,8,0,8,34,50,0,4,0,0,4,8,4,8,34,54,8,3,11,65
02/15/2012,CWF,LA,ASW,CE,Federal Contract Tower,8,0,0,20,28,0,1,0,0,1,8,1,0,20,29,10,0,10,39
02/16/2012,CWF,LA,ASW,CE,Federal Contract Tower,0,2,10,7,19,0,1,15,6,22,0,3,25,13,41,0,0,0,41
02/17/2012,CWF,LA,ASW,CE,Federal Contract Tower,1,1,5,18,25,0,0,0,2,2,1,1,5,20,27,0,0,0,27
02/18/2012,CWF,LA,ASW,CE,Federal Contract Tower,0,0,0,1,1,0,0,0,0,0,0,0,0,1,1,0,0,0,1
02/19/2012,CWF,LA,ASW,CE,Federal Contract Tower,0,0,2,3,5,0,0,7,7,14,0,0,9,10,19,0,12,12,31
02/20/2012,CWF,LA,ASW,CE,Federal Contract Tower,0,0,15,8,23,0,1,5,8,14,0,1,20,16,37,0,0,0,37
02/21/2012,CWF,LA,ASW,CE,Federal Contract Tower,0,0,3,35,38,0,0,6,5,11,0,0,9,40,49,0,26,26,75
02/22/2012,CWF,LA,ASW,CE,Federal Contract Tower,0,1,12,8,21,0,0,3,0,3,0,1,15,8,24,0,12,12,36
02/23/2012,CWF,LA,ASW,CE,Federal Contract Tower,0,0,3,29,32,0,0,0,0,0,0,0,3,29,32,0,6,6,38
02/24/2012,CWF,LA,ASW,CE,Federal Contract Tower,4,0,10,41,55,0,0,7,4,11,4,0,17,45,66,4,29,33,99
02/25/2012,CWF,LA,ASW,CE,Federal Contract Tower,1,0,5,14,20,0,0,4,0,4,1,0,9,14,24,0,0,0,24
02/26/2012,CWF,LA,ASW,CE,Federal Contract Tower,0,1,6,8,15,0,1,8,0,9,0,2,14,8,24,10,8,18,42
02/27/2012,CWF,LA,ASW,CE,Federal Contract Tower,2,1,6,7,16,0,0,4,3,7,2,1,10,10,23,10,0,10,33
02/28/2012,CWF,LA,ASW,CE,Federal Contract Tower,0,0,5,31,36,0,0,0,0,0,0,0,5,31,36,0,0,0,36
02/29/2012,CWF,LA,ASW,CE,Federal Contract Tower,0,3,9,20,32,0,1,6,1,8,0,4,15,21,40,0,4,4,44
03/01/2012,CWF,LA,ASW,CE,Federal Contract Tower,1,0,6,25,32,0,0,1,0,1,1,0,7,25,33,0,12,12,45
03/02/2012,CWF,LA,ASW,CE,Federal Contract Tower,0,0,6,30,36,0,2,6,6,14,0,2,12,36,50,8,0,8,58
03/03/2012,CWF,LA,ASW,CE,Federal Contract Tower,1,0,0,2,3,0,0,1,0,1,1,0,1,2,4,0,0,0,4
03/04/2012,CWF,LA,ASW,CE,Federal Contract Tower,0,1,0,44,45,0,1,8,13,22,0,2,8,57,67,0,18,18,85
03/05/2012,CWF,LA,ASW,CE,Federal Contract Tower,0,4,0,29,33,0,1,23,20,44,0,5,23,49,77,18,58,76,153
03/06/2012,CWF,LA,ASW,CE,Federal Contract Tower,0,0,2,55,57,0,3,12,1,16,0,3,14,56,73,0,78,78,151
03/07/2012,CWF,LA,ASW,CE,Federal Contract Tower,2,0,30,66,98,0,4,5,4,13,2,4,35,70,111,6,64,70,181
03/08/2012,CWF,LA,ASW,CE,Federal Contract Tower,2,0,21,23,46,0,0,0,0,0,2,0,21,23,46,0,4,4,50
03/09/2012,CWF,LA,ASW,CE,Federal Contract Tower,2,1,3,12,18,0,0,0,0,0,2,1,3,12,18,0,0,0,18
03/10/2012,CWF,LA,ASW,CE,Federal Contract Tower,0,0,1,1,2,0,1,3,1,5,0,1,4,2,7,12,0,12,19
03/11/2012,CWF,LA,ASW,CE,Federal Contract Tower,6,0,5,6,17,0,0,0,0,0,6,0,5,6,17,8,0,8,25
03/12/2012,CWF,LA,ASW,CE,Federal Contract Tower,2,2,19,4,27,0,0,0,0,0,2,2,19,4,27,0,0,0,27
03/13/2012,CWF,LA,ASW,CE,Federal Contract Tower,3,1,15,41,60,0,0,7,5,12,3,1,22,46,72,2,18,20,92
03/14/2012,CWF,LA,ASW,CE,Federal Contract Tower,2,0,22,47,71,0,1,8,2,11,2,1,30,49,82,6,26,32,114
03/15/2012,CWF,LA,ASW,CE,Federal Contract Tower,2,0,9,36,47,0,0,9,4,13,2,0,18,40,60,2,20,22,82
03/16/2012,CWF,LA,ASW,CE,Federal Contract Tower,1,1,3,117,122,1,0,9,10,20,2,1,12,127,142,0,26,26,168
03/17/2012,CWF,LA,ASW,CE,Federal Contract Tower,2,0,1,28,31,0,0,6,1,7,2,0,7,29,38,0,15,15,53
03/18/2012,CWF,LA,ASW,CE,Federal Contract Tower,3,0,0,77,80,0,0,3,5,8,3,0,3,82,88,0,8,8,96
03/19/2012,CWF,LA,ASW,CE,Federal Contract Tower,3,1,4,49,57,0,2,4,7,13,3,3,8,56,70,0,38,38,108
03/20/2012,CWF,LA,ASW,CE,Federal Contract Tower,1,0,2,2,5,0,0,1,0,1,1,0,3,2,6,0,0,0,6
03/21/2012,CWF,LA,ASW,CE,Federal Contract Tower,2,6,16,0,24,0,2,4,0,6,2,8,20,0,30,0,0,0,30
03/22/2012,CWF,LA,ASW,CE,Federal Contract Tower,0,0,7,45,52,0,6,20,5,31,0,6,27,50,83,26,60,86,169
03/23/2012,CWF,LA,ASW,CE,Federal Contract Tower,2,0,0,37,39,0,0,11,6,17,2,0,11,43,56,34,20,54,110
03/24/2012,CWF,LA,ASW,CE,Federal Contract Tower,2,0,3,36,41,0,1,10,7,18,2,1,13,43,59,8,26,34,93
03/25/2012,CWF,LA,ASW,CE,Federal Contract Tower,0,0,2,12,14,0,2,11,3,16,0,2,13,15,30,54,30,84,114
03/26/2012,CWF,LA,ASW,CE,Federal Contract Tower,0,0,2,36,38,0,1,11,10,22,0,1,13,46,60,50,22,72,132
03/27/2012,CWF,LA,ASW,CE,Federal Contract Tower,2,8,1,67,78,0,3,14,27,44,2,11,15,94,122,16,58,74,196
03/28/2012,CWF,LA,ASW,CE,Federal Contract Tower,0,0,2,43,45,0,0,15,7,22,0,0,17,50,67,0,44,44,111
03/29/2012,CWF,LA,ASW,CE,Federal Contract Tower,0,0,4,15,19,0,0,7,0,7,0,0,11,15,26,12,32,44,70
03/30/2012,CWF,LA,ASW,CE,Federal Contract Tower,0,0,1,32,33,0,0,5,3,8,0,0,6,35,41,0,8,8,49
03/31/2012,CWF,LA,ASW,CE,Federal Contract Tower,2,0,2,72,76,0,1,5,15,21,2,1,7,87,97,0,47,47,144
04/01/2012,CWF,LA,ASW,CE,Federal Contract Tower,0,0,4,7,11,0,2,8,2,12,0,2,12,9,23,20,0,20,43
04/02/2012,CWF,LA,ASW,CE,Federal Contract Tower,0,0,0,4,4,0,0,10,0,10,0,0,10,4,14,2,0,2,16
04/03/2012,CWF,LA,ASW,CE,Federal Contract Tower,0,1,5,30,36,0,6,7,1,14,0,7,12,31,50,0,18,18,68
04/04/2012,CWF,LA,ASW,CE,Federal Contract Tower,6,2,1,10,19,0,2,4,3,9,6,4,5,13,28,0,0,0,28
04/05/2012,CWF,LA,ASW,CE,Federal Contract Tower,0,0,8,38,46,0,0,6,4,10,0,0,14,42,56,0,26,26,82
04/06/2012,CWF,LA,ASW,CE,Federal Contract Tower,0,0,1,23,24,0,0,8,5,13,0,0,9,28,37,0,0,0,37
04/07/2012,CWF,LA,ASW,CE,Federal Contract Tower,0,0,1,0,1,0,0,11,2,13,0,0,12,2,14,0,0,0,14
04/08/2012,CWF,LA,ASW,CE,Federal Contract Tower,0,1,4,23,28,0,1,7,3,11,0,2,11,26,39,4,0,4,43
04/09/2012,CWF,LA,ASW,CE,Federal Contract Tower,0,0,4,29,33,0,1,23,3,27,0,1,27,32,60,20,12,32,92
04/10/2012,CWF,LA,ASW,CE,Federal Contract Tower,2,0,7,87,96,0,18,13,23,54,2,18,20,110,150,0,20,20,170
04/11/2012,CWF,LA,ASW,CE,Federal Contract Tower,0,0,9,44,53,0,1,14,0,15,0,1,23,44,68,14,24,38,106
04/12/2012,CWF,LA,ASW,CE,Federal Contract Tower,5,0,12,18,35,0,2,16,3,21,5,2,28,21,56,2,0,2,58
04/13/2012,CWF,LA,ASW,CE,Federal Contract Tower,2,1,10,65,78,0,0,8,5,13,2,1,18,70,91,0,16,16,107
04/14/2012,CWF,LA,ASW,CE,Federal Contract Tower,1,0,3,24,28,1,0,3,2,6,2,0,6,26,34,0,11,11,45
04/15/2012,CWF,LA,ASW,CE,Federal Contract Tower,0,0,5,20,25,0,0,6,4,10,0,0,11,24,35,0,8,8,43
04/16/2012,CWF,LA,ASW,CE,Federal Contract Tower,2,0,4,0,6,0,0,0,0,0,2,0,4,0,6,0,0,0,6
04/17/2012,CWF,LA,ASW,CE,Federal Contract Tower,0,0,3,25,28,0,0,8,4,12,0,0,11,29,40,0,14,14,54
04/18/2012,CWF,LA,ASW,CE,Federal Contract Tower,3,0,3,73,79,0,2,27,3,32,3,2,30,76,111,0,46,46,157
04/19/2012,CWF,LA,ASW,CE,Federal Contract Tower,0,0,4,47,51,0,0,20,4,24,0,0,24,51,75,12,48,60,135
04/20/2012,CWF,LA,ASW,CE,Federal Contract Tower,2,0,7,53,62,0,0,14,3,17,2,0,21,56,79,12,2,14,93
04/21/2012,CWF,LA,ASW,CE,Federal Contract Tower,0,0,5,14,19,0,0,3,2,5,0,0,8,16,24,0,0,0,24
04/22/2012,CWF,LA,ASW,CE,Federal Contract Tower,1,2,2,27,32,1,2,4,15,22,2,4,6,42,54,0,18,18,72
04/23/2012,CWF,LA,ASW,CE,Federal Contract Tower,1,0,3,45,49,0,1,10,8,19,1,1,13,53,68,0,22,22,90
04/24/2012,CWF,LA,ASW,CE,Federal Contract Tower,2,0,3,41,46,0,0,10,2,12,2,0,13,43,58,4,46,50,108
04/25/2012,CWF,LA,ASW,CE,Federal Contract Tower,0,3,23,41,67,0,2,16,11,29,0,5,39,52,96,0,18,18,114
04/26/2012,CWF,LA,ASW,CE,Federal Contract Tower,0,0,0,55,55,0,0,4,2,6,0,0,4,57,61,4,36,40,101
04/27/2012,CWF,LA,ASW,CE,Federal Contract Tower,2,0,3,113,118,0,1,7,4,12,2,1,10,117,130,0,38,38,168
04/28/2012,CWF,LA,ASW,CE,Federal Contract Tower,0,0,3,17,20,0,0,6,12,18,0,0,9,29,38,0,6,6,44
04/29/2012,CWF,LA,ASW,CE,Federal Contract Tower,0,0,5,21,26,0,0,6,2,8,0,0,11,23,34,0,26,26,60
04/30/2012,CWF,LA,ASW,CE,Federal Contract Tower,2,4,6,19,31,0,1,21,0,22,2,5,27,19,53,12,22,34,87
05/01/2012,CWF,LA,ASW,CE,Federal Contract Tower,0,0,6,63,69,0,0,2,12,14,0,0,8,75,83,0,46,46,129
05/02/2012,CWF,LA,ASW,CE,Federal Contract Tower,0,4,0,24,28,0,0,11,0,11,0,4,11,24,39,0,14,14,53
05/03/2012,CWF,LA,ASW,CE,Federal Contract Tower,0,0,21,60,81,0,0,18,2,20,0,0,39,62,101,0,34,34,135
05/04/2012,CWF,LA,ASW,CE,Federal Contract Tower,1,0,2,131,134,0,1,11,7,19,1,1,13,138,153,2,72,74,227
05/05/2012,CWF,LA,ASW,CE,Federal Contract Tower,0,0,2,21,23,0,2,5,11,18,0,2,7,32,41,0,25,25,66
05/06/2012,CWF,LA,ASW,CE,Federal Contract Tower,0,0,11,75,86,0,0,8,15,23,0,0,19,90,109,0,26,26,135
05/07/2012,CWF,LA,ASW,CE,Federal Contract Tower,0,0,2,36,38,0,1,4,5,10,0,1,6,41,48,0,20,20,68
05/08/2012,CWF,LA,ASW,CE,Federal Contract Tower,0,1,13,6,20,0,2,10,0,12,0,3,23,6,32,0,0,0,32
05/09/2012,CWF,LA,ASW,CE,Federal Contract Tower,0,2,7,67,76,0,0,13,6,19,0,2,20,73,95,0,24,24,119
05/10/2012,CWF,LA,ASW,CE,Federal Contract Tower,2,0,3,38,43,0,0,18,7,25,2,0,21,45,68,10,32,42,110
05/11/2012,CWF,LA,ASW,CE,Federal Contract Tower,3,0,3,13,19,0,3,0,0,3,3,3,3,13,22,0,0,0,22
05/12/2012,CWF,LA,ASW,CE,Federal Contract Tower,6,0,2,0,8,0,0,4,0,4,6,0,6,0,12,0,0,0,12
05/13/2012,CWF,LA,ASW,CE,Federal Contract Tower,2,0,5,20,27,0,1,0,2,3,2,1,5,22,30,0,0,0,30
05/14/2012,CWF,LA,ASW,CE,Federal Contract Tower,3,0,5,40,48,0,0,8,5,13,3,0,13,45,61,0,4,4,65
05/15/2012,CWF,LA,ASW,CE,Federal Contract Tower,0,0,17,31,48,0,2,8,29,39,0,2,25,60,87,0,26,26,113
05/16/2012,CWF,LA,ASW,CE,Federal Contract Tower,2,0,9,54,65,0,0,16,3,19,2,0,25,57,84,0,50,50,134
05/17/2012,CWF,LA,ASW,CE,Federal Contract Tower,1,0,8,64,73,0,0,8,5,13,1,0,16,69,86,2,38,40,126
05/18/2012,CWF,LA,ASW,CE,Federal Contract Tower,1,0,3,105,109,0,1,10,50,61,1,1,13,155,170,0,45,45,215
05/19/2012,CWF,LA,ASW,CE,Federal Contract Tower,6,0,1,21,28,1,0,5,17,23,7,0,6,38,51,5,3,8,59
05/20/2012,CWF,LA,ASW,CE,Federal Contract Tower,0,0,4,28,32,0,0,8,7,15,0,0,12,35,47,0,8,8,55
05/21/2012,CWF,LA,ASW,CE,Federal Contract Tower,2,0,6,71,79,0,1,28,14,43,2,1,34,85,122,38,22,60,182
05/22/2012,CWF,LA,ASW,CE,Federal Contract Tower,0,1,11,36,48,0,4,24,28,56,0,5,35,64,104,12,70,82,186
05/23/2012,CWF,LA,ASW,CE,Federal Contract Tower,0,0,6,50,56,0,0,8,5,13,0,0,14,55,69,16,0,16,85
05/24/2012,CWF,LA,ASW,CE,Federal Contract Tower,1,0,4,57,62,0,0,3,5,8,1,0,7,62,70,0,56,56,126
05/25/2012,CWF,LA,ASW,CE,Federal Contract Tower,0,0,12,9,21,0,0,6,2,8,0,0,18,11,29,18,0,18,47
05/26/2012,CWF,LA,ASW,CE,Federal Contract Tower,4,0,3,2,9,0,0,3,0,3,4,0,6,2,12,0,0,0,12
05/27/2012,CWF,LA,ASW,CE,Federal Contract Tower,2,1,12,10,25,0,4,4,0,8,2,5,16,10,33,4,0,4,37
05/28/2012,CWF,LA,ASW,CE,Federal Contract Tower,0,0,6,16,22,0,0,13,4,17,0,0,19,20,39,0,0,0,39
05/29/2012,CWF,LA,ASW,CE,Federal Contract Tower,0,1,0,99,100,0,1,10,14,25,0,2,10,113,125,0,50,50,175
05/30/2012,CWF,LA,ASW,CE,Federal Contract Tower,0,0,7,37,44,0,1,13,0,14,0,1,20,37,58,10,34,44,102
05/31/2012,CWF,LA,ASW,CE,Federal Contract Tower,0,0,11,1,12,0,1,6,0,7,0,1,17,1,19,0,0,0,19
06/01/2012,CWF,LA,ASW,CE,Federal Contract Tower,0,0,2,72,74,0,6,10,52,68,0,6,12,124,142,0,64,64,206
06/02/2012,CWF,LA,ASW,CE,Federal Contract Tower,0,0,4,25,29,0,0,4,22,26,0,0,8,47,55,0,28,28,83
06/03/2012,CWF,LA,ASW,CE,Federal Contract Tower,0,0,0,47,47,0,0,2,21,23,0,0,2,68,70,0,18,18,88
06/04/2012,CWF,LA,ASW,CE,Federal Contract Tower,0,0,5,78,83,0,0,1,38,39,0,0,6,116,122,0,42,42,164
06/05/2012,CWF,LA,ASW,CE,Federal Contract Tower,0,0,9,45,54,0,5,11,12,28,0,5,20,57,82,4,26,30,112
06/06/2012,CWF,LA,ASW,CE,Federal Contract Tower,0,0,4,12,16,0,0,12,2,14,0,0,16,14,30,0,40,40,70
06/07/2012,CWF,LA,ASW,CE,Federal Contract Tower,0,0,8,36,44,0,0,13,0,13,0,0,21,36,57,0,0,0,57
06/08/2012,CWF,LA,ASW,CE,Federal Contract Tower,0,0,4,25,29,0,0,13,5,18,0,0,17,30,47,0,8,8,55
06/09/2012,CWF,LA,ASW,CE,Federal Contract Tower,3,0,3,13,19,0,0,5,6,11,3,0,8,19,30,2,6,8,38
06/10/2012,CWF,LA,ASW,CE,Federal Contract Tower,0,0,21,34,55,0,3,14,4,21,0,3,35,38,76,14,2,16,92
06/11/2012,CWF,LA,ASW,CE,Federal Contract Tower,1,0,4,74,79,0,0,10,7,17,1,0,14,81,96,6,38,44,140
06/12/2012,CWF,LA,ASW,CE,Federal Contract Tower,0,0,1,33,34,0,0,5,2,7,0,0,6,35,41,0,6,6,47
06/13/2012,CWF,LA,ASW,CE,Federal Contract Tower,0,0,7,21,28,0,0,8,0,8,0,0,15,21,36,0,0,0,36
06/14/2012,CWF,LA,ASW,CE,Federal Contract Tower,0,0,4,4,8,0,0,3,0,3,0,0,7,4,11,0,0,0,11
06/15/2012,CWF,LA,ASW,CE,Federal Contract Tower,2,0,4,33,39,0,0,8,2,10,2,0,12,35,49,0,14,14,63
06/16/2012,CWF,LA,ASW,CE,Federal Contract Tower,0,0,6,17,23,0,3,14,3,20,0,3,20,20,43,0,8,8,51
06/17/2012,CWF,LA,ASW,CE,Federal Contract Tower,2,0,6,11,19,0,0,2,4,6,2,0,8,15,25,0,0,0,25
06/18/2012,CWF,LA,ASW,CE,Federal Contract Tower,0,0,1,8,9,0,5,8,0,13,0,5,9,8,22,0,0,0,22
06/19/2012,CWF,LA,ASW,CE,Federal Contract Tower,0,0,16,41,57,0,6,10,9,25,0,6,26,50,82,0,30,30,112
06/20/2012,CWF,LA,ASW,CE,Federal Contract Tower,0,0,9,39,48,0,0,12,5,17,0,0,21,44,65,0,20,20,85
06/21/2012,CWF,LA,ASW,CE,Federal Contract Tower,0,0,0,58,58,0,0,11,4,15,0,0,11,62,73,0,62,62,135
06/22/2012,CWF,LA,ASW,CE,Federal Contract Tower,1,0,4,40,45,0,1,9,17,27,1,1,13,57,72,3,20,23,95
06/23/2012,CWF,LA,ASW,CE,Federal Contract Tower,1,0,1,29,31,0,0,4,2,6,1,0,5,31,37,8,0,8,45
06/24/2012,CWF,LA,ASW,CE,Federal Contract Tower,0,7,7,5,19,0,1,2,4,7,0,8,9,9,26,20,14,34,60
06/25/2012,CWF,LA,ASW,CE,Federal Contract Tower,0,0,9,58,67,0,0,8,15,23,0,0,17,73,90,16,34,50,140
06/26/2012,CWF,LA,ASW,CE,Federal Contract Tower,0,0,12,56,68,0,1,9,26,36,0,1,21,82,104,0,34,34,138
06/27/2012,CWF,LA,ASW,CE,Federal Contract Tower,0,0,6,76,82,0,0,15,7,22,0,0,21,83,104,0,18,18,122
06/28/2012,CWF,LA,ASW,CE,Federal Contract Tower,0,0,12,65,77,0,0,13,7,20,0,0,25,72,97,0,18,18,115
06/29/2012,CWF,LA,ASW,CE,Federal Contract Tower,0,0,5,44,49,0,0,20,25,45,0,0,25,69,94,2,6,8,102
06/30/2012,CWF,LA,ASW,CE,Federal Contract Tower,0,0,5,3,8,0,0,2,5,7,0,0,7,8,15,0,6,6,21
07/01/2012,CWF,LA,ASW,CE,Federal Contract Tower,1,0,2,22,25,0,1,10,1,12,1,1,12,23,37,0,0,0,37
07/02/2012,CWF,LA,ASW,CE,Federal Contract Tower,0,1,10,26,37,0,0,19,9,28,0,1,29,35,65,2,14,16,81
07/03/2012,CWF,LA,ASW,CE,Federal Contract Tower,2,0,13,37,52,0,0,8,22,30,2,0,21,59,82,0,26,26,108
07/04/2012,CWF,LA,ASW,CE,Federal Contract Tower,0,0,0,2,2,0,0,2,0,2,0,0,2,2,4,0,0,0,4
07/05/2012,CWF,LA,ASW,CE,Federal Contract Tower,0,0,11,36,47,0,0,2,3,5,0,0,13,39,52,14,6,20,72
07/06/2012,CWF,LA,ASW,CE,Federal Contract Tower,2,0,1,18,21,0,0,7,3,10,2,0,8,21,31,2,26,28,59
07/07/2012,CWF,LA,ASW,CE,Federal Contract Tower,5,0,3,7,15,0,0,1,0,1,5,0,4,7,16,0,0,0,16
07/08/2012,CWF,LA,ASW,CE,Federal Contract Tower,0,0,3,0,3,0,0,2,0,2,0,0,5,0,5,0,0,0,5
07/09/2012,CWF,LA,ASW,CE,Federal Contract Tower,1,0,0,0,1,0,0,1,0,1,1,0,1,0,2,0,0,0,2
07/10/2012,CWF,LA,ASW,CE,Federal Contract Tower,1,1,9,8,19,0,0,1,0,1,1,1,10,8,20,12,14,26,46
07/11/2012,CWF,LA,ASW,CE,Federal Contract Tower,0,1,9,3,13,0,2,6,0,8,0,3,15,3,21,0,0,0,21
07/12/2012,CWF,LA,ASW,CE,Federal Contract Tower,0,0,4,0,4,0,0,9,0,9,0,0,13,0,13,0,0,0,13
07/13/2012,CWF,LA,ASW,CE,Federal Contract Tower,0,1,4,16,21,0,0,3,4,7,0,1,7,20,28,0,0,0,28
07/14/2012,CWF,LA,ASW,CE,Federal Contract Tower,0,2,7,5,14,0,0,22,7,29,0,2,29,12,43,8,5,13,56
07/15/2012,CWF,LA,ASW,CE,Federal Contract Tower,0,0,3,20,23,0,0,8,4,12,0,0,11,24,35,37,18,55,90
07/16/2012,CWF,LA,ASW,CE,Federal Contract Tower,1,0,15,19,35,0,3,12,4,19,1,3,27,23,54,2,10,12,66
07/17/2012,CWF,LA,ASW,CE,Federal Contract Tower,1,1,10,51,63,0,0,20,6,26,1,1,30,57,89,10,14,24,113
07/18/2012,CWF,LA,ASW,CE,Federal Contract Tower,0,0,8,25,33,0,0,12,0,12,0,0,20,25,45,2,38,40,85
07/19/2012,CWF,LA,ASW,CE,Federal Contract Tower,4,0,7,19,30,0,0,11,0,11,4,0,18,19,41,28,22,50,91
07/20/2012,CWF,LA,ASW,CE,Federal Contract Tower,0,0,11,21,32,0,0,11,8,19,0,0,22,29,51,0,9,9,60
07/21/2012,CWF,LA,ASW,CE,Federal Contract Tower,2,0,1,2,5,0,0,0,6,6,2,0,1,8,11,0,0,0,11
07/22/2012,CWF,LA,ASW,CE,Federal Contract Tower,2,0,7,9,18,0,0,8,0,8,2,0,15,9,26,0,0,0,26
07/23/2012,CWF,LA,ASW,CE,Federal Contract Tower,4,0,10,40,54,2,2,8,11,23,6,2,18,51,77,0,16,16,93
07/24/2012,CWF,LA,ASW,CE,Federal Contract Tower,0,4,7,64,75,0,0,29,12,41,0,4,36,76,116,12,22,34,150
07/25/2012,CWF,LA,ASW,CE,Federal Contract Tower,0,8,11,66,85,0,1,14,0,15,0,9,25,66,100,0,78,78,178
07/26/2012,CWF,LA,ASW,CE,Federal Contract Tower,0,0,5,25,30,0,0,6,1,7,0,0,11,26,37,2,22,24,61
07/27/2012,CWF,LA,ASW,CE,Federal Contract Tower,0,0,10,106,116,0,0,6,50,56,0,0,16,156,172,5,59,64,236
07/28/2012,CWF,LA,ASW,CE,Federal Contract Tower,0,0,0,12,12,0,0,10,9,19,0,0,10,21,31,0,4,4,35
07/29/2012,CWF,LA,ASW,CE,Federal Contract Tower,0,0,2,48,50,0,0,6,11,17,0,0,8,59,67,4,26,30,97
07/30/2012,CWF,LA,ASW,CE,Federal Contract Tower,0,0,6,52,58,0,0,17,6,23,0,0,23,58,81,0,28,28,109
07/31/2012,CWF,LA,ASW,CE,Federal Contract Tower,0,0,3,68,71,0,4,9,28,41,0,4,12,96,112,0,56,56,168
08/01/2012,CWF,LA,ASW,CE,Federal Contract Tower,0,1,7,28,36,0,3,11,10,24,0,4,18,38,60,0,34,34,94
08/02/2012,CWF,LA,ASW,CE,Federal Contract Tower,0,0,12,43,55,0,0,7,0,7,0,0,19,43,62,10,30,40,102
08/03/2012,CWF,LA,ASW,CE,Federal Contract Tower,9,0,5,119,133,0,1,10,17,28,9,1,15,136,161,4,38,42,203
08/04/2012,CWF,LA,ASW,CE,Federal Contract Tower,0,0,2,4,6,0,0,9,8,17,0,0,11,12,23,8,6,14,37
08/05/2012,CWF,LA,ASW,CE,Federal Contract Tower,0,0,1,11,12,0,0,2,0,2,0,0,3,11,14,0,0,0,14
08/06/2012,CWF,LA,ASW,CE,Federal Contract Tower,2,1,2,31,36,0,6,12,17,35,2,7,14,48,71,14,18,32,103
08/07/2012,CWF,LA,ASW,CE,Federal Contract Tower,0,2,3,18,23,0,0,14,14,28,0,2,17,32,51,0,4,4,55
08/08/2012,CWF,LA,ASW,CE,Federal Contract Tower,0,0,8,4,12,0,0,15,0,15,0,0,23,4,27,8,0,8,35
08/09/2012,CWF,LA,ASW,CE,Federal Contract Tower,1,0,9,27,37,0,0,8,2,10,1,0,17,29,47,14,0,14,61
08/10/2012,CWF,LA,ASW,CE,Federal Contract Tower,0,0,5,45,50,0,8,12,3,23,0,8,17,48,73,11,8,19,92
08/11/2012,CWF,LA,ASW,CE,Federal Contract Tower,0,1,7,6,14,0,5,5,0,10,0,6,12,6,24,8,0,8,32
08/12/2012,CWF,LA,ASW,CE,Federal Contract Tower,0,0,1,5,6,0,1,7,1,9,0,1,8,6,15,0,0,0,15
08/13/2012,CWF,LA,ASW,CE,Federal Contract Tower,0,0,6,30,36,0,1,15,4,20,0,1,21,34,56,14,14,28,84
08/14/2012,CWF,LA,ASW,CE,Federal Contract Tower,0,2,3,37,42,0,3,14,10,27,0,5,17,47,69,24,10,34,103
08/15/2012,CWF,LA,ASW,CE,Federal Contract Tower,0,0,1,11,12,0,0,9,2,11,0,0,10,13,23,8,10,18,41
08/16/2012,CWF,LA,ASW,CE,Federal Contract Tower,0,2,13,23,38,0,0,18,0,18,0,2,31,23,56,6,20,26,82
08/17/2012,CWF,LA,ASW,CE,Federal Contract Tower,0,1,14,50,65,0,2,1,4,7,0,3,15,54,72,0,4,4,76
08/18/2012,CWF,LA,ASW,CE,Federal Contract Tower,0,0,9,8,17,0,0,2,8,10,0,0,11,16,27,0,8,8,35
08/19/2012,CWF,LA,ASW,CE,Federal Contract Tower,0,0,0,7,7,0,0,0,0,0,0,0,0,7,7,0,0,0,7
08/20/2012,CWF,LA,ASW,CE,Federal Contract Tower,0,0,4,63,67,0,1,39,31,71,0,1,43,94,138,4,43,47,185
08/21/2012,CWF,LA,ASW,CE,Federal Contract Tower,0,4,8,65,77,0,2,30,6,38,0,6,38,71,115,30,22,52,167
08/22/2012,CWF,LA,ASW,CE,Federal Contract Tower,0,1,15,43,59,0,0,13,7,20,0,1,28,50,79,0,30,30,109
08/23/2012,CWF,LA,ASW,CE,Federal Contract Tower,0,2,13,17,32,0,0,21,2,23,0,2,34,19,55,28,0,28,83
08/24/2012,CWF,LA,ASW,CE,Federal Contract Tower,0,0,5,0,5,0,0,0,0,0,0,0,5,0,5,0,0,0,5
08/25/2012,CWF,LA,ASW,CE,Federal Contract Tower,0,0,1,0,1,0,0,3,0,3,0,0,4,0,4,0,0,0,4
08/26/2012,CWF,LA,ASW,CE,Federal Contract Tower,0,0,18,20,38,0,0,40,5,45,0,0,58,25,83,0,0,0,83
08/27/2012,CWF,LA,ASW,CE,Federal Contract Tower,0,0,0,34,34,0,5,29,52,86,0,5,29,86,120,70,39,109,229
08/28/2012,CWF,LA,ASW,CE,Federal Contract Tower,1,0,3,2,6,0,1,1,0,2,1,1,4,2,8,0,0,0,8
08/29/2012,CWF,LA,ASW,CE,Federal Contract Tower,0,0,0,0,0,0,0,0,8,8,0,0,0,8,8,0,0,0,8
08/30/2012,CWF,LA,ASW,CE,Federal Contract Tower,0,0,3,0,3,0,0,6,11,17,0,0,9,11,20,0,0,0,20
08/31/2012,CWF,LA,ASW,CE,Federal Contract Tower,2,0,8,19,29,0,0,14,8,22,2,0,22,27,51,9,0,9,60
09/01/2012,CWF,LA,ASW,CE,Federal Contract Tower,0,0,3,0,3,0,4,9,0,13,0,4,12,0,16,0,0,0,16
09/02/2012,CWF,LA,ASW,CE,Federal Contract Tower,0,0,6,0,6,0,0,14,0,14,0,0,20,0,20,0,0,0,20
09/03/2012,CWF,LA,ASW,CE,Federal Contract Tower,0,0,0,41,41,0,0,37,0,37,0,0,37,41,78,2,0,2,80
09/04/2012,CWF,LA,ASW,CE,Federal Contract Tower,0,2,13,57,72,0,0,24,23,47,0,2,37,80,119,2,20,22,141
09/05/2012,CWF,LA,ASW,CE,Federal Contract Tower,0,0,10,61,71,0,1,21,7,29,0,1,31,68,100,2,32,34,134
09/06/2012,CWF,LA,ASW,CE,Federal Contract Tower,0,0,22,39,61,0,0,11,3,14,0,0,33,42,75,10,36,46,121
09/07/2012,CWF,LA,ASW,CE,Federal Contract Tower,0,0,2,71,73,0,0,2,53,55,0,0,4,124,128,8,57,65,193
09/08/2012,CWF,LA,ASW,CE,Federal Contract Tower,0,0,8,9,17,0,0,0,0,0,0,0,8,9,17,0,0,0,17
09/09/2012,CWF,LA,ASW,CE,Federal Contract Tower,0,0,3,42,45,0,0,27,44,71,0,0,30,86,116,11,62,73,189
09/10/2012,CWF,LA,ASW,CE,Federal Contract Tower,0,0,3,39,42,0,0,18,14,32,0,0,21,53,74,30,26,56,130
09/11/2012,CWF,LA,ASW,CE,Federal Contract Tower,0,0,3,58,61,0,0,21,20,41,0,0,24,78,102,36,26,62,164
09/12/2012,CWF,LA,ASW,CE,Federal Contract Tower,4,0,4,27,35,0,0,17,0,17,4,0,21,27,52,4,0,4,56
09/13/2012,CWF,LA,ASW,CE,Federal Contract Tower,2,0,5,36,43,0,0,17,0,17,2,0,22,36,60,14,0,14,74
09/14/2012,CWF,LA,ASW,CE,Federal Contract Tower,1,0,5,50,56,0,0,12,0,12,1,0,17,50,68,0,0,0,68
09/15/2012,CWF,LA,ASW,CE,Federal Contract Tower,0,0,11,22,33,0,4,28,8,40,0,4,39,30,73,18,4,22,95
09/16/2012,CWF,LA,ASW,CE,Federal Contract Tower,0,0,22,35,57,0,5,15,12,32,0,5,37,47,89,0,4,4,93
09/17/2012,CWF,LA,ASW,CE,Federal Contract Tower,0,0,2,2,4,0,0,7,0,7,0,0,9,2,11,0,0,0,11
09/18/2012,CWF,LA,ASW,CE,Federal Contract Tower,3,0,3,80,86,0,4,11,5,20,3,4,14,85,106,0,0,0,106
09/19/2012,CWF,LA,ASW,CE,Federal Contract Tower,0,0,2,27,29,0,1,13,4,18,0,1,15,31,47,0,26,26,73
09/20/2012,CWF,LA,ASW,CE,Federal Contract Tower,0,0,4,30,34,0,2,9,1,12,0,2,13,31,46,2,58,60,106
09/21/2012,CWF,LA,ASW,CE,Federal Contract Tower,7,0,13,75,95,0,0,11,21,32,7,0,24,96,127,0,82,82,209
09/22/2012,CWF,LA,ASW,CE,Federal Contract Tower,0,0,3,9,12,0,0,7,0,7,0,0,10,9,19,0,0,0,19
09/23/2012,CWF,LA,ASW,CE,Federal Contract Tower,0,0,1,37,38,0,1,13,3,17,0,1,14,40,55,0,10,10,65
09/24/2012,CWF,LA,ASW,CE,Federal Contract Tower,0,2,4,76,82,0,0,14,19,33,0,2,18,95,115,22,30,52,167
09/25/2012,CWF,LA,ASW,CE,Federal Contract Tower,0,2,24,88,114,0,0,30,26,56,0,2,54,114,170,0,83,83,253
09/26/2012,CWF,LA,ASW,CE,Federal Contract Tower,0,1,10,102,113,0,0,21,0,21,0,1,31,102,134,0,44,44,178
09/27/2012,CWF,LA,ASW,CE,Federal Contract Tower,0,0,13,38,51,0,2,30,2,34,0,2,43,40,85,2,54,56,141
09/28/2012,CWF,LA,ASW,CE,Federal Contract Tower,0,0,3,30,33,0,0,3,2,5,0,0,6,32,38,0,0,0,38
09/29/2012,CWF,LA,ASW,CE,Federal Contract Tower,0,0,4,0,4,0,0,5,0,5,0,0,9,0,9,2,0,2,11
09/30/2012,CWF,LA,ASW,CE,Federal Contract Tower,0,0,0,10,10,0,0,7,0,7,0,0,7,10,17,0,0,0,17
10/01/2012,CWF,LA,ASW,CE,Federal Contract Tower,0,0,17,29,46,0,0,5,0,5,0,0,22,29,51,0,0,0,51
10/02/2012,CWF,LA,ASW,CE,Federal Contract Tower,0,1,3,75,79,0,1,33,12,46,0,2,36,87,125,16,36,52,177
10/03/2012,CWF,LA,ASW,CE,Federal Contract Tower,6,2,10,30,48,1,0,31,10,42,7,2,41,40,90,8,6,14,104
10/04/2012,CWF,LA,ASW,CE,Federal Contract Tower,0,0,26,71,97,0,0,6,7,13,0,0,32,78,110,6,48,54,164
10/05/2012,CWF,LA,ASW,CE,Federal Contract Tower,6,0,10,68,84,0,0,15,16,31,6,0,25,84,115,8,18,26,141
10/06/2012,CWF,LA,ASW,CE,Federal Contract Tower,2,0,9,23,34,0,0,3,3,6,2,0,12,26,40,0,0,0,40
10/07/2012,CWF,LA,ASW,CE,Federal Contract Tower,0,0,5,16,21,0,0,4,3,7,0,0,9,19,28,0,0,0,28
10/08/2012,CWF,LA,ASW,CE,Federal Contract Tower,0,0,5,4,9,0,2,16,15,33,0,2,21,19,42,0,12,12,54
10/09/2012,CWF,LA,ASW,CE,Federal Contract Tower,0,0,1,73,74,0,2,18,0,20,0,2,19,73,94,0,10,10,104
10/10/2012,CWF,LA,ASW,CE,Federal Contract Tower,0,0,5,74,79,0,0,30,2,32,0,0,35,76,111,0,26,26,137
10/11/2012,CWF,LA,ASW,CE,Federal Contract Tower,7,2,13,47,69,0,0,17,2,19,7,2,30,49,88,0,36,36,124
10/12/2012,CWF,LA,ASW,CE,Federal Contract Tower,0,0,3,123,126,0,0,23,21,44,0,0,26,144,170,6,52,58,228
10/13/2012,CWF,LA,ASW,CE,Federal Contract Tower,0,4,6,63,73,0,0,4,32,36,0,4,10,95,109,4,40,44,153
10/14/2012,CWF,LA,ASW,CE,Federal Contract Tower,0,0,2,75,77,0,6,6,10,22,0,6,8,85,99,14,6,20,119
10/15/2012,CWF,LA,ASW,CE,Federal Contract Tower,0,1,2,27,30,0,5,26,4,35,0,6,28,31,65,4,10,14,79
10/16/2012,CWF,LA,ASW,CE,Federal Contract Tower,0,1,4,28,33,0,3,27,1,31,0,4,31,29,64,14,54,68,132
10/17/2012,CWF,LA,ASW,CE,Federal Contract Tower,0,0,6,80,86,0,0,12,4,16,0,0,18,84,102,0,36,36,138
10/18/2012,CWF,LA,ASW,CE,Federal Contract Tower,0,0,7,45,52,0,0,20,2,22,0,0,27,47,74,0,44,44,118
10/19/2012,CWF,LA,ASW,CE,Federal Contract Tower,0,0,2,56,58,0,1,8,7,16,0,1,10,63,74,0,12,12,86
10/20/2012,CWF,LA,ASW,CE,Federal Contract Tower,0,0,1,76,77,0,0,4,3,7,0,0,5,79,84,0,38,38,122
10/21/2012,CWF,LA,ASW,CE,Federal Contract Tower,0,0,1,33,34,0,2,17,6,25,0,2,18,39,59,11,14,25,84
10/22/2012,CWF,LA,ASW,CE,Federal Contract Tower,0,1,3,41,45,0,0,10,9,19,0,1,13,50,64,0,19,19,83
10/23/2012,CWF,LA,ASW,CE,Federal Contract Tower,0,0,12,24,36,0,3,21,7,31,0,3,33,31,67,2,18,20,87
10/24/2012,CWF,LA,ASW,CE,Federal Contract Tower,0,0,10,67,77,0,0,18,17,35,0,0,28,84,112,0,36,36,148
10/25/2012,CWF,LA,ASW,CE,Federal Contract Tower,0,0,7,35,42,0,0,12,6,18,0,0,19,41,60,4,20,24,84
10/26/2012,CWF,LA,ASW,CE,Federal Contract Tower,0,0,3,20,23,0,0,1,0,1,0,0,4,20,24,0,0,0,24
10/27/2012,CWF,LA,ASW,CE,Federal Contract Tower,1,0,2,27,30,0,0,1,2,3,1,0,3,29,33,0,2,2,35
10/28/2012,CWF,LA,ASW,CE,Federal Contract Tower,0,0,8,21,29,0,0,1,5,6,0,0,9,26,35,0,32,32,67
10/29/2012,CWF,LA,ASW,CE,Federal Contract Tower,0,0,2,40,42,0,1,18,20,39,0,1,20,60,81,0,30,30,111
10/30/2012,CWF,LA,ASW,CE,Federal Contract Tower,5,0,4,25,34,2,2,10,7,21,7,2,14,32,55,2,34,36,91
10/31/2012,CWF,LA,ASW,CE,Federal Contract Tower,2,1,3,42,48,0,0,18,1,19,2,1,21,43,67,0,12,12,79
11/01/2012,CWF,LA,ASW,CE,Federal Contract Tower,1,1,10,30,42,0,2,9,16,27,1,3,19,46,69,0,14,14,83
11/02/2012,CWF,LA,ASW,CE,Federal Contract Tower,0,0,2,29,31,0,0,2,14,16,0,0,4,43,47,6,26,32,79
11/03/2012,CWF,LA,ASW,CE,Federal Contract Tower,1,0,8,4,13,0,0,5,2,7,1,0,13,6,20,0,4,4,24
11/04/2012,CWF,LA,ASW,CE,Federal Contract Tower,0,1,1,9,11,1,4,1,2,8,1,5,2,11,19,0,2,2,21
11/05/2012,CWF,LA,ASW,CE,Federal Contract Tower,0,1,5,18,24,0,4,5,9,18,0,5,10,27,42,2,9,11,53
11/06/2012,CWF,LA,ASW,CE,Federal Contract Tower,1,0,4,43,48,0,1,5,33,39,1,1,9,76,87,0,57,57,144
11/07/2012,CWF,LA,ASW,CE,Federal Contract Tower,0,0,13,57,70,0,0,15,16,31,0,0,28,73,101,0,37,37,138
11/08/2012,CWF,LA,ASW,CE,Federal Contract Tower,1,4,8,34,47,0,0,7,19,26,1,4,15,53,73,6,8,14,87
11/09/2012,CWF,LA,ASW,CE,Federal Contract Tower,1,6,6,59,72,0,0,7,8,15,1,6,13,67,87,0,32,32,119
11/10/2012,CWF,LA,ASW,CE,Federal Contract Tower,0,0,4,1,5,0,0,9,1,10,0,0,13,2,15,10,0,10,25
11/11/2012,CWF,LA,ASW,CE,Federal Contract Tower,0,0,4,3,7,0,0,1,0,1,0,0,5,3,8,0,0,0,8
11/12/2012,CWF,LA,ASW,CE,Federal Contract Tower,0,1,3,17,21,0,8,4,19,31,0,9,7,36,52,7,18,25,77
11/13/2012,CWF,LA,ASW,CE,Federal Contract Tower,0,0,10,46,56,0,0,5,39,44,0,0,15,85,100,0,56,56,156
11/14/2012,CWF,LA,ASW,CE,Federal Contract Tower,0,0,17,25,42,0,0,2,7,9,0,0,19,32,51,8,12,20,71
11/15/2012,CWF,LA,ASW,CE,Federal Contract Tower,0,1,3,30,34,0,0,7,25,32,0,1,10,55,66,0,24,24,90
11/16/2012,CWF,LA,ASW,CE,Federal Contract Tower,0,4,2,70,76,0,0,5,12,17,0,4,7,82,93,0,46,46,139
11/17/2012,CWF,LA,ASW,CE,Federal Contract Tower,0,0,2,16,18,0,0,4,4,8,0,0,6,20,26,0,6,6,32
11/18/2012,CWF,LA,ASW,CE,Federal Contract Tower,0,0,3,15,18,0,0,0,4,4,0,0,3,19,22,0,8,8,30
11/19/2012,CWF,LA,ASW,CE,Federal Contract Tower,0,1,2,43,46,0,1,8,25,34,0,2,10,68,80,0,41,41,121
11/20/2012,CWF,LA,ASW,CE,Federal Contract Tower,0,1,0,49,50,1,2,17,9,29,1,3,17,58,79,4,52,56,135
11/21/2012,CWF,LA,ASW,CE,Federal Contract Tower,1,0,10,23,34,0,1,9,1,11,1,1,19,24,45,6,0,6,51
11/22/2012,CWF,LA,ASW,CE,Federal Contract Tower,0,0,4,0,4,0,0,0,0,0,0,0,4,0,4,0,0,0,4
11/23/2012,CWF,LA,ASW,CE,Federal Contract Tower,0,0,1,0,1,0,0,0,0,0,0,0,1,0,1,0,0,0,1
11/24/2012,CWF,LA,ASW,CE,Federal Contract Tower,0,0,6,0,6,0,0,44,0,44,0,0,50,0,50,24,0,24,74
11/25/2012,CWF,LA,ASW,CE,Federal Contract Tower,0,0,3,0,3,0,0,4,0,4,0,0,7,0,7,0,0,0,7
11/26/2012,CWF,LA,ASW,CE,Federal Contract Tower,1,2,0,25,28,0,0,3,2,5,1,2,3,27,33,0,2,2,35
11/27/2012,CWF,LA,ASW,CE,Federal Contract Tower,0,1,4,10,15,0,0,0,0,0,0,1,4,10,15,0,0,0,15
11/28/2012,CWF,LA,ASW,CE,Federal Contract Tower,1,0,9,77,87,0,2,3,16,21,1,2,12,93,108,0,34,34,142
11/29/2012,CWF,LA,ASW,CE,Federal Contract Tower,0,0,7,57,64,0,2,12,22,36,0,2,19,79,100,0,30,30,130
11/30/2012,CWF,LA,ASW,CE,Federal Contract Tower,0,0,6,96,102,0,0,6,12,18,0,0,12,108,120,0,64,64,184
12/01/2012,CWF,LA,ASW,CE,Federal Contract Tower,0,0,8,28,36,0,0,4,5,9,0,0,12,33,45,0,16,16,61
12/02/2012,CWF,LA,ASW,CE,Federal Contract Tower,0,0,5,39,44,0,1,3,3,7,0,1,8,42,51,0,14,14,65
12/03/2012,CWF,LA,ASW,CE,Federal Contract Tower,0,0,0,44,44,0,6,10,29,45,0,6,10,73,89,0,32,32,121
12/04/2012,CWF,LA,ASW,CE,Federal Contract Tower,0,0,2,5,7,0,0,3,0,3,0,0,5,5,10,36,0,36,46
12/05/2012,CWF,LA,ASW,CE,Federal Contract Tower,1,0,6,18,25,0,0,2,4,6,1,0,8,22,31,0,0,0,31
12/06/2012,CWF,LA,ASW,CE,Federal Contract Tower,6,0,13,27,46,0,1,0,13,14,6,1,13,40,60,0,16,16,76
12/07/2012,CWF,LA,ASW,CE,Federal Contract Tower,0,0,9,88,97,0,0,2,4,6,0,0,11,92,103,0,32,32,135
12/08/2012,CWF,LA,ASW,CE,Federal Contract Tower,0,0,2,67,69,0,0,1,1,2,0,0,3,68,71,0,6,6,77
12/09/2012,CWF,LA,ASW,CE,Federal Contract Tower,1,0,2,4,7,0,1,0,0,1,1,1,2,4,8,0,0,0,8
12/10/2012,CWF,LA,ASW,CE,Federal Contract Tower,0,0,10,30,40,0,0,1,2,3,0,0,11,32,43,0,4,4,47
12/11/2012,CWF,LA,ASW,CE,Federal Contract Tower,0,0,7,24,31,0,0,4,49,53,0,0,11,73,84,0,37,37,121
12/12/2012,CWF,LA,ASW,CE,Federal Contract Tower,0,0,9,25,34,0,1,1,9,11,0,1,10,34,45,2,22,24,69
12/13/2012,CWF,LA,ASW,CE,Federal Contract Tower,0,1,10,24,35,0,2,2,1,5,0,3,12,25,40,6,0,6,46
12/14/2012,CWF,LA,ASW,CE,Federal Contract Tower,0,0,6,54,60,0,0,3,18,21,0,0,9,72,81,8,20,28,109
12/15/2012,CWF,LA,ASW,CE,Federal Contract Tower,1,0,2,4,7,0,0,4,0,4,1,0,6,4,11,6,0,6,17
12/16/2012,CWF,LA,ASW,CE,Federal Contract Tower,0,2,4,2,8,0,0,2,0,2,0,2,6,2,10,0,0,0,10
12/17/2012,CWF,LA,ASW,CE,Federal Contract Tower,0,2,1,27,30,0,2,9,15,26,0,4,10,42,56,8,16,24,80
12/18/2012,CWF,LA,ASW,CE,Federal Contract Tower,2,9,6,18,35,1,2,4,9,16,3,11,10,27,51,24,0,24,75
12/19/2012,CWF,LA,ASW,CE,Federal Contract Tower,0,1,7,23,31,0,2,7,22,31,0,3,14,45,62,0,30,30,92
12/20/2012,CWF,LA,ASW,CE,Federal Contract Tower,0,0,7,26,33,0,0,2,20,22,0,0,9,46,55,10,14,24,79
12/21/2012,CWF,LA,ASW,CE,Federal Contract Tower,0,0,4,16,20,0,1,3,1,5,0,1,7,17,25,10,4,14,39
12/22/2012,CWF,LA,ASW,CE,Federal Contract Tower,0,0,3,0,3,0,0,5,0,5,0,0,8,0,8,4,0,4,12
12/23/2012,CWF,LA,ASW,CE,Federal Contract Tower,2,0,2,0,4,1,0,5,0,6,3,0,7,0,10,16,0,16,26
12/24/2012,CWF,LA,ASW,CE,Federal Contract Tower,0,0,2,0,2,0,0,0,0,0,0,0,2,0,2,0,0,0,2
12/25/2012,CWF,LA,ASW,CE,Federal Contract Tower,0,0,0,0,0,0,0,0,0,0,0,0,0,0,0,0,0,0,0
12/26/2012,CWF,LA,ASW,CE,Federal Contract Tower,2,2,1,1,6,0,0,1,2,3,2,2,2,3,9,0,2,2,11
12/27/2012,CWF,LA,ASW,CE,Federal Contract Tower,0,0,1,9,10,0,0,4,0,4,0,0,5,9,14,6,10,16,30
12/28/2012,CWF,LA,ASW,CE,Federal Contract Tower,0,1,4,3,8,0,0,0,0,0,0,1,4,3,8,0,0,0,8
12/29/2012,CWF,LA,ASW,CE,Federal Contract Tower,0,1,3,0,4,0,0,0,0,0,0,1,3,0,4,0,0,0,4
12/30/2012,CWF,LA,ASW,CE,Federal Contract Tower,0,3,1,0,4,0,1,3,0,4,0,4,4,0,8,0,0,0,8
12/31/2012,CWF,LA,ASW,CE,Federal Contract Tower,0,0,4,0,4,0,0,2,0,2,0,0,6,0,6,0,18,18,24
01/01/2013,CWF,LA,ASW,CE,Federal Contract Tower,0,0,0,0,0,0,0,0,0,0,0,0,0,0,0,0,0,0,0
01/02/2013,CWF,LA,ASW,CE,Federal Contract Tower,0,0,3,5,8,0,0,1,1,2,0,0,4,6,10,0,0,0,10
01/03/2013,CWF,LA,ASW,CE,Federal Contract Tower,0,0,11,40,51,0,0,1,1,2,0,0,12,41,53,0,24,24,77
01/04/2013,CWF,LA,ASW,CE,Federal Contract Tower,0,0,2,27,29,0,0,7,12,19,0,0,9,39,48,0,30,30,78
01/05/2013,CWF,LA,ASW,CE,Federal Contract Tower,0,0,7,6,13,0,0,1,0,1,0,0,8,6,14,0,0,0,14
01/06/2013,CWF,LA,ASW,CE,Federal Contract Tower,0,2,5,6,13,0,0,9,9,18,0,2,14,15,31,0,6,6,37
01/07/2013,CWF,LA,ASW,CE,Federal Contract Tower,0,3,3,17,23,0,5,7,1,13,0,8,10,18,36,2,0,2,38
01/08/2013,CWF,LA,ASW,CE,Federal Contract Tower,2,2,4,4,12,0,1,0,0,1,2,3,4,4,13,0,0,0,13
01/09/2013,CWF,LA,ASW,CE,Federal Contract Tower,0,0,2,2,4,0,0,0,0,0,0,0,2,2,4,0,0,0,4
01/10/2013,CWF,LA,ASW,CE,Federal Contract Tower,0,0,7,0,7,0,1,0,0,1,0,1,7,0,8,0,0,0,8
01/11/2013,CWF,LA,ASW,CE,Federal Contract Tower,0,2,11,53,66,0,0,12,5,17,0,2,23,58,83,10,38,48,131
01/12/2013,CWF,LA,ASW,CE,Federal Contract Tower,1,0,3,26,30,0,1,0,0,1,1,1,3,26,31,4,0,4,35
01/13/2013,CWF,LA,ASW,CE,Federal Contract Tower,0,0,0,5,5,0,0,0,0,0,0,0,0,5,5,0,0,0,5
01/14/2013,CWF,LA,ASW,CE,Federal Contract Tower,0,4,3,3,10,0,0,0,0,0,0,4,3,3,10,0,0,0,10
01/15/2013,CWF,LA,ASW,CE,Federal Contract Tower,0,0,1,2,3,0,0,0,0,0,0,0,1,2,3,0,0,0,3
01/16/2013,CWF,LA,ASW,CE,Federal Contract Tower,0,0,6,2,8,0,0,3,0,3,0,0,9,2,11,0,0,0,11
01/17/2013,CWF,LA,ASW,CE,Federal Contract Tower,0,0,4,44,48,0,1,6,4,11,0,1,10,48,59,20,22,42,101
01/18/2013,CWF,LA,ASW,CE,Federal Contract Tower,0,0,11,56,67,0,1,8,11,20,0,1,19,67,87,28,24,52,139
01/19/2013,CWF,LA,ASW,CE,Federal Contract Tower,0,0,3,5,8,0,0,5,1,6,0,0,8,6,14,6,0,6,20
01/20/2013,CWF,LA,ASW,CE,Federal Contract Tower,0,11,22,17,50,0,8,9,9,26,0,19,31,26,76,31,4,35,111
01/21/2013,CWF,LA,ASW,CE,Federal Contract Tower,0,0,0,43,43,0,1,11,3,15,0,1,11,46,58,4,0,4,62
01/22/2013,CWF,LA,ASW,CE,Federal Contract Tower,0,0,4,52,56,0,2,8,14,24,0,2,12,66,80,0,78,78,158
01/23/2013,CWF,LA,ASW,CE,Federal Contract Tower,0,0,5,30,35,0,0,7,23,30,0,0,12,53,65,2,20,22,87
01/24/2013,CWF,LA,ASW,CE,Federal Contract Tower,0,0,20,36,56,0,0,4,14,18,0,0,24,50,74,14,24,38,112
01/25/2013,CWF,LA,ASW,CE,Federal Contract Tower,0,0,5,102,107,0,0,18,12,30,0,0,23,114,137,0,52,52,189
01/26/2013,CWF,LA,ASW,CE,Federal Contract Tower,0,0,2,22,24,0,0,5,0,5,0,0,7,22,29,0,16,16,45
01/27/2013,CWF,LA,ASW,CE,Federal Contract Tower,0,1,5,67,73,0,0,3,8,11,0,1,8,75,84,0,18,18,102
01/28/2013,CWF,LA,ASW,CE,Federal Contract Tower,0,0,3,30,33,0,2,6,11,19,0,2,9,41,52,0,22,22,74
01/29/2013,CWF,LA,ASW,CE,Federal Contract Tower,0,2,4,6,12,0,0,0,0,0,0,2,4,6,12,0,0,0,12
01/30/2013,CWF,LA,ASW,CE,Federal Contract Tower,1,0,5,11,17,0,0,6,12,18,1,0,11,23,35,0,16,16,51
01/31/2013,CWF,LA,ASW,CE,Federal Contract Tower,0,0,6,39,45,0,0,6,29,35,0,0,12,68,80,0,36,36,116
02/01/2013,CWF,LA,ASW,CE,Federal Contract Tower,0,0,4,46,50,0,0,5,5,10,0,0,9,51,60,0,18,18,78
02/02/2013,CWF,LA,ASW,CE,Federal Contract Tower,0,0,4,14,18,0,0,13,3,16,0,0,17,17,34,0,20,20,54
02/03/2013,CWF,LA,ASW,CE,Federal Contract Tower,0,2,0,10,12,0,4,6,0,10,0,6,6,10,22,4,0,4,26
02/04/2013,CWF,LA,ASW,CE,Federal Contract Tower,6,0,2,21,29,0,0,5,1,6,6,0,7,22,35,0,0,0,35
02/05/2013,CWF,LA,ASW,CE,Federal Contract Tower,9,0,8,31,48,0,1,5,5,11,9,1,13,36,59,0,0,0,59
02/06/2013,CWF,LA,ASW,CE,Federal Contract Tower,0,2,0,15,17,0,0,0,0,0,0,2,0,15,17,0,0,0,17
02/07/2013,CWF,LA,ASW,CE,Federal Contract Tower,0,3,5,23,31,0,1,4,15,20,0,4,9,38,51,0,26,26,77
02/08/2013,CWF,LA,ASW,CE,Federal Contract Tower,0,0,0,37,37,0,1,4,6,11,0,1,4,43,48,0,24,24,72
02/09/2013,CWF,LA,ASW,CE,Federal Contract Tower,0,0,4,6,10,0,0,2,0,2,0,0,6,6,12,0,0,0,12
02/10/2013,CWF,LA,ASW,CE,Federal Contract Tower,0,0,2,4,6,0,0,0,0,0,0,0,2,4,6,0,0,0,6
02/11/2013,CWF,LA,ASW,CE,Federal Contract Tower,0,0,0,2,2,0,0,0,0,0,0,0,0,2,2,0,0,0,2
02/12/2013,CWF,LA,ASW,CE,Federal Contract Tower,2,0,1,3,6,0,0,0,0,0,2,0,1,3,6,0,0,0,6
02/13/2013,CWF,LA,ASW,CE,Federal Contract Tower,0,0,12,41,53,0,0,5,8,13,0,0,17,49,66,2,26,28,94
02/14/2013,CWF,LA,ASW,CE,Federal Contract Tower,4,0,1,32,37,0,2,9,15,26,4,2,10,47,63,22,50,72,135
02/15/2013,CWF,LA,ASW,CE,Federal Contract Tower,1,0,13,44,58,1,0,8,8,17,2,0,21,52,75,8,32,40,115
02/16/2013,CWF,LA,ASW,CE,Federal Contract Tower,0,0,6,10,16,0,4,1,4,9,0,4,7,14,25,0,6,6,31
02/17/2013,CWF,LA,ASW,CE,Federal Contract Tower,1,2,1,11,15,0,1,5,11,17,1,3,6,22,32,0,24,24,56
02/18/2013,CWF,LA,ASW,CE,Federal Contract Tower,0,0,3,4,7,0,2,9,0,11,0,2,12,4,18,0,0,0,18
02/19/2013,CWF,LA,ASW,CE,Federal Contract Tower,0,1,3,55,59,0,2,21,36,59,0,3,24,91,118,4,78,82,200
02/20/2013,CWF,LA,ASW,CE,Federal Contract Tower,0,0,22,43,65,0,0,12,21,33,0,0,34,64,98,12,32,44,142
02/21/2013,CWF,LA,ASW,CE,Federal Contract Tower,1,2,7,5,15,0,0,0,0,0,1,2,7,5,15,0,0,0,15
02/22/2013,CWF,LA,ASW,CE,Federal Contract Tower,0,1,5,23,29,0,0,0,3,3,0,1,5,26,32,0,8,8,40
02/23/2013,CWF,LA,ASW,CE,Federal Contract Tower,0,2,6,31,39,0,0,10,1,11,0,2,16,32,50,0,26,26,76
02/24/2013,CWF,LA,ASW,CE,Federal Contract Tower,0,0,6,4,10,0,1,33,1,35,0,1,39,5,45,10,0,10,55
02/25/2013,CWF,LA,ASW,CE,Federal Contract Tower,0,0,3,2,5,0,0,0,0,0,0,0,3,2,5,0,0,0,5
02/26/2013,CWF,LA,ASW,CE,Federal Contract Tower,0,3,7,38,48,0,0,4,30,34,0,3,11,68,82,0,46,46,128
02/27/2013,CWF,LA,ASW,CE,Federal Contract Tower,0,0,3,66,69,0,1,9,32,42,0,1,12,98,111,4,56,60,171
02/28/2013,CWF,LA,ASW,CE,Federal Contract Tower,0,1,8,43,52,0,0,7,7,14,0,1,15,50,66,0,54,54,120
03/01/2013,CWF,LA,ASW,CE,Federal Contract Tower,4,1,4,75,84,0,2,5,7,14,4,3,9,82,98,0,56,56,154
03/02/2013,CWF,LA,ASW,CE,Federal Contract Tower,0,0,0,32,32,0,0,5,3,8,0,0,5,35,40,0,8,8,48
03/03/2013,CWF,LA,ASW,CE,Federal Contract Tower,2,0,1,48,51,0,0,17,4,21,2,0,18,52,72,8,24,32,104
03/04/2013,CWF,LA,ASW,CE,Federal Contract Tower,0,0,3,25,28,0,0,4,23,27,0,0,7,48,55,0,20,20,75
03/05/2013,CWF,LA,ASW,CE,Federal Contract Tower,0,0,14,29,43,0,2,24,4,30,0,2,38,33,73,26,14,40,113
03/06/2013,CWF,LA,ASW,CE,Federal Contract Tower,0,5,13,56,74,0,7,15,16,38,0,12,28,72,112,12,78,90,202
03/07/2013,CWF,LA,ASW,CE,Federal Contract Tower,4,0,9,76,89,0,0,8,11,19,4,0,17,87,108,2,34,36,144
03/08/2013,CWF,LA,ASW,CE,Federal Contract Tower,2,1,6,104,113,0,0,5,13,18,2,1,11,117,131,0,38,38,169
03/09/2013,CWF,LA,ASW,CE,Federal Contract Tower,2,0,12,39,53,0,0,2,3,5,2,0,14,42,58,14,10,24,82
03/10/2013,CWF,LA,ASW,CE,Federal Contract Tower,0,0,7,7,14,0,0,0,0,0,0,0,7,7,14,0,0,0,14
03/11/2013,CWF,LA,ASW,CE,Federal Contract Tower,0,6,14,12,32,0,2,17,0,19,0,8,31,12,51,18,0,18,69
03/12/2013,CWF,LA,ASW,CE,Federal Contract Tower,1,1,10,32,44,0,3,13,2,18,1,4,23,34,62,6,0,6,68
03/13/2013,CWF,LA,ASW,CE,Federal Contract Tower,0,4,17,49,70,0,4,12,26,42,0,8,29,75,112,0,44,44,156
03/14/2013,CWF,LA,ASW,CE,Federal Contract Tower,0,0,15,52,67,0,3,12,12,27,0,3,27,64,94,10,42,52,146
03/15/2013,CWF,LA,ASW,CE,Federal Contract Tower,0,0,3,84,87,0,0,5,12,17,0,0,8,96,104,0,20,20,124
03/16/2013,CWF,LA,ASW,CE,Federal Contract Tower,0,0,8,5,13,0,0,13,3,16,0,0,21,8,29,0,8,8,37
03/17/2013,CWF,LA,ASW,CE,Federal Contract Tower,0,9,17,31,57,0,1,7,3,11,0,10,24,34,68,0,4,4,72
03/18/2013,CWF,LA,ASW,CE,Federal Contract Tower,0,0,15,32,47,0,0,8,5,13,0,0,23,37,60,6,8,14,74
03/19/2013,CWF,LA,ASW,CE,Federal Contract Tower,0,1,5,95,101,0,0,6,29,35,0,1,11,124,136,0,106,106,242
03/20/2013,CWF,LA,ASW,CE,Federal Contract Tower,0,0,9,35,44,0,0,5,3,8,0,0,14,38,52,0,16,16,68
03/21/2013,CWF,LA,ASW,CE,Federal Contract Tower,0,0,17,77,94,0,1,6,27,34,0,1,23,104,128,0,50,50,178
03/22/2013,CWF,LA,ASW,CE,Federal Contract Tower,0,0,6,96,102,0,0,1,4,5,0,0,7,100,107,0,6,6,113
03/23/2013,CWF,LA,ASW,CE,Federal Contract Tower,1,0,3,10,14,0,0,0,0,0,1,0,3,10,14,0,0,0,14
03/24/2013,CWF,LA,ASW,CE,Federal Contract Tower,0,0,15,47,62,0,0,9,5,14,0,0,24,52,76,0,16,16,92
03/25/2013,CWF,LA,ASW,CE,Federal Contract Tower,0,4,6,23,33,0,0,6,6,12,0,4,12,29,45,12,26,38,83
03/26/2013,CWF,LA,ASW,CE,Federal Contract Tower,0,0,14,37,51,0,4,10,2,16,0,4,24,39,67,6,22,28,95
03/27/2013,CWF,LA,ASW,CE,Federal Contract Tower,0,4,3,83,90,0,1,1,5,7,0,5,4,88,97,14,56,70,167
03/28/2013,CWF,LA,ASW,CE,Federal Contract Tower,0,0,10,64,74,0,0,2,1,3,0,0,12,65,77,0,40,40,117
03/29/2013,CWF,LA,ASW,CE,Federal Contract Tower,1,0,7,25,33,0,0,6,3,9,1,0,13,28,42,6,14,20,62
03/30/2013,CWF,LA,ASW,CE,Federal Contract Tower,0,0,13,12,25,0,2,2,0,4,0,2,15,12,29,14,0,14,43
03/31/2013,CWF,LA,ASW,CE,Federal Contract Tower,0,0,1,2,3,0,0,1,0,1,0,0,2,2,4,0,0,0,4
04/01/2013,CWF,LA,ASW,CE,Federal Contract Tower,0,0,8,40,48,0,10,8,0,18,0,10,16,40,66,10,16,26,92
04/02/2013,CWF,LA,ASW,CE,Federal Contract Tower,0,6,9,27,42,0,5,12,1,18,0,11,21,28,60,0,4,4,64
04/03/2013,CWF,LA,ASW,CE,Federal Contract Tower,0,0,4,4,8,0,0,0,0,0,0,0,4,4,8,0,0,0,8
04/04/2013,CWF,LA,ASW,CE,Federal Contract Tower,0,4,6,30,40,0,0,1,1,2,0,4,7,31,42,0,0,0,42
04/05/2013,CWF,LA,ASW,CE,Federal Contract Tower,0,0,19,87,106,0,0,8,6,14,0,0,27,93,120,18,10,28,148
04/06/2013,CWF,LA,ASW,CE,Federal Contract Tower,0,2,13,63,78,0,3,8,2,13,0,5,21,65,91,16,10,26,117
04/07/2013,CWF,LA,ASW,CE,Federal Contract Tower,0,0,11,26,37,0,0,11,1,12,0,0,22,27,49,0,12,12,61
04/08/2013,CWF,LA,ASW,CE,Federal Contract Tower,1,1,5,52,59,0,1,8,0,9,1,2,13,52,68,0,12,12,80
04/09/2013,CWF,LA,ASW,CE,Federal Contract Tower,0,4,8,38,50,0,3,10,5,18,0,7,18,43,68,3,20,23,91
04/10/2013,CWF,LA,ASW,CE,Federal Contract Tower,0,0,3,2,5,0,0,2,2,4,0,0,5,4,9,0,0,0,9
04/11/2013,CWF,LA,ASW,CE,Federal Contract Tower,0,0,4,14,18,0,0,4,1,5,0,0,8,15,23,10,4,14,37
04/12/2013,CWF,LA,ASW,CE,Federal Contract Tower,0,1,10,58,69,0,1,7,5,13,0,2,17,63,82,4,12,16,98
04/13/2013,CWF,LA,ASW,CE,Federal Contract Tower,0,0,7,20,27,0,5,12,2,19,0,5,19,22,46,8,10,18,64
04/14/2013,CWF,LA,ASW,CE,Federal Contract Tower,0,2,5,12,19,0,2,5,1,8,0,4,10,13,27,10,0,10,37
04/15/2013,CWF,LA,ASW,CE,Federal Contract Tower,0,0,2,41,43,0,4,5,2,11,0,4,7,43,54,0,20,20,74
04/16/2013,CWF,LA,ASW,CE,Federal Contract Tower,0,2,7,25,34,0,0,4,2,6,0,2,11,27,40,0,0,0,40
04/17/2013,CWF,LA,ASW,CE,Federal Contract Tower,7,7,12,68,94,0,0,4,2,6,7,7,16,70,100,10,62,72,172
04/18/2013,CWF,LA,ASW,CE,Federal Contract Tower,0,3,18,8,29,0,1,0,0,1,0,4,18,8,30,0,0,0,30
04/19/2013,CWF,LA,ASW,CE,Federal Contract Tower,0,3,16,50,69,0,0,10,6,16,0,3,26,56,85,0,14,14,99
04/20/2013,CWF,LA,ASW,CE,Federal Contract Tower,0,2,2,45,49,0,0,9,14,23,0,2,11,59,72,12,20,32,104
04/21/2013,CWF,LA,ASW,CE,Federal Contract Tower,0,1,4,15,20,0,2,10,0,12,0,3,14,15,32,0,8,8,40
04/22/2013,CWF,LA,ASW,CE,Federal Contract Tower,0,0,8,34,42,0,2,11,0,13,0,2,19,34,55,20,0,20,75
04/23/2013,CWF,LA,ASW,CE,Federal Contract Tower,0,4,11,46,61,0,2,9,4,15,0,6,20,50,76,0,4,4,80
04/24/2013,CWF,LA,ASW,CE,Federal Contract Tower,0,0,9,12,21,0,1,8,5,14,0,1,17,17,35,16,18,34,69
04/25/2013,CWF,LA,ASW,CE,Federal Contract Tower,0,2,7,33,42,0,1,34,3,38,0,3,41,36,80,10,24,34,114
04/26/2013,CWF,LA,ASW,CE,Federal Contract Tower,0,0,10,38,48,0,3,15,2,20,0,3,25,40,68,0,4,4,72
04/27/2013,CWF,LA,ASW,CE,Federal Contract Tower,0,6,6,31,43,0,1,2,5,8,0,7,8,36,51,4,20,24,75
04/28/2013,CWF,LA,ASW,CE,Federal Contract Tower,0,0,6,22,28,0,1,5,0,6,0,1,11,22,34,0,0,0,34
04/29/2013,CWF,LA,ASW,CE,Federal Contract Tower,0,2,22,23,47,0,2,6,0,8,0,4,28,23,55,0,10,10,65
04/30/2013,CWF,LA,ASW,CE,Federal Contract Tower,1,6,7,6,20,0,1,13,0,14,1,7,20,6,34,0,0,0,34
05/01/2013,CWF,LA,ASW,CE,Federal Contract Tower,0,2,9,12,23,0,0,18,7,25,0,2,27,19,48,2,18,20,68
05/02/2013,CWF,LA,ASW,CE,Federal Contract Tower,0,0,6,31,37,0,0,4,1,5,0,0,10,32,42,0,0,0,42
05/03/2013,CWF,LA,ASW,CE,Federal Contract Tower,0,0,17,81,98,0,0,7,10,17,0,0,24,91,115,0,20,20,135
05/04/2013,CWF,LA,ASW,CE,Federal Contract Tower,0,0,4,19,23,0,3,6,1,10,0,3,10,20,33,0,0,0,33
05/05/2013,CWF,LA,ASW,CE,Federal Contract Tower,0,0,4,26,30,0,6,7,6,19,0,6,11,32,49,0,4,4,53
05/06/2013,CWF,LA,ASW,CE,Federal Contract Tower,2,4,14,34,54,0,2,16,5,23,2,6,30,39,77,6,54,60,137
05/07/2013,CWF,LA,ASW,CE,Federal Contract Tower,0,10,3,41,54,0,6,12,5,23,0,16,15,46,77,12,26,38,115
05/08/2013,CWF,LA,ASW,CE,Federal Contract Tower,0,0,16,44,60,0,1,11,7,19,0,1,27,51,79,6,26,32,111
05/09/2013,CWF,LA,ASW,CE,Federal Contract Tower,0,1,8,35,44,0,2,10,0,12,0,3,18,35,56,12,16,28,84
05/10/2013,CWF,LA,ASW,CE,Federal Contract Tower,0,6,4,4,14,0,1,3,1,5,0,7,7,5,19,10,8,18,37
05/11/2013,CWF,LA,ASW,CE,Federal Contract Tower,0,0,12,8,20,0,0,2,5,7,0,0,14,13,27,8,0,8,35
05/12/2013,CWF,LA,ASW,CE,Federal Contract Tower,0,1,5,11,17,0,0,9,0,9,0,1,14,11,26,0,0,0,26
05/13/2013,CWF,LA,ASW,CE,Federal Contract Tower,0,11,11,28,50,0,2,11,4,17,0,13,22,32,67,18,40,58,125
05/14/2013,CWF,LA,ASW,CE,Federal Contract Tower,0,8,5,49,62,0,2,13,3,18,0,10,18,52,80,22,14,36,116
05/15/2013,CWF,LA,ASW,CE,Federal Contract Tower,0,17,8,15,40,0,2,12,2,16,0,19,20,17,56,38,6,44,100
05/16/2013,CWF,LA,ASW,CE,Federal Contract Tower,0,12,9,36,57,0,2,9,1,12,0,14,18,37,69,22,46,68,137
05/17/2013,CWF,LA,ASW,CE,Federal Contract Tower,0,2,9,50,61,0,3,5,4,12,0,5,14,54,73,0,28,28,101
05/18/2013,CWF,LA,ASW,CE,Federal Contract Tower,0,0,3,7,10,0,0,5,1,6,0,0,8,8,16,0,0,0,16
05/19/2013,CWF,LA,ASW,CE,Federal Contract Tower,0,2,18,1,21,0,2,8,1,11,0,4,26,2,32,0,0,0,32
05/20/2013,CWF,LA,ASW,CE,Federal Contract Tower,0,2,10,78,90,0,0,4,7,11,0,2,14,85,101,10,52,62,163
05/21/2013,CWF,LA,ASW,CE,Federal Contract Tower,0,8,16,36,60,0,0,13,0,13,0,8,29,36,73,0,0,0,73
05/22/2013,CWF,LA,ASW,CE,Federal Contract Tower,0,4,5,24,33,0,3,11,3,17,0,7,16,27,50,0,8,8,58
05/23/2013,CWF,LA,ASW,CE,Federal Contract Tower,0,2,22,19,43,0,0,20,2,22,0,2,42,21,65,0,0,0,65
05/24/2013,CWF,LA,ASW,CE,Federal Contract Tower,0,0,9,13,22,0,0,12,3,15,0,0,21,16,37,0,0,0,37
05/25/2013,CWF,LA,ASW,CE,Federal Contract Tower,0,0,6,2,8,0,0,3,0,3,0,0,9,2,11,0,0,0,11
05/26/2013,CWF,LA,ASW,CE,Federal Contract Tower,1,0,3,0,4,0,1,2,0,3,1,1,5,0,7,0,0,0,7
05/27/2013,CWF,LA,ASW,CE,Federal Contract Tower,0,0,12,3,15,0,0,12,1,13,0,0,24,4,28,0,0,0,28
05/28/2013,CWF,LA,ASW,CE,Federal Contract Tower,0,0,13,37,50,0,1,7,3,11,0,1,20,40,61,0,18,18,79
05/29/2013,CWF,LA,ASW,CE,Federal Contract Tower,0,6,9,78,93,0,2,12,3,17,0,8,21,81,110,6,62,68,178
05/30/2013,CWF,LA,ASW,CE,Federal Contract Tower,0,2,19,37,58,0,1,11,4,16,0,3,30,41,74,0,6,6,80
05/31/2013,CWF,LA,ASW,CE,Federal Contract Tower,0,2,9,40,51,0,0,6,2,8,0,2,15,42,59,0,0,0,59
06/01/2013,CWF,LA,ASW,CE,Federal Contract Tower,0,0,7,2,9,0,0,3,0,3,0,0,10,2,12,0,0,0,12
06/02/2013,CWF,LA,ASW,CE,Federal Contract Tower,0,0,8,3,11,0,0,1,0,1,0,0,9,3,12,6,0,6,18
06/03/2013,CWF,LA,ASW,CE,Federal Contract Tower,0,1,6,36,43,0,0,13,6,19,0,1,19,42,62,4,10,14,76
06/04/2013,CWF,LA,ASW,CE,Federal Contract Tower,0,0,2,43,45,0,1,12,6,19,0,1,14,49,64,0,24,24,88
06/05/2013,CWF,LA,ASW,CE,Federal Contract Tower,0,0,13,26,39,0,0,8,2,10,0,0,21,28,49,14,18,32,81
06/06/2013,CWF,LA,ASW,CE,Federal Contract Tower,0,2,9,19,30,0,0,6,0,6,0,2,15,19,36,0,0,0,36
06/07/2013,CWF,LA,ASW,CE,Federal Contract Tower,0,0,10,71,81,0,2,7,16,25,0,2,17,87,106,0,36,36,142
06/08/2013,CWF,LA,ASW,CE,Federal Contract Tower,0,0,2,11,13,0,0,3,0,3,0,0,5,11,16,0,0,0,16
06/09/2013,CWF,LA,ASW,CE,Federal Contract Tower,0,0,1,0,1,0,0,3,0,3,0,0,4,0,4,0,0,0,4
06/10/2013,CWF,LA,ASW,CE,Federal Contract Tower,1,0,4,33,38,0,0,13,8,21,1,0,17,41,59,0,42,42,101
06/11/2013,CWF,LA,ASW,CE,Federal Contract Tower,0,0,5,36,41,0,11,14,11,36,0,11,19,47,77,88,92,180,257
06/12/2013,CWF,LA,ASW,CE,Federal Contract Tower,1,0,6,40,47,0,7,12,3,22,1,7,18,43,69,56,34,90,159
06/13/2013,CWF,LA,ASW,CE,Federal Contract Tower,0,0,1,45,46,0,0,11,2,13,0,0,12,47,59,0,18,18,77
06/14/2013,CWF,LA,ASW,CE,Federal Contract Tower,0,0,5,33,38,0,1,13,2,16,0,1,18,35,54,0,4,4,58
06/15/2013,CWF,LA,ASW,CE,Federal Contract Tower,0,0,5,4,9,0,0,6,1,7,0,0,11,5,16,0,0,0,16
06/16/2013,CWF,LA,ASW,CE,Federal Contract Tower,0,0,1,44,45,0,0,4,0,4,0,0,5,44,49,0,2,2,51
06/17/2013,CWF,LA,ASW,CE,Federal Contract Tower,0,0,0,45,45,0,0,16,1,17,0,0,16,46,62,0,34,34,96
06/18/2013,CWF,LA,ASW,CE,Federal Contract Tower,0,0,2,4,6,0,1,11,1,13,0,1,13,5,19,0,0,0,19
06/19/2013,CWF,LA,ASW,CE,Federal Contract Tower,0,1,2,8,11,0,4,9,0,13,0,5,11,8,24,0,0,0,24
06/20/2013,CWF,LA,ASW,CE,Federal Contract Tower,0,2,11,24,37,0,7,12,3,22,0,9,23,27,59,0,26,26,85
06/21/2013,CWF,LA,ASW,CE,Federal Contract Tower,0,0,5,61,66,0,0,16,6,22,0,0,21,67,88,0,30,30,118
06/22/2013,CWF,LA,ASW,CE,Federal Contract Tower,0,0,4,25,29,0,5,4,5,14,0,5,8,30,43,0,30,30,73
06/23/2013,CWF,LA,ASW,CE,Federal Contract Tower,0,2,3,6,11,0,0,4,0,4,0,2,7,6,15,0,0,0,15
06/24/2013,CWF,LA,ASW,CE,Federal Contract Tower,1,0,12,26,39,0,0,14,7,21,1,0,26,33,60,42,2,44,104
06/25/2013,CWF,LA,ASW,CE,Federal Contract Tower,0,0,0,41,41,0,0,11,9,20,0,0,11,50,61,0,34,34,95
06/26/2013,CWF,LA,ASW,CE,Federal Contract Tower,0,2,14,31,47,0,0,21,9,30,0,2,35,40,77,0,62,62,139
06/27/2013,CWF,LA,ASW,CE,Federal Contract Tower,0,3,11,47,61,0,0,31,6,37,0,3,42,53,98,10,78,88,186
06/28/2013,CWF,LA,ASW,CE,Federal Contract Tower,0,0,12,72,84,0,1,11,8,20,0,1,23,80,104,18,54,72,176
06/29/2013,CWF,LA,ASW,CE,Federal Contract Tower,0,0,18,1,19,0,8,11,3,22,0,8,29,4,41,54,0,54,95
06/30/2013,CWF,LA,ASW,CE,Federal Contract Tower,0,0,3,20,23,0,0,6,0,6,0,0,9,20,29,0,0,0,29
07/01/2013,CWF,LA,ASW,CE,Federal Contract Tower,0,0,7,43,50,0,0,19,2,21,0,0,26,45,71,0,14,14,85
07/02/2013,CWF,LA,ASW,CE,Federal Contract Tower,0,0,12,37,49,0,0,21,5,26,0,0,33,42,75,20,14,34,109
07/03/2013,CWF,LA,ASW,CE,Federal Contract Tower,0,0,2,24,26,0,4,8,3,15,0,4,10,27,41,4,2,6,47
07/04/2013,CWF,LA,ASW,CE,Federal Contract Tower,0,0,0,0,0,0,0,8,0,8,0,0,8,0,8,10,0,10,18
07/05/2013,CWF,LA,ASW,CE,Federal Contract Tower,0,2,4,0,6,0,0,6,0,6,0,2,10,0,12,0,0,0,12
07/06/2013,CWF,LA,ASW,CE,Federal Contract Tower,0,0,0,4,4,0,0,2,3,5,0,0,2,7,9,0,4,4,13
07/07/2013,CWF,LA,ASW,CE,Federal Contract Tower,0,0,2,0,2,0,0,5,1,6,0,0,7,1,8,0,0,0,8
07/08/2013,CWF,LA,ASW,CE,Federal Contract Tower,0,0,2,13,15,0,2,14,2,18,0,2,16,15,33,6,0,6,39
07/09/2013,CWF,LA,ASW,CE,Federal Contract Tower,0,2,11,58,71,0,2,10,0,12,0,4,21,58,83,0,6,6,89
07/10/2013,CWF,LA,ASW,CE,Federal Contract Tower,0,0,6,54,60,0,0,13,13,26,0,0,19,67,86,0,56,56,142
07/11/2013,CWF,LA,ASW,CE,Federal Contract Tower,0,0,9,7,16,0,0,26,9,35,0,0,35,16,51,0,12,12,63
07/12/2013,CWF,LA,ASW,CE,Federal Contract Tower,0,0,0,15,15,0,0,10,5,15,0,0,10,20,30,0,3,3,33
07/13/2013,CWF,LA,ASW,CE,Federal Contract Tower,0,0,4,21,25,0,0,2,0,2,0,0,6,21,27,0,6,6,33
07/14/2013,CWF,LA,ASW,CE,Federal Contract Tower,10,0,0,9,19,0,0,21,0,21,10,0,21,9,40,4,0,4,44
07/15/2013,CWF,LA,ASW,CE,Federal Contract Tower,0,0,0,6,6,0,0,9,3,12,0,0,9,9,18,0,12,12,30
07/16/2013,CWF,LA,ASW,CE,Federal Contract Tower,1,0,2,2,5,0,3,18,3,24,1,3,20,5,29,0,0,0,29
07/17/2013,CWF,LA,ASW,CE,Federal Contract Tower,0,0,6,6,12,0,2,15,3,20,0,2,21,9,32,4,0,4,36
07/18/2013,CWF,LA,ASW,CE,Federal Contract Tower,0,3,12,28,43,0,1,27,0,28,0,4,39,28,71,8,24,32,103
07/19/2013,CWF,LA,ASW,CE,Federal Contract Tower,2,0,8,24,34,0,0,15,7,22,2,0,23,31,56,0,4,4,60
07/20/2013,CWF,LA,ASW,CE,Federal Contract Tower,0,0,10,7,17,0,0,14,2,16,0,0,24,9,33,10,0,10,43
07/21/2013,CWF,LA,ASW,CE,Federal Contract Tower,0,0,3,2,5,0,0,3,0,3,0,0,6,2,8,0,0,0,8
07/22/2013,CWF,LA,ASW,CE,Federal Contract Tower,0,0,7,32,39,0,0,11,3,14,0,0,18,35,53,0,12,12,65
07/23/2013,CWF,LA,ASW,CE,Federal Contract Tower,0,0,10,48,58,0,0,21,10,31,0,0,31,58,89,44,16,60,149
07/24/2013,CWF,LA,ASW,CE,Federal Contract Tower,0,0,8,44,52,0,1,15,5,21,0,1,23,49,73,4,32,36,109
07/25/2013,CWF,LA,ASW,CE,Federal Contract Tower,0,1,6,24,31,0,2,17,0,19,0,3,23,24,50,0,14,14,64
07/26/2013,CWF,LA,ASW,CE,Federal Contract Tower,0,0,6,54,60,0,1,12,4,17,0,1,18,58,77,12,18,30,107
07/27/2013,CWF,LA,ASW,CE,Federal Contract Tower,0,0,0,0,0,0,0,0,0,0,0,0,0,0,0,0,0,0,0
07/28/2013,CWF,LA,ASW,CE,Federal Contract Tower,0,0,6,9,15,0,0,5,0,5,0,0,11,9,20,22,0,22,42
07/29/2013,CWF,LA,ASW,CE,Federal Contract Tower,0,0,5,19,24,0,0,20,5,25,0,0,25,24,49,16,20,36,85
07/30/2013,CWF,LA,ASW,CE,Federal Contract Tower,0,2,11,12,25,0,0,29,1,30,0,2,40,13,55,32,14,46,101
07/31/2013,CWF,LA,ASW,CE,Federal Contract Tower,1,0,3,70,74,0,2,17,9,28,1,2,20,79,102,28,32,60,162
08/01/2013,CWF,LA,ASW,CE,Federal Contract Tower,0,4,24,36,64,0,4,13,0,17,0,8,37,36,81,0,38,38,119
08/02/2013,CWF,LA,ASW,CE,Federal Contract Tower,0,0,2,45,47,0,1,11,2,14,0,1,13,47,61,0,4,4,65
08/03/2013,CWF,LA,ASW,CE,Federal Contract Tower,0,0,1,13,14,0,0,0,0,0,0,0,1,13,14,0,0,0,14
08/04/2013,CWF,LA,ASW,CE,Federal Contract Tower,0,0,2,32,34,0,0,7,0,7,0,0,9,32,41,0,4,4,45
08/05/2013,CWF,LA,ASW,CE,Federal Contract Tower,0,0,6,39,45,0,0,11,4,15,0,0,17,43,60,0,26,26,86
08/06/2013,CWF,LA,ASW,CE,Federal Contract Tower,0,0,8,42,50,0,0,8,4,12,0,0,16,46,62,0,54,54,116
08/07/2013,CWF,LA,ASW,CE,Federal Contract Tower,0,2,2,35,39,0,1,9,8,18,0,3,11,43,57,0,14,14,71
08/08/2013,CWF,LA,ASW,CE,Federal Contract Tower,0,0,7,69,76,0,1,10,2,13,0,1,17,71,89,2,86,88,177
08/09/2013,CWF,LA,ASW,CE,Federal Contract Tower,0,2,10,93,105,0,0,16,9,25,0,2,26,102,130,0,26,26,156
08/10/2013,CWF,LA,ASW,CE,Federal Contract Tower,0,0,4,0,4,0,2,0,1,3,0,2,4,1,7,0,0,0,7
08/11/2013,CWF,LA,ASW,CE,Federal Contract Tower,0,2,3,4,9,0,0,8,0,8,0,2,11,4,17,0,0,0,17
08/12/2013,CWF,LA,ASW,CE,Federal Contract Tower,0,1,3,32,36,0,2,17,5,24,0,3,20,37,60,32,38,70,130
08/13/2013,CWF,LA,ASW,CE,Federal Contract Tower,0,0,31,35,66,0,2,13,3,18,0,2,44,38,84,10,68,78,162
08/14/2013,CWF,LA,ASW,CE,Federal Contract Tower,0,0,3,15,18,0,1,12,2,15,0,1,15,17,33,16,42,58,91
08/15/2013,CWF,LA,ASW,CE,Federal Contract Tower,0,0,3,42,45,0,0,11,1,12,0,0,14,43,57,0,22,22,79
08/16/2013,CWF,LA,ASW,CE,Federal Contract Tower,0,1,7,70,78,0,0,13,9,22,0,1,20,79,100,6,60,66,166
08/17/2013,CWF,LA,ASW,CE,Federal Contract Tower,0,0,8,7,15,0,0,8,0,8,0,0,16,7,23,0,10,10,33
08/18/2013,CWF,LA,ASW,CE,Federal Contract Tower,0,0,0,23,23,0,2,11,0,13,0,2,11,23,36,4,4,8,44
08/19/2013,CWF,LA,ASW,CE,Federal Contract Tower,0,0,14,61,75,0,2,14,3,19,0,2,28,64,94,32,0,32,126
08/20/2013,CWF,LA,ASW,CE,Federal Contract Tower,0,0,0,20,20,0,0,9,0,9,0,0,9,20,29,10,12,22,51
08/21/2013,CWF,LA,ASW,CE,Federal Contract Tower,0,2,7,20,29,0,0,18,2,20,0,2,25,22,49,0,38,38,87
08/22/2013,CWF,LA,ASW,CE,Federal Contract Tower,0,0,13,34,47,0,0,10,4,14,0,0,23,38,61,4,32,36,97
08/23/2013,CWF,LA,ASW,CE,Federal Contract Tower,0,0,7,51,58,0,2,13,14,29,0,2,20,65,87,0,40,40,127
08/24/2013,CWF,LA,ASW,CE,Federal Contract Tower,0,0,1,22,23,0,0,2,2,4,0,0,3,24,27,0,8,8,35
08/25/2013,CWF,LA,ASW,CE,Federal Contract Tower,0,0,1,16,17,0,0,2,0,2,0,0,3,16,19,10,0,10,29
08/26/2013,CWF,LA,ASW,CE,Federal Contract Tower,0,1,3,12,16,0,1,3,0,4,0,2,6,12,20,0,24,24,44
08/27/2013,CWF,LA,ASW,CE,Federal Contract Tower,0,0,2,50,52,0,4,9,7,20,0,4,11,57,72,0,84,84,156
08/28/2013,CWF,LA,ASW,CE,Federal Contract Tower,0,0,14,37,51,0,0,16,1,17,0,0,30,38,68,4,16,20,88
08/29/2013,CWF,LA,ASW,CE,Federal Contract Tower,0,0,2,58,60,0,0,17,3,20,0,0,19,61,80,0,0,0,80
08/30/2013,CWF,LA,ASW,CE,Federal Contract Tower,2,0,7,19,28,0,0,16,1,17,2,0,23,20,45,0,26,26,71
08/31/2013,CWF,LA,ASW,CE,Federal Contract Tower,0,0,8,0,8,0,1,5,0,6,0,1,13,0,14,12,0,12,26
09/01/2013,CWF,LA,ASW,CE,Federal Contract Tower,0,0,4,0,4,0,0,4,0,4,0,0,8,0,8,0,0,0,8
09/02/2013,CWF,LA,ASW,CE,Federal Contract Tower,0,0,1,25,26,0,0,9,1,10,0,0,10,26,36,0,5,5,41
09/03/2013,CWF,LA,ASW,CE,Federal Contract Tower,0,0,10,11,21,0,2,19,2,23,0,2,29,13,44,0,26,26,70
09/04/2013,CWF,LA,ASW,CE,Federal Contract Tower,2,0,7,16,25,0,1,17,0,18,2,1,24,16,43,12,34,46,89
09/05/2013,CWF,LA,ASW,CE,Federal Contract Tower,0,0,4,48,52,0,0,7,4,11,0,0,11,52,63,0,4,4,67
09/06/2013,CWF,LA,ASW,CE,Federal Contract Tower,0,0,4,51,55,0,1,21,5,27,0,1,25,56,82,28,36,64,146
09/07/2013,CWF,LA,ASW,CE,Federal Contract Tower,0,0,2,7,9,0,0,4,5,9,0,0,6,12,18,0,0,0,18
09/08/2013,CWF,LA,ASW,CE,Federal Contract Tower,0,0,0,26,26,0,0,2,3,5,0,0,2,29,31,0,29,29,60
09/09/2013,CWF,LA,ASW,CE,Federal Contract Tower,0,2,0,44,46,0,1,15,3,19,0,3,15,47,65,0,10,10,75
09/10/2013,CWF,LA,ASW,CE,Federal Contract Tower,0,2,6,49,57,0,3,25,4,32,0,5,31,53,89,4,28,32,121
09/11/2013,CWF,LA,ASW,CE,Federal Contract Tower,0,0,3,32,35,0,1,12,5,18,0,1,15,37,53,0,36,36,89
09/12/2013,CWF,LA,ASW,CE,Federal Contract Tower,0,0,11,49,60,0,0,17,2,19,0,0,28,51,79,10,30,40,119
09/13/2013,CWF,LA,ASW,CE,Federal Contract Tower,0,0,13,29,42,0,0,10,4,14,0,0,23,33,56,0,0,0,56
09/14/2013,CWF,LA,ASW,CE,Federal Contract Tower,0,0,0,17,17,0,0,10,4,14,0,0,10,21,31,10,3,13,44
09/15/2013,CWF,LA,ASW,CE,Federal Contract Tower,0,0,2,16,18,0,0,14,4,18,0,0,16,20,36,0,0,0,36
09/16/2013,CWF,LA,ASW,CE,Federal Contract Tower,0,1,2,33,36,0,1,20,1,22,0,2,22,34,58,0,5,5,63
09/17/2013,CWF,LA,ASW,CE,Federal Contract Tower,0,2,4,25,31,0,0,7,1,8,0,2,11,26,39,0,10,10,49
09/18/2013,CWF,LA,ASW,CE,Federal Contract Tower,0,2,11,31,44,0,0,7,4,11,0,2,18,35,55,0,8,8,63
09/19/2013,CWF,LA,ASW,CE,Federal Contract Tower,0,1,4,22,27,0,0,8,7,15,0,1,12,29,42,0,1,1,43
09/20/2013,CWF,LA,ASW,CE,Federal Contract Tower,0,0,4,10,14,0,0,2,1,3,0,0,6,11,17,0,0,0,17
09/21/2013,CWF,LA,ASW,CE,Federal Contract Tower,0,0,2,0,2,0,0,0,0,0,0,0,2,0,2,0,0,0,2
09/22/2013,CWF,LA,ASW,CE,Federal Contract Tower,0,0,7,22,29,0,1,4,4,9,0,1,11,26,38,0,18,18,56
09/23/2013,CWF,LA,ASW,CE,Federal Contract Tower,0,2,1,20,23,0,0,12,2,14,0,2,13,22,37,0,4,4,41
09/24/2013,CWF,LA,ASW,CE,Federal Contract Tower,0,0,3,24,27,0,0,12,2,14,0,0,15,26,41,0,9,9,50
09/25/2013,CWF,LA,ASW,CE,Federal Contract Tower,0,0,9,31,40,0,0,20,7,27,0,0,29,38,67,1,32,33,100
09/26/2013,CWF,LA,ASW,CE,Federal Contract Tower,0,0,3,36,39,0,0,32,0,32,0,0,35,36,71,4,12,16,87
09/27/2013,CWF,LA,ASW,CE,Federal Contract Tower,0,0,8,23,31,0,0,37,8,45,0,0,45,31,76,0,0,0,76
09/28/2013,CWF,LA,ASW,CE,Federal Contract Tower,0,0,5,0,5,0,3,45,0,48,0,3,50,0,53,18,0,18,71
09/29/2013,CWF,LA,ASW,CE,Federal Contract Tower,0,0,3,2,5,0,3,31,0,34,0,3,34,2,39,10,0,10,49
09/30/2013,CWF,LA,ASW,CE,Federal Contract Tower,0,0,0,10,10,0,0,18,2,20,0,0,18,12,30,0,0,0,30
10/01/2013,CWF,LA,ASW,CE,Federal Contract Tower,0,1,2,2,5,0,0,31,1,32,0,1,33,3,37,0,0,0,37
10/02/2013,CWF,LA,ASW,CE,Federal Contract Tower,0,0,7,3,10,0,2,14,0,16,0,2,21,3,26,0,0,0,26
10/03/2013,CWF,LA,ASW,CE,Federal Contract Tower,0,0,7,8,15,0,0,13,0,13,0,0,20,8,28,0,2,2,30
10/04/2013,CWF,LA,ASW,CE,Federal Contract Tower,0,0,8,8,16,0,0,15,2,17,0,0,23,10,33,0,10,10,43
10/05/2013,CWF,LA,ASW,CE,Federal Contract Tower,0,0,2,0,2,0,0,12,0,12,0,0,14,0,14,2,0,2,16
10/06/2013,CWF,LA,ASW,CE,Federal Contract Tower,0,1,1,0,2,0,1,1,0,2,0,2,2,0,4,0,0,0,4
10/07/2013,CWF,LA,ASW,CE,Federal Contract Tower,0,0,1,7,8,0,2,11,7,20,0,2,12,14,28,0,30,30,58
10/08/2013,CWF,LA,ASW,CE,Federal Contract Tower,1,7,10,25,43,0,1,17,2,20,1,8,27,27,63,60,10,70,133
10/09/2013,CWF,LA,ASW,CE,Federal Contract Tower,0,0,2,15,17,0,2,27,5,34,0,2,29,20,51,50,42,92,143
10/10/2013,CWF,LA,ASW,CE,Federal Contract Tower,0,0,4,10,14,0,4,18,0,22,0,4,22,10,36,0,22,22,58
10/11/2013,CWF,LA,ASW,CE,Federal Contract Tower,0,0,3,0,3,0,0,25,0,25,0,0,28,0,28,4,0,4,32
10/12/2013,CWF,LA,ASW,CE,Federal Contract Tower,0,0,0,0,0,0,0,1,0,1,0,0,1,0,1,0,0,0,1
10/13/2013,CWF,LA,ASW,CE,Federal Contract Tower,0,0,8,0,8,0,0,5,0,5,0,0,13,0,13,0,0,0,13
10/14/2013,CWF,LA,ASW,CE,Federal Contract Tower,0,2,0,0,2,0,0,7,2,9,0,2,7,2,11,0,0,0,11
10/15/2013,CWF,LA,ASW,CE,Federal Contract Tower,0,0,1,27,28,0,2,19,4,25,0,2,20,31,53,10,18,28,81
10/16/2013,CWF,LA,ASW,CE,Federal Contract Tower,0,0,7,10,17,0,1,12,6,19,0,1,19,16,36,8,6,14,50
10/17/2013,CWF,LA,ASW,CE,Federal Contract Tower,0,2,13,36,51,0,0,3,5,8,0,2,16,41,59,0,8,8,67
10/18/2013,CWF,LA,ASW,CE,Federal Contract Tower,0,0,3,26,29,0,0,9,7,16,0,0,12,33,45,20,2,22,67
10/19/2013,CWF,LA,ASW,CE,Federal Contract Tower,0,0,3,8,11,0,0,6,5,11,0,0,9,13,22,0,8,8,30
10/20/2013,CWF,LA,ASW,CE,Federal Contract Tower,0,0,0,0,0,0,0,8,0,8,0,0,8,0,8,0,0,0,8
10/21/2013,CWF,LA,ASW,CE,Federal Contract Tower,0,0,5,28,33,0,3,9,2,14,0,3,14,30,47,0,22,22,69
10/22/2013,CWF,LA,ASW,CE,Federal Contract Tower,0,0,11,14,25,0,2,14,0,16,0,2,25,14,41,4,0,4,45
10/23/2013,CWF,LA,ASW,CE,Federal Contract Tower,0,1,4,44,49,0,3,15,3,21,0,4,19,47,70,26,4,30,100
10/24/2013,CWF,LA,ASW,CE,Federal Contract Tower,0,7,9,22,38,0,2,12,4,18,0,9,21,26,56,8,4,12,68
10/25/2013,CWF,LA,ASW,CE,Federal Contract Tower,0,1,7,35,43,0,2,25,6,33,0,3,32,41,76,4,20,24,100
10/26/2013,CWF,LA,ASW,CE,Federal Contract Tower,0,0,4,31,35,0,0,7,9,16,0,0,11,40,51,8,18,26,77
10/27/2013,CWF,LA,ASW,CE,Federal Contract Tower,0,0,1,13,14,0,0,4,1,5,0,0,5,14,19,0,2,2,21
10/28/2013,CWF,LA,ASW,CE,Federal Contract Tower,0,3,11,6,20,0,4,9,2,15,0,7,20,8,35,6,0,6,41
10/29/2013,CWF,LA,ASW,CE,Federal Contract Tower,0,0,16,45,61,0,0,5,8,13,0,0,21,53,74,0,14,14,88
10/30/2013,CWF,LA,ASW,CE,Federal Contract Tower,0,0,6,36,42,0,0,13,2,15,0,0,19,38,57,0,6,6,63
10/31/2013,CWF,LA,ASW,CE,Federal Contract Tower,0,0,4,0,4,0,0,0,0,0,0,0,4,0,4,0,0,0,4
11/01/2013,CWF,LA,ASW,CE,Federal Contract Tower,0,2,7,41,50,0,2,3,4,9,0,4,10,45,59,6,11,17,76
11/02/2013,CWF,LA,ASW,CE,Federal Contract Tower,0,0,2,44,46,0,0,9,14,23,0,0,11,58,69,3,38,41,110
11/03/2013,CWF,LA,ASW,CE,Federal Contract Tower,0,0,8,19,27,0,0,2,3,5,0,0,10,22,32,0,0,0,32
11/04/2013,CWF,LA,ASW,CE,Federal Contract Tower,0,0,0,49,49,0,10,7,9,26,0,10,7,58,75,36,0,36,111
11/05/2013,CWF,LA,ASW,CE,Federal Contract Tower,0,0,9,46,55,0,0,17,1,18,0,0,26,47,73,0,44,44,117
11/06/2013,CWF,LA,ASW,CE,Federal Contract Tower,0,1,11,27,39,0,0,2,2,4,0,1,13,29,43,0,6,6,49
11/07/2013,CWF,LA,ASW,CE,Federal Contract Tower,0,0,12,33,45,0,2,2,3,7,0,2,14,36,52,24,10,34,86
11/08/2013,CWF,LA,ASW,CE,Federal Contract Tower,0,0,16,47,63,0,0,13,1,14,0,0,29,48,77,0,4,4,81
11/09/2013,CWF,LA,ASW,CE,Federal Contract Tower,0,0,3,21,24,0,0,4,6,10,0,0,7,27,34,20,20,40,74
11/10/2013,CWF,LA,ASW,CE,Federal Contract Tower,0,0,1,8,9,0,0,7,0,7,0,0,8,8,16,0,0,0,16
11/11/2013,CWF,LA,ASW,CE,Federal Contract Tower,0,2,2,3,7,0,1,12,1,14,0,3,14,4,21,10,0,10,31
11/12/2013,CWF,LA,ASW,CE,Federal Contract Tower,0,0,1,24,25,0,2,3,5,10,0,2,4,29,35,0,22,22,57
11/13/2013,CWF,LA,ASW,CE,Federal Contract Tower,0,0,2,61,63,0,2,6,5,13,0,2,8,66,76,0,62,62,138
11/14/2013,CWF,LA,ASW,CE,Federal Contract Tower,0,8,9,47,64,0,3,4,8,15,0,11,13,55,79,10,22,32,111
11/15/2013,CWF,LA,ASW,CE,Federal Contract Tower,0,2,9,103,114,0,0,10,3,13,0,2,19,106,127,14,62,76,203
11/16/2013,CWF,LA,ASW,CE,Federal Contract Tower,0,0,0,2,2,0,0,0,0,0,0,0,0,2,2,0,0,0,2
11/17/2013,CWF,LA,ASW,CE,Federal Contract Tower,0,2,0,14,16,0,0,0,0,0,0,2,0,14,16,0,0,0,16
11/18/2013,CWF,LA,ASW,CE,Federal Contract Tower,0,0,0,38,38,0,0,0,2,2,0,0,0,40,40,0,34,34,74
11/19/2013,CWF,LA,ASW,CE,Federal Contract Tower,1,0,9,57,67,0,2,5,6,13,1,2,14,63,80,0,68,68,148
11/20/2013,CWF,LA,ASW,CE,Federal Contract Tower,0,3,25,59,87,0,2,6,2,10,0,5,31,61,97,0,72,72,169
11/21/2013,CWF,LA,ASW,CE,Federal Contract Tower,0,4,3,15,22,0,0,0,3,3,0,4,3,18,25,0,12,12,37
11/22/2013,CWF,LA,ASW,CE,Federal Contract Tower,0,0,3,0,3,0,0,0,0,0,0,0,3,0,3,0,0,0,3
11/23/2013,CWF,LA,ASW,CE,Federal Contract Tower,0,0,4,3,7,0,0,0,0,0,0,0,4,3,7,0,0,0,7
11/24/2013,CWF,LA,ASW,CE,Federal Contract Tower,0,0,4,7,11,0,0,3,0,3,0,0,7,7,14,0,2,2,16
11/25/2013,CWF,LA,ASW,CE,Federal Contract Tower,0,0,2,6,8,0,0,2,0,2,0,0,4,6,10,0,20,20,30
11/26/2013,CWF,LA,ASW,CE,Federal Contract Tower,0,0,1,8,9,0,0,1,0,1,0,0,2,8,10,0,0,0,10
11/27/2013,CWF,LA,ASW,CE,Federal Contract Tower,0,0,3,9,12,0,3,5,1,9,0,3,8,10,21,0,12,12,33
11/28/2013,CWF,LA,ASW,CE,Federal Contract Tower,0,0,0,3,3,0,0,0,1,1,0,0,0,4,4,0,0,0,4
11/29/2013,CWF,LA,ASW,CE,Federal Contract Tower,0,0,3,2,5,0,0,5,0,5,0,0,8,2,10,0,0,0,10
11/30/2013,CWF,LA,ASW,CE,Federal Contract Tower,0,0,2,0,2,0,0,13,1,14,0,0,15,1,16,28,0,28,44
12/01/2013,CWF,LA,ASW,CE,Federal Contract Tower,0,1,12,0,13,0,0,1,0,1,0,1,13,0,14,0,0,0,14
12/02/2013,CWF,LA,ASW,CE,Federal Contract Tower,0,0,7,37,44,0,1,10,0,11,0,1,17,37,55,0,0,0,55
12/03/2013,CWF,LA,ASW,CE,Federal Contract Tower,0,2,12,12,26,0,0,0,0,0,0,2,12,12,26,0,0,0,26
12/04/2013,CWF,LA,ASW,CE,Federal Contract Tower,0,0,16,16,32,0,0,0,0,0,0,0,16,16,32,0,8,8,40
12/05/2013,CWF,LA,ASW,CE,Federal Contract Tower,1,0,21,28,50,0,0,0,0,0,1,0,21,28,50,0,24,24,74
12/06/2013,CWF,LA,ASW,CE,Federal Contract Tower,0,0,4,0,4,0,0,0,0,0,0,0,4,0,4,0,0,0,4
12/07/2013,CWF,LA,ASW,CE,Federal Contract Tower,0,0,3,0,3,0,0,0,0,0,0,0,3,0,3,4,0,4,7
12/08/2013,CWF,LA,ASW,CE,Federal Contract Tower,0,0,0,2,2,0,0,0,0,0,0,0,0,2,2,0,0,0,2
12/09/2013,CWF,LA,ASW,CE,Federal Contract Tower,0,0,8,8,16,0,0,0,0,0,0,0,8,8,16,0,0,0,16
12/10/2013,CWF,LA,ASW,CE,Federal Contract Tower,0,0,27,32,59,0,0,13,2,15,0,0,40,34,74,0,70,70,144
12/11/2013,CWF,LA,ASW,CE,Federal Contract Tower,0,0,11,39,50,0,1,6,6,13,0,1,17,45,63,4,20,24,87
12/12/2013,CWF,LA,ASW,CE,Federal Contract Tower,0,2,21,33,56,0,2,18,13,33,0,4,39,46,89,2,10,12,101
12/13/2013,CWF,LA,ASW,CE,Federal Contract Tower,0,2,8,59,69,0,1,2,3,6,0,3,10,62,75,10,34,44,119
12/14/2013,CWF,LA,ASW,CE,Federal Contract Tower,0,0,2,10,12,0,0,4,1,5,0,0,6,11,17,0,18,18,35
12/15/2013,CWF,LA,ASW,CE,Federal Contract Tower,0,0,11,9,20,0,0,6,1,7,0,0,17,10,27,13,0,13,40
12/16/2013,CWF,LA,ASW,CE,Federal Contract Tower,0,0,8,12,20,0,0,14,6,20,0,0,22,18,40,0,4,4,44
12/17/2013,CWF,LA,ASW,CE,Federal Contract Tower,0,0,9,79,88,0,0,7,4,11,0,0,16,83,99,0,60,60,159
12/18/2013,CWF,LA,ASW,CE,Federal Contract Tower,0,0,16,27,43,0,0,6,6,12,0,0,22,33,55,0,14,14,69
12/19/2013,CWF,LA,ASW,CE,Federal Contract Tower,0,0,9,50,59,0,0,6,4,10,0,0,15,54,69,0,38,38,107
12/20/2013,CWF,LA,ASW,CE,Federal Contract Tower,0,0,8,22,30,0,1,1,1,3,0,1,9,23,33,0,4,4,37
12/21/2013,CWF,LA,ASW,CE,Federal Contract Tower,0,0,0,0,0,0,0,0,0,0,0,0,0,0,0,0,0,0,0
12/22/2013,CWF,LA,ASW,CE,Federal Contract Tower,0,0,3,2,5,0,0,1,0,1,0,0,4,2,6,0,0,0,6
12/23/2013,CWF,LA,ASW,CE,Federal Contract Tower,0,0,6,11,17,0,0,2,5,7,0,0,8,16,24,0,32,32,56
12/24/2013,CWF,LA,ASW,CE,Federal Contract Tower,0,0,3,4,7,0,0,2,4,6,0,0,5,8,13,0,10,10,23
12/25/2013,CWF,LA,ASW,CE,Federal Contract Tower,0,0,0,0,0,0,0,0,0,0,0,0,0,0,0,0,0,0,0
12/26/2013,CWF,LA,ASW,CE,Federal Contract Tower,0,0,0,5,5,0,2,6,0,8,0,2,6,5,13,0,0,0,13
12/27/2013,CWF,LA,ASW,CE,Federal Contract Tower,0,0,14,5,19,0,0,8,0,8,0,0,22,5,27,32,4,36,63
12/28/2013,CWF,LA,ASW,CE,Federal Contract Tower,0,0,0,6,6,0,0,6,0,6,0,0,6,6,12,32,0,32,44
12/29/2013,CWF,LA,ASW,CE,Federal Contract Tower,0,0,3,0,3,0,0,11,0,11,0,0,14,0,14,0,0,0,14
12/30/2013,CWF,LA,ASW,CE,Federal Contract Tower,0,0,1,7,8,0,0,3,1,4,0,0,4,8,12,6,14,20,32
12/31/2013,CWF,LA,ASW,CE,Federal Contract Tower,0,0,9,2,11,0,3,1,0,4,0,3,10,2,15,0,0,0,15
01/01/2014,CWF,LA,ASW,CE,Federal Contract Tower,0,2,3,0,5,0,0,0,0,0,0,2,3,0,5,0,0,0,5
01/02/2014,CWF,LA,ASW,CE,Federal Contract Tower,0,2,7,4,13,0,0,4,0,4,0,2,11,4,17,0,0,0,17
01/03/2014,CWF,LA,ASW,CE,Federal Contract Tower,0,0,15,27,42,0,0,9,4,13,0,0,24,31,55,4,0,4,59
01/04/2014,CWF,LA,ASW,CE,Federal Contract Tower,0,0,4,3,7,0,0,7,3,10,0,0,11,6,17,0,0,0,17
01/05/2014,CWF,LA,ASW,CE,Federal Contract Tower,0,0,3,7,10,0,0,1,1,2,0,0,4,8,12,0,0,0,12
01/06/2014,CWF,LA,ASW,CE,Federal Contract Tower,0,0,7,51,58,0,0,4,0,4,0,0,11,51,62,0,7,7,69
01/07/2014,CWF,LA,ASW,CE,Federal Contract Tower,0,0,7,97,104,0,2,2,1,5,0,2,9,98,109,2,90,92,201
01/08/2014,CWF,LA,ASW,CE,Federal Contract Tower,0,0,5,53,58,0,0,5,0,5,0,0,10,53,63,0,86,86,149
01/09/2014,CWF,LA,ASW,CE,Federal Contract Tower,0,1,23,73,97,0,3,3,4,10,0,4,26,77,107,6,38,44,151
01/10/2014,CWF,LA,ASW,CE,Federal Contract Tower,0,0,4,29,33,0,0,0,0,0,0,0,4,29,33,0,0,0,33
01/11/2014,CWF,LA,ASW,CE,Federal Contract Tower,0,0,16,44,60,0,0,4,20,24,0,0,20,64,84,0,23,23,107
01/12/2014,CWF,LA,ASW,CE,Federal Contract Tower,0,0,5,34,39,0,0,4,4,8,0,0,9,38,47,0,6,6,53
01/13/2014,CWF,LA,ASW,CE,Federal Contract Tower,0,2,3,10,15,0,0,0,0,0,0,2,3,10,15,0,0,0,15
01/14/2014,CWF,LA,ASW,CE,Federal Contract Tower,0,0,17,25,42,0,3,7,2,12,0,3,24,27,54,30,38,68,122
01/15/2014,CWF,LA,ASW,CE,Federal Contract Tower,0,2,13,27,42,0,1,3,4,8,0,3,16,31,50,0,50,50,100
01/16/2014,CWF,LA,ASW,CE,Federal Contract Tower,0,0,5,24,29,0,0,12,3,15,0,0,17,27,44,6,46,52,96
01/17/2014,CWF,LA,ASW,CE,Federal Contract Tower,0,3,17,52,72,0,6,6,2,14,0,9,23,54,86,0,40,40,126
01/18/2014,CWF,LA,ASW,CE,Federal Contract Tower,0,2,1,42,45,0,0,6,6,12,0,2,7,48,57,0,30,30,87
01/19/2014,CWF,LA,ASW,CE,Federal Contract Tower,0,0,5,14,19,0,0,9,0,9,0,0,14,14,28,44,8,52,80
01/20/2014,CWF,LA,ASW,CE,Federal Contract Tower,0,0,0,6,6,0,0,6,0,6,0,0,6,6,12,0,0,0,12
01/21/2014,CWF,LA,ASW,CE,Federal Contract Tower,0,0,0,3,3,0,2,18,3,23,0,2,18,6,26,12,2,14,40
01/22/2014,CWF,LA,ASW,CE,Federal Contract Tower,0,1,5,42,48,0,0,18,4,22,0,1,23,46,70,24,22,46,116
01/23/2014,CWF,LA,ASW,CE,Federal Contract Tower,0,2,2,29,33,0,0,4,2,6,0,2,6,31,39,0,2,2,41
01/24/2014,CWF,LA,ASW,CE,Federal Contract Tower,1,0,1,0,2,0,0,1,0,1,1,0,2,0,3,0,0,0,3
01/25/2014,CWF,LA,ASW,CE,Federal Contract Tower,0,0,7,28,35,0,0,14,4,18,0,0,21,32,53,6,22,28,81
01/26/2014,CWF,LA,ASW,CE,Federal Contract Tower,0,0,2,14,16,0,0,7,0,7,0,0,9,14,23,0,2,2,25
01/27/2014,CWF,LA,ASW,CE,Federal Contract Tower,0,0,4,5,9,0,0,4,1,5,0,0,8,6,14,22,6,28,42
01/28/2014,CWF,LA,ASW,CE,Federal Contract Tower,0,0,4,0,4,0,0,0,0,0,0,0,4,0,4,28,0,28,32
01/29/2014,CWF,LA,ASW,CE,Federal Contract Tower,0,0,6,13,19,0,1,4,0,5,0,1,10,13,24,6,0,6,30
01/30/2014,CWF,LA,ASW,CE,Federal Contract Tower,0,0,5,25,30,0,0,23,4,27,0,0,28,29,57,8,26,34,91
01/31/2014,CWF,LA,ASW,CE,Federal Contract Tower,0,0,13,40,53,0,2,19,2,23,0,2,32,42,76,8,31,39,115
02/01/2014,CWF,LA,ASW,CE,Federal Contract Tower,0,0,2,54,56,0,0,0,3,3,0,0,2,57,59,0,22,22,81
02/02/2014,CWF,LA,ASW,CE,Federal Contract Tower,0,0,4,2,6,0,0,0,0,0,0,0,4,2,6,0,0,0,6
02/03/2014,CWF,LA,ASW,CE,Federal Contract Tower,0,0,6,45,51,0,0,0,0,0,0,0,6,45,51,20,5,25,76
02/04/2014,CWF,LA,ASW,CE,Federal Contract Tower,0,3,2,11,16,0,0,0,0,0,0,3,2,11,16,0,0,0,16
02/05/2014,CWF,LA,ASW,CE,Federal Contract Tower,0,1,12,55,68,0,0,12,11,23,0,1,24,66,91,2,88,90,181
02/06/2014,CWF,LA,ASW,CE,Federal Contract Tower,0,2,17,22,41,0,1,3,6,10,0,3,20,28,51,0,20,20,71
02/07/2014,CWF,LA,ASW,CE,Federal Contract Tower,0,0,5,34,39,0,2,19,4,25,0,2,24,38,64,5,0,5,69
02/08/2014,CWF,LA,ASW,CE,Federal Contract Tower,0,0,2,84,86,0,0,2,3,5,0,0,4,87,91,20,4,24,115
02/09/2014,CWF,LA,ASW,CE,Federal Contract Tower,0,0,4,15,19,0,0,1,0,1,0,0,5,15,20,0,0,0,20
02/10/2014,CWF,LA,ASW,CE,Federal Contract Tower,0,0,8,5,13,0,0,0,0,0,0,0,8,5,13,0,0,0,13
02/11/2014,CWF,LA,ASW,CE,Federal Contract Tower,0,0,3,2,5,0,0,0,0,0,0,0,3,2,5,0,0,0,5
02/12/2014,CWF,LA,ASW,CE,Federal Contract Tower,2,0,10,4,16,0,0,1,0,1,2,0,11,4,17,0,8,8,25
02/13/2014,CWF,LA,ASW,CE,Federal Contract Tower,0,0,6,21,27,0,2,16,3,21,0,2,22,24,48,0,0,0,48
02/14/2014,CWF,LA,ASW,CE,Federal Contract Tower,0,0,2,76,78,0,4,8,6,18,0,4,10,82,96,26,74,100,196
02/15/2014,CWF,LA,ASW,CE,Federal Contract Tower,0,1,5,6,12,0,0,34,3,37,0,1,39,9,49,12,0,12,61
02/16/2014,CWF,LA,ASW,CE,Federal Contract Tower,0,1,5,23,29,0,0,19,0,19,0,1,24,23,48,0,0,0,48
02/17/2014,CWF,LA,ASW,CE,Federal Contract Tower,0,0,7,25,32,0,2,4,0,6,0,2,11,25,38,16,2,18,56
02/18/2014,CWF,LA,ASW,CE,Federal Contract Tower,2,0,14,6,22,0,2,2,2,6,2,2,16,8,28,0,0,0,28
02/19/2014,CWF,LA,ASW,CE,Federal Contract Tower,0,1,3,23,27,0,1,0,1,2,0,2,3,24,29,0,31,31,60
02/20/2014,CWF,LA,ASW,CE,Federal Contract Tower,0,6,5,4,15,0,0,0,2,2,0,6,5,6,17,16,0,16,33
02/21/2014,CWF,LA,ASW,CE,Federal Contract Tower,0,3,4,18,25,0,1,17,11,29,0,4,21,29,54,0,4,4,58
02/22/2014,CWF,LA,ASW,CE,Federal Contract Tower,0,0,1,34,35,0,2,21,1,24,0,2,22,35,59,18,0,18,77
02/23/2014,CWF,LA,ASW,CE,Federal Contract Tower,0,1,3,2,6,0,0,0,0,0,0,1,3,2,6,0,0,0,6
02/24/2014,CWF,LA,ASW,CE,Federal Contract Tower,0,0,2,12,14,0,1,0,8,9,0,1,2,20,23,0,0,0,23
02/25/2014,CWF,LA,ASW,CE,Federal Contract Tower,0,0,8,4,12,0,0,0,0,0,0,0,8,4,12,0,0,0,12
02/26/2014,CWF,LA,ASW,CE,Federal Contract Tower,0,1,3,9,13,0,0,1,5,6,0,1,4,14,19,0,0,0,19
02/27/2014,CWF,LA,ASW,CE,Federal Contract Tower,5,0,2,82,89,0,0,8,3,11,5,0,10,85,100,2,30,32,132
02/28/2014,CWF,LA,ASW,CE,Federal Contract Tower,0,1,7,71,79,0,0,3,6,9,0,1,10,77,88,0,16,16,104
03/01/2014,CWF,LA,ASW,CE,Federal Contract Tower,0,2,0,20,22,0,0,0,5,5,0,2,0,25,27,0,0,0,27
03/02/2014,CWF,LA,ASW,CE,Federal Contract Tower,0,1,3,20,24,0,0,3,1,4,0,1,6,21,28,0,6,6,34
03/03/2014,CWF,LA,ASW,CE,Federal Contract Tower,0,2,3,12,17,0,1,2,0,3,0,3,5,12,20,0,6,6,26
03/04/2014,CWF,LA,ASW,CE,Federal Contract Tower,0,0,7,2,9,0,0,0,0,0,0,0,7,2,9,0,0,0,9
03/05/2014,CWF,LA,ASW,CE,Federal Contract Tower,0,0,17,24,41,0,0,0,0,0,0,0,17,24,41,0,0,0,41
03/06/2014,CWF,LA,ASW,CE,Federal Contract Tower,0,0,1,22,23,0,1,4,1,6,0,1,5,23,29,0,22,22,51
03/07/2014,CWF,LA,ASW,CE,Federal Contract Tower,0,0,9,40,49,0,1,6,13,20,0,1,15,53,69,10,10,20,89
03/08/2014,CWF,LA,ASW,CE,Federal Contract Tower,0,0,1,51,52,0,0,8,0,8,0,0,9,51,60,40,4,44,104
03/09/2014,CWF,LA,ASW,CE,Federal Contract Tower,0,0,9,2,11,0,0,4,2,6,0,0,13,4,17,20,6,26,43
03/10/2014,CWF,LA,ASW,CE,Federal Contract Tower,0,0,2,7,9,0,0,4,2,6,0,0,6,9,15,0,0,0,15
03/11/2014,CWF,LA,ASW,CE,Federal Contract Tower,1,0,9,10,20,0,1,2,2,5,1,1,11,12,25,8,0,8,33
03/12/2014,CWF,LA,ASW,CE,Federal Contract Tower,0,1,15,19,35,0,4,3,9,16,0,5,18,28,51,0,36,36,87
03/13/2014,CWF,LA,ASW,CE,Federal Contract Tower,0,0,5,20,25,0,2,19,2,23,0,2,24,22,48,16,6,22,70
03/14/2014,CWF,LA,ASW,CE,Federal Contract Tower,0,0,5,63,68,0,0,7,8,15,0,0,12,71,83,0,12,12,95
03/15/2014,CWF,LA,ASW,CE,Federal Contract Tower,0,0,2,20,22,0,0,3,4,7,0,0,5,24,29,0,10,10,39
03/16/2014,CWF,LA,ASW,CE,Federal Contract Tower,0,2,0,2,4,0,0,2,4,6,0,2,2,6,10,0,6,6,16
03/17/2014,CWF,LA,ASW,CE,Federal Contract Tower,0,2,6,9,17,0,2,5,3,10,0,4,11,12,27,0,6,6,33
03/18/2014,CWF,LA,ASW,CE,Federal Contract Tower,1,0,6,21,28,0,0,10,2,12,1,0,16,23,40,0,12,12,52
03/19/2014,CWF,LA,ASW,CE,Federal Contract Tower,0,3,3,22,28,0,1,2,6,9,0,4,5,28,37,0,10,10,47
03/20/2014,CWF,LA,ASW,CE,Federal Contract Tower,0,0,4,26,30,0,2,9,2,13,0,2,13,28,43,0,6,6,49
03/21/2014,CWF,LA,ASW,CE,Federal Contract Tower,1,3,5,48,57,0,0,0,5,5,1,3,5,53,62,0,18,18,80
03/22/2014,CWF,LA,ASW,CE,Federal Contract Tower,0,2,2,12,16,0,0,2,0,2,0,2,4,12,18,0,0,0,18
03/23/2014,CWF,LA,ASW,CE,Federal Contract Tower,0,0,0,7,7,0,0,0,0,0,0,0,0,7,7,0,0,0,7
03/24/2014,CWF,LA,ASW,CE,Federal Contract Tower,0,0,3,46,49,0,0,2,6,8,0,0,5,52,57,7,58,65,122
03/25/2014,CWF,LA,ASW,CE,Federal Contract Tower,0,0,6,36,42,0,1,8,5,14,0,1,14,41,56,0,60,60,116
03/26/2014,CWF,LA,ASW,CE,Federal Contract Tower,0,2,7,29,38,0,0,2,5,7,0,2,9,34,45,0,32,32,77
03/27/2014,CWF,LA,ASW,CE,Federal Contract Tower,0,5,5,25,35,0,2,1,1,4,0,7,6,26,39,0,14,14,53
03/28/2014,CWF,LA,ASW,CE,Federal Contract Tower,0,6,0,6,12,0,0,0,0,0,0,6,0,6,12,2,0,2,14
03/29/2014,CWF,LA,ASW,CE,Federal Contract Tower,0,0,1,28,29,0,0,1,12,13,0,0,2,40,42,0,14,14,56
03/30/2014,CWF,LA,ASW,CE,Federal Contract Tower,0,0,0,18,18,0,3,3,3,9,0,3,3,21,27,0,8,8,35
03/31/2014,CWF,LA,ASW,CE,Federal Contract Tower,1,0,3,27,31,0,2,0,6,8,1,2,3,33,39,20,30,50,89
04/01/2014,CWF,LA,ASW,CE,Federal Contract Tower,0,2,9,32,43,0,0,8,3,11,0,2,17,35,54,0,14,14,68
04/02/2014,CWF,LA,ASW,CE,Federal Contract Tower,1,18,12,32,63,0,0,2,2,4,1,18,14,34,67,0,6,6,73
04/03/2014,CWF,LA,ASW,CE,Federal Contract Tower,0,0,6,20,26,0,0,0,0,0,0,0,6,20,26,0,0,0,26
04/04/2014,CWF,LA,ASW,CE,Federal Contract Tower,0,2,4,36,42,0,2,5,9,16,0,4,9,45,58,0,12,12,70
04/05/2014,CWF,LA,ASW,CE,Federal Contract Tower,0,3,3,19,25,0,0,0,22,22,0,3,3,41,47,0,28,28,75
04/06/2014,CWF,LA,ASW,CE,Federal Contract Tower,0,0,4,0,4,0,0,0,0,0,0,0,4,0,4,0,0,0,4
04/07/2014,CWF,LA,ASW,CE,Federal Contract Tower,0,0,5,9,14,0,3,3,0,6,0,3,8,9,20,0,0,0,20
04/08/2014,CWF,LA,ASW,CE,Federal Contract Tower,0,2,14,31,47,0,1,4,7,12,0,3,18,38,59,4,38,42,101
04/09/2014,CWF,LA,ASW,CE,Federal Contract Tower,0,1,9,31,41,0,1,14,12,27,0,2,23,43,68,22,26,48,116
04/10/2014,CWF,LA,ASW,CE,Federal Contract Tower,0,0,5,13,18,0,1,4,8,13,0,1,9,21,31,6,0,6,37
04/11/2014,CWF,LA,ASW,CE,Federal Contract Tower,0,0,6,73,79,0,0,3,3,6,0,0,9,76,85,10,13,23,108
04/12/2014,CWF,LA,ASW,CE,Federal Contract Tower,0,0,4,17,21,0,1,5,5,11,0,1,9,22,32,0,30,30,62
04/13/2014,CWF,LA,ASW,CE,Federal Contract Tower,0,0,5,36,41,0,0,2,2,4,0,0,7,38,45,0,0,0,45
04/14/2014,CWF,LA,ASW,CE,Federal Contract Tower,0,0,0,0,0,0,2,3,0,5,0,2,3,0,5,0,0,0,5
04/15/2014,CWF,LA,ASW,CE,Federal Contract Tower,1,0,5,71,77,0,0,14,7,21,1,0,19,78,98,0,14,14,112
04/16/2014,CWF,LA,ASW,CE,Federal Contract Tower,2,0,13,41,56,0,3,18,5,26,2,3,31,46,82,46,32,78,160
04/17/2014,CWF,LA,ASW,CE,Federal Contract Tower,0,2,7,43,52,0,2,10,3,15,0,4,17,46,67,16,22,38,105
04/18/2014,CWF,LA,ASW,CE,Federal Contract Tower,0,1,3,27,31,0,0,5,3,8,0,1,8,30,39,0,15,15,54
04/19/2014,CWF,LA,ASW,CE,Federal Contract Tower,0,2,1,21,24,0,0,14,4,18,0,2,15,25,42,0,0,0,42
04/20/2014,CWF,LA,ASW,CE,Federal Contract Tower,0,1,1,0,2,0,1,0,0,1,0,2,1,0,3,0,0,0,3
04/21/2014,CWF,LA,ASW,CE,Federal Contract Tower,0,8,4,72,84,0,0,16,7,23,0,8,20,79,107,0,118,118,225
04/22/2014,CWF,LA,ASW,CE,Federal Contract Tower,0,3,13,14,30,0,0,17,3,20,0,3,30,17,50,0,14,14,64
04/23/2014,CWF,LA,ASW,CE,Federal Contract Tower,0,2,24,42,68,0,2,21,2,25,0,4,45,44,93,30,52,82,175
04/24/2014,CWF,LA,ASW,CE,Federal Contract Tower,0,3,6,33,42,0,1,7,2,10,0,4,13,35,52,0,38,38,90
04/25/2014,CWF,LA,ASW,CE,Federal Contract Tower,0,0,7,117,124,0,0,9,7,16,0,0,16,124,140,6,52,58,198
04/26/2014,CWF,LA,ASW,CE,Federal Contract Tower,0,0,0,34,34,0,0,8,4,12,0,0,8,38,46,18,0,18,64
04/27/2014,CWF,LA,ASW,CE,Federal Contract Tower,0,0,5,30,35,0,0,1,0,1,0,0,6,30,36,0,0,0,36
04/28/2014,CWF,LA,ASW,CE,Federal Contract Tower,0,1,7,31,39,0,2,5,0,7,0,3,12,31,46,0,6,6,52
04/29/2014,CWF,LA,ASW,CE,Federal Contract Tower,0,0,6,27,33,0,4,4,5,13,0,4,10,32,46,2,24,26,72
04/30/2014,CWF,LA,ASW,CE,Federal Contract Tower,1,2,13,48,64,0,2,13,2,17,1,4,26,50,81,8,24,32,113
05/01/2014,CWF,LA,ASW,CE,Federal Contract Tower,2,0,7,40,49,0,0,14,7,21,2,0,21,47,70,4,18,22,92
05/02/2014,CWF,LA,ASW,CE,Federal Contract Tower,0,3,0,75,78,0,2,18,4,24,0,5,18,79,102,0,10,10,112
05/03/2014,CWF,LA,ASW,CE,Federal Contract Tower,0,3,0,23,26,0,1,11,13,25,0,4,11,36,51,0,12,12,63
05/04/2014,CWF,LA,ASW,CE,Federal Contract Tower,0,0,4,20,24,0,0,2,0,2,0,0,6,20,26,0,0,0,26
05/05/2014,CWF,LA,ASW,CE,Federal Contract Tower,0,0,1,30,31,0,4,12,1,17,0,4,13,31,48,0,13,13,61
05/06/2014,CWF,LA,ASW,CE,Federal Contract Tower,0,0,15,28,43,0,0,13,4,17,0,0,28,32,60,12,4,16,76
05/07/2014,CWF,LA,ASW,CE,Federal Contract Tower,0,2,23,41,66,0,0,14,11,25,0,2,37,52,91,24,34,58,149
05/08/2014,CWF,LA,ASW,CE,Federal Contract Tower,0,0,14,27,41,0,2,6,3,11,0,2,20,30,52,0,20,20,72
05/09/2014,CWF,LA,ASW,CE,Federal Contract Tower,0,0,4,14,18,0,0,3,0,3,0,0,7,14,21,0,0,0,21
05/10/2014,CWF,LA,ASW,CE,Federal Contract Tower,0,0,0,6,6,0,0,0,0,0,0,0,0,6,6,0,0,0,6
05/11/2014,CWF,LA,ASW,CE,Federal Contract Tower,0,0,3,12,15,0,0,4,0,4,0,0,7,12,19,0,6,6,25
05/12/2014,CWF,LA,ASW,CE,Federal Contract Tower,0,0,11,6,17,0,0,3,0,3,0,0,14,6,20,3,0,3,23
05/13/2014,CWF,LA,ASW,CE,Federal Contract Tower,0,0,6,3,9,0,0,12,0,12,0,0,18,3,21,2,6,8,29
05/14/2014,CWF,LA,ASW,CE,Federal Contract Tower,0,1,5,16,22,0,0,4,4,8,0,1,9,20,30,0,0,0,30
05/15/2014,CWF,LA,ASW,CE,Federal Contract Tower,0,0,2,37,39,0,0,16,4,20,0,0,18,41,59,6,6,12,71
05/16/2014,CWF,LA,ASW,CE,Federal Contract Tower,0,0,6,35,41,0,0,20,12,32,0,0,26,47,73,0,20,20,93
05/17/2014,CWF,LA,ASW,CE,Federal Contract Tower,0,0,0,36,36,0,0,1,3,4,0,0,1,39,40,0,16,16,56
05/18/2014,CWF,LA,ASW,CE,Federal Contract Tower,0,0,1,10,11,0,0,6,2,8,0,0,7,12,19,0,6,6,25
05/19/2014,CWF,LA,ASW,CE,Federal Contract Tower,0,2,1,45,48,0,1,19,4,24,0,3,20,49,72,0,34,34,106
05/20/2014,CWF,LA,ASW,CE,Federal Contract Tower,0,0,11,30,41,0,2,14,1,17,0,2,25,31,58,0,6,6,64
05/21/2014,CWF,LA,ASW,CE,Federal Contract Tower,0,2,4,44,50,0,1,19,11,31,0,3,23,55,81,2,46,48,129
05/22/2014,CWF,LA,ASW,CE,Federal Contract Tower,0,0,6,19,25,0,1,9,3,13,0,1,15,22,38,0,16,16,54
05/23/2014,CWF,LA,ASW,CE,Federal Contract Tower,0,0,11,17,28,0,0,5,0,5,0,0,16,17,33,0,0,0,33
05/24/2014,CWF,LA,ASW,CE,Federal Contract Tower,0,0,4,3,7,0,0,0,1,1,0,0,4,4,8,4,0,4,12
05/25/2014,CWF,LA,ASW,CE,Federal Contract Tower,0,0,2,0,2,0,0,3,0,3,0,0,5,0,5,0,0,0,5
05/26/2014,CWF,LA,ASW,CE,Federal Contract Tower,0,0,4,0,4,0,2,6,0,8,0,2,10,0,12,0,0,0,12
05/27/2014,CWF,LA,ASW,CE,Federal Contract Tower,0,1,1,0,2,0,2,2,0,4,0,3,3,0,6,0,0,0,6
05/28/2014,CWF,LA,ASW,CE,Federal Contract Tower,0,0,5,2,7,0,0,6,0,6,0,0,11,2,13,0,0,0,13
05/29/2014,CWF,LA,ASW,CE,Federal Contract Tower,0,0,4,14,18,0,0,5,0,5,0,0,9,14,23,0,8,8,31
05/30/2014,CWF,LA,ASW,CE,Federal Contract Tower,0,0,2,23,25,0,0,10,0,10,0,0,12,23,35,0,6,6,41
05/31/2014,CWF,LA,ASW,CE,Federal Contract Tower,0,0,1,2,3,0,0,0,2,2,0,0,1,4,5,0,0,0,5
06/01/2014,CWF,LA,ASW,CE,Federal Contract Tower,0,0,2,2,4,0,1,1,0,2,0,1,3,2,6,0,0,0,6
06/02/2014,CWF,LA,ASW,CE,Federal Contract Tower,0,6,0,27,33,0,2,8,0,10,0,8,8,27,43,0,6,6,49
06/03/2014,CWF,LA,ASW,CE,Federal Contract Tower,0,0,4,24,28,0,0,12,0,12,0,0,16,24,40,2,8,10,50
06/04/2014,CWF,LA,ASW,CE,Federal Contract Tower,0,2,5,27,34,0,2,17,5,24,0,4,22,32,58,0,30,30,88
06/05/2014,CWF,LA,ASW,CE,Federal Contract Tower,0,0,6,14,20,0,2,16,1,19,0,2,22,15,39,0,0,0,39
06/06/2014,CWF,LA,ASW,CE,Federal Contract Tower,0,2,6,34,42,0,2,14,5,21,0,4,20,39,63,0,16,16,79
06/07/2014,CWF,LA,ASW,CE,Federal Contract Tower,1,0,4,8,13,0,0,14,0,14,1,0,18,8,27,0,0,0,27
06/08/2014,CWF,LA,ASW,CE,Federal Contract Tower,0,0,3,4,7,0,0,5,2,7,0,0,8,6,14,6,0,6,20
06/09/2014,CWF,LA,ASW,CE,Federal Contract Tower,0,1,2,5,8,0,3,8,11,22,0,4,10,16,30,4,0,4,34
06/10/2014,CWF,LA,ASW,CE,Federal Contract Tower,2,0,4,8,14,0,0,6,2,8,2,0,10,10,22,6,10,16,38
06/11/2014,CWF,LA,ASW,CE,Federal Contract Tower,2,3,4,59,68,0,0,23,7,30,2,3,27,66,98,0,66,66,164
06/12/2014,CWF,LA,ASW,CE,Federal Contract Tower,0,0,13,39,52,0,0,7,2,9,0,0,20,41,61,0,34,34,95
06/13/2014,CWF,LA,ASW,CE,Federal Contract Tower,0,2,7,5,14,0,0,3,0,3,0,2,10,5,17,0,0,0,17
06/14/2014,CWF,LA,ASW,CE,Federal Contract Tower,0,0,3,3,6,0,0,5,3,8,0,0,8,6,14,0,12,12,26
06/15/2014,CWF,LA,ASW,CE,Federal Contract Tower,0,0,4,3,7,0,0,8,1,9,0,0,12,4,16,0,10,10,26
06/16/2014,CWF,LA,ASW,CE,Federal Contract Tower,0,2,1,29,32,0,3,13,0,16,0,5,14,29,48,0,22,22,70
06/17/2014,CWF,LA,ASW,CE,Federal Contract Tower,0,0,2,22,24,0,0,13,7,20,0,0,15,29,44,4,16,20,64
06/18/2014,CWF,LA,ASW,CE,Federal Contract Tower,0,3,2,45,50,0,0,14,7,21,0,3,16,52,71,0,20,20,91
06/19/2014,CWF,LA,ASW,CE,Federal Contract Tower,0,0,8,28,36,0,2,14,4,20,0,2,22,32,56,0,4,4,60
06/20/2014,CWF,LA,ASW,CE,Federal Contract Tower,0,0,4,34,38,0,0,15,5,20,0,0,19,39,58,0,10,10,68
06/21/2014,CWF,LA,ASW,CE,Federal Contract Tower,0,0,1,31,32,0,0,10,5,15,0,0,11,36,47,0,35,35,82
06/22/2014,CWF,LA,ASW,CE,Federal Contract Tower,0,0,5,12,17,0,0,2,2,4,0,0,7,14,21,0,8,8,29
06/23/2014,CWF,LA,ASW,CE,Federal Contract Tower,0,2,11,20,33,0,0,11,2,13,0,2,22,22,46,3,4,7,53
06/24/2014,CWF,LA,ASW,CE,Federal Contract Tower,1,0,7,18,26,0,0,4,3,7,1,0,11,21,33,12,0,12,45
06/25/2014,CWF,LA,ASW,CE,Federal Contract Tower,0,2,6,3,11,0,0,2,0,2,0,2,8,3,13,0,0,0,13
06/26/2014,CWF,LA,ASW,CE,Federal Contract Tower,0,2,13,13,28,0,2,7,1,10,0,4,20,14,38,12,12,24,62
06/27/2014,CWF,LA,ASW,CE,Federal Contract Tower,0,0,2,16,18,0,0,1,0,1,0,0,3,16,19,0,8,8,27
06/28/2014,CWF,LA,ASW,CE,Federal Contract Tower,0,0,0,8,8,0,0,3,0,3,0,0,3,8,11,0,6,6,17
06/29/2014,CWF,LA,ASW,CE,Federal Contract Tower,0,2,8,52,62,0,0,7,3,10,0,2,15,55,72,0,4,4,76
06/30/2014,CWF,LA,ASW,CE,Federal Contract Tower,0,0,1,37,38,0,0,7,0,7,0,0,8,37,45,16,18,34,79
07/01/2014,CWF,LA,ASW,CE,Federal Contract Tower,0,0,8,41,49,0,3,6,0,9,0,3,14,41,58,0,0,0,58
07/02/2014,CWF,LA,ASW,CE,Federal Contract Tower,0,0,0,28,28,0,4,9,2,15,0,4,9,30,43,10,34,44,87
07/03/2014,CWF,LA,ASW,CE,Federal Contract Tower,0,2,8,2,12,0,0,16,1,17,0,2,24,3,29,4,0,4,33
07/04/2014,CWF,LA,ASW,CE,Federal Contract Tower,0,0,1,0,1,0,0,6,0,6,0,0,7,0,7,0,0,0,7
07/05/2014,CWF,LA,ASW,CE,Federal Contract Tower,0,0,1,0,1,0,0,5,0,5,0,0,6,0,6,0,0,0,6
07/06/2014,CWF,LA,ASW,CE,Federal Contract Tower,0,0,7,2,9,0,0,3,1,4,0,0,10,3,13,0,8,8,21
07/07/2014,CWF,LA,ASW,CE,Federal Contract Tower,0,0,0,10,10,0,2,2,2,6,0,2,2,12,16,0,0,0,16
07/08/2014,CWF,LA,ASW,CE,Federal Contract Tower,0,1,5,7,13,0,2,10,12,24,0,3,15,19,37,0,0,0,37
07/09/2014,CWF,LA,ASW,CE,Federal Contract Tower,0,2,3,32,37,0,0,13,6,19,0,2,16,38,56,4,14,18,74
07/10/2014,CWF,LA,ASW,CE,Federal Contract Tower,0,0,2,10,12,0,0,11,3,14,0,0,13,13,26,0,16,16,42
07/11/2014,CWF,LA,ASW,CE,Federal Contract Tower,0,0,10,21,31,0,0,8,3,11,0,0,18,24,42,4,10,14,56
07/12/2014,CWF,LA,ASW,CE,Federal Contract Tower,0,5,2,35,42,0,0,4,1,5,0,5,6,36,47,16,20,36,83
07/13/2014,CWF,LA,ASW,CE,Federal Contract Tower,0,0,0,12,12,0,0,4,1,5,0,0,4,13,17,0,0,0,17
07/14/2014,CWF,LA,ASW,CE,Federal Contract Tower,0,0,4,16,20,0,0,9,3,12,0,0,13,19,32,20,12,32,64
07/15/2014,CWF,LA,ASW,CE,Federal Contract Tower,0,0,10,15,25,0,0,7,0,7,0,0,17,15,32,0,6,6,38
07/16/2014,CWF,LA,ASW,CE,Federal Contract Tower,0,2,14,39,55,0,0,11,4,15,0,2,25,43,70,12,58,70,140
07/17/2014,CWF,LA,ASW,CE,Federal Contract Tower,0,0,6,3,9,0,1,12,6,19,0,1,18,9,28,2,2,4,32
07/18/2014,CWF,LA,ASW,CE,Federal Contract Tower,0,0,4,22,26,0,1,1,0,2,0,1,5,22,28,0,6,6,34
07/19/2014,CWF,LA,ASW,CE,Federal Contract Tower,0,0,1,1,2,0,0,1,1,2,0,0,2,2,4,0,0,0,4
07/20/2014,CWF,LA,ASW,CE,Federal Contract Tower,0,0,1,4,5,0,0,2,0,2,0,0,3,4,7,0,0,0,7
07/21/2014,CWF,LA,ASW,CE,Federal Contract Tower,0,4,10,14,28,0,2,14,0,16,0,6,24,14,44,22,0,22,66
07/22/2014,CWF,LA,ASW,CE,Federal Contract Tower,0,0,5,24,29,0,4,6,0,10,0,4,11,24,39,52,8,60,99
07/23/2014,CWF,LA,ASW,CE,Federal Contract Tower,0,0,10,29,39,0,3,10,2,15,0,3,20,31,54,0,6,6,60
07/24/2014,CWF,LA,ASW,CE,Federal Contract Tower,0,2,19,25,46,0,3,8,1,12,0,5,27,26,58,6,32,38,96
07/25/2014,CWF,LA,ASW,CE,Federal Contract Tower,0,0,1,94,95,0,0,18,1,19,0,0,19,95,114,14,66,80,194
07/26/2014,CWF,LA,ASW,CE,Federal Contract Tower,0,0,1,14,15,0,0,13,0,13,0,0,14,14,28,4,0,4,32
07/27/2014,CWF,LA,ASW,CE,Federal Contract Tower,0,4,5,23,32,0,0,5,1,6,0,4,10,24,38,10,12,22,60
07/28/2014,CWF,LA,ASW,CE,Federal Contract Tower,0,0,7,29,36,0,1,13,0,14,0,1,20,29,50,0,31,31,81
07/29/2014,CWF,LA,ASW,CE,Federal Contract Tower,0,1,11,20,32,0,4,26,4,34,0,5,37,24,66,0,78,78,144
07/30/2014,CWF,LA,ASW,CE,Federal Contract Tower,1,3,9,22,35,0,4,20,5,29,1,7,29,27,64,8,6,14,78
07/31/2014,CWF,LA,ASW,CE,Federal Contract Tower,0,0,9,20,29,0,0,8,4,12,0,0,17,24,41,0,6,6,47
08/01/2014,CWF,LA,ASW,CE,Federal Contract Tower,0,0,3,17,20,0,0,5,0,5,0,0,8,17,25,0,22,22,47
08/02/2014,CWF,LA,ASW,CE,Federal Contract Tower,0,0,3,11,14,0,0,2,2,4,0,0,5,13,18,0,6,6,24
08/03/2014,CWF,LA,ASW,CE,Federal Contract Tower,0,0,3,12,15,0,0,2,1,3,0,0,5,13,18,0,0,0,18
08/04/2014,CWF,LA,ASW,CE,Federal Contract Tower,0,0,4,19,23,0,8,10,0,18,0,8,14,19,41,0,29,29,70
08/05/2014,CWF,LA,ASW,CE,Federal Contract Tower,0,0,6,30,36,0,0,7,1,8,0,0,13,31,44,4,20,24,68
08/06/2014,CWF,LA,ASW,CE,Federal Contract Tower,0,2,8,24,34,0,0,7,4,11,0,2,15,28,45,2,12,14,59
08/07/2014,CWF,LA,ASW,CE,Federal Contract Tower,0,2,16,16,34,0,2,14,2,18,0,4,30,18,52,6,10,16,68
08/08/2014,CWF,LA,ASW,CE,Federal Contract Tower,0,2,15,83,100,0,0,4,8,12,0,2,19,91,112,2,72,74,186
08/09/2014,CWF,LA,ASW,CE,Federal Contract Tower,0,0,5,39,44,0,0,1,12,13,0,0,6,51,57,0,68,68,125
08/10/2014,CWF,LA,ASW,CE,Federal Contract Tower,0,0,1,14,15,0,0,2,3,5,0,0,3,17,20,0,20,20,40
08/11/2014,CWF,LA,ASW,CE,Federal Contract Tower,0,1,3,49,53,0,2,15,0,17,0,3,18,49,70,0,74,74,144
08/12/2014,CWF,LA,ASW,CE,Federal Contract Tower,0,2,7,34,43,0,4,13,1,18,0,6,20,35,61,0,8,8,69
08/13/2014,CWF,LA,ASW,CE,Federal Contract Tower,0,0,11,8,19,0,3,19,6,28,0,3,30,14,47,10,0,10,57
08/14/2014,CWF,LA,ASW,CE,Federal Contract Tower,0,0,14,21,35,0,2,11,4,17,0,2,25,25,52,4,58,62,114
08/15/2014,CWF,LA,ASW,CE,Federal Contract Tower,0,0,5,101,106,0,0,8,9,17,0,0,13,110,123,12,34,46,169
08/16/2014,CWF,LA,ASW,CE,Federal Contract Tower,0,0,0,18,18,0,0,9,7,16,0,0,9,25,34,18,2,20,54
08/17/2014,CWF,LA,ASW,CE,Federal Contract Tower,0,0,1,14,15,0,0,4,2,6,0,0,5,16,21,0,0,0,21
08/18/2014,CWF,LA,ASW,CE,Federal Contract Tower,0,0,0,17,17,0,4,7,0,11,0,4,7,17,28,0,0,0,28
08/19/2014,CWF,LA,ASW,CE,Federal Contract Tower,2,0,16,16,34,0,3,6,3,12,2,3,22,19,46,0,18,18,64
08/20/2014,CWF,LA,ASW,CE,Federal Contract Tower,1,2,11,13,27,0,5,9,3,17,1,7,20,16,44,0,0,0,44
08/21/2014,CWF,LA,ASW,CE,Federal Contract Tower,0,0,6,20,26,0,0,11,2,13,0,0,17,22,39,0,20,20,59
08/22/2014,CWF,LA,ASW,CE,Federal Contract Tower,0,0,19,96,115,0,0,16,8,24,0,0,35,104,139,38,34,72,211
08/23/2014,CWF,LA,ASW,CE,Federal Contract Tower,0,1,2,19,22,0,0,4,2,6,0,1,6,21,28,0,5,5,33
08/24/2014,CWF,LA,ASW,CE,Federal Contract Tower,0,0,4,21,25,0,0,3,8,11,0,0,7,29,36,0,5,5,41
08/25/2014,CWF,LA,ASW,CE,Federal Contract Tower,0,0,9,17,26,0,3,4,0,7,0,3,13,17,33,0,18,18,51
08/26/2014,CWF,LA,ASW,CE,Federal Contract Tower,0,4,5,21,30,0,6,24,0,30,0,10,29,21,60,0,14,14,74
08/27/2014,CWF,LA,ASW,CE,Federal Contract Tower,0,1,4,13,18,0,2,15,8,25,0,3,19,21,43,8,2,10,53
08/28/2014,CWF,LA,ASW,CE,Federal Contract Tower,0,2,4,23,29,0,0,9,3,12,0,2,13,26,41,26,16,42,83
08/29/2014,CWF,LA,ASW,CE,Federal Contract Tower,0,0,1,10,11,0,0,2,1,3,0,0,3,11,14,0,6,6,20
08/30/2014,CWF,LA,ASW,CE,Federal Contract Tower,0,1,3,2,6,0,0,0,0,0,0,1,3,2,6,0,0,0,6
08/31/2014,CWF,LA,ASW,CE,Federal Contract Tower,0,1,3,0,4,0,0,2,0,2,0,1,5,0,6,0,0,0,6
09/01/2014,CWF,LA,ASW,CE,Federal Contract Tower,0,0,1,0,1,0,0,2,2,4,0,0,3,2,5,0,0,0,5
09/02/2014,CWF,LA,ASW,CE,Federal Contract Tower,0,0,1,27,28,0,2,5,0,7,0,2,6,27,35,0,16,16,51
09/03/2014,CWF,LA,ASW,CE,Federal Contract Tower,0,6,6,27,39,0,1,5,1,7,0,7,11,28,46,2,42,44,90
09/04/2014,CWF,LA,ASW,CE,Federal Contract Tower,0,1,8,15,24,0,4,8,0,12,0,5,16,15,36,10,0,10,46
09/05/2014,CWF,LA,ASW,CE,Federal Contract Tower,2,2,8,33,45,0,0,11,1,12,2,2,19,34,57,0,22,22,79
09/06/2014,CWF,LA,ASW,CE,Federal Contract Tower,3,1,3,38,45,0,0,7,6,13,3,1,10,44,58,0,24,24,82
09/07/2014,CWF,LA,ASW,CE,Federal Contract Tower,0,2,4,11,17,0,0,7,0,7,0,2,11,11,24,0,12,12,36
09/08/2014,CWF,LA,ASW,CE,Federal Contract Tower,0,4,5,45,54,0,4,15,4,23,0,8,20,49,77,0,42,42,119
09/09/2014,CWF,LA,ASW,CE,Federal Contract Tower,0,0,7,2,9,0,1,8,0,9,0,1,15,2,18,10,0,10,28
09/10/2014,CWF,LA,ASW,CE,Federal Contract Tower,0,0,7,73,80,0,0,13,5,18,0,0,20,78,98,4,50,54,152
09/11/2014,CWF,LA,ASW,CE,Federal Contract Tower,0,0,18,17,35,0,0,10,8,18,0,0,28,25,53,18,32,50,103
09/12/2014,CWF,LA,ASW,CE,Federal Contract Tower,0,1,11,12,24,0,0,5,4,9,0,1,16,16,33,8,28,36,69
09/13/2014,CWF,LA,ASW,CE,Federal Contract Tower,0,1,2,11,14,0,0,0,0,0,0,1,2,11,14,0,0,0,14
09/14/2014,CWF,LA,ASW,CE,Federal Contract Tower,1,0,0,13,14,0,0,0,1,1,1,0,0,14,15,0,20,20,35
09/15/2014,CWF,LA,ASW,CE,Federal Contract Tower,1,0,5,19,25,0,1,11,2,14,1,1,16,21,39,0,33,33,72
09/16/2014,CWF,LA,ASW,CE,Federal Contract Tower,0,0,5,26,31,0,2,4,1,7,0,2,9,27,38,8,16,24,62
09/17/2014,CWF,LA,ASW,CE,Federal Contract Tower,0,2,6,24,32,0,4,3,6,13,0,6,9,30,45,0,10,10,55
09/18/2014,CWF,LA,ASW,CE,Federal Contract Tower,0,2,18,6,26,0,1,3,0,4,0,3,21,6,30,8,0,8,38
09/19/2014,CWF,LA,ASW,CE,Federal Contract Tower,0,0,1,45,46,0,0,8,2,10,0,0,9,47,56,0,16,16,72
09/20/2014,CWF,LA,ASW,CE,Federal Contract Tower,0,0,0,34,34,0,0,0,7,7,0,0,0,41,41,0,52,52,93
09/21/2014,CWF,LA,ASW,CE,Federal Contract Tower,0,0,3,17,20,0,0,2,0,2,0,0,5,17,22,0,15,15,37
09/22/2014,CWF,LA,ASW,CE,Federal Contract Tower,0,2,8,43,53,0,0,21,4,25,0,2,29,47,78,10,40,50,128
09/23/2014,CWF,LA,ASW,CE,Federal Contract Tower,0,1,7,40,48,0,2,10,0,12,0,3,17,40,60,0,26,26,86
09/24/2014,CWF,LA,ASW,CE,Federal Contract Tower,1,2,6,32,41,0,1,12,2,15,1,3,18,34,56,0,24,24,80
09/25/2014,CWF,LA,ASW,CE,Federal Contract Tower,1,0,4,8,13,0,2,24,1,27,1,2,28,9,40,12,4,16,56
09/26/2014,CWF,LA,ASW,CE,Federal Contract Tower,0,2,7,42,51,0,0,8,9,17,0,2,15,51,68,0,66,66,134
09/27/2014,CWF,LA,ASW,CE,Federal Contract Tower,0,0,1,24,25,0,0,2,9,11,0,0,3,33,36,10,0,10,46
09/28/2014,CWF,LA,ASW,CE,Federal Contract Tower,0,0,4,3,7,0,0,0,0,0,0,0,4,3,7,0,4,4,11
09/29/2014,CWF,LA,ASW,CE,Federal Contract Tower,0,0,8,10,18,0,2,11,1,14,0,2,19,11,32,0,0,0,32
09/30/2014,CWF,LA,ASW,CE,Federal Contract Tower,0,0,12,23,35,0,3,18,1,22,0,3,30,24,57,0,47,47,104
10/01/2014,CWF,LA,ASW,CE,Federal Contract Tower,0,4,5,12,21,0,2,9,0,11,0,6,14,12,32,0,12,12,44
10/02/2014,CWF,LA,ASW,CE,Federal Contract Tower,0,1,5,27,33,0,1,10,1,12,0,2,15,28,45,2,2,4,49
10/03/2014,CWF,LA,ASW,CE,Federal Contract Tower,0,0,7,25,32,0,1,8,8,17,0,1,15,33,49,0,10,10,59
10/04/2014,CWF,LA,ASW,CE,Federal Contract Tower,2,2,7,2,13,0,0,18,0,18,2,2,25,2,31,12,0,12,43
10/05/2014,CWF,LA,ASW,CE,Federal Contract Tower,0,0,5,20,25,0,0,10,2,12,0,0,15,22,37,0,0,0,37
10/06/2014,CWF,LA,ASW,CE,Federal Contract Tower,0,1,1,4,6,0,2,15,0,17,0,3,16,4,23,0,0,0,23
10/07/2014,CWF,LA,ASW,CE,Federal Contract Tower,1,1,5,64,71,0,7,28,5,40,1,8,33,69,111,14,32,46,157
10/08/2014,CWF,LA,ASW,CE,Federal Contract Tower,1,2,5,33,41,0,0,6,1,7,1,2,11,34,48,12,28,40,88
10/09/2014,CWF,LA,ASW,CE,Federal Contract Tower,0,2,6,12,20,0,0,12,0,12,0,2,18,12,32,10,2,12,44
10/10/2014,CWF,LA,ASW,CE,Federal Contract Tower,0,0,7,13,20,0,0,3,1,4,0,0,10,14,24,4,2,6,30
10/11/2014,CWF,LA,ASW,CE,Federal Contract Tower,0,0,2,0,2,0,0,0,2,2,0,0,2,2,4,0,0,0,4
10/12/2014,CWF,LA,ASW,CE,Federal Contract Tower,0,0,4,4,8,0,0,0,0,0,0,0,4,4,8,0,0,0,8
10/13/2014,CWF,LA,ASW,CE,Federal Contract Tower,0,0,0,2,2,0,0,4,0,4,0,0,4,2,6,0,0,0,6
10/14/2014,CWF,LA,ASW,CE,Federal Contract Tower,0,2,3,27,32,0,0,9,4,13,0,2,12,31,45,0,10,10,55
10/15/2014,CWF,LA,ASW,CE,Federal Contract Tower,2,2,18,33,55,0,2,14,7,23,2,4,32,40,78,34,22,56,134
10/16/2014,CWF,LA,ASW,CE,Federal Contract Tower,0,1,2,23,26,0,0,9,4,13,0,1,11,27,39,10,4,14,53
10/17/2014,CWF,LA,ASW,CE,Federal Contract Tower,0,7,4,62,73,0,0,6,12,18,0,7,10,74,91,0,24,24,115
10/18/2014,CWF,LA,ASW,CE,Federal Contract Tower,1,0,2,26,29,0,0,8,11,19,1,0,10,37,48,0,0,0,48
10/19/2014,CWF,LA,ASW,CE,Federal Contract Tower,1,0,3,8,12,0,0,0,2,2,1,0,3,10,14,0,2,2,16
10/20/2014,CWF,LA,ASW,CE,Federal Contract Tower,0,0,8,36,44,0,2,18,2,22,0,2,26,38,66,0,34,34,100
10/21/2014,CWF,LA,ASW,CE,Federal Contract Tower,0,0,4,41,45,0,3,13,2,18,0,3,17,43,63,6,48,54,117
10/22/2014,CWF,LA,ASW,CE,Federal Contract Tower,0,0,5,40,45,0,1,15,5,21,0,1,20,45,66,0,42,42,108
10/23/2014,CWF,LA,ASW,CE,Federal Contract Tower,0,0,6,42,48,0,1,19,4,24,0,1,25,46,72,18,14,32,104
10/24/2014,CWF,LA,ASW,CE,Federal Contract Tower,2,2,5,70,79,0,3,2,4,9,2,5,7,74,88,16,34,50,138
10/25/2014,CWF,LA,ASW,CE,Federal Contract Tower,0,2,0,25,27,0,0,4,6,10,0,2,4,31,37,0,22,22,59
10/26/2014,CWF,LA,ASW,CE,Federal Contract Tower,1,0,6,30,37,0,2,2,0,4,1,2,8,30,41,0,0,0,41
10/27/2014,CWF,LA,ASW,CE,Federal Contract Tower,0,5,17,53,75,0,0,10,3,13,0,5,27,56,88,0,42,42,130
10/28/2014,CWF,LA,ASW,CE,Federal Contract Tower,0,0,5,12,17,0,2,12,0,14,0,2,17,12,31,0,0,0,31
10/29/2014,CWF,LA,ASW,CE,Federal Contract Tower,0,2,3,35,40,0,5,2,0,7,0,7,5,35,47,0,38,38,85
10/30/2014,CWF,LA,ASW,CE,Federal Contract Tower,0,0,10,39,49,0,2,11,13,26,0,2,21,52,75,8,28,36,111
10/31/2014,CWF,LA,ASW,CE,Federal Contract Tower,2,5,1,22,30,0,1,11,0,12,2,6,12,22,42,4,10,14,56
11/01/2014,CWF,LA,ASW,CE,Federal Contract Tower,0,0,0,4,4,0,0,4,0,4,0,0,4,4,8,0,0,0,8
11/02/2014,CWF,LA,ASW,CE,Federal Contract Tower,0,0,7,4,11,0,0,1,0,1,0,0,8,4,12,0,0,0,12
11/03/2014,CWF,LA,ASW,CE,Federal Contract Tower,2,0,4,44,50,0,4,10,3,17,2,4,14,47,67,0,32,32,99
11/04/2014,CWF,LA,ASW,CE,Federal Contract Tower,0,0,9,56,65,0,2,5,0,7,0,2,14,56,72,4,22,26,98
11/05/2014,CWF,LA,ASW,CE,Federal Contract Tower,0,3,18,24,45,0,0,5,2,7,0,3,23,26,52,2,10,12,64
11/06/2014,CWF,LA,ASW,CE,Federal Contract Tower,0,0,9,20,29,0,0,0,3,3,0,0,9,23,32,0,6,6,38
11/07/2014,CWF,LA,ASW,CE,Federal Contract Tower,0,2,4,12,18,0,1,4,9,14,0,3,8,21,32,0,23,23,55
11/08/2014,CWF,LA,ASW,CE,Federal Contract Tower,0,0,0,3,3,0,0,2,2,4,0,0,2,5,7,0,0,0,7
11/09/2014,CWF,LA,ASW,CE,Federal Contract Tower,0,0,0,17,17,0,1,15,3,19,0,1,15,20,36,0,24,24,60
11/10/2014,CWF,LA,ASW,CE,Federal Contract Tower,2,0,13,21,36,0,2,8,2,12,2,2,21,23,48,0,34,34,82
11/11/2014,CWF,LA,ASW,CE,Federal Contract Tower,0,2,9,0,11,0,1,5,0,6,0,3,14,0,17,0,0,0,17
11/12/2014,CWF,LA,ASW,CE,Federal Contract Tower,0,0,4,11,15,0,4,3,1,8,0,4,7,12,23,0,4,4,27
11/13/2014,CWF,LA,ASW,CE,Federal Contract Tower,0,0,2,19,21,0,0,5,5,10,0,0,7,24,31,0,8,8,39
11/14/2014,CWF,LA,ASW,CE,Federal Contract Tower,2,1,3,39,45,0,0,11,10,21,2,1,14,49,66,0,16,16,82
11/15/2014,CWF,LA,ASW,CE,Federal Contract Tower,0,2,8,11,21,0,0,4,1,5,0,2,12,12,26,10,4,14,40
11/16/2014,CWF,LA,ASW,CE,Federal Contract Tower,0,0,6,2,8,0,0,0,0,0,0,0,6,2,8,0,0,0,8
11/17/2014,CWF,LA,ASW,CE,Federal Contract Tower,2,1,11,44,58,0,0,3,6,9,2,1,14,50,67,0,28,28,95
11/18/2014,CWF,LA,ASW,CE,Federal Contract Tower,0,0,1,8,9,0,2,2,3,7,0,2,3,11,16,0,3,3,19
11/19/2014,CWF,LA,ASW,CE,Federal Contract Tower,0,2,18,21,41,0,5,13,2,20,0,7,31,23,61,8,8,16,77
11/20/2014,CWF,LA,ASW,CE,Federal Contract Tower,2,0,13,35,50,0,1,5,3,9,2,1,18,38,59,4,54,58,117
11/21/2014,CWF,LA,ASW,CE,Federal Contract Tower,0,1,13,30,44,0,0,6,15,21,0,1,19,45,65,0,40,40,105
11/22/2014,CWF,LA,ASW,CE,Federal Contract Tower,0,0,6,2,8,0,1,1,6,8,0,1,7,8,16,0,0,0,16
11/23/2014,CWF,LA,ASW,CE,Federal Contract Tower,0,1,5,7,13,0,0,7,5,12,0,1,12,12,25,4,0,4,29
11/24/2014,CWF,LA,ASW,CE,Federal Contract Tower,0,0,8,59,67,0,8,14,7,29,0,8,22,66,96,0,50,50,146
11/25/2014,CWF,LA,ASW,CE,Federal Contract Tower,0,0,4,36,40,0,3,10,10,23,0,3,14,46,63,0,74,74,137
11/26/2014,CWF,LA,ASW,CE,Federal Contract Tower,0,0,13,4,17,0,0,11,2,13,0,0,24,6,30,0,14,14,44
11/27/2014,CWF,LA,ASW,CE,Federal Contract Tower,0,0,0,0,0,0,0,1,0,1,0,0,1,0,1,0,0,0,1
11/28/2014,CWF,LA,ASW,CE,Federal Contract Tower,0,0,1,0,1,0,0,9,0,9,0,0,10,0,10,0,0,0,10
11/29/2014,CWF,LA,ASW,CE,Federal Contract Tower,0,1,1,0,2,0,0,8,0,8,0,1,9,0,10,0,0,0,10
11/30/2014,CWF,LA,ASW,CE,Federal Contract Tower,1,0,5,0,6,0,0,2,0,2,1,0,7,0,8,0,0,0,8
12/01/2014,CWF,LA,ASW,CE,Federal Contract Tower,2,3,0,21,26,0,2,0,0,2,2,5,0,21,28,0,6,6,34
12/02/2014,CWF,LA,ASW,CE,Federal Contract Tower,2,0,16,30,48,0,0,0,0,0,2,0,16,30,48,0,0,0,48
12/03/2014,CWF,LA,ASW,CE,Federal Contract Tower,1,3,8,25,37,0,2,9,0,11,1,5,17,25,48,0,24,24,72
12/04/2014,CWF,LA,ASW,CE,Federal Contract Tower,0,3,25,27,55,0,0,2,6,8,0,3,27,33,63,0,6,6,69
12/05/2014,CWF,LA,ASW,CE,Federal Contract Tower,0,0,19,44,63,0,1,0,3,4,0,1,19,47,67,0,18,18,85
12/06/2014,CWF,LA,ASW,CE,Federal Contract Tower,0,0,4,10,14,0,0,6,0,6,0,0,10,10,20,6,6,12,32
12/07/2014,CWF,LA,ASW,CE,Federal Contract Tower,0,0,4,2,6,0,0,2,6,8,0,0,6,8,14,0,0,0,14
12/08/2014,CWF,LA,ASW,CE,Federal Contract Tower,0,0,20,22,42,0,2,15,5,22,0,2,35,27,64,14,39,53,117
12/09/2014,CWF,LA,ASW,CE,Federal Contract Tower,0,0,12,30,42,0,5,7,2,14,0,5,19,32,56,30,40,70,126
12/10/2014,CWF,LA,ASW,CE,Federal Contract Tower,0,2,7,14,23,0,6,13,3,22,0,8,20,17,45,30,12,42,87
12/11/2014,CWF,LA,ASW,CE,Federal Contract Tower,1,1,4,17,23,0,2,10,1,13,1,3,14,18,36,0,40,40,76
12/12/2014,CWF,LA,ASW,CE,Federal Contract Tower,0,0,7,27,34,0,0,14,1,15,0,0,21,28,49,0,48,48,97
12/13/2014,CWF,LA,ASW,CE,Federal Contract Tower,2,0,5,52,59,0,4,6,10,20,2,4,11,62,79,0,106,106,185
12/14/2014,CWF,LA,ASW,CE,Federal Contract Tower,0,0,4,19,23,0,1,5,3,9,0,1,9,22,32,0,6,6,38
12/15/2014,CWF,LA,ASW,CE,Federal Contract Tower,0,0,1,20,21,0,2,9,0,11,0,2,10,20,32,6,0,6,38
12/16/2014,CWF,LA,ASW,CE,Federal Contract Tower,0,2,7,31,40,0,0,8,9,17,0,2,15,40,57,34,47,81,138
12/17/2014,CWF,LA,ASW,CE,Federal Contract Tower,0,0,5,33,38,0,0,3,8,11,0,0,8,41,49,12,76,88,137
12/18/2014,CWF,LA,ASW,CE,Federal Contract Tower,2,0,5,15,22,0,2,2,0,4,2,2,7,15,26,0,0,0,26
12/19/2014,CWF,LA,ASW,CE,Federal Contract Tower,0,3,6,3,12,0,0,0,0,0,0,3,6,3,12,0,0,0,12
12/20/2014,CWF,LA,ASW,CE,Federal Contract Tower,0,1,8,11,20,0,0,5,0,5,0,1,13,11,25,0,0,0,25
12/21/2014,CWF,LA,ASW,CE,Federal Contract Tower,0,1,5,1,7,0,0,3,0,3,0,1,8,1,10,0,0,0,10
12/22/2014,CWF,LA,ASW,CE,Federal Contract Tower,2,0,2,2,6,0,1,3,0,4,2,1,5,2,10,0,0,0,10
12/23/2014,CWF,LA,ASW,CE,Federal Contract Tower,0,0,1,0,1,0,0,1,0,1,0,0,2,0,2,0,0,0,2
12/24/2014,CWF,LA,ASW,CE,Federal Contract Tower,0,4,4,0,8,0,3,2,0,5,0,7,6,0,13,0,0,0,13
12/25/2014,CWF,LA,ASW,CE,Federal Contract Tower,0,0,1,0,1,0,2,0,0,2,0,2,1,0,3,0,0,0,3
12/26/2014,CWF,LA,ASW,CE,Federal Contract Tower,0,0,4,0,4,0,0,0,0,0,0,0,4,0,4,0,0,0,4
12/27/2014,CWF,LA,ASW,CE,Federal Contract Tower,0,0,1,0,1,0,0,0,0,0,0,0,1,0,1,0,0,0,1
12/28/2014,CWF,LA,ASW,CE,Federal Contract Tower,0,0,0,0,0,0,0,0,0,0,0,0,0,0,0,0,0,0,0
12/29/2014,CWF,LA,ASW,CE,Federal Contract Tower,0,2,5,3,10,0,0,0,0,0,0,2,5,3,10,0,0,0,10
12/30/2014,CWF,LA,ASW,CE,Federal Contract Tower,0,0,16,15,31,0,1,3,0,4,0,1,19,15,35,0,0,0,35
12/31/2014,CWF,LA,ASW,CE,Federal Contract Tower,0,0,5,8,13,0,0,10,1,11,0,0,15,9,24,0,22,22,46
01/01/2015,CWF,LA,ASW,CE,Federal Contract Tower,0,0,1,0,1,0,0,0,0,0,0,0,1,0,1,10,0,10,11
01/02/2015,CWF,LA,ASW,CE,Federal Contract Tower,0,0,9,2,11,0,0,0,0,0,0,0,9,2,11,0,0,0,11
01/03/2015,CWF,LA,ASW,CE,Federal Contract Tower,1,0,4,0,5,0,0,0,0,0,1,0,4,0,5,0,0,0,5
01/04/2015,CWF,LA,ASW,CE,Federal Contract Tower,0,0,2,0,2,0,0,1,0,1,0,0,3,0,3,0,0,0,3
01/05/2015,CWF,LA,ASW,CE,Federal Contract Tower,1,1,5,3,10,0,5,8,0,13,1,6,13,3,23,32,6,38,61
01/06/2015,CWF,LA,ASW,CE,Federal Contract Tower,2,0,1,21,24,0,1,9,8,18,2,1,10,29,42,0,16,16,58
01/07/2015,CWF,LA,ASW,CE,Federal Contract Tower,0,2,1,21,24,0,2,2,3,7,0,4,3,24,31,0,34,34,65
01/08/2015,CWF,LA,ASW,CE,Federal Contract Tower,0,1,1,21,23,0,3,3,8,14,0,4,4,29,37,0,34,34,71
01/09/2015,CWF,LA,ASW,CE,Federal Contract Tower,2,3,2,17,24,0,0,1,2,3,2,3,3,19,27,0,0,0,27
01/10/2015,CWF,LA,ASW,CE,Federal Contract Tower,0,1,0,8,9,0,2,1,7,10,0,3,1,15,19,6,2,8,27
01/11/2015,CWF,LA,ASW,CE,Federal Contract Tower,0,1,4,1,6,0,0,0,0,0,0,1,4,1,6,0,0,0,6
01/12/2015,CWF,LA,ASW,CE,Federal Contract Tower,0,0,3,1,4,0,0,0,0,0,0,0,3,1,4,0,0,0,4
01/13/2015,CWF,LA,ASW,CE,Federal Contract Tower,0,0,7,18,25,0,0,2,1,3,0,0,9,19,28,0,0,0,28
01/14/2015,CWF,LA,ASW,CE,Federal Contract Tower,0,0,15,16,31,0,0,3,0,3,0,0,18,16,34,2,0,2,36
01/15/2015,CWF,LA,ASW,CE,Federal Contract Tower,0,0,4,0,4,0,0,4,2,6,0,0,8,2,10,0,0,0,10
01/16/2015,CWF,LA,ASW,CE,Federal Contract Tower,0,0,3,27,30,0,2,8,1,11,0,2,11,28,41,8,14,22,63
01/17/2015,CWF,LA,ASW,CE,Federal Contract Tower,0,0,8,7,15,0,0,7,3,10,0,0,15,10,25,6,10,16,41
01/18/2015,CWF,LA,ASW,CE,Federal Contract Tower,0,0,0,0,0,0,0,7,0,7,0,0,7,0,7,8,0,8,15
01/19/2015,CWF,LA,ASW,CE,Federal Contract Tower,0,0,6,7,13,0,2,13,0,15,0,2,19,7,28,8,0,8,36
01/20/2015,CWF,LA,ASW,CE,Federal Contract Tower,0,2,3,39,44,0,2,4,2,8,0,4,7,41,52,26,44,70,122
01/21/2015,CWF,LA,ASW,CE,Federal Contract Tower,2,0,10,54,66,0,1,6,2,9,2,1,16,56,75,18,94,112,187
01/22/2015,CWF,LA,ASW,CE,Federal Contract Tower,2,0,3,14,19,0,0,0,2,2,2,0,3,16,21,0,0,0,21
01/23/2015,CWF,LA,ASW,CE,Federal Contract Tower,0,3,5,17,25,0,0,7,1,8,0,3,12,18,33,0,0,0,33
01/24/2015,CWF,LA,ASW,CE,Federal Contract Tower,0,5,0,48,53,0,0,14,4,18,0,5,14,52,71,8,46,54,125
01/25/2015,CWF,LA,ASW,CE,Federal Contract Tower,0,0,1,20,21,0,0,1,3,4,0,0,2,23,25,0,0,0,25
01/26/2015,CWF,LA,ASW,CE,Federal Contract Tower,0,2,2,22,26,0,0,21,6,27,0,2,23,28,53,2,12,14,67
01/27/2015,CWF,LA,ASW,CE,Federal Contract Tower,0,0,3,45,48,0,0,9,0,9,0,0,12,45,57,0,28,28,85
01/28/2015,CWF,LA,ASW,CE,Federal Contract Tower,0,0,20,37,57,0,1,7,7,15,0,1,27,44,72,10,78,88,160
01/29/2015,CWF,LA,ASW,CE,Federal Contract Tower,0,0,5,24,29,0,0,5,4,9,0,0,10,28,38,0,28,28,66
01/30/2015,CWF,LA,ASW,CE,Federal Contract Tower,0,0,10,34,44,0,0,9,9,18,0,0,19,43,62,0,80,80,142
01/31/2015,CWF,LA,ASW,CE,Federal Contract Tower,0,0,2,11,13,0,0,6,0,6,0,0,8,11,19,0,28,28,47
02/01/2015,CWF,LA,ASW,CE,Federal Contract Tower,0,0,9,6,15,0,0,0,0,0,0,0,9,6,15,0,0,0,15
02/02/2015,CWF,LA,ASW,CE,Federal Contract Tower,0,0,2,18,20,0,2,9,1,12,0,2,11,19,32,2,24,26,58
02/03/2015,CWF,LA,ASW,CE,Federal Contract Tower,1,0,4,22,27,0,2,9,1,12,1,2,13,23,39,0,16,16,55
02/04/2015,CWF,LA,ASW,CE,Federal Contract Tower,0,4,8,6,18,0,0,0,0,0,0,4,8,6,18,0,0,0,18
02/05/2015,CWF,LA,ASW,CE,Federal Contract Tower,0,2,6,12,20,0,0,7,1,8,0,2,13,13,28,0,20,20,48
02/06/2015,CWF,LA,ASW,CE,Federal Contract Tower,1,0,7,98,106,0,0,8,2,10,1,0,15,100,116,0,34,34,150
02/07/2015,CWF,LA,ASW,CE,Federal Contract Tower,3,1,7,54,65,0,1,18,8,27,3,2,25,62,92,0,46,46,138
02/08/2015,CWF,LA,ASW,CE,Federal Contract Tower,0,3,5,40,48,0,0,1,1,2,0,3,6,41,50,4,16,20,70
02/09/2015,CWF,LA,ASW,CE,Federal Contract Tower,0,0,8,34,42,0,1,9,5,15,0,1,17,39,57,0,52,52,109
02/10/2015,CWF,LA,ASW,CE,Federal Contract Tower,0,3,9,30,42,0,0,13,5,18,0,3,22,35,60,2,0,2,62
02/11/2015,CWF,LA,ASW,CE,Federal Contract Tower,1,1,7,50,59,0,5,14,8,27,1,6,21,58,86,6,42,48,134
02/12/2015,CWF,LA,ASW,CE,Federal Contract Tower,0,2,4,55,61,0,2,9,2,13,0,4,13,57,74,0,30,30,104
02/13/2015,CWF,LA,ASW,CE,Federal Contract Tower,2,0,3,23,28,0,0,25,5,30,2,0,28,28,58,13,39,52,110
02/14/2015,CWF,LA,ASW,CE,Federal Contract Tower,0,2,3,17,22,0,0,9,0,9,0,2,12,17,31,2,30,32,63
02/15/2015,CWF,LA,ASW,CE,Federal Contract Tower,0,0,10,6,16,0,0,0,0,0,0,0,10,6,16,0,0,0,16
02/16/2015,CWF,LA,ASW,CE,Federal Contract Tower,0,0,1,0,1,0,0,0,1,1,0,0,1,1,2,0,0,0,2
02/17/2015,CWF,LA,ASW,CE,Federal Contract Tower,0,2,8,33,43,0,4,0,0,4,0,6,8,33,47,0,16,16,63
02/18/2015,CWF,LA,ASW,CE,Federal Contract Tower,1,0,4,31,36,0,2,11,3,16,1,2,15,34,52,2,18,20,72
02/19/2015,CWF,LA,ASW,CE,Federal Contract Tower,0,0,1,28,29,0,0,8,23,31,0,0,9,51,60,0,10,10,70
02/20/2015,CWF,LA,ASW,CE,Federal Contract Tower,0,2,3,58,63,0,0,3,4,7,0,2,6,62,70,0,4,4,74
02/21/2015,CWF,LA,ASW,CE,Federal Contract Tower,0,0,3,9,12,0,0,0,1,1,0,0,3,10,13,0,13,13,26
02/22/2015,CWF,LA,ASW,CE,Federal Contract Tower,0,0,7,4,11,0,0,1,0,1,0,0,8,4,12,0,0,0,12
02/23/2015,CWF,LA,ASW,CE,Federal Contract Tower,0,0,2,18,20,0,0,2,0,2,0,0,4,18,22,0,0,0,22
02/24/2015,CWF,LA,ASW,CE,Federal Contract Tower,0,2,9,23,34,0,1,4,0,5,0,3,13,23,39,0,4,4,43
02/25/2015,CWF,LA,ASW,CE,Federal Contract Tower,0,1,2,10,13,0,1,0,0,1,0,2,2,10,14,0,0,0,14
02/26/2015,CWF,LA,ASW,CE,Federal Contract Tower,0,2,8,27,37,0,6,0,19,25,0,8,8,46,62,12,26,38,100
02/27/2015,CWF,LA,ASW,CE,Federal Contract Tower,2,12,10,85,109,0,0,4,11,15,2,12,14,96,124,6,16,22,146
02/28/2015,CWF,LA,ASW,CE,Federal Contract Tower,0,0,2,53,55,0,0,6,9,15,0,0,8,62,70,0,22,22,92
03/01/2015,CWF,LA,ASW,CE,Federal Contract Tower,0,3,6,4,13,0,0,1,0,1,0,3,7,4,14,0,0,0,14
03/02/2015,CWF,LA,ASW,CE,Federal Contract Tower,0,0,6,0,6,0,0,0,0,0,0,0,6,0,6,0,0,0,6
03/03/2015,CWF,LA,ASW,CE,Federal Contract Tower,0,0,0,10,10,0,0,2,0,2,0,0,2,10,12,0,0,0,12
03/04/2015,CWF,LA,ASW,CE,Federal Contract Tower,3,3,0,12,18,0,1,0,0,1,3,4,0,12,19,0,14,14,33
03/05/2015,CWF,LA,ASW,CE,Federal Contract Tower,0,2,8,4,14,0,0,0,0,0,0,2,8,4,14,0,0,0,14
03/06/2015,CWF,LA,ASW,CE,Federal Contract Tower,0,2,0,35,37,0,2,9,12,23,0,4,9,47,60,2,32,34,94
03/07/2015,CWF,LA,ASW,CE,Federal Contract Tower,1,2,0,57,60,0,0,8,23,31,1,2,8,80,91,0,96,96,187
03/08/2015,CWF,LA,ASW,CE,Federal Contract Tower,2,0,3,5,10,0,0,0,0,0,2,0,3,5,10,0,0,0,10
03/09/2015,CWF,LA,ASW,CE,Federal Contract Tower,1,2,11,2,16,0,0,0,0,0,1,2,11,2,16,0,0,0,16
03/10/2015,CWF,LA,ASW,CE,Federal Contract Tower,0,0,0,4,4,0,0,0,0,0,0,0,0,4,4,0,0,0,4
03/11/2015,CWF,LA,ASW,CE,Federal Contract Tower,0,0,9,9,18,0,0,2,0,2,0,0,11,9,20,0,0,0,20
03/12/2015,CWF,LA,ASW,CE,Federal Contract Tower,0,0,10,2,12,0,0,7,0,7,0,0,17,2,19,0,0,0,19
03/13/2015,CWF,LA,ASW,CE,Federal Contract Tower,2,0,12,11,25,0,0,0,4,4,2,0,12,15,29,0,0,0,29
03/14/2015,CWF,LA,ASW,CE,Federal Contract Tower,0,2,7,47,56,0,0,0,8,8,0,2,7,55,64,0,12,12,76
03/15/2015,CWF,LA,ASW,CE,Federal Contract Tower,2,0,6,37,45,0,3,9,3,15,2,3,15,40,60,6,44,50,110
03/16/2015,CWF,LA,ASW,CE,Federal Contract Tower,0,2,6,25,33,0,2,5,5,12,0,4,11,30,45,24,5,29,74
03/17/2015,CWF,LA,ASW,CE,Federal Contract Tower,0,1,5,24,30,0,5,9,2,16,0,6,14,26,46,0,46,46,92
03/18/2015,CWF,LA,ASW,CE,Federal Contract Tower,0,3,4,16,23,0,2,4,0,6,0,5,8,16,29,0,6,6,35
03/19/2015,CWF,LA,ASW,CE,Federal Contract Tower,0,2,5,2,9,0,3,3,0,6,0,5,8,2,15,0,0,0,15
03/20/2015,CWF,LA,ASW,CE,Federal Contract Tower,0,0,5,11,16,0,0,0,0,0,0,0,5,11,16,0,6,6,22
03/21/2015,CWF,LA,ASW,CE,Federal Contract Tower,0,0,3,0,3,0,0,0,0,0,0,0,3,0,3,0,0,0,3
03/22/2015,CWF,LA,ASW,CE,Federal Contract Tower,0,0,2,4,6,0,0,3,0,3,0,0,5,4,9,0,3,3,12
03/23/2015,CWF,LA,ASW,CE,Federal Contract Tower,0,0,6,36,42,0,0,6,4,10,0,0,12,40,52,0,26,26,78
03/24/2015,CWF,LA,ASW,CE,Federal Contract Tower,2,0,4,45,51,0,2,5,15,22,2,2,9,60,73,0,32,32,105
03/25/2015,CWF,LA,ASW,CE,Federal Contract Tower,0,1,1,63,65,0,16,8,9,33,0,17,9,72,98,190,30,220,318
03/26/2015,CWF,LA,ASW,CE,Federal Contract Tower,0,2,7,18,27,0,0,3,2,5,0,2,10,20,32,0,4,4,36
03/27/2015,CWF,LA,ASW,CE,Federal Contract Tower,3,2,2,54,61,0,8,9,16,33,3,10,11,70,94,90,42,132,226
03/28/2015,CWF,LA,ASW,CE,Federal Contract Tower,2,0,3,50,55,0,0,8,6,14,2,0,11,56,69,30,48,78,147
03/29/2015,CWF,LA,ASW,CE,Federal Contract Tower,0,1,3,64,68,0,0,8,7,15,0,1,11,71,83,0,16,16,99
03/30/2015,CWF,LA,ASW,CE,Federal Contract Tower,1,1,8,51,61,0,1,8,0,9,1,2,16,51,70,12,82,94,164
03/31/2015,CWF,LA,ASW,CE,Federal Contract Tower,0,0,16,18,34,0,5,3,0,8,0,5,19,18,42,0,18,18,60
04/01/2015,CWF,LA,ASW,CE,Federal Contract Tower,0,2,7,24,33,0,0,3,3,6,0,2,10,27,39,0,20,20,59
04/02/2015,CWF,LA,ASW,CE,Federal Contract Tower,1,0,3,35,39,0,0,3,2,5,1,0,6,37,44,6,24,30,74
04/03/2015,CWF,LA,ASW,CE,Federal Contract Tower,0,2,5,34,41,0,0,0,0,0,0,2,5,34,41,0,8,8,49
04/04/2015,CWF,LA,ASW,CE,Federal Contract Tower,0,0,1,4,5,0,0,5,0,5,0,0,6,4,10,0,0,0,10
04/05/2015,CWF,LA,ASW,CE,Federal Contract Tower,1,0,0,0,1,0,0,0,0,0,1,0,0,0,1,0,0,0,1
04/06/2015,CWF,LA,ASW,CE,Federal Contract Tower,0,0,4,20,24,0,0,7,1,8,0,0,11,21,32,0,0,0,32
04/07/2015,CWF,LA,ASW,CE,Federal Contract Tower,0,0,5,23,28,0,2,6,2,10,0,2,11,25,38,30,20,50,88
04/08/2015,CWF,LA,ASW,CE,Federal Contract Tower,1,0,19,31,51,0,1,9,2,12,1,1,28,33,63,2,22,24,87
04/09/2015,CWF,LA,ASW,CE,Federal Contract Tower,0,3,8,31,42,0,1,6,0,7,0,4,14,31,49,2,10,12,61
04/10/2015,CWF,LA,ASW,CE,Federal Contract Tower,2,2,6,5,15,0,1,3,0,4,2,3,9,5,19,0,2,2,21
04/11/2015,CWF,LA,ASW,CE,Federal Contract Tower,0,0,2,3,5,0,0,0,2,2,0,0,2,5,7,0,0,0,7
04/12/2015,CWF,LA,ASW,CE,Federal Contract Tower,2,0,2,0,4,0,0,0,0,0,2,0,2,0,4,0,0,0,4
04/13/2015,CWF,LA,ASW,CE,Federal Contract Tower,0,0,17,11,28,0,0,1,2,3,0,0,18,13,31,0,6,6,37
04/14/2015,CWF,LA,ASW,CE,Federal Contract Tower,0,2,8,6,16,0,0,0,0,0,0,2,8,6,16,0,0,0,16
04/15/2015,CWF,LA,ASW,CE,Federal Contract Tower,0,2,9,8,19,0,2,8,1,11,0,4,17,9,30,0,10,10,40
04/16/2015,CWF,LA,ASW,CE,Federal Contract Tower,0,2,2,2,6,0,0,0,0,0,0,2,2,2,6,0,0,0,6
04/17/2015,CWF,LA,ASW,CE,Federal Contract Tower,2,0,2,25,29,0,0,4,1,5,2,0,6,26,34,0,38,38,72
04/18/2015,CWF,LA,ASW,CE,Federal Contract Tower,0,0,1,0,1,0,0,0,1,1,0,0,1,1,2,0,0,0,2
04/19/2015,CWF,LA,ASW,CE,Federal Contract Tower,0,0,1,12,13,0,0,8,4,12,0,0,9,16,25,0,6,6,31
04/20/2015,CWF,LA,ASW,CE,Federal Contract Tower,1,1,5,26,33,0,9,14,1,24,1,10,19,27,57,5,32,37,94
04/21/2015,CWF,LA,ASW,CE,Federal Contract Tower,0,1,13,18,32,0,4,13,3,20,0,5,26,21,52,0,26,26,78
04/22/2015,CWF,LA,ASW,CE,Federal Contract Tower,0,0,9,58,67,0,2,14,6,22,0,2,23,64,89,6,38,44,133
04/23/2015,CWF,LA,ASW,CE,Federal Contract Tower,2,0,3,5,10,0,0,9,1,10,2,0,12,6,20,2,10,12,32
04/24/2015,CWF,LA,ASW,CE,Federal Contract Tower,0,2,1,16,19,0,0,2,0,2,0,2,3,16,21,0,0,0,21
04/25/2015,CWF,LA,ASW,CE,Federal Contract Tower,0,0,2,1,3,0,0,0,1,1,0,0,2,2,4,0,0,0,4
04/26/2015,CWF,LA,ASW,CE,Federal Contract Tower,0,0,4,18,22,0,0,0,6,6,0,0,4,24,28,0,38,38,66
04/27/2015,CWF,LA,ASW,CE,Federal Contract Tower,0,0,0,1,1,0,4,2,0,6,0,4,2,1,7,0,66,66,73
04/28/2015,CWF,LA,ASW,CE,Federal Contract Tower,1,4,4,20,29,0,0,3,0,3,1,4,7,20,32,154,0,154,186
04/29/2015,CWF,LA,ASW,CE,Federal Contract Tower,3,2,5,38,48,0,2,15,9,26,3,4,20,47,74,0,20,20,94
04/30/2015,CWF,LA,ASW,CE,Federal Contract Tower,0,0,4,33,37,0,2,18,6,26,0,2,22,39,63,0,42,42,105
05/01/2015,CWF,LA,ASW,CE,Federal Contract Tower,2,0,7,61,70,0,0,26,6,32,2,0,33,67,102,0,98,98,200
05/02/2015,CWF,LA,ASW,CE,Federal Contract Tower,0,0,8,24,32,0,0,8,0,8,0,0,16,24,40,0,26,26,66
05/03/2015,CWF,LA,ASW,CE,Federal Contract Tower,0,0,7,50,57,0,0,7,2,9,0,0,14,52,66,0,26,26,92
05/04/2015,CWF,LA,ASW,CE,Federal Contract Tower,0,0,5,30,35,0,0,18,1,19,0,0,23,31,54,2,14,16,70
05/05/2015,CWF,LA,ASW,CE,Federal Contract Tower,0,0,4,48,52,0,2,11,13,26,0,2,15,61,78,0,44,44,122
05/06/2015,CWF,LA,ASW,CE,Federal Contract Tower,0,5,3,59,67,0,0,10,1,11,0,5,13,60,78,0,26,26,104
05/07/2015,CWF,LA,ASW,CE,Federal Contract Tower,1,4,2,35,42,0,3,6,1,10,1,7,8,36,52,0,16,16,68
05/08/2015,CWF,LA,ASW,CE,Federal Contract Tower,0,3,5,104,112,0,0,5,4,9,0,3,10,108,121,0,78,78,199
05/09/2015,CWF,LA,ASW,CE,Federal Contract Tower,0,0,8,30,38,0,0,2,2,4,0,0,10,32,42,0,66,66,108
05/10/2015,CWF,LA,ASW,CE,Federal Contract Tower,2,0,2,11,15,0,0,2,1,3,2,0,4,12,18,0,6,6,24
05/11/2015,CWF,LA,ASW,CE,Federal Contract Tower,0,0,1,2,3,0,2,1,0,3,0,2,2,2,6,0,0,0,6
05/12/2015,CWF,LA,ASW,CE,Federal Contract Tower,0,0,8,4,12,0,4,7,0,11,0,4,15,4,23,24,0,24,47
05/13/2015,CWF,LA,ASW,CE,Federal Contract Tower,0,6,2,12,20,0,5,7,0,12,0,11,9,12,32,0,0,0,32
05/14/2015,CWF,LA,ASW,CE,Federal Contract Tower,1,0,24,16,41,0,0,8,3,11,1,0,32,19,52,38,0,38,90
05/15/2015,CWF,LA,ASW,CE,Federal Contract Tower,0,0,3,16,19,0,0,6,6,12,0,0,9,22,31,6,0,6,37
05/16/2015,CWF,LA,ASW,CE,Federal Contract Tower,0,1,2,5,8,0,0,4,4,8,0,1,6,9,16,0,0,0,16
05/17/2015,CWF,LA,ASW,CE,Federal Contract Tower,0,2,8,8,18,0,0,2,0,2,0,2,10,8,20,10,0,10,30
05/18/2015,CWF,LA,ASW,CE,Federal Contract Tower,1,0,8,9,18,0,0,2,0,2,1,0,10,9,20,0,12,12,32
05/19/2015,CWF,LA,ASW,CE,Federal Contract Tower,0,2,2,8,12,0,2,3,0,5,0,4,5,8,17,12,0,12,29
05/20/2015,CWF,LA,ASW,CE,Federal Contract Tower,1,2,6,26,35,0,0,8,6,14,1,2,14,32,49,0,0,0,49
05/21/2015,CWF,LA,ASW,CE,Federal Contract Tower,0,2,4,18,24,0,9,13,0,22,0,11,17,18,46,0,16,16,62
05/22/2015,CWF,LA,ASW,CE,Federal Contract Tower,0,0,11,3,14,0,0,12,2,14,0,0,23,5,28,0,0,0,28
05/23/2015,CWF,LA,ASW,CE,Federal Contract Tower,1,0,4,2,7,0,0,3,0,3,1,0,7,2,10,0,8,8,18
05/24/2015,CWF,LA,ASW,CE,Federal Contract Tower,0,0,2,0,2,0,2,4,0,6,0,2,6,0,8,0,0,0,8
05/25/2015,CWF,LA,ASW,CE,Federal Contract Tower,1,0,3,0,4,0,0,0,3,3,1,0,3,3,7,0,0,0,7
05/26/2015,CWF,LA,ASW,CE,Federal Contract Tower,0,0,21,16,37,0,2,2,0,4,0,2,23,16,41,16,74,90,131
05/27/2015,CWF,LA,ASW,CE,Federal Contract Tower,0,0,1,6,7,0,1,1,2,4,0,1,2,8,11,0,4,4,15
05/28/2015,CWF,LA,ASW,CE,Federal Contract Tower,0,2,4,22,28,0,6,18,4,28,0,8,22,26,56,0,4,4,60
05/29/2015,CWF,LA,ASW,CE,Federal Contract Tower,0,1,0,40,41,0,1,7,0,8,0,2,7,40,49,0,6,6,55
05/30/2015,CWF,LA,ASW,CE,Federal Contract Tower,1,0,1,25,27,0,0,0,5,5,1,0,1,30,32,0,44,44,76
05/31/2015,CWF,LA,ASW,CE,Federal Contract Tower,0,0,2,2,4,0,0,4,4,8,0,0,6,6,12,0,6,6,18
06/01/2015,CWF,LA,ASW,CE,Federal Contract Tower,0,0,1,31,32,0,0,11,5,16,0,0,12,36,48,0,108,108,156
06/02/2015,CWF,LA,ASW,CE,Federal Contract Tower,0,1,6,20,27,0,2,9,1,12,0,3,15,21,39,0,66,66,105
06/03/2015,CWF,LA,ASW,CE,Federal Contract Tower,1,2,8,35,46,0,4,15,1,20,1,6,23,36,66,0,72,72,138
06/04/2015,CWF,LA,ASW,CE,Federal Contract Tower,1,0,3,34,38,0,1,14,3,18,1,1,17,37,56,0,36,36,92
06/05/2015,CWF,LA,ASW,CE,Federal Contract Tower,0,0,3,62,65,0,0,7,13,20,0,0,10,75,85,0,82,82,167
06/06/2015,CWF,LA,ASW,CE,Federal Contract Tower,0,0,1,25,26,0,0,7,5,12,0,0,8,30,38,0,22,22,60
06/07/2015,CWF,LA,ASW,CE,Federal Contract Tower,0,0,2,10,12,0,0,8,0,8,0,0,10,10,20,0,0,0,20
06/08/2015,CWF,LA,ASW,CE,Federal Contract Tower,0,0,5,79,84,0,5,3,1,9,0,5,8,80,93,0,44,44,137
06/09/2015,CWF,LA,ASW,CE,Federal Contract Tower,0,0,5,17,22,0,2,8,2,12,0,2,13,19,34,4,20,24,58
06/10/2015,CWF,LA,ASW,CE,Federal Contract Tower,0,0,2,22,24,0,0,16,4,20,0,0,18,26,44,0,42,42,86
06/11/2015,CWF,LA,ASW,CE,Federal Contract Tower,1,2,5,9,17,0,0,10,5,15,1,2,15,14,32,0,0,0,32
06/12/2015,CWF,LA,ASW,CE,Federal Contract Tower,0,0,5,11,16,0,4,1,1,6,0,4,6,12,22,0,0,0,22
06/13/2015,CWF,LA,ASW,CE,Federal Contract Tower,2,0,5,3,10,0,0,2,0,2,2,0,7,3,12,0,0,0,12
06/14/2015,CWF,LA,ASW,CE,Federal Contract Tower,0,3,2,9,14,0,0,1,1,2,0,3,3,10,16,0,0,0,16
06/15/2015,CWF,LA,ASW,CE,Federal Contract Tower,0,0,7,14,21,0,0,2,0,2,0,0,9,14,23,0,0,0,23
06/16/2015,CWF,LA,ASW,CE,Federal Contract Tower,0,0,2,0,2,0,0,2,0,2,0,0,4,0,4,0,0,0,4
06/17/2015,CWF,LA,ASW,CE,Federal Contract Tower,0,0,2,5,7,0,0,3,1,4,0,0,5,6,11,2,0,2,13
06/18/2015,CWF,LA,ASW,CE,Federal Contract Tower,0,2,8,27,37,0,4,15,4,23,0,6,23,31,60,4,8,12,72
06/19/2015,CWF,LA,ASW,CE,Federal Contract Tower,0,0,2,48,50,0,4,12,7,23,0,4,14,55,73,2,30,32,105
06/20/2015,CWF,LA,ASW,CE,Federal Contract Tower,0,0,5,4,9,0,0,3,0,3,0,0,8,4,12,0,0,0,12
06/21/2015,CWF,LA,ASW,CE,Federal Contract Tower,0,0,6,29,35,0,0,0,2,2,0,0,6,31,37,0,14,14,51
06/22/2015,CWF,LA,ASW,CE,Federal Contract Tower,0,2,5,36,43,0,3,16,1,20,0,5,21,37,63,0,8,8,71
06/23/2015,CWF,LA,ASW,CE,Federal Contract Tower,1,3,4,38,46,0,4,11,7,22,1,7,15,45,68,30,42,72,140
06/24/2015,CWF,LA,ASW,CE,Federal Contract Tower,0,0,5,29,34,0,1,15,5,21,0,1,20,34,55,2,56,58,113
06/25/2015,CWF,LA,ASW,CE,Federal Contract Tower,0,0,4,16,20,0,2,18,5,25,0,2,22,21,45,18,4,22,67
06/26/2015,CWF,LA,ASW,CE,Federal Contract Tower,0,2,11,44,57,0,2,9,1,12,0,4,20,45,69,2,0,2,71
06/27/2015,CWF,LA,ASW,CE,Federal Contract Tower,0,0,1,22,23,0,0,8,2,10,0,0,9,24,33,0,0,0,33
06/28/2015,CWF,LA,ASW,CE,Federal Contract Tower,0,0,3,15,18,0,0,6,1,7,0,0,9,16,25,16,14,30,55
06/29/2015,CWF,LA,ASW,CE,Federal Contract Tower,0,0,5,37,42,0,3,8,2,13,0,3,13,39,55,10,26,36,91
06/30/2015,CWF,LA,ASW,CE,Federal Contract Tower,0,0,3,2,5,0,1,10,0,11,0,1,13,2,16,0,0,0,16
07/01/2015,CWF,LA,ASW,CE,Federal Contract Tower,0,2,1,2,5,0,2,8,2,12,0,4,9,4,17,0,12,12,29
07/02/2015,CWF,LA,ASW,CE,Federal Contract Tower,0,0,9,9,18,0,0,9,3,12,0,0,18,12,30,10,14,24,54
07/03/2015,CWF,LA,ASW,CE,Federal Contract Tower,0,0,1,4,5,0,0,7,0,7,0,0,8,4,12,0,0,0,12
07/04/2015,CWF,LA,ASW,CE,Federal Contract Tower,0,0,0,0,0,0,0,3,0,3,0,0,3,0,3,0,0,0,3
07/05/2015,CWF,LA,ASW,CE,Federal Contract Tower,0,0,2,2,4,0,0,5,0,5,0,0,7,2,9,0,16,16,25
07/06/2015,CWF,LA,ASW,CE,Federal Contract Tower,0,1,4,24,29,0,2,10,3,15,0,3,14,27,44,0,0,0,44
07/07/2015,CWF,LA,ASW,CE,Federal Contract Tower,0,0,1,55,56,0,2,12,7,21,0,2,13,62,77,0,50,50,127
07/08/2015,CWF,LA,ASW,CE,Federal Contract Tower,0,0,9,70,79,0,2,16,1,19,0,2,25,71,98,20,86,106,204
07/09/2015,CWF,LA,ASW,CE,Federal Contract Tower,0,0,4,57,61,0,0,11,11,22,0,0,15,68,83,0,112,112,195
07/10/2015,CWF,LA,ASW,CE,Federal Contract Tower,0,0,4,62,66,0,2,12,9,23,0,2,16,71,89,0,8,8,97
07/11/2015,CWF,LA,ASW,CE,Federal Contract Tower,0,0,1,98,99,0,0,6,25,31,0,0,7,123,130,0,114,114,244
07/12/2015,CWF,LA,ASW,CE,Federal Contract Tower,0,0,8,24,32,0,0,3,3,6,0,0,11,27,38,0,22,22,60
07/13/2015,CWF,LA,ASW,CE,Federal Contract Tower,0,0,6,26,32,0,2,10,5,17,0,2,16,31,49,0,12,12,61
07/14/2015,CWF,LA,ASW,CE,Federal Contract Tower,0,0,3,10,13,0,4,10,2,16,0,4,13,12,29,0,30,30,59
07/15/2015,CWF,LA,ASW,CE,Federal Contract Tower,0,2,9,51,62,0,1,13,6,20,0,3,22,57,82,0,0,0,82
07/16/2015,CWF,LA,ASW,CE,Federal Contract Tower,0,2,9,15,26,0,0,7,1,8,0,2,16,16,34,10,14,24,58
07/17/2015,CWF,LA,ASW,CE,Federal Contract Tower,0,1,3,49,53,0,2,21,5,28,0,3,24,54,81,12,18,30,111
07/18/2015,CWF,LA,ASW,CE,Federal Contract Tower,0,0,4,26,30,0,0,2,12,14,0,0,6,38,44,0,54,54,98
07/19/2015,CWF,LA,ASW,CE,Federal Contract Tower,0,0,3,24,27,0,0,6,4,10,0,0,9,28,37,0,35,35,72
07/20/2015,CWF,LA,ASW,CE,Federal Contract Tower,0,0,2,31,33,0,5,16,3,24,0,5,18,34,57,16,30,46,103
07/21/2015,CWF,LA,ASW,CE,Federal Contract Tower,0,0,5,16,21,0,0,11,4,15,0,0,16,20,36,34,12,46,82
07/22/2015,CWF,LA,ASW,CE,Federal Contract Tower,0,0,5,29,34,0,0,18,2,20,0,0,23,31,54,0,28,28,82
07/23/2015,CWF,LA,ASW,CE,Federal Contract Tower,0,2,4,12,18,0,0,17,1,18,0,2,21,13,36,0,20,20,56
07/24/2015,CWF,LA,ASW,CE,Federal Contract Tower,0,0,3,51,54,0,2,10,14,26,0,2,13,65,80,0,38,38,118
07/25/2015,CWF,LA,ASW,CE,Federal Contract Tower,0,0,5,48,53,0,0,5,3,8,0,0,10,51,61,0,30,30,91
07/26/2015,CWF,LA,ASW,CE,Federal Contract Tower,0,0,3,18,21,0,0,4,6,10,0,0,7,24,31,0,0,0,31
07/27/2015,CWF,LA,ASW,CE,Federal Contract Tower,0,0,5,24,29,0,4,12,6,22,0,4,17,30,51,2,44,46,97
07/28/2015,CWF,LA,ASW,CE,Federal Contract Tower,0,0,1,11,12,0,1,12,3,16,0,1,13,14,28,30,0,30,58
07/29/2015,CWF,LA,ASW,CE,Federal Contract Tower,0,2,2,31,35,0,1,11,10,22,0,3,13,41,57,0,46,46,103
07/30/2015,CWF,LA,ASW,CE,Federal Contract Tower,0,0,7,26,33,0,1,7,3,11,0,1,14,29,44,0,22,22,66
07/31/2015,CWF,LA,ASW,CE,Federal Contract Tower,0,1,3,49,53,0,2,21,5,28,0,3,24,54,81,12,18,30,111
08/01/2015,CWF,LA,ASW,CE,Federal Contract Tower,0,0,2,43,45,0,0,10,3,13,0,0,12,46,58,0,22,22,80
08/02/2015,CWF,LA,ASW,CE,Federal Contract Tower,0,0,0,21,21,0,0,7,0,7,0,0,7,21,28,0,12,12,40
08/03/2015,CWF,LA,ASW,CE,Federal Contract Tower,0,0,1,32,33,0,7,6,0,13,0,7,7,32,46,0,14,14,60
08/04/2015,CWF,LA,ASW,CE,Federal Contract Tower,0,0,2,32,34,0,0,8,1,9,0,0,10,33,43,0,70,70,113
08/05/2015,CWF,LA,ASW,CE,Federal Contract Tower,0,2,2,27,31,0,0,15,1,16,0,2,17,28,47,0,46,46,93
08/06/2015,CWF,LA,ASW,CE,Federal Contract Tower,0,4,5,21,30,0,0,2,11,13,0,4,7,32,43,0,18,18,61
08/07/2015,CWF,LA,ASW,CE,Federal Contract Tower,0,0,6,88,94,0,1,1,6,8,0,1,7,94,102,0,44,44,146
08/08/2015,CWF,LA,ASW,CE,Federal Contract Tower,0,0,10,53,63,0,3,5,16,24,0,3,15,69,87,0,112,112,199
08/09/2015,CWF,LA,ASW,CE,Federal Contract Tower,0,0,3,14,17,0,0,4,6,10,0,0,7,20,27,0,0,0,27
08/10/2015,CWF,LA,ASW,CE,Federal Contract Tower,0,0,5,26,31,0,4,8,4,16,0,4,13,30,47,0,14,14,61
08/11/2015,CWF,LA,ASW,CE,Federal Contract Tower,0,1,11,8,20,0,2,9,2,13,0,3,20,10,33,0,4,4,37
08/12/2015,CWF,LA,ASW,CE,Federal Contract Tower,0,0,3,15,18,0,0,9,4,13,0,0,12,19,31,0,8,8,39
08/13/2015,CWF,LA,ASW,CE,Federal Contract Tower,0,0,3,23,26,0,0,9,4,13,0,0,12,27,39,18,12,30,69
08/14/2015,CWF,LA,ASW,CE,Federal Contract Tower,0,0,7,37,44,0,0,10,2,12,0,0,17,39,56,14,26,40,96
08/15/2015,CWF,LA,ASW,CE,Federal Contract Tower,0,0,2,9,11,0,0,8,2,10,0,0,10,11,21,8,10,18,39
08/16/2015,CWF,LA,ASW,CE,Federal Contract Tower,0,0,1,6,7,0,0,2,0,2,0,0,3,6,9,2,10,12,21
08/17/2015,CWF,LA,ASW,CE,Federal Contract Tower,0,0,3,6,9,0,3,3,0,6,0,3,6,6,15,6,0,6,21
08/18/2015,CWF,LA,ASW,CE,Federal Contract Tower,0,0,7,9,16,0,1,12,3,16,0,1,19,12,32,24,8,32,64
08/19/2015,CWF,LA,ASW,CE,Federal Contract Tower,0,0,2,8,10,0,1,4,0,5,0,1,6,8,15,0,0,0,15
08/20/2015,CWF,LA,ASW,CE,Federal Contract Tower,0,0,7,2,9,0,0,2,0,2,0,0,9,2,11,0,16,16,27
08/21/2015,CWF,LA,ASW,CE,Federal Contract Tower,0,0,9,4,13,0,0,9,0,9,0,0,18,4,22,0,10,10,32
08/22/2015,CWF,LA,ASW,CE,Federal Contract Tower,0,0,0,2,2,0,0,1,0,1,0,0,1,2,3,0,0,0,3
08/23/2015,CWF,LA,ASW,CE,Federal Contract Tower,0,0,7,18,25,0,1,4,4,9,0,1,11,22,34,6,12,18,52
08/24/2015,CWF,LA,ASW,CE,Federal Contract Tower,0,0,2,35,37,0,6,11,3,20,0,6,13,38,57,0,40,40,97
08/25/2015,CWF,LA,ASW,CE,Federal Contract Tower,0,3,4,20,27,0,4,14,1,19,0,7,18,21,46,0,22,22,68
08/26/2015,CWF,LA,ASW,CE,Federal Contract Tower,0,2,5,27,34,0,2,20,13,35,0,4,25,40,69,0,68,68,137
08/27/2015,CWF,LA,ASW,CE,Federal Contract Tower,0,2,1,30,33,0,8,14,9,31,0,10,15,39,64,0,28,28,92
08/28/2015,CWF,LA,ASW,CE,Federal Contract Tower,0,1,1,42,44,0,6,10,0,16,0,7,11,42,60,2,16,18,78
08/29/2015,CWF,LA,ASW,CE,Federal Contract Tower,0,5,10,34,49,0,22,17,6,45,0,27,27,40,94,0,22,22,116
08/30/2015,CWF,LA,ASW,CE,Federal Contract Tower,0,0,0,58,58,0,2,10,2,14,0,2,10,60,72,0,3,3,75
08/31/2015,CWF,LA,ASW,CE,Federal Contract Tower,0,0,3,27,30,0,2,12,4,18,0,2,15,31,48,0,28,28,76
09/01/2015,CWF,LA,ASW,CE,Federal Contract Tower,0,1,3,2,6,0,4,12,2,18,0,5,15,4,24,2,0,2,26
09/02/2015,CWF,LA,ASW,CE,Federal Contract Tower,1,4,3,3,11,0,2,9,2,13,1,6,12,5,24,0,0,0,24
09/03/2015,CWF,LA,ASW,CE,Federal Contract Tower,0,0,5,15,20,0,0,4,0,4,0,0,9,15,24,0,2,2,26
09/04/2015,CWF,LA,ASW,CE,Federal Contract Tower,0,4,6,4,14,0,0,9,2,11,0,4,15,6,25,0,4,4,29
09/05/2015,CWF,LA,ASW,CE,Federal Contract Tower,0,0,2,0,2,0,0,5,0,5,0,0,7,0,7,0,0,0,7
09/06/2015,CWF,LA,ASW,CE,Federal Contract Tower,0,0,4,3,7,0,0,2,1,3,0,0,6,4,10,0,0,0,10
09/07/2015,CWF,LA,ASW,CE,Federal Contract Tower,0,4,8,0,12,0,0,8,0,8,0,4,16,0,20,0,0,0,20
09/08/2015,CWF,LA,ASW,CE,Federal Contract Tower,0,0,8,51,59,0,0,15,9,24,0,0,23,60,83,6,34,40,123
09/09/2015,CWF,LA,ASW,CE,Federal Contract Tower,0,8,0,10,18,0,1,13,2,16,0,9,13,12,34,0,10,10,44
09/10/2015,CWF,LA,ASW,CE,Federal Contract Tower,0,0,3,2,5,0,0,8,0,8,0,0,11,2,13,0,0,0,13
09/11/2015,CWF,LA,ASW,CE,Federal Contract Tower,0,2,5,0,7,0,0,2,0,2,0,2,7,0,9,0,0,0,9
09/12/2015,CWF,LA,ASW,CE,Federal Contract Tower,0,0,5,18,23,0,0,8,10,18,0,0,13,28,41,2,14,16,57
09/13/2015,CWF,LA,ASW,CE,Federal Contract Tower,0,0,2,51,53,0,0,5,4,9,0,0,7,55,62,0,17,17,79
09/14/2015,CWF,LA,ASW,CE,Federal Contract Tower,1,2,2,29,34,0,6,10,2,18,1,8,12,31,52,0,66,66,118
09/15/2015,CWF,LA,ASW,CE,Federal Contract Tower,0,0,1,16,17,0,7,17,3,27,0,7,18,19,44,2,30,32,76
09/16/2015,CWF,LA,ASW,CE,Federal Contract Tower,0,2,3,43,48,0,1,15,6,22,0,3,18,49,70,0,40,40,110
09/17/2015,CWF,LA,ASW,CE,Federal Contract Tower,0,0,11,30,41,0,0,14,2,16,0,0,25,32,57,0,28,28,85
09/18/2015,CWF,LA,ASW,CE,Federal Contract Tower,0,0,4,31,35,0,0,14,14,28,0,0,18,45,63,0,34,34,97
09/19/2015,CWF,LA,ASW,CE,Federal Contract Tower,0,0,3,36,39,0,0,3,9,12,0,0,6,45,51,2,34,36,87
09/20/2015,CWF,LA,ASW,CE,Federal Contract Tower,0,0,8,17,25,0,0,9,6,15,0,0,17,23,40,0,48,48,88
09/21/2015,CWF,LA,ASW,CE,Federal Contract Tower,0,0,6,46,52,0,0,12,4,16,0,0,18,50,68,2,56,58,126
09/22/2015,CWF,LA,ASW,CE,Federal Contract Tower,0,0,3,36,39,0,0,13,1,14,0,0,16,37,53,0,78,78,131
09/23/2015,CWF,LA,ASW,CE,Federal Contract Tower,0,2,9,38,49,0,1,15,11,27,0,3,24,49,76,8,60,68,144
09/24/2015,CWF,LA,ASW,CE,Federal Contract Tower,0,0,2,16,18,0,1,9,5,15,0,1,11,21,33,0,60,60,93
09/25/2015,CWF,LA,ASW,CE,Federal Contract Tower,0,0,9,4,13,0,2,6,8,16,0,2,15,12,29,18,24,42,71
09/26/2015,CWF,LA,ASW,CE,Federal Contract Tower,1,0,0,18,19,0,0,4,1,5,1,0,4,19,24,6,6,12,36
09/27/2015,CWF,LA,ASW,CE,Federal Contract Tower,0,1,2,0,3,0,2,2,0,4,0,3,4,0,7,0,0,0,7
09/28/2015,CWF,LA,ASW,CE,Federal Contract Tower,0,0,3,0,3,0,0,6,0,6,0,0,9,0,9,0,0,0,9
09/29/2015,CWF,LA,ASW,CE,Federal Contract Tower,0,1,2,8,11,0,0,9,2,11,0,1,11,10,22,6,0,6,28
09/30/2015,CWF,LA,ASW,CE,Federal Contract Tower,0,0,2,10,12,0,1,16,0,17,0,1,18,10,29,6,24,30,59
10/01/2015,CWF,LA,ASW,CE,Federal Contract Tower,0,0,7,25,32,0,0,18,6,24,0,0,25,31,56,0,106,106,162
10/02/2015,CWF,LA,ASW,CE,Federal Contract Tower,0,3,1,38,42,0,0,14,11,25,0,3,15,49,67,0,54,54,121
10/03/2015,CWF,LA,ASW,CE,Federal Contract Tower,0,1,3,16,20,0,0,8,4,12,0,1,11,20,32,0,14,14,46
10/04/2015,CWF,LA,ASW,CE,Federal Contract Tower,0,0,1,6,7,0,0,2,2,4,0,0,3,8,11,0,0,0,11
10/05/2015,CWF,LA,ASW,CE,Federal Contract Tower,0,2,9,27,38,0,5,28,4,37,0,7,37,31,75,10,32,42,117
10/06/2015,CWF,LA,ASW,CE,Federal Contract Tower,0,0,6,51,57,0,3,23,4,30,0,3,29,55,87,0,118,118,205
10/07/2015,CWF,LA,ASW,CE,Federal Contract Tower,3,4,7,32,46,0,1,19,13,33,3,5,26,45,79,0,118,118,197
10/08/2015,CWF,LA,ASW,CE,Federal Contract Tower,0,0,2,9,11,0,2,16,5,23,0,2,18,14,34,0,12,12,46
10/09/2015,CWF,LA,ASW,CE,Federal Contract Tower,0,0,4,33,37,0,0,10,4,14,0,0,14,37,51,0,8,8,59
10/10/2015,CWF,LA,ASW,CE,Federal Contract Tower,0,0,5,15,20,0,0,4,4,8,0,0,9,19,28,0,0,0,28
10/11/2015,CWF,LA,ASW,CE,Federal Contract Tower,0,0,4,0,4,0,0,7,2,9,0,0,11,2,13,0,0,0,13
10/12/2015,CWF,LA,ASW,CE,Federal Contract Tower,0,0,5,4,9,0,4,6,2,12,0,4,11,6,21,4,10,14,35
10/13/2015,CWF,LA,ASW,CE,Federal Contract Tower,0,0,4,33,37,0,0,4,4,8,0,0,8,37,45,6,40,46,91
10/14/2015,CWF,LA,ASW,CE,Federal Contract Tower,0,0,8,50,58,0,0,16,6,22,0,0,24,56,80,0,38,38,118
10/15/2015,CWF,LA,ASW,CE,Federal Contract Tower,0,0,6,35,41,0,0,24,7,31,0,0,30,42,72,0,80,80,152
10/16/2015,CWF,LA,ASW,CE,Federal Contract Tower,0,0,13,76,89,0,0,11,11,22,0,0,24,87,111,0,72,72,183
10/17/2015,CWF,LA,ASW,CE,Federal Contract Tower,0,0,0,14,14,0,0,2,12,14,0,0,2,26,28,0,10,10,38
10/18/2015,CWF,LA,ASW,CE,Federal Contract Tower,0,0,1,22,23,0,2,9,6,17,0,2,10,28,40,0,0,0,40
10/19/2015,CWF,LA,ASW,CE,Federal Contract Tower,0,0,9,23,32,0,3,15,1,19,0,3,24,24,51,0,32,32,83
10/20/2015,CWF,LA,ASW,CE,Federal Contract Tower,0,0,4,10,14,0,3,6,1,10,0,3,10,11,24,0,6,6,30
10/21/2015,CWF,LA,ASW,CE,Federal Contract Tower,2,2,9,46,59,0,4,11,1,16,2,6,20,47,75,0,72,72,147
10/22/2015,CWF,LA,ASW,CE,Federal Contract Tower,0,0,3,59,62,0,0,26,4,30,0,0,29,63,92,0,98,98,190
10/23/2015,CWF,LA,ASW,CE,Federal Contract Tower,0,1,12,8,21,0,0,33,0,33,0,1,45,8,54,0,0,0,54
10/24/2015,CWF,LA,ASW,CE,Federal Contract Tower,0,0,0,1,1,0,1,2,0,3,0,1,2,1,4,0,0,0,4
10/25/2015,CWF,LA,ASW,CE,Federal Contract Tower,0,0,2,1,3,0,0,0,0,0,0,0,2,1,3,0,0,0,3
10/26/2015,CWF,LA,ASW,CE,Federal Contract Tower,0,0,0,17,17,0,0,0,0,0,0,0,0,17,17,0,0,0,17
10/27/2015,CWF,LA,ASW,CE,Federal Contract Tower,0,0,2,65,67,0,3,4,5,12,0,3,6,70,79,0,20,20,99
10/28/2015,CWF,LA,ASW,CE,Federal Contract Tower,0,0,6,60,66,0,2,32,7,41,0,2,38,67,107,0,52,52,159
10/29/2015,CWF,LA,ASW,CE,Federal Contract Tower,0,1,12,37,50,0,1,18,4,23,0,2,30,41,73,0,36,36,109
10/30/2015,CWF,LA,ASW,CE,Federal Contract Tower,0,3,6,19,28,0,0,10,2,12,0,3,16,21,40,0,16,16,56
10/31/2015,CWF,LA,ASW,CE,Federal Contract Tower,0,0,2,6,8,0,0,0,0,0,0,0,2,6,8,0,0,0,8
11/01/2015,CWF,LA,ASW,CE,Federal Contract Tower,0,0,0,6,6,0,0,0,0,0,0,0,0,6,6,0,0,0,6
11/02/2015,CWF,LA,ASW,CE,Federal Contract Tower,2,4,7,22,35,0,0,2,2,4,2,4,9,24,39,0,14,14,53
11/03/2015,CWF,LA,ASW,CE,Federal Contract Tower,0,0,22,22,44,0,4,7,0,11,0,4,29,22,55,20,4,24,79
11/04/2015,CWF,LA,ASW,CE,Federal Contract Tower,0,3,7,51,61,0,3,13,2,18,0,6,20,53,79,0,20,20,99
11/05/2015,CWF,LA,ASW,CE,Federal Contract Tower,0,0,1,21,22,0,0,12,2,14,0,0,13,23,36,8,0,8,44
11/06/2015,CWF,LA,ASW,CE,Federal Contract Tower,0,3,6,39,48,0,1,6,4,11,0,4,12,43,59,2,27,29,88
11/07/2015,CWF,LA,ASW,CE,Federal Contract Tower,0,0,1,8,9,0,0,0,0,0,0,0,1,8,9,0,0,0,9
11/08/2015,CWF,LA,ASW,CE,Federal Contract Tower,0,0,4,12,16,0,0,5,8,13,0,0,9,20,29,0,0,0,29
11/09/2015,CWF,LA,ASW,CE,Federal Contract Tower,0,5,3,37,45,0,3,14,4,21,0,8,17,41,66,4,80,84,150
11/10/2015,CWF,LA,ASW,CE,Federal Contract Tower,0,0,9,28,37,0,0,0,0,0,0,0,9,28,37,0,10,10,47
11/11/2015,CWF,LA,ASW,CE,Federal Contract Tower,0,4,6,2,12,0,2,3,0,5,0,6,9,2,17,0,0,0,17
11/12/2015,CWF,LA,ASW,CE,Federal Contract Tower,0,0,8,36,44,0,0,12,0,12,0,0,20,36,56,0,22,22,78
11/13/2015,CWF,LA,ASW,CE,Federal Contract Tower,0,2,7,71,80,0,0,3,3,6,0,2,10,74,86,10,8,18,104
11/14/2015,CWF,LA,ASW,CE,Federal Contract Tower,0,0,2,40,42,0,0,1,0,1,0,0,3,40,43,0,18,18,61
11/15/2015,CWF,LA,ASW,CE,Federal Contract Tower,0,1,3,17,21,0,0,5,4,9,0,1,8,21,30,0,0,0,30
11/16/2015,CWF,LA,ASW,CE,Federal Contract Tower,0,0,0,18,18,0,0,6,3,9,0,0,6,21,27,0,0,0,27
11/17/2015,CWF,LA,ASW,CE,Federal Contract Tower,0,2,7,8,17,0,0,0,0,0,0,2,7,8,17,0,0,0,17
11/18/2015,CWF,LA,ASW,CE,Federal Contract Tower,0,3,7,37,47,0,2,16,1,19,0,5,23,38,66,0,36,36,102
11/19/2015,CWF,LA,ASW,CE,Federal Contract Tower,0,6,9,36,51,0,4,20,2,26,0,10,29,38,77,4,16,20,97
11/20/2015,CWF,LA,ASW,CE,Federal Contract Tower,1,1,4,88,94,0,0,13,10,23,1,1,17,98,117,32,38,70,187
11/21/2015,CWF,LA,ASW,CE,Federal Contract Tower,0,0,1,0,1,0,0,0,0,0,0,0,1,0,1,0,0,0,1
11/22/2015,CWF,LA,ASW,CE,Federal Contract Tower,0,1,1,6,8,0,0,6,1,7,0,1,7,7,15,0,0,0,15
11/23/2015,CWF,LA,ASW,CE,Federal Contract Tower,0,1,0,41,42,0,2,8,4,14,0,3,8,45,56,0,22,22,78
11/24/2015,CWF,LA,ASW,CE,Federal Contract Tower,0,8,1,32,41,0,1,9,5,15,0,9,10,37,56,0,25,25,81
11/25/2015,CWF,LA,ASW,CE,Federal Contract Tower,0,0,6,3,9,0,0,1,0,1,0,0,7,3,10,0,6,6,16
11/26/2015,CWF,LA,ASW,CE,Federal Contract Tower,0,0,1,0,1,0,0,2,0,2,0,0,3,0,3,0,0,0,3
11/27/2015,CWF,LA,ASW,CE,Federal Contract Tower,0,0,3,0,3,0,0,0,2,2,0,0,3,2,5,0,0,0,5
11/28/2015,CWF,LA,ASW,CE,Federal Contract Tower,0,0,0,0,0,0,2,4,0,6,0,2,4,0,6,0,0,0,6
11/29/2015,CWF,LA,ASW,CE,Federal Contract Tower,0,0,0,0,0,0,0,2,0,2,0,0,2,0,2,0,0,0,2
11/30/2015,CWF,LA,ASW,CE,Federal Contract Tower,0,3,6,8,17,0,1,1,0,2,0,4,7,8,19,14,0,14,33
12/01/2015,CWF,LA,ASW,CE,Federal Contract Tower,0,0,4,9,13,0,0,0,0,0,0,0,4,9,13,0,0,0,13
12/02/2015,CWF,LA,ASW,CE,Federal Contract Tower,0,0,9,58,67,0,2,14,2,18,0,2,23,60,85,24,10,34,119
12/03/2015,CWF,LA,ASW,CE,Federal Contract Tower,4,3,33,21,61,0,1,23,2,26,4,4,56,23,87,20,22,42,129
12/04/2015,CWF,LA,ASW,CE,Federal Contract Tower,0,3,8,39,50,0,0,8,3,11,0,3,16,42,61,26,14,40,101
12/05/2015,CWF,LA,ASW,CE,Federal Contract Tower,0,0,3,53,56,0,0,9,3,12,0,0,12,56,68,0,6,6,74
12/06/2015,CWF,LA,ASW,CE,Federal Contract Tower,0,0,6,15,21,0,0,5,0,5,0,0,11,15,26,0,0,0,26
12/07/2015,CWF,LA,ASW,CE,Federal Contract Tower,0,0,1,39,40,0,2,6,0,8,0,2,7,39,48,6,60,66,114
12/08/2015,CWF,LA,ASW,CE,Federal Contract Tower,0,1,5,53,59,0,0,7,10,17,0,1,12,63,76,0,34,34,110
12/09/2015,CWF,LA,ASW,CE,Federal Contract Tower,0,0,3,44,47,0,0,22,9,31,0,0,25,53,78,18,28,46,124
12/10/2015,CWF,LA,ASW,CE,Federal Contract Tower,0,0,5,24,29,0,0,4,0,4,0,0,9,24,33,0,16,16,49
12/11/2015,CWF,LA,ASW,CE,Federal Contract Tower,0,0,1,34,35,0,0,2,0,2,0,0,3,34,37,0,0,0,37
12/12/2015,CWF,LA,ASW,CE,Federal Contract Tower,0,2,2,18,22,0,0,0,4,4,0,2,2,22,26,0,0,0,26
12/13/2015,CWF,LA,ASW,CE,Federal Contract Tower,0,0,5,0,5,0,0,0,0,0,0,0,5,0,5,0,0,0,5
12/14/2015,CWF,LA,ASW,CE,Federal Contract Tower,0,0,22,63,85,0,3,10,12,25,0,3,32,75,110,8,94,102,212
12/15/2015,CWF,LA,ASW,CE,Federal Contract Tower,0,1,15,74,90,0,2,18,11,31,0,3,33,85,121,0,82,82,203
12/16/2015,CWF,LA,ASW,CE,Federal Contract Tower,0,0,0,0,0,0,0,2,2,4,0,0,2,2,4,0,0,0,4
12/17/2015,CWF,LA,ASW,CE,Federal Contract Tower,2,0,11,23,36,0,4,13,1,18,2,4,24,24,54,0,24,24,78
12/18/2015,CWF,LA,ASW,CE,Federal Contract Tower,0,1,18,29,48,0,0,9,2,11,0,1,27,31,59,0,6,6,65
12/19/2015,CWF,LA,ASW,CE,Federal Contract Tower,0,0,1,83,84,0,0,8,6,14,0,0,9,89,98,0,98,98,196
12/20/2015,CWF,LA,ASW,CE,Federal Contract Tower,0,0,4,9,13,0,0,0,1,1,0,0,4,10,14,0,0,0,14
12/21/2015,CWF,LA,ASW,CE,Federal Contract Tower,0,0,3,0,3,0,0,1,0,1,0,0,4,0,4,0,0,0,4
12/22/2015,CWF,LA,ASW,CE,Federal Contract Tower,0,0,1,0,1,0,0,2,0,2,0,0,3,0,3,2,0,2,5
12/23/2015,CWF,LA,ASW,CE,Federal Contract Tower,0,0,0,0,0,0,2,1,0,3,0,2,1,0,3,0,0,0,3
12/24/2015,CWF,LA,ASW,CE,Federal Contract Tower,0,0,2,0,2,0,0,0,0,0,0,0,2,0,2,0,0,0,2
12/25/2015,CWF,LA,ASW,CE,Federal Contract Tower,0,0,0,0,0,0,0,0,0,0,0,0,0,0,0,0,0,0,0
12/26/2015,CWF,LA,ASW,CE,Federal Contract Tower,0,1,3,0,4,0,0,0,0,0,0,1,3,0,4,0,0,0,4
12/27/2015,CWF,LA,ASW,CE,Federal Contract Tower,0,0,1,2,3,0,0,0,0,0,0,0,1,2,3,0,0,0,3
12/28/2015,CWF,LA,ASW,CE,Federal Contract Tower,0,0,10,2,12,0,2,5,2,9,0,2,15,4,21,0,0,0,21
12/29/2015,CWF,LA,ASW,CE,Federal Contract Tower,0,0,9,23,32,0,1,5,2,8,0,1,14,25,40,22,16,38,78
12/30/2015,CWF,LA,ASW,CE,Federal Contract Tower,0,7,5,4,16,0,5,7,4,16,0,12,12,8,32,10,0,10,42
12/31/2015,CWF,LA,ASW,CE,Federal Contract Tower,0,0,9,1,10,0,0,8,0,8,0,0,17,1,18,0,0,0,18
01/01/2016,CWF,LA,ASW,CE,Federal Contract Tower,0,0,2,0,2,0,0,0,0,0,0,0,2,0,2,0,0,0,2
01/02/2016,CWF,LA,ASW,CE,Federal Contract Tower,0,1,5,2,8,0,0,3,0,3,0,1,8,2,11,0,0,0,11
01/03/2016,CWF,LA,ASW,CE,Federal Contract Tower,0,0,2,0,2,0,0,0,0,0,0,0,2,0,2,0,0,0,2
01/04/2016,CWF,LA,ASW,CE,Federal Contract Tower,0,1,1,18,20,0,6,8,0,14,0,7,9,18,34,0,0,0,34
01/05/2016,CWF,LA,ASW,CE,Federal Contract Tower,0,2,10,43,55,0,2,10,7,19,0,4,20,50,74,0,12,12,86
01/06/2016,CWF,LA,ASW,CE,Federal Contract Tower,0,0,13,22,35,0,0,10,3,13,0,0,23,25,48,4,50,54,102
01/07/2016,CWF,LA,ASW,CE,Federal Contract Tower,0,4,13,16,33,0,3,9,0,12,0,7,22,16,45,20,6,26,71
01/08/2016,CWF,LA,ASW,CE,Federal Contract Tower,0,2,2,27,31,0,0,0,0,0,0,2,2,27,31,0,0,0,31
01/09/2016,CWF,LA,ASW,CE,Federal Contract Tower,0,0,2,31,33,0,0,2,1,3,0,0,4,32,36,0,36,36,72
01/10/2016,CWF,LA,ASW,CE,Federal Contract Tower,0,3,5,3,11,0,0,4,1,5,0,3,9,4,16,0,0,0,16
01/11/2016,CWF,LA,ASW,CE,Federal Contract Tower,0,2,3,20,25,0,4,12,4,20,0,6,15,24,45,10,0,10,55
01/12/2016,CWF,LA,ASW,CE,Federal Contract Tower,0,0,6,35,41,0,0,6,8,14,0,0,12,43,55,0,42,42,97
01/13/2016,CWF,LA,ASW,CE,Federal Contract Tower,0,2,4,20,26,0,0,4,1,5,0,2,8,21,31,0,64,64,95
01/14/2016,CWF,LA,ASW,CE,Federal Contract Tower,2,1,2,5,10,0,0,0,2,2,2,1,2,7,12,0,0,0,12
01/15/2016,CWF,LA,ASW,CE,Federal Contract Tower,0,0,7,69,76,0,0,1,2,3,0,0,8,71,79,0,10,10,89
01/16/2016,CWF,LA,ASW,CE,Federal Contract Tower,2,0,2,8,12,0,1,3,0,4,2,1,5,8,16,0,0,0,16
01/17/2016,CWF,LA,ASW,CE,Federal Contract Tower,0,0,2,9,11,0,0,8,2,10,0,0,10,11,21,6,0,6,27
01/18/2016,CWF,LA,ASW,CE,Federal Contract Tower,1,2,5,11,19,0,2,13,3,18,1,4,18,14,37,0,22,22,59
01/19/2016,CWF,LA,ASW,CE,Federal Contract Tower,1,0,9,52,62,0,2,16,4,22,1,2,25,56,84,20,42,62,146
01/20/2016,CWF,LA,ASW,CE,Federal Contract Tower,0,2,10,12,24,0,0,3,0,3,0,2,13,12,27,4,4,8,35
01/21/2016,CWF,LA,ASW,CE,Federal Contract Tower,0,0,9,6,15,0,1,0,0,1,0,1,9,6,16,0,0,0,16
01/22/2016,CWF,LA,ASW,CE,Federal Contract Tower,0,0,1,34,35,0,0,1,6,7,0,0,2,40,42,0,32,32,74
01/23/2016,CWF,LA,ASW,CE,Federal Contract Tower,0,0,1,17,18,0,0,26,5,31,0,0,27,22,49,4,72,76,125
01/24/2016,CWF,LA,ASW,CE,Federal Contract Tower,0,0,1,55,56,0,1,7,6,14,0,1,8,61,70,0,48,48,118
01/25/2016,CWF,LA,ASW,CE,Federal Contract Tower,0,0,10,37,47,0,5,7,1,13,0,5,17,38,60,0,34,34,94
01/26/2016,CWF,LA,ASW,CE,Federal Contract Tower,0,0,5,10,15,0,0,0,0,0,0,0,5,10,15,0,0,0,15
01/27/2016,CWF,LA,ASW,CE,Federal Contract Tower,1,0,9,12,22,0,9,9,11,29,1,9,18,23,51,0,18,18,69
01/28/2016,CWF,LA,ASW,CE,Federal Contract Tower,0,0,8,56,64,0,5,22,11,38,0,5,30,67,102,46,44,90,192
01/29/2016,CWF,LA,ASW,CE,Federal Contract Tower,0,0,2,29,31,0,0,11,11,22,0,0,13,40,53,44,60,104,157
01/30/2016,CWF,LA,ASW,CE,Federal Contract Tower,0,0,5,16,21,0,0,3,5,8,0,0,8,21,29,0,18,18,47
01/31/2016,CWF,LA,ASW,CE,Federal Contract Tower,0,0,8,17,25,0,0,0,0,0,0,0,8,17,25,0,12,12,37
02/01/2016,CWF,LA,ASW,CE,Federal Contract Tower,0,0,4,10,14,0,0,0,6,6,0,0,4,16,20,0,0,0,20
02/02/2016,CWF,LA,ASW,CE,Federal Contract Tower,0,0,9,8,17,0,0,3,0,3,0,0,12,8,20,0,0,0,20
02/03/2016,CWF,LA,ASW,CE,Federal Contract Tower,0,1,8,32,41,0,0,19,2,21,0,1,27,34,62,0,22,22,84
02/04/2016,CWF,LA,ASW,CE,Federal Contract Tower,0,0,1,25,26,0,2,22,2,26,0,2,23,27,52,0,20,20,72
02/05/2016,CWF,LA,ASW,CE,Federal Contract Tower,0,0,5,41,46,0,2,21,3,26,0,2,26,44,72,2,40,42,114
02/06/2016,CWF,LA,ASW,CE,Federal Contract Tower,0,0,6,30,36,0,0,14,2,16,0,0,20,32,52,0,20,20,72
02/07/2016,CWF,LA,ASW,CE,Federal Contract Tower,0,0,4,29,33,0,0,17,5,22,0,0,21,34,55,26,22,48,103
02/08/2016,CWF,LA,ASW,CE,Federal Contract Tower,0,2,2,17,21,0,4,8,0,12,0,6,10,17,33,2,6,8,41
02/09/2016,CWF,LA,ASW,CE,Federal Contract Tower,0,4,2,45,51,0,0,15,3,18,0,4,17,48,69,0,36,36,105
02/10/2016,CWF,LA,ASW,CE,Federal Contract Tower,1,0,3,24,28,0,0,8,4,12,1,0,11,28,40,0,16,16,56
02/11/2016,CWF,LA,ASW,CE,Federal Contract Tower,1,0,0,37,38,0,2,21,5,28,1,2,21,42,66,4,78,82,148
02/12/2016,CWF,LA,ASW,CE,Federal Contract Tower,0,2,3,47,52,0,0,13,2,15,0,2,16,49,67,8,34,42,109
02/13/2016,CWF,LA,ASW,CE,Federal Contract Tower,1,0,5,40,46,0,0,28,1,29,1,0,33,41,75,0,24,24,99
02/14/2016,CWF,LA,ASW,CE,Federal Contract Tower,0,0,2,5,7,0,0,2,3,5,0,0,4,8,12,0,0,0,12
02/15/2016,CWF,LA,ASW,CE,Federal Contract Tower,0,2,7,0,9,0,1,3,0,4,0,3,10,0,13,0,0,0,13
02/16/2016,CWF,LA,ASW,CE,Federal Contract Tower,0,1,1,25,27,0,1,23,1,25,0,2,24,26,52,0,6,6,58
02/17/2016,CWF,LA,ASW,CE,Federal Contract Tower,2,0,11,31,44,0,1,33,10,44,2,1,44,41,88,0,30,30,118
02/18/2016,CWF,LA,ASW,CE,Federal Contract Tower,2,0,3,25,30,4,0,26,13,43,6,0,29,38,73,10,32,42,115
02/19/2016,CWF,LA,ASW,CE,Federal Contract Tower,4,0,1,40,45,6,0,13,4,23,10,0,14,44,68,6,26,32,100
02/20/2016,CWF,LA,ASW,CE,Federal Contract Tower,2,0,3,37,42,0,0,5,0,5,2,0,8,37,47,0,16,16,63
02/21/2016,CWF,LA,ASW,CE,Federal Contract Tower,1,2,5,58,66,0,0,3,2,5,1,2,8,60,71,0,18,18,89
02/22/2016,CWF,LA,ASW,CE,Federal Contract Tower,5,0,11,0,16,0,0,0,0,0,5,0,11,0,16,0,0,0,16
02/23/2016,CWF,LA,ASW,CE,Federal Contract Tower,0,0,3,4,7,0,0,0,0,0,0,0,3,4,7,0,0,0,7
02/24/2016,CWF,LA,ASW,CE,Federal Contract Tower,1,0,1,37,39,3,1,15,8,27,4,1,16,45,66,0,24,24,90
02/25/2016,CWF,LA,ASW,CE,Federal Contract Tower,2,0,9,28,39,0,4,18,5,27,2,4,27,33,66,0,18,18,84
02/26/2016,CWF,LA,ASW,CE,Federal Contract Tower,0,3,7,59,69,0,2,14,4,20,0,5,21,63,89,0,52,52,141
02/27/2016,CWF,LA,ASW,CE,Federal Contract Tower,0,2,2,25,29,0,0,13,3,16,0,2,15,28,45,0,16,16,61
02/28/2016,CWF,LA,ASW,CE,Federal Contract Tower,0,0,3,19,22,0,0,9,4,13,0,0,12,23,35,0,20,20,55
02/29/2016,CWF,LA,ASW,CE,Federal Contract Tower,2,2,13,31,48,0,5,9,8,22,2,7,22,39,70,6,0,6,76
03/01/2016,CWF,LA,ASW,CE,Federal Contract Tower,1,0,7,12,20,0,0,2,1,3,1,0,9,13,23,0,0,0,23
03/02/2016,CWF,LA,ASW,CE,Federal Contract Tower,2,2,7,20,31,0,0,8,5,13,2,2,15,25,44,0,0,0,44
03/03/2016,CWF,LA,ASW,CE,Federal Contract Tower,3,0,3,26,32,0,1,2,0,3,3,1,5,26,35,0,0,0,35
03/04/2016,CWF,LA,ASW,CE,Federal Contract Tower,2,0,0,72,74,0,3,23,14,40,2,3,23,86,114,0,95,95,209
03/05/2016,CWF,LA,ASW,CE,Federal Contract Tower,0,0,1,61,62,0,0,16,4,20,0,0,17,65,82,6,66,72,154
03/06/2016,CWF,LA,ASW,CE,Federal Contract Tower,1,2,0,31,34,0,0,15,0,15,1,2,15,31,49,0,22,22,71
03/07/2016,CWF,LA,ASW,CE,Federal Contract Tower,3,0,2,16,21,0,0,3,0,3,3,0,5,16,24,0,10,10,34
03/08/2016,CWF,LA,ASW,CE,Federal Contract Tower,1,0,1,2,4,0,2,0,0,2,1,2,1,2,6,0,0,0,6
03/09/2016,CWF,LA,ASW,CE,Federal Contract Tower,3,0,6,0,9,0,0,0,0,0,3,0,6,0,9,0,0,0,9
03/10/2016,CWF,LA,ASW,CE,Federal Contract Tower,2,0,4,6,12,0,0,0,0,0,2,0,4,6,12,0,0,0,12
03/11/2016,CWF,LA,ASW,CE,Federal Contract Tower,0,2,3,1,6,0,1,5,0,6,0,3,8,1,12,24,0,24,36
03/12/2016,CWF,LA,ASW,CE,Federal Contract Tower,0,0,2,16,18,0,0,0,0,0,0,0,2,16,18,0,0,0,18
03/13/2016,CWF,LA,ASW,CE,Federal Contract Tower,0,2,2,2,6,0,0,11,1,12,0,2,13,3,18,0,0,0,18
03/14/2016,CWF,LA,ASW,CE,Federal Contract Tower,0,0,5,19,24,0,0,26,2,28,0,0,31,21,52,0,10,10,62
03/15/2016,CWF,LA,ASW,CE,Federal Contract Tower,1,0,8,24,33,0,1,19,3,23,1,1,27,27,56,4,0,4,60
03/16/2016,CWF,LA,ASW,CE,Federal Contract Tower,3,2,17,15,37,0,0,29,0,29,3,2,46,15,66,0,2,2,68
03/17/2016,CWF,LA,ASW,CE,Federal Contract Tower,4,0,6,14,24,0,0,0,0,0,4,0,6,14,24,0,12,12,36
03/18/2016,CWF,LA,ASW,CE,Federal Contract Tower,1,0,5,35,41,0,0,4,0,4,1,0,9,35,45,2,0,2,47
03/19/2016,CWF,LA,ASW,CE,Federal Contract Tower,0,3,1,13,17,0,0,10,0,10,0,3,11,13,27,8,0,8,35
03/20/2016,CWF,LA,ASW,CE,Federal Contract Tower,0,0,8,29,37,0,0,9,2,11,0,0,17,31,48,0,4,4,52
03/21/2016,CWF,LA,ASW,CE,Federal Contract Tower,1,0,2,25,28,0,0,5,9,14,1,0,7,34,42,0,18,18,60
03/22/2016,CWF,LA,ASW,CE,Federal Contract Tower,0,9,17,18,44,0,2,9,13,24,0,11,26,31,68,36,16,52,120
03/23/2016,CWF,LA,ASW,CE,Federal Contract Tower,2,0,9,35,46,0,0,1,6,7,2,0,10,41,53,0,22,22,75
03/24/2016,CWF,LA,ASW,CE,Federal Contract Tower,2,0,2,6,10,0,0,6,0,6,2,0,8,6,16,0,0,0,16
03/25/2016,CWF,LA,ASW,CE,Federal Contract Tower,0,2,5,38,45,0,0,5,19,24,0,2,10,57,69,0,102,102,171
03/26/2016,CWF,LA,ASW,CE,Federal Contract Tower,0,0,0,4,4,0,2,1,0,3,0,2,1,4,7,0,8,8,15
03/27/2016,CWF,LA,ASW,CE,Federal Contract Tower,5,0,7,0,12,0,0,0,0,0,5,0,7,0,12,0,0,0,12
03/28/2016,CWF,LA,ASW,CE,Federal Contract Tower,0,0,2,18,20,0,0,10,7,17,0,0,12,25,37,2,28,30,67
03/29/2016,CWF,LA,ASW,CE,Federal Contract Tower,2,0,9,27,38,0,2,10,4,16,2,2,19,31,54,2,42,44,98
03/30/2016,CWF,LA,ASW,CE,Federal Contract Tower,0,3,9,24,36,0,1,3,1,5,0,4,12,25,41,0,0,0,41
03/31/2016,CWF,LA,ASW,CE,Federal Contract Tower,2,0,8,7,17,0,1,3,0,4,2,1,11,7,21,0,0,0,21
04/01/2016,CWF,LA,ASW,CE,Federal Contract Tower,0,0,2,7,9,0,0,4,3,7,0,0,6,10,16,0,30,30,46
04/02/2016,CWF,LA,ASW,CE,Federal Contract Tower,0,3,6,18,27,0,0,7,4,11,0,3,13,22,38,4,40,44,82
04/03/2016,CWF,LA,ASW,CE,Federal Contract Tower,3,3,7,56,69,0,0,8,5,13,3,3,15,61,82,8,30,38,120
04/04/2016,CWF,LA,ASW,CE,Federal Contract Tower,1,0,5,58,64,0,0,20,9,29,1,0,25,67,93,4,32,36,129
04/05/2016,CWF,LA,ASW,CE,Federal Contract Tower,6,1,8,15,30,0,1,20,4,25,6,2,28,19,55,8,8,16,71
04/06/2016,CWF,LA,ASW,CE,Federal Contract Tower,3,1,7,34,45,0,3,9,3,15,3,4,16,37,60,0,0,0,60
04/07/2016,CWF,LA,ASW,CE,Federal Contract Tower,0,0,11,54,65,0,2,15,1,18,0,2,26,55,83,26,42,68,151
04/08/2016,CWF,LA,ASW,CE,Federal Contract Tower,0,3,11,28,42,0,0,11,3,14,0,3,22,31,56,2,26,28,84
04/09/2016,CWF,LA,ASW,CE,Federal Contract Tower,0,0,2,8,10,0,0,9,0,9,0,0,11,8,19,0,4,4,23
04/10/2016,CWF,LA,ASW,CE,Federal Contract Tower,0,1,1,22,24,0,0,2,13,15,0,1,3,35,39,0,6,6,45
04/11/2016,CWF,LA,ASW,CE,Federal Contract Tower,0,1,4,5,10,0,3,3,0,6,0,4,7,5,16,0,0,0,16
04/12/2016,CWF,LA,ASW,CE,Federal Contract Tower,2,1,5,14,22,0,0,3,17,20,2,1,8,31,42,0,4,4,46
04/13/2016,CWF,LA,ASW,CE,Federal Contract Tower,4,0,0,8,12,0,0,6,0,6,4,0,6,8,18,0,4,4,22
04/14/2016,CWF,LA,ASW,CE,Federal Contract Tower,2,0,8,8,18,0,2,7,0,9,2,2,15,8,27,0,0,0,27
04/15/2016,CWF,LA,ASW,CE,Federal Contract Tower,0,2,5,43,50,0,0,5,6,11,0,2,10,49,61,0,4,4,65
04/16/2016,CWF,LA,ASW,CE,Federal Contract Tower,0,0,8,44,52,0,0,2,7,9,0,0,10,51,61,0,22,22,83
04/17/2016,CWF,LA,ASW,CE,Federal Contract Tower,3,4,2,11,20,0,2,0,0,2,3,6,2,11,22,0,6,6,28
04/18/2016,CWF,LA,ASW,CE,Federal Contract Tower,2,0,2,0,4,0,0,0,0,0,2,0,2,0,4,0,0,0,4
04/19/2016,CWF,LA,ASW,CE,Federal Contract Tower,1,1,5,15,22,0,0,6,0,6,1,1,11,15,28,0,0,0,28
04/20/2016,CWF,LA,ASW,CE,Federal Contract Tower,0,2,8,1,11,0,2,8,0,10,0,4,16,1,21,0,0,0,21
04/21/2016,CWF,LA,ASW,CE,Federal Contract Tower,0,0,8,6,14,0,1,11,0,12,0,1,19,6,26,0,20,20,46
04/22/2016,CWF,LA,ASW,CE,Federal Contract Tower,3,8,10,31,52,0,1,12,0,13,3,9,22,31,65,0,4,4,69
04/23/2016,CWF,LA,ASW,CE,Federal Contract Tower,3,0,3,0,6,0,0,7,0,7,3,0,10,0,13,0,16,16,29
04/24/2016,CWF,LA,ASW,CE,Federal Contract Tower,2,7,0,22,31,0,1,3,14,18,2,8,3,36,49,0,0,0,49
04/25/2016,CWF,LA,ASW,CE,Federal Contract Tower,3,2,6,44,55,0,3,9,1,13,3,5,15,45,68,20,2,22,90
04/26/2016,CWF,LA,ASW,CE,Federal Contract Tower,0,0,7,43,50,0,2,25,1,28,0,2,32,44,78,0,20,20,98
04/27/2016,CWF,LA,ASW,CE,Federal Contract Tower,2,0,3,13,18,0,0,9,3,12,2,0,12,16,30,0,0,0,30
04/28/2016,CWF,LA,ASW,CE,Federal Contract Tower,7,0,17,43,67,0,6,20,7,33,7,6,37,50,100,12,36,48,148
04/29/2016,CWF,LA,ASW,CE,Federal Contract Tower,6,4,5,99,114,0,1,11,7,19,6,5,16,106,133,0,32,32,165
04/30/2016,CWF,LA,ASW,CE,Federal Contract Tower,5,1,3,0,9,0,3,3,0,6,5,4,6,0,15,0,0,0,15
05/01/2016,CWF,LA,ASW,CE,Federal Contract Tower,0,2,1,2,5,0,1,0,0,1,0,3,1,2,6,0,0,0,6
05/02/2016,CWF,LA,ASW,CE,Federal Contract Tower,0,0,6,3,9,0,3,2,1,6,0,3,8,4,15,0,2,2,17
05/03/2016,CWF,LA,ASW,CE,Federal Contract Tower,0,2,5,18,25,0,3,15,8,26,0,5,20,26,51,0,10,10,61
05/04/2016,CWF,LA,ASW,CE,Federal Contract Tower,2,2,12,53,69,0,8,26,14,48,2,10,38,67,117,0,14,14,131
05/05/2016,CWF,LA,ASW,CE,Federal Contract Tower,2,1,22,55,80,0,4,16,5,25,2,5,38,60,105,12,20,32,137
05/06/2016,CWF,LA,ASW,CE,Federal Contract Tower,0,0,17,48,65,0,2,15,18,35,0,2,32,66,100,0,34,34,134
05/07/2016,CWF,LA,ASW,CE,Federal Contract Tower,1,0,0,42,43,0,1,5,2,8,1,1,5,44,51,0,8,8,59
05/08/2016,CWF,LA,ASW,CE,Federal Contract Tower,0,0,4,22,26,0,1,4,4,9,0,1,8,26,35,0,18,18,53
05/09/2016,CWF,LA,ASW,CE,Federal Contract Tower,0,0,3,12,15,0,3,1,0,4,0,3,4,12,19,0,14,14,33
05/10/2016,CWF,LA,ASW,CE,Federal Contract Tower,3,0,8,80,91,0,3,7,11,21,3,3,15,91,112,0,62,62,174
05/11/2016,CWF,LA,ASW,CE,Federal Contract Tower,1,4,7,58,70,0,0,7,8,15,1,4,14,66,85,0,50,50,135
05/12/2016,CWF,LA,ASW,CE,Federal Contract Tower,1,9,2,28,40,0,3,19,3,25,1,12,21,31,65,20,60,80,145
05/13/2016,CWF,LA,ASW,CE,Federal Contract Tower,0,0,13,65,78,0,2,17,7,26,0,2,30,72,104,10,34,44,148
05/14/2016,CWF,LA,ASW,CE,Federal Contract Tower,3,1,9,14,27,0,2,7,5,14,3,3,16,19,41,0,8,8,49
05/15/2016,CWF,LA,ASW,CE,Federal Contract Tower,2,0,5,12,19,0,3,14,1,18,2,3,19,13,37,0,20,20,57
05/16/2016,CWF,LA,ASW,CE,Federal Contract Tower,3,0,7,4,14,0,3,6,0,9,3,3,13,4,23,0,0,0,23
05/17/2016,CWF,LA,ASW,CE,Federal Contract Tower,0,1,7,14,22,0,3,7,4,14,0,4,14,18,36,0,0,0,36
05/18/2016,CWF,LA,ASW,CE,Federal Contract Tower,0,0,7,22,29,0,0,11,1,12,0,0,18,23,41,0,24,24,65
05/19/2016,CWF,LA,ASW,CE,Federal Contract Tower,0,2,7,2,11,0,2,4,0,6,0,4,11,2,17,0,0,0,17
05/20/2016,CWF,LA,ASW,CE,Federal Contract Tower,0,0,7,17,24,0,0,14,5,19,0,0,21,22,43,0,42,42,85
05/21/2016,CWF,LA,ASW,CE,Federal Contract Tower,2,0,4,54,60,0,0,10,7,17,2,0,14,61,77,0,55,55,132
05/22/2016,CWF,LA,ASW,CE,Federal Contract Tower,0,0,1,5,6,0,1,2,5,8,0,1,3,10,14,0,8,8,22
05/23/2016,CWF,LA,ASW,CE,Federal Contract Tower,0,1,3,25,29,0,10,20,7,37,0,11,23,32,66,6,14,20,86
05/24/2016,CWF,LA,ASW,CE,Federal Contract Tower,0,1,4,53,58,0,5,15,2,22,0,6,19,55,80,0,30,30,110
05/25/2016,CWF,LA,ASW,CE,Federal Contract Tower,5,2,7,28,42,0,1,18,5,24,5,3,25,33,66,10,80,90,156
05/26/2016,CWF,LA,ASW,CE,Federal Contract Tower,1,0,6,22,29,0,1,11,0,12,1,1,17,22,41,0,0,0,41
05/27/2016,CWF,LA,ASW,CE,Federal Contract Tower,0,0,3,1,4,0,0,1,0,1,0,0,4,1,5,0,0,0,5
05/28/2016,CWF,LA,ASW,CE,Federal Contract Tower,0,0,1,0,1,0,1,11,0,12,0,1,12,0,13,0,0,0,13
05/29/2016,CWF,LA,ASW,CE,Federal Contract Tower,3,0,5,6,14,0,1,3,0,4,3,1,8,6,18,0,2,2,20
05/30/2016,CWF,LA,ASW,CE,Federal Contract Tower,0,0,4,4,8,0,2,11,0,13,0,2,15,4,21,0,0,0,21
05/31/2016,CWF,LA,ASW,CE,Federal Contract Tower,2,0,5,11,18,0,8,9,5,22,2,8,14,16,40,0,18,18,58
06/01/2016,CWF,LA,ASW,CE,Federal Contract Tower,2,0,8,2,12,0,5,8,0,13,2,5,16,2,25,0,0,0,25
06/02/2016,CWF,LA,ASW,CE,Federal Contract Tower,0,0,3,16,19,0,0,5,0,5,0,0,8,16,24,0,6,6,30
06/03/2016,CWF,LA,ASW,CE,Federal Contract Tower,1,0,1,19,21,0,1,6,0,7,1,1,7,19,28,6,10,16,44
06/04/2016,CWF,LA,ASW,CE,Federal Contract Tower,2,0,0,0,2,0,1,0,0,1,2,1,0,0,3,0,0,0,3
06/05/2016,CWF,LA,ASW,CE,Federal Contract Tower,0,0,5,8,13,0,2,7,1,10,0,2,12,9,23,0,14,14,37
06/06/2016,CWF,LA,ASW,CE,Federal Contract Tower,0,2,2,23,27,0,2,14,2,18,0,4,16,25,45,0,4,4,49
06/07/2016,CWF,LA,ASW,CE,Federal Contract Tower,1,0,3,20,24,0,6,34,12,52,1,6,37,32,76,0,34,34,110
06/08/2016,CWF,LA,ASW,CE,Federal Contract Tower,0,1,8,42,51,0,5,13,19,37,0,6,21,61,88,4,48,52,140
06/09/2016,CWF,LA,ASW,CE,Federal Contract Tower,0,3,6,24,33,0,5,27,3,35,0,8,33,27,68,0,10,10,78
06/10/2016,CWF,LA,ASW,CE,Federal Contract Tower,1,1,6,30,38,0,8,8,3,19,1,9,14,33,57,0,12,12,69
06/11/2016,CWF,LA,ASW,CE,Federal Contract Tower,0,0,1,22,23,0,3,5,0,8,0,3,6,22,31,0,26,26,57
06/12/2016,CWF,LA,ASW,CE,Federal Contract Tower,0,2,6,7,15,0,2,8,0,10,0,4,14,7,25,4,0,4,29
06/13/2016,CWF,LA,ASW,CE,Federal Contract Tower,0,2,5,4,11,0,3,6,1,10,0,5,11,5,21,4,0,4,25
06/14/2016,CWF,LA,ASW,CE,Federal Contract Tower,1,0,8,24,33,0,6,10,2,18,1,6,18,26,51,8,56,64,115
06/15/2016,CWF,LA,ASW,CE,Federal Contract Tower,0,0,7,37,44,0,7,9,5,21,0,7,16,42,65,0,52,52,117
06/16/2016,CWF,LA,ASW,CE,Federal Contract Tower,0,1,9,28,38,0,3,13,5,21,0,4,22,33,59,0,42,42,101
06/17/2016,CWF,LA,ASW,CE,Federal Contract Tower,0,1,7,61,69,0,7,14,8,29,0,8,21,69,98,0,28,28,126
06/18/2016,CWF,LA,ASW,CE,Federal Contract Tower,0,0,2,6,8,0,3,2,3,8,0,3,4,9,16,2,6,8,24
06/19/2016,CWF,LA,ASW,CE,Federal Contract Tower,0,0,2,1,3,0,1,6,3,10,0,1,8,4,13,0,2,2,15
06/20/2016,CWF,LA,ASW,CE,Federal Contract Tower,0,5,0,6,11,0,7,5,0,12,0,12,5,6,23,0,0,0,23
06/21/2016,CWF,LA,ASW,CE,Federal Contract Tower,0,3,1,5,9,0,13,12,1,26,0,16,13,6,35,0,14,14,49
06/22/2016,CWF,LA,ASW,CE,Federal Contract Tower,0,1,3,25,29,0,6,11,2,19,0,7,14,27,48,0,28,28,76
06/23/2016,CWF,LA,ASW,CE,Federal Contract Tower,0,3,5,31,39,0,2,25,4,31,0,5,30,35,70,0,8,8,78
06/24/2016,CWF,LA,ASW,CE,Federal Contract Tower,0,2,4,44,50,0,3,8,5,16,0,5,12,49,66,0,24,24,90
06/25/2016,CWF,LA,ASW,CE,Federal Contract Tower,0,0,1,7,8,0,2,6,1,9,0,2,7,8,17,0,0,0,17
06/26/2016,CWF,LA,ASW,CE,Federal Contract Tower,0,0,1,29,30,0,11,5,1,17,0,11,6,30,47,0,4,4,51
06/27/2016,CWF,LA,ASW,CE,Federal Contract Tower,0,0,7,7,14,0,7,12,5,24,0,7,19,12,38,0,2,2,40
06/28/2016,CWF,LA,ASW,CE,Federal Contract Tower,0,0,1,3,4,0,3,12,3,18,0,3,13,6,22,24,0,24,46
06/29/2016,CWF,LA,ASW,CE,Federal Contract Tower,1,0,11,18,30,0,3,16,0,19,1,3,27,18,49,0,16,16,65
06/30/2016,CWF,LA,ASW,CE,Federal Contract Tower,0,0,7,22,29,0,4,9,13,26,0,4,16,35,55,0,20,20,75
07/01/2016,CWF,LA,ASW,CE,Federal Contract Tower,0,2,1,21,24,0,0,12,0,12,0,2,13,21,36,0,0,0,36
07/02/2016,CWF,LA,ASW,CE,Federal Contract Tower,0,0,0,0,0,0,2,3,0,5,0,2,3,0,5,0,0,0,5
07/03/2016,CWF,LA,ASW,CE,Federal Contract Tower,0,0,0,0,0,0,1,4,0,5,0,1,4,0,5,0,0,0,5
07/04/2016,CWF,LA,ASW,CE,Federal Contract Tower,0,0,5,0,5,0,1,8,0,9,0,1,13,0,14,0,0,0,14
07/05/2016,CWF,LA,ASW,CE,Federal Contract Tower,0,0,0,37,37,0,10,5,3,18,0,10,5,40,55,0,6,6,61
07/06/2016,CWF,LA,ASW,CE,Federal Contract Tower,0,3,5,43,51,0,7,9,6,22,0,10,14,49,73,0,20,20,93
07/07/2016,CWF,LA,ASW,CE,Federal Contract Tower,0,2,7,16,25,0,4,15,4,23,0,6,22,20,48,0,16,16,64
07/08/2016,CWF,LA,ASW,CE,Federal Contract Tower,0,0,4,114,118,0,0,11,13,24,0,0,15,127,142,28,70,98,240
07/09/2016,CWF,LA,ASW,CE,Federal Contract Tower,0,0,1,57,58,0,6,16,18,40,0,6,17,75,98,0,28,28,126
07/10/2016,CWF,LA,ASW,CE,Federal Contract Tower,0,0,0,10,10,0,2,3,3,8,0,2,3,13,18,0,2,2,20
07/11/2016,CWF,LA,ASW,CE,Federal Contract Tower,0,0,2,13,15,0,8,13,5,26,0,8,15,18,41,6,12,18,59
07/12/2016,CWF,LA,ASW,CE,Federal Contract Tower,0,0,0,42,42,0,8,16,3,27,0,8,16,45,69,2,20,22,91
07/13/2016,CWF,LA,ASW,CE,Federal Contract Tower,0,0,4,20,24,0,5,20,6,31,0,5,24,26,55,0,18,18,73
07/14/2016,CWF,LA,ASW,CE,Federal Contract Tower,0,0,2,10,12,0,2,16,2,20,0,2,18,12,32,0,8,8,40
07/15/2016,CWF,LA,ASW,CE,Federal Contract Tower,0,0,14,62,76,0,4,13,5,22,0,4,27,67,98,0,44,44,142
07/16/2016,CWF,LA,ASW,CE,Federal Contract Tower,1,0,0,6,7,0,4,0,1,5,1,4,0,7,12,0,0,0,12
07/17/2016,CWF,LA,ASW,CE,Federal Contract Tower,0,1,5,0,6,0,3,2,0,5,0,4,7,0,11,0,0,0,11
07/19/2016,CWF,LA,ASW,CE,Federal Contract Tower,0,0,4,19,23,0,5,15,6,26,0,5,19,25,49,6,18,24,73
07/20/2016,CWF,LA,ASW,CE,Federal Contract Tower,2,0,2,14,18,0,3,21,5,29,2,3,23,19,47,0,36,36,83
07/21/2016,CWF,LA,ASW,CE,Federal Contract Tower,0,0,14,16,30,0,3,17,0,20,0,3,31,16,50,10,20,30,80
07/22/2016,CWF,LA,ASW,CE,Federal Contract Tower,0,0,3,41,44,0,2,7,1,10,0,2,10,42,54,0,14,14,68
07/23/2016,CWF,LA,ASW,CE,Federal Contract Tower,0,4,6,17,27,0,5,4,1,10,0,9,10,18,37,0,20,20,57
07/24/2016,CWF,LA,ASW,CE,Federal Contract Tower,0,0,4,4,8,0,1,8,0,9,0,1,12,4,17,0,10,10,27
07/25/2016,CWF,LA,ASW,CE,Federal Contract Tower,0,0,5,9,14,0,2,16,0,18,0,2,21,9,32,0,0,0,32
07/26/2016,CWF,LA,ASW,CE,Federal Contract Tower,0,0,5,3,8,0,1,9,1,11,0,1,14,4,19,0,0,0,19
07/27/2016,CWF,LA,ASW,CE,Federal Contract Tower,0,0,7,1,8,0,0,11,0,11,0,0,18,1,19,0,0,0,19
07/28/2016,CWF,LA,ASW,CE,Federal Contract Tower,1,0,10,8,19,0,3,9,0,12,1,3,19,8,31,0,0,0,31
07/29/2016,CWF,LA,ASW,CE,Federal Contract Tower,1,0,5,51,57,0,0,12,6,18,1,0,17,57,75,0,54,54,129
07/30/2016,CWF,LA,ASW,CE,Federal Contract Tower,0,0,9,29,38,0,0,10,3,13,0,0,19,32,51,0,20,20,71
07/31/2016,CWF,LA,ASW,CE,Federal Contract Tower,0,0,7,23,30,0,0,3,0,3,0,0,10,23,33,0,22,22,55
08/01/2016,CWF,LA,ASW,CE,Federal Contract Tower,0,0,2,37,39,0,2,14,9,25,0,2,16,46,64,0,10,10,74
08/02/2016,CWF,LA,ASW,CE,Federal Contract Tower,0,0,0,13,13,0,5,17,3,25,0,5,17,16,38,0,8,8,46
08/03/2016,CWF,LA,ASW,CE,Federal Contract Tower,0,12,4,19,35,0,3,9,2,14,0,15,13,21,49,0,32,32,81
08/04/2016,CWF,LA,ASW,CE,Federal Contract Tower,0,0,2,34,36,0,4,18,6,28,0,4,20,40,64,0,8,8,72
08/05/2016,CWF,LA,ASW,CE,Federal Contract Tower,1,1,3,52,57,0,0,15,4,19,1,1,18,56,76,0,64,64,140
08/06/2016,CWF,LA,ASW,CE,Federal Contract Tower,0,0,4,20,24,0,0,5,0,5,0,0,9,20,29,0,0,0,29
08/07/2016,CWF,LA,ASW,CE,Federal Contract Tower,0,0,2,15,17,0,1,4,3,8,0,1,6,18,25,0,0,0,25
08/08/2016,CWF,LA,ASW,CE,Federal Contract Tower,0,0,1,20,21,0,1,5,8,14,0,1,6,28,35,0,0,0,35
08/09/2016,CWF,LA,ASW,CE,Federal Contract Tower,0,1,8,19,28,0,2,6,7,15,0,3,14,26,43,0,20,20,63
08/10/2016,CWF,LA,ASW,CE,Federal Contract Tower,0,0,3,11,14,0,9,8,0,17,0,9,11,11,31,0,0,0,31
08/11/2016,CWF,LA,ASW,CE,Federal Contract Tower,0,0,2,12,14,0,1,9,0,10,0,1,11,12,24,16,0,16,40
08/12/2016,CWF,LA,ASW,CE,Federal Contract Tower,0,2,1,8,11,0,0,2,0,2,0,2,3,8,13,0,0,0,13
08/13/2016,CWF,LA,ASW,CE,Federal Contract Tower,0,0,8,0,8,0,0,0,0,0,0,0,8,0,8,0,0,0,8
08/14/2016,CWF,LA,ASW,CE,Federal Contract Tower,0,0,3,2,5,0,0,3,0,3,0,0,6,2,8,0,0,0,8
08/15/2016,CWF,LA,ASW,CE,Federal Contract Tower,0,1,1,2,4,0,6,4,2,12,0,7,5,4,16,0,0,0,16
08/16/2016,CWF,LA,ASW,CE,Federal Contract Tower,0,0,1,4,5,0,2,2,2,6,0,2,3,6,11,0,0,0,11
08/17/2016,CWF,LA,ASW,CE,Federal Contract Tower,0,0,3,6,9,0,3,16,4,23,0,3,19,10,32,0,0,0,32
08/18/2016,CWF,LA,ASW,CE,Federal Contract Tower,0,0,6,4,10,0,4,18,1,23,0,4,24,5,33,0,0,0,33
08/19/2016,CWF,LA,ASW,CE,Federal Contract Tower,0,4,6,22,32,0,5,7,2,14,0,9,13,24,46,0,26,26,72
08/20/2016,CWF,LA,ASW,CE,Federal Contract Tower,0,0,8,10,18,0,5,16,2,23,0,5,24,12,41,0,14,14,55
08/21/2016,CWF,LA,ASW,CE,Federal Contract Tower,0,0,11,1,12,0,5,5,0,10,0,5,16,1,22,0,0,0,22
08/22/2016,CWF,LA,ASW,CE,Federal Contract Tower,0,7,2,7,16,0,8,11,5,24,0,15,13,12,40,2,0,2,42
08/23/2016,CWF,LA,ASW,CE,Federal Contract Tower,0,4,8,16,28,0,4,12,6,22,0,8,20,22,50,14,12,26,76
08/24/2016,CWF,LA,ASW,CE,Federal Contract Tower,0,4,4,9,17,0,4,17,1,22,0,8,21,10,39,0,0,0,39
08/25/2016,CWF,LA,ASW,CE,Federal Contract Tower,0,0,6,5,11,0,2,9,1,12,0,2,15,6,23,0,10,10,33
08/26/2016,CWF,LA,ASW,CE,Federal Contract Tower,0,0,11,14,25,0,8,3,1,12,0,8,14,15,37,0,6,6,43
08/27/2016,CWF,LA,ASW,CE,Federal Contract Tower,0,0,3,0,3,0,0,9,0,9,0,0,12,0,12,0,0,0,12
08/28/2016,CWF,LA,ASW,CE,Federal Contract Tower,1,0,2,12,15,0,0,5,0,5,1,0,7,12,20,0,0,0,20
08/29/2016,CWF,LA,ASW,CE,Federal Contract Tower,0,6,4,6,16,0,3,13,0,16,0,9,17,6,32,0,0,0,32
08/30/2016,CWF,LA,ASW,CE,Federal Contract Tower,0,0,3,26,29,0,3,20,0,23,0,3,23,26,52,4,16,20,72
08/31/2016,CWF,LA,ASW,CE,Federal Contract Tower,0,1,1,26,28,0,2,29,1,32,0,3,30,27,60,0,10,10,70
09/01/2016,CWF,LA,ASW,CE,Federal Contract Tower,0,2,0,20,22,0,3,8,1,12,0,5,8,21,34,0,18,18,52
09/02/2016,CWF,LA,ASW,CE,Federal Contract Tower,1,2,5,14,22,0,3,10,0,13,1,5,15,14,35,4,0,4,39
09/03/2016,CWF,LA,ASW,CE,Federal Contract Tower,0,0,0,6,6,0,2,5,2,9,0,2,5,8,15,0,16,16,31
09/04/2016,CWF,LA,ASW,CE,Federal Contract Tower,0,0,0,0,0,0,3,4,0,7,0,3,4,0,7,0,0,0,7
09/05/2016,CWF,LA,ASW,CE,Federal Contract Tower,0,0,2,0,2,0,1,8,0,9,0,1,10,0,11,0,0,0,11
09/06/2016,CWF,LA,ASW,CE,Federal Contract Tower,1,0,7,6,14,0,0,3,1,4,1,0,10,7,18,0,0,0,18
09/07/2016,CWF,LA,ASW,CE,Federal Contract Tower,2,3,9,37,51,0,3,29,6,38,2,6,38,43,89,0,22,22,111
09/08/2016,CWF,LA,ASW,CE,Federal Contract Tower,0,0,5,37,42,0,4,11,0,15,0,4,16,37,57,4,2,6,63
09/10/2016,CWF,LA,ASW,CE,Federal Contract Tower,0,0,1,12,13,0,2,9,14,25,0,2,10,26,38,14,50,64,102
09/11/2016,CWF,LA,ASW,CE,Federal Contract Tower,0,0,1,17,18,0,4,1,3,8,0,4,2,20,26,0,16,16,42
09/12/2016,CWF,LA,ASW,CE,Federal Contract Tower,0,0,5,13,18,0,5,15,3,23,0,5,20,16,41,12,20,32,73
09/13/2016,CWF,LA,ASW,CE,Federal Contract Tower,0,0,8,6,14,0,1,12,0,13,0,1,20,6,27,14,0,14,41
09/14/2016,CWF,LA,ASW,CE,Federal Contract Tower,0,3,15,17,35,0,4,16,16,36,0,7,31,33,71,0,0,0,71
09/15/2016,CWF,LA,ASW,CE,Federal Contract Tower,0,2,8,33,43,0,3,16,6,25,0,5,24,39,68,0,14,14,82
09/16/2016,CWF,LA,ASW,CE,Federal Contract Tower,0,0,7,23,30,0,0,0,2,2,0,0,7,25,32,0,0,0,32
09/17/2016,CWF,LA,ASW,CE,Federal Contract Tower,2,0,0,28,30,0,0,0,0,0,2,0,0,28,30,0,0,0,30
09/18/2016,CWF,LA,ASW,CE,Federal Contract Tower,0,0,1,14,15,0,4,5,4,13,0,4,6,18,28,0,4,4,32
09/19/2016,CWF,LA,ASW,CE,Federal Contract Tower,0,1,5,22,28,0,3,14,1,18,0,4,19,23,46,0,0,0,46
09/20/2016,CWF,LA,ASW,CE,Federal Contract Tower,0,0,5,24,29,0,3,20,11,34,0,3,25,35,63,0,58,58,121
09/21/2016,CWF,LA,ASW,CE,Federal Contract Tower,0,0,6,36,42,0,5,24,8,37,0,5,30,44,79,0,52,52,131
09/22/2016,CWF,LA,ASW,CE,Federal Contract Tower,0,0,6,39,45,0,0,19,3,22,0,0,25,42,67,0,14,14,81
09/23/2016,CWF,LA,ASW,CE,Federal Contract Tower,0,0,9,85,94,0,5,8,12,25,0,5,17,97,119,0,148,148,267
09/24/2016,CWF,LA,ASW,CE,Federal Contract Tower,0,0,1,23,24,0,0,4,0,4,0,0,5,23,28,16,28,44,72
09/25/2016,CWF,LA,ASW,CE,Federal Contract Tower,0,2,2,3,7,0,3,7,1,11,0,5,9,4,18,0,10,10,28
09/26/2016,CWF,LA,ASW,CE,Federal Contract Tower,0,0,4,25,29,0,5,7,5,17,0,5,11,30,46,0,10,10,56
09/27/2016,CWF,LA,ASW,CE,Federal Contract Tower,2,7,3,30,42,0,6,10,2,18,2,13,13,32,60,0,16,16,76
09/28/2016,CWF,LA,ASW,CE,Federal Contract Tower,0,4,16,43,63,0,3,17,0,20,0,7,33,43,83,0,82,82,165
09/29/2016,CWF,LA,ASW,CE,Federal Contract Tower,0,0,8,27,35,0,3,9,1,13,0,3,17,28,48,0,0,0,48
09/30/2016,CWF,LA,ASW,CE,Federal Contract Tower,1,1,1,26,29,0,5,10,4,19,1,6,11,30,48,0,10,10,58
10/01/2016,CWF,LA,ASW,CE,Federal Contract Tower,0,0,0,53,53,0,4,16,0,20,0,4,16,53,73,0,0,0,73
10/02/2016,CWF,LA,ASW,CE,Federal Contract Tower,0,2,2,6,10,0,5,7,1,13,0,7,9,7,23,0,0,0,23
10/03/2016,CWF,LA,ASW,CE,Federal Contract Tower,0,1,10,46,57,0,7,13,13,33,0,8,23,59,90,16,30,46,136
10/04/2016,CWF,LA,ASW,CE,Federal Contract Tower,0,10,2,36,48,0,12,5,7,24,0,22,7,43,72,0,82,82,154
10/05/2016,CWF,LA,ASW,CE,Federal Contract Tower,0,0,4,34,38,0,1,7,1,9,0,1,11,35,47,0,0,0,47
10/06/2016,CWF,LA,ASW,CE,Federal Contract Tower,0,1,4,34,39,0,3,19,3,25,0,4,23,37,64,0,42,42,106
10/07/2016,CWF,LA,ASW,CE,Federal Contract Tower,1,0,7,52,60,0,4,12,5,21,1,4,19,57,81,0,40,40,121
10/08/2016,CWF,LA,ASW,CE,Federal Contract Tower,0,0,2,22,24,0,1,18,0,19,0,1,20,22,43,0,4,4,47
10/09/2016,CWF,LA,ASW,CE,Federal Contract Tower,0,0,5,3,8,0,4,8,9,21,0,4,13,12,29,6,10,16,45
10/10/2016,CWF,LA,ASW,CE,Federal Contract Tower,0,2,0,0,2,0,3,8,0,11,0,5,8,0,13,0,0,0,13
10/11/2016,CWF,LA,ASW,CE,Federal Contract Tower,1,0,8,63,72,0,4,8,2,14,1,4,16,65,86,2,74,76,162
10/12/2016,CWF,LA,ASW,CE,Federal Contract Tower,1,2,0,50,53,0,0,9,9,18,1,2,9,59,71,0,56,56,127
10/13/2016,CWF,LA,ASW,CE,Federal Contract Tower,1,4,7,40,52,0,2,13,4,19,1,6,20,44,71,2,16,18,89
10/14/2016,CWF,LA,ASW,CE,Federal Contract Tower,0,1,5,73,79,0,0,13,6,19,0,1,18,79,98,0,38,38,136
10/15/2016,CWF,LA,ASW,CE,Federal Contract Tower,0,0,0,46,46,0,0,12,6,18,0,0,12,52,64,12,32,44,108
10/16/2016,CWF,LA,ASW,CE,Federal Contract Tower,0,2,0,69,71,0,5,3,7,15,0,7,3,76,86,6,16,22,108
10/17/2016,CWF,LA,ASW,CE,Federal Contract Tower,0,3,4,35,42,0,1,10,4,15,0,4,14,39,57,0,32,32,89
10/18/2016,CWF,LA,ASW,CE,Federal Contract Tower,0,1,8,5,14,0,4,14,3,21,0,5,22,8,35,2,0,2,37
10/19/2016,CWF,LA,ASW,CE,Federal Contract Tower,0,0,40,17,57,0,5,8,2,15,0,5,48,19,72,0,0,0,72
10/20/2016,CWF,LA,ASW,CE,Federal Contract Tower,0,0,11,2,13,0,0,6,0,6,0,0,17,2,19,0,0,0,19
10/21/2016,CWF,LA,ASW,CE,Federal Contract Tower,3,1,4,44,52,0,2,15,9,26,3,3,19,53,78,0,8,8,86
10/22/2016,CWF,LA,ASW,CE,Federal Contract Tower,0,0,2,6,8,0,3,3,1,7,0,3,5,7,15,0,0,0,15
10/23/2016,CWF,LA,ASW,CE,Federal Contract Tower,1,0,7,22,30,0,0,5,1,6,1,0,12,23,36,0,0,0,36
10/24/2016,CWF,LA,ASW,CE,Federal Contract Tower,1,0,6,36,43,0,3,2,7,12,1,3,8,43,55,0,42,42,97
10/25/2016,CWF,LA,ASW,CE,Federal Contract Tower,0,0,7,37,44,0,7,21,0,28,0,7,28,37,72,2,0,2,74
10/26/2016,CWF,LA,ASW,CE,Federal Contract Tower,0,2,12,43,57,0,3,14,2,19,0,5,26,45,76,4,30,34,110
10/27/2016,CWF,LA,ASW,CE,Federal Contract Tower,0,0,10,36,46,0,1,15,11,27,0,1,25,47,73,0,44,44,117
10/28/2016,CWF,LA,ASW,CE,Federal Contract Tower,0,0,2,94,96,0,4,10,31,45,0,4,12,125,141,0,56,56,197
10/29/2016,CWF,LA,ASW,CE,Federal Contract Tower,0,0,1,9,10,0,0,4,3,7,0,0,5,12,17,0,6,6,23
10/30/2016,CWF,LA,ASW,CE,Federal Contract Tower,0,0,1,22,23,0,2,6,1,9,0,2,7,23,32,0,2,2,34
10/31/2016,CWF,LA,ASW,CE,Federal Contract Tower,0,4,3,8,15,0,1,7,0,8,0,5,10,8,23,0,2,2,25
11/01/2016,CWF,LA,ASW,CE,Federal Contract Tower,0,1,5,24,30,0,8,11,2,21,0,9,16,26,51,0,22,22,73
11/02/2016,CWF,LA,ASW,CE,Federal Contract Tower,0,0,0,31,31,0,5,11,4,20,0,5,11,35,51,0,20,20,71
11/03/2016,CWF,LA,ASW,CE,Federal Contract Tower,0,0,11,55,66,0,2,14,10,26,0,2,25,65,92,0,22,22,114
11/04/2016,CWF,LA,ASW,CE,Federal Contract Tower,4,0,9,70,83,0,3,21,21,45,4,3,30,91,128,0,6,6,134
11/05/2016,CWF,LA,ASW,CE,Federal Contract Tower,1,0,0,17,18,0,0,6,12,18,1,0,6,29,36,26,42,68,104
11/06/2016,CWF,LA,ASW,CE,Federal Contract Tower,0,0,2,31,33,0,2,10,5,17,0,2,12,36,50,0,2,2,52
11/07/2016,CWF,LA,ASW,CE,Federal Contract Tower,0,0,3,16,19,0,7,0,0,7,0,7,3,16,26,0,0,0,26
11/08/2016,CWF,LA,ASW,CE,Federal Contract Tower,0,7,6,9,22,0,4,0,1,5,0,11,6,10,27,8,0,8,35
11/09/2016,CWF,LA,ASW,CE,Federal Contract Tower,0,4,3,17,24,0,5,12,19,36,0,9,15,36,60,0,28,28,88
11/10/2016,CWF,LA,ASW,CE,Federal Contract Tower,0,4,8,42,54,0,3,21,9,33,0,7,29,51,87,10,120,130,217
11/11/2016,CWF,LA,ASW,CE,Federal Contract Tower,0,2,7,3,12,0,2,4,0,6,0,4,11,3,18,0,0,0,18
11/12/2016,CWF,LA,ASW,CE,Federal Contract Tower,0,0,6,0,6,0,6,5,0,11,0,6,11,0,17,0,0,0,17
11/13/2016,CWF,LA,ASW,CE,Federal Contract Tower,0,0,0,8,8,0,3,5,0,8,0,3,5,8,16,4,0,4,20
11/14/2016,CWF,LA,ASW,CE,Federal Contract Tower,0,1,2,28,31,0,2,12,1,15,0,3,14,29,46,4,22,26,72
11/15/2016,CWF,LA,ASW,CE,Federal Contract Tower,0,6,6,26,38,0,3,6,8,17,0,9,12,34,55,16,50,66,121
11/16/2016,CWF,LA,ASW,CE,Federal Contract Tower,0,10,7,38,55,0,11,9,2,22,0,21,16,40,77,0,32,32,109
11/17/2016,CWF,LA,ASW,CE,Federal Contract Tower,0,1,4,12,17,0,8,7,10,25,0,9,11,22,42,10,12,22,64
11/18/2016,CWF,LA,ASW,CE,Federal Contract Tower,0,4,15,35,54,0,4,7,11,22,0,8,22,46,76,0,28,28,104
11/19/2016,CWF,LA,ASW,CE,Federal Contract Tower,1,0,5,27,33,0,1,7,4,12,1,1,12,31,45,0,20,20,65
11/20/2016,CWF,LA,ASW,CE,Federal Contract Tower,0,0,5,19,24,0,4,7,8,19,0,4,12,27,43,0,27,27,70
11/21/2016,CWF,LA,ASW,CE,Federal Contract Tower,0,2,5,57,64,0,5,17,1,23,0,7,22,58,87,0,26,26,113
11/22/2016,CWF,LA,ASW,CE,Federal Contract Tower,0,0,3,33,36,0,7,7,0,14,0,7,10,33,50,0,2,2,52
11/23/2016,CWF,LA,ASW,CE,Federal Contract Tower,0,0,3,0,3,0,0,3,1,4,0,0,6,1,7,78,0,78,85
11/24/2016,CWF,LA,ASW,CE,Federal Contract Tower,0,0,2,0,2,0,0,11,0,11,0,0,13,0,13,0,0,0,13
11/25/2016,CWF,LA,ASW,CE,Federal Contract Tower,0,2,0,3,5,0,1,9,1,11,0,3,9,4,16,8,0,8,24
11/26/2016,CWF,LA,ASW,CE,Federal Contract Tower,0,0,4,0,4,0,3,10,0,13,0,3,14,0,17,0,0,0,17
11/27/2016,CWF,LA,ASW,CE,Federal Contract Tower,0,0,2,0,2,0,4,11,4,19,0,4,13,4,21,0,0,0,21
11/28/2016,CWF,LA,ASW,CE,Federal Contract Tower,0,0,2,2,4,0,1,4,0,5,0,1,6,2,9,0,0,0,9
11/29/2016,CWF,LA,ASW,CE,Federal Contract Tower,0,2,2,14,18,0,3,0,0,3,0,5,2,14,21,0,6,6,27
11/30/2016,CWF,LA,ASW,CE,Federal Contract Tower,0,4,5,11,20,0,3,0,8,11,0,7,5,19,31,10,40,50,81
12/01/2016,CWF,LA,ASW,CE,Federal Contract Tower,0,0,2,47,49,0,3,8,5,16,0,3,10,52,65,0,16,16,81
12/02/2016,CWF,LA,ASW,CE,Federal Contract Tower,0,4,2,29,35,0,8,3,6,17,0,12,5,35,52,0,30,30,82
12/03/2016,CWF,LA,ASW,CE,Federal Contract Tower,0,0,0,0,0,0,0,0,0,0,0,0,0,0,0,0,0,0,0
12/04/2016,CWF,LA,ASW,CE,Federal Contract Tower,0,0,1,0,1,0,0,0,0,0,0,0,1,0,1,0,0,0,1
12/05/2016,CWF,LA,ASW,CE,Federal Contract Tower,0,0,4,0,4,0,0,0,0,0,0,0,4,0,4,0,0,0,4
12/06/2016,CWF,LA,ASW,CE,Federal Contract Tower,0,4,13,41,58,0,4,3,0,7,0,8,16,41,65,0,0,0,65
12/07/2016,CWF,LA,ASW,CE,Federal Contract Tower,0,4,12,0,16,0,0,0,0,0,0,4,12,0,16,4,4,8,24
12/08/2016,CWF,LA,ASW,CE,Federal Contract Tower,0,1,9,14,24,0,2,0,3,5,0,3,9,17,29,0,4,4,33
12/09/2016,CWF,LA,ASW,CE,Federal Contract Tower,0,0,7,22,29,0,2,9,7,18,0,2,16,29,47,0,10,10,57
12/10/2016,CWF,LA,ASW,CE,Federal Contract Tower,0,0,4,32,36,0,4,6,4,14,0,4,10,36,50,6,0,6,56
12/11/2016,CWF,LA,ASW,CE,Federal Contract Tower,0,0,5,32,37,0,0,0,0,0,0,0,5,32,37,0,22,22,59
12/12/2016,CWF,LA,ASW,CE,Federal Contract Tower,0,0,15,15,30,0,0,0,0,0,0,0,15,15,30,0,0,0,30
12/13/2016,CWF,LA,ASW,CE,Federal Contract Tower,0,2,3,8,13,0,2,0,0,2,0,4,3,8,15,0,0,0,15
12/14/2016,CWF,LA,ASW,CE,Federal Contract Tower,0,3,6,31,40,0,0,1,2,3,0,3,7,33,43,0,0,0,43
12/15/2016,CWF,LA,ASW,CE,Federal Contract Tower,0,0,14,39,53,0,3,7,8,18,0,3,21,47,71,0,52,52,123
12/16/2016,CWF,LA,ASW,CE,Federal Contract Tower,0,3,5,36,44,0,3,3,2,8,0,6,8,38,52,0,8,8,60
12/17/2016,CWF,LA,ASW,CE,Federal Contract Tower,0,0,6,10,16,0,2,0,0,2,0,2,6,10,18,0,4,4,22
12/18/2016,CWF,LA,ASW,CE,Federal Contract Tower,0,1,9,3,13,0,0,2,0,2,0,1,11,3,15,0,0,0,15
12/19/2016,CWF,LA,ASW,CE,Federal Contract Tower,0,2,2,49,53,0,2,9,4,15,0,4,11,53,68,0,56,56,124
12/20/2016,CWF,LA,ASW,CE,Federal Contract Tower,0,0,12,25,37,0,8,9,0,17,0,8,21,25,54,0,14,14,68
12/21/2016,CWF,LA,ASW,CE,Federal Contract Tower,0,0,1,30,31,0,4,9,2,15,0,4,10,32,46,0,32,32,78
12/22/2016,CWF,LA,ASW,CE,Federal Contract Tower,0,0,14,13,27,0,0,0,2,2,0,0,14,15,29,10,34,44,73
12/23/2016,CWF,LA,ASW,CE,Federal Contract Tower,0,0,2,0,2,0,2,0,0,2,0,2,2,0,4,0,0,0,4
12/24/2016,CWF,LA,ASW,CE,Federal Contract Tower,0,0,3,0,3,0,0,1,0,1,0,0,4,0,4,0,0,0,4
12/25/2016,CWF,LA,ASW,CE,Federal Contract Tower,0,0,1,0,1,0,0,0,0,0,0,0,1,0,1,0,0,0,1
12/26/2016,CWF,LA,ASW,CE,Federal Contract Tower,0,0,3,0,3,0,0,0,0,0,0,0,3,0,3,0,0,0,3
12/27/2016,CWF,LA,ASW,CE,Federal Contract Tower,0,0,9,1,10,0,0,1,0,1,0,0,10,1,11,0,0,0,11
12/28/2016,CWF,LA,ASW,CE,Federal Contract Tower,0,2,5,7,14,0,0,0,0,0,0,2,5,7,14,0,0,0,14
12/29/2016,CWF,LA,ASW,CE,Federal Contract Tower,0,2,4,6,12,0,2,8,0,10,0,4,12,6,22,2,10,12,34
12/30/2016,CWF,LA,ASW,CE,Federal Contract Tower,0,0,2,3,5,0,2,11,0,13,0,2,13,3,18,0,2,2,20
12/31/2016,CWF,LA,ASW,CE,Federal Contract Tower,0,0,3,0,3,0,1,0,0,1,0,1,3,0,4,0,0,0,4
01/01/2017,CWF,LA,ASW,CE,Federal Contract Tower,0,0,1,0,1,0,0,2,0,2,0,0,3,0,3,0,0,0,3
01/02/2017,CWF,LA,ASW,CE,Federal Contract Tower,0,0,5,0,5,0,1,10,0,11,0,1,15,0,16,0,0,0,16
01/03/2017,CWF,LA,ASW,CE,Federal Contract Tower,0,0,6,8,14,0,5,9,0,14,0,5,15,8,28,0,14,14,42
01/04/2017,CWF,LA,ASW,CE,Federal Contract Tower,0,2,5,23,30,0,6,4,6,16,0,8,9,29,46,0,12,12,58
01/05/2017,CWF,LA,ASW,CE,Federal Contract Tower,0,5,1,43,49,0,1,9,4,14,0,6,10,47,63,16,24,40,103
01/06/2017,CWF,LA,ASW,CE,Federal Contract Tower,0,0,3,2,5,0,0,1,5,6,0,0,4,7,11,0,0,0,11
01/07/2017,CWF,LA,ASW,CE,Federal Contract Tower,0,2,5,31,38,0,1,10,13,24,0,3,15,44,62,6,8,14,76
01/08/2017,CWF,LA,ASW,CE,Federal Contract Tower,0,0,1,7,8,0,3,6,6,15,0,3,7,13,23,0,16,16,39
01/09/2017,CWF,LA,ASW,CE,Federal Contract Tower,1,0,12,19,32,0,0,7,6,13,1,0,19,25,45,0,0,0,45
01/10/2017,CWF,LA,ASW,CE,Federal Contract Tower,0,1,3,35,39,0,5,2,4,11,0,6,5,39,50,10,40,50,100
01/11/2017,CWF,LA,ASW,CE,Federal Contract Tower,0,2,9,49,60,0,0,4,4,8,0,2,13,53,68,10,12,22,90
01/12/2017,CWF,LA,ASW,CE,Federal Contract Tower,0,3,14,18,35,0,5,6,1,12,0,8,20,19,47,0,0,0,47
01/13/2017,CWF,LA,ASW,CE,Federal Contract Tower,0,7,1,31,39,0,3,5,3,11,0,10,6,34,50,0,6,6,56
01/14/2017,CWF,LA,ASW,CE,Federal Contract Tower,0,0,8,0,8,0,1,7,0,8,0,1,15,0,16,6,0,6,22
01/15/2017,CWF,LA,ASW,CE,Federal Contract Tower,0,2,11,2,15,0,1,2,0,3,0,3,13,2,18,0,0,0,18
01/16/2017,CWF,LA,ASW,CE,Federal Contract Tower,0,0,2,2,4,0,4,1,1,6,0,4,3,3,10,2,0,2,12
01/17/2017,CWF,LA,ASW,CE,Federal Contract Tower,0,2,17,5,24,0,0,2,0,2,0,2,19,5,26,0,0,0,26
01/18/2017,CWF,LA,ASW,CE,Federal Contract Tower,0,0,2,0,2,0,0,0,0,0,0,0,2,0,2,0,0,0,2
01/19/2017,CWF,LA,ASW,CE,Federal Contract Tower,0,0,2,4,6,0,2,0,0,2,0,2,2,4,8,0,0,0,8
01/20/2017,CWF,LA,ASW,CE,Federal Contract Tower,0,1,6,38,45,0,8,1,5,14,0,9,7,43,59,0,30,30,89
01/21/2017,CWF,LA,ASW,CE,Federal Contract Tower,0,0,4,33,37,0,0,0,2,2,0,0,4,35,39,0,6,6,45
01/22/2017,CWF,LA,ASW,CE,Federal Contract Tower,0,0,10,9,19,0,0,2,1,3,0,0,12,10,22,0,10,10,32
01/23/2017,CWF,LA,ASW,CE,Federal Contract Tower,0,1,15,23,39,0,3,10,2,15,0,4,25,25,54,0,0,0,54
01/24/2017,CWF,LA,ASW,CE,Federal Contract Tower,0,2,8,27,37,0,6,6,2,14,0,8,14,29,51,0,10,10,61
01/25/2017,CWF,LA,ASW,CE,Federal Contract Tower,0,1,3,6,10,0,6,0,0,6,0,7,3,6,16,0,20,20,36
01/26/2017,CWF,LA,ASW,CE,Federal Contract Tower,0,4,13,26,43,0,2,27,3,32,0,6,40,29,75,14,26,40,115
01/27/2017,CWF,LA,ASW,CE,Federal Contract Tower,4,2,2,32,40,0,6,8,4,18,4,8,10,36,58,0,28,28,86
01/28/2017,CWF,LA,ASW,CE,Federal Contract Tower,0,0,3,37,40,0,5,9,2,16,0,5,12,39,56,0,14,14,70
01/29/2017,CWF,LA,ASW,CE,Federal Contract Tower,0,0,3,17,20,0,2,6,2,10,0,2,9,19,30,0,20,20,50
01/30/2017,CWF,LA,ASW,CE,Federal Contract Tower,0,0,9,33,42,0,8,4,3,15,0,8,13,36,57,0,48,48,105
01/31/2017,CWF,LA,ASW,CE,Federal Contract Tower,0,0,2,31,33,0,4,4,1,9,0,4,6,32,42,0,16,16,58
02/01/2017,CWF,LA,ASW,CE,Federal Contract Tower,0,5,8,25,38,0,6,4,2,12,0,11,12,27,50,4,10,14,64
02/02/2017,CWF,LA,ASW,CE,Federal Contract Tower,0,2,7,14,23,0,0,2,0,2,0,2,9,14,25,0,0,0,25
02/03/2017,CWF,LA,ASW,CE,Federal Contract Tower,0,4,9,19,32,0,1,0,4,5,0,5,9,23,37,0,20,20,57
02/04/2017,CWF,LA,ASW,CE,Federal Contract Tower,0,0,0,0,0,0,1,14,0,15,0,1,14,0,15,6,0,6,21
02/05/2017,CWF,LA,ASW,CE,Federal Contract Tower,2,0,0,0,2,0,0,2,2,4,2,0,2,2,6,2,0,2,8
02/06/2017,CWF,LA,ASW,CE,Federal Contract Tower,2,0,0,14,16,0,0,0,0,0,2,0,0,14,16,0,0,0,16
02/07/2017,CWF,LA,ASW,CE,Federal Contract Tower,0,1,6,37,44,0,0,1,3,4,0,1,7,40,48,0,0,0,48
02/08/2017,CWF,LA,ASW,CE,Federal Contract Tower,0,0,3,35,38,0,1,3,5,9,0,1,6,40,47,0,0,0,47
02/09/2017,CWF,LA,ASW,CE,Federal Contract Tower,0,0,8,39,47,0,3,11,13,27,0,3,19,52,74,0,10,10,84
02/10/2017,CWF,LA,ASW,CE,Federal Contract Tower,0,9,2,36,47,0,0,2,7,9,0,9,4,43,56,12,0,12,68
02/11/2017,CWF,LA,ASW,CE,Federal Contract Tower,0,0,3,5,8,0,1,3,3,7,0,1,6,8,15,0,18,18,33
02/12/2017,CWF,LA,ASW,CE,Federal Contract Tower,0,0,3,27,30,0,2,5,5,12,0,2,8,32,42,6,0,6,48
02/14/2017,CWF,LA,ASW,CE,Federal Contract Tower,0,1,1,2,4,0,1,0,0,1,0,2,1,2,5,0,0,0,5
02/15/2017,CWF,LA,ASW,CE,Federal Contract Tower,3,1,0,24,28,0,5,2,4,11,3,6,2,28,39,0,88,88,127
02/16/2017,CWF,LA,ASW,CE,Federal Contract Tower,0,7,13,31,51,0,1,16,5,22,0,8,29,36,73,10,22,32,105
02/17/2017,CWF,LA,ASW,CE,Federal Contract Tower,0,0,6,14,20,0,0,3,0,3,0,0,9,14,23,0,0,0,23
02/18/2017,CWF,LA,ASW,CE,Federal Contract Tower,0,0,10,18,28,0,3,10,1,14,0,3,20,19,42,0,0,0,42
02/19/2017,CWF,LA,ASW,CE,Federal Contract Tower,0,0,14,4,18,0,0,4,0,4,0,0,18,4,22,0,0,0,22
02/20/2017,CWF,LA,ASW,CE,Federal Contract Tower,0,0,4,0,4,0,0,0,0,0,0,0,4,0,4,0,0,0,4
02/21/2017,CWF,LA,ASW,CE,Federal Contract Tower,0,2,5,19,26,0,3,4,1,8,0,5,9,20,34,0,16,16,50
02/22/2017,CWF,LA,ASW,CE,Federal Contract Tower,0,1,3,45,49,0,5,2,2,9,0,6,5,47,58,0,38,38,96
02/23/2017,CWF,LA,ASW,CE,Federal Contract Tower,1,0,12,26,39,0,7,6,5,18,1,7,18,31,57,12,10,22,79
02/24/2017,CWF,LA,ASW,CE,Federal Contract Tower,0,2,8,44,54,0,7,4,25,36,0,9,12,69,90,0,54,54,144
02/25/2017,CWF,LA,ASW,CE,Federal Contract Tower,0,0,2,23,25,0,0,6,8,14,0,0,8,31,39,0,44,44,83
02/26/2017,CWF,LA,ASW,CE,Federal Contract Tower,0,0,0,20,20,0,0,7,0,7,0,0,7,20,27,0,0,0,27
02/27/2017,CWF,LA,ASW,CE,Federal Contract Tower,0,4,4,2,10,0,2,3,2,7,0,6,7,4,17,0,0,0,17
02/28/2017,CWF,LA,ASW,CE,Federal Contract Tower,0,0,13,21,34,0,1,2,3,6,0,1,15,24,40,4,0,4,44
03/01/2017,CWF,LA,ASW,CE,Federal Contract Tower,1,2,4,25,32,0,0,1,0,1,1,2,5,25,33,0,4,4,37
03/02/2017,CWF,LA,ASW,CE,Federal Contract Tower,0,0,7,16,23,0,0,9,11,20,0,0,16,27,43,0,4,4,47
03/03/2017,CWF,LA,ASW,CE,Federal Contract Tower,0,0,2,49,51,0,4,9,2,15,0,4,11,51,66,0,26,26,92
03/04/2017,CWF,LA,ASW,CE,Federal Contract Tower,0,0,3,12,15,0,1,3,0,4,0,1,6,12,19,0,0,0,19
03/05/2017,CWF,LA,ASW,CE,Federal Contract Tower,0,0,3,4,7,0,0,0,0,0,0,0,3,4,7,0,0,0,7
03/06/2017,CWF,LA,ASW,CE,Federal Contract Tower,0,0,0,16,16,0,0,0,0,0,0,0,0,16,16,0,0,0,16
03/07/2017,CWF,LA,ASW,CE,Federal Contract Tower,1,0,3,7,11,0,2,0,0,2,1,2,3,7,13,0,0,0,13
03/08/2017,CWF,LA,ASW,CE,Federal Contract Tower,0,7,9,17,33,0,4,14,5,23,0,11,23,22,56,24,0,24,80
03/09/2017,CWF,LA,ASW,CE,Federal Contract Tower,0,0,10,17,27,0,0,9,2,11,0,0,19,19,38,18,0,18,56
03/10/2017,CWF,LA,ASW,CE,Federal Contract Tower,0,4,11,34,49,0,0,8,3,11,0,4,19,37,60,0,6,6,66
03/11/2017,CWF,LA,ASW,CE,Federal Contract Tower,0,0,0,0,0,0,1,1,0,2,0,1,1,0,2,0,0,0,2
03/12/2017,CWF,LA,ASW,CE,Federal Contract Tower,0,0,2,1,3,0,1,6,0,7,0,1,8,1,10,0,0,0,10
03/13/2017,CWF,LA,ASW,CE,Federal Contract Tower,2,0,2,14,18,0,5,10,1,16,2,5,12,15,34,0,4,4,38
03/14/2017,CWF,LA,ASW,CE,Federal Contract Tower,0,2,2,12,16,0,2,15,10,27,0,4,17,22,43,0,6,6,49
03/15/2017,CWF,LA,ASW,CE,Federal Contract Tower,0,0,11,11,22,0,6,20,6,32,0,6,31,17,54,0,16,16,70
03/16/2017,CWF,LA,ASW,CE,Federal Contract Tower,0,4,7,12,23,0,3,13,6,22,0,7,20,18,45,12,0,12,57
03/17/2017,CWF,LA,ASW,CE,Federal Contract Tower,0,0,6,29,35,0,1,8,6,15,0,1,14,35,50,0,2,2,52
03/18/2017,CWF,LA,ASW,CE,Federal Contract Tower,0,0,2,9,11,0,1,11,4,16,0,1,13,13,27,0,0,0,27
03/19/2017,CWF,LA,ASW,CE,Federal Contract Tower,1,0,1,12,14,0,2,4,4,10,1,2,5,16,24,0,0,0,24
03/20/2017,CWF,LA,ASW,CE,Federal Contract Tower,0,2,5,30,37,0,2,4,2,8,0,4,9,32,45,0,0,0,45
03/21/2017,CWF,LA,ASW,CE,Federal Contract Tower,0,0,5,32,37,0,2,10,0,12,0,2,15,32,49,10,44,54,103
03/22/2017,CWF,LA,ASW,CE,Federal Contract Tower,0,4,11,31,46,0,2,18,6,26,0,6,29,37,72,0,28,28,100
03/23/2017,CWF,LA,ASW,CE,Federal Contract Tower,0,0,3,33,36,0,0,9,6,15,0,0,12,39,51,4,4,8,59
03/24/2017,CWF,LA,ASW,CE,Federal Contract Tower,0,1,4,44,49,0,3,5,2,10,0,4,9,46,59,0,0,0,59
03/25/2017,CWF,LA,ASW,CE,Federal Contract Tower,1,0,2,5,8,0,3,2,2,7,1,3,4,7,15,0,0,0,15
03/26/2017,CWF,LA,ASW,CE,Federal Contract Tower,0,0,6,25,31,0,0,3,5,8,0,0,9,30,39,0,10,10,49
03/27/2017,CWF,LA,ASW,CE,Federal Contract Tower,0,0,25,31,56,0,5,9,0,14,0,5,34,31,70,10,46,56,126
03/28/2017,CWF,LA,ASW,CE,Federal Contract Tower,1,4,15,31,51,0,0,3,4,7,1,4,18,35,58,34,14,48,106
03/29/2017,CWF,LA,ASW,CE,Federal Contract Tower,0,2,4,7,13,0,0,2,0,2,0,2,6,7,15,0,0,0,15
03/30/2017,CWF,LA,ASW,CE,Federal Contract Tower,0,0,2,39,41,0,4,7,1,12,0,4,9,40,53,6,14,20,73
03/31/2017,CWF,LA,ASW,CE,Federal Contract Tower,0,0,2,46,48,0,5,8,6,19,0,5,10,52,67,0,36,36,103
04/01/2017,CWF,LA,ASW,CE,Federal Contract Tower,0,7,2,34,43,0,3,3,4,10,0,10,5,38,53,0,6,6,59
04/02/2017,CWF,LA,ASW,CE,Federal Contract Tower,0,0,0,4,4,0,0,0,0,0,0,0,0,4,4,0,0,0,4
04/03/2017,CWF,LA,ASW,CE,Federal Contract Tower,0,0,3,48,51,0,3,18,8,29,0,3,21,56,80,10,50,60,140
04/04/2017,CWF,LA,ASW,CE,Federal Contract Tower,0,2,5,69,76,0,2,31,8,41,0,4,36,77,117,0,30,30,147
04/05/2017,CWF,LA,ASW,CE,Federal Contract Tower,0,2,1,34,37,0,6,16,0,22,0,8,17,34,59,10,38,48,107
04/06/2017,CWF,LA,ASW,CE,Federal Contract Tower,0,0,12,15,27,0,13,16,5,34,0,13,28,20,61,14,24,38,99
04/07/2017,CWF,LA,ASW,CE,Federal Contract Tower,0,0,4,22,26,0,2,14,15,31,0,2,18,37,57,0,10,10,67
04/08/2017,CWF,LA,ASW,CE,Federal Contract Tower,2,0,6,31,39,0,4,21,5,30,2,4,27,36,69,0,44,44,113
04/09/2017,CWF,LA,ASW,CE,Federal Contract Tower,0,0,2,6,8,0,1,15,0,16,0,1,17,6,24,0,0,0,24
04/10/2017,CWF,LA,ASW,CE,Federal Contract Tower,0,0,4,11,15,0,6,9,1,16,0,6,13,12,31,0,18,18,49
04/11/2017,CWF,LA,ASW,CE,Federal Contract Tower,0,1,9,0,10,0,2,7,0,9,0,3,16,0,19,10,0,10,29
04/12/2017,CWF,LA,ASW,CE,Federal Contract Tower,0,2,7,13,22,0,3,9,1,13,0,5,16,14,35,2,2,4,39
04/13/2017,CWF,LA,ASW,CE,Federal Contract Tower,0,0,10,33,43,0,0,17,8,25,0,0,27,41,68,8,20,28,96
04/14/2017,CWF,LA,ASW,CE,Federal Contract Tower,0,0,0,38,38,0,1,5,3,9,0,1,5,41,47,0,56,56,103
04/15/2017,CWF,LA,ASW,CE,Federal Contract Tower,0,0,1,0,1,0,1,1,0,2,0,1,2,0,3,0,0,0,3
04/16/2017,CWF,LA,ASW,CE,Federal Contract Tower,0,0,1,14,15,0,0,2,0,2,0,0,3,14,17,0,2,2,19
04/17/2017,CWF,LA,ASW,CE,Federal Contract Tower,0,0,5,9,14,0,5,8,0,13,0,5,13,9,27,10,0,10,37
04/18/2017,CWF,LA,ASW,CE,Federal Contract Tower,0,3,0,6,9,0,5,8,0,13,0,8,8,6,22,2,0,2,24
04/19/2017,CWF,LA,ASW,CE,Federal Contract Tower,2,6,6,8,22,0,4,13,7,24,2,10,19,15,46,6,16,22,68
04/20/2017,CWF,LA,ASW,CE,Federal Contract Tower,0,0,5,22,27,0,4,12,3,19,0,4,17,25,46,0,6,6,52
04/21/2017,CWF,LA,ASW,CE,Federal Contract Tower,0,1,10,63,74,0,1,7,2,10,0,2,17,65,84,8,0,8,92
04/22/2017,CWF,LA,ASW,CE,Federal Contract Tower,0,0,4,9,13,0,2,2,3,7,0,2,6,12,20,0,10,10,30
04/23/2017,CWF,LA,ASW,CE,Federal Contract Tower,0,2,1,28,31,0,0,6,0,6,0,2,7,28,37,0,10,10,47
04/24/2017,CWF,LA,ASW,CE,Federal Contract Tower,0,0,0,0,0,0,1,19,2,22,0,1,19,2,22,4,0,4,26
04/25/2017,CWF,LA,ASW,CE,Federal Contract Tower,0,0,7,33,40,0,2,12,4,18,0,2,19,37,58,28,68,96,154
04/26/2017,CWF,LA,ASW,CE,Federal Contract Tower,0,2,2,16,20,0,1,3,0,4,0,3,5,16,24,0,42,42,66
04/27/2017,CWF,LA,ASW,CE,Federal Contract Tower,0,0,5,10,15,0,0,22,14,36,0,0,27,24,51,6,4,10,61
04/28/2017,CWF,LA,ASW,CE,Federal Contract Tower,0,0,0,12,12,0,0,0,4,4,0,0,0,16,16,0,0,0,16
04/29/2017,CWF,LA,ASW,CE,Federal Contract Tower,0,0,0,0,0,0,0,0,0,0,0,0,0,0,0,0,0,0,0
04/30/2017,CWF,LA,ASW,CE,Federal Contract Tower,0,0,2,6,8,0,0,12,2,14,0,0,14,8,22,0,0,0,22
05/01/2017,CWF,LA,ASW,CE,Federal Contract Tower,2,0,6,24,32,0,0,23,13,36,2,0,29,37,68,8,22,30,98
05/02/2017,CWF,LA,ASW,CE,Federal Contract Tower,0,2,6,33,41,0,3,31,10,44,0,5,37,43,85,106,58,164,249
05/03/2017,CWF,LA,ASW,CE,Federal Contract Tower,1,0,1,0,2,0,0,1,0,1,1,0,2,0,3,0,0,0,3
05/04/2017,CWF,LA,ASW,CE,Federal Contract Tower,0,0,8,25,33,0,2,10,5,17,0,2,18,30,50,14,14,28,78
05/05/2017,CWF,LA,ASW,CE,Federal Contract Tower,0,0,2,46,48,0,7,15,20,42,0,7,17,66,90,4,40,44,134
05/06/2017,CWF,LA,ASW,CE,Federal Contract Tower,0,0,1,12,13,0,0,2,2,4,0,0,3,14,17,0,0,0,17
05/07/2017,CWF,LA,ASW,CE,Federal Contract Tower,0,0,1,7,8,0,3,6,6,15,0,3,7,13,23,0,2,2,25
05/08/2017,CWF,LA,ASW,CE,Federal Contract Tower,0,0,4,38,42,0,10,5,8,23,0,10,9,46,65,0,22,22,87
05/09/2017,CWF,LA,ASW,CE,Federal Contract Tower,0,0,0,35,35,0,3,18,7,28,0,3,18,42,63,8,46,54,117
05/10/2017,CWF,LA,ASW,CE,Federal Contract Tower,0,0,4,26,30,0,4,16,6,26,0,4,20,32,56,18,58,76,132
05/11/2017,CWF,LA,ASW,CE,Federal Contract Tower,2,0,3,26,31,0,2,18,5,25,2,2,21,31,56,0,2,2,58
05/12/2017,CWF,LA,ASW,CE,Federal Contract Tower,0,8,5,27,40,0,2,7,9,18,0,10,12,36,58,0,12,12,70
05/13/2017,CWF,LA,ASW,CE,Federal Contract Tower,0,0,2,9,11,0,0,5,4,9,0,0,7,13,20,0,12,12,32
05/14/2017,CWF,LA,ASW,CE,Federal Contract Tower,0,0,2,19,21,0,2,4,3,9,0,2,6,22,30,0,0,0,30
05/15/2017,CWF,LA,ASW,CE,Federal Contract Tower,2,0,4,31,37,0,5,14,8,27,2,5,18,39,64,2,6,8,72
05/16/2017,CWF,LA,ASW,CE,Federal Contract Tower,0,6,7,40,53,0,6,10,1,17,0,12,17,41,70,12,32,44,114
05/17/2017,CWF,LA,ASW,CE,Federal Contract Tower,0,0,4,37,41,0,1,14,1,16,0,1,18,38,57,0,48,48,105
05/18/2017,CWF,LA,ASW,CE,Federal Contract Tower,0,0,9,50,59,0,5,12,8,25,0,5,21,58,84,10,8,18,102
05/19/2017,CWF,LA,ASW,CE,Federal Contract Tower,0,0,6,44,50,0,1,0,0,1,0,1,6,44,51,0,38,38,89
05/20/2017,CWF,LA,ASW,CE,Federal Contract Tower,0,1,3,7,11,0,3,3,0,6,0,4,6,7,17,0,0,0,17
05/21/2017,CWF,LA,ASW,CE,Federal Contract Tower,0,0,3,1,4,0,0,0,0,0,0,0,3,1,4,0,6,6,10
05/22/2017,CWF,LA,ASW,CE,Federal Contract Tower,0,0,0,0,0,0,0,0,0,0,0,0,0,0,0,0,0,0,0
05/23/2017,CWF,LA,ASW,CE,Federal Contract Tower,0,1,7,16,24,0,5,4,0,9,0,6,11,16,33,0,4,4,37
05/24/2017,CWF,LA,ASW,CE,Federal Contract Tower,0,2,3,46,51,0,7,16,6,29,0,9,19,52,80,6,70,76,156
05/25/2017,CWF,LA,ASW,CE,Federal Contract Tower,0,0,12,27,39,0,0,17,3,20,0,0,29,30,59,24,28,52,111
05/26/2017,CWF,LA,ASW,CE,Federal Contract Tower,1,1,8,6,16,0,1,11,0,12,1,2,19,6,28,16,0,16,44
05/27/2017,CWF,LA,ASW,CE,Federal Contract Tower,1,0,6,0,7,0,2,4,0,6,1,2,10,0,13,0,0,0,13
05/28/2017,CWF,LA,ASW,CE,Federal Contract Tower,0,0,3,1,4,0,1,5,0,6,0,1,8,1,10,0,0,0,10
05/29/2017,CWF,LA,ASW,CE,Federal Contract Tower,0,1,1,0,2,0,0,5,0,5,0,1,6,0,7,4,0,4,11
05/30/2017,CWF,LA,ASW,CE,Federal Contract Tower,0,0,0,8,8,0,0,5,0,5,0,0,5,8,13,0,6,6,19
05/31/2017,CWF,LA,ASW,CE,Federal Contract Tower,0,2,5,2,9,0,4,20,2,26,0,6,25,4,35,0,0,0,35
06/01/2017,CWF,LA,ASW,CE,Federal Contract Tower,1,0,7,14,22,0,2,2,0,4,1,2,9,14,26,0,10,10,36
06/02/2017,CWF,LA,ASW,CE,Federal Contract Tower,0,1,5,3,9,0,1,7,7,15,0,2,12,10,24,0,0,0,24
06/03/2017,CWF,LA,ASW,CE,Federal Contract Tower,0,0,9,0,9,0,0,6,5,11,0,0,15,5,20,0,0,0,20
06/04/2017,CWF,LA,ASW,CE,Federal Contract Tower,0,0,2,0,2,0,0,2,0,2,0,0,4,0,4,0,0,0,4
06/05/2017,CWF,LA,ASW,CE,Federal Contract Tower,0,0,0,0,0,0,0,3,0,3,0,0,3,0,3,0,0,0,3
06/06/2017,CWF,LA,ASW,CE,Federal Contract Tower,0,0,5,7,12,0,3,6,0,9,0,3,11,7,21,2,18,20,41
06/07/2017,CWF,LA,ASW,CE,Federal Contract Tower,1,4,3,21,29,0,5,27,8,40,1,9,30,29,69,16,38,54,123
06/08/2017,CWF,LA,ASW,CE,Federal Contract Tower,0,2,5,27,34,0,5,16,11,32,0,7,21,38,66,0,50,50,116
06/09/2017,CWF,LA,ASW,CE,Federal Contract Tower,0,1,2,67,70,0,5,14,16,35,0,6,16,83,105,0,38,38,143
06/10/2017,CWF,LA,ASW,CE,Federal Contract Tower,1,0,7,19,27,0,0,7,2,9,1,0,14,21,36,0,18,18,54
06/11/2017,CWF,LA,ASW,CE,Federal Contract Tower,0,2,0,8,10,0,0,5,0,5,0,2,5,8,15,0,0,0,15
06/12/2017,CWF,LA,ASW,CE,Federal Contract Tower,0,0,4,8,12,0,2,2,0,4,0,2,6,8,16,12,4,16,32
06/13/2017,CWF,LA,ASW,CE,Federal Contract Tower,0,0,3,13,16,0,0,8,8,16,0,0,11,21,32,34,12,46,78
06/14/2017,CWF,LA,ASW,CE,Federal Contract Tower,0,0,6,29,35,0,5,6,5,16,0,5,12,34,51,0,42,42,93
06/15/2017,CWF,LA,ASW,CE,Federal Contract Tower,0,5,19,36,60,0,8,8,0,16,0,13,27,36,76,0,64,64,140
06/16/2017,CWF,LA,ASW,CE,Federal Contract Tower,0,2,6,46,54,0,0,14,6,20,0,2,20,52,74,0,12,12,86
06/17/2017,CWF,LA,ASW,CE,Federal Contract Tower,0,0,5,38,43,0,0,7,0,7,0,0,12,38,50,0,16,16,66
06/18/2017,CWF,LA,ASW,CE,Federal Contract Tower,0,0,5,8,13,0,2,8,0,10,0,2,13,8,23,0,0,0,23
06/19/2017,CWF,LA,ASW,CE,Federal Contract Tower,0,0,3,34,37,0,11,9,2,22,0,11,12,36,59,0,14,14,73
06/20/2017,CWF,LA,ASW,CE,Federal Contract Tower,0,0,3,6,9,0,20,0,0,20,0,20,3,6,29,0,0,0,29
06/21/2017,CWF,LA,ASW,CE,Federal Contract Tower,0,0,1,2,3,0,3,0,0,3,0,3,1,2,6,4,0,4,10
06/22/2017,CWF,LA,ASW,CE,Federal Contract Tower,0,2,0,1,3,0,2,0,4,6,0,4,0,5,9,0,0,0,9
06/23/2017,CWF,LA,ASW,CE,Federal Contract Tower,0,0,0,7,7,0,5,4,2,11,0,5,4,9,18,0,2,2,20
06/24/2017,CWF,LA,ASW,CE,Federal Contract Tower,0,0,0,2,2,0,1,0,0,1,0,1,0,2,3,0,4,4,7
06/25/2017,CWF,LA,ASW,CE,Federal Contract Tower,0,0,2,11,13,0,0,0,9,9,0,0,2,20,22,0,4,4,26
06/26/2017,CWF,LA,ASW,CE,Federal Contract Tower,0,0,1,9,10,0,9,8,2,19,0,9,9,11,29,0,8,8,37
06/27/2017,CWF,LA,ASW,CE,Federal Contract Tower,0,4,4,17,25,0,3,8,1,12,0,7,12,18,37,0,0,0,37
06/28/2017,CWF,LA,ASW,CE,Federal Contract Tower,0,0,5,10,15,0,5,5,4,14,0,5,10,14,29,10,2,12,41
06/29/2017,CWF,LA,ASW,CE,Federal Contract Tower,0,0,1,0,1,0,0,4,0,4,0,0,5,0,5,0,0,0,5
06/30/2017,CWF,LA,ASW,CE,Federal Contract Tower,0,0,1,14,15,0,6,10,4,20,0,6,11,18,35,0,20,20,55
07/01/2017,CWF,LA,ASW,CE,Federal Contract Tower,0,2,4,10,16,0,5,5,0,10,0,7,9,10,26,0,0,0,26
07/02/2017,CWF,LA,ASW,CE,Federal Contract Tower,0,0,9,0,9,0,3,8,0,11,0,3,17,0,20,0,0,0,20
07/03/2017,CWF,LA,ASW,CE,Federal Contract Tower,0,0,9,5,14,0,4,6,0,10,0,4,15,5,24,4,0,4,28
07/04/2017,CWF,LA,ASW,CE,Federal Contract Tower,0,0,1,1,2,0,1,0,1,2,0,1,1,2,4,0,0,0,4
07/05/2017,CWF,LA,ASW,CE,Federal Contract Tower,0,0,5,5,10,0,10,7,9,26,0,10,12,14,36,66,8,74,110
07/06/2017,CWF,LA,ASW,CE,Federal Contract Tower,0,2,5,14,21,0,13,11,3,27,0,15,16,17,48,0,30,30,78
07/07/2017,CWF,LA,ASW,CE,Federal Contract Tower,0,1,4,10,15,0,6,15,6,27,0,7,19,16,42,0,0,0,42
07/08/2017,CWF,LA,ASW,CE,Federal Contract Tower,0,1,9,10,20,0,7,7,1,15,0,8,16,11,35,30,0,30,65
07/09/2017,CWF,LA,ASW,CE,Federal Contract Tower,0,4,8,6,18,0,1,1,1,3,0,5,9,7,21,14,20,34,55
07/10/2017,CWF,LA,ASW,CE,Federal Contract Tower,0,0,2,2,4,0,1,3,0,4,0,1,5,2,8,0,0,0,8
07/11/2017,CWF,LA,ASW,CE,Federal Contract Tower,0,0,9,5,14,0,6,5,4,15,0,6,14,9,29,0,0,0,29
07/12/2017,CWF,LA,ASW,CE,Federal Contract Tower,0,4,8,12,24,0,6,13,5,24,0,10,21,17,48,10,66,76,124
07/13/2017,CWF,LA,ASW,CE,Federal Contract Tower,0,0,5,12,17,0,6,5,1,12,0,6,10,13,29,0,10,10,39
07/14/2017,CWF,LA,ASW,CE,Federal Contract Tower,0,6,10,12,28,0,8,7,2,17,0,14,17,14,45,0,2,2,47
07/15/2017,CWF,LA,ASW,CE,Federal Contract Tower,0,0,2,0,2,0,0,2,0,2,0,0,4,0,4,0,0,0,4
07/16/2017,CWF,LA,ASW,CE,Federal Contract Tower,0,0,8,20,28,0,1,3,1,5,0,1,11,21,33,40,8,48,81
07/17/2017,CWF,LA,ASW,CE,Federal Contract Tower,0,0,5,3,8,0,4,6,0,10,0,4,11,3,18,0,0,0,18
07/18/2017,CWF,LA,ASW,CE,Federal Contract Tower,0,5,5,7,17,0,5,10,4,19,0,10,15,11,36,8,0,8,44
07/19/2017,CWF,LA,ASW,CE,Federal Contract Tower,0,2,4,0,6,0,9,12,11,32,0,11,16,11,38,34,12,46,84
07/20/2017,CWF,LA,ASW,CE,Federal Contract Tower,0,0,14,13,27,0,5,9,0,14,0,5,23,13,41,16,10,26,67
07/21/2017,CWF,LA,ASW,CE,Federal Contract Tower,0,4,3,76,83,0,1,0,5,6,0,5,3,81,89,0,38,38,127
07/22/2017,CWF,LA,ASW,CE,Federal Contract Tower,0,0,3,2,5,0,0,0,0,0,0,0,3,2,5,0,0,0,5
07/23/2017,CWF,LA,ASW,CE,Federal Contract Tower,0,0,3,2,5,0,0,2,0,2,0,0,5,2,7,0,0,0,7
07/24/2017,CWF,LA,ASW,CE,Federal Contract Tower,0,0,7,7,14,0,3,8,3,14,0,3,15,10,28,0,10,10,38
07/25/2017,CWF,LA,ASW,CE,Federal Contract Tower,0,2,5,14,21,0,2,3,8,13,0,4,8,22,34,0,60,60,94
07/26/2017,CWF,LA,ASW,CE,Federal Contract Tower,0,0,8,73,81,0,5,12,4,21,0,5,20,77,102,0,82,82,184
07/27/2017,CWF,LA,ASW,CE,Federal Contract Tower,0,2,16,21,39,0,6,11,4,21,0,8,27,25,60,44,34,78,138
07/28/2017,CWF,LA,ASW,CE,Federal Contract Tower,0,1,15,36,52,0,6,10,5,21,0,7,25,41,73,10,64,74,147
07/29/2017,CWF,LA,ASW,CE,Federal Contract Tower,0,0,8,3,11,0,5,3,0,8,0,5,11,3,19,16,0,16,35
07/30/2017,CWF,LA,ASW,CE,Federal Contract Tower,0,1,6,8,15,0,0,8,4,12,0,1,14,12,27,0,0,0,27
07/31/2017,CWF,LA,ASW,CE,Federal Contract Tower,0,13,11,49,73,0,2,13,7,22,0,15,24,56,95,14,42,56,151
08/01/2017,CWF,LA,ASW,CE,Federal Contract Tower,0,1,18,33,52,0,8,6,7,21,0,9,24,40,73,74,50,124,197
08/02/2017,CWF,LA,ASW,CE,Federal Contract Tower,0,5,7,2,14,0,4,16,0,20,0,9,23,2,34,0,0,0,34
08/03/2017,CWF,LA,ASW,CE,Federal Contract Tower,0,0,6,2,8,0,8,12,2,22,0,8,18,4,30,40,0,40,70
08/04/2017,CWF,LA,ASW,CE,Federal Contract Tower,0,2,6,36,44,0,6,6,5,17,0,8,12,41,61,40,6,46,107
08/05/2017,CWF,LA,ASW,CE,Federal Contract Tower,0,0,5,7,12,0,5,3,1,9,0,5,8,8,21,0,0,0,21
08/06/2017,CWF,LA,ASW,CE,Federal Contract Tower,0,0,9,26,35,0,0,2,4,6,0,0,11,30,41,0,0,0,41
08/07/2017,CWF,LA,ASW,CE,Federal Contract Tower,0,0,4,2,6,0,0,7,0,7,0,0,11,2,13,0,10,10,23
08/08/2017,CWF,LA,ASW,CE,Federal Contract Tower,0,0,2,12,14,0,3,2,1,6,0,3,4,13,20,0,0,0,20
08/09/2017,CWF,LA,ASW,CE,Federal Contract Tower,0,2,2,0,4,0,5,2,0,7,0,7,4,0,11,30,0,30,41
08/10/2017,CWF,LA,ASW,CE,Federal Contract Tower,0,0,11,24,35,0,9,13,3,25,0,9,24,27,60,6,8,14,74
08/11/2017,CWF,LA,ASW,CE,Federal Contract Tower,0,0,6,14,20,0,4,4,0,8,0,4,10,14,28,0,0,0,28
08/12/2017,CWF,LA,ASW,CE,Federal Contract Tower,0,0,9,18,27,0,2,6,0,8,0,2,15,18,35,0,14,14,49
08/13/2017,CWF,LA,ASW,CE,Federal Contract Tower,0,0,5,3,8,0,4,11,0,15,0,4,16,3,23,26,6,32,55
08/14/2017,CWF,LA,ASW,CE,Federal Contract Tower,0,0,2,14,16,0,7,9,5,21,0,7,11,19,37,10,8,18,55
08/15/2017,CWF,LA,ASW,CE,Federal Contract Tower,0,0,0,6,6,0,8,16,4,28,0,8,16,10,34,6,14,20,54
08/16/2017,CWF,LA,ASW,CE,Federal Contract Tower,0,2,6,41,49,0,5,17,5,27,0,7,23,46,76,8,60,68,144
08/17/2017,CWF,LA,ASW,CE,Federal Contract Tower,0,0,10,57,67,0,2,9,4,15,0,2,19,61,82,4,20,24,106
08/18/2017,CWF,LA,ASW,CE,Federal Contract Tower,0,1,3,80,84,0,0,9,9,18,0,1,12,89,102,0,12,12,114
08/19/2017,CWF,LA,ASW,CE,Federal Contract Tower,0,0,3,72,75,0,0,3,8,11,0,0,6,80,86,6,30,36,122
08/20/2017,CWF,LA,ASW,CE,Federal Contract Tower,0,0,0,25,25,0,0,8,2,10,0,0,8,27,35,0,46,46,81
08/21/2017,CWF,LA,ASW,CE,Federal Contract Tower,0,0,5,21,26,0,2,10,0,12,0,2,15,21,38,0,28,28,66
08/22/2017,CWF,LA,ASW,CE,Federal Contract Tower,0,0,6,16,22,0,2,5,2,9,0,2,11,18,31,0,28,28,59
08/23/2017,CWF,LA,ASW,CE,Federal Contract Tower,0,2,3,17,22,0,1,18,6,25,0,3,21,23,47,0,20,20,67
08/24/2017,CWF,LA,ASW,CE,Federal Contract Tower,0,0,4,8,12,0,2,2,4,8,0,2,6,12,20,0,16,16,36
08/25/2017,CWF,LA,ASW,CE,Federal Contract Tower,0,1,4,2,7,0,3,13,4,20,0,4,17,6,27,10,1,11,38
08/26/2017,CWF,LA,ASW,CE,Federal Contract Tower,0,0,1,0,1,0,0,3,0,3,0,0,4,0,4,8,0,8,12
08/27/2017,CWF,LA,ASW,CE,Federal Contract Tower,0,0,0,0,0,0,0,0,0,0,0,0,0,0,0,0,0,0,0
08/28/2017,CWF,LA,ASW,CE,Federal Contract Tower,0,0,0,0,0,0,0,0,0,0,0,0,0,0,0,0,0,0,0
08/29/2017,CWF,LA,ASW,CE,Federal Contract Tower,0,0,0,4,4,0,4,0,9,13,0,4,0,13,17,0,0,0,17
08/30/2017,CWF,LA,ASW,CE,Federal Contract Tower,0,0,0,25,25,0,0,0,0,0,0,0,0,25,25,0,0,0,25
08/31/2017,CWF,LA,ASW,CE,Federal Contract Tower,0,2,5,7,14,0,7,18,37,62,0,9,23,44,76,0,0,0,76
09/01/2017,CWF,LA,ASW,CE,Federal Contract Tower,0,3,6,7,16,0,10,30,12,52,0,13,36,19,68,2,0,2,70
09/02/2017,CWF,LA,ASW,CE,Federal Contract Tower,0,0,2,5,7,0,9,7,22,38,0,9,9,27,45,0,0,0,45
09/03/2017,CWF,LA,ASW,CE,Federal Contract Tower,0,0,2,2,4,0,0,18,5,23,0,0,20,7,27,0,0,0,27
09/04/2017,CWF,LA,ASW,CE,Federal Contract Tower,0,2,4,0,6,0,5,26,0,31,0,7,30,0,37,0,0,0,37
09/05/2017,CWF,LA,ASW,CE,Federal Contract Tower,0,0,4,15,19,0,0,24,4,28,0,0,28,19,47,4,4,8,55
09/06/2017,CWF,LA,ASW,CE,Federal Contract Tower,0,0,8,41,49,0,2,8,13,23,0,2,16,54,72,0,16,16,88
09/07/2017,CWF,LA,ASW,CE,Federal Contract Tower,0,0,13,14,27,0,0,14,11,25,0,0,27,25,52,0,8,8,60
09/08/2017,CWF,LA,ASW,CE,Federal Contract Tower,0,2,6,43,51,0,0,12,41,53,0,2,18,84,104,16,42,58,162
09/09/2017,CWF,LA,ASW,CE,Federal Contract Tower,0,0,3,10,13,0,0,2,8,10,0,0,5,18,23,0,6,6,29
09/10/2017,CWF,LA,ASW,CE,Federal Contract Tower,0,0,4,19,23,0,0,0,2,2,0,0,4,21,25,0,14,14,39
09/11/2017,CWF,LA,ASW,CE,Federal Contract Tower,0,6,8,8,22,0,0,17,12,29,0,6,25,20,51,6,10,16,67
09/12/2017,CWF,LA,ASW,CE,Federal Contract Tower,0,0,11,44,55,0,1,17,17,35,0,1,28,61,90,0,64,64,154
09/13/2017,CWF,LA,ASW,CE,Federal Contract Tower,0,4,6,27,37,0,4,13,6,23,0,8,19,33,60,10,34,44,104
09/14/2017,CWF,LA,ASW,CE,Federal Contract Tower,0,3,15,40,58,0,2,18,2,22,0,5,33,42,80,0,32,32,112
09/15/2017,CWF,LA,ASW,CE,Federal Contract Tower,0,2,3,33,38,0,0,11,23,34,0,2,14,56,72,0,70,70,142
09/16/2017,CWF,LA,ASW,CE,Federal Contract Tower,0,0,8,6,14,0,0,5,0,5,0,0,13,6,19,0,0,0,19
09/17/2017,CWF,LA,ASW,CE,Federal Contract Tower,0,0,7,14,21,0,0,2,0,2,0,0,9,14,23,0,6,6,29
09/18/2017,CWF,LA,ASW,CE,Federal Contract Tower,0,8,4,13,25,0,0,10,7,17,0,8,14,20,42,4,40,44,86
09/19/2017,CWF,LA,ASW,CE,Federal Contract Tower,0,0,16,54,70,0,1,11,4,16,0,1,27,58,86,8,62,70,156
09/20/2017,CWF,LA,ASW,CE,Federal Contract Tower,0,2,9,15,26,0,5,5,0,10,0,7,14,15,36,0,8,8,44
09/21/2017,CWF,LA,ASW,CE,Federal Contract Tower,0,0,14,15,29,0,1,7,2,10,0,1,21,17,39,0,28,28,67
09/22/2017,CWF,LA,ASW,CE,Federal Contract Tower,0,3,2,41,46,0,0,6,4,10,0,3,8,45,56,0,22,22,78
09/23/2017,CWF,LA,ASW,CE,Federal Contract Tower,0,0,0,19,19,0,0,4,5,9,0,0,4,24,28,0,34,34,62
09/24/2017,CWF,LA,ASW,CE,Federal Contract Tower,0,1,3,11,15,0,0,10,4,14,0,1,13,15,29,0,0,0,29
09/25/2017,CWF,LA,ASW,CE,Federal Contract Tower,0,0,6,22,28,0,2,12,0,14,0,2,18,22,42,0,18,18,60
09/26/2017,CWF,LA,ASW,CE,Federal Contract Tower,0,4,4,20,28,0,3,14,8,25,0,7,18,28,53,0,40,40,93
09/27/2017,CWF,LA,ASW,CE,Federal Contract Tower,0,0,13,58,71,0,2,11,7,20,0,2,24,65,91,0,138,138,229
09/28/2017,CWF,LA,ASW,CE,Federal Contract Tower,0,1,12,29,42,0,0,13,7,20,0,1,25,36,62,2,44,46,108
09/29/2017,CWF,LA,ASW,CE,Federal Contract Tower,0,0,5,63,68,0,2,6,7,15,0,2,11,70,83,0,24,24,107
09/30/2017,CWF,LA,ASW,CE,Federal Contract Tower,0,4,5,0,9,0,0,4,2,6,0,4,9,2,15,0,0,0,15
10/01/2017,CWF,LA,ASW,CE,Federal Contract Tower,0,0,8,11,19,0,0,3,1,4,0,0,11,12,23,0,0,0,23
10/02/2017,CWF,LA,ASW,CE,Federal Contract Tower,0,4,5,19,28,0,1,8,0,9,0,5,13,19,37,6,4,10,47
10/03/2017,CWF,LA,ASW,CE,Federal Contract Tower,0,1,3,9,13,0,1,7,2,10,0,2,10,11,23,0,0,0,23
10/04/2017,CWF,LA,ASW,CE,Federal Contract Tower,0,0,10,26,36,0,1,6,1,8,0,1,16,27,44,0,16,16,60
10/05/2017,CWF,LA,ASW,CE,Federal Contract Tower,0,0,7,17,24,0,6,6,4,16,0,6,13,21,40,0,10,10,50
10/06/2017,CWF,LA,ASW,CE,Federal Contract Tower,0,0,9,40,49,0,2,3,1,6,0,2,12,41,55,4,14,18,73
10/07/2017,CWF,LA,ASW,CE,Federal Contract Tower,0,0,2,0,2,0,0,3,20,23,0,0,5,20,25,0,0,0,25
10/08/2017,CWF,LA,ASW,CE,Federal Contract Tower,0,0,3,11,14,0,0,1,1,2,0,0,4,12,16,0,0,0,16
10/09/2017,CWF,LA,ASW,CE,Federal Contract Tower,0,0,4,19,23,0,0,5,4,9,0,0,9,23,32,0,8,8,40
10/10/2017,CWF,LA,ASW,CE,Federal Contract Tower,0,1,2,13,16,0,1,6,5,12,0,2,8,18,28,0,6,6,34
10/11/2017,CWF,LA,ASW,CE,Federal Contract Tower,0,2,9,21,32,0,2,25,3,30,0,4,34,24,62,6,6,12,74
10/12/2017,CWF,LA,ASW,CE,Federal Contract Tower,0,3,12,16,31,0,1,15,10,26,0,4,27,26,57,0,6,6,63
10/13/2017,CWF,LA,ASW,CE,Federal Contract Tower,0,0,11,96,107,0,0,17,17,34,0,0,28,113,141,0,28,28,169
10/14/2017,CWF,LA,ASW,CE,Federal Contract Tower,0,0,5,26,31,0,2,5,13,20,0,2,10,39,51,16,50,66,117
10/15/2017,CWF,LA,ASW,CE,Federal Contract Tower,0,1,6,55,62,0,0,2,2,4,0,1,8,57,66,0,24,24,90
10/16/2017,CWF,LA,ASW,CE,Federal Contract Tower,0,2,2,42,46,0,0,12,6,18,0,2,14,48,64,0,88,88,152
10/17/2017,CWF,LA,ASW,CE,Federal Contract Tower,0,5,9,43,57,0,1,19,13,33,0,6,28,56,90,0,74,74,164
10/18/2017,CWF,LA,ASW,CE,Federal Contract Tower,0,2,13,54,69,0,10,38,9,57,0,12,51,63,126,0,26,26,152
10/19/2017,CWF,LA,ASW,CE,Federal Contract Tower,0,0,12,38,50,0,6,14,5,25,0,6,26,43,75,24,0,24,99
10/20/2017,CWF,LA,ASW,CE,Federal Contract Tower,0,0,8,13,21,0,6,8,1,15,0,6,16,14,36,2,0,2,38
10/21/2017,CWF,LA,ASW,CE,Federal Contract Tower,0,0,5,6,11,0,0,3,0,3,0,0,8,6,14,6,20,26,40
10/22/2017,CWF,LA,ASW,CE,Federal Contract Tower,0,0,7,0,7,0,0,3,0,3,0,0,10,0,10,0,0,0,10
10/23/2017,CWF,LA,ASW,CE,Federal Contract Tower,0,1,3,38,42,0,6,12,2,20,0,7,15,40,62,0,10,10,72
10/24/2017,CWF,LA,ASW,CE,Federal Contract Tower,0,2,6,6,14,0,5,12,2,19,0,7,18,8,33,0,0,0,33
10/25/2017,CWF,LA,ASW,CE,Federal Contract Tower,0,5,1,21,27,0,1,19,9,29,0,6,20,30,56,0,20,20,76
10/26/2017,CWF,LA,ASW,CE,Federal Contract Tower,0,0,18,45,63,0,0,19,4,23,0,0,37,49,86,4,42,46,132
10/27/2017,CWF,LA,ASW,CE,Federal Contract Tower,0,2,3,33,38,0,0,5,0,5,0,2,8,33,43,10,0,10,53
10/28/2017,CWF,LA,ASW,CE,Federal Contract Tower,0,0,3,45,48,0,2,7,8,17,0,2,10,53,65,0,30,30,95
10/29/2017,CWF,LA,ASW,CE,Federal Contract Tower,0,0,7,40,47,0,0,5,6,11,0,0,12,46,58,0,44,44,102
10/30/2017,CWF,LA,ASW,CE,Federal Contract Tower,0,2,7,19,28,0,2,14,3,19,0,4,21,22,47,16,4,20,67
10/31/2017,CWF,LA,ASW,CE,Federal Contract Tower,0,0,10,11,21,0,2,10,2,14,0,2,20,13,35,0,10,10,45
11/01/2017,CWF,LA,ASW,CE,Federal Contract Tower,0,1,10,13,24,0,1,1,0,2,0,2,11,13,26,0,2,2,28
11/02/2017,CWF,LA,ASW,CE,Federal Contract Tower,0,0,10,46,56,0,2,13,1,16,0,2,23,47,72,0,16,16,88
11/03/2017,CWF,LA,ASW,CE,Federal Contract Tower,0,2,12,59,73,0,0,12,2,14,0,2,24,61,87,2,0,2,89
11/04/2017,CWF,LA,ASW,CE,Federal Contract Tower,0,0,2,36,38,0,0,7,2,9,0,0,9,38,47,0,24,24,71
11/05/2017,CWF,LA,ASW,CE,Federal Contract Tower,0,0,6,42,48,0,0,1,5,6,0,0,7,47,54,0,14,14,68
11/06/2017,CWF,LA,ASW,CE,Federal Contract Tower,0,1,5,34,40,0,4,5,2,11,0,5,10,36,51,0,46,46,97
11/07/2017,CWF,LA,ASW,CE,Federal Contract Tower,0,6,6,17,29,0,0,9,3,12,0,6,15,20,41,0,32,32,73
11/08/2017,CWF,LA,ASW,CE,Federal Contract Tower,0,0,7,16,23,0,2,0,0,2,0,2,7,16,25,0,0,0,25
11/09/2017,CWF,LA,ASW,CE,Federal Contract Tower,0,2,13,17,32,0,1,0,2,3,0,3,13,19,35,0,18,18,53
11/10/2017,CWF,LA,ASW,CE,Federal Contract Tower,0,2,5,11,18,0,1,8,2,11,0,3,13,13,29,0,0,0,29
11/11/2017,CWF,LA,ASW,CE,Federal Contract Tower,0,0,7,0,7,0,0,4,0,4,0,0,11,0,11,0,0,0,11
11/12/2017,CWF,LA,ASW,CE,Federal Contract Tower,0,0,6,0,6,0,0,7,0,7,0,0,13,0,13,8,0,8,21
11/13/2017,CWF,LA,ASW,CE,Federal Contract Tower,0,4,5,0,9,0,2,14,0,16,0,6,19,0,25,0,0,0,25
11/14/2017,CWF,LA,ASW,CE,Federal Contract Tower,0,2,14,26,42,0,4,10,3,17,0,6,24,29,59,10,30,40,99
11/15/2017,CWF,LA,ASW,CE,Federal Contract Tower,0,1,4,43,48,0,0,16,3,19,0,1,20,46,67,0,48,48,115
11/16/2017,CWF,LA,ASW,CE,Federal Contract Tower,0,3,13,37,53,0,1,8,1,10,0,4,21,38,63,2,12,14,77
11/17/2017,CWF,LA,ASW,CE,Federal Contract Tower,0,0,17,81,98,0,0,10,5,15,0,0,27,86,113,0,24,24,137
11/18/2017,CWF,LA,ASW,CE,Federal Contract Tower,0,1,2,14,17,0,0,2,2,4,0,1,4,16,21,0,4,4,25
11/19/2017,CWF,LA,ASW,CE,Federal Contract Tower,0,0,3,20,23,0,2,6,9,17,0,2,9,29,40,0,26,26,66
11/20/2017,CWF,LA,ASW,CE,Federal Contract Tower,0,0,5,46,51,0,3,0,9,12,0,3,5,55,63,0,34,34,97
11/21/2017,CWF,LA,ASW,CE,Federal Contract Tower,0,3,10,25,38,0,1,4,0,5,0,4,14,25,43,0,20,20,63
11/22/2017,CWF,LA,ASW,CE,Federal Contract Tower,0,0,10,6,16,0,1,1,1,3,0,1,11,7,19,10,0,10,29
11/23/2017,CWF,LA,ASW,CE,Federal Contract Tower,0,0,0,0,0,0,0,3,0,3,0,0,3,0,3,0,0,0,3
11/24/2017,CWF,LA,ASW,CE,Federal Contract Tower,0,0,2,4,6,0,0,5,0,5,0,0,7,4,11,0,14,14,25
11/25/2017,CWF,LA,ASW,CE,Federal Contract Tower,0,1,7,0,8,0,0,3,0,3,0,1,10,0,11,0,0,0,11
11/26/2017,CWF,LA,ASW,CE,Federal Contract Tower,0,0,7,0,7,0,0,2,0,2,0,0,9,0,9,0,0,0,9
11/27/2017,CWF,LA,ASW,CE,Federal Contract Tower,0,0,1,28,29,0,1,8,2,11,0,1,9,30,40,0,26,26,66
11/28/2017,CWF,LA,ASW,CE,Federal Contract Tower,0,3,12,17,32,0,2,3,0,5,0,5,15,17,37,0,14,14,51
11/29/2017,CWF,LA,ASW,CE,Federal Contract Tower,0,2,7,15,24,0,1,5,1,7,0,3,12,16,31,0,22,22,53
11/30/2017,CWF,LA,ASW,CE,Federal Contract Tower,0,0,20,13,33,0,4,10,5,19,0,4,30,18,52,0,36,36,88
12/01/2017,CWF,LA,ASW,CE,Federal Contract Tower,0,0,9,86,95,0,0,18,3,21,0,0,27,89,116,12,20,32,148
12/02/2017,CWF,LA,ASW,CE,Federal Contract Tower,0,0,6,25,31,0,0,7,3,10,0,0,13,28,41,0,10,10,51
12/03/2017,CWF,LA,ASW,CE,Federal Contract Tower,0,0,3,15,18,0,0,0,0,0,0,0,3,15,18,0,2,2,20
12/04/2017,CWF,LA,ASW,CE,Federal Contract Tower,0,0,8,27,35,0,0,3,3,6,0,0,11,30,41,6,26,32,73
12/05/2017,CWF,LA,ASW,CE,Federal Contract Tower,0,0,3,2,5,0,0,0,0,0,0,0,3,2,5,0,0,0,5
12/06/2017,CWF,LA,ASW,CE,Federal Contract Tower,0,5,5,4,14,0,0,6,2,8,0,5,11,6,22,0,0,0,22
12/07/2017,CWF,LA,ASW,CE,Federal Contract Tower,0,3,2,0,5,0,0,0,0,0,0,3,2,0,5,0,0,0,5
12/08/2017,CWF,LA,ASW,CE,Federal Contract Tower,0,0,2,2,4,0,0,1,0,1,0,0,3,2,5,0,0,0,5
12/09/2017,CWF,LA,ASW,CE,Federal Contract Tower,0,1,14,33,48,0,1,9,5,15,0,2,23,38,63,0,12,12,75
12/10/2017,CWF,LA,ASW,CE,Federal Contract Tower,0,0,3,10,13,0,0,7,0,7,0,0,10,10,20,0,4,4,24
12/11/2017,CWF,LA,ASW,CE,Federal Contract Tower,0,0,5,46,51,0,0,11,9,20,0,0,16,55,71,0,40,40,111
12/12/2017,CWF,LA,ASW,CE,Federal Contract Tower,0,1,4,35,40,0,0,17,7,24,0,1,21,42,64,4,78,82,146
12/13/2017,CWF,LA,ASW,CE,Federal Contract Tower,0,9,28,19,56,0,1,22,6,29,0,10,50,25,85,18,14,32,117
12/14/2017,CWF,LA,ASW,CE,Federal Contract Tower,0,1,12,28,41,0,3,20,10,33,0,4,32,38,74,4,14,18,92
12/15/2017,CWF,LA,ASW,CE,Federal Contract Tower,0,2,3,29,34,0,1,10,7,18,0,3,13,36,52,0,32,32,84
12/16/2017,CWF,LA,ASW,CE,Federal Contract Tower,0,0,3,18,21,0,0,12,3,15,0,0,15,21,36,0,28,28,64
12/17/2017,CWF,LA,ASW,CE,Federal Contract Tower,0,0,7,2,9,0,0,0,0,0,0,0,7,2,9,0,0,0,9
12/18/2017,CWF,LA,ASW,CE,Federal Contract Tower,0,0,9,2,11,0,0,2,0,2,0,0,11,2,13,10,10,20,33
12/19/2017,CWF,LA,ASW,CE,Federal Contract Tower,0,0,6,8,14,0,0,1,0,1,0,0,7,8,15,0,0,0,15
12/20/2017,CWF,LA,ASW,CE,Federal Contract Tower,0,2,7,28,37,0,1,12,8,21,0,3,19,36,58,14,0,14,72
12/21/2017,CWF,LA,ASW,CE,Federal Contract Tower,0,3,11,24,38,0,1,8,1,10,0,4,19,25,48,0,0,0,48
12/22/2017,CWF,LA,ASW,CE,Federal Contract Tower,0,0,3,2,5,0,0,2,0,2,0,0,5,2,7,0,0,0,7
12/23/2017,CWF,LA,ASW,CE,Federal Contract Tower,0,2,4,0,6,0,0,4,0,4,0,2,8,0,10,0,0,0,10
12/24/2017,CWF,LA,ASW,CE,Federal Contract Tower,0,0,5,0,5,0,0,2,0,2,0,0,7,0,7,0,0,0,7
12/25/2017,CWF,LA,ASW,CE,Federal Contract Tower,0,0,3,0,3,0,0,2,0,2,0,0,5,0,5,0,0,0,5
12/26/2017,CWF,LA,ASW,CE,Federal Contract Tower,0,2,4,0,6,0,0,0,0,0,0,2,4,0,6,0,0,0,6
12/27/2017,CWF,LA,ASW,CE,Federal Contract Tower,0,0,5,4,9,0,0,0,0,0,0,0,5,4,9,0,0,0,9
12/28/2017,CWF,LA,ASW,CE,Federal Contract Tower,0,0,9,4,13,0,0,2,0,2,0,0,11,4,15,0,0,0,15
12/29/2017,CWF,LA,ASW,CE,Federal Contract Tower,0,0,10,6,16,0,0,7,0,7,0,0,17,6,23,2,0,2,25
12/30/2017,CWF,LA,ASW,CE,Federal Contract Tower,0,0,7,0,7,0,0,1,1,2,0,0,8,1,9,0,0,0,9
12/31/2017,CWF,LA,ASW,CE,Federal Contract Tower,0,0,3,0,3,0,0,0,0,0,0,0,3,0,3,0,0,0,3
01/01/2018,CWF,LA,ASW,CE,Federal Contract Tower,0,0,0,0,0,0,0,0,0,0,0,0,0,0,0,0,0,0,0
01/02/2018,CWF,LA,ASW,CE,Federal Contract Tower,1,0,1,9,11,0,2,5,1,8,1,2,6,10,19,8,0,8,27
01/03/2018,CWF,LA,ASW,CE,Federal Contract Tower,0,0,9,19,28,0,4,14,3,21,0,4,23,22,49,2,12,14,63
01/04/2018,CWF,LA,ASW,CE,Federal Contract Tower,1,2,2,60,65,0,1,13,1,15,1,3,15,61,80,0,38,38,118
01/05/2018,CWF,LA,ASW,CE,Federal Contract Tower,0,3,8,59,70,0,1,9,8,18,0,4,17,67,88,6,52,58,146
01/06/2018,CWF,LA,ASW,CE,Federal Contract Tower,1,3,7,36,47,0,8,2,18,28,1,11,9,54,75,0,24,24,99
01/07/2018,CWF,LA,ASW,CE,Federal Contract Tower,0,0,4,28,32,0,0,0,0,0,0,0,4,28,32,0,0,0,32
01/08/2018,CWF,LA,ASW,CE,Federal Contract Tower,0,2,2,13,17,0,4,2,0,6,0,6,4,13,23,0,0,0,23
01/09/2018,CWF,LA,ASW,CE,Federal Contract Tower,0,1,10,10,21,0,0,0,0,0,0,1,10,10,21,0,0,0,21
01/10/2018,CWF,LA,ASW,CE,Federal Contract Tower,0,4,7,18,29,0,0,3,0,3,0,4,10,18,32,0,2,2,34
01/11/2018,CWF,LA,ASW,CE,Federal Contract Tower,0,4,18,2,24,0,0,0,0,0,0,4,18,2,24,0,0,0,24
01/12/2018,CWF,LA,ASW,CE,Federal Contract Tower,0,0,0,54,54,0,0,4,8,12,0,0,4,62,66,0,24,24,90
01/13/2018,CWF,LA,ASW,CE,Federal Contract Tower,0,3,2,4,9,0,2,9,2,13,0,5,11,6,22,0,0,0,22
01/14/2018,CWF,LA,ASW,CE,Federal Contract Tower,0,0,2,5,7,0,0,7,3,10,0,0,9,8,17,14,0,14,31
01/15/2018,CWF,LA,ASW,CE,Federal Contract Tower,2,2,4,5,13,0,0,8,3,11,2,2,12,8,24,18,40,58,82
01/16/2018,CWF,LA,ASW,CE,Federal Contract Tower,0,0,2,0,2,0,0,0,0,0,0,0,2,0,2,0,0,0,2
01/17/2018,CWF,LA,ASW,CE,Federal Contract Tower,0,0,4,29,33,0,0,0,2,2,0,0,4,31,35,0,10,10,45
01/18/2018,CWF,LA,ASW,CE,Federal Contract Tower,0,4,0,24,28,0,2,8,0,10,0,6,8,24,38,16,0,16,54
01/19/2018,CWF,LA,ASW,CE,Federal Contract Tower,1,7,11,60,79,0,2,4,1,7,1,9,15,61,86,0,20,20,106
01/20/2018,CWF,LA,ASW,CE,Federal Contract Tower,0,0,2,12,14,0,0,2,3,5,0,0,4,15,19,0,2,2,21
01/21/2018,CWF,LA,ASW,CE,Federal Contract Tower,1,0,6,10,17,0,0,2,0,2,1,0,8,10,19,0,0,0,19
01/22/2018,CWF,LA,ASW,CE,Federal Contract Tower,0,0,3,7,10,0,2,0,1,3,0,2,3,8,13,0,0,0,13
01/23/2018,CWF,LA,ASW,CE,Federal Contract Tower,0,2,19,67,88,0,4,17,14,35,0,6,36,81,123,0,50,50,173
01/24/2018,CWF,LA,ASW,CE,Federal Contract Tower,0,0,4,15,19,0,2,12,7,21,0,2,16,22,40,0,0,0,40
01/25/2018,CWF,LA,ASW,CE,Federal Contract Tower,0,0,9,74,83,0,2,13,4,19,0,2,22,78,102,40,82,122,224
01/26/2018,CWF,LA,ASW,CE,Federal Contract Tower,0,1,8,109,118,0,0,6,10,16,0,1,14,119,134,0,12,12,146
01/27/2018,CWF,LA,ASW,CE,Federal Contract Tower,0,0,0,0,0,0,0,0,0,0,0,0,0,0,0,0,0,0,0
01/28/2018,CWF,LA,ASW,CE,Federal Contract Tower,0,0,4,40,44,0,0,0,4,4,0,0,4,44,48,0,46,46,94
01/29/2018,CWF,LA,ASW,CE,Federal Contract Tower,0,0,10,26,36,0,0,10,6,16,0,0,20,32,52,0,8,8,60
01/30/2018,CWF,LA,ASW,CE,Federal Contract Tower,2,6,10,19,37,0,2,7,19,28,2,8,17,38,65,0,10,10,75
01/31/2018,CWF,LA,ASW,CE,Federal Contract Tower,0,0,9,50,59,0,2,5,1,8,0,2,14,51,67,0,58,58,125
02/01/2018,CWF,LA,ASW,CE,Federal Contract Tower,0,0,5,27,32,0,0,0,5,5,0,0,5,32,37,0,4,4,41
02/02/2018,CWF,LA,ASW,CE,Federal Contract Tower,0,0,8,41,49,0,3,5,9,17,0,3,13,50,66,0,14,14,80
02/03/2018,CWF,LA,ASW,CE,Federal Contract Tower,0,0,1,4,5,0,0,2,0,2,0,0,3,4,7,0,0,0,7
02/04/2018,CWF,LA,ASW,CE,Federal Contract Tower,0,0,8,27,35,0,0,0,0,0,0,0,8,27,35,8,0,8,43
02/05/2018,CWF,LA,ASW,CE,Federal Contract Tower,0,1,13,35,49,0,3,5,4,12,0,4,18,39,61,6,6,12,73
02/06/2018,CWF,LA,ASW,CE,Federal Contract Tower,0,0,2,0,2,0,0,0,0,0,0,0,2,0,2,0,0,0,2
02/07/2018,CWF,LA,ASW,CE,Federal Contract Tower,0,2,9,0,11,0,1,2,0,3,0,3,11,0,14,0,0,0,14
02/08/2018,CWF,LA,ASW,CE,Federal Contract Tower,2,0,8,20,30,0,5,10,5,20,2,5,18,25,50,0,0,0,50
02/09/2018,CWF,LA,ASW,CE,Federal Contract Tower,0,0,7,45,52,0,0,5,3,8,0,0,12,48,60,0,0,0,60
02/10/2018,CWF,LA,ASW,CE,Federal Contract Tower,0,0,1,0,1,0,0,0,0,0,0,0,1,0,1,0,0,0,1
02/11/2018,CWF,LA,ASW,CE,Federal Contract Tower,0,0,1,10,11,0,0,4,0,4,0,0,5,10,15,0,0,0,15
02/12/2018,CWF,LA,ASW,CE,Federal Contract Tower,2,2,6,16,26,0,0,4,0,4,2,2,10,16,30,0,0,0,30
02/13/2018,CWF,LA,ASW,CE,Federal Contract Tower,0,0,1,2,3,0,2,0,0,2,0,2,1,2,5,0,0,0,5
02/14/2018,CWF,LA,ASW,CE,Federal Contract Tower,0,0,1,0,1,0,1,0,0,1,0,1,1,0,2,0,0,0,2
02/15/2018,CWF,LA,ASW,CE,Federal Contract Tower,0,1,6,1,8,0,2,3,1,6,0,3,9,2,14,0,0,0,14
02/16/2018,CWF,LA,ASW,CE,Federal Contract Tower,0,2,6,24,32,0,0,4,0,4,0,2,10,24,36,0,4,4,40
02/17/2018,CWF,LA,ASW,CE,Federal Contract Tower,2,0,4,0,6,0,0,0,0,0,2,0,4,0,6,0,0,0,6
02/18/2018,CWF,LA,ASW,CE,Federal Contract Tower,0,0,3,2,5,0,1,0,0,1,0,1,3,2,6,0,6,6,12
02/19/2018,CWF,LA,ASW,CE,Federal Contract Tower,0,2,12,1,15,0,4,9,0,13,0,6,21,1,28,0,0,0,28
02/20/2018,CWF,LA,ASW,CE,Federal Contract Tower,2,2,11,11,26,0,4,8,3,15,2,6,19,14,41,4,50,54,95
02/21/2018,CWF,LA,ASW,CE,Federal Contract Tower,0,0,2,54,56,0,0,0,0,0,0,0,2,54,56,0,0,0,56
02/22/2018,CWF,LA,ASW,CE,Federal Contract Tower,0,0,5,28,33,0,0,12,7,19,0,0,17,35,52,0,0,0,52
02/23/2018,CWF,LA,ASW,CE,Federal Contract Tower,0,1,8,12,21,0,0,6,5,11,0,1,14,17,32,0,0,0,32
02/24/2018,CWF,LA,ASW,CE,Federal Contract Tower,0,0,6,10,16,0,0,0,0,0,0,0,6,10,16,0,0,0,16
02/25/2018,CWF,LA,ASW,CE,Federal Contract Tower,0,0,4,9,13,0,0,2,0,2,0,0,6,9,15,0,0,0,15
02/26/2018,CWF,LA,ASW,CE,Federal Contract Tower,2,0,9,12,23,0,0,9,4,13,2,0,18,16,36,8,0,8,44
02/27/2018,CWF,LA,ASW,CE,Federal Contract Tower,0,0,2,19,21,0,2,4,2,8,0,2,6,21,29,0,30,30,59
02/28/2018,CWF,LA,ASW,CE,Federal Contract Tower,0,2,12,11,25,0,8,3,2,13,0,10,15,13,38,0,12,12,50
03/01/2018,CWF,LA,ASW,CE,Federal Contract Tower,2,3,6,35,46,0,1,11,7,19,2,4,17,42,65,0,2,2,67
03/02/2018,CWF,LA,ASW,CE,Federal Contract Tower,0,2,9,58,69,0,2,20,4,26,0,4,29,62,95,10,40,50,145
03/03/2018,CWF,LA,ASW,CE,Federal Contract Tower,0,0,12,8,20,0,0,6,3,9,0,0,18,11,29,0,0,0,29
03/04/2018,CWF,LA,ASW,CE,Federal Contract Tower,0,0,16,29,45,0,2,2,1,5,0,2,18,30,50,0,14,14,64
03/05/2018,CWF,LA,ASW,CE,Federal Contract Tower,1,2,7,4,14,0,0,1,4,5,1,2,8,8,19,0,0,0,19
03/06/2018,CWF,LA,ASW,CE,Federal Contract Tower,1,2,3,12,18,0,1,11,4,16,1,3,14,16,34,0,26,26,60
03/07/2018,CWF,LA,ASW,CE,Federal Contract Tower,0,0,11,16,27,0,2,18,6,26,0,2,29,22,53,8,2,10,63
03/08/2018,CWF,LA,ASW,CE,Federal Contract Tower,0,0,10,41,51,0,4,13,3,20,0,4,23,44,71,0,32,32,103
03/09/2018,CWF,LA,ASW,CE,Federal Contract Tower,2,0,10,66,78,0,2,6,7,15,2,2,16,73,93,0,26,26,119
03/10/2018,CWF,LA,ASW,CE,Federal Contract Tower,0,0,6,16,22,0,0,1,0,1,0,0,7,16,23,0,32,32,55
03/11/2018,CWF,LA,ASW,CE,Federal Contract Tower,0,0,7,13,20,0,0,0,0,0,0,0,7,13,20,0,0,0,20
03/12/2018,CWF,LA,ASW,CE,Federal Contract Tower,0,0,4,26,30,0,4,5,1,10,0,4,9,27,40,0,24,24,64
03/13/2018,CWF,LA,ASW,CE,Federal Contract Tower,0,0,15,27,42,0,2,8,13,23,0,2,23,40,65,0,14,14,79
03/14/2018,CWF,LA,ASW,CE,Federal Contract Tower,1,0,25,17,43,0,6,13,4,23,1,6,38,21,66,14,24,38,104
03/15/2018,CWF,LA,ASW,CE,Federal Contract Tower,0,4,7,53,64,0,9,7,2,18,0,13,14,55,82,0,24,24,106
03/16/2018,CWF,LA,ASW,CE,Federal Contract Tower,0,2,1,11,14,0,0,7,0,7,0,2,8,11,21,0,10,10,31
03/17/2018,CWF,LA,ASW,CE,Federal Contract Tower,0,1,0,15,16,0,0,1,0,1,0,1,1,15,17,0,4,4,21
03/18/2018,CWF,LA,ASW,CE,Federal Contract Tower,0,0,1,8,9,0,0,3,0,3,0,0,4,8,12,0,8,8,20
03/19/2018,CWF,LA,ASW,CE,Federal Contract Tower,0,0,19,24,43,0,1,3,7,11,0,1,22,31,54,0,6,6,60
03/20/2018,CWF,LA,ASW,CE,Federal Contract Tower,0,6,9,19,34,0,4,3,7,14,0,10,12,26,48,4,30,34,82
03/21/2018,CWF,LA,ASW,CE,Federal Contract Tower,0,2,17,25,44,0,5,12,4,21,0,7,29,29,65,0,0,0,65
03/22/2018,CWF,LA,ASW,CE,Federal Contract Tower,0,7,19,41,67,0,0,17,3,20,0,7,36,44,87,0,14,14,101
03/23/2018,CWF,LA,ASW,CE,Federal Contract Tower,0,4,16,35,55,0,0,14,8,22,0,4,30,43,77,0,12,12,89
03/24/2018,CWF,LA,ASW,CE,Federal Contract Tower,0,0,4,12,16,0,0,10,0,10,0,0,14,12,26,0,0,0,26
03/25/2018,CWF,LA,ASW,CE,Federal Contract Tower,1,1,6,41,49,0,0,6,2,8,1,1,12,43,57,12,16,28,85
03/26/2018,CWF,LA,ASW,CE,Federal Contract Tower,0,1,4,19,24,0,2,9,3,14,0,3,13,22,38,0,14,14,52
03/27/2018,CWF,LA,ASW,CE,Federal Contract Tower,0,2,4,105,111,0,1,6,5,12,0,3,10,110,123,8,100,108,231
03/28/2018,CWF,LA,ASW,CE,Federal Contract Tower,0,2,10,26,38,0,3,4,2,9,0,5,14,28,47,0,18,18,65
03/29/2018,CWF,LA,ASW,CE,Federal Contract Tower,0,4,8,5,17,0,4,13,3,20,0,8,21,8,37,58,4,62,99
03/30/2018,CWF,LA,ASW,CE,Federal Contract Tower,0,1,6,15,22,0,0,9,9,18,0,1,15,24,40,0,6,6,46
03/31/2018,CWF,LA,ASW,CE,Federal Contract Tower,0,0,6,0,6,0,0,1,0,1,0,0,7,0,7,0,0,0,7
04/01/2018,CWF,LA,ASW,CE,Federal Contract Tower,0,0,3,2,5,0,0,0,0,0,0,0,3,2,5,0,0,0,5
04/02/2018,CWF,LA,ASW,CE,Federal Contract Tower,1,1,4,5,11,0,1,5,2,8,1,2,9,7,19,6,0,6,25
04/03/2018,CWF,LA,ASW,CE,Federal Contract Tower,0,0,0,2,2,0,0,2,3,5,0,0,2,5,7,10,0,10,17
04/04/2018,CWF,LA,ASW,CE,Federal Contract Tower,0,0,6,8,14,0,0,6,4,10,0,0,12,12,24,2,10,12,36
04/05/2018,CWF,LA,ASW,CE,Federal Contract Tower,0,0,6,4,10,0,0,11,8,19,0,0,17,12,29,6,0,6,35
04/06/2018,CWF,LA,ASW,CE,Federal Contract Tower,0,0,2,3,5,0,0,4,2,6,0,0,6,5,11,0,10,10,21
04/07/2018,CWF,LA,ASW,CE,Federal Contract Tower,0,0,0,0,0,0,0,0,0,0,0,0,0,0,0,0,0,0,0
04/08/2018,CWF,LA,ASW,CE,Federal Contract Tower,0,0,0,0,0,0,0,2,0,2,0,0,2,0,2,0,0,0,2
04/09/2018,CWF,LA,ASW,CE,Federal Contract Tower,1,0,1,0,2,0,2,6,0,8,1,2,7,0,10,0,0,0,10
04/10/2018,CWF,LA,ASW,CE,Federal Contract Tower,0,0,4,8,12,0,3,7,6,16,0,3,11,14,28,0,8,8,36
04/11/2018,CWF,LA,ASW,CE,Federal Contract Tower,0,0,3,12,15,0,7,21,5,33,0,7,24,17,48,0,30,30,78
04/12/2018,CWF,LA,ASW,CE,Federal Contract Tower,0,0,4,2,6,0,0,12,12,24,0,0,16,14,30,2,2,4,34
04/13/2018,CWF,LA,ASW,CE,Federal Contract Tower,1,0,0,2,3,0,5,1,1,7,1,5,1,3,10,0,2,2,12
04/14/2018,CWF,LA,ASW,CE,Federal Contract Tower,0,0,2,1,3,0,6,1,0,7,0,6,3,1,10,0,0,0,10
04/15/2018,CWF,LA,ASW,CE,Federal Contract Tower,0,0,3,3,6,0,2,17,0,19,0,2,20,3,25,2,0,2,27
04/16/2018,CWF,LA,ASW,CE,Federal Contract Tower,0,0,0,7,7,0,4,10,5,19,0,4,10,12,26,0,16,16,42
04/17/2018,CWF,LA,ASW,CE,Federal Contract Tower,1,0,13,3,17,0,1,16,4,21,1,1,29,7,38,0,0,0,38
04/18/2018,CWF,LA,ASW,CE,Federal Contract Tower,1,0,5,8,14,0,1,8,8,17,1,1,13,16,31,2,16,18,49
04/19/2018,CWF,LA,ASW,CE,Federal Contract Tower,0,2,10,2,14,0,1,15,0,16,0,3,25,2,30,0,0,0,30
04/20/2018,CWF,LA,ASW,CE,Federal Contract Tower,0,2,7,5,14,0,0,13,4,17,0,2,20,9,31,12,0,12,43
04/21/2018,CWF,LA,ASW,CE,Federal Contract Tower,0,0,2,6,8,0,0,0,0,0,0,0,2,6,8,0,24,24,32
04/22/2018,CWF,LA,ASW,CE,Federal Contract Tower,1,0,2,0,3,0,2,0,4,6,1,2,2,4,9,0,8,8,17
04/23/2018,CWF,LA,ASW,CE,Federal Contract Tower,1,0,6,11,18,0,0,11,9,20,1,0,17,20,38,0,6,6,44
04/24/2018,CWF,LA,ASW,CE,Federal Contract Tower,0,0,6,2,8,0,0,13,5,18,0,0,19,7,26,20,0,20,46
04/25/2018,CWF,LA,ASW,CE,Federal Contract Tower,0,0,10,12,22,0,0,13,2,15,0,0,23,14,37,2,0,2,39
04/26/2018,CWF,LA,ASW,CE,Federal Contract Tower,0,2,6,11,19,0,0,12,4,16,0,2,18,15,35,0,28,28,63
04/27/2018,CWF,LA,ASW,CE,Federal Contract Tower,2,0,11,19,32,0,0,12,13,25,2,0,23,32,57,0,10,10,67
04/28/2018,CWF,LA,ASW,CE,Federal Contract Tower,0,0,5,2,7,0,0,5,2,7,0,0,10,4,14,0,0,0,14
04/29/2018,CWF,LA,ASW,CE,Federal Contract Tower,0,2,2,6,10,0,0,4,2,6,0,2,6,8,16,0,26,26,42
04/30/2018,CWF,LA,ASW,CE,Federal Contract Tower,0,0,2,4,6,0,0,14,2,16,0,0,16,6,22,0,0,0,22
05/01/2018,CWF,LA,ASW,CE,Federal Contract Tower,1,0,0,4,5,0,0,6,4,10,1,0,6,8,15,0,16,16,31
05/02/2018,CWF,LA,ASW,CE,Federal Contract Tower,0,0,2,0,2,0,0,9,0,9,0,0,11,0,11,0,0,0,11
05/03/2018,CWF,LA,ASW,CE,Federal Contract Tower,1,0,2,4,7,0,0,8,2,10,1,0,10,6,17,0,6,6,23
05/04/2018,CWF,LA,ASW,CE,Federal Contract Tower,0,0,6,7,13,0,0,9,17,26,0,0,15,24,39,0,4,4,43
05/05/2018,CWF,LA,ASW,CE,Federal Contract Tower,0,0,2,2,4,0,1,5,0,6,0,1,7,2,10,0,0,0,10
05/06/2018,CWF,LA,ASW,CE,Federal Contract Tower,0,0,3,14,17,0,0,12,7,19,0,0,15,21,36,0,0,0,36
05/07/2018,CWF,LA,ASW,CE,Federal Contract Tower,0,1,2,4,7,0,2,9,6,17,0,3,11,10,24,0,28,28,52
05/08/2018,CWF,LA,ASW,CE,Federal Contract Tower,1,1,3,3,8,0,0,20,0,20,1,1,23,3,28,0,6,6,34
05/09/2018,CWF,LA,ASW,CE,Federal Contract Tower,0,0,2,7,9,0,1,16,5,22,0,1,18,12,31,2,0,2,33
05/10/2018,CWF,LA,ASW,CE,Federal Contract Tower,0,0,5,8,13,0,0,28,8,36,0,0,33,16,49,4,6,10,59
05/11/2018,CWF,LA,ASW,CE,Federal Contract Tower,1,2,1,12,16,0,1,20,8,29,1,3,21,20,45,10,0,10,55
05/12/2018,CWF,LA,ASW,CE,Federal Contract Tower,0,0,3,5,8,0,0,3,2,5,0,0,6,7,13,0,4,4,17
05/13/2018,CWF,LA,ASW,CE,Federal Contract Tower,0,2,3,1,6,0,0,5,1,6,0,2,8,2,12,0,12,12,24
05/14/2018,CWF,LA,ASW,CE,Federal Contract Tower,0,0,1,5,6,0,0,8,0,8,0,0,9,5,14,0,0,0,14
05/15/2018,CWF,LA,ASW,CE,Federal Contract Tower,0,0,1,8,9,0,0,7,2,9,0,0,8,10,18,0,0,0,18
05/16/2018,CWF,LA,ASW,CE,Federal Contract Tower,1,0,1,13,15,0,0,17,8,25,1,0,18,21,40,12,26,38,78
05/17/2018,CWF,LA,ASW,CE,Federal Contract Tower,1,0,0,9,10,0,0,10,10,20,1,0,10,19,30,0,18,18,48
05/18/2018,CWF,LA,ASW,CE,Federal Contract Tower,1,0,0,19,20,0,0,16,21,37,1,0,16,40,57,0,2,2,59
05/19/2018,CWF,LA,ASW,CE,Federal Contract Tower,0,0,2,5,7,0,0,3,11,14,0,0,5,16,21,0,14,14,35
05/20/2018,CWF,LA,ASW,CE,Federal Contract Tower,0,0,0,5,5,0,0,4,2,6,0,0,4,7,11,0,0,0,11
05/21/2018,CWF,LA,ASW,CE,Federal Contract Tower,0,0,0,7,7,0,2,9,2,13,0,2,9,9,20,0,0,0,20
05/22/2018,CWF,LA,ASW,CE,Federal Contract Tower,0,0,9,14,23,0,2,12,3,17,0,2,21,17,40,0,0,0,40
05/23/2018,CWF,LA,ASW,CE,Federal Contract Tower,0,3,4,4,11,0,1,8,2,11,0,4,12,6,22,0,0,0,22
05/24/2018,CWF,LA,ASW,CE,Federal Contract Tower,2,0,1,4,7,0,0,19,0,19,2,0,20,4,26,0,0,0,26
05/25/2018,CWF,LA,ASW,CE,Federal Contract Tower,0,0,5,2,7,0,0,3,0,3,0,0,8,2,10,0,0,0,10
05/26/2018,CWF,LA,ASW,CE,Federal Contract Tower,0,0,0,0,0,0,0,4,0,4,0,0,4,0,4,0,0,0,4
05/27/2018,CWF,LA,ASW,CE,Federal Contract Tower,0,0,0,0,0,0,0,6,0,6,0,0,6,0,6,6,0,6,12
05/28/2018,CWF,LA,ASW,CE,Federal Contract Tower,0,0,5,2,7,0,0,6,1,7,0,0,11,3,14,0,28,28,42
05/29/2018,CWF,LA,ASW,CE,Federal Contract Tower,4,1,0,1,6,0,1,16,4,21,4,2,16,5,27,4,20,24,51
05/30/2018,CWF,LA,ASW,CE,Federal Contract Tower,0,0,3,11,14,0,1,23,9,33,0,1,26,20,47,16,16,32,79
05/31/2018,CWF,LA,ASW,CE,Federal Contract Tower,0,3,5,1,9,0,0,10,7,17,0,3,15,8,26,0,0,0,26
06/01/2018,CWF,LA,ASW,CE,Federal Contract Tower,0,0,0,4,4,0,0,11,4,15,0,0,11,8,19,0,4,4,23
06/02/2018,CWF,LA,ASW,CE,Federal Contract Tower,0,0,1,3,4,0,0,9,7,16,0,0,10,10,20,0,0,0,20
06/03/2018,CWF,LA,ASW,CE,Federal Contract Tower,1,0,0,6,7,0,0,13,4,17,1,0,13,10,24,0,20,20,44
06/04/2018,CWF,LA,ASW,CE,Federal Contract Tower,0,1,1,9,11,0,5,5,5,15,0,6,6,14,26,0,0,0,26
06/05/2018,CWF,LA,ASW,CE,Federal Contract Tower,0,1,0,1,2,0,0,11,3,14,0,1,11,4,16,8,0,8,24
06/06/2018,CWF,LA,ASW,CE,Federal Contract Tower,1,0,13,8,22,0,0,13,8,21,1,0,26,16,43,0,14,14,57
06/07/2018,CWF,LA,ASW,CE,Federal Contract Tower,0,0,6,9,15,0,0,15,6,21,0,0,21,15,36,12,6,18,54
06/08/2018,CWF,LA,ASW,CE,Federal Contract Tower,0,0,6,21,27,0,0,15,11,26,0,0,21,32,53,4,24,28,81
06/09/2018,CWF,LA,ASW,CE,Federal Contract Tower,0,0,1,10,11,0,1,8,7,16,0,1,9,17,27,0,20,20,47
06/10/2018,CWF,LA,ASW,CE,Federal Contract Tower,0,2,0,0,2,0,3,1,4,8,0,5,1,4,10,0,24,24,34
06/11/2018,CWF,LA,ASW,CE,Federal Contract Tower,0,0,0,3,3,0,0,2,3,5,0,0,2,6,8,0,16,16,24
06/12/2018,CWF,LA,ASW,CE,Federal Contract Tower,0,1,5,10,16,0,2,11,3,16,0,3,16,13,32,0,4,4,36
06/13/2018,CWF,LA,ASW,CE,Federal Contract Tower,0,0,3,6,9,0,0,22,0,22,0,0,25,6,31,0,10,10,41
06/14/2018,CWF,LA,ASW,CE,Federal Contract Tower,0,0,2,0,2,0,4,21,4,29,0,4,23,4,31,0,0,0,31
06/15/2018,CWF,LA,ASW,CE,Federal Contract Tower,0,0,1,4,5,0,0,8,9,17,0,0,9,13,22,0,8,8,30
06/16/2018,CWF,LA,ASW,CE,Federal Contract Tower,0,0,0,2,2,0,0,2,0,2,0,0,2,2,4,0,34,34,38
06/17/2018,CWF,LA,ASW,CE,Federal Contract Tower,0,0,0,0,0,0,0,0,0,0,0,0,0,0,0,0,0,0,0
06/18/2018,CWF,LA,ASW,CE,Federal Contract Tower,0,0,0,2,2,0,0,1,0,1,0,0,1,2,3,0,0,0,3
06/19/2018,CWF,LA,ASW,CE,Federal Contract Tower,0,0,0,0,0,0,0,0,0,0,0,0,0,0,0,0,0,0,0
06/20/2018,CWF,LA,ASW,CE,Federal Contract Tower,0,0,2,0,2,0,0,7,3,10,0,0,9,3,12,0,0,0,12
06/21/2018,CWF,LA,ASW,CE,Federal Contract Tower,0,0,3,1,4,0,0,13,1,14,0,0,16,2,18,12,0,12,30
06/22/2018,CWF,LA,ASW,CE,Federal Contract Tower,0,0,0,23,23,0,0,12,8,20,0,0,12,31,43,0,38,38,81
06/23/2018,CWF,LA,ASW,CE,Federal Contract Tower,0,0,0,2,2,0,0,0,5,5,0,0,0,7,7,0,0,0,7
06/24/2018,CWF,LA,ASW,CE,Federal Contract Tower,0,0,0,6,6,0,0,8,7,15,0,0,8,13,21,0,24,24,45
06/25/2018,CWF,LA,ASW,CE,Federal Contract Tower,0,0,1,4,5,0,1,7,3,11,0,1,8,7,16,0,0,0,16
06/26/2018,CWF,LA,ASW,CE,Federal Contract Tower,0,0,3,5,8,0,1,12,1,14,0,1,15,6,22,0,4,4,26
06/27/2018,CWF,LA,ASW,CE,Federal Contract Tower,0,1,10,0,11,0,1,11,10,22,0,2,21,10,33,0,8,8,41
06/28/2018,CWF,LA,ASW,CE,Federal Contract Tower,0,0,0,7,7,0,1,9,7,17,0,1,9,14,24,0,0,0,24
06/29/2018,CWF,LA,ASW,CE,Federal Contract Tower,1,0,1,20,22,0,0,7,12,19,1,0,8,32,41,0,34,34,75
06/30/2018,CWF,LA,ASW,CE,Federal Contract Tower,1,0,0,4,5,0,0,2,5,7,1,0,2,9,12,0,12,12,24
07/01/2018,CWF,LA,ASW,CE,Federal Contract Tower,0,0,1,7,8,0,2,8,13,23,0,2,9,20,31,0,6,6,37
07/02/2018,CWF,LA,ASW,CE,Federal Contract Tower,0,0,3,3,6,0,3,8,0,11,0,3,11,3,17,0,10,10,27
07/03/2018,CWF,LA,ASW,CE,Federal Contract Tower,0,0,0,0,0,0,2,12,0,14,0,2,12,0,14,10,0,10,24
07/04/2018,CWF,LA,ASW,CE,Federal Contract Tower,0,0,3,0,3,0,0,2,0,2,0,0,5,0,5,0,0,0,5
07/06/2018,CWF,LA,ASW,CE,Federal Contract Tower,0,2,4,4,10,0,0,11,2,13,0,2,15,6,23,10,4,14,37
07/07/2018,CWF,LA,ASW,CE,Federal Contract Tower,0,0,1,0,1,0,0,7,0,7,0,0,8,0,8,4,0,4,12
07/08/2018,CWF,LA,ASW,CE,Federal Contract Tower,0,0,0,0,0,0,0,0,0,0,0,0,0,0,0,0,0,0,0
07/09/2018,CWF,LA,ASW,CE,Federal Contract Tower,0,0,2,0,2,0,0,4,0,4,0,0,6,0,6,6,0,6,12
07/10/2018,CWF,LA,ASW,CE,Federal Contract Tower,0,0,0,6,6,0,4,17,2,23,0,4,17,8,29,6,4,10,39
07/11/2018,CWF,LA,ASW,CE,Federal Contract Tower,0,0,0,6,6,0,2,6,3,11,0,2,6,9,17,0,0,0,17
07/12/2018,CWF,LA,ASW,CE,Federal Contract Tower,0,0,1,3,4,0,0,9,3,12,0,0,10,6,16,0,6,6,22
07/13/2018,CWF,LA,ASW,CE,Federal Contract Tower,0,0,4,0,4,0,5,13,0,18,0,5,17,0,22,12,0,12,34
07/14/2018,CWF,LA,ASW,CE,Federal Contract Tower,1,0,0,0,1,0,0,7,0,7,1,0,7,0,8,10,0,10,18
07/15/2018,CWF,LA,ASW,CE,Federal Contract Tower,0,0,0,3,3,0,0,5,0,5,0,0,5,3,8,20,0,20,28
07/16/2018,CWF,LA,ASW,CE,Federal Contract Tower,0,0,1,2,3,0,3,17,1,21,0,3,18,3,24,0,0,0,24
07/17/2018,CWF,LA,ASW,CE,Federal Contract Tower,0,0,1,7,8,0,4,5,5,14,0,4,6,12,22,0,0,0,22
07/18/2018,CWF,LA,ASW,CE,Federal Contract Tower,0,0,0,11,11,0,0,15,3,18,0,0,15,14,29,0,18,18,47
07/19/2018,CWF,LA,ASW,CE,Federal Contract Tower,0,0,3,9,12,0,0,31,15,46,0,0,34,24,58,6,6,12,70
07/20/2018,CWF,LA,ASW,CE,Federal Contract Tower,0,0,3,20,23,0,0,11,15,26,0,0,14,35,49,0,2,2,51
07/21/2018,CWF,LA,ASW,CE,Federal Contract Tower,0,2,3,9,14,0,0,3,7,10,0,2,6,16,24,0,0,0,24
07/22/2018,CWF,LA,ASW,CE,Federal Contract Tower,0,0,2,10,12,0,2,2,10,14,0,2,4,20,26,0,48,48,74
07/23/2018,CWF,LA,ASW,CE,Federal Contract Tower,0,0,6,2,8,0,1,8,0,9,0,1,14,2,17,0,0,0,17
07/24/2018,CWF,LA,ASW,CE,Federal Contract Tower,0,0,5,9,14,0,2,11,7,20,0,2,16,16,34,0,12,12,46
07/25/2018,CWF,LA,ASW,CE,Federal Contract Tower,0,0,6,6,12,0,2,12,3,17,0,2,18,9,29,0,0,0,29
07/26/2018,CWF,LA,ASW,CE,Federal Contract Tower,0,0,2,3,5,0,2,6,2,10,0,2,8,5,15,0,24,24,39
07/27/2018,CWF,LA,ASW,CE,Federal Contract Tower,0,0,0,11,11,0,0,6,7,13,0,0,6,18,24,0,20,20,44
07/28/2018,CWF,LA,ASW,CE,Federal Contract Tower,0,0,3,8,11,0,1,10,2,13,0,1,13,10,24,0,12,12,36
07/29/2018,CWF,LA,ASW,CE,Federal Contract Tower,0,0,1,1,2,0,0,10,3,13,0,0,11,4,15,2,0,2,17
07/30/2018,CWF,LA,ASW,CE,Federal Contract Tower,0,0,0,0,0,0,0,12,4,16,0,0,12,4,16,0,10,10,26
07/31/2018,CWF,LA,ASW,CE,Federal Contract Tower,0,0,3,0,3,0,3,4,0,7,0,3,7,0,10,0,0,0,10
08/01/2018,CWF,LA,ASW,CE,Federal Contract Tower,0,1,1,9,11,0,0,12,6,18,0,1,13,15,29,0,12,12,41
08/02/2018,CWF,LA,ASW,CE,Federal Contract Tower,0,0,3,1,4,0,1,16,6,23,0,1,19,7,27,0,4,4,31
08/03/2018,CWF,LA,ASW,CE,Federal Contract Tower,0,1,6,15,22,0,0,10,17,27,0,1,16,32,49,0,2,2,51
08/04/2018,CWF,LA,ASW,CE,Federal Contract Tower,0,2,0,2,4,0,0,2,0,2,0,2,2,2,6,0,0,0,6
08/05/2018,CWF,LA,ASW,CE,Federal Contract Tower,0,0,0,3,3,0,0,9,1,10,0,0,9,4,13,0,0,0,13
08/06/2018,CWF,LA,ASW,CE,Federal Contract Tower,0,0,0,5,5,0,3,8,2,13,0,3,8,7,18,0,18,18,36
08/07/2018,CWF,LA,ASW,CE,Federal Contract Tower,0,2,10,1,13,0,0,12,0,12,0,2,22,1,25,0,0,0,25
08/08/2018,CWF,LA,ASW,CE,Federal Contract Tower,0,6,1,0,7,0,6,20,6,32,0,12,21,6,39,0,0,0,39
08/09/2018,CWF,LA,ASW,CE,Federal Contract Tower,0,0,1,3,4,0,0,13,7,20,0,0,14,10,24,4,0,4,28
08/10/2018,CWF,LA,ASW,CE,Federal Contract Tower,0,0,4,0,4,1,0,12,8,21,1,0,16,8,25,0,0,0,25
08/12/2018,CWF,LA,ASW,CE,Federal Contract Tower,0,0,3,6,9,0,0,4,2,6,0,0,7,8,15,0,0,0,15
08/13/2018,CWF,LA,ASW,CE,Federal Contract Tower,0,0,1,4,5,0,3,11,4,18,0,3,12,8,23,0,0,0,23
08/14/2018,CWF,LA,ASW,CE,Federal Contract Tower,0,2,4,2,8,0,0,9,2,11,0,2,13,4,19,0,16,16,35
08/15/2018,CWF,LA,ASW,CE,Federal Contract Tower,0,0,1,3,4,0,2,25,14,41,0,2,26,17,45,10,0,10,55
08/16/2018,CWF,LA,ASW,CE,Federal Contract Tower,0,0,1,9,10,0,0,29,9,38,0,0,30,18,48,30,30,60,108
08/17/2018,CWF,LA,ASW,CE,Federal Contract Tower,0,0,4,19,23,0,0,10,10,20,0,0,14,29,43,0,62,62,105
08/18/2018,CWF,LA,ASW,CE,Federal Contract Tower,0,0,3,8,11,0,0,5,2,7,0,0,8,10,18,0,0,0,18
08/19/2018,CWF,LA,ASW,CE,Federal Contract Tower,0,0,2,10,12,0,0,8,3,11,0,0,10,13,23,0,2,2,25
08/20/2018,CWF,LA,ASW,CE,Federal Contract Tower,0,0,2,14,16,0,0,11,2,13,0,0,13,16,29,0,4,4,33
08/21/2018,CWF,LA,ASW,CE,Federal Contract Tower,0,0,5,11,16,0,7,6,6,19,0,7,11,17,35,0,14,14,49
08/22/2018,CWF,LA,ASW,CE,Federal Contract Tower,0,0,14,23,37,0,2,11,3,16,0,2,25,26,53,20,14,34,87
08/23/2018,CWF,LA,ASW,CE,Federal Contract Tower,0,1,8,10,19,0,1,9,3,13,0,2,17,13,32,0,10,10,42
08/24/2018,CWF,LA,ASW,CE,Federal Contract Tower,0,2,6,69,77,0,0,23,11,34,0,2,29,80,111,8,40,48,159
08/25/2018,CWF,LA,ASW,CE,Federal Contract Tower,0,0,1,3,4,0,0,2,4,6,0,0,3,7,10,0,6,6,16
08/26/2018,CWF,LA,ASW,CE,Federal Contract Tower,0,0,5,7,12,0,0,8,1,9,0,0,13,8,21,30,4,34,55
08/27/2018,CWF,LA,ASW,CE,Federal Contract Tower,0,0,1,8,9,0,5,10,2,17,0,5,11,10,26,20,10,30,56
08/28/2018,CWF,LA,ASW,CE,Federal Contract Tower,0,0,5,14,19,0,2,12,0,14,0,2,17,14,33,0,14,14,47
08/29/2018,CWF,LA,ASW,CE,Federal Contract Tower,0,2,4,2,8,0,0,9,2,11,0,2,13,4,19,0,26,26,45
08/30/2018,CWF,LA,ASW,CE,Federal Contract Tower,0,2,4,3,9,0,3,17,1,21,0,5,21,4,30,18,8,26,56
08/31/2018,CWF,LA,ASW,CE,Federal Contract Tower,2,1,3,2,8,0,0,12,0,12,2,1,15,2,20,14,0,14,34
09/01/2018,CWF,LA,ASW,CE,Federal Contract Tower,1,1,3,0,5,0,0,3,0,3,1,1,6,0,8,0,0,0,8
09/02/2018,CWF,LA,ASW,CE,Federal Contract Tower,0,0,0,0,0,0,0,0,0,0,0,0,0,0,0,0,0,0,0
09/03/2018,CWF,LA,ASW,CE,Federal Contract Tower,0,0,2,0,2,0,0,2,0,2,0,0,4,0,4,4,0,4,8
09/04/2018,CWF,LA,ASW,CE,Federal Contract Tower,1,0,3,11,15,0,0,8,0,8,1,0,11,11,23,30,0,30,53
09/05/2018,CWF,LA,ASW,CE,Federal Contract Tower,0,4,15,6,25,0,1,14,4,19,0,5,29,10,44,6,0,6,50
09/06/2018,CWF,LA,ASW,CE,Federal Contract Tower,0,4,7,19,30,0,1,14,1,16,0,5,21,20,46,0,18,18,64
09/07/2018,CWF,LA,ASW,CE,Federal Contract Tower,0,0,7,25,32,0,7,9,4,20,0,7,16,29,52,0,0,0,52
09/08/2018,CWF,LA,ASW,CE,Federal Contract Tower,1,0,0,14,15,0,4,10,0,14,1,4,10,14,29,12,10,22,51
09/09/2018,CWF,LA,ASW,CE,Federal Contract Tower,0,0,4,5,9,0,0,6,6,12,0,0,10,11,21,0,0,0,21
09/10/2018,CWF,LA,ASW,CE,Federal Contract Tower,1,1,3,4,9,0,6,9,0,15,1,7,12,4,24,0,0,0,24
09/11/2018,CWF,LA,ASW,CE,Federal Contract Tower,0,1,1,1,3,0,0,6,0,6,0,1,7,1,9,0,0,0,9
09/12/2018,CWF,LA,ASW,CE,Federal Contract Tower,2,2,4,4,12,0,2,10,1,13,2,4,14,5,25,0,10,10,35
09/13/2018,CWF,LA,ASW,CE,Federal Contract Tower,0,0,14,6,20,0,0,15,0,15,0,0,29,6,35,0,16,16,51
09/14/2018,CWF,LA,ASW,CE,Federal Contract Tower,0,1,7,5,13,0,0,6,1,7,0,1,13,6,20,0,6,6,26
09/15/2018,CWF,LA,ASW,CE,Federal Contract Tower,0,0,2,0,2,0,5,8,0,13,0,5,10,0,15,4,0,4,19
09/16/2018,CWF,LA,ASW,CE,Federal Contract Tower,0,0,1,8,9,0,0,1,6,7,0,0,2,14,16,0,6,6,22
09/17/2018,CWF,LA,ASW,CE,Federal Contract Tower,0,0,0,6,6,0,3,17,4,24,0,3,17,10,30,0,0,0,30
09/18/2018,CWF,LA,ASW,CE,Federal Contract Tower,1,0,4,9,14,0,2,13,2,17,1,2,17,11,31,0,0,0,31
09/19/2018,CWF,LA,ASW,CE,Federal Contract Tower,1,4,4,4,13,0,2,13,0,15,1,6,17,4,28,10,0,10,38
09/20/2018,CWF,LA,ASW,CE,Federal Contract Tower,0,8,15,5,28,0,2,12,3,17,0,10,27,8,45,38,10,48,93
09/21/2018,CWF,LA,ASW,CE,Federal Contract Tower,3,0,8,28,39,0,2,10,0,12,3,2,18,28,51,2,0,2,53
09/22/2018,CWF,LA,ASW,CE,Federal Contract Tower,1,0,0,0,1,0,0,0,0,0,1,0,0,0,1,0,0,0,1
09/23/2018,CWF,LA,ASW,CE,Federal Contract Tower,0,0,0,10,10,0,0,3,0,3,0,0,3,10,13,0,0,0,13
09/24/2018,CWF,LA,ASW,CE,Federal Contract Tower,0,0,2,17,19,0,5,11,5,21,0,5,13,22,40,0,14,14,54
09/25/2018,CWF,LA,ASW,CE,Federal Contract Tower,0,0,1,5,6,0,4,11,1,16,0,4,12,6,22,8,6,14,36
09/26/2018,CWF,LA,ASW,CE,Federal Contract Tower,0,0,4,2,6,0,0,1,0,1,0,0,5,2,7,10,0,10,17
09/27/2018,CWF,LA,ASW,CE,Federal Contract Tower,0,11,4,6,21,0,0,7,1,8,0,11,11,7,29,10,0,10,39
09/28/2018,CWF,LA,ASW,CE,Federal Contract Tower,0,0,12,8,20,0,0,5,1,6,0,0,17,9,26,0,10,10,36
09/29/2018,CWF,LA,ASW,CE,Federal Contract Tower,0,2,5,0,7,0,0,0,0,0,0,2,5,0,7,0,0,0,7
09/30/2018,CWF,LA,ASW,CE,Federal Contract Tower,2,0,0,0,2,0,0,11,0,11,2,0,11,0,13,0,0,0,13
10/01/2018,CWF,LA,ASW,CE,Federal Contract Tower,2,0,2,12,16,0,1,16,0,17,2,1,18,12,33,0,0,0,33
10/02/2018,CWF,LA,ASW,CE,Federal Contract Tower,0,2,11,31,44,0,5,21,9,35,0,7,32,40,79,54,28,82,161
10/03/2018,CWF,LA,ASW,CE,Federal Contract Tower,0,4,4,18,26,0,10,15,4,29,0,14,19,22,55,6,4,10,65
10/04/2018,CWF,LA,ASW,CE,Federal Contract Tower,0,2,8,51,61,0,1,12,6,19,0,3,20,57,80,0,36,36,116
10/05/2018,CWF,LA,ASW,CE,Federal Contract Tower,2,5,1,45,53,0,4,5,4,13,2,9,6,49,66,0,32,32,98
10/06/2018,CWF,LA,ASW,CE,Federal Contract Tower,1,0,3,8,12,0,0,6,1,7,1,0,9,9,19,30,0,30,49
10/07/2018,CWF,LA,ASW,CE,Federal Contract Tower,0,0,4,7,11,0,0,10,3,13,0,0,14,10,24,0,0,0,24
10/08/2018,CWF,LA,ASW,CE,Federal Contract Tower,0,1,6,11,18,0,7,14,2,23,0,8,20,13,41,0,24,24,65
10/09/2018,CWF,LA,ASW,CE,Federal Contract Tower,0,1,0,16,17,0,2,0,7,9,0,3,0,23,26,0,0,0,26
10/10/2018,CWF,LA,ASW,CE,Federal Contract Tower,2,2,4,11,19,0,2,6,1,9,2,4,10,12,28,0,0,0,28
10/11/2018,CWF,LA,ASW,CE,Federal Contract Tower,2,0,10,12,24,0,3,7,20,30,2,3,17,32,54,50,8,58,112
10/12/2018,CWF,LA,ASW,CE,Federal Contract Tower,0,0,12,76,88,0,0,16,18,34,0,0,28,94,122,0,64,64,186
10/13/2018,CWF,LA,ASW,CE,Federal Contract Tower,0,0,11,34,45,0,0,12,11,23,0,0,23,45,68,0,60,60,128
10/14/2018,CWF,LA,ASW,CE,Federal Contract Tower,0,0,1,22,23,0,0,2,1,3,0,0,3,23,26,0,4,4,30
10/15/2018,CWF,LA,ASW,CE,Federal Contract Tower,0,0,4,4,8,0,5,4,0,9,0,5,8,4,17,0,0,0,17
10/16/2018,CWF,LA,ASW,CE,Federal Contract Tower,0,0,0,3,3,0,0,0,0,0,0,0,0,3,3,0,0,0,3
10/17/2018,CWF,LA,ASW,CE,Federal Contract Tower,0,2,5,0,7,0,0,2,0,2,0,2,7,0,9,0,0,0,9
10/18/2018,CWF,LA,ASW,CE,Federal Contract Tower,0,0,6,20,26,0,7,9,2,18,0,7,15,22,44,0,14,14,58
10/19/2018,CWF,LA,ASW,CE,Federal Contract Tower,2,0,11,43,56,0,0,8,9,17,2,0,19,52,73,6,108,114,187
10/20/2018,CWF,LA,ASW,CE,Federal Contract Tower,0,0,7,5,12,0,0,1,0,1,0,0,8,5,13,0,0,0,13
10/21/2018,CWF,LA,ASW,CE,Federal Contract Tower,0,0,2,15,17,0,2,3,0,5,0,2,5,15,22,0,6,6,28
10/22/2018,CWF,LA,ASW,CE,Federal Contract Tower,2,8,8,32,50,0,1,15,5,21,2,9,23,37,71,0,6,6,77
10/24/2018,CWF,LA,ASW,CE,Federal Contract Tower,0,4,9,18,31,0,0,5,1,6,0,4,14,19,37,0,6,6,43
10/25/2018,CWF,LA,ASW,CE,Federal Contract Tower,0,4,3,14,21,0,1,3,0,4,0,5,6,14,25,0,0,0,25
10/26/2018,CWF,LA,ASW,CE,Federal Contract Tower,0,0,0,73,73,0,4,9,6,19,0,4,9,79,92,2,66,68,160
10/27/2018,CWF,LA,ASW,CE,Federal Contract Tower,0,2,2,19,23,0,0,6,5,11,0,2,8,24,34,2,32,34,68
10/28/2018,CWF,LA,ASW,CE,Federal Contract Tower,1,0,1,27,29,0,0,7,3,10,1,0,8,30,39,0,8,8,47
10/29/2018,CWF,LA,ASW,CE,Federal Contract Tower,1,0,1,30,32,0,4,14,9,27,1,4,15,39,59,0,64,64,123
10/30/2018,CWF,LA,ASW,CE,Federal Contract Tower,0,3,8,54,65,0,2,14,4,20,0,5,22,58,85,0,52,52,137
10/31/2018,CWF,LA,ASW,CE,Federal Contract Tower,0,3,9,8,20,0,7,7,0,14,0,10,16,8,34,0,16,16,50
11/01/2018,CWF,LA,ASW,CE,Federal Contract Tower,0,4,4,14,22,0,6,6,4,16,0,10,10,18,38,0,6,6,44
11/02/2018,CWF,LA,ASW,CE,Federal Contract Tower,2,0,2,24,28,0,1,13,14,28,2,1,15,38,56,14,14,28,84
11/03/2018,CWF,LA,ASW,CE,Federal Contract Tower,0,3,1,8,12,0,0,19,5,24,0,3,20,13,36,0,6,6,42
11/04/2018,CWF,LA,ASW,CE,Federal Contract Tower,0,0,3,2,5,0,0,2,0,2,0,0,5,2,7,0,0,0,7
11/05/2018,CWF,LA,ASW,CE,Federal Contract Tower,1,0,7,29,37,0,0,0,0,0,1,0,7,29,37,0,6,6,43
11/06/2018,CWF,LA,ASW,CE,Federal Contract Tower,3,0,13,14,30,0,1,9,4,14,3,1,22,18,44,0,10,10,54
11/07/2018,CWF,LA,ASW,CE,Federal Contract Tower,0,1,9,11,21,0,1,3,0,4,0,2,12,11,25,0,0,0,25
11/08/2018,CWF,LA,ASW,CE,Federal Contract Tower,0,0,2,0,2,0,0,0,0,0,0,0,2,0,2,0,0,0,2
11/09/2018,CWF,LA,ASW,CE,Federal Contract Tower,0,4,11,2,17,0,0,0,0,0,0,4,11,2,17,0,0,0,17
11/10/2018,CWF,LA,ASW,CE,Federal Contract Tower,0,0,4,3,7,0,0,1,4,5,0,0,5,7,12,0,4,4,16
11/11/2018,CWF,LA,ASW,CE,Federal Contract Tower,0,0,1,6,7,0,0,1,0,1,0,0,2,6,8,0,0,0,8
11/12/2018,CWF,LA,ASW,CE,Federal Contract Tower,0,0,4,6,10,0,0,0,0,0,0,0,4,6,10,0,0,0,10
11/13/2018,CWF,LA,ASW,CE,Federal Contract Tower,2,2,6,6,16,0,0,3,0,3,2,2,9,6,19,0,0,0,19
11/14/2018,CWF,LA,ASW,CE,Federal Contract Tower,0,2,2,23,27,0,2,11,5,18,0,4,13,28,45,10,18,28,73
11/15/2018,CWF,LA,ASW,CE,Federal Contract Tower,1,0,10,23,34,0,0,14,7,21,1,0,24,30,55,0,36,36,91
11/16/2018,CWF,LA,ASW,CE,Federal Contract Tower,0,0,7,21,28,0,0,4,7,11,0,0,11,28,39,0,14,14,53
11/17/2018,CWF,LA,ASW,CE,Federal Contract Tower,0,0,3,22,25,0,0,5,4,9,0,0,8,26,34,0,8,8,42
11/18/2018,CWF,LA,ASW,CE,Federal Contract Tower,0,2,6,28,36,0,0,3,0,3,0,2,9,28,39,0,4,4,43
11/19/2018,CWF,LA,ASW,CE,Federal Contract Tower,1,0,5,2,8,0,0,3,0,3,1,0,8,2,11,0,0,0,11
11/20/2018,CWF,LA,ASW,CE,Federal Contract Tower,0,0,7,23,30,0,0,16,16,32,0,0,23,39,62,6,8,14,76
11/21/2018,CWF,LA,ASW,CE,Federal Contract Tower,0,6,2,2,10,0,0,5,1,6,0,6,7,3,16,0,8,8,24
11/22/2018,CWF,LA,ASW,CE,Federal Contract Tower,0,0,3,0,3,0,0,3,0,3,0,0,6,0,6,0,0,0,6
11/23/2018,CWF,LA,ASW,CE,Federal Contract Tower,0,0,0,0,0,0,0,4,0,4,0,0,4,0,4,0,0,0,4
11/24/2018,CWF,LA,ASW,CE,Federal Contract Tower,3,0,2,0,5,0,0,4,0,4,3,0,6,0,9,0,0,0,9
11/25/2018,CWF,LA,ASW,CE,Federal Contract Tower,1,0,1,10,12,0,0,1,0,1,1,0,2,10,13,0,0,0,13
11/26/2018,CWF,LA,ASW,CE,Federal Contract Tower,0,0,11,22,33,0,0,5,3,8,0,0,16,25,41,0,12,12,53
11/27/2018,CWF,LA,ASW,CE,Federal Contract Tower,0,2,11,15,28,0,2,13,18,33,0,4,24,33,61,0,10,10,71
11/28/2018,CWF,LA,ASW,CE,Federal Contract Tower,0,8,18,8,34,0,4,7,4,15,0,12,25,12,49,0,10,10,59
11/29/2018,CWF,LA,ASW,CE,Federal Contract Tower,0,3,6,8,17,0,0,5,1,6,0,3,11,9,23,0,10,10,33
11/30/2018,CWF,LA,ASW,CE,Federal Contract Tower,0,0,17,49,66,0,0,3,0,3,0,0,20,49,69,0,0,0,69
12/01/2018,CWF,LA,ASW,CE,Federal Contract Tower,0,0,3,30,33,0,0,2,7,9,0,0,5,37,42,0,54,54,96
12/02/2018,CWF,LA,ASW,CE,Federal Contract Tower,0,0,3,7,10,0,0,5,1,6,0,0,8,8,16,0,10,10,26
12/03/2018,CWF,LA,ASW,CE,Federal Contract Tower,1,0,5,14,20,0,0,14,5,19,1,0,19,19,39,20,0,20,59
12/04/2018,CWF,LA,ASW,CE,Federal Contract Tower,0,0,4,79,83,0,7,16,4,27,0,7,20,83,110,0,0,0,110
12/05/2018,CWF,LA,ASW,CE,Federal Contract Tower,1,0,5,26,32,0,0,20,0,20,1,0,25,26,52,6,28,34,86
12/06/2018,CWF,LA,ASW,CE,Federal Contract Tower,0,8,6,30,44,0,2,12,10,24,0,10,18,40,68,8,20,28,96
12/07/2018,CWF,LA,ASW,CE,Federal Contract Tower,0,0,2,8,10,0,0,6,7,13,0,0,8,15,23,0,0,0,23
12/08/2018,CWF,LA,ASW,CE,Federal Contract Tower,0,0,2,0,2,0,0,0,0,0,0,0,2,0,2,0,0,0,2
12/09/2018,CWF,LA,ASW,CE,Federal Contract Tower,0,0,1,2,3,0,0,0,0,0,0,0,1,2,3,0,0,0,3
12/10/2018,CWF,LA,ASW,CE,Federal Contract Tower,0,4,3,22,29,0,7,11,10,28,0,11,14,32,57,0,64,64,121
12/11/2018,CWF,LA,ASW,CE,Federal Contract Tower,0,0,5,50,55,0,0,13,16,29,0,0,18,66,84,4,72,76,160
12/12/2018,CWF,LA,ASW,CE,Federal Contract Tower,0,2,4,15,21,0,0,7,10,17,0,2,11,25,38,4,12,16,54
12/13/2018,CWF,LA,ASW,CE,Federal Contract Tower,0,0,1,5,6,0,0,0,0,0,0,0,1,5,6,0,0,0,6
12/14/2018,CWF,LA,ASW,CE,Federal Contract Tower,0,3,7,41,51,0,0,2,5,7,0,3,9,46,58,0,8,8,66
12/15/2018,CWF,LA,ASW,CE,Federal Contract Tower,0,0,7,18,25,0,0,6,4,10,0,0,13,22,35,0,16,16,51
12/16/2018,CWF,LA,ASW,CE,Federal Contract Tower,0,1,4,20,25,0,0,6,7,13,0,1,10,27,38,0,28,28,66
12/17/2018,CWF,LA,ASW,CE,Federal Contract Tower,0,0,5,8,13,0,2,1,5,8,0,2,6,13,21,0,18,18,39
12/18/2018,CWF,LA,ASW,CE,Federal Contract Tower,0,0,25,31,56,0,0,16,4,20,0,0,41,35,76,12,24,36,112
12/19/2018,CWF,LA,ASW,CE,Federal Contract Tower,0,2,11,10,23,0,0,1,1,2,0,2,12,11,25,0,0,0,25
12/20/2018,CWF,LA,ASW,CE,Federal Contract Tower,0,0,14,36,50,0,1,5,3,9,0,1,19,39,59,0,16,16,75
12/21/2018,CWF,LA,ASW,CE,Federal Contract Tower,0,0,3,10,13,0,3,4,5,12,0,3,7,15,25,4,0,4,29
12/22/2018,CWF,LA,ASW,CE,Federal Contract Tower,0,0,4,0,4,0,0,8,0,8,0,0,12,0,12,0,0,0,12
12/23/2018,CWF,LA,ASW,CE,Federal Contract Tower,0,0,1,2,3,0,0,1,0,1,0,0,2,2,4,0,0,0,4
12/24/2018,CWF,LA,ASW,CE,Federal Contract Tower,0,0,2,0,2,0,0,3,0,3,0,0,5,0,5,0,0,0,5
12/25/2018,CWF,LA,ASW,CE,Federal Contract Tower,0,0,2,0,2,0,0,0,0,0,0,0,2,0,2,0,0,0,2
12/26/2018,CWF,LA,ASW,CE,Federal Contract Tower,0,2,3,3,8,0,0,3,0,3,0,2,6,3,11,0,6,6,17
12/27/2018,CWF,LA,ASW,CE,Federal Contract Tower,0,0,1,0,1,0,0,0,0,0,0,0,1,0,1,0,0,0,1
12/28/2018,CWF,LA,ASW,CE,Federal Contract Tower,0,1,4,0,5,0,2,7,0,9,0,3,11,0,14,0,0,0,14
12/29/2018,CWF,LA,ASW,CE,Federal Contract Tower,0,1,2,0,3,0,0,0,0,0,0,1,2,0,3,0,0,0,3
12/30/2018,CWF,LA,ASW,CE,Federal Contract Tower,0,0,2,0,2,0,0,0,0,0,0,0,2,0,2,0,0,0,2
12/31/2018,CWF,LA,ASW,CE,Federal Contract Tower,0,0,0,0,0,0,0,2,0,2,0,0,2,0,2,40,0,40,42
01/01/2019,CWF,LA,ASW,CE,Federal Contract Tower,0,0,0,0,0,0,0,4,0,4,0,0,4,0,4,0,0,0,4
01/02/2019,CWF,LA,ASW,CE,Federal Contract Tower,0,4,2,0,6,0,0,0,0,0,0,4,2,0,6,0,0,0,6
01/03/2019,CWF,LA,ASW,CE,Federal Contract Tower,0,0,2,1,3,0,0,0,0,0,0,0,2,1,3,0,0,0,3
01/04/2019,CWF,LA,ASW,CE,Federal Contract Tower,0,2,4,47,53,0,5,18,9,32,0,7,22,56,85,4,54,58,143
01/05/2019,CWF,LA,ASW,CE,Federal Contract Tower,2,0,1,12,15,0,0,14,1,15,2,0,15,13,30,6,68,74,104
01/06/2019,CWF,LA,ASW,CE,Federal Contract Tower,1,0,1,16,18,0,0,3,1,4,1,0,4,17,22,0,22,22,44
01/07/2019,CWF,LA,ASW,CE,Federal Contract Tower,0,0,8,44,52,0,2,5,1,8,0,2,13,45,60,2,22,24,84
01/08/2019,CWF,LA,ASW,CE,Federal Contract Tower,0,1,11,46,58,0,3,12,8,23,0,4,23,54,81,4,30,34,115
01/09/2019,CWF,LA,ASW,CE,Federal Contract Tower,0,3,5,36,44,0,7,9,6,22,0,10,14,42,66,0,4,4,70
01/10/2019,CWF,LA,ASW,CE,Federal Contract Tower,0,2,7,31,40,0,4,14,7,25,0,6,21,38,65,0,16,16,81
01/11/2019,CWF,LA,ASW,CE,Federal Contract Tower,1,2,8,54,65,0,0,12,8,20,1,2,20,62,85,0,38,38,123
01/12/2019,CWF,LA,ASW,CE,Federal Contract Tower,0,2,1,30,33,0,0,0,2,2,0,2,1,32,35,0,4,4,39
01/14/2019,CWF,LA,ASW,CE,Federal Contract Tower,0,4,4,20,28,0,4,6,3,13,0,8,10,23,41,12,16,28,69
01/15/2019,CWF,LA,ASW,CE,Federal Contract Tower,2,0,14,23,39,0,2,8,3,13,2,2,22,26,52,10,0,10,62
01/16/2019,CWF,LA,ASW,CE,Federal Contract Tower,2,5,6,19,32,0,0,8,5,13,2,5,14,24,45,0,22,22,67
01/17/2019,CWF,LA,ASW,CE,Federal Contract Tower,0,2,9,46,57,0,0,9,1,10,0,2,18,47,67,0,0,0,67
01/18/2019,CWF,LA,ASW,CE,Federal Contract Tower,0,1,7,0,8,0,0,0,0,0,0,1,7,0,8,0,0,0,8
01/19/2019,CWF,LA,ASW,CE,Federal Contract Tower,0,1,2,2,5,0,0,1,0,1,0,1,3,2,6,14,0,14,20
01/20/2019,CWF,LA,ASW,CE,Federal Contract Tower,0,0,1,18,19,0,0,3,3,6,0,0,4,21,25,0,10,10,35
01/21/2019,CWF,LA,ASW,CE,Federal Contract Tower,0,0,8,14,22,0,0,5,2,7,0,0,13,16,29,44,26,70,99
01/22/2019,CWF,LA,ASW,CE,Federal Contract Tower,2,0,2,5,9,0,2,2,5,9,2,2,4,10,18,0,4,4,22
01/23/2019,CWF,LA,ASW,CE,Federal Contract Tower,0,0,2,0,2,0,0,0,0,0,0,0,2,0,2,0,0,0,2
01/24/2019,CWF,LA,ASW,CE,Federal Contract Tower,0,3,10,17,30,0,1,5,10,16,0,4,15,27,46,22,42,64,110
01/25/2019,CWF,LA,ASW,CE,Federal Contract Tower,1,0,5,75,81,0,18,7,0,25,1,18,12,75,106,24,20,44,150
01/26/2019,CWF,LA,ASW,CE,Federal Contract Tower,2,0,0,14,16,0,0,8,3,11,2,0,8,17,27,0,40,40,67
01/27/2019,CWF,LA,ASW,CE,Federal Contract Tower,0,0,0,28,28,0,0,7,4,11,0,0,7,32,39,0,20,20,59
01/28/2019,CWF,LA,ASW,CE,Federal Contract Tower,0,0,6,48,54,0,4,8,9,21,0,4,14,57,75,0,118,118,193
01/29/2019,CWF,LA,ASW,CE,Federal Contract Tower,2,0,1,17,20,0,2,9,7,18,2,2,10,24,38,0,14,14,52
01/30/2019,CWF,LA,ASW,CE,Federal Contract Tower,0,0,3,32,35,0,4,9,9,22,0,4,12,41,57,16,0,16,73
01/31/2019,CWF,LA,ASW,CE,Federal Contract Tower,2,0,3,38,43,0,0,14,8,22,2,0,17,46,65,32,74,106,171
02/01/2019,CWF,LA,ASW,CE,Federal Contract Tower,0,0,11,22,33,0,0,0,0,0,0,0,11,22,33,10,0,10,43
02/02/2019,CWF,LA,ASW,CE,Federal Contract Tower,0,0,1,4,5,0,0,4,2,6,0,0,5,6,11,0,2,2,13
02/03/2019,CWF,LA,ASW,CE,Federal Contract Tower,0,0,4,3,7,0,0,0,0,0,0,0,4,3,7,0,0,0,7
02/04/2019,CWF,LA,ASW,CE,Federal Contract Tower,3,1,7,11,22,0,0,0,0,0,3,1,7,11,22,0,0,0,22
02/05/2019,CWF,LA,ASW,CE,Federal Contract Tower,0,2,2,0,4,0,0,2,0,2,0,2,4,0,6,0,0,0,6
02/06/2019,CWF,LA,ASW,CE,Federal Contract Tower,3,5,8,0,16,0,0,0,0,0,3,5,8,0,16,0,0,0,16
02/07/2019,CWF,LA,ASW,CE,Federal Contract Tower,0,0,5,6,11,0,0,0,2,2,0,0,5,8,13,0,0,0,13
02/08/2019,CWF,LA,ASW,CE,Federal Contract Tower,0,2,2,25,29,0,2,3,10,15,0,4,5,35,44,0,14,14,58
02/09/2019,CWF,LA,ASW,CE,Federal Contract Tower,2,0,0,9,11,0,3,3,0,6,2,3,3,9,17,6,0,6,23
02/10/2019,CWF,LA,ASW,CE,Federal Contract Tower,0,0,1,12,13,0,0,4,2,6,0,0,5,14,19,16,0,16,35
02/11/2019,CWF,LA,ASW,CE,Federal Contract Tower,0,0,2,4,6,0,1,0,0,1,0,1,2,4,7,0,0,0,7
02/12/2019,CWF,LA,ASW,CE,Federal Contract Tower,0,2,2,17,21,0,5,12,5,22,0,7,14,22,43,24,0,24,67
02/13/2019,CWF,LA,ASW,CE,Federal Contract Tower,0,2,7,7,16,0,0,25,7,32,0,2,32,14,48,42,32,74,122
02/14/2019,CWF,LA,ASW,CE,Federal Contract Tower,0,3,1,4,8,0,4,6,2,12,0,7,7,6,20,0,12,12,32
02/15/2019,CWF,LA,ASW,CE,Federal Contract Tower,2,2,9,49,62,0,0,10,4,14,2,2,19,53,76,6,30,36,112
02/16/2019,CWF,LA,ASW,CE,Federal Contract Tower,2,0,2,8,12,0,0,3,0,3,2,0,5,8,15,0,0,0,15
02/17/2019,CWF,LA,ASW,CE,Federal Contract Tower,0,0,2,16,18,0,0,1,0,1,0,0,3,16,19,0,4,4,23
02/18/2019,CWF,LA,ASW,CE,Federal Contract Tower,2,0,8,2,12,0,0,17,0,17,2,0,25,2,29,28,6,34,63
02/19/2019,CWF,LA,ASW,CE,Federal Contract Tower,0,0,10,6,16,0,0,1,0,1,0,0,11,6,17,0,0,0,17
02/20/2019,CWF,LA,ASW,CE,Federal Contract Tower,0,4,7,20,31,0,6,6,2,14,0,10,13,22,45,4,0,4,49
02/21/2019,CWF,LA,ASW,CE,Federal Contract Tower,0,2,0,3,5,0,0,0,0,0,0,2,0,3,5,0,0,0,5
02/22/2019,CWF,LA,ASW,CE,Federal Contract Tower,0,0,2,18,20,0,0,0,0,0,0,0,2,18,20,0,0,0,20
02/23/2019,CWF,LA,ASW,CE,Federal Contract Tower,0,1,0,7,8,0,0,1,0,1,0,1,1,7,9,0,0,0,9
02/24/2019,CWF,LA,ASW,CE,Federal Contract Tower,0,0,5,18,23,0,0,13,7,20,0,0,18,25,43,0,8,8,51
02/25/2019,CWF,LA,ASW,CE,Federal Contract Tower,2,0,3,3,8,0,2,4,1,7,2,2,7,4,15,0,10,10,25
02/26/2019,CWF,LA,ASW,CE,Federal Contract Tower,0,0,1,4,5,0,0,0,0,0,0,0,1,4,5,0,0,0,5
02/27/2019,CWF,LA,ASW,CE,Federal Contract Tower,2,2,11,9,24,0,0,5,1,6,2,2,16,10,30,24,0,24,54
02/28/2019,CWF,LA,ASW,CE,Federal Contract Tower,2,0,4,5,11,0,1,0,0,1,2,1,4,5,12,0,2,2,14
03/01/2019,CWF,LA,ASW,CE,Federal Contract Tower,0,0,14,31,45,0,0,8,3,11,0,0,22,34,56,10,6,16,72
03/02/2019,CWF,LA,ASW,CE,Federal Contract Tower,0,0,3,6,9,0,0,0,0,0,0,0,3,6,9,0,0,0,9
03/03/2019,CWF,LA,ASW,CE,Federal Contract Tower,0,0,4,4,8,0,0,4,0,4,0,0,8,4,12,0,0,0,12
03/04/2019,CWF,LA,ASW,CE,Federal Contract Tower,1,0,0,9,10,0,3,3,1,7,1,3,3,10,17,0,0,0,17
03/05/2019,CWF,LA,ASW,CE,Federal Contract Tower,0,0,4,14,18,0,5,10,7,22,0,5,14,21,40,24,4,28,68
03/06/2019,CWF,LA,ASW,CE,Federal Contract Tower,0,2,7,28,37,0,1,7,10,18,0,3,14,38,55,0,78,78,133
03/07/2019,CWF,LA,ASW,CE,Federal Contract Tower,1,2,13,17,33,0,1,3,1,5,1,3,16,18,38,0,14,14,52
03/08/2019,CWF,LA,ASW,CE,Federal Contract Tower,2,0,7,30,39,0,0,0,0,0,2,0,7,30,39,0,6,6,45
03/09/2019,CWF,LA,ASW,CE,Federal Contract Tower,0,0,3,4,7,0,0,0,2,2,0,0,3,6,9,0,6,6,15
03/10/2019,CWF,LA,ASW,CE,Federal Contract Tower,0,0,1,4,5,0,0,0,0,0,0,0,1,4,5,0,0,0,5
03/12/2019,CWF,LA,ASW,CE,Federal Contract Tower,0,9,13,22,44,0,0,4,2,6,0,9,17,24,50,0,36,36,86
03/13/2019,CWF,LA,ASW,CE,Federal Contract Tower,0,0,4,0,4,0,0,1,2,3,0,0,5,2,7,0,0,0,7
03/14/2019,CWF,LA,ASW,CE,Federal Contract Tower,0,0,5,30,35,0,4,10,5,19,0,4,15,35,54,0,4,4,58
03/15/2019,CWF,LA,ASW,CE,Federal Contract Tower,1,1,11,31,44,0,0,5,6,11,1,1,16,37,55,0,12,12,67
03/16/2019,CWF,LA,ASW,CE,Federal Contract Tower,0,0,2,1,3,0,0,8,1,9,0,0,10,2,12,0,20,20,32
03/17/2019,CWF,LA,ASW,CE,Federal Contract Tower,0,0,5,21,26,0,0,7,1,8,0,0,12,22,34,0,0,0,34
03/19/2019,CWF,LA,ASW,CE,Federal Contract Tower,0,1,8,30,39,0,0,12,8,20,0,1,20,38,59,0,18,18,77
03/20/2019,CWF,LA,ASW,CE,Federal Contract Tower,2,5,9,35,51,0,0,10,9,19,2,5,19,44,70,10,20,30,100
03/21/2019,CWF,LA,ASW,CE,Federal Contract Tower,0,0,8,34,42,0,7,8,4,19,0,7,16,38,61,2,108,110,171
03/22/2019,CWF,LA,ASW,CE,Federal Contract Tower,1,0,18,58,77,0,3,23,20,46,1,3,41,78,123,0,80,80,203
03/23/2019,CWF,LA,ASW,CE,Federal Contract Tower,0,0,0,55,55,0,0,10,12,22,0,0,10,67,77,0,66,66,143
03/25/2019,CWF,LA,ASW,CE,Federal Contract Tower,0,0,1,6,7,0,2,6,2,10,0,2,7,8,17,0,0,0,17
03/26/2019,CWF,LA,ASW,CE,Federal Contract Tower,1,0,8,22,31,0,0,28,3,31,1,0,36,25,62,0,24,24,86
03/27/2019,CWF,LA,ASW,CE,Federal Contract Tower,0,2,6,49,57,0,3,22,13,38,0,5,28,62,95,30,64,94,189
03/28/2019,CWF,LA,ASW,CE,Federal Contract Tower,0,8,6,33,47,0,2,11,21,34,0,10,17,54,81,10,68,78,159
03/29/2019,CWF,LA,ASW,CE,Federal Contract Tower,0,0,5,68,73,0,0,8,3,11,0,0,13,71,84,6,28,34,118
03/30/2019,CWF,LA,ASW,CE,Federal Contract Tower,2,0,2,4,8,0,0,2,0,2,2,0,4,4,10,0,0,0,10
03/31/2019,CWF,LA,ASW,CE,Federal Contract Tower,1,0,4,14,19,0,3,2,2,7,1,3,6,16,26,0,0,0,26
04/02/2019,CWF,LA,ASW,CE,Federal Contract Tower,2,1,6,28,37,0,1,20,13,34,2,2,26,41,71,0,68,68,139
04/03/2019,CWF,LA,ASW,CE,Federal Contract Tower,1,0,13,32,46,0,0,15,16,31,1,0,28,48,77,0,22,22,99
04/04/2019,CWF,LA,ASW,CE,Federal Contract Tower,0,0,1,10,11,0,0,0,0,0,0,0,1,10,11,0,0,0,11
04/05/2019,CWF,LA,ASW,CE,Federal Contract Tower,0,1,11,21,33,0,0,2,0,2,0,1,13,21,35,0,0,0,35
04/06/2019,CWF,LA,ASW,CE,Federal Contract Tower,0,0,1,0,1,0,0,2,0,2,0,0,3,0,3,0,0,0,3
04/07/2019,CWF,LA,ASW,CE,Federal Contract Tower,0,0,2,0,2,0,0,0,0,0,0,0,2,0,2,0,0,0,2
04/08/2019,CWF,LA,ASW,CE,Federal Contract Tower,0,0,1,22,23,0,0,6,0,6,0,0,7,22,29,0,0,0,29
04/09/2019,CWF,LA,ASW,CE,Federal Contract Tower,2,2,6,50,60,0,4,17,11,32,2,6,23,61,92,0,46,46,138
04/10/2019,CWF,LA,ASW,CE,Federal Contract Tower,5,4,6,29,44,0,0,24,3,27,5,4,30,32,71,8,10,18,89
04/11/2019,CWF,LA,ASW,CE,Federal Contract Tower,1,0,9,28,38,0,2,13,4,19,1,2,22,32,57,14,70,84,141
04/12/2019,CWF,LA,ASW,CE,Federal Contract Tower,0,1,2,36,39,0,0,7,16,23,0,1,9,52,62,0,6,6,68
04/13/2019,CWF,LA,ASW,CE,Federal Contract Tower,0,2,1,0,3,0,0,0,0,0,0,2,1,0,3,0,0,0,3
04/14/2019,CWF,LA,ASW,CE,Federal Contract Tower,0,2,1,10,13,0,2,6,10,18,0,4,7,20,31,0,30,30,61
04/15/2019,CWF,LA,ASW,CE,Federal Contract Tower,2,1,7,33,43,0,0,13,7,20,2,1,20,40,63,0,88,88,151
04/16/2019,CWF,LA,ASW,CE,Federal Contract Tower,0,1,10,46,57,0,0,14,7,21,0,1,24,53,78,16,90,106,184
04/17/2019,CWF,LA,ASW,CE,Federal Contract Tower,0,2,2,29,33,0,2,8,1,11,0,4,10,30,44,20,58,78,122
04/18/2019,CWF,LA,ASW,CE,Federal Contract Tower,2,0,3,3,8,0,0,2,0,2,2,0,5,3,10,0,0,0,10
04/19/2019,CWF,LA,ASW,CE,Federal Contract Tower,2,0,7,67,76,0,0,3,13,16,2,0,10,80,92,0,140,140,232
04/20/2019,CWF,LA,ASW,CE,Federal Contract Tower,1,5,1,15,22,2,6,3,0,11,3,11,4,15,33,8,0,8,41
04/21/2019,CWF,LA,ASW,CE,Federal Contract Tower,0,0,2,10,12,0,0,6,2,8,0,0,8,12,20,0,40,40,60
04/22/2019,CWF,LA,ASW,CE,Federal Contract Tower,0,0,13,36,49,0,0,18,6,24,0,0,31,42,73,0,10,10,83
04/23/2019,CWF,LA,ASW,CE,Federal Contract Tower,0,0,16,45,61,0,0,6,16,22,0,0,22,61,83,0,28,28,111
04/24/2019,CWF,LA,ASW,CE,Federal Contract Tower,0,3,2,14,19,0,4,14,2,20,0,7,16,16,39,8,0,8,47
04/25/2019,CWF,LA,ASW,CE,Federal Contract Tower,1,1,7,3,12,0,6,11,1,18,1,7,18,4,30,2,6,8,38
04/26/2019,CWF,LA,ASW,CE,Federal Contract Tower,0,0,12,55,67,0,0,12,12,24,0,0,24,67,91,12,94,106,197
04/27/2019,CWF,LA,ASW,CE,Federal Contract Tower,3,0,8,19,30,0,0,13,15,28,3,0,21,34,58,16,118,134,192
04/28/2019,CWF,LA,ASW,CE,Federal Contract Tower,1,0,5,20,26,0,0,13,2,15,1,0,18,22,41,140,12,152,193
04/29/2019,CWF,LA,ASW,CE,Federal Contract Tower,0,0,17,7,24,0,4,15,1,20,0,4,32,8,44,0,0,0,44
04/30/2019,CWF,LA,ASW,CE,Federal Contract Tower,0,1,12,24,37,0,3,8,9,20,0,4,20,33,57,0,34,34,91
05/01/2019,CWF,LA,ASW,CE,Federal Contract Tower,0,3,11,3,17,0,2,14,6,22,0,5,25,9,39,6,6,12,51
05/02/2019,CWF,LA,ASW,CE,Federal Contract Tower,0,7,4,10,21,0,1,10,2,13,0,8,14,12,34,10,0,10,44
05/03/2019,CWF,LA,ASW,CE,Federal Contract Tower,0,0,2,15,17,0,0,3,2,5,0,0,5,17,22,0,0,0,22
05/04/2019,CWF,LA,ASW,CE,Federal Contract Tower,0,1,0,0,1,0,1,2,0,3,0,2,2,0,4,0,0,0,4
05/05/2019,CWF,LA,ASW,CE,Federal Contract Tower,0,1,3,14,18,0,0,10,0,10,0,1,13,14,28,0,4,4,32
05/06/2019,CWF,LA,ASW,CE,Federal Contract Tower,3,3,9,15,30,0,3,35,6,44,3,6,44,21,74,12,28,40,114
05/07/2019,CWF,LA,ASW,CE,Federal Contract Tower,1,0,2,12,15,0,2,11,2,15,1,2,13,14,30,0,4,4,34
05/08/2019,CWF,LA,ASW,CE,Federal Contract Tower,2,6,7,14,29,0,0,6,0,6,2,6,13,14,35,0,6,6,41
05/09/2019,CWF,LA,ASW,CE,Federal Contract Tower,0,3,16,14,33,0,0,2,1,3,0,3,18,15,36,0,0,0,36
05/10/2019,CWF,LA,ASW,CE,Federal Contract Tower,0,0,2,16,18,0,0,42,0,42,0,0,44,16,60,0,0,0,60
05/11/2019,CWF,LA,ASW,CE,Federal Contract Tower,0,0,2,0,2,0,0,6,0,6,0,0,8,0,8,22,0,22,30
05/12/2019,CWF,LA,ASW,CE,Federal Contract Tower,0,0,1,9,10,0,0,173,5,178,0,0,174,14,188,0,0,0,188
05/13/2019,CWF,LA,ASW,CE,Federal Contract Tower,0,1,5,19,25,0,8,20,4,32,0,9,25,23,57,20,0,20,77
05/14/2019,CWF,LA,ASW,CE,Federal Contract Tower,0,1,8,4,13,0,4,13,6,23,0,5,21,10,36,0,0,0,36
05/15/2019,CWF,LA,ASW,CE,Federal Contract Tower,2,1,1,28,32,0,1,29,5,35,2,2,30,33,67,0,0,0,67
05/16/2019,CWF,LA,ASW,CE,Federal Contract Tower,0,4,7,23,34,0,6,22,8,36,0,10,29,31,70,18,0,18,88
05/17/2019,CWF,LA,ASW,CE,Federal Contract Tower,0,2,11,13,26,0,4,14,10,28,0,6,25,23,54,18,36,54,108
05/18/2019,CWF,LA,ASW,CE,Federal Contract Tower,5,1,10,10,26,0,0,3,0,3,5,1,13,10,29,0,0,0,29
05/19/2019,CWF,LA,ASW,CE,Federal Contract Tower,0,0,4,1,5,0,1,6,2,9,0,1,10,3,14,0,0,0,14
05/20/2019,CWF,LA,ASW,CE,Federal Contract Tower,0,5,3,68,76,0,11,6,5,22,0,16,9,73,98,0,80,80,178
05/21/2019,CWF,LA,ASW,CE,Federal Contract Tower,0,0,3,41,44,0,2,4,0,6,0,2,7,41,50,0,0,0,50
05/22/2019,CWF,LA,ASW,CE,Federal Contract Tower,0,5,8,21,34,0,0,10,7,17,0,5,18,28,51,20,48,68,119
05/23/2019,CWF,LA,ASW,CE,Federal Contract Tower,0,2,12,28,42,0,3,10,12,25,0,5,22,40,67,20,28,48,115
05/24/2019,CWF,LA,ASW,CE,Federal Contract Tower,2,0,9,1,12,0,0,12,1,13,2,0,21,2,25,96,0,96,121
05/25/2019,CWF,LA,ASW,CE,Federal Contract Tower,0,5,2,12,19,0,2,7,1,10,0,7,9,13,29,8,0,8,37
05/26/2019,CWF,LA,ASW,CE,Federal Contract Tower,0,0,5,0,5,0,2,4,0,6,0,2,9,0,11,4,0,4,15
05/27/2019,CWF,LA,ASW,CE,Federal Contract Tower,0,2,3,8,13,0,6,8,0,14,0,8,11,8,27,0,0,0,27
05/28/2019,CWF,LA,ASW,CE,Federal Contract Tower,2,1,8,31,42,0,4,11,7,22,2,5,19,38,64,0,26,26,90
05/29/2019,CWF,LA,ASW,CE,Federal Contract Tower,0,5,17,31,53,0,1,5,2,8,0,6,22,33,61,0,36,36,97
05/30/2019,CWF,LA,ASW,CE,Federal Contract Tower,1,2,14,1,18,0,3,9,1,13,1,5,23,2,31,0,0,0,31
05/31/2019,CWF,LA,ASW,CE,Federal Contract Tower,1,0,9,73,83,0,0,17,6,23,1,0,26,79,106,10,40,50,156
06/01/2019,CWF,LA,ASW,CE,Federal Contract Tower,0,0,8,18,26,0,0,8,7,15,0,0,16,25,41,0,62,62,103
06/02/2019,CWF,LA,ASW,CE,Federal Contract Tower,1,0,10,79,90,0,1,7,6,14,1,1,17,85,104,0,24,24,128
06/03/2019,CWF,LA,ASW,CE,Federal Contract Tower,0,0,13,22,35,0,11,24,2,37,0,11,37,24,72,18,26,44,116
06/04/2019,CWF,LA,ASW,CE,Federal Contract Tower,0,2,11,15,28,0,0,12,0,12,0,2,23,15,40,0,18,18,58
06/05/2019,CWF,LA,ASW,CE,Federal Contract Tower,0,2,9,0,11,0,2,5,0,7,0,4,14,0,18,4,0,4,22
06/06/2019,CWF,LA,ASW,CE,Federal Contract Tower,0,0,6,4,10,0,1,1,2,4,0,1,7,6,14,0,0,0,14
06/07/2019,CWF,LA,ASW,CE,Federal Contract Tower,1,2,6,64,73,0,0,10,6,16,1,2,16,70,89,0,14,14,103
06/08/2019,CWF,LA,ASW,CE,Federal Contract Tower,0,0,8,18,26,0,0,11,8,19,0,0,19,26,45,0,56,56,101
06/09/2019,CWF,LA,ASW,CE,Federal Contract Tower,0,0,2,33,35,0,0,9,7,16,0,0,11,40,51,0,8,8,59
06/10/2019,CWF,LA,ASW,CE,Federal Contract Tower,1,9,10,49,69,0,11,15,3,29,1,20,25,52,98,12,38,50,148
06/11/2019,CWF,LA,ASW,CE,Federal Contract Tower,0,0,7,26,33,0,3,17,4,24,0,3,24,30,57,0,10,10,67
06/12/2019,CWF,LA,ASW,CE,Federal Contract Tower,0,2,12,32,46,0,5,20,10,35,0,7,32,42,81,6,14,20,101
06/13/2019,CWF,LA,ASW,CE,Federal Contract Tower,0,0,3,16,19,0,5,16,2,23,0,5,19,18,42,6,0,6,48
06/14/2019,CWF,LA,ASW,CE,Federal Contract Tower,0,0,6,45,51,0,6,14,3,23,0,6,20,48,74,34,52,86,160
06/15/2019,CWF,LA,ASW,CE,Federal Contract Tower,0,0,4,13,17,0,2,6,3,11,0,2,10,16,28,30,0,30,58
06/16/2019,CWF,LA,ASW,CE,Federal Contract Tower,0,1,2,9,12,0,1,6,1,8,0,2,8,10,20,8,0,8,28
06/17/2019,CWF,LA,ASW,CE,Federal Contract Tower,0,0,5,11,16,0,2,9,0,11,0,2,14,11,27,10,0,10,37
06/18/2019,CWF,LA,ASW,CE,Federal Contract Tower,0,0,10,39,49,0,0,13,9,22,0,0,23,48,71,0,64,64,135
06/19/2019,CWF,LA,ASW,CE,Federal Contract Tower,0,3,3,32,38,0,0,10,9,19,0,3,13,41,57,0,20,20,77
06/20/2019,CWF,LA,ASW,CE,Federal Contract Tower,0,0,8,44,52,0,10,11,0,21,0,10,19,44,73,20,74,94,167
06/21/2019,CWF,LA,ASW,CE,Federal Contract Tower,0,2,5,56,63,0,0,6,7,13,0,2,11,63,76,6,12,18,94
06/22/2019,CWF,LA,ASW,CE,Federal Contract Tower,0,0,8,70,78,0,0,9,1,10,0,0,17,71,88,0,100,100,188
06/23/2019,CWF,LA,ASW,CE,Federal Contract Tower,0,0,6,14,20,0,0,9,0,9,0,0,15,14,29,0,0,0,29
06/24/2019,CWF,LA,ASW,CE,Federal Contract Tower,0,2,4,0,6,0,2,3,6,11,0,4,7,6,17,10,0,10,27
06/25/2019,CWF,LA,ASW,CE,Federal Contract Tower,0,2,3,0,5,0,4,7,2,13,0,6,10,2,18,0,0,0,18
06/26/2019,CWF,LA,ASW,CE,Federal Contract Tower,0,3,7,21,31,6,18,4,0,28,6,21,11,21,59,0,16,16,75
06/27/2019,CWF,LA,ASW,CE,Federal Contract Tower,0,1,4,29,34,0,3,12,2,17,0,4,16,31,51,8,26,34,85
06/28/2019,CWF,LA,ASW,CE,Federal Contract Tower,0,4,4,2,10,0,5,8,2,15,0,9,12,4,25,14,4,18,43
06/29/2019,CWF,LA,ASW,CE,Federal Contract Tower,0,0,1,0,1,0,0,0,0,0,0,0,1,0,1,0,0,0,1
06/30/2019,CWF,LA,ASW,CE,Federal Contract Tower,0,0,2,0,2,0,2,8,0,10,0,2,10,0,12,0,0,0,12
07/01/2019,CWF,LA,ASW,CE,Federal Contract Tower,0,0,15,13,28,0,4,21,1,26,0,4,36,14,54,0,24,24,78
07/02/2019,CWF,LA,ASW,CE,Federal Contract Tower,0,0,10,3,13,0,0,19,6,25,0,0,29,9,38,6,0,6,44
07/03/2019,CWF,LA,ASW,CE,Federal Contract Tower,0,0,24,3,27,0,1,23,2,26,0,1,47,5,53,16,0,16,69
07/04/2019,CWF,LA,ASW,CE,Federal Contract Tower,0,4,14,0,18,0,0,13,1,14,0,4,27,1,32,0,0,0,32
07/05/2019,CWF,LA,ASW,CE,Federal Contract Tower,0,0,5,2,7,0,2,6,0,8,0,2,11,2,15,4,0,4,19
07/06/2019,CWF,LA,ASW,CE,Federal Contract Tower,0,2,7,4,13,0,0,16,0,16,0,2,23,4,29,6,0,6,35
07/07/2019,CWF,LA,ASW,CE,Federal Contract Tower,0,0,18,6,24,0,0,14,0,14,0,0,32,6,38,0,0,0,38
07/08/2019,CWF,LA,ASW,CE,Federal Contract Tower,0,0,10,32,42,0,13,1,3,17,0,13,11,35,59,0,20,20,79
07/09/2019,CWF,LA,ASW,CE,Federal Contract Tower,0,4,6,16,26,0,0,12,7,19,0,4,18,23,45,0,0,0,45
07/10/2019,CWF,LA,ASW,CE,Federal Contract Tower,0,2,4,10,16,0,0,8,2,10,0,2,12,12,26,0,40,40,66
07/11/2019,CWF,LA,ASW,CE,Federal Contract Tower,0,10,11,6,27,0,36,8,3,47,0,46,19,9,74,0,10,10,84
07/12/2019,CWF,LA,ASW,CE,Federal Contract Tower,0,10,0,2,12,0,2,1,9,12,0,12,1,11,24,10,10,20,44
07/13/2019,CWF,LA,ASW,CE,Federal Contract Tower,0,0,1,0,1,0,0,0,1,1,0,0,1,1,2,0,0,0,2
07/14/2019,CWF,LA,ASW,CE,Federal Contract Tower,0,9,0,0,9,0,0,0,15,15,0,9,0,15,24,0,0,0,24
07/15/2019,CWF,LA,ASW,CE,Federal Contract Tower,0,9,2,0,11,0,18,1,4,23,0,27,3,4,34,2,0,2,36
07/16/2019,CWF,LA,ASW,CE,Federal Contract Tower,0,3,17,24,44,0,7,10,8,25,0,10,27,32,69,12,96,108,177
07/17/2019,CWF,LA,ASW,CE,Federal Contract Tower,0,0,17,21,38,0,1,21,2,24,0,1,38,23,62,16,26,42,104
07/18/2019,CWF,LA,ASW,CE,Federal Contract Tower,0,2,3,49,54,0,4,10,4,18,0,6,13,53,72,4,56,60,132
07/19/2019,CWF,LA,ASW,CE,Federal Contract Tower,0,4,4,48,56,0,2,26,2,30,0,6,30,50,86,16,54,70,156
07/20/2019,CWF,LA,ASW,CE,Federal Contract Tower,0,0,10,20,30,0,0,21,0,21,0,0,31,20,51,0,14,14,65
07/21/2019,CWF,LA,ASW,CE,Federal Contract Tower,0,0,3,0,3,0,0,1,0,1,0,0,4,0,4,0,0,0,4
07/22/2019,CWF,LA,ASW,CE,Federal Contract Tower,0,1,1,2,4,0,0,10,2,12,0,1,11,4,16,0,0,0,16
07/23/2019,CWF,LA,ASW,CE,Federal Contract Tower,0,1,1,7,9,0,0,6,0,6,0,1,7,7,15,0,0,0,15
07/24/2019,CWF,LA,ASW,CE,Federal Contract Tower,0,0,7,16,23,0,4,35,14,53,0,4,42,30,76,4,2,6,82
07/25/2019,CWF,LA,ASW,CE,Federal Contract Tower,0,0,5,21,26,0,0,26,6,32,0,0,31,27,58,0,22,22,80
07/26/2019,CWF,LA,ASW,CE,Federal Contract Tower,0,3,23,49,75,0,0,24,8,32,0,3,47,57,107,6,26,32,139
07/27/2019,CWF,LA,ASW,CE,Federal Contract Tower,0,1,19,31,51,0,0,7,0,7,0,1,26,31,58,0,10,10,68
07/28/2019,CWF,LA,ASW,CE,Federal Contract Tower,0,0,19,0,19,0,0,23,0,23,0,0,42,0,42,0,0,0,42
07/29/2019,CWF,LA,ASW,CE,Federal Contract Tower,0,0,5,19,24,0,0,10,1,11,0,0,15,20,35,1,4,5,40
07/30/2019,CWF,LA,ASW,CE,Federal Contract Tower,0,0,5,8,13,0,0,9,0,9,0,0,14,8,22,0,10,10,32
07/31/2019,CWF,LA,ASW,CE,Federal Contract Tower,0,2,14,52,68,0,0,21,4,25,0,2,35,56,93,0,62,62,155
08/01/2019,CWF,LA,ASW,CE,Federal Contract Tower,0,0,20,43,63,0,0,24,11,35,0,0,44,54,98,0,10,10,108
08/02/2019,CWF,LA,ASW,CE,Federal Contract Tower,0,2,20,67,89,0,3,23,6,32,0,5,43,73,121,0,42,42,163
08/03/2019,CWF,LA,ASW,CE,Federal Contract Tower,0,0,21,64,85,0,0,29,0,29,0,0,50,64,114,0,92,92,206
08/04/2019,CWF,LA,ASW,CE,Federal Contract Tower,0,0,13,12,25,0,0,11,5,16,0,0,24,17,41,22,10,32,73
08/05/2019,CWF,LA,ASW,CE,Federal Contract Tower,0,1,10,11,22,0,0,14,2,16,0,1,24,13,38,8,10,18,56
08/06/2019,CWF,LA,ASW,CE,Federal Contract Tower,0,0,21,12,33,0,2,16,2,20,0,2,37,14,53,0,10,10,63
08/07/2019,CWF,LA,ASW,CE,Federal Contract Tower,2,0,5,16,23,0,2,8,2,12,2,2,13,18,35,2,18,20,55
08/08/2019,CWF,LA,ASW,CE,Federal Contract Tower,0,0,3,17,20,0,2,9,14,25,0,2,12,31,45,0,8,8,53
08/09/2019,CWF,LA,ASW,CE,Federal Contract Tower,2,0,6,131,139,0,0,7,2,9,2,0,13,133,148,0,60,60,208
08/10/2019,CWF,LA,ASW,CE,Federal Contract Tower,0,0,12,13,25,0,0,8,5,13,0,0,20,18,38,10,0,10,48
08/11/2019,CWF,LA,ASW,CE,Federal Contract Tower,0,0,5,28,33,0,0,10,0,10,0,0,15,28,43,0,24,24,67
08/12/2019,CWF,LA,ASW,CE,Federal Contract Tower,0,0,14,49,63,0,0,17,4,21,0,0,31,53,84,0,34,34,118
08/13/2019,CWF,LA,ASW,CE,Federal Contract Tower,0,0,12,20,32,0,0,11,9,20,0,0,23,29,52,4,8,12,64
08/14/2019,CWF,LA,ASW,CE,Federal Contract Tower,0,2,7,9,18,0,2,8,0,10,0,4,15,9,28,0,26,26,54
08/15/2019,CWF,LA,ASW,CE,Federal Contract Tower,0,0,10,9,19,0,0,15,7,22,0,0,25,16,41,6,30,36,77
08/16/2019,CWF,LA,ASW,CE,Federal Contract Tower,0,0,3,21,24,0,0,10,1,11,0,0,13,22,35,0,10,10,45
08/17/2019,CWF,LA,ASW,CE,Federal Contract Tower,0,0,1,3,4,0,0,4,1,5,0,0,5,4,9,0,0,0,9
08/18/2019,CWF,LA,ASW,CE,Federal Contract Tower,0,0,1,6,7,0,0,6,8,14,0,0,7,14,21,10,0,10,31
08/19/2019,CWF,LA,ASW,CE,Federal Contract Tower,0,1,4,2,7,0,0,5,0,5,0,1,9,2,12,0,4,4,16
08/20/2019,CWF,LA,ASW,CE,Federal Contract Tower,1,5,10,19,35,0,0,11,11,22,1,5,21,30,57,0,32,32,89
08/21/2019,CWF,LA,ASW,CE,Federal Contract Tower,1,1,12,2,16,0,0,10,4,14,1,1,22,6,30,0,0,0,30
08/22/2019,CWF,LA,ASW,CE,Federal Contract Tower,1,2,9,12,24,0,1,24,4,29,1,3,33,16,53,20,10,30,83
08/23/2019,CWF,LA,ASW,CE,Federal Contract Tower,0,0,14,4,18,0,0,10,0,10,0,0,24,4,28,0,8,8,36
08/24/2019,CWF,LA,ASW,CE,Federal Contract Tower,0,4,2,0,6,0,0,1,0,1,0,4,3,0,7,0,0,0,7
08/25/2019,CWF,LA,ASW,CE,Federal Contract Tower,0,1,1,0,2,0,0,1,0,1,0,1,2,0,3,0,0,0,3
08/26/2019,CWF,LA,ASW,CE,Federal Contract Tower,0,0,12,16,28,0,6,7,6,19,0,6,19,22,47,0,10,10,57
08/27/2019,CWF,LA,ASW,CE,Federal Contract Tower,0,2,4,24,30,0,7,17,6,30,0,9,21,30,60,0,40,40,100
08/28/2019,CWF,LA,ASW,CE,Federal Contract Tower,0,6,17,30,53,0,4,18,2,24,0,10,35,32,77,10,0,10,87
08/29/2019,CWF,LA,ASW,CE,Federal Contract Tower,0,2,17,20,39,0,4,27,4,35,0,6,44,24,74,0,0,0,74
08/30/2019,CWF,LA,ASW,CE,Federal Contract Tower,0,1,10,1,12,0,0,8,2,10,0,1,18,3,22,0,0,0,22
08/31/2019,CWF,LA,ASW,CE,Federal Contract Tower,0,2,7,1,10,0,0,1,0,1,0,2,8,1,11,10,0,10,21
09/01/2019,CWF,LA,ASW,CE,Federal Contract Tower,0,0,5,0,5,0,0,8,0,8,0,0,13,0,13,0,0,0,13
09/02/2019,CWF,LA,ASW,CE,Federal Contract Tower,0,0,5,0,5,0,0,10,2,12,0,0,15,2,17,0,0,0,17
09/03/2019,CWF,LA,ASW,CE,Federal Contract Tower,0,0,9,37,46,0,13,19,13,45,0,13,28,50,91,6,32,38,129
09/04/2019,CWF,LA,ASW,CE,Federal Contract Tower,0,8,10,24,42,0,3,20,5,28,0,11,30,29,70,4,24,28,98
09/05/2019,CWF,LA,ASW,CE,Federal Contract Tower,0,0,5,23,28,0,1,13,6,20,0,1,18,29,48,0,10,10,58
09/06/2019,CWF,LA,ASW,CE,Federal Contract Tower,0,2,16,35,53,0,2,19,12,33,0,4,35,47,86,10,68,78,164
09/07/2019,CWF,LA,ASW,CE,Federal Contract Tower,0,0,4,28,32,0,0,15,6,21,0,0,19,34,53,0,22,22,75
09/08/2019,CWF,LA,ASW,CE,Federal Contract Tower,0,1,2,7,10,0,0,10,1,11,0,1,12,8,21,0,8,8,29
09/09/2019,CWF,LA,ASW,CE,Federal Contract Tower,0,0,6,18,24,0,5,9,2,16,0,5,15,20,40,0,6,6,46
09/10/2019,CWF,LA,ASW,CE,Federal Contract Tower,0,0,6,21,27,0,0,18,12,30,0,0,24,33,57,10,28,38,95
09/11/2019,CWF,LA,ASW,CE,Federal Contract Tower,0,3,3,17,23,0,1,15,2,18,0,4,18,19,41,6,4,10,51
09/12/2019,CWF,LA,ASW,CE,Federal Contract Tower,0,0,11,42,53,0,5,34,3,42,0,5,45,45,95,40,18,58,153
09/13/2019,CWF,LA,ASW,CE,Federal Contract Tower,0,0,5,70,75,0,0,15,16,31,0,0,20,86,106,0,20,20,126
09/14/2019,CWF,LA,ASW,CE,Federal Contract Tower,0,0,3,40,43,0,0,1,19,20,0,0,4,59,63,0,20,20,83
09/15/2019,CWF,LA,ASW,CE,Federal Contract Tower,0,0,0,65,65,0,0,3,2,5,0,0,3,67,70,0,38,38,108
09/16/2019,CWF,LA,ASW,CE,Federal Contract Tower,2,2,5,4,13,0,9,7,8,24,2,11,12,12,37,0,8,8,45
09/17/2019,CWF,LA,ASW,CE,Federal Contract Tower,1,0,14,0,15,0,0,4,0,4,1,0,18,0,19,0,0,0,19
09/18/2019,CWF,LA,ASW,CE,Federal Contract Tower,0,2,2,0,4,0,0,3,0,3,0,2,5,0,7,0,0,0,7
09/19/2019,CWF,LA,ASW,CE,Federal Contract Tower,0,0,3,0,3,0,0,0,0,0,0,0,3,0,3,0,0,0,3
09/20/2019,CWF,LA,ASW,CE,Federal Contract Tower,0,0,2,21,23,0,0,21,10,31,0,0,23,31,54,14,0,14,68
09/21/2019,CWF,LA,ASW,CE,Federal Contract Tower,0,0,6,28,34,0,0,10,15,25,0,0,16,43,59,30,36,66,125
09/22/2019,CWF,LA,ASW,CE,Federal Contract Tower,0,0,2,39,41,0,0,11,1,12,0,0,13,40,53,0,18,18,71
09/23/2019,CWF,LA,ASW,CE,Federal Contract Tower,0,0,5,21,26,0,3,8,11,22,0,3,13,32,48,0,36,36,84
09/24/2019,CWF,LA,ASW,CE,Federal Contract Tower,0,4,4,22,30,0,8,12,11,31,0,12,16,33,61,8,28,36,97
09/25/2019,CWF,LA,ASW,CE,Federal Contract Tower,0,4,11,20,35,0,0,17,1,18,0,4,28,21,53,4,14,18,71
09/26/2019,CWF,LA,ASW,CE,Federal Contract Tower,0,10,2,66,78,0,0,19,1,20,0,10,21,67,98,0,6,6,104
09/27/2019,CWF,LA,ASW,CE,Federal Contract Tower,2,0,2,64,68,0,0,13,1,14,2,0,15,65,82,0,0,0,82
09/28/2019,CWF,LA,ASW,CE,Federal Contract Tower,0,6,7,21,34,0,0,8,2,10,0,6,15,23,44,0,14,14,58
09/29/2019,CWF,LA,ASW,CE,Federal Contract Tower,0,0,3,27,30,0,0,2,4,6,0,0,5,31,36,0,0,0,36
09/30/2019,CWF,LA,ASW,CE,Federal Contract Tower,0,0,8,7,15,0,1,12,1,14,0,1,20,8,29,8,30,38,67
10/01/2019,CWF,LA,ASW,CE,Federal Contract Tower,0,0,20,20,40,0,2,17,5,24,0,2,37,25,64,32,34,66,130
10/02/2019,CWF,LA,ASW,CE,Federal Contract Tower,1,4,23,12,40,0,1,20,5,26,1,5,43,17,66,46,32,78,144
10/03/2019,CWF,LA,ASW,CE,Federal Contract Tower,0,0,7,23,30,0,0,9,13,22,0,0,16,36,52,0,16,16,68
10/04/2019,CWF,LA,ASW,CE,Federal Contract Tower,0,2,4,52,58,0,1,3,6,10,0,3,7,58,68,0,12,12,80
10/05/2019,CWF,LA,ASW,CE,Federal Contract Tower,0,8,10,34,52,0,4,10,2,16,0,12,20,36,68,22,32,54,122
10/06/2019,CWF,LA,ASW,CE,Federal Contract Tower,0,8,5,16,29,0,0,8,0,8,0,8,13,16,37,0,6,6,43
10/07/2019,CWF,LA,ASW,CE,Federal Contract Tower,0,1,5,28,34,0,5,12,1,18,0,6,17,29,52,4,38,42,94
10/08/2019,CWF,LA,ASW,CE,Federal Contract Tower,0,0,8,17,25,0,8,8,0,16,0,8,16,17,41,6,4,10,51
10/09/2019,CWF,LA,ASW,CE,Federal Contract Tower,0,8,15,41,64,0,0,15,8,23,0,8,30,49,87,12,40,52,139
10/10/2019,CWF,LA,ASW,CE,Federal Contract Tower,0,2,13,38,53,0,1,11,2,14,0,3,24,40,67,0,58,58,125
10/11/2019,CWF,LA,ASW,CE,Federal Contract Tower,0,2,10,11,23,0,1,0,0,1,0,3,10,11,24,0,0,0,24
10/12/2019,CWF,LA,ASW,CE,Federal Contract Tower,0,0,4,3,7,0,0,9,2,11,0,0,13,5,18,0,0,0,18
10/13/2019,CWF,LA,ASW,CE,Federal Contract Tower,0,4,11,10,25,0,0,4,0,4,0,4,15,10,29,0,0,0,29
10/14/2019,CWF,LA,ASW,CE,Federal Contract Tower,0,0,9,0,9,0,1,8,0,9,0,1,17,0,18,0,0,0,18
10/15/2019,CWF,LA,ASW,CE,Federal Contract Tower,0,1,14,7,22,0,0,15,0,15,0,1,29,7,37,0,0,0,37
10/16/2019,CWF,LA,ASW,CE,Federal Contract Tower,0,5,20,2,27,0,0,2,1,3,0,5,22,3,30,0,0,0,30
10/17/2019,CWF,LA,ASW,CE,Federal Contract Tower,0,0,9,32,41,0,4,30,2,36,0,4,39,34,77,0,42,42,119
10/18/2019,CWF,LA,ASW,CE,Federal Contract Tower,0,0,6,28,34,0,0,6,9,15,0,0,12,37,49,0,26,26,75
10/19/2019,CWF,LA,ASW,CE,Federal Contract Tower,0,1,1,32,34,0,2,14,1,17,0,3,15,33,51,0,32,32,83
10/20/2019,CWF,LA,ASW,CE,Federal Contract Tower,0,0,10,5,15,0,0,8,1,9,0,0,18,6,24,4,4,8,32
10/21/2019,CWF,LA,ASW,CE,Federal Contract Tower,0,2,4,10,16,0,0,2,0,2,0,2,6,10,18,0,0,0,18
10/22/2019,CWF,LA,ASW,CE,Federal Contract Tower,1,2,15,23,41,0,2,11,11,24,1,4,26,34,65,6,18,24,89
10/23/2019,CWF,LA,ASW,CE,Federal Contract Tower,1,2,6,20,29,0,2,27,2,31,1,4,33,22,60,8,20,28,88
10/24/2019,CWF,LA,ASW,CE,Federal Contract Tower,0,11,14,34,59,0,5,5,8,18,0,16,19,42,77,8,30,38,115
10/25/2019,CWF,LA,ASW,CE,Federal Contract Tower,1,6,2,6,15,0,0,0,0,0,1,6,2,6,15,0,0,0,15
10/26/2019,CWF,LA,ASW,CE,Federal Contract Tower,0,0,6,23,29,0,0,0,2,2,0,0,6,25,31,0,0,0,31
10/27/2019,CWF,LA,ASW,CE,Federal Contract Tower,0,0,4,40,44,0,0,6,0,6,0,0,10,40,50,0,4,4,54
10/28/2019,CWF,LA,ASW,CE,Federal Contract Tower,0,2,2,27,31,0,1,17,2,20,0,3,19,29,51,12,16,28,79
10/29/2019,CWF,LA,ASW,CE,Federal Contract Tower,0,0,9,17,26,0,2,4,4,10,0,2,13,21,36,6,4,10,46
10/30/2019,CWF,LA,ASW,CE,Federal Contract Tower,0,0,2,5,7,0,0,2,0,2,0,0,4,5,9,0,0,0,9
10/31/2019,CWF,LA,ASW,CE,Federal Contract Tower,1,0,5,8,14,0,1,7,1,9,1,1,12,9,23,0,0,0,23
11/01/2019,CWF,LA,ASW,CE,Federal Contract Tower,0,0,6,17,23,0,0,14,4,18,0,0,20,21,41,6,0,6,47
11/02/2019,CWF,LA,ASW,CE,Federal Contract Tower,1,0,3,30,34,0,0,16,4,20,1,0,19,34,54,10,14,24,78
11/03/2019,CWF,LA,ASW,CE,Federal Contract Tower,1,0,2,29,32,0,0,19,0,19,1,0,21,29,51,0,10,10,61
11/04/2019,CWF,LA,ASW,CE,Federal Contract Tower,0,0,15,49,64,0,5,19,2,26,0,5,34,51,90,4,50,54,144
11/05/2019,CWF,LA,ASW,CE,Federal Contract Tower,0,6,18,24,48,0,0,5,0,5,0,6,23,24,53,12,12,24,77
11/06/2019,CWF,LA,ASW,CE,Federal Contract Tower,0,0,24,32,56,0,2,10,5,17,0,2,34,37,73,0,10,10,83
11/07/2019,CWF,LA,ASW,CE,Federal Contract Tower,0,1,13,3,17,0,0,0,2,2,0,1,13,5,19,0,0,0,19
11/08/2019,CWF,LA,ASW,CE,Federal Contract Tower,2,1,13,9,25,0,0,0,1,1,2,1,13,10,26,0,0,0,26
11/09/2019,CWF,LA,ASW,CE,Federal Contract Tower,4,0,6,6,16,0,0,16,3,19,4,0,22,9,35,0,16,16,51
11/10/2019,CWF,LA,ASW,CE,Federal Contract Tower,0,1,5,6,12,0,0,14,0,14,0,1,19,6,26,6,0,6,32
11/11/2019,CWF,LA,ASW,CE,Federal Contract Tower,0,1,18,11,30,0,0,3,0,3,0,1,21,11,33,0,0,0,33
11/12/2019,CWF,LA,ASW,CE,Federal Contract Tower,0,2,8,9,19,0,0,6,0,6,0,2,14,9,25,4,20,24,49
11/13/2019,CWF,LA,ASW,CE,Federal Contract Tower,1,2,15,19,37,0,3,8,4,15,1,5,23,23,52,16,12,28,80
11/14/2019,CWF,LA,ASW,CE,Federal Contract Tower,1,3,13,10,27,0,2,3,0,5,1,5,16,10,32,10,0,10,42
11/15/2019,CWF,LA,ASW,CE,Federal Contract Tower,0,0,9,35,44,0,1,13,3,17,0,1,22,38,61,10,16,26,87
11/16/2019,CWF,LA,ASW,CE,Federal Contract Tower,0,0,4,40,44,0,0,30,9,39,0,0,34,49,83,22,84,106,189
11/17/2019,CWF,LA,ASW,CE,Federal Contract Tower,0,0,7,28,35,0,4,7,1,12,0,4,14,29,47,12,16,28,75
11/18/2019,CWF,LA,ASW,CE,Federal Contract Tower,0,0,10,40,50,0,2,16,6,24,0,2,26,46,74,0,116,116,190
11/19/2019,CWF,LA,ASW,CE,Federal Contract Tower,0,3,22,40,65,0,2,26,3,31,0,5,48,43,96,0,42,42,138
11/20/2019,CWF,LA,ASW,CE,Federal Contract Tower,0,0,8,48,56,0,3,23,2,28,0,3,31,50,84,0,80,80,164
11/21/2019,CWF,LA,ASW,CE,Federal Contract Tower,0,0,30,26,56,0,0,13,4,17,0,0,43,30,73,26,40,66,139
11/22/2019,CWF,LA,ASW,CE,Federal Contract Tower,0,0,1,9,10,0,0,2,0,2,0,0,3,9,12,0,0,0,12
11/23/2019,CWF,LA,ASW,CE,Federal Contract Tower,0,3,2,8,13,0,3,8,0,11,0,6,10,8,24,0,0,0,24
11/24/2019,CWF,LA,ASW,CE,Federal Contract Tower,0,0,2,20,22,0,0,15,13,28,0,0,17,33,50,0,10,10,60
11/25/2019,CWF,LA,ASW,CE,Federal Contract Tower,1,2,2,24,29,0,8,10,5,23,1,10,12,29,52,10,10,20,72
11/26/2019,CWF,LA,ASW,CE,Federal Contract Tower,2,0,7,5,14,0,0,0,0,0,2,0,7,5,14,0,0,0,14
11/27/2019,CWF,LA,ASW,CE,Federal Contract Tower,0,0,7,6,13,0,2,12,0,14,0,2,19,6,27,0,0,0,27
11/28/2019,CWF,LA,ASW,CE,Federal Contract Tower,0,0,2,0,2,0,0,2,0,2,0,0,4,0,4,2,0,2,6
11/29/2019,CWF,LA,ASW,CE,Federal Contract Tower,0,2,11,0,13,0,0,1,0,1,0,2,12,0,14,0,0,0,14
11/30/2019,CWF,LA,ASW,CE,Federal Contract Tower,0,0,2,0,2,0,0,2,0,2,0,0,4,0,4,0,0,0,4
12/01/2019,CWF,LA,ASW,CE,Federal Contract Tower,0,2,4,4,10,0,0,12,0,12,0,2,16,4,22,0,0,0,22
12/02/2019,CWF,LA,ASW,CE,Federal Contract Tower,0,5,10,33,48,0,0,20,4,24,0,5,30,37,72,0,50,50,122
12/03/2019,CWF,LA,ASW,CE,Federal Contract Tower,0,2,12,16,30,0,5,12,7,24,0,7,24,23,54,8,20,28,82
12/04/2019,CWF,LA,ASW,CE,Federal Contract Tower,0,2,18,40,60,0,4,15,0,19,0,6,33,40,79,10,20,30,109
12/05/2019,CWF,LA,ASW,CE,Federal Contract Tower,0,2,8,28,38,0,0,3,8,11,0,2,11,36,49,10,10,20,69
12/06/2019,CWF,LA,ASW,CE,Federal Contract Tower,2,0,1,32,35,0,1,7,7,15,2,1,8,39,50,0,10,10,60
12/07/2019,CWF,LA,ASW,CE,Federal Contract Tower,0,3,11,15,29,0,0,6,5,11,0,3,17,20,40,0,60,60,100
12/08/2019,CWF,LA,ASW,CE,Federal Contract Tower,0,1,7,24,32,0,4,4,0,8,0,5,11,24,40,6,12,18,58
12/09/2019,CWF,LA,ASW,CE,Federal Contract Tower,0,0,29,47,76,0,3,5,2,10,0,3,34,49,86,0,30,30,116
12/10/2019,CWF,LA,ASW,CE,Federal Contract Tower,0,0,6,3,9,0,0,0,0,0,0,0,6,3,9,0,0,0,9
12/11/2019,CWF,LA,ASW,CE,Federal Contract Tower,0,4,20,26,50,0,0,11,6,17,0,4,31,32,67,46,40,86,153
12/12/2019,CWF,LA,ASW,CE,Federal Contract Tower,0,4,24,27,55,0,4,5,4,13,0,8,29,31,68,20,32,52,120
12/13/2019,CWF,LA,ASW,CE,Federal Contract Tower,0,0,16,51,67,0,0,11,1,12,0,0,27,52,79,10,22,32,111
12/14/2019,CWF,LA,ASW,CE,Federal Contract Tower,1,0,6,29,36,0,1,21,7,29,1,1,27,36,65,0,60,60,125
12/15/2019,CWF,LA,ASW,CE,Federal Contract Tower,0,0,1,6,7,0,0,5,0,5,0,0,6,6,12,0,0,0,12
12/16/2019,CWF,LA,ASW,CE,Federal Contract Tower,0,1,1,0,2,0,0,1,0,1,0,1,2,0,3,0,0,0,3
12/17/2019,CWF,LA,ASW,CE,Federal Contract Tower,0,2,9,48,59,0,2,7,6,15,0,4,16,54,74,6,18,24,98
12/18/2019,CWF,LA,ASW,CE,Federal Contract Tower,0,8,12,24,44,0,4,7,8,19,0,12,19,32,63,6,16,22,85
12/19/2019,CWF,LA,ASW,CE,Federal Contract Tower,0,0,21,60,81,0,1,16,6,23,0,1,37,66,104,0,46,46,150
12/20/2019,CWF,LA,ASW,CE,Federal Contract Tower,0,1,9,14,24,0,4,1,2,7,0,5,10,16,31,4,8,12,43
12/21/2019,CWF,LA,ASW,CE,Federal Contract Tower,0,0,7,0,7,0,0,2,0,2,0,0,9,0,9,0,0,0,9
12/22/2019,CWF,LA,ASW,CE,Federal Contract Tower,0,1,6,2,9,0,0,9,4,13,0,1,15,6,22,0,0,0,22
12/23/2019,CWF,LA,ASW,CE,Federal Contract Tower,0,0,4,17,21,0,0,10,0,10,0,0,14,17,31,0,10,10,41
12/24/2019,CWF,LA,ASW,CE,Federal Contract Tower,0,0,2,0,2,0,0,1,0,1,0,0,3,0,3,0,0,0,3
12/25/2019,CWF,LA,ASW,CE,Federal Contract Tower,0,0,1,0,1,0,0,1,0,1,0,0,2,0,2,0,0,0,2
12/26/2019,CWF,LA,ASW,CE,Federal Contract Tower,0,0,6,7,13,0,0,7,3,10,0,0,13,10,23,10,30,40,63
12/27/2019,CWF,LA,ASW,CE,Federal Contract Tower,0,0,4,0,4,0,0,0,0,0,0,0,4,0,4,0,0,0,4
12/28/2019,CWF,LA,ASW,CE,Federal Contract Tower,0,0,4,0,4,0,0,1,0,1,0,0,5,0,5,0,0,0,5
12/29/2019,CWF,LA,ASW,CE,Federal Contract Tower,0,0,5,0,5,0,0,3,0,3,0,0,8,0,8,6,0,6,14
12/30/2019,CWF,LA,ASW,CE,Federal Contract Tower,0,0,9,2,11,0,0,6,1,7,0,0,15,3,18,14,0,14,32
12/31/2019,CWF,LA,ASW,CE,Federal Contract Tower,0,0,8,4,12,0,0,5,0,5,0,0,13,4,17,0,0,0,17
01/01/2020,CWF,LA,ASW,CE,Federal Contract Tower,0,0,4,0,4,0,0,3,0,3,0,0,7,0,7,0,0,0,7
01/02/2020,CWF,LA,ASW,CE,Federal Contract Tower,0,0,2,9,11,0,0,0,0,0,0,0,2,9,11,0,0,0,11
01/03/2020,CWF,LA,ASW,CE,Federal Contract Tower,1,0,1,10,12,0,2,3,2,7,1,2,4,12,19,0,0,0,19
01/04/2020,CWF,LA,ASW,CE,Federal Contract Tower,2,0,5,4,11,0,0,13,0,13,2,0,18,4,24,8,2,10,34
01/05/2020,CWF,LA,ASW,CE,Federal Contract Tower,0,2,2,0,4,0,5,7,0,12,0,7,9,0,16,0,0,0,16
01/06/2020,CWF,LA,ASW,CE,Federal Contract Tower,0,0,4,12,16,0,4,5,4,13,0,4,9,16,29,8,6,14,43
01/07/2020,CWF,LA,ASW,CE,Federal Contract Tower,0,6,14,29,49,0,0,15,9,24,0,6,29,38,73,24,50,74,147
01/08/2020,CWF,LA,ASW,CE,Federal Contract Tower,0,0,20,25,45,0,15,30,0,45,0,15,50,25,90,64,40,104,194
01/09/2020,CWF,LA,ASW,CE,Federal Contract Tower,0,13,11,44,68,0,16,10,12,38,0,29,21,56,106,10,30,40,146
01/10/2020,CWF,LA,ASW,CE,Federal Contract Tower,0,5,7,15,27,0,0,0,0,0,0,5,7,15,27,2,0,2,29
01/11/2020,CWF,LA,ASW,CE,Federal Contract Tower,0,0,6,26,32,0,2,0,10,12,0,2,6,36,44,0,38,38,82
01/12/2020,CWF,LA,ASW,CE,Federal Contract Tower,1,0,9,15,25,0,0,7,2,9,1,0,16,17,34,0,0,0,34
01/13/2020,CWF,LA,ASW,CE,Federal Contract Tower,5,3,11,2,21,0,0,0,0,0,5,3,11,2,21,0,0,0,21
01/14/2020,CWF,LA,ASW,CE,Federal Contract Tower,2,0,10,6,18,0,0,0,0,0,2,0,10,6,18,0,0,0,18
01/15/2020,CWF,LA,ASW,CE,Federal Contract Tower,0,0,13,13,26,0,0,2,0,2,0,0,15,13,28,0,4,4,32
01/16/2020,CWF,LA,ASW,CE,Federal Contract Tower,2,0,5,12,19,0,0,0,0,0,2,0,5,12,19,0,0,0,19
01/17/2020,CWF,LA,ASW,CE,Federal Contract Tower,0,0,9,5,14,0,0,7,0,7,0,0,16,5,21,4,2,6,27
01/18/2020,CWF,LA,ASW,CE,Federal Contract Tower,0,0,3,7,10,0,0,2,0,2,0,0,5,7,12,0,0,0,12
01/19/2020,CWF,LA,ASW,CE,Federal Contract Tower,0,0,2,5,7,0,0,11,0,11,0,0,13,5,18,0,0,0,18
01/20/2020,CWF,LA,ASW,CE,Federal Contract Tower,0,0,6,28,34,0,3,13,3,19,0,3,19,31,53,0,34,34,87
01/21/2020,CWF,LA,ASW,CE,Federal Contract Tower,2,0,10,11,23,0,2,11,10,23,2,2,21,21,46,0,48,48,94
01/22/2020,CWF,LA,ASW,CE,Federal Contract Tower,0,0,15,1,16,0,0,2,0,2,0,0,17,1,18,0,0,0,18
01/23/2020,CWF,LA,ASW,CE,Federal Contract Tower,0,0,4,11,15,0,0,1,2,3,0,0,5,13,18,0,0,0,18
01/24/2020,CWF,LA,ASW,CE,Federal Contract Tower,0,2,7,43,52,0,4,9,10,23,0,6,16,53,75,16,32,48,123
01/25/2020,CWF,LA,ASW,CE,Federal Contract Tower,0,0,3,10,13,0,0,7,11,18,0,0,10,21,31,0,38,38,69
01/26/2020,CWF,LA,ASW,CE,Federal Contract Tower,0,0,0,6,6,0,0,0,0,0,0,0,0,6,6,0,0,0,6
01/27/2020,CWF,LA,ASW,CE,Federal Contract Tower,0,0,7,33,40,0,0,3,2,5,0,0,10,35,45,0,0,0,45
01/28/2020,CWF,LA,ASW,CE,Federal Contract Tower,2,6,5,16,29,0,0,4,0,4,2,6,9,16,33,0,0,0,33
01/29/2020,CWF,LA,ASW,CE,Federal Contract Tower,4,6,9,38,57,0,6,3,3,12,4,12,12,41,69,6,96,102,171
01/30/2020,CWF,LA,ASW,CE,Federal Contract Tower,1,6,20,8,35,0,8,0,4,12,1,14,20,12,47,0,0,0,47
01/31/2020,CWF,LA,ASW,CE,Federal Contract Tower,0,2,17,41,60,0,0,3,4,7,0,2,20,45,67,0,28,28,95
02/01/2020,CWF,LA,ASW,CE,Federal Contract Tower,1,0,6,20,27,0,2,13,11,26,1,2,19,31,53,0,64,64,117
02/02/2020,CWF,LA,ASW,CE,Federal Contract Tower,0,0,5,6,11,0,0,18,2,20,0,0,23,8,31,0,0,0,31
02/03/2020,CWF,LA,ASW,CE,Federal Contract Tower,0,0,9,37,46,0,0,4,2,6,0,0,13,39,52,0,20,20,72
02/04/2020,CWF,LA,ASW,CE,Federal Contract Tower,0,2,9,17,28,0,7,0,0,7,0,9,9,17,35,0,0,0,35
02/05/2020,CWF,LA,ASW,CE,Federal Contract Tower,0,5,4,7,16,0,0,0,0,0,0,5,4,7,16,0,0,0,16
02/06/2020,CWF,LA,ASW,CE,Federal Contract Tower,2,5,5,6,18,0,0,0,8,8,2,5,5,14,26,0,28,28,54
02/07/2020,CWF,LA,ASW,CE,Federal Contract Tower,0,0,13,82,95,0,1,12,13,26,0,1,25,95,121,20,72,92,213
02/08/2020,CWF,LA,ASW,CE,Federal Contract Tower,0,0,8,6,14,0,2,1,11,14,0,2,9,17,28,10,0,10,38
02/09/2020,CWF,LA,ASW,CE,Federal Contract Tower,2,0,3,28,33,0,0,4,6,10,2,0,7,34,43,4,4,8,51
02/10/2020,CWF,LA,ASW,CE,Federal Contract Tower,2,0,5,0,7,0,0,0,0,0,2,0,5,0,7,0,0,0,7
02/11/2020,CWF,LA,ASW,CE,Federal Contract Tower,1,0,0,0,1,0,0,0,0,0,1,0,0,0,1,0,0,0,1
02/12/2020,CWF,LA,ASW,CE,Federal Contract Tower,1,0,0,0,1,0,0,0,0,0,1,0,0,0,1,0,0,0,1
02/13/2020,CWF,LA,ASW,CE,Federal Contract Tower,0,4,17,21,42,0,8,10,5,23,0,12,27,26,65,0,0,0,65
02/14/2020,CWF,LA,ASW,CE,Federal Contract Tower,2,0,24,33,59,1,0,12,5,18,3,0,36,38,77,10,40,50,127
02/15/2020,CWF,LA,ASW,CE,Federal Contract Tower,0,0,7,16,23,0,0,2,2,4,0,0,9,18,27,0,10,10,37
02/16/2020,CWF,LA,ASW,CE,Federal Contract Tower,0,1,4,4,9,0,0,1,0,1,0,1,5,4,10,0,0,0,10
02/17/2020,CWF,LA,ASW,CE,Federal Contract Tower,0,1,4,6,11,0,0,0,0,0,0,1,4,6,11,0,0,0,11
02/18/2020,CWF,LA,ASW,CE,Federal Contract Tower,0,3,5,16,24,0,0,5,0,5,0,3,10,16,29,6,0,6,35
02/19/2020,CWF,LA,ASW,CE,Federal Contract Tower,1,4,0,2,7,0,0,0,0,0,1,4,0,2,7,0,0,0,7
02/20/2020,CWF,LA,ASW,CE,Federal Contract Tower,0,0,6,1,7,0,0,0,0,0,0,0,6,1,7,0,0,0,7
02/21/2020,CWF,LA,ASW,CE,Federal Contract Tower,0,4,9,39,52,0,0,10,8,18,0,4,19,47,70,0,40,40,110
02/22/2020,CWF,LA,ASW,CE,Federal Contract Tower,1,0,5,32,38,0,1,9,17,27,1,1,14,49,65,6,54,60,125
02/23/2020,CWF,LA,ASW,CE,Federal Contract Tower,1,1,5,54,61,0,0,15,1,16,1,1,20,55,77,0,66,66,143
02/24/2020,CWF,LA,ASW,CE,Federal Contract Tower,1,0,0,2,3,0,0,3,0,3,1,0,3,2,6,0,0,0,6
02/25/2020,CWF,LA,ASW,CE,Federal Contract Tower,0,7,15,37,59,0,4,30,25,59,0,11,45,62,118,44,52,96,214
02/26/2020,CWF,LA,ASW,CE,Federal Contract Tower,0,2,11,39,52,0,0,5,9,14,0,2,16,48,66,0,64,64,130
02/27/2020,CWF,LA,ASW,CE,Federal Contract Tower,0,0,7,10,17,0,0,18,11,29,0,0,25,21,46,0,28,28,74
02/28/2020,CWF,LA,ASW,CE,Federal Contract Tower,3,0,5,47,55,0,0,16,10,26,3,0,21,57,81,0,58,58,139
02/29/2020,CWF,LA,ASW,CE,Federal Contract Tower,0,2,7,66,75,0,1,15,16,32,0,3,22,82,107,10,82,92,199
03/01/2020,CWF,LA,ASW,CE,Federal Contract Tower,0,0,5,6,11,0,0,1,0,1,0,0,6,6,12,0,0,0,12
03/02/2020,CWF,LA,ASW,CE,Federal Contract Tower,0,0,6,8,14,0,1,5,2,8,0,1,11,10,22,10,0,10,32
03/03/2020,CWF,LA,ASW,CE,Federal Contract Tower,0,0,6,16,22,0,0,0,4,4,0,0,6,20,26,0,20,20,46
03/04/2020,CWF,LA,ASW,CE,Federal Contract Tower,0,0,1,2,3,0,0,0,0,0,0,0,1,2,3,0,0,0,3
03/05/2020,CWF,LA,ASW,CE,Federal Contract Tower,0,0,9,31,40,0,0,3,8,11,0,0,12,39,51,0,18,18,69
03/06/2020,CWF,LA,ASW,CE,Federal Contract Tower,0,0,7,56,63,0,0,9,9,18,0,0,16,65,81,0,24,24,105
03/07/2020,CWF,LA,ASW,CE,Federal Contract Tower,1,1,3,14,19,0,1,17,3,21,1,2,20,17,40,12,0,12,52
03/08/2020,CWF,LA,ASW,CE,Federal Contract Tower,0,0,6,48,54,0,0,7,2,9,0,0,13,50,63,0,20,20,83
03/09/2020,CWF,LA,ASW,CE,Federal Contract Tower,1,0,6,27,34,0,0,0,1,1,1,0,6,28,35,0,14,14,49
03/10/2020,CWF,LA,ASW,CE,Federal Contract Tower,0,0,4,22,26,0,0,0,3,3,0,0,4,25,29,0,0,0,29
03/11/2020,CWF,LA,ASW,CE,Federal Contract Tower,1,0,6,12,19,0,1,8,2,11,1,1,14,14,30,0,0,0,30
03/12/2020,CWF,LA,ASW,CE,Federal Contract Tower,1,0,6,13,20,0,0,5,4,9,1,0,11,17,29,0,0,0,29
03/13/2020,CWF,LA,ASW,CE,Federal Contract Tower,0,0,7,85,92,0,1,5,0,6,0,1,12,85,98,0,78,78,176
03/14/2020,CWF,LA,ASW,CE,Federal Contract Tower,0,0,2,18,20,0,2,0,1,3,0,2,2,19,23,0,6,6,29
03/15/2020,CWF,LA,ASW,CE,Federal Contract Tower,0,0,3,16,19,0,0,3,12,15,0,0,6,28,34,0,14,14,48
03/16/2020,CWF,LA,ASW,CE,Federal Contract Tower,0,0,10,12,22,0,0,2,2,4,0,0,12,14,26,0,0,0,26
03/17/2020,CWF,LA,ASW,CE,Federal Contract Tower,0,0,13,0,13,0,0,0,4,4,0,0,13,4,17,0,0,0,17
03/18/2020,CWF,LA,ASW,CE,Federal Contract Tower,0,0,4,9,13,0,0,10,0,10,0,0,14,9,23,2,0,2,25
03/19/2020,CWF,LA,ASW,CE,Federal Contract Tower,0,0,2,39,41,0,0,2,0,2,0,0,4,39,43,8,0,8,51
03/20/2020,CWF,LA,ASW,CE,Federal Contract Tower,0,0,0,12,12,0,0,0,0,0,0,0,0,12,12,0,0,0,12
03/21/2020,CWF,LA,ASW,CE,Federal Contract Tower,0,0,4,0,4,0,2,0,0,2,0,2,4,0,6,0,0,0,6
03/22/2020,CWF,LA,ASW,CE,Federal Contract Tower,0,0,0,8,8,0,0,2,0,2,0,0,2,8,10,0,0,0,10
03/23/2020,CWF,LA,ASW,CE,Federal Contract Tower,0,0,2,10,12,0,2,0,0,2,0,2,2,10,14,0,10,10,24
03/24/2020,CWF,LA,ASW,CE,Federal Contract Tower,0,0,5,11,16,0,0,0,2,2,0,0,5,13,18,0,6,6,24
03/25/2020,CWF,LA,ASW,CE,Federal Contract Tower,0,0,2,9,11,0,0,6,3,9,0,0,8,12,20,0,0,0,20
03/26/2020,CWF,LA,ASW,CE,Federal Contract Tower,0,0,4,2,6,0,0,8,4,12,0,0,12,6,18,0,2,2,20
03/27/2020,CWF,LA,ASW,CE,Federal Contract Tower,0,0,1,9,10,0,1,3,9,13,0,1,4,18,23,0,8,8,31
03/28/2020,CWF,LA,ASW,CE,Federal Contract Tower,0,2,0,21,23,0,0,1,0,1,0,2,1,21,24,0,0,0,24
03/29/2020,CWF,LA,ASW,CE,Federal Contract Tower,0,0,2,1,3,0,2,6,3,11,0,2,8,4,14,16,0,16,30
03/30/2020,CWF,LA,ASW,CE,Federal Contract Tower,0,0,0,6,6,0,0,2,0,2,0,0,2,6,8,0,0,0,8
03/31/2020,CWF,LA,ASW,CE,Federal Contract Tower,0,0,2,39,41,0,0,5,9,14,0,0,7,48,55,4,14,18,73
04/01/2020,CWF,LA,ASW,CE,Federal Contract Tower,0,0,0,25,25,0,0,10,0,10,0,0,10,25,35,0,22,22,57
04/02/2020,CWF,LA,ASW,CE,Federal Contract Tower,0,0,0,8,8,0,0,14,2,16,0,0,14,10,24,0,0,0,24
04/03/2020,CWF,LA,ASW,CE,Federal Contract Tower,0,0,0,10,10,0,0,2,0,2,0,0,2,10,12,10,42,52,64
04/04/2020,CWF,LA,ASW,CE,Federal Contract Tower,3,0,0,4,7,0,0,1,0,1,3,0,1,4,8,0,2,2,10
04/05/2020,CWF,LA,ASW,CE,Federal Contract Tower,0,0,0,1,1,0,0,2,0,2,0,0,2,1,3,8,0,8,11
04/06/2020,CWF,LA,ASW,CE,Federal Contract Tower,0,0,9,8,17,0,2,11,0,13,0,2,20,8,30,10,0,10,40
04/07/2020,CWF,LA,ASW,CE,Federal Contract Tower,0,0,5,31,36,0,0,8,1,9,0,0,13,32,45,0,0,0,45
04/08/2020,CWF,LA,ASW,CE,Federal Contract Tower,0,0,0,24,24,0,0,1,1,2,0,0,1,25,26,0,20,20,46
04/09/2020,CWF,LA,ASW,CE,Federal Contract Tower,0,0,0,12,12,0,0,2,3,5,0,0,2,15,17,8,10,18,35
04/10/2020,CWF,LA,ASW,CE,Federal Contract Tower,0,0,0,0,0,0,0,0,0,0,0,0,0,0,0,0,0,0,0
04/11/2020,CWF,LA,ASW,CE,Federal Contract Tower,0,1,0,15,16,0,0,12,0,12,0,1,12,15,28,0,0,0,28
04/12/2020,CWF,LA,ASW,CE,Federal Contract Tower,0,0,0,0,0,0,0,0,0,0,0,0,0,0,0,0,0,0,0
04/13/2020,CWF,LA,ASW,CE,Federal Contract Tower,0,0,1,8,9,0,1,7,4,12,0,1,8,12,21,0,30,30,51
04/14/2020,CWF,LA,ASW,CE,Federal Contract Tower,0,0,0,6,6,0,0,14,4,18,0,0,14,10,24,0,18,18,42
04/15/2020,CWF,LA,ASW,CE,Federal Contract Tower,0,0,2,14,16,0,0,12,3,15,0,0,14,17,31,10,12,22,53
04/16/2020,CWF,LA,ASW,CE,Federal Contract Tower,0,0,1,27,28,0,0,15,1,16,0,0,16,28,44,0,20,20,64
04/17/2020,CWF,LA,ASW,CE,Federal Contract Tower,0,0,3,4,7,0,0,8,0,8,0,0,11,4,15,20,30,50,65
04/18/2020,CWF,LA,ASW,CE,Federal Contract Tower,0,0,2,2,4,0,0,9,0,9,0,0,11,2,13,0,0,0,13
04/19/2020,CWF,LA,ASW,CE,Federal Contract Tower,0,0,0,0,0,0,0,0,0,0,0,0,0,0,0,0,0,0,0
04/20/2020,CWF,LA,ASW,CE,Federal Contract Tower,0,0,10,13,23,0,9,25,1,35,0,9,35,14,58,0,0,0,58
04/21/2020,CWF,LA,ASW,CE,Federal Contract Tower,0,0,16,35,51,0,4,39,2,45,0,4,55,37,96,4,40,44,140
04/22/2020,CWF,LA,ASW,CE,Federal Contract Tower,0,1,0,0,1,0,0,2,0,2,0,1,2,0,3,0,0,0,3
04/23/2020,CWF,LA,ASW,CE,Federal Contract Tower,0,0,6,2,8,0,2,13,0,15,0,2,19,2,23,24,0,24,47
04/24/2020,CWF,LA,ASW,CE,Federal Contract Tower,0,0,7,9,16,0,0,14,0,14,0,0,21,9,30,4,0,4,34
04/25/2020,CWF,LA,ASW,CE,Federal Contract Tower,0,0,2,6,8,0,0,20,0,20,0,0,22,6,28,18,0,18,46
04/26/2020,CWF,LA,ASW,CE,Federal Contract Tower,0,0,0,0,0,0,0,12,0,12,0,0,12,0,12,2,0,2,14
04/27/2020,CWF,LA,ASW,CE,Federal Contract Tower,0,0,12,6,18,0,9,28,0,37,0,9,40,6,55,40,0,40,95
04/28/2020,CWF,LA,ASW,CE,Federal Contract Tower,0,0,9,8,17,0,0,9,0,9,0,0,18,8,26,20,30,50,76
04/29/2020,CWF,LA,ASW,CE,Federal Contract Tower,0,0,3,13,16,0,0,3,3,6,0,0,6,16,22,0,6,6,28
04/30/2020,CWF,LA,ASW,CE,Federal Contract Tower,0,0,6,17,23,0,0,14,8,22,0,0,20,25,45,0,40,40,85
05/01/2020,CWF,LA,ASW,CE,Federal Contract Tower,0,0,2,24,26,0,0,12,6,18,0,0,14,30,44,4,40,44,88
05/02/2020,CWF,LA,ASW,CE,Federal Contract Tower,0,0,0,4,4,0,2,13,0,15,0,2,13,4,19,44,0,44,63
05/03/2020,CWF,LA,ASW,CE,Federal Contract Tower,0,0,0,0,0,0,0,14,0,14,0,0,14,0,14,0,0,0,14
05/04/2020,CWF,LA,ASW,CE,Federal Contract Tower,0,0,6,18,24,0,3,12,0,15,0,3,18,18,39,44,16,60,99
05/05/2020,CWF,LA,ASW,CE,Federal Contract Tower,0,0,4,4,8,0,4,9,0,13,0,4,13,4,21,6,0,6,27
05/06/2020,CWF,LA,ASW,CE,Federal Contract Tower,0,0,3,7,10,0,0,21,1,22,0,0,24,8,32,16,0,16,48
05/07/2020,CWF,LA,ASW,CE,Federal Contract Tower,0,0,2,20,22,0,1,34,0,35,0,1,36,20,57,64,24,88,145
05/08/2020,CWF,LA,ASW,CE,Federal Contract Tower,0,0,10,8,18,0,0,1,0,1,0,0,11,8,19,0,40,40,59
05/09/2020,CWF,LA,ASW,CE,Federal Contract Tower,0,0,8,0,8,0,0,7,0,7,0,0,15,0,15,0,0,0,15
05/10/2020,CWF,LA,ASW,CE,Federal Contract Tower,0,0,2,17,19,0,0,20,1,21,0,0,22,18,40,0,0,0,40
05/11/2020,CWF,LA,ASW,CE,Federal Contract Tower,0,1,0,13,14,0,2,9,6,17,0,3,9,19,31,3,10,13,44
05/12/2020,CWF,LA,ASW,CE,Federal Contract Tower,0,0,3,26,29,0,3,15,4,22,0,3,18,30,51,16,42,58,109
05/13/2020,CWF,LA,ASW,CE,Federal Contract Tower,0,0,2,23,25,0,0,2,0,2,0,0,4,23,27,0,0,0,27
05/14/2020,CWF,LA,ASW,CE,Federal Contract Tower,0,0,0,0,0,0,0,0,0,0,0,0,0,0,0,0,0,0,0
05/15/2020,CWF,LA,ASW,CE,Federal Contract Tower,0,1,0,6,7,0,0,2,0,2,0,1,2,6,9,0,0,0,9
05/16/2020,CWF,LA,ASW,CE,Federal Contract Tower,0,0,1,0,1,0,0,0,0,0,0,0,1,0,1,0,0,0,1
05/17/2020,CWF,LA,ASW,CE,Federal Contract Tower,0,0,2,3,5,0,2,1,0,3,0,2,3,3,8,0,0,0,8
05/18/2020,CWF,LA,ASW,CE,Federal Contract Tower,0,0,21,17,38,0,1,24,0,25,0,1,45,17,63,24,52,76,139
05/19/2020,CWF,LA,ASW,CE,Federal Contract Tower,0,2,20,13,35,0,4,9,2,15,0,6,29,15,50,32,12,44,94
05/20/2020,CWF,LA,ASW,CE,Federal Contract Tower,0,0,11,8,19,0,0,13,0,13,0,0,24,8,32,0,14,14,46
05/21/2020,CWF,LA,ASW,CE,Federal Contract Tower,0,0,3,12,15,0,2,15,1,18,0,2,18,13,33,8,10,18,51
05/22/2020,CWF,LA,ASW,CE,Federal Contract Tower,0,0,6,18,24,0,0,10,1,11,0,0,16,19,35,8,22,30,65
05/23/2020,CWF,LA,ASW,CE,Federal Contract Tower,0,0,3,7,10,0,0,6,0,6,0,0,9,7,16,14,0,14,30
05/24/2020,CWF,LA,ASW,CE,Federal Contract Tower,0,0,0,0,0,0,0,7,0,7,0,0,7,0,7,0,0,0,7
05/25/2020,CWF,LA,ASW,CE,Federal Contract Tower,0,0,4,0,4,0,0,5,0,5,0,0,9,0,9,4,0,4,13
05/26/2020,CWF,LA,ASW,CE,Federal Contract Tower,0,0,2,10,12,0,0,8,0,8,0,0,10,10,20,0,8,8,28
05/27/2020,CWF,LA,ASW,CE,Federal Contract Tower,0,2,19,15,36,0,0,23,0,23,0,2,42,15,59,32,0,32,91
05/28/2020,CWF,LA,ASW,CE,Federal Contract Tower,0,0,2,5,7,0,0,3,4,7,0,0,5,9,14,0,0,0,14
05/29/2020,CWF,LA,ASW,CE,Federal Contract Tower,0,0,6,35,41,0,2,17,1,20,0,2,23,36,61,0,52,52,113
05/30/2020,CWF,LA,ASW,CE,Federal Contract Tower,0,0,1,18,19,0,0,21,0,21,0,0,22,18,40,34,0,34,74
05/31/2020,CWF,LA,ASW,CE,Federal Contract Tower,0,0,8,1,9,0,0,20,1,21,0,0,28,2,30,20,0,20,50
06/01/2020,CWF,LA,ASW,CE,Federal Contract Tower,0,1,7,9,17,0,0,17,5,22,0,1,24,14,39,4,16,20,59
06/02/2020,CWF,LA,ASW,CE,Federal Contract Tower,0,2,10,21,33,0,2,21,2,25,0,4,31,23,58,4,20,24,82
06/03/2020,CWF,LA,ASW,CE,Federal Contract Tower,0,0,6,16,22,0,1,15,6,22,0,1,21,22,44,0,12,12,56
06/04/2020,CWF,LA,ASW,CE,Federal Contract Tower,0,0,11,19,30,0,0,13,0,13,0,0,24,19,43,6,2,8,51
06/05/2020,CWF,LA,ASW,CE,Federal Contract Tower,0,0,5,22,27,0,0,19,7,26,0,0,24,29,53,36,14,50,103
06/06/2020,CWF,LA,ASW,CE,Federal Contract Tower,0,0,5,0,5,0,0,4,0,4,0,0,9,0,9,6,0,6,15
06/07/2020,CWF,LA,ASW,CE,Federal Contract Tower,0,0,0,2,2,0,0,2,0,2,0,0,2,2,4,0,6,6,10
06/08/2020,CWF,LA,ASW,CE,Federal Contract Tower,0,4,0,6,10,0,0,7,0,7,0,4,7,6,17,0,4,4,21
06/09/2020,CWF,LA,ASW,CE,Federal Contract Tower,0,0,23,38,61,0,2,9,2,13,0,2,32,40,74,30,44,74,148
06/10/2020,CWF,LA,ASW,CE,Federal Contract Tower,0,0,6,20,26,0,0,21,0,21,0,0,27,20,47,26,0,26,73
06/11/2020,CWF,LA,ASW,CE,Federal Contract Tower,1,0,6,22,29,0,4,19,2,25,1,4,25,24,54,4,4,8,62
06/12/2020,CWF,LA,ASW,CE,Federal Contract Tower,0,0,4,21,25,0,0,9,10,19,0,0,13,31,44,0,4,4,48
06/13/2020,CWF,LA,ASW,CE,Federal Contract Tower,0,0,3,4,7,0,2,20,4,26,0,2,23,8,33,0,0,0,33
06/14/2020,CWF,LA,ASW,CE,Federal Contract Tower,0,0,10,5,15,0,0,23,1,24,0,0,33,6,39,20,0,20,59
06/15/2020,CWF,LA,ASW,CE,Federal Contract Tower,0,0,3,11,14,0,8,13,0,21,0,8,16,11,35,16,14,30,65
06/16/2020,CWF,LA,ASW,CE,Federal Contract Tower,0,0,8,6,14,0,0,19,4,23,0,0,27,10,37,16,12,28,65
06/17/2020,CWF,LA,ASW,CE,Federal Contract Tower,1,0,10,23,34,0,1,21,12,34,1,1,31,35,68,32,26,58,126
06/18/2020,CWF,LA,ASW,CE,Federal Contract Tower,0,0,9,9,18,0,2,15,5,22,0,2,24,14,40,82,0,82,122
06/19/2020,CWF,LA,ASW,CE,Federal Contract Tower,0,0,6,29,35,0,4,17,11,32,0,4,23,40,67,74,16,90,157
06/20/2020,CWF,LA,ASW,CE,Federal Contract Tower,0,0,1,4,5,0,0,13,0,13,0,0,14,4,18,30,0,30,48
06/21/2020,CWF,LA,ASW,CE,Federal Contract Tower,0,0,5,0,5,0,0,4,0,4,0,0,9,0,9,20,0,20,29
06/22/2020,CWF,LA,ASW,CE,Federal Contract Tower,0,0,4,0,4,0,4,6,0,10,0,4,10,0,14,0,0,0,14
06/23/2020,CWF,LA,ASW,CE,Federal Contract Tower,0,0,16,2,18,0,0,7,5,12,0,0,23,7,30,10,0,10,40
06/24/2020,CWF,LA,ASW,CE,Federal Contract Tower,0,6,3,0,9,0,0,4,0,4,0,6,7,0,13,20,0,20,33
06/25/2020,CWF,LA,ASW,CE,Federal Contract Tower,0,0,2,6,8,0,0,3,0,3,0,0,5,6,11,0,16,16,27
06/26/2020,CWF,LA,ASW,CE,Federal Contract Tower,0,0,12,10,22,0,0,9,0,9,0,0,21,10,31,38,0,38,69
06/27/2020,CWF,LA,ASW,CE,Federal Contract Tower,0,0,2,10,12,0,0,3,0,3,0,0,5,10,15,0,0,0,15
06/28/2020,CWF,LA,ASW,CE,Federal Contract Tower,0,0,3,6,9,0,2,15,1,18,0,2,18,7,27,0,0,0,27
06/29/2020,CWF,LA,ASW,CE,Federal Contract Tower,0,1,4,31,36,0,2,13,7,22,0,3,17,38,58,20,4,24,82
06/30/2020,CWF,LA,ASW,CE,Federal Contract Tower,0,0,7,47,54,0,0,10,11,21,0,0,17,58,75,8,4,12,87
07/01/2020,CWF,LA,ASW,CE,Federal Contract Tower,0,0,6,32,38,0,3,34,26,63,0,3,40,58,101,0,14,14,115
07/02/2020,CWF,LA,ASW,CE,Federal Contract Tower,0,4,12,28,44,0,4,20,5,29,0,8,32,33,73,94,44,138,211
07/03/2020,CWF,LA,ASW,CE,Federal Contract Tower,0,0,6,14,20,0,0,5,0,5,0,0,11,14,25,30,0,30,55
07/04/2020,CWF,LA,ASW,CE,Federal Contract Tower,0,0,0,0,0,0,2,8,0,10,0,2,8,0,10,30,0,30,40
07/05/2020,CWF,LA,ASW,CE,Federal Contract Tower,0,0,2,2,4,0,0,9,0,9,0,0,11,2,13,13,0,13,26
07/06/2020,CWF,LA,ASW,CE,Federal Contract Tower,0,0,4,0,4,0,0,6,0,6,0,0,10,0,10,14,0,14,24
07/07/2020,CWF,LA,ASW,CE,Federal Contract Tower,0,0,4,0,4,0,0,3,0,3,0,0,7,0,7,30,0,30,37
07/08/2020,CWF,LA,ASW,CE,Federal Contract Tower,0,0,11,19,30,0,2,12,3,17,0,2,23,22,47,0,2,2,49
07/09/2020,CWF,LA,ASW,CE,Federal Contract Tower,0,0,4,33,37,0,0,21,21,42,0,0,25,54,79,2,26,28,107
07/10/2020,CWF,LA,ASW,CE,Federal Contract Tower,0,0,6,8,14,2,1,21,7,31,2,1,27,15,45,0,6,6,51
07/11/2020,CWF,LA,ASW,CE,Federal Contract Tower,0,0,2,7,9,0,0,14,1,15,0,0,16,8,24,26,0,26,50
07/12/2020,CWF,LA,ASW,CE,Federal Contract Tower,0,0,0,5,5,0,0,10,11,21,0,0,10,16,26,22,0,22,48
07/13/2020,CWF,LA,ASW,CE,Federal Contract Tower,0,0,8,16,24,0,10,7,10,27,0,10,15,26,51,54,8,62,113
07/14/2020,CWF,LA,ASW,CE,Federal Contract Tower,0,0,3,18,21,0,0,19,5,24,0,0,22,23,45,50,0,50,95
07/15/2020,CWF,LA,ASW,CE,Federal Contract Tower,0,0,18,16,34,0,1,18,12,31,0,1,36,28,65,22,12,34,99
07/16/2020,CWF,LA,ASW,CE,Federal Contract Tower,0,0,5,16,21,0,0,22,2,24,0,0,27,18,45,56,6,62,107
07/17/2020,CWF,LA,ASW,CE,Federal Contract Tower,0,0,11,7,18,0,0,12,2,14,0,0,23,9,32,68,10,78,110
07/18/2020,CWF,LA,ASW,CE,Federal Contract Tower,0,0,0,8,8,0,0,7,0,7,0,0,7,8,15,0,34,34,49
07/19/2020,CWF,LA,ASW,CE,Federal Contract Tower,0,0,4,6,10,0,0,10,0,10,0,0,14,6,20,0,0,0,20
07/20/2020,CWF,LA,ASW,CE,Federal Contract Tower,0,0,7,0,7,0,2,6,2,10,0,2,13,2,17,0,0,0,17
07/21/2020,CWF,LA,ASW,CE,Federal Contract Tower,0,1,5,4,10,0,2,4,4,10,0,3,9,8,20,8,0,8,28
07/22/2020,CWF,LA,ASW,CE,Federal Contract Tower,0,0,4,26,30,0,1,12,1,14,0,1,16,27,44,12,0,12,56
07/23/2020,CWF,LA,ASW,CE,Federal Contract Tower,0,0,6,14,20,0,3,12,0,15,0,3,18,14,35,0,28,28,63
07/24/2020,CWF,LA,ASW,CE,Federal Contract Tower,0,0,16,2,18,0,0,2,0,2,0,0,18,2,20,0,0,0,20
07/25/2020,CWF,LA,ASW,CE,Federal Contract Tower,0,0,0,0,0,0,0,0,0,0,0,0,0,0,0,0,0,0,0
07/26/2020,CWF,LA,ASW,CE,Federal Contract Tower,0,0,6,15,21,0,0,5,0,5,0,0,11,15,26,0,0,0,26
07/27/2020,CWF,LA,ASW,CE,Federal Contract Tower,0,3,2,15,20,0,0,4,0,4,0,3,6,15,24,0,4,4,28
07/28/2020,CWF,LA,ASW,CE,Federal Contract Tower,0,0,3,4,7,0,0,5,5,10,0,0,8,9,17,0,14,14,31
07/29/2020,CWF,LA,ASW,CE,Federal Contract Tower,0,1,12,28,41,0,1,3,6,10,0,2,15,34,51,0,36,36,87
07/30/2020,CWF,LA,ASW,CE,Federal Contract Tower,0,0,5,21,26,0,2,13,6,21,0,2,18,27,47,20,38,58,105
07/31/2020,CWF,LA,ASW,CE,Federal Contract Tower,0,0,9,13,22,0,3,6,0,9,0,3,15,13,31,0,0,0,31
08/01/2020,CWF,LA,ASW,CE,Federal Contract Tower,0,0,2,0,2,0,0,3,0,3,0,0,5,0,5,0,0,0,5
08/02/2020,CWF,LA,ASW,CE,Federal Contract Tower,0,4,5,15,24,0,0,19,0,19,0,4,24,15,43,18,0,18,61
08/03/2020,CWF,LA,ASW,CE,Federal Contract Tower,0,0,9,30,39,0,2,10,9,21,0,2,19,39,60,46,52,98,158
08/04/2020,CWF,LA,ASW,CE,Federal Contract Tower,0,0,5,20,25,0,2,17,6,25,0,2,22,26,50,10,0,10,60
08/05/2020,CWF,LA,ASW,CE,Federal Contract Tower,0,2,5,9,16,0,4,13,3,20,0,6,18,12,36,18,6,24,60
08/06/2020,CWF,LA,ASW,CE,Federal Contract Tower,0,0,15,35,50,0,3,26,9,38,0,3,41,44,88,10,30,40,128
08/07/2020,CWF,LA,ASW,CE,Federal Contract Tower,0,0,5,35,40,0,0,18,11,29,0,0,23,46,69,18,28,46,115
08/08/2020,CWF,LA,ASW,CE,Federal Contract Tower,0,0,2,7,9,0,0,20,4,24,0,0,22,11,33,14,20,34,67
08/09/2020,CWF,LA,ASW,CE,Federal Contract Tower,0,0,2,10,12,0,0,3,0,3,0,0,5,10,15,0,6,6,21
08/10/2020,CWF,LA,ASW,CE,Federal Contract Tower,0,2,8,17,27,0,4,25,5,34,0,6,33,22,61,14,0,14,75
08/11/2020,CWF,LA,ASW,CE,Federal Contract Tower,0,0,9,14,23,0,3,26,8,37,0,3,35,22,60,24,16,40,100
08/12/2020,CWF,LA,ASW,CE,Federal Contract Tower,0,0,5,28,33,0,1,8,6,15,0,1,13,34,48,0,54,54,102
08/13/2020,CWF,LA,ASW,CE,Federal Contract Tower,0,0,8,60,68,0,2,10,4,16,0,2,18,64,84,10,82,92,176
08/14/2020,CWF,LA,ASW,CE,Federal Contract Tower,0,0,5,8,13,0,0,14,1,15,0,0,19,9,28,30,20,50,78
08/15/2020,CWF,LA,ASW,CE,Federal Contract Tower,0,2,4,7,13,0,0,14,2,16,0,2,18,9,29,30,36,66,95
08/16/2020,CWF,LA,ASW,CE,Federal Contract Tower,0,0,0,0,0,0,0,10,0,10,0,0,10,0,10,0,0,0,10
08/17/2020,CWF,LA,ASW,CE,Federal Contract Tower,0,0,3,24,27,0,2,10,2,14,0,2,13,26,41,0,0,0,41
08/18/2020,CWF,LA,ASW,CE,Federal Contract Tower,0,0,2,25,27,0,1,19,5,25,0,1,21,30,52,32,22,54,106
08/19/2020,CWF,LA,ASW,CE,Federal Contract Tower,0,0,4,28,32,0,2,23,3,28,0,2,27,31,60,26,30,56,116
08/20/2020,CWF,LA,ASW,CE,Federal Contract Tower,0,0,4,19,23,0,2,21,9,32,0,2,25,28,55,4,18,22,77
08/21/2020,CWF,LA,ASW,CE,Federal Contract Tower,0,0,16,57,73,0,0,25,0,25,0,0,41,57,98,14,34,48,146
08/22/2020,CWF,LA,ASW,CE,Federal Contract Tower,0,0,5,24,29,0,0,11,1,12,0,0,16,25,41,0,16,16,57
08/23/2020,CWF,LA,ASW,CE,Federal Contract Tower,0,0,6,1,7,0,0,10,0,10,0,0,16,1,17,40,0,40,57
08/24/2020,CWF,LA,ASW,CE,Federal Contract Tower,0,0,2,6,8,0,1,8,7,16,0,1,10,13,24,0,14,14,38
08/25/2020,CWF,LA,ASW,CE,Federal Contract Tower,0,0,6,0,6,0,1,1,0,2,0,1,7,0,8,0,0,0,8
08/26/2020,CWF,LA,ASW,CE,Federal Contract Tower,0,4,0,0,4,0,0,0,0,0,0,4,0,0,4,0,0,0,4
08/27/2020,CWF,LA,ASW,CE,Federal Contract Tower,0,1,4,1,6,0,8,22,55,85,0,9,26,56,91,0,0,0,91
08/28/2020,CWF,LA,ASW,CE,Federal Contract Tower,0,1,7,0,8,0,14,17,9,40,0,15,24,9,48,0,0,0,48
08/29/2020,CWF,LA,ASW,CE,Federal Contract Tower,0,0,2,2,4,0,22,26,25,73,0,22,28,27,77,0,0,0,77
08/30/2020,CWF,LA,ASW,CE,Federal Contract Tower,0,0,9,0,9,0,6,26,4,36,0,6,35,4,45,0,0,0,45
08/31/2020,CWF,LA,ASW,CE,Federal Contract Tower,0,0,5,4,9,0,14,24,0,38,0,14,29,4,47,0,0,0,47
09/01/2020,CWF,LA,ASW,CE,Federal Contract Tower,0,1,18,0,19,0,15,24,7,46,0,16,42,7,65,0,0,0,65
09/02/2020,CWF,LA,ASW,CE,Federal Contract Tower,0,0,19,3,22,0,10,49,9,68,0,10,68,12,90,0,0,0,90
09/03/2020,CWF,LA,ASW,CE,Federal Contract Tower,0,0,30,5,35,0,2,25,11,38,0,2,55,16,73,0,0,0,73
09/04/2020,CWF,LA,ASW,CE,Federal Contract Tower,0,6,15,2,23,0,15,24,0,39,0,21,39,2,62,0,0,0,62
09/05/2020,CWF,LA,ASW,CE,Federal Contract Tower,0,4,13,0,17,0,9,19,0,28,0,13,32,0,45,0,0,0,45
09/06/2020,CWF,LA,ASW,CE,Federal Contract Tower,0,0,7,0,7,0,10,11,4,25,0,10,18,4,32,0,0,0,32
09/07/2020,CWF,LA,ASW,CE,Federal Contract Tower,0,3,11,2,16,0,15,16,2,33,0,18,27,4,49,0,0,0,49
09/08/2020,CWF,LA,ASW,CE,Federal Contract Tower,0,4,15,6,25,0,0,17,0,17,0,4,32,6,42,0,22,22,64
09/09/2020,CWF,LA,ASW,CE,Federal Contract Tower,0,6,16,4,26,0,2,13,0,15,0,8,29,4,41,0,0,0,41
09/10/2020,CWF,LA,ASW,CE,Federal Contract Tower,0,4,16,2,22,0,7,14,8,29,0,11,30,10,51,0,0,0,51
09/11/2020,CWF,LA,ASW,CE,Federal Contract Tower,0,7,19,10,36,0,5,15,1,21,0,12,34,11,57,0,34,34,91
09/12/2020,CWF,LA,ASW,CE,Federal Contract Tower,0,2,1,3,6,0,5,10,6,21,0,7,11,9,27,0,0,0,27
09/13/2020,CWF,LA,ASW,CE,Federal Contract Tower,0,0,5,2,7,0,10,3,0,13,0,10,8,2,20,0,0,0,20
09/14/2020,CWF,LA,ASW,CE,Federal Contract Tower,0,0,8,0,8,0,1,4,0,5,0,1,12,0,13,0,0,0,13
09/15/2020,CWF,LA,ASW,CE,Federal Contract Tower,0,2,8,4,14,0,0,17,0,17,0,2,25,4,31,0,4,4,35
09/16/2020,CWF,LA,ASW,CE,Federal Contract Tower,0,5,21,2,28,0,8,22,7,37,0,13,43,9,65,0,10,10,75
09/17/2020,CWF,LA,ASW,CE,Federal Contract Tower,0,4,28,7,39,0,0,34,0,34,0,4,62,7,73,2,0,2,75
09/18/2020,CWF,LA,ASW,CE,Federal Contract Tower,0,5,27,26,58,0,7,26,2,35,0,12,53,28,93,0,40,40,133
09/19/2020,CWF,LA,ASW,CE,Federal Contract Tower,0,0,8,3,11,0,0,3,1,4,0,0,11,4,15,0,0,0,15
09/20/2020,CWF,LA,ASW,CE,Federal Contract Tower,0,0,4,0,4,0,0,1,0,1,0,0,5,0,5,0,0,0,5
09/21/2020,CWF,LA,ASW,CE,Federal Contract Tower,0,0,12,0,12,0,0,0,0,0,0,0,12,0,12,0,0,0,12
09/22/2020,CWF,LA,ASW,CE,Federal Contract Tower,0,4,10,0,14,0,0,0,0,0,0,4,10,0,14,0,0,0,14
09/23/2020,CWF,LA,ASW,CE,Federal Contract Tower,0,4,5,0,9,0,0,4,0,4,0,4,9,0,13,0,0,0,13
09/24/2020,CWF,LA,ASW,CE,Federal Contract Tower,0,6,18,6,30,0,6,12,0,18,0,12,30,6,48,0,10,10,58
09/25/2020,CWF,LA,ASW,CE,Federal Contract Tower,0,2,26,4,32,0,7,24,3,34,0,9,50,7,66,10,30,40,106
09/26/2020,CWF,LA,ASW,CE,Federal Contract Tower,0,0,6,4,10,0,2,23,3,28,0,2,29,7,38,0,50,50,88
09/27/2020,CWF,LA,ASW,CE,Federal Contract Tower,0,1,6,6,13,0,1,31,0,32,0,2,37,6,45,0,0,0,45
09/28/2020,CWF,LA,ASW,CE,Federal Contract Tower,0,0,18,0,18,0,0,2,0,2,0,0,20,0,20,0,0,0,20
09/29/2020,CWF,LA,ASW,CE,Federal Contract Tower,0,0,12,10,22,0,6,22,0,28,0,6,34,10,50,0,20,20,70
09/30/2020,CWF,LA,ASW,CE,Federal Contract Tower,0,4,16,12,32,0,0,20,2,22,0,4,36,14,54,16,6,22,76
10/01/2020,CWF,LA,ASW,CE,Federal Contract Tower,0,4,19,16,39,0,9,18,6,33,0,13,37,22,72,0,10,10,82
10/02/2020,CWF,LA,ASW,CE,Federal Contract Tower,0,0,16,30,46,0,5,20,2,27,0,5,36,32,73,0,58,58,131
10/03/2020,CWF,LA,ASW,CE,Federal Contract Tower,0,0,2,31,33,0,1,14,7,22,0,1,16,38,55,0,0,0,55
10/04/2020,CWF,LA,ASW,CE,Federal Contract Tower,0,0,7,10,17,0,0,15,0,15,0,0,22,10,32,0,4,4,36
10/05/2020,CWF,LA,ASW,CE,Federal Contract Tower,0,0,2,6,8,0,10,16,4,30,0,10,18,10,38,0,22,22,60
10/06/2020,CWF,LA,ASW,CE,Federal Contract Tower,0,2,9,11,22,0,4,19,2,25,0,6,28,13,47,0,32,32,79
10/07/2020,CWF,LA,ASW,CE,Federal Contract Tower,0,1,15,22,38,0,9,5,3,17,0,10,20,25,55,14,16,30,85
10/08/2020,CWF,LA,ASW,CE,Federal Contract Tower,0,1,16,0,17,0,0,6,0,6,0,1,22,0,23,0,0,0,23
10/09/2020,CWF,LA,ASW,CE,Federal Contract Tower,0,0,0,0,0,0,0,0,0,0,0,0,0,0,0,0,0,0,0
10/10/2020,CWF,LA,ASW,CE,Federal Contract Tower,0,0,6,0,6,0,11,27,41,79,0,11,33,41,85,0,0,0,85
10/11/2020,CWF,LA,ASW,CE,Federal Contract Tower,0,2,13,1,16,0,14,15,5,34,0,16,28,6,50,0,0,0,50
10/12/2020,CWF,LA,ASW,CE,Federal Contract Tower,0,6,33,0,39,0,8,27,2,37,0,14,60,2,76,0,0,0,76
10/13/2020,CWF,LA,ASW,CE,Federal Contract Tower,0,0,14,17,31,0,5,22,0,27,0,5,36,17,58,0,4,4,62
10/14/2020,CWF,LA,ASW,CE,Federal Contract Tower,0,3,30,10,43,0,3,27,7,37,0,6,57,17,80,20,12,32,112
10/15/2020,CWF,LA,ASW,CE,Federal Contract Tower,0,4,25,4,33,0,16,26,0,42,0,20,51,4,75,4,0,4,79
10/16/2020,CWF,LA,ASW,CE,Federal Contract Tower,0,0,19,5,24,0,3,3,1,7,0,3,22,6,31,0,6,6,37
10/17/2020,CWF,LA,ASW,CE,Federal Contract Tower,0,0,3,0,3,0,7,13,2,22,0,7,16,2,25,0,0,0,25
10/18/2020,CWF,LA,ASW,CE,Federal Contract Tower,0,0,11,23,34,0,1,20,5,26,0,1,31,28,60,0,0,0,60
10/19/2020,CWF,LA,ASW,CE,Federal Contract Tower,0,0,31,6,37,0,2,17,0,19,0,2,48,6,56,0,16,16,72
10/20/2020,CWF,LA,ASW,CE,Federal Contract Tower,0,0,33,7,40,0,0,10,1,11,0,0,43,8,51,0,6,6,57
10/21/2020,CWF,LA,ASW,CE,Federal Contract Tower,0,0,18,18,36,0,3,19,0,22,0,3,37,18,58,0,20,20,78
10/22/2020,CWF,LA,ASW,CE,Federal Contract Tower,0,0,30,11,41,0,2,14,0,16,0,2,44,11,57,10,0,10,67
10/23/2020,CWF,LA,ASW,CE,Federal Contract Tower,0,0,2,0,2,0,0,7,0,7,0,0,9,0,9,0,0,0,9
10/24/2020,CWF,LA,ASW,CE,Federal Contract Tower,0,0,4,0,4,0,0,0,0,0,0,0,4,0,4,0,0,0,4
10/25/2020,CWF,LA,ASW,CE,Federal Contract Tower,0,0,6,2,8,0,6,4,0,10,0,6,10,2,18,0,0,0,18
10/26/2020,CWF,LA,ASW,CE,Federal Contract Tower,0,1,17,24,42,0,8,28,0,36,0,9,45,24,78,16,32,48,126
10/27/2020,CWF,LA,ASW,CE,Federal Contract Tower,0,0,32,19,51,0,0,7,1,8,0,0,39,20,59,0,24,24,83
10/28/2020,CWF,LA,ASW,CE,Federal Contract Tower,0,0,7,1,8,0,0,0,0,0,0,0,7,1,8,0,0,0,8
10/29/2020,CWF,LA,ASW,CE,Federal Contract Tower,0,0,11,3,14,0,1,11,1,13,0,1,22,4,27,0,12,12,39
10/30/2020,CWF,LA,ASW,CE,Federal Contract Tower,0,2,11,8,21,0,2,5,4,11,0,4,16,12,32,6,12,18,50
10/31/2020,CWF,LA,ASW,CE,Federal Contract Tower,0,0,0,0,0,0,0,9,0,9,0,0,9,0,9,4,0,4,13
11/01/2020,CWF,LA,ASW,CE,Federal Contract Tower,0,2,5,0,7,0,3,3,0,6,0,5,8,0,13,0,0,0,13
11/02/2020,CWF,LA,ASW,CE,Federal Contract Tower,0,0,21,0,21,0,0,11,0,11,0,0,32,0,32,0,0,0,32
11/03/2020,CWF,LA,ASW,CE,Federal Contract Tower,0,0,7,14,21,0,2,14,0,16,0,2,21,14,37,6,0,6,43
11/04/2020,CWF,LA,ASW,CE,Federal Contract Tower,0,2,8,17,27,0,0,14,2,16,0,2,22,19,43,16,4,20,63
11/05/2020,CWF,LA,ASW,CE,Federal Contract Tower,0,2,20,5,27,0,3,9,1,13,0,5,29,6,40,2,0,2,42
11/06/2020,CWF,LA,ASW,CE,Federal Contract Tower,0,0,3,28,31,0,0,16,1,17,0,0,19,29,48,0,0,0,48
11/07/2020,CWF,LA,ASW,CE,Federal Contract Tower,0,0,0,12,12,0,2,6,2,10,0,2,6,14,22,0,0,0,22
11/08/2020,CWF,LA,ASW,CE,Federal Contract Tower,0,3,3,28,34,0,1,3,0,4,0,4,6,28,38,0,0,0,38
11/09/2020,CWF,LA,ASW,CE,Federal Contract Tower,1,3,14,3,21,0,0,6,1,7,1,3,20,4,28,4,4,8,36
11/10/2020,CWF,LA,ASW,CE,Federal Contract Tower,0,1,4,25,30,0,0,2,3,5,0,1,6,28,35,6,38,44,79
11/11/2020,CWF,LA,ASW,CE,Federal Contract Tower,0,2,17,6,25,0,3,17,0,20,0,5,34,6,45,8,0,8,53
11/12/2020,CWF,LA,ASW,CE,Federal Contract Tower,0,1,21,3,25,0,1,8,2,11,0,2,29,5,36,10,0,10,46
11/13/2020,CWF,LA,ASW,CE,Federal Contract Tower,0,1,8,11,20,0,5,13,5,23,0,6,21,16,43,4,20,24,67
11/14/2020,CWF,LA,ASW,CE,Federal Contract Tower,0,2,6,6,14,0,0,2,0,2,0,2,8,6,16,0,12,12,28
11/15/2020,CWF,LA,ASW,CE,Federal Contract Tower,0,0,4,0,4,0,0,4,0,4,0,0,8,0,8,0,0,0,8
11/16/2020,CWF,LA,ASW,CE,Federal Contract Tower,0,3,7,9,19,0,1,8,2,11,0,4,15,11,30,0,8,8,38
11/17/2020,CWF,LA,ASW,CE,Federal Contract Tower,1,0,9,3,13,0,4,5,2,11,1,4,14,5,24,6,0,6,30
11/18/2020,CWF,LA,ASW,CE,Federal Contract Tower,0,0,4,9,13,0,0,6,0,6,0,0,10,9,19,0,0,0,19
11/19/2020,CWF,LA,ASW,CE,Federal Contract Tower,0,0,9,10,19,0,2,11,0,13,0,2,20,10,32,6,0,6,38
11/20/2020,CWF,LA,ASW,CE,Federal Contract Tower,0,0,12,12,24,0,0,9,0,9,0,0,21,12,33,6,0,6,39
11/21/2020,CWF,LA,ASW,CE,Federal Contract Tower,0,0,4,12,16,0,0,15,0,15,0,0,19,12,31,0,0,0,31
11/22/2020,CWF,LA,ASW,CE,Federal Contract Tower,0,3,5,21,29,0,1,17,0,18,0,4,22,21,47,12,0,12,59
11/23/2020,CWF,LA,ASW,CE,Federal Contract Tower,0,2,11,6,19,0,2,11,4,17,0,4,22,10,36,0,0,0,36
11/24/2020,CWF,LA,ASW,CE,Federal Contract Tower,0,3,22,5,30,0,0,5,3,8,0,3,27,8,38,0,4,4,42
11/25/2020,CWF,LA,ASW,CE,Federal Contract Tower,0,0,5,2,7,0,0,4,2,6,0,0,9,4,13,0,0,0,13
11/26/2020,CWF,LA,ASW,CE,Federal Contract Tower,0,0,0,0,0,0,0,2,0,2,0,0,2,0,2,0,0,0,2
11/27/2020,CWF,LA,ASW,CE,Federal Contract Tower,0,0,0,0,0,0,0,0,0,0,0,0,0,0,0,0,0,0,0
11/28/2020,CWF,LA,ASW,CE,Federal Contract Tower,0,0,0,0,0,0,0,0,0,0,0,0,0,0,0,0,0,0,0
11/29/2020,CWF,LA,ASW,CE,Federal Contract Tower,0,2,9,4,15,0,2,0,0,2,0,4,9,4,17,4,0,4,21
11/30/2020,CWF,LA,ASW,CE,Federal Contract Tower,0,7,8,3,18,0,0,14,2,16,0,7,22,5,34,6,10,16,50
12/01/2020,CWF,LA,ASW,CE,Federal Contract Tower,0,5,15,0,20,0,4,13,0,17,0,9,28,0,37,8,0,8,45
12/02/2020,CWF,LA,ASW,CE,Federal Contract Tower,0,3,10,0,13,0,3,0,0,3,0,6,10,0,16,24,0,24,40
12/03/2020,CWF,LA,ASW,CE,Federal Contract Tower,0,2,5,4,11,0,0,1,0,1,0,2,6,4,12,0,0,0,12
12/04/2020,CWF,LA,ASW,CE,Federal Contract Tower,0,6,12,9,27,0,4,3,1,8,0,10,15,10,35,3,0,3,38
12/05/2020,CWF,LA,ASW,CE,Federal Contract Tower,0,1,3,8,12,0,0,10,2,12,0,1,13,10,24,0,12,12,36
12/06/2020,CWF,LA,ASW,CE,Federal Contract Tower,0,3,8,1,12,0,0,9,0,9,0,3,17,1,21,14,0,14,35
12/07/2020,CWF,LA,ASW,CE,Federal Contract Tower,0,0,10,11,21,0,1,3,4,8,0,1,13,15,29,0,6,6,35
12/08/2020,CWF,LA,ASW,CE,Federal Contract Tower,0,4,5,21,30,0,2,18,10,30,0,6,23,31,60,0,0,0,60
12/09/2020,CWF,LA,ASW,CE,Federal Contract Tower,0,0,12,21,33,0,7,17,1,25,0,7,29,22,58,36,14,50,108
12/10/2020,CWF,LA,ASW,CE,Federal Contract Tower,0,0,12,13,25,0,2,1,2,5,0,2,13,15,30,20,18,38,68
12/11/2020,CWF,LA,ASW,CE,Federal Contract Tower,0,4,6,5,15,0,4,3,2,9,0,8,9,7,24,0,2,2,26
12/12/2020,CWF,LA,ASW,CE,Federal Contract Tower,0,0,4,4,8,0,2,1,0,3,0,2,5,4,11,10,0,10,21
12/13/2020,CWF,LA,ASW,CE,Federal Contract Tower,0,0,3,0,3,0,0,0,0,0,0,0,3,0,3,0,0,0,3
12/14/2020,CWF,LA,ASW,CE,Federal Contract Tower,0,1,12,20,33,0,0,4,0,4,0,1,16,20,37,6,0,6,43
12/15/2020,CWF,LA,ASW,CE,Federal Contract Tower,0,0,4,4,8,0,0,0,0,0,0,0,4,4,8,0,0,0,8
12/16/2020,CWF,LA,ASW,CE,Federal Contract Tower,0,0,5,38,43,0,12,2,2,16,0,12,7,40,59,4,16,20,79
12/17/2020,CWF,LA,ASW,CE,Federal Contract Tower,0,2,8,12,22,0,2,10,4,16,0,4,18,16,38,12,2,14,52
12/18/2020,CWF,LA,ASW,CE,Federal Contract Tower,0,9,6,8,23,0,3,5,2,10,0,12,11,10,33,1,0,1,34
12/19/2020,CWF,LA,ASW,CE,Federal Contract Tower,0,4,1,2,7,0,4,0,0,4,0,8,1,2,11,0,0,0,11
12/20/2020,CWF,LA,ASW,CE,Federal Contract Tower,0,0,10,0,10,0,0,5,0,5,0,0,15,0,15,6,0,6,21
12/21/2020,CWF,LA,ASW,CE,Federal Contract Tower,0,5,19,7,31,0,10,15,2,27,0,15,34,9,58,2,6,8,66
12/22/2020,CWF,LA,ASW,CE,Federal Contract Tower,0,3,2,7,12,0,6,7,0,13,0,9,9,7,25,0,0,0,25
12/23/2020,CWF,LA,ASW,CE,Federal Contract Tower,0,0,4,2,6,0,0,3,0,3,0,0,7,2,9,0,0,0,9
12/24/2020,CWF,LA,ASW,CE,Federal Contract Tower,0,0,2,0,2,0,0,2,0,2,0,0,4,0,4,0,0,0,4
12/25/2020,CWF,LA,ASW,CE,Federal Contract Tower,0,0,0,0,0,0,4,0,0,4,0,4,0,0,4,0,0,0,4
12/26/2020,CWF,LA,ASW,CE,Federal Contract Tower,0,0,4,0,4,0,4,9,0,13,0,4,13,0,17,0,0,0,17
12/27/2020,CWF,LA,ASW,CE,Federal Contract Tower,0,0,3,0,3,0,0,9,0,9,0,0,12,0,12,0,0,0,12
12/28/2020,CWF,LA,ASW,CE,Federal Contract Tower,0,1,7,9,17,0,3,11,0,14,0,4,18,9,31,16,0,16,47
12/29/2020,CWF,LA,ASW,CE,Federal Contract Tower,0,5,18,7,30,0,3,15,5,23,0,8,33,12,53,0,16,16,69
12/30/2020,CWF,LA,ASW,CE,Federal Contract Tower,0,0,15,6,21,0,0,4,0,4,0,0,19,6,25,10,0,10,35
12/31/2020,CWF,LA,ASW,CE,Federal Contract Tower,0,0,6,0,6,0,0,0,0,0,0,0,6,0,6,0,0,0,6
01/01/2021,CWF,LA,ASW,CE,Federal Contract Tower,0,0,1,0,1,0,0,5,0,5,0,0,6,0,6,0,0,0,6
01/02/2021,CWF,LA,ASW,CE,Federal Contract Tower,1,0,5,0,6,0,0,4,0,4,1,0,9,0,10,0,0,0,10
01/03/2021,CWF,LA,ASW,CE,Federal Contract Tower,0,0,6,0,6,0,0,8,0,8,0,0,14,0,14,18,0,18,32
01/04/2021,CWF,LA,ASW,CE,Federal Contract Tower,0,2,6,5,13,0,0,12,5,17,0,2,18,10,30,0,4,4,34
01/05/2021,CWF,LA,ASW,CE,Federal Contract Tower,0,1,3,7,11,0,0,15,1,16,0,1,18,8,27,14,0,14,41
01/06/2021,CWF,LA,ASW,CE,Federal Contract Tower,0,2,8,8,18,0,2,3,1,6,0,4,11,9,24,4,0,4,28
01/07/2021,CWF,LA,ASW,CE,Federal Contract Tower,0,0,1,6,7,0,2,1,2,5,0,2,2,8,12,0,12,12,24
01/08/2021,CWF,LA,ASW,CE,Federal Contract Tower,0,2,11,24,37,0,0,6,9,15,0,2,17,33,52,4,50,54,106
01/09/2021,CWF,LA,ASW,CE,Federal Contract Tower,0,0,6,5,11,0,0,15,5,20,0,0,21,10,31,12,6,18,49
01/10/2021,CWF,LA,ASW,CE,Federal Contract Tower,0,0,8,4,12,0,0,0,0,0,0,0,8,4,12,0,12,12,24
01/11/2021,CWF,LA,ASW,CE,Federal Contract Tower,0,7,10,22,39,0,0,0,0,0,0,7,10,22,39,0,12,12,51
01/12/2021,CWF,LA,ASW,CE,Federal Contract Tower,0,10,10,16,36,0,2,10,2,14,0,12,20,18,50,16,70,86,136
01/13/2021,CWF,LA,ASW,CE,Federal Contract Tower,0,8,4,21,33,0,8,23,3,34,0,16,27,24,67,4,0,4,71
01/14/2021,CWF,LA,ASW,CE,Federal Contract Tower,0,7,22,34,63,0,1,15,4,20,0,8,37,38,83,6,16,22,105
01/15/2021,CWF,LA,ASW,CE,Federal Contract Tower,0,0,11,21,32,0,0,6,11,17,0,0,17,32,49,10,18,28,77
01/16/2021,CWF,LA,ASW,CE,Federal Contract Tower,0,2,6,6,14,0,0,11,0,11,0,2,17,6,25,20,10,30,55
01/17/2021,CWF,LA,ASW,CE,Federal Contract Tower,0,0,0,12,12,0,0,4,0,4,0,0,4,12,16,0,0,0,16
01/18/2021,CWF,LA,ASW,CE,Federal Contract Tower,0,4,1,2,7,0,0,8,0,8,0,4,9,2,15,10,4,14,29
01/19/2021,CWF,LA,ASW,CE,Federal Contract Tower,0,2,14,23,39,0,0,8,11,19,0,2,22,34,58,10,30,40,98
01/20/2021,CWF,LA,ASW,CE,Federal Contract Tower,0,1,15,13,29,0,2,0,2,4,0,3,15,15,33,0,4,4,37
01/21/2021,CWF,LA,ASW,CE,Federal Contract Tower,0,0,8,6,14,0,0,8,0,8,0,0,16,6,22,0,0,0,22
01/22/2021,CWF,LA,ASW,CE,Federal Contract Tower,0,0,15,6,21,0,0,0,0,0,0,0,15,6,21,0,0,0,21
01/23/2021,CWF,LA,ASW,CE,Federal Contract Tower,0,0,2,4,6,0,0,0,0,0,0,0,2,4,6,0,0,0,6
01/24/2021,CWF,LA,ASW,CE,Federal Contract Tower,0,0,6,0,6,0,0,0,0,0,0,0,6,0,6,0,0,0,6
01/25/2021,CWF,LA,ASW,CE,Federal Contract Tower,0,0,3,10,13,0,0,0,0,0,0,0,3,10,13,0,0,0,13
01/26/2021,CWF,LA,ASW,CE,Federal Contract Tower,0,2,16,36,54,0,2,0,0,2,0,4,16,36,56,0,24,24,80
01/27/2021,CWF,LA,ASW,CE,Federal Contract Tower,0,2,18,34,54,0,0,2,4,6,0,2,20,38,60,0,28,28,88
01/28/2021,CWF,LA,ASW,CE,Federal Contract Tower,0,2,10,30,42,0,6,8,6,20,0,8,18,36,62,0,18,18,80
01/29/2021,CWF,LA,ASW,CE,Federal Contract Tower,0,0,1,35,36,0,2,9,7,18,0,2,10,42,54,0,20,20,74
01/30/2021,CWF,LA,ASW,CE,Federal Contract Tower,0,2,3,17,22,0,1,0,0,1,0,3,3,17,23,0,0,0,23
01/31/2021,CWF,LA,ASW,CE,Federal Contract Tower,0,0,4,12,16,0,1,0,11,12,0,1,4,23,28,0,0,0,28
02/01/2021,CWF,LA,ASW,CE,Federal Contract Tower,0,0,11,25,36,0,0,8,1,9,0,0,19,26,45,12,0,12,57
02/02/2021,CWF,LA,ASW,CE,Federal Contract Tower,2,1,9,45,57,0,5,6,10,21,2,6,15,55,78,0,16,16,94
02/03/2021,CWF,LA,ASW,CE,Federal Contract Tower,0,3,5,16,24,0,1,6,5,12,0,4,11,21,36,4,10,14,50
02/04/2021,CWF,LA,ASW,CE,Federal Contract Tower,0,0,13,18,31,0,0,4,0,4,0,0,17,18,35,22,12,34,69
02/05/2021,CWF,LA,ASW,CE,Federal Contract Tower,0,0,6,30,36,0,0,0,0,0,0,0,6,30,36,0,10,10,46
02/06/2021,CWF,LA,ASW,CE,Federal Contract Tower,0,2,3,22,27,0,0,0,0,0,0,2,3,22,27,0,12,12,39
02/07/2021,CWF,LA,ASW,CE,Federal Contract Tower,0,0,6,19,25,0,0,4,2,6,0,0,10,21,31,16,0,16,47
02/08/2021,CWF,LA,ASW,CE,Federal Contract Tower,0,5,21,8,34,0,5,10,0,15,0,10,31,8,49,22,0,22,71
02/09/2021,CWF,LA,ASW,CE,Federal Contract Tower,0,0,19,4,23,0,0,6,0,6,0,0,25,4,29,6,0,6,35
02/10/2021,CWF,LA,ASW,CE,Federal Contract Tower,0,0,5,18,23,0,0,0,1,1,0,0,5,19,24,0,6,6,30
02/11/2021,CWF,LA,ASW,CE,Federal Contract Tower,0,0,2,0,2,0,0,0,0,0,0,0,2,0,2,0,0,0,2
02/12/2021,CWF,LA,ASW,CE,Federal Contract Tower,2,0,3,0,5,0,0,0,0,0,2,0,3,0,5,0,0,0,5
02/13/2021,CWF,LA,ASW,CE,Federal Contract Tower,0,0,0,0,0,0,0,2,0,2,0,0,2,0,2,0,0,0,2
02/14/2021,CWF,LA,ASW,CE,Federal Contract Tower,0,0,0,0,0,0,0,0,0,0,0,0,0,0,0,0,0,0,0
02/15/2021,CWF,LA,ASW,CE,Federal Contract Tower,0,0,0,0,0,0,0,0,0,0,0,0,0,0,0,0,0,0,0
02/16/2021,CWF,LA,ASW,CE,Federal Contract Tower,0,0,0,0,0,0,0,0,0,0,0,0,0,0,0,0,0,0,0
02/18/2021,CWF,LA,ASW,CE,Federal Contract Tower,2,0,3,0,5,0,0,2,0,2,2,0,5,0,7,0,0,0,7
02/20/2021,CWF,LA,ASW,CE,Federal Contract Tower,0,2,2,2,6,0,0,13,0,13,0,2,15,2,19,4,0,4,23
02/22/2021,CWF,LA,ASW,CE,Federal Contract Tower,0,1,15,16,32,0,5,22,5,32,0,6,37,21,64,34,20,54,118
02/23/2021,CWF,LA,ASW,CE,Federal Contract Tower,0,12,14,30,56,0,2,18,3,23,0,14,32,33,79,4,16,20,99
02/24/2021,CWF,LA,ASW,CE,Federal Contract Tower,1,4,16,43,64,0,5,2,5,12,1,9,18,48,76,10,14,24,100
02/25/2021,CWF,LA,ASW,CE,Federal Contract Tower,0,4,9,26,39,0,0,4,1,5,0,4,13,27,44,0,4,4,48
02/26/2021,CWF,LA,ASW,CE,Federal Contract Tower,0,2,6,41,49,0,0,0,3,3,0,2,6,44,52,0,28,28,80
02/27/2021,CWF,LA,ASW,CE,Federal Contract Tower,0,0,0,4,4,0,0,0,0,0,0,0,0,4,4,0,0,0,4
02/28/2021,CWF,LA,ASW,CE,Federal Contract Tower,0,0,8,12,20,0,0,0,0,0,0,0,8,12,20,0,0,0,20
03/01/2021,CWF,LA,ASW,CE,Federal Contract Tower,2,0,5,6,13,0,0,0,0,0,2,0,5,6,13,0,0,0,13
03/02/2021,CWF,LA,ASW,CE,Federal Contract Tower,0,5,7,7,19,0,0,7,1,8,0,5,14,8,27,8,0,8,35
03/03/2021,CWF,LA,ASW,CE,Federal Contract Tower,0,2,8,20,30,0,0,16,2,18,0,2,24,22,48,12,20,32,80
03/04/2021,CWF,LA,ASW,CE,Federal Contract Tower,0,0,11,23,34,0,0,14,8,22,0,0,25,31,56,12,18,30,86
03/06/2021,CWF,LA,ASW,CE,Federal Contract Tower,1,0,1,11,13,0,1,8,7,16,1,1,9,18,29,6,16,22,51
03/07/2021,CWF,LA,ASW,CE,Federal Contract Tower,0,10,3,18,31,0,0,11,1,12,0,10,14,19,43,0,12,12,55
03/08/2021,CWF,LA,ASW,CE,Federal Contract Tower,0,0,14,24,38,0,5,21,2,28,0,5,35,26,66,0,12,12,78
03/09/2021,CWF,LA,ASW,CE,Federal Contract Tower,0,6,9,37,52,0,12,4,10,26,0,18,13,47,78,24,34,58,136
03/10/2021,CWF,LA,ASW,CE,Federal Contract Tower,0,0,25,42,67,0,0,7,4,11,0,0,32,46,78,0,36,36,114
03/11/2021,CWF,LA,ASW,CE,Federal Contract Tower,2,5,23,15,45,0,5,18,9,32,2,10,41,24,77,20,20,40,117
03/12/2021,CWF,LA,ASW,CE,Federal Contract Tower,0,0,9,67,76,0,0,7,14,21,0,0,16,81,97,0,86,86,183
03/13/2021,CWF,LA,ASW,CE,Federal Contract Tower,0,8,1,11,20,0,0,3,0,3,0,8,4,11,23,8,6,14,37
03/14/2021,CWF,LA,ASW,CE,Federal Contract Tower,0,2,5,14,21,0,0,0,3,3,0,2,5,17,24,0,10,10,34
03/15/2021,CWF,LA,ASW,CE,Federal Contract Tower,0,0,18,8,26,0,0,4,0,4,0,0,22,8,30,16,0,16,46
03/16/2021,CWF,LA,ASW,CE,Federal Contract Tower,0,0,6,29,35,0,0,1,2,3,0,0,7,31,38,0,0,0,38
03/17/2021,CWF,LA,ASW,CE,Federal Contract Tower,0,0,1,0,1,0,1,2,0,3,0,1,3,0,4,0,0,0,4
03/18/2021,CWF,LA,ASW,CE,Federal Contract Tower,0,1,26,40,67,0,10,21,12,43,0,11,47,52,110,30,30,60,170
03/19/2021,CWF,LA,ASW,CE,Federal Contract Tower,0,0,2,46,48,0,0,12,7,19,0,0,14,53,67,66,4,70,137
03/20/2021,CWF,LA,ASW,CE,Federal Contract Tower,0,0,3,11,14,0,0,18,1,19,0,0,21,12,33,14,6,20,53
03/21/2021,CWF,LA,ASW,CE,Federal Contract Tower,0,0,4,10,14,0,0,20,6,26,0,0,24,16,40,22,20,42,82
03/22/2021,CWF,LA,ASW,CE,Federal Contract Tower,3,0,11,4,18,0,0,4,0,4,3,0,15,4,22,4,8,12,34
03/23/2021,CWF,LA,ASW,CE,Federal Contract Tower,0,0,7,5,12,0,0,8,1,9,0,0,15,6,21,12,0,12,33
03/24/2021,CWF,LA,ASW,CE,Federal Contract Tower,1,0,12,6,19,0,0,2,2,4,1,0,14,8,23,0,26,26,49
03/25/2021,CWF,LA,ASW,CE,Federal Contract Tower,0,0,3,16,19,0,0,10,4,14,0,0,13,20,33,16,14,30,63
03/26/2021,CWF,LA,ASW,CE,Federal Contract Tower,0,1,15,32,48,0,2,18,0,20,0,3,33,32,68,26,22,48,116
03/27/2021,CWF,LA,ASW,CE,Federal Contract Tower,0,0,3,0,3,0,0,0,0,0,0,0,3,0,3,0,0,0,3
03/28/2021,CWF,LA,ASW,CE,Federal Contract Tower,0,1,5,0,6,0,1,0,0,1,0,2,5,0,7,0,0,0,7
03/29/2021,CWF,LA,ASW,CE,Federal Contract Tower,3,6,6,17,32,0,0,28,1,29,3,6,34,18,61,92,0,92,153
03/30/2021,CWF,LA,ASW,CE,Federal Contract Tower,0,0,8,54,62,0,0,6,1,7,0,0,14,55,69,2,0,2,71
03/31/2021,CWF,LA,ASW,CE,Federal Contract Tower,1,0,7,4,12,0,0,1,0,1,1,0,8,4,13,0,0,0,13
04/01/2021,CWF,LA,ASW,CE,Federal Contract Tower,0,0,24,24,48,0,5,28,5,38,0,5,52,29,86,28,0,28,114
04/02/2021,CWF,LA,ASW,CE,Federal Contract Tower,0,0,3,39,42,0,3,8,2,13,0,3,11,41,55,20,6,26,81
04/03/2021,CWF,LA,ASW,CE,Federal Contract Tower,0,0,4,1,5,0,4,10,1,15,0,4,14,2,20,0,8,8,28
04/04/2021,CWF,LA,ASW,CE,Federal Contract Tower,0,0,0,0,0,0,0,10,2,12,0,0,10,2,12,0,0,0,12
04/05/2021,CWF,LA,ASW,CE,Federal Contract Tower,0,4,4,0,8,0,0,14,1,15,0,4,18,1,23,24,0,24,47
04/06/2021,CWF,LA,ASW,CE,Federal Contract Tower,8,1,10,21,40,0,2,12,0,14,8,3,22,21,54,4,0,4,58
04/07/2021,CWF,LA,ASW,CE,Federal Contract Tower,0,0,27,28,55,0,1,11,1,13,0,1,38,29,68,10,0,10,78
04/08/2021,CWF,LA,ASW,CE,Federal Contract Tower,0,0,9,26,35,0,0,26,5,31,0,0,35,31,66,6,20,26,92
04/09/2021,CWF,LA,ASW,CE,Federal Contract Tower,0,5,6,46,57,0,0,4,0,4,0,5,10,46,61,14,0,14,75
04/10/2021,CWF,LA,ASW,CE,Federal Contract Tower,0,0,20,9,29,0,0,17,0,17,0,0,37,9,46,10,0,10,56
04/11/2021,CWF,LA,ASW,CE,Federal Contract Tower,0,1,3,0,4,0,0,15,0,15,0,1,18,0,19,8,0,8,27
04/12/2021,CWF,LA,ASW,CE,Federal Contract Tower,0,0,6,24,30,0,0,17,0,17,0,0,23,24,47,30,0,30,77
04/13/2021,CWF,LA,ASW,CE,Federal Contract Tower,0,3,4,7,14,0,0,0,0,0,0,3,4,7,14,0,0,0,14
04/14/2021,CWF,LA,ASW,CE,Federal Contract Tower,1,3,10,1,15,0,0,0,0,0,1,3,10,1,15,0,0,0,15
04/15/2021,CWF,LA,ASW,CE,Federal Contract Tower,2,1,10,41,54,0,0,2,0,2,2,1,12,41,56,14,12,26,82
04/16/2021,CWF,LA,ASW,CE,Federal Contract Tower,1,0,3,8,12,0,0,1,0,1,1,0,4,8,13,0,0,0,13
04/17/2021,CWF,LA,ASW,CE,Federal Contract Tower,2,0,6,2,10,0,0,0,0,0,2,0,6,2,10,0,0,0,10
04/18/2021,CWF,LA,ASW,CE,Federal Contract Tower,0,1,6,9,16,0,0,10,1,11,0,1,16,10,27,8,12,20,47
04/19/2021,CWF,LA,ASW,CE,Federal Contract Tower,0,0,13,11,24,0,0,7,10,17,0,0,20,21,41,0,0,0,41
04/20/2021,CWF,LA,ASW,CE,Federal Contract Tower,0,2,5,39,46,0,7,33,5,45,0,9,38,44,91,8,76,84,175
04/21/2021,CWF,LA,ASW,CE,Federal Contract Tower,0,0,21,44,65,0,0,11,6,17,0,0,32,50,82,0,4,4,86
04/22/2021,CWF,LA,ASW,CE,Federal Contract Tower,0,1,11,13,25,0,1,13,0,14,0,2,24,13,39,0,36,36,75
04/23/2021,CWF,LA,ASW,CE,Federal Contract Tower,0,2,2,7,11,0,0,0,0,0,0,2,2,7,11,0,0,0,11
04/24/2021,CWF,LA,ASW,CE,Federal Contract Tower,0,0,3,0,3,0,0,6,0,6,0,0,9,0,9,0,0,0,9
04/25/2021,CWF,LA,ASW,CE,Federal Contract Tower,0,0,2,13,15,0,0,15,0,15,0,0,17,13,30,0,0,0,30
04/26/2021,CWF,LA,ASW,CE,Federal Contract Tower,0,2,20,54,76,0,3,35,10,48,0,5,55,64,124,0,10,10,134
04/27/2021,CWF,LA,ASW,CE,Federal Contract Tower,0,5,20,19,44,0,0,4,7,11,0,5,24,26,55,4,4,8,63
04/28/2021,CWF,LA,ASW,CE,Federal Contract Tower,0,2,5,46,53,0,4,5,1,10,0,6,10,47,63,0,6,6,69
04/29/2021,CWF,LA,ASW,CE,Federal Contract Tower,1,9,10,25,45,0,0,6,3,9,1,9,16,28,54,0,24,24,78
04/30/2021,CWF,LA,ASW,CE,Federal Contract Tower,0,1,5,2,8,0,0,3,0,3,0,1,8,2,11,0,0,0,11
05/01/2021,CWF,LA,ASW,CE,Federal Contract Tower,2,0,7,0,9,0,0,1,0,1,2,0,8,0,10,0,0,0,10
05/02/2021,CWF,LA,ASW,CE,Federal Contract Tower,0,5,4,4,13,0,0,4,0,4,0,5,8,4,17,0,0,0,17
05/03/2021,CWF,LA,ASW,CE,Federal Contract Tower,0,2,11,10,23,0,3,2,2,7,0,5,13,12,30,0,0,0,30
05/04/2021,CWF,LA,ASW,CE,Federal Contract Tower,0,0,1,2,3,0,0,3,0,3,0,0,4,2,6,0,0,0,6
05/05/2021,CWF,LA,ASW,CE,Federal Contract Tower,2,0,7,32,41,0,5,3,2,10,2,5,10,34,51,0,6,6,57
05/06/2021,CWF,LA,ASW,CE,Federal Contract Tower,2,0,8,5,15,0,13,11,0,24,2,13,19,5,39,0,0,0,39
05/07/2021,CWF,LA,ASW,CE,Federal Contract Tower,0,0,18,83,101,0,3,13,13,29,0,3,31,96,130,0,6,6,136
05/08/2021,CWF,LA,ASW,CE,Federal Contract Tower,0,0,4,25,29,0,0,12,7,19,0,0,16,32,48,6,14,20,68
05/09/2021,CWF,LA,ASW,CE,Federal Contract Tower,0,3,6,12,21,0,0,4,0,4,0,3,10,12,25,0,0,0,25
05/10/2021,CWF,LA,ASW,CE,Federal Contract Tower,0,0,6,28,34,0,4,8,3,15,0,4,14,31,49,0,28,28,77
05/11/2021,CWF,LA,ASW,CE,Federal Contract Tower,0,2,5,4,11,0,0,5,0,5,0,2,10,4,16,0,0,0,16
05/12/2021,CWF,LA,ASW,CE,Federal Contract Tower,0,0,7,6,13,0,1,5,2,8,0,1,12,8,21,0,0,0,21
05/13/2021,CWF,LA,ASW,CE,Federal Contract Tower,3,2,16,31,52,0,7,24,3,34,3,9,40,34,86,20,30,50,136
05/14/2021,CWF,LA,ASW,CE,Federal Contract Tower,1,2,2,60,65,0,1,7,4,12,1,3,9,64,77,0,46,46,123
05/15/2021,CWF,LA,ASW,CE,Federal Contract Tower,0,4,5,34,43,0,2,8,10,20,0,6,13,44,63,0,66,66,129
05/16/2021,CWF,LA,ASW,CE,Federal Contract Tower,0,2,10,9,21,0,1,1,2,4,0,3,11,11,25,10,30,40,65
05/17/2021,CWF,LA,ASW,CE,Federal Contract Tower,0,0,3,0,3,0,0,0,0,0,0,0,3,0,3,0,0,0,3
05/18/2021,CWF,LA,ASW,CE,Federal Contract Tower,0,0,7,7,14,0,0,2,0,2,0,0,9,7,16,0,6,6,22
05/19/2021,CWF,LA,ASW,CE,Federal Contract Tower,1,0,0,2,3,0,2,0,0,2,1,2,0,2,5,0,0,0,5
05/20/2021,CWF,LA,ASW,CE,Federal Contract Tower,0,0,3,12,15,0,1,0,0,1,0,1,3,12,16,0,0,0,16
05/21/2021,CWF,LA,ASW,CE,Federal Contract Tower,0,0,8,10,18,0,0,0,0,0,0,0,8,10,18,0,0,0,18
05/22/2021,CWF,LA,ASW,CE,Federal Contract Tower,2,0,4,3,9,0,0,3,0,3,2,0,7,3,12,0,0,0,12
05/23/2021,CWF,LA,ASW,CE,Federal Contract Tower,0,0,6,10,16,0,2,11,6,19,0,2,17,16,35,8,10,18,53
05/24/2021,CWF,LA,ASW,CE,Federal Contract Tower,0,8,5,27,40,0,0,20,4,24,0,8,25,31,64,24,24,48,112
05/25/2021,CWF,LA,ASW,CE,Federal Contract Tower,1,2,11,7,21,0,0,19,8,27,1,2,30,15,48,14,6,20,68
05/26/2021,CWF,LA,ASW,CE,Federal Contract Tower,1,0,14,32,47,0,11,17,1,29,1,11,31,33,76,0,26,26,102
05/27/2021,CWF,LA,ASW,CE,Federal Contract Tower,0,0,15,40,55,0,1,19,2,22,0,1,34,42,77,38,28,66,143
05/28/2021,CWF,LA,ASW,CE,Federal Contract Tower,0,0,2,5,7,0,0,13,1,14,0,0,15,6,21,14,0,14,35
05/29/2021,CWF,LA,ASW,CE,Federal Contract Tower,0,0,4,0,4,0,0,6,0,6,0,0,10,0,10,36,0,36,46
05/30/2021,CWF,LA,ASW,CE,Federal Contract Tower,0,0,9,0,9,0,0,16,0,16,0,0,25,0,25,6,0,6,31
05/31/2021,CWF,LA,ASW,CE,Federal Contract Tower,0,0,3,4,7,0,5,12,0,17,0,5,15,4,24,22,0,22,46
06/01/2021,CWF,LA,ASW,CE,Federal Contract Tower,2,8,18,7,35,0,0,5,1,6,2,8,23,8,41,0,0,0,41
06/02/2021,CWF,LA,ASW,CE,Federal Contract Tower,0,0,4,18,22,0,0,3,9,12,0,0,7,27,34,0,16,16,50
06/03/2021,CWF,LA,ASW,CE,Federal Contract Tower,0,1,5,8,14,0,4,22,0,26,0,5,27,8,40,20,20,40,80
06/04/2021,CWF,LA,ASW,CE,Federal Contract Tower,0,0,4,6,10,0,2,13,2,17,0,2,17,8,27,0,0,0,27
06/05/2021,CWF,LA,ASW,CE,Federal Contract Tower,0,0,2,0,2,0,1,12,3,16,0,1,14,3,18,6,0,6,24
06/06/2021,CWF,LA,ASW,CE,Federal Contract Tower,0,0,4,7,11,0,1,10,3,14,0,1,14,10,25,0,0,0,25
06/07/2021,CWF,LA,ASW,CE,Federal Contract Tower,0,1,10,22,33,0,2,11,3,16,0,3,21,25,49,10,0,10,59
06/08/2021,CWF,LA,ASW,CE,Federal Contract Tower,0,2,6,19,27,0,2,8,4,14,0,4,14,23,41,0,42,42,83
06/09/2021,CWF,LA,ASW,CE,Federal Contract Tower,3,2,11,47,63,0,0,14,6,20,3,2,25,53,83,26,74,100,183
06/10/2021,CWF,LA,ASW,CE,Federal Contract Tower,0,1,19,48,68,0,2,23,7,32,0,3,42,55,100,36,166,202,302
06/11/2021,CWF,LA,ASW,CE,Federal Contract Tower,1,2,8,40,51,0,0,11,7,18,1,2,19,47,69,20,30,50,119
06/12/2021,CWF,LA,ASW,CE,Federal Contract Tower,0,0,1,8,9,0,0,2,2,4,0,0,3,10,13,0,0,0,13
06/13/2021,CWF,LA,ASW,CE,Federal Contract Tower,0,0,2,1,3,0,0,4,1,5,0,0,6,2,8,0,8,8,16
06/14/2021,CWF,LA,ASW,CE,Federal Contract Tower,1,5,20,16,42,0,0,20,9,29,1,5,40,25,71,44,20,64,135
06/15/2021,CWF,LA,ASW,CE,Federal Contract Tower,0,0,27,14,41,0,1,34,5,40,0,1,61,19,81,56,10,66,147
06/16/2021,CWF,LA,ASW,CE,Federal Contract Tower,3,0,18,17,38,0,4,8,8,20,3,4,26,25,58,40,20,60,118
06/17/2021,CWF,LA,ASW,CE,Federal Contract Tower,0,0,12,39,51,0,0,27,2,29,0,0,39,41,80,38,48,86,166
06/18/2021,CWF,LA,ASW,CE,Federal Contract Tower,1,3,11,15,30,0,0,21,2,23,1,3,32,17,53,0,0,0,53
06/19/2021,CWF,LA,ASW,CE,Federal Contract Tower,0,0,7,12,19,0,0,2,1,3,0,0,9,13,22,20,0,20,42
06/20/2021,CWF,LA,ASW,CE,Federal Contract Tower,0,0,3,2,5,0,0,3,1,4,0,0,6,3,9,0,0,0,9
06/21/2021,CWF,LA,ASW,CE,Federal Contract Tower,3,0,14,0,17,0,0,6,0,6,3,0,20,0,23,2,0,2,25
06/22/2021,CWF,LA,ASW,CE,Federal Contract Tower,0,3,14,23,40,0,3,11,4,18,0,6,25,27,58,10,40,50,108
06/23/2021,CWF,LA,ASW,CE,Federal Contract Tower,0,4,17,15,36,0,2,18,3,23,0,6,35,18,59,6,0,6,65
06/24/2021,CWF,LA,ASW,CE,Federal Contract Tower,0,1,7,0,8,0,0,12,0,12,0,1,19,0,20,0,0,0,20
06/25/2021,CWF,LA,ASW,CE,Federal Contract Tower,2,0,13,13,28,0,4,7,2,13,2,4,20,15,41,30,10,40,81
06/26/2021,CWF,LA,ASW,CE,Federal Contract Tower,0,0,7,0,7,0,0,5,0,5,0,0,12,0,12,10,0,10,22
06/27/2021,CWF,LA,ASW,CE,Federal Contract Tower,0,0,5,8,13,0,0,8,0,8,0,0,13,8,21,14,8,22,43
06/28/2021,CWF,LA,ASW,CE,Federal Contract Tower,1,4,17,0,22,0,0,9,0,9,1,4,26,0,31,20,0,20,51
06/29/2021,CWF,LA,ASW,CE,Federal Contract Tower,1,4,20,0,25,0,10,12,0,22,1,14,32,0,47,12,0,12,59
06/30/2021,CWF,LA,ASW,CE,Federal Contract Tower,0,4,16,32,52,0,20,23,0,43,0,24,39,32,95,10,124,134,229
07/01/2021,CWF,LA,ASW,CE,Federal Contract Tower,3,0,12,7,22,0,4,17,0,21,3,4,29,7,43,0,10,10,53
07/02/2021,CWF,LA,ASW,CE,Federal Contract Tower,0,6,4,8,18,0,1,14,1,16,0,7,18,9,34,14,6,20,54
07/03/2021,CWF,LA,ASW,CE,Federal Contract Tower,0,3,1,0,4,0,0,0,0,0,0,3,1,0,4,0,0,0,4
07/04/2021,CWF,LA,ASW,CE,Federal Contract Tower,0,0,5,0,5,0,0,10,0,10,0,0,15,0,15,30,0,30,45
07/05/2021,CWF,LA,ASW,CE,Federal Contract Tower,0,0,24,2,26,0,0,17,0,17,0,0,41,2,43,12,0,12,55
07/06/2021,CWF,LA,ASW,CE,Federal Contract Tower,1,3,11,10,25,0,0,6,0,6,1,3,17,10,31,0,0,0,31
07/07/2021,CWF,LA,ASW,CE,Federal Contract Tower,2,2,4,6,14,0,0,7,0,7,2,2,11,6,21,0,4,4,25
07/08/2021,CWF,LA,ASW,CE,Federal Contract Tower,1,0,20,2,23,0,0,10,0,10,1,0,30,2,33,10,36,46,79
07/09/2021,CWF,LA,ASW,CE,Federal Contract Tower,1,0,7,0,8,0,0,11,4,15,1,0,18,4,23,0,0,0,23
07/10/2021,CWF,LA,ASW,CE,Federal Contract Tower,0,2,0,6,8,0,0,2,0,2,0,2,2,6,10,0,0,0,10
07/11/2021,CWF,LA,ASW,CE,Federal Contract Tower,0,2,10,0,12,0,0,9,0,9,0,2,19,0,21,0,0,0,21
07/12/2021,CWF,LA,ASW,CE,Federal Contract Tower,0,2,9,3,14,0,0,3,0,3,0,2,12,3,17,0,0,0,17
07/13/2021,CWF,LA,ASW,CE,Federal Contract Tower,2,0,14,14,30,0,5,22,12,39,2,5,36,26,69,8,0,8,77
07/14/2021,CWF,LA,ASW,CE,Federal Contract Tower,0,0,20,19,39,0,7,21,0,28,0,7,41,19,67,10,32,42,109
07/15/2021,CWF,LA,ASW,CE,Federal Contract Tower,0,0,8,19,27,0,1,21,2,24,0,1,29,21,51,6,0,6,57
07/16/2021,CWF,LA,ASW,CE,Federal Contract Tower,0,0,7,2,9,0,3,10,0,13,0,3,17,2,22,0,0,0,22
07/17/2021,CWF,LA,ASW,CE,Federal Contract Tower,0,0,4,4,8,0,2,1,2,5,0,2,5,6,13,0,0,0,13
07/18/2021,CWF,LA,ASW,CE,Federal Contract Tower,0,0,3,2,5,0,0,5,0,5,0,0,8,2,10,0,0,0,10
07/19/2021,CWF,LA,ASW,CE,Federal Contract Tower,0,0,11,0,11,0,0,12,0,12,0,0,23,0,23,0,0,0,23
07/20/2021,CWF,LA,ASW,CE,Federal Contract Tower,0,2,10,11,23,0,0,11,2,13,0,2,21,13,36,0,0,0,36
07/21/2021,CWF,LA,ASW,CE,Federal Contract Tower,0,1,20,38,59,0,0,19,0,19,0,1,39,38,78,0,20,20,98
07/22/2021,CWF,LA,ASW,CE,Federal Contract Tower,0,0,28,21,49,0,0,25,1,26,0,0,53,22,75,0,28,28,103
07/23/2021,CWF,LA,ASW,CE,Federal Contract Tower,0,0,17,63,80,0,5,13,10,28,0,5,30,73,108,0,24,24,132
07/24/2021,CWF,LA,ASW,CE,Federal Contract Tower,2,0,6,17,25,0,0,10,3,13,2,0,16,20,38,6,0,6,44
07/25/2021,CWF,LA,ASW,CE,Federal Contract Tower,0,0,6,25,31,0,0,16,0,16,0,0,22,25,47,10,6,16,63
07/26/2021,CWF,LA,ASW,CE,Federal Contract Tower,0,4,7,27,38,0,0,9,3,12,0,4,16,30,50,14,30,44,94
07/27/2021,CWF,LA,ASW,CE,Federal Contract Tower,0,0,20,26,46,0,6,19,11,36,0,6,39,37,82,0,10,10,92
07/28/2021,CWF,LA,ASW,CE,Federal Contract Tower,0,0,12,35,47,0,1,29,0,30,0,1,41,35,77,0,34,34,111
07/29/2021,CWF,LA,ASW,CE,Federal Contract Tower,0,0,7,5,12,0,1,7,3,11,0,1,14,8,23,0,0,0,23
07/30/2021,CWF,LA,ASW,CE,Federal Contract Tower,0,0,1,38,39,0,0,9,5,14,0,0,10,43,53,0,20,20,73
07/31/2021,CWF,LA,ASW,CE,Federal Contract Tower,0,0,3,0,3,0,0,15,0,15,0,0,18,0,18,0,0,0,18
08/01/2021,CWF,LA,ASW,CE,Federal Contract Tower,0,0,6,0,6,0,0,5,0,5,0,0,11,0,11,4,0,4,15
08/02/2021,CWF,LA,ASW,CE,Federal Contract Tower,2,0,1,0,3,0,0,10,0,10,2,0,11,0,13,0,0,0,13
08/03/2021,CWF,LA,ASW,CE,Federal Contract Tower,0,1,3,9,13,0,0,9,1,10,0,1,12,10,23,0,0,0,23
08/04/2021,CWF,LA,ASW,CE,Federal Contract Tower,0,0,10,28,38,0,4,14,7,25,0,4,24,35,63,0,28,28,91
08/05/2021,CWF,LA,ASW,CE,Federal Contract Tower,0,4,19,18,41,0,2,23,4,29,0,6,42,22,70,10,0,10,80
08/06/2021,CWF,LA,ASW,CE,Federal Contract Tower,0,0,6,26,32,0,0,12,5,17,0,0,18,31,49,0,6,6,55
08/07/2021,CWF,LA,ASW,CE,Federal Contract Tower,0,0,2,0,2,0,0,3,0,3,0,0,5,0,5,0,0,0,5
08/08/2021,CWF,LA,ASW,CE,Federal Contract Tower,0,0,2,0,2,0,0,3,0,3,0,0,5,0,5,0,0,0,5
08/09/2021,CWF,LA,ASW,CE,Federal Contract Tower,0,0,11,21,32,0,1,15,3,19,0,1,26,24,51,0,34,34,85
08/10/2021,CWF,LA,ASW,CE,Federal Contract Tower,0,0,10,25,35,0,5,15,3,23,0,5,25,28,58,0,22,22,80
08/12/2021,CWF,LA,ASW,CE,Federal Contract Tower,0,0,0,2,2,0,2,8,0,10,0,2,8,2,12,0,0,0,12
08/13/2021,CWF,LA,ASW,CE,Federal Contract Tower,1,0,2,25,28,0,2,19,2,23,1,2,21,27,51,0,0,0,51
08/14/2021,CWF,LA,ASW,CE,Federal Contract Tower,0,0,6,17,23,0,0,6,3,9,0,0,12,20,32,0,0,0,32
08/15/2021,CWF,LA,ASW,CE,Federal Contract Tower,0,0,6,0,6,0,0,10,0,10,0,0,16,0,16,0,0,0,16
08/16/2021,CWF,LA,ASW,CE,Federal Contract Tower,0,0,10,22,32,0,1,8,5,14,0,1,18,27,46,0,20,20,66
08/17/2021,CWF,LA,ASW,CE,Federal Contract Tower,0,0,11,30,41,0,4,13,3,20,0,4,24,33,61,0,6,6,67
08/18/2021,CWF,LA,ASW,CE,Federal Contract Tower,0,1,3,25,29,0,0,3,3,6,0,1,6,28,35,0,2,2,37
08/19/2021,CWF,LA,ASW,CE,Federal Contract Tower,0,0,24,9,33,0,4,17,1,22,0,4,41,10,55,0,30,30,85
08/20/2021,CWF,LA,ASW,CE,Federal Contract Tower,2,0,9,21,32,0,0,15,3,18,2,0,24,24,50,4,0,4,54
08/21/2021,CWF,LA,ASW,CE,Federal Contract Tower,0,0,3,7,10,0,0,5,3,8,0,0,8,10,18,0,0,0,18
08/22/2021,CWF,LA,ASW,CE,Federal Contract Tower,0,0,1,4,5,0,2,10,0,12,0,2,11,4,17,0,4,4,21
08/23/2021,CWF,LA,ASW,CE,Federal Contract Tower,0,0,11,27,38,0,11,28,4,43,0,11,39,31,81,2,44,46,127
08/24/2021,CWF,LA,ASW,CE,Federal Contract Tower,0,0,17,20,37,0,4,22,4,30,0,4,39,24,67,0,30,30,97
08/25/2021,CWF,LA,ASW,CE,Federal Contract Tower,0,0,34,23,57,0,6,14,0,20,0,6,48,23,77,30,10,40,117
08/26/2021,CWF,LA,ASW,CE,Federal Contract Tower,0,5,7,25,37,0,15,16,11,42,0,20,23,36,79,0,0,0,79
08/27/2021,CWF,LA,ASW,CE,Federal Contract Tower,0,0,7,5,12,0,5,10,1,16,0,5,17,6,28,18,20,38,66
08/28/2021,CWF,LA,ASW,CE,Federal Contract Tower,0,1,12,0,13,0,0,1,0,1,0,1,13,0,14,0,0,0,14
08/29/2021,CWF,LA,ASW,CE,Federal Contract Tower,0,0,1,1,2,0,0,0,0,0,0,0,1,1,2,0,0,0,2
08/30/2021,CWF,LA,ASW,CE,Federal Contract Tower,0,0,13,3,16,0,0,7,0,7,0,0,20,3,23,0,0,0,23
08/31/2021,CWF,LA,ASW,CE,Federal Contract Tower,0,5,18,13,36,0,18,20,1,39,0,23,38,14,75,0,0,0,75
09/01/2021,CWF,LA,ASW,CE,Federal Contract Tower,0,0,10,29,39,0,4,30,2,36,0,4,40,31,75,6,40,46,121
09/02/2021,CWF,LA,ASW,CE,Federal Contract Tower,0,0,32,6,38,0,7,27,6,40,0,7,59,12,78,10,10,20,98
09/03/2021,CWF,LA,ASW,CE,Federal Contract Tower,0,0,37,3,40,0,2,36,3,41,0,2,73,6,81,0,0,0,81
09/04/2021,CWF,LA,ASW,CE,Federal Contract Tower,0,0,18,10,28,0,2,24,11,37,0,2,42,21,65,0,0,0,65
09/05/2021,CWF,LA,ASW,CE,Federal Contract Tower,0,0,10,2,12,0,0,16,1,17,0,0,26,3,29,0,0,0,29
09/06/2021,CWF,LA,ASW,CE,Federal Contract Tower,0,8,12,0,20,0,2,14,0,16,0,10,26,0,36,0,0,0,36
09/07/2021,CWF,LA,ASW,CE,Federal Contract Tower,0,4,6,13,23,0,1,25,1,27,0,5,31,14,50,40,0,40,90
09/08/2021,CWF,LA,ASW,CE,Federal Contract Tower,0,0,14,18,32,0,5,48,7,60,0,5,62,25,92,0,36,36,128
09/09/2021,CWF,LA,ASW,CE,Federal Contract Tower,0,1,4,21,26,0,6,14,1,21,0,7,18,22,47,0,18,18,65
09/10/2021,CWF,LA,ASW,CE,Federal Contract Tower,0,2,10,36,48,0,2,11,7,20,0,4,21,43,68,10,12,22,90
09/11/2021,CWF,LA,ASW,CE,Federal Contract Tower,1,0,3,2,6,0,0,13,2,15,1,0,16,4,21,0,4,4,25
09/12/2021,CWF,LA,ASW,CE,Federal Contract Tower,0,2,4,0,6,0,0,2,0,2,0,2,6,0,8,0,0,0,8
09/13/2021,CWF,LA,ASW,CE,Federal Contract Tower,1,0,10,1,12,0,0,4,0,4,1,0,14,1,16,0,0,0,16
09/14/2021,CWF,LA,ASW,CE,Federal Contract Tower,0,0,0,0,0,0,0,0,0,0,0,0,0,0,0,0,0,0,0
09/15/2021,CWF,LA,ASW,CE,Federal Contract Tower,0,1,3,2,6,0,0,0,0,0,0,1,3,2,6,0,0,0,6
09/16/2021,CWF,LA,ASW,CE,Federal Contract Tower,2,1,10,8,21,0,0,0,0,0,2,1,10,8,21,0,0,0,21
09/17/2021,CWF,LA,ASW,CE,Federal Contract Tower,0,0,17,33,50,0,6,21,4,31,0,6,38,37,81,20,0,20,101
09/18/2021,CWF,LA,ASW,CE,Federal Contract Tower,0,0,5,9,14,0,0,4,0,4,0,0,9,9,18,0,0,0,18
09/19/2021,CWF,LA,ASW,CE,Federal Contract Tower,0,0,6,3,9,0,2,5,1,8,0,2,11,4,17,0,14,14,31
09/20/2021,CWF,LA,ASW,CE,Federal Contract Tower,2,3,8,8,21,0,2,7,0,9,2,5,15,8,30,0,0,0,30
09/21/2021,CWF,LA,ASW,CE,Federal Contract Tower,1,5,14,13,33,0,1,7,0,8,1,6,21,13,41,12,70,82,123
09/22/2021,CWF,LA,ASW,CE,Federal Contract Tower,0,0,28,12,40,0,2,25,1,28,0,2,53,13,68,0,30,30,98
09/23/2021,CWF,LA,ASW,CE,Federal Contract Tower,2,0,12,26,40,0,0,23,9,32,2,0,35,35,72,10,36,46,118
09/24/2021,CWF,LA,ASW,CE,Federal Contract Tower,1,0,19,83,103,0,0,43,3,46,1,0,62,86,149,30,60,90,239
09/25/2021,CWF,LA,ASW,CE,Federal Contract Tower,0,0,4,15,19,0,2,21,3,26,0,2,25,18,45,10,4,14,59
09/26/2021,CWF,LA,ASW,CE,Federal Contract Tower,0,0,4,33,37,0,0,11,3,14,0,0,15,36,51,0,0,0,51
09/27/2021,CWF,LA,ASW,CE,Federal Contract Tower,0,0,13,6,19,0,6,34,3,43,0,6,47,9,62,22,0,22,84
09/28/2021,CWF,LA,ASW,CE,Federal Contract Tower,0,0,9,0,9,0,0,6,0,6,0,0,15,0,15,0,0,0,15
09/29/2021,CWF,LA,ASW,CE,Federal Contract Tower,0,0,7,0,7,0,2,8,0,10,0,2,15,0,17,0,0,0,17
09/30/2021,CWF,LA,ASW,CE,Federal Contract Tower,1,0,2,2,5,0,1,9,0,10,1,1,11,2,15,0,0,0,15
10/01/2021,CWF,LA,ASW,CE,Federal Contract Tower,2,0,17,4,23,0,0,1,2,3,2,0,18,6,26,4,0,4,30
10/02/2021,CWF,LA,ASW,CE,Federal Contract Tower,0,0,3,4,7,0,0,0,2,2,0,0,3,6,9,0,0,0,9
10/03/2021,CWF,LA,ASW,CE,Federal Contract Tower,0,0,7,4,11,0,0,3,0,3,0,0,10,4,14,10,0,10,24
10/04/2021,CWF,LA,ASW,CE,Federal Contract Tower,3,0,5,13,21,0,0,10,6,16,3,0,15,19,37,0,30,30,67
10/05/2021,CWF,LA,ASW,CE,Federal Contract Tower,0,2,6,17,25,0,0,22,6,28,0,2,28,23,53,0,24,24,77
10/06/2021,CWF,LA,ASW,CE,Federal Contract Tower,2,0,30,22,54,0,0,24,8,32,2,0,54,30,86,18,14,32,118
10/07/2021,CWF,LA,ASW,CE,Federal Contract Tower,0,1,20,23,44,0,6,26,6,38,0,7,46,29,82,16,50,66,148
10/08/2021,CWF,LA,ASW,CE,Federal Contract Tower,0,0,7,11,18,0,2,28,1,31,0,2,35,12,49,20,0,20,69
10/09/2021,CWF,LA,ASW,CE,Federal Contract Tower,2,0,7,6,15,0,0,23,0,23,2,0,30,6,38,10,0,10,48
10/10/2021,CWF,LA,ASW,CE,Federal Contract Tower,0,0,11,3,14,0,0,11,0,11,0,0,22,3,25,18,0,18,43
10/11/2021,CWF,LA,ASW,CE,Federal Contract Tower,0,2,14,6,22,0,4,10,2,16,0,6,24,8,38,10,6,16,54
10/12/2021,CWF,LA,ASW,CE,Federal Contract Tower,0,2,35,12,49,0,0,8,0,8,0,2,43,12,57,0,0,0,57
10/13/2021,CWF,LA,ASW,CE,Federal Contract Tower,0,1,29,26,56,0,2,22,0,24,0,3,51,26,80,14,20,34,114
10/14/2021,CWF,LA,ASW,CE,Federal Contract Tower,0,1,25,29,55,0,0,22,5,27,0,1,47,34,82,10,46,56,138
10/15/2021,CWF,LA,ASW,CE,Federal Contract Tower,2,0,22,96,120,0,0,24,2,26,2,0,46,98,146,12,88,100,246
10/16/2021,CWF,LA,ASW,CE,Federal Contract Tower,3,0,3,20,26,0,0,4,0,4,3,0,7,20,30,0,10,10,40
10/17/2021,CWF,LA,ASW,CE,Federal Contract Tower,1,0,3,18,22,0,0,13,6,19,1,0,16,24,41,0,62,62,103
10/18/2021,CWF,LA,ASW,CE,Federal Contract Tower,0,2,27,32,61,0,0,31,3,34,0,2,58,35,95,2,30,32,127
10/19/2021,CWF,LA,ASW,CE,Federal Contract Tower,0,0,5,11,16,0,0,11,5,16,0,0,16,16,32,10,6,16,48
10/20/2021,CWF,LA,ASW,CE,Federal Contract Tower,0,0,13,3,16,0,0,10,2,12,0,0,23,5,28,0,0,0,28
10/21/2021,CWF,LA,ASW,CE,Federal Contract Tower,0,0,9,4,13,0,0,15,1,16,0,0,24,5,29,0,0,0,29
10/22/2021,CWF,LA,ASW,CE,Federal Contract Tower,0,0,28,43,71,0,0,30,1,31,0,0,58,44,102,0,48,48,150
10/23/2021,CWF,LA,ASW,CE,Federal Contract Tower,2,0,4,0,6,0,4,0,0,4,2,4,4,0,10,4,0,4,14
10/24/2021,CWF,LA,ASW,CE,Federal Contract Tower,0,0,6,3,9,0,0,4,5,9,0,0,10,8,18,0,0,0,18
10/25/2021,CWF,LA,ASW,CE,Federal Contract Tower,0,2,6,9,17,0,0,8,5,13,0,2,14,14,30,0,12,12,42
10/26/2021,CWF,LA,ASW,CE,Federal Contract Tower,0,4,6,12,22,0,1,4,3,8,0,5,10,15,30,0,2,2,32
10/27/2021,CWF,LA,ASW,CE,Federal Contract Tower,0,0,3,5,8,0,0,0,0,0,0,0,3,5,8,0,0,0,8
10/28/2021,CWF,LA,ASW,CE,Federal Contract Tower,2,3,7,24,36,0,7,3,15,25,2,10,10,39,61,0,22,22,83
10/29/2021,CWF,LA,ASW,CE,Federal Contract Tower,0,2,15,57,74,0,0,9,4,13,0,2,24,61,87,10,62,72,159
10/30/2021,CWF,LA,ASW,CE,Federal Contract Tower,2,0,3,0,5,0,2,9,4,15,2,2,12,4,20,0,0,0,20
10/31/2021,CWF,LA,ASW,CE,Federal Contract Tower,0,0,9,7,16,0,0,2,3,5,0,0,11,10,21,30,4,34,55
11/01/2021,CWF,LA,ASW,CE,Federal Contract Tower,0,0,8,41,49,0,1,14,7,22,0,1,22,48,71,24,24,48,119
11/02/2021,CWF,LA,ASW,CE,Federal Contract Tower,0,0,20,36,56,0,7,9,12,28,0,7,29,48,84,16,24,40,124
11/03/2021,CWF,LA,ASW,CE,Federal Contract Tower,0,0,26,35,61,0,6,9,1,16,0,6,35,36,77,0,44,44,121
11/04/2021,CWF,LA,ASW,CE,Federal Contract Tower,0,0,7,17,24,0,1,2,5,8,0,1,9,22,32,0,4,4,36
11/05/2021,CWF,LA,ASW,CE,Federal Contract Tower,1,0,19,61,81,0,5,30,6,41,1,5,49,67,122,50,11,61,183
11/06/2021,CWF,LA,ASW,CE,Federal Contract Tower,2,0,5,22,29,0,0,2,0,2,2,0,7,22,31,0,12,12,43
11/07/2021,CWF,LA,ASW,CE,Federal Contract Tower,0,0,4,39,43,0,0,4,6,10,0,0,8,45,53,0,40,40,93
11/08/2021,CWF,LA,ASW,CE,Federal Contract Tower,0,1,15,27,43,0,1,18,2,21,0,2,33,29,64,6,6,12,76
11/09/2021,CWF,LA,ASW,CE,Federal Contract Tower,0,4,9,38,51,0,1,10,15,26,0,5,19,53,77,6,90,96,173
11/10/2021,CWF,LA,ASW,CE,Federal Contract Tower,0,2,12,33,47,0,21,6,4,31,0,23,18,37,78,20,40,60,138
11/11/2021,CWF,LA,ASW,CE,Federal Contract Tower,0,0,20,4,24,0,5,5,6,16,0,5,25,10,40,0,0,0,40
11/12/2021,CWF,LA,ASW,CE,Federal Contract Tower,0,0,13,26,39,0,0,4,2,6,0,0,17,28,45,0,22,22,67
11/13/2021,CWF,LA,ASW,CE,Federal Contract Tower,2,0,5,5,12,0,0,15,1,16,2,0,20,6,28,4,2,6,34
11/14/2021,CWF,LA,ASW,CE,Federal Contract Tower,0,0,6,9,15,0,0,17,1,18,0,0,23,10,33,0,0,0,33
11/16/2021,CWF,LA,ASW,CE,Federal Contract Tower,0,2,2,43,47,0,6,11,8,25,0,8,13,51,72,0,8,8,80
11/17/2021,CWF,LA,ASW,CE,Federal Contract Tower,0,0,6,8,14,0,1,9,8,18,0,1,15,16,32,10,1,11,43
11/18/2021,CWF,LA,ASW,CE,Federal Contract Tower,1,0,3,2,6,0,0,4,0,4,1,0,7,2,10,4,0,4,14
11/19/2021,CWF,LA,ASW,CE,Federal Contract Tower,1,0,3,12,16,2,0,12,3,17,3,0,15,15,33,0,0,0,33
11/20/2021,CWF,LA,ASW,CE,Federal Contract Tower,0,0,4,10,14,0,0,14,0,14,0,0,18,10,28,30,6,36,64
11/21/2021,CWF,LA,ASW,CE,Federal Contract Tower,0,0,4,1,5,0,0,0,5,5,0,0,4,6,10,0,26,26,36
11/22/2021,CWF,LA,ASW,CE,Federal Contract Tower,0,2,5,25,32,0,1,15,11,27,0,3,20,36,59,6,40,46,105
11/23/2021,CWF,LA,ASW,CE,Federal Contract Tower,0,0,15,16,31,0,2,16,7,25,0,2,31,23,56,24,0,24,80
11/24/2021,CWF,LA,ASW,CE,Federal Contract Tower,1,0,13,8,22,0,1,13,2,16,1,1,26,10,38,20,0,20,58
11/25/2021,CWF,LA,ASW,CE,Federal Contract Tower,0,0,0,0,0,0,0,0,0,0,0,0,0,0,0,0,0,0,0
11/26/2021,CWF,LA,ASW,CE,Federal Contract Tower,0,2,0,0,2,0,0,11,0,11,0,2,11,0,13,0,0,0,13
11/27/2021,CWF,LA,ASW,CE,Federal Contract Tower,0,0,6,0,6,0,0,3,0,3,0,0,9,0,9,0,0,0,9
11/28/2021,CWF,LA,ASW,CE,Federal Contract Tower,0,2,5,1,8,0,3,0,1,4,0,5,5,2,12,0,4,4,16
11/29/2021,CWF,LA,ASW,CE,Federal Contract Tower,0,0,18,22,40,0,3,6,2,11,0,3,24,24,51,10,0,10,61
11/30/2021,CWF,LA,ASW,CE,Federal Contract Tower,0,0,6,12,18,0,0,15,8,23,0,0,21,20,41,0,58,58,99
12/01/2021,CWF,LA,ASW,CE,Federal Contract Tower,1,0,4,34,39,0,0,2,8,10,1,0,6,42,49,0,0,0,49
12/02/2021,CWF,LA,ASW,CE,Federal Contract Tower,0,0,18,26,44,0,0,15,1,16,0,0,33,27,60,0,44,44,104
12/03/2021,CWF,LA,ASW,CE,Federal Contract Tower,2,0,18,34,54,0,6,25,6,37,2,6,43,40,91,0,26,26,117
12/04/2021,CWF,LA,ASW,CE,Federal Contract Tower,0,0,25,10,35,0,0,26,10,36,0,0,51,20,71,10,0,10,81
12/05/2021,CWF,LA,ASW,CE,Federal Contract Tower,0,0,14,5,19,0,0,4,0,4,0,0,18,5,23,10,0,10,33
12/06/2021,CWF,LA,ASW,CE,Federal Contract Tower,0,0,12,0,12,0,0,2,0,2,0,0,14,0,14,0,0,0,14
12/07/2021,CWF,LA,ASW,CE,Federal Contract Tower,0,0,18,2,20,0,0,0,0,0,0,0,18,2,20,0,0,0,20
12/08/2021,CWF,LA,ASW,CE,Federal Contract Tower,0,4,6,6,16,0,2,1,2,5,0,6,7,8,21,14,0,14,35
12/09/2021,CWF,LA,ASW,CE,Federal Contract Tower,1,1,13,7,22,0,0,0,0,0,1,1,13,7,22,0,6,6,28
12/10/2021,CWF,LA,ASW,CE,Federal Contract Tower,0,0,11,5,16,0,0,2,0,2,0,0,13,5,18,0,0,0,18
12/11/2021,CWF,LA,ASW,CE,Federal Contract Tower,0,0,5,2,7,0,0,0,8,8,0,0,5,10,15,0,34,34,49
12/12/2021,CWF,LA,ASW,CE,Federal Contract Tower,0,0,8,1,9,0,2,9,1,12,0,2,17,2,21,0,0,0,21
12/13/2021,CWF,LA,ASW,CE,Federal Contract Tower,2,2,7,15,26,0,5,10,0,15,2,7,17,15,41,10,20,30,71
12/14/2021,CWF,LA,ASW,CE,Federal Contract Tower,0,0,10,25,35,0,2,3,2,7,0,2,13,27,42,0,6,6,48
12/15/2021,CWF,LA,ASW,CE,Federal Contract Tower,0,0,20,7,27,0,0,6,3,9,0,0,26,10,36,0,12,12,48
12/16/2021,CWF,LA,ASW,CE,Federal Contract Tower,0,2,2,8,12,0,0,5,2,7,0,2,7,10,19,6,0,6,25
12/17/2021,CWF,LA,ASW,CE,Federal Contract Tower,0,0,11,14,25,0,0,3,0,3,0,0,14,14,28,0,0,0,28
12/18/2021,CWF,LA,ASW,CE,Federal Contract Tower,0,0,2,0,2,0,0,0,0,0,0,0,2,0,2,0,0,0,2
12/19/2021,CWF,LA,ASW,CE,Federal Contract Tower,0,0,4,3,7,0,0,2,1,3,0,0,6,4,10,0,0,0,10
12/20/2021,CWF,LA,ASW,CE,Federal Contract Tower,0,0,2,2,4,0,0,8,2,10,0,0,10,4,14,0,0,0,14
12/21/2021,CWF,LA,ASW,CE,Federal Contract Tower,0,0,4,19,23,0,0,11,4,15,0,0,15,23,38,6,30,36,74
12/22/2021,CWF,LA,ASW,CE,Federal Contract Tower,0,0,8,6,14,0,0,14,0,14,0,0,22,6,28,0,0,0,28
12/23/2021,CWF,LA,ASW,CE,Federal Contract Tower,0,0,12,0,12,0,0,7,0,7,0,0,19,0,19,0,6,6,25
12/24/2021,CWF,LA,ASW,CE,Federal Contract Tower,0,0,3,0,3,0,0,6,0,6,0,0,9,0,9,0,0,0,9
12/25/2021,CWF,LA,ASW,CE,Federal Contract Tower,0,0,0,0,0,0,2,2,0,4,0,2,2,0,4,0,0,0,4
12/26/2021,CWF,LA,ASW,CE,Federal Contract Tower,0,0,5,0,5,0,0,7,0,7,0,0,12,0,12,0,0,0,12
12/27/2021,CWF,LA,ASW,CE,Federal Contract Tower,0,0,11,5,16,0,7,5,2,14,0,7,16,7,30,0,0,0,30
12/28/2021,CWF,LA,ASW,CE,Federal Contract Tower,0,2,8,11,21,0,3,9,6,18,0,5,17,17,39,0,4,4,43
12/29/2021,CWF,LA,ASW,CE,Federal Contract Tower,0,0,6,15,21,0,0,0,0,0,0,0,6,15,21,0,0,0,21
12/30/2021,CWF,LA,ASW,CE,Federal Contract Tower,0,0,7,0,7,0,0,1,0,1,0,0,8,0,8,0,0,0,8
12/31/2021,CWF,LA,ASW,CE,Federal Contract Tower,0,0,5,0,5,0,0,0,2,2,0,0,5,2,7,0,0,0,7
01/01/2022,CWF,LA,ASW,CE,Federal Contract Tower,0,0,3,0,3,0,0,1,0,1,0,0,4,0,4,0,0,0,4
01/02/2022,CWF,LA,ASW,CE,Federal Contract Tower,0,0,2,0,2,0,0,3,0,3,0,0,5,0,5,0,0,0,5
01/03/2022,CWF,LA,ASW,CE,Federal Contract Tower,2,0,16,2,20,0,2,24,4,30,2,2,40,6,50,0,0,0,50
01/04/2022,CWF,LA,ASW,CE,Federal Contract Tower,0,0,13,9,22,0,4,17,5,26,0,4,30,14,48,0,26,26,74
01/05/2022,CWF,LA,ASW,CE,Federal Contract Tower,2,0,6,10,18,0,0,9,4,13,2,0,15,14,31,10,12,22,53
01/06/2022,CWF,LA,ASW,CE,Federal Contract Tower,2,0,20,50,72,0,0,13,2,15,2,0,33,52,87,0,50,50,137
01/07/2022,CWF,LA,ASW,CE,Federal Contract Tower,0,0,28,17,45,0,0,31,10,41,0,0,59,27,86,30,10,40,126
01/08/2022,CWF,LA,ASW,CE,Federal Contract Tower,0,0,2,0,2,0,0,2,0,2,0,0,4,0,4,0,0,0,4
01/09/2022,CWF,LA,ASW,CE,Federal Contract Tower,0,0,6,2,8,0,0,2,2,4,0,0,8,4,12,0,0,0,12
01/10/2022,CWF,LA,ASW,CE,Federal Contract Tower,0,0,17,4,21,0,0,10,0,10,0,0,27,4,31,0,20,20,51
01/11/2022,CWF,LA,ASW,CE,Federal Contract Tower,0,0,7,11,18,1,1,14,4,20,1,1,21,15,38,0,8,8,46
01/12/2022,CWF,LA,ASW,CE,Federal Contract Tower,0,3,32,15,50,0,0,26,2,28,0,3,58,17,78,0,0,0,78
01/13/2022,CWF,LA,ASW,CE,Federal Contract Tower,0,7,15,19,41,0,5,30,3,38,0,12,45,22,79,8,10,18,97
01/14/2022,CWF,LA,ASW,CE,Federal Contract Tower,0,1,34,17,52,0,4,15,2,21,0,5,49,19,73,20,40,60,133
01/15/2022,CWF,LA,ASW,CE,Federal Contract Tower,0,2,0,0,2,0,2,7,0,9,0,4,7,0,11,20,0,20,31
01/16/2022,CWF,LA,ASW,CE,Federal Contract Tower,0,0,3,2,5,0,0,9,0,9,0,0,12,2,14,0,2,2,16
01/17/2022,CWF,LA,ASW,CE,Federal Contract Tower,1,2,16,8,27,0,8,20,4,32,1,10,36,12,59,20,10,30,89
01/18/2022,CWF,LA,ASW,CE,Federal Contract Tower,2,1,2,14,19,0,4,17,7,28,2,5,19,21,47,0,44,44,91
01/19/2022,CWF,LA,ASW,CE,Federal Contract Tower,0,0,22,11,33,0,0,6,0,6,0,0,28,11,39,0,20,20,59
01/20/2022,CWF,LA,ASW,CE,Federal Contract Tower,0,5,8,8,21,0,0,0,0,0,0,5,8,8,21,0,0,0,21
01/21/2022,CWF,LA,ASW,CE,Federal Contract Tower,0,0,3,6,9,0,0,9,0,9,0,0,12,6,18,6,0,6,24
01/22/2022,CWF,LA,ASW,CE,Federal Contract Tower,0,0,7,29,36,0,0,23,4,27,0,0,30,33,63,0,30,30,93
01/23/2022,CWF,LA,ASW,CE,Federal Contract Tower,0,0,4,2,6,0,0,11,2,13,0,0,15,4,19,0,0,0,19
01/24/2022,CWF,LA,ASW,CE,Federal Contract Tower,0,0,1,2,3,0,0,0,0,0,0,0,1,2,3,0,0,0,3
01/25/2022,CWF,LA,ASW,CE,Federal Contract Tower,6,0,14,16,36,0,0,3,0,3,6,0,17,16,39,0,0,0,39
01/26/2022,CWF,LA,ASW,CE,Federal Contract Tower,0,1,15,16,32,0,3,10,5,18,0,4,25,21,50,0,34,34,84
01/27/2022,CWF,LA,ASW,CE,Federal Contract Tower,0,4,16,25,45,0,6,9,3,18,0,10,25,28,63,50,44,94,157
01/28/2022,CWF,LA,ASW,CE,Federal Contract Tower,0,0,24,39,63,0,3,20,2,25,0,3,44,41,88,12,20,32,120
01/29/2022,CWF,LA,ASW,CE,Federal Contract Tower,0,1,2,10,13,0,0,9,1,10,0,1,11,11,23,0,20,20,43
01/30/2022,CWF,LA,ASW,CE,Federal Contract Tower,0,1,7,4,12,2,0,11,2,15,2,1,18,6,27,0,30,30,57
01/31/2022,CWF,LA,ASW,CE,Federal Contract Tower,0,4,6,11,21,0,0,8,4,12,0,4,14,15,33,60,10,70,103
02/01/2022,CWF,LA,ASW,CE,Federal Contract Tower,2,0,8,2,12,0,0,0,0,0,2,0,8,2,12,0,0,0,12
02/02/2022,CWF,LA,ASW,CE,Federal Contract Tower,0,0,9,14,23,0,0,2,2,4,0,0,11,16,27,22,0,22,49
02/03/2022,CWF,LA,ASW,CE,Federal Contract Tower,0,1,2,0,3,0,0,0,0,0,0,1,2,0,3,0,0,0,3
02/04/2022,CWF,LA,ASW,CE,Federal Contract Tower,0,0,15,12,27,0,0,5,9,14,0,0,20,21,41,0,40,40,81
02/05/2022,CWF,LA,ASW,CE,Federal Contract Tower,2,0,19,15,36,0,7,18,6,31,2,7,37,21,67,10,20,30,97
02/06/2022,CWF,LA,ASW,CE,Federal Contract Tower,2,1,22,2,27,0,1,20,3,24,2,2,42,5,51,16,20,36,87
02/07/2022,CWF,LA,ASW,CE,Federal Contract Tower,0,0,12,18,30,0,1,24,6,31,0,1,36,24,61,0,32,32,93
02/08/2022,CWF,LA,ASW,CE,Federal Contract Tower,0,1,6,14,21,0,0,21,4,25,0,1,27,18,46,0,50,50,96
02/09/2022,CWF,LA,ASW,CE,Federal Contract Tower,0,1,10,21,32,0,0,12,9,21,0,1,22,30,53,6,12,18,71
02/10/2022,CWF,LA,ASW,CE,Federal Contract Tower,0,2,26,13,41,2,4,20,2,28,2,6,46,15,69,0,20,20,89
02/11/2022,CWF,LA,ASW,CE,Federal Contract Tower,0,0,4,14,18,0,0,12,1,13,0,0,16,15,31,70,0,70,101
02/12/2022,CWF,LA,ASW,CE,Federal Contract Tower,0,6,12,1,19,0,0,7,0,7,0,6,19,1,26,0,0,0,26
02/13/2022,CWF,LA,ASW,CE,Federal Contract Tower,0,0,21,20,41,0,0,17,0,17,0,0,38,20,58,0,20,20,78
02/14/2022,CWF,LA,ASW,CE,Federal Contract Tower,0,0,34,31,65,0,0,7,3,10,0,0,41,34,75,38,70,108,183
02/15/2022,CWF,LA,ASW,CE,Federal Contract Tower,5,0,22,17,44,0,4,22,6,32,5,4,44,23,76,20,10,30,106
02/16/2022,CWF,LA,ASW,CE,Federal Contract Tower,1,0,11,7,19,0,0,2,2,4,1,0,13,9,23,0,0,0,23
02/17/2022,CWF,LA,ASW,CE,Federal Contract Tower,0,0,1,0,1,0,0,1,0,1,0,0,2,0,2,0,0,0,2
02/18/2022,CWF,LA,ASW,CE,Federal Contract Tower,0,0,30,13,43,0,3,13,0,16,0,3,43,13,59,0,40,40,99
02/19/2022,CWF,LA,ASW,CE,Federal Contract Tower,0,0,2,10,12,0,0,20,0,20,0,0,22,10,32,0,48,48,80
02/20/2022,CWF,LA,ASW,CE,Federal Contract Tower,0,0,10,1,11,0,0,12,1,13,0,0,22,2,24,10,0,10,34
02/21/2022,CWF,LA,ASW,CE,Federal Contract Tower,0,2,4,16,22,0,0,0,0,0,0,2,4,16,22,0,0,0,22
02/22/2022,CWF,LA,ASW,CE,Federal Contract Tower,0,4,7,9,20,0,2,0,3,5,0,6,7,12,25,0,0,0,25
02/23/2022,CWF,LA,ASW,CE,Federal Contract Tower,0,0,1,3,4,0,0,0,0,0,0,0,1,3,4,0,0,0,4
02/24/2022,CWF,LA,ASW,CE,Federal Contract Tower,0,0,8,2,10,0,0,0,0,0,0,0,8,2,10,0,0,0,10
02/25/2022,CWF,LA,ASW,CE,Federal Contract Tower,0,0,6,13,19,0,0,0,0,0,0,0,6,13,19,0,0,0,19
02/26/2022,CWF,LA,ASW,CE,Federal Contract Tower,0,0,3,1,4,0,1,0,0,1,0,1,3,1,5,0,0,0,5
02/27/2022,CWF,LA,ASW,CE,Federal Contract Tower,4,0,5,2,11,0,1,2,0,3,4,1,7,2,14,0,0,0,14
02/28/2022,CWF,LA,ASW,CE,Federal Contract Tower,0,2,17,14,33,0,3,18,0,21,0,5,35,14,54,10,20,30,84
03/01/2022,CWF,LA,ASW,CE,Federal Contract Tower,1,0,11,22,34,0,0,30,6,36,1,0,41,28,70,26,64,90,160
03/02/2022,CWF,LA,ASW,CE,Federal Contract Tower,0,0,6,22,28,0,3,11,5,19,0,3,17,27,47,2,66,68,115
03/03/2022,CWF,LA,ASW,CE,Federal Contract Tower,0,0,17,16,33,0,2,22,9,33,0,2,39,25,66,40,20,60,126
03/04/2022,CWF,LA,ASW,CE,Federal Contract Tower,0,0,21,19,40,0,0,21,20,41,0,0,42,39,81,0,50,50,131
03/05/2022,CWF,LA,ASW,CE,Federal Contract Tower,0,0,10,14,24,0,0,18,3,21,0,0,28,17,45,10,30,40,85
03/06/2022,CWF,LA,ASW,CE,Federal Contract Tower,0,0,5,2,7,0,0,8,8,16,0,0,13,10,23,20,10,30,53
03/07/2022,CWF,LA,ASW,CE,Federal Contract Tower,0,6,28,13,47,0,3,21,5,29,0,9,49,18,76,0,24,24,100
03/08/2022,CWF,LA,ASW,CE,Federal Contract Tower,0,0,12,11,23,0,0,0,0,0,0,0,12,11,23,0,0,0,23
03/09/2022,CWF,LA,ASW,CE,Federal Contract Tower,0,0,9,12,21,0,2,3,3,8,0,2,12,15,29,10,16,26,55
03/10/2022,CWF,LA,ASW,CE,Federal Contract Tower,3,0,8,9,20,0,0,11,9,20,3,0,19,18,40,10,30,40,80
03/11/2022,CWF,LA,ASW,CE,Federal Contract Tower,1,0,3,18,22,0,4,2,0,6,1,4,5,18,28,0,0,0,28
03/12/2022,CWF,LA,ASW,CE,Federal Contract Tower,1,0,2,2,5,0,0,3,2,5,1,0,5,4,10,0,0,0,10
03/13/2022,CWF,LA,ASW,CE,Federal Contract Tower,0,0,3,10,13,0,0,6,0,6,0,0,9,10,19,0,12,12,31
03/14/2022,CWF,LA,ASW,CE,Federal Contract Tower,2,0,2,7,11,0,0,0,0,0,2,0,2,7,11,0,0,0,11
03/15/2022,CWF,LA,ASW,CE,Federal Contract Tower,0,2,4,7,13,0,2,10,3,15,0,4,14,10,28,0,46,46,74
03/16/2022,CWF,LA,ASW,CE,Federal Contract Tower,0,0,19,8,27,0,2,19,1,22,0,2,38,9,49,0,30,30,79
03/17/2022,CWF,LA,ASW,CE,Federal Contract Tower,0,0,11,6,17,0,0,1,2,3,0,0,12,8,20,0,0,0,20
03/18/2022,CWF,LA,ASW,CE,Federal Contract Tower,0,0,5,12,17,0,4,4,2,10,0,4,9,14,27,6,6,12,39
03/19/2022,CWF,LA,ASW,CE,Federal Contract Tower,0,2,3,2,7,0,0,11,0,11,0,2,14,2,18,4,0,4,22
03/20/2022,CWF,LA,ASW,CE,Federal Contract Tower,0,0,2,16,18,0,4,15,1,20,0,4,17,17,38,12,0,12,50
03/21/2022,CWF,LA,ASW,CE,Federal Contract Tower,1,0,2,4,7,0,0,2,2,4,1,0,4,6,11,0,20,20,31
03/22/2022,CWF,LA,ASW,CE,Federal Contract Tower,0,1,0,0,1,1,0,0,0,1,1,1,0,0,2,4,0,4,6
03/23/2022,CWF,LA,ASW,CE,Federal Contract Tower,2,5,4,23,34,0,0,3,5,8,2,5,7,28,42,0,14,14,56
03/24/2022,CWF,LA,ASW,CE,Federal Contract Tower,0,0,15,25,40,0,7,3,4,14,0,7,18,29,54,0,40,40,94
03/25/2022,CWF,LA,ASW,CE,Federal Contract Tower,1,0,3,21,25,0,0,17,0,17,1,0,20,21,42,10,26,36,78
03/26/2022,CWF,LA,ASW,CE,Federal Contract Tower,1,0,3,17,21,0,0,14,7,21,1,0,17,24,42,4,46,50,92
03/27/2022,CWF,LA,ASW,CE,Federal Contract Tower,1,0,1,8,10,0,0,7,1,8,1,0,8,9,18,0,2,2,20
03/28/2022,CWF,LA,ASW,CE,Federal Contract Tower,0,1,2,14,17,0,0,2,2,4,0,1,4,16,21,0,0,0,21
03/29/2022,CWF,LA,ASW,CE,Federal Contract Tower,0,0,8,23,31,0,1,2,3,6,0,1,10,26,37,0,0,0,37
03/30/2022,CWF,LA,ASW,CE,Federal Contract Tower,0,0,1,0,1,0,0,0,0,0,0,0,1,0,1,0,0,0,1
03/31/2022,CWF,LA,ASW,CE,Federal Contract Tower,0,0,13,18,31,0,0,12,9,21,0,0,25,27,52,6,0,6,58
04/01/2022,CWF,LA,ASW,CE,Federal Contract Tower,0,0,18,39,57,0,0,14,18,32,0,0,32,57,89,10,42,52,141
04/02/2022,CWF,LA,ASW,CE,Federal Contract Tower,2,0,1,8,11,0,1,7,4,12,2,1,8,12,23,6,34,40,63
04/03/2022,CWF,LA,ASW,CE,Federal Contract Tower,0,0,3,7,10,0,0,11,5,16,0,0,14,12,26,10,16,26,52
04/04/2022,CWF,LA,ASW,CE,Federal Contract Tower,0,2,7,8,17,0,0,5,0,5,0,2,12,8,22,6,0,6,28
04/05/2022,CWF,LA,ASW,CE,Federal Contract Tower,0,6,3,0,9,0,0,1,2,3,0,6,4,2,12,0,0,0,12
04/06/2022,CWF,LA,ASW,CE,Federal Contract Tower,1,0,1,10,12,0,2,2,0,4,1,2,3,10,16,18,8,26,42
04/07/2022,CWF,LA,ASW,CE,Federal Contract Tower,0,1,12,13,26,0,2,22,5,29,0,3,34,18,55,8,0,8,63
04/08/2022,CWF,LA,ASW,CE,Federal Contract Tower,0,0,2,27,29,0,3,5,5,13,0,3,7,32,42,0,0,0,42
04/09/2022,CWF,LA,ASW,CE,Federal Contract Tower,0,0,5,12,17,0,0,16,0,16,0,0,21,12,33,0,0,0,33
04/10/2022,CWF,LA,ASW,CE,Federal Contract Tower,0,0,6,5,11,0,0,7,2,9,0,0,13,7,20,0,22,22,42
04/11/2022,CWF,LA,ASW,CE,Federal Contract Tower,3,2,7,6,18,0,0,5,0,5,3,2,12,6,23,8,6,14,37
04/12/2022,CWF,LA,ASW,CE,Federal Contract Tower,0,0,8,2,10,0,0,0,0,0,0,0,8,2,10,0,0,0,10
04/13/2022,CWF,LA,ASW,CE,Federal Contract Tower,0,1,9,0,10,0,0,0,0,0,0,1,9,0,10,0,0,0,10
04/14/2022,CWF,LA,ASW,CE,Federal Contract Tower,0,6,10,8,24,0,0,11,3,14,0,6,21,11,38,4,0,4,42
04/15/2022,CWF,LA,ASW,CE,Federal Contract Tower,0,0,6,2,8,0,2,1,0,3,0,2,7,2,11,0,0,0,11
04/16/2022,CWF,LA,ASW,CE,Federal Contract Tower,0,0,9,5,14,0,0,1,0,1,0,0,10,5,15,0,0,0,15
04/17/2022,CWF,LA,ASW,CE,Federal Contract Tower,0,0,0,2,2,0,0,0,0,0,0,0,0,2,2,0,0,0,2
04/18/2022,CWF,LA,ASW,CE,Federal Contract Tower,2,4,8,6,20,0,2,13,2,17,2,6,21,8,37,4,8,12,49
04/19/2022,CWF,LA,ASW,CE,Federal Contract Tower,0,4,32,8,44,0,3,13,3,19,0,7,45,11,63,6,38,44,107
04/20/2022,CWF,LA,ASW,CE,Federal Contract Tower,1,2,11,20,34,0,2,4,4,10,1,4,15,24,44,0,30,30,74
04/21/2022,CWF,LA,ASW,CE,Federal Contract Tower,0,0,20,19,39,0,0,15,11,26,0,0,35,30,65,10,0,10,75
04/22/2022,CWF,LA,ASW,CE,Federal Contract Tower,0,0,37,33,70,0,4,20,0,24,0,4,57,33,94,18,40,58,152
04/23/2022,CWF,LA,ASW,CE,Federal Contract Tower,0,0,15,10,25,0,0,10,2,12,0,0,25,12,37,40,0,40,77
04/24/2022,CWF,LA,ASW,CE,Federal Contract Tower,2,0,11,6,19,0,0,11,0,11,2,0,22,6,30,0,0,0,30
04/25/2022,CWF,LA,ASW,CE,Federal Contract Tower,0,0,11,2,13,0,0,19,0,19,0,0,30,2,32,0,0,0,32
04/26/2022,CWF,LA,ASW,CE,Federal Contract Tower,0,4,4,13,21,0,0,8,1,9,0,4,12,14,30,0,28,28,58
04/27/2022,CWF,LA,ASW,CE,Federal Contract Tower,0,2,19,10,31,0,0,31,14,45,0,2,50,24,76,0,0,0,76
04/28/2022,CWF,LA,ASW,CE,Federal Contract Tower,4,0,21,57,82,0,3,22,12,37,4,3,43,69,119,0,30,30,149
04/29/2022,CWF,LA,ASW,CE,Federal Contract Tower,0,0,2,14,16,0,2,14,13,29,0,2,16,27,45,0,42,42,87
04/30/2022,CWF,LA,ASW,CE,Federal Contract Tower,0,0,1,4,5,0,0,3,0,3,0,0,4,4,8,0,20,20,28
05/01/2022,CWF,LA,ASW,CE,Federal Contract Tower,0,0,1,6,7,0,0,4,8,12,0,0,5,14,19,0,0,0,19
05/02/2022,CWF,LA,ASW,CE,Federal Contract Tower,2,6,1,25,34,0,2,9,7,18,2,8,10,32,52,0,40,40,92
05/03/2022,CWF,LA,ASW,CE,Federal Contract Tower,0,0,6,9,15,0,9,17,2,28,0,9,23,11,43,0,30,30,73
05/04/2022,CWF,LA,ASW,CE,Federal Contract Tower,0,0,22,16,38,0,0,21,7,28,0,0,43,23,66,14,10,24,90
05/05/2022,CWF,LA,ASW,CE,Federal Contract Tower,2,0,10,5,17,0,0,5,4,9,2,0,15,9,26,0,4,4,30
05/06/2022,CWF,LA,ASW,CE,Federal Contract Tower,1,0,9,7,17,0,0,15,5,20,1,0,24,12,37,4,0,4,41
05/07/2022,CWF,LA,ASW,CE,Federal Contract Tower,0,0,9,2,11,0,0,1,0,1,0,0,10,2,12,0,0,0,12
05/08/2022,CWF,LA,ASW,CE,Federal Contract Tower,0,0,9,3,12,0,0,5,1,6,0,0,14,4,18,0,0,0,18
05/09/2022,CWF,LA,ASW,CE,Federal Contract Tower,4,2,3,23,32,0,0,24,0,24,4,2,27,23,56,4,14,18,74
05/10/2022,CWF,LA,ASW,CE,Federal Contract Tower,0,6,17,18,41,0,4,21,2,27,0,10,38,20,68,2,24,26,94
05/11/2022,CWF,LA,ASW,CE,Federal Contract Tower,0,0,17,22,39,0,3,12,3,18,0,3,29,25,57,0,24,24,81
05/12/2022,CWF,LA,ASW,CE,Federal Contract Tower,2,0,10,5,17,0,1,11,0,12,2,1,21,5,29,0,8,8,37
05/13/2022,CWF,LA,ASW,CE,Federal Contract Tower,0,0,4,20,24,0,0,9,16,25,0,0,13,36,49,0,14,14,63
05/14/2022,CWF,LA,ASW,CE,Federal Contract Tower,0,0,1,2,3,0,0,7,2,9,0,0,8,4,12,0,0,0,12
05/15/2022,CWF,LA,ASW,CE,Federal Contract Tower,0,0,2,0,2,0,0,2,0,2,0,0,4,0,4,0,0,0,4
05/16/2022,CWF,LA,ASW,CE,Federal Contract Tower,0,0,9,32,41,0,0,20,9,29,0,0,29,41,70,0,32,32,102
05/17/2022,CWF,LA,ASW,CE,Federal Contract Tower,0,0,8,10,18,0,4,17,3,24,0,4,25,13,42,0,26,26,68
05/18/2022,CWF,LA,ASW,CE,Federal Contract Tower,0,0,4,14,18,0,0,8,2,10,0,0,12,16,28,10,8,18,46
05/19/2022,CWF,LA,ASW,CE,Federal Contract Tower,2,2,13,23,40,0,0,8,0,8,2,2,21,23,48,0,22,22,70
05/20/2022,CWF,LA,ASW,CE,Federal Contract Tower,0,0,13,12,25,0,0,6,0,6,0,0,19,12,31,0,22,22,53
05/21/2022,CWF,LA,ASW,CE,Federal Contract Tower,0,0,3,2,5,0,0,4,0,4,0,0,7,2,9,0,6,6,15
05/22/2022,CWF,LA,ASW,CE,Federal Contract Tower,0,0,2,2,4,0,0,2,2,4,0,0,4,4,8,0,0,0,8
05/23/2022,CWF,LA,ASW,CE,Federal Contract Tower,0,9,7,13,29,0,0,2,5,7,0,9,9,18,36,2,10,12,48
05/24/2022,CWF,LA,ASW,CE,Federal Contract Tower,0,1,7,0,8,0,0,0,0,0,0,1,7,0,8,0,0,0,8
05/25/2022,CWF,LA,ASW,CE,Federal Contract Tower,0,0,6,0,6,0,0,6,0,6,0,0,12,0,12,16,0,16,28
05/26/2022,CWF,LA,ASW,CE,Federal Contract Tower,0,0,8,15,23,0,4,11,0,15,0,4,19,15,38,10,0,10,48
05/27/2022,CWF,LA,ASW,CE,Federal Contract Tower,0,0,10,15,25,0,0,25,0,25,0,0,35,15,50,2,0,2,52
05/28/2022,CWF,LA,ASW,CE,Federal Contract Tower,0,0,0,0,0,0,0,14,0,14,0,0,14,0,14,14,0,14,28
05/29/2022,CWF,LA,ASW,CE,Federal Contract Tower,0,0,3,0,3,0,0,13,4,17,0,0,16,4,20,0,0,0,20
05/30/2022,CWF,LA,ASW,CE,Federal Contract Tower,0,0,7,4,11,0,0,15,0,15,0,0,22,4,26,0,0,0,26
05/31/2022,CWF,LA,ASW,CE,Federal Contract Tower,2,1,19,26,48,0,1,25,3,29,2,2,44,29,77,26,40,66,143
06/01/2022,CWF,LA,ASW,CE,Federal Contract Tower,0,1,5,9,15,0,3,18,3,24,0,4,23,12,39,2,16,18,57
06/02/2022,CWF,LA,ASW,CE,Federal Contract Tower,2,6,1,25,34,0,2,9,7,18,2,8,10,32,52,0,40,40,92
06/03/2022,CWF,LA,ASW,CE,Federal Contract Tower,1,0,27,28,56,0,6,16,10,32,1,6,43,38,88,10,10,20,108
06/04/2022,CWF,LA,ASW,CE,Federal Contract Tower,0,0,8,1,9,0,0,16,1,17,0,0,24,2,26,10,10,20,46
06/05/2022,CWF,LA,ASW,CE,Federal Contract Tower,0,0,1,1,2,0,0,11,2,13,0,0,12,3,15,14,0,14,29
06/06/2022,CWF,LA,ASW,CE,Federal Contract Tower,0,4,5,2,11,0,2,10,4,16,0,6,15,6,27,0,0,0,27
06/07/2022,CWF,LA,ASW,CE,Federal Contract Tower,1,1,3,20,25,0,0,16,11,27,1,1,19,31,52,4,10,14,66
06/08/2022,CWF,LA,ASW,CE,Federal Contract Tower,0,0,7,12,19,0,0,16,0,16,0,0,23,12,35,10,0,10,45
06/09/2022,CWF,LA,ASW,CE,Federal Contract Tower,2,0,6,16,24,0,0,7,3,10,2,0,13,19,34,10,8,18,52
06/10/2022,CWF,LA,ASW,CE,Federal Contract Tower,1,0,7,13,21,0,0,11,5,16,1,0,18,18,37,12,8,20,57
06/11/2022,CWF,LA,ASW,CE,Federal Contract Tower,2,0,5,11,18,0,0,11,5,16,2,0,16,16,34,0,14,14,48
06/12/2022,CWF,LA,ASW,CE,Federal Contract Tower,0,0,2,2,4,0,0,3,2,5,0,0,5,4,9,0,4,4,13
06/13/2022,CWF,LA,ASW,CE,Federal Contract Tower,0,0,5,2,7,0,0,7,4,11,0,0,12,6,18,0,0,0,18
06/14/2022,CWF,LA,ASW,CE,Federal Contract Tower,1,2,3,18,24,0,8,12,1,21,1,10,15,19,45,0,54,54,99
06/15/2022,CWF,LA,ASW,CE,Federal Contract Tower,0,0,7,4,11,0,0,21,0,21,0,0,28,4,32,4,6,10,42
06/16/2022,CWF,LA,ASW,CE,Federal Contract Tower,0,0,2,12,14,0,0,5,0,5,0,0,7,12,19,4,0,4,23
06/17/2022,CWF,LA,ASW,CE,Federal Contract Tower,0,0,3,10,13,0,0,5,1,6,0,0,8,11,19,14,10,24,43
06/18/2022,CWF,LA,ASW,CE,Federal Contract Tower,2,1,2,15,20,0,0,9,1,10,2,1,11,16,30,6,0,6,36
06/19/2022,CWF,LA,ASW,CE,Federal Contract Tower,0,0,1,2,3,0,0,1,0,1,0,0,2,2,4,10,0,10,14
06/20/2022,CWF,LA,ASW,CE,Federal Contract Tower,0,1,16,19,36,0,0,28,1,29,0,1,44,20,65,0,44,44,109
06/21/2022,CWF,LA,ASW,CE,Federal Contract Tower,0,1,6,25,32,0,2,12,0,14,0,3,18,25,46,0,20,20,66
06/22/2022,CWF,LA,ASW,CE,Federal Contract Tower,2,0,8,8,18,0,2,21,4,27,2,2,29,12,45,2,20,22,67
06/23/2022,CWF,LA,ASW,CE,Federal Contract Tower,0,0,8,21,29,0,0,15,7,22,0,0,23,28,51,2,26,28,79
06/24/2022,CWF,LA,ASW,CE,Federal Contract Tower,0,0,5,47,52,0,0,15,0,15,0,0,20,47,67,10,10,20,87
06/25/2022,CWF,LA,ASW,CE,Federal Contract Tower,0,0,2,12,14,0,2,9,2,13,0,2,11,14,27,0,16,16,43
06/26/2022,CWF,LA,ASW,CE,Federal Contract Tower,0,0,10,15,25,0,0,2,1,3,0,0,12,16,28,0,14,14,42
06/27/2022,CWF,LA,ASW,CE,Federal Contract Tower,0,0,5,14,19,0,0,17,0,17,0,0,22,14,36,2,10,12,48
06/28/2022,CWF,LA,ASW,CE,Federal Contract Tower,0,0,6,17,23,0,8,7,0,15,0,8,13,17,38,6,54,60,98
06/29/2022,CWF,LA,ASW,CE,Federal Contract Tower,0,0,18,14,32,0,8,12,1,21,0,8,30,15,53,20,0,20,73
06/30/2022,CWF,LA,ASW,CE,Federal Contract Tower,0,0,6,2,8,0,0,7,2,9,0,0,13,4,17,0,0,0,17
07/01/2022,CWF,LA,ASW,CE,Federal Contract Tower,0,0,8,0,8,0,0,0,0,0,0,0,8,0,8,0,0,0,8
07/02/2022,CWF,LA,ASW,CE,Federal Contract Tower,0,0,4,0,4,0,0,4,0,4,0,0,8,0,8,8,0,8,16
07/03/2022,CWF,LA,ASW,CE,Federal Contract Tower,0,0,6,3,9,0,0,12,0,12,0,0,18,3,21,0,0,0,21
07/04/2022,CWF,LA,ASW,CE,Federal Contract Tower,0,0,2,0,2,0,0,6,0,6,0,0,8,0,8,0,0,0,8
07/05/2022,CWF,LA,ASW,CE,Federal Contract Tower,0,6,5,17,28,0,0,18,1,19,0,6,23,18,47,0,0,0,47
07/06/2022,CWF,LA,ASW,CE,Federal Contract Tower,0,0,7,0,7,0,0,9,0,9,0,0,16,0,16,24,0,24,40
07/07/2022,CWF,LA,ASW,CE,Federal Contract Tower,4,0,9,10,23,0,0,10,6,16,4,0,19,16,39,0,4,4,43
07/08/2022,CWF,LA,ASW,CE,Federal Contract Tower,0,1,6,21,28,0,0,20,10,30,0,1,26,31,58,20,2,22,80
07/09/2022,CWF,LA,ASW,CE,Federal Contract Tower,0,0,2,4,6,0,1,15,0,16,0,1,17,4,22,12,0,12,34
07/10/2022,CWF,LA,ASW,CE,Federal Contract Tower,1,0,3,0,4,0,2,4,0,6,1,2,7,0,10,0,0,0,10
07/11/2022,CWF,LA,ASW,CE,Federal Contract Tower,0,0,1,4,5,0,3,11,0,14,0,3,12,4,19,8,0,8,27
07/12/2022,CWF,LA,ASW,CE,Federal Contract Tower,0,1,23,16,40,0,3,20,9,32,0,4,43,25,72,0,76,76,148
07/13/2022,CWF,LA,ASW,CE,Federal Contract Tower,0,1,11,14,26,0,1,6,4,11,0,2,17,18,37,20,20,40,77
07/14/2022,CWF,LA,ASW,CE,Federal Contract Tower,0,0,12,0,12,0,0,14,0,14,0,0,26,0,26,0,0,0,26
07/15/2022,CWF,LA,ASW,CE,Federal Contract Tower,3,8,1,26,38,0,1,12,4,17,3,9,13,30,55,10,20,30,85
07/16/2022,CWF,LA,ASW,CE,Federal Contract Tower,0,0,3,8,11,0,0,8,0,8,0,0,11,8,19,0,4,4,23
07/17/2022,CWF,LA,ASW,CE,Federal Contract Tower,0,0,7,2,9,0,2,10,0,12,0,2,17,2,21,0,0,0,21
07/18/2022,CWF,LA,ASW,CE,Federal Contract Tower,0,1,8,10,19,0,5,16,2,23,0,6,24,12,42,0,24,24,66
07/19/2022,CWF,LA,ASW,CE,Federal Contract Tower,0,0,11,21,32,0,4,18,1,23,0,4,29,22,55,10,10,20,75
07/20/2022,CWF,LA,ASW,CE,Federal Contract Tower,0,0,6,39,45,0,0,15,2,17,0,0,21,41,62,0,20,20,82
07/21/2022,CWF,LA,ASW,CE,Federal Contract Tower,1,2,18,23,44,0,1,24,3,28,1,3,42,26,72,0,50,50,122
07/22/2022,CWF,LA,ASW,CE,Federal Contract Tower,0,0,5,0,5,0,0,17,2,19,0,0,22,2,24,0,0,0,24
07/23/2022,CWF,LA,ASW,CE,Federal Contract Tower,0,0,6,2,8,0,1,7,0,8,0,1,13,2,16,0,0,0,16
07/24/2022,CWF,LA,ASW,CE,Federal Contract Tower,0,0,10,46,56,0,0,10,0,10,0,0,20,46,66,0,14,14,80
07/25/2022,CWF,LA,ASW,CE,Federal Contract Tower,2,0,21,34,57,0,5,18,1,24,2,5,39,35,81,18,20,38,119
07/26/2022,CWF,LA,ASW,CE,Federal Contract Tower,0,2,5,10,17,0,6,19,5,30,0,8,24,15,47,10,20,30,77
07/27/2022,CWF,LA,ASW,CE,Federal Contract Tower,0,0,8,2,10,0,0,11,0,11,0,0,19,2,21,22,20,42,63
07/28/2022,CWF,LA,ASW,CE,Federal Contract Tower,0,0,5,25,30,0,2,10,0,12,0,2,15,25,42,18,30,48,90
07/29/2022,CWF,LA,ASW,CE,Federal Contract Tower,0,0,5,1,6,0,0,4,1,5,0,0,9,2,11,0,0,0,11
07/30/2022,CWF,LA,ASW,CE,Federal Contract Tower,0,0,5,0,5,0,2,4,0,6,0,2,9,0,11,0,0,0,11
07/31/2022,CWF,LA,ASW,CE,Federal Contract Tower,0,0,8,4,12,0,0,10,0,10,0,0,18,4,22,12,0,12,34
08/01/2022,CWF,LA,ASW,CE,Federal Contract Tower,0,0,4,9,13,0,4,7,1,12,0,4,11,10,25,20,6,26,51
08/02/2022,CWF,LA,ASW,CE,Federal Contract Tower,0,0,3,0,3,0,4,14,0,18,0,4,17,0,21,6,0,6,27
08/03/2022,CWF,LA,ASW,CE,Federal Contract Tower,0,0,10,11,21,0,0,10,1,11,0,0,20,12,32,0,10,10,42
08/04/2022,CWF,LA,ASW,CE,Federal Contract Tower,0,3,19,10,32,0,0,6,0,6,0,3,25,10,38,16,0,16,54
08/05/2022,CWF,LA,ASW,CE,Federal Contract Tower,1,0,6,15,22,0,0,7,1,8,1,0,13,16,30,2,0,2,32
08/06/2022,CWF,LA,ASW,CE,Federal Contract Tower,0,0,3,0,3,0,2,1,0,3,0,2,4,0,6,0,0,0,6
08/07/2022,CWF,LA,ASW,CE,Federal Contract Tower,0,3,3,4,10,0,0,4,4,8,0,3,7,8,18,10,0,10,28
08/08/2022,CWF,LA,ASW,CE,Federal Contract Tower,0,4,9,6,19,0,1,8,0,9,0,5,17,6,28,10,0,10,38
08/09/2022,CWF,LA,ASW,CE,Federal Contract Tower,0,2,2,8,12,0,1,7,2,10,0,3,9,10,22,14,0,14,36
08/10/2022,CWF,LA,ASW,CE,Federal Contract Tower,0,0,7,6,13,0,2,10,2,14,0,2,17,8,27,0,8,8,35
08/11/2022,CWF,LA,ASW,CE,Federal Contract Tower,0,0,16,2,18,0,4,5,0,9,0,4,21,2,27,6,0,6,33
08/12/2022,CWF,LA,ASW,CE,Federal Contract Tower,0,0,15,7,22,0,0,13,0,13,0,0,28,7,35,10,0,10,45
08/13/2022,CWF,LA,ASW,CE,Federal Contract Tower,0,0,3,11,14,0,0,0,1,1,0,0,3,12,15,0,8,8,23
08/14/2022,CWF,LA,ASW,CE,Federal Contract Tower,0,0,18,11,29,0,0,17,2,19,0,0,35,13,48,2,20,22,70
08/15/2022,CWF,LA,ASW,CE,Federal Contract Tower,0,0,21,23,44,0,5,44,1,50,0,5,65,24,94,10,10,20,114
08/16/2022,CWF,LA,ASW,CE,Federal Contract Tower,0,0,21,14,35,0,2,40,2,44,0,2,61,16,79,14,0,14,93
08/17/2022,CWF,LA,ASW,CE,Federal Contract Tower,0,0,10,16,26,1,0,12,5,18,1,0,22,21,44,0,40,40,84
08/18/2022,CWF,LA,ASW,CE,Federal Contract Tower,0,0,7,6,13,0,0,11,0,11,0,0,18,6,24,12,10,22,46
08/19/2022,CWF,LA,ASW,CE,Federal Contract Tower,5,0,8,0,13,0,0,9,0,9,5,0,17,0,22,12,0,12,34
08/20/2022,CWF,LA,ASW,CE,Federal Contract Tower,0,0,3,0,3,0,0,6,2,8,0,0,9,2,11,6,2,8,19
08/21/2022,CWF,LA,ASW,CE,Federal Contract Tower,0,0,7,4,11,0,0,13,0,13,0,0,20,4,24,22,0,22,46
08/22/2022,CWF,LA,ASW,CE,Federal Contract Tower,0,0,6,6,12,0,0,12,4,16,0,0,18,10,28,20,0,20,48
08/23/2022,CWF,LA,ASW,CE,Federal Contract Tower,0,4,5,2,11,0,0,8,0,8,0,4,13,2,19,10,0,10,29
08/24/2022,CWF,LA,ASW,CE,Federal Contract Tower,0,0,0,5,5,0,0,9,0,9,0,0,9,5,14,10,0,10,24
08/25/2022,CWF,LA,ASW,CE,Federal Contract Tower,1,0,5,7,13,0,1,10,1,12,1,1,15,8,25,0,0,0,25
08/26/2022,CWF,LA,ASW,CE,Federal Contract Tower,0,0,4,2,6,0,1,10,0,11,0,1,14,2,17,0,0,0,17
08/27/2022,CWF,LA,ASW,CE,Federal Contract Tower,0,0,2,0,2,0,2,8,0,10,0,2,10,0,12,8,0,8,20
08/28/2022,CWF,LA,ASW,CE,Federal Contract Tower,0,0,3,0,3,0,2,6,0,8,0,2,9,0,11,6,0,6,17
08/29/2022,CWF,LA,ASW,CE,Federal Contract Tower,0,0,4,3,7,0,0,15,0,15,0,0,19,3,22,0,0,0,22
08/30/2022,CWF,LA,ASW,CE,Federal Contract Tower,0,0,1,4,5,0,2,24,2,28,0,2,25,6,33,0,0,0,33
08/31/2022,CWF,LA,ASW,CE,Federal Contract Tower,0,0,15,3,18,0,0,16,5,21,0,0,31,8,39,0,14,14,53
09/01/2022,CWF,LA,ASW,CE,Federal Contract Tower,0,0,12,1,13,0,2,9,9,20,0,2,21,10,33,2,0,2,35
09/02/2022,CWF,LA,ASW,CE,Federal Contract Tower,2,0,5,6,13,0,0,12,0,12,2,0,17,6,25,0,0,0,25
09/03/2022,CWF,LA,ASW,CE,Federal Contract Tower,0,0,0,0,0,0,0,3,0,3,0,0,3,0,3,0,0,0,3
09/04/2022,CWF,LA,ASW,CE,Federal Contract Tower,0,0,4,0,4,0,0,1,8,9,0,0,5,8,13,0,0,0,13
09/05/2022,CWF,LA,ASW,CE,Federal Contract Tower,1,0,13,0,14,0,0,25,0,25,1,0,38,0,39,26,0,26,65
09/06/2022,CWF,LA,ASW,CE,Federal Contract Tower,0,2,5,2,9,0,4,17,0,21,0,6,22,2,30,14,0,14,44
09/07/2022,CWF,LA,ASW,CE,Federal Contract Tower,1,0,5,1,7,0,0,20,0,20,1,0,25,1,27,0,8,8,35
09/08/2022,CWF,LA,ASW,CE,Federal Contract Tower,0,0,8,22,30,0,0,15,9,24,0,0,23,31,54,4,0,4,58
09/09/2022,CWF,LA,ASW,CE,Federal Contract Tower,0,6,8,10,24,0,0,15,5,20,0,6,23,15,44,2,8,10,54
09/10/2022,CWF,LA,ASW,CE,Federal Contract Tower,0,0,11,27,38,0,2,16,2,20,0,2,27,29,58,0,20,20,78
09/11/2022,CWF,LA,ASW,CE,Federal Contract Tower,2,0,9,13,24,0,0,22,0,22,2,0,31,13,46,20,10,30,76
09/12/2022,CWF,LA,ASW,CE,Federal Contract Tower,0,6,8,17,31,0,2,23,1,26,0,8,31,18,57,28,4,32,89
09/13/2022,CWF,LA,ASW,CE,Federal Contract Tower,0,0,5,17,22,0,0,19,8,27,0,0,24,25,49,24,2,26,75
09/14/2022,CWF,LA,ASW,CE,Federal Contract Tower,0,4,15,34,53,0,8,18,4,30,0,12,33,38,83,2,36,38,121
09/15/2022,CWF,LA,ASW,CE,Federal Contract Tower,0,0,13,12,25,0,2,16,5,23,0,2,29,17,48,18,2,20,68
09/16/2022,CWF,LA,ASW,CE,Federal Contract Tower,0,0,7,38,45,0,0,15,11,26,0,0,22,49,71,0,0,0,71
09/18/2022,CWF,LA,ASW,CE,Federal Contract Tower,0,0,8,34,42,0,1,10,1,12,0,1,18,35,54,0,8,8,62
09/19/2022,CWF,LA,ASW,CE,Federal Contract Tower,0,0,15,20,35,0,2,12,0,14,0,2,27,20,49,10,24,34,83
09/20/2022,CWF,LA,ASW,CE,Federal Contract Tower,1,0,13,21,35,0,8,15,1,24,1,8,28,22,59,32,6,38,97
09/21/2022,CWF,LA,ASW,CE,Federal Contract Tower,0,2,7,28,37,0,3,10,12,25,0,5,17,40,62,0,48,48,110
09/22/2022,CWF,LA,ASW,CE,Federal Contract Tower,4,2,11,26,43,0,1,30,10,41,4,3,41,36,84,0,16,16,100
09/23/2022,CWF,LA,ASW,CE,Federal Contract Tower,0,0,13,40,53,0,0,6,2,8,0,0,19,42,61,4,8,12,73
09/24/2022,CWF,LA,ASW,CE,Federal Contract Tower,0,0,2,4,6,0,0,4,0,4,0,0,6,4,10,20,0,20,30
09/25/2022,CWF,LA,ASW,CE,Federal Contract Tower,0,0,2,9,11,0,0,8,4,12,0,0,10,13,23,0,6,6,29
09/26/2022,CWF,LA,ASW,CE,Federal Contract Tower,0,4,3,10,17,0,0,14,4,18,0,4,17,14,35,18,0,18,53
09/27/2022,CWF,LA,ASW,CE,Federal Contract Tower,0,4,8,12,24,0,9,20,2,31,0,13,28,14,55,16,16,32,87
09/28/2022,CWF,LA,ASW,CE,Federal Contract Tower,1,2,15,9,27,0,0,10,6,16,1,2,25,15,43,34,0,34,77
09/29/2022,CWF,LA,ASW,CE,Federal Contract Tower,0,2,15,21,38,0,4,12,5,21,0,6,27,26,59,0,52,52,111
09/30/2022,CWF,LA,ASW,CE,Federal Contract Tower,0,0,7,44,51,0,4,20,2,26,0,4,27,46,77,0,48,48,125
10/01/2022,CWF,LA,ASW,CE,Federal Contract Tower,0,0,2,0,2,0,0,13,0,13,0,0,15,0,15,24,0,24,39
10/02/2022,CWF,LA,ASW,CE,Federal Contract Tower,2,0,4,2,8,0,0,6,0,6,2,0,10,2,14,4,6,10,24
10/03/2022,CWF,LA,ASW,CE,Federal Contract Tower,3,2,9,38,52,0,6,16,4,26,3,8,25,42,78,0,34,34,112
10/04/2022,CWF,LA,ASW,CE,Federal Contract Tower,4,8,6,17,35,0,2,18,3,23,4,10,24,20,58,24,24,48,106
10/05/2022,CWF,LA,ASW,CE,Federal Contract Tower,0,0,9,17,26,0,2,11,7,20,0,2,20,24,46,0,20,20,66
10/06/2022,CWF,LA,ASW,CE,Federal Contract Tower,0,0,16,22,38,0,2,26,1,29,0,2,42,23,67,8,44,52,119
10/07/2022,CWF,LA,ASW,CE,Federal Contract Tower,0,0,8,23,31,0,0,16,8,24,0,0,24,31,55,0,6,6,61
10/08/2022,CWF,LA,ASW,CE,Federal Contract Tower,0,0,0,6,6,0,2,6,0,8,0,2,6,6,14,0,0,0,14
10/09/2022,CWF,LA,ASW,CE,Federal Contract Tower,0,2,5,7,14,0,0,11,3,14,0,2,16,10,28,0,46,46,74
10/10/2022,CWF,LA,ASW,CE,Federal Contract Tower,0,5,2,1,8,0,1,13,1,15,0,6,15,2,23,0,0,0,23
10/11/2022,CWF,LA,ASW,CE,Federal Contract Tower,0,5,5,24,34,0,1,18,6,25,0,6,23,30,59,0,30,30,89
10/12/2022,CWF,LA,ASW,CE,Federal Contract Tower,0,5,15,8,28,0,2,9,5,16,0,7,24,13,44,14,10,24,68
10/13/2022,CWF,LA,ASW,CE,Federal Contract Tower,2,0,17,28,47,0,0,18,8,26,2,0,35,36,73,0,40,40,113
10/14/2022,CWF,LA,ASW,CE,Federal Contract Tower,3,5,14,17,39,0,1,23,4,28,3,6,37,21,67,6,84,90,157
10/15/2022,CWF,LA,ASW,CE,Federal Contract Tower,0,2,4,8,14,2,0,12,14,28,2,2,16,22,42,14,42,56,98
10/16/2022,CWF,LA,ASW,CE,Federal Contract Tower,0,3,25,26,54,0,1,8,2,11,0,4,33,28,65,34,46,80,145
10/17/2022,CWF,LA,ASW,CE,Federal Contract Tower,0,4,3,2,9,0,4,6,2,12,0,8,9,4,21,16,0,16,37
10/18/2022,CWF,LA,ASW,CE,Federal Contract Tower,0,2,14,5,21,0,7,6,3,16,0,9,20,8,37,0,20,20,57
10/19/2022,CWF,LA,ASW,CE,Federal Contract Tower,0,2,13,6,21,0,6,10,2,18,0,8,23,8,39,0,0,0,39
10/20/2022,CWF,LA,ASW,CE,Federal Contract Tower,0,4,21,21,46,0,0,17,4,21,0,4,38,25,67,30,26,56,123
10/21/2022,CWF,LA,ASW,CE,Federal Contract Tower,0,1,27,60,88,0,1,12,5,18,0,2,39,65,106,18,52,70,176
10/22/2022,CWF,LA,ASW,CE,Federal Contract Tower,0,0,5,1,6,0,0,31,1,32,0,0,36,2,38,6,0,6,44
10/23/2022,CWF,LA,ASW,CE,Federal Contract Tower,0,1,4,14,19,0,1,11,0,12,0,2,15,14,31,0,26,26,57
10/24/2022,CWF,LA,ASW,CE,Federal Contract Tower,2,2,2,22,28,0,2,5,6,13,2,4,7,28,41,0,0,0,41
10/25/2022,CWF,LA,ASW,CE,Federal Contract Tower,2,0,7,19,28,0,5,12,5,22,2,5,19,24,50,40,24,64,114
10/26/2022,CWF,LA,ASW,CE,Federal Contract Tower,1,6,13,24,44,0,4,22,3,29,1,10,35,27,73,10,82,92,165
10/27/2022,CWF,LA,ASW,CE,Federal Contract Tower,0,0,12,24,36,0,0,29,3,32,0,0,41,27,68,10,54,64,132
10/28/2022,CWF,LA,ASW,CE,Federal Contract Tower,0,0,4,0,4,0,0,2,0,2,0,0,6,0,6,12,0,12,18
10/29/2022,CWF,LA,ASW,CE,Federal Contract Tower,0,0,3,2,5,0,0,2,0,2,0,0,5,2,7,0,0,0,7
10/30/2022,CWF,LA,ASW,CE,Federal Contract Tower,0,0,20,11,31,0,0,15,0,15,0,0,35,11,46,0,40,40,86
10/31/2022,CWF,LA,ASW,CE,Federal Contract Tower,0,0,7,13,20,0,2,16,7,25,0,2,23,20,45,10,0,10,55
11/01/2022,CWF,LA,ASW,CE,Federal Contract Tower,0,2,15,5,22,0,2,5,0,7,0,4,20,5,29,14,0,14,43
11/02/2022,CWF,LA,ASW,CE,Federal Contract Tower,1,0,9,28,38,0,10,3,2,15,1,10,12,30,53,0,12,12,65
11/03/2022,CWF,LA,ASW,CE,Federal Contract Tower,0,0,11,28,39,0,4,20,4,28,0,4,31,32,67,0,60,60,127
11/04/2022,CWF,LA,ASW,CE,Federal Contract Tower,4,4,2,16,26,0,0,0,1,1,4,4,2,17,27,0,6,6,33
11/05/2022,CWF,LA,ASW,CE,Federal Contract Tower,0,1,10,0,11,0,0,8,3,11,0,1,18,3,22,8,0,8,30
11/06/2022,CWF,LA,ASW,CE,Federal Contract Tower,0,0,16,33,49,0,0,11,5,16,0,0,27,38,65,0,50,50,115
11/07/2022,CWF,LA,ASW,CE,Federal Contract Tower,0,6,22,22,50,0,8,11,0,19,0,14,33,22,69,0,32,32,101
11/08/2022,CWF,LA,ASW,CE,Federal Contract Tower,0,2,31,37,70,0,2,12,2,16,0,4,43,39,86,30,10,40,126
11/09/2022,CWF,LA,ASW,CE,Federal Contract Tower,0,6,37,35,78,0,4,10,12,26,0,10,47,47,104,24,62,86,190
11/10/2022,CWF,LA,ASW,CE,Federal Contract Tower,0,8,14,13,35,0,4,24,9,37,0,12,38,22,72,30,2,32,104
11/11/2022,CWF,LA,ASW,CE,Federal Contract Tower,0,2,10,10,22,0,1,7,0,8,0,3,17,10,30,4,6,10,40
11/12/2022,CWF,LA,ASW,CE,Federal Contract Tower,2,2,17,0,21,0,2,7,0,9,2,4,24,0,30,0,0,0,30
11/13/2022,CWF,LA,ASW,CE,Federal Contract Tower,0,0,12,2,14,0,0,9,1,10,0,0,21,3,24,0,0,0,24
11/14/2022,CWF,LA,ASW,CE,Federal Contract Tower,0,3,6,2,11,0,0,4,0,4,0,3,10,2,15,0,0,0,15
11/15/2022,CWF,LA,ASW,CE,Federal Contract Tower,2,8,10,28,48,0,0,1,2,3,2,8,11,30,51,0,28,28,79
11/16/2022,CWF,LA,ASW,CE,Federal Contract Tower,2,1,17,3,23,0,4,10,5,19,2,5,27,8,42,10,24,34,76
11/17/2022,CWF,LA,ASW,CE,Federal Contract Tower,0,2,36,16,54,0,14,21,4,39,0,16,57,20,93,30,10,40,133
11/18/2022,CWF,LA,ASW,CE,Federal Contract Tower,0,2,11,21,34,0,5,11,3,19,0,7,22,24,53,0,34,34,87
11/19/2022,CWF,LA,ASW,CE,Federal Contract Tower,0,2,0,0,2,0,0,0,0,0,0,2,0,0,2,0,0,0,2
11/20/2022,CWF,LA,ASW,CE,Federal Contract Tower,0,3,5,3,11,0,1,18,5,24,0,4,23,8,35,0,6,6,41
11/21/2022,CWF,LA,ASW,CE,Federal Contract Tower,0,2,4,3,9,0,3,4,3,10,0,5,8,6,19,18,0,18,37
11/22/2022,CWF,LA,ASW,CE,Federal Contract Tower,0,2,11,8,21,0,5,16,1,22,0,7,27,9,43,10,0,10,53
11/23/2022,CWF,LA,ASW,CE,Federal Contract Tower,0,0,18,21,39,0,1,9,2,12,0,1,27,23,51,0,10,10,61
11/24/2022,CWF,LA,ASW,CE,Federal Contract Tower,0,0,0,0,0,0,0,0,0,0,0,0,0,0,0,0,0,0,0
11/25/2022,CWF,LA,ASW,CE,Federal Contract Tower,0,0,4,0,4,0,0,0,0,0,0,0,4,0,4,0,0,0,4
11/26/2022,CWF,LA,ASW,CE,Federal Contract Tower,0,0,0,0,0,0,0,0,0,0,0,0,0,0,0,0,0,0,0
11/27/2022,CWF,LA,ASW,CE,Federal Contract Tower,0,5,3,0,8,0,1,21,0,22,0,6,24,0,30,0,0,0,30
11/28/2022,CWF,LA,ASW,CE,Federal Contract Tower,4,0,8,20,32,0,5,28,3,36,4,5,36,23,68,4,20,24,92
11/29/2022,CWF,LA,ASW,CE,Federal Contract Tower,0,0,2,3,5,0,0,0,0,0,0,0,2,3,5,0,0,0,5
11/30/2022,CWF,LA,ASW,CE,Federal Contract Tower,0,0,5,28,33,0,14,6,10,30,0,14,11,38,63,0,70,70,133
12/01/2022,CWF,LA,ASW,CE,Federal Contract Tower,2,0,16,22,40,0,9,8,4,21,2,9,24,26,61,40,34,74,135
12/02/2022,CWF,LA,ASW,CE,Federal Contract Tower,0,0,29,91,120,0,0,11,0,11,0,0,40,91,131,8,0,8,139
12/03/2022,CWF,LA,ASW,CE,Federal Contract Tower,0,0,4,7,11,0,0,13,0,13,0,0,17,7,24,10,20,30,54
12/04/2022,CWF,LA,ASW,CE,Federal Contract Tower,0,0,4,20,24,0,0,0,0,0,0,0,4,20,24,0,0,0,24
12/05/2022,CWF,LA,ASW,CE,Federal Contract Tower,0,13,13,10,36,0,1,8,0,9,0,14,21,10,45,10,10,20,65
12/06/2022,CWF,LA,ASW,CE,Federal Contract Tower,0,4,16,18,38,0,2,9,4,15,0,6,25,22,53,10,20,30,83
12/07/2022,CWF,LA,ASW,CE,Federal Contract Tower,1,1,15,48,65,0,2,2,1,5,1,3,17,49,70,0,60,60,130
12/08/2022,CWF,LA,ASW,CE,Federal Contract Tower,3,2,24,9,38,0,0,2,0,2,3,2,26,9,40,30,0,30,70
12/09/2022,CWF,LA,ASW,CE,Federal Contract Tower,0,0,5,13,18,0,2,3,1,6,0,2,8,14,24,0,24,24,48
12/10/2022,CWF,LA,ASW,CE,Federal Contract Tower,0,0,6,0,6,0,2,3,0,5,0,2,9,0,11,40,0,40,51
12/11/2022,CWF,LA,ASW,CE,Federal Contract Tower,0,2,1,0,3,0,0,5,0,5,0,2,6,0,8,0,0,0,8
12/12/2022,CWF,LA,ASW,CE,Federal Contract Tower,2,8,13,14,37,0,0,0,0,0,2,8,13,14,37,0,0,0,37
12/13/2022,CWF,LA,ASW,CE,Federal Contract Tower,0,4,3,6,13,0,0,0,0,0,0,4,3,6,13,0,0,0,13
12/14/2022,CWF,LA,ASW,CE,Federal Contract Tower,0,2,3,9,14,0,4,0,1,5,0,6,3,10,19,0,0,0,19
12/15/2022,CWF,LA,ASW,CE,Federal Contract Tower,2,0,18,2,22,0,7,20,2,29,2,7,38,4,51,0,8,8,59
12/16/2022,CWF,LA,ASW,CE,Federal Contract Tower,0,1,11,31,43,0,0,8,7,15,0,1,19,38,58,0,20,20,78
12/17/2022,CWF,LA,ASW,CE,Federal Contract Tower,0,0,9,13,22,0,4,21,1,26,0,4,30,14,48,0,20,20,68
12/18/2022,CWF,LA,ASW,CE,Federal Contract Tower,0,0,7,17,24,0,0,25,0,25,0,0,32,17,49,6,0,6,55
12/19/2022,CWF,LA,ASW,CE,Federal Contract Tower,2,0,23,2,27,0,0,0,0,0,2,0,23,2,27,20,0,20,47
12/20/2022,CWF,LA,ASW,CE,Federal Contract Tower,2,2,9,4,17,0,0,1,0,1,2,2,10,4,18,0,0,0,18
12/21/2022,CWF,LA,ASW,CE,Federal Contract Tower,1,0,20,30,51,0,0,0,0,0,1,0,20,30,51,0,0,0,51
12/22/2022,CWF,LA,ASW,CE,Federal Contract Tower,0,0,6,12,18,0,0,1,0,1,0,0,7,12,19,0,40,40,59
12/23/2022,CWF,LA,ASW,CE,Federal Contract Tower,0,0,8,6,14,0,0,14,3,17,0,0,22,9,31,0,0,0,31
12/24/2022,CWF,LA,ASW,CE,Federal Contract Tower,0,0,2,0,2,0,0,7,0,7,0,0,9,0,9,0,0,0,9
12/25/2022,CWF,LA,ASW,CE,Federal Contract Tower,0,0,0,0,0,0,0,7,0,7,0,0,7,0,7,6,0,6,13
12/26/2022,CWF,LA,ASW,CE,Federal Contract Tower,2,0,6,0,8,0,0,27,0,27,2,0,33,0,35,26,0,26,61
12/27/2022,CWF,LA,ASW,CE,Federal Contract Tower,1,0,11,19,31,0,0,19,2,21,1,0,30,21,52,0,42,42,94
12/28/2022,CWF,LA,ASW,CE,Federal Contract Tower,3,0,12,13,28,0,0,6,0,6,3,0,18,13,34,0,0,0,34
12/29/2022,CWF,LA,ASW,CE,Federal Contract Tower,0,6,4,0,10,0,0,1,0,1,0,6,5,0,11,0,0,0,11
12/30/2022,CWF,LA,ASW,CE,Federal Contract Tower,0,0,7,0,7,0,0,0,1,1,0,0,7,1,8,0,0,0,8
12/31/2022,CWF,LA,ASW,CE,Federal Contract Tower,2,4,0,0,6,0,0,0,0,0,2,4,0,0,6,0,0,0,6
01/01/2023,CWF,LA,ASW,CE,Federal Contract Tower,0,0,0,0,0,0,0,0,0,0,0,0,0,0,0,0,0,0,0
01/02/2023,CWF,LA,ASW,CE,Federal Contract Tower,0,0,3,0,3,0,0,1,0,1,0,0,4,0,4,6,0,6,10
01/03/2023,CWF,LA,ASW,CE,Federal Contract Tower,0,2,9,2,13,0,0,0,2,2,0,2,9,4,15,0,0,0,15
01/04/2023,CWF,LA,ASW,CE,Federal Contract Tower,1,2,4,32,39,0,0,20,17,37,1,2,24,49,76,4,40,44,120
01/05/2023,CWF,LA,ASW,CE,Federal Contract Tower,0,1,4,6,11,0,8,15,4,27,0,9,19,10,38,30,46,76,114
01/06/2023,CWF,LA,ASW,CE,Federal Contract Tower,0,2,18,74,94,0,5,25,5,35,0,7,43,79,129,60,20,80,209
01/07/2023,CWF,LA,ASW,CE,Federal Contract Tower,0,3,3,0,6,0,5,39,0,44,0,8,42,0,50,40,0,40,90
01/08/2023,CWF,LA,ASW,CE,Federal Contract Tower,2,1,15,23,41,0,0,9,4,13,2,1,24,27,54,40,54,94,148
01/09/2023,CWF,LA,ASW,CE,Federal Contract Tower,0,1,21,10,32,0,4,12,6,22,0,5,33,16,54,20,6,26,80
01/10/2023,CWF,LA,ASW,CE,Federal Contract Tower,0,4,5,28,37,0,0,4,2,6,0,4,9,30,43,0,26,26,69
01/11/2023,CWF,LA,ASW,CE,Federal Contract Tower,0,3,20,21,44,0,0,3,1,4,0,3,23,22,48,0,30,30,78
01/12/2023,CWF,LA,ASW,CE,Federal Contract Tower,0,0,20,19,39,0,2,17,7,26,0,2,37,26,65,28,40,68,133
01/13/2023,CWF,LA,ASW,CE,Federal Contract Tower,0,0,23,13,36,0,0,26,1,27,0,0,49,14,63,0,14,14,77
01/14/2023,CWF,LA,ASW,CE,Federal Contract Tower,0,1,7,0,8,0,0,20,0,20,0,1,27,0,28,2,0,2,30
01/15/2023,CWF,LA,ASW,CE,Federal Contract Tower,0,0,9,7,16,0,3,8,1,12,0,3,17,8,28,0,4,4,32
01/16/2023,CWF,LA,ASW,CE,Federal Contract Tower,0,3,8,0,11,0,0,5,0,5,0,3,13,0,16,0,0,0,16
01/17/2023,CWF,LA,ASW,CE,Federal Contract Tower,0,2,6,6,14,0,0,0,0,0,0,2,6,6,14,0,0,0,14
01/18/2023,CWF,LA,ASW,CE,Federal Contract Tower,0,2,5,10,17,0,0,5,0,5,0,2,10,10,22,0,4,4,26
01/19/2023,CWF,LA,ASW,CE,Federal Contract Tower,0,6,2,13,21,0,6,16,2,24,0,12,18,15,45,4,0,4,49
01/20/2023,CWF,LA,ASW,CE,Federal Contract Tower,2,4,1,43,50,0,1,9,5,15,2,5,10,48,65,0,64,64,129
01/21/2023,CWF,LA,ASW,CE,Federal Contract Tower,0,0,0,0,0,0,0,0,0,0,0,0,0,0,0,0,0,0,0
01/22/2023,CWF,LA,ASW,CE,Federal Contract Tower,0,0,3,10,13,0,0,9,0,9,0,0,12,10,22,30,4,34,56
01/23/2023,CWF,LA,ASW,CE,Federal Contract Tower,0,0,3,35,38,0,1,27,18,46,0,1,30,53,84,7,16,23,107
01/24/2023,CWF,LA,ASW,CE,Federal Contract Tower,0,1,0,0,1,0,1,0,0,1,0,2,0,0,2,0,0,0,2
01/25/2023,CWF,LA,ASW,CE,Federal Contract Tower,0,3,11,20,34,0,2,2,7,11,0,5,13,27,45,0,8,8,53
01/26/2023,CWF,LA,ASW,CE,Federal Contract Tower,0,2,8,11,21,0,5,12,2,19,0,7,20,13,40,46,10,56,96
01/27/2023,CWF,LA,ASW,CE,Federal Contract Tower,1,2,5,40,48,0,0,17,6,23,1,2,22,46,71,42,30,72,143
01/28/2023,CWF,LA,ASW,CE,Federal Contract Tower,0,0,1,7,8,0,0,3,2,5,0,0,4,9,13,26,6,32,45
01/29/2023,CWF,LA,ASW,CE,Federal Contract Tower,0,0,5,1,6,0,0,0,0,0,0,0,5,1,6,0,0,0,6
01/30/2023,CWF,LA,ASW,CE,Federal Contract Tower,0,1,2,0,3,0,0,0,0,0,0,1,2,0,3,0,0,0,3
01/31/2023,CWF,LA,ASW,CE,Federal Contract Tower,0,0,1,0,1,0,0,0,0,0,0,0,1,0,1,0,0,0,1
02/01/2023,CWF,LA,ASW,CE,Federal Contract Tower,0,2,8,0,10,0,0,0,0,0,0,2,8,0,10,0,0,0,10
02/02/2023,CWF,LA,ASW,CE,Federal Contract Tower,3,0,3,0,6,0,0,0,0,0,3,0,3,0,6,0,0,0,6
02/03/2023,CWF,LA,ASW,CE,Federal Contract Tower,1,1,12,82,96,0,4,30,22,56,1,5,42,104,152,0,52,52,204
02/04/2023,CWF,LA,ASW,CE,Federal Contract Tower,1,1,8,5,15,0,0,25,8,33,1,1,33,13,48,12,10,22,70
02/05/2023,CWF,LA,ASW,CE,Federal Contract Tower,0,1,5,4,10,0,0,13,0,13,0,1,18,4,23,26,0,26,49
02/06/2023,CWF,LA,ASW,CE,Federal Contract Tower,0,0,12,36,48,0,10,18,8,36,0,10,30,44,84,20,48,68,152
02/07/2023,CWF,LA,ASW,CE,Federal Contract Tower,0,2,18,24,44,0,0,12,3,15,0,2,30,27,59,10,44,54,113
02/08/2023,CWF,LA,ASW,CE,Federal Contract Tower,0,0,4,1,5,0,0,0,0,0,0,0,4,1,5,0,0,0,5
02/09/2023,CWF,LA,ASW,CE,Federal Contract Tower,0,0,32,28,60,0,6,22,10,38,0,6,54,38,98,46,60,106,204
02/10/2023,CWF,LA,ASW,CE,Federal Contract Tower,0,1,17,7,25,0,2,27,4,33,0,3,44,11,58,10,0,10,68
02/11/2023,CWF,LA,ASW,CE,Federal Contract Tower,0,0,16,2,18,0,0,0,0,0,0,0,16,2,18,0,0,0,18
02/12/2023,CWF,LA,ASW,CE,Federal Contract Tower,0,0,1,14,15,0,1,9,6,16,0,1,10,20,31,0,18,18,49
02/14/2023,CWF,LA,ASW,CE,Federal Contract Tower,2,6,2,10,20,0,0,0,0,0,2,6,2,10,20,0,0,0,20
02/15/2023,CWF,LA,ASW,CE,Federal Contract Tower,0,4,5,12,21,0,0,2,0,2,0,4,7,12,23,0,0,0,23
02/16/2023,CWF,LA,ASW,CE,Federal Contract Tower,3,0,9,0,12,0,0,0,0,0,3,0,9,0,12,0,0,0,12
02/17/2023,CWF,LA,ASW,CE,Federal Contract Tower,0,2,12,4,18,0,8,18,4,30,0,10,30,8,48,10,20,30,78
02/18/2023,CWF,LA,ASW,CE,Federal Contract Tower,0,1,8,0,9,0,0,16,0,16,0,1,24,0,25,18,0,18,43
02/19/2023,CWF,LA,ASW,CE,Federal Contract Tower,0,2,1,2,5,0,2,13,0,15,0,4,14,2,20,16,0,16,36
02/20/2023,CWF,LA,ASW,CE,Federal Contract Tower,0,0,6,0,6,0,0,2,0,2,0,0,8,0,8,0,0,0,8
02/21/2023,CWF,LA,ASW,CE,Federal Contract Tower,0,7,4,22,33,0,0,0,0,0,0,7,4,22,33,0,0,0,33
02/22/2023,CWF,LA,ASW,CE,Federal Contract Tower,0,1,8,3,12,0,2,0,0,2,0,3,8,3,14,0,0,0,14
02/23/2023,CWF,LA,ASW,CE,Federal Contract Tower,0,0,1,22,23,0,0,6,2,8,0,0,7,24,31,4,0,4,35
02/24/2023,CWF,LA,ASW,CE,Federal Contract Tower,0,2,12,29,43,0,1,10,3,14,0,3,22,32,57,6,28,34,91
02/25/2023,CWF,LA,ASW,CE,Federal Contract Tower,0,2,4,0,6,0,0,8,0,8,0,2,12,0,14,0,0,0,14
02/26/2023,CWF,LA,ASW,CE,Federal Contract Tower,0,1,12,15,28,0,1,5,2,8,0,2,17,17,36,0,12,12,48
02/27/2023,CWF,LA,ASW,CE,Federal Contract Tower,1,0,10,10,21,0,7,1,0,8,1,7,11,10,29,0,0,0,29
02/28/2023,CWF,LA,ASW,CE,Federal Contract Tower,4,6,7,13,30,0,1,1,2,4,4,7,8,15,34,24,0,24,58
03/01/2023,CWF,LA,ASW,CE,Federal Contract Tower,0,2,23,8,33,0,0,6,1,7,0,2,29,9,40,0,20,20,60
03/02/2023,CWF,LA,ASW,CE,Federal Contract Tower,0,6,9,5,20,0,0,3,2,5,0,6,12,7,25,0,0,0,25
03/03/2023,CWF,LA,ASW,CE,Federal Contract Tower,0,2,10,31,43,0,0,16,10,26,0,2,26,41,69,0,46,46,115
03/04/2023,CWF,LA,ASW,CE,Federal Contract Tower,0,0,5,6,11,0,0,23,0,23,0,0,28,6,34,44,0,44,78
03/05/2023,CWF,LA,ASW,CE,Federal Contract Tower,0,0,2,2,4,0,1,24,0,25,0,1,26,2,29,42,0,42,71
03/06/2023,CWF,LA,ASW,CE,Federal Contract Tower,0,3,6,5,14,0,0,3,1,4,0,3,9,6,18,0,0,0,18
03/07/2023,CWF,LA,ASW,CE,Federal Contract Tower,4,3,18,9,34,0,2,1,0,3,4,5,19,9,37,0,0,0,37
03/08/2023,CWF,LA,ASW,CE,Federal Contract Tower,0,6,26,27,59,0,0,2,1,3,0,6,28,28,62,24,18,42,104
03/09/2023,CWF,LA,ASW,CE,Federal Contract Tower,0,0,11,15,26,0,2,17,3,22,0,2,28,18,48,0,18,18,66
03/10/2023,CWF,LA,ASW,CE,Federal Contract Tower,0,0,12,21,33,0,0,10,10,20,0,0,22,31,53,8,38,46,99
03/11/2023,CWF,LA,ASW,CE,Federal Contract Tower,0,0,5,11,16,0,0,9,2,11,0,0,14,13,27,12,22,34,61
03/12/2023,CWF,LA,ASW,CE,Federal Contract Tower,0,0,12,6,18,0,0,2,0,2,0,0,14,6,20,0,0,0,20
03/13/2023,CWF,LA,ASW,CE,Federal Contract Tower,2,0,8,16,26,0,6,12,2,20,2,6,20,18,46,0,20,20,66
03/14/2023,CWF,LA,ASW,CE,Federal Contract Tower,0,4,7,9,20,0,3,11,6,20,0,7,18,15,40,0,14,14,54
03/15/2023,CWF,LA,ASW,CE,Federal Contract Tower,0,0,12,23,35,0,2,23,3,28,0,2,35,26,63,12,72,84,147
03/16/2023,CWF,LA,ASW,CE,Federal Contract Tower,0,4,25,26,55,0,0,1,2,3,0,4,26,28,58,40,56,96,154
03/17/2023,CWF,LA,ASW,CE,Federal Contract Tower,0,0,8,0,8,0,0,3,0,3,0,0,11,0,11,0,0,0,11
03/18/2023,CWF,LA,ASW,CE,Federal Contract Tower,2,0,7,0,9,0,0,13,2,15,2,0,20,2,24,0,0,0,24
03/19/2023,CWF,LA,ASW,CE,Federal Contract Tower,0,4,3,4,11,0,2,10,0,12,0,6,13,4,23,0,0,0,23
03/20/2023,CWF,LA,ASW,CE,Federal Contract Tower,0,4,9,16,29,0,0,12,1,13,0,4,21,17,42,0,6,6,48
03/21/2023,CWF,LA,ASW,CE,Federal Contract Tower,0,2,7,11,20,0,3,7,7,17,0,5,14,18,37,10,10,20,57
03/22/2023,CWF,LA,ASW,CE,Federal Contract Tower,0,0,7,14,21,0,0,3,1,4,0,0,10,15,25,10,20,30,55
03/23/2023,CWF,LA,ASW,CE,Federal Contract Tower,0,0,7,12,19,0,0,5,4,9,0,0,12,16,28,0,8,8,36
03/24/2023,CWF,LA,ASW,CE,Federal Contract Tower,0,2,3,6,11,0,0,2,0,2,0,2,5,6,13,0,0,0,13
03/25/2023,CWF,LA,ASW,CE,Federal Contract Tower,0,2,1,0,3,0,0,10,2,12,0,2,11,2,15,10,0,10,25
03/26/2023,CWF,LA,ASW,CE,Federal Contract Tower,0,0,4,2,6,0,0,0,0,0,0,0,4,2,6,0,0,0,6
03/27/2023,CWF,LA,ASW,CE,Federal Contract Tower,0,1,11,2,14,0,0,4,0,4,0,1,15,2,18,4,0,4,22
03/28/2023,CWF,LA,ASW,CE,Federal Contract Tower,0,0,15,6,21,0,1,2,10,13,0,1,17,16,34,0,0,0,34
03/29/2023,CWF,LA,ASW,CE,Federal Contract Tower,0,7,11,6,24,0,11,11,10,32,0,18,22,16,56,4,40,44,100
03/30/2023,CWF,LA,ASW,CE,Federal Contract Tower,0,0,9,52,61,0,3,6,9,18,0,3,15,61,79,0,158,158,237
03/31/2023,CWF,LA,ASW,CE,Federal Contract Tower,0,1,18,36,55,0,0,7,4,11,0,1,25,40,66,0,0,0,66
04/01/2023,CWF,LA,ASW,CE,Federal Contract Tower,0,0,3,8,11,0,0,16,1,17,0,0,19,9,28,38,22,60,88
04/02/2023,CWF,LA,ASW,CE,Federal Contract Tower,0,0,13,19,32,0,0,2,1,3,0,0,15,20,35,0,6,6,41
04/03/2023,CWF,LA,ASW,CE,Federal Contract Tower,5,3,3,19,30,0,6,0,1,7,5,9,3,20,37,0,22,22,59
04/04/2023,CWF,LA,ASW,CE,Federal Contract Tower,0,7,10,11,28,0,7,2,1,10,0,14,12,12,38,22,4,26,64
04/05/2023,CWF,LA,ASW,CE,Federal Contract Tower,2,5,6,9,22,0,0,2,0,2,2,5,8,9,24,0,0,0,24
04/06/2023,CWF,LA,ASW,CE,Federal Contract Tower,0,0,2,1,3,0,0,0,0,0,0,0,2,1,3,0,0,0,3
04/07/2023,CWF,LA,ASW,CE,Federal Contract Tower,0,0,10,0,10,0,0,0,0,0,0,0,10,0,10,0,0,0,10
04/08/2023,CWF,LA,ASW,CE,Federal Contract Tower,0,0,8,0,8,0,1,9,0,10,0,1,17,0,18,32,0,32,50
04/09/2023,CWF,LA,ASW,CE,Federal Contract Tower,0,0,8,4,12,0,0,4,0,4,0,0,12,4,16,0,0,0,16
04/10/2023,CWF,LA,ASW,CE,Federal Contract Tower,0,2,11,6,19,0,9,16,0,25,0,11,27,6,44,4,0,4,48
04/11/2023,CWF,LA,ASW,CE,Federal Contract Tower,0,2,14,25,41,0,10,31,2,43,0,12,45,27,84,44,40,84,168
04/12/2023,CWF,LA,ASW,CE,Federal Contract Tower,0,4,13,16,33,0,6,15,6,27,0,10,28,22,60,4,30,34,94
04/13/2023,CWF,LA,ASW,CE,Federal Contract Tower,0,0,17,30,47,0,0,15,12,27,0,0,32,42,74,0,14,14,88
04/14/2023,CWF,LA,ASW,CE,Federal Contract Tower,0,3,10,33,46,0,6,17,0,23,0,9,27,33,69,32,38,70,139
04/15/2023,CWF,LA,ASW,CE,Federal Contract Tower,0,0,2,2,4,0,0,0,0,0,0,0,2,2,4,0,8,8,12
04/16/2023,CWF,LA,ASW,CE,Federal Contract Tower,0,0,5,5,10,0,1,15,1,17,0,1,20,6,27,0,0,0,27
04/17/2023,CWF,LA,ASW,CE,Federal Contract Tower,0,0,3,20,23,0,2,34,2,38,0,2,37,22,61,0,56,56,117
04/18/2023,CWF,LA,ASW,CE,Federal Contract Tower,0,8,3,5,16,0,2,19,3,24,0,10,22,8,40,38,0,38,78
04/19/2023,CWF,LA,ASW,CE,Federal Contract Tower,0,1,10,21,32,0,2,13,3,18,0,3,23,24,50,16,14,30,80
04/20/2023,CWF,LA,ASW,CE,Federal Contract Tower,0,6,11,11,28,0,3,3,4,10,0,9,14,15,38,0,4,4,42
04/21/2023,CWF,LA,ASW,CE,Federal Contract Tower,0,0,6,20,26,0,0,4,5,9,0,0,10,25,35,0,40,40,75
04/22/2023,CWF,LA,ASW,CE,Federal Contract Tower,0,3,7,0,10,0,0,17,10,27,0,3,24,10,37,0,0,0,37
04/23/2023,CWF,LA,ASW,CE,Federal Contract Tower,0,0,4,2,6,0,0,5,6,11,0,0,9,8,17,0,0,0,17
04/24/2023,CWF,LA,ASW,CE,Federal Contract Tower,0,0,21,11,32,0,3,18,8,29,0,3,39,19,61,74,0,74,135
04/25/2023,CWF,LA,ASW,CE,Federal Contract Tower,0,0,7,21,28,0,0,15,8,23,0,0,22,29,51,30,122,152,203
04/26/2023,CWF,LA,ASW,CE,Federal Contract Tower,0,0,19,23,42,0,1,23,1,25,0,1,42,24,67,6,0,6,73
04/27/2023,CWF,LA,ASW,CE,Federal Contract Tower,0,0,7,6,13,0,0,12,0,12,0,0,19,6,25,10,42,52,77
04/28/2023,CWF,LA,ASW,CE,Federal Contract Tower,0,2,12,33,47,0,1,34,6,41,0,3,46,39,88,78,10,88,176
04/29/2023,CWF,LA,ASW,CE,Federal Contract Tower,0,0,0,2,2,0,0,0,0,0,0,0,0,2,2,0,0,0,2
04/30/2023,CWF,LA,ASW,CE,Federal Contract Tower,0,0,6,13,19,0,0,22,1,23,0,0,28,14,42,0,36,36,78
05/01/2023,CWF,LA,ASW,CE,Federal Contract Tower,0,7,6,32,45,0,5,16,0,21,0,12,22,32,66,30,52,82,148
05/02/2023,CWF,LA,ASW,CE,Federal Contract Tower,0,10,8,36,54,0,5,14,2,21,0,15,22,38,75,18,106,124,199
05/03/2023,CWF,LA,ASW,CE,Federal Contract Tower,0,1,12,55,68,0,10,26,9,45,0,11,38,64,113,26,108,134,247
05/04/2023,CWF,LA,ASW,CE,Federal Contract Tower,2,0,11,13,26,0,6,17,6,29,2,6,28,19,55,0,24,24,79
05/05/2023,CWF,LA,ASW,CE,Federal Contract Tower,0,2,4,32,38,0,0,6,0,6,0,2,10,32,44,10,40,50,94
05/06/2023,CWF,LA,ASW,CE,Federal Contract Tower,0,0,2,0,2,0,0,6,0,6,0,0,8,0,8,0,0,0,8
05/07/2023,CWF,LA,ASW,CE,Federal Contract Tower,0,0,6,8,14,0,0,3,0,3,0,0,9,8,17,22,0,22,39
05/08/2023,CWF,LA,ASW,CE,Federal Contract Tower,0,0,3,0,3,0,0,4,0,4,0,0,7,0,7,0,0,0,7
05/09/2023,CWF,LA,ASW,CE,Federal Contract Tower,0,2,11,6,19,0,0,0,0,0,0,2,11,6,19,0,0,0,19
05/10/2023,CWF,LA,ASW,CE,Federal Contract Tower,0,0,9,0,9,0,1,4,0,5,0,1,13,0,14,8,0,8,22
05/11/2023,CWF,LA,ASW,CE,Federal Contract Tower,0,10,5,15,30,0,0,6,1,7,0,10,11,16,37,4,0,4,41
05/12/2023,CWF,LA,ASW,CE,Federal Contract Tower,1,0,26,25,52,0,0,5,6,11,1,0,31,31,63,0,50,50,113
05/13/2023,CWF,LA,ASW,CE,Federal Contract Tower,0,2,2,6,10,0,0,7,2,9,0,2,9,8,19,8,6,14,33
05/14/2023,CWF,LA,ASW,CE,Federal Contract Tower,0,0,4,10,14,0,2,14,4,20,0,2,18,14,34,26,18,44,78
05/15/2023,CWF,LA,ASW,CE,Federal Contract Tower,0,4,4,18,26,0,2,14,3,19,0,6,18,21,45,24,48,72,117
05/16/2023,CWF,LA,ASW,CE,Federal Contract Tower,0,0,4,9,13,0,3,6,2,11,0,3,10,11,24,0,64,64,88
05/17/2023,CWF,LA,ASW,CE,Federal Contract Tower,0,0,10,14,24,0,3,23,2,28,0,3,33,16,52,4,26,30,82
05/18/2023,CWF,LA,ASW,CE,Federal Contract Tower,0,0,13,11,24,0,2,44,11,57,0,2,57,22,81,36,42,78,159
05/19/2023,CWF,LA,ASW,CE,Federal Contract Tower,0,4,9,6,19,0,6,27,0,33,0,10,36,6,52,0,100,100,152
05/20/2023,CWF,LA,ASW,CE,Federal Contract Tower,0,0,10,0,10,0,0,57,3,60,0,0,67,3,70,0,120,120,190
05/21/2023,CWF,LA,ASW,CE,Federal Contract Tower,0,0,4,4,8,0,0,25,6,31,0,0,29,10,39,26,144,170,209
05/22/2023,CWF,LA,ASW,CE,Federal Contract Tower,0,2,4,18,24,0,5,11,7,23,0,7,15,25,47,0,12,12,59
05/23/2023,CWF,LA,ASW,CE,Federal Contract Tower,0,1,5,11,17,0,3,16,1,20,0,4,21,12,37,26,8,34,71
05/24/2023,CWF,LA,ASW,CE,Federal Contract Tower,0,2,9,30,41,0,4,32,0,36,0,6,41,30,77,40,20,60,137
05/25/2023,CWF,LA,ASW,CE,Federal Contract Tower,0,0,2,30,32,0,6,16,0,22,0,6,18,30,54,16,30,46,100
05/26/2023,CWF,LA,ASW,CE,Federal Contract Tower,0,0,8,11,19,0,0,11,3,14,0,0,19,14,33,0,48,48,81
05/27/2023,CWF,LA,ASW,CE,Federal Contract Tower,0,2,6,0,8,0,3,11,0,14,0,5,17,0,22,0,0,0,22
05/28/2023,CWF,LA,ASW,CE,Federal Contract Tower,0,0,2,0,2,0,0,15,1,16,0,0,17,1,18,22,0,22,40
05/29/2023,CWF,LA,ASW,CE,Federal Contract Tower,0,5,8,1,14,0,0,17,1,18,0,5,25,2,32,8,0,8,40
05/30/2023,CWF,LA,ASW,CE,Federal Contract Tower,0,7,6,10,23,0,4,13,0,17,0,11,19,10,40,48,0,48,88
05/31/2023,CWF,LA,ASW,CE,Federal Contract Tower,0,0,14,26,40,0,13,26,2,41,0,13,40,28,81,38,124,162,243
06/01/2023,CWF,LA,ASW,CE,Federal Contract Tower,0,0,13,17,30,0,7,15,11,33,0,7,28,28,63,10,40,50,113
06/02/2023,CWF,LA,ASW,CE,Federal Contract Tower,0,0,15,87,102,0,0,25,13,38,0,0,40,100,140,0,238,238,378
06/03/2023,CWF,LA,ASW,CE,Federal Contract Tower,0,0,1,11,12,0,0,13,0,13,0,0,14,11,25,24,24,48,73
06/04/2023,CWF,LA,ASW,CE,Federal Contract Tower,0,0,7,24,31,0,0,2,2,4,0,0,9,26,35,0,20,20,55
06/05/2023,CWF,LA,ASW,CE,Federal Contract Tower,0,2,2,3,7,0,4,16,0,20,0,6,18,3,27,8,0,8,35
06/06/2023,CWF,LA,ASW,CE,Federal Contract Tower,0,6,10,12,28,0,3,9,1,13,0,9,19,13,41,8,2,10,51
06/07/2023,CWF,LA,ASW,CE,Federal Contract Tower,0,0,8,7,15,0,12,10,5,27,0,12,18,12,42,6,40,46,88
06/08/2023,CWF,LA,ASW,CE,Federal Contract Tower,0,1,20,9,30,0,3,13,7,23,0,4,33,16,53,0,60,60,113
06/09/2023,CWF,LA,ASW,CE,Federal Contract Tower,0,0,11,61,72,0,4,20,2,26,0,4,31,63,98,0,86,86,184
06/10/2023,CWF,LA,ASW,CE,Federal Contract Tower,0,0,3,8,11,0,0,11,0,11,0,0,14,8,22,28,14,42,64
06/11/2023,CWF,LA,ASW,CE,Federal Contract Tower,0,2,3,22,27,0,0,13,6,19,0,2,16,28,46,0,0,0,46
06/12/2023,CWF,LA,ASW,CE,Federal Contract Tower,0,0,10,8,18,0,5,21,7,33,0,5,31,15,51,18,68,86,137
06/13/2023,CWF,LA,ASW,CE,Federal Contract Tower,0,2,10,16,28,0,3,13,2,18,0,5,23,18,46,0,10,10,56
06/14/2023,CWF,LA,ASW,CE,Federal Contract Tower,0,0,7,32,39,0,4,17,4,25,0,4,24,36,64,0,86,86,150
06/15/2023,CWF,LA,ASW,CE,Federal Contract Tower,0,0,6,44,50,0,2,25,1,28,0,2,31,45,78,30,38,68,146
06/16/2023,CWF,LA,ASW,CE,Federal Contract Tower,0,0,5,40,45,0,3,1,7,11,0,3,6,47,56,0,36,36,92
06/17/2023,CWF,LA,ASW,CE,Federal Contract Tower,0,0,9,1,10,0,0,6,1,7,0,0,15,2,17,6,0,6,23
06/18/2023,CWF,LA,ASW,CE,Federal Contract Tower,0,2,2,5,9,0,0,7,1,8,0,2,9,6,17,0,0,0,17
06/19/2023,CWF,LA,ASW,CE,Federal Contract Tower,0,0,4,10,14,0,2,3,0,5,0,2,7,10,19,0,30,30,49
06/20/2023,CWF,LA,ASW,CE,Federal Contract Tower,0,0,5,4,9,0,3,13,4,20,0,3,18,8,29,0,0,0,29
06/21/2023,CWF,LA,ASW,CE,Federal Contract Tower,0,0,20,39,59,0,6,20,4,30,0,6,40,43,89,6,80,86,175
06/22/2023,CWF,LA,ASW,CE,Federal Contract Tower,0,0,6,5,11,0,0,4,2,6,0,0,10,7,17,0,0,0,17
06/23/2023,CWF,LA,ASW,CE,Federal Contract Tower,0,10,5,4,19,0,0,18,0,18,0,10,23,4,37,80,10,90,127
06/24/2023,CWF,LA,ASW,CE,Federal Contract Tower,0,0,10,6,16,0,0,9,2,11,0,0,19,8,27,0,10,10,37
06/25/2023,CWF,LA,ASW,CE,Federal Contract Tower,0,0,5,46,51,0,1,9,3,13,0,1,14,49,64,10,38,48,112
06/26/2023,CWF,LA,ASW,CE,Federal Contract Tower,0,4,15,10,29,0,1,22,8,31,0,5,37,18,60,56,4,60,120
06/27/2023,CWF,LA,ASW,CE,Federal Contract Tower,0,0,15,18,33,0,7,23,5,35,0,7,38,23,68,6,20,26,94
06/28/2023,CWF,LA,ASW,CE,Federal Contract Tower,0,0,12,15,27,0,3,31,10,44,0,3,43,25,71,40,70,110,181
06/29/2023,CWF,LA,ASW,CE,Federal Contract Tower,0,0,10,45,55,0,9,34,5,48,0,9,44,50,103,10,46,56,159
06/30/2023,CWF,LA,ASW,CE,Federal Contract Tower,0,2,6,6,14,0,5,28,0,33,0,7,34,6,47,76,22,98,145
07/01/2023,CWF,LA,ASW,CE,Federal Contract Tower,0,0,3,0,3,0,0,9,0,9,0,0,12,0,12,0,16,16,28
07/02/2023,CWF,LA,ASW,CE,Federal Contract Tower,0,4,7,4,15,0,0,6,0,6,0,4,13,4,21,0,0,0,21
07/03/2023,CWF,LA,ASW,CE,Federal Contract Tower,0,0,0,0,0,0,0,13,0,13,0,0,13,0,13,62,0,62,75
07/04/2023,CWF,LA,ASW,CE,Federal Contract Tower,0,0,1,0,1,0,0,6,0,6,0,0,7,0,7,0,0,0,7
07/05/2023,CWF,LA,ASW,CE,Federal Contract Tower,0,0,4,22,26,0,2,13,1,16,0,2,17,23,42,4,0,4,46
07/06/2023,CWF,LA,ASW,CE,Federal Contract Tower,0,0,1,6,7,0,9,9,0,18,0,9,10,6,25,30,20,50,75
07/07/2023,CWF,LA,ASW,CE,Federal Contract Tower,0,2,7,13,22,0,9,24,0,33,0,11,31,13,55,70,28,98,153
07/08/2023,CWF,LA,ASW,CE,Federal Contract Tower,0,0,4,4,8,0,0,6,0,6,0,0,10,4,14,8,32,40,54
07/09/2023,CWF,LA,ASW,CE,Federal Contract Tower,0,4,2,12,18,0,4,11,0,15,0,8,13,12,33,14,0,14,47
07/10/2023,CWF,LA,ASW,CE,Federal Contract Tower,0,5,17,16,38,0,4,5,0,9,0,9,22,16,47,78,16,94,141
07/11/2023,CWF,LA,ASW,CE,Federal Contract Tower,1,0,3,8,12,0,8,10,2,20,1,8,13,10,32,16,50,66,98
07/12/2023,CWF,LA,ASW,CE,Federal Contract Tower,0,4,3,34,41,0,11,14,2,27,0,15,17,36,68,38,28,66,134
07/13/2023,CWF,LA,ASW,CE,Federal Contract Tower,0,0,16,17,33,0,17,27,1,45,0,17,43,18,78,28,58,86,164
07/14/2023,CWF,LA,ASW,CE,Federal Contract Tower,0,0,8,30,38,0,0,6,8,14,0,0,14,38,52,0,72,72,124
07/15/2023,CWF,LA,ASW,CE,Federal Contract Tower,0,0,1,16,17,0,1,16,1,18,0,1,17,17,35,10,38,48,83
07/16/2023,CWF,LA,ASW,CE,Federal Contract Tower,0,0,8,4,12,0,0,5,2,7,0,0,13,6,19,0,0,0,19
07/17/2023,CWF,LA,ASW,CE,Federal Contract Tower,0,10,5,11,26,0,6,6,0,12,0,16,11,11,38,36,22,58,96
07/18/2023,CWF,LA,ASW,CE,Federal Contract Tower,0,6,14,11,31,0,3,16,4,23,0,9,30,15,54,38,20,58,112
07/19/2023,CWF,LA,ASW,CE,Federal Contract Tower,0,0,2,35,37,0,8,24,2,34,0,8,26,37,71,0,24,24,95
07/20/2023,CWF,LA,ASW,CE,Federal Contract Tower,0,0,12,38,50,0,0,22,10,32,0,0,34,48,82,8,72,80,162
07/21/2023,CWF,LA,ASW,CE,Federal Contract Tower,0,0,6,71,77,0,0,16,3,19,0,0,22,74,96,20,76,96,192
07/22/2023,CWF,LA,ASW,CE,Federal Contract Tower,0,0,4,2,6,0,0,5,0,5,0,0,9,2,11,16,0,16,27
07/23/2023,CWF,LA,ASW,CE,Federal Contract Tower,0,1,0,7,8,0,0,13,3,16,0,1,13,10,24,6,4,10,34
07/24/2023,CWF,LA,ASW,CE,Federal Contract Tower,0,1,7,18,26,0,5,14,1,20,0,6,21,19,46,0,34,34,80
07/25/2023,CWF,LA,ASW,CE,Federal Contract Tower,0,0,5,25,30,0,3,15,3,21,0,3,20,28,51,38,58,96,147
07/26/2023,CWF,LA,ASW,CE,Federal Contract Tower,0,0,5,14,19,0,6,26,5,37,0,6,31,19,56,40,76,116,172
07/27/2023,CWF,LA,ASW,CE,Federal Contract Tower,1,0,9,14,24,0,0,35,6,41,1,0,44,20,65,46,30,76,141
07/28/2023,CWF,LA,ASW,CE,Federal Contract Tower,0,1,9,85,95,0,1,27,18,46,0,2,36,103,141,38,336,374,515
07/29/2023,CWF,LA,ASW,CE,Federal Contract Tower,0,0,3,10,13,0,0,20,0,20,0,0,23,10,33,10,30,40,73
07/30/2023,CWF,LA,ASW,CE,Federal Contract Tower,0,0,8,6,14,0,0,7,0,7,0,0,15,6,21,0,0,0,21
07/31/2023,CWF,LA,ASW,CE,Federal Contract Tower,1,2,4,9,16,0,4,10,3,17,1,6,14,12,33,16,38,54,87
08/01/2023,CWF,LA,ASW,CE,Federal Contract Tower,0,15,4,18,37,0,3,17,3,23,0,18,21,21,60,52,28,80,140
08/02/2023,CWF,LA,ASW,CE,Federal Contract Tower,0,2,8,18,28,0,10,24,0,34,0,12,32,18,62,0,68,68,130
08/03/2023,CWF,LA,ASW,CE,Federal Contract Tower,0,0,10,26,36,0,3,17,6,26,0,3,27,32,62,28,78,106,168
08/04/2023,CWF,LA,ASW,CE,Federal Contract Tower,0,0,4,51,55,0,1,27,1,29,0,1,31,52,84,10,134,144,228
08/05/2023,CWF,LA,ASW,CE,Federal Contract Tower,0,0,8,4,12,0,2,8,0,10,0,2,16,4,22,8,28,36,58
08/06/2023,CWF,LA,ASW,CE,Federal Contract Tower,0,10,0,16,26,0,0,12,2,14,0,10,12,18,40,4,42,46,86
08/07/2023,CWF,LA,ASW,CE,Federal Contract Tower,0,6,0,9,15,0,0,5,3,8,0,6,5,12,23,10,4,14,37
08/08/2023,CWF,LA,ASW,CE,Federal Contract Tower,0,2,2,7,11,0,3,5,5,13,0,5,7,12,24,0,48,48,72
08/09/2023,CWF,LA,ASW,CE,Federal Contract Tower,0,0,5,27,32,0,1,8,2,11,0,1,13,29,43,0,18,18,61
08/10/2023,CWF,LA,ASW,CE,Federal Contract Tower,0,0,6,42,48,0,4,8,3,15,0,4,14,45,63,0,54,54,117
08/11/2023,CWF,LA,ASW,CE,Federal Contract Tower,0,2,0,43,45,0,0,10,2,12,0,2,10,45,57,0,86,86,143
08/12/2023,CWF,LA,ASW,CE,Federal Contract Tower,0,0,1,22,23,0,0,5,2,7,0,0,6,24,30,0,56,56,86
08/13/2023,CWF,LA,ASW,CE,Federal Contract Tower,0,0,8,3,11,0,0,6,0,6,0,0,14,3,17,0,6,6,23
08/14/2023,CWF,LA,ASW,CE,Federal Contract Tower,0,0,5,18,23,0,2,11,2,15,0,2,16,20,38,14,62,76,114
08/15/2023,CWF,LA,ASW,CE,Federal Contract Tower,0,8,3,28,39,0,1,14,0,15,0,9,17,28,54,12,88,100,154
08/16/2023,CWF,LA,ASW,CE,Federal Contract Tower,1,2,15,9,27,0,9,23,0,32,1,11,38,9,59,48,32,80,139
08/17/2023,CWF,LA,ASW,CE,Federal Contract Tower,0,2,16,32,50,0,2,16,2,20,0,4,32,34,70,0,72,72,142
08/18/2023,CWF,LA,ASW,CE,Federal Contract Tower,0,0,11,21,32,0,8,10,2,20,0,8,21,23,52,12,94,106,158
08/19/2023,CWF,LA,ASW,CE,Federal Contract Tower,0,0,1,0,1,0,0,6,0,6,0,0,7,0,7,12,0,12,19
08/20/2023,CWF,LA,ASW,CE,Federal Contract Tower,0,0,1,14,15,0,0,6,0,6,0,0,7,14,21,20,0,20,41
08/21/2023,CWF,LA,ASW,CE,Federal Contract Tower,0,4,3,6,13,0,3,7,2,12,0,7,10,8,25,36,26,62,87
08/22/2023,CWF,LA,ASW,CE,Federal Contract Tower,0,0,4,10,14,0,4,6,2,12,0,4,10,12,26,0,22,22,48
08/23/2023,CWF,LA,ASW,CE,Federal Contract Tower,0,0,12,20,32,0,2,11,4,17,0,2,23,24,49,46,6,52,101
08/24/2023,CWF,LA,ASW,CE,Federal Contract Tower,0,0,3,7,10,0,0,18,4,22,0,0,21,11,32,20,32,52,84
08/25/2023,CWF,LA,ASW,CE,Federal Contract Tower,0,0,10,64,74,0,2,13,12,27,0,2,23,76,101,12,134,146,247
08/26/2023,CWF,LA,ASW,CE,Federal Contract Tower,0,0,2,0,2,0,1,11,4,16,0,1,13,4,18,18,0,18,36
08/27/2023,CWF,LA,ASW,CE,Federal Contract Tower,0,0,1,28,29,0,0,4,0,4,0,0,5,28,33,0,16,16,49
08/28/2023,CWF,LA,ASW,CE,Federal Contract Tower,0,0,12,8,20,0,5,22,0,27,0,5,34,8,47,12,2,14,61
08/29/2023,CWF,LA,ASW,CE,Federal Contract Tower,0,3,3,9,15,0,2,38,3,43,0,5,41,12,58,26,18,44,102
08/30/2023,CWF,LA,ASW,CE,Federal Contract Tower,0,0,6,14,20,0,15,22,0,37,0,15,28,14,57,0,20,20,77
08/31/2023,CWF,LA,ASW,CE,Federal Contract Tower,0,0,12,26,38,0,15,42,0,57,0,15,54,26,95,12,22,34,129
