01/01/2000,CYS,WY,ANM,WE,Federal Contract Tower,0,1,1,4,6,0,1,14,10,25,0,2,15,14,31,11,38,49,80
01/02/2000,CYS,WY,ANM,WE,Federal Contract Tower,0,1,0,0,1,0,6,32,3,41,0,7,32,3,42,30,2,32,74
01/03/2000,CYS,WY,ANM,WE,Federal Contract Tower,0,1,2,2,5,0,14,16,1,31,0,15,18,3,36,0,3,3,39
01/04/2000,CYS,WY,ANM,WE,Federal Contract Tower,0,1,1,1,3,0,18,10,4,32,0,19,11,5,35,2,57,59,94
01/05/2000,CYS,WY,ANM,WE,Federal Contract Tower,0,3,4,2,9,0,27,12,0,39,0,30,16,2,48,19,39,58,106
01/06/2000,CYS,WY,ANM,WE,Federal Contract Tower,0,3,4,5,12,0,15,29,6,50,0,18,33,11,62,41,55,96,158
01/07/2000,CYS,WY,ANM,WE,Federal Contract Tower,0,0,2,4,6,0,18,35,10,63,0,18,37,14,69,7,111,118,187
01/08/2000,CYS,WY,ANM,WE,Federal Contract Tower,0,0,2,4,6,0,12,45,9,66,0,12,47,13,72,35,0,35,107
01/09/2000,CYS,WY,ANM,WE,Federal Contract Tower,0,0,4,1,5,0,12,1,0,13,0,12,5,1,18,0,24,24,42
01/10/2000,CYS,WY,ANM,WE,Federal Contract Tower,0,0,0,0,0,0,15,16,7,38,0,15,16,7,38,9,0,9,47
01/11/2000,CYS,WY,ANM,WE,Federal Contract Tower,0,0,0,2,2,0,22,9,1,32,0,22,9,3,34,0,14,14,48
01/12/2000,CYS,WY,ANM,WE,Federal Contract Tower,0,0,3,4,7,0,21,9,2,32,0,21,12,6,39,5,57,62,101
01/13/2000,CYS,WY,ANM,WE,Federal Contract Tower,0,0,4,5,9,0,23,27,12,62,0,23,31,17,71,59,88,147,218
01/14/2000,CYS,WY,ANM,WE,Federal Contract Tower,0,0,3,5,8,0,19,29,4,52,0,19,32,9,60,39,33,72,132
01/15/2000,CYS,WY,ANM,WE,Federal Contract Tower,0,0,3,1,4,0,13,53,0,66,0,13,56,1,70,49,0,49,119
01/16/2000,CYS,WY,ANM,WE,Federal Contract Tower,0,0,2,2,4,0,11,49,0,60,0,11,51,2,64,13,0,13,77
01/17/2000,CYS,WY,ANM,WE,Federal Contract Tower,0,0,3,4,7,0,14,19,5,38,0,14,22,9,45,31,0,31,76
01/18/2000,CYS,WY,ANM,WE,Federal Contract Tower,0,3,10,12,25,0,17,24,0,41,0,20,34,12,66,14,112,126,192
01/19/2000,CYS,WY,ANM,WE,Federal Contract Tower,0,0,3,5,8,0,20,20,1,41,0,20,23,6,49,2,32,34,83
01/20/2000,CYS,WY,ANM,WE,Federal Contract Tower,0,2,5,7,14,2,14,18,6,40,2,16,23,13,54,19,118,137,191
01/21/2000,CYS,WY,ANM,WE,Federal Contract Tower,0,2,7,7,16,0,15,17,0,32,0,17,24,7,48,4,51,55,103
01/22/2000,CYS,WY,ANM,WE,Federal Contract Tower,0,0,3,3,6,0,10,33,0,43,0,10,36,3,49,28,6,34,83
01/23/2000,CYS,WY,ANM,WE,Federal Contract Tower,0,0,3,1,4,0,12,30,0,42,0,12,33,1,46,25,1,26,72
01/24/2000,CYS,WY,ANM,WE,Federal Contract Tower,0,2,6,7,15,0,13,14,0,27,0,15,20,7,42,7,109,116,158
01/25/2000,CYS,WY,ANM,WE,Federal Contract Tower,0,3,9,10,22,0,16,23,0,39,0,19,32,10,61,27,31,58,119
01/26/2000,CYS,WY,ANM,WE,Federal Contract Tower,0,3,8,2,13,0,26,20,0,46,0,29,28,2,59,20,75,95,154
01/27/2000,CYS,WY,ANM,WE,Federal Contract Tower,0,2,8,9,19,0,18,20,7,45,0,20,28,16,64,3,96,99,163
01/28/2000,CYS,WY,ANM,WE,Federal Contract Tower,0,2,7,8,17,0,28,14,0,42,0,30,21,8,59,2,20,22,81
01/29/2000,CYS,WY,ANM,WE,Federal Contract Tower,0,0,2,4,6,0,9,9,1,19,0,9,11,5,25,44,1,45,70
01/30/2000,CYS,WY,ANM,WE,Federal Contract Tower,0,0,0,1,1,0,15,36,0,51,0,15,36,1,52,68,0,68,120
01/31/2000,CYS,WY,ANM,WE,Federal Contract Tower,0,2,5,4,11,0,13,74,0,87,0,15,79,4,98,86,41,127,225
02/01/2000,CYS,WY,ANM,WE,Federal Contract Tower,0,2,8,6,16,0,16,19,0,35,0,18,27,6,51,34,88,122,173
02/02/2000,CYS,WY,ANM,WE,Federal Contract Tower,0,0,1,0,1,0,18,26,9,53,0,18,27,9,54,14,54,68,122
02/03/2000,CYS,WY,ANM,WE,Federal Contract Tower,0,3,10,11,24,0,18,19,11,48,0,21,29,22,72,19,60,79,151
02/04/2000,CYS,WY,ANM,WE,Federal Contract Tower,0,3,3,3,9,0,15,26,29,70,0,18,29,32,79,10,27,37,116
02/05/2000,CYS,WY,ANM,WE,Federal Contract Tower,0,1,2,5,8,0,9,31,2,42,0,10,33,7,50,71,11,82,132
02/06/2000,CYS,WY,ANM,WE,Federal Contract Tower,0,1,1,3,5,0,14,39,22,75,0,15,40,25,80,6,14,20,100
02/07/2000,CYS,WY,ANM,WE,Federal Contract Tower,0,1,2,5,8,0,17,33,1,51,0,18,35,6,59,30,33,63,122
02/08/2000,CYS,WY,ANM,WE,Federal Contract Tower,0,4,7,7,18,2,18,40,0,60,2,22,47,7,78,6,54,60,138
02/09/2000,CYS,WY,ANM,WE,Federal Contract Tower,0,1,2,1,4,0,17,23,0,40,0,18,25,1,44,68,43,111,155
02/10/2000,CYS,WY,ANM,WE,Federal Contract Tower,0,5,12,3,20,2,10,10,0,22,2,15,22,3,42,0,14,14,56
02/11/2000,CYS,WY,ANM,WE,Federal Contract Tower,0,2,7,2,11,0,15,18,0,33,0,17,25,2,44,5,45,50,94
02/12/2000,CYS,WY,ANM,WE,Federal Contract Tower,0,1,3,2,6,0,12,22,1,35,0,13,25,3,41,23,0,23,64
02/13/2000,CYS,WY,ANM,WE,Federal Contract Tower,0,0,2,0,2,0,15,11,0,26,0,15,13,0,28,0,0,0,28
02/14/2000,CYS,WY,ANM,WE,Federal Contract Tower,0,0,1,0,1,0,16,12,9,37,0,16,13,9,38,12,5,17,55
02/15/2000,CYS,WY,ANM,WE,Federal Contract Tower,0,0,2,0,2,0,32,16,14,62,0,32,18,14,64,2,17,19,83
02/16/2000,CYS,WY,ANM,WE,Federal Contract Tower,0,1,8,6,15,0,21,56,0,77,0,22,64,6,92,4,73,77,169
02/17/2000,CYS,WY,ANM,WE,Federal Contract Tower,0,1,6,3,10,0,10,11,0,21,0,11,17,3,31,0,0,0,31
02/18/2000,CYS,WY,ANM,WE,Federal Contract Tower,0,1,8,8,17,0,16,29,25,70,0,17,37,33,87,16,51,67,154
02/19/2000,CYS,WY,ANM,WE,Federal Contract Tower,0,0,2,0,2,0,14,50,1,65,0,14,52,1,67,25,0,25,92
02/20/2000,CYS,WY,ANM,WE,Federal Contract Tower,0,0,3,2,5,0,18,36,3,57,0,18,39,5,62,25,0,25,87
02/21/2000,CYS,WY,ANM,WE,Federal Contract Tower,0,0,3,2,5,0,18,56,0,74,0,18,59,2,79,63,0,63,142
02/22/2000,CYS,WY,ANM,WE,Federal Contract Tower,0,0,3,3,6,0,13,19,12,44,0,13,22,15,50,25,47,72,122
02/23/2000,CYS,WY,ANM,WE,Federal Contract Tower,0,2,11,5,18,0,16,5,0,21,0,18,16,5,39,94,122,216,255
02/24/2000,CYS,WY,ANM,WE,Federal Contract Tower,0,2,10,7,19,0,34,3,0,37,0,36,13,7,56,29,54,83,139
02/25/2000,CYS,WY,ANM,WE,Federal Contract Tower,0,0,0,0,0,0,15,12,2,29,0,15,12,2,29,0,0,0,29
02/26/2000,CYS,WY,ANM,WE,Federal Contract Tower,0,0,2,2,4,0,12,19,6,37,0,12,21,8,41,4,2,6,47
02/27/2000,CYS,WY,ANM,WE,Federal Contract Tower,0,0,2,0,2,0,17,54,1,72,0,17,56,1,74,33,1,34,108
02/28/2000,CYS,WY,ANM,WE,Federal Contract Tower,0,0,4,3,7,0,14,22,2,38,0,14,26,5,45,27,78,105,150
02/29/2000,CYS,WY,ANM,WE,Federal Contract Tower,0,1,5,3,9,0,14,22,5,41,0,15,27,8,50,22,105,127,177
03/01/2000,CYS,WY,ANM,WE,Federal Contract Tower,0,1,4,5,10,0,17,25,5,47,0,18,29,10,57,17,27,44,101
03/02/2000,CYS,WY,ANM,WE,Federal Contract Tower,0,5,8,10,23,0,11,17,11,39,0,16,25,21,62,23,15,38,100
03/03/2000,CYS,WY,ANM,WE,Federal Contract Tower,0,3,4,4,11,0,13,72,23,108,0,16,76,27,119,42,74,116,235
03/04/2000,CYS,WY,ANM,WE,Federal Contract Tower,0,1,2,2,5,0,13,77,4,94,0,14,79,6,99,50,17,67,166
03/05/2000,CYS,WY,ANM,WE,Federal Contract Tower,0,3,1,2,6,0,15,33,4,52,0,18,34,6,58,1,26,27,85
03/06/2000,CYS,WY,ANM,WE,Federal Contract Tower,0,3,2,2,7,0,12,28,4,44,0,15,30,6,51,56,16,72,123
03/07/2000,CYS,WY,ANM,WE,Federal Contract Tower,0,3,5,3,11,2,13,12,2,29,2,16,17,5,40,17,63,80,120
03/08/2000,CYS,WY,ANM,WE,Federal Contract Tower,0,3,4,2,9,0,19,20,0,39,0,22,24,2,48,0,13,13,61
03/09/2000,CYS,WY,ANM,WE,Federal Contract Tower,0,5,9,5,19,2,11,9,0,22,2,16,18,5,41,0,0,0,41
03/10/2000,CYS,WY,ANM,WE,Federal Contract Tower,0,1,2,1,4,0,14,21,3,38,0,15,23,4,42,15,0,15,57
03/11/2000,CYS,WY,ANM,WE,Federal Contract Tower,0,0,2,3,5,0,15,39,0,54,0,15,41,3,59,24,5,29,88
03/12/2000,CYS,WY,ANM,WE,Federal Contract Tower,0,0,1,0,1,0,16,52,0,68,0,16,53,0,69,23,0,23,92
03/13/2000,CYS,WY,ANM,WE,Federal Contract Tower,0,0,2,3,5,0,15,42,30,87,0,15,44,33,92,22,28,50,142
03/14/2000,CYS,WY,ANM,WE,Federal Contract Tower,0,2,2,3,7,0,17,37,3,57,0,19,39,6,64,17,44,61,125
03/15/2000,CYS,WY,ANM,WE,Federal Contract Tower,0,4,6,5,15,2,13,5,0,20,2,17,11,5,35,0,2,2,37
03/16/2000,CYS,WY,ANM,WE,Federal Contract Tower,0,1,4,5,10,2,15,51,7,75,2,16,55,12,85,29,54,83,168
03/17/2000,CYS,WY,ANM,WE,Federal Contract Tower,0,1,4,4,9,0,16,23,15,54,0,17,27,19,63,15,106,121,184
03/18/2000,CYS,WY,ANM,WE,Federal Contract Tower,0,0,1,2,3,0,14,25,1,40,0,14,26,3,43,0,3,3,46
03/19/2000,CYS,WY,ANM,WE,Federal Contract Tower,0,0,0,0,0,0,16,33,1,50,0,16,33,1,50,2,3,5,55
03/20/2000,CYS,WY,ANM,WE,Federal Contract Tower,0,1,4,4,9,0,7,2,0,9,0,8,6,4,18,0,0,0,18
03/21/2000,CYS,WY,ANM,WE,Federal Contract Tower,0,3,7,8,18,0,12,9,3,24,0,15,16,11,42,0,15,15,57
03/22/2000,CYS,WY,ANM,WE,Federal Contract Tower,0,0,2,2,4,2,16,43,26,87,2,16,45,28,91,6,27,33,124
03/23/2000,CYS,WY,ANM,WE,Federal Contract Tower,0,1,4,5,10,0,15,69,19,103,0,16,73,24,113,51,54,105,218
03/24/2000,CYS,WY,ANM,WE,Federal Contract Tower,0,1,2,4,7,0,15,38,8,61,0,16,40,12,68,19,106,125,193
03/25/2000,CYS,WY,ANM,WE,Federal Contract Tower,0,0,2,0,2,0,27,71,0,98,0,27,73,0,100,88,5,93,193
03/26/2000,CYS,WY,ANM,WE,Federal Contract Tower,0,0,0,2,2,0,20,23,1,44,0,20,23,3,46,4,1,5,51
03/27/2000,CYS,WY,ANM,WE,Federal Contract Tower,0,2,5,6,13,0,16,10,14,40,0,18,15,20,53,34,83,117,170
03/28/2000,CYS,WY,ANM,WE,Federal Contract Tower,0,2,4,6,12,0,14,11,6,31,0,16,15,12,43,39,92,131,174
03/29/2000,CYS,WY,ANM,WE,Federal Contract Tower,0,0,0,2,2,0,22,21,4,47,0,22,21,6,49,6,56,62,111
03/30/2000,CYS,WY,ANM,WE,Federal Contract Tower,0,1,4,5,10,0,17,12,8,37,0,18,16,13,47,0,19,19,66
03/31/2000,CYS,WY,ANM,WE,Federal Contract Tower,0,2,4,6,12,0,13,8,5,26,0,15,12,11,38,2,2,4,42
04/01/2000,CYS,WY,ANM,WE,Federal Contract Tower,0,1,0,0,1,0,16,59,6,81,0,17,59,6,82,47,0,47,129
04/02/2000,CYS,WY,ANM,WE,Federal Contract Tower,1,3,1,0,5,1,10,0,0,11,2,13,1,0,16,0,0,0,16
04/03/2000,CYS,WY,ANM,WE,Federal Contract Tower,1,8,4,3,16,1,11,17,0,29,2,19,21,3,45,11,25,36,81
04/04/2000,CYS,WY,ANM,WE,Federal Contract Tower,1,18,8,6,33,1,2,17,11,31,2,20,25,17,64,4,40,44,108
04/05/2000,CYS,WY,ANM,WE,Federal Contract Tower,0,16,7,6,29,0,7,20,5,32,0,23,27,11,61,11,4,15,76
04/06/2000,CYS,WY,ANM,WE,Federal Contract Tower,0,18,8,8,34,0,2,17,8,27,0,20,25,16,61,10,39,49,110
04/07/2000,CYS,WY,ANM,WE,Federal Contract Tower,0,6,3,3,12,0,15,18,0,33,0,21,21,3,45,3,50,53,98
04/08/2000,CYS,WY,ANM,WE,Federal Contract Tower,0,3,2,1,6,0,19,68,3,90,0,22,70,4,96,24,0,24,120
04/09/2000,CYS,WY,ANM,WE,Federal Contract Tower,0,12,5,3,20,0,2,43,0,45,0,14,48,3,65,4,0,4,69
04/10/2000,CYS,WY,ANM,WE,Federal Contract Tower,0,16,7,6,29,0,1,21,8,30,0,17,28,14,59,5,30,35,94
04/11/2000,CYS,WY,ANM,WE,Federal Contract Tower,0,0,0,0,0,1,19,49,22,91,1,19,49,22,91,34,56,90,181
04/12/2000,CYS,WY,ANM,WE,Federal Contract Tower,0,18,8,7,33,2,4,28,0,34,2,22,36,7,67,24,40,64,131
04/13/2000,CYS,WY,ANM,WE,Federal Contract Tower,0,21,9,8,38,0,0,32,2,34,0,21,41,10,72,26,39,65,137
04/14/2000,CYS,WY,ANM,WE,Federal Contract Tower,0,9,4,4,17,2,13,42,2,59,2,22,46,6,76,39,114,153,229
04/15/2000,CYS,WY,ANM,WE,Federal Contract Tower,0,2,0,0,2,0,8,4,2,14,0,10,4,2,16,0,26,26,42
04/16/2000,CYS,WY,ANM,WE,Federal Contract Tower,0,13,8,3,24,0,0,41,0,41,0,13,49,3,65,35,1,36,101
04/17/2000,CYS,WY,ANM,WE,Federal Contract Tower,0,9,4,2,15,0,5,70,24,99,0,14,74,26,114,47,103,150,264
04/18/2000,CYS,WY,ANM,WE,Federal Contract Tower,0,12,5,4,21,0,8,33,3,44,0,20,38,7,65,45,68,113,178
04/19/2000,CYS,WY,ANM,WE,Federal Contract Tower,0,8,3,3,14,0,17,24,7,48,0,25,27,10,62,0,0,0,62
04/20/2000,CYS,WY,ANM,WE,Federal Contract Tower,0,18,6,7,31,2,4,24,3,33,2,22,30,10,64,61,21,82,146
04/21/2000,CYS,WY,ANM,WE,Federal Contract Tower,0,14,7,8,29,1,0,57,5,63,1,14,64,13,92,23,0,23,115
04/22/2000,CYS,WY,ANM,WE,Federal Contract Tower,0,0,0,0,0,0,12,28,2,42,0,12,28,2,42,46,0,46,88
04/23/2000,CYS,WY,ANM,WE,Federal Contract Tower,0,14,5,0,19,0,2,9,0,11,0,16,14,0,30,2,0,2,32
04/24/2000,CYS,WY,ANM,WE,Federal Contract Tower,0,10,3,4,17,0,4,18,2,24,0,14,21,6,41,1,128,129,170
04/25/2000,CYS,WY,ANM,WE,Federal Contract Tower,0,6,1,2,9,0,11,54,9,74,0,17,55,11,83,55,124,179,262
04/26/2000,CYS,WY,ANM,WE,Federal Contract Tower,0,13,4,6,23,0,13,33,23,69,0,26,37,29,92,17,51,68,160
04/27/2000,CYS,WY,ANM,WE,Federal Contract Tower,0,13,4,6,23,0,3,46,8,57,0,16,50,14,80,107,34,141,221
04/28/2000,CYS,WY,ANM,WE,Federal Contract Tower,0,6,1,2,9,0,15,44,5,64,0,21,45,7,73,19,36,55,128
04/29/2000,CYS,WY,ANM,WE,Federal Contract Tower,0,9,3,2,14,0,7,20,0,27,0,16,23,2,41,15,7,22,63
04/30/2000,CYS,WY,ANM,WE,Federal Contract Tower,0,7,2,0,9,0,17,18,0,35,0,24,20,0,44,5,0,5,49
05/01/2000,CYS,WY,ANM,WE,Federal Contract Tower,0,1,4,5,10,0,20,44,9,73,0,21,48,14,83,16,57,73,156
05/02/2000,CYS,WY,ANM,WE,Federal Contract Tower,0,3,2,3,8,2,18,44,4,68,2,21,46,7,76,40,44,84,160
05/03/2000,CYS,WY,ANM,WE,Federal Contract Tower,0,1,1,3,5,0,22,48,13,83,0,23,49,16,88,11,75,86,174
05/04/2000,CYS,WY,ANM,WE,Federal Contract Tower,0,1,0,3,4,2,22,41,0,65,2,23,41,3,69,18,45,63,132
05/05/2000,CYS,WY,ANM,WE,Federal Contract Tower,0,1,1,0,2,0,23,36,6,65,0,24,37,6,67,33,8,41,108
05/06/2000,CYS,WY,ANM,WE,Federal Contract Tower,0,0,0,0,0,1,15,23,1,40,1,15,23,1,40,25,3,28,68
05/07/2000,CYS,WY,ANM,WE,Federal Contract Tower,0,3,2,1,6,0,8,35,4,47,0,11,37,5,53,13,11,24,77
05/08/2000,CYS,WY,ANM,WE,Federal Contract Tower,0,3,7,6,16,0,17,17,6,40,0,20,24,12,56,19,77,96,152
05/09/2000,CYS,WY,ANM,WE,Federal Contract Tower,0,3,5,4,12,0,18,40,17,75,0,21,45,21,87,5,31,36,123
05/10/2000,CYS,WY,ANM,WE,Federal Contract Tower,0,0,0,0,0,0,23,27,29,79,0,23,27,29,79,11,81,92,171
05/11/2000,CYS,WY,ANM,WE,Federal Contract Tower,0,0,1,2,3,0,20,23,2,45,0,20,24,4,48,0,0,0,48
05/12/2000,CYS,WY,ANM,WE,Federal Contract Tower,0,0,1,0,1,0,19,13,16,48,0,19,14,16,49,0,13,13,62
05/13/2000,CYS,WY,ANM,WE,Federal Contract Tower,0,3,5,4,12,0,40,64,6,110,0,43,69,10,122,6,10,16,138
05/14/2000,CYS,WY,ANM,WE,Federal Contract Tower,0,2,3,2,7,0,9,42,2,53,0,11,45,4,60,6,9,15,75
05/15/2000,CYS,WY,ANM,WE,Federal Contract Tower,0,2,3,2,7,0,18,28,7,53,0,20,31,9,60,0,0,0,60
05/16/2000,CYS,WY,ANM,WE,Federal Contract Tower,0,0,1,2,3,0,18,40,15,73,0,18,41,17,76,9,34,43,119
05/17/2000,CYS,WY,ANM,WE,Federal Contract Tower,0,2,4,1,7,0,8,11,0,19,0,10,15,1,26,0,0,0,26
05/18/2000,CYS,WY,ANM,WE,Federal Contract Tower,0,0,1,2,3,2,17,38,8,65,2,17,39,10,68,20,52,72,140
05/19/2000,CYS,WY,ANM,WE,Federal Contract Tower,0,0,2,2,4,0,19,47,8,74,0,19,49,10,78,32,8,40,118
05/20/2000,CYS,WY,ANM,WE,Federal Contract Tower,0,0,2,2,4,0,39,40,1,80,0,39,42,3,84,18,7,25,109
05/21/2000,CYS,WY,ANM,WE,Federal Contract Tower,0,0,1,0,1,0,14,48,5,67,0,14,49,5,68,29,9,38,106
05/22/2000,CYS,WY,ANM,WE,Federal Contract Tower,0,1,4,3,8,0,23,40,13,76,0,24,44,16,84,8,64,72,156
05/23/2000,CYS,WY,ANM,WE,Federal Contract Tower,0,1,4,2,7,2,24,46,33,105,2,25,50,35,112,26,92,118,230
05/24/2000,CYS,WY,ANM,WE,Federal Contract Tower,0,0,3,2,5,0,17,29,14,60,0,17,32,16,65,7,47,54,119
05/25/2000,CYS,WY,ANM,WE,Federal Contract Tower,0,0,0,0,0,0,0,0,0,0,0,0,0,0,0,0,121,121,121
05/26/2000,CYS,WY,ANM,WE,Federal Contract Tower,0,0,2,0,2,0,16,40,17,73,0,16,42,17,75,27,54,81,156
05/27/2000,CYS,WY,ANM,WE,Federal Contract Tower,0,0,2,2,4,0,11,68,1,80,0,11,70,3,84,8,0,8,92
05/28/2000,CYS,WY,ANM,WE,Federal Contract Tower,0,0,2,0,2,0,10,22,2,34,0,10,24,2,36,7,2,9,45
05/29/2000,CYS,WY,ANM,WE,Federal Contract Tower,0,0,2,0,2,0,9,34,4,47,0,9,36,4,49,2,2,4,53
05/30/2000,CYS,WY,ANM,WE,Federal Contract Tower,0,3,8,6,17,0,19,25,2,46,0,22,33,8,63,2,80,82,145
05/31/2000,CYS,WY,ANM,WE,Federal Contract Tower,0,1,4,3,8,0,21,40,6,67,0,22,44,9,75,14,62,76,151
06/01/2000,CYS,WY,ANM,WE,Federal Contract Tower,0,0,0,0,0,0,18,60,12,90,0,18,60,12,90,8,2,10,100
06/02/2000,CYS,WY,ANM,WE,Federal Contract Tower,0,0,3,2,5,0,16,59,6,81,0,16,62,8,86,6,82,88,174
06/03/2000,CYS,WY,ANM,WE,Federal Contract Tower,0,0,0,2,2,0,13,29,4,46,0,13,29,6,48,29,0,29,77
06/04/2000,CYS,WY,ANM,WE,Federal Contract Tower,0,0,3,2,5,0,14,49,2,65,0,14,52,4,70,17,6,23,93
06/05/2000,CYS,WY,ANM,WE,Federal Contract Tower,0,0,2,2,4,0,18,46,10,74,0,18,48,12,78,30,17,47,125
06/06/2000,CYS,WY,ANM,WE,Federal Contract Tower,0,0,2,2,4,0,22,27,15,64,0,22,29,17,68,36,54,90,158
06/07/2000,CYS,WY,ANM,WE,Federal Contract Tower,0,0,0,1,1,0,15,34,7,56,0,15,34,8,57,23,56,79,136
06/08/2000,CYS,WY,ANM,WE,Federal Contract Tower,0,0,0,1,1,0,17,21,26,64,0,17,21,27,65,43,113,156,221
06/09/2000,CYS,WY,ANM,WE,Federal Contract Tower,0,0,0,0,0,1,16,30,6,53,1,16,30,6,53,21,16,37,90
06/10/2000,CYS,WY,ANM,WE,Federal Contract Tower,0,0,0,0,0,0,16,37,8,61,0,16,37,8,61,27,0,27,88
06/11/2000,CYS,WY,ANM,WE,Federal Contract Tower,0,0,2,0,2,0,3,6,0,9,0,3,8,0,11,0,0,0,11
06/12/2000,CYS,WY,ANM,WE,Federal Contract Tower,0,0,2,2,4,0,17,46,14,77,0,17,48,16,81,10,92,102,183
06/13/2000,CYS,WY,ANM,WE,Federal Contract Tower,0,0,3,2,5,0,21,36,19,76,0,21,39,21,81,2,80,82,163
06/14/2000,CYS,WY,ANM,WE,Federal Contract Tower,0,0,5,5,10,0,16,29,25,70,0,16,34,30,80,33,36,69,149
06/15/2000,CYS,WY,ANM,WE,Federal Contract Tower,0,0,0,0,0,0,21,29,4,54,0,21,29,4,54,6,7,13,67
06/16/2000,CYS,WY,ANM,WE,Federal Contract Tower,0,0,5,5,10,0,15,48,11,74,0,15,53,16,84,27,11,38,122
06/17/2000,CYS,WY,ANM,WE,Federal Contract Tower,0,0,2,1,3,0,7,17,37,61,0,7,19,38,64,8,38,46,110
06/18/2000,CYS,WY,ANM,WE,Federal Contract Tower,0,0,0,1,1,0,15,49,34,98,0,15,49,35,99,18,0,18,117
06/19/2000,CYS,WY,ANM,WE,Federal Contract Tower,0,0,2,4,6,0,17,32,45,94,0,17,34,49,100,0,0,0,100
06/20/2000,CYS,WY,ANM,WE,Federal Contract Tower,0,0,2,3,5,0,19,51,17,87,0,19,53,20,92,14,0,14,106
06/21/2000,CYS,WY,ANM,WE,Federal Contract Tower,0,0,6,8,14,0,21,60,4,85,0,21,66,12,99,52,14,66,165
06/22/2000,CYS,WY,ANM,WE,Federal Contract Tower,0,0,3,5,8,2,22,68,24,116,2,22,71,29,124,18,48,66,190
06/23/2000,CYS,WY,ANM,WE,Federal Contract Tower,0,0,1,3,4,2,22,52,10,86,2,22,53,13,90,17,86,103,193
06/24/2000,CYS,WY,ANM,WE,Federal Contract Tower,0,0,0,2,2,0,19,50,6,75,0,19,50,8,77,23,1,24,101
06/25/2000,CYS,WY,ANM,WE,Federal Contract Tower,0,0,3,4,7,0,12,33,5,50,0,12,36,9,57,16,0,16,73
06/26/2000,CYS,WY,ANM,WE,Federal Contract Tower,0,8,9,4,21,2,9,17,25,53,2,17,26,29,74,20,11,31,105
06/27/2000,CYS,WY,ANM,WE,Federal Contract Tower,0,0,5,7,12,0,22,27,32,81,0,22,32,39,93,13,20,33,126
06/28/2000,CYS,WY,ANM,WE,Federal Contract Tower,0,0,4,6,10,4,16,69,32,121,4,16,73,38,131,48,39,87,218
06/29/2000,CYS,WY,ANM,WE,Federal Contract Tower,0,0,0,0,0,4,16,49,15,84,4,16,49,15,84,30,52,82,166
06/30/2000,CYS,WY,ANM,WE,Federal Contract Tower,0,0,3,4,7,0,22,53,2,77,0,22,56,6,84,55,35,90,174
07/01/2000,CYS,WY,ANM,WE,Federal Contract Tower,0,1,1,1,3,0,18,50,0,68,0,19,51,1,71,2,0,2,73
07/02/2000,CYS,WY,ANM,WE,Federal Contract Tower,0,0,0,0,0,0,10,53,0,63,0,10,53,0,63,19,0,19,82
07/03/2000,CYS,WY,ANM,WE,Federal Contract Tower,0,1,1,2,4,0,14,34,0,48,0,15,35,2,52,19,0,19,71
07/04/2000,CYS,WY,ANM,WE,Federal Contract Tower,0,0,2,0,2,2,8,57,0,67,2,8,59,0,69,54,0,54,123
07/05/2000,CYS,WY,ANM,WE,Federal Contract Tower,0,1,2,1,4,0,17,47,8,72,0,18,49,9,76,23,15,38,114
07/06/2000,CYS,WY,ANM,WE,Federal Contract Tower,0,6,3,5,14,2,9,55,13,79,2,15,58,18,93,20,108,128,221
07/07/2000,CYS,WY,ANM,WE,Federal Contract Tower,0,0,4,4,8,2,25,32,21,80,2,25,36,25,88,45,33,78,166
07/08/2000,CYS,WY,ANM,WE,Federal Contract Tower,0,0,4,4,8,0,10,46,3,59,0,10,50,7,67,10,0,10,77
07/09/2000,CYS,WY,ANM,WE,Federal Contract Tower,0,0,2,0,2,0,14,27,4,45,0,14,29,4,47,32,9,41,88
07/10/2000,CYS,WY,ANM,WE,Federal Contract Tower,0,0,2,0,2,0,12,49,7,68,0,12,51,7,70,14,4,18,88
07/11/2000,CYS,WY,ANM,WE,Federal Contract Tower,0,0,4,4,8,0,20,50,15,85,0,20,54,19,93,46,42,88,181
07/12/2000,CYS,WY,ANM,WE,Federal Contract Tower,0,0,4,3,7,2,12,68,19,101,2,12,72,22,108,39,8,47,155
07/13/2000,CYS,WY,ANM,WE,Federal Contract Tower,0,0,3,1,4,0,16,65,6,87,0,16,68,7,91,19,66,85,176
07/14/2000,CYS,WY,ANM,WE,Federal Contract Tower,0,0,6,4,10,0,21,58,9,88,0,21,64,13,98,39,36,75,173
07/15/2000,CYS,WY,ANM,WE,Federal Contract Tower,0,0,2,0,2,0,15,50,0,65,0,15,52,0,67,7,1,8,75
07/16/2000,CYS,WY,ANM,WE,Federal Contract Tower,0,0,4,1,5,6,8,44,0,58,6,8,48,1,63,2,0,2,65
07/17/2000,CYS,WY,ANM,WE,Federal Contract Tower,0,5,3,4,12,0,7,39,10,56,0,12,42,14,68,2,34,36,104
07/18/2000,CYS,WY,ANM,WE,Federal Contract Tower,0,0,3,1,4,0,22,64,19,105,0,22,67,20,109,45,47,92,201
07/19/2000,CYS,WY,ANM,WE,Federal Contract Tower,0,0,4,3,7,0,17,62,7,86,0,17,66,10,93,55,12,67,160
07/20/2000,CYS,WY,ANM,WE,Federal Contract Tower,0,0,4,2,6,0,24,50,10,84,0,24,54,12,90,59,56,115,205
07/21/2000,CYS,WY,ANM,WE,Federal Contract Tower,0,0,5,3,8,0,17,51,4,72,0,17,56,7,80,57,32,89,169
07/22/2000,CYS,WY,ANM,WE,Federal Contract Tower,0,0,4,3,7,0,16,64,3,83,0,16,68,6,90,27,3,30,120
07/23/2000,CYS,WY,ANM,WE,Federal Contract Tower,0,0,4,3,7,0,14,74,4,92,0,14,78,7,99,32,4,36,135
07/24/2000,CYS,WY,ANM,WE,Federal Contract Tower,0,0,2,1,3,2,11,83,18,114,2,11,85,19,117,18,18,36,153
07/25/2000,CYS,WY,ANM,WE,Federal Contract Tower,0,0,2,1,3,0,18,51,8,77,0,18,53,9,80,13,60,73,153
07/26/2000,CYS,WY,ANM,WE,Federal Contract Tower,0,0,3,2,5,0,16,47,14,77,0,16,50,16,82,32,34,66,148
07/27/2000,CYS,WY,ANM,WE,Federal Contract Tower,0,0,3,2,5,0,13,47,7,67,0,13,50,9,72,21,16,37,109
07/28/2000,CYS,WY,ANM,WE,Federal Contract Tower,0,0,2,0,2,0,15,74,10,99,0,15,76,10,101,18,8,26,127
07/29/2000,CYS,WY,ANM,WE,Federal Contract Tower,0,0,2,0,2,0,17,104,4,125,0,17,106,4,127,8,1,9,136
07/30/2000,CYS,WY,ANM,WE,Federal Contract Tower,0,0,3,2,5,0,12,87,1,100,0,12,90,3,105,20,0,20,125
07/31/2000,CYS,WY,ANM,WE,Federal Contract Tower,0,0,2,1,3,0,19,90,8,117,0,19,92,9,120,15,13,28,148
08/01/2000,CYS,WY,ANM,WE,Federal Contract Tower,0,0,0,1,1,0,13,81,15,109,0,13,81,16,110,26,61,87,197
08/02/2000,CYS,WY,ANM,WE,Federal Contract Tower,0,4,5,5,14,0,16,59,12,87,0,20,64,17,101,25,30,55,156
08/03/2000,CYS,WY,ANM,WE,Federal Contract Tower,0,2,2,1,5,10,20,46,4,80,10,22,48,5,85,19,25,44,129
08/04/2000,CYS,WY,ANM,WE,Federal Contract Tower,0,0,2,0,2,0,21,57,16,94,0,21,59,16,96,17,19,36,132
08/05/2000,CYS,WY,ANM,WE,Federal Contract Tower,0,0,3,0,3,0,16,30,5,51,0,16,33,5,54,17,1,18,72
08/06/2000,CYS,WY,ANM,WE,Federal Contract Tower,0,2,2,1,5,0,10,71,3,84,0,12,73,4,89,15,11,26,115
08/07/2000,CYS,WY,ANM,WE,Federal Contract Tower,0,0,3,0,3,0,15,59,5,79,0,15,62,5,82,26,34,60,142
08/08/2000,CYS,WY,ANM,WE,Federal Contract Tower,0,2,2,1,5,0,28,51,8,87,0,30,53,9,92,39,23,62,154
08/09/2000,CYS,WY,ANM,WE,Federal Contract Tower,0,3,3,3,9,0,29,38,10,77,0,32,41,13,86,12,30,42,128
08/10/2000,CYS,WY,ANM,WE,Federal Contract Tower,0,6,8,5,19,0,18,87,12,117,0,24,95,17,136,28,59,87,223
08/11/2000,CYS,WY,ANM,WE,Federal Contract Tower,0,2,3,2,7,0,21,59,2,82,0,23,62,4,89,0,74,74,163
08/12/2000,CYS,WY,ANM,WE,Federal Contract Tower,0,0,0,0,0,0,16,32,0,48,0,16,32,0,48,14,0,14,62
08/13/2000,CYS,WY,ANM,WE,Federal Contract Tower,0,3,3,3,9,0,12,45,0,57,0,15,48,3,66,18,1,19,85
08/14/2000,CYS,WY,ANM,WE,Federal Contract Tower,0,0,1,0,1,0,22,63,14,99,0,22,64,14,100,12,0,12,112
08/15/2000,CYS,WY,ANM,WE,Federal Contract Tower,0,0,2,0,2,0,26,50,8,84,0,26,52,8,86,15,60,75,161
08/16/2000,CYS,WY,ANM,WE,Federal Contract Tower,0,0,2,0,2,2,47,49,16,114,2,47,51,16,116,5,22,27,143
08/17/2000,CYS,WY,ANM,WE,Federal Contract Tower,0,0,3,0,3,14,40,55,15,124,14,40,58,15,127,10,30,40,167
08/18/2000,CYS,WY,ANM,WE,Federal Contract Tower,0,5,6,4,15,0,33,37,2,72,0,38,43,6,87,12,9,21,108
08/19/2000,CYS,WY,ANM,WE,Federal Contract Tower,0,0,3,0,3,0,24,61,6,91,0,24,64,6,94,34,8,42,136
08/20/2000,CYS,WY,ANM,WE,Federal Contract Tower,0,2,2,2,6,0,16,46,17,79,0,18,48,19,85,16,2,18,103
08/21/2000,CYS,WY,ANM,WE,Federal Contract Tower,0,3,4,3,10,0,13,68,18,99,0,16,72,21,109,21,6,27,136
08/22/2000,CYS,WY,ANM,WE,Federal Contract Tower,0,6,8,6,20,2,19,76,21,118,2,25,84,27,138,0,53,53,191
08/23/2000,CYS,WY,ANM,WE,Federal Contract Tower,0,3,4,3,10,0,28,70,20,118,0,31,74,23,128,23,18,41,169
08/24/2000,CYS,WY,ANM,WE,Federal Contract Tower,0,3,3,3,9,0,31,49,18,98,0,34,52,21,107,0,14,14,121
08/25/2000,CYS,WY,ANM,WE,Federal Contract Tower,0,3,3,3,9,0,32,39,3,74,0,35,42,6,83,28,10,38,121
08/26/2000,CYS,WY,ANM,WE,Federal Contract Tower,0,7,9,0,16,0,39,62,0,101,0,46,71,0,117,26,2,28,145
08/27/2000,CYS,WY,ANM,WE,Federal Contract Tower,0,2,2,1,5,0,17,39,0,56,0,19,41,1,61,39,7,46,107
08/28/2000,CYS,WY,ANM,WE,Federal Contract Tower,0,3,6,5,14,0,17,16,15,48,0,20,22,20,62,19,108,127,189
08/29/2000,CYS,WY,ANM,WE,Federal Contract Tower,0,3,4,4,11,0,28,51,10,89,0,31,55,14,100,63,25,88,188
08/30/2000,CYS,WY,ANM,WE,Federal Contract Tower,0,2,3,3,8,0,28,39,8,75,0,30,42,11,83,13,35,48,131
08/31/2000,CYS,WY,ANM,WE,Federal Contract Tower,0,0,3,0,3,4,14,22,13,53,4,14,25,13,56,26,36,62,118
09/01/2000,CYS,WY,ANM,WE,Federal Contract Tower,0,1,0,0,1,0,20,27,2,49,0,21,27,2,50,24,16,40,90
09/02/2000,CYS,WY,ANM,WE,Federal Contract Tower,0,2,2,2,6,0,18,60,0,78,0,20,62,2,84,5,11,16,100
09/03/2000,CYS,WY,ANM,WE,Federal Contract Tower,0,2,1,0,3,0,10,44,0,54,0,12,45,0,57,30,0,30,87
09/04/2000,CYS,WY,ANM,WE,Federal Contract Tower,0,6,4,3,13,8,23,69,2,102,8,29,73,5,115,44,1,45,160
09/05/2000,CYS,WY,ANM,WE,Federal Contract Tower,0,4,2,3,9,0,25,48,10,83,0,29,50,13,92,1,42,43,135
09/06/2000,CYS,WY,ANM,WE,Federal Contract Tower,0,6,4,4,14,0,21,62,4,87,0,27,66,8,101,25,76,101,202
09/07/2000,CYS,WY,ANM,WE,Federal Contract Tower,0,7,5,4,16,0,23,15,8,46,0,30,20,12,62,35,26,61,123
09/08/2000,CYS,WY,ANM,WE,Federal Contract Tower,0,6,4,4,14,0,38,35,1,74,0,44,39,5,88,16,9,25,113
09/09/2000,CYS,WY,ANM,WE,Federal Contract Tower,0,2,1,2,5,0,15,29,4,48,0,17,30,6,53,21,3,24,77
09/10/2000,CYS,WY,ANM,WE,Federal Contract Tower,0,4,2,3,9,1,19,35,2,57,1,23,37,5,66,1,12,13,79
09/11/2000,CYS,WY,ANM,WE,Federal Contract Tower,0,7,6,4,17,1,51,44,4,100,1,58,50,8,117,30,15,45,162
09/12/2000,CYS,WY,ANM,WE,Federal Contract Tower,0,5,4,3,12,0,30,48,5,83,0,35,52,8,95,35,29,64,159
09/13/2000,CYS,WY,ANM,WE,Federal Contract Tower,0,7,6,4,17,0,21,47,11,79,0,28,53,15,96,20,19,39,135
09/14/2000,CYS,WY,ANM,WE,Federal Contract Tower,0,9,7,5,21,0,15,59,10,84,0,24,66,15,105,13,32,45,150
09/15/2000,CYS,WY,ANM,WE,Federal Contract Tower,0,6,4,3,13,1,28,52,5,86,1,34,56,8,99,32,59,91,190
09/16/2000,CYS,WY,ANM,WE,Federal Contract Tower,0,3,1,2,6,1,28,57,1,87,1,31,58,3,93,24,3,27,120
09/17/2000,CYS,WY,ANM,WE,Federal Contract Tower,0,7,3,1,11,0,36,45,0,81,0,43,48,1,92,24,9,33,125
09/18/2000,CYS,WY,ANM,WE,Federal Contract Tower,0,12,8,5,25,0,58,28,4,90,0,70,36,9,115,23,30,53,168
09/19/2000,CYS,WY,ANM,WE,Federal Contract Tower,0,11,7,5,23,0,18,37,9,64,0,29,44,14,87,11,97,108,195
09/20/2000,CYS,WY,ANM,WE,Federal Contract Tower,0,3,2,1,6,1,21,20,19,61,1,24,22,20,67,29,27,56,123
09/21/2000,CYS,WY,ANM,WE,Federal Contract Tower,0,7,4,2,13,0,22,29,10,61,0,29,33,12,74,11,48,59,133
09/22/2000,CYS,WY,ANM,WE,Federal Contract Tower,0,9,6,2,17,4,19,2,0,25,4,28,8,2,42,0,0,0,42
09/23/2000,CYS,WY,ANM,WE,Federal Contract Tower,0,4,2,0,6,0,10,0,0,10,0,14,2,0,16,0,0,0,16
09/24/2000,CYS,WY,ANM,WE,Federal Contract Tower,0,1,0,0,1,0,31,46,8,85,0,32,46,8,86,14,0,14,100
09/25/2000,CYS,WY,ANM,WE,Federal Contract Tower,0,6,4,2,12,0,49,61,6,116,0,55,65,8,128,14,52,66,194
09/26/2000,CYS,WY,ANM,WE,Federal Contract Tower,0,9,6,4,19,0,56,45,14,115,0,65,51,18,134,49,37,86,220
09/27/2000,CYS,WY,ANM,WE,Federal Contract Tower,0,7,4,3,14,0,41,47,6,94,0,48,51,9,108,37,15,52,160
09/28/2000,CYS,WY,ANM,WE,Federal Contract Tower,0,9,6,4,19,0,36,52,9,97,0,45,58,13,116,37,35,72,188
09/29/2000,CYS,WY,ANM,WE,Federal Contract Tower,0,8,5,3,16,2,48,38,7,95,2,56,43,10,111,18,27,45,156
09/30/2000,CYS,WY,ANM,WE,Federal Contract Tower,0,2,2,0,4,2,22,57,16,97,2,24,59,16,101,18,1,19,120
10/01/2000,CYS,WY,ANM,WE,Federal Contract Tower,0,2,0,0,2,0,9,24,1,34,0,11,24,1,36,10,2,12,48
10/02/2000,CYS,WY,ANM,WE,Federal Contract Tower,0,6,7,3,16,0,30,29,30,89,0,36,36,33,105,35,42,77,182
10/03/2000,CYS,WY,ANM,WE,Federal Contract Tower,0,7,7,4,18,0,39,23,4,66,0,46,30,8,84,13,78,91,175
10/04/2000,CYS,WY,ANM,WE,Federal Contract Tower,0,7,5,3,15,0,38,25,1,64,0,45,30,4,79,3,17,20,99
10/05/2000,CYS,WY,ANM,WE,Federal Contract Tower,0,11,9,5,25,2,29,29,11,71,2,40,38,16,96,33,0,33,129
10/06/2000,CYS,WY,ANM,WE,Federal Contract Tower,0,11,8,1,20,2,37,4,0,43,2,48,12,1,63,1,0,1,64
10/07/2000,CYS,WY,ANM,WE,Federal Contract Tower,0,4,3,2,9,0,19,20,1,40,0,23,23,3,49,37,0,37,86
10/08/2000,CYS,WY,ANM,WE,Federal Contract Tower,0,5,3,0,8,0,17,43,0,60,0,22,46,0,68,21,5,26,94
10/09/2000,CYS,WY,ANM,WE,Federal Contract Tower,0,4,3,2,9,0,27,47,2,76,0,31,50,4,85,39,4,43,128
10/10/2000,CYS,WY,ANM,WE,Federal Contract Tower,0,6,4,3,13,0,53,63,12,128,0,59,67,15,141,27,19,46,187
10/11/2000,CYS,WY,ANM,WE,Federal Contract Tower,0,7,4,4,15,0,51,40,8,99,0,58,44,12,114,53,29,82,196
10/12/2000,CYS,WY,ANM,WE,Federal Contract Tower,0,14,10,8,32,0,45,48,20,113,0,59,58,28,145,42,110,152,297
10/13/2000,CYS,WY,ANM,WE,Federal Contract Tower,0,7,4,4,15,0,55,42,89,186,0,62,46,93,201,9,56,65,266
10/14/2000,CYS,WY,ANM,WE,Federal Contract Tower,0,1,0,0,1,0,21,27,12,60,0,22,27,12,61,29,3,32,93
10/15/2000,CYS,WY,ANM,WE,Federal Contract Tower,0,6,4,3,13,0,16,73,17,106,0,22,77,20,119,34,7,41,160
10/16/2000,CYS,WY,ANM,WE,Federal Contract Tower,0,7,4,4,15,0,27,45,88,160,0,34,49,92,175,27,14,41,216
10/17/2000,CYS,WY,ANM,WE,Federal Contract Tower,0,9,6,5,20,0,33,32,11,76,0,42,38,16,96,74,69,143,239
10/18/2000,CYS,WY,ANM,WE,Federal Contract Tower,0,6,4,3,13,0,23,61,6,90,0,29,65,9,103,20,24,44,147
10/19/2000,CYS,WY,ANM,WE,Federal Contract Tower,0,7,5,4,16,0,35,62,13,110,0,42,67,17,126,42,93,135,261
10/20/2000,CYS,WY,ANM,WE,Federal Contract Tower,0,8,6,4,18,2,33,61,25,121,2,41,67,29,139,18,20,38,177
10/21/2000,CYS,WY,ANM,WE,Federal Contract Tower,0,3,2,2,7,0,24,60,2,86,0,27,62,4,93,34,0,34,127
10/22/2000,CYS,WY,ANM,WE,Federal Contract Tower,0,10,4,4,18,2,19,0,1,22,2,29,4,5,40,0,0,0,40
10/23/2000,CYS,WY,ANM,WE,Federal Contract Tower,0,14,8,2,24,0,13,14,0,27,0,27,22,2,51,1,0,1,52
10/24/2000,CYS,WY,ANM,WE,Federal Contract Tower,0,14,9,6,29,6,22,18,3,49,6,36,27,9,78,5,41,46,124
10/25/2000,CYS,WY,ANM,WE,Federal Contract Tower,0,10,6,4,20,0,22,28,5,55,0,32,34,9,75,76,55,131,206
10/26/2000,CYS,WY,ANM,WE,Federal Contract Tower,0,7,4,2,13,0,24,52,4,80,0,31,56,6,93,24,45,69,162
10/27/2000,CYS,WY,ANM,WE,Federal Contract Tower,0,15,9,1,25,0,17,20,0,37,0,32,29,1,62,31,64,95,157
10/28/2000,CYS,WY,ANM,WE,Federal Contract Tower,0,10,6,2,18,0,9,8,0,17,0,19,14,2,35,28,0,28,63
10/29/2000,CYS,WY,ANM,WE,Federal Contract Tower,0,8,5,2,15,0,45,26,0,71,0,53,31,2,86,8,0,8,94
10/30/2000,CYS,WY,ANM,WE,Federal Contract Tower,0,7,4,3,14,0,33,26,13,72,0,40,30,16,86,68,26,94,180
10/31/2000,CYS,WY,ANM,WE,Federal Contract Tower,0,12,3,2,17,0,21,0,0,21,0,33,3,2,38,0,0,0,38
11/01/2000,CYS,WY,ANM,WE,Federal Contract Tower,0,9,5,3,17,0,46,7,5,58,0,55,12,8,75,7,14,21,96
11/02/2000,CYS,WY,ANM,WE,Federal Contract Tower,0,10,7,4,21,0,35,37,14,86,0,45,44,18,107,17,9,26,133
11/03/2000,CYS,WY,ANM,WE,Federal Contract Tower,0,4,3,4,11,0,19,41,5,65,0,23,44,9,76,49,19,68,144
11/04/2000,CYS,WY,ANM,WE,Federal Contract Tower,0,3,2,3,8,0,23,66,15,104,0,26,68,18,112,27,5,32,144
11/05/2000,CYS,WY,ANM,WE,Federal Contract Tower,0,6,2,4,12,0,17,0,9,26,0,23,2,13,38,0,0,0,38
11/06/2000,CYS,WY,ANM,WE,Federal Contract Tower,0,4,2,0,6,0,35,16,0,51,0,39,18,0,57,8,35,43,100
11/07/2000,CYS,WY,ANM,WE,Federal Contract Tower,0,0,0,0,0,0,40,17,8,65,0,40,17,8,65,0,12,12,77
11/08/2000,CYS,WY,ANM,WE,Federal Contract Tower,0,16,9,7,32,2,27,28,9,66,2,43,37,16,98,29,67,96,194
11/09/2000,CYS,WY,ANM,WE,Federal Contract Tower,0,11,5,5,21,0,27,21,2,50,0,38,26,7,71,14,27,41,112
11/10/2000,CYS,WY,ANM,WE,Federal Contract Tower,0,5,2,2,9,0,8,8,0,16,0,13,10,2,25,0,0,0,25
11/11/2000,CYS,WY,ANM,WE,Federal Contract Tower,0,3,2,2,7,2,10,1,0,13,2,13,3,2,20,0,0,0,20
11/12/2000,CYS,WY,ANM,WE,Federal Contract Tower,0,0,0,0,0,0,15,12,4,31,0,15,12,4,31,5,0,5,36
11/13/2000,CYS,WY,ANM,WE,Federal Contract Tower,0,10,4,4,18,0,26,60,0,86,0,36,64,4,104,20,17,37,141
11/14/2000,CYS,WY,ANM,WE,Federal Contract Tower,0,17,8,7,32,0,16,32,2,50,0,33,40,9,82,19,87,106,188
11/15/2000,CYS,WY,ANM,WE,Federal Contract Tower,0,12,4,5,21,0,39,24,9,72,0,51,28,14,93,0,37,37,130
11/16/2000,CYS,WY,ANM,WE,Federal Contract Tower,0,14,5,6,25,0,32,24,12,68,0,46,29,18,93,8,71,79,172
11/17/2000,CYS,WY,ANM,WE,Federal Contract Tower,0,12,5,1,18,0,47,17,0,64,0,59,22,1,82,0,66,66,148
11/18/2000,CYS,WY,ANM,WE,Federal Contract Tower,0,5,2,1,8,0,27,21,2,50,0,32,23,3,58,7,0,7,65
11/19/2000,CYS,WY,ANM,WE,Federal Contract Tower,0,5,3,1,9,0,21,26,6,53,0,26,29,7,62,33,0,33,95
11/20/2000,CYS,WY,ANM,WE,Federal Contract Tower,0,5,3,1,9,0,33,41,6,80,0,38,44,7,89,54,22,76,165
11/21/2000,CYS,WY,ANM,WE,Federal Contract Tower,0,12,5,4,21,0,26,35,40,101,0,38,40,44,122,76,80,156,278
11/22/2000,CYS,WY,ANM,WE,Federal Contract Tower,0,3,1,1,5,0,30,53,2,85,0,33,54,3,90,38,74,112,202
11/23/2000,CYS,WY,ANM,WE,Federal Contract Tower,0,1,0,0,1,0,10,39,0,49,0,11,39,0,50,15,0,15,65
11/24/2000,CYS,WY,ANM,WE,Federal Contract Tower,0,3,1,0,4,0,11,35,0,46,0,14,36,0,50,26,0,26,76
11/25/2000,CYS,WY,ANM,WE,Federal Contract Tower,0,4,2,0,6,0,27,58,0,85,0,31,60,0,91,29,0,29,120
11/26/2000,CYS,WY,ANM,WE,Federal Contract Tower,0,4,2,0,6,0,37,11,0,48,0,41,13,0,54,12,2,14,68
11/27/2000,CYS,WY,ANM,WE,Federal Contract Tower,0,9,5,3,17,0,18,23,77,118,0,27,28,80,135,16,52,68,203
11/28/2000,CYS,WY,ANM,WE,Federal Contract Tower,0,11,5,4,20,0,40,42,5,87,0,51,47,9,107,11,51,62,169
11/29/2000,CYS,WY,ANM,WE,Federal Contract Tower,0,10,5,3,18,0,32,43,7,82,0,42,48,10,100,20,61,81,181
11/30/2000,CYS,WY,ANM,WE,Federal Contract Tower,0,3,1,1,5,0,20,16,4,40,0,23,17,5,45,0,28,28,73
12/01/2000,CYS,WY,ANM,WE,Federal Contract Tower,0,7,4,2,13,0,27,51,0,78,0,34,55,2,91,52,165,217,308
12/02/2000,CYS,WY,ANM,WE,Federal Contract Tower,0,11,8,6,25,0,31,56,3,90,0,42,64,9,115,58,21,79,194
12/03/2000,CYS,WY,ANM,WE,Federal Contract Tower,0,5,5,1,11,0,19,32,0,51,0,24,37,1,62,7,20,27,89
12/04/2000,CYS,WY,ANM,WE,Federal Contract Tower,0,6,5,4,15,0,42,49,0,91,0,48,54,4,106,78,67,145,251
12/05/2000,CYS,WY,ANM,WE,Federal Contract Tower,0,6,5,5,16,0,14,18,6,38,0,20,23,11,54,2,18,20,74
12/06/2000,CYS,WY,ANM,WE,Federal Contract Tower,0,4,4,4,12,0,36,30,4,70,0,40,34,8,82,1,113,114,196
12/07/2000,CYS,WY,ANM,WE,Federal Contract Tower,0,3,3,3,9,0,42,23,15,80,0,45,26,18,89,2,59,61,150
12/08/2000,CYS,WY,ANM,WE,Federal Contract Tower,0,4,3,4,11,0,19,4,0,23,0,23,7,4,34,1,35,36,70
12/09/2000,CYS,WY,ANM,WE,Federal Contract Tower,0,3,1,3,7,0,25,31,2,58,0,28,32,5,65,3,0,3,68
12/10/2000,CYS,WY,ANM,WE,Federal Contract Tower,0,5,2,1,8,0,11,2,0,13,0,16,4,1,21,0,0,0,21
12/11/2000,CYS,WY,ANM,WE,Federal Contract Tower,0,10,4,5,19,0,50,11,2,63,0,60,15,7,82,25,19,44,126
12/12/2000,CYS,WY,ANM,WE,Federal Contract Tower,0,8,3,4,15,0,37,27,3,67,0,45,30,7,82,17,68,85,167
12/13/2000,CYS,WY,ANM,WE,Federal Contract Tower,0,4,3,1,8,0,37,24,4,65,0,41,27,5,73,2,10,12,85
12/14/2000,CYS,WY,ANM,WE,Federal Contract Tower,0,6,4,2,12,0,34,24,1,59,0,40,28,3,71,2,18,20,91
12/15/2000,CYS,WY,ANM,WE,Federal Contract Tower,0,3,0,0,3,0,30,18,7,55,0,33,18,7,58,0,85,85,143
12/16/2000,CYS,WY,ANM,WE,Federal Contract Tower,0,3,2,0,5,0,29,6,0,35,0,32,8,0,40,12,4,16,56
12/17/2000,CYS,WY,ANM,WE,Federal Contract Tower,0,6,3,2,11,3,35,2,0,40,3,41,5,2,51,2,7,9,60
12/18/2000,CYS,WY,ANM,WE,Federal Contract Tower,0,6,4,2,12,0,40,14,4,58,0,46,18,6,70,16,6,22,92
12/19/2000,CYS,WY,ANM,WE,Federal Contract Tower,0,5,3,1,9,0,37,20,3,60,0,42,23,4,69,6,11,17,86
12/20/2000,CYS,WY,ANM,WE,Federal Contract Tower,0,8,5,3,16,0,42,8,16,66,0,50,13,19,82,4,35,39,121
12/21/2000,CYS,WY,ANM,WE,Federal Contract Tower,0,10,5,4,19,0,37,31,18,86,0,47,36,22,105,44,44,88,193
12/22/2000,CYS,WY,ANM,WE,Federal Contract Tower,0,5,3,1,9,0,22,32,7,61,0,27,35,8,70,10,6,16,86
12/23/2000,CYS,WY,ANM,WE,Federal Contract Tower,0,2,0,0,2,0,12,30,0,42,0,14,30,0,44,0,10,10,54
12/24/2000,CYS,WY,ANM,WE,Federal Contract Tower,0,2,0,0,2,0,9,15,0,24,0,11,15,0,26,4,0,4,30
12/25/2000,CYS,WY,ANM,WE,Federal Contract Tower,0,3,0,0,3,0,8,0,0,8,0,11,0,0,11,0,0,0,11
12/26/2000,CYS,WY,ANM,WE,Federal Contract Tower,0,2,0,0,2,0,19,43,0,62,0,21,43,0,64,59,0,59,123
12/27/2000,CYS,WY,ANM,WE,Federal Contract Tower,0,3,2,1,6,0,19,21,3,43,0,22,23,4,49,16,18,34,83
12/28/2000,CYS,WY,ANM,WE,Federal Contract Tower,0,9,6,3,18,0,25,21,10,56,0,34,27,13,74,15,40,55,129
12/29/2000,CYS,WY,ANM,WE,Federal Contract Tower,0,3,1,1,5,0,23,29,1,53,0,26,30,2,58,26,4,30,88
12/30/2000,CYS,WY,ANM,WE,Federal Contract Tower,0,5,3,1,9,0,10,12,0,22,0,15,15,1,31,16,0,16,47
12/31/2000,CYS,WY,ANM,WE,Federal Contract Tower,0,0,0,0,0,0,11,5,0,16,0,11,5,0,16,11,0,11,27
01/01/2001,CYS,WY,ANM,WE,Federal Contract Tower,0,1,0,0,1,0,11,6,6,23,0,12,6,6,24,13,1,14,38
01/02/2001,CYS,WY,ANM,WE,Federal Contract Tower,0,2,2,1,5,0,26,22,2,50,0,28,24,3,55,50,28,78,133
01/03/2001,CYS,WY,ANM,WE,Federal Contract Tower,0,3,2,1,6,0,31,50,1,82,0,34,52,2,88,13,35,48,136
01/04/2001,CYS,WY,ANM,WE,Federal Contract Tower,0,4,3,1,8,0,26,28,4,58,0,30,31,5,66,10,31,41,107
01/05/2001,CYS,WY,ANM,WE,Federal Contract Tower,0,10,5,5,20,0,27,27,4,58,0,37,32,9,78,31,101,132,210
01/06/2001,CYS,WY,ANM,WE,Federal Contract Tower,0,11,6,4,21,0,36,42,0,78,0,47,48,4,99,29,10,39,138
01/07/2001,CYS,WY,ANM,WE,Federal Contract Tower,0,4,2,2,8,0,35,42,4,81,0,39,44,6,89,31,0,31,120
01/08/2001,CYS,WY,ANM,WE,Federal Contract Tower,0,8,4,5,17,0,59,22,4,85,0,67,26,9,102,25,65,90,192
01/09/2001,CYS,WY,ANM,WE,Federal Contract Tower,0,12,6,7,25,0,55,26,8,89,0,67,32,15,114,34,76,110,224
01/10/2001,CYS,WY,ANM,WE,Federal Contract Tower,0,8,4,1,13,0,42,39,0,81,0,50,43,1,94,47,74,121,215
01/11/2001,CYS,WY,ANM,WE,Federal Contract Tower,0,9,5,5,19,0,25,38,8,71,0,34,43,13,90,9,47,56,146
01/12/2001,CYS,WY,ANM,WE,Federal Contract Tower,0,5,3,2,10,0,31,69,6,106,0,36,72,8,116,31,87,118,234
01/13/2001,CYS,WY,ANM,WE,Federal Contract Tower,0,3,0,0,3,0,17,8,0,25,0,20,8,0,28,0,0,0,28
01/14/2001,CYS,WY,ANM,WE,Federal Contract Tower,0,1,0,0,1,0,17,9,0,26,0,18,9,0,27,2,0,2,29
01/15/2001,CYS,WY,ANM,WE,Federal Contract Tower,0,4,0,0,4,0,29,28,0,57,0,33,28,0,61,0,0,0,61
01/16/2001,CYS,WY,ANM,WE,Federal Contract Tower,0,10,5,0,15,0,17,3,0,20,0,27,8,0,35,0,0,0,35
01/17/2001,CYS,WY,ANM,WE,Federal Contract Tower,0,8,4,5,17,0,34,25,17,76,0,42,29,22,93,16,27,43,136
01/18/2001,CYS,WY,ANM,WE,Federal Contract Tower,0,7,4,4,15,0,38,9,11,58,0,45,13,15,73,20,50,70,143
01/19/2001,CYS,WY,ANM,WE,Federal Contract Tower,0,6,4,3,13,0,37,17,3,57,0,43,21,6,70,23,56,79,149
01/20/2001,CYS,WY,ANM,WE,Federal Contract Tower,0,12,6,7,25,0,72,5,1,78,0,84,11,8,103,13,3,16,119
01/21/2001,CYS,WY,ANM,WE,Federal Contract Tower,0,5,3,3,11,0,27,71,2,100,0,32,74,5,111,57,7,64,175
01/22/2001,CYS,WY,ANM,WE,Federal Contract Tower,0,12,5,6,23,0,50,39,7,96,0,62,44,13,119,25,20,45,164
01/23/2001,CYS,WY,ANM,WE,Federal Contract Tower,0,13,5,6,24,0,58,52,8,118,0,71,57,14,142,28,28,56,198
01/24/2001,CYS,WY,ANM,WE,Federal Contract Tower,0,7,3,3,13,0,31,39,11,81,0,38,42,14,94,45,40,85,179
01/25/2001,CYS,WY,ANM,WE,Federal Contract Tower,0,11,4,5,20,34,67,26,2,129,34,78,30,7,149,8,59,67,216
01/26/2001,CYS,WY,ANM,WE,Federal Contract Tower,0,4,1,2,7,0,20,26,3,49,0,24,27,5,56,15,9,24,80
01/27/2001,CYS,WY,ANM,WE,Federal Contract Tower,0,9,3,0,12,0,16,4,0,20,0,25,7,0,32,20,0,20,52
01/28/2001,CYS,WY,ANM,WE,Federal Contract Tower,0,2,0,0,2,0,35,0,4,39,0,37,0,4,41,0,0,0,41
01/29/2001,CYS,WY,ANM,WE,Federal Contract Tower,0,5,1,2,8,0,52,10,9,71,0,57,11,11,79,0,23,23,102
01/30/2001,CYS,WY,ANM,WE,Federal Contract Tower,0,8,3,4,15,0,66,20,4,90,0,74,23,8,105,1,22,23,128
01/31/2001,CYS,WY,ANM,WE,Federal Contract Tower,0,8,3,4,15,0,44,26,11,81,0,52,29,15,96,19,16,35,131
02/01/2001,CYS,WY,ANM,WE,Federal Contract Tower,0,5,3,1,9,0,35,32,11,78,0,40,35,12,87,4,61,65,152
02/02/2001,CYS,WY,ANM,WE,Federal Contract Tower,0,9,5,1,15,0,53,14,0,67,0,62,19,1,82,42,33,75,157
02/03/2001,CYS,WY,ANM,WE,Federal Contract Tower,0,4,3,0,7,0,35,14,0,49,0,39,17,0,56,2,0,2,58
02/04/2001,CYS,WY,ANM,WE,Federal Contract Tower,0,2,1,2,5,0,25,53,11,89,0,27,54,13,94,8,7,15,109
02/05/2001,CYS,WY,ANM,WE,Federal Contract Tower,0,3,3,3,9,2,22,10,7,41,2,25,13,10,50,0,7,7,57
02/06/2001,CYS,WY,ANM,WE,Federal Contract Tower,0,13,7,5,25,0,37,13,0,50,0,50,20,5,75,0,29,29,104
02/07/2001,CYS,WY,ANM,WE,Federal Contract Tower,0,9,3,3,15,0,6,10,0,16,0,15,13,3,31,0,2,2,33
02/08/2001,CYS,WY,ANM,WE,Federal Contract Tower,0,8,3,4,15,0,23,29,2,54,0,31,32,6,69,0,3,3,72
02/09/2001,CYS,WY,ANM,WE,Federal Contract Tower,0,6,1,4,11,0,47,52,2,101,0,53,53,6,112,32,7,39,151
02/10/2001,CYS,WY,ANM,WE,Federal Contract Tower,0,11,5,1,17,0,41,33,0,74,0,52,38,1,91,41,1,42,133
02/11/2001,CYS,WY,ANM,WE,Federal Contract Tower,0,1,0,0,1,0,20,15,11,46,0,21,15,11,47,28,0,28,75
02/12/2001,CYS,WY,ANM,WE,Federal Contract Tower,0,4,1,2,7,2,43,27,10,82,2,47,28,12,89,30,31,61,150
02/13/2001,CYS,WY,ANM,WE,Federal Contract Tower,0,16,8,5,29,2,38,31,13,84,2,54,39,18,113,39,35,74,187
02/14/2001,CYS,WY,ANM,WE,Federal Contract Tower,0,17,8,5,30,1,42,5,12,60,1,59,13,17,90,4,51,55,145
02/15/2001,CYS,WY,ANM,WE,Federal Contract Tower,0,5,3,1,9,0,23,29,10,62,0,28,32,11,71,36,93,129,200
02/16/2001,CYS,WY,ANM,WE,Federal Contract Tower,0,11,6,1,18,5,9,15,0,29,5,20,21,1,47,0,3,3,50
02/17/2001,CYS,WY,ANM,WE,Federal Contract Tower,0,4,1,1,6,20,24,30,6,80,20,28,31,7,86,38,15,53,139
02/18/2001,CYS,WY,ANM,WE,Federal Contract Tower,0,11,5,3,19,0,16,38,8,62,0,27,43,11,81,28,5,33,114
02/19/2001,CYS,WY,ANM,WE,Federal Contract Tower,0,23,11,8,42,0,50,27,3,80,0,73,38,11,122,58,8,66,188
02/20/2001,CYS,WY,ANM,WE,Federal Contract Tower,0,14,6,4,24,0,24,22,18,64,0,38,28,22,88,24,59,83,171
02/21/2001,CYS,WY,ANM,WE,Federal Contract Tower,0,12,5,4,21,0,47,28,36,111,0,59,33,40,132,0,76,76,208
02/22/2001,CYS,WY,ANM,WE,Federal Contract Tower,0,3,1,0,4,0,17,34,19,70,0,20,35,19,74,23,46,69,143
02/23/2001,CYS,WY,ANM,WE,Federal Contract Tower,0,12,6,4,22,0,8,12,1,21,0,20,18,5,43,0,0,0,43
02/24/2001,CYS,WY,ANM,WE,Federal Contract Tower,0,11,6,3,20,0,24,3,2,29,0,35,9,5,49,2,0,2,51
02/25/2001,CYS,WY,ANM,WE,Federal Contract Tower,0,16,8,0,24,0,21,52,0,73,0,37,60,0,97,21,12,33,130
02/26/2001,CYS,WY,ANM,WE,Federal Contract Tower,0,19,9,6,34,0,29,8,3,40,0,48,17,9,74,9,1,10,84
02/27/2001,CYS,WY,ANM,WE,Federal Contract Tower,0,18,7,6,31,0,35,0,5,40,0,53,7,11,71,0,19,19,90
02/28/2001,CYS,WY,ANM,WE,Federal Contract Tower,0,6,3,1,10,0,43,27,7,77,0,49,30,8,87,28,30,58,145
03/01/2001,CYS,WY,ANM,WE,Federal Contract Tower,0,2,1,1,4,0,23,23,9,55,0,25,24,10,59,14,67,81,140
03/02/2001,CYS,WY,ANM,WE,Federal Contract Tower,0,8,5,7,20,0,26,58,12,96,0,34,63,19,116,41,83,124,240
03/03/2001,CYS,WY,ANM,WE,Federal Contract Tower,0,4,3,4,11,0,30,42,0,72,0,34,45,4,83,13,1,14,97
03/04/2001,CYS,WY,ANM,WE,Federal Contract Tower,0,5,2,2,9,0,24,45,0,69,0,29,47,2,78,58,0,58,136
03/05/2001,CYS,WY,ANM,WE,Federal Contract Tower,0,10,5,7,22,0,21,42,3,66,0,31,47,10,88,60,37,97,185
03/06/2001,CYS,WY,ANM,WE,Federal Contract Tower,0,6,4,5,15,0,32,36,21,89,0,38,40,26,104,10,109,119,223
03/07/2001,CYS,WY,ANM,WE,Federal Contract Tower,0,9,5,7,21,0,51,48,11,110,0,60,53,18,131,38,96,134,265
03/08/2001,CYS,WY,ANM,WE,Federal Contract Tower,0,9,5,6,20,0,45,37,18,100,0,54,42,24,120,14,103,117,237
03/09/2001,CYS,WY,ANM,WE,Federal Contract Tower,0,2,2,2,6,0,29,43,7,79,0,31,45,9,85,26,28,54,139
03/10/2001,CYS,WY,ANM,WE,Federal Contract Tower,0,3,0,2,5,0,11,0,0,11,0,14,0,2,16,0,0,0,16
03/11/2001,CYS,WY,ANM,WE,Federal Contract Tower,0,5,2,5,12,0,14,0,1,15,0,19,2,6,27,0,0,0,27
03/12/2001,CYS,WY,ANM,WE,Federal Contract Tower,0,2,0,0,2,0,39,18,14,71,0,41,18,14,73,0,0,0,73
03/13/2001,CYS,WY,ANM,WE,Federal Contract Tower,0,5,3,3,11,0,26,27,14,67,0,31,30,17,78,7,68,75,153
03/14/2001,CYS,WY,ANM,WE,Federal Contract Tower,0,4,3,3,10,0,26,18,6,50,0,30,21,9,60,5,5,10,70
03/15/2001,CYS,WY,ANM,WE,Federal Contract Tower,0,6,3,3,12,0,25,25,10,60,0,31,28,13,72,29,83,112,184
03/16/2001,CYS,WY,ANM,WE,Federal Contract Tower,0,2,0,2,4,2,25,49,6,82,2,27,49,8,86,36,20,56,142
03/17/2001,CYS,WY,ANM,WE,Federal Contract Tower,0,6,3,1,10,0,17,3,0,20,0,23,6,1,30,0,36,36,66
03/18/2001,CYS,WY,ANM,WE,Federal Contract Tower,0,2,0,2,4,2,14,41,4,61,2,16,41,6,65,32,12,44,109
03/19/2001,CYS,WY,ANM,WE,Federal Contract Tower,0,6,2,4,12,0,27,28,1,56,0,33,30,5,68,34,10,44,112
03/20/2001,CYS,WY,ANM,WE,Federal Contract Tower,0,8,3,6,17,0,31,28,1,60,0,39,31,7,77,46,29,75,152
03/21/2001,CYS,WY,ANM,WE,Federal Contract Tower,0,9,3,6,18,0,26,23,5,54,0,35,26,11,72,13,58,71,143
03/22/2001,CYS,WY,ANM,WE,Federal Contract Tower,0,9,3,4,16,0,24,22,0,46,0,33,25,4,62,47,43,90,152
03/23/2001,CYS,WY,ANM,WE,Federal Contract Tower,0,3,1,1,5,0,23,32,3,58,0,26,33,4,63,60,50,110,173
03/24/2001,CYS,WY,ANM,WE,Federal Contract Tower,0,6,2,1,9,2,10,4,0,16,2,16,6,1,25,0,0,0,25
03/25/2001,CYS,WY,ANM,WE,Federal Contract Tower,0,6,2,3,11,0,3,0,7,10,0,9,2,10,21,0,0,0,21
03/26/2001,CYS,WY,ANM,WE,Federal Contract Tower,0,9,3,0,12,0,29,5,0,34,0,38,8,0,46,2,0,2,48
03/27/2001,CYS,WY,ANM,WE,Federal Contract Tower,0,8,3,6,17,0,43,32,8,83,0,51,35,14,100,13,37,50,150
03/28/2001,CYS,WY,ANM,WE,Federal Contract Tower,0,21,10,13,44,0,52,12,0,64,0,73,22,13,108,6,53,59,167
03/29/2001,CYS,WY,ANM,WE,Federal Contract Tower,0,34,15,21,70,0,34,5,0,39,0,68,20,21,109,40,30,70,179
03/30/2001,CYS,WY,ANM,WE,Federal Contract Tower,0,1,0,0,1,0,18,21,1,40,0,19,21,1,41,10,0,10,51
03/31/2001,CYS,WY,ANM,WE,Federal Contract Tower,0,8,3,5,16,0,17,29,0,46,0,25,32,5,62,13,22,35,97
04/01/2001,CYS,WY,ANM,WE,Federal Contract Tower,0,1,1,0,2,0,20,17,5,42,0,21,18,5,44,0,0,0,44
04/02/2001,CYS,WY,ANM,WE,Federal Contract Tower,0,3,3,2,8,0,39,31,3,73,0,42,34,5,81,8,17,25,106
04/03/2001,CYS,WY,ANM,WE,Federal Contract Tower,0,9,0,7,16,0,44,23,4,71,0,53,23,11,87,43,6,49,136
04/04/2001,CYS,WY,ANM,WE,Federal Contract Tower,0,11,11,8,30,0,23,19,0,42,0,34,30,8,72,23,34,57,129
04/05/2001,CYS,WY,ANM,WE,Federal Contract Tower,1,15,7,6,29,1,31,29,8,69,2,46,36,14,98,30,15,45,143
04/06/2001,CYS,WY,ANM,WE,Federal Contract Tower,3,20,5,2,30,5,32,5,0,42,8,52,10,2,72,0,35,35,107
04/07/2001,CYS,WY,ANM,WE,Federal Contract Tower,0,7,5,0,12,0,31,19,9,59,0,38,24,9,71,22,6,28,99
04/08/2001,CYS,WY,ANM,WE,Federal Contract Tower,0,4,1,1,6,0,48,9,3,60,0,52,10,4,66,13,2,15,81
04/09/2001,CYS,WY,ANM,WE,Federal Contract Tower,0,16,7,0,23,0,53,66,3,122,0,69,73,3,145,46,0,46,191
04/10/2001,CYS,WY,ANM,WE,Federal Contract Tower,0,22,5,2,29,0,19,9,2,30,0,41,14,4,59,0,0,0,59
04/11/2001,CYS,WY,ANM,WE,Federal Contract Tower,0,0,0,0,0,0,4,6,0,10,0,4,6,0,10,0,0,0,10
04/12/2001,CYS,WY,ANM,WE,Federal Contract Tower,0,16,0,13,29,0,26,28,0,54,0,42,28,13,83,29,22,51,134
04/13/2001,CYS,WY,ANM,WE,Federal Contract Tower,0,19,3,10,32,0,49,23,0,72,0,68,26,10,104,22,123,145,249
04/14/2001,CYS,WY,ANM,WE,Federal Contract Tower,0,8,9,0,17,0,38,37,0,75,0,46,46,0,92,33,0,33,125
04/15/2001,CYS,WY,ANM,WE,Federal Contract Tower,0,1,1,0,2,0,26,36,6,68,0,27,37,6,70,7,0,7,77
04/16/2001,CYS,WY,ANM,WE,Federal Contract Tower,0,22,10,2,34,0,40,29,6,75,0,62,39,8,109,10,76,86,195
04/17/2001,CYS,WY,ANM,WE,Federal Contract Tower,0,9,3,0,12,0,41,47,0,88,0,50,50,0,100,28,27,55,155
04/18/2001,CYS,WY,ANM,WE,Federal Contract Tower,0,10,5,5,20,0,21,31,0,52,0,31,36,5,72,65,74,139,211
04/19/2001,CYS,WY,ANM,WE,Federal Contract Tower,0,6,3,5,14,0,42,24,11,77,0,48,27,16,91,13,1,14,105
04/20/2001,CYS,WY,ANM,WE,Federal Contract Tower,0,23,8,0,31,0,52,33,9,94,0,75,41,9,125,18,52,70,195
04/21/2001,CYS,WY,ANM,WE,Federal Contract Tower,0,26,2,7,35,0,30,8,0,38,0,56,10,7,73,1,124,125,198
04/22/2001,CYS,WY,ANM,WE,Federal Contract Tower,0,0,0,0,0,0,2,0,0,2,0,2,0,0,2,0,0,0,2
04/23/2001,CYS,WY,ANM,WE,Federal Contract Tower,0,15,6,3,24,0,55,59,0,114,0,70,65,3,138,12,73,85,223
04/24/2001,CYS,WY,ANM,WE,Federal Contract Tower,0,13,2,2,17,0,48,65,8,121,0,61,67,10,138,51,37,88,226
04/25/2001,CYS,WY,ANM,WE,Federal Contract Tower,0,2,4,3,9,0,32,39,1,72,0,34,43,4,81,80,16,96,177
04/26/2001,CYS,WY,ANM,WE,Federal Contract Tower,0,13,4,6,23,0,8,65,27,100,0,21,69,33,123,25,24,49,172
04/27/2001,CYS,WY,ANM,WE,Federal Contract Tower,0,8,7,8,23,0,37,45,2,84,0,45,52,10,107,45,58,103,210
04/28/2001,CYS,WY,ANM,WE,Federal Contract Tower,0,2,3,2,7,4,27,76,0,107,4,29,79,2,114,15,3,18,132
04/29/2001,CYS,WY,ANM,WE,Federal Contract Tower,0,11,5,0,16,0,39,50,9,98,0,50,55,9,114,3,0,3,117
04/30/2001,CYS,WY,ANM,WE,Federal Contract Tower,0,4,3,5,12,0,61,50,12,123,0,65,53,17,135,30,17,47,182
05/01/2001,CYS,WY,ANM,WE,Federal Contract Tower,0,16,1,3,20,2,54,36,5,97,2,70,37,8,117,19,32,51,168
05/02/2001,CYS,WY,ANM,WE,Federal Contract Tower,0,16,5,0,21,0,17,2,2,21,0,33,7,2,42,0,0,0,42
05/03/2001,CYS,WY,ANM,WE,Federal Contract Tower,0,13,2,0,15,0,19,3,0,22,0,32,5,0,37,0,0,0,37
05/04/2001,CYS,WY,ANM,WE,Federal Contract Tower,0,11,0,0,11,0,13,1,0,14,0,24,1,0,25,1,0,1,26
05/05/2001,CYS,WY,ANM,WE,Federal Contract Tower,0,16,4,1,21,0,15,7,2,24,0,31,11,3,45,0,2,2,47
05/06/2001,CYS,WY,ANM,WE,Federal Contract Tower,0,4,5,1,10,0,22,11,22,55,0,26,16,23,65,8,5,13,78
05/07/2001,CYS,WY,ANM,WE,Federal Contract Tower,0,14,8,3,25,0,53,35,21,109,0,67,43,24,134,84,46,130,264
05/08/2001,CYS,WY,ANM,WE,Federal Contract Tower,0,8,2,7,17,0,62,36,12,110,0,70,38,19,127,35,62,97,224
05/09/2001,CYS,WY,ANM,WE,Federal Contract Tower,0,7,5,8,20,0,65,51,3,119,0,72,56,11,139,36,38,74,213
05/10/2001,CYS,WY,ANM,WE,Federal Contract Tower,0,21,3,8,32,2,58,22,9,91,2,79,25,17,123,30,59,89,212
05/11/2001,CYS,WY,ANM,WE,Federal Contract Tower,0,28,6,4,38,0,54,42,5,101,0,82,48,9,139,24,44,68,207
05/12/2001,CYS,WY,ANM,WE,Federal Contract Tower,0,15,5,0,20,0,38,64,6,108,0,53,69,6,128,32,0,32,160
05/13/2001,CYS,WY,ANM,WE,Federal Contract Tower,0,14,3,0,17,0,39,24,5,68,0,53,27,5,85,2,15,17,102
05/14/2001,CYS,WY,ANM,WE,Federal Contract Tower,0,14,4,1,19,0,50,50,13,113,0,64,54,14,132,14,25,39,171
05/15/2001,CYS,WY,ANM,WE,Federal Contract Tower,0,17,3,7,27,0,33,33,13,79,0,50,36,20,106,7,40,47,153
05/16/2001,CYS,WY,ANM,WE,Federal Contract Tower,0,5,1,3,9,0,28,33,9,70,0,33,34,12,79,28,74,102,181
05/17/2001,CYS,WY,ANM,WE,Federal Contract Tower,0,30,7,14,51,0,61,15,0,76,0,91,22,14,127,4,27,31,158
05/18/2001,CYS,WY,ANM,WE,Federal Contract Tower,0,10,6,2,18,0,46,31,8,85,0,56,37,10,103,35,6,41,144
05/19/2001,CYS,WY,ANM,WE,Federal Contract Tower,0,20,4,2,26,0,40,29,6,75,0,60,33,8,101,12,3,15,116
05/20/2001,CYS,WY,ANM,WE,Federal Contract Tower,0,1,1,0,2,2,24,9,0,35,2,25,10,0,37,21,0,21,58
05/21/2001,CYS,WY,ANM,WE,Federal Contract Tower,0,13,3,3,19,0,54,32,20,106,0,67,35,23,125,32,8,40,165
05/22/2001,CYS,WY,ANM,WE,Federal Contract Tower,0,7,3,8,18,0,47,45,3,95,0,54,48,11,113,0,133,133,246
05/23/2001,CYS,WY,ANM,WE,Federal Contract Tower,0,5,2,3,10,0,34,43,17,94,0,39,45,20,104,0,49,49,153
05/24/2001,CYS,WY,ANM,WE,Federal Contract Tower,0,10,4,12,26,0,32,36,8,76,0,42,40,20,102,19,54,73,175
05/25/2001,CYS,WY,ANM,WE,Federal Contract Tower,0,5,0,0,5,0,30,59,6,95,0,35,59,6,100,50,1,51,151
05/26/2001,CYS,WY,ANM,WE,Federal Contract Tower,0,23,4,0,27,0,61,52,1,114,0,84,56,1,141,13,0,13,154
05/27/2001,CYS,WY,ANM,WE,Federal Contract Tower,0,6,2,0,8,0,33,23,0,56,0,39,25,0,64,30,0,30,94
05/28/2001,CYS,WY,ANM,WE,Federal Contract Tower,0,12,3,3,18,24,33,21,0,78,24,45,24,3,96,8,0,8,104
05/29/2001,CYS,WY,ANM,WE,Federal Contract Tower,7,13,3,2,25,0,44,21,0,65,7,57,24,2,90,17,30,47,137
05/30/2001,CYS,WY,ANM,WE,Federal Contract Tower,0,17,12,7,36,0,44,33,2,79,0,61,45,9,115,13,58,71,186
05/31/2001,CYS,WY,ANM,WE,Federal Contract Tower,3,10,1,4,18,7,40,68,16,131,10,50,69,20,149,29,22,51,200
06/01/2001,CYS,WY,ANM,WE,Federal Contract Tower,3,12,3,0,18,1,47,50,14,112,4,59,53,14,130,35,43,78,208
06/02/2001,CYS,WY,ANM,WE,Federal Contract Tower,0,4,4,0,8,0,45,41,3,89,0,49,45,3,97,22,10,32,129
06/03/2001,CYS,WY,ANM,WE,Federal Contract Tower,0,8,5,2,15,0,13,1,5,19,0,21,6,7,34,0,1,1,35
06/04/2001,CYS,WY,ANM,WE,Federal Contract Tower,0,10,8,0,18,0,33,3,1,37,0,43,11,1,55,9,3,12,67
06/05/2001,CYS,WY,ANM,WE,Federal Contract Tower,0,5,11,4,20,0,67,50,15,132,0,72,61,19,152,12,39,51,203
06/06/2001,CYS,WY,ANM,WE,Federal Contract Tower,0,22,2,3,27,0,42,43,11,96,0,64,45,14,123,17,68,85,208
06/07/2001,CYS,WY,ANM,WE,Federal Contract Tower,0,21,5,9,35,0,37,23,5,65,0,58,28,14,100,32,53,85,185
06/08/2001,CYS,WY,ANM,WE,Federal Contract Tower,0,7,0,2,9,0,36,38,3,77,0,43,38,5,86,39,72,111,197
06/09/2001,CYS,WY,ANM,WE,Federal Contract Tower,0,8,4,0,12,12,15,126,1,154,12,23,130,1,166,49,2,51,217
06/10/2001,CYS,WY,ANM,WE,Federal Contract Tower,0,2,10,1,13,0,33,45,5,83,0,35,55,6,96,65,10,75,171
06/11/2001,CYS,WY,ANM,WE,Federal Contract Tower,0,4,1,2,7,0,36,25,3,64,0,40,26,5,71,25,36,61,132
06/12/2001,CYS,WY,ANM,WE,Federal Contract Tower,0,9,8,6,23,0,34,13,11,58,0,43,21,17,81,31,106,137,218
06/13/2001,CYS,WY,ANM,WE,Federal Contract Tower,0,8,3,4,15,0,28,26,6,60,0,36,29,10,75,0,28,28,103
06/14/2001,CYS,WY,ANM,WE,Federal Contract Tower,0,7,1,6,14,0,34,47,0,81,0,41,48,6,95,9,32,41,136
06/15/2001,CYS,WY,ANM,WE,Federal Contract Tower,0,10,0,0,10,0,44,48,7,99,0,54,48,7,109,59,4,63,172
06/16/2001,CYS,WY,ANM,WE,Federal Contract Tower,0,7,7,0,14,0,19,73,7,99,0,26,80,7,113,26,0,26,139
06/17/2001,CYS,WY,ANM,WE,Federal Contract Tower,0,2,4,0,6,0,20,27,1,48,0,22,31,1,54,56,0,56,110
06/18/2001,CYS,WY,ANM,WE,Federal Contract Tower,0,3,4,0,7,0,21,57,5,83,0,24,61,5,90,6,4,10,100
06/19/2001,CYS,WY,ANM,WE,Federal Contract Tower,0,7,3,6,16,0,38,51,20,109,0,45,54,26,125,26,55,81,206
06/20/2001,CYS,WY,ANM,WE,Federal Contract Tower,0,11,5,0,16,0,31,33,7,71,0,42,38,7,87,53,28,81,168
06/21/2001,CYS,WY,ANM,WE,Federal Contract Tower,0,1,2,1,4,0,20,40,6,66,0,21,42,7,70,24,13,37,107
06/22/2001,CYS,WY,ANM,WE,Federal Contract Tower,0,1,6,5,12,0,22,45,4,71,0,23,51,9,83,13,38,51,134
06/23/2001,CYS,WY,ANM,WE,Federal Contract Tower,0,8,6,2,16,0,25,69,0,94,0,33,75,2,110,23,7,30,140
06/24/2001,CYS,WY,ANM,WE,Federal Contract Tower,0,2,0,0,2,2,11,28,2,43,2,13,28,2,45,21,2,23,68
06/25/2001,CYS,WY,ANM,WE,Federal Contract Tower,0,4,23,4,31,0,26,57,15,98,0,30,80,19,129,23,11,34,163
06/26/2001,CYS,WY,ANM,WE,Federal Contract Tower,0,10,15,10,35,0,39,41,5,85,0,49,56,15,120,51,38,89,209
06/27/2001,CYS,WY,ANM,WE,Federal Contract Tower,0,8,7,10,25,0,34,48,5,87,0,42,55,15,112,42,71,113,225
06/28/2001,CYS,WY,ANM,WE,Federal Contract Tower,0,4,7,3,14,0,29,51,6,86,0,33,58,9,100,38,70,108,208
06/29/2001,CYS,WY,ANM,WE,Federal Contract Tower,0,2,12,3,17,0,23,33,2,58,0,25,45,5,75,39,31,70,145
06/30/2001,CYS,WY,ANM,WE,Federal Contract Tower,0,0,2,0,2,0,16,37,5,58,0,16,39,5,60,42,0,42,102
07/01/2001,CYS,WY,ANM,WE,Federal Contract Tower,1,1,1,0,3,1,16,55,1,73,2,17,56,1,76,67,0,67,143
07/02/2001,CYS,WY,ANM,WE,Federal Contract Tower,0,3,10,0,13,0,12,54,6,72,0,15,64,6,85,34,0,34,119
07/03/2001,CYS,WY,ANM,WE,Federal Contract Tower,0,4,3,5,12,10,27,48,49,134,10,31,51,54,146,10,0,10,156
07/04/2001,CYS,WY,ANM,WE,Federal Contract Tower,0,0,5,2,7,0,17,13,0,30,0,17,18,2,37,42,6,48,85
07/05/2001,CYS,WY,ANM,WE,Federal Contract Tower,0,0,5,2,7,0,29,34,16,79,0,29,39,18,86,18,37,55,141
07/06/2001,CYS,WY,ANM,WE,Federal Contract Tower,0,0,2,6,8,1,27,41,17,86,1,27,43,23,94,68,13,81,175
07/07/2001,CYS,WY,ANM,WE,Federal Contract Tower,0,0,0,0,0,1,15,68,5,89,1,15,68,5,89,30,0,30,119
07/08/2001,CYS,WY,ANM,WE,Federal Contract Tower,0,4,3,0,7,13,29,63,9,114,13,33,66,9,121,6,17,23,144
07/09/2001,CYS,WY,ANM,WE,Federal Contract Tower,0,8,16,4,28,0,27,23,2,52,0,35,39,6,80,64,110,174,254
07/10/2001,CYS,WY,ANM,WE,Federal Contract Tower,0,23,54,20,97,0,6,0,0,6,0,29,54,20,103,21,31,52,155
07/11/2001,CYS,WY,ANM,WE,Federal Contract Tower,0,7,11,1,19,0,34,30,15,79,0,41,41,16,98,40,58,98,196
07/12/2001,CYS,WY,ANM,WE,Federal Contract Tower,0,6,2,5,13,4,18,38,1,61,4,24,40,6,74,44,37,81,155
07/13/2001,CYS,WY,ANM,WE,Federal Contract Tower,0,2,4,1,7,1,20,34,3,58,1,22,38,4,65,96,38,134,199
07/14/2001,CYS,WY,ANM,WE,Federal Contract Tower,0,7,4,0,11,0,35,44,10,89,0,42,48,10,100,45,9,54,154
07/15/2001,CYS,WY,ANM,WE,Federal Contract Tower,0,0,11,0,11,0,17,50,2,69,0,17,61,2,80,37,0,37,117
07/16/2001,CYS,WY,ANM,WE,Federal Contract Tower,0,1,1,2,4,0,25,44,5,74,0,26,45,7,78,32,12,44,122
07/17/2001,CYS,WY,ANM,WE,Federal Contract Tower,0,0,6,6,12,0,30,23,0,53,0,30,29,6,65,55,112,167,232
07/18/2001,CYS,WY,ANM,WE,Federal Contract Tower,0,3,5,1,9,0,24,40,9,73,0,27,45,10,82,10,75,85,167
07/19/2001,CYS,WY,ANM,WE,Federal Contract Tower,0,0,8,2,10,0,18,69,18,105,0,18,77,20,115,11,24,35,150
07/20/2001,CYS,WY,ANM,WE,Federal Contract Tower,0,3,2,9,14,0,26,49,16,91,0,29,51,25,105,22,42,64,169
07/21/2001,CYS,WY,ANM,WE,Federal Contract Tower,0,0,1,0,1,0,16,69,1,86,0,16,70,1,87,29,0,29,116
07/22/2001,CYS,WY,ANM,WE,Federal Contract Tower,0,0,10,0,10,0,12,54,8,74,0,12,64,8,84,27,9,36,120
07/23/2001,CYS,WY,ANM,WE,Federal Contract Tower,0,3,11,7,21,19,29,12,9,69,19,32,23,16,90,10,26,36,126
07/24/2001,CYS,WY,ANM,WE,Federal Contract Tower,1,5,3,1,10,0,22,44,19,85,1,27,47,20,95,41,6,47,142
07/25/2001,CYS,WY,ANM,WE,Federal Contract Tower,0,0,4,0,4,1,28,46,8,83,1,28,50,8,87,45,58,103,190
07/26/2001,CYS,WY,ANM,WE,Federal Contract Tower,0,0,1,0,1,0,28,49,19,96,0,28,50,19,97,23,13,36,133
07/27/2001,CYS,WY,ANM,WE,Federal Contract Tower,0,0,2,2,4,0,19,64,11,94,0,19,66,13,98,9,10,19,117
07/28/2001,CYS,WY,ANM,WE,Federal Contract Tower,0,1,2,0,3,0,23,70,2,95,0,24,72,2,98,14,2,16,114
07/29/2001,CYS,WY,ANM,WE,Federal Contract Tower,0,1,4,1,6,1,17,56,17,91,1,18,60,18,97,7,33,40,137
07/30/2001,CYS,WY,ANM,WE,Federal Contract Tower,0,0,5,1,6,1,18,55,17,91,1,18,60,18,97,7,33,40,137
07/31/2001,CYS,WY,ANM,WE,Federal Contract Tower,0,0,14,1,15,2,14,50,8,74,2,14,64,9,89,26,15,41,130
08/01/2001,CYS,WY,ANM,WE,Federal Contract Tower,0,2,13,5,20,0,20,52,2,74,0,22,65,7,94,37,80,117,211
08/02/2001,CYS,WY,ANM,WE,Federal Contract Tower,0,1,8,9,18,2,27,41,33,103,2,28,49,42,121,53,85,138,259
08/03/2001,CYS,WY,ANM,WE,Federal Contract Tower,0,6,4,4,14,0,19,44,21,84,0,25,48,25,98,56,57,113,211
08/04/2001,CYS,WY,ANM,WE,Federal Contract Tower,0,3,5,2,10,0,27,40,1,68,0,30,45,3,78,21,0,21,99
08/05/2001,CYS,WY,ANM,WE,Federal Contract Tower,0,0,4,1,5,0,10,43,1,54,0,10,47,2,59,14,8,22,81
08/06/2001,CYS,WY,ANM,WE,Federal Contract Tower,0,1,0,0,1,0,25,50,11,86,0,26,50,11,87,0,2,2,89
08/07/2001,CYS,WY,ANM,WE,Federal Contract Tower,0,6,5,5,16,0,36,56,24,116,0,42,61,29,132,40,35,75,207
08/08/2001,CYS,WY,ANM,WE,Federal Contract Tower,0,6,1,0,7,0,46,38,14,98,0,52,39,14,105,44,12,56,161
08/09/2001,CYS,WY,ANM,WE,Federal Contract Tower,0,14,12,10,36,0,35,25,7,67,0,49,37,17,103,9,64,73,176
08/10/2001,CYS,WY,ANM,WE,Federal Contract Tower,0,5,5,0,10,0,31,46,11,88,0,36,51,11,98,25,0,25,123
08/11/2001,CYS,WY,ANM,WE,Federal Contract Tower,0,6,0,0,6,2,35,24,2,63,2,41,24,2,69,61,2,63,132
08/12/2001,CYS,WY,ANM,WE,Federal Contract Tower,0,3,0,0,3,0,28,54,5,87,0,31,54,5,90,11,2,13,103
08/13/2001,CYS,WY,ANM,WE,Federal Contract Tower,0,4,9,0,13,14,40,45,6,105,14,44,54,6,118,57,1,58,176
08/14/2001,CYS,WY,ANM,WE,Federal Contract Tower,0,2,3,0,5,0,22,44,4,70,0,24,47,4,75,66,11,77,152
08/15/2001,CYS,WY,ANM,WE,Federal Contract Tower,0,0,0,3,3,0,23,41,7,71,0,23,41,10,74,13,30,43,117
08/16/2001,CYS,WY,ANM,WE,Federal Contract Tower,0,15,8,1,24,0,44,74,11,129,0,59,82,12,153,19,23,42,195
08/17/2001,CYS,WY,ANM,WE,Federal Contract Tower,0,6,5,5,16,0,39,64,15,118,0,45,69,20,134,30,11,41,175
08/18/2001,CYS,WY,ANM,WE,Federal Contract Tower,0,7,3,0,10,0,32,56,4,92,0,39,59,4,102,120,0,120,222
08/19/2001,CYS,WY,ANM,WE,Federal Contract Tower,0,9,0,0,9,0,20,44,7,71,0,29,44,7,80,32,2,34,114
08/20/2001,CYS,WY,ANM,WE,Federal Contract Tower,0,9,5,1,15,2,31,37,30,100,2,40,42,31,115,38,29,67,182
08/21/2001,CYS,WY,ANM,WE,Federal Contract Tower,0,8,4,2,14,0,32,39,6,77,0,40,43,8,91,30,40,70,161
08/22/2001,CYS,WY,ANM,WE,Federal Contract Tower,0,8,6,6,20,2,39,29,9,79,2,47,35,15,99,43,11,54,153
08/23/2001,CYS,WY,ANM,WE,Federal Contract Tower,0,0,8,7,15,0,21,63,5,89,0,21,71,12,104,36,94,130,234
08/24/2001,CYS,WY,ANM,WE,Federal Contract Tower,0,0,4,4,8,0,21,30,4,55,0,21,34,8,63,54,33,87,150
08/25/2001,CYS,WY,ANM,WE,Federal Contract Tower,0,7,3,0,10,0,32,27,5,64,0,39,30,5,74,30,3,33,107
08/26/2001,CYS,WY,ANM,WE,Federal Contract Tower,0,11,6,3,20,0,33,51,6,90,0,44,57,9,110,37,3,40,150
08/27/2001,CYS,WY,ANM,WE,Federal Contract Tower,0,3,3,3,9,0,14,53,10,77,0,17,56,13,86,6,6,12,98
08/28/2001,CYS,WY,ANM,WE,Federal Contract Tower,0,6,6,7,19,0,42,48,14,104,0,48,54,21,123,32,72,104,227
08/29/2001,CYS,WY,ANM,WE,Federal Contract Tower,0,6,2,7,15,0,27,33,23,83,0,33,35,30,98,53,23,76,174
08/30/2001,CYS,WY,ANM,WE,Federal Contract Tower,0,0,7,9,16,0,18,29,15,62,0,18,36,24,78,44,30,74,152
08/31/2001,CYS,WY,ANM,WE,Federal Contract Tower,0,0,2,3,5,0,23,46,15,84,0,23,48,18,89,39,7,46,135
09/01/2001,CYS,WY,ANM,WE,Federal Contract Tower,0,3,0,1,4,1,14,37,1,53,1,17,37,2,57,7,6,13,70
09/02/2001,CYS,WY,ANM,WE,Federal Contract Tower,0,1,1,1,3,0,10,54,6,70,0,11,55,7,73,51,2,53,126
09/03/2001,CYS,WY,ANM,WE,Federal Contract Tower,0,2,4,0,6,0,17,69,4,90,0,19,73,4,96,27,0,27,123
09/04/2001,CYS,WY,ANM,WE,Federal Contract Tower,0,6,1,9,16,0,24,45,27,96,0,30,46,36,112,23,66,89,201
09/05/2001,CYS,WY,ANM,WE,Federal Contract Tower,0,0,0,4,4,1,21,32,6,60,1,21,32,10,64,17,25,42,106
09/06/2001,CYS,WY,ANM,WE,Federal Contract Tower,0,0,2,5,7,0,21,35,50,106,0,21,37,55,113,8,27,35,148
09/07/2001,CYS,WY,ANM,WE,Federal Contract Tower,0,3,2,5,10,0,17,16,0,33,0,20,18,5,43,29,6,35,78
09/08/2001,CYS,WY,ANM,WE,Federal Contract Tower,0,2,0,3,5,0,18,19,22,59,0,20,19,25,64,2,18,20,84
09/09/2001,CYS,WY,ANM,WE,Federal Contract Tower,0,1,0,0,1,2,12,69,3,86,2,13,69,3,87,48,3,51,138
09/10/2001,CYS,WY,ANM,WE,Federal Contract Tower,0,5,1,2,8,0,20,69,6,95,0,25,70,8,103,40,19,59,162
09/11/2001,CYS,WY,ANM,WE,Federal Contract Tower,0,0,0,0,0,0,3,5,0,8,0,3,5,0,8,0,0,0,8
09/12/2001,CYS,WY,ANM,WE,Federal Contract Tower,0,0,0,0,0,0,0,1,8,9,0,0,1,8,9,0,0,0,9
09/13/2001,CYS,WY,ANM,WE,Federal Contract Tower,0,0,0,1,1,0,2,0,1,3,0,2,0,2,4,0,5,5,9
09/14/2001,CYS,WY,ANM,WE,Federal Contract Tower,0,0,2,2,4,0,17,8,9,34,0,17,10,11,38,0,31,31,69
09/15/2001,CYS,WY,ANM,WE,Federal Contract Tower,0,5,16,0,21,0,16,15,4,35,0,21,31,4,56,0,32,32,88
09/16/2001,CYS,WY,ANM,WE,Federal Contract Tower,0,0,3,4,7,0,7,20,14,41,0,7,23,18,48,4,94,98,146
09/17/2001,CYS,WY,ANM,WE,Federal Contract Tower,0,1,5,1,7,0,18,19,0,37,0,19,24,1,44,3,71,74,118
09/18/2001,CYS,WY,ANM,WE,Federal Contract Tower,0,3,4,1,8,0,17,22,10,49,0,20,26,11,57,0,33,33,90
09/19/2001,CYS,WY,ANM,WE,Federal Contract Tower,0,3,13,2,18,0,21,47,0,68,0,24,60,2,86,0,96,96,182
09/20/2001,CYS,WY,ANM,WE,Federal Contract Tower,0,2,5,1,8,0,21,43,6,70,0,23,48,7,78,4,37,41,119
09/21/2001,CYS,WY,ANM,WE,Federal Contract Tower,0,5,1,0,6,0,22,53,9,84,0,27,54,9,90,17,23,40,130
09/22/2001,CYS,WY,ANM,WE,Federal Contract Tower,0,10,1,3,14,0,28,20,1,49,0,38,21,4,63,1,0,1,64
09/23/2001,CYS,WY,ANM,WE,Federal Contract Tower,0,9,1,2,12,0,23,46,4,73,0,32,47,6,85,4,2,6,91
09/24/2001,CYS,WY,ANM,WE,Federal Contract Tower,0,5,6,4,15,0,28,71,8,107,0,33,77,12,122,1,38,39,161
09/25/2001,CYS,WY,ANM,WE,Federal Contract Tower,0,1,4,2,7,0,19,36,12,67,0,20,40,14,74,14,53,67,141
09/26/2001,CYS,WY,ANM,WE,Federal Contract Tower,0,2,1,5,8,0,18,28,3,49,0,20,29,8,57,39,76,115,172
09/27/2001,CYS,WY,ANM,WE,Federal Contract Tower,0,0,1,8,9,2,15,36,10,63,2,15,37,18,72,68,69,137,209
09/28/2001,CYS,WY,ANM,WE,Federal Contract Tower,0,5,2,3,10,0,27,68,5,100,0,32,70,8,110,40,12,52,162
09/29/2001,CYS,WY,ANM,WE,Federal Contract Tower,0,0,5,0,5,0,16,23,3,42,0,16,28,3,47,24,0,24,71
09/30/2001,CYS,WY,ANM,WE,Federal Contract Tower,0,0,1,0,1,0,9,59,3,71,0,9,60,3,72,17,0,17,89
10/01/2001,CYS,WY,ANM,WE,Federal Contract Tower,0,0,4,2,6,0,13,70,5,88,0,13,74,7,94,22,56,78,172
10/02/2001,CYS,WY,ANM,WE,Federal Contract Tower,0,0,4,7,11,0,16,43,7,66,0,16,47,14,77,37,83,120,197
10/03/2001,CYS,WY,ANM,WE,Federal Contract Tower,0,0,0,6,6,0,20,44,5,69,0,20,44,11,75,9,43,52,127
10/04/2001,CYS,WY,ANM,WE,Federal Contract Tower,0,0,7,7,14,0,21,11,0,32,0,21,18,7,46,0,0,0,46
10/05/2001,CYS,WY,ANM,WE,Federal Contract Tower,0,0,5,5,10,1,16,12,6,35,1,16,17,11,45,14,0,14,59
10/06/2001,CYS,WY,ANM,WE,Federal Contract Tower,0,0,4,0,4,1,14,60,0,75,1,14,64,0,79,43,7,50,129
10/07/2001,CYS,WY,ANM,WE,Federal Contract Tower,0,0,5,0,5,0,9,29,5,43,0,9,34,5,48,22,2,24,72
10/08/2001,CYS,WY,ANM,WE,Federal Contract Tower,0,0,2,2,4,11,11,41,13,76,11,11,43,15,80,47,14,61,141
10/09/2001,CYS,WY,ANM,WE,Federal Contract Tower,0,0,5,8,13,1,17,26,22,66,1,17,31,30,79,2,76,78,157
10/10/2001,CYS,WY,ANM,WE,Federal Contract Tower,0,0,1,2,3,0,14,25,9,48,0,14,26,11,51,8,22,30,81
10/11/2001,CYS,WY,ANM,WE,Federal Contract Tower,0,0,1,5,6,0,19,26,1,46,0,19,27,6,52,3,41,44,96
10/12/2001,CYS,WY,ANM,WE,Federal Contract Tower,0,0,0,8,8,0,30,21,7,58,0,30,21,15,66,4,29,33,99
10/13/2001,CYS,WY,ANM,WE,Federal Contract Tower,0,0,0,6,6,0,31,11,6,48,0,31,11,12,54,0,20,20,74
10/14/2001,CYS,WY,ANM,WE,Federal Contract Tower,0,0,2,2,4,0,12,24,30,66,0,12,26,32,70,1,26,27,97
10/15/2001,CYS,WY,ANM,WE,Federal Contract Tower,0,0,3,2,5,0,21,52,4,77,0,21,55,6,82,20,8,28,110
10/16/2001,CYS,WY,ANM,WE,Federal Contract Tower,0,0,4,7,11,0,24,75,8,107,0,24,79,15,118,26,44,70,188
10/17/2001,CYS,WY,ANM,WE,Federal Contract Tower,0,0,7,5,12,0,16,24,3,43,0,16,31,8,55,38,64,102,157
10/18/2001,CYS,WY,ANM,WE,Federal Contract Tower,0,0,9,7,16,0,14,33,3,50,0,14,42,10,66,32,49,81,147
10/19/2001,CYS,WY,ANM,WE,Federal Contract Tower,0,0,4,0,4,0,17,33,7,57,0,17,37,7,61,18,6,24,85
10/20/2001,CYS,WY,ANM,WE,Federal Contract Tower,0,0,11,1,12,0,13,62,6,81,0,13,73,7,93,30,6,36,129
10/21/2001,CYS,WY,ANM,WE,Federal Contract Tower,0,0,3,3,6,0,16,54,3,73,0,16,57,6,79,42,4,46,125
10/22/2001,CYS,WY,ANM,WE,Federal Contract Tower,0,0,12,1,13,4,16,44,2,66,4,16,56,3,79,18,42,60,139
10/23/2001,CYS,WY,ANM,WE,Federal Contract Tower,0,0,0,1,1,0,17,7,1,25,0,17,7,2,26,0,18,18,44
10/24/2001,CYS,WY,ANM,WE,Federal Contract Tower,0,0,6,4,10,0,25,14,6,45,0,25,20,10,55,4,9,13,68
10/25/2001,CYS,WY,ANM,WE,Federal Contract Tower,0,0,9,0,9,0,17,53,13,83,0,17,62,13,92,22,14,36,128
10/26/2001,CYS,WY,ANM,WE,Federal Contract Tower,0,0,21,1,22,2,23,61,4,90,2,23,82,5,112,60,8,68,180
10/27/2001,CYS,WY,ANM,WE,Federal Contract Tower,0,0,3,4,7,2,21,65,3,91,2,21,68,7,98,12,8,20,118
10/28/2001,CYS,WY,ANM,WE,Federal Contract Tower,0,0,4,0,4,0,11,47,4,62,0,11,51,4,66,10,27,37,103
10/29/2001,CYS,WY,ANM,WE,Federal Contract Tower,0,0,6,5,11,0,11,58,6,75,0,11,64,11,86,35,9,44,130
10/30/2001,CYS,WY,ANM,WE,Federal Contract Tower,0,0,3,16,19,0,30,33,20,83,0,30,36,36,102,29,42,71,173
10/31/2001,CYS,WY,ANM,WE,Federal Contract Tower,0,0,1,2,3,0,14,22,0,36,0,14,23,2,39,0,8,8,47
11/01/2001,CYS,WY,ANM,WE,Federal Contract Tower,0,1,5,7,13,0,14,34,0,48,0,15,39,7,61,29,78,107,168
11/02/2001,CYS,WY,ANM,WE,Federal Contract Tower,0,1,12,3,16,0,16,60,14,90,0,17,72,17,106,59,35,94,200
11/03/2001,CYS,WY,ANM,WE,Federal Contract Tower,0,1,10,0,11,0,12,62,5,79,0,13,72,5,90,82,3,85,175
11/04/2001,CYS,WY,ANM,WE,Federal Contract Tower,0,1,8,2,11,0,8,59,10,77,0,9,67,12,88,36,15,51,139
11/05/2001,CYS,WY,ANM,WE,Federal Contract Tower,0,0,21,6,27,0,15,72,1,88,0,15,93,7,115,31,38,69,184
11/06/2001,CYS,WY,ANM,WE,Federal Contract Tower,0,4,6,12,22,0,15,47,3,65,0,19,53,15,87,52,134,186,273
11/07/2001,CYS,WY,ANM,WE,Federal Contract Tower,0,0,7,6,13,0,12,5,0,17,0,12,12,6,30,30,43,73,103
11/08/2001,CYS,WY,ANM,WE,Federal Contract Tower,0,0,11,10,21,0,16,54,5,75,0,16,65,15,96,32,50,82,178
11/09/2001,CYS,WY,ANM,WE,Federal Contract Tower,0,18,5,7,30,2,55,60,8,125,2,73,65,15,155,27,46,73,228
11/10/2001,CYS,WY,ANM,WE,Federal Contract Tower,0,13,7,3,23,2,37,76,3,118,2,50,83,6,141,69,0,69,210
11/11/2001,CYS,WY,ANM,WE,Federal Contract Tower,0,0,1,0,1,0,10,46,3,59,0,10,47,3,60,39,2,41,101
11/12/2001,CYS,WY,ANM,WE,Federal Contract Tower,0,8,7,0,15,0,38,40,1,79,0,46,47,1,94,48,0,48,142
11/13/2001,CYS,WY,ANM,WE,Federal Contract Tower,0,0,10,5,15,0,14,26,15,55,0,14,36,20,70,43,73,116,186
11/14/2001,CYS,WY,ANM,WE,Federal Contract Tower,0,0,10,6,16,2,17,64,9,92,2,17,74,15,108,14,81,95,203
11/15/2001,CYS,WY,ANM,WE,Federal Contract Tower,0,0,5,3,8,1,19,39,9,68,1,19,44,12,76,20,59,79,155
11/16/2001,CYS,WY,ANM,WE,Federal Contract Tower,0,7,6,1,14,0,34,53,7,94,0,41,59,8,108,26,42,68,176
11/17/2001,CYS,WY,ANM,WE,Federal Contract Tower,0,6,8,1,15,0,22,103,2,127,0,28,111,3,142,40,6,46,188
11/18/2001,CYS,WY,ANM,WE,Federal Contract Tower,0,5,5,2,12,0,4,15,1,20,0,9,20,3,32,4,0,4,36
11/19/2001,CYS,WY,ANM,WE,Federal Contract Tower,0,0,2,4,6,0,19,36,1,56,0,19,38,5,62,26,35,61,123
11/20/2001,CYS,WY,ANM,WE,Federal Contract Tower,0,0,10,6,16,0,16,29,12,57,0,16,39,18,73,50,93,143,216
11/21/2001,CYS,WY,ANM,WE,Federal Contract Tower,0,0,7,4,11,0,18,40,0,58,0,18,47,4,69,27,66,93,162
11/22/2001,CYS,WY,ANM,WE,Federal Contract Tower,0,0,0,0,0,0,9,4,0,13,0,9,4,0,13,0,0,0,13
11/23/2001,CYS,WY,ANM,WE,Federal Contract Tower,0,0,1,0,1,2,9,1,0,12,2,9,2,0,13,0,0,0,13
11/24/2001,CYS,WY,ANM,WE,Federal Contract Tower,0,0,4,0,4,2,13,29,2,46,2,13,33,2,50,13,0,13,63
11/25/2001,CYS,WY,ANM,WE,Federal Contract Tower,0,7,3,0,10,0,10,4,0,14,0,17,7,0,24,0,0,0,24
11/26/2001,CYS,WY,ANM,WE,Federal Contract Tower,0,6,13,6,25,0,28,0,18,46,0,34,13,24,71,2,2,4,75
11/27/2001,CYS,WY,ANM,WE,Federal Contract Tower,0,0,0,0,0,0,41,35,27,103,0,41,35,27,103,6,66,72,175
11/28/2001,CYS,WY,ANM,WE,Federal Contract Tower,0,15,13,1,29,0,32,85,0,117,0,47,98,1,146,23,102,125,271
11/29/2001,CYS,WY,ANM,WE,Federal Contract Tower,0,8,11,7,26,0,29,28,12,69,0,37,39,19,95,25,188,213,308
11/30/2001,CYS,WY,ANM,WE,Federal Contract Tower,0,2,4,2,8,0,21,27,9,57,0,23,31,11,65,16,30,46,111
12/01/2001,CYS,WY,ANM,WE,Federal Contract Tower,0,0,5,1,6,0,8,28,4,40,0,8,33,5,46,17,1,18,64
12/02/2001,CYS,WY,ANM,WE,Federal Contract Tower,0,2,0,0,2,0,7,18,12,37,0,9,18,12,39,18,12,30,69
12/03/2001,CYS,WY,ANM,WE,Federal Contract Tower,0,3,3,2,8,0,14,28,12,54,0,17,31,14,62,9,14,23,85
12/04/2001,CYS,WY,ANM,WE,Federal Contract Tower,0,4,2,3,9,0,32,39,13,84,0,36,41,16,93,52,35,87,180
12/05/2001,CYS,WY,ANM,WE,Federal Contract Tower,0,2,4,6,12,0,37,22,7,66,0,39,26,13,78,5,106,111,189
12/06/2001,CYS,WY,ANM,WE,Federal Contract Tower,0,0,1,0,1,0,20,17,3,40,0,20,18,3,41,0,0,0,41
12/07/2001,CYS,WY,ANM,WE,Federal Contract Tower,0,0,8,6,14,0,12,21,11,44,0,12,29,17,58,13,60,73,131
12/08/2001,CYS,WY,ANM,WE,Federal Contract Tower,0,0,3,0,3,0,13,83,4,100,0,13,86,4,103,32,3,35,138
12/09/2001,CYS,WY,ANM,WE,Federal Contract Tower,0,0,2,0,2,0,11,46,1,58,0,11,48,1,60,44,0,44,104
12/10/2001,CYS,WY,ANM,WE,Federal Contract Tower,0,7,2,6,15,0,17,43,2,62,0,24,45,8,77,23,65,88,165
12/11/2001,CYS,WY,ANM,WE,Federal Contract Tower,0,4,4,10,18,0,25,50,13,88,0,29,54,23,106,15,87,102,208
12/12/2001,CYS,WY,ANM,WE,Federal Contract Tower,0,3,5,3,11,0,14,12,7,33,0,17,17,10,44,6,79,85,129
12/13/2001,CYS,WY,ANM,WE,Federal Contract Tower,0,1,3,1,5,0,17,30,11,58,0,18,33,12,63,5,54,59,122
12/14/2001,CYS,WY,ANM,WE,Federal Contract Tower,0,0,6,1,7,0,21,29,1,51,0,21,35,2,58,65,9,74,132
12/15/2001,CYS,WY,ANM,WE,Federal Contract Tower,0,3,1,0,4,0,13,11,0,24,0,16,12,0,28,7,0,7,35
12/16/2001,CYS,WY,ANM,WE,Federal Contract Tower,0,0,0,0,0,0,12,43,3,58,0,12,43,3,58,31,0,31,89
12/17/2001,CYS,WY,ANM,WE,Federal Contract Tower,0,1,2,0,3,0,18,32,17,67,0,19,34,17,70,25,24,49,119
12/18/2001,CYS,WY,ANM,WE,Federal Contract Tower,0,4,1,4,9,0,26,26,22,74,0,30,27,26,83,3,71,74,157
12/19/2001,CYS,WY,ANM,WE,Federal Contract Tower,0,0,4,3,7,0,18,48,7,73,0,18,52,10,80,28,86,114,194
12/20/2001,CYS,WY,ANM,WE,Federal Contract Tower,0,3,5,3,11,0,21,70,0,91,0,24,75,3,102,24,49,73,175
12/21/2001,CYS,WY,ANM,WE,Federal Contract Tower,0,4,4,1,9,0,24,48,10,82,0,28,52,11,91,16,19,35,126
12/22/2001,CYS,WY,ANM,WE,Federal Contract Tower,0,0,3,0,3,0,10,32,1,43,0,10,35,1,46,10,0,10,56
12/23/2001,CYS,WY,ANM,WE,Federal Contract Tower,0,0,0,0,0,0,12,37,0,49,0,12,37,0,49,29,0,29,78
12/24/2001,CYS,WY,ANM,WE,Federal Contract Tower,0,0,3,0,3,0,13,11,0,24,0,13,14,0,27,0,29,29,56
12/25/2001,CYS,WY,ANM,WE,Federal Contract Tower,0,0,0,0,0,0,9,6,0,15,0,9,6,0,15,3,0,3,18
12/26/2001,CYS,WY,ANM,WE,Federal Contract Tower,0,0,3,5,8,0,14,16,7,37,0,14,19,12,45,9,40,49,94
12/27/2001,CYS,WY,ANM,WE,Federal Contract Tower,0,1,3,3,7,0,21,34,3,58,0,22,37,6,65,17,15,32,97
12/28/2001,CYS,WY,ANM,WE,Federal Contract Tower,0,6,2,0,8,0,15,7,4,26,0,21,9,4,34,0,0,0,34
12/29/2001,CYS,WY,ANM,WE,Federal Contract Tower,0,5,3,0,8,0,8,14,0,22,0,13,17,0,30,21,0,21,51
12/30/2001,CYS,WY,ANM,WE,Federal Contract Tower,0,6,1,0,7,0,7,2,0,9,0,13,3,0,16,0,0,0,16
12/31/2001,CYS,WY,ANM,WE,Federal Contract Tower,0,2,4,3,9,0,15,28,7,50,0,17,32,10,59,31,5,36,95
01/01/2002,CYS,WY,ANM,WE,Federal Contract Tower,0,1,1,0,2,0,10,6,0,16,0,11,7,0,18,23,0,23,41
01/02/2002,CYS,WY,ANM,WE,Federal Contract Tower,0,1,1,0,2,0,13,31,1,45,0,14,32,1,47,18,141,159,206
01/03/2002,CYS,WY,ANM,WE,Federal Contract Tower,0,0,5,0,5,0,19,51,10,80,0,19,56,10,85,25,87,112,197
01/04/2002,CYS,WY,ANM,WE,Federal Contract Tower,0,6,1,16,23,0,16,12,3,31,0,22,13,19,54,0,61,61,115
01/05/2002,CYS,WY,ANM,WE,Federal Contract Tower,0,3,3,5,11,0,16,40,12,68,0,19,43,17,79,15,1,16,95
01/06/2002,CYS,WY,ANM,WE,Federal Contract Tower,0,1,9,4,14,0,15,24,14,53,0,16,33,18,67,26,11,37,104
01/07/2002,CYS,WY,ANM,WE,Federal Contract Tower,0,0,0,1,1,0,14,22,5,41,0,14,22,6,42,1,27,28,70
01/08/2002,CYS,WY,ANM,WE,Federal Contract Tower,0,5,4,12,21,0,21,43,0,64,0,26,47,12,85,4,75,79,164
01/09/2002,CYS,WY,ANM,WE,Federal Contract Tower,0,3,5,2,10,0,19,21,2,42,0,22,26,4,52,1,18,19,71
01/10/2002,CYS,WY,ANM,WE,Federal Contract Tower,0,4,15,6,25,8,44,48,8,108,8,48,63,14,133,46,33,79,212
01/11/2002,CYS,WY,ANM,WE,Federal Contract Tower,0,0,3,2,5,0,12,37,6,55,0,12,40,8,60,9,25,34,94
01/12/2002,CYS,WY,ANM,WE,Federal Contract Tower,0,17,0,0,17,2,35,31,0,68,2,52,31,0,85,1,0,1,86
01/13/2002,CYS,WY,ANM,WE,Federal Contract Tower,0,0,0,0,0,0,47,11,3,61,0,47,11,3,61,1,6,7,68
01/14/2002,CYS,WY,ANM,WE,Federal Contract Tower,0,0,5,4,9,0,19,45,1,65,0,19,50,5,74,26,65,91,165
01/15/2002,CYS,WY,ANM,WE,Federal Contract Tower,0,2,11,2,15,0,17,32,1,50,0,19,43,3,65,7,28,35,100
01/16/2002,CYS,WY,ANM,WE,Federal Contract Tower,0,4,5,5,14,0,26,24,1,51,0,30,29,6,65,29,137,166,231
01/17/2002,CYS,WY,ANM,WE,Federal Contract Tower,0,1,2,5,8,0,19,30,0,49,0,20,32,5,57,1,89,90,147
01/18/2002,CYS,WY,ANM,WE,Federal Contract Tower,0,2,0,3,5,0,17,27,12,56,0,19,27,15,61,9,42,51,112
01/19/2002,CYS,WY,ANM,WE,Federal Contract Tower,0,0,0,0,0,0,16,16,4,36,0,16,16,4,36,22,39,61,97
01/20/2002,CYS,WY,ANM,WE,Federal Contract Tower,0,1,2,0,3,0,13,3,1,17,0,14,5,1,20,4,0,4,24
01/21/2002,CYS,WY,ANM,WE,Federal Contract Tower,0,3,1,0,4,0,24,14,0,38,0,27,15,0,42,4,0,4,46
01/22/2002,CYS,WY,ANM,WE,Federal Contract Tower,0,10,1,0,11,0,42,31,0,73,0,52,32,0,84,14,27,41,125
01/23/2002,CYS,WY,ANM,WE,Federal Contract Tower,0,0,8,5,13,0,38,56,25,119,0,38,64,30,132,9,21,30,162
01/24/2002,CYS,WY,ANM,WE,Federal Contract Tower,0,0,3,4,7,0,15,32,12,59,0,15,35,16,66,1,99,100,166
01/25/2002,CYS,WY,ANM,WE,Federal Contract Tower,0,1,13,0,14,0,34,20,3,57,0,35,33,3,71,16,4,20,91
01/26/2002,CYS,WY,ANM,WE,Federal Contract Tower,0,0,2,1,3,0,31,27,1,59,0,31,29,2,62,40,0,40,102
01/27/2002,CYS,WY,ANM,WE,Federal Contract Tower,0,0,1,0,1,0,31,36,3,70,0,31,37,3,71,37,21,58,129
01/28/2002,CYS,WY,ANM,WE,Federal Contract Tower,0,9,1,4,14,0,25,23,1,49,0,34,24,5,63,5,22,27,90
01/29/2002,CYS,WY,ANM,WE,Federal Contract Tower,0,6,0,2,8,0,11,12,4,27,0,17,12,6,35,5,41,46,81
01/30/2002,CYS,WY,ANM,WE,Federal Contract Tower,0,3,9,5,17,0,18,4,3,25,0,21,13,8,42,22,26,48,90
01/31/2002,CYS,WY,ANM,WE,Federal Contract Tower,0,7,4,1,12,0,29,18,5,52,0,36,22,6,64,14,11,25,89
02/01/2002,CYS,WY,ANM,WE,Federal Contract Tower,0,1,6,3,10,0,17,56,2,75,0,18,62,5,85,9,69,78,163
02/02/2002,CYS,WY,ANM,WE,Federal Contract Tower,0,0,2,0,2,0,17,80,0,97,0,17,82,0,99,13,26,39,138
02/03/2002,CYS,WY,ANM,WE,Federal Contract Tower,0,0,1,0,1,0,12,61,15,88,0,12,62,15,89,34,2,36,125
02/04/2002,CYS,WY,ANM,WE,Federal Contract Tower,0,3,5,2,10,0,28,39,3,70,0,31,44,5,80,20,7,27,107
02/05/2002,CYS,WY,ANM,WE,Federal Contract Tower,0,4,1,2,7,0,32,72,6,110,0,36,73,8,117,26,35,61,178
02/06/2002,CYS,WY,ANM,WE,Federal Contract Tower,0,0,1,4,5,0,17,49,6,72,0,17,50,10,77,28,58,86,163
02/07/2002,CYS,WY,ANM,WE,Federal Contract Tower,0,0,0,1,1,0,24,39,10,73,0,24,39,11,74,13,9,22,96
02/08/2002,CYS,WY,ANM,WE,Federal Contract Tower,1,0,6,0,7,15,41,28,3,87,16,41,34,3,94,0,0,0,94
02/09/2002,CYS,WY,ANM,WE,Federal Contract Tower,0,1,0,0,1,0,8,0,0,8,0,9,0,0,9,0,0,0,9
02/10/2002,CYS,WY,ANM,WE,Federal Contract Tower,0,0,1,1,2,0,17,61,5,83,0,17,62,6,85,20,0,20,105
02/11/2002,CYS,WY,ANM,WE,Federal Contract Tower,0,2,0,0,2,0,32,28,1,61,0,34,28,1,63,16,8,24,87
02/12/2002,CYS,WY,ANM,WE,Federal Contract Tower,0,3,4,8,15,0,18,39,2,59,0,21,43,10,74,20,53,73,147
02/13/2002,CYS,WY,ANM,WE,Federal Contract Tower,0,0,5,0,5,0,24,69,2,95,0,24,74,2,100,6,1,7,107
02/14/2002,CYS,WY,ANM,WE,Federal Contract Tower,0,0,3,0,3,0,26,21,7,54,0,26,24,7,57,0,9,9,66
02/15/2002,CYS,WY,ANM,WE,Federal Contract Tower,0,0,4,1,5,0,23,80,5,108,0,23,84,6,113,10,18,28,141
02/16/2002,CYS,WY,ANM,WE,Federal Contract Tower,0,0,1,0,1,0,13,66,8,87,0,13,67,8,88,40,5,45,133
02/17/2002,CYS,WY,ANM,WE,Federal Contract Tower,0,0,0,1,1,0,30,69,0,99,0,30,69,1,100,41,0,41,141
02/18/2002,CYS,WY,ANM,WE,Federal Contract Tower,0,5,0,0,5,0,52,68,0,120,0,57,68,0,125,47,0,47,172
02/19/2002,CYS,WY,ANM,WE,Federal Contract Tower,0,0,8,1,9,2,33,66,13,114,2,33,74,14,123,28,31,59,182
02/20/2002,CYS,WY,ANM,WE,Federal Contract Tower,0,3,3,2,8,0,27,20,1,48,0,30,23,3,56,9,37,46,102
02/21/2002,CYS,WY,ANM,WE,Federal Contract Tower,0,1,3,3,7,2,24,21,1,48,2,25,24,4,55,56,14,70,125
02/22/2002,CYS,WY,ANM,WE,Federal Contract Tower,0,1,2,0,3,0,52,19,6,77,0,53,21,6,80,7,2,9,89
02/23/2002,CYS,WY,ANM,WE,Federal Contract Tower,0,0,0,0,0,0,36,48,8,92,0,36,48,8,92,0,0,0,92
02/24/2002,CYS,WY,ANM,WE,Federal Contract Tower,0,3,3,3,9,0,9,6,5,20,0,12,9,8,29,15,0,15,44
02/25/2002,CYS,WY,ANM,WE,Federal Contract Tower,0,2,2,1,5,0,18,12,3,33,0,20,14,4,38,1,43,44,82
02/26/2002,CYS,WY,ANM,WE,Federal Contract Tower,0,0,0,4,4,0,23,23,15,61,0,23,23,19,65,7,23,30,95
02/27/2002,CYS,WY,ANM,WE,Federal Contract Tower,0,6,0,1,7,0,31,30,12,73,0,37,30,13,80,22,2,24,104
02/28/2002,CYS,WY,ANM,WE,Federal Contract Tower,0,12,4,0,16,0,22,36,14,72,0,34,40,14,88,1,0,1,89
03/01/2002,CYS,WY,ANM,WE,Federal Contract Tower,0,9,6,3,18,0,17,4,0,21,0,26,10,3,39,0,0,0,39
03/02/2002,CYS,WY,ANM,WE,Federal Contract Tower,0,0,0,0,0,0,47,25,3,75,0,47,25,3,75,4,1,5,80
03/03/2002,CYS,WY,ANM,WE,Federal Contract Tower,0,0,0,0,0,0,38,10,1,49,0,38,10,1,49,17,8,25,74
03/04/2002,CYS,WY,ANM,WE,Federal Contract Tower,0,6,1,2,9,0,34,22,2,58,0,40,23,4,67,21,32,53,120
03/05/2002,CYS,WY,ANM,WE,Federal Contract Tower,0,9,3,0,12,0,50,22,3,75,0,59,25,3,87,23,19,42,129
03/06/2002,CYS,WY,ANM,WE,Federal Contract Tower,0,1,2,2,5,0,38,40,14,92,0,39,42,16,97,60,27,87,184
03/07/2002,CYS,WY,ANM,WE,Federal Contract Tower,0,0,3,0,3,0,75,37,3,115,0,75,40,3,118,17,33,50,168
03/08/2002,CYS,WY,ANM,WE,Federal Contract Tower,0,1,3,3,7,4,27,6,3,40,4,28,9,6,47,0,0,0,47
03/09/2002,CYS,WY,ANM,WE,Federal Contract Tower,0,0,2,0,2,0,32,57,3,92,0,32,59,3,94,0,0,0,94
03/10/2002,CYS,WY,ANM,WE,Federal Contract Tower,0,0,0,0,0,0,45,83,2,130,0,45,83,2,130,17,4,21,151
03/11/2002,CYS,WY,ANM,WE,Federal Contract Tower,0,0,1,0,1,0,48,12,22,82,0,48,13,22,83,5,24,29,112
03/12/2002,CYS,WY,ANM,WE,Federal Contract Tower,0,0,0,3,3,0,33,24,3,60,0,33,24,6,63,8,95,103,166
03/13/2002,CYS,WY,ANM,WE,Federal Contract Tower,0,3,3,4,10,0,35,34,19,88,0,38,37,23,98,17,127,144,242
03/14/2002,CYS,WY,ANM,WE,Federal Contract Tower,0,19,7,1,27,0,17,17,11,45,0,36,24,12,72,0,23,23,95
03/15/2002,CYS,WY,ANM,WE,Federal Contract Tower,0,0,2,1,3,2,36,32,5,75,2,36,34,6,78,44,59,103,181
03/16/2002,CYS,WY,ANM,WE,Federal Contract Tower,0,1,1,0,2,2,11,43,5,61,2,12,44,5,63,15,15,30,93
03/17/2002,CYS,WY,ANM,WE,Federal Contract Tower,0,3,9,0,12,0,10,28,2,40,0,13,37,2,52,19,0,19,71
03/18/2002,CYS,WY,ANM,WE,Federal Contract Tower,0,0,6,1,7,0,65,26,6,97,0,65,32,7,104,41,11,52,156
03/19/2002,CYS,WY,ANM,WE,Federal Contract Tower,0,0,0,0,0,0,50,74,11,135,0,50,74,11,135,12,72,84,219
03/20/2002,CYS,WY,ANM,WE,Federal Contract Tower,0,0,5,0,5,0,30,37,17,84,0,30,42,17,89,16,105,121,210
03/21/2002,CYS,WY,ANM,WE,Federal Contract Tower,0,3,4,1,8,0,11,25,16,52,0,14,29,17,60,17,2,19,79
03/22/2002,CYS,WY,ANM,WE,Federal Contract Tower,0,0,7,1,8,0,25,45,4,74,0,25,52,5,82,89,6,95,177
03/23/2002,CYS,WY,ANM,WE,Federal Contract Tower,0,0,1,0,1,0,16,18,0,34,0,16,19,0,35,74,3,77,112
03/24/2002,CYS,WY,ANM,WE,Federal Contract Tower,0,10,2,1,13,1,9,2,0,12,1,19,4,1,25,0,0,0,25
03/25/2002,CYS,WY,ANM,WE,Federal Contract Tower,0,11,7,1,19,0,44,8,3,55,0,55,15,4,74,1,0,1,75
03/26/2002,CYS,WY,ANM,WE,Federal Contract Tower,0,1,2,2,5,0,28,48,9,85,0,29,50,11,90,18,24,42,132
03/27/2002,CYS,WY,ANM,WE,Federal Contract Tower,0,0,1,1,2,1,21,20,7,49,1,21,21,8,51,17,48,65,116
03/28/2002,CYS,WY,ANM,WE,Federal Contract Tower,0,0,1,0,1,0,33,20,10,63,0,33,21,10,64,3,21,24,88
03/29/2002,CYS,WY,ANM,WE,Federal Contract Tower,0,1,3,0,4,0,29,29,0,58,0,30,32,0,62,20,40,60,122
03/30/2002,CYS,WY,ANM,WE,Federal Contract Tower,0,0,1,0,1,0,16,30,2,48,0,16,31,2,49,21,11,32,81
03/31/2002,CYS,WY,ANM,WE,Federal Contract Tower,0,0,1,0,1,0,15,17,0,32,0,15,18,0,33,2,0,2,35
04/01/2002,CYS,WY,ANM,WE,Federal Contract Tower,0,2,4,0,6,0,14,26,7,47,0,16,30,7,53,9,56,65,118
04/02/2002,CYS,WY,ANM,WE,Federal Contract Tower,1,4,6,2,13,1,19,6,8,34,2,23,12,10,47,4,17,21,68
04/03/2002,CYS,WY,ANM,WE,Federal Contract Tower,0,4,7,5,16,0,43,19,24,86,0,47,26,29,102,18,46,64,166
04/04/2002,CYS,WY,ANM,WE,Federal Contract Tower,0,2,4,1,7,1,31,76,5,113,1,33,80,6,120,58,21,79,199
04/05/2002,CYS,WY,ANM,WE,Federal Contract Tower,0,2,8,3,13,0,28,48,8,84,0,30,56,11,97,16,16,32,129
04/06/2002,CYS,WY,ANM,WE,Federal Contract Tower,0,0,2,1,3,0,12,24,4,40,0,12,26,5,43,18,0,18,61
04/07/2002,CYS,WY,ANM,WE,Federal Contract Tower,0,0,3,0,3,0,16,24,4,44,0,16,27,4,47,30,0,30,77
04/08/2002,CYS,WY,ANM,WE,Federal Contract Tower,0,4,4,4,12,0,21,30,4,55,0,25,34,8,67,2,82,84,151
04/09/2002,CYS,WY,ANM,WE,Federal Contract Tower,0,2,0,0,2,0,25,53,4,82,0,27,53,4,84,27,60,87,171
04/10/2002,CYS,WY,ANM,WE,Federal Contract Tower,0,1,3,0,4,0,36,27,3,66,0,37,30,3,70,14,22,36,106
04/11/2002,CYS,WY,ANM,WE,Federal Contract Tower,0,7,6,2,15,0,58,48,6,112,0,65,54,8,127,8,26,34,161
04/12/2002,CYS,WY,ANM,WE,Federal Contract Tower,0,0,6,14,20,0,23,59,16,98,0,23,65,30,118,17,40,57,175
04/13/2002,CYS,WY,ANM,WE,Federal Contract Tower,0,0,1,3,4,0,15,62,19,96,0,15,63,22,100,9,2,11,111
04/14/2002,CYS,WY,ANM,WE,Federal Contract Tower,0,0,2,3,5,0,23,32,19,74,0,23,34,22,79,0,31,31,110
04/15/2002,CYS,WY,ANM,WE,Federal Contract Tower,0,7,1,0,8,0,26,40,2,68,0,33,41,2,76,12,0,12,88
04/16/2002,CYS,WY,ANM,WE,Federal Contract Tower,0,0,1,0,1,0,28,10,9,47,0,28,11,9,48,1,6,7,55
04/17/2002,CYS,WY,ANM,WE,Federal Contract Tower,0,4,5,2,11,0,19,17,19,55,0,23,22,21,66,3,21,24,90
04/18/2002,CYS,WY,ANM,WE,Federal Contract Tower,0,3,9,4,16,0,13,31,5,49,0,16,40,9,65,9,28,37,102
04/19/2002,CYS,WY,ANM,WE,Federal Contract Tower,0,19,7,0,26,0,35,12,0,47,0,54,19,0,73,10,0,10,83
04/20/2002,CYS,WY,ANM,WE,Federal Contract Tower,0,5,1,0,6,0,5,0,0,5,0,10,1,0,11,0,0,0,11
04/21/2002,CYS,WY,ANM,WE,Federal Contract Tower,0,0,1,0,1,0,12,30,2,44,0,12,31,2,45,23,0,23,68
04/22/2002,CYS,WY,ANM,WE,Federal Contract Tower,0,4,3,8,15,0,24,21,1,46,0,28,24,9,61,5,75,80,141
04/23/2002,CYS,WY,ANM,WE,Federal Contract Tower,0,4,12,0,16,0,41,32,1,74,0,45,44,1,90,16,1,17,107
04/24/2002,CYS,WY,ANM,WE,Federal Contract Tower,0,1,1,1,3,0,44,58,5,107,0,45,59,6,110,14,10,24,134
04/25/2002,CYS,WY,ANM,WE,Federal Contract Tower,0,0,3,0,3,0,34,46,2,82,0,34,49,2,85,14,18,32,117
04/26/2002,CYS,WY,ANM,WE,Federal Contract Tower,0,0,7,0,7,0,74,27,8,109,0,74,34,8,116,7,33,40,156
04/27/2002,CYS,WY,ANM,WE,Federal Contract Tower,0,11,0,0,11,0,66,15,0,81,0,77,15,0,92,2,0,2,94
04/28/2002,CYS,WY,ANM,WE,Federal Contract Tower,0,0,0,0,0,0,65,35,3,103,0,65,35,3,103,13,0,13,116
04/29/2002,CYS,WY,ANM,WE,Federal Contract Tower,0,8,8,0,16,0,53,56,1,110,0,61,64,1,126,21,4,25,151
04/30/2002,CYS,WY,ANM,WE,Federal Contract Tower,0,2,0,2,4,0,61,27,0,88,0,63,27,2,92,19,51,70,162
05/01/2002,CYS,WY,ANM,WE,Federal Contract Tower,0,30,6,0,36,0,39,2,0,41,0,69,8,0,77,1,4,5,82
05/02/2002,CYS,WY,ANM,WE,Federal Contract Tower,0,11,9,1,21,0,60,37,7,104,0,71,46,8,125,14,102,116,241
05/03/2002,CYS,WY,ANM,WE,Federal Contract Tower,0,2,5,4,11,0,84,36,0,120,0,86,41,4,131,4,61,65,196
05/04/2002,CYS,WY,ANM,WE,Federal Contract Tower,0,0,5,0,5,0,17,39,4,60,0,17,44,4,65,7,0,7,72
05/05/2002,CYS,WY,ANM,WE,Federal Contract Tower,0,0,3,0,3,0,18,41,7,66,0,18,44,7,69,14,1,15,84
05/06/2002,CYS,WY,ANM,WE,Federal Contract Tower,0,6,2,7,15,0,20,48,0,68,0,26,50,7,83,15,49,64,147
05/07/2002,CYS,WY,ANM,WE,Federal Contract Tower,1,10,8,4,23,0,62,21,6,89,1,72,29,10,112,8,45,53,165
05/08/2002,CYS,WY,ANM,WE,Federal Contract Tower,0,9,0,1,10,0,60,21,5,86,0,69,21,6,96,11,26,37,133
05/09/2002,CYS,WY,ANM,WE,Federal Contract Tower,0,5,3,0,8,0,66,76,2,144,0,71,79,2,152,38,40,78,230
05/10/2002,CYS,WY,ANM,WE,Federal Contract Tower,0,5,3,3,11,0,70,36,13,119,0,75,39,16,130,3,17,20,150
05/11/2002,CYS,WY,ANM,WE,Federal Contract Tower,0,5,1,0,6,0,43,6,2,51,0,48,7,2,57,2,0,2,59
05/12/2002,CYS,WY,ANM,WE,Federal Contract Tower,0,0,0,1,1,0,29,58,3,90,0,29,58,4,91,14,0,14,105
05/13/2002,CYS,WY,ANM,WE,Federal Contract Tower,0,4,8,1,13,0,14,36,7,57,0,18,44,8,70,65,34,99,169
05/14/2002,CYS,WY,ANM,WE,Federal Contract Tower,0,11,6,5,22,0,38,55,6,99,0,49,61,11,121,28,32,60,181
05/15/2002,CYS,WY,ANM,WE,Federal Contract Tower,0,12,1,0,13,0,59,35,3,97,0,71,36,3,110,21,14,35,145
05/16/2002,CYS,WY,ANM,WE,Federal Contract Tower,0,29,23,0,52,0,39,0,7,46,0,68,23,7,98,4,4,8,106
05/17/2002,CYS,WY,ANM,WE,Federal Contract Tower,0,8,8,1,17,0,34,40,6,80,0,42,48,7,97,20,0,20,117
05/18/2002,CYS,WY,ANM,WE,Federal Contract Tower,0,1,3,0,4,0,14,14,0,28,0,15,17,0,32,29,0,29,61
05/19/2002,CYS,WY,ANM,WE,Federal Contract Tower,0,3,3,0,6,0,22,47,2,71,0,25,50,2,77,26,0,26,103
05/20/2002,CYS,WY,ANM,WE,Federal Contract Tower,0,12,5,3,20,0,29,16,2,47,0,41,21,5,67,7,5,12,79
05/21/2002,CYS,WY,ANM,WE,Federal Contract Tower,0,1,0,2,3,0,31,30,3,64,0,32,30,5,67,9,30,39,106
05/22/2002,CYS,WY,ANM,WE,Federal Contract Tower,0,0,0,0,0,0,67,32,0,99,0,67,32,0,99,8,8,16,115
05/23/2002,CYS,WY,ANM,WE,Federal Contract Tower,0,5,1,3,9,0,30,32,12,74,0,35,33,15,83,26,57,83,166
05/24/2002,CYS,WY,ANM,WE,Federal Contract Tower,0,13,2,1,16,0,33,19,8,60,0,46,21,9,76,1,30,31,107
05/25/2002,CYS,WY,ANM,WE,Federal Contract Tower,0,0,0,0,0,1,12,34,2,49,1,12,34,2,49,37,15,52,101
05/26/2002,CYS,WY,ANM,WE,Federal Contract Tower,0,0,0,0,0,0,13,40,0,53,0,13,40,0,53,16,0,16,69
05/27/2002,CYS,WY,ANM,WE,Federal Contract Tower,0,6,5,0,11,0,36,41,0,77,0,42,46,0,88,7,0,7,95
05/28/2002,CYS,WY,ANM,WE,Federal Contract Tower,0,2,7,1,10,0,19,32,11,62,0,21,39,12,72,22,65,87,159
05/29/2002,CYS,WY,ANM,WE,Federal Contract Tower,0,10,4,12,26,0,47,35,16,98,0,57,39,28,124,33,55,88,212
05/30/2002,CYS,WY,ANM,WE,Federal Contract Tower,0,6,6,4,16,1,27,68,8,104,1,33,74,12,120,25,44,69,189
05/31/2002,CYS,WY,ANM,WE,Federal Contract Tower,0,2,1,0,3,2,31,87,9,129,2,33,88,9,132,32,0,32,164
06/01/2002,CYS,WY,ANM,WE,Federal Contract Tower,0,0,0,0,0,1,15,43,1,60,1,15,43,1,60,40,1,41,101
06/02/2002,CYS,WY,ANM,WE,Federal Contract Tower,0,0,0,0,0,0,20,50,0,70,0,20,50,0,70,4,0,4,74
06/03/2002,CYS,WY,ANM,WE,Federal Contract Tower,2,6,2,1,11,0,24,20,1,45,2,30,22,2,56,10,34,44,100
06/04/2002,CYS,WY,ANM,WE,Federal Contract Tower,0,4,0,0,4,0,45,27,8,80,0,49,27,8,84,3,42,45,129
06/05/2002,CYS,WY,ANM,WE,Federal Contract Tower,0,6,3,0,9,0,33,56,10,99,0,39,59,10,108,39,18,57,165
06/06/2002,CYS,WY,ANM,WE,Federal Contract Tower,0,3,2,4,9,0,62,40,3,105,0,65,42,7,114,4,42,46,160
06/07/2002,CYS,WY,ANM,WE,Federal Contract Tower,0,0,1,3,4,0,37,86,2,125,0,37,87,5,129,14,31,45,174
06/08/2002,CYS,WY,ANM,WE,Federal Contract Tower,0,0,3,2,5,0,12,50,8,70,0,12,53,10,75,37,3,40,115
06/09/2002,CYS,WY,ANM,WE,Federal Contract Tower,0,0,1,0,1,0,15,45,9,69,0,15,46,9,70,9,2,11,81
06/10/2002,CYS,WY,ANM,WE,Federal Contract Tower,0,0,3,0,3,0,17,35,16,68,0,17,38,16,71,22,13,35,106
06/11/2002,CYS,WY,ANM,WE,Federal Contract Tower,0,0,1,0,1,0,49,55,11,115,0,49,56,11,116,94,35,129,245
06/12/2002,CYS,WY,ANM,WE,Federal Contract Tower,0,0,3,1,4,0,19,65,9,93,0,19,68,10,97,64,52,116,213
06/13/2002,CYS,WY,ANM,WE,Federal Contract Tower,0,0,1,0,1,0,29,83,16,128,0,29,84,16,129,88,45,133,262
06/14/2002,CYS,WY,ANM,WE,Federal Contract Tower,0,0,0,0,0,0,43,78,32,153,0,43,78,32,153,29,0,29,182
06/15/2002,CYS,WY,ANM,WE,Federal Contract Tower,0,1,0,0,1,0,26,36,5,67,0,27,36,5,68,51,0,51,119
06/16/2002,CYS,WY,ANM,WE,Federal Contract Tower,0,0,0,3,3,0,38,72,23,133,0,38,72,26,136,15,3,18,154
06/17/2002,CYS,WY,ANM,WE,Federal Contract Tower,0,4,3,2,9,0,58,35,13,106,0,62,38,15,115,33,62,95,210
06/18/2002,CYS,WY,ANM,WE,Federal Contract Tower,0,5,3,1,9,2,69,36,25,132,2,74,39,26,141,11,36,47,188
06/19/2002,CYS,WY,ANM,WE,Federal Contract Tower,0,7,1,2,10,0,57,41,5,103,0,64,42,7,113,16,12,28,141
06/20/2002,CYS,WY,ANM,WE,Federal Contract Tower,1,7,3,4,15,1,26,35,20,82,2,33,38,24,97,20,95,115,212
06/21/2002,CYS,WY,ANM,WE,Federal Contract Tower,0,2,2,1,5,6,55,25,12,98,6,57,27,13,103,46,2,48,151
06/22/2002,CYS,WY,ANM,WE,Federal Contract Tower,0,0,0,0,0,0,57,35,3,95,0,57,35,3,95,34,0,34,129
06/23/2002,CYS,WY,ANM,WE,Federal Contract Tower,0,12,8,4,24,0,52,34,3,89,0,64,42,7,113,45,64,109,222
06/24/2002,CYS,WY,ANM,WE,Federal Contract Tower,0,5,3,1,9,0,31,23,26,80,0,36,26,27,89,31,20,51,140
06/25/2002,CYS,WY,ANM,WE,Federal Contract Tower,0,4,2,1,7,0,48,52,0,100,0,52,54,1,107,19,34,53,160
06/26/2002,CYS,WY,ANM,WE,Federal Contract Tower,0,4,3,1,8,0,29,59,10,98,0,33,62,11,106,74,77,151,257
06/27/2002,CYS,WY,ANM,WE,Federal Contract Tower,0,6,4,1,11,0,28,48,7,83,0,34,52,8,94,63,0,63,157
06/28/2002,CYS,WY,ANM,WE,Federal Contract Tower,0,6,5,0,11,0,28,42,8,78,0,34,47,8,89,63,0,63,152
06/29/2002,CYS,WY,ANM,WE,Federal Contract Tower,0,8,0,0,8,0,51,52,6,109,0,59,52,6,117,29,0,29,146
06/30/2002,CYS,WY,ANM,WE,Federal Contract Tower,0,0,0,0,0,2,76,39,2,119,2,76,39,2,119,8,0,8,127
07/01/2002,CYS,WY,ANM,WE,Federal Contract Tower,0,5,3,2,10,0,56,60,6,122,0,61,63,8,132,29,90,119,251
07/02/2002,CYS,WY,ANM,WE,Federal Contract Tower,0,3,8,4,15,0,62,73,11,146,0,65,81,15,161,30,48,78,239
07/03/2002,CYS,WY,ANM,WE,Federal Contract Tower,0,6,8,0,14,0,45,43,10,98,0,51,51,10,112,14,1,15,127
07/04/2002,CYS,WY,ANM,WE,Federal Contract Tower,0,5,0,0,5,0,22,44,20,86,0,27,44,20,91,0,0,0,91
07/05/2002,CYS,WY,ANM,WE,Federal Contract Tower,0,5,4,0,9,0,43,42,3,88,0,48,46,3,97,23,0,23,120
07/06/2002,CYS,WY,ANM,WE,Federal Contract Tower,0,9,2,2,13,2,36,54,0,92,2,45,56,2,105,31,8,39,144
07/07/2002,CYS,WY,ANM,WE,Federal Contract Tower,0,0,3,0,3,0,15,59,3,77,0,15,62,3,80,6,0,6,86
07/08/2002,CYS,WY,ANM,WE,Federal Contract Tower,0,0,1,5,6,0,20,79,5,104,0,20,80,10,110,7,61,68,178
07/09/2002,CYS,WY,ANM,WE,Federal Contract Tower,0,3,4,0,7,0,21,66,8,95,0,24,70,8,102,4,25,29,131
07/10/2002,CYS,WY,ANM,WE,Federal Contract Tower,0,1,2,7,10,13,25,45,11,94,13,26,47,18,104,40,43,83,187
07/11/2002,CYS,WY,ANM,WE,Federal Contract Tower,0,3,2,2,7,1,28,59,3,91,1,31,61,5,98,47,67,114,212
07/12/2002,CYS,WY,ANM,WE,Federal Contract Tower,0,15,1,0,16,11,27,25,3,66,11,42,26,3,82,59,2,61,143
07/13/2002,CYS,WY,ANM,WE,Federal Contract Tower,0,4,1,0,5,0,48,54,4,106,0,52,55,4,111,11,0,11,122
07/14/2002,CYS,WY,ANM,WE,Federal Contract Tower,0,0,2,0,2,1,18,78,1,98,1,18,80,1,100,25,7,32,132
07/15/2002,CYS,WY,ANM,WE,Federal Contract Tower,0,0,2,3,5,0,25,61,7,93,0,25,63,10,98,59,29,88,186
07/16/2002,CYS,WY,ANM,WE,Federal Contract Tower,0,1,2,0,3,1,20,78,13,112,1,21,80,13,115,24,26,50,165
07/17/2002,CYS,WY,ANM,WE,Federal Contract Tower,1,0,1,3,5,0,27,51,5,83,1,27,52,8,88,67,117,184,272
07/18/2002,CYS,WY,ANM,WE,Federal Contract Tower,0,0,2,1,3,0,31,65,14,110,0,31,67,15,113,65,21,86,199
07/19/2002,CYS,WY,ANM,WE,Federal Contract Tower,0,2,0,1,3,0,25,75,19,119,0,27,75,20,122,27,18,45,167
07/20/2002,CYS,WY,ANM,WE,Federal Contract Tower,0,0,0,0,0,0,12,50,18,80,0,12,50,18,80,26,24,50,130
07/21/2002,CYS,WY,ANM,WE,Federal Contract Tower,0,0,0,0,0,0,18,59,11,88,0,18,59,11,88,35,38,73,161
07/22/2002,CYS,WY,ANM,WE,Federal Contract Tower,0,0,5,3,8,0,18,46,12,76,0,18,51,15,84,13,6,19,103
07/23/2002,CYS,WY,ANM,WE,Federal Contract Tower,0,0,1,0,1,0,19,37,8,64,0,19,38,8,65,39,61,100,165
07/24/2002,CYS,WY,ANM,WE,Federal Contract Tower,0,0,1,3,4,0,25,67,4,96,0,25,68,7,100,10,56,66,166
07/25/2002,CYS,WY,ANM,WE,Federal Contract Tower,0,0,1,0,1,0,23,66,7,96,0,23,67,7,97,33,13,46,143
07/26/2002,CYS,WY,ANM,WE,Federal Contract Tower,0,0,5,2,7,0,14,75,9,98,0,14,80,11,105,15,12,27,132
07/27/2002,CYS,WY,ANM,WE,Federal Contract Tower,0,0,1,0,1,2,14,80,0,96,2,14,81,0,97,25,1,26,123
07/28/2002,CYS,WY,ANM,WE,Federal Contract Tower,0,0,1,0,1,0,14,72,4,90,0,14,73,4,91,17,0,17,108
07/29/2002,CYS,WY,ANM,WE,Federal Contract Tower,0,0,1,3,4,0,15,63,4,82,0,15,64,7,86,75,51,126,212
07/30/2002,CYS,WY,ANM,WE,Federal Contract Tower,0,6,7,6,19,0,29,74,6,109,0,35,81,12,128,21,13,34,162
07/31/2002,CYS,WY,ANM,WE,Federal Contract Tower,0,0,3,3,6,0,18,60,9,87,0,18,63,12,93,63,35,98,191
08/01/2002,CYS,WY,ANM,WE,Federal Contract Tower,0,0,6,2,8,0,20,63,11,94,0,20,69,13,102,34,100,134,236
08/02/2002,CYS,WY,ANM,WE,Federal Contract Tower,0,0,7,0,7,0,25,60,13,98,0,25,67,13,105,36,73,109,214
08/03/2002,CYS,WY,ANM,WE,Federal Contract Tower,0,0,1,0,1,0,19,53,8,80,0,19,54,8,81,16,0,16,97
08/04/2002,CYS,WY,ANM,WE,Federal Contract Tower,0,0,0,0,0,2,14,46,9,71,2,14,46,9,71,45,6,51,122
08/05/2002,CYS,WY,ANM,WE,Federal Contract Tower,0,0,0,2,2,2,16,34,15,67,2,16,34,17,69,21,11,32,101
08/06/2002,CYS,WY,ANM,WE,Federal Contract Tower,0,0,1,1,2,0,23,21,3,47,0,23,22,4,49,39,64,103,152
08/07/2002,CYS,WY,ANM,WE,Federal Contract Tower,0,0,6,7,13,0,22,40,2,64,0,22,46,9,77,45,94,139,216
08/08/2002,CYS,WY,ANM,WE,Federal Contract Tower,0,0,8,3,11,2,21,45,0,68,2,21,53,3,79,53,98,151,230
08/09/2002,CYS,WY,ANM,WE,Federal Contract Tower,0,0,0,3,3,0,21,35,0,56,0,21,35,3,59,49,60,109,168
08/10/2002,CYS,WY,ANM,WE,Federal Contract Tower,0,0,1,0,1,0,14,77,6,97,0,14,78,6,98,38,0,38,136
08/11/2002,CYS,WY,ANM,WE,Federal Contract Tower,0,0,0,1,1,0,16,31,0,47,0,16,31,1,48,59,0,59,107
08/12/2002,CYS,WY,ANM,WE,Federal Contract Tower,0,0,3,1,4,0,16,30,7,53,0,16,33,8,57,25,21,46,103
08/13/2002,CYS,WY,ANM,WE,Federal Contract Tower,0,2,3,5,10,0,25,39,2,66,0,27,42,7,76,76,60,136,212
08/14/2002,CYS,WY,ANM,WE,Federal Contract Tower,0,0,3,5,8,0,22,41,4,67,0,22,44,9,75,61,59,120,195
08/15/2002,CYS,WY,ANM,WE,Federal Contract Tower,0,0,3,3,6,0,22,56,7,85,0,22,59,10,91,23,7,30,121
08/16/2002,CYS,WY,ANM,WE,Federal Contract Tower,0,0,2,1,3,0,32,30,19,81,0,32,32,20,84,19,21,40,124
08/17/2002,CYS,WY,ANM,WE,Federal Contract Tower,0,0,0,2,2,0,16,49,13,78,0,16,49,15,80,20,17,37,117
08/18/2002,CYS,WY,ANM,WE,Federal Contract Tower,0,0,0,6,6,0,18,40,22,80,0,18,40,28,86,28,20,48,134
08/19/2002,CYS,WY,ANM,WE,Federal Contract Tower,0,1,2,6,9,0,23,36,6,65,0,24,38,12,74,22,46,68,142
08/20/2002,CYS,WY,ANM,WE,Federal Contract Tower,0,0,3,11,14,0,19,25,0,44,0,19,28,11,58,76,83,159,217
08/21/2002,CYS,WY,ANM,WE,Federal Contract Tower,0,0,3,4,7,0,32,46,15,93,0,32,49,19,100,11,20,31,131
08/22/2002,CYS,WY,ANM,WE,Federal Contract Tower,0,6,6,8,20,4,23,31,48,106,4,29,37,56,126,41,40,81,207
08/23/2002,CYS,WY,ANM,WE,Federal Contract Tower,0,2,5,0,7,0,26,42,10,78,0,28,47,10,85,40,6,46,131
08/24/2002,CYS,WY,ANM,WE,Federal Contract Tower,0,0,5,0,5,0,17,28,5,50,0,17,33,5,55,16,18,34,89
08/25/2002,CYS,WY,ANM,WE,Federal Contract Tower,0,0,4,0,4,0,16,26,1,43,0,16,30,1,47,34,0,34,81
08/26/2002,CYS,WY,ANM,WE,Federal Contract Tower,0,0,8,2,10,0,19,32,10,61,0,19,40,12,71,55,2,57,128
08/27/2002,CYS,WY,ANM,WE,Federal Contract Tower,0,5,4,3,12,0,25,30,14,69,0,30,34,17,81,2,66,68,149
08/28/2002,CYS,WY,ANM,WE,Federal Contract Tower,0,8,16,8,32,0,26,38,11,75,0,34,54,19,107,0,18,18,125
08/29/2002,CYS,WY,ANM,WE,Federal Contract Tower,0,5,8,10,23,1,32,69,31,133,1,37,77,41,156,13,59,72,228
08/30/2002,CYS,WY,ANM,WE,Federal Contract Tower,0,0,8,1,9,0,29,37,2,68,0,29,45,3,77,37,4,41,118
08/31/2002,CYS,WY,ANM,WE,Federal Contract Tower,0,0,14,0,14,0,42,32,2,76,0,42,46,2,90,41,6,47,137
09/01/2002,CYS,WY,ANM,WE,Federal Contract Tower,0,0,1,0,1,1,9,60,0,70,1,9,61,0,71,23,0,23,94
09/02/2002,CYS,WY,ANM,WE,Federal Contract Tower,0,0,0,0,0,4,13,22,0,39,4,13,22,0,39,22,0,22,61
09/03/2002,CYS,WY,ANM,WE,Federal Contract Tower,0,2,3,5,10,0,25,47,11,83,0,27,50,16,93,15,68,83,176
09/04/2002,CYS,WY,ANM,WE,Federal Contract Tower,0,0,9,2,11,0,22,43,0,65,0,22,52,2,76,80,56,136,212
09/05/2002,CYS,WY,ANM,WE,Federal Contract Tower,0,3,2,2,7,0,28,31,15,74,0,31,33,17,81,20,73,93,174
09/06/2002,CYS,WY,ANM,WE,Federal Contract Tower,0,0,7,3,10,0,18,44,5,67,0,18,51,8,77,43,44,87,164
09/07/2002,CYS,WY,ANM,WE,Federal Contract Tower,0,0,2,2,4,1,21,19,0,41,1,21,21,2,45,69,44,113,158
09/08/2002,CYS,WY,ANM,WE,Federal Contract Tower,0,2,2,0,4,0,17,27,0,44,0,19,29,0,48,30,34,64,112
09/09/2002,CYS,WY,ANM,WE,Federal Contract Tower,0,3,1,1,5,0,17,19,5,41,0,20,20,6,46,5,15,20,66
09/10/2002,CYS,WY,ANM,WE,Federal Contract Tower,0,7,10,1,18,2,23,41,5,71,2,30,51,6,89,15,14,29,118
09/11/2002,CYS,WY,ANM,WE,Federal Contract Tower,0,4,6,4,14,0,13,46,12,71,0,17,52,16,85,44,95,139,224
09/12/2002,CYS,WY,ANM,WE,Federal Contract Tower,2,1,5,0,8,2,23,10,8,43,4,24,15,8,51,39,18,57,108
09/13/2002,CYS,WY,ANM,WE,Federal Contract Tower,0,1,2,6,9,0,26,27,8,61,0,27,29,14,70,19,57,76,146
09/14/2002,CYS,WY,ANM,WE,Federal Contract Tower,0,2,6,2,10,1,9,50,0,60,1,11,56,2,70,64,2,66,136
09/15/2002,CYS,WY,ANM,WE,Federal Contract Tower,0,0,2,3,5,0,19,51,14,84,0,19,53,17,89,38,0,38,127
09/16/2002,CYS,WY,ANM,WE,Federal Contract Tower,0,0,8,6,14,0,16,48,1,65,0,16,56,7,79,87,91,178,257
09/17/2002,CYS,WY,ANM,WE,Federal Contract Tower,0,2,1,2,5,0,31,41,19,91,0,33,42,21,96,35,53,88,184
09/18/2002,CYS,WY,ANM,WE,Federal Contract Tower,0,0,1,10,11,0,22,36,21,79,0,22,37,31,90,26,69,95,185
09/19/2002,CYS,WY,ANM,WE,Federal Contract Tower,0,0,17,0,17,0,17,41,12,70,0,17,58,12,87,47,5,52,139
09/20/2002,CYS,WY,ANM,WE,Federal Contract Tower,0,0,3,3,6,0,19,36,4,59,0,19,39,7,65,29,28,57,122
09/21/2002,CYS,WY,ANM,WE,Federal Contract Tower,0,3,3,0,6,0,10,30,2,42,0,13,33,2,48,41,1,42,90
09/22/2002,CYS,WY,ANM,WE,Federal Contract Tower,0,0,1,0,1,0,18,72,1,91,0,18,73,1,92,43,2,45,137
09/23/2002,CYS,WY,ANM,WE,Federal Contract Tower,0,1,3,2,6,0,15,43,3,61,0,16,46,5,67,15,29,44,111
09/24/2002,CYS,WY,ANM,WE,Federal Contract Tower,0,8,3,5,16,0,35,57,14,106,0,43,60,19,122,18,63,81,203
09/25/2002,CYS,WY,ANM,WE,Federal Contract Tower,0,2,12,11,25,1,20,32,3,56,1,22,44,14,81,22,33,55,136
09/26/2002,CYS,WY,ANM,WE,Federal Contract Tower,0,5,3,4,12,0,26,40,19,85,0,31,43,23,97,22,8,30,127
09/27/2002,CYS,WY,ANM,WE,Federal Contract Tower,0,0,6,7,13,0,28,48,0,76,0,28,54,7,89,39,38,77,166
09/28/2002,CYS,WY,ANM,WE,Federal Contract Tower,0,0,4,1,5,0,13,27,0,40,0,13,31,1,45,29,8,37,82
09/29/2002,CYS,WY,ANM,WE,Federal Contract Tower,0,0,1,0,1,0,14,33,0,47,0,14,34,0,48,59,0,59,107
09/30/2002,CYS,WY,ANM,WE,Federal Contract Tower,0,9,7,3,19,0,46,9,0,55,0,55,16,3,74,88,20,108,182
10/01/2002,CYS,WY,ANM,WE,Federal Contract Tower,0,7,6,7,20,0,12,11,0,23,0,19,17,7,43,28,41,69,112
10/02/2002,CYS,WY,ANM,WE,Federal Contract Tower,0,12,6,4,22,0,4,0,1,5,0,16,6,5,27,8,7,15,42
10/03/2002,CYS,WY,ANM,WE,Federal Contract Tower,0,14,6,7,27,0,9,7,6,22,0,23,13,13,49,4,36,40,89
10/04/2002,CYS,WY,ANM,WE,Federal Contract Tower,0,5,5,6,16,1,15,21,1,38,1,20,26,7,54,46,33,79,133
10/05/2002,CYS,WY,ANM,WE,Federal Contract Tower,0,0,2,0,2,1,11,33,0,45,1,11,35,0,47,13,1,14,61
10/06/2002,CYS,WY,ANM,WE,Federal Contract Tower,0,3,4,0,7,0,16,33,0,49,0,19,37,0,56,77,32,109,165
10/07/2002,CYS,WY,ANM,WE,Federal Contract Tower,0,2,2,0,4,0,25,49,5,79,0,27,51,5,83,39,11,50,133
10/08/2002,CYS,WY,ANM,WE,Federal Contract Tower,0,1,5,2,8,0,21,5,4,30,0,22,10,6,38,59,64,123,161
10/09/2002,CYS,WY,ANM,WE,Federal Contract Tower,0,4,5,3,12,0,25,36,0,61,0,29,41,3,73,38,93,131,204
10/10/2002,CYS,WY,ANM,WE,Federal Contract Tower,0,5,7,0,12,0,28,30,8,66,0,33,37,8,78,41,10,51,129
10/11/2002,CYS,WY,ANM,WE,Federal Contract Tower,0,2,3,10,15,0,28,36,2,66,0,30,39,12,81,9,44,53,134
10/12/2002,CYS,WY,ANM,WE,Federal Contract Tower,0,0,3,0,3,0,9,11,3,23,0,9,14,3,26,20,0,20,46
10/13/2002,CYS,WY,ANM,WE,Federal Contract Tower,0,0,0,0,0,0,12,51,0,63,0,12,51,0,63,22,0,22,85
10/14/2002,CYS,WY,ANM,WE,Federal Contract Tower,0,2,0,1,3,0,25,21,3,49,0,27,21,4,52,19,1,20,72
10/15/2002,CYS,WY,ANM,WE,Federal Contract Tower,0,11,11,0,22,2,34,13,0,49,2,45,24,0,71,61,38,99,170
10/16/2002,CYS,WY,ANM,WE,Federal Contract Tower,0,0,6,4,10,0,27,33,0,60,0,27,39,4,70,36,54,90,160
10/17/2002,CYS,WY,ANM,WE,Federal Contract Tower,0,6,2,9,17,0,28,31,0,59,0,34,33,9,76,51,31,82,158
10/18/2002,CYS,WY,ANM,WE,Federal Contract Tower,0,2,3,5,10,3,23,25,2,53,3,25,28,7,63,43,23,66,129
10/19/2002,CYS,WY,ANM,WE,Federal Contract Tower,0,2,0,3,5,2,21,42,3,68,2,23,42,6,73,54,22,76,149
10/20/2002,CYS,WY,ANM,WE,Federal Contract Tower,0,3,5,0,8,0,26,50,1,77,0,29,55,1,85,34,1,35,120
10/21/2002,CYS,WY,ANM,WE,Federal Contract Tower,0,3,8,0,11,0,28,29,0,57,0,31,37,0,68,52,11,63,131
10/22/2002,CYS,WY,ANM,WE,Federal Contract Tower,0,7,4,3,14,0,11,5,0,16,0,18,9,3,30,3,7,10,40
10/23/2002,CYS,WY,ANM,WE,Federal Contract Tower,0,7,5,0,12,1,13,0,0,14,1,20,5,0,26,0,0,0,26
10/24/2002,CYS,WY,ANM,WE,Federal Contract Tower,0,7,2,0,9,0,13,6,0,19,0,20,8,0,28,1,6,7,35
10/25/2002,CYS,WY,ANM,WE,Federal Contract Tower,0,9,1,4,14,2,29,25,2,58,2,38,26,6,72,14,45,59,131
10/26/2002,CYS,WY,ANM,WE,Federal Contract Tower,0,8,5,4,17,0,20,52,2,74,0,28,57,6,91,42,24,66,157
10/27/2002,CYS,WY,ANM,WE,Federal Contract Tower,0,5,6,3,14,0,13,1,0,14,0,18,7,3,28,25,20,45,73
10/28/2002,CYS,WY,ANM,WE,Federal Contract Tower,0,1,6,12,19,0,15,19,34,68,0,16,25,46,87,18,117,135,222
10/29/2002,CYS,WY,ANM,WE,Federal Contract Tower,0,7,3,1,11,0,9,3,1,13,0,16,6,2,24,0,0,0,24
10/30/2002,CYS,WY,ANM,WE,Federal Contract Tower,0,12,4,1,17,0,6,8,1,15,0,18,12,2,32,1,10,11,43
10/31/2002,CYS,WY,ANM,WE,Federal Contract Tower,0,20,4,1,25,0,8,3,0,11,0,28,7,1,36,0,0,0,36
11/01/2002,CYS,WY,ANM,WE,Federal Contract Tower,0,8,4,7,19,0,12,13,0,25,0,20,17,7,44,0,10,10,54
11/02/2002,CYS,WY,ANM,WE,Federal Contract Tower,0,0,1,2,3,0,13,12,5,30,0,13,13,7,33,3,0,3,36
11/03/2002,CYS,WY,ANM,WE,Federal Contract Tower,0,0,0,2,2,0,19,26,13,58,0,19,26,15,60,32,12,44,104
11/04/2002,CYS,WY,ANM,WE,Federal Contract Tower,0,5,1,3,9,0,27,11,0,38,0,32,12,3,47,21,79,100,147
11/05/2002,CYS,WY,ANM,WE,Federal Contract Tower,0,0,7,2,9,0,18,16,9,43,0,18,23,11,52,19,43,62,114
11/06/2002,CYS,WY,ANM,WE,Federal Contract Tower,0,0,3,13,16,0,20,38,5,63,0,20,41,18,79,19,32,51,130
11/07/2002,CYS,WY,ANM,WE,Federal Contract Tower,0,10,3,6,19,0,22,27,11,60,0,32,30,17,79,7,102,109,188
11/08/2002,CYS,WY,ANM,WE,Federal Contract Tower,0,0,0,4,4,0,21,25,2,48,0,21,25,6,52,1,54,55,107
11/09/2002,CYS,WY,ANM,WE,Federal Contract Tower,0,0,1,0,1,1,10,7,0,18,1,10,8,0,19,8,0,8,27
11/10/2002,CYS,WY,ANM,WE,Federal Contract Tower,0,0,1,0,1,1,14,17,0,32,1,14,18,0,33,23,0,23,56
11/11/2002,CYS,WY,ANM,WE,Federal Contract Tower,0,4,0,0,4,0,26,20,2,48,0,30,20,2,52,35,1,36,88
11/12/2002,CYS,WY,ANM,WE,Federal Contract Tower,0,0,1,2,3,0,20,30,9,59,0,20,31,11,62,20,83,103,165
11/13/2002,CYS,WY,ANM,WE,Federal Contract Tower,0,4,4,12,20,0,21,40,12,73,0,25,44,24,93,14,61,75,168
11/14/2002,CYS,WY,ANM,WE,Federal Contract Tower,0,2,4,6,12,0,19,35,0,54,0,21,39,6,66,20,65,85,151
11/15/2002,CYS,WY,ANM,WE,Federal Contract Tower,0,1,6,5,12,1,21,34,4,60,1,22,40,9,72,22,5,27,99
11/16/2002,CYS,WY,ANM,WE,Federal Contract Tower,0,2,14,1,17,1,15,12,2,30,1,17,26,3,47,46,0,46,93
11/17/2002,CYS,WY,ANM,WE,Federal Contract Tower,0,2,7,0,9,0,26,17,10,53,0,28,24,10,62,36,10,46,108
11/18/2002,CYS,WY,ANM,WE,Federal Contract Tower,0,4,8,4,16,0,18,15,5,38,0,22,23,9,54,25,80,105,159
11/19/2002,CYS,WY,ANM,WE,Federal Contract Tower,0,10,1,5,16,0,19,15,5,39,0,29,16,10,55,29,79,108,163
11/20/2002,CYS,WY,ANM,WE,Federal Contract Tower,0,9,10,5,24,1,25,12,0,38,1,34,22,5,62,54,89,143,205
11/21/2002,CYS,WY,ANM,WE,Federal Contract Tower,0,9,5,5,19,1,38,49,12,100,1,47,54,17,119,19,75,94,213
11/22/2002,CYS,WY,ANM,WE,Federal Contract Tower,0,6,10,9,25,0,22,27,8,57,0,28,37,17,82,18,111,129,211
11/23/2002,CYS,WY,ANM,WE,Federal Contract Tower,0,9,7,2,18,0,51,20,7,78,0,60,27,9,96,32,10,42,138
11/24/2002,CYS,WY,ANM,WE,Federal Contract Tower,0,17,1,1,19,0,23,2,0,25,0,40,3,1,44,1,17,18,62
11/25/2002,CYS,WY,ANM,WE,Federal Contract Tower,0,12,2,2,16,0,24,16,12,52,0,36,18,14,68,3,51,54,122
11/26/2002,CYS,WY,ANM,WE,Federal Contract Tower,0,14,5,4,23,0,15,22,0,37,0,29,27,4,60,86,27,113,173
11/27/2002,CYS,WY,ANM,WE,Federal Contract Tower,0,4,2,1,7,0,19,14,0,33,0,23,16,1,40,18,88,106,146
11/28/2002,CYS,WY,ANM,WE,Federal Contract Tower,0,5,0,0,5,0,0,12,0,12,0,5,12,0,17,45,0,45,62
11/29/2002,CYS,WY,ANM,WE,Federal Contract Tower,0,16,1,0,17,1,32,21,0,54,1,48,22,0,71,21,1,22,93
11/30/2002,CYS,WY,ANM,WE,Federal Contract Tower,0,14,0,0,14,1,19,26,0,46,1,33,26,0,60,48,0,48,108
12/01/2002,CYS,WY,ANM,WE,Federal Contract Tower,0,2,2,0,4,1,9,15,0,25,1,11,17,0,29,35,1,36,65
12/02/2002,CYS,WY,ANM,WE,Federal Contract Tower,0,11,8,2,21,0,19,10,0,29,0,30,18,2,50,50,36,86,136
12/03/2002,CYS,WY,ANM,WE,Federal Contract Tower,0,12,2,7,21,0,10,0,7,17,0,22,2,14,38,8,5,13,51
12/04/2002,CYS,WY,ANM,WE,Federal Contract Tower,0,9,2,0,11,0,12,6,0,18,0,21,8,0,29,0,0,0,29
12/05/2002,CYS,WY,ANM,WE,Federal Contract Tower,0,9,3,14,26,0,26,30,2,58,0,35,33,16,84,40,69,109,193
12/06/2002,CYS,WY,ANM,WE,Federal Contract Tower,0,17,7,4,28,0,27,13,0,40,0,44,20,4,68,51,43,94,162
12/07/2002,CYS,WY,ANM,WE,Federal Contract Tower,0,0,6,2,8,0,13,41,9,63,0,13,47,11,71,58,8,66,137
12/08/2002,CYS,WY,ANM,WE,Federal Contract Tower,0,12,5,1,18,0,19,22,1,42,0,31,27,2,60,58,16,74,134
12/09/2002,CYS,WY,ANM,WE,Federal Contract Tower,0,8,5,7,20,0,30,45,0,75,0,38,50,7,95,54,37,91,186
12/10/2002,CYS,WY,ANM,WE,Federal Contract Tower,0,8,9,8,25,0,23,30,0,53,0,31,39,8,78,76,84,160,238
12/11/2002,CYS,WY,ANM,WE,Federal Contract Tower,0,6,6,8,20,0,25,37,1,63,0,31,43,9,83,28,74,102,185
12/12/2002,CYS,WY,ANM,WE,Federal Contract Tower,0,7,2,4,13,0,36,10,0,46,0,43,12,4,59,37,95,132,191
12/13/2002,CYS,WY,ANM,WE,Federal Contract Tower,0,14,0,8,22,0,40,30,7,77,0,54,30,15,99,37,33,70,169
12/14/2002,CYS,WY,ANM,WE,Federal Contract Tower,0,10,6,0,16,0,0,16,0,16,0,10,22,0,32,106,8,114,146
12/15/2002,CYS,WY,ANM,WE,Federal Contract Tower,0,6,1,0,7,0,34,11,1,46,0,40,12,1,53,25,2,27,80
12/16/2002,CYS,WY,ANM,WE,Federal Contract Tower,0,11,4,1,16,0,42,35,7,84,0,53,39,8,100,34,39,73,173
12/17/2002,CYS,WY,ANM,WE,Federal Contract Tower,0,9,15,4,28,0,35,19,0,54,0,44,34,4,82,24,85,109,191
12/18/2002,CYS,WY,ANM,WE,Federal Contract Tower,0,12,4,0,16,0,35,14,0,49,0,47,18,0,65,2,71,73,138
12/19/2002,CYS,WY,ANM,WE,Federal Contract Tower,0,12,3,10,25,0,23,26,0,49,0,35,29,10,74,31,69,100,174
12/20/2002,CYS,WY,ANM,WE,Federal Contract Tower,0,5,8,9,22,0,28,53,5,86,0,33,61,14,108,37,58,95,203
12/21/2002,CYS,WY,ANM,WE,Federal Contract Tower,0,3,1,0,4,0,25,36,1,62,0,28,37,1,66,63,1,64,130
12/22/2002,CYS,WY,ANM,WE,Federal Contract Tower,0,4,4,0,8,0,16,23,0,39,0,20,27,0,47,46,0,46,93
12/23/2002,CYS,WY,ANM,WE,Federal Contract Tower,0,13,0,2,15,0,27,7,2,36,0,40,7,4,51,6,17,23,74
12/24/2002,CYS,WY,ANM,WE,Federal Contract Tower,9,9,6,0,24,1,39,20,0,60,10,48,26,0,84,8,8,16,100
12/25/2002,CYS,WY,ANM,WE,Federal Contract Tower,0,0,0,0,0,0,7,18,0,25,0,7,18,0,25,1,0,1,26
12/26/2002,CYS,WY,ANM,WE,Federal Contract Tower,0,16,4,0,20,0,44,20,0,64,0,60,24,0,84,20,8,28,112
12/27/2002,CYS,WY,ANM,WE,Federal Contract Tower,0,7,2,0,9,0,29,20,0,49,0,36,22,0,58,4,1,5,63
12/28/2002,CYS,WY,ANM,WE,Federal Contract Tower,0,6,3,0,9,0,18,8,0,26,0,24,11,0,35,83,0,83,118
12/29/2002,CYS,WY,ANM,WE,Federal Contract Tower,0,12,1,0,13,0,29,9,0,38,0,41,10,0,51,11,0,11,62
12/30/2002,CYS,WY,ANM,WE,Federal Contract Tower,0,19,4,3,26,0,56,21,6,83,0,75,25,9,109,62,48,110,219
12/31/2002,CYS,WY,ANM,WE,Federal Contract Tower,0,4,4,0,8,0,16,22,2,40,0,20,26,2,48,43,3,46,94
01/01/2003,CYS,WY,ANM,WE,Federal Contract Tower,0,0,4,0,4,0,9,11,0,20,0,9,15,0,24,21,0,21,45
01/02/2003,CYS,WY,ANM,WE,Federal Contract Tower,0,0,6,0,6,0,16,26,0,42,0,16,32,0,48,35,61,96,144
01/03/2003,CYS,WY,ANM,WE,Federal Contract Tower,0,1,0,1,2,0,17,13,2,32,0,18,13,3,34,5,16,21,55
01/04/2003,CYS,WY,ANM,WE,Federal Contract Tower,0,0,4,0,4,2,14,37,1,54,2,14,41,1,58,46,1,47,105
01/05/2003,CYS,WY,ANM,WE,Federal Contract Tower,0,0,1,0,1,0,8,21,2,31,0,8,22,2,32,2,0,2,34
01/06/2003,CYS,WY,ANM,WE,Federal Contract Tower,0,0,5,17,22,0,14,30,35,79,0,14,35,52,101,39,100,139,240
01/07/2003,CYS,WY,ANM,WE,Federal Contract Tower,0,0,2,1,3,0,15,22,0,37,0,15,24,1,40,36,161,197,237
01/08/2003,CYS,WY,ANM,WE,Federal Contract Tower,0,0,3,4,7,0,19,19,0,38,0,19,22,4,45,11,86,97,142
01/09/2003,CYS,WY,ANM,WE,Federal Contract Tower,0,0,9,7,16,0,16,26,0,42,0,16,35,7,58,38,75,113,171
01/10/2003,CYS,WY,ANM,WE,Federal Contract Tower,0,4,9,2,15,0,20,17,0,37,0,24,26,2,52,42,130,172,224
01/11/2003,CYS,WY,ANM,WE,Federal Contract Tower,0,0,14,1,15,0,25,29,29,83,0,25,43,30,98,52,17,69,167
01/12/2003,CYS,WY,ANM,WE,Federal Contract Tower,0,0,7,5,12,0,9,22,5,36,0,9,29,10,48,50,60,110,158
01/13/2003,CYS,WY,ANM,WE,Federal Contract Tower,0,0,1,2,3,0,12,18,2,32,0,12,19,4,35,8,46,54,89
01/14/2003,CYS,WY,ANM,WE,Federal Contract Tower,0,0,2,11,13,0,14,24,1,39,0,14,26,12,52,25,52,77,129
01/15/2003,CYS,WY,ANM,WE,Federal Contract Tower,0,3,3,2,8,0,11,14,1,26,0,14,17,3,34,8,19,27,61
01/16/2003,CYS,WY,ANM,WE,Federal Contract Tower,0,0,2,4,6,0,19,29,8,56,0,19,31,12,62,5,25,30,92
01/17/2003,CYS,WY,ANM,WE,Federal Contract Tower,0,0,0,4,4,0,15,26,0,41,0,15,26,4,45,50,52,102,147
01/18/2003,CYS,WY,ANM,WE,Federal Contract Tower,0,0,2,0,2,0,12,18,3,33,0,12,20,3,35,19,1,20,55
01/19/2003,CYS,WY,ANM,WE,Federal Contract Tower,0,0,0,2,2,0,8,3,14,25,0,8,3,16,27,5,0,5,32
01/20/2003,CYS,WY,ANM,WE,Federal Contract Tower,0,0,1,0,1,0,15,14,0,29,0,15,15,0,30,9,0,9,39
01/21/2003,CYS,WY,ANM,WE,Federal Contract Tower,0,0,4,9,13,1,21,22,17,61,1,21,26,26,74,22,79,101,175
01/22/2003,CYS,WY,ANM,WE,Federal Contract Tower,0,7,2,4,13,0,9,5,1,15,0,16,7,5,28,0,28,28,56
01/23/2003,CYS,WY,ANM,WE,Federal Contract Tower,0,0,1,3,4,0,17,25,8,50,0,17,26,11,54,1,78,79,133
01/24/2003,CYS,WY,ANM,WE,Federal Contract Tower,0,0,1,1,2,0,15,43,0,58,0,15,44,1,60,43,8,51,111
01/25/2003,CYS,WY,ANM,WE,Federal Contract Tower,0,4,3,0,7,0,13,39,2,54,0,17,42,2,61,53,0,53,114
01/26/2003,CYS,WY,ANM,WE,Federal Contract Tower,0,0,1,0,1,0,15,23,4,42,0,15,24,4,43,52,4,56,99
01/27/2003,CYS,WY,ANM,WE,Federal Contract Tower,0,0,0,11,11,0,15,16,2,33,0,15,16,13,44,24,53,77,121
01/28/2003,CYS,WY,ANM,WE,Federal Contract Tower,0,2,2,7,11,0,13,11,1,25,0,15,13,8,36,35,47,82,118
01/29/2003,CYS,WY,ANM,WE,Federal Contract Tower,0,0,4,5,9,0,19,41,6,66,0,19,45,11,75,52,51,103,178
01/30/2003,CYS,WY,ANM,WE,Federal Contract Tower,0,3,1,0,4,0,16,10,0,26,0,19,11,0,30,1,4,5,35
01/31/2003,CYS,WY,ANM,WE,Federal Contract Tower,0,5,3,6,14,0,28,19,5,52,0,33,22,11,66,2,38,40,106
02/01/2003,CYS,WY,ANM,WE,Federal Contract Tower,0,7,1,0,8,0,22,11,1,34,0,29,12,1,42,4,0,4,46
02/02/2003,CYS,WY,ANM,WE,Federal Contract Tower,0,1,1,0,2,0,3,0,1,4,0,4,1,1,6,0,0,0,6
02/03/2003,CYS,WY,ANM,WE,Federal Contract Tower,0,2,1,4,7,3,18,9,10,40,3,20,10,14,47,16,62,78,125
02/04/2003,CYS,WY,ANM,WE,Federal Contract Tower,0,4,3,7,14,0,13,17,10,40,0,17,20,17,54,28,89,117,171
02/05/2003,CYS,WY,ANM,WE,Federal Contract Tower,0,0,1,4,5,2,20,32,11,65,2,20,33,15,70,20,66,86,156
02/06/2003,CYS,WY,ANM,WE,Federal Contract Tower,0,6,0,8,14,0,29,22,6,57,0,35,22,14,71,14,102,116,187
02/07/2003,CYS,WY,ANM,WE,Federal Contract Tower,0,0,4,1,5,0,22,47,9,78,0,22,51,10,83,33,27,60,143
02/08/2003,CYS,WY,ANM,WE,Federal Contract Tower,0,11,2,0,13,0,12,4,5,21,0,23,6,5,34,21,8,29,63
02/09/2003,CYS,WY,ANM,WE,Federal Contract Tower,0,0,3,0,3,0,11,22,0,33,0,11,25,0,36,46,0,46,82
02/10/2003,CYS,WY,ANM,WE,Federal Contract Tower,0,0,1,2,3,2,19,18,0,39,2,19,19,2,42,8,25,33,75
02/11/2003,CYS,WY,ANM,WE,Federal Contract Tower,0,0,4,3,7,0,20,24,4,48,0,20,28,7,55,27,70,97,152
02/12/2003,CYS,WY,ANM,WE,Federal Contract Tower,0,0,9,6,15,0,14,44,11,69,0,14,53,17,84,75,40,115,199
02/13/2003,CYS,WY,ANM,WE,Federal Contract Tower,0,0,4,4,8,0,17,35,4,56,0,17,39,8,64,63,80,143,207
02/14/2003,CYS,WY,ANM,WE,Federal Contract Tower,0,11,8,1,20,2,22,10,0,34,2,33,18,1,54,8,12,20,74
02/15/2003,CYS,WY,ANM,WE,Federal Contract Tower,0,11,2,0,13,0,11,5,0,16,0,22,7,0,29,0,0,0,29
02/16/2003,CYS,WY,ANM,WE,Federal Contract Tower,0,1,10,1,12,0,8,52,1,61,0,9,62,2,73,72,1,73,146
02/17/2003,CYS,WY,ANM,WE,Federal Contract Tower,0,1,1,0,2,0,28,19,2,49,0,29,20,2,51,15,1,16,67
02/18/2003,CYS,WY,ANM,WE,Federal Contract Tower,0,1,1,8,10,0,17,39,35,91,0,18,40,43,101,31,71,102,203
02/19/2003,CYS,WY,ANM,WE,Federal Contract Tower,0,1,4,13,18,0,19,36,18,73,0,20,40,31,91,88,87,175,266
02/20/2003,CYS,WY,ANM,WE,Federal Contract Tower,0,8,1,4,13,0,28,37,1,66,0,36,38,5,79,47,28,75,154
02/21/2003,CYS,WY,ANM,WE,Federal Contract Tower,0,0,6,4,10,0,22,42,2,66,0,22,48,6,76,6,8,14,90
02/22/2003,CYS,WY,ANM,WE,Federal Contract Tower,0,4,8,1,13,0,11,39,1,51,0,15,47,2,64,25,0,25,89
02/23/2003,CYS,WY,ANM,WE,Federal Contract Tower,0,3,3,3,9,0,7,2,3,12,0,10,5,6,21,0,0,0,21
02/24/2003,CYS,WY,ANM,WE,Federal Contract Tower,0,3,6,4,13,0,30,6,9,45,0,33,12,13,58,49,33,82,140
02/25/2003,CYS,WY,ANM,WE,Federal Contract Tower,0,2,6,13,21,1,11,16,2,30,1,13,22,15,51,50,102,152,203
02/26/2003,CYS,WY,ANM,WE,Federal Contract Tower,0,1,3,6,10,2,20,35,0,57,2,21,38,6,67,22,131,153,220
02/27/2003,CYS,WY,ANM,WE,Federal Contract Tower,0,8,3,7,18,0,14,6,1,21,0,22,9,8,39,1,11,12,51
02/28/2003,CYS,WY,ANM,WE,Federal Contract Tower,0,6,7,7,20,0,8,13,11,32,0,14,20,18,52,0,51,51,103
03/01/2003,CYS,WY,ANM,WE,Federal Contract Tower,0,5,4,4,13,0,5,7,5,17,0,10,11,9,30,4,36,40,70
03/02/2003,CYS,WY,ANM,WE,Federal Contract Tower,0,0,5,1,6,0,9,35,10,54,0,9,40,11,60,13,2,15,75
03/03/2003,CYS,WY,ANM,WE,Federal Contract Tower,0,0,2,2,4,2,17,9,1,29,2,17,11,3,33,15,38,53,86
03/04/2003,CYS,WY,ANM,WE,Federal Contract Tower,0,7,7,1,15,0,9,0,2,11,0,16,7,3,26,10,0,10,36
03/05/2003,CYS,WY,ANM,WE,Federal Contract Tower,0,0,11,3,14,2,18,21,4,45,2,18,32,7,59,35,71,106,165
03/06/2003,CYS,WY,ANM,WE,Federal Contract Tower,0,0,0,0,0,0,14,18,8,40,0,14,18,8,40,6,0,6,46
03/07/2003,CYS,WY,ANM,WE,Federal Contract Tower,0,0,3,1,4,0,21,16,5,42,0,21,19,6,46,7,7,14,60
03/08/2003,CYS,WY,ANM,WE,Federal Contract Tower,0,0,1,1,2,0,11,19,1,31,0,11,20,2,33,15,0,15,48
03/09/2003,CYS,WY,ANM,WE,Federal Contract Tower,0,0,4,0,4,0,7,18,0,25,0,7,22,0,29,54,2,56,85
03/10/2003,CYS,WY,ANM,WE,Federal Contract Tower,0,0,0,1,1,0,20,14,4,38,0,20,14,5,39,36,17,53,92
03/11/2003,CYS,WY,ANM,WE,Federal Contract Tower,0,0,4,7,11,0,13,7,3,23,0,13,11,10,34,39,130,169,203
03/12/2003,CYS,WY,ANM,WE,Federal Contract Tower,0,0,4,6,10,0,14,20,6,40,0,14,24,12,50,28,145,173,223
03/13/2003,CYS,WY,ANM,WE,Federal Contract Tower,0,0,8,4,12,0,20,30,13,63,0,20,38,17,75,37,40,77,152
03/14/2003,CYS,WY,ANM,WE,Federal Contract Tower,0,0,3,5,8,0,19,17,18,54,0,19,20,23,62,51,39,90,152
03/15/2003,CYS,WY,ANM,WE,Federal Contract Tower,0,1,5,0,6,0,12,87,22,121,0,13,92,22,127,36,14,50,177
03/16/2003,CYS,WY,ANM,WE,Federal Contract Tower,0,0,9,4,13,0,9,10,6,25,0,9,19,10,38,96,32,128,166
03/17/2003,CYS,WY,ANM,WE,Federal Contract Tower,0,15,3,0,18,0,11,4,0,15,0,26,7,0,33,6,1,7,40
03/18/2003,CYS,WY,ANM,WE,Federal Contract Tower,0,0,0,0,0,0,0,0,0,0,0,0,0,0,0,0,0,0,0
03/19/2003,CYS,WY,ANM,WE,Federal Contract Tower,0,0,0,0,0,0,0,0,0,0,0,0,0,0,0,0,0,0,0
03/20/2003,CYS,WY,ANM,WE,Federal Contract Tower,0,0,0,1,1,0,18,12,17,47,0,18,12,18,48,4,18,22,70
03/21/2003,CYS,WY,ANM,WE,Federal Contract Tower,0,0,1,0,1,0,24,22,0,46,0,24,23,0,47,10,10,20,67
03/22/2003,CYS,WY,ANM,WE,Federal Contract Tower,0,0,4,8,12,0,13,45,0,58,0,13,49,8,70,47,12,59,129
03/23/2003,CYS,WY,ANM,WE,Federal Contract Tower,0,0,4,0,4,0,10,14,4,28,0,10,18,4,32,51,2,53,85
03/24/2003,CYS,WY,ANM,WE,Federal Contract Tower,0,6,6,1,13,0,8,0,0,8,0,14,6,1,21,15,1,16,37
03/25/2003,CYS,WY,ANM,WE,Federal Contract Tower,1,3,3,12,19,1,13,9,9,32,2,16,12,21,51,40,74,114,165
03/26/2003,CYS,WY,ANM,WE,Federal Contract Tower,0,5,1,2,8,0,24,4,1,29,0,29,5,3,37,29,42,71,108
03/27/2003,CYS,WY,ANM,WE,Federal Contract Tower,0,3,2,1,6,0,14,6,1,21,0,17,8,2,27,0,12,12,39
03/28/2003,CYS,WY,ANM,WE,Federal Contract Tower,0,1,5,5,11,0,18,17,0,35,0,19,22,5,46,4,64,68,114
03/29/2003,CYS,WY,ANM,WE,Federal Contract Tower,0,0,0,0,0,0,11,32,2,45,0,11,32,2,45,28,1,29,74
03/30/2003,CYS,WY,ANM,WE,Federal Contract Tower,0,0,0,0,0,0,10,7,0,17,0,10,7,0,17,51,1,52,69
03/31/2003,CYS,WY,ANM,WE,Federal Contract Tower,0,0,2,1,3,0,13,15,6,34,0,13,17,7,37,64,12,76,113
04/01/2003,CYS,WY,ANM,WE,Federal Contract Tower,0,0,3,14,17,0,18,24,2,44,0,18,27,16,61,56,61,117,178
04/02/2003,CYS,WY,ANM,WE,Federal Contract Tower,0,0,6,6,12,0,16,22,13,51,0,16,28,19,63,66,50,116,179
04/03/2003,CYS,WY,ANM,WE,Federal Contract Tower,0,1,2,4,7,0,17,24,16,57,0,18,26,20,64,20,20,40,104
04/04/2003,CYS,WY,ANM,WE,Federal Contract Tower,0,7,2,1,10,0,24,31,21,76,0,31,33,22,86,15,12,27,113
04/05/2003,CYS,WY,ANM,WE,Federal Contract Tower,0,6,0,0,6,0,4,1,0,5,0,10,1,0,11,0,2,2,13
04/06/2003,CYS,WY,ANM,WE,Federal Contract Tower,0,3,0,2,5,0,6,1,18,25,0,9,1,20,30,26,10,36,66
04/07/2003,CYS,WY,ANM,WE,Federal Contract Tower,1,3,1,8,13,1,11,2,0,14,2,14,3,8,27,47,35,82,109
04/08/2003,CYS,WY,ANM,WE,Federal Contract Tower,0,0,4,2,6,0,14,49,14,77,0,14,53,16,83,62,82,144,227
04/09/2003,CYS,WY,ANM,WE,Federal Contract Tower,0,0,6,18,24,0,12,46,0,58,0,12,52,18,82,101,93,194,276
04/10/2003,CYS,WY,ANM,WE,Federal Contract Tower,0,0,2,1,3,0,15,37,20,72,0,15,39,21,75,20,34,54,129
04/11/2003,CYS,WY,ANM,WE,Federal Contract Tower,0,0,3,10,13,4,15,39,13,71,4,15,42,23,84,12,36,48,132
04/12/2003,CYS,WY,ANM,WE,Federal Contract Tower,0,0,4,0,4,0,10,41,5,56,0,10,45,5,60,43,4,47,107
04/13/2003,CYS,WY,ANM,WE,Federal Contract Tower,0,0,3,1,4,0,9,4,4,17,0,9,7,5,21,63,18,81,102
04/14/2003,CYS,WY,ANM,WE,Federal Contract Tower,0,0,0,4,4,0,16,20,0,36,0,16,20,4,40,43,51,94,134
04/15/2003,CYS,WY,ANM,WE,Federal Contract Tower,0,2,0,6,8,0,12,27,15,54,0,14,27,21,62,37,29,66,128
04/16/2003,CYS,WY,ANM,WE,Federal Contract Tower,0,0,1,13,14,0,19,24,6,49,0,19,25,19,63,14,72,86,149
04/17/2003,CYS,WY,ANM,WE,Federal Contract Tower,0,0,1,11,12,12,20,34,18,84,12,20,35,29,96,18,87,105,201
04/18/2003,CYS,WY,ANM,WE,Federal Contract Tower,0,1,1,0,2,0,14,12,3,29,0,15,13,3,31,26,7,33,64
04/19/2003,CYS,WY,ANM,WE,Federal Contract Tower,0,3,2,4,9,0,9,3,1,13,0,12,5,5,22,11,0,11,33
04/20/2003,CYS,WY,ANM,WE,Federal Contract Tower,0,0,0,0,0,0,10,14,0,24,0,10,14,0,24,50,0,50,74
04/21/2003,CYS,WY,ANM,WE,Federal Contract Tower,0,0,2,2,4,0,12,9,8,29,0,12,11,10,33,99,19,118,151
04/22/2003,CYS,WY,ANM,WE,Federal Contract Tower,0,1,4,2,7,2,12,25,12,51,2,13,29,14,58,24,4,28,86
04/23/2003,CYS,WY,ANM,WE,Federal Contract Tower,0,5,1,2,8,0,8,1,4,13,0,13,2,6,21,0,2,2,23
04/24/2003,CYS,WY,ANM,WE,Federal Contract Tower,0,1,4,9,14,0,17,6,0,23,0,18,10,9,37,4,38,42,79
04/25/2003,CYS,WY,ANM,WE,Federal Contract Tower,0,9,7,6,22,0,9,8,8,25,0,18,15,14,47,3,17,20,67
04/26/2003,CYS,WY,ANM,WE,Federal Contract Tower,0,0,4,0,4,0,14,27,2,43,0,14,31,2,47,87,0,87,134
04/27/2003,CYS,WY,ANM,WE,Federal Contract Tower,0,0,2,0,2,0,10,39,1,50,0,10,41,1,52,78,0,78,130
04/28/2003,CYS,WY,ANM,WE,Federal Contract Tower,0,4,5,0,9,0,14,12,4,30,0,18,17,4,39,6,6,12,51
04/29/2003,CYS,WY,ANM,WE,Federal Contract Tower,0,6,9,9,24,2,20,42,2,66,2,26,51,11,90,24,70,94,184
04/30/2003,CYS,WY,ANM,WE,Federal Contract Tower,0,0,3,2,5,0,19,21,15,55,0,19,24,17,60,9,38,47,107
05/01/2003,CYS,WY,ANM,WE,Federal Contract Tower,0,1,1,2,4,0,21,26,0,47,0,22,27,2,51,22,36,58,109
05/02/2003,CYS,WY,ANM,WE,Federal Contract Tower,0,0,1,2,3,0,19,28,15,62,0,19,29,17,65,6,20,26,91
05/03/2003,CYS,WY,ANM,WE,Federal Contract Tower,0,0,0,0,0,0,11,43,6,60,0,11,43,6,60,19,0,19,79
05/04/2003,CYS,WY,ANM,WE,Federal Contract Tower,0,0,3,0,3,0,7,21,5,33,0,7,24,5,36,31,1,32,68
05/05/2003,CYS,WY,ANM,WE,Federal Contract Tower,0,3,0,0,3,0,23,22,0,45,0,26,22,0,48,22,7,29,77
05/06/2003,CYS,WY,ANM,WE,Federal Contract Tower,0,0,7,10,17,0,14,34,0,48,0,14,41,10,65,35,10,45,110
05/07/2003,CYS,WY,ANM,WE,Federal Contract Tower,0,0,2,3,5,0,16,35,13,64,0,16,37,16,69,15,55,70,139
05/08/2003,CYS,WY,ANM,WE,Federal Contract Tower,0,5,5,1,11,0,13,7,0,20,0,18,12,1,31,6,10,16,47
05/09/2003,CYS,WY,ANM,WE,Federal Contract Tower,0,11,6,1,18,0,20,6,3,29,0,31,12,4,47,3,2,5,52
05/10/2003,CYS,WY,ANM,WE,Federal Contract Tower,0,4,1,4,9,0,7,4,0,11,0,11,5,4,20,2,1,3,23
05/11/2003,CYS,WY,ANM,WE,Federal Contract Tower,0,0,0,0,0,0,8,24,1,33,0,8,24,1,33,52,1,53,86
05/12/2003,CYS,WY,ANM,WE,Federal Contract Tower,0,8,7,0,15,0,32,51,4,87,0,40,58,4,102,43,3,46,148
05/13/2003,CYS,WY,ANM,WE,Federal Contract Tower,0,1,4,3,8,0,17,33,4,54,0,18,37,7,62,6,85,91,153
05/14/2003,CYS,WY,ANM,WE,Federal Contract Tower,0,1,4,2,7,0,17,54,18,89,0,18,58,20,96,29,22,51,147
05/15/2003,CYS,WY,ANM,WE,Federal Contract Tower,0,3,9,5,17,0,15,32,1,48,0,18,41,6,65,8,84,92,157
05/16/2003,CYS,WY,ANM,WE,Federal Contract Tower,0,2,12,4,18,2,21,22,7,52,2,23,34,11,70,49,20,69,139
05/17/2003,CYS,WY,ANM,WE,Federal Contract Tower,0,0,7,0,7,0,23,61,2,86,0,23,68,2,93,32,0,32,125
05/18/2003,CYS,WY,ANM,WE,Federal Contract Tower,0,0,0,0,0,0,8,65,1,74,0,8,65,1,74,42,1,43,117
05/19/2003,CYS,WY,ANM,WE,Federal Contract Tower,0,1,8,3,12,0,11,23,10,44,0,12,31,13,56,15,44,59,115
05/20/2003,CYS,WY,ANM,WE,Federal Contract Tower,0,0,4,8,12,1,18,29,7,55,1,18,33,15,67,9,53,62,129
05/21/2003,CYS,WY,ANM,WE,Federal Contract Tower,0,3,8,4,15,0,10,53,15,78,0,13,61,19,93,21,86,107,200
05/22/2003,CYS,WY,ANM,WE,Federal Contract Tower,0,6,2,8,16,2,31,49,2,84,2,37,51,10,100,44,32,76,176
05/23/2003,CYS,WY,ANM,WE,Federal Contract Tower,0,8,12,3,23,0,29,27,0,56,0,37,39,3,79,65,36,101,180
05/24/2003,CYS,WY,ANM,WE,Federal Contract Tower,0,1,6,0,7,0,6,28,0,34,0,7,34,0,41,16,0,16,57
05/25/2003,CYS,WY,ANM,WE,Federal Contract Tower,0,1,4,0,5,0,6,11,0,17,0,7,15,0,22,11,0,11,33
05/26/2003,CYS,WY,ANM,WE,Federal Contract Tower,0,1,15,0,16,0,8,29,2,39,0,9,44,2,55,25,0,25,80
05/27/2003,CYS,WY,ANM,WE,Federal Contract Tower,0,0,10,9,19,0,13,44,0,57,0,13,54,9,76,47,103,150,226
05/28/2003,CYS,WY,ANM,WE,Federal Contract Tower,0,6,5,7,18,0,19,58,5,82,0,25,63,12,100,46,63,109,209
05/29/2003,CYS,WY,ANM,WE,Federal Contract Tower,0,2,9,5,16,2,19,54,2,77,2,21,63,7,93,66,48,114,207
05/30/2003,CYS,WY,ANM,WE,Federal Contract Tower,0,0,5,0,5,4,18,58,12,92,4,18,63,12,97,23,7,30,127
05/31/2003,CYS,WY,ANM,WE,Federal Contract Tower,1,1,13,0,15,1,10,26,4,41,2,11,39,4,56,13,0,13,69
06/01/2003,CYS,WY,ANM,WE,Federal Contract Tower,0,0,1,0,1,0,8,31,5,44,0,8,32,5,45,16,0,16,61
06/02/2003,CYS,WY,ANM,WE,Federal Contract Tower,0,2,3,0,5,0,23,46,13,82,0,25,49,13,87,26,0,26,113
06/03/2003,CYS,WY,ANM,WE,Federal Contract Tower,0,0,0,2,2,0,13,42,8,63,0,13,42,10,65,17,63,80,145
06/04/2003,CYS,WY,ANM,WE,Federal Contract Tower,0,2,1,0,3,0,10,22,13,45,0,12,23,13,48,25,31,56,104
06/05/2003,CYS,WY,ANM,WE,Federal Contract Tower,0,0,4,0,4,0,15,36,9,60,0,15,40,9,64,14,31,45,109
06/06/2003,CYS,WY,ANM,WE,Federal Contract Tower,0,4,3,3,10,0,13,31,6,50,0,17,34,9,60,6,18,24,84
06/07/2003,CYS,WY,ANM,WE,Federal Contract Tower,0,0,1,0,1,0,8,21,0,29,0,8,22,0,30,25,0,25,55
06/08/2003,CYS,WY,ANM,WE,Federal Contract Tower,0,1,0,1,2,0,18,40,8,66,0,19,40,9,68,55,19,74,142
06/09/2003,CYS,WY,ANM,WE,Federal Contract Tower,0,1,1,2,4,0,21,40,14,75,0,22,41,16,79,12,47,59,138
06/10/2003,CYS,WY,ANM,WE,Federal Contract Tower,0,0,1,3,4,0,15,32,7,54,0,15,33,10,58,13,57,70,128
06/11/2003,CYS,WY,ANM,WE,Federal Contract Tower,0,0,7,1,8,0,17,33,7,57,0,17,40,8,65,22,35,57,122
06/12/2003,CYS,WY,ANM,WE,Federal Contract Tower,0,0,2,1,3,0,14,40,23,77,0,14,42,24,80,32,19,51,131
06/13/2003,CYS,WY,ANM,WE,Federal Contract Tower,0,0,8,0,8,0,26,42,8,76,0,26,50,8,84,6,3,9,93
06/14/2003,CYS,WY,ANM,WE,Federal Contract Tower,0,0,1,0,1,2,11,42,0,55,2,11,43,0,56,39,0,39,95
06/15/2003,CYS,WY,ANM,WE,Federal Contract Tower,0,0,0,0,0,0,9,50,1,60,0,9,50,1,60,28,0,28,88
06/16/2003,CYS,WY,ANM,WE,Federal Contract Tower,0,0,0,0,0,0,16,33,29,78,0,16,33,29,78,18,30,48,126
06/17/2003,CYS,WY,ANM,WE,Federal Contract Tower,0,4,10,8,22,0,10,27,15,52,0,14,37,23,74,36,22,58,132
06/18/2003,CYS,WY,ANM,WE,Federal Contract Tower,0,4,6,3,13,0,13,12,11,36,0,17,18,14,49,5,22,27,76
06/19/2003,CYS,WY,ANM,WE,Federal Contract Tower,1,2,8,1,12,0,14,18,9,41,1,16,26,10,53,16,13,29,82
06/20/2003,CYS,WY,ANM,WE,Federal Contract Tower,0,2,3,5,10,0,21,8,0,29,0,23,11,5,39,18,61,79,118
06/21/2003,CYS,WY,ANM,WE,Federal Contract Tower,0,0,1,0,1,0,7,27,1,35,0,7,28,1,36,42,2,44,80
06/22/2003,CYS,WY,ANM,WE,Federal Contract Tower,0,0,2,0,2,0,9,33,4,46,0,9,35,4,48,25,0,25,73
06/23/2003,CYS,WY,ANM,WE,Federal Contract Tower,0,1,1,11,13,0,16,45,17,78,0,17,46,28,91,25,36,61,152
06/24/2003,CYS,WY,ANM,WE,Federal Contract Tower,0,13,10,6,29,0,6,12,0,18,0,19,22,6,47,6,20,26,73
06/25/2003,CYS,WY,ANM,WE,Federal Contract Tower,0,3,7,4,14,0,14,32,0,46,0,17,39,4,60,12,97,109,169
06/26/2003,CYS,WY,ANM,WE,Federal Contract Tower,0,0,2,5,7,0,16,32,4,52,0,16,34,9,59,44,83,127,186
06/27/2003,CYS,WY,ANM,WE,Federal Contract Tower,0,0,0,5,5,0,21,46,7,74,0,21,46,12,79,38,66,104,183
06/28/2003,CYS,WY,ANM,WE,Federal Contract Tower,0,0,0,0,0,12,12,65,3,92,12,12,65,3,92,21,0,21,113
06/29/2003,CYS,WY,ANM,WE,Federal Contract Tower,0,1,3,0,4,0,6,12,1,19,0,7,15,1,23,20,1,21,44
06/30/2003,CYS,WY,ANM,WE,Federal Contract Tower,0,1,1,2,4,0,19,46,8,73,0,20,47,10,77,20,12,32,109
07/01/2003,CYS,WY,ANM,WE,Federal Contract Tower,0,0,5,7,12,0,17,31,5,53,0,17,36,12,65,60,34,94,159
07/02/2003,CYS,WY,ANM,WE,Federal Contract Tower,0,0,2,2,4,0,17,63,13,93,0,17,65,15,97,18,61,79,176
07/03/2003,CYS,WY,ANM,WE,Federal Contract Tower,0,0,16,0,16,0,17,47,4,68,0,17,63,4,84,38,0,38,122
07/04/2003,CYS,WY,ANM,WE,Federal Contract Tower,0,0,6,0,6,0,9,47,0,56,0,9,53,0,62,15,0,15,77
07/05/2003,CYS,WY,ANM,WE,Federal Contract Tower,0,0,4,0,4,0,10,43,0,53,0,10,47,0,57,21,0,21,78
07/06/2003,CYS,WY,ANM,WE,Federal Contract Tower,0,0,0,0,0,0,10,25,2,37,0,10,25,2,37,33,0,33,70
07/07/2003,CYS,WY,ANM,WE,Federal Contract Tower,0,0,1,0,1,0,16,28,9,53,0,16,29,9,54,2,4,6,60
07/08/2003,CYS,WY,ANM,WE,Federal Contract Tower,0,0,6,5,11,0,24,28,0,52,0,24,34,5,63,50,67,117,180
07/09/2003,CYS,WY,ANM,WE,Federal Contract Tower,0,0,1,1,2,0,28,63,7,98,0,28,64,8,100,26,82,108,208
07/10/2003,CYS,WY,ANM,WE,Federal Contract Tower,0,0,7,2,9,0,18,72,2,92,0,18,79,4,101,29,59,88,189
07/11/2003,CYS,WY,ANM,WE,Federal Contract Tower,0,0,2,4,6,0,15,63,11,89,0,15,65,15,95,92,29,121,216
07/12/2003,CYS,WY,ANM,WE,Federal Contract Tower,0,0,0,0,0,0,14,40,1,55,0,14,40,1,55,102,0,102,157
07/13/2003,CYS,WY,ANM,WE,Federal Contract Tower,0,0,0,0,0,1,11,53,4,69,1,11,53,4,69,39,6,45,114
07/14/2003,CYS,WY,ANM,WE,Federal Contract Tower,0,0,13,0,13,0,24,35,1,60,0,24,48,1,73,53,15,68,141
07/15/2003,CYS,WY,ANM,WE,Federal Contract Tower,0,0,2,2,4,0,15,27,0,42,0,15,29,2,46,37,87,124,170
07/16/2003,CYS,WY,ANM,WE,Federal Contract Tower,0,1,2,6,9,0,23,53,18,94,0,24,55,24,103,23,8,31,134
07/17/2003,CYS,WY,ANM,WE,Federal Contract Tower,0,0,0,0,0,2,17,63,6,88,2,17,63,6,88,30,2,32,120
07/18/2003,CYS,WY,ANM,WE,Federal Contract Tower,0,0,3,1,4,0,23,39,2,64,0,23,42,3,68,54,8,62,130
07/19/2003,CYS,WY,ANM,WE,Federal Contract Tower,0,0,0,0,0,0,11,48,1,60,0,11,48,1,60,77,2,79,139
07/20/2003,CYS,WY,ANM,WE,Federal Contract Tower,0,0,0,0,0,0,13,31,27,71,0,13,31,27,71,38,6,44,115
07/21/2003,CYS,WY,ANM,WE,Federal Contract Tower,0,1,2,3,6,0,26,41,14,81,0,27,43,17,87,10,8,18,105
07/22/2003,CYS,WY,ANM,WE,Federal Contract Tower,0,0,1,1,2,0,15,43,13,71,0,15,44,14,73,20,28,48,121
07/23/2003,CYS,WY,ANM,WE,Federal Contract Tower,0,0,5,2,7,0,17,63,14,94,0,17,68,16,101,20,49,69,170
07/24/2003,CYS,WY,ANM,WE,Federal Contract Tower,0,0,1,3,4,0,18,72,13,103,0,18,73,16,107,28,73,101,208
07/25/2003,CYS,WY,ANM,WE,Federal Contract Tower,0,0,4,2,6,0,21,51,4,76,0,21,55,6,82,87,31,118,200
07/26/2003,CYS,WY,ANM,WE,Federal Contract Tower,0,0,2,1,3,0,7,31,4,42,0,7,33,5,45,75,4,79,124
07/27/2003,CYS,WY,ANM,WE,Federal Contract Tower,0,0,3,1,4,0,10,67,8,85,0,10,70,9,89,87,1,88,177
07/28/2003,CYS,WY,ANM,WE,Federal Contract Tower,0,6,7,1,14,0,29,52,3,84,0,35,59,4,98,16,50,66,164
07/29/2003,CYS,WY,ANM,WE,Federal Contract Tower,0,1,7,3,11,0,16,27,0,43,0,17,34,3,54,114,133,247,301
07/30/2003,CYS,WY,ANM,WE,Federal Contract Tower,0,0,6,7,13,0,14,33,3,50,0,14,39,10,63,102,93,195,258
07/31/2003,CYS,WY,ANM,WE,Federal Contract Tower,0,0,2,2,4,0,14,64,8,86,0,14,66,10,90,36,105,141,231
08/01/2003,CYS,WY,ANM,WE,Federal Contract Tower,0,0,0,0,0,0,12,59,23,94,0,12,59,23,94,24,34,58,152
08/02/2003,CYS,WY,ANM,WE,Federal Contract Tower,0,0,2,0,2,0,10,63,2,75,0,10,65,2,77,57,0,57,134
08/03/2003,CYS,WY,ANM,WE,Federal Contract Tower,0,0,0,0,0,0,8,50,11,69,0,8,50,11,69,1,11,12,81
08/04/2003,CYS,WY,ANM,WE,Federal Contract Tower,0,0,0,0,0,0,13,36,5,54,0,13,36,5,54,44,71,115,169
08/05/2003,CYS,WY,ANM,WE,Federal Contract Tower,0,0,6,2,8,0,16,34,7,57,0,16,40,9,65,49,37,86,151
08/06/2003,CYS,WY,ANM,WE,Federal Contract Tower,0,0,0,2,2,0,17,37,4,58,0,17,37,6,60,48,140,188,248
08/07/2003,CYS,WY,ANM,WE,Federal Contract Tower,0,0,0,0,0,0,16,65,6,87,0,16,65,6,87,26,55,81,168
08/08/2003,CYS,WY,ANM,WE,Federal Contract Tower,0,0,1,0,1,0,14,31,5,50,0,14,32,5,51,52,71,123,174
08/09/2003,CYS,WY,ANM,WE,Federal Contract Tower,0,0,0,0,0,0,23,18,0,41,0,23,18,0,41,25,0,25,66
08/10/2003,CYS,WY,ANM,WE,Federal Contract Tower,0,0,0,0,0,0,18,60,12,90,0,18,60,12,90,22,0,22,112
08/11/2003,CYS,WY,ANM,WE,Federal Contract Tower,0,0,6,3,9,0,11,25,14,50,0,11,31,17,59,54,47,101,160
08/12/2003,CYS,WY,ANM,WE,Federal Contract Tower,0,0,0,1,1,0,17,43,9,69,0,17,43,10,70,41,32,73,143
08/13/2003,CYS,WY,ANM,WE,Federal Contract Tower,0,0,1,2,3,0,16,42,14,72,0,16,43,16,75,53,129,182,257
08/14/2003,CYS,WY,ANM,WE,Federal Contract Tower,0,0,7,1,8,2,15,32,14,63,2,15,39,15,71,48,89,137,208
08/15/2003,CYS,WY,ANM,WE,Federal Contract Tower,0,0,2,5,7,2,22,44,20,88,2,22,46,25,95,49,121,170,265
08/16/2003,CYS,WY,ANM,WE,Federal Contract Tower,0,0,1,0,1,0,13,83,2,98,0,13,84,2,99,40,0,40,139
08/17/2003,CYS,WY,ANM,WE,Federal Contract Tower,0,0,0,2,2,0,8,33,4,45,0,8,33,6,47,17,0,17,64
08/18/2003,CYS,WY,ANM,WE,Federal Contract Tower,0,0,7,0,7,0,16,21,8,45,0,16,28,8,52,42,73,115,167
08/19/2003,CYS,WY,ANM,WE,Federal Contract Tower,0,3,6,4,13,0,30,54,2,86,0,33,60,6,99,75,31,106,205
08/20/2003,CYS,WY,ANM,WE,Federal Contract Tower,0,6,0,0,6,0,25,65,15,105,0,31,65,15,111,100,38,138,249
08/21/2003,CYS,WY,ANM,WE,Federal Contract Tower,0,3,6,0,9,0,23,40,15,78,0,26,46,15,87,24,10,34,121
08/22/2003,CYS,WY,ANM,WE,Federal Contract Tower,0,0,6,0,6,2,13,17,4,36,2,13,23,4,42,99,7,106,148
08/23/2003,CYS,WY,ANM,WE,Federal Contract Tower,0,0,0,0,0,1,14,39,1,55,1,14,39,1,55,74,0,74,129
08/24/2003,CYS,WY,ANM,WE,Federal Contract Tower,0,0,1,0,1,0,23,26,7,56,0,23,27,7,57,50,2,52,109
08/25/2003,CYS,WY,ANM,WE,Federal Contract Tower,0,1,2,0,3,2,17,24,4,47,2,18,26,4,50,60,14,74,124
08/26/2003,CYS,WY,ANM,WE,Federal Contract Tower,0,0,0,7,7,0,19,51,10,80,0,19,51,17,87,80,46,126,213
08/27/2003,CYS,WY,ANM,WE,Federal Contract Tower,0,2,3,1,6,0,20,46,20,86,0,22,49,21,92,32,26,58,150
08/28/2003,CYS,WY,ANM,WE,Federal Contract Tower,0,1,1,2,4,0,17,49,11,77,0,18,50,13,81,74,50,124,205
08/29/2003,CYS,WY,ANM,WE,Federal Contract Tower,0,5,9,4,18,0,17,25,7,49,0,22,34,11,67,16,44,60,127
08/30/2003,CYS,WY,ANM,WE,Federal Contract Tower,0,4,16,0,20,2,4,2,0,8,2,8,18,0,28,2,0,2,30
08/31/2003,CYS,WY,ANM,WE,Federal Contract Tower,0,1,5,0,6,0,6,15,2,23,0,7,20,2,29,28,0,28,57
09/01/2003,CYS,WY,ANM,WE,Federal Contract Tower,0,0,1,2,3,0,10,69,0,79,0,10,70,2,82,81,0,81,163
09/02/2003,CYS,WY,ANM,WE,Federal Contract Tower,0,0,0,8,8,0,15,35,1,51,0,15,35,9,59,53,103,156,215
09/03/2003,CYS,WY,ANM,WE,Federal Contract Tower,0,0,6,3,9,0,15,26,7,48,0,15,32,10,57,93,96,189,246
09/04/2003,CYS,WY,ANM,WE,Federal Contract Tower,0,0,4,4,8,0,27,97,11,135,0,27,101,15,143,45,83,128,271
09/05/2003,CYS,WY,ANM,WE,Federal Contract Tower,0,0,5,4,9,0,20,66,4,90,0,20,71,8,99,72,19,91,190
09/06/2003,CYS,WY,ANM,WE,Federal Contract Tower,0,0,1,0,1,0,11,41,4,56,0,11,42,4,57,20,4,24,81
09/07/2003,CYS,WY,ANM,WE,Federal Contract Tower,0,0,0,1,1,0,12,15,3,30,0,12,15,4,31,17,0,17,48
09/08/2003,CYS,WY,ANM,WE,Federal Contract Tower,0,0,2,3,5,2,12,33,6,53,2,12,35,9,58,41,56,97,155
09/09/2003,CYS,WY,ANM,WE,Federal Contract Tower,0,0,4,5,9,0,12,25,17,54,0,12,29,22,63,48,211,259,322
09/10/2003,CYS,WY,ANM,WE,Federal Contract Tower,0,0,2,10,12,2,23,33,8,66,2,23,35,18,78,30,51,81,159
09/11/2003,CYS,WY,ANM,WE,Federal Contract Tower,0,1,8,3,12,0,20,41,11,72,0,21,49,14,84,49,75,124,208
09/12/2003,CYS,WY,ANM,WE,Federal Contract Tower,0,0,3,1,4,2,18,36,21,77,2,18,39,22,81,24,20,44,125
09/13/2003,CYS,WY,ANM,WE,Federal Contract Tower,0,0,0,0,0,0,14,27,1,42,0,14,27,1,42,95,23,118,160
09/14/2003,CYS,WY,ANM,WE,Federal Contract Tower,0,0,0,3,3,1,10,56,9,76,1,10,56,12,79,77,42,119,198
09/15/2003,CYS,WY,ANM,WE,Federal Contract Tower,0,0,2,0,2,0,11,26,1,38,0,11,28,1,40,59,9,68,108
09/16/2003,CYS,WY,ANM,WE,Federal Contract Tower,0,0,2,2,4,0,18,36,18,72,0,18,38,20,76,112,73,185,261
09/17/2003,CYS,WY,ANM,WE,Federal Contract Tower,0,5,4,0,9,0,16,34,9,59,0,21,38,9,68,12,5,17,85
09/18/2003,CYS,WY,ANM,WE,Federal Contract Tower,0,0,3,0,3,1,15,88,9,113,1,15,91,9,116,41,64,105,221
09/19/2003,CYS,WY,ANM,WE,Federal Contract Tower,0,2,2,0,4,0,21,78,6,105,0,23,80,6,109,63,38,101,210
09/20/2003,CYS,WY,ANM,WE,Federal Contract Tower,0,0,1,0,1,0,10,32,2,44,0,10,33,2,45,87,16,103,148
09/21/2003,CYS,WY,ANM,WE,Federal Contract Tower,0,0,2,0,2,0,9,31,1,41,0,9,33,1,43,51,0,51,94
09/22/2003,CYS,WY,ANM,WE,Federal Contract Tower,0,0,8,0,8,0,14,55,4,73,0,14,63,4,81,79,25,104,185
09/23/2003,CYS,WY,ANM,WE,Federal Contract Tower,0,2,3,3,8,0,25,39,9,73,0,27,42,12,81,32,81,113,194
09/24/2003,CYS,WY,ANM,WE,Federal Contract Tower,0,0,5,3,8,0,13,42,10,65,0,13,47,13,73,87,54,141,214
09/25/2003,CYS,WY,ANM,WE,Federal Contract Tower,0,0,7,2,9,0,34,45,16,95,0,34,52,18,104,54,23,77,181
09/26/2003,CYS,WY,ANM,WE,Federal Contract Tower,0,1,4,4,9,0,15,24,4,43,0,16,28,8,52,85,10,95,147
09/27/2003,CYS,WY,ANM,WE,Federal Contract Tower,0,0,1,0,1,0,12,38,0,50,0,12,39,0,51,42,3,45,96
09/28/2003,CYS,WY,ANM,WE,Federal Contract Tower,0,0,2,0,2,0,13,54,2,69,0,13,56,2,71,71,0,71,142
09/29/2003,CYS,WY,ANM,WE,Federal Contract Tower,0,1,6,2,9,0,17,50,8,75,0,18,56,10,84,11,30,41,125
09/30/2003,CYS,WY,ANM,WE,Federal Contract Tower,0,3,7,3,13,0,16,35,0,51,0,19,42,3,64,35,44,79,143
10/01/2003,CYS,WY,ANM,WE,Federal Contract Tower,0,2,5,2,9,0,31,44,4,79,0,33,49,6,88,38,36,74,162
10/02/2003,CYS,WY,ANM,WE,Federal Contract Tower,0,1,0,0,1,0,19,73,10,102,0,20,73,10,103,34,8,42,145
10/03/2003,CYS,WY,ANM,WE,Federal Contract Tower,0,1,3,0,4,0,18,42,6,66,0,19,45,6,70,61,56,117,187
10/04/2003,CYS,WY,ANM,WE,Federal Contract Tower,0,1,1,0,2,0,10,83,2,95,0,11,84,2,97,45,1,46,143
10/05/2003,CYS,WY,ANM,WE,Federal Contract Tower,0,0,0,0,0,0,10,67,20,97,0,10,67,20,97,68,2,70,167
10/06/2003,CYS,WY,ANM,WE,Federal Contract Tower,0,3,4,3,10,0,15,65,3,83,0,18,69,6,93,50,72,122,215
10/07/2003,CYS,WY,ANM,WE,Federal Contract Tower,0,3,4,2,9,0,13,47,6,66,0,16,51,8,75,52,71,123,198
10/08/2003,CYS,WY,ANM,WE,Federal Contract Tower,0,0,1,0,1,0,22,37,5,64,0,22,38,5,65,44,64,108,173
10/09/2003,CYS,WY,ANM,WE,Federal Contract Tower,0,2,5,3,10,0,15,52,4,71,0,17,57,7,81,54,62,116,197
10/10/2003,CYS,WY,ANM,WE,Federal Contract Tower,0,2,4,1,7,0,24,43,4,71,0,26,47,5,78,20,55,75,153
10/11/2003,CYS,WY,ANM,WE,Federal Contract Tower,0,0,3,0,3,0,13,27,1,41,0,13,30,1,44,82,0,82,126
10/12/2003,CYS,WY,ANM,WE,Federal Contract Tower,0,0,1,0,1,0,32,49,0,81,0,32,50,0,82,25,0,25,107
10/13/2003,CYS,WY,ANM,WE,Federal Contract Tower,0,2,6,3,11,0,23,18,3,44,0,25,24,6,55,10,5,15,70
10/14/2003,CYS,WY,ANM,WE,Federal Contract Tower,0,2,4,1,7,0,22,12,16,50,0,24,16,17,57,30,91,121,178
10/15/2003,CYS,WY,ANM,WE,Federal Contract Tower,0,3,7,2,12,0,37,32,5,74,0,40,39,7,86,20,63,83,169
10/16/2003,CYS,WY,ANM,WE,Federal Contract Tower,0,0,2,3,5,0,20,28,2,50,0,20,30,5,55,21,21,42,97
10/17/2003,CYS,WY,ANM,WE,Federal Contract Tower,0,2,3,1,6,0,19,34,3,56,0,21,37,4,62,27,42,69,131
10/18/2003,CYS,WY,ANM,WE,Federal Contract Tower,0,0,0,0,0,0,15,30,2,47,0,15,30,2,47,38,0,38,85
10/19/2003,CYS,WY,ANM,WE,Federal Contract Tower,0,0,4,0,4,0,11,66,3,80,0,11,70,3,84,73,3,76,160
10/20/2003,CYS,WY,ANM,WE,Federal Contract Tower,0,1,6,3,10,0,21,30,8,59,0,22,36,11,69,54,8,62,131
10/21/2003,CYS,WY,ANM,WE,Federal Contract Tower,0,1,6,3,10,0,22,48,13,83,0,23,54,16,93,58,47,105,198
10/22/2003,CYS,WY,ANM,WE,Federal Contract Tower,0,2,9,3,14,0,18,58,10,86,0,20,67,13,100,95,64,159,259
10/23/2003,CYS,WY,ANM,WE,Federal Contract Tower,0,2,8,2,12,0,29,38,19,86,0,31,46,21,98,40,42,82,180
10/24/2003,CYS,WY,ANM,WE,Federal Contract Tower,0,1,5,2,8,0,14,15,4,33,0,15,20,6,41,59,66,125,166
10/25/2003,CYS,WY,ANM,WE,Federal Contract Tower,0,0,0,0,0,0,10,14,8,32,0,10,14,8,32,20,4,24,56
10/26/2003,CYS,WY,ANM,WE,Federal Contract Tower,0,0,2,0,2,0,10,21,5,36,0,10,23,5,38,45,2,47,85
10/27/2003,CYS,WY,ANM,WE,Federal Contract Tower,0,1,7,3,11,0,20,24,1,45,0,21,31,4,56,14,13,27,83
10/28/2003,CYS,WY,ANM,WE,Federal Contract Tower,0,1,6,3,10,3,12,33,16,64,3,13,39,19,74,28,28,56,130
10/29/2003,CYS,WY,ANM,WE,Federal Contract Tower,0,0,0,0,0,1,19,21,5,46,1,19,21,5,46,17,0,17,63
10/30/2003,CYS,WY,ANM,WE,Federal Contract Tower,0,0,3,0,3,0,8,3,0,11,0,8,6,0,14,0,0,0,14
10/31/2003,CYS,WY,ANM,WE,Federal Contract Tower,0,1,4,0,5,1,5,0,0,6,1,6,4,0,11,0,1,1,12
11/01/2003,CYS,WY,ANM,WE,Federal Contract Tower,0,0,0,0,0,0,9,11,1,21,0,9,11,1,21,0,0,0,21
11/02/2003,CYS,WY,ANM,WE,Federal Contract Tower,0,5,3,4,12,0,4,5,1,10,0,9,8,5,22,0,0,0,22
11/03/2003,CYS,WY,ANM,WE,Federal Contract Tower,0,5,4,5,14,0,7,0,4,11,0,12,4,9,25,0,0,0,25
11/04/2003,CYS,WY,ANM,WE,Federal Contract Tower,0,3,2,2,7,0,11,38,7,56,0,14,40,9,63,4,148,152,215
11/05/2003,CYS,WY,ANM,WE,Federal Contract Tower,0,7,5,1,13,0,26,9,0,35,0,33,14,1,48,0,16,16,64
11/06/2003,CYS,WY,ANM,WE,Federal Contract Tower,0,2,1,1,4,0,19,30,8,57,0,21,31,9,61,10,133,143,204
11/07/2003,CYS,WY,ANM,WE,Federal Contract Tower,0,4,3,4,11,0,19,38,15,72,0,23,41,19,83,88,93,181,264
11/08/2003,CYS,WY,ANM,WE,Federal Contract Tower,0,0,0,1,1,0,11,40,12,63,0,11,40,13,64,57,6,63,127
11/09/2003,CYS,WY,ANM,WE,Federal Contract Tower,0,0,0,2,2,0,9,46,7,62,0,9,46,9,64,68,7,75,139
11/10/2003,CYS,WY,ANM,WE,Federal Contract Tower,0,2,2,1,5,0,16,36,11,63,0,18,38,12,68,16,127,143,211
11/11/2003,CYS,WY,ANM,WE,Federal Contract Tower,0,0,0,0,0,0,20,18,2,40,0,20,18,2,40,1,4,5,45
11/12/2003,CYS,WY,ANM,WE,Federal Contract Tower,0,3,3,2,8,0,16,61,8,85,0,19,64,10,93,61,122,183,276
11/13/2003,CYS,WY,ANM,WE,Federal Contract Tower,0,4,4,4,12,0,30,35,11,76,0,34,39,15,88,40,19,59,147
11/14/2003,CYS,WY,ANM,WE,Federal Contract Tower,0,5,6,6,17,0,15,19,15,49,0,20,25,21,66,21,33,54,120
11/15/2003,CYS,WY,ANM,WE,Federal Contract Tower,0,2,3,2,7,0,18,72,2,92,0,20,75,4,99,32,1,33,132
11/16/2003,CYS,WY,ANM,WE,Federal Contract Tower,0,0,0,0,0,0,10,33,7,50,0,10,33,7,50,4,16,20,70
11/17/2003,CYS,WY,ANM,WE,Federal Contract Tower,0,0,0,3,3,2,20,27,10,59,2,20,27,13,62,13,0,13,75
11/18/2003,CYS,WY,ANM,WE,Federal Contract Tower,0,2,2,2,6,0,18,21,7,46,0,20,23,9,52,10,19,29,81
11/19/2003,CYS,WY,ANM,WE,Federal Contract Tower,0,0,0,2,2,0,27,23,2,52,0,27,23,4,54,7,110,117,171
11/20/2003,CYS,WY,ANM,WE,Federal Contract Tower,0,3,4,3,10,0,19,23,9,51,0,22,27,12,61,4,25,29,90
11/21/2003,CYS,WY,ANM,WE,Federal Contract Tower,0,6,6,6,18,0,14,12,7,33,0,20,18,13,51,15,40,55,106
11/22/2003,CYS,WY,ANM,WE,Federal Contract Tower,0,0,0,0,0,2,5,0,0,7,2,5,0,0,7,0,0,0,7
11/23/2003,CYS,WY,ANM,WE,Federal Contract Tower,0,0,0,0,0,0,11,22,3,36,0,11,22,3,36,45,1,46,82
11/24/2003,CYS,WY,ANM,WE,Federal Contract Tower,0,2,2,1,5,0,13,27,3,43,0,15,29,4,48,20,79,99,147
11/25/2003,CYS,WY,ANM,WE,Federal Contract Tower,0,4,5,5,14,0,14,29,8,51,0,18,34,13,65,46,93,139,204
11/26/2003,CYS,WY,ANM,WE,Federal Contract Tower,0,0,0,2,2,0,14,22,6,42,0,14,22,8,44,33,84,117,161
11/27/2003,CYS,WY,ANM,WE,Federal Contract Tower,0,0,0,0,0,0,10,4,0,14,0,10,4,0,14,9,0,9,23
11/28/2003,CYS,WY,ANM,WE,Federal Contract Tower,0,0,0,0,0,2,11,2,0,15,2,11,2,0,15,2,0,2,17
11/29/2003,CYS,WY,ANM,WE,Federal Contract Tower,0,0,0,0,0,0,14,2,1,17,0,14,2,1,17,4,0,4,21
11/30/2003,CYS,WY,ANM,WE,Federal Contract Tower,0,0,0,1,1,0,8,34,0,42,0,8,34,1,43,37,0,37,80
12/01/2003,CYS,WY,ANM,WE,Federal Contract Tower,0,0,4,3,7,0,21,21,12,54,0,21,25,15,61,15,71,86,147
12/02/2003,CYS,WY,ANM,WE,Federal Contract Tower,0,0,2,1,3,0,31,27,15,73,0,31,29,16,76,44,10,54,130
12/03/2003,CYS,WY,ANM,WE,Federal Contract Tower,0,2,2,3,7,0,17,64,0,81,0,19,66,3,88,53,92,145,233
12/04/2003,CYS,WY,ANM,WE,Federal Contract Tower,0,0,0,4,4,0,13,18,0,31,0,13,18,4,35,6,28,34,69
12/05/2003,CYS,WY,ANM,WE,Federal Contract Tower,0,2,3,4,9,0,16,20,0,36,0,18,23,4,45,60,94,154,199
12/06/2003,CYS,WY,ANM,WE,Federal Contract Tower,0,0,1,0,1,0,18,25,2,45,0,18,26,2,46,24,16,40,86
12/07/2003,CYS,WY,ANM,WE,Federal Contract Tower,0,0,0,0,0,0,8,42,4,54,0,8,42,4,54,34,10,44,98
12/08/2003,CYS,WY,ANM,WE,Federal Contract Tower,0,3,5,2,10,0,6,4,0,10,0,9,9,2,20,2,0,2,22
12/09/2003,CYS,WY,ANM,WE,Federal Contract Tower,0,2,2,2,6,0,16,41,3,60,0,18,43,5,66,24,71,95,161
12/10/2003,CYS,WY,ANM,WE,Federal Contract Tower,0,2,4,3,9,0,12,33,5,50,0,14,37,8,59,54,76,130,189
12/11/2003,CYS,WY,ANM,WE,Federal Contract Tower,0,3,5,3,11,0,24,63,9,96,0,27,68,12,107,44,71,115,222
12/12/2003,CYS,WY,ANM,WE,Federal Contract Tower,0,0,2,0,2,0,17,32,1,50,0,17,34,1,52,47,56,103,155
12/13/2003,CYS,WY,ANM,WE,Federal Contract Tower,0,0,2,0,2,0,20,34,0,54,0,20,36,0,56,11,0,11,67
12/14/2003,CYS,WY,ANM,WE,Federal Contract Tower,0,0,1,0,1,0,15,28,2,45,0,15,29,2,46,28,1,29,75
12/15/2003,CYS,WY,ANM,WE,Federal Contract Tower,0,2,2,2,6,0,17,3,2,22,0,19,5,4,28,2,9,11,39
12/16/2003,CYS,WY,ANM,WE,Federal Contract Tower,0,2,2,2,6,0,11,30,8,49,0,13,32,10,55,13,59,72,127
12/17/2003,CYS,WY,ANM,WE,Federal Contract Tower,0,2,3,2,7,0,14,8,2,24,0,16,11,4,31,8,10,18,49
12/18/2003,CYS,WY,ANM,WE,Federal Contract Tower,0,0,1,3,4,0,20,34,1,55,0,20,35,4,59,9,85,94,153
12/19/2003,CYS,WY,ANM,WE,Federal Contract Tower,0,2,3,2,7,0,31,32,0,63,0,33,35,2,70,67,0,67,137
12/20/2003,CYS,WY,ANM,WE,Federal Contract Tower,0,0,1,0,1,0,15,21,2,38,0,15,22,2,39,26,0,26,65
12/21/2003,CYS,WY,ANM,WE,Federal Contract Tower,0,0,0,0,0,0,8,17,1,26,0,8,17,1,26,16,0,16,42
12/22/2003,CYS,WY,ANM,WE,Federal Contract Tower,0,0,2,0,2,0,20,31,2,53,0,20,33,2,55,33,68,101,156
12/23/2003,CYS,WY,ANM,WE,Federal Contract Tower,0,3,4,3,10,0,61,32,0,93,0,64,36,3,103,79,12,91,194
12/24/2003,CYS,WY,ANM,WE,Federal Contract Tower,0,0,1,0,1,0,18,12,2,32,0,18,13,2,33,45,36,81,114
12/25/2003,CYS,WY,ANM,WE,Federal Contract Tower,0,0,0,0,0,0,16,6,0,22,0,16,6,0,22,3,0,3,25
12/26/2003,CYS,WY,ANM,WE,Federal Contract Tower,0,0,0,0,0,0,9,7,0,16,0,9,7,0,16,9,0,9,25
12/27/2003,CYS,WY,ANM,WE,Federal Contract Tower,0,0,1,0,1,0,26,16,0,42,0,26,17,0,43,16,0,16,59
12/28/2003,CYS,WY,ANM,WE,Federal Contract Tower,0,0,0,0,0,0,8,15,0,23,0,8,15,0,23,5,0,5,28
12/29/2003,CYS,WY,ANM,WE,Federal Contract Tower,0,1,4,2,7,0,14,39,0,53,0,15,43,2,60,38,74,112,172
12/30/2003,CYS,WY,ANM,WE,Federal Contract Tower,0,0,3,0,3,0,27,15,5,47,0,27,18,5,50,9,67,76,126
12/31/2003,CYS,WY,ANM,WE,Federal Contract Tower,0,1,3,1,5,0,16,13,6,35,0,17,16,7,40,36,14,50,90
01/01/2004,CYS,WY,ANM,WE,Federal Contract Tower,0,1,0,0,1,0,8,9,1,18,0,9,9,1,19,7,0,7,26
01/02/2004,CYS,WY,ANM,WE,Federal Contract Tower,0,0,1,0,1,0,16,12,3,31,0,16,13,3,32,0,0,0,32
01/03/2004,CYS,WY,ANM,WE,Federal Contract Tower,0,3,5,0,8,0,11,3,0,14,0,14,8,0,22,0,0,0,22
01/04/2004,CYS,WY,ANM,WE,Federal Contract Tower,0,0,0,0,0,0,11,25,28,64,0,11,25,28,64,1,1,2,66
01/05/2004,CYS,WY,ANM,WE,Federal Contract Tower,0,2,2,1,5,0,12,10,4,26,0,14,12,5,31,0,42,42,73
01/06/2004,CYS,WY,ANM,WE,Federal Contract Tower,0,2,3,0,5,0,21,30,0,51,0,23,33,0,56,1,155,156,212
01/07/2004,CYS,WY,ANM,WE,Federal Contract Tower,0,3,4,2,9,0,19,29,8,56,0,22,33,10,65,14,109,123,188
01/08/2004,CYS,WY,ANM,WE,Federal Contract Tower,0,0,0,0,0,0,16,29,8,53,0,16,29,8,53,20,12,32,85
01/09/2004,CYS,WY,ANM,WE,Federal Contract Tower,0,0,1,3,4,0,23,23,6,52,0,23,24,9,56,23,22,45,101
01/10/2004,CYS,WY,ANM,WE,Federal Contract Tower,0,0,1,0,1,0,65,30,0,95,0,65,31,0,96,91,33,124,220
01/11/2004,CYS,WY,ANM,WE,Federal Contract Tower,0,0,3,0,3,0,12,21,7,40,0,12,24,7,43,53,26,79,122
01/12/2004,CYS,WY,ANM,WE,Federal Contract Tower,0,2,3,3,8,0,18,46,1,65,0,20,49,4,73,65,45,110,183
01/13/2004,CYS,WY,ANM,WE,Federal Contract Tower,0,4,6,4,14,0,27,62,10,99,0,31,68,14,113,28,49,77,190
01/14/2004,CYS,WY,ANM,WE,Federal Contract Tower,0,3,5,3,11,0,18,71,5,94,0,21,76,8,105,53,40,93,198
01/15/2004,CYS,WY,ANM,WE,Federal Contract Tower,0,3,5,3,11,0,41,42,0,83,0,44,47,3,94,36,15,51,145
01/16/2004,CYS,WY,ANM,WE,Federal Contract Tower,0,3,6,4,13,2,16,35,2,55,2,19,41,6,68,22,25,47,115
01/17/2004,CYS,WY,ANM,WE,Federal Contract Tower,0,3,6,4,13,0,8,93,0,101,0,11,99,4,114,79,10,89,203
01/18/2004,CYS,WY,ANM,WE,Federal Contract Tower,0,0,3,0,3,0,14,69,0,83,0,14,72,0,86,49,0,49,135
01/19/2004,CYS,WY,ANM,WE,Federal Contract Tower,0,4,6,1,11,0,53,63,0,116,0,57,69,1,127,58,0,58,185
01/20/2004,CYS,WY,ANM,WE,Federal Contract Tower,0,6,11,4,21,0,32,9,0,41,0,38,20,4,62,4,69,73,135
01/21/2004,CYS,WY,ANM,WE,Federal Contract Tower,0,1,4,3,8,0,19,63,5,87,0,20,67,8,95,77,191,268,363
01/22/2004,CYS,WY,ANM,WE,Federal Contract Tower,0,4,10,6,20,0,41,32,13,86,0,45,42,19,106,18,61,79,185
01/23/2004,CYS,WY,ANM,WE,Federal Contract Tower,0,0,0,0,0,0,18,33,0,51,0,18,33,0,51,56,0,56,107
01/24/2004,CYS,WY,ANM,WE,Federal Contract Tower,0,4,10,6,20,0,17,63,5,85,0,21,73,11,105,85,5,90,195
01/25/2004,CYS,WY,ANM,WE,Federal Contract Tower,0,1,3,2,6,0,13,43,1,57,0,14,46,3,63,22,1,23,86
01/26/2004,CYS,WY,ANM,WE,Federal Contract Tower,0,1,3,2,6,0,17,24,7,48,0,18,27,9,54,16,46,62,116
01/27/2004,CYS,WY,ANM,WE,Federal Contract Tower,0,1,3,1,5,0,14,24,2,40,0,15,27,3,45,14,16,30,75
01/28/2004,CYS,WY,ANM,WE,Federal Contract Tower,0,1,3,1,5,0,18,37,5,60,0,19,40,6,65,39,34,73,138
01/29/2004,CYS,WY,ANM,WE,Federal Contract Tower,0,1,4,2,7,1,18,21,7,47,1,19,25,9,54,34,23,57,111
01/30/2004,CYS,WY,ANM,WE,Federal Contract Tower,0,1,4,1,6,0,17,12,0,29,0,18,16,1,35,13,63,76,111
01/31/2004,CYS,WY,ANM,WE,Federal Contract Tower,0,0,2,0,2,0,13,3,1,17,0,13,5,1,19,0,0,0,19
02/01/2004,CYS,WY,ANM,WE,Federal Contract Tower,0,1,4,0,5,0,38,19,0,57,0,39,23,0,62,26,0,26,88
02/02/2004,CYS,WY,ANM,WE,Federal Contract Tower,0,6,6,5,17,0,25,53,10,88,0,31,59,15,105,40,69,109,214
02/03/2004,CYS,WY,ANM,WE,Federal Contract Tower,0,0,1,1,2,0,18,61,8,87,0,18,62,9,89,60,65,125,214
02/04/2004,CYS,WY,ANM,WE,Federal Contract Tower,0,8,7,4,19,0,18,6,0,24,0,26,13,4,43,0,0,0,43
02/05/2004,CYS,WY,ANM,WE,Federal Contract Tower,0,8,8,0,16,0,24,20,0,44,0,32,28,0,60,0,0,0,60
02/06/2004,CYS,WY,ANM,WE,Federal Contract Tower,0,5,3,5,13,0,16,43,6,65,0,21,46,11,78,19,12,31,109
02/07/2004,CYS,WY,ANM,WE,Federal Contract Tower,0,2,2,2,6,0,12,31,0,43,0,14,33,2,49,43,11,54,103
02/08/2004,CYS,WY,ANM,WE,Federal Contract Tower,0,2,2,2,6,0,17,16,0,33,0,19,18,2,39,10,0,10,49
02/09/2004,CYS,WY,ANM,WE,Federal Contract Tower,0,6,6,5,17,0,45,17,2,64,0,51,23,7,81,40,122,162,243
02/10/2004,CYS,WY,ANM,WE,Federal Contract Tower,0,6,6,3,15,0,15,33,0,48,0,21,39,3,63,43,53,96,159
02/11/2004,CYS,WY,ANM,WE,Federal Contract Tower,0,3,3,3,9,0,27,11,0,38,0,30,14,3,47,0,25,25,72
02/12/2004,CYS,WY,ANM,WE,Federal Contract Tower,0,4,4,4,12,0,17,22,5,44,0,21,26,9,56,43,112,155,211
02/13/2004,CYS,WY,ANM,WE,Federal Contract Tower,0,2,2,2,6,0,21,42,5,68,0,23,44,7,74,37,61,98,172
02/14/2004,CYS,WY,ANM,WE,Federal Contract Tower,0,1,1,0,2,1,16,64,0,81,1,17,65,0,83,40,0,40,123
02/15/2004,CYS,WY,ANM,WE,Federal Contract Tower,0,4,5,1,10,0,27,13,0,40,0,31,18,1,50,43,11,54,104
02/16/2004,CYS,WY,ANM,WE,Federal Contract Tower,0,0,0,0,0,0,15,37,2,54,0,15,37,2,54,66,0,66,120
02/17/2004,CYS,WY,ANM,WE,Federal Contract Tower,0,6,8,5,19,0,28,22,3,53,0,34,30,8,72,92,116,208,280
02/18/2004,CYS,WY,ANM,WE,Federal Contract Tower,0,3,5,3,11,0,20,24,2,46,0,23,29,5,57,40,35,75,132
02/19/2004,CYS,WY,ANM,WE,Federal Contract Tower,0,2,2,1,5,0,16,28,1,45,0,18,30,2,50,20,16,36,86
02/20/2004,CYS,WY,ANM,WE,Federal Contract Tower,0,5,6,0,11,0,16,33,0,49,0,21,39,0,60,65,7,72,132
02/21/2004,CYS,WY,ANM,WE,Federal Contract Tower,0,5,6,4,15,0,20,60,1,81,0,25,66,5,96,74,0,74,170
02/22/2004,CYS,WY,ANM,WE,Federal Contract Tower,0,0,3,0,3,0,14,38,4,56,0,14,41,4,59,50,0,50,109
02/23/2004,CYS,WY,ANM,WE,Federal Contract Tower,0,4,4,2,10,0,26,40,3,69,0,30,44,5,79,35,57,92,171
02/24/2004,CYS,WY,ANM,WE,Federal Contract Tower,0,4,4,2,10,0,15,44,5,64,0,19,48,7,74,47,47,94,168
02/25/2004,CYS,WY,ANM,WE,Federal Contract Tower,0,6,7,4,17,0,6,55,1,62,0,12,62,5,79,59,98,157,236
02/26/2004,CYS,WY,ANM,WE,Federal Contract Tower,0,3,4,2,9,0,24,44,22,90,0,27,48,24,99,41,69,110,209
02/27/2004,CYS,WY,ANM,WE,Federal Contract Tower,0,0,2,0,2,0,16,45,11,72,0,16,47,11,74,37,7,44,118
02/28/2004,CYS,WY,ANM,WE,Federal Contract Tower,0,5,5,3,13,0,7,4,2,13,0,12,9,5,26,0,0,0,26
02/29/2004,CYS,WY,ANM,WE,Federal Contract Tower,0,0,1,0,1,0,8,0,0,8,0,8,1,0,9,0,0,0,9
03/01/2004,CYS,WY,ANM,WE,Federal Contract Tower,0,1,1,1,3,0,37,23,0,60,0,38,24,1,63,22,5,27,90
03/02/2004,CYS,WY,ANM,WE,Federal Contract Tower,0,1,1,2,4,0,19,42,1,62,0,20,43,3,66,57,120,177,243
03/03/2004,CYS,WY,ANM,WE,Federal Contract Tower,0,3,2,0,5,0,14,43,19,76,0,17,45,19,81,4,135,139,220
03/04/2004,CYS,WY,ANM,WE,Federal Contract Tower,0,4,4,2,10,0,19,17,2,38,0,23,21,4,48,11,5,16,64
03/05/2004,CYS,WY,ANM,WE,Federal Contract Tower,0,0,2,1,3,0,21,21,0,42,0,21,23,1,45,6,0,6,51
03/06/2004,CYS,WY,ANM,WE,Federal Contract Tower,0,0,1,0,1,0,12,9,0,21,0,12,10,0,22,0,0,0,22
03/07/2004,CYS,WY,ANM,WE,Federal Contract Tower,0,2,2,3,7,0,11,63,4,78,0,13,65,7,85,70,15,85,170
03/08/2004,CYS,WY,ANM,WE,Federal Contract Tower,0,2,2,1,5,0,29,34,12,75,0,31,36,13,80,50,80,130,210
03/09/2004,CYS,WY,ANM,WE,Federal Contract Tower,0,4,5,5,14,0,42,46,1,89,0,46,51,6,103,49,117,166,269
03/10/2004,CYS,WY,ANM,WE,Federal Contract Tower,0,4,6,4,14,0,8,55,0,63,0,12,61,4,77,56,138,194,271
03/11/2004,CYS,WY,ANM,WE,Federal Contract Tower,0,6,9,4,19,0,40,48,0,88,0,46,57,4,107,30,138,168,275
03/12/2004,CYS,WY,ANM,WE,Federal Contract Tower,0,5,7,7,19,0,24,41,7,72,0,29,48,14,91,37,77,114,205
03/13/2004,CYS,WY,ANM,WE,Federal Contract Tower,0,0,0,0,0,0,12,20,0,32,0,12,20,0,32,51,0,51,83
03/14/2004,CYS,WY,ANM,WE,Federal Contract Tower,0,2,3,3,8,0,14,44,4,62,0,16,47,7,70,59,8,67,137
03/15/2004,CYS,WY,ANM,WE,Federal Contract Tower,0,0,2,0,2,0,18,22,8,48,0,18,24,8,50,31,61,92,142
03/16/2004,CYS,WY,ANM,WE,Federal Contract Tower,0,2,2,2,6,0,12,30,0,42,0,14,32,2,48,7,68,75,123
03/17/2004,CYS,WY,ANM,WE,Federal Contract Tower,0,2,2,3,7,0,22,26,8,56,0,24,28,11,63,22,22,44,107
03/18/2004,CYS,WY,ANM,WE,Federal Contract Tower,0,4,6,6,16,0,16,33,16,65,0,20,39,22,81,69,24,93,174
03/19/2004,CYS,WY,ANM,WE,Federal Contract Tower,0,0,2,2,4,0,15,32,3,50,0,15,34,5,54,20,3,23,77
03/20/2004,CYS,WY,ANM,WE,Federal Contract Tower,0,2,2,3,7,0,12,74,8,94,0,14,76,11,101,75,0,75,176
03/21/2004,CYS,WY,ANM,WE,Federal Contract Tower,0,0,2,0,2,0,10,72,3,85,0,10,74,3,87,90,1,91,178
03/22/2004,CYS,WY,ANM,WE,Federal Contract Tower,0,3,5,3,11,0,13,31,4,48,0,16,36,7,59,67,21,88,147
03/23/2004,CYS,WY,ANM,WE,Federal Contract Tower,0,0,0,0,0,0,20,49,6,75,0,20,49,6,75,11,61,72,147
03/24/2004,CYS,WY,ANM,WE,Federal Contract Tower,0,0,2,2,4,0,15,20,1,36,0,15,22,3,40,10,64,74,114
03/25/2004,CYS,WY,ANM,WE,Federal Contract Tower,0,1,3,2,6,0,36,33,4,73,0,37,36,6,79,25,40,65,144
03/26/2004,CYS,WY,ANM,WE,Federal Contract Tower,0,1,3,1,5,0,25,26,5,56,0,26,29,6,61,13,98,111,172
03/27/2004,CYS,WY,ANM,WE,Federal Contract Tower,0,2,4,3,9,0,18,5,5,28,0,20,9,8,37,1,7,8,45
03/28/2004,CYS,WY,ANM,WE,Federal Contract Tower,0,2,4,2,8,0,23,29,0,52,0,25,33,2,60,12,12,24,84
03/29/2004,CYS,WY,ANM,WE,Federal Contract Tower,0,3,6,2,11,0,36,38,0,74,0,39,44,2,85,31,73,104,189
03/30/2004,CYS,WY,ANM,WE,Federal Contract Tower,0,8,14,10,32,0,29,56,0,85,0,37,70,10,117,66,31,97,214
03/31/2004,CYS,WY,ANM,WE,Federal Contract Tower,0,9,17,12,38,0,40,32,0,72,0,49,49,12,110,76,71,147,257
04/01/2004,CYS,WY,ANM,WE,Federal Contract Tower,0,5,4,3,12,0,15,45,11,71,0,20,49,14,83,63,28,91,174
04/02/2004,CYS,WY,ANM,WE,Federal Contract Tower,0,2,4,2,8,0,13,14,17,44,0,15,18,19,52,22,21,43,95
04/03/2004,CYS,WY,ANM,WE,Federal Contract Tower,0,2,2,3,7,0,10,10,1,21,0,12,12,4,28,5,0,5,33
04/04/2004,CYS,WY,ANM,WE,Federal Contract Tower,0,2,3,3,8,0,28,38,7,73,0,30,41,10,81,84,3,87,168
04/05/2004,CYS,WY,ANM,WE,Federal Contract Tower,0,1,0,1,2,0,19,30,8,57,0,20,30,9,59,7,51,58,117
04/06/2004,CYS,WY,ANM,WE,Federal Contract Tower,0,6,5,5,16,0,15,34,2,51,0,21,39,7,67,18,37,55,122
04/07/2004,CYS,WY,ANM,WE,Federal Contract Tower,0,3,2,2,7,0,16,26,2,44,0,19,28,4,51,9,22,31,82
04/08/2004,CYS,WY,ANM,WE,Federal Contract Tower,0,6,4,5,15,0,25,5,0,30,0,31,9,5,45,33,58,91,136
04/09/2004,CYS,WY,ANM,WE,Federal Contract Tower,0,3,3,3,9,0,12,3,0,15,0,15,6,3,24,0,2,2,26
04/10/2004,CYS,WY,ANM,WE,Federal Contract Tower,0,7,5,3,15,0,17,4,0,21,0,24,9,3,36,0,0,0,36
04/11/2004,CYS,WY,ANM,WE,Federal Contract Tower,0,2,0,0,2,0,11,8,1,20,0,13,8,1,22,15,0,15,37
04/12/2004,CYS,WY,ANM,WE,Federal Contract Tower,0,3,2,2,7,0,36,48,33,117,0,39,50,35,124,68,38,106,230
04/13/2004,CYS,WY,ANM,WE,Federal Contract Tower,0,4,3,4,11,0,22,43,3,68,0,26,46,7,79,127,170,297,376
04/14/2004,CYS,WY,ANM,WE,Federal Contract Tower,0,6,4,5,15,0,39,30,2,71,0,45,34,7,86,32,58,90,176
04/15/2004,CYS,WY,ANM,WE,Federal Contract Tower,0,6,4,4,14,0,23,34,12,69,0,29,38,16,83,42,82,124,207
04/16/2004,CYS,WY,ANM,WE,Federal Contract Tower,0,2,2,1,5,0,21,32,6,59,0,23,34,7,64,8,41,49,113
04/17/2004,CYS,WY,ANM,WE,Federal Contract Tower,0,4,2,2,8,0,6,52,2,60,0,10,54,4,68,58,26,84,152
04/18/2004,CYS,WY,ANM,WE,Federal Contract Tower,0,3,0,0,3,0,18,14,11,43,0,21,14,11,46,0,0,0,46
04/19/2004,CYS,WY,ANM,WE,Federal Contract Tower,0,4,1,2,7,0,12,40,3,55,0,16,41,5,62,39,93,132,194
04/20/2004,CYS,WY,ANM,WE,Federal Contract Tower,0,7,3,5,15,0,16,27,2,45,0,23,30,7,60,12,147,159,219
04/21/2004,CYS,WY,ANM,WE,Federal Contract Tower,0,4,1,0,5,0,25,7,0,32,0,29,8,0,37,1,13,14,51
04/22/2004,CYS,WY,ANM,WE,Federal Contract Tower,0,9,5,1,15,0,17,7,0,24,0,26,12,1,39,0,1,1,40
04/23/2004,CYS,WY,ANM,WE,Federal Contract Tower,0,7,3,5,15,0,25,14,4,43,0,32,17,9,58,14,116,130,188
04/24/2004,CYS,WY,ANM,WE,Federal Contract Tower,0,1,0,0,1,0,13,71,0,84,0,14,71,0,85,46,0,46,131
04/25/2004,CYS,WY,ANM,WE,Federal Contract Tower,0,3,1,2,6,0,13,36,2,51,0,16,37,4,57,34,1,35,92
04/26/2004,CYS,WY,ANM,WE,Federal Contract Tower,0,3,1,1,5,0,26,41,3,70,0,29,42,4,75,70,39,109,184
04/27/2004,CYS,WY,ANM,WE,Federal Contract Tower,0,3,1,2,6,0,15,27,1,43,0,18,28,3,49,70,129,199,248
04/28/2004,CYS,WY,ANM,WE,Federal Contract Tower,0,9,4,6,19,0,31,32,7,70,0,40,36,13,89,43,10,53,142
04/29/2004,CYS,WY,ANM,WE,Federal Contract Tower,0,9,4,1,14,0,19,4,0,23,0,28,8,1,37,0,2,2,39
04/30/2004,CYS,WY,ANM,WE,Federal Contract Tower,0,3,1,1,5,0,19,7,4,30,0,22,8,5,35,0,4,4,39
05/01/2004,CYS,WY,ANM,WE,Federal Contract Tower,0,1,4,2,7,0,27,47,4,78,0,28,51,6,85,22,0,22,107
05/02/2004,CYS,WY,ANM,WE,Federal Contract Tower,0,1,2,3,6,0,22,51,8,81,0,23,53,11,87,27,9,36,123
05/03/2004,CYS,WY,ANM,WE,Federal Contract Tower,0,0,2,1,3,0,16,81,1,98,0,16,83,2,101,34,77,111,212
05/04/2004,CYS,WY,ANM,WE,Federal Contract Tower,0,3,1,3,7,0,21,51,4,76,0,24,52,7,83,34,25,59,142
05/05/2004,CYS,WY,ANM,WE,Federal Contract Tower,0,3,2,3,8,0,18,34,5,57,0,21,36,8,65,41,79,120,185
05/06/2004,CYS,WY,ANM,WE,Federal Contract Tower,0,4,3,4,11,0,8,44,3,55,0,12,47,7,66,39,5,44,110
05/07/2004,CYS,WY,ANM,WE,Federal Contract Tower,0,3,4,3,10,0,12,54,14,80,0,15,58,17,90,34,53,87,177
05/08/2004,CYS,WY,ANM,WE,Federal Contract Tower,0,2,2,1,5,0,20,49,2,71,0,22,51,3,76,14,0,14,90
05/09/2004,CYS,WY,ANM,WE,Federal Contract Tower,0,0,0,0,0,0,12,64,0,76,0,12,64,0,76,40,0,40,116
05/10/2004,CYS,WY,ANM,WE,Federal Contract Tower,0,3,4,3,10,0,26,38,5,69,0,29,42,8,79,20,68,88,167
05/11/2004,CYS,WY,ANM,WE,Federal Contract Tower,0,4,5,4,13,0,26,47,4,77,0,30,52,8,90,35,31,66,156
05/12/2004,CYS,WY,ANM,WE,Federal Contract Tower,0,10,13,10,33,0,10,22,2,34,0,20,35,12,67,29,14,43,110
05/13/2004,CYS,WY,ANM,WE,Federal Contract Tower,0,5,6,4,15,0,15,8,0,23,0,20,14,4,38,19,44,63,101
05/14/2004,CYS,WY,ANM,WE,Federal Contract Tower,0,3,4,3,10,0,12,34,7,53,0,15,38,10,63,24,16,40,103
05/15/2004,CYS,WY,ANM,WE,Federal Contract Tower,0,0,1,0,1,0,13,50,2,65,0,13,51,2,66,53,18,71,137
05/16/2004,CYS,WY,ANM,WE,Federal Contract Tower,0,0,0,0,0,0,7,31,0,38,0,7,31,0,38,19,0,19,57
05/17/2004,CYS,WY,ANM,WE,Federal Contract Tower,0,3,4,3,10,0,26,26,22,74,0,29,30,25,84,65,46,111,195
05/18/2004,CYS,WY,ANM,WE,Federal Contract Tower,0,10,13,9,32,0,5,22,2,29,0,15,35,11,61,47,57,104,165
05/19/2004,CYS,WY,ANM,WE,Federal Contract Tower,0,2,2,1,5,0,25,39,13,77,0,27,41,14,82,98,150,248,330
05/20/2004,CYS,WY,ANM,WE,Federal Contract Tower,0,5,6,4,15,0,30,50,3,83,0,35,56,7,98,92,45,137,235
05/21/2004,CYS,WY,ANM,WE,Federal Contract Tower,0,6,7,4,17,0,24,25,0,49,0,30,32,4,66,50,57,107,173
05/22/2004,CYS,WY,ANM,WE,Federal Contract Tower,0,2,3,2,7,0,22,47,3,72,0,24,50,5,79,50,13,63,142
05/23/2004,CYS,WY,ANM,WE,Federal Contract Tower,0,0,2,0,2,0,8,42,8,58,0,8,44,8,60,64,38,102,162
05/24/2004,CYS,WY,ANM,WE,Federal Contract Tower,0,2,5,0,7,0,32,35,0,67,0,34,40,0,74,88,0,88,162
05/25/2004,CYS,WY,ANM,WE,Federal Contract Tower,0,8,13,9,30,0,8,8,12,28,0,16,21,21,58,42,62,104,162
05/26/2004,CYS,WY,ANM,WE,Federal Contract Tower,0,4,7,0,11,2,14,51,0,67,2,18,58,0,78,59,114,173,251
05/27/2004,CYS,WY,ANM,WE,Federal Contract Tower,0,1,2,1,4,0,28,42,13,83,0,29,44,14,87,57,53,110,197
05/28/2004,CYS,WY,ANM,WE,Federal Contract Tower,0,2,3,2,7,2,35,27,0,64,2,37,30,2,71,80,2,82,153
05/29/2004,CYS,WY,ANM,WE,Federal Contract Tower,0,1,2,0,3,4,17,22,0,43,4,18,24,0,46,5,0,5,51
05/30/2004,CYS,WY,ANM,WE,Federal Contract Tower,0,0,3,0,3,0,17,21,0,38,0,17,24,0,41,5,0,5,46
05/31/2004,CYS,WY,ANM,WE,Federal Contract Tower,0,1,2,0,3,0,26,36,0,62,0,27,38,0,65,24,0,24,89
06/01/2004,CYS,WY,ANM,WE,Federal Contract Tower,0,8,11,4,23,0,25,42,0,67,0,33,53,4,90,60,54,114,204
06/02/2004,CYS,WY,ANM,WE,Federal Contract Tower,0,4,3,1,8,0,14,85,0,99,0,18,88,1,107,83,47,130,237
06/03/2004,CYS,WY,ANM,WE,Federal Contract Tower,0,6,6,4,16,0,18,33,8,59,0,24,39,12,75,105,51,156,231
06/04/2004,CYS,WY,ANM,WE,Federal Contract Tower,0,3,5,3,11,0,32,42,25,99,0,35,47,28,110,57,38,95,205
06/05/2004,CYS,WY,ANM,WE,Federal Contract Tower,0,0,0,1,1,0,21,37,1,59,0,21,37,2,60,83,0,83,143
06/06/2004,CYS,WY,ANM,WE,Federal Contract Tower,0,0,0,1,1,0,11,49,11,71,0,11,49,12,72,41,23,64,136
06/07/2004,CYS,WY,ANM,WE,Federal Contract Tower,0,3,5,3,11,0,20,48,23,91,0,23,53,26,102,94,10,104,206
06/08/2004,CYS,WY,ANM,WE,Federal Contract Tower,0,5,7,3,15,0,21,53,0,74,0,26,60,3,89,19,41,60,149
06/09/2004,CYS,WY,ANM,WE,Federal Contract Tower,0,4,7,4,15,0,25,40,8,73,0,29,47,12,88,21,38,59,147
06/10/2004,CYS,WY,ANM,WE,Federal Contract Tower,0,3,5,3,11,0,20,27,5,52,0,23,32,8,63,40,66,106,169
06/11/2004,CYS,WY,ANM,WE,Federal Contract Tower,0,0,0,1,1,0,24,36,3,63,0,24,36,4,64,13,6,19,83
06/12/2004,CYS,WY,ANM,WE,Federal Contract Tower,0,0,1,1,2,3,15,26,1,45,3,15,27,2,47,37,9,46,93
06/13/2004,CYS,WY,ANM,WE,Federal Contract Tower,0,1,3,1,5,0,13,43,8,64,0,14,46,9,69,30,8,38,107
06/14/2004,CYS,WY,ANM,WE,Federal Contract Tower,0,0,3,0,3,0,13,33,13,59,0,13,36,13,62,54,88,142,204
06/15/2004,CYS,WY,ANM,WE,Federal Contract Tower,0,0,3,0,3,0,12,43,18,73,0,12,46,18,76,95,33,128,204
06/16/2004,CYS,WY,ANM,WE,Federal Contract Tower,0,9,14,0,23,0,20,8,0,28,0,29,22,0,51,14,0,14,65
06/17/2004,CYS,WY,ANM,WE,Federal Contract Tower,0,6,9,3,18,0,7,6,1,14,0,13,15,4,32,0,0,0,32
06/18/2004,CYS,WY,ANM,WE,Federal Contract Tower,0,7,13,0,20,0,25,3,0,28,0,32,16,0,48,0,0,0,48
06/19/2004,CYS,WY,ANM,WE,Federal Contract Tower,0,2,2,0,4,0,3,24,5,32,0,5,26,5,36,4,0,4,40
06/20/2004,CYS,WY,ANM,WE,Federal Contract Tower,0,0,1,0,1,0,17,13,6,36,0,17,14,6,37,44,0,44,81
06/21/2004,CYS,WY,ANM,WE,Federal Contract Tower,0,2,2,0,4,0,13,29,12,54,0,15,31,12,58,59,103,162,220
06/22/2004,CYS,WY,ANM,WE,Federal Contract Tower,0,4,8,3,15,0,16,86,17,119,0,20,94,20,134,75,67,142,276
06/23/2004,CYS,WY,ANM,WE,Federal Contract Tower,0,2,2,0,4,0,16,67,9,92,0,18,69,9,96,134,76,210,306
06/24/2004,CYS,WY,ANM,WE,Federal Contract Tower,0,1,3,1,5,2,16,41,14,73,2,17,44,15,78,81,61,142,220
06/25/2004,CYS,WY,ANM,WE,Federal Contract Tower,0,0,0,0,0,0,17,38,6,61,0,17,38,6,61,65,154,219,280
06/26/2004,CYS,WY,ANM,WE,Federal Contract Tower,0,0,0,0,0,0,14,41,3,58,0,14,41,3,58,63,5,68,126
06/27/2004,CYS,WY,ANM,WE,Federal Contract Tower,0,0,3,0,3,2,10,43,1,56,2,10,46,1,59,7,0,7,66
06/28/2004,CYS,WY,ANM,WE,Federal Contract Tower,0,4,6,2,12,0,9,22,7,38,0,13,28,9,50,10,64,74,124
06/29/2004,CYS,WY,ANM,WE,Federal Contract Tower,0,2,2,0,4,0,23,24,14,61,0,25,26,14,65,123,71,194,259
06/30/2004,CYS,WY,ANM,WE,Federal Contract Tower,0,0,3,0,3,0,27,31,9,67,0,27,34,9,70,72,73,145,215
07/01/2004,CYS,WY,ANM,WE,Federal Contract Tower,0,0,3,0,3,0,15,66,8,89,0,15,69,8,92,92,12,104,196
07/02/2004,CYS,WY,ANM,WE,Federal Contract Tower,0,1,0,0,1,2,18,52,0,72,2,19,52,0,73,78,0,78,151
07/03/2004,CYS,WY,ANM,WE,Federal Contract Tower,0,4,2,1,7,0,6,48,1,55,0,10,50,2,62,108,2,110,172
07/04/2004,CYS,WY,ANM,WE,Federal Contract Tower,0,0,1,0,1,0,11,43,0,54,0,11,44,0,55,38,0,38,93
07/05/2004,CYS,WY,ANM,WE,Federal Contract Tower,0,0,2,0,2,0,10,35,0,45,0,10,37,0,47,56,0,56,103
07/06/2004,CYS,WY,ANM,WE,Federal Contract Tower,0,3,4,2,9,0,13,54,10,77,0,16,58,12,86,88,121,209,295
07/07/2004,CYS,WY,ANM,WE,Federal Contract Tower,0,0,4,0,4,0,16,66,14,96,0,16,70,14,100,46,103,149,249
07/08/2004,CYS,WY,ANM,WE,Federal Contract Tower,0,0,2,0,2,0,25,49,10,84,0,25,51,10,86,43,90,133,219
07/09/2004,CYS,WY,ANM,WE,Federal Contract Tower,0,0,0,0,0,0,30,64,4,98,0,30,64,4,98,46,4,50,148
07/10/2004,CYS,WY,ANM,WE,Federal Contract Tower,0,0,0,0,0,0,13,29,5,47,0,13,29,5,47,56,13,69,116
07/11/2004,CYS,WY,ANM,WE,Federal Contract Tower,0,0,1,0,1,0,16,43,1,60,0,16,44,1,61,70,1,71,132
07/12/2004,CYS,WY,ANM,WE,Federal Contract Tower,0,0,2,3,5,0,13,74,2,89,0,13,76,5,94,66,98,164,258
07/13/2004,CYS,WY,ANM,WE,Federal Contract Tower,0,0,3,0,3,1,11,50,15,77,1,11,53,15,80,33,7,40,120
07/14/2004,CYS,WY,ANM,WE,Federal Contract Tower,0,0,2,4,6,0,22,35,14,71,0,22,37,18,77,33,53,86,163
07/15/2004,CYS,WY,ANM,WE,Federal Contract Tower,0,2,5,2,9,0,12,53,15,80,0,14,58,17,89,36,16,52,141
07/16/2004,CYS,WY,ANM,WE,Federal Contract Tower,0,2,5,2,9,0,11,42,35,88,0,13,47,37,97,40,78,118,215
07/17/2004,CYS,WY,ANM,WE,Federal Contract Tower,0,0,4,0,4,0,11,45,5,61,0,11,49,5,65,57,0,57,122
07/18/2004,CYS,WY,ANM,WE,Federal Contract Tower,0,0,1,0,1,0,10,80,2,92,0,10,81,2,93,42,0,42,135
07/19/2004,CYS,WY,ANM,WE,Federal Contract Tower,0,0,2,0,2,0,18,32,5,55,0,18,34,5,57,50,23,73,130
07/20/2004,CYS,WY,ANM,WE,Federal Contract Tower,0,0,3,3,6,2,15,53,19,89,2,15,56,22,95,76,27,103,198
07/21/2004,CYS,WY,ANM,WE,Federal Contract Tower,0,0,3,3,6,0,15,66,9,90,0,15,69,12,96,85,39,124,220
07/22/2004,CYS,WY,ANM,WE,Federal Contract Tower,0,2,4,1,7,0,13,38,8,59,0,15,42,9,66,39,60,99,165
07/23/2004,CYS,WY,ANM,WE,Federal Contract Tower,0,8,28,7,43,2,18,21,0,41,2,26,49,7,84,0,2,2,86
07/24/2004,CYS,WY,ANM,WE,Federal Contract Tower,0,3,8,3,14,0,6,17,0,23,0,9,25,3,37,2,2,4,41
07/25/2004,CYS,WY,ANM,WE,Federal Contract Tower,0,0,3,0,3,0,13,93,25,131,0,13,96,25,134,37,36,73,207
07/26/2004,CYS,WY,ANM,WE,Federal Contract Tower,0,0,4,0,4,0,17,60,3,80,0,17,64,3,84,23,35,58,142
07/27/2004,CYS,WY,ANM,WE,Federal Contract Tower,0,0,2,0,2,0,16,59,33,108,0,16,61,33,110,42,55,97,207
07/28/2004,CYS,WY,ANM,WE,Federal Contract Tower,0,2,4,2,8,0,20,109,45,174,0,22,113,47,182,75,17,92,274
07/29/2004,CYS,WY,ANM,WE,Federal Contract Tower,0,0,3,2,5,0,19,33,28,80,0,19,36,30,85,37,43,80,165
07/30/2004,CYS,WY,ANM,WE,Federal Contract Tower,0,2,6,2,10,2,23,56,7,88,2,25,62,9,98,56,15,71,169
07/31/2004,CYS,WY,ANM,WE,Federal Contract Tower,0,0,3,0,3,0,13,48,1,62,0,13,51,1,65,89,5,94,159
08/01/2004,CYS,WY,ANM,WE,Federal Contract Tower,0,1,1,0,2,0,18,61,8,87,0,19,62,8,89,46,5,51,140
08/02/2004,CYS,WY,ANM,WE,Federal Contract Tower,0,1,1,0,2,0,14,65,11,90,0,15,66,11,92,75,7,82,174
08/03/2004,CYS,WY,ANM,WE,Federal Contract Tower,0,0,2,0,2,0,16,65,24,105,0,16,67,24,107,79,14,93,200
08/04/2004,CYS,WY,ANM,WE,Federal Contract Tower,0,0,2,0,2,0,21,65,12,98,0,21,67,12,100,27,2,29,129
08/05/2004,CYS,WY,ANM,WE,Federal Contract Tower,0,0,3,3,6,0,23,42,17,82,0,23,45,20,88,65,71,136,224
08/06/2004,CYS,WY,ANM,WE,Federal Contract Tower,0,4,3,2,9,0,14,39,17,70,0,18,42,19,79,105,33,138,217
08/07/2004,CYS,WY,ANM,WE,Federal Contract Tower,0,3,5,2,10,0,12,50,2,64,0,15,55,4,74,80,45,125,199
08/08/2004,CYS,WY,ANM,WE,Federal Contract Tower,0,0,2,0,2,0,10,61,0,71,0,10,63,0,73,95,7,102,175
08/09/2004,CYS,WY,ANM,WE,Federal Contract Tower,0,3,5,2,10,0,12,41,11,64,0,15,46,13,74,51,41,92,166
08/10/2004,CYS,WY,ANM,WE,Federal Contract Tower,0,0,4,3,7,0,23,48,14,85,0,23,52,17,92,40,81,121,213
08/11/2004,CYS,WY,ANM,WE,Federal Contract Tower,0,0,3,2,5,2,18,74,16,110,2,18,77,18,115,79,42,121,236
08/12/2004,CYS,WY,ANM,WE,Federal Contract Tower,0,0,3,3,6,0,16,45,3,64,0,16,48,6,70,94,62,156,226
08/13/2004,CYS,WY,ANM,WE,Federal Contract Tower,0,0,3,0,3,0,20,94,11,125,0,20,97,11,128,83,75,158,286
08/14/2004,CYS,WY,ANM,WE,Federal Contract Tower,0,0,3,1,4,0,11,43,0,54,0,11,46,1,58,93,23,116,174
08/15/2004,CYS,WY,ANM,WE,Federal Contract Tower,0,3,5,2,10,0,7,58,1,66,0,10,63,3,76,126,0,126,202
08/16/2004,CYS,WY,ANM,WE,Federal Contract Tower,0,0,0,0,0,0,18,55,5,78,0,18,55,5,78,115,31,146,224
08/17/2004,CYS,WY,ANM,WE,Federal Contract Tower,0,0,1,0,1,0,20,34,3,57,0,20,35,3,58,95,25,120,178
08/18/2004,CYS,WY,ANM,WE,Federal Contract Tower,0,0,0,0,0,2,15,42,2,61,2,15,42,2,61,66,82,148,209
08/19/2004,CYS,WY,ANM,WE,Federal Contract Tower,0,5,14,5,24,0,25,12,0,37,0,30,26,5,61,26,30,56,117
08/20/2004,CYS,WY,ANM,WE,Federal Contract Tower,0,0,3,2,5,1,21,48,20,90,1,21,51,22,95,80,133,213,308
08/21/2004,CYS,WY,ANM,WE,Federal Contract Tower,0,0,3,0,3,0,14,74,17,105,0,14,77,17,108,107,6,113,221
08/22/2004,CYS,WY,ANM,WE,Federal Contract Tower,0,0,1,0,1,0,11,60,1,72,0,11,61,1,73,71,9,80,153
08/23/2004,CYS,WY,ANM,WE,Federal Contract Tower,0,0,2,0,2,0,15,68,5,88,0,15,70,5,90,115,13,128,218
08/24/2004,CYS,WY,ANM,WE,Federal Contract Tower,0,0,3,0,3,2,20,44,6,72,2,20,47,6,75,49,45,94,169
08/25/2004,CYS,WY,ANM,WE,Federal Contract Tower,0,0,2,0,2,0,15,50,8,73,0,15,52,8,75,69,23,92,167
08/26/2004,CYS,WY,ANM,WE,Federal Contract Tower,0,0,2,0,2,1,22,38,5,66,1,22,40,5,68,18,45,63,131
08/27/2004,CYS,WY,ANM,WE,Federal Contract Tower,0,0,3,1,4,0,21,24,0,45,0,21,27,1,49,51,23,74,123
08/28/2004,CYS,WY,ANM,WE,Federal Contract Tower,0,0,4,1,5,0,19,57,1,77,0,19,61,2,82,103,0,103,185
08/29/2004,CYS,WY,ANM,WE,Federal Contract Tower,0,0,0,0,0,0,10,85,2,97,0,10,85,2,97,97,0,97,194
08/30/2004,CYS,WY,ANM,WE,Federal Contract Tower,0,0,2,0,2,0,15,53,8,76,0,15,55,8,78,92,48,140,218
08/31/2004,CYS,WY,ANM,WE,Federal Contract Tower,0,0,4,2,6,0,13,63,14,90,0,13,67,16,96,93,67,160,256
09/01/2004,CYS,WY,ANM,WE,Federal Contract Tower,0,2,3,2,7,0,22,92,14,128,0,24,95,16,135,79,34,113,248
09/02/2004,CYS,WY,ANM,WE,Federal Contract Tower,0,1,0,2,3,0,18,78,18,114,0,19,78,20,117,77,13,90,207
09/03/2004,CYS,WY,ANM,WE,Federal Contract Tower,0,1,0,3,4,0,21,47,0,68,0,22,47,3,72,88,2,90,162
09/04/2004,CYS,WY,ANM,WE,Federal Contract Tower,0,1,1,2,4,0,10,13,0,23,0,11,14,2,27,22,2,24,51
09/05/2004,CYS,WY,ANM,WE,Federal Contract Tower,0,1,2,0,3,0,8,18,5,31,0,9,20,5,34,7,2,9,43
09/06/2004,CYS,WY,ANM,WE,Federal Contract Tower,0,0,2,0,2,0,16,82,3,101,0,16,84,3,103,40,0,40,143
09/07/2004,CYS,WY,ANM,WE,Federal Contract Tower,0,1,3,2,6,0,22,39,6,67,0,23,42,8,73,91,77,168,241
09/08/2004,CYS,WY,ANM,WE,Federal Contract Tower,0,0,3,3,6,0,23,59,2,84,0,23,62,5,90,87,130,217,307
09/09/2004,CYS,WY,ANM,WE,Federal Contract Tower,0,0,2,0,2,0,26,35,13,74,0,26,37,13,76,52,87,139,215
09/10/2004,CYS,WY,ANM,WE,Federal Contract Tower,0,3,2,3,8,0,15,61,24,100,0,18,63,27,108,34,63,97,205
09/11/2004,CYS,WY,ANM,WE,Federal Contract Tower,0,0,2,0,2,0,10,56,6,72,0,10,58,6,74,75,44,119,193
09/12/2004,CYS,WY,ANM,WE,Federal Contract Tower,0,0,2,0,2,0,11,58,19,88,0,11,60,19,90,49,19,68,158
09/13/2004,CYS,WY,ANM,WE,Federal Contract Tower,0,0,2,0,2,0,16,48,9,73,0,16,50,9,75,35,19,54,129
09/14/2004,CYS,WY,ANM,WE,Federal Contract Tower,0,0,2,2,4,0,22,52,26,100,0,22,54,28,104,36,163,199,303
09/15/2004,CYS,WY,ANM,WE,Federal Contract Tower,0,0,3,3,6,0,27,75,14,116,0,27,78,17,122,72,104,176,298
09/16/2004,CYS,WY,ANM,WE,Federal Contract Tower,0,0,3,2,5,0,16,23,2,41,0,16,26,4,46,85,65,150,196
09/17/2004,CYS,WY,ANM,WE,Federal Contract Tower,0,0,2,0,2,0,16,37,11,64,0,16,39,11,66,76,90,166,232
09/18/2004,CYS,WY,ANM,WE,Federal Contract Tower,0,0,2,1,3,0,17,47,3,67,0,17,49,4,70,56,2,58,128
09/19/2004,CYS,WY,ANM,WE,Federal Contract Tower,0,0,2,0,2,0,12,37,0,49,0,12,39,0,51,39,0,39,90
09/20/2004,CYS,WY,ANM,WE,Federal Contract Tower,0,0,0,0,0,0,22,35,4,61,0,22,35,4,61,58,49,107,168
09/21/2004,CYS,WY,ANM,WE,Federal Contract Tower,0,3,7,4,14,0,19,23,0,42,0,22,30,4,56,17,0,17,73
09/22/2004,CYS,WY,ANM,WE,Federal Contract Tower,0,0,3,2,5,0,18,21,11,50,0,18,24,13,55,47,17,64,119
09/23/2004,CYS,WY,ANM,WE,Federal Contract Tower,0,2,3,3,8,0,18,48,4,70,0,20,51,7,78,96,87,183,261
09/24/2004,CYS,WY,ANM,WE,Federal Contract Tower,0,2,3,3,8,0,19,30,14,63,0,21,33,17,71,30,17,47,118
09/25/2004,CYS,WY,ANM,WE,Federal Contract Tower,0,0,2,1,3,0,9,52,0,61,0,9,54,1,64,60,0,60,124
09/26/2004,CYS,WY,ANM,WE,Federal Contract Tower,0,0,1,0,1,0,16,85,3,104,0,16,86,3,105,53,3,56,161
09/27/2004,CYS,WY,ANM,WE,Federal Contract Tower,0,0,3,2,5,0,25,45,4,74,0,25,48,6,79,37,46,83,162
09/28/2004,CYS,WY,ANM,WE,Federal Contract Tower,0,2,5,4,11,0,15,37,14,66,0,17,42,18,77,32,32,64,141
09/29/2004,CYS,WY,ANM,WE,Federal Contract Tower,0,2,5,5,12,0,20,64,20,104,0,22,69,25,116,87,69,156,272
09/30/2004,CYS,WY,ANM,WE,Federal Contract Tower,0,2,3,0,5,0,25,8,0,33,0,27,11,0,38,19,21,40,78
10/01/2004,CYS,WY,ANM,WE,Federal Contract Tower,0,12,4,9,25,0,13,11,14,38,0,25,15,23,63,30,17,47,110
10/02/2004,CYS,WY,ANM,WE,Federal Contract Tower,0,0,1,0,1,0,11,56,3,70,0,11,57,3,71,109,2,111,182
10/03/2004,CYS,WY,ANM,WE,Federal Contract Tower,0,0,2,2,4,0,11,82,9,102,0,11,84,11,106,84,17,101,207
10/04/2004,CYS,WY,ANM,WE,Federal Contract Tower,0,1,1,1,3,0,22,56,5,83,0,23,57,6,86,82,109,191,277
10/05/2004,CYS,WY,ANM,WE,Federal Contract Tower,0,1,2,5,8,0,23,56,16,95,0,24,58,21,103,103,63,166,269
10/06/2004,CYS,WY,ANM,WE,Federal Contract Tower,0,3,9,3,15,0,16,14,3,33,0,19,23,6,48,59,59,118,166
10/07/2004,CYS,WY,ANM,WE,Federal Contract Tower,0,3,4,4,11,0,20,19,9,48,0,23,23,13,59,72,93,165,224
10/08/2004,CYS,WY,ANM,WE,Federal Contract Tower,0,0,3,0,3,0,17,22,10,49,0,17,25,10,52,121,33,154,206
10/09/2004,CYS,WY,ANM,WE,Federal Contract Tower,0,0,7,0,7,0,9,92,5,106,0,9,99,5,113,78,0,78,191
10/10/2004,CYS,WY,ANM,WE,Federal Contract Tower,0,0,2,2,4,1,11,45,5,62,1,11,47,7,66,68,0,68,134
10/11/2004,CYS,WY,ANM,WE,Federal Contract Tower,0,0,2,1,3,0,17,35,6,58,0,17,37,7,61,36,0,36,97
10/12/2004,CYS,WY,ANM,WE,Federal Contract Tower,0,1,4,0,5,0,19,66,4,89,0,20,70,4,94,103,25,128,222
10/13/2004,CYS,WY,ANM,WE,Federal Contract Tower,0,0,0,1,1,0,38,46,3,87,0,38,46,4,88,26,26,52,140
10/14/2004,CYS,WY,ANM,WE,Federal Contract Tower,0,0,0,5,5,0,17,34,2,53,0,17,34,7,58,2,36,38,96
10/15/2004,CYS,WY,ANM,WE,Federal Contract Tower,0,9,4,0,13,0,10,8,0,18,0,19,12,0,31,0,0,0,31
10/16/2004,CYS,WY,ANM,WE,Federal Contract Tower,0,0,5,0,5,0,7,44,2,53,0,7,49,2,58,66,0,66,124
10/17/2004,CYS,WY,ANM,WE,Federal Contract Tower,0,0,2,0,2,0,10,47,0,57,0,10,49,0,59,61,0,61,120
10/18/2004,CYS,WY,ANM,WE,Federal Contract Tower,0,0,0,0,0,0,20,24,3,47,0,20,24,3,47,40,49,89,136
10/19/2004,CYS,WY,ANM,WE,Federal Contract Tower,0,0,2,6,8,0,18,27,9,54,0,18,29,15,62,21,51,72,134
10/20/2004,CYS,WY,ANM,WE,Federal Contract Tower,0,0,2,7,9,0,25,44,1,70,0,25,46,8,79,44,53,97,176
10/21/2004,CYS,WY,ANM,WE,Federal Contract Tower,0,4,5,5,14,0,21,22,12,55,0,25,27,17,69,84,32,116,185
10/22/2004,CYS,WY,ANM,WE,Federal Contract Tower,0,4,1,4,9,0,33,12,2,47,0,37,13,6,56,39,61,100,156
10/23/2004,CYS,WY,ANM,WE,Federal Contract Tower,0,0,2,2,4,0,14,35,3,52,0,14,37,5,56,40,2,42,98
10/24/2004,CYS,WY,ANM,WE,Federal Contract Tower,0,1,2,3,6,0,12,40,11,63,0,13,42,14,69,42,9,51,120
10/25/2004,CYS,WY,ANM,WE,Federal Contract Tower,0,3,11,0,14,0,13,30,14,57,0,16,41,14,71,7,84,91,162
10/26/2004,CYS,WY,ANM,WE,Federal Contract Tower,0,2,6,1,9,0,24,67,14,105,0,26,73,15,114,102,48,150,264
10/27/2004,CYS,WY,ANM,WE,Federal Contract Tower,0,3,4,3,10,0,13,17,3,33,0,16,21,6,43,31,109,140,183
10/28/2004,CYS,WY,ANM,WE,Federal Contract Tower,0,0,4,1,5,0,18,21,7,46,0,18,25,8,51,72,68,140,191
10/29/2004,CYS,WY,ANM,WE,Federal Contract Tower,0,0,1,0,1,0,24,19,13,56,0,24,20,13,57,8,6,14,71
10/30/2004,CYS,WY,ANM,WE,Federal Contract Tower,0,0,4,0,4,0,10,36,9,55,0,10,40,9,59,17,0,17,76
10/31/2004,CYS,WY,ANM,WE,Federal Contract Tower,0,3,0,0,3,0,11,30,0,41,0,14,30,0,44,42,0,42,86
11/01/2004,CYS,WY,ANM,WE,Federal Contract Tower,0,1,0,0,1,0,20,17,0,37,0,21,17,0,38,8,42,50,88
11/02/2004,CYS,WY,ANM,WE,Federal Contract Tower,0,0,0,1,1,0,21,24,1,46,0,21,24,2,47,48,55,103,150
11/03/2004,CYS,WY,ANM,WE,Federal Contract Tower,0,0,2,1,3,0,21,38,18,77,0,21,40,19,80,39,18,57,137
11/04/2004,CYS,WY,ANM,WE,Federal Contract Tower,0,0,1,2,3,0,21,26,11,58,0,21,27,13,61,90,99,189,250
11/05/2004,CYS,WY,ANM,WE,Federal Contract Tower,0,0,2,5,7,0,41,37,28,106,0,41,39,33,113,29,89,118,231
11/06/2004,CYS,WY,ANM,WE,Federal Contract Tower,0,0,2,0,2,0,20,31,0,51,0,20,33,0,53,66,31,97,150
11/07/2004,CYS,WY,ANM,WE,Federal Contract Tower,0,0,0,1,1,0,16,54,28,98,0,16,54,29,99,62,8,70,169
11/08/2004,CYS,WY,ANM,WE,Federal Contract Tower,0,0,2,1,3,0,21,61,10,92,0,21,63,11,95,78,34,112,207
11/09/2004,CYS,WY,ANM,WE,Federal Contract Tower,0,0,2,1,3,0,19,52,19,90,0,19,54,20,93,62,76,138,231
11/10/2004,CYS,WY,ANM,WE,Federal Contract Tower,0,8,1,1,10,0,13,2,5,20,0,21,3,6,30,0,4,4,34
11/11/2004,CYS,WY,ANM,WE,Federal Contract Tower,0,0,2,0,2,0,24,16,0,40,0,24,18,0,42,22,0,22,64
11/12/2004,CYS,WY,ANM,WE,Federal Contract Tower,0,0,5,0,5,2,23,36,0,61,2,23,41,0,66,21,12,33,99
11/13/2004,CYS,WY,ANM,WE,Federal Contract Tower,0,7,0,1,8,0,7,4,0,11,0,14,4,1,19,0,0,0,19
11/14/2004,CYS,WY,ANM,WE,Federal Contract Tower,0,1,4,0,5,0,10,8,0,18,0,11,12,0,23,88,1,89,112
11/15/2004,CYS,WY,ANM,WE,Federal Contract Tower,0,0,2,0,2,0,24,61,6,91,0,24,63,6,93,54,104,158,251
11/16/2004,CYS,WY,ANM,WE,Federal Contract Tower,0,2,2,2,6,0,18,48,4,70,0,20,50,6,76,103,17,120,196
11/17/2004,CYS,WY,ANM,WE,Federal Contract Tower,0,0,6,2,8,0,24,15,4,43,0,24,21,6,51,36,67,103,154
11/18/2004,CYS,WY,ANM,WE,Federal Contract Tower,0,0,4,1,5,0,20,15,3,38,0,20,19,4,43,94,46,140,183
11/19/2004,CYS,WY,ANM,WE,Federal Contract Tower,0,3,3,3,9,2,27,11,1,41,2,30,14,4,50,26,37,63,113
11/20/2004,CYS,WY,ANM,WE,Federal Contract Tower,0,9,0,0,9,0,7,0,0,7,0,16,0,0,16,0,0,0,16
11/21/2004,CYS,WY,ANM,WE,Federal Contract Tower,0,0,1,1,2,0,18,4,5,27,0,18,5,6,29,13,0,13,42
11/22/2004,CYS,WY,ANM,WE,Federal Contract Tower,0,0,3,1,4,0,19,36,8,63,0,19,39,9,67,17,21,38,105
11/23/2004,CYS,WY,ANM,WE,Federal Contract Tower,0,4,4,4,12,0,23,6,13,42,0,27,10,17,54,24,70,94,148
11/24/2004,CYS,WY,ANM,WE,Federal Contract Tower,0,0,2,0,2,0,22,22,4,48,0,22,24,4,50,39,15,54,104
11/25/2004,CYS,WY,ANM,WE,Federal Contract Tower,0,0,1,0,1,0,19,6,0,25,0,19,7,0,26,3,0,3,29
11/26/2004,CYS,WY,ANM,WE,Federal Contract Tower,0,9,0,0,9,0,11,1,0,12,0,20,1,0,21,0,0,0,21
11/27/2004,CYS,WY,ANM,WE,Federal Contract Tower,0,3,3,0,6,0,12,29,0,41,0,15,32,0,47,6,0,6,53
11/28/2004,CYS,WY,ANM,WE,Federal Contract Tower,0,4,0,0,4,0,0,0,0,0,0,4,0,0,4,0,0,0,4
11/29/2004,CYS,WY,ANM,WE,Federal Contract Tower,0,2,0,0,2,0,27,17,7,51,0,29,17,7,53,44,22,66,119
11/30/2004,CYS,WY,ANM,WE,Federal Contract Tower,0,2,2,3,7,0,33,22,7,62,0,35,24,10,69,21,63,84,153
12/01/2004,CYS,WY,ANM,WE,Federal Contract Tower,0,2,2,0,4,0,27,36,10,73,0,29,38,10,77,18,77,95,172
12/02/2004,CYS,WY,ANM,WE,Federal Contract Tower,0,1,2,7,10,0,25,34,2,61,0,26,36,9,71,43,42,85,156
12/03/2004,CYS,WY,ANM,WE,Federal Contract Tower,0,3,2,1,6,0,26,5,10,41,0,29,7,11,47,58,40,98,145
12/04/2004,CYS,WY,ANM,WE,Federal Contract Tower,0,1,5,0,6,0,16,61,12,89,0,17,66,12,95,96,10,106,201
12/05/2004,CYS,WY,ANM,WE,Federal Contract Tower,0,3,2,3,8,1,18,28,2,49,1,21,30,5,57,44,7,51,108
12/06/2004,CYS,WY,ANM,WE,Federal Contract Tower,0,6,0,1,7,0,25,23,0,48,0,31,23,1,55,23,36,59,114
12/07/2004,CYS,WY,ANM,WE,Federal Contract Tower,0,3,2,5,10,0,31,31,14,76,0,34,33,19,86,32,45,77,163
12/08/2004,CYS,WY,ANM,WE,Federal Contract Tower,0,4,2,2,8,0,30,28,10,68,0,34,30,12,76,46,35,81,157
12/09/2004,CYS,WY,ANM,WE,Federal Contract Tower,0,2,0,0,2,0,23,12,1,36,0,25,12,1,38,8,6,14,52
12/10/2004,CYS,WY,ANM,WE,Federal Contract Tower,0,0,1,0,1,0,28,31,2,61,0,28,32,2,62,7,0,7,69
12/11/2004,CYS,WY,ANM,WE,Federal Contract Tower,0,1,0,0,1,0,27,15,1,43,0,28,15,1,44,4,0,4,48
12/12/2004,CYS,WY,ANM,WE,Federal Contract Tower,0,2,2,0,4,0,16,30,2,48,0,18,32,2,52,85,2,87,139
12/13/2004,CYS,WY,ANM,WE,Federal Contract Tower,0,0,2,2,4,0,19,0,4,23,0,19,2,6,27,74,15,89,116
12/14/2004,CYS,WY,ANM,WE,Federal Contract Tower,0,0,6,4,10,0,23,58,21,102,0,23,64,25,112,63,43,106,218
12/15/2004,CYS,WY,ANM,WE,Federal Contract Tower,0,5,4,1,10,0,18,38,19,75,0,23,42,20,85,14,109,123,208
12/16/2004,CYS,WY,ANM,WE,Federal Contract Tower,0,1,11,2,14,0,59,27,6,92,0,60,38,8,106,32,19,51,157
12/17/2004,CYS,WY,ANM,WE,Federal Contract Tower,0,0,2,1,3,0,25,16,2,43,0,25,18,3,46,23,0,23,69
12/18/2004,CYS,WY,ANM,WE,Federal Contract Tower,0,0,0,0,0,0,16,21,7,44,0,16,21,7,44,30,1,31,75
12/19/2004,CYS,WY,ANM,WE,Federal Contract Tower,0,0,0,0,0,0,12,16,2,30,0,12,16,2,30,11,1,12,42
12/20/2004,CYS,WY,ANM,WE,Federal Contract Tower,0,1,0,0,1,0,20,13,2,35,0,21,13,2,36,4,18,22,58
12/21/2004,CYS,WY,ANM,WE,Federal Contract Tower,0,1,2,2,5,0,32,26,1,59,0,33,28,3,64,28,45,73,137
12/22/2004,CYS,WY,ANM,WE,Federal Contract Tower,0,8,1,1,10,0,21,7,1,29,0,29,8,2,39,1,34,35,74
12/23/2004,CYS,WY,ANM,WE,Federal Contract Tower,0,1,1,0,2,0,21,12,7,40,0,22,13,7,42,11,3,14,56
12/24/2004,CYS,WY,ANM,WE,Federal Contract Tower,0,1,2,0,3,0,15,6,0,21,0,16,8,0,24,12,0,12,36
12/25/2004,CYS,WY,ANM,WE,Federal Contract Tower,0,0,1,0,1,0,13,3,0,16,0,13,4,0,17,11,0,11,28
12/26/2004,CYS,WY,ANM,WE,Federal Contract Tower,0,0,2,0,2,0,13,9,0,22,0,13,11,0,24,50,0,50,74
12/27/2004,CYS,WY,ANM,WE,Federal Contract Tower,0,0,3,1,4,0,17,16,0,33,0,17,19,1,37,32,39,71,108
12/28/2004,CYS,WY,ANM,WE,Federal Contract Tower,0,0,0,0,0,0,22,16,0,38,0,22,16,0,38,45,20,65,103
12/29/2004,CYS,WY,ANM,WE,Federal Contract Tower,0,0,7,0,7,1,25,26,3,55,1,25,33,3,62,47,9,56,118
12/30/2004,CYS,WY,ANM,WE,Federal Contract Tower,0,0,1,0,1,0,21,6,2,29,0,21,7,2,30,4,0,4,34
12/31/2004,CYS,WY,ANM,WE,Federal Contract Tower,0,0,1,0,1,0,16,29,0,45,0,16,30,0,46,36,2,38,84
01/01/2005,CYS,WY,ANM,WE,Federal Contract Tower,0,0,1,0,1,0,9,2,0,11,0,9,3,0,12,0,0,0,12
01/02/2005,CYS,WY,ANM,WE,Federal Contract Tower,0,1,2,0,3,0,15,32,0,47,0,16,34,0,50,54,0,54,104
01/03/2005,CYS,WY,ANM,WE,Federal Contract Tower,0,6,2,0,8,0,38,27,4,69,0,44,29,4,77,67,15,82,159
01/04/2005,CYS,WY,ANM,WE,Federal Contract Tower,0,11,2,3,16,0,4,4,3,11,0,15,6,6,27,1,0,1,28
01/05/2005,CYS,WY,ANM,WE,Federal Contract Tower,0,5,3,0,8,0,23,11,3,37,0,28,14,3,45,3,36,39,84
01/06/2005,CYS,WY,ANM,WE,Federal Contract Tower,0,4,2,5,11,0,24,26,12,62,0,28,28,17,73,24,59,83,156
01/07/2005,CYS,WY,ANM,WE,Federal Contract Tower,0,1,0,2,3,0,19,41,4,64,0,20,41,6,67,55,25,80,147
01/08/2005,CYS,WY,ANM,WE,Federal Contract Tower,0,1,3,0,4,0,14,8,0,22,0,15,11,0,26,11,0,11,37
01/09/2005,CYS,WY,ANM,WE,Federal Contract Tower,0,4,2,2,8,0,17,22,4,43,0,21,24,6,51,21,1,22,73
01/10/2005,CYS,WY,ANM,WE,Federal Contract Tower,0,5,1,2,8,0,21,27,10,58,0,26,28,12,66,43,10,53,119
01/11/2005,CYS,WY,ANM,WE,Federal Contract Tower,0,2,0,0,2,0,10,13,1,24,0,12,13,1,26,2,22,24,50
01/12/2005,CYS,WY,ANM,WE,Federal Contract Tower,0,0,0,5,5,0,20,29,16,65,0,20,29,21,70,34,80,114,184
01/13/2005,CYS,WY,ANM,WE,Federal Contract Tower,0,9,13,3,25,0,32,52,2,86,0,41,65,5,111,35,94,129,240
01/14/2005,CYS,WY,ANM,WE,Federal Contract Tower,0,8,7,0,15,0,16,18,0,34,0,24,25,0,49,24,95,119,168
01/15/2005,CYS,WY,ANM,WE,Federal Contract Tower,0,0,3,1,4,0,17,5,0,22,0,17,8,1,26,43,2,45,71
01/16/2005,CYS,WY,ANM,WE,Federal Contract Tower,0,1,3,0,4,0,16,0,0,16,0,17,3,0,20,27,1,28,48
01/17/2005,CYS,WY,ANM,WE,Federal Contract Tower,0,1,6,0,7,0,16,24,1,41,0,17,30,1,48,56,0,56,104
01/18/2005,CYS,WY,ANM,WE,Federal Contract Tower,0,1,1,0,2,0,24,6,1,31,0,25,7,1,33,25,74,99,132
01/19/2005,CYS,WY,ANM,WE,Federal Contract Tower,0,1,1,2,4,0,15,12,7,34,0,16,13,9,38,28,51,79,117
01/20/2005,CYS,WY,ANM,WE,Federal Contract Tower,0,0,10,1,11,0,40,26,4,70,0,40,36,5,81,62,137,199,280
01/21/2005,CYS,WY,ANM,WE,Federal Contract Tower,0,1,0,4,5,0,30,32,12,74,0,31,32,16,79,12,40,52,131
01/22/2005,CYS,WY,ANM,WE,Federal Contract Tower,0,7,1,0,8,0,8,3,1,12,0,15,4,1,20,0,0,0,20
01/23/2005,CYS,WY,ANM,WE,Federal Contract Tower,0,0,3,0,3,0,1,1,2,4,0,1,4,2,7,82,0,82,89
01/24/2005,CYS,WY,ANM,WE,Federal Contract Tower,0,2,1,1,4,0,21,10,0,31,0,23,11,1,35,98,79,177,212
01/25/2005,CYS,WY,ANM,WE,Federal Contract Tower,0,1,3,1,5,0,33,44,0,77,0,34,47,1,82,100,94,194,276
01/26/2005,CYS,WY,ANM,WE,Federal Contract Tower,0,2,5,4,11,0,22,23,0,45,0,24,28,4,56,87,82,169,225
01/27/2005,CYS,WY,ANM,WE,Federal Contract Tower,0,6,1,2,9,0,14,10,9,33,0,20,11,11,42,33,18,51,93
01/28/2005,CYS,WY,ANM,WE,Federal Contract Tower,0,2,5,4,11,0,42,3,2,47,0,44,8,6,58,90,92,182,240
01/29/2005,CYS,WY,ANM,WE,Federal Contract Tower,0,2,2,0,4,0,10,31,5,46,0,12,33,5,50,52,4,56,106
01/30/2005,CYS,WY,ANM,WE,Federal Contract Tower,0,2,1,0,3,0,11,16,1,28,0,13,17,1,31,15,2,17,48
01/31/2005,CYS,WY,ANM,WE,Federal Contract Tower,0,1,4,0,5,0,18,11,3,32,0,19,15,3,37,55,22,77,114
02/01/2005,CYS,WY,ANM,WE,Federal Contract Tower,0,0,7,8,15,0,21,15,8,44,0,21,22,16,59,61,94,155,214
02/02/2005,CYS,WY,ANM,WE,Federal Contract Tower,0,2,2,9,13,0,27,13,15,55,0,29,15,24,68,95,58,153,221
02/03/2005,CYS,WY,ANM,WE,Federal Contract Tower,0,2,4,1,7,0,22,32,7,61,0,24,36,8,68,59,29,88,156
02/04/2005,CYS,WY,ANM,WE,Federal Contract Tower,0,1,5,5,11,0,19,55,10,84,0,20,60,15,95,149,41,190,285
02/05/2005,CYS,WY,ANM,WE,Federal Contract Tower,0,1,3,0,4,0,33,18,0,51,0,34,21,0,55,28,0,28,83
02/06/2005,CYS,WY,ANM,WE,Federal Contract Tower,0,1,4,7,12,0,12,0,2,14,0,13,4,9,26,3,1,4,30
02/07/2005,CYS,WY,ANM,WE,Federal Contract Tower,0,8,3,0,11,0,11,5,1,17,0,19,8,1,28,0,0,0,28
02/08/2005,CYS,WY,ANM,WE,Federal Contract Tower,0,3,4,5,12,0,12,20,5,37,0,15,24,10,49,12,34,46,95
02/09/2005,CYS,WY,ANM,WE,Federal Contract Tower,0,1,0,0,1,0,17,25,17,59,0,18,25,17,60,34,24,58,118
02/10/2005,CYS,WY,ANM,WE,Federal Contract Tower,0,2,2,3,7,0,28,40,14,82,0,30,42,17,89,76,39,115,204
02/11/2005,CYS,WY,ANM,WE,Federal Contract Tower,0,0,3,6,9,0,21,33,4,58,0,21,36,10,67,64,86,150,217
02/12/2005,CYS,WY,ANM,WE,Federal Contract Tower,0,0,8,0,8,0,28,27,13,68,0,28,35,13,76,61,21,82,158
02/13/2005,CYS,WY,ANM,WE,Federal Contract Tower,0,2,1,0,3,0,11,5,2,18,0,13,6,2,21,1,3,4,25
02/14/2005,CYS,WY,ANM,WE,Federal Contract Tower,0,1,0,1,2,0,16,5,3,24,0,17,5,4,26,3,75,78,104
02/15/2005,CYS,WY,ANM,WE,Federal Contract Tower,0,9,3,6,18,0,15,7,9,31,0,24,10,15,49,1,41,42,91
02/16/2005,CYS,WY,ANM,WE,Federal Contract Tower,0,4,6,3,13,0,21,33,14,68,0,25,39,17,81,121,83,204,285
02/17/2005,CYS,WY,ANM,WE,Federal Contract Tower,0,0,3,0,3,0,19,45,19,83,0,19,48,19,86,98,30,128,214
02/18/2005,CYS,WY,ANM,WE,Federal Contract Tower,0,2,3,2,7,0,14,33,1,48,0,16,36,3,55,104,0,104,159
02/19/2005,CYS,WY,ANM,WE,Federal Contract Tower,0,0,4,0,4,0,11,34,0,45,0,11,38,0,49,14,0,14,63
02/20/2005,CYS,WY,ANM,WE,Federal Contract Tower,0,0,1,0,1,2,9,48,2,61,2,9,49,2,62,34,0,34,96
02/21/2005,CYS,WY,ANM,WE,Federal Contract Tower,0,0,1,0,1,0,20,2,0,22,0,20,3,0,23,9,0,9,32
02/22/2005,CYS,WY,ANM,WE,Federal Contract Tower,0,3,3,2,8,0,15,9,16,40,0,18,12,18,48,39,45,84,132
02/23/2005,CYS,WY,ANM,WE,Federal Contract Tower,0,1,7,7,15,0,15,26,14,55,0,16,33,21,70,89,70,159,229
02/24/2005,CYS,WY,ANM,WE,Federal Contract Tower,0,0,3,7,10,0,16,37,19,72,0,16,40,26,82,52,37,89,171
02/25/2005,CYS,WY,ANM,WE,Federal Contract Tower,0,2,0,2,4,0,19,20,8,47,0,21,20,10,51,133,70,203,254
02/26/2005,CYS,WY,ANM,WE,Federal Contract Tower,0,0,6,0,6,0,16,53,3,72,0,16,59,3,78,159,6,165,243
02/27/2005,CYS,WY,ANM,WE,Federal Contract Tower,0,0,2,0,2,0,8,39,6,53,0,8,41,6,55,56,7,63,118
02/28/2005,CYS,WY,ANM,WE,Federal Contract Tower,0,3,0,2,5,0,11,20,9,40,0,14,20,11,45,40,12,52,97
03/01/2005,CYS,WY,ANM,WE,Federal Contract Tower,0,1,4,11,16,0,14,42,28,84,0,15,46,39,100,33,33,66,166
03/02/2005,CYS,WY,ANM,WE,Federal Contract Tower,0,0,9,2,11,0,20,49,21,90,0,20,58,23,101,43,7,50,151
03/03/2005,CYS,WY,ANM,WE,Federal Contract Tower,0,1,4,2,7,0,22,40,9,71,0,23,44,11,78,161,41,202,280
03/04/2005,CYS,WY,ANM,WE,Federal Contract Tower,0,0,3,1,4,0,19,31,5,55,0,19,34,6,59,126,15,141,200
03/05/2005,CYS,WY,ANM,WE,Federal Contract Tower,0,0,0,3,3,0,12,63,11,86,0,12,63,14,89,102,18,120,209
03/06/2005,CYS,WY,ANM,WE,Federal Contract Tower,0,0,2,0,2,0,10,27,2,39,0,10,29,2,41,34,4,38,79
03/07/2005,CYS,WY,ANM,WE,Federal Contract Tower,0,0,2,0,2,0,19,21,36,76,0,19,23,36,78,9,17,26,104
03/08/2005,CYS,WY,ANM,WE,Federal Contract Tower,0,0,0,0,0,0,12,18,10,40,0,12,18,10,40,2,52,54,94
03/09/2005,CYS,WY,ANM,WE,Federal Contract Tower,0,0,0,3,3,0,11,21,13,45,0,11,21,16,48,3,58,61,109
03/10/2005,CYS,WY,ANM,WE,Federal Contract Tower,0,0,1,0,1,0,18,12,12,42,0,18,13,12,43,8,34,42,85
03/11/2005,CYS,WY,ANM,WE,Federal Contract Tower,0,0,2,0,2,0,18,17,1,36,0,18,19,1,38,10,18,28,66
03/12/2005,CYS,WY,ANM,WE,Federal Contract Tower,0,2,1,0,3,0,9,16,4,29,0,11,17,4,32,1,0,1,33
03/13/2005,CYS,WY,ANM,WE,Federal Contract Tower,0,0,0,0,0,0,9,9,7,25,0,9,9,7,25,0,0,0,25
03/14/2005,CYS,WY,ANM,WE,Federal Contract Tower,0,0,1,3,4,0,15,33,28,76,0,15,34,31,80,41,9,50,130
03/15/2005,CYS,WY,ANM,WE,Federal Contract Tower,0,0,5,0,5,0,17,30,11,58,0,17,35,11,63,51,47,98,161
03/16/2005,CYS,WY,ANM,WE,Federal Contract Tower,0,1,2,1,4,0,18,28,29,75,0,19,30,30,79,13,12,25,104
03/17/2005,CYS,WY,ANM,WE,Federal Contract Tower,0,4,0,2,6,0,26,18,16,60,0,30,18,18,66,9,69,78,144
03/18/2005,CYS,WY,ANM,WE,Federal Contract Tower,0,3,3,4,10,0,11,16,12,39,0,14,19,16,49,63,7,70,119
03/19/2005,CYS,WY,ANM,WE,Federal Contract Tower,0,0,2,0,2,0,13,45,0,58,0,13,47,0,60,52,1,53,113
03/20/2005,CYS,WY,ANM,WE,Federal Contract Tower,0,0,3,0,3,0,8,19,2,29,0,8,22,2,32,67,0,67,99
03/21/2005,CYS,WY,ANM,WE,Federal Contract Tower,0,7,2,0,9,0,11,2,4,17,0,18,4,4,26,1,0,1,27
03/22/2005,CYS,WY,ANM,WE,Federal Contract Tower,0,3,3,3,9,0,20,29,16,65,0,23,32,19,74,112,40,152,226
03/23/2005,CYS,WY,ANM,WE,Federal Contract Tower,0,3,5,2,10,0,17,12,3,32,0,20,17,5,42,39,35,74,116
03/24/2005,CYS,WY,ANM,WE,Federal Contract Tower,0,4,3,3,10,0,9,2,5,16,0,13,5,8,26,13,34,47,73
03/25/2005,CYS,WY,ANM,WE,Federal Contract Tower,0,8,8,2,18,0,11,17,2,30,0,19,25,4,48,13,13,26,74
03/26/2005,CYS,WY,ANM,WE,Federal Contract Tower,0,2,1,0,3,0,11,5,0,16,0,13,6,0,19,47,0,47,66
03/27/2005,CYS,WY,ANM,WE,Federal Contract Tower,0,0,2,0,2,0,9,24,0,33,0,9,26,0,35,15,0,15,50
03/28/2005,CYS,WY,ANM,WE,Federal Contract Tower,0,0,3,1,4,0,11,17,16,44,0,11,20,17,48,11,73,84,132
03/29/2005,CYS,WY,ANM,WE,Federal Contract Tower,0,0,0,0,0,0,16,9,12,37,0,16,9,12,37,0,5,5,42
03/30/2005,CYS,WY,ANM,WE,Federal Contract Tower,0,7,3,2,12,0,21,18,8,47,0,28,21,10,59,6,57,63,122
03/31/2005,CYS,WY,ANM,WE,Federal Contract Tower,0,0,0,2,2,0,17,24,3,44,0,17,24,5,46,40,61,101,147
04/01/2005,CYS,WY,ANM,WE,Federal Contract Tower,0,0,0,0,0,0,14,13,0,27,0,14,13,0,27,68,116,184,211
04/02/2005,CYS,WY,ANM,WE,Federal Contract Tower,0,0,2,0,2,0,19,28,0,47,0,19,30,0,49,36,0,36,85
04/03/2005,CYS,WY,ANM,WE,Federal Contract Tower,0,0,1,0,1,0,12,40,3,55,0,12,41,3,56,105,10,115,171
04/04/2005,CYS,WY,ANM,WE,Federal Contract Tower,0,0,0,2,2,0,15,15,10,40,0,15,15,12,42,15,55,70,112
04/05/2005,CYS,WY,ANM,WE,Federal Contract Tower,0,0,0,0,0,0,16,6,8,30,0,16,6,8,30,7,35,42,72
04/06/2005,CYS,WY,ANM,WE,Federal Contract Tower,0,1,2,0,3,0,14,40,16,70,0,15,42,16,73,65,43,108,181
04/07/2005,CYS,WY,ANM,WE,Federal Contract Tower,0,1,2,2,5,0,16,38,9,63,0,17,40,11,68,84,36,120,188
04/08/2005,CYS,WY,ANM,WE,Federal Contract Tower,0,0,0,0,0,0,15,0,34,49,0,15,0,34,49,33,32,65,114
04/09/2005,CYS,WY,ANM,WE,Federal Contract Tower,0,1,6,0,7,0,16,14,4,34,0,17,20,4,41,39,21,60,101
04/10/2005,CYS,WY,ANM,WE,Federal Contract Tower,0,1,0,0,1,0,1,0,0,1,0,2,0,0,2,4,1,5,7
04/11/2005,CYS,WY,ANM,WE,Federal Contract Tower,0,0,0,1,1,0,14,19,17,50,0,14,19,18,51,2,7,9,60
04/12/2005,CYS,WY,ANM,WE,Federal Contract Tower,0,0,3,1,4,0,19,36,18,73,0,19,39,19,77,88,9,97,174
04/13/2005,CYS,WY,ANM,WE,Federal Contract Tower,0,0,1,0,1,0,16,32,20,68,0,16,33,20,69,16,3,19,88
04/14/2005,CYS,WY,ANM,WE,Federal Contract Tower,0,1,1,0,2,0,16,19,30,65,0,17,20,30,67,22,30,52,119
04/15/2005,CYS,WY,ANM,WE,Federal Contract Tower,0,0,4,0,4,0,11,28,12,51,0,11,32,12,55,123,14,137,192
04/16/2005,CYS,WY,ANM,WE,Federal Contract Tower,0,0,2,0,2,0,12,21,0,33,0,12,23,0,35,64,0,64,99
04/17/2005,CYS,WY,ANM,WE,Federal Contract Tower,0,0,4,0,4,0,8,47,3,58,0,8,51,3,62,88,2,90,152
04/18/2005,CYS,WY,ANM,WE,Federal Contract Tower,0,0,3,0,3,0,16,26,9,51,0,16,29,9,54,31,5,36,90
04/19/2005,CYS,WY,ANM,WE,Federal Contract Tower,0,2,2,1,5,0,21,28,7,56,0,23,30,8,61,20,44,64,125
04/20/2005,CYS,WY,ANM,WE,Federal Contract Tower,0,6,3,0,9,0,10,6,5,21,0,16,9,5,30,0,34,34,64
04/21/2005,CYS,WY,ANM,WE,Federal Contract Tower,0,3,1,3,7,0,23,12,12,47,0,26,13,15,54,19,22,41,95
04/22/2005,CYS,WY,ANM,WE,Federal Contract Tower,0,1,2,1,4,0,22,23,3,48,0,23,25,4,52,51,69,120,172
04/23/2005,CYS,WY,ANM,WE,Federal Contract Tower,0,0,2,2,4,0,13,35,6,54,0,13,37,8,58,112,12,124,182
04/24/2005,CYS,WY,ANM,WE,Federal Contract Tower,0,0,1,0,1,2,11,24,1,38,2,11,25,1,39,25,1,26,65
04/25/2005,CYS,WY,ANM,WE,Federal Contract Tower,0,0,0,4,4,2,21,27,8,58,2,21,27,12,62,4,30,34,96
04/26/2005,CYS,WY,ANM,WE,Federal Contract Tower,0,0,0,1,1,0,18,24,22,64,0,18,24,23,65,0,16,16,81
04/27/2005,CYS,WY,ANM,WE,Federal Contract Tower,0,4,4,0,8,2,19,18,0,39,2,23,22,0,47,7,23,30,77
04/28/2005,CYS,WY,ANM,WE,Federal Contract Tower,0,9,4,1,14,0,13,0,3,16,0,22,4,4,30,2,1,3,33
04/29/2005,CYS,WY,ANM,WE,Federal Contract Tower,0,3,1,0,4,0,16,14,0,30,0,19,15,0,34,30,45,75,109
04/30/2005,CYS,WY,ANM,WE,Federal Contract Tower,0,3,0,0,3,0,9,7,1,17,0,12,7,1,20,6,0,6,26
05/01/2005,CYS,WY,ANM,WE,Federal Contract Tower,0,2,2,0,4,0,16,17,1,34,0,18,19,1,38,27,5,32,70
05/02/2005,CYS,WY,ANM,WE,Federal Contract Tower,0,0,0,4,4,0,14,19,4,37,0,14,19,8,41,55,136,191,232
05/03/2005,CYS,WY,ANM,WE,Federal Contract Tower,0,1,3,1,5,0,17,16,0,33,0,18,19,1,38,27,5,32,70
05/04/2005,CYS,WY,ANM,WE,Federal Contract Tower,0,1,4,0,5,0,16,40,11,67,0,17,44,11,72,32,36,68,140
05/05/2005,CYS,WY,ANM,WE,Federal Contract Tower,0,1,3,4,8,0,21,25,10,56,0,22,28,14,64,67,34,101,165
05/06/2005,CYS,WY,ANM,WE,Federal Contract Tower,0,0,2,0,2,0,20,31,4,55,0,20,33,4,57,97,35,132,189
05/07/2005,CYS,WY,ANM,WE,Federal Contract Tower,0,1,0,0,1,0,16,3,5,24,0,17,3,5,25,24,0,24,49
05/08/2005,CYS,WY,ANM,WE,Federal Contract Tower,0,0,0,0,0,0,11,11,0,22,0,11,11,0,22,3,1,4,26
05/09/2005,CYS,WY,ANM,WE,Federal Contract Tower,0,0,2,4,6,0,17,57,9,83,0,17,59,13,89,115,67,182,271
05/10/2005,CYS,WY,ANM,WE,Federal Contract Tower,0,6,5,2,13,0,20,26,14,60,0,26,31,16,73,40,24,64,137
05/11/2005,CYS,WY,ANM,WE,Federal Contract Tower,0,3,3,0,6,0,6,5,0,11,0,9,8,0,17,0,1,1,18
05/12/2005,CYS,WY,ANM,WE,Federal Contract Tower,0,0,1,2,3,0,25,10,38,73,0,25,11,40,76,14,29,43,119
05/13/2005,CYS,WY,ANM,WE,Federal Contract Tower,0,0,1,1,2,0,17,50,11,78,0,17,51,12,80,37,50,87,167
05/14/2005,CYS,WY,ANM,WE,Federal Contract Tower,0,0,1,0,1,1,10,11,10,32,1,10,12,10,33,86,7,93,126
05/15/2005,CYS,WY,ANM,WE,Federal Contract Tower,0,0,0,1,1,0,12,74,12,98,0,12,74,13,99,121,4,125,224
05/16/2005,CYS,WY,ANM,WE,Federal Contract Tower,0,0,1,1,2,0,12,46,4,62,0,12,47,5,64,41,63,104,168
05/17/2005,CYS,WY,ANM,WE,Federal Contract Tower,0,0,0,1,1,0,18,14,11,43,0,18,14,12,44,7,51,58,102
05/18/2005,CYS,WY,ANM,WE,Federal Contract Tower,0,0,0,0,0,0,19,41,12,72,0,19,41,12,72,51,67,118,190
05/19/2005,CYS,WY,ANM,WE,Federal Contract Tower,0,0,2,0,2,0,23,47,12,82,0,23,49,12,84,64,41,105,189
05/20/2005,CYS,WY,ANM,WE,Federal Contract Tower,0,0,3,2,5,0,18,62,5,85,0,18,65,7,90,56,62,118,208
05/21/2005,CYS,WY,ANM,WE,Federal Contract Tower,0,0,0,1,1,0,10,49,8,67,0,10,49,9,68,27,34,61,129
05/22/2005,CYS,WY,ANM,WE,Federal Contract Tower,0,0,4,0,4,0,7,23,9,39,0,7,27,9,43,61,6,67,110
05/23/2005,CYS,WY,ANM,WE,Federal Contract Tower,0,1,1,0,2,0,23,32,1,56,0,24,33,1,58,16,35,51,109
05/24/2005,CYS,WY,ANM,WE,Federal Contract Tower,0,0,0,3,3,0,14,52,7,73,0,14,52,10,76,79,63,142,218
05/25/2005,CYS,WY,ANM,WE,Federal Contract Tower,0,0,0,3,3,0,19,38,5,62,0,19,38,8,65,114,128,242,307
05/26/2005,CYS,WY,ANM,WE,Federal Contract Tower,0,1,1,0,2,0,15,35,9,59,0,16,36,9,61,111,18,129,190
05/27/2005,CYS,WY,ANM,WE,Federal Contract Tower,0,1,3,0,4,0,16,52,1,69,0,17,55,1,73,22,0,22,95
05/28/2005,CYS,WY,ANM,WE,Federal Contract Tower,0,1,1,0,2,0,19,59,5,83,0,20,60,5,85,67,9,76,161
05/29/2005,CYS,WY,ANM,WE,Federal Contract Tower,0,2,3,0,5,0,5,18,0,23,0,7,21,0,28,26,2,28,56
05/30/2005,CYS,WY,ANM,WE,Federal Contract Tower,0,5,5,0,10,0,8,0,0,8,0,13,5,0,18,4,1,5,23
05/31/2005,CYS,WY,ANM,WE,Federal Contract Tower,0,3,0,0,3,0,33,33,11,77,0,36,33,11,80,32,31,63,143
06/01/2005,CYS,WY,ANM,WE,Federal Contract Tower,0,0,0,3,3,0,20,25,20,65,0,20,25,23,68,21,0,21,89
06/02/2005,CYS,WY,ANM,WE,Federal Contract Tower,0,0,1,0,1,0,22,32,0,54,0,22,33,0,55,66,35,101,156
06/03/2005,CYS,WY,ANM,WE,Federal Contract Tower,0,2,2,0,4,2,38,74,1,115,2,40,76,1,119,91,88,179,298
06/04/2005,CYS,WY,ANM,WE,Federal Contract Tower,0,2,0,0,2,0,12,7,0,19,0,14,7,0,21,2,0,2,23
06/05/2005,CYS,WY,ANM,WE,Federal Contract Tower,0,0,1,0,1,0,12,49,10,71,0,12,50,10,72,111,12,123,195
06/06/2005,CYS,WY,ANM,WE,Federal Contract Tower,0,0,1,0,1,0,16,40,15,71,0,16,41,15,72,71,12,83,155
06/07/2005,CYS,WY,ANM,WE,Federal Contract Tower,0,0,0,0,0,0,17,103,29,149,0,17,103,29,149,66,161,227,376
06/08/2005,CYS,WY,ANM,WE,Federal Contract Tower,0,0,0,2,2,1,23,64,19,107,1,23,64,21,109,51,132,183,292
06/09/2005,CYS,WY,ANM,WE,Federal Contract Tower,0,0,1,0,1,1,17,37,11,66,1,17,38,11,67,21,45,66,133
06/10/2005,CYS,WY,ANM,WE,Federal Contract Tower,1,3,3,3,10,1,18,15,1,35,2,21,18,4,45,57,94,151,196
06/11/2005,CYS,WY,ANM,WE,Federal Contract Tower,0,1,0,0,1,0,16,47,7,70,0,17,47,7,71,95,10,105,176
06/12/2005,CYS,WY,ANM,WE,Federal Contract Tower,1,2,0,0,3,0,9,1,0,10,1,11,1,0,13,3,1,4,17
06/13/2005,CYS,WY,ANM,WE,Federal Contract Tower,0,0,5,0,5,1,18,39,2,60,1,18,44,2,65,19,15,34,99
06/14/2005,CYS,WY,ANM,WE,Federal Contract Tower,0,0,0,0,0,0,24,40,16,80,0,24,40,16,80,135,107,242,322
06/15/2005,CYS,WY,ANM,WE,Federal Contract Tower,0,0,6,4,10,1,21,72,21,115,1,21,78,25,125,125,167,292,417
06/16/2005,CYS,WY,ANM,WE,Federal Contract Tower,0,0,4,10,14,0,23,60,12,95,0,23,64,22,109,65,78,143,252
06/17/2005,CYS,WY,ANM,WE,Federal Contract Tower,0,0,5,2,7,0,16,12,0,28,0,16,17,2,35,102,93,195,230
06/18/2005,CYS,WY,ANM,WE,Federal Contract Tower,0,0,2,0,2,0,9,26,2,37,0,9,28,2,39,70,0,70,109
06/19/2005,CYS,WY,ANM,WE,Federal Contract Tower,0,0,0,0,0,0,12,47,0,59,0,12,47,0,59,85,0,85,144
06/20/2005,CYS,WY,ANM,WE,Federal Contract Tower,0,2,7,1,10,0,16,60,11,87,0,18,67,12,97,62,52,114,211
06/21/2005,CYS,WY,ANM,WE,Federal Contract Tower,0,5,4,9,18,2,21,36,0,59,2,26,40,9,77,100,122,222,299
06/22/2005,CYS,WY,ANM,WE,Federal Contract Tower,0,0,1,2,3,0,19,40,7,66,0,19,41,9,69,63,37,100,169
06/23/2005,CYS,WY,ANM,WE,Federal Contract Tower,0,0,0,2,2,0,21,82,9,112,0,21,82,11,114,53,73,126,240
06/24/2005,CYS,WY,ANM,WE,Federal Contract Tower,0,0,3,0,3,0,16,31,2,49,0,16,34,2,52,72,11,83,135
06/25/2005,CYS,WY,ANM,WE,Federal Contract Tower,0,0,2,0,2,0,11,47,1,59,0,11,49,1,61,43,2,45,106
06/26/2005,CYS,WY,ANM,WE,Federal Contract Tower,0,0,0,0,0,11,13,37,3,64,11,13,37,3,64,47,0,47,111
06/27/2005,CYS,WY,ANM,WE,Federal Contract Tower,0,1,2,1,4,0,18,67,11,96,0,19,69,12,100,68,51,119,219
06/28/2005,CYS,WY,ANM,WE,Federal Contract Tower,0,0,1,6,7,2,15,57,4,78,2,15,58,10,85,123,77,200,285
06/29/2005,CYS,WY,ANM,WE,Federal Contract Tower,0,0,0,0,0,0,16,44,20,80,0,16,44,20,80,5,86,91,171
06/30/2005,CYS,WY,ANM,WE,Federal Contract Tower,0,0,3,1,4,0,16,73,8,97,0,16,76,9,101,120,118,238,339
07/01/2005,CYS,WY,ANM,WE,Federal Contract Tower,0,0,2,1,3,0,14,63,1,78,0,14,65,2,81,108,4,112,193
07/02/2005,CYS,WY,ANM,WE,Federal Contract Tower,0,0,5,0,5,0,15,35,3,53,0,15,40,3,58,94,0,94,152
07/03/2005,CYS,WY,ANM,WE,Federal Contract Tower,1,0,2,0,3,3,7,38,2,50,4,7,40,2,53,15,0,15,68
07/04/2005,CYS,WY,ANM,WE,Federal Contract Tower,0,1,1,0,2,0,19,36,2,57,0,20,37,2,59,17,0,17,76
07/05/2005,CYS,WY,ANM,WE,Federal Contract Tower,0,0,0,4,4,0,18,37,8,63,0,18,37,12,67,73,75,148,215
07/06/2005,CYS,WY,ANM,WE,Federal Contract Tower,0,0,2,2,4,0,13,57,12,82,0,13,59,14,86,144,14,158,244
07/07/2005,CYS,WY,ANM,WE,Federal Contract Tower,0,0,5,2,7,0,22,58,6,86,0,22,63,8,93,83,45,128,221
07/08/2005,CYS,WY,ANM,WE,Federal Contract Tower,0,0,5,2,7,3,21,52,1,77,3,21,57,3,84,78,39,117,201
07/09/2005,CYS,WY,ANM,WE,Federal Contract Tower,0,0,0,0,0,15,10,89,24,138,15,10,89,24,138,58,4,62,200
07/10/2005,CYS,WY,ANM,WE,Federal Contract Tower,0,0,2,1,3,0,27,44,0,71,0,27,46,1,74,55,38,93,167
07/11/2005,CYS,WY,ANM,WE,Federal Contract Tower,0,0,6,2,8,0,13,31,11,55,0,13,37,13,63,46,47,93,156
07/12/2005,CYS,WY,ANM,WE,Federal Contract Tower,0,0,2,3,5,0,10,47,5,62,0,10,49,8,67,65,46,111,178
07/13/2005,CYS,WY,ANM,WE,Federal Contract Tower,0,0,6,4,10,0,15,58,2,75,0,15,64,6,85,111,96,207,292
07/14/2005,CYS,WY,ANM,WE,Federal Contract Tower,0,0,1,0,1,0,14,78,4,96,0,14,79,4,97,81,45,126,223
07/15/2005,CYS,WY,ANM,WE,Federal Contract Tower,0,0,2,7,9,0,11,52,12,75,0,11,54,19,84,46,103,149,233
07/16/2005,CYS,WY,ANM,WE,Federal Contract Tower,0,0,9,1,10,0,11,65,0,76,0,11,74,1,86,82,27,109,195
07/17/2005,CYS,WY,ANM,WE,Federal Contract Tower,0,0,0,1,1,0,11,47,5,63,0,11,47,6,64,2,4,6,70
07/18/2005,CYS,WY,ANM,WE,Federal Contract Tower,0,0,0,2,2,0,11,33,0,44,0,11,33,2,46,93,33,126,172
07/19/2005,CYS,WY,ANM,WE,Federal Contract Tower,0,0,4,0,4,0,14,77,3,94,0,14,81,3,98,125,36,161,259
07/20/2005,CYS,WY,ANM,WE,Federal Contract Tower,0,0,1,0,1,0,31,72,8,111,0,31,73,8,112,75,88,163,275
07/21/2005,CYS,WY,ANM,WE,Federal Contract Tower,0,0,3,3,6,0,14,58,12,84,0,14,61,15,90,110,51,161,251
07/22/2005,CYS,WY,ANM,WE,Federal Contract Tower,0,0,1,0,1,0,17,84,8,109,0,17,85,8,110,48,25,73,183
07/23/2005,CYS,WY,ANM,WE,Federal Contract Tower,0,0,2,1,3,0,11,54,1,66,0,11,56,2,69,61,13,74,143
07/24/2005,CYS,WY,ANM,WE,Federal Contract Tower,0,0,2,2,4,0,13,67,18,98,0,13,69,20,102,65,50,115,217
07/25/2005,CYS,WY,ANM,WE,Federal Contract Tower,0,0,1,1,2,0,24,53,6,83,0,24,54,7,85,68,51,119,204
07/26/2005,CYS,WY,ANM,WE,Federal Contract Tower,0,2,11,9,22,0,15,53,12,80,0,17,64,21,102,97,153,250,352
07/27/2005,CYS,WY,ANM,WE,Federal Contract Tower,0,0,4,1,5,0,15,67,12,94,0,15,71,13,99,98,46,144,243
07/28/2005,CYS,WY,ANM,WE,Federal Contract Tower,0,3,7,4,14,0,14,129,28,171,0,17,136,32,185,146,42,188,373
07/29/2005,CYS,WY,ANM,WE,Federal Contract Tower,0,0,5,1,6,0,6,73,21,100,0,6,78,22,106,203,59,262,368
07/30/2005,CYS,WY,ANM,WE,Federal Contract Tower,0,0,3,0,3,0,13,43,11,67,0,13,46,11,70,132,31,163,233
07/31/2005,CYS,WY,ANM,WE,Federal Contract Tower,0,0,2,0,2,0,17,37,6,60,0,17,39,6,62,110,13,123,185
08/01/2005,CYS,WY,ANM,WE,Federal Contract Tower,0,0,2,2,4,0,27,43,9,79,0,27,45,11,83,65,47,112,195
08/02/2005,CYS,WY,ANM,WE,Federal Contract Tower,0,0,1,4,5,0,10,28,5,43,0,10,29,9,48,130,76,206,254
08/03/2005,CYS,WY,ANM,WE,Federal Contract Tower,0,0,2,2,4,14,22,40,17,93,14,22,42,19,97,54,18,72,169
08/04/2005,CYS,WY,ANM,WE,Federal Contract Tower,0,4,19,1,24,0,10,35,10,55,0,14,54,11,79,8,5,13,92
08/05/2005,CYS,WY,ANM,WE,Federal Contract Tower,0,1,1,2,4,0,12,41,7,60,0,13,42,9,64,79,22,101,165
08/06/2005,CYS,WY,ANM,WE,Federal Contract Tower,0,0,0,0,0,0,10,43,7,60,0,10,43,7,60,88,2,90,150
08/07/2005,CYS,WY,ANM,WE,Federal Contract Tower,0,0,1,1,2,0,10,45,13,68,0,10,46,14,70,27,23,50,120
08/08/2005,CYS,WY,ANM,WE,Federal Contract Tower,0,0,0,0,0,0,14,36,3,53,0,14,36,3,53,50,32,82,135
08/09/2005,CYS,WY,ANM,WE,Federal Contract Tower,0,4,3,2,9,0,19,56,6,81,0,23,59,8,90,26,26,52,142
08/10/2005,CYS,WY,ANM,WE,Federal Contract Tower,0,0,0,3,3,0,12,34,9,55,0,12,34,12,58,139,80,219,277
08/11/2005,CYS,WY,ANM,WE,Federal Contract Tower,0,1,3,13,17,0,18,60,1,79,0,19,63,14,96,114,105,219,315
08/12/2005,CYS,WY,ANM,WE,Federal Contract Tower,0,3,9,5,17,0,6,27,3,36,0,9,36,8,53,92,37,129,182
08/13/2005,CYS,WY,ANM,WE,Federal Contract Tower,0,7,5,0,12,0,6,14,3,23,0,13,19,3,35,0,0,0,35
08/14/2005,CYS,WY,ANM,WE,Federal Contract Tower,0,1,10,0,11,0,7,26,10,43,0,8,36,10,54,18,2,20,74
08/15/2005,CYS,WY,ANM,WE,Federal Contract Tower,0,6,5,20,31,0,13,33,32,78,0,19,38,52,109,71,103,174,283
08/16/2005,CYS,WY,ANM,WE,Federal Contract Tower,0,0,7,20,27,0,17,45,3,65,0,17,52,23,92,63,121,184,276
08/17/2005,CYS,WY,ANM,WE,Federal Contract Tower,0,0,2,3,5,0,16,67,12,95,0,16,69,15,100,58,132,190,290
08/18/2005,CYS,WY,ANM,WE,Federal Contract Tower,0,0,8,4,12,0,12,56,15,83,0,12,64,19,95,157,59,216,311
08/19/2005,CYS,WY,ANM,WE,Federal Contract Tower,0,1,1,1,3,0,14,35,0,49,0,15,36,1,52,136,10,146,198
08/20/2005,CYS,WY,ANM,WE,Federal Contract Tower,0,0,11,2,13,0,12,46,0,58,0,12,57,2,71,80,8,88,159
08/21/2005,CYS,WY,ANM,WE,Federal Contract Tower,0,0,21,0,21,0,6,55,8,69,0,6,76,8,90,23,1,24,114
08/22/2005,CYS,WY,ANM,WE,Federal Contract Tower,0,1,15,1,17,0,18,27,7,52,0,19,42,8,69,64,96,160,229
08/23/2005,CYS,WY,ANM,WE,Federal Contract Tower,0,0,12,7,19,0,17,22,1,40,0,17,34,8,59,103,160,263,322
08/24/2005,CYS,WY,ANM,WE,Federal Contract Tower,0,0,4,12,16,0,13,48,19,80,0,13,52,31,96,39,71,110,206
08/25/2005,CYS,WY,ANM,WE,Federal Contract Tower,0,0,5,2,7,0,14,51,16,81,0,14,56,18,88,69,80,149,237
08/26/2005,CYS,WY,ANM,WE,Federal Contract Tower,0,0,0,3,3,2,14,71,9,96,2,14,71,12,99,58,34,92,191
08/27/2005,CYS,WY,ANM,WE,Federal Contract Tower,0,0,8,0,8,2,12,21,2,37,2,12,29,2,45,41,0,41,86
08/28/2005,CYS,WY,ANM,WE,Federal Contract Tower,0,0,0,1,1,0,8,35,0,43,0,8,35,1,44,62,3,65,109
08/29/2005,CYS,WY,ANM,WE,Federal Contract Tower,0,4,1,9,14,0,21,27,12,60,0,25,28,21,74,31,76,107,181
08/30/2005,CYS,WY,ANM,WE,Federal Contract Tower,0,0,3,11,14,0,14,16,5,35,0,14,19,16,49,42,160,202,251
08/31/2005,CYS,WY,ANM,WE,Federal Contract Tower,0,0,1,3,4,0,18,37,4,59,0,18,38,7,63,59,28,87,150
09/01/2005,CYS,WY,ANM,WE,Federal Contract Tower,0,0,10,1,11,0,12,34,14,60,0,12,44,15,71,45,16,61,132
09/02/2005,CYS,WY,ANM,WE,Federal Contract Tower,0,0,1,0,1,0,14,29,14,57,0,14,30,14,58,40,0,40,98
09/03/2005,CYS,WY,ANM,WE,Federal Contract Tower,0,0,3,1,4,2,12,54,1,69,2,12,57,2,73,40,4,44,117
09/04/2005,CYS,WY,ANM,WE,Federal Contract Tower,0,0,1,0,1,0,9,27,6,42,0,9,28,6,43,16,0,16,59
09/05/2005,CYS,WY,ANM,WE,Federal Contract Tower,0,0,5,1,6,0,15,36,10,61,0,15,41,11,67,62,2,64,131
09/06/2005,CYS,WY,ANM,WE,Federal Contract Tower,0,0,0,0,0,0,28,44,5,77,0,28,44,5,77,100,27,127,204
09/07/2005,CYS,WY,ANM,WE,Federal Contract Tower,0,0,2,5,7,0,12,55,4,71,0,12,57,9,78,99,63,162,240
09/08/2005,CYS,WY,ANM,WE,Federal Contract Tower,0,0,0,1,1,0,11,33,8,52,0,11,33,9,53,31,21,52,105
09/09/2005,CYS,WY,ANM,WE,Federal Contract Tower,0,0,2,2,4,1,10,16,2,29,1,10,18,4,33,61,18,79,112
09/10/2005,CYS,WY,ANM,WE,Federal Contract Tower,0,0,1,0,1,1,11,13,3,28,1,11,14,3,29,26,12,38,67
09/11/2005,CYS,WY,ANM,WE,Federal Contract Tower,0,0,4,0,4,0,7,68,19,94,0,7,72,19,98,14,2,16,114
09/12/2005,CYS,WY,ANM,WE,Federal Contract Tower,0,0,1,2,3,0,16,36,5,57,0,16,37,7,60,56,21,77,137
09/13/2005,CYS,WY,ANM,WE,Federal Contract Tower,0,0,0,6,6,0,17,26,0,43,0,17,26,6,49,79,100,179,228
09/14/2005,CYS,WY,ANM,WE,Federal Contract Tower,0,0,5,9,14,2,13,54,26,95,2,13,59,35,109,28,37,65,174
09/15/2005,CYS,WY,ANM,WE,Federal Contract Tower,0,0,4,0,4,0,11,51,9,71,0,11,55,9,75,49,2,51,126
09/16/2005,CYS,WY,ANM,WE,Federal Contract Tower,0,0,1,3,4,0,14,39,8,61,0,14,40,11,65,110,42,152,217
09/17/2005,CYS,WY,ANM,WE,Federal Contract Tower,0,1,6,0,7,0,15,26,2,43,0,16,32,2,50,51,11,62,112
09/18/2005,CYS,WY,ANM,WE,Federal Contract Tower,0,0,1,0,1,0,15,22,0,37,0,15,23,0,38,107,0,107,145
09/19/2005,CYS,WY,ANM,WE,Federal Contract Tower,0,0,2,0,2,0,14,51,10,75,0,14,53,10,77,47,41,88,165
09/20/2005,CYS,WY,ANM,WE,Federal Contract Tower,0,0,4,7,11,0,12,38,4,54,0,12,42,11,65,106,115,221,286
09/21/2005,CYS,WY,ANM,WE,Federal Contract Tower,0,0,1,8,9,0,13,12,0,25,0,13,13,8,34,123,56,179,213
09/22/2005,CYS,WY,ANM,WE,Federal Contract Tower,0,4,7,16,27,0,6,21,16,43,0,10,28,32,70,33,86,119,189
09/23/2005,CYS,WY,ANM,WE,Federal Contract Tower,0,3,0,7,10,2,14,24,11,51,2,17,24,18,61,26,23,49,110
09/24/2005,CYS,WY,ANM,WE,Federal Contract Tower,0,3,3,1,7,0,5,2,4,11,0,8,5,5,18,5,0,5,23
09/25/2005,CYS,WY,ANM,WE,Federal Contract Tower,0,0,6,0,6,0,10,25,1,36,0,10,31,1,42,30,0,30,72
09/26/2005,CYS,WY,ANM,WE,Federal Contract Tower,1,6,3,4,14,1,14,45,0,60,2,20,48,4,74,58,70,128,202
09/27/2005,CYS,WY,ANM,WE,Federal Contract Tower,0,4,2,3,9,0,16,27,6,49,0,20,29,9,58,58,39,97,155
09/28/2005,CYS,WY,ANM,WE,Federal Contract Tower,0,2,4,4,10,0,17,17,10,44,0,19,21,14,54,37,83,120,174
09/29/2005,CYS,WY,ANM,WE,Federal Contract Tower,0,0,3,7,10,0,13,64,21,98,0,13,67,28,108,105,41,146,254
09/30/2005,CYS,WY,ANM,WE,Federal Contract Tower,0,2,3,3,8,0,27,36,13,76,0,29,39,16,84,51,138,189,273
10/01/2005,CYS,WY,ANM,WE,Federal Contract Tower,0,0,4,0,4,0,16,42,2,60,0,16,46,2,64,40,10,50,114
10/02/2005,CYS,WY,ANM,WE,Federal Contract Tower,0,0,0,0,0,0,8,18,6,32,0,8,18,6,32,35,28,63,95
10/03/2005,CYS,WY,ANM,WE,Federal Contract Tower,0,0,0,4,4,0,17,30,7,54,0,17,30,11,58,46,82,128,186
10/04/2005,CYS,WY,ANM,WE,Federal Contract Tower,0,3,4,10,17,0,10,12,14,36,0,13,16,24,53,0,19,19,72
10/05/2005,CYS,WY,ANM,WE,Federal Contract Tower,0,3,3,11,17,0,16,41,20,77,0,19,44,31,94,10,97,107,201
10/06/2005,CYS,WY,ANM,WE,Federal Contract Tower,0,0,1,9,10,0,13,20,13,46,0,13,21,22,56,73,59,132,188
10/07/2005,CYS,WY,ANM,WE,Federal Contract Tower,0,0,1,3,4,0,23,40,1,64,0,23,41,4,68,55,34,89,157
10/08/2005,CYS,WY,ANM,WE,Federal Contract Tower,0,0,1,1,2,2,11,41,1,55,2,11,42,2,57,91,3,94,151
10/09/2005,CYS,WY,ANM,WE,Federal Contract Tower,0,4,3,0,7,0,4,3,0,7,0,8,6,0,14,0,0,0,14
10/10/2005,CYS,WY,ANM,WE,Federal Contract Tower,0,5,4,0,9,0,7,2,1,10,0,12,6,1,19,3,0,3,22
10/11/2005,CYS,WY,ANM,WE,Federal Contract Tower,0,3,8,11,22,0,18,31,3,52,0,21,39,14,74,42,231,273,347
10/12/2005,CYS,WY,ANM,WE,Federal Contract Tower,0,0,8,5,13,0,14,32,3,49,0,14,40,8,62,39,147,186,248
10/13/2005,CYS,WY,ANM,WE,Federal Contract Tower,0,0,2,4,6,0,16,49,0,65,0,16,51,4,71,58,80,138,209
10/14/2005,CYS,WY,ANM,WE,Federal Contract Tower,0,0,5,1,6,0,13,42,5,60,0,13,47,6,66,117,46,163,229
10/15/2005,CYS,WY,ANM,WE,Federal Contract Tower,0,0,0,0,0,0,13,43,0,56,0,13,43,0,56,149,2,151,207
10/16/2005,CYS,WY,ANM,WE,Federal Contract Tower,0,0,3,0,3,0,15,29,1,45,0,15,32,1,48,63,0,63,111
10/17/2005,CYS,WY,ANM,WE,Federal Contract Tower,0,0,2,0,2,0,12,42,0,54,0,12,44,0,56,81,0,81,137
10/18/2005,CYS,WY,ANM,WE,Federal Contract Tower,0,0,2,7,9,0,17,24,7,48,0,17,26,14,57,80,99,179,236
10/19/2005,CYS,WY,ANM,WE,Federal Contract Tower,0,3,8,14,25,0,14,25,0,39,0,17,33,14,64,20,51,71,135
10/20/2005,CYS,WY,ANM,WE,Federal Contract Tower,0,0,8,14,22,0,18,31,0,49,0,18,39,14,71,68,115,183,254
10/21/2005,CYS,WY,ANM,WE,Federal Contract Tower,0,3,5,6,14,0,13,11,0,24,0,16,16,6,38,42,104,146,184
10/22/2005,CYS,WY,ANM,WE,Federal Contract Tower,0,0,6,0,6,0,20,23,0,43,0,20,29,0,49,94,0,94,143
10/23/2005,CYS,WY,ANM,WE,Federal Contract Tower,0,1,3,1,5,1,10,11,1,23,1,11,14,2,28,57,1,58,86
10/24/2005,CYS,WY,ANM,WE,Federal Contract Tower,0,0,2,6,8,0,8,18,0,26,0,8,20,6,34,77,95,172,206
10/25/2005,CYS,WY,ANM,WE,Federal Contract Tower,0,0,11,4,15,0,10,8,5,23,0,10,19,9,38,88,46,134,172
10/26/2005,CYS,WY,ANM,WE,Federal Contract Tower,0,0,3,8,11,2,17,59,9,87,2,17,62,17,98,81,130,211,309
10/27/2005,CYS,WY,ANM,WE,Federal Contract Tower,0,0,1,5,6,2,14,19,0,35,2,14,20,5,41,70,38,108,149
10/28/2005,CYS,WY,ANM,WE,Federal Contract Tower,0,0,1,1,2,0,19,20,5,44,0,19,21,6,46,119,58,177,223
10/29/2005,CYS,WY,ANM,WE,Federal Contract Tower,0,0,3,0,3,0,15,10,0,25,0,15,13,0,28,57,0,57,85
10/30/2005,CYS,WY,ANM,WE,Federal Contract Tower,0,0,2,0,2,2,10,20,4,36,2,10,22,4,38,30,2,32,70
10/31/2005,CYS,WY,ANM,WE,Federal Contract Tower,0,0,1,3,4,0,13,16,0,29,0,13,17,3,33,51,28,79,112
11/01/2005,CYS,WY,ANM,WE,Federal Contract Tower,0,0,2,6,8,0,11,30,8,49,0,11,32,14,57,15,125,140,197
11/02/2005,CYS,WY,ANM,WE,Federal Contract Tower,0,0,1,0,1,0,11,38,13,62,0,11,39,13,63,50,56,106,169
11/03/2005,CYS,WY,ANM,WE,Federal Contract Tower,0,4,0,2,6,0,15,19,3,37,0,19,19,5,43,8,9,17,60
11/04/2005,CYS,WY,ANM,WE,Federal Contract Tower,0,0,3,4,7,0,11,31,11,53,0,11,34,15,60,11,74,85,145
11/05/2005,CYS,WY,ANM,WE,Federal Contract Tower,0,0,0,2,2,0,12,31,12,55,0,12,31,14,57,32,25,57,114
11/06/2005,CYS,WY,ANM,WE,Federal Contract Tower,0,0,4,6,10,0,8,28,1,37,0,8,32,7,47,25,94,119,166
11/07/2005,CYS,WY,ANM,WE,Federal Contract Tower,0,0,1,9,10,0,14,42,2,58,0,14,43,11,68,52,88,140,208
11/08/2005,CYS,WY,ANM,WE,Federal Contract Tower,0,0,0,3,3,0,15,19,2,36,0,15,19,5,39,33,96,129,168
11/09/2005,CYS,WY,ANM,WE,Federal Contract Tower,0,0,3,5,8,0,16,37,3,56,0,16,40,8,64,61,60,121,185
11/10/2005,CYS,WY,ANM,WE,Federal Contract Tower,0,0,2,3,5,0,14,41,5,60,0,14,43,8,65,40,45,85,150
11/11/2005,CYS,WY,ANM,WE,Federal Contract Tower,0,0,2,0,2,0,15,52,2,69,0,15,54,2,71,69,4,73,144
11/12/2005,CYS,WY,ANM,WE,Federal Contract Tower,0,2,0,0,2,2,23,1,0,26,2,25,1,0,28,13,0,13,41
11/13/2005,CYS,WY,ANM,WE,Federal Contract Tower,0,0,0,0,0,0,10,34,0,44,0,10,34,0,44,47,0,47,91
11/14/2005,CYS,WY,ANM,WE,Federal Contract Tower,0,2,4,2,8,0,9,4,6,19,0,11,8,8,27,4,18,22,49
11/15/2005,CYS,WY,ANM,WE,Federal Contract Tower,0,0,0,3,3,0,12,35,13,60,0,12,35,16,63,19,60,79,142
11/16/2005,CYS,WY,ANM,WE,Federal Contract Tower,0,0,1,3,4,0,13,31,7,51,0,13,32,10,55,70,37,107,162
11/17/2005,CYS,WY,ANM,WE,Federal Contract Tower,0,2,4,4,10,0,15,30,10,55,0,17,34,14,65,54,26,80,145
11/18/2005,CYS,WY,ANM,WE,Federal Contract Tower,0,0,4,1,5,0,17,59,19,95,0,17,63,20,100,33,138,171,271
11/19/2005,CYS,WY,ANM,WE,Federal Contract Tower,0,0,1,0,1,0,7,21,1,29,0,7,22,1,30,34,3,37,67
11/20/2005,CYS,WY,ANM,WE,Federal Contract Tower,0,0,2,0,2,0,10,29,0,39,0,10,31,0,41,33,0,33,74
11/21/2005,CYS,WY,ANM,WE,Federal Contract Tower,0,4,0,7,11,0,21,18,1,40,0,25,18,8,51,9,68,77,128
11/22/2005,CYS,WY,ANM,WE,Federal Contract Tower,0,0,6,5,11,0,17,19,0,36,0,17,25,5,47,30,189,219,266
11/23/2005,CYS,WY,ANM,WE,Federal Contract Tower,0,0,4,4,8,0,16,41,14,71,0,16,45,18,79,47,59,106,185
11/24/2005,CYS,WY,ANM,WE,Federal Contract Tower,0,0,1,0,1,0,8,12,0,20,0,8,13,0,21,12,0,12,33
11/25/2005,CYS,WY,ANM,WE,Federal Contract Tower,0,0,2,0,2,0,20,28,0,48,0,20,30,0,50,39,1,40,90
11/26/2005,CYS,WY,ANM,WE,Federal Contract Tower,0,0,1,0,1,0,15,23,1,39,0,15,24,1,40,41,1,42,82
11/27/2005,CYS,WY,ANM,WE,Federal Contract Tower,0,0,0,0,0,0,8,4,0,12,0,8,4,0,12,3,1,4,16
11/28/2005,CYS,WY,ANM,WE,Federal Contract Tower,0,0,0,0,0,0,11,18,0,29,0,11,18,0,29,0,0,0,29
11/29/2005,CYS,WY,ANM,WE,Federal Contract Tower,0,0,2,9,11,0,10,25,3,38,0,10,27,12,49,40,118,158,207
11/30/2005,CYS,WY,ANM,WE,Federal Contract Tower,0,0,0,1,1,0,13,7,8,28,0,13,7,9,29,4,95,99,128
12/01/2005,CYS,WY,ANM,WE,Federal Contract Tower,0,2,2,4,8,0,13,21,2,36,0,15,23,6,44,39,147,186,230
12/02/2005,CYS,WY,ANM,WE,Federal Contract Tower,0,0,1,14,15,0,16,8,21,45,0,16,9,35,60,11,73,84,144
12/03/2005,CYS,WY,ANM,WE,Federal Contract Tower,0,1,8,1,10,0,14,17,3,34,0,15,25,4,44,51,43,94,138
12/04/2005,CYS,WY,ANM,WE,Federal Contract Tower,0,2,2,1,5,0,5,13,5,23,0,7,15,6,28,22,12,34,62
12/05/2005,CYS,WY,ANM,WE,Federal Contract Tower,0,0,0,2,2,0,13,39,1,53,0,13,39,3,55,1,18,19,74
12/06/2005,CYS,WY,ANM,WE,Federal Contract Tower,0,6,6,2,14,0,6,1,2,9,0,12,7,4,23,4,0,4,27
12/07/2005,CYS,WY,ANM,WE,Federal Contract Tower,0,0,0,0,0,0,16,33,9,58,0,16,33,9,58,45,15,60,118
12/08/2005,CYS,WY,ANM,WE,Federal Contract Tower,0,1,2,2,5,0,13,44,18,75,0,14,46,20,80,88,35,123,203
12/09/2005,CYS,WY,ANM,WE,Federal Contract Tower,0,4,1,5,10,2,19,31,3,55,2,23,32,8,65,46,78,124,189
12/10/2005,CYS,WY,ANM,WE,Federal Contract Tower,0,4,0,4,8,0,18,10,1,29,0,22,10,5,37,18,11,29,66
12/11/2005,CYS,WY,ANM,WE,Federal Contract Tower,0,0,6,0,6,0,6,6,5,17,0,6,12,5,23,62,2,64,87
12/12/2005,CYS,WY,ANM,WE,Federal Contract Tower,0,1,15,5,21,0,16,42,5,63,0,17,57,10,84,100,26,126,210
12/13/2005,CYS,WY,ANM,WE,Federal Contract Tower,0,1,2,5,8,0,10,15,8,33,0,11,17,13,41,26,68,94,135
12/14/2005,CYS,WY,ANM,WE,Federal Contract Tower,0,0,0,1,1,0,17,21,6,44,0,17,21,7,45,6,88,94,139
12/15/2005,CYS,WY,ANM,WE,Federal Contract Tower,0,0,1,7,8,0,17,26,12,55,0,17,27,19,63,29,72,101,164
12/16/2005,CYS,WY,ANM,WE,Federal Contract Tower,0,8,5,0,13,0,3,13,0,16,0,11,18,0,29,6,44,50,79
12/17/2005,CYS,WY,ANM,WE,Federal Contract Tower,0,5,2,0,7,0,5,0,0,5,0,10,2,0,12,2,3,5,17
12/18/2005,CYS,WY,ANM,WE,Federal Contract Tower,0,2,2,0,4,0,6,8,0,14,0,8,10,0,18,1,0,1,19
12/19/2005,CYS,WY,ANM,WE,Federal Contract Tower,0,0,3,0,3,0,11,21,5,37,0,11,24,5,40,13,25,38,78
12/20/2005,CYS,WY,ANM,WE,Federal Contract Tower,0,0,1,6,7,0,12,45,10,67,0,12,46,16,74,62,139,201,275
12/21/2005,CYS,WY,ANM,WE,Federal Contract Tower,0,0,5,5,10,0,11,41,13,65,0,11,46,18,75,72,52,124,199
12/22/2005,CYS,WY,ANM,WE,Federal Contract Tower,0,3,7,2,12,0,19,10,6,35,0,22,17,8,47,52,87,139,186
12/23/2005,CYS,WY,ANM,WE,Federal Contract Tower,0,0,0,0,0,0,9,7,0,16,0,9,7,0,16,1,0,1,17
12/24/2005,CYS,WY,ANM,WE,Federal Contract Tower,0,0,0,0,0,0,6,19,0,25,0,6,19,0,25,27,0,27,52
12/25/2005,CYS,WY,ANM,WE,Federal Contract Tower,0,0,0,0,0,0,7,4,0,11,0,7,4,0,11,23,0,23,34
12/26/2005,CYS,WY,ANM,WE,Federal Contract Tower,0,4,0,0,4,0,15,19,1,35,0,19,19,1,39,48,9,57,96
12/27/2005,CYS,WY,ANM,WE,Federal Contract Tower,0,0,0,1,1,0,13,10,4,27,0,13,10,5,28,6,14,20,48
12/28/2005,CYS,WY,ANM,WE,Federal Contract Tower,0,1,9,4,14,0,11,26,9,46,0,12,35,13,60,50,24,74,134
12/29/2005,CYS,WY,ANM,WE,Federal Contract Tower,0,0,0,1,1,2,16,5,8,31,2,16,5,9,32,9,4,13,45
12/30/2005,CYS,WY,ANM,WE,Federal Contract Tower,0,1,8,0,9,0,17,36,1,54,0,18,44,1,63,56,1,57,120
12/31/2005,CYS,WY,ANM,WE,Federal Contract Tower,0,0,7,0,7,0,9,11,1,21,0,9,18,1,28,15,1,16,44
01/01/2006,CYS,WY,ANM,WE,Federal Contract Tower,0,0,0,0,0,0,8,9,0,17,0,8,9,0,17,4,0,4,21
01/02/2006,CYS,WY,ANM,WE,Federal Contract Tower,0,0,2,0,2,0,9,33,0,42,0,9,35,0,44,68,2,70,114
01/03/2006,CYS,WY,ANM,WE,Federal Contract Tower,0,0,0,0,0,0,0,0,0,0,0,0,0,0,0,0,4,4,4
01/04/2006,CYS,WY,ANM,WE,Federal Contract Tower,0,0,1,8,9,0,11,25,11,47,0,11,26,19,56,22,138,160,216
01/05/2006,CYS,WY,ANM,WE,Federal Contract Tower,0,5,4,3,12,0,20,37,5,62,0,25,41,8,74,24,97,121,195
01/06/2006,CYS,WY,ANM,WE,Federal Contract Tower,0,3,0,4,7,0,18,24,6,48,0,21,24,10,55,15,108,123,178
01/07/2006,CYS,WY,ANM,WE,Federal Contract Tower,0,0,1,0,1,0,8,16,1,25,0,8,17,1,26,116,5,121,147
01/08/2006,CYS,WY,ANM,WE,Federal Contract Tower,0,0,1,1,2,0,12,7,3,22,0,12,8,4,24,6,1,7,31
01/09/2006,CYS,WY,ANM,WE,Federal Contract Tower,0,0,1,8,9,0,13,31,4,48,0,13,32,12,57,31,55,86,143
01/10/2006,CYS,WY,ANM,WE,Federal Contract Tower,0,0,4,3,7,0,15,27,2,44,0,15,31,5,51,30,168,198,249
01/11/2006,CYS,WY,ANM,WE,Federal Contract Tower,0,0,0,1,1,2,19,39,1,61,2,19,39,2,62,31,36,67,129
01/12/2006,CYS,WY,ANM,WE,Federal Contract Tower,0,0,4,10,14,0,13,19,30,62,0,13,23,40,76,12,109,121,197
01/13/2006,CYS,WY,ANM,WE,Federal Contract Tower,0,0,7,5,12,0,15,18,28,61,0,15,25,33,73,103,102,205,278
01/14/2006,CYS,WY,ANM,WE,Federal Contract Tower,0,0,3,3,6,0,10,22,2,34,0,10,25,5,40,84,15,99,139
01/15/2006,CYS,WY,ANM,WE,Federal Contract Tower,0,0,1,0,1,0,10,28,6,44,0,10,29,6,45,22,4,26,71
01/16/2006,CYS,WY,ANM,WE,Federal Contract Tower,0,1,2,1,4,0,12,12,6,30,0,13,14,7,34,12,0,12,46
01/17/2006,CYS,WY,ANM,WE,Federal Contract Tower,0,0,2,4,6,0,18,28,10,56,0,18,30,14,62,22,79,101,163
01/18/2006,CYS,WY,ANM,WE,Federal Contract Tower,0,0,0,12,12,0,18,29,16,63,0,18,29,28,75,33,80,113,188
01/19/2006,CYS,WY,ANM,WE,Federal Contract Tower,0,1,2,6,9,0,12,28,5,45,0,13,30,11,54,60,64,124,178
01/20/2006,CYS,WY,ANM,WE,Federal Contract Tower,0,0,8,4,12,0,15,16,26,57,0,15,24,30,69,109,42,151,220
01/21/2006,CYS,WY,ANM,WE,Federal Contract Tower,0,0,5,2,7,0,8,25,0,33,0,8,30,2,40,83,13,96,136
01/22/2006,CYS,WY,ANM,WE,Federal Contract Tower,0,0,1,0,1,0,11,29,2,42,0,11,30,2,43,155,2,157,200
01/23/2006,CYS,WY,ANM,WE,Federal Contract Tower,0,0,1,6,7,0,19,20,4,43,0,19,21,10,50,18,92,110,160
01/24/2006,CYS,WY,ANM,WE,Federal Contract Tower,0,0,15,5,20,0,15,20,27,62,0,15,35,32,82,62,81,143,225
01/25/2006,CYS,WY,ANM,WE,Federal Contract Tower,0,0,4,5,9,0,15,55,12,82,0,15,59,17,91,112,46,158,249
01/26/2006,CYS,WY,ANM,WE,Federal Contract Tower,0,0,3,4,7,0,15,33,30,78,0,15,36,34,85,25,92,117,202
01/27/2006,CYS,WY,ANM,WE,Federal Contract Tower,0,4,2,5,11,0,23,47,10,80,0,27,49,15,91,100,32,132,223
01/28/2006,CYS,WY,ANM,WE,Federal Contract Tower,0,0,2,0,2,0,10,15,0,25,0,10,17,0,27,20,25,45,72
01/29/2006,CYS,WY,ANM,WE,Federal Contract Tower,0,0,0,1,1,0,11,7,7,25,0,11,7,8,26,7,10,17,43
01/30/2006,CYS,WY,ANM,WE,Federal Contract Tower,0,0,2,1,3,0,16,20,0,36,0,16,22,1,39,43,67,110,149
01/31/2006,CYS,WY,ANM,WE,Federal Contract Tower,0,0,3,2,5,0,16,42,0,58,0,16,45,2,63,67,133,200,263
02/01/2006,CYS,WY,ANM,WE,Federal Contract Tower,0,0,0,8,8,0,17,34,7,58,0,17,34,15,66,43,86,129,195
02/02/2006,CYS,WY,ANM,WE,Federal Contract Tower,0,8,3,2,13,0,32,38,2,72,0,40,41,4,85,49,50,99,184
02/03/2006,CYS,WY,ANM,WE,Federal Contract Tower,0,2,0,2,4,0,31,29,2,62,0,33,29,4,66,40,88,128,194
02/04/2006,CYS,WY,ANM,WE,Federal Contract Tower,0,4,9,0,13,0,21,57,0,78,0,25,66,0,91,102,7,109,200
02/05/2006,CYS,WY,ANM,WE,Federal Contract Tower,0,2,0,0,2,0,8,17,3,28,0,10,17,3,30,8,18,26,56
02/06/2006,CYS,WY,ANM,WE,Federal Contract Tower,0,0,3,3,6,0,9,42,15,66,0,9,45,18,72,41,42,83,155
02/07/2006,CYS,WY,ANM,WE,Federal Contract Tower,0,0,4,11,15,0,16,45,17,78,0,16,49,28,93,60,140,200,293
02/08/2006,CYS,WY,ANM,WE,Federal Contract Tower,0,0,1,8,9,0,25,33,18,76,0,25,34,26,85,68,86,154,239
02/09/2006,CYS,WY,ANM,WE,Federal Contract Tower,0,2,2,4,8,0,20,39,3,62,0,22,41,7,70,20,35,55,125
02/10/2006,CYS,WY,ANM,WE,Federal Contract Tower,0,2,1,4,7,0,17,15,22,54,0,19,16,26,61,14,14,28,89
02/11/2006,CYS,WY,ANM,WE,Federal Contract Tower,0,0,0,4,4,0,10,10,16,36,0,10,10,20,40,21,21,42,82
02/12/2006,CYS,WY,ANM,WE,Federal Contract Tower,0,0,2,1,3,0,11,32,1,44,0,11,34,2,47,33,18,51,98
02/13/2006,CYS,WY,ANM,WE,Federal Contract Tower,0,0,3,2,5,0,15,44,1,60,0,15,47,3,65,71,58,129,194
02/14/2006,CYS,WY,ANM,WE,Federal Contract Tower,0,2,0,6,8,0,11,47,3,61,0,13,47,9,69,65,109,174,243
02/15/2006,CYS,WY,ANM,WE,Federal Contract Tower,1,6,0,0,7,0,3,6,0,9,1,9,6,0,16,0,0,0,16
02/16/2006,CYS,WY,ANM,WE,Federal Contract Tower,0,2,2,3,7,0,17,29,6,52,0,19,31,9,59,2,86,88,147
02/17/2006,CYS,WY,ANM,WE,Federal Contract Tower,0,12,6,2,20,0,8,18,1,27,0,20,24,3,47,1,0,1,48
02/18/2006,CYS,WY,ANM,WE,Federal Contract Tower,0,0,1,0,1,2,12,24,0,38,2,12,25,0,39,46,3,49,88
02/19/2006,CYS,WY,ANM,WE,Federal Contract Tower,0,0,2,0,2,0,10,17,0,27,0,10,19,0,29,72,6,78,107
02/20/2006,CYS,WY,ANM,WE,Federal Contract Tower,0,0,2,0,2,0,13,32,0,45,0,13,34,0,47,84,0,84,131
02/21/2006,CYS,WY,ANM,WE,Federal Contract Tower,0,0,2,7,9,0,43,48,0,91,0,43,50,7,100,76,216,292,392
02/22/2006,CYS,WY,ANM,WE,Federal Contract Tower,0,6,0,6,12,0,26,50,3,79,0,32,50,9,91,76,99,175,266
02/23/2006,CYS,WY,ANM,WE,Federal Contract Tower,0,1,5,3,9,0,21,40,3,64,0,22,45,6,73,62,135,197,270
02/24/2006,CYS,WY,ANM,WE,Federal Contract Tower,0,2,3,2,7,0,15,42,7,64,0,17,45,9,71,49,14,63,134
02/25/2006,CYS,WY,ANM,WE,Federal Contract Tower,0,9,1,0,10,0,19,17,0,36,0,28,18,0,46,83,0,83,129
02/26/2006,CYS,WY,ANM,WE,Federal Contract Tower,0,0,2,0,2,0,21,52,2,75,0,21,54,2,77,266,2,268,345
02/27/2006,CYS,WY,ANM,WE,Federal Contract Tower,0,1,0,1,2,0,13,26,3,42,0,14,26,4,44,55,67,122,166
02/28/2006,CYS,WY,ANM,WE,Federal Contract Tower,0,3,3,3,9,0,18,27,0,45,0,21,30,3,54,64,185,249,303
03/01/2006,CYS,WY,ANM,WE,Federal Contract Tower,0,0,1,2,3,0,19,19,2,40,0,19,20,4,43,16,8,24,67
03/02/2006,CYS,WY,ANM,WE,Federal Contract Tower,0,0,3,3,6,0,13,34,1,48,0,13,37,4,54,131,59,190,244
03/03/2006,CYS,WY,ANM,WE,Federal Contract Tower,0,2,2,6,10,0,13,32,16,61,0,15,34,22,71,66,49,115,186
03/04/2006,CYS,WY,ANM,WE,Federal Contract Tower,0,1,7,0,8,2,16,49,0,67,2,17,56,0,75,107,4,111,186
03/05/2006,CYS,WY,ANM,WE,Federal Contract Tower,0,0,1,1,2,0,7,24,0,31,0,7,25,1,33,144,74,218,251
03/06/2006,CYS,WY,ANM,WE,Federal Contract Tower,0,0,1,2,3,0,13,37,0,50,0,13,38,2,53,67,106,173,226
03/07/2006,CYS,WY,ANM,WE,Federal Contract Tower,0,5,0,3,8,0,14,36,7,57,0,19,36,10,65,9,44,53,118
03/08/2006,CYS,WY,ANM,WE,Federal Contract Tower,0,7,5,0,12,0,9,7,0,16,0,16,12,0,28,2,0,2,30
03/09/2006,CYS,WY,ANM,WE,Federal Contract Tower,0,1,2,7,10,0,14,30,1,45,0,15,32,8,55,24,110,134,189
03/10/2006,CYS,WY,ANM,WE,Federal Contract Tower,0,4,9,0,13,0,11,11,0,22,0,15,20,0,35,0,37,37,72
03/11/2006,CYS,WY,ANM,WE,Federal Contract Tower,0,2,6,1,9,0,7,19,4,30,0,9,25,5,39,46,26,72,111
03/12/2006,CYS,WY,ANM,WE,Federal Contract Tower,0,3,2,1,6,0,2,9,0,11,0,5,11,1,17,0,0,0,17
03/13/2006,CYS,WY,ANM,WE,Federal Contract Tower,0,0,2,2,4,0,13,33,6,52,0,13,35,8,56,67,41,108,164
03/14/2006,CYS,WY,ANM,WE,Federal Contract Tower,0,0,4,0,4,0,18,56,0,74,0,18,60,0,78,50,114,164,242
03/15/2006,CYS,WY,ANM,WE,Federal Contract Tower,0,1,4,5,10,0,16,23,4,43,0,17,27,9,53,55,118,173,226
03/16/2006,CYS,WY,ANM,WE,Federal Contract Tower,0,0,2,3,5,0,14,43,3,60,0,14,45,6,65,71,66,137,202
03/17/2006,CYS,WY,ANM,WE,Federal Contract Tower,0,0,10,5,15,0,15,40,11,66,0,15,50,16,81,88,63,151,232
03/18/2006,CYS,WY,ANM,WE,Federal Contract Tower,0,3,4,0,7,0,15,2,1,18,0,18,6,1,25,110,3,113,138
03/19/2006,CYS,WY,ANM,WE,Federal Contract Tower,0,3,5,0,8,0,4,0,0,4,0,7,5,0,12,0,0,0,12
03/20/2006,CYS,WY,ANM,WE,Federal Contract Tower,0,4,8,2,14,0,12,15,1,28,0,16,23,3,42,0,0,0,42
03/21/2006,CYS,WY,ANM,WE,Federal Contract Tower,0,5,14,20,39,0,15,27,25,67,0,20,41,45,106,10,47,57,163
03/22/2006,CYS,WY,ANM,WE,Federal Contract Tower,1,5,5,14,25,1,14,30,1,46,2,19,35,15,71,33,41,74,145
03/23/2006,CYS,WY,ANM,WE,Federal Contract Tower,0,0,7,5,12,0,15,46,8,69,0,15,53,13,81,35,36,71,152
03/24/2006,CYS,WY,ANM,WE,Federal Contract Tower,0,0,4,5,9,0,17,25,6,48,0,17,29,11,57,97,97,194,251
03/25/2006,CYS,WY,ANM,WE,Federal Contract Tower,0,4,11,0,15,2,19,38,0,59,2,23,49,0,74,178,0,178,252
03/26/2006,CYS,WY,ANM,WE,Federal Contract Tower,1,0,1,0,2,1,7,18,0,26,2,7,19,0,28,8,0,8,36
03/27/2006,CYS,WY,ANM,WE,Federal Contract Tower,0,0,2,1,3,0,13,30,3,46,0,13,32,4,49,44,29,73,122
03/28/2006,CYS,WY,ANM,WE,Federal Contract Tower,0,0,2,1,3,0,18,27,29,74,0,18,29,30,77,41,57,98,175
03/29/2006,CYS,WY,ANM,WE,Federal Contract Tower,0,1,1,4,6,0,17,28,5,50,0,18,29,9,56,19,41,60,116
03/30/2006,CYS,WY,ANM,WE,Federal Contract Tower,0,0,1,0,1,0,24,19,5,48,0,24,20,5,49,13,52,65,114
03/31/2006,CYS,WY,ANM,WE,Federal Contract Tower,0,0,4,5,9,0,13,49,11,73,0,13,53,16,82,41,34,75,157
04/01/2006,CYS,WY,ANM,WE,Federal Contract Tower,0,2,2,0,4,0,14,58,0,72,0,16,60,0,76,38,0,38,114
04/02/2006,CYS,WY,ANM,WE,Federal Contract Tower,0,0,0,0,0,0,11,10,5,26,0,11,10,5,26,2,12,14,40
04/03/2006,CYS,WY,ANM,WE,Federal Contract Tower,0,0,2,0,2,0,26,25,4,55,0,26,27,4,57,73,99,172,229
04/04/2006,CYS,WY,ANM,WE,Federal Contract Tower,0,0,0,0,0,0,21,12,11,44,0,21,12,11,44,39,54,93,137
04/05/2006,CYS,WY,ANM,WE,Federal Contract Tower,0,0,0,1,1,0,17,28,2,47,0,17,28,3,48,25,94,119,167
04/06/2006,CYS,WY,ANM,WE,Federal Contract Tower,0,0,1,0,1,0,16,30,5,51,0,16,31,5,52,1,84,85,137
04/07/2006,CYS,WY,ANM,WE,Federal Contract Tower,0,2,2,0,4,0,14,23,5,42,0,16,25,5,46,27,0,27,73
04/08/2006,CYS,WY,ANM,WE,Federal Contract Tower,0,1,1,0,2,0,33,50,11,94,0,34,51,11,96,71,106,177,273
04/09/2006,CYS,WY,ANM,WE,Federal Contract Tower,0,0,5,2,7,0,14,22,4,40,0,14,27,6,47,109,32,141,188
04/10/2006,CYS,WY,ANM,WE,Federal Contract Tower,0,0,1,2,3,0,20,41,1,62,0,20,42,3,65,18,71,89,154
04/11/2006,CYS,WY,ANM,WE,Federal Contract Tower,0,0,1,5,6,0,15,20,7,42,0,15,21,12,48,4,129,133,181
04/12/2006,CYS,WY,ANM,WE,Federal Contract Tower,0,2,9,3,14,0,28,12,0,40,0,30,21,3,54,81,36,117,171
04/13/2006,CYS,WY,ANM,WE,Federal Contract Tower,0,2,6,1,9,0,18,33,5,56,0,20,39,6,65,49,75,124,189
04/14/2006,CYS,WY,ANM,WE,Federal Contract Tower,0,4,7,0,11,0,20,42,3,65,0,24,49,3,76,146,68,214,290
04/15/2006,CYS,WY,ANM,WE,Federal Contract Tower,0,0,0,0,0,0,10,14,0,24,0,10,14,0,24,41,4,45,69
04/16/2006,CYS,WY,ANM,WE,Federal Contract Tower,0,0,0,0,0,0,9,84,8,101,0,9,84,8,101,42,29,71,172
04/17/2006,CYS,WY,ANM,WE,Federal Contract Tower,0,0,3,1,4,0,13,23,8,44,0,13,26,9,48,10,51,61,109
04/18/2006,CYS,WY,ANM,WE,Federal Contract Tower,0,0,1,4,5,1,19,21,2,43,1,19,22,6,48,10,114,124,172
04/19/2006,CYS,WY,ANM,WE,Federal Contract Tower,0,0,2,1,3,0,17,48,3,68,0,17,50,4,71,38,34,72,143
04/20/2006,CYS,WY,ANM,WE,Federal Contract Tower,0,0,3,3,6,1,19,47,5,72,1,19,50,8,78,32,47,79,157
04/21/2006,CYS,WY,ANM,WE,Federal Contract Tower,0,0,5,8,13,0,14,47,2,63,0,14,52,10,76,62,87,149,225
04/22/2006,CYS,WY,ANM,WE,Federal Contract Tower,0,2,4,0,6,0,28,26,7,61,0,30,30,7,67,85,7,92,159
04/23/2006,CYS,WY,ANM,WE,Federal Contract Tower,0,0,1,0,1,0,10,29,0,39,0,10,30,0,40,22,0,22,62
04/24/2006,CYS,WY,ANM,WE,Federal Contract Tower,0,8,5,4,17,0,8,10,1,19,0,16,15,5,36,1,1,2,38
04/25/2006,CYS,WY,ANM,WE,Federal Contract Tower,0,8,6,7,21,0,8,18,12,38,0,16,24,19,59,20,109,129,188
04/26/2006,CYS,WY,ANM,WE,Federal Contract Tower,0,0,4,9,13,0,25,55,5,85,0,25,59,14,98,90,72,162,260
04/27/2006,CYS,WY,ANM,WE,Federal Contract Tower,7,0,0,0,7,9,30,7,0,46,16,30,7,0,53,40,73,113,166
04/28/2006,CYS,WY,ANM,WE,Federal Contract Tower,0,0,5,0,5,0,14,34,9,57,0,14,39,9,62,20,7,27,89
04/29/2006,CYS,WY,ANM,WE,Federal Contract Tower,0,0,2,0,2,0,12,25,1,38,0,12,27,1,40,12,15,27,67
04/30/2006,CYS,WY,ANM,WE,Federal Contract Tower,0,0,2,0,2,2,18,57,8,85,2,18,59,8,87,58,6,64,151
05/01/2006,CYS,WY,ANM,WE,Federal Contract Tower,0,0,2,1,3,0,19,30,1,50,0,19,32,2,53,66,49,115,168
05/02/2006,CYS,WY,ANM,WE,Federal Contract Tower,0,1,1,8,10,0,25,47,39,111,0,26,48,47,121,53,160,213,334
05/03/2006,CYS,WY,ANM,WE,Federal Contract Tower,0,3,9,4,16,0,15,35,19,69,0,18,44,23,85,56,74,130,215
05/04/2006,CYS,WY,ANM,WE,Federal Contract Tower,0,6,7,2,15,0,10,14,8,32,0,16,21,10,47,10,9,19,66
05/05/2006,CYS,WY,ANM,WE,Federal Contract Tower,0,6,11,0,17,0,13,18,0,31,0,19,29,0,48,10,0,10,58
05/06/2006,CYS,WY,ANM,WE,Federal Contract Tower,0,0,1,0,1,0,20,44,12,76,0,20,45,12,77,76,77,153,230
05/07/2006,CYS,WY,ANM,WE,Federal Contract Tower,0,0,0,0,0,0,15,66,44,125,0,15,66,44,125,85,45,130,255
05/08/2006,CYS,WY,ANM,WE,Federal Contract Tower,0,0,5,4,9,0,18,74,30,122,0,18,79,34,131,63,96,159,290
05/09/2006,CYS,WY,ANM,WE,Federal Contract Tower,0,2,4,7,13,0,19,51,0,70,0,21,55,7,83,52,130,182,265
05/10/2006,CYS,WY,ANM,WE,Federal Contract Tower,0,0,2,6,8,1,28,36,8,73,1,28,38,14,81,34,101,135,216
05/11/2006,CYS,WY,ANM,WE,Federal Contract Tower,0,0,5,9,14,0,28,43,0,71,0,28,48,9,85,64,65,129,214
05/12/2006,CYS,WY,ANM,WE,Federal Contract Tower,0,0,0,2,2,0,16,52,0,68,0,16,52,2,70,67,24,91,161
05/13/2006,CYS,WY,ANM,WE,Federal Contract Tower,0,0,1,0,1,0,16,32,2,50,0,16,33,2,51,86,32,118,169
05/14/2006,CYS,WY,ANM,WE,Federal Contract Tower,0,0,1,0,1,0,14,36,1,51,0,14,37,1,52,125,14,139,191
05/15/2006,CYS,WY,ANM,WE,Federal Contract Tower,0,0,2,4,6,0,8,41,0,49,0,8,43,4,55,147,124,271,326
05/16/2006,CYS,WY,ANM,WE,Federal Contract Tower,0,0,9,5,14,0,18,28,3,49,0,18,37,8,63,131,120,251,314
05/17/2006,CYS,WY,ANM,WE,Federal Contract Tower,0,0,7,4,11,0,22,36,14,72,0,22,43,18,83,102,126,228,311
05/18/2006,CYS,WY,ANM,WE,Federal Contract Tower,0,4,2,1,7,0,29,60,5,94,0,33,62,6,101,79,108,187,288
05/19/2006,CYS,WY,ANM,WE,Federal Contract Tower,0,0,6,3,9,0,14,21,0,35,0,14,27,3,44,100,158,258,302
05/20/2006,CYS,WY,ANM,WE,Federal Contract Tower,0,0,0,0,0,0,11,22,6,39,0,11,22,6,39,117,125,242,281
05/21/2006,CYS,WY,ANM,WE,Federal Contract Tower,0,0,0,0,0,0,16,71,2,89,0,16,71,2,89,108,72,180,269
05/22/2006,CYS,WY,ANM,WE,Federal Contract Tower,0,0,1,0,1,0,16,51,0,67,0,16,52,0,68,75,128,203,271
05/23/2006,CYS,WY,ANM,WE,Federal Contract Tower,0,0,0,9,9,0,18,47,0,65,0,18,47,9,74,68,173,241,315
05/24/2006,CYS,WY,ANM,WE,Federal Contract Tower,0,0,3,2,5,0,16,27,0,43,0,16,30,2,48,94,65,159,207
05/25/2006,CYS,WY,ANM,WE,Federal Contract Tower,12,0,9,5,26,18,16,19,10,63,30,16,28,15,89,104,36,140,229
05/26/2006,CYS,WY,ANM,WE,Federal Contract Tower,0,0,4,0,4,0,17,48,6,71,0,17,52,6,75,103,31,134,209
05/27/2006,CYS,WY,ANM,WE,Federal Contract Tower,0,0,2,0,2,0,13,40,2,55,0,13,42,2,57,81,14,95,152
05/28/2006,CYS,WY,ANM,WE,Federal Contract Tower,0,0,3,0,3,0,13,28,0,41,0,13,31,0,44,47,0,47,91
05/29/2006,CYS,WY,ANM,WE,Federal Contract Tower,0,0,4,0,4,0,18,51,0,69,0,18,55,0,73,72,0,72,145
05/30/2006,CYS,WY,ANM,WE,Federal Contract Tower,0,0,6,12,18,0,17,39,2,58,0,17,45,14,76,48,97,145,221
05/31/2006,CYS,WY,ANM,WE,Federal Contract Tower,0,2,7,3,12,0,14,34,1,49,0,16,41,4,61,23,67,90,151
06/01/2006,CYS,WY,ANM,WE,Federal Contract Tower,0,0,4,3,7,0,16,72,17,105,0,16,76,20,112,129,24,153,265
06/02/2006,CYS,WY,ANM,WE,Federal Contract Tower,0,0,11,6,17,0,15,53,1,69,0,15,64,7,86,84,178,262,348
06/03/2006,CYS,WY,ANM,WE,Federal Contract Tower,0,4,1,1,6,0,25,28,6,59,0,29,29,7,65,72,101,173,238
06/04/2006,CYS,WY,ANM,WE,Federal Contract Tower,0,0,3,2,5,0,13,58,3,74,0,13,61,5,79,127,87,214,293
06/05/2006,CYS,WY,ANM,WE,Federal Contract Tower,0,4,2,1,7,0,19,37,1,57,0,23,39,2,64,104,108,212,276
06/06/2006,CYS,WY,ANM,WE,Federal Contract Tower,0,3,0,9,12,0,26,71,0,97,0,29,71,9,109,72,206,278,387
06/07/2006,CYS,WY,ANM,WE,Federal Contract Tower,0,0,3,5,8,2,39,34,7,82,2,39,37,12,90,14,43,57,147
06/08/2006,CYS,WY,ANM,WE,Federal Contract Tower,0,4,3,5,12,0,14,45,0,59,0,18,48,5,71,54,90,144,215
06/09/2006,CYS,WY,ANM,WE,Federal Contract Tower,0,0,1,2,3,2,20,57,7,86,2,20,58,9,89,37,46,83,172
06/10/2006,CYS,WY,ANM,WE,Federal Contract Tower,0,0,1,0,1,2,36,26,5,69,2,36,27,5,70,43,55,98,168
06/11/2006,CYS,WY,ANM,WE,Federal Contract Tower,1,0,0,2,3,5,10,37,10,62,6,10,37,12,65,82,5,87,152
06/12/2006,CYS,WY,ANM,WE,Federal Contract Tower,0,0,2,0,2,2,21,45,5,73,2,21,47,5,75,75,32,107,182
06/13/2006,CYS,WY,ANM,WE,Federal Contract Tower,0,0,1,4,5,0,16,34,18,68,0,16,35,22,73,55,51,106,179
06/14/2006,CYS,WY,ANM,WE,Federal Contract Tower,0,0,1,1,2,0,15,46,16,77,0,15,47,17,79,35,41,76,155
06/15/2006,CYS,WY,ANM,WE,Federal Contract Tower,0,0,5,3,8,0,14,50,13,77,0,14,55,16,85,57,100,157,242
06/16/2006,CYS,WY,ANM,WE,Federal Contract Tower,0,0,3,4,7,4,25,49,9,87,4,25,52,13,94,45,92,137,231
06/17/2006,CYS,WY,ANM,WE,Federal Contract Tower,0,0,0,0,0,0,12,53,10,75,0,12,53,10,75,88,28,116,191
06/18/2006,CYS,WY,ANM,WE,Federal Contract Tower,0,0,0,0,0,0,16,81,5,102,0,16,81,5,102,81,36,117,219
06/19/2006,CYS,WY,ANM,WE,Federal Contract Tower,0,0,0,6,6,0,12,71,17,100,0,12,71,23,106,62,151,213,319
06/20/2006,CYS,WY,ANM,WE,Federal Contract Tower,0,0,2,9,11,3,19,54,16,92,3,19,56,25,103,84,132,216,319
06/21/2006,CYS,WY,ANM,WE,Federal Contract Tower,0,0,0,2,2,0,25,44,11,80,0,25,44,13,82,106,131,237,319
06/22/2006,CYS,WY,ANM,WE,Federal Contract Tower,0,4,28,3,35,0,14,48,0,62,0,18,76,3,97,47,90,137,234
06/23/2006,CYS,WY,ANM,WE,Federal Contract Tower,0,0,3,3,6,0,21,40,0,61,0,21,43,3,67,86,43,129,196
06/24/2006,CYS,WY,ANM,WE,Federal Contract Tower,0,0,2,0,2,0,15,64,0,79,0,15,66,0,81,110,26,136,217
06/25/2006,CYS,WY,ANM,WE,Federal Contract Tower,0,0,0,1,1,0,18,65,0,83,0,18,65,1,84,107,12,119,203
06/26/2006,CYS,WY,ANM,WE,Federal Contract Tower,0,0,8,7,15,0,18,58,43,119,0,18,66,50,134,118,84,202,336
06/27/2006,CYS,WY,ANM,WE,Federal Contract Tower,0,0,11,0,11,0,17,39,0,56,0,17,50,0,67,92,78,170,237
06/28/2006,CYS,WY,ANM,WE,Federal Contract Tower,0,0,5,5,10,2,16,31,2,51,2,16,36,7,61,59,43,102,163
06/29/2006,CYS,WY,ANM,WE,Federal Contract Tower,0,0,2,5,7,0,22,53,8,83,0,22,55,13,90,62,76,138,228
06/30/2006,CYS,WY,ANM,WE,Federal Contract Tower,0,0,3,0,3,0,25,72,17,114,0,25,75,17,117,115,36,151,268
07/01/2006,CYS,WY,ANM,WE,Federal Contract Tower,0,0,3,0,3,2,15,53,0,70,2,15,56,0,73,69,0,69,142
07/02/2006,CYS,WY,ANM,WE,Federal Contract Tower,0,0,2,0,2,0,14,21,0,35,0,14,23,0,37,94,0,94,131
07/03/2006,CYS,WY,ANM,WE,Federal Contract Tower,0,0,0,0,0,0,21,37,0,58,0,21,37,0,58,45,0,45,103
07/04/2006,CYS,WY,ANM,WE,Federal Contract Tower,0,1,6,0,7,0,20,32,0,52,0,21,38,0,59,122,0,122,181
07/05/2006,CYS,WY,ANM,WE,Federal Contract Tower,0,3,7,8,18,0,15,26,4,45,0,18,33,12,63,85,66,151,214
07/06/2006,CYS,WY,ANM,WE,Federal Contract Tower,0,1,5,6,12,0,24,32,6,62,0,25,37,12,74,46,41,87,161
07/07/2006,CYS,WY,ANM,WE,Federal Contract Tower,0,0,4,7,11,0,26,37,14,77,0,26,41,21,88,172,89,261,349
07/08/2006,CYS,WY,ANM,WE,Federal Contract Tower,0,5,3,0,8,0,28,62,5,95,0,33,65,5,103,94,4,98,201
07/09/2006,CYS,WY,ANM,WE,Federal Contract Tower,0,1,1,2,4,0,13,30,0,43,0,14,31,2,47,54,28,82,129
07/10/2006,CYS,WY,ANM,WE,Federal Contract Tower,0,0,0,2,2,0,16,55,4,75,0,16,55,6,77,73,72,145,222
07/11/2006,CYS,WY,ANM,WE,Federal Contract Tower,0,0,2,4,6,0,31,50,17,98,0,31,52,21,104,64,124,188,292
07/12/2006,CYS,WY,ANM,WE,Federal Contract Tower,0,0,3,6,9,0,18,42,12,72,0,18,45,18,81,47,77,124,205
07/13/2006,CYS,WY,ANM,WE,Federal Contract Tower,0,0,8,5,13,0,19,38,6,63,0,19,46,11,76,75,100,175,251
07/14/2006,CYS,WY,ANM,WE,Federal Contract Tower,0,0,5,5,10,0,17,75,14,106,0,17,80,19,116,166,122,288,404
07/15/2006,CYS,WY,ANM,WE,Federal Contract Tower,0,2,4,0,6,0,29,51,3,83,0,31,55,3,89,78,8,86,175
07/16/2006,CYS,WY,ANM,WE,Federal Contract Tower,0,0,0,0,0,0,15,35,4,54,0,15,35,4,54,83,24,107,161
07/17/2006,CYS,WY,ANM,WE,Federal Contract Tower,0,0,1,0,1,0,21,72,19,112,0,21,73,19,113,95,72,167,280
07/18/2006,CYS,WY,ANM,WE,Federal Contract Tower,0,0,2,4,6,0,22,84,3,109,0,22,86,7,115,88,137,225,340
07/19/2006,CYS,WY,ANM,WE,Federal Contract Tower,0,0,5,5,10,0,20,77,7,104,0,20,82,12,114,98,88,186,300
07/20/2006,CYS,WY,ANM,WE,Federal Contract Tower,1,0,5,4,10,4,16,65,10,95,5,16,70,14,105,92,82,174,279
07/21/2006,CYS,WY,ANM,WE,Federal Contract Tower,0,0,1,0,1,0,17,85,12,114,0,17,86,12,115,109,80,189,304
07/22/2006,CYS,WY,ANM,WE,Federal Contract Tower,0,0,4,0,4,0,30,60,3,93,0,30,64,3,97,90,22,112,209
07/23/2006,CYS,WY,ANM,WE,Federal Contract Tower,0,0,1,0,1,2,15,91,19,127,2,15,92,19,128,61,12,73,201
07/24/2006,CYS,WY,ANM,WE,Federal Contract Tower,0,0,1,1,2,0,23,120,10,153,0,23,121,11,155,124,49,173,328
07/25/2006,CYS,WY,ANM,WE,Federal Contract Tower,0,0,1,2,3,0,18,42,10,70,0,18,43,12,73,59,101,160,233
07/26/2006,CYS,WY,ANM,WE,Federal Contract Tower,0,0,1,1,2,0,24,77,9,110,0,24,78,10,112,146,128,274,386
07/27/2006,CYS,WY,ANM,WE,Federal Contract Tower,0,6,1,1,8,0,28,125,25,178,0,34,126,26,186,112,103,215,401
07/28/2006,CYS,WY,ANM,WE,Federal Contract Tower,0,1,1,3,5,0,17,49,17,83,0,18,50,20,88,110,126,236,324
07/29/2006,CYS,WY,ANM,WE,Federal Contract Tower,0,0,1,0,1,0,16,110,24,150,0,16,111,24,151,109,22,131,282
07/30/2006,CYS,WY,ANM,WE,Federal Contract Tower,0,0,3,0,3,0,15,71,3,89,0,15,74,3,92,104,21,125,217
07/31/2006,CYS,WY,ANM,WE,Federal Contract Tower,0,2,2,0,4,0,19,80,9,108,0,21,82,9,112,61,60,121,233
08/01/2006,CYS,WY,ANM,WE,Federal Contract Tower,0,1,4,8,13,0,20,53,3,76,0,21,57,11,89,53,140,193,282
08/02/2006,CYS,WY,ANM,WE,Federal Contract Tower,0,6,7,6,19,0,9,97,27,133,0,15,104,33,152,66,49,115,267
08/03/2006,CYS,WY,ANM,WE,Federal Contract Tower,0,0,3,8,11,4,18,80,42,144,4,18,83,50,155,56,91,147,302
08/04/2006,CYS,WY,ANM,WE,Federal Contract Tower,0,0,1,4,5,0,16,61,6,83,0,16,62,10,88,116,70,186,274
08/05/2006,CYS,WY,ANM,WE,Federal Contract Tower,0,0,1,0,1,0,15,43,1,59,0,15,44,1,60,44,16,60,120
08/06/2006,CYS,WY,ANM,WE,Federal Contract Tower,0,0,0,0,0,0,17,43,7,67,0,17,43,7,67,77,42,119,186
08/07/2006,CYS,WY,ANM,WE,Federal Contract Tower,0,1,1,0,2,0,18,52,12,82,0,19,53,12,84,37,23,60,144
08/08/2006,CYS,WY,ANM,WE,Federal Contract Tower,0,0,2,0,2,0,18,52,9,79,0,18,54,9,81,50,20,70,151
08/09/2006,CYS,WY,ANM,WE,Federal Contract Tower,0,0,5,2,7,0,14,67,3,84,0,14,72,5,91,75,25,100,191
08/10/2006,CYS,WY,ANM,WE,Federal Contract Tower,0,0,2,2,4,0,15,57,10,82,0,15,59,12,86,36,51,87,173
08/11/2006,CYS,WY,ANM,WE,Federal Contract Tower,0,0,3,2,5,0,15,47,17,79,0,15,50,19,84,72,51,123,207
08/12/2006,CYS,WY,ANM,WE,Federal Contract Tower,0,0,1,0,1,0,14,57,6,77,0,14,58,6,78,50,14,64,142
08/13/2006,CYS,WY,ANM,WE,Federal Contract Tower,3,0,0,0,3,3,19,84,1,107,6,19,84,1,110,55,36,91,201
08/14/2006,CYS,WY,ANM,WE,Federal Contract Tower,0,1,8,0,9,0,15,37,6,58,0,16,45,6,67,53,79,132,199
08/15/2006,CYS,WY,ANM,WE,Federal Contract Tower,0,0,2,1,3,0,17,68,8,93,0,17,70,9,96,54,47,101,197
08/16/2006,CYS,WY,ANM,WE,Federal Contract Tower,0,2,7,6,15,2,15,63,0,80,2,17,70,6,95,100,103,203,298
08/17/2006,CYS,WY,ANM,WE,Federal Contract Tower,0,3,7,0,10,2,20,60,10,92,2,23,67,10,102,60,25,85,187
08/18/2006,CYS,WY,ANM,WE,Federal Contract Tower,0,0,6,4,10,0,19,28,13,60,0,19,34,17,70,51,61,112,182
08/19/2006,CYS,WY,ANM,WE,Federal Contract Tower,0,6,6,0,12,14,9,13,2,38,14,15,19,2,50,28,2,30,80
08/20/2006,CYS,WY,ANM,WE,Federal Contract Tower,0,0,5,0,5,6,17,66,2,91,6,17,71,2,96,77,7,84,180
08/21/2006,CYS,WY,ANM,WE,Federal Contract Tower,0,5,4,2,11,0,20,43,8,71,0,25,47,10,82,57,53,110,192
08/22/2006,CYS,WY,ANM,WE,Federal Contract Tower,0,0,2,2,4,2,18,54,3,77,2,18,56,5,81,60,43,103,184
08/23/2006,CYS,WY,ANM,WE,Federal Contract Tower,0,0,4,4,8,0,19,59,6,84,0,19,63,10,92,34,39,73,165
08/24/2006,CYS,WY,ANM,WE,Federal Contract Tower,0,0,2,6,8,0,22,62,10,94,0,22,64,16,102,76,92,168,270
08/25/2006,CYS,WY,ANM,WE,Federal Contract Tower,0,0,0,3,3,0,17,58,15,90,0,17,58,18,93,49,53,102,195
08/26/2006,CYS,WY,ANM,WE,Federal Contract Tower,0,1,2,0,3,0,13,20,0,33,0,14,22,0,36,40,6,46,82
08/27/2006,CYS,WY,ANM,WE,Federal Contract Tower,0,0,1,0,1,0,11,33,5,49,0,11,34,5,50,43,6,49,99
08/28/2006,CYS,WY,ANM,WE,Federal Contract Tower,0,0,4,1,5,0,13,63,7,83,0,13,67,8,88,92,28,120,208
08/29/2006,CYS,WY,ANM,WE,Federal Contract Tower,0,0,0,1,1,0,14,64,0,78,0,14,64,1,79,48,62,110,189
08/30/2006,CYS,WY,ANM,WE,Federal Contract Tower,0,0,5,0,5,0,15,63,3,81,0,15,68,3,86,121,68,189,275
08/31/2006,CYS,WY,ANM,WE,Federal Contract Tower,0,0,5,2,7,2,15,21,2,40,2,15,26,4,47,106,21,127,174
09/01/2006,CYS,WY,ANM,WE,Federal Contract Tower,0,9,7,1,17,0,13,29,0,42,0,22,36,1,59,30,4,34,93
09/02/2006,CYS,WY,ANM,WE,Federal Contract Tower,0,1,6,0,7,0,9,17,0,26,0,10,23,0,33,103,2,105,138
09/03/2006,CYS,WY,ANM,WE,Federal Contract Tower,0,0,0,0,0,0,9,52,0,61,0,9,52,0,61,64,27,91,152
09/04/2006,CYS,WY,ANM,WE,Federal Contract Tower,0,1,3,0,4,0,12,42,1,55,0,13,45,1,59,69,0,69,128
09/05/2006,CYS,WY,ANM,WE,Federal Contract Tower,0,0,0,6,6,0,18,50,3,71,0,18,50,9,77,59,120,179,256
09/06/2006,CYS,WY,ANM,WE,Federal Contract Tower,0,2,3,0,5,0,19,68,8,95,0,21,71,8,100,93,51,144,244
09/07/2006,CYS,WY,ANM,WE,Federal Contract Tower,0,1,5,6,12,10,21,51,10,92,10,22,56,16,104,108,108,216,320
09/08/2006,CYS,WY,ANM,WE,Federal Contract Tower,0,2,5,4,11,0,12,70,0,82,0,14,75,4,93,82,108,190,283
09/09/2006,CYS,WY,ANM,WE,Federal Contract Tower,0,1,2,1,4,0,7,13,0,20,0,8,15,1,24,10,46,56,80
09/10/2006,CYS,WY,ANM,WE,Federal Contract Tower,0,0,1,3,4,0,13,46,16,75,0,13,47,19,79,26,91,117,196
09/11/2006,CYS,WY,ANM,WE,Federal Contract Tower,0,0,4,2,6,2,12,50,8,72,2,12,54,10,78,44,97,141,219
09/12/2006,CYS,WY,ANM,WE,Federal Contract Tower,0,0,2,10,12,0,15,52,1,68,0,15,54,11,80,82,127,209,289
09/13/2006,CYS,WY,ANM,WE,Federal Contract Tower,0,1,4,7,12,0,17,81,12,110,0,18,85,19,122,102,45,147,269
09/14/2006,CYS,WY,ANM,WE,Federal Contract Tower,0,1,6,2,9,16,22,131,6,175,16,23,137,8,184,79,42,121,305
09/15/2006,CYS,WY,ANM,WE,Federal Contract Tower,0,0,0,0,0,0,15,67,7,89,0,15,67,7,89,41,22,63,152
09/16/2006,CYS,WY,ANM,WE,Federal Contract Tower,0,0,0,0,0,0,13,16,1,30,0,13,16,1,30,12,2,14,44
09/17/2006,CYS,WY,ANM,WE,Federal Contract Tower,0,0,7,0,7,0,13,28,1,42,0,13,35,1,49,32,4,36,85
09/18/2006,CYS,WY,ANM,WE,Federal Contract Tower,0,0,2,5,7,0,22,38,1,61,0,22,40,6,68,41,87,128,196
09/19/2006,CYS,WY,ANM,WE,Federal Contract Tower,0,0,0,7,7,0,18,68,31,117,0,18,68,38,124,47,234,281,405
09/20/2006,CYS,WY,ANM,WE,Federal Contract Tower,0,0,3,5,8,0,16,63,1,80,0,16,66,6,88,60,116,176,264
09/21/2006,CYS,WY,ANM,WE,Federal Contract Tower,0,0,0,5,5,0,18,38,11,67,0,18,38,16,72,76,103,179,251
09/22/2006,CYS,WY,ANM,WE,Federal Contract Tower,0,0,0,5,5,0,21,32,18,71,0,21,32,23,76,17,133,150,226
09/23/2006,CYS,WY,ANM,WE,Federal Contract Tower,0,2,1,1,4,0,12,21,1,34,0,14,22,2,38,0,75,75,113
09/24/2006,CYS,WY,ANM,WE,Federal Contract Tower,0,1,1,0,2,0,12,72,0,84,0,13,73,0,86,97,0,97,183
09/25/2006,CYS,WY,ANM,WE,Federal Contract Tower,0,4,2,0,6,0,14,49,0,63,0,18,51,0,69,49,153,202,271
09/26/2006,CYS,WY,ANM,WE,Federal Contract Tower,0,0,0,2,2,0,22,58,0,80,0,22,58,2,82,35,180,215,297
09/27/2006,CYS,WY,ANM,WE,Federal Contract Tower,0,0,2,5,7,0,14,60,5,79,0,14,62,10,86,59,47,106,192
09/28/2006,CYS,WY,ANM,WE,Federal Contract Tower,0,0,3,1,4,0,27,77,11,115,0,27,80,12,119,125,12,137,256
09/29/2006,CYS,WY,ANM,WE,Federal Contract Tower,0,4,9,0,13,1,24,63,1,89,1,28,72,1,102,52,26,78,180
09/30/2006,CYS,WY,ANM,WE,Federal Contract Tower,0,2,13,0,15,0,23,27,4,54,0,25,40,4,69,100,0,100,169
10/01/2006,CYS,WY,ANM,WE,Federal Contract Tower,0,0,3,0,3,1,13,45,2,61,1,13,48,2,64,80,5,85,149
10/02/2006,CYS,WY,ANM,WE,Federal Contract Tower,0,0,2,1,3,0,16,76,2,94,0,16,78,3,97,97,35,132,229
10/03/2006,CYS,WY,ANM,WE,Federal Contract Tower,0,0,0,2,2,0,15,24,13,52,0,15,24,15,54,40,83,123,177
10/04/2006,CYS,WY,ANM,WE,Federal Contract Tower,0,4,13,3,20,0,12,34,2,48,0,16,47,5,68,69,26,95,163
10/05/2006,CYS,WY,ANM,WE,Federal Contract Tower,0,0,5,1,6,0,28,66,5,99,0,28,71,6,105,118,64,182,287
10/06/2006,CYS,WY,ANM,WE,Federal Contract Tower,0,0,2,4,6,2,19,44,4,69,2,19,46,8,75,81,53,134,209
10/07/2006,CYS,WY,ANM,WE,Federal Contract Tower,0,0,6,0,6,4,11,18,6,39,4,11,24,6,45,59,8,67,112
10/08/2006,CYS,WY,ANM,WE,Federal Contract Tower,0,3,6,4,13,0,7,4,5,16,0,10,10,9,29,21,4,25,54
10/09/2006,CYS,WY,ANM,WE,Federal Contract Tower,0,13,5,0,18,0,8,4,0,12,0,21,9,0,30,3,0,3,33
10/10/2006,CYS,WY,ANM,WE,Federal Contract Tower,0,7,2,8,17,0,9,15,7,31,0,16,17,15,48,20,121,141,189
10/11/2006,CYS,WY,ANM,WE,Federal Contract Tower,0,0,3,8,11,0,14,16,7,37,0,14,19,15,48,6,124,130,178
10/12/2006,CYS,WY,ANM,WE,Federal Contract Tower,0,0,4,2,6,0,16,66,12,94,0,16,70,14,100,6,47,53,153
10/13/2006,CYS,WY,ANM,WE,Federal Contract Tower,0,2,3,3,8,0,23,47,1,71,0,25,50,4,79,74,52,126,205
10/14/2006,CYS,WY,ANM,WE,Federal Contract Tower,0,5,10,3,18,0,13,54,3,70,0,18,64,6,88,153,48,201,289
10/15/2006,CYS,WY,ANM,WE,Federal Contract Tower,0,0,2,0,2,2,9,37,3,51,2,9,39,3,53,102,2,104,157
10/16/2006,CYS,WY,ANM,WE,Federal Contract Tower,0,0,1,0,1,0,22,42,0,64,0,22,43,0,65,29,68,97,162
10/17/2006,CYS,WY,ANM,WE,Federal Contract Tower,0,9,5,2,16,0,13,6,1,20,0,22,11,3,36,0,3,3,39
10/18/2006,CYS,WY,ANM,WE,Federal Contract Tower,0,0,5,6,11,2,16,27,6,51,2,16,32,12,62,40,111,151,213
10/19/2006,CYS,WY,ANM,WE,Federal Contract Tower,0,0,1,4,5,0,18,47,0,65,0,18,48,4,70,28,62,90,160
10/20/2006,CYS,WY,ANM,WE,Federal Contract Tower,0,3,4,1,8,0,14,0,1,15,0,17,4,2,23,31,20,51,74
10/21/2006,CYS,WY,ANM,WE,Federal Contract Tower,0,8,0,1,9,0,25,20,1,46,0,33,20,2,55,40,2,42,97
10/22/2006,CYS,WY,ANM,WE,Federal Contract Tower,0,0,3,0,3,0,14,21,2,37,0,14,24,2,40,43,0,43,83
10/23/2006,CYS,WY,ANM,WE,Federal Contract Tower,0,1,1,7,9,0,15,40,5,60,0,16,41,12,69,76,136,212,281
10/24/2006,CYS,WY,ANM,WE,Federal Contract Tower,0,4,8,10,22,0,17,34,0,51,0,21,42,10,73,66,96,162,235
10/25/2006,CYS,WY,ANM,WE,Federal Contract Tower,0,7,11,5,23,0,18,30,5,53,0,25,41,10,76,51,47,98,174
10/26/2006,CYS,WY,ANM,WE,Federal Contract Tower,0,1,4,0,5,0,15,13,5,33,0,16,17,5,38,1,19,20,58
10/27/2006,CYS,WY,ANM,WE,Federal Contract Tower,0,0,9,7,16,0,17,7,0,24,0,17,16,7,40,37,47,84,124
10/28/2006,CYS,WY,ANM,WE,Federal Contract Tower,0,1,4,3,8,0,13,16,4,33,0,14,20,7,41,57,12,69,110
10/29/2006,CYS,WY,ANM,WE,Federal Contract Tower,0,0,3,1,4,0,10,19,2,31,0,10,22,3,35,12,1,13,48
10/30/2006,CYS,WY,ANM,WE,Federal Contract Tower,0,0,0,5,5,0,15,25,2,42,0,15,25,7,47,5,154,159,206
10/31/2006,CYS,WY,ANM,WE,Federal Contract Tower,0,0,3,5,8,0,16,10,3,29,0,16,13,8,37,86,93,179,216
11/01/2006,CYS,WY,ANM,WE,Federal Contract Tower,0,0,3,10,13,0,23,24,11,58,0,23,27,21,71,64,43,107,178
11/02/2006,CYS,WY,ANM,WE,Federal Contract Tower,0,0,5,10,15,0,24,62,15,101,0,24,67,25,116,49,84,133,249
11/03/2006,CYS,WY,ANM,WE,Federal Contract Tower,0,4,2,5,11,2,20,21,2,45,2,24,23,7,56,31,125,156,212
11/04/2006,CYS,WY,ANM,WE,Federal Contract Tower,0,0,2,2,4,0,11,20,8,39,0,11,22,10,43,52,35,87,130
11/05/2006,CYS,WY,ANM,WE,Federal Contract Tower,0,1,3,1,5,0,14,5,3,22,0,15,8,4,27,37,7,44,71
11/06/2006,CYS,WY,ANM,WE,Federal Contract Tower,0,0,4,2,6,0,20,16,1,37,0,20,20,3,43,11,131,142,185
11/07/2006,CYS,WY,ANM,WE,Federal Contract Tower,0,0,0,1,1,0,19,2,0,21,0,19,2,1,22,15,50,65,87
11/08/2006,CYS,WY,ANM,WE,Federal Contract Tower,0,0,5,8,13,0,17,20,0,37,0,17,25,8,50,22,124,146,196
11/09/2006,CYS,WY,ANM,WE,Federal Contract Tower,0,1,8,0,9,0,19,24,0,43,0,20,32,0,52,57,27,84,136
11/10/2006,CYS,WY,ANM,WE,Federal Contract Tower,0,0,2,2,4,0,18,16,0,34,0,18,18,2,38,23,0,23,61
11/11/2006,CYS,WY,ANM,WE,Federal Contract Tower,0,0,5,2,7,1,12,22,1,36,1,12,27,3,43,22,12,34,77
11/12/2006,CYS,WY,ANM,WE,Federal Contract Tower,0,0,3,0,3,0,11,5,0,16,0,11,8,0,19,6,0,6,25
11/13/2006,CYS,WY,ANM,WE,Federal Contract Tower,0,0,2,1,3,0,21,6,2,29,0,21,8,3,32,23,89,112,144
11/14/2006,CYS,WY,ANM,WE,Federal Contract Tower,0,1,2,3,6,0,14,8,0,22,0,15,10,3,28,11,101,112,140
11/15/2006,CYS,WY,ANM,WE,Federal Contract Tower,0,0,4,3,7,0,17,34,9,60,0,17,38,12,67,37,53,90,157
11/16/2006,CYS,WY,ANM,WE,Federal Contract Tower,0,1,4,4,9,0,22,20,1,43,0,23,24,5,52,12,66,78,130
11/17/2006,CYS,WY,ANM,WE,Federal Contract Tower,0,0,8,6,14,0,22,29,22,73,0,22,37,28,87,98,39,137,224
11/18/2006,CYS,WY,ANM,WE,Federal Contract Tower,0,0,2,1,3,0,11,45,4,60,0,11,47,5,63,10,8,18,81
11/19/2006,CYS,WY,ANM,WE,Federal Contract Tower,0,0,5,0,5,0,17,0,0,17,0,17,5,0,22,122,2,124,146
11/20/2006,CYS,WY,ANM,WE,Federal Contract Tower,0,0,4,3,7,0,22,50,0,72,0,22,54,3,79,23,53,76,155
11/21/2006,CYS,WY,ANM,WE,Federal Contract Tower,0,0,1,8,9,0,14,25,0,39,0,14,26,8,48,53,154,207,255
11/22/2006,CYS,WY,ANM,WE,Federal Contract Tower,0,0,1,11,12,0,18,22,1,41,0,18,23,12,53,84,36,120,173
11/23/2006,CYS,WY,ANM,WE,Federal Contract Tower,0,0,2,0,2,0,5,11,0,16,0,5,13,0,18,6,0,6,24
11/24/2006,CYS,WY,ANM,WE,Federal Contract Tower,0,0,2,0,2,0,13,41,0,54,0,13,43,0,56,23,0,23,79
11/25/2006,CYS,WY,ANM,WE,Federal Contract Tower,0,3,6,0,9,0,14,42,1,57,0,17,48,1,66,39,0,39,105
11/26/2006,CYS,WY,ANM,WE,Federal Contract Tower,0,0,1,0,1,0,8,9,0,17,0,8,10,0,18,58,0,58,76
11/27/2006,CYS,WY,ANM,WE,Federal Contract Tower,0,0,3,6,9,0,15,4,0,19,0,15,7,6,28,38,97,135,163
11/28/2006,CYS,WY,ANM,WE,Federal Contract Tower,0,2,3,1,6,0,12,6,0,18,0,14,9,1,24,5,92,97,121
11/29/2006,CYS,WY,ANM,WE,Federal Contract Tower,0,1,2,1,4,0,16,15,6,37,0,17,17,7,41,1,85,86,127
11/30/2006,CYS,WY,ANM,WE,Federal Contract Tower,0,0,2,2,4,0,18,23,0,41,0,18,25,2,45,29,173,202,247
12/01/2006,CYS,WY,ANM,WE,Federal Contract Tower,0,0,2,0,2,2,14,18,0,34,2,14,20,0,36,16,101,117,153
12/02/2006,CYS,WY,ANM,WE,Federal Contract Tower,0,0,1,0,1,0,29,22,0,51,0,29,23,0,52,66,1,67,119
12/03/2006,CYS,WY,ANM,WE,Federal Contract Tower,0,0,0,0,0,0,12,4,0,16,0,12,4,0,16,79,21,100,116
12/04/2006,CYS,WY,ANM,WE,Federal Contract Tower,1,0,1,0,2,7,19,8,4,38,8,19,9,4,40,33,80,113,153
12/05/2006,CYS,WY,ANM,WE,Federal Contract Tower,0,0,0,2,2,0,20,64,9,93,0,20,64,11,95,40,93,133,228
12/06/2006,CYS,WY,ANM,WE,Federal Contract Tower,0,0,0,1,1,0,28,13,13,54,0,28,13,14,55,30,81,111,166
12/07/2006,CYS,WY,ANM,WE,Federal Contract Tower,0,1,4,2,7,0,24,56,2,82,0,25,60,4,89,57,147,204,293
12/08/2006,CYS,WY,ANM,WE,Federal Contract Tower,0,0,0,0,0,0,18,27,2,47,0,18,27,2,47,61,30,91,138
12/09/2006,CYS,WY,ANM,WE,Federal Contract Tower,0,0,0,0,0,0,31,18,6,55,0,31,18,6,55,73,2,75,130
12/10/2006,CYS,WY,ANM,WE,Federal Contract Tower,0,0,0,0,0,0,11,43,1,55,0,11,43,1,55,66,1,67,122
12/11/2006,CYS,WY,ANM,WE,Federal Contract Tower,1,0,0,1,2,1,18,12,5,36,2,18,12,6,38,13,35,48,86
12/12/2006,CYS,WY,ANM,WE,Federal Contract Tower,1,0,0,0,1,15,21,9,3,48,16,21,9,3,49,19,109,128,177
12/13/2006,CYS,WY,ANM,WE,Federal Contract Tower,0,0,0,0,0,0,21,30,0,51,0,21,30,0,51,0,32,32,83
12/14/2006,CYS,WY,ANM,WE,Federal Contract Tower,0,0,0,0,0,0,14,24,4,42,0,14,24,4,42,9,60,69,111
12/15/2006,CYS,WY,ANM,WE,Federal Contract Tower,0,0,0,0,0,0,23,22,9,54,0,23,22,9,54,48,103,151,205
12/16/2006,CYS,WY,ANM,WE,Federal Contract Tower,0,1,0,0,1,0,11,14,0,25,0,12,14,0,26,4,10,14,40
12/17/2006,CYS,WY,ANM,WE,Federal Contract Tower,0,3,1,1,5,0,7,1,0,8,0,10,2,1,13,0,0,0,13
12/18/2006,CYS,WY,ANM,WE,Federal Contract Tower,0,0,0,0,0,0,20,33,11,64,0,20,33,11,64,58,29,87,151
12/19/2006,CYS,WY,ANM,WE,Federal Contract Tower,0,1,0,1,2,4,15,23,3,45,4,16,23,4,47,15,99,114,161
12/20/2006,CYS,WY,ANM,WE,Federal Contract Tower,3,2,1,0,6,0,1,3,0,4,3,3,4,0,10,0,9,9,19
12/21/2006,CYS,WY,ANM,WE,Federal Contract Tower,0,0,0,0,0,0,3,19,0,22,0,3,19,0,22,0,0,0,22
12/22/2006,CYS,WY,ANM,WE,Federal Contract Tower,0,1,0,0,1,0,22,65,8,95,0,23,65,8,96,4,11,15,111
12/23/2006,CYS,WY,ANM,WE,Federal Contract Tower,0,0,0,0,0,0,11,20,0,31,0,11,20,0,31,21,0,21,52
12/24/2006,CYS,WY,ANM,WE,Federal Contract Tower,0,2,0,0,2,0,4,2,0,6,0,6,2,0,8,5,0,5,13
12/25/2006,CYS,WY,ANM,WE,Federal Contract Tower,0,0,0,0,0,0,11,4,0,15,0,11,4,0,15,9,0,9,24
12/26/2006,CYS,WY,ANM,WE,Federal Contract Tower,0,0,0,0,0,0,16,20,17,53,0,16,20,17,53,24,8,32,85
12/27/2006,CYS,WY,ANM,WE,Federal Contract Tower,0,0,2,0,2,0,15,37,0,52,0,15,39,0,54,64,100,164,218
12/28/2006,CYS,WY,ANM,WE,Federal Contract Tower,0,4,1,0,5,0,13,18,0,31,0,17,19,0,36,2,50,52,88
12/29/2006,CYS,WY,ANM,WE,Federal Contract Tower,0,3,2,0,5,0,8,1,0,9,0,11,3,0,14,0,0,0,14
12/30/2006,CYS,WY,ANM,WE,Federal Contract Tower,0,0,0,0,0,0,19,5,0,24,0,19,5,0,24,4,0,4,28
12/31/2006,CYS,WY,ANM,WE,Federal Contract Tower,0,0,0,0,0,0,11,5,0,16,0,11,5,0,16,27,0,27,43
01/01/2007,CYS,WY,ANM,WE,Federal Contract Tower,0,0,0,0,0,0,12,7,0,19,0,12,7,0,19,37,0,37,56
01/02/2007,CYS,WY,ANM,WE,Federal Contract Tower,0,0,1,0,1,0,20,24,0,44,0,20,25,0,45,40,0,40,85
01/03/2007,CYS,WY,ANM,WE,Federal Contract Tower,0,0,1,0,1,0,17,38,9,64,0,17,39,9,65,39,124,163,228
01/04/2007,CYS,WY,ANM,WE,Federal Contract Tower,0,0,0,1,1,0,16,13,9,38,0,16,13,10,39,26,171,197,236
01/05/2007,CYS,WY,ANM,WE,Federal Contract Tower,0,1,1,0,2,0,14,8,1,23,0,15,9,1,25,31,101,132,157
01/06/2007,CYS,WY,ANM,WE,Federal Contract Tower,0,0,0,0,0,0,24,17,0,41,0,24,17,0,41,0,0,0,41
01/07/2007,CYS,WY,ANM,WE,Federal Contract Tower,0,0,0,0,0,0,9,10,2,21,0,9,10,2,21,2,0,2,23
01/08/2007,CYS,WY,ANM,WE,Federal Contract Tower,0,0,0,0,0,0,17,17,0,34,0,17,17,0,34,19,43,62,96
01/09/2007,CYS,WY,ANM,WE,Federal Contract Tower,0,0,2,1,3,0,15,34,28,77,0,15,36,29,80,61,59,120,200
01/10/2007,CYS,WY,ANM,WE,Federal Contract Tower,0,0,2,1,3,0,20,39,17,76,0,20,41,18,79,50,116,166,245
01/11/2007,CYS,WY,ANM,WE,Federal Contract Tower,0,6,7,2,15,0,12,15,1,28,0,18,22,3,43,34,95,129,172
01/12/2007,CYS,WY,ANM,WE,Federal Contract Tower,0,6,2,0,8,0,9,2,0,11,0,15,4,0,19,0,34,34,53
01/13/2007,CYS,WY,ANM,WE,Federal Contract Tower,0,1,0,0,1,0,16,4,2,22,0,17,4,2,23,4,1,5,28
01/14/2007,CYS,WY,ANM,WE,Federal Contract Tower,0,4,5,0,9,2,11,3,2,18,2,15,8,2,27,0,0,0,27
01/15/2007,CYS,WY,ANM,WE,Federal Contract Tower,0,0,0,0,0,0,15,21,1,37,0,15,21,1,37,49,2,51,88
01/16/2007,CYS,WY,ANM,WE,Federal Contract Tower,0,1,0,1,2,0,20,21,54,95,0,21,21,55,97,55,56,111,208
01/17/2007,CYS,WY,ANM,WE,Federal Contract Tower,0,0,0,0,0,0,16,31,55,102,0,16,31,55,102,9,120,129,231
01/18/2007,CYS,WY,ANM,WE,Federal Contract Tower,0,0,0,0,0,0,23,30,2,55,0,23,30,2,55,16,66,82,137
01/19/2007,CYS,WY,ANM,WE,Federal Contract Tower,0,0,0,0,0,0,17,29,7,53,0,17,29,7,53,42,8,50,103
01/20/2007,CYS,WY,ANM,WE,Federal Contract Tower,0,0,0,0,0,0,10,13,3,26,0,10,13,3,26,60,7,67,93
01/21/2007,CYS,WY,ANM,WE,Federal Contract Tower,0,3,0,0,3,0,10,1,0,11,0,13,1,0,14,0,0,0,14
01/22/2007,CYS,WY,ANM,WE,Federal Contract Tower,0,0,1,0,1,2,17,29,14,62,2,17,30,14,63,55,80,135,198
01/23/2007,CYS,WY,ANM,WE,Federal Contract Tower,0,0,2,0,2,0,17,29,7,53,0,17,31,7,55,70,127,197,252
01/24/2007,CYS,WY,ANM,WE,Federal Contract Tower,0,0,0,1,1,0,21,51,6,78,0,21,51,7,79,23,95,118,197
01/25/2007,CYS,WY,ANM,WE,Federal Contract Tower,1,1,2,1,5,1,15,55,12,83,2,16,57,13,88,38,68,106,194
01/26/2007,CYS,WY,ANM,WE,Federal Contract Tower,0,0,0,1,1,0,19,31,10,60,0,19,31,11,61,82,67,149,210
01/27/2007,CYS,WY,ANM,WE,Federal Contract Tower,0,0,0,0,0,0,12,6,3,21,0,12,6,3,21,2,14,16,37
01/28/2007,CYS,WY,ANM,WE,Federal Contract Tower,0,0,0,0,0,0,10,19,8,37,0,10,19,8,37,16,0,16,53
01/29/2007,CYS,WY,ANM,WE,Federal Contract Tower,0,0,0,0,0,0,14,27,2,43,0,14,27,2,43,12,120,132,175
01/30/2007,CYS,WY,ANM,WE,Federal Contract Tower,0,0,1,1,2,0,18,28,7,53,0,18,29,8,55,20,112,132,187
01/31/2007,CYS,WY,ANM,WE,Federal Contract Tower,0,2,2,1,5,1,16,19,7,43,1,18,21,8,48,13,69,82,130
02/01/2007,CYS,WY,ANM,WE,Federal Contract Tower,0,7,4,1,12,0,17,16,0,33,0,24,20,1,45,0,55,55,100
02/02/2007,CYS,WY,ANM,WE,Federal Contract Tower,0,0,1,0,1,0,14,16,3,33,0,14,17,3,34,6,18,24,58
02/03/2007,CYS,WY,ANM,WE,Federal Contract Tower,0,2,1,0,3,0,19,13,0,32,0,21,14,0,35,32,12,44,79
02/04/2007,CYS,WY,ANM,WE,Federal Contract Tower,0,0,1,0,1,0,18,12,2,32,0,18,13,2,33,0,44,44,77
02/05/2007,CYS,WY,ANM,WE,Federal Contract Tower,0,0,0,2,2,0,13,18,10,41,0,13,18,12,43,41,96,137,180
02/06/2007,CYS,WY,ANM,WE,Federal Contract Tower,0,0,0,1,1,0,19,32,10,61,0,19,32,11,62,26,63,89,151
02/07/2007,CYS,WY,ANM,WE,Federal Contract Tower,0,0,1,0,1,0,22,76,5,103,0,22,77,5,104,48,92,140,244
02/08/2007,CYS,WY,ANM,WE,Federal Contract Tower,0,0,0,1,1,13,21,22,12,68,13,21,22,13,69,7,92,99,168
02/09/2007,CYS,WY,ANM,WE,Federal Contract Tower,0,0,5,5,10,0,23,20,11,54,0,23,25,16,64,15,44,59,123
02/10/2007,CYS,WY,ANM,WE,Federal Contract Tower,0,0,7,1,8,0,13,10,5,28,0,13,17,6,36,39,27,66,102
02/11/2007,CYS,WY,ANM,WE,Federal Contract Tower,0,0,4,0,4,0,12,29,4,45,0,12,33,4,49,39,10,49,98
02/12/2007,CYS,WY,ANM,WE,Federal Contract Tower,0,7,3,15,25,0,10,6,0,16,0,17,9,15,41,14,50,64,105
02/13/2007,CYS,WY,ANM,WE,Federal Contract Tower,1,9,4,12,26,0,7,5,5,17,1,16,9,17,43,0,30,30,73
02/14/2007,CYS,WY,ANM,WE,Federal Contract Tower,0,10,6,1,17,0,6,7,3,16,0,16,13,4,33,10,74,84,117
02/15/2007,CYS,WY,ANM,WE,Federal Contract Tower,0,0,14,1,15,0,17,39,0,56,0,17,53,1,71,62,61,123,194
02/16/2007,CYS,WY,ANM,WE,Federal Contract Tower,0,0,0,0,0,0,21,10,0,31,0,21,10,0,31,2,1,3,34
02/17/2007,CYS,WY,ANM,WE,Federal Contract Tower,0,1,13,0,14,3,13,20,3,39,3,14,33,3,53,28,3,31,84
02/18/2007,CYS,WY,ANM,WE,Federal Contract Tower,0,0,15,0,15,0,15,19,0,34,0,15,34,0,49,51,0,51,100
02/19/2007,CYS,WY,ANM,WE,Federal Contract Tower,0,2,7,0,9,0,13,8,1,22,0,15,15,1,31,34,0,34,65
02/20/2007,CYS,WY,ANM,WE,Federal Contract Tower,0,0,3,3,6,0,25,14,2,41,0,25,17,5,47,19,66,85,132
02/21/2007,CYS,WY,ANM,WE,Federal Contract Tower,0,0,1,3,4,0,25,14,5,44,0,25,15,8,48,35,75,110,158
02/22/2007,CYS,WY,ANM,WE,Federal Contract Tower,0,0,3,2,5,0,18,35,2,55,0,18,38,4,60,88,36,124,184
02/23/2007,CYS,WY,ANM,WE,Federal Contract Tower,0,1,7,9,17,0,22,17,5,44,0,23,24,14,61,56,102,158,219
02/24/2007,CYS,WY,ANM,WE,Federal Contract Tower,0,0,0,0,0,0,10,1,0,11,0,10,1,0,11,0,0,0,11
02/25/2007,CYS,WY,ANM,WE,Federal Contract Tower,0,0,5,0,5,0,15,33,1,49,0,15,38,1,54,91,1,92,146
02/26/2007,CYS,WY,ANM,WE,Federal Contract Tower,0,0,0,0,0,0,23,13,0,36,0,23,13,0,36,26,101,127,163
02/27/2007,CYS,WY,ANM,WE,Federal Contract Tower,0,2,3,1,6,0,15,5,0,20,0,17,8,1,26,24,70,94,120
02/28/2007,CYS,WY,ANM,WE,Federal Contract Tower,0,0,2,8,10,0,15,38,6,59,0,15,40,14,69,48,110,158,227
03/01/2007,CYS,WY,ANM,WE,Federal Contract Tower,0,0,0,6,6,0,13,12,3,28,0,13,12,9,34,15,126,141,175
03/02/2007,CYS,WY,ANM,WE,Federal Contract Tower,0,1,0,4,5,0,25,0,14,39,0,26,0,18,44,6,66,72,116
03/03/2007,CYS,WY,ANM,WE,Federal Contract Tower,0,0,2,0,2,0,14,22,3,39,0,14,24,3,41,11,0,11,52
03/04/2007,CYS,WY,ANM,WE,Federal Contract Tower,0,1,3,2,6,0,14,18,12,44,0,15,21,14,50,51,13,64,114
03/05/2007,CYS,WY,ANM,WE,Federal Contract Tower,0,0,3,4,7,0,16,44,0,60,0,16,47,4,67,20,171,191,258
03/06/2007,CYS,WY,ANM,WE,Federal Contract Tower,0,0,3,4,7,0,13,28,0,41,0,13,31,4,48,74,111,185,233
03/07/2007,CYS,WY,ANM,WE,Federal Contract Tower,0,0,4,7,11,0,21,45,7,73,0,21,49,14,84,79,128,207,291
03/08/2007,CYS,WY,ANM,WE,Federal Contract Tower,0,0,1,8,9,0,19,35,0,54,0,19,36,8,63,12,91,103,166
03/09/2007,CYS,WY,ANM,WE,Federal Contract Tower,0,0,2,3,5,0,13,22,8,43,0,13,24,11,48,19,51,70,118
03/10/2007,CYS,WY,ANM,WE,Federal Contract Tower,0,3,2,0,5,0,9,10,3,22,0,12,12,3,27,2,0,2,29
03/11/2007,CYS,WY,ANM,WE,Federal Contract Tower,0,0,5,0,5,0,13,81,5,99,0,13,86,5,104,62,0,62,166
03/12/2007,CYS,WY,ANM,WE,Federal Contract Tower,0,0,5,0,5,0,16,26,0,42,0,16,31,0,47,81,159,240,287
03/13/2007,CYS,WY,ANM,WE,Federal Contract Tower,0,0,0,5,5,0,16,16,13,45,0,16,16,18,50,44,90,134,184
03/14/2007,CYS,WY,ANM,WE,Federal Contract Tower,0,0,3,6,9,0,19,24,3,46,0,19,27,9,55,31,107,138,193
03/15/2007,CYS,WY,ANM,WE,Federal Contract Tower,0,0,8,1,9,0,20,4,0,24,0,20,12,1,33,60,113,173,206
03/16/2007,CYS,WY,ANM,WE,Federal Contract Tower,0,0,1,0,1,0,18,34,3,55,0,18,35,3,56,39,26,65,121
03/17/2007,CYS,WY,ANM,WE,Federal Contract Tower,0,0,5,0,5,0,11,16,2,29,0,11,21,2,34,74,6,80,114
03/18/2007,CYS,WY,ANM,WE,Federal Contract Tower,0,0,1,0,1,0,16,31,0,47,0,16,32,0,48,93,1,94,142
03/19/2007,CYS,WY,ANM,WE,Federal Contract Tower,0,0,1,5,6,0,18,17,1,36,0,18,18,6,42,37,95,132,174
03/20/2007,CYS,WY,ANM,WE,Federal Contract Tower,0,3,5,4,12,0,19,18,0,37,0,22,23,4,49,59,65,124,173
03/21/2007,CYS,WY,ANM,WE,Federal Contract Tower,0,3,3,6,12,0,15,45,0,60,0,18,48,6,72,25,148,173,245
03/22/2007,CYS,WY,ANM,WE,Federal Contract Tower,0,0,9,8,17,0,19,26,5,50,0,19,35,13,67,35,165,200,267
03/23/2007,CYS,WY,ANM,WE,Federal Contract Tower,0,1,5,6,12,0,16,15,8,39,0,17,20,14,51,30,119,149,200
03/24/2007,CYS,WY,ANM,WE,Federal Contract Tower,0,10,1,2,13,0,6,4,0,10,0,16,5,2,23,0,2,2,25
03/25/2007,CYS,WY,ANM,WE,Federal Contract Tower,0,0,2,1,3,0,13,15,1,29,0,13,17,2,32,34,25,59,91
03/26/2007,CYS,WY,ANM,WE,Federal Contract Tower,0,0,1,6,7,0,16,24,0,40,0,16,25,6,47,14,73,87,134
03/27/2007,CYS,WY,ANM,WE,Federal Contract Tower,1,3,5,1,10,1,8,8,0,17,2,11,13,1,27,9,78,87,114
03/28/2007,CYS,WY,ANM,WE,Federal Contract Tower,0,4,2,1,7,0,14,14,3,31,0,18,16,4,38,4,65,69,107
03/29/2007,CYS,WY,ANM,WE,Federal Contract Tower,0,1,2,1,4,0,2,5,0,7,0,3,7,1,11,0,0,0,11
03/30/2007,CYS,WY,ANM,WE,Federal Contract Tower,0,0,5,0,5,1,14,36,0,51,1,14,41,0,56,17,51,68,124
03/31/2007,CYS,WY,ANM,WE,Federal Contract Tower,0,0,0,0,0,0,14,12,2,28,0,14,12,2,28,10,0,10,38
04/01/2007,CYS,WY,ANM,WE,Federal Contract Tower,0,0,3,0,3,0,12,10,2,24,0,12,13,2,27,20,0,20,47
04/02/2007,CYS,WY,ANM,WE,Federal Contract Tower,0,0,0,5,5,0,14,12,1,27,0,14,12,6,32,9,89,98,130
04/03/2007,CYS,WY,ANM,WE,Federal Contract Tower,0,0,0,0,0,0,17,32,2,51,0,17,32,2,51,70,98,168,219
04/04/2007,CYS,WY,ANM,WE,Federal Contract Tower,0,2,6,2,10,0,16,33,6,55,0,18,39,8,65,55,58,113,178
04/05/2007,CYS,WY,ANM,WE,Federal Contract Tower,0,5,1,5,11,0,23,19,3,45,0,28,20,8,56,15,119,134,190
04/06/2007,CYS,WY,ANM,WE,Federal Contract Tower,0,8,3,1,12,0,5,5,0,10,0,13,8,1,22,0,0,0,22
04/07/2007,CYS,WY,ANM,WE,Federal Contract Tower,0,5,2,0,7,0,7,0,0,7,0,12,2,0,14,0,0,0,14
04/08/2007,CYS,WY,ANM,WE,Federal Contract Tower,0,6,1,0,7,0,7,1,0,8,0,13,2,0,15,0,0,0,15
04/09/2007,CYS,WY,ANM,WE,Federal Contract Tower,0,0,1,0,1,0,17,26,3,46,0,17,27,3,47,30,113,143,190
04/10/2007,CYS,WY,ANM,WE,Federal Contract Tower,0,1,3,5,9,0,18,25,4,47,0,19,28,9,56,29,64,93,149
04/11/2007,CYS,WY,ANM,WE,Federal Contract Tower,0,0,0,5,5,0,17,37,11,65,0,17,37,16,70,14,170,184,254
04/12/2007,CYS,WY,ANM,WE,Federal Contract Tower,0,5,7,6,18,0,17,22,6,45,0,22,29,12,63,26,83,109,172
04/13/2007,CYS,WY,ANM,WE,Federal Contract Tower,0,2,4,4,10,1,14,8,5,28,1,16,12,9,38,8,55,63,101
04/14/2007,CYS,WY,ANM,WE,Federal Contract Tower,0,0,0,8,8,0,26,47,29,102,0,26,47,37,110,53,19,72,182
04/15/2007,CYS,WY,ANM,WE,Federal Contract Tower,0,0,0,1,1,0,18,49,1,68,0,18,49,2,69,46,25,71,140
04/16/2007,CYS,WY,ANM,WE,Federal Contract Tower,0,0,3,0,3,0,13,17,4,34,0,13,20,4,37,27,4,31,68
04/17/2007,CYS,WY,ANM,WE,Federal Contract Tower,0,0,1,3,4,0,13,47,0,60,0,13,48,3,64,37,150,187,251
04/18/2007,CYS,WY,ANM,WE,Federal Contract Tower,0,0,0,3,3,0,27,40,6,73,0,27,40,9,76,27,191,218,294
04/19/2007,CYS,WY,ANM,WE,Federal Contract Tower,0,0,0,2,2,0,20,22,11,53,0,20,22,13,55,13,80,93,148
04/20/2007,CYS,WY,ANM,WE,Federal Contract Tower,0,0,5,3,8,0,22,42,0,64,0,22,47,3,72,46,86,132,204
04/21/2007,CYS,WY,ANM,WE,Federal Contract Tower,0,0,1,0,1,0,12,11,1,24,0,12,12,1,25,61,33,94,119
04/22/2007,CYS,WY,ANM,WE,Federal Contract Tower,0,0,1,0,1,0,15,46,0,61,0,15,47,0,62,26,31,57,119
04/23/2007,CYS,WY,ANM,WE,Federal Contract Tower,0,6,0,1,7,0,8,0,0,8,0,14,0,1,15,8,13,21,36
04/24/2007,CYS,WY,ANM,WE,Federal Contract Tower,0,7,3,0,10,0,7,0,0,7,0,14,3,0,17,8,3,11,28
04/25/2007,CYS,WY,ANM,WE,Federal Contract Tower,0,1,3,2,6,0,10,27,0,37,0,11,30,2,43,53,172,225,268
04/26/2007,CYS,WY,ANM,WE,Federal Contract Tower,0,0,3,1,4,0,13,28,7,48,0,13,31,8,52,39,55,94,146
04/27/2007,CYS,WY,ANM,WE,Federal Contract Tower,0,0,3,0,3,0,13,33,0,46,0,13,36,0,49,37,42,79,128
04/28/2007,CYS,WY,ANM,WE,Federal Contract Tower,0,0,0,0,0,0,12,33,1,46,0,12,33,1,46,68,0,68,114
04/29/2007,CYS,WY,ANM,WE,Federal Contract Tower,0,0,1,0,1,0,16,15,6,37,0,16,16,6,38,42,2,44,82
04/30/2007,CYS,WY,ANM,WE,Federal Contract Tower,0,0,0,2,2,0,18,30,1,49,0,18,30,3,51,6,42,48,99
05/01/2007,CYS,WY,ANM,WE,Federal Contract Tower,1,0,3,1,5,13,23,32,0,68,14,23,35,1,73,15,56,71,144
05/02/2007,CYS,WY,ANM,WE,Federal Contract Tower,0,0,1,3,4,0,28,23,12,63,0,28,24,15,67,9,150,159,226
05/03/2007,CYS,WY,ANM,WE,Federal Contract Tower,0,0,3,7,10,0,19,25,3,47,0,19,28,10,57,7,80,87,144
05/04/2007,CYS,WY,ANM,WE,Federal Contract Tower,0,9,5,4,18,0,10,27,1,38,0,19,32,5,56,25,25,50,106
05/05/2007,CYS,WY,ANM,WE,Federal Contract Tower,0,3,0,2,5,6,7,1,3,17,6,10,1,5,22,0,17,17,39
05/06/2007,CYS,WY,ANM,WE,Federal Contract Tower,0,0,1,0,1,0,11,15,10,36,0,11,16,10,37,34,15,49,86
05/07/2007,CYS,WY,ANM,WE,Federal Contract Tower,0,0,1,3,4,0,17,24,87,128,0,17,25,90,132,40,104,144,276
05/08/2007,CYS,WY,ANM,WE,Federal Contract Tower,0,0,0,1,1,1,25,76,22,124,1,25,76,23,125,142,165,307,432
05/09/2007,CYS,WY,ANM,WE,Federal Contract Tower,0,0,0,2,2,0,15,42,20,77,0,15,42,22,79,74,94,168,247
05/10/2007,CYS,WY,ANM,WE,Federal Contract Tower,0,0,2,0,2,0,20,82,4,106,0,20,84,4,108,84,103,187,295
05/11/2007,CYS,WY,ANM,WE,Federal Contract Tower,0,0,0,4,4,0,21,91,2,114,0,21,91,6,118,72,120,192,310
05/12/2007,CYS,WY,ANM,WE,Federal Contract Tower,0,0,6,0,6,0,16,73,1,90,0,16,79,1,96,73,5,78,174
05/13/2007,CYS,WY,ANM,WE,Federal Contract Tower,0,0,0,0,0,4,15,29,1,49,4,15,29,1,49,59,0,59,108
05/14/2007,CYS,WY,ANM,WE,Federal Contract Tower,0,0,2,0,2,6,20,18,10,54,6,20,20,10,56,17,4,21,77
05/15/2007,CYS,WY,ANM,WE,Federal Contract Tower,0,2,5,5,12,0,14,27,24,65,0,16,32,29,77,74,155,229,306
05/16/2007,CYS,WY,ANM,WE,Federal Contract Tower,0,2,2,2,6,2,18,43,36,99,2,20,45,38,105,51,146,197,302
05/17/2007,CYS,WY,ANM,WE,Federal Contract Tower,0,0,2,2,4,0,16,25,52,93,0,16,27,54,97,31,47,78,175
05/18/2007,CYS,WY,ANM,WE,Federal Contract Tower,0,0,0,1,1,0,21,46,2,69,0,21,46,3,70,24,45,69,139
05/19/2007,CYS,WY,ANM,WE,Federal Contract Tower,0,0,2,0,2,0,20,35,4,59,0,20,37,4,61,40,34,74,135
05/20/2007,CYS,WY,ANM,WE,Federal Contract Tower,0,0,0,3,3,0,18,14,5,37,0,18,14,8,40,44,1,45,85
05/21/2007,CYS,WY,ANM,WE,Federal Contract Tower,0,0,0,0,0,0,18,51,6,75,0,18,51,6,75,65,78,143,218
05/22/2007,CYS,WY,ANM,WE,Federal Contract Tower,0,0,0,0,0,0,19,40,12,71,0,19,40,12,71,13,98,111,182
05/23/2007,CYS,WY,ANM,WE,Federal Contract Tower,0,0,0,2,2,0,28,46,8,82,0,28,46,10,84,30,65,95,179
05/24/2007,CYS,WY,ANM,WE,Federal Contract Tower,0,0,1,1,2,0,30,29,16,75,0,30,30,17,77,33,24,57,134
05/25/2007,CYS,WY,ANM,WE,Federal Contract Tower,0,0,0,0,0,0,28,25,0,53,0,28,25,0,53,36,0,36,89
05/26/2007,CYS,WY,ANM,WE,Federal Contract Tower,0,0,1,0,1,0,16,57,0,73,0,16,58,0,74,22,0,22,96
05/27/2007,CYS,WY,ANM,WE,Federal Contract Tower,0,0,0,0,0,0,15,68,0,83,0,15,68,0,83,50,0,50,133
05/28/2007,CYS,WY,ANM,WE,Federal Contract Tower,0,0,0,0,0,0,13,16,1,30,0,13,16,1,30,26,6,32,62
05/29/2007,CYS,WY,ANM,WE,Federal Contract Tower,0,3,3,0,6,0,10,14,0,24,0,13,17,0,30,9,35,44,74
05/30/2007,CYS,WY,ANM,WE,Federal Contract Tower,0,1,3,1,5,0,23,48,6,77,0,24,51,7,82,44,70,114,196
05/31/2007,CYS,WY,ANM,WE,Federal Contract Tower,0,0,1,1,2,0,17,37,5,59,0,17,38,6,61,36,37,73,134
06/01/2007,CYS,WY,ANM,WE,Federal Contract Tower,0,0,0,2,2,0,25,39,4,68,0,25,39,6,70,18,29,47,117
06/02/2007,CYS,WY,ANM,WE,Federal Contract Tower,0,2,0,0,2,0,18,46,16,80,0,20,46,16,82,64,26,90,172
06/03/2007,CYS,WY,ANM,WE,Federal Contract Tower,0,0,0,0,0,0,10,41,0,51,0,10,41,0,51,86,41,127,178
06/04/2007,CYS,WY,ANM,WE,Federal Contract Tower,0,0,1,2,3,0,15,27,12,54,0,15,28,14,57,52,91,143,200
06/05/2007,CYS,WY,ANM,WE,Federal Contract Tower,0,0,0,1,1,0,18,35,3,56,0,18,35,4,57,34,105,139,196
06/06/2007,CYS,WY,ANM,WE,Federal Contract Tower,0,0,0,1,1,0,15,14,6,35,0,15,14,7,36,12,111,123,159
06/07/2007,CYS,WY,ANM,WE,Federal Contract Tower,0,4,3,5,12,0,11,18,5,34,0,15,21,10,46,5,90,95,141
06/08/2007,CYS,WY,ANM,WE,Federal Contract Tower,0,0,4,0,4,0,17,53,7,77,0,17,57,7,81,37,17,54,135
06/09/2007,CYS,WY,ANM,WE,Federal Contract Tower,0,0,2,0,2,0,18,43,4,65,0,18,45,4,67,43,10,53,120
06/10/2007,CYS,WY,ANM,WE,Federal Contract Tower,0,0,1,0,1,0,23,76,8,107,0,23,77,8,108,55,7,62,170
06/11/2007,CYS,WY,ANM,WE,Federal Contract Tower,0,0,1,0,1,0,19,46,2,67,0,19,47,2,68,36,87,123,191
06/12/2007,CYS,WY,ANM,WE,Federal Contract Tower,0,0,2,1,3,0,20,38,16,74,0,20,40,17,77,34,148,182,259
06/13/2007,CYS,WY,ANM,WE,Federal Contract Tower,0,0,0,4,4,0,20,44,8,72,0,20,44,12,76,17,39,56,132
06/14/2007,CYS,WY,ANM,WE,Federal Contract Tower,0,0,0,3,3,0,20,60,8,88,0,20,60,11,91,65,38,103,194
06/15/2007,CYS,WY,ANM,WE,Federal Contract Tower,0,0,1,0,1,0,22,90,5,117,0,22,91,5,118,91,53,144,262
06/16/2007,CYS,WY,ANM,WE,Federal Contract Tower,0,0,2,1,3,0,18,33,0,51,0,18,35,1,54,49,0,49,103
06/17/2007,CYS,WY,ANM,WE,Federal Contract Tower,0,0,0,0,0,0,18,35,6,59,0,18,35,6,59,46,7,53,112
06/18/2007,CYS,WY,ANM,WE,Federal Contract Tower,0,0,0,0,0,1,17,81,13,112,1,17,81,13,112,39,77,116,228
06/19/2007,CYS,WY,ANM,WE,Federal Contract Tower,0,0,2,0,2,1,16,49,6,72,1,16,51,6,74,43,79,122,196
06/20/2007,CYS,WY,ANM,WE,Federal Contract Tower,0,0,1,2,3,0,15,59,1,75,0,15,60,3,78,41,156,197,275
06/21/2007,CYS,WY,ANM,WE,Federal Contract Tower,0,0,0,2,2,0,24,62,12,98,0,24,62,14,100,11,77,88,188
06/22/2007,CYS,WY,ANM,WE,Federal Contract Tower,0,0,8,2,10,2,15,26,6,49,2,15,34,8,59,21,15,36,95
06/23/2007,CYS,WY,ANM,WE,Federal Contract Tower,0,0,0,1,1,0,19,19,10,48,0,19,19,11,49,26,41,67,116
06/24/2007,CYS,WY,ANM,WE,Federal Contract Tower,0,0,1,0,1,0,13,31,2,46,0,13,32,2,47,82,2,84,131
06/25/2007,CYS,WY,ANM,WE,Federal Contract Tower,0,0,3,2,5,2,17,58,5,82,2,17,61,7,87,38,79,117,204
06/26/2007,CYS,WY,ANM,WE,Federal Contract Tower,0,2,2,4,8,2,17,26,12,57,2,19,28,16,65,76,61,137,202
06/27/2007,CYS,WY,ANM,WE,Federal Contract Tower,0,7,6,10,23,0,22,33,13,68,0,29,39,23,91,17,121,138,229
06/28/2007,CYS,WY,ANM,WE,Federal Contract Tower,0,12,5,12,29,0,10,53,26,89,0,22,58,38,118,35,40,75,193
06/29/2007,CYS,WY,ANM,WE,Federal Contract Tower,0,1,6,0,7,2,34,40,4,80,2,35,46,4,87,39,3,42,129
06/30/2007,CYS,WY,ANM,WE,Federal Contract Tower,0,3,1,0,4,1,20,61,1,83,1,23,62,1,87,112,2,114,201
07/01/2007,CYS,WY,ANM,WE,Federal Contract Tower,0,0,3,0,3,0,13,30,1,44,0,13,33,1,47,63,1,64,111
07/02/2007,CYS,WY,ANM,WE,Federal Contract Tower,0,0,1,6,7,2,18,38,40,98,2,18,39,46,105,11,53,64,169
07/03/2007,CYS,WY,ANM,WE,Federal Contract Tower,0,0,1,2,3,10,21,39,9,79,10,21,40,11,82,33,64,97,179
07/04/2007,CYS,WY,ANM,WE,Federal Contract Tower,0,0,2,0,2,0,9,26,0,35,0,9,28,0,37,72,0,72,109
07/05/2007,CYS,WY,ANM,WE,Federal Contract Tower,0,0,0,0,0,2,19,17,0,38,2,19,17,0,38,31,0,31,69
07/06/2007,CYS,WY,ANM,WE,Federal Contract Tower,0,0,1,4,5,0,22,37,1,60,0,22,38,5,65,50,54,104,169
07/07/2007,CYS,WY,ANM,WE,Federal Contract Tower,0,0,0,0,0,0,16,19,0,35,0,16,19,0,35,21,16,37,72
07/08/2007,CYS,WY,ANM,WE,Federal Contract Tower,0,1,0,0,1,2,10,91,0,103,2,11,91,0,104,52,17,69,173
07/09/2007,CYS,WY,ANM,WE,Federal Contract Tower,0,0,3,6,9,0,16,84,14,114,0,16,87,20,123,63,103,166,289
07/10/2007,CYS,WY,ANM,WE,Federal Contract Tower,0,1,2,9,12,0,16,18,0,34,0,17,20,9,46,54,128,182,228
07/11/2007,CYS,WY,ANM,WE,Federal Contract Tower,0,3,8,9,20,0,19,29,9,57,0,22,37,18,77,25,76,101,178
07/12/2007,CYS,WY,ANM,WE,Federal Contract Tower,0,0,3,2,5,2,25,34,2,63,2,25,37,4,68,33,88,121,189
07/13/2007,CYS,WY,ANM,WE,Federal Contract Tower,0,1,0,0,1,0,15,42,14,71,0,16,42,14,72,34,59,93,165
07/14/2007,CYS,WY,ANM,WE,Federal Contract Tower,0,0,10,0,10,0,18,32,2,52,0,18,42,2,62,81,42,123,185
07/15/2007,CYS,WY,ANM,WE,Federal Contract Tower,0,0,11,0,11,0,19,50,0,69,0,19,61,0,80,59,2,61,141
07/16/2007,CYS,WY,ANM,WE,Federal Contract Tower,0,0,6,0,6,0,22,42,3,67,0,22,48,3,73,53,49,102,175
07/17/2007,CYS,WY,ANM,WE,Federal Contract Tower,0,0,2,6,8,0,16,41,13,70,0,16,43,19,78,35,39,74,152
07/18/2007,CYS,WY,ANM,WE,Federal Contract Tower,0,0,3,7,10,0,18,16,18,52,0,18,19,25,62,67,104,171,233
07/19/2007,CYS,WY,ANM,WE,Federal Contract Tower,0,4,14,4,22,8,33,18,29,88,8,37,32,33,110,44,51,95,205
07/20/2007,CYS,WY,ANM,WE,Federal Contract Tower,0,2,9,0,11,0,18,31,7,56,0,20,40,7,67,47,9,56,123
07/21/2007,CYS,WY,ANM,WE,Federal Contract Tower,0,0,3,0,3,1,13,40,1,55,1,13,43,1,58,72,4,76,134
07/22/2007,CYS,WY,ANM,WE,Federal Contract Tower,0,0,1,0,1,0,12,89,123,224,0,12,90,123,225,26,2,28,253
07/23/2007,CYS,WY,ANM,WE,Federal Contract Tower,0,0,0,2,2,0,12,60,18,90,0,12,60,20,92,28,71,99,191
07/24/2007,CYS,WY,ANM,WE,Federal Contract Tower,7,0,2,2,11,0,15,127,30,172,7,15,129,32,183,56,39,95,278
07/25/2007,CYS,WY,ANM,WE,Federal Contract Tower,0,0,1,1,2,0,22,41,13,76,0,22,42,14,78,47,89,136,214
07/26/2007,CYS,WY,ANM,WE,Federal Contract Tower,0,0,1,4,5,0,24,64,44,132,0,24,65,48,137,31,102,133,270
07/27/2007,CYS,WY,ANM,WE,Federal Contract Tower,2,3,11,1,17,0,16,16,2,34,2,19,27,3,51,20,12,32,83
07/28/2007,CYS,WY,ANM,WE,Federal Contract Tower,0,0,1,0,1,0,12,17,0,29,0,12,18,0,30,70,1,71,101
07/29/2007,CYS,WY,ANM,WE,Federal Contract Tower,0,0,1,0,1,0,13,75,1,89,0,13,76,1,90,36,0,36,126
07/30/2007,CYS,WY,ANM,WE,Federal Contract Tower,0,3,0,3,6,13,36,62,7,118,13,39,62,10,124,44,21,65,189
07/31/2007,CYS,WY,ANM,WE,Federal Contract Tower,0,0,3,0,3,0,16,43,3,62,0,16,46,3,65,69,24,93,158
08/01/2007,CYS,WY,ANM,WE,Federal Contract Tower,0,0,1,4,5,0,17,33,9,59,0,17,34,13,64,43,48,91,155
08/02/2007,CYS,WY,ANM,WE,Federal Contract Tower,0,0,1,2,3,0,20,27,8,55,0,20,28,10,58,24,29,53,111
08/03/2007,CYS,WY,ANM,WE,Federal Contract Tower,1,0,1,6,8,4,14,32,8,58,5,14,33,14,66,56,38,94,160
08/04/2007,CYS,WY,ANM,WE,Federal Contract Tower,0,0,5,0,5,0,25,44,6,75,0,25,49,6,80,32,9,41,121
08/05/2007,CYS,WY,ANM,WE,Federal Contract Tower,0,0,1,1,2,0,10,49,0,59,0,10,50,1,61,16,25,41,102
08/06/2007,CYS,WY,ANM,WE,Federal Contract Tower,0,0,2,5,7,0,22,54,10,86,0,22,56,15,93,8,125,133,226
08/07/2007,CYS,WY,ANM,WE,Federal Contract Tower,1,0,3,2,6,3,18,33,4,58,4,18,36,6,64,55,42,97,161
08/08/2007,CYS,WY,ANM,WE,Federal Contract Tower,0,0,3,9,12,0,36,58,8,102,0,36,61,17,114,63,101,164,278
08/09/2007,CYS,WY,ANM,WE,Federal Contract Tower,1,0,0,7,8,1,19,62,16,98,2,19,62,23,106,71,107,178,284
08/10/2007,CYS,WY,ANM,WE,Federal Contract Tower,0,0,3,18,21,2,23,23,0,48,2,23,26,18,69,41,103,144,213
08/11/2007,CYS,WY,ANM,WE,Federal Contract Tower,0,0,2,0,2,0,18,49,3,70,0,18,51,3,72,68,3,71,143
08/12/2007,CYS,WY,ANM,WE,Federal Contract Tower,0,0,1,0,1,0,11,82,0,93,0,11,83,0,94,11,0,11,105
08/13/2007,CYS,WY,ANM,WE,Federal Contract Tower,0,0,1,12,13,0,20,35,18,73,0,20,36,30,86,12,94,106,192
08/14/2007,CYS,WY,ANM,WE,Federal Contract Tower,0,0,1,1,2,0,16,35,17,68,0,16,36,18,70,32,31,63,133
08/15/2007,CYS,WY,ANM,WE,Federal Contract Tower,0,0,4,14,18,0,21,32,68,121,0,21,36,82,139,56,112,168,307
08/16/2007,CYS,WY,ANM,WE,Federal Contract Tower,0,0,4,6,10,0,17,21,16,54,0,17,25,22,64,69,77,146,210
08/17/2007,CYS,WY,ANM,WE,Federal Contract Tower,0,0,2,4,6,0,25,29,32,86,0,25,31,36,92,34,19,53,145
08/18/2007,CYS,WY,ANM,WE,Federal Contract Tower,0,0,1,0,1,0,18,29,13,60,0,18,30,13,61,81,12,93,154
08/19/2007,CYS,WY,ANM,WE,Federal Contract Tower,0,0,2,0,2,0,16,54,3,73,0,16,56,3,75,60,6,66,141
08/20/2007,CYS,WY,ANM,WE,Federal Contract Tower,0,0,1,3,4,0,23,29,16,68,0,23,30,19,72,24,106,130,202
08/21/2007,CYS,WY,ANM,WE,Federal Contract Tower,0,0,7,10,17,0,19,42,13,74,0,19,49,23,91,73,152,225,316
08/22/2007,CYS,WY,ANM,WE,Federal Contract Tower,0,0,1,4,5,0,18,46,21,85,0,18,47,25,90,83,175,258,348
08/23/2007,CYS,WY,ANM,WE,Federal Contract Tower,0,3,10,7,20,4,22,28,62,116,4,25,38,69,136,22,94,116,252
08/24/2007,CYS,WY,ANM,WE,Federal Contract Tower,0,0,3,0,3,0,21,30,7,58,0,21,33,7,61,63,27,90,151
08/25/2007,CYS,WY,ANM,WE,Federal Contract Tower,0,1,3,1,5,0,25,32,1,58,0,26,35,2,63,99,11,110,173
08/26/2007,CYS,WY,ANM,WE,Federal Contract Tower,0,0,1,0,1,0,14,59,0,73,0,14,60,0,74,75,8,83,157
08/27/2007,CYS,WY,ANM,WE,Federal Contract Tower,0,0,10,9,19,0,22,39,11,72,0,22,49,20,91,18,157,175,266
08/28/2007,CYS,WY,ANM,WE,Federal Contract Tower,0,0,1,5,6,0,18,34,21,73,0,18,35,26,79,17,85,102,181
08/29/2007,CYS,WY,ANM,WE,Federal Contract Tower,0,1,9,8,18,2,19,27,16,64,2,20,36,24,82,14,52,66,148
08/30/2007,CYS,WY,ANM,WE,Federal Contract Tower,0,0,2,12,14,2,19,106,79,206,2,19,108,91,220,50,48,98,318
08/31/2007,CYS,WY,ANM,WE,Federal Contract Tower,1,0,9,8,18,1,16,41,7,65,2,16,50,15,83,61,28,89,172
09/01/2007,CYS,WY,ANM,WE,Federal Contract Tower,0,3,9,0,12,0,13,62,1,76,0,16,71,1,88,101,0,101,189
09/02/2007,CYS,WY,ANM,WE,Federal Contract Tower,0,0,8,2,10,0,11,39,4,54,0,11,47,6,64,54,0,54,118
09/03/2007,CYS,WY,ANM,WE,Federal Contract Tower,0,0,7,0,7,0,9,42,0,51,0,9,49,0,58,141,1,142,200
09/04/2007,CYS,WY,ANM,WE,Federal Contract Tower,0,0,10,7,17,0,15,30,22,67,0,15,40,29,84,109,72,181,265
09/05/2007,CYS,WY,ANM,WE,Federal Contract Tower,0,0,2,2,4,0,17,61,8,86,0,17,63,10,90,66,88,154,244
09/06/2007,CYS,WY,ANM,WE,Federal Contract Tower,0,0,8,9,17,0,27,41,15,83,0,27,49,24,100,40,95,135,235
09/07/2007,CYS,WY,ANM,WE,Federal Contract Tower,0,5,8,5,18,2,26,71,30,129,2,31,79,35,147,97,49,146,293
09/08/2007,CYS,WY,ANM,WE,Federal Contract Tower,0,0,1,0,1,0,12,41,8,61,0,12,42,8,62,39,23,62,124
09/09/2007,CYS,WY,ANM,WE,Federal Contract Tower,0,6,17,3,26,0,7,16,10,33,0,13,33,13,59,5,4,9,68
09/10/2007,CYS,WY,ANM,WE,Federal Contract Tower,0,4,13,17,34,0,21,33,3,57,0,25,46,20,91,100,77,177,268
09/11/2007,CYS,WY,ANM,WE,Federal Contract Tower,0,0,5,8,13,0,18,40,24,82,0,18,45,32,95,73,171,244,339
09/12/2007,CYS,WY,ANM,WE,Federal Contract Tower,0,0,4,8,12,0,18,30,29,77,0,18,34,37,89,62,47,109,198
09/13/2007,CYS,WY,ANM,WE,Federal Contract Tower,0,4,9,3,16,0,19,51,0,70,0,23,60,3,86,72,117,189,275
09/14/2007,CYS,WY,ANM,WE,Federal Contract Tower,0,5,0,5,10,0,26,19,6,51,0,31,19,11,61,84,32,116,177
09/15/2007,CYS,WY,ANM,WE,Federal Contract Tower,0,0,3,0,3,0,10,21,8,39,0,10,24,8,42,51,1,52,94
09/16/2007,CYS,WY,ANM,WE,Federal Contract Tower,0,0,1,0,1,2,16,65,0,83,2,16,66,0,84,64,0,64,148
09/17/2007,CYS,WY,ANM,WE,Federal Contract Tower,0,0,0,3,3,0,19,38,0,57,0,19,38,3,60,16,127,143,203
09/18/2007,CYS,WY,ANM,WE,Federal Contract Tower,0,0,2,8,10,0,21,39,7,67,0,21,41,15,77,52,76,128,205
09/19/2007,CYS,WY,ANM,WE,Federal Contract Tower,0,4,8,10,22,4,26,21,29,80,4,30,29,39,102,53,102,155,257
09/20/2007,CYS,WY,ANM,WE,Federal Contract Tower,0,0,5,9,14,0,20,56,27,103,0,20,61,36,117,33,126,159,276
09/21/2007,CYS,WY,ANM,WE,Federal Contract Tower,0,0,0,10,10,0,24,50,15,89,0,24,50,25,99,59,75,134,233
09/22/2007,CYS,WY,ANM,WE,Federal Contract Tower,0,0,3,0,3,2,15,27,2,46,2,15,30,2,49,51,0,51,100
09/23/2007,CYS,WY,ANM,WE,Federal Contract Tower,0,0,8,0,8,0,14,31,0,45,0,14,39,0,53,50,0,50,103
09/24/2007,CYS,WY,ANM,WE,Federal Contract Tower,0,9,4,7,20,0,14,20,0,34,0,23,24,7,54,3,83,86,140
09/25/2007,CYS,WY,ANM,WE,Federal Contract Tower,0,0,3,11,14,0,16,24,0,40,0,16,27,11,54,59,122,181,235
09/26/2007,CYS,WY,ANM,WE,Federal Contract Tower,0,0,7,16,23,0,28,36,25,89,0,28,43,41,112,118,176,294,406
09/27/2007,CYS,WY,ANM,WE,Federal Contract Tower,0,0,2,3,5,0,25,58,14,97,0,25,60,17,102,76,38,114,216
09/28/2007,CYS,WY,ANM,WE,Federal Contract Tower,0,6,0,2,8,0,23,24,24,71,0,29,24,26,79,50,0,50,129
09/29/2007,CYS,WY,ANM,WE,Federal Contract Tower,0,6,0,2,8,0,10,33,0,43,0,16,33,2,51,38,0,38,89
09/30/2007,CYS,WY,ANM,WE,Federal Contract Tower,0,0,3,0,3,0,13,41,0,54,0,13,44,0,57,38,4,42,99
10/01/2007,CYS,WY,ANM,WE,Federal Contract Tower,0,0,6,6,12,0,22,14,17,53,0,22,20,23,65,54,63,117,182
10/02/2007,CYS,WY,ANM,WE,Federal Contract Tower,0,0,3,9,12,0,20,31,112,163,0,20,34,121,175,30,131,161,336
10/03/2007,CYS,WY,ANM,WE,Federal Contract Tower,0,0,9,8,17,0,23,19,70,112,0,23,28,78,129,144,103,247,376
10/04/2007,CYS,WY,ANM,WE,Federal Contract Tower,0,0,4,7,11,0,17,29,37,83,0,17,33,44,94,50,84,134,228
10/05/2007,CYS,WY,ANM,WE,Federal Contract Tower,0,0,10,3,13,0,19,44,23,86,0,19,54,26,99,94,44,138,237
10/06/2007,CYS,WY,ANM,WE,Federal Contract Tower,0,0,8,0,8,2,14,27,0,43,2,14,35,0,51,71,2,73,124
10/07/2007,CYS,WY,ANM,WE,Federal Contract Tower,0,0,0,0,0,2,13,15,0,30,2,13,15,0,30,18,10,28,58
10/08/2007,CYS,WY,ANM,WE,Federal Contract Tower,0,0,3,0,3,0,18,29,0,47,0,18,32,0,50,56,0,56,106
10/09/2007,CYS,WY,ANM,WE,Federal Contract Tower,0,0,8,4,12,0,23,46,6,75,0,23,54,10,87,109,56,165,252
10/10/2007,CYS,WY,ANM,WE,Federal Contract Tower,0,0,4,6,10,0,29,75,92,196,0,29,79,98,206,86,191,277,483
10/11/2007,CYS,WY,ANM,WE,Federal Contract Tower,0,0,2,3,5,0,17,47,38,102,0,17,49,41,107,47,41,88,195
10/12/2007,CYS,WY,ANM,WE,Federal Contract Tower,0,5,4,5,14,1,18,32,7,58,1,23,36,12,72,61,24,85,157
10/13/2007,CYS,WY,ANM,WE,Federal Contract Tower,0,6,3,1,10,1,5,11,1,18,1,11,14,2,28,3,0,3,31
10/14/2007,CYS,WY,ANM,WE,Federal Contract Tower,0,7,2,0,9,0,4,4,0,8,0,11,6,0,17,0,0,0,17
10/15/2007,CYS,WY,ANM,WE,Federal Contract Tower,0,0,6,7,13,2,20,26,16,64,2,20,32,23,77,42,61,103,180
10/16/2007,CYS,WY,ANM,WE,Federal Contract Tower,0,0,14,4,18,0,18,18,64,100,0,18,32,68,118,64,57,121,239
10/17/2007,CYS,WY,ANM,WE,Federal Contract Tower,0,0,4,5,9,0,21,26,60,107,0,21,30,65,116,34,61,95,211
10/18/2007,CYS,WY,ANM,WE,Federal Contract Tower,0,1,0,6,7,0,26,22,30,78,0,27,22,36,85,7,93,100,185
10/19/2007,CYS,WY,ANM,WE,Federal Contract Tower,0,0,0,1,1,0,19,18,19,56,0,19,18,20,57,1,26,27,84
10/20/2007,CYS,WY,ANM,WE,Federal Contract Tower,0,2,0,5,7,0,13,37,1,51,0,15,37,6,58,24,6,30,88
10/21/2007,CYS,WY,ANM,WE,Federal Contract Tower,0,1,0,1,2,0,10,1,2,13,0,11,1,3,15,1,1,2,17
10/22/2007,CYS,WY,ANM,WE,Federal Contract Tower,0,0,2,10,12,0,19,41,0,60,0,19,43,10,72,36,104,140,212
10/23/2007,CYS,WY,ANM,WE,Federal Contract Tower,0,0,6,6,12,0,22,26,14,62,0,22,32,20,74,52,137,189,263
10/24/2007,CYS,WY,ANM,WE,Federal Contract Tower,0,0,1,3,4,0,15,66,40,121,0,15,67,43,125,75,53,128,253
10/25/2007,CYS,WY,ANM,WE,Federal Contract Tower,0,0,9,0,9,0,19,52,18,89,0,19,61,18,98,55,7,62,160
10/26/2007,CYS,WY,ANM,WE,Federal Contract Tower,1,11,11,5,28,0,8,7,1,16,1,19,18,6,44,29,0,29,73
10/27/2007,CYS,WY,ANM,WE,Federal Contract Tower,1,2,2,1,6,2,11,21,10,44,3,13,23,11,50,81,0,81,131
10/28/2007,CYS,WY,ANM,WE,Federal Contract Tower,0,0,7,2,9,0,14,82,5,101,0,14,89,7,110,99,3,102,212
10/29/2007,CYS,WY,ANM,WE,Federal Contract Tower,0,1,4,5,10,0,17,47,65,129,0,18,51,70,139,35,53,88,227
10/30/2007,CYS,WY,ANM,WE,Federal Contract Tower,0,1,1,13,15,0,12,28,13,53,0,13,29,26,68,83,106,189,257
10/31/2007,CYS,WY,ANM,WE,Federal Contract Tower,0,1,14,5,20,0,21,38,1,60,0,22,52,6,80,64,109,173,253
11/01/2007,CYS,WY,ANM,WE,Federal Contract Tower,0,0,12,4,16,0,18,44,11,73,0,18,56,15,89,85,87,172,261
11/02/2007,CYS,WY,ANM,WE,Federal Contract Tower,0,0,3,4,7,0,18,29,20,67,0,18,32,24,74,61,104,165,239
11/03/2007,CYS,WY,ANM,WE,Federal Contract Tower,0,1,1,2,4,0,15,17,8,40,0,16,18,10,44,33,50,83,127
11/04/2007,CYS,WY,ANM,WE,Federal Contract Tower,0,0,8,1,9,0,18,26,1,45,0,18,34,2,54,28,19,47,101
11/05/2007,CYS,WY,ANM,WE,Federal Contract Tower,0,0,12,3,15,0,17,38,16,71,0,17,50,19,86,28,95,123,209
11/06/2007,CYS,WY,ANM,WE,Federal Contract Tower,0,0,10,13,23,0,13,31,0,44,0,13,41,13,67,41,172,213,280
11/07/2007,CYS,WY,ANM,WE,Federal Contract Tower,0,0,3,9,12,0,16,24,10,50,0,16,27,19,62,30,115,145,207
11/08/2007,CYS,WY,ANM,WE,Federal Contract Tower,0,0,4,10,14,0,13,76,15,104,0,13,80,25,118,54,57,111,229
11/09/2007,CYS,WY,ANM,WE,Federal Contract Tower,0,0,1,2,3,0,17,63,2,82,0,17,64,4,85,48,47,95,180
11/10/2007,CYS,WY,ANM,WE,Federal Contract Tower,0,4,9,0,13,0,17,21,1,39,0,21,30,1,52,77,0,77,129
11/11/2007,CYS,WY,ANM,WE,Federal Contract Tower,0,2,10,0,12,2,12,26,0,40,2,14,36,0,52,56,0,56,108
11/12/2007,CYS,WY,ANM,WE,Federal Contract Tower,0,0,12,0,12,0,20,33,2,55,0,20,45,2,67,52,1,53,120
11/13/2007,CYS,WY,ANM,WE,Federal Contract Tower,0,4,2,3,9,0,25,22,0,47,0,29,24,3,56,13,82,95,151
11/14/2007,CYS,WY,ANM,WE,Federal Contract Tower,0,0,4,7,11,2,19,47,10,78,2,19,51,17,89,49,132,181,270
11/15/2007,CYS,WY,ANM,WE,Federal Contract Tower,0,7,3,11,21,0,35,42,18,95,0,42,45,29,116,41,130,171,287
11/16/2007,CYS,WY,ANM,WE,Federal Contract Tower,0,11,4,4,19,2,51,31,7,91,2,62,35,11,110,10,50,60,170
11/17/2007,CYS,WY,ANM,WE,Federal Contract Tower,0,0,0,0,0,0,15,31,2,48,0,15,31,2,48,80,0,80,128
11/18/2007,CYS,WY,ANM,WE,Federal Contract Tower,0,0,2,0,2,0,15,33,2,50,0,15,35,2,52,72,0,72,124
11/19/2007,CYS,WY,ANM,WE,Federal Contract Tower,0,9,9,2,20,0,31,40,0,71,0,40,49,2,91,30,107,137,228
11/20/2007,CYS,WY,ANM,WE,Federal Contract Tower,0,9,9,3,21,0,14,34,0,48,0,23,43,3,69,15,116,131,200
11/21/2007,CYS,WY,ANM,WE,Federal Contract Tower,0,2,7,2,11,0,20,24,1,45,0,22,31,3,56,54,69,123,179
11/22/2007,CYS,WY,ANM,WE,Federal Contract Tower,0,0,0,0,0,0,20,17,0,37,0,20,17,0,37,15,0,15,52
11/23/2007,CYS,WY,ANM,WE,Federal Contract Tower,0,0,1,0,1,0,18,27,0,45,0,18,28,0,46,40,0,40,86
11/24/2007,CYS,WY,ANM,WE,Federal Contract Tower,0,1,5,0,6,0,17,28,0,45,0,18,33,0,51,121,0,121,172
11/25/2007,CYS,WY,ANM,WE,Federal Contract Tower,0,0,3,0,3,0,13,44,0,57,0,13,47,0,60,83,0,83,143
11/26/2007,CYS,WY,ANM,WE,Federal Contract Tower,0,0,0,2,2,0,16,23,0,39,0,16,23,2,41,25,130,155,196
11/27/2007,CYS,WY,ANM,WE,Federal Contract Tower,0,0,6,6,12,0,20,21,12,53,0,20,27,18,65,49,81,130,195
11/28/2007,CYS,WY,ANM,WE,Federal Contract Tower,0,0,1,10,11,0,20,17,3,40,0,20,18,13,51,18,145,163,214
11/29/2007,CYS,WY,ANM,WE,Federal Contract Tower,0,0,6,1,7,0,16,32,14,62,0,16,38,15,69,18,83,101,170
11/30/2007,CYS,WY,ANM,WE,Federal Contract Tower,0,6,10,15,31,0,21,15,42,78,0,27,25,57,109,2,59,61,170
12/01/2007,CYS,WY,ANM,WE,Federal Contract Tower,0,5,2,1,8,0,11,6,0,17,0,16,8,1,25,0,0,0,25
12/02/2007,CYS,WY,ANM,WE,Federal Contract Tower,0,0,1,0,1,0,17,8,3,28,0,17,9,3,29,8,1,9,38
12/03/2007,CYS,WY,ANM,WE,Federal Contract Tower,0,0,0,6,6,0,19,29,5,53,0,19,29,11,59,6,155,161,220
12/04/2007,CYS,WY,ANM,WE,Federal Contract Tower,0,0,2,1,3,0,16,18,0,34,0,16,20,1,37,7,155,162,199
12/05/2007,CYS,WY,ANM,WE,Federal Contract Tower,0,1,4,13,18,0,18,47,14,79,0,19,51,27,97,67,103,170,267
12/06/2007,CYS,WY,ANM,WE,Federal Contract Tower,0,2,1,4,7,0,21,30,4,55,0,23,31,8,62,23,78,101,163
12/07/2007,CYS,WY,ANM,WE,Federal Contract Tower,0,6,7,0,13,0,7,7,0,14,0,13,14,0,27,0,0,0,27
12/08/2007,CYS,WY,ANM,WE,Federal Contract Tower,0,4,0,0,4,0,4,1,0,5,0,8,1,0,9,0,0,0,9
12/09/2007,CYS,WY,ANM,WE,Federal Contract Tower,0,2,2,0,4,0,12,3,0,15,0,14,5,0,19,34,0,34,53
12/10/2007,CYS,WY,ANM,WE,Federal Contract Tower,0,1,11,6,18,0,18,27,2,47,0,19,38,8,65,26,127,153,218
12/11/2007,CYS,WY,ANM,WE,Federal Contract Tower,0,1,4,0,5,0,10,1,1,12,0,11,5,1,17,4,1,5,22
12/12/2007,CYS,WY,ANM,WE,Federal Contract Tower,0,3,10,12,25,0,16,45,3,64,0,19,55,15,89,38,98,136,225
12/13/2007,CYS,WY,ANM,WE,Federal Contract Tower,0,1,5,13,19,0,22,7,26,55,0,23,12,39,74,40,87,127,201
12/14/2007,CYS,WY,ANM,WE,Federal Contract Tower,0,2,3,9,14,0,18,12,3,33,0,20,15,12,47,2,24,26,73
12/15/2007,CYS,WY,ANM,WE,Federal Contract Tower,0,2,2,2,6,0,13,45,5,63,0,15,47,7,69,74,6,80,149
12/16/2007,CYS,WY,ANM,WE,Federal Contract Tower,0,0,4,0,4,0,21,27,1,49,0,21,31,1,53,41,0,41,94
12/17/2007,CYS,WY,ANM,WE,Federal Contract Tower,0,0,2,9,11,0,28,28,3,59,0,28,30,12,70,35,135,170,240
12/18/2007,CYS,WY,ANM,WE,Federal Contract Tower,2,0,6,3,11,2,22,42,5,71,4,22,48,8,82,83,104,187,269
12/19/2007,CYS,WY,ANM,WE,Federal Contract Tower,0,0,5,17,22,0,14,41,3,58,0,14,46,20,80,43,190,233,313
12/20/2007,CYS,WY,ANM,WE,Federal Contract Tower,0,0,3,0,3,0,17,21,0,38,0,17,24,0,41,20,82,102,143
12/21/2007,CYS,WY,ANM,WE,Federal Contract Tower,0,5,3,2,10,0,22,12,2,36,0,27,15,4,46,0,17,17,63
12/22/2007,CYS,WY,ANM,WE,Federal Contract Tower,1,0,5,0,6,0,17,25,0,42,1,17,30,0,48,44,0,44,92
12/23/2007,CYS,WY,ANM,WE,Federal Contract Tower,0,0,1,0,1,1,13,1,0,15,1,13,2,0,16,6,0,6,22
12/24/2007,CYS,WY,ANM,WE,Federal Contract Tower,0,0,6,0,6,0,16,36,0,52,0,16,42,0,58,16,0,16,74
12/25/2007,CYS,WY,ANM,WE,Federal Contract Tower,0,1,2,0,3,2,11,0,0,13,2,12,2,0,16,0,0,0,16
12/26/2007,CYS,WY,ANM,WE,Federal Contract Tower,0,0,5,0,5,0,18,22,15,55,0,18,27,15,60,17,73,90,150
12/27/2007,CYS,WY,ANM,WE,Federal Contract Tower,0,4,1,0,5,0,6,0,1,7,0,10,1,1,12,0,0,0,12
12/28/2007,CYS,WY,ANM,WE,Federal Contract Tower,0,0,3,3,6,2,12,10,5,29,2,12,13,8,35,10,28,38,73
12/29/2007,CYS,WY,ANM,WE,Federal Contract Tower,0,0,7,0,7,0,16,10,0,26,0,16,17,0,33,40,0,40,73
12/30/2007,CYS,WY,ANM,WE,Federal Contract Tower,0,1,0,0,1,0,9,7,0,16,0,10,7,0,17,7,0,7,24
12/31/2007,CYS,WY,ANM,WE,Federal Contract Tower,0,0,0,0,0,0,16,3,0,19,0,16,3,0,19,1,0,1,20
01/01/2008,CYS,WY,ANM,WE,Federal Contract Tower,0,0,3,0,3,0,12,6,0,18,0,12,9,0,21,34,0,34,55
01/02/2008,CYS,WY,ANM,WE,Federal Contract Tower,0,0,4,6,10,0,25,38,13,76,0,25,42,19,86,75,78,153,239
01/03/2008,CYS,WY,ANM,WE,Federal Contract Tower,0,0,10,4,14,0,16,20,0,36,0,16,30,4,50,63,32,95,145
01/04/2008,CYS,WY,ANM,WE,Federal Contract Tower,0,0,2,2,4,0,24,9,4,37,0,24,11,6,41,63,40,103,144
01/05/2008,CYS,WY,ANM,WE,Federal Contract Tower,0,0,3,0,3,0,16,19,0,35,0,16,22,0,38,10,0,10,48
01/06/2008,CYS,WY,ANM,WE,Federal Contract Tower,0,2,6,1,9,0,10,3,0,13,0,12,9,1,22,22,5,27,49
01/07/2008,CYS,WY,ANM,WE,Federal Contract Tower,0,2,4,12,18,0,19,28,5,52,0,21,32,17,70,12,124,136,206
01/08/2008,CYS,WY,ANM,WE,Federal Contract Tower,0,0,7,10,17,0,20,22,2,44,0,20,29,12,61,66,114,180,241
01/09/2008,CYS,WY,ANM,WE,Federal Contract Tower,0,0,3,9,12,0,19,20,3,42,0,19,23,12,54,3,62,65,119
01/10/2008,CYS,WY,ANM,WE,Federal Contract Tower,0,0,2,5,7,0,15,13,17,45,0,15,15,22,52,8,26,34,86
01/11/2008,CYS,WY,ANM,WE,Federal Contract Tower,0,0,3,4,7,0,20,22,25,67,0,20,25,29,74,30,34,64,138
01/12/2008,CYS,WY,ANM,WE,Federal Contract Tower,0,0,4,2,6,0,13,41,0,54,0,13,45,2,60,83,64,147,207
01/13/2008,CYS,WY,ANM,WE,Federal Contract Tower,0,0,1,1,2,0,10,26,0,36,0,10,27,1,38,75,58,133,171
01/14/2008,CYS,WY,ANM,WE,Federal Contract Tower,0,0,3,3,6,0,13,51,5,69,0,13,54,8,75,100,97,197,272
01/15/2008,CYS,WY,ANM,WE,Federal Contract Tower,0,0,0,16,16,0,19,17,34,70,0,19,17,50,86,10,101,111,197
01/16/2008,CYS,WY,ANM,WE,Federal Contract Tower,0,0,5,4,9,0,23,38,32,93,0,23,43,36,102,19,12,31,133
01/17/2008,CYS,WY,ANM,WE,Federal Contract Tower,0,0,3,3,6,0,22,23,9,54,0,22,26,12,60,19,23,42,102
01/18/2008,CYS,WY,ANM,WE,Federal Contract Tower,0,1,1,0,2,0,17,11,0,28,0,18,12,0,30,28,30,58,88
01/19/2008,CYS,WY,ANM,WE,Federal Contract Tower,0,0,10,2,12,0,19,29,0,48,0,19,39,2,60,44,2,46,106
01/20/2008,CYS,WY,ANM,WE,Federal Contract Tower,0,3,4,0,7,0,12,24,0,36,0,15,28,0,43,75,0,75,118
01/21/2008,CYS,WY,ANM,WE,Federal Contract Tower,0,2,3,0,5,0,12,4,1,17,0,14,7,1,22,3,0,3,25
01/22/2008,CYS,WY,ANM,WE,Federal Contract Tower,0,0,0,4,4,0,21,10,0,31,0,21,10,4,35,32,135,167,202
01/23/2008,CYS,WY,ANM,WE,Federal Contract Tower,0,0,2,13,15,0,24,25,7,56,0,24,27,20,71,17,147,164,235
01/24/2008,CYS,WY,ANM,WE,Federal Contract Tower,0,0,8,14,22,0,20,35,61,116,0,20,43,75,138,96,107,203,341
01/25/2008,CYS,WY,ANM,WE,Federal Contract Tower,0,2,0,2,4,0,28,23,6,57,0,30,23,8,61,15,65,80,141
01/26/2008,CYS,WY,ANM,WE,Federal Contract Tower,0,1,0,2,3,0,11,1,16,28,0,12,1,18,31,2,12,14,45
01/27/2008,CYS,WY,ANM,WE,Federal Contract Tower,0,0,6,2,8,0,13,39,1,53,0,13,45,3,61,38,0,38,99
01/28/2008,CYS,WY,ANM,WE,Federal Contract Tower,0,2,0,11,13,0,14,18,4,36,0,16,18,15,49,5,67,72,121
01/29/2008,CYS,WY,ANM,WE,Federal Contract Tower,0,0,0,8,8,0,19,36,0,55,0,19,36,8,63,7,173,180,243
01/30/2008,CYS,WY,ANM,WE,Federal Contract Tower,0,3,0,2,5,0,13,16,0,29,0,16,16,2,34,23,160,183,217
01/31/2008,CYS,WY,ANM,WE,Federal Contract Tower,0,0,6,4,10,0,25,44,8,77,0,25,50,12,87,42,50,92,179
02/01/2008,CYS,WY,ANM,WE,Federal Contract Tower,0,0,3,3,6,0,14,18,2,34,0,14,21,5,40,10,32,42,82
02/02/2008,CYS,WY,ANM,WE,Federal Contract Tower,0,2,7,0,9,0,12,48,0,60,0,14,55,0,69,127,5,132,201
02/03/2008,CYS,WY,ANM,WE,Federal Contract Tower,0,0,2,0,2,0,15,36,7,58,0,15,38,7,60,68,0,68,128
02/04/2008,CYS,WY,ANM,WE,Federal Contract Tower,0,2,5,5,12,0,13,10,14,37,0,15,15,19,49,4,33,37,86
02/05/2008,CYS,WY,ANM,WE,Federal Contract Tower,0,0,3,8,11,0,17,25,17,59,0,17,28,25,70,50,165,215,285
02/06/2008,CYS,WY,ANM,WE,Federal Contract Tower,0,0,0,10,10,0,24,26,30,80,0,24,26,40,90,13,169,182,272
02/07/2008,CYS,WY,ANM,WE,Federal Contract Tower,0,0,0,8,8,1,27,29,10,67,1,27,29,18,75,7,60,67,142
02/08/2008,CYS,WY,ANM,WE,Federal Contract Tower,0,0,0,6,6,0,19,23,1,43,0,19,23,7,49,10,90,100,149
02/09/2008,CYS,WY,ANM,WE,Federal Contract Tower,0,0,0,0,0,0,15,10,16,41,0,15,10,16,41,29,18,47,88
02/10/2008,CYS,WY,ANM,WE,Federal Contract Tower,0,0,6,3,9,0,15,32,0,47,0,15,38,3,56,80,36,116,172
02/11/2008,CYS,WY,ANM,WE,Federal Contract Tower,0,2,4,16,22,0,15,17,3,35,0,17,21,19,57,13,155,168,225
02/12/2008,CYS,WY,ANM,WE,Federal Contract Tower,0,1,3,15,19,0,17,30,31,78,0,18,33,46,97,32,150,182,279
02/13/2008,CYS,WY,ANM,WE,Federal Contract Tower,0,3,5,9,17,0,18,43,23,84,0,21,48,32,101,21,88,109,210
02/14/2008,CYS,WY,ANM,WE,Federal Contract Tower,0,1,3,0,4,0,14,17,0,31,0,15,20,0,35,32,76,108,143
02/15/2008,CYS,WY,ANM,WE,Federal Contract Tower,0,0,10,0,10,0,12,73,3,88,0,12,83,3,98,118,0,118,216
02/16/2008,CYS,WY,ANM,WE,Federal Contract Tower,0,0,4,2,6,1,11,38,1,51,1,11,42,3,57,56,1,57,114
02/17/2008,CYS,WY,ANM,WE,Federal Contract Tower,0,0,0,1,1,0,11,7,0,18,0,11,7,1,19,7,2,9,28
02/18/2008,CYS,WY,ANM,WE,Federal Contract Tower,0,0,0,0,0,0,15,23,2,40,0,15,23,2,40,26,3,29,69
02/19/2008,CYS,WY,ANM,WE,Federal Contract Tower,0,1,3,5,9,0,16,64,6,86,0,17,67,11,95,26,58,84,179
02/20/2008,CYS,WY,ANM,WE,Federal Contract Tower,0,0,7,4,11,0,22,50,2,74,0,22,57,6,85,63,113,176,261
02/21/2008,CYS,WY,ANM,WE,Federal Contract Tower,0,0,6,2,8,0,20,30,13,63,0,20,36,15,71,26,73,99,170
02/22/2008,CYS,WY,ANM,WE,Federal Contract Tower,0,0,4,0,4,0,17,27,15,59,0,17,31,15,63,36,31,67,130
02/23/2008,CYS,WY,ANM,WE,Federal Contract Tower,0,0,2,3,5,0,10,29,14,53,0,10,31,17,58,94,10,104,162
02/24/2008,CYS,WY,ANM,WE,Federal Contract Tower,0,0,4,0,4,0,12,44,2,58,0,12,48,2,62,39,0,39,101
02/25/2008,CYS,WY,ANM,WE,Federal Contract Tower,0,6,7,7,20,0,13,9,0,22,0,19,16,7,42,4,67,71,113
02/26/2008,CYS,WY,ANM,WE,Federal Contract Tower,0,0,1,4,5,0,15,24,9,48,0,15,25,13,53,11,174,185,238
02/27/2008,CYS,WY,ANM,WE,Federal Contract Tower,0,0,2,6,8,0,19,29,13,61,0,19,31,19,69,72,91,163,232
02/28/2008,CYS,WY,ANM,WE,Federal Contract Tower,0,0,0,4,4,0,21,23,9,53,0,21,23,13,57,13,30,43,100
02/29/2008,CYS,WY,ANM,WE,Federal Contract Tower,0,4,7,13,24,0,26,60,19,105,0,30,67,32,129,50,183,233,362
03/01/2008,CYS,WY,ANM,WE,Federal Contract Tower,0,0,5,0,5,0,11,21,2,34,0,11,26,2,39,60,2,62,101
03/02/2008,CYS,WY,ANM,WE,Federal Contract Tower,0,1,1,0,2,0,7,3,2,12,0,8,4,2,14,0,4,4,18
03/03/2008,CYS,WY,ANM,WE,Federal Contract Tower,0,0,3,6,9,0,17,30,12,59,0,17,33,18,68,37,101,138,206
03/04/2008,CYS,WY,ANM,WE,Federal Contract Tower,0,5,5,6,16,0,16,21,6,43,0,21,26,12,59,7,76,83,142
03/05/2008,CYS,WY,ANM,WE,Federal Contract Tower,0,1,2,10,13,0,15,23,5,43,0,16,25,15,56,11,119,130,186
03/06/2008,CYS,WY,ANM,WE,Federal Contract Tower,0,0,7,8,15,0,21,25,10,56,0,21,32,18,71,14,122,136,207
03/07/2008,CYS,WY,ANM,WE,Federal Contract Tower,0,0,0,7,7,2,19,17,12,50,2,19,17,19,57,19,77,96,153
03/08/2008,CYS,WY,ANM,WE,Federal Contract Tower,0,0,3,2,5,0,15,23,0,38,0,15,26,2,43,45,24,69,112
03/09/2008,CYS,WY,ANM,WE,Federal Contract Tower,0,0,1,1,2,0,12,40,2,54,0,12,41,3,56,61,13,74,130
03/10/2008,CYS,WY,ANM,WE,Federal Contract Tower,0,0,1,6,7,0,16,50,14,80,0,16,51,20,87,47,109,156,243
03/11/2008,CYS,WY,ANM,WE,Federal Contract Tower,0,0,1,7,8,0,17,30,16,63,0,17,31,23,71,22,46,68,139
03/12/2008,CYS,WY,ANM,WE,Federal Contract Tower,0,0,1,5,6,0,20,44,18,82,0,20,45,23,88,28,41,69,157
03/13/2008,CYS,WY,ANM,WE,Federal Contract Tower,0,0,5,2,7,0,19,29,1,49,0,19,34,3,56,26,129,155,211
03/14/2008,CYS,WY,ANM,WE,Federal Contract Tower,0,2,3,2,7,0,16,28,4,48,0,18,31,6,55,52,55,107,162
03/15/2008,CYS,WY,ANM,WE,Federal Contract Tower,0,3,8,0,11,0,24,7,2,33,0,27,15,2,44,132,0,132,176
03/16/2008,CYS,WY,ANM,WE,Federal Contract Tower,0,2,1,3,6,0,4,2,0,6,0,6,3,3,12,0,3,3,15
03/17/2008,CYS,WY,ANM,WE,Federal Contract Tower,0,3,6,10,19,0,15,8,4,27,0,18,14,14,46,10,56,66,112
03/18/2008,CYS,WY,ANM,WE,Federal Contract Tower,0,0,7,6,13,0,16,33,9,58,0,16,40,15,71,46,70,116,187
03/19/2008,CYS,WY,ANM,WE,Federal Contract Tower,0,0,2,8,10,0,19,48,5,72,0,19,50,13,82,48,122,170,252
03/20/2008,CYS,WY,ANM,WE,Federal Contract Tower,0,0,2,0,2,0,27,22,4,53,0,27,24,4,55,32,85,117,172
03/21/2008,CYS,WY,ANM,WE,Federal Contract Tower,0,0,0,2,2,0,16,38,11,65,0,16,38,13,67,18,129,147,214
03/22/2008,CYS,WY,ANM,WE,Federal Contract Tower,0,1,1,0,2,0,10,25,0,35,0,11,26,0,37,18,18,36,73
03/23/2008,CYS,WY,ANM,WE,Federal Contract Tower,0,0,0,0,0,0,10,39,0,49,0,10,39,0,49,61,0,61,110
03/24/2008,CYS,WY,ANM,WE,Federal Contract Tower,0,0,1,6,7,0,22,15,0,37,0,22,16,6,44,20,18,38,82
03/25/2008,CYS,WY,ANM,WE,Federal Contract Tower,0,0,1,8,9,0,14,27,24,65,0,14,28,32,74,13,135,148,222
03/26/2008,CYS,WY,ANM,WE,Federal Contract Tower,0,0,2,4,6,0,20,21,8,49,0,20,23,12,55,22,63,85,140
03/27/2008,CYS,WY,ANM,WE,Federal Contract Tower,0,6,0,0,6,0,27,13,13,53,0,33,13,13,59,13,23,36,95
03/28/2008,CYS,WY,ANM,WE,Federal Contract Tower,0,0,2,5,7,0,18,36,7,61,0,18,38,12,68,23,98,121,189
03/29/2008,CYS,WY,ANM,WE,Federal Contract Tower,0,1,1,0,2,0,16,17,2,35,0,17,18,2,37,33,0,33,70
03/30/2008,CYS,WY,ANM,WE,Federal Contract Tower,0,3,3,0,6,0,10,4,0,14,0,13,7,0,20,0,0,0,20
03/31/2008,CYS,WY,ANM,WE,Federal Contract Tower,0,2,1,4,7,1,16,16,7,40,1,18,17,11,47,24,111,135,182
04/01/2008,CYS,WY,ANM,WE,Federal Contract Tower,0,0,4,0,4,2,18,28,0,48,2,18,32,0,52,93,134,227,279
04/02/2008,CYS,WY,ANM,WE,Federal Contract Tower,0,0,7,2,9,0,19,37,2,58,0,19,44,4,67,37,46,83,150
04/03/2008,CYS,WY,ANM,WE,Federal Contract Tower,0,0,6,5,11,0,19,18,16,53,0,19,24,21,64,41,46,87,151
04/04/2008,CYS,WY,ANM,WE,Federal Contract Tower,0,0,7,9,16,1,21,62,10,94,1,21,69,19,110,56,91,147,257
04/05/2008,CYS,WY,ANM,WE,Federal Contract Tower,0,0,5,0,5,12,24,35,1,72,12,24,40,1,77,116,92,208,285
04/06/2008,CYS,WY,ANM,WE,Federal Contract Tower,0,0,4,0,4,0,12,20,6,38,0,12,24,6,42,67,34,101,143
04/07/2008,CYS,WY,ANM,WE,Federal Contract Tower,0,6,6,2,14,0,10,0,1,11,0,16,6,3,25,7,0,7,32
04/08/2008,CYS,WY,ANM,WE,Federal Contract Tower,0,0,10,3,13,0,14,36,13,63,0,14,46,16,76,102,37,139,215
04/09/2008,CYS,WY,ANM,WE,Federal Contract Tower,0,10,6,1,17,0,21,27,3,51,0,31,33,4,68,0,60,60,128
04/10/2008,CYS,WY,ANM,WE,Federal Contract Tower,0,7,7,0,14,0,6,4,0,10,0,13,11,0,24,0,0,0,24
04/11/2008,CYS,WY,ANM,WE,Federal Contract Tower,0,0,4,4,8,0,18,10,7,35,0,18,14,11,43,2,124,126,169
04/12/2008,CYS,WY,ANM,WE,Federal Contract Tower,0,5,1,2,8,0,9,16,6,31,0,14,17,8,39,4,1,5,44
04/13/2008,CYS,WY,ANM,WE,Federal Contract Tower,0,0,6,0,6,0,11,26,8,45,0,11,32,8,51,104,2,106,157
04/14/2008,CYS,WY,ANM,WE,Federal Contract Tower,0,0,13,4,17,0,25,47,1,73,0,25,60,5,90,63,74,137,227
04/15/2008,CYS,WY,ANM,WE,Federal Contract Tower,0,0,0,4,4,0,18,40,7,65,0,18,40,11,69,41,95,136,205
04/16/2008,CYS,WY,ANM,WE,Federal Contract Tower,0,0,0,13,13,0,18,46,11,75,0,18,46,24,88,8,198,206,294
04/17/2008,CYS,WY,ANM,WE,Federal Contract Tower,0,0,5,5,10,0,15,29,4,48,0,15,34,9,58,74,70,144,202
04/18/2008,CYS,WY,ANM,WE,Federal Contract Tower,0,0,6,5,11,0,20,37,7,64,0,20,43,12,75,55,122,177,252
04/19/2008,CYS,WY,ANM,WE,Federal Contract Tower,0,4,2,1,7,0,22,10,1,33,0,26,12,2,40,66,15,81,121
04/20/2008,CYS,WY,ANM,WE,Federal Contract Tower,0,0,1,0,1,0,14,12,1,27,0,14,13,1,28,42,1,43,71
04/21/2008,CYS,WY,ANM,WE,Federal Contract Tower,0,0,1,0,1,0,14,25,5,44,0,14,26,5,45,30,105,135,180
04/22/2008,CYS,WY,ANM,WE,Federal Contract Tower,0,3,3,8,14,0,15,10,0,25,0,18,13,8,39,81,94,175,214
04/23/2008,CYS,WY,ANM,WE,Federal Contract Tower,0,0,2,9,11,0,19,19,0,38,0,19,21,9,49,65,228,293,342
04/24/2008,CYS,WY,ANM,WE,Federal Contract Tower,0,0,0,0,0,0,19,31,3,53,0,19,31,3,53,54,115,169,222
04/25/2008,CYS,WY,ANM,WE,Federal Contract Tower,0,3,2,0,5,0,23,19,0,42,0,26,21,0,47,32,27,59,106
04/26/2008,CYS,WY,ANM,WE,Federal Contract Tower,0,4,0,0,4,0,13,8,1,22,0,17,8,1,26,7,0,7,33
04/27/2008,CYS,WY,ANM,WE,Federal Contract Tower,0,0,3,1,4,0,12,13,1,26,0,12,16,2,30,68,3,71,101
04/28/2008,CYS,WY,ANM,WE,Federal Contract Tower,0,0,9,6,15,0,21,26,0,47,0,21,35,6,62,86,139,225,287
04/29/2008,CYS,WY,ANM,WE,Federal Contract Tower,0,0,0,11,11,0,19,24,5,48,0,19,24,16,59,49,139,188,247
04/30/2008,CYS,WY,ANM,WE,Federal Contract Tower,0,0,3,10,13,0,21,51,14,86,0,21,54,24,99,34,153,187,286
05/01/2008,CYS,WY,ANM,WE,Federal Contract Tower,0,2,4,7,13,0,12,11,41,64,0,14,15,48,77,9,101,110,187
05/02/2008,CYS,WY,ANM,WE,Federal Contract Tower,0,3,1,0,4,0,12,4,0,16,0,15,5,0,20,2,14,16,36
05/03/2008,CYS,WY,ANM,WE,Federal Contract Tower,0,0,6,0,6,0,9,91,21,121,0,9,97,21,127,53,32,85,212
05/04/2008,CYS,WY,ANM,WE,Federal Contract Tower,0,0,4,1,5,0,12,6,13,31,0,12,10,14,36,70,19,89,125
05/05/2008,CYS,WY,ANM,WE,Federal Contract Tower,0,0,1,4,5,0,16,17,0,33,0,16,18,4,38,53,33,86,124
05/06/2008,CYS,WY,ANM,WE,Federal Contract Tower,0,0,1,11,12,4,17,19,9,49,4,17,20,20,61,51,31,82,143
05/07/2008,CYS,WY,ANM,WE,Federal Contract Tower,0,0,5,12,17,4,12,10,0,26,4,12,15,12,43,39,90,129,172
05/08/2008,CYS,WY,ANM,WE,Federal Contract Tower,0,0,2,2,4,2,21,17,1,41,2,21,19,3,45,20,45,65,110
05/09/2008,CYS,WY,ANM,WE,Federal Contract Tower,0,0,4,4,8,0,14,23,6,43,0,14,27,10,51,43,11,54,105
05/10/2008,CYS,WY,ANM,WE,Federal Contract Tower,0,4,3,0,7,0,14,19,4,37,0,18,22,4,44,16,5,21,65
05/11/2008,CYS,WY,ANM,WE,Federal Contract Tower,0,0,0,0,0,0,22,34,2,58,0,22,34,2,58,10,0,10,68
05/12/2008,CYS,WY,ANM,WE,Federal Contract Tower,0,2,0,3,5,0,21,25,0,46,0,23,25,3,51,7,171,178,229
05/13/2008,CYS,WY,ANM,WE,Federal Contract Tower,0,0,4,6,10,0,19,24,9,52,0,19,28,15,62,22,66,88,150
05/14/2008,CYS,WY,ANM,WE,Federal Contract Tower,0,0,2,8,10,0,17,63,42,122,0,17,65,50,132,31,78,109,241
05/15/2008,CYS,WY,ANM,WE,Federal Contract Tower,0,1,2,5,8,0,17,33,47,97,0,18,35,52,105,35,215,250,355
05/16/2008,CYS,WY,ANM,WE,Federal Contract Tower,0,0,6,8,14,0,17,45,11,73,0,17,51,19,87,45,63,108,195
05/17/2008,CYS,WY,ANM,WE,Federal Contract Tower,0,0,2,0,2,2,10,58,2,72,2,10,60,2,74,104,20,124,198
05/18/2008,CYS,WY,ANM,WE,Federal Contract Tower,0,0,2,3,5,0,17,42,2,61,0,17,44,5,66,45,36,81,147
05/19/2008,CYS,WY,ANM,WE,Federal Contract Tower,0,0,1,10,11,0,17,18,18,53,0,17,19,28,64,52,63,115,179
05/20/2008,CYS,WY,ANM,WE,Federal Contract Tower,0,0,5,9,14,2,18,15,11,46,2,18,20,20,60,70,88,158,218
05/21/2008,CYS,WY,ANM,WE,Federal Contract Tower,0,0,1,6,7,0,17,32,36,85,0,17,33,42,92,26,147,173,265
05/22/2008,CYS,WY,ANM,WE,Federal Contract Tower,0,2,1,0,3,0,4,5,1,10,0,6,6,1,13,0,0,0,13
05/23/2008,CYS,WY,ANM,WE,Federal Contract Tower,0,0,2,0,2,0,21,28,8,57,0,21,30,8,59,16,8,24,83
05/24/2008,CYS,WY,ANM,WE,Federal Contract Tower,0,0,1,0,1,0,11,46,2,59,0,11,47,2,60,35,1,36,96
05/25/2008,CYS,WY,ANM,WE,Federal Contract Tower,0,0,5,0,5,0,14,10,0,24,0,14,15,0,29,60,0,60,89
05/26/2008,CYS,WY,ANM,WE,Federal Contract Tower,0,7,7,1,15,0,6,3,2,11,0,13,10,3,26,2,0,2,28
05/27/2008,CYS,WY,ANM,WE,Federal Contract Tower,0,6,13,7,26,0,11,28,10,49,0,17,41,17,75,5,51,56,131
05/28/2008,CYS,WY,ANM,WE,Federal Contract Tower,0,1,4,4,9,0,14,21,8,43,0,15,25,12,52,30,55,85,137
05/29/2008,CYS,WY,ANM,WE,Federal Contract Tower,0,4,3,9,16,0,15,35,38,88,0,19,38,47,104,86,70,156,260
05/30/2008,CYS,WY,ANM,WE,Federal Contract Tower,0,0,10,4,14,0,22,48,13,83,0,22,58,17,97,31,107,138,235
05/31/2008,CYS,WY,ANM,WE,Federal Contract Tower,0,6,7,0,13,0,27,42,0,69,0,33,49,0,82,73,2,75,157
06/01/2008,CYS,WY,ANM,WE,Federal Contract Tower,0,0,4,0,4,0,13,14,0,27,0,13,18,0,31,102,11,113,144
06/02/2008,CYS,WY,ANM,WE,Federal Contract Tower,0,0,7,6,13,0,18,31,32,81,0,18,38,38,94,33,53,86,180
06/03/2008,CYS,WY,ANM,WE,Federal Contract Tower,0,1,2,4,7,0,14,15,0,29,0,15,17,4,36,40,46,86,122
06/04/2008,CYS,WY,ANM,WE,Federal Contract Tower,0,6,9,0,15,0,9,12,2,23,0,15,21,2,38,39,14,53,91
06/05/2008,CYS,WY,ANM,WE,Federal Contract Tower,0,2,6,8,16,0,13,23,27,63,0,15,29,35,79,3,20,23,102
06/06/2008,CYS,WY,ANM,WE,Federal Contract Tower,0,0,6,3,9,0,19,38,17,74,0,19,44,20,83,50,159,209,292
06/07/2008,CYS,WY,ANM,WE,Federal Contract Tower,0,0,8,0,8,0,10,25,2,37,0,10,33,2,45,41,17,58,103
06/08/2008,CYS,WY,ANM,WE,Federal Contract Tower,0,4,0,1,5,0,10,51,6,67,0,14,51,7,72,48,9,57,129
06/09/2008,CYS,WY,ANM,WE,Federal Contract Tower,0,0,7,10,17,0,25,66,30,121,0,25,73,40,138,45,144,189,327
06/10/2008,CYS,WY,ANM,WE,Federal Contract Tower,0,0,8,3,11,0,14,32,18,64,0,14,40,21,75,51,24,75,150
06/11/2008,CYS,WY,ANM,WE,Federal Contract Tower,0,0,4,7,11,0,23,34,4,61,0,23,38,11,72,23,52,75,147
06/12/2008,CYS,WY,ANM,WE,Federal Contract Tower,0,0,4,12,16,0,25,34,21,80,0,25,38,33,96,59,102,161,257
06/13/2008,CYS,WY,ANM,WE,Federal Contract Tower,0,0,13,7,20,0,22,41,6,69,0,22,54,13,89,65,32,97,186
06/14/2008,CYS,WY,ANM,WE,Federal Contract Tower,0,9,1,0,10,0,30,6,2,38,0,39,7,2,48,30,0,30,78
06/15/2008,CYS,WY,ANM,WE,Federal Contract Tower,0,0,0,0,0,0,11,41,3,55,0,11,41,3,55,58,0,58,113
06/16/2008,CYS,WY,ANM,WE,Federal Contract Tower,0,0,1,9,10,0,17,29,2,48,0,17,30,11,58,0,118,118,176
06/17/2008,CYS,WY,ANM,WE,Federal Contract Tower,0,0,4,7,11,0,14,78,39,131,0,14,82,46,142,36,74,110,252
06/18/2008,CYS,WY,ANM,WE,Federal Contract Tower,0,0,7,8,15,0,21,44,0,65,0,21,51,8,80,68,97,165,245
06/19/2008,CYS,WY,ANM,WE,Federal Contract Tower,0,0,6,2,8,0,16,49,3,68,0,16,55,5,76,37,20,57,133
06/20/2008,CYS,WY,ANM,WE,Federal Contract Tower,0,0,1,0,1,0,19,18,1,38,0,19,19,1,39,36,2,38,77
06/21/2008,CYS,WY,ANM,WE,Federal Contract Tower,0,10,2,0,12,0,35,96,0,131,0,45,98,0,143,69,1,70,213
06/22/2008,CYS,WY,ANM,WE,Federal Contract Tower,0,0,2,2,4,0,12,36,7,55,0,12,38,9,59,30,5,35,94
06/23/2008,CYS,WY,ANM,WE,Federal Contract Tower,0,0,4,4,8,0,25,19,2,46,0,25,23,6,54,5,80,85,139
06/24/2008,CYS,WY,ANM,WE,Federal Contract Tower,0,0,3,0,3,0,22,44,0,66,0,22,47,0,69,48,35,83,152
06/25/2008,CYS,WY,ANM,WE,Federal Contract Tower,0,0,2,7,9,0,18,30,1,49,0,18,32,8,58,72,58,130,188
06/26/2008,CYS,WY,ANM,WE,Federal Contract Tower,0,0,3,4,7,0,19,41,5,65,0,19,44,9,72,74,53,127,199
06/27/2008,CYS,WY,ANM,WE,Federal Contract Tower,0,0,8,0,8,0,20,23,4,47,0,20,31,4,55,67,34,101,156
06/28/2008,CYS,WY,ANM,WE,Federal Contract Tower,0,2,2,0,4,0,13,82,1,96,0,15,84,1,100,69,7,76,176
06/29/2008,CYS,WY,ANM,WE,Federal Contract Tower,0,0,3,0,3,0,14,81,2,97,0,14,84,2,100,140,0,140,240
06/30/2008,CYS,WY,ANM,WE,Federal Contract Tower,0,0,2,0,2,0,13,38,22,73,0,13,40,22,75,60,68,128,203
07/01/2008,CYS,WY,ANM,WE,Federal Contract Tower,0,19,6,4,29,0,0,14,5,19,0,19,20,9,48,102,127,229,277
07/02/2008,CYS,WY,ANM,WE,Federal Contract Tower,0,20,11,19,50,0,0,22,60,82,0,20,33,79,132,72,132,204,336
07/03/2008,CYS,WY,ANM,WE,Federal Contract Tower,0,22,6,5,33,0,0,10,0,10,0,22,16,5,43,29,15,44,87
07/04/2008,CYS,WY,ANM,WE,Federal Contract Tower,0,13,4,0,17,0,0,8,0,8,0,13,12,0,25,35,0,35,60
07/05/2008,CYS,WY,ANM,WE,Federal Contract Tower,0,13,8,0,21,0,0,14,0,14,0,13,22,0,35,25,1,26,61
07/06/2008,CYS,WY,ANM,WE,Federal Contract Tower,8,20,6,0,34,0,0,20,0,20,8,20,26,0,54,20,0,20,74
07/07/2008,CYS,WY,ANM,WE,Federal Contract Tower,0,15,9,6,30,0,0,20,50,70,0,15,29,56,100,33,42,75,175
07/08/2008,CYS,WY,ANM,WE,Federal Contract Tower,18,22,2,4,46,0,0,20,6,26,18,22,22,10,72,42,72,114,186
07/09/2008,CYS,WY,ANM,WE,Federal Contract Tower,0,19,3,3,25,0,0,40,40,80,0,19,43,43,105,34,69,103,208
07/10/2008,CYS,WY,ANM,WE,Federal Contract Tower,0,18,6,8,32,0,0,20,52,72,0,18,26,60,104,60,83,143,247
07/11/2008,CYS,WY,ANM,WE,Federal Contract Tower,0,14,9,5,28,0,0,52,13,65,0,14,61,18,93,22,111,133,226
07/12/2008,CYS,WY,ANM,WE,Federal Contract Tower,0,11,6,4,21,0,0,24,10,34,0,11,30,14,55,71,20,91,146
07/13/2008,CYS,WY,ANM,WE,Federal Contract Tower,0,13,2,1,16,0,0,20,2,22,0,13,22,3,38,40,8,48,86
07/14/2008,CYS,WY,ANM,WE,Federal Contract Tower,0,17,9,3,29,0,0,40,2,42,0,17,49,5,71,19,55,74,145
07/15/2008,CYS,WY,ANM,WE,Federal Contract Tower,0,15,5,5,25,0,0,80,20,100,0,15,85,25,125,68,60,128,253
07/16/2008,CYS,WY,ANM,WE,Federal Contract Tower,0,26,5,3,34,0,0,51,9,60,0,26,56,12,94,63,109,172,266
07/17/2008,CYS,WY,ANM,WE,Federal Contract Tower,0,31,8,3,42,0,0,43,6,49,0,31,51,9,91,33,110,143,234
07/18/2008,CYS,WY,ANM,WE,Federal Contract Tower,0,31,8,2,41,0,0,57,3,60,0,31,65,5,101,51,56,107,208
07/19/2008,CYS,WY,ANM,WE,Federal Contract Tower,0,25,18,2,45,0,0,101,3,104,0,25,119,5,149,52,2,54,203
07/20/2008,CYS,WY,ANM,WE,Federal Contract Tower,0,13,7,2,22,0,0,63,5,68,0,13,70,7,90,64,1,65,155
07/21/2008,CYS,WY,ANM,WE,Federal Contract Tower,0,18,7,2,27,0,0,62,9,71,0,18,69,11,98,12,54,66,164
07/22/2008,CYS,WY,ANM,WE,Federal Contract Tower,2,18,8,3,31,0,0,63,14,77,2,18,71,17,108,60,148,208,316
07/23/2008,CYS,WY,ANM,WE,Federal Contract Tower,0,17,4,3,24,0,0,54,2,56,0,17,58,5,80,44,70,114,194
07/24/2008,CYS,WY,ANM,WE,Federal Contract Tower,4,15,8,4,31,0,0,35,13,48,4,15,43,17,79,58,76,134,213
07/25/2008,CYS,WY,ANM,WE,Federal Contract Tower,2,27,5,2,36,0,0,48,0,48,2,27,53,2,84,48,55,103,187
07/26/2008,CYS,WY,ANM,WE,Federal Contract Tower,0,19,8,0,27,0,0,40,0,40,0,19,48,0,67,37,2,39,106
07/27/2008,CYS,WY,ANM,WE,Federal Contract Tower,0,11,4,3,18,0,0,37,4,41,0,11,41,7,59,40,4,44,103
07/28/2008,CYS,WY,ANM,WE,Federal Contract Tower,0,18,4,3,25,0,0,50,12,62,0,18,54,15,87,19,147,166,253
07/29/2008,CYS,WY,ANM,WE,Federal Contract Tower,0,16,6,2,24,0,0,54,4,58,0,16,60,6,82,38,71,109,191
07/30/2008,CYS,WY,ANM,WE,Federal Contract Tower,0,17,5,7,29,0,0,30,7,37,0,17,35,14,66,75,100,175,241
07/31/2008,CYS,WY,ANM,WE,Federal Contract Tower,0,17,8,8,33,0,0,31,7,38,0,17,39,15,71,43,28,71,142
08/01/2008,CYS,WY,ANM,WE,Federal Contract Tower,0,18,4,12,34,0,0,86,23,109,0,18,90,35,143,43,121,164,307
08/02/2008,CYS,WY,ANM,WE,Federal Contract Tower,0,23,3,0,26,0,0,43,3,46,0,23,46,3,72,32,5,37,109
08/03/2008,CYS,WY,ANM,WE,Federal Contract Tower,0,10,4,0,14,0,0,51,3,54,0,10,55,3,68,45,31,76,144
08/04/2008,CYS,WY,ANM,WE,Federal Contract Tower,0,15,0,15,30,0,0,54,15,69,0,15,54,30,99,41,94,135,234
08/05/2008,CYS,WY,ANM,WE,Federal Contract Tower,14,15,4,6,39,0,0,53,10,63,14,15,57,16,102,43,77,120,222
08/06/2008,CYS,WY,ANM,WE,Federal Contract Tower,2,14,7,9,32,0,0,65,13,78,2,14,72,22,110,48,50,98,208
08/07/2008,CYS,WY,ANM,WE,Federal Contract Tower,0,17,3,8,28,0,0,46,6,52,0,17,49,14,80,23,95,118,198
08/08/2008,CYS,WY,ANM,WE,Federal Contract Tower,0,16,3,7,26,0,0,46,21,67,0,16,49,28,93,37,58,95,188
08/09/2008,CYS,WY,ANM,WE,Federal Contract Tower,0,13,3,1,17,0,0,35,1,36,0,13,38,2,53,49,0,49,102
08/10/2008,CYS,WY,ANM,WE,Federal Contract Tower,4,12,4,7,27,0,0,55,16,71,4,12,59,23,98,64,29,93,191
08/11/2008,CYS,WY,ANM,WE,Federal Contract Tower,0,17,0,5,22,0,0,59,5,64,0,17,59,10,86,3,79,82,168
08/12/2008,CYS,WY,ANM,WE,Federal Contract Tower,0,11,2,2,15,0,0,52,12,64,0,11,54,14,79,18,36,54,133
08/13/2008,CYS,WY,ANM,WE,Federal Contract Tower,1,14,14,13,42,0,0,73,11,84,1,14,87,24,126,40,81,121,247
08/14/2008,CYS,WY,ANM,WE,Federal Contract Tower,2,16,4,1,23,0,0,40,6,46,2,16,44,7,69,30,47,77,146
08/15/2008,CYS,WY,ANM,WE,Federal Contract Tower,0,12,2,11,25,0,0,20,5,25,0,12,22,16,50,2,3,5,55
08/16/2008,CYS,WY,ANM,WE,Federal Contract Tower,0,13,1,5,19,0,0,13,1,14,0,13,14,6,33,0,0,0,33
08/17/2008,CYS,WY,ANM,WE,Federal Contract Tower,0,11,8,0,19,0,0,42,3,45,0,11,50,3,64,36,0,36,100
08/18/2008,CYS,WY,ANM,WE,Federal Contract Tower,0,13,4,5,22,0,0,57,1,58,0,13,61,6,80,28,85,113,193
08/19/2008,CYS,WY,ANM,WE,Federal Contract Tower,0,15,7,1,23,0,0,61,9,70,0,15,68,10,93,113,81,194,287
08/20/2008,CYS,WY,ANM,WE,Federal Contract Tower,0,13,7,10,30,0,0,79,61,140,0,13,86,71,170,35,63,98,268
08/21/2008,CYS,WY,ANM,WE,Federal Contract Tower,0,12,13,8,33,0,0,49,9,58,0,12,62,17,91,90,85,175,266
08/22/2008,CYS,WY,ANM,WE,Federal Contract Tower,0,15,1,1,17,0,0,32,13,45,0,15,33,14,62,26,29,55,117
08/23/2008,CYS,WY,ANM,WE,Federal Contract Tower,0,11,0,1,12,0,0,41,5,46,0,11,41,6,58,41,0,41,99
08/24/2008,CYS,WY,ANM,WE,Federal Contract Tower,0,35,1,1,37,0,0,50,11,61,0,35,51,12,98,84,0,84,182
08/25/2008,CYS,WY,ANM,WE,Federal Contract Tower,4,21,2,7,34,0,0,35,3,38,4,21,37,10,72,12,74,86,158
08/26/2008,CYS,WY,ANM,WE,Federal Contract Tower,4,15,0,11,30,0,0,40,6,46,4,15,40,17,76,34,97,131,207
08/27/2008,CYS,WY,ANM,WE,Federal Contract Tower,0,18,1,7,26,0,0,38,3,41,0,18,39,10,67,25,167,192,259
08/28/2008,CYS,WY,ANM,WE,Federal Contract Tower,0,14,3,2,19,0,0,34,9,43,0,14,37,11,62,57,21,78,140
08/29/2008,CYS,WY,ANM,WE,Federal Contract Tower,1,18,7,0,26,0,0,72,3,75,1,18,79,3,101,66,1,67,168
08/30/2008,CYS,WY,ANM,WE,Federal Contract Tower,1,13,1,0,15,0,0,60,0,60,1,13,61,0,75,54,0,54,129
08/31/2008,CYS,WY,ANM,WE,Federal Contract Tower,0,16,1,0,17,0,0,40,0,40,0,16,41,0,57,28,4,32,89
09/01/2008,CYS,WY,ANM,WE,Federal Contract Tower,0,15,2,0,17,0,0,78,2,80,0,15,80,2,97,55,0,55,152
09/02/2008,CYS,WY,ANM,WE,Federal Contract Tower,0,14,1,7,22,0,0,29,5,34,0,14,30,12,56,48,123,171,227
09/03/2008,CYS,WY,ANM,WE,Federal Contract Tower,0,12,2,15,29,0,0,59,68,127,0,12,61,83,156,33,164,197,353
09/04/2008,CYS,WY,ANM,WE,Federal Contract Tower,0,15,6,4,25,0,0,47,13,60,0,15,53,17,85,24,115,139,224
09/05/2008,CYS,WY,ANM,WE,Federal Contract Tower,0,15,7,9,31,0,0,35,6,41,0,15,42,15,72,7,138,145,217
09/06/2008,CYS,WY,ANM,WE,Federal Contract Tower,2,12,4,0,18,0,0,53,0,53,2,12,57,0,71,8,6,14,85
09/07/2008,CYS,WY,ANM,WE,Federal Contract Tower,0,9,4,2,15,0,0,17,2,19,0,9,21,4,34,12,14,26,60
09/08/2008,CYS,WY,ANM,WE,Federal Contract Tower,0,10,9,9,28,0,0,22,18,40,0,10,31,27,68,24,133,157,225
09/09/2008,CYS,WY,ANM,WE,Federal Contract Tower,1,18,4,7,30,0,0,57,4,61,1,18,61,11,91,17,84,101,192
09/10/2008,CYS,WY,ANM,WE,Federal Contract Tower,1,13,1,10,25,0,0,38,33,71,1,13,39,43,96,8,100,108,204
09/11/2008,CYS,WY,ANM,WE,Federal Contract Tower,0,17,16,5,38,0,0,42,14,56,0,17,58,19,94,20,26,46,140
09/12/2008,CYS,WY,ANM,WE,Federal Contract Tower,0,10,4,1,15,0,0,27,0,27,0,10,31,1,42,50,2,52,94
09/13/2008,CYS,WY,ANM,WE,Federal Contract Tower,0,8,8,0,16,0,0,42,20,62,0,8,50,20,78,28,1,29,107
09/14/2008,CYS,WY,ANM,WE,Federal Contract Tower,0,6,5,5,16,0,0,63,6,69,0,6,68,11,85,48,9,57,142
09/15/2008,CYS,WY,ANM,WE,Federal Contract Tower,12,11,9,9,41,0,0,39,3,42,12,11,48,12,83,112,65,177,260
09/16/2008,CYS,WY,ANM,WE,Federal Contract Tower,0,11,7,3,21,0,0,97,1,98,0,11,104,4,119,58,125,183,302
09/17/2008,CYS,WY,ANM,WE,Federal Contract Tower,0,15,24,14,53,0,0,64,6,70,0,15,88,20,123,101,129,230,353
09/18/2008,CYS,WY,ANM,WE,Federal Contract Tower,1,13,8,7,29,0,0,55,5,60,1,13,63,12,89,81,128,209,298
09/19/2008,CYS,WY,ANM,WE,Federal Contract Tower,0,13,12,2,27,0,0,45,4,49,0,13,57,6,76,36,74,110,186
09/20/2008,CYS,WY,ANM,WE,Federal Contract Tower,0,17,5,3,25,0,0,78,9,87,0,17,83,12,112,42,3,45,157
09/21/2008,CYS,WY,ANM,WE,Federal Contract Tower,0,9,1,3,13,0,0,19,0,19,0,9,20,3,32,39,35,74,106
09/22/2008,CYS,WY,ANM,WE,Federal Contract Tower,0,11,1,9,21,0,0,23,35,58,0,11,24,44,79,7,57,64,143
09/23/2008,CYS,WY,ANM,WE,Federal Contract Tower,6,23,0,9,38,0,0,51,9,60,6,23,51,18,98,66,144,210,308
09/24/2008,CYS,WY,ANM,WE,Federal Contract Tower,4,11,3,6,24,0,0,36,4,40,4,11,39,10,64,55,76,131,195
09/25/2008,CYS,WY,ANM,WE,Federal Contract Tower,0,9,2,6,17,0,0,47,32,79,0,9,49,38,96,34,51,85,181
09/26/2008,CYS,WY,ANM,WE,Federal Contract Tower,5,15,3,0,23,0,0,51,0,51,5,15,54,0,74,67,3,70,144
09/27/2008,CYS,WY,ANM,WE,Federal Contract Tower,3,7,3,0,13,0,0,55,0,55,3,7,58,0,68,96,5,101,169
09/28/2008,CYS,WY,ANM,WE,Federal Contract Tower,0,9,2,0,11,0,0,90,1,91,0,9,92,1,102,26,0,26,128
09/29/2008,CYS,WY,ANM,WE,Federal Contract Tower,0,12,2,4,18,0,0,29,13,42,0,12,31,17,60,30,101,131,191
09/30/2008,CYS,WY,ANM,WE,Federal Contract Tower,0,14,1,1,16,0,0,57,0,57,0,14,58,1,73,89,83,172,245
10/01/2008,CYS,WY,ANM,WE,Federal Contract Tower,0,13,1,8,22,0,0,23,9,32,0,13,24,17,54,43,79,122,176
10/02/2008,CYS,WY,ANM,WE,Federal Contract Tower,0,9,2,9,20,0,0,53,17,70,0,9,55,26,90,9,48,57,147
10/03/2008,CYS,WY,ANM,WE,Federal Contract Tower,2,8,6,5,21,0,0,69,1,70,2,8,75,6,91,7,96,103,194
10/04/2008,CYS,WY,ANM,WE,Federal Contract Tower,2,12,0,0,14,0,0,24,1,25,2,12,24,1,39,45,12,57,96
10/05/2008,CYS,WY,ANM,WE,Federal Contract Tower,0,7,1,1,9,0,0,15,7,22,0,7,16,8,31,11,16,27,58
10/06/2008,CYS,WY,ANM,WE,Federal Contract Tower,0,11,1,16,28,0,0,40,14,54,0,11,41,30,82,6,82,88,170
10/07/2008,CYS,WY,ANM,WE,Federal Contract Tower,0,12,13,17,42,0,0,106,47,153,0,12,119,64,195,33,146,179,374
10/08/2008,CYS,WY,ANM,WE,Federal Contract Tower,0,10,3,5,18,0,0,55,27,82,0,10,58,32,100,19,81,100,200
10/09/2008,CYS,WY,ANM,WE,Federal Contract Tower,0,15,7,18,40,0,0,32,14,46,0,15,39,32,86,22,98,120,206
10/10/2008,CYS,WY,ANM,WE,Federal Contract Tower,2,14,8,7,31,0,0,30,3,33,2,14,38,10,64,6,71,77,141
10/11/2008,CYS,WY,ANM,WE,Federal Contract Tower,0,5,0,0,5,0,0,4,0,4,0,5,4,0,9,0,0,0,9
10/12/2008,CYS,WY,ANM,WE,Federal Contract Tower,0,10,3,0,13,0,0,10,0,10,0,10,13,0,23,2,1,3,26
10/13/2008,CYS,WY,ANM,WE,Federal Contract Tower,0,11,3,0,14,0,0,45,0,45,0,11,48,0,59,48,0,48,107
10/14/2008,CYS,WY,ANM,WE,Federal Contract Tower,0,14,3,7,24,0,0,74,15,89,0,14,77,22,113,16,60,76,189
10/15/2008,CYS,WY,ANM,WE,Federal Contract Tower,0,14,5,7,26,0,0,55,23,78,0,14,60,30,104,18,107,125,229
10/16/2008,CYS,WY,ANM,WE,Federal Contract Tower,0,15,1,7,23,0,0,42,23,65,0,15,43,30,88,17,70,87,175
10/17/2008,CYS,WY,ANM,WE,Federal Contract Tower,0,16,0,6,22,0,0,56,10,66,0,16,56,16,88,43,156,199,287
10/18/2008,CYS,WY,ANM,WE,Federal Contract Tower,0,25,1,2,28,0,0,36,3,39,0,25,37,5,67,92,35,127,194
10/19/2008,CYS,WY,ANM,WE,Federal Contract Tower,0,9,5,2,16,0,0,35,5,40,0,9,40,7,56,26,20,46,102
10/20/2008,CYS,WY,ANM,WE,Federal Contract Tower,0,11,9,3,23,0,0,26,3,29,0,11,35,6,52,0,11,11,63
10/21/2008,CYS,WY,ANM,WE,Federal Contract Tower,0,9,2,10,21,0,0,42,8,50,0,9,44,18,71,0,138,138,209
10/22/2008,CYS,WY,ANM,WE,Federal Contract Tower,0,10,0,3,13,0,0,26,19,45,0,10,26,22,58,3,86,89,147
10/23/2008,CYS,WY,ANM,WE,Federal Contract Tower,0,11,6,2,19,0,0,51,21,72,0,11,57,23,91,6,31,37,128
10/24/2008,CYS,WY,ANM,WE,Federal Contract Tower,0,11,2,1,14,0,0,44,0,44,0,11,46,1,58,32,28,60,118
10/25/2008,CYS,WY,ANM,WE,Federal Contract Tower,0,18,3,0,21,0,0,16,2,18,0,18,19,2,39,14,0,14,53
10/26/2008,CYS,WY,ANM,WE,Federal Contract Tower,0,8,4,0,12,0,0,28,1,29,0,8,32,1,41,25,4,29,70
10/27/2008,CYS,WY,ANM,WE,Federal Contract Tower,0,10,7,2,19,0,0,100,14,114,0,10,107,16,133,48,46,94,227
10/28/2008,CYS,WY,ANM,WE,Federal Contract Tower,0,16,4,5,25,0,0,61,34,95,0,16,65,39,120,39,84,123,243
10/29/2008,CYS,WY,ANM,WE,Federal Contract Tower,0,13,3,10,26,0,0,51,24,75,0,13,54,34,101,85,131,216,317
10/30/2008,CYS,WY,ANM,WE,Federal Contract Tower,0,13,4,3,20,0,0,63,6,69,0,13,67,9,89,18,141,159,248
10/31/2008,CYS,WY,ANM,WE,Federal Contract Tower,0,10,2,3,15,0,0,43,8,51,0,10,45,11,66,51,112,163,229
11/01/2008,CYS,WY,ANM,WE,Federal Contract Tower,0,12,4,0,16,0,0,47,0,47,0,12,51,0,63,83,0,83,146
11/02/2008,CYS,WY,ANM,WE,Federal Contract Tower,2,9,0,1,12,0,0,44,3,47,2,9,44,4,59,21,9,30,89
11/03/2008,CYS,WY,ANM,WE,Federal Contract Tower,0,13,3,5,21,0,0,43,7,50,0,13,46,12,71,14,110,124,195
11/04/2008,CYS,WY,ANM,WE,Federal Contract Tower,0,10,2,18,30,0,0,40,21,61,0,10,42,39,91,37,190,227,318
11/05/2008,CYS,WY,ANM,WE,Federal Contract Tower,2,10,0,3,15,0,0,28,14,42,2,10,28,17,57,0,36,36,93
11/06/2008,CYS,WY,ANM,WE,Federal Contract Tower,13,14,0,0,27,0,0,10,10,20,13,14,10,10,47,0,3,3,50
11/07/2008,CYS,WY,ANM,WE,Federal Contract Tower,0,17,0,3,20,0,0,24,2,26,0,17,24,5,46,0,61,61,107
11/08/2008,CYS,WY,ANM,WE,Federal Contract Tower,0,10,9,1,20,0,0,51,0,51,0,10,60,1,71,57,8,65,136
11/09/2008,CYS,WY,ANM,WE,Federal Contract Tower,0,9,1,0,10,0,0,29,5,34,0,9,30,5,44,37,5,42,86
11/10/2008,CYS,WY,ANM,WE,Federal Contract Tower,0,14,0,5,19,0,0,13,2,15,0,14,13,7,34,5,72,77,111
11/11/2008,CYS,WY,ANM,WE,Federal Contract Tower,0,25,2,0,27,0,0,18,1,19,0,25,20,1,46,44,2,46,92
11/12/2008,CYS,WY,ANM,WE,Federal Contract Tower,0,13,2,6,21,0,0,35,5,40,0,13,37,11,61,13,144,157,218
11/13/2008,CYS,WY,ANM,WE,Federal Contract Tower,0,9,1,4,14,0,0,28,2,30,0,9,29,6,44,2,53,55,99
11/14/2008,CYS,WY,ANM,WE,Federal Contract Tower,0,12,1,2,15,0,0,12,2,14,0,12,13,4,29,5,75,80,109
11/15/2008,CYS,WY,ANM,WE,Federal Contract Tower,0,13,2,0,15,0,0,30,2,32,0,13,32,2,47,13,66,79,126
11/16/2008,CYS,WY,ANM,WE,Federal Contract Tower,0,11,0,0,11,0,0,35,2,37,0,11,35,2,48,49,1,50,98
11/17/2008,CYS,WY,ANM,WE,Federal Contract Tower,0,13,2,10,25,0,0,36,1,37,0,13,38,11,62,65,128,193,255
11/18/2008,CYS,WY,ANM,WE,Federal Contract Tower,0,11,5,6,22,0,0,36,12,48,0,11,41,18,70,75,87,162,232
11/19/2008,CYS,WY,ANM,WE,Federal Contract Tower,0,8,5,9,22,0,0,36,26,62,0,8,41,35,84,16,152,168,252
11/20/2008,CYS,WY,ANM,WE,Federal Contract Tower,0,11,6,2,19,0,0,15,8,23,0,11,21,10,42,5,45,50,92
11/21/2008,CYS,WY,ANM,WE,Federal Contract Tower,1,14,5,1,21,0,0,18,2,20,1,14,23,3,41,18,149,167,208
11/22/2008,CYS,WY,ANM,WE,Federal Contract Tower,0,9,5,2,16,0,0,60,5,65,0,9,65,7,81,25,7,32,113
11/23/2008,CYS,WY,ANM,WE,Federal Contract Tower,0,10,1,0,11,0,0,11,1,12,0,10,12,1,23,24,0,24,47
11/24/2008,CYS,WY,ANM,WE,Federal Contract Tower,2,14,2,11,29,0,0,34,8,42,2,14,36,19,71,23,110,133,204
11/25/2008,CYS,WY,ANM,WE,Federal Contract Tower,0,13,4,8,25,0,0,28,3,31,0,13,32,11,56,29,88,117,173
11/26/2008,CYS,WY,ANM,WE,Federal Contract Tower,0,12,8,10,30,0,0,52,5,57,0,12,60,15,87,13,107,120,207
11/27/2008,CYS,WY,ANM,WE,Federal Contract Tower,0,7,0,0,7,0,0,3,0,3,0,7,3,0,10,0,0,0,10
11/28/2008,CYS,WY,ANM,WE,Federal Contract Tower,1,22,4,0,27,0,0,9,0,9,1,22,13,0,36,5,0,5,41
11/29/2008,CYS,WY,ANM,WE,Federal Contract Tower,0,16,1,0,17,0,0,5,0,5,0,16,6,0,22,0,0,0,22
11/30/2008,CYS,WY,ANM,WE,Federal Contract Tower,0,9,1,0,10,0,0,8,2,10,0,9,9,2,20,5,0,5,25
12/01/2008,CYS,WY,ANM,WE,Federal Contract Tower,0,12,2,5,19,0,0,35,1,36,0,12,37,6,55,31,140,171,226
12/02/2008,CYS,WY,ANM,WE,Federal Contract Tower,0,12,2,7,21,0,0,22,7,29,0,12,24,14,50,4,151,155,205
12/03/2008,CYS,WY,ANM,WE,Federal Contract Tower,0,13,7,1,21,0,0,13,1,14,0,13,20,2,35,0,3,3,38
12/04/2008,CYS,WY,ANM,WE,Federal Contract Tower,0,13,7,1,21,0,0,14,5,19,0,13,21,6,40,4,0,4,44
12/05/2008,CYS,WY,ANM,WE,Federal Contract Tower,0,12,0,3,15,0,0,12,10,22,0,12,12,13,37,0,209,209,246
12/06/2008,CYS,WY,ANM,WE,Federal Contract Tower,0,11,2,0,13,0,0,20,2,22,0,11,22,2,35,44,17,61,96
12/07/2008,CYS,WY,ANM,WE,Federal Contract Tower,0,9,2,1,12,0,0,28,2,30,0,9,30,3,42,24,66,90,132
12/08/2008,CYS,WY,ANM,WE,Federal Contract Tower,0,12,6,1,19,0,0,18,10,28,0,12,24,11,47,6,41,47,94
12/09/2008,CYS,WY,ANM,WE,Federal Contract Tower,0,12,3,8,23,0,0,34,16,50,0,12,37,24,73,9,93,102,175
12/10/2008,CYS,WY,ANM,WE,Federal Contract Tower,0,23,0,2,25,0,0,30,10,40,0,23,30,12,65,8,24,32,97
12/11/2008,CYS,WY,ANM,WE,Federal Contract Tower,0,15,3,2,20,0,0,34,11,45,0,15,37,13,65,24,37,61,126
12/12/2008,CYS,WY,ANM,WE,Federal Contract Tower,0,17,2,11,30,0,0,28,4,32,0,17,30,15,62,39,242,281,343
12/13/2008,CYS,WY,ANM,WE,Federal Contract Tower,0,7,4,0,11,0,0,39,2,41,0,7,43,2,52,59,0,59,111
12/14/2008,CYS,WY,ANM,WE,Federal Contract Tower,0,7,0,0,7,0,0,4,0,4,0,7,4,0,11,0,0,0,11
12/15/2008,CYS,WY,ANM,WE,Federal Contract Tower,0,12,0,5,17,0,0,18,0,18,0,12,18,5,35,24,81,105,140
12/16/2008,CYS,WY,ANM,WE,Federal Contract Tower,0,11,3,8,22,0,0,22,10,32,0,11,25,18,54,22,52,74,128
12/17/2008,CYS,WY,ANM,WE,Federal Contract Tower,0,11,5,18,34,0,0,43,21,64,0,11,48,39,98,12,137,149,247
12/18/2008,CYS,WY,ANM,WE,Federal Contract Tower,0,16,4,4,24,0,0,29,5,34,0,16,33,9,58,16,81,97,155
12/19/2008,CYS,WY,ANM,WE,Federal Contract Tower,0,15,2,0,17,0,0,36,5,41,0,15,38,5,58,23,10,33,91
12/20/2008,CYS,WY,ANM,WE,Federal Contract Tower,0,11,1,0,12,0,0,8,3,11,0,11,9,3,23,0,0,0,23
12/21/2008,CYS,WY,ANM,WE,Federal Contract Tower,0,13,0,0,13,0,0,34,1,35,0,13,34,1,48,12,0,12,60
12/22/2008,CYS,WY,ANM,WE,Federal Contract Tower,2,14,1,2,19,0,0,18,0,18,2,14,19,2,37,11,76,87,124
12/23/2008,CYS,WY,ANM,WE,Federal Contract Tower,0,15,0,5,20,0,0,10,8,18,0,15,10,13,38,1,84,85,123
12/24/2008,CYS,WY,ANM,WE,Federal Contract Tower,0,10,0,0,10,0,0,4,8,12,0,10,4,8,22,4,30,34,56
12/25/2008,CYS,WY,ANM,WE,Federal Contract Tower,2,14,0,0,16,0,0,2,0,2,2,14,2,0,18,2,0,2,20
12/26/2008,CYS,WY,ANM,WE,Federal Contract Tower,0,12,0,0,12,0,0,5,0,5,0,12,5,0,17,7,0,7,24
12/27/2008,CYS,WY,ANM,WE,Federal Contract Tower,0,7,1,0,8,0,0,11,0,11,0,7,12,0,19,4,0,4,23
12/28/2008,CYS,WY,ANM,WE,Federal Contract Tower,0,8,0,0,8,0,0,10,0,10,0,8,10,0,18,0,0,0,18
12/29/2008,CYS,WY,ANM,WE,Federal Contract Tower,0,15,3,4,22,0,0,27,3,30,0,15,30,7,52,20,186,206,258
12/30/2008,CYS,WY,ANM,WE,Federal Contract Tower,0,23,0,0,23,0,0,5,5,10,0,23,5,5,33,0,61,61,94
12/31/2008,CYS,WY,ANM,WE,Federal Contract Tower,0,20,4,0,24,0,0,16,0,16,0,20,20,0,40,64,54,118,158
01/01/2009,CYS,WY,ANM,WE,Federal Contract Tower,0,9,0,0,9,0,0,1,0,1,0,9,1,0,10,1,0,1,11
01/02/2009,CYS,WY,ANM,WE,Federal Contract Tower,0,12,5,0,17,0,0,7,1,8,0,12,12,1,25,42,3,45,70
01/03/2009,CYS,WY,ANM,WE,Federal Contract Tower,0,12,3,0,15,0,0,12,4,16,0,12,15,4,31,7,2,9,40
01/04/2009,CYS,WY,ANM,WE,Federal Contract Tower,0,6,5,6,17,0,0,32,5,37,0,6,37,11,54,108,0,108,162
01/05/2009,CYS,WY,ANM,WE,Federal Contract Tower,0,14,0,2,16,0,0,16,4,20,0,14,16,6,36,16,41,57,93
01/06/2009,CYS,WY,ANM,WE,Federal Contract Tower,0,11,0,0,11,0,0,19,28,47,0,11,19,28,58,24,36,60,118
01/07/2009,CYS,WY,ANM,WE,Federal Contract Tower,0,14,4,0,18,0,0,3,3,6,0,14,7,3,24,0,3,3,27
01/08/2009,CYS,WY,ANM,WE,Federal Contract Tower,0,18,0,7,25,0,0,21,0,21,0,18,21,7,46,22,93,115,161
01/09/2009,CYS,WY,ANM,WE,Federal Contract Tower,0,23,1,4,28,0,0,1,9,10,0,23,2,13,38,12,63,75,113
01/10/2009,CYS,WY,ANM,WE,Federal Contract Tower,0,9,3,0,12,0,0,16,0,16,0,9,19,0,28,57,34,91,119
01/11/2009,CYS,WY,ANM,WE,Federal Contract Tower,0,9,5,2,16,0,0,42,2,44,0,9,47,4,60,42,3,45,105
01/12/2009,CYS,WY,ANM,WE,Federal Contract Tower,0,9,3,0,12,0,0,15,2,17,0,9,18,2,29,26,42,68,97
01/13/2009,CYS,WY,ANM,WE,Federal Contract Tower,0,60,7,2,69,0,0,13,1,14,0,60,20,3,83,37,92,129,212
01/14/2009,CYS,WY,ANM,WE,Federal Contract Tower,0,12,4,6,22,0,0,30,6,36,0,12,34,12,58,19,106,125,183
01/15/2009,CYS,WY,ANM,WE,Federal Contract Tower,0,19,27,8,54,0,0,0,0,0,0,19,27,8,54,19,94,113,167
01/16/2009,CYS,WY,ANM,WE,Federal Contract Tower,0,12,21,4,37,0,0,6,0,6,0,12,27,4,43,85,36,121,164
01/17/2009,CYS,WY,ANM,WE,Federal Contract Tower,0,8,3,0,11,0,0,25,0,25,0,8,28,0,36,31,0,31,67
01/18/2009,CYS,WY,ANM,WE,Federal Contract Tower,0,7,6,0,13,0,1,10,0,11,0,8,16,0,24,14,0,14,38
01/19/2009,CYS,WY,ANM,WE,Federal Contract Tower,0,12,3,1,16,0,0,8,0,8,0,12,11,1,24,2,1,3,27
01/20/2009,CYS,WY,ANM,WE,Federal Contract Tower,0,12,16,8,36,0,0,28,3,31,0,12,44,11,67,27,110,137,204
01/21/2009,CYS,WY,ANM,WE,Federal Contract Tower,0,11,24,21,56,0,1,26,9,36,0,12,50,30,92,38,91,129,221
01/22/2009,CYS,WY,ANM,WE,Federal Contract Tower,0,10,20,7,37,0,0,6,1,7,0,10,26,8,44,16,66,82,126
01/23/2009,CYS,WY,ANM,WE,Federal Contract Tower,0,10,18,5,33,0,0,3,31,34,0,10,21,36,67,3,5,8,75
01/24/2009,CYS,WY,ANM,WE,Federal Contract Tower,0,10,5,2,17,0,0,2,2,4,0,10,7,4,21,12,2,14,35
01/25/2009,CYS,WY,ANM,WE,Federal Contract Tower,0,6,0,5,11,0,0,0,0,0,0,6,0,5,11,0,0,0,11
01/26/2009,CYS,WY,ANM,WE,Federal Contract Tower,0,12,5,0,17,0,0,1,0,1,0,12,6,0,18,8,12,20,38
01/27/2009,CYS,WY,ANM,WE,Federal Contract Tower,0,14,18,9,41,0,3,10,0,13,0,17,28,9,54,8,58,66,120
01/28/2009,CYS,WY,ANM,WE,Federal Contract Tower,0,20,9,6,35,0,0,6,0,6,0,20,15,6,41,4,146,150,191
01/29/2009,CYS,WY,ANM,WE,Federal Contract Tower,0,13,26,13,52,0,8,21,13,42,0,21,47,26,94,13,93,106,200
01/30/2009,CYS,WY,ANM,WE,Federal Contract Tower,0,19,18,2,39,0,0,32,2,34,0,19,50,4,73,20,0,20,93
01/31/2009,CYS,WY,ANM,WE,Federal Contract Tower,0,16,14,3,33,0,0,6,3,9,0,16,20,6,42,48,15,63,105
02/01/2009,CYS,WY,ANM,WE,Federal Contract Tower,0,8,1,0,9,0,0,17,2,19,0,8,18,2,28,77,0,77,105
02/02/2009,CYS,WY,ANM,WE,Federal Contract Tower,0,11,15,7,33,0,0,18,4,22,0,11,33,11,55,21,66,87,142
02/03/2009,CYS,WY,ANM,WE,Federal Contract Tower,0,11,16,12,39,0,1,22,7,30,0,12,38,19,69,0,127,127,196
02/04/2009,CYS,WY,ANM,WE,Federal Contract Tower,0,18,13,4,35,0,1,35,57,93,0,19,48,61,128,29,114,143,271
02/05/2009,CYS,WY,ANM,WE,Federal Contract Tower,0,22,17,3,42,2,0,38,33,73,2,22,55,36,115,22,195,217,332
02/06/2009,CYS,WY,ANM,WE,Federal Contract Tower,0,15,10,10,35,1,4,6,9,20,1,19,16,19,55,13,61,74,129
02/07/2009,CYS,WY,ANM,WE,Federal Contract Tower,0,15,11,6,32,0,1,90,1,92,0,16,101,7,124,151,63,214,338
02/08/2009,CYS,WY,ANM,WE,Federal Contract Tower,0,8,4,4,16,0,0,9,0,9,0,8,13,4,25,34,6,40,65
02/09/2009,CYS,WY,ANM,WE,Federal Contract Tower,0,14,13,0,27,0,3,0,8,11,0,17,13,8,38,13,16,29,67
02/10/2009,CYS,WY,ANM,WE,Federal Contract Tower,0,13,26,15,54,0,1,18,7,26,0,14,44,22,80,13,94,107,187
02/11/2009,CYS,WY,ANM,WE,Federal Contract Tower,0,11,28,10,49,0,1,16,51,68,0,12,44,61,117,23,36,59,176
02/12/2009,CYS,WY,ANM,WE,Federal Contract Tower,0,13,23,6,42,0,0,11,0,11,0,13,34,6,53,10,39,49,102
02/13/2009,CYS,WY,ANM,WE,Federal Contract Tower,0,12,8,0,20,0,0,0,0,0,0,12,8,0,20,0,0,0,20
02/14/2009,CYS,WY,ANM,WE,Federal Contract Tower,0,7,0,1,8,0,0,0,0,0,0,7,0,1,8,0,0,0,8
02/15/2009,CYS,WY,ANM,WE,Federal Contract Tower,0,9,6,0,15,0,0,18,0,18,0,9,24,0,33,21,0,21,54
02/16/2009,CYS,WY,ANM,WE,Federal Contract Tower,0,12,13,2,27,0,0,37,0,37,0,12,50,2,64,45,0,45,109
02/17/2009,CYS,WY,ANM,WE,Federal Contract Tower,0,12,14,12,38,0,0,55,4,59,0,12,69,16,97,18,98,116,213
02/18/2009,CYS,WY,ANM,WE,Federal Contract Tower,0,10,19,14,43,0,2,6,19,27,0,12,25,33,70,10,53,63,133
02/19/2009,CYS,WY,ANM,WE,Federal Contract Tower,0,12,14,3,29,0,0,6,3,9,0,12,20,6,38,14,31,45,83
02/20/2009,CYS,WY,ANM,WE,Federal Contract Tower,0,12,22,3,37,0,1,3,1,5,0,13,25,4,42,4,88,92,134
02/21/2009,CYS,WY,ANM,WE,Federal Contract Tower,0,8,7,6,21,0,11,31,1,43,0,19,38,7,64,35,6,41,105
02/22/2009,CYS,WY,ANM,WE,Federal Contract Tower,0,8,22,6,36,0,0,28,2,30,0,8,50,8,66,60,0,60,126
02/23/2009,CYS,WY,ANM,WE,Federal Contract Tower,0,12,7,10,29,0,0,18,4,22,0,12,25,14,51,26,99,125,176
02/24/2009,CYS,WY,ANM,WE,Federal Contract Tower,0,15,13,16,44,0,0,6,10,16,0,15,19,26,60,20,111,131,191
02/25/2009,CYS,WY,ANM,WE,Federal Contract Tower,0,13,18,5,36,0,0,23,81,104,0,13,41,86,140,44,20,64,204
02/26/2009,CYS,WY,ANM,WE,Federal Contract Tower,0,13,8,4,25,0,0,5,8,13,0,13,13,12,38,13,93,106,144
02/27/2009,CYS,WY,ANM,WE,Federal Contract Tower,0,17,12,2,31,0,8,4,6,18,0,25,16,8,49,4,74,78,127
02/28/2009,CYS,WY,ANM,WE,Federal Contract Tower,0,10,3,6,19,0,4,40,1,45,0,14,43,7,64,55,0,55,119
03/01/2009,CYS,WY,ANM,WE,Federal Contract Tower,0,11,4,0,15,0,0,12,0,12,0,11,16,0,27,37,5,42,69
03/02/2009,CYS,WY,ANM,WE,Federal Contract Tower,0,10,27,9,46,0,4,20,6,30,0,14,47,15,76,69,73,142,218
03/03/2009,CYS,WY,ANM,WE,Federal Contract Tower,0,13,14,4,31,0,5,14,19,38,0,18,28,23,69,16,30,46,115
03/04/2009,CYS,WY,ANM,WE,Federal Contract Tower,0,13,9,6,28,2,6,19,73,100,2,19,28,79,128,6,45,51,179
03/05/2009,CYS,WY,ANM,WE,Federal Contract Tower,0,17,4,2,23,0,4,9,39,52,0,21,13,41,75,5,69,74,149
03/06/2009,CYS,WY,ANM,WE,Federal Contract Tower,0,12,2,5,19,0,0,26,26,52,0,12,28,31,71,17,126,143,214
03/07/2009,CYS,WY,ANM,WE,Federal Contract Tower,0,11,2,0,13,0,1,14,3,18,0,12,16,3,31,52,5,57,88
03/08/2009,CYS,WY,ANM,WE,Federal Contract Tower,0,9,14,3,26,0,0,41,0,41,0,9,55,3,67,47,49,96,163
03/09/2009,CYS,WY,ANM,WE,Federal Contract Tower,0,12,15,0,27,0,0,5,2,7,0,12,20,2,34,2,12,14,48
03/10/2009,CYS,WY,ANM,WE,Federal Contract Tower,0,15,15,7,37,0,0,7,52,59,0,15,22,59,96,2,54,56,152
03/11/2009,CYS,WY,ANM,WE,Federal Contract Tower,0,16,13,6,35,0,16,27,62,105,0,32,40,68,140,103,28,131,271
03/12/2009,CYS,WY,ANM,WE,Federal Contract Tower,0,13,11,8,32,0,0,23,5,28,0,13,34,13,60,62,83,145,205
03/13/2009,CYS,WY,ANM,WE,Federal Contract Tower,0,15,19,4,38,0,3,31,10,44,0,18,50,14,82,24,48,72,154
03/14/2009,CYS,WY,ANM,WE,Federal Contract Tower,0,10,14,19,43,0,0,54,5,59,0,10,68,24,102,141,18,159,261
03/15/2009,CYS,WY,ANM,WE,Federal Contract Tower,0,7,6,7,20,0,0,25,4,29,0,7,31,11,49,10,6,16,65
03/16/2009,CYS,WY,ANM,WE,Federal Contract Tower,0,16,15,8,39,0,2,15,3,20,0,18,30,11,59,17,85,102,161
03/17/2009,CYS,WY,ANM,WE,Federal Contract Tower,0,11,21,8,40,0,6,13,23,42,0,17,34,31,82,4,69,73,155
03/18/2009,CYS,WY,ANM,WE,Federal Contract Tower,0,9,22,6,37,0,4,38,56,98,0,13,60,62,135,19,24,43,178
03/19/2009,CYS,WY,ANM,WE,Federal Contract Tower,0,12,16,7,35,0,3,47,75,125,0,15,63,82,160,64,102,166,326
03/20/2009,CYS,WY,ANM,WE,Federal Contract Tower,0,13,10,15,38,0,0,20,76,96,0,13,30,91,134,43,46,89,223
03/21/2009,CYS,WY,ANM,WE,Federal Contract Tower,6,8,8,1,23,0,0,87,4,91,6,8,95,5,114,108,0,108,222
03/22/2009,CYS,WY,ANM,WE,Federal Contract Tower,0,9,10,4,23,0,0,10,0,10,0,9,20,4,33,24,3,27,60
03/23/2009,CYS,WY,ANM,WE,Federal Contract Tower,0,9,9,0,18,0,0,0,0,0,0,9,9,0,18,0,0,0,18
03/24/2009,CYS,WY,ANM,WE,Federal Contract Tower,0,16,14,12,42,0,0,0,17,17,0,16,14,29,59,6,99,105,164
03/25/2009,CYS,WY,ANM,WE,Federal Contract Tower,0,14,2,8,24,0,0,14,6,20,0,14,16,14,44,15,12,27,71
03/26/2009,CYS,WY,ANM,WE,Federal Contract Tower,0,9,3,0,12,0,0,0,0,0,0,9,3,0,12,0,0,0,12
03/27/2009,CYS,WY,ANM,WE,Federal Contract Tower,0,10,15,9,34,2,0,31,9,42,2,10,46,18,76,39,13,52,128
03/28/2009,CYS,WY,ANM,WE,Federal Contract Tower,0,9,4,17,30,0,3,31,14,48,0,12,35,31,78,45,21,66,144
03/29/2009,CYS,WY,ANM,WE,Federal Contract Tower,2,11,3,0,16,0,0,20,0,20,2,11,23,0,36,55,2,57,93
03/30/2009,CYS,WY,ANM,WE,Federal Contract Tower,9,18,8,2,37,0,0,0,6,6,9,18,8,8,43,0,30,30,73
03/31/2009,CYS,WY,ANM,WE,Federal Contract Tower,1,21,11,7,40,0,2,6,60,68,1,23,17,67,108,0,12,12,120
04/01/2009,CYS,WY,ANM,WE,Federal Contract Tower,1,11,19,9,40,0,0,2,20,22,1,11,21,29,62,90,51,141,203
04/02/2009,CYS,WY,ANM,WE,Federal Contract Tower,1,12,17,15,45,0,6,32,33,71,1,18,49,48,116,27,67,94,210
04/03/2009,CYS,WY,ANM,WE,Federal Contract Tower,0,13,12,3,28,0,0,13,15,28,0,13,25,18,56,0,69,69,125
04/04/2009,CYS,WY,ANM,WE,Federal Contract Tower,0,0,1,0,1,0,0,0,0,0,0,0,1,0,1,0,0,0,1
04/05/2009,CYS,WY,ANM,WE,Federal Contract Tower,0,11,10,1,22,0,0,2,0,2,0,11,12,1,24,8,13,21,45
04/06/2009,CYS,WY,ANM,WE,Federal Contract Tower,0,16,6,6,28,0,0,6,0,6,0,16,12,6,34,6,54,60,94
04/07/2009,CYS,WY,ANM,WE,Federal Contract Tower,0,12,8,3,23,0,1,13,5,19,0,13,21,8,42,13,30,43,85
04/08/2009,CYS,WY,ANM,WE,Federal Contract Tower,6,13,16,16,51,1,0,25,18,44,7,13,41,34,95,38,72,110,205
04/09/2009,CYS,WY,ANM,WE,Federal Contract Tower,0,15,8,3,26,0,0,12,6,18,0,15,20,9,44,58,74,132,176
04/10/2009,CYS,WY,ANM,WE,Federal Contract Tower,0,13,6,0,19,0,0,26,23,49,0,13,32,23,68,11,10,21,89
04/11/2009,CYS,WY,ANM,WE,Federal Contract Tower,0,10,3,1,14,0,0,15,0,15,0,10,18,1,29,14,6,20,49
04/12/2009,CYS,WY,ANM,WE,Federal Contract Tower,0,6,1,0,7,0,0,2,0,2,0,6,3,0,9,0,0,0,9
04/13/2009,CYS,WY,ANM,WE,Federal Contract Tower,0,13,15,4,32,1,0,26,47,74,1,13,41,51,106,45,26,71,177
04/14/2009,CYS,WY,ANM,WE,Federal Contract Tower,0,10,21,6,37,0,0,17,3,20,0,10,38,9,57,45,21,66,123
04/15/2009,CYS,WY,ANM,WE,Federal Contract Tower,0,10,18,14,42,0,0,30,2,32,0,10,48,16,74,12,126,138,212
04/16/2009,CYS,WY,ANM,WE,Federal Contract Tower,0,8,2,3,13,0,0,0,0,0,0,8,2,3,13,0,0,0,13
04/17/2009,CYS,WY,ANM,WE,Federal Contract Tower,0,3,9,1,13,0,0,0,0,0,0,3,9,1,13,0,0,0,13
04/18/2009,CYS,WY,ANM,WE,Federal Contract Tower,2,9,3,2,16,0,0,0,0,0,2,9,3,2,16,0,0,0,16
04/19/2009,CYS,WY,ANM,WE,Federal Contract Tower,0,8,5,3,16,0,4,26,0,30,0,12,31,3,46,122,2,124,170
04/20/2009,CYS,WY,ANM,WE,Federal Contract Tower,0,18,18,6,42,0,2,45,66,113,0,20,63,72,155,60,60,120,275
04/21/2009,CYS,WY,ANM,WE,Federal Contract Tower,2,13,13,7,35,0,0,37,3,40,2,13,50,10,75,62,124,186,261
04/22/2009,CYS,WY,ANM,WE,Federal Contract Tower,0,16,21,17,54,0,0,14,4,18,0,16,35,21,72,11,124,135,207
04/23/2009,CYS,WY,ANM,WE,Federal Contract Tower,0,10,28,9,47,0,0,22,4,26,0,10,50,13,73,56,34,90,163
04/24/2009,CYS,WY,ANM,WE,Federal Contract Tower,0,13,19,1,33,0,0,13,13,26,0,13,32,14,59,28,46,74,133
04/25/2009,CYS,WY,ANM,WE,Federal Contract Tower,0,5,7,1,13,0,0,0,0,0,0,5,7,1,13,0,0,0,13
04/26/2009,CYS,WY,ANM,WE,Federal Contract Tower,0,13,8,3,24,0,0,16,0,16,0,13,24,3,40,8,4,12,52
04/27/2009,CYS,WY,ANM,WE,Federal Contract Tower,0,10,7,3,20,0,1,3,17,21,0,11,10,20,41,11,27,38,79
04/28/2009,CYS,WY,ANM,WE,Federal Contract Tower,0,14,26,6,46,0,1,4,0,5,0,15,30,6,51,18,90,108,159
04/29/2009,CYS,WY,ANM,WE,Federal Contract Tower,0,10,19,12,41,0,0,9,2,11,0,10,28,14,52,34,93,127,179
04/30/2009,CYS,WY,ANM,WE,Federal Contract Tower,0,13,16,3,32,0,0,10,2,12,0,13,26,5,44,7,48,55,99
05/01/2009,CYS,WY,ANM,WE,Federal Contract Tower,0,8,9,5,22,0,0,24,7,31,0,8,33,12,53,44,4,48,101
05/02/2009,CYS,WY,ANM,WE,Federal Contract Tower,0,15,6,1,22,0,0,19,2,21,0,15,25,3,43,13,89,102,145
05/03/2009,CYS,WY,ANM,WE,Federal Contract Tower,2,13,24,1,40,0,0,28,8,36,2,13,52,9,76,20,18,38,114
05/04/2009,CYS,WY,ANM,WE,Federal Contract Tower,0,10,17,8,35,0,0,28,0,28,0,10,45,8,63,46,60,106,169
05/05/2009,CYS,WY,ANM,WE,Federal Contract Tower,0,12,15,5,32,0,0,47,2,49,0,12,62,7,81,69,21,90,171
05/06/2009,CYS,WY,ANM,WE,Federal Contract Tower,0,16,19,2,37,0,0,11,0,11,0,16,30,2,48,24,12,36,84
05/07/2009,CYS,WY,ANM,WE,Federal Contract Tower,0,7,4,6,17,0,0,25,0,25,0,7,29,6,42,45,0,45,87
05/08/2009,CYS,WY,ANM,WE,Federal Contract Tower,0,8,3,2,13,0,0,0,0,0,0,8,3,2,13,1,0,1,14
05/09/2009,CYS,WY,ANM,WE,Federal Contract Tower,0,9,27,17,53,0,1,28,4,33,0,10,55,21,86,30,42,72,158
05/10/2009,CYS,WY,ANM,WE,Federal Contract Tower,0,14,19,13,46,0,2,20,10,32,0,16,39,23,78,10,80,90,168
05/11/2009,CYS,WY,ANM,WE,Federal Contract Tower,0,14,15,2,31,0,0,22,0,22,0,14,37,2,53,6,53,59,112
05/12/2009,CYS,WY,ANM,WE,Federal Contract Tower,0,14,22,2,38,0,1,51,2,54,0,15,73,4,92,12,100,112,204
05/13/2009,CYS,WY,ANM,WE,Federal Contract Tower,0,19,11,2,32,0,0,17,0,17,0,19,28,2,49,2,12,14,63
05/14/2009,CYS,WY,ANM,WE,Federal Contract Tower,0,9,5,2,16,0,0,3,1,4,0,9,8,3,20,90,11,101,121
05/15/2009,CYS,WY,ANM,WE,Federal Contract Tower,0,7,6,3,16,0,0,47,0,47,0,7,53,3,63,82,0,82,145
05/16/2009,CYS,WY,ANM,WE,Federal Contract Tower,0,12,25,13,50,0,0,75,8,83,0,12,100,21,133,10,84,94,227
05/17/2009,CYS,WY,ANM,WE,Federal Contract Tower,0,12,17,14,43,0,0,36,15,51,0,12,53,29,94,34,78,112,206
05/18/2009,CYS,WY,ANM,WE,Federal Contract Tower,2,14,23,9,48,0,0,30,2,32,2,14,53,11,80,21,52,73,153
05/19/2009,CYS,WY,ANM,WE,Federal Contract Tower,0,14,39,8,61,0,1,18,1,20,0,15,57,9,81,8,50,58,139
05/20/2009,CYS,WY,ANM,WE,Federal Contract Tower,1,13,30,1,45,0,0,7,0,7,1,13,37,1,52,2,0,2,54
05/21/2009,CYS,WY,ANM,WE,Federal Contract Tower,0,12,16,0,28,0,1,8,0,9,0,13,24,0,37,0,0,0,37
05/22/2009,CYS,WY,ANM,WE,Federal Contract Tower,3,10,7,1,21,0,2,7,0,9,3,12,14,1,30,4,0,4,34
05/23/2009,CYS,WY,ANM,WE,Federal Contract Tower,0,9,4,0,13,0,0,16,0,16,0,9,20,0,29,22,0,22,51
05/24/2009,CYS,WY,ANM,WE,Federal Contract Tower,0,14,24,8,46,0,0,17,0,17,0,14,41,8,63,1,51,52,115
05/25/2009,CYS,WY,ANM,WE,Federal Contract Tower,0,13,27,9,49,0,0,59,6,65,0,13,86,15,114,35,114,149,263
05/26/2009,CYS,WY,ANM,WE,Federal Contract Tower,0,11,22,6,39,0,0,59,2,61,0,11,81,8,100,29,47,76,176
05/27/2009,CYS,WY,ANM,WE,Federal Contract Tower,0,14,13,1,28,0,0,43,0,43,0,14,56,1,71,36,29,65,136
05/28/2009,CYS,WY,ANM,WE,Federal Contract Tower,0,7,3,0,10,0,0,38,4,42,0,7,41,4,52,32,0,32,84
05/29/2009,CYS,WY,ANM,WE,Federal Contract Tower,0,7,2,1,10,0,0,29,3,32,0,7,31,4,42,58,1,59,101
05/30/2009,CYS,WY,ANM,WE,Federal Contract Tower,0,12,17,2,31,0,0,12,0,12,0,12,29,2,43,22,10,32,75
05/31/2009,CYS,WY,ANM,WE,Federal Contract Tower,0,8,16,7,31,0,0,0,2,2,0,8,16,9,33,0,22,22,55
06/01/2009,CYS,WY,ANM,WE,Federal Contract Tower,0,14,22,6,42,0,0,8,2,10,0,14,30,8,52,16,68,84,136
06/02/2009,CYS,WY,ANM,WE,Federal Contract Tower,0,11,20,12,43,0,2,31,0,33,0,13,51,12,76,18,68,86,162
06/03/2009,CYS,WY,ANM,WE,Federal Contract Tower,0,10,18,9,37,0,0,18,12,30,0,10,36,21,67,22,98,120,187
06/04/2009,CYS,WY,ANM,WE,Federal Contract Tower,0,9,15,0,24,0,0,26,2,28,0,9,41,2,52,110,35,145,197
06/05/2009,CYS,WY,ANM,WE,Federal Contract Tower,0,5,8,2,15,0,0,10,0,10,0,5,18,2,25,5,0,5,30
06/06/2009,CYS,WY,ANM,WE,Federal Contract Tower,0,10,15,7,32,0,0,4,0,4,0,10,19,7,36,9,14,23,59
06/07/2009,CYS,WY,ANM,WE,Federal Contract Tower,0,6,24,7,37,0,0,16,2,18,0,6,40,9,55,10,33,43,98
06/08/2009,CYS,WY,ANM,WE,Federal Contract Tower,0,8,22,11,41,0,0,13,0,13,0,8,35,11,54,1,34,35,89
06/09/2009,CYS,WY,ANM,WE,Federal Contract Tower,0,12,26,14,52,0,0,8,0,8,0,12,34,14,60,2,68,70,130
06/10/2009,CYS,WY,ANM,WE,Federal Contract Tower,0,11,21,10,42,0,0,40,18,58,0,11,61,28,100,20,42,62,162
06/11/2009,CYS,WY,ANM,WE,Federal Contract Tower,0,8,10,4,22,0,0,13,8,21,0,8,23,12,43,24,17,41,84
06/12/2009,CYS,WY,ANM,WE,Federal Contract Tower,8,9,8,3,28,0,0,60,2,62,8,9,68,5,90,86,15,101,191
06/13/2009,CYS,WY,ANM,WE,Federal Contract Tower,0,11,11,10,32,0,0,39,12,51,0,11,50,22,83,36,76,112,195
06/14/2009,CYS,WY,ANM,WE,Federal Contract Tower,2,11,23,19,55,0,0,42,8,50,2,11,65,27,105,56,242,298,403
06/15/2009,CYS,WY,ANM,WE,Federal Contract Tower,0,12,25,14,51,0,2,46,2,50,0,14,71,16,101,35,50,85,186
06/16/2009,CYS,WY,ANM,WE,Federal Contract Tower,0,3,23,10,36,0,0,57,1,58,0,3,80,11,94,19,87,106,200
06/17/2009,CYS,WY,ANM,WE,Federal Contract Tower,0,11,13,3,27,0,0,44,0,44,0,11,57,3,71,36,68,104,175
06/18/2009,CYS,WY,ANM,WE,Federal Contract Tower,2,4,12,2,20,0,0,7,2,9,2,4,19,4,29,54,12,66,95
06/19/2009,CYS,WY,ANM,WE,Federal Contract Tower,6,8,6,1,21,0,2,47,0,49,6,10,53,1,70,34,4,38,108
06/20/2009,CYS,WY,ANM,WE,Federal Contract Tower,5,11,16,15,47,0,0,35,4,39,5,11,51,19,86,23,65,88,174
06/21/2009,CYS,WY,ANM,WE,Federal Contract Tower,16,15,17,9,57,0,0,33,0,33,16,15,50,9,90,39,57,96,186
06/22/2009,CYS,WY,ANM,WE,Federal Contract Tower,0,14,24,18,56,0,0,42,4,46,0,14,66,22,102,25,44,69,171
06/23/2009,CYS,WY,ANM,WE,Federal Contract Tower,4,11,17,7,39,0,0,53,0,53,4,11,70,7,92,53,45,98,190
06/24/2009,CYS,WY,ANM,WE,Federal Contract Tower,0,10,27,17,54,0,0,22,4,26,0,10,49,21,80,62,76,138,218
06/25/2009,CYS,WY,ANM,WE,Federal Contract Tower,0,10,18,1,29,0,0,6,0,6,0,10,24,1,35,118,6,124,159
06/26/2009,CYS,WY,ANM,WE,Federal Contract Tower,0,10,7,6,23,0,0,37,2,39,0,10,44,8,62,90,0,90,152
06/27/2009,CYS,WY,ANM,WE,Federal Contract Tower,0,14,11,6,31,0,0,55,9,64,0,14,66,15,95,5,113,118,213
06/28/2009,CYS,WY,ANM,WE,Federal Contract Tower,0,13,24,22,59,0,8,30,0,38,0,21,54,22,97,27,245,272,369
06/29/2009,CYS,WY,ANM,WE,Federal Contract Tower,0,10,22,1,33,0,0,15,0,15,0,10,37,1,48,11,45,56,104
06/30/2009,CYS,WY,ANM,WE,Federal Contract Tower,8,12,10,0,30,0,2,24,0,26,8,14,34,0,56,44,0,44,100
07/01/2009,CYS,WY,ANM,WE,Federal Contract Tower,4,13,12,0,29,0,0,22,0,22,4,13,34,0,51,26,0,26,77
07/02/2009,CYS,WY,ANM,WE,Federal Contract Tower,2,5,11,0,18,0,0,15,0,15,2,5,26,0,33,48,0,48,81
07/03/2009,CYS,WY,ANM,WE,Federal Contract Tower,2,10,7,0,19,0,6,25,0,31,2,16,32,0,50,0,0,0,50
07/04/2009,CYS,WY,ANM,WE,Federal Contract Tower,4,11,6,1,22,0,0,24,0,24,4,11,30,1,46,8,37,45,91
07/05/2009,CYS,WY,ANM,WE,Federal Contract Tower,0,14,18,1,33,0,0,35,2,37,0,14,53,3,70,10,82,92,162
07/06/2009,CYS,WY,ANM,WE,Federal Contract Tower,0,10,24,9,43,0,0,24,8,32,0,10,48,17,75,27,107,134,209
07/07/2009,CYS,WY,ANM,WE,Federal Contract Tower,0,10,15,15,40,0,0,14,3,17,0,10,29,18,57,32,85,117,174
07/08/2009,CYS,WY,ANM,WE,Federal Contract Tower,9,11,12,7,39,0,1,4,4,9,9,12,16,11,48,82,48,130,178
07/09/2009,CYS,WY,ANM,WE,Federal Contract Tower,1,5,17,5,28,0,0,50,3,53,1,5,67,8,81,64,0,64,145
07/10/2009,CYS,WY,ANM,WE,Federal Contract Tower,0,12,5,4,21,0,0,26,2,28,0,12,31,6,49,46,51,97,146
07/11/2009,CYS,WY,ANM,WE,Federal Contract Tower,12,11,22,2,47,0,1,27,13,41,12,12,49,15,88,13,50,63,151
07/12/2009,CYS,WY,ANM,WE,Federal Contract Tower,0,11,24,13,48,0,0,40,10,50,0,11,64,23,98,62,140,202,300
07/13/2009,CYS,WY,ANM,WE,Federal Contract Tower,0,2,37,12,51,0,14,29,11,54,0,16,66,23,105,50,72,122,227
07/14/2009,CYS,WY,ANM,WE,Federal Contract Tower,0,12,26,5,43,0,1,28,4,33,0,13,54,9,76,110,47,157,233
07/15/2009,CYS,WY,ANM,WE,Federal Contract Tower,0,12,24,4,40,0,0,29,0,29,0,12,53,4,69,73,48,121,190
07/16/2009,CYS,WY,ANM,WE,Federal Contract Tower,0,8,18,2,28,0,0,52,0,52,0,8,70,2,80,72,10,82,162
07/17/2009,CYS,WY,ANM,WE,Federal Contract Tower,0,4,40,0,44,0,8,23,3,34,0,12,63,3,78,37,2,39,117
07/18/2009,CYS,WY,ANM,WE,Federal Contract Tower,0,13,32,3,48,0,1,20,1,22,0,14,52,4,70,21,78,99,169
07/19/2009,CYS,WY,ANM,WE,Federal Contract Tower,0,14,22,15,51,0,2,31,7,40,0,16,53,22,91,24,48,72,163
07/20/2009,CYS,WY,ANM,WE,Federal Contract Tower,0,9,18,9,36,0,2,27,4,33,0,11,45,13,69,56,88,144,213
07/21/2009,CYS,WY,ANM,WE,Federal Contract Tower,0,11,34,12,57,0,0,27,8,35,0,11,61,20,92,46,19,65,157
07/22/2009,CYS,WY,ANM,WE,Federal Contract Tower,0,14,34,7,55,0,0,17,0,17,0,14,51,7,72,64,61,125,197
07/23/2009,CYS,WY,ANM,WE,Federal Contract Tower,0,7,26,7,40,0,0,44,0,44,0,7,70,7,84,50,24,74,158
07/24/2009,CYS,WY,ANM,WE,Federal Contract Tower,0,12,17,6,35,0,0,47,2,49,0,12,64,8,84,40,5,45,129
07/25/2009,CYS,WY,ANM,WE,Federal Contract Tower,0,10,21,1,32,0,3,21,0,24,0,13,42,1,56,5,143,148,204
07/26/2009,CYS,WY,ANM,WE,Federal Contract Tower,0,18,21,17,56,0,0,19,2,21,0,18,40,19,77,14,110,124,201
07/27/2009,CYS,WY,ANM,WE,Federal Contract Tower,0,13,19,31,63,0,0,9,0,9,0,13,28,31,72,26,134,160,232
07/28/2009,CYS,WY,ANM,WE,Federal Contract Tower,0,10,21,16,47,0,0,34,10,44,0,10,55,26,91,21,165,186,277
07/29/2009,CYS,WY,ANM,WE,Federal Contract Tower,0,8,24,24,56,0,0,9,0,9,0,8,33,24,65,26,113,139,204
07/30/2009,CYS,WY,ANM,WE,Federal Contract Tower,0,10,21,16,47,0,0,34,10,44,0,10,55,26,91,21,165,186,277
07/31/2009,CYS,WY,ANM,WE,Federal Contract Tower,0,8,24,24,56,0,0,9,0,9,0,8,33,24,65,26,113,139,204
08/01/2009,CYS,WY,ANM,WE,Federal Contract Tower,0,6,7,2,15,0,0,13,2,15,0,6,20,4,30,31,1,32,62
08/02/2009,CYS,WY,ANM,WE,Federal Contract Tower,2,13,5,10,30,0,3,37,3,43,2,16,42,13,73,26,16,42,115
08/03/2009,CYS,WY,ANM,WE,Federal Contract Tower,0,13,20,10,43,0,0,25,0,25,0,13,45,10,68,21,33,54,122
08/04/2009,CYS,WY,ANM,WE,Federal Contract Tower,0,12,20,19,51,0,0,26,0,26,0,12,46,19,77,29,76,105,182
08/05/2009,CYS,WY,ANM,WE,Federal Contract Tower,2,10,23,13,48,0,2,46,2,50,2,12,69,15,98,43,120,163,261
08/06/2009,CYS,WY,ANM,WE,Federal Contract Tower,4,12,30,2,48,0,0,13,2,15,4,12,43,4,63,21,15,36,99
08/07/2009,CYS,WY,ANM,WE,Federal Contract Tower,0,13,24,10,47,0,0,18,4,22,0,13,42,14,69,26,57,83,152
08/08/2009,CYS,WY,ANM,WE,Federal Contract Tower,0,7,12,3,22,0,0,15,0,15,0,7,27,3,37,30,0,30,67
08/09/2009,CYS,WY,ANM,WE,Federal Contract Tower,0,12,6,2,20,0,0,17,4,21,0,12,23,6,41,5,16,21,62
08/10/2009,CYS,WY,ANM,WE,Federal Contract Tower,0,12,6,11,29,0,0,27,1,28,0,12,33,12,57,19,82,101,158
08/11/2009,CYS,WY,ANM,WE,Federal Contract Tower,0,12,16,9,37,0,0,35,5,40,0,12,51,14,77,40,82,122,199
08/12/2009,CYS,WY,ANM,WE,Federal Contract Tower,0,10,26,17,53,0,0,17,2,19,0,10,43,19,72,29,123,152,224
08/13/2009,CYS,WY,ANM,WE,Federal Contract Tower,2,12,23,9,46,0,1,21,3,25,2,13,44,12,71,21,14,35,106
08/14/2009,CYS,WY,ANM,WE,Federal Contract Tower,0,12,18,2,32,0,0,12,14,26,0,12,30,16,58,32,24,56,114
08/15/2009,CYS,WY,ANM,WE,Federal Contract Tower,0,6,12,3,21,0,0,29,0,29,0,6,41,3,50,70,6,76,126
08/16/2009,CYS,WY,ANM,WE,Federal Contract Tower,0,8,27,2,37,0,0,19,0,19,0,8,46,2,56,49,0,49,105
08/17/2009,CYS,WY,ANM,WE,Federal Contract Tower,0,14,17,5,36,0,0,21,2,23,0,14,38,7,59,23,25,48,107
08/18/2009,CYS,WY,ANM,WE,Federal Contract Tower,6,10,56,20,92,0,0,15,0,15,6,10,71,20,107,27,95,122,229
08/19/2009,CYS,WY,ANM,WE,Federal Contract Tower,0,10,53,9,72,0,0,11,0,11,0,10,64,9,83,33,91,124,207
08/20/2009,CYS,WY,ANM,WE,Federal Contract Tower,0,11,28,15,54,0,0,8,4,12,0,11,36,19,66,14,80,94,160
08/21/2009,CYS,WY,ANM,WE,Federal Contract Tower,0,15,36,19,70,0,0,28,8,36,0,15,64,27,106,70,20,90,196
08/22/2009,CYS,WY,ANM,WE,Federal Contract Tower,0,6,8,18,32,0,0,22,4,26,0,6,30,22,58,44,14,58,116
08/23/2009,CYS,WY,ANM,WE,Federal Contract Tower,0,9,9,0,18,0,2,33,6,41,0,11,42,6,59,65,0,65,124
08/24/2009,CYS,WY,ANM,WE,Federal Contract Tower,0,14,16,10,40,0,0,25,3,28,0,14,41,13,68,15,31,46,114
08/25/2009,CYS,WY,ANM,WE,Federal Contract Tower,0,17,24,6,47,0,0,31,0,31,0,17,55,6,78,33,52,85,163
08/26/2009,CYS,WY,ANM,WE,Federal Contract Tower,0,11,29,14,54,0,0,21,5,26,0,11,50,19,80,44,55,99,179
08/27/2009,CYS,WY,ANM,WE,Federal Contract Tower,0,12,14,11,37,0,1,25,6,32,0,13,39,17,69,36,27,63,132
08/28/2009,CYS,WY,ANM,WE,Federal Contract Tower,0,13,23,5,41,0,0,33,0,33,0,13,56,5,74,24,28,52,126
08/29/2009,CYS,WY,ANM,WE,Federal Contract Tower,0,7,14,2,23,0,3,20,2,25,0,10,34,4,48,76,2,78,126
08/30/2009,CYS,WY,ANM,WE,Federal Contract Tower,0,8,25,2,35,0,0,0,0,0,0,8,25,2,35,2,0,2,37
08/31/2009,CYS,WY,ANM,WE,Federal Contract Tower,0,14,14,6,34,0,0,17,5,22,0,14,31,11,56,14,20,34,90
09/01/2009,CYS,WY,ANM,WE,Federal Contract Tower,2,10,24,11,47,0,3,17,3,23,2,13,41,14,70,9,39,48,118
09/02/2009,CYS,WY,ANM,WE,Federal Contract Tower,0,9,21,11,41,0,0,15,6,21,0,9,36,17,62,14,147,161,223
09/03/2009,CYS,WY,ANM,WE,Federal Contract Tower,0,11,30,16,57,0,0,15,10,25,0,11,45,26,82,43,86,129,211
09/04/2009,CYS,WY,ANM,WE,Federal Contract Tower,0,14,11,5,30,0,0,18,2,20,0,14,29,7,50,22,42,64,114
09/05/2009,CYS,WY,ANM,WE,Federal Contract Tower,0,6,8,0,14,0,0,34,0,34,0,6,42,0,48,20,1,21,69
09/06/2009,CYS,WY,ANM,WE,Federal Contract Tower,0,9,7,0,16,0,0,24,0,24,0,9,31,0,40,50,0,50,90
09/07/2009,CYS,WY,ANM,WE,Federal Contract Tower,0,13,6,0,19,0,0,40,0,40,0,13,46,0,59,80,0,80,139
09/08/2009,CYS,WY,ANM,WE,Federal Contract Tower,0,15,10,11,36,0,1,7,13,21,0,16,17,24,57,32,84,116,173
09/09/2009,CYS,WY,ANM,WE,Federal Contract Tower,0,10,28,26,64,0,0,12,1,13,0,10,40,27,77,24,128,152,229
09/10/2009,CYS,WY,ANM,WE,Federal Contract Tower,0,12,42,10,64,0,0,14,3,17,0,12,56,13,81,50,111,161,242
09/11/2009,CYS,WY,ANM,WE,Federal Contract Tower,0,10,18,11,39,0,0,9,0,9,0,10,27,11,48,7,112,119,167
09/12/2009,CYS,WY,ANM,WE,Federal Contract Tower,0,9,7,7,23,0,0,15,1,16,0,9,22,8,39,26,3,29,68
09/13/2009,CYS,WY,ANM,WE,Federal Contract Tower,0,15,12,8,35,0,0,2,0,2,0,15,14,8,37,0,7,7,44
09/14/2009,CYS,WY,ANM,WE,Federal Contract Tower,0,16,17,12,45,0,0,20,4,24,0,16,37,16,69,20,61,81,150
09/15/2009,CYS,WY,ANM,WE,Federal Contract Tower,0,11,20,18,49,0,0,15,3,18,0,11,35,21,67,9,99,108,175
09/16/2009,CYS,WY,ANM,WE,Federal Contract Tower,0,12,39,17,68,0,0,24,4,28,0,12,63,21,96,50,62,112,208
09/17/2009,CYS,WY,ANM,WE,Federal Contract Tower,0,15,22,13,50,0,4,21,2,27,0,19,43,15,77,32,121,153,230
09/18/2009,CYS,WY,ANM,WE,Federal Contract Tower,0,12,13,14,39,0,0,17,0,17,0,12,30,14,56,37,35,72,128
09/19/2009,CYS,WY,ANM,WE,Federal Contract Tower,0,5,17,0,22,0,0,42,0,42,0,5,59,0,64,32,3,35,99
09/20/2009,CYS,WY,ANM,WE,Federal Contract Tower,0,13,14,5,32,0,0,18,0,18,0,13,32,5,50,14,18,32,82
09/21/2009,CYS,WY,ANM,WE,Federal Contract Tower,0,10,9,0,19,0,0,6,0,6,0,10,15,0,25,1,51,52,77
09/22/2009,CYS,WY,ANM,WE,Federal Contract Tower,0,13,9,33,55,0,0,10,1,11,0,13,19,34,66,7,158,165,231
09/23/2009,CYS,WY,ANM,WE,Federal Contract Tower,2,10,25,16,53,0,0,4,2,6,2,10,29,18,59,8,104,112,171
09/24/2009,CYS,WY,ANM,WE,Federal Contract Tower,0,10,7,18,35,0,0,14,8,22,0,10,21,26,57,10,88,98,155
09/25/2009,CYS,WY,ANM,WE,Federal Contract Tower,3,12,18,0,33,0,0,24,2,26,3,12,42,2,59,14,9,23,82
09/26/2009,CYS,WY,ANM,WE,Federal Contract Tower,3,6,8,1,18,0,0,15,0,15,3,6,23,1,33,26,0,26,59
09/27/2009,CYS,WY,ANM,WE,Federal Contract Tower,0,8,10,4,22,0,0,11,0,11,0,8,21,4,33,29,0,29,62
09/28/2009,CYS,WY,ANM,WE,Federal Contract Tower,0,12,11,8,31,0,0,34,0,34,0,12,45,8,65,5,40,45,110
09/29/2009,CYS,WY,ANM,WE,Federal Contract Tower,0,13,27,17,57,0,0,16,0,16,0,13,43,17,73,48,77,125,198
09/30/2009,CYS,WY,ANM,WE,Federal Contract Tower,0,12,25,13,50,0,2,17,4,23,0,14,42,17,73,9,84,93,166
10/01/2009,CYS,WY,ANM,WE,Federal Contract Tower,0,6,18,6,30,0,0,2,8,10,0,6,20,14,40,2,138,140,180
10/02/2009,CYS,WY,ANM,WE,Federal Contract Tower,0,14,8,13,35,0,0,12,11,23,0,14,20,24,58,18,97,115,173
10/03/2009,CYS,WY,ANM,WE,Federal Contract Tower,0,8,11,3,22,0,0,15,0,15,0,8,26,3,37,64,8,72,109
10/04/2009,CYS,WY,ANM,WE,Federal Contract Tower,0,7,1,0,8,0,0,6,0,6,0,7,7,0,14,18,0,18,32
10/05/2009,CYS,WY,ANM,WE,Federal Contract Tower,0,16,14,17,47,0,2,2,2,6,0,18,16,19,53,19,179,198,251
10/06/2009,CYS,WY,ANM,WE,Federal Contract Tower,0,14,11,19,44,0,1,23,2,26,0,15,34,21,70,28,181,209,279
10/07/2009,CYS,WY,ANM,WE,Federal Contract Tower,0,13,20,10,43,0,0,16,9,25,0,13,36,19,68,65,39,104,172
10/08/2009,CYS,WY,ANM,WE,Federal Contract Tower,0,13,4,13,30,0,0,1,12,13,0,13,5,25,43,0,7,7,50
10/09/2009,CYS,WY,ANM,WE,Federal Contract Tower,0,9,20,15,44,0,0,6,0,6,0,9,26,15,50,9,44,53,103
10/10/2009,CYS,WY,ANM,WE,Federal Contract Tower,0,7,5,1,13,0,0,1,0,1,0,7,6,1,14,0,0,0,14
10/11/2009,CYS,WY,ANM,WE,Federal Contract Tower,0,12,3,0,15,0,0,0,0,0,0,12,3,0,15,0,0,0,15
10/12/2009,CYS,WY,ANM,WE,Federal Contract Tower,0,11,9,2,22,0,1,1,2,4,0,12,10,4,26,0,0,0,26
10/13/2009,CYS,WY,ANM,WE,Federal Contract Tower,0,6,17,3,26,0,0,0,0,0,0,6,17,3,26,0,2,2,28
10/14/2009,CYS,WY,ANM,WE,Federal Contract Tower,12,11,15,30,68,0,0,1,11,12,12,11,16,41,80,21,131,152,232
10/15/2009,CYS,WY,ANM,WE,Federal Contract Tower,0,10,16,33,59,0,0,10,10,20,0,10,26,43,79,7,101,108,187
10/16/2009,CYS,WY,ANM,WE,Federal Contract Tower,0,13,20,13,46,0,1,9,7,17,0,14,29,20,63,47,61,108,171
10/17/2009,CYS,WY,ANM,WE,Federal Contract Tower,0,7,10,1,18,0,0,20,3,23,0,7,30,4,41,45,4,49,90
10/18/2009,CYS,WY,ANM,WE,Federal Contract Tower,0,8,12,2,22,0,0,13,1,14,0,8,25,3,36,35,0,35,71
10/19/2009,CYS,WY,ANM,WE,Federal Contract Tower,0,13,21,28,62,0,0,11,6,17,0,13,32,34,79,7,174,181,260
10/20/2009,CYS,WY,ANM,WE,Federal Contract Tower,0,9,6,8,23,0,0,0,1,1,0,9,6,9,24,2,0,2,26
10/21/2009,CYS,WY,ANM,WE,Federal Contract Tower,0,11,15,24,50,0,0,0,10,10,0,11,15,34,60,0,139,139,199
10/22/2009,CYS,WY,ANM,WE,Federal Contract Tower,0,13,19,15,47,0,1,29,24,54,0,14,48,39,101,18,123,141,242
10/23/2009,CYS,WY,ANM,WE,Federal Contract Tower,0,10,17,6,33,0,0,11,6,17,0,10,28,12,50,24,30,54,104
10/24/2009,CYS,WY,ANM,WE,Federal Contract Tower,0,7,16,1,24,0,0,7,2,9,0,7,23,3,33,31,1,32,65
10/25/2009,CYS,WY,ANM,WE,Federal Contract Tower,0,10,11,0,21,0,0,6,0,6,0,10,17,0,27,17,0,17,44
10/26/2009,CYS,WY,ANM,WE,Federal Contract Tower,0,13,14,13,40,0,0,15,4,19,0,13,29,17,59,21,53,74,133
10/27/2009,CYS,WY,ANM,WE,Federal Contract Tower,0,16,18,15,49,0,0,1,2,3,0,16,19,17,52,8,53,61,113
10/28/2009,CYS,WY,ANM,WE,Federal Contract Tower,0,1,0,0,1,0,0,0,0,0,0,1,0,0,1,0,0,0,1
10/29/2009,CYS,WY,ANM,WE,Federal Contract Tower,0,0,2,0,2,0,0,0,0,0,0,0,2,0,2,0,0,0,2
10/30/2009,CYS,WY,ANM,WE,Federal Contract Tower,0,13,10,5,28,0,0,4,12,16,0,13,14,17,44,0,12,12,56
10/31/2009,CYS,WY,ANM,WE,Federal Contract Tower,0,5,9,8,22,0,0,6,2,8,0,5,15,10,30,4,0,4,34
11/01/2009,CYS,WY,ANM,WE,Federal Contract Tower,0,14,9,1,24,0,2,13,0,15,0,16,22,1,39,21,1,22,61
11/02/2009,CYS,WY,ANM,WE,Federal Contract Tower,0,13,13,16,42,1,0,3,4,8,1,13,16,20,50,0,18,18,68
11/03/2009,CYS,WY,ANM,WE,Federal Contract Tower,0,13,12,9,34,0,1,16,2,19,0,14,28,11,53,3,87,90,143
11/04/2009,CYS,WY,ANM,WE,Federal Contract Tower,0,11,10,9,30,0,0,13,8,21,0,11,23,17,51,27,40,67,118
11/05/2009,CYS,WY,ANM,WE,Federal Contract Tower,0,14,18,9,41,0,0,26,10,36,0,14,44,19,77,39,7,46,123
11/06/2009,CYS,WY,ANM,WE,Federal Contract Tower,2,10,7,7,26,0,0,6,0,6,2,10,13,7,32,22,28,50,82
11/07/2009,CYS,WY,ANM,WE,Federal Contract Tower,0,4,17,0,21,0,0,14,2,16,0,4,31,2,37,28,5,33,70
11/08/2009,CYS,WY,ANM,WE,Federal Contract Tower,0,9,11,4,24,0,0,16,0,16,0,9,27,4,40,10,6,16,56
11/09/2009,CYS,WY,ANM,WE,Federal Contract Tower,0,10,10,14,34,0,0,11,0,11,0,10,21,14,45,23,39,62,107
11/10/2009,CYS,WY,ANM,WE,Federal Contract Tower,0,11,35,17,63,0,0,33,3,36,0,11,68,20,99,45,48,93,192
11/11/2009,CYS,WY,ANM,WE,Federal Contract Tower,2,13,10,2,27,0,6,10,0,16,2,19,20,2,43,69,0,69,112
11/12/2009,CYS,WY,ANM,WE,Federal Contract Tower,0,8,17,22,47,0,0,5,12,17,0,8,22,34,64,20,101,121,185
11/13/2009,CYS,WY,ANM,WE,Federal Contract Tower,0,10,15,22,47,0,0,0,0,0,0,10,15,22,47,0,22,22,69
11/14/2009,CYS,WY,ANM,WE,Federal Contract Tower,2,8,3,2,15,0,2,8,6,16,2,10,11,8,31,40,0,40,71
11/15/2009,CYS,WY,ANM,WE,Federal Contract Tower,0,12,9,2,23,0,2,9,0,11,0,14,18,2,34,23,0,23,57
11/16/2009,CYS,WY,ANM,WE,Federal Contract Tower,0,17,8,9,34,0,4,26,4,34,0,21,34,13,68,23,101,124,192
11/17/2009,CYS,WY,ANM,WE,Federal Contract Tower,2,15,16,13,46,0,9,20,9,38,2,24,36,22,84,25,86,111,195
11/18/2009,CYS,WY,ANM,WE,Federal Contract Tower,0,12,17,9,38,0,5,21,6,32,0,17,38,15,70,60,88,148,218
11/19/2009,CYS,WY,ANM,WE,Federal Contract Tower,0,11,20,12,43,0,0,30,6,36,0,11,50,18,79,60,44,104,183
11/20/2009,CYS,WY,ANM,WE,Federal Contract Tower,0,13,22,1,36,0,0,7,0,7,0,13,29,1,43,38,18,56,99
11/21/2009,CYS,WY,ANM,WE,Federal Contract Tower,0,8,11,2,21,0,14,10,0,24,0,22,21,2,45,22,2,24,69
11/22/2009,CYS,WY,ANM,WE,Federal Contract Tower,0,9,14,1,24,0,0,20,0,20,0,9,34,1,44,55,0,55,99
11/23/2009,CYS,WY,ANM,WE,Federal Contract Tower,0,13,8,6,27,0,0,0,30,30,0,13,8,36,57,5,33,38,95
11/24/2009,CYS,WY,ANM,WE,Federal Contract Tower,0,11,15,5,31,0,0,4,3,7,0,11,19,8,38,21,32,53,91
11/25/2009,CYS,WY,ANM,WE,Federal Contract Tower,0,12,7,5,24,0,0,20,12,32,0,12,27,17,56,30,101,131,187
11/26/2009,CYS,WY,ANM,WE,Federal Contract Tower,0,12,1,0,13,0,0,14,0,14,0,12,15,0,27,17,0,17,44
11/27/2009,CYS,WY,ANM,WE,Federal Contract Tower,0,11,9,1,21,0,0,22,0,22,0,11,31,1,43,7,0,7,50
11/28/2009,CYS,WY,ANM,WE,Federal Contract Tower,2,10,4,0,16,0,0,4,0,4,2,10,8,0,20,8,0,8,28
11/29/2009,CYS,WY,ANM,WE,Federal Contract Tower,0,9,6,1,16,0,0,12,0,12,0,9,18,1,28,43,0,43,71
11/30/2009,CYS,WY,ANM,WE,Federal Contract Tower,0,17,7,4,28,0,0,15,2,17,0,17,22,6,45,13,84,97,142
12/01/2009,CYS,WY,ANM,WE,Federal Contract Tower,0,15,8,10,33,0,0,9,0,9,0,15,17,10,42,4,34,38,80
12/02/2009,CYS,WY,ANM,WE,Federal Contract Tower,0,11,15,3,29,0,0,5,0,5,0,11,20,3,34,11,20,31,65
12/03/2009,CYS,WY,ANM,WE,Federal Contract Tower,0,14,15,5,34,0,2,7,10,19,0,16,22,15,53,1,47,48,101
12/04/2009,CYS,WY,ANM,WE,Federal Contract Tower,0,15,19,10,44,0,0,8,2,10,0,15,27,12,54,6,51,57,111
12/05/2009,CYS,WY,ANM,WE,Federal Contract Tower,0,7,15,2,24,0,0,8,1,9,0,7,23,3,33,84,20,104,137
12/06/2009,CYS,WY,ANM,WE,Federal Contract Tower,0,11,0,2,13,0,0,0,0,0,0,11,0,2,13,0,0,0,13
12/07/2009,CYS,WY,ANM,WE,Federal Contract Tower,0,16,10,0,26,0,0,0,0,0,0,16,10,0,26,2,0,2,28
12/08/2009,CYS,WY,ANM,WE,Federal Contract Tower,0,12,12,2,26,0,0,0,0,0,0,12,12,2,26,0,2,2,28
12/09/2009,CYS,WY,ANM,WE,Federal Contract Tower,2,12,25,13,52,0,0,3,2,5,2,12,28,15,57,3,139,142,199
12/10/2009,CYS,WY,ANM,WE,Federal Contract Tower,2,13,17,15,47,0,2,6,11,19,2,15,23,26,66,21,67,88,154
12/11/2009,CYS,WY,ANM,WE,Federal Contract Tower,0,19,20,3,42,0,0,5,5,10,0,19,25,8,52,17,49,66,118
12/12/2009,CYS,WY,ANM,WE,Federal Contract Tower,0,10,7,0,17,0,0,5,0,5,0,10,12,0,22,46,4,50,72
12/13/2009,CYS,WY,ANM,WE,Federal Contract Tower,0,11,2,7,20,0,0,8,0,8,0,11,10,7,28,32,0,32,60
12/14/2009,CYS,WY,ANM,WE,Federal Contract Tower,0,15,19,6,40,0,0,6,8,14,0,15,25,14,54,31,60,91,145
12/15/2009,CYS,WY,ANM,WE,Federal Contract Tower,0,13,17,12,42,0,0,7,1,8,0,13,24,13,50,17,144,161,211
12/16/2009,CYS,WY,ANM,WE,Federal Contract Tower,0,12,24,10,46,1,0,17,0,18,1,12,41,10,64,38,59,97,161
12/17/2009,CYS,WY,ANM,WE,Federal Contract Tower,0,13,8,2,23,0,0,13,0,13,0,13,21,2,36,4,49,53,89
12/18/2009,CYS,WY,ANM,WE,Federal Contract Tower,0,23,14,8,45,0,0,4,0,4,0,23,18,8,49,22,28,50,99
12/19/2009,CYS,WY,ANM,WE,Federal Contract Tower,0,8,13,0,21,0,0,8,0,8,0,8,21,0,29,75,0,75,104
12/20/2009,CYS,WY,ANM,WE,Federal Contract Tower,0,8,6,0,14,0,0,8,0,8,0,8,14,0,22,60,0,60,82
12/21/2009,CYS,WY,ANM,WE,Federal Contract Tower,0,11,20,2,33,0,0,2,3,5,0,11,22,5,38,43,6,49,87
12/22/2009,CYS,WY,ANM,WE,Federal Contract Tower,0,10,20,16,46,0,0,4,0,4,0,10,24,16,50,16,92,108,158
12/23/2009,CYS,WY,ANM,WE,Federal Contract Tower,0,9,3,5,17,0,0,0,0,0,0,9,3,5,17,0,56,56,73
12/24/2009,CYS,WY,ANM,WE,Federal Contract Tower,0,11,4,3,18,0,0,18,0,18,0,11,22,3,36,13,2,15,51
12/25/2009,CYS,WY,ANM,WE,Federal Contract Tower,0,10,1,1,12,0,0,0,0,0,0,10,1,1,12,7,2,9,21
12/26/2009,CYS,WY,ANM,WE,Federal Contract Tower,0,8,2,2,12,0,0,0,0,0,0,8,2,2,12,0,0,0,12
12/27/2009,CYS,WY,ANM,WE,Federal Contract Tower,2,11,9,3,25,0,0,7,0,7,2,11,16,3,32,37,0,37,69
12/28/2009,CYS,WY,ANM,WE,Federal Contract Tower,0,15,15,9,39,0,2,6,2,10,0,17,21,11,49,15,74,89,138
12/29/2009,CYS,WY,ANM,WE,Federal Contract Tower,0,11,13,10,34,0,0,24,2,26,0,11,37,12,60,23,77,100,160
12/30/2009,CYS,WY,ANM,WE,Federal Contract Tower,2,11,14,0,27,0,0,8,0,8,2,11,22,0,35,33,47,80,115
12/31/2009,CYS,WY,ANM,WE,Federal Contract Tower,0,19,13,0,32,0,0,27,0,27,0,19,40,0,59,61,12,73,132
01/01/2010,CYS,WY,ANM,WE,Federal Contract Tower,0,8,9,0,17,0,0,10,0,10,0,8,19,0,27,0,0,0,27
01/02/2010,CYS,WY,ANM,WE,Federal Contract Tower,0,9,5,0,14,0,0,6,0,6,0,9,11,0,20,0,0,0,20
01/03/2010,CYS,WY,ANM,WE,Federal Contract Tower,0,9,5,0,14,0,0,2,1,3,0,9,7,1,17,0,0,0,17
01/04/2010,CYS,WY,ANM,WE,Federal Contract Tower,0,6,5,6,17,0,0,32,5,37,0,6,37,11,54,0,0,0,54
01/05/2010,CYS,WY,ANM,WE,Federal Contract Tower,0,14,0,2,16,0,0,16,4,20,0,14,16,6,36,0,0,0,36
01/06/2010,CYS,WY,ANM,WE,Federal Contract Tower,0,11,0,0,11,0,0,19,28,47,0,11,19,28,58,0,0,0,58
01/07/2010,CYS,WY,ANM,WE,Federal Contract Tower,0,14,4,0,18,0,0,3,3,6,0,14,7,3,24,0,0,0,24
01/08/2010,CYS,WY,ANM,WE,Federal Contract Tower,0,18,0,7,25,0,0,21,0,21,0,18,21,7,46,0,0,0,46
01/09/2010,CYS,WY,ANM,WE,Federal Contract Tower,0,23,1,4,28,0,0,1,9,10,0,23,2,13,38,0,0,0,38
01/10/2010,CYS,WY,ANM,WE,Federal Contract Tower,0,9,3,0,12,0,0,16,0,16,0,9,19,0,28,0,0,0,28
01/11/2010,CYS,WY,ANM,WE,Federal Contract Tower,0,9,5,2,16,0,0,42,2,44,0,9,47,4,60,0,0,0,60
01/12/2010,CYS,WY,ANM,WE,Federal Contract Tower,0,9,3,0,12,0,0,15,2,17,0,9,18,2,29,0,0,0,29
01/13/2010,CYS,WY,ANM,WE,Federal Contract Tower,0,60,7,2,69,0,0,13,1,14,0,60,20,3,83,0,0,0,83
01/14/2010,CYS,WY,ANM,WE,Federal Contract Tower,0,12,4,6,22,0,0,30,6,36,0,12,34,12,58,0,0,0,58
01/15/2010,CYS,WY,ANM,WE,Federal Contract Tower,0,19,27,8,54,0,0,0,0,0,0,19,27,8,54,0,0,0,54
01/16/2010,CYS,WY,ANM,WE,Federal Contract Tower,0,12,21,4,37,0,0,6,0,6,0,12,27,4,43,0,0,0,43
01/17/2010,CYS,WY,ANM,WE,Federal Contract Tower,0,8,3,0,11,0,0,25,0,25,0,8,28,0,36,0,0,0,36
01/18/2010,CYS,WY,ANM,WE,Federal Contract Tower,0,7,6,0,13,0,1,10,0,11,0,8,16,0,24,0,0,0,24
01/19/2010,CYS,WY,ANM,WE,Federal Contract Tower,0,12,3,1,16,0,0,8,0,8,0,12,11,1,24,0,0,0,24
01/20/2010,CYS,WY,ANM,WE,Federal Contract Tower,0,12,16,8,36,0,0,28,3,31,0,12,44,11,67,0,0,0,67
01/21/2010,CYS,WY,ANM,WE,Federal Contract Tower,0,11,24,21,56,0,1,26,9,36,0,12,50,30,92,0,0,0,92
01/22/2010,CYS,WY,ANM,WE,Federal Contract Tower,0,10,20,7,37,0,0,6,1,7,0,10,26,8,44,0,0,0,44
01/23/2010,CYS,WY,ANM,WE,Federal Contract Tower,0,10,18,5,33,0,0,3,31,34,0,10,21,36,67,0,0,0,67
01/24/2010,CYS,WY,ANM,WE,Federal Contract Tower,0,10,5,2,17,0,0,2,2,4,0,10,7,4,21,0,0,0,21
01/25/2010,CYS,WY,ANM,WE,Federal Contract Tower,0,6,0,5,11,0,0,0,0,0,0,6,0,5,11,0,0,0,11
01/26/2010,CYS,WY,ANM,WE,Federal Contract Tower,0,12,5,0,17,0,0,1,0,1,0,12,6,0,18,0,0,0,18
01/27/2010,CYS,WY,ANM,WE,Federal Contract Tower,0,11,11,18,40,0,0,1,0,1,0,11,12,18,41,0,0,0,41
01/28/2010,CYS,WY,ANM,WE,Federal Contract Tower,0,12,8,23,43,0,0,0,0,0,0,12,8,23,43,0,0,0,43
01/29/2010,CYS,WY,ANM,WE,Federal Contract Tower,6,18,13,0,37,0,0,20,0,20,6,18,33,0,57,0,0,0,57
01/30/2010,CYS,WY,ANM,WE,Federal Contract Tower,0,6,17,2,25,0,0,22,0,22,0,6,39,2,47,0,0,0,47
01/31/2010,CYS,WY,ANM,WE,Federal Contract Tower,0,8,5,0,13,0,0,14,0,14,0,8,19,0,27,0,0,0,27
02/01/2010,CYS,WY,ANM,WE,Federal Contract Tower,2,11,11,5,29,0,0,2,2,4,2,11,13,7,33,1,81,82,115
02/02/2010,CYS,WY,ANM,WE,Federal Contract Tower,0,12,21,20,53,0,0,14,4,18,0,12,35,24,71,42,141,183,254
02/03/2010,CYS,WY,ANM,WE,Federal Contract Tower,0,13,23,13,49,0,0,6,0,6,0,13,29,13,55,22,92,114,169
02/04/2010,CYS,WY,ANM,WE,Federal Contract Tower,0,11,13,23,47,0,0,2,6,8,0,11,15,29,55,4,60,64,119
02/05/2010,CYS,WY,ANM,WE,Federal Contract Tower,0,10,15,21,46,0,0,11,15,26,0,10,26,36,72,54,127,181,253
02/06/2010,CYS,WY,ANM,WE,Federal Contract Tower,0,11,16,2,29,0,0,6,0,6,0,11,22,2,35,55,4,59,94
02/07/2010,CYS,WY,ANM,WE,Federal Contract Tower,0,8,8,8,24,0,6,0,0,6,0,14,8,8,30,0,14,14,44
02/08/2010,CYS,WY,ANM,WE,Federal Contract Tower,6,12,9,4,31,0,0,5,2,7,6,12,14,6,38,1,24,25,63
02/09/2010,CYS,WY,ANM,WE,Federal Contract Tower,1,14,16,19,50,0,0,13,13,26,1,14,29,32,76,1,135,136,212
02/10/2010,CYS,WY,ANM,WE,Federal Contract Tower,0,10,21,9,40,0,0,7,4,11,0,10,28,13,51,67,139,206,257
02/11/2010,CYS,WY,ANM,WE,Federal Contract Tower,2,13,16,1,32,0,0,7,6,13,2,13,23,7,45,41,32,73,118
02/12/2010,CYS,WY,ANM,WE,Federal Contract Tower,0,21,8,1,30,0,0,5,1,6,0,21,13,2,36,32,0,32,68
02/13/2010,CYS,WY,ANM,WE,Federal Contract Tower,0,6,10,1,17,0,0,5,0,5,0,6,15,1,22,39,0,39,61
02/14/2010,CYS,WY,ANM,WE,Federal Contract Tower,2,7,3,2,14,0,0,5,0,5,2,7,8,2,19,36,0,36,55
02/15/2010,CYS,WY,ANM,WE,Federal Contract Tower,0,10,6,11,27,0,0,11,0,11,0,10,17,11,38,32,1,33,71
02/16/2010,CYS,WY,ANM,WE,Federal Contract Tower,0,11,15,11,37,0,0,7,4,11,0,11,22,15,48,17,102,119,167
02/17/2010,CYS,WY,ANM,WE,Federal Contract Tower,0,11,24,10,45,0,0,5,9,14,0,11,29,19,59,26,72,98,157
02/18/2010,CYS,WY,ANM,WE,Federal Contract Tower,0,9,14,0,23,0,0,0,0,0,0,9,14,0,23,0,2,2,25
02/19/2010,CYS,WY,ANM,WE,Federal Contract Tower,0,10,14,21,45,0,0,3,19,22,0,10,17,40,67,20,26,46,113
02/20/2010,CYS,WY,ANM,WE,Federal Contract Tower,0,5,4,1,10,0,0,0,0,0,0,5,4,1,10,0,0,0,10
02/21/2010,CYS,WY,ANM,WE,Federal Contract Tower,0,9,0,1,10,0,0,0,0,0,0,9,0,1,10,0,0,0,10
02/22/2010,CYS,WY,ANM,WE,Federal Contract Tower,0,14,10,12,36,0,0,10,10,20,0,14,20,22,56,28,97,125,181
02/23/2010,CYS,WY,ANM,WE,Federal Contract Tower,0,12,14,16,42,0,0,22,6,28,0,12,36,22,70,22,185,207,277
02/24/2010,CYS,WY,ANM,WE,Federal Contract Tower,0,16,18,18,52,0,0,35,27,62,0,16,53,45,114,61,68,129,243
02/25/2010,CYS,WY,ANM,WE,Federal Contract Tower,0,14,20,37,71,0,0,13,14,27,0,14,33,51,98,12,195,207,305
02/26/2010,CYS,WY,ANM,WE,Federal Contract Tower,0,13,18,8,39,0,0,32,23,55,0,13,50,31,94,67,47,114,208
02/27/2010,CYS,WY,ANM,WE,Federal Contract Tower,0,4,10,0,14,0,0,52,3,55,0,4,62,3,69,85,1,86,155
02/28/2010,CYS,WY,ANM,WE,Federal Contract Tower,0,9,5,0,14,0,0,10,0,10,0,9,15,0,24,31,0,31,55
03/01/2010,CYS,WY,ANM,WE,Federal Contract Tower,0,10,6,11,27,0,0,5,17,22,0,10,11,28,49,30,37,67,116
03/02/2010,CYS,WY,ANM,WE,Federal Contract Tower,0,11,15,3,29,0,0,7,5,12,0,11,22,8,41,61,42,103,144
03/03/2010,CYS,WY,ANM,WE,Federal Contract Tower,0,14,15,17,46,0,0,23,17,40,0,14,38,34,86,66,65,131,217
03/04/2010,CYS,WY,ANM,WE,Federal Contract Tower,0,13,13,5,31,0,0,14,17,31,0,13,27,22,62,55,41,96,158
03/05/2010,CYS,WY,ANM,WE,Federal Contract Tower,0,12,4,8,24,0,0,0,0,0,0,12,4,8,24,0,0,0,24
03/06/2010,CYS,WY,ANM,WE,Federal Contract Tower,2,8,13,1,24,0,0,17,0,17,2,8,30,1,41,60,12,72,113
03/07/2010,CYS,WY,ANM,WE,Federal Contract Tower,0,7,3,3,13,0,0,0,0,0,0,7,3,3,13,48,17,65,78
03/08/2010,CYS,WY,ANM,WE,Federal Contract Tower,0,3,22,13,38,0,0,5,13,18,0,3,27,26,56,24,29,53,109
03/09/2010,CYS,WY,ANM,WE,Federal Contract Tower,5,14,23,10,52,0,2,5,18,25,5,16,28,28,77,7,62,69,146
03/10/2010,CYS,WY,ANM,WE,Federal Contract Tower,2,16,12,33,63,0,0,1,8,9,2,16,13,41,72,30,31,61,133
03/11/2010,CYS,WY,ANM,WE,Federal Contract Tower,0,15,16,9,40,0,6,4,0,10,0,21,20,9,50,11,63,74,124
03/12/2010,CYS,WY,ANM,WE,Federal Contract Tower,0,9,13,4,26,0,0,3,1,4,0,9,16,5,30,16,21,37,67
03/13/2010,CYS,WY,ANM,WE,Federal Contract Tower,0,5,17,0,22,0,0,9,2,11,0,5,26,2,33,99,0,99,132
03/14/2010,CYS,WY,ANM,WE,Federal Contract Tower,0,9,0,0,9,0,0,0,0,0,0,9,0,0,9,0,0,0,9
03/15/2010,CYS,WY,ANM,WE,Federal Contract Tower,0,12,23,16,51,0,0,12,11,23,0,12,35,27,74,101,51,152,226
03/16/2010,CYS,WY,ANM,WE,Federal Contract Tower,0,13,18,9,40,0,0,4,3,7,0,13,22,12,47,88,32,120,167
03/17/2010,CYS,WY,ANM,WE,Federal Contract Tower,0,10,21,16,47,0,0,9,10,19,0,10,30,26,66,75,102,177,243
03/18/2010,CYS,WY,ANM,WE,Federal Contract Tower,0,11,19,13,43,0,0,4,6,10,0,11,23,19,53,29,76,105,158
03/19/2010,CYS,WY,ANM,WE,Federal Contract Tower,0,7,3,2,12,0,0,0,0,0,0,7,3,2,12,0,57,57,69
03/20/2010,CYS,WY,ANM,WE,Federal Contract Tower,0,5,5,0,10,0,0,49,3,52,0,5,54,3,62,60,6,66,128
03/21/2010,CYS,WY,ANM,WE,Federal Contract Tower,0,9,11,1,21,0,0,10,0,10,0,9,21,1,31,55,7,62,93
03/22/2010,CYS,WY,ANM,WE,Federal Contract Tower,0,11,15,16,42,0,0,22,14,36,0,11,37,30,78,16,96,112,190
03/23/2010,CYS,WY,ANM,WE,Federal Contract Tower,0,5,14,4,23,0,0,0,0,0,0,5,14,4,23,0,0,0,23
03/24/2010,CYS,WY,ANM,WE,Federal Contract Tower,0,12,17,9,38,0,0,1,2,3,0,12,18,11,41,41,101,142,183
03/25/2010,CYS,WY,ANM,WE,Federal Contract Tower,0,12,13,12,37,0,0,11,6,17,0,12,24,18,54,66,15,81,135
03/26/2010,CYS,WY,ANM,WE,Federal Contract Tower,0,13,12,8,33,0,2,6,2,10,0,15,18,10,43,20,37,57,100
03/27/2010,CYS,WY,ANM,WE,Federal Contract Tower,0,7,8,1,16,0,0,0,0,0,0,7,8,1,16,0,0,0,16
03/28/2010,CYS,WY,ANM,WE,Federal Contract Tower,0,11,11,3,25,0,0,29,0,29,0,11,40,3,54,77,0,77,131
03/29/2010,CYS,WY,ANM,WE,Federal Contract Tower,0,11,8,11,30,0,0,6,2,8,0,11,14,13,38,14,66,80,118
03/30/2010,CYS,WY,ANM,WE,Federal Contract Tower,2,16,17,15,50,0,0,10,0,10,2,16,27,15,60,30,69,99,159
03/31/2010,CYS,WY,ANM,WE,Federal Contract Tower,0,10,19,14,43,0,0,8,15,23,0,10,27,29,66,45,100,145,211
04/01/2010,CYS,WY,ANM,WE,Federal Contract Tower,2,6,12,16,36,0,0,3,4,7,2,6,15,20,43,0,51,51,94
04/02/2010,CYS,WY,ANM,WE,Federal Contract Tower,2,15,5,14,36,0,0,4,4,8,2,15,9,18,44,5,94,99,143
04/03/2010,CYS,WY,ANM,WE,Federal Contract Tower,0,6,4,1,11,0,0,1,0,1,0,6,5,1,12,28,3,31,43
04/04/2010,CYS,WY,ANM,WE,Federal Contract Tower,2,9,6,1,18,0,0,4,0,4,2,9,10,1,22,27,0,27,49
04/05/2010,CYS,WY,ANM,WE,Federal Contract Tower,6,10,9,5,30,0,0,46,16,62,6,10,55,21,92,6,35,41,133
04/06/2010,CYS,WY,ANM,WE,Federal Contract Tower,0,10,12,20,42,0,0,0,3,3,0,10,12,23,45,0,108,108,153
04/07/2010,CYS,WY,ANM,WE,Federal Contract Tower,0,9,15,13,37,0,0,2,0,2,0,9,17,13,39,44,72,116,155
04/08/2010,CYS,WY,ANM,WE,Federal Contract Tower,0,13,23,18,54,0,0,18,0,18,0,13,41,18,72,56,68,124,196
04/09/2010,CYS,WY,ANM,WE,Federal Contract Tower,0,12,15,11,38,0,0,12,4,16,0,12,27,15,54,49,69,118,172
04/10/2010,CYS,WY,ANM,WE,Federal Contract Tower,0,10,4,1,15,0,0,27,0,27,0,10,31,1,42,50,3,53,95
04/11/2010,CYS,WY,ANM,WE,Federal Contract Tower,0,8,7,4,19,0,0,9,2,11,0,8,16,6,30,18,8,26,56
04/12/2010,CYS,WY,ANM,WE,Federal Contract Tower,0,14,14,13,41,0,0,11,4,15,0,14,25,17,56,22,69,91,147
04/13/2010,CYS,WY,ANM,WE,Federal Contract Tower,4,14,19,9,46,0,2,4,8,14,4,16,23,17,60,15,56,71,131
04/14/2010,CYS,WY,ANM,WE,Federal Contract Tower,0,12,18,15,45,0,0,6,6,12,0,12,24,21,57,32,125,157,214
04/15/2010,CYS,WY,ANM,WE,Federal Contract Tower,0,11,24,14,49,0,0,16,1,17,0,11,40,15,66,19,26,45,111
04/16/2010,CYS,WY,ANM,WE,Federal Contract Tower,0,10,14,26,50,0,0,11,4,15,0,10,25,30,65,81,121,202,267
04/17/2010,CYS,WY,ANM,WE,Federal Contract Tower,0,4,16,1,21,0,0,1,0,1,0,4,17,1,22,3,2,5,27
04/18/2010,CYS,WY,ANM,WE,Federal Contract Tower,0,8,7,0,15,0,0,16,3,19,0,8,23,3,34,36,4,40,74
04/19/2010,CYS,WY,ANM,WE,Federal Contract Tower,0,10,16,14,40,0,0,25,15,40,0,10,41,29,80,65,72,137,217
04/20/2010,CYS,WY,ANM,WE,Federal Contract Tower,0,10,18,20,48,0,0,0,0,0,0,10,18,20,48,47,72,119,167
04/21/2010,CYS,WY,ANM,WE,Federal Contract Tower,0,11,25,12,48,0,0,2,0,2,0,11,27,12,50,4,19,23,73
04/22/2010,CYS,WY,ANM,WE,Federal Contract Tower,6,8,8,2,24,0,0,0,0,0,6,8,8,2,24,0,0,0,24
04/23/2010,CYS,WY,ANM,WE,Federal Contract Tower,0,6,13,1,20,0,0,0,0,0,0,6,13,1,20,0,0,0,20
04/24/2010,CYS,WY,ANM,WE,Federal Contract Tower,0,6,6,2,14,0,0,0,0,0,0,6,6,2,14,10,6,16,30
04/25/2010,CYS,WY,ANM,WE,Federal Contract Tower,2,11,5,5,23,0,0,3,0,3,2,11,8,5,26,14,5,19,45
04/26/2010,CYS,WY,ANM,WE,Federal Contract Tower,0,10,27,9,46,0,0,5,0,5,0,10,32,9,51,28,71,99,150
04/27/2010,CYS,WY,ANM,WE,Federal Contract Tower,0,13,14,2,29,0,0,7,2,9,0,13,21,4,38,30,51,81,119
04/28/2010,CYS,WY,ANM,WE,Federal Contract Tower,0,10,9,9,28,0,0,7,0,7,0,10,16,9,35,33,30,63,98
04/29/2010,CYS,WY,ANM,WE,Federal Contract Tower,2,14,10,11,37,0,0,4,0,4,2,14,14,11,41,21,30,51,92
04/30/2010,CYS,WY,ANM,WE,Federal Contract Tower,0,12,17,10,39,0,2,4,4,10,0,14,21,14,49,14,35,49,98
05/01/2010,CYS,WY,ANM,WE,Federal Contract Tower,0,3,6,6,15,0,0,6,10,16,0,3,12,16,31,24,4,28,59
05/02/2010,CYS,WY,ANM,WE,Federal Contract Tower,0,12,3,9,24,0,0,8,2,10,0,12,11,11,34,36,14,50,84
05/03/2010,CYS,WY,ANM,WE,Federal Contract Tower,0,2,9,14,25,0,8,0,0,8,0,10,9,14,33,12,45,57,90
05/04/2010,CYS,WY,ANM,WE,Federal Contract Tower,0,8,6,1,15,0,0,3,4,7,0,8,9,5,22,4,9,13,35
05/05/2010,CYS,WY,ANM,WE,Federal Contract Tower,2,10,6,14,32,0,0,8,2,10,2,10,14,16,42,66,128,194,236
05/06/2010,CYS,WY,ANM,WE,Federal Contract Tower,0,12,4,7,23,0,0,2,5,7,0,12,6,12,30,7,37,44,74
05/07/2010,CYS,WY,ANM,WE,Federal Contract Tower,0,11,14,7,32,0,0,4,0,4,0,11,18,7,36,89,50,139,175
05/08/2010,CYS,WY,ANM,WE,Federal Contract Tower,0,8,12,2,22,0,0,4,0,4,0,8,16,2,26,39,0,39,65
05/09/2010,CYS,WY,ANM,WE,Federal Contract Tower,0,8,5,0,13,0,0,16,0,16,0,8,21,0,29,80,0,80,109
05/10/2010,CYS,WY,ANM,WE,Federal Contract Tower,0,12,18,25,55,0,0,2,5,7,0,12,20,30,62,21,156,177,239
05/11/2010,CYS,WY,ANM,WE,Federal Contract Tower,0,10,16,26,52,0,0,0,0,0,0,10,16,26,52,1,65,66,118
05/12/2010,CYS,WY,ANM,WE,Federal Contract Tower,0,11,12,20,43,0,0,0,2,2,0,11,12,22,45,0,23,23,68
05/13/2010,CYS,WY,ANM,WE,Federal Contract Tower,0,15,25,25,65,0,0,5,5,10,0,15,30,30,75,74,102,176,251
05/14/2010,CYS,WY,ANM,WE,Federal Contract Tower,0,13,25,22,60,0,3,18,2,23,0,16,43,24,83,64,49,113,196
05/15/2010,CYS,WY,ANM,WE,Federal Contract Tower,0,8,10,0,18,0,0,3,0,3,0,8,13,0,21,3,8,11,32
05/16/2010,CYS,WY,ANM,WE,Federal Contract Tower,0,14,9,1,24,0,0,30,0,30,0,14,39,1,54,52,25,77,131
05/17/2010,CYS,WY,ANM,WE,Federal Contract Tower,0,10,12,9,31,0,0,40,7,47,0,10,52,16,78,91,98,189,267
05/18/2010,CYS,WY,ANM,WE,Federal Contract Tower,3,9,14,4,30,0,3,3,1,7,3,12,17,5,37,2,35,37,74
05/19/2010,CYS,WY,ANM,WE,Federal Contract Tower,0,22,18,8,48,0,16,9,9,34,0,38,27,17,82,31,100,131,213
05/20/2010,CYS,WY,ANM,WE,Federal Contract Tower,0,17,35,16,68,0,4,9,0,13,0,21,44,16,81,15,46,61,142
05/21/2010,CYS,WY,ANM,WE,Federal Contract Tower,0,14,10,7,31,0,0,10,0,10,0,14,20,7,41,70,37,107,148
05/22/2010,CYS,WY,ANM,WE,Federal Contract Tower,0,16,8,0,24,0,26,4,0,30,0,42,12,0,54,15,0,15,69
05/23/2010,CYS,WY,ANM,WE,Federal Contract Tower,0,14,6,2,22,0,0,10,2,12,0,14,16,4,34,40,2,42,76
05/24/2010,CYS,WY,ANM,WE,Federal Contract Tower,2,11,14,7,34,0,0,6,4,10,2,11,20,11,44,2,67,69,113
05/25/2010,CYS,WY,ANM,WE,Federal Contract Tower,0,21,19,7,47,0,4,8,14,26,0,25,27,21,73,32,35,67,140
05/26/2010,CYS,WY,ANM,WE,Federal Contract Tower,8,12,16,23,59,0,0,5,1,6,8,12,21,24,65,12,28,40,105
05/27/2010,CYS,WY,ANM,WE,Federal Contract Tower,0,10,15,15,40,0,0,4,9,13,0,10,19,24,53,7,27,34,87
05/28/2010,CYS,WY,ANM,WE,Federal Contract Tower,0,13,11,1,25,0,6,4,0,10,0,19,15,1,35,95,15,110,145
05/29/2010,CYS,WY,ANM,WE,Federal Contract Tower,0,8,10,0,18,0,0,2,0,2,0,8,12,0,20,30,0,30,50
05/30/2010,CYS,WY,ANM,WE,Federal Contract Tower,0,9,5,0,14,0,0,14,0,14,0,9,19,0,28,43,0,43,71
05/31/2010,CYS,WY,ANM,WE,Federal Contract Tower,0,10,9,0,19,0,0,16,0,16,0,10,25,0,35,53,0,53,88
06/01/2010,CYS,WY,ANM,WE,Federal Contract Tower,0,12,11,16,39,0,0,6,3,9,0,12,17,19,48,16,69,85,133
06/02/2010,CYS,WY,ANM,WE,Federal Contract Tower,0,11,13,12,36,0,0,5,3,8,0,11,18,15,44,45,68,113,157
06/03/2010,CYS,WY,ANM,WE,Federal Contract Tower,0,13,11,4,28,0,0,9,3,12,0,13,20,7,40,37,23,60,100
06/04/2010,CYS,WY,ANM,WE,Federal Contract Tower,0,19,13,16,48,0,0,4,2,6,0,19,17,18,54,64,104,168,222
06/05/2010,CYS,WY,ANM,WE,Federal Contract Tower,0,6,6,1,13,0,0,2,1,3,0,6,8,2,16,54,20,74,90
06/06/2010,CYS,WY,ANM,WE,Federal Contract Tower,0,10,8,5,23,0,0,14,4,18,0,10,22,9,41,67,24,91,132
06/07/2010,CYS,WY,ANM,WE,Federal Contract Tower,0,19,17,24,60,0,0,14,36,50,0,19,31,60,110,62,102,164,274
06/08/2010,CYS,WY,ANM,WE,Federal Contract Tower,0,12,18,18,48,0,0,2,8,10,0,12,20,26,58,22,106,128,186
06/09/2010,CYS,WY,ANM,WE,Federal Contract Tower,0,9,28,6,43,0,0,13,2,15,0,9,41,8,58,45,38,83,141
06/10/2010,CYS,WY,ANM,WE,Federal Contract Tower,2,13,12,10,37,0,0,13,0,13,2,13,25,10,50,43,65,108,158
06/11/2010,CYS,WY,ANM,WE,Federal Contract Tower,4,11,4,24,43,0,0,0,0,0,4,11,4,24,43,57,103,160,203
06/12/2010,CYS,WY,ANM,WE,Federal Contract Tower,0,8,26,2,36,0,0,0,0,0,0,8,26,2,36,1,2,3,39
06/13/2010,CYS,WY,ANM,WE,Federal Contract Tower,2,10,12,4,28,0,0,1,0,1,2,10,13,4,29,3,65,68,97
06/14/2010,CYS,WY,ANM,WE,Federal Contract Tower,0,15,22,3,40,0,0,7,0,7,0,15,29,3,47,35,46,81,128
06/15/2010,CYS,WY,ANM,WE,Federal Contract Tower,0,12,25,7,44,0,0,0,0,0,0,12,25,7,44,59,38,97,141
06/16/2010,CYS,WY,ANM,WE,Federal Contract Tower,0,12,25,5,42,0,0,3,4,7,0,12,28,9,49,53,33,86,135
06/17/2010,CYS,WY,ANM,WE,Federal Contract Tower,0,6,21,4,31,0,0,2,14,16,0,6,23,18,47,8,14,22,69
06/18/2010,CYS,WY,ANM,WE,Federal Contract Tower,0,13,11,1,25,0,0,8,0,8,0,13,19,1,33,65,15,80,113
06/19/2010,CYS,WY,ANM,WE,Federal Contract Tower,0,6,15,3,24,0,0,6,0,6,0,6,21,3,30,23,5,28,58
06/20/2010,CYS,WY,ANM,WE,Federal Contract Tower,0,10,16,3,29,0,0,1,0,1,0,10,17,3,30,13,2,15,45
06/21/2010,CYS,WY,ANM,WE,Federal Contract Tower,0,14,17,10,41,0,0,8,4,12,0,14,25,14,53,23,16,39,92
06/22/2010,CYS,WY,ANM,WE,Federal Contract Tower,0,10,13,10,33,0,0,22,0,22,0,10,35,10,55,77,80,157,212
06/23/2010,CYS,WY,ANM,WE,Federal Contract Tower,0,10,18,7,35,0,0,14,1,15,0,10,32,8,50,78,53,131,181
06/24/2010,CYS,WY,ANM,WE,Federal Contract Tower,0,16,15,9,40,0,0,4,0,4,0,16,19,9,44,38,37,75,119
06/25/2010,CYS,WY,ANM,WE,Federal Contract Tower,0,20,12,4,36,0,0,11,8,19,0,20,23,12,55,42,49,91,146
06/26/2010,CYS,WY,ANM,WE,Federal Contract Tower,0,10,7,1,18,0,0,12,0,12,0,10,19,1,30,79,4,83,113
06/27/2010,CYS,WY,ANM,WE,Federal Contract Tower,0,7,7,6,20,0,0,15,6,21,0,7,22,12,41,128,4,132,173
06/28/2010,CYS,WY,ANM,WE,Federal Contract Tower,0,11,15,2,28,0,0,14,0,14,0,11,29,2,42,61,20,81,123
06/29/2010,CYS,WY,ANM,WE,Federal Contract Tower,0,14,16,14,44,0,1,5,10,16,0,15,21,24,60,27,83,110,170
06/30/2010,CYS,WY,ANM,WE,Federal Contract Tower,0,14,16,10,40,0,0,6,18,24,0,14,22,28,64,41,43,84,148
07/01/2010,CYS,WY,ANM,WE,Federal Contract Tower,0,14,15,5,34,0,0,3,5,8,0,14,18,10,42,40,14,54,96
07/02/2010,CYS,WY,ANM,WE,Federal Contract Tower,0,14,15,0,29,0,0,11,0,11,0,14,26,0,40,35,3,38,78
07/03/2010,CYS,WY,ANM,WE,Federal Contract Tower,0,12,5,2,19,0,0,8,0,8,0,12,13,2,27,82,4,86,113
07/04/2010,CYS,WY,ANM,WE,Federal Contract Tower,2,7,6,0,15,0,0,2,0,2,2,7,8,0,17,15,0,15,32
07/05/2010,CYS,WY,ANM,WE,Federal Contract Tower,2,15,7,0,24,0,0,8,0,8,2,15,15,0,32,34,0,34,66
07/06/2010,CYS,WY,ANM,WE,Federal Contract Tower,8,17,6,3,34,0,0,9,8,17,8,17,15,11,51,44,67,111,162
07/07/2010,CYS,WY,ANM,WE,Federal Contract Tower,0,21,15,16,52,0,0,0,4,4,0,21,15,20,56,3,36,39,95
07/08/2010,CYS,WY,ANM,WE,Federal Contract Tower,2,20,9,12,43,0,0,4,4,8,2,20,13,16,51,45,30,75,126
07/09/2010,CYS,WY,ANM,WE,Federal Contract Tower,0,16,16,21,53,0,2,5,0,7,0,18,21,21,60,42,38,80,140
07/10/2010,CYS,WY,ANM,WE,Federal Contract Tower,0,7,10,0,17,0,3,0,0,3,0,10,10,0,20,39,21,60,80
07/11/2010,CYS,WY,ANM,WE,Federal Contract Tower,0,8,8,5,21,0,2,18,7,27,0,10,26,12,48,17,10,27,75
07/12/2010,CYS,WY,ANM,WE,Federal Contract Tower,0,19,14,16,49,0,0,10,12,22,0,19,24,28,71,52,101,153,224
07/13/2010,CYS,WY,ANM,WE,Federal Contract Tower,0,17,14,4,35,0,0,11,22,33,0,17,25,26,68,12,21,33,101
07/14/2010,CYS,WY,ANM,WE,Federal Contract Tower,0,19,15,19,53,0,0,4,5,9,0,19,19,24,62,23,74,97,159
07/15/2010,CYS,WY,ANM,WE,Federal Contract Tower,3,16,18,5,42,0,0,7,5,12,3,16,25,10,54,37,69,106,160
07/16/2010,CYS,WY,ANM,WE,Federal Contract Tower,0,21,9,2,32,0,0,18,0,18,0,21,27,2,50,43,39,82,132
07/17/2010,CYS,WY,ANM,WE,Federal Contract Tower,0,11,17,1,29,0,0,6,0,6,0,11,23,1,35,64,0,64,99
07/18/2010,CYS,WY,ANM,WE,Federal Contract Tower,0,16,14,8,38,0,2,11,1,14,0,18,25,9,52,16,2,18,70
07/19/2010,CYS,WY,ANM,WE,Federal Contract Tower,6,17,20,9,52,0,0,2,2,4,6,17,22,11,56,46,71,117,173
07/20/2010,CYS,WY,ANM,WE,Federal Contract Tower,4,15,15,8,42,0,0,0,0,0,4,15,15,8,42,18,125,143,185
07/21/2010,CYS,WY,ANM,WE,Federal Contract Tower,0,20,16,4,40,0,0,2,0,2,0,20,18,4,42,16,104,120,162
07/22/2010,CYS,WY,ANM,WE,Federal Contract Tower,0,22,15,6,43,0,0,6,4,10,0,22,21,10,53,74,116,190,243
07/23/2010,CYS,WY,ANM,WE,Federal Contract Tower,0,23,29,4,56,0,0,4,0,4,0,23,33,4,60,38,10,48,108
07/24/2010,CYS,WY,ANM,WE,Federal Contract Tower,0,13,26,0,39,0,2,20,0,22,0,15,46,0,61,46,7,53,114
07/25/2010,CYS,WY,ANM,WE,Federal Contract Tower,0,17,20,0,37,0,0,22,0,22,0,17,42,0,59,40,0,40,99
07/26/2010,CYS,WY,ANM,WE,Federal Contract Tower,0,17,10,10,37,0,0,4,0,4,0,17,14,10,41,35,43,78,119
07/27/2010,CYS,WY,ANM,WE,Federal Contract Tower,2,21,18,17,58,0,0,4,3,7,2,21,22,20,65,21,83,104,169
07/28/2010,CYS,WY,ANM,WE,Federal Contract Tower,0,18,18,2,38,0,0,12,0,12,0,18,30,2,50,7,14,21,71
07/29/2010,CYS,WY,ANM,WE,Federal Contract Tower,0,21,26,10,57,0,0,2,0,2,0,21,28,10,59,41,13,54,113
07/30/2010,CYS,WY,ANM,WE,Federal Contract Tower,0,28,22,7,57,0,0,4,2,6,0,28,26,9,63,82,31,113,176
07/31/2010,CYS,WY,ANM,WE,Federal Contract Tower,0,13,25,0,38,0,0,12,0,12,0,13,37,0,50,37,0,37,87
08/01/2010,CYS,WY,ANM,WE,Federal Contract Tower,0,14,17,3,34,0,0,5,0,5,0,14,22,3,39,27,0,27,66
08/02/2010,CYS,WY,ANM,WE,Federal Contract Tower,0,22,6,9,37,0,0,2,0,2,0,22,8,9,39,34,28,62,101
08/03/2010,CYS,WY,ANM,WE,Federal Contract Tower,0,22,5,5,32,0,2,1,0,3,0,24,6,5,35,54,30,84,119
08/04/2010,CYS,WY,ANM,WE,Federal Contract Tower,15,24,7,12,58,0,0,4,3,7,15,24,11,15,65,55,78,133,198
08/05/2010,CYS,WY,ANM,WE,Federal Contract Tower,1,23,18,0,42,0,0,2,0,2,1,23,20,0,44,60,13,73,117
08/06/2010,CYS,WY,ANM,WE,Federal Contract Tower,0,22,8,8,38,0,0,0,2,2,0,22,8,10,40,85,112,197,237
08/07/2010,CYS,WY,ANM,WE,Federal Contract Tower,0,13,5,2,20,0,6,30,4,40,0,19,35,6,60,61,12,73,133
08/08/2010,CYS,WY,ANM,WE,Federal Contract Tower,0,14,11,0,25,0,0,9,0,9,0,14,20,0,34,21,43,64,98
08/09/2010,CYS,WY,ANM,WE,Federal Contract Tower,0,25,18,6,49,0,0,4,0,4,0,25,22,6,53,16,188,204,257
08/10/2010,CYS,WY,ANM,WE,Federal Contract Tower,0,23,5,5,33,0,0,14,0,14,0,23,19,5,47,59,95,154,201
08/11/2010,CYS,WY,ANM,WE,Federal Contract Tower,0,22,12,2,36,0,1,16,0,17,0,23,28,2,53,65,113,178,231
08/12/2010,CYS,WY,ANM,WE,Federal Contract Tower,0,20,10,9,39,0,0,10,1,11,0,20,20,10,50,36,70,106,156
08/13/2010,CYS,WY,ANM,WE,Federal Contract Tower,0,24,12,6,42,0,0,4,0,4,0,24,16,6,46,61,40,101,147
08/14/2010,CYS,WY,ANM,WE,Federal Contract Tower,0,9,4,0,13,0,2,19,0,21,0,11,23,0,34,25,0,25,59
08/15/2010,CYS,WY,ANM,WE,Federal Contract Tower,0,13,7,0,20,0,0,3,1,4,0,13,10,1,24,29,0,29,53
08/16/2010,CYS,WY,ANM,WE,Federal Contract Tower,0,16,9,10,35,0,0,4,0,4,0,16,13,10,39,5,49,54,93
08/17/2010,CYS,WY,ANM,WE,Federal Contract Tower,0,20,8,7,35,0,0,20,0,20,0,20,28,7,55,78,87,165,220
08/18/2010,CYS,WY,ANM,WE,Federal Contract Tower,0,24,14,6,44,0,2,10,0,12,0,26,24,6,56,89,142,231,287
08/19/2010,CYS,WY,ANM,WE,Federal Contract Tower,0,25,11,9,45,0,0,12,2,14,0,25,23,11,59,58,109,167,226
08/20/2010,CYS,WY,ANM,WE,Federal Contract Tower,2,22,8,7,39,0,0,21,0,21,2,22,29,7,60,44,65,109,169
08/21/2010,CYS,WY,ANM,WE,Federal Contract Tower,0,10,8,1,19,0,0,8,0,8,0,10,16,1,27,95,19,114,141
08/22/2010,CYS,WY,ANM,WE,Federal Contract Tower,0,14,6,2,22,0,0,15,1,16,0,14,21,3,38,45,2,47,85
08/23/2010,CYS,WY,ANM,WE,Federal Contract Tower,2,20,7,8,37,0,0,1,2,3,2,20,8,10,40,21,83,104,144
08/24/2010,CYS,WY,ANM,WE,Federal Contract Tower,0,22,13,15,50,0,0,4,2,6,0,22,17,17,56,30,50,80,136
08/25/2010,CYS,WY,ANM,WE,Federal Contract Tower,0,24,15,3,42,0,4,2,0,6,0,28,17,3,48,84,73,157,205
08/26/2010,CYS,WY,ANM,WE,Federal Contract Tower,0,24,14,2,40,0,0,0,0,0,0,24,14,2,40,49,6,55,95
08/27/2010,CYS,WY,ANM,WE,Federal Contract Tower,0,22,15,7,44,0,0,2,0,2,0,22,17,7,46,21,40,61,107
08/28/2010,CYS,WY,ANM,WE,Federal Contract Tower,0,15,4,1,20,0,0,17,2,19,0,15,21,3,39,116,2,118,157
08/29/2010,CYS,WY,ANM,WE,Federal Contract Tower,0,16,9,2,27,0,0,3,0,3,0,16,12,2,30,69,4,73,103
08/30/2010,CYS,WY,ANM,WE,Federal Contract Tower,0,23,2,4,29,0,0,12,1,13,0,23,14,5,42,19,75,94,136
08/31/2010,CYS,WY,ANM,WE,Federal Contract Tower,0,19,17,10,46,0,1,2,1,4,0,20,19,11,50,68,83,151,201
09/01/2010,CYS,WY,ANM,WE,Federal Contract Tower,0,18,19,13,50,0,0,6,4,10,0,18,25,17,60,35,100,135,195
09/02/2010,CYS,WY,ANM,WE,Federal Contract Tower,0,21,16,7,44,0,0,3,0,3,0,21,19,7,47,35,27,62,109
09/03/2010,CYS,WY,ANM,WE,Federal Contract Tower,0,23,12,3,38,0,0,12,0,12,0,23,24,3,50,101,16,117,167
09/04/2010,CYS,WY,ANM,WE,Federal Contract Tower,0,13,6,0,19,0,0,4,0,4,0,13,10,0,23,30,1,31,54
09/05/2010,CYS,WY,ANM,WE,Federal Contract Tower,0,10,4,2,16,0,0,0,0,0,0,10,4,2,16,40,0,40,56
09/06/2010,CYS,WY,ANM,WE,Federal Contract Tower,0,18,5,0,23,0,0,0,0,0,0,18,5,0,23,6,0,6,29
09/07/2010,CYS,WY,ANM,WE,Federal Contract Tower,0,20,11,6,37,0,0,6,2,8,0,20,17,8,45,50,35,85,130
09/08/2010,CYS,WY,ANM,WE,Federal Contract Tower,0,22,21,6,49,0,0,4,10,14,0,22,25,16,63,17,35,52,115
09/09/2010,CYS,WY,ANM,WE,Federal Contract Tower,0,24,10,12,46,0,1,11,8,20,0,25,21,20,66,71,43,114,180
09/10/2010,CYS,WY,ANM,WE,Federal Contract Tower,0,21,14,9,44,0,0,5,0,5,0,21,19,9,49,46,35,81,130
09/11/2010,CYS,WY,ANM,WE,Federal Contract Tower,0,12,6,0,18,0,0,4,0,4,0,12,10,0,22,73,10,83,105
09/12/2010,CYS,WY,ANM,WE,Federal Contract Tower,0,13,16,3,32,0,0,0,0,0,0,13,16,3,32,26,21,47,79
09/13/2010,CYS,WY,ANM,WE,Federal Contract Tower,0,25,5,13,43,0,0,9,1,10,0,25,14,14,53,17,28,45,98
09/14/2010,CYS,WY,ANM,WE,Federal Contract Tower,0,20,21,8,49,0,0,4,2,6,0,20,25,10,55,70,85,155,210
09/15/2010,CYS,WY,ANM,WE,Federal Contract Tower,0,21,14,6,41,0,0,2,0,2,0,21,16,6,43,33,77,110,153
09/16/2010,CYS,WY,ANM,WE,Federal Contract Tower,0,21,20,12,53,0,0,9,1,10,0,21,29,13,63,55,93,148,211
09/17/2010,CYS,WY,ANM,WE,Federal Contract Tower,0,20,16,12,48,0,0,0,0,0,0,20,16,12,48,51,61,112,160
09/18/2010,CYS,WY,ANM,WE,Federal Contract Tower,0,10,10,0,20,0,0,0,0,0,0,10,10,0,20,6,1,7,27
09/19/2010,CYS,WY,ANM,WE,Federal Contract Tower,0,14,6,1,21,0,0,12,0,12,0,14,18,1,33,43,12,55,88
09/20/2010,CYS,WY,ANM,WE,Federal Contract Tower,0,21,2,10,33,0,0,9,9,18,0,21,11,19,51,56,117,173,224
09/21/2010,CYS,WY,ANM,WE,Federal Contract Tower,0,24,16,16,56,0,0,4,1,5,0,24,20,17,61,37,124,161,222
09/22/2010,CYS,WY,ANM,WE,Federal Contract Tower,0,0,0,0,0,0,0,7,0,7,0,0,7,0,7,32,67,99,106
09/23/2010,CYS,WY,ANM,WE,Federal Contract Tower,0,23,7,14,44,0,0,0,0,0,0,23,7,14,44,21,107,128,172
09/24/2010,CYS,WY,ANM,WE,Federal Contract Tower,0,22,10,1,33,0,0,3,0,3,0,22,13,1,36,60,9,69,105
09/25/2010,CYS,WY,ANM,WE,Federal Contract Tower,0,16,9,2,27,0,1,12,0,13,0,17,21,2,40,58,4,62,102
09/26/2010,CYS,WY,ANM,WE,Federal Contract Tower,0,16,5,1,22,0,0,4,0,4,0,16,9,1,26,75,3,78,104
09/27/2010,CYS,WY,ANM,WE,Federal Contract Tower,0,26,10,0,36,0,0,16,0,16,0,26,26,0,52,14,33,47,99
09/28/2010,CYS,WY,ANM,WE,Federal Contract Tower,0,28,15,3,46,0,0,14,0,14,0,28,29,3,60,73,42,115,175
09/29/2010,CYS,WY,ANM,WE,Federal Contract Tower,0,25,13,2,40,0,0,20,0,20,0,25,33,2,60,21,64,85,145
09/30/2010,CYS,WY,ANM,WE,Federal Contract Tower,0,22,10,6,38,0,0,11,0,11,0,22,21,6,49,49,109,158,207
10/01/2010,CYS,WY,ANM,WE,Federal Contract Tower,0,22,7,4,33,0,0,9,0,9,0,22,16,4,42,26,99,125,167
10/02/2010,CYS,WY,ANM,WE,Federal Contract Tower,0,13,15,4,32,0,0,0,0,0,0,13,15,4,32,12,51,63,95
10/03/2010,CYS,WY,ANM,WE,Federal Contract Tower,0,13,3,2,18,0,0,2,0,2,0,13,5,2,20,100,77,177,197
10/04/2010,CYS,WY,ANM,WE,Federal Contract Tower,0,22,4,1,27,0,4,9,0,13,0,26,13,1,40,48,128,176,216
10/05/2010,CYS,WY,ANM,WE,Federal Contract Tower,0,22,10,5,37,0,0,6,0,6,0,22,16,5,43,56,113,169,212
10/06/2010,CYS,WY,ANM,WE,Federal Contract Tower,0,25,19,14,58,0,0,2,0,2,0,25,21,14,60,33,50,83,143
10/07/2010,CYS,WY,ANM,WE,Federal Contract Tower,0,20,8,3,31,0,0,2,0,2,0,20,10,3,33,33,89,122,155
10/08/2010,CYS,WY,ANM,WE,Federal Contract Tower,0,20,6,3,29,0,0,2,0,2,0,20,8,3,31,15,16,31,62
10/09/2010,CYS,WY,ANM,WE,Federal Contract Tower,0,11,5,1,17,0,0,2,0,2,0,11,7,1,19,16,0,16,35
10/10/2010,CYS,WY,ANM,WE,Federal Contract Tower,0,11,10,1,22,0,0,6,1,7,0,11,16,2,29,1,4,5,34
10/11/2010,CYS,WY,ANM,WE,Federal Contract Tower,0,20,12,0,32,0,0,9,0,9,0,20,21,0,41,28,0,28,69
10/12/2010,CYS,WY,ANM,WE,Federal Contract Tower,0,29,12,5,46,0,0,6,5,11,0,29,18,10,57,14,68,82,139
10/13/2010,CYS,WY,ANM,WE,Federal Contract Tower,0,20,19,15,54,0,0,7,8,15,0,20,26,23,69,37,102,139,208
10/14/2010,CYS,WY,ANM,WE,Federal Contract Tower,2,22,13,16,53,0,2,17,6,25,2,24,30,22,78,18,54,72,150
10/15/2010,CYS,WY,ANM,WE,Federal Contract Tower,3,20,19,9,51,0,0,7,0,7,3,20,26,9,58,60,102,162,220
10/16/2010,CYS,WY,ANM,WE,Federal Contract Tower,1,12,7,1,21,0,0,8,0,8,1,12,15,1,29,63,4,67,96
10/17/2010,CYS,WY,ANM,WE,Federal Contract Tower,2,10,9,0,21,0,2,6,0,8,2,12,15,0,29,61,0,61,90
10/18/2010,CYS,WY,ANM,WE,Federal Contract Tower,0,23,8,23,54,0,1,12,3,16,0,24,20,26,70,1,100,101,171
10/19/2010,CYS,WY,ANM,WE,Federal Contract Tower,0,20,21,11,52,0,0,8,0,8,0,20,29,11,60,73,69,142,202
10/20/2010,CYS,WY,ANM,WE,Federal Contract Tower,0,23,21,20,64,0,0,12,22,34,0,23,33,42,98,15,102,117,215
10/21/2010,CYS,WY,ANM,WE,Federal Contract Tower,0,21,19,13,53,0,0,22,6,28,0,21,41,19,81,60,105,165,246
10/22/2010,CYS,WY,ANM,WE,Federal Contract Tower,0,21,9,24,54,0,0,1,0,1,0,21,10,24,55,7,43,50,105
10/23/2010,CYS,WY,ANM,WE,Federal Contract Tower,0,21,9,2,32,0,3,3,0,6,0,24,12,2,38,3,3,6,44
10/24/2010,CYS,WY,ANM,WE,Federal Contract Tower,0,15,6,0,21,0,0,4,0,4,0,15,10,0,25,16,0,16,41
10/25/2010,CYS,WY,ANM,WE,Federal Contract Tower,0,20,6,4,30,0,0,3,0,3,0,20,9,4,33,7,112,119,152
10/26/2010,CYS,WY,ANM,WE,Federal Contract Tower,0,22,10,19,51,0,1,10,3,14,0,23,20,22,65,0,85,85,150
10/27/2010,CYS,WY,ANM,WE,Federal Contract Tower,0,26,13,9,48,0,2,2,0,4,0,28,15,9,52,0,208,208,260
10/28/2010,CYS,WY,ANM,WE,Federal Contract Tower,0,23,17,7,47,0,3,4,0,7,0,26,21,7,54,42,58,100,154
10/29/2010,CYS,WY,ANM,WE,Federal Contract Tower,0,20,17,5,42,0,0,22,9,31,0,20,39,14,73,62,33,95,168
10/30/2010,CYS,WY,ANM,WE,Federal Contract Tower,0,16,1,1,18,0,0,5,0,5,0,16,6,1,23,72,4,76,99
10/31/2010,CYS,WY,ANM,WE,Federal Contract Tower,0,14,10,1,25,0,1,5,0,6,0,15,15,1,31,19,0,19,50
11/01/2010,CYS,WY,ANM,WE,Federal Contract Tower,0,20,17,7,44,0,0,6,2,8,0,20,23,9,52,25,30,55,107
11/02/2010,CYS,WY,ANM,WE,Federal Contract Tower,0,18,20,9,47,0,0,8,26,34,0,18,28,35,81,20,25,45,126
11/03/2010,CYS,WY,ANM,WE,Federal Contract Tower,0,16,12,5,33,0,0,16,0,16,0,16,28,5,49,34,80,114,163
11/04/2010,CYS,WY,ANM,WE,Federal Contract Tower,0,16,11,10,37,0,0,14,0,14,0,16,25,10,51,58,75,133,184
11/05/2010,CYS,WY,ANM,WE,Federal Contract Tower,0,16,7,12,35,0,4,5,0,9,0,20,12,12,44,71,43,114,158
11/06/2010,CYS,WY,ANM,WE,Federal Contract Tower,0,11,19,12,42,0,0,12,0,12,0,11,31,12,54,140,17,157,211
11/07/2010,CYS,WY,ANM,WE,Federal Contract Tower,0,14,6,2,22,0,0,1,0,1,0,14,7,2,23,47,9,56,79
11/08/2010,CYS,WY,ANM,WE,Federal Contract Tower,0,16,6,11,33,0,0,6,0,6,0,16,12,11,39,33,53,86,125
11/09/2010,CYS,WY,ANM,WE,Federal Contract Tower,0,21,12,16,49,0,0,0,0,0,0,21,12,16,49,1,36,37,86
11/10/2010,CYS,WY,ANM,WE,Federal Contract Tower,0,18,19,15,52,0,1,4,2,7,0,19,23,17,59,12,66,78,137
11/11/2010,CYS,WY,ANM,WE,Federal Contract Tower,0,17,4,2,23,0,0,0,0,0,0,17,4,2,23,0,0,0,23
11/12/2010,CYS,WY,ANM,WE,Federal Contract Tower,0,17,7,9,33,0,0,6,0,6,0,17,13,9,39,48,106,154,193
11/13/2010,CYS,WY,ANM,WE,Federal Contract Tower,0,14,6,5,25,0,0,2,0,2,0,14,8,5,27,42,7,49,76
11/14/2010,CYS,WY,ANM,WE,Federal Contract Tower,0,12,3,4,19,0,0,0,4,4,0,12,3,8,23,3,0,3,26
11/15/2010,CYS,WY,ANM,WE,Federal Contract Tower,0,16,9,12,37,0,0,2,6,8,0,16,11,18,45,11,80,91,136
11/16/2010,CYS,WY,ANM,WE,Federal Contract Tower,0,15,8,10,33,3,0,0,1,4,3,15,8,11,37,1,154,155,192
11/17/2010,CYS,WY,ANM,WE,Federal Contract Tower,0,20,10,3,33,0,0,8,8,16,0,20,18,11,49,53,53,106,155
11/18/2010,CYS,WY,ANM,WE,Federal Contract Tower,0,16,11,32,59,0,0,7,0,7,0,16,18,32,66,47,45,92,158
11/19/2010,CYS,WY,ANM,WE,Federal Contract Tower,0,14,12,3,29,0,0,5,1,6,0,14,17,4,35,96,23,119,154
11/20/2010,CYS,WY,ANM,WE,Federal Contract Tower,0,7,4,0,11,0,0,0,0,0,0,7,4,0,11,4,0,4,15
11/21/2010,CYS,WY,ANM,WE,Federal Contract Tower,0,7,5,1,13,0,0,0,0,0,0,7,5,1,13,21,0,21,34
11/22/2010,CYS,WY,ANM,WE,Federal Contract Tower,0,15,5,8,28,0,0,2,4,6,0,15,7,12,34,4,76,80,114
11/23/2010,CYS,WY,ANM,WE,Federal Contract Tower,0,17,23,12,52,0,0,8,4,12,0,17,31,16,64,63,60,123,187
11/24/2010,CYS,WY,ANM,WE,Federal Contract Tower,0,15,3,2,20,0,0,1,0,1,0,15,4,2,21,0,19,19,40
11/25/2010,CYS,WY,ANM,WE,Federal Contract Tower,0,12,2,0,14,0,0,4,0,4,0,12,6,0,18,2,0,2,20
11/26/2010,CYS,WY,ANM,WE,Federal Contract Tower,0,14,7,0,21,0,0,6,0,6,0,14,13,0,27,8,0,8,35
11/27/2010,CYS,WY,ANM,WE,Federal Contract Tower,0,9,11,0,20,0,0,8,0,8,0,9,19,0,28,106,0,106,134
11/28/2010,CYS,WY,ANM,WE,Federal Contract Tower,0,11,8,2,21,0,0,8,0,8,0,11,16,2,29,56,0,56,85
11/29/2010,CYS,WY,ANM,WE,Federal Contract Tower,0,16,14,4,34,0,0,2,1,3,0,16,16,5,37,5,56,61,98
11/30/2010,CYS,WY,ANM,WE,Federal Contract Tower,0,20,8,12,40,0,0,13,3,16,0,20,21,15,56,50,58,108,164
12/01/2010,CYS,WY,ANM,WE,Federal Contract Tower,0,14,13,14,41,0,2,5,2,9,0,16,18,16,50,4,105,109,159
12/02/2010,CYS,WY,ANM,WE,Federal Contract Tower,0,16,15,17,48,0,0,9,0,9,0,16,24,17,57,54,99,153,210
12/03/2010,CYS,WY,ANM,WE,Federal Contract Tower,0,16,7,2,25,0,2,4,0,6,0,18,11,2,31,2,62,64,95
12/04/2010,CYS,WY,ANM,WE,Federal Contract Tower,0,10,19,3,32,0,0,1,0,1,0,10,20,3,33,11,0,11,44
12/05/2010,CYS,WY,ANM,WE,Federal Contract Tower,0,15,12,0,27,0,0,2,4,6,0,15,14,4,33,33,10,43,76
12/06/2010,CYS,WY,ANM,WE,Federal Contract Tower,0,16,9,10,35,0,0,11,1,12,0,16,20,11,47,7,75,82,129
12/07/2010,CYS,WY,ANM,WE,Federal Contract Tower,0,18,17,16,51,0,0,5,0,5,0,18,22,16,56,22,55,77,133
12/08/2010,CYS,WY,ANM,WE,Federal Contract Tower,0,19,21,13,53,0,0,8,2,10,0,19,29,15,63,30,49,79,142
12/09/2010,CYS,WY,ANM,WE,Federal Contract Tower,0,15,10,17,42,0,0,2,0,2,0,15,12,17,44,6,121,127,171
12/10/2010,CYS,WY,ANM,WE,Federal Contract Tower,0,14,3,10,27,0,0,0,2,2,0,14,3,12,29,10,99,109,138
12/11/2010,CYS,WY,ANM,WE,Federal Contract Tower,0,9,12,5,26,0,0,6,0,6,0,9,18,5,32,32,0,32,64
12/12/2010,CYS,WY,ANM,WE,Federal Contract Tower,0,10,2,3,15,0,0,0,0,0,0,10,2,3,15,41,0,41,56
12/13/2010,CYS,WY,ANM,WE,Federal Contract Tower,0,17,11,12,40,0,0,5,0,5,0,17,16,12,45,23,161,184,229
12/14/2010,CYS,WY,ANM,WE,Federal Contract Tower,0,18,14,14,46,0,1,6,0,7,0,19,20,14,53,54,158,212,265
12/15/2010,CYS,WY,ANM,WE,Federal Contract Tower,0,22,23,12,57,0,1,0,0,1,0,23,23,12,58,8,30,38,96
12/16/2010,CYS,WY,ANM,WE,Federal Contract Tower,0,21,33,26,80,0,0,5,7,12,0,21,38,33,92,37,127,164,256
12/17/2010,CYS,WY,ANM,WE,Federal Contract Tower,0,25,17,7,49,0,6,4,0,10,0,31,21,7,59,30,51,81,140
12/18/2010,CYS,WY,ANM,WE,Federal Contract Tower,0,12,5,0,17,0,0,6,3,9,0,12,11,3,26,114,0,114,140
12/19/2010,CYS,WY,ANM,WE,Federal Contract Tower,0,13,10,1,24,0,2,5,2,9,0,15,15,3,33,71,0,71,104
12/20/2010,CYS,WY,ANM,WE,Federal Contract Tower,0,19,9,8,36,0,0,0,4,4,0,19,9,12,40,4,48,52,92
12/21/2010,CYS,WY,ANM,WE,Federal Contract Tower,0,18,17,6,41,0,0,0,0,0,0,18,17,6,41,0,0,0,41
12/22/2010,CYS,WY,ANM,WE,Federal Contract Tower,0,22,11,8,41,0,11,2,2,15,0,33,13,10,56,58,82,140,196
12/23/2010,CYS,WY,ANM,WE,Federal Contract Tower,2,17,10,13,42,0,2,10,3,15,2,19,20,16,57,39,75,114,171
12/24/2010,CYS,WY,ANM,WE,Federal Contract Tower,0,16,4,0,20,0,0,3,0,3,0,16,7,0,23,27,0,27,50
12/25/2010,CYS,WY,ANM,WE,Federal Contract Tower,0,8,0,0,8,0,0,2,0,2,0,8,2,0,10,11,0,11,21
12/26/2010,CYS,WY,ANM,WE,Federal Contract Tower,0,12,13,0,25,0,0,7,0,7,0,12,20,0,32,35,0,35,67
12/27/2010,CYS,WY,ANM,WE,Federal Contract Tower,0,19,13,0,32,0,0,0,0,0,0,19,13,0,32,5,0,5,37
12/28/2010,CYS,WY,ANM,WE,Federal Contract Tower,0,15,16,4,35,0,0,9,3,12,0,15,25,7,47,5,0,5,52
12/29/2010,CYS,WY,ANM,WE,Federal Contract Tower,0,15,9,1,25,0,0,9,0,9,0,15,18,1,34,16,18,34,68
12/30/2010,CYS,WY,ANM,WE,Federal Contract Tower,0,11,2,0,13,0,0,0,0,0,0,11,2,0,13,0,0,0,13
12/31/2010,CYS,WY,ANM,WE,Federal Contract Tower,0,8,2,0,10,0,0,0,0,0,0,8,2,0,10,0,0,0,10
01/01/2011,CYS,WY,ANM,WE,Federal Contract Tower,0,7,2,0,9,0,0,1,0,1,0,7,3,0,10,1,0,1,11
01/02/2011,CYS,WY,ANM,WE,Federal Contract Tower,0,11,12,0,23,0,2,0,0,2,0,13,12,0,25,4,0,4,29
01/03/2011,CYS,WY,ANM,WE,Federal Contract Tower,0,25,24,7,56,0,0,17,0,17,0,25,41,7,73,42,94,136,209
01/04/2011,CYS,WY,ANM,WE,Federal Contract Tower,0,20,16,16,52,0,0,11,0,11,0,20,27,16,63,49,76,125,188
01/05/2011,CYS,WY,ANM,WE,Federal Contract Tower,0,17,5,16,38,0,0,2,0,2,0,17,7,16,40,15,50,65,105
01/06/2011,CYS,WY,ANM,WE,Federal Contract Tower,0,17,9,22,48,0,6,9,0,15,0,23,18,22,63,18,100,118,181
01/07/2011,CYS,WY,ANM,WE,Federal Contract Tower,0,20,3,11,34,0,4,3,0,7,0,24,6,11,41,11,92,103,144
01/08/2011,CYS,WY,ANM,WE,Federal Contract Tower,0,16,1,1,18,0,5,4,0,9,0,21,5,1,27,60,27,87,114
01/09/2011,CYS,WY,ANM,WE,Federal Contract Tower,0,9,0,6,15,0,0,0,0,0,0,9,0,6,15,0,0,0,15
01/10/2011,CYS,WY,ANM,WE,Federal Contract Tower,0,20,11,17,48,0,4,10,0,14,0,24,21,17,62,20,138,158,220
01/11/2011,CYS,WY,ANM,WE,Federal Contract Tower,0,16,18,11,45,0,0,3,0,3,0,16,21,11,48,49,81,130,178
01/12/2011,CYS,WY,ANM,WE,Federal Contract Tower,0,17,12,13,42,0,0,0,0,0,0,17,12,13,42,12,40,52,94
01/13/2011,CYS,WY,ANM,WE,Federal Contract Tower,0,23,13,16,52,0,0,1,0,1,0,23,14,16,53,10,67,77,130
01/14/2011,CYS,WY,ANM,WE,Federal Contract Tower,0,23,18,5,46,0,0,2,0,2,0,23,20,5,48,5,47,52,100
01/15/2011,CYS,WY,ANM,WE,Federal Contract Tower,0,14,6,0,20,0,25,9,0,34,0,39,15,0,54,9,1,10,64
01/16/2011,CYS,WY,ANM,WE,Federal Contract Tower,0,10,2,1,13,0,0,2,0,2,0,10,4,1,15,33,5,38,53
01/17/2011,CYS,WY,ANM,WE,Federal Contract Tower,0,16,2,1,19,0,5,4,0,9,0,21,6,1,28,3,0,3,31
01/18/2011,CYS,WY,ANM,WE,Federal Contract Tower,0,18,12,21,51,0,7,9,0,16,0,25,21,21,67,20,93,113,180
01/19/2011,CYS,WY,ANM,WE,Federal Contract Tower,0,19,12,11,42,0,0,0,0,0,0,19,12,11,42,4,22,26,68
01/20/2011,CYS,WY,ANM,WE,Federal Contract Tower,2,18,24,12,56,0,0,5,0,5,2,18,29,12,61,37,56,93,154
01/21/2011,CYS,WY,ANM,WE,Federal Contract Tower,0,22,10,14,46,0,1,3,4,8,0,23,13,18,54,10,50,60,114
01/22/2011,CYS,WY,ANM,WE,Federal Contract Tower,0,8,2,7,17,0,0,0,4,4,0,8,2,11,21,0,55,55,76
01/23/2011,CYS,WY,ANM,WE,Federal Contract Tower,2,10,5,0,17,0,0,1,0,1,2,10,6,0,18,34,0,34,52
01/24/2011,CYS,WY,ANM,WE,Federal Contract Tower,0,18,26,16,60,0,3,7,1,11,0,21,33,17,71,16,112,128,199
01/25/2011,CYS,WY,ANM,WE,Federal Contract Tower,0,21,21,28,70,0,1,13,0,14,0,22,34,28,84,19,23,42,126
01/26/2011,CYS,WY,ANM,WE,Federal Contract Tower,0,15,20,24,59,0,1,11,8,20,0,16,31,32,79,32,141,173,252
01/27/2011,CYS,WY,ANM,WE,Federal Contract Tower,0,15,21,16,52,0,0,2,0,2,0,15,23,16,54,20,64,84,138
01/28/2011,CYS,WY,ANM,WE,Federal Contract Tower,0,14,11,9,34,0,0,0,0,0,0,14,11,9,34,15,29,44,78
01/29/2011,CYS,WY,ANM,WE,Federal Contract Tower,0,10,8,0,18,0,0,18,0,18,0,10,26,0,36,56,0,56,92
01/30/2011,CYS,WY,ANM,WE,Federal Contract Tower,0,13,8,2,23,0,0,18,0,18,0,13,26,2,41,55,0,55,96
01/31/2011,CYS,WY,ANM,WE,Federal Contract Tower,0,14,0,7,21,0,0,0,0,0,0,14,0,7,21,0,6,6,27
02/01/2011,CYS,WY,ANM,WE,Federal Contract Tower,0,14,4,5,23,0,0,6,0,6,0,14,10,5,29,1,52,53,82
02/02/2011,CYS,WY,ANM,WE,Federal Contract Tower,0,20,12,5,37,0,1,5,0,6,0,21,17,5,43,31,47,78,121
02/03/2011,CYS,WY,ANM,WE,Federal Contract Tower,0,19,15,3,37,0,0,7,0,7,0,19,22,3,44,8,25,33,77
02/04/2011,CYS,WY,ANM,WE,Federal Contract Tower,0,14,18,18,50,0,0,10,4,14,0,14,28,22,64,22,49,71,135
02/05/2011,CYS,WY,ANM,WE,Federal Contract Tower,0,8,0,4,12,0,0,0,0,0,0,8,0,4,12,1,12,13,25
02/06/2011,CYS,WY,ANM,WE,Federal Contract Tower,0,12,5,4,21,0,0,0,0,0,0,12,5,4,21,0,0,0,21
02/07/2011,CYS,WY,ANM,WE,Federal Contract Tower,0,23,10,6,39,0,0,4,0,4,0,23,14,6,43,15,15,30,73
02/08/2011,CYS,WY,ANM,WE,Federal Contract Tower,0,19,5,4,28,0,0,0,0,0,0,19,5,4,28,0,24,24,52
02/09/2011,CYS,WY,ANM,WE,Federal Contract Tower,0,17,12,11,40,0,0,6,0,6,0,17,18,11,46,54,27,81,127
02/10/2011,CYS,WY,ANM,WE,Federal Contract Tower,0,19,18,11,48,0,0,0,6,6,0,19,18,17,54,7,58,65,119
02/11/2011,CYS,WY,ANM,WE,Federal Contract Tower,0,16,12,8,36,0,0,4,0,4,0,16,16,8,40,22,22,44,84
02/12/2011,CYS,WY,ANM,WE,Federal Contract Tower,0,12,4,1,17,0,0,0,0,0,0,12,4,1,17,5,12,17,34
02/13/2011,CYS,WY,ANM,WE,Federal Contract Tower,0,12,0,2,14,0,0,0,0,0,0,12,0,2,14,9,6,15,29
02/14/2011,CYS,WY,ANM,WE,Federal Contract Tower,0,19,19,9,47,0,1,8,0,9,0,20,27,9,56,70,40,110,166
02/15/2011,CYS,WY,ANM,WE,Federal Contract Tower,0,18,10,2,30,0,0,6,11,17,0,18,16,13,47,68,84,152,199
02/16/2011,CYS,WY,ANM,WE,Federal Contract Tower,0,20,11,4,35,0,1,16,2,19,0,21,27,6,54,24,130,154,208
02/17/2011,CYS,WY,ANM,WE,Federal Contract Tower,0,17,4,1,22,0,0,0,4,4,0,17,4,5,26,27,46,73,99
02/18/2011,CYS,WY,ANM,WE,Federal Contract Tower,0,16,20,19,55,0,0,6,2,8,0,16,26,21,63,32,55,87,150
02/19/2011,CYS,WY,ANM,WE,Federal Contract Tower,0,13,5,0,18,0,0,11,0,11,0,13,16,0,29,47,0,47,76
02/20/2011,CYS,WY,ANM,WE,Federal Contract Tower,0,12,6,1,19,0,0,0,0,0,0,12,6,1,19,4,1,5,24
02/21/2011,CYS,WY,ANM,WE,Federal Contract Tower,0,17,5,2,24,0,0,16,0,16,0,17,21,2,40,21,0,21,61
02/22/2011,CYS,WY,ANM,WE,Federal Contract Tower,0,19,11,10,40,0,0,6,0,6,0,19,17,10,46,25,49,74,120
02/23/2011,CYS,WY,ANM,WE,Federal Contract Tower,0,17,14,19,50,0,0,6,0,6,0,17,20,19,56,49,161,210,266
02/24/2011,CYS,WY,ANM,WE,Federal Contract Tower,0,12,19,4,35,0,0,0,0,0,0,12,19,4,35,0,56,56,91
02/25/2011,CYS,WY,ANM,WE,Federal Contract Tower,0,15,3,1,19,0,0,0,0,0,0,15,3,1,19,0,21,21,40
02/26/2011,CYS,WY,ANM,WE,Federal Contract Tower,0,10,9,1,20,0,1,2,0,3,0,11,11,1,23,25,0,25,48
02/27/2011,CYS,WY,ANM,WE,Federal Contract Tower,0,19,13,19,51,0,0,8,4,12,0,19,21,23,63,12,93,105,168
02/28/2011,CYS,WY,ANM,WE,Federal Contract Tower,0,19,13,19,51,0,0,8,4,12,0,19,21,23,63,12,93,105,168
03/01/2011,CYS,WY,ANM,WE,Federal Contract Tower,0,20,9,3,32,0,0,16,1,17,0,20,25,4,49,61,52,113,162
03/02/2011,CYS,WY,ANM,WE,Federal Contract Tower,0,16,13,5,34,0,0,11,0,11,0,16,24,5,45,50,86,136,181
03/03/2011,CYS,WY,ANM,WE,Federal Contract Tower,0,15,8,15,38,0,0,2,1,3,0,15,10,16,41,4,74,78,119
03/04/2011,CYS,WY,ANM,WE,Federal Contract Tower,0,15,15,31,61,0,0,3,0,3,0,15,18,31,64,3,89,92,156
03/05/2011,CYS,WY,ANM,WE,Federal Contract Tower,0,11,10,2,23,0,0,1,0,1,0,11,11,2,24,84,7,91,115
03/06/2011,CYS,WY,ANM,WE,Federal Contract Tower,0,10,6,11,27,0,0,19,0,19,0,10,25,11,46,36,5,41,87
03/07/2011,CYS,WY,ANM,WE,Federal Contract Tower,0,18,12,21,51,0,0,0,0,0,0,18,12,21,51,0,0,0,51
03/08/2011,CYS,WY,ANM,WE,Federal Contract Tower,0,17,7,7,31,0,0,0,0,0,0,17,7,7,31,3,98,101,132
03/09/2011,CYS,WY,ANM,WE,Federal Contract Tower,0,20,2,18,40,0,8,8,15,31,0,28,10,33,71,23,143,166,237
03/10/2011,CYS,WY,ANM,WE,Federal Contract Tower,2,23,17,13,55,0,0,6,2,8,2,23,23,15,63,35,59,94,157
03/11/2011,CYS,WY,ANM,WE,Federal Contract Tower,0,19,8,4,31,0,0,12,0,12,0,19,20,4,43,3,7,10,53
03/12/2011,CYS,WY,ANM,WE,Federal Contract Tower,0,10,13,0,23,0,0,6,0,6,0,10,19,0,29,47,11,58,87
03/13/2011,CYS,WY,ANM,WE,Federal Contract Tower,0,13,4,5,22,0,0,16,0,16,0,13,20,5,38,68,0,68,106
03/14/2011,CYS,WY,ANM,WE,Federal Contract Tower,0,16,20,10,46,0,0,6,2,8,0,16,26,12,54,19,68,87,141
03/15/2011,CYS,WY,ANM,WE,Federal Contract Tower,0,15,8,10,33,0,0,15,2,17,0,15,23,12,50,25,34,59,109
03/16/2011,CYS,WY,ANM,WE,Federal Contract Tower,0,15,16,13,44,0,0,3,0,3,0,15,19,13,47,21,89,110,157
03/17/2011,CYS,WY,ANM,WE,Federal Contract Tower,0,15,16,10,41,0,0,2,0,2,0,15,18,10,43,13,46,59,102
03/18/2011,CYS,WY,ANM,WE,Federal Contract Tower,0,16,7,10,33,0,0,4,1,5,0,16,11,11,38,21,75,96,134
03/19/2011,CYS,WY,ANM,WE,Federal Contract Tower,0,12,12,2,26,0,7,9,0,16,0,19,21,2,42,40,20,60,102
03/20/2011,CYS,WY,ANM,WE,Federal Contract Tower,0,13,13,3,29,0,0,12,7,19,0,13,25,10,48,33,2,35,83
03/21/2011,CYS,WY,ANM,WE,Federal Contract Tower,0,18,22,18,58,0,0,12,1,13,0,18,34,19,71,32,122,154,225
03/22/2011,CYS,WY,ANM,WE,Federal Contract Tower,2,15,9,10,36,23,0,2,0,25,25,15,11,10,61,3,65,68,129
03/23/2011,CYS,WY,ANM,WE,Federal Contract Tower,0,16,6,15,37,0,0,14,2,16,0,16,20,17,53,29,137,166,219
03/24/2011,CYS,WY,ANM,WE,Federal Contract Tower,0,16,4,14,34,0,0,1,2,3,0,16,5,16,37,9,91,100,137
03/25/2011,CYS,WY,ANM,WE,Federal Contract Tower,0,16,8,6,30,0,0,5,0,5,0,16,13,6,35,34,87,121,156
03/26/2011,CYS,WY,ANM,WE,Federal Contract Tower,0,9,4,0,13,0,0,5,0,5,0,9,9,0,18,49,0,49,67
03/27/2011,CYS,WY,ANM,WE,Federal Contract Tower,0,13,1,1,15,0,0,0,0,0,0,13,1,1,15,0,0,0,15
03/28/2011,CYS,WY,ANM,WE,Federal Contract Tower,0,15,16,16,47,0,0,13,2,15,0,15,29,18,62,12,62,74,136
03/29/2011,CYS,WY,ANM,WE,Federal Contract Tower,0,19,9,14,42,0,0,12,1,13,0,19,21,15,55,48,200,248,303
03/30/2011,CYS,WY,ANM,WE,Federal Contract Tower,0,15,21,9,45,0,0,10,6,16,0,15,31,15,61,4,124,128,189
03/31/2011,CYS,WY,ANM,WE,Federal Contract Tower,0,15,4,5,24,0,0,10,0,10,0,15,14,5,34,0,133,133,167
04/01/2011,CYS,WY,ANM,WE,Federal Contract Tower,0,18,6,20,44,0,0,7,0,7,0,18,13,20,51,26,161,187,238
04/02/2011,CYS,WY,ANM,WE,Federal Contract Tower,0,9,4,0,13,0,0,7,1,8,0,9,11,1,21,125,3,128,149
04/03/2011,CYS,WY,ANM,WE,Federal Contract Tower,0,11,4,0,15,0,2,0,0,2,0,13,4,0,17,0,0,0,17
04/04/2011,CYS,WY,ANM,WE,Federal Contract Tower,0,16,8,13,37,0,0,8,0,8,0,16,16,13,45,10,75,85,130
04/05/2011,CYS,WY,ANM,WE,Federal Contract Tower,0,15,6,0,21,0,0,2,4,6,0,15,8,4,27,4,41,45,72
04/06/2011,CYS,WY,ANM,WE,Federal Contract Tower,0,14,6,6,26,0,0,2,1,3,0,14,8,7,29,21,70,91,120
04/07/2011,CYS,WY,ANM,WE,Federal Contract Tower,0,18,22,15,55,0,0,2,0,2,0,18,24,15,57,22,64,86,143
04/08/2011,CYS,WY,ANM,WE,Federal Contract Tower,0,17,1,7,25,0,0,1,0,1,0,17,2,7,26,11,75,86,112
04/09/2011,CYS,WY,ANM,WE,Federal Contract Tower,0,10,15,0,25,0,0,3,6,9,0,10,18,6,34,22,0,22,56
04/10/2011,CYS,WY,ANM,WE,Federal Contract Tower,0,18,1,0,19,0,0,0,0,0,0,18,1,0,19,12,0,12,31
04/11/2011,CYS,WY,ANM,WE,Federal Contract Tower,0,14,9,13,36,0,3,14,9,26,0,17,23,22,62,24,80,104,166
04/12/2011,CYS,WY,ANM,WE,Federal Contract Tower,0,12,16,15,43,0,0,10,2,12,0,12,26,17,55,49,137,186,241
04/13/2011,CYS,WY,ANM,WE,Federal Contract Tower,0,18,10,24,52,0,0,3,2,5,0,18,13,26,57,8,134,142,199
04/14/2011,CYS,WY,ANM,WE,Federal Contract Tower,0,16,6,6,28,0,0,4,0,4,0,16,10,6,32,0,59,59,91
04/15/2011,CYS,WY,ANM,WE,Federal Contract Tower,0,15,11,10,36,0,0,0,0,0,0,15,11,10,36,54,96,150,186
04/16/2011,CYS,WY,ANM,WE,Federal Contract Tower,0,11,9,1,21,0,0,2,0,2,0,11,11,1,23,20,1,21,44
04/17/2011,CYS,WY,ANM,WE,Federal Contract Tower,0,10,6,4,20,0,0,1,0,1,0,10,7,4,21,6,1,7,28
04/18/2011,CYS,WY,ANM,WE,Federal Contract Tower,0,14,10,7,31,0,0,0,0,0,0,14,10,7,31,2,8,10,41
04/19/2011,CYS,WY,ANM,WE,Federal Contract Tower,0,16,23,18,57,0,0,9,12,21,0,16,32,30,78,12,104,116,194
04/20/2011,CYS,WY,ANM,WE,Federal Contract Tower,0,16,15,25,56,0,0,7,0,7,0,16,22,25,63,15,149,164,227
04/21/2011,CYS,WY,ANM,WE,Federal Contract Tower,0,15,10,10,35,0,0,12,6,18,0,15,22,16,53,38,71,109,162
04/22/2011,CYS,WY,ANM,WE,Federal Contract Tower,0,14,6,2,22,0,0,2,0,2,0,14,8,2,24,34,58,92,116
04/23/2011,CYS,WY,ANM,WE,Federal Contract Tower,0,8,6,1,15,0,0,11,0,11,0,8,17,1,26,85,2,87,113
04/24/2011,CYS,WY,ANM,WE,Federal Contract Tower,0,11,11,0,22,0,0,6,0,6,0,11,17,0,28,0,0,0,28
04/25/2011,CYS,WY,ANM,WE,Federal Contract Tower,0,14,12,12,38,0,0,13,0,13,0,14,25,12,51,21,127,148,199
04/26/2011,CYS,WY,ANM,WE,Federal Contract Tower,0,18,10,23,51,0,0,7,10,17,0,18,17,33,68,24,204,228,296
04/27/2011,CYS,WY,ANM,WE,Federal Contract Tower,0,15,10,9,34,0,0,1,2,3,0,15,11,11,37,15,102,117,154
04/28/2011,CYS,WY,ANM,WE,Federal Contract Tower,0,18,25,21,64,0,2,14,5,21,0,20,39,26,85,89,125,214,299
04/29/2011,CYS,WY,ANM,WE,Federal Contract Tower,0,15,8,7,30,0,0,4,0,4,0,15,12,7,34,13,112,125,159
04/30/2011,CYS,WY,ANM,WE,Federal Contract Tower,0,11,4,6,21,0,0,4,0,4,0,11,8,6,25,4,44,48,73
05/01/2011,CYS,WY,ANM,WE,Federal Contract Tower,0,14,0,4,18,0,0,13,0,13,0,14,13,4,31,5,0,5,36
05/02/2011,CYS,WY,ANM,WE,Federal Contract Tower,0,14,10,33,57,0,0,1,0,1,0,14,11,33,58,20,111,131,189
05/03/2011,CYS,WY,ANM,WE,Federal Contract Tower,0,14,15,9,38,0,8,21,8,37,0,22,36,17,75,37,95,132,207
05/04/2011,CYS,WY,ANM,WE,Federal Contract Tower,0,15,5,10,30,0,0,10,10,20,0,15,15,20,50,16,39,55,105
05/05/2011,CYS,WY,ANM,WE,Federal Contract Tower,0,14,13,8,35,0,0,8,0,8,0,14,21,8,43,60,59,119,162
05/06/2011,CYS,WY,ANM,WE,Federal Contract Tower,0,15,18,9,42,0,0,8,0,8,0,15,26,9,50,27,46,73,123
05/07/2011,CYS,WY,ANM,WE,Federal Contract Tower,2,10,15,2,29,0,0,8,0,8,2,10,23,2,37,55,0,55,92
05/08/2011,CYS,WY,ANM,WE,Federal Contract Tower,0,10,4,1,15,0,0,9,3,12,0,10,13,4,27,54,3,57,84
05/09/2011,CYS,WY,ANM,WE,Federal Contract Tower,0,18,12,5,35,0,0,1,0,1,0,18,13,5,36,44,67,111,147
05/10/2011,CYS,WY,ANM,WE,Federal Contract Tower,14,15,20,1,50,0,1,14,0,15,14,16,34,1,65,36,42,78,143
05/11/2011,CYS,WY,ANM,WE,Federal Contract Tower,0,16,8,9,33,0,0,0,0,0,0,16,8,9,33,4,17,21,54
05/12/2011,CYS,WY,ANM,WE,Federal Contract Tower,0,15,13,4,32,0,0,2,6,8,0,15,15,10,40,1,12,13,53
05/13/2011,CYS,WY,ANM,WE,Federal Contract Tower,0,16,15,6,37,0,0,12,3,15,0,16,27,9,52,69,192,261,313
05/14/2011,CYS,WY,ANM,WE,Federal Contract Tower,0,8,4,1,13,0,0,2,0,2,0,8,6,1,15,20,122,142,157
05/15/2011,CYS,WY,ANM,WE,Federal Contract Tower,0,13,5,3,21,0,0,4,0,4,0,13,9,3,25,27,19,46,71
05/16/2011,CYS,WY,ANM,WE,Federal Contract Tower,0,16,13,7,36,0,0,20,0,20,0,16,33,7,56,37,55,92,148
05/17/2011,CYS,WY,ANM,WE,Federal Contract Tower,0,19,8,17,44,0,0,3,0,3,0,19,11,17,47,3,37,40,87
05/18/2011,CYS,WY,ANM,WE,Federal Contract Tower,1,17,23,9,50,0,0,0,0,0,1,17,23,9,50,3,95,98,148
05/19/2011,CYS,WY,ANM,WE,Federal Contract Tower,0,22,7,9,38,0,0,0,0,0,0,22,7,9,38,0,7,7,45
05/20/2011,CYS,WY,ANM,WE,Federal Contract Tower,0,13,18,3,34,0,0,2,1,3,0,13,20,4,37,27,6,33,70
05/21/2011,CYS,WY,ANM,WE,Federal Contract Tower,0,11,6,1,18,0,0,2,0,2,0,11,8,1,20,10,11,21,41
05/22/2011,CYS,WY,ANM,WE,Federal Contract Tower,0,15,3,2,20,0,0,6,0,6,0,15,9,2,26,43,0,43,69
05/23/2011,CYS,WY,ANM,WE,Federal Contract Tower,0,19,8,8,35,0,0,2,0,2,0,19,10,8,37,37,40,77,114
05/24/2011,CYS,WY,ANM,WE,Federal Contract Tower,0,13,17,14,44,0,0,2,0,2,0,13,19,14,46,38,102,140,186
05/25/2011,CYS,WY,ANM,WE,Federal Contract Tower,2,20,14,19,55,0,0,0,0,0,2,20,14,19,55,41,119,160,215
05/26/2011,CYS,WY,ANM,WE,Federal Contract Tower,2,13,13,11,39,0,3,4,0,7,2,16,17,11,46,58,63,121,167
05/27/2011,CYS,WY,ANM,WE,Federal Contract Tower,0,17,9,3,29,0,2,3,0,5,0,19,12,3,34,40,5,45,79
05/28/2011,CYS,WY,ANM,WE,Federal Contract Tower,0,11,6,1,18,0,0,13,0,13,0,11,19,1,31,32,0,32,63
05/29/2011,CYS,WY,ANM,WE,Federal Contract Tower,0,8,1,1,10,0,0,1,0,1,0,8,2,1,11,4,2,6,17
05/30/2011,CYS,WY,ANM,WE,Federal Contract Tower,0,15,2,0,17,0,0,2,0,2,0,15,4,0,19,1,0,1,20
05/31/2011,CYS,WY,ANM,WE,Federal Contract Tower,0,16,9,13,38,0,0,5,16,21,0,16,14,29,59,46,42,88,147
06/01/2011,CYS,WY,ANM,WE,Federal Contract Tower,0,18,12,39,69,0,0,0,0,0,0,18,12,39,69,31,105,136,205
06/02/2011,CYS,WY,ANM,WE,Federal Contract Tower,0,16,9,13,38,0,0,0,0,0,0,16,9,13,38,33,159,192,230
06/03/2011,CYS,WY,ANM,WE,Federal Contract Tower,0,19,7,11,37,0,1,19,0,20,0,20,26,11,57,50,102,152,209
06/04/2011,CYS,WY,ANM,WE,Federal Contract Tower,0,15,13,3,31,0,0,6,2,8,0,15,19,5,39,82,134,216,255
06/05/2011,CYS,WY,ANM,WE,Federal Contract Tower,0,13,10,8,31,0,0,8,14,22,0,13,18,22,53,60,41,101,154
06/06/2011,CYS,WY,ANM,WE,Federal Contract Tower,0,22,15,10,47,0,0,14,2,16,0,22,29,12,63,49,56,105,168
06/07/2011,CYS,WY,ANM,WE,Federal Contract Tower,0,18,13,15,46,0,2,1,2,5,0,20,14,17,51,27,36,63,114
06/08/2011,CYS,WY,ANM,WE,Federal Contract Tower,0,19,15,4,38,0,0,2,6,8,0,19,17,10,46,20,42,62,108
06/09/2011,CYS,WY,ANM,WE,Federal Contract Tower,0,23,16,11,50,0,0,11,6,17,0,23,27,17,67,12,46,58,125
06/10/2011,CYS,WY,ANM,WE,Federal Contract Tower,0,16,3,13,32,0,2,2,0,4,0,18,5,13,36,63,2,65,101
06/11/2011,CYS,WY,ANM,WE,Federal Contract Tower,4,18,4,5,31,0,2,6,2,10,4,20,10,7,41,72,21,93,134
06/12/2011,CYS,WY,ANM,WE,Federal Contract Tower,0,15,9,3,27,0,4,11,0,15,0,19,20,3,42,49,7,56,98
06/13/2011,CYS,WY,ANM,WE,Federal Contract Tower,0,16,11,9,36,0,1,0,11,12,0,17,11,20,48,32,103,135,183
06/14/2011,CYS,WY,ANM,WE,Federal Contract Tower,0,19,22,16,57,0,0,13,0,13,0,19,35,16,70,17,73,90,160
06/15/2011,CYS,WY,ANM,WE,Federal Contract Tower,0,17,10,5,32,0,0,2,3,5,0,17,12,8,37,48,22,70,107
06/16/2011,CYS,WY,ANM,WE,Federal Contract Tower,0,16,13,6,35,0,0,0,1,1,0,16,13,7,36,40,88,128,164
06/17/2011,CYS,WY,ANM,WE,Federal Contract Tower,0,19,11,1,31,0,0,9,0,9,0,19,20,1,40,50,18,68,108
06/18/2011,CYS,WY,ANM,WE,Federal Contract Tower,0,11,3,2,16,0,3,11,0,14,0,14,14,2,30,22,2,24,54
06/19/2011,CYS,WY,ANM,WE,Federal Contract Tower,0,12,8,4,24,0,0,2,0,2,0,12,10,4,26,48,0,48,74
06/20/2011,CYS,WY,ANM,WE,Federal Contract Tower,0,17,4,10,31,0,0,8,0,8,0,17,12,10,39,1,99,100,139
06/21/2011,CYS,WY,ANM,WE,Federal Contract Tower,0,19,9,6,34,0,0,0,0,0,0,19,9,6,34,10,18,28,62
06/22/2011,CYS,WY,ANM,WE,Federal Contract Tower,0,20,13,11,44,0,0,2,0,2,0,20,15,11,46,30,46,76,122
06/23/2011,CYS,WY,ANM,WE,Federal Contract Tower,0,19,12,11,42,0,0,7,2,9,0,19,19,13,51,44,102,146,197
06/24/2011,CYS,WY,ANM,WE,Federal Contract Tower,0,23,6,6,35,0,1,2,0,3,0,24,8,6,38,36,31,67,105
06/25/2011,CYS,WY,ANM,WE,Federal Contract Tower,0,13,8,0,21,0,0,7,0,7,0,13,15,0,28,33,0,33,61
06/26/2011,CYS,WY,ANM,WE,Federal Contract Tower,0,13,8,1,22,0,0,2,0,2,0,13,10,1,24,26,0,26,50
06/27/2011,CYS,WY,ANM,WE,Federal Contract Tower,0,18,8,5,31,0,2,8,7,17,0,20,16,12,48,38,51,89,137
06/28/2011,CYS,WY,ANM,WE,Federal Contract Tower,0,19,7,7,33,0,1,15,1,17,0,20,22,8,50,64,92,156,206
06/29/2011,CYS,WY,ANM,WE,Federal Contract Tower,2,20,18,9,49,0,0,2,1,3,2,20,20,10,52,46,37,83,135
06/30/2011,CYS,WY,ANM,WE,Federal Contract Tower,4,12,14,1,31,0,0,8,1,9,4,12,22,2,40,54,71,125,165
07/01/2011,CYS,WY,ANM,WE,Federal Contract Tower,0,16,10,3,29,0,0,10,0,10,0,16,20,3,39,69,0,69,108
07/02/2011,CYS,WY,ANM,WE,Federal Contract Tower,0,13,12,0,25,0,0,2,0,2,0,13,14,0,27,15,0,15,42
07/03/2011,CYS,WY,ANM,WE,Federal Contract Tower,0,12,6,1,19,0,0,12,0,12,0,12,18,1,31,62,0,62,93
07/04/2011,CYS,WY,ANM,WE,Federal Contract Tower,2,12,0,1,15,0,0,2,0,2,2,12,2,1,17,43,6,49,66
07/05/2011,CYS,WY,ANM,WE,Federal Contract Tower,0,19,10,13,42,0,0,4,0,4,0,19,14,13,46,29,100,129,175
07/06/2011,CYS,WY,ANM,WE,Federal Contract Tower,4,18,14,9,45,0,0,0,11,11,4,18,14,20,56,40,93,133,189
07/07/2011,CYS,WY,ANM,WE,Federal Contract Tower,12,15,14,16,57,0,0,0,0,0,12,15,14,16,57,40,124,164,221
07/08/2011,CYS,WY,ANM,WE,Federal Contract Tower,2,20,10,22,54,0,0,3,0,3,2,20,13,22,57,73,92,165,222
07/09/2011,CYS,WY,ANM,WE,Federal Contract Tower,0,12,11,5,28,0,0,6,0,6,0,12,17,5,34,106,18,124,158
07/10/2011,CYS,WY,ANM,WE,Federal Contract Tower,0,13,8,6,27,0,4,7,0,11,0,17,15,6,38,36,6,42,80
07/11/2011,CYS,WY,ANM,WE,Federal Contract Tower,0,15,19,5,39,0,0,10,0,10,0,15,29,5,49,37,11,48,97
07/12/2011,CYS,WY,ANM,WE,Federal Contract Tower,0,21,18,25,64,0,4,0,0,4,0,25,18,25,68,11,92,103,171
07/13/2011,CYS,WY,ANM,WE,Federal Contract Tower,0,15,9,40,64,0,0,2,0,2,0,15,11,40,66,36,186,222,288
07/14/2011,CYS,WY,ANM,WE,Federal Contract Tower,0,17,19,4,40,0,0,0,0,0,0,17,19,4,40,34,61,95,135
07/15/2011,CYS,WY,ANM,WE,Federal Contract Tower,0,22,7,5,34,0,0,22,1,23,0,22,29,6,57,33,13,46,103
07/16/2011,CYS,WY,ANM,WE,Federal Contract Tower,0,11,18,2,31,0,0,4,0,4,0,11,22,2,35,65,1,66,101
07/17/2011,CYS,WY,ANM,WE,Federal Contract Tower,0,15,12,14,41,0,0,3,0,3,0,15,15,14,44,37,1,38,82
07/18/2011,CYS,WY,ANM,WE,Federal Contract Tower,0,15,17,9,41,0,0,14,0,14,0,15,31,9,55,46,81,127,182
07/19/2011,CYS,WY,ANM,WE,Federal Contract Tower,0,18,13,24,55,0,0,8,4,12,0,18,21,28,67,16,181,197,264
07/20/2011,CYS,WY,ANM,WE,Federal Contract Tower,0,22,11,16,49,0,0,4,10,14,0,22,15,26,63,15,67,82,145
07/21/2011,CYS,WY,ANM,WE,Federal Contract Tower,2,16,17,30,65,0,0,8,2,10,2,16,25,32,75,33,154,187,262
07/22/2011,CYS,WY,ANM,WE,Federal Contract Tower,0,23,30,10,63,0,0,18,0,18,0,23,48,10,81,63,77,140,221
07/23/2011,CYS,WY,ANM,WE,Federal Contract Tower,0,16,15,2,33,0,0,7,0,7,0,16,22,2,40,46,6,52,92
07/24/2011,CYS,WY,ANM,WE,Federal Contract Tower,0,15,20,7,42,0,0,18,4,22,0,15,38,11,64,70,17,87,151
07/25/2011,CYS,WY,ANM,WE,Federal Contract Tower,0,16,11,11,38,0,0,17,8,25,0,16,28,19,63,67,42,109,172
07/26/2011,CYS,WY,ANM,WE,Federal Contract Tower,0,18,6,6,30,0,0,47,14,61,0,18,53,20,91,51,61,112,203
07/27/2011,CYS,WY,ANM,WE,Federal Contract Tower,0,16,13,6,35,0,0,0,40,40,0,16,13,46,75,111,41,152,227
07/28/2011,CYS,WY,ANM,WE,Federal Contract Tower,0,17,12,12,41,0,0,9,0,9,0,17,21,12,50,42,17,59,109
07/29/2011,CYS,WY,ANM,WE,Federal Contract Tower,0,16,15,6,37,0,0,26,2,28,0,16,41,8,65,61,10,71,136
07/30/2011,CYS,WY,ANM,WE,Federal Contract Tower,0,12,20,0,32,0,0,8,0,8,0,12,28,0,40,82,0,82,122
07/31/2011,CYS,WY,ANM,WE,Federal Contract Tower,0,12,19,0,31,0,0,6,0,6,0,12,25,0,37,46,1,47,84
08/01/2011,CYS,WY,ANM,WE,Federal Contract Tower,4,18,11,7,40,0,0,8,3,11,4,18,19,10,51,45,55,100,151
08/02/2011,CYS,WY,ANM,WE,Federal Contract Tower,0,17,21,36,74,0,0,11,0,11,0,17,32,36,85,34,135,169,254
08/03/2011,CYS,WY,ANM,WE,Federal Contract Tower,4,20,17,7,48,0,0,2,0,2,4,20,19,7,50,16,19,35,85
08/04/2011,CYS,WY,ANM,WE,Federal Contract Tower,0,11,15,20,46,0,0,3,0,3,0,11,18,20,49,34,86,120,169
08/05/2011,CYS,WY,ANM,WE,Federal Contract Tower,0,25,5,23,53,0,0,1,1,2,0,25,6,24,55,41,122,163,218
08/06/2011,CYS,WY,ANM,WE,Federal Contract Tower,0,14,16,1,31,0,0,5,0,5,0,14,21,1,36,45,16,61,97
08/07/2011,CYS,WY,ANM,WE,Federal Contract Tower,0,14,13,12,39,0,0,12,2,14,0,14,25,14,53,62,3,65,118
08/08/2011,CYS,WY,ANM,WE,Federal Contract Tower,0,16,13,6,35,0,0,6,8,14,0,16,19,14,49,36,66,102,151
08/09/2011,CYS,WY,ANM,WE,Federal Contract Tower,0,14,24,8,46,0,0,10,0,10,0,14,34,8,56,23,60,83,139
08/10/2011,CYS,WY,ANM,WE,Federal Contract Tower,0,23,11,49,83,0,0,6,0,6,0,23,17,49,89,28,132,160,249
08/11/2011,CYS,WY,ANM,WE,Federal Contract Tower,0,18,14,8,40,0,0,11,1,12,0,18,25,9,52,24,61,85,137
08/12/2011,CYS,WY,ANM,WE,Federal Contract Tower,0,23,13,6,42,0,0,19,0,19,0,23,32,6,61,54,66,120,181
08/13/2011,CYS,WY,ANM,WE,Federal Contract Tower,0,14,5,5,24,0,0,4,2,6,0,14,9,7,30,90,4,94,124
08/14/2011,CYS,WY,ANM,WE,Federal Contract Tower,0,13,4,0,17,0,0,3,0,3,0,13,7,0,20,31,2,33,53
08/15/2011,CYS,WY,ANM,WE,Federal Contract Tower,0,16,9,7,32,0,0,17,5,22,0,16,26,12,54,31,70,101,155
08/16/2011,CYS,WY,ANM,WE,Federal Contract Tower,0,18,13,17,48,0,4,12,2,18,0,22,25,19,66,47,132,179,245
08/17/2011,CYS,WY,ANM,WE,Federal Contract Tower,0,22,16,18,56,0,0,0,18,18,0,22,16,36,74,47,74,121,195
08/18/2011,CYS,WY,ANM,WE,Federal Contract Tower,0,19,14,31,64,0,0,0,0,0,0,19,14,31,64,28,166,194,258
08/19/2011,CYS,WY,ANM,WE,Federal Contract Tower,0,20,12,11,43,0,0,7,0,7,0,20,19,11,50,38,64,102,152
08/20/2011,CYS,WY,ANM,WE,Federal Contract Tower,0,12,9,3,24,0,0,13,0,13,0,12,22,3,37,43,9,52,89
08/21/2011,CYS,WY,ANM,WE,Federal Contract Tower,0,12,5,2,19,0,0,2,0,2,0,12,7,2,21,100,11,111,132
08/22/2011,CYS,WY,ANM,WE,Federal Contract Tower,2,14,16,24,56,0,0,2,0,2,2,14,18,24,58,11,178,189,247
08/23/2011,CYS,WY,ANM,WE,Federal Contract Tower,0,15,15,14,44,0,1,14,0,15,0,16,29,14,59,30,84,114,173
08/24/2011,CYS,WY,ANM,WE,Federal Contract Tower,0,22,21,34,77,0,0,2,0,2,0,22,23,34,79,33,131,164,243
08/25/2011,CYS,WY,ANM,WE,Federal Contract Tower,0,17,18,12,47,0,0,1,0,1,0,17,19,12,48,34,47,81,129
08/26/2011,CYS,WY,ANM,WE,Federal Contract Tower,0,27,11,12,50,0,0,6,4,10,0,27,17,16,60,78,53,131,191
08/27/2011,CYS,WY,ANM,WE,Federal Contract Tower,0,10,4,2,16,0,0,23,0,23,0,10,27,2,39,72,0,72,111
08/28/2011,CYS,WY,ANM,WE,Federal Contract Tower,4,14,4,1,23,0,1,0,0,1,4,15,4,1,24,54,0,54,78
08/29/2011,CYS,WY,ANM,WE,Federal Contract Tower,0,27,16,20,63,0,7,4,0,11,0,34,20,20,74,8,52,60,134
08/30/2011,CYS,WY,ANM,WE,Federal Contract Tower,0,21,16,33,70,0,4,15,7,26,0,25,31,40,96,9,102,111,207
08/31/2011,CYS,WY,ANM,WE,Federal Contract Tower,2,19,7,14,42,0,0,14,2,16,2,19,21,16,58,47,144,191,249
09/01/2011,CYS,WY,ANM,WE,Federal Contract Tower,0,18,19,20,57,0,0,6,5,11,0,18,25,25,68,28,64,92,160
09/02/2011,CYS,WY,ANM,WE,Federal Contract Tower,6,24,9,8,47,0,0,0,0,0,6,24,9,8,47,10,20,30,77
09/03/2011,CYS,WY,ANM,WE,Federal Contract Tower,0,10,2,1,13,0,1,12,0,13,0,11,14,1,26,22,0,22,48
09/04/2011,CYS,WY,ANM,WE,Federal Contract Tower,0,12,10,0,22,0,0,0,0,0,0,12,10,0,22,41,0,41,63
09/05/2011,CYS,WY,ANM,WE,Federal Contract Tower,0,13,7,0,20,0,0,2,0,2,0,13,9,0,22,66,0,66,88
09/06/2011,CYS,WY,ANM,WE,Federal Contract Tower,0,17,10,16,43,0,0,6,2,8,0,17,16,18,51,13,108,121,172
09/07/2011,CYS,WY,ANM,WE,Federal Contract Tower,0,21,9,19,49,0,0,1,0,1,0,21,10,19,50,14,153,167,217
09/08/2011,CYS,WY,ANM,WE,Federal Contract Tower,0,13,17,2,32,1,0,4,0,5,1,13,21,2,37,47,9,56,93
09/09/2011,CYS,WY,ANM,WE,Federal Contract Tower,1,21,19,14,55,0,4,9,0,13,1,25,28,14,68,46,59,105,173
09/10/2011,CYS,WY,ANM,WE,Federal Contract Tower,0,11,5,23,39,0,0,18,1,19,0,11,23,24,58,67,4,71,129
09/11/2011,CYS,WY,ANM,WE,Federal Contract Tower,0,14,13,5,32,0,0,0,0,0,0,14,13,5,32,51,14,65,97
09/12/2011,CYS,WY,ANM,WE,Federal Contract Tower,0,15,5,10,30,0,0,5,0,5,0,15,10,10,35,22,81,103,138
09/13/2011,CYS,WY,ANM,WE,Federal Contract Tower,0,16,22,23,61,0,0,5,2,7,0,16,27,25,68,72,96,168,236
09/14/2011,CYS,WY,ANM,WE,Federal Contract Tower,0,15,25,6,46,0,0,0,0,0,0,15,25,6,46,0,0,0,46
09/15/2011,CYS,WY,ANM,WE,Federal Contract Tower,0,18,28,21,67,0,0,0,0,0,0,18,28,21,67,2,6,8,75
09/16/2011,CYS,WY,ANM,WE,Federal Contract Tower,2,29,14,25,70,0,0,5,0,5,2,29,19,25,75,61,101,162,237
09/17/2011,CYS,WY,ANM,WE,Federal Contract Tower,0,15,20,7,42,0,0,1,7,8,0,15,21,14,50,31,47,78,128
09/18/2011,CYS,WY,ANM,WE,Federal Contract Tower,0,11,11,3,25,0,1,12,0,13,0,12,23,3,38,48,45,93,131
09/19/2011,CYS,WY,ANM,WE,Federal Contract Tower,0,17,14,28,59,0,1,17,5,23,0,18,31,33,82,48,137,185,267
09/20/2011,CYS,WY,ANM,WE,Federal Contract Tower,0,16,11,11,38,0,0,8,0,8,0,16,19,11,46,25,112,137,183
09/21/2011,CYS,WY,ANM,WE,Federal Contract Tower,0,16,13,16,45,0,4,20,2,26,0,20,33,18,71,68,162,230,301
09/22/2011,CYS,WY,ANM,WE,Federal Contract Tower,0,14,20,12,46,0,0,4,5,9,0,14,24,17,55,20,43,63,118
09/23/2011,CYS,WY,ANM,WE,Federal Contract Tower,2,16,9,10,37,0,0,4,4,8,2,16,13,14,45,45,96,141,186
09/24/2011,CYS,WY,ANM,WE,Federal Contract Tower,0,11,5,1,17,0,0,13,2,15,0,11,18,3,32,46,0,46,78
09/25/2011,CYS,WY,ANM,WE,Federal Contract Tower,0,6,12,16,34,0,0,2,0,2,0,6,14,16,36,68,13,81,117
09/26/2011,CYS,WY,ANM,WE,Federal Contract Tower,0,16,11,9,36,0,0,2,6,8,0,16,13,15,44,22,53,75,119
09/27/2011,CYS,WY,ANM,WE,Federal Contract Tower,0,17,15,34,66,0,0,8,7,15,0,17,23,41,81,34,189,223,304
09/28/2011,CYS,WY,ANM,WE,Federal Contract Tower,0,18,21,14,53,0,2,14,1,17,0,20,35,15,70,39,96,135,205
09/29/2011,CYS,WY,ANM,WE,Federal Contract Tower,0,19,12,13,44,0,0,4,7,11,0,19,16,20,55,34,53,87,142
09/30/2011,CYS,WY,ANM,WE,Federal Contract Tower,0,17,16,5,38,0,0,6,0,6,0,17,22,5,44,17,79,96,140
10/01/2011,CYS,WY,ANM,WE,Federal Contract Tower,0,10,10,0,20,0,0,27,0,27,0,10,37,0,47,58,2,60,107
10/02/2011,CYS,WY,ANM,WE,Federal Contract Tower,0,13,10,2,25,0,0,23,0,23,0,13,33,2,48,58,16,74,122
10/03/2011,CYS,WY,ANM,WE,Federal Contract Tower,0,21,8,1,30,0,2,6,1,9,0,23,14,2,39,32,121,153,192
10/04/2011,CYS,WY,ANM,WE,Federal Contract Tower,0,34,15,5,54,0,0,36,5,41,0,34,51,10,95,33,63,96,191
10/05/2011,CYS,WY,ANM,WE,Federal Contract Tower,0,19,8,19,46,0,13,6,11,30,0,32,14,30,76,21,132,153,229
10/06/2011,CYS,WY,ANM,WE,Federal Contract Tower,0,17,8,14,39,0,0,1,1,2,0,17,9,15,41,5,18,23,64
10/07/2011,CYS,WY,ANM,WE,Federal Contract Tower,0,18,6,12,36,0,0,5,0,5,0,18,11,12,41,16,33,49,90
10/08/2011,CYS,WY,ANM,WE,Federal Contract Tower,0,8,0,1,9,0,0,0,0,0,0,8,0,1,9,0,0,0,9
10/09/2011,CYS,WY,ANM,WE,Federal Contract Tower,0,19,8,1,28,0,0,1,0,1,0,19,9,1,29,8,1,9,38
10/10/2011,CYS,WY,ANM,WE,Federal Contract Tower,0,19,13,0,32,0,0,3,0,3,0,19,16,0,35,72,0,72,107
10/11/2011,CYS,WY,ANM,WE,Federal Contract Tower,2,16,8,16,42,0,0,12,2,14,2,16,20,18,56,15,68,83,139
10/12/2011,CYS,WY,ANM,WE,Federal Contract Tower,2,19,10,8,39,0,0,8,0,8,2,19,18,8,47,14,38,52,99
10/13/2011,CYS,WY,ANM,WE,Federal Contract Tower,2,16,21,12,51,0,0,9,0,9,2,16,30,12,60,31,142,173,233
10/14/2011,CYS,WY,ANM,WE,Federal Contract Tower,0,24,20,18,62,0,0,8,0,8,0,24,28,18,70,82,101,183,253
10/15/2011,CYS,WY,ANM,WE,Federal Contract Tower,0,15,13,0,28,0,1,2,0,3,0,16,15,0,31,12,6,18,49
10/16/2011,CYS,WY,ANM,WE,Federal Contract Tower,2,13,5,2,22,0,0,9,5,14,2,13,14,7,36,34,2,36,72
10/17/2011,CYS,WY,ANM,WE,Federal Contract Tower,0,27,11,8,46,0,0,0,1,1,0,27,11,9,47,2,89,91,138
10/18/2011,CYS,WY,ANM,WE,Federal Contract Tower,0,17,28,18,63,0,14,7,2,23,0,31,35,20,86,24,64,88,174
10/19/2011,CYS,WY,ANM,WE,Federal Contract Tower,0,19,11,7,37,0,1,14,0,15,0,20,25,7,52,79,120,199,251
10/20/2011,CYS,WY,ANM,WE,Federal Contract Tower,0,23,26,16,65,0,0,12,0,12,0,23,38,16,77,19,133,152,229
10/21/2011,CYS,WY,ANM,WE,Federal Contract Tower,2,17,7,13,39,0,0,22,3,25,2,17,29,16,64,40,42,82,146
10/22/2011,CYS,WY,ANM,WE,Federal Contract Tower,0,10,5,2,17,0,0,7,0,7,0,10,12,2,24,29,5,34,58
10/23/2011,CYS,WY,ANM,WE,Federal Contract Tower,0,12,6,0,18,0,0,8,0,8,0,12,14,0,26,41,3,44,70
10/24/2011,CYS,WY,ANM,WE,Federal Contract Tower,0,17,7,6,30,0,0,10,3,13,0,17,17,9,43,17,22,39,82
10/25/2011,CYS,WY,ANM,WE,Federal Contract Tower,2,12,8,9,31,0,0,0,0,0,2,12,8,9,31,5,57,62,93
10/26/2011,CYS,WY,ANM,WE,Federal Contract Tower,0,9,4,1,14,0,0,1,1,2,0,9,5,2,16,0,18,18,34
10/27/2011,CYS,WY,ANM,WE,Federal Contract Tower,0,21,21,10,52,0,0,15,0,15,0,21,36,10,67,39,89,128,195
10/28/2011,CYS,WY,ANM,WE,Federal Contract Tower,0,20,8,19,47,0,0,2,2,4,0,20,10,21,51,20,49,69,120
10/29/2011,CYS,WY,ANM,WE,Federal Contract Tower,0,13,4,2,19,0,0,0,1,1,0,13,4,3,20,11,41,52,72
10/30/2011,CYS,WY,ANM,WE,Federal Contract Tower,2,14,10,1,27,0,0,25,4,29,2,14,35,5,56,50,0,50,106
10/31/2011,CYS,WY,ANM,WE,Federal Contract Tower,0,15,14,8,37,0,0,10,2,12,0,15,24,10,49,21,80,101,150
11/01/2011,CYS,WY,ANM,WE,Federal Contract Tower,0,21,5,13,39,0,0,0,3,3,0,21,5,16,42,2,41,43,85
11/02/2011,CYS,WY,ANM,WE,Federal Contract Tower,0,13,4,5,22,0,0,0,1,1,0,13,4,6,23,12,20,32,55
11/03/2011,CYS,WY,ANM,WE,Federal Contract Tower,0,18,6,23,47,0,0,8,12,20,0,18,14,35,67,52,101,153,220
11/04/2011,CYS,WY,ANM,WE,Federal Contract Tower,0,18,10,21,49,0,0,0,0,0,0,18,10,21,49,8,102,110,159
11/05/2011,CYS,WY,ANM,WE,Federal Contract Tower,0,8,6,12,26,0,0,12,0,12,0,8,18,12,38,14,72,86,124
11/06/2011,CYS,WY,ANM,WE,Federal Contract Tower,0,14,14,7,35,0,0,2,0,2,0,14,16,7,37,51,30,81,118
11/07/2011,CYS,WY,ANM,WE,Federal Contract Tower,0,16,12,11,39,0,0,1,2,3,0,16,13,13,42,2,93,95,137
11/08/2011,CYS,WY,ANM,WE,Federal Contract Tower,0,18,20,25,63,0,0,2,4,6,0,18,22,29,69,35,124,159,228
11/09/2011,CYS,WY,ANM,WE,Federal Contract Tower,0,19,19,14,52,0,0,2,0,2,0,19,21,14,54,28,106,134,188
11/10/2011,CYS,WY,ANM,WE,Federal Contract Tower,0,29,14,9,52,0,0,13,1,14,0,29,27,10,66,12,60,72,138
11/11/2011,CYS,WY,ANM,WE,Federal Contract Tower,0,22,10,1,33,0,2,4,0,6,0,24,14,1,39,22,14,36,75
11/12/2011,CYS,WY,ANM,WE,Federal Contract Tower,0,10,3,5,18,0,0,3,2,5,0,10,6,7,23,1,12,13,36
11/13/2011,CYS,WY,ANM,WE,Federal Contract Tower,0,15,3,1,19,0,0,0,0,0,0,15,3,1,19,0,0,0,19
11/14/2011,CYS,WY,ANM,WE,Federal Contract Tower,0,15,19,11,45,0,0,0,6,6,0,15,19,17,51,2,100,102,153
11/15/2011,CYS,WY,ANM,WE,Federal Contract Tower,0,16,22,9,47,0,0,8,0,8,0,16,30,9,55,2,64,66,121
11/16/2011,CYS,WY,ANM,WE,Federal Contract Tower,0,19,22,15,56,0,0,24,0,24,0,19,46,15,80,25,114,139,219
11/17/2011,CYS,WY,ANM,WE,Federal Contract Tower,0,16,11,9,36,0,0,2,0,2,0,16,13,9,38,7,96,103,141
11/18/2011,CYS,WY,ANM,WE,Federal Contract Tower,0,22,8,8,38,0,0,3,2,5,0,22,11,10,43,16,34,50,93
11/19/2011,CYS,WY,ANM,WE,Federal Contract Tower,0,10,5,3,18,0,0,7,0,7,0,10,12,3,25,22,7,29,54
11/20/2011,CYS,WY,ANM,WE,Federal Contract Tower,0,12,18,5,35,0,0,20,0,20,0,12,38,5,55,97,3,100,155
11/21/2011,CYS,WY,ANM,WE,Federal Contract Tower,0,16,12,17,45,0,0,7,1,8,0,16,19,18,53,40,89,129,182
11/22/2011,CYS,WY,ANM,WE,Federal Contract Tower,0,16,11,12,39,0,0,14,4,18,0,16,25,16,57,15,128,143,200
11/23/2011,CYS,WY,ANM,WE,Federal Contract Tower,0,15,8,15,38,0,0,15,4,19,0,15,23,19,57,43,122,165,222
11/24/2011,CYS,WY,ANM,WE,Federal Contract Tower,0,14,0,0,14,0,0,0,0,0,0,14,0,0,14,1,0,1,15
11/25/2011,CYS,WY,ANM,WE,Federal Contract Tower,18,0,0,0,18,0,2,5,0,7,18,2,5,0,25,3,0,3,28
11/26/2011,CYS,WY,ANM,WE,Federal Contract Tower,0,12,0,0,12,0,0,3,0,3,0,12,3,0,15,7,0,7,22
11/27/2011,CYS,WY,ANM,WE,Federal Contract Tower,0,0,13,14,27,0,0,4,0,4,0,0,17,14,31,42,0,42,73
11/28/2011,CYS,WY,ANM,WE,Federal Contract Tower,0,17,11,10,38,0,2,10,7,19,0,19,21,17,57,6,95,101,158
11/29/2011,CYS,WY,ANM,WE,Federal Contract Tower,0,16,20,18,54,0,0,24,0,24,0,16,44,18,78,64,212,276,354
11/30/2011,CYS,WY,ANM,WE,Federal Contract Tower,0,17,13,16,46,0,0,4,2,6,0,17,17,18,52,20,71,91,143
12/01/2011,CYS,WY,ANM,WE,Federal Contract Tower,0,13,9,15,37,0,0,0,0,0,0,13,9,15,37,0,116,116,153
12/02/2011,CYS,WY,ANM,WE,Federal Contract Tower,0,20,22,35,77,0,0,2,2,4,0,20,24,37,81,30,97,127,208
12/03/2011,CYS,WY,ANM,WE,Federal Contract Tower,0,8,6,1,15,0,0,6,0,6,0,8,12,1,21,16,0,16,37
12/04/2011,CYS,WY,ANM,WE,Federal Contract Tower,0,8,10,1,19,0,0,1,0,1,0,8,11,1,20,7,13,20,40
12/05/2011,CYS,WY,ANM,WE,Federal Contract Tower,0,13,13,18,44,0,0,4,10,14,0,13,17,28,58,30,168,198,256
12/06/2011,CYS,WY,ANM,WE,Federal Contract Tower,0,15,25,16,56,0,0,14,2,16,0,15,39,18,72,30,67,97,169
12/07/2011,CYS,WY,ANM,WE,Federal Contract Tower,0,20,21,18,59,0,0,9,2,11,0,20,30,20,70,28,157,185,255
12/08/2011,CYS,WY,ANM,WE,Federal Contract Tower,0,17,18,29,64,0,0,2,3,5,0,17,20,32,69,14,97,111,180
12/09/2011,CYS,WY,ANM,WE,Federal Contract Tower,0,30,10,18,58,0,0,0,8,8,0,30,10,26,66,27,148,175,241
12/10/2011,CYS,WY,ANM,WE,Federal Contract Tower,2,10,13,1,26,0,0,10,0,10,2,10,23,1,36,115,0,115,151
12/11/2011,CYS,WY,ANM,WE,Federal Contract Tower,0,16,9,1,26,0,0,18,0,18,0,16,27,1,44,91,1,92,136
12/12/2011,CYS,WY,ANM,WE,Federal Contract Tower,0,24,15,19,58,0,0,14,0,14,0,24,29,19,72,25,127,152,224
12/13/2011,CYS,WY,ANM,WE,Federal Contract Tower,2,19,30,12,63,0,1,4,3,8,2,20,34,15,71,21,213,234,305
12/14/2011,CYS,WY,ANM,WE,Federal Contract Tower,0,24,14,14,52,0,0,6,2,8,0,24,20,16,60,16,41,57,117
12/15/2011,CYS,WY,ANM,WE,Federal Contract Tower,0,19,19,3,41,0,3,2,0,5,0,22,21,3,46,25,17,42,88
12/16/2011,CYS,WY,ANM,WE,Federal Contract Tower,0,27,7,4,38,0,0,2,0,2,0,27,9,4,40,49,63,112,152
12/17/2011,CYS,WY,ANM,WE,Federal Contract Tower,0,14,20,0,34,0,0,0,0,0,0,14,20,0,34,156,3,159,193
12/18/2011,CYS,WY,ANM,WE,Federal Contract Tower,0,14,8,1,23,0,1,10,1,12,0,15,18,2,35,12,0,12,47
12/19/2011,CYS,WY,ANM,WE,Federal Contract Tower,0,15,4,5,24,0,1,15,0,16,0,16,19,5,40,1,31,32,72
12/20/2011,CYS,WY,ANM,WE,Federal Contract Tower,0,19,15,14,48,0,0,13,7,20,0,19,28,21,68,45,77,122,190
12/21/2011,CYS,WY,ANM,WE,Federal Contract Tower,0,12,14,20,46,0,0,3,0,3,0,12,17,20,49,14,130,144,193
12/22/2011,CYS,WY,ANM,WE,Federal Contract Tower,0,12,5,20,37,0,0,2,2,4,0,12,7,22,41,1,44,45,86
12/23/2011,CYS,WY,ANM,WE,Federal Contract Tower,0,16,18,2,36,0,0,9,2,11,0,16,27,4,47,58,0,58,105
12/24/2011,CYS,WY,ANM,WE,Federal Contract Tower,0,7,3,0,10,0,0,2,1,3,0,7,5,1,13,71,0,71,84
12/25/2011,CYS,WY,ANM,WE,Federal Contract Tower,0,0,9,3,12,0,0,2,0,2,0,0,11,3,14,7,0,7,21
12/26/2011,CYS,WY,ANM,WE,Federal Contract Tower,0,15,5,0,20,0,0,0,0,0,0,15,5,0,20,11,0,11,31
12/27/2011,CYS,WY,ANM,WE,Federal Contract Tower,0,14,9,0,23,0,0,2,2,4,0,14,11,2,27,26,90,116,143
12/28/2011,CYS,WY,ANM,WE,Federal Contract Tower,0,14,10,2,26,0,0,2,7,9,0,14,12,9,35,15,40,55,90
12/29/2011,CYS,WY,ANM,WE,Federal Contract Tower,0,11,2,0,13,0,0,2,0,2,0,11,4,0,15,0,23,23,38
12/30/2011,CYS,WY,ANM,WE,Federal Contract Tower,0,16,5,1,22,0,0,8,28,36,0,16,13,29,58,21,49,70,128
12/31/2011,CYS,WY,ANM,WE,Federal Contract Tower,0,6,1,0,7,0,0,0,0,0,0,6,1,0,7,3,0,3,10
01/01/2012,CYS,WY,ANM,WE,Federal Contract Tower,0,15,4,0,19,0,0,9,0,9,0,15,13,0,28,31,0,31,59
01/02/2012,CYS,WY,ANM,WE,Federal Contract Tower,0,13,9,2,24,0,0,0,0,0,0,13,9,2,24,109,0,109,133
01/03/2012,CYS,WY,ANM,WE,Federal Contract Tower,0,8,16,8,32,0,0,6,5,11,0,8,22,13,43,18,126,144,187
01/04/2012,CYS,WY,ANM,WE,Federal Contract Tower,0,6,17,13,36,0,0,17,5,22,0,6,34,18,58,37,74,111,169
01/05/2012,CYS,WY,ANM,WE,Federal Contract Tower,0,19,23,2,44,0,0,11,2,13,0,19,34,4,57,32,113,145,202
01/06/2012,CYS,WY,ANM,WE,Federal Contract Tower,0,14,14,1,29,0,0,12,5,17,0,14,26,6,46,35,59,94,140
01/07/2012,CYS,WY,ANM,WE,Federal Contract Tower,0,11,6,0,17,0,0,0,0,0,0,11,6,0,17,44,24,68,85
01/08/2012,CYS,WY,ANM,WE,Federal Contract Tower,0,13,16,4,33,0,0,9,1,10,0,13,25,5,43,43,2,45,88
01/09/2012,CYS,WY,ANM,WE,Federal Contract Tower,0,16,14,16,46,0,0,16,10,26,0,16,30,26,72,9,90,99,171
01/10/2012,CYS,WY,ANM,WE,Federal Contract Tower,0,14,15,13,42,0,0,6,5,11,0,14,21,18,53,21,58,79,132
01/11/2012,CYS,WY,ANM,WE,Federal Contract Tower,0,14,13,10,37,0,0,2,2,4,0,14,15,12,41,0,93,93,134
01/12/2012,CYS,WY,ANM,WE,Federal Contract Tower,0,13,18,10,41,0,0,4,0,4,0,13,22,10,45,50,85,135,180
01/13/2012,CYS,WY,ANM,WE,Federal Contract Tower,0,14,18,5,37,0,0,0,0,0,0,14,18,5,37,7,48,55,92
01/14/2012,CYS,WY,ANM,WE,Federal Contract Tower,0,10,4,0,14,0,0,5,1,6,0,10,9,1,20,21,0,21,41
01/15/2012,CYS,WY,ANM,WE,Federal Contract Tower,0,12,8,3,23,0,0,8,0,8,0,12,16,3,31,17,0,17,48
01/16/2012,CYS,WY,ANM,WE,Federal Contract Tower,0,14,7,1,22,0,0,4,0,4,0,14,11,1,26,39,0,39,65
01/17/2012,CYS,WY,ANM,WE,Federal Contract Tower,0,14,19,5,38,0,0,0,0,0,0,14,19,5,38,14,65,79,117
01/18/2012,CYS,WY,ANM,WE,Federal Contract Tower,0,22,12,2,36,0,0,6,0,6,0,22,18,2,42,3,10,13,55
01/19/2012,CYS,WY,ANM,WE,Federal Contract Tower,0,15,13,4,32,0,0,3,0,3,0,15,16,4,35,0,102,102,137
01/20/2012,CYS,WY,ANM,WE,Federal Contract Tower,0,18,8,8,34,0,2,6,0,8,0,20,14,8,42,7,123,130,172
01/21/2012,CYS,WY,ANM,WE,Federal Contract Tower,0,11,8,1,20,0,0,23,0,23,0,11,31,1,43,28,0,28,71
01/22/2012,CYS,WY,ANM,WE,Federal Contract Tower,0,11,7,0,18,0,0,2,0,2,0,11,9,0,20,1,0,1,21
01/23/2012,CYS,WY,ANM,WE,Federal Contract Tower,0,15,6,6,27,0,0,6,4,10,0,15,12,10,37,50,108,158,195
01/24/2012,CYS,WY,ANM,WE,Federal Contract Tower,0,17,10,12,39,0,0,9,0,9,0,17,19,12,48,9,114,123,171
01/25/2012,CYS,WY,ANM,WE,Federal Contract Tower,0,17,21,8,46,0,0,12,0,12,0,17,33,8,58,19,82,101,159
01/26/2012,CYS,WY,ANM,WE,Federal Contract Tower,0,14,16,3,33,0,0,5,2,7,0,14,21,5,40,29,65,94,134
01/27/2012,CYS,WY,ANM,WE,Federal Contract Tower,0,15,12,10,37,0,0,0,3,3,0,15,12,13,40,1,106,107,147
01/28/2012,CYS,WY,ANM,WE,Federal Contract Tower,0,11,6,0,17,0,0,12,0,12,0,11,18,0,29,23,0,23,52
01/29/2012,CYS,WY,ANM,WE,Federal Contract Tower,0,12,9,8,29,0,0,4,3,7,0,12,13,11,36,1,4,5,41
01/30/2012,CYS,WY,ANM,WE,Federal Contract Tower,0,15,10,12,37,0,0,15,14,29,0,15,25,26,66,3,105,108,174
01/31/2012,CYS,WY,ANM,WE,Federal Contract Tower,0,18,17,28,63,0,4,5,2,11,0,22,22,30,74,21,162,183,257
02/01/2012,CYS,WY,ANM,WE,Federal Contract Tower,0,21,11,11,43,0,9,12,0,21,0,30,23,11,64,65,108,173,237
02/02/2012,CYS,WY,ANM,WE,Federal Contract Tower,0,18,4,26,48,0,4,7,3,14,0,22,11,29,62,34,103,137,199
02/03/2012,CYS,WY,ANM,WE,Federal Contract Tower,0,13,2,6,21,0,0,0,0,0,0,13,2,6,21,0,18,18,39
02/04/2012,CYS,WY,ANM,WE,Federal Contract Tower,0,13,6,2,21,0,5,8,3,16,0,18,14,5,37,50,21,71,108
02/05/2012,CYS,WY,ANM,WE,Federal Contract Tower,0,15,13,4,32,0,1,13,0,14,0,16,26,4,46,79,6,85,131
02/06/2012,CYS,WY,ANM,WE,Federal Contract Tower,0,18,8,3,29,0,0,0,0,0,0,18,8,3,29,53,76,129,158
02/07/2012,CYS,WY,ANM,WE,Federal Contract Tower,0,17,10,30,57,0,0,0,2,2,0,17,10,32,59,11,127,138,197
02/08/2012,CYS,WY,ANM,WE,Federal Contract Tower,0,20,10,14,44,0,0,10,2,12,0,20,20,16,56,32,147,179,235
02/09/2012,CYS,WY,ANM,WE,Federal Contract Tower,0,16,14,15,45,0,1,0,2,3,0,17,14,17,48,16,106,122,170
02/10/2012,CYS,WY,ANM,WE,Federal Contract Tower,0,13,12,3,28,0,0,2,0,2,0,13,14,3,30,5,25,30,60
02/11/2012,CYS,WY,ANM,WE,Federal Contract Tower,0,11,0,1,12,0,0,0,0,0,0,11,0,1,12,0,105,105,117
02/12/2012,CYS,WY,ANM,WE,Federal Contract Tower,0,13,7,5,25,0,0,7,0,7,0,13,14,5,32,6,1,7,39
02/13/2012,CYS,WY,ANM,WE,Federal Contract Tower,0,13,17,8,38,0,0,0,0,0,0,13,17,8,38,15,25,40,78
02/14/2012,CYS,WY,ANM,WE,Federal Contract Tower,0,17,17,7,41,0,0,6,3,9,0,17,23,10,50,41,74,115,165
02/15/2012,CYS,WY,ANM,WE,Federal Contract Tower,0,15,20,11,46,0,0,3,0,3,0,15,23,11,49,8,97,105,154
02/16/2012,CYS,WY,ANM,WE,Federal Contract Tower,0,22,18,17,57,0,3,14,2,19,0,25,32,19,76,9,146,155,231
02/17/2012,CYS,WY,ANM,WE,Federal Contract Tower,0,17,13,8,38,0,0,4,2,6,0,17,17,10,44,16,48,64,108
02/18/2012,CYS,WY,ANM,WE,Federal Contract Tower,0,12,10,0,22,0,2,12,0,14,0,14,22,0,36,71,21,92,128
02/19/2012,CYS,WY,ANM,WE,Federal Contract Tower,0,14,12,0,26,0,0,1,0,1,0,14,13,0,27,72,0,72,99
02/20/2012,CYS,WY,ANM,WE,Federal Contract Tower,0,22,6,0,28,0,0,2,0,2,0,22,8,0,30,12,0,12,42
02/21/2012,CYS,WY,ANM,WE,Federal Contract Tower,0,18,16,10,44,0,0,2,0,2,0,18,18,10,46,1,101,102,148
02/22/2012,CYS,WY,ANM,WE,Federal Contract Tower,0,17,8,11,36,0,0,0,0,0,0,17,8,11,36,27,0,27,63
02/23/2012,CYS,WY,ANM,WE,Federal Contract Tower,0,15,23,10,48,0,0,15,38,53,0,15,38,48,101,13,30,43,144
02/24/2012,CYS,WY,ANM,WE,Federal Contract Tower,1,14,13,4,32,0,0,14,0,14,1,14,27,4,46,25,63,88,134
02/25/2012,CYS,WY,ANM,WE,Federal Contract Tower,1,12,3,2,18,0,0,9,2,11,1,12,12,4,29,45,24,69,98
02/26/2012,CYS,WY,ANM,WE,Federal Contract Tower,0,13,0,2,15,0,0,1,0,1,0,13,1,2,16,2,0,2,18
02/27/2012,CYS,WY,ANM,WE,Federal Contract Tower,0,20,9,16,45,0,0,7,11,18,0,20,16,27,63,9,158,167,230
02/28/2012,CYS,WY,ANM,WE,Federal Contract Tower,0,16,8,18,42,0,0,1,0,1,0,16,9,18,43,15,74,89,132
02/29/2012,CYS,WY,ANM,WE,Federal Contract Tower,0,23,15,16,54,0,1,4,0,5,0,24,19,16,59,15,31,46,105
03/01/2012,CYS,WY,ANM,WE,Federal Contract Tower,0,17,10,32,59,0,0,7,6,13,0,17,17,38,72,32,200,232,304
03/02/2012,CYS,WY,ANM,WE,Federal Contract Tower,0,21,11,28,60,0,0,11,8,19,0,21,22,36,79,8,154,162,241
03/03/2012,CYS,WY,ANM,WE,Federal Contract Tower,0,9,6,2,17,0,0,0,2,2,0,9,6,4,19,15,6,21,40
03/04/2012,CYS,WY,ANM,WE,Federal Contract Tower,0,14,4,10,28,0,0,6,0,6,0,14,10,10,34,5,77,82,116
03/05/2012,CYS,WY,ANM,WE,Federal Contract Tower,0,19,6,6,31,0,0,4,0,4,0,19,10,6,35,26,119,145,180
03/06/2012,CYS,WY,ANM,WE,Federal Contract Tower,0,17,12,12,41,0,0,8,0,8,0,17,20,12,49,66,192,258,307
03/07/2012,CYS,WY,ANM,WE,Federal Contract Tower,0,17,8,43,68,0,0,7,3,10,0,17,15,46,78,8,119,127,205
03/08/2012,CYS,WY,ANM,WE,Federal Contract Tower,2,17,19,14,52,0,0,14,8,22,2,17,33,22,74,71,91,162,236
03/09/2012,CYS,WY,ANM,WE,Federal Contract Tower,0,14,32,7,53,0,0,13,3,16,0,14,45,10,69,72,12,84,153
03/10/2012,CYS,WY,ANM,WE,Federal Contract Tower,0,10,12,0,22,0,0,12,0,12,0,10,24,0,34,105,4,109,143
03/11/2012,CYS,WY,ANM,WE,Federal Contract Tower,0,12,11,1,24,0,0,14,0,14,0,12,25,1,38,91,2,93,131
03/12/2012,CYS,WY,ANM,WE,Federal Contract Tower,0,16,11,16,43,0,0,13,1,14,0,16,24,17,57,45,146,191,248
03/13/2012,CYS,WY,ANM,WE,Federal Contract Tower,0,16,18,20,54,0,0,11,4,15,0,16,29,24,69,45,244,289,358
03/14/2012,CYS,WY,ANM,WE,Federal Contract Tower,2,25,10,26,63,0,1,33,15,49,2,26,43,41,112,33,167,200,312
03/15/2012,CYS,WY,ANM,WE,Federal Contract Tower,0,19,25,13,57,0,0,7,0,7,0,19,32,13,64,101,85,186,250
03/16/2012,CYS,WY,ANM,WE,Federal Contract Tower,0,20,10,11,41,0,0,20,0,20,0,20,30,11,61,115,70,185,246
03/17/2012,CYS,WY,ANM,WE,Federal Contract Tower,0,14,23,0,37,0,0,31,0,31,0,14,54,0,68,25,2,27,95
03/18/2012,CYS,WY,ANM,WE,Federal Contract Tower,0,11,6,0,17,0,0,1,0,1,0,11,7,0,18,36,0,36,54
03/19/2012,CYS,WY,ANM,WE,Federal Contract Tower,0,16,7,7,30,0,0,7,3,10,0,16,14,10,40,44,68,112,152
03/20/2012,CYS,WY,ANM,WE,Federal Contract Tower,0,19,14,27,60,0,0,12,9,21,0,19,26,36,81,55,151,206,287
03/21/2012,CYS,WY,ANM,WE,Federal Contract Tower,0,14,30,13,57,0,0,0,6,6,0,14,30,19,63,77,103,180,243
03/22/2012,CYS,WY,ANM,WE,Federal Contract Tower,0,16,21,14,51,0,0,11,7,18,0,16,32,21,69,62,60,122,191
03/23/2012,CYS,WY,ANM,WE,Federal Contract Tower,0,13,32,15,60,0,0,10,0,10,0,13,42,15,70,69,18,87,157
03/24/2012,CYS,WY,ANM,WE,Federal Contract Tower,0,19,8,0,27,0,33,24,0,57,0,52,32,0,84,89,30,119,203
03/25/2012,CYS,WY,ANM,WE,Federal Contract Tower,0,14,12,2,28,0,10,10,0,20,0,24,22,2,48,63,5,68,116
03/26/2012,CYS,WY,ANM,WE,Federal Contract Tower,0,17,10,2,29,0,0,0,1,1,0,17,10,3,30,9,62,71,101
03/27/2012,CYS,WY,ANM,WE,Federal Contract Tower,0,18,14,13,45,0,1,7,0,8,0,19,21,13,53,29,104,133,186
03/28/2012,CYS,WY,ANM,WE,Federal Contract Tower,0,18,20,9,47,0,1,8,0,9,0,19,28,9,56,63,113,176,232
03/29/2012,CYS,WY,ANM,WE,Federal Contract Tower,0,16,5,16,37,0,0,16,0,16,0,16,21,16,53,47,179,226,279
03/30/2012,CYS,WY,ANM,WE,Federal Contract Tower,0,17,5,5,27,0,0,6,7,13,0,17,11,12,40,44,44,88,128
03/31/2012,CYS,WY,ANM,WE,Federal Contract Tower,0,11,11,0,22,0,1,2,1,4,0,12,13,1,26,35,2,37,63
04/01/2012,CYS,WY,ANM,WE,Federal Contract Tower,0,13,5,3,21,0,0,12,0,12,0,13,17,3,33,67,6,73,106
04/02/2012,CYS,WY,ANM,WE,Federal Contract Tower,0,16,2,5,23,0,0,0,2,2,0,16,2,7,25,1,53,54,79
04/03/2012,CYS,WY,ANM,WE,Federal Contract Tower,0,13,8,14,35,0,0,8,1,9,0,13,16,15,44,22,103,125,169
04/04/2012,CYS,WY,ANM,WE,Federal Contract Tower,0,15,19,8,42,0,0,0,2,2,0,15,19,10,44,122,82,204,248
04/05/2012,CYS,WY,ANM,WE,Federal Contract Tower,0,20,12,13,45,0,5,13,0,18,0,25,25,13,63,45,108,153,216
04/06/2012,CYS,WY,ANM,WE,Federal Contract Tower,0,20,11,6,37,0,2,6,0,8,0,22,17,6,45,2,51,53,98
04/07/2012,CYS,WY,ANM,WE,Federal Contract Tower,0,11,4,4,19,0,7,4,0,11,0,18,8,4,30,47,42,89,119
04/08/2012,CYS,WY,ANM,WE,Federal Contract Tower,0,10,4,1,15,0,0,0,0,0,0,10,4,1,15,46,0,46,61
04/09/2012,CYS,WY,ANM,WE,Federal Contract Tower,0,19,16,14,49,0,2,7,8,17,0,21,23,22,66,73,59,132,198
04/10/2012,CYS,WY,ANM,WE,Federal Contract Tower,0,22,14,17,53,0,14,6,6,26,0,36,20,23,79,35,51,86,165
04/11/2012,CYS,WY,ANM,WE,Federal Contract Tower,0,12,13,17,42,0,0,2,0,2,0,12,15,17,44,3,93,96,140
04/12/2012,CYS,WY,ANM,WE,Federal Contract Tower,0,24,14,19,57,0,3,6,1,10,0,27,20,20,67,38,137,175,242
04/13/2012,CYS,WY,ANM,WE,Federal Contract Tower,0,14,12,25,51,0,0,6,3,9,0,14,18,28,60,48,282,330,390
04/14/2012,CYS,WY,ANM,WE,Federal Contract Tower,0,11,6,3,20,0,0,3,2,5,0,11,9,5,25,31,85,116,141
04/15/2012,CYS,WY,ANM,WE,Federal Contract Tower,0,9,4,0,13,0,0,0,0,0,0,9,4,0,13,0,15,15,28
04/16/2012,CYS,WY,ANM,WE,Federal Contract Tower,0,10,22,14,46,0,0,7,2,9,0,10,29,16,55,22,79,101,156
04/17/2012,CYS,WY,ANM,WE,Federal Contract Tower,0,13,11,15,39,0,13,12,6,31,0,26,23,21,70,54,197,251,321
04/18/2012,CYS,WY,ANM,WE,Federal Contract Tower,0,12,5,3,20,0,0,11,0,11,0,12,16,3,31,34,77,111,142
04/19/2012,CYS,WY,ANM,WE,Federal Contract Tower,0,13,12,8,33,0,0,10,2,12,0,13,22,10,45,12,66,78,123
04/20/2012,CYS,WY,ANM,WE,Federal Contract Tower,0,14,18,4,36,0,0,0,0,0,0,14,18,4,36,91,64,155,191
04/21/2012,CYS,WY,ANM,WE,Federal Contract Tower,0,4,4,4,12,0,0,5,0,5,0,4,9,4,17,53,9,62,79
04/22/2012,CYS,WY,ANM,WE,Federal Contract Tower,0,8,14,1,23,0,2,18,0,20,0,10,32,1,43,72,0,72,115
04/23/2012,CYS,WY,ANM,WE,Federal Contract Tower,0,12,23,8,43,0,0,4,0,4,0,12,27,8,47,110,96,206,253
04/24/2012,CYS,WY,ANM,WE,Federal Contract Tower,0,12,18,6,36,0,0,3,5,8,0,12,21,11,44,25,72,97,141
04/25/2012,CYS,WY,ANM,WE,Federal Contract Tower,0,14,15,7,36,0,0,15,5,20,0,14,30,12,56,44,73,117,173
04/26/2012,CYS,WY,ANM,WE,Federal Contract Tower,0,16,9,13,38,0,0,4,0,4,0,16,13,13,42,50,62,112,154
04/27/2012,CYS,WY,ANM,WE,Federal Contract Tower,0,19,10,8,37,0,0,5,0,5,0,19,15,8,42,14,56,70,112
04/28/2012,CYS,WY,ANM,WE,Federal Contract Tower,4,12,4,1,21,0,0,3,9,12,4,12,7,10,33,6,0,6,39
04/29/2012,CYS,WY,ANM,WE,Federal Contract Tower,0,11,9,2,22,0,0,3,0,3,0,11,12,2,25,87,0,87,112
04/30/2012,CYS,WY,ANM,WE,Federal Contract Tower,0,17,11,14,42,0,1,7,0,8,0,18,18,14,50,60,96,156,206
05/01/2012,CYS,WY,ANM,WE,Federal Contract Tower,0,16,8,22,46,0,7,2,3,12,0,23,10,25,58,48,125,173,231
05/02/2012,CYS,WY,ANM,WE,Federal Contract Tower,0,15,20,12,47,0,0,2,2,4,0,15,22,14,51,38,40,78,129
05/03/2012,CYS,WY,ANM,WE,Federal Contract Tower,0,12,25,5,42,0,0,11,0,11,0,12,36,5,53,72,67,139,192
05/04/2012,CYS,WY,ANM,WE,Federal Contract Tower,0,16,10,4,30,0,0,18,0,18,0,16,28,4,48,47,3,50,98
05/05/2012,CYS,WY,ANM,WE,Federal Contract Tower,0,5,6,9,20,0,0,10,0,10,0,5,16,9,30,25,37,62,92
05/06/2012,CYS,WY,ANM,WE,Federal Contract Tower,0,10,8,3,21,0,0,0,0,0,0,10,8,3,21,23,0,23,44
05/07/2012,CYS,WY,ANM,WE,Federal Contract Tower,0,13,8,5,26,0,0,0,2,2,0,13,8,7,28,8,27,35,63
05/08/2012,CYS,WY,ANM,WE,Federal Contract Tower,0,12,14,13,39,0,0,16,2,18,0,12,30,15,57,53,83,136,193
05/09/2012,CYS,WY,ANM,WE,Federal Contract Tower,0,15,8,9,32,0,0,10,23,33,0,15,18,32,65,59,49,108,173
05/10/2012,CYS,WY,ANM,WE,Federal Contract Tower,0,13,20,7,40,0,0,3,0,3,0,13,23,7,43,33,37,70,113
05/11/2012,CYS,WY,ANM,WE,Federal Contract Tower,0,14,9,2,25,0,0,2,0,2,0,14,11,2,27,68,74,142,169
05/12/2012,CYS,WY,ANM,WE,Federal Contract Tower,0,8,30,3,41,0,0,2,0,2,0,8,32,3,43,5,0,5,48
05/13/2012,CYS,WY,ANM,WE,Federal Contract Tower,0,10,13,0,23,0,0,9,0,9,0,10,22,0,32,60,0,60,92
05/14/2012,CYS,WY,ANM,WE,Federal Contract Tower,0,13,17,21,51,0,0,4,0,4,0,13,21,21,55,65,118,183,238
05/15/2012,CYS,WY,ANM,WE,Federal Contract Tower,0,12,33,10,55,0,0,17,5,22,0,12,50,15,77,82,128,210,287
05/16/2012,CYS,WY,ANM,WE,Federal Contract Tower,2,19,17,16,54,0,6,18,0,24,2,25,35,16,78,71,129,200,278
05/17/2012,CYS,WY,ANM,WE,Federal Contract Tower,0,12,17,11,40,0,0,1,0,1,0,12,18,11,41,54,61,115,156
05/18/2012,CYS,WY,ANM,WE,Federal Contract Tower,0,12,15,5,32,0,0,0,0,0,0,12,15,5,32,43,23,66,98
05/19/2012,CYS,WY,ANM,WE,Federal Contract Tower,0,8,10,3,21,0,0,0,0,0,0,8,10,3,21,2,12,14,35
05/20/2012,CYS,WY,ANM,WE,Federal Contract Tower,0,10,9,5,24,0,0,8,0,8,0,10,17,5,32,55,25,80,112
05/21/2012,CYS,WY,ANM,WE,Federal Contract Tower,0,14,12,17,43,0,0,4,0,4,0,14,16,17,47,113,120,233,280
05/22/2012,CYS,WY,ANM,WE,Federal Contract Tower,0,12,7,19,38,0,0,18,0,18,0,12,25,19,56,9,146,155,211
05/23/2012,CYS,WY,ANM,WE,Federal Contract Tower,0,12,3,22,37,0,0,4,14,18,0,12,7,36,55,18,125,143,198
05/24/2012,CYS,WY,ANM,WE,Federal Contract Tower,0,12,14,23,49,0,0,15,0,15,0,12,29,23,64,37,141,178,242
05/25/2012,CYS,WY,ANM,WE,Federal Contract Tower,0,14,9,10,33,0,0,7,0,7,0,14,16,10,40,8,18,26,66
05/26/2012,CYS,WY,ANM,WE,Federal Contract Tower,0,7,3,0,10,0,0,3,0,3,0,7,6,0,13,17,22,39,52
05/27/2012,CYS,WY,ANM,WE,Federal Contract Tower,0,13,7,0,20,0,3,0,0,3,0,16,7,0,23,8,1,9,32
05/28/2012,CYS,WY,ANM,WE,Federal Contract Tower,0,10,12,2,24,0,0,2,1,3,0,10,14,3,27,54,1,55,82
05/29/2012,CYS,WY,ANM,WE,Federal Contract Tower,0,16,14,3,33,0,0,12,2,14,0,16,26,5,47,87,49,136,183
05/30/2012,CYS,WY,ANM,WE,Federal Contract Tower,0,12,6,13,31,0,0,3,0,3,0,12,9,13,34,41,74,115,149
05/31/2012,CYS,WY,ANM,WE,Federal Contract Tower,0,15,14,10,39,0,0,7,0,7,0,15,21,10,46,101,65,166,212
06/01/2012,CYS,WY,ANM,WE,Federal Contract Tower,0,12,11,9,32,0,0,12,0,12,0,12,23,9,44,38,91,129,173
06/02/2012,CYS,WY,ANM,WE,Federal Contract Tower,0,14,3,1,18,0,0,4,0,4,0,14,7,1,22,11,8,19,41
06/03/2012,CYS,WY,ANM,WE,Federal Contract Tower,4,17,6,6,33,0,0,3,0,3,4,17,9,6,36,41,11,52,88
06/04/2012,CYS,WY,ANM,WE,Federal Contract Tower,0,18,15,15,48,0,0,4,6,10,0,18,19,21,58,59,79,138,196
06/05/2012,CYS,WY,ANM,WE,Federal Contract Tower,0,13,8,4,25,0,0,11,2,13,0,13,19,6,38,30,103,133,171
06/06/2012,CYS,WY,ANM,WE,Federal Contract Tower,0,15,10,7,32,0,0,11,0,11,0,15,21,7,43,15,55,70,113
06/07/2012,CYS,WY,ANM,WE,Federal Contract Tower,0,14,21,13,48,0,0,0,4,4,0,14,21,17,52,18,131,149,201
06/08/2012,CYS,WY,ANM,WE,Federal Contract Tower,0,14,10,7,31,0,0,18,0,18,0,14,28,7,49,60,96,156,205
06/09/2012,CYS,WY,ANM,WE,Federal Contract Tower,0,11,7,3,21,0,0,2,0,2,0,11,9,3,23,72,26,98,121
06/10/2012,CYS,WY,ANM,WE,Federal Contract Tower,0,10,3,1,14,0,0,2,2,4,0,10,5,3,18,2,16,18,36
06/11/2012,CYS,WY,ANM,WE,Federal Contract Tower,0,15,13,8,36,0,0,12,3,15,0,15,25,11,51,48,63,111,162
06/12/2012,CYS,WY,ANM,WE,Federal Contract Tower,0,15,7,19,41,0,0,18,2,20,0,15,25,21,61,45,124,169,230
06/13/2012,CYS,WY,ANM,WE,Federal Contract Tower,0,17,17,9,43,0,10,17,5,32,0,27,34,14,75,34,82,116,191
06/14/2012,CYS,WY,ANM,WE,Federal Contract Tower,0,16,14,12,42,0,0,18,6,24,0,16,32,18,66,15,71,86,152
06/15/2012,CYS,WY,ANM,WE,Federal Contract Tower,0,19,5,10,34,0,0,9,3,12,0,19,14,13,46,2,87,89,135
06/16/2012,CYS,WY,ANM,WE,Federal Contract Tower,0,12,19,0,31,0,0,12,2,14,0,12,31,2,45,72,79,151,196
06/17/2012,CYS,WY,ANM,WE,Federal Contract Tower,0,12,9,2,23,0,0,6,20,26,0,12,15,22,49,15,16,31,80
06/18/2012,CYS,WY,ANM,WE,Federal Contract Tower,0,17,6,8,31,0,0,14,10,24,0,17,20,18,55,28,31,59,114
06/19/2012,CYS,WY,ANM,WE,Federal Contract Tower,0,14,9,9,32,0,0,4,6,10,0,14,13,15,42,45,88,133,175
06/20/2012,CYS,WY,ANM,WE,Federal Contract Tower,0,13,28,16,57,0,0,17,0,17,0,13,45,16,74,27,82,109,183
06/21/2012,CYS,WY,ANM,WE,Federal Contract Tower,0,17,23,9,49,0,6,9,1,16,0,23,32,10,65,47,121,168,233
06/22/2012,CYS,WY,ANM,WE,Federal Contract Tower,0,12,19,3,34,0,2,3,6,11,0,14,22,9,45,81,87,168,213
06/23/2012,CYS,WY,ANM,WE,Federal Contract Tower,0,11,6,0,17,0,8,18,2,28,0,19,24,2,45,50,37,87,132
06/24/2012,CYS,WY,ANM,WE,Federal Contract Tower,2,12,6,3,23,0,0,22,4,26,2,12,28,7,49,26,21,47,96
06/25/2012,CYS,WY,ANM,WE,Federal Contract Tower,0,14,9,13,36,0,0,9,4,13,0,14,18,17,49,19,138,157,206
06/26/2012,CYS,WY,ANM,WE,Federal Contract Tower,0,17,10,4,31,0,0,8,2,10,0,17,18,6,41,23,13,36,77
06/27/2012,CYS,WY,ANM,WE,Federal Contract Tower,0,21,7,3,31,0,3,9,0,12,0,24,16,3,43,25,40,65,108
06/28/2012,CYS,WY,ANM,WE,Federal Contract Tower,2,13,12,6,33,0,0,0,0,0,2,13,12,6,33,52,123,175,208
06/29/2012,CYS,WY,ANM,WE,Federal Contract Tower,4,13,11,5,33,0,0,10,0,10,4,13,21,5,43,32,59,91,134
06/30/2012,CYS,WY,ANM,WE,Federal Contract Tower,0,10,11,0,21,0,0,13,0,13,0,10,24,0,34,47,29,76,110
07/01/2012,CYS,WY,ANM,WE,Federal Contract Tower,2,10,9,3,24,0,0,8,2,10,2,10,17,5,34,36,3,39,73
07/02/2012,CYS,WY,ANM,WE,Federal Contract Tower,0,14,17,0,31,0,0,8,0,8,0,14,25,0,39,41,57,98,137
07/03/2012,CYS,WY,ANM,WE,Federal Contract Tower,0,14,13,9,36,0,0,2,4,6,0,14,15,13,42,69,36,105,147
07/04/2012,CYS,WY,ANM,WE,Federal Contract Tower,0,16,7,1,24,0,4,3,0,7,0,20,10,1,31,17,43,60,91
07/05/2012,CYS,WY,ANM,WE,Federal Contract Tower,0,15,8,7,30,0,0,6,0,6,0,15,14,7,36,57,42,99,135
07/06/2012,CYS,WY,ANM,WE,Federal Contract Tower,0,12,12,6,30,0,0,4,0,4,0,12,16,6,34,19,64,83,117
07/07/2012,CYS,WY,ANM,WE,Federal Contract Tower,0,10,9,1,20,0,0,2,0,2,0,10,11,1,22,19,2,21,43
07/08/2012,CYS,WY,ANM,WE,Federal Contract Tower,0,8,9,1,18,0,0,4,0,4,0,8,13,1,22,25,4,29,51
07/09/2012,CYS,WY,ANM,WE,Federal Contract Tower,0,16,25,11,52,0,0,10,2,12,0,16,35,13,64,38,42,80,144
07/10/2012,CYS,WY,ANM,WE,Federal Contract Tower,0,15,12,11,38,0,0,18,5,23,0,15,30,16,61,63,81,144,205
07/11/2012,CYS,WY,ANM,WE,Federal Contract Tower,0,17,17,16,50,0,0,13,0,13,0,17,30,16,63,36,168,204,267
07/12/2012,CYS,WY,ANM,WE,Federal Contract Tower,0,12,16,9,37,0,0,9,4,13,0,12,25,13,50,78,31,109,159
07/13/2012,CYS,WY,ANM,WE,Federal Contract Tower,0,11,20,6,37,0,0,25,2,27,0,11,45,8,64,38,78,116,180
07/14/2012,CYS,WY,ANM,WE,Federal Contract Tower,0,11,5,2,18,0,0,31,0,31,0,11,36,2,49,77,5,82,131
07/15/2012,CYS,WY,ANM,WE,Federal Contract Tower,0,12,10,0,22,0,0,12,0,12,0,12,22,0,34,84,0,84,118
07/16/2012,CYS,WY,ANM,WE,Federal Contract Tower,0,6,9,14,29,0,0,24,0,24,0,6,33,14,53,25,46,71,124
07/17/2012,CYS,WY,ANM,WE,Federal Contract Tower,0,16,14,13,43,0,0,12,6,18,0,16,26,19,61,26,94,120,181
07/18/2012,CYS,WY,ANM,WE,Federal Contract Tower,0,16,24,11,51,0,0,17,2,19,0,16,41,13,70,54,87,141,211
07/19/2012,CYS,WY,ANM,WE,Federal Contract Tower,0,17,18,9,44,0,0,22,1,23,0,17,40,10,67,43,120,163,230
07/20/2012,CYS,WY,ANM,WE,Federal Contract Tower,0,16,18,17,51,0,0,4,2,6,0,16,22,19,57,12,55,67,124
07/21/2012,CYS,WY,ANM,WE,Federal Contract Tower,0,13,21,2,36,0,2,22,0,24,0,15,43,2,60,62,7,69,129
07/22/2012,CYS,WY,ANM,WE,Federal Contract Tower,0,12,9,1,22,0,0,5,1,6,0,12,14,2,28,45,5,50,78
07/23/2012,CYS,WY,ANM,WE,Federal Contract Tower,0,14,15,10,39,0,0,26,2,28,0,14,41,12,67,82,89,171,238
07/24/2012,CYS,WY,ANM,WE,Federal Contract Tower,0,19,27,4,50,0,0,4,3,7,0,19,31,7,57,26,79,105,162
07/25/2012,CYS,WY,ANM,WE,Federal Contract Tower,0,14,12,5,31,0,0,36,1,37,0,14,48,6,68,38,61,99,167
07/26/2012,CYS,WY,ANM,WE,Federal Contract Tower,0,14,11,9,34,0,0,12,0,12,0,14,23,9,46,65,65,130,176
07/27/2012,CYS,WY,ANM,WE,Federal Contract Tower,0,15,13,5,33,0,0,0,0,0,0,15,13,5,33,46,40,86,119
07/28/2012,CYS,WY,ANM,WE,Federal Contract Tower,0,13,14,0,27,0,0,16,0,16,0,13,30,0,43,39,1,40,83
07/29/2012,CYS,WY,ANM,WE,Federal Contract Tower,0,14,14,2,30,0,0,11,0,11,0,14,25,2,41,42,0,42,83
07/30/2012,CYS,WY,ANM,WE,Federal Contract Tower,0,14,15,12,41,0,0,0,0,0,0,14,15,12,41,57,88,145,186
07/31/2012,CYS,WY,ANM,WE,Federal Contract Tower,0,14,20,7,41,0,0,0,0,0,0,14,20,7,41,74,84,158,199
08/01/2012,CYS,WY,ANM,WE,Federal Contract Tower,0,14,11,16,41,0,0,2,0,2,0,14,13,16,43,34,68,102,145
08/02/2012,CYS,WY,ANM,WE,Federal Contract Tower,0,14,17,18,49,0,0,0,6,6,0,14,17,24,55,81,81,162,217
08/03/2012,CYS,WY,ANM,WE,Federal Contract Tower,0,17,17,18,52,0,0,0,0,0,0,17,17,18,52,27,187,214,266
08/04/2012,CYS,WY,ANM,WE,Federal Contract Tower,0,12,11,8,31,0,0,13,6,19,0,12,24,14,50,27,8,35,85
08/05/2012,CYS,WY,ANM,WE,Federal Contract Tower,0,9,9,2,20,0,4,0,0,4,0,13,9,2,24,60,19,79,103
08/06/2012,CYS,WY,ANM,WE,Federal Contract Tower,0,12,15,19,46,0,0,10,0,10,0,12,25,19,56,49,57,106,162
08/07/2012,CYS,WY,ANM,WE,Federal Contract Tower,0,13,21,11,45,0,0,5,2,7,0,13,26,13,52,58,195,253,305
08/08/2012,CYS,WY,ANM,WE,Federal Contract Tower,0,15,19,26,60,0,0,4,2,6,0,15,23,28,66,90,115,205,271
08/09/2012,CYS,WY,ANM,WE,Federal Contract Tower,0,20,10,21,51,0,0,7,0,7,0,20,17,21,58,35,56,91,149
08/10/2012,CYS,WY,ANM,WE,Federal Contract Tower,0,14,16,7,37,0,0,7,0,7,0,14,23,7,44,26,33,59,103
08/11/2012,CYS,WY,ANM,WE,Federal Contract Tower,0,12,1,3,16,0,0,24,0,24,0,12,25,3,40,24,9,33,73
08/12/2012,CYS,WY,ANM,WE,Federal Contract Tower,0,10,12,1,23,0,0,14,0,14,0,10,26,1,37,34,0,34,71
08/13/2012,CYS,WY,ANM,WE,Federal Contract Tower,0,14,6,18,38,0,0,0,0,0,0,14,6,18,38,42,91,133,171
08/14/2012,CYS,WY,ANM,WE,Federal Contract Tower,0,15,8,7,30,0,0,0,0,0,0,15,8,7,30,29,42,71,101
08/15/2012,CYS,WY,ANM,WE,Federal Contract Tower,0,15,9,0,24,0,0,2,0,2,0,15,11,0,26,30,58,88,114
08/16/2012,CYS,WY,ANM,WE,Federal Contract Tower,0,16,32,7,55,0,0,5,0,5,0,16,37,7,60,21,96,117,177
08/17/2012,CYS,WY,ANM,WE,Federal Contract Tower,0,16,12,6,34,0,0,7,0,7,0,16,19,6,41,47,73,120,161
08/18/2012,CYS,WY,ANM,WE,Federal Contract Tower,0,10,7,3,20,0,0,5,0,5,0,10,12,3,25,76,23,99,124
08/19/2012,CYS,WY,ANM,WE,Federal Contract Tower,0,9,4,5,18,0,0,12,4,16,0,9,16,9,34,33,21,54,88
08/20/2012,CYS,WY,ANM,WE,Federal Contract Tower,0,15,15,3,33,0,0,5,2,7,0,15,20,5,40,67,57,124,164
08/21/2012,CYS,WY,ANM,WE,Federal Contract Tower,0,14,16,8,38,0,0,0,0,0,0,14,16,8,38,83,61,144,182
08/22/2012,CYS,WY,ANM,WE,Federal Contract Tower,0,16,12,14,42,0,0,3,0,3,0,16,15,14,45,30,67,97,142
08/23/2012,CYS,WY,ANM,WE,Federal Contract Tower,0,15,23,3,41,0,0,11,0,11,0,15,34,3,52,55,71,126,178
08/24/2012,CYS,WY,ANM,WE,Federal Contract Tower,0,15,21,8,44,0,0,6,0,6,0,15,27,8,50,17,23,40,90
08/25/2012,CYS,WY,ANM,WE,Federal Contract Tower,0,10,9,4,23,0,0,14,0,14,0,10,23,4,37,78,0,78,115
08/26/2012,CYS,WY,ANM,WE,Federal Contract Tower,0,11,9,1,21,0,0,8,0,8,0,11,17,1,29,29,1,30,59
08/27/2012,CYS,WY,ANM,WE,Federal Contract Tower,0,16,15,14,45,0,0,4,0,4,0,16,19,14,49,59,61,120,169
08/28/2012,CYS,WY,ANM,WE,Federal Contract Tower,2,16,14,10,42,0,0,10,0,10,2,16,24,10,52,47,70,117,169
08/29/2012,CYS,WY,ANM,WE,Federal Contract Tower,2,16,19,2,39,0,0,6,0,6,2,16,25,2,45,65,50,115,160
08/30/2012,CYS,WY,ANM,WE,Federal Contract Tower,0,16,16,28,60,0,0,4,0,4,0,16,20,28,64,37,40,77,141
08/31/2012,CYS,WY,ANM,WE,Federal Contract Tower,0,15,13,6,34,0,0,0,0,0,0,15,13,6,34,41,20,61,95
09/01/2012,CYS,WY,ANM,WE,Federal Contract Tower,0,10,6,1,17,0,0,0,0,0,0,10,6,1,17,48,5,53,70
09/02/2012,CYS,WY,ANM,WE,Federal Contract Tower,0,12,10,0,22,0,0,5,0,5,0,12,15,0,27,28,14,42,69
09/03/2012,CYS,WY,ANM,WE,Federal Contract Tower,0,9,10,1,20,0,0,5,0,5,0,9,15,1,25,39,4,43,68
09/04/2012,CYS,WY,ANM,WE,Federal Contract Tower,0,10,8,7,25,0,0,12,0,12,0,10,20,7,37,39,94,133,170
09/05/2012,CYS,WY,ANM,WE,Federal Contract Tower,0,10,6,4,20,0,2,7,0,9,0,12,13,4,29,65,64,129,158
09/06/2012,CYS,WY,ANM,WE,Federal Contract Tower,0,15,21,13,49,0,0,0,1,1,0,15,21,14,50,56,44,100,150
09/07/2012,CYS,WY,ANM,WE,Federal Contract Tower,2,14,18,16,50,0,0,12,10,22,2,14,30,26,72,79,79,158,230
09/08/2012,CYS,WY,ANM,WE,Federal Contract Tower,0,10,8,0,18,0,0,18,0,18,0,10,26,0,36,58,0,58,94
09/09/2012,CYS,WY,ANM,WE,Federal Contract Tower,0,11,17,1,29,0,0,8,0,8,0,11,25,1,37,48,13,61,98
09/10/2012,CYS,WY,ANM,WE,Federal Contract Tower,0,13,9,10,32,0,0,4,4,8,0,13,13,14,40,19,139,158,198
09/11/2012,CYS,WY,ANM,WE,Federal Contract Tower,0,13,10,6,29,0,0,4,6,10,0,13,14,12,39,8,24,32,71
09/12/2012,CYS,WY,ANM,WE,Federal Contract Tower,0,15,15,17,47,0,0,0,1,1,0,15,15,18,48,0,51,51,99
09/13/2012,CYS,WY,ANM,WE,Federal Contract Tower,0,12,23,15,50,0,0,6,3,9,0,12,29,18,59,75,170,245,304
09/14/2012,CYS,WY,ANM,WE,Federal Contract Tower,0,22,11,7,40,0,1,6,2,9,0,23,17,9,49,81,74,155,204
09/15/2012,CYS,WY,ANM,WE,Federal Contract Tower,0,9,6,3,18,0,0,11,0,11,0,9,17,3,29,69,60,129,158
09/16/2012,CYS,WY,ANM,WE,Federal Contract Tower,0,10,3,0,13,0,0,0,0,0,0,10,3,0,13,38,30,68,81
09/17/2012,CYS,WY,ANM,WE,Federal Contract Tower,0,15,7,17,39,0,0,6,16,22,0,15,13,33,61,52,100,152,213
09/18/2012,CYS,WY,ANM,WE,Federal Contract Tower,0,16,11,14,41,0,0,21,2,23,0,16,32,16,64,27,105,132,196
09/19/2012,CYS,WY,ANM,WE,Federal Contract Tower,0,14,14,8,36,0,0,8,8,16,0,14,22,16,52,28,105,133,185
09/20/2012,CYS,WY,ANM,WE,Federal Contract Tower,0,13,15,9,37,0,0,18,0,18,0,13,33,9,55,61,118,179,234
09/21/2012,CYS,WY,ANM,WE,Federal Contract Tower,0,15,16,5,36,0,0,6,0,6,0,15,22,5,42,98,54,152,194
09/22/2012,CYS,WY,ANM,WE,Federal Contract Tower,0,8,17,1,26,0,0,6,0,6,0,8,23,1,32,81,2,83,115
09/23/2012,CYS,WY,ANM,WE,Federal Contract Tower,0,9,10,0,19,0,0,8,0,8,0,9,18,0,27,46,0,46,73
09/24/2012,CYS,WY,ANM,WE,Federal Contract Tower,0,14,12,6,32,0,0,8,0,8,0,14,20,6,40,40,166,206,246
09/25/2012,CYS,WY,ANM,WE,Federal Contract Tower,0,14,13,9,36,0,0,11,4,15,0,14,24,13,51,52,87,139,190
09/26/2012,CYS,WY,ANM,WE,Federal Contract Tower,0,14,22,14,50,0,0,7,2,9,0,14,29,16,59,29,221,250,309
09/27/2012,CYS,WY,ANM,WE,Federal Contract Tower,0,15,20,12,47,0,0,3,1,4,0,15,23,13,51,12,31,43,94
09/28/2012,CYS,WY,ANM,WE,Federal Contract Tower,0,17,5,12,34,0,0,3,2,5,0,17,8,14,39,37,57,94,133
09/29/2012,CYS,WY,ANM,WE,Federal Contract Tower,0,12,7,1,20,0,0,2,0,2,0,12,9,1,22,66,1,67,89
09/30/2012,CYS,WY,ANM,WE,Federal Contract Tower,0,9,17,2,28,0,0,11,0,11,0,9,28,2,39,24,0,24,63
10/01/2012,CYS,WY,ANM,WE,Federal Contract Tower,0,12,12,10,34,0,0,12,8,20,0,12,24,18,54,31,46,77,131
10/02/2012,CYS,WY,ANM,WE,Federal Contract Tower,0,16,11,7,34,0,0,22,18,40,0,16,33,25,74,25,78,103,177
10/03/2012,CYS,WY,ANM,WE,Federal Contract Tower,0,6,18,2,26,0,0,4,0,4,0,6,22,2,30,28,5,33,63
10/04/2012,CYS,WY,ANM,WE,Federal Contract Tower,0,17,8,14,39,0,0,0,0,0,0,17,8,14,39,61,65,126,165
10/05/2012,CYS,WY,ANM,WE,Federal Contract Tower,0,12,8,2,22,0,0,0,0,0,0,12,8,2,22,0,13,13,35
10/06/2012,CYS,WY,ANM,WE,Federal Contract Tower,0,8,2,0,10,0,0,2,0,2,0,8,4,0,12,5,0,5,17
10/07/2012,CYS,WY,ANM,WE,Federal Contract Tower,0,9,10,0,19,0,0,3,1,4,0,9,13,1,23,16,18,34,57
10/08/2012,CYS,WY,ANM,WE,Federal Contract Tower,0,13,6,0,19,0,0,13,0,13,0,13,19,0,32,33,0,33,65
10/09/2012,CYS,WY,ANM,WE,Federal Contract Tower,0,15,8,14,37,0,0,1,7,8,0,15,9,21,45,22,49,71,116
10/10/2012,CYS,WY,ANM,WE,Federal Contract Tower,0,12,16,19,47,0,0,2,2,4,0,12,18,21,51,67,68,135,186
10/11/2012,CYS,WY,ANM,WE,Federal Contract Tower,0,14,17,8,39,0,0,9,4,13,0,14,26,12,52,25,69,94,146
10/12/2012,CYS,WY,ANM,WE,Federal Contract Tower,0,25,10,13,48,0,0,1,2,3,0,25,11,15,51,12,117,129,180
10/13/2012,CYS,WY,ANM,WE,Federal Contract Tower,0,12,2,9,23,0,0,2,0,2,0,12,4,9,25,3,23,26,51
10/14/2012,CYS,WY,ANM,WE,Federal Contract Tower,0,14,14,2,30,0,0,2,2,4,0,14,16,4,34,33,8,41,75
10/15/2012,CYS,WY,ANM,WE,Federal Contract Tower,0,14,9,10,33,0,0,19,0,19,0,14,28,10,52,27,71,98,150
10/16/2012,CYS,WY,ANM,WE,Federal Contract Tower,0,11,12,10,33,0,0,2,0,2,0,11,14,10,35,14,147,161,196
10/17/2012,CYS,WY,ANM,WE,Federal Contract Tower,0,14,19,8,41,0,0,0,0,0,0,14,19,8,41,0,9,9,50
10/18/2012,CYS,WY,ANM,WE,Federal Contract Tower,0,10,16,8,34,0,0,4,0,4,0,10,20,8,38,7,22,29,67
10/19/2012,CYS,WY,ANM,WE,Federal Contract Tower,0,10,18,2,30,0,0,0,0,0,0,10,18,2,30,24,41,65,95
10/20/2012,CYS,WY,ANM,WE,Federal Contract Tower,0,8,4,1,13,0,0,6,0,6,0,8,10,1,19,27,0,27,46
10/21/2012,CYS,WY,ANM,WE,Federal Contract Tower,0,7,6,1,14,0,0,7,0,7,0,7,13,1,21,38,2,40,61
10/22/2012,CYS,WY,ANM,WE,Federal Contract Tower,2,13,17,11,43,0,0,2,0,2,2,13,19,11,45,70,80,150,195
10/23/2012,CYS,WY,ANM,WE,Federal Contract Tower,0,11,12,3,26,0,0,4,0,4,0,11,16,3,30,55,62,117,147
10/24/2012,CYS,WY,ANM,WE,Federal Contract Tower,0,11,20,5,36,0,0,1,0,1,0,11,21,5,37,12,35,47,84
10/25/2012,CYS,WY,ANM,WE,Federal Contract Tower,0,12,11,6,29,0,0,2,0,2,0,12,13,6,31,3,67,70,101
10/26/2012,CYS,WY,ANM,WE,Federal Contract Tower,0,22,5,8,35,0,0,3,0,3,0,22,8,8,38,5,39,44,82
10/27/2012,CYS,WY,ANM,WE,Federal Contract Tower,0,8,7,1,16,0,0,3,0,3,0,8,10,1,19,23,0,23,42
10/28/2012,CYS,WY,ANM,WE,Federal Contract Tower,0,9,4,3,16,0,0,8,0,8,0,9,12,3,24,49,3,52,76
10/29/2012,CYS,WY,ANM,WE,Federal Contract Tower,0,11,19,10,40,0,0,4,2,6,0,11,23,12,46,23,65,88,134
10/30/2012,CYS,WY,ANM,WE,Federal Contract Tower,0,12,7,16,35,0,0,2,0,2,0,12,9,16,37,30,155,185,222
10/31/2012,CYS,WY,ANM,WE,Federal Contract Tower,0,7,8,10,25,0,0,3,1,4,0,7,11,11,29,54,63,117,146
11/01/2012,CYS,WY,ANM,WE,Federal Contract Tower,0,12,7,17,36,0,0,12,0,12,0,12,19,17,48,21,168,189,237
11/02/2012,CYS,WY,ANM,WE,Federal Contract Tower,0,16,11,2,29,0,2,2,2,6,0,18,13,4,35,83,118,201,236
11/03/2012,CYS,WY,ANM,WE,Federal Contract Tower,0,8,11,1,20,0,0,0,0,0,0,8,11,1,20,55,35,90,110
11/04/2012,CYS,WY,ANM,WE,Federal Contract Tower,0,9,7,8,24,0,0,5,0,5,0,9,12,8,29,7,29,36,65
11/05/2012,CYS,WY,ANM,WE,Federal Contract Tower,2,12,8,17,39,0,0,2,0,2,2,12,10,17,41,49,132,181,222
11/06/2012,CYS,WY,ANM,WE,Federal Contract Tower,0,14,21,13,48,0,2,2,9,13,0,16,23,22,61,40,82,122,183
11/07/2012,CYS,WY,ANM,WE,Federal Contract Tower,0,14,18,19,51,0,0,2,0,2,0,14,20,19,53,71,87,158,211
11/08/2012,CYS,WY,ANM,WE,Federal Contract Tower,0,18,22,9,49,0,0,14,0,14,0,18,36,9,63,52,65,117,180
11/09/2012,CYS,WY,ANM,WE,Federal Contract Tower,0,15,9,7,31,0,0,10,0,10,0,15,19,7,41,72,56,128,169
11/10/2012,CYS,WY,ANM,WE,Federal Contract Tower,0,9,2,0,11,0,0,0,0,0,0,9,2,0,11,4,0,4,15
11/11/2012,CYS,WY,ANM,WE,Federal Contract Tower,0,10,7,0,17,0,1,0,0,1,0,11,7,0,18,15,19,34,52
11/12/2012,CYS,WY,ANM,WE,Federal Contract Tower,0,15,8,1,24,0,0,7,0,7,0,15,15,1,31,36,14,50,81
11/13/2012,CYS,WY,ANM,WE,Federal Contract Tower,0,14,10,12,36,0,0,4,0,4,0,14,14,12,40,33,57,90,130
11/14/2012,CYS,WY,ANM,WE,Federal Contract Tower,0,16,18,12,46,0,0,0,0,0,0,16,18,12,46,60,73,133,179
11/15/2012,CYS,WY,ANM,WE,Federal Contract Tower,0,14,18,8,40,0,0,3,0,3,0,14,21,8,43,83,117,200,243
11/16/2012,CYS,WY,ANM,WE,Federal Contract Tower,0,27,7,1,35,0,0,2,0,2,0,27,9,1,37,69,6,75,112
11/17/2012,CYS,WY,ANM,WE,Federal Contract Tower,0,8,9,2,19,0,0,1,0,1,0,8,10,2,20,82,34,116,136
11/18/2012,CYS,WY,ANM,WE,Federal Contract Tower,0,9,9,1,19,0,0,0,0,0,0,9,9,1,19,53,42,95,114
11/19/2012,CYS,WY,ANM,WE,Federal Contract Tower,0,16,24,16,56,0,0,2,0,2,0,16,26,16,58,84,70,154,212
11/20/2012,CYS,WY,ANM,WE,Federal Contract Tower,0,12,19,15,46,0,0,0,2,2,0,12,19,17,48,67,100,167,215
11/21/2012,CYS,WY,ANM,WE,Federal Contract Tower,0,12,13,5,30,0,0,20,0,20,0,12,33,5,50,66,70,136,186
11/22/2012,CYS,WY,ANM,WE,Federal Contract Tower,0,12,1,0,13,0,0,0,0,0,0,12,1,0,13,13,0,13,26
11/23/2012,CYS,WY,ANM,WE,Federal Contract Tower,0,16,8,0,24,0,0,6,0,6,0,16,14,0,30,28,0,28,58
11/24/2012,CYS,WY,ANM,WE,Federal Contract Tower,0,8,0,0,8,0,0,5,0,5,0,8,5,0,13,2,2,4,17
11/25/2012,CYS,WY,ANM,WE,Federal Contract Tower,0,10,9,1,20,0,0,0,0,0,0,10,9,1,20,26,1,27,47
11/26/2012,CYS,WY,ANM,WE,Federal Contract Tower,0,16,8,13,37,0,0,2,4,6,0,16,10,17,43,6,44,50,93
11/27/2012,CYS,WY,ANM,WE,Federal Contract Tower,0,15,7,12,34,0,0,0,0,0,0,15,7,12,34,13,106,119,153
11/28/2012,CYS,WY,ANM,WE,Federal Contract Tower,0,18,15,19,52,0,0,4,0,4,0,18,19,19,56,67,161,228,284
11/29/2012,CYS,WY,ANM,WE,Federal Contract Tower,0,14,14,17,45,0,0,2,2,4,0,14,16,19,49,24,107,131,180
11/30/2012,CYS,WY,ANM,WE,Federal Contract Tower,0,16,15,16,47,0,0,6,0,6,0,16,21,16,53,68,143,211,264
12/01/2012,CYS,WY,ANM,WE,Federal Contract Tower,2,4,3,2,11,0,0,5,0,5,2,4,8,2,16,40,3,43,59
12/02/2012,CYS,WY,ANM,WE,Federal Contract Tower,0,8,9,1,18,0,0,5,0,5,0,8,14,1,23,71,12,83,106
12/03/2012,CYS,WY,ANM,WE,Federal Contract Tower,0,15,5,9,29,0,0,0,2,2,0,15,5,11,31,38,68,106,137
12/04/2012,CYS,WY,ANM,WE,Federal Contract Tower,0,16,18,6,40,0,0,4,6,10,0,16,22,12,50,18,42,60,110
12/05/2012,CYS,WY,ANM,WE,Federal Contract Tower,0,14,24,15,53,0,0,2,2,4,0,14,26,17,57,30,147,177,234
12/06/2012,CYS,WY,ANM,WE,Federal Contract Tower,0,16,7,13,36,0,0,0,2,2,0,16,7,15,38,7,105,112,150
12/07/2012,CYS,WY,ANM,WE,Federal Contract Tower,0,14,10,8,32,0,0,0,0,0,0,14,10,8,32,8,119,127,159
12/08/2012,CYS,WY,ANM,WE,Federal Contract Tower,0,6,2,4,12,0,0,0,0,0,0,6,2,4,12,10,0,10,22
12/09/2012,CYS,WY,ANM,WE,Federal Contract Tower,0,7,10,2,19,0,0,0,0,0,0,7,10,2,19,0,6,6,25
12/10/2012,CYS,WY,ANM,WE,Federal Contract Tower,0,17,9,23,49,0,2,4,8,14,0,19,13,31,63,6,74,80,143
12/11/2012,CYS,WY,ANM,WE,Federal Contract Tower,0,14,13,13,40,0,0,2,0,2,0,14,15,13,42,20,108,128,170
12/12/2012,CYS,WY,ANM,WE,Federal Contract Tower,0,17,14,19,50,0,0,4,0,4,0,17,18,19,54,35,113,148,202
12/13/2012,CYS,WY,ANM,WE,Federal Contract Tower,0,15,10,18,43,0,0,8,0,8,0,15,18,18,51,61,85,146,197
12/14/2012,CYS,WY,ANM,WE,Federal Contract Tower,0,18,14,9,41,0,0,1,2,3,0,18,15,11,44,73,120,193,237
12/15/2012,CYS,WY,ANM,WE,Federal Contract Tower,0,4,12,0,16,0,0,0,0,0,0,4,12,0,16,88,0,88,104
12/16/2012,CYS,WY,ANM,WE,Federal Contract Tower,0,8,1,4,13,0,0,8,0,8,0,8,9,4,21,13,6,19,40
12/17/2012,CYS,WY,ANM,WE,Federal Contract Tower,0,17,15,12,44,0,0,0,0,0,0,17,15,12,44,3,36,39,83
12/18/2012,CYS,WY,ANM,WE,Federal Contract Tower,0,12,9,13,34,0,0,8,2,10,0,12,17,15,44,39,87,126,170
12/19/2012,CYS,WY,ANM,WE,Federal Contract Tower,0,8,2,0,10,0,0,2,0,2,0,8,4,0,12,0,15,15,27
12/20/2012,CYS,WY,ANM,WE,Federal Contract Tower,0,17,11,12,40,0,0,2,2,4,0,17,13,14,44,7,69,76,120
12/21/2012,CYS,WY,ANM,WE,Federal Contract Tower,0,14,13,3,30,0,0,2,0,2,0,14,15,3,32,46,44,90,122
12/22/2012,CYS,WY,ANM,WE,Federal Contract Tower,0,4,19,0,23,0,0,19,0,19,0,4,38,0,42,100,0,100,142
12/23/2012,CYS,WY,ANM,WE,Federal Contract Tower,0,7,1,0,8,0,0,0,0,0,0,7,1,0,8,3,0,3,11
12/24/2012,CYS,WY,ANM,WE,Federal Contract Tower,0,9,0,0,9,0,0,2,0,2,0,9,2,0,11,29,0,29,40
12/25/2012,CYS,WY,ANM,WE,Federal Contract Tower,0,11,0,0,11,0,0,4,0,4,0,11,4,0,15,4,0,4,19
12/26/2012,CYS,WY,ANM,WE,Federal Contract Tower,0,15,4,0,19,0,0,0,0,0,0,15,4,0,19,3,15,18,37
12/27/2012,CYS,WY,ANM,WE,Federal Contract Tower,0,13,10,2,25,0,0,0,0,0,0,13,10,2,25,5,52,57,82
12/28/2012,CYS,WY,ANM,WE,Federal Contract Tower,0,12,11,0,23,0,0,0,0,0,0,12,11,0,23,26,37,63,86
12/29/2012,CYS,WY,ANM,WE,Federal Contract Tower,0,6,7,0,13,0,0,16,0,16,0,6,23,0,29,63,0,63,92
12/30/2012,CYS,WY,ANM,WE,Federal Contract Tower,0,13,3,0,16,0,0,0,0,0,0,13,3,0,16,25,0,25,41
12/31/2012,CYS,WY,ANM,WE,Federal Contract Tower,0,14,2,2,18,0,0,2,0,2,0,14,4,2,20,16,2,18,38
01/01/2013,CYS,WY,ANM,WE,Federal Contract Tower,0,14,6,0,20,0,0,2,0,2,0,14,8,0,22,11,0,11,33
01/02/2013,CYS,WY,ANM,WE,Federal Contract Tower,0,13,12,10,35,0,0,2,0,2,0,13,14,10,37,30,80,110,147
01/03/2013,CYS,WY,ANM,WE,Federal Contract Tower,0,13,5,3,21,0,0,2,0,2,0,13,7,3,23,26,24,50,73
01/04/2013,CYS,WY,ANM,WE,Federal Contract Tower,0,16,19,4,39,0,0,4,8,12,0,16,23,12,51,108,51,159,210
01/05/2013,CYS,WY,ANM,WE,Federal Contract Tower,0,4,2,2,8,0,0,2,0,2,0,4,4,2,10,76,0,76,86
01/06/2013,CYS,WY,ANM,WE,Federal Contract Tower,0,8,4,4,16,0,0,0,0,0,0,8,4,4,16,50,0,50,66
01/07/2013,CYS,WY,ANM,WE,Federal Contract Tower,0,18,5,14,37,0,0,2,6,8,0,18,7,20,45,32,105,137,182
01/08/2013,CYS,WY,ANM,WE,Federal Contract Tower,0,13,12,15,40,0,0,4,40,44,0,13,16,55,84,8,88,96,180
01/09/2013,CYS,WY,ANM,WE,Federal Contract Tower,0,15,10,16,41,0,0,2,24,26,0,15,12,40,67,9,95,104,171
01/10/2013,CYS,WY,ANM,WE,Federal Contract Tower,0,15,31,18,64,0,0,2,8,10,0,15,33,26,74,90,110,200,274
01/11/2013,CYS,WY,ANM,WE,Federal Contract Tower,0,9,4,0,13,0,0,0,0,0,0,9,4,0,13,1,2,3,16
01/12/2013,CYS,WY,ANM,WE,Federal Contract Tower,0,8,3,7,18,0,0,0,0,0,0,8,3,7,18,23,50,73,91
01/13/2013,CYS,WY,ANM,WE,Federal Contract Tower,0,9,7,2,18,0,0,2,0,2,0,9,9,2,20,18,31,49,69
01/14/2013,CYS,WY,ANM,WE,Federal Contract Tower,0,13,13,18,44,0,0,4,6,10,0,13,17,24,54,12,31,43,97
01/15/2013,CYS,WY,ANM,WE,Federal Contract Tower,0,15,3,1,19,0,0,8,6,14,0,15,11,7,33,20,42,62,95
01/16/2013,CYS,WY,ANM,WE,Federal Contract Tower,0,16,24,18,58,0,0,10,2,12,0,16,34,20,70,41,63,104,174
01/17/2013,CYS,WY,ANM,WE,Federal Contract Tower,0,16,24,6,46,0,0,4,37,41,0,16,28,43,87,106,64,170,257
01/18/2013,CYS,WY,ANM,WE,Federal Contract Tower,0,14,14,9,37,0,0,0,0,0,0,14,14,9,37,27,42,69,106
01/19/2013,CYS,WY,ANM,WE,Federal Contract Tower,0,8,1,1,10,0,0,2,0,2,0,8,3,1,12,43,0,43,55
01/20/2013,CYS,WY,ANM,WE,Federal Contract Tower,2,8,4,1,15,0,0,2,2,4,2,8,6,3,19,9,31,40,59
01/21/2013,CYS,WY,ANM,WE,Federal Contract Tower,0,16,7,0,23,0,0,0,0,0,0,16,7,0,23,34,0,34,57
01/22/2013,CYS,WY,ANM,WE,Federal Contract Tower,0,15,12,19,46,0,0,0,16,16,0,15,12,35,62,24,152,176,238
01/23/2013,CYS,WY,ANM,WE,Federal Contract Tower,0,16,19,21,56,0,0,4,14,18,0,16,23,35,74,56,171,227,301
01/24/2013,CYS,WY,ANM,WE,Federal Contract Tower,0,13,19,7,39,0,1,2,0,3,0,14,21,7,42,41,113,154,196
01/25/2013,CYS,WY,ANM,WE,Federal Contract Tower,0,15,14,10,39,0,1,5,0,6,0,16,19,10,45,76,61,137,182
01/26/2013,CYS,WY,ANM,WE,Federal Contract Tower,0,9,8,4,21,0,0,11,0,11,0,9,19,4,32,101,0,101,133
01/27/2013,CYS,WY,ANM,WE,Federal Contract Tower,0,9,7,5,21,0,0,2,2,4,0,9,9,7,25,31,2,33,58
01/28/2013,CYS,WY,ANM,WE,Federal Contract Tower,0,12,15,4,31,0,0,0,0,0,0,12,15,4,31,12,74,86,117
01/29/2013,CYS,WY,ANM,WE,Federal Contract Tower,0,16,11,5,32,0,0,0,22,22,0,16,11,27,54,2,59,61,115
01/30/2013,CYS,WY,ANM,WE,Federal Contract Tower,0,12,5,7,24,0,1,4,0,5,0,13,9,7,29,23,91,114,143
01/31/2013,CYS,WY,ANM,WE,Federal Contract Tower,0,11,17,15,43,0,0,2,0,2,0,11,19,15,45,15,103,118,163
02/01/2013,CYS,WY,ANM,WE,Federal Contract Tower,0,14,21,19,54,0,0,4,2,6,0,14,25,21,60,17,97,114,174
02/02/2013,CYS,WY,ANM,WE,Federal Contract Tower,0,3,11,0,14,0,0,0,0,0,0,3,11,0,14,55,0,55,69
02/03/2013,CYS,WY,ANM,WE,Federal Contract Tower,0,9,4,3,16,0,0,8,0,8,0,9,12,3,24,70,6,76,100
02/04/2013,CYS,WY,ANM,WE,Federal Contract Tower,0,15,12,11,38,0,0,0,2,2,0,15,12,13,40,41,121,162,202
02/05/2013,CYS,WY,ANM,WE,Federal Contract Tower,0,15,7,18,40,0,0,5,0,5,0,15,12,18,45,54,108,162,207
02/06/2013,CYS,WY,ANM,WE,Federal Contract Tower,0,12,20,9,41,0,0,7,0,7,0,12,27,9,48,8,45,53,101
02/07/2013,CYS,WY,ANM,WE,Federal Contract Tower,0,15,17,12,44,0,0,8,0,8,0,15,25,12,52,52,179,231,283
02/08/2013,CYS,WY,ANM,WE,Federal Contract Tower,0,14,11,6,31,0,0,0,0,0,0,14,11,6,31,65,151,216,247
02/09/2013,CYS,WY,ANM,WE,Federal Contract Tower,0,7,3,0,10,0,0,0,0,0,0,7,3,0,10,2,0,2,12
02/10/2013,CYS,WY,ANM,WE,Federal Contract Tower,0,9,0,0,9,0,0,0,0,0,0,9,0,0,9,0,4,4,13
02/11/2013,CYS,WY,ANM,WE,Federal Contract Tower,0,17,12,5,34,0,0,2,0,2,0,17,14,5,36,56,123,179,215
02/12/2013,CYS,WY,ANM,WE,Federal Contract Tower,0,17,8,8,33,0,0,0,0,0,0,17,8,8,33,49,91,140,173
02/13/2013,CYS,WY,ANM,WE,Federal Contract Tower,0,18,16,18,52,0,0,4,0,4,0,18,20,18,56,4,123,127,183
02/14/2013,CYS,WY,ANM,WE,Federal Contract Tower,0,13,12,8,33,0,0,0,0,0,0,13,12,8,33,2,173,175,208
02/15/2013,CYS,WY,ANM,WE,Federal Contract Tower,0,12,12,12,36,0,0,0,0,0,0,12,12,12,36,4,158,162,198
02/16/2013,CYS,WY,ANM,WE,Federal Contract Tower,0,4,6,2,12,0,0,5,0,5,0,4,11,2,17,23,0,23,40
02/17/2013,CYS,WY,ANM,WE,Federal Contract Tower,0,8,5,4,17,0,0,4,0,4,0,8,9,4,21,35,32,67,88
02/18/2013,CYS,WY,ANM,WE,Federal Contract Tower,0,14,3,0,17,0,0,2,0,2,0,14,5,0,19,23,0,23,42
02/19/2013,CYS,WY,ANM,WE,Federal Contract Tower,0,17,22,11,50,0,0,4,0,4,0,17,26,11,54,123,186,309,363
02/20/2013,CYS,WY,ANM,WE,Federal Contract Tower,0,19,19,15,53,0,0,0,0,0,0,19,19,15,53,2,17,19,72
02/21/2013,CYS,WY,ANM,WE,Federal Contract Tower,0,14,18,7,39,0,0,0,0,0,0,14,18,7,39,0,3,3,42
02/22/2013,CYS,WY,ANM,WE,Federal Contract Tower,0,16,10,8,34,0,0,8,0,8,0,16,18,8,42,10,53,63,105
02/23/2013,CYS,WY,ANM,WE,Federal Contract Tower,0,7,3,2,12,0,0,0,0,0,0,7,3,2,12,83,0,83,95
02/24/2013,CYS,WY,ANM,WE,Federal Contract Tower,0,3,0,4,7,0,0,0,0,0,0,3,0,4,7,0,0,0,7
02/25/2013,CYS,WY,ANM,WE,Federal Contract Tower,0,16,8,13,37,0,0,2,2,4,0,16,10,15,41,67,124,191,232
02/26/2013,CYS,WY,ANM,WE,Federal Contract Tower,0,14,11,12,37,0,0,0,0,0,0,14,11,12,37,0,49,49,86
02/27/2013,CYS,WY,ANM,WE,Federal Contract Tower,0,17,16,17,50,0,1,5,3,9,0,18,21,20,59,47,125,172,231
02/28/2013,CYS,WY,ANM,WE,Federal Contract Tower,0,15,21,16,52,0,0,4,0,4,0,15,25,16,56,69,30,99,155
03/01/2013,CYS,WY,ANM,WE,Federal Contract Tower,0,14,21,11,46,0,0,0,0,0,0,14,21,11,46,54,34,88,134
03/02/2013,CYS,WY,ANM,WE,Federal Contract Tower,0,6,6,3,15,0,2,0,0,2,0,8,6,3,17,48,12,60,77
03/03/2013,CYS,WY,ANM,WE,Federal Contract Tower,0,8,6,4,18,0,0,0,0,0,0,8,6,4,18,29,21,50,68
03/04/2013,CYS,WY,ANM,WE,Federal Contract Tower,0,17,9,2,28,0,0,0,0,0,0,17,9,2,28,7,0,7,35
03/05/2013,CYS,WY,ANM,WE,Federal Contract Tower,0,13,30,15,58,0,0,12,1,13,0,13,42,16,71,67,35,102,173
03/06/2013,CYS,WY,ANM,WE,Federal Contract Tower,0,18,20,8,46,0,0,6,0,6,0,18,26,8,52,72,40,112,164
03/07/2013,CYS,WY,ANM,WE,Federal Contract Tower,0,14,14,15,43,0,0,6,0,6,0,14,20,15,49,88,73,161,210
03/08/2013,CYS,WY,ANM,WE,Federal Contract Tower,0,17,6,0,23,0,0,0,0,0,0,17,6,0,23,71,1,72,95
03/09/2013,CYS,WY,ANM,WE,Federal Contract Tower,0,2,4,0,6,0,0,0,0,0,0,2,4,0,6,0,0,0,6
03/10/2013,CYS,WY,ANM,WE,Federal Contract Tower,0,5,3,0,8,0,0,0,0,0,0,5,3,0,8,10,0,10,18
03/11/2013,CYS,WY,ANM,WE,Federal Contract Tower,0,14,0,1,15,0,0,0,0,0,0,14,0,1,15,7,0,7,22
03/12/2013,CYS,WY,ANM,WE,Federal Contract Tower,0,18,18,15,51,0,0,11,12,23,0,18,29,27,74,14,139,153,227
03/13/2013,CYS,WY,ANM,WE,Federal Contract Tower,0,16,9,20,45,0,0,9,6,15,0,16,18,26,60,58,183,241,301
03/14/2013,CYS,WY,ANM,WE,Federal Contract Tower,0,18,18,10,46,0,0,6,0,6,0,18,24,10,52,47,226,273,325
03/15/2013,CYS,WY,ANM,WE,Federal Contract Tower,0,16,15,5,36,0,0,1,0,1,0,16,16,5,37,31,118,149,186
03/16/2013,CYS,WY,ANM,WE,Federal Contract Tower,0,6,6,0,12,0,0,0,0,0,0,6,6,0,12,17,45,62,74
03/17/2013,CYS,WY,ANM,WE,Federal Contract Tower,0,8,3,0,11,0,0,0,0,0,0,8,3,0,11,15,16,31,42
03/18/2013,CYS,WY,ANM,WE,Federal Contract Tower,0,21,6,12,39,0,0,0,0,0,0,21,6,12,39,7,100,107,146
03/19/2013,CYS,WY,ANM,WE,Federal Contract Tower,0,14,15,12,41,0,0,2,0,2,0,14,17,12,43,21,100,121,164
03/20/2013,CYS,WY,ANM,WE,Federal Contract Tower,0,16,15,11,42,0,0,5,0,5,0,16,20,11,47,82,115,197,244
03/21/2013,CYS,WY,ANM,WE,Federal Contract Tower,0,0,15,9,24,0,0,2,0,2,0,0,17,9,26,40,129,169,195
03/22/2013,CYS,WY,ANM,WE,Federal Contract Tower,0,13,10,3,26,0,0,4,0,4,0,13,14,3,30,44,129,173,203
03/23/2013,CYS,WY,ANM,WE,Federal Contract Tower,0,8,0,0,8,0,0,0,0,0,0,8,0,0,8,0,10,10,18
03/24/2013,CYS,WY,ANM,WE,Federal Contract Tower,0,8,4,3,15,0,0,0,0,0,0,8,4,3,15,23,18,41,56
03/25/2013,CYS,WY,ANM,WE,Federal Contract Tower,0,17,9,5,31,0,0,6,2,8,0,17,15,7,39,38,44,82,121
03/26/2013,CYS,WY,ANM,WE,Federal Contract Tower,0,18,17,15,50,0,0,0,0,0,0,18,17,15,50,101,113,214,264
03/27/2013,CYS,WY,ANM,WE,Federal Contract Tower,0,18,21,5,44,0,0,3,0,3,0,18,24,5,47,76,166,242,289
03/28/2013,CYS,WY,ANM,WE,Federal Contract Tower,0,17,12,7,36,0,0,1,0,1,0,17,13,7,37,31,82,113,150
03/29/2013,CYS,WY,ANM,WE,Federal Contract Tower,0,14,10,6,30,0,0,2,0,2,0,14,12,6,32,83,32,115,147
03/30/2013,CYS,WY,ANM,WE,Federal Contract Tower,0,7,1,0,8,0,0,0,0,0,0,7,1,0,8,53,2,55,63
03/31/2013,CYS,WY,ANM,WE,Federal Contract Tower,0,8,7,1,16,0,0,2,0,2,0,8,9,1,18,22,0,22,40
04/01/2013,CYS,WY,ANM,WE,Federal Contract Tower,0,16,20,15,51,0,0,0,0,0,0,16,20,15,51,68,81,149,200
04/02/2013,CYS,WY,ANM,WE,Federal Contract Tower,0,15,31,12,58,0,0,5,0,5,0,15,36,12,63,45,190,235,298
04/03/2013,CYS,WY,ANM,WE,Federal Contract Tower,0,15,23,15,53,0,0,6,0,6,0,15,29,15,59,95,84,179,238
04/04/2013,CYS,WY,ANM,WE,Federal Contract Tower,0,16,9,28,53,0,2,8,0,10,0,18,17,28,63,160,211,371,434
04/05/2013,CYS,WY,ANM,WE,Federal Contract Tower,0,15,6,3,24,0,0,10,0,10,0,15,16,3,34,80,53,133,167
04/06/2013,CYS,WY,ANM,WE,Federal Contract Tower,0,6,10,2,18,0,0,16,0,16,0,6,26,2,34,66,2,68,102
04/07/2013,CYS,WY,ANM,WE,Federal Contract Tower,0,8,11,0,19,0,0,0,0,0,0,8,11,0,19,13,2,15,34
04/08/2013,CYS,WY,ANM,WE,Federal Contract Tower,0,9,5,7,21,0,1,0,0,1,0,10,5,7,22,88,77,165,187
04/09/2013,CYS,WY,ANM,WE,Federal Contract Tower,0,2,0,0,2,0,0,0,0,0,0,2,0,0,2,0,0,0,2
04/10/2013,CYS,WY,ANM,WE,Federal Contract Tower,0,13,12,19,44,0,0,4,0,4,0,13,16,19,48,16,179,195,243
04/11/2013,CYS,WY,ANM,WE,Federal Contract Tower,0,14,23,16,53,0,0,9,4,13,0,14,32,20,66,55,43,98,164
04/12/2013,CYS,WY,ANM,WE,Federal Contract Tower,0,14,8,0,22,0,0,2,0,2,0,14,10,0,24,71,105,176,200
04/13/2013,CYS,WY,ANM,WE,Federal Contract Tower,0,11,9,0,20,0,0,2,0,2,0,11,11,0,22,45,17,62,84
04/14/2013,CYS,WY,ANM,WE,Federal Contract Tower,0,8,0,2,10,0,0,0,0,0,0,8,0,2,10,8,11,19,29
04/15/2013,CYS,WY,ANM,WE,Federal Contract Tower,0,7,4,2,13,0,0,0,0,0,0,7,4,2,13,0,0,0,13
04/16/2013,CYS,WY,ANM,WE,Federal Contract Tower,0,0,0,0,0,0,0,0,0,0,0,0,0,0,0,0,0,0,0
04/17/2013,CYS,WY,ANM,WE,Federal Contract Tower,0,3,4,0,7,0,0,0,0,0,0,3,4,0,7,0,0,0,7
04/18/2013,CYS,WY,ANM,WE,Federal Contract Tower,0,16,9,12,37,0,0,4,0,4,0,16,13,12,41,18,127,145,186
04/19/2013,CYS,WY,ANM,WE,Federal Contract Tower,0,15,15,5,35,0,0,4,0,4,0,15,19,5,39,45,28,73,112
04/20/2013,CYS,WY,ANM,WE,Federal Contract Tower,0,7,1,2,10,0,0,2,0,2,0,7,3,2,12,124,0,124,136
04/21/2013,CYS,WY,ANM,WE,Federal Contract Tower,0,8,11,0,19,0,0,0,0,0,0,8,11,0,19,40,2,42,61
04/22/2013,CYS,WY,ANM,WE,Federal Contract Tower,0,13,8,4,25,0,0,0,0,0,0,13,8,4,25,0,0,0,25
04/23/2013,CYS,WY,ANM,WE,Federal Contract Tower,0,13,31,12,56,0,0,0,0,0,0,13,31,12,56,78,74,152,208
04/24/2013,CYS,WY,ANM,WE,Federal Contract Tower,0,15,20,20,55,0,3,2,0,5,0,18,22,20,60,106,201,307,367
04/25/2013,CYS,WY,ANM,WE,Federal Contract Tower,0,16,28,14,58,0,0,6,0,6,0,16,34,14,64,98,210,308,372
04/26/2013,CYS,WY,ANM,WE,Federal Contract Tower,0,17,21,7,45,0,0,10,0,10,0,17,31,7,55,107,121,228,283
04/27/2013,CYS,WY,ANM,WE,Federal Contract Tower,0,8,10,0,18,0,0,0,0,0,0,8,10,0,18,54,41,95,113
04/28/2013,CYS,WY,ANM,WE,Federal Contract Tower,0,8,6,5,19,0,0,0,0,0,0,8,6,5,19,36,35,71,90
04/29/2013,CYS,WY,ANM,WE,Federal Contract Tower,0,22,12,11,45,0,0,2,0,2,0,22,14,11,47,35,85,120,167
04/30/2013,CYS,WY,ANM,WE,Federal Contract Tower,0,18,30,10,58,0,0,10,0,10,0,18,40,10,68,6,82,88,156
05/01/2013,CYS,WY,ANM,WE,Federal Contract Tower,0,13,12,0,25,0,4,0,0,4,0,17,12,0,29,0,19,19,48
05/02/2013,CYS,WY,ANM,WE,Federal Contract Tower,0,15,17,8,40,0,0,6,0,6,0,15,23,8,46,32,116,148,194
05/03/2013,CYS,WY,ANM,WE,Federal Contract Tower,0,15,8,11,34,0,4,2,0,6,0,19,10,11,40,87,168,255,295
05/04/2013,CYS,WY,ANM,WE,Federal Contract Tower,0,6,6,1,13,0,0,6,0,6,0,6,12,1,19,73,11,84,103
05/05/2013,CYS,WY,ANM,WE,Federal Contract Tower,0,8,7,10,25,0,0,12,0,12,0,8,19,10,37,31,8,39,76
05/06/2013,CYS,WY,ANM,WE,Federal Contract Tower,0,13,15,9,37,0,0,0,0,0,0,13,15,9,37,40,76,116,153
05/07/2013,CYS,WY,ANM,WE,Federal Contract Tower,0,16,8,9,33,0,0,9,12,21,0,16,17,21,54,17,135,152,206
05/08/2013,CYS,WY,ANM,WE,Federal Contract Tower,6,13,8,7,34,0,0,5,3,8,6,13,13,10,42,67,189,256,298
05/09/2013,CYS,WY,ANM,WE,Federal Contract Tower,0,14,9,11,34,0,0,8,4,12,0,14,17,15,46,69,109,178,224
05/10/2013,CYS,WY,ANM,WE,Federal Contract Tower,0,15,20,6,41,0,0,5,2,7,0,15,25,8,48,75,111,186,234
05/11/2013,CYS,WY,ANM,WE,Federal Contract Tower,0,6,10,2,18,0,0,6,0,6,0,6,16,2,24,98,17,115,139
05/12/2013,CYS,WY,ANM,WE,Federal Contract Tower,0,8,3,0,11,0,0,0,0,0,0,8,3,0,11,48,2,50,61
05/13/2013,CYS,WY,ANM,WE,Federal Contract Tower,0,15,23,14,52,0,0,4,0,4,0,15,27,14,56,61,96,157,213
05/14/2013,CYS,WY,ANM,WE,Federal Contract Tower,0,14,25,17,56,0,0,31,4,35,0,14,56,21,91,86,89,175,266
05/15/2013,CYS,WY,ANM,WE,Federal Contract Tower,2,15,21,13,51,0,0,2,0,2,2,15,23,13,53,60,69,129,182
05/16/2013,CYS,WY,ANM,WE,Federal Contract Tower,0,16,20,20,56,0,0,2,0,2,0,16,22,20,58,56,185,241,299
05/17/2013,CYS,WY,ANM,WE,Federal Contract Tower,0,16,21,4,41,0,1,10,0,11,0,17,31,4,52,86,61,147,199
05/18/2013,CYS,WY,ANM,WE,Federal Contract Tower,0,7,11,0,18,0,0,0,0,0,0,7,11,0,18,79,58,137,155
05/19/2013,CYS,WY,ANM,WE,Federal Contract Tower,0,8,14,2,24,0,0,6,0,6,0,8,20,2,30,28,55,83,113
05/20/2013,CYS,WY,ANM,WE,Federal Contract Tower,0,16,0,9,25,0,0,2,0,2,0,16,2,9,27,36,121,157,184
05/21/2013,CYS,WY,ANM,WE,Federal Contract Tower,0,11,13,9,33,0,0,2,4,6,0,11,15,13,39,29,74,103,142
05/22/2013,CYS,WY,ANM,WE,Federal Contract Tower,0,14,19,16,49,0,0,14,2,16,0,14,33,18,65,132,248,380,445
05/23/2013,CYS,WY,ANM,WE,Federal Contract Tower,0,10,15,5,30,0,0,7,1,8,0,10,22,6,38,31,32,63,101
05/24/2013,CYS,WY,ANM,WE,Federal Contract Tower,0,16,14,7,37,0,0,10,1,11,0,16,24,8,48,87,28,115,163
05/25/2013,CYS,WY,ANM,WE,Federal Contract Tower,0,7,22,0,29,0,1,16,0,17,0,8,38,0,46,158,0,158,204
05/26/2013,CYS,WY,ANM,WE,Federal Contract Tower,0,8,6,0,14,0,0,4,0,4,0,8,10,0,18,68,47,115,133
05/27/2013,CYS,WY,ANM,WE,Federal Contract Tower,0,11,5,1,17,0,0,4,0,4,0,11,9,1,21,30,0,30,51
05/28/2013,CYS,WY,ANM,WE,Federal Contract Tower,1,18,14,3,36,0,0,4,2,6,1,18,18,5,42,26,51,77,119
05/29/2013,CYS,WY,ANM,WE,Federal Contract Tower,0,16,5,12,33,0,0,1,4,5,0,16,6,16,38,30,79,109,147
05/30/2013,CYS,WY,ANM,WE,Federal Contract Tower,0,20,10,8,38,0,0,4,0,4,0,20,14,8,42,19,102,121,163
05/31/2013,CYS,WY,ANM,WE,Federal Contract Tower,8,15,5,6,34,0,0,8,2,10,8,15,13,8,44,19,112,131,175
06/01/2013,CYS,WY,ANM,WE,Federal Contract Tower,0,8,3,1,12,0,0,0,0,0,0,8,3,1,12,61,0,61,73
06/02/2013,CYS,WY,ANM,WE,Federal Contract Tower,0,11,2,5,18,0,11,13,0,24,0,22,15,5,42,34,31,65,107
06/03/2013,CYS,WY,ANM,WE,Federal Contract Tower,2,19,7,7,35,0,6,6,2,14,2,25,13,9,49,32,54,86,135
06/04/2013,CYS,WY,ANM,WE,Federal Contract Tower,0,13,22,3,38,0,0,0,0,0,0,13,22,3,38,55,46,101,139
06/05/2013,CYS,WY,ANM,WE,Federal Contract Tower,0,17,20,19,56,0,0,11,0,11,0,17,31,19,67,48,155,203,270
06/06/2013,CYS,WY,ANM,WE,Federal Contract Tower,0,15,19,21,55,0,0,11,1,12,0,15,30,22,67,91,95,186,253
06/07/2013,CYS,WY,ANM,WE,Federal Contract Tower,0,17,4,9,30,0,0,14,0,14,0,17,18,9,44,39,122,161,205
06/08/2013,CYS,WY,ANM,WE,Federal Contract Tower,0,9,4,1,14,0,0,0,0,0,0,9,4,1,14,14,0,14,28
06/09/2013,CYS,WY,ANM,WE,Federal Contract Tower,0,16,6,2,24,0,1,15,0,16,0,17,21,2,40,74,9,83,123
06/10/2013,CYS,WY,ANM,WE,Federal Contract Tower,0,17,10,8,35,0,2,9,0,11,0,19,19,8,46,43,130,173,219
06/11/2013,CYS,WY,ANM,WE,Federal Contract Tower,0,17,20,20,57,0,6,7,8,21,0,23,27,28,78,22,59,81,159
06/12/2013,CYS,WY,ANM,WE,Federal Contract Tower,0,24,20,5,49,0,15,18,0,33,0,39,38,5,82,65,67,132,214
06/13/2013,CYS,WY,ANM,WE,Federal Contract Tower,16,18,10,18,62,0,0,10,8,18,16,18,20,26,80,24,70,94,174
06/14/2013,CYS,WY,ANM,WE,Federal Contract Tower,0,19,10,11,40,0,0,21,11,32,0,19,31,22,72,65,111,176,248
06/15/2013,CYS,WY,ANM,WE,Federal Contract Tower,0,8,9,0,17,0,0,4,0,4,0,8,13,0,21,64,0,64,85
06/16/2013,CYS,WY,ANM,WE,Federal Contract Tower,0,10,10,5,25,0,0,0,0,0,0,10,10,5,25,105,10,115,140
06/17/2013,CYS,WY,ANM,WE,Federal Contract Tower,0,19,6,6,31,0,0,0,2,2,0,19,6,8,33,39,72,111,144
06/18/2013,CYS,WY,ANM,WE,Federal Contract Tower,2,23,16,5,46,0,0,8,2,10,2,23,24,7,56,35,90,125,181
06/19/2013,CYS,WY,ANM,WE,Federal Contract Tower,0,20,17,10,47,0,0,18,0,18,0,20,35,10,65,80,126,206,271
06/20/2013,CYS,WY,ANM,WE,Federal Contract Tower,0,18,19,8,45,0,0,15,5,20,0,18,34,13,65,81,205,286,351
06/21/2013,CYS,WY,ANM,WE,Federal Contract Tower,0,17,14,10,41,0,0,7,0,7,0,17,21,10,48,113,69,182,230
06/22/2013,CYS,WY,ANM,WE,Federal Contract Tower,0,11,11,0,22,0,1,12,0,13,0,12,23,0,35,52,0,52,87
06/23/2013,CYS,WY,ANM,WE,Federal Contract Tower,0,12,15,1,28,0,0,6,0,6,0,12,21,1,34,60,1,61,95
06/24/2013,CYS,WY,ANM,WE,Federal Contract Tower,0,15,15,16,46,0,0,0,0,0,0,15,15,16,46,22,127,149,195
06/25/2013,CYS,WY,ANM,WE,Federal Contract Tower,0,17,18,21,56,0,0,8,0,8,0,17,26,21,64,49,254,303,367
06/26/2013,CYS,WY,ANM,WE,Federal Contract Tower,0,15,13,17,45,0,1,17,0,18,0,16,30,17,63,90,159,249,312
06/27/2013,CYS,WY,ANM,WE,Federal Contract Tower,0,18,16,5,39,0,0,7,0,7,0,18,23,5,46,92,71,163,209
06/28/2013,CYS,WY,ANM,WE,Federal Contract Tower,4,17,11,6,38,0,0,5,0,5,4,17,16,6,43,32,44,76,119
06/29/2013,CYS,WY,ANM,WE,Federal Contract Tower,0,10,4,2,16,0,0,2,0,2,0,10,6,2,18,53,4,57,75
06/30/2013,CYS,WY,ANM,WE,Federal Contract Tower,0,10,3,0,13,0,0,10,0,10,0,10,13,0,23,36,13,49,72
07/01/2013,CYS,WY,ANM,WE,Federal Contract Tower,0,16,2,7,25,0,0,9,4,13,0,16,11,11,38,24,65,89,127
07/02/2013,CYS,WY,ANM,WE,Federal Contract Tower,0,16,11,10,37,0,0,12,2,14,0,16,23,12,51,37,128,165,216
07/03/2013,CYS,WY,ANM,WE,Federal Contract Tower,0,18,22,10,50,0,0,0,0,0,0,18,22,10,50,49,186,235,285
07/04/2013,CYS,WY,ANM,WE,Federal Contract Tower,0,14,4,0,18,0,0,0,0,0,0,14,4,0,18,58,0,58,76
07/05/2013,CYS,WY,ANM,WE,Federal Contract Tower,0,17,2,0,19,0,0,4,0,4,0,17,6,0,23,26,0,26,49
07/06/2013,CYS,WY,ANM,WE,Federal Contract Tower,0,12,6,0,18,0,2,2,0,4,0,14,8,0,22,49,0,49,71
07/07/2013,CYS,WY,ANM,WE,Federal Contract Tower,0,12,5,6,23,0,0,4,0,4,0,12,9,6,27,58,5,63,90
07/08/2013,CYS,WY,ANM,WE,Federal Contract Tower,0,20,6,11,37,0,0,0,0,0,0,20,6,11,37,32,59,91,128
07/09/2013,CYS,WY,ANM,WE,Federal Contract Tower,0,16,12,18,46,0,0,5,0,5,0,16,17,18,51,35,144,179,230
07/10/2013,CYS,WY,ANM,WE,Federal Contract Tower,0,20,14,12,46,0,0,28,0,28,0,20,42,12,74,66,215,281,355
07/11/2013,CYS,WY,ANM,WE,Federal Contract Tower,0,19,12,5,36,0,0,39,0,39,0,19,51,5,75,79,80,159,234
07/12/2013,CYS,WY,ANM,WE,Federal Contract Tower,0,17,14,17,48,0,0,4,0,4,0,17,18,17,52,51,80,131,183
07/13/2013,CYS,WY,ANM,WE,Federal Contract Tower,0,10,5,1,16,0,0,2,0,2,0,10,7,1,18,66,0,66,84
07/14/2013,CYS,WY,ANM,WE,Federal Contract Tower,0,9,15,11,35,0,0,1,0,1,0,9,16,11,36,18,18,36,72
07/15/2013,CYS,WY,ANM,WE,Federal Contract Tower,16,20,22,17,75,0,0,6,8,14,16,20,28,25,89,15,131,146,235
07/16/2013,CYS,WY,ANM,WE,Federal Contract Tower,0,16,23,6,45,0,0,32,6,38,0,16,55,12,83,69,171,240,323
07/17/2013,CYS,WY,ANM,WE,Federal Contract Tower,0,18,30,15,63,0,0,7,0,7,0,18,37,15,70,77,183,260,330
07/18/2013,CYS,WY,ANM,WE,Federal Contract Tower,0,14,28,10,52,0,0,45,0,45,0,14,73,10,97,57,132,189,286
07/19/2013,CYS,WY,ANM,WE,Federal Contract Tower,0,14,22,7,43,0,0,0,0,0,0,14,22,7,43,80,91,171,214
07/20/2013,CYS,WY,ANM,WE,Federal Contract Tower,5,8,9,7,29,0,0,2,0,2,5,8,11,7,31,80,17,97,128
07/21/2013,CYS,WY,ANM,WE,Federal Contract Tower,0,10,12,5,27,0,0,5,0,5,0,10,17,5,32,8,42,50,82
07/22/2013,CYS,WY,ANM,WE,Federal Contract Tower,0,16,11,8,35,0,0,22,0,22,0,16,33,8,57,51,96,147,204
07/23/2013,CYS,WY,ANM,WE,Federal Contract Tower,0,16,20,11,47,0,0,38,0,38,0,16,58,11,85,38,146,184,269
07/24/2013,CYS,WY,ANM,WE,Federal Contract Tower,0,18,21,6,45,0,0,24,3,27,0,18,45,9,72,7,21,28,100
07/25/2013,CYS,WY,ANM,WE,Federal Contract Tower,0,16,22,5,43,0,0,14,2,16,0,16,36,7,59,38,79,117,176
07/26/2013,CYS,WY,ANM,WE,Federal Contract Tower,0,17,21,8,46,0,0,20,0,20,0,17,41,8,66,102,87,189,255
07/27/2013,CYS,WY,ANM,WE,Federal Contract Tower,0,9,6,0,15,0,0,12,0,12,0,9,18,0,27,135,4,139,166
07/28/2013,CYS,WY,ANM,WE,Federal Contract Tower,0,12,14,2,28,0,0,1,0,1,0,12,15,2,29,15,0,15,44
07/29/2013,CYS,WY,ANM,WE,Federal Contract Tower,6,17,11,10,44,0,0,8,4,12,6,17,19,14,56,31,61,92,148
07/30/2013,CYS,WY,ANM,WE,Federal Contract Tower,0,21,17,7,45,0,0,33,0,33,0,21,50,7,78,56,120,176,254
07/31/2013,CYS,WY,ANM,WE,Federal Contract Tower,0,19,9,16,44,0,0,44,6,50,0,19,53,22,94,81,265,346,440
08/01/2013,CYS,WY,ANM,WE,Federal Contract Tower,0,21,11,14,46,0,0,10,0,10,0,21,21,14,56,42,95,137,193
08/02/2013,CYS,WY,ANM,WE,Federal Contract Tower,0,16,19,14,49,0,0,10,0,10,0,16,29,14,59,82,139,221,280
08/03/2013,CYS,WY,ANM,WE,Federal Contract Tower,15,12,13,2,42,0,0,4,0,4,15,12,17,2,46,44,10,54,100
08/04/2013,CYS,WY,ANM,WE,Federal Contract Tower,0,8,10,1,19,0,0,4,0,4,0,8,14,1,23,43,22,65,88
08/05/2013,CYS,WY,ANM,WE,Federal Contract Tower,0,15,22,12,49,0,0,2,0,2,0,15,24,12,51,37,71,108,159
08/06/2013,CYS,WY,ANM,WE,Federal Contract Tower,0,19,25,16,60,0,0,14,10,24,0,19,39,26,84,61,157,218,302
08/07/2013,CYS,WY,ANM,WE,Federal Contract Tower,0,17,10,6,33,0,0,11,0,11,0,17,21,6,44,42,147,189,233
08/08/2013,CYS,WY,ANM,WE,Federal Contract Tower,0,23,11,22,56,0,0,9,4,13,0,23,20,26,69,53,147,200,269
08/09/2013,CYS,WY,ANM,WE,Federal Contract Tower,8,17,5,5,35,0,0,5,0,5,8,17,10,5,40,43,35,78,118
08/10/2013,CYS,WY,ANM,WE,Federal Contract Tower,0,10,7,0,17,0,0,0,0,0,0,10,7,0,17,40,0,40,57
08/11/2013,CYS,WY,ANM,WE,Federal Contract Tower,0,12,10,0,22,0,0,2,0,2,0,12,12,0,24,16,3,19,43
08/12/2013,CYS,WY,ANM,WE,Federal Contract Tower,0,12,20,7,39,0,0,5,2,7,0,12,25,9,46,34,75,109,155
08/13/2013,CYS,WY,ANM,WE,Federal Contract Tower,0,17,10,4,31,0,0,0,0,0,0,17,10,4,31,26,64,90,121
08/14/2013,CYS,WY,ANM,WE,Federal Contract Tower,0,18,13,9,40,0,0,22,0,22,0,18,35,9,62,40,54,94,156
08/15/2013,CYS,WY,ANM,WE,Federal Contract Tower,0,18,22,6,46,0,0,7,0,7,0,18,29,6,53,40,58,98,151
08/16/2013,CYS,WY,ANM,WE,Federal Contract Tower,0,22,4,8,34,0,0,8,2,10,0,22,12,10,44,55,26,81,125
08/17/2013,CYS,WY,ANM,WE,Federal Contract Tower,0,0,0,0,0,0,0,0,0,0,0,0,0,0,0,64,15,79,79
08/18/2013,CYS,WY,ANM,WE,Federal Contract Tower,0,18,10,3,31,0,2,16,0,18,0,20,26,3,49,67,7,74,123
08/19/2013,CYS,WY,ANM,WE,Federal Contract Tower,0,20,17,6,43,0,0,10,0,10,0,20,27,6,53,58,73,131,184
08/20/2013,CYS,WY,ANM,WE,Federal Contract Tower,0,20,18,6,44,0,0,25,0,25,0,20,43,6,69,86,111,197,266
08/21/2013,CYS,WY,ANM,WE,Federal Contract Tower,0,20,22,10,52,0,0,5,2,7,0,20,27,12,59,43,57,100,159
08/22/2013,CYS,WY,ANM,WE,Federal Contract Tower,12,16,10,2,40,0,0,2,0,2,12,16,12,2,42,30,28,58,100
08/23/2013,CYS,WY,ANM,WE,Federal Contract Tower,0,21,5,6,32,0,0,11,0,11,0,21,16,6,43,19,55,74,117
08/24/2013,CYS,WY,ANM,WE,Federal Contract Tower,0,9,9,0,18,0,0,2,0,2,0,9,11,0,20,71,0,71,91
08/25/2013,CYS,WY,ANM,WE,Federal Contract Tower,0,11,6,0,17,0,0,6,0,6,0,11,12,0,23,73,1,74,97
08/26/2013,CYS,WY,ANM,WE,Federal Contract Tower,0,16,4,13,33,0,0,6,0,6,0,16,10,13,39,19,32,51,90
08/27/2013,CYS,WY,ANM,WE,Federal Contract Tower,0,20,25,15,60,0,0,7,13,20,0,20,32,28,80,37,82,119,199
08/28/2013,CYS,WY,ANM,WE,Federal Contract Tower,0,18,17,16,51,0,0,21,0,21,0,18,38,16,72,75,149,224,296
08/29/2013,CYS,WY,ANM,WE,Federal Contract Tower,0,15,28,9,52,0,0,16,1,17,0,15,44,10,69,74,92,166,235
08/30/2013,CYS,WY,ANM,WE,Federal Contract Tower,0,18,11,3,32,0,0,9,0,9,0,18,20,3,41,42,0,42,83
08/31/2013,CYS,WY,ANM,WE,Federal Contract Tower,0,8,5,0,13,0,0,6,0,6,0,8,11,0,19,42,3,45,64
09/01/2013,CYS,WY,ANM,WE,Federal Contract Tower,0,16,8,1,25,0,0,10,0,10,0,16,18,1,35,54,0,54,89
09/02/2013,CYS,WY,ANM,WE,Federal Contract Tower,0,15,11,0,26,0,0,2,0,2,0,15,13,0,28,74,0,74,102
09/03/2013,CYS,WY,ANM,WE,Federal Contract Tower,0,18,17,11,46,0,0,10,0,10,0,18,27,11,56,35,67,102,158
09/04/2013,CYS,WY,ANM,WE,Federal Contract Tower,0,20,14,26,60,0,0,11,2,13,0,20,25,28,73,37,186,223,296
09/05/2013,CYS,WY,ANM,WE,Federal Contract Tower,0,18,9,7,34,0,0,5,0,5,0,18,14,7,39,49,81,130,169
09/06/2013,CYS,WY,ANM,WE,Federal Contract Tower,2,20,9,3,34,0,0,8,0,8,2,20,17,3,42,14,32,46,88
09/07/2013,CYS,WY,ANM,WE,Federal Contract Tower,0,10,13,4,27,0,0,4,0,4,0,10,17,4,31,77,23,100,131
09/08/2013,CYS,WY,ANM,WE,Federal Contract Tower,0,8,16,3,27,0,0,2,10,12,0,8,18,13,39,46,1,47,86
09/09/2013,CYS,WY,ANM,WE,Federal Contract Tower,0,10,6,12,28,0,0,3,0,3,0,10,9,12,31,31,70,101,132
09/10/2013,CYS,WY,ANM,WE,Federal Contract Tower,14,24,21,13,72,0,0,0,0,0,14,24,21,13,72,4,83,87,159
09/11/2013,CYS,WY,ANM,WE,Federal Contract Tower,0,18,20,9,47,0,0,0,0,0,0,18,20,9,47,0,0,0,47
09/12/2013,CYS,WY,ANM,WE,Federal Contract Tower,0,14,10,7,31,0,0,1,0,1,0,14,11,7,32,0,33,33,65
09/13/2013,CYS,WY,ANM,WE,Federal Contract Tower,0,5,20,8,33,0,0,0,0,0,0,5,20,8,33,7,33,40,73
09/14/2013,CYS,WY,ANM,WE,Federal Contract Tower,0,6,10,2,18,0,0,7,0,7,0,6,17,2,25,40,88,128,153
09/15/2013,CYS,WY,ANM,WE,Federal Contract Tower,0,8,14,8,30,0,0,0,0,0,0,8,14,8,30,0,7,7,37
09/16/2013,CYS,WY,ANM,WE,Federal Contract Tower,0,14,15,7,36,0,0,2,0,2,0,14,17,7,38,14,77,91,129
09/17/2013,CYS,WY,ANM,WE,Federal Contract Tower,0,18,6,12,36,0,0,16,0,16,0,18,22,12,52,50,178,228,280
09/18/2013,CYS,WY,ANM,WE,Federal Contract Tower,0,18,15,4,37,0,0,16,0,16,0,18,31,4,53,47,142,189,242
09/19/2013,CYS,WY,ANM,WE,Federal Contract Tower,0,17,11,10,38,0,0,2,2,4,0,17,13,12,42,75,108,183,225
09/20/2013,CYS,WY,ANM,WE,Federal Contract Tower,0,20,5,5,30,0,0,2,2,4,0,20,7,7,34,52,104,156,190
09/21/2013,CYS,WY,ANM,WE,Federal Contract Tower,0,10,13,0,23,0,0,7,0,7,0,10,20,0,30,97,0,97,127
09/22/2013,CYS,WY,ANM,WE,Federal Contract Tower,1,11,6,0,18,0,0,0,0,0,1,11,6,0,18,43,2,45,63
09/23/2013,CYS,WY,ANM,WE,Federal Contract Tower,0,18,6,5,29,0,0,6,3,9,0,18,12,8,38,13,83,96,134
09/24/2013,CYS,WY,ANM,WE,Federal Contract Tower,0,19,28,10,57,0,0,28,20,48,0,19,56,30,105,54,146,200,305
09/25/2013,CYS,WY,ANM,WE,Federal Contract Tower,0,19,17,10,46,0,0,9,2,11,0,19,26,12,57,54,255,309,366
09/26/2013,CYS,WY,ANM,WE,Federal Contract Tower,0,18,15,16,49,0,0,1,0,1,0,18,16,16,50,33,106,139,189
09/27/2013,CYS,WY,ANM,WE,Federal Contract Tower,0,27,8,12,47,0,0,0,0,0,0,27,8,12,47,0,0,0,47
09/28/2013,CYS,WY,ANM,WE,Federal Contract Tower,0,8,11,0,19,0,0,2,0,2,0,8,13,0,21,59,19,78,99
09/29/2013,CYS,WY,ANM,WE,Federal Contract Tower,0,10,5,0,15,0,0,0,0,0,0,10,5,0,15,10,1,11,26
09/30/2013,CYS,WY,ANM,WE,Federal Contract Tower,0,15,18,7,40,0,0,8,2,10,0,15,26,9,50,28,72,100,150
10/01/2013,CYS,WY,ANM,WE,Federal Contract Tower,0,19,20,0,39,0,0,0,0,0,0,19,20,0,39,51,91,142,181
10/02/2013,CYS,WY,ANM,WE,Federal Contract Tower,0,21,18,15,54,0,0,9,4,13,0,21,27,19,67,27,106,133,200
10/03/2013,CYS,WY,ANM,WE,Federal Contract Tower,0,13,13,23,49,0,0,0,0,0,0,13,13,23,49,27,54,81,130
10/04/2013,CYS,WY,ANM,WE,Federal Contract Tower,0,5,2,2,9,0,0,0,0,0,0,5,2,2,9,0,0,0,9
10/05/2013,CYS,WY,ANM,WE,Federal Contract Tower,0,0,9,4,13,0,1,0,0,1,0,1,9,4,14,12,2,14,28
10/06/2013,CYS,WY,ANM,WE,Federal Contract Tower,0,7,8,0,15,0,0,4,0,4,0,7,12,0,19,50,0,50,69
10/07/2013,CYS,WY,ANM,WE,Federal Contract Tower,0,19,15,10,44,0,0,2,0,2,0,19,17,10,46,30,84,114,160
10/08/2013,CYS,WY,ANM,WE,Federal Contract Tower,0,21,13,3,37,0,0,4,0,4,0,21,17,3,41,36,18,54,95
10/09/2013,CYS,WY,ANM,WE,Federal Contract Tower,0,14,28,8,50,0,0,14,0,14,0,14,42,8,64,54,88,142,206
10/10/2013,CYS,WY,ANM,WE,Federal Contract Tower,0,14,22,10,46,0,0,2,2,4,0,14,24,12,50,42,208,250,300
10/11/2013,CYS,WY,ANM,WE,Federal Contract Tower,2,18,5,3,28,0,0,0,0,0,2,18,5,3,28,5,53,58,86
10/12/2013,CYS,WY,ANM,WE,Federal Contract Tower,0,14,7,4,25,0,0,4,0,4,0,14,11,4,29,57,0,57,86
10/13/2013,CYS,WY,ANM,WE,Federal Contract Tower,0,10,9,0,19,0,1,2,0,3,0,11,11,0,22,61,1,62,84
10/14/2013,CYS,WY,ANM,WE,Federal Contract Tower,0,16,7,0,23,0,0,2,0,2,0,16,9,0,25,0,0,0,25
10/15/2013,CYS,WY,ANM,WE,Federal Contract Tower,0,14,15,3,32,0,0,5,0,5,0,14,20,3,37,16,78,94,131
10/16/2013,CYS,WY,ANM,WE,Federal Contract Tower,0,14,22,13,49,0,0,28,0,28,0,14,50,13,77,58,87,145,222
10/17/2013,CYS,WY,ANM,WE,Federal Contract Tower,0,15,16,9,40,0,0,0,0,0,0,15,16,9,40,10,79,89,129
10/18/2013,CYS,WY,ANM,WE,Federal Contract Tower,0,17,5,0,22,0,2,0,0,2,0,19,5,0,24,29,60,89,113
10/19/2013,CYS,WY,ANM,WE,Federal Contract Tower,0,18,3,0,21,0,0,6,0,6,0,18,9,0,27,40,0,40,67
10/20/2013,CYS,WY,ANM,WE,Federal Contract Tower,0,10,4,0,14,0,0,0,0,0,0,10,4,0,14,6,24,30,44
10/21/2013,CYS,WY,ANM,WE,Federal Contract Tower,0,15,13,8,36,0,4,2,0,6,0,19,15,8,42,21,69,90,132
10/22/2013,CYS,WY,ANM,WE,Federal Contract Tower,0,16,13,21,50,0,1,13,0,14,0,17,26,21,64,40,174,214,278
10/23/2013,CYS,WY,ANM,WE,Federal Contract Tower,0,21,17,9,47,0,0,15,0,15,0,21,32,9,62,60,199,259,321
10/24/2013,CYS,WY,ANM,WE,Federal Contract Tower,0,30,38,12,80,0,2,3,0,5,0,32,41,12,85,26,60,86,171
10/25/2013,CYS,WY,ANM,WE,Federal Contract Tower,0,22,18,16,56,0,0,26,1,27,0,22,44,17,83,75,131,206,289
10/26/2013,CYS,WY,ANM,WE,Federal Contract Tower,0,10,10,0,20,0,0,13,0,13,0,10,23,0,33,53,0,53,86
10/27/2013,CYS,WY,ANM,WE,Federal Contract Tower,0,11,6,0,17,0,0,5,0,5,0,11,11,0,22,15,5,20,42
10/28/2013,CYS,WY,ANM,WE,Federal Contract Tower,0,2,6,0,8,0,0,0,0,0,0,2,6,0,8,0,0,0,8
10/29/2013,CYS,WY,ANM,WE,Federal Contract Tower,0,13,8,25,46,0,0,0,0,0,0,13,8,25,46,0,57,57,103
10/30/2013,CYS,WY,ANM,WE,Federal Contract Tower,4,29,10,21,64,1,0,4,0,5,5,29,14,21,69,11,191,202,271
10/31/2013,CYS,WY,ANM,WE,Federal Contract Tower,0,13,10,16,39,0,0,8,0,8,0,13,18,16,47,30,294,324,371
11/01/2013,CYS,WY,ANM,WE,Federal Contract Tower,2,18,11,12,43,0,0,8,0,8,2,18,19,12,51,6,252,258,309
11/02/2013,CYS,WY,ANM,WE,Federal Contract Tower,0,6,11,0,17,0,0,2,0,2,0,6,13,0,19,34,84,118,137
11/03/2013,CYS,WY,ANM,WE,Federal Contract Tower,0,6,7,3,16,0,0,10,0,10,0,6,17,3,26,28,25,53,79
11/04/2013,CYS,WY,ANM,WE,Federal Contract Tower,0,20,25,7,52,0,2,2,0,4,0,22,27,7,56,28,70,98,154
11/05/2013,CYS,WY,ANM,WE,Federal Contract Tower,0,17,21,20,58,0,0,16,1,17,0,17,37,21,75,79,205,284,359
11/06/2013,CYS,WY,ANM,WE,Federal Contract Tower,0,17,12,17,46,0,0,19,0,19,0,17,31,17,65,19,139,158,223
11/07/2013,CYS,WY,ANM,WE,Federal Contract Tower,0,14,21,20,55,0,0,21,0,21,0,14,42,20,76,27,199,226,302
11/08/2013,CYS,WY,ANM,WE,Federal Contract Tower,0,13,17,12,42,0,0,10,0,10,0,13,27,12,52,21,66,87,139
11/09/2013,CYS,WY,ANM,WE,Federal Contract Tower,0,12,13,0,25,0,0,38,0,38,0,12,51,0,63,64,0,64,127
11/10/2013,CYS,WY,ANM,WE,Federal Contract Tower,0,8,9,0,17,0,0,25,0,25,0,8,34,0,42,42,0,42,84
11/11/2013,CYS,WY,ANM,WE,Federal Contract Tower,0,11,18,0,29,0,0,11,0,11,0,11,29,0,40,7,0,7,47
11/12/2013,CYS,WY,ANM,WE,Federal Contract Tower,0,16,19,17,52,0,0,29,2,31,0,16,48,19,83,58,137,195,278
11/13/2013,CYS,WY,ANM,WE,Federal Contract Tower,0,14,19,25,58,0,0,21,12,33,0,14,40,37,91,55,267,322,413
11/14/2013,CYS,WY,ANM,WE,Federal Contract Tower,0,12,21,15,48,0,0,14,0,14,0,12,35,15,62,41,120,161,223
11/15/2013,CYS,WY,ANM,WE,Federal Contract Tower,0,12,7,10,29,0,0,12,0,12,0,12,19,10,41,41,83,124,165
11/16/2013,CYS,WY,ANM,WE,Federal Contract Tower,0,8,6,1,15,0,0,2,0,2,0,8,8,1,17,10,5,15,32
11/17/2013,CYS,WY,ANM,WE,Federal Contract Tower,0,10,2,4,16,0,0,0,2,2,0,10,2,6,18,3,6,9,27
11/18/2013,CYS,WY,ANM,WE,Federal Contract Tower,0,14,14,6,34,0,0,2,0,2,0,14,16,6,36,12,70,82,118
11/19/2013,CYS,WY,ANM,WE,Federal Contract Tower,0,16,27,16,59,0,0,16,0,16,0,16,43,16,75,39,121,160,235
11/20/2013,CYS,WY,ANM,WE,Federal Contract Tower,0,12,28,17,57,0,0,21,2,23,0,12,49,19,80,25,65,90,170
11/21/2013,CYS,WY,ANM,WE,Federal Contract Tower,0,13,6,4,23,0,0,1,0,1,0,13,7,4,24,0,1,1,25
11/22/2013,CYS,WY,ANM,WE,Federal Contract Tower,0,12,37,15,64,0,0,6,0,6,0,12,43,15,70,35,129,164,234
11/23/2013,CYS,WY,ANM,WE,Federal Contract Tower,0,7,10,0,17,0,0,2,0,2,0,7,12,0,19,68,4,72,91
11/24/2013,CYS,WY,ANM,WE,Federal Contract Tower,0,10,11,0,21,0,0,9,0,9,0,10,20,0,30,54,66,120,150
11/25/2013,CYS,WY,ANM,WE,Federal Contract Tower,0,12,11,3,26,0,0,26,4,30,0,12,37,7,56,44,77,121,177
11/26/2013,CYS,WY,ANM,WE,Federal Contract Tower,0,10,16,13,39,0,0,6,4,10,0,10,22,17,49,70,116,186,235
11/27/2013,CYS,WY,ANM,WE,Federal Contract Tower,0,13,11,5,29,0,0,2,1,3,0,13,13,6,32,19,85,104,136
11/28/2013,CYS,WY,ANM,WE,Federal Contract Tower,0,2,1,0,3,0,0,0,0,0,0,2,1,0,3,44,0,44,47
11/29/2013,CYS,WY,ANM,WE,Federal Contract Tower,2,12,9,0,23,0,0,7,0,7,2,12,16,0,30,30,0,30,60
11/30/2013,CYS,WY,ANM,WE,Federal Contract Tower,0,6,6,0,12,0,0,4,0,4,0,6,10,0,16,60,0,60,76
12/01/2013,CYS,WY,ANM,WE,Federal Contract Tower,0,4,6,0,10,0,0,9,0,9,0,4,15,0,19,19,4,23,42
12/02/2013,CYS,WY,ANM,WE,Federal Contract Tower,0,10,16,3,29,0,0,2,0,2,0,10,18,3,31,3,55,58,89
12/03/2013,CYS,WY,ANM,WE,Federal Contract Tower,0,9,8,6,23,0,0,0,0,0,0,9,8,6,23,0,18,18,41
12/04/2013,CYS,WY,ANM,WE,Federal Contract Tower,0,6,8,6,20,0,0,0,0,0,0,6,8,6,20,0,24,24,44
12/05/2013,CYS,WY,ANM,WE,Federal Contract Tower,0,12,10,14,36,0,0,7,10,17,0,12,17,24,53,5,80,85,138
12/06/2013,CYS,WY,ANM,WE,Federal Contract Tower,0,9,10,12,31,0,0,10,1,11,0,9,20,13,42,11,105,116,158
12/07/2013,CYS,WY,ANM,WE,Federal Contract Tower,0,8,5,0,13,0,0,2,0,2,0,8,7,0,15,0,0,0,15
12/08/2013,CYS,WY,ANM,WE,Federal Contract Tower,0,9,12,4,25,0,0,9,1,10,0,9,21,5,35,16,15,31,66
12/09/2013,CYS,WY,ANM,WE,Federal Contract Tower,0,11,7,6,24,0,0,3,0,3,0,11,10,6,27,19,101,120,147
12/10/2013,CYS,WY,ANM,WE,Federal Contract Tower,0,20,12,8,40,0,2,2,0,4,0,22,14,8,44,5,131,136,180
12/11/2013,CYS,WY,ANM,WE,Federal Contract Tower,0,15,7,8,30,0,0,12,1,13,0,15,19,9,43,14,186,200,243
12/12/2013,CYS,WY,ANM,WE,Federal Contract Tower,0,13,19,10,42,0,0,0,0,0,0,13,19,10,42,30,81,111,153
12/13/2013,CYS,WY,ANM,WE,Federal Contract Tower,0,7,13,8,28,0,0,10,2,12,0,7,23,10,40,51,57,108,148
12/14/2013,CYS,WY,ANM,WE,Federal Contract Tower,0,0,18,0,18,0,4,7,0,11,0,4,25,0,29,89,0,89,118
12/15/2013,CYS,WY,ANM,WE,Federal Contract Tower,0,4,2,2,8,0,0,14,0,14,0,4,16,2,22,16,1,17,39
12/16/2013,CYS,WY,ANM,WE,Federal Contract Tower,0,12,25,6,43,0,9,0,0,9,0,21,25,6,52,24,71,95,147
12/17/2013,CYS,WY,ANM,WE,Federal Contract Tower,0,15,18,9,42,0,0,4,0,4,0,15,22,9,46,18,105,123,169
12/18/2013,CYS,WY,ANM,WE,Federal Contract Tower,0,12,14,8,34,0,0,9,7,16,0,12,23,15,50,22,131,153,203
12/19/2013,CYS,WY,ANM,WE,Federal Contract Tower,0,9,21,5,35,0,1,2,2,5,0,10,23,7,40,10,51,61,101
12/20/2013,CYS,WY,ANM,WE,Federal Contract Tower,0,11,13,6,30,0,0,11,2,13,0,11,24,8,43,16,63,79,122
12/21/2013,CYS,WY,ANM,WE,Federal Contract Tower,10,15,5,0,30,0,0,0,0,0,10,15,5,0,30,2,1,3,33
12/22/2013,CYS,WY,ANM,WE,Federal Contract Tower,0,8,8,0,16,0,0,0,0,0,0,8,8,0,16,106,6,112,128
12/23/2013,CYS,WY,ANM,WE,Federal Contract Tower,0,9,10,6,25,0,0,12,2,14,0,9,22,8,39,12,76,88,127
12/24/2013,CYS,WY,ANM,WE,Federal Contract Tower,0,14,1,0,15,0,4,0,0,4,0,18,1,0,19,0,3,3,22
12/25/2013,CYS,WY,ANM,WE,Federal Contract Tower,0,11,0,0,11,0,0,3,0,3,0,11,3,0,14,13,0,13,27
12/26/2013,CYS,WY,ANM,WE,Federal Contract Tower,0,6,10,0,16,0,0,15,0,15,0,6,25,0,31,40,18,58,89
12/27/2013,CYS,WY,ANM,WE,Federal Contract Tower,0,7,10,0,17,0,0,0,2,2,0,7,10,2,19,60,47,107,126
12/28/2013,CYS,WY,ANM,WE,Federal Contract Tower,0,4,1,0,5,0,0,0,0,0,0,4,1,0,5,35,0,35,40
12/29/2013,CYS,WY,ANM,WE,Federal Contract Tower,0,6,5,0,11,0,0,0,0,0,0,6,5,0,11,42,14,56,67
12/30/2013,CYS,WY,ANM,WE,Federal Contract Tower,0,14,2,2,18,0,1,0,0,1,0,15,2,2,19,11,132,143,162
12/31/2013,CYS,WY,ANM,WE,Federal Contract Tower,0,12,0,0,12,0,0,4,0,4,0,12,4,0,16,8,9,17,33
01/01/2014,CYS,WY,ANM,WE,Federal Contract Tower,0,6,0,0,6,0,0,0,0,0,0,6,0,0,6,12,0,12,18
01/02/2014,CYS,WY,ANM,WE,Federal Contract Tower,0,9,11,6,26,0,0,9,0,9,0,9,20,6,35,6,103,109,144
01/03/2014,CYS,WY,ANM,WE,Federal Contract Tower,0,10,5,3,18,0,0,5,0,5,0,10,10,3,23,13,73,86,109
01/04/2014,CYS,WY,ANM,WE,Federal Contract Tower,0,4,1,0,5,0,0,0,0,0,0,4,1,0,5,0,0,0,5
01/05/2014,CYS,WY,ANM,WE,Federal Contract Tower,0,4,2,0,6,0,0,0,0,0,0,4,2,0,6,4,2,6,12
01/06/2014,CYS,WY,ANM,WE,Federal Contract Tower,0,10,8,4,22,0,0,2,0,2,0,10,10,4,24,22,99,121,145
01/07/2014,CYS,WY,ANM,WE,Federal Contract Tower,0,12,11,15,38,0,0,7,1,8,0,12,18,16,46,19,179,198,244
01/08/2014,CYS,WY,ANM,WE,Federal Contract Tower,0,5,17,23,45,0,0,4,4,8,0,5,21,27,53,32,243,275,328
01/09/2014,CYS,WY,ANM,WE,Federal Contract Tower,0,9,11,2,22,0,0,6,6,12,0,9,17,8,34,34,75,109,143
01/10/2014,CYS,WY,ANM,WE,Federal Contract Tower,0,9,5,4,18,0,0,4,0,4,0,9,9,4,22,2,93,95,117
01/11/2014,CYS,WY,ANM,WE,Federal Contract Tower,0,4,2,2,8,0,0,4,5,9,0,4,6,7,17,11,22,33,50
01/12/2014,CYS,WY,ANM,WE,Federal Contract Tower,0,2,3,1,6,0,0,2,0,2,0,2,5,1,8,16,19,35,43
01/13/2014,CYS,WY,ANM,WE,Federal Contract Tower,0,13,13,3,29,0,0,4,0,4,0,13,17,3,33,5,19,24,57
01/14/2014,CYS,WY,ANM,WE,Federal Contract Tower,0,10,12,13,35,0,0,2,4,6,0,10,14,17,41,3,87,90,131
01/15/2014,CYS,WY,ANM,WE,Federal Contract Tower,0,6,18,16,40,0,0,15,15,30,0,6,33,31,70,17,155,172,242
01/16/2014,CYS,WY,ANM,WE,Federal Contract Tower,0,4,18,13,35,0,0,6,2,8,0,4,24,15,43,7,106,113,156
01/17/2014,CYS,WY,ANM,WE,Federal Contract Tower,0,6,7,4,17,0,0,4,0,4,0,6,11,4,21,25,136,161,182
01/18/2014,CYS,WY,ANM,WE,Federal Contract Tower,0,2,5,2,9,0,0,0,20,20,0,2,5,22,29,43,28,71,100
01/19/2014,CYS,WY,ANM,WE,Federal Contract Tower,0,2,0,0,2,0,0,4,3,7,0,2,4,3,9,5,0,5,14
01/20/2014,CYS,WY,ANM,WE,Federal Contract Tower,0,8,7,3,18,0,0,2,0,2,0,8,9,3,20,52,0,52,72
01/21/2014,CYS,WY,ANM,WE,Federal Contract Tower,0,14,17,15,46,0,0,2,7,9,0,14,19,22,55,8,132,140,195
01/22/2014,CYS,WY,ANM,WE,Federal Contract Tower,0,11,10,26,47,0,0,12,0,12,0,11,22,26,59,21,102,123,182
01/23/2014,CYS,WY,ANM,WE,Federal Contract Tower,0,12,14,11,37,0,0,11,0,11,0,12,25,11,48,28,146,174,222
01/24/2014,CYS,WY,ANM,WE,Federal Contract Tower,0,8,9,9,26,0,0,10,0,10,0,8,19,9,36,25,28,53,89
01/25/2014,CYS,WY,ANM,WE,Federal Contract Tower,0,8,17,0,25,0,0,2,0,2,0,8,19,0,27,50,0,50,77
01/26/2014,CYS,WY,ANM,WE,Federal Contract Tower,0,4,5,4,13,0,0,2,0,2,0,4,7,4,15,12,0,12,27
01/27/2014,CYS,WY,ANM,WE,Federal Contract Tower,0,6,13,1,20,0,0,0,0,0,0,6,13,1,20,0,0,0,20
01/28/2014,CYS,WY,ANM,WE,Federal Contract Tower,0,8,17,17,42,0,2,17,4,23,0,10,34,21,65,38,112,150,215
01/29/2014,CYS,WY,ANM,WE,Federal Contract Tower,0,10,9,19,38,0,0,6,4,10,0,10,15,23,48,17,180,197,245
01/30/2014,CYS,WY,ANM,WE,Federal Contract Tower,2,6,6,8,22,0,0,2,2,4,2,6,8,10,26,4,122,126,152
01/31/2014,CYS,WY,ANM,WE,Federal Contract Tower,0,14,10,15,39,0,0,4,0,4,0,14,14,15,43,4,128,132,175
02/01/2014,CYS,WY,ANM,WE,Federal Contract Tower,0,7,7,2,16,0,0,0,0,0,0,7,7,2,16,0,0,0,16
02/02/2014,CYS,WY,ANM,WE,Federal Contract Tower,0,7,5,6,18,0,10,0,0,10,0,17,5,6,28,108,48,156,184
02/03/2014,CYS,WY,ANM,WE,Federal Contract Tower,0,11,19,12,42,0,0,16,0,16,0,11,35,12,58,99,169,268,326
02/04/2014,CYS,WY,ANM,WE,Federal Contract Tower,0,9,11,4,24,0,0,0,0,0,0,9,11,4,24,0,20,20,44
02/05/2014,CYS,WY,ANM,WE,Federal Contract Tower,0,13,12,6,31,0,0,4,0,4,0,13,16,6,35,0,112,112,147
02/06/2014,CYS,WY,ANM,WE,Federal Contract Tower,0,15,13,6,34,0,0,2,0,2,0,15,15,6,36,2,20,22,58
02/07/2014,CYS,WY,ANM,WE,Federal Contract Tower,0,10,10,6,26,0,0,11,0,11,0,10,21,6,37,37,37,74,111
02/08/2014,CYS,WY,ANM,WE,Federal Contract Tower,0,4,3,1,8,0,0,0,0,0,0,4,3,1,8,29,9,38,46
02/09/2014,CYS,WY,ANM,WE,Federal Contract Tower,0,4,1,10,15,0,0,0,0,0,0,4,1,10,15,0,0,0,15
02/10/2014,CYS,WY,ANM,WE,Federal Contract Tower,0,10,19,16,45,0,0,2,1,3,0,10,21,17,48,7,125,132,180
02/11/2014,CYS,WY,ANM,WE,Federal Contract Tower,0,8,19,15,42,0,0,0,0,0,0,8,19,15,42,22,91,113,155
02/12/2014,CYS,WY,ANM,WE,Federal Contract Tower,0,9,15,19,43,0,0,2,0,2,0,9,17,19,45,17,122,139,184
02/13/2014,CYS,WY,ANM,WE,Federal Contract Tower,0,11,5,13,29,0,0,6,2,8,0,11,11,15,37,11,85,96,133
02/14/2014,CYS,WY,ANM,WE,Federal Contract Tower,0,8,13,2,23,0,0,2,0,2,0,8,15,2,25,3,86,89,114
02/15/2014,CYS,WY,ANM,WE,Federal Contract Tower,0,4,3,2,9,0,0,5,0,5,0,4,8,2,14,0,0,0,14
02/16/2014,CYS,WY,ANM,WE,Federal Contract Tower,0,6,4,3,13,0,0,4,0,4,0,6,8,3,17,38,0,38,55
02/17/2014,CYS,WY,ANM,WE,Federal Contract Tower,0,13,12,0,25,0,0,4,0,4,0,13,16,0,29,6,0,6,35
02/18/2014,CYS,WY,ANM,WE,Federal Contract Tower,0,12,12,3,27,0,0,2,0,2,0,12,14,3,29,9,75,84,113
02/19/2014,CYS,WY,ANM,WE,Federal Contract Tower,0,13,12,20,45,0,0,5,0,5,0,13,17,20,50,42,111,153,203
02/20/2014,CYS,WY,ANM,WE,Federal Contract Tower,0,8,5,4,17,0,0,0,0,0,0,8,5,4,17,7,17,24,41
02/21/2014,CYS,WY,ANM,WE,Federal Contract Tower,2,4,7,1,14,0,0,8,0,8,2,4,15,1,22,1,12,13,35
02/22/2014,CYS,WY,ANM,WE,Federal Contract Tower,0,3,0,1,4,0,0,0,0,0,0,3,0,1,4,5,0,5,9
02/23/2014,CYS,WY,ANM,WE,Federal Contract Tower,2,0,2,1,5,0,0,0,0,0,2,0,2,1,5,18,0,18,23
02/24/2014,CYS,WY,ANM,WE,Federal Contract Tower,0,5,13,14,32,0,0,12,0,12,0,5,25,14,44,14,87,101,145
02/25/2014,CYS,WY,ANM,WE,Federal Contract Tower,0,3,2,8,13,0,0,0,0,0,0,3,2,8,13,0,0,0,13
02/26/2014,CYS,WY,ANM,WE,Federal Contract Tower,0,14,29,16,59,0,2,15,16,33,0,16,44,32,92,97,251,348,440
02/27/2014,CYS,WY,ANM,WE,Federal Contract Tower,0,11,20,20,51,0,0,18,2,20,0,11,38,22,71,67,99,166,237
02/28/2014,CYS,WY,ANM,WE,Federal Contract Tower,0,3,12,7,22,0,0,0,1,1,0,3,12,8,23,2,5,7,30
03/01/2014,CYS,WY,ANM,WE,Federal Contract Tower,0,4,3,0,7,0,0,0,0,0,0,4,3,0,7,0,0,0,7
03/02/2014,CYS,WY,ANM,WE,Federal Contract Tower,0,3,11,7,21,0,0,2,0,2,0,3,13,7,23,53,23,76,99
03/03/2014,CYS,WY,ANM,WE,Federal Contract Tower,0,6,10,13,29,0,0,6,0,6,0,6,16,13,35,29,83,112,147
03/04/2014,CYS,WY,ANM,WE,Federal Contract Tower,0,8,17,25,50,0,0,4,7,11,0,8,21,32,61,10,215,225,286
03/05/2014,CYS,WY,ANM,WE,Federal Contract Tower,0,7,16,16,39,0,0,6,0,6,0,7,22,16,45,34,119,153,198
03/06/2014,CYS,WY,ANM,WE,Federal Contract Tower,0,1,10,20,31,0,0,2,4,6,0,1,12,24,37,8,84,92,129
03/07/2014,CYS,WY,ANM,WE,Federal Contract Tower,0,6,12,0,18,0,0,0,0,0,0,6,12,0,18,0,0,0,18
03/08/2014,CYS,WY,ANM,WE,Federal Contract Tower,0,3,5,6,14,0,0,2,0,2,0,3,7,6,16,87,6,93,109
03/09/2014,CYS,WY,ANM,WE,Federal Contract Tower,0,3,7,4,14,0,8,8,0,16,0,11,15,4,30,18,2,20,50
03/10/2014,CYS,WY,ANM,WE,Federal Contract Tower,0,5,10,3,18,0,0,8,0,8,0,5,18,3,26,23,34,57,83
03/11/2014,CYS,WY,ANM,WE,Federal Contract Tower,0,4,8,5,17,0,0,1,0,1,0,4,9,5,18,1,43,44,62
03/12/2014,CYS,WY,ANM,WE,Federal Contract Tower,0,6,13,6,25,0,13,19,0,32,0,19,32,6,57,128,147,275,332
03/13/2014,CYS,WY,ANM,WE,Federal Contract Tower,0,13,18,9,40,0,27,6,0,33,0,40,24,9,73,39,103,142,215
03/14/2014,CYS,WY,ANM,WE,Federal Contract Tower,0,26,19,13,58,0,26,12,0,38,0,52,31,13,96,77,69,146,242
03/15/2014,CYS,WY,ANM,WE,Federal Contract Tower,0,6,0,8,14,0,0,0,12,12,0,6,0,20,26,6,29,35,61
03/16/2014,CYS,WY,ANM,WE,Federal Contract Tower,0,12,6,1,19,0,6,0,3,9,0,18,6,4,28,58,8,66,94
03/17/2014,CYS,WY,ANM,WE,Federal Contract Tower,0,11,22,18,51,0,0,4,0,4,0,11,26,18,55,31,105,136,191
03/18/2014,CYS,WY,ANM,WE,Federal Contract Tower,0,10,4,14,28,0,12,0,0,12,0,22,4,14,40,6,102,108,148
03/19/2014,CYS,WY,ANM,WE,Federal Contract Tower,0,16,20,12,48,0,9,4,0,13,0,25,24,12,61,94,51,145,206
03/20/2014,CYS,WY,ANM,WE,Federal Contract Tower,0,15,10,11,36,0,0,4,0,4,0,15,14,11,40,10,99,109,149
03/21/2014,CYS,WY,ANM,WE,Federal Contract Tower,0,9,16,2,27,0,0,0,0,0,0,9,16,2,27,50,128,178,205
03/22/2014,CYS,WY,ANM,WE,Federal Contract Tower,0,6,1,0,7,0,0,0,0,0,0,6,1,0,7,0,0,0,7
03/23/2014,CYS,WY,ANM,WE,Federal Contract Tower,0,5,9,1,15,0,3,2,0,5,0,8,11,1,20,56,27,83,103
03/24/2014,CYS,WY,ANM,WE,Federal Contract Tower,0,11,7,10,28,0,11,5,0,16,0,22,12,10,44,65,136,201,245
03/25/2014,CYS,WY,ANM,WE,Federal Contract Tower,0,9,19,20,48,0,0,21,30,51,0,9,40,50,99,94,214,308,407
03/26/2014,CYS,WY,ANM,WE,Federal Contract Tower,0,7,14,18,39,0,0,10,11,21,0,7,24,29,60,110,190,300,360
03/27/2014,CYS,WY,ANM,WE,Federal Contract Tower,0,12,6,22,40,0,7,9,4,20,0,19,15,26,60,3,111,114,174
03/28/2014,CYS,WY,ANM,WE,Federal Contract Tower,0,11,6,13,30,0,13,0,0,13,0,24,6,13,43,27,78,105,148
03/29/2014,CYS,WY,ANM,WE,Federal Contract Tower,0,10,6,0,16,0,12,4,12,28,0,22,10,12,44,91,0,91,135
03/30/2014,CYS,WY,ANM,WE,Federal Contract Tower,0,10,2,3,15,0,7,0,0,7,0,17,2,3,22,65,3,68,90
03/31/2014,CYS,WY,ANM,WE,Federal Contract Tower,0,7,6,13,26,0,0,0,0,0,0,7,6,13,26,0,107,107,133
04/01/2014,CYS,WY,ANM,WE,Federal Contract Tower,0,7,3,10,20,0,0,4,1,5,0,7,7,11,25,17,159,176,201
04/02/2014,CYS,WY,ANM,WE,Federal Contract Tower,0,4,10,16,30,0,0,2,0,2,0,4,12,16,32,11,285,296,328
04/03/2014,CYS,WY,ANM,WE,Federal Contract Tower,0,11,12,9,32,0,0,8,2,10,0,11,20,11,42,14,71,85,127
04/04/2014,CYS,WY,ANM,WE,Federal Contract Tower,0,10,19,7,36,0,0,11,0,11,0,10,30,7,47,59,85,144,191
04/05/2014,CYS,WY,ANM,WE,Federal Contract Tower,2,5,14,0,21,0,0,21,0,21,2,5,35,0,42,89,0,89,131
04/06/2014,CYS,WY,ANM,WE,Federal Contract Tower,0,3,16,4,23,0,0,12,0,12,0,3,28,4,35,34,8,42,77
04/07/2014,CYS,WY,ANM,WE,Federal Contract Tower,0,5,5,16,26,0,0,2,0,2,0,5,7,16,28,16,70,86,114
04/08/2014,CYS,WY,ANM,WE,Federal Contract Tower,0,8,14,11,33,0,0,16,1,17,0,8,30,12,50,33,111,144,194
04/09/2014,CYS,WY,ANM,WE,Federal Contract Tower,0,8,13,6,27,0,0,3,1,4,0,8,16,7,31,28,89,117,148
04/10/2014,CYS,WY,ANM,WE,Federal Contract Tower,0,8,18,9,35,0,0,23,1,24,0,8,41,10,59,27,41,68,127
04/11/2014,CYS,WY,ANM,WE,Federal Contract Tower,0,8,5,23,36,0,0,2,4,6,0,8,7,27,42,60,124,184,226
04/12/2014,CYS,WY,ANM,WE,Federal Contract Tower,0,5,10,1,16,0,0,3,0,3,0,5,13,1,19,115,100,215,234
04/13/2014,CYS,WY,ANM,WE,Federal Contract Tower,0,3,0,0,3,0,0,0,0,0,0,3,0,0,3,0,0,0,3
04/14/2014,CYS,WY,ANM,WE,Federal Contract Tower,0,14,11,11,36,0,2,14,0,16,0,16,25,11,52,66,103,169,221
04/15/2014,CYS,WY,ANM,WE,Federal Contract Tower,0,8,20,11,39,0,0,12,0,12,0,8,32,11,51,14,161,175,226
04/16/2014,CYS,WY,ANM,WE,Federal Contract Tower,0,9,13,13,35,0,0,5,0,5,0,9,18,13,40,38,112,150,190
04/17/2014,CYS,WY,ANM,WE,Federal Contract Tower,0,7,14,17,38,0,0,7,0,7,0,7,21,17,45,41,96,137,182
04/18/2014,CYS,WY,ANM,WE,Federal Contract Tower,0,19,8,1,28,0,15,2,0,17,0,34,10,1,45,110,40,150,195
04/19/2014,CYS,WY,ANM,WE,Federal Contract Tower,0,7,2,0,9,0,15,4,0,19,0,22,6,0,28,77,0,77,105
04/20/2014,CYS,WY,ANM,WE,Federal Contract Tower,0,13,4,0,17,0,10,2,0,12,0,23,6,0,29,39,0,39,68
04/21/2014,CYS,WY,ANM,WE,Federal Contract Tower,0,25,12,4,41,0,10,0,0,10,0,35,12,4,51,27,34,61,112
04/22/2014,CYS,WY,ANM,WE,Federal Contract Tower,2,14,16,8,40,0,29,4,1,34,2,43,20,9,74,30,112,142,216
04/23/2014,CYS,WY,ANM,WE,Federal Contract Tower,0,16,14,8,38,0,4,8,0,12,0,20,22,8,50,9,168,177,227
04/24/2014,CYS,WY,ANM,WE,Federal Contract Tower,0,9,15,8,32,0,5,25,2,32,0,14,40,10,64,60,158,218,282
04/25/2014,CYS,WY,ANM,WE,Federal Contract Tower,0,6,8,12,26,0,0,14,0,14,0,6,22,12,40,35,110,145,185
04/26/2014,CYS,WY,ANM,WE,Federal Contract Tower,0,2,9,1,12,0,0,16,0,16,0,2,25,1,28,62,2,64,92
04/27/2014,CYS,WY,ANM,WE,Federal Contract Tower,0,1,2,7,10,0,0,0,0,0,0,1,2,7,10,4,1,5,15
04/28/2014,CYS,WY,ANM,WE,Federal Contract Tower,0,10,13,3,26,0,0,13,0,13,0,10,26,3,39,40,56,96,135
04/29/2014,CYS,WY,ANM,WE,Federal Contract Tower,0,5,10,2,17,0,0,0,0,0,0,5,10,2,17,2,0,2,19
04/30/2014,CYS,WY,ANM,WE,Federal Contract Tower,0,7,16,1,24,0,0,2,0,2,0,7,18,1,26,7,12,19,45
05/01/2014,CYS,WY,ANM,WE,Federal Contract Tower,0,3,12,1,16,0,0,10,0,10,0,3,22,1,26,76,95,171,197
05/02/2014,CYS,WY,ANM,WE,Federal Contract Tower,0,9,9,6,24,0,0,8,0,8,0,9,17,6,32,73,126,199,231
05/03/2014,CYS,WY,ANM,WE,Federal Contract Tower,0,6,7,16,29,0,0,11,2,13,0,6,18,18,42,72,62,134,176
05/04/2014,CYS,WY,ANM,WE,Federal Contract Tower,0,3,3,6,12,0,0,14,0,14,0,3,17,6,26,58,63,121,147
05/05/2014,CYS,WY,ANM,WE,Federal Contract Tower,0,4,20,9,33,0,0,21,0,21,0,4,41,9,54,105,160,265,319
05/06/2014,CYS,WY,ANM,WE,Federal Contract Tower,0,5,21,9,35,0,0,4,4,8,0,5,25,13,43,25,64,89,132
05/07/2014,CYS,WY,ANM,WE,Federal Contract Tower,0,7,12,3,22,0,0,0,0,0,0,7,12,3,22,0,0,0,22
05/08/2014,CYS,WY,ANM,WE,Federal Contract Tower,0,8,4,15,27,0,0,6,0,6,0,8,10,15,33,19,74,93,126
05/09/2014,CYS,WY,ANM,WE,Federal Contract Tower,0,7,11,3,21,0,0,3,2,5,0,7,14,5,26,45,51,96,122
05/10/2014,CYS,WY,ANM,WE,Federal Contract Tower,0,13,3,3,19,0,8,8,10,26,0,21,11,13,45,52,22,74,119
05/11/2014,CYS,WY,ANM,WE,Federal Contract Tower,0,0,0,0,0,0,0,0,0,0,0,0,0,0,0,0,0,0,0
05/12/2014,CYS,WY,ANM,WE,Federal Contract Tower,0,5,6,5,16,0,0,0,0,0,0,5,6,5,16,4,46,50,66
05/13/2014,CYS,WY,ANM,WE,Federal Contract Tower,0,9,13,21,43,0,14,19,1,34,0,23,32,22,77,21,121,142,219
05/14/2014,CYS,WY,ANM,WE,Federal Contract Tower,0,6,10,12,28,0,0,19,3,22,0,6,29,15,50,28,131,159,209
05/15/2014,CYS,WY,ANM,WE,Federal Contract Tower,0,4,26,11,41,0,0,8,0,8,0,4,34,11,49,7,30,37,86
05/16/2014,CYS,WY,ANM,WE,Federal Contract Tower,0,5,10,5,20,0,0,3,0,3,0,5,13,5,23,30,73,103,126
05/17/2014,CYS,WY,ANM,WE,Federal Contract Tower,0,4,4,2,10,0,0,1,0,1,0,4,5,2,11,45,0,45,56
05/18/2014,CYS,WY,ANM,WE,Federal Contract Tower,0,9,8,1,18,0,0,2,0,2,0,9,10,1,20,89,5,94,114
05/19/2014,CYS,WY,ANM,WE,Federal Contract Tower,0,4,5,15,24,0,0,38,4,42,0,4,43,19,66,57,201,258,324
05/20/2014,CYS,WY,ANM,WE,Federal Contract Tower,0,6,12,8,26,0,0,8,0,8,0,6,20,8,34,82,103,185,219
05/21/2014,CYS,WY,ANM,WE,Federal Contract Tower,0,4,19,3,26,0,0,9,4,13,0,4,28,7,39,11,139,150,189
05/22/2014,CYS,WY,ANM,WE,Federal Contract Tower,12,21,6,0,39,0,0,13,0,13,12,21,19,0,52,59,122,181,233
05/23/2014,CYS,WY,ANM,WE,Federal Contract Tower,0,7,13,0,20,0,9,2,0,11,0,16,15,0,31,77,0,77,108
05/24/2014,CYS,WY,ANM,WE,Federal Contract Tower,0,11,13,3,27,0,5,9,0,14,0,16,22,3,41,91,2,93,134
05/25/2014,CYS,WY,ANM,WE,Federal Contract Tower,0,8,5,0,13,0,6,2,0,8,0,14,7,0,21,35,0,35,56
05/26/2014,CYS,WY,ANM,WE,Federal Contract Tower,0,6,10,0,16,0,8,25,0,33,0,14,35,0,49,47,2,49,98
05/27/2014,CYS,WY,ANM,WE,Federal Contract Tower,0,8,7,9,24,0,0,3,13,16,0,8,10,22,40,76,103,179,219
05/28/2014,CYS,WY,ANM,WE,Federal Contract Tower,0,15,16,5,36,0,6,15,2,23,0,21,31,7,59,73,160,233,292
05/29/2014,CYS,WY,ANM,WE,Federal Contract Tower,0,10,6,3,19,0,3,13,2,18,0,13,19,5,37,22,76,98,135
05/30/2014,CYS,WY,ANM,WE,Federal Contract Tower,0,8,8,3,19,0,0,0,0,0,0,8,8,3,19,0,68,68,87
05/31/2014,CYS,WY,ANM,WE,Federal Contract Tower,0,6,7,1,14,0,0,2,0,2,0,6,9,1,16,25,3,28,44
06/01/2014,CYS,WY,ANM,WE,Federal Contract Tower,0,4,8,4,16,0,0,5,0,5,0,4,13,4,21,32,4,36,57
06/02/2014,CYS,WY,ANM,WE,Federal Contract Tower,0,7,9,15,31,0,0,5,0,5,0,7,14,15,36,53,102,155,191
06/03/2014,CYS,WY,ANM,WE,Federal Contract Tower,0,8,11,6,25,0,0,12,0,12,0,8,23,6,37,61,106,167,204
06/04/2014,CYS,WY,ANM,WE,Federal Contract Tower,0,8,15,6,29,0,0,12,0,12,0,8,27,6,41,80,241,321,362
06/05/2014,CYS,WY,ANM,WE,Federal Contract Tower,0,7,19,8,34,0,0,14,0,14,0,7,33,8,48,37,84,121,169
06/06/2014,CYS,WY,ANM,WE,Federal Contract Tower,2,7,6,12,27,0,0,0,0,0,2,7,6,12,27,39,111,150,177
06/07/2014,CYS,WY,ANM,WE,Federal Contract Tower,5,11,8,0,24,0,0,0,0,0,5,11,8,0,24,15,0,15,39
06/08/2014,CYS,WY,ANM,WE,Federal Contract Tower,14,4,14,12,44,0,0,0,0,0,14,4,14,12,44,23,21,44,88
06/09/2014,CYS,WY,ANM,WE,Federal Contract Tower,0,10,23,12,45,0,0,11,1,12,0,10,34,13,57,42,96,138,195
06/10/2014,CYS,WY,ANM,WE,Federal Contract Tower,0,9,19,11,39,0,0,29,8,37,0,9,48,19,76,52,136,188,264
06/11/2014,CYS,WY,ANM,WE,Federal Contract Tower,0,10,19,7,36,0,0,30,1,31,0,10,49,8,67,32,128,160,227
06/12/2014,CYS,WY,ANM,WE,Federal Contract Tower,0,10,20,6,36,0,0,22,2,24,0,10,42,8,60,46,85,131,191
06/13/2014,CYS,WY,ANM,WE,Federal Contract Tower,0,8,24,0,32,0,0,4,0,4,0,8,28,0,36,116,34,150,186
06/14/2014,CYS,WY,ANM,WE,Federal Contract Tower,0,6,2,1,9,0,0,0,0,0,0,6,2,1,9,46,3,49,58
06/15/2014,CYS,WY,ANM,WE,Federal Contract Tower,0,7,10,0,17,0,0,7,0,7,0,7,17,0,24,50,0,50,74
06/16/2014,CYS,WY,ANM,WE,Federal Contract Tower,0,21,10,5,36,0,22,16,4,42,0,43,26,9,78,31,58,89,167
06/17/2014,CYS,WY,ANM,WE,Federal Contract Tower,0,13,7,18,38,0,6,17,3,26,0,19,24,21,64,52,87,139,203
06/18/2014,CYS,WY,ANM,WE,Federal Contract Tower,0,20,20,15,55,0,14,21,3,38,0,34,41,18,93,30,79,109,202
06/19/2014,CYS,WY,ANM,WE,Federal Contract Tower,0,13,26,8,47,0,14,15,4,33,0,27,41,12,80,51,31,82,162
06/20/2014,CYS,WY,ANM,WE,Federal Contract Tower,0,10,29,4,43,0,3,6,1,10,0,13,35,5,53,73,20,93,146
06/21/2014,CYS,WY,ANM,WE,Federal Contract Tower,0,12,8,3,23,0,0,9,0,9,0,12,17,3,32,98,27,125,157
06/22/2014,CYS,WY,ANM,WE,Federal Contract Tower,0,6,5,2,13,0,1,2,0,3,0,7,7,2,16,24,5,29,45
06/23/2014,CYS,WY,ANM,WE,Federal Contract Tower,0,9,25,1,35,0,0,17,3,20,0,9,42,4,55,8,104,112,167
06/24/2014,CYS,WY,ANM,WE,Federal Contract Tower,0,7,21,17,45,0,0,13,3,16,0,7,34,20,61,23,211,234,295
06/25/2014,CYS,WY,ANM,WE,Federal Contract Tower,0,12,16,8,36,0,0,37,11,48,0,12,53,19,84,26,49,75,159
06/26/2014,CYS,WY,ANM,WE,Federal Contract Tower,0,9,20,4,33,0,0,4,0,4,0,9,24,4,37,32,36,68,105
06/27/2014,CYS,WY,ANM,WE,Federal Contract Tower,0,10,11,29,50,0,0,22,3,25,0,10,33,32,75,27,48,75,150
06/28/2014,CYS,WY,ANM,WE,Federal Contract Tower,0,6,19,3,28,0,16,1,0,17,0,22,20,3,45,103,6,109,154
06/29/2014,CYS,WY,ANM,WE,Federal Contract Tower,0,10,16,8,34,0,2,15,2,19,0,12,31,10,53,35,2,37,90
06/30/2014,CYS,WY,ANM,WE,Federal Contract Tower,0,21,16,5,42,0,9,16,6,31,0,30,32,11,73,60,38,98,171
07/01/2014,CYS,WY,ANM,WE,Federal Contract Tower,0,12,6,8,26,0,19,12,8,39,0,31,18,16,65,81,121,202,267
07/02/2014,CYS,WY,ANM,WE,Federal Contract Tower,0,16,24,11,51,0,5,9,2,16,0,21,33,13,67,99,63,162,229
07/03/2014,CYS,WY,ANM,WE,Federal Contract Tower,0,14,8,1,23,0,15,16,0,31,0,29,24,1,54,69,1,70,124
07/04/2014,CYS,WY,ANM,WE,Federal Contract Tower,0,4,6,0,10,0,0,2,0,2,0,4,8,0,12,65,0,65,77
07/05/2014,CYS,WY,ANM,WE,Federal Contract Tower,0,8,3,0,11,0,15,7,0,22,0,23,10,0,33,40,0,40,73
07/06/2014,CYS,WY,ANM,WE,Federal Contract Tower,0,6,4,0,10,0,7,16,0,23,0,13,20,0,33,40,0,40,73
07/07/2014,CYS,WY,ANM,WE,Federal Contract Tower,0,20,14,4,38,1,20,17,0,38,1,40,31,4,76,59,124,183,259
07/08/2014,CYS,WY,ANM,WE,Federal Contract Tower,0,37,30,20,87,0,38,24,1,63,0,75,54,21,150,74,204,278,428
07/09/2014,CYS,WY,ANM,WE,Federal Contract Tower,0,14,27,6,47,0,12,3,2,17,0,26,30,8,64,55,149,204,268
07/10/2014,CYS,WY,ANM,WE,Federal Contract Tower,0,7,11,11,29,0,0,8,0,8,0,7,19,11,37,49,46,95,132
07/11/2014,CYS,WY,ANM,WE,Federal Contract Tower,4,9,17,5,35,0,0,15,0,15,4,9,32,5,50,48,34,82,132
07/12/2014,CYS,WY,ANM,WE,Federal Contract Tower,0,6,9,0,15,0,0,17,0,17,0,6,26,0,32,10,2,12,44
07/13/2014,CYS,WY,ANM,WE,Federal Contract Tower,0,3,15,2,20,0,0,28,2,30,0,3,43,4,50,37,3,40,90
07/14/2014,CYS,WY,ANM,WE,Federal Contract Tower,0,8,12,3,23,0,0,29,9,38,0,8,41,12,61,54,110,164,225
07/15/2014,CYS,WY,ANM,WE,Federal Contract Tower,0,4,31,26,61,0,0,12,0,12,0,4,43,26,73,54,122,176,249
07/16/2014,CYS,WY,ANM,WE,Federal Contract Tower,0,8,10,8,26,0,0,6,4,10,0,8,16,12,36,3,62,65,101
07/17/2014,CYS,WY,ANM,WE,Federal Contract Tower,0,6,25,16,47,0,0,16,0,16,0,6,41,16,63,40,154,194,257
07/18/2014,CYS,WY,ANM,WE,Federal Contract Tower,0,13,10,15,38,0,11,14,16,41,0,24,24,31,79,34,91,125,204
07/19/2014,CYS,WY,ANM,WE,Federal Contract Tower,0,11,8,5,24,0,2,0,0,2,0,13,8,5,26,71,15,86,112
07/20/2014,CYS,WY,ANM,WE,Federal Contract Tower,0,11,14,10,35,0,17,5,0,22,0,28,19,10,57,67,12,79,136
07/21/2014,CYS,WY,ANM,WE,Federal Contract Tower,0,12,18,5,35,0,4,21,1,26,0,16,39,6,61,53,85,138,199
07/22/2014,CYS,WY,ANM,WE,Federal Contract Tower,0,9,13,15,37,0,0,32,2,34,0,9,45,17,71,78,51,129,200
07/23/2014,CYS,WY,ANM,WE,Federal Contract Tower,0,6,31,3,40,0,0,4,1,5,0,6,35,4,45,17,28,45,90
07/24/2014,CYS,WY,ANM,WE,Federal Contract Tower,0,6,22,9,37,0,0,14,0,14,0,6,36,9,51,38,33,71,122
07/25/2014,CYS,WY,ANM,WE,Federal Contract Tower,0,8,21,6,35,0,0,0,0,0,0,8,21,6,35,86,11,97,132
07/26/2014,CYS,WY,ANM,WE,Federal Contract Tower,0,8,9,1,18,0,0,2,0,2,0,8,11,1,20,32,0,32,52
07/27/2014,CYS,WY,ANM,WE,Federal Contract Tower,0,8,10,16,34,0,1,7,0,8,0,9,17,16,42,18,0,18,60
07/28/2014,CYS,WY,ANM,WE,Federal Contract Tower,0,7,15,8,30,0,0,11,0,11,0,7,26,8,41,63,54,117,158
07/29/2014,CYS,WY,ANM,WE,Federal Contract Tower,0,21,17,14,52,0,10,18,4,32,0,31,35,18,84,12,30,42,126
07/30/2014,CYS,WY,ANM,WE,Federal Contract Tower,0,6,21,6,33,0,0,4,1,5,0,6,25,7,38,18,142,160,198
07/31/2014,CYS,WY,ANM,WE,Federal Contract Tower,0,8,9,13,30,0,0,31,12,43,0,8,40,25,73,105,85,190,263
08/01/2014,CYS,WY,ANM,WE,Federal Contract Tower,0,8,22,10,40,0,1,10,12,23,0,9,32,22,63,57,70,127,190
08/02/2014,CYS,WY,ANM,WE,Federal Contract Tower,0,14,13,2,29,0,0,12,0,12,0,14,25,2,41,109,0,109,150
08/03/2014,CYS,WY,ANM,WE,Federal Contract Tower,0,4,3,6,13,0,0,4,0,4,0,4,7,6,17,95,24,119,136
08/04/2014,CYS,WY,ANM,WE,Federal Contract Tower,0,6,12,3,21,0,0,6,0,6,0,6,18,3,27,35,42,77,104
08/05/2014,CYS,WY,ANM,WE,Federal Contract Tower,0,6,11,8,25,0,0,17,0,17,0,6,28,8,42,51,148,199,241
08/06/2014,CYS,WY,ANM,WE,Federal Contract Tower,0,8,15,7,30,0,0,22,4,26,0,8,37,11,56,41,149,190,246
08/07/2014,CYS,WY,ANM,WE,Federal Contract Tower,0,26,14,8,48,0,0,5,0,5,0,26,19,8,53,77,89,166,219
08/08/2014,CYS,WY,ANM,WE,Federal Contract Tower,0,8,5,1,14,0,0,2,0,2,0,8,7,1,16,38,22,60,76
08/09/2014,CYS,WY,ANM,WE,Federal Contract Tower,8,10,12,4,34,0,0,10,2,12,8,10,22,6,46,38,19,57,103
08/10/2014,CYS,WY,ANM,WE,Federal Contract Tower,0,6,15,1,22,0,0,21,7,28,0,6,36,8,50,46,0,46,96
08/11/2014,CYS,WY,ANM,WE,Federal Contract Tower,0,14,26,12,52,0,0,0,0,0,0,14,26,12,52,74,149,223,275
08/12/2014,CYS,WY,ANM,WE,Federal Contract Tower,0,8,19,17,44,0,0,24,6,30,0,8,43,23,74,63,192,255,329
08/13/2014,CYS,WY,ANM,WE,Federal Contract Tower,0,6,23,17,46,0,0,27,10,37,0,6,50,27,83,82,143,225,308
08/14/2014,CYS,WY,ANM,WE,Federal Contract Tower,2,12,18,11,43,0,0,12,9,21,2,12,30,20,64,58,61,119,183
08/15/2014,CYS,WY,ANM,WE,Federal Contract Tower,0,6,11,3,20,0,0,10,0,10,0,6,21,3,30,50,38,88,118
08/16/2014,CYS,WY,ANM,WE,Federal Contract Tower,0,9,13,1,23,0,0,0,0,0,0,9,13,1,23,58,0,58,81
08/17/2014,CYS,WY,ANM,WE,Federal Contract Tower,0,4,6,3,13,0,0,11,0,11,0,4,17,3,24,41,0,41,65
08/18/2014,CYS,WY,ANM,WE,Federal Contract Tower,0,6,12,5,23,0,1,18,2,21,0,7,30,7,44,29,90,119,163
08/19/2014,CYS,WY,ANM,WE,Federal Contract Tower,0,8,21,10,39,0,0,11,2,13,0,8,32,12,52,39,224,263,315
08/20/2014,CYS,WY,ANM,WE,Federal Contract Tower,0,13,16,5,34,0,6,27,5,38,0,19,43,10,72,5,24,29,101
08/21/2014,CYS,WY,ANM,WE,Federal Contract Tower,0,6,19,12,37,0,0,18,23,41,0,6,37,35,78,64,81,145,223
08/22/2014,CYS,WY,ANM,WE,Federal Contract Tower,0,8,10,4,22,0,0,0,0,0,0,8,10,4,22,19,72,91,113
08/23/2014,CYS,WY,ANM,WE,Federal Contract Tower,2,6,10,2,20,0,0,0,0,0,2,6,10,2,20,53,2,55,75
08/24/2014,CYS,WY,ANM,WE,Federal Contract Tower,0,4,12,0,16,0,0,19,0,19,0,4,31,0,35,32,3,35,70
08/25/2014,CYS,WY,ANM,WE,Federal Contract Tower,0,10,13,8,31,0,0,23,0,23,0,10,36,8,54,25,93,118,172
08/26/2014,CYS,WY,ANM,WE,Federal Contract Tower,0,4,13,14,31,0,0,22,2,24,0,4,35,16,55,25,201,226,281
08/27/2014,CYS,WY,ANM,WE,Federal Contract Tower,0,10,15,19,44,0,0,0,0,0,0,10,15,19,44,28,82,110,154
08/28/2014,CYS,WY,ANM,WE,Federal Contract Tower,0,6,13,12,31,0,0,6,0,6,0,6,19,12,37,74,95,169,206
08/29/2014,CYS,WY,ANM,WE,Federal Contract Tower,2,8,19,2,31,0,0,15,0,15,2,8,34,2,46,40,27,67,113
08/30/2014,CYS,WY,ANM,WE,Federal Contract Tower,0,8,10,0,18,0,0,2,0,2,0,8,12,0,20,52,0,52,72
08/31/2014,CYS,WY,ANM,WE,Federal Contract Tower,0,6,2,0,8,0,0,3,0,3,0,6,5,0,11,35,0,35,46
09/01/2014,CYS,WY,ANM,WE,Federal Contract Tower,0,5,20,0,25,0,0,8,0,8,0,5,28,0,33,58,0,58,91
09/02/2014,CYS,WY,ANM,WE,Federal Contract Tower,0,8,13,7,28,0,0,19,0,19,0,8,32,7,47,28,130,158,205
09/03/2014,CYS,WY,ANM,WE,Federal Contract Tower,0,10,23,9,42,0,0,4,0,4,0,10,27,9,46,36,105,141,187
09/04/2014,CYS,WY,ANM,WE,Federal Contract Tower,0,9,11,11,31,0,0,10,0,10,0,9,21,11,41,24,124,148,189
09/05/2014,CYS,WY,ANM,WE,Federal Contract Tower,0,8,25,4,37,0,0,0,0,0,0,8,25,4,37,10,5,15,52
09/06/2014,CYS,WY,ANM,WE,Federal Contract Tower,0,8,16,9,33,0,0,7,0,7,0,8,23,9,40,61,29,90,130
09/07/2014,CYS,WY,ANM,WE,Federal Contract Tower,0,4,14,0,18,0,0,32,0,32,0,4,46,0,50,36,0,36,86
09/08/2014,CYS,WY,ANM,WE,Federal Contract Tower,0,12,16,7,35,0,0,4,0,4,0,12,20,7,39,30,34,64,103
09/09/2014,CYS,WY,ANM,WE,Federal Contract Tower,0,8,17,15,40,0,0,12,2,14,0,8,29,17,54,21,88,109,163
09/10/2014,CYS,WY,ANM,WE,Federal Contract Tower,0,16,37,20,73,0,0,6,5,11,0,16,43,25,84,7,72,79,163
09/11/2014,CYS,WY,ANM,WE,Federal Contract Tower,0,8,11,5,24,0,0,0,0,0,0,8,11,5,24,0,0,0,24
09/12/2014,CYS,WY,ANM,WE,Federal Contract Tower,0,9,11,14,34,0,0,1,6,7,0,9,12,20,41,19,149,168,209
09/13/2014,CYS,WY,ANM,WE,Federal Contract Tower,0,13,15,6,34,0,2,24,10,36,0,15,39,16,70,33,65,98,168
09/14/2014,CYS,WY,ANM,WE,Federal Contract Tower,0,4,11,6,21,0,0,3,2,5,0,4,14,8,26,28,20,48,74
09/15/2014,CYS,WY,ANM,WE,Federal Contract Tower,0,8,18,3,29,0,0,15,2,17,0,8,33,5,46,57,69,126,172
09/16/2014,CYS,WY,ANM,WE,Federal Contract Tower,0,10,17,20,47,0,0,20,8,28,0,10,37,28,75,32,187,219,294
09/17/2014,CYS,WY,ANM,WE,Federal Contract Tower,0,10,15,14,39,0,0,24,6,30,0,10,39,20,69,95,188,283,352
09/18/2014,CYS,WY,ANM,WE,Federal Contract Tower,0,8,20,7,35,0,0,4,1,5,0,8,24,8,40,42,98,140,180
09/19/2014,CYS,WY,ANM,WE,Federal Contract Tower,0,9,14,1,24,0,0,0,0,0,0,9,14,1,24,110,10,120,144
09/20/2014,CYS,WY,ANM,WE,Federal Contract Tower,1,8,6,0,15,0,0,0,0,0,1,8,6,0,15,86,2,88,103
09/21/2014,CYS,WY,ANM,WE,Federal Contract Tower,0,4,18,2,24,0,0,0,0,0,0,4,18,2,24,54,8,62,86
09/22/2014,CYS,WY,ANM,WE,Federal Contract Tower,0,8,15,1,24,0,0,7,0,7,0,8,22,1,31,24,65,89,120
09/23/2014,CYS,WY,ANM,WE,Federal Contract Tower,0,8,14,19,41,0,0,13,17,30,0,8,27,36,71,54,166,220,291
09/24/2014,CYS,WY,ANM,WE,Federal Contract Tower,0,11,9,6,26,0,6,20,8,34,0,17,29,14,60,39,48,87,147
09/25/2014,CYS,WY,ANM,WE,Federal Contract Tower,0,8,22,6,36,0,0,6,0,6,0,8,28,6,42,55,111,166,208
09/26/2014,CYS,WY,ANM,WE,Federal Contract Tower,0,11,11,11,33,0,0,0,0,0,0,11,11,11,33,44,73,117,150
09/27/2014,CYS,WY,ANM,WE,Federal Contract Tower,8,0,29,0,37,0,0,4,0,4,8,0,33,0,41,99,15,114,155
09/28/2014,CYS,WY,ANM,WE,Federal Contract Tower,0,6,11,1,18,0,0,5,0,5,0,6,16,1,23,8,2,10,33
09/29/2014,CYS,WY,ANM,WE,Federal Contract Tower,10,8,23,6,47,0,0,9,2,11,10,8,32,8,58,9,41,50,108
09/30/2014,CYS,WY,ANM,WE,Federal Contract Tower,0,6,18,14,38,0,0,11,16,27,0,6,29,30,65,7,136,143,208
10/01/2014,CYS,WY,ANM,WE,Federal Contract Tower,0,9,11,10,30,0,0,9,0,9,0,9,20,10,39,41,117,158,197
10/02/2014,CYS,WY,ANM,WE,Federal Contract Tower,0,9,9,6,24,0,0,12,1,13,0,9,21,7,37,79,86,165,202
10/03/2014,CYS,WY,ANM,WE,Federal Contract Tower,0,10,13,4,27,0,0,0,0,0,0,10,13,4,27,26,19,45,72
10/04/2014,CYS,WY,ANM,WE,Federal Contract Tower,0,6,3,7,16,0,0,0,0,0,0,6,3,7,16,42,3,45,61
10/05/2014,CYS,WY,ANM,WE,Federal Contract Tower,0,13,7,0,20,0,10,2,0,12,0,23,9,0,32,42,0,42,74
10/06/2014,CYS,WY,ANM,WE,Federal Contract Tower,0,13,8,3,24,0,15,19,0,34,0,28,27,3,58,33,63,96,154
10/07/2014,CYS,WY,ANM,WE,Federal Contract Tower,0,25,10,21,56,0,15,26,0,41,0,40,36,21,97,75,133,208,305
10/08/2014,CYS,WY,ANM,WE,Federal Contract Tower,0,21,12,27,60,0,9,11,14,34,0,30,23,41,94,41,124,165,259
10/09/2014,CYS,WY,ANM,WE,Federal Contract Tower,0,17,10,9,36,0,10,13,0,23,0,27,23,9,59,65,89,154,213
10/10/2014,CYS,WY,ANM,WE,Federal Contract Tower,0,10,29,11,50,0,0,12,0,12,0,10,41,11,62,25,38,63,125
10/11/2014,CYS,WY,ANM,WE,Federal Contract Tower,0,6,13,2,21,0,0,5,0,5,0,6,18,2,26,103,0,103,129
10/12/2014,CYS,WY,ANM,WE,Federal Contract Tower,0,5,5,0,10,0,0,0,0,0,0,5,5,0,10,4,0,4,14
10/13/2014,CYS,WY,ANM,WE,Federal Contract Tower,0,11,9,0,20,0,0,4,1,5,0,11,13,1,25,45,2,47,72
10/14/2014,CYS,WY,ANM,WE,Federal Contract Tower,0,10,22,13,45,0,2,19,6,27,0,12,41,19,72,97,177,274,346
10/15/2014,CYS,WY,ANM,WE,Federal Contract Tower,0,11,20,17,48,0,0,16,6,22,0,11,36,23,70,77,127,204,274
10/16/2014,CYS,WY,ANM,WE,Federal Contract Tower,0,8,17,7,32,0,0,27,0,27,0,8,44,7,59,84,87,171,230
10/17/2014,CYS,WY,ANM,WE,Federal Contract Tower,1,8,18,4,31,0,0,0,0,0,1,8,18,4,31,64,15,79,110
10/18/2014,CYS,WY,ANM,WE,Federal Contract Tower,0,8,4,1,13,0,0,4,0,4,0,8,8,1,17,83,0,83,100
10/19/2014,CYS,WY,ANM,WE,Federal Contract Tower,0,5,12,0,17,0,0,2,0,2,0,5,14,0,19,75,0,75,94
10/20/2014,CYS,WY,ANM,WE,Federal Contract Tower,0,13,13,13,39,0,0,18,2,20,0,13,31,15,59,67,99,166,225
10/21/2014,CYS,WY,ANM,WE,Federal Contract Tower,0,7,11,19,37,0,0,26,0,26,0,7,37,19,63,55,176,231,294
10/22/2014,CYS,WY,ANM,WE,Federal Contract Tower,0,10,7,4,21,0,0,5,0,5,0,10,12,4,26,48,65,113,139
10/23/2014,CYS,WY,ANM,WE,Federal Contract Tower,0,20,7,13,40,0,0,0,0,0,0,20,7,13,40,47,176,223,263
10/24/2014,CYS,WY,ANM,WE,Federal Contract Tower,0,9,14,8,31,0,0,29,3,32,0,9,43,11,63,91,106,197,260
10/25/2014,CYS,WY,ANM,WE,Federal Contract Tower,0,14,12,5,31,0,0,11,2,13,0,14,23,7,44,70,13,83,127
10/26/2014,CYS,WY,ANM,WE,Federal Contract Tower,0,4,9,3,16,0,0,9,0,9,0,4,18,3,25,24,0,24,49
10/27/2014,CYS,WY,ANM,WE,Federal Contract Tower,0,7,4,4,15,0,0,4,0,4,0,7,8,4,19,33,102,135,154
10/28/2014,CYS,WY,ANM,WE,Federal Contract Tower,0,11,12,7,30,0,0,22,0,22,0,11,34,7,52,73,225,298,350
10/29/2014,CYS,WY,ANM,WE,Federal Contract Tower,0,6,21,11,38,0,0,2,0,2,0,6,23,11,40,18,139,157,197
10/30/2014,CYS,WY,ANM,WE,Federal Contract Tower,0,6,20,5,31,0,0,9,0,9,0,6,29,5,40,53,86,139,179
10/31/2014,CYS,WY,ANM,WE,Federal Contract Tower,0,8,16,5,29,0,0,0,0,0,0,8,16,5,29,61,200,261,290
11/01/2014,CYS,WY,ANM,WE,Federal Contract Tower,0,6,5,5,16,0,0,15,0,15,0,6,20,5,31,81,3,84,115
11/02/2014,CYS,WY,ANM,WE,Federal Contract Tower,0,4,10,2,16,0,0,2,0,2,0,4,12,2,18,86,11,97,115
11/03/2014,CYS,WY,ANM,WE,Federal Contract Tower,0,5,8,3,16,0,0,0,0,0,0,5,8,3,16,4,55,59,75
11/04/2014,CYS,WY,ANM,WE,Federal Contract Tower,0,5,12,8,25,0,0,16,0,16,0,5,28,8,41,89,52,141,182
11/05/2014,CYS,WY,ANM,WE,Federal Contract Tower,0,6,13,20,39,0,0,9,1,10,0,6,22,21,49,48,61,109,158
11/06/2014,CYS,WY,ANM,WE,Federal Contract Tower,0,5,18,18,41,0,0,22,0,22,0,5,40,18,63,73,151,224,287
11/07/2014,CYS,WY,ANM,WE,Federal Contract Tower,0,5,2,9,16,0,0,2,0,2,0,5,4,9,18,33,112,145,163
11/08/2014,CYS,WY,ANM,WE,Federal Contract Tower,0,5,10,2,17,0,0,5,9,14,0,5,15,11,31,49,37,86,117
11/09/2014,CYS,WY,ANM,WE,Federal Contract Tower,0,4,2,1,7,0,0,2,0,2,0,4,4,1,9,7,5,12,21
11/10/2014,CYS,WY,ANM,WE,Federal Contract Tower,0,4,2,0,6,0,0,0,0,0,0,4,2,0,6,0,10,10,16
11/11/2014,CYS,WY,ANM,WE,Federal Contract Tower,0,7,18,0,25,0,0,1,0,1,0,7,19,0,26,4,0,4,30
11/12/2014,CYS,WY,ANM,WE,Federal Contract Tower,0,6,10,0,16,0,0,0,0,0,0,6,10,0,16,6,171,177,193
11/13/2014,CYS,WY,ANM,WE,Federal Contract Tower,0,6,19,13,38,0,0,2,0,2,0,6,21,13,40,6,75,81,121
11/14/2014,CYS,WY,ANM,WE,Federal Contract Tower,0,20,15,10,45,0,8,7,0,15,0,28,22,10,60,67,40,107,167
11/15/2014,CYS,WY,ANM,WE,Federal Contract Tower,0,4,4,2,10,0,0,0,0,0,0,4,4,2,10,1,0,1,11
11/16/2014,CYS,WY,ANM,WE,Federal Contract Tower,0,5,1,2,8,0,0,1,0,1,0,5,2,2,9,28,2,30,39
11/17/2014,CYS,WY,ANM,WE,Federal Contract Tower,0,13,15,5,33,0,0,9,0,9,0,13,24,5,42,23,101,124,166
11/18/2014,CYS,WY,ANM,WE,Federal Contract Tower,0,9,16,20,45,0,0,2,0,2,0,9,18,20,47,15,157,172,219
11/19/2014,CYS,WY,ANM,WE,Federal Contract Tower,0,7,15,9,31,0,0,5,0,5,0,7,20,9,36,30,144,174,210
11/20/2014,CYS,WY,ANM,WE,Federal Contract Tower,0,5,8,8,21,0,0,13,0,13,0,5,21,8,34,49,72,121,155
11/21/2014,CYS,WY,ANM,WE,Federal Contract Tower,0,5,16,12,33,0,0,3,0,3,0,5,19,12,36,82,92,174,210
11/22/2014,CYS,WY,ANM,WE,Federal Contract Tower,0,1,10,1,12,0,0,0,0,0,0,1,10,1,12,15,1,16,28
11/23/2014,CYS,WY,ANM,WE,Federal Contract Tower,0,3,8,1,12,0,0,0,0,0,0,3,8,1,12,16,0,16,28
11/24/2014,CYS,WY,ANM,WE,Federal Contract Tower,0,5,3,1,9,0,0,2,2,4,0,5,5,3,13,5,87,92,105
11/25/2014,CYS,WY,ANM,WE,Federal Contract Tower,0,6,14,1,21,0,0,3,0,3,0,6,17,1,24,2,15,17,41
11/26/2014,CYS,WY,ANM,WE,Federal Contract Tower,0,2,5,4,11,0,0,4,0,4,0,2,9,4,15,9,0,9,24
11/27/2014,CYS,WY,ANM,WE,Federal Contract Tower,0,1,8,0,9,0,0,2,0,2,0,1,10,0,11,6,0,6,17
11/28/2014,CYS,WY,ANM,WE,Federal Contract Tower,0,4,2,0,6,0,0,0,0,0,0,4,2,0,6,20,0,20,26
11/29/2014,CYS,WY,ANM,WE,Federal Contract Tower,0,7,2,0,9,0,0,2,0,2,0,7,4,0,11,4,1,5,16
11/30/2014,CYS,WY,ANM,WE,Federal Contract Tower,3,0,3,0,6,0,0,0,0,0,3,0,3,0,6,56,0,56,62
12/01/2014,CYS,WY,ANM,WE,Federal Contract Tower,0,13,15,5,33,0,2,6,0,8,0,15,21,5,41,10,75,85,126
12/02/2014,CYS,WY,ANM,WE,Federal Contract Tower,0,11,18,4,33,0,0,11,0,11,0,11,29,4,44,11,133,144,188
12/03/2014,CYS,WY,ANM,WE,Federal Contract Tower,0,12,12,4,28,0,2,4,1,7,0,14,16,5,35,8,119,127,162
12/04/2014,CYS,WY,ANM,WE,Federal Contract Tower,0,8,15,17,40,0,0,17,0,17,0,8,32,17,57,65,105,170,227
12/05/2014,CYS,WY,ANM,WE,Federal Contract Tower,0,3,19,8,30,0,0,0,0,0,0,3,19,8,30,20,70,90,120
12/06/2014,CYS,WY,ANM,WE,Federal Contract Tower,0,6,7,3,16,0,0,10,0,10,0,6,17,3,26,69,4,73,99
12/07/2014,CYS,WY,ANM,WE,Federal Contract Tower,0,2,10,0,12,0,0,0,0,0,0,2,10,0,12,29,0,29,41
12/08/2014,CYS,WY,ANM,WE,Federal Contract Tower,0,11,18,11,40,0,3,2,0,5,0,14,20,11,45,86,133,219,264
12/09/2014,CYS,WY,ANM,WE,Federal Contract Tower,0,11,20,17,48,0,0,15,2,17,0,11,35,19,65,58,230,288,353
12/10/2014,CYS,WY,ANM,WE,Federal Contract Tower,0,8,29,12,49,0,0,13,0,13,0,8,42,12,62,66,97,163,225
12/11/2014,CYS,WY,ANM,WE,Federal Contract Tower,0,6,20,5,31,0,0,6,2,8,0,6,26,7,39,21,36,57,96
12/12/2014,CYS,WY,ANM,WE,Federal Contract Tower,2,7,10,5,24,0,0,10,0,10,2,7,20,5,34,21,65,86,120
12/13/2014,CYS,WY,ANM,WE,Federal Contract Tower,0,4,10,1,15,0,0,5,0,5,0,4,15,1,20,131,0,131,151
12/14/2014,CYS,WY,ANM,WE,Federal Contract Tower,0,3,3,0,6,0,0,0,0,0,0,3,3,0,6,0,0,0,6
12/15/2014,CYS,WY,ANM,WE,Federal Contract Tower,2,6,9,4,21,0,2,0,1,3,2,8,9,5,24,3,50,53,77
12/16/2014,CYS,WY,ANM,WE,Federal Contract Tower,0,8,22,15,45,0,1,8,2,11,0,9,30,17,56,48,207,255,311
12/17/2014,CYS,WY,ANM,WE,Federal Contract Tower,0,15,20,24,59,0,6,9,4,19,0,21,29,28,78,28,138,166,244
12/18/2014,CYS,WY,ANM,WE,Federal Contract Tower,0,9,27,14,50,0,0,12,9,21,0,9,39,23,71,70,86,156,227
12/19/2014,CYS,WY,ANM,WE,Federal Contract Tower,0,7,16,2,25,0,0,2,1,3,0,7,18,3,28,29,68,97,125
12/20/2014,CYS,WY,ANM,WE,Federal Contract Tower,0,2,6,0,8,0,0,3,0,3,0,2,9,0,11,36,0,36,47
12/21/2014,CYS,WY,ANM,WE,Federal Contract Tower,0,6,1,0,7,0,0,2,0,2,0,6,3,0,9,4,0,4,13
12/22/2014,CYS,WY,ANM,WE,Federal Contract Tower,0,6,3,2,11,0,0,0,0,0,0,6,3,2,11,8,77,85,96
12/23/2014,CYS,WY,ANM,WE,Federal Contract Tower,0,6,7,0,13,0,0,2,0,2,0,6,9,0,15,17,44,61,76
12/24/2014,CYS,WY,ANM,WE,Federal Contract Tower,0,6,2,0,8,0,0,10,0,10,0,6,12,0,18,39,23,62,80
12/25/2014,CYS,WY,ANM,WE,Federal Contract Tower,0,1,0,0,1,0,0,0,0,0,0,1,0,0,1,0,0,0,1
12/26/2014,CYS,WY,ANM,WE,Federal Contract Tower,0,0,5,0,5,0,0,0,0,0,0,0,5,0,5,1,0,1,6
12/27/2014,CYS,WY,ANM,WE,Federal Contract Tower,0,3,12,2,17,0,0,4,0,4,0,3,16,2,21,20,4,24,45
12/28/2014,CYS,WY,ANM,WE,Federal Contract Tower,0,6,2,0,8,0,0,0,0,0,0,6,2,0,8,6,0,6,14
12/29/2014,CYS,WY,ANM,WE,Federal Contract Tower,0,9,5,0,14,0,0,0,0,0,0,9,5,0,14,0,0,0,14
12/30/2014,CYS,WY,ANM,WE,Federal Contract Tower,0,7,7,5,19,0,0,1,0,1,0,7,8,5,20,13,55,68,88
12/31/2014,CYS,WY,ANM,WE,Federal Contract Tower,0,8,1,0,9,0,0,2,0,2,0,8,3,0,11,9,1,10,21
01/01/2015,CYS,WY,ANM,WE,Federal Contract Tower,0,5,1,0,6,0,0,1,0,1,0,5,2,0,7,18,0,18,25
01/02/2015,CYS,WY,ANM,WE,Federal Contract Tower,0,9,6,0,15,0,0,8,0,8,0,9,14,0,23,66,2,68,91
01/03/2015,CYS,WY,ANM,WE,Federal Contract Tower,0,8,1,0,9,0,0,1,0,1,0,8,2,0,10,3,0,3,13
01/04/2015,CYS,WY,ANM,WE,Federal Contract Tower,0,3,6,0,9,0,0,0,0,0,0,3,6,0,9,35,0,35,44
01/05/2015,CYS,WY,ANM,WE,Federal Contract Tower,0,6,5,1,12,0,0,2,0,2,0,6,7,1,14,24,0,24,38
01/06/2015,CYS,WY,ANM,WE,Federal Contract Tower,0,10,10,21,41,0,0,5,0,5,0,10,15,21,46,24,116,140,186
01/07/2015,CYS,WY,ANM,WE,Federal Contract Tower,0,8,11,4,23,0,0,0,0,0,0,8,11,4,23,16,4,20,43
01/08/2015,CYS,WY,ANM,WE,Federal Contract Tower,0,12,3,4,19,0,0,2,2,4,0,12,5,6,23,29,58,87,110
01/09/2015,CYS,WY,ANM,WE,Federal Contract Tower,0,6,5,4,15,0,0,0,0,0,0,6,5,4,15,10,2,12,27
01/10/2015,CYS,WY,ANM,WE,Federal Contract Tower,0,5,4,15,24,0,0,7,0,7,0,5,11,15,31,33,119,152,183
01/11/2015,CYS,WY,ANM,WE,Federal Contract Tower,0,4,5,10,19,0,0,3,4,7,0,4,8,14,26,39,9,48,74
01/12/2015,CYS,WY,ANM,WE,Federal Contract Tower,0,3,4,0,7,0,0,0,0,0,0,3,4,0,7,0,0,0,7
01/13/2015,CYS,WY,ANM,WE,Federal Contract Tower,0,8,11,3,22,0,0,7,4,11,0,8,18,7,33,14,64,78,111
01/14/2015,CYS,WY,ANM,WE,Federal Contract Tower,0,8,17,9,34,0,18,3,0,21,0,26,20,9,55,70,179,249,304
01/15/2015,CYS,WY,ANM,WE,Federal Contract Tower,0,7,18,5,30,0,0,2,4,6,0,7,20,9,36,72,27,99,135
01/16/2015,CYS,WY,ANM,WE,Federal Contract Tower,0,6,11,7,24,0,0,0,0,0,0,6,11,7,24,6,92,98,122
01/17/2015,CYS,WY,ANM,WE,Federal Contract Tower,0,4,4,0,8,0,0,9,0,9,0,4,13,0,17,18,0,18,35
01/18/2015,CYS,WY,ANM,WE,Federal Contract Tower,0,11,0,0,11,0,18,4,0,22,0,29,4,0,33,10,2,12,45
01/19/2015,CYS,WY,ANM,WE,Federal Contract Tower,0,12,0,0,12,0,18,17,0,35,0,30,17,0,47,44,7,51,98
01/20/2015,CYS,WY,ANM,WE,Federal Contract Tower,2,21,15,25,63,0,9,1,0,10,2,30,16,25,73,54,175,229,302
01/21/2015,CYS,WY,ANM,WE,Federal Contract Tower,0,7,13,11,31,0,0,17,0,17,0,7,30,11,48,54,110,164,212
01/22/2015,CYS,WY,ANM,WE,Federal Contract Tower,0,19,10,8,37,0,0,6,0,6,0,19,16,8,43,58,56,114,157
01/23/2015,CYS,WY,ANM,WE,Federal Contract Tower,0,9,6,10,25,0,0,1,0,1,0,9,7,10,26,11,103,114,140
01/24/2015,CYS,WY,ANM,WE,Federal Contract Tower,0,6,7,2,15,0,0,0,0,0,0,6,7,2,15,18,1,19,34
01/25/2015,CYS,WY,ANM,WE,Federal Contract Tower,0,3,26,5,34,0,0,7,0,7,0,3,33,5,41,32,0,32,73
01/26/2015,CYS,WY,ANM,WE,Federal Contract Tower,0,6,21,7,34,0,0,25,0,25,0,6,46,7,59,100,200,300,359
01/27/2015,CYS,WY,ANM,WE,Federal Contract Tower,0,10,6,10,26,0,0,3,0,3,0,10,9,10,29,37,125,162,191
01/28/2015,CYS,WY,ANM,WE,Federal Contract Tower,0,6,10,18,34,0,0,2,0,2,0,6,12,18,36,9,70,79,115
01/29/2015,CYS,WY,ANM,WE,Federal Contract Tower,0,7,11,9,27,0,0,12,0,12,0,7,23,9,39,131,98,229,268
01/30/2015,CYS,WY,ANM,WE,Federal Contract Tower,0,3,12,3,18,0,0,1,8,9,0,3,13,11,27,38,1,39,66
01/31/2015,CYS,WY,ANM,WE,Federal Contract Tower,0,5,2,2,9,0,0,0,0,0,0,5,2,2,9,30,2,32,41
02/01/2015,CYS,WY,ANM,WE,Federal Contract Tower,0,3,14,0,17,0,0,0,0,0,0,3,14,0,17,17,0,17,34
02/02/2015,CYS,WY,ANM,WE,Federal Contract Tower,0,0,0,0,0,0,0,0,0,0,0,0,0,0,0,10,203,213,213
02/03/2015,CYS,WY,ANM,WE,Federal Contract Tower,0,11,8,7,26,0,14,2,0,16,0,25,10,7,42,13,129,142,184
02/04/2015,CYS,WY,ANM,WE,Federal Contract Tower,0,4,6,2,12,0,0,6,0,6,0,4,12,2,18,7,51,58,76
02/05/2015,CYS,WY,ANM,WE,Federal Contract Tower,0,8,13,15,36,0,0,13,0,13,0,8,26,15,49,30,87,117,166
02/06/2015,CYS,WY,ANM,WE,Federal Contract Tower,0,11,3,8,22,0,18,0,2,20,0,29,3,10,42,47,100,147,189
02/07/2015,CYS,WY,ANM,WE,Federal Contract Tower,0,4,5,0,9,0,0,4,0,4,0,4,9,0,13,22,0,22,35
02/08/2015,CYS,WY,ANM,WE,Federal Contract Tower,0,4,14,3,21,0,0,0,0,0,0,4,14,3,21,11,4,15,36
02/09/2015,CYS,WY,ANM,WE,Federal Contract Tower,0,7,17,3,27,0,0,13,0,13,0,7,30,3,40,63,35,98,138
02/10/2015,CYS,WY,ANM,WE,Federal Contract Tower,0,10,20,18,48,0,0,11,0,11,0,10,31,18,59,88,169,257,316
02/11/2015,CYS,WY,ANM,WE,Federal Contract Tower,0,11,34,6,51,0,0,2,0,2,0,11,36,6,53,79,84,163,216
02/12/2015,CYS,WY,ANM,WE,Federal Contract Tower,0,7,17,10,34,0,11,7,0,18,0,18,24,10,52,76,85,161,213
02/13/2015,CYS,WY,ANM,WE,Federal Contract Tower,0,6,19,8,33,0,12,7,1,20,0,18,26,9,53,116,33,149,202
02/14/2015,CYS,WY,ANM,WE,Federal Contract Tower,0,5,17,1,23,0,0,0,0,0,0,5,17,1,23,90,0,90,113
02/15/2015,CYS,WY,ANM,WE,Federal Contract Tower,0,4,0,0,4,0,0,0,0,0,0,4,0,0,4,0,0,0,4
02/16/2015,CYS,WY,ANM,WE,Federal Contract Tower,0,11,11,0,22,0,0,0,0,0,0,11,11,0,22,13,0,13,35
02/17/2015,CYS,WY,ANM,WE,Federal Contract Tower,2,13,13,6,34,0,0,4,0,4,2,13,17,6,38,15,32,47,85
02/18/2015,CYS,WY,ANM,WE,Federal Contract Tower,0,5,12,34,51,0,0,7,0,7,0,5,19,34,58,24,96,120,178
02/19/2015,CYS,WY,ANM,WE,Federal Contract Tower,0,8,19,13,40,0,4,3,2,9,0,12,22,15,49,47,108,155,204
02/20/2015,CYS,WY,ANM,WE,Federal Contract Tower,0,4,4,4,12,0,0,2,4,6,0,4,6,8,18,34,10,44,62
02/21/2015,CYS,WY,ANM,WE,Federal Contract Tower,0,1,3,0,4,0,0,0,0,0,0,1,3,0,4,1,0,1,5
02/22/2015,CYS,WY,ANM,WE,Federal Contract Tower,0,3,15,3,21,0,0,0,0,0,0,3,15,3,21,3,3,6,27
02/23/2015,CYS,WY,ANM,WE,Federal Contract Tower,0,8,9,8,25,0,0,0,0,0,0,8,9,8,25,4,20,24,49
02/24/2015,CYS,WY,ANM,WE,Federal Contract Tower,0,4,11,14,29,0,0,6,9,15,0,4,17,23,44,91,85,176,220
02/25/2015,CYS,WY,ANM,WE,Federal Contract Tower,0,6,15,0,21,0,0,1,0,1,0,6,16,0,22,4,10,14,36
02/26/2015,CYS,WY,ANM,WE,Federal Contract Tower,0,5,8,2,15,0,0,0,0,0,0,5,8,2,15,0,0,0,15
02/27/2015,CYS,WY,ANM,WE,Federal Contract Tower,0,6,3,7,16,0,0,0,0,0,0,6,3,7,16,0,0,0,16
02/28/2015,CYS,WY,ANM,WE,Federal Contract Tower,0,19,7,1,27,0,0,0,1,1,0,19,7,2,28,18,0,18,46
03/01/2015,CYS,WY,ANM,WE,Federal Contract Tower,0,6,2,2,10,0,0,0,2,2,0,6,2,4,12,7,0,7,19
03/02/2015,CYS,WY,ANM,WE,Federal Contract Tower,0,11,2,2,15,0,0,2,0,2,0,11,4,2,17,3,29,32,49
03/03/2015,CYS,WY,ANM,WE,Federal Contract Tower,0,9,3,9,21,0,0,0,0,0,0,9,3,9,21,0,4,4,25
03/04/2015,CYS,WY,ANM,WE,Federal Contract Tower,0,7,12,14,33,0,0,14,0,14,0,7,26,14,47,43,141,184,231
03/05/2015,CYS,WY,ANM,WE,Federal Contract Tower,0,6,7,5,18,0,0,0,0,0,0,6,7,5,18,41,33,74,92
03/06/2015,CYS,WY,ANM,WE,Federal Contract Tower,0,7,10,5,22,0,3,2,1,6,0,10,12,6,28,28,32,60,88
03/07/2015,CYS,WY,ANM,WE,Federal Contract Tower,0,4,2,2,8,0,0,8,0,8,0,4,10,2,16,94,15,109,125
03/08/2015,CYS,WY,ANM,WE,Federal Contract Tower,0,4,10,5,19,0,0,0,0,0,0,4,10,5,19,58,7,65,84
03/09/2015,CYS,WY,ANM,WE,Federal Contract Tower,0,6,12,8,26,0,0,14,5,19,0,6,26,13,45,51,115,166,211
03/10/2015,CYS,WY,ANM,WE,Federal Contract Tower,0,9,17,9,35,0,0,19,9,28,0,9,36,18,63,115,78,193,256
03/11/2015,CYS,WY,ANM,WE,Federal Contract Tower,0,7,17,3,27,0,0,18,2,20,0,7,35,5,47,50,74,124,171
03/12/2015,CYS,WY,ANM,WE,Federal Contract Tower,0,11,11,2,24,0,5,2,25,32,0,16,13,27,56,65,93,158,214
03/13/2015,CYS,WY,ANM,WE,Federal Contract Tower,0,8,5,9,22,0,0,11,2,13,0,8,16,11,35,44,104,148,183
03/14/2015,CYS,WY,ANM,WE,Federal Contract Tower,0,6,12,12,30,0,0,0,0,0,0,6,12,12,30,54,37,91,121
03/15/2015,CYS,WY,ANM,WE,Federal Contract Tower,0,2,9,0,11,0,0,4,0,4,0,2,13,0,15,43,0,43,58
03/16/2015,CYS,WY,ANM,WE,Federal Contract Tower,0,10,2,6,18,0,0,6,9,15,0,10,8,15,33,39,69,108,141
03/17/2015,CYS,WY,ANM,WE,Federal Contract Tower,0,5,14,3,22,0,0,4,0,4,0,5,18,3,26,5,86,91,117
03/18/2015,CYS,WY,ANM,WE,Federal Contract Tower,0,9,22,10,41,0,0,4,32,36,0,9,26,42,77,24,115,139,216
03/19/2015,CYS,WY,ANM,WE,Federal Contract Tower,0,7,21,7,35,0,0,0,0,0,0,7,21,7,35,77,64,141,176
03/20/2015,CYS,WY,ANM,WE,Federal Contract Tower,0,8,9,5,22,0,0,4,0,4,0,8,13,5,26,79,55,134,160
03/21/2015,CYS,WY,ANM,WE,Federal Contract Tower,2,5,6,0,13,0,0,4,0,4,2,5,10,0,17,85,0,85,102
03/22/2015,CYS,WY,ANM,WE,Federal Contract Tower,0,9,2,0,11,0,4,2,0,6,0,13,4,0,17,34,0,34,51
03/23/2015,CYS,WY,ANM,WE,Federal Contract Tower,0,7,14,1,22,0,0,6,0,6,0,7,20,1,28,12,30,42,70
03/24/2015,CYS,WY,ANM,WE,Federal Contract Tower,0,7,15,7,29,0,0,2,0,2,0,7,17,7,31,35,86,121,152
03/25/2015,CYS,WY,ANM,WE,Federal Contract Tower,0,5,6,13,24,0,0,4,4,8,0,5,10,17,32,17,148,165,197
03/26/2015,CYS,WY,ANM,WE,Federal Contract Tower,0,9,17,8,34,0,0,14,0,14,0,9,31,8,48,31,98,129,177
03/27/2015,CYS,WY,ANM,WE,Federal Contract Tower,0,8,9,2,19,0,0,14,0,14,0,8,23,2,33,51,8,59,92
03/28/2015,CYS,WY,ANM,WE,Federal Contract Tower,0,6,10,1,17,0,0,0,0,0,0,6,10,1,17,63,1,64,81
03/29/2015,CYS,WY,ANM,WE,Federal Contract Tower,0,4,16,0,20,0,0,0,0,0,0,4,16,0,20,55,2,57,77
03/30/2015,CYS,WY,ANM,WE,Federal Contract Tower,0,8,19,5,32,0,0,5,0,5,0,8,24,5,37,58,59,117,154
03/31/2015,CYS,WY,ANM,WE,Federal Contract Tower,0,18,30,30,78,0,3,5,0,8,0,21,35,30,86,28,268,296,382
04/01/2015,CYS,WY,ANM,WE,Federal Contract Tower,2,8,9,2,21,0,0,3,0,3,2,8,12,2,24,19,88,107,131
04/02/2015,CYS,WY,ANM,WE,Federal Contract Tower,0,6,3,5,14,0,0,0,0,0,0,6,3,5,14,0,14,14,28
04/03/2015,CYS,WY,ANM,WE,Federal Contract Tower,0,13,24,9,46,0,2,13,2,17,0,15,37,11,63,65,20,85,148
04/04/2015,CYS,WY,ANM,WE,Federal Contract Tower,0,1,16,2,19,0,0,0,0,0,0,1,16,2,19,57,1,58,77
04/05/2015,CYS,WY,ANM,WE,Federal Contract Tower,0,3,4,0,7,0,0,0,0,0,0,3,4,0,7,38,1,39,46
04/06/2015,CYS,WY,ANM,WE,Federal Contract Tower,0,7,7,8,22,0,0,5,0,5,0,7,12,8,27,29,121,150,177
04/07/2015,CYS,WY,ANM,WE,Federal Contract Tower,0,9,14,18,41,0,0,7,2,9,0,9,21,20,50,39,150,189,239
04/08/2015,CYS,WY,ANM,WE,Federal Contract Tower,0,9,19,18,46,0,0,5,1,6,0,9,24,19,52,10,77,87,139
04/09/2015,CYS,WY,ANM,WE,Federal Contract Tower,0,9,5,13,27,0,0,7,0,7,0,9,12,13,34,30,125,155,189
04/10/2015,CYS,WY,ANM,WE,Federal Contract Tower,0,10,9,18,37,0,16,0,0,16,0,26,9,18,53,37,125,162,215
04/11/2015,CYS,WY,ANM,WE,Federal Contract Tower,0,8,7,2,17,0,0,5,0,5,0,8,12,2,22,87,76,163,185
04/12/2015,CYS,WY,ANM,WE,Federal Contract Tower,0,4,9,5,18,0,0,0,0,0,0,4,9,5,18,14,11,25,43
04/13/2015,CYS,WY,ANM,WE,Federal Contract Tower,0,6,14,9,29,0,0,6,0,6,0,6,20,9,35,45,95,140,175
04/14/2015,CYS,WY,ANM,WE,Federal Contract Tower,0,7,10,12,29,0,0,4,0,4,0,7,14,12,33,6,164,170,203
04/15/2015,CYS,WY,ANM,WE,Federal Contract Tower,0,8,8,6,22,0,0,0,0,0,0,8,8,6,22,2,77,79,101
04/16/2015,CYS,WY,ANM,WE,Federal Contract Tower,0,2,7,2,11,0,0,0,0,0,0,2,7,2,11,0,0,0,11
04/17/2015,CYS,WY,ANM,WE,Federal Contract Tower,0,4,4,1,9,0,0,0,0,0,0,4,4,1,9,0,0,0,9
04/18/2015,CYS,WY,ANM,WE,Federal Contract Tower,0,6,14,2,22,0,0,0,0,0,0,6,14,2,22,0,0,0,22
04/19/2015,CYS,WY,ANM,WE,Federal Contract Tower,0,4,0,0,4,0,0,16,0,16,0,4,16,0,20,46,4,50,70
04/20/2015,CYS,WY,ANM,WE,Federal Contract Tower,0,8,5,6,19,0,0,16,0,16,0,8,21,6,35,53,89,142,177
04/21/2015,CYS,WY,ANM,WE,Federal Contract Tower,0,10,13,22,45,0,0,13,1,14,0,10,26,23,59,46,127,173,232
04/22/2015,CYS,WY,ANM,WE,Federal Contract Tower,0,10,16,14,40,0,0,1,0,1,0,10,17,14,41,88,138,226,267
04/23/2015,CYS,WY,ANM,WE,Federal Contract Tower,0,6,13,6,25,0,0,0,0,0,0,6,13,6,25,26,68,94,119
04/24/2015,CYS,WY,ANM,WE,Federal Contract Tower,2,8,7,5,22,0,0,8,0,8,2,8,15,5,30,20,87,107,137
04/25/2015,CYS,WY,ANM,WE,Federal Contract Tower,0,10,7,3,20,1,0,7,4,12,1,10,14,7,32,68,11,79,111
04/26/2015,CYS,WY,ANM,WE,Federal Contract Tower,0,3,1,0,4,0,0,0,0,0,0,3,1,0,4,2,0,2,6
04/27/2015,CYS,WY,ANM,WE,Federal Contract Tower,0,7,24,8,39,0,0,3,0,3,0,7,27,8,42,1,99,100,142
04/28/2015,CYS,WY,ANM,WE,Federal Contract Tower,0,8,4,17,29,0,0,8,3,11,0,8,12,20,40,25,114,139,179
04/29/2015,CYS,WY,ANM,WE,Federal Contract Tower,0,8,21,7,36,0,0,1,0,1,0,8,22,7,37,101,55,156,193
04/30/2015,CYS,WY,ANM,WE,Federal Contract Tower,0,13,13,9,35,0,0,3,0,3,0,13,16,9,38,36,73,109,147
05/01/2015,CYS,WY,ANM,WE,Federal Contract Tower,0,8,11,10,29,0,0,0,0,0,0,8,11,10,29,18,136,154,183
05/02/2015,CYS,WY,ANM,WE,Federal Contract Tower,8,4,3,9,24,0,0,0,0,0,8,4,3,9,24,53,42,95,119
05/03/2015,CYS,WY,ANM,WE,Federal Contract Tower,0,4,12,4,20,0,0,2,0,2,0,4,14,4,22,20,12,32,54
05/04/2015,CYS,WY,ANM,WE,Federal Contract Tower,0,4,18,15,37,0,0,10,0,10,0,4,28,15,47,10,114,124,171
05/05/2015,CYS,WY,ANM,WE,Federal Contract Tower,0,9,9,0,18,0,0,0,0,0,0,9,9,0,18,0,0,0,18
05/06/2015,CYS,WY,ANM,WE,Federal Contract Tower,0,6,11,32,49,0,0,4,0,4,0,6,15,32,53,2,55,57,110
05/07/2015,CYS,WY,ANM,WE,Federal Contract Tower,0,10,12,4,26,0,0,6,0,6,0,10,18,4,32,4,22,26,58
05/08/2015,CYS,WY,ANM,WE,Federal Contract Tower,0,7,5,4,16,0,0,0,0,0,0,7,5,4,16,0,0,0,16
05/09/2015,CYS,WY,ANM,WE,Federal Contract Tower,0,2,1,0,3,0,0,0,0,0,0,2,1,0,3,0,0,0,3
05/10/2015,CYS,WY,ANM,WE,Federal Contract Tower,0,3,0,0,3,0,0,0,2,2,0,3,0,2,5,0,0,0,5
05/11/2015,CYS,WY,ANM,WE,Federal Contract Tower,0,2,16,18,36,0,0,0,0,0,0,2,16,18,36,29,211,240,276
05/12/2015,CYS,WY,ANM,WE,Federal Contract Tower,0,9,19,17,45,0,0,7,2,9,0,9,26,19,54,40,172,212,266
05/13/2015,CYS,WY,ANM,WE,Federal Contract Tower,0,6,16,11,33,0,0,8,0,8,0,6,24,11,41,30,32,62,103
05/14/2015,CYS,WY,ANM,WE,Federal Contract Tower,1,17,14,6,38,0,1,0,2,3,1,18,14,8,41,37,29,66,107
05/15/2015,CYS,WY,ANM,WE,Federal Contract Tower,0,7,13,0,20,0,0,2,0,2,0,7,15,0,22,17,1,18,40
05/16/2015,CYS,WY,ANM,WE,Federal Contract Tower,0,3,6,2,11,0,0,0,0,0,0,3,6,2,11,22,0,22,33
05/17/2015,CYS,WY,ANM,WE,Federal Contract Tower,0,0,5,3,8,0,0,0,0,0,0,0,5,3,8,10,0,10,18
05/18/2015,CYS,WY,ANM,WE,Federal Contract Tower,0,3,30,6,39,0,0,6,1,7,0,3,36,7,46,36,75,111,157
05/19/2015,CYS,WY,ANM,WE,Federal Contract Tower,0,4,21,3,28,0,0,0,0,0,0,4,21,3,28,0,0,0,28
05/20/2015,CYS,WY,ANM,WE,Federal Contract Tower,0,18,25,18,61,0,0,0,0,0,0,18,25,18,61,0,2,2,63
05/21/2015,CYS,WY,ANM,WE,Federal Contract Tower,0,9,18,12,39,0,0,4,0,4,0,9,22,12,43,6,65,71,114
05/22/2015,CYS,WY,ANM,WE,Federal Contract Tower,9,0,5,0,14,0,0,0,0,0,9,0,5,0,14,0,0,0,14
05/23/2015,CYS,WY,ANM,WE,Federal Contract Tower,21,5,6,5,37,0,0,2,0,2,21,5,8,5,39,25,5,30,69
05/24/2015,CYS,WY,ANM,WE,Federal Contract Tower,0,3,13,0,16,0,0,0,0,0,0,3,13,0,16,45,0,45,61
05/25/2015,CYS,WY,ANM,WE,Federal Contract Tower,0,3,6,0,9,0,0,0,0,0,0,3,6,0,9,7,0,7,16
05/26/2015,CYS,WY,ANM,WE,Federal Contract Tower,0,4,10,17,31,0,0,10,2,12,0,4,20,19,43,16,211,227,270
05/27/2015,CYS,WY,ANM,WE,Federal Contract Tower,0,3,3,11,17,0,0,2,0,2,0,3,5,11,19,30,75,105,124
05/28/2015,CYS,WY,ANM,WE,Federal Contract Tower,0,7,8,7,22,0,0,2,0,2,0,7,10,7,24,32,116,148,172
05/29/2015,CYS,WY,ANM,WE,Federal Contract Tower,0,10,9,5,24,0,0,0,0,0,0,10,9,5,24,13,34,47,71
05/30/2015,CYS,WY,ANM,WE,Federal Contract Tower,0,3,11,3,17,0,0,0,0,0,0,3,11,3,17,144,3,147,164
05/31/2015,CYS,WY,ANM,WE,Federal Contract Tower,0,0,9,0,9,0,0,0,0,0,0,0,9,0,9,53,1,54,63
06/01/2015,CYS,WY,ANM,WE,Federal Contract Tower,0,6,15,0,21,0,0,0,0,0,0,6,15,0,21,42,61,103,124
06/02/2015,CYS,WY,ANM,WE,Federal Contract Tower,0,10,16,2,28,0,4,5,4,13,0,14,21,6,41,71,80,151,192
06/03/2015,CYS,WY,ANM,WE,Federal Contract Tower,0,6,9,10,25,0,0,4,0,4,0,6,13,10,29,16,87,103,132
06/04/2015,CYS,WY,ANM,WE,Federal Contract Tower,0,25,16,5,46,0,6,2,0,8,0,31,18,5,54,29,81,110,164
06/05/2015,CYS,WY,ANM,WE,Federal Contract Tower,0,2,11,11,24,0,0,0,0,0,0,2,11,11,24,26,75,101,125
06/06/2015,CYS,WY,ANM,WE,Federal Contract Tower,0,2,6,6,14,0,7,0,0,7,0,9,6,6,21,41,8,49,70
06/07/2015,CYS,WY,ANM,WE,Federal Contract Tower,2,16,13,6,37,0,29,10,0,39,2,45,23,6,76,30,28,58,134
06/08/2015,CYS,WY,ANM,WE,Federal Contract Tower,0,2,16,21,39,0,2,14,0,16,0,4,30,21,55,95,101,196,251
06/09/2015,CYS,WY,ANM,WE,Federal Contract Tower,2,9,15,10,36,0,5,2,0,7,2,14,17,10,43,59,132,191,234
06/10/2015,CYS,WY,ANM,WE,Federal Contract Tower,0,12,16,12,40,0,5,0,0,5,0,17,16,12,45,27,63,90,135
06/11/2015,CYS,WY,ANM,WE,Federal Contract Tower,4,6,12,6,28,0,0,4,0,4,4,6,16,6,32,39,43,82,114
06/12/2015,CYS,WY,ANM,WE,Federal Contract Tower,0,11,15,11,37,0,2,0,2,4,0,13,15,13,41,27,75,102,143
06/13/2015,CYS,WY,ANM,WE,Federal Contract Tower,6,6,12,4,28,0,0,2,0,2,6,6,14,4,30,52,23,75,105
06/14/2015,CYS,WY,ANM,WE,Federal Contract Tower,0,1,5,2,8,0,0,0,0,0,0,1,5,2,8,33,1,34,42
06/15/2015,CYS,WY,ANM,WE,Federal Contract Tower,0,7,7,11,25,0,0,9,1,10,0,7,16,12,35,20,101,121,156
06/16/2015,CYS,WY,ANM,WE,Federal Contract Tower,0,9,5,8,22,0,0,14,0,14,0,9,19,8,36,45,44,89,125
06/17/2015,CYS,WY,ANM,WE,Federal Contract Tower,0,6,13,6,25,0,0,8,8,16,0,6,21,14,41,56,35,91,132
06/18/2015,CYS,WY,ANM,WE,Federal Contract Tower,0,8,19,17,44,0,0,2,4,6,0,8,21,21,50,41,25,66,116
06/19/2015,CYS,WY,ANM,WE,Federal Contract Tower,2,10,7,12,31,0,0,2,0,2,2,10,9,12,33,55,49,104,137
06/20/2015,CYS,WY,ANM,WE,Federal Contract Tower,0,5,10,8,23,0,0,2,0,2,0,5,12,8,25,80,6,86,111
06/21/2015,CYS,WY,ANM,WE,Federal Contract Tower,0,2,7,0,9,0,0,1,0,1,0,2,8,0,10,56,1,57,67
06/22/2015,CYS,WY,ANM,WE,Federal Contract Tower,2,5,15,6,28,0,0,0,0,0,2,5,15,6,28,57,30,87,115
06/23/2015,CYS,WY,ANM,WE,Federal Contract Tower,0,5,18,30,53,0,0,1,0,1,0,5,19,30,54,47,146,193,247
06/24/2015,CYS,WY,ANM,WE,Federal Contract Tower,4,11,18,4,37,0,0,0,0,0,4,11,18,4,37,35,46,81,118
06/25/2015,CYS,WY,ANM,WE,Federal Contract Tower,2,14,16,2,34,0,1,9,2,12,2,15,25,4,46,41,107,148,194
06/26/2015,CYS,WY,ANM,WE,Federal Contract Tower,0,10,15,6,31,0,0,1,4,5,0,10,16,10,36,74,23,97,133
06/27/2015,CYS,WY,ANM,WE,Federal Contract Tower,0,2,9,5,16,0,0,1,0,1,0,2,10,5,17,56,14,70,87
06/28/2015,CYS,WY,ANM,WE,Federal Contract Tower,4,2,11,0,17,0,0,7,0,7,4,2,18,0,24,85,7,92,116
06/29/2015,CYS,WY,ANM,WE,Federal Contract Tower,0,7,11,2,20,0,0,7,0,7,0,7,18,2,27,36,11,47,74
06/30/2015,CYS,WY,ANM,WE,Federal Contract Tower,0,8,11,12,31,0,0,4,0,4,0,8,15,12,35,33,29,62,97
07/01/2015,CYS,WY,ANM,WE,Federal Contract Tower,2,5,10,7,24,0,0,2,0,2,2,5,12,7,26,24,32,56,82
07/02/2015,CYS,WY,ANM,WE,Federal Contract Tower,0,8,16,4,28,0,0,4,0,4,0,8,20,4,32,43,43,86,118
07/03/2015,CYS,WY,ANM,WE,Federal Contract Tower,0,0,2,0,2,0,0,0,0,0,0,0,2,0,2,81,0,81,83
07/04/2015,CYS,WY,ANM,WE,Federal Contract Tower,0,2,4,0,6,0,0,2,0,2,0,2,6,0,8,20,2,22,30
07/05/2015,CYS,WY,ANM,WE,Federal Contract Tower,0,0,4,0,4,0,1,2,0,3,0,1,6,0,7,29,0,29,36
07/06/2015,CYS,WY,ANM,WE,Federal Contract Tower,0,4,18,1,23,0,0,0,0,0,0,4,18,1,23,0,4,4,27
07/07/2015,CYS,WY,ANM,WE,Federal Contract Tower,0,8,16,14,38,0,0,0,0,0,0,8,16,14,38,6,107,113,151
07/08/2015,CYS,WY,ANM,WE,Federal Contract Tower,0,7,23,30,60,0,0,0,0,0,0,7,23,30,60,0,70,70,130
07/09/2015,CYS,WY,ANM,WE,Federal Contract Tower,10,8,12,10,40,0,0,2,0,2,10,8,14,10,42,49,22,71,113
07/10/2015,CYS,WY,ANM,WE,Federal Contract Tower,0,4,10,7,21,0,2,0,0,2,0,6,10,7,23,82,87,169,192
07/11/2015,CYS,WY,ANM,WE,Federal Contract Tower,0,4,3,7,14,0,0,15,3,18,0,4,18,10,32,50,17,67,99
07/12/2015,CYS,WY,ANM,WE,Federal Contract Tower,0,1,10,11,22,0,0,12,0,12,0,1,22,11,34,44,12,56,90
07/13/2015,CYS,WY,ANM,WE,Federal Contract Tower,0,5,12,3,20,0,0,6,0,6,0,5,18,3,26,66,67,133,159
07/14/2015,CYS,WY,ANM,WE,Federal Contract Tower,8,9,12,9,38,0,0,2,0,2,8,9,14,9,40,47,93,140,180
07/15/2015,CYS,WY,ANM,WE,Federal Contract Tower,6,6,10,7,29,0,0,0,0,0,6,6,10,7,29,42,54,96,125
07/16/2015,CYS,WY,ANM,WE,Federal Contract Tower,0,5,38,14,57,0,0,4,2,6,0,5,42,16,63,75,149,224,287
07/17/2015,CYS,WY,ANM,WE,Federal Contract Tower,0,2,31,3,36,0,0,8,0,8,0,2,39,3,44,51,56,107,151
07/18/2015,CYS,WY,ANM,WE,Federal Contract Tower,0,2,10,8,20,0,2,0,0,2,0,4,10,8,22,35,16,51,73
07/19/2015,CYS,WY,ANM,WE,Federal Contract Tower,0,2,8,3,13,0,0,0,0,0,0,2,8,3,13,60,10,70,83
07/20/2015,CYS,WY,ANM,WE,Federal Contract Tower,0,4,6,3,13,0,0,9,1,10,0,4,15,4,23,72,35,107,130
07/21/2015,CYS,WY,ANM,WE,Federal Contract Tower,2,8,22,9,41,0,0,2,0,2,2,8,24,9,43,20,76,96,139
07/22/2015,CYS,WY,ANM,WE,Federal Contract Tower,0,7,19,3,29,0,0,10,1,11,0,7,29,4,40,19,29,48,88
07/23/2015,CYS,WY,ANM,WE,Federal Contract Tower,0,5,20,10,35,0,0,18,0,18,0,5,38,10,53,74,20,94,147
07/24/2015,CYS,WY,ANM,WE,Federal Contract Tower,0,11,26,1,38,0,11,14,0,25,0,22,40,1,63,75,22,97,160
07/25/2015,CYS,WY,ANM,WE,Federal Contract Tower,0,8,22,2,32,0,10,26,0,36,0,18,48,2,68,44,1,45,113
07/26/2015,CYS,WY,ANM,WE,Federal Contract Tower,0,3,17,0,20,0,0,0,0,0,0,3,17,0,20,35,0,35,55
07/27/2015,CYS,WY,ANM,WE,Federal Contract Tower,0,7,8,7,22,0,0,22,0,22,0,7,30,7,44,26,71,97,141
07/28/2015,CYS,WY,ANM,WE,Federal Contract Tower,0,5,6,13,24,0,0,5,1,6,0,5,11,14,30,22,76,98,128
07/29/2015,CYS,WY,ANM,WE,Federal Contract Tower,0,10,16,15,41,0,0,10,2,12,0,10,26,17,53,54,133,187,240
07/30/2015,CYS,WY,ANM,WE,Federal Contract Tower,0,6,18,2,26,0,0,15,0,15,0,6,33,2,41,45,75,120,161
07/31/2015,CYS,WY,ANM,WE,Federal Contract Tower,0,9,7,8,24,0,0,0,0,0,0,9,7,8,24,51,12,63,87
08/01/2015,CYS,WY,ANM,WE,Federal Contract Tower,0,3,33,4,40,0,0,12,0,12,0,3,45,4,52,96,7,103,155
08/02/2015,CYS,WY,ANM,WE,Federal Contract Tower,0,3,11,2,16,0,0,17,0,17,0,3,28,2,33,42,20,62,95
08/03/2015,CYS,WY,ANM,WE,Federal Contract Tower,0,4,5,13,22,0,0,2,3,5,0,4,7,16,27,17,71,88,115
08/04/2015,CYS,WY,ANM,WE,Federal Contract Tower,0,11,16,7,34,0,5,10,4,19,0,16,26,11,53,18,46,64,117
08/05/2015,CYS,WY,ANM,WE,Federal Contract Tower,0,7,15,13,35,0,0,0,8,8,0,7,15,21,43,71,83,154,197
08/06/2015,CYS,WY,ANM,WE,Federal Contract Tower,0,13,15,6,34,0,7,2,0,9,0,20,17,6,43,53,36,89,132
08/07/2015,CYS,WY,ANM,WE,Federal Contract Tower,0,4,12,13,29,0,0,2,0,2,0,4,14,13,31,47,50,97,128
08/08/2015,CYS,WY,ANM,WE,Federal Contract Tower,0,4,9,2,15,0,0,0,0,0,0,4,9,2,15,68,0,68,83
08/09/2015,CYS,WY,ANM,WE,Federal Contract Tower,4,2,5,3,14,0,0,4,0,4,4,2,9,3,18,27,4,31,49
08/10/2015,CYS,WY,ANM,WE,Federal Contract Tower,0,6,16,5,27,0,0,13,0,13,0,6,29,5,40,59,168,227,267
08/11/2015,CYS,WY,ANM,WE,Federal Contract Tower,0,14,19,7,40,0,0,6,0,6,0,14,25,7,46,18,53,71,117
08/12/2015,CYS,WY,ANM,WE,Federal Contract Tower,0,7,10,8,25,0,0,21,2,23,0,7,31,10,48,38,150,188,236
08/13/2015,CYS,WY,ANM,WE,Federal Contract Tower,0,4,17,7,28,0,0,0,0,0,0,4,17,7,28,74,65,139,167
08/14/2015,CYS,WY,ANM,WE,Federal Contract Tower,0,6,8,11,25,0,0,6,0,6,0,6,14,11,31,24,14,38,69
08/15/2015,CYS,WY,ANM,WE,Federal Contract Tower,0,6,8,1,15,0,0,0,0,0,0,6,8,1,15,19,5,24,39
08/16/2015,CYS,WY,ANM,WE,Federal Contract Tower,0,1,10,0,11,0,0,0,0,0,0,1,10,0,11,33,4,37,48
08/17/2015,CYS,WY,ANM,WE,Federal Contract Tower,0,5,12,2,19,0,0,1,0,1,0,5,13,2,20,9,77,86,106
08/18/2015,CYS,WY,ANM,WE,Federal Contract Tower,0,7,11,18,36,0,0,10,0,10,0,7,21,18,46,22,158,180,226
08/19/2015,CYS,WY,ANM,WE,Federal Contract Tower,0,8,16,12,36,0,0,13,0,13,0,8,29,12,49,103,124,227,276
08/20/2015,CYS,WY,ANM,WE,Federal Contract Tower,0,13,14,10,37,0,0,0,0,0,0,13,14,10,37,72,56,128,165
08/21/2015,CYS,WY,ANM,WE,Federal Contract Tower,0,7,10,5,22,0,1,4,0,5,0,8,14,5,27,32,28,60,87
08/22/2015,CYS,WY,ANM,WE,Federal Contract Tower,0,8,7,0,15,0,0,2,10,12,0,8,9,10,27,19,3,22,49
08/23/2015,CYS,WY,ANM,WE,Federal Contract Tower,0,3,13,3,19,0,0,2,0,2,0,3,15,3,21,51,1,52,73
08/24/2015,CYS,WY,ANM,WE,Federal Contract Tower,0,6,13,7,26,0,0,18,0,18,0,6,31,7,44,48,130,178,222
08/25/2015,CYS,WY,ANM,WE,Federal Contract Tower,0,8,11,9,28,0,0,8,4,12,0,8,19,13,40,38,61,99,139
08/26/2015,CYS,WY,ANM,WE,Federal Contract Tower,0,10,20,11,41,0,0,12,0,12,0,10,32,11,53,64,129,193,246
08/27/2015,CYS,WY,ANM,WE,Federal Contract Tower,0,7,12,9,28,0,0,20,6,26,0,7,32,15,54,20,110,130,184
08/28/2015,CYS,WY,ANM,WE,Federal Contract Tower,2,4,14,5,25,0,0,3,0,3,2,4,17,5,28,53,40,93,121
08/29/2015,CYS,WY,ANM,WE,Federal Contract Tower,0,8,13,0,21,0,0,0,0,0,0,8,13,0,21,32,5,37,58
08/30/2015,CYS,WY,ANM,WE,Federal Contract Tower,0,1,16,2,19,0,0,10,0,10,0,1,26,2,29,22,0,22,51
08/31/2015,CYS,WY,ANM,WE,Federal Contract Tower,16,12,8,7,43,0,0,3,0,3,16,12,11,7,46,30,55,85,131
09/01/2015,CYS,WY,ANM,WE,Federal Contract Tower,0,6,14,10,30,0,0,7,0,7,0,6,21,10,37,47,135,182,219
09/02/2015,CYS,WY,ANM,WE,Federal Contract Tower,0,6,15,9,30,0,0,2,0,2,0,6,17,9,32,28,106,134,166
09/03/2015,CYS,WY,ANM,WE,Federal Contract Tower,0,8,24,5,37,0,0,0,2,2,0,8,24,7,39,49,33,82,121
09/04/2015,CYS,WY,ANM,WE,Federal Contract Tower,0,7,14,2,23,0,0,0,0,0,0,7,14,2,23,52,0,52,75
09/05/2015,CYS,WY,ANM,WE,Federal Contract Tower,1,5,13,0,19,0,0,2,0,2,1,5,15,0,21,114,4,118,139
09/06/2015,CYS,WY,ANM,WE,Federal Contract Tower,0,3,1,0,4,0,0,2,0,2,0,3,3,0,6,53,0,53,59
09/07/2015,CYS,WY,ANM,WE,Federal Contract Tower,0,1,12,1,14,0,0,14,0,14,0,1,26,1,28,36,0,36,64
09/08/2015,CYS,WY,ANM,WE,Federal Contract Tower,0,7,26,12,45,0,0,10,0,10,0,7,36,12,55,38,99,137,192
09/09/2015,CYS,WY,ANM,WE,Federal Contract Tower,0,4,17,14,35,0,0,4,0,4,0,4,21,14,39,14,41,55,94
09/10/2015,CYS,WY,ANM,WE,Federal Contract Tower,0,12,9,4,25,0,2,0,0,2,0,14,9,4,27,68,42,110,137
09/11/2015,CYS,WY,ANM,WE,Federal Contract Tower,0,5,12,6,23,0,0,4,0,4,0,5,16,6,27,40,124,164,191
09/12/2015,CYS,WY,ANM,WE,Federal Contract Tower,0,11,12,0,23,0,11,22,0,33,0,22,34,0,56,88,32,120,176
09/13/2015,CYS,WY,ANM,WE,Federal Contract Tower,0,3,5,11,19,0,0,0,0,0,0,3,5,11,19,93,10,103,122
09/14/2015,CYS,WY,ANM,WE,Federal Contract Tower,0,4,10,3,17,0,0,8,2,10,0,4,18,5,27,69,86,155,182
09/15/2015,CYS,WY,ANM,WE,Federal Contract Tower,0,7,10,14,31,0,0,3,0,3,0,7,13,14,34,7,82,89,123
09/16/2015,CYS,WY,ANM,WE,Federal Contract Tower,0,8,16,10,34,0,0,17,2,19,0,8,33,12,53,31,132,163,216
09/17/2015,CYS,WY,ANM,WE,Federal Contract Tower,0,6,18,6,30,0,0,4,3,7,0,6,22,9,37,108,61,169,206
09/18/2015,CYS,WY,ANM,WE,Federal Contract Tower,0,4,9,9,22,0,0,0,0,0,0,4,9,9,22,32,1,33,55
09/19/2015,CYS,WY,ANM,WE,Federal Contract Tower,0,5,8,1,14,0,0,4,0,4,0,5,12,1,18,59,1,60,78
09/20/2015,CYS,WY,ANM,WE,Federal Contract Tower,0,0,18,0,18,0,0,7,0,7,0,0,25,0,25,53,0,53,78
09/21/2015,CYS,WY,ANM,WE,Federal Contract Tower,0,6,6,4,16,0,0,5,0,5,0,6,11,4,21,52,53,105,126
09/22/2015,CYS,WY,ANM,WE,Federal Contract Tower,0,17,18,10,45,0,28,22,0,50,0,45,40,10,95,60,133,193,288
09/23/2015,CYS,WY,ANM,WE,Federal Contract Tower,0,8,10,14,32,0,8,7,0,15,0,16,17,14,47,54,56,110,157
09/24/2015,CYS,WY,ANM,WE,Federal Contract Tower,0,29,27,15,71,0,19,22,0,41,0,48,49,15,112,73,75,148,260
09/25/2015,CYS,WY,ANM,WE,Federal Contract Tower,0,6,13,7,26,0,0,0,0,0,0,6,13,7,26,111,71,182,208
09/26/2015,CYS,WY,ANM,WE,Federal Contract Tower,1,4,9,2,16,0,0,14,0,14,1,4,23,2,30,80,10,90,120
09/27/2015,CYS,WY,ANM,WE,Federal Contract Tower,0,1,7,1,9,0,0,8,0,8,0,1,15,1,17,81,3,84,101
09/28/2015,CYS,WY,ANM,WE,Federal Contract Tower,0,5,14,7,26,0,0,2,1,3,0,5,16,8,29,39,22,61,90
09/29/2015,CYS,WY,ANM,WE,Federal Contract Tower,0,6,16,11,33,0,0,2,0,2,0,6,18,11,35,5,37,42,77
09/30/2015,CYS,WY,ANM,WE,Federal Contract Tower,0,6,18,8,32,0,0,0,0,0,0,6,18,8,32,26,30,56,88
10/01/2015,CYS,WY,ANM,WE,Federal Contract Tower,0,11,17,11,39,0,4,2,2,8,0,15,19,13,47,24,156,180,227
10/02/2015,CYS,WY,ANM,WE,Federal Contract Tower,0,4,6,1,11,0,0,0,0,0,0,4,6,1,11,0,0,0,11
10/03/2015,CYS,WY,ANM,WE,Federal Contract Tower,2,4,10,1,17,0,0,0,0,0,2,4,10,1,17,0,0,0,17
10/04/2015,CYS,WY,ANM,WE,Federal Contract Tower,0,4,20,0,24,0,0,0,0,0,0,4,20,0,24,0,0,0,24
10/05/2015,CYS,WY,ANM,WE,Federal Contract Tower,0,18,8,8,34,0,0,3,0,3,0,18,11,8,37,16,45,61,98
10/06/2015,CYS,WY,ANM,WE,Federal Contract Tower,2,4,16,12,34,0,0,3,0,3,2,4,19,12,37,8,130,138,175
10/07/2015,CYS,WY,ANM,WE,Federal Contract Tower,0,4,10,7,21,0,0,6,2,8,0,4,16,9,29,42,148,190,219
10/08/2015,CYS,WY,ANM,WE,Federal Contract Tower,0,6,14,8,28,0,0,10,0,10,0,6,24,8,38,48,61,109,147
10/09/2015,CYS,WY,ANM,WE,Federal Contract Tower,0,6,10,9,25,0,0,8,0,8,0,6,18,9,33,70,41,111,144
10/10/2015,CYS,WY,ANM,WE,Federal Contract Tower,0,4,13,0,17,0,0,2,0,2,0,4,15,0,19,42,2,44,63
10/11/2015,CYS,WY,ANM,WE,Federal Contract Tower,0,2,4,1,7,0,0,0,0,0,0,2,4,1,7,5,0,5,12
10/12/2015,CYS,WY,ANM,WE,Federal Contract Tower,0,6,9,0,15,1,1,29,0,31,1,7,38,0,46,55,0,55,101
10/13/2015,CYS,WY,ANM,WE,Federal Contract Tower,0,6,14,8,28,0,0,2,0,2,0,6,16,8,30,39,130,169,199
10/14/2015,CYS,WY,ANM,WE,Federal Contract Tower,0,4,13,6,23,0,0,5,0,5,0,4,18,6,28,35,80,115,143
10/15/2015,CYS,WY,ANM,WE,Federal Contract Tower,0,4,20,15,39,0,0,13,0,13,0,4,33,15,52,40,71,111,163
10/16/2015,CYS,WY,ANM,WE,Federal Contract Tower,2,8,12,9,31,0,0,2,0,2,2,8,14,9,33,44,32,76,109
10/17/2015,CYS,WY,ANM,WE,Federal Contract Tower,2,4,13,0,19,0,0,0,0,0,2,4,13,0,19,80,6,86,105
10/18/2015,CYS,WY,ANM,WE,Federal Contract Tower,0,2,5,5,12,0,0,4,0,4,0,2,9,5,16,0,74,74,90
10/19/2015,CYS,WY,ANM,WE,Federal Contract Tower,0,4,3,10,17,0,0,16,0,16,0,4,19,10,33,72,103,175,208
10/20/2015,CYS,WY,ANM,WE,Federal Contract Tower,0,4,14,10,28,0,0,12,0,12,0,4,26,10,40,46,20,66,106
10/21/2015,CYS,WY,ANM,WE,Federal Contract Tower,0,7,4,29,40,0,0,0,0,0,0,7,4,29,40,2,19,21,61
10/22/2015,CYS,WY,ANM,WE,Federal Contract Tower,0,13,10,23,46,0,0,0,0,0,0,13,10,23,46,0,36,36,82
10/23/2015,CYS,WY,ANM,WE,Federal Contract Tower,0,4,12,8,24,0,0,8,0,8,0,4,20,8,32,35,120,155,187
10/24/2015,CYS,WY,ANM,WE,Federal Contract Tower,0,5,7,0,12,1,0,4,0,5,1,5,11,0,17,104,0,104,121
10/25/2015,CYS,WY,ANM,WE,Federal Contract Tower,0,1,11,4,16,0,0,2,0,2,0,1,13,4,18,61,17,78,96
10/26/2015,CYS,WY,ANM,WE,Federal Contract Tower,0,2,11,14,27,0,0,2,0,2,0,2,13,14,29,66,276,342,371
10/27/2015,CYS,WY,ANM,WE,Federal Contract Tower,0,4,12,18,34,0,0,12,0,12,0,4,24,18,46,11,204,215,261
10/28/2015,CYS,WY,ANM,WE,Federal Contract Tower,0,8,21,22,51,0,0,10,0,10,0,8,31,22,61,63,126,189,250
10/29/2015,CYS,WY,ANM,WE,Federal Contract Tower,0,12,18,13,43,0,3,20,0,23,0,15,38,13,66,61,56,117,183
10/30/2015,CYS,WY,ANM,WE,Federal Contract Tower,0,11,7,2,20,0,0,10,0,10,0,11,17,2,30,20,32,52,82
10/31/2015,CYS,WY,ANM,WE,Federal Contract Tower,0,4,4,4,12,0,0,0,0,0,0,4,4,4,12,19,1,20,32
11/01/2015,CYS,WY,ANM,WE,Federal Contract Tower,0,2,10,0,12,0,0,2,0,2,0,2,12,0,14,17,0,17,31
11/02/2015,CYS,WY,ANM,WE,Federal Contract Tower,0,7,11,2,20,0,0,13,0,13,0,7,24,2,33,76,9,85,118
11/03/2015,CYS,WY,ANM,WE,Federal Contract Tower,0,6,17,6,29,0,0,11,0,11,0,6,28,6,40,88,33,121,161
11/04/2015,CYS,WY,ANM,WE,Federal Contract Tower,0,14,18,10,42,0,4,12,0,16,0,18,30,10,58,59,45,104,162
11/05/2015,CYS,WY,ANM,WE,Federal Contract Tower,0,10,13,13,36,0,0,4,4,8,0,10,17,17,44,21,45,66,110
11/06/2015,CYS,WY,ANM,WE,Federal Contract Tower,2,6,4,12,24,0,0,4,5,9,2,6,8,17,33,30,79,109,142
11/07/2015,CYS,WY,ANM,WE,Federal Contract Tower,0,4,7,3,14,0,0,0,0,0,0,4,7,3,14,76,46,122,136
11/08/2015,CYS,WY,ANM,WE,Federal Contract Tower,0,0,10,4,14,0,0,11,0,11,0,0,21,4,25,74,32,106,131
11/09/2015,CYS,WY,ANM,WE,Federal Contract Tower,0,8,9,10,27,0,0,20,0,20,0,8,29,10,47,90,105,195,242
11/10/2015,CYS,WY,ANM,WE,Federal Contract Tower,0,7,23,17,47,0,0,16,0,16,0,7,39,17,63,48,115,163,226
11/11/2015,CYS,WY,ANM,WE,Federal Contract Tower,0,12,6,2,20,0,0,6,0,6,0,12,12,2,26,70,0,70,96
11/12/2015,CYS,WY,ANM,WE,Federal Contract Tower,0,18,6,1,25,0,0,19,0,19,0,18,25,1,44,50,84,134,178
11/13/2015,CYS,WY,ANM,WE,Federal Contract Tower,0,4,13,4,21,0,0,5,0,5,0,4,18,4,26,56,20,76,102
11/14/2015,CYS,WY,ANM,WE,Federal Contract Tower,0,4,14,2,20,0,0,0,0,0,0,4,14,2,20,134,0,134,154
11/15/2015,CYS,WY,ANM,WE,Federal Contract Tower,0,0,19,5,24,0,0,2,0,2,0,0,21,5,26,27,3,30,56
11/16/2015,CYS,WY,ANM,WE,Federal Contract Tower,0,3,15,4,22,0,0,8,0,8,0,3,23,4,30,15,63,78,108
11/17/2015,CYS,WY,ANM,WE,Federal Contract Tower,0,7,10,6,23,0,0,3,1,4,0,7,13,7,27,2,88,90,117
11/18/2015,CYS,WY,ANM,WE,Federal Contract Tower,0,5,17,4,26,0,0,6,0,6,0,5,23,4,32,10,29,39,71
11/19/2015,CYS,WY,ANM,WE,Federal Contract Tower,0,10,11,17,38,0,3,5,7,15,0,13,16,24,53,16,182,198,251
11/20/2015,CYS,WY,ANM,WE,Federal Contract Tower,0,4,4,1,9,0,0,0,0,0,0,4,4,1,9,0,16,16,25
11/21/2015,CYS,WY,ANM,WE,Federal Contract Tower,0,2,6,1,9,0,0,0,0,0,0,2,6,1,9,37,4,41,50
11/22/2015,CYS,WY,ANM,WE,Federal Contract Tower,0,0,3,12,15,0,0,2,6,8,0,0,5,18,23,69,4,73,96
11/23/2015,CYS,WY,ANM,WE,Federal Contract Tower,0,4,8,11,23,0,0,5,0,5,0,4,13,11,28,26,95,121,149
11/24/2015,CYS,WY,ANM,WE,Federal Contract Tower,0,6,11,10,27,0,0,6,4,10,0,6,17,14,37,23,34,57,94
11/25/2015,CYS,WY,ANM,WE,Federal Contract Tower,0,3,1,1,5,0,0,0,0,0,0,3,1,1,5,2,15,17,22
11/26/2015,CYS,WY,ANM,WE,Federal Contract Tower,0,0,0,0,0,0,0,0,0,0,0,0,0,0,0,0,0,0,0
11/27/2015,CYS,WY,ANM,WE,Federal Contract Tower,0,0,2,0,2,0,0,0,0,0,0,0,2,0,2,1,0,1,3
11/28/2015,CYS,WY,ANM,WE,Federal Contract Tower,0,0,0,0,0,0,0,0,0,0,0,0,0,0,0,25,0,25,25
11/29/2015,CYS,WY,ANM,WE,Federal Contract Tower,0,2,4,1,7,0,0,0,0,0,0,2,4,1,7,3,1,4,11
11/30/2015,CYS,WY,ANM,WE,Federal Contract Tower,0,7,15,4,26,0,3,1,0,4,0,10,16,4,30,14,144,158,188
12/01/2015,CYS,WY,ANM,WE,Federal Contract Tower,0,6,21,7,34,0,0,0,0,0,0,6,21,7,34,6,36,42,76
12/02/2015,CYS,WY,ANM,WE,Federal Contract Tower,0,4,21,27,52,0,0,14,0,14,0,4,35,27,66,30,91,121,187
12/03/2015,CYS,WY,ANM,WE,Federal Contract Tower,0,10,13,17,40,0,0,19,10,29,0,10,32,27,69,22,114,136,205
12/04/2015,CYS,WY,ANM,WE,Federal Contract Tower,0,3,14,11,28,0,0,2,0,2,0,3,16,11,30,22,73,95,125
12/05/2015,CYS,WY,ANM,WE,Federal Contract Tower,0,2,4,3,9,0,0,8,0,8,0,2,12,3,17,34,4,38,55
12/06/2015,CYS,WY,ANM,WE,Federal Contract Tower,0,2,3,8,13,0,0,0,0,0,0,2,3,8,13,35,12,47,60
12/07/2015,CYS,WY,ANM,WE,Federal Contract Tower,0,4,12,10,26,0,0,2,0,2,0,4,14,10,28,4,78,82,110
12/08/2015,CYS,WY,ANM,WE,Federal Contract Tower,0,6,14,5,25,0,0,0,0,0,0,6,14,5,25,3,102,105,130
12/09/2015,CYS,WY,ANM,WE,Federal Contract Tower,0,7,13,8,28,0,0,9,2,11,0,7,22,10,39,26,94,120,159
12/10/2015,CYS,WY,ANM,WE,Federal Contract Tower,0,8,18,5,31,0,0,2,0,2,0,8,20,5,33,9,52,61,94
12/11/2015,CYS,WY,ANM,WE,Federal Contract Tower,0,14,24,0,38,0,3,0,0,3,0,17,24,0,41,32,8,40,81
12/12/2015,CYS,WY,ANM,WE,Federal Contract Tower,0,2,1,0,3,0,0,0,0,0,0,2,1,0,3,0,0,0,3
12/13/2015,CYS,WY,ANM,WE,Federal Contract Tower,0,0,0,1,1,0,0,0,0,0,0,0,0,1,1,27,0,27,28
12/14/2015,CYS,WY,ANM,WE,Federal Contract Tower,0,4,8,5,17,0,0,12,8,20,0,4,20,13,37,40,136,176,213
12/15/2015,CYS,WY,ANM,WE,Federal Contract Tower,0,0,4,0,4,0,0,0,0,0,0,0,4,0,4,0,0,0,4
12/16/2015,CYS,WY,ANM,WE,Federal Contract Tower,0,7,11,17,35,0,0,8,0,8,0,7,19,17,43,12,97,109,152
12/17/2015,CYS,WY,ANM,WE,Federal Contract Tower,0,10,14,19,43,0,0,12,2,14,0,10,26,21,57,20,121,141,198
12/18/2015,CYS,WY,ANM,WE,Federal Contract Tower,0,8,6,9,23,0,5,6,0,11,0,13,12,9,34,9,24,33,67
12/19/2015,CYS,WY,ANM,WE,Federal Contract Tower,0,10,25,0,35,0,1,1,0,2,0,11,26,0,37,45,0,45,82
12/20/2015,CYS,WY,ANM,WE,Federal Contract Tower,0,2,12,0,14,0,0,0,0,0,0,2,12,0,14,24,1,25,39
12/21/2015,CYS,WY,ANM,WE,Federal Contract Tower,0,6,13,10,29,0,0,0,7,7,0,6,13,17,36,16,39,55,91
12/22/2015,CYS,WY,ANM,WE,Federal Contract Tower,0,6,20,8,34,0,0,14,6,20,0,6,34,14,54,42,35,77,131
12/23/2015,CYS,WY,ANM,WE,Federal Contract Tower,0,6,11,1,18,0,0,4,2,6,0,6,15,3,24,28,36,64,88
12/24/2015,CYS,WY,ANM,WE,Federal Contract Tower,0,4,1,0,5,0,0,1,0,1,0,4,2,0,6,5,0,5,11
12/25/2015,CYS,WY,ANM,WE,Federal Contract Tower,0,2,0,0,2,0,0,0,0,0,0,2,0,0,2,1,0,1,3
12/26/2015,CYS,WY,ANM,WE,Federal Contract Tower,0,2,4,0,6,0,0,0,0,0,0,2,4,0,6,7,0,7,13
12/27/2015,CYS,WY,ANM,WE,Federal Contract Tower,0,2,12,0,14,0,0,0,0,0,0,2,12,0,14,11,0,11,25
12/28/2015,CYS,WY,ANM,WE,Federal Contract Tower,0,6,3,5,14,0,0,2,0,2,0,6,5,5,16,39,38,77,93
12/29/2015,CYS,WY,ANM,WE,Federal Contract Tower,0,4,10,6,20,0,0,4,0,4,0,4,14,6,24,24,28,52,76
12/30/2015,CYS,WY,ANM,WE,Federal Contract Tower,0,15,15,11,41,0,0,0,0,0,0,15,15,11,41,32,41,73,114
12/31/2015,CYS,WY,ANM,WE,Federal Contract Tower,0,5,6,2,13,0,0,0,0,0,0,5,6,2,13,32,0,32,45
01/01/2016,CYS,WY,ANM,WE,Federal Contract Tower,0,2,4,0,6,0,0,1,0,1,0,2,5,0,7,42,0,42,49
01/02/2016,CYS,WY,ANM,WE,Federal Contract Tower,0,2,6,0,8,0,0,0,0,0,0,2,6,0,8,72,0,72,80
01/03/2016,CYS,WY,ANM,WE,Federal Contract Tower,0,2,7,2,11,0,0,0,0,0,0,2,7,2,11,47,0,47,58
01/04/2016,CYS,WY,ANM,WE,Federal Contract Tower,0,4,6,9,19,0,0,8,0,8,0,4,14,9,27,47,114,161,188
01/05/2016,CYS,WY,ANM,WE,Federal Contract Tower,0,10,22,10,42,0,4,4,2,10,0,14,26,12,52,31,127,158,210
01/06/2016,CYS,WY,ANM,WE,Federal Contract Tower,2,6,9,16,33,0,0,14,0,14,2,6,23,16,47,36,194,230,277
01/07/2016,CYS,WY,ANM,WE,Federal Contract Tower,0,4,19,7,30,0,0,0,0,0,0,4,19,7,30,28,61,89,119
01/08/2016,CYS,WY,ANM,WE,Federal Contract Tower,0,4,6,0,10,0,0,0,0,0,0,4,6,0,10,8,18,26,36
01/09/2016,CYS,WY,ANM,WE,Federal Contract Tower,0,2,0,10,12,0,0,2,0,2,0,2,2,10,14,28,89,117,131
01/10/2016,CYS,WY,ANM,WE,Federal Contract Tower,0,0,7,12,19,0,0,4,0,4,0,0,11,12,23,51,44,95,118
01/11/2016,CYS,WY,ANM,WE,Federal Contract Tower,0,10,4,2,16,0,0,2,0,2,0,10,6,2,18,64,0,64,82
01/12/2016,CYS,WY,ANM,WE,Federal Contract Tower,0,4,20,11,35,0,0,0,0,0,0,4,20,11,35,28,67,95,130
01/13/2016,CYS,WY,ANM,WE,Federal Contract Tower,0,7,23,11,41,0,0,4,0,4,0,7,27,11,45,26,110,136,181
01/14/2016,CYS,WY,ANM,WE,Federal Contract Tower,0,7,10,22,39,0,0,4,3,7,0,7,14,25,46,6,97,103,149
01/15/2016,CYS,WY,ANM,WE,Federal Contract Tower,0,4,10,11,25,0,4,3,0,7,0,8,13,11,32,23,39,62,94
01/16/2016,CYS,WY,ANM,WE,Federal Contract Tower,0,5,15,0,20,0,0,0,0,0,0,5,15,0,20,66,0,66,86
01/17/2016,CYS,WY,ANM,WE,Federal Contract Tower,0,0,15,0,15,0,0,0,0,0,0,0,15,0,15,16,0,16,31
01/18/2016,CYS,WY,ANM,WE,Federal Contract Tower,0,4,2,2,8,0,0,6,1,7,0,4,8,3,15,56,20,76,91
01/19/2016,CYS,WY,ANM,WE,Federal Contract Tower,0,6,19,6,31,0,0,1,6,7,0,6,20,12,38,35,50,85,123
01/20/2016,CYS,WY,ANM,WE,Federal Contract Tower,0,6,17,5,28,0,0,7,0,7,0,6,24,5,35,13,82,95,130
01/21/2016,CYS,WY,ANM,WE,Federal Contract Tower,0,9,23,7,39,0,0,26,1,27,0,9,49,8,66,29,71,100,166
01/22/2016,CYS,WY,ANM,WE,Federal Contract Tower,0,2,13,19,34,0,0,8,2,10,0,2,21,21,44,59,44,103,147
01/23/2016,CYS,WY,ANM,WE,Federal Contract Tower,0,2,6,2,10,0,0,2,0,2,0,2,8,2,12,46,0,46,58
01/24/2016,CYS,WY,ANM,WE,Federal Contract Tower,0,0,0,0,0,0,2,7,2,11,0,2,7,2,11,32,0,32,43
01/25/2016,CYS,WY,ANM,WE,Federal Contract Tower,0,0,0,0,0,0,14,9,24,47,0,14,9,24,47,14,64,78,125
01/26/2016,CYS,WY,ANM,WE,Federal Contract Tower,0,11,32,14,57,0,0,0,0,0,0,11,32,14,57,53,169,222,279
01/27/2016,CYS,WY,ANM,WE,Federal Contract Tower,0,4,13,19,36,0,0,0,0,0,0,4,13,19,36,6,32,38,74
01/28/2016,CYS,WY,ANM,WE,Federal Contract Tower,0,12,5,12,29,0,3,12,1,16,0,15,17,13,45,14,80,94,139
01/29/2016,CYS,WY,ANM,WE,Federal Contract Tower,0,9,3,5,17,0,0,6,0,6,0,9,9,5,23,34,10,44,67
01/30/2016,CYS,WY,ANM,WE,Federal Contract Tower,0,4,8,2,14,0,0,2,0,2,0,4,10,2,16,4,0,4,20
01/31/2016,CYS,WY,ANM,WE,Federal Contract Tower,0,0,0,0,0,0,0,9,0,9,0,0,9,0,9,6,0,6,15
02/01/2016,CYS,WY,ANM,WE,Federal Contract Tower,0,0,1,0,1,0,0,0,0,0,0,0,1,0,1,0,0,0,1
02/02/2016,CYS,WY,ANM,WE,Federal Contract Tower,0,8,0,0,8,0,0,0,0,0,0,8,0,0,8,0,2,2,10
02/03/2016,CYS,WY,ANM,WE,Federal Contract Tower,0,12,14,9,35,0,0,11,0,11,0,12,25,9,46,14,156,170,216
02/04/2016,CYS,WY,ANM,WE,Federal Contract Tower,0,4,14,5,23,0,0,0,0,0,0,4,14,5,23,13,26,39,62
02/05/2016,CYS,WY,ANM,WE,Federal Contract Tower,0,8,14,3,25,0,0,9,0,9,0,8,23,3,34,24,14,38,72
02/06/2016,CYS,WY,ANM,WE,Federal Contract Tower,0,2,4,8,14,0,0,1,0,1,0,2,5,8,15,2,14,16,31
02/07/2016,CYS,WY,ANM,WE,Federal Contract Tower,0,2,3,2,7,0,0,2,0,2,0,2,5,2,9,22,0,22,31
02/08/2016,CYS,WY,ANM,WE,Federal Contract Tower,0,4,21,11,36,0,0,5,0,5,0,4,26,11,41,7,100,107,148
02/09/2016,CYS,WY,ANM,WE,Federal Contract Tower,0,4,13,13,30,0,0,4,0,4,0,4,17,13,34,12,83,95,129
02/10/2016,CYS,WY,ANM,WE,Federal Contract Tower,0,6,25,5,36,0,0,2,0,2,0,6,27,5,38,44,31,75,113
02/11/2016,CYS,WY,ANM,WE,Federal Contract Tower,0,15,10,20,45,0,0,2,0,2,0,15,12,20,47,24,137,161,208
02/12/2016,CYS,WY,ANM,WE,Federal Contract Tower,0,2,7,9,18,0,0,0,0,0,0,2,7,9,18,75,42,117,135
02/13/2016,CYS,WY,ANM,WE,Federal Contract Tower,0,2,5,0,7,0,0,4,0,4,0,2,9,0,11,36,2,38,49
02/14/2016,CYS,WY,ANM,WE,Federal Contract Tower,0,4,4,0,8,0,0,2,0,2,0,4,6,0,10,15,8,23,33
02/15/2016,CYS,WY,ANM,WE,Federal Contract Tower,0,0,6,3,9,0,0,3,0,3,0,0,9,3,12,8,2,10,22
02/16/2016,CYS,WY,ANM,WE,Federal Contract Tower,0,4,21,17,42,0,0,6,1,7,0,4,27,18,49,25,227,252,301
02/17/2016,CYS,WY,ANM,WE,Federal Contract Tower,0,11,24,13,48,0,0,9,2,11,0,11,33,15,59,97,67,164,223
02/18/2016,CYS,WY,ANM,WE,Federal Contract Tower,0,2,19,3,24,0,0,0,0,0,0,2,19,3,24,6,21,27,51
02/19/2016,CYS,WY,ANM,WE,Federal Contract Tower,0,4,10,0,14,0,0,0,0,0,0,4,10,0,14,6,0,6,20
02/20/2016,CYS,WY,ANM,WE,Federal Contract Tower,0,2,2,0,4,0,0,20,0,20,0,2,22,0,24,41,0,41,65
02/21/2016,CYS,WY,ANM,WE,Federal Contract Tower,0,0,19,0,19,0,0,25,0,25,0,0,44,0,44,74,0,74,118
02/22/2016,CYS,WY,ANM,WE,Federal Contract Tower,0,6,4,8,18,0,0,8,0,8,0,6,12,8,26,39,76,115,141
02/23/2016,CYS,WY,ANM,WE,Federal Contract Tower,0,12,13,15,40,0,1,10,0,11,0,13,23,15,51,27,167,194,245
02/24/2016,CYS,WY,ANM,WE,Federal Contract Tower,0,4,20,9,33,0,5,8,0,13,0,9,28,9,46,24,61,85,131
02/25/2016,CYS,WY,ANM,WE,Federal Contract Tower,0,13,16,25,54,0,9,5,0,14,0,22,21,25,68,41,103,144,212
02/26/2016,CYS,WY,ANM,WE,Federal Contract Tower,0,19,9,3,31,0,9,0,0,9,0,28,9,3,40,62,28,90,130
02/27/2016,CYS,WY,ANM,WE,Federal Contract Tower,0,2,3,1,6,0,0,0,0,0,0,2,3,1,6,14,1,15,21
02/28/2016,CYS,WY,ANM,WE,Federal Contract Tower,0,2,2,0,4,0,9,0,0,9,0,11,2,0,13,28,5,33,46
02/29/2016,CYS,WY,ANM,WE,Federal Contract Tower,0,13,7,8,28,0,2,6,0,8,0,15,13,8,36,9,116,125,161
03/01/2016,CYS,WY,ANM,WE,Federal Contract Tower,2,2,8,8,20,0,4,8,0,12,2,6,16,8,32,61,131,192,224
03/02/2016,CYS,WY,ANM,WE,Federal Contract Tower,0,1,10,8,19,0,0,6,0,6,0,1,16,8,25,5,90,95,120
03/03/2016,CYS,WY,ANM,WE,Federal Contract Tower,0,2,6,9,17,0,0,2,1,3,0,2,8,10,20,37,28,65,85
03/04/2016,CYS,WY,ANM,WE,Federal Contract Tower,0,10,5,34,49,0,0,4,4,8,0,10,9,38,57,30,64,94,151
03/05/2016,CYS,WY,ANM,WE,Federal Contract Tower,0,4,2,1,7,0,0,2,0,2,0,4,4,1,9,67,1,68,77
03/06/2016,CYS,WY,ANM,WE,Federal Contract Tower,0,0,7,0,7,0,0,16,0,16,0,0,23,0,23,43,7,50,73
03/07/2016,CYS,WY,ANM,WE,Federal Contract Tower,0,4,10,0,14,0,0,0,0,0,0,4,10,0,14,24,14,38,52
03/08/2016,CYS,WY,ANM,WE,Federal Contract Tower,0,4,11,13,28,0,0,12,2,14,0,4,23,15,42,31,168,199,241
03/09/2016,CYS,WY,ANM,WE,Federal Contract Tower,0,4,11,27,42,0,0,0,0,0,0,4,11,27,42,44,123,167,209
03/10/2016,CYS,WY,ANM,WE,Federal Contract Tower,0,2,7,24,33,0,0,10,0,10,0,2,17,24,43,56,93,149,192
03/11/2016,CYS,WY,ANM,WE,Federal Contract Tower,0,4,25,23,52,0,0,0,0,0,0,4,25,23,52,106,111,217,269
03/12/2016,CYS,WY,ANM,WE,Federal Contract Tower,0,2,11,16,29,0,0,4,1,5,0,2,15,17,34,28,64,92,126
03/13/2016,CYS,WY,ANM,WE,Federal Contract Tower,0,0,3,12,15,0,0,0,0,0,0,0,3,12,15,24,32,56,71
03/14/2016,CYS,WY,ANM,WE,Federal Contract Tower,2,2,10,8,22,0,0,3,0,3,2,2,13,8,25,20,67,87,112
03/15/2016,CYS,WY,ANM,WE,Federal Contract Tower,0,4,6,25,35,0,0,4,2,6,0,4,10,27,41,6,96,102,143
03/16/2016,CYS,WY,ANM,WE,Federal Contract Tower,0,2,6,7,15,0,0,6,2,8,0,2,12,9,23,33,55,88,111
03/17/2016,CYS,WY,ANM,WE,Federal Contract Tower,0,6,7,4,17,0,0,2,0,2,0,6,9,4,19,5,52,57,76
03/18/2016,CYS,WY,ANM,WE,Federal Contract Tower,0,6,8,2,16,0,0,0,0,0,0,6,8,2,16,23,15,38,54
03/19/2016,CYS,WY,ANM,WE,Federal Contract Tower,0,4,1,8,13,0,0,0,0,0,0,4,1,8,13,26,6,32,45
03/20/2016,CYS,WY,ANM,WE,Federal Contract Tower,0,2,1,0,3,0,0,24,0,24,0,2,25,0,27,81,1,82,109
03/21/2016,CYS,WY,ANM,WE,Federal Contract Tower,0,4,14,16,34,0,0,11,0,11,0,4,25,16,45,17,120,137,182
03/22/2016,CYS,WY,ANM,WE,Federal Contract Tower,2,16,11,17,46,0,16,0,7,23,2,32,11,24,69,57,15,72,141
03/23/2016,CYS,WY,ANM,WE,Federal Contract Tower,0,0,0,0,0,0,0,0,0,0,0,0,0,0,0,0,0,0,0
03/24/2016,CYS,WY,ANM,WE,Federal Contract Tower,0,4,17,13,34,0,0,4,4,8,0,4,21,17,42,14,101,115,157
03/25/2016,CYS,WY,ANM,WE,Federal Contract Tower,0,15,13,6,34,0,0,3,0,3,0,15,16,6,37,8,124,132,169
03/26/2016,CYS,WY,ANM,WE,Federal Contract Tower,0,2,3,1,6,0,0,0,0,0,0,2,3,1,6,2,0,2,8
03/27/2016,CYS,WY,ANM,WE,Federal Contract Tower,0,2,1,0,3,0,0,0,0,0,0,2,1,0,3,8,2,10,13
03/28/2016,CYS,WY,ANM,WE,Federal Contract Tower,0,11,9,5,25,0,3,4,0,7,0,14,13,5,32,39,11,50,82
03/29/2016,CYS,WY,ANM,WE,Federal Contract Tower,0,6,21,28,55,0,0,0,0,0,0,6,21,28,55,15,107,122,177
03/30/2016,CYS,WY,ANM,WE,Federal Contract Tower,0,2,3,0,5,0,0,0,0,0,0,2,3,0,5,0,0,0,5
03/31/2016,CYS,WY,ANM,WE,Federal Contract Tower,0,2,14,3,19,0,0,2,0,2,0,2,16,3,21,7,43,50,71
04/01/2016,CYS,WY,ANM,WE,Federal Contract Tower,0,13,5,2,20,0,4,6,0,10,0,17,11,2,30,43,0,43,73
04/02/2016,CYS,WY,ANM,WE,Federal Contract Tower,0,4,13,0,17,0,0,0,0,0,0,4,13,0,17,71,0,71,88
04/03/2016,CYS,WY,ANM,WE,Federal Contract Tower,0,2,9,0,11,0,0,2,0,2,0,2,11,0,13,16,0,16,29
04/04/2016,CYS,WY,ANM,WE,Federal Contract Tower,0,6,12,6,24,0,0,16,0,16,0,6,28,6,40,35,71,106,146
04/05/2016,CYS,WY,ANM,WE,Federal Contract Tower,0,6,12,7,25,0,0,0,0,0,0,6,12,7,25,60,48,108,133
04/06/2016,CYS,WY,ANM,WE,Federal Contract Tower,0,6,11,5,22,0,0,8,0,8,0,6,19,5,30,8,160,168,198
04/07/2016,CYS,WY,ANM,WE,Federal Contract Tower,0,4,21,7,32,0,0,10,0,10,0,4,31,7,42,59,149,208,250
04/08/2016,CYS,WY,ANM,WE,Federal Contract Tower,0,6,11,10,27,0,0,0,2,2,0,6,11,12,29,143,30,173,202
04/09/2016,CYS,WY,ANM,WE,Federal Contract Tower,2,2,7,0,11,0,0,18,0,18,2,2,25,0,29,56,0,56,85
04/10/2016,CYS,WY,ANM,WE,Federal Contract Tower,2,0,3,0,5,0,0,1,0,1,2,0,4,0,6,14,2,16,22
04/11/2016,CYS,WY,ANM,WE,Federal Contract Tower,0,5,11,10,26,0,0,3,0,3,0,5,14,10,29,4,48,52,81
04/12/2016,CYS,WY,ANM,WE,Federal Contract Tower,0,2,12,7,21,0,0,2,10,12,0,2,14,17,33,22,67,89,122
04/13/2016,CYS,WY,ANM,WE,Federal Contract Tower,0,4,28,14,46,0,0,6,0,6,0,4,34,14,52,63,94,157,209
04/14/2016,CYS,WY,ANM,WE,Federal Contract Tower,0,7,16,1,24,0,4,16,0,20,0,11,32,1,44,77,42,119,163
04/15/2016,CYS,WY,ANM,WE,Federal Contract Tower,0,2,15,3,20,0,0,0,0,0,0,2,15,3,20,4,31,35,55
04/16/2016,CYS,WY,ANM,WE,Federal Contract Tower,0,2,0,0,2,0,0,0,0,0,0,2,0,0,2,0,0,0,2
04/17/2016,CYS,WY,ANM,WE,Federal Contract Tower,0,0,0,2,2,0,0,0,0,0,0,0,0,2,2,0,0,0,2
04/18/2016,CYS,WY,ANM,WE,Federal Contract Tower,0,4,15,1,20,0,0,24,0,24,0,4,39,1,44,24,51,75,119
04/19/2016,CYS,WY,ANM,WE,Federal Contract Tower,0,4,13,9,26,0,0,0,0,0,0,4,13,9,26,66,42,108,134
04/20/2016,CYS,WY,ANM,WE,Federal Contract Tower,0,4,20,6,30,0,0,28,0,28,0,4,48,6,58,55,73,128,186
04/21/2016,CYS,WY,ANM,WE,Federal Contract Tower,0,23,17,7,47,0,8,0,0,8,0,31,17,7,55,108,87,195,250
04/22/2016,CYS,WY,ANM,WE,Federal Contract Tower,0,4,39,3,46,0,0,0,0,0,0,4,39,3,46,125,35,160,206
04/23/2016,CYS,WY,ANM,WE,Federal Contract Tower,0,6,9,15,30,0,0,0,0,0,0,6,9,15,30,95,21,116,146
04/24/2016,CYS,WY,ANM,WE,Federal Contract Tower,0,2,5,4,11,0,2,2,0,4,0,4,7,4,15,7,40,47,62
04/25/2016,CYS,WY,ANM,WE,Federal Contract Tower,0,14,8,6,28,0,5,4,0,9,0,19,12,6,37,14,106,120,157
04/26/2016,CYS,WY,ANM,WE,Federal Contract Tower,0,2,2,25,29,0,0,0,0,0,0,2,2,25,29,0,103,103,132
04/27/2016,CYS,WY,ANM,WE,Federal Contract Tower,0,8,10,13,31,0,5,9,0,14,0,13,19,13,45,16,90,106,151
04/28/2016,CYS,WY,ANM,WE,Federal Contract Tower,0,6,6,8,20,0,0,0,0,0,0,6,6,8,20,0,90,90,110
04/29/2016,CYS,WY,ANM,WE,Federal Contract Tower,0,2,1,0,3,0,0,0,0,0,0,2,1,0,3,0,0,0,3
04/30/2016,CYS,WY,ANM,WE,Federal Contract Tower,0,4,0,0,4,0,0,0,0,0,0,4,0,0,4,0,0,0,4
05/01/2016,CYS,WY,ANM,WE,Federal Contract Tower,0,2,3,3,8,0,0,2,2,4,0,2,5,5,12,4,10,14,26
05/02/2016,CYS,WY,ANM,WE,Federal Contract Tower,0,2,11,7,20,0,0,10,0,10,0,2,21,7,30,64,85,149,179
05/03/2016,CYS,WY,ANM,WE,Federal Contract Tower,0,6,17,1,24,0,1,20,0,21,0,7,37,1,45,40,92,132,177
05/04/2016,CYS,WY,ANM,WE,Federal Contract Tower,0,2,17,4,23,0,0,22,0,22,0,2,39,4,45,77,96,173,218
05/05/2016,CYS,WY,ANM,WE,Federal Contract Tower,0,4,15,12,31,0,0,19,0,19,0,4,34,12,50,66,123,189,239
05/06/2016,CYS,WY,ANM,WE,Federal Contract Tower,6,6,6,8,26,6,0,2,0,8,12,6,8,8,34,25,60,85,119
05/07/2016,CYS,WY,ANM,WE,Federal Contract Tower,0,2,2,3,7,0,0,0,4,4,0,2,2,7,11,0,0,0,11
05/08/2016,CYS,WY,ANM,WE,Federal Contract Tower,4,2,4,0,10,0,0,0,0,0,4,2,4,0,10,0,2,2,12
05/09/2016,CYS,WY,ANM,WE,Federal Contract Tower,4,2,16,6,28,0,0,4,0,4,4,2,20,6,32,26,128,154,186
05/10/2016,CYS,WY,ANM,WE,Federal Contract Tower,0,8,10,12,30,0,0,14,0,14,0,8,24,12,44,33,131,164,208
05/11/2016,CYS,WY,ANM,WE,Federal Contract Tower,0,10,12,7,29,0,0,15,0,15,0,10,27,7,44,26,59,85,129
05/12/2016,CYS,WY,ANM,WE,Federal Contract Tower,0,7,9,9,25,0,0,12,2,14,0,7,21,11,39,82,64,146,185
05/13/2016,CYS,WY,ANM,WE,Federal Contract Tower,0,4,19,4,27,0,0,2,0,2,0,4,21,4,29,12,6,18,47
05/14/2016,CYS,WY,ANM,WE,Federal Contract Tower,0,6,9,23,38,0,0,0,0,0,0,6,9,23,38,0,4,4,42
05/15/2016,CYS,WY,ANM,WE,Federal Contract Tower,0,2,0,0,2,0,0,10,0,10,0,2,10,0,12,19,0,19,31
05/16/2016,CYS,WY,ANM,WE,Federal Contract Tower,2,2,15,2,21,0,0,0,0,0,2,2,15,2,21,0,0,0,21
05/17/2016,CYS,WY,ANM,WE,Federal Contract Tower,0,10,16,9,35,0,0,2,0,2,0,10,18,9,37,8,84,92,129
05/18/2016,CYS,WY,ANM,WE,Federal Contract Tower,0,4,19,16,39,0,0,9,0,9,0,4,28,16,48,40,43,83,131
05/19/2016,CYS,WY,ANM,WE,Federal Contract Tower,2,9,18,5,34,0,0,16,0,16,2,9,34,5,50,61,72,133,183
05/20/2016,CYS,WY,ANM,WE,Federal Contract Tower,4,4,14,8,30,0,0,0,0,0,4,4,14,8,30,44,85,129,159
05/21/2016,CYS,WY,ANM,WE,Federal Contract Tower,0,2,2,7,11,0,0,0,0,0,0,2,2,7,11,19,21,40,51
05/22/2016,CYS,WY,ANM,WE,Federal Contract Tower,0,0,11,7,18,0,0,8,0,8,0,0,19,7,26,32,18,50,76
05/23/2016,CYS,WY,ANM,WE,Federal Contract Tower,0,4,21,4,29,0,0,8,0,8,0,4,29,4,37,42,87,129,166
05/24/2016,CYS,WY,ANM,WE,Federal Contract Tower,2,6,18,21,47,0,0,15,1,16,2,6,33,22,63,26,188,214,277
05/25/2016,CYS,WY,ANM,WE,Federal Contract Tower,0,15,16,10,41,0,18,7,0,25,0,33,23,10,66,32,116,148,214
05/26/2016,CYS,WY,ANM,WE,Federal Contract Tower,2,8,8,20,38,1,0,6,0,7,3,8,14,20,45,14,49,63,108
05/27/2016,CYS,WY,ANM,WE,Federal Contract Tower,0,2,4,2,8,0,0,0,0,0,0,2,4,2,8,37,0,37,45
05/28/2016,CYS,WY,ANM,WE,Federal Contract Tower,0,4,12,0,16,0,0,0,0,0,0,4,12,0,16,46,0,46,62
05/29/2016,CYS,WY,ANM,WE,Federal Contract Tower,0,0,7,0,7,0,0,0,0,0,0,0,7,0,7,353,7,360,367
05/30/2016,CYS,WY,ANM,WE,Federal Contract Tower,0,0,8,0,8,0,0,0,0,0,0,0,8,0,8,32,0,32,40
05/31/2016,CYS,WY,ANM,WE,Federal Contract Tower,0,11,9,6,26,0,1,8,2,11,0,12,17,8,37,42,74,116,153
06/01/2016,CYS,WY,ANM,WE,Federal Contract Tower,0,2,10,7,19,0,0,15,0,15,0,2,25,7,34,33,63,96,130
06/02/2016,CYS,WY,ANM,WE,Federal Contract Tower,0,4,24,8,36,0,0,37,0,37,0,4,61,8,73,33,100,133,206
06/03/2016,CYS,WY,ANM,WE,Federal Contract Tower,0,4,6,2,12,0,0,4,0,4,0,4,10,2,16,43,60,103,119
06/04/2016,CYS,WY,ANM,WE,Federal Contract Tower,0,6,7,3,16,0,0,2,0,2,0,6,9,3,18,62,25,87,105
06/05/2016,CYS,WY,ANM,WE,Federal Contract Tower,0,0,6,0,6,0,0,16,0,16,0,0,22,0,22,74,62,136,158
06/06/2016,CYS,WY,ANM,WE,Federal Contract Tower,2,6,16,6,30,0,0,11,0,11,2,6,27,6,41,76,146,222,263
06/07/2016,CYS,WY,ANM,WE,Federal Contract Tower,23,4,21,12,60,0,0,2,0,2,23,4,23,12,62,79,125,204,266
06/08/2016,CYS,WY,ANM,WE,Federal Contract Tower,4,10,13,8,35,0,0,26,2,28,4,10,39,10,63,71,80,151,214
06/09/2016,CYS,WY,ANM,WE,Federal Contract Tower,0,9,22,7,38,0,0,8,0,8,0,9,30,7,46,90,89,179,225
06/10/2016,CYS,WY,ANM,WE,Federal Contract Tower,0,4,23,1,28,0,0,4,8,12,0,4,27,9,40,50,18,68,108
06/11/2016,CYS,WY,ANM,WE,Federal Contract Tower,0,4,8,0,12,0,0,6,6,12,0,4,14,6,24,49,5,54,78
06/12/2016,CYS,WY,ANM,WE,Federal Contract Tower,0,6,9,3,18,0,0,0,2,2,0,6,9,5,20,49,9,58,78
06/13/2016,CYS,WY,ANM,WE,Federal Contract Tower,12,4,13,10,39,0,0,4,6,10,12,4,17,16,49,60,100,160,209
06/14/2016,CYS,WY,ANM,WE,Federal Contract Tower,0,2,15,17,34,0,0,15,1,16,0,2,30,18,50,66,145,211,261
06/15/2016,CYS,WY,ANM,WE,Federal Contract Tower,0,5,11,5,21,0,2,21,0,23,0,7,32,5,44,62,19,81,125
06/16/2016,CYS,WY,ANM,WE,Federal Contract Tower,0,6,26,10,42,0,2,6,0,8,0,8,32,10,50,60,135,195,245
06/17/2016,CYS,WY,ANM,WE,Federal Contract Tower,0,4,12,3,19,0,0,8,2,10,0,4,20,5,29,53,8,61,90
06/18/2016,CYS,WY,ANM,WE,Federal Contract Tower,0,4,17,0,21,0,0,4,0,4,0,4,21,0,25,43,2,45,70
06/19/2016,CYS,WY,ANM,WE,Federal Contract Tower,0,0,5,0,5,0,0,4,0,4,0,0,9,0,9,28,1,29,38
06/20/2016,CYS,WY,ANM,WE,Federal Contract Tower,0,8,9,6,23,0,0,5,0,5,0,8,14,6,28,48,31,79,107
06/21/2016,CYS,WY,ANM,WE,Federal Contract Tower,2,4,27,12,45,0,0,16,0,16,2,4,43,12,61,31,124,155,216
06/22/2016,CYS,WY,ANM,WE,Federal Contract Tower,0,2,16,15,33,0,3,4,0,7,0,5,20,15,40,33,67,100,140
06/23/2016,CYS,WY,ANM,WE,Federal Contract Tower,14,6,20,4,44,0,0,0,1,1,14,6,20,5,45,60,41,101,146
06/24/2016,CYS,WY,ANM,WE,Federal Contract Tower,0,10,10,3,23,0,4,0,0,4,0,14,10,3,27,35,0,35,62
06/25/2016,CYS,WY,ANM,WE,Federal Contract Tower,0,4,6,0,10,0,0,0,0,0,0,4,6,0,10,20,1,21,31
06/26/2016,CYS,WY,ANM,WE,Federal Contract Tower,0,4,18,5,27,0,0,43,0,43,0,4,61,5,70,48,0,48,118
06/27/2016,CYS,WY,ANM,WE,Federal Contract Tower,0,9,11,7,27,0,1,18,0,19,0,10,29,7,46,45,97,142,188
06/28/2016,CYS,WY,ANM,WE,Federal Contract Tower,0,14,4,7,25,0,14,13,0,27,0,28,17,7,52,24,134,158,210
06/29/2016,CYS,WY,ANM,WE,Federal Contract Tower,0,6,14,7,27,0,0,5,0,5,0,6,19,7,32,49,51,100,132
06/30/2016,CYS,WY,ANM,WE,Federal Contract Tower,0,9,16,5,30,0,0,8,0,8,0,9,24,5,38,96,52,148,186
07/01/2016,CYS,WY,ANM,WE,Federal Contract Tower,0,8,21,0,29,0,0,2,0,2,0,8,23,0,31,2,0,2,33
07/02/2016,CYS,WY,ANM,WE,Federal Contract Tower,0,2,9,0,11,0,0,0,0,0,0,2,9,0,11,19,0,19,30
07/03/2016,CYS,WY,ANM,WE,Federal Contract Tower,6,4,7,2,19,0,0,2,0,2,6,4,9,2,21,24,0,24,45
07/04/2016,CYS,WY,ANM,WE,Federal Contract Tower,1,6,2,0,9,0,0,0,0,0,1,6,2,0,9,12,0,12,21
07/05/2016,CYS,WY,ANM,WE,Federal Contract Tower,0,0,0,0,0,0,4,10,3,17,0,4,10,3,17,47,17,64,81
07/06/2016,CYS,WY,ANM,WE,Federal Contract Tower,0,2,14,18,34,0,0,2,0,2,0,2,16,18,36,35,106,141,177
07/07/2016,CYS,WY,ANM,WE,Federal Contract Tower,0,2,26,11,39,0,0,20,0,20,0,2,46,11,59,26,88,114,173
07/08/2016,CYS,WY,ANM,WE,Federal Contract Tower,4,4,8,9,25,0,0,6,0,6,4,4,14,9,31,52,69,121,152
07/09/2016,CYS,WY,ANM,WE,Federal Contract Tower,0,4,19,2,25,0,0,33,2,35,0,4,52,4,60,61,1,62,122
07/10/2016,CYS,WY,ANM,WE,Federal Contract Tower,0,4,15,1,20,0,0,1,0,1,0,4,16,1,21,38,0,38,59
07/11/2016,CYS,WY,ANM,WE,Federal Contract Tower,0,6,10,6,22,0,0,7,0,7,0,6,17,6,29,45,72,117,146
07/12/2016,CYS,WY,ANM,WE,Federal Contract Tower,0,8,16,12,36,0,0,9,3,12,0,8,25,15,48,67,154,221,269
07/13/2016,CYS,WY,ANM,WE,Federal Contract Tower,0,8,16,7,31,0,0,2,28,30,0,8,18,35,61,81,45,126,187
07/14/2016,CYS,WY,ANM,WE,Federal Contract Tower,0,8,33,15,56,0,0,30,2,32,0,8,63,17,88,97,97,194,282
07/15/2016,CYS,WY,ANM,WE,Federal Contract Tower,6,4,24,15,49,0,0,4,0,4,6,4,28,15,53,45,87,132,185
07/16/2016,CYS,WY,ANM,WE,Federal Contract Tower,0,5,22,0,27,0,0,30,0,30,0,5,52,0,57,64,27,91,148
07/17/2016,CYS,WY,ANM,WE,Federal Contract Tower,0,4,4,4,12,0,0,8,0,8,0,4,12,4,20,31,7,38,58
07/18/2016,CYS,WY,ANM,WE,Federal Contract Tower,9,2,14,0,25,0,0,15,0,15,9,2,29,0,40,29,25,54,94
07/19/2016,CYS,WY,ANM,WE,Federal Contract Tower,20,3,7,7,37,0,0,0,0,0,20,3,7,7,37,89,80,169,206
07/20/2016,CYS,WY,ANM,WE,Federal Contract Tower,0,6,28,6,40,0,0,4,0,4,0,6,32,6,44,92,38,130,174
07/21/2016,CYS,WY,ANM,WE,Federal Contract Tower,0,18,18,11,47,4,0,4,0,8,4,18,22,11,55,70,56,126,181
07/22/2016,CYS,WY,ANM,WE,Federal Contract Tower,2,7,15,4,28,0,0,14,0,14,2,7,29,4,42,92,17,109,151
07/23/2016,CYS,WY,ANM,WE,Federal Contract Tower,6,6,16,2,30,0,0,4,10,14,6,6,20,12,44,92,8,100,144
07/24/2016,CYS,WY,ANM,WE,Federal Contract Tower,6,2,26,6,40,0,0,18,32,50,6,2,44,38,90,45,22,67,157
07/25/2016,CYS,WY,ANM,WE,Federal Contract Tower,0,10,30,3,43,0,0,37,2,39,0,10,67,5,82,60,107,167,249
07/26/2016,CYS,WY,ANM,WE,Federal Contract Tower,0,6,13,0,19,0,0,6,0,6,0,6,19,0,25,71,76,147,172
07/27/2016,CYS,WY,ANM,WE,Federal Contract Tower,0,12,14,2,28,0,0,17,0,17,0,12,31,2,45,53,66,119,164
07/28/2016,CYS,WY,ANM,WE,Federal Contract Tower,0,10,25,10,45,0,0,3,0,3,0,10,28,10,48,16,7,23,71
07/29/2016,CYS,WY,ANM,WE,Federal Contract Tower,0,7,7,5,19,0,0,0,0,0,0,7,7,5,19,65,3,68,87
07/30/2016,CYS,WY,ANM,WE,Federal Contract Tower,1,4,34,5,44,0,0,5,0,5,1,4,39,5,49,44,2,46,95
07/31/2016,CYS,WY,ANM,WE,Federal Contract Tower,0,4,23,1,28,0,0,27,0,27,0,4,50,1,55,37,0,37,92
08/01/2016,CYS,WY,ANM,WE,Federal Contract Tower,0,9,5,0,14,0,0,11,0,11,0,9,16,0,25,28,56,84,109
08/02/2016,CYS,WY,ANM,WE,Federal Contract Tower,0,4,3,10,17,0,0,4,0,4,0,4,7,10,21,64,98,162,183
08/03/2016,CYS,WY,ANM,WE,Federal Contract Tower,0,14,7,15,36,0,13,29,1,43,0,27,36,16,79,39,82,121,200
08/04/2016,CYS,WY,ANM,WE,Federal Contract Tower,0,12,23,7,42,0,0,7,0,7,0,12,30,7,49,124,168,292,341
08/05/2016,CYS,WY,ANM,WE,Federal Contract Tower,0,6,8,0,14,0,0,2,2,4,0,6,10,2,18,24,43,67,85
08/06/2016,CYS,WY,ANM,WE,Federal Contract Tower,0,3,12,2,17,0,0,2,0,2,0,3,14,2,19,27,0,27,46
08/07/2016,CYS,WY,ANM,WE,Federal Contract Tower,7,0,8,0,15,0,0,4,0,4,7,0,12,0,19,61,0,61,80
08/08/2016,CYS,WY,ANM,WE,Federal Contract Tower,0,6,7,11,24,0,0,24,0,24,0,6,31,11,48,42,77,119,167
08/09/2016,CYS,WY,ANM,WE,Federal Contract Tower,4,6,14,5,29,0,0,4,0,4,4,6,18,5,33,22,118,140,173
08/10/2016,CYS,WY,ANM,WE,Federal Contract Tower,2,6,20,11,39,0,0,17,4,21,2,6,37,15,60,54,126,180,240
08/11/2016,CYS,WY,ANM,WE,Federal Contract Tower,0,14,13,3,30,0,0,0,0,0,0,14,13,3,30,48,77,125,155
08/12/2016,CYS,WY,ANM,WE,Federal Contract Tower,0,4,6,8,18,0,0,12,0,12,0,4,18,8,30,58,59,117,147
08/13/2016,CYS,WY,ANM,WE,Federal Contract Tower,0,11,7,0,18,0,0,4,0,4,0,11,11,0,22,68,54,122,144
08/14/2016,CYS,WY,ANM,WE,Federal Contract Tower,0,9,6,1,16,0,0,4,0,4,0,9,10,1,20,45,2,47,67
08/15/2016,CYS,WY,ANM,WE,Federal Contract Tower,0,10,2,6,18,0,0,21,0,21,0,10,23,6,39,38,74,112,151
08/16/2016,CYS,WY,ANM,WE,Federal Contract Tower,0,9,21,4,34,0,0,13,1,14,0,9,34,5,48,32,48,80,128
08/17/2016,CYS,WY,ANM,WE,Federal Contract Tower,0,8,19,13,40,0,0,7,1,8,0,8,26,14,48,56,97,153,201
08/18/2016,CYS,WY,ANM,WE,Federal Contract Tower,0,8,22,7,37,0,0,2,2,4,0,8,24,9,41,47,122,169,210
08/19/2016,CYS,WY,ANM,WE,Federal Contract Tower,0,11,23,2,36,0,0,0,0,0,0,11,23,2,36,31,16,47,83
08/20/2016,CYS,WY,ANM,WE,Federal Contract Tower,0,6,11,1,18,0,23,0,0,23,0,29,11,1,41,109,4,113,154
08/21/2016,CYS,WY,ANM,WE,Federal Contract Tower,0,6,11,4,21,0,0,2,0,2,0,6,13,4,23,25,25,50,73
08/22/2016,CYS,WY,ANM,WE,Federal Contract Tower,16,10,14,5,45,8,0,5,1,14,24,10,19,6,59,23,20,43,102
08/23/2016,CYS,WY,ANM,WE,Federal Contract Tower,0,6,19,10,35,0,0,6,0,6,0,6,25,10,41,72,62,134,175
08/24/2016,CYS,WY,ANM,WE,Federal Contract Tower,0,13,3,13,29,0,0,13,0,13,0,13,16,13,42,56,26,82,124
08/25/2016,CYS,WY,ANM,WE,Federal Contract Tower,2,10,24,10,46,2,0,3,0,5,4,10,27,10,51,38,143,181,232
08/26/2016,CYS,WY,ANM,WE,Federal Contract Tower,0,6,7,2,15,0,0,4,0,4,0,6,11,2,19,9,18,27,46
08/27/2016,CYS,WY,ANM,WE,Federal Contract Tower,0,8,22,0,30,0,14,27,0,41,0,22,49,0,71,73,2,75,146
08/28/2016,CYS,WY,ANM,WE,Federal Contract Tower,0,9,12,3,24,0,6,6,0,12,0,15,18,3,36,23,10,33,69
08/29/2016,CYS,WY,ANM,WE,Federal Contract Tower,0,11,29,0,40,0,0,28,0,28,0,11,57,0,68,66,16,82,150
08/30/2016,CYS,WY,ANM,WE,Federal Contract Tower,0,8,52,16,76,0,0,14,0,14,0,8,66,16,90,40,160,200,290
08/31/2016,CYS,WY,ANM,WE,Federal Contract Tower,0,10,52,13,75,0,0,25,0,25,0,10,77,13,100,69,92,161,261
09/01/2016,CYS,WY,ANM,WE,Federal Contract Tower,2,8,25,9,44,15,0,0,0,15,17,8,25,9,59,28,25,53,112
09/02/2016,CYS,WY,ANM,WE,Federal Contract Tower,1,13,18,1,33,1,0,2,0,3,2,13,20,1,36,39,0,39,75
09/03/2016,CYS,WY,ANM,WE,Federal Contract Tower,0,6,9,0,15,0,0,2,0,2,0,6,11,0,17,36,3,39,56
09/04/2016,CYS,WY,ANM,WE,Federal Contract Tower,0,2,10,0,12,0,0,15,0,15,0,2,25,0,27,27,1,28,55
09/05/2016,CYS,WY,ANM,WE,Federal Contract Tower,0,10,9,2,21,0,0,8,0,8,0,10,17,2,29,59,0,59,88
09/06/2016,CYS,WY,ANM,WE,Federal Contract Tower,0,7,26,24,57,6,2,2,7,17,6,9,28,31,74,21,68,89,163
09/07/2016,CYS,WY,ANM,WE,Federal Contract Tower,0,22,10,10,42,0,2,0,0,2,0,24,10,10,44,51,78,129,173
09/08/2016,CYS,WY,ANM,WE,Federal Contract Tower,0,17,27,14,58,0,14,10,0,24,0,31,37,14,82,46,152,198,280
09/09/2016,CYS,WY,ANM,WE,Federal Contract Tower,0,4,7,10,21,0,0,0,6,6,0,4,7,16,27,23,47,70,97
09/10/2016,CYS,WY,ANM,WE,Federal Contract Tower,0,6,5,4,15,0,0,8,0,8,0,6,13,4,23,36,55,91,114
09/11/2016,CYS,WY,ANM,WE,Federal Contract Tower,0,6,7,6,19,0,0,3,0,3,0,6,10,6,22,54,16,70,92
09/12/2016,CYS,WY,ANM,WE,Federal Contract Tower,0,6,13,11,30,0,0,4,6,10,0,6,17,17,40,14,82,96,136
09/13/2016,CYS,WY,ANM,WE,Federal Contract Tower,0,2,24,9,35,0,0,0,0,0,0,2,24,9,35,4,34,38,73
09/14/2016,CYS,WY,ANM,WE,Federal Contract Tower,0,12,11,7,30,0,0,4,5,9,0,12,15,12,39,16,137,153,192
09/15/2016,CYS,WY,ANM,WE,Federal Contract Tower,0,6,15,4,25,0,0,1,0,1,0,6,16,4,26,108,20,128,154
09/16/2016,CYS,WY,ANM,WE,Federal Contract Tower,0,5,18,11,34,0,0,6,0,6,0,5,24,11,40,45,56,101,141
09/17/2016,CYS,WY,ANM,WE,Federal Contract Tower,0,6,1,15,22,0,0,0,0,0,0,6,1,15,22,36,6,42,64
09/18/2016,CYS,WY,ANM,WE,Federal Contract Tower,0,4,6,13,23,0,0,14,0,14,0,4,20,13,37,19,0,19,56
09/19/2016,CYS,WY,ANM,WE,Federal Contract Tower,0,7,9,8,24,0,0,5,0,5,0,7,14,8,29,55,114,169,198
09/20/2016,CYS,WY,ANM,WE,Federal Contract Tower,0,7,3,29,39,0,0,10,1,11,0,7,13,30,50,15,118,133,183
09/21/2016,CYS,WY,ANM,WE,Federal Contract Tower,0,6,12,28,46,0,0,13,1,14,0,6,25,29,60,38,175,213,273
09/22/2016,CYS,WY,ANM,WE,Federal Contract Tower,0,12,5,17,34,0,0,0,0,0,0,12,5,17,34,2,38,40,74
09/23/2016,CYS,WY,ANM,WE,Federal Contract Tower,0,6,4,2,12,0,0,0,0,0,0,6,4,2,12,16,35,51,63
09/24/2016,CYS,WY,ANM,WE,Federal Contract Tower,0,6,17,2,25,0,0,2,0,2,0,6,19,2,27,35,18,53,80
09/25/2016,CYS,WY,ANM,WE,Federal Contract Tower,0,2,16,1,19,0,0,16,2,18,0,2,32,3,37,30,4,34,71
09/26/2016,CYS,WY,ANM,WE,Federal Contract Tower,0,6,27,19,52,0,0,12,0,12,0,6,39,19,64,48,90,138,202
09/27/2016,CYS,WY,ANM,WE,Federal Contract Tower,0,6,20,22,48,0,0,18,30,48,0,6,38,52,96,57,170,227,323
09/28/2016,CYS,WY,ANM,WE,Federal Contract Tower,0,10,24,7,41,0,0,21,0,21,0,10,45,7,62,53,102,155,217
09/29/2016,CYS,WY,ANM,WE,Federal Contract Tower,4,6,52,4,66,0,0,5,0,5,4,6,57,4,71,61,49,110,181
09/30/2016,CYS,WY,ANM,WE,Federal Contract Tower,0,9,15,2,26,0,0,8,0,8,0,9,23,2,34,52,1,53,87
10/01/2016,CYS,WY,ANM,WE,Federal Contract Tower,1,5,11,0,17,0,0,2,0,2,1,5,13,0,19,97,0,97,116
10/02/2016,CYS,WY,ANM,WE,Federal Contract Tower,0,5,9,0,14,0,0,14,0,14,0,5,23,0,28,34,0,34,62
10/03/2016,CYS,WY,ANM,WE,Federal Contract Tower,0,6,4,1,11,0,0,3,0,3,0,6,7,1,14,11,56,67,81
10/04/2016,CYS,WY,ANM,WE,Federal Contract Tower,0,7,6,10,23,0,0,4,0,4,0,7,10,10,27,4,173,177,204
10/05/2016,CYS,WY,ANM,WE,Federal Contract Tower,0,7,13,7,27,0,0,20,4,24,0,7,33,11,51,50,93,143,194
10/06/2016,CYS,WY,ANM,WE,Federal Contract Tower,0,7,12,3,22,0,0,6,0,6,0,7,18,3,28,12,62,74,102
10/07/2016,CYS,WY,ANM,WE,Federal Contract Tower,0,10,8,7,25,0,0,2,0,2,0,10,10,7,27,111,65,176,203
10/08/2016,CYS,WY,ANM,WE,Federal Contract Tower,0,7,4,2,13,0,0,0,0,0,0,7,4,2,13,43,14,57,70
10/09/2016,CYS,WY,ANM,WE,Federal Contract Tower,0,3,9,2,14,0,0,14,0,14,0,3,23,2,28,72,2,74,102
10/10/2016,CYS,WY,ANM,WE,Federal Contract Tower,0,7,16,0,23,0,0,7,0,7,0,7,23,0,30,45,0,45,75
10/11/2016,CYS,WY,ANM,WE,Federal Contract Tower,0,10,14,27,51,0,0,7,10,17,0,10,21,37,68,7,232,239,307
10/12/2016,CYS,WY,ANM,WE,Federal Contract Tower,0,15,14,11,40,0,0,4,0,4,0,15,18,11,44,18,60,78,122
10/13/2016,CYS,WY,ANM,WE,Federal Contract Tower,0,5,28,10,43,0,0,2,0,2,0,5,30,10,45,51,42,93,138
10/14/2016,CYS,WY,ANM,WE,Federal Contract Tower,0,6,5,10,21,0,0,0,0,0,0,6,5,10,21,47,61,108,129
10/15/2016,CYS,WY,ANM,WE,Federal Contract Tower,0,4,2,1,7,0,0,0,0,0,0,4,2,1,7,45,9,54,61
10/16/2016,CYS,WY,ANM,WE,Federal Contract Tower,0,4,6,3,13,0,0,4,0,4,0,4,10,3,17,24,1,25,42
10/17/2016,CYS,WY,ANM,WE,Federal Contract Tower,0,6,4,1,11,0,0,1,0,1,0,6,5,1,12,7,3,10,22
10/18/2016,CYS,WY,ANM,WE,Federal Contract Tower,0,10,5,19,34,0,0,3,2,5,0,10,8,21,39,40,82,122,161
10/19/2016,CYS,WY,ANM,WE,Federal Contract Tower,0,9,13,20,42,0,0,12,0,12,0,9,25,20,54,35,78,113,167
10/20/2016,CYS,WY,ANM,WE,Federal Contract Tower,0,8,17,9,34,0,0,2,0,2,0,8,19,9,36,28,133,161,197
10/21/2016,CYS,WY,ANM,WE,Federal Contract Tower,0,8,12,11,31,0,0,5,1,6,0,8,17,12,37,63,106,169,206
10/22/2016,CYS,WY,ANM,WE,Federal Contract Tower,0,6,11,1,18,0,0,14,0,14,0,6,25,1,32,42,53,95,127
10/23/2016,CYS,WY,ANM,WE,Federal Contract Tower,0,3,6,4,13,0,0,14,0,14,0,3,20,4,27,63,3,66,93
10/24/2016,CYS,WY,ANM,WE,Federal Contract Tower,0,6,8,2,16,0,0,12,0,12,0,6,20,2,28,33,137,170,198
10/25/2016,CYS,WY,ANM,WE,Federal Contract Tower,0,7,9,13,29,0,0,3,0,3,0,7,12,13,32,13,62,75,107
10/26/2016,CYS,WY,ANM,WE,Federal Contract Tower,0,9,23,23,55,0,0,6,0,6,0,9,29,23,61,40,102,142,203
10/27/2016,CYS,WY,ANM,WE,Federal Contract Tower,0,9,11,1,21,0,0,0,0,0,0,9,11,1,21,59,48,107,128
10/28/2016,CYS,WY,ANM,WE,Federal Contract Tower,0,13,15,2,30,0,0,2,0,2,0,13,17,2,32,49,38,87,119
10/29/2016,CYS,WY,ANM,WE,Federal Contract Tower,1,5,13,0,19,0,0,2,0,2,1,5,15,0,21,16,1,17,38
10/30/2016,CYS,WY,ANM,WE,Federal Contract Tower,0,5,1,1,7,0,0,2,0,2,0,5,3,1,9,17,0,17,26
10/31/2016,CYS,WY,ANM,WE,Federal Contract Tower,0,7,2,3,12,0,0,4,0,4,0,7,6,3,16,10,61,71,87
11/01/2016,CYS,WY,ANM,WE,Federal Contract Tower,0,8,9,17,34,0,0,2,0,2,0,8,11,17,36,59,96,155,191
11/02/2016,CYS,WY,ANM,WE,Federal Contract Tower,0,12,15,10,37,0,0,7,0,7,0,12,22,10,44,37,44,81,125
11/03/2016,CYS,WY,ANM,WE,Federal Contract Tower,0,13,8,16,37,0,4,10,0,14,0,17,18,16,51,56,110,166,217
11/04/2016,CYS,WY,ANM,WE,Federal Contract Tower,0,8,13,16,37,0,0,0,0,0,0,8,13,16,37,67,92,159,196
11/05/2016,CYS,WY,ANM,WE,Federal Contract Tower,0,8,12,2,22,0,0,12,0,12,0,8,24,2,34,63,18,81,115
11/06/2016,CYS,WY,ANM,WE,Federal Contract Tower,0,6,21,4,31,0,0,14,2,16,0,6,35,6,47,43,4,47,94
11/07/2016,CYS,WY,ANM,WE,Federal Contract Tower,0,9,4,8,21,0,0,3,1,4,0,9,7,9,25,67,173,240,265
11/08/2016,CYS,WY,ANM,WE,Federal Contract Tower,0,11,12,13,36,0,0,14,2,16,0,11,26,15,52,38,189,227,279
11/09/2016,CYS,WY,ANM,WE,Federal Contract Tower,0,10,18,5,33,0,0,4,0,4,0,10,22,5,37,55,94,149,186
11/10/2016,CYS,WY,ANM,WE,Federal Contract Tower,0,7,21,10,38,0,0,0,1,1,0,7,21,11,39,39,37,76,115
11/11/2016,CYS,WY,ANM,WE,Federal Contract Tower,0,8,9,2,19,0,2,0,0,2,0,10,9,2,21,63,0,63,84
11/12/2016,CYS,WY,ANM,WE,Federal Contract Tower,0,4,5,5,14,0,0,2,0,2,0,4,7,5,16,42,9,51,67
11/13/2016,CYS,WY,ANM,WE,Federal Contract Tower,0,4,5,9,18,0,0,0,0,0,0,4,5,9,18,6,0,6,24
11/14/2016,CYS,WY,ANM,WE,Federal Contract Tower,0,8,10,0,18,0,0,2,0,2,0,8,12,0,20,27,33,60,80
11/15/2016,CYS,WY,ANM,WE,Federal Contract Tower,0,8,11,14,33,0,0,12,3,15,0,8,23,17,48,40,86,126,174
11/16/2016,CYS,WY,ANM,WE,Federal Contract Tower,0,7,14,6,27,0,0,7,1,8,0,7,21,7,35,28,112,140,175
11/17/2016,CYS,WY,ANM,WE,Federal Contract Tower,0,4,6,4,14,0,0,0,0,0,0,4,6,4,14,0,0,0,14
11/18/2016,CYS,WY,ANM,WE,Federal Contract Tower,0,20,9,6,35,0,7,26,7,40,0,27,35,13,75,12,14,26,101
11/19/2016,CYS,WY,ANM,WE,Federal Contract Tower,0,5,10,1,16,0,0,1,0,1,0,5,11,1,17,68,10,78,95
11/20/2016,CYS,WY,ANM,WE,Federal Contract Tower,0,3,15,0,18,0,0,17,0,17,0,3,32,0,35,52,0,52,87
11/21/2016,CYS,WY,ANM,WE,Federal Contract Tower,0,13,13,4,30,0,1,24,0,25,0,14,37,4,55,64,107,171,226
11/22/2016,CYS,WY,ANM,WE,Federal Contract Tower,0,7,5,7,19,0,0,0,0,0,0,7,5,7,19,0,68,68,87
11/23/2016,CYS,WY,ANM,WE,Federal Contract Tower,0,10,9,2,21,0,0,2,0,2,0,10,11,2,23,36,32,68,91
11/24/2016,CYS,WY,ANM,WE,Federal Contract Tower,0,4,3,0,7,0,0,2,0,2,0,4,5,0,9,6,0,6,15
11/25/2016,CYS,WY,ANM,WE,Federal Contract Tower,0,10,4,0,14,0,0,4,0,4,0,10,8,0,18,33,0,33,51
11/26/2016,CYS,WY,ANM,WE,Federal Contract Tower,0,6,6,0,12,0,0,0,0,0,0,6,6,0,12,41,0,41,53
11/27/2016,CYS,WY,ANM,WE,Federal Contract Tower,0,4,6,2,12,0,0,1,0,1,0,4,7,2,13,8,2,10,23
11/28/2016,CYS,WY,ANM,WE,Federal Contract Tower,0,8,3,7,18,0,0,6,6,12,0,8,9,13,30,4,151,155,185
11/29/2016,CYS,WY,ANM,WE,Federal Contract Tower,0,11,15,10,36,0,0,6,2,8,0,11,21,12,44,10,30,40,84
11/30/2016,CYS,WY,ANM,WE,Federal Contract Tower,0,9,9,14,32,9,0,0,0,9,9,9,9,14,41,16,157,173,214
12/01/2016,CYS,WY,ANM,WE,Federal Contract Tower,0,7,17,11,35,0,0,0,0,0,0,7,17,11,35,32,115,147,182
12/02/2016,CYS,WY,ANM,WE,Federal Contract Tower,0,12,18,23,53,0,0,0,0,0,0,12,18,23,53,28,76,104,157
12/03/2016,CYS,WY,ANM,WE,Federal Contract Tower,0,2,11,0,13,0,0,16,0,16,0,2,27,0,29,27,17,44,73
12/04/2016,CYS,WY,ANM,WE,Federal Contract Tower,0,5,12,7,24,0,0,6,4,10,0,5,18,11,34,38,8,46,80
12/05/2016,CYS,WY,ANM,WE,Federal Contract Tower,0,12,5,6,23,0,2,8,4,14,0,14,13,10,37,17,115,132,169
12/06/2016,CYS,WY,ANM,WE,Federal Contract Tower,2,12,10,13,37,0,0,5,0,5,2,12,15,13,42,24,89,113,155
12/07/2016,CYS,WY,ANM,WE,Federal Contract Tower,0,11,15,13,39,0,0,0,2,2,0,11,15,15,41,4,93,97,138
12/08/2016,CYS,WY,ANM,WE,Federal Contract Tower,0,13,12,13,38,0,0,0,0,0,0,13,12,13,38,29,149,178,216
12/09/2016,CYS,WY,ANM,WE,Federal Contract Tower,2,11,11,2,26,0,1,0,0,1,2,12,11,2,27,24,34,58,85
12/10/2016,CYS,WY,ANM,WE,Federal Contract Tower,0,5,3,2,10,0,0,0,0,0,0,5,3,2,10,21,0,21,31
12/11/2016,CYS,WY,ANM,WE,Federal Contract Tower,0,4,5,2,11,0,0,0,0,0,0,4,5,2,11,14,0,14,25
12/12/2016,CYS,WY,ANM,WE,Federal Contract Tower,0,4,8,11,23,0,0,11,0,11,0,4,19,11,34,17,90,107,141
12/13/2016,CYS,WY,ANM,WE,Federal Contract Tower,0,10,7,8,25,0,0,1,0,1,0,10,8,8,26,10,37,47,73
12/14/2016,CYS,WY,ANM,WE,Federal Contract Tower,0,7,11,5,23,0,0,7,0,7,0,7,18,5,30,0,42,42,72
12/15/2016,CYS,WY,ANM,WE,Federal Contract Tower,0,8,6,6,20,0,0,2,0,2,0,8,8,6,22,8,74,82,104
12/16/2016,CYS,WY,ANM,WE,Federal Contract Tower,0,4,14,8,26,0,0,0,0,0,0,4,14,8,26,5,81,86,112
12/17/2016,CYS,WY,ANM,WE,Federal Contract Tower,4,2,6,0,12,0,0,0,0,0,4,2,6,0,12,22,0,22,34
12/18/2016,CYS,WY,ANM,WE,Federal Contract Tower,0,9,0,0,9,0,8,2,0,10,0,17,2,0,19,21,0,21,40
12/19/2016,CYS,WY,ANM,WE,Federal Contract Tower,0,13,13,5,31,0,4,8,0,12,0,17,21,5,43,23,20,43,86
12/20/2016,CYS,WY,ANM,WE,Federal Contract Tower,0,8,22,18,48,0,0,2,0,2,0,8,24,18,50,15,172,187,237
12/21/2016,CYS,WY,ANM,WE,Federal Contract Tower,0,9,23,12,44,0,0,0,0,0,0,9,23,12,44,32,65,97,141
12/22/2016,CYS,WY,ANM,WE,Federal Contract Tower,0,12,20,4,36,0,0,0,0,0,0,12,20,4,36,61,14,75,111
12/23/2016,CYS,WY,ANM,WE,Federal Contract Tower,0,7,8,0,15,0,0,0,0,0,0,7,8,0,15,22,0,22,37
12/24/2016,CYS,WY,ANM,WE,Federal Contract Tower,0,3,3,0,6,0,0,0,0,0,0,3,3,0,6,29,0,29,35
12/25/2016,CYS,WY,ANM,WE,Federal Contract Tower,0,0,0,0,0,0,0,0,0,0,0,0,0,0,0,0,0,0,0
12/26/2016,CYS,WY,ANM,WE,Federal Contract Tower,0,4,4,0,8,0,0,0,0,0,0,4,4,0,8,8,0,8,16
12/27/2016,CYS,WY,ANM,WE,Federal Contract Tower,0,6,7,4,17,0,0,0,0,0,0,6,7,4,17,8,26,34,51
12/28/2016,CYS,WY,ANM,WE,Federal Contract Tower,0,5,0,7,12,0,0,4,0,4,0,5,4,7,16,9,54,63,79
12/29/2016,CYS,WY,ANM,WE,Federal Contract Tower,0,7,5,6,18,0,0,0,0,0,0,7,5,6,18,37,9,46,64
12/30/2016,CYS,WY,ANM,WE,Federal Contract Tower,0,15,7,0,22,0,8,2,0,10,0,23,9,0,32,25,0,25,57
12/31/2016,CYS,WY,ANM,WE,Federal Contract Tower,0,5,6,0,11,0,0,0,0,0,0,5,6,0,11,40,0,40,51
01/01/2017,CYS,WY,ANM,WE,Federal Contract Tower,0,2,11,0,13,0,0,9,0,9,0,2,20,0,22,28,0,28,50
01/02/2017,CYS,WY,ANM,WE,Federal Contract Tower,0,5,5,0,10,0,0,4,0,4,0,5,9,0,14,11,0,11,25
01/03/2017,CYS,WY,ANM,WE,Federal Contract Tower,0,12,3,13,28,0,0,2,0,2,0,12,5,13,30,5,6,11,41
01/04/2017,CYS,WY,ANM,WE,Federal Contract Tower,0,3,4,2,9,0,0,0,0,0,0,3,4,2,9,0,0,0,9
01/05/2017,CYS,WY,ANM,WE,Federal Contract Tower,0,6,11,3,20,0,0,0,0,0,0,6,11,3,20,14,50,64,84
01/06/2017,CYS,WY,ANM,WE,Federal Contract Tower,0,8,1,7,16,0,0,7,0,7,0,8,8,7,23,12,37,49,72
01/07/2017,CYS,WY,ANM,WE,Federal Contract Tower,0,4,8,4,16,0,0,4,0,4,0,4,12,4,20,46,0,46,66
01/08/2017,CYS,WY,ANM,WE,Federal Contract Tower,0,2,2,4,8,0,0,0,0,0,0,2,2,4,8,7,8,15,23
01/09/2017,CYS,WY,ANM,WE,Federal Contract Tower,0,8,6,4,18,0,0,0,0,0,0,8,6,4,18,6,34,40,58
01/10/2017,CYS,WY,ANM,WE,Federal Contract Tower,0,6,7,7,20,0,0,0,0,0,0,6,7,7,20,3,48,51,71
01/11/2017,CYS,WY,ANM,WE,Federal Contract Tower,0,6,23,10,39,0,0,0,0,0,0,6,23,10,39,62,168,230,269
01/12/2017,CYS,WY,ANM,WE,Federal Contract Tower,0,8,17,13,38,0,0,6,0,6,0,8,23,13,44,41,56,97,141
01/13/2017,CYS,WY,ANM,WE,Federal Contract Tower,0,8,8,9,25,0,0,2,0,2,0,8,10,9,27,60,68,128,155
01/14/2017,CYS,WY,ANM,WE,Federal Contract Tower,0,5,13,4,22,0,0,4,0,4,0,5,17,4,26,70,75,145,171
01/15/2017,CYS,WY,ANM,WE,Federal Contract Tower,0,0,0,0,0,0,0,0,0,0,0,0,0,0,0,25,0,25,25
01/16/2017,CYS,WY,ANM,WE,Federal Contract Tower,0,8,4,2,14,0,0,8,0,8,0,8,12,2,22,21,0,21,43
01/17/2017,CYS,WY,ANM,WE,Federal Contract Tower,0,6,18,19,43,0,2,1,2,5,0,8,19,21,48,63,103,166,214
01/18/2017,CYS,WY,ANM,WE,Federal Contract Tower,0,0,0,0,0,0,0,0,0,0,0,0,0,0,0,48,68,116,116
01/19/2017,CYS,WY,ANM,WE,Federal Contract Tower,0,10,17,12,39,0,0,4,0,4,0,10,21,12,43,86,101,187,230
01/20/2017,CYS,WY,ANM,WE,Federal Contract Tower,0,6,19,6,31,0,0,1,0,1,0,6,20,6,32,24,36,60,92
01/21/2017,CYS,WY,ANM,WE,Federal Contract Tower,0,4,18,4,26,0,2,0,0,2,0,6,18,4,28,107,0,107,135
01/22/2017,CYS,WY,ANM,WE,Federal Contract Tower,0,4,14,1,19,0,0,14,0,14,0,4,28,1,33,19,0,19,52
01/23/2017,CYS,WY,ANM,WE,Federal Contract Tower,0,8,8,4,20,0,0,13,0,13,0,8,21,4,33,52,112,164,197
01/24/2017,CYS,WY,ANM,WE,Federal Contract Tower,0,0,0,0,0,0,0,0,0,0,0,0,0,0,0,0,18,18,18
01/25/2017,CYS,WY,ANM,WE,Federal Contract Tower,0,17,6,19,42,0,0,0,0,0,0,17,6,19,42,14,85,99,141
01/26/2017,CYS,WY,ANM,WE,Federal Contract Tower,0,10,18,10,38,0,2,3,0,5,0,12,21,10,43,48,36,84,127
01/27/2017,CYS,WY,ANM,WE,Federal Contract Tower,0,7,11,6,24,0,0,0,0,0,0,7,11,6,24,33,141,174,198
01/28/2017,CYS,WY,ANM,WE,Federal Contract Tower,0,4,6,6,16,0,1,0,0,1,0,5,6,6,17,13,21,34,51
01/29/2017,CYS,WY,ANM,WE,Federal Contract Tower,0,2,3,0,5,0,0,0,0,0,0,2,3,0,5,11,0,11,16
01/30/2017,CYS,WY,ANM,WE,Federal Contract Tower,0,6,9,3,18,0,0,13,0,13,0,6,22,3,31,29,28,57,88
01/31/2017,CYS,WY,ANM,WE,Federal Contract Tower,0,10,14,14,38,0,0,0,0,0,0,10,14,14,38,30,219,249,287
02/01/2017,CYS,WY,ANM,WE,Federal Contract Tower,0,4,12,4,20,0,0,0,0,0,0,4,12,4,20,0,0,0,20
02/02/2017,CYS,WY,ANM,WE,Federal Contract Tower,0,6,4,3,13,0,0,0,0,0,0,6,4,3,13,0,0,0,13
02/03/2017,CYS,WY,ANM,WE,Federal Contract Tower,0,6,15,2,23,0,0,0,0,0,0,6,15,2,23,11,0,11,34
02/04/2017,CYS,WY,ANM,WE,Federal Contract Tower,0,6,1,0,7,11,0,0,0,11,11,6,1,0,18,23,0,23,41
02/05/2017,CYS,WY,ANM,WE,Federal Contract Tower,0,2,14,0,16,0,0,5,0,5,0,2,19,0,21,37,0,37,58
02/06/2017,CYS,WY,ANM,WE,Federal Contract Tower,0,6,4,14,24,0,0,3,0,3,0,6,7,14,27,21,73,94,121
02/07/2017,CYS,WY,ANM,WE,Federal Contract Tower,0,8,15,8,31,0,0,0,0,0,0,8,15,8,31,13,99,112,143
02/08/2017,CYS,WY,ANM,WE,Federal Contract Tower,0,7,6,9,22,0,0,0,0,0,0,7,6,9,22,10,109,119,141
02/09/2017,CYS,WY,ANM,WE,Federal Contract Tower,0,11,11,15,37,0,0,0,2,2,0,11,11,17,39,20,159,179,218
02/10/2017,CYS,WY,ANM,WE,Federal Contract Tower,0,6,6,7,19,0,3,3,0,6,0,9,9,7,25,3,29,32,57
02/11/2017,CYS,WY,ANM,WE,Federal Contract Tower,0,12,3,5,20,0,2,4,0,6,0,14,7,5,26,14,92,106,132
02/12/2017,CYS,WY,ANM,WE,Federal Contract Tower,0,2,12,4,18,0,0,18,6,24,0,2,30,10,42,54,16,70,112
02/13/2017,CYS,WY,ANM,WE,Federal Contract Tower,0,6,19,19,44,0,0,14,0,14,0,6,33,19,58,77,138,215,273
02/14/2017,CYS,WY,ANM,WE,Federal Contract Tower,0,9,15,6,30,0,0,5,0,5,0,9,20,6,35,38,92,130,165
02/15/2017,CYS,WY,ANM,WE,Federal Contract Tower,0,11,19,7,37,0,12,2,0,14,0,23,21,7,51,151,84,235,286
02/16/2017,CYS,WY,ANM,WE,Federal Contract Tower,0,17,17,10,44,0,2,0,0,2,0,19,17,10,46,57,50,107,153
02/17/2017,CYS,WY,ANM,WE,Federal Contract Tower,0,6,12,4,22,0,0,0,1,1,0,6,12,5,23,14,27,41,64
02/18/2017,CYS,WY,ANM,WE,Federal Contract Tower,0,5,11,2,18,0,0,0,0,0,0,5,11,2,18,123,0,123,141
02/19/2017,CYS,WY,ANM,WE,Federal Contract Tower,0,2,6,0,8,0,0,13,0,13,0,2,19,0,21,42,2,44,65
02/20/2017,CYS,WY,ANM,WE,Federal Contract Tower,0,6,4,0,10,0,0,4,0,4,0,6,8,0,14,15,0,15,29
02/21/2017,CYS,WY,ANM,WE,Federal Contract Tower,0,8,10,9,27,0,0,1,0,1,0,8,11,9,28,9,114,123,151
02/22/2017,CYS,WY,ANM,WE,Federal Contract Tower,0,6,7,15,28,0,0,0,0,0,0,6,7,15,28,57,99,156,184
02/23/2017,CYS,WY,ANM,WE,Federal Contract Tower,0,4,1,1,6,0,0,0,0,0,0,4,1,1,6,0,0,0,6
02/24/2017,CYS,WY,ANM,WE,Federal Contract Tower,0,6,4,3,13,0,0,0,3,3,0,6,4,6,16,2,48,50,66
02/25/2017,CYS,WY,ANM,WE,Federal Contract Tower,0,4,16,0,20,0,3,1,0,4,0,7,17,0,24,22,1,23,47
02/26/2017,CYS,WY,ANM,WE,Federal Contract Tower,0,2,8,0,10,0,0,0,0,0,0,2,8,0,10,35,0,35,45
02/27/2017,CYS,WY,ANM,WE,Federal Contract Tower,0,8,12,5,25,0,0,3,0,3,0,8,15,5,28,41,51,92,120
02/28/2017,CYS,WY,ANM,WE,Federal Contract Tower,0,6,9,8,23,0,0,8,0,8,0,6,17,8,31,33,94,127,158
03/01/2017,CYS,WY,ANM,WE,Federal Contract Tower,0,6,12,8,26,0,0,0,0,0,0,6,12,8,26,21,149,170,196
03/02/2017,CYS,WY,ANM,WE,Federal Contract Tower,0,8,20,13,41,0,0,3,0,3,0,8,23,13,44,60,96,156,200
03/03/2017,CYS,WY,ANM,WE,Federal Contract Tower,0,6,6,5,17,0,1,1,1,3,0,7,7,6,20,44,42,86,106
03/04/2017,CYS,WY,ANM,WE,Federal Contract Tower,0,4,7,1,12,0,0,0,0,0,0,4,7,1,12,71,28,99,111
03/05/2017,CYS,WY,ANM,WE,Federal Contract Tower,0,4,6,0,10,0,0,0,0,0,0,4,6,0,10,43,0,43,53
03/06/2017,CYS,WY,ANM,WE,Federal Contract Tower,0,9,7,4,20,0,0,0,0,0,0,9,7,4,20,2,0,2,22
03/07/2017,CYS,WY,ANM,WE,Federal Contract Tower,0,18,10,0,28,13,1,1,0,15,13,19,11,0,43,5,10,15,58
03/08/2017,CYS,WY,ANM,WE,Federal Contract Tower,0,12,17,14,43,0,0,3,1,4,0,12,20,15,47,36,181,217,264
03/09/2017,CYS,WY,ANM,WE,Federal Contract Tower,0,8,9,4,21,0,5,3,2,10,0,13,12,6,31,8,75,83,114
03/10/2017,CYS,WY,ANM,WE,Federal Contract Tower,0,13,7,8,28,0,25,9,4,38,0,38,16,12,66,64,111,175,241
03/11/2017,CYS,WY,ANM,WE,Federal Contract Tower,0,4,4,0,8,0,0,0,0,0,0,4,4,0,8,25,0,25,33
03/12/2017,CYS,WY,ANM,WE,Federal Contract Tower,0,2,2,3,7,0,0,0,0,0,0,2,2,3,7,3,2,5,12
03/13/2017,CYS,WY,ANM,WE,Federal Contract Tower,0,11,17,5,33,0,1,0,0,1,0,12,17,5,34,41,59,100,134
03/14/2017,CYS,WY,ANM,WE,Federal Contract Tower,0,6,13,7,26,0,0,2,0,2,0,6,15,7,28,14,90,104,132
03/15/2017,CYS,WY,ANM,WE,Federal Contract Tower,0,15,11,11,37,0,12,0,0,12,0,27,11,11,49,45,68,113,162
03/16/2017,CYS,WY,ANM,WE,Federal Contract Tower,0,10,9,7,26,0,0,0,0,0,0,10,9,7,26,43,26,69,95
03/17/2017,CYS,WY,ANM,WE,Federal Contract Tower,0,6,18,1,25,0,0,4,0,4,0,6,22,1,29,101,35,136,165
03/18/2017,CYS,WY,ANM,WE,Federal Contract Tower,0,4,15,0,19,0,1,0,0,1,0,5,15,0,20,67,0,67,87
03/19/2017,CYS,WY,ANM,WE,Federal Contract Tower,0,2,10,0,12,0,0,0,0,0,0,2,10,0,12,20,0,20,32
03/20/2017,CYS,WY,ANM,WE,Federal Contract Tower,0,6,13,1,20,0,0,0,4,4,0,6,13,5,24,117,16,133,157
03/21/2017,CYS,WY,ANM,WE,Federal Contract Tower,0,6,26,14,46,0,0,21,2,23,0,6,47,16,69,70,156,226,295
03/22/2017,CYS,WY,ANM,WE,Federal Contract Tower,0,12,16,16,44,0,0,17,0,17,0,12,33,16,61,71,110,181,242
03/23/2017,CYS,WY,ANM,WE,Federal Contract Tower,0,13,16,7,36,0,0,11,0,11,0,13,27,7,47,54,135,189,236
03/24/2017,CYS,WY,ANM,WE,Federal Contract Tower,0,7,9,9,25,0,0,0,0,0,0,7,9,9,25,18,94,112,137
03/25/2017,CYS,WY,ANM,WE,Federal Contract Tower,0,4,12,3,19,0,0,0,0,0,0,4,12,3,19,64,0,64,83
03/26/2017,CYS,WY,ANM,WE,Federal Contract Tower,2,2,2,1,7,0,0,0,0,0,2,2,2,1,7,4,0,4,11
03/27/2017,CYS,WY,ANM,WE,Federal Contract Tower,0,8,14,8,30,0,0,0,0,0,0,8,14,8,30,12,110,122,152
03/28/2017,CYS,WY,ANM,WE,Federal Contract Tower,0,8,8,2,18,0,0,0,0,0,0,8,8,2,18,0,0,0,18
03/29/2017,CYS,WY,ANM,WE,Federal Contract Tower,0,8,12,17,37,0,0,0,0,0,0,8,12,17,37,13,78,91,128
03/30/2017,CYS,WY,ANM,WE,Federal Contract Tower,0,6,19,4,29,0,0,9,1,10,0,6,28,5,39,26,59,85,124
03/31/2017,CYS,WY,ANM,WE,Federal Contract Tower,0,2,0,4,6,0,0,0,0,0,0,2,0,4,6,0,0,0,6
04/01/2017,CYS,WY,ANM,WE,Federal Contract Tower,0,4,2,2,8,0,0,0,0,0,0,4,2,2,8,21,0,21,29
04/02/2017,CYS,WY,ANM,WE,Federal Contract Tower,0,2,20,1,23,0,0,7,0,7,0,2,27,1,30,44,2,46,76
04/03/2017,CYS,WY,ANM,WE,Federal Contract Tower,0,4,19,8,31,0,0,1,0,1,0,4,20,8,32,42,88,130,162
04/04/2017,CYS,WY,ANM,WE,Federal Contract Tower,0,4,22,20,46,0,0,1,0,1,0,4,23,20,47,4,70,74,121
04/05/2017,CYS,WY,ANM,WE,Federal Contract Tower,0,6,26,12,44,0,0,15,2,17,0,6,41,14,61,56,128,184,245
04/06/2017,CYS,WY,ANM,WE,Federal Contract Tower,0,4,24,10,38,0,0,2,0,2,0,4,26,10,40,55,111,166,206
04/07/2017,CYS,WY,ANM,WE,Federal Contract Tower,0,10,15,6,31,0,0,0,0,0,0,10,15,6,31,58,27,85,116
04/08/2017,CYS,WY,ANM,WE,Federal Contract Tower,0,9,6,0,15,0,0,2,1,3,0,9,8,1,18,52,1,53,71
04/09/2017,CYS,WY,ANM,WE,Federal Contract Tower,0,2,6,2,10,1,0,0,0,1,1,2,6,2,11,2,0,2,13
04/10/2017,CYS,WY,ANM,WE,Federal Contract Tower,0,6,14,9,29,0,0,1,0,1,0,6,15,9,30,29,60,89,119
04/11/2017,CYS,WY,ANM,WE,Federal Contract Tower,0,5,28,1,34,0,0,1,0,1,0,5,29,1,35,46,14,60,95
04/12/2017,CYS,WY,ANM,WE,Federal Contract Tower,0,16,13,5,34,0,4,10,1,15,0,20,23,6,49,47,49,96,145
04/13/2017,CYS,WY,ANM,WE,Federal Contract Tower,0,12,5,5,22,0,0,11,1,12,0,12,16,6,34,25,67,92,126
04/14/2017,CYS,WY,ANM,WE,Federal Contract Tower,0,8,10,6,24,0,0,2,0,2,0,8,12,6,26,45,20,65,91
04/15/2017,CYS,WY,ANM,WE,Federal Contract Tower,0,4,6,0,10,4,0,0,0,4,4,4,6,0,14,59,0,59,73
04/16/2017,CYS,WY,ANM,WE,Federal Contract Tower,0,2,6,0,8,0,0,18,0,18,0,2,24,0,26,27,0,27,53
04/17/2017,CYS,WY,ANM,WE,Federal Contract Tower,0,10,13,3,26,0,0,0,0,0,0,10,13,3,26,7,41,48,74
04/18/2017,CYS,WY,ANM,WE,Federal Contract Tower,0,8,14,9,31,0,0,10,0,10,0,8,24,9,41,65,41,106,147
04/19/2017,CYS,WY,ANM,WE,Federal Contract Tower,0,11,14,10,35,0,0,4,10,14,0,11,18,20,49,31,16,47,96
04/20/2017,CYS,WY,ANM,WE,Federal Contract Tower,0,12,15,6,33,0,4,6,0,10,0,16,21,6,43,72,119,191,234
04/21/2017,CYS,WY,ANM,WE,Federal Contract Tower,0,7,6,2,15,0,0,0,0,0,0,7,6,2,15,0,0,0,15
04/22/2017,CYS,WY,ANM,WE,Federal Contract Tower,0,3,9,0,12,0,0,5,0,5,0,3,14,0,17,52,20,72,89
04/23/2017,CYS,WY,ANM,WE,Federal Contract Tower,0,2,4,2,8,0,0,8,2,10,0,2,12,4,18,47,2,49,67
04/24/2017,CYS,WY,ANM,WE,Federal Contract Tower,4,2,29,8,43,0,0,3,0,3,4,2,32,8,46,25,46,71,117
04/25/2017,CYS,WY,ANM,WE,Federal Contract Tower,0,11,15,7,33,0,5,8,0,13,0,16,23,7,46,68,97,165,211
04/26/2017,CYS,WY,ANM,WE,Federal Contract Tower,0,9,20,11,40,0,0,4,0,4,0,9,24,11,44,30,88,118,162
04/27/2017,CYS,WY,ANM,WE,Federal Contract Tower,0,10,10,4,24,0,0,0,0,0,0,10,10,4,24,27,33,60,84
04/28/2017,CYS,WY,ANM,WE,Federal Contract Tower,0,2,9,1,12,0,0,0,0,0,0,2,9,1,12,31,0,31,43
04/29/2017,CYS,WY,ANM,WE,Federal Contract Tower,0,2,3,0,5,0,0,0,0,0,0,2,3,0,5,20,0,20,25
04/30/2017,CYS,WY,ANM,WE,Federal Contract Tower,0,2,12,3,17,0,0,2,0,2,0,2,14,3,19,10,0,10,29
05/01/2017,CYS,WY,ANM,WE,Federal Contract Tower,0,6,15,9,30,0,0,0,0,0,0,6,15,9,30,9,72,81,111
05/02/2017,CYS,WY,ANM,WE,Federal Contract Tower,0,8,10,8,26,0,0,0,1,1,0,8,10,9,27,29,35,64,91
05/03/2017,CYS,WY,ANM,WE,Federal Contract Tower,0,6,11,12,29,0,0,0,0,0,0,6,11,12,29,33,40,73,102
05/04/2017,CYS,WY,ANM,WE,Federal Contract Tower,0,12,11,7,30,0,0,4,0,4,0,12,15,7,34,71,76,147,181
05/05/2017,CYS,WY,ANM,WE,Federal Contract Tower,0,6,10,8,24,0,0,0,0,0,0,6,10,8,24,84,112,196,220
05/06/2017,CYS,WY,ANM,WE,Federal Contract Tower,2,2,7,2,13,0,0,2,0,2,2,2,9,2,15,96,16,112,127
05/07/2017,CYS,WY,ANM,WE,Federal Contract Tower,0,3,6,7,16,0,0,7,0,7,0,3,13,7,23,51,21,72,95
05/08/2017,CYS,WY,ANM,WE,Federal Contract Tower,0,0,21,2,23,0,0,0,0,0,0,0,21,2,23,8,4,12,35
05/09/2017,CYS,WY,ANM,WE,Federal Contract Tower,0,5,25,15,45,0,0,0,0,0,0,5,25,15,45,0,3,3,48
05/10/2017,CYS,WY,ANM,WE,Federal Contract Tower,0,7,33,8,48,0,0,0,0,0,0,7,33,8,48,17,30,47,95
05/11/2017,CYS,WY,ANM,WE,Federal Contract Tower,0,0,22,4,26,0,0,12,0,12,0,0,34,4,38,143,78,221,259
05/12/2017,CYS,WY,ANM,WE,Federal Contract Tower,0,9,8,8,25,0,0,0,0,0,0,9,8,8,25,105,29,134,159
05/13/2017,CYS,WY,ANM,WE,Federal Contract Tower,0,0,11,0,11,0,0,0,0,0,0,0,11,0,11,80,0,80,91
05/14/2017,CYS,WY,ANM,WE,Federal Contract Tower,0,2,4,1,7,0,0,0,0,0,0,2,4,1,7,66,2,68,75
05/15/2017,CYS,WY,ANM,WE,Federal Contract Tower,0,2,15,11,28,0,0,4,0,4,0,2,19,11,32,33,78,111,143
05/16/2017,CYS,WY,ANM,WE,Federal Contract Tower,0,6,20,16,42,0,0,9,0,9,0,6,29,16,51,55,198,253,304
05/17/2017,CYS,WY,ANM,WE,Federal Contract Tower,2,2,17,19,40,0,0,4,0,4,2,2,21,19,44,15,193,208,252
05/18/2017,CYS,WY,ANM,WE,Federal Contract Tower,0,0,5,0,5,0,0,3,0,3,0,0,8,0,8,0,0,0,8
05/20/2017,CYS,WY,ANM,WE,Federal Contract Tower,0,2,14,1,17,0,0,0,0,0,0,2,14,1,17,105,1,106,123
05/21/2017,CYS,WY,ANM,WE,Federal Contract Tower,0,0,14,2,16,0,0,9,0,9,0,0,23,2,25,39,1,40,65
05/22/2017,CYS,WY,ANM,WE,Federal Contract Tower,0,2,18,10,30,0,0,4,0,4,0,2,22,10,34,12,112,124,158
05/23/2017,CYS,WY,ANM,WE,Federal Contract Tower,2,9,20,13,44,0,0,0,11,11,2,9,20,24,55,58,104,162,217
05/24/2017,CYS,WY,ANM,WE,Federal Contract Tower,0,4,23,0,27,0,0,2,54,56,0,4,25,54,83,44,111,155,238
05/25/2017,CYS,WY,ANM,WE,Federal Contract Tower,0,2,18,2,22,0,0,0,20,20,0,2,18,22,42,44,13,57,99
05/26/2017,CYS,WY,ANM,WE,Federal Contract Tower,0,8,14,0,22,0,0,0,0,0,0,8,14,0,22,34,0,34,56
05/27/2017,CYS,WY,ANM,WE,Federal Contract Tower,0,2,8,0,10,0,0,2,0,2,0,2,10,0,12,30,0,30,42
05/28/2017,CYS,WY,ANM,WE,Federal Contract Tower,0,1,14,0,15,0,0,0,0,0,0,1,14,0,15,95,5,100,115
05/29/2017,CYS,WY,ANM,WE,Federal Contract Tower,0,1,3,0,4,0,0,8,0,8,0,1,11,0,12,69,0,69,81
05/30/2017,CYS,WY,ANM,WE,Federal Contract Tower,0,2,8,4,14,0,0,16,19,35,0,2,24,23,49,75,69,144,193
05/31/2017,CYS,WY,ANM,WE,Federal Contract Tower,0,2,14,25,41,0,0,13,4,17,0,2,27,29,58,68,185,253,311
06/01/2017,CYS,WY,ANM,WE,Federal Contract Tower,0,7,18,4,29,0,0,10,16,26,0,7,28,20,55,66,55,121,176
06/03/2017,CYS,WY,ANM,WE,Federal Contract Tower,0,2,15,24,41,0,0,0,10,10,0,2,15,34,51,70,27,97,148
06/04/2017,CYS,WY,ANM,WE,Federal Contract Tower,0,2,4,3,9,0,0,4,8,12,0,2,8,11,21,26,13,39,60
06/05/2017,CYS,WY,ANM,WE,Federal Contract Tower,0,2,15,8,25,0,0,0,9,9,0,2,15,17,34,52,147,199,233
06/06/2017,CYS,WY,ANM,WE,Federal Contract Tower,0,5,13,5,23,0,0,3,0,3,0,5,16,5,26,48,39,87,113
06/07/2017,CYS,WY,ANM,WE,Federal Contract Tower,0,4,26,10,40,0,0,4,20,24,0,4,30,30,64,34,146,180,244
06/08/2017,CYS,WY,ANM,WE,Federal Contract Tower,0,5,23,4,32,0,0,12,14,26,0,5,35,18,58,72,93,165,223
06/09/2017,CYS,WY,ANM,WE,Federal Contract Tower,0,5,12,7,24,0,0,0,16,16,0,5,12,23,40,51,26,77,117
06/10/2017,CYS,WY,ANM,WE,Federal Contract Tower,0,2,6,2,10,0,0,12,6,18,0,2,18,8,28,33,7,40,68
06/11/2017,CYS,WY,ANM,WE,Federal Contract Tower,0,2,10,9,21,0,0,8,4,12,0,2,18,13,33,14,27,41,74
06/12/2017,CYS,WY,ANM,WE,Federal Contract Tower,0,4,8,3,15,0,0,0,28,28,0,4,8,31,43,31,51,82,125
06/13/2017,CYS,WY,ANM,WE,Federal Contract Tower,0,3,16,1,20,0,0,4,0,4,0,3,20,1,24,25,33,58,82
06/14/2017,CYS,WY,ANM,WE,Federal Contract Tower,0,3,10,19,32,0,0,10,0,10,0,3,20,19,42,69,162,231,273
06/15/2017,CYS,WY,ANM,WE,Federal Contract Tower,0,6,15,3,24,0,0,0,2,2,0,6,15,5,26,41,79,120,146
06/16/2017,CYS,WY,ANM,WE,Federal Contract Tower,0,2,12,6,20,0,0,2,14,16,0,2,14,20,36,46,23,69,105
06/17/2017,CYS,WY,ANM,WE,Federal Contract Tower,0,2,10,0,12,0,0,10,0,10,0,2,20,0,22,42,0,42,64
06/18/2017,CYS,WY,ANM,WE,Federal Contract Tower,0,2,5,1,8,0,0,0,0,0,0,2,5,1,8,36,2,38,46
06/19/2017,CYS,WY,ANM,WE,Federal Contract Tower,0,6,19,6,31,1,0,9,2,12,1,6,28,8,43,107,47,154,197
06/20/2017,CYS,WY,ANM,WE,Federal Contract Tower,0,12,14,15,41,2,0,6,32,40,2,12,20,47,81,64,93,157,238
06/21/2017,CYS,WY,ANM,WE,Federal Contract Tower,0,3,43,18,64,0,0,8,4,12,0,3,51,22,76,62,111,173,249
06/22/2017,CYS,WY,ANM,WE,Federal Contract Tower,0,6,16,7,29,0,0,12,1,13,0,6,28,8,42,37,131,168,210
06/23/2017,CYS,WY,ANM,WE,Federal Contract Tower,0,2,23,4,29,0,0,23,1,24,0,2,46,5,53,84,56,140,193
06/24/2017,CYS,WY,ANM,WE,Federal Contract Tower,0,2,20,0,22,0,0,9,0,9,0,2,29,0,31,89,0,89,120
06/25/2017,CYS,WY,ANM,WE,Federal Contract Tower,0,0,29,2,31,0,0,8,1,9,0,0,37,3,40,29,0,29,69
06/26/2017,CYS,WY,ANM,WE,Federal Contract Tower,0,4,44,4,52,0,0,11,4,15,0,4,55,8,67,60,63,123,190
06/27/2017,CYS,WY,ANM,WE,Federal Contract Tower,6,2,16,5,29,0,0,5,0,5,6,2,21,5,34,69,77,146,180
06/28/2017,CYS,WY,ANM,WE,Federal Contract Tower,0,2,19,4,25,0,0,4,0,4,0,2,23,4,29,60,33,93,122
06/29/2017,CYS,WY,ANM,WE,Federal Contract Tower,0,18,31,10,59,0,2,4,7,13,0,20,35,17,72,45,51,96,168
06/30/2017,CYS,WY,ANM,WE,Federal Contract Tower,0,5,24,5,34,0,1,2,0,3,0,6,26,5,37,68,41,109,146
07/01/2017,CYS,WY,ANM,WE,Federal Contract Tower,0,2,13,0,15,0,0,9,0,9,0,2,22,0,24,65,0,65,89
07/02/2017,CYS,WY,ANM,WE,Federal Contract Tower,2,0,1,7,10,0,0,4,0,4,2,0,5,7,14,17,0,17,31
07/03/2017,CYS,WY,ANM,WE,Federal Contract Tower,0,2,3,0,5,0,0,2,0,2,0,2,5,0,7,18,0,18,25
07/04/2017,CYS,WY,ANM,WE,Federal Contract Tower,2,0,1,0,3,0,0,0,0,0,2,0,1,0,3,25,0,25,28
07/05/2017,CYS,WY,ANM,WE,Federal Contract Tower,0,4,10,2,16,0,0,1,0,1,0,4,11,2,17,66,0,66,83
07/06/2017,CYS,WY,ANM,WE,Federal Contract Tower,2,5,6,13,26,0,1,2,0,3,2,6,8,13,29,66,70,136,165
07/07/2017,CYS,WY,ANM,WE,Federal Contract Tower,0,2,19,12,33,0,0,2,0,2,0,2,21,12,35,61,64,125,160
07/08/2017,CYS,WY,ANM,WE,Federal Contract Tower,0,0,5,0,5,0,2,17,0,19,0,2,22,0,24,52,0,52,76
07/09/2017,CYS,WY,ANM,WE,Federal Contract Tower,0,0,2,0,2,0,0,12,1,13,0,0,14,1,15,43,0,43,58
07/10/2017,CYS,WY,ANM,WE,Federal Contract Tower,0,2,8,6,16,0,0,2,2,4,0,2,10,8,20,41,90,131,151
07/11/2017,CYS,WY,ANM,WE,Federal Contract Tower,0,2,10,13,25,0,0,10,0,10,0,2,20,13,35,50,130,180,215
07/12/2017,CYS,WY,ANM,WE,Federal Contract Tower,0,2,16,13,31,0,0,5,2,7,0,2,21,15,38,87,51,138,176
07/13/2017,CYS,WY,ANM,WE,Federal Contract Tower,0,11,19,9,39,0,0,6,0,6,0,11,25,9,45,66,100,166,211
07/14/2017,CYS,WY,ANM,WE,Federal Contract Tower,0,14,26,2,42,0,0,4,2,6,0,14,30,4,48,82,92,174,222
07/15/2017,CYS,WY,ANM,WE,Federal Contract Tower,0,2,24,4,30,0,0,4,1,5,0,2,28,5,35,36,27,63,98
07/16/2017,CYS,WY,ANM,WE,Federal Contract Tower,0,0,24,0,24,0,0,7,0,7,0,0,31,0,31,35,6,41,72
07/17/2017,CYS,WY,ANM,WE,Federal Contract Tower,0,2,29,8,39,0,0,8,1,9,0,2,37,9,48,47,48,95,143
07/18/2017,CYS,WY,ANM,WE,Federal Contract Tower,0,2,23,7,32,0,0,2,0,2,0,2,25,7,34,68,104,172,206
07/19/2017,CYS,WY,ANM,WE,Federal Contract Tower,0,0,8,0,8,0,4,15,5,24,0,4,23,5,32,91,85,176,208
07/20/2017,CYS,WY,ANM,WE,Federal Contract Tower,0,8,21,16,45,0,0,2,0,2,0,8,23,16,47,106,93,199,246
07/21/2017,CYS,WY,ANM,WE,Federal Contract Tower,0,20,16,4,40,0,0,0,0,0,0,20,16,4,40,65,69,134,174
07/22/2017,CYS,WY,ANM,WE,Federal Contract Tower,0,2,21,9,32,0,0,0,0,0,0,2,21,9,32,75,1,76,108
07/23/2017,CYS,WY,ANM,WE,Federal Contract Tower,0,4,17,7,28,0,0,0,0,0,0,4,17,7,28,162,9,171,199
07/24/2017,CYS,WY,ANM,WE,Federal Contract Tower,0,4,13,3,20,0,0,16,0,16,0,4,29,3,36,77,52,129,165
07/25/2017,CYS,WY,ANM,WE,Federal Contract Tower,0,2,19,5,26,0,0,9,4,13,0,2,28,9,39,49,68,117,156
07/26/2017,CYS,WY,ANM,WE,Federal Contract Tower,0,4,16,5,25,0,0,0,2,2,0,4,16,7,27,33,86,119,146
07/27/2017,CYS,WY,ANM,WE,Federal Contract Tower,0,8,28,10,46,0,0,0,0,0,0,8,28,10,46,33,84,117,163
07/28/2017,CYS,WY,ANM,WE,Federal Contract Tower,0,3,30,4,37,0,0,1,0,1,0,3,31,4,38,172,13,185,223
07/29/2017,CYS,WY,ANM,WE,Federal Contract Tower,0,2,17,4,23,0,0,2,2,4,0,2,19,6,27,69,11,80,107
07/30/2017,CYS,WY,ANM,WE,Federal Contract Tower,2,0,24,0,26,0,0,10,2,12,2,0,34,2,38,75,0,75,113
07/31/2017,CYS,WY,ANM,WE,Federal Contract Tower,0,4,22,4,30,0,0,0,6,6,0,4,22,10,36,53,109,162,198
08/01/2017,CYS,WY,ANM,WE,Federal Contract Tower,0,2,17,6,25,0,0,10,0,10,0,2,27,6,35,73,74,147,182
08/02/2017,CYS,WY,ANM,WE,Federal Contract Tower,0,6,10,10,26,0,0,20,1,21,0,6,30,11,47,83,151,234,281
08/03/2017,CYS,WY,ANM,WE,Federal Contract Tower,0,12,34,2,48,0,0,1,0,1,0,12,35,2,49,27,73,100,149
08/04/2017,CYS,WY,ANM,WE,Federal Contract Tower,3,4,20,8,35,0,0,0,0,0,3,4,20,8,35,32,55,87,122
08/05/2017,CYS,WY,ANM,WE,Federal Contract Tower,0,2,18,13,33,0,0,6,3,9,0,2,24,16,42,81,4,85,127
08/06/2017,CYS,WY,ANM,WE,Federal Contract Tower,0,11,6,4,21,0,0,0,0,0,0,11,6,4,21,7,2,9,30
08/07/2017,CYS,WY,ANM,WE,Federal Contract Tower,0,2,11,6,19,0,0,0,0,0,0,2,11,6,19,4,59,63,82
08/08/2017,CYS,WY,ANM,WE,Federal Contract Tower,0,3,12,1,16,0,0,7,1,8,0,3,19,2,24,65,92,157,181
08/09/2017,CYS,WY,ANM,WE,Federal Contract Tower,0,2,20,5,27,0,0,31,0,31,0,2,51,5,58,38,86,124,182
08/10/2017,CYS,WY,ANM,WE,Federal Contract Tower,2,10,19,8,39,0,0,20,0,20,2,10,39,8,59,49,152,201,260
08/11/2017,CYS,WY,ANM,WE,Federal Contract Tower,0,4,8,10,22,0,0,0,0,0,0,4,8,10,22,23,30,53,75
08/12/2017,CYS,WY,ANM,WE,Federal Contract Tower,2,6,13,17,38,0,0,4,0,4,2,6,17,17,42,44,1,45,87
08/13/2017,CYS,WY,ANM,WE,Federal Contract Tower,0,2,8,1,11,0,0,11,0,11,0,2,19,1,22,38,5,43,65
08/14/2017,CYS,WY,ANM,WE,Federal Contract Tower,0,2,15,1,18,0,0,24,0,24,0,2,39,1,42,27,57,84,126
08/15/2017,CYS,WY,ANM,WE,Federal Contract Tower,0,5,18,11,34,0,0,11,2,13,0,5,29,13,47,75,63,138,185
08/16/2017,CYS,WY,ANM,WE,Federal Contract Tower,0,4,35,6,45,0,0,13,2,15,0,4,48,8,60,71,98,169,229
08/17/2017,CYS,WY,ANM,WE,Federal Contract Tower,0,5,23,3,31,0,0,1,0,1,0,5,24,3,32,48,35,83,115
08/18/2017,CYS,WY,ANM,WE,Federal Contract Tower,0,2,24,1,27,0,0,0,1,1,0,2,24,2,28,123,38,161,189
08/19/2017,CYS,WY,ANM,WE,Federal Contract Tower,14,2,21,2,39,0,0,0,0,0,14,2,21,2,39,100,12,112,151
08/20/2017,CYS,WY,ANM,WE,Federal Contract Tower,0,0,24,0,24,0,0,2,0,2,0,0,26,0,26,47,8,55,81
08/21/2017,CYS,WY,ANM,WE,Federal Contract Tower,0,2,21,4,27,0,0,50,7,57,0,2,71,11,84,32,174,206,290
08/22/2017,CYS,WY,ANM,WE,Federal Contract Tower,0,5,20,13,38,0,0,7,0,7,0,5,27,13,45,28,92,120,165
08/23/2017,CYS,WY,ANM,WE,Federal Contract Tower,0,6,17,9,32,0,0,16,0,16,0,6,33,9,48,57,89,146,194
08/24/2017,CYS,WY,ANM,WE,Federal Contract Tower,0,6,24,8,38,0,0,24,0,24,0,6,48,8,62,44,119,163,225
08/25/2017,CYS,WY,ANM,WE,Federal Contract Tower,0,2,16,4,22,0,0,0,0,0,0,2,16,4,22,103,40,143,165
08/26/2017,CYS,WY,ANM,WE,Federal Contract Tower,0,2,15,2,19,0,0,0,0,0,0,2,15,2,19,92,1,93,112
08/27/2017,CYS,WY,ANM,WE,Federal Contract Tower,0,3,12,0,15,0,0,11,0,11,0,3,23,0,26,50,0,50,76
08/28/2017,CYS,WY,ANM,WE,Federal Contract Tower,0,7,23,0,30,0,10,6,0,16,0,17,29,0,46,83,21,104,150
08/29/2017,CYS,WY,ANM,WE,Federal Contract Tower,0,2,22,9,33,0,0,19,2,21,0,2,41,11,54,62,121,183,237
08/30/2017,CYS,WY,ANM,WE,Federal Contract Tower,0,2,25,9,36,0,0,1,0,1,0,2,26,9,37,92,85,177,214
08/31/2017,CYS,WY,ANM,WE,Federal Contract Tower,0,4,14,0,18,0,0,0,0,0,0,4,14,0,18,46,22,68,86
09/01/2017,CYS,WY,ANM,WE,Federal Contract Tower,7,2,19,2,30,2,0,0,0,2,9,2,19,2,32,88,3,91,123
09/02/2017,CYS,WY,ANM,WE,Federal Contract Tower,0,2,14,0,16,0,0,0,0,0,0,2,14,0,16,80,0,80,96
09/03/2017,CYS,WY,ANM,WE,Federal Contract Tower,0,2,8,0,10,0,0,0,0,0,0,2,8,0,10,40,0,40,50
09/04/2017,CYS,WY,ANM,WE,Federal Contract Tower,0,0,23,2,25,0,0,0,0,0,0,0,23,2,25,11,0,11,36
09/05/2017,CYS,WY,ANM,WE,Federal Contract Tower,0,5,32,10,47,0,0,5,0,5,0,5,37,10,52,49,231,280,332
09/06/2017,CYS,WY,ANM,WE,Federal Contract Tower,0,5,19,14,38,0,0,8,1,9,0,5,27,15,47,50,81,131,178
09/07/2017,CYS,WY,ANM,WE,Federal Contract Tower,0,4,36,13,53,0,0,8,0,8,0,4,44,13,61,42,136,178,239
09/08/2017,CYS,WY,ANM,WE,Federal Contract Tower,0,2,12,24,38,0,0,2,0,2,0,2,14,24,40,30,235,265,305
09/09/2017,CYS,WY,ANM,WE,Federal Contract Tower,0,24,10,0,34,0,0,22,0,22,0,24,32,0,56,42,14,56,112
09/10/2017,CYS,WY,ANM,WE,Federal Contract Tower,0,0,13,14,27,0,0,5,0,5,0,0,18,14,32,36,38,74,106
09/11/2017,CYS,WY,ANM,WE,Federal Contract Tower,0,2,3,26,31,0,0,1,0,1,0,2,4,26,32,17,93,110,142
09/12/2017,CYS,WY,ANM,WE,Federal Contract Tower,0,2,29,8,39,0,0,10,0,10,0,2,39,8,49,52,103,155,204
09/13/2017,CYS,WY,ANM,WE,Federal Contract Tower,0,2,6,15,23,0,0,3,0,3,0,2,9,15,26,24,99,123,149
09/14/2017,CYS,WY,ANM,WE,Federal Contract Tower,0,8,12,6,26,0,0,0,0,0,0,8,12,6,26,19,57,76,102
09/15/2017,CYS,WY,ANM,WE,Federal Contract Tower,0,6,24,2,32,0,0,0,8,8,0,6,24,10,40,46,3,49,89
09/16/2017,CYS,WY,ANM,WE,Federal Contract Tower,0,5,10,4,19,0,0,0,0,0,0,5,10,4,19,39,2,41,60
09/17/2017,CYS,WY,ANM,WE,Federal Contract Tower,0,1,11,8,20,0,0,0,0,0,0,1,11,8,20,7,0,7,27
09/18/2017,CYS,WY,ANM,WE,Federal Contract Tower,0,4,12,9,25,0,0,10,5,15,0,4,22,14,40,103,78,181,221
09/19/2017,CYS,WY,ANM,WE,Federal Contract Tower,0,2,10,13,25,0,0,7,2,9,0,2,17,15,34,63,69,132,166
09/20/2017,CYS,WY,ANM,WE,Federal Contract Tower,0,2,12,7,21,0,0,16,2,18,0,2,28,9,39,36,139,175,214
09/21/2017,CYS,WY,ANM,WE,Federal Contract Tower,0,7,6,20,33,2,0,21,4,27,2,7,27,24,60,65,77,142,202
09/22/2017,CYS,WY,ANM,WE,Federal Contract Tower,0,4,21,11,36,0,0,12,10,22,0,4,33,21,58,62,76,138,196
09/23/2017,CYS,WY,ANM,WE,Federal Contract Tower,0,2,18,0,20,0,0,0,0,0,0,2,18,0,20,20,0,20,40
09/24/2017,CYS,WY,ANM,WE,Federal Contract Tower,0,0,14,0,14,0,0,0,0,0,0,0,14,0,14,0,0,0,14
09/25/2017,CYS,WY,ANM,WE,Federal Contract Tower,0,4,22,5,31,0,0,3,0,3,0,4,25,5,34,19,45,64,98
09/26/2017,CYS,WY,ANM,WE,Federal Contract Tower,0,4,24,10,38,0,0,18,0,18,0,4,42,10,56,56,190,246,302
09/27/2017,CYS,WY,ANM,WE,Federal Contract Tower,0,2,13,9,24,0,0,8,0,8,0,2,21,9,32,82,111,193,225
09/28/2017,CYS,WY,ANM,WE,Federal Contract Tower,0,13,16,3,32,0,1,3,0,4,0,14,19,3,36,26,36,62,98
09/29/2017,CYS,WY,ANM,WE,Federal Contract Tower,0,2,25,7,34,0,0,4,0,4,0,2,29,7,38,31,2,33,71
09/30/2017,CYS,WY,ANM,WE,Federal Contract Tower,0,2,6,9,17,0,0,9,2,11,0,2,15,11,28,44,0,44,72
10/01/2017,CYS,WY,ANM,WE,Federal Contract Tower,0,0,6,1,7,0,0,3,0,3,0,0,9,1,10,13,3,16,26
10/02/2017,CYS,WY,ANM,WE,Federal Contract Tower,0,6,0,0,6,0,0,0,0,0,0,6,0,0,6,0,0,0,6
10/03/2017,CYS,WY,ANM,WE,Federal Contract Tower,0,0,7,0,7,0,2,2,5,9,0,2,9,5,16,19,60,79,95
10/04/2017,CYS,WY,ANM,WE,Federal Contract Tower,0,2,18,1,21,0,0,1,0,1,0,2,19,1,22,10,25,35,57
10/05/2017,CYS,WY,ANM,WE,Federal Contract Tower,0,0,24,10,34,0,10,16,6,32,0,10,40,16,66,59,206,265,331
10/06/2017,CYS,WY,ANM,WE,Federal Contract Tower,0,9,15,3,27,0,0,0,0,0,0,9,15,3,27,17,60,77,104
10/07/2017,CYS,WY,ANM,WE,Federal Contract Tower,0,3,8,1,12,0,0,4,0,4,0,3,12,1,16,62,0,62,78
10/08/2017,CYS,WY,ANM,WE,Federal Contract Tower,2,0,10,14,26,0,0,0,0,0,2,0,10,14,26,65,0,65,91
10/09/2017,CYS,WY,ANM,WE,Federal Contract Tower,0,6,8,0,14,0,0,0,0,0,0,6,8,0,14,44,0,44,58
10/11/2017,CYS,WY,ANM,WE,Federal Contract Tower,0,2,8,5,15,0,0,5,2,7,0,2,13,7,22,131,172,303,325
10/12/2017,CYS,WY,ANM,WE,Federal Contract Tower,0,11,27,8,46,0,0,3,6,9,0,11,30,14,55,111,37,148,203
10/13/2017,CYS,WY,ANM,WE,Federal Contract Tower,0,2,25,0,27,0,0,12,2,14,0,2,37,2,41,107,16,123,164
10/14/2017,CYS,WY,ANM,WE,Federal Contract Tower,10,4,0,0,14,0,0,0,0,0,10,4,0,0,14,5,0,5,19
10/15/2017,CYS,WY,ANM,WE,Federal Contract Tower,0,0,20,0,20,0,0,8,0,8,0,0,28,0,28,0,93,93,121
10/16/2017,CYS,WY,ANM,WE,Federal Contract Tower,0,2,22,12,36,0,0,9,0,9,0,2,31,12,45,61,86,147,192
10/17/2017,CYS,WY,ANM,WE,Federal Contract Tower,0,2,14,14,30,0,0,9,4,13,0,2,23,18,43,72,74,146,189
10/18/2017,CYS,WY,ANM,WE,Federal Contract Tower,0,4,18,6,28,0,0,6,0,6,0,4,24,6,34,79,93,172,206
10/19/2017,CYS,WY,ANM,WE,Federal Contract Tower,0,6,34,14,54,0,0,2,6,8,0,6,36,20,62,117,171,288,350
10/20/2017,CYS,WY,ANM,WE,Federal Contract Tower,0,2,10,7,19,0,0,9,2,11,0,2,19,9,30,58,78,136,166
10/21/2017,CYS,WY,ANM,WE,Federal Contract Tower,0,2,4,3,9,0,0,0,1,1,0,2,4,4,10,35,0,35,45
10/22/2017,CYS,WY,ANM,WE,Federal Contract Tower,0,0,3,5,8,0,0,2,0,2,0,0,5,5,10,1,19,20,30
10/23/2017,CYS,WY,ANM,WE,Federal Contract Tower,0,2,17,4,23,0,0,0,0,0,0,2,17,4,23,25,44,69,92
10/24/2017,CYS,WY,ANM,WE,Federal Contract Tower,0,3,31,14,48,0,0,13,6,19,0,3,44,20,67,56,207,263,330
10/25/2017,CYS,WY,ANM,WE,Federal Contract Tower,0,2,6,10,18,0,0,19,49,68,0,2,25,59,86,24,158,182,268
10/26/2017,CYS,WY,ANM,WE,Federal Contract Tower,0,14,14,0,28,0,0,2,0,2,0,14,16,0,30,27,0,27,57
10/27/2017,CYS,WY,ANM,WE,Federal Contract Tower,0,10,24,6,40,0,0,11,8,19,0,10,35,14,59,44,19,63,122
10/28/2017,CYS,WY,ANM,WE,Federal Contract Tower,2,2,26,19,49,0,0,0,0,0,2,2,26,19,49,9,4,13,62
10/29/2017,CYS,WY,ANM,WE,Federal Contract Tower,0,0,21,8,29,0,0,8,0,8,0,0,29,8,37,23,0,23,60
10/30/2017,CYS,WY,ANM,WE,Federal Contract Tower,0,4,7,4,15,0,0,0,0,0,0,4,7,4,15,11,139,150,165
10/31/2017,CYS,WY,ANM,WE,Federal Contract Tower,0,2,4,3,9,0,0,7,1,8,0,2,11,4,17,87,124,211,228
11/01/2017,CYS,WY,ANM,WE,Federal Contract Tower,0,18,4,3,25,0,1,7,0,8,0,19,11,3,33,2,41,43,76
11/02/2017,CYS,WY,ANM,WE,Federal Contract Tower,0,23,14,15,52,0,0,0,3,3,0,23,14,18,55,0,0,0,55
11/03/2017,CYS,WY,ANM,WE,Federal Contract Tower,0,16,10,7,33,0,0,8,3,11,0,16,18,10,44,70,25,95,139
11/04/2017,CYS,WY,ANM,WE,Federal Contract Tower,0,10,5,1,16,0,4,0,0,4,0,14,5,1,20,55,68,123,143
11/05/2017,CYS,WY,ANM,WE,Federal Contract Tower,0,0,6,7,13,0,0,0,0,0,0,0,6,7,13,16,6,22,35
11/06/2017,CYS,WY,ANM,WE,Federal Contract Tower,2,3,14,7,26,0,0,2,0,2,2,3,16,7,28,20,90,110,138
11/07/2017,CYS,WY,ANM,WE,Federal Contract Tower,0,5,13,0,18,0,0,4,0,4,0,5,17,0,22,13,0,13,35
11/08/2017,CYS,WY,ANM,WE,Federal Contract Tower,0,9,12,8,29,0,0,14,0,14,0,9,26,8,43,32,156,188,231
11/09/2017,CYS,WY,ANM,WE,Federal Contract Tower,0,4,11,0,15,0,0,2,0,2,0,4,13,0,17,15,52,67,84
11/10/2017,CYS,WY,ANM,WE,Federal Contract Tower,0,4,13,2,19,0,0,2,0,2,0,4,15,2,21,80,13,93,114
11/11/2017,CYS,WY,ANM,WE,Federal Contract Tower,0,3,11,0,14,0,0,0,0,0,0,3,11,0,14,67,4,71,85
11/12/2017,CYS,WY,ANM,WE,Federal Contract Tower,0,0,10,2,12,0,0,6,0,6,0,0,16,2,18,48,0,48,66
11/13/2017,CYS,WY,ANM,WE,Federal Contract Tower,0,4,15,9,28,0,0,6,0,6,0,4,21,9,34,50,82,132,166
11/14/2017,CYS,WY,ANM,WE,Federal Contract Tower,0,4,28,20,52,0,0,9,0,9,0,4,37,20,61,23,114,137,198
11/15/2017,CYS,WY,ANM,WE,Federal Contract Tower,0,2,12,8,22,0,0,10,0,10,0,2,22,8,32,10,200,210,242
11/16/2017,CYS,WY,ANM,WE,Federal Contract Tower,0,8,7,17,32,0,0,3,1,4,0,8,10,18,36,50,57,107,143
11/17/2017,CYS,WY,ANM,WE,Federal Contract Tower,2,4,13,2,21,0,0,0,0,0,2,4,13,2,21,13,7,20,41
11/18/2017,CYS,WY,ANM,WE,Federal Contract Tower,0,2,5,4,11,1,0,0,0,1,1,2,5,4,12,34,6,40,52
11/19/2017,CYS,WY,ANM,WE,Federal Contract Tower,2,0,17,1,20,0,0,6,1,7,2,0,23,2,27,22,0,22,49
11/20/2017,CYS,WY,ANM,WE,Federal Contract Tower,14,2,3,0,19,1,0,3,0,4,15,2,6,0,23,19,2,21,44
11/21/2017,CYS,WY,ANM,WE,Federal Contract Tower,0,2,8,7,17,0,0,6,0,6,0,2,14,7,23,66,91,157,180
11/22/2017,CYS,WY,ANM,WE,Federal Contract Tower,0,5,8,4,17,0,0,0,0,0,0,5,8,4,17,15,11,26,43
11/23/2017,CYS,WY,ANM,WE,Federal Contract Tower,0,2,1,0,3,0,0,0,0,0,0,2,1,0,3,1,0,1,4
11/24/2017,CYS,WY,ANM,WE,Federal Contract Tower,0,6,1,0,7,0,0,0,0,0,0,6,1,0,7,30,0,30,37
11/25/2017,CYS,WY,ANM,WE,Federal Contract Tower,0,0,2,0,2,0,4,6,0,10,0,4,8,0,12,71,0,71,83
11/26/2017,CYS,WY,ANM,WE,Federal Contract Tower,0,0,17,0,17,0,0,2,0,2,0,0,19,0,19,56,0,56,75
11/27/2017,CYS,WY,ANM,WE,Federal Contract Tower,0,2,25,14,41,0,0,0,0,0,0,2,25,14,41,83,125,208,249
11/28/2017,CYS,WY,ANM,WE,Federal Contract Tower,0,3,22,14,39,0,0,11,0,11,0,3,33,14,50,58,124,182,232
11/29/2017,CYS,WY,ANM,WE,Federal Contract Tower,0,3,8,19,30,0,0,8,0,8,0,3,16,19,38,29,192,221,259
11/30/2017,CYS,WY,ANM,WE,Federal Contract Tower,0,4,20,17,41,0,0,2,0,2,0,4,22,17,43,66,114,180,223
12/01/2017,CYS,WY,ANM,WE,Federal Contract Tower,0,2,7,5,14,0,0,2,0,2,0,2,9,5,16,58,78,136,152
12/02/2017,CYS,WY,ANM,WE,Federal Contract Tower,0,2,7,2,11,0,0,29,0,29,0,2,36,2,40,79,32,111,151
12/03/2017,CYS,WY,ANM,WE,Federal Contract Tower,0,2,7,7,16,0,0,11,0,11,0,2,18,7,27,44,22,66,93
12/04/2017,CYS,WY,ANM,WE,Federal Contract Tower,0,4,19,8,31,0,0,1,0,1,0,4,20,8,32,3,124,127,159
12/05/2017,CYS,WY,ANM,WE,Federal Contract Tower,0,6,16,18,40,0,0,8,0,8,0,6,24,18,48,27,154,181,229
12/06/2017,CYS,WY,ANM,WE,Federal Contract Tower,2,2,13,11,28,0,0,1,2,3,2,2,14,13,31,8,37,45,76
12/07/2017,CYS,WY,ANM,WE,Federal Contract Tower,0,4,8,9,21,0,0,2,0,2,0,4,10,9,23,11,105,116,139
12/08/2017,CYS,WY,ANM,WE,Federal Contract Tower,0,4,10,5,19,0,0,0,0,0,0,4,10,5,19,16,47,63,82
12/09/2017,CYS,WY,ANM,WE,Federal Contract Tower,2,2,6,1,11,0,0,0,0,0,2,2,6,1,11,21,0,21,32
12/10/2017,CYS,WY,ANM,WE,Federal Contract Tower,0,0,14,0,14,0,0,0,0,0,0,0,14,0,14,42,0,42,56
12/11/2017,CYS,WY,ANM,WE,Federal Contract Tower,0,2,6,11,19,0,0,6,0,6,0,2,12,11,25,15,118,133,158
12/12/2017,CYS,WY,ANM,WE,Federal Contract Tower,0,2,8,4,14,0,0,2,0,2,0,2,10,4,16,43,110,153,169
12/13/2017,CYS,WY,ANM,WE,Federal Contract Tower,0,4,15,7,26,0,0,7,0,7,0,4,22,7,33,23,37,60,93
12/14/2017,CYS,WY,ANM,WE,Federal Contract Tower,0,6,7,6,19,0,0,0,0,0,0,6,7,6,19,2,36,38,57
12/15/2017,CYS,WY,ANM,WE,Federal Contract Tower,20,2,5,6,33,0,0,0,0,0,20,2,5,6,33,37,31,68,101
12/16/2017,CYS,WY,ANM,WE,Federal Contract Tower,0,2,7,1,10,0,0,2,0,2,0,2,9,1,12,116,14,130,142
12/17/2017,CYS,WY,ANM,WE,Federal Contract Tower,0,0,5,0,5,0,0,20,0,20,0,0,25,0,25,41,0,41,66
12/18/2017,CYS,WY,ANM,WE,Federal Contract Tower,0,2,12,10,24,0,0,2,0,2,0,2,14,10,26,1,91,92,118
12/19/2017,CYS,WY,ANM,WE,Federal Contract Tower,0,5,13,7,25,0,0,1,0,1,0,5,14,7,26,98,110,208,234
12/20/2017,CYS,WY,ANM,WE,Federal Contract Tower,0,5,13,13,31,0,0,14,0,14,0,5,27,13,45,88,208,296,341
12/21/2017,CYS,WY,ANM,WE,Federal Contract Tower,0,8,8,1,17,0,0,0,0,0,0,8,8,1,17,0,9,9,26
12/22/2017,CYS,WY,ANM,WE,Federal Contract Tower,0,5,9,0,14,0,0,0,0,0,0,5,9,0,14,23,0,23,37
12/23/2017,CYS,WY,ANM,WE,Federal Contract Tower,0,0,3,0,3,0,0,0,0,0,0,0,3,0,3,7,0,7,10
12/24/2017,CYS,WY,ANM,WE,Federal Contract Tower,0,0,12,0,12,0,0,0,0,0,0,0,12,0,12,1,0,1,13
12/25/2017,CYS,WY,ANM,WE,Federal Contract Tower,0,0,0,0,0,0,0,0,0,0,0,0,0,0,0,0,0,0,0
12/26/2017,CYS,WY,ANM,WE,Federal Contract Tower,0,2,7,0,9,0,0,0,0,0,0,2,7,0,9,2,0,2,11
12/27/2017,CYS,WY,ANM,WE,Federal Contract Tower,0,4,9,2,15,0,0,3,0,3,0,4,12,2,18,15,29,44,62
12/28/2017,CYS,WY,ANM,WE,Federal Contract Tower,0,4,17,2,23,0,0,3,0,3,0,4,20,2,26,33,67,100,126
12/29/2017,CYS,WY,ANM,WE,Federal Contract Tower,0,2,7,1,10,0,0,0,0,0,0,2,7,1,10,3,0,3,13
12/30/2017,CYS,WY,ANM,WE,Federal Contract Tower,0,2,3,0,5,0,0,0,0,0,0,2,3,0,5,4,0,4,9
12/31/2017,CYS,WY,ANM,WE,Federal Contract Tower,0,2,4,0,6,0,0,0,0,0,0,2,4,0,6,6,0,6,12
01/01/2018,CYS,WY,ANM,WE,Federal Contract Tower,2,0,11,0,13,0,0,4,0,4,2,0,15,0,17,36,0,36,53
01/02/2018,CYS,WY,ANM,WE,Federal Contract Tower,0,3,7,0,10,0,0,0,0,0,0,3,7,0,10,48,5,53,63
01/03/2018,CYS,WY,ANM,WE,Federal Contract Tower,0,2,4,3,9,0,0,7,0,7,0,2,11,3,16,71,26,97,113
01/04/2018,CYS,WY,ANM,WE,Federal Contract Tower,2,4,4,4,14,0,0,2,1,3,2,4,6,5,17,64,17,81,98
01/05/2018,CYS,WY,ANM,WE,Federal Contract Tower,0,4,17,3,24,0,0,0,0,0,0,4,17,3,24,57,33,90,114
01/06/2018,CYS,WY,ANM,WE,Federal Contract Tower,0,2,10,4,16,0,0,2,0,2,0,2,12,4,18,37,4,41,59
01/07/2018,CYS,WY,ANM,WE,Federal Contract Tower,0,0,7,0,7,0,0,3,0,3,0,0,10,0,10,45,0,45,55
01/08/2018,CYS,WY,ANM,WE,Federal Contract Tower,0,2,14,9,25,0,0,6,0,6,0,2,20,9,31,72,158,230,261
01/09/2018,CYS,WY,ANM,WE,Federal Contract Tower,0,2,20,6,28,0,0,0,0,0,0,2,20,6,28,54,24,78,106
01/10/2018,CYS,WY,ANM,WE,Federal Contract Tower,0,3,17,2,22,0,0,0,3,3,0,3,17,5,25,13,48,61,86
01/11/2018,CYS,WY,ANM,WE,Federal Contract Tower,2,9,6,10,27,0,0,0,0,0,2,9,6,10,27,4,148,152,179
01/12/2018,CYS,WY,ANM,WE,Federal Contract Tower,0,4,8,1,13,0,0,0,0,0,0,4,8,1,13,6,40,46,59
01/13/2018,CYS,WY,ANM,WE,Federal Contract Tower,0,2,10,0,12,0,0,0,0,0,0,2,10,0,12,49,1,50,62
01/14/2018,CYS,WY,ANM,WE,Federal Contract Tower,0,0,10,0,10,0,0,2,0,2,0,0,12,0,12,43,0,43,55
01/15/2018,CYS,WY,ANM,WE,Federal Contract Tower,2,3,6,0,11,0,0,0,0,0,2,3,6,0,11,7,0,7,18
01/16/2018,CYS,WY,ANM,WE,Federal Contract Tower,0,2,16,4,22,0,14,0,0,14,0,16,16,4,36,41,113,154,190
01/17/2018,CYS,WY,ANM,WE,Federal Contract Tower,0,2,9,5,16,0,0,8,0,8,0,2,17,5,24,80,98,178,202
01/18/2018,CYS,WY,ANM,WE,Federal Contract Tower,0,4,17,11,32,0,2,4,0,6,0,6,21,11,38,75,117,192,230
01/19/2018,CYS,WY,ANM,WE,Federal Contract Tower,0,2,23,2,27,0,0,0,0,0,0,2,23,2,27,46,9,55,82
01/20/2018,CYS,WY,ANM,WE,Federal Contract Tower,0,2,23,0,25,0,0,0,0,0,0,2,23,0,25,2,0,2,27
01/22/2018,CYS,WY,ANM,WE,Federal Contract Tower,0,5,5,3,13,0,0,0,0,0,0,5,5,3,13,58,79,137,150
01/23/2018,CYS,WY,ANM,WE,Federal Contract Tower,0,5,20,5,30,0,0,8,0,8,0,5,28,5,38,38,71,109,147
01/24/2018,CYS,WY,ANM,WE,Federal Contract Tower,0,3,16,10,29,0,0,5,2,7,0,3,21,12,36,22,79,101,137
01/25/2018,CYS,WY,ANM,WE,Federal Contract Tower,0,7,29,6,42,0,0,4,0,4,0,7,33,6,46,29,67,96,142
01/26/2018,CYS,WY,ANM,WE,Federal Contract Tower,0,3,10,8,21,0,0,14,0,14,0,3,24,8,35,10,66,76,111
01/27/2018,CYS,WY,ANM,WE,Federal Contract Tower,0,2,0,0,2,0,0,0,0,0,0,2,0,0,2,54,48,102,104
01/28/2018,CYS,WY,ANM,WE,Federal Contract Tower,0,0,6,1,7,0,0,2,0,2,0,0,8,1,9,2,1,3,12
01/29/2018,CYS,WY,ANM,WE,Federal Contract Tower,0,2,8,2,12,0,0,0,0,0,0,2,8,2,12,39,57,96,108
01/30/2018,CYS,WY,ANM,WE,Federal Contract Tower,0,2,11,10,23,0,0,0,0,0,0,2,11,10,23,6,150,156,179
01/31/2018,CYS,WY,ANM,WE,Federal Contract Tower,0,2,1,0,3,0,0,0,0,0,0,2,1,0,3,7,0,7,10
02/01/2018,CYS,WY,ANM,WE,Federal Contract Tower,0,6,5,10,21,0,0,6,0,6,0,6,11,10,27,8,22,30,57
02/02/2018,CYS,WY,ANM,WE,Federal Contract Tower,0,5,6,2,13,0,0,0,0,0,0,5,6,2,13,47,16,63,76
02/03/2018,CYS,WY,ANM,WE,Federal Contract Tower,0,2,2,0,4,0,0,0,0,0,0,2,2,0,4,19,0,19,23
02/04/2018,CYS,WY,ANM,WE,Federal Contract Tower,0,0,4,0,4,0,0,0,0,0,0,0,4,0,4,8,6,14,18
02/05/2018,CYS,WY,ANM,WE,Federal Contract Tower,0,4,4,0,8,0,0,0,0,0,0,4,4,0,8,13,0,13,21
02/06/2018,CYS,WY,ANM,WE,Federal Contract Tower,0,2,10,2,14,0,0,4,0,4,0,2,14,2,18,29,24,53,71
02/07/2018,CYS,WY,ANM,WE,Federal Contract Tower,0,2,2,6,10,0,0,0,0,0,0,2,2,6,10,15,57,72,82
02/08/2018,CYS,WY,ANM,WE,Federal Contract Tower,0,4,4,4,12,0,0,0,2,2,0,4,4,6,14,25,60,85,99
02/09/2018,CYS,WY,ANM,WE,Federal Contract Tower,0,3,0,0,3,0,0,0,0,0,0,3,0,0,3,0,0,0,3
02/10/2018,CYS,WY,ANM,WE,Federal Contract Tower,0,3,5,0,8,0,0,0,0,0,0,3,5,0,8,40,5,45,53
02/11/2018,CYS,WY,ANM,WE,Federal Contract Tower,0,0,4,6,10,0,0,21,1,22,0,0,25,7,32,56,14,70,102
02/12/2018,CYS,WY,ANM,WE,Federal Contract Tower,0,2,7,1,10,0,0,2,0,2,0,2,9,1,12,32,0,32,44
02/13/2018,CYS,WY,ANM,WE,Federal Contract Tower,0,2,15,1,18,0,0,5,0,5,0,2,20,1,23,35,61,96,119
02/14/2018,CYS,WY,ANM,WE,Federal Contract Tower,0,2,6,0,8,0,0,0,0,0,0,2,6,0,8,6,0,6,14
02/15/2018,CYS,WY,ANM,WE,Federal Contract Tower,0,9,14,4,27,0,0,0,0,0,0,9,14,4,27,5,49,54,81
02/16/2018,CYS,WY,ANM,WE,Federal Contract Tower,0,3,1,1,5,0,0,6,0,6,0,3,7,1,11,52,9,61,72
02/17/2018,CYS,WY,ANM,WE,Federal Contract Tower,0,4,2,0,6,0,0,0,0,0,0,4,2,0,6,12,0,12,18
02/18/2018,CYS,WY,ANM,WE,Federal Contract Tower,0,2,1,0,3,0,2,0,0,2,0,4,1,0,5,5,0,5,10
02/19/2018,CYS,WY,ANM,WE,Federal Contract Tower,0,2,4,0,6,0,0,0,0,0,0,2,4,0,6,0,0,0,6
02/20/2018,CYS,WY,ANM,WE,Federal Contract Tower,0,2,16,10,28,0,0,9,0,9,0,2,25,10,37,48,140,188,225
02/21/2018,CYS,WY,ANM,WE,Federal Contract Tower,0,2,20,8,30,0,0,23,0,23,0,2,43,8,53,70,68,138,191
02/22/2018,CYS,WY,ANM,WE,Federal Contract Tower,0,4,10,14,28,0,0,7,4,11,0,4,17,18,39,23,188,211,250
02/23/2018,CYS,WY,ANM,WE,Federal Contract Tower,0,8,12,4,24,0,0,0,0,0,0,8,12,4,24,14,49,63,87
02/24/2018,CYS,WY,ANM,WE,Federal Contract Tower,0,2,4,0,6,0,4,0,0,4,0,6,4,0,10,5,29,34,44
02/25/2018,CYS,WY,ANM,WE,Federal Contract Tower,0,0,3,5,8,0,0,0,0,0,0,0,3,5,8,8,6,14,22
02/26/2018,CYS,WY,ANM,WE,Federal Contract Tower,0,3,9,9,21,0,2,10,0,12,0,5,19,9,33,40,38,78,111
02/27/2018,CYS,WY,ANM,WE,Federal Contract Tower,0,4,6,15,25,0,0,10,0,10,0,4,16,15,35,68,111,179,214
02/28/2018,CYS,WY,ANM,WE,Federal Contract Tower,0,2,4,4,10,0,0,7,0,7,0,2,11,4,17,64,114,178,195
03/01/2018,CYS,WY,ANM,WE,Federal Contract Tower,0,4,13,23,40,0,0,0,0,0,0,4,13,23,40,40,136,176,216
03/02/2018,CYS,WY,ANM,WE,Federal Contract Tower,0,4,15,5,24,0,0,0,2,2,0,4,15,7,26,46,23,69,95
03/03/2018,CYS,WY,ANM,WE,Federal Contract Tower,2,3,11,3,19,0,0,8,2,10,2,3,19,5,29,141,12,153,182
03/04/2018,CYS,WY,ANM,WE,Federal Contract Tower,0,0,5,2,7,0,0,0,0,0,0,0,5,2,7,26,0,26,33
03/05/2018,CYS,WY,ANM,WE,Federal Contract Tower,0,2,1,0,3,0,3,0,0,3,0,5,1,0,6,2,18,20,26
03/06/2018,CYS,WY,ANM,WE,Federal Contract Tower,2,4,2,1,9,0,0,4,0,4,2,4,6,1,13,11,72,83,96
03/07/2018,CYS,WY,ANM,WE,Federal Contract Tower,0,7,14,5,26,0,0,0,0,0,0,7,14,5,26,26,53,79,105
03/08/2018,CYS,WY,ANM,WE,Federal Contract Tower,0,4,15,15,34,0,0,2,0,2,0,4,17,15,36,26,76,102,138
03/09/2018,CYS,WY,ANM,WE,Federal Contract Tower,0,4,6,4,14,0,3,0,0,3,0,7,6,4,17,20,43,63,80
03/10/2018,CYS,WY,ANM,WE,Federal Contract Tower,2,2,7,0,11,0,0,6,0,6,2,2,13,0,17,10,30,40,57
03/11/2018,CYS,WY,ANM,WE,Federal Contract Tower,0,2,21,6,29,0,0,16,0,16,0,2,37,6,45,98,24,122,167
03/12/2018,CYS,WY,ANM,WE,Federal Contract Tower,0,4,10,6,20,0,0,6,0,6,0,4,16,6,26,49,76,125,151
03/13/2018,CYS,WY,ANM,WE,Federal Contract Tower,0,4,12,8,24,0,0,4,0,4,0,4,16,8,28,62,131,193,221
03/14/2018,CYS,WY,ANM,WE,Federal Contract Tower,0,4,20,6,30,0,0,2,0,2,0,4,22,6,32,81,50,131,163
03/15/2018,CYS,WY,ANM,WE,Federal Contract Tower,3,4,18,4,29,0,0,0,0,0,3,4,18,4,29,28,64,92,121
03/16/2018,CYS,WY,ANM,WE,Federal Contract Tower,0,2,2,3,7,0,0,2,1,3,0,2,4,4,10,15,63,78,88
03/17/2018,CYS,WY,ANM,WE,Federal Contract Tower,0,3,6,1,10,0,0,0,0,0,0,3,6,1,10,43,0,43,53
03/18/2018,CYS,WY,ANM,WE,Federal Contract Tower,0,1,12,0,13,0,0,0,0,0,0,1,12,0,13,16,0,16,29
03/19/2018,CYS,WY,ANM,WE,Federal Contract Tower,0,4,7,5,16,0,0,0,0,0,0,4,7,5,16,38,110,148,164
03/20/2018,CYS,WY,ANM,WE,Federal Contract Tower,0,2,13,20,35,0,0,2,0,2,0,2,15,20,37,22,184,206,243
03/21/2018,CYS,WY,ANM,WE,Federal Contract Tower,0,9,28,10,47,0,0,22,0,22,0,9,50,10,69,30,104,134,203
03/22/2018,CYS,WY,ANM,WE,Federal Contract Tower,0,10,11,11,32,0,0,30,1,31,0,10,41,12,63,54,134,188,251
03/23/2018,CYS,WY,ANM,WE,Federal Contract Tower,2,2,10,8,22,0,0,0,0,0,2,2,10,8,22,31,49,80,102
03/24/2018,CYS,WY,ANM,WE,Federal Contract Tower,0,4,7,3,14,0,0,0,0,0,0,4,7,3,14,95,1,96,110
03/25/2018,CYS,WY,ANM,WE,Federal Contract Tower,0,0,8,1,9,0,0,0,0,0,0,0,8,1,9,52,1,53,62
03/26/2018,CYS,WY,ANM,WE,Federal Contract Tower,0,4,14,3,21,0,0,0,0,0,0,4,14,3,21,11,54,65,86
03/27/2018,CYS,WY,ANM,WE,Federal Contract Tower,0,5,26,5,36,0,0,0,0,0,0,5,26,5,36,77,76,153,189
03/28/2018,CYS,WY,ANM,WE,Federal Contract Tower,0,6,8,0,14,0,0,0,0,0,0,6,8,0,14,0,30,30,44
03/29/2018,CYS,WY,ANM,WE,Federal Contract Tower,0,5,22,4,31,0,0,13,0,13,0,5,35,4,44,20,106,126,170
03/30/2018,CYS,WY,ANM,WE,Federal Contract Tower,0,8,11,0,19,0,0,0,0,0,0,8,11,0,19,57,11,68,87
03/31/2018,CYS,WY,ANM,WE,Federal Contract Tower,0,2,2,0,4,0,0,0,0,0,0,2,2,0,4,5,0,5,9
04/01/2018,CYS,WY,ANM,WE,Federal Contract Tower,0,0,0,0,0,0,0,0,0,0,0,0,0,0,0,8,0,8,8
04/02/2018,CYS,WY,ANM,WE,Federal Contract Tower,0,3,4,4,11,0,0,0,0,0,0,3,4,4,11,2,32,34,45
04/03/2018,CYS,WY,ANM,WE,Federal Contract Tower,0,2,5,10,17,0,0,5,4,9,0,2,10,14,26,12,57,69,95
04/04/2018,CYS,WY,ANM,WE,Federal Contract Tower,0,2,13,11,26,0,0,6,20,26,0,2,19,31,52,46,121,167,219
04/05/2018,CYS,WY,ANM,WE,Federal Contract Tower,0,5,13,11,29,0,0,9,34,43,0,5,22,45,72,19,135,154,226
04/06/2018,CYS,WY,ANM,WE,Federal Contract Tower,0,2,4,30,36,0,0,0,0,0,0,2,4,30,36,0,0,0,36
04/07/2018,CYS,WY,ANM,WE,Federal Contract Tower,0,2,4,1,7,0,0,0,0,0,0,2,4,1,7,43,30,73,80
04/08/2018,CYS,WY,ANM,WE,Federal Contract Tower,0,0,9,9,18,0,0,5,0,5,0,0,14,9,23,15,21,36,59
04/09/2018,CYS,WY,ANM,WE,Federal Contract Tower,0,7,19,4,30,0,0,7,47,54,0,7,26,51,84,40,46,86,170
04/10/2018,CYS,WY,ANM,WE,Federal Contract Tower,0,2,24,6,32,0,0,3,110,113,0,2,27,116,145,55,57,112,257
04/11/2018,CYS,WY,ANM,WE,Federal Contract Tower,0,2,7,12,21,0,0,3,74,77,0,2,10,86,98,15,151,166,264
04/12/2018,CYS,WY,ANM,WE,Federal Contract Tower,0,2,22,8,32,0,0,0,71,71,0,2,22,79,103,42,46,88,191
04/13/2018,CYS,WY,ANM,WE,Federal Contract Tower,0,2,4,4,10,0,0,0,0,0,0,2,4,4,10,0,0,0,10
04/14/2018,CYS,WY,ANM,WE,Federal Contract Tower,0,6,1,1,8,0,0,0,0,0,0,6,1,1,8,6,4,10,18
04/15/2018,CYS,WY,ANM,WE,Federal Contract Tower,0,2,34,3,39,0,0,0,0,0,0,2,34,3,39,111,4,115,154
04/16/2018,CYS,WY,ANM,WE,Federal Contract Tower,0,4,30,7,41,0,0,6,58,64,0,4,36,65,105,14,12,26,131
04/17/2018,CYS,WY,ANM,WE,Federal Contract Tower,2,2,11,1,16,0,0,0,0,0,2,2,11,1,16,12,3,15,31
04/18/2018,CYS,WY,ANM,WE,Federal Contract Tower,0,2,42,8,52,0,0,2,26,28,0,2,44,34,80,82,15,97,177
04/19/2018,CYS,WY,ANM,WE,Federal Contract Tower,0,2,12,15,29,0,0,0,52,52,0,2,12,67,81,24,32,56,137
04/20/2018,CYS,WY,ANM,WE,Federal Contract Tower,0,6,8,7,21,0,0,0,0,0,0,6,8,7,21,8,91,99,120
04/21/2018,CYS,WY,ANM,WE,Federal Contract Tower,0,4,1,0,5,0,0,2,0,2,0,4,3,0,7,0,0,0,7
04/22/2018,CYS,WY,ANM,WE,Federal Contract Tower,0,0,33,0,33,0,0,0,0,0,0,0,33,0,33,85,0,85,118
04/23/2018,CYS,WY,ANM,WE,Federal Contract Tower,0,6,24,6,36,0,0,6,44,50,0,6,30,50,86,26,3,29,115
04/24/2018,CYS,WY,ANM,WE,Federal Contract Tower,0,4,12,7,23,0,0,0,38,38,0,4,12,45,61,0,45,45,106
04/25/2018,CYS,WY,ANM,WE,Federal Contract Tower,0,2,27,2,31,0,0,20,0,20,0,2,47,2,51,60,70,130,181
04/26/2018,CYS,WY,ANM,WE,Federal Contract Tower,0,4,26,6,36,0,0,3,1,4,0,4,29,7,40,32,23,55,95
04/27/2018,CYS,WY,ANM,WE,Federal Contract Tower,0,2,25,5,32,0,0,0,0,0,0,2,25,5,32,144,2,146,178
04/28/2018,CYS,WY,ANM,WE,Federal Contract Tower,0,2,12,1,15,0,0,0,0,0,0,2,12,1,15,54,2,56,71
04/29/2018,CYS,WY,ANM,WE,Federal Contract Tower,0,0,10,1,11,0,0,6,2,8,0,0,16,3,19,88,12,100,119
04/30/2018,CYS,WY,ANM,WE,Federal Contract Tower,0,2,11,4,17,0,0,1,54,55,0,2,12,58,72,17,13,30,102
05/01/2018,CYS,WY,ANM,WE,Federal Contract Tower,0,5,19,5,29,0,0,0,69,69,0,5,19,74,98,40,34,74,172
05/02/2018,CYS,WY,ANM,WE,Federal Contract Tower,0,2,5,22,29,0,0,0,0,0,0,2,5,22,29,12,87,99,128
05/03/2018,CYS,WY,ANM,WE,Federal Contract Tower,2,2,9,9,22,0,0,4,2,6,2,2,13,11,28,28,132,160,188
05/04/2018,CYS,WY,ANM,WE,Federal Contract Tower,0,4,17,3,24,0,0,1,0,1,0,4,18,3,25,84,61,145,170
05/05/2018,CYS,WY,ANM,WE,Federal Contract Tower,0,2,11,11,24,0,0,6,4,10,0,2,17,15,34,55,47,102,136
05/06/2018,CYS,WY,ANM,WE,Federal Contract Tower,2,0,10,10,22,0,0,15,0,15,2,0,25,10,37,66,41,107,144
05/07/2018,CYS,WY,ANM,WE,Federal Contract Tower,0,2,21,6,29,0,0,2,51,53,0,2,23,57,82,20,43,63,145
05/08/2018,CYS,WY,ANM,WE,Federal Contract Tower,0,2,13,7,22,0,0,4,16,20,0,2,17,23,42,61,56,117,159
05/09/2018,CYS,WY,ANM,WE,Federal Contract Tower,0,4,21,7,32,0,0,3,56,59,0,4,24,63,91,143,58,201,292
05/10/2018,CYS,WY,ANM,WE,Federal Contract Tower,0,6,15,12,33,0,0,2,0,2,0,6,17,12,35,43,53,96,131
05/11/2018,CYS,WY,ANM,WE,Federal Contract Tower,0,6,12,2,20,0,0,0,0,0,0,6,12,2,20,54,10,64,84
05/12/2018,CYS,WY,ANM,WE,Federal Contract Tower,0,5,1,3,9,0,0,0,0,0,0,5,1,3,9,18,0,18,27
05/13/2018,CYS,WY,ANM,WE,Federal Contract Tower,0,0,11,3,14,0,0,0,0,0,0,0,11,3,14,7,0,7,21
05/14/2018,CYS,WY,ANM,WE,Federal Contract Tower,0,2,16,13,31,0,0,4,0,4,0,2,20,13,35,17,67,84,119
05/15/2018,CYS,WY,ANM,WE,Federal Contract Tower,0,3,14,17,34,0,0,5,0,5,0,3,19,17,39,34,141,175,214
05/16/2018,CYS,WY,ANM,WE,Federal Contract Tower,0,4,16,8,28,1,0,8,10,19,1,4,24,18,47,120,109,229,276
05/17/2018,CYS,WY,ANM,WE,Federal Contract Tower,0,2,11,11,24,0,0,9,0,9,0,2,20,11,33,43,182,225,258
05/18/2018,CYS,WY,ANM,WE,Federal Contract Tower,0,5,22,3,30,0,0,0,0,0,0,5,22,3,30,1,0,1,31
05/19/2018,CYS,WY,ANM,WE,Federal Contract Tower,0,2,20,2,24,0,0,0,0,0,0,2,20,2,24,0,0,0,24
05/20/2018,CYS,WY,ANM,WE,Federal Contract Tower,0,2,23,2,27,0,0,5,0,5,0,2,28,2,32,27,7,34,66
05/21/2018,CYS,WY,ANM,WE,Federal Contract Tower,0,7,6,18,31,0,0,8,0,8,0,7,14,18,39,32,102,134,173
05/22/2018,CYS,WY,ANM,WE,Federal Contract Tower,0,3,13,7,23,0,0,7,0,7,0,3,20,7,30,41,126,167,197
05/23/2018,CYS,WY,ANM,WE,Federal Contract Tower,0,5,8,11,24,0,0,16,2,18,0,5,24,13,42,82,197,279,321
05/24/2018,CYS,WY,ANM,WE,Federal Contract Tower,0,5,17,1,23,0,0,9,0,9,0,5,26,1,32,94,28,122,154
05/25/2018,CYS,WY,ANM,WE,Federal Contract Tower,0,3,14,0,17,0,0,0,0,0,0,3,14,0,17,104,0,104,121
05/26/2018,CYS,WY,ANM,WE,Federal Contract Tower,6,2,11,0,19,0,0,1,0,1,6,2,12,0,20,80,0,80,100
05/27/2018,CYS,WY,ANM,WE,Federal Contract Tower,0,0,5,0,5,0,0,0,0,0,0,0,5,0,5,11,0,11,16
05/28/2018,CYS,WY,ANM,WE,Federal Contract Tower,5,0,11,0,16,0,0,4,2,6,5,0,15,2,22,38,1,39,61
05/29/2018,CYS,WY,ANM,WE,Federal Contract Tower,0,2,17,12,31,0,0,5,50,55,0,2,22,62,86,15,38,53,139
05/30/2018,CYS,WY,ANM,WE,Federal Contract Tower,0,4,26,9,39,0,0,17,0,17,0,4,43,9,56,48,142,190,246
05/31/2018,CYS,WY,ANM,WE,Federal Contract Tower,0,2,24,14,40,0,0,8,0,8,0,2,32,14,48,80,219,299,347
06/01/2018,CYS,WY,ANM,WE,Federal Contract Tower,0,4,10,8,22,0,0,0,0,0,0,4,10,8,22,43,9,52,74
06/02/2018,CYS,WY,ANM,WE,Federal Contract Tower,0,3,12,0,15,0,0,0,0,0,0,3,12,0,15,27,6,33,48
06/03/2018,CYS,WY,ANM,WE,Federal Contract Tower,0,2,16,5,23,0,1,11,1,13,0,3,27,6,36,69,33,102,138
06/04/2018,CYS,WY,ANM,WE,Federal Contract Tower,20,2,14,1,37,0,0,0,0,0,20,2,14,1,37,32,7,39,76
06/05/2018,CYS,WY,ANM,WE,Federal Contract Tower,6,4,11,7,28,0,0,5,52,57,6,4,16,59,85,46,46,92,177
06/06/2018,CYS,WY,ANM,WE,Federal Contract Tower,0,4,19,13,36,0,0,3,0,3,0,4,22,13,39,60,152,212,251
06/07/2018,CYS,WY,ANM,WE,Federal Contract Tower,12,5,17,6,40,0,0,9,0,9,12,5,26,6,49,32,73,105,154
06/08/2018,CYS,WY,ANM,WE,Federal Contract Tower,0,6,19,7,32,0,0,23,62,85,0,6,42,69,117,77,6,83,200
06/09/2018,CYS,WY,ANM,WE,Federal Contract Tower,0,2,13,0,15,0,0,0,32,32,0,2,13,32,47,58,41,99,146
06/10/2018,CYS,WY,ANM,WE,Federal Contract Tower,0,3,16,1,20,0,0,18,34,52,0,3,34,35,72,84,2,86,158
06/11/2018,CYS,WY,ANM,WE,Federal Contract Tower,0,3,16,7,26,0,0,4,7,11,0,3,20,14,37,60,80,140,177
06/12/2018,CYS,WY,ANM,WE,Federal Contract Tower,0,2,10,12,24,0,0,0,0,0,0,2,10,12,24,32,37,69,93
06/13/2018,CYS,WY,ANM,WE,Federal Contract Tower,0,2,4,7,13,0,0,2,0,2,0,2,6,7,15,100,14,114,129
06/14/2018,CYS,WY,ANM,WE,Federal Contract Tower,4,4,21,7,36,0,0,3,0,3,4,4,24,7,39,45,81,126,165
06/15/2018,CYS,WY,ANM,WE,Federal Contract Tower,2,4,8,1,15,0,0,0,0,0,2,4,8,1,15,69,21,90,105
06/16/2018,CYS,WY,ANM,WE,Federal Contract Tower,0,2,9,0,11,0,0,0,2,2,0,2,9,2,13,110,62,172,185
06/17/2018,CYS,WY,ANM,WE,Federal Contract Tower,0,0,9,1,10,0,0,0,0,0,0,0,9,1,10,0,0,0,10
06/18/2018,CYS,WY,ANM,WE,Federal Contract Tower,0,4,8,13,25,0,0,2,6,8,0,4,10,19,33,10,56,66,99
06/19/2018,CYS,WY,ANM,WE,Federal Contract Tower,2,3,22,4,31,0,0,1,8,9,2,3,23,12,40,0,8,8,48
06/20/2018,CYS,WY,ANM,WE,Federal Contract Tower,0,9,38,3,50,0,0,3,0,3,0,9,41,3,53,47,72,119,172
06/21/2018,CYS,WY,ANM,WE,Federal Contract Tower,0,2,28,3,33,0,0,6,0,6,0,2,34,3,39,163,28,191,230
06/22/2018,CYS,WY,ANM,WE,Federal Contract Tower,3,2,19,7,31,0,0,8,22,30,3,2,27,29,61,55,64,119,180
06/23/2018,CYS,WY,ANM,WE,Federal Contract Tower,0,5,31,0,36,0,0,7,4,11,0,5,38,4,47,55,2,57,104
06/24/2018,CYS,WY,ANM,WE,Federal Contract Tower,0,0,10,1,11,0,0,5,0,5,0,0,15,1,16,33,0,33,49
06/25/2018,CYS,WY,ANM,WE,Federal Contract Tower,0,3,28,11,42,0,1,3,6,10,0,4,31,17,52,109,55,164,216
06/26/2018,CYS,WY,ANM,WE,Federal Contract Tower,0,6,12,10,28,0,0,8,16,24,0,6,20,26,52,69,120,189,241
06/27/2018,CYS,WY,ANM,WE,Federal Contract Tower,0,3,13,4,20,0,0,4,0,4,0,3,17,4,24,84,39,123,147
06/28/2018,CYS,WY,ANM,WE,Federal Contract Tower,3,1,17,19,40,0,0,4,5,9,3,1,21,24,49,55,72,127,176
06/29/2018,CYS,WY,ANM,WE,Federal Contract Tower,6,3,14,0,23,0,0,0,0,0,6,3,14,0,23,86,30,116,139
06/30/2018,CYS,WY,ANM,WE,Federal Contract Tower,0,2,16,0,18,0,0,2,0,2,0,2,18,0,20,44,1,45,65
07/01/2018,CYS,WY,ANM,WE,Federal Contract Tower,0,0,11,2,13,0,0,10,0,10,0,0,21,2,23,58,0,58,81
07/02/2018,CYS,WY,ANM,WE,Federal Contract Tower,0,2,12,7,21,0,0,3,52,55,0,2,15,59,76,55,16,71,147
07/03/2018,CYS,WY,ANM,WE,Federal Contract Tower,0,2,14,4,20,0,0,3,0,3,0,2,17,4,23,70,0,70,93
07/04/2018,CYS,WY,ANM,WE,Federal Contract Tower,0,0,14,0,14,0,0,0,0,0,0,0,14,0,14,59,0,59,73
07/05/2018,CYS,WY,ANM,WE,Federal Contract Tower,0,2,7,7,16,0,0,0,0,0,0,2,7,7,16,57,0,57,73
07/06/2018,CYS,WY,ANM,WE,Federal Contract Tower,0,5,9,1,15,0,0,5,14,19,0,5,14,15,34,85,87,172,206
07/07/2018,CYS,WY,ANM,WE,Federal Contract Tower,0,4,9,1,14,0,0,4,0,4,0,4,13,1,18,98,0,98,116
07/08/2018,CYS,WY,ANM,WE,Federal Contract Tower,0,3,9,2,14,0,0,2,0,2,0,3,11,2,16,83,3,86,102
07/09/2018,CYS,WY,ANM,WE,Federal Contract Tower,4,3,12,9,28,0,0,2,0,2,4,3,14,9,30,50,16,66,96
07/10/2018,CYS,WY,ANM,WE,Federal Contract Tower,0,5,24,6,35,0,0,4,0,4,0,5,28,6,39,77,13,90,129
07/11/2018,CYS,WY,ANM,WE,Federal Contract Tower,0,3,34,7,44,0,0,9,0,9,0,3,43,7,53,29,95,124,177
07/12/2018,CYS,WY,ANM,WE,Federal Contract Tower,2,5,10,16,33,0,0,0,0,0,2,5,10,16,33,78,63,141,174
07/13/2018,CYS,WY,ANM,WE,Federal Contract Tower,0,9,23,2,34,0,0,0,0,0,0,9,23,2,34,63,20,83,117
07/14/2018,CYS,WY,ANM,WE,Federal Contract Tower,3,4,8,0,15,0,0,5,0,5,3,4,13,0,20,64,3,67,87
07/15/2018,CYS,WY,ANM,WE,Federal Contract Tower,0,4,4,0,8,0,0,0,2,2,0,4,4,2,10,1,0,1,11
07/16/2018,CYS,WY,ANM,WE,Federal Contract Tower,6,2,11,0,19,0,0,2,8,10,6,2,13,8,29,35,30,65,94
07/17/2018,CYS,WY,ANM,WE,Federal Contract Tower,0,4,8,7,19,0,0,2,4,6,0,4,10,11,25,36,45,81,106
07/18/2018,CYS,WY,ANM,WE,Federal Contract Tower,0,3,17,2,22,0,0,0,0,0,0,3,17,2,22,40,15,55,77
07/19/2018,CYS,WY,ANM,WE,Federal Contract Tower,0,7,23,3,33,0,0,0,2,2,0,7,23,5,35,51,55,106,141
07/20/2018,CYS,WY,ANM,WE,Federal Contract Tower,0,11,17,1,29,0,1,0,0,1,0,12,17,1,30,43,20,63,93
07/21/2018,CYS,WY,ANM,WE,Federal Contract Tower,0,8,13,0,21,0,0,0,0,0,0,8,13,0,21,65,2,67,88
07/22/2018,CYS,WY,ANM,WE,Federal Contract Tower,0,0,16,3,19,0,0,2,2,4,0,0,18,5,23,58,6,64,87
07/23/2018,CYS,WY,ANM,WE,Federal Contract Tower,0,0,4,34,38,0,15,22,8,45,0,15,26,42,83,25,50,75,158
07/24/2018,CYS,WY,ANM,WE,Federal Contract Tower,4,2,34,8,48,0,0,2,0,2,4,2,36,8,50,35,26,61,111
07/25/2018,CYS,WY,ANM,WE,Federal Contract Tower,0,5,13,6,24,0,0,0,4,4,0,5,13,10,28,45,39,84,112
07/26/2018,CYS,WY,ANM,WE,Federal Contract Tower,0,4,15,10,29,0,0,2,0,2,0,4,17,10,31,33,43,76,107
07/27/2018,CYS,WY,ANM,WE,Federal Contract Tower,0,2,20,4,26,0,0,0,0,0,0,2,20,4,26,34,18,52,78
07/28/2018,CYS,WY,ANM,WE,Federal Contract Tower,4,4,12,1,21,0,0,1,2,3,4,4,13,3,24,4,6,10,34
07/29/2018,CYS,WY,ANM,WE,Federal Contract Tower,0,2,10,0,12,0,2,2,0,4,0,4,12,0,16,14,2,16,32
07/30/2018,CYS,WY,ANM,WE,Federal Contract Tower,0,4,26,7,37,0,0,28,0,28,0,4,54,7,65,91,27,118,183
07/31/2018,CYS,WY,ANM,WE,Federal Contract Tower,0,6,29,7,42,0,0,8,1,9,0,6,37,8,51,105,16,121,172
08/01/2018,CYS,WY,ANM,WE,Federal Contract Tower,0,4,13,14,31,0,0,3,1,4,0,4,16,15,35,46,98,144,179
08/02/2018,CYS,WY,ANM,WE,Federal Contract Tower,0,2,37,5,44,0,0,6,8,14,0,2,43,13,58,67,24,91,149
08/03/2018,CYS,WY,ANM,WE,Federal Contract Tower,0,3,11,11,25,0,0,5,24,29,0,3,16,35,54,59,22,81,135
08/04/2018,CYS,WY,ANM,WE,Federal Contract Tower,0,3,15,2,20,0,0,4,0,4,0,3,19,2,24,32,0,32,56
08/05/2018,CYS,WY,ANM,WE,Federal Contract Tower,0,0,5,0,5,0,0,0,2,2,0,0,5,2,7,91,6,97,104
08/06/2018,CYS,WY,ANM,WE,Federal Contract Tower,0,4,24,4,32,0,0,4,2,6,0,4,28,6,38,29,61,90,128
08/07/2018,CYS,WY,ANM,WE,Federal Contract Tower,0,4,18,6,28,0,0,0,0,0,0,4,18,6,28,67,24,91,119
08/08/2018,CYS,WY,ANM,WE,Federal Contract Tower,0,4,22,8,34,0,0,8,0,8,0,4,30,8,42,28,45,73,115
08/09/2018,CYS,WY,ANM,WE,Federal Contract Tower,0,4,25,2,31,0,0,0,0,0,0,4,25,2,31,81,65,146,177
08/10/2018,CYS,WY,ANM,WE,Federal Contract Tower,0,2,18,10,30,0,0,7,0,7,0,2,25,10,37,96,44,140,177
08/11/2018,CYS,WY,ANM,WE,Federal Contract Tower,0,4,15,4,23,0,0,6,0,6,0,4,21,4,29,56,22,78,107
08/12/2018,CYS,WY,ANM,WE,Federal Contract Tower,0,2,11,2,15,0,0,14,0,14,0,2,25,2,29,49,7,56,85
08/13/2018,CYS,WY,ANM,WE,Federal Contract Tower,0,2,17,1,20,0,0,34,0,34,0,2,51,1,54,41,16,57,111
08/14/2018,CYS,WY,ANM,WE,Federal Contract Tower,5,2,17,12,36,0,0,2,0,2,5,2,19,12,38,12,21,33,71
08/15/2018,CYS,WY,ANM,WE,Federal Contract Tower,0,2,13,10,25,0,0,27,0,27,0,2,40,10,52,23,60,83,135
08/16/2018,CYS,WY,ANM,WE,Federal Contract Tower,0,4,24,8,36,0,0,47,0,47,0,4,71,8,83,49,84,133,216
08/17/2018,CYS,WY,ANM,WE,Federal Contract Tower,0,2,16,3,21,0,0,0,0,0,0,2,16,3,21,94,11,105,126
08/18/2018,CYS,WY,ANM,WE,Federal Contract Tower,0,2,6,1,9,0,0,3,0,3,0,2,9,1,12,41,4,45,57
08/19/2018,CYS,WY,ANM,WE,Federal Contract Tower,0,0,8,0,8,0,0,0,0,0,0,0,8,0,8,14,0,14,22
08/20/2018,CYS,WY,ANM,WE,Federal Contract Tower,0,2,35,13,50,0,0,2,0,2,0,2,37,13,52,6,79,85,137
08/21/2018,CYS,WY,ANM,WE,Federal Contract Tower,0,2,8,6,16,0,0,0,0,0,0,2,8,6,16,32,29,61,77
08/22/2018,CYS,WY,ANM,WE,Federal Contract Tower,0,2,16,9,27,0,0,0,0,0,0,2,16,9,27,14,11,25,52
08/23/2018,CYS,WY,ANM,WE,Federal Contract Tower,0,2,18,16,36,0,0,5,0,5,0,2,23,16,41,23,103,126,167
08/24/2018,CYS,WY,ANM,WE,Federal Contract Tower,2,4,29,1,36,0,0,2,0,2,2,4,31,1,38,29,0,29,67
08/25/2018,CYS,WY,ANM,WE,Federal Contract Tower,0,2,9,3,14,0,0,13,5,18,0,2,22,8,32,131,0,131,163
08/26/2018,CYS,WY,ANM,WE,Federal Contract Tower,4,0,7,0,11,0,0,7,0,7,4,0,14,0,18,67,0,67,85
08/27/2018,CYS,WY,ANM,WE,Federal Contract Tower,0,5,6,4,15,0,0,0,0,0,0,5,6,4,15,12,12,24,39
08/28/2018,CYS,WY,ANM,WE,Federal Contract Tower,0,4,6,8,18,0,0,6,8,14,0,4,12,16,32,50,30,80,112
08/29/2018,CYS,WY,ANM,WE,Federal Contract Tower,0,4,22,17,43,0,0,2,0,2,0,4,24,17,45,59,100,159,204
08/30/2018,CYS,WY,ANM,WE,Federal Contract Tower,6,5,20,11,42,0,0,8,6,14,6,5,28,17,56,105,67,172,228
08/31/2018,CYS,WY,ANM,WE,Federal Contract Tower,9,2,16,5,32,1,1,0,0,2,10,3,16,5,34,101,0,101,135
09/01/2018,CYS,WY,ANM,WE,Federal Contract Tower,0,2,5,0,7,0,0,0,0,0,0,2,5,0,7,51,7,58,65
09/02/2018,CYS,WY,ANM,WE,Federal Contract Tower,0,4,2,1,7,0,0,0,0,0,0,4,2,1,7,30,0,30,37
09/03/2018,CYS,WY,ANM,WE,Federal Contract Tower,0,4,6,3,13,0,0,0,0,0,0,4,6,3,13,132,0,132,145
09/04/2018,CYS,WY,ANM,WE,Federal Contract Tower,0,2,20,21,43,0,0,4,0,4,0,2,24,21,47,24,86,110,157
09/05/2018,CYS,WY,ANM,WE,Federal Contract Tower,0,4,15,13,32,0,0,10,0,10,0,4,25,13,42,10,109,119,161
09/06/2018,CYS,WY,ANM,WE,Federal Contract Tower,0,2,24,8,34,0,0,0,0,0,0,2,24,8,34,59,50,109,143
09/07/2018,CYS,WY,ANM,WE,Federal Contract Tower,0,2,40,6,48,0,0,2,0,2,0,2,42,6,50,33,100,133,183
09/08/2018,CYS,WY,ANM,WE,Federal Contract Tower,0,4,18,0,22,0,0,1,0,1,0,4,19,0,23,12,22,34,57
09/09/2018,CYS,WY,ANM,WE,Federal Contract Tower,0,1,25,8,34,0,0,3,0,3,0,1,28,8,37,29,37,66,103
09/10/2018,CYS,WY,ANM,WE,Federal Contract Tower,0,2,26,8,36,0,0,2,0,2,0,2,28,8,38,72,30,102,140
09/11/2018,CYS,WY,ANM,WE,Federal Contract Tower,0,2,22,7,31,0,0,0,0,0,0,2,22,7,31,44,35,79,110
09/12/2018,CYS,WY,ANM,WE,Federal Contract Tower,0,2,26,6,34,0,0,8,8,16,0,2,34,14,50,42,57,99,149
09/13/2018,CYS,WY,ANM,WE,Federal Contract Tower,0,2,16,5,23,0,0,0,8,8,0,2,16,13,31,62,31,93,124
09/14/2018,CYS,WY,ANM,WE,Federal Contract Tower,0,3,22,9,34,0,0,0,8,8,0,3,22,17,42,34,4,38,80
09/15/2018,CYS,WY,ANM,WE,Federal Contract Tower,0,2,11,0,13,0,0,0,0,0,0,2,11,0,13,105,6,111,124
09/16/2018,CYS,WY,ANM,WE,Federal Contract Tower,0,0,9,1,10,0,0,2,1,3,0,0,11,2,13,86,2,88,101
09/17/2018,CYS,WY,ANM,WE,Federal Contract Tower,0,2,11,4,17,0,0,0,0,0,0,2,11,4,17,53,55,108,125
09/18/2018,CYS,WY,ANM,WE,Federal Contract Tower,0,8,13,8,29,0,0,8,38,46,0,8,21,46,75,44,28,72,147
09/19/2018,CYS,WY,ANM,WE,Federal Contract Tower,6,4,20,6,36,0,0,2,0,2,6,4,22,6,38,43,51,94,132
09/20/2018,CYS,WY,ANM,WE,Federal Contract Tower,0,18,2,10,30,0,0,0,0,0,0,18,2,10,30,58,86,144,174
09/21/2018,CYS,WY,ANM,WE,Federal Contract Tower,0,4,9,1,14,0,0,2,0,2,0,4,11,1,16,36,9,45,61
09/22/2018,CYS,WY,ANM,WE,Federal Contract Tower,0,2,11,0,13,0,0,13,0,13,0,2,24,0,26,33,0,33,59
09/23/2018,CYS,WY,ANM,WE,Federal Contract Tower,0,0,7,6,13,0,0,7,0,7,0,0,14,6,20,81,0,81,101
09/24/2018,CYS,WY,ANM,WE,Federal Contract Tower,2,2,15,6,25,0,0,3,0,3,2,2,18,6,28,48,84,132,160
09/25/2018,CYS,WY,ANM,WE,Federal Contract Tower,0,4,14,26,44,0,0,12,2,14,0,4,26,28,58,55,90,145,203
09/26/2018,CYS,WY,ANM,WE,Federal Contract Tower,0,2,19,9,30,0,0,8,0,8,0,2,27,9,38,35,100,135,173
09/27/2018,CYS,WY,ANM,WE,Federal Contract Tower,0,2,11,14,27,0,0,0,0,0,0,2,11,14,27,35,46,81,108
09/28/2018,CYS,WY,ANM,WE,Federal Contract Tower,0,3,7,3,13,0,0,0,0,0,0,3,7,3,13,0,0,0,13
09/29/2018,CYS,WY,ANM,WE,Federal Contract Tower,0,5,6,1,12,0,0,0,0,0,0,5,6,1,12,77,2,79,91
09/30/2018,CYS,WY,ANM,WE,Federal Contract Tower,0,0,13,1,14,0,0,0,0,0,0,0,13,1,14,0,0,0,14
10/01/2018,CYS,WY,ANM,WE,Federal Contract Tower,0,4,26,3,33,0,0,4,0,4,0,4,30,3,37,47,25,72,109
10/02/2018,CYS,WY,ANM,WE,Federal Contract Tower,0,2,21,6,29,0,0,4,0,4,0,2,25,6,33,36,91,127,160
10/03/2018,CYS,WY,ANM,WE,Federal Contract Tower,0,2,13,10,25,0,0,9,0,9,0,2,22,10,34,21,77,98,132
10/05/2018,CYS,WY,ANM,WE,Federal Contract Tower,0,7,35,6,48,0,0,2,0,2,0,7,37,6,50,36,15,51,101
10/06/2018,CYS,WY,ANM,WE,Federal Contract Tower,0,3,7,0,10,0,0,4,0,4,0,3,11,0,14,2,0,2,16
10/07/2018,CYS,WY,ANM,WE,Federal Contract Tower,0,5,0,0,5,0,0,0,0,0,0,5,0,0,5,0,0,0,5
10/08/2018,CYS,WY,ANM,WE,Federal Contract Tower,0,2,3,0,5,0,0,0,0,0,0,2,3,0,5,0,0,0,5
10/09/2018,CYS,WY,ANM,WE,Federal Contract Tower,0,2,5,4,11,0,0,0,1,1,0,2,5,5,12,5,1,6,18
10/10/2018,CYS,WY,ANM,WE,Federal Contract Tower,0,3,4,4,11,0,0,2,0,2,0,3,6,4,13,2,0,2,15
10/11/2018,CYS,WY,ANM,WE,Federal Contract Tower,0,2,19,10,31,0,0,0,4,4,0,2,19,14,35,10,8,18,53
10/12/2018,CYS,WY,ANM,WE,Federal Contract Tower,0,2,26,4,32,0,0,6,0,6,0,2,32,4,38,85,19,104,142
10/13/2018,CYS,WY,ANM,WE,Federal Contract Tower,0,2,10,0,12,0,0,10,0,10,0,2,20,0,22,25,0,25,47
10/14/2018,CYS,WY,ANM,WE,Federal Contract Tower,0,0,10,0,10,0,0,1,0,1,0,0,11,0,11,0,0,0,11
10/15/2018,CYS,WY,ANM,WE,Federal Contract Tower,0,2,7,5,14,0,0,13,0,13,0,2,20,5,27,74,100,174,201
10/16/2018,CYS,WY,ANM,WE,Federal Contract Tower,0,2,14,19,35,0,0,13,22,35,0,2,27,41,70,118,71,189,259
10/17/2018,CYS,WY,ANM,WE,Federal Contract Tower,0,4,18,6,28,0,0,5,4,9,0,4,23,10,37,46,68,114,151
10/18/2018,CYS,WY,ANM,WE,Federal Contract Tower,0,2,28,0,30,0,0,6,10,16,0,2,34,10,46,83,30,113,159
10/19/2018,CYS,WY,ANM,WE,Federal Contract Tower,0,2,14,2,18,0,0,0,0,0,0,2,14,2,18,35,32,67,85
10/20/2018,CYS,WY,ANM,WE,Federal Contract Tower,0,4,18,1,23,0,0,7,0,7,0,4,25,1,30,71,19,90,120
10/21/2018,CYS,WY,ANM,WE,Federal Contract Tower,0,0,15,2,17,0,0,0,0,0,0,0,15,2,17,101,0,101,118
10/22/2018,CYS,WY,ANM,WE,Federal Contract Tower,0,2,9,4,15,0,0,4,0,4,0,2,13,4,19,43,20,63,82
10/23/2018,CYS,WY,ANM,WE,Federal Contract Tower,0,4,13,16,33,0,0,0,0,0,0,4,13,16,33,9,19,28,61
10/24/2018,CYS,WY,ANM,WE,Federal Contract Tower,0,7,38,21,66,0,0,5,0,5,0,7,43,21,71,82,112,194,265
10/25/2018,CYS,WY,ANM,WE,Federal Contract Tower,0,5,8,7,20,0,0,2,0,2,0,5,10,7,22,61,35,96,118
10/26/2018,CYS,WY,ANM,WE,Federal Contract Tower,0,4,19,4,27,0,0,0,0,0,0,4,19,4,27,23,67,90,117
10/27/2018,CYS,WY,ANM,WE,Federal Contract Tower,0,3,4,1,8,0,0,0,0,0,0,3,4,1,8,3,0,3,11
10/28/2018,CYS,WY,ANM,WE,Federal Contract Tower,0,0,8,7,15,0,0,0,0,0,0,0,8,7,15,34,1,35,50
10/29/2018,CYS,WY,ANM,WE,Federal Contract Tower,0,4,2,4,10,0,0,0,2,2,0,4,2,6,12,14,73,87,99
10/30/2018,CYS,WY,ANM,WE,Federal Contract Tower,0,4,7,25,36,0,0,4,0,4,0,4,11,25,40,9,73,82,122
10/31/2018,CYS,WY,ANM,WE,Federal Contract Tower,0,3,10,7,20,0,0,1,0,1,0,3,11,7,21,34,74,108,129
11/01/2018,CYS,WY,ANM,WE,Federal Contract Tower,0,3,10,10,23,0,0,2,1,3,0,3,12,11,26,21,75,96,122
11/02/2018,CYS,WY,ANM,WE,Federal Contract Tower,2,2,10,6,20,0,0,0,0,0,2,2,10,6,20,15,0,15,35
11/03/2018,CYS,WY,ANM,WE,Federal Contract Tower,0,2,3,0,5,0,0,0,0,0,0,2,3,0,5,13,2,15,20
11/04/2018,CYS,WY,ANM,WE,Federal Contract Tower,0,4,12,3,19,0,0,1,1,2,0,4,13,4,21,39,4,43,64
11/05/2018,CYS,WY,ANM,WE,Federal Contract Tower,4,4,7,1,16,0,1,0,0,1,4,5,7,1,17,9,35,44,61
11/06/2018,CYS,WY,ANM,WE,Federal Contract Tower,0,4,17,6,27,0,0,6,1,7,0,4,23,7,34,36,15,51,85
11/07/2018,CYS,WY,ANM,WE,Federal Contract Tower,2,8,4,7,21,0,0,0,0,0,2,8,4,7,21,41,63,104,125
11/08/2018,CYS,WY,ANM,WE,Federal Contract Tower,2,6,14,6,28,0,0,0,0,0,2,6,14,6,28,22,49,71,99
11/13/2018,CYS,WY,ANM,WE,Federal Contract Tower,2,2,19,4,27,0,0,0,0,0,2,2,19,4,27,49,77,126,153
11/14/2018,CYS,WY,ANM,WE,Federal Contract Tower,4,1,9,15,29,0,0,2,0,2,4,1,11,15,31,28,28,56,87
11/15/2018,CYS,WY,ANM,WE,Federal Contract Tower,2,1,29,16,48,0,0,4,0,4,2,1,33,16,52,141,83,224,276
11/16/2018,CYS,WY,ANM,WE,Federal Contract Tower,2,2,16,9,29,0,0,0,0,0,2,2,16,9,29,62,74,136,165
11/17/2018,CYS,WY,ANM,WE,Federal Contract Tower,0,0,0,0,0,0,0,0,0,0,0,0,0,0,0,0,0,0,0
11/18/2018,CYS,WY,ANM,WE,Federal Contract Tower,2,0,6,3,11,0,0,3,0,3,2,0,9,3,14,45,8,53,67
11/19/2018,CYS,WY,ANM,WE,Federal Contract Tower,2,8,14,10,34,0,0,0,0,0,2,8,14,10,34,48,55,103,137
11/20/2018,CYS,WY,ANM,WE,Federal Contract Tower,2,1,10,9,22,0,0,7,4,11,2,1,17,13,33,26,61,87,120
11/21/2018,CYS,WY,ANM,WE,Federal Contract Tower,2,1,15,1,19,0,0,2,0,2,2,1,17,1,21,68,30,98,119
11/22/2018,CYS,WY,ANM,WE,Federal Contract Tower,2,0,4,0,6,0,0,0,0,0,2,0,4,0,6,21,0,21,27
11/23/2018,CYS,WY,ANM,WE,Federal Contract Tower,4,4,5,0,13,0,0,0,0,0,4,4,5,0,13,0,0,0,13
11/24/2018,CYS,WY,ANM,WE,Federal Contract Tower,2,4,3,0,9,0,0,2,0,2,2,4,5,0,11,31,0,31,42
11/25/2018,CYS,WY,ANM,WE,Federal Contract Tower,2,0,4,0,6,0,0,0,0,0,2,0,4,0,6,11,0,11,17
11/26/2018,CYS,WY,ANM,WE,Federal Contract Tower,2,2,21,7,32,0,0,3,0,3,2,2,24,7,35,88,41,129,164
11/27/2018,CYS,WY,ANM,WE,Federal Contract Tower,2,2,11,11,26,0,0,2,0,2,2,2,13,11,28,8,43,51,79
11/28/2018,CYS,WY,ANM,WE,Federal Contract Tower,2,8,12,6,28,0,0,0,0,0,2,8,12,6,28,6,89,95,123
11/29/2018,CYS,WY,ANM,WE,Federal Contract Tower,2,2,11,13,28,0,0,2,0,2,2,2,13,13,30,79,46,125,155
11/30/2018,CYS,WY,ANM,WE,Federal Contract Tower,2,5,5,4,16,0,0,0,0,0,2,5,5,4,16,0,31,31,47
12/01/2018,CYS,WY,ANM,WE,Federal Contract Tower,2,2,2,0,6,0,0,0,0,0,2,2,2,0,6,4,0,4,10
12/02/2018,CYS,WY,ANM,WE,Federal Contract Tower,2,0,4,13,19,0,0,0,0,0,2,0,4,13,19,7,10,17,36
12/03/2018,CYS,WY,ANM,WE,Federal Contract Tower,2,3,6,10,21,0,0,0,0,0,2,3,6,10,21,42,54,96,117
12/04/2018,CYS,WY,ANM,WE,Federal Contract Tower,2,2,18,10,32,0,0,3,5,8,2,2,21,15,40,42,37,79,119
12/05/2018,CYS,WY,ANM,WE,Federal Contract Tower,2,2,9,0,13,0,0,4,0,4,2,2,13,0,17,18,0,18,35
12/06/2018,CYS,WY,ANM,WE,Federal Contract Tower,2,2,16,4,24,0,0,0,0,0,2,2,16,4,24,0,12,12,36
12/07/2018,CYS,WY,ANM,WE,Federal Contract Tower,2,6,11,4,23,0,0,0,0,0,2,6,11,4,23,31,35,66,89
12/08/2018,CYS,WY,ANM,WE,Federal Contract Tower,2,2,6,5,15,0,0,0,4,4,2,2,6,9,19,60,11,71,90
12/09/2018,CYS,WY,ANM,WE,Federal Contract Tower,2,1,5,0,8,0,0,0,0,0,2,1,5,0,8,30,0,30,38
12/10/2018,CYS,WY,ANM,WE,Federal Contract Tower,2,2,7,12,23,0,0,4,0,4,2,2,11,12,27,40,56,96,123
12/11/2018,CYS,WY,ANM,WE,Federal Contract Tower,2,3,8,12,25,0,0,4,0,4,2,3,12,12,29,22,59,81,110
12/12/2018,CYS,WY,ANM,WE,Federal Contract Tower,2,4,5,10,21,0,0,6,0,6,2,4,11,10,27,31,66,97,124
12/13/2018,CYS,WY,ANM,WE,Federal Contract Tower,2,4,16,10,32,0,0,0,0,0,2,4,16,10,32,23,39,62,94
12/14/2018,CYS,WY,ANM,WE,Federal Contract Tower,2,2,22,9,35,0,0,4,2,6,2,2,26,11,41,99,136,235,276
12/15/2018,CYS,WY,ANM,WE,Federal Contract Tower,2,2,13,2,19,0,0,0,0,0,2,2,13,2,19,18,0,18,37
12/16/2018,CYS,WY,ANM,WE,Federal Contract Tower,2,0,13,1,16,0,0,10,0,10,2,0,23,1,26,72,0,72,98
12/17/2018,CYS,WY,ANM,WE,Federal Contract Tower,2,4,18,3,27,0,0,0,0,0,2,4,18,3,27,71,25,96,123
12/18/2018,CYS,WY,ANM,WE,Federal Contract Tower,2,2,13,3,20,0,0,0,0,0,2,2,13,3,20,30,19,49,69
12/19/2018,CYS,WY,ANM,WE,Federal Contract Tower,2,7,9,5,23,0,2,0,0,2,2,9,9,5,25,7,86,93,118
12/20/2018,CYS,WY,ANM,WE,Federal Contract Tower,2,2,31,3,38,0,0,2,0,2,2,2,33,3,40,55,56,111,151
12/21/2018,CYS,WY,ANM,WE,Federal Contract Tower,2,3,13,0,18,0,0,0,0,0,2,3,13,0,18,38,11,49,67
12/22/2018,CYS,WY,ANM,WE,Federal Contract Tower,2,0,29,0,31,0,0,8,0,8,2,0,37,0,39,57,0,57,96
12/23/2018,CYS,WY,ANM,WE,Federal Contract Tower,2,2,7,0,11,0,0,0,0,0,2,2,7,0,11,26,0,26,37
12/24/2018,CYS,WY,ANM,WE,Federal Contract Tower,2,2,9,0,13,0,0,4,0,4,2,2,13,0,17,50,0,50,67
12/25/2018,CYS,WY,ANM,WE,Federal Contract Tower,2,0,7,0,9,0,0,0,0,0,2,0,7,0,9,6,2,8,17
12/26/2018,CYS,WY,ANM,WE,Federal Contract Tower,2,2,10,0,14,0,0,0,0,0,2,2,10,0,14,0,9,9,23
12/27/2018,CYS,WY,ANM,WE,Federal Contract Tower,2,2,13,1,18,0,0,0,0,0,2,2,13,1,18,1,59,60,78
12/28/2018,CYS,WY,ANM,WE,Federal Contract Tower,2,2,10,4,18,0,0,0,0,0,2,2,10,4,18,12,0,12,30
12/29/2018,CYS,WY,ANM,WE,Federal Contract Tower,2,2,8,0,12,0,0,0,0,0,2,2,8,0,12,14,0,14,26
12/30/2018,CYS,WY,ANM,WE,Federal Contract Tower,0,2,6,0,8,0,0,0,0,0,0,2,6,0,8,4,1,5,13
12/31/2018,CYS,WY,ANM,WE,Federal Contract Tower,2,2,4,0,8,0,0,0,0,0,2,2,4,0,8,0,0,0,8
01/01/2019,CYS,WY,ANM,WE,Federal Contract Tower,2,0,2,0,4,0,0,0,0,0,2,0,2,0,4,1,0,1,5
01/02/2019,CYS,WY,ANM,WE,Federal Contract Tower,2,2,9,0,13,0,0,0,0,0,2,2,9,0,13,56,0,56,69
01/03/2019,CYS,WY,ANM,WE,Federal Contract Tower,2,2,10,4,18,0,0,2,0,2,2,2,12,4,20,68,30,98,118
01/04/2019,CYS,WY,ANM,WE,Federal Contract Tower,2,2,7,4,15,0,0,6,0,6,2,2,13,4,21,29,74,103,124
01/05/2019,CYS,WY,ANM,WE,Federal Contract Tower,4,2,12,0,18,0,0,0,0,0,4,2,12,0,18,65,6,71,89
01/06/2019,CYS,WY,ANM,WE,Federal Contract Tower,2,0,2,0,4,0,0,1,0,1,2,0,3,0,5,43,0,43,48
01/07/2019,CYS,WY,ANM,WE,Federal Contract Tower,2,2,14,1,19,0,0,0,1,1,2,2,14,2,20,9,8,17,37
01/08/2019,CYS,WY,ANM,WE,Federal Contract Tower,4,4,19,18,45,0,0,1,4,5,4,4,20,22,50,81,214,295,345
01/09/2019,CYS,WY,ANM,WE,Federal Contract Tower,2,2,15,12,31,0,0,0,0,0,2,2,15,12,31,73,30,103,134
01/10/2019,CYS,WY,ANM,WE,Federal Contract Tower,2,2,22,7,33,1,0,5,0,6,3,2,27,7,39,56,36,92,131
01/11/2019,CYS,WY,ANM,WE,Federal Contract Tower,2,2,15,2,21,0,0,0,0,0,2,2,15,2,21,0,0,0,21
01/12/2019,CYS,WY,ANM,WE,Federal Contract Tower,2,2,8,0,12,0,0,5,6,11,2,2,13,6,23,27,6,33,56
01/13/2019,CYS,WY,ANM,WE,Federal Contract Tower,2,21,0,0,23,0,0,0,0,0,2,21,0,0,23,80,0,80,103
01/14/2019,CYS,WY,ANM,WE,Federal Contract Tower,2,3,12,12,29,0,0,0,0,0,2,3,12,12,29,60,178,238,267
01/15/2019,CYS,WY,ANM,WE,Federal Contract Tower,1,3,24,6,34,0,0,0,0,0,1,3,24,6,34,38,86,124,158
01/16/2019,CYS,WY,ANM,WE,Federal Contract Tower,2,2,12,15,31,0,0,0,0,0,2,2,12,15,31,25,123,148,179
01/17/2019,CYS,WY,ANM,WE,Federal Contract Tower,2,2,17,6,27,0,0,0,0,0,2,2,17,6,27,15,36,51,78
01/18/2019,CYS,WY,ANM,WE,Federal Contract Tower,2,3,12,2,19,0,0,0,0,0,2,3,12,2,19,27,80,107,126
01/19/2019,CYS,WY,ANM,WE,Federal Contract Tower,2,2,11,0,15,0,0,2,0,2,2,2,13,0,17,59,4,63,80
01/20/2019,CYS,WY,ANM,WE,Federal Contract Tower,2,0,10,0,12,0,0,1,0,1,2,0,11,0,13,24,0,24,37
01/21/2019,CYS,WY,ANM,WE,Federal Contract Tower,2,6,10,0,18,0,0,2,0,2,2,6,12,0,20,62,0,62,82
01/22/2019,CYS,WY,ANM,WE,Federal Contract Tower,2,2,3,4,11,0,0,0,1,1,2,2,3,5,12,15,39,54,66
01/23/2019,CYS,WY,ANM,WE,Federal Contract Tower,3,4,10,7,24,0,0,2,0,2,3,4,12,7,26,30,70,100,126
01/24/2019,CYS,WY,ANM,WE,Federal Contract Tower,2,2,18,7,29,0,0,0,0,0,2,2,18,7,29,14,31,45,74
01/25/2019,CYS,WY,ANM,WE,Federal Contract Tower,2,2,28,1,33,0,0,0,0,0,2,2,28,1,33,62,28,90,123
01/26/2019,CYS,WY,ANM,WE,Federal Contract Tower,2,2,2,0,6,0,0,0,0,0,2,2,2,0,6,9,0,9,15
01/27/2019,CYS,WY,ANM,WE,Federal Contract Tower,2,0,5,1,8,0,0,3,0,3,2,0,8,1,11,28,1,29,40
01/28/2019,CYS,WY,ANM,WE,Federal Contract Tower,2,2,13,1,18,0,0,0,0,0,2,2,13,1,18,9,22,31,49
01/29/2019,CYS,WY,ANM,WE,Federal Contract Tower,2,2,8,5,17,0,0,3,1,4,2,2,11,6,21,19,33,52,73
01/30/2019,CYS,WY,ANM,WE,Federal Contract Tower,2,2,17,2,23,0,0,4,0,4,2,2,21,2,27,14,14,28,55
01/31/2019,CYS,WY,ANM,WE,Federal Contract Tower,2,2,22,1,27,0,0,0,0,0,2,2,22,1,27,21,5,26,53
02/01/2019,CYS,WY,ANM,WE,Federal Contract Tower,2,2,17,5,26,0,0,3,0,3,2,2,20,5,29,176,62,238,267
02/02/2019,CYS,WY,ANM,WE,Federal Contract Tower,2,2,10,1,15,0,0,2,0,2,2,2,12,1,17,24,0,24,41
02/03/2019,CYS,WY,ANM,WE,Federal Contract Tower,2,0,2,1,5,0,0,0,0,0,2,0,2,1,5,37,0,37,42
02/04/2019,CYS,WY,ANM,WE,Federal Contract Tower,2,2,22,9,35,0,0,0,0,0,2,2,22,9,35,35,54,89,124
02/05/2019,CYS,WY,ANM,WE,Federal Contract Tower,2,2,24,5,33,0,0,0,1,1,2,2,24,6,34,27,8,35,69
02/06/2019,CYS,WY,ANM,WE,Federal Contract Tower,2,2,2,0,6,0,0,0,0,0,2,2,2,0,6,0,0,0,6
02/07/2019,CYS,WY,ANM,WE,Federal Contract Tower,2,2,13,4,21,2,0,0,0,2,4,2,13,4,23,15,31,46,69
02/08/2019,CYS,WY,ANM,WE,Federal Contract Tower,2,2,11,4,19,0,0,0,0,0,2,2,11,4,19,47,20,67,86
02/09/2019,CYS,WY,ANM,WE,Federal Contract Tower,2,2,20,0,24,0,0,0,0,0,2,2,20,0,24,37,2,39,63
02/10/2019,CYS,WY,ANM,WE,Federal Contract Tower,2,0,10,5,17,0,0,0,0,0,2,0,10,5,17,54,11,65,82
02/11/2019,CYS,WY,ANM,WE,Federal Contract Tower,2,2,16,11,31,0,0,0,0,0,2,2,16,11,31,1,13,14,45
02/12/2019,CYS,WY,ANM,WE,Federal Contract Tower,2,2,10,8,22,0,0,2,0,2,2,2,12,8,24,17,68,85,109
02/13/2019,CYS,WY,ANM,WE,Federal Contract Tower,2,2,9,4,17,1,0,0,0,1,3,2,9,4,18,37,33,70,88
02/14/2019,CYS,WY,ANM,WE,Federal Contract Tower,2,2,10,1,15,0,0,1,0,1,2,2,11,1,16,20,4,24,40
02/15/2019,CYS,WY,ANM,WE,Federal Contract Tower,2,2,12,4,20,0,0,0,0,0,2,2,12,4,20,10,35,45,65
02/16/2019,CYS,WY,ANM,WE,Federal Contract Tower,2,2,3,0,7,0,0,0,0,0,2,2,3,0,7,10,0,10,17
02/17/2019,CYS,WY,ANM,WE,Federal Contract Tower,2,0,14,1,17,0,0,0,0,0,2,0,14,1,17,18,0,18,35
02/18/2019,CYS,WY,ANM,WE,Federal Contract Tower,2,2,3,1,8,0,0,0,0,0,2,2,3,1,8,0,0,0,8
02/19/2019,CYS,WY,ANM,WE,Federal Contract Tower,2,2,4,4,12,0,0,0,0,0,2,2,4,4,12,2,55,57,69
02/20/2019,CYS,WY,ANM,WE,Federal Contract Tower,2,2,9,7,20,0,0,12,0,12,2,2,21,7,32,9,37,46,78
02/21/2019,CYS,WY,ANM,WE,Federal Contract Tower,2,4,15,17,38,0,0,0,0,0,2,4,15,17,38,4,21,25,63
02/22/2019,CYS,WY,ANM,WE,Federal Contract Tower,2,2,2,3,9,0,0,0,0,0,2,2,2,3,9,1,6,7,16
02/23/2019,CYS,WY,ANM,WE,Federal Contract Tower,2,2,2,0,6,0,0,2,0,2,2,2,4,0,8,17,0,17,25
02/24/2019,CYS,WY,ANM,WE,Federal Contract Tower,2,3,8,2,15,0,0,0,0,0,2,3,8,2,15,25,0,25,40
02/25/2019,CYS,WY,ANM,WE,Federal Contract Tower,2,1,19,13,35,0,1,2,0,3,2,2,21,13,38,28,76,104,142
02/26/2019,CYS,WY,ANM,WE,Federal Contract Tower,2,6,11,8,27,0,1,0,0,1,2,7,11,8,28,36,20,56,84
02/27/2019,CYS,WY,ANM,WE,Federal Contract Tower,2,2,16,17,37,0,0,0,0,0,2,2,16,17,37,34,106,140,177
02/28/2019,CYS,WY,ANM,WE,Federal Contract Tower,2,2,19,2,25,0,0,2,0,2,2,2,21,2,27,40,38,78,105
03/01/2019,CYS,WY,ANM,WE,Federal Contract Tower,4,2,5,13,24,0,0,0,0,0,4,2,5,13,24,25,50,75,99
03/02/2019,CYS,WY,ANM,WE,Federal Contract Tower,2,0,2,0,4,0,0,0,0,0,2,0,2,0,4,0,0,0,4
03/03/2019,CYS,WY,ANM,WE,Federal Contract Tower,2,0,3,0,5,0,0,0,0,0,2,0,3,0,5,2,1,3,8
03/04/2019,CYS,WY,ANM,WE,Federal Contract Tower,4,2,14,3,23,0,0,2,0,2,4,2,16,3,25,101,67,168,193
03/05/2019,CYS,WY,ANM,WE,Federal Contract Tower,2,2,35,5,44,0,0,0,0,0,2,2,35,5,44,54,7,61,105
03/06/2019,CYS,WY,ANM,WE,Federal Contract Tower,2,5,12,4,23,0,0,4,0,4,2,5,16,4,27,21,7,28,55
03/07/2019,CYS,WY,ANM,WE,Federal Contract Tower,4,3,23,12,42,0,0,0,0,0,4,3,23,12,42,60,85,145,187
03/08/2019,CYS,WY,ANM,WE,Federal Contract Tower,2,1,15,6,24,0,0,2,0,2,2,1,17,6,26,41,24,65,91
03/09/2019,CYS,WY,ANM,WE,Federal Contract Tower,0,2,10,2,14,0,0,1,0,1,0,2,11,2,15,6,5,11,26
03/10/2019,CYS,WY,ANM,WE,Federal Contract Tower,2,0,15,3,20,0,0,5,0,5,2,0,20,3,25,53,14,67,92
03/11/2019,CYS,WY,ANM,WE,Federal Contract Tower,2,2,18,3,25,0,0,11,0,11,2,2,29,3,36,93,21,114,150
03/12/2019,CYS,WY,ANM,WE,Federal Contract Tower,2,6,34,5,47,0,0,0,0,0,2,6,34,5,47,60,26,86,133
03/15/2019,CYS,WY,ANM,WE,Federal Contract Tower,2,3,7,3,15,0,1,0,0,1,2,4,7,3,16,78,59,137,153
03/16/2019,CYS,WY,ANM,WE,Federal Contract Tower,2,2,14,0,18,0,0,0,0,0,2,2,14,0,18,71,2,73,91
03/17/2019,CYS,WY,ANM,WE,Federal Contract Tower,2,0,27,1,30,0,0,5,0,5,2,0,32,1,35,54,0,54,89
03/18/2019,CYS,WY,ANM,WE,Federal Contract Tower,2,2,20,6,30,0,0,3,0,3,2,2,23,6,33,40,100,140,173
03/19/2019,CYS,WY,ANM,WE,Federal Contract Tower,2,2,26,5,35,0,0,2,0,2,2,2,28,5,37,45,56,101,138
03/20/2019,CYS,WY,ANM,WE,Federal Contract Tower,2,1,12,7,22,0,0,2,0,2,2,1,14,7,24,90,44,134,158
03/21/2019,CYS,WY,ANM,WE,Federal Contract Tower,2,2,24,14,42,0,0,0,0,0,2,2,24,14,42,61,71,132,174
03/22/2019,CYS,WY,ANM,WE,Federal Contract Tower,2,1,8,7,18,0,0,2,0,2,2,1,10,7,20,15,50,65,85
03/23/2019,CYS,WY,ANM,WE,Federal Contract Tower,2,2,8,0,12,0,0,0,0,0,2,2,8,0,12,10,1,11,23
03/24/2019,CYS,WY,ANM,WE,Federal Contract Tower,2,0,12,2,16,0,0,0,0,0,2,0,12,2,16,53,0,53,69
03/25/2019,CYS,WY,ANM,WE,Federal Contract Tower,2,2,13,7,24,0,0,0,0,0,2,2,13,7,24,37,16,53,77
03/26/2019,CYS,WY,ANM,WE,Federal Contract Tower,2,6,16,9,33,0,0,2,0,2,2,6,18,9,35,63,62,125,160
03/27/2019,CYS,WY,ANM,WE,Federal Contract Tower,2,2,25,20,49,0,0,0,0,0,2,2,25,20,49,24,55,79,128
03/28/2019,CYS,WY,ANM,WE,Federal Contract Tower,2,2,18,10,32,0,0,0,0,0,2,2,18,10,32,40,43,83,115
03/29/2019,CYS,WY,ANM,WE,Federal Contract Tower,2,4,8,2,16,0,0,0,0,0,2,4,8,2,16,0,0,0,16
03/30/2019,CYS,WY,ANM,WE,Federal Contract Tower,2,0,13,1,16,0,0,2,0,2,2,0,15,1,18,46,0,46,64
03/31/2019,CYS,WY,ANM,WE,Federal Contract Tower,2,0,34,0,36,0,0,0,0,0,2,0,34,0,36,126,0,126,162
04/01/2019,CYS,WY,ANM,WE,Federal Contract Tower,2,2,10,3,17,0,0,0,0,0,2,2,10,3,17,18,17,35,52
04/02/2019,CYS,WY,ANM,WE,Federal Contract Tower,2,4,13,6,25,0,0,0,0,0,2,4,13,6,25,10,31,41,66
04/03/2019,CYS,WY,ANM,WE,Federal Contract Tower,2,2,8,0,12,0,0,0,0,0,2,2,8,0,12,9,9,18,30
04/04/2019,CYS,WY,ANM,WE,Federal Contract Tower,2,2,10,7,21,0,0,0,0,0,2,2,10,7,21,61,75,136,157
04/05/2019,CYS,WY,ANM,WE,Federal Contract Tower,2,4,18,7,31,0,0,0,0,0,2,4,18,7,31,64,82,146,177
04/06/2019,CYS,WY,ANM,WE,Federal Contract Tower,3,0,18,1,22,0,0,0,0,0,3,0,18,1,22,70,3,73,95
04/07/2019,CYS,WY,ANM,WE,Federal Contract Tower,3,0,6,4,13,0,0,0,0,0,3,0,6,4,13,28,9,37,50
04/08/2019,CYS,WY,ANM,WE,Federal Contract Tower,2,2,9,11,24,0,0,2,0,2,2,2,11,11,26,13,17,30,56
04/09/2019,CYS,WY,ANM,WE,Federal Contract Tower,2,3,18,5,28,0,0,2,0,2,2,3,20,5,30,70,63,133,163
04/10/2019,CYS,WY,ANM,WE,Federal Contract Tower,0,0,0,0,0,0,0,0,0,0,0,0,0,0,0,0,0,0,0
04/11/2019,CYS,WY,ANM,WE,Federal Contract Tower,2,2,7,2,13,0,0,0,0,0,2,2,7,2,13,2,4,6,19
04/12/2019,CYS,WY,ANM,WE,Federal Contract Tower,2,2,7,9,20,0,0,12,0,12,2,2,19,9,32,56,19,75,107
04/13/2019,CYS,WY,ANM,WE,Federal Contract Tower,1,2,4,3,10,0,0,0,0,0,1,2,4,3,10,3,21,24,34
04/14/2019,CYS,WY,ANM,WE,Federal Contract Tower,2,0,1,3,6,0,0,0,0,0,2,0,1,3,6,14,34,48,54
04/15/2019,CYS,WY,ANM,WE,Federal Contract Tower,2,2,8,3,15,0,0,0,0,0,2,2,8,3,15,43,73,116,131
04/16/2019,CYS,WY,ANM,WE,Federal Contract Tower,2,2,38,6,48,0,0,0,0,0,2,2,38,6,48,48,17,65,113
04/17/2019,CYS,WY,ANM,WE,Federal Contract Tower,2,2,17,7,28,0,0,2,0,2,2,2,19,7,30,41,66,107,137
04/18/2019,CYS,WY,ANM,WE,Federal Contract Tower,2,2,19,5,28,0,0,0,0,0,2,2,19,5,28,10,26,36,64
04/19/2019,CYS,WY,ANM,WE,Federal Contract Tower,2,2,19,3,26,0,0,1,0,1,2,2,20,3,27,66,62,128,155
04/20/2019,CYS,WY,ANM,WE,Federal Contract Tower,1,0,13,0,14,0,0,8,0,8,1,0,21,0,22,163,12,175,197
04/21/2019,CYS,WY,ANM,WE,Federal Contract Tower,2,0,3,0,5,0,0,2,0,2,2,0,5,0,7,10,2,12,19
04/22/2019,CYS,WY,ANM,WE,Federal Contract Tower,2,2,18,1,23,0,0,0,0,0,2,2,18,1,23,0,4,4,27
04/23/2019,CYS,WY,ANM,WE,Federal Contract Tower,2,2,18,15,37,0,0,1,0,1,2,2,19,15,38,86,87,173,211
04/24/2019,CYS,WY,ANM,WE,Federal Contract Tower,2,5,18,14,39,0,0,1,0,1,2,5,19,14,40,50,10,60,100
04/25/2019,CYS,WY,ANM,WE,Federal Contract Tower,2,2,17,3,24,0,0,0,0,0,2,2,17,3,24,82,38,120,144
04/26/2019,CYS,WY,ANM,WE,Federal Contract Tower,2,2,12,1,17,0,0,0,0,0,2,2,12,1,17,28,8,36,53
04/27/2019,CYS,WY,ANM,WE,Federal Contract Tower,2,0,16,1,19,0,0,0,0,0,2,0,16,1,19,75,8,83,102
04/28/2019,CYS,WY,ANM,WE,Federal Contract Tower,0,0,1,0,1,0,0,0,0,0,0,0,1,0,1,56,0,56,57
04/29/2019,CYS,WY,ANM,WE,Federal Contract Tower,2,2,11,1,16,0,0,0,0,0,2,2,11,1,16,2,14,16,32
04/30/2019,CYS,WY,ANM,WE,Federal Contract Tower,0,3,3,2,8,0,0,0,0,0,0,3,3,2,8,0,0,0,8
05/01/2019,CYS,WY,ANM,WE,Federal Contract Tower,2,2,17,6,27,0,0,0,0,0,2,2,17,6,27,2,6,8,35
05/02/2019,CYS,WY,ANM,WE,Federal Contract Tower,2,2,26,4,34,0,0,0,0,0,2,2,26,4,34,71,69,140,174
05/03/2019,CYS,WY,ANM,WE,Federal Contract Tower,2,2,24,9,37,0,0,0,0,0,2,2,24,9,37,71,41,112,149
05/04/2019,CYS,WY,ANM,WE,Federal Contract Tower,2,4,26,2,34,0,0,11,0,11,2,4,37,2,45,54,3,57,102
05/05/2019,CYS,WY,ANM,WE,Federal Contract Tower,10,0,10,3,23,0,0,3,0,3,10,0,13,3,26,31,4,35,61
05/06/2019,CYS,WY,ANM,WE,Federal Contract Tower,2,2,3,2,9,0,0,0,0,0,2,2,3,2,9,2,39,41,50
05/07/2019,CYS,WY,ANM,WE,Federal Contract Tower,4,1,9,0,14,0,0,0,0,0,4,1,9,0,14,0,0,0,14
05/08/2019,CYS,WY,ANM,WE,Federal Contract Tower,3,0,0,0,3,13,0,0,0,13,16,0,0,0,16,0,16,16,32
05/09/2019,CYS,WY,ANM,WE,Federal Contract Tower,4,3,13,2,22,0,0,0,0,0,4,3,13,2,22,0,0,0,22
05/10/2019,CYS,WY,ANM,WE,Federal Contract Tower,2,0,0,0,2,16,0,0,0,16,18,0,0,0,18,8,43,51,69
05/11/2019,CYS,WY,ANM,WE,Federal Contract Tower,3,2,7,0,12,0,0,9,0,9,3,2,16,0,21,32,0,32,53
05/12/2019,CYS,WY,ANM,WE,Federal Contract Tower,4,0,2,1,7,0,0,1,0,1,4,0,3,1,8,43,1,44,52
05/13/2019,CYS,WY,ANM,WE,Federal Contract Tower,2,2,16,6,26,0,0,2,0,2,2,2,18,6,28,90,26,116,144
05/14/2019,CYS,WY,ANM,WE,Federal Contract Tower,2,8,20,9,39,0,0,0,0,0,2,8,20,9,39,115,42,157,196
05/15/2019,CYS,WY,ANM,WE,Federal Contract Tower,2,2,17,14,35,0,0,10,0,10,2,2,27,14,45,83,15,98,143
05/16/2019,CYS,WY,ANM,WE,Federal Contract Tower,2,2,25,14,43,0,0,20,0,20,2,2,45,14,63,47,36,83,146
05/17/2019,CYS,WY,ANM,WE,Federal Contract Tower,2,2,10,1,15,0,0,0,0,0,2,2,10,1,15,2,10,12,27
05/18/2019,CYS,WY,ANM,WE,Federal Contract Tower,1,0,5,7,13,0,0,3,0,3,1,0,8,7,16,44,0,44,60
05/19/2019,CYS,WY,ANM,WE,Federal Contract Tower,3,0,8,1,12,0,0,5,0,5,3,0,13,1,17,12,1,13,30
05/20/2019,CYS,WY,ANM,WE,Federal Contract Tower,3,2,9,1,15,0,0,0,0,0,3,2,9,1,15,0,0,0,15
05/21/2019,CYS,WY,ANM,WE,Federal Contract Tower,2,2,7,1,12,0,0,0,0,0,2,2,7,1,12,0,2,2,14
05/22/2019,CYS,WY,ANM,WE,Federal Contract Tower,3,2,16,14,35,0,0,5,2,7,3,2,21,16,42,26,58,84,126
05/23/2019,CYS,WY,ANM,WE,Federal Contract Tower,3,2,13,8,26,0,0,0,0,0,3,2,13,8,26,18,30,48,74
05/24/2019,CYS,WY,ANM,WE,Federal Contract Tower,3,2,6,0,11,0,0,8,0,8,3,2,14,0,19,26,2,28,47
05/25/2019,CYS,WY,ANM,WE,Federal Contract Tower,2,0,16,2,20,0,0,2,0,2,2,0,18,2,22,100,0,100,122
05/26/2019,CYS,WY,ANM,WE,Federal Contract Tower,5,0,10,0,15,0,0,4,0,4,5,0,14,0,19,25,0,25,44
05/27/2019,CYS,WY,ANM,WE,Federal Contract Tower,2,0,16,0,18,0,0,1,0,1,2,0,17,0,19,23,0,23,42
05/28/2019,CYS,WY,ANM,WE,Federal Contract Tower,3,0,10,1,14,0,0,0,0,0,3,0,10,1,14,6,41,47,61
05/29/2019,CYS,WY,ANM,WE,Federal Contract Tower,0,0,26,9,35,4,4,16,8,32,4,4,42,17,67,36,145,181,248
05/30/2019,CYS,WY,ANM,WE,Federal Contract Tower,0,0,59,1,60,2,2,54,6,64,2,2,113,7,124,112,91,203,327
05/31/2019,CYS,WY,ANM,WE,Federal Contract Tower,0,0,57,5,62,3,2,16,1,22,3,2,73,6,84,63,52,115,199
06/01/2019,CYS,WY,ANM,WE,Federal Contract Tower,0,1,52,5,58,3,0,15,0,18,3,1,67,5,76,78,0,78,154
06/02/2019,CYS,WY,ANM,WE,Federal Contract Tower,7,4,0,2,13,0,0,5,0,5,7,4,5,2,18,37,4,41,59
06/03/2019,CYS,WY,ANM,WE,Federal Contract Tower,2,4,14,3,23,0,0,17,0,17,2,4,31,3,40,61,39,100,140
06/04/2019,CYS,WY,ANM,WE,Federal Contract Tower,3,4,14,2,23,0,0,5,0,5,3,4,19,2,28,40,34,74,102
06/05/2019,CYS,WY,ANM,WE,Federal Contract Tower,2,2,10,7,21,0,0,2,2,4,2,2,12,9,25,49,65,114,139
06/06/2019,CYS,WY,ANM,WE,Federal Contract Tower,2,2,22,8,34,0,0,31,14,45,2,2,53,22,79,22,58,80,159
06/07/2019,CYS,WY,ANM,WE,Federal Contract Tower,8,2,10,7,27,0,0,27,3,30,8,2,37,10,57,24,63,87,144
06/08/2019,CYS,WY,ANM,WE,Federal Contract Tower,3,2,9,0,14,0,0,24,2,26,3,2,33,2,40,5,0,5,45
06/09/2019,CYS,WY,ANM,WE,Federal Contract Tower,2,4,8,4,18,0,0,7,0,7,2,4,15,4,25,20,8,28,53
06/10/2019,CYS,WY,ANM,WE,Federal Contract Tower,3,5,16,3,27,0,0,4,0,4,3,5,20,3,31,28,10,38,69
06/11/2019,CYS,WY,ANM,WE,Federal Contract Tower,2,3,18,9,32,0,0,4,0,4,2,3,22,9,36,15,26,41,77
06/12/2019,CYS,WY,ANM,WE,Federal Contract Tower,2,2,13,1,18,0,0,18,2,20,2,2,31,3,38,48,50,98,136
06/13/2019,CYS,WY,ANM,WE,Federal Contract Tower,2,2,20,1,25,0,0,10,7,17,2,2,30,8,42,59,39,98,140
06/14/2019,CYS,WY,ANM,WE,Federal Contract Tower,11,2,12,1,26,0,0,77,0,77,11,2,89,1,103,61,50,111,214
06/15/2019,CYS,WY,ANM,WE,Federal Contract Tower,0,0,4,2,6,3,2,2,14,21,3,2,6,16,27,105,16,121,148
06/16/2019,CYS,WY,ANM,WE,Federal Contract Tower,23,2,6,2,33,0,0,7,0,7,23,2,13,2,40,29,2,31,71
06/17/2019,CYS,WY,ANM,WE,Federal Contract Tower,16,0,13,4,33,0,0,0,0,0,16,0,13,4,33,81,40,121,154
06/18/2019,CYS,WY,ANM,WE,Federal Contract Tower,6,2,14,2,24,0,0,2,0,2,6,2,16,2,26,16,9,25,51
06/19/2019,CYS,WY,ANM,WE,Federal Contract Tower,4,2,25,7,38,0,0,25,8,33,4,2,50,15,71,37,57,94,165
06/20/2019,CYS,WY,ANM,WE,Federal Contract Tower,8,2,14,3,27,0,0,32,7,39,8,2,46,10,66,30,14,44,110
06/21/2019,CYS,WY,ANM,WE,Federal Contract Tower,8,2,8,1,19,0,0,12,3,15,8,2,20,4,34,21,88,109,143
06/22/2019,CYS,WY,ANM,WE,Federal Contract Tower,0,4,8,0,12,0,0,2,0,2,0,4,10,0,14,0,0,0,14
06/23/2019,CYS,WY,ANM,WE,Federal Contract Tower,2,0,7,1,10,0,0,5,0,5,2,0,12,1,15,18,0,18,33
06/24/2019,CYS,WY,ANM,WE,Federal Contract Tower,2,2,14,4,22,0,0,3,0,3,2,2,17,4,25,77,14,91,116
06/25/2019,CYS,WY,ANM,WE,Federal Contract Tower,2,2,6,7,17,0,0,25,8,33,2,2,31,15,50,38,43,81,131
06/26/2019,CYS,WY,ANM,WE,Federal Contract Tower,7,2,30,1,40,0,0,3,0,3,7,2,33,1,43,60,9,69,112
06/27/2019,CYS,WY,ANM,WE,Federal Contract Tower,3,2,16,2,23,0,0,23,18,41,3,2,39,20,64,21,84,105,169
06/28/2019,CYS,WY,ANM,WE,Federal Contract Tower,3,2,13,2,20,0,0,20,5,25,3,2,33,7,45,33,0,33,78
06/29/2019,CYS,WY,ANM,WE,Federal Contract Tower,6,6,0,0,12,0,0,29,0,29,6,6,29,0,41,30,0,30,71
06/30/2019,CYS,WY,ANM,WE,Federal Contract Tower,2,0,13,0,15,0,0,10,0,10,2,0,23,0,25,20,0,20,45
07/01/2019,CYS,WY,ANM,WE,Federal Contract Tower,2,0,9,0,11,0,0,8,0,8,2,0,17,0,19,70,23,93,112
07/02/2019,CYS,WY,ANM,WE,Federal Contract Tower,2,2,14,15,33,0,0,1,0,1,2,2,15,15,34,72,72,144,178
07/03/2019,CYS,WY,ANM,WE,Federal Contract Tower,3,4,11,0,18,0,0,22,0,22,3,4,33,0,40,27,26,53,93
07/04/2019,CYS,WY,ANM,WE,Federal Contract Tower,8,2,26,0,36,0,0,0,0,0,8,2,26,0,36,15,0,15,51
07/05/2019,CYS,WY,ANM,WE,Federal Contract Tower,2,0,19,0,21,0,0,10,0,10,2,0,29,0,31,22,0,22,53
07/06/2019,CYS,WY,ANM,WE,Federal Contract Tower,0,4,11,0,15,0,0,4,0,4,0,4,15,0,19,25,0,25,44
07/07/2019,CYS,WY,ANM,WE,Federal Contract Tower,3,0,17,0,20,0,0,8,0,8,3,0,25,0,28,83,0,83,111
07/08/2019,CYS,WY,ANM,WE,Federal Contract Tower,3,2,15,2,22,0,0,10,0,10,3,2,25,2,32,68,47,115,147
07/09/2019,CYS,WY,ANM,WE,Federal Contract Tower,3,4,19,0,26,0,0,30,0,30,3,4,49,0,56,56,14,70,126
07/10/2019,CYS,WY,ANM,WE,Federal Contract Tower,4,2,13,2,21,0,0,27,7,34,4,2,40,9,55,29,21,50,105
07/11/2019,CYS,WY,ANM,WE,Federal Contract Tower,2,6,19,3,30,0,0,23,0,23,2,6,42,3,53,45,16,61,114
07/12/2019,CYS,WY,ANM,WE,Federal Contract Tower,4,2,5,16,27,0,0,32,4,36,4,2,37,20,63,18,19,37,100
07/13/2019,CYS,WY,ANM,WE,Federal Contract Tower,7,0,10,0,17,0,0,8,0,8,7,0,18,0,25,60,5,65,90
07/14/2019,CYS,WY,ANM,WE,Federal Contract Tower,3,2,3,3,11,0,0,41,3,44,3,2,44,6,55,33,2,35,90
07/15/2019,CYS,WY,ANM,WE,Federal Contract Tower,4,0,26,7,37,0,0,28,0,28,4,0,54,7,65,40,93,133,198
07/16/2019,CYS,WY,ANM,WE,Federal Contract Tower,4,2,33,4,43,0,0,28,0,28,4,2,61,4,71,78,43,121,192
07/17/2019,CYS,WY,ANM,WE,Federal Contract Tower,3,4,11,4,22,0,0,5,0,5,3,4,16,4,27,57,46,103,130
07/18/2019,CYS,WY,ANM,WE,Federal Contract Tower,3,6,7,1,17,0,0,36,3,39,3,6,43,4,56,41,6,47,103
07/19/2019,CYS,WY,ANM,WE,Federal Contract Tower,2,2,17,4,25,0,0,5,0,5,2,2,22,4,30,87,45,132,162
07/20/2019,CYS,WY,ANM,WE,Federal Contract Tower,3,2,16,0,21,0,0,13,0,13,3,2,29,0,34,13,0,13,47
07/21/2019,CYS,WY,ANM,WE,Federal Contract Tower,4,0,15,2,21,0,0,2,0,2,4,0,17,2,23,32,0,32,55
07/22/2019,CYS,WY,ANM,WE,Federal Contract Tower,10,1,11,5,27,0,0,3,0,3,10,1,14,5,30,9,34,43,73
07/23/2019,CYS,WY,ANM,WE,Federal Contract Tower,2,2,9,3,16,0,0,14,0,14,2,2,23,3,30,59,60,119,149
07/24/2019,CYS,WY,ANM,WE,Federal Contract Tower,3,1,14,1,19,0,0,24,4,28,3,1,38,5,47,70,45,115,162
07/25/2019,CYS,WY,ANM,WE,Federal Contract Tower,2,3,23,7,35,0,0,10,0,10,2,3,33,7,45,78,31,109,154
07/26/2019,CYS,WY,ANM,WE,Federal Contract Tower,2,8,26,5,41,0,0,41,11,52,2,8,67,16,93,56,42,98,191
07/27/2019,CYS,WY,ANM,WE,Federal Contract Tower,3,11,18,0,32,0,0,0,0,0,3,11,18,0,32,19,0,19,51
07/28/2019,CYS,WY,ANM,WE,Federal Contract Tower,3,0,20,0,23,0,0,17,0,17,3,0,37,0,40,26,0,26,66
07/29/2019,CYS,WY,ANM,WE,Federal Contract Tower,2,2,24,5,33,0,0,26,1,27,2,2,50,6,60,31,42,73,133
07/30/2019,CYS,WY,ANM,WE,Federal Contract Tower,19,1,12,6,38,0,0,24,1,25,19,1,36,7,63,80,35,115,178
07/31/2019,CYS,WY,ANM,WE,Federal Contract Tower,4,6,18,7,35,0,0,7,0,7,4,6,25,7,42,26,31,57,99
08/01/2019,CYS,WY,ANM,WE,Federal Contract Tower,3,2,18,0,23,0,0,1,0,1,3,2,19,0,24,50,32,82,106
08/02/2019,CYS,WY,ANM,WE,Federal Contract Tower,6,2,20,0,28,0,0,17,6,23,6,2,37,6,51,30,20,50,101
08/03/2019,CYS,WY,ANM,WE,Federal Contract Tower,2,1,18,0,21,0,0,10,0,10,2,1,28,0,31,99,0,99,130
08/04/2019,CYS,WY,ANM,WE,Federal Contract Tower,4,0,7,1,12,0,0,10,1,11,4,0,17,2,23,28,0,28,51
08/05/2019,CYS,WY,ANM,WE,Federal Contract Tower,2,2,25,1,30,0,0,22,5,27,2,2,47,6,57,51,5,56,113
08/06/2019,CYS,WY,ANM,WE,Federal Contract Tower,2,2,11,9,24,0,0,6,0,6,2,2,17,9,30,107,111,218,248
08/07/2019,CYS,WY,ANM,WE,Federal Contract Tower,2,2,12,2,18,0,0,1,0,1,2,2,13,2,19,30,17,47,66
08/08/2019,CYS,WY,ANM,WE,Federal Contract Tower,8,2,10,9,29,0,0,0,0,0,8,2,10,9,29,40,47,87,116
08/09/2019,CYS,WY,ANM,WE,Federal Contract Tower,5,2,14,10,31,0,0,7,5,12,5,2,21,15,43,72,42,114,157
08/10/2019,CYS,WY,ANM,WE,Federal Contract Tower,3,4,5,0,12,0,0,3,0,3,3,4,8,0,15,41,0,41,56
08/11/2019,CYS,WY,ANM,WE,Federal Contract Tower,2,0,7,3,12,0,0,13,0,13,2,0,20,3,25,34,10,44,69
08/12/2019,CYS,WY,ANM,WE,Federal Contract Tower,3,2,17,0,22,0,0,27,5,32,3,2,44,5,54,24,0,24,78
08/13/2019,CYS,WY,ANM,WE,Federal Contract Tower,3,2,11,4,20,0,0,1,1,2,3,2,12,5,22,45,48,93,115
08/14/2019,CYS,WY,ANM,WE,Federal Contract Tower,3,4,19,2,28,0,0,10,0,10,3,4,29,2,38,30,13,43,81
08/15/2019,CYS,WY,ANM,WE,Federal Contract Tower,2,2,22,3,29,0,0,6,0,6,2,2,28,3,35,47,44,91,126
08/16/2019,CYS,WY,ANM,WE,Federal Contract Tower,4,2,23,10,39,0,0,7,2,9,4,2,30,12,48,16,43,59,107
08/17/2019,CYS,WY,ANM,WE,Federal Contract Tower,2,2,19,0,23,0,0,7,0,7,2,2,26,0,30,53,0,53,83
08/18/2019,CYS,WY,ANM,WE,Federal Contract Tower,2,0,23,0,25,0,0,1,1,2,2,0,24,1,27,35,0,35,62
08/19/2019,CYS,WY,ANM,WE,Federal Contract Tower,2,2,15,6,25,0,0,24,3,27,2,2,39,9,52,60,50,110,162
08/20/2019,CYS,WY,ANM,WE,Federal Contract Tower,2,2,18,4,26,0,0,6,0,6,2,2,24,4,32,64,75,139,171
08/21/2019,CYS,WY,ANM,WE,Federal Contract Tower,3,2,11,2,18,0,0,7,1,8,3,2,18,3,26,19,22,41,67
08/22/2019,CYS,WY,ANM,WE,Federal Contract Tower,2,3,30,9,44,0,0,10,0,10,2,3,40,9,54,30,22,52,106
08/23/2019,CYS,WY,ANM,WE,Federal Contract Tower,4,2,16,4,26,2,1,27,9,39,6,3,43,13,65,28,0,28,93
08/24/2019,CYS,WY,ANM,WE,Federal Contract Tower,2,0,19,3,24,0,0,21,0,21,2,0,40,3,45,72,12,84,129
08/25/2019,CYS,WY,ANM,WE,Federal Contract Tower,3,2,11,3,19,0,0,2,0,2,3,2,13,3,21,29,0,29,50
08/26/2019,CYS,WY,ANM,WE,Federal Contract Tower,2,4,13,3,22,0,0,6,6,12,2,4,19,9,34,22,55,77,111
08/27/2019,CYS,WY,ANM,WE,Federal Contract Tower,4,2,19,7,32,0,0,17,4,21,4,2,36,11,53,101,30,131,184
08/28/2019,CYS,WY,ANM,WE,Federal Contract Tower,2,2,18,3,25,0,0,7,4,11,2,2,25,7,36,39,39,78,114
08/29/2019,CYS,WY,ANM,WE,Federal Contract Tower,2,2,10,8,22,0,0,1,0,1,2,2,11,8,23,63,40,103,126
08/30/2019,CYS,WY,ANM,WE,Federal Contract Tower,4,2,13,0,19,2,0,7,1,10,6,2,20,1,29,7,0,7,36
08/31/2019,CYS,WY,ANM,WE,Federal Contract Tower,3,2,14,0,19,0,0,4,0,4,3,2,18,0,23,121,0,121,144
09/01/2019,CYS,WY,ANM,WE,Federal Contract Tower,2,0,19,0,21,0,0,3,0,3,2,0,22,0,24,51,0,51,75
09/02/2019,CYS,WY,ANM,WE,Federal Contract Tower,2,0,15,0,17,0,0,12,0,12,2,0,27,0,29,62,0,62,91
09/03/2019,CYS,WY,ANM,WE,Federal Contract Tower,3,2,16,3,24,0,0,6,1,7,3,2,22,4,31,42,32,74,105
09/04/2019,CYS,WY,ANM,WE,Federal Contract Tower,2,2,15,0,19,0,0,3,0,3,2,2,18,0,22,27,28,55,77
09/05/2019,CYS,WY,ANM,WE,Federal Contract Tower,3,1,24,1,29,0,0,3,0,3,3,1,27,1,32,61,27,88,120
09/06/2019,CYS,WY,ANM,WE,Federal Contract Tower,5,5,34,8,52,0,0,5,0,5,5,5,39,8,57,57,6,63,120
09/07/2019,CYS,WY,ANM,WE,Federal Contract Tower,4,2,18,3,27,0,0,21,9,30,4,2,39,12,57,60,18,78,135
09/08/2019,CYS,WY,ANM,WE,Federal Contract Tower,5,0,14,1,20,0,0,3,0,3,5,0,17,1,23,48,21,69,92
09/09/2019,CYS,WY,ANM,WE,Federal Contract Tower,5,2,18,8,33,0,0,4,1,5,5,2,22,9,38,49,29,78,116
09/10/2019,CYS,WY,ANM,WE,Federal Contract Tower,4,2,19,12,37,0,0,7,0,7,4,2,26,12,44,25,52,77,121
09/11/2019,CYS,WY,ANM,WE,Federal Contract Tower,2,1,15,14,32,0,0,3,0,3,2,1,18,14,35,6,41,47,82
09/12/2019,CYS,WY,ANM,WE,Federal Contract Tower,5,3,21,11,40,0,0,9,0,9,5,3,30,11,49,32,98,130,179
09/13/2019,CYS,WY,ANM,WE,Federal Contract Tower,3,2,43,3,51,0,0,11,3,14,3,2,54,6,65,64,11,75,140
09/14/2019,CYS,WY,ANM,WE,Federal Contract Tower,4,2,14,0,20,0,0,19,0,19,4,2,33,0,39,78,16,94,133
09/15/2019,CYS,WY,ANM,WE,Federal Contract Tower,3,2,7,0,12,0,0,9,0,9,3,2,16,0,21,81,0,81,102
09/16/2019,CYS,WY,ANM,WE,Federal Contract Tower,3,4,19,7,33,0,0,2,0,2,3,4,21,7,35,52,19,71,106
09/17/2019,CYS,WY,ANM,WE,Federal Contract Tower,3,2,13,5,23,0,0,14,0,14,3,2,27,5,37,46,76,122,159
09/18/2019,CYS,WY,ANM,WE,Federal Contract Tower,3,2,19,4,28,0,0,16,0,16,3,2,35,4,44,47,9,56,100
09/19/2019,CYS,WY,ANM,WE,Federal Contract Tower,2,3,28,15,48,0,0,1,0,1,2,3,29,15,49,68,85,153,202
09/20/2019,CYS,WY,ANM,WE,Federal Contract Tower,4,4,27,1,36,2,0,1,2,5,6,4,28,3,41,110,49,159,200
09/21/2019,CYS,WY,ANM,WE,Federal Contract Tower,4,2,10,0,16,0,0,3,0,3,4,2,13,0,19,77,0,77,96
09/22/2019,CYS,WY,ANM,WE,Federal Contract Tower,3,0,18,0,21,0,0,8,0,8,3,0,26,0,29,78,9,87,116
09/23/2019,CYS,WY,ANM,WE,Federal Contract Tower,3,4,21,2,30,0,0,2,0,2,3,4,23,2,32,50,17,67,99
09/24/2019,CYS,WY,ANM,WE,Federal Contract Tower,3,4,8,8,23,0,0,9,3,12,3,4,17,11,35,14,10,24,59
09/25/2019,CYS,WY,ANM,WE,Federal Contract Tower,3,1,22,1,27,0,0,8,0,8,3,1,30,1,35,106,7,113,148
09/26/2019,CYS,WY,ANM,WE,Federal Contract Tower,3,2,28,1,34,0,0,9,1,10,3,2,37,2,44,75,13,88,132
09/27/2019,CYS,WY,ANM,WE,Federal Contract Tower,3,2,5,2,12,0,0,0,0,0,3,2,5,2,12,81,18,99,111
09/28/2019,CYS,WY,ANM,WE,Federal Contract Tower,4,2,9,2,17,0,0,0,0,0,4,2,9,2,17,29,34,63,80
09/29/2019,CYS,WY,ANM,WE,Federal Contract Tower,3,0,8,0,11,0,0,1,0,1,3,0,9,0,12,47,0,47,59
09/30/2019,CYS,WY,ANM,WE,Federal Contract Tower,3,2,20,2,27,0,0,0,0,0,3,2,20,2,27,9,4,13,40
10/01/2019,CYS,WY,ANM,WE,Federal Contract Tower,3,2,22,0,27,0,0,0,0,0,3,2,22,0,27,0,0,0,27
10/02/2019,CYS,WY,ANM,WE,Federal Contract Tower,2,2,22,8,34,0,0,1,0,1,2,2,23,8,35,20,42,62,97
10/03/2019,CYS,WY,ANM,WE,Federal Contract Tower,2,3,14,8,27,0,0,1,0,1,2,3,15,8,28,37,23,60,88
10/04/2019,CYS,WY,ANM,WE,Federal Contract Tower,2,2,27,12,43,0,0,0,0,0,2,2,27,12,43,89,117,206,249
10/05/2019,CYS,WY,ANM,WE,Federal Contract Tower,2,2,5,21,30,0,0,0,0,0,2,2,5,21,30,58,22,80,110
10/06/2019,CYS,WY,ANM,WE,Federal Contract Tower,2,0,2,9,13,0,0,7,0,7,2,0,9,9,20,56,8,64,84
10/07/2019,CYS,WY,ANM,WE,Federal Contract Tower,2,3,13,4,22,0,0,5,0,5,2,3,18,4,27,79,8,87,114
10/08/2019,CYS,WY,ANM,WE,Federal Contract Tower,2,2,20,23,47,0,0,12,4,16,2,2,32,27,63,12,34,46,109
10/09/2019,CYS,WY,ANM,WE,Federal Contract Tower,2,6,10,5,23,0,0,9,0,9,2,6,19,5,32,30,50,80,112
10/10/2019,CYS,WY,ANM,WE,Federal Contract Tower,0,2,8,1,11,0,0,0,0,0,0,2,8,1,11,0,0,0,11
10/11/2019,CYS,WY,ANM,WE,Federal Contract Tower,0,2,13,3,18,0,0,0,0,0,0,2,13,3,18,61,49,110,128
10/12/2019,CYS,WY,ANM,WE,Federal Contract Tower,2,2,15,0,19,0,0,0,0,0,2,2,15,0,19,74,0,74,93
10/13/2019,CYS,WY,ANM,WE,Federal Contract Tower,2,0,8,0,10,0,0,2,0,2,2,0,10,0,12,38,0,38,50
10/14/2019,CYS,WY,ANM,WE,Federal Contract Tower,2,4,13,0,19,0,0,11,0,11,2,4,24,0,30,32,0,32,62
10/15/2019,CYS,WY,ANM,WE,Federal Contract Tower,2,7,16,16,41,0,0,11,0,11,2,7,27,16,52,29,59,88,140
10/16/2019,CYS,WY,ANM,WE,Federal Contract Tower,2,4,8,6,20,0,0,4,0,4,2,4,12,6,24,33,31,64,88
10/17/2019,CYS,WY,ANM,WE,Federal Contract Tower,4,2,21,5,32,0,0,25,0,25,4,2,46,5,57,32,30,62,119
10/18/2019,CYS,WY,ANM,WE,Federal Contract Tower,4,2,20,5,31,0,1,9,7,17,4,3,29,12,48,19,26,45,93
10/19/2019,CYS,WY,ANM,WE,Federal Contract Tower,2,2,10,1,15,0,0,5,0,5,2,2,15,1,20,61,0,61,81
10/20/2019,CYS,WY,ANM,WE,Federal Contract Tower,2,0,1,0,3,0,0,3,0,3,2,0,4,0,6,1,0,1,7
10/21/2019,CYS,WY,ANM,WE,Federal Contract Tower,2,5,11,0,18,0,0,5,3,8,2,5,16,3,26,4,40,44,70
10/22/2019,CYS,WY,ANM,WE,Federal Contract Tower,2,2,12,0,16,0,0,9,2,11,2,2,21,2,27,65,14,79,106
10/23/2019,CYS,WY,ANM,WE,Federal Contract Tower,2,2,10,0,14,0,0,3,3,6,2,2,13,3,20,0,0,0,20
10/24/2019,CYS,WY,ANM,WE,Federal Contract Tower,1,2,16,1,20,0,0,8,0,8,1,2,24,1,28,44,19,63,91
10/25/2019,CYS,WY,ANM,WE,Federal Contract Tower,3,2,20,15,40,0,0,0,0,0,3,2,20,15,40,125,81,206,246
10/26/2019,CYS,WY,ANM,WE,Federal Contract Tower,2,2,5,0,9,0,0,0,0,0,2,2,5,0,9,65,1,66,75
10/27/2019,CYS,WY,ANM,WE,Federal Contract Tower,2,4,1,2,9,0,0,0,0,0,2,4,1,2,9,0,0,0,9
10/28/2019,CYS,WY,ANM,WE,Federal Contract Tower,2,2,5,3,12,0,0,0,0,0,2,2,5,3,12,26,40,66,78
10/30/2019,CYS,WY,ANM,WE,Federal Contract Tower,4,2,1,18,25,0,0,2,0,2,4,2,3,18,27,7,58,65,92
10/31/2019,CYS,WY,ANM,WE,Federal Contract Tower,2,4,14,3,23,0,0,2,0,2,2,4,16,3,25,36,36,72,97
11/01/2019,CYS,WY,ANM,WE,Federal Contract Tower,1,2,5,1,9,0,0,0,0,0,1,2,5,1,9,2,15,17,26
11/02/2019,CYS,WY,ANM,WE,Federal Contract Tower,2,2,13,0,17,0,0,0,0,0,2,2,13,0,17,56,7,63,80
11/03/2019,CYS,WY,ANM,WE,Federal Contract Tower,2,0,13,2,17,0,0,15,13,28,2,0,28,15,45,30,5,35,80
11/04/2019,CYS,WY,ANM,WE,Federal Contract Tower,2,4,10,10,26,0,0,0,0,0,2,4,10,10,26,26,46,72,98
11/05/2019,CYS,WY,ANM,WE,Federal Contract Tower,2,2,24,7,35,0,0,7,0,7,2,2,31,7,42,42,72,114,156
11/06/2019,CYS,WY,ANM,WE,Federal Contract Tower,2,2,16,2,22,0,0,0,0,0,2,2,16,2,22,22,0,22,44
11/07/2019,CYS,WY,ANM,WE,Federal Contract Tower,1,2,32,6,41,0,0,0,0,0,1,2,32,6,41,101,25,126,167
11/08/2019,CYS,WY,ANM,WE,Federal Contract Tower,4,2,11,4,21,0,0,0,0,0,4,2,11,4,21,67,25,92,113
11/09/2019,CYS,WY,ANM,WE,Federal Contract Tower,5,2,13,0,20,1,0,11,0,12,6,2,24,0,32,14,0,14,46
11/10/2019,CYS,WY,ANM,WE,Federal Contract Tower,2,4,13,0,19,0,0,2,0,2,2,4,15,0,21,97,0,97,118
11/11/2019,CYS,WY,ANM,WE,Federal Contract Tower,2,2,3,0,7,0,0,1,0,1,2,2,4,0,8,12,0,12,20
11/12/2019,CYS,WY,ANM,WE,Federal Contract Tower,4,2,20,10,36,0,0,0,0,0,4,2,20,10,36,40,82,122,158
11/13/2019,CYS,WY,ANM,WE,Federal Contract Tower,2,2,15,4,23,0,0,0,0,0,2,2,15,4,23,33,112,145,168
11/14/2019,CYS,WY,ANM,WE,Federal Contract Tower,2,2,26,6,36,0,0,0,0,0,2,2,26,6,36,83,5,88,124
11/15/2019,CYS,WY,ANM,WE,Federal Contract Tower,2,2,8,6,18,0,0,0,0,0,2,2,8,6,18,98,45,143,161
11/16/2019,CYS,WY,ANM,WE,Federal Contract Tower,2,2,3,0,7,0,0,2,0,2,2,2,5,0,9,86,17,103,112
11/17/2019,CYS,WY,ANM,WE,Federal Contract Tower,2,0,13,4,19,0,0,0,0,0,2,0,13,4,19,60,3,63,82
11/18/2019,CYS,WY,ANM,WE,Federal Contract Tower,2,2,10,7,21,0,0,3,0,3,2,2,13,7,24,46,12,58,82
11/19/2019,CYS,WY,ANM,WE,Federal Contract Tower,2,7,20,15,44,0,0,0,0,0,2,7,20,15,44,53,34,87,131
11/20/2019,CYS,WY,ANM,WE,Federal Contract Tower,2,3,4,0,9,0,0,0,0,0,2,3,4,0,9,12,17,29,38
11/21/2019,CYS,WY,ANM,WE,Federal Contract Tower,2,2,15,3,22,0,0,0,0,0,2,2,15,3,22,2,28,30,52
11/22/2019,CYS,WY,ANM,WE,Federal Contract Tower,2,2,10,4,18,0,0,0,2,2,2,2,10,6,20,33,0,33,53
11/23/2019,CYS,WY,ANM,WE,Federal Contract Tower,2,2,8,2,14,0,0,5,0,5,2,2,13,2,19,115,0,115,134
11/24/2019,CYS,WY,ANM,WE,Federal Contract Tower,2,0,4,1,7,0,0,4,0,4,2,0,8,1,11,4,0,4,15
11/25/2019,CYS,WY,ANM,WE,Federal Contract Tower,2,0,1,4,7,0,0,0,0,0,2,0,1,4,7,0,19,19,26
11/27/2019,CYS,WY,ANM,WE,Federal Contract Tower,0,0,0,0,0,0,0,0,0,0,0,0,0,0,0,0,0,0,0
11/28/2019,CYS,WY,ANM,WE,Federal Contract Tower,0,0,0,0,0,0,0,0,0,0,0,0,0,0,0,0,0,0,0
11/29/2019,CYS,WY,ANM,WE,Federal Contract Tower,0,0,0,0,0,0,0,0,0,0,0,0,0,0,0,0,0,0,0
12/01/2019,CYS,WY,ANM,WE,Federal Contract Tower,2,0,16,0,18,0,0,9,0,9,2,0,25,0,27,115,16,131,158
12/02/2019,CYS,WY,ANM,WE,Federal Contract Tower,2,2,15,4,23,0,0,0,0,0,2,2,15,4,23,83,32,115,138
12/03/2019,CYS,WY,ANM,WE,Federal Contract Tower,2,2,13,4,21,0,0,1,0,1,2,2,14,4,22,32,41,73,95
12/04/2019,CYS,WY,ANM,WE,Federal Contract Tower,2,4,23,6,35,0,0,0,0,0,2,4,23,6,35,124,74,198,233
12/05/2019,CYS,WY,ANM,WE,Federal Contract Tower,2,4,14,8,28,0,0,0,0,0,2,4,14,8,28,60,44,104,132
12/06/2019,CYS,WY,ANM,WE,Federal Contract Tower,2,2,6,15,25,0,0,12,9,21,2,2,18,24,46,44,50,94,140
12/07/2019,CYS,WY,ANM,WE,Federal Contract Tower,2,2,11,2,17,0,0,2,4,6,2,2,13,6,23,85,14,99,122
12/08/2019,CYS,WY,ANM,WE,Federal Contract Tower,2,0,13,1,16,0,0,4,0,4,2,0,17,1,20,56,7,63,83
12/09/2019,CYS,WY,ANM,WE,Federal Contract Tower,2,2,5,8,17,0,0,1,0,1,2,2,6,8,18,25,65,90,108
12/10/2019,CYS,WY,ANM,WE,Federal Contract Tower,2,4,23,3,32,0,0,1,2,3,2,4,24,5,35,53,40,93,128
12/11/2019,CYS,WY,ANM,WE,Federal Contract Tower,2,5,21,9,37,0,0,9,1,10,2,5,30,10,47,19,80,99,146
12/12/2019,CYS,WY,ANM,WE,Federal Contract Tower,2,5,26,10,43,0,0,16,3,19,2,5,42,13,62,6,58,64,126
12/13/2019,CYS,WY,ANM,WE,Federal Contract Tower,2,2,10,0,14,0,0,0,0,0,2,2,10,0,14,7,17,24,38
12/14/2019,CYS,WY,ANM,WE,Federal Contract Tower,2,2,1,0,5,0,0,0,2,2,2,2,1,2,7,0,0,0,7
12/15/2019,CYS,WY,ANM,WE,Federal Contract Tower,2,0,14,0,16,0,0,6,0,6,2,0,20,0,22,35,0,35,57
12/16/2019,CYS,WY,ANM,WE,Federal Contract Tower,2,2,27,8,39,0,0,14,0,14,2,2,41,8,53,40,11,51,104
12/17/2019,CYS,WY,ANM,WE,Federal Contract Tower,18,6,31,14,69,5,0,19,5,29,23,6,50,19,98,25,56,81,179
12/18/2019,CYS,WY,ANM,WE,Federal Contract Tower,2,2,30,2,36,0,0,2,0,2,2,2,32,2,38,22,18,40,78
12/19/2019,CYS,WY,ANM,WE,Federal Contract Tower,2,2,16,6,26,0,0,3,0,3,2,2,19,6,29,14,43,57,86
12/20/2019,CYS,WY,ANM,WE,Federal Contract Tower,2,2,10,0,14,0,0,0,0,0,2,2,10,0,14,81,22,103,117
12/21/2019,CYS,WY,ANM,WE,Federal Contract Tower,2,0,3,0,5,0,0,8,0,8,2,0,11,0,13,72,0,72,85
12/22/2019,CYS,WY,ANM,WE,Federal Contract Tower,2,0,8,0,10,0,0,7,0,7,2,0,15,0,17,53,0,53,70
12/23/2019,CYS,WY,ANM,WE,Federal Contract Tower,2,4,14,7,27,0,0,20,2,22,2,4,34,9,49,45,13,58,107
12/24/2019,CYS,WY,ANM,WE,Federal Contract Tower,2,2,10,0,14,0,0,10,0,10,2,2,20,0,24,60,0,60,84
12/25/2019,CYS,WY,ANM,WE,Federal Contract Tower,2,0,0,0,2,0,0,1,0,1,2,0,1,0,3,3,0,3,6
12/26/2019,CYS,WY,ANM,WE,Federal Contract Tower,2,1,13,0,16,0,0,4,0,4,2,1,17,0,20,37,8,45,65
12/27/2019,CYS,WY,ANM,WE,Federal Contract Tower,2,2,26,0,30,0,0,17,7,24,2,2,43,7,54,20,6,26,80
12/28/2019,CYS,WY,ANM,WE,Federal Contract Tower,0,0,3,0,3,0,0,0,0,0,0,0,3,0,3,0,0,0,3
12/29/2019,CYS,WY,ANM,WE,Federal Contract Tower,1,0,7,0,8,0,0,8,0,8,1,0,15,0,16,8,0,8,24
12/30/2019,CYS,WY,ANM,WE,Federal Contract Tower,2,4,9,4,19,0,0,22,0,22,2,4,31,4,41,17,32,49,90
12/31/2019,CYS,WY,ANM,WE,Federal Contract Tower,2,2,12,1,17,0,0,8,0,8,2,2,20,1,25,16,4,20,45
01/01/2020,CYS,WY,ANM,WE,Federal Contract Tower,2,0,6,0,8,0,0,0,0,0,2,0,6,0,8,8,0,8,16
01/02/2020,CYS,WY,ANM,WE,Federal Contract Tower,2,2,17,0,21,0,0,2,0,2,2,2,19,0,23,26,1,27,50
01/03/2020,CYS,WY,ANM,WE,Federal Contract Tower,3,3,7,1,14,0,0,4,0,4,3,3,11,1,18,37,24,61,79
01/04/2020,CYS,WY,ANM,WE,Federal Contract Tower,2,2,4,0,8,0,0,0,0,0,2,2,4,0,8,1,0,1,9
01/05/2020,CYS,WY,ANM,WE,Federal Contract Tower,2,1,14,0,17,0,0,11,0,11,2,1,25,0,28,37,0,37,65
01/06/2020,CYS,WY,ANM,WE,Federal Contract Tower,4,3,4,0,11,0,0,8,0,8,4,3,12,0,19,2,2,4,23
01/07/2020,CYS,WY,ANM,WE,Federal Contract Tower,2,4,13,6,25,0,0,0,0,0,2,4,13,6,25,11,60,71,96
01/08/2020,CYS,WY,ANM,WE,Federal Contract Tower,4,3,26,9,42,0,0,2,0,2,4,3,28,9,44,77,80,157,201
01/09/2020,CYS,WY,ANM,WE,Federal Contract Tower,4,5,19,7,35,0,0,4,0,4,4,5,23,7,39,20,35,55,94
01/10/2020,CYS,WY,ANM,WE,Federal Contract Tower,2,2,9,7,20,0,0,3,2,5,2,2,12,9,25,29,11,40,65
01/11/2020,CYS,WY,ANM,WE,Federal Contract Tower,2,2,2,0,6,0,0,0,0,0,2,2,2,0,6,61,10,71,77
01/12/2020,CYS,WY,ANM,WE,Federal Contract Tower,2,0,6,1,9,0,0,5,1,6,2,0,11,2,15,39,10,49,64
01/13/2020,CYS,WY,ANM,WE,Federal Contract Tower,2,2,11,7,22,0,0,0,0,0,2,2,11,7,22,20,39,59,81
01/14/2020,CYS,WY,ANM,WE,Federal Contract Tower,2,5,15,1,23,0,0,22,5,27,2,5,37,6,50,24,18,42,92
01/15/2020,CYS,WY,ANM,WE,Federal Contract Tower,2,8,13,6,29,0,0,4,0,4,2,8,17,6,33,21,24,45,78
01/16/2020,CYS,WY,ANM,WE,Federal Contract Tower,2,2,20,1,25,0,0,0,0,0,2,2,20,1,25,111,16,127,152
01/17/2020,CYS,WY,ANM,WE,Federal Contract Tower,2,2,12,3,19,0,0,3,2,5,2,2,15,5,24,44,7,51,75
01/18/2020,CYS,WY,ANM,WE,Federal Contract Tower,2,2,1,0,5,0,0,6,0,6,2,2,7,0,11,59,0,59,70
01/19/2020,CYS,WY,ANM,WE,Federal Contract Tower,2,0,8,0,10,0,0,8,0,8,2,0,16,0,18,81,0,81,99
01/20/2020,CYS,WY,ANM,WE,Federal Contract Tower,2,3,26,2,33,0,0,20,0,20,2,3,46,2,53,88,2,90,143
01/21/2020,CYS,WY,ANM,WE,Federal Contract Tower,2,3,18,4,27,0,0,2,1,3,2,3,20,5,30,125,93,218,248
01/22/2020,CYS,WY,ANM,WE,Federal Contract Tower,2,6,8,8,24,0,0,3,0,3,2,6,11,8,27,45,69,114,141
01/23/2020,CYS,WY,ANM,WE,Federal Contract Tower,2,2,15,2,21,0,0,1,0,1,2,2,16,2,22,79,102,181,203
01/24/2020,CYS,WY,ANM,WE,Federal Contract Tower,2,2,15,15,34,0,0,14,9,23,2,2,29,24,57,40,7,47,104
01/25/2020,CYS,WY,ANM,WE,Federal Contract Tower,2,2,17,15,36,0,0,0,0,0,2,2,17,15,36,66,17,83,119
01/26/2020,CYS,WY,ANM,WE,Federal Contract Tower,2,0,12,11,25,0,0,21,0,21,2,0,33,11,46,12,0,12,58
01/27/2020,CYS,WY,ANM,WE,Federal Contract Tower,2,2,12,9,25,0,0,3,3,6,2,2,15,12,31,20,20,40,71
01/28/2020,CYS,WY,ANM,WE,Federal Contract Tower,2,3,19,6,30,0,0,10,0,10,2,3,29,6,40,49,81,130,170
01/29/2020,CYS,WY,ANM,WE,Federal Contract Tower,2,6,11,9,28,0,0,0,0,0,2,6,11,9,28,20,48,68,96
01/30/2020,CYS,WY,ANM,WE,Federal Contract Tower,2,2,23,0,27,0,0,0,0,0,2,2,23,0,27,17,4,21,48
01/31/2020,CYS,WY,ANM,WE,Federal Contract Tower,2,2,8,1,13,0,0,0,0,0,2,2,8,1,13,46,6,52,65
02/01/2020,CYS,WY,ANM,WE,Federal Contract Tower,2,0,10,0,12,0,0,0,0,0,2,0,10,0,12,22,0,22,34
02/02/2020,CYS,WY,ANM,WE,Federal Contract Tower,2,0,14,1,17,0,0,8,0,8,2,0,22,1,25,44,0,44,69
02/03/2020,CYS,WY,ANM,WE,Federal Contract Tower,0,0,0,0,0,0,0,0,0,0,0,0,0,0,0,0,0,0,0
02/04/2020,CYS,WY,ANM,WE,Federal Contract Tower,0,0,0,0,0,0,0,0,40,40,0,0,0,40,40,0,0,0,40
02/05/2020,CYS,WY,ANM,WE,Federal Contract Tower,2,2,9,4,17,0,0,1,0,1,2,2,10,4,18,38,19,57,75
02/06/2020,CYS,WY,ANM,WE,Federal Contract Tower,2,2,17,3,24,0,0,0,0,0,2,2,17,3,24,3,3,6,30
02/07/2020,CYS,WY,ANM,WE,Federal Contract Tower,2,2,6,5,15,0,0,0,0,0,2,2,6,5,15,2,6,8,23
02/08/2020,CYS,WY,ANM,WE,Federal Contract Tower,2,2,9,2,15,0,0,16,0,16,2,2,25,2,31,5,3,8,39
02/09/2020,CYS,WY,ANM,WE,Federal Contract Tower,2,2,3,3,10,0,0,0,0,0,2,2,3,3,10,0,0,0,10
02/10/2020,CYS,WY,ANM,WE,Federal Contract Tower,2,2,10,10,24,0,0,7,14,21,2,2,17,24,45,24,66,90,135
02/11/2020,CYS,WY,ANM,WE,Federal Contract Tower,2,3,19,6,30,0,0,2,0,2,2,3,21,6,32,22,50,72,104
02/12/2020,CYS,WY,ANM,WE,Federal Contract Tower,2,1,9,2,14,0,0,2,6,8,2,1,11,8,22,0,22,22,44
02/13/2020,CYS,WY,ANM,WE,Federal Contract Tower,2,4,20,5,31,0,0,0,0,0,2,4,20,5,31,10,22,32,63
02/14/2020,CYS,WY,ANM,WE,Federal Contract Tower,2,2,2,0,6,0,0,2,0,2,2,2,4,0,8,56,9,65,73
02/15/2020,CYS,WY,ANM,WE,Federal Contract Tower,2,2,3,0,7,0,0,2,0,2,2,2,5,0,9,44,0,44,53
02/16/2020,CYS,WY,ANM,WE,Federal Contract Tower,2,2,13,0,17,0,0,9,0,9,2,2,22,0,26,21,0,21,47
02/17/2020,CYS,WY,ANM,WE,Federal Contract Tower,2,2,15,0,19,0,0,3,0,3,2,2,18,0,22,22,0,22,44
02/18/2020,CYS,WY,ANM,WE,Federal Contract Tower,2,2,34,5,43,0,0,8,2,10,2,2,42,7,53,133,57,190,243
02/19/2020,CYS,WY,ANM,WE,Federal Contract Tower,2,2,10,3,17,0,0,0,0,0,2,2,10,3,17,0,28,28,45
02/20/2020,CYS,WY,ANM,WE,Federal Contract Tower,2,2,30,7,41,0,0,26,1,27,2,2,56,8,68,104,33,137,205
02/21/2020,CYS,WY,ANM,WE,Federal Contract Tower,2,2,22,2,28,0,0,11,8,19,2,2,33,10,47,69,31,100,147
02/22/2020,CYS,WY,ANM,WE,Federal Contract Tower,2,2,13,0,17,0,0,10,0,10,2,2,23,0,27,35,0,35,62
02/23/2020,CYS,WY,ANM,WE,Federal Contract Tower,2,0,10,0,12,0,0,0,0,0,2,0,10,0,12,40,0,40,52
02/24/2020,CYS,WY,ANM,WE,Federal Contract Tower,4,6,6,0,16,0,0,1,0,1,4,6,7,0,17,40,4,44,61
02/25/2020,CYS,WY,ANM,WE,Federal Contract Tower,0,2,7,14,23,0,0,0,0,0,0,2,7,14,23,4,69,73,96
02/26/2020,CYS,WY,ANM,WE,Federal Contract Tower,2,1,11,6,20,0,0,4,0,4,2,1,15,6,24,46,79,125,149
02/27/2020,CYS,WY,ANM,WE,Federal Contract Tower,2,4,24,1,31,0,0,8,0,8,2,4,32,1,39,87,76,163,202
02/28/2020,CYS,WY,ANM,WE,Federal Contract Tower,2,1,19,7,29,0,0,1,4,5,2,1,20,11,34,120,8,128,162
02/29/2020,CYS,WY,ANM,WE,Federal Contract Tower,2,4,10,0,16,0,0,8,0,8,2,4,18,0,24,102,0,102,126
03/01/2020,CYS,WY,ANM,WE,Federal Contract Tower,2,1,2,0,5,0,0,0,0,0,2,1,2,0,5,0,7,7,12
03/02/2020,CYS,WY,ANM,WE,Federal Contract Tower,2,2,17,12,33,0,0,0,1,1,2,2,17,13,34,16,43,59,93
03/03/2020,CYS,WY,ANM,WE,Federal Contract Tower,2,2,10,1,15,0,0,3,0,3,2,2,13,1,18,29,28,57,75
03/04/2020,CYS,WY,ANM,WE,Federal Contract Tower,4,2,18,3,27,0,0,0,0,0,4,2,18,3,27,41,28,69,96
03/05/2020,CYS,WY,ANM,WE,Federal Contract Tower,0,5,31,2,38,0,0,20,1,21,0,5,51,3,59,123,32,155,214
03/06/2020,CYS,WY,ANM,WE,Federal Contract Tower,2,2,19,7,30,0,0,34,0,34,2,2,53,7,64,98,70,168,232
03/07/2020,CYS,WY,ANM,WE,Federal Contract Tower,3,2,21,4,30,0,0,0,0,0,3,2,21,4,30,106,31,137,167
03/08/2020,CYS,WY,ANM,WE,Federal Contract Tower,1,0,11,0,12,0,0,13,3,16,1,0,24,3,28,29,16,45,73
03/09/2020,CYS,WY,ANM,WE,Federal Contract Tower,1,2,20,10,33,0,0,0,0,0,1,2,20,10,33,39,18,57,90
03/10/2020,CYS,WY,ANM,WE,Federal Contract Tower,1,2,15,7,25,0,0,2,2,4,1,2,17,9,29,88,29,117,146
03/11/2020,CYS,WY,ANM,WE,Federal Contract Tower,2,2,14,6,24,0,0,6,0,6,2,2,20,6,30,10,88,98,128
03/12/2020,CYS,WY,ANM,WE,Federal Contract Tower,4,2,28,1,35,0,0,0,0,0,4,2,28,1,35,25,49,74,109
03/13/2020,CYS,WY,ANM,WE,Federal Contract Tower,1,1,5,0,7,0,0,0,0,0,1,1,5,0,7,1,0,1,8
03/14/2020,CYS,WY,ANM,WE,Federal Contract Tower,0,1,2,0,3,0,0,0,0,0,0,1,2,0,3,0,0,0,3
03/15/2020,CYS,WY,ANM,WE,Federal Contract Tower,0,0,5,0,5,0,0,0,0,0,0,0,5,0,5,11,0,11,16
03/16/2020,CYS,WY,ANM,WE,Federal Contract Tower,2,6,18,0,26,0,0,8,0,8,2,6,26,0,34,59,2,61,95
03/17/2020,CYS,WY,ANM,WE,Federal Contract Tower,2,2,8,2,14,0,0,0,0,0,2,2,8,2,14,1,7,8,22
03/18/2020,CYS,WY,ANM,WE,Federal Contract Tower,2,2,16,8,28,0,0,0,0,0,2,2,16,8,28,72,8,80,108
03/19/2020,CYS,WY,ANM,WE,Federal Contract Tower,1,0,0,0,1,0,0,0,0,0,1,0,0,0,1,0,0,0,1
03/20/2020,CYS,WY,ANM,WE,Federal Contract Tower,4,0,4,0,8,0,0,0,0,0,4,0,4,0,8,1,0,1,9
03/21/2020,CYS,WY,ANM,WE,Federal Contract Tower,1,9,9,0,19,0,0,22,0,22,1,9,31,0,41,82,2,84,125
03/22/2020,CYS,WY,ANM,WE,Federal Contract Tower,1,0,7,0,8,0,0,4,0,4,1,0,11,0,12,40,0,40,52
03/23/2020,CYS,WY,ANM,WE,Federal Contract Tower,2,2,18,3,25,0,0,1,0,1,2,2,19,3,26,77,54,131,157
03/24/2020,CYS,WY,ANM,WE,Federal Contract Tower,1,2,0,4,7,0,0,6,1,7,1,2,6,5,14,11,8,19,33
03/25/2020,CYS,WY,ANM,WE,Federal Contract Tower,2,2,7,8,19,0,0,2,0,2,2,2,9,8,21,18,41,59,80
03/26/2020,CYS,WY,ANM,WE,Federal Contract Tower,2,2,3,1,8,0,0,9,0,9,2,2,12,1,17,18,9,27,44
03/27/2020,CYS,WY,ANM,WE,Federal Contract Tower,2,2,1,0,5,0,0,0,0,0,2,2,1,0,5,0,0,0,5
03/28/2020,CYS,WY,ANM,WE,Federal Contract Tower,2,2,2,0,6,0,0,1,0,1,2,2,3,0,7,6,0,6,13
03/29/2020,CYS,WY,ANM,WE,Federal Contract Tower,1,0,11,0,12,0,0,3,0,3,1,0,14,0,15,41,0,41,56
03/30/2020,CYS,WY,ANM,WE,Federal Contract Tower,0,2,1,6,9,0,0,2,0,2,0,2,3,6,11,27,50,77,88
03/31/2020,CYS,WY,ANM,WE,Federal Contract Tower,2,2,4,3,11,0,0,0,0,0,2,2,4,3,11,25,19,44,55
04/01/2020,CYS,WY,ANM,WE,Federal Contract Tower,0,4,10,12,26,0,0,8,5,13,0,4,18,17,39,39,67,106,145
04/02/2020,CYS,WY,ANM,WE,Federal Contract Tower,0,2,0,0,2,0,0,0,1,1,0,2,0,1,3,0,29,29,32
04/03/2020,CYS,WY,ANM,WE,Federal Contract Tower,0,2,8,2,12,0,0,17,19,36,0,2,25,21,48,31,58,89,137
04/04/2020,CYS,WY,ANM,WE,Federal Contract Tower,0,1,2,5,8,0,0,6,0,6,0,1,8,5,14,20,0,20,34
04/05/2020,CYS,WY,ANM,WE,Federal Contract Tower,1,0,14,0,15,0,0,3,0,3,1,0,17,0,18,36,0,36,54
04/07/2020,CYS,WY,ANM,WE,Federal Contract Tower,0,2,7,4,13,0,0,0,0,0,0,2,7,4,13,87,27,114,127
04/08/2020,CYS,WY,ANM,WE,Federal Contract Tower,0,2,16,0,18,0,0,3,0,3,0,2,19,0,21,45,27,72,93
04/09/2020,CYS,WY,ANM,WE,Federal Contract Tower,0,2,13,2,17,0,0,0,0,0,0,2,13,2,17,55,23,78,95
04/10/2020,CYS,WY,ANM,WE,Federal Contract Tower,0,2,16,0,18,0,0,0,0,0,0,2,16,0,18,27,33,60,78
04/11/2020,CYS,WY,ANM,WE,Federal Contract Tower,0,2,8,0,10,0,0,3,1,4,0,2,11,1,14,4,18,22,36
04/12/2020,CYS,WY,ANM,WE,Federal Contract Tower,0,0,0,0,0,0,0,0,0,0,0,0,0,0,0,0,0,0,0
04/13/2020,CYS,WY,ANM,WE,Federal Contract Tower,0,2,3,7,12,0,0,0,0,0,0,2,3,7,12,1,4,5,17
04/14/2020,CYS,WY,ANM,WE,Federal Contract Tower,0,2,3,8,13,0,0,10,1,11,0,2,13,9,24,4,15,19,43
04/15/2020,CYS,WY,ANM,WE,Federal Contract Tower,0,4,5,5,14,0,0,3,0,3,0,4,8,5,17,16,12,28,45
04/16/2020,CYS,WY,ANM,WE,Federal Contract Tower,0,2,1,2,5,0,0,0,0,0,0,2,1,2,5,0,0,0,5
04/17/2020,CYS,WY,ANM,WE,Federal Contract Tower,0,2,2,3,7,0,0,0,0,0,0,2,2,3,7,19,22,41,48
04/18/2020,CYS,WY,ANM,WE,Federal Contract Tower,0,0,4,0,4,0,0,0,0,0,0,0,4,0,4,57,1,58,62
04/19/2020,CYS,WY,ANM,WE,Federal Contract Tower,0,0,2,0,2,0,0,0,0,0,0,0,2,0,2,63,0,63,65
04/20/2020,CYS,WY,ANM,WE,Federal Contract Tower,0,2,7,7,16,0,1,1,0,2,0,3,8,7,18,24,26,50,68
04/21/2020,CYS,WY,ANM,WE,Federal Contract Tower,0,2,9,6,17,0,0,1,0,1,0,2,10,6,18,84,38,122,140
04/22/2020,CYS,WY,ANM,WE,Federal Contract Tower,0,2,6,2,10,0,0,19,3,22,0,2,25,5,32,8,51,59,91
04/23/2020,CYS,WY,ANM,WE,Federal Contract Tower,0,2,3,3,8,0,0,4,0,4,0,2,7,3,12,6,24,30,42
04/24/2020,CYS,WY,ANM,WE,Federal Contract Tower,0,2,8,1,11,0,0,0,1,1,0,2,8,2,12,0,94,94,106
04/25/2020,CYS,WY,ANM,WE,Federal Contract Tower,0,2,8,0,10,0,0,19,1,20,0,2,27,1,30,37,10,47,77
04/26/2020,CYS,WY,ANM,WE,Federal Contract Tower,0,0,5,2,7,0,0,14,0,14,0,0,19,2,21,23,0,23,44
04/27/2020,CYS,WY,ANM,WE,Federal Contract Tower,0,2,17,6,25,0,0,10,0,10,0,2,27,6,35,49,52,101,136
04/28/2020,CYS,WY,ANM,WE,Federal Contract Tower,0,2,4,5,11,0,0,2,0,2,0,2,6,5,13,17,11,28,41
04/29/2020,CYS,WY,ANM,WE,Federal Contract Tower,0,4,6,15,25,0,0,28,0,28,0,4,34,15,53,46,28,74,127
04/30/2020,CYS,WY,ANM,WE,Federal Contract Tower,0,2,6,0,8,0,0,1,0,1,0,2,7,0,9,26,8,34,43
05/01/2020,CYS,WY,ANM,WE,Federal Contract Tower,0,2,6,0,8,0,0,4,0,4,0,2,10,0,12,30,10,40,52
05/02/2020,CYS,WY,ANM,WE,Federal Contract Tower,0,2,6,0,8,0,0,0,0,0,0,2,6,0,8,1,0,1,9
05/03/2020,CYS,WY,ANM,WE,Federal Contract Tower,0,0,0,0,0,0,0,0,0,0,0,0,0,0,0,40,0,40,40
05/04/2020,CYS,WY,ANM,WE,Federal Contract Tower,0,2,7,8,17,0,0,0,0,0,0,2,7,8,17,7,74,81,98
05/05/2020,CYS,WY,ANM,WE,Federal Contract Tower,0,2,16,3,21,0,0,0,0,0,0,2,16,3,21,55,44,99,120
05/06/2020,CYS,WY,ANM,WE,Federal Contract Tower,0,2,13,0,15,0,0,0,0,0,0,2,13,0,15,45,13,58,73
05/07/2020,CYS,WY,ANM,WE,Federal Contract Tower,0,2,7,1,10,0,0,13,4,17,0,2,20,5,27,0,5,5,32
05/08/2020,CYS,WY,ANM,WE,Federal Contract Tower,0,4,15,1,20,0,0,32,0,32,0,4,47,1,52,74,5,79,131
05/09/2020,CYS,WY,ANM,WE,Federal Contract Tower,0,0,1,0,1,0,0,0,0,0,0,0,1,0,1,2,0,2,3
05/10/2020,CYS,WY,ANM,WE,Federal Contract Tower,0,0,12,0,12,0,0,21,1,22,0,0,33,1,34,65,0,65,99
05/11/2020,CYS,WY,ANM,WE,Federal Contract Tower,0,2,9,1,12,0,0,4,0,4,0,2,13,1,16,1,62,63,79
05/12/2020,CYS,WY,ANM,WE,Federal Contract Tower,0,2,16,5,23,0,0,0,0,0,0,2,16,5,23,5,12,17,40
05/13/2020,CYS,WY,ANM,WE,Federal Contract Tower,0,2,10,5,17,6,1,10,0,17,6,3,20,5,34,40,21,61,95
05/14/2020,CYS,WY,ANM,WE,Federal Contract Tower,0,4,15,6,25,0,0,0,2,2,0,4,15,8,27,46,55,101,128
05/15/2020,CYS,WY,ANM,WE,Federal Contract Tower,0,1,12,0,13,0,0,19,0,19,0,1,31,0,32,10,6,16,48
05/16/2020,CYS,WY,ANM,WE,Federal Contract Tower,0,2,6,0,8,0,0,19,0,19,0,2,25,0,27,26,12,38,65
05/17/2020,CYS,WY,ANM,WE,Federal Contract Tower,0,0,7,0,7,0,0,17,0,17,0,0,24,0,24,31,0,31,55
05/18/2020,CYS,WY,ANM,WE,Federal Contract Tower,0,2,6,2,10,0,0,6,0,6,0,2,12,2,16,21,42,63,79
05/19/2020,CYS,WY,ANM,WE,Federal Contract Tower,0,2,7,2,11,0,0,4,0,4,0,2,11,2,15,34,9,43,58
05/20/2020,CYS,WY,ANM,WE,Federal Contract Tower,0,2,9,3,14,0,0,0,0,0,0,2,9,3,14,25,14,39,53
05/21/2020,CYS,WY,ANM,WE,Federal Contract Tower,0,2,16,4,22,0,0,2,0,2,0,2,18,4,24,43,3,46,70
05/22/2020,CYS,WY,ANM,WE,Federal Contract Tower,0,2,7,2,11,0,0,29,1,30,0,2,36,3,41,58,31,89,130
05/23/2020,CYS,WY,ANM,WE,Federal Contract Tower,0,2,9,0,11,0,0,15,0,15,0,2,24,0,26,26,0,26,52
05/24/2020,CYS,WY,ANM,WE,Federal Contract Tower,0,0,2,0,2,0,0,4,0,4,0,0,6,0,6,2,0,2,8
05/25/2020,CYS,WY,ANM,WE,Federal Contract Tower,0,0,5,5,10,0,0,26,0,26,0,0,31,5,36,46,71,117,153
05/26/2020,CYS,WY,ANM,WE,Federal Contract Tower,0,2,9,4,15,0,0,26,7,33,0,2,35,11,48,57,44,101,149
05/27/2020,CYS,WY,ANM,WE,Federal Contract Tower,0,2,13,4,19,0,0,2,2,4,0,2,15,6,23,27,11,38,61
05/28/2020,CYS,WY,ANM,WE,Federal Contract Tower,0,4,29,21,54,0,0,1,0,1,0,4,30,21,55,31,45,76,131
05/29/2020,CYS,WY,ANM,WE,Federal Contract Tower,0,4,10,0,14,0,0,9,0,9,0,4,19,0,23,67,24,91,114
05/30/2020,CYS,WY,ANM,WE,Federal Contract Tower,0,0,20,0,20,0,0,33,0,33,0,0,53,0,53,66,2,68,121
05/31/2020,CYS,WY,ANM,WE,Federal Contract Tower,0,0,2,1,3,0,0,24,0,24,0,0,26,1,27,6,8,14,41
06/01/2020,CYS,WY,ANM,WE,Federal Contract Tower,0,2,21,2,25,0,0,7,0,7,0,2,28,2,32,22,52,74,106
06/02/2020,CYS,WY,ANM,WE,Federal Contract Tower,0,2,4,3,9,0,0,6,3,9,0,2,10,6,18,20,8,28,46
06/03/2020,CYS,WY,ANM,WE,Federal Contract Tower,0,2,15,2,19,0,0,0,0,0,0,2,15,2,19,7,3,10,29
06/04/2020,CYS,WY,ANM,WE,Federal Contract Tower,0,2,18,0,20,0,0,11,0,11,0,2,29,0,31,44,5,49,80
06/05/2020,CYS,WY,ANM,WE,Federal Contract Tower,0,2,14,0,16,0,0,0,0,0,0,2,14,0,16,37,27,64,80
06/06/2020,CYS,WY,ANM,WE,Federal Contract Tower,0,8,7,0,15,0,0,5,0,5,0,8,12,0,20,0,0,0,20
06/07/2020,CYS,WY,ANM,WE,Federal Contract Tower,0,0,26,1,27,0,0,16,0,16,0,0,42,1,43,26,0,26,69
06/08/2020,CYS,WY,ANM,WE,Federal Contract Tower,0,2,12,1,15,0,0,7,0,7,0,2,19,1,22,28,24,52,74
06/09/2020,CYS,WY,ANM,WE,Federal Contract Tower,0,2,12,4,18,0,0,0,0,0,0,2,12,4,18,19,7,26,44
06/10/2020,CYS,WY,ANM,WE,Federal Contract Tower,0,2,28,6,36,0,0,5,0,5,0,2,33,6,41,66,84,150,191
06/11/2020,CYS,WY,ANM,WE,Federal Contract Tower,0,4,34,5,43,0,0,18,0,18,0,4,52,5,61,88,51,139,200
06/12/2020,CYS,WY,ANM,WE,Federal Contract Tower,0,2,31,5,38,0,0,20,0,20,0,2,51,5,58,49,60,109,167
06/13/2020,CYS,WY,ANM,WE,Federal Contract Tower,0,0,23,0,23,0,0,5,0,5,0,0,28,0,28,10,0,10,38
06/14/2020,CYS,WY,ANM,WE,Federal Contract Tower,0,0,3,0,3,0,0,10,0,10,0,0,13,0,13,34,5,39,52
06/15/2020,CYS,WY,ANM,WE,Federal Contract Tower,0,2,11,0,13,0,0,8,0,8,0,2,19,0,21,19,11,30,51
06/16/2020,CYS,WY,ANM,WE,Federal Contract Tower,0,3,11,3,17,0,0,0,0,0,0,3,11,3,17,23,19,42,59
06/17/2020,CYS,WY,ANM,WE,Federal Contract Tower,0,6,22,2,30,0,0,20,0,20,0,6,42,2,50,40,34,74,124
06/18/2020,CYS,WY,ANM,WE,Federal Contract Tower,0,2,11,2,15,0,0,12,0,12,0,2,23,2,27,19,50,69,96
06/19/2020,CYS,WY,ANM,WE,Federal Contract Tower,0,4,13,3,20,0,0,0,0,0,0,4,13,3,20,13,16,29,49
06/20/2020,CYS,WY,ANM,WE,Federal Contract Tower,0,2,22,0,24,0,0,13,0,13,0,2,35,0,37,102,0,102,139
06/21/2020,CYS,WY,ANM,WE,Federal Contract Tower,0,0,7,0,7,0,0,0,0,0,0,0,7,0,7,11,0,11,18
06/22/2020,CYS,WY,ANM,WE,Federal Contract Tower,0,1,28,1,30,0,0,9,2,11,0,1,37,3,41,43,16,59,100
06/23/2020,CYS,WY,ANM,WE,Federal Contract Tower,0,4,18,5,27,0,1,9,0,10,0,5,27,5,37,58,41,99,136
06/24/2020,CYS,WY,ANM,WE,Federal Contract Tower,0,2,27,8,37,0,0,11,0,11,0,2,38,8,48,42,60,102,150
06/25/2020,CYS,WY,ANM,WE,Federal Contract Tower,0,2,17,4,23,0,0,5,0,5,0,2,22,4,28,44,59,103,131
06/26/2020,CYS,WY,ANM,WE,Federal Contract Tower,0,2,22,2,26,0,0,2,0,2,0,2,24,2,28,72,23,95,123
06/27/2020,CYS,WY,ANM,WE,Federal Contract Tower,0,2,15,0,17,0,0,0,0,0,0,2,15,0,17,73,2,75,92
06/28/2020,CYS,WY,ANM,WE,Federal Contract Tower,0,0,9,0,9,0,0,0,0,0,0,0,9,0,9,10,0,10,19
06/29/2020,CYS,WY,ANM,WE,Federal Contract Tower,2,2,14,5,23,0,0,16,0,16,2,2,30,5,39,63,75,138,177
06/30/2020,CYS,WY,ANM,WE,Federal Contract Tower,0,2,11,7,20,0,0,0,0,0,0,2,11,7,20,10,20,30,50
07/01/2020,CYS,WY,ANM,WE,Federal Contract Tower,0,2,22,4,28,0,0,5,0,5,0,2,27,4,33,69,50,119,152
07/02/2020,CYS,WY,ANM,WE,Federal Contract Tower,0,4,13,3,20,0,0,11,0,11,0,4,24,3,31,48,88,136,167
07/03/2020,CYS,WY,ANM,WE,Federal Contract Tower,0,0,20,0,20,0,0,6,0,6,0,0,26,0,26,66,31,97,123
07/04/2020,CYS,WY,ANM,WE,Federal Contract Tower,2,0,10,2,14,0,0,0,0,0,2,0,10,2,14,58,2,60,74
07/05/2020,CYS,WY,ANM,WE,Federal Contract Tower,0,0,10,0,10,0,0,0,0,0,0,0,10,0,10,42,0,42,52
07/06/2020,CYS,WY,ANM,WE,Federal Contract Tower,0,2,11,1,14,0,0,13,0,13,0,2,24,1,27,34,5,39,66
07/07/2020,CYS,WY,ANM,WE,Federal Contract Tower,0,2,19,2,23,0,0,3,0,3,0,2,22,2,26,34,23,57,83
07/08/2020,CYS,WY,ANM,WE,Federal Contract Tower,0,4,16,7,27,0,0,22,0,22,0,4,38,7,49,40,50,90,139
07/09/2020,CYS,WY,ANM,WE,Federal Contract Tower,0,6,13,4,23,0,0,6,0,6,0,6,19,4,29,60,120,180,209
07/10/2020,CYS,WY,ANM,WE,Federal Contract Tower,0,2,14,6,22,0,0,23,1,24,0,2,37,7,46,23,12,35,81
07/11/2020,CYS,WY,ANM,WE,Federal Contract Tower,2,0,10,0,12,0,0,46,2,48,2,0,56,2,60,48,0,48,108
07/12/2020,CYS,WY,ANM,WE,Federal Contract Tower,0,0,16,3,19,0,0,11,0,11,0,0,27,3,30,21,9,30,60
07/13/2020,CYS,WY,ANM,WE,Federal Contract Tower,0,2,14,3,19,0,2,0,0,2,0,4,14,3,21,14,31,45,66
07/14/2020,CYS,WY,ANM,WE,Federal Contract Tower,0,2,19,8,29,0,0,0,0,0,0,2,19,8,29,14,35,49,78
07/15/2020,CYS,WY,ANM,WE,Federal Contract Tower,0,2,26,1,29,0,0,0,0,0,0,2,26,1,29,1,5,6,35
07/16/2020,CYS,WY,ANM,WE,Federal Contract Tower,0,3,10,1,14,0,0,12,1,13,0,3,22,2,27,64,56,120,147
07/17/2020,CYS,WY,ANM,WE,Federal Contract Tower,0,2,10,3,15,0,0,10,0,10,0,2,20,3,25,23,46,69,94
07/18/2020,CYS,WY,ANM,WE,Federal Contract Tower,0,2,7,1,10,0,0,0,0,0,0,2,7,1,10,44,0,44,54
07/19/2020,CYS,WY,ANM,WE,Federal Contract Tower,0,1,16,0,17,0,0,5,0,5,0,1,21,0,22,16,2,18,40
07/20/2020,CYS,WY,ANM,WE,Federal Contract Tower,0,2,10,5,17,0,0,6,2,8,0,2,16,7,25,31,32,63,88
07/21/2020,CYS,WY,ANM,WE,Federal Contract Tower,0,2,8,3,13,0,0,1,0,1,0,2,9,3,14,28,27,55,69
07/22/2020,CYS,WY,ANM,WE,Federal Contract Tower,0,2,13,4,19,0,0,12,4,16,0,2,25,8,35,183,61,244,279
07/23/2020,CYS,WY,ANM,WE,Federal Contract Tower,0,1,16,1,18,0,0,11,0,11,0,1,27,1,29,69,35,104,133
07/24/2020,CYS,WY,ANM,WE,Federal Contract Tower,0,2,13,1,16,0,0,0,4,4,0,2,13,5,20,94,10,104,124
07/25/2020,CYS,WY,ANM,WE,Federal Contract Tower,0,0,0,0,0,0,0,0,0,0,0,0,0,0,0,128,4,132,132
07/26/2020,CYS,WY,ANM,WE,Federal Contract Tower,0,0,0,0,0,0,0,0,0,0,0,0,0,0,0,69,0,69,69
07/27/2020,CYS,WY,ANM,WE,Federal Contract Tower,0,4,17,6,27,0,0,10,0,10,0,4,27,6,37,65,61,126,163
07/28/2020,CYS,WY,ANM,WE,Federal Contract Tower,0,2,15,12,29,0,0,9,0,9,0,2,24,12,38,49,48,97,135
07/29/2020,CYS,WY,ANM,WE,Federal Contract Tower,0,2,18,7,27,0,0,18,0,18,0,2,36,7,45,87,95,182,227
07/30/2020,CYS,WY,ANM,WE,Federal Contract Tower,0,4,17,8,29,0,0,0,0,0,0,4,17,8,29,37,46,83,112
07/31/2020,CYS,WY,ANM,WE,Federal Contract Tower,0,2,18,17,37,0,1,7,2,10,0,3,25,19,47,88,28,116,163
08/01/2020,CYS,WY,ANM,WE,Federal Contract Tower,0,0,0,0,0,0,0,0,0,0,0,0,0,0,0,92,13,105,105
08/02/2020,CYS,WY,ANM,WE,Federal Contract Tower,0,0,8,5,13,0,0,23,1,24,0,0,31,6,37,30,2,32,69
08/03/2020,CYS,WY,ANM,WE,Federal Contract Tower,0,4,23,2,29,0,0,12,3,15,0,4,35,5,44,32,23,55,99
08/04/2020,CYS,WY,ANM,WE,Federal Contract Tower,0,2,23,5,30,0,0,0,0,0,0,2,23,5,30,37,103,140,170
08/05/2020,CYS,WY,ANM,WE,Federal Contract Tower,0,2,11,5,18,0,0,4,0,4,0,2,15,5,22,118,52,170,192
08/06/2020,CYS,WY,ANM,WE,Federal Contract Tower,0,0,0,0,0,0,0,0,0,0,0,0,0,0,0,25,44,69,69
08/07/2020,CYS,WY,ANM,WE,Federal Contract Tower,0,0,0,0,0,0,0,0,0,0,0,0,0,0,0,63,58,121,121
08/08/2020,CYS,WY,ANM,WE,Federal Contract Tower,0,2,17,0,19,0,0,1,0,1,0,2,18,0,20,100,1,101,121
08/09/2020,CYS,WY,ANM,WE,Federal Contract Tower,0,0,0,0,0,0,0,0,0,0,0,0,0,0,0,52,20,72,72
08/10/2020,CYS,WY,ANM,WE,Federal Contract Tower,0,2,26,4,32,0,0,2,0,2,0,2,28,4,34,56,49,105,139
08/11/2020,CYS,WY,ANM,WE,Federal Contract Tower,0,2,10,2,14,0,0,26,29,55,0,2,36,31,69,84,93,177,246
08/12/2020,CYS,WY,ANM,WE,Federal Contract Tower,2,4,18,8,32,0,0,0,0,0,2,4,18,8,32,19,39,58,90
08/13/2020,CYS,WY,ANM,WE,Federal Contract Tower,0,2,18,2,22,0,0,18,0,18,0,2,36,2,40,89,28,117,157
08/14/2020,CYS,WY,ANM,WE,Federal Contract Tower,0,4,23,3,30,0,0,10,0,10,0,4,33,3,40,23,27,50,90
08/15/2020,CYS,WY,ANM,WE,Federal Contract Tower,0,0,0,0,0,0,0,11,0,11,0,0,11,0,11,71,49,120,131
08/16/2020,CYS,WY,ANM,WE,Federal Contract Tower,0,0,0,0,0,0,0,0,0,0,0,0,0,0,0,53,0,53,53
08/17/2020,CYS,WY,ANM,WE,Federal Contract Tower,0,3,11,5,19,0,0,0,0,0,0,3,11,5,19,36,47,83,102
08/18/2020,CYS,WY,ANM,WE,Federal Contract Tower,0,3,14,6,23,0,1,1,0,2,0,4,15,6,25,56,31,87,112
08/19/2020,CYS,WY,ANM,WE,Federal Contract Tower,0,0,6,11,17,0,0,0,0,0,0,0,6,11,17,38,17,55,72
08/20/2020,CYS,WY,ANM,WE,Federal Contract Tower,0,6,20,11,37,0,0,11,0,11,0,6,31,11,48,76,71,147,195
08/21/2020,CYS,WY,ANM,WE,Federal Contract Tower,0,2,12,30,44,0,0,6,21,27,0,2,18,51,71,71,89,160,231
08/22/2020,CYS,WY,ANM,WE,Federal Contract Tower,0,1,19,8,28,0,0,17,10,27,0,1,36,18,55,6,1,7,62
08/23/2020,CYS,WY,ANM,WE,Federal Contract Tower,0,2,9,11,22,0,0,0,0,0,0,2,9,11,22,25,23,48,70
08/24/2020,CYS,WY,ANM,WE,Federal Contract Tower,0,2,21,7,30,0,0,0,0,0,0,2,21,7,30,54,28,82,112
08/25/2020,CYS,WY,ANM,WE,Federal Contract Tower,0,2,17,5,24,0,0,0,0,0,0,2,17,5,24,107,127,234,258
08/26/2020,CYS,WY,ANM,WE,Federal Contract Tower,4,2,19,4,29,0,0,5,1,6,4,2,24,5,35,76,17,93,128
08/27/2020,CYS,WY,ANM,WE,Federal Contract Tower,0,2,11,0,13,0,0,19,0,19,0,2,30,0,32,62,30,92,124
08/28/2020,CYS,WY,ANM,WE,Federal Contract Tower,0,6,19,7,32,0,0,0,13,13,0,6,19,20,45,20,8,28,73
08/29/2020,CYS,WY,ANM,WE,Federal Contract Tower,0,2,9,1,12,0,0,0,0,0,0,2,9,1,12,57,1,58,70
08/30/2020,CYS,WY,ANM,WE,Federal Contract Tower,0,0,0,0,0,0,0,1,0,1,0,0,1,0,1,7,32,39,40
08/31/2020,CYS,WY,ANM,WE,Federal Contract Tower,0,6,14,2,22,0,1,1,0,2,0,7,15,2,24,66,15,81,105
09/01/2020,CYS,WY,ANM,WE,Federal Contract Tower,0,1,12,4,17,0,0,0,9,9,0,1,12,13,26,35,25,60,86
09/02/2020,CYS,WY,ANM,WE,Federal Contract Tower,0,2,8,4,14,0,0,7,0,7,0,2,15,4,21,63,18,81,102
09/03/2020,CYS,WY,ANM,WE,Federal Contract Tower,0,2,14,5,21,0,0,0,0,0,0,2,14,5,21,46,33,79,100
09/04/2020,CYS,WY,ANM,WE,Federal Contract Tower,0,0,0,0,0,0,0,0,0,0,0,0,0,0,0,24,2,26,26
09/05/2020,CYS,WY,ANM,WE,Federal Contract Tower,0,0,13,0,13,0,0,4,0,4,0,0,17,0,17,55,0,55,72
09/06/2020,CYS,WY,ANM,WE,Federal Contract Tower,0,0,0,0,0,0,0,0,0,0,0,0,0,0,0,45,0,45,45
09/07/2020,CYS,WY,ANM,WE,Federal Contract Tower,0,0,0,0,0,0,0,0,0,0,0,0,0,0,0,36,0,36,36
09/08/2020,CYS,WY,ANM,WE,Federal Contract Tower,0,2,3,0,5,0,0,0,0,0,0,2,3,0,5,0,0,0,5
09/09/2020,CYS,WY,ANM,WE,Federal Contract Tower,0,2,4,3,9,0,0,1,0,1,0,2,5,3,10,38,28,66,76
09/10/2020,CYS,WY,ANM,WE,Federal Contract Tower,0,2,17,1,20,0,0,5,0,5,0,2,22,1,25,32,63,95,120
09/11/2020,CYS,WY,ANM,WE,Federal Contract Tower,0,2,16,3,21,0,0,4,0,4,0,2,20,3,25,51,34,85,110
09/12/2020,CYS,WY,ANM,WE,Federal Contract Tower,0,2,9,0,11,0,0,66,16,82,0,2,75,16,93,28,18,46,139
09/13/2020,CYS,WY,ANM,WE,Federal Contract Tower,0,0,2,19,21,0,0,0,0,0,0,0,2,19,21,77,13,90,111
09/14/2020,CYS,WY,ANM,WE,Federal Contract Tower,0,2,14,0,16,0,0,23,15,38,0,2,37,15,54,17,30,47,101
09/15/2020,CYS,WY,ANM,WE,Federal Contract Tower,0,4,9,1,14,0,0,3,0,3,0,4,12,1,17,55,11,66,83
09/16/2020,CYS,WY,ANM,WE,Federal Contract Tower,0,0,2,0,2,0,0,5,0,5,0,0,7,0,7,5,21,26,33
09/17/2020,CYS,WY,ANM,WE,Federal Contract Tower,0,2,11,8,21,0,0,5,0,5,0,2,16,8,26,71,68,139,165
09/18/2020,CYS,WY,ANM,WE,Federal Contract Tower,0,0,2,0,2,0,0,4,0,4,0,0,6,0,6,4,3,7,13
09/19/2020,CYS,WY,ANM,WE,Federal Contract Tower,0,0,1,0,1,0,0,3,0,3,0,0,4,0,4,0,0,0,4
09/20/2020,CYS,WY,ANM,WE,Federal Contract Tower,0,0,11,1,12,0,0,0,1,1,0,0,11,2,13,45,4,49,62
09/21/2020,CYS,WY,ANM,WE,Federal Contract Tower,0,0,0,3,3,0,0,2,0,2,0,0,2,3,5,11,86,97,102
09/22/2020,CYS,WY,ANM,WE,Federal Contract Tower,0,1,9,0,10,0,0,4,0,4,0,1,13,0,14,54,25,79,93
09/23/2020,CYS,WY,ANM,WE,Federal Contract Tower,0,2,15,2,19,0,0,0,0,0,0,2,15,2,19,49,11,60,79
09/24/2020,CYS,WY,ANM,WE,Federal Contract Tower,0,10,13,3,26,0,0,1,1,2,0,10,14,4,28,62,65,127,155
09/25/2020,CYS,WY,ANM,WE,Federal Contract Tower,2,6,11,3,22,0,0,35,3,38,2,6,46,6,60,35,12,47,107
09/26/2020,CYS,WY,ANM,WE,Federal Contract Tower,0,0,7,0,7,0,0,0,0,0,0,0,7,0,7,9,0,9,16
09/27/2020,CYS,WY,ANM,WE,Federal Contract Tower,0,0,13,0,13,0,0,0,0,0,0,0,13,0,13,10,0,10,23
09/28/2020,CYS,WY,ANM,WE,Federal Contract Tower,0,1,14,2,17,0,0,0,0,0,0,1,14,2,17,36,7,43,60
09/29/2020,CYS,WY,ANM,WE,Federal Contract Tower,0,4,9,2,15,0,0,5,0,5,0,4,14,2,20,64,31,95,115
09/30/2020,CYS,WY,ANM,WE,Federal Contract Tower,0,2,20,2,24,0,0,0,0,0,0,2,20,2,24,42,7,49,73
10/01/2020,CYS,WY,ANM,WE,Federal Contract Tower,0,2,5,2,9,0,0,5,0,5,0,2,10,2,14,69,75,144,158
10/02/2020,CYS,WY,ANM,WE,Federal Contract Tower,0,3,8,4,15,0,1,4,2,7,0,4,12,6,22,12,45,57,79
10/03/2020,CYS,WY,ANM,WE,Federal Contract Tower,0,0,15,0,15,0,0,0,0,0,0,0,15,0,15,47,0,47,62
10/04/2020,CYS,WY,ANM,WE,Federal Contract Tower,0,0,11,0,11,0,0,3,3,6,0,0,14,3,17,18,0,18,35
10/05/2020,CYS,WY,ANM,WE,Federal Contract Tower,0,2,13,4,19,0,0,0,0,0,0,2,13,4,19,34,56,90,109
10/06/2020,CYS,WY,ANM,WE,Federal Contract Tower,0,6,12,6,24,0,0,0,0,0,0,6,12,6,24,14,26,40,64
10/07/2020,CYS,WY,ANM,WE,Federal Contract Tower,0,3,12,0,15,0,0,1,0,1,0,3,13,0,16,47,28,75,91
10/08/2020,CYS,WY,ANM,WE,Federal Contract Tower,0,4,20,6,30,0,0,12,2,14,0,4,32,8,44,26,31,57,101
10/09/2020,CYS,WY,ANM,WE,Federal Contract Tower,0,0,0,0,0,0,0,0,0,0,0,0,0,0,0,46,20,66,66
10/10/2020,CYS,WY,ANM,WE,Federal Contract Tower,0,2,4,0,6,0,0,1,0,1,0,2,5,0,7,55,1,56,63
10/11/2020,CYS,WY,ANM,WE,Federal Contract Tower,0,0,0,0,0,2,0,14,1,17,2,0,14,1,17,3,0,3,20
10/12/2020,CYS,WY,ANM,WE,Federal Contract Tower,0,2,11,0,13,0,0,0,6,6,0,2,11,6,19,3,3,6,25
10/13/2020,CYS,WY,ANM,WE,Federal Contract Tower,0,4,24,6,34,0,0,1,0,1,0,4,25,6,35,27,35,62,97
10/14/2020,CYS,WY,ANM,WE,Federal Contract Tower,0,2,4,4,10,0,0,0,0,0,0,2,4,4,10,17,6,23,33
10/15/2020,CYS,WY,ANM,WE,Federal Contract Tower,0,4,24,9,37,0,0,5,0,5,0,4,29,9,42,127,105,232,274
10/16/2020,CYS,WY,ANM,WE,Federal Contract Tower,2,14,4,0,20,0,0,0,0,0,2,14,4,0,20,1,46,47,67
10/17/2020,CYS,WY,ANM,WE,Federal Contract Tower,0,2,7,1,10,0,0,0,17,17,0,2,7,18,27,0,7,7,34
10/18/2020,CYS,WY,ANM,WE,Federal Contract Tower,0,0,4,1,5,0,0,0,0,0,0,0,4,1,5,0,0,0,5
10/19/2020,CYS,WY,ANM,WE,Federal Contract Tower,0,5,28,1,34,0,0,1,0,1,0,5,29,1,35,19,23,42,77
10/20/2020,CYS,WY,ANM,WE,Federal Contract Tower,0,3,24,7,34,0,0,0,0,0,0,3,24,7,34,13,36,49,83
10/21/2020,CYS,WY,ANM,WE,Federal Contract Tower,0,1,24,10,35,0,0,12,0,12,0,1,36,10,47,101,93,194,241
10/22/2020,CYS,WY,ANM,WE,Federal Contract Tower,0,4,12,4,20,0,0,0,0,0,0,4,12,4,20,0,14,14,34
10/23/2020,CYS,WY,ANM,WE,Federal Contract Tower,0,3,23,0,26,0,0,0,0,0,0,3,23,0,26,33,12,45,71
10/24/2020,CYS,WY,ANM,WE,Federal Contract Tower,0,2,14,0,16,0,0,6,0,6,0,2,20,0,22,85,4,89,111
10/25/2020,CYS,WY,ANM,WE,Federal Contract Tower,0,0,0,0,0,0,0,0,0,0,0,0,0,0,0,0,0,0,0
10/26/2020,CYS,WY,ANM,WE,Federal Contract Tower,0,3,15,7,25,0,0,2,0,2,0,3,17,7,27,3,7,10,37
10/27/2020,CYS,WY,ANM,WE,Federal Contract Tower,0,4,17,2,23,0,0,5,8,13,0,4,22,10,36,64,82,146,182
10/28/2020,CYS,WY,ANM,WE,Federal Contract Tower,0,5,9,0,14,0,0,12,0,12,0,5,21,0,26,68,48,116,142
10/29/2020,CYS,WY,ANM,WE,Federal Contract Tower,0,2,24,8,34,0,0,8,6,14,0,2,32,14,48,111,124,235,283
10/30/2020,CYS,WY,ANM,WE,Federal Contract Tower,0,2,22,8,32,0,0,16,0,16,0,2,38,8,48,70,20,90,138
10/31/2020,CYS,WY,ANM,WE,Federal Contract Tower,0,2,7,0,9,0,0,3,0,3,0,2,10,0,12,32,0,32,44
11/01/2020,CYS,WY,ANM,WE,Federal Contract Tower,0,2,6,1,9,0,0,33,2,35,0,2,39,3,44,96,4,100,144
11/02/2020,CYS,WY,ANM,WE,Federal Contract Tower,0,6,18,0,24,0,0,16,10,26,0,6,34,10,50,40,68,108,158
11/03/2020,CYS,WY,ANM,WE,Federal Contract Tower,0,2,10,6,18,0,0,11,0,11,0,2,21,6,29,20,55,75,104
11/04/2020,CYS,WY,ANM,WE,Federal Contract Tower,0,3,5,11,19,0,0,0,0,0,0,3,5,11,19,23,100,123,142
11/05/2020,CYS,WY,ANM,WE,Federal Contract Tower,0,2,15,3,20,0,0,0,0,0,0,2,15,3,20,34,35,69,89
11/06/2020,CYS,WY,ANM,WE,Federal Contract Tower,0,2,13,3,18,0,0,2,3,5,0,2,15,6,23,51,97,148,171
11/07/2020,CYS,WY,ANM,WE,Federal Contract Tower,0,2,10,0,12,0,0,0,0,0,0,2,10,0,12,95,6,101,113
11/08/2020,CYS,WY,ANM,WE,Federal Contract Tower,0,0,9,0,9,0,0,12,0,12,0,0,21,0,21,14,0,14,35
11/09/2020,CYS,WY,ANM,WE,Federal Contract Tower,0,2,3,0,5,0,0,0,0,0,0,2,3,0,5,0,0,0,5
11/10/2020,CYS,WY,ANM,WE,Federal Contract Tower,0,2,15,1,18,0,0,0,0,0,0,2,15,1,18,6,18,24,42
11/11/2020,CYS,WY,ANM,WE,Federal Contract Tower,1,1,17,0,19,0,0,2,0,2,1,1,19,0,21,18,0,18,39
11/12/2020,CYS,WY,ANM,WE,Federal Contract Tower,0,3,5,4,12,0,0,1,0,1,0,3,6,4,13,2,35,37,50
11/13/2020,CYS,WY,ANM,WE,Federal Contract Tower,2,5,5,2,14,0,0,5,0,5,2,5,10,2,19,41,70,111,130
11/14/2020,CYS,WY,ANM,WE,Federal Contract Tower,0,2,0,0,2,0,0,0,4,4,0,2,0,4,6,2,1,3,9
11/15/2020,CYS,WY,ANM,WE,Federal Contract Tower,2,1,7,0,10,0,0,0,0,0,2,1,7,0,10,12,10,22,32
11/16/2020,CYS,WY,ANM,WE,Federal Contract Tower,2,3,9,24,38,0,0,5,1,6,2,3,14,25,44,14,154,168,212
11/17/2020,CYS,WY,ANM,WE,Federal Contract Tower,2,6,17,15,40,0,0,43,4,47,2,6,60,19,87,95,168,263,350
11/18/2020,CYS,WY,ANM,WE,Federal Contract Tower,2,2,15,7,26,0,0,6,0,6,2,2,21,7,32,68,77,145,177
11/19/2020,CYS,WY,ANM,WE,Federal Contract Tower,2,6,14,12,34,0,0,9,0,9,2,6,23,12,43,49,97,146,189
11/20/2020,CYS,WY,ANM,WE,Federal Contract Tower,2,2,5,4,13,0,0,0,0,0,2,2,5,4,13,41,7,48,61
11/21/2020,CYS,WY,ANM,WE,Federal Contract Tower,1,0,27,1,29,0,0,23,2,25,1,0,50,3,54,32,6,38,92
11/22/2020,CYS,WY,ANM,WE,Federal Contract Tower,1,0,34,0,35,0,0,0,0,0,1,0,34,0,35,69,0,69,104
11/23/2020,CYS,WY,ANM,WE,Federal Contract Tower,2,2,11,5,20,0,0,1,0,1,2,2,12,5,21,83,90,173,194
11/24/2020,CYS,WY,ANM,WE,Federal Contract Tower,2,2,13,5,22,0,0,16,0,16,2,2,29,5,38,35,59,94,132
11/25/2020,CYS,WY,ANM,WE,Federal Contract Tower,2,4,4,0,10,0,0,9,0,9,2,4,13,0,19,43,21,64,83
11/26/2020,CYS,WY,ANM,WE,Federal Contract Tower,2,0,3,0,5,0,0,2,0,2,2,0,5,0,7,6,0,6,13
11/27/2020,CYS,WY,ANM,WE,Federal Contract Tower,1,2,9,0,12,0,0,35,0,35,1,2,44,0,47,49,0,49,96
11/28/2020,CYS,WY,ANM,WE,Federal Contract Tower,1,2,15,0,18,0,0,0,0,0,1,2,15,0,18,70,0,70,88
11/29/2020,CYS,WY,ANM,WE,Federal Contract Tower,1,0,6,0,7,0,0,1,0,1,1,0,7,0,8,51,0,51,59
11/30/2020,CYS,WY,ANM,WE,Federal Contract Tower,1,1,7,7,16,0,0,5,3,8,1,1,12,10,24,2,13,15,39
12/01/2020,CYS,WY,ANM,WE,Federal Contract Tower,2,2,9,8,21,0,0,1,0,1,2,2,10,8,22,15,44,59,81
12/02/2020,CYS,WY,ANM,WE,Federal Contract Tower,2,2,8,4,16,0,2,16,0,18,2,4,24,4,34,28,63,91,125
12/03/2020,CYS,WY,ANM,WE,Federal Contract Tower,2,3,12,13,30,0,0,30,1,31,2,3,42,14,61,46,73,119,180
12/04/2020,CYS,WY,ANM,WE,Federal Contract Tower,2,6,7,4,19,0,0,4,1,5,2,6,11,5,24,61,49,110,134
12/05/2020,CYS,WY,ANM,WE,Federal Contract Tower,2,2,12,0,16,0,0,0,0,0,2,2,12,0,16,68,8,76,92
12/06/2020,CYS,WY,ANM,WE,Federal Contract Tower,1,0,15,1,17,0,0,0,0,0,1,0,15,1,17,42,12,54,71
12/07/2020,CYS,WY,ANM,WE,Federal Contract Tower,2,2,20,12,36,0,0,0,0,0,2,2,20,12,36,102,87,189,225
12/08/2020,CYS,WY,ANM,WE,Federal Contract Tower,2,2,13,21,38,0,0,3,0,3,2,2,16,21,41,64,100,164,205
12/09/2020,CYS,WY,ANM,WE,Federal Contract Tower,2,2,9,4,17,0,0,24,1,25,2,2,33,5,42,22,36,58,100
12/10/2020,CYS,WY,ANM,WE,Federal Contract Tower,2,5,15,13,35,0,0,8,0,8,2,5,23,13,43,41,37,78,121
12/11/2020,CYS,WY,ANM,WE,Federal Contract Tower,1,2,4,2,9,0,0,0,0,0,1,2,4,2,9,0,0,0,9
12/12/2020,CYS,WY,ANM,WE,Federal Contract Tower,1,0,3,0,4,0,0,0,0,0,1,0,3,0,4,9,0,9,13
12/13/2020,CYS,WY,ANM,WE,Federal Contract Tower,2,0,10,0,12,0,0,8,0,8,2,0,18,0,20,8,0,8,28
12/14/2020,CYS,WY,ANM,WE,Federal Contract Tower,2,2,11,8,23,0,0,0,2,2,2,2,11,10,25,29,29,58,83
12/15/2020,CYS,WY,ANM,WE,Federal Contract Tower,1,2,6,4,13,0,0,8,0,8,1,2,14,4,21,36,113,149,170
12/16/2020,CYS,WY,ANM,WE,Federal Contract Tower,3,2,14,4,23,0,0,0,1,1,3,2,14,5,24,30,112,142,166
12/17/2020,CYS,WY,ANM,WE,Federal Contract Tower,2,2,18,0,22,0,0,16,4,20,2,2,34,4,42,23,20,43,85
12/18/2020,CYS,WY,ANM,WE,Federal Contract Tower,2,2,16,0,20,0,0,0,0,0,2,2,16,0,20,9,42,51,71
12/19/2020,CYS,WY,ANM,WE,Federal Contract Tower,2,0,4,0,6,0,0,0,0,0,2,0,4,0,6,9,0,9,15
12/20/2020,CYS,WY,ANM,WE,Federal Contract Tower,2,0,4,0,6,0,0,0,0,0,2,0,4,0,6,2,0,2,8
12/21/2020,CYS,WY,ANM,WE,Federal Contract Tower,2,2,8,4,16,0,0,0,0,0,2,2,8,4,16,14,67,81,97
12/22/2020,CYS,WY,ANM,WE,Federal Contract Tower,2,1,16,5,24,0,0,0,0,0,2,1,16,5,24,56,43,99,123
12/23/2020,CYS,WY,ANM,WE,Federal Contract Tower,2,3,3,2,10,0,0,0,0,0,2,3,3,2,10,1,7,8,18
12/24/2020,CYS,WY,ANM,WE,Federal Contract Tower,2,2,0,0,4,0,0,1,0,1,2,2,1,0,5,9,0,9,14
12/25/2020,CYS,WY,ANM,WE,Federal Contract Tower,2,0,0,0,2,0,0,0,0,0,2,0,0,0,2,6,0,6,8
12/26/2020,CYS,WY,ANM,WE,Federal Contract Tower,2,2,5,0,9,0,0,7,0,7,2,2,12,0,16,9,0,9,25
12/27/2020,CYS,WY,ANM,WE,Federal Contract Tower,2,1,14,0,17,0,0,4,0,4,2,1,18,0,21,24,0,24,45
12/28/2020,CYS,WY,ANM,WE,Federal Contract Tower,1,4,5,2,12,0,1,9,3,13,1,5,14,5,25,2,54,56,81
12/29/2020,CYS,WY,ANM,WE,Federal Contract Tower,2,4,13,0,19,0,0,7,2,9,2,4,20,2,28,12,8,20,48
12/30/2020,CYS,WY,ANM,WE,Federal Contract Tower,2,4,11,0,17,0,0,6,0,6,2,4,17,0,23,40,4,44,67
12/31/2020,CYS,WY,ANM,WE,Federal Contract Tower,2,4,18,0,24,0,0,3,0,3,2,4,21,0,27,96,0,96,123
01/01/2021,CYS,WY,ANM,WE,Federal Contract Tower,2,0,8,0,10,0,0,0,0,0,2,0,8,0,10,103,0,103,113
01/02/2021,CYS,WY,ANM,WE,Federal Contract Tower,2,2,12,0,16,0,0,8,0,8,2,2,20,0,24,45,0,45,69
01/03/2021,CYS,WY,ANM,WE,Federal Contract Tower,2,0,1,3,6,0,0,0,0,0,2,0,1,3,6,3,0,3,9
01/04/2021,CYS,WY,ANM,WE,Federal Contract Tower,2,2,6,12,22,0,0,5,0,5,2,2,11,12,27,8,0,8,35
01/05/2021,CYS,WY,ANM,WE,Federal Contract Tower,2,2,10,3,17,0,0,0,1,1,2,2,10,4,18,10,38,48,66
01/06/2021,CYS,WY,ANM,WE,Federal Contract Tower,2,2,12,27,43,0,0,2,31,33,2,2,14,58,76,51,80,131,207
01/07/2021,CYS,WY,ANM,WE,Federal Contract Tower,2,2,12,18,34,0,0,12,26,38,2,2,24,44,72,79,80,159,231
01/08/2021,CYS,WY,ANM,WE,Federal Contract Tower,2,2,20,14,38,0,0,19,0,19,2,2,39,14,57,103,74,177,234
01/09/2021,CYS,WY,ANM,WE,Federal Contract Tower,0,5,9,1,15,0,0,0,0,0,0,5,9,1,15,0,0,0,15
01/10/2021,CYS,WY,ANM,WE,Federal Contract Tower,2,0,20,0,22,0,0,3,0,3,2,0,23,0,25,86,3,89,114
01/11/2021,CYS,WY,ANM,WE,Federal Contract Tower,2,2,12,6,22,0,0,4,8,12,2,2,16,14,34,61,34,95,129
01/12/2021,CYS,WY,ANM,WE,Federal Contract Tower,2,2,15,14,33,0,0,2,21,23,2,2,17,35,56,68,135,203,259
01/13/2021,CYS,WY,ANM,WE,Federal Contract Tower,2,4,6,0,12,0,0,1,0,1,2,4,7,0,13,1,0,1,14
01/14/2021,CYS,WY,ANM,WE,Federal Contract Tower,1,2,3,3,9,0,0,2,3,5,1,2,5,6,14,2,34,36,50
01/15/2021,CYS,WY,ANM,WE,Federal Contract Tower,2,2,8,0,12,0,0,2,0,2,2,2,10,0,14,6,0,6,20
01/16/2021,CYS,WY,ANM,WE,Federal Contract Tower,2,2,9,3,16,0,0,0,0,0,2,2,9,3,16,7,4,11,27
01/17/2021,CYS,WY,ANM,WE,Federal Contract Tower,2,0,6,1,9,0,0,0,0,0,2,0,6,1,9,43,0,43,52
01/18/2021,CYS,WY,ANM,WE,Federal Contract Tower,2,3,18,1,24,0,0,0,0,0,2,3,18,1,24,8,1,9,33
01/19/2021,CYS,WY,ANM,WE,Federal Contract Tower,2,2,21,17,42,0,0,11,4,15,2,2,32,21,57,59,147,206,263
01/20/2021,CYS,WY,ANM,WE,Federal Contract Tower,2,2,1,0,5,0,0,0,17,17,2,2,1,17,22,0,10,10,32
01/21/2021,CYS,WY,ANM,WE,Federal Contract Tower,2,2,15,11,30,0,0,5,21,26,2,2,20,32,56,45,98,143,199
01/22/2021,CYS,WY,ANM,WE,Federal Contract Tower,2,2,16,10,30,0,0,1,0,1,2,2,17,10,31,59,51,110,141
01/23/2021,CYS,WY,ANM,WE,Federal Contract Tower,1,2,3,8,14,0,0,0,0,0,1,2,3,8,14,2,1,3,17
01/24/2021,CYS,WY,ANM,WE,Federal Contract Tower,0,0,6,0,6,0,0,0,0,0,0,0,6,0,6,1,0,1,7
01/25/2021,CYS,WY,ANM,WE,Federal Contract Tower,2,2,5,4,13,0,0,0,0,0,2,2,5,4,13,13,25,38,51
01/26/2021,CYS,WY,ANM,WE,Federal Contract Tower,2,2,2,0,6,0,0,0,4,4,2,2,2,4,10,0,0,0,10
01/27/2021,CYS,WY,ANM,WE,Federal Contract Tower,2,2,19,7,30,0,0,1,6,7,2,2,20,13,37,71,67,138,175
01/28/2021,CYS,WY,ANM,WE,Federal Contract Tower,2,2,23,6,33,0,0,0,0,0,2,2,23,6,33,75,34,109,142
01/29/2021,CYS,WY,ANM,WE,Federal Contract Tower,2,2,18,3,25,0,0,11,0,11,2,2,29,3,36,67,27,94,130
01/30/2021,CYS,WY,ANM,WE,Federal Contract Tower,2,0,13,2,17,0,0,0,0,0,2,0,13,2,17,9,4,13,30
01/31/2021,CYS,WY,ANM,WE,Federal Contract Tower,2,0,21,1,24,0,0,4,0,4,2,0,25,1,28,114,0,114,142
02/01/2021,CYS,WY,ANM,WE,Federal Contract Tower,2,2,19,4,27,0,0,12,2,14,2,2,31,6,41,21,9,30,71
02/02/2021,CYS,WY,ANM,WE,Federal Contract Tower,2,2,29,11,44,0,0,2,0,2,2,2,31,11,46,60,112,172,218
02/03/2021,CYS,WY,ANM,WE,Federal Contract Tower,2,2,19,7,30,0,0,0,0,0,2,2,19,7,30,43,122,165,195
02/04/2021,CYS,WY,ANM,WE,Federal Contract Tower,2,2,5,10,19,0,0,1,0,1,2,2,6,10,20,21,93,114,134
02/05/2021,CYS,WY,ANM,WE,Federal Contract Tower,2,2,7,4,15,0,0,4,0,4,2,2,11,4,19,43,46,89,108
02/06/2021,CYS,WY,ANM,WE,Federal Contract Tower,4,2,4,2,12,0,0,0,0,0,4,2,4,2,12,0,2,2,14
02/07/2021,CYS,WY,ANM,WE,Federal Contract Tower,4,0,0,0,4,0,0,0,0,0,4,0,0,0,4,0,1,1,5
02/08/2021,CYS,WY,ANM,WE,Federal Contract Tower,2,2,9,3,16,0,0,0,5,5,2,2,9,8,21,23,34,57,78
02/09/2021,CYS,WY,ANM,WE,Federal Contract Tower,2,2,14,15,33,0,0,0,32,32,2,2,14,47,65,30,106,136,201
02/10/2021,CYS,WY,ANM,WE,Federal Contract Tower,2,4,1,6,13,0,0,0,0,0,2,4,1,6,13,14,84,98,111
02/11/2021,CYS,WY,ANM,WE,Federal Contract Tower,2,3,9,2,16,0,0,2,0,2,2,3,11,2,18,0,0,0,18
02/12/2021,CYS,WY,ANM,WE,Federal Contract Tower,2,2,8,0,12,0,0,0,0,0,2,2,8,0,12,0,0,0,12
02/13/2021,CYS,WY,ANM,WE,Federal Contract Tower,2,0,1,0,3,0,0,0,0,0,2,0,1,0,3,0,0,0,3
02/14/2021,CYS,WY,ANM,WE,Federal Contract Tower,1,0,9,4,14,0,0,0,0,0,1,0,9,4,14,3,0,3,17
02/15/2021,CYS,WY,ANM,WE,Federal Contract Tower,1,2,8,0,11,0,0,0,0,0,1,2,8,0,11,72,6,78,89
02/16/2021,CYS,WY,ANM,WE,Federal Contract Tower,9,2,14,9,34,0,0,2,0,2,9,2,16,9,36,68,55,123,159
02/17/2021,CYS,WY,ANM,WE,Federal Contract Tower,14,3,7,20,44,0,0,0,0,0,14,3,7,20,44,56,84,140,184
02/18/2021,CYS,WY,ANM,WE,Federal Contract Tower,2,2,8,6,18,0,0,1,0,1,2,2,9,6,19,65,100,165,184
02/19/2021,CYS,WY,ANM,WE,Federal Contract Tower,2,2,1,4,9,0,0,1,1,2,2,2,2,5,11,1,85,86,97
02/20/2021,CYS,WY,ANM,WE,Federal Contract Tower,1,2,19,0,22,0,0,0,0,0,1,2,19,0,22,30,3,33,55
02/21/2021,CYS,WY,ANM,WE,Federal Contract Tower,2,0,1,1,4,0,0,0,0,0,2,0,1,1,4,6,5,11,15
02/22/2021,CYS,WY,ANM,WE,Federal Contract Tower,2,3,3,2,10,0,0,0,0,0,2,3,3,2,10,10,5,15,25
02/23/2021,CYS,WY,ANM,WE,Federal Contract Tower,2,4,9,5,20,0,0,0,0,0,2,4,9,5,20,11,95,106,126
02/24/2021,CYS,WY,ANM,WE,Federal Contract Tower,2,2,8,9,21,0,0,0,0,0,2,2,8,9,21,64,61,125,146
02/25/2021,CYS,WY,ANM,WE,Federal Contract Tower,2,4,18,6,30,0,0,0,0,0,2,4,18,6,30,50,39,89,119
02/26/2021,CYS,WY,ANM,WE,Federal Contract Tower,2,4,2,3,11,0,0,2,0,2,2,4,4,3,13,16,20,36,49
02/27/2021,CYS,WY,ANM,WE,Federal Contract Tower,2,3,5,0,10,0,0,0,0,0,2,3,5,0,10,35,0,35,45
02/28/2021,CYS,WY,ANM,WE,Federal Contract Tower,2,0,27,0,29,0,0,0,0,0,2,0,27,0,29,70,0,70,99
03/01/2021,CYS,WY,ANM,WE,Federal Contract Tower,2,3,28,11,44,0,0,13,0,13,2,3,41,11,57,89,86,175,232
03/02/2021,CYS,WY,ANM,WE,Federal Contract Tower,2,4,21,11,38,0,0,0,0,0,2,4,21,11,38,88,107,195,233
03/03/2021,CYS,WY,ANM,WE,Federal Contract Tower,2,1,23,6,32,0,0,0,0,0,2,1,23,6,32,156,60,216,248
03/04/2021,CYS,WY,ANM,WE,Federal Contract Tower,2,2,5,8,17,0,0,0,0,0,2,2,5,8,17,84,101,185,202
03/05/2021,CYS,WY,ANM,WE,Federal Contract Tower,2,3,8,4,17,0,0,0,0,0,2,3,8,4,17,135,86,221,238
03/06/2021,CYS,WY,ANM,WE,Federal Contract Tower,2,2,8,0,12,0,0,0,0,0,2,2,8,0,12,70,8,78,90
03/07/2021,CYS,WY,ANM,WE,Federal Contract Tower,2,0,2,0,4,0,0,0,0,0,2,0,2,0,4,63,3,66,70
03/08/2021,CYS,WY,ANM,WE,Federal Contract Tower,0,0,0,0,0,0,0,0,0,0,0,0,0,0,0,48,6,54,54
03/09/2021,CYS,WY,ANM,WE,Federal Contract Tower,2,2,13,15,32,0,0,2,12,14,2,2,15,27,46,57,122,179,225
03/10/2021,CYS,WY,ANM,WE,Federal Contract Tower,2,2,6,9,19,0,0,0,0,0,2,2,6,9,19,4,20,24,43
03/11/2021,CYS,WY,ANM,WE,Federal Contract Tower,2,2,6,8,18,0,0,0,0,0,2,2,6,8,18,5,72,77,95
03/12/2021,CYS,WY,ANM,WE,Federal Contract Tower,1,2,1,0,4,0,0,0,0,0,1,2,1,0,4,0,44,44,48
03/19/2021,CYS,WY,ANM,WE,Federal Contract Tower,0,1,11,2,14,0,0,8,0,8,0,1,19,2,22,40,36,76,98
03/20/2021,CYS,WY,ANM,WE,Federal Contract Tower,2,1,4,4,11,0,0,16,0,16,2,1,20,4,27,90,14,104,131
03/21/2021,CYS,WY,ANM,WE,Federal Contract Tower,2,0,2,0,4,0,0,0,0,0,2,0,2,0,4,2,0,2,6
03/22/2021,CYS,WY,ANM,WE,Federal Contract Tower,2,2,5,7,16,0,0,1,2,3,2,2,6,9,19,13,34,47,66
03/23/2021,CYS,WY,ANM,WE,Federal Contract Tower,2,2,6,14,24,0,0,0,30,30,2,2,6,44,54,0,56,56,110
03/24/2021,CYS,WY,ANM,WE,Federal Contract Tower,2,2,8,11,23,0,0,29,2,31,2,2,37,13,54,44,133,177,231
03/25/2021,CYS,WY,ANM,WE,Federal Contract Tower,2,2,19,6,29,0,0,4,5,9,2,2,23,11,38,103,36,139,177
03/26/2021,CYS,WY,ANM,WE,Federal Contract Tower,2,2,14,2,20,0,0,0,0,0,2,2,14,2,20,28,11,39,59
03/27/2021,CYS,WY,ANM,WE,Federal Contract Tower,0,4,12,0,16,0,0,0,0,0,0,4,12,0,16,80,9,89,105
03/28/2021,CYS,WY,ANM,WE,Federal Contract Tower,2,0,5,0,7,0,0,1,0,1,2,0,6,0,8,0,9,9,17
03/29/2021,CYS,WY,ANM,WE,Federal Contract Tower,0,4,6,0,10,0,0,0,0,0,0,4,6,0,10,4,0,4,14
03/31/2021,CYS,WY,ANM,WE,Federal Contract Tower,2,5,11,11,29,0,0,0,0,0,2,5,11,11,29,59,49,108,137
04/01/2021,CYS,WY,ANM,WE,Federal Contract Tower,2,3,28,6,39,0,0,0,0,0,2,3,28,6,39,204,47,251,290
04/02/2021,CYS,WY,ANM,WE,Federal Contract Tower,2,2,13,1,18,0,0,0,0,0,2,2,13,1,18,57,10,67,85
04/03/2021,CYS,WY,ANM,WE,Federal Contract Tower,0,1,16,0,17,0,0,0,0,0,0,1,16,0,17,99,0,99,116
04/04/2021,CYS,WY,ANM,WE,Federal Contract Tower,0,0,6,0,6,0,0,0,0,0,0,0,6,0,6,36,0,36,42
04/05/2021,CYS,WY,ANM,WE,Federal Contract Tower,2,3,13,3,21,0,0,0,0,0,2,3,13,3,21,75,4,79,100
04/06/2021,CYS,WY,ANM,WE,Federal Contract Tower,2,8,9,6,25,0,0,0,0,0,2,8,9,6,25,8,26,34,59
04/07/2021,CYS,WY,ANM,WE,Federal Contract Tower,2,5,8,10,25,0,0,1,0,1,2,5,9,10,26,5,90,95,121
04/08/2021,CYS,WY,ANM,WE,Federal Contract Tower,2,2,14,6,24,0,0,0,0,0,2,2,14,6,24,15,30,45,69
04/09/2021,CYS,WY,ANM,WE,Federal Contract Tower,2,3,8,4,17,0,0,0,0,0,2,3,8,4,17,26,18,44,61
04/10/2021,CYS,WY,ANM,WE,Federal Contract Tower,2,4,8,2,16,0,1,2,0,3,2,5,10,2,19,104,0,104,123
04/11/2021,CYS,WY,ANM,WE,Federal Contract Tower,2,0,12,0,14,0,0,3,0,3,2,0,15,0,17,13,5,18,35
04/12/2021,CYS,WY,ANM,WE,Federal Contract Tower,2,5,9,13,29,0,0,0,0,0,2,5,9,13,29,34,62,96,125
04/13/2021,CYS,WY,ANM,WE,Federal Contract Tower,2,3,17,8,30,0,0,0,0,0,2,3,17,8,30,49,75,124,154
04/14/2021,CYS,WY,ANM,WE,Federal Contract Tower,1,4,4,4,13,0,0,0,0,0,1,4,4,4,13,1,5,6,19
04/15/2021,CYS,WY,ANM,WE,Federal Contract Tower,0,3,4,0,7,0,0,0,0,0,0,3,4,0,7,0,0,0,7
04/16/2021,CYS,WY,ANM,WE,Federal Contract Tower,2,0,0,2,4,0,0,0,0,0,2,0,0,2,4,2,12,14,18
04/17/2021,CYS,WY,ANM,WE,Federal Contract Tower,0,4,11,0,15,0,0,0,0,0,0,4,11,0,15,53,22,75,90
04/18/2021,CYS,WY,ANM,WE,Federal Contract Tower,0,0,9,2,11,0,0,0,0,0,0,0,9,2,11,35,3,38,49
04/19/2021,CYS,WY,ANM,WE,Federal Contract Tower,0,0,0,0,0,0,0,0,0,0,0,0,0,0,0,0,0,0,0
04/20/2021,CYS,WY,ANM,WE,Federal Contract Tower,0,2,14,5,21,0,0,10,0,10,0,2,24,5,31,28,38,66,97
04/21/2021,CYS,WY,ANM,WE,Federal Contract Tower,0,2,12,5,19,0,0,0,0,0,0,2,12,5,19,7,16,23,42
04/22/2021,CYS,WY,ANM,WE,Federal Contract Tower,1,2,11,3,17,0,0,3,0,3,1,2,14,3,20,124,133,257,277
04/23/2021,CYS,WY,ANM,WE,Federal Contract Tower,0,5,20,3,28,0,0,0,5,5,0,5,20,8,33,89,9,98,131
04/24/2021,CYS,WY,ANM,WE,Federal Contract Tower,0,2,11,0,13,0,0,9,3,12,0,2,20,3,25,41,1,42,67
04/25/2021,CYS,WY,ANM,WE,Federal Contract Tower,0,0,19,0,19,0,0,0,0,0,0,0,19,0,19,60,18,78,97
04/26/2021,CYS,WY,ANM,WE,Federal Contract Tower,0,1,15,2,18,0,0,7,0,7,0,1,22,2,25,62,27,89,114
04/27/2021,CYS,WY,ANM,WE,Federal Contract Tower,0,3,18,2,23,0,0,0,0,0,0,3,18,2,23,17,34,51,74
04/28/2021,CYS,WY,ANM,WE,Federal Contract Tower,0,2,22,7,31,0,0,0,2,2,0,2,22,9,33,31,39,70,103
04/29/2021,CYS,WY,ANM,WE,Federal Contract Tower,0,2,20,2,24,0,0,24,0,24,0,2,44,2,48,61,50,111,159
04/30/2021,CYS,WY,ANM,WE,Federal Contract Tower,0,2,16,4,22,0,0,78,0,78,0,2,94,4,100,57,77,134,234
05/01/2021,CYS,WY,ANM,WE,Federal Contract Tower,0,2,7,0,9,0,0,15,0,15,0,2,22,0,24,57,2,59,83
05/02/2021,CYS,WY,ANM,WE,Federal Contract Tower,0,0,0,0,0,0,0,0,0,0,0,0,0,0,0,16,0,16,16
05/03/2021,CYS,WY,ANM,WE,Federal Contract Tower,0,2,0,2,4,0,0,0,0,0,0,2,0,2,4,0,0,0,4
05/04/2021,CYS,WY,ANM,WE,Federal Contract Tower,3,0,8,4,15,0,0,0,0,0,3,0,8,4,15,10,117,127,142
05/05/2021,CYS,WY,ANM,WE,Federal Contract Tower,0,1,9,5,15,0,0,0,0,0,0,1,9,5,15,19,19,38,53
05/06/2021,CYS,WY,ANM,WE,Federal Contract Tower,0,1,11,3,15,0,0,6,0,6,0,1,17,3,21,96,62,158,179
05/07/2021,CYS,WY,ANM,WE,Federal Contract Tower,0,1,11,2,14,0,0,0,0,0,0,1,11,2,14,68,2,70,84
05/09/2021,CYS,WY,ANM,WE,Federal Contract Tower,0,0,1,0,1,0,0,1,0,1,0,0,2,0,2,35,2,37,39
05/10/2021,CYS,WY,ANM,WE,Federal Contract Tower,0,0,2,2,4,0,0,0,0,0,0,0,2,2,4,0,0,0,4
05/11/2021,CYS,WY,ANM,WE,Federal Contract Tower,0,1,4,0,5,0,0,0,0,0,0,1,4,0,5,0,0,0,5
05/12/2021,CYS,WY,ANM,WE,Federal Contract Tower,0,2,14,5,21,0,0,0,0,0,0,2,14,5,21,41,23,64,85
05/13/2021,CYS,WY,ANM,WE,Federal Contract Tower,0,2,15,3,20,0,0,1,0,1,0,2,16,3,21,43,21,64,85
05/14/2021,CYS,WY,ANM,WE,Federal Contract Tower,0,6,10,6,22,0,0,2,0,2,0,6,12,6,24,88,47,135,159
05/15/2021,CYS,WY,ANM,WE,Federal Contract Tower,0,2,4,1,7,0,0,0,4,4,0,2,4,5,11,2,8,10,21
05/16/2021,CYS,WY,ANM,WE,Federal Contract Tower,0,0,8,0,8,0,0,0,0,0,0,0,8,0,8,12,4,16,24
05/17/2021,CYS,WY,ANM,WE,Federal Contract Tower,0,5,15,3,23,0,0,0,0,0,0,5,15,3,23,24,16,40,63
05/18/2021,CYS,WY,ANM,WE,Federal Contract Tower,0,2,15,4,21,0,0,4,0,4,0,2,19,4,25,24,27,51,76
05/19/2021,CYS,WY,ANM,WE,Federal Contract Tower,0,2,13,3,18,0,0,2,5,7,0,2,15,8,25,80,22,102,127
05/20/2021,CYS,WY,ANM,WE,Federal Contract Tower,0,4,20,3,27,0,0,2,0,2,0,4,22,3,29,129,47,176,205
05/21/2021,CYS,WY,ANM,WE,Federal Contract Tower,0,2,16,0,18,0,0,2,0,2,0,2,18,0,20,32,9,41,61
05/22/2021,CYS,WY,ANM,WE,Federal Contract Tower,0,1,15,0,16,0,0,0,0,0,0,1,15,0,16,0,0,0,16
05/23/2021,CYS,WY,ANM,WE,Federal Contract Tower,0,0,9,0,9,0,0,0,0,0,0,0,9,0,9,6,1,7,16
05/24/2021,CYS,WY,ANM,WE,Federal Contract Tower,0,2,14,2,18,0,0,0,0,0,0,2,14,2,18,28,41,69,87
05/25/2021,CYS,WY,ANM,WE,Federal Contract Tower,0,2,20,3,25,0,0,7,0,7,0,2,27,3,32,56,78,134,166
05/26/2021,CYS,WY,ANM,WE,Federal Contract Tower,0,2,9,1,12,0,0,0,0,0,0,2,9,1,12,29,33,62,74
05/27/2021,CYS,WY,ANM,WE,Federal Contract Tower,0,1,20,1,22,0,0,3,0,3,0,1,23,1,25,62,13,75,100
05/28/2021,CYS,WY,ANM,WE,Federal Contract Tower,0,2,13,0,15,0,0,12,0,12,0,2,25,0,27,42,1,43,70
05/29/2021,CYS,WY,ANM,WE,Federal Contract Tower,0,2,8,0,10,0,0,0,0,0,0,2,8,0,10,0,0,0,10
05/30/2021,CYS,WY,ANM,WE,Federal Contract Tower,0,0,3,0,3,0,0,0,0,0,0,0,3,0,3,1,0,1,4
05/31/2021,CYS,WY,ANM,WE,Federal Contract Tower,0,0,16,0,16,0,0,0,0,0,0,0,16,0,16,12,2,14,30
06/01/2021,CYS,WY,ANM,WE,Federal Contract Tower,0,2,9,10,21,0,0,7,0,7,0,2,16,10,28,44,59,103,131
06/02/2021,CYS,WY,ANM,WE,Federal Contract Tower,0,1,18,4,23,0,0,6,0,6,0,1,24,4,29,91,58,149,178
06/03/2021,CYS,WY,ANM,WE,Federal Contract Tower,0,3,14,3,20,0,0,2,0,2,0,3,16,3,22,117,37,154,176
06/04/2021,CYS,WY,ANM,WE,Federal Contract Tower,0,2,10,6,18,0,0,2,8,10,0,2,12,14,28,59,19,78,106
06/05/2021,CYS,WY,ANM,WE,Federal Contract Tower,0,1,5,2,8,0,0,4,1,5,0,1,9,3,13,51,8,59,72
06/06/2021,CYS,WY,ANM,WE,Federal Contract Tower,0,2,16,1,19,0,0,0,0,0,0,2,16,1,19,48,12,60,79
06/07/2021,CYS,WY,ANM,WE,Federal Contract Tower,0,0,8,0,8,0,0,12,7,19,0,0,20,7,27,56,29,85,112
06/08/2021,CYS,WY,ANM,WE,Federal Contract Tower,0,1,17,9,27,0,0,8,2,10,0,1,25,11,37,43,34,77,114
06/09/2021,CYS,WY,ANM,WE,Federal Contract Tower,0,5,21,5,31,0,0,0,0,0,0,5,21,5,31,59,14,73,104
06/10/2021,CYS,WY,ANM,WE,Federal Contract Tower,0,6,10,2,18,0,0,11,5,16,0,6,21,7,34,33,22,55,89
06/11/2021,CYS,WY,ANM,WE,Federal Contract Tower,0,8,10,2,20,0,0,8,0,8,0,8,18,2,28,44,55,99,127
06/12/2021,CYS,WY,ANM,WE,Federal Contract Tower,0,1,15,0,16,0,1,2,2,5,0,2,17,2,21,133,3,136,157
06/13/2021,CYS,WY,ANM,WE,Federal Contract Tower,1,14,0,0,15,0,0,0,0,0,1,14,0,0,15,35,10,45,60
06/14/2021,CYS,WY,ANM,WE,Federal Contract Tower,0,2,5,1,8,0,0,12,4,16,0,2,17,5,24,22,7,29,53
06/15/2021,CYS,WY,ANM,WE,Federal Contract Tower,0,2,5,2,9,0,0,13,10,23,0,2,18,12,32,65,20,85,117
06/17/2021,CYS,WY,ANM,WE,Federal Contract Tower,0,2,10,2,14,0,0,1,2,3,0,2,11,4,17,68,20,88,105
06/18/2021,CYS,WY,ANM,WE,Federal Contract Tower,0,2,13,1,16,0,0,1,0,1,0,2,14,1,17,63,7,70,87
06/19/2021,CYS,WY,ANM,WE,Federal Contract Tower,0,2,9,2,13,0,0,0,6,6,0,2,9,8,19,74,1,75,94
06/20/2021,CYS,WY,ANM,WE,Federal Contract Tower,0,2,6,0,8,0,0,3,0,3,0,2,9,0,11,44,3,47,58
06/21/2021,CYS,WY,ANM,WE,Federal Contract Tower,0,1,15,6,22,0,0,11,0,11,0,1,26,6,33,93,47,140,173
06/22/2021,CYS,WY,ANM,WE,Federal Contract Tower,0,5,17,5,27,0,0,5,0,5,0,5,22,5,32,44,53,97,129
06/23/2021,CYS,WY,ANM,WE,Federal Contract Tower,0,2,15,3,20,0,0,0,10,10,0,2,15,13,30,103,9,112,142
06/24/2021,CYS,WY,ANM,WE,Federal Contract Tower,0,2,16,5,23,0,3,1,2,6,0,5,17,7,29,59,36,95,124
06/25/2021,CYS,WY,ANM,WE,Federal Contract Tower,0,2,4,0,6,0,2,2,0,4,0,4,6,0,10,16,13,29,39
06/26/2021,CYS,WY,ANM,WE,Federal Contract Tower,0,4,25,1,30,0,2,0,0,2,0,6,25,1,32,40,7,47,79
06/27/2021,CYS,WY,ANM,WE,Federal Contract Tower,0,0,7,0,7,0,0,0,0,0,0,0,7,0,7,23,6,29,36
06/28/2021,CYS,WY,ANM,WE,Federal Contract Tower,0,2,23,0,25,0,0,9,0,9,0,2,32,0,34,99,0,99,133
06/29/2021,CYS,WY,ANM,WE,Federal Contract Tower,0,2,20,5,27,0,0,0,0,0,0,2,20,5,27,64,12,76,103
06/30/2021,CYS,WY,ANM,WE,Federal Contract Tower,0,2,15,10,27,0,0,31,0,31,0,2,46,10,58,46,46,92,150
07/01/2021,CYS,WY,ANM,WE,Federal Contract Tower,0,2,2,9,13,0,0,3,1,4,0,2,5,10,17,31,49,80,97
07/02/2021,CYS,WY,ANM,WE,Federal Contract Tower,0,7,17,0,24,0,0,1,1,2,0,7,18,1,26,66,0,66,92
07/03/2021,CYS,WY,ANM,WE,Federal Contract Tower,0,2,8,3,13,0,0,2,0,2,0,2,10,3,15,79,0,79,94
07/04/2021,CYS,WY,ANM,WE,Federal Contract Tower,0,0,4,0,4,0,0,10,0,10,0,0,14,0,14,30,0,30,44
07/05/2021,CYS,WY,ANM,WE,Federal Contract Tower,0,0,0,7,7,0,0,2,0,2,0,0,2,7,9,76,2,78,87
07/06/2021,CYS,WY,ANM,WE,Federal Contract Tower,0,2,19,6,27,0,0,1,0,1,0,2,20,6,28,90,34,124,152
07/07/2021,CYS,WY,ANM,WE,Federal Contract Tower,0,3,10,7,20,0,0,14,0,14,0,3,24,7,34,49,72,121,155
07/08/2021,CYS,WY,ANM,WE,Federal Contract Tower,0,3,16,2,21,0,0,1,0,1,0,3,17,2,22,66,57,123,145
07/09/2021,CYS,WY,ANM,WE,Federal Contract Tower,0,2,5,4,11,0,0,2,0,2,0,2,7,4,13,60,11,71,84
07/10/2021,CYS,WY,ANM,WE,Federal Contract Tower,0,9,14,2,25,0,0,3,1,4,0,9,17,3,29,39,5,44,73
07/11/2021,CYS,WY,ANM,WE,Federal Contract Tower,0,1,8,1,10,0,0,8,0,8,0,1,16,1,18,88,7,95,113
07/12/2021,CYS,WY,ANM,WE,Federal Contract Tower,0,3,20,3,26,0,0,7,7,14,0,3,27,10,40,76,87,163,203
07/13/2021,CYS,WY,ANM,WE,Federal Contract Tower,0,2,8,2,12,0,0,0,0,0,0,2,8,2,12,69,14,83,95
07/14/2021,CYS,WY,ANM,WE,Federal Contract Tower,0,1,23,8,32,0,0,1,14,15,0,1,24,22,47,27,6,33,80
07/15/2021,CYS,WY,ANM,WE,Federal Contract Tower,0,3,15,1,19,0,0,2,0,2,0,3,17,1,21,70,19,89,110
07/16/2021,CYS,WY,ANM,WE,Federal Contract Tower,0,2,14,0,16,0,0,5,0,5,0,2,19,0,21,48,0,48,69
07/17/2021,CYS,WY,ANM,WE,Federal Contract Tower,0,2,13,2,17,0,0,5,1,6,0,2,18,3,23,64,2,66,89
07/18/2021,CYS,WY,ANM,WE,Federal Contract Tower,0,1,13,0,14,0,0,10,0,10,0,1,23,0,24,23,0,23,47
07/20/2021,CYS,WY,ANM,WE,Federal Contract Tower,0,3,13,9,25,0,0,4,0,4,0,3,17,9,29,89,66,155,184
07/21/2021,CYS,WY,ANM,WE,Federal Contract Tower,0,2,20,2,24,0,0,12,0,12,0,2,32,2,36,84,21,105,141
07/22/2021,CYS,WY,ANM,WE,Federal Contract Tower,0,1,20,2,23,0,0,0,0,0,0,1,20,2,23,46,23,69,92
07/23/2021,CYS,WY,ANM,WE,Federal Contract Tower,0,6,25,2,33,0,0,13,2,15,0,6,38,4,48,104,4,108,156
07/24/2021,CYS,WY,ANM,WE,Federal Contract Tower,0,3,18,2,23,0,0,2,0,2,0,3,20,2,25,61,0,61,86
07/25/2021,CYS,WY,ANM,WE,Federal Contract Tower,0,3,17,0,20,0,0,0,0,0,0,3,17,0,20,27,3,30,50
07/26/2021,CYS,WY,ANM,WE,Federal Contract Tower,0,5,16,2,23,0,0,4,0,4,0,5,20,2,27,22,4,26,53
07/27/2021,CYS,WY,ANM,WE,Federal Contract Tower,0,2,27,2,31,0,0,0,0,0,0,2,27,2,31,52,6,58,89
07/28/2021,CYS,WY,ANM,WE,Federal Contract Tower,0,9,17,0,26,0,0,12,0,12,0,9,29,0,38,36,3,39,77
07/29/2021,CYS,WY,ANM,WE,Federal Contract Tower,0,8,30,6,44,0,0,1,0,1,0,8,31,6,45,14,0,14,59
07/30/2021,CYS,WY,ANM,WE,Federal Contract Tower,0,4,18,0,22,0,0,21,0,21,0,4,39,0,43,34,2,36,79
07/31/2021,CYS,WY,ANM,WE,Federal Contract Tower,0,9,27,3,39,0,5,7,0,12,0,14,34,3,51,31,0,31,82
08/01/2021,CYS,WY,ANM,WE,Federal Contract Tower,0,8,28,0,36,0,0,3,0,3,0,8,31,0,39,30,3,33,72
08/02/2021,CYS,WY,ANM,WE,Federal Contract Tower,0,2,18,1,21,0,3,2,0,5,0,5,20,1,26,65,49,114,140
08/03/2021,CYS,WY,ANM,WE,Federal Contract Tower,0,2,18,1,21,0,0,19,0,19,0,2,37,1,40,24,15,39,79
08/04/2021,CYS,WY,ANM,WE,Federal Contract Tower,0,2,7,7,16,2,5,1,3,11,2,7,8,10,27,48,53,101,128
08/05/2021,CYS,WY,ANM,WE,Federal Contract Tower,0,4,7,6,17,0,0,4,0,4,0,4,11,6,21,130,51,181,202
08/06/2021,CYS,WY,ANM,WE,Federal Contract Tower,0,4,17,0,21,0,0,1,3,4,0,4,18,3,25,69,17,86,111
08/07/2021,CYS,WY,ANM,WE,Federal Contract Tower,0,3,11,0,14,0,0,5,0,5,0,3,16,0,19,3,5,8,27
08/08/2021,CYS,WY,ANM,WE,Federal Contract Tower,0,0,10,0,10,0,0,2,0,2,0,0,12,0,12,13,1,14,26
08/09/2021,CYS,WY,ANM,WE,Federal Contract Tower,0,2,9,3,14,0,0,3,1,4,0,2,12,4,18,29,36,65,83
08/10/2021,CYS,WY,ANM,WE,Federal Contract Tower,0,2,8,0,10,0,0,3,0,3,0,2,11,0,13,16,6,22,35
08/11/2021,CYS,WY,ANM,WE,Federal Contract Tower,0,2,11,2,15,0,0,5,0,5,0,2,16,2,20,52,7,59,79
08/12/2021,CYS,WY,ANM,WE,Federal Contract Tower,0,1,7,3,11,0,0,3,1,4,0,1,10,4,15,26,6,32,47
08/13/2021,CYS,WY,ANM,WE,Federal Contract Tower,0,2,14,4,20,0,0,1,0,1,0,2,15,4,21,76,24,100,121
08/14/2021,CYS,WY,ANM,WE,Federal Contract Tower,0,2,4,1,7,0,0,0,0,0,0,2,4,1,7,81,15,96,103
08/15/2021,CYS,WY,ANM,WE,Federal Contract Tower,0,0,10,0,10,0,0,0,0,0,0,0,10,0,10,39,0,39,49
08/16/2021,CYS,WY,ANM,WE,Federal Contract Tower,0,2,16,7,25,0,0,1,1,2,0,2,17,8,27,33,70,103,130
08/17/2021,CYS,WY,ANM,WE,Federal Contract Tower,0,2,14,4,20,0,0,0,13,13,0,2,14,17,33,59,38,97,130
08/18/2021,CYS,WY,ANM,WE,Federal Contract Tower,0,2,21,8,31,0,0,3,13,16,0,2,24,21,47,44,78,122,169
08/19/2021,CYS,WY,ANM,WE,Federal Contract Tower,0,2,22,5,29,0,0,4,0,4,0,2,26,5,33,65,76,141,174
08/20/2021,CYS,WY,ANM,WE,Federal Contract Tower,0,5,10,2,17,0,0,15,2,17,0,5,25,4,34,17,84,101,135
08/21/2021,CYS,WY,ANM,WE,Federal Contract Tower,0,0,6,0,6,0,0,0,8,8,0,0,6,8,14,33,0,33,47
08/22/2021,CYS,WY,ANM,WE,Federal Contract Tower,0,4,13,0,17,0,0,1,0,1,0,4,14,0,18,43,0,43,61
08/23/2021,CYS,WY,ANM,WE,Federal Contract Tower,0,7,13,8,28,0,0,1,0,1,0,7,14,8,29,39,67,106,135
08/24/2021,CYS,WY,ANM,WE,Federal Contract Tower,0,2,22,5,29,0,0,0,1,1,0,2,22,6,30,61,86,147,177
08/25/2021,CYS,WY,ANM,WE,Federal Contract Tower,0,2,9,15,26,0,2,12,0,14,0,4,21,15,40,44,94,138,178
08/26/2021,CYS,WY,ANM,WE,Federal Contract Tower,0,6,17,6,29,0,0,4,4,8,0,6,21,10,37,68,91,159,196
08/27/2021,CYS,WY,ANM,WE,Federal Contract Tower,0,4,26,2,32,0,0,9,0,9,0,4,35,2,41,57,20,77,118
08/28/2021,CYS,WY,ANM,WE,Federal Contract Tower,0,3,2,1,6,0,0,11,0,11,0,3,13,1,17,29,25,54,71
08/29/2021,CYS,WY,ANM,WE,Federal Contract Tower,0,2,18,0,20,0,0,3,0,3,0,2,21,0,23,26,0,26,49
08/30/2021,CYS,WY,ANM,WE,Federal Contract Tower,0,2,11,3,16,0,0,5,1,6,0,2,16,4,22,70,52,122,144
08/31/2021,CYS,WY,ANM,WE,Federal Contract Tower,0,2,16,4,22,0,0,0,2,2,0,2,16,6,24,21,9,30,54
09/01/2021,CYS,WY,ANM,WE,Federal Contract Tower,0,1,12,2,15,0,0,11,27,38,0,1,23,29,53,27,27,54,107
09/02/2021,CYS,WY,ANM,WE,Federal Contract Tower,0,6,16,9,31,0,0,0,0,0,0,6,16,9,31,53,47,100,131
09/03/2021,CYS,WY,ANM,WE,Federal Contract Tower,0,2,12,0,14,0,0,0,0,0,0,2,12,0,14,110,6,116,130
09/04/2021,CYS,WY,ANM,WE,Federal Contract Tower,0,4,15,0,19,0,0,0,0,0,0,4,15,0,19,91,0,91,110
09/05/2021,CYS,WY,ANM,WE,Federal Contract Tower,0,0,4,0,4,0,0,1,0,1,0,0,5,0,5,31,0,31,36
09/06/2021,CYS,WY,ANM,WE,Federal Contract Tower,0,0,7,0,7,0,0,0,0,0,0,0,7,0,7,56,0,56,63
09/07/2021,CYS,WY,ANM,WE,Federal Contract Tower,0,2,20,2,24,0,0,2,6,8,0,2,22,8,32,39,53,92,124
09/08/2021,CYS,WY,ANM,WE,Federal Contract Tower,0,2,34,4,40,0,0,18,4,22,0,2,52,8,62,26,81,107,169
09/09/2021,CYS,WY,ANM,WE,Federal Contract Tower,0,2,13,6,21,0,0,7,1,8,0,2,20,7,29,38,41,79,108
09/10/2021,CYS,WY,ANM,WE,Federal Contract Tower,0,2,18,0,20,0,0,7,0,7,0,2,25,0,27,132,51,183,210
09/11/2021,CYS,WY,ANM,WE,Federal Contract Tower,0,2,2,0,4,0,0,16,0,16,0,2,18,0,20,92,43,135,155
09/12/2021,CYS,WY,ANM,WE,Federal Contract Tower,0,0,4,0,4,0,0,5,0,5,0,0,9,0,9,24,18,42,51
09/13/2021,CYS,WY,ANM,WE,Federal Contract Tower,0,1,10,9,20,0,0,15,0,15,0,1,25,9,35,4,36,40,75
09/14/2021,CYS,WY,ANM,WE,Federal Contract Tower,0,3,13,4,20,0,0,0,5,5,0,3,13,9,25,23,26,49,74
09/15/2021,CYS,WY,ANM,WE,Federal Contract Tower,0,2,9,5,16,0,0,12,1,13,0,2,21,6,29,68,56,124,153
09/16/2021,CYS,WY,ANM,WE,Federal Contract Tower,0,4,14,3,21,0,0,2,2,4,0,4,16,5,25,42,63,105,130
09/17/2021,CYS,WY,ANM,WE,Federal Contract Tower,0,2,17,3,22,0,0,18,0,18,0,2,35,3,40,56,22,78,118
09/18/2021,CYS,WY,ANM,WE,Federal Contract Tower,0,1,4,0,5,0,0,2,0,2,0,1,6,0,7,73,0,73,80
09/19/2021,CYS,WY,ANM,WE,Federal Contract Tower,0,0,8,1,9,0,0,0,0,0,0,0,8,1,9,14,0,14,23
09/20/2021,CYS,WY,ANM,WE,Federal Contract Tower,0,2,19,2,23,0,0,2,0,2,0,2,21,2,25,40,48,88,113
09/21/2021,CYS,WY,ANM,WE,Federal Contract Tower,0,7,8,4,19,0,0,10,1,11,0,7,18,5,30,81,40,121,151
09/22/2021,CYS,WY,ANM,WE,Federal Contract Tower,0,2,22,9,33,0,0,7,0,7,0,2,29,9,40,66,58,124,164
09/23/2021,CYS,WY,ANM,WE,Federal Contract Tower,0,3,11,2,16,0,0,6,0,6,0,3,17,2,22,103,34,137,159
09/24/2021,CYS,WY,ANM,WE,Federal Contract Tower,0,4,16,1,21,0,0,10,0,10,0,4,26,1,31,117,15,132,163
09/25/2021,CYS,WY,ANM,WE,Federal Contract Tower,0,3,10,1,14,0,0,2,0,2,0,3,12,1,16,35,0,35,51
09/26/2021,CYS,WY,ANM,WE,Federal Contract Tower,0,0,10,2,12,0,0,0,0,0,0,0,10,2,12,16,2,18,30
09/27/2021,CYS,WY,ANM,WE,Federal Contract Tower,0,5,21,1,27,0,0,2,4,6,0,5,23,5,33,89,3,92,125
09/28/2021,CYS,WY,ANM,WE,Federal Contract Tower,0,4,8,2,14,0,0,0,0,0,0,4,8,2,14,54,6,60,74
09/29/2021,CYS,WY,ANM,WE,Federal Contract Tower,0,2,9,5,16,0,0,2,0,2,0,2,11,5,18,15,10,25,43
09/30/2021,CYS,WY,ANM,WE,Federal Contract Tower,0,4,19,2,25,0,0,0,0,0,0,4,19,2,25,94,4,98,123
10/01/2021,CYS,WY,ANM,WE,Federal Contract Tower,0,2,20,3,25,0,0,0,0,0,0,2,20,3,25,149,6,155,180
10/02/2021,CYS,WY,ANM,WE,Federal Contract Tower,0,2,11,0,13,0,0,8,0,8,0,2,19,0,21,123,0,123,144
10/03/2021,CYS,WY,ANM,WE,Federal Contract Tower,0,0,12,0,12,0,0,1,0,1,0,0,13,0,13,45,1,46,59
10/04/2021,CYS,WY,ANM,WE,Federal Contract Tower,0,2,9,4,15,0,0,0,0,0,0,2,9,4,15,94,76,170,185
10/05/2021,CYS,WY,ANM,WE,Federal Contract Tower,0,2,6,1,9,0,0,0,0,0,0,2,6,1,9,51,54,105,114
10/06/2021,CYS,WY,ANM,WE,Federal Contract Tower,0,4,10,7,21,0,0,22,0,22,0,4,32,7,43,49,77,126,169
10/07/2021,CYS,WY,ANM,WE,Federal Contract Tower,0,2,24,3,29,0,0,0,0,0,0,2,24,3,29,37,10,47,76
10/08/2021,CYS,WY,ANM,WE,Federal Contract Tower,0,3,19,0,22,0,0,0,0,0,0,3,19,0,22,109,31,140,162
10/09/2021,CYS,WY,ANM,WE,Federal Contract Tower,0,2,2,0,4,0,0,0,0,0,0,2,2,0,4,27,0,27,31
10/10/2021,CYS,WY,ANM,WE,Federal Contract Tower,0,0,5,0,5,0,0,0,0,0,0,0,5,0,5,25,3,28,33
10/11/2021,CYS,WY,ANM,WE,Federal Contract Tower,0,2,21,0,23,0,0,0,0,0,0,2,21,0,23,40,0,40,63
10/12/2021,CYS,WY,ANM,WE,Federal Contract Tower,0,0,10,2,12,0,0,0,0,0,0,0,10,2,12,20,0,20,32
10/13/2021,CYS,WY,ANM,WE,Federal Contract Tower,0,4,3,5,12,0,0,0,0,0,0,4,3,5,12,5,58,63,75
10/14/2021,CYS,WY,ANM,WE,Federal Contract Tower,0,2,4,0,6,0,0,0,0,0,0,2,4,0,6,32,7,39,45
10/15/2021,CYS,WY,ANM,WE,Federal Contract Tower,0,2,13,4,19,0,0,9,0,9,0,2,22,4,28,44,82,126,154
10/16/2021,CYS,WY,ANM,WE,Federal Contract Tower,0,2,6,0,8,0,0,0,1,1,0,2,6,1,9,43,1,44,53
10/17/2021,CYS,WY,ANM,WE,Federal Contract Tower,0,0,10,2,12,0,0,17,0,17,0,0,27,2,29,12,0,12,41
10/18/2021,CYS,WY,ANM,WE,Federal Contract Tower,0,5,7,5,17,0,0,0,0,0,0,5,7,5,17,69,73,142,159
10/19/2021,CYS,WY,ANM,WE,Federal Contract Tower,0,2,7,0,9,0,2,0,0,2,0,4,7,0,11,10,14,24,35
10/20/2021,CYS,WY,ANM,WE,Federal Contract Tower,0,6,13,5,24,0,0,4,0,4,0,6,17,5,28,28,87,115,143
10/21/2021,CYS,WY,ANM,WE,Federal Contract Tower,0,2,14,5,21,0,0,2,0,2,0,2,16,5,23,77,71,148,171
10/22/2021,CYS,WY,ANM,WE,Federal Contract Tower,0,5,11,2,18,0,0,13,0,13,0,5,24,2,31,67,13,80,111
10/23/2021,CYS,WY,ANM,WE,Federal Contract Tower,0,2,10,1,13,0,0,0,0,0,0,2,10,1,13,49,0,49,62
10/24/2021,CYS,WY,ANM,WE,Federal Contract Tower,0,4,4,0,8,0,0,1,0,1,0,4,5,0,9,43,0,43,52
10/25/2021,CYS,WY,ANM,WE,Federal Contract Tower,0,2,11,3,16,0,0,2,0,2,0,2,13,3,18,48,45,93,111
10/26/2021,CYS,WY,ANM,WE,Federal Contract Tower,0,6,7,5,18,0,0,2,0,2,0,6,9,5,20,38,77,115,135
10/27/2021,CYS,WY,ANM,WE,Federal Contract Tower,0,2,3,4,9,0,0,2,1,3,0,2,5,5,12,0,20,20,32
10/28/2021,CYS,WY,ANM,WE,Federal Contract Tower,0,2,11,2,15,0,0,4,0,4,0,2,15,2,19,36,43,79,98
10/29/2021,CYS,WY,ANM,WE,Federal Contract Tower,0,4,32,1,37,0,0,0,0,0,0,4,32,1,37,89,15,104,141
10/30/2021,CYS,WY,ANM,WE,Federal Contract Tower,0,2,4,0,6,0,0,2,0,2,0,2,6,0,8,11,0,11,19
10/31/2021,CYS,WY,ANM,WE,Federal Contract Tower,0,0,0,0,0,0,0,0,0,0,0,0,0,0,0,5,0,5,5
11/01/2021,CYS,WY,ANM,WE,Federal Contract Tower,1,2,3,0,6,0,0,0,0,0,1,2,3,0,6,0,0,0,6
11/02/2021,CYS,WY,ANM,WE,Federal Contract Tower,3,1,2,4,10,0,0,0,0,0,3,1,2,4,10,6,3,9,19
11/03/2021,CYS,WY,ANM,WE,Federal Contract Tower,4,1,12,8,25,0,0,5,0,5,4,1,17,8,30,46,54,100,130
11/04/2021,CYS,WY,ANM,WE,Federal Contract Tower,4,2,11,4,21,0,0,4,0,4,4,2,15,4,25,96,109,205,230
11/06/2021,CYS,WY,ANM,WE,Federal Contract Tower,3,0,7,2,12,0,0,2,0,2,3,0,9,2,14,36,2,38,52
11/07/2021,CYS,WY,ANM,WE,Federal Contract Tower,3,0,10,5,18,0,0,2,0,2,3,0,12,5,20,10,5,15,35
11/08/2021,CYS,WY,ANM,WE,Federal Contract Tower,3,2,12,6,23,0,0,2,3,5,3,2,14,9,28,16,28,44,72
11/09/2021,CYS,WY,ANM,WE,Federal Contract Tower,3,1,22,11,37,0,0,0,0,0,3,1,22,11,37,60,102,162,199
11/10/2021,CYS,WY,ANM,WE,Federal Contract Tower,3,2,9,1,15,0,0,0,0,0,3,2,9,1,15,12,67,79,94
11/11/2021,CYS,WY,ANM,WE,Federal Contract Tower,7,2,13,0,22,0,0,0,0,0,7,2,13,0,22,5,0,5,27
11/12/2021,CYS,WY,ANM,WE,Federal Contract Tower,3,2,4,0,9,0,0,0,0,0,3,2,4,0,9,19,5,24,33
11/13/2021,CYS,WY,ANM,WE,Federal Contract Tower,5,0,6,0,11,0,0,0,0,0,5,0,6,0,11,3,2,5,16
11/14/2021,CYS,WY,ANM,WE,Federal Contract Tower,0,3,3,0,6,0,0,0,0,0,0,3,3,0,6,7,0,7,13
11/15/2021,CYS,WY,ANM,WE,Federal Contract Tower,3,0,13,12,28,0,0,2,0,2,3,0,15,12,30,10,44,54,84
11/16/2021,CYS,WY,ANM,WE,Federal Contract Tower,3,4,4,3,14,0,0,0,0,0,3,4,4,3,14,6,13,19,33
11/17/2021,CYS,WY,ANM,WE,Federal Contract Tower,3,1,14,3,21,0,0,6,0,6,3,1,20,3,27,37,10,47,74
11/18/2021,CYS,WY,ANM,WE,Federal Contract Tower,4,1,9,2,16,0,0,0,0,0,4,1,9,2,16,14,10,24,40
11/19/2021,CYS,WY,ANM,WE,Federal Contract Tower,4,1,19,2,26,0,0,0,0,0,4,1,19,2,26,24,10,34,60
11/20/2021,CYS,WY,ANM,WE,Federal Contract Tower,2,0,16,0,18,0,0,0,0,0,2,0,16,0,18,37,2,39,57
11/21/2021,CYS,WY,ANM,WE,Federal Contract Tower,3,0,9,0,12,0,0,3,0,3,3,0,12,0,15,32,0,32,47
11/22/2021,CYS,WY,ANM,WE,Federal Contract Tower,4,2,8,5,19,0,0,3,0,3,4,2,11,5,22,47,53,100,122
11/23/2021,CYS,WY,ANM,WE,Federal Contract Tower,3,5,16,3,27,0,0,0,0,0,3,5,16,3,27,31,89,120,147
11/25/2021,CYS,WY,ANM,WE,Federal Contract Tower,2,1,0,0,3,0,0,1,0,1,2,1,1,0,4,3,0,3,7
11/26/2021,CYS,WY,ANM,WE,Federal Contract Tower,2,2,11,0,15,0,0,1,0,1,2,2,12,0,16,12,0,12,28
11/27/2021,CYS,WY,ANM,WE,Federal Contract Tower,4,2,4,0,10,0,0,5,0,5,4,2,9,0,15,75,0,75,90
11/28/2021,CYS,WY,ANM,WE,Federal Contract Tower,4,4,5,0,13,0,0,1,0,1,4,4,6,0,14,24,0,24,38
11/29/2021,CYS,WY,ANM,WE,Federal Contract Tower,4,6,13,3,26,0,0,0,0,0,4,6,13,3,26,22,20,42,68
11/30/2021,CYS,WY,ANM,WE,Federal Contract Tower,2,2,11,7,22,0,0,2,0,2,2,2,13,7,24,26,34,60,84
12/01/2021,CYS,WY,ANM,WE,Federal Contract Tower,3,6,8,15,32,0,0,0,0,0,3,6,8,15,32,16,119,135,167
12/02/2021,CYS,WY,ANM,WE,Federal Contract Tower,4,5,13,5,27,0,0,24,0,24,4,5,37,5,51,85,96,181,232
12/03/2021,CYS,WY,ANM,WE,Federal Contract Tower,4,6,12,2,24,0,0,0,0,0,4,6,12,2,24,84,8,92,116
12/04/2021,CYS,WY,ANM,WE,Federal Contract Tower,2,2,6,1,11,0,0,16,0,16,2,2,22,1,27,50,11,61,88
12/05/2021,CYS,WY,ANM,WE,Federal Contract Tower,3,0,4,0,7,0,0,0,0,0,3,0,4,0,7,0,0,0,7
12/06/2021,CYS,WY,ANM,WE,Federal Contract Tower,3,0,13,6,22,0,0,0,0,0,3,0,13,6,22,27,37,64,86
12/07/2021,CYS,WY,ANM,WE,Federal Contract Tower,2,0,15,2,19,0,0,0,0,0,2,0,15,2,19,8,48,56,75
12/08/2021,CYS,WY,ANM,WE,Federal Contract Tower,4,2,20,8,34,0,0,7,0,7,4,2,27,8,41,97,64,161,202
12/09/2021,CYS,WY,ANM,WE,Federal Contract Tower,3,0,10,3,16,0,0,0,0,0,3,0,10,3,16,23,0,23,39
12/10/2021,CYS,WY,ANM,WE,Federal Contract Tower,5,2,5,5,17,0,0,0,0,0,5,2,5,5,17,13,104,117,134
12/11/2021,CYS,WY,ANM,WE,Federal Contract Tower,2,0,3,0,5,0,0,0,0,0,2,0,3,0,5,0,0,0,5
12/12/2021,CYS,WY,ANM,WE,Federal Contract Tower,4,0,4,0,8,0,0,0,0,0,4,0,4,0,8,19,19,38,46
12/13/2021,CYS,WY,ANM,WE,Federal Contract Tower,4,4,10,6,24,0,0,0,0,0,4,4,10,6,24,81,56,137,161
12/14/2021,CYS,WY,ANM,WE,Federal Contract Tower,2,1,34,9,46,0,0,0,0,0,2,1,34,9,46,100,51,151,197
12/15/2021,CYS,WY,ANM,WE,Federal Contract Tower,3,1,12,0,16,0,0,0,0,0,3,1,12,0,16,5,3,8,24
12/16/2021,CYS,WY,ANM,WE,Federal Contract Tower,5,4,15,6,30,0,0,16,2,18,5,4,31,8,48,43,102,145,193
12/17/2021,CYS,WY,ANM,WE,Federal Contract Tower,6,2,7,1,16,0,0,0,1,1,6,2,7,2,17,29,4,33,50
12/18/2021,CYS,WY,ANM,WE,Federal Contract Tower,2,0,7,0,9,0,0,0,0,0,2,0,7,0,9,144,0,144,153
12/19/2021,CYS,WY,ANM,WE,Federal Contract Tower,4,0,4,1,9,0,0,0,0,0,4,0,4,1,9,10,0,10,19
12/20/2021,CYS,WY,ANM,WE,Federal Contract Tower,4,0,9,12,25,0,0,0,0,0,4,0,9,12,25,26,29,55,80
12/21/2021,CYS,WY,ANM,WE,Federal Contract Tower,3,2,3,0,8,0,0,0,0,0,3,2,3,0,8,2,0,2,10
12/22/2021,CYS,WY,ANM,WE,Federal Contract Tower,6,4,6,0,16,0,0,0,0,0,6,4,6,0,16,0,0,0,16
12/23/2021,CYS,WY,ANM,WE,Federal Contract Tower,5,5,7,0,17,0,0,0,0,0,5,5,7,0,17,0,0,0,17
12/24/2021,CYS,WY,ANM,WE,Federal Contract Tower,4,2,0,8,14,0,0,2,0,2,4,2,2,8,16,0,1,1,17
12/25/2021,CYS,WY,ANM,WE,Federal Contract Tower,2,0,1,0,3,0,0,2,0,2,2,0,3,0,5,2,0,2,7
12/26/2021,CYS,WY,ANM,WE,Federal Contract Tower,4,6,14,0,24,0,0,0,0,0,4,6,14,0,24,4,0,4,28
12/27/2021,CYS,WY,ANM,WE,Federal Contract Tower,4,0,16,0,20,0,0,1,0,1,4,0,17,0,21,14,10,24,45
12/28/2021,CYS,WY,ANM,WE,Federal Contract Tower,2,2,10,1,15,0,0,0,0,0,2,2,10,1,15,38,25,63,78
12/29/2021,CYS,WY,ANM,WE,Federal Contract Tower,0,4,21,0,25,0,0,0,0,0,0,4,21,0,25,19,8,27,52
12/30/2021,CYS,WY,ANM,WE,Federal Contract Tower,2,0,4,0,6,0,0,1,0,1,2,0,5,0,7,5,0,5,12
12/31/2021,CYS,WY,ANM,WE,Federal Contract Tower,5,1,0,0,6,0,0,0,0,0,5,1,0,0,6,14,0,14,20
01/01/2022,CYS,WY,ANM,WE,Federal Contract Tower,4,0,2,0,6,0,0,1,0,1,4,0,3,0,7,8,0,8,15
01/02/2022,CYS,WY,ANM,WE,Federal Contract Tower,5,0,5,0,10,0,0,3,0,3,5,0,8,0,13,10,0,10,23
01/03/2022,CYS,WY,ANM,WE,Federal Contract Tower,3,4,10,4,21,0,0,0,0,0,3,4,10,4,21,50,14,64,85
01/04/2022,CYS,WY,ANM,WE,Federal Contract Tower,0,1,8,2,11,0,0,0,0,0,0,1,8,2,11,0,0,0,11
01/05/2022,CYS,WY,ANM,WE,Federal Contract Tower,0,1,6,0,7,0,0,0,0,0,0,1,6,0,7,0,0,0,7
01/06/2022,CYS,WY,ANM,WE,Federal Contract Tower,0,0,10,1,11,0,0,0,0,0,0,0,10,1,11,1,12,13,24
01/07/2022,CYS,WY,ANM,WE,Federal Contract Tower,1,2,15,11,29,0,0,0,0,0,1,2,15,11,29,78,31,109,138
01/08/2022,CYS,WY,ANM,WE,Federal Contract Tower,2,0,9,0,11,0,0,0,0,0,2,0,9,0,11,35,11,46,57
01/09/2022,CYS,WY,ANM,WE,Federal Contract Tower,2,0,18,1,21,0,0,26,0,26,2,0,44,1,47,27,3,30,77
01/10/2022,CYS,WY,ANM,WE,Federal Contract Tower,0,4,13,7,24,0,0,0,0,0,0,4,13,7,24,21,29,50,74
01/11/2022,CYS,WY,ANM,WE,Federal Contract Tower,0,4,9,4,17,0,0,0,0,0,0,4,9,4,17,34,23,57,74
01/12/2022,CYS,WY,ANM,WE,Federal Contract Tower,0,5,4,4,13,0,0,6,1,7,0,5,10,5,20,26,83,109,129
01/13/2022,CYS,WY,ANM,WE,Federal Contract Tower,2,2,2,2,8,0,0,0,0,0,2,2,2,2,8,96,48,144,152
01/14/2022,CYS,WY,ANM,WE,Federal Contract Tower,2,4,9,0,15,0,0,0,0,0,2,4,9,0,15,3,0,3,18
01/15/2022,CYS,WY,ANM,WE,Federal Contract Tower,2,2,1,0,5,0,0,16,2,18,2,2,17,2,23,54,2,56,79
01/16/2022,CYS,WY,ANM,WE,Federal Contract Tower,2,0,5,0,7,0,0,0,0,0,2,0,5,0,7,15,0,15,22
01/17/2022,CYS,WY,ANM,WE,Federal Contract Tower,1,2,9,0,12,0,0,0,0,0,1,2,9,0,12,24,0,24,36
01/18/2022,CYS,WY,ANM,WE,Federal Contract Tower,2,1,25,8,36,0,0,2,0,2,2,1,27,8,38,33,70,103,141
01/19/2022,CYS,WY,ANM,WE,Federal Contract Tower,2,2,9,3,16,0,0,0,0,0,2,2,9,3,16,0,21,21,37
01/20/2022,CYS,WY,ANM,WE,Federal Contract Tower,3,3,16,7,29,0,0,0,0,0,3,3,16,7,29,55,83,138,167
01/21/2022,CYS,WY,ANM,WE,Federal Contract Tower,3,4,14,9,30,0,0,0,0,0,3,4,14,9,30,29,31,60,90
01/22/2022,CYS,WY,ANM,WE,Federal Contract Tower,2,4,6,2,14,0,0,19,23,42,2,4,25,25,56,78,12,90,146
01/23/2022,CYS,WY,ANM,WE,Federal Contract Tower,1,0,3,0,4,0,0,0,0,0,1,0,3,0,4,23,0,23,27
01/24/2022,CYS,WY,ANM,WE,Federal Contract Tower,2,6,21,8,37,0,0,2,0,2,2,6,23,8,39,45,100,145,184
01/25/2022,CYS,WY,ANM,WE,Federal Contract Tower,2,2,12,4,20,0,0,0,0,0,2,2,12,4,20,0,33,33,53
01/26/2022,CYS,WY,ANM,WE,Federal Contract Tower,2,2,12,12,28,0,0,13,0,13,2,2,25,12,41,31,51,82,123
01/27/2022,CYS,WY,ANM,WE,Federal Contract Tower,6,0,5,27,38,0,0,1,0,1,6,0,6,27,39,24,2,26,65
01/28/2022,CYS,WY,ANM,WE,Federal Contract Tower,2,2,1,2,7,0,0,6,0,6,2,2,7,2,13,42,10,52,65
01/29/2022,CYS,WY,ANM,WE,Federal Contract Tower,2,1,11,0,14,0,0,34,0,34,2,1,45,0,48,82,0,82,130
01/30/2022,CYS,WY,ANM,WE,Federal Contract Tower,2,0,14,1,17,0,0,110,0,110,2,0,124,1,127,108,0,108,235
01/31/2022,CYS,WY,ANM,WE,Federal Contract Tower,0,3,5,1,9,0,1,0,0,1,0,4,5,1,10,10,19,29,39
02/01/2022,CYS,WY,ANM,WE,Federal Contract Tower,2,2,1,3,8,0,0,0,0,0,2,2,1,3,8,0,13,13,21
02/02/2022,CYS,WY,ANM,WE,Federal Contract Tower,1,2,3,0,6,0,0,0,0,0,1,2,3,0,6,0,0,0,6
02/03/2022,CYS,WY,ANM,WE,Federal Contract Tower,2,1,6,0,9,0,0,27,2,29,2,1,33,2,38,66,65,131,169
02/04/2022,CYS,WY,ANM,WE,Federal Contract Tower,2,5,8,3,18,0,0,7,2,9,2,5,15,5,27,62,13,75,102
02/05/2022,CYS,WY,ANM,WE,Federal Contract Tower,1,4,6,0,11,0,0,10,2,12,1,4,16,2,23,58,6,64,87
02/06/2022,CYS,WY,ANM,WE,Federal Contract Tower,2,0,15,0,17,0,0,0,0,0,2,0,15,0,17,12,0,12,29
02/07/2022,CYS,WY,ANM,WE,Federal Contract Tower,8,0,11,3,22,0,0,11,2,13,8,0,22,5,35,39,21,60,95
02/08/2022,CYS,WY,ANM,WE,Federal Contract Tower,0,6,9,1,16,0,1,2,6,9,0,7,11,7,25,21,62,83,108
02/09/2022,CYS,WY,ANM,WE,Federal Contract Tower,2,2,15,5,24,0,0,0,0,0,2,2,15,5,24,50,38,88,112
02/10/2022,CYS,WY,ANM,WE,Federal Contract Tower,3,0,4,3,10,0,0,8,1,9,3,0,12,4,19,33,43,76,95
02/11/2022,CYS,WY,ANM,WE,Federal Contract Tower,0,0,0,0,0,0,3,2,1,6,0,3,2,1,6,1,2,3,9
02/12/2022,CYS,WY,ANM,WE,Federal Contract Tower,0,1,8,1,10,0,0,0,0,0,0,1,8,1,10,0,32,32,42
02/13/2022,CYS,WY,ANM,WE,Federal Contract Tower,0,2,0,0,2,0,2,0,0,2,0,4,0,0,4,0,0,0,4
02/14/2022,CYS,WY,ANM,WE,Federal Contract Tower,1,2,10,2,15,0,0,0,0,0,1,2,10,2,15,68,64,132,147
02/15/2022,CYS,WY,ANM,WE,Federal Contract Tower,2,2,7,12,23,0,0,0,0,0,2,2,7,12,23,91,75,166,189
02/16/2022,CYS,WY,ANM,WE,Federal Contract Tower,2,1,1,5,9,0,0,0,0,0,2,1,1,5,9,0,0,0,9
02/17/2022,CYS,WY,ANM,WE,Federal Contract Tower,2,9,10,6,27,0,0,0,0,0,2,9,10,6,27,46,64,110,137
02/18/2022,CYS,WY,ANM,WE,Federal Contract Tower,2,1,15,1,19,0,0,0,0,0,2,1,15,1,19,37,15,52,71
02/19/2022,CYS,WY,ANM,WE,Federal Contract Tower,0,3,8,0,11,0,0,0,0,0,0,3,8,0,11,45,0,45,56
02/20/2022,CYS,WY,ANM,WE,Federal Contract Tower,2,1,4,0,7,0,0,0,0,0,2,1,4,0,7,12,0,12,19
02/21/2022,CYS,WY,ANM,WE,Federal Contract Tower,2,0,4,3,9,0,0,0,0,0,2,0,4,3,9,0,0,0,9
02/22/2022,CYS,WY,ANM,WE,Federal Contract Tower,2,2,8,3,15,0,0,1,2,3,2,2,9,5,18,3,62,65,83
02/23/2022,CYS,WY,ANM,WE,Federal Contract Tower,2,2,14,2,20,0,0,0,0,0,2,2,14,2,20,1,6,7,27
02/24/2022,CYS,WY,ANM,WE,Federal Contract Tower,2,1,15,9,27,0,0,4,0,4,2,1,19,9,31,38,55,93,124
02/26/2022,CYS,WY,ANM,WE,Federal Contract Tower,0,2,27,0,29,0,0,0,0,0,0,2,27,0,29,81,0,81,110
02/27/2022,CYS,WY,ANM,WE,Federal Contract Tower,0,1,6,0,7,0,0,0,0,0,0,1,6,0,7,35,0,35,42
02/28/2022,CYS,WY,ANM,WE,Federal Contract Tower,2,2,5,6,15,0,0,0,0,0,2,2,5,6,15,9,36,45,60
03/01/2022,CYS,WY,ANM,WE,Federal Contract Tower,2,3,10,4,19,0,0,0,0,0,2,3,10,4,19,11,25,36,55
03/02/2022,CYS,WY,ANM,WE,Federal Contract Tower,2,5,12,10,29,0,0,0,0,0,2,5,12,10,29,66,84,150,179
03/03/2022,CYS,WY,ANM,WE,Federal Contract Tower,0,3,13,3,19,0,0,25,7,32,0,3,38,10,51,90,65,155,206
03/04/2022,CYS,WY,ANM,WE,Federal Contract Tower,2,2,17,3,24,0,0,2,4,6,2,2,19,7,30,57,37,94,124
03/05/2022,CYS,WY,ANM,WE,Federal Contract Tower,0,2,7,2,11,0,0,0,0,0,0,2,7,2,11,0,0,0,11
03/06/2022,CYS,WY,ANM,WE,Federal Contract Tower,0,1,5,0,6,0,0,0,0,0,0,1,5,0,6,0,0,0,6
03/07/2022,CYS,WY,ANM,WE,Federal Contract Tower,2,4,15,10,31,0,0,0,0,0,2,4,15,10,31,52,28,80,111
03/08/2022,CYS,WY,ANM,WE,Federal Contract Tower,0,6,15,3,24,0,1,12,2,15,0,7,27,5,39,37,46,83,122
03/09/2022,CYS,WY,ANM,WE,Federal Contract Tower,1,0,4,0,5,0,0,0,0,0,1,0,4,0,5,0,0,0,5
03/10/2022,CYS,WY,ANM,WE,Federal Contract Tower,1,2,12,10,25,0,0,4,12,16,1,2,16,22,41,13,72,85,126
03/11/2022,CYS,WY,ANM,WE,Federal Contract Tower,0,3,18,4,25,0,0,4,2,6,0,3,22,6,31,54,41,95,126
03/12/2022,CYS,WY,ANM,WE,Federal Contract Tower,0,1,6,0,7,0,0,0,0,0,0,1,6,0,7,6,0,6,13
03/13/2022,CYS,WY,ANM,WE,Federal Contract Tower,0,1,13,0,14,0,0,0,0,0,0,1,13,0,14,49,0,49,63
03/15/2022,CYS,WY,ANM,WE,Federal Contract Tower,2,1,10,2,15,0,0,0,0,0,2,1,10,2,15,57,87,144,159
03/16/2022,CYS,WY,ANM,WE,Federal Contract Tower,0,3,13,3,19,0,0,16,30,46,0,3,29,33,65,144,125,269,334
03/17/2022,CYS,WY,ANM,WE,Federal Contract Tower,2,2,4,2,10,0,0,0,0,0,2,2,4,2,10,4,17,21,31
03/18/2022,CYS,WY,ANM,WE,Federal Contract Tower,2,4,28,3,37,0,0,0,0,0,2,4,28,3,37,71,36,107,144
03/19/2022,CYS,WY,ANM,WE,Federal Contract Tower,0,3,6,0,9,0,0,0,0,0,0,3,6,0,9,31,84,115,124
03/20/2022,CYS,WY,ANM,WE,Federal Contract Tower,0,1,11,1,13,0,0,0,0,0,0,1,11,1,13,64,0,64,77
03/21/2022,CYS,WY,ANM,WE,Federal Contract Tower,2,3,8,2,15,0,0,0,0,0,2,3,8,2,15,6,46,52,67
03/22/2022,CYS,WY,ANM,WE,Federal Contract Tower,0,4,9,2,15,0,0,7,0,7,0,4,16,2,22,0,40,40,62
03/23/2022,CYS,WY,ANM,WE,Federal Contract Tower,1,1,6,6,14,0,0,0,0,0,1,1,6,6,14,16,92,108,122
03/24/2022,CYS,WY,ANM,WE,Federal Contract Tower,0,4,11,11,26,0,0,6,0,6,0,4,17,11,32,27,72,99,131
03/25/2022,CYS,WY,ANM,WE,Federal Contract Tower,0,3,33,1,37,0,0,9,0,9,0,3,42,1,46,99,1,100,146
03/26/2022,CYS,WY,ANM,WE,Federal Contract Tower,0,9,10,0,19,0,0,0,0,0,0,9,10,0,19,53,0,53,72
03/27/2022,CYS,WY,ANM,WE,Federal Contract Tower,0,4,4,0,8,0,0,0,0,0,0,4,4,0,8,35,0,35,43
03/28/2022,CYS,WY,ANM,WE,Federal Contract Tower,2,7,26,0,35,4,0,14,0,18,6,7,40,0,53,39,24,63,116
03/29/2022,CYS,WY,ANM,WE,Federal Contract Tower,0,5,11,4,20,0,0,0,0,0,0,5,11,4,20,0,59,59,79
03/30/2022,CYS,WY,ANM,WE,Federal Contract Tower,4,6,16,1,27,0,0,1,3,4,4,6,17,4,31,11,34,45,76
03/31/2022,CYS,WY,ANM,WE,Federal Contract Tower,4,3,20,2,29,0,0,15,0,15,4,3,35,2,44,24,64,88,132
04/01/2022,CYS,WY,ANM,WE,Federal Contract Tower,0,7,13,4,24,0,0,0,0,0,0,7,13,4,24,7,30,37,61
04/02/2022,CYS,WY,ANM,WE,Federal Contract Tower,4,2,5,2,13,0,0,17,0,17,4,2,22,2,30,84,0,84,114
04/03/2022,CYS,WY,ANM,WE,Federal Contract Tower,0,4,4,0,8,0,0,0,0,0,0,4,4,0,8,41,6,47,55
04/04/2022,CYS,WY,ANM,WE,Federal Contract Tower,0,6,8,11,25,0,0,0,0,0,0,6,8,11,25,48,43,91,116
04/05/2022,CYS,WY,ANM,WE,Federal Contract Tower,0,6,2,0,8,0,0,0,0,0,0,6,2,0,8,0,0,0,8
04/06/2022,CYS,WY,ANM,WE,Federal Contract Tower,0,5,4,3,12,0,0,2,0,2,0,5,6,3,14,8,74,82,96
04/07/2022,CYS,WY,ANM,WE,Federal Contract Tower,0,4,3,3,10,0,0,0,0,0,0,4,3,3,10,1,25,26,36
04/08/2022,CYS,WY,ANM,WE,Federal Contract Tower,3,1,25,6,35,0,0,36,13,49,3,1,61,19,84,77,22,99,183
04/09/2022,CYS,WY,ANM,WE,Federal Contract Tower,0,5,5,1,11,0,0,0,0,0,0,5,5,1,11,54,2,56,67
04/10/2022,CYS,WY,ANM,WE,Federal Contract Tower,0,3,4,0,7,0,0,0,0,0,0,3,4,0,7,0,2,2,9
04/11/2022,CYS,WY,ANM,WE,Federal Contract Tower,0,3,4,0,7,0,0,0,0,0,0,3,4,0,7,55,30,85,92
04/12/2022,CYS,WY,ANM,WE,Federal Contract Tower,3,5,7,3,18,0,0,0,0,0,3,5,7,3,18,0,48,48,66
04/13/2022,CYS,WY,ANM,WE,Federal Contract Tower,4,1,4,16,25,0,0,1,2,3,4,1,5,18,28,26,73,99,127
04/14/2022,CYS,WY,ANM,WE,Federal Contract Tower,4,1,17,7,29,0,0,4,6,10,4,1,21,13,39,30,44,74,113
04/15/2022,CYS,WY,ANM,WE,Federal Contract Tower,0,6,14,10,30,0,0,0,0,0,0,6,14,10,30,65,21,86,116
04/16/2022,CYS,WY,ANM,WE,Federal Contract Tower,0,6,7,0,13,0,0,0,0,0,0,6,7,0,13,90,0,90,103
04/17/2022,CYS,WY,ANM,WE,Federal Contract Tower,0,4,0,0,4,0,0,0,0,0,0,4,0,0,4,0,0,0,4
04/18/2022,CYS,WY,ANM,WE,Federal Contract Tower,0,6,13,3,22,0,0,0,0,0,0,6,13,3,22,107,26,133,155
04/19/2022,CYS,WY,ANM,WE,Federal Contract Tower,4,3,6,5,18,0,0,3,1,4,4,3,9,6,22,65,77,142,164
04/20/2022,CYS,WY,ANM,WE,Federal Contract Tower,4,2,21,2,29,0,0,2,0,2,4,2,23,2,31,25,66,91,122
04/21/2022,CYS,WY,ANM,WE,Federal Contract Tower,0,10,16,4,30,0,4,0,0,4,0,14,16,4,34,65,56,121,155
04/22/2022,CYS,WY,ANM,WE,Federal Contract Tower,0,4,8,0,12,0,1,0,2,3,0,5,8,2,15,38,30,68,83
04/23/2022,CYS,WY,ANM,WE,Federal Contract Tower,0,4,2,2,8,0,0,0,0,0,0,4,2,2,8,0,0,0,8
04/24/2022,CYS,WY,ANM,WE,Federal Contract Tower,4,0,3,2,9,0,0,0,0,0,4,0,3,2,9,11,0,11,20
04/25/2022,CYS,WY,ANM,WE,Federal Contract Tower,0,6,15,0,21,1,2,2,4,9,1,8,17,4,30,152,71,223,253
04/26/2022,CYS,WY,ANM,WE,Federal Contract Tower,3,2,31,0,36,0,0,0,0,0,3,2,31,0,36,40,55,95,131
04/27/2022,CYS,WY,ANM,WE,Federal Contract Tower,0,14,11,4,29,0,0,4,2,6,0,14,15,6,35,88,53,141,176
04/28/2022,CYS,WY,ANM,WE,Federal Contract Tower,4,2,9,4,19,0,0,7,1,8,4,2,16,5,27,64,38,102,129
04/29/2022,CYS,WY,ANM,WE,Federal Contract Tower,0,4,5,0,9,0,0,0,0,0,0,4,5,0,9,3,4,7,16
04/30/2022,CYS,WY,ANM,WE,Federal Contract Tower,0,6,0,3,9,0,0,5,0,5,0,6,5,3,14,6,3,9,23
05/01/2022,CYS,WY,ANM,WE,Federal Contract Tower,0,2,3,0,5,0,0,0,0,0,0,2,3,0,5,47,2,49,54
05/02/2022,CYS,WY,ANM,WE,Federal Contract Tower,0,6,3,0,9,0,0,0,0,0,0,6,3,0,9,14,0,14,23
05/03/2022,CYS,WY,ANM,WE,Federal Contract Tower,2,6,5,3,16,0,0,1,0,1,2,6,6,3,17,0,8,8,25
05/04/2022,CYS,WY,ANM,WE,Federal Contract Tower,2,2,4,0,8,0,0,0,0,0,2,2,4,0,8,0,81,81,89
05/05/2022,CYS,WY,ANM,WE,Federal Contract Tower,2,2,12,7,23,0,0,11,3,14,2,2,23,10,37,27,38,65,102
05/06/2022,CYS,WY,ANM,WE,Federal Contract Tower,4,2,2,0,8,0,2,4,0,6,4,4,6,0,14,47,28,75,89
05/07/2022,CYS,WY,ANM,WE,Federal Contract Tower,0,3,5,0,8,0,0,12,0,12,0,3,17,0,20,53,0,53,73
05/08/2022,CYS,WY,ANM,WE,Federal Contract Tower,0,4,4,0,8,0,0,0,0,0,0,4,4,0,8,4,0,4,12
05/09/2022,CYS,WY,ANM,WE,Federal Contract Tower,0,4,7,3,14,0,0,0,0,0,0,4,7,3,14,4,100,104,118
05/10/2022,CYS,WY,ANM,WE,Federal Contract Tower,0,12,8,4,24,0,0,5,0,5,0,12,13,4,29,11,62,73,102
05/11/2022,CYS,WY,ANM,WE,Federal Contract Tower,4,4,22,8,38,0,0,10,0,10,4,4,32,8,48,43,78,121,169
05/12/2022,CYS,WY,ANM,WE,Federal Contract Tower,0,5,7,1,13,0,0,0,0,0,0,5,7,1,13,0,16,16,29
05/13/2022,CYS,WY,ANM,WE,Federal Contract Tower,0,6,11,5,22,0,0,0,0,0,0,6,11,5,22,18,7,25,47
05/14/2022,CYS,WY,ANM,WE,Federal Contract Tower,0,6,6,2,14,0,1,36,0,37,0,7,42,2,51,23,11,34,85
05/15/2022,CYS,WY,ANM,WE,Federal Contract Tower,0,0,32,8,40,0,4,6,2,12,0,4,38,10,52,20,0,20,72
05/16/2022,CYS,WY,ANM,WE,Federal Contract Tower,0,7,15,4,26,0,0,0,0,0,0,7,15,4,26,50,71,121,147
05/17/2022,CYS,WY,ANM,WE,Federal Contract Tower,3,8,21,4,36,0,0,14,11,25,3,8,35,15,61,1,10,11,72
05/18/2022,CYS,WY,ANM,WE,Federal Contract Tower,0,7,10,10,27,0,0,11,0,11,0,7,21,10,38,41,98,139,177
05/19/2022,CYS,WY,ANM,WE,Federal Contract Tower,4,6,9,4,23,0,0,0,0,0,4,6,9,4,23,0,44,44,67
05/20/2022,CYS,WY,ANM,WE,Federal Contract Tower,0,6,6,0,12,0,0,0,0,0,0,6,6,0,12,0,2,2,14
05/21/2022,CYS,WY,ANM,WE,Federal Contract Tower,0,3,6,0,9,0,0,0,0,0,0,3,6,0,9,59,1,60,69
05/22/2022,CYS,WY,ANM,WE,Federal Contract Tower,0,4,1,0,5,0,0,0,0,0,0,4,1,0,5,0,0,0,5
05/23/2022,CYS,WY,ANM,WE,Federal Contract Tower,0,6,14,14,34,0,0,9,0,9,0,6,23,14,43,0,63,63,106
05/24/2022,CYS,WY,ANM,WE,Federal Contract Tower,0,15,6,2,23,0,0,1,12,13,0,15,7,14,36,9,83,92,128
05/25/2022,CYS,WY,ANM,WE,Federal Contract Tower,3,5,9,3,20,0,0,0,0,0,3,5,9,3,20,34,22,56,76
05/26/2022,CYS,WY,ANM,WE,Federal Contract Tower,0,6,14,2,22,0,0,0,0,0,0,6,14,2,22,45,40,85,107
05/27/2022,CYS,WY,ANM,WE,Federal Contract Tower,0,7,16,2,25,0,0,0,0,0,0,7,16,2,25,54,6,60,85
05/28/2022,CYS,WY,ANM,WE,Federal Contract Tower,0,6,4,0,10,0,0,0,0,0,0,6,4,0,10,36,0,36,46
05/29/2022,CYS,WY,ANM,WE,Federal Contract Tower,0,4,3,0,7,0,0,0,0,0,0,4,3,0,7,17,0,17,24
05/30/2022,CYS,WY,ANM,WE,Federal Contract Tower,0,4,2,0,6,0,0,0,0,0,0,4,2,0,6,14,0,14,20
05/31/2022,CYS,WY,ANM,WE,Federal Contract Tower,4,9,9,2,24,0,0,30,1,31,4,9,39,3,55,1,38,39,94
06/01/2022,CYS,WY,ANM,WE,Federal Contract Tower,4,3,9,1,17,0,0,15,3,18,4,3,24,4,35,54,63,117,152
06/02/2022,CYS,WY,ANM,WE,Federal Contract Tower,4,3,16,4,27,0,1,2,0,3,4,4,18,4,30,84,27,111,141
06/03/2022,CYS,WY,ANM,WE,Federal Contract Tower,0,1,2,0,3,2,8,9,0,19,2,9,11,0,22,35,30,65,87
06/04/2022,CYS,WY,ANM,WE,Federal Contract Tower,0,6,5,1,12,0,0,33,0,33,0,6,38,1,45,5,0,5,50
06/05/2022,CYS,WY,ANM,WE,Federal Contract Tower,0,4,9,0,13,0,0,12,3,15,0,4,21,3,28,22,0,22,50
06/06/2022,CYS,WY,ANM,WE,Federal Contract Tower,0,3,10,1,14,0,0,0,0,0,0,3,10,1,14,5,24,29,43
06/07/2022,CYS,WY,ANM,WE,Federal Contract Tower,5,4,5,0,14,0,0,0,0,0,5,4,5,0,14,21,52,73,87
06/08/2022,CYS,WY,ANM,WE,Federal Contract Tower,3,4,8,3,18,0,0,1,0,1,3,4,9,3,19,62,42,104,123
06/09/2022,CYS,WY,ANM,WE,Federal Contract Tower,0,6,7,1,14,0,0,0,2,2,0,6,7,3,16,22,31,53,69
06/10/2022,CYS,WY,ANM,WE,Federal Contract Tower,4,3,6,1,14,0,0,0,0,0,4,3,6,1,14,43,15,58,72
06/11/2022,CYS,WY,ANM,WE,Federal Contract Tower,0,6,6,0,12,0,0,0,0,0,0,6,6,0,12,28,6,34,46
06/12/2022,CYS,WY,ANM,WE,Federal Contract Tower,0,5,3,2,10,0,0,0,0,0,0,5,3,2,10,56,2,58,68
06/13/2022,CYS,WY,ANM,WE,Federal Contract Tower,4,1,4,4,13,0,0,0,0,0,4,1,4,4,13,25,42,67,80
06/14/2022,CYS,WY,ANM,WE,Federal Contract Tower,1,8,7,0,16,0,1,1,1,3,1,9,8,1,19,34,101,135,154
06/15/2022,CYS,WY,ANM,WE,Federal Contract Tower,0,9,12,2,23,0,0,3,0,3,0,9,15,2,26,24,30,54,80
06/16/2022,CYS,WY,ANM,WE,Federal Contract Tower,4,2,23,0,29,0,0,0,0,0,4,2,23,0,29,42,15,57,86
06/17/2022,CYS,WY,ANM,WE,Federal Contract Tower,0,10,12,1,23,0,0,0,0,0,0,10,12,1,23,49,2,51,74
06/18/2022,CYS,WY,ANM,WE,Federal Contract Tower,0,6,13,0,19,0,0,0,0,0,0,6,13,0,19,0,0,0,19
06/19/2022,CYS,WY,ANM,WE,Federal Contract Tower,0,4,11,0,15,0,0,0,0,0,0,4,11,0,15,47,3,50,65
06/20/2022,CYS,WY,ANM,WE,Federal Contract Tower,0,4,11,0,15,0,0,0,0,0,0,4,11,0,15,74,0,74,89
06/21/2022,CYS,WY,ANM,WE,Federal Contract Tower,0,6,19,5,30,0,0,0,0,0,0,6,19,5,30,50,7,57,87
06/22/2022,CYS,WY,ANM,WE,Federal Contract Tower,0,5,26,2,33,0,0,0,10,10,0,5,26,12,43,71,14,85,128
06/23/2022,CYS,WY,ANM,WE,Federal Contract Tower,4,2,17,4,27,0,0,7,0,7,4,2,24,4,34,66,19,85,119
06/24/2022,CYS,WY,ANM,WE,Federal Contract Tower,4,8,16,2,30,0,0,0,0,0,4,8,16,2,30,43,17,60,90
06/25/2022,CYS,WY,ANM,WE,Federal Contract Tower,4,0,5,1,10,0,0,3,1,4,4,0,8,2,14,22,1,23,37
06/26/2022,CYS,WY,ANM,WE,Federal Contract Tower,0,5,11,2,18,0,0,22,0,22,0,5,33,2,40,0,3,3,43
06/27/2022,CYS,WY,ANM,WE,Federal Contract Tower,4,2,16,0,22,0,0,18,0,18,4,2,34,0,40,86,20,106,146
06/28/2022,CYS,WY,ANM,WE,Federal Contract Tower,4,6,14,3,27,0,0,24,0,24,4,6,38,3,51,69,123,192,243
06/29/2022,CYS,WY,ANM,WE,Federal Contract Tower,0,9,12,5,26,0,0,6,13,19,0,9,18,18,45,56,63,119,164
06/30/2022,CYS,WY,ANM,WE,Federal Contract Tower,4,4,9,11,28,0,0,10,1,11,4,4,19,12,39,7,38,45,84
07/01/2022,CYS,WY,ANM,WE,Federal Contract Tower,4,6,11,0,21,0,0,24,0,24,4,6,35,0,45,26,7,33,78
07/02/2022,CYS,WY,ANM,WE,Federal Contract Tower,0,6,6,0,12,0,0,0,0,0,0,6,6,0,12,13,0,13,25
07/03/2022,CYS,WY,ANM,WE,Federal Contract Tower,0,4,6,0,10,0,0,0,0,0,0,4,6,0,10,28,0,28,38
07/04/2022,CYS,WY,ANM,WE,Federal Contract Tower,2,4,4,0,10,0,0,0,0,0,2,4,4,0,10,27,0,27,37
07/05/2022,CYS,WY,ANM,WE,Federal Contract Tower,4,4,14,3,25,0,0,0,0,0,4,4,14,3,25,86,124,210,235
07/06/2022,CYS,WY,ANM,WE,Federal Contract Tower,0,0,33,0,33,7,2,12,7,28,7,2,45,7,61,12,65,77,138
07/07/2022,CYS,WY,ANM,WE,Federal Contract Tower,4,2,21,3,30,0,0,34,0,34,4,2,55,3,64,8,120,128,192
07/08/2022,CYS,WY,ANM,WE,Federal Contract Tower,4,1,13,2,20,0,1,36,0,37,4,2,49,2,57,27,30,57,114
07/09/2022,CYS,WY,ANM,WE,Federal Contract Tower,0,6,9,0,15,0,0,88,0,88,0,6,97,0,103,5,0,5,108
07/10/2022,CYS,WY,ANM,WE,Federal Contract Tower,20,4,9,2,35,0,0,0,0,0,20,4,9,2,35,16,0,16,51
07/11/2022,CYS,WY,ANM,WE,Federal Contract Tower,0,6,15,4,25,0,0,4,0,4,0,6,19,4,29,51,40,91,120
07/12/2022,CYS,WY,ANM,WE,Federal Contract Tower,6,5,22,10,43,0,0,26,0,26,6,5,48,10,69,43,91,134,203
07/13/2022,CYS,WY,ANM,WE,Federal Contract Tower,0,5,9,3,17,0,0,5,1,6,0,5,14,4,23,31,65,96,119
07/14/2022,CYS,WY,ANM,WE,Federal Contract Tower,2,4,5,3,14,0,0,4,2,6,2,4,9,5,20,45,14,59,79
07/15/2022,CYS,WY,ANM,WE,Federal Contract Tower,0,4,12,15,31,0,0,0,0,0,0,4,12,15,31,74,30,104,135
07/16/2022,CYS,WY,ANM,WE,Federal Contract Tower,0,6,6,0,12,0,0,40,0,40,0,6,46,0,52,0,0,0,52
07/17/2022,CYS,WY,ANM,WE,Federal Contract Tower,0,1,13,3,17,0,0,39,0,39,0,1,52,3,56,0,15,15,71
07/18/2022,CYS,WY,ANM,WE,Federal Contract Tower,0,8,22,2,32,0,0,0,0,0,0,8,22,2,32,45,1,46,78
07/19/2022,CYS,WY,ANM,WE,Federal Contract Tower,3,7,23,4,37,0,0,2,0,2,3,7,25,4,39,34,84,118,157
07/20/2022,CYS,WY,ANM,WE,Federal Contract Tower,9,10,19,5,43,0,0,23,2,25,9,10,42,7,68,12,95,107,175
07/21/2022,CYS,WY,ANM,WE,Federal Contract Tower,4,3,23,7,37,0,0,27,7,34,4,3,50,14,71,23,53,76,147
07/22/2022,CYS,WY,ANM,WE,Federal Contract Tower,6,0,32,12,50,0,0,0,0,0,6,0,32,12,50,22,38,60,110
07/23/2022,CYS,WY,ANM,WE,Federal Contract Tower,4,6,15,1,26,0,0,41,0,41,4,6,56,1,67,6,4,10,77
07/24/2022,CYS,WY,ANM,WE,Federal Contract Tower,4,6,17,2,29,0,0,0,2,2,4,6,17,4,31,29,8,37,68
07/25/2022,CYS,WY,ANM,WE,Federal Contract Tower,0,10,16,2,28,0,0,11,0,11,0,10,27,2,39,58,2,60,99
07/26/2022,CYS,WY,ANM,WE,Federal Contract Tower,5,7,12,3,27,0,0,10,7,17,5,7,22,10,44,44,31,75,119
07/27/2022,CYS,WY,ANM,WE,Federal Contract Tower,0,7,19,7,33,0,0,7,2,9,0,7,26,9,42,11,40,51,93
07/28/2022,CYS,WY,ANM,WE,Federal Contract Tower,0,17,14,14,45,0,0,17,0,17,0,17,31,14,62,20,64,84,146
07/29/2022,CYS,WY,ANM,WE,Federal Contract Tower,3,5,24,0,32,0,0,31,0,31,3,5,55,0,63,12,0,12,75
07/30/2022,CYS,WY,ANM,WE,Federal Contract Tower,4,4,14,3,25,0,0,58,0,58,4,4,72,3,83,3,0,3,86
07/31/2022,CYS,WY,ANM,WE,Federal Contract Tower,0,7,27,1,35,0,0,0,0,0,0,7,27,1,35,28,7,35,70
08/01/2022,CYS,WY,ANM,WE,Federal Contract Tower,0,7,13,2,22,0,0,0,1,1,0,7,13,3,23,60,9,69,92
08/02/2022,CYS,WY,ANM,WE,Federal Contract Tower,0,8,10,4,22,0,0,0,2,2,0,8,10,6,24,61,78,139,163
08/03/2022,CYS,WY,ANM,WE,Federal Contract Tower,5,6,8,5,24,0,0,40,1,41,5,6,48,6,65,45,61,106,171
08/04/2022,CYS,WY,ANM,WE,Federal Contract Tower,0,9,18,5,32,0,0,35,4,39,0,9,53,9,71,49,58,107,178
08/05/2022,CYS,WY,ANM,WE,Federal Contract Tower,0,6,13,3,22,0,0,39,4,43,0,6,52,7,65,36,24,60,125
08/06/2022,CYS,WY,ANM,WE,Federal Contract Tower,1,10,4,5,20,0,0,4,0,4,1,10,8,5,24,41,14,55,79
08/07/2022,CYS,WY,ANM,WE,Federal Contract Tower,0,4,17,1,22,0,0,0,0,0,0,4,17,1,22,20,3,23,45
08/08/2022,CYS,WY,ANM,WE,Federal Contract Tower,0,4,15,3,22,0,0,17,11,28,0,4,32,14,50,30,33,63,113
08/09/2022,CYS,WY,ANM,WE,Federal Contract Tower,4,2,17,2,25,0,0,6,1,7,4,2,23,3,32,35,19,54,86
08/10/2022,CYS,WY,ANM,WE,Federal Contract Tower,4,5,18,2,29,0,0,36,10,46,4,5,54,12,75,35,47,82,157
08/11/2022,CYS,WY,ANM,WE,Federal Contract Tower,4,9,14,9,36,0,0,31,7,38,4,9,45,16,74,48,62,110,184
08/13/2022,CYS,WY,ANM,WE,Federal Contract Tower,0,7,9,0,16,0,2,37,0,39,0,9,46,0,55,47,3,50,105
08/14/2022,CYS,WY,ANM,WE,Federal Contract Tower,4,2,6,0,12,0,0,0,0,0,4,2,6,0,12,69,0,69,81
08/15/2022,CYS,WY,ANM,WE,Federal Contract Tower,6,2,15,5,28,0,4,5,0,9,6,6,20,5,37,57,62,119,156
08/16/2022,CYS,WY,ANM,WE,Federal Contract Tower,0,7,14,7,28,0,0,14,0,14,0,7,28,7,42,61,108,169,211
08/17/2022,CYS,WY,ANM,WE,Federal Contract Tower,4,8,23,7,42,0,0,25,6,31,4,8,48,13,73,31,74,105,178
08/18/2022,CYS,WY,ANM,WE,Federal Contract Tower,0,7,11,5,23,0,0,14,0,14,0,7,25,5,37,34,68,102,139
08/19/2022,CYS,WY,ANM,WE,Federal Contract Tower,5,5,14,5,29,0,0,25,7,32,5,5,39,12,61,19,22,41,102
08/20/2022,CYS,WY,ANM,WE,Federal Contract Tower,0,6,7,0,13,0,0,22,0,22,0,6,29,0,35,63,0,63,98
08/21/2022,CYS,WY,ANM,WE,Federal Contract Tower,5,4,14,0,23,0,0,32,0,32,5,4,46,0,55,60,7,67,122
08/22/2022,CYS,WY,ANM,WE,Federal Contract Tower,3,1,17,8,29,0,1,4,0,5,3,2,21,8,34,55,73,128,162
08/23/2022,CYS,WY,ANM,WE,Federal Contract Tower,4,6,14,6,30,0,0,11,20,31,4,6,25,26,61,42,61,103,164
08/24/2022,CYS,WY,ANM,WE,Federal Contract Tower,0,10,24,2,36,0,0,26,5,31,0,10,50,7,67,48,38,86,153
08/25/2022,CYS,WY,ANM,WE,Federal Contract Tower,4,5,22,3,34,0,0,4,19,23,4,5,26,22,57,29,7,36,93
08/26/2022,CYS,WY,ANM,WE,Federal Contract Tower,4,7,18,0,29,0,0,38,0,38,4,7,56,0,67,22,51,73,140
08/27/2022,CYS,WY,ANM,WE,Federal Contract Tower,0,6,5,0,11,0,0,19,0,19,0,6,24,0,30,30,0,30,60
08/28/2022,CYS,WY,ANM,WE,Federal Contract Tower,4,0,13,0,17,0,0,0,0,0,4,0,13,0,17,17,4,21,38
08/29/2022,CYS,WY,ANM,WE,Federal Contract Tower,4,4,11,2,21,0,1,5,6,12,4,5,16,8,33,4,7,11,44
08/30/2022,CYS,WY,ANM,WE,Federal Contract Tower,4,2,15,4,25,0,0,26,12,38,4,2,41,16,63,45,56,101,164
08/31/2022,CYS,WY,ANM,WE,Federal Contract Tower,4,8,10,1,23,0,0,9,16,25,4,8,19,17,48,39,19,58,106
09/01/2022,CYS,WY,ANM,WE,Federal Contract Tower,4,5,12,3,24,0,0,24,2,26,4,5,36,5,50,32,46,78,128
09/02/2022,CYS,WY,ANM,WE,Federal Contract Tower,4,2,20,1,27,0,0,20,0,20,4,2,40,1,47,15,0,15,62
09/03/2022,CYS,WY,ANM,WE,Federal Contract Tower,0,4,7,0,11,0,0,27,0,27,0,4,34,0,38,39,0,39,77
09/04/2022,CYS,WY,ANM,WE,Federal Contract Tower,4,2,7,0,13,0,0,0,0,0,4,2,7,0,13,94,0,94,107
09/05/2022,CYS,WY,ANM,WE,Federal Contract Tower,4,2,10,0,16,0,1,0,0,1,4,3,10,0,17,34,0,34,51
09/06/2022,CYS,WY,ANM,WE,Federal Contract Tower,4,2,18,6,30,0,0,17,1,18,4,2,35,7,48,38,32,70,118
09/07/2022,CYS,WY,ANM,WE,Federal Contract Tower,0,9,4,3,16,0,0,25,5,30,0,9,29,8,46,52,74,126,172
09/08/2022,CYS,WY,ANM,WE,Federal Contract Tower,4,8,10,2,24,0,0,40,4,44,4,8,50,6,68,3,62,65,133
09/09/2022,CYS,WY,ANM,WE,Federal Contract Tower,4,4,26,0,34,0,0,4,5,9,4,4,30,5,43,0,4,4,47
09/10/2022,CYS,WY,ANM,WE,Federal Contract Tower,4,2,5,2,13,0,0,0,0,0,4,2,5,2,13,0,0,0,13
09/11/2022,CYS,WY,ANM,WE,Federal Contract Tower,0,4,16,0,20,0,0,3,0,3,0,4,19,0,23,83,0,83,106
09/12/2022,CYS,WY,ANM,WE,Federal Contract Tower,4,1,17,4,26,0,1,64,0,65,4,2,81,4,91,24,73,97,188
09/13/2022,CYS,WY,ANM,WE,Federal Contract Tower,0,8,10,3,21,0,0,30,24,54,0,8,40,27,75,16,145,161,236
09/14/2022,CYS,WY,ANM,WE,Federal Contract Tower,4,2,19,10,35,1,0,21,3,25,5,2,40,13,60,54,39,93,153
09/15/2022,CYS,WY,ANM,WE,Federal Contract Tower,0,14,33,2,49,0,1,18,0,19,0,15,51,2,68,32,23,55,123
09/16/2022,CYS,WY,ANM,WE,Federal Contract Tower,0,10,7,7,24,0,3,0,0,3,0,13,7,7,27,27,48,75,102
09/17/2022,CYS,WY,ANM,WE,Federal Contract Tower,4,4,7,4,19,0,0,42,0,42,4,4,49,4,61,16,54,70,131
09/18/2022,CYS,WY,ANM,WE,Federal Contract Tower,0,3,12,0,15,0,0,28,4,32,0,3,40,4,47,54,2,56,103
09/19/2022,CYS,WY,ANM,WE,Federal Contract Tower,0,5,16,3,24,1,0,31,0,32,1,5,47,3,56,74,48,122,178
09/20/2022,CYS,WY,ANM,WE,Federal Contract Tower,4,2,21,3,30,0,0,38,10,48,4,2,59,13,78,10,28,38,116
09/21/2022,CYS,WY,ANM,WE,Federal Contract Tower,0,9,15,7,31,0,0,11,9,20,0,9,26,16,51,0,53,53,104
09/22/2022,CYS,WY,ANM,WE,Federal Contract Tower,0,6,14,4,24,0,0,0,0,0,0,6,14,4,24,0,6,6,30
09/23/2022,CYS,WY,ANM,WE,Federal Contract Tower,5,4,6,3,18,0,0,4,0,4,5,4,10,3,22,10,17,27,49
09/24/2022,CYS,WY,ANM,WE,Federal Contract Tower,0,6,11,0,17,0,1,4,0,5,0,7,15,0,22,53,0,53,75
09/25/2022,CYS,WY,ANM,WE,Federal Contract Tower,3,0,8,2,13,0,0,6,0,6,3,0,14,2,19,115,2,117,136
09/26/2022,CYS,WY,ANM,WE,Federal Contract Tower,0,6,11,5,22,0,0,10,25,35,0,6,21,30,57,50,104,154,211
09/27/2022,CYS,WY,ANM,WE,Federal Contract Tower,0,9,20,10,39,0,0,8,16,24,0,9,28,26,63,82,108,190,253
09/28/2022,CYS,WY,ANM,WE,Federal Contract Tower,4,2,2,0,8,0,0,3,0,3,4,2,5,0,11,3,61,64,75
09/29/2022,CYS,WY,ANM,WE,Federal Contract Tower,0,5,12,6,23,0,0,24,27,51,0,5,36,33,74,15,36,51,125
09/30/2022,CYS,WY,ANM,WE,Federal Contract Tower,0,6,6,4,16,0,0,12,1,13,0,6,18,5,29,7,115,122,151
10/01/2022,CYS,WY,ANM,WE,Federal Contract Tower,0,6,5,0,11,0,0,15,0,15,0,6,20,0,26,27,0,27,53
10/02/2022,CYS,WY,ANM,WE,Federal Contract Tower,4,0,2,1,7,0,0,19,0,19,4,0,21,1,26,30,0,30,56
10/03/2022,CYS,WY,ANM,WE,Federal Contract Tower,0,8,13,6,27,0,6,26,17,49,0,14,39,23,76,19,52,71,147
10/04/2022,CYS,WY,ANM,WE,Federal Contract Tower,0,7,24,3,34,0,0,42,29,71,0,7,66,32,105,59,35,94,199
10/05/2022,CYS,WY,ANM,WE,Federal Contract Tower,0,5,18,3,26,0,0,40,20,60,0,5,58,23,86,72,43,115,201
10/06/2022,CYS,WY,ANM,WE,Federal Contract Tower,0,6,23,4,33,0,0,28,2,30,0,6,51,6,63,38,103,141,204
10/07/2022,CYS,WY,ANM,WE,Federal Contract Tower,0,5,19,0,24,0,0,0,0,0,0,5,19,0,24,10,6,16,40
10/08/2022,CYS,WY,ANM,WE,Federal Contract Tower,0,6,13,0,19,0,0,2,0,2,0,6,15,0,21,119,0,119,140
10/09/2022,CYS,WY,ANM,WE,Federal Contract Tower,3,0,10,1,14,0,0,0,0,0,3,0,10,1,14,65,0,65,79
10/10/2022,CYS,WY,ANM,WE,Federal Contract Tower,0,4,16,0,20,0,0,15,0,15,0,4,31,0,35,63,0,63,98
10/11/2022,CYS,WY,ANM,WE,Federal Contract Tower,0,6,10,4,20,0,0,6,7,13,0,6,16,11,33,2,80,82,115
10/12/2022,CYS,WY,ANM,WE,Federal Contract Tower,2,4,11,10,27,0,0,16,9,25,2,4,27,19,52,5,43,48,100
10/13/2022,CYS,WY,ANM,WE,Federal Contract Tower,0,4,10,0,14,0,0,11,2,13,0,4,21,2,27,4,40,44,71
10/14/2022,CYS,WY,ANM,WE,Federal Contract Tower,4,3,9,10,26,0,0,10,14,24,4,3,19,24,50,23,36,59,109
10/15/2022,CYS,WY,ANM,WE,Federal Contract Tower,4,2,6,4,16,0,0,8,14,22,4,2,14,18,38,50,1,51,89
10/16/2022,CYS,WY,ANM,WE,Federal Contract Tower,4,2,14,5,25,0,0,2,0,2,4,2,16,5,27,65,0,65,92
10/17/2022,CYS,WY,ANM,WE,Federal Contract Tower,4,2,10,2,18,0,0,8,5,13,4,2,18,7,31,64,50,114,145
10/18/2022,CYS,WY,ANM,WE,Federal Contract Tower,0,6,31,7,44,0,3,23,15,41,0,9,54,22,85,35,38,73,158
10/19/2022,CYS,WY,ANM,WE,Federal Contract Tower,4,6,13,0,23,0,0,11,2,13,4,6,24,2,36,11,26,37,73
10/20/2022,CYS,WY,ANM,WE,Federal Contract Tower,4,5,19,6,34,0,0,26,20,46,4,5,45,26,80,37,18,55,135
10/21/2022,CYS,WY,ANM,WE,Federal Contract Tower,0,4,16,0,20,0,0,7,0,7,0,4,23,0,27,2,11,13,40
10/22/2022,CYS,WY,ANM,WE,Federal Contract Tower,4,4,3,0,11,0,0,8,0,8,4,4,11,0,19,23,0,23,42
10/23/2022,CYS,WY,ANM,WE,Federal Contract Tower,3,2,3,0,8,0,0,0,0,0,3,2,3,0,8,20,0,20,28
10/24/2022,CYS,WY,ANM,WE,Federal Contract Tower,0,6,9,4,19,0,0,5,2,7,0,6,14,6,26,0,64,64,90
10/25/2022,CYS,WY,ANM,WE,Federal Contract Tower,0,6,10,2,18,0,0,2,0,2,0,6,12,2,20,21,22,43,63
10/26/2022,CYS,WY,ANM,WE,Federal Contract Tower,4,7,8,4,23,0,0,5,8,13,4,7,13,12,36,21,68,89,125
10/27/2022,CYS,WY,ANM,WE,Federal Contract Tower,5,3,7,4,19,0,0,12,0,12,5,3,19,4,31,26,27,53,84
10/28/2022,CYS,WY,ANM,WE,Federal Contract Tower,4,4,9,0,17,0,0,33,7,40,4,4,42,7,57,28,0,28,85
10/29/2022,CYS,WY,ANM,WE,Federal Contract Tower,0,6,11,0,17,0,0,26,0,26,0,6,37,0,43,19,0,19,62
10/30/2022,CYS,WY,ANM,WE,Federal Contract Tower,4,2,16,0,22,0,0,34,2,36,4,2,50,2,58,82,3,85,143
10/31/2022,CYS,WY,ANM,WE,Federal Contract Tower,4,6,10,1,21,0,0,18,2,20,4,6,28,3,41,3,0,3,44
11/01/2022,CYS,WY,ANM,WE,Federal Contract Tower,4,4,10,2,20,0,2,18,14,34,4,6,28,16,54,27,88,115,169
11/02/2022,CYS,WY,ANM,WE,Federal Contract Tower,4,5,10,1,20,0,0,38,17,55,4,5,48,18,75,21,43,64,139
11/03/2022,CYS,WY,ANM,WE,Federal Contract Tower,4,3,6,1,14,0,0,10,0,10,4,3,16,1,24,0,0,0,24
11/04/2022,CYS,WY,ANM,WE,Federal Contract Tower,0,4,14,0,18,0,0,26,8,34,0,4,40,8,52,6,2,8,60
11/05/2022,CYS,WY,ANM,WE,Federal Contract Tower,0,4,4,0,8,0,0,0,0,0,0,4,4,0,8,0,0,0,8
11/06/2022,CYS,WY,ANM,WE,Federal Contract Tower,0,3,10,0,13,0,0,9,2,11,0,3,19,2,24,16,0,16,40
11/07/2022,CYS,WY,ANM,WE,Federal Contract Tower,4,5,11,2,22,0,0,6,4,10,4,5,17,6,32,34,68,102,134
11/08/2022,CYS,WY,ANM,WE,Federal Contract Tower,0,7,17,4,28,0,0,45,17,62,0,7,62,21,90,107,39,146,236
11/09/2022,CYS,WY,ANM,WE,Federal Contract Tower,0,11,24,2,37,0,0,1,2,3,0,11,25,4,40,8,60,68,108
11/10/2022,CYS,WY,ANM,WE,Federal Contract Tower,4,6,12,4,26,0,0,7,0,7,4,6,19,4,33,15,7,22,55
11/11/2022,CYS,WY,ANM,WE,Federal Contract Tower,4,8,8,0,20,0,0,43,1,44,4,8,51,1,64,37,0,37,101
11/12/2022,CYS,WY,ANM,WE,Federal Contract Tower,4,2,6,0,12,0,0,18,0,18,4,2,24,0,30,61,3,64,94
11/13/2022,CYS,WY,ANM,WE,Federal Contract Tower,4,0,11,1,16,0,0,6,0,6,4,0,17,1,22,24,4,28,50
11/14/2022,CYS,WY,ANM,WE,Federal Contract Tower,0,15,14,0,29,0,0,7,0,7,0,15,21,0,36,29,26,55,91
11/15/2022,CYS,WY,ANM,WE,Federal Contract Tower,0,8,13,2,23,0,0,5,1,6,0,8,18,3,29,23,82,105,134
11/16/2022,CYS,WY,ANM,WE,Federal Contract Tower,0,7,9,3,19,0,0,7,4,11,0,7,16,7,30,12,42,54,84
11/17/2022,CYS,WY,ANM,WE,Federal Contract Tower,0,5,5,1,11,0,0,0,0,0,0,5,5,1,11,0,8,8,19
11/18/2022,CYS,WY,ANM,WE,Federal Contract Tower,0,9,7,2,18,0,0,13,13,26,0,9,20,15,44,32,34,66,110
11/19/2022,CYS,WY,ANM,WE,Federal Contract Tower,0,7,6,0,13,0,0,4,0,4,0,7,10,0,17,37,0,37,54
11/20/2022,CYS,WY,ANM,WE,Federal Contract Tower,0,6,14,0,20,0,0,0,0,0,0,6,14,0,20,53,2,55,75
11/21/2022,CYS,WY,ANM,WE,Federal Contract Tower,0,9,14,0,23,0,0,21,12,33,0,9,35,12,56,58,103,161,217
11/22/2022,CYS,WY,ANM,WE,Federal Contract Tower,0,14,14,2,30,0,0,14,0,14,0,14,28,2,44,32,106,138,182
11/23/2022,CYS,WY,ANM,WE,Federal Contract Tower,4,3,4,0,11,0,0,0,0,0,4,3,4,0,11,14,4,18,29
11/24/2022,CYS,WY,ANM,WE,Federal Contract Tower,0,5,3,0,8,0,0,0,0,0,0,5,3,0,8,0,0,0,8
11/25/2022,CYS,WY,ANM,WE,Federal Contract Tower,0,6,10,0,16,0,0,23,0,23,0,6,33,0,39,32,0,32,71
11/26/2022,CYS,WY,ANM,WE,Federal Contract Tower,0,8,2,0,10,0,0,9,0,9,0,8,11,0,19,38,0,38,57
11/27/2022,CYS,WY,ANM,WE,Federal Contract Tower,0,5,1,0,6,0,0,3,0,3,0,5,4,0,9,0,0,0,9
11/28/2022,CYS,WY,ANM,WE,Federal Contract Tower,0,9,6,2,17,0,0,6,2,8,0,9,12,4,25,7,17,24,49
11/29/2022,CYS,WY,ANM,WE,Federal Contract Tower,0,7,7,4,18,0,0,1,12,13,0,7,8,16,31,8,16,24,55
11/30/2022,CYS,WY,ANM,WE,Federal Contract Tower,0,7,2,0,9,0,0,21,11,32,0,7,23,11,41,59,27,86,127
12/01/2022,CYS,WY,ANM,WE,Federal Contract Tower,0,9,8,3,20,0,0,18,3,21,0,9,26,6,41,83,67,150,191
12/02/2022,CYS,WY,ANM,WE,Federal Contract Tower,0,5,7,0,12,0,1,2,0,3,0,6,9,0,15,0,4,4,19
12/03/2022,CYS,WY,ANM,WE,Federal Contract Tower,0,8,3,0,11,0,0,10,0,10,0,8,13,0,21,36,2,38,59
12/04/2022,CYS,WY,ANM,WE,Federal Contract Tower,0,4,11,0,15,0,0,4,0,4,0,4,15,0,19,32,6,38,57
12/05/2022,CYS,WY,ANM,WE,Federal Contract Tower,0,5,10,0,15,0,0,7,43,50,0,5,17,43,65,1,30,31,96
12/06/2022,CYS,WY,ANM,WE,Federal Contract Tower,0,4,20,4,28,0,0,3,0,3,0,4,23,4,31,17,122,139,170
12/07/2022,CYS,WY,ANM,WE,Federal Contract Tower,0,12,9,0,21,0,0,11,0,11,0,12,20,0,32,53,35,88,120
12/08/2022,CYS,WY,ANM,WE,Federal Contract Tower,0,9,8,4,21,0,0,3,22,25,0,9,11,26,46,2,38,40,86
12/09/2022,CYS,WY,ANM,WE,Federal Contract Tower,0,9,12,4,25,0,0,31,3,34,0,9,43,7,59,12,37,49,108
12/10/2022,CYS,WY,ANM,WE,Federal Contract Tower,0,8,8,0,16,0,0,35,6,41,0,8,43,6,57,63,0,63,120
12/11/2022,CYS,WY,ANM,WE,Federal Contract Tower,0,8,10,5,23,0,0,0,0,0,0,8,10,5,23,34,4,38,61
12/12/2022,CYS,WY,ANM,WE,Federal Contract Tower,0,6,2,1,9,0,1,21,9,31,0,7,23,10,40,1,22,23,63
12/13/2022,CYS,WY,ANM,WE,Federal Contract Tower,0,4,2,2,8,0,0,0,0,0,0,4,2,2,8,0,0,0,8
12/14/2022,CYS,WY,ANM,WE,Federal Contract Tower,0,6,9,1,16,0,0,0,0,0,0,6,9,1,16,0,47,47,63
12/15/2022,CYS,WY,ANM,WE,Federal Contract Tower,0,5,7,2,14,0,0,4,1,5,0,5,11,3,19,2,53,55,74
12/16/2022,CYS,WY,ANM,WE,Federal Contract Tower,0,4,4,1,9,0,0,2,6,8,0,4,6,7,17,0,0,0,17
12/17/2022,CYS,WY,ANM,WE,Federal Contract Tower,4,3,7,0,14,0,0,7,0,7,4,3,14,0,21,26,0,26,47
12/18/2022,CYS,WY,ANM,WE,Federal Contract Tower,0,4,12,0,16,0,0,5,0,5,0,4,17,0,21,47,0,47,68
12/19/2022,CYS,WY,ANM,WE,Federal Contract Tower,0,6,6,0,12,0,0,2,0,2,0,6,8,0,14,15,24,39,53
12/20/2022,CYS,WY,ANM,WE,Federal Contract Tower,0,4,10,0,14,0,0,3,0,3,0,4,13,0,17,12,69,81,98
12/21/2022,CYS,WY,ANM,WE,Federal Contract Tower,0,7,2,0,9,0,0,4,0,4,0,7,6,0,13,8,3,11,24
12/22/2022,CYS,WY,ANM,WE,Federal Contract Tower,2,0,6,0,8,0,0,0,0,0,2,0,6,0,8,0,0,0,8
12/23/2022,CYS,WY,ANM,WE,Federal Contract Tower,0,6,6,0,12,0,0,6,0,6,0,6,12,0,18,21,0,21,39
12/24/2022,CYS,WY,ANM,WE,Federal Contract Tower,0,3,3,0,6,0,0,3,0,3,0,3,6,0,9,26,0,26,35
12/25/2022,CYS,WY,ANM,WE,Federal Contract Tower,0,3,5,0,8,0,0,0,0,0,0,3,5,0,8,3,0,3,11
12/26/2022,CYS,WY,ANM,WE,Federal Contract Tower,7,0,6,0,13,0,0,58,0,58,7,0,64,0,71,58,0,58,129
12/27/2022,CYS,WY,ANM,WE,Federal Contract Tower,4,2,3,0,9,0,0,11,0,11,4,2,14,0,20,44,56,100,120
12/28/2022,CYS,WY,ANM,WE,Federal Contract Tower,2,4,4,0,10,0,0,5,0,5,2,4,9,0,15,22,44,66,81
12/29/2022,CYS,WY,ANM,WE,Federal Contract Tower,3,6,5,0,14,0,0,9,11,20,3,6,14,11,34,25,18,43,77
12/30/2022,CYS,WY,ANM,WE,Federal Contract Tower,0,6,8,0,14,0,0,26,0,26,0,6,34,0,40,22,0,22,62
12/31/2022,CYS,WY,ANM,WE,Federal Contract Tower,0,2,10,0,12,0,0,15,0,15,0,2,25,0,27,14,0,14,41
01/01/2023,CYS,WY,ANM,WE,Federal Contract Tower,0,2,6,0,8,0,0,0,0,0,0,2,6,0,8,1,0,1,9
01/02/2023,CYS,WY,ANM,WE,Federal Contract Tower,0,1,3,0,4,0,0,0,0,0,0,1,3,0,4,0,0,0,4
01/03/2023,CYS,WY,ANM,WE,Federal Contract Tower,0,5,10,0,15,0,0,0,0,0,0,5,10,0,15,4,0,4,19
01/04/2023,CYS,WY,ANM,WE,Federal Contract Tower,0,12,7,0,19,0,0,2,0,2,0,12,9,0,21,42,47,89,110
01/05/2023,CYS,WY,ANM,WE,Federal Contract Tower,0,6,7,0,13,0,0,27,7,34,0,6,34,7,47,27,121,148,195
01/06/2023,CYS,WY,ANM,WE,Federal Contract Tower,0,8,10,4,22,0,0,11,0,11,0,8,21,4,33,2,0,2,35
01/07/2023,CYS,WY,ANM,WE,Federal Contract Tower,0,7,8,0,15,0,0,36,0,36,0,7,44,0,51,88,62,150,201
01/08/2023,CYS,WY,ANM,WE,Federal Contract Tower,0,5,4,0,9,0,0,13,1,14,0,5,17,1,23,42,0,42,65
01/09/2023,CYS,WY,ANM,WE,Federal Contract Tower,0,6,9,1,16,0,0,6,0,6,0,6,15,1,22,14,41,55,77
01/10/2023,CYS,WY,ANM,WE,Federal Contract Tower,0,5,12,0,17,0,0,5,0,5,0,5,17,0,22,10,50,60,82
01/11/2023,CYS,WY,ANM,WE,Federal Contract Tower,4,4,10,0,18,0,0,0,0,0,4,4,10,0,18,0,36,36,54
01/12/2023,CYS,WY,ANM,WE,Federal Contract Tower,0,6,29,8,43,0,0,8,1,9,0,6,37,9,52,90,52,142,194
01/13/2023,CYS,WY,ANM,WE,Federal Contract Tower,0,6,22,2,30,0,1,41,1,43,0,7,63,3,73,14,7,21,94
01/14/2023,CYS,WY,ANM,WE,Federal Contract Tower,0,5,6,0,11,0,0,9,0,9,0,5,15,0,20,88,0,88,108
01/15/2023,CYS,WY,ANM,WE,Federal Contract Tower,0,3,9,0,12,0,0,0,0,0,0,3,9,0,12,19,0,19,31
01/16/2023,CYS,WY,ANM,WE,Federal Contract Tower,3,2,23,0,28,0,0,11,0,11,3,2,34,0,39,41,0,41,80
01/17/2023,CYS,WY,ANM,WE,Federal Contract Tower,0,5,12,2,19,0,0,29,0,29,0,5,41,2,48,35,116,151,199
01/18/2023,CYS,WY,ANM,WE,Federal Contract Tower,0,1,3,0,4,0,0,0,0,0,0,1,3,0,4,0,0,0,4
01/19/2023,CYS,WY,ANM,WE,Federal Contract Tower,2,6,14,4,26,0,0,0,0,0,2,6,14,4,26,32,68,100,126
01/20/2023,CYS,WY,ANM,WE,Federal Contract Tower,0,6,24,4,34,0,0,6,0,6,0,6,30,4,40,40,44,84,124
01/21/2023,CYS,WY,ANM,WE,Federal Contract Tower,0,6,11,2,19,0,0,5,1,6,0,6,16,3,25,13,4,17,42
01/22/2023,CYS,WY,ANM,WE,Federal Contract Tower,0,3,24,2,29,0,0,17,3,20,0,3,41,5,49,27,11,38,87
01/23/2023,CYS,WY,ANM,WE,Federal Contract Tower,0,5,7,2,14,0,0,0,0,0,0,5,7,2,14,4,14,18,32
01/24/2023,CYS,WY,ANM,WE,Federal Contract Tower,4,5,11,3,23,0,0,2,0,2,4,5,13,3,25,30,38,68,93
01/25/2023,CYS,WY,ANM,WE,Federal Contract Tower,4,3,4,3,14,0,0,3,1,4,4,3,7,4,18,8,49,57,75
01/26/2023,CYS,WY,ANM,WE,Federal Contract Tower,0,8,22,5,35,0,0,4,4,8,0,8,26,9,43,166,68,234,277
01/27/2023,CYS,WY,ANM,WE,Federal Contract Tower,0,7,7,4,18,0,0,16,11,27,0,7,23,15,45,26,42,68,113
01/28/2023,CYS,WY,ANM,WE,Federal Contract Tower,0,7,0,2,9,0,0,0,0,0,0,7,0,2,9,0,0,0,9
01/29/2023,CYS,WY,ANM,WE,Federal Contract Tower,0,0,1,0,1,0,0,0,0,0,0,0,1,0,1,0,0,0,1
01/30/2023,CYS,WY,ANM,WE,Federal Contract Tower,0,0,0,0,0,0,5,16,2,23,0,5,16,2,23,45,12,57,80
01/31/2023,CYS,WY,ANM,WE,Federal Contract Tower,0,4,5,7,16,0,0,7,2,9,0,4,12,9,25,62,98,160,185
02/01/2023,CYS,WY,ANM,WE,Federal Contract Tower,1,7,20,5,33,0,0,0,0,0,1,7,20,5,33,47,45,92,125
02/02/2023,CYS,WY,ANM,WE,Federal Contract Tower,4,4,34,14,56,0,0,24,8,32,4,4,58,22,88,79,117,196,284
02/03/2023,CYS,WY,ANM,WE,Federal Contract Tower,2,3,21,5,31,0,0,14,4,18,2,3,35,9,49,13,104,117,166
02/04/2023,CYS,WY,ANM,WE,Federal Contract Tower,0,4,5,2,11,0,0,5,3,8,0,4,10,5,19,14,1,15,34
02/05/2023,CYS,WY,ANM,WE,Federal Contract Tower,0,0,11,1,12,0,2,25,2,29,0,2,36,3,41,44,14,58,99
02/06/2023,CYS,WY,ANM,WE,Federal Contract Tower,0,0,0,0,0,0,0,0,0,0,0,0,0,0,0,5,76,81,81
02/07/2023,CYS,WY,ANM,WE,Federal Contract Tower,0,6,24,6,36,0,0,17,0,17,0,6,41,6,53,79,47,126,179
02/08/2023,CYS,WY,ANM,WE,Federal Contract Tower,0,6,10,6,22,0,0,0,1,1,0,6,10,7,23,0,74,74,97
02/09/2023,CYS,WY,ANM,WE,Federal Contract Tower,0,5,1,0,6,0,0,0,3,3,0,5,1,3,9,10,79,89,98
02/10/2023,CYS,WY,ANM,WE,Federal Contract Tower,2,1,21,5,29,0,1,56,7,64,2,2,77,12,93,30,7,37,130
02/11/2023,CYS,WY,ANM,WE,Federal Contract Tower,0,6,15,0,21,0,0,54,1,55,0,6,69,1,76,21,9,30,106
02/12/2023,CYS,WY,ANM,WE,Federal Contract Tower,2,2,7,0,11,0,0,12,3,15,2,2,19,3,26,23,14,37,63
02/13/2023,CYS,WY,ANM,WE,Federal Contract Tower,0,7,15,0,22,0,0,0,4,4,0,7,15,4,26,139,68,207,233
02/14/2023,CYS,WY,ANM,WE,Federal Contract Tower,0,5,6,2,13,0,0,1,6,7,0,5,7,8,20,5,43,48,68
02/15/2023,CYS,WY,ANM,WE,Federal Contract Tower,0,5,5,2,12,0,0,0,1,1,0,5,5,3,13,0,0,0,13
02/16/2023,CYS,WY,ANM,WE,Federal Contract Tower,0,6,43,10,59,0,0,18,5,23,0,6,61,15,82,43,80,123,205
02/17/2023,CYS,WY,ANM,WE,Federal Contract Tower,0,4,19,0,23,0,0,22,8,30,0,4,41,8,53,22,14,36,89
02/18/2023,CYS,WY,ANM,WE,Federal Contract Tower,0,4,9,0,13,0,0,7,1,8,0,4,16,1,21,15,0,15,36
02/19/2023,CYS,WY,ANM,WE,Federal Contract Tower,0,4,10,0,14,0,0,2,1,3,0,4,12,1,17,5,1,6,23
02/20/2023,CYS,WY,ANM,WE,Federal Contract Tower,0,3,8,0,11,0,0,2,0,2,0,3,10,0,13,0,0,0,13
02/21/2023,CYS,WY,ANM,WE,Federal Contract Tower,5,0,5,2,12,0,0,5,0,5,5,0,10,2,17,6,65,71,88
02/22/2023,CYS,WY,ANM,WE,Federal Contract Tower,2,0,0,0,2,0,0,0,0,0,2,0,0,0,2,0,0,0,2
02/23/2023,CYS,WY,ANM,WE,Federal Contract Tower,7,0,5,5,17,0,0,10,0,10,7,0,15,5,27,5,52,57,84
02/24/2023,CYS,WY,ANM,WE,Federal Contract Tower,0,10,16,0,26,0,0,36,0,36,0,10,52,0,62,9,2,11,73
02/25/2023,CYS,WY,ANM,WE,Federal Contract Tower,0,4,11,1,16,0,0,9,3,12,0,4,20,4,28,0,15,15,43
02/26/2023,CYS,WY,ANM,WE,Federal Contract Tower,0,0,22,1,23,0,2,11,0,13,0,2,33,1,36,9,1,10,46
02/27/2023,CYS,WY,ANM,WE,Federal Contract Tower,0,6,12,1,19,0,1,5,3,9,0,7,17,4,28,12,6,18,46
02/28/2023,CYS,WY,ANM,WE,Federal Contract Tower,0,4,6,9,19,0,0,3,0,3,0,4,9,9,22,1,70,71,93
03/01/2023,CYS,WY,ANM,WE,Federal Contract Tower,4,2,8,4,18,0,0,20,6,26,4,2,28,10,44,46,26,72,116
03/02/2023,CYS,WY,ANM,WE,Federal Contract Tower,7,1,16,5,29,0,0,52,15,67,7,1,68,20,96,36,87,123,219
03/03/2023,CYS,WY,ANM,WE,Federal Contract Tower,0,6,15,11,32,0,0,10,32,42,0,6,25,43,74,20,43,63,137
03/04/2023,CYS,WY,ANM,WE,Federal Contract Tower,0,9,8,0,17,0,0,17,2,19,0,9,25,2,36,38,79,117,153
03/05/2023,CYS,WY,ANM,WE,Federal Contract Tower,0,0,8,0,8,0,4,17,9,30,0,4,25,9,38,0,4,4,42
03/06/2023,CYS,WY,ANM,WE,Federal Contract Tower,4,3,11,5,23,0,0,8,5,13,4,3,19,10,36,16,108,124,160
03/07/2023,CYS,WY,ANM,WE,Federal Contract Tower,0,7,5,4,16,0,0,2,5,7,0,7,7,9,23,9,44,53,76
03/08/2023,CYS,WY,ANM,WE,Federal Contract Tower,0,7,9,8,24,0,0,0,0,0,0,7,9,8,24,0,38,38,62
03/09/2023,CYS,WY,ANM,WE,Federal Contract Tower,4,3,17,7,31,0,0,3,0,3,4,3,20,7,34,15,42,57,91
03/10/2023,CYS,WY,ANM,WE,Federal Contract Tower,0,12,15,5,32,0,0,13,1,14,0,12,28,6,46,73,28,101,147
03/11/2023,CYS,WY,ANM,WE,Federal Contract Tower,0,8,13,1,22,0,0,0,0,0,0,8,13,1,22,17,14,31,53
03/12/2023,CYS,WY,ANM,WE,Federal Contract Tower,0,6,7,3,16,0,0,24,0,24,0,6,31,3,40,47,15,62,102
03/13/2023,CYS,WY,ANM,WE,Federal Contract Tower,0,11,18,5,34,0,0,27,0,27,0,11,45,5,61,80,95,175,236
03/14/2023,CYS,WY,ANM,WE,Federal Contract Tower,0,7,21,1,29,0,0,10,3,13,0,7,31,4,42,35,40,75,117
03/15/2023,CYS,WY,ANM,WE,Federal Contract Tower,4,5,9,3,21,0,0,19,7,26,4,5,28,10,47,36,96,132,179
03/16/2023,CYS,WY,ANM,WE,Federal Contract Tower,0,6,7,3,16,0,0,5,8,13,0,6,12,11,29,4,4,8,37
03/17/2023,CYS,WY,ANM,WE,Federal Contract Tower,0,8,10,3,21,0,0,13,2,15,0,8,23,5,36,16,10,26,62
03/18/2023,CYS,WY,ANM,WE,Federal Contract Tower,0,6,2,0,8,0,0,20,0,20,0,6,22,0,28,33,5,38,66
03/19/2023,CYS,WY,ANM,WE,Federal Contract Tower,0,8,4,1,13,0,0,14,0,14,0,8,18,1,27,14,5,19,46
03/20/2023,CYS,WY,ANM,WE,Federal Contract Tower,0,13,9,5,27,0,0,20,7,27,0,13,29,12,54,25,12,37,91
03/21/2023,CYS,WY,ANM,WE,Federal Contract Tower,0,6,7,2,15,0,0,5,4,9,0,6,12,6,24,16,25,41,65
03/22/2023,CYS,WY,ANM,WE,Federal Contract Tower,0,8,1,10,19,0,0,1,0,1,0,8,2,10,20,0,0,0,20
03/23/2023,CYS,WY,ANM,WE,Federal Contract Tower,0,10,11,4,25,0,0,19,1,20,0,10,30,5,45,11,66,77,122
03/24/2023,CYS,WY,ANM,WE,Federal Contract Tower,0,11,7,2,20,0,0,31,0,31,0,11,38,2,51,90,5,95,146
03/25/2023,CYS,WY,ANM,WE,Federal Contract Tower,4,2,4,1,11,0,0,1,0,1,4,2,5,1,12,3,5,8,20
03/26/2023,CYS,WY,ANM,WE,Federal Contract Tower,4,0,7,1,12,0,0,34,0,34,4,0,41,1,46,12,1,13,59
03/27/2023,CYS,WY,ANM,WE,Federal Contract Tower,6,0,4,0,10,0,0,7,0,7,6,0,11,0,17,7,77,84,101
03/28/2023,CYS,WY,ANM,WE,Federal Contract Tower,8,0,32,9,49,0,1,22,4,27,8,1,54,13,76,19,87,106,182
03/29/2023,CYS,WY,ANM,WE,Federal Contract Tower,5,3,18,4,30,0,0,23,10,33,5,3,41,14,63,45,49,94,157
