01/01/2000,DAB,FL,ASO,ES,Towers with Radar,3,3,58,0,64,10,0,57,2,69,13,3,115,2,133,26,0,26,159
01/02/2000,DAB,FL,ASO,ES,Towers with Radar,10,5,133,0,148,2,1,142,0,145,12,6,275,0,293,29,0,29,322
01/03/2000,DAB,FL,ASO,ES,Towers with Radar,10,5,139,1,155,4,7,148,5,164,14,12,287,6,319,127,0,127,446
01/04/2000,DAB,FL,ASO,ES,Towers with Radar,12,5,157,2,176,3,1,189,5,198,15,6,346,7,374,52,0,52,426
01/05/2000,DAB,FL,ASO,ES,Towers with Radar,13,6,169,2,190,4,5,265,1,275,17,11,434,3,465,35,0,35,500
01/06/2000,DAB,FL,ASO,ES,Towers with Radar,12,5,160,2,179,2,2,267,3,274,14,7,427,5,453,143,0,143,596
01/07/2000,DAB,FL,ASO,ES,Towers with Radar,12,7,197,1,217,0,4,94,0,98,12,11,291,1,315,55,0,55,370
01/08/2000,DAB,FL,ASO,ES,Towers with Radar,9,5,126,0,140,4,4,475,0,483,13,9,601,0,623,104,0,104,727
01/09/2000,DAB,FL,ASO,ES,Towers with Radar,10,5,133,2,150,2,2,276,1,281,12,7,409,3,431,60,0,60,491
01/10/2000,DAB,FL,ASO,ES,Towers with Radar,11,3,153,1,168,2,0,261,0,263,13,3,414,1,431,57,2,59,490
01/11/2000,DAB,FL,ASO,ES,Towers with Radar,14,2,197,0,213,3,0,713,0,716,17,2,910,0,929,199,0,199,1128
01/12/2000,DAB,FL,ASO,ES,Towers with Radar,15,8,201,1,225,2,8,724,0,734,17,16,925,1,959,285,0,285,1244
01/13/2000,DAB,FL,ASO,ES,Towers with Radar,11,7,199,0,217,0,0,639,0,639,11,7,838,0,856,147,0,147,1003
01/14/2000,DAB,FL,ASO,ES,Towers with Radar,8,4,106,0,118,4,1,41,0,46,12,5,147,0,164,0,0,0,164
01/15/2000,DAB,FL,ASO,ES,Towers with Radar,12,6,157,0,175,1,1,588,0,590,13,7,745,0,765,107,0,107,872
01/16/2000,DAB,FL,ASO,ES,Towers with Radar,10,6,142,0,158,2,1,500,0,503,12,7,642,0,661,201,0,201,862
01/17/2000,DAB,FL,ASO,ES,Towers with Radar,12,6,195,1,214,0,0,626,1,627,12,6,821,2,841,210,0,210,1051
01/18/2000,DAB,FL,ASO,ES,Towers with Radar,13,6,179,0,198,2,0,609,0,611,15,6,788,0,809,187,0,187,996
01/19/2000,DAB,FL,ASO,ES,Towers with Radar,12,4,250,1,267,0,0,811,0,811,12,4,1061,1,1078,183,0,183,1261
01/20/2000,DAB,FL,ASO,ES,Towers with Radar,11,5,141,1,158,2,1,283,0,286,13,6,424,1,444,80,0,80,524
01/21/2000,DAB,FL,ASO,ES,Towers with Radar,13,8,246,1,268,0,0,935,4,939,13,8,1181,5,1207,225,0,225,1432
01/22/2000,DAB,FL,ASO,ES,Towers with Radar,8,6,182,1,197,0,0,718,0,718,8,6,900,1,915,224,0,224,1139
01/23/2000,DAB,FL,ASO,ES,Towers with Radar,11,5,151,1,168,1,16,509,0,526,12,21,660,1,694,129,0,129,823
01/24/2000,DAB,FL,ASO,ES,Towers with Radar,11,5,151,1,168,2,1,137,2,142,13,6,288,3,310,47,0,47,357
01/25/2000,DAB,FL,ASO,ES,Towers with Radar,15,2,203,1,221,1,0,859,1,861,16,2,1062,2,1082,264,0,264,1346
01/26/2000,DAB,FL,ASO,ES,Towers with Radar,13,5,208,0,226,0,0,730,0,730,13,5,938,0,956,171,0,171,1127
01/27/2000,DAB,FL,ASO,ES,Towers with Radar,13,6,255,2,276,0,0,989,2,991,13,6,1244,4,1267,304,0,304,1571
01/28/2000,DAB,FL,ASO,ES,Towers with Radar,12,3,254,2,271,0,0,450,1,451,12,3,704,3,722,208,0,208,930
01/29/2000,DAB,FL,ASO,ES,Towers with Radar,5,1,191,0,197,0,0,588,0,588,5,1,779,0,785,143,0,143,928
01/30/2000,DAB,FL,ASO,ES,Towers with Radar,10,2,122,0,134,0,0,375,0,375,10,2,497,0,509,51,0,51,560
01/31/2000,DAB,FL,ASO,ES,Towers with Radar,16,2,234,1,253,0,0,243,1,244,16,2,477,2,497,103,0,103,600
02/01/2000,DAB,FL,ASO,ES,Towers with Radar,14,7,269,2,292,0,0,956,0,956,14,7,1225,2,1248,297,0,297,1545
02/02/2000,DAB,FL,ASO,ES,Towers with Radar,12,7,221,1,241,2,0,915,3,920,14,7,1136,4,1161,186,0,186,1347
02/03/2000,DAB,FL,ASO,ES,Towers with Radar,12,9,312,0,333,0,1,845,0,846,12,10,1157,0,1179,197,0,197,1376
02/04/2000,DAB,FL,ASO,ES,Towers with Radar,12,5,232,1,250,4,0,809,5,818,16,5,1041,6,1068,200,0,200,1268
02/05/2000,DAB,FL,ASO,ES,Towers with Radar,12,6,221,0,239,1,0,605,0,606,13,6,826,0,845,55,0,55,900
02/06/2000,DAB,FL,ASO,ES,Towers with Radar,10,6,195,1,212,5,3,692,0,700,15,9,887,1,912,174,0,174,1086
02/07/2000,DAB,FL,ASO,ES,Towers with Radar,12,8,246,1,267,0,0,889,0,889,12,8,1135,1,1156,171,0,171,1327
02/08/2000,DAB,FL,ASO,ES,Towers with Radar,14,4,278,0,296,0,0,860,0,860,14,4,1138,0,1156,226,0,226,1382
02/09/2000,DAB,FL,ASO,ES,Towers with Radar,9,9,295,1,314,0,0,540,0,540,9,9,835,1,854,77,0,77,931
02/10/2000,DAB,FL,ASO,ES,Towers with Radar,12,6,317,2,337,0,0,935,0,935,12,6,1252,2,1272,307,0,307,1579
02/11/2000,DAB,FL,ASO,ES,Towers with Radar,12,6,269,2,289,0,0,864,0,864,12,6,1133,2,1153,182,0,182,1335
02/12/2000,DAB,FL,ASO,ES,Towers with Radar,11,7,208,1,227,3,1,714,2,720,14,8,922,3,947,148,0,148,1095
02/13/2000,DAB,FL,ASO,ES,Towers with Radar,11,4,238,1,254,0,0,615,0,615,11,4,853,1,869,121,0,121,990
02/14/2000,DAB,FL,ASO,ES,Towers with Radar,12,6,201,1,220,2,1,208,1,212,14,7,409,2,432,61,0,61,493
02/15/2000,DAB,FL,ASO,ES,Towers with Radar,16,5,302,1,324,0,0,1037,0,1037,16,5,1339,1,1361,223,0,223,1584
02/16/2000,DAB,FL,ASO,ES,Towers with Radar,14,8,273,2,297,0,4,896,3,903,14,12,1169,5,1200,128,0,128,1328
02/17/2000,DAB,FL,ASO,ES,Towers with Radar,13,7,246,2,268,4,1,680,0,685,17,8,926,2,953,95,0,95,1048
02/18/2000,DAB,FL,ASO,ES,Towers with Radar,11,7,248,2,268,0,6,841,5,852,11,13,1089,7,1120,59,0,59,1179
02/19/2000,DAB,FL,ASO,ES,Towers with Radar,11,5,199,1,216,2,5,591,0,598,13,10,790,1,814,52,0,52,866
02/20/2000,DAB,FL,ASO,ES,Towers with Radar,17,8,300,0,325,6,15,790,0,811,23,23,1090,0,1136,12,0,12,1148
02/21/2000,DAB,FL,ASO,ES,Towers with Radar,16,4,272,3,295,5,0,600,1,606,21,4,872,4,901,84,0,84,985
02/22/2000,DAB,FL,ASO,ES,Towers with Radar,16,5,270,0,291,2,0,711,0,713,18,5,981,0,1004,202,0,202,1206
02/23/2000,DAB,FL,ASO,ES,Towers with Radar,15,8,309,3,335,0,1,915,1,917,15,9,1224,4,1252,382,1,383,1635
02/24/2000,DAB,FL,ASO,ES,Towers with Radar,15,5,294,0,314,0,0,844,0,844,15,5,1138,0,1158,178,0,178,1336
02/25/2000,DAB,FL,ASO,ES,Towers with Radar,12,8,292,3,315,0,4,1060,3,1067,12,12,1352,6,1382,215,0,215,1597
02/26/2000,DAB,FL,ASO,ES,Towers with Radar,13,2,226,0,241,2,0,902,0,904,15,2,1128,0,1145,356,0,356,1501
02/27/2000,DAB,FL,ASO,ES,Towers with Radar,10,4,163,2,179,6,1,557,4,568,16,5,720,6,747,161,0,161,908
02/28/2000,DAB,FL,ASO,ES,Towers with Radar,13,5,293,3,314,0,0,826,1,827,13,5,1119,4,1141,138,0,138,1279
02/29/2000,DAB,FL,ASO,ES,Towers with Radar,14,8,300,0,322,0,2,740,0,742,14,10,1040,0,1064,116,0,116,1180
03/01/2000,DAB,FL,ASO,ES,Towers with Radar,12,6,263,3,284,0,0,923,4,927,12,6,1186,7,1211,143,0,143,1354
03/02/2000,DAB,FL,ASO,ES,Towers with Radar,13,6,270,0,289,0,0,890,0,890,13,6,1160,0,1179,192,0,192,1371
03/03/2000,DAB,FL,ASO,ES,Towers with Radar,14,8,260,3,285,2,3,695,5,705,16,11,955,8,990,176,0,176,1166
03/04/2000,DAB,FL,ASO,ES,Towers with Radar,9,4,153,0,166,2,11,497,0,510,11,15,650,0,676,102,0,102,778
03/05/2000,DAB,FL,ASO,ES,Towers with Radar,11,6,206,0,223,0,0,1071,0,1071,11,6,1277,0,1294,210,0,210,1504
03/06/2000,DAB,FL,ASO,ES,Towers with Radar,12,8,252,1,273,0,0,1160,0,1160,12,8,1412,1,1433,428,0,428,1861
03/07/2000,DAB,FL,ASO,ES,Towers with Radar,12,8,281,2,303,0,0,1039,3,1042,12,8,1320,5,1345,199,0,199,1544
03/08/2000,DAB,FL,ASO,ES,Towers with Radar,12,8,288,2,310,0,0,1129,0,1129,12,8,1417,2,1439,211,0,211,1650
03/09/2000,DAB,FL,ASO,ES,Towers with Radar,12,6,268,2,288,0,0,1117,2,1119,12,6,1385,4,1407,183,0,183,1590
03/10/2000,DAB,FL,ASO,ES,Towers with Radar,13,9,249,2,273,0,6,1169,4,1179,13,15,1418,6,1452,185,0,185,1637
03/11/2000,DAB,FL,ASO,ES,Towers with Radar,9,6,164,0,179,2,7,735,0,744,11,13,899,0,923,132,0,132,1055
03/12/2000,DAB,FL,ASO,ES,Towers with Radar,10,5,189,1,205,5,0,642,6,653,15,5,831,7,858,143,0,143,1001
03/13/2000,DAB,FL,ASO,ES,Towers with Radar,12,6,224,2,244,1,0,778,2,781,13,6,1002,4,1025,359,0,359,1384
03/14/2000,DAB,FL,ASO,ES,Towers with Radar,14,8,247,2,271,0,20,668,5,693,14,28,915,7,964,185,0,185,1149
03/15/2000,DAB,FL,ASO,ES,Towers with Radar,11,6,226,2,245,0,0,643,26,669,11,6,869,28,914,257,0,257,1171
03/16/2000,DAB,FL,ASO,ES,Towers with Radar,10,6,205,0,221,3,0,281,0,284,13,6,486,0,505,36,0,36,541
03/17/2000,DAB,FL,ASO,ES,Towers with Radar,12,8,244,2,266,0,0,660,0,660,12,8,904,2,926,225,0,225,1151
03/18/2000,DAB,FL,ASO,ES,Towers with Radar,9,6,183,1,199,3,0,414,0,417,12,6,597,1,616,146,0,146,762
03/19/2000,DAB,FL,ASO,ES,Towers with Radar,9,6,166,1,182,1,0,296,0,297,10,6,462,1,479,58,0,58,537
03/20/2000,DAB,FL,ASO,ES,Towers with Radar,14,4,259,3,280,2,0,662,0,664,16,4,921,3,944,165,0,165,1109
03/21/2000,DAB,FL,ASO,ES,Towers with Radar,12,6,315,1,334,0,0,582,0,582,12,6,897,1,916,165,0,165,1081
03/22/2000,DAB,FL,ASO,ES,Towers with Radar,12,8,279,3,302,0,4,837,0,841,12,12,1116,3,1143,252,0,252,1395
03/23/2000,DAB,FL,ASO,ES,Towers with Radar,13,7,250,0,270,1,0,314,0,315,14,7,564,0,585,64,0,64,649
03/24/2000,DAB,FL,ASO,ES,Towers with Radar,12,9,299,0,320,0,1,627,0,628,12,10,926,0,948,194,0,194,1142
03/25/2000,DAB,FL,ASO,ES,Towers with Radar,10,6,201,0,217,3,0,892,0,895,13,6,1093,0,1112,207,0,207,1319
03/26/2000,DAB,FL,ASO,ES,Towers with Radar,11,6,195,1,213,3,2,672,0,677,14,8,867,1,890,171,0,171,1061
03/27/2000,DAB,FL,ASO,ES,Towers with Radar,9,5,183,2,199,3,1,450,2,456,12,6,633,4,655,193,0,193,848
03/28/2000,DAB,FL,ASO,ES,Towers with Radar,12,7,233,1,253,0,0,999,0,999,12,7,1232,1,1252,197,0,197,1449
03/29/2000,DAB,FL,ASO,ES,Towers with Radar,11,7,278,3,299,0,0,1016,3,1019,11,7,1294,6,1318,269,0,269,1587
03/30/2000,DAB,FL,ASO,ES,Towers with Radar,9,5,180,0,194,3,1,625,0,629,12,6,805,0,823,102,0,102,925
03/31/2000,DAB,FL,ASO,ES,Towers with Radar,16,7,347,2,372,0,0,354,0,354,16,7,701,2,726,177,0,177,903
04/01/2000,DAB,FL,ASO,ES,Towers with Radar,11,6,200,0,217,0,2,835,0,837,11,8,1035,0,1054,113,0,113,1167
04/02/2000,DAB,FL,ASO,ES,Towers with Radar,10,5,174,0,189,3,1,626,0,630,13,6,800,0,819,96,0,96,915
04/03/2000,DAB,FL,ASO,ES,Towers with Radar,10,5,224,1,240,0,0,936,0,936,10,5,1160,1,1176,209,0,209,1385
04/04/2000,DAB,FL,ASO,ES,Towers with Radar,11,7,227,0,245,0,1,474,0,475,11,8,701,0,720,111,0,111,831
04/05/2000,DAB,FL,ASO,ES,Towers with Radar,11,8,264,3,286,0,3,872,1,876,11,11,1136,4,1162,176,0,176,1338
04/06/2000,DAB,FL,ASO,ES,Towers with Radar,15,3,282,0,300,0,0,1084,0,1084,15,3,1366,0,1384,290,0,290,1674
04/07/2000,DAB,FL,ASO,ES,Towers with Radar,12,8,272,3,295,0,0,1042,0,1042,12,8,1314,3,1337,207,0,207,1544
04/08/2000,DAB,FL,ASO,ES,Towers with Radar,10,6,169,1,186,2,0,582,1,585,12,6,751,2,771,185,0,185,956
04/09/2000,DAB,FL,ASO,ES,Towers with Radar,9,6,181,1,197,3,0,647,0,650,12,6,828,1,847,123,0,123,970
04/10/2000,DAB,FL,ASO,ES,Towers with Radar,12,9,264,2,287,0,1,880,6,887,12,10,1144,8,1174,298,0,298,1472
04/11/2000,DAB,FL,ASO,ES,Towers with Radar,13,8,245,2,268,0,0,898,1,899,13,8,1143,3,1167,173,0,173,1340
04/12/2000,DAB,FL,ASO,ES,Towers with Radar,12,9,280,0,301,0,0,935,0,935,12,9,1215,0,1236,190,0,190,1426
04/13/2000,DAB,FL,ASO,ES,Towers with Radar,12,10,274,2,298,0,0,454,1,455,12,10,728,3,753,226,0,226,979
04/14/2000,DAB,FL,ASO,ES,Towers with Radar,12,6,239,0,257,0,0,189,0,189,12,6,428,0,446,116,0,116,562
04/15/2000,DAB,FL,ASO,ES,Towers with Radar,10,7,194,0,211,0,1,218,0,219,10,8,412,0,430,123,0,123,553
04/16/2000,DAB,FL,ASO,ES,Towers with Radar,13,7,225,0,245,1,0,405,0,406,14,7,630,0,651,71,0,71,722
04/17/2000,DAB,FL,ASO,ES,Towers with Radar,11,5,209,2,227,1,0,1019,0,1020,12,5,1228,2,1247,211,0,211,1458
04/18/2000,DAB,FL,ASO,ES,Towers with Radar,11,7,201,2,221,1,3,718,9,731,12,10,919,11,952,203,0,203,1155
04/19/2000,DAB,FL,ASO,ES,Towers with Radar,12,8,235,2,257,3,5,948,0,956,15,13,1183,2,1213,202,0,202,1415
04/20/2000,DAB,FL,ASO,ES,Towers with Radar,12,9,247,2,270,0,4,968,12,984,12,13,1215,14,1254,265,0,265,1519
04/21/2000,DAB,FL,ASO,ES,Towers with Radar,11,6,203,3,223,2,4,723,6,735,13,10,926,9,958,192,0,192,1150
04/22/2000,DAB,FL,ASO,ES,Towers with Radar,8,5,158,0,171,5,1,542,0,548,13,6,700,0,719,218,0,218,937
04/23/2000,DAB,FL,ASO,ES,Towers with Radar,7,4,134,2,147,5,1,503,1,510,12,5,637,3,657,124,0,124,781
04/24/2000,DAB,FL,ASO,ES,Towers with Radar,10,6,200,0,216,0,1,385,0,386,10,7,585,0,602,73,0,73,675
04/25/2000,DAB,FL,ASO,ES,Towers with Radar,13,7,227,2,249,3,2,491,0,496,16,9,718,2,745,141,0,141,886
04/26/2000,DAB,FL,ASO,ES,Towers with Radar,11,8,276,1,296,0,0,804,0,804,11,8,1080,1,1100,208,0,208,1308
04/27/2000,DAB,FL,ASO,ES,Towers with Radar,13,9,280,0,302,0,0,806,0,806,13,9,1086,0,1108,197,0,197,1305
04/28/2000,DAB,FL,ASO,ES,Towers with Radar,11,6,244,0,261,0,0,412,0,412,11,6,656,0,673,152,0,152,825
04/29/2000,DAB,FL,ASO,ES,Towers with Radar,10,6,181,2,199,1,1,647,6,655,11,7,828,8,854,201,0,201,1055
04/30/2000,DAB,FL,ASO,ES,Towers with Radar,9,5,174,2,190,4,0,565,13,582,13,5,739,15,772,245,0,245,1017
05/01/2000,DAB,FL,ASO,ES,Towers with Radar,12,5,279,0,296,0,0,747,0,747,12,5,1026,0,1043,310,0,310,1353
05/02/2000,DAB,FL,ASO,ES,Towers with Radar,14,4,236,2,256,1,0,912,5,918,15,4,1148,7,1174,240,0,240,1414
05/03/2000,DAB,FL,ASO,ES,Towers with Radar,12,6,250,2,270,0,0,769,1,770,12,6,1019,3,1040,310,0,310,1350
05/04/2000,DAB,FL,ASO,ES,Towers with Radar,12,6,274,2,294,0,0,697,13,710,12,6,971,15,1004,267,0,267,1271
05/05/2000,DAB,FL,ASO,ES,Towers with Radar,12,6,269,0,287,0,0,632,0,632,12,6,901,0,919,230,0,230,1149
05/06/2000,DAB,FL,ASO,ES,Towers with Radar,9,5,173,0,187,4,1,520,0,525,13,6,693,0,712,174,0,174,886
05/07/2000,DAB,FL,ASO,ES,Towers with Radar,9,5,168,1,183,3,1,556,0,560,12,6,724,1,743,128,0,128,871
05/08/2000,DAB,FL,ASO,ES,Towers with Radar,11,5,236,1,253,0,0,759,2,761,11,5,995,3,1014,122,0,122,1136
05/09/2000,DAB,FL,ASO,ES,Towers with Radar,12,6,216,1,235,3,0,580,3,586,15,6,796,4,821,209,0,209,1030
05/10/2000,DAB,FL,ASO,ES,Towers with Radar,12,4,238,1,255,0,0,961,1,962,12,4,1199,2,1217,206,0,206,1423
05/11/2000,DAB,FL,ASO,ES,Towers with Radar,15,8,286,0,309,0,2,613,0,615,15,10,899,0,924,161,0,161,1085
05/12/2000,DAB,FL,ASO,ES,Towers with Radar,14,8,292,0,314,0,0,770,0,770,14,8,1062,0,1084,170,0,170,1254
05/13/2000,DAB,FL,ASO,ES,Towers with Radar,9,5,180,0,194,3,7,729,0,739,12,12,909,0,933,186,0,186,1119
05/14/2000,DAB,FL,ASO,ES,Towers with Radar,8,5,156,0,169,5,2,453,0,460,13,7,609,0,629,217,0,217,846
05/15/2000,DAB,FL,ASO,ES,Towers with Radar,13,4,265,1,283,0,0,782,0,782,13,4,1047,1,1065,170,0,170,1235
05/16/2000,DAB,FL,ASO,ES,Towers with Radar,16,6,271,0,293,1,0,796,0,797,17,6,1067,0,1090,194,0,194,1284
05/17/2000,DAB,FL,ASO,ES,Towers with Radar,13,7,266,1,287,0,0,968,2,970,13,7,1234,3,1257,310,0,310,1567
05/18/2000,DAB,FL,ASO,ES,Towers with Radar,12,7,243,1,263,0,0,831,1,832,12,7,1074,2,1095,288,0,288,1383
05/19/2000,DAB,FL,ASO,ES,Towers with Radar,11,5,223,1,240,0,0,727,1,728,11,5,950,2,968,300,0,300,1268
05/20/2000,DAB,FL,ASO,ES,Towers with Radar,9,3,165,0,177,9,0,749,0,758,18,3,914,0,935,297,0,297,1232
05/21/2000,DAB,FL,ASO,ES,Towers with Radar,8,4,154,1,167,4,1,663,0,668,12,5,817,1,835,159,0,159,994
05/22/2000,DAB,FL,ASO,ES,Towers with Radar,11,5,202,0,218,1,1,800,0,802,12,6,1002,0,1020,286,0,286,1306
05/23/2000,DAB,FL,ASO,ES,Towers with Radar,11,6,260,0,277,0,0,807,0,807,11,6,1067,0,1084,286,0,286,1370
05/24/2000,DAB,FL,ASO,ES,Towers with Radar,10,6,232,0,248,0,0,879,0,879,10,6,1111,0,1127,320,0,320,1447
05/25/2000,DAB,FL,ASO,ES,Towers with Radar,11,6,237,2,256,0,7,688,1,696,11,13,925,3,952,298,0,298,1250
05/26/2000,DAB,FL,ASO,ES,Towers with Radar,13,5,239,0,257,0,0,670,0,670,13,5,909,0,927,189,0,189,1116
05/27/2000,DAB,FL,ASO,ES,Towers with Radar,8,4,153,1,166,2,2,658,0,662,10,6,811,1,828,271,0,271,1099
05/28/2000,DAB,FL,ASO,ES,Towers with Radar,8,3,128,1,140,4,4,416,0,424,12,7,544,1,564,79,0,79,643
05/29/2000,DAB,FL,ASO,ES,Towers with Radar,8,3,148,1,160,4,2,289,0,295,12,5,437,1,455,76,0,76,531
05/30/2000,DAB,FL,ASO,ES,Towers with Radar,11,6,247,0,264,0,0,638,0,638,11,6,885,0,902,162,0,162,1064
05/31/2000,DAB,FL,ASO,ES,Towers with Radar,12,5,290,3,310,0,0,416,0,416,12,5,706,3,726,176,0,176,902
06/01/2000,DAB,FL,ASO,ES,Towers with Radar,12,6,233,3,254,0,1,908,4,913,12,7,1141,7,1167,281,0,281,1448
06/02/2000,DAB,FL,ASO,ES,Towers with Radar,10,5,195,1,211,0,2,797,0,799,10,7,992,1,1010,239,0,239,1249
06/03/2000,DAB,FL,ASO,ES,Towers with Radar,8,4,164,0,176,2,1,488,0,491,10,5,652,0,667,140,0,140,807
06/04/2000,DAB,FL,ASO,ES,Towers with Radar,7,3,117,0,127,9,1,322,0,332,16,4,439,0,459,93,0,93,552
06/05/2000,DAB,FL,ASO,ES,Towers with Radar,10,6,221,2,239,0,1,658,0,659,10,7,879,2,898,301,0,301,1199
06/06/2000,DAB,FL,ASO,ES,Towers with Radar,10,5,201,3,219,0,3,680,1,684,10,8,881,4,903,404,0,404,1307
06/07/2000,DAB,FL,ASO,ES,Towers with Radar,10,6,258,1,275,0,0,793,0,793,10,6,1051,1,1068,197,0,197,1265
06/08/2000,DAB,FL,ASO,ES,Towers with Radar,10,6,272,0,288,0,0,793,0,793,10,6,1065,0,1081,289,0,289,1370
06/09/2000,DAB,FL,ASO,ES,Towers with Radar,11,5,250,0,266,0,0,802,0,802,11,5,1052,0,1068,212,0,212,1280
06/10/2000,DAB,FL,ASO,ES,Towers with Radar,9,4,172,2,187,1,2,541,0,544,10,6,713,2,731,119,0,119,850
06/11/2000,DAB,FL,ASO,ES,Towers with Radar,8,6,183,0,197,4,0,252,0,256,12,6,435,0,453,85,0,85,538
06/12/2000,DAB,FL,ASO,ES,Towers with Radar,11,6,284,2,303,0,0,598,0,598,11,6,882,2,901,226,0,226,1127
06/13/2000,DAB,FL,ASO,ES,Towers with Radar,10,8,278,2,298,0,0,962,0,962,10,8,1240,2,1260,222,0,222,1482
06/14/2000,DAB,FL,ASO,ES,Towers with Radar,10,8,261,3,282,0,0,903,28,931,10,8,1164,31,1213,286,0,286,1499
06/15/2000,DAB,FL,ASO,ES,Towers with Radar,12,8,260,3,283,0,0,697,1,698,12,8,957,4,981,148,0,148,1129
06/16/2000,DAB,FL,ASO,ES,Towers with Radar,9,6,239,0,254,0,0,622,0,622,9,6,861,0,876,136,0,136,1012
06/17/2000,DAB,FL,ASO,ES,Towers with Radar,8,5,176,2,191,8,1,343,0,352,16,6,519,2,543,97,0,97,640
06/18/2000,DAB,FL,ASO,ES,Towers with Radar,8,5,171,0,184,1,1,514,0,516,9,6,685,0,700,167,0,167,867
06/19/2000,DAB,FL,ASO,ES,Towers with Radar,9,6,240,0,255,0,0,759,0,759,9,6,999,0,1014,164,0,164,1178
06/20/2000,DAB,FL,ASO,ES,Towers with Radar,11,6,278,3,298,0,0,856,0,856,11,6,1134,3,1154,178,0,178,1332
06/21/2000,DAB,FL,ASO,ES,Towers with Radar,10,5,246,2,263,0,0,908,0,908,10,5,1154,2,1171,262,0,262,1433
06/22/2000,DAB,FL,ASO,ES,Towers with Radar,10,3,232,1,246,0,0,517,0,517,10,3,749,1,763,224,0,224,987
06/23/2000,DAB,FL,ASO,ES,Towers with Radar,10,7,225,2,244,2,11,313,0,326,12,18,538,2,570,102,0,102,672
06/24/2000,DAB,FL,ASO,ES,Towers with Radar,8,5,173,0,186,2,2,541,0,545,10,7,714,0,731,207,0,207,938
06/25/2000,DAB,FL,ASO,ES,Towers with Radar,7,5,165,0,177,3,3,625,0,631,10,8,790,0,808,250,0,250,1058
06/26/2000,DAB,FL,ASO,ES,Towers with Radar,13,6,272,0,291,0,0,557,0,557,13,6,829,0,848,222,0,222,1070
06/27/2000,DAB,FL,ASO,ES,Towers with Radar,13,6,257,0,276,0,0,604,0,604,13,6,861,0,880,195,0,195,1075
06/28/2000,DAB,FL,ASO,ES,Towers with Radar,12,7,267,0,286,0,2,818,0,820,12,9,1085,0,1106,192,0,192,1298
06/29/2000,DAB,FL,ASO,ES,Towers with Radar,11,7,269,4,291,0,0,587,16,603,11,7,856,20,894,244,0,244,1138
06/30/2000,DAB,FL,ASO,ES,Towers with Radar,11,6,240,0,257,1,0,333,0,334,12,6,573,0,591,196,0,196,787
07/01/2000,DAB,FL,ASO,ES,Towers with Radar,10,5,178,1,194,0,6,346,0,352,10,11,524,1,546,94,0,94,640
07/02/2000,DAB,FL,ASO,ES,Towers with Radar,11,5,179,0,195,0,2,615,0,617,11,7,794,0,812,126,0,126,938
07/03/2000,DAB,FL,ASO,ES,Towers with Radar,10,5,187,0,202,0,0,736,0,736,10,5,923,0,938,175,0,175,1113
07/04/2000,DAB,FL,ASO,ES,Towers with Radar,10,4,146,1,161,1,4,517,0,522,11,8,663,1,683,188,0,188,871
07/05/2000,DAB,FL,ASO,ES,Towers with Radar,12,7,229,2,250,0,0,705,0,705,12,7,934,2,955,156,0,156,1111
07/06/2000,DAB,FL,ASO,ES,Towers with Radar,10,5,210,0,225,0,0,458,0,458,10,5,668,0,683,208,0,208,891
07/07/2000,DAB,FL,ASO,ES,Towers with Radar,11,6,193,2,212,1,0,417,1,419,12,6,610,3,631,215,0,215,846
07/08/2000,DAB,FL,ASO,ES,Towers with Radar,10,7,199,1,217,0,1,515,0,516,10,8,714,1,733,207,0,207,940
07/09/2000,DAB,FL,ASO,ES,Towers with Radar,10,7,198,1,216,0,2,546,0,548,10,9,744,1,764,135,0,135,899
07/10/2000,DAB,FL,ASO,ES,Towers with Radar,10,7,250,1,268,0,0,779,0,779,10,7,1029,1,1047,223,0,223,1270
07/11/2000,DAB,FL,ASO,ES,Towers with Radar,11,6,227,0,244,0,0,841,0,841,11,6,1068,0,1085,220,0,220,1305
07/12/2000,DAB,FL,ASO,ES,Towers with Radar,9,5,174,0,188,17,0,531,0,548,26,5,705,0,736,143,0,143,879
07/13/2000,DAB,FL,ASO,ES,Towers with Radar,11,6,206,1,224,0,0,498,2,500,11,6,704,3,724,105,0,105,829
07/14/2000,DAB,FL,ASO,ES,Towers with Radar,11,6,196,1,214,0,0,410,0,410,11,6,606,1,624,171,0,171,795
07/15/2000,DAB,FL,ASO,ES,Towers with Radar,10,6,176,0,192,0,0,388,0,388,10,6,564,0,580,178,0,178,758
07/16/2000,DAB,FL,ASO,ES,Towers with Radar,9,4,164,1,178,3,0,280,2,285,12,4,444,3,463,64,0,64,527
07/17/2000,DAB,FL,ASO,ES,Towers with Radar,10,4,193,1,208,2,0,622,1,625,12,4,815,2,833,184,0,184,1017
07/18/2000,DAB,FL,ASO,ES,Towers with Radar,10,8,261,2,281,0,0,659,2,661,10,8,920,4,942,228,0,228,1170
07/19/2000,DAB,FL,ASO,ES,Towers with Radar,13,6,291,2,312,0,0,770,0,770,13,6,1061,2,1082,222,0,222,1304
07/20/2000,DAB,FL,ASO,ES,Towers with Radar,14,4,263,2,283,0,0,397,1,398,14,4,660,3,681,149,0,149,830
07/21/2000,DAB,FL,ASO,ES,Towers with Radar,11,7,240,2,260,0,0,502,6,508,11,7,742,8,768,273,0,273,1041
07/22/2000,DAB,FL,ASO,ES,Towers with Radar,8,5,156,1,170,2,1,312,1,316,10,6,468,2,486,222,0,222,708
07/23/2000,DAB,FL,ASO,ES,Towers with Radar,8,5,4,2,19,3,4,0,156,163,11,9,4,158,182,0,0,0,182
07/24/2000,DAB,FL,ASO,ES,Towers with Radar,11,5,203,0,219,3,0,331,0,334,14,5,534,0,553,120,0,120,673
07/25/2000,DAB,FL,ASO,ES,Towers with Radar,10,6,203,2,221,0,0,521,0,521,10,6,724,2,742,162,0,162,904
07/26/2000,DAB,FL,ASO,ES,Towers with Radar,11,6,197,2,216,0,5,617,1,623,11,11,814,3,839,267,0,267,1106
07/27/2000,DAB,FL,ASO,ES,Towers with Radar,8,8,269,3,288,0,1,709,1,711,8,9,978,4,999,288,0,288,1287
07/28/2000,DAB,FL,ASO,ES,Towers with Radar,11,7,235,2,255,0,0,909,0,909,11,7,1144,2,1164,278,0,278,1442
07/29/2000,DAB,FL,ASO,ES,Towers with Radar,10,5,176,2,193,0,5,658,6,669,10,10,834,8,862,259,0,259,1121
07/30/2000,DAB,FL,ASO,ES,Towers with Radar,7,4,140,2,153,3,2,288,0,293,10,6,428,2,446,80,0,80,526
07/31/2000,DAB,FL,ASO,ES,Towers with Radar,11,6,217,0,234,0,1,615,0,616,11,7,832,0,850,206,0,206,1056
08/01/2000,DAB,FL,ASO,ES,Towers with Radar,11,6,231,1,249,0,0,774,2,776,11,6,1005,3,1025,265,1,266,1291
08/02/2000,DAB,FL,ASO,ES,Towers with Radar,10,6,215,1,232,0,0,610,6,616,10,6,825,7,848,197,0,197,1045
08/03/2000,DAB,FL,ASO,ES,Towers with Radar,9,6,232,2,249,0,1,704,1,706,9,7,936,3,955,218,0,218,1173
08/04/2000,DAB,FL,ASO,ES,Towers with Radar,9,5,182,0,196,0,1,392,0,393,9,6,574,0,589,167,0,167,756
08/05/2000,DAB,FL,ASO,ES,Towers with Radar,10,5,196,0,211,0,4,487,0,491,10,9,683,0,702,142,0,142,844
08/06/2000,DAB,FL,ASO,ES,Towers with Radar,9,4,166,0,179,2,1,310,0,313,11,5,476,0,492,58,0,58,550
08/07/2000,DAB,FL,ASO,ES,Towers with Radar,10,6,254,0,270,0,0,578,0,578,10,6,832,0,848,213,0,213,1061
08/08/2000,DAB,FL,ASO,ES,Towers with Radar,10,5,235,0,250,0,0,711,0,711,10,5,946,0,961,304,0,304,1265
08/09/2000,DAB,FL,ASO,ES,Towers with Radar,13,1,240,0,254,0,0,788,0,788,13,1,1028,0,1042,364,0,364,1406
08/10/2000,DAB,FL,ASO,ES,Towers with Radar,10,7,269,2,288,0,0,729,1,730,10,7,998,3,1018,330,0,330,1348
08/11/2000,DAB,FL,ASO,ES,Towers with Radar,9,5,214,2,230,0,1,545,1,547,9,6,759,3,777,304,0,304,1081
08/12/2000,DAB,FL,ASO,ES,Towers with Radar,9,4,170,0,183,2,1,331,0,334,11,5,501,0,517,181,0,181,698
08/13/2000,DAB,FL,ASO,ES,Towers with Radar,8,4,157,0,169,3,2,431,0,436,11,6,588,0,605,142,0,142,747
08/14/2000,DAB,FL,ASO,ES,Towers with Radar,10,5,188,0,203,3,3,539,0,545,13,8,727,0,748,197,0,197,945
08/15/2000,DAB,FL,ASO,ES,Towers with Radar,13,5,248,2,268,0,0,659,2,661,13,5,907,4,929,150,0,150,1079
08/16/2000,DAB,FL,ASO,ES,Towers with Radar,11,7,266,2,286,0,1,576,0,577,11,8,842,2,863,208,0,208,1071
08/17/2000,DAB,FL,ASO,ES,Towers with Radar,10,6,228,0,244,0,2,683,0,685,10,8,911,0,929,235,0,235,1164
08/18/2000,DAB,FL,ASO,ES,Towers with Radar,11,5,197,1,214,1,0,534,1,536,12,5,731,2,750,155,0,155,905
08/19/2000,DAB,FL,ASO,ES,Towers with Radar,8,3,175,0,186,3,0,464,0,467,11,3,639,0,653,138,0,138,791
08/20/2000,DAB,FL,ASO,ES,Towers with Radar,8,4,161,0,173,3,0,283,1,287,11,4,444,1,460,122,0,122,582
08/21/2000,DAB,FL,ASO,ES,Towers with Radar,10,6,203,0,219,0,1,490,0,491,10,7,693,0,710,231,0,231,941
08/22/2000,DAB,FL,ASO,ES,Towers with Radar,11,5,224,0,240,1,0,518,0,519,12,5,742,0,759,269,0,269,1028
08/23/2000,DAB,FL,ASO,ES,Towers with Radar,12,3,244,1,260,4,0,570,0,574,16,3,814,1,834,245,0,245,1079
08/24/2000,DAB,FL,ASO,ES,Towers with Radar,9,7,232,0,248,0,1,547,0,548,9,8,779,0,796,157,0,157,953
08/25/2000,DAB,FL,ASO,ES,Towers with Radar,9,6,182,0,197,0,0,476,0,476,9,6,658,0,673,169,0,169,842
08/26/2000,DAB,FL,ASO,ES,Towers with Radar,9,6,185,0,200,3,0,417,0,420,12,6,602,0,620,178,0,178,798
08/27/2000,DAB,FL,ASO,ES,Towers with Radar,6,4,119,0,129,3,2,311,1,317,9,6,430,1,446,158,0,158,604
08/28/2000,DAB,FL,ASO,ES,Towers with Radar,9,6,190,0,205,7,6,488,1,502,16,12,678,1,707,163,0,163,870
08/29/2000,DAB,FL,ASO,ES,Towers with Radar,8,6,233,0,247,0,0,399,0,399,8,6,632,0,646,186,0,186,832
08/30/2000,DAB,FL,ASO,ES,Towers with Radar,9,6,267,0,282,0,0,363,0,363,9,6,630,0,645,178,0,178,823
08/31/2000,DAB,FL,ASO,ES,Towers with Radar,9,5,248,1,263,0,0,573,6,579,9,5,821,7,842,259,3,262,1104
09/01/2000,DAB,FL,ASO,ES,Towers with Radar,11,5,205,2,223,0,1,467,1,469,11,6,672,3,692,174,0,174,866
09/02/2000,DAB,FL,ASO,ES,Towers with Radar,9,3,133,1,146,5,3,332,0,340,14,6,465,1,486,126,0,126,612
09/03/2000,DAB,FL,ASO,ES,Towers with Radar,7,2,99,1,109,5,2,235,0,242,12,4,334,1,351,68,0,68,419
09/04/2000,DAB,FL,ASO,ES,Towers with Radar,8,4,147,0,159,0,2,399,0,401,8,6,546,0,560,127,0,127,687
09/05/2000,DAB,FL,ASO,ES,Towers with Radar,9,4,147,0,160,1,2,268,0,271,10,6,415,0,431,85,0,85,516
09/06/2000,DAB,FL,ASO,ES,Towers with Radar,11,7,212,0,230,1,5,291,0,297,12,12,503,0,527,126,0,126,653
09/07/2000,DAB,FL,ASO,ES,Towers with Radar,11,7,236,1,255,0,2,377,24,403,11,9,613,25,658,137,0,137,795
09/08/2000,DAB,FL,ASO,ES,Towers with Radar,13,3,285,0,301,0,0,467,0,467,13,3,752,0,768,228,0,228,996
09/09/2000,DAB,FL,ASO,ES,Towers with Radar,7,4,129,0,140,7,0,45,1,53,14,4,174,1,193,30,0,30,223
09/10/2000,DAB,FL,ASO,ES,Towers with Radar,10,6,193,0,209,0,2,525,0,527,10,8,718,0,736,199,0,199,935
09/11/2000,DAB,FL,ASO,ES,Towers with Radar,9,4,229,1,243,0,0,650,3,653,9,4,879,4,896,205,0,205,1101
09/12/2000,DAB,FL,ASO,ES,Towers with Radar,11,1,212,1,225,5,0,789,4,798,16,1,1001,5,1023,239,0,239,1262
09/13/2000,DAB,FL,ASO,ES,Towers with Radar,10,6,266,1,283,0,0,795,6,801,10,6,1061,7,1084,316,0,316,1400
09/14/2000,DAB,FL,ASO,ES,Towers with Radar,10,6,251,0,267,0,0,766,0,766,10,6,1017,0,1033,321,0,321,1354
09/15/2000,DAB,FL,ASO,ES,Towers with Radar,10,6,225,1,242,0,0,667,0,667,10,6,892,1,909,147,0,147,1056
09/16/2000,DAB,FL,ASO,ES,Towers with Radar,9,5,158,0,172,1,0,286,0,287,10,5,444,0,459,81,0,81,540
09/17/2000,DAB,FL,ASO,ES,Towers with Radar,2,2,35,0,39,8,4,0,0,12,10,6,35,0,51,15,0,15,66
09/18/2000,DAB,FL,ASO,ES,Towers with Radar,9,4,165,0,178,3,0,411,0,414,12,4,576,0,592,120,0,120,712
09/19/2000,DAB,FL,ASO,ES,Towers with Radar,11,5,246,0,262,0,0,600,0,600,11,5,846,0,862,299,0,299,1161
09/20/2000,DAB,FL,ASO,ES,Towers with Radar,13,5,253,0,271,0,0,486,0,486,13,5,739,0,757,244,0,244,1001
09/21/2000,DAB,FL,ASO,ES,Towers with Radar,11,5,248,2,266,0,0,652,2,654,11,5,900,4,920,218,0,218,1138
09/22/2000,DAB,FL,ASO,ES,Towers with Radar,9,6,236,0,251,0,0,519,0,519,9,6,755,0,770,225,0,225,995
09/23/2000,DAB,FL,ASO,ES,Towers with Radar,8,3,141,0,152,3,3,601,0,607,11,6,742,0,759,208,0,208,967
09/24/2000,DAB,FL,ASO,ES,Towers with Radar,9,4,165,0,178,1,2,597,0,600,10,6,762,0,778,103,0,103,881
09/25/2000,DAB,FL,ASO,ES,Towers with Radar,10,4,195,2,211,0,0,776,0,776,10,4,971,2,987,279,0,279,1266
09/26/2000,DAB,FL,ASO,ES,Towers with Radar,10,7,252,2,271,0,1,639,4,644,10,8,891,6,915,237,0,237,1152
09/27/2000,DAB,FL,ASO,ES,Towers with Radar,14,4,255,1,274,1,0,492,0,493,15,4,747,1,767,168,0,168,935
09/28/2000,DAB,FL,ASO,ES,Towers with Radar,9,6,236,0,251,0,2,439,0,441,9,8,675,0,692,229,0,229,921
09/29/2000,DAB,FL,ASO,ES,Towers with Radar,15,3,267,1,286,1,0,589,0,590,16,3,856,1,876,283,0,283,1159
09/30/2000,DAB,FL,ASO,ES,Towers with Radar,9,4,152,0,165,1,5,287,0,293,10,9,439,0,458,204,0,204,662
10/01/2000,DAB,FL,ASO,ES,Towers with Radar,7,4,151,0,162,4,0,214,0,218,11,4,365,0,380,84,0,84,464
10/02/2000,DAB,FL,ASO,ES,Towers with Radar,12,5,260,3,280,0,0,935,2,937,12,5,1195,5,1217,371,0,371,1588
10/03/2000,DAB,FL,ASO,ES,Towers with Radar,9,9,291,3,312,0,13,459,1,473,9,22,750,4,785,238,0,238,1023
10/04/2000,DAB,FL,ASO,ES,Towers with Radar,9,10,324,0,343,0,2,143,0,145,9,12,467,0,488,126,0,126,614
10/05/2000,DAB,FL,ASO,ES,Towers with Radar,11,7,252,3,273,0,0,648,1,649,11,7,900,4,922,163,0,163,1085
10/06/2000,DAB,FL,ASO,ES,Towers with Radar,11,6,271,1,289,0,0,1030,0,1030,11,6,1301,1,1319,269,0,269,1588
10/07/2000,DAB,FL,ASO,ES,Towers with Radar,11,4,230,3,248,0,0,764,0,764,11,4,994,3,1012,192,0,192,1204
10/08/2000,DAB,FL,ASO,ES,Towers with Radar,9,6,199,0,214,1,0,214,0,215,10,6,413,0,429,52,0,52,481
10/09/2000,DAB,FL,ASO,ES,Towers with Radar,7,4,149,0,160,3,1,73,0,77,10,5,222,0,237,21,0,21,258
10/10/2000,DAB,FL,ASO,ES,Towers with Radar,12,6,277,2,297,0,0,645,3,648,12,6,922,5,945,131,0,131,1076
10/11/2000,DAB,FL,ASO,ES,Towers with Radar,10,7,266,2,285,0,0,937,23,960,10,7,1203,25,1245,252,0,252,1497
10/12/2000,DAB,FL,ASO,ES,Towers with Radar,10,6,252,2,270,0,0,878,0,878,10,6,1130,2,1148,241,0,241,1389
10/13/2000,DAB,FL,ASO,ES,Towers with Radar,10,8,244,1,263,0,1,600,0,601,10,9,844,1,864,152,0,152,1016
10/14/2000,DAB,FL,ASO,ES,Towers with Radar,7,4,173,0,184,4,0,785,0,789,11,4,958,0,973,229,0,229,1202
10/15/2000,DAB,FL,ASO,ES,Towers with Radar,8,3,193,0,204,4,0,731,0,735,12,3,924,0,939,94,0,94,1033
10/16/2000,DAB,FL,ASO,ES,Towers with Radar,10,7,236,0,253,2,0,930,0,932,12,7,1166,0,1185,241,0,241,1426
10/17/2000,DAB,FL,ASO,ES,Towers with Radar,9,7,218,1,235,1,2,914,0,917,10,9,1132,1,1152,220,0,220,1372
10/18/2000,DAB,FL,ASO,ES,Towers with Radar,10,8,239,0,257,2,17,910,0,929,12,25,1149,0,1186,330,0,330,1516
10/19/2000,DAB,FL,ASO,ES,Towers with Radar,12,7,295,2,316,0,0,791,2,793,12,7,1086,4,1109,212,0,212,1321
10/20/2000,DAB,FL,ASO,ES,Towers with Radar,10,10,298,2,320,0,0,541,0,541,10,10,839,2,861,172,0,172,1033
10/21/2000,DAB,FL,ASO,ES,Towers with Radar,9,7,215,0,231,1,2,658,0,661,10,9,873,0,892,257,0,257,1149
10/22/2000,DAB,FL,ASO,ES,Towers with Radar,9,7,211,0,227,0,0,706,0,706,9,7,917,0,933,202,0,202,1135
10/23/2000,DAB,FL,ASO,ES,Towers with Radar,10,6,231,2,249,2,0,643,1,646,12,6,874,3,895,160,0,160,1055
10/24/2000,DAB,FL,ASO,ES,Towers with Radar,10,8,232,2,252,1,1,536,1,539,11,9,768,3,791,242,0,242,1033
10/25/2000,DAB,FL,ASO,ES,Towers with Radar,9,8,254,2,273,0,1,662,1,664,9,9,916,3,937,218,0,218,1155
10/26/2000,DAB,FL,ASO,ES,Towers with Radar,11,5,289,2,307,0,0,621,1,622,11,5,910,3,929,134,0,134,1063
10/27/2000,DAB,FL,ASO,ES,Towers with Radar,10,5,244,3,262,4,0,695,0,699,14,5,939,3,961,212,0,212,1173
10/28/2000,DAB,FL,ASO,ES,Towers with Radar,8,4,191,0,203,3,0,783,0,786,11,4,974,0,989,300,0,300,1289
10/29/2000,DAB,FL,ASO,ES,Towers with Radar,9,6,221,2,238,0,0,487,0,487,9,6,708,2,725,337,0,337,1062
10/30/2000,DAB,FL,ASO,ES,Towers with Radar,9,5,237,0,251,0,0,503,0,503,9,5,740,0,754,171,0,171,925
10/31/2000,DAB,FL,ASO,ES,Towers with Radar,10,4,253,3,270,0,0,953,3,956,10,4,1206,6,1226,270,0,270,1496
11/01/2000,DAB,FL,ASO,ES,Towers with Radar,13,9,211,1,234,2,8,982,0,992,15,17,1193,1,1226,186,0,186,1412
11/02/2000,DAB,FL,ASO,ES,Towers with Radar,12,10,230,0,252,0,0,864,0,864,12,10,1094,0,1116,315,0,315,1431
11/03/2000,DAB,FL,ASO,ES,Towers with Radar,9,6,146,2,163,3,4,542,0,549,12,10,688,2,712,218,0,218,930
11/04/2000,DAB,FL,ASO,ES,Towers with Radar,12,7,206,3,228,2,0,629,0,631,14,7,835,3,859,221,0,221,1080
11/05/2000,DAB,FL,ASO,ES,Towers with Radar,12,5,196,3,216,0,0,448,0,448,12,5,644,3,664,211,0,211,875
11/06/2000,DAB,FL,ASO,ES,Towers with Radar,12,6,219,3,240,0,0,568,3,571,12,6,787,6,811,222,0,222,1033
11/07/2000,DAB,FL,ASO,ES,Towers with Radar,11,10,223,0,244,0,3,814,0,817,11,13,1037,0,1061,331,0,331,1392
11/08/2000,DAB,FL,ASO,ES,Towers with Radar,11,10,225,2,248,0,0,748,0,748,11,10,973,2,996,178,0,178,1174
11/09/2000,DAB,FL,ASO,ES,Towers with Radar,13,11,257,4,285,0,2,748,4,754,13,13,1005,8,1039,223,0,223,1262
11/10/2000,DAB,FL,ASO,ES,Towers with Radar,12,8,252,3,275,0,0,686,2,688,12,8,938,5,963,292,0,292,1255
11/11/2000,DAB,FL,ASO,ES,Towers with Radar,9,8,165,0,182,4,3,714,0,721,13,11,879,0,903,188,0,188,1091
11/12/2000,DAB,FL,ASO,ES,Towers with Radar,10,9,183,2,204,2,0,636,0,638,12,9,819,2,842,210,0,210,1052
11/13/2000,DAB,FL,ASO,ES,Towers with Radar,13,7,225,2,247,0,0,782,2,784,13,7,1007,4,1031,196,0,196,1227
11/14/2000,DAB,FL,ASO,ES,Towers with Radar,13,12,260,3,288,0,4,348,2,354,13,16,608,5,642,147,0,147,789
11/15/2000,DAB,FL,ASO,ES,Towers with Radar,12,7,254,2,275,0,0,915,1,916,12,7,1169,3,1191,228,0,228,1419
11/16/2000,DAB,FL,ASO,ES,Towers with Radar,11,9,205,2,227,0,0,933,5,938,11,9,1138,7,1165,284,0,284,1449
11/17/2000,DAB,FL,ASO,ES,Towers with Radar,14,5,261,3,283,2,0,546,4,552,16,5,807,7,835,197,0,197,1032
11/18/2000,DAB,FL,ASO,ES,Towers with Radar,11,9,205,1,226,3,0,708,0,711,14,9,913,1,937,179,0,179,1116
11/19/2000,DAB,FL,ASO,ES,Towers with Radar,8,6,147,1,162,3,0,293,1,297,11,6,440,2,459,104,0,104,563
11/20/2000,DAB,FL,ASO,ES,Towers with Radar,13,10,295,1,319,0,0,303,0,303,13,10,598,1,622,133,0,133,755
11/21/2000,DAB,FL,ASO,ES,Towers with Radar,11,9,207,2,229,1,0,661,0,662,12,9,868,2,891,107,0,107,998
11/22/2000,DAB,FL,ASO,ES,Towers with Radar,11,8,199,2,220,0,0,696,1,697,11,8,895,3,917,194,0,194,1111
11/23/2000,DAB,FL,ASO,ES,Towers with Radar,4,4,71,0,79,5,2,214,0,221,9,6,285,0,300,98,0,98,398
11/24/2000,DAB,FL,ASO,ES,Towers with Radar,9,8,171,0,188,1,43,272,0,316,10,51,443,0,504,44,0,44,548
11/25/2000,DAB,FL,ASO,ES,Towers with Radar,9,5,150,0,164,4,0,40,0,44,13,5,190,0,208,25,0,25,233
11/26/2000,DAB,FL,ASO,ES,Towers with Radar,11,4,215,0,230,0,0,3,0,3,11,4,218,0,233,52,0,52,285
11/27/2000,DAB,FL,ASO,ES,Towers with Radar,13,7,232,3,255,2,0,845,3,850,15,7,1077,6,1105,289,0,289,1394
11/28/2000,DAB,FL,ASO,ES,Towers with Radar,13,6,253,3,275,0,0,811,2,813,13,6,1064,5,1088,287,0,287,1375
11/29/2000,DAB,FL,ASO,ES,Towers with Radar,12,6,297,1,316,0,0,988,0,988,12,6,1285,1,1304,281,0,281,1585
11/30/2000,DAB,FL,ASO,ES,Towers with Radar,12,8,303,0,323,0,0,877,0,877,12,8,1180,0,1200,237,0,237,1437
12/01/2000,DAB,FL,ASO,ES,Towers with Radar,12,7,210,2,231,0,0,960,0,960,12,7,1170,2,1191,252,0,252,1443
12/02/2000,DAB,FL,ASO,ES,Towers with Radar,12,8,187,2,209,0,1,747,0,748,12,9,934,2,957,258,0,258,1215
12/03/2000,DAB,FL,ASO,ES,Towers with Radar,13,7,240,0,260,0,0,71,0,71,13,7,311,0,331,14,0,14,345
12/04/2000,DAB,FL,ASO,ES,Towers with Radar,15,7,229,3,254,0,0,302,0,302,15,7,531,3,556,20,0,20,576
12/05/2000,DAB,FL,ASO,ES,Towers with Radar,8,11,248,0,267,0,0,806,0,806,8,11,1054,0,1073,149,0,149,1222
12/06/2000,DAB,FL,ASO,ES,Towers with Radar,12,11,230,3,256,0,5,866,1,872,12,16,1096,4,1128,300,0,300,1428
12/07/2000,DAB,FL,ASO,ES,Towers with Radar,12,8,250,1,271,0,0,903,0,903,12,8,1153,1,1174,240,0,240,1414
12/08/2000,DAB,FL,ASO,ES,Towers with Radar,11,7,229,2,249,0,0,807,6,813,11,7,1036,8,1062,302,0,302,1364
12/09/2000,DAB,FL,ASO,ES,Towers with Radar,11,9,201,2,223,0,0,674,5,679,11,9,875,7,902,161,0,161,1063
12/10/2000,DAB,FL,ASO,ES,Towers with Radar,11,6,203,2,222,0,0,493,0,493,11,6,696,2,715,189,0,189,904
12/11/2000,DAB,FL,ASO,ES,Towers with Radar,15,7,253,0,275,0,0,451,0,451,15,7,704,0,726,183,0,183,909
12/12/2000,DAB,FL,ASO,ES,Towers with Radar,14,12,271,2,299,0,0,349,0,349,14,12,620,2,648,214,0,214,862
12/13/2000,DAB,FL,ASO,ES,Towers with Radar,10,7,232,2,251,0,0,742,8,750,10,7,974,10,1001,216,0,216,1217
12/14/2000,DAB,FL,ASO,ES,Towers with Radar,14,10,220,0,244,0,2,644,0,646,14,12,864,0,890,144,0,144,1034
12/15/2000,DAB,FL,ASO,ES,Towers with Radar,10,8,249,2,269,0,0,169,3,172,10,8,418,5,441,88,0,88,529
12/16/2000,DAB,FL,ASO,ES,Towers with Radar,7,7,144,1,159,0,1,397,2,400,7,8,541,3,559,155,0,155,714
12/17/2000,DAB,FL,ASO,ES,Towers with Radar,9,5,132,1,147,2,0,138,2,142,11,5,270,3,289,49,0,49,338
12/18/2000,DAB,FL,ASO,ES,Towers with Radar,12,7,211,0,230,0,0,643,0,643,12,7,854,0,873,167,0,167,1040
12/19/2000,DAB,FL,ASO,ES,Towers with Radar,11,6,183,0,200,1,0,167,0,168,12,6,350,0,368,124,0,124,492
12/20/2000,DAB,FL,ASO,ES,Towers with Radar,11,5,170,0,186,3,0,530,0,533,14,5,700,0,719,127,0,127,846
12/21/2000,DAB,FL,ASO,ES,Towers with Radar,8,8,175,1,192,0,1,410,4,415,8,9,585,5,607,169,0,169,776
12/22/2000,DAB,FL,ASO,ES,Towers with Radar,8,5,136,2,151,6,5,281,0,292,14,10,417,2,443,79,0,79,522
12/23/2000,DAB,FL,ASO,ES,Towers with Radar,7,5,117,0,129,7,2,121,0,130,14,7,238,0,259,73,0,73,332
12/24/2000,DAB,FL,ASO,ES,Towers with Radar,5,2,57,0,64,6,6,0,0,12,11,8,57,0,76,4,0,4,80
12/25/2000,DAB,FL,ASO,ES,Towers with Radar,2,1,41,0,44,7,5,8,0,20,9,6,49,0,64,3,0,3,67
12/26/2000,DAB,FL,ASO,ES,Towers with Radar,10,6,145,2,163,4,1,57,3,65,14,7,202,5,228,43,0,43,271
12/27/2000,DAB,FL,ASO,ES,Towers with Radar,10,6,145,0,161,4,0,194,0,198,14,6,339,0,359,60,0,60,419
12/28/2000,DAB,FL,ASO,ES,Towers with Radar,7,4,109,0,120,5,2,16,0,23,12,6,125,0,143,18,0,18,161
12/29/2000,DAB,FL,ASO,ES,Towers with Radar,11,4,170,0,185,0,0,4,0,4,11,4,174,0,189,13,0,13,202
12/30/2000,DAB,FL,ASO,ES,Towers with Radar,6,4,98,0,108,3,6,108,0,117,9,10,206,0,225,19,0,19,244
12/31/2000,DAB,FL,ASO,ES,Towers with Radar,5,3,79,0,87,6,4,36,0,46,11,7,115,0,133,7,0,7,140
01/01/2001,DAB,FL,ASO,ES,Towers with Radar,3,4,76,2,85,5,0,29,0,34,8,4,105,2,119,29,0,29,148
01/02/2001,DAB,FL,ASO,ES,Towers with Radar,8,6,126,0,140,5,6,127,0,138,13,12,253,0,278,32,0,32,310
01/03/2001,DAB,FL,ASO,ES,Towers with Radar,10,8,169,4,191,1,2,300,0,303,11,10,469,4,494,57,0,57,551
01/04/2001,DAB,FL,ASO,ES,Towers with Radar,10,0,150,4,164,4,0,208,113,325,14,0,358,117,489,117,0,117,606
01/05/2001,DAB,FL,ASO,ES,Towers with Radar,11,7,156,3,177,1,3,430,0,434,12,10,586,3,611,160,0,160,771
01/06/2001,DAB,FL,ASO,ES,Towers with Radar,9,6,129,3,147,3,1,368,0,372,12,7,497,3,519,156,0,156,675
01/07/2001,DAB,FL,ASO,ES,Towers with Radar,9,6,120,2,137,4,8,252,0,264,13,14,372,2,401,127,0,127,528
01/08/2001,DAB,FL,ASO,ES,Towers with Radar,11,8,178,0,197,0,1,239,0,240,11,9,417,0,437,152,0,152,589
01/09/2001,DAB,FL,ASO,ES,Towers with Radar,9,7,167,1,184,0,3,390,0,393,9,10,557,1,577,55,0,55,632
01/10/2001,DAB,FL,ASO,ES,Towers with Radar,13,10,222,3,248,0,1,844,0,845,13,11,1066,3,1093,184,0,184,1277
01/11/2001,DAB,FL,ASO,ES,Towers with Radar,12,8,198,1,219,0,0,805,0,805,12,8,1003,1,1024,178,0,178,1202
01/12/2001,DAB,FL,ASO,ES,Towers with Radar,14,6,218,6,244,0,0,626,1,627,14,6,844,7,871,128,0,128,999
01/13/2001,DAB,FL,ASO,ES,Towers with Radar,11,8,209,2,230,0,0,409,0,409,11,8,618,2,639,129,0,129,768
01/14/2001,DAB,FL,ASO,ES,Towers with Radar,13,5,191,0,209,3,0,512,0,515,16,5,703,0,724,167,0,167,891
01/15/2001,DAB,FL,ASO,ES,Towers with Radar,10,8,199,7,224,0,0,784,0,784,10,8,983,7,1008,242,0,242,1250
01/16/2001,DAB,FL,ASO,ES,Towers with Radar,13,10,246,2,271,0,1,725,0,726,13,11,971,2,997,180,0,180,1177
01/17/2001,DAB,FL,ASO,ES,Towers with Radar,12,10,246,1,269,0,0,915,0,915,12,10,1161,1,1184,308,0,308,1492
01/18/2001,DAB,FL,ASO,ES,Towers with Radar,11,8,226,4,249,0,0,688,0,688,11,8,914,4,937,190,0,190,1127
01/19/2001,DAB,FL,ASO,ES,Towers with Radar,12,6,203,2,223,1,0,600,0,601,13,6,803,2,824,172,0,172,996
01/20/2001,DAB,FL,ASO,ES,Towers with Radar,9,6,155,0,170,4,3,240,0,247,13,9,395,0,417,176,0,176,593
01/21/2001,DAB,FL,ASO,ES,Towers with Radar,12,5,184,0,201,3,0,905,0,908,15,5,1089,0,1109,165,0,165,1274
01/22/2001,DAB,FL,ASO,ES,Towers with Radar,10,9,238,2,259,0,0,624,0,624,10,9,862,2,883,199,0,199,1082
01/23/2001,DAB,FL,ASO,ES,Towers with Radar,11,6,182,5,204,2,0,320,0,322,13,6,502,5,526,86,0,86,612
01/24/2001,DAB,FL,ASO,ES,Towers with Radar,12,7,222,1,242,0,0,1001,0,1001,12,7,1223,1,1243,220,0,220,1463
01/25/2001,DAB,FL,ASO,ES,Towers with Radar,12,8,200,0,220,1,1,671,0,673,13,9,871,0,893,41,0,41,934
01/26/2001,DAB,FL,ASO,ES,Towers with Radar,15,4,275,9,303,0,0,1118,11,1129,15,4,1393,20,1432,443,0,443,1875
01/27/2001,DAB,FL,ASO,ES,Towers with Radar,12,4,185,6,207,4,0,836,0,840,16,4,1021,6,1047,249,0,249,1296
01/28/2001,DAB,FL,ASO,ES,Towers with Radar,9,6,146,1,162,0,3,606,0,609,9,9,752,1,771,172,0,172,943
01/29/2001,DAB,FL,ASO,ES,Towers with Radar,15,10,258,2,285,0,5,746,0,751,15,15,1004,2,1036,148,0,148,1184
01/30/2001,DAB,FL,ASO,ES,Towers with Radar,12,7,228,3,250,0,0,399,0,399,12,7,627,3,649,187,0,187,836
01/31/2001,DAB,FL,ASO,ES,Towers with Radar,14,12,292,0,318,0,2,121,0,123,14,14,413,0,441,80,0,80,521
02/01/2001,DAB,FL,ASO,ES,Towers with Radar,14,7,381,0,402,0,0,396,0,396,14,7,777,0,798,202,0,202,1000
02/02/2001,DAB,FL,ASO,ES,Towers with Radar,11,15,343,3,372,0,0,203,2,205,11,15,546,5,577,68,0,68,645
02/03/2001,DAB,FL,ASO,ES,Towers with Radar,14,7,297,3,321,0,0,625,1,626,14,7,922,4,947,190,0,190,1137
02/04/2001,DAB,FL,ASO,ES,Towers with Radar,10,10,236,0,256,0,10,30,0,40,10,20,266,0,296,28,0,28,324
02/05/2001,DAB,FL,ASO,ES,Towers with Radar,13,3,279,0,295,2,0,1174,0,1176,15,3,1453,0,1471,237,0,237,1708
02/06/2001,DAB,FL,ASO,ES,Towers with Radar,12,12,268,2,294,2,0,1076,0,1078,14,12,1344,2,1372,363,0,363,1735
02/07/2001,DAB,FL,ASO,ES,Towers with Radar,13,10,312,1,336,0,0,1273,0,1273,13,10,1585,1,1609,346,0,346,1955
02/08/2001,DAB,FL,ASO,ES,Towers with Radar,14,6,333,2,355,0,0,1119,2,1121,14,6,1452,4,1476,210,0,210,1686
02/09/2001,DAB,FL,ASO,ES,Towers with Radar,13,8,298,2,321,0,0,803,3,806,13,8,1101,5,1127,99,0,99,1226
02/10/2001,DAB,FL,ASO,ES,Towers with Radar,5,10,239,0,254,0,4,817,0,821,5,14,1056,0,1075,168,0,168,1243
02/11/2001,DAB,FL,ASO,ES,Towers with Radar,12,14,325,2,353,0,1,393,2,396,12,15,718,4,749,80,0,80,829
02/12/2001,DAB,FL,ASO,ES,Towers with Radar,11,4,224,2,241,3,0,0,11,14,14,4,224,13,255,19,0,19,274
02/13/2001,DAB,FL,ASO,ES,Towers with Radar,9,8,188,0,205,2,0,0,0,2,11,8,188,0,207,32,0,32,239
02/14/2001,DAB,FL,ASO,ES,Towers with Radar,9,10,224,1,244,0,0,670,4,674,9,10,894,5,918,177,0,177,1095
02/15/2001,DAB,FL,ASO,ES,Towers with Radar,12,13,280,2,307,5,4,473,0,482,17,17,753,2,789,108,0,108,897
02/16/2001,DAB,FL,ASO,ES,Towers with Radar,7,12,266,2,287,0,19,646,1,666,7,31,912,3,953,131,0,131,1084
02/17/2001,DAB,FL,ASO,ES,Towers with Radar,9,9,205,1,224,5,9,319,0,333,14,18,524,1,557,49,0,49,606
02/18/2001,DAB,FL,ASO,ES,Towers with Radar,11,12,266,1,290,4,26,940,0,970,15,38,1206,1,1260,28,0,28,1288
02/19/2001,DAB,FL,ASO,ES,Towers with Radar,14,13,334,3,364,11,0,1056,0,1067,25,13,1390,3,1431,197,0,197,1628
02/20/2001,DAB,FL,ASO,ES,Towers with Radar,14,7,336,1,358,1,0,1159,0,1160,15,7,1495,1,1518,244,0,244,1762
02/21/2001,DAB,FL,ASO,ES,Towers with Radar,12,9,321,3,345,0,0,1022,1,1023,12,9,1343,4,1368,228,0,228,1596
02/22/2001,DAB,FL,ASO,ES,Towers with Radar,14,14,322,3,353,13,25,36,5,79,27,39,358,8,432,202,0,202,634
02/23/2001,DAB,FL,ASO,ES,Towers with Radar,13,15,344,0,372,0,6,7,0,13,13,21,351,0,385,282,0,282,667
02/24/2001,DAB,FL,ASO,ES,Towers with Radar,10,8,299,3,320,0,0,457,1,458,10,8,756,4,778,298,0,298,1076
02/25/2001,DAB,FL,ASO,ES,Towers with Radar,8,9,183,2,202,2,7,799,0,808,10,16,982,2,1010,0,153,153,1163
02/26/2001,DAB,FL,ASO,ES,Towers with Radar,12,12,284,0,308,1,1,623,0,625,13,13,907,0,933,143,0,143,1076
02/27/2001,DAB,FL,ASO,ES,Towers with Radar,12,11,343,0,366,0,0,708,0,708,12,11,1051,0,1074,203,0,203,1277
02/28/2001,DAB,FL,ASO,ES,Towers with Radar,11,10,266,3,290,2,0,876,1,879,13,10,1142,4,1169,171,0,171,1340
03/01/2001,DAB,FL,ASO,ES,Towers with Radar,10,12,251,4,277,0,3,613,0,616,10,15,864,4,893,234,0,234,1127
03/02/2001,DAB,FL,ASO,ES,Towers with Radar,11,11,240,4,266,0,1,870,5,876,11,12,1110,9,1142,344,0,344,1486
03/03/2001,DAB,FL,ASO,ES,Towers with Radar,12,9,186,0,207,0,3,603,0,606,12,12,789,0,813,54,0,54,867
03/04/2001,DAB,FL,ASO,ES,Towers with Radar,6,4,87,1,98,2,6,0,0,8,8,10,87,1,106,6,0,6,112
03/05/2001,DAB,FL,ASO,ES,Towers with Radar,9,6,132,2,149,3,4,247,2,256,12,10,379,4,405,28,0,28,433
03/06/2001,DAB,FL,ASO,ES,Towers with Radar,9,6,129,2,146,3,4,349,1,357,12,10,478,3,503,20,0,20,523
03/07/2001,DAB,FL,ASO,ES,Towers with Radar,15,8,225,1,249,0,0,941,0,941,15,8,1166,1,1190,123,0,123,1313
03/08/2001,DAB,FL,ASO,ES,Towers with Radar,11,12,268,4,295,0,1,1141,0,1142,11,13,1409,4,1437,325,0,325,1762
03/09/2001,DAB,FL,ASO,ES,Towers with Radar,12,11,237,2,262,0,1,926,0,927,12,12,1163,2,1189,221,0,221,1410
03/10/2001,DAB,FL,ASO,ES,Towers with Radar,14,10,228,1,253,0,0,782,0,782,14,10,1010,1,1035,176,0,176,1211
03/11/2001,DAB,FL,ASO,ES,Towers with Radar,13,3,204,3,223,6,0,772,2,780,19,3,976,5,1003,173,0,173,1176
03/12/2001,DAB,FL,ASO,ES,Towers with Radar,12,8,191,2,213,0,0,684,0,684,12,8,875,2,897,101,0,101,998
03/13/2001,DAB,FL,ASO,ES,Towers with Radar,12,7,164,1,184,2,1,224,0,227,14,8,388,1,411,79,0,79,490
03/14/2001,DAB,FL,ASO,ES,Towers with Radar,12,7,278,3,300,0,0,1042,1,1043,12,7,1320,4,1343,201,0,201,1544
03/15/2001,DAB,FL,ASO,ES,Towers with Radar,9,9,171,1,190,0,4,149,0,153,9,13,320,1,343,48,0,48,391
03/16/2001,DAB,FL,ASO,ES,Towers with Radar,12,8,215,0,235,0,0,351,0,351,12,8,566,0,586,146,0,146,732
03/17/2001,DAB,FL,ASO,ES,Towers with Radar,10,10,193,2,215,0,0,896,4,900,10,10,1089,6,1115,146,0,146,1261
03/18/2001,DAB,FL,ASO,ES,Towers with Radar,12,5,200,0,217,9,0,41,0,50,21,5,241,0,267,30,0,30,297
03/19/2001,DAB,FL,ASO,ES,Towers with Radar,4,4,36,0,44,11,3,0,0,14,15,7,36,0,58,5,0,5,63
03/20/2001,DAB,FL,ASO,ES,Towers with Radar,13,10,211,2,236,1,0,723,0,724,14,10,934,2,960,188,0,188,1148
03/21/2001,DAB,FL,ASO,ES,Towers with Radar,13,11,216,2,242,12,27,59,9,107,25,38,275,11,349,165,0,165,514
03/22/2001,DAB,FL,ASO,ES,Towers with Radar,13,9,251,3,276,0,0,1177,1,1178,13,9,1428,4,1454,301,0,301,1755
03/23/2001,DAB,FL,ASO,ES,Towers with Radar,12,8,259,3,282,0,0,1173,23,1196,12,8,1432,26,1478,144,0,144,1622
03/24/2001,DAB,FL,ASO,ES,Towers with Radar,8,9,184,2,203,0,4,1013,4,1021,8,13,1197,6,1224,229,0,229,1453
03/25/2001,DAB,FL,ASO,ES,Towers with Radar,11,7,183,1,202,2,0,734,0,736,13,7,917,1,938,107,0,107,1045
03/26/2001,DAB,FL,ASO,ES,Towers with Radar,12,9,262,3,286,0,0,1098,3,1101,12,9,1360,6,1387,213,0,213,1600
03/27/2001,DAB,FL,ASO,ES,Towers with Radar,10,11,228,0,249,0,0,1081,0,1081,10,11,1309,0,1330,175,0,175,1505
03/28/2001,DAB,FL,ASO,ES,Towers with Radar,11,12,256,3,282,0,0,1009,0,1009,11,12,1265,3,1291,340,0,340,1631
03/29/2001,DAB,FL,ASO,ES,Towers with Radar,7,6,125,0,138,5,11,34,0,50,12,17,159,0,188,24,0,24,212
03/30/2001,DAB,FL,ASO,ES,Towers with Radar,10,8,175,0,193,4,2,288,0,294,14,10,463,0,487,169,0,169,656
03/31/2001,DAB,FL,ASO,ES,Towers with Radar,12,9,196,0,217,1,1,518,0,520,13,10,714,0,737,258,0,258,995
04/01/2001,DAB,FL,ASO,ES,Towers with Radar,10,12,269,3,294,0,3,802,1,806,10,15,1071,4,1100,244,0,244,1344
04/02/2001,DAB,FL,ASO,ES,Towers with Radar,9,11,250,0,270,0,0,1028,0,1028,9,11,1278,0,1298,328,0,328,1626
04/03/2001,DAB,FL,ASO,ES,Towers with Radar,8,10,247,3,268,0,0,914,9,923,8,10,1161,12,1191,37,0,37,1228
04/04/2001,DAB,FL,ASO,ES,Towers with Radar,12,13,282,1,308,0,4,912,0,916,12,17,1194,1,1224,132,0,132,1356
04/05/2001,DAB,FL,ASO,ES,Towers with Radar,10,10,335,2,357,0,0,683,0,683,10,10,1018,2,1040,340,0,340,1380
04/06/2001,DAB,FL,ASO,ES,Towers with Radar,9,9,286,3,307,0,0,985,5,990,9,9,1271,8,1297,189,0,189,1486
04/07/2001,DAB,FL,ASO,ES,Towers with Radar,12,5,261,3,281,2,0,828,3,833,14,5,1089,6,1114,247,0,247,1361
04/08/2001,DAB,FL,ASO,ES,Towers with Radar,9,9,207,2,227,0,1,696,0,697,9,10,903,2,924,220,0,220,1144
04/09/2001,DAB,FL,ASO,ES,Towers with Radar,13,12,275,2,302,1,14,962,0,977,14,26,1237,2,1279,72,0,72,1351
04/10/2001,DAB,FL,ASO,ES,Towers with Radar,12,10,301,3,326,0,0,843,5,848,12,10,1144,8,1174,298,0,298,1472
04/11/2001,DAB,FL,ASO,ES,Towers with Radar,10,12,268,3,293,0,4,989,0,993,10,16,1257,3,1286,301,0,301,1587
04/12/2001,DAB,FL,ASO,ES,Towers with Radar,9,13,286,3,311,0,7,964,2,973,9,20,1250,5,1284,301,0,301,1585
04/13/2001,DAB,FL,ASO,ES,Towers with Radar,13,14,314,0,341,0,0,712,0,712,13,14,1026,0,1053,238,0,238,1291
04/14/2001,DAB,FL,ASO,ES,Towers with Radar,8,11,256,2,277,0,4,591,0,595,8,15,847,2,872,143,0,143,1015
04/15/2001,DAB,FL,ASO,ES,Towers with Radar,8,8,172,2,190,4,0,527,0,531,12,8,699,2,721,169,0,169,890
04/16/2001,DAB,FL,ASO,ES,Towers with Radar,9,11,245,0,265,0,3,818,0,821,9,14,1063,0,1086,169,0,169,1255
04/17/2001,DAB,FL,ASO,ES,Towers with Radar,10,10,229,2,251,0,2,710,1,713,10,12,939,3,964,140,0,140,1104
04/18/2001,DAB,FL,ASO,ES,Towers with Radar,11,13,270,1,295,0,0,778,0,778,11,13,1048,1,1073,105,0,105,1178
04/19/2001,DAB,FL,ASO,ES,Towers with Radar,10,13,267,2,292,0,13,891,3,907,10,26,1158,5,1199,165,0,165,1364
04/20/2001,DAB,FL,ASO,ES,Towers with Radar,8,10,264,0,282,0,0,768,0,768,8,10,1032,0,1050,237,0,237,1287
04/21/2001,DAB,FL,ASO,ES,Towers with Radar,10,12,242,2,266,0,2,721,4,727,10,14,963,6,993,189,0,189,1182
04/22/2001,DAB,FL,ASO,ES,Towers with Radar,9,11,220,0,240,8,1,702,0,711,17,12,922,0,951,162,0,162,1113
04/23/2001,DAB,FL,ASO,ES,Towers with Radar,10,6,241,2,259,2,0,915,1,918,12,6,1156,3,1177,206,2,208,1385
04/24/2001,DAB,FL,ASO,ES,Towers with Radar,10,8,247,2,267,0,0,894,2,896,10,8,1141,4,1163,169,0,169,1332
04/25/2001,DAB,FL,ASO,ES,Towers with Radar,10,11,260,0,281,0,0,596,0,596,10,11,856,0,877,204,0,204,1081
04/26/2001,DAB,FL,ASO,ES,Towers with Radar,9,11,266,2,288,0,0,296,0,296,9,11,562,2,584,41,0,41,625
04/27/2001,DAB,FL,ASO,ES,Towers with Radar,11,12,253,2,278,1,0,1041,5,1047,12,12,1294,7,1325,245,0,245,1570
04/28/2001,DAB,FL,ASO,ES,Towers with Radar,7,9,174,0,190,6,1,830,0,837,13,10,1004,0,1027,262,0,262,1289
04/29/2001,DAB,FL,ASO,ES,Towers with Radar,7,8,162,1,178,23,0,330,1,354,30,8,492,2,532,82,0,82,614
04/30/2001,DAB,FL,ASO,ES,Towers with Radar,10,10,225,0,245,0,2,421,0,423,10,12,646,0,668,258,0,258,926
05/01/2001,DAB,FL,ASO,ES,Towers with Radar,8,12,295,0,315,0,0,851,0,851,8,12,1146,0,1166,275,0,275,1441
05/02/2001,DAB,FL,ASO,ES,Towers with Radar,10,11,305,0,326,0,0,815,0,815,10,11,1120,0,1141,315,0,315,1456
05/03/2001,DAB,FL,ASO,ES,Towers with Radar,0,0,279,2,281,0,0,738,0,738,0,0,1017,2,1019,148,0,148,1167
05/04/2001,DAB,FL,ASO,ES,Towers with Radar,11,10,258,2,281,0,0,781,0,781,11,10,1039,2,1062,266,0,266,1328
05/05/2001,DAB,FL,ASO,ES,Towers with Radar,8,7,177,2,194,3,3,599,0,605,11,10,776,2,799,164,0,164,963
05/06/2001,DAB,FL,ASO,ES,Towers with Radar,8,7,181,3,199,1,4,632,0,637,9,11,813,3,836,339,0,339,1175
05/07/2001,DAB,FL,ASO,ES,Towers with Radar,7,9,228,3,247,0,4,589,0,593,7,13,817,3,840,148,0,148,988
05/08/2001,DAB,FL,ASO,ES,Towers with Radar,8,12,282,4,306,0,1,822,0,823,8,13,1104,4,1129,243,0,243,1372
05/09/2001,DAB,FL,ASO,ES,Towers with Radar,9,10,300,1,320,0,0,979,0,979,9,10,1279,1,1299,238,0,238,1537
05/10/2001,DAB,FL,ASO,ES,Towers with Radar,9,9,256,2,276,0,0,858,0,858,9,9,1114,2,1134,171,0,171,1305
05/11/2001,DAB,FL,ASO,ES,Towers with Radar,11,10,253,2,276,0,1,948,0,949,11,11,1201,2,1225,278,0,278,1503
05/12/2001,DAB,FL,ASO,ES,Towers with Radar,8,7,183,0,198,4,0,832,0,836,12,7,1015,0,1034,299,0,299,1333
05/13/2001,DAB,FL,ASO,ES,Towers with Radar,6,6,142,1,155,4,6,550,5,565,10,12,692,6,720,223,0,223,943
05/14/2001,DAB,FL,ASO,ES,Towers with Radar,7,8,203,0,218,0,3,840,0,843,7,11,1043,0,1061,268,0,268,1329
05/15/2001,DAB,FL,ASO,ES,Towers with Radar,9,9,249,2,269,1,0,875,2,878,10,9,1124,4,1147,354,0,354,1501
05/16/2001,DAB,FL,ASO,ES,Towers with Radar,10,12,259,0,281,0,0,986,0,986,10,12,1245,0,1267,353,0,353,1620
05/17/2001,DAB,FL,ASO,ES,Towers with Radar,9,11,243,0,263,1,0,979,0,980,10,11,1222,0,1243,319,0,319,1562
05/18/2001,DAB,FL,ASO,ES,Towers with Radar,8,10,220,2,240,0,0,862,3,865,8,10,1082,5,1105,303,0,303,1408
05/19/2001,DAB,FL,ASO,ES,Towers with Radar,7,8,181,1,197,5,4,730,0,739,12,12,911,1,936,203,0,203,1139
05/20/2001,DAB,FL,ASO,ES,Towers with Radar,6,8,168,1,183,1,5,659,0,665,7,13,827,1,848,272,0,272,1120
05/21/2001,DAB,FL,ASO,ES,Towers with Radar,8,10,210,2,230,3,0,736,11,750,11,10,946,13,980,77,0,77,1057
05/22/2001,DAB,FL,ASO,ES,Towers with Radar,8,7,214,0,229,1,0,671,0,672,9,7,885,0,901,257,0,257,1158
05/23/2001,DAB,FL,ASO,ES,Towers with Radar,10,14,317,3,344,0,1,746,0,747,10,15,1063,3,1091,307,0,307,1398
05/24/2001,DAB,FL,ASO,ES,Towers with Radar,8,13,280,3,304,0,0,1034,27,1061,8,13,1314,30,1365,240,0,240,1605
05/25/2001,DAB,FL,ASO,ES,Towers with Radar,10,8,258,2,278,8,0,695,0,703,18,8,953,2,981,276,0,276,1257
05/26/2001,DAB,FL,ASO,ES,Towers with Radar,9,11,248,0,268,1,0,416,0,417,10,11,664,0,685,211,0,211,896
05/27/2001,DAB,FL,ASO,ES,Towers with Radar,8,9,206,1,224,4,0,355,0,359,12,9,561,1,583,93,0,93,676
05/28/2001,DAB,FL,ASO,ES,Towers with Radar,7,8,198,0,213,5,2,574,0,581,12,10,772,0,794,182,0,182,976
05/29/2001,DAB,FL,ASO,ES,Towers with Radar,9,10,239,1,259,0,4,802,0,806,9,14,1041,1,1065,254,0,254,1319
05/30/2001,DAB,FL,ASO,ES,Towers with Radar,10,9,299,4,322,0,0,649,3,652,10,9,948,7,974,245,0,245,1219
05/31/2001,DAB,FL,ASO,ES,Towers with Radar,10,13,303,1,327,0,0,740,0,740,10,13,1043,1,1067,340,0,340,1407
06/01/2001,DAB,FL,ASO,ES,Towers with Radar,7,10,249,1,267,0,2,513,0,515,7,12,762,1,782,227,0,227,1009
06/02/2001,DAB,FL,ASO,ES,Towers with Radar,12,8,237,0,257,0,0,763,0,763,12,8,1000,0,1020,247,0,247,1267
06/03/2001,DAB,FL,ASO,ES,Towers with Radar,9,4,177,0,190,7,0,594,0,601,16,4,771,0,791,138,0,138,929
06/04/2001,DAB,FL,ASO,ES,Towers with Radar,9,9,234,2,254,0,1,687,0,688,9,10,921,2,942,232,0,232,1174
06/05/2001,DAB,FL,ASO,ES,Towers with Radar,14,9,288,2,313,8,0,746,0,754,22,9,1034,2,1067,426,0,426,1493
06/06/2001,DAB,FL,ASO,ES,Towers with Radar,10,10,243,0,263,0,0,732,0,732,10,10,975,0,995,131,0,131,1126
06/07/2001,DAB,FL,ASO,ES,Towers with Radar,7,9,282,1,299,0,0,574,0,574,7,9,856,1,873,105,0,105,978
06/08/2001,DAB,FL,ASO,ES,Towers with Radar,11,10,249,0,270,0,2,711,0,713,11,12,960,0,983,128,0,128,1111
06/09/2001,DAB,FL,ASO,ES,Towers with Radar,11,8,202,2,223,5,0,694,3,702,16,8,896,5,925,239,0,239,1164
06/10/2001,DAB,FL,ASO,ES,Towers with Radar,11,8,191,0,210,2,1,391,0,394,13,9,582,0,604,159,0,159,763
06/11/2001,DAB,FL,ASO,ES,Towers with Radar,9,10,238,1,258,0,0,475,0,475,9,10,713,1,733,0,0,0,733
06/12/2001,DAB,FL,ASO,ES,Towers with Radar,9,8,254,2,273,0,0,569,7,576,9,8,823,9,849,193,0,193,1042
06/13/2001,DAB,FL,ASO,ES,Towers with Radar,11,12,273,2,298,0,3,849,2,854,11,15,1122,4,1152,220,0,220,1372
06/14/2001,DAB,FL,ASO,ES,Towers with Radar,10,10,222,1,243,1,1,772,0,774,11,11,994,1,1017,219,0,219,1236
06/15/2001,DAB,FL,ASO,ES,Towers with Radar,9,8,205,0,222,1,0,589,0,590,10,8,794,0,812,128,0,128,940
06/16/2001,DAB,FL,ASO,ES,Towers with Radar,9,9,193,0,211,16,12,681,0,709,25,21,874,0,920,162,0,162,1082
06/17/2001,DAB,FL,ASO,ES,Towers with Radar,8,8,168,0,184,1,4,434,0,439,9,12,602,0,623,171,0,171,794
06/18/2001,DAB,FL,ASO,ES,Towers with Radar,11,11,249,0,271,0,3,652,0,655,11,14,901,0,926,185,0,185,1111
06/19/2001,DAB,FL,ASO,ES,Towers with Radar,10,12,261,0,283,0,4,870,0,874,10,16,1131,0,1157,86,0,86,1243
06/20/2001,DAB,FL,ASO,ES,Towers with Radar,9,12,273,2,296,0,2,856,5,863,9,14,1129,7,1159,271,0,271,1430
06/21/2001,DAB,FL,ASO,ES,Towers with Radar,10,10,226,1,247,3,1,861,5,870,13,11,1087,6,1117,428,0,428,1545
06/22/2001,DAB,FL,ASO,ES,Towers with Radar,10,10,216,0,236,0,2,742,0,744,10,12,958,0,980,318,0,318,1298
06/23/2001,DAB,FL,ASO,ES,Towers with Radar,10,3,202,0,215,8,0,534,0,542,18,3,736,0,757,198,0,198,955
06/24/2001,DAB,FL,ASO,ES,Towers with Radar,8,8,175,1,192,3,0,449,0,452,11,8,624,1,644,118,0,118,762
06/25/2001,DAB,FL,ASO,ES,Towers with Radar,9,10,268,2,289,0,0,863,1,864,9,10,1131,3,1153,220,0,220,1373
06/26/2001,DAB,FL,ASO,ES,Towers with Radar,11,10,269,0,290,0,0,835,0,835,11,10,1104,0,1125,216,0,216,1341
06/27/2001,DAB,FL,ASO,ES,Towers with Radar,8,11,249,0,268,0,0,543,0,543,8,11,792,0,811,148,0,148,959
06/28/2001,DAB,FL,ASO,ES,Towers with Radar,12,10,282,0,304,0,0,403,0,403,12,10,685,0,707,261,0,261,968
06/29/2001,DAB,FL,ASO,ES,Towers with Radar,11,8,306,3,328,0,0,633,10,643,11,8,939,13,971,263,0,263,1234
06/30/2001,DAB,FL,ASO,ES,Towers with Radar,11,9,234,2,256,2,2,539,8,551,13,11,773,10,807,139,0,139,946
07/01/2001,DAB,FL,ASO,ES,Towers with Radar,10,5,195,2,212,6,0,570,0,576,16,5,765,2,788,125,0,125,913
07/02/2001,DAB,FL,ASO,ES,Towers with Radar,10,11,229,0,250,0,6,672,0,678,10,17,901,0,928,199,0,199,1127
07/03/2001,DAB,FL,ASO,ES,Towers with Radar,10,12,252,2,276,0,0,790,0,790,10,12,1042,2,1066,211,0,211,1277
07/04/2001,DAB,FL,ASO,ES,Towers with Radar,8,7,163,0,178,3,4,554,0,561,11,11,717,0,739,89,0,89,828
07/05/2001,DAB,FL,ASO,ES,Towers with Radar,11,10,218,1,240,2,6,542,0,550,13,16,760,1,790,121,0,121,911
07/06/2001,DAB,FL,ASO,ES,Towers with Radar,11,11,223,2,247,1,0,487,1,489,12,11,710,3,736,146,0,146,882
07/07/2001,DAB,FL,ASO,ES,Towers with Radar,8,7,164,2,181,6,6,718,3,733,14,13,882,5,914,154,0,154,1068
07/08/2001,DAB,FL,ASO,ES,Towers with Radar,10,10,202,0,222,0,4,467,0,471,10,14,669,0,693,182,0,182,875
07/09/2001,DAB,FL,ASO,ES,Towers with Radar,10,10,237,2,259,0,0,803,2,805,10,10,1040,4,1064,277,0,277,1341
07/10/2001,DAB,FL,ASO,ES,Towers with Radar,9,10,240,0,259,0,0,341,0,341,9,10,581,0,600,169,0,169,769
07/11/2001,DAB,FL,ASO,ES,Towers with Radar,13,10,299,2,324,0,0,439,0,439,13,10,738,2,763,67,0,67,830
07/12/2001,DAB,FL,ASO,ES,Towers with Radar,10,11,245,2,268,0,5,472,1,478,10,16,717,3,746,120,0,120,866
07/13/2001,DAB,FL,ASO,ES,Towers with Radar,9,10,227,0,246,0,8,459,0,467,9,18,686,0,713,157,0,157,870
07/14/2001,DAB,FL,ASO,ES,Towers with Radar,10,8,211,2,231,0,0,728,1,729,10,8,939,3,960,307,0,307,1267
07/15/2001,DAB,FL,ASO,ES,Towers with Radar,10,6,202,0,218,0,0,362,0,362,10,6,564,0,580,178,0,178,758
07/16/2001,DAB,FL,ASO,ES,Towers with Radar,12,8,286,1,307,0,0,698,3,701,12,8,984,4,1008,255,0,255,1263
07/17/2001,DAB,FL,ASO,ES,Towers with Radar,15,10,309,1,335,1,0,724,1,726,16,10,1033,2,1061,307,0,307,1368
07/18/2001,DAB,FL,ASO,ES,Towers with Radar,10,10,273,1,294,0,0,585,4,589,10,10,858,5,883,227,0,227,1110
07/19/2001,DAB,FL,ASO,ES,Towers with Radar,11,9,271,1,292,0,0,738,12,750,11,9,1009,13,1042,254,0,254,1296
07/20/2001,DAB,FL,ASO,ES,Towers with Radar,10,12,224,1,247,3,0,385,0,388,13,12,609,1,635,118,0,118,753
07/21/2001,DAB,FL,ASO,ES,Towers with Radar,11,11,244,0,266,4,0,505,0,509,15,11,749,0,775,246,0,246,1021
07/22/2001,DAB,FL,ASO,ES,Towers with Radar,10,12,239,0,261,0,5,436,0,441,10,17,675,0,702,194,0,194,896
07/23/2001,DAB,FL,ASO,ES,Towers with Radar,9,9,238,0,256,0,0,257,0,257,9,9,495,0,513,39,0,39,552
07/24/2001,DAB,FL,ASO,ES,Towers with Radar,10,11,254,0,275,0,0,836,0,836,10,11,1090,0,1111,221,0,221,1332
07/25/2001,DAB,FL,ASO,ES,Towers with Radar,11,13,302,1,327,0,0,850,1,851,11,13,1152,2,1178,222,0,222,1400
07/26/2001,DAB,FL,ASO,ES,Towers with Radar,10,12,261,0,283,0,0,620,0,620,10,12,881,0,903,166,0,166,1069
07/27/2001,DAB,FL,ASO,ES,Towers with Radar,10,14,268,1,293,0,5,738,1,744,10,19,1006,2,1037,119,0,119,1156
07/28/2001,DAB,FL,ASO,ES,Towers with Radar,10,11,217,0,238,6,5,760,0,771,16,16,977,0,1009,250,0,250,1259
07/29/2001,DAB,FL,ASO,ES,Towers with Radar,6,9,153,0,168,0,0,476,0,476,6,9,629,0,644,121,0,121,765
07/30/2001,DAB,FL,ASO,ES,Towers with Radar,11,8,235,1,255,4,0,821,0,825,15,8,1056,1,1080,177,0,177,1257
07/31/2001,DAB,FL,ASO,ES,Towers with Radar,10,10,217,0,237,1,2,373,0,376,11,12,590,0,613,160,0,160,773
08/01/2001,DAB,FL,ASO,ES,Towers with Radar,9,13,285,0,307,0,2,771,0,773,9,15,1056,0,1080,262,0,262,1342
08/02/2001,DAB,FL,ASO,ES,Towers with Radar,10,11,286,2,309,0,0,482,0,482,10,11,768,2,791,334,0,334,1125
08/03/2001,DAB,FL,ASO,ES,Towers with Radar,10,8,265,0,283,0,0,354,0,354,10,8,619,0,637,130,0,130,767
08/04/2001,DAB,FL,ASO,ES,Towers with Radar,9,9,204,0,222,3,16,492,0,511,12,25,696,0,733,146,0,146,879
08/05/2001,DAB,FL,ASO,ES,Towers with Radar,7,7,155,0,169,6,8,290,0,304,13,15,445,0,473,146,0,146,619
08/06/2001,DAB,FL,ASO,ES,Towers with Radar,10,9,245,0,264,0,0,771,0,771,10,9,1016,0,1035,232,0,232,1267
08/07/2001,DAB,FL,ASO,ES,Towers with Radar,10,10,283,0,303,0,0,1009,0,1009,10,10,1292,0,1312,235,0,235,1547
08/08/2001,DAB,FL,ASO,ES,Towers with Radar,10,9,250,2,271,0,0,1049,2,1051,10,9,1299,4,1322,216,0,216,1538
08/09/2001,DAB,FL,ASO,ES,Towers with Radar,8,12,268,2,290,0,3,579,0,582,8,15,847,2,872,106,0,106,978
08/10/2001,DAB,FL,ASO,ES,Towers with Radar,12,10,251,2,275,0,0,585,3,588,12,10,836,5,863,196,0,196,1059
08/11/2001,DAB,FL,ASO,ES,Towers with Radar,9,10,217,2,238,0,3,666,0,669,9,13,883,2,907,315,0,315,1222
08/12/2001,DAB,FL,ASO,ES,Towers with Radar,9,8,187,2,206,1,1,518,1,521,10,9,705,3,727,173,0,173,900
08/13/2001,DAB,FL,ASO,ES,Towers with Radar,12,10,267,0,289,0,0,591,0,591,12,10,858,0,880,189,0,189,1069
08/14/2001,DAB,FL,ASO,ES,Towers with Radar,9,11,253,0,273,0,0,820,0,820,9,11,1073,0,1093,209,0,209,1302
08/15/2001,DAB,FL,ASO,ES,Towers with Radar,11,9,267,1,288,0,0,635,0,635,11,9,902,1,923,353,0,353,1276
08/16/2001,DAB,FL,ASO,ES,Towers with Radar,10,10,277,2,299,0,0,665,2,667,10,10,942,4,966,151,0,151,1117
08/17/2001,DAB,FL,ASO,ES,Towers with Radar,11,10,311,2,334,0,0,468,0,468,11,10,779,2,802,251,0,251,1053
08/18/2001,DAB,FL,ASO,ES,Towers with Radar,6,8,159,0,173,3,4,428,0,435,9,12,587,0,608,62,0,62,670
08/19/2001,DAB,FL,ASO,ES,Towers with Radar,7,5,161,0,173,5,0,349,0,354,12,5,510,0,527,70,0,70,597
08/20/2001,DAB,FL,ASO,ES,Towers with Radar,9,11,222,0,242,2,0,501,0,503,11,11,723,0,745,78,0,78,823
08/21/2001,DAB,FL,ASO,ES,Towers with Radar,9,11,225,1,246,0,0,529,5,534,9,11,754,6,780,37,0,37,817
08/22/2001,DAB,FL,ASO,ES,Towers with Radar,10,13,273,0,296,0,4,535,0,539,10,17,808,0,835,23,0,23,858
08/23/2001,DAB,FL,ASO,ES,Towers with Radar,9,10,235,1,255,0,0,380,1,381,9,10,615,2,636,112,0,112,748
08/24/2001,DAB,FL,ASO,ES,Towers with Radar,9,11,215,1,236,2,5,357,2,366,11,16,572,3,602,106,0,106,708
08/25/2001,DAB,FL,ASO,ES,Towers with Radar,7,9,177,1,194,4,4,362,7,377,11,13,539,8,571,112,0,112,683
08/26/2001,DAB,FL,ASO,ES,Towers with Radar,6,7,146,0,159,4,1,301,0,306,10,8,447,0,465,77,0,77,542
08/27/2001,DAB,FL,ASO,ES,Towers with Radar,10,11,231,1,253,0,0,563,1,564,10,11,794,2,817,97,0,97,914
08/28/2001,DAB,FL,ASO,ES,Towers with Radar,10,10,258,0,278,0,0,595,0,595,10,10,853,0,873,214,0,214,1087
08/29/2001,DAB,FL,ASO,ES,Towers with Radar,10,8,241,0,259,0,0,517,0,517,10,8,758,0,776,145,0,145,921
08/30/2001,DAB,FL,ASO,ES,Towers with Radar,10,10,234,1,255,0,0,603,9,612,10,10,837,10,867,244,0,244,1111
08/31/2001,DAB,FL,ASO,ES,Towers with Radar,9,9,216,1,235,1,0,446,8,455,10,9,662,9,690,63,0,63,753
09/01/2001,DAB,FL,ASO,ES,Towers with Radar,7,7,158,1,173,1,8,429,6,444,8,15,587,7,617,182,0,182,799
09/02/2001,DAB,FL,ASO,ES,Towers with Radar,6,6,119,0,131,2,4,247,6,259,8,10,366,6,390,70,0,70,460
09/03/2001,DAB,FL,ASO,ES,Towers with Radar,7,7,159,0,173,1,0,508,0,509,8,7,667,0,682,251,0,251,933
09/04/2001,DAB,FL,ASO,ES,Towers with Radar,7,7,164,1,179,6,3,429,0,438,13,10,593,1,617,114,0,114,731
09/05/2001,DAB,FL,ASO,ES,Towers with Radar,10,9,225,2,246,1,0,509,2,512,11,9,734,4,758,148,0,148,906
09/06/2001,DAB,FL,ASO,ES,Towers with Radar,8,7,187,2,204,3,2,242,3,250,11,9,429,5,454,123,0,123,577
09/07/2001,DAB,FL,ASO,ES,Towers with Radar,11,10,242,1,264,0,0,459,0,459,11,10,701,1,723,263,0,263,986
09/08/2001,DAB,FL,ASO,ES,Towers with Radar,10,8,215,2,235,2,0,524,4,530,12,8,739,6,765,228,0,228,993
09/09/2001,DAB,FL,ASO,ES,Towers with Radar,7,5,155,0,167,3,0,242,0,245,10,5,397,0,412,162,0,162,574
09/10/2001,DAB,FL,ASO,ES,Towers with Radar,9,10,252,2,273,0,0,608,1,609,9,10,860,3,882,218,0,218,1100
09/11/2001,DAB,FL,ASO,ES,Towers with Radar,3,2,48,0,53,2,1,145,0,148,5,3,193,0,201,42,0,42,243
09/12/2001,DAB,FL,ASO,ES,Towers with Radar,0,0,0,0,0,0,0,3,0,3,0,0,3,0,3,0,0,0,3
09/13/2001,DAB,FL,ASO,ES,Towers with Radar,1,0,2,0,3,2,8,0,0,10,3,8,2,0,13,0,0,0,13
09/14/2001,DAB,FL,ASO,ES,Towers with Radar,1,0,1,1,3,2,4,0,0,6,3,4,1,1,9,0,0,0,9
09/15/2001,DAB,FL,ASO,ES,Towers with Radar,3,2,24,1,30,6,17,0,1,24,9,19,24,2,54,0,0,0,54
09/16/2001,DAB,FL,ASO,ES,Towers with Radar,8,7,168,0,183,0,0,0,0,0,8,7,168,0,183,24,0,24,207
09/17/2001,DAB,FL,ASO,ES,Towers with Radar,8,11,297,2,318,0,0,0,0,0,8,11,297,2,318,32,0,32,350
09/18/2001,DAB,FL,ASO,ES,Towers with Radar,8,13,423,0,444,0,0,64,0,64,8,13,487,0,508,100,0,100,608
09/19/2001,DAB,FL,ASO,ES,Towers with Radar,14,7,414,0,435,0,0,54,0,54,14,7,468,0,489,67,0,67,556
09/20/2001,DAB,FL,ASO,ES,Towers with Radar,9,15,378,2,404,0,0,69,0,69,9,15,447,2,473,56,0,56,529
09/21/2001,DAB,FL,ASO,ES,Towers with Radar,8,15,351,2,376,0,3,124,0,127,8,18,475,2,503,64,0,64,567
09/22/2001,DAB,FL,ASO,ES,Towers with Radar,8,9,200,1,218,1,1,491,2,495,9,10,691,3,713,104,0,104,817
09/23/2001,DAB,FL,ASO,ES,Towers with Radar,8,9,193,0,210,0,1,591,0,592,8,10,784,0,802,70,0,70,872
09/24/2001,DAB,FL,ASO,ES,Towers with Radar,7,8,185,0,200,1,2,524,0,527,8,10,709,0,727,104,0,104,831
09/25/2001,DAB,FL,ASO,ES,Towers with Radar,12,5,306,0,323,3,0,673,0,676,15,5,979,0,999,374,0,374,1373
09/26/2001,DAB,FL,ASO,ES,Towers with Radar,7,3,304,2,316,0,0,804,4,808,7,3,1108,6,1124,222,0,222,1346
09/27/2001,DAB,FL,ASO,ES,Towers with Radar,9,9,342,2,362,0,0,775,1,776,9,9,1117,3,1138,244,0,244,1382
09/28/2001,DAB,FL,ASO,ES,Towers with Radar,11,3,276,1,291,0,0,776,0,776,11,3,1052,1,1067,293,0,293,1360
09/29/2001,DAB,FL,ASO,ES,Towers with Radar,4,5,96,0,105,5,7,0,1,13,9,12,96,1,118,15,0,15,133
09/30/2001,DAB,FL,ASO,ES,Towers with Radar,6,7,165,1,179,3,2,260,3,268,9,9,425,4,447,17,0,17,464
10/01/2001,DAB,FL,ASO,ES,Towers with Radar,8,10,247,3,268,0,0,790,0,790,8,10,1037,3,1058,71,0,71,1129
10/02/2001,DAB,FL,ASO,ES,Towers with Radar,10,10,280,5,305,1,0,1064,1,1066,11,10,1344,6,1371,392,0,392,1763
10/03/2001,DAB,FL,ASO,ES,Towers with Radar,8,12,257,4,281,0,0,1008,2,1010,8,12,1265,6,1291,274,0,274,1565
10/04/2001,DAB,FL,ASO,ES,Towers with Radar,8,13,278,2,301,0,2,1057,0,1059,8,15,1335,2,1360,389,0,389,1749
10/05/2001,DAB,FL,ASO,ES,Towers with Radar,8,13,292,4,317,0,7,930,2,939,8,20,1222,6,1256,250,0,250,1506
10/06/2001,DAB,FL,ASO,ES,Towers with Radar,8,9,211,1,229,0,7,617,0,624,8,16,828,1,853,168,0,168,1021
10/07/2001,DAB,FL,ASO,ES,Towers with Radar,8,10,221,3,242,2,1,154,2,159,10,11,375,5,401,70,0,70,471
10/08/2001,DAB,FL,ASO,ES,Towers with Radar,6,10,254,2,272,0,0,172,0,172,6,10,426,2,444,57,0,57,501
10/09/2001,DAB,FL,ASO,ES,Towers with Radar,8,9,227,1,245,0,0,445,0,445,8,9,672,1,690,161,0,161,851
10/10/2001,DAB,FL,ASO,ES,Towers with Radar,8,10,305,4,327,0,0,709,36,745,8,10,1014,40,1072,107,0,107,1179
10/11/2001,DAB,FL,ASO,ES,Towers with Radar,10,13,294,4,321,0,0,1006,4,1010,10,13,1300,8,1331,229,0,229,1560
10/12/2001,DAB,FL,ASO,ES,Towers with Radar,8,13,289,4,314,0,0,1030,2,1032,8,13,1319,6,1346,298,0,298,1644
10/13/2001,DAB,FL,ASO,ES,Towers with Radar,8,10,240,1,259,0,7,621,0,628,8,17,861,1,887,121,0,121,1008
10/14/2001,DAB,FL,ASO,ES,Towers with Radar,6,6,151,0,163,2,4,377,0,383,8,10,528,0,546,35,0,35,581
10/15/2001,DAB,FL,ASO,ES,Towers with Radar,9,8,279,2,298,3,0,872,0,875,12,8,1151,2,1173,102,0,102,1275
10/16/2001,DAB,FL,ASO,ES,Towers with Radar,11,9,331,0,351,2,0,1022,0,1024,13,9,1353,0,1375,270,0,270,1645
10/17/2001,DAB,FL,ASO,ES,Towers with Radar,8,14,290,4,316,0,1,614,2,617,8,15,904,6,933,17,0,17,950
10/18/2001,DAB,FL,ASO,ES,Towers with Radar,8,14,311,4,337,0,0,970,3,973,8,14,1281,7,1310,286,0,286,1596
10/19/2001,DAB,FL,ASO,ES,Towers with Radar,8,15,313,4,340,0,1,744,3,748,8,16,1057,7,1088,230,0,230,1318
10/20/2001,DAB,FL,ASO,ES,Towers with Radar,6,12,263,1,282,0,0,417,0,417,6,12,680,1,699,434,0,434,1133
10/21/2001,DAB,FL,ASO,ES,Towers with Radar,6,10,209,3,228,3,21,349,3,376,9,31,558,6,604,140,0,140,744
10/22/2001,DAB,FL,ASO,ES,Towers with Radar,11,12,356,0,379,0,0,727,0,727,11,12,1083,0,1106,201,0,201,1307
10/23/2001,DAB,FL,ASO,ES,Towers with Radar,9,9,326,5,349,0,0,168,0,168,9,9,494,5,517,57,0,57,574
10/24/2001,DAB,FL,ASO,ES,Towers with Radar,11,8,343,1,363,0,0,571,0,571,11,8,914,1,934,139,0,139,1073
10/25/2001,DAB,FL,ASO,ES,Towers with Radar,8,10,375,6,399,0,0,747,6,753,8,10,1122,12,1152,219,0,219,1371
10/26/2001,DAB,FL,ASO,ES,Towers with Radar,8,12,271,3,294,0,2,683,0,685,8,14,954,3,979,32,0,32,1011
10/27/2001,DAB,FL,ASO,ES,Towers with Radar,5,7,173,3,188,9,0,581,0,590,14,7,754,3,778,22,0,22,800
10/28/2001,DAB,FL,ASO,ES,Towers with Radar,5,8,175,3,191,5,5,290,2,302,10,13,465,5,493,23,0,23,516
10/29/2001,DAB,FL,ASO,ES,Towers with Radar,9,12,281,2,304,1,3,753,0,757,10,15,1034,2,1061,221,0,221,1282
10/30/2001,DAB,FL,ASO,ES,Towers with Radar,9,10,285,5,309,1,0,718,0,719,10,10,1003,5,1028,195,0,195,1223
10/31/2001,DAB,FL,ASO,ES,Towers with Radar,8,9,289,4,310,0,0,846,0,846,8,9,1135,4,1156,265,0,265,1421
11/01/2001,DAB,FL,ASO,ES,Towers with Radar,10,12,275,3,300,0,1,855,13,869,10,13,1130,16,1169,237,0,237,1406
11/02/2001,DAB,FL,ASO,ES,Towers with Radar,10,11,256,0,277,0,2,591,0,593,10,13,847,0,870,171,0,171,1041
11/03/2001,DAB,FL,ASO,ES,Towers with Radar,10,10,235,2,257,3,14,702,0,719,13,24,937,2,976,189,0,189,1165
11/04/2001,DAB,FL,ASO,ES,Towers with Radar,7,7,162,0,176,5,5,449,0,459,12,12,611,0,635,162,0,162,797
11/05/2001,DAB,FL,ASO,ES,Towers with Radar,5,4,99,1,109,3,5,8,1,17,8,9,107,2,126,26,0,26,152
11/06/2001,DAB,FL,ASO,ES,Towers with Radar,10,4,275,1,290,0,0,866,0,866,10,4,1141,1,1156,45,0,45,1201
11/07/2001,DAB,FL,ASO,ES,Towers with Radar,8,8,285,3,304,0,0,995,2,997,8,8,1280,5,1301,226,0,226,1527
11/08/2001,DAB,FL,ASO,ES,Towers with Radar,10,6,270,0,286,0,0,1237,0,1237,10,6,1507,0,1523,363,0,363,1886
11/09/2001,DAB,FL,ASO,ES,Towers with Radar,8,9,251,3,271,0,0,836,8,844,8,9,1087,11,1115,175,0,175,1290
11/10/2001,DAB,FL,ASO,ES,Towers with Radar,6,7,166,0,179,0,10,454,0,464,6,17,620,0,643,128,0,128,771
11/11/2001,DAB,FL,ASO,ES,Towers with Radar,9,6,213,2,230,1,0,514,0,515,10,6,727,2,745,95,0,95,840
11/12/2001,DAB,FL,ASO,ES,Towers with Radar,10,6,241,2,259,4,0,699,2,705,14,6,940,4,964,184,0,184,1148
11/13/2001,DAB,FL,ASO,ES,Towers with Radar,8,10,257,0,275,0,0,439,0,439,8,10,696,0,714,239,0,239,953
11/14/2001,DAB,FL,ASO,ES,Towers with Radar,4,6,95,0,105,5,3,0,0,8,9,9,95,0,113,2,0,2,115
11/15/2001,DAB,FL,ASO,ES,Towers with Radar,5,7,90,0,102,4,4,0,0,8,9,11,90,0,110,2,0,2,112
11/16/2001,DAB,FL,ASO,ES,Towers with Radar,11,13,234,2,260,268,0,0,3,271,279,13,234,5,531,2,0,2,533
11/17/2001,DAB,FL,ASO,ES,Towers with Radar,10,9,254,2,275,3,0,470,0,473,13,9,724,2,748,0,10,10,758
11/18/2001,DAB,FL,ASO,ES,Towers with Radar,9,11,262,1,283,0,0,644,0,644,9,11,906,1,927,259,0,259,1186
11/19/2001,DAB,FL,ASO,ES,Towers with Radar,10,13,381,0,404,0,0,650,0,650,10,13,1031,0,1054,282,0,282,1336
11/20/2001,DAB,FL,ASO,ES,Towers with Radar,9,7,325,0,341,0,0,946,0,946,9,7,1271,0,1287,224,0,224,1511
11/21/2001,DAB,FL,ASO,ES,Towers with Radar,10,7,267,0,284,0,0,686,0,686,10,7,953,0,970,170,0,170,1140
11/22/2001,DAB,FL,ASO,ES,Towers with Radar,3,4,82,0,89,2,3,179,0,184,5,7,261,0,273,80,0,80,353
11/23/2001,DAB,FL,ASO,ES,Towers with Radar,6,7,159,0,172,1,0,423,0,424,7,7,582,0,596,57,0,57,653
11/24/2001,DAB,FL,ASO,ES,Towers with Radar,6,8,174,0,188,2,4,435,0,441,8,12,609,0,629,183,0,183,812
11/25/2001,DAB,FL,ASO,ES,Towers with Radar,8,8,205,2,223,1,3,354,0,358,9,11,559,2,581,100,0,100,681
11/26/2001,DAB,FL,ASO,ES,Towers with Radar,9,8,321,2,340,0,0,840,0,840,9,8,1161,2,1180,307,0,307,1487
11/27/2001,DAB,FL,ASO,ES,Towers with Radar,8,12,275,3,298,0,1,1118,1,1120,8,13,1393,4,1418,307,0,307,1725
11/28/2001,DAB,FL,ASO,ES,Towers with Radar,9,13,303,3,328,0,0,1157,3,1160,9,13,1460,6,1488,216,0,216,1704
11/29/2001,DAB,FL,ASO,ES,Towers with Radar,6,7,170,1,184,4,7,677,0,688,10,14,847,1,872,223,0,223,1095
11/30/2001,DAB,FL,ASO,ES,Towers with Radar,9,9,236,3,257,1,0,1027,4,1032,10,9,1263,7,1289,218,0,218,1507
12/01/2001,DAB,FL,ASO,ES,Towers with Radar,8,9,208,2,227,0,0,798,0,798,8,9,1006,2,1025,398,0,398,1423
12/02/2001,DAB,FL,ASO,ES,Towers with Radar,9,5,200,4,218,0,0,681,0,681,9,5,881,4,899,201,0,201,1100
12/03/2001,DAB,FL,ASO,ES,Towers with Radar,7,11,298,0,316,0,0,706,0,706,7,11,1004,0,1022,250,0,250,1272
12/04/2001,DAB,FL,ASO,ES,Towers with Radar,8,11,223,4,246,0,1,536,2,539,8,12,759,6,785,129,0,129,914
12/05/2001,DAB,FL,ASO,ES,Towers with Radar,8,7,205,2,222,0,0,1072,0,1072,8,7,1277,2,1294,434,0,434,1728
12/06/2001,DAB,FL,ASO,ES,Towers with Radar,10,6,306,0,322,0,0,827,0,827,10,6,1133,0,1149,258,0,258,1407
12/07/2001,DAB,FL,ASO,ES,Towers with Radar,9,8,300,1,318,0,0,881,0,881,9,8,1181,1,1199,338,0,338,1537
12/08/2001,DAB,FL,ASO,ES,Towers with Radar,9,9,233,2,253,0,0,554,0,554,9,9,787,2,807,190,0,190,997
12/09/2001,DAB,FL,ASO,ES,Towers with Radar,11,4,207,0,222,1,0,452,0,453,12,4,659,0,675,258,0,258,933
12/10/2001,DAB,FL,ASO,ES,Towers with Radar,8,8,268,3,287,0,0,660,0,660,8,8,928,3,947,316,0,316,1263
12/11/2001,DAB,FL,ASO,ES,Towers with Radar,13,12,237,5,267,0,2,876,0,878,13,14,1113,5,1145,186,0,186,1331
12/12/2001,DAB,FL,ASO,ES,Towers with Radar,10,15,294,6,325,0,14,714,3,731,10,29,1008,9,1056,75,0,75,1131
12/13/2001,DAB,FL,ASO,ES,Towers with Radar,10,12,243,0,265,0,18,614,0,632,10,30,857,0,897,93,0,93,990
12/14/2001,DAB,FL,ASO,ES,Towers with Radar,9,11,219,2,241,0,0,610,0,610,9,11,829,2,851,221,0,221,1072
12/15/2001,DAB,FL,ASO,ES,Towers with Radar,10,2,190,2,204,4,0,363,0,367,14,2,553,2,571,138,0,138,709
12/16/2001,DAB,FL,ASO,ES,Towers with Radar,8,1,139,0,148,8,0,314,0,322,16,1,453,0,470,207,0,207,677
12/17/2001,DAB,FL,ASO,ES,Towers with Radar,7,7,173,3,190,0,0,508,5,513,7,7,681,8,703,158,0,158,861
12/18/2001,DAB,FL,ASO,ES,Towers with Radar,8,8,169,2,187,0,3,435,1,439,8,11,604,3,626,120,0,120,746
12/19/2001,DAB,FL,ASO,ES,Towers with Radar,9,10,178,2,199,1,0,438,0,439,10,10,616,2,638,168,0,168,806
12/20/2001,DAB,FL,ASO,ES,Towers with Radar,7,7,154,1,169,3,0,326,0,329,10,7,480,1,498,71,0,71,569
12/21/2001,DAB,FL,ASO,ES,Towers with Radar,6,8,134,0,148,4,2,257,0,263,10,10,391,0,411,57,0,57,468
12/22/2001,DAB,FL,ASO,ES,Towers with Radar,6,7,120,2,135,2,1,100,2,105,8,8,220,4,240,47,0,47,287
12/23/2001,DAB,FL,ASO,ES,Towers with Radar,0,4,71,1,76,0,7,131,38,176,0,11,202,39,252,46,0,46,298
12/24/2001,DAB,FL,ASO,ES,Towers with Radar,2,4,55,0,61,7,2,63,0,72,9,6,118,0,133,22,0,22,155
12/25/2001,DAB,FL,ASO,ES,Towers with Radar,1,3,39,0,43,6,5,5,0,16,7,8,44,0,59,0,2,2,61
12/26/2001,DAB,FL,ASO,ES,Towers with Radar,6,7,117,1,131,3,8,43,0,54,9,15,160,1,185,2,0,2,187
12/27/2001,DAB,FL,ASO,ES,Towers with Radar,7,6,141,0,154,2,0,70,0,72,9,6,211,0,226,19,0,19,245
12/28/2001,DAB,FL,ASO,ES,Towers with Radar,6,7,127,2,142,3,5,151,1,160,9,12,278,3,302,0,38,38,340
12/29/2001,DAB,FL,ASO,ES,Towers with Radar,6,7,125,0,138,6,9,71,0,86,12,16,196,0,224,22,0,22,246
12/30/2001,DAB,FL,ASO,ES,Towers with Radar,5,6,98,0,109,6,0,84,0,90,11,6,182,0,199,7,0,7,206
12/31/2001,DAB,FL,ASO,ES,Towers with Radar,5,6,91,0,102,6,0,63,0,69,11,6,154,0,171,29,0,29,200
01/01/2002,DAB,FL,ASO,ES,Towers with Radar,4,5,76,0,85,5,4,0,0,9,9,9,76,0,94,8,0,8,102
01/02/2002,DAB,FL,ASO,ES,Towers with Radar,5,5,86,0,96,0,16,0,0,16,5,21,86,0,112,9,0,9,121
01/03/2002,DAB,FL,ASO,ES,Towers with Radar,6,5,116,0,127,0,8,8,0,16,6,13,124,0,143,26,0,26,169
01/04/2002,DAB,FL,ASO,ES,Towers with Radar,7,6,154,2,169,3,0,186,1,190,10,6,340,3,359,28,0,28,387
01/05/2002,DAB,FL,ASO,ES,Towers with Radar,7,5,145,1,158,7,0,203,0,210,14,5,348,1,368,108,0,108,476
01/06/2002,DAB,FL,ASO,ES,Towers with Radar,5,6,91,1,103,6,78,0,0,84,11,84,91,1,187,1,0,1,188
01/07/2002,DAB,FL,ASO,ES,Towers with Radar,7,8,154,2,171,1,0,326,2,329,8,8,480,4,500,96,0,96,596
01/08/2002,DAB,FL,ASO,ES,Towers with Radar,9,11,184,0,204,0,0,554,0,554,9,11,738,0,758,96,0,96,854
01/09/2002,DAB,FL,ASO,ES,Towers with Radar,8,13,204,0,225,0,0,722,0,722,8,13,926,0,947,203,0,203,1150
01/10/2002,DAB,FL,ASO,ES,Towers with Radar,7,11,193,2,213,0,0,730,1,731,7,11,923,3,944,177,0,177,1121
01/11/2002,DAB,FL,ASO,ES,Towers with Radar,8,14,196,2,220,0,0,763,5,768,8,14,959,7,988,257,0,257,1245
01/12/2002,DAB,FL,ASO,ES,Towers with Radar,8,12,182,1,203,0,0,726,0,726,8,12,908,1,929,147,0,147,1076
01/13/2002,DAB,FL,ASO,ES,Towers with Radar,7,8,156,0,171,2,0,741,0,743,9,8,897,0,914,111,0,111,1025
01/14/2002,DAB,FL,ASO,ES,Towers with Radar,9,8,222,2,241,0,0,161,0,161,9,8,383,2,402,75,0,75,477
01/15/2002,DAB,FL,ASO,ES,Towers with Radar,8,9,263,3,283,0,0,523,1,524,8,9,786,4,807,243,0,243,1050
01/16/2002,DAB,FL,ASO,ES,Towers with Radar,8,6,248,3,265,0,0,1031,4,1035,8,6,1279,7,1300,261,0,261,1561
01/17/2002,DAB,FL,ASO,ES,Towers with Radar,8,9,282,3,302,0,0,888,3,891,8,9,1170,6,1193,197,0,197,1390
01/18/2002,DAB,FL,ASO,ES,Towers with Radar,8,15,252,0,275,0,0,812,0,812,8,15,1064,0,1087,239,0,239,1326
01/19/2002,DAB,FL,ASO,ES,Towers with Radar,6,10,144,0,160,7,3,739,0,749,13,13,883,0,909,161,0,161,1070
01/20/2002,DAB,FL,ASO,ES,Towers with Radar,10,10,275,0,295,0,0,229,0,229,10,10,504,0,524,166,0,166,690
01/21/2002,DAB,FL,ASO,ES,Towers with Radar,9,10,261,2,282,0,0,382,2,384,9,10,643,4,666,172,0,172,838
01/22/2002,DAB,FL,ASO,ES,Towers with Radar,8,10,321,2,341,0,0,742,0,742,8,10,1063,2,1083,278,0,278,1361
01/23/2002,DAB,FL,ASO,ES,Towers with Radar,9,14,227,2,252,0,0,631,0,631,9,14,858,2,883,192,0,192,1075
01/24/2002,DAB,FL,ASO,ES,Towers with Radar,8,11,200,1,220,1,0,728,2,731,9,11,928,3,951,151,0,151,1102
01/25/2002,DAB,FL,ASO,ES,Towers with Radar,9,9,216,0,234,1,0,769,0,770,10,9,985,0,1004,154,0,154,1158
01/26/2002,DAB,FL,ASO,ES,Towers with Radar,7,8,163,1,179,5,0,0,3,8,12,8,163,4,187,18,0,18,205
01/27/2002,DAB,FL,ASO,ES,Towers with Radar,9,12,216,2,239,0,0,99,1,100,9,12,315,3,339,75,0,75,414
01/28/2002,DAB,FL,ASO,ES,Towers with Radar,8,11,288,2,309,0,0,1018,0,1018,8,11,1306,2,1327,363,0,363,1690
01/29/2002,DAB,FL,ASO,ES,Towers with Radar,9,14,266,1,290,0,0,650,0,650,9,14,916,1,940,125,0,125,1065
01/30/2002,DAB,FL,ASO,ES,Towers with Radar,8,16,231,1,256,0,689,0,0,689,8,705,231,1,945,159,0,159,1104
01/31/2002,DAB,FL,ASO,ES,Towers with Radar,11,13,263,2,289,2,0,762,8,772,13,13,1025,10,1061,172,0,172,1233
02/01/2002,DAB,FL,ASO,ES,Towers with Radar,10,19,293,1,323,0,5,964,0,969,10,24,1257,1,1292,255,0,255,1547
02/02/2002,DAB,FL,ASO,ES,Towers with Radar,12,17,272,1,302,0,5,552,3,560,12,22,824,4,862,144,0,144,1006
02/03/2002,DAB,FL,ASO,ES,Towers with Radar,10,14,217,0,241,0,5,663,0,668,10,19,880,0,909,303,0,303,1212
02/04/2002,DAB,FL,ASO,ES,Towers with Radar,11,13,243,0,267,1,0,873,0,874,12,13,1116,0,1141,309,0,309,1450
02/05/2002,DAB,FL,ASO,ES,Towers with Radar,10,15,302,0,327,0,0,596,0,596,10,15,898,0,923,125,0,125,1048
02/06/2002,DAB,FL,ASO,ES,Towers with Radar,5,16,291,2,314,0,0,817,0,817,5,16,1108,2,1131,186,0,186,1317
02/07/2002,DAB,FL,ASO,ES,Towers with Radar,10,14,221,1,246,1,2,94,0,97,11,16,315,1,343,26,0,26,369
02/08/2002,DAB,FL,ASO,ES,Towers with Radar,12,15,412,2,441,0,0,793,4,797,12,15,1205,6,1238,251,0,251,1489
02/09/2002,DAB,FL,ASO,ES,Towers with Radar,13,13,287,1,314,2,0,958,0,960,15,13,1245,1,1274,216,0,216,1490
02/10/2002,DAB,FL,ASO,ES,Towers with Radar,11,10,261,1,283,0,0,600,2,602,11,10,861,3,885,176,0,176,1061
02/11/2002,DAB,FL,ASO,ES,Towers with Radar,12,11,276,1,300,1,0,1156,1,1158,13,11,1432,2,1458,213,0,213,1671
02/12/2002,DAB,FL,ASO,ES,Towers with Radar,11,13,295,2,321,0,0,1217,4,1221,11,13,1512,6,1542,178,0,178,1720
02/13/2002,DAB,FL,ASO,ES,Towers with Radar,9,16,280,1,306,0,0,836,0,836,9,16,1116,1,1142,179,0,179,1321
02/14/2002,DAB,FL,ASO,ES,Towers with Radar,10,17,245,2,274,0,13,352,0,365,10,30,597,2,639,35,0,35,674
02/15/2002,DAB,FL,ASO,ES,Towers with Radar,10,18,278,2,308,0,22,683,7,712,10,40,961,9,1020,302,0,302,1322
02/16/2002,DAB,FL,ASO,ES,Towers with Radar,8,14,200,2,224,8,13,256,11,288,16,27,456,13,512,27,0,27,539
02/17/2002,DAB,FL,ASO,ES,Towers with Radar,11,18,260,2,291,8,20,996,1,1025,19,38,1256,3,1316,150,0,150,1466
02/18/2002,DAB,FL,ASO,ES,Towers with Radar,13,18,315,2,348,4,0,704,0,708,17,18,1019,2,1056,136,0,136,1192
02/19/2002,DAB,FL,ASO,ES,Towers with Radar,10,14,287,0,311,0,0,1139,0,1139,10,14,1426,0,1450,236,0,236,1686
02/20/2002,DAB,FL,ASO,ES,Towers with Radar,10,15,239,2,266,1,0,619,3,623,11,15,858,5,889,97,0,97,986
02/21/2002,DAB,FL,ASO,ES,Towers with Radar,12,13,286,0,311,1,0,898,0,899,13,13,1184,0,1210,308,0,308,1518
02/22/2002,DAB,FL,ASO,ES,Towers with Radar,13,18,314,0,345,1,0,74,0,75,14,18,388,0,420,48,0,48,468
02/23/2002,DAB,FL,ASO,ES,Towers with Radar,5,9,75,1,90,5,3,0,3,11,10,12,75,4,101,3,0,3,104
02/24/2002,DAB,FL,ASO,ES,Towers with Radar,9,10,210,0,229,1,0,742,0,743,10,10,952,0,972,252,0,252,1224
02/25/2002,DAB,FL,ASO,ES,Towers with Radar,12,14,290,3,319,3,0,1266,1,1270,15,14,1556,4,1589,351,0,351,1940
02/26/2002,DAB,FL,ASO,ES,Towers with Radar,10,12,254,0,276,0,0,979,0,979,10,12,1233,0,1255,145,0,145,1400
02/27/2002,DAB,FL,ASO,ES,Towers with Radar,8,12,201,0,221,2,0,388,0,390,10,12,589,0,611,22,0,22,633
02/28/2002,DAB,FL,ASO,ES,Towers with Radar,6,19,287,0,312,0,0,895,0,895,6,19,1182,0,1207,239,0,239,1446
03/01/2002,DAB,FL,ASO,ES,Towers with Radar,13,14,259,3,289,0,0,775,1,776,13,14,1034,4,1065,228,0,228,1293
03/02/2002,DAB,FL,ASO,ES,Towers with Radar,7,10,142,0,159,8,7,62,0,77,15,17,204,0,236,2,0,2,238
03/03/2002,DAB,FL,ASO,ES,Towers with Radar,7,8,126,1,142,4,8,177,0,189,11,16,303,1,331,46,0,46,377
03/04/2002,DAB,FL,ASO,ES,Towers with Radar,13,19,270,2,304,0,0,534,0,534,13,19,804,2,838,32,0,32,870
03/05/2002,DAB,FL,ASO,ES,Towers with Radar,10,16,252,0,278,0,0,898,0,898,10,16,1150,0,1176,98,0,98,1274
03/06/2002,DAB,FL,ASO,ES,Towers with Radar,10,15,307,1,333,0,0,1118,0,1118,10,15,1425,1,1451,295,0,295,1746
03/07/2002,DAB,FL,ASO,ES,Towers with Radar,10,20,289,3,322,0,0,786,3,789,10,20,1075,6,1111,266,0,266,1377
03/08/2002,DAB,FL,ASO,ES,Towers with Radar,12,19,282,2,315,0,2,1100,0,1102,12,21,1382,2,1417,284,0,284,1701
03/09/2002,DAB,FL,ASO,ES,Towers with Radar,10,13,192,2,217,0,6,793,1,800,10,19,985,3,1017,169,0,169,1186
03/10/2002,DAB,FL,ASO,ES,Towers with Radar,12,15,235,2,264,1,0,468,4,473,13,15,703,6,737,89,0,89,826
03/11/2002,DAB,FL,ASO,ES,Towers with Radar,10,16,230,0,256,0,0,940,0,940,10,16,1170,0,1196,472,0,472,1668
03/12/2002,DAB,FL,ASO,ES,Towers with Radar,9,17,255,2,283,0,8,472,3,483,9,25,727,5,766,30,0,30,796
03/13/2002,DAB,FL,ASO,ES,Towers with Radar,11,16,231,2,260,0,4,747,8,759,11,20,978,10,1019,251,0,251,1270
03/14/2002,DAB,FL,ASO,ES,Towers with Radar,11,17,239,2,269,0,3,741,4,748,11,20,980,6,1017,250,0,250,1267
03/15/2002,DAB,FL,ASO,ES,Towers with Radar,12,16,253,1,282,0,0,571,0,571,12,16,824,1,853,301,0,301,1154
03/16/2002,DAB,FL,ASO,ES,Towers with Radar,8,11,173,1,193,6,0,619,1,626,14,11,792,2,819,220,0,220,1039
03/17/2002,DAB,FL,ASO,ES,Towers with Radar,9,14,192,1,216,6,1,579,0,586,15,15,771,1,802,242,0,242,1044
03/18/2002,DAB,FL,ASO,ES,Towers with Radar,12,16,273,2,303,0,0,805,6,811,12,16,1078,8,1114,203,0,203,1317
03/19/2002,DAB,FL,ASO,ES,Towers with Radar,11,15,295,3,324,0,0,1143,1,1144,11,15,1438,4,1468,303,0,303,1771
03/20/2002,DAB,FL,ASO,ES,Towers with Radar,10,16,264,3,293,0,0,910,0,910,10,16,1174,3,1203,238,0,238,1441
03/21/2002,DAB,FL,ASO,ES,Towers with Radar,10,15,251,0,276,0,0,405,0,405,10,15,656,0,681,255,0,255,936
03/22/2002,DAB,FL,ASO,ES,Towers with Radar,12,17,257,3,289,0,4,736,2,742,12,21,993,5,1031,122,0,122,1153
03/23/2002,DAB,FL,ASO,ES,Towers with Radar,8,17,240,2,267,0,0,1005,0,1005,8,17,1245,2,1272,291,0,291,1563
03/24/2002,DAB,FL,ASO,ES,Towers with Radar,9,15,211,3,238,2,4,808,1,815,11,19,1019,4,1053,255,0,255,1308
03/25/2002,DAB,FL,ASO,ES,Towers with Radar,12,7,266,2,287,2,0,981,0,983,14,7,1247,2,1270,252,0,252,1522
03/26/2002,DAB,FL,ASO,ES,Towers with Radar,11,8,242,2,263,4,0,807,0,811,15,8,1049,2,1074,271,0,271,1345
03/27/2002,DAB,FL,ASO,ES,Towers with Radar,11,15,308,4,338,0,0,960,0,960,11,15,1268,4,1298,312,0,312,1610
03/28/2002,DAB,FL,ASO,ES,Towers with Radar,9,19,278,0,306,0,2,986,0,988,9,21,1264,0,1294,384,0,384,1678
03/29/2002,DAB,FL,ASO,ES,Towers with Radar,12,21,292,0,325,0,4,1058,0,1062,12,25,1350,0,1387,363,0,363,1750
03/30/2002,DAB,FL,ASO,ES,Towers with Radar,10,16,225,3,254,0,7,581,0,588,10,23,806,3,842,126,0,126,968
03/31/2002,DAB,FL,ASO,ES,Towers with Radar,7,10,151,0,168,4,8,566,0,578,11,18,717,0,746,145,0,145,891
04/01/2002,DAB,FL,ASO,ES,Towers with Radar,12,13,289,0,314,3,0,495,0,498,15,13,784,0,812,136,0,136,948
04/02/2002,DAB,FL,ASO,ES,Towers with Radar,9,15,262,2,288,0,0,830,1,831,9,15,1092,3,1119,255,0,255,1374
04/03/2002,DAB,FL,ASO,ES,Towers with Radar,9,14,222,2,247,1,0,777,0,778,10,14,999,2,1025,126,0,126,1151
04/04/2002,DAB,FL,ASO,ES,Towers with Radar,10,13,246,0,269,1,0,798,0,799,11,13,1044,0,1068,116,0,116,1184
04/05/2002,DAB,FL,ASO,ES,Towers with Radar,11,17,287,3,318,0,0,390,0,390,11,17,677,3,708,40,0,40,748
04/06/2002,DAB,FL,ASO,ES,Towers with Radar,9,13,222,2,246,1,1,620,0,622,10,14,842,2,868,204,0,204,1072
04/07/2002,DAB,FL,ASO,ES,Towers with Radar,8,11,187,3,209,0,2,405,0,407,8,13,592,3,616,299,0,299,915
04/08/2002,DAB,FL,ASO,ES,Towers with Radar,8,11,189,0,208,2,9,475,0,486,10,20,664,0,694,34,0,34,728
04/09/2002,DAB,FL,ASO,ES,Towers with Radar,9,11,224,3,247,0,0,746,5,751,9,11,970,8,998,258,0,258,1256
04/10/2002,DAB,FL,ASO,ES,Towers with Radar,8,16,266,1,291,0,2,1007,0,1009,8,18,1273,1,1300,247,0,247,1547
04/11/2002,DAB,FL,ASO,ES,Towers with Radar,10,16,278,2,306,0,0,999,0,999,10,16,1277,2,1305,394,0,394,1699
04/12/2002,DAB,FL,ASO,ES,Towers with Radar,9,16,268,4,297,0,4,982,1,987,9,20,1250,5,1284,301,0,301,1585
04/13/2002,DAB,FL,ASO,ES,Towers with Radar,12,14,294,0,320,1,0,732,0,733,13,14,1026,0,1053,238,0,238,1291
04/14/2002,DAB,FL,ASO,ES,Towers with Radar,8,14,239,2,263,0,1,608,0,609,8,15,847,2,872,143,0,143,1015
04/15/2002,DAB,FL,ASO,ES,Towers with Radar,7,8,162,2,179,5,0,537,0,542,12,8,699,2,721,169,0,169,890
04/16/2002,DAB,FL,ASO,ES,Towers with Radar,9,15,260,3,287,0,4,752,0,756,9,19,1012,3,1043,359,0,359,1402
04/17/2002,DAB,FL,ASO,ES,Towers with Radar,7,15,294,2,318,0,0,894,0,894,7,15,1188,2,1212,271,0,271,1483
04/18/2002,DAB,FL,ASO,ES,Towers with Radar,8,17,271,4,300,0,3,935,2,940,8,20,1206,6,1240,252,0,252,1492
04/19/2002,DAB,FL,ASO,ES,Towers with Radar,7,16,255,3,281,0,1,816,17,834,7,17,1071,20,1115,245,0,245,1360
04/20/2002,DAB,FL,ASO,ES,Towers with Radar,7,13,205,1,226,0,6,627,0,633,7,19,832,1,859,314,0,314,1173
04/21/2002,DAB,FL,ASO,ES,Towers with Radar,8,14,297,3,322,0,0,648,6,654,8,14,945,9,976,306,0,306,1282
04/22/2002,DAB,FL,ASO,ES,Towers with Radar,8,14,227,0,249,0,1,686,0,687,8,15,913,0,936,249,0,249,1185
04/23/2002,DAB,FL,ASO,ES,Towers with Radar,10,16,254,2,282,0,2,908,0,910,10,18,1162,2,1192,304,0,304,1496
04/24/2002,DAB,FL,ASO,ES,Towers with Radar,10,8,261,2,281,2,0,879,0,881,12,8,1140,2,1162,217,0,217,1379
04/25/2002,DAB,FL,ASO,ES,Towers with Radar,10,13,256,0,279,1,0,610,0,611,11,13,866,0,890,233,0,233,1123
04/26/2002,DAB,FL,ASO,ES,Towers with Radar,9,17,278,3,307,0,0,630,1,631,9,17,908,4,938,251,0,251,1189
04/27/2002,DAB,FL,ASO,ES,Towers with Radar,6,11,163,1,181,6,12,413,0,431,12,23,576,1,612,135,0,135,747
04/28/2002,DAB,FL,ASO,ES,Towers with Radar,6,10,153,1,170,6,1,407,4,418,12,11,560,5,588,183,0,183,771
04/29/2002,DAB,FL,ASO,ES,Towers with Radar,8,14,217,2,241,1,0,656,2,659,9,14,873,4,900,190,0,190,1090
04/30/2002,DAB,FL,ASO,ES,Towers with Radar,8,12,211,0,231,2,0,435,0,437,10,12,646,0,668,258,0,258,926
05/01/2002,DAB,FL,ASO,ES,Towers with Radar,10,9,191,3,213,0,0,801,3,804,10,9,992,6,1017,289,0,289,1306
05/02/2002,DAB,FL,ASO,ES,Towers with Radar,8,13,207,3,231,0,0,671,2,673,8,13,878,5,904,285,0,285,1189
05/03/2002,DAB,FL,ASO,ES,Towers with Radar,11,11,243,1,266,0,0,550,0,550,11,11,793,1,816,282,0,282,1098
05/04/2002,DAB,FL,ASO,ES,Towers with Radar,8,10,153,1,172,3,3,586,0,592,11,13,739,1,764,232,0,232,996
05/05/2002,DAB,FL,ASO,ES,Towers with Radar,11,17,272,3,303,0,0,405,0,405,11,17,677,3,708,40,0,40,748
05/06/2002,DAB,FL,ASO,ES,Towers with Radar,10,14,211,2,237,0,0,631,0,631,10,14,842,2,868,204,0,204,1072
05/07/2002,DAB,FL,ASO,ES,Towers with Radar,8,11,178,3,200,0,2,414,0,416,8,13,592,3,616,299,0,299,915
05/08/2002,DAB,FL,ASO,ES,Towers with Radar,10,8,186,1,205,1,0,720,0,721,11,8,906,1,926,205,0,205,1131
05/09/2002,DAB,FL,ASO,ES,Towers with Radar,9,11,212,3,235,0,0,758,5,763,9,11,970,8,998,258,0,258,1256
05/10/2002,DAB,FL,ASO,ES,Towers with Radar,8,16,253,1,278,0,2,1020,0,1022,8,18,1273,1,1300,247,0,247,1547
05/11/2002,DAB,FL,ASO,ES,Towers with Radar,7,8,133,2,150,3,3,395,4,405,10,11,528,6,555,185,0,185,740
05/12/2002,DAB,FL,ASO,ES,Towers with Radar,7,8,127,0,142,1,0,510,0,511,8,8,637,0,653,155,0,155,808
05/13/2002,DAB,FL,ASO,ES,Towers with Radar,13,14,279,0,306,0,0,747,0,747,13,14,1026,0,1053,238,0,238,1291
05/14/2002,DAB,FL,ASO,ES,Towers with Radar,8,15,227,2,252,0,0,620,0,620,8,15,847,2,872,143,0,143,1015
05/15/2002,DAB,FL,ASO,ES,Towers with Radar,7,8,153,1,169,5,0,546,1,552,12,8,699,2,721,169,0,169,890
05/16/2002,DAB,FL,ASO,ES,Towers with Radar,9,17,246,2,274,0,2,766,1,769,9,19,1012,3,1043,359,0,359,1402
05/17/2002,DAB,FL,ASO,ES,Towers with Radar,8,9,178,2,197,2,0,613,10,625,10,9,791,12,822,210,0,210,1032
05/18/2002,DAB,FL,ASO,ES,Towers with Radar,6,9,124,1,140,4,6,403,4,417,10,15,527,5,557,108,0,108,665
05/19/2002,DAB,FL,ASO,ES,Towers with Radar,6,9,130,0,145,5,0,10,0,15,11,9,140,0,160,18,0,18,178
05/20/2002,DAB,FL,ASO,ES,Towers with Radar,7,13,195,1,216,0,6,637,0,643,7,19,832,1,859,314,0,314,1173
05/21/2002,DAB,FL,ASO,ES,Towers with Radar,0,13,182,0,195,0,4,376,0,380,0,17,558,0,575,14,0,14,589
05/22/2002,DAB,FL,ASO,ES,Towers with Radar,7,7,154,1,169,3,0,105,5,113,10,7,259,6,282,25,0,25,307
05/23/2002,DAB,FL,ASO,ES,Towers with Radar,10,17,241,2,270,0,1,921,0,922,10,18,1162,2,1192,304,0,304,1496
05/24/2002,DAB,FL,ASO,ES,Towers with Radar,12,8,248,2,270,0,0,892,0,892,12,8,1140,2,1162,217,0,217,1379
05/25/2002,DAB,FL,ASO,ES,Towers with Radar,11,13,243,0,267,0,0,623,0,623,11,13,866,0,890,233,0,233,1123
05/26/2002,DAB,FL,ASO,ES,Towers with Radar,9,17,264,3,293,0,0,644,1,645,9,17,908,4,938,251,0,251,1189
05/27/2002,DAB,FL,ASO,ES,Towers with Radar,7,10,155,1,173,5,13,421,0,439,12,23,576,1,612,135,0,135,747
05/28/2002,DAB,FL,ASO,ES,Towers with Radar,7,9,145,2,163,5,2,415,3,425,12,11,560,5,588,183,0,183,771
05/29/2002,DAB,FL,ASO,ES,Towers with Radar,9,13,206,3,231,0,1,667,1,669,9,14,873,4,900,190,0,190,1090
05/30/2002,DAB,FL,ASO,ES,Towers with Radar,9,12,200,0,221,1,0,446,0,447,10,12,646,0,668,258,0,258,926
05/31/2002,DAB,FL,ASO,ES,Towers with Radar,8,13,193,1,215,0,9,426,0,435,8,22,619,1,650,200,0,200,850
06/01/2002,DAB,FL,ASO,ES,Towers with Radar,9,12,218,0,239,0,2,543,0,545,9,14,761,0,784,326,0,326,1110
06/02/2002,DAB,FL,ASO,ES,Towers with Radar,6,7,125,3,141,3,3,534,0,540,9,10,659,3,681,98,0,98,779
06/03/2002,DAB,FL,ASO,ES,Towers with Radar,10,9,205,4,228,0,0,787,0,787,10,9,992,4,1015,299,0,299,1314
06/04/2002,DAB,FL,ASO,ES,Towers with Radar,8,8,232,0,248,0,0,835,0,835,8,8,1067,0,1083,329,0,329,1412
06/05/2002,DAB,FL,ASO,ES,Towers with Radar,10,11,209,0,230,0,3,642,0,645,10,14,851,0,875,344,0,344,1219
06/06/2002,DAB,FL,ASO,ES,Towers with Radar,7,14,251,9,281,0,0,723,1,724,7,14,974,10,1005,429,0,429,1434
06/07/2002,DAB,FL,ASO,ES,Towers with Radar,10,7,197,0,214,1,0,325,0,326,11,7,522,0,540,259,0,259,799
06/08/2002,DAB,FL,ASO,ES,Towers with Radar,9,9,176,4,198,1,4,217,0,222,10,13,393,4,420,93,0,93,513
06/09/2002,DAB,FL,ASO,ES,Towers with Radar,8,9,167,6,190,2,0,350,143,495,10,9,517,149,685,110,0,110,795
06/10/2002,DAB,FL,ASO,ES,Towers with Radar,11,11,241,3,266,0,0,663,0,663,11,11,904,3,929,279,0,279,1208
06/11/2002,DAB,FL,ASO,ES,Towers with Radar,10,8,213,2,233,0,0,443,0,443,10,8,656,2,676,249,0,249,925
06/12/2002,DAB,FL,ASO,ES,Towers with Radar,9,8,258,1,276,0,0,684,0,684,9,8,942,1,960,192,0,192,1152
06/13/2002,DAB,FL,ASO,ES,Towers with Radar,9,13,234,1,257,0,3,309,0,312,9,16,543,1,569,161,0,161,730
06/14/2002,DAB,FL,ASO,ES,Towers with Radar,11,12,230,1,254,0,2,606,0,608,11,14,836,1,862,255,0,255,1117
06/15/2002,DAB,FL,ASO,ES,Towers with Radar,9,11,199,6,225,0,5,223,5,233,9,16,422,11,458,72,0,72,530
06/16/2002,DAB,FL,ASO,ES,Towers with Radar,8,8,162,0,178,1,0,565,0,566,9,8,727,0,744,89,0,89,833
06/17/2002,DAB,FL,ASO,ES,Towers with Radar,9,9,186,1,205,1,0,188,0,189,10,9,374,1,394,73,0,73,467
06/18/2002,DAB,FL,ASO,ES,Towers with Radar,8,11,185,0,204,6,0,227,0,233,14,11,412,0,437,105,0,105,542
06/19/2002,DAB,FL,ASO,ES,Towers with Radar,8,11,189,0,208,2,0,255,0,257,10,11,444,0,465,77,0,77,542
06/20/2002,DAB,FL,ASO,ES,Towers with Radar,10,8,237,0,255,0,0,212,0,212,10,8,449,0,467,3,6,9,476
06/21/2002,DAB,FL,ASO,ES,Towers with Radar,9,13,215,0,237,0,2,52,0,54,9,15,267,0,291,12,0,12,303
06/22/2002,DAB,FL,ASO,ES,Towers with Radar,6,8,139,0,153,4,7,53,0,64,10,15,192,0,217,33,0,33,250
06/23/2002,DAB,FL,ASO,ES,Towers with Radar,6,9,145,0,160,3,4,207,0,214,9,13,352,0,374,128,0,128,502
06/24/2002,DAB,FL,ASO,ES,Towers with Radar,9,10,228,2,249,0,0,498,0,498,9,10,726,2,747,173,0,173,920
06/25/2002,DAB,FL,ASO,ES,Towers with Radar,9,12,266,1,288,0,0,652,0,652,9,12,918,1,940,191,0,191,1131
06/26/2002,DAB,FL,ASO,ES,Towers with Radar,7,13,217,2,239,0,3,572,0,575,7,16,789,2,814,307,0,307,1121
06/27/2002,DAB,FL,ASO,ES,Towers with Radar,9,14,259,2,284,0,0,508,0,508,9,14,767,2,792,179,0,179,971
06/28/2002,DAB,FL,ASO,ES,Towers with Radar,9,13,225,3,250,0,1,643,0,644,9,14,868,3,894,174,0,174,1068
06/29/2002,DAB,FL,ASO,ES,Towers with Radar,8,10,186,4,208,0,0,490,0,490,8,10,676,4,698,84,0,84,782
06/30/2002,DAB,FL,ASO,ES,Towers with Radar,6,8,144,0,158,4,1,267,0,272,10,9,411,0,430,110,0,110,540
07/01/2002,DAB,FL,ASO,ES,Towers with Radar,9,7,213,2,231,0,0,565,0,565,9,7,778,2,796,167,0,167,963
07/02/2002,DAB,FL,ASO,ES,Towers with Radar,7,14,245,1,267,0,0,568,5,573,7,14,813,6,840,184,0,184,1024
07/03/2002,DAB,FL,ASO,ES,Towers with Radar,8,16,262,0,286,0,0,737,0,737,8,16,999,0,1023,210,0,210,1233
07/04/2002,DAB,FL,ASO,ES,Towers with Radar,8,9,152,0,169,4,1,271,0,276,12,10,423,0,445,97,0,97,542
07/05/2002,DAB,FL,ASO,ES,Towers with Radar,9,12,179,1,201,2,1,263,6,272,11,13,442,7,473,47,26,73,546
07/06/2002,DAB,FL,ASO,ES,Towers with Radar,9,15,227,1,252,0,11,431,2,444,9,26,658,3,696,63,0,63,759
07/07/2002,DAB,FL,ASO,ES,Towers with Radar,10,12,206,1,229,0,5,414,3,422,10,17,620,4,651,62,0,62,713
07/08/2002,DAB,FL,ASO,ES,Towers with Radar,7,10,202,0,219,0,0,483,0,483,7,10,685,0,702,158,0,158,860
07/09/2002,DAB,FL,ASO,ES,Towers with Radar,9,11,217,0,237,0,0,563,0,563,9,11,780,0,800,273,0,273,1073
07/10/2002,DAB,FL,ASO,ES,Towers with Radar,8,12,209,1,230,0,2,606,3,611,8,14,815,4,841,116,0,116,957
07/11/2002,DAB,FL,ASO,ES,Towers with Radar,10,10,222,1,243,0,0,547,0,547,10,10,769,1,790,236,0,236,1026
07/12/2002,DAB,FL,ASO,ES,Towers with Radar,8,11,215,0,234,0,0,408,0,408,8,11,623,0,642,119,0,119,761
07/13/2002,DAB,FL,ASO,ES,Towers with Radar,7,11,149,0,167,3,3,170,0,176,10,14,319,0,343,76,0,76,419
07/14/2002,DAB,FL,ASO,ES,Towers with Radar,8,10,172,1,191,12,0,340,0,352,20,10,512,1,543,137,0,137,680
07/15/2002,DAB,FL,ASO,ES,Towers with Radar,8,10,208,0,226,0,0,736,0,736,8,10,944,0,962,175,0,175,1137
07/16/2002,DAB,FL,ASO,ES,Towers with Radar,9,10,190,1,210,1,0,784,1,786,10,10,974,2,996,246,0,246,1242
07/17/2002,DAB,FL,ASO,ES,Towers with Radar,10,9,216,1,236,0,0,702,0,702,10,9,918,1,938,205,0,205,1143
07/18/2002,DAB,FL,ASO,ES,Towers with Radar,10,10,241,0,261,0,0,523,0,523,10,10,764,0,784,144,0,144,928
07/19/2002,DAB,FL,ASO,ES,Towers with Radar,6,12,223,0,241,0,0,299,0,299,6,12,522,0,540,130,0,130,670
07/20/2002,DAB,FL,ASO,ES,Towers with Radar,8,10,158,0,176,2,5,454,0,461,10,15,612,0,637,96,0,96,733
07/21/2002,DAB,FL,ASO,ES,Towers with Radar,6,8,135,0,149,2,1,291,0,294,8,9,426,0,443,179,0,179,622
07/22/2002,DAB,FL,ASO,ES,Towers with Radar,6,9,148,0,163,0,1,541,0,542,6,10,689,0,705,149,0,149,854
07/23/2002,DAB,FL,ASO,ES,Towers with Radar,7,10,174,2,193,0,2,430,6,438,7,12,604,8,631,67,0,67,698
07/24/2002,DAB,FL,ASO,ES,Towers with Radar,8,12,196,0,216,0,1,632,0,633,8,13,828,0,849,179,0,179,1028
07/25/2002,DAB,FL,ASO,ES,Towers with Radar,8,11,206,2,227,0,0,578,1,579,8,11,784,3,806,135,0,135,941
07/26/2002,DAB,FL,ASO,ES,Towers with Radar,8,10,182,0,200,1,0,422,0,423,9,10,604,0,623,245,0,245,868
07/27/2002,DAB,FL,ASO,ES,Towers with Radar,7,10,150,0,167,2,5,481,0,488,9,15,631,0,655,103,0,103,758
07/28/2002,DAB,FL,ASO,ES,Towers with Radar,6,8,131,1,146,3,5,364,1,373,9,13,495,2,519,122,0,122,641
07/29/2002,DAB,FL,ASO,ES,Towers with Radar,8,9,174,1,192,1,0,653,0,654,9,9,827,1,846,160,0,160,1006
07/30/2002,DAB,FL,ASO,ES,Towers with Radar,8,9,162,0,179,1,0,700,0,701,9,9,862,0,880,116,0,116,996
07/31/2002,DAB,FL,ASO,ES,Towers with Radar,8,10,176,2,196,2,0,603,6,611,10,10,779,8,807,226,0,226,1033
08/01/2002,DAB,FL,ASO,ES,Towers with Radar,8,9,180,2,199,0,6,407,5,418,8,15,587,7,617,136,0,136,753
08/02/2002,DAB,FL,ASO,ES,Towers with Radar,8,8,171,1,188,0,2,195,5,202,8,10,366,6,390,175,0,175,565
08/03/2002,DAB,FL,ASO,ES,Towers with Radar,8,7,157,0,172,0,0,510,0,510,8,7,667,0,682,150,0,150,832
08/04/2002,DAB,FL,ASO,ES,Towers with Radar,9,9,178,1,197,4,1,415,0,420,13,10,593,1,617,146,0,146,763
08/05/2002,DAB,FL,ASO,ES,Towers with Radar,10,9,196,1,216,1,0,538,3,542,11,9,734,4,758,146,0,146,904
08/06/2002,DAB,FL,ASO,ES,Towers with Radar,11,9,220,1,241,0,0,209,4,213,11,9,429,5,454,232,0,232,686
08/07/2002,DAB,FL,ASO,ES,Towers with Radar,11,10,262,1,284,0,0,439,0,439,11,10,701,1,723,235,0,235,958
08/08/2002,DAB,FL,ASO,ES,Towers with Radar,12,8,237,1,258,0,0,502,5,507,12,8,739,6,765,216,0,216,981
08/09/2002,DAB,FL,ASO,ES,Towers with Radar,10,5,221,0,236,0,0,176,0,176,10,5,397,0,412,106,0,106,518
08/10/2002,DAB,FL,ASO,ES,Towers with Radar,9,10,253,2,274,0,0,607,1,608,9,10,860,3,882,196,0,196,1078
08/11/2002,DAB,FL,ASO,ES,Towers with Radar,5,3,131,0,139,0,0,62,0,62,5,3,193,0,201,315,0,315,516
08/12/2002,DAB,FL,ASO,ES,Towers with Radar,0,0,3,0,3,0,0,0,0,0,0,0,3,0,3,173,0,173,176
08/13/2002,DAB,FL,ASO,ES,Towers with Radar,3,7,2,0,12,0,1,0,0,1,3,8,2,0,13,189,0,189,202
08/14/2002,DAB,FL,ASO,ES,Towers with Radar,3,4,1,1,9,0,0,0,0,0,3,4,1,1,9,209,0,209,218
08/15/2002,DAB,FL,ASO,ES,Towers with Radar,7,9,24,1,41,2,10,0,1,13,9,19,24,2,54,353,0,353,407
08/16/2002,DAB,FL,ASO,ES,Towers with Radar,8,7,168,0,183,0,0,0,0,0,8,7,168,0,183,151,0,151,334
08/17/2002,DAB,FL,ASO,ES,Towers with Radar,8,11,297,2,318,0,0,0,0,0,8,11,297,2,318,251,0,251,569
08/18/2002,DAB,FL,ASO,ES,Towers with Radar,8,13,301,0,322,0,0,186,0,186,8,13,487,0,508,62,0,62,570
08/19/2002,DAB,FL,ASO,ES,Towers with Radar,13,7,293,0,313,1,0,175,0,176,14,7,468,0,489,70,0,70,559
08/20/2002,DAB,FL,ASO,ES,Towers with Radar,9,15,310,2,336,0,0,137,0,137,9,15,447,2,473,78,0,78,551
08/21/2002,DAB,FL,ASO,ES,Towers with Radar,8,15,300,2,325,0,3,175,0,178,8,18,475,2,503,37,0,37,540
08/22/2002,DAB,FL,ASO,ES,Towers with Radar,9,10,269,3,291,0,0,422,0,422,9,10,691,3,713,23,0,23,736
08/23/2002,DAB,FL,ASO,ES,Towers with Radar,8,10,222,0,240,0,0,562,0,562,8,10,784,0,802,112,0,112,914
08/24/2002,DAB,FL,ASO,ES,Towers with Radar,8,10,197,0,215,0,0,512,0,512,8,10,709,0,727,106,0,106,833
08/25/2002,DAB,FL,ASO,ES,Towers with Radar,11,5,235,0,251,4,0,744,0,748,15,5,979,0,999,112,0,112,1111
08/26/2002,DAB,FL,ASO,ES,Towers with Radar,7,3,223,2,235,0,0,885,4,889,7,3,1108,6,1124,77,0,77,1201
08/27/2002,DAB,FL,ASO,ES,Towers with Radar,9,9,278,3,299,0,0,839,0,839,9,9,1117,3,1138,97,0,97,1235
08/28/2002,DAB,FL,ASO,ES,Towers with Radar,11,3,264,1,279,0,0,788,0,788,11,3,1052,1,1067,214,0,214,1281
08/29/2002,DAB,FL,ASO,ES,Towers with Radar,8,8,96,1,113,1,4,0,0,5,9,12,96,1,118,145,0,145,263
08/30/2002,DAB,FL,ASO,ES,Towers with Radar,9,9,224,2,244,0,0,201,2,203,9,9,425,4,447,244,0,244,691
08/31/2002,DAB,FL,ASO,ES,Towers with Radar,10,9,219,2,240,0,0,443,7,450,10,9,662,9,690,63,0,63,753
09/01/2002,DAB,FL,ASO,ES,Towers with Radar,4,7,126,0,137,0,3,271,0,274,4,10,397,0,411,106,0,106,517
09/02/2002,DAB,FL,ASO,ES,Towers with Radar,9,16,587,0,612,0,0,950,0,950,9,16,1537,0,1562,58,0,58,1620
09/03/2002,DAB,FL,ASO,ES,Towers with Radar,9,12,219,1,241,0,3,182,0,185,9,15,401,1,426,73,0,73,499
09/04/2002,DAB,FL,ASO,ES,Towers with Radar,6,7,113,0,126,2,2,0,0,4,8,9,113,0,130,15,0,15,145
09/05/2002,DAB,FL,ASO,ES,Towers with Radar,6,12,204,1,223,0,6,373,0,379,6,18,577,1,602,189,0,189,791
09/06/2002,DAB,FL,ASO,ES,Towers with Radar,8,11,231,1,251,0,0,437,2,439,8,11,668,3,690,127,0,127,817
09/07/2002,DAB,FL,ASO,ES,Towers with Radar,6,10,187,0,203,0,5,356,0,361,6,15,543,0,564,106,0,106,670
09/08/2002,DAB,FL,ASO,ES,Towers with Radar,5,9,166,0,180,0,3,271,6,280,5,12,437,6,460,195,0,195,655
09/09/2002,DAB,FL,ASO,ES,Towers with Radar,9,14,250,1,274,0,5,547,2,554,9,19,797,3,828,248,0,248,1076
09/10/2002,DAB,FL,ASO,ES,Towers with Radar,6,12,221,1,240,0,3,618,0,621,6,15,839,1,861,171,0,171,1032
09/11/2002,DAB,FL,ASO,ES,Towers with Radar,6,13,267,1,287,0,0,531,2,533,6,13,798,3,820,180,0,180,1000
09/12/2002,DAB,FL,ASO,ES,Towers with Radar,7,11,241,0,259,1,0,526,0,527,8,11,767,0,786,195,0,195,981
09/13/2002,DAB,FL,ASO,ES,Towers with Radar,6,7,212,1,226,2,0,505,1,508,8,7,717,2,734,214,0,214,948
09/14/2002,DAB,FL,ASO,ES,Towers with Radar,6,12,195,0,213,1,6,455,0,462,7,18,650,0,675,119,0,119,794
09/15/2002,DAB,FL,ASO,ES,Towers with Radar,4,10,153,0,167,3,7,495,1,506,7,17,648,1,673,188,0,188,861
09/16/2002,DAB,FL,ASO,ES,Towers with Radar,7,9,242,0,258,4,0,770,0,774,11,9,1012,0,1032,176,0,176,1208
09/17/2002,DAB,FL,ASO,ES,Towers with Radar,8,9,266,0,283,0,0,738,0,738,8,9,1004,0,1021,232,0,232,1253
09/18/2002,DAB,FL,ASO,ES,Towers with Radar,6,11,212,1,230,1,0,888,5,894,7,11,1100,6,1124,330,0,330,1454
09/19/2002,DAB,FL,ASO,ES,Towers with Radar,7,14,240,0,261,0,5,811,0,816,7,19,1051,0,1077,268,0,268,1345
09/20/2002,DAB,FL,ASO,ES,Towers with Radar,8,11,250,0,269,0,0,717,0,717,8,11,967,0,986,164,0,164,1150
09/21/2002,DAB,FL,ASO,ES,Towers with Radar,4,11,189,0,204,0,5,768,0,773,4,16,957,0,977,253,0,253,1230
09/22/2002,DAB,FL,ASO,ES,Towers with Radar,5,9,159,0,173,2,6,671,0,679,7,15,830,0,852,242,0,242,1094
09/23/2002,DAB,FL,ASO,ES,Towers with Radar,7,10,240,0,257,1,0,790,0,791,8,10,1030,0,1048,252,0,252,1300
09/24/2002,DAB,FL,ASO,ES,Towers with Radar,6,10,197,0,213,1,0,422,0,423,7,10,619,0,636,181,0,181,817
09/25/2002,DAB,FL,ASO,ES,Towers with Radar,7,15,262,0,284,0,4,464,0,468,7,19,726,0,752,148,0,148,900
09/26/2002,DAB,FL,ASO,ES,Towers with Radar,6,8,212,2,228,0,0,348,4,352,6,8,560,6,580,43,0,43,623
09/27/2002,DAB,FL,ASO,ES,Towers with Radar,7,10,245,2,264,2,0,692,2,696,9,10,937,4,960,161,0,161,1121
09/28/2002,DAB,FL,ASO,ES,Towers with Radar,5,11,184,0,200,2,10,764,0,776,7,21,948,0,976,185,0,185,1161
09/29/2002,DAB,FL,ASO,ES,Towers with Radar,5,9,160,0,174,2,2,737,0,741,7,11,897,0,915,228,0,228,1143
09/30/2002,DAB,FL,ASO,ES,Towers with Radar,8,12,270,2,292,2,0,583,3,588,10,12,853,5,880,165,0,165,1045
10/01/2002,DAB,FL,ASO,ES,Towers with Radar,8,11,229,3,251,0,0,626,0,626,8,11,855,3,877,145,0,145,1022
10/02/2002,DAB,FL,ASO,ES,Towers with Radar,8,13,234,2,257,0,0,936,0,936,8,13,1170,2,1193,251,0,251,1444
10/03/2002,DAB,FL,ASO,ES,Towers with Radar,7,9,223,1,240,0,0,892,0,892,7,9,1115,1,1132,366,0,366,1498
10/04/2002,DAB,FL,ASO,ES,Towers with Radar,8,11,264,2,285,0,0,878,0,878,8,11,1142,2,1163,279,0,279,1442
10/05/2002,DAB,FL,ASO,ES,Towers with Radar,6,13,185,3,207,0,0,634,3,637,6,13,819,6,844,301,0,301,1145
10/06/2002,DAB,FL,ASO,ES,Towers with Radar,7,13,187,1,208,3,1,550,0,554,10,14,737,1,762,196,0,196,958
10/07/2002,DAB,FL,ASO,ES,Towers with Radar,8,10,225,3,246,0,0,665,1,666,8,10,890,4,912,216,0,216,1128
10/08/2002,DAB,FL,ASO,ES,Towers with Radar,8,14,201,3,226,8,163,342,20,533,16,177,543,23,759,162,0,162,921
10/09/2002,DAB,FL,ASO,ES,Towers with Radar,10,6,266,0,282,0,0,811,0,811,10,6,1077,0,1093,245,0,245,1338
10/10/2002,DAB,FL,ASO,ES,Towers with Radar,6,14,239,2,261,0,0,488,0,488,6,14,727,2,749,185,0,185,934
10/11/2002,DAB,FL,ASO,ES,Towers with Radar,8,9,249,3,269,0,0,609,0,609,8,9,858,3,878,278,0,278,1156
10/12/2002,DAB,FL,ASO,ES,Towers with Radar,8,13,196,3,220,3,0,679,0,682,11,13,875,3,902,182,0,182,1084
10/13/2002,DAB,FL,ASO,ES,Towers with Radar,7,12,166,1,186,0,0,462,0,462,7,12,628,1,648,191,0,191,839
10/14/2002,DAB,FL,ASO,ES,Towers with Radar,8,12,207,3,230,0,0,523,1,524,8,12,730,4,754,167,0,167,921
10/15/2002,DAB,FL,ASO,ES,Towers with Radar,9,16,217,0,242,0,4,537,0,541,9,20,754,0,783,235,0,235,1018
10/16/2002,DAB,FL,ASO,ES,Towers with Radar,8,8,287,4,307,0,0,674,4,678,8,8,961,8,985,212,0,212,1197
10/17/2002,DAB,FL,ASO,ES,Towers with Radar,8,15,274,4,301,0,0,630,2,632,8,15,904,6,933,17,0,17,950
10/18/2002,DAB,FL,ASO,ES,Towers with Radar,6,14,239,5,264,0,0,881,9,890,6,14,1120,14,1154,262,0,262,1416
10/19/2002,DAB,FL,ASO,ES,Towers with Radar,7,13,192,4,216,2,0,843,6,851,9,13,1035,10,1067,243,0,243,1310
10/20/2002,DAB,FL,ASO,ES,Towers with Radar,6,14,183,3,206,0,1,612,0,613,6,15,795,3,819,175,0,175,994
10/21/2002,DAB,FL,ASO,ES,Towers with Radar,7,15,197,4,223,2,16,361,2,381,9,31,558,6,604,140,0,140,744
10/22/2002,DAB,FL,ASO,ES,Towers with Radar,11,12,337,0,360,0,0,746,0,746,11,12,1083,0,1106,201,0,201,1307
10/23/2002,DAB,FL,ASO,ES,Towers with Radar,9,9,308,5,331,0,0,186,0,186,9,9,494,5,517,57,0,57,574
10/24/2002,DAB,FL,ASO,ES,Towers with Radar,11,8,324,1,344,0,0,590,0,590,11,8,914,1,934,139,0,139,1073
10/25/2002,DAB,FL,ASO,ES,Towers with Radar,8,10,355,7,380,0,0,767,5,772,8,10,1122,12,1152,219,0,219,1371
10/26/2002,DAB,FL,ASO,ES,Towers with Radar,8,13,238,4,263,1,0,388,0,389,9,13,626,4,652,258,0,258,910
10/27/2002,DAB,FL,ASO,ES,Towers with Radar,6,7,163,3,179,8,0,591,0,599,14,7,754,3,778,22,0,22,800
10/28/2002,DAB,FL,ASO,ES,Towers with Radar,6,13,165,3,187,4,0,300,2,306,10,13,465,5,493,23,0,23,516
10/29/2002,DAB,FL,ASO,ES,Towers with Radar,9,15,265,2,291,1,0,769,0,770,10,15,1034,2,1061,221,0,221,1282
10/30/2002,DAB,FL,ASO,ES,Towers with Radar,10,10,270,5,295,0,0,733,0,733,10,10,1003,5,1028,195,0,195,1223
10/31/2002,DAB,FL,ASO,ES,Towers with Radar,8,9,274,4,295,0,0,861,0,861,8,9,1135,4,1156,265,0,265,1421
11/01/2002,DAB,FL,ASO,ES,Towers with Radar,6,15,293,3,317,0,1,853,0,854,6,16,1146,3,1171,316,0,316,1487
11/02/2002,DAB,FL,ASO,ES,Towers with Radar,7,8,172,2,189,0,8,791,0,799,7,16,963,2,988,197,0,197,1185
11/03/2002,DAB,FL,ASO,ES,Towers with Radar,7,8,172,0,187,9,28,128,0,165,16,36,300,0,352,121,0,121,473
11/04/2002,DAB,FL,ASO,ES,Towers with Radar,6,11,220,0,237,0,1,991,0,992,6,12,1211,0,1229,359,0,359,1588
11/05/2002,DAB,FL,ASO,ES,Towers with Radar,7,12,247,0,266,0,2,645,0,647,7,14,892,0,913,150,0,150,1063
11/06/2002,DAB,FL,ASO,ES,Towers with Radar,6,7,142,0,155,3,10,216,0,229,9,17,358,0,384,62,0,62,446
11/07/2002,DAB,FL,ASO,ES,Towers with Radar,8,8,287,3,306,0,0,993,2,995,8,8,1280,5,1301,226,0,226,1527
11/08/2002,DAB,FL,ASO,ES,Towers with Radar,10,6,273,0,289,0,0,1234,0,1234,10,6,1507,0,1523,363,0,363,1886
11/09/2002,DAB,FL,ASO,ES,Towers with Radar,8,9,254,1,272,0,0,833,10,843,8,9,1087,11,1115,175,0,175,1290
11/10/2002,DAB,FL,ASO,ES,Towers with Radar,6,8,168,0,182,0,9,452,0,461,6,17,620,0,643,128,0,128,771
11/11/2002,DAB,FL,ASO,ES,Towers with Radar,8,6,215,1,230,2,0,512,1,515,10,6,727,2,745,95,0,95,840
11/12/2002,DAB,FL,ASO,ES,Towers with Radar,7,8,175,0,190,3,6,293,0,302,10,14,468,0,492,137,0,137,629
11/13/2002,DAB,FL,ASO,ES,Towers with Radar,8,14,326,2,350,0,0,635,7,642,8,14,961,9,992,78,0,78,1070
11/14/2002,DAB,FL,ASO,ES,Towers with Radar,8,13,295,0,316,0,0,1113,0,1113,8,13,1408,0,1429,442,0,442,1871
11/15/2002,DAB,FL,ASO,ES,Towers with Radar,9,14,268,1,292,1,0,1007,3,1011,10,14,1275,4,1303,239,0,239,1542
11/16/2002,DAB,FL,ASO,ES,Towers with Radar,4,7,131,0,142,5,4,95,0,104,9,11,226,0,246,16,0,16,262
11/17/2002,DAB,FL,ASO,ES,Towers with Radar,9,9,257,1,276,4,0,467,1,472,13,9,724,2,748,0,10,10,758
11/18/2002,DAB,FL,ASO,ES,Towers with Radar,10,11,276,1,298,1,0,819,0,820,11,11,1095,1,1118,136,0,136,1254
11/19/2002,DAB,FL,ASO,ES,Towers with Radar,8,14,302,2,326,0,0,1037,2,1039,8,14,1339,4,1365,301,0,301,1666
11/20/2002,DAB,FL,ASO,ES,Towers with Radar,9,7,328,0,344,0,0,943,0,943,9,7,1271,0,1287,224,0,224,1511
11/21/2002,DAB,FL,ASO,ES,Towers with Radar,9,7,270,0,286,1,0,683,0,684,10,7,953,0,970,170,0,170,1140
11/22/2002,DAB,FL,ASO,ES,Towers with Radar,7,11,200,1,219,2,1,794,0,797,9,12,994,1,1016,239,0,239,1255
11/23/2002,DAB,FL,ASO,ES,Towers with Radar,8,9,219,0,236,3,0,833,0,836,11,9,1052,0,1072,269,0,269,1341
11/24/2002,DAB,FL,ASO,ES,Towers with Radar,6,9,175,0,190,2,3,434,0,439,8,12,609,0,629,183,0,183,812
11/25/2002,DAB,FL,ASO,ES,Towers with Radar,6,13,244,1,264,0,2,852,5,859,6,15,1096,6,1123,299,0,299,1422
11/26/2002,DAB,FL,ASO,ES,Towers with Radar,9,8,324,2,343,0,0,837,0,837,9,8,1161,2,1180,307,0,307,1487
11/27/2002,DAB,FL,ASO,ES,Towers with Radar,7,11,217,0,235,1,2,608,0,611,8,13,825,0,846,339,0,339,1185
11/28/2002,DAB,FL,ASO,ES,Towers with Radar,9,13,305,3,330,0,0,1155,3,1158,9,13,1460,6,1488,216,0,216,1704
11/29/2002,DAB,FL,ASO,ES,Towers with Radar,6,9,171,1,187,4,5,676,0,685,10,14,847,1,872,223,0,223,1095
11/30/2002,DAB,FL,ASO,ES,Towers with Radar,5,7,146,1,159,4,6,258,0,268,9,13,404,1,427,145,0,145,572
12/01/2002,DAB,FL,ASO,ES,Towers with Radar,8,9,192,2,211,0,0,814,0,814,8,9,1006,2,1025,398,0,398,1423
12/02/2002,DAB,FL,ASO,ES,Towers with Radar,9,5,185,2,201,0,0,696,2,698,9,5,881,4,899,201,0,201,1100
12/03/2002,DAB,FL,ASO,ES,Towers with Radar,7,11,276,0,294,0,0,728,0,728,7,11,1004,0,1022,250,0,250,1272
12/04/2002,DAB,FL,ASO,ES,Towers with Radar,8,12,206,3,229,0,0,553,3,556,8,12,759,6,785,129,0,129,914
12/05/2002,DAB,FL,ASO,ES,Towers with Radar,10,12,233,1,256,0,0,361,0,361,10,12,594,1,617,227,0,227,844
12/06/2002,DAB,FL,ASO,ES,Towers with Radar,11,12,260,2,285,0,0,118,0,118,11,12,378,2,403,86,0,86,489
12/07/2002,DAB,FL,ASO,ES,Towers with Radar,12,10,187,0,209,0,0,505,0,505,12,10,692,0,714,141,0,141,855
12/08/2002,DAB,FL,ASO,ES,Towers with Radar,11,8,161,1,181,2,0,787,0,789,13,8,948,1,970,203,0,203,1173
12/09/2002,DAB,FL,ASO,ES,Towers with Radar,10,9,190,3,212,0,0,309,3,312,10,9,499,6,524,160,0,160,684
12/10/2002,DAB,FL,ASO,ES,Towers with Radar,10,12,216,0,238,0,0,68,0,68,10,12,284,0,306,45,0,45,351
12/11/2002,DAB,FL,ASO,ES,Towers with Radar,10,9,196,3,218,0,0,500,0,500,10,9,696,3,718,33,0,33,751
12/12/2002,DAB,FL,ASO,ES,Towers with Radar,12,8,261,1,282,0,0,335,0,335,12,8,596,1,617,42,0,42,659
12/13/2002,DAB,FL,ASO,ES,Towers with Radar,7,6,103,0,116,1,4,94,0,99,8,10,197,0,215,102,0,102,317
12/14/2002,DAB,FL,ASO,ES,Towers with Radar,10,9,146,2,167,3,4,332,3,342,13,13,478,5,509,102,0,102,611
12/15/2002,DAB,FL,ASO,ES,Towers with Radar,11,2,176,2,191,3,0,377,0,380,14,2,553,2,571,138,0,138,709
12/16/2002,DAB,FL,ASO,ES,Towers with Radar,9,11,151,2,173,0,4,397,2,403,9,15,548,4,576,26,0,26,602
12/17/2002,DAB,FL,ASO,ES,Towers with Radar,11,10,183,1,205,0,0,399,4,403,11,10,582,5,608,60,0,60,668
12/18/2002,DAB,FL,ASO,ES,Towers with Radar,8,11,156,1,176,0,0,448,2,450,8,11,604,3,626,120,0,120,746
12/19/2002,DAB,FL,ASO,ES,Towers with Radar,10,11,155,1,177,0,9,327,1,337,10,20,482,2,514,20,0,20,534
12/20/2002,DAB,FL,ASO,ES,Towers with Radar,5,6,88,0,99,4,5,161,0,170,9,11,249,0,269,28,0,28,297
12/21/2002,DAB,FL,ASO,ES,Towers with Radar,8,9,124,0,141,2,1,267,0,270,10,10,391,0,411,57,0,57,468
12/22/2002,DAB,FL,ASO,ES,Towers with Radar,7,8,111,1,127,1,0,109,3,113,8,8,220,4,240,47,0,47,287
12/23/2002,DAB,FL,ASO,ES,Towers with Radar,7,8,109,0,124,2,5,211,0,218,9,13,320,0,342,39,0,39,381
12/24/2002,DAB,FL,ASO,ES,Towers with Radar,3,4,57,0,64,8,8,0,0,16,11,12,57,0,80,6,0,6,86
12/25/2002,DAB,FL,ASO,ES,Towers with Radar,1,2,18,0,21,12,5,0,0,17,13,7,18,0,38,0,0,0,38
12/26/2002,DAB,FL,ASO,ES,Towers with Radar,7,8,108,1,124,2,7,52,0,61,9,15,160,1,185,2,0,2,187
12/27/2002,DAB,FL,ASO,ES,Towers with Radar,8,6,130,0,144,1,0,81,0,82,9,6,211,0,226,19,0,19,245
12/28/2002,DAB,FL,ASO,ES,Towers with Radar,7,8,117,1,133,2,4,161,2,169,9,12,278,3,302,0,38,38,340
12/29/2002,DAB,FL,ASO,ES,Towers with Radar,7,8,116,0,131,5,8,80,0,93,12,16,196,0,224,22,0,22,246
12/30/2002,DAB,FL,ASO,ES,Towers with Radar,7,8,117,1,133,4,1,133,2,140,11,9,250,3,273,27,0,27,300
12/31/2002,DAB,FL,ASO,ES,Towers with Radar,5,6,79,0,90,5,8,23,0,36,10,14,102,0,126,10,0,10,136
01/01/2003,DAB,FL,ASO,ES,Towers with Radar,2,3,45,0,50,9,8,0,0,17,11,11,45,0,67,3,0,3,70
01/02/2003,DAB,FL,ASO,ES,Towers with Radar,7,8,122,2,139,3,5,157,0,165,10,13,279,2,304,65,0,65,369
01/03/2003,DAB,FL,ASO,ES,Towers with Radar,7,8,114,2,131,3,8,142,1,154,10,16,256,3,285,60,0,60,345
01/04/2003,DAB,FL,ASO,ES,Towers with Radar,9,6,139,2,156,1,0,201,1,203,10,6,340,3,359,28,0,28,387
01/05/2003,DAB,FL,ASO,ES,Towers with Radar,9,5,129,1,144,5,0,219,0,224,14,5,348,1,368,108,0,108,476
01/06/2003,DAB,FL,ASO,ES,Towers with Radar,6,6,93,2,107,4,7,270,0,281,10,13,363,2,388,44,0,44,432
01/07/2003,DAB,FL,ASO,ES,Towers with Radar,8,8,138,2,156,0,0,342,2,344,8,8,480,4,500,96,0,96,596
01/08/2003,DAB,FL,ASO,ES,Towers with Radar,9,11,165,0,185,0,0,573,0,573,9,11,738,0,758,96,0,96,854
01/09/2003,DAB,FL,ASO,ES,Towers with Radar,10,11,163,2,186,0,2,411,3,416,10,13,574,5,602,19,0,19,621
01/10/2003,DAB,FL,ASO,ES,Towers with Radar,4,5,74,0,83,0,3,233,0,236,4,8,307,0,319,73,0,73,392
01/11/2003,DAB,FL,ASO,ES,Towers with Radar,8,12,177,2,199,0,2,782,5,789,8,14,959,7,988,257,0,257,1245
01/12/2003,DAB,FL,ASO,ES,Towers with Radar,8,8,115,0,131,1,2,464,0,467,9,10,579,0,598,86,0,86,684
01/13/2003,DAB,FL,ASO,ES,Towers with Radar,10,13,194,0,217,0,0,23,0,23,10,13,217,0,240,7,0,7,247
01/14/2003,DAB,FL,ASO,ES,Towers with Radar,10,10,180,2,202,0,0,890,2,892,10,10,1070,4,1094,178,0,178,1272
01/15/2003,DAB,FL,ASO,ES,Towers with Radar,11,9,183,0,203,0,0,765,0,765,11,9,948,0,968,154,0,154,1122
01/16/2003,DAB,FL,ASO,ES,Towers with Radar,9,11,193,0,213,0,0,870,0,870,9,11,1063,0,1083,353,0,353,1436
01/17/2003,DAB,FL,ASO,ES,Towers with Radar,10,9,169,1,189,3,0,335,0,338,13,9,504,1,527,255,0,255,782
01/18/2003,DAB,FL,ASO,ES,Towers with Radar,8,15,226,0,249,0,0,838,0,838,8,15,1064,0,1087,239,0,239,1326
01/19/2003,DAB,FL,ASO,ES,Towers with Radar,8,10,129,0,147,5,3,754,0,762,13,13,883,0,909,161,0,161,1070
01/20/2003,DAB,FL,ASO,ES,Towers with Radar,10,13,167,1,191,3,1,746,0,750,13,14,913,1,941,201,0,201,1142
01/21/2003,DAB,FL,ASO,ES,Towers with Radar,9,12,156,1,178,3,0,712,0,715,12,12,868,1,893,200,0,200,1093
01/22/2003,DAB,FL,ASO,ES,Towers with Radar,8,10,290,2,310,0,0,773,0,773,8,10,1063,2,1083,278,0,278,1361
01/23/2003,DAB,FL,ASO,ES,Towers with Radar,8,10,138,1,157,1,1,117,2,121,9,11,255,3,278,22,0,22,300
01/24/2003,DAB,FL,ASO,ES,Towers with Radar,9,11,181,1,202,0,0,747,2,749,9,11,928,3,951,151,0,151,1102
01/25/2003,DAB,FL,ASO,ES,Towers with Radar,10,9,195,0,214,0,0,790,0,790,10,9,985,0,1004,154,0,154,1158
01/26/2003,DAB,FL,ASO,ES,Towers with Radar,8,9,125,1,143,4,0,775,2,781,12,9,900,3,924,12,0,12,936
01/27/2003,DAB,FL,ASO,ES,Towers with Radar,10,11,170,0,191,2,0,548,0,550,12,11,718,0,741,273,0,273,1014
01/28/2003,DAB,FL,ASO,ES,Towers with Radar,12,13,212,2,239,0,0,867,0,867,12,13,1079,2,1106,350,0,350,1456
01/29/2003,DAB,FL,ASO,ES,Towers with Radar,11,15,212,2,240,0,2,893,1,896,11,17,1105,3,1136,133,0,133,1269
01/30/2003,DAB,FL,ASO,ES,Towers with Radar,8,15,209,1,233,0,690,22,0,712,8,705,231,1,945,159,0,159,1104
01/31/2003,DAB,FL,ASO,ES,Towers with Radar,13,13,237,2,265,0,0,788,8,796,13,13,1025,10,1061,172,0,172,1233
02/01/2003,DAB,FL,ASO,ES,Towers with Radar,14,15,243,1,273,6,0,546,0,552,20,15,789,1,825,114,0,114,939
02/02/2003,DAB,FL,ASO,ES,Towers with Radar,8,13,182,1,204,0,12,678,6,696,8,25,860,7,900,251,0,251,1151
02/03/2003,DAB,FL,ASO,ES,Towers with Radar,13,12,229,2,256,0,0,847,3,850,13,12,1076,5,1106,155,0,155,1261
02/04/2003,DAB,FL,ASO,ES,Towers with Radar,10,19,268,0,297,0,1,412,0,413,10,20,680,0,710,167,0,167,877
02/05/2003,DAB,FL,ASO,ES,Towers with Radar,11,13,281,0,305,0,0,865,0,865,11,13,1146,0,1170,253,0,253,1423
02/06/2003,DAB,FL,ASO,ES,Towers with Radar,12,18,287,1,318,0,0,790,0,790,12,18,1077,1,1108,306,0,306,1414
02/07/2003,DAB,FL,ASO,ES,Towers with Radar,16,13,282,2,313,0,0,257,0,257,16,13,539,2,570,186,0,186,756
02/08/2003,DAB,FL,ASO,ES,Towers with Radar,15,19,276,1,311,0,0,644,0,644,15,19,920,1,955,241,0,241,1196
02/09/2003,DAB,FL,ASO,ES,Towers with Radar,8,16,207,2,233,0,4,0,1,5,8,20,207,3,238,7,0,7,245
02/10/2003,DAB,FL,ASO,ES,Towers with Radar,0,17,242,2,261,0,9,346,0,355,0,26,588,2,616,128,0,128,744
02/11/2003,DAB,FL,ASO,ES,Towers with Radar,12,11,283,1,307,0,0,1118,0,1118,12,11,1401,1,1425,214,0,214,1639
02/12/2003,DAB,FL,ASO,ES,Towers with Radar,13,12,292,1,318,0,0,1115,0,1115,13,12,1407,1,1433,265,0,265,1698
02/13/2003,DAB,FL,ASO,ES,Towers with Radar,13,22,294,4,333,0,4,605,1,610,13,26,899,5,943,95,0,95,1038
02/14/2003,DAB,FL,ASO,ES,Towers with Radar,14,21,275,3,313,0,0,589,5,594,14,21,864,8,907,246,0,246,1153
02/15/2003,DAB,FL,ASO,ES,Towers with Radar,11,16,210,0,237,14,18,482,0,514,25,34,692,0,751,82,0,82,833
02/16/2003,DAB,FL,ASO,ES,Towers with Radar,9,13,171,2,195,7,34,232,1,274,16,47,403,3,469,1,0,1,470
02/17/2003,DAB,FL,ASO,ES,Towers with Radar,14,16,258,3,291,9,0,417,0,426,23,16,675,3,717,111,0,111,828
02/18/2003,DAB,FL,ASO,ES,Towers with Radar,14,7,270,0,291,0,0,784,0,784,14,7,1054,0,1075,249,0,249,1324
02/19/2003,DAB,FL,ASO,ES,Towers with Radar,16,14,298,2,330,10,0,902,0,912,26,14,1200,2,1242,251,0,251,1493
02/20/2003,DAB,FL,ASO,ES,Towers with Radar,12,7,311,1,331,0,0,551,0,551,12,7,862,1,882,289,0,289,1171
02/21/2003,DAB,FL,ASO,ES,Towers with Radar,10,17,225,3,255,0,2,181,4,187,10,19,406,7,442,121,0,121,563
02/22/2003,DAB,FL,ASO,ES,Towers with Radar,6,9,110,2,127,8,11,78,1,98,14,20,188,3,225,4,0,4,229
02/23/2003,DAB,FL,ASO,ES,Towers with Radar,11,16,211,3,241,2,2,549,4,557,13,18,760,7,798,200,0,200,998
02/24/2003,DAB,FL,ASO,ES,Towers with Radar,14,19,256,1,290,0,1,814,0,815,14,20,1070,1,1105,324,0,324,1429
02/25/2003,DAB,FL,ASO,ES,Towers with Radar,13,16,241,3,273,2,0,851,5,858,15,16,1092,8,1131,178,0,178,1309
02/26/2003,DAB,FL,ASO,ES,Towers with Radar,12,19,270,0,301,0,0,1060,0,1060,12,19,1330,0,1361,210,0,210,1571
02/27/2003,DAB,FL,ASO,ES,Towers with Radar,11,12,201,0,224,4,0,271,0,275,15,12,472,0,499,180,0,180,679
02/28/2003,DAB,FL,ASO,ES,Towers with Radar,10,13,186,1,210,3,0,16,5,24,13,13,202,6,234,38,0,38,272
03/01/2003,DAB,FL,ASO,ES,Towers with Radar,9,9,137,1,156,4,3,205,5,217,13,12,342,6,373,87,0,87,460
03/02/2003,DAB,FL,ASO,ES,Towers with Radar,11,12,154,1,178,2,2,138,0,142,13,14,292,1,320,53,0,53,373
03/03/2003,DAB,FL,ASO,ES,Towers with Radar,15,12,297,3,327,0,0,356,0,356,15,12,653,3,683,125,0,125,808
03/04/2003,DAB,FL,ASO,ES,Towers with Radar,12,15,269,4,300,0,0,166,2,168,12,15,435,6,468,64,0,64,532
03/05/2003,DAB,FL,ASO,ES,Towers with Radar,11,15,212,3,241,0,1,611,6,618,11,16,823,9,859,165,0,165,1024
03/06/2003,DAB,FL,ASO,ES,Towers with Radar,10,15,311,1,337,0,0,1114,0,1114,10,15,1425,1,1451,295,0,295,1746
03/07/2003,DAB,FL,ASO,ES,Towers with Radar,13,17,223,1,254,0,2,211,0,213,13,19,434,1,467,143,0,143,610
03/08/2003,DAB,FL,ASO,ES,Towers with Radar,12,17,221,1,251,0,0,56,0,56,12,17,277,1,307,41,0,41,348
03/09/2003,DAB,FL,ASO,ES,Towers with Radar,7,8,119,0,134,3,20,34,0,57,10,28,153,0,191,13,0,13,204
03/10/2003,DAB,FL,ASO,ES,Towers with Radar,14,16,248,0,278,0,0,729,0,729,14,16,977,0,1007,257,0,257,1264
03/11/2003,DAB,FL,ASO,ES,Towers with Radar,11,14,194,0,219,2,5,841,0,848,13,19,1035,0,1067,260,0,260,1327
03/12/2003,DAB,FL,ASO,ES,Towers with Radar,14,12,227,3,256,1,0,787,6,794,15,12,1014,9,1050,281,0,281,1331
03/13/2003,DAB,FL,ASO,ES,Towers with Radar,12,15,202,0,229,0,2,434,0,436,12,17,636,0,665,118,0,118,783
03/14/2003,DAB,FL,ASO,ES,Towers with Radar,13,14,226,2,255,2,0,638,0,640,15,14,864,2,895,215,0,215,1110
03/15/2003,DAB,FL,ASO,ES,Towers with Radar,8,10,145,0,163,10,4,247,0,261,18,14,392,0,424,169,0,169,593
03/16/2003,DAB,FL,ASO,ES,Towers with Radar,10,12,145,2,169,3,3,0,4,10,13,15,145,6,179,20,0,20,199
03/17/2003,DAB,FL,ASO,ES,Towers with Radar,13,13,221,2,249,4,0,679,0,683,17,13,900,2,932,242,0,242,1174
03/18/2003,DAB,FL,ASO,ES,Towers with Radar,12,16,277,3,308,0,0,801,5,806,12,16,1078,8,1114,203,0,203,1317
03/19/2003,DAB,FL,ASO,ES,Towers with Radar,11,15,299,3,328,0,0,1139,1,1140,11,15,1438,4,1468,303,0,303,1771
03/20/2003,DAB,FL,ASO,ES,Towers with Radar,10,12,171,0,193,4,15,377,0,396,14,27,548,0,589,194,0,194,783
03/21/2003,DAB,FL,ASO,ES,Towers with Radar,11,14,194,2,221,6,2,734,4,746,17,16,928,6,967,167,0,167,1134
03/22/2003,DAB,FL,ASO,ES,Towers with Radar,12,19,260,2,293,0,2,733,3,738,12,21,993,5,1031,122,0,122,1153
03/23/2003,DAB,FL,ASO,ES,Towers with Radar,11,13,178,2,204,4,1,30,1,36,15,14,208,3,240,47,0,47,287
03/24/2003,DAB,FL,ASO,ES,Towers with Radar,14,13,233,2,262,0,0,790,0,790,14,13,1023,2,1052,165,0,165,1217
03/25/2003,DAB,FL,ASO,ES,Towers with Radar,6,0,104,0,110,8,0,824,0,832,14,0,928,0,942,239,0,239,1181
03/26/2003,DAB,FL,ASO,ES,Towers with Radar,15,8,246,2,271,0,0,803,0,803,15,8,1049,2,1074,271,0,271,1345
03/27/2003,DAB,FL,ASO,ES,Towers with Radar,11,15,312,3,341,0,0,956,1,957,11,15,1268,4,1298,312,0,312,1610
03/28/2003,DAB,FL,ASO,ES,Towers with Radar,9,20,282,0,311,0,1,982,0,983,9,21,1264,0,1294,384,0,384,1678
03/29/2003,DAB,FL,ASO,ES,Towers with Radar,11,13,180,2,206,1,5,552,0,558,12,18,732,2,764,177,0,177,941
03/30/2003,DAB,FL,ASO,ES,Towers with Radar,8,11,139,0,158,5,6,213,0,224,13,17,352,0,382,148,0,148,530
03/31/2003,DAB,FL,ASO,ES,Towers with Radar,9,12,153,0,174,2,6,564,0,572,11,18,717,0,746,145,0,145,891
04/01/2003,DAB,FL,ASO,ES,Towers with Radar,10,10,184,0,204,3,5,975,0,983,13,15,1159,0,1187,221,0,221,1408
04/02/2003,DAB,FL,ASO,ES,Towers with Radar,11,11,191,2,215,0,4,955,2,961,11,15,1146,4,1176,291,0,291,1467
04/03/2003,DAB,FL,ASO,ES,Towers with Radar,10,12,209,3,234,0,2,898,1,901,10,14,1107,4,1135,243,0,243,1378
04/04/2003,DAB,FL,ASO,ES,Towers with Radar,12,12,231,3,258,0,0,792,1,793,12,12,1023,4,1051,259,0,259,1310
04/05/2003,DAB,FL,ASO,ES,Towers with Radar,9,8,145,3,165,30,21,97,4,152,39,29,242,7,317,249,0,249,566
04/06/2003,DAB,FL,ASO,ES,Towers with Radar,8,9,165,1,183,2,3,559,0,564,10,12,724,1,747,240,0,240,987
04/07/2003,DAB,FL,ASO,ES,Towers with Radar,9,4,187,3,203,0,0,566,1,567,9,4,753,4,770,159,0,159,929
04/08/2003,DAB,FL,ASO,ES,Towers with Radar,8,9,151,1,169,0,0,507,0,507,8,9,658,1,676,39,0,39,715
04/09/2003,DAB,FL,ASO,ES,Towers with Radar,11,7,190,0,208,0,0,492,0,492,11,7,682,0,700,199,0,199,899
04/10/2003,DAB,FL,ASO,ES,Towers with Radar,9,10,163,2,184,0,2,206,0,208,9,12,369,2,392,15,0,15,407
04/11/2003,DAB,FL,ASO,ES,Towers with Radar,11,13,208,3,235,9,120,164,9,302,20,133,372,12,537,257,0,257,794
04/12/2003,DAB,FL,ASO,ES,Towers with Radar,9,12,186,3,210,1,2,701,11,715,10,14,887,14,925,249,0,249,1174
04/13/2003,DAB,FL,ASO,ES,Towers with Radar,7,10,165,3,185,0,7,742,5,754,7,17,907,8,939,303,0,303,1242
04/14/2003,DAB,FL,ASO,ES,Towers with Radar,10,8,194,3,215,0,0,820,1,821,10,8,1014,4,1036,395,0,395,1431
04/15/2003,DAB,FL,ASO,ES,Towers with Radar,10,13,206,0,229,0,11,687,0,698,10,24,893,0,927,138,0,138,1065
04/16/2003,DAB,FL,ASO,ES,Towers with Radar,10,10,217,0,237,0,0,778,0,778,10,10,995,0,1015,359,0,359,1374
04/17/2003,DAB,FL,ASO,ES,Towers with Radar,10,7,215,1,233,0,0,748,0,748,10,7,963,1,981,319,0,319,1300
04/18/2003,DAB,FL,ASO,ES,Towers with Radar,12,14,228,0,254,10,4,240,0,254,22,18,468,0,508,252,0,252,760
04/19/2003,DAB,FL,ASO,ES,Towers with Radar,10,10,188,0,208,2,0,590,0,592,12,10,778,0,800,227,0,227,1027
04/20/2003,DAB,FL,ASO,ES,Towers with Radar,7,8,140,2,157,2,11,537,5,555,9,19,677,7,712,206,0,206,918
04/21/2003,DAB,FL,ASO,ES,Towers with Radar,10,9,211,0,230,0,0,0,0,0,10,9,211,0,230,306,0,306,536
04/22/2003,DAB,FL,ASO,ES,Towers with Radar,12,4,225,3,244,0,0,699,5,704,12,4,924,8,948,117,0,117,1065
04/23/2003,DAB,FL,ASO,ES,Towers with Radar,8,10,216,3,237,0,0,582,4,586,8,10,798,7,823,364,0,364,1187
04/24/2003,DAB,FL,ASO,ES,Towers with Radar,11,14,247,3,275,0,0,275,2,277,11,14,522,5,552,24,0,24,576
04/25/2003,DAB,FL,ASO,ES,Towers with Radar,7,9,96,1,113,2,0,0,0,2,9,9,96,1,115,233,0,233,348
04/26/2003,DAB,FL,ASO,ES,Towers with Radar,7,9,135,1,152,3,4,342,2,351,10,13,477,3,503,168,0,168,671
04/27/2003,DAB,FL,ASO,ES,Towers with Radar,7,8,145,2,162,1,3,437,0,441,8,11,582,2,603,231,0,231,834
04/28/2003,DAB,FL,ASO,ES,Towers with Radar,10,6,197,0,213,1,0,755,0,756,11,6,952,0,969,330,0,330,1299
04/29/2003,DAB,FL,ASO,ES,Towers with Radar,9,12,211,3,235,0,2,662,1,665,9,14,873,4,900,190,0,190,1090
04/30/2003,DAB,FL,ASO,ES,Towers with Radar,10,12,206,0,228,0,0,440,0,440,10,12,646,0,668,258,0,258,926
05/01/2003,DAB,FL,ASO,ES,Towers with Radar,12,13,304,0,329,3,0,480,0,483,15,13,784,0,812,136,0,136,948
05/02/2003,DAB,FL,ASO,ES,Towers with Radar,9,15,275,3,302,0,0,817,0,817,9,15,1092,3,1119,255,0,255,1374
05/03/2003,DAB,FL,ASO,ES,Towers with Radar,9,13,233,2,257,1,1,766,0,768,10,14,999,2,1025,126,0,126,1151
05/04/2003,DAB,FL,ASO,ES,Towers with Radar,10,13,258,0,281,1,0,786,0,787,11,13,1044,0,1068,116,0,116,1184
05/05/2003,DAB,FL,ASO,ES,Towers with Radar,11,17,301,3,332,0,0,376,0,376,11,17,677,3,708,40,0,40,748
05/06/2003,DAB,FL,ASO,ES,Towers with Radar,9,13,233,2,257,1,1,609,0,611,10,14,842,2,868,204,0,204,1072
05/07/2003,DAB,FL,ASO,ES,Towers with Radar,8,11,197,3,219,0,2,395,0,397,8,13,592,3,616,299,0,299,915
05/08/2003,DAB,FL,ASO,ES,Towers with Radar,8,11,199,0,218,2,9,465,0,476,10,20,664,0,694,34,0,34,728
05/09/2003,DAB,FL,ASO,ES,Towers with Radar,9,11,235,3,258,0,0,735,5,740,9,11,970,8,998,258,0,258,1256
05/10/2003,DAB,FL,ASO,ES,Towers with Radar,8,15,279,1,303,0,3,994,0,997,8,18,1273,1,1300,247,0,247,1547
05/11/2003,DAB,FL,ASO,ES,Towers with Radar,10,16,292,2,320,0,0,985,0,985,10,16,1277,2,1305,394,0,394,1699
05/12/2003,DAB,FL,ASO,ES,Towers with Radar,9,16,281,3,309,0,4,969,2,975,9,20,1250,5,1284,301,0,301,1585
05/13/2003,DAB,FL,ASO,ES,Towers with Radar,12,14,308,0,334,1,0,718,0,719,13,14,1026,0,1053,238,0,238,1291
05/14/2003,DAB,FL,ASO,ES,Towers with Radar,8,14,251,2,275,0,1,596,0,597,8,15,847,2,872,143,0,143,1015
05/15/2003,DAB,FL,ASO,ES,Towers with Radar,7,8,169,2,186,5,0,530,0,535,12,8,699,2,721,169,0,169,890
05/16/2003,DAB,FL,ASO,ES,Towers with Radar,9,15,272,2,298,0,4,740,1,745,9,19,1012,3,1043,359,0,359,1402
05/17/2003,DAB,FL,ASO,ES,Towers with Radar,7,15,308,2,332,0,0,880,0,880,7,15,1188,2,1212,271,0,271,1483
05/18/2003,DAB,FL,ASO,ES,Towers with Radar,8,17,285,2,312,0,3,921,4,928,8,20,1206,6,1240,252,0,252,1492
05/19/2003,DAB,FL,ASO,ES,Towers with Radar,7,16,267,2,292,0,1,804,18,823,7,17,1071,20,1115,245,0,245,1360
05/20/2003,DAB,FL,ASO,ES,Towers with Radar,7,13,215,1,236,0,6,617,0,623,7,19,832,1,859,314,0,314,1173
05/21/2003,DAB,FL,ASO,ES,Towers with Radar,8,14,312,3,337,0,0,633,6,639,8,14,945,9,976,306,0,306,1282
05/22/2003,DAB,FL,ASO,ES,Towers with Radar,8,14,239,0,261,0,1,674,0,675,8,15,913,0,936,249,0,249,1185
05/23/2003,DAB,FL,ASO,ES,Towers with Radar,10,16,267,2,295,0,2,895,0,897,10,18,1162,2,1192,304,0,304,1496
05/24/2003,DAB,FL,ASO,ES,Towers with Radar,10,8,274,2,294,2,0,866,0,868,12,8,1140,2,1162,217,0,217,1379
05/25/2003,DAB,FL,ASO,ES,Towers with Radar,10,13,269,0,292,1,0,597,0,598,11,13,866,0,890,233,0,233,1123
05/26/2003,DAB,FL,ASO,ES,Towers with Radar,9,17,291,3,320,0,0,617,1,618,9,17,908,4,938,251,0,251,1189
05/27/2003,DAB,FL,ASO,ES,Towers with Radar,6,10,172,1,189,6,13,404,0,423,12,23,576,1,612,135,0,135,747
05/28/2003,DAB,FL,ASO,ES,Towers with Radar,6,10,161,1,178,6,1,399,4,410,12,11,560,5,588,183,0,183,771
05/29/2003,DAB,FL,ASO,ES,Towers with Radar,8,13,227,2,250,1,1,646,2,650,9,14,873,4,900,190,0,190,1090
05/30/2003,DAB,FL,ASO,ES,Towers with Radar,8,12,221,0,241,2,0,425,0,427,10,12,646,0,668,258,0,258,926
05/31/2003,DAB,FL,ASO,ES,Towers with Radar,12,8,369,2,391,0,0,358,0,358,12,8,727,2,749,323,0,323,1072
06/01/2003,DAB,FL,ASO,ES,Towers with Radar,11,4,178,2,195,2,0,260,2,264,13,4,438,4,459,225,0,225,684
06/02/2003,DAB,FL,ASO,ES,Towers with Radar,7,5,122,2,136,5,1,569,1,576,12,6,691,3,712,179,0,179,891
06/03/2003,DAB,FL,ASO,ES,Towers with Radar,10,9,207,2,228,0,0,785,2,787,10,9,992,4,1015,299,0,299,1314
06/04/2003,DAB,FL,ASO,ES,Towers with Radar,8,8,234,0,250,0,0,833,0,833,8,8,1067,0,1083,329,0,329,1412
06/05/2003,DAB,FL,ASO,ES,Towers with Radar,12,6,223,1,242,1,0,496,0,497,13,6,719,1,739,222,0,222,961
06/06/2003,DAB,FL,ASO,ES,Towers with Radar,11,7,211,0,229,1,0,442,0,443,12,7,653,0,672,247,0,247,919
06/07/2003,DAB,FL,ASO,ES,Towers with Radar,7,7,130,0,144,1,11,292,0,304,8,18,422,0,448,119,0,119,567
06/08/2003,DAB,FL,ASO,ES,Towers with Radar,7,7,134,0,148,4,7,181,0,192,11,14,315,0,340,142,0,142,482
06/09/2003,DAB,FL,ASO,ES,Towers with Radar,10,6,205,1,222,4,0,500,3,507,14,6,705,4,729,330,0,330,1059
06/10/2003,DAB,FL,ASO,ES,Towers with Radar,9,6,220,2,237,0,0,791,2,793,9,6,1011,4,1030,185,0,185,1215
06/11/2003,DAB,FL,ASO,ES,Towers with Radar,9,9,194,1,213,0,0,570,3,573,9,9,764,4,786,250,0,250,1036
06/12/2003,DAB,FL,ASO,ES,Towers with Radar,8,8,162,1,179,5,0,344,1,350,13,8,506,2,529,121,0,121,650
06/13/2003,DAB,FL,ASO,ES,Towers with Radar,9,12,235,1,257,0,4,308,0,312,9,16,543,1,569,161,0,161,730
06/14/2003,DAB,FL,ASO,ES,Towers with Radar,11,12,230,1,254,0,2,606,0,608,11,14,836,1,862,255,0,255,1117
06/15/2003,DAB,FL,ASO,ES,Towers with Radar,9,10,199,1,219,0,6,223,10,239,9,16,422,11,458,72,0,72,530
06/16/2003,DAB,FL,ASO,ES,Towers with Radar,8,8,163,0,179,1,0,564,0,565,9,8,727,0,744,89,0,89,833
06/17/2003,DAB,FL,ASO,ES,Towers with Radar,10,5,209,1,225,2,0,667,3,672,12,5,876,4,897,186,0,186,1083
06/18/2003,DAB,FL,ASO,ES,Towers with Radar,8,5,161,0,174,0,0,348,0,348,8,5,509,0,522,70,0,70,592
06/19/2003,DAB,FL,ASO,ES,Towers with Radar,11,3,219,0,233,3,0,281,0,284,14,3,500,0,517,72,0,72,589
06/20/2003,DAB,FL,ASO,ES,Towers with Radar,10,8,239,0,257,0,0,210,0,210,10,8,449,0,467,3,6,9,476
06/21/2003,DAB,FL,ASO,ES,Towers with Radar,9,11,217,0,237,0,4,50,0,54,9,15,267,0,291,12,0,12,303
06/22/2003,DAB,FL,ASO,ES,Towers with Radar,7,7,140,0,154,3,8,52,0,63,10,15,192,0,217,33,0,33,250
06/23/2003,DAB,FL,ASO,ES,Towers with Radar,14,7,262,3,286,0,0,681,0,681,14,7,943,3,967,123,0,123,1090
06/24/2003,DAB,FL,ASO,ES,Towers with Radar,11,5,233,0,249,0,0,689,0,689,11,5,922,0,938,195,0,195,1133
06/25/2003,DAB,FL,ASO,ES,Towers with Radar,12,10,236,0,258,0,0,612,0,612,12,10,848,0,870,191,0,191,1061
06/26/2003,DAB,FL,ASO,ES,Towers with Radar,7,10,219,2,238,0,6,570,0,576,7,16,789,2,814,307,0,307,1121
06/27/2003,DAB,FL,ASO,ES,Towers with Radar,9,12,260,2,283,0,2,507,0,509,9,14,767,2,792,179,0,179,971
06/28/2003,DAB,FL,ASO,ES,Towers with Radar,9,10,226,3,248,0,4,642,0,646,9,14,868,3,894,174,0,174,1068
06/29/2003,DAB,FL,ASO,ES,Towers with Radar,8,9,188,2,207,0,1,488,2,491,8,10,676,4,698,84,0,84,782
06/30/2003,DAB,FL,ASO,ES,Towers with Radar,11,9,197,2,219,2,2,403,3,410,13,11,600,5,629,167,0,167,796
07/01/2003,DAB,FL,ASO,ES,Towers with Radar,12,9,169,3,193,0,0,405,2,407,12,9,574,5,600,171,0,171,771
07/02/2003,DAB,FL,ASO,ES,Towers with Radar,12,15,159,2,188,3,0,608,2,613,15,15,767,4,801,157,0,157,958
07/03/2003,DAB,FL,ASO,ES,Towers with Radar,12,8,195,1,216,0,0,394,0,394,12,8,589,1,610,280,0,280,890
07/04/2003,DAB,FL,ASO,ES,Towers with Radar,13,6,141,8,168,0,0,235,2,237,13,6,376,10,405,43,0,43,448
07/05/2003,DAB,FL,ASO,ES,Towers with Radar,13,19,171,7,210,0,0,241,0,241,13,19,412,7,451,34,0,34,485
07/06/2003,DAB,FL,ASO,ES,Towers with Radar,14,9,266,6,295,0,0,285,0,285,14,9,551,6,580,55,0,55,635
07/07/2003,DAB,FL,ASO,ES,Towers with Radar,11,9,199,3,222,0,0,460,1,461,11,9,659,4,683,148,0,148,831
07/08/2003,DAB,FL,ASO,ES,Towers with Radar,9,17,200,0,226,0,0,685,0,685,9,17,885,0,911,187,0,187,1098
07/09/2003,DAB,FL,ASO,ES,Towers with Radar,12,6,174,3,195,0,0,540,2,542,12,6,714,5,737,148,0,148,885
07/10/2003,DAB,FL,ASO,ES,Towers with Radar,11,8,166,2,187,0,0,551,0,551,11,8,717,2,738,175,0,175,913
07/11/2003,DAB,FL,ASO,ES,Towers with Radar,12,6,166,0,184,0,0,418,0,418,12,6,584,0,602,19,0,19,621
07/12/2003,DAB,FL,ASO,ES,Towers with Radar,17,14,92,0,123,1,0,241,1,243,18,14,333,1,366,65,0,65,431
07/13/2003,DAB,FL,ASO,ES,Towers with Radar,7,14,97,2,120,5,1,181,3,190,12,15,278,5,310,90,0,90,400
07/14/2003,DAB,FL,ASO,ES,Towers with Radar,12,5,162,2,181,1,0,356,3,360,13,5,518,5,541,163,0,163,704
07/15/2003,DAB,FL,ASO,ES,Towers with Radar,12,18,82,2,114,27,231,0,2,260,39,249,82,4,374,148,0,148,522
07/16/2003,DAB,FL,ASO,ES,Towers with Radar,11,8,203,1,223,0,0,549,0,549,11,8,752,1,772,183,0,183,955
07/17/2003,DAB,FL,ASO,ES,Towers with Radar,13,7,231,2,253,0,0,599,0,599,13,7,830,2,852,157,0,157,1009
07/18/2003,DAB,FL,ASO,ES,Towers with Radar,11,4,197,0,212,0,0,473,0,473,11,4,670,0,685,129,0,129,814
07/19/2003,DAB,FL,ASO,ES,Towers with Radar,9,7,122,1,139,1,0,288,3,292,10,7,410,4,431,135,0,135,566
07/20/2003,DAB,FL,ASO,ES,Towers with Radar,9,13,124,1,147,7,0,306,1,314,16,13,430,2,461,104,0,104,565
07/21/2003,DAB,FL,ASO,ES,Towers with Radar,12,8,168,1,189,0,0,525,3,528,12,8,693,4,717,159,0,159,876
07/22/2003,DAB,FL,ASO,ES,Towers with Radar,9,7,130,1,147,0,0,438,3,441,9,7,568,4,588,222,0,222,810
07/23/2003,DAB,FL,ASO,ES,Towers with Radar,14,4,125,0,143,0,0,406,0,406,14,4,531,0,549,150,0,150,699
07/24/2003,DAB,FL,ASO,ES,Towers with Radar,8,13,177,0,198,0,0,651,0,651,8,13,828,0,849,179,0,179,1028
07/25/2003,DAB,FL,ASO,ES,Towers with Radar,12,3,175,0,190,0,0,278,2,280,12,3,453,2,470,89,0,89,559
07/26/2003,DAB,FL,ASO,ES,Towers with Radar,9,9,176,2,196,0,0,363,0,363,9,9,539,2,559,147,0,147,706
07/27/2003,DAB,FL,ASO,ES,Towers with Radar,9,8,120,0,137,2,0,370,0,372,11,8,490,0,509,289,0,289,798
07/28/2003,DAB,FL,ASO,ES,Towers with Radar,14,6,139,0,159,0,0,433,1,434,14,6,572,1,593,153,0,153,746
07/29/2003,DAB,FL,ASO,ES,Towers with Radar,10,14,168,1,193,0,0,528,0,528,10,14,696,1,721,233,0,233,954
07/30/2003,DAB,FL,ASO,ES,Towers with Radar,11,10,103,2,126,0,0,407,0,407,11,10,510,2,533,196,0,196,729
07/31/2003,DAB,FL,ASO,ES,Towers with Radar,10,7,189,0,206,0,0,406,0,406,10,7,595,0,612,252,0,252,864
08/01/2003,DAB,FL,ASO,ES,Towers with Radar,9,7,120,0,136,1,5,447,0,453,10,12,567,0,589,84,0,84,673
08/02/2003,DAB,FL,ASO,ES,Towers with Radar,10,7,129,0,146,3,5,283,2,293,13,12,412,2,439,95,0,95,534
08/03/2003,DAB,FL,ASO,ES,Towers with Radar,11,10,168,0,189,2,3,230,0,235,13,13,398,0,424,175,0,175,599
08/04/2003,DAB,FL,ASO,ES,Towers with Radar,10,4,139,0,153,4,0,505,5,514,14,4,644,5,667,246,0,246,913
08/05/2003,DAB,FL,ASO,ES,Towers with Radar,10,7,153,0,170,4,0,378,0,382,14,7,531,0,552,107,0,107,659
08/06/2003,DAB,FL,ASO,ES,Towers with Radar,12,8,181,1,202,0,0,446,1,447,12,8,627,2,649,236,0,236,885
08/07/2003,DAB,FL,ASO,ES,Towers with Radar,10,7,152,0,169,1,0,347,0,348,11,7,499,0,517,266,0,266,783
08/08/2003,DAB,FL,ASO,ES,Towers with Radar,10,6,149,0,165,1,0,342,1,344,11,6,491,1,509,241,0,241,750
08/09/2003,DAB,FL,ASO,ES,Towers with Radar,9,10,160,1,180,0,0,231,5,236,9,10,391,6,416,104,0,104,520
08/10/2003,DAB,FL,ASO,ES,Towers with Radar,10,10,154,0,174,4,3,177,0,184,14,13,331,0,358,33,0,33,391
08/11/2003,DAB,FL,ASO,ES,Towers with Radar,12,6,177,0,195,2,0,365,0,367,14,6,542,0,562,184,0,184,746
08/12/2003,DAB,FL,ASO,ES,Towers with Radar,10,5,161,0,176,0,0,346,0,346,10,5,507,0,522,83,0,83,605
08/13/2003,DAB,FL,ASO,ES,Towers with Radar,8,7,167,1,183,0,0,550,1,551,8,7,717,2,734,214,0,214,948
08/14/2003,DAB,FL,ASO,ES,Towers with Radar,10,4,158,1,173,2,0,232,0,234,12,4,390,1,407,146,0,146,553
08/15/2003,DAB,FL,ASO,ES,Towers with Radar,10,6,148,1,165,0,0,371,3,374,10,6,519,4,539,119,0,119,658
08/16/2003,DAB,FL,ASO,ES,Towers with Radar,12,10,176,2,200,1,0,288,1,290,13,10,464,3,490,132,0,132,622
08/17/2003,DAB,FL,ASO,ES,Towers with Radar,8,9,210,0,227,0,0,794,0,794,8,9,1004,0,1021,232,0,232,1253
08/18/2003,DAB,FL,ASO,ES,Towers with Radar,9,6,140,0,155,5,0,327,0,332,14,6,467,0,487,209,0,209,696
08/19/2003,DAB,FL,ASO,ES,Towers with Radar,7,11,189,0,207,0,8,862,0,870,7,19,1051,0,1077,268,0,268,1345
08/20/2003,DAB,FL,ASO,ES,Towers with Radar,8,11,197,0,216,0,0,770,0,770,8,11,967,0,986,164,0,164,1150
08/21/2003,DAB,FL,ASO,ES,Towers with Radar,11,7,168,0,186,0,0,401,0,401,11,7,569,0,587,141,0,141,728
08/22/2003,DAB,FL,ASO,ES,Towers with Radar,7,7,125,0,139,0,8,705,0,713,7,15,830,0,852,242,0,242,1094
08/23/2003,DAB,FL,ASO,ES,Towers with Radar,11,9,161,0,181,4,3,208,0,215,15,12,369,0,396,127,0,127,523
08/24/2003,DAB,FL,ASO,ES,Towers with Radar,7,9,155,0,171,0,1,464,0,465,7,10,619,0,636,181,0,181,817
08/25/2003,DAB,FL,ASO,ES,Towers with Radar,7,12,206,0,225,0,7,520,0,527,7,19,726,0,752,148,0,148,900
08/26/2003,DAB,FL,ASO,ES,Towers with Radar,6,8,167,2,183,0,0,393,4,397,6,8,560,6,580,43,0,43,623
08/27/2003,DAB,FL,ASO,ES,Towers with Radar,11,4,176,1,192,2,0,399,0,401,13,4,575,1,593,258,0,258,851
08/28/2003,DAB,FL,ASO,ES,Towers with Radar,7,9,145,0,161,0,12,803,0,815,7,21,948,0,976,185,0,185,1161
08/29/2003,DAB,FL,ASO,ES,Towers with Radar,7,7,126,0,140,0,4,771,0,775,7,11,897,0,915,228,0,228,1143
08/30/2003,DAB,FL,ASO,ES,Towers with Radar,11,8,158,0,177,2,0,276,0,278,13,8,434,0,455,135,0,135,590
08/31/2003,DAB,FL,ASO,ES,Towers with Radar,9,7,125,0,141,6,0,155,0,161,15,7,280,0,302,16,0,16,318
09/01/2003,DAB,FL,ASO,ES,Towers with Radar,6,6,146,1,159,2,0,168,0,170,8,6,314,1,329,142,0,142,471
09/02/2003,DAB,FL,ASO,ES,Towers with Radar,6,6,131,0,143,5,0,456,1,462,11,6,587,1,605,68,0,68,673
09/03/2003,DAB,FL,ASO,ES,Towers with Radar,7,10,150,0,167,6,3,414,0,423,13,13,564,0,590,266,0,266,856
09/04/2003,DAB,FL,ASO,ES,Towers with Radar,6,10,135,1,152,6,0,217,3,226,12,10,352,4,378,172,0,172,550
09/05/2003,DAB,FL,ASO,ES,Towers with Radar,6,12,179,1,198,0,6,398,0,404,6,18,577,1,602,189,0,189,791
09/06/2003,DAB,FL,ASO,ES,Towers with Radar,8,11,203,1,223,0,0,465,2,467,8,11,668,3,690,127,0,127,817
09/07/2003,DAB,FL,ASO,ES,Towers with Radar,6,10,164,0,180,0,5,379,0,384,6,15,543,0,564,106,0,106,670
09/08/2003,DAB,FL,ASO,ES,Towers with Radar,9,11,193,1,214,4,0,265,2,271,13,11,458,3,485,209,0,209,694
09/09/2003,DAB,FL,ASO,ES,Towers with Radar,9,14,220,1,244,0,5,577,2,584,9,19,797,3,828,248,0,248,1076
09/10/2003,DAB,FL,ASO,ES,Towers with Radar,6,12,194,1,213,0,3,645,0,648,6,15,839,1,861,171,0,171,1032
09/11/2003,DAB,FL,ASO,ES,Towers with Radar,10,7,208,1,226,2,0,537,11,550,12,7,745,12,776,192,0,192,968
09/12/2003,DAB,FL,ASO,ES,Towers with Radar,10,10,191,0,211,1,0,656,0,657,11,10,847,0,868,277,0,277,1145
09/13/2003,DAB,FL,ASO,ES,Towers with Radar,8,7,186,1,202,0,0,531,1,532,8,7,717,2,734,214,0,214,948
09/14/2003,DAB,FL,ASO,ES,Towers with Radar,7,11,171,0,189,0,7,479,0,486,7,18,650,0,675,119,0,119,794
09/15/2003,DAB,FL,ASO,ES,Towers with Radar,14,4,177,1,196,0,0,537,1,538,14,4,714,2,734,181,0,181,915
09/16/2003,DAB,FL,ASO,ES,Towers with Radar,10,9,212,0,231,1,0,800,0,801,11,9,1012,0,1032,176,0,176,1208
09/17/2003,DAB,FL,ASO,ES,Towers with Radar,8,9,233,0,250,0,0,771,0,771,8,9,1004,0,1021,232,0,232,1253
09/18/2003,DAB,FL,ASO,ES,Towers with Radar,7,11,185,2,205,0,0,915,4,919,7,11,1100,6,1124,330,0,330,1454
09/19/2003,DAB,FL,ASO,ES,Towers with Radar,12,21,270,5,308,0,0,784,0,784,12,21,1054,5,1092,321,0,321,1413
09/20/2003,DAB,FL,ASO,ES,Towers with Radar,8,11,218,0,237,0,0,749,0,749,8,11,967,0,986,164,0,164,1150
09/21/2003,DAB,FL,ASO,ES,Towers with Radar,4,9,165,0,178,0,7,792,0,799,4,16,957,0,977,253,0,253,1230
09/22/2003,DAB,FL,ASO,ES,Towers with Radar,14,5,172,1,192,0,0,688,0,688,14,5,860,1,880,267,0,267,1147
09/23/2003,DAB,FL,ASO,ES,Towers with Radar,7,6,151,0,164,4,0,648,0,652,11,6,799,0,816,169,0,169,985
09/24/2003,DAB,FL,ASO,ES,Towers with Radar,11,5,208,2,226,0,0,609,0,609,11,5,817,2,835,213,0,213,1048
09/25/2003,DAB,FL,ASO,ES,Towers with Radar,7,13,229,0,249,0,6,497,0,503,7,19,726,0,752,148,0,148,900
09/26/2003,DAB,FL,ASO,ES,Towers with Radar,6,8,185,1,200,0,0,375,5,380,6,8,560,6,580,43,0,43,623
09/27/2003,DAB,FL,ASO,ES,Towers with Radar,9,10,214,1,234,0,0,753,3,756,9,10,967,4,990,161,0,161,1151
09/28/2003,DAB,FL,ASO,ES,Towers with Radar,7,10,160,0,177,0,11,788,0,799,7,21,948,0,976,185,0,185,1161
09/29/2003,DAB,FL,ASO,ES,Towers with Radar,6,9,139,0,154,1,2,758,0,761,7,11,897,0,915,228,0,228,1143
09/30/2003,DAB,FL,ASO,ES,Towers with Radar,9,8,187,1,205,1,0,292,3,296,10,8,479,4,501,119,0,119,620
10/01/2003,DAB,FL,ASO,ES,Towers with Radar,10,4,186,2,202,2,0,210,0,212,12,4,396,2,414,51,0,51,465
10/02/2003,DAB,FL,ASO,ES,Towers with Radar,12,9,213,0,234,0,0,543,0,543,12,9,756,0,777,123,0,123,900
10/03/2003,DAB,FL,ASO,ES,Towers with Radar,13,11,261,0,285,0,1,664,0,665,13,12,925,0,950,313,0,313,1263
10/04/2003,DAB,FL,ASO,ES,Towers with Radar,8,11,250,2,271,0,0,892,0,892,8,11,1142,2,1163,279,0,279,1442
10/05/2003,DAB,FL,ASO,ES,Towers with Radar,9,7,163,0,179,5,9,612,0,626,14,16,775,0,805,110,0,110,915
10/06/2003,DAB,FL,ASO,ES,Towers with Radar,12,5,213,3,233,2,0,742,0,744,14,5,955,3,977,240,0,240,1217
10/07/2003,DAB,FL,ASO,ES,Towers with Radar,8,9,214,3,234,0,1,676,1,678,8,10,890,4,912,216,0,216,1128
10/08/2003,DAB,FL,ASO,ES,Towers with Radar,12,4,212,0,228,1,0,749,0,750,13,4,961,0,978,241,0,241,1219
10/09/2003,DAB,FL,ASO,ES,Towers with Radar,10,6,252,0,268,0,0,825,0,825,10,6,1077,0,1093,245,0,245,1338
10/10/2003,DAB,FL,ASO,ES,Towers with Radar,8,10,240,1,259,0,2,522,0,524,8,12,762,1,783,375,0,375,1158
10/11/2003,DAB,FL,ASO,ES,Towers with Radar,8,9,236,3,256,0,0,622,0,622,8,9,858,3,878,278,0,278,1156
10/12/2003,DAB,FL,ASO,ES,Towers with Radar,10,8,185,1,204,1,5,690,2,698,11,13,875,3,902,182,0,182,1084
10/13/2003,DAB,FL,ASO,ES,Towers with Radar,11,5,196,2,214,3,0,585,1,589,14,5,781,3,803,196,0,196,999
10/14/2003,DAB,FL,ASO,ES,Towers with Radar,8,8,197,2,215,0,4,533,2,539,8,12,730,4,754,167,0,167,921
10/15/2003,DAB,FL,ASO,ES,Towers with Radar,10,6,204,1,221,1,0,669,0,670,11,6,873,1,891,53,0,53,944
10/16/2003,DAB,FL,ASO,ES,Towers with Radar,12,7,238,2,259,1,0,873,0,874,13,7,1111,2,1133,190,0,190,1323
10/17/2003,DAB,FL,ASO,ES,Towers with Radar,8,12,262,2,284,0,3,642,4,649,8,15,904,6,933,17,0,17,950
10/18/2003,DAB,FL,ASO,ES,Towers with Radar,6,11,229,2,248,0,3,891,12,906,6,14,1120,14,1154,262,0,262,1416
10/19/2003,DAB,FL,ASO,ES,Towers with Radar,9,8,177,1,195,22,5,448,0,475,31,13,625,1,670,93,0,93,763
10/20/2003,DAB,FL,ASO,ES,Towers with Radar,10,5,196,0,211,4,0,724,0,728,14,5,920,0,939,243,0,243,1182
10/21/2003,DAB,FL,ASO,ES,Towers with Radar,10,8,192,0,210,1,0,792,0,793,11,8,984,0,1003,284,0,284,1287
10/22/2003,DAB,FL,ASO,ES,Towers with Radar,10,10,205,2,227,4,0,548,0,552,14,10,753,2,779,138,0,138,917
10/23/2003,DAB,FL,ASO,ES,Towers with Radar,11,10,216,2,239,1,0,756,1,758,12,10,972,3,997,264,0,264,1261
10/24/2003,DAB,FL,ASO,ES,Towers with Radar,11,8,309,1,329,0,0,605,0,605,11,8,914,1,934,139,0,139,1073
10/25/2003,DAB,FL,ASO,ES,Towers with Radar,8,10,339,3,360,0,0,783,9,792,8,10,1122,12,1152,219,0,219,1371
10/26/2003,DAB,FL,ASO,ES,Towers with Radar,9,11,227,2,249,0,2,399,2,403,9,13,626,4,652,258,0,258,910
10/27/2003,DAB,FL,ASO,ES,Towers with Radar,8,7,156,1,172,6,0,598,2,606,14,7,754,3,778,22,0,22,800
10/28/2003,DAB,FL,ASO,ES,Towers with Radar,8,7,158,1,174,2,6,307,4,319,10,13,465,5,493,23,0,23,516
10/29/2003,DAB,FL,ASO,ES,Towers with Radar,10,11,253,2,276,0,4,781,0,785,10,15,1034,2,1061,221,0,221,1282
10/30/2003,DAB,FL,ASO,ES,Towers with Radar,12,10,238,3,263,1,5,760,0,766,13,15,998,3,1029,254,0,254,1283
10/31/2003,DAB,FL,ASO,ES,Towers with Radar,12,8,231,0,251,0,0,730,0,730,12,8,961,0,981,272,0,272,1253
11/01/2003,DAB,FL,ASO,ES,Towers with Radar,9,11,194,2,216,3,2,450,1,456,12,13,644,3,672,129,0,129,801
11/02/2003,DAB,FL,ASO,ES,Towers with Radar,7,10,170,2,189,0,6,793,0,799,7,16,963,2,988,197,0,197,1185
11/03/2003,DAB,FL,ASO,ES,Towers with Radar,8,10,170,0,188,8,26,130,0,164,16,36,300,0,352,121,0,121,473
11/04/2003,DAB,FL,ASO,ES,Towers with Radar,6,12,217,0,235,0,0,994,0,994,6,12,1211,0,1229,359,0,359,1588
11/05/2003,DAB,FL,ASO,ES,Towers with Radar,10,12,217,1,240,12,0,341,7,360,22,12,558,8,600,280,0,280,880
11/06/2003,DAB,FL,ASO,ES,Towers with Radar,6,8,140,0,154,3,9,218,0,230,9,17,358,0,384,62,0,62,446
11/07/2003,DAB,FL,ASO,ES,Towers with Radar,11,15,263,2,291,1,13,302,5,321,12,28,565,7,612,63,4,67,679
11/08/2003,DAB,FL,ASO,ES,Towers with Radar,10,6,270,0,286,0,0,1237,0,1237,10,6,1507,0,1523,363,0,363,1886
11/09/2003,DAB,FL,ASO,ES,Towers with Radar,8,9,251,2,270,0,0,836,9,845,8,9,1087,11,1115,175,0,175,1290
11/10/2003,DAB,FL,ASO,ES,Towers with Radar,6,10,166,0,182,0,7,454,0,461,6,17,620,0,643,128,0,128,771
11/11/2003,DAB,FL,ASO,ES,Towers with Radar,9,6,213,1,229,1,0,514,1,516,10,6,727,2,745,95,0,95,840
11/12/2003,DAB,FL,ASO,ES,Towers with Radar,8,10,173,0,191,2,4,295,0,301,10,14,468,0,492,137,0,137,629
11/13/2003,DAB,FL,ASO,ES,Towers with Radar,8,14,323,2,347,0,0,638,7,645,8,14,961,9,992,78,0,78,1070
11/14/2003,DAB,FL,ASO,ES,Towers with Radar,8,13,291,0,312,0,0,1117,0,1117,8,13,1408,0,1429,442,0,442,1871
11/15/2003,DAB,FL,ASO,ES,Towers with Radar,10,14,265,2,291,0,0,1010,2,1012,10,14,1275,4,1303,239,0,239,1542
11/16/2003,DAB,FL,ASO,ES,Towers with Radar,5,8,129,0,142,4,3,97,0,104,9,11,226,0,246,16,0,16,262
11/17/2003,DAB,FL,ASO,ES,Towers with Radar,10,9,254,2,275,3,0,470,0,473,13,9,724,2,748,0,10,10,758
11/18/2003,DAB,FL,ASO,ES,Towers with Radar,11,11,273,1,296,0,0,822,0,822,11,11,1095,1,1118,136,0,136,1254
11/19/2003,DAB,FL,ASO,ES,Towers with Radar,8,14,299,2,323,0,0,1040,2,1042,8,14,1339,4,1365,301,0,301,1666
11/20/2003,DAB,FL,ASO,ES,Towers with Radar,9,7,324,0,340,0,0,947,0,947,9,7,1271,0,1287,224,0,224,1511
11/21/2003,DAB,FL,ASO,ES,Towers with Radar,10,7,267,0,284,0,0,686,0,686,10,7,953,0,970,170,0,170,1140
11/22/2003,DAB,FL,ASO,ES,Towers with Radar,7,11,192,0,210,5,25,645,0,675,12,36,837,0,885,225,0,225,1110
11/23/2003,DAB,FL,ASO,ES,Towers with Radar,8,9,216,0,233,3,0,836,0,839,11,9,1052,0,1072,269,0,269,1341
11/24/2003,DAB,FL,ASO,ES,Towers with Radar,7,10,173,0,190,1,2,436,0,439,8,12,609,0,629,183,0,183,812
11/25/2003,DAB,FL,ASO,ES,Towers with Radar,6,15,241,2,264,0,0,855,4,859,6,15,1096,6,1123,299,0,299,1422
11/26/2003,DAB,FL,ASO,ES,Towers with Radar,9,8,320,2,339,0,0,841,0,841,9,8,1161,2,1180,307,0,307,1487
11/27/2003,DAB,FL,ASO,ES,Towers with Radar,2,4,58,1,65,7,14,7,1,29,9,18,65,2,94,10,0,10,104
11/28/2003,DAB,FL,ASO,ES,Towers with Radar,9,13,302,3,327,0,0,1158,3,1161,9,13,1460,6,1488,216,0,216,1704
11/29/2003,DAB,FL,ASO,ES,Towers with Radar,7,10,169,1,187,3,4,678,0,685,10,14,847,1,872,223,0,223,1095
11/30/2003,DAB,FL,ASO,ES,Towers with Radar,5,8,145,1,159,4,5,259,0,268,9,13,404,1,427,145,0,145,572
12/01/2003,DAB,FL,ASO,ES,Towers with Radar,12,9,153,2,176,3,0,436,1,440,15,9,589,3,616,69,0,69,685
12/02/2003,DAB,FL,ASO,ES,Towers with Radar,13,6,168,0,187,1,0,444,0,445,14,6,612,0,632,82,0,82,714
12/03/2003,DAB,FL,ASO,ES,Towers with Radar,15,15,199,2,231,0,2,532,0,534,15,17,731,2,765,224,0,224,989
12/04/2003,DAB,FL,ASO,ES,Towers with Radar,8,12,199,3,222,0,0,560,3,563,8,12,759,6,785,129,0,129,914
12/05/2003,DAB,FL,ASO,ES,Towers with Radar,10,12,225,1,248,0,0,369,0,369,10,12,594,1,617,227,0,227,844
12/06/2003,DAB,FL,ASO,ES,Towers with Radar,11,12,251,2,276,0,0,127,0,127,11,12,378,2,403,86,0,86,489
12/07/2003,DAB,FL,ASO,ES,Towers with Radar,12,10,180,0,202,0,0,512,0,512,12,10,692,0,714,141,0,141,855
12/08/2003,DAB,FL,ASO,ES,Towers with Radar,13,8,156,1,178,0,0,792,0,792,13,8,948,1,970,203,0,203,1173
12/09/2003,DAB,FL,ASO,ES,Towers with Radar,13,9,189,0,211,0,0,571,0,571,13,9,760,0,782,196,0,196,978
12/10/2003,DAB,FL,ASO,ES,Towers with Radar,10,12,209,0,231,0,0,75,0,75,10,12,284,0,306,45,0,45,351
12/11/2003,DAB,FL,ASO,ES,Towers with Radar,11,8,142,1,162,5,0,544,1,550,16,8,686,2,712,247,0,247,959
12/12/2003,DAB,FL,ASO,ES,Towers with Radar,12,8,252,1,273,0,0,344,0,344,12,8,596,1,617,42,0,42,659
12/13/2003,DAB,FL,ASO,ES,Towers with Radar,11,10,130,0,151,0,6,430,0,436,11,16,560,0,587,158,0,158,745
12/14/2003,DAB,FL,ASO,ES,Towers with Radar,11,11,141,1,164,2,2,337,4,345,13,13,478,5,509,102,0,102,611
12/15/2003,DAB,FL,ASO,ES,Towers with Radar,14,2,169,1,186,0,0,384,1,385,14,2,553,2,571,138,0,138,709
12/16/2003,DAB,FL,ASO,ES,Towers with Radar,9,12,146,1,168,0,3,402,3,408,9,15,548,4,576,26,0,26,602
12/17/2003,DAB,FL,ASO,ES,Towers with Radar,11,10,177,2,200,0,0,405,3,408,11,10,582,5,608,60,0,60,668
12/18/2003,DAB,FL,ASO,ES,Towers with Radar,8,11,151,1,171,0,0,453,2,455,8,11,604,3,626,120,0,120,746
12/19/2003,DAB,FL,ASO,ES,Towers with Radar,10,13,150,1,174,0,7,332,1,340,10,20,482,2,514,20,0,20,534
12/20/2003,DAB,FL,ASO,ES,Towers with Radar,6,8,85,0,99,3,3,164,0,170,9,11,249,0,269,28,0,28,297
12/21/2003,DAB,FL,ASO,ES,Towers with Radar,9,10,120,0,139,1,0,271,0,272,10,10,391,0,411,57,0,57,468
12/22/2003,DAB,FL,ASO,ES,Towers with Radar,7,9,102,1,119,4,6,196,3,209,11,15,298,4,328,26,0,26,354
12/23/2003,DAB,FL,ASO,ES,Towers with Radar,8,10,117,0,135,5,9,122,0,136,13,19,239,0,271,61,0,61,332
12/24/2003,DAB,FL,ASO,ES,Towers with Radar,4,6,65,0,75,10,7,31,1,49,14,13,96,1,124,18,0,18,142
12/25/2003,DAB,FL,ASO,ES,Towers with Radar,3,3,26,1,33,8,10,0,2,20,11,13,26,3,53,2,0,2,55
12/26/2003,DAB,FL,ASO,ES,Towers with Radar,8,8,105,1,122,1,7,55,0,63,9,15,160,1,185,2,0,2,187
12/27/2003,DAB,FL,ASO,ES,Towers with Radar,9,6,126,0,141,0,0,85,0,85,9,6,211,0,226,19,0,19,245
12/28/2003,DAB,FL,ASO,ES,Towers with Radar,8,8,113,2,131,1,4,165,1,171,9,12,278,3,302,0,38,38,340
12/29/2003,DAB,FL,ASO,ES,Towers with Radar,8,8,112,0,128,4,8,84,0,96,12,16,196,0,224,22,0,22,246
12/30/2003,DAB,FL,ASO,ES,Towers with Radar,8,8,113,2,131,3,1,137,1,142,11,9,250,3,273,27,0,27,300
12/31/2003,DAB,FL,ASO,ES,Towers with Radar,8,8,112,2,130,3,9,76,1,89,11,17,188,3,219,48,0,48,267
01/01/2004,DAB,FL,ASO,ES,Towers with Radar,10,10,121,0,141,3,9,120,0,132,13,19,241,0,273,63,0,63,336
01/02/2004,DAB,FL,ASO,ES,Towers with Radar,11,10,133,0,154,3,11,96,0,110,14,21,229,0,264,69,0,69,333
01/03/2004,DAB,FL,ASO,ES,Towers with Radar,10,9,114,0,133,0,7,142,3,152,10,16,256,3,285,60,0,60,345
01/04/2004,DAB,FL,ASO,ES,Towers with Radar,9,8,108,0,125,3,12,86,0,101,12,20,194,0,226,38,0,38,264
01/05/2004,DAB,FL,ASO,ES,Towers with Radar,7,8,91,0,106,7,15,165,2,189,14,23,256,2,295,94,0,94,389
01/06/2004,DAB,FL,ASO,ES,Towers with Radar,7,8,94,0,109,3,5,269,2,279,10,13,363,2,388,44,0,44,432
01/07/2004,DAB,FL,ASO,ES,Towers with Radar,8,8,139,1,156,0,0,341,3,344,8,8,480,4,500,96,0,96,596
01/08/2004,DAB,FL,ASO,ES,Towers with Radar,9,11,166,0,186,0,0,572,0,572,9,11,738,0,758,96,0,96,854
01/09/2004,DAB,FL,ASO,ES,Towers with Radar,10,13,164,1,188,0,0,410,4,414,10,13,574,5,602,19,0,19,621
01/10/2004,DAB,FL,ASO,ES,Towers with Radar,4,6,74,0,84,0,2,233,0,235,4,8,307,0,319,73,0,73,392
01/11/2004,DAB,FL,ASO,ES,Towers with Radar,11,13,150,2,176,5,4,261,4,274,16,17,411,6,450,10,0,10,460
01/12/2004,DAB,FL,ASO,ES,Towers with Radar,11,11,159,0,181,1,0,674,0,675,12,11,833,0,856,182,0,182,1038
01/13/2004,DAB,FL,ASO,ES,Towers with Radar,12,15,166,0,193,15,4,674,0,693,27,19,840,0,886,200,0,200,1086
01/14/2004,DAB,FL,ASO,ES,Towers with Radar,10,10,180,2,202,0,0,890,2,892,10,10,1070,4,1094,178,0,178,1272
01/15/2004,DAB,FL,ASO,ES,Towers with Radar,11,9,183,0,203,0,0,765,0,765,11,9,948,0,968,154,0,154,1122
01/16/2004,DAB,FL,ASO,ES,Towers with Radar,9,11,193,0,213,0,0,870,0,870,9,11,1063,0,1083,353,0,353,1436
01/17/2004,DAB,FL,ASO,ES,Towers with Radar,12,16,169,0,197,2,1,593,0,596,14,17,762,0,793,196,0,196,989
01/18/2004,DAB,FL,ASO,ES,Towers with Radar,8,15,226,0,249,0,0,838,0,838,8,15,1064,0,1087,239,0,239,1326
01/19/2004,DAB,FL,ASO,ES,Towers with Radar,9,12,129,0,150,4,1,754,0,759,13,13,883,0,909,161,0,161,1070
01/20/2004,DAB,FL,ASO,ES,Towers with Radar,13,16,179,0,208,1,0,689,0,690,14,16,868,0,898,143,0,143,1041
01/21/2004,DAB,FL,ASO,ES,Towers with Radar,11,12,155,1,179,1,0,713,0,714,12,12,868,1,893,200,0,200,1093
01/22/2004,DAB,FL,ASO,ES,Towers with Radar,8,10,289,2,309,0,0,774,0,774,8,10,1063,2,1083,278,0,278,1361
01/23/2004,DAB,FL,ASO,ES,Towers with Radar,13,16,177,2,208,2,2,588,0,592,15,18,765,2,800,148,0,148,948
01/24/2004,DAB,FL,ASO,ES,Towers with Radar,9,11,180,2,202,0,0,748,1,749,9,11,928,3,951,151,0,151,1102
01/25/2004,DAB,FL,ASO,ES,Towers with Radar,10,9,194,0,213,0,0,791,0,791,10,9,985,0,1004,154,0,154,1158
01/26/2004,DAB,FL,ASO,ES,Towers with Radar,9,9,124,1,143,3,0,776,2,781,12,9,900,3,924,12,0,12,936
01/27/2004,DAB,FL,ASO,ES,Towers with Radar,10,13,140,0,163,3,4,372,0,379,13,17,512,0,542,94,0,94,636
01/28/2004,DAB,FL,ASO,ES,Towers with Radar,12,13,212,1,238,0,0,867,1,868,12,13,1079,2,1106,350,0,350,1456
01/29/2004,DAB,FL,ASO,ES,Towers with Radar,11,17,212,1,241,0,0,893,2,895,11,17,1105,3,1136,133,0,133,1269
01/30/2004,DAB,FL,ASO,ES,Towers with Radar,14,18,198,0,230,1,7,764,0,772,15,25,962,0,1002,365,0,365,1367
01/31/2004,DAB,FL,ASO,ES,Towers with Radar,12,16,172,1,201,2,5,414,0,421,14,21,586,1,622,146,0,146,768
02/01/2004,DAB,FL,ASO,ES,Towers with Radar,11,16,155,0,182,6,3,29,0,38,17,19,184,0,220,18,0,18,238
02/02/2004,DAB,FL,ASO,ES,Towers with Radar,13,18,210,4,245,0,0,393,1,394,13,18,603,5,639,128,0,128,767
02/03/2004,DAB,FL,ASO,ES,Towers with Radar,15,24,231,1,271,0,5,490,0,495,15,29,721,1,766,251,0,251,1017
02/04/2004,DAB,FL,ASO,ES,Towers with Radar,13,19,264,2,298,0,0,906,0,906,13,19,1170,2,1204,410,0,410,1614
02/05/2004,DAB,FL,ASO,ES,Towers with Radar,8,28,264,3,303,0,0,557,1,558,8,28,821,4,861,119,0,119,980
02/06/2004,DAB,FL,ASO,ES,Towers with Radar,15,21,232,1,269,0,0,377,0,377,15,21,609,1,646,144,0,144,790
02/07/2004,DAB,FL,ASO,ES,Towers with Radar,15,22,226,3,266,2,0,440,4,446,17,22,666,7,712,226,0,226,938
02/08/2004,DAB,FL,ASO,ES,Towers with Radar,14,22,206,3,245,0,16,364,3,383,14,38,570,6,628,201,0,201,829
02/09/2004,DAB,FL,ASO,ES,Towers with Radar,14,18,247,3,282,0,0,1079,0,1079,14,18,1326,3,1361,209,0,209,1570
02/10/2004,DAB,FL,ASO,ES,Towers with Radar,14,18,248,0,280,0,0,850,0,850,14,18,1098,0,1130,355,0,355,1485
02/11/2004,DAB,FL,ASO,ES,Towers with Radar,16,31,334,3,384,0,0,132,0,132,16,31,466,3,516,44,0,44,560
02/12/2004,DAB,FL,ASO,ES,Towers with Radar,15,27,259,3,304,0,11,420,2,433,15,38,679,5,737,88,0,88,825
02/13/2004,DAB,FL,ASO,ES,Towers with Radar,15,33,275,4,327,0,2,0,3,5,15,35,275,7,332,14,0,14,346
02/14/2004,DAB,FL,ASO,ES,Towers with Radar,13,20,189,2,224,7,20,9,4,40,20,40,198,6,264,14,0,14,278
02/15/2004,DAB,FL,ASO,ES,Towers with Radar,12,22,195,3,232,11,29,366,6,412,23,51,561,9,644,0,0,0,644
02/16/2004,DAB,FL,ASO,ES,Towers with Radar,19,31,303,2,355,4,0,451,0,455,23,31,754,2,810,150,0,150,960
02/17/2004,DAB,FL,ASO,ES,Towers with Radar,15,23,244,3,285,0,0,13,0,13,15,23,257,3,298,30,0,30,328
02/18/2004,DAB,FL,ASO,ES,Towers with Radar,14,17,237,0,268,0,0,758,0,758,14,17,995,0,1026,118,0,118,1144
02/19/2004,DAB,FL,ASO,ES,Towers with Radar,13,20,257,4,294,0,0,871,2,873,13,20,1128,6,1167,395,0,395,1562
02/20/2004,DAB,FL,ASO,ES,Towers with Radar,15,18,243,2,278,1,0,814,0,815,16,18,1057,2,1093,362,0,362,1455
02/21/2004,DAB,FL,ASO,ES,Towers with Radar,12,19,174,0,205,3,1,489,0,493,15,20,663,0,698,384,0,384,1082
02/22/2004,DAB,FL,ASO,ES,Towers with Radar,14,19,237,1,271,0,0,696,0,696,14,19,933,1,967,280,0,280,1247
02/23/2004,DAB,FL,ASO,ES,Towers with Radar,7,13,120,0,140,6,2,5,0,13,13,15,125,0,153,20,0,20,173
02/24/2004,DAB,FL,ASO,ES,Towers with Radar,14,20,236,1,271,0,0,834,0,834,14,20,1070,1,1105,324,0,324,1429
02/25/2004,DAB,FL,ASO,ES,Towers with Radar,11,24,221,1,257,0,11,60,0,71,11,35,281,1,328,42,0,42,370
02/26/2004,DAB,FL,ASO,ES,Towers with Radar,15,21,235,3,274,0,0,0,0,0,15,21,235,3,274,33,0,33,307
02/27/2004,DAB,FL,ASO,ES,Towers with Radar,16,26,279,2,323,0,0,59,0,59,16,26,338,2,382,40,0,40,422
02/28/2004,DAB,FL,ASO,ES,Towers with Radar,11,17,182,3,213,7,0,352,11,370,18,17,534,14,583,8,0,8,591
02/29/2004,DAB,FL,ASO,ES,Towers with Radar,12,20,191,3,226,2,0,867,11,880,14,20,1058,14,1106,311,0,311,1417
03/01/2004,DAB,FL,ASO,ES,Towers with Radar,13,16,204,4,237,2,3,816,0,821,15,19,1020,4,1058,156,0,156,1214
03/02/2004,DAB,FL,ASO,ES,Towers with Radar,13,17,208,4,242,1,4,742,7,754,14,21,950,11,996,305,0,305,1301
03/03/2004,DAB,FL,ASO,ES,Towers with Radar,14,18,226,4,262,0,2,782,1,785,14,20,1008,5,1047,184,0,184,1231
03/04/2004,DAB,FL,ASO,ES,Towers with Radar,13,16,205,1,235,1,10,765,0,776,14,26,970,1,1011,282,0,282,1293
03/05/2004,DAB,FL,ASO,ES,Towers with Radar,11,18,220,3,252,0,8,658,19,685,11,26,878,22,937,296,0,296,1233
03/06/2004,DAB,FL,ASO,ES,Towers with Radar,10,15,284,1,310,0,0,1141,0,1141,10,15,1425,1,1451,295,0,295,1746
03/07/2004,DAB,FL,ASO,ES,Towers with Radar,12,16,195,3,226,2,12,285,2,301,14,28,480,5,527,143,0,143,670
03/08/2004,DAB,FL,ASO,ES,Towers with Radar,12,15,190,0,217,3,2,607,0,612,15,17,797,0,829,82,0,82,911
03/09/2004,DAB,FL,ASO,ES,Towers with Radar,11,13,168,0,192,3,3,894,0,900,14,16,1062,0,1092,433,0,433,1525
03/10/2004,DAB,FL,ASO,ES,Towers with Radar,14,16,226,0,256,0,0,751,0,751,14,16,977,0,1007,257,0,257,1264
03/11/2004,DAB,FL,ASO,ES,Towers with Radar,11,18,218,0,247,0,6,881,0,887,11,24,1099,0,1134,345,0,345,1479
03/12/2004,DAB,FL,ASO,ES,Towers with Radar,13,12,208,3,236,2,0,806,6,814,15,12,1014,9,1050,281,0,281,1331
03/13/2004,DAB,FL,ASO,ES,Towers with Radar,11,14,174,3,202,3,6,649,6,664,14,20,823,9,866,247,0,247,1113
03/14/2004,DAB,FL,ASO,ES,Towers with Radar,13,14,206,2,235,2,0,658,0,660,15,14,864,2,895,215,0,215,1110
03/15/2004,DAB,FL,ASO,ES,Towers with Radar,11,14,179,3,207,1,6,311,2,320,12,20,490,5,527,93,0,93,620
03/16/2004,DAB,FL,ASO,ES,Towers with Radar,10,13,145,2,170,3,2,0,4,9,13,15,145,6,179,20,0,20,199
03/17/2004,DAB,FL,ASO,ES,Towers with Radar,12,13,201,2,228,5,0,699,0,704,17,13,900,2,932,242,0,242,1174
03/18/2004,DAB,FL,ASO,ES,Towers with Radar,12,16,251,5,284,0,0,827,3,830,12,16,1078,8,1114,203,0,203,1317
03/19/2004,DAB,FL,ASO,ES,Towers with Radar,11,15,271,4,301,0,0,1167,0,1167,11,15,1438,4,1468,303,0,303,1771
03/20/2004,DAB,FL,ASO,ES,Towers with Radar,9,13,148,3,173,8,5,445,3,461,17,18,593,6,634,168,0,168,802
03/21/2004,DAB,FL,ASO,ES,Towers with Radar,10,15,176,4,205,7,1,752,2,762,17,16,928,6,967,167,0,167,1134
03/22/2004,DAB,FL,ASO,ES,Towers with Radar,12,20,236,5,273,0,1,757,0,758,12,21,993,5,1031,122,0,122,1153
03/23/2004,DAB,FL,ASO,ES,Towers with Radar,11,16,184,4,215,4,5,504,2,515,15,21,688,6,730,65,0,65,795
03/24/2004,DAB,FL,ASO,ES,Towers with Radar,12,13,211,2,238,2,0,812,0,814,14,13,1023,2,1052,165,0,165,1217
03/25/2004,DAB,FL,ASO,ES,Towers with Radar,15,19,498,0,532,0,0,423,0,423,15,19,921,0,955,297,0,297,1252
03/26/2004,DAB,FL,ASO,ES,Towers with Radar,13,8,223,2,246,2,0,826,0,828,15,8,1049,2,1074,271,0,271,1345
03/27/2004,DAB,FL,ASO,ES,Towers with Radar,11,15,283,4,313,0,0,985,0,985,11,15,1268,4,1298,312,0,312,1610
03/28/2004,DAB,FL,ASO,ES,Towers with Radar,9,21,256,0,286,0,0,1008,0,1008,9,21,1264,0,1294,384,0,384,1678
03/29/2004,DAB,FL,ASO,ES,Towers with Radar,9,17,204,4,234,0,4,611,1,616,9,21,815,5,850,151,0,151,1001
03/30/2004,DAB,FL,ASO,ES,Towers with Radar,12,18,205,0,235,0,0,805,0,805,12,18,1010,0,1040,453,0,453,1493
03/31/2004,DAB,FL,ASO,ES,Towers with Radar,8,12,138,0,158,3,6,579,0,588,11,18,717,0,746,145,0,145,891
04/01/2004,DAB,FL,ASO,ES,Towers with Radar,12,14,193,0,219,0,7,620,0,627,12,21,813,0,846,236,0,236,1082
04/02/2004,DAB,FL,ASO,ES,Towers with Radar,11,13,181,3,208,0,2,965,1,968,11,15,1146,4,1176,291,0,291,1467
04/03/2004,DAB,FL,ASO,ES,Towers with Radar,10,14,199,3,226,0,0,908,1,909,10,14,1107,4,1135,243,0,243,1378
04/04/2004,DAB,FL,ASO,ES,Towers with Radar,12,12,220,3,247,0,0,803,1,804,12,12,1023,4,1051,259,0,259,1310
04/05/2004,DAB,FL,ASO,ES,Towers with Radar,12,15,201,3,231,0,2,883,0,885,12,17,1084,3,1116,393,0,393,1509
04/06/2004,DAB,FL,ASO,ES,Towers with Radar,10,15,189,1,215,0,15,751,0,766,10,30,940,1,981,318,0,318,1299
04/07/2004,DAB,FL,ASO,ES,Towers with Radar,9,4,176,3,192,0,0,577,1,578,9,4,753,4,770,159,0,159,929
04/08/2004,DAB,FL,ASO,ES,Towers with Radar,8,9,143,1,161,0,0,515,0,515,8,9,658,1,676,39,0,39,715
04/09/2004,DAB,FL,ASO,ES,Towers with Radar,14,18,241,0,273,1,3,732,0,736,15,21,973,0,1009,420,0,420,1429
04/10/2004,DAB,FL,ASO,ES,Towers with Radar,11,15,194,4,224,4,8,595,1,608,15,23,789,5,832,318,0,318,1150
04/11/2004,DAB,FL,ASO,ES,Towers with Radar,12,16,198,4,230,8,117,174,8,307,20,133,372,12,537,257,0,257,794
04/12/2004,DAB,FL,ASO,ES,Towers with Radar,10,13,177,4,204,0,1,710,10,721,10,14,887,14,925,249,0,249,1174
04/13/2004,DAB,FL,ASO,ES,Towers with Radar,13,16,206,3,238,0,0,741,0,741,13,16,947,3,979,215,0,215,1194
04/14/2004,DAB,FL,ASO,ES,Towers with Radar,11,15,191,1,218,3,6,474,0,483,14,21,665,1,701,126,0,126,827
04/15/2004,DAB,FL,ASO,ES,Towers with Radar,14,14,235,2,265,0,0,868,0,868,14,14,1103,2,1133,271,0,271,1404
04/16/2004,DAB,FL,ASO,ES,Towers with Radar,14,18,236,3,271,1,1,737,0,739,15,19,973,3,1010,359,0,359,1369
04/17/2004,DAB,FL,ASO,ES,Towers with Radar,10,7,204,1,222,0,0,759,0,759,10,7,963,1,981,319,0,319,1300
04/18/2004,DAB,FL,ASO,ES,Towers with Radar,11,15,186,1,213,1,6,510,0,517,12,21,696,1,730,219,0,219,949
04/19/2004,DAB,FL,ASO,ES,Towers with Radar,13,16,207,3,239,2,1,709,3,715,15,17,916,6,954,269,0,269,1223
04/20/2004,DAB,FL,ASO,ES,Towers with Radar,11,15,190,3,219,3,0,765,6,774,14,15,955,9,993,331,0,331,1324
04/21/2004,DAB,FL,ASO,ES,Towers with Radar,13,15,214,0,242,0,0,794,0,794,13,15,1008,0,1036,272,0,272,1308
04/22/2004,DAB,FL,ASO,ES,Towers with Radar,12,4,215,3,234,0,0,709,5,714,12,4,924,8,948,117,0,117,1065
04/23/2004,DAB,FL,ASO,ES,Towers with Radar,8,10,205,3,226,0,0,593,4,597,8,10,798,7,823,364,0,364,1187
04/24/2004,DAB,FL,ASO,ES,Towers with Radar,11,14,235,3,263,0,0,287,2,289,11,14,522,5,552,24,0,24,576
04/25/2004,DAB,FL,ASO,ES,Towers with Radar,10,13,164,1,188,2,12,421,0,435,12,25,585,1,623,143,0,143,766
04/26/2004,DAB,FL,ASO,ES,Towers with Radar,7,10,128,2,147,3,3,349,1,356,10,13,477,3,503,168,0,168,671
04/27/2004,DAB,FL,ASO,ES,Towers with Radar,8,10,138,2,158,0,1,444,0,445,8,11,582,2,603,231,0,231,834
04/28/2004,DAB,FL,ASO,ES,Towers with Radar,11,6,187,0,204,0,0,765,0,765,11,6,952,0,969,330,0,330,1299
04/29/2004,DAB,FL,ASO,ES,Towers with Radar,9,14,201,3,227,0,0,672,1,673,9,14,873,4,900,190,0,190,1090
04/30/2004,DAB,FL,ASO,ES,Towers with Radar,11,15,191,3,220,3,6,309,10,328,14,21,500,13,548,148,0,148,696
05/01/2004,DAB,FL,ASO,ES,Towers with Radar,15,21,463,0,499,0,0,350,0,350,15,21,813,0,849,61,0,61,910
05/02/2004,DAB,FL,ASO,ES,Towers with Radar,9,14,243,2,268,0,1,903,2,906,9,15,1146,4,1174,255,0,255,1429
05/03/2004,DAB,FL,ASO,ES,Towers with Radar,9,12,200,2,223,5,2,907,2,916,14,14,1107,4,1139,95,0,95,1234
05/04/2004,DAB,FL,ASO,ES,Towers with Radar,9,12,204,2,227,1,0,819,2,822,10,12,1023,4,1049,94,0,94,1143
05/05/2004,DAB,FL,ASO,ES,Towers with Radar,10,14,236,2,262,4,3,848,1,856,14,17,1084,3,1118,40,0,40,1158
05/06/2004,DAB,FL,ASO,ES,Towers with Radar,10,16,263,1,290,0,14,677,0,691,10,30,940,1,981,204,0,204,1185
05/07/2004,DAB,FL,ASO,ES,Towers with Radar,8,4,240,2,254,0,0,513,2,515,8,4,753,4,769,299,0,299,1068
05/08/2004,DAB,FL,ASO,ES,Towers with Radar,9,9,206,1,225,1,0,452,0,453,10,9,658,1,678,34,0,34,712
05/09/2004,DAB,FL,ASO,ES,Towers with Radar,9,16,261,0,286,0,5,712,0,717,9,21,973,0,1003,258,0,258,1261
05/10/2004,DAB,FL,ASO,ES,Towers with Radar,8,16,258,2,284,0,7,531,3,541,8,23,789,5,825,247,0,247,1072
05/11/2004,DAB,FL,ASO,ES,Towers with Radar,10,18,291,3,322,0,115,81,9,205,10,133,372,12,527,394,0,394,921
05/12/2004,DAB,FL,ASO,ES,Towers with Radar,10,14,270,4,298,0,0,617,10,627,10,14,887,14,925,301,0,301,1226
05/13/2004,DAB,FL,ASO,ES,Towers with Radar,11,16,287,3,317,2,0,660,0,662,13,16,947,3,979,238,0,238,1217
05/14/2004,DAB,FL,ASO,ES,Towers with Radar,8,16,263,1,288,0,5,402,0,407,8,21,665,1,695,143,0,143,838
05/15/2004,DAB,FL,ASO,ES,Towers with Radar,9,14,230,2,255,3,0,873,0,876,12,14,1103,2,1131,169,0,169,1300
05/16/2004,DAB,FL,ASO,ES,Towers with Radar,10,17,281,3,311,0,2,692,0,694,10,19,973,3,1005,359,0,359,1364
05/17/2004,DAB,FL,ASO,ES,Towers with Radar,11,7,280,1,299,0,0,683,0,683,11,7,963,1,982,271,0,271,1253
05/18/2004,DAB,FL,ASO,ES,Towers with Radar,10,16,248,1,275,0,5,448,0,453,10,21,696,1,728,252,0,252,980
05/19/2004,DAB,FL,ASO,ES,Towers with Radar,8,17,277,4,306,0,0,639,2,641,8,17,916,6,947,245,0,245,1192
05/20/2004,DAB,FL,ASO,ES,Towers with Radar,8,15,242,3,268,0,0,713,6,719,8,15,955,9,987,314,0,314,1301
05/21/2004,DAB,FL,ASO,ES,Towers with Radar,8,14,237,0,259,0,1,771,0,772,8,15,1008,0,1031,306,0,306,1337
05/22/2004,DAB,FL,ASO,ES,Towers with Radar,10,4,241,3,258,0,0,683,5,688,10,4,924,8,946,249,0,249,1195
05/23/2004,DAB,FL,ASO,ES,Towers with Radar,10,10,286,4,310,0,0,512,3,515,10,10,798,7,825,304,0,304,1129
05/24/2004,DAB,FL,ASO,ES,Towers with Radar,11,14,285,4,314,1,0,237,1,239,12,14,522,5,553,217,0,217,770
05/25/2004,DAB,FL,ASO,ES,Towers with Radar,9,13,225,1,248,2,12,360,0,374,11,25,585,1,622,233,0,233,855
05/26/2004,DAB,FL,ASO,ES,Towers with Radar,9,13,235,2,259,2,0,242,1,245,11,13,477,3,504,251,0,251,755
05/27/2004,DAB,FL,ASO,ES,Towers with Radar,7,11,170,1,189,5,0,412,1,418,12,11,582,2,607,135,0,135,742
05/28/2004,DAB,FL,ASO,ES,Towers with Radar,8,6,202,0,216,4,0,750,0,754,12,6,952,0,970,183,0,183,1153
05/29/2004,DAB,FL,ASO,ES,Towers with Radar,9,14,244,2,269,0,0,629,2,631,9,14,873,4,900,190,0,190,1090
05/30/2004,DAB,FL,ASO,ES,Towers with Radar,9,14,222,2,247,1,7,278,11,297,10,21,500,13,544,258,0,258,802
05/31/2004,DAB,FL,ASO,ES,Towers with Radar,5,0,0,0,5,5,0,0,0,5,10,0,0,0,10,200,0,200,210
06/01/2004,DAB,FL,ASO,ES,Towers with Radar,12,9,158,0,179,0,0,463,0,463,12,9,621,0,642,238,0,238,880
06/02/2004,DAB,FL,ASO,ES,Towers with Radar,10,11,120,1,142,3,8,485,0,496,13,19,605,1,638,196,0,196,834
06/03/2004,DAB,FL,ASO,ES,Towers with Radar,10,12,141,1,164,4,5,462,0,471,14,17,603,1,635,140,0,140,775
06/04/2004,DAB,FL,ASO,ES,Towers with Radar,13,8,167,1,189,1,0,408,2,411,14,8,575,3,600,197,0,197,797
06/05/2004,DAB,FL,ASO,ES,Towers with Radar,10,12,135,0,157,4,6,406,0,416,14,18,541,0,573,158,0,158,731
06/06/2004,DAB,FL,ASO,ES,Towers with Radar,9,10,114,1,134,4,5,269,0,278,13,15,383,1,412,154,0,154,566
06/07/2004,DAB,FL,ASO,ES,Towers with Radar,10,12,156,0,178,0,0,599,0,599,10,12,755,0,777,294,0,294,1071
06/08/2004,DAB,FL,ASO,ES,Towers with Radar,15,13,167,0,195,1,4,531,0,536,16,17,698,0,731,224,0,224,955
06/09/2004,DAB,FL,ASO,ES,Towers with Radar,12,14,179,1,206,0,5,488,0,493,12,19,667,1,699,201,0,201,900
06/10/2004,DAB,FL,ASO,ES,Towers with Radar,9,6,200,3,218,0,0,811,1,812,9,6,1011,4,1030,185,0,185,1215
06/11/2004,DAB,FL,ASO,ES,Towers with Radar,14,13,157,0,184,2,1,497,0,500,16,14,654,0,684,282,0,282,966
06/12/2004,DAB,FL,ASO,ES,Towers with Radar,11,11,140,2,164,4,2,356,16,378,15,13,496,18,542,161,0,161,703
06/13/2004,DAB,FL,ASO,ES,Towers with Radar,11,9,120,0,140,3,22,374,0,399,14,31,494,0,539,139,0,139,678
06/14/2004,DAB,FL,ASO,ES,Towers with Radar,15,14,176,0,205,1,2,437,0,440,16,16,613,0,645,187,0,187,832
06/15/2004,DAB,FL,ASO,ES,Towers with Radar,9,15,182,3,209,0,1,240,8,249,9,16,422,11,458,72,0,72,530
06/16/2004,DAB,FL,ASO,ES,Towers with Radar,9,8,147,0,164,0,0,580,0,580,9,8,727,0,744,89,0,89,833
06/17/2004,DAB,FL,ASO,ES,Towers with Radar,15,10,198,0,223,0,0,550,0,550,15,10,748,0,773,323,0,323,1096
06/18/2004,DAB,FL,ASO,ES,Towers with Radar,16,12,204,3,235,0,0,449,0,449,16,12,653,3,684,192,0,192,876
06/19/2004,DAB,FL,ASO,ES,Towers with Radar,14,3,199,0,216,0,0,301,0,301,14,3,500,0,517,72,0,72,589
06/20/2004,DAB,FL,ASO,ES,Towers with Radar,8,8,100,0,116,8,12,117,0,137,16,20,217,0,253,79,0,79,332
06/21/2004,DAB,FL,ASO,ES,Towers with Radar,9,15,196,0,220,0,0,71,0,71,9,15,267,0,291,12,0,12,303
06/22/2004,DAB,FL,ASO,ES,Towers with Radar,11,9,122,1,143,7,0,377,1,385,18,9,499,2,528,115,0,115,643
06/23/2004,DAB,FL,ASO,ES,Towers with Radar,9,8,105,1,123,3,1,456,0,460,12,9,561,1,583,128,0,128,711
06/24/2004,DAB,FL,ASO,ES,Towers with Radar,11,5,212,0,228,0,0,710,0,710,11,5,922,0,938,195,0,195,1133
06/25/2004,DAB,FL,ASO,ES,Towers with Radar,13,13,160,1,187,2,1,421,2,426,15,14,581,3,613,139,0,139,752
06/26/2004,DAB,FL,ASO,ES,Towers with Radar,12,12,146,0,170,4,3,316,0,323,16,15,462,0,493,125,0,125,618
06/27/2004,DAB,FL,ASO,ES,Towers with Radar,11,11,132,1,155,1,0,225,0,226,12,11,357,1,381,108,0,108,489
06/28/2004,DAB,FL,ASO,ES,Towers with Radar,14,14,166,1,195,3,0,545,0,548,17,14,711,1,743,224,0,224,967
06/29/2004,DAB,FL,ASO,ES,Towers with Radar,11,14,181,2,208,0,6,558,2,566,11,20,739,4,774,208,0,208,982
06/30/2004,DAB,FL,ASO,ES,Towers with Radar,13,14,207,0,234,0,0,584,0,584,13,14,791,0,818,192,0,192,1010
07/01/2004,DAB,FL,ASO,ES,Towers with Radar,16,8,195,2,221,0,0,499,0,499,16,8,694,2,720,176,0,176,896
07/02/2004,DAB,FL,ASO,ES,Towers with Radar,17,12,172,2,203,4,2,393,0,399,21,14,565,2,602,109,0,109,711
07/03/2004,DAB,FL,ASO,ES,Towers with Radar,13,9,128,2,152,8,9,254,3,274,21,18,382,5,426,56,0,56,482
07/04/2004,DAB,FL,ASO,ES,Towers with Radar,9,7,98,1,115,12,7,257,1,277,21,14,355,2,392,52,0,52,444
07/05/2004,DAB,FL,ASO,ES,Towers with Radar,13,8,133,0,154,3,0,415,0,418,16,8,548,0,572,144,0,144,716
07/06/2004,DAB,FL,ASO,ES,Towers with Radar,11,11,146,1,169,0,9,429,0,438,11,20,575,1,607,165,0,165,772
07/07/2004,DAB,FL,ASO,ES,Towers with Radar,15,8,135,0,158,2,0,365,0,367,17,8,500,0,525,63,0,63,588
07/08/2004,DAB,FL,ASO,ES,Towers with Radar,13,13,184,2,212,0,0,408,0,408,13,13,592,2,620,138,0,138,758
07/09/2004,DAB,FL,ASO,ES,Towers with Radar,17,10,190,3,220,0,0,440,8,448,17,10,630,11,668,273,0,273,941
07/10/2004,DAB,FL,ASO,ES,Towers with Radar,14,7,128,2,151,3,0,395,15,413,17,7,523,17,564,148,1,149,713
07/11/2004,DAB,FL,ASO,ES,Towers with Radar,11,7,100,1,119,7,4,121,7,139,18,11,221,8,258,40,0,40,298
07/12/2004,DAB,FL,ASO,ES,Towers with Radar,16,11,175,3,205,0,0,318,8,326,16,11,493,11,531,222,0,222,753
07/13/2004,DAB,FL,ASO,ES,Towers with Radar,17,2,168,0,187,0,0,413,0,413,17,2,581,0,600,137,0,137,737
07/14/2004,DAB,FL,ASO,ES,Towers with Radar,15,6,154,1,176,0,0,486,0,486,15,6,640,1,662,140,0,140,802
07/15/2004,DAB,FL,ASO,ES,Towers with Radar,15,10,151,3,179,0,8,326,1,335,15,18,477,4,514,91,0,91,605
07/16/2004,DAB,FL,ASO,ES,Towers with Radar,14,10,150,0,174,0,3,394,0,397,14,13,544,0,571,177,0,177,748
07/17/2004,DAB,FL,ASO,ES,Towers with Radar,12,7,113,0,132,1,5,206,0,212,13,12,319,0,344,133,0,133,477
07/18/2004,DAB,FL,ASO,ES,Towers with Radar,12,7,105,0,124,8,9,182,0,199,20,16,287,0,323,83,0,83,406
07/19/2004,DAB,FL,ASO,ES,Towers with Radar,17,8,155,3,183,1,0,202,1,204,18,8,357,4,387,78,0,78,465
07/20/2004,DAB,FL,ASO,ES,Towers with Radar,13,12,189,4,218,0,0,361,0,361,13,12,550,4,579,195,0,195,774
07/21/2004,DAB,FL,ASO,ES,Towers with Radar,17,10,172,0,199,0,0,410,0,410,17,10,582,0,609,148,0,148,757
07/22/2004,DAB,FL,ASO,ES,Towers with Radar,13,8,187,3,211,0,0,389,0,389,13,8,576,3,600,169,0,169,769
07/23/2004,DAB,FL,ASO,ES,Towers with Radar,18,2,169,4,193,1,0,489,2,492,19,2,658,6,685,274,0,274,959
07/24/2004,DAB,FL,ASO,ES,Towers with Radar,16,9,147,3,175,3,2,326,0,331,19,11,473,3,506,77,0,77,583
07/25/2004,DAB,FL,ASO,ES,Towers with Radar,13,7,119,3,142,5,0,240,1,246,18,7,359,4,388,90,0,90,478
07/26/2004,DAB,FL,ASO,ES,Towers with Radar,13,8,149,0,170,0,0,491,0,491,13,8,640,0,661,150,0,150,811
07/27/2004,DAB,FL,ASO,ES,Towers with Radar,14,8,129,0,151,2,2,482,0,486,16,10,611,0,637,145,0,145,782
07/28/2004,DAB,FL,ASO,ES,Towers with Radar,18,5,177,1,201,0,0,383,0,383,18,5,560,1,584,107,0,107,691
07/29/2004,DAB,FL,ASO,ES,Towers with Radar,15,10,185,0,210,0,0,414,0,414,15,10,599,0,624,180,0,180,804
07/30/2004,DAB,FL,ASO,ES,Towers with Radar,14,8,192,0,214,0,0,469,0,469,14,8,661,0,683,191,0,191,874
07/31/2004,DAB,FL,ASO,ES,Towers with Radar,16,10,150,2,178,1,2,169,10,182,17,12,319,12,360,113,0,113,473
08/01/2004,DAB,FL,ASO,ES,Towers with Radar,14,7,94,1,116,2,2,82,5,91,16,9,176,6,207,0,0,0,207
08/02/2004,DAB,FL,ASO,ES,Towers with Radar,18,5,132,2,157,0,0,149,3,152,18,5,281,5,309,0,0,0,309
08/03/2004,DAB,FL,ASO,ES,Towers with Radar,19,6,126,2,153,0,0,163,0,163,19,6,289,2,316,0,0,0,316
08/04/2004,DAB,FL,ASO,ES,Towers with Radar,17,7,144,0,168,0,0,179,0,179,17,7,323,0,347,0,0,0,347
08/05/2004,DAB,FL,ASO,ES,Towers with Radar,18,7,152,0,177,0,0,191,0,191,18,7,343,0,368,0,0,0,368
08/06/2004,DAB,FL,ASO,ES,Towers with Radar,18,8,148,1,175,0,0,218,0,218,18,8,366,1,393,85,0,85,478
08/07/2004,DAB,FL,ASO,ES,Towers with Radar,16,8,103,1,128,3,1,5,0,9,19,9,108,1,137,8,0,8,145
08/08/2004,DAB,FL,ASO,ES,Towers with Radar,15,7,98,1,121,2,1,11,2,16,17,8,109,3,137,9,0,9,146
08/09/2004,DAB,FL,ASO,ES,Towers with Radar,17,7,148,2,174,0,0,726,2,728,17,7,874,4,902,171,0,171,1073
08/10/2004,DAB,FL,ASO,ES,Towers with Radar,18,12,168,2,200,0,0,873,1,874,18,12,1041,3,1074,162,0,162,1236
08/11/2004,DAB,FL,ASO,ES,Towers with Radar,14,6,131,2,153,0,0,585,0,585,14,6,716,2,738,80,4,84,822
08/12/2004,DAB,FL,ASO,ES,Towers with Radar,18,9,125,2,154,0,0,325,7,332,18,9,450,9,486,60,0,60,546
08/13/2004,DAB,FL,ASO,ES,Towers with Radar,5,3,34,0,42,9,1,40,1,51,14,4,74,1,93,20,0,20,113
08/14/2004,DAB,FL,ASO,ES,Towers with Radar,5,3,35,0,43,14,6,24,5,49,19,9,59,5,92,0,0,0,92
08/15/2004,DAB,FL,ASO,ES,Towers with Radar,8,3,57,0,68,8,12,19,0,39,16,15,76,0,107,0,0,0,107
08/16/2004,DAB,FL,ASO,ES,Towers with Radar,15,6,94,0,115,4,1,113,0,118,19,7,207,0,233,59,0,59,292
08/17/2004,DAB,FL,ASO,ES,Towers with Radar,18,4,109,0,131,0,0,455,0,455,18,4,564,0,586,0,0,0,586
08/18/2004,DAB,FL,ASO,ES,Towers with Radar,16,7,106,2,131,0,5,374,0,379,16,12,480,2,510,0,0,0,510
08/19/2004,DAB,FL,ASO,ES,Towers with Radar,23,7,143,1,174,19,0,350,0,369,42,7,493,1,543,0,0,0,543
08/20/2004,DAB,FL,ASO,ES,Towers with Radar,17,8,127,3,155,0,9,470,5,484,17,17,597,8,639,137,0,137,776
08/21/2004,DAB,FL,ASO,ES,Towers with Radar,15,6,90,2,113,1,2,218,3,224,16,8,308,5,337,27,0,27,364
08/22/2004,DAB,FL,ASO,ES,Towers with Radar,14,5,85,1,105,30,5,558,0,593,44,10,643,1,698,0,0,0,698
08/23/2004,DAB,FL,ASO,ES,Towers with Radar,17,7,106,1,131,2,0,571,0,573,19,7,677,1,704,103,0,103,807
08/24/2004,DAB,FL,ASO,ES,Towers with Radar,17,8,133,0,158,0,0,802,0,802,17,8,935,0,960,155,0,155,1115
08/25/2004,DAB,FL,ASO,ES,Towers with Radar,18,4,130,0,152,0,0,374,0,374,18,4,504,0,526,102,0,102,628
08/26/2004,DAB,FL,ASO,ES,Towers with Radar,19,8,133,3,163,0,0,1486,0,1486,19,8,1619,3,1649,104,0,104,1753
08/27/2004,DAB,FL,ASO,ES,Towers with Radar,18,10,145,3,176,0,2,741,0,743,18,12,886,3,919,89,0,89,1008
08/28/2004,DAB,FL,ASO,ES,Towers with Radar,14,6,88,2,110,3,1,553,3,560,17,7,641,5,670,0,0,0,670
08/29/2004,DAB,FL,ASO,ES,Towers with Radar,14,5,84,1,104,3,7,329,0,339,17,12,413,1,443,50,0,50,493
08/30/2004,DAB,FL,ASO,ES,Towers with Radar,16,6,101,1,124,3,0,442,1,446,19,6,543,2,570,86,0,86,656
08/31/2004,DAB,FL,ASO,ES,Towers with Radar,2,0,6,0,8,0,0,253,0,253,2,0,259,0,261,86,0,86,347
09/01/2004,DAB,FL,ASO,ES,Towers with Radar,16,8,103,2,129,0,6,244,4,254,16,14,347,6,383,76,0,76,459
09/02/2004,DAB,FL,ASO,ES,Towers with Radar,12,10,124,2,148,0,10,85,0,95,12,20,209,2,243,4,0,4,247
09/03/2004,DAB,FL,ASO,ES,Towers with Radar,0,0,0,0,0,0,0,16,0,16,0,0,16,0,16,3,0,3,19
09/04/2004,DAB,FL,ASO,ES,Towers with Radar,0,0,0,0,0,0,0,0,0,0,0,0,0,0,0,0,0,0,0
09/05/2004,DAB,FL,ASO,ES,Towers with Radar,0,0,0,0,0,0,0,0,0,0,0,0,0,0,0,0,0,0,0
09/06/2004,DAB,FL,ASO,ES,Towers with Radar,0,0,4,0,4,0,0,0,1,1,0,0,4,1,5,0,0,0,5
09/07/2004,DAB,FL,ASO,ES,Towers with Radar,10,4,54,0,68,4,11,17,2,34,14,15,71,2,102,0,0,0,102
09/08/2004,DAB,FL,ASO,ES,Towers with Radar,16,5,82,1,104,2,0,110,6,118,18,5,192,7,222,0,0,0,222
09/09/2004,DAB,FL,ASO,ES,Towers with Radar,16,6,82,1,105,2,0,47,0,49,18,6,129,1,154,0,0,0,154
09/10/2004,DAB,FL,ASO,ES,Towers with Radar,14,6,75,1,96,3,2,86,1,92,17,8,161,2,188,6,0,6,194
09/11/2004,DAB,FL,ASO,ES,Towers with Radar,14,5,67,0,86,3,2,85,0,90,17,7,152,0,176,23,0,23,199
09/12/2004,DAB,FL,ASO,ES,Towers with Radar,12,5,57,0,74,4,3,31,0,38,16,8,88,0,112,0,0,0,112
09/13/2004,DAB,FL,ASO,ES,Towers with Radar,14,4,65,0,83,5,0,52,0,57,19,4,117,0,140,12,0,12,152
09/14/2004,DAB,FL,ASO,ES,Towers with Radar,13,5,63,0,81,0,1,109,1,111,13,6,172,1,192,10,0,10,202
09/15/2004,DAB,FL,ASO,ES,Towers with Radar,14,5,81,1,101,0,0,142,1,143,14,5,223,2,244,18,0,18,262
09/16/2004,DAB,FL,ASO,ES,Towers with Radar,14,3,80,1,98,0,0,95,2,97,14,3,175,3,195,10,0,10,205
09/17/2004,DAB,FL,ASO,ES,Towers with Radar,18,7,89,1,115,1,0,221,1,223,19,7,310,2,338,22,0,22,360
09/18/2004,DAB,FL,ASO,ES,Towers with Radar,14,4,67,0,85,9,2,224,0,235,23,6,291,0,320,43,0,43,363
09/19/2004,DAB,FL,ASO,ES,Towers with Radar,14,4,66,0,84,4,0,171,0,175,18,4,237,0,259,46,0,46,305
09/20/2004,DAB,FL,ASO,ES,Towers with Radar,13,2,63,1,79,5,0,32,2,39,18,2,95,3,118,14,0,14,132
09/21/2004,DAB,FL,ASO,ES,Towers with Radar,17,3,101,2,123,0,0,270,5,275,17,3,371,7,398,38,0,38,436
09/22/2004,DAB,FL,ASO,ES,Towers with Radar,17,9,122,2,150,0,3,589,0,592,17,12,711,2,742,181,0,181,923
09/23/2004,DAB,FL,ASO,ES,Towers with Radar,16,8,121,0,145,0,0,599,0,599,16,8,720,0,744,159,0,159,903
09/24/2004,DAB,FL,ASO,ES,Towers with Radar,17,6,113,1,137,0,0,256,0,256,17,6,369,1,393,63,0,63,456
09/25/2004,DAB,FL,ASO,ES,Towers with Radar,9,3,45,1,58,5,0,39,1,45,14,3,84,2,103,4,0,4,107
09/26/2004,DAB,FL,ASO,ES,Towers with Radar,0,0,0,0,0,0,0,0,0,0,0,0,0,0,0,0,0,0,0
09/27/2004,DAB,FL,ASO,ES,Towers with Radar,6,2,30,1,39,4,0,64,0,68,10,2,94,1,107,8,0,8,115
09/28/2004,DAB,FL,ASO,ES,Towers with Radar,17,5,81,2,105,0,3,315,5,323,17,8,396,7,428,107,0,107,535
09/29/2004,DAB,FL,ASO,ES,Towers with Radar,22,5,106,1,134,5,0,684,0,689,27,5,790,1,823,163,0,163,986
09/30/2004,DAB,FL,ASO,ES,Towers with Radar,25,6,131,1,163,0,0,859,0,859,25,6,990,1,1022,327,0,327,1349
10/01/2004,DAB,FL,ASO,ES,Towers with Radar,20,6,106,0,132,0,0,532,0,532,20,6,638,0,664,188,0,188,852
10/02/2004,DAB,FL,ASO,ES,Towers with Radar,16,6,106,0,128,0,0,595,1,596,16,6,701,1,724,160,0,160,884
10/03/2004,DAB,FL,ASO,ES,Towers with Radar,21,8,97,2,128,0,0,449,0,449,21,8,546,2,577,109,0,109,686
10/04/2004,DAB,FL,ASO,ES,Towers with Radar,16,5,130,0,151,0,0,718,0,718,16,5,848,0,869,205,0,205,1074
10/05/2004,DAB,FL,ASO,ES,Towers with Radar,16,10,157,1,184,0,0,551,0,551,16,10,708,1,735,219,0,219,954
10/06/2004,DAB,FL,ASO,ES,Towers with Radar,17,2,164,2,185,0,0,609,0,609,17,2,773,2,794,279,0,279,1073
10/07/2004,DAB,FL,ASO,ES,Towers with Radar,17,23,174,1,215,0,0,602,0,602,17,23,776,1,817,257,0,257,1074
10/08/2004,DAB,FL,ASO,ES,Towers with Radar,17,6,202,0,225,0,0,452,0,452,17,6,654,0,677,182,0,182,859
10/09/2004,DAB,FL,ASO,ES,Towers with Radar,17,10,142,0,169,0,0,699,0,699,17,10,841,0,868,229,0,229,1097
10/10/2004,DAB,FL,ASO,ES,Towers with Radar,18,10,158,0,186,0,0,556,0,556,18,10,714,0,742,157,0,157,899
10/11/2004,DAB,FL,ASO,ES,Towers with Radar,11,10,171,0,192,0,0,299,0,299,11,10,470,0,491,116,0,116,607
10/12/2004,DAB,FL,ASO,ES,Towers with Radar,13,8,158,2,181,0,0,628,0,628,13,8,786,2,809,304,0,304,1113
10/13/2004,DAB,FL,ASO,ES,Towers with Radar,20,4,165,0,189,0,0,619,0,619,20,4,784,0,808,264,0,264,1072
10/14/2004,DAB,FL,ASO,ES,Towers with Radar,18,13,133,1,165,0,0,841,0,841,18,13,974,1,1006,287,0,287,1293
10/15/2004,DAB,FL,ASO,ES,Towers with Radar,18,7,105,8,138,0,1,598,0,599,18,8,703,8,737,127,0,127,864
10/16/2004,DAB,FL,ASO,ES,Towers with Radar,19,8,74,4,105,0,0,394,1,395,19,8,468,5,500,130,0,130,630
10/17/2004,DAB,FL,ASO,ES,Towers with Radar,18,6,123,3,150,0,0,625,1,626,18,6,748,4,776,220,0,220,996
10/18/2004,DAB,FL,ASO,ES,Towers with Radar,21,8,163,0,192,0,0,602,0,602,21,8,765,0,794,182,0,182,976
10/19/2004,DAB,FL,ASO,ES,Towers with Radar,12,13,142,5,172,0,0,596,0,596,12,13,738,5,768,341,0,341,1109
10/20/2004,DAB,FL,ASO,ES,Towers with Radar,23,9,162,0,194,0,0,594,0,594,23,9,756,0,788,275,0,275,1063
10/21/2004,DAB,FL,ASO,ES,Towers with Radar,15,8,247,1,271,0,0,549,0,549,15,8,796,1,820,190,0,190,1010
10/22/2004,DAB,FL,ASO,ES,Towers with Radar,15,14,176,1,206,0,0,557,1,558,15,14,733,2,764,175,0,175,939
10/23/2004,DAB,FL,ASO,ES,Towers with Radar,15,11,135,5,166,0,0,592,0,592,15,11,727,5,758,126,0,126,884
10/24/2004,DAB,FL,ASO,ES,Towers with Radar,16,14,131,1,162,0,0,642,1,643,16,14,773,2,805,215,0,215,1020
10/25/2004,DAB,FL,ASO,ES,Towers with Radar,19,4,187,0,210,0,0,716,0,716,19,4,903,0,926,341,0,341,1267
10/26/2004,DAB,FL,ASO,ES,Towers with Radar,15,8,183,3,209,0,0,678,0,678,15,8,861,3,887,320,0,320,1207
10/27/2004,DAB,FL,ASO,ES,Towers with Radar,16,5,177,3,201,0,0,869,0,869,16,5,1046,3,1070,288,0,288,1358
10/28/2004,DAB,FL,ASO,ES,Towers with Radar,17,10,190,6,223,0,0,660,0,660,17,10,850,6,883,286,0,286,1169
10/29/2004,DAB,FL,ASO,ES,Towers with Radar,17,5,189,4,215,0,0,522,0,522,17,5,711,4,737,220,0,220,957
10/30/2004,DAB,FL,ASO,ES,Towers with Radar,16,10,150,2,178,0,0,557,0,557,16,10,707,2,735,247,0,247,982
10/31/2004,DAB,FL,ASO,ES,Towers with Radar,18,9,101,0,128,0,0,498,0,498,18,9,599,0,626,100,0,100,726
11/01/2004,DAB,FL,ASO,ES,Combined TRACON& Tower with Radar,15,4,120,1,140,0,0,422,2,424,15,4,542,3,564,258,0,258,822
11/02/2004,DAB,FL,ASO,ES,Combined TRACON& Tower with Radar,16,5,54,2,77,0,0,560,0,560,16,5,614,2,637,282,0,282,919
11/03/2004,DAB,FL,ASO,ES,Combined TRACON& Tower with Radar,16,8,68,2,94,0,2,543,0,545,16,10,611,2,639,253,0,253,892
11/04/2004,DAB,FL,ASO,ES,Combined TRACON& Tower with Radar,15,17,98,1,131,0,0,482,3,485,15,17,580,4,616,222,0,222,838
11/05/2004,DAB,FL,ASO,ES,Combined TRACON& Tower with Radar,15,19,111,15,160,0,0,511,0,511,15,19,622,15,671,184,4,188,859
11/06/2004,DAB,FL,ASO,ES,Combined TRACON& Tower with Radar,17,20,54,1,92,0,1,483,3,487,17,21,537,4,579,130,0,130,709
11/07/2004,DAB,FL,ASO,ES,Combined TRACON& Tower with Radar,15,19,59,5,98,0,1,403,0,404,15,20,462,5,502,191,0,191,693
11/08/2004,DAB,FL,ASO,ES,Combined TRACON& Tower with Radar,17,11,53,2,83,0,2,622,0,624,17,13,675,2,707,195,0,195,902
11/09/2004,DAB,FL,ASO,ES,Combined TRACON& Tower with Radar,15,12,120,2,149,0,1,180,2,183,15,13,300,4,332,90,0,90,422
11/10/2004,DAB,FL,ASO,ES,Combined TRACON& Tower with Radar,17,12,108,2,139,0,0,526,2,528,17,12,634,4,667,112,0,112,779
11/11/2004,DAB,FL,ASO,ES,Combined TRACON& Tower with Radar,15,12,161,2,190,0,0,479,0,479,15,12,640,2,669,316,0,316,985
11/12/2004,DAB,FL,ASO,ES,Combined TRACON& Tower with Radar,20,12,50,1,83,0,0,647,0,647,20,12,697,1,730,304,0,304,1034
11/13/2004,DAB,FL,ASO,ES,Combined TRACON& Tower with Radar,18,19,147,0,184,0,2,332,0,334,18,21,479,0,518,337,0,337,855
11/14/2004,DAB,FL,ASO,ES,Combined TRACON& Tower with Radar,15,18,113,0,146,0,1,117,1,119,15,19,230,1,265,114,0,114,379
11/15/2004,DAB,FL,ASO,ES,Combined TRACON& Tower with Radar,16,13,120,6,155,0,0,463,0,463,16,13,583,6,618,310,0,310,928
11/16/2004,DAB,FL,ASO,ES,Combined TRACON& Tower with Radar,17,18,70,0,105,0,0,693,8,701,17,18,763,8,806,223,0,223,1029
11/17/2004,DAB,FL,ASO,ES,Combined TRACON& Tower with Radar,13,23,76,7,119,0,1,717,0,718,13,24,793,7,837,235,0,235,1072
11/18/2004,DAB,FL,ASO,ES,Combined TRACON& Tower with Radar,17,12,76,0,105,0,0,653,6,659,17,12,729,6,764,244,0,244,1008
11/19/2004,DAB,FL,ASO,ES,Combined TRACON& Tower with Radar,15,11,98,5,129,0,8,637,3,648,15,19,735,8,777,401,0,401,1178
11/20/2004,DAB,FL,ASO,ES,Combined TRACON& Tower with Radar,17,14,60,5,96,0,0,506,1,507,17,14,566,6,603,210,0,210,813
11/21/2004,DAB,FL,ASO,ES,Combined TRACON& Tower with Radar,15,16,62,0,93,0,0,484,0,484,15,16,546,0,577,304,0,304,881
11/22/2004,DAB,FL,ASO,ES,Combined TRACON& Tower with Radar,16,15,105,0,136,0,2,541,5,548,16,17,646,5,684,387,0,387,1071
11/23/2004,DAB,FL,ASO,ES,Combined TRACON& Tower with Radar,16,14,91,0,121,0,0,494,0,494,16,14,585,0,615,244,0,244,859
11/24/2004,DAB,FL,ASO,ES,Combined TRACON& Tower with Radar,14,8,68,1,91,3,1,275,4,283,17,9,343,5,374,16,0,16,390
11/25/2004,DAB,FL,ASO,ES,Combined TRACON& Tower with Radar,17,11,23,2,53,0,1,28,0,29,17,12,51,2,82,0,0,0,82
11/26/2004,DAB,FL,ASO,ES,Combined TRACON& Tower with Radar,14,8,53,1,76,0,0,269,0,269,14,8,322,1,345,173,0,173,518
11/27/2004,DAB,FL,ASO,ES,Combined TRACON& Tower with Radar,15,16,56,0,87,0,0,262,0,262,15,16,318,0,349,27,0,27,376
11/28/2004,DAB,FL,ASO,ES,Combined TRACON& Tower with Radar,16,16,112,0,144,0,0,245,0,245,16,16,357,0,389,221,0,221,610
11/29/2004,DAB,FL,ASO,ES,Combined TRACON& Tower with Radar,17,10,79,0,106,0,0,419,0,419,17,10,498,0,525,248,0,248,773
11/30/2004,DAB,FL,ASO,ES,Combined TRACON& Tower with Radar,15,16,61,0,92,0,0,607,0,607,15,16,668,0,699,245,0,245,944
12/01/2004,DAB,FL,ASO,ES,Combined TRACON& Tower with Radar,17,8,114,3,142,0,5,491,1,497,17,13,605,4,639,232,0,232,871
12/02/2004,DAB,FL,ASO,ES,Combined TRACON& Tower with Radar,16,11,153,2,182,0,3,431,0,434,16,14,584,2,616,185,0,185,801
12/03/2004,DAB,FL,ASO,ES,Combined TRACON& Tower with Radar,14,14,71,2,101,0,2,471,0,473,14,16,542,2,574,291,0,291,865
12/04/2004,DAB,FL,ASO,ES,Combined TRACON& Tower with Radar,17,13,69,0,99,0,0,463,1,464,17,13,532,1,563,204,0,204,767
12/05/2004,DAB,FL,ASO,ES,Combined TRACON& Tower with Radar,16,13,66,4,99,0,1,450,2,453,16,14,516,6,552,145,0,145,697
12/06/2004,DAB,FL,ASO,ES,Combined TRACON& Tower with Radar,13,10,62,0,85,0,0,548,1,549,13,10,610,1,634,140,0,140,774
12/07/2004,DAB,FL,ASO,ES,Combined TRACON& Tower with Radar,16,14,89,0,119,0,0,461,2,463,16,14,550,2,582,350,0,350,932
12/08/2004,DAB,FL,ASO,ES,Combined TRACON& Tower with Radar,17,11,97,3,128,0,1,566,4,571,17,12,663,7,699,0,0,0,699
12/09/2004,DAB,FL,ASO,ES,Combined TRACON& Tower with Radar,13,14,106,1,134,0,1,451,3,455,13,15,557,4,589,304,0,304,893
12/10/2004,DAB,FL,ASO,ES,Combined TRACON& Tower with Radar,15,21,109,1,146,0,0,184,0,184,15,21,293,1,330,136,0,136,466
12/11/2004,DAB,FL,ASO,ES,Combined TRACON& Tower with Radar,19,17,66,0,102,0,0,468,2,470,19,17,534,2,572,167,0,167,739
12/12/2004,DAB,FL,ASO,ES,Combined TRACON& Tower with Radar,16,15,49,0,80,0,0,444,0,444,16,15,493,0,524,184,0,184,708
12/13/2004,DAB,FL,ASO,ES,Combined TRACON& Tower with Radar,16,10,52,0,78,0,1,490,3,494,16,11,542,3,572,284,0,284,856
12/14/2004,DAB,FL,ASO,ES,Combined TRACON& Tower with Radar,21,14,79,2,116,0,2,708,0,710,21,16,787,2,826,2,0,2,828
12/15/2004,DAB,FL,ASO,ES,Combined TRACON& Tower with Radar,16,9,71,0,96,0,0,344,0,344,16,9,415,0,440,17,0,17,457
12/16/2004,DAB,FL,ASO,ES,Combined TRACON& Tower with Radar,18,9,144,8,179,0,0,331,6,337,18,9,475,14,516,172,0,172,688
12/17/2004,DAB,FL,ASO,ES,Combined TRACON& Tower with Radar,17,18,187,0,222,0,7,297,0,304,17,25,484,0,526,104,0,104,630
12/18/2004,DAB,FL,ASO,ES,Combined TRACON& Tower with Radar,17,15,61,2,95,0,2,285,4,291,17,17,346,6,386,70,0,70,456
12/19/2004,DAB,FL,ASO,ES,Combined TRACON& Tower with Radar,15,14,45,0,74,0,2,155,0,157,15,16,200,0,231,100,0,100,331
12/20/2004,DAB,FL,ASO,ES,Combined TRACON& Tower with Radar,19,9,41,0,69,0,0,288,6,294,19,9,329,6,363,20,0,20,383
12/21/2004,DAB,FL,ASO,ES,Combined TRACON& Tower with Radar,18,15,34,0,67,0,5,280,1,286,18,20,314,1,353,88,0,88,441
12/22/2004,DAB,FL,ASO,ES,Combined TRACON& Tower with Radar,18,9,60,4,91,0,3,250,5,258,18,12,310,9,349,59,0,59,408
12/23/2004,DAB,FL,ASO,ES,Combined TRACON& Tower with Radar,14,6,21,0,41,0,0,44,0,44,14,6,65,0,85,2,0,2,87
12/24/2004,DAB,FL,ASO,ES,Combined TRACON& Tower with Radar,16,9,30,0,55,0,0,3,0,3,16,9,33,0,58,0,0,0,58
12/25/2004,DAB,FL,ASO,ES,Combined TRACON& Tower with Radar,12,6,12,0,30,0,0,1,0,1,12,6,13,0,31,0,0,0,31
12/26/2004,DAB,FL,ASO,ES,Combined TRACON& Tower with Radar,13,13,55,0,81,0,0,12,0,12,13,13,67,0,93,0,0,0,93
12/27/2004,DAB,FL,ASO,ES,Combined TRACON& Tower with Radar,17,16,47,0,80,0,1,144,2,147,17,17,191,2,227,12,0,12,239
12/28/2004,DAB,FL,ASO,ES,Combined TRACON& Tower with Radar,6,2,14,0,22,0,0,69,0,69,6,2,83,0,91,23,0,23,114
12/29/2004,DAB,FL,ASO,ES,Combined TRACON& Tower with Radar,6,4,20,0,30,0,1,88,0,89,6,5,108,0,119,32,0,32,151
12/30/2004,DAB,FL,ASO,ES,Combined TRACON& Tower with Radar,19,15,41,0,75,0,0,147,0,147,19,15,188,0,222,20,0,20,242
12/31/2004,DAB,FL,ASO,ES,Combined TRACON& Tower with Radar,18,10,40,0,68,0,0,109,0,109,18,10,149,0,177,13,0,13,190
01/01/2005,DAB,FL,ASO,ES,Combined TRACON& Tower with Radar,16,13,29,0,58,0,1,43,0,44,16,14,72,0,102,4,0,4,106
01/02/2005,DAB,FL,ASO,ES,Combined TRACON& Tower with Radar,16,13,61,0,90,0,0,78,0,78,16,13,139,0,168,8,0,8,176
01/03/2005,DAB,FL,ASO,ES,Combined TRACON& Tower with Radar,17,15,50,7,89,0,1,179,2,182,17,16,229,9,271,92,0,92,363
01/04/2005,DAB,FL,ASO,ES,Combined TRACON& Tower with Radar,16,9,52,0,77,0,4,238,0,242,16,13,290,0,319,72,0,72,391
01/05/2005,DAB,FL,ASO,ES,Combined TRACON& Tower with Radar,16,10,50,5,81,0,0,265,0,265,16,10,315,5,346,126,0,126,472
01/06/2005,DAB,FL,ASO,ES,Combined TRACON& Tower with Radar,15,17,78,2,112,0,1,190,1,192,15,18,268,3,304,247,0,247,551
01/07/2005,DAB,FL,ASO,ES,Combined TRACON& Tower with Radar,18,12,109,6,145,0,0,233,4,237,18,12,342,10,382,105,0,105,487
01/08/2005,DAB,FL,ASO,ES,Combined TRACON& Tower with Radar,16,12,66,4,98,0,2,219,1,222,16,14,285,5,320,28,0,28,348
01/09/2005,DAB,FL,ASO,ES,Combined TRACON& Tower with Radar,14,22,60,6,102,0,3,211,1,215,14,25,271,7,317,52,0,52,369
01/10/2005,DAB,FL,ASO,ES,Combined TRACON& Tower with Radar,16,10,138,2,166,0,0,255,3,258,16,10,393,5,424,56,0,56,480
01/11/2005,DAB,FL,ASO,ES,Combined TRACON& Tower with Radar,16,14,97,5,132,0,2,281,7,290,16,16,378,12,422,190,0,190,612
01/12/2005,DAB,FL,ASO,ES,Combined TRACON& Tower with Radar,16,11,63,3,93,0,1,408,0,409,16,12,471,3,502,12,0,12,514
01/13/2005,DAB,FL,ASO,ES,Combined TRACON& Tower with Radar,16,14,138,0,168,0,2,187,0,189,16,16,325,0,357,16,0,16,373
01/14/2005,DAB,FL,ASO,ES,Combined TRACON& Tower with Radar,17,8,120,1,146,0,0,20,0,20,17,8,140,1,166,0,0,0,166
01/15/2005,DAB,FL,ASO,ES,Combined TRACON& Tower with Radar,16,8,111,8,143,0,0,1,0,1,16,8,112,8,144,0,0,0,144
01/16/2005,DAB,FL,ASO,ES,Combined TRACON& Tower with Radar,16,10,114,0,140,0,0,56,0,56,16,10,170,0,196,0,0,0,196
01/17/2005,DAB,FL,ASO,ES,Combined TRACON& Tower with Radar,16,5,141,3,165,0,3,424,0,427,16,8,565,3,592,8,0,8,600
01/18/2005,DAB,FL,ASO,ES,Combined TRACON& Tower with Radar,16,7,63,3,89,0,1,487,4,492,16,8,550,7,581,12,0,12,593
01/19/2005,DAB,FL,ASO,ES,Combined TRACON& Tower with Radar,16,6,90,2,114,0,0,636,6,642,16,6,726,8,756,237,0,237,993
01/20/2005,DAB,FL,ASO,ES,Combined TRACON& Tower with Radar,16,4,83,0,103,0,0,590,0,590,16,4,673,0,693,255,0,255,948
01/21/2005,DAB,FL,ASO,ES,Combined TRACON& Tower with Radar,14,6,100,1,121,0,0,520,2,522,14,6,620,3,643,155,0,155,798
01/22/2005,DAB,FL,ASO,ES,Combined TRACON& Tower with Radar,18,5,109,5,137,0,1,171,0,172,18,6,280,5,309,105,0,105,414
01/23/2005,DAB,FL,ASO,ES,Combined TRACON& Tower with Radar,15,3,53,3,74,0,0,370,3,373,15,3,423,6,447,18,0,18,465
01/24/2005,DAB,FL,ASO,ES,Combined TRACON& Tower with Radar,15,5,88,2,110,0,3,620,1,624,15,8,708,3,734,234,0,234,968
01/25/2005,DAB,FL,ASO,ES,Combined TRACON& Tower with Radar,16,2,78,0,96,0,4,623,0,627,16,6,701,0,723,162,0,162,885
01/26/2005,DAB,FL,ASO,ES,Combined TRACON& Tower with Radar,15,4,95,5,119,0,0,490,0,490,15,4,585,5,609,283,0,283,892
01/27/2005,DAB,FL,ASO,ES,Combined TRACON& Tower with Radar,17,11,239,2,269,0,0,278,1,279,17,11,517,3,548,161,0,161,709
01/28/2005,DAB,FL,ASO,ES,Combined TRACON& Tower with Radar,14,10,181,18,223,0,0,137,0,137,14,10,318,18,360,261,0,261,621
01/29/2005,DAB,FL,ASO,ES,Combined TRACON& Tower with Radar,5,7,60,10,82,0,3,498,10,511,5,10,558,20,593,40,0,40,633
01/30/2005,DAB,FL,ASO,ES,Combined TRACON& Tower with Radar,9,8,69,4,90,0,0,412,2,414,9,8,481,6,504,190,0,190,694
01/31/2005,DAB,FL,ASO,ES,Combined TRACON& Tower with Radar,16,5,192,5,218,0,1,466,0,467,16,6,658,5,685,28,0,28,713
02/01/2005,DAB,FL,ASO,ES,Combined TRACON& Tower with Radar,14,7,210,0,231,0,5,359,3,367,14,12,569,3,598,124,0,124,722
02/02/2005,DAB,FL,ASO,ES,Combined TRACON& Tower with Radar,12,15,283,1,311,0,2,8,0,10,12,17,291,1,321,22,0,22,343
02/03/2005,DAB,FL,ASO,ES,Combined TRACON& Tower with Radar,20,13,124,0,157,0,0,421,0,421,20,13,545,0,578,154,0,154,732
02/04/2005,DAB,FL,ASO,ES,Combined TRACON& Tower with Radar,17,15,228,1,261,0,0,175,0,175,17,15,403,1,436,14,0,14,450
02/05/2005,DAB,FL,ASO,ES,Combined TRACON& Tower with Radar,15,16,101,5,137,0,0,700,0,700,15,16,801,5,837,44,0,44,881
02/06/2005,DAB,FL,ASO,ES,Combined TRACON& Tower with Radar,12,22,119,0,153,0,2,438,0,440,12,24,557,0,593,184,0,184,777
02/07/2005,DAB,FL,ASO,ES,Combined TRACON& Tower with Radar,25,17,231,2,275,0,1,340,0,341,25,18,571,2,616,160,0,160,776
02/08/2005,DAB,FL,ASO,ES,Combined TRACON& Tower with Radar,12,13,92,6,123,0,1,613,3,617,12,14,705,9,740,262,0,262,1002
02/09/2005,DAB,FL,ASO,ES,Combined TRACON& Tower with Radar,15,11,89,5,120,0,0,672,2,674,15,11,761,7,794,253,0,253,1047
02/10/2005,DAB,FL,ASO,ES,Combined TRACON& Tower with Radar,18,9,190,0,217,0,0,383,4,387,18,9,573,4,604,71,0,71,675
02/11/2005,DAB,FL,ASO,ES,Combined TRACON& Tower with Radar,14,15,66,3,98,0,4,646,2,652,14,19,712,5,750,219,0,219,969
02/12/2005,DAB,FL,ASO,ES,Combined TRACON& Tower with Radar,16,9,88,1,114,0,1,599,0,600,16,10,687,1,714,180,0,180,894
02/13/2005,DAB,FL,ASO,ES,Combined TRACON& Tower with Radar,14,5,114,4,137,0,0,565,0,565,14,5,679,4,702,144,0,144,846
02/14/2005,DAB,FL,ASO,ES,Combined TRACON& Tower with Radar,15,6,63,4,88,0,0,562,0,562,15,6,625,4,650,162,0,162,812
02/15/2005,DAB,FL,ASO,ES,Combined TRACON& Tower with Radar,17,7,139,1,164,0,4,695,4,703,17,11,834,5,867,424,0,424,1291
02/16/2005,DAB,FL,ASO,ES,Combined TRACON& Tower with Radar,15,16,126,4,161,0,0,678,1,679,15,16,804,5,840,252,0,252,1092
02/17/2005,DAB,FL,ASO,ES,Combined TRACON& Tower with Radar,16,29,173,3,221,0,9,395,4,408,16,38,568,7,629,85,0,85,714
02/18/2005,DAB,FL,ASO,ES,Combined TRACON& Tower with Radar,15,23,173,5,216,0,5,511,4,520,15,28,684,9,736,217,0,217,953
02/19/2005,DAB,FL,ASO,ES,Combined TRACON& Tower with Radar,28,23,203,6,260,0,0,347,3,350,28,23,550,9,610,82,0,82,692
02/20/2005,DAB,FL,ASO,ES,Combined TRACON& Tower with Radar,19,64,429,5,517,0,1,278,2,281,19,65,707,7,798,4,0,4,802
02/21/2005,DAB,FL,ASO,ES,Combined TRACON& Tower with Radar,16,26,206,5,253,0,0,383,1,384,16,26,589,6,637,300,0,300,937
02/22/2005,DAB,FL,ASO,ES,Combined TRACON& Tower with Radar,14,12,116,5,147,0,0,296,0,296,14,12,412,5,443,170,0,170,613
02/23/2005,DAB,FL,ASO,ES,Combined TRACON& Tower with Radar,14,18,112,0,144,0,1,464,0,465,14,19,576,0,609,215,0,215,824
02/24/2005,DAB,FL,ASO,ES,Combined TRACON& Tower with Radar,14,14,91,6,125,0,0,470,0,470,14,14,561,6,595,191,0,191,786
02/25/2005,DAB,FL,ASO,ES,Combined TRACON& Tower with Radar,14,10,214,1,239,0,0,29,1,30,14,10,243,2,269,58,0,58,327
02/26/2005,DAB,FL,ASO,ES,Combined TRACON& Tower with Radar,16,11,212,8,247,0,0,9,0,9,16,11,221,8,256,6,0,6,262
02/27/2005,DAB,FL,ASO,ES,Combined TRACON& Tower with Radar,12,10,61,0,83,0,0,0,0,0,12,10,61,0,83,0,0,0,83
02/28/2005,DAB,FL,ASO,ES,Combined TRACON& Tower with Radar,14,15,89,8,126,0,0,376,2,378,14,15,465,10,504,183,0,183,687
03/01/2005,DAB,FL,ASO,ES,Combined TRACON& Tower with Radar,17,11,67,0,95,0,2,396,3,401,17,13,463,3,496,180,0,180,676
03/02/2005,DAB,FL,ASO,ES,Combined TRACON& Tower with Radar,14,14,56,2,86,0,1,749,0,750,14,15,805,2,836,111,0,111,947
03/03/2005,DAB,FL,ASO,ES,Combined TRACON& Tower with Radar,14,13,120,0,147,0,0,414,2,416,14,13,534,2,563,328,0,328,891
03/04/2005,DAB,FL,ASO,ES,Combined TRACON& Tower with Radar,14,22,83,5,124,0,2,642,6,650,14,24,725,11,774,224,0,224,998
03/05/2005,DAB,FL,ASO,ES,Combined TRACON& Tower with Radar,16,13,72,1,102,0,0,584,0,584,16,13,656,1,686,171,0,171,857
03/06/2005,DAB,FL,ASO,ES,Combined TRACON& Tower with Radar,14,19,66,1,100,0,0,445,0,445,14,19,511,1,545,352,0,352,897
03/07/2005,DAB,FL,ASO,ES,Combined TRACON& Tower with Radar,13,11,60,1,85,0,0,568,2,570,13,11,628,3,655,361,0,361,1016
03/08/2005,DAB,FL,ASO,ES,Combined TRACON& Tower with Radar,15,13,51,2,81,0,3,127,2,132,15,16,178,4,213,41,0,41,254
03/09/2005,DAB,FL,ASO,ES,Combined TRACON& Tower with Radar,14,9,192,0,215,0,4,286,1,291,14,13,478,1,506,132,0,132,638
03/10/2005,DAB,FL,ASO,ES,Combined TRACON& Tower with Radar,14,17,71,1,103,0,0,733,0,733,14,17,804,1,836,208,0,208,1044
03/11/2005,DAB,FL,ASO,ES,Combined TRACON& Tower with Radar,13,13,71,2,99,0,0,459,3,462,13,13,530,5,561,198,0,198,759
03/12/2005,DAB,FL,ASO,ES,Combined TRACON& Tower with Radar,17,17,85,5,124,0,1,459,1,461,17,18,544,6,585,237,0,237,822
03/13/2005,DAB,FL,ASO,ES,Combined TRACON& Tower with Radar,14,11,67,4,96,0,0,425,1,426,14,11,492,5,522,134,0,134,656
03/14/2005,DAB,FL,ASO,ES,Combined TRACON& Tower with Radar,18,9,104,0,131,0,0,379,2,381,18,9,483,2,512,191,0,191,703
03/15/2005,DAB,FL,ASO,ES,Combined TRACON& Tower with Radar,14,15,211,1,241,0,0,7,0,7,14,15,218,1,248,1,0,1,249
03/16/2005,DAB,FL,ASO,ES,Combined TRACON& Tower with Radar,11,16,124,0,151,0,0,89,0,89,11,16,213,0,240,123,0,123,363
03/17/2005,DAB,FL,ASO,ES,Combined TRACON& Tower with Radar,14,19,127,1,161,0,0,3,0,3,14,19,130,1,164,0,0,0,164
03/18/2005,DAB,FL,ASO,ES,Combined TRACON& Tower with Radar,18,16,206,4,244,0,0,134,0,134,18,16,340,4,378,16,0,16,394
03/19/2005,DAB,FL,ASO,ES,Combined TRACON& Tower with Radar,15,12,84,12,123,0,0,516,0,516,15,12,600,12,639,103,0,103,742
03/20/2005,DAB,FL,ASO,ES,Combined TRACON& Tower with Radar,14,13,79,9,115,0,0,371,0,371,14,13,450,9,486,141,0,141,627
03/21/2005,DAB,FL,ASO,ES,Combined TRACON& Tower with Radar,16,13,130,3,162,0,0,388,2,390,16,13,518,5,552,74,0,74,626
03/22/2005,DAB,FL,ASO,ES,Combined TRACON& Tower with Radar,13,11,140,0,164,0,0,201,0,201,13,11,341,0,365,38,0,38,403
03/23/2005,DAB,FL,ASO,ES,Combined TRACON& Tower with Radar,16,11,88,9,124,0,1,221,0,222,16,12,309,9,346,58,0,58,404
03/24/2005,DAB,FL,ASO,ES,Combined TRACON& Tower with Radar,14,19,107,5,145,0,6,572,0,578,14,25,679,5,723,138,0,138,861
03/25/2005,DAB,FL,ASO,ES,Combined TRACON& Tower with Radar,14,18,135,1,168,0,0,43,0,43,14,18,178,1,211,21,0,21,232
03/26/2005,DAB,FL,ASO,ES,Combined TRACON& Tower with Radar,14,14,56,0,84,0,0,22,0,22,14,14,78,0,106,20,0,20,126
03/27/2005,DAB,FL,ASO,ES,Combined TRACON& Tower with Radar,10,12,40,0,62,0,0,103,0,103,10,12,143,0,165,40,0,40,205
03/28/2005,DAB,FL,ASO,ES,Combined TRACON& Tower with Radar,14,9,48,0,71,0,0,99,1,100,14,9,147,1,171,4,0,4,175
03/29/2005,DAB,FL,ASO,ES,Combined TRACON& Tower with Radar,16,13,64,0,93,0,0,740,2,742,16,13,804,2,835,181,0,181,1016
03/30/2005,DAB,FL,ASO,ES,Combined TRACON& Tower with Radar,14,8,78,0,100,0,0,750,3,753,14,8,828,3,853,249,0,249,1102
03/31/2005,DAB,FL,ASO,ES,Combined TRACON& Tower with Radar,11,12,86,1,110,0,0,627,2,629,11,12,713,3,739,239,0,239,978
04/01/2005,DAB,FL,ASO,ES,Combined TRACON& Tower with Radar,13,12,98,3,126,0,0,566,0,566,13,12,664,3,692,104,0,104,796
04/02/2005,DAB,FL,ASO,ES,Combined TRACON& Tower with Radar,17,13,74,0,104,0,0,168,0,168,17,13,242,0,272,104,0,104,376
04/03/2005,DAB,FL,ASO,ES,Combined TRACON& Tower with Radar,14,16,75,0,105,0,1,387,0,388,14,17,462,0,493,144,0,144,637
04/04/2005,DAB,FL,ASO,ES,Combined TRACON& Tower with Radar,14,12,62,0,88,0,0,657,0,657,14,12,719,0,745,426,0,426,1171
04/05/2005,DAB,FL,ASO,ES,Combined TRACON& Tower with Radar,14,14,61,2,91,0,3,684,1,688,14,17,745,3,779,302,0,302,1081
04/06/2005,DAB,FL,ASO,ES,Combined TRACON& Tower with Radar,14,14,81,4,113,0,0,578,0,578,14,14,659,4,691,150,0,150,841
04/07/2005,DAB,FL,ASO,ES,Combined TRACON& Tower with Radar,11,17,63,0,91,0,0,236,0,236,11,17,299,0,327,16,0,16,343
04/08/2005,DAB,FL,ASO,ES,Combined TRACON& Tower with Radar,16,13,107,3,139,0,0,461,0,461,16,13,568,3,600,459,0,459,1059
04/09/2005,DAB,FL,ASO,ES,Combined TRACON& Tower with Radar,16,11,148,2,177,0,0,468,0,468,16,11,616,2,645,168,0,168,813
04/10/2005,DAB,FL,ASO,ES,Combined TRACON& Tower with Radar,14,11,94,0,119,0,0,417,0,417,14,11,511,0,536,224,0,224,760
04/11/2005,DAB,FL,ASO,ES,Combined TRACON& Tower with Radar,14,8,79,0,101,0,0,646,2,648,14,8,725,2,749,221,0,221,970
04/12/2005,DAB,FL,ASO,ES,Combined TRACON& Tower with Radar,15,14,96,5,130,0,0,674,3,677,15,14,770,8,807,124,0,124,931
04/13/2005,DAB,FL,ASO,ES,Combined TRACON& Tower with Radar,14,8,62,8,92,0,0,462,1,463,14,8,524,9,555,211,0,211,766
04/14/2005,DAB,FL,ASO,ES,Combined TRACON& Tower with Radar,14,11,171,6,202,0,0,404,4,408,14,11,575,10,610,157,0,157,767
04/15/2005,DAB,FL,ASO,ES,Combined TRACON& Tower with Radar,13,11,102,0,126,0,0,256,0,256,13,11,358,0,382,2,0,2,384
04/16/2005,DAB,FL,ASO,ES,Combined TRACON& Tower with Radar,16,14,49,1,80,0,0,237,0,237,16,14,286,1,317,13,0,13,330
04/17/2005,DAB,FL,ASO,ES,Combined TRACON& Tower with Radar,14,14,57,1,86,0,1,335,1,337,14,15,392,2,423,6,0,6,429
04/18/2005,DAB,FL,ASO,ES,Combined TRACON& Tower with Radar,14,9,92,0,115,0,0,694,1,695,14,9,786,1,810,342,0,342,1152
04/19/2005,DAB,FL,ASO,ES,Combined TRACON& Tower with Radar,14,10,75,4,103,0,0,697,2,699,14,10,772,6,802,256,0,256,1058
04/20/2005,DAB,FL,ASO,ES,Combined TRACON& Tower with Radar,14,13,76,0,103,0,0,683,1,684,14,13,759,1,787,305,0,305,1092
04/21/2005,DAB,FL,ASO,ES,Combined TRACON& Tower with Radar,14,12,299,0,325,0,0,446,2,448,14,12,745,2,773,284,0,284,1057
04/22/2005,DAB,FL,ASO,ES,Combined TRACON& Tower with Radar,11,11,87,2,111,0,0,599,0,599,11,11,686,2,710,272,0,272,982
04/23/2005,DAB,FL,ASO,ES,Combined TRACON& Tower with Radar,17,11,58,2,88,0,0,250,0,250,17,11,308,2,338,98,0,98,436
04/24/2005,DAB,FL,ASO,ES,Combined TRACON& Tower with Radar,15,8,85,0,108,0,1,307,0,308,15,9,392,0,416,29,0,29,445
04/25/2005,DAB,FL,ASO,ES,Combined TRACON& Tower with Radar,14,13,56,1,84,0,1,633,0,634,14,14,689,1,718,315,0,315,1033
04/26/2005,DAB,FL,ASO,ES,Combined TRACON& Tower with Radar,13,11,57,0,81,0,0,371,1,372,13,11,428,1,453,197,0,197,650
04/27/2005,DAB,FL,ASO,ES,Combined TRACON& Tower with Radar,15,15,85,0,115,0,0,278,4,282,15,15,363,4,397,201,0,201,598
04/28/2005,DAB,FL,ASO,ES,Combined TRACON& Tower with Radar,12,14,75,0,101,0,4,728,2,734,12,18,803,2,835,250,0,250,1085
04/29/2005,DAB,FL,ASO,ES,Combined TRACON& Tower with Radar,15,10,62,8,95,0,2,657,3,662,15,12,719,11,757,198,0,198,955
04/30/2005,DAB,FL,ASO,ES,Combined TRACON& Tower with Radar,15,9,64,4,92,0,1,308,3,312,15,10,372,7,404,30,0,30,434
05/01/2005,DAB,FL,ASO,ES,Combined TRACON& Tower with Radar,16,15,167,4,202,0,0,88,0,88,16,15,255,4,290,207,0,207,497
05/02/2005,DAB,FL,ASO,ES,Combined TRACON& Tower with Radar,14,11,164,0,189,0,0,371,4,375,14,11,535,4,564,183,0,183,747
05/03/2005,DAB,FL,ASO,ES,Combined TRACON& Tower with Radar,14,12,63,1,90,0,3,608,2,613,14,15,671,3,703,248,0,248,951
05/04/2005,DAB,FL,ASO,ES,Combined TRACON& Tower with Radar,14,11,55,0,80,0,0,60,2,62,14,11,115,2,142,7,0,7,149
05/05/2005,DAB,FL,ASO,ES,Combined TRACON& Tower with Radar,14,8,94,6,122,0,0,33,2,35,14,8,127,8,157,14,0,14,171
05/06/2005,DAB,FL,ASO,ES,Combined TRACON& Tower with Radar,14,10,163,3,190,0,1,85,0,86,14,11,248,3,276,46,0,46,322
05/07/2005,DAB,FL,ASO,ES,Combined TRACON& Tower with Radar,16,10,60,2,88,0,2,359,1,362,16,12,419,3,450,106,0,106,556
05/08/2005,DAB,FL,ASO,ES,Combined TRACON& Tower with Radar,14,11,59,1,85,0,0,303,0,303,14,11,362,1,388,203,0,203,591
05/09/2005,DAB,FL,ASO,ES,Combined TRACON& Tower with Radar,13,14,57,0,84,0,1,428,0,429,13,15,485,0,513,167,0,167,680
05/10/2005,DAB,FL,ASO,ES,Combined TRACON& Tower with Radar,15,9,57,3,84,0,0,466,2,468,15,9,523,5,552,198,0,198,750
05/11/2005,DAB,FL,ASO,ES,Combined TRACON& Tower with Radar,14,17,80,0,111,0,0,366,0,366,14,17,446,0,477,132,0,132,609
05/12/2005,DAB,FL,ASO,ES,Combined TRACON& Tower with Radar,14,12,80,3,109,0,3,460,2,465,14,15,540,5,574,135,0,135,709
05/13/2005,DAB,FL,ASO,ES,Combined TRACON& Tower with Radar,14,14,84,2,114,0,2,389,0,391,14,16,473,2,505,164,0,164,669
05/14/2005,DAB,FL,ASO,ES,Combined TRACON& Tower with Radar,16,9,53,0,78,0,0,360,0,360,16,9,413,0,438,142,0,142,580
05/15/2005,DAB,FL,ASO,ES,Combined TRACON& Tower with Radar,13,11,72,0,96,0,0,311,0,311,13,11,383,0,407,169,0,169,576
05/16/2005,DAB,FL,ASO,ES,Combined TRACON& Tower with Radar,15,9,77,0,101,0,4,471,2,477,15,13,548,2,578,203,0,203,781
05/17/2005,DAB,FL,ASO,ES,Combined TRACON& Tower with Radar,14,8,95,3,120,0,2,464,1,467,14,10,559,4,587,183,0,183,770
05/18/2005,DAB,FL,ASO,ES,Combined TRACON& Tower with Radar,15,9,125,0,149,0,5,365,0,370,15,14,490,0,519,115,0,115,634
05/19/2005,DAB,FL,ASO,ES,Combined TRACON& Tower with Radar,11,9,109,1,130,0,4,483,1,488,11,13,592,2,618,198,0,198,816
05/20/2005,DAB,FL,ASO,ES,Combined TRACON& Tower with Radar,11,12,81,3,107,0,5,435,4,444,11,17,516,7,551,113,0,113,664
05/21/2005,DAB,FL,ASO,ES,Combined TRACON& Tower with Radar,18,10,115,1,144,0,0,146,1,147,18,10,261,2,291,121,0,121,412
05/22/2005,DAB,FL,ASO,ES,Combined TRACON& Tower with Radar,14,12,114,4,144,0,2,182,7,191,14,14,296,11,335,110,0,110,445
05/23/2005,DAB,FL,ASO,ES,Combined TRACON& Tower with Radar,13,12,69,0,94,0,4,467,0,471,13,16,536,0,565,228,0,228,793
05/24/2005,DAB,FL,ASO,ES,Combined TRACON& Tower with Radar,15,9,130,2,156,0,5,203,0,208,15,14,333,2,364,134,0,134,498
05/25/2005,DAB,FL,ASO,ES,Combined TRACON& Tower with Radar,13,5,117,3,138,0,4,537,0,541,13,9,654,3,679,151,0,151,830
05/26/2005,DAB,FL,ASO,ES,Combined TRACON& Tower with Radar,15,10,100,0,125,0,3,529,0,532,15,13,629,0,657,209,0,209,866
05/27/2005,DAB,FL,ASO,ES,Combined TRACON& Tower with Radar,13,14,70,3,100,0,2,483,0,485,13,16,553,3,585,160,0,160,745
05/28/2005,DAB,FL,ASO,ES,Combined TRACON& Tower with Radar,16,11,105,0,132,0,4,218,0,222,16,15,323,0,354,122,0,122,476
05/29/2005,DAB,FL,ASO,ES,Combined TRACON& Tower with Radar,14,13,68,0,95,0,0,226,0,226,14,13,294,0,321,142,0,142,463
05/30/2005,DAB,FL,ASO,ES,Combined TRACON& Tower with Radar,12,17,69,2,100,0,0,282,5,287,12,17,351,7,387,147,0,147,534
05/31/2005,DAB,FL,ASO,ES,Combined TRACON& Tower with Radar,12,8,67,0,87,0,0,174,1,175,12,8,241,1,262,111,0,111,373
06/01/2005,DAB,FL,ASO,ES,Combined TRACON& Tower with Radar,14,9,83,0,106,0,0,233,0,233,14,9,316,0,339,72,0,72,411
06/02/2005,DAB,FL,ASO,ES,Combined TRACON& Tower with Radar,15,9,96,0,120,0,3,323,0,326,15,12,419,0,446,231,0,231,677
06/03/2005,DAB,FL,ASO,ES,Combined TRACON& Tower with Radar,12,10,109,0,131,0,3,201,0,204,12,13,310,0,335,148,0,148,483
06/04/2005,DAB,FL,ASO,ES,Combined TRACON& Tower with Radar,17,10,115,0,142,0,0,226,1,227,17,10,341,1,369,89,0,89,458
06/05/2005,DAB,FL,ASO,ES,Combined TRACON& Tower with Radar,11,10,71,0,92,0,2,102,0,104,11,12,173,0,196,86,0,86,282
06/06/2005,DAB,FL,ASO,ES,Combined TRACON& Tower with Radar,14,12,196,0,222,0,1,256,0,257,14,13,452,0,479,112,0,112,591
06/07/2005,DAB,FL,ASO,ES,Combined TRACON& Tower with Radar,14,10,122,0,146,0,4,448,5,457,14,14,570,5,603,224,0,224,827
06/08/2005,DAB,FL,ASO,ES,Combined TRACON& Tower with Radar,13,16,132,2,163,0,2,448,0,450,13,18,580,2,613,194,0,194,807
06/09/2005,DAB,FL,ASO,ES,Combined TRACON& Tower with Radar,14,11,236,4,265,0,3,156,1,160,14,14,392,5,425,172,0,172,597
06/10/2005,DAB,FL,ASO,ES,Combined TRACON& Tower with Radar,11,11,223,0,245,0,0,98,0,98,11,11,321,0,343,178,0,178,521
06/11/2005,DAB,FL,ASO,ES,Combined TRACON& Tower with Radar,19,10,74,0,103,0,2,6,0,8,19,12,80,0,111,8,0,8,119
06/12/2005,DAB,FL,ASO,ES,Combined TRACON& Tower with Radar,12,7,139,0,158,0,0,67,0,67,12,7,206,0,225,2,0,2,227
06/13/2005,DAB,FL,ASO,ES,Combined TRACON& Tower with Radar,17,7,130,0,154,0,2,498,0,500,17,9,628,0,654,259,0,259,913
06/14/2005,DAB,FL,ASO,ES,Combined TRACON& Tower with Radar,14,11,109,2,136,0,3,525,0,528,14,14,634,2,664,311,0,311,975
06/15/2005,DAB,FL,ASO,ES,Combined TRACON& Tower with Radar,14,12,98,0,124,0,2,350,0,352,14,14,448,0,476,189,0,189,665
06/16/2005,DAB,FL,ASO,ES,Combined TRACON& Tower with Radar,14,11,130,0,155,0,0,138,1,139,14,11,268,1,294,80,0,80,374
06/17/2005,DAB,FL,ASO,ES,Combined TRACON& Tower with Radar,14,7,202,1,224,0,1,135,2,138,14,8,337,3,362,160,0,160,522
06/18/2005,DAB,FL,ASO,ES,Combined TRACON& Tower with Radar,17,13,89,0,119,0,0,179,3,182,17,13,268,3,301,156,0,156,457
06/19/2005,DAB,FL,ASO,ES,Combined TRACON& Tower with Radar,14,6,96,6,122,0,2,237,0,239,14,8,333,6,361,185,0,185,546
06/20/2005,DAB,FL,ASO,ES,Combined TRACON& Tower with Radar,14,15,167,6,202,0,0,354,7,361,14,15,521,13,563,244,0,244,807
06/21/2005,DAB,FL,ASO,ES,Combined TRACON& Tower with Radar,13,9,118,2,142,0,3,279,0,282,13,12,397,2,424,112,0,112,536
06/22/2005,DAB,FL,ASO,ES,Combined TRACON& Tower with Radar,15,12,181,0,208,0,1,313,0,314,15,13,494,0,522,271,0,271,793
06/23/2005,DAB,FL,ASO,ES,Combined TRACON& Tower with Radar,14,6,189,0,209,0,2,429,0,431,14,8,618,0,640,254,0,254,894
06/24/2005,DAB,FL,ASO,ES,Combined TRACON& Tower with Radar,14,15,190,0,219,0,2,96,0,98,14,17,286,0,317,98,0,98,415
06/25/2005,DAB,FL,ASO,ES,Combined TRACON& Tower with Radar,16,10,174,0,200,0,0,114,1,115,16,10,288,1,315,112,0,112,427
06/26/2005,DAB,FL,ASO,ES,Combined TRACON& Tower with Radar,13,7,53,0,73,0,1,330,0,331,13,8,383,0,404,197,0,197,601
06/27/2005,DAB,FL,ASO,ES,Combined TRACON& Tower with Radar,14,12,187,0,213,0,1,254,0,255,14,13,441,0,468,103,0,103,571
06/28/2005,DAB,FL,ASO,ES,Combined TRACON& Tower with Radar,14,9,239,0,262,0,3,136,0,139,14,12,375,0,401,119,0,119,520
06/29/2005,DAB,FL,ASO,ES,Combined TRACON& Tower with Radar,19,18,216,0,253,0,3,215,0,218,19,21,431,0,471,129,0,129,600
06/30/2005,DAB,FL,ASO,ES,Combined TRACON& Tower with Radar,14,19,254,0,287,0,1,84,0,85,14,20,338,0,372,24,0,24,396
07/01/2005,DAB,FL,ASO,ES,Combined TRACON& Tower with Radar,12,21,179,2,214,0,1,160,6,167,12,22,339,8,381,34,0,34,415
07/02/2005,DAB,FL,ASO,ES,Combined TRACON& Tower with Radar,26,23,153,5,207,0,6,121,5,132,26,29,274,10,339,74,0,74,413
07/03/2005,DAB,FL,ASO,ES,Combined TRACON& Tower with Radar,16,18,167,4,205,0,0,148,0,148,16,18,315,4,353,112,0,112,465
07/04/2005,DAB,FL,ASO,ES,Combined TRACON& Tower with Radar,13,8,69,0,90,0,3,235,0,238,13,11,304,0,328,68,0,68,396
07/05/2005,DAB,FL,ASO,ES,Combined TRACON& Tower with Radar,13,11,101,2,127,0,3,357,0,360,13,14,458,2,487,118,0,118,605
07/06/2005,DAB,FL,ASO,ES,Combined TRACON& Tower with Radar,13,9,88,2,112,0,4,407,2,413,13,13,495,4,525,169,0,169,694
07/07/2005,DAB,FL,ASO,ES,Combined TRACON& Tower with Radar,16,16,89,0,121,0,1,459,3,463,16,17,548,3,584,108,0,108,692
07/08/2005,DAB,FL,ASO,ES,Combined TRACON& Tower with Radar,14,12,183,0,209,0,1,160,1,162,14,13,343,1,371,168,0,168,539
07/09/2005,DAB,FL,ASO,ES,Combined TRACON& Tower with Radar,14,13,73,0,100,0,1,20,0,21,14,14,93,0,121,12,0,12,133
07/10/2005,DAB,FL,ASO,ES,Combined TRACON& Tower with Radar,12,9,69,0,90,0,0,9,0,9,12,9,78,0,99,2,0,2,101
07/11/2005,DAB,FL,ASO,ES,Combined TRACON& Tower with Radar,14,14,153,2,183,0,0,315,1,316,14,14,468,3,499,156,0,156,655
07/12/2005,DAB,FL,ASO,ES,Combined TRACON& Tower with Radar,13,7,173,4,197,0,2,342,0,344,13,9,515,4,541,216,0,216,757
07/13/2005,DAB,FL,ASO,ES,Combined TRACON& Tower with Radar,12,16,160,1,189,0,1,268,4,273,12,17,428,5,462,97,0,97,559
07/14/2005,DAB,FL,ASO,ES,Combined TRACON& Tower with Radar,16,12,135,1,164,0,3,314,0,317,16,15,449,1,481,163,0,163,644
07/15/2005,DAB,FL,ASO,ES,Combined TRACON& Tower with Radar,10,15,100,0,125,0,3,320,2,325,10,18,420,2,450,102,0,102,552
07/16/2005,DAB,FL,ASO,ES,Combined TRACON& Tower with Radar,16,7,84,0,107,0,1,319,1,321,16,8,403,1,428,163,0,163,591
07/17/2005,DAB,FL,ASO,ES,Combined TRACON& Tower with Radar,13,14,102,0,129,0,2,168,0,170,13,16,270,0,299,60,0,60,359
07/18/2005,DAB,FL,ASO,ES,Combined TRACON& Tower with Radar,14,13,142,1,170,0,0,328,3,331,14,13,470,4,501,133,0,133,634
07/19/2005,DAB,FL,ASO,ES,Combined TRACON& Tower with Radar,13,8,165,2,188,0,1,303,2,306,13,9,468,4,494,132,0,132,626
07/20/2005,DAB,FL,ASO,ES,Combined TRACON& Tower with Radar,15,8,116,5,144,0,2,340,0,342,15,10,456,5,486,88,0,88,574
07/21/2005,DAB,FL,ASO,ES,Combined TRACON& Tower with Radar,12,14,113,0,139,0,3,401,2,406,12,17,514,2,545,143,0,143,688
07/22/2005,DAB,FL,ASO,ES,Combined TRACON& Tower with Radar,15,13,104,0,132,0,2,377,0,379,15,15,481,0,511,256,0,256,767
07/23/2005,DAB,FL,ASO,ES,Combined TRACON& Tower with Radar,16,11,53,4,84,0,2,187,0,189,16,13,240,4,273,36,0,36,309
07/24/2005,DAB,FL,ASO,ES,Combined TRACON& Tower with Radar,14,7,98,0,119,0,1,151,0,152,14,8,249,0,271,121,0,121,392
07/25/2005,DAB,FL,ASO,ES,Combined TRACON& Tower with Radar,12,9,107,0,128,0,2,346,0,348,12,11,453,0,476,167,0,167,643
07/26/2005,DAB,FL,ASO,ES,Combined TRACON& Tower with Radar,13,15,72,0,100,0,1,404,0,405,13,16,476,0,505,150,0,150,655
07/27/2005,DAB,FL,ASO,ES,Combined TRACON& Tower with Radar,12,5,69,6,92,0,1,369,0,370,12,6,438,6,462,159,6,165,627
07/28/2005,DAB,FL,ASO,ES,Combined TRACON& Tower with Radar,12,10,90,5,117,0,2,440,0,442,12,12,530,5,559,79,6,85,644
07/29/2005,DAB,FL,ASO,ES,Combined TRACON& Tower with Radar,13,10,114,8,145,0,3,279,0,282,13,13,393,8,427,183,0,183,610
07/30/2005,DAB,FL,ASO,ES,Combined TRACON& Tower with Radar,16,10,50,0,76,0,1,181,1,183,16,11,231,1,259,104,0,104,363
07/31/2005,DAB,FL,ASO,ES,Combined TRACON& Tower with Radar,13,8,87,0,108,0,2,158,0,160,13,10,245,0,268,97,0,97,365
08/01/2005,DAB,FL,ASO,ES,Combined TRACON& Tower with Radar,15,16,94,0,125,0,0,269,0,269,15,16,363,0,394,109,0,109,503
08/02/2005,DAB,FL,ASO,ES,Combined TRACON& Tower with Radar,13,11,110,0,134,0,0,233,0,233,13,11,343,0,367,117,0,117,484
08/03/2005,DAB,FL,ASO,ES,Combined TRACON& Tower with Radar,14,11,82,8,115,0,0,273,0,273,14,11,355,8,388,113,0,113,501
08/04/2005,DAB,FL,ASO,ES,Combined TRACON& Tower with Radar,13,12,129,0,154,0,1,339,2,342,13,13,468,2,496,222,0,222,718
08/05/2005,DAB,FL,ASO,ES,Combined TRACON& Tower with Radar,13,10,100,0,123,0,1,176,0,177,13,11,276,0,300,151,0,151,451
08/06/2005,DAB,FL,ASO,ES,Combined TRACON& Tower with Radar,16,10,90,5,121,0,2,241,2,245,16,12,331,7,366,101,0,101,467
08/07/2005,DAB,FL,ASO,ES,Combined TRACON& Tower with Radar,12,6,64,1,83,0,1,149,1,151,12,7,213,2,234,62,0,62,296
08/08/2005,DAB,FL,ASO,ES,Combined TRACON& Tower with Radar,14,14,86,0,114,0,2,296,1,299,14,16,382,1,413,130,0,130,543
08/09/2005,DAB,FL,ASO,ES,Combined TRACON& Tower with Radar,11,6,86,3,106,0,1,315,0,316,11,7,401,3,422,115,0,115,537
08/10/2005,DAB,FL,ASO,ES,Combined TRACON& Tower with Radar,10,11,94,1,116,0,0,304,4,308,10,11,398,5,424,118,0,118,542
08/11/2005,DAB,FL,ASO,ES,Combined TRACON& Tower with Radar,14,8,115,0,137,0,3,314,1,318,14,11,429,1,455,202,0,202,657
08/12/2005,DAB,FL,ASO,ES,Combined TRACON& Tower with Radar,13,10,65,2,90,0,2,360,1,363,13,12,425,3,453,145,0,145,598
08/13/2005,DAB,FL,ASO,ES,Combined TRACON& Tower with Radar,17,8,87,2,114,0,0,188,0,188,17,8,275,2,302,66,0,66,368
08/14/2005,DAB,FL,ASO,ES,Combined TRACON& Tower with Radar,14,7,62,3,86,0,2,157,0,159,14,9,219,3,245,56,0,56,301
08/15/2005,DAB,FL,ASO,ES,Combined TRACON& Tower with Radar,15,12,105,4,136,0,5,282,4,291,15,17,387,8,427,134,0,134,561
08/16/2005,DAB,FL,ASO,ES,Combined TRACON& Tower with Radar,12,8,100,0,120,0,5,346,0,351,12,13,446,0,471,123,0,123,594
08/17/2005,DAB,FL,ASO,ES,Combined TRACON& Tower with Radar,13,11,69,2,95,0,0,321,1,322,13,11,390,3,417,62,0,62,479
08/18/2005,DAB,FL,ASO,ES,Combined TRACON& Tower with Radar,12,11,68,7,98,0,1,268,0,269,12,12,336,7,367,139,0,139,506
08/19/2005,DAB,FL,ASO,ES,Combined TRACON& Tower with Radar,16,9,68,0,93,0,1,307,0,308,16,10,375,0,401,56,0,56,457
08/20/2005,DAB,FL,ASO,ES,Combined TRACON& Tower with Radar,17,11,29,10,67,0,0,182,4,186,17,11,211,14,253,109,0,109,362
08/21/2005,DAB,FL,ASO,ES,Combined TRACON& Tower with Radar,14,12,51,3,80,0,0,164,0,164,14,12,215,3,244,54,0,54,298
08/22/2005,DAB,FL,ASO,ES,Combined TRACON& Tower with Radar,12,10,58,1,81,0,0,300,0,300,12,10,358,1,381,124,0,124,505
08/23/2005,DAB,FL,ASO,ES,Combined TRACON& Tower with Radar,10,14,62,9,95,0,0,277,1,278,10,14,339,10,373,103,0,103,476
08/24/2005,DAB,FL,ASO,ES,Combined TRACON& Tower with Radar,12,10,87,0,109,0,0,239,0,239,12,10,326,0,348,96,0,96,444
08/25/2005,DAB,FL,ASO,ES,Combined TRACON& Tower with Radar,16,8,94,1,119,0,1,102,0,103,16,9,196,1,222,55,0,55,277
08/26/2005,DAB,FL,ASO,ES,Combined TRACON& Tower with Radar,13,16,70,0,99,0,0,136,0,136,13,16,206,0,235,33,0,33,268
08/27/2005,DAB,FL,ASO,ES,Combined TRACON& Tower with Radar,17,8,81,1,107,0,1,129,0,130,17,9,210,1,237,58,0,58,295
08/28/2005,DAB,FL,ASO,ES,Combined TRACON& Tower with Radar,14,13,68,0,95,0,0,104,0,104,14,13,172,0,199,24,0,24,223
08/29/2005,DAB,FL,ASO,ES,Combined TRACON& Tower with Radar,11,12,56,0,79,0,1,320,0,321,11,13,376,0,400,44,0,44,444
08/30/2005,DAB,FL,ASO,ES,Combined TRACON& Tower with Radar,11,12,56,0,79,0,1,320,0,321,11,13,376,0,400,44,0,44,444
08/31/2005,DAB,FL,ASO,ES,Combined TRACON& Tower with Radar,15,4,109,0,128,0,0,188,0,188,15,4,297,0,316,95,0,95,411
09/01/2005,DAB,FL,ASO,ES,Combined TRACON& Tower with Radar,10,10,154,2,176,0,0,237,2,239,10,10,391,4,415,99,0,99,514
09/02/2005,DAB,FL,ASO,ES,Combined TRACON& Tower with Radar,12,9,147,0,168,0,3,323,2,328,12,12,470,2,496,182,0,182,678
09/03/2005,DAB,FL,ASO,ES,Combined TRACON& Tower with Radar,15,9,74,0,98,0,1,319,1,321,15,10,393,1,419,173,0,173,592
09/04/2005,DAB,FL,ASO,ES,Combined TRACON& Tower with Radar,12,15,49,5,81,0,0,167,0,167,12,15,216,5,248,66,0,66,314
09/05/2005,DAB,FL,ASO,ES,Combined TRACON& Tower with Radar,11,11,80,0,102,0,0,243,0,243,11,11,323,0,345,112,0,112,457
09/06/2005,DAB,FL,ASO,ES,Combined TRACON& Tower with Radar,12,9,92,0,113,0,2,86,0,88,12,11,178,0,201,36,0,36,237
09/07/2005,DAB,FL,ASO,ES,Combined TRACON& Tower with Radar,12,7,90,0,109,0,0,6,0,6,12,7,96,0,115,14,0,14,129
09/08/2005,DAB,FL,ASO,ES,Combined TRACON& Tower with Radar,12,5,39,4,60,0,0,3,0,3,12,5,42,4,63,0,0,0,63
09/09/2005,DAB,FL,ASO,ES,Combined TRACON& Tower with Radar,12,5,80,0,97,0,0,16,2,18,12,5,96,2,115,0,0,0,115
09/10/2005,DAB,FL,ASO,ES,Combined TRACON& Tower with Radar,13,4,74,0,91,0,0,366,0,366,13,4,440,0,457,73,0,73,530
09/11/2005,DAB,FL,ASO,ES,Combined TRACON& Tower with Radar,12,5,53,0,70,0,2,202,0,204,12,7,255,0,274,32,0,32,306
09/12/2005,DAB,FL,ASO,ES,Combined TRACON& Tower with Radar,12,4,48,2,66,0,2,576,0,578,12,6,624,2,644,118,0,118,762
09/13/2005,DAB,FL,ASO,ES,Combined TRACON& Tower with Radar,13,4,41,1,59,0,1,602,0,603,13,5,643,1,662,170,0,170,832
09/14/2005,DAB,FL,ASO,ES,Combined TRACON& Tower with Radar,11,6,64,5,86,0,0,557,0,557,11,6,621,5,643,193,0,193,836
09/15/2005,DAB,FL,ASO,ES,Combined TRACON& Tower with Radar,11,6,114,0,131,0,0,376,0,376,11,6,490,0,507,289,0,289,796
09/16/2005,DAB,FL,ASO,ES,Combined TRACON& Tower with Radar,13,10,113,3,139,0,0,337,2,339,13,10,450,5,478,174,0,174,652
09/17/2005,DAB,FL,ASO,ES,Combined TRACON& Tower with Radar,15,5,59,3,82,0,0,265,0,265,15,5,324,3,347,96,0,96,443
09/18/2005,DAB,FL,ASO,ES,Combined TRACON& Tower with Radar,12,6,47,1,66,0,0,152,1,153,12,6,199,2,219,116,0,116,335
09/19/2005,DAB,FL,ASO,ES,Combined TRACON& Tower with Radar,12,4,82,2,100,0,1,551,0,552,12,5,633,2,652,158,0,158,810
09/20/2005,DAB,FL,ASO,ES,Combined TRACON& Tower with Radar,12,7,137,3,159,0,0,208,3,211,12,7,345,6,370,86,0,86,456
09/21/2005,DAB,FL,ASO,ES,Combined TRACON& Tower with Radar,12,10,162,1,185,0,0,159,1,160,12,10,321,2,345,64,0,64,409
09/22/2005,DAB,FL,ASO,ES,Combined TRACON& Tower with Radar,13,7,189,2,211,0,0,195,1,196,13,7,384,3,407,232,0,232,639
09/23/2005,DAB,FL,ASO,ES,Combined TRACON& Tower with Radar,13,5,157,3,178,0,0,581,0,581,13,5,738,3,759,221,0,221,980
09/24/2005,DAB,FL,ASO,ES,Combined TRACON& Tower with Radar,12,4,50,2,68,0,2,538,0,540,12,6,588,2,608,160,0,160,768
09/25/2005,DAB,FL,ASO,ES,Combined TRACON& Tower with Radar,12,4,50,0,66,0,1,232,0,233,12,5,282,0,299,66,0,66,365
09/26/2005,DAB,FL,ASO,ES,Combined TRACON& Tower with Radar,9,6,67,2,84,0,1,615,1,617,9,7,682,3,701,111,0,111,812
09/27/2005,DAB,FL,ASO,ES,Combined TRACON& Tower with Radar,13,5,57,0,75,0,0,712,0,712,13,5,769,0,787,189,0,189,976
09/28/2005,DAB,FL,ASO,ES,Combined TRACON& Tower with Radar,12,7,120,0,139,0,0,510,2,512,12,7,630,2,651,104,0,104,755
09/29/2005,DAB,FL,ASO,ES,Combined TRACON& Tower with Radar,12,5,81,0,98,0,1,675,0,676,12,6,756,0,774,309,0,309,1083
09/30/2005,DAB,FL,ASO,ES,Combined TRACON& Tower with Radar,12,4,113,4,133,0,2,521,0,523,12,6,634,4,656,188,0,188,844
10/01/2005,DAB,FL,ASO,ES,Combined TRACON& Tower with Radar,14,6,89,0,109,0,2,370,0,372,14,8,459,0,481,112,0,112,593
10/02/2005,DAB,FL,ASO,ES,Combined TRACON& Tower with Radar,11,7,82,0,100,0,1,50,0,51,11,8,132,0,151,37,0,37,188
10/03/2005,DAB,FL,ASO,ES,Combined TRACON& Tower with Radar,13,8,147,2,170,0,1,314,0,315,13,9,461,2,485,157,0,157,642
10/04/2005,DAB,FL,ASO,ES,Combined TRACON& Tower with Radar,12,7,102,0,121,0,0,128,0,128,12,7,230,0,249,75,0,75,324
10/05/2005,DAB,FL,ASO,ES,Combined TRACON& Tower with Radar,11,7,149,0,167,0,0,45,0,45,11,7,194,0,212,64,0,64,276
10/06/2005,DAB,FL,ASO,ES,Combined TRACON& Tower with Radar,11,9,162,0,182,0,0,173,0,173,11,9,335,0,355,38,0,38,393
10/07/2005,DAB,FL,ASO,ES,Combined TRACON& Tower with Radar,13,7,210,0,230,0,1,151,0,152,13,8,361,0,382,180,0,180,562
10/08/2005,DAB,FL,ASO,ES,Combined TRACON& Tower with Radar,15,12,195,1,223,0,0,210,0,210,15,12,405,1,433,114,0,114,547
10/09/2005,DAB,FL,ASO,ES,Combined TRACON& Tower with Radar,9,8,65,0,82,0,0,91,0,91,9,8,156,0,173,22,0,22,195
10/10/2005,DAB,FL,ASO,ES,Combined TRACON& Tower with Radar,12,6,166,0,184,0,1,370,0,371,12,7,536,0,555,234,0,234,789
10/11/2005,DAB,FL,ASO,ES,Combined TRACON& Tower with Radar,13,6,199,3,221,0,1,108,1,110,13,7,307,4,331,130,0,130,461
10/12/2005,DAB,FL,ASO,ES,Combined TRACON& Tower with Radar,12,2,206,4,224,0,0,17,5,22,12,2,223,9,246,30,0,30,276
10/13/2005,DAB,FL,ASO,ES,Combined TRACON& Tower with Radar,11,10,280,0,301,0,0,104,0,104,11,10,384,0,405,57,0,57,462
10/14/2005,DAB,FL,ASO,ES,Combined TRACON& Tower with Radar,13,6,106,2,127,0,2,659,4,665,13,8,765,6,792,264,0,264,1056
10/15/2005,DAB,FL,ASO,ES,Combined TRACON& Tower with Radar,14,7,56,0,77,0,0,631,0,631,14,7,687,0,708,180,0,180,888
10/16/2005,DAB,FL,ASO,ES,Combined TRACON& Tower with Radar,12,12,49,1,74,0,1,262,2,265,12,13,311,3,339,36,0,36,375
10/17/2005,DAB,FL,ASO,ES,Combined TRACON& Tower with Radar,12,6,69,2,89,0,2,660,0,662,12,8,729,2,751,193,0,193,944
10/18/2005,DAB,FL,ASO,ES,Combined TRACON& Tower with Radar,1,0,12,0,13,0,0,57,0,57,1,0,69,0,70,0,0,0,70
10/19/2005,DAB,FL,ASO,ES,Combined TRACON& Tower with Radar,12,7,95,0,114,0,0,696,0,696,12,7,791,0,810,274,0,274,1084
10/20/2005,DAB,FL,ASO,ES,Combined TRACON& Tower with Radar,12,10,169,2,193,0,0,403,3,406,12,10,572,5,599,357,0,357,956
10/21/2005,DAB,FL,ASO,ES,Combined TRACON& Tower with Radar,11,8,117,0,136,0,0,454,0,454,11,8,571,0,590,226,0,226,816
10/22/2005,DAB,FL,ASO,ES,Combined TRACON& Tower with Radar,15,6,66,4,91,0,1,79,0,80,15,7,145,4,171,15,0,15,186
10/23/2005,DAB,FL,ASO,ES,Combined TRACON& Tower with Radar,11,10,61,0,82,0,0,14,0,14,11,10,75,0,96,0,0,0,96
10/24/2005,DAB,FL,ASO,ES,Combined TRACON& Tower with Radar,5,0,8,0,13,0,0,4,0,4,5,0,12,0,17,2,0,2,19
10/25/2005,DAB,FL,ASO,ES,Combined TRACON& Tower with Radar,6,3,54,0,63,0,0,194,2,196,6,3,248,2,259,114,0,114,373
10/26/2005,DAB,FL,ASO,ES,Combined TRACON& Tower with Radar,12,10,53,2,77,0,0,686,0,686,12,10,739,2,763,170,0,170,933
10/27/2005,DAB,FL,ASO,ES,Combined TRACON& Tower with Radar,12,8,66,5,91,0,0,746,1,747,12,8,812,6,838,191,0,191,1029
10/28/2005,DAB,FL,ASO,ES,Combined TRACON& Tower with Radar,12,8,54,15,89,0,1,305,5,311,12,9,359,20,400,96,0,96,496
10/29/2005,DAB,FL,ASO,ES,Combined TRACON& Tower with Radar,13,9,34,1,57,0,2,87,0,89,13,11,121,1,146,2,0,2,148
10/30/2005,DAB,FL,ASO,ES,Combined TRACON& Tower with Radar,12,6,39,7,64,0,2,66,1,69,12,8,105,8,133,12,0,12,145
10/31/2005,DAB,FL,ASO,ES,Combined TRACON& Tower with Radar,12,7,66,10,95,0,0,641,1,642,12,7,707,11,737,206,0,206,943
11/01/2005,DAB,FL,ASO,ES,Combined TRACON& Tower with Radar,12,8,170,9,199,0,0,389,0,389,12,8,559,9,588,202,0,202,790
11/02/2005,DAB,FL,ASO,ES,Combined TRACON& Tower with Radar,10,12,158,0,180,0,0,427,0,427,10,12,585,0,607,59,0,59,666
11/03/2005,DAB,FL,ASO,ES,Combined TRACON& Tower with Radar,10,9,58,2,79,0,1,705,0,706,10,10,763,2,785,346,0,346,1131
11/04/2005,DAB,FL,ASO,ES,Combined TRACON& Tower with Radar,10,16,76,0,102,0,0,704,0,704,10,16,780,0,806,229,0,229,1035
11/05/2005,DAB,FL,ASO,ES,Combined TRACON& Tower with Radar,14,10,58,0,82,0,1,508,0,509,14,11,566,0,591,112,0,112,703
11/06/2005,DAB,FL,ASO,ES,Combined TRACON& Tower with Radar,10,8,45,0,63,0,1,310,0,311,10,9,355,0,374,137,0,137,511
11/07/2005,DAB,FL,ASO,ES,Combined TRACON& Tower with Radar,10,9,62,0,81,0,1,587,0,588,10,10,649,0,669,244,0,244,913
11/08/2005,DAB,FL,ASO,ES,Combined TRACON& Tower with Radar,10,11,86,4,111,0,0,525,3,528,10,11,611,7,639,211,0,211,850
11/09/2005,DAB,FL,ASO,ES,Combined TRACON& Tower with Radar,10,16,109,3,138,0,0,499,1,500,10,16,608,4,638,200,0,200,838
11/10/2005,DAB,FL,ASO,ES,Combined TRACON& Tower with Radar,10,13,74,0,97,0,0,599,0,599,10,13,673,0,696,280,0,280,976
11/11/2005,DAB,FL,ASO,ES,Combined TRACON& Tower with Radar,10,12,60,0,82,0,0,608,0,608,10,12,668,0,690,293,0,293,983
11/12/2005,DAB,FL,ASO,ES,Combined TRACON& Tower with Radar,14,8,40,0,62,0,0,572,0,572,14,8,612,0,634,221,0,221,855
11/13/2005,DAB,FL,ASO,ES,Combined TRACON& Tower with Radar,10,14,45,0,69,0,0,273,1,274,10,14,318,1,343,133,0,133,476
11/14/2005,DAB,FL,ASO,ES,Combined TRACON& Tower with Radar,10,14,164,0,188,0,1,311,2,314,10,15,475,2,502,240,0,240,742
11/15/2005,DAB,FL,ASO,ES,Combined TRACON& Tower with Radar,10,13,106,2,131,0,0,545,0,545,10,13,651,2,676,132,0,132,808
11/16/2005,DAB,FL,ASO,ES,Combined TRACON& Tower with Radar,10,9,230,0,249,0,2,550,1,553,10,11,780,1,802,298,0,298,1100
11/17/2005,DAB,FL,ASO,ES,Combined TRACON& Tower with Radar,10,13,170,0,193,0,0,336,2,338,10,13,506,2,531,276,0,276,807
11/18/2005,DAB,FL,ASO,ES,Combined TRACON& Tower with Radar,10,8,208,3,229,0,0,172,0,172,10,8,380,3,401,42,0,42,443
11/19/2005,DAB,FL,ASO,ES,Combined TRACON& Tower with Radar,17,6,186,0,209,0,0,338,0,338,17,6,524,0,547,122,0,122,669
11/20/2005,DAB,FL,ASO,ES,Combined TRACON& Tower with Radar,10,8,122,1,141,0,0,47,2,49,10,8,169,3,190,8,0,8,198
11/21/2005,DAB,FL,ASO,ES,Combined TRACON& Tower with Radar,10,13,80,4,107,0,0,100,0,100,10,13,180,4,207,28,0,28,235
11/22/2005,DAB,FL,ASO,ES,Combined TRACON& Tower with Radar,13,6,102,0,121,0,0,334,0,334,13,6,436,0,455,82,0,82,537
11/23/2005,DAB,FL,ASO,ES,Combined TRACON& Tower with Radar,11,10,100,0,121,0,2,567,0,569,11,12,667,0,690,91,0,91,781
11/24/2005,DAB,FL,ASO,ES,Combined TRACON& Tower with Radar,10,10,20,1,41,0,0,38,0,38,10,10,58,1,79,2,0,2,81
11/25/2005,DAB,FL,ASO,ES,Combined TRACON& Tower with Radar,10,10,111,1,132,0,1,411,3,415,10,11,522,4,547,203,0,203,750
11/26/2005,DAB,FL,ASO,ES,Combined TRACON& Tower with Radar,14,10,82,0,106,0,1,415,0,416,14,11,497,0,522,142,0,142,664
11/27/2005,DAB,FL,ASO,ES,Combined TRACON& Tower with Radar,10,9,96,0,115,0,0,178,0,178,10,9,274,0,293,46,0,46,339
11/28/2005,DAB,FL,ASO,ES,Combined TRACON& Tower with Radar,8,10,91,0,109,0,1,201,0,202,8,11,292,0,311,13,0,13,324
11/29/2005,DAB,FL,ASO,ES,Combined TRACON& Tower with Radar,14,13,153,2,182,0,0,364,0,364,14,13,517,2,546,194,0,194,740
11/30/2005,DAB,FL,ASO,ES,Combined TRACON& Tower with Radar,10,8,165,3,186,0,0,862,3,865,10,8,1027,6,1051,171,0,171,1222
12/01/2005,DAB,FL,ASO,ES,Combined TRACON& Tower with Radar,9,7,187,2,205,0,0,784,2,786,9,7,971,4,991,197,0,197,1188
12/02/2005,DAB,FL,ASO,ES,Combined TRACON& Tower with Radar,10,8,125,4,147,0,0,746,1,747,10,8,871,5,894,263,0,263,1157
12/03/2005,DAB,FL,ASO,ES,Combined TRACON& Tower with Radar,10,6,155,0,171,0,1,742,0,743,10,7,897,0,914,212,0,212,1126
12/04/2005,DAB,FL,ASO,ES,Combined TRACON& Tower with Radar,9,12,90,3,114,0,0,415,0,415,9,12,505,3,529,157,0,157,686
12/05/2005,DAB,FL,ASO,ES,Combined TRACON& Tower with Radar,10,14,124,0,148,0,0,610,0,610,10,14,734,0,758,282,0,282,1040
12/06/2005,DAB,FL,ASO,ES,Combined TRACON& Tower with Radar,11,8,158,1,178,0,0,373,0,373,11,8,531,1,551,35,0,35,586
12/07/2005,DAB,FL,ASO,ES,Combined TRACON& Tower with Radar,10,9,189,0,208,0,0,479,2,481,10,9,668,2,689,252,0,252,941
12/08/2005,DAB,FL,ASO,ES,Combined TRACON& Tower with Radar,9,7,157,1,174,0,0,11,0,11,9,7,168,1,185,2,0,2,187
12/09/2005,DAB,FL,ASO,ES,Combined TRACON& Tower with Radar,11,4,260,3,278,0,1,52,1,54,11,5,312,4,332,12,2,14,346
12/10/2005,DAB,FL,ASO,ES,Combined TRACON& Tower with Radar,11,4,126,4,145,0,0,604,1,605,11,4,730,5,750,225,0,225,975
12/11/2005,DAB,FL,ASO,ES,Combined TRACON& Tower with Radar,9,8,70,0,87,0,0,307,0,307,9,8,377,0,394,155,0,155,549
12/12/2005,DAB,FL,ASO,ES,Combined TRACON& Tower with Radar,10,6,122,2,140,0,0,664,2,666,10,6,786,4,806,237,0,237,1043
12/13/2005,DAB,FL,ASO,ES,Combined TRACON& Tower with Radar,10,8,170,0,188,0,0,620,0,620,10,8,790,0,808,153,0,153,961
12/14/2005,DAB,FL,ASO,ES,Combined TRACON& Tower with Radar,9,6,209,0,224,0,1,577,0,578,9,7,786,0,802,230,0,230,1032
12/15/2005,DAB,FL,ASO,ES,Combined TRACON& Tower with Radar,14,2,106,0,122,0,0,291,4,295,14,2,397,4,417,39,0,39,456
12/16/2005,DAB,FL,ASO,ES,Combined TRACON& Tower with Radar,15,3,142,2,162,0,0,320,0,320,15,3,462,2,482,56,0,56,538
12/17/2005,DAB,FL,ASO,ES,Combined TRACON& Tower with Radar,13,2,104,5,124,0,0,78,0,78,13,2,182,5,202,33,0,33,235
12/18/2005,DAB,FL,ASO,ES,Combined TRACON& Tower with Radar,13,2,42,0,57,0,0,0,0,0,13,2,42,0,57,0,0,0,57
12/19/2005,DAB,FL,ASO,ES,Combined TRACON& Tower with Radar,14,2,119,0,135,0,0,47,0,47,14,2,166,0,182,2,0,2,184
12/20/2005,DAB,FL,ASO,ES,Combined TRACON& Tower with Radar,14,4,112,3,133,0,0,342,3,345,14,4,454,6,478,44,0,44,522
12/21/2005,DAB,FL,ASO,ES,Combined TRACON& Tower with Radar,13,7,107,0,127,0,0,226,0,226,13,7,333,0,353,146,0,146,499
12/22/2005,DAB,FL,ASO,ES,Combined TRACON& Tower with Radar,15,8,84,1,108,0,2,157,1,160,15,10,241,2,268,24,0,24,292
12/23/2005,DAB,FL,ASO,ES,Combined TRACON& Tower with Radar,14,7,70,0,91,0,0,149,0,149,14,7,219,0,240,38,0,38,278
12/24/2005,DAB,FL,ASO,ES,Combined TRACON& Tower with Radar,12,11,26,0,49,0,0,60,0,60,12,11,86,0,109,35,0,35,144
12/25/2005,DAB,FL,ASO,ES,Combined TRACON& Tower with Radar,14,0,6,3,23,0,0,9,0,9,14,0,15,3,32,0,0,0,32
12/26/2005,DAB,FL,ASO,ES,Combined TRACON& Tower with Radar,15,6,58,0,79,0,0,59,0,59,15,6,117,0,138,22,0,22,160
12/27/2005,DAB,FL,ASO,ES,Combined TRACON& Tower with Radar,14,3,55,0,72,0,0,144,0,144,14,3,199,0,216,24,0,24,240
12/28/2005,DAB,FL,ASO,ES,Combined TRACON& Tower with Radar,13,7,54,2,76,0,2,110,0,112,13,9,164,2,188,86,0,86,274
12/29/2005,DAB,FL,ASO,ES,Combined TRACON& Tower with Radar,14,3,47,4,68,0,1,99,2,102,14,4,146,6,170,12,8,20,190
12/30/2005,DAB,FL,ASO,ES,Combined TRACON& Tower with Radar,14,5,74,2,95,0,1,141,0,142,14,6,215,2,237,34,0,34,271
12/31/2005,DAB,FL,ASO,ES,Combined TRACON& Tower with Radar,13,8,31,0,52,0,0,91,0,91,13,8,122,0,143,38,0,38,181
01/01/2006,DAB,FL,ASO,ES,Combined TRACON& Tower with Radar,16,2,39,0,57,0,1,24,0,25,16,3,63,0,82,0,0,0,82
01/02/2006,DAB,FL,ASO,ES,Combined TRACON& Tower with Radar,12,3,46,0,61,0,0,92,0,92,12,3,138,0,153,10,0,10,163
01/03/2006,DAB,FL,ASO,ES,Combined TRACON& Tower with Radar,15,1,64,1,81,0,0,89,0,89,15,1,153,1,170,4,0,4,174
01/04/2006,DAB,FL,ASO,ES,Combined TRACON& Tower with Radar,15,11,118,2,146,0,3,162,0,165,15,14,280,2,311,22,0,22,333
01/05/2006,DAB,FL,ASO,ES,Combined TRACON& Tower with Radar,13,3,84,1,101,0,1,157,4,162,13,4,241,5,263,14,0,14,277
01/06/2006,DAB,FL,ASO,ES,Combined TRACON& Tower with Radar,17,7,90,2,116,0,0,205,0,205,17,7,295,2,321,59,0,59,380
01/07/2006,DAB,FL,ASO,ES,Combined TRACON& Tower with Radar,15,12,46,2,75,0,0,143,0,143,15,12,189,2,218,0,0,0,218
01/08/2006,DAB,FL,ASO,ES,Combined TRACON& Tower with Radar,15,1,44,3,63,0,0,108,0,108,15,1,152,3,171,18,0,18,189
01/09/2006,DAB,FL,ASO,ES,Combined TRACON& Tower with Radar,14,3,89,2,108,0,0,222,0,222,14,3,311,2,330,12,0,12,342
01/10/2006,DAB,FL,ASO,ES,Combined TRACON& Tower with Radar,16,5,121,2,144,0,0,247,0,247,16,5,368,2,391,14,0,14,405
01/11/2006,DAB,FL,ASO,ES,Combined TRACON& Tower with Radar,13,4,120,4,141,0,2,277,0,279,13,6,397,4,420,0,0,0,420
01/12/2006,DAB,FL,ASO,ES,Combined TRACON& Tower with Radar,15,0,130,2,147,0,0,381,0,381,15,0,511,2,528,8,0,8,536
01/13/2006,DAB,FL,ASO,ES,Combined TRACON& Tower with Radar,15,4,97,5,121,0,1,312,0,313,15,5,409,5,434,0,0,0,434
01/14/2006,DAB,FL,ASO,ES,Combined TRACON& Tower with Radar,17,2,45,1,65,0,0,61,0,61,17,2,106,1,126,12,0,12,138
01/15/2006,DAB,FL,ASO,ES,Combined TRACON& Tower with Radar,16,2,86,4,108,0,0,221,0,221,16,2,307,4,329,9,0,9,338
01/16/2006,DAB,FL,ASO,ES,Combined TRACON& Tower with Radar,15,3,164,0,182,0,1,691,0,692,15,4,855,0,874,236,0,236,1110
01/17/2006,DAB,FL,ASO,ES,Combined TRACON& Tower with Radar,17,1,88,2,108,0,0,324,0,324,17,1,412,2,432,2,0,2,434
01/18/2006,DAB,FL,ASO,ES,Combined TRACON& Tower with Radar,14,10,133,6,163,0,0,472,0,472,14,10,605,6,635,128,0,128,763
01/19/2006,DAB,FL,ASO,ES,Combined TRACON& Tower with Radar,14,10,192,0,216,0,0,731,0,731,14,10,923,0,947,287,0,287,1234
01/20/2006,DAB,FL,ASO,ES,Combined TRACON& Tower with Radar,16,8,225,12,261,0,0,492,2,494,16,8,717,14,755,297,0,297,1052
01/21/2006,DAB,FL,ASO,ES,Combined TRACON& Tower with Radar,14,3,151,3,171,0,0,500,0,500,14,3,651,3,671,195,0,195,866
01/22/2006,DAB,FL,ASO,ES,Combined TRACON& Tower with Radar,15,3,133,0,151,0,0,232,2,234,15,3,365,2,385,46,0,46,431
01/23/2006,DAB,FL,ASO,ES,Combined TRACON& Tower with Radar,15,2,169,1,187,0,1,533,1,535,15,3,702,2,722,173,0,173,895
01/24/2006,DAB,FL,ASO,ES,Combined TRACON& Tower with Radar,18,3,201,0,222,0,0,331,0,331,18,3,532,0,553,200,0,200,753
01/25/2006,DAB,FL,ASO,ES,Combined TRACON& Tower with Radar,14,7,189,0,210,0,0,730,0,730,14,7,919,0,940,194,0,194,1134
01/26/2006,DAB,FL,ASO,ES,Combined TRACON& Tower with Radar,14,13,161,0,188,0,2,733,0,735,14,15,894,0,923,153,0,153,1076
01/27/2006,DAB,FL,ASO,ES,Combined TRACON& Tower with Radar,16,11,186,10,223,0,1,656,4,661,16,12,842,14,884,135,0,135,1019
01/28/2006,DAB,FL,ASO,ES,Combined TRACON& Tower with Radar,15,11,155,6,187,0,2,610,0,612,15,13,765,6,799,219,0,219,1018
01/29/2006,DAB,FL,ASO,ES,Combined TRACON& Tower with Radar,15,24,99,1,139,0,2,222,1,225,15,26,321,2,364,44,0,44,408
01/30/2006,DAB,FL,ASO,ES,Combined TRACON& Tower with Radar,16,9,117,2,144,0,0,252,0,252,16,9,369,2,396,112,0,112,508
01/31/2006,DAB,FL,ASO,ES,Combined TRACON& Tower with Radar,16,3,118,2,139,0,2,657,0,659,16,5,775,2,798,92,0,92,890
02/01/2006,DAB,FL,ASO,ES,Combined TRACON& Tower with Radar,14,2,174,0,190,0,0,209,0,209,14,2,383,0,399,6,0,6,405
02/02/2006,DAB,FL,ASO,ES,Combined TRACON& Tower with Radar,13,2,144,1,160,0,0,334,4,338,13,2,478,5,498,28,0,28,526
02/03/2006,DAB,FL,ASO,ES,Combined TRACON& Tower with Radar,16,2,64,0,82,0,0,47,0,47,16,2,111,0,129,30,0,30,159
02/04/2006,DAB,FL,ASO,ES,Combined TRACON& Tower with Radar,16,4,90,0,110,0,0,68,0,68,16,4,158,0,178,44,0,44,222
02/05/2006,DAB,FL,ASO,ES,Combined TRACON& Tower with Radar,15,4,61,0,80,0,0,198,0,198,15,4,259,0,278,6,0,6,284
02/06/2006,DAB,FL,ASO,ES,Combined TRACON& Tower with Radar,11,5,156,0,172,0,1,647,0,648,11,6,803,0,820,8,0,8,828
02/07/2006,DAB,FL,ASO,ES,Combined TRACON& Tower with Radar,17,3,194,0,214,0,0,328,0,328,17,3,522,0,542,0,0,0,542
02/08/2006,DAB,FL,ASO,ES,Combined TRACON& Tower with Radar,16,10,166,2,194,0,0,623,1,624,16,10,789,3,818,0,0,0,818
02/09/2006,DAB,FL,ASO,ES,Combined TRACON& Tower with Radar,14,9,196,2,221,0,0,535,0,535,14,9,731,2,756,74,0,74,830
02/10/2006,DAB,FL,ASO,ES,Combined TRACON& Tower with Radar,14,5,221,16,256,0,0,772,2,774,14,5,993,18,1030,153,0,153,1183
02/11/2006,DAB,FL,ASO,ES,Combined TRACON& Tower with Radar,17,12,125,1,155,0,0,217,0,217,17,12,342,1,372,53,0,53,425
02/12/2006,DAB,FL,ASO,ES,Combined TRACON& Tower with Radar,11,8,118,2,139,0,0,138,0,138,11,8,256,2,277,32,0,32,309
02/13/2006,DAB,FL,ASO,ES,Combined TRACON& Tower with Radar,17,10,148,0,175,0,0,625,0,625,17,10,773,0,800,203,0,203,1003
02/14/2006,DAB,FL,ASO,ES,Combined TRACON& Tower with Radar,15,9,251,0,275,0,2,656,0,658,15,11,907,0,933,277,0,277,1210
02/15/2006,DAB,FL,ASO,ES,Combined TRACON& Tower with Radar,14,12,252,0,278,0,1,878,0,879,14,13,1130,0,1157,247,0,247,1404
02/16/2006,DAB,FL,ASO,ES,Combined TRACON& Tower with Radar,16,26,242,6,290,0,7,405,5,417,16,33,647,11,707,123,0,123,830
02/17/2006,DAB,FL,ASO,ES,Combined TRACON& Tower with Radar,16,24,221,4,265,0,6,613,1,620,16,30,834,5,885,218,0,218,1103
02/18/2006,DAB,FL,ASO,ES,Combined TRACON& Tower with Radar,17,25,200,4,246,0,1,374,2,377,17,26,574,6,623,158,0,158,781
02/19/2006,DAB,FL,ASO,ES,Combined TRACON& Tower with Radar,15,65,586,9,675,0,1,28,0,29,15,66,614,9,704,8,0,8,712
02/20/2006,DAB,FL,ASO,ES,Combined TRACON& Tower with Radar,22,10,269,6,307,0,0,209,0,209,22,10,478,6,516,112,0,112,628
02/21/2006,DAB,FL,ASO,ES,Combined TRACON& Tower with Radar,16,14,156,1,187,0,1,523,0,524,16,15,679,1,711,166,0,166,877
02/22/2006,DAB,FL,ASO,ES,Combined TRACON& Tower with Radar,16,8,175,4,203,0,0,649,0,649,16,8,824,4,852,340,0,340,1192
02/23/2006,DAB,FL,ASO,ES,Combined TRACON& Tower with Radar,17,6,195,0,218,0,0,254,0,254,17,6,449,0,472,129,0,129,601
02/24/2006,DAB,FL,ASO,ES,Combined TRACON& Tower with Radar,16,14,242,0,272,0,0,637,2,639,16,14,879,2,911,198,0,198,1109
02/25/2006,DAB,FL,ASO,ES,Combined TRACON& Tower with Radar,14,8,136,3,161,0,0,0,2,2,14,8,136,5,163,18,0,18,181
02/26/2006,DAB,FL,ASO,ES,Combined TRACON& Tower with Radar,16,12,60,6,94,0,0,20,0,20,16,12,80,6,114,2,0,2,116
02/27/2006,DAB,FL,ASO,ES,Combined TRACON& Tower with Radar,14,7,201,4,226,0,3,844,1,848,14,10,1045,5,1074,311,0,311,1385
02/28/2006,DAB,FL,ASO,ES,Combined TRACON& Tower with Radar,16,8,160,0,184,0,0,867,0,867,16,8,1027,0,1051,234,0,234,1285
03/01/2006,DAB,FL,ASO,ES,Combined TRACON& Tower with Radar,14,8,159,4,185,0,1,779,0,780,14,9,938,4,965,437,0,437,1402
03/02/2006,DAB,FL,ASO,ES,Combined TRACON& Tower with Radar,11,16,175,3,205,0,0,665,2,667,11,16,840,5,872,223,0,223,1095
03/03/2006,DAB,FL,ASO,ES,Combined TRACON& Tower with Radar,15,14,189,4,222,0,0,604,3,607,15,14,793,7,829,246,0,246,1075
03/04/2006,DAB,FL,ASO,ES,Combined TRACON& Tower with Radar,13,14,123,0,150,0,2,269,0,271,13,16,392,0,421,4,0,4,425
03/05/2006,DAB,FL,ASO,ES,Combined TRACON& Tower with Radar,15,13,124,3,155,0,1,461,3,465,15,14,585,6,620,93,0,93,713
03/06/2006,DAB,FL,ASO,ES,Combined TRACON& Tower with Radar,14,13,153,0,180,0,0,738,0,738,14,13,891,0,918,262,0,262,1180
03/07/2006,DAB,FL,ASO,ES,Combined TRACON& Tower with Radar,12,15,134,2,163,0,0,426,1,427,12,15,560,3,590,14,0,14,604
03/08/2006,DAB,FL,ASO,ES,Combined TRACON& Tower with Radar,15,20,184,3,222,0,1,817,3,821,15,21,1001,6,1043,245,0,245,1288
03/09/2006,DAB,FL,ASO,ES,Combined TRACON& Tower with Radar,12,14,156,5,187,0,1,548,0,549,12,15,704,5,736,56,0,56,792
03/10/2006,DAB,FL,ASO,ES,Combined TRACON& Tower with Radar,13,14,169,11,207,0,4,545,2,551,13,18,714,13,758,67,0,67,825
03/11/2006,DAB,FL,ASO,ES,Combined TRACON& Tower with Radar,14,20,161,3,198,0,0,490,0,490,14,20,651,3,688,59,0,59,747
03/12/2006,DAB,FL,ASO,ES,Combined TRACON& Tower with Radar,13,7,185,1,206,0,0,559,0,559,13,7,744,1,765,154,0,154,919
03/13/2006,DAB,FL,ASO,ES,Combined TRACON& Tower with Radar,14,17,110,8,149,0,0,218,0,218,14,17,328,8,367,32,0,32,399
03/14/2006,DAB,FL,ASO,ES,Combined TRACON& Tower with Radar,15,12,119,0,146,0,0,507,0,507,15,12,626,0,653,89,0,89,742
03/15/2006,DAB,FL,ASO,ES,Combined TRACON& Tower with Radar,14,16,182,0,212,0,1,576,2,579,14,17,758,2,791,71,0,71,862
03/16/2006,DAB,FL,ASO,ES,Combined TRACON& Tower with Radar,13,11,193,3,220,0,2,818,4,824,13,13,1011,7,1044,229,0,229,1273
03/17/2006,DAB,FL,ASO,ES,Combined TRACON& Tower with Radar,15,12,172,2,201,0,3,611,2,616,15,15,783,4,817,241,0,241,1058
03/18/2006,DAB,FL,ASO,ES,Combined TRACON& Tower with Radar,14,15,132,2,163,0,0,311,0,311,14,15,443,2,474,46,0,46,520
03/19/2006,DAB,FL,ASO,ES,Combined TRACON& Tower with Radar,14,13,94,1,122,0,1,254,0,255,14,14,348,1,377,36,0,36,413
03/20/2006,DAB,FL,ASO,ES,Combined TRACON& Tower with Radar,13,7,154,5,179,0,0,435,0,435,13,7,589,5,614,60,0,60,674
03/21/2006,DAB,FL,ASO,ES,Combined TRACON& Tower with Radar,16,12,92,0,120,0,0,166,0,166,16,12,258,0,286,78,0,78,364
03/22/2006,DAB,FL,ASO,ES,Combined TRACON& Tower with Radar,15,8,165,0,188,0,0,716,0,716,15,8,881,0,904,161,0,161,1065
03/23/2006,DAB,FL,ASO,ES,Combined TRACON& Tower with Radar,13,12,185,0,210,0,0,568,0,568,13,12,753,0,778,306,0,306,1084
03/24/2006,DAB,FL,ASO,ES,Combined TRACON& Tower with Radar,14,13,115,3,145,0,2,298,0,300,14,15,413,3,445,4,0,4,449
03/25/2006,DAB,FL,ASO,ES,Combined TRACON& Tower with Radar,15,15,95,4,129,0,0,300,0,300,15,15,395,4,429,52,0,52,481
03/26/2006,DAB,FL,ASO,ES,Combined TRACON& Tower with Radar,14,12,70,0,96,0,0,209,0,209,14,12,279,0,305,36,0,36,341
03/27/2006,DAB,FL,ASO,ES,Combined TRACON& Tower with Radar,14,11,147,0,172,0,0,610,0,610,14,11,757,0,782,206,0,206,988
03/28/2006,DAB,FL,ASO,ES,Combined TRACON& Tower with Radar,14,14,167,6,201,0,0,728,1,729,14,14,895,7,930,297,0,297,1227
03/29/2006,DAB,FL,ASO,ES,Combined TRACON& Tower with Radar,14,9,162,1,186,0,0,759,2,761,14,9,921,3,947,219,0,219,1166
03/30/2006,DAB,FL,ASO,ES,Combined TRACON& Tower with Radar,14,8,171,18,211,0,0,571,2,573,14,8,742,20,784,306,0,306,1090
03/31/2006,DAB,FL,ASO,ES,Combined TRACON& Tower with Radar,14,12,187,0,213,0,1,682,0,683,14,13,869,0,896,61,0,61,957
04/01/2006,DAB,FL,ASO,ES,Combined TRACON& Tower with Radar,14,16,121,0,151,0,0,499,0,499,14,16,620,0,650,208,0,208,858
04/02/2006,DAB,FL,ASO,ES,Combined TRACON& Tower with Radar,11,17,80,2,110,0,1,283,0,284,11,18,363,2,394,78,0,78,472
04/03/2006,DAB,FL,ASO,ES,Combined TRACON& Tower with Radar,14,7,149,0,170,0,0,568,0,568,14,7,717,0,738,198,0,198,936
04/04/2006,DAB,FL,ASO,ES,Combined TRACON& Tower with Radar,13,10,195,0,218,0,0,734,2,736,13,10,929,2,954,234,0,234,1188
04/05/2006,DAB,FL,ASO,ES,Combined TRACON& Tower with Radar,14,11,213,0,238,0,2,865,2,869,14,13,1078,2,1107,321,0,321,1428
04/06/2006,DAB,FL,ASO,ES,Combined TRACON& Tower with Radar,13,11,182,0,206,0,3,805,0,808,13,14,987,0,1014,285,0,285,1299
04/07/2006,DAB,FL,ASO,ES,Combined TRACON& Tower with Radar,15,12,143,3,173,0,0,539,2,541,15,12,682,5,714,166,0,166,880
04/08/2006,DAB,FL,ASO,ES,Combined TRACON& Tower with Radar,11,17,92,3,123,0,0,192,0,192,11,17,284,3,315,42,0,42,357
04/09/2006,DAB,FL,ASO,ES,Combined TRACON& Tower with Radar,16,15,137,2,170,0,0,61,2,63,16,15,198,4,233,8,0,8,241
04/10/2006,DAB,FL,ASO,ES,Combined TRACON& Tower with Radar,17,8,171,10,206,0,0,527,2,529,17,8,698,12,735,226,0,226,961
04/11/2006,DAB,FL,ASO,ES,Combined TRACON& Tower with Radar,14,6,185,6,211,0,0,603,0,603,14,6,788,6,814,186,0,186,1000
04/12/2006,DAB,FL,ASO,ES,Combined TRACON& Tower with Radar,14,11,214,2,241,0,1,726,1,728,14,12,940,3,969,364,0,364,1333
04/13/2006,DAB,FL,ASO,ES,Combined TRACON& Tower with Radar,14,9,169,0,192,0,0,772,3,775,14,9,941,3,967,277,0,277,1244
04/14/2006,DAB,FL,ASO,ES,Combined TRACON& Tower with Radar,14,15,203,0,232,0,1,922,0,923,14,16,1125,0,1155,347,0,347,1502
04/15/2006,DAB,FL,ASO,ES,Combined TRACON& Tower with Radar,12,22,104,0,138,0,0,481,2,483,12,22,585,2,621,156,0,156,777
04/16/2006,DAB,FL,ASO,ES,Combined TRACON& Tower with Radar,14,13,55,2,84,0,0,267,0,267,14,13,322,2,351,112,0,112,463
04/17/2006,DAB,FL,ASO,ES,Combined TRACON& Tower with Radar,14,17,125,6,162,0,0,293,0,293,14,17,418,6,455,105,0,105,560
04/18/2006,DAB,FL,ASO,ES,Combined TRACON& Tower with Radar,14,7,267,0,288,0,0,383,0,383,14,7,650,0,671,260,0,260,931
04/19/2006,DAB,FL,ASO,ES,Combined TRACON& Tower with Radar,12,6,253,0,271,0,1,731,0,732,12,7,984,0,1003,338,0,338,1341
04/20/2006,DAB,FL,ASO,ES,Combined TRACON& Tower with Radar,17,7,191,0,215,0,1,586,0,587,17,8,777,0,802,244,0,244,1046
04/21/2006,DAB,FL,ASO,ES,Combined TRACON& Tower with Radar,15,10,203,3,231,0,1,772,1,774,15,11,975,4,1005,212,0,212,1217
04/22/2006,DAB,FL,ASO,ES,Combined TRACON& Tower with Radar,12,17,94,0,123,0,0,300,0,300,12,17,394,0,423,126,0,126,549
04/23/2006,DAB,FL,ASO,ES,Combined TRACON& Tower with Radar,14,13,109,8,144,0,0,282,1,283,14,13,391,9,427,134,0,134,561
04/24/2006,DAB,FL,ASO,ES,Combined TRACON& Tower with Radar,13,10,153,4,180,0,1,458,0,459,13,11,611,4,639,206,0,206,845
04/25/2006,DAB,FL,ASO,ES,Combined TRACON& Tower with Radar,13,12,174,0,199,0,2,632,0,634,13,14,806,0,833,256,0,256,1089
04/26/2006,DAB,FL,ASO,ES,Combined TRACON& Tower with Radar,14,15,187,2,218,0,0,552,0,552,14,15,739,2,770,312,0,312,1082
04/27/2006,DAB,FL,ASO,ES,Combined TRACON& Tower with Radar,14,10,159,0,183,0,0,353,0,353,14,10,512,0,536,124,0,124,660
04/28/2006,DAB,FL,ASO,ES,Combined TRACON& Tower with Radar,14,11,213,8,246,0,0,659,0,659,14,11,872,8,905,294,0,294,1199
04/29/2006,DAB,FL,ASO,ES,Combined TRACON& Tower with Radar,12,20,102,0,134,0,0,328,1,329,12,20,430,1,463,221,0,221,684
04/30/2006,DAB,FL,ASO,ES,Combined TRACON& Tower with Radar,12,17,141,0,170,0,1,269,0,270,12,18,410,0,440,120,0,120,560
05/01/2006,DAB,FL,ASO,ES,Combined TRACON& Tower with Radar,16,10,179,0,205,0,0,614,0,614,16,10,793,0,819,232,0,232,1051
05/02/2006,DAB,FL,ASO,ES,Combined TRACON& Tower with Radar,12,8,199,4,223,0,1,788,0,789,12,9,987,4,1012,481,0,481,1493
05/03/2006,DAB,FL,ASO,ES,Combined TRACON& Tower with Radar,12,11,162,9,194,0,1,748,1,750,12,12,910,10,944,366,0,366,1310
05/04/2006,DAB,FL,ASO,ES,Combined TRACON& Tower with Radar,13,7,154,6,180,0,0,763,3,766,13,7,917,9,946,317,0,317,1263
05/05/2006,DAB,FL,ASO,ES,Combined TRACON& Tower with Radar,14,8,153,2,177,0,1,521,3,525,14,9,674,5,702,171,0,171,873
05/06/2006,DAB,FL,ASO,ES,Combined TRACON& Tower with Radar,13,8,90,0,111,0,0,254,1,255,13,8,344,1,366,80,0,80,446
05/07/2006,DAB,FL,ASO,ES,Combined TRACON& Tower with Radar,14,13,86,2,115,0,1,160,1,162,14,14,246,3,277,22,0,22,299
05/08/2006,DAB,FL,ASO,ES,Combined TRACON& Tower with Radar,14,12,187,1,214,0,5,465,2,472,14,17,652,3,686,447,0,447,1133
05/09/2006,DAB,FL,ASO,ES,Combined TRACON& Tower with Radar,12,13,252,3,280,0,3,438,0,441,12,16,690,3,721,270,0,270,991
05/10/2006,DAB,FL,ASO,ES,Combined TRACON& Tower with Radar,11,12,192,0,215,0,12,601,0,613,11,24,793,0,828,208,0,208,1036
05/11/2006,DAB,FL,ASO,ES,Combined TRACON& Tower with Radar,14,9,123,0,146,0,0,361,0,361,14,9,484,0,507,166,0,166,673
05/12/2006,DAB,FL,ASO,ES,Combined TRACON& Tower with Radar,15,13,192,2,222,0,0,692,0,692,15,13,884,2,914,255,0,255,1169
05/13/2006,DAB,FL,ASO,ES,Combined TRACON& Tower with Radar,12,7,96,0,115,0,5,436,1,442,12,12,532,1,557,218,0,218,775
05/14/2006,DAB,FL,ASO,ES,Combined TRACON& Tower with Radar,14,3,73,3,93,0,0,214,1,215,14,3,287,4,308,60,0,60,368
05/15/2006,DAB,FL,ASO,ES,Combined TRACON& Tower with Radar,14,9,124,3,150,0,2,469,0,471,14,11,593,3,621,273,0,273,894
05/16/2006,DAB,FL,ASO,ES,Combined TRACON& Tower with Radar,11,8,186,0,205,0,0,454,0,454,11,8,640,0,659,136,0,136,795
05/17/2006,DAB,FL,ASO,ES,Combined TRACON& Tower with Radar,12,7,124,0,143,0,3,574,0,577,12,10,698,0,720,180,0,180,900
05/18/2006,DAB,FL,ASO,ES,Combined TRACON& Tower with Radar,15,12,122,0,149,0,0,607,2,609,15,12,729,2,758,124,0,124,882
05/19/2006,DAB,FL,ASO,ES,Combined TRACON& Tower with Radar,14,11,145,4,174,0,0,578,2,580,14,11,723,6,754,224,14,238,992
05/20/2006,DAB,FL,ASO,ES,Combined TRACON& Tower with Radar,12,9,85,6,112,0,0,336,0,336,12,9,421,6,448,130,0,130,578
05/21/2006,DAB,FL,ASO,ES,Combined TRACON& Tower with Radar,14,7,89,5,115,0,0,263,0,263,14,7,352,5,378,79,0,79,457
05/22/2006,DAB,FL,ASO,ES,Combined TRACON& Tower with Radar,14,11,140,3,168,0,0,583,0,583,14,11,723,3,751,327,0,327,1078
05/23/2006,DAB,FL,ASO,ES,Combined TRACON& Tower with Radar,12,6,178,6,202,0,0,651,2,653,12,6,829,8,855,141,0,141,996
05/24/2006,DAB,FL,ASO,ES,Combined TRACON& Tower with Radar,12,11,149,3,175,0,0,515,0,515,12,11,664,3,690,308,0,308,998
05/25/2006,DAB,FL,ASO,ES,Combined TRACON& Tower with Radar,13,8,151,0,172,0,0,606,0,606,13,8,757,0,778,268,0,268,1046
05/26/2006,DAB,FL,ASO,ES,Combined TRACON& Tower with Radar,11,8,155,0,174,0,2,411,0,413,11,10,566,0,587,178,0,178,765
05/27/2006,DAB,FL,ASO,ES,Combined TRACON& Tower with Radar,13,6,96,0,115,0,3,249,0,252,13,9,345,0,367,107,0,107,474
05/28/2006,DAB,FL,ASO,ES,Combined TRACON& Tower with Radar,11,12,76,4,103,0,0,164,0,164,11,12,240,4,267,62,0,62,329
05/29/2006,DAB,FL,ASO,ES,Combined TRACON& Tower with Radar,13,10,119,0,142,0,0,205,1,206,13,10,324,1,348,85,0,85,433
05/30/2006,DAB,FL,ASO,ES,Combined TRACON& Tower with Radar,13,9,215,0,237,0,0,363,0,363,13,9,578,0,600,236,0,236,836
05/31/2006,DAB,FL,ASO,ES,Combined TRACON& Tower with Radar,12,10,199,0,221,0,0,505,2,507,12,10,704,2,728,238,0,238,966
06/01/2006,DAB,FL,ASO,ES,Combined TRACON& Tower with Radar,13,11,168,4,196,0,0,391,3,394,13,11,559,7,590,159,0,159,749
06/02/2006,DAB,FL,ASO,ES,Combined TRACON& Tower with Radar,13,8,184,0,205,0,0,485,0,485,13,8,669,0,690,134,0,134,824
06/03/2006,DAB,FL,ASO,ES,Combined TRACON& Tower with Radar,14,6,94,0,114,0,0,295,1,296,14,6,389,1,410,128,0,128,538
06/04/2006,DAB,FL,ASO,ES,Combined TRACON& Tower with Radar,13,8,95,8,124,0,0,218,1,219,13,8,313,9,343,104,12,116,459
06/05/2006,DAB,FL,ASO,ES,Combined TRACON& Tower with Radar,13,8,121,2,144,0,0,483,0,483,13,8,604,2,627,197,0,197,824
06/06/2006,DAB,FL,ASO,ES,Combined TRACON& Tower with Radar,12,10,121,0,143,0,0,450,0,450,12,10,571,0,593,148,0,148,741
06/07/2006,DAB,FL,ASO,ES,Combined TRACON& Tower with Radar,12,10,151,0,173,0,0,586,0,586,12,10,737,0,759,202,0,202,961
06/08/2006,DAB,FL,ASO,ES,Combined TRACON& Tower with Radar,8,15,168,0,191,0,1,584,0,585,8,16,752,0,776,197,0,197,973
06/09/2006,DAB,FL,ASO,ES,Combined TRACON& Tower with Radar,8,16,135,3,162,0,0,500,3,503,8,16,635,6,665,288,0,288,953
06/10/2006,DAB,FL,ASO,ES,Combined TRACON& Tower with Radar,8,17,93,4,122,0,3,281,0,284,8,20,374,4,406,107,0,107,513
06/11/2006,DAB,FL,ASO,ES,Combined TRACON& Tower with Radar,8,14,75,0,97,0,0,153,0,153,8,14,228,0,250,71,0,71,321
06/12/2006,DAB,FL,ASO,ES,Combined TRACON& Tower with Radar,7,16,75,1,99,0,0,62,0,62,7,16,137,1,161,35,0,35,196
06/13/2006,DAB,FL,ASO,ES,Combined TRACON& Tower with Radar,9,11,50,0,70,0,0,13,0,13,9,11,63,0,83,2,0,2,85
06/14/2006,DAB,FL,ASO,ES,Combined TRACON& Tower with Radar,8,16,120,2,146,0,2,380,0,382,8,18,500,2,528,308,0,308,836
06/15/2006,DAB,FL,ASO,ES,Combined TRACON& Tower with Radar,8,16,134,2,160,0,0,529,0,529,8,16,663,2,689,326,0,326,1015
06/16/2006,DAB,FL,ASO,ES,Combined TRACON& Tower with Radar,9,13,242,4,268,0,2,470,0,472,9,15,712,4,740,357,0,357,1097
06/17/2006,DAB,FL,ASO,ES,Combined TRACON& Tower with Radar,9,11,130,0,150,0,0,310,0,310,9,11,440,0,460,173,0,173,633
06/18/2006,DAB,FL,ASO,ES,Combined TRACON& Tower with Radar,8,17,97,4,126,0,0,93,0,93,8,17,190,4,219,86,0,86,305
06/19/2006,DAB,FL,ASO,ES,Combined TRACON& Tower with Radar,8,11,140,0,159,0,0,531,0,531,8,11,671,0,690,284,0,284,974
06/20/2006,DAB,FL,ASO,ES,Combined TRACON& Tower with Radar,8,18,136,0,162,0,0,496,0,496,8,18,632,0,658,273,0,273,931
06/21/2006,DAB,FL,ASO,ES,Combined TRACON& Tower with Radar,8,17,155,2,182,0,0,480,0,480,8,17,635,2,662,202,0,202,864
06/22/2006,DAB,FL,ASO,ES,Combined TRACON& Tower with Radar,7,18,154,4,183,0,0,438,0,438,7,18,592,4,621,203,0,203,824
06/23/2006,DAB,FL,ASO,ES,Combined TRACON& Tower with Radar,9,14,154,10,187,0,0,439,0,439,9,14,593,10,626,168,0,168,794
06/24/2006,DAB,FL,ASO,ES,Combined TRACON& Tower with Radar,8,17,92,0,117,0,0,195,0,195,8,17,287,0,312,134,0,134,446
06/25/2006,DAB,FL,ASO,ES,Combined TRACON& Tower with Radar,6,13,89,0,108,0,0,183,0,183,6,13,272,0,291,36,0,36,327
06/26/2006,DAB,FL,ASO,ES,Combined TRACON& Tower with Radar,7,13,172,0,192,0,0,165,0,165,7,13,337,0,357,73,0,73,430
06/27/2006,DAB,FL,ASO,ES,Combined TRACON& Tower with Radar,8,16,123,0,147,0,2,201,0,203,8,18,324,0,350,109,0,109,459
06/28/2006,DAB,FL,ASO,ES,Combined TRACON& Tower with Radar,11,25,209,0,245,0,0,512,0,512,11,25,721,0,757,166,0,166,923
06/29/2006,DAB,FL,ASO,ES,Combined TRACON& Tower with Radar,8,22,213,8,251,0,0,428,3,431,8,22,641,11,682,283,4,287,969
06/30/2006,DAB,FL,ASO,ES,Combined TRACON& Tower with Radar,9,23,226,1,259,0,2,488,4,494,9,25,714,5,753,194,2,196,949
07/01/2006,DAB,FL,ASO,ES,Combined TRACON& Tower with Radar,11,48,145,5,209,0,3,190,1,194,11,51,335,6,403,4,0,4,407
07/02/2006,DAB,FL,ASO,ES,Combined TRACON& Tower with Radar,10,48,178,6,242,0,1,97,0,98,10,49,275,6,340,78,0,78,418
07/03/2006,DAB,FL,ASO,ES,Combined TRACON& Tower with Radar,8,29,113,1,151,0,0,399,0,399,8,29,512,1,550,237,0,237,787
07/04/2006,DAB,FL,ASO,ES,Combined TRACON& Tower with Radar,8,29,77,0,114,0,0,206,0,206,8,29,283,0,320,121,0,121,441
07/05/2006,DAB,FL,ASO,ES,Combined TRACON& Tower with Radar,6,21,133,3,163,0,2,405,0,407,6,23,538,3,570,332,0,332,902
07/06/2006,DAB,FL,ASO,ES,Combined TRACON& Tower with Radar,9,13,86,1,109,0,0,348,1,349,9,13,434,2,458,150,0,150,608
07/07/2006,DAB,FL,ASO,ES,Combined TRACON& Tower with Radar,9,16,168,0,193,0,0,61,0,61,9,16,229,0,254,60,0,60,314
07/08/2006,DAB,FL,ASO,ES,Combined TRACON& Tower with Radar,8,17,119,0,144,0,1,277,0,278,8,18,396,0,422,93,0,93,515
07/09/2006,DAB,FL,ASO,ES,Combined TRACON& Tower with Radar,7,9,74,0,90,0,0,261,0,261,7,9,335,0,351,138,0,138,489
07/10/2006,DAB,FL,ASO,ES,Combined TRACON& Tower with Radar,9,13,123,0,145,0,0,528,1,529,9,13,651,1,674,172,0,172,846
07/11/2006,DAB,FL,ASO,ES,Combined TRACON& Tower with Radar,8,12,122,0,142,0,0,359,2,361,8,12,481,2,503,261,0,261,764
07/12/2006,DAB,FL,ASO,ES,Combined TRACON& Tower with Radar,8,11,153,0,172,0,0,212,0,212,8,11,365,0,384,87,0,87,471
07/13/2006,DAB,FL,ASO,ES,Combined TRACON& Tower with Radar,8,12,150,5,175,0,1,401,3,405,8,13,551,8,580,223,0,223,803
07/14/2006,DAB,FL,ASO,ES,Combined TRACON& Tower with Radar,7,13,159,7,186,0,0,756,0,756,7,13,915,7,942,224,0,224,1166
07/15/2006,DAB,FL,ASO,ES,Combined TRACON& Tower with Radar,8,16,104,0,128,0,2,363,1,366,8,18,467,1,494,106,0,106,600
07/16/2006,DAB,FL,ASO,ES,Combined TRACON& Tower with Radar,9,13,74,0,96,0,1,208,0,209,9,14,282,0,305,43,0,43,348
07/17/2006,DAB,FL,ASO,ES,Combined TRACON& Tower with Radar,10,16,102,0,128,0,1,275,0,276,10,17,377,0,404,121,0,121,525
07/18/2006,DAB,FL,ASO,ES,Combined TRACON& Tower with Radar,8,13,134,0,155,0,0,528,0,528,8,13,662,0,683,194,0,194,877
07/19/2006,DAB,FL,ASO,ES,Combined TRACON& Tower with Radar,7,12,148,0,167,0,2,467,0,469,7,14,615,0,636,199,0,199,835
07/20/2006,DAB,FL,ASO,ES,Combined TRACON& Tower with Radar,8,13,164,1,186,0,0,411,1,412,8,13,575,2,598,163,0,163,761
07/21/2006,DAB,FL,ASO,ES,Combined TRACON& Tower with Radar,8,10,153,0,171,0,0,398,0,398,8,10,551,0,569,112,0,112,681
07/22/2006,DAB,FL,ASO,ES,Combined TRACON& Tower with Radar,8,13,105,0,126,0,0,325,0,325,8,13,430,0,451,173,0,173,624
07/23/2006,DAB,FL,ASO,ES,Combined TRACON& Tower with Radar,9,11,72,7,99,0,0,116,0,116,9,11,188,7,215,112,0,112,327
07/24/2006,DAB,FL,ASO,ES,Combined TRACON& Tower with Radar,8,15,114,0,137,0,0,283,0,283,8,15,397,0,420,175,0,175,595
07/25/2006,DAB,FL,ASO,ES,Combined TRACON& Tower with Radar,8,15,125,2,150,0,0,461,2,463,8,15,586,4,613,175,0,175,788
07/26/2006,DAB,FL,ASO,ES,Combined TRACON& Tower with Radar,8,20,156,3,187,0,0,398,3,401,8,20,554,6,588,154,0,154,742
07/27/2006,DAB,FL,ASO,ES,Combined TRACON& Tower with Radar,7,14,184,0,205,0,0,521,0,521,7,14,705,0,726,316,0,316,1042
07/28/2006,DAB,FL,ASO,ES,Combined TRACON& Tower with Radar,8,9,185,0,202,0,0,428,0,428,8,9,613,0,630,142,0,142,772
07/29/2006,DAB,FL,ASO,ES,Combined TRACON& Tower with Radar,9,15,97,1,122,0,0,304,0,304,9,15,401,1,426,167,0,167,593
07/30/2006,DAB,FL,ASO,ES,Combined TRACON& Tower with Radar,8,11,93,2,114,0,0,196,0,196,8,11,289,2,310,38,0,38,348
07/31/2006,DAB,FL,ASO,ES,Combined TRACON& Tower with Radar,8,14,105,0,127,0,0,434,0,434,8,14,539,0,561,327,0,327,888
08/01/2006,DAB,FL,ASO,ES,Combined TRACON& Tower with Radar,7,13,132,2,154,0,2,478,0,480,7,15,610,2,634,133,0,133,767
08/02/2006,DAB,FL,ASO,ES,Combined TRACON& Tower with Radar,9,13,137,1,160,0,4,364,1,369,9,17,501,2,529,142,0,142,671
08/03/2006,DAB,FL,ASO,ES,Combined TRACON& Tower with Radar,8,17,130,0,155,0,0,491,0,491,8,17,621,0,646,230,0,230,876
08/04/2006,DAB,FL,ASO,ES,Combined TRACON& Tower with Radar,8,16,93,2,119,0,0,390,1,391,8,16,483,3,510,186,0,186,696
08/05/2006,DAB,FL,ASO,ES,Combined TRACON& Tower with Radar,7,13,91,0,111,0,0,325,1,326,7,13,416,1,437,120,0,120,557
08/06/2006,DAB,FL,ASO,ES,Combined TRACON& Tower with Radar,9,12,109,4,134,0,0,207,0,207,9,12,316,4,341,84,0,84,425
08/07/2006,DAB,FL,ASO,ES,Combined TRACON& Tower with Radar,8,18,117,2,145,0,0,419,0,419,8,18,536,2,564,212,0,212,776
08/08/2006,DAB,FL,ASO,ES,Combined TRACON& Tower with Radar,8,15,154,2,179,0,0,534,3,537,8,15,688,5,716,265,0,265,981
08/09/2006,DAB,FL,ASO,ES,Combined TRACON& Tower with Radar,7,11,127,0,145,0,1,464,1,466,7,12,591,1,611,138,0,138,749
08/10/2006,DAB,FL,ASO,ES,Combined TRACON& Tower with Radar,7,12,141,0,160,0,0,444,0,444,7,12,585,0,604,138,0,138,742
08/11/2006,DAB,FL,ASO,ES,Combined TRACON& Tower with Radar,8,13,86,1,108,0,2,349,3,354,8,15,435,4,462,165,0,165,627
08/12/2006,DAB,FL,ASO,ES,Combined TRACON& Tower with Radar,8,15,98,5,126,0,0,279,2,281,8,15,377,7,407,107,0,107,514
08/13/2006,DAB,FL,ASO,ES,Combined TRACON& Tower with Radar,8,11,76,0,95,0,0,118,0,118,8,11,194,0,213,48,0,48,261
08/14/2006,DAB,FL,ASO,ES,Combined TRACON& Tower with Radar,8,13,136,1,158,0,0,427,1,428,8,13,563,2,586,143,0,143,729
08/15/2006,DAB,FL,ASO,ES,Combined TRACON& Tower with Radar,7,15,164,0,186,0,2,363,0,365,7,17,527,0,551,168,0,168,719
08/16/2006,DAB,FL,ASO,ES,Combined TRACON& Tower with Radar,9,14,134,2,159,0,0,395,3,398,9,14,529,5,557,189,0,189,746
08/17/2006,DAB,FL,ASO,ES,Combined TRACON& Tower with Radar,8,12,133,0,153,0,0,376,1,377,8,12,509,1,530,190,0,190,720
08/18/2006,DAB,FL,ASO,ES,Combined TRACON& Tower with Radar,8,16,95,0,119,0,0,354,1,355,8,16,449,1,474,139,0,139,613
08/19/2006,DAB,FL,ASO,ES,Combined TRACON& Tower with Radar,8,12,80,0,100,0,0,194,0,194,8,12,274,0,294,142,0,142,436
08/20/2006,DAB,FL,ASO,ES,Combined TRACON& Tower with Radar,7,16,74,5,102,0,0,141,0,141,7,16,215,5,243,44,0,44,287
08/21/2006,DAB,FL,ASO,ES,Combined TRACON& Tower with Radar,7,12,126,2,147,0,1,356,1,358,7,13,482,3,505,102,0,102,607
08/22/2006,DAB,FL,ASO,ES,Combined TRACON& Tower with Radar,8,15,122,0,145,0,1,297,0,298,8,16,419,0,443,88,0,88,531
08/23/2006,DAB,FL,ASO,ES,Combined TRACON& Tower with Radar,8,16,84,0,108,0,0,274,0,274,8,16,358,0,382,116,0,116,498
08/24/2006,DAB,FL,ASO,ES,Combined TRACON& Tower with Radar,8,23,118,2,151,0,0,317,1,318,8,23,435,3,469,170,0,170,639
08/25/2006,DAB,FL,ASO,ES,Combined TRACON& Tower with Radar,8,16,121,1,146,0,0,96,0,96,8,16,217,1,242,13,0,13,255
08/26/2006,DAB,FL,ASO,ES,Combined TRACON& Tower with Radar,8,12,99,0,119,0,0,222,0,222,8,12,321,0,341,84,0,84,425
08/27/2006,DAB,FL,ASO,ES,Combined TRACON& Tower with Radar,8,13,89,0,110,0,0,126,0,126,8,13,215,0,236,50,0,50,286
08/28/2006,DAB,FL,ASO,ES,Combined TRACON& Tower with Radar,8,13,97,0,118,0,0,339,0,339,8,13,436,0,457,102,0,102,559
08/29/2006,DAB,FL,ASO,ES,Combined TRACON& Tower with Radar,7,11,119,0,137,0,2,330,0,332,7,13,449,0,469,142,0,142,611
08/30/2006,DAB,FL,ASO,ES,Combined TRACON& Tower with Radar,8,11,15,0,34,0,0,17,0,17,8,11,32,0,51,10,0,10,61
08/31/2006,DAB,FL,ASO,ES,Combined TRACON& Tower with Radar,8,12,104,3,127,0,0,222,0,222,8,12,326,3,349,70,0,70,419
09/01/2006,DAB,FL,ASO,ES,Combined TRACON& Tower with Radar,11,18,170,1,200,0,0,309,0,309,11,18,479,1,509,150,0,150,659
09/02/2006,DAB,FL,ASO,ES,Combined TRACON& Tower with Radar,7,14,95,0,116,0,0,328,0,328,7,14,423,0,444,147,0,147,591
09/03/2006,DAB,FL,ASO,ES,Combined TRACON& Tower with Radar,6,12,55,0,73,0,0,162,0,162,6,12,217,0,235,54,0,54,289
09/04/2006,DAB,FL,ASO,ES,Combined TRACON& Tower with Radar,7,12,138,1,158,0,0,361,2,363,7,12,499,3,521,176,0,176,697
09/05/2006,DAB,FL,ASO,ES,Combined TRACON& Tower with Radar,7,10,131,0,148,0,1,390,0,391,7,11,521,0,539,143,0,143,682
09/06/2006,DAB,FL,ASO,ES,Combined TRACON& Tower with Radar,9,15,156,0,180,0,0,417,2,419,9,15,573,2,599,80,0,80,679
09/07/2006,DAB,FL,ASO,ES,Combined TRACON& Tower with Radar,10,12,107,3,132,0,0,401,2,403,10,12,508,5,535,238,0,238,773
09/08/2006,DAB,FL,ASO,ES,Combined TRACON& Tower with Radar,8,11,136,1,156,0,0,520,1,521,8,11,656,2,677,269,0,269,946
09/09/2006,DAB,FL,ASO,ES,Combined TRACON& Tower with Radar,6,15,82,2,105,0,0,566,0,566,6,15,648,2,671,225,0,225,896
09/10/2006,DAB,FL,ASO,ES,Combined TRACON& Tower with Radar,7,11,120,0,138,0,0,189,0,189,7,11,309,0,327,102,0,102,429
09/11/2006,DAB,FL,ASO,ES,Combined TRACON& Tower with Radar,8,12,115,3,138,0,3,621,2,626,8,15,736,5,764,162,0,162,926
09/12/2006,DAB,FL,ASO,ES,Combined TRACON& Tower with Radar,9,13,141,0,163,0,0,557,0,557,9,13,698,0,720,160,0,160,880
09/13/2006,DAB,FL,ASO,ES,Combined TRACON& Tower with Radar,7,11,156,0,174,0,3,547,0,550,7,14,703,0,724,46,0,46,770
09/14/2006,DAB,FL,ASO,ES,Combined TRACON& Tower with Radar,7,12,226,1,246,0,1,413,0,414,7,13,639,1,660,134,0,134,794
09/15/2006,DAB,FL,ASO,ES,Combined TRACON& Tower with Radar,10,10,167,0,187,0,0,599,0,599,10,10,766,0,786,204,0,204,990
09/16/2006,DAB,FL,ASO,ES,Combined TRACON& Tower with Radar,8,10,87,4,109,0,0,509,0,509,8,10,596,4,618,164,0,164,782
09/17/2006,DAB,FL,ASO,ES,Combined TRACON& Tower with Radar,8,13,61,0,82,0,0,235,0,235,8,13,296,0,317,76,0,76,393
09/18/2006,DAB,FL,ASO,ES,Combined TRACON& Tower with Radar,7,10,125,2,144,0,0,564,6,570,7,10,689,8,714,191,0,191,905
09/19/2006,DAB,FL,ASO,ES,Combined TRACON& Tower with Radar,9,12,107,0,128,0,0,421,1,422,9,12,528,1,550,244,0,244,794
09/20/2006,DAB,FL,ASO,ES,Combined TRACON& Tower with Radar,8,19,174,1,202,0,2,553,1,556,8,21,727,2,758,303,0,303,1061
09/21/2006,DAB,FL,ASO,ES,Combined TRACON& Tower with Radar,7,18,182,2,209,0,4,760,1,765,7,22,942,3,974,273,0,273,1247
09/22/2006,DAB,FL,ASO,ES,Combined TRACON& Tower with Radar,7,16,175,1,199,0,0,766,0,766,7,16,941,1,965,291,0,291,1256
09/23/2006,DAB,FL,ASO,ES,Combined TRACON& Tower with Radar,8,12,133,0,153,0,0,598,0,598,8,12,731,0,751,190,0,190,941
09/24/2006,DAB,FL,ASO,ES,Combined TRACON& Tower with Radar,6,12,60,0,78,0,0,361,11,372,6,12,421,11,450,190,0,190,640
09/25/2006,DAB,FL,ASO,ES,Combined TRACON& Tower with Radar,7,13,102,0,122,0,1,637,2,640,7,14,739,2,762,205,0,205,967
09/26/2006,DAB,FL,ASO,ES,Combined TRACON& Tower with Radar,9,15,169,0,193,0,0,500,0,500,9,15,669,0,693,285,0,285,978
09/27/2006,DAB,FL,ASO,ES,Combined TRACON& Tower with Radar,8,12,172,1,193,0,0,565,0,565,8,12,737,1,758,221,0,221,979
09/28/2006,DAB,FL,ASO,ES,Combined TRACON& Tower with Radar,8,12,130,0,150,0,0,730,2,732,8,12,860,2,882,352,0,352,1234
09/29/2006,DAB,FL,ASO,ES,Combined TRACON& Tower with Radar,8,11,133,1,153,0,0,811,1,812,8,11,944,2,965,369,0,369,1334
09/30/2006,DAB,FL,ASO,ES,Combined TRACON& Tower with Radar,5,11,110,1,127,0,0,572,3,575,5,11,682,4,702,238,0,238,940
10/01/2006,DAB,FL,ASO,ES,Combined TRACON& Tower with Radar,8,12,99,0,119,0,0,393,1,394,8,12,492,1,513,232,0,232,745
10/02/2006,DAB,FL,ASO,ES,Combined TRACON& Tower with Radar,8,12,132,0,152,0,0,649,0,649,8,12,781,0,801,278,0,278,1079
10/03/2006,DAB,FL,ASO,ES,Combined TRACON& Tower with Radar,8,13,149,0,170,0,2,710,2,714,8,15,859,2,884,195,0,195,1079
10/04/2006,DAB,FL,ASO,ES,Combined TRACON& Tower with Radar,7,11,158,0,176,0,0,767,0,767,7,11,925,0,943,298,0,298,1241
10/05/2006,DAB,FL,ASO,ES,Combined TRACON& Tower with Radar,8,15,142,0,165,0,1,766,0,767,8,16,908,0,932,348,0,348,1280
10/06/2006,DAB,FL,ASO,ES,Combined TRACON& Tower with Radar,9,17,108,1,135,0,1,765,0,766,9,18,873,1,901,326,0,326,1227
10/07/2006,DAB,FL,ASO,ES,Combined TRACON& Tower with Radar,8,14,120,0,142,0,2,573,0,575,8,16,693,0,717,193,0,193,910
10/08/2006,DAB,FL,ASO,ES,Combined TRACON& Tower with Radar,8,15,77,0,100,0,2,248,1,251,8,17,325,1,351,192,0,192,543
10/09/2006,DAB,FL,ASO,ES,Combined TRACON& Tower with Radar,7,14,99,0,120,0,1,702,1,704,7,15,801,1,824,245,0,245,1069
10/10/2006,DAB,FL,ASO,ES,Combined TRACON& Tower with Radar,9,12,155,1,177,0,1,838,5,844,9,13,993,6,1021,237,0,237,1258
10/11/2006,DAB,FL,ASO,ES,Combined TRACON& Tower with Radar,8,12,158,0,178,0,0,693,2,695,8,12,851,2,873,281,0,281,1154
10/12/2006,DAB,FL,ASO,ES,Combined TRACON& Tower with Radar,7,17,162,1,187,0,2,766,6,774,7,19,928,7,961,313,0,313,1274
10/13/2006,DAB,FL,ASO,ES,Combined TRACON& Tower with Radar,9,19,158,5,191,0,6,721,5,732,9,25,879,10,923,273,0,273,1196
10/14/2006,DAB,FL,ASO,ES,Combined TRACON& Tower with Radar,5,16,89,4,114,0,0,528,2,530,5,16,617,6,644,4,0,4,648
10/15/2006,DAB,FL,ASO,ES,Combined TRACON& Tower with Radar,8,17,119,0,144,0,0,426,0,426,8,17,545,0,570,184,0,184,754
10/16/2006,DAB,FL,ASO,ES,Combined TRACON& Tower with Radar,8,15,138,0,161,0,1,650,2,653,8,16,788,2,814,262,0,262,1076
10/17/2006,DAB,FL,ASO,ES,Combined TRACON& Tower with Radar,8,13,152,2,175,0,1,852,0,853,8,14,1004,2,1028,356,0,356,1384
10/18/2006,DAB,FL,ASO,ES,Combined TRACON& Tower with Radar,8,15,116,2,141,0,0,689,2,691,8,15,805,4,832,286,0,286,1118
10/19/2006,DAB,FL,ASO,ES,Combined TRACON& Tower with Radar,9,15,182,0,206,0,0,477,1,478,9,15,659,1,684,221,0,221,905
10/20/2006,DAB,FL,ASO,ES,Combined TRACON& Tower with Radar,8,13,144,1,166,0,3,525,2,530,8,16,669,3,696,208,0,208,904
10/21/2006,DAB,FL,ASO,ES,Combined TRACON& Tower with Radar,6,15,104,2,127,0,0,662,0,662,6,15,766,2,789,253,0,253,1042
10/22/2006,DAB,FL,ASO,ES,Combined TRACON& Tower with Radar,8,14,86,0,108,0,0,328,0,328,8,14,414,0,436,192,0,192,628
10/23/2006,DAB,FL,ASO,ES,Combined TRACON& Tower with Radar,8,14,149,3,174,0,1,617,1,619,8,15,766,4,793,144,0,144,937
10/24/2006,DAB,FL,ASO,ES,Combined TRACON& Tower with Radar,7,13,137,0,157,0,1,640,0,641,7,14,777,0,798,120,0,120,918
10/25/2006,DAB,FL,ASO,ES,Combined TRACON& Tower with Radar,11,13,177,1,202,0,0,753,0,753,11,13,930,1,955,267,0,267,1222
10/26/2006,DAB,FL,ASO,ES,Combined TRACON& Tower with Radar,9,16,198,2,225,0,0,0,0,0,9,16,198,2,225,446,0,446,671
10/27/2006,DAB,FL,ASO,ES,Combined TRACON& Tower with Radar,7,15,171,8,201,0,0,503,1,504,7,15,674,9,705,12,0,12,717
10/28/2006,DAB,FL,ASO,ES,Combined TRACON& Tower with Radar,6,13,62,0,81,0,1,296,1,298,6,14,358,1,379,224,0,224,603
10/29/2006,DAB,FL,ASO,ES,Combined TRACON& Tower with Radar,10,11,98,1,120,0,0,323,1,324,10,11,421,2,444,206,0,206,650
10/30/2006,DAB,FL,ASO,ES,Combined TRACON& Tower with Radar,8,12,154,3,177,0,0,736,3,739,8,12,890,6,916,414,0,414,1330
10/31/2006,DAB,FL,ASO,ES,Combined TRACON& Tower with Radar,8,9,166,1,184,0,1,807,0,808,8,10,973,1,992,302,0,302,1294
11/01/2006,DAB,FL,ASO,ES,Combined TRACON& Tower with Radar,7,14,251,2,274,0,0,224,0,224,7,14,475,2,498,78,0,78,576
11/02/2006,DAB,FL,ASO,ES,Combined TRACON& Tower with Radar,8,18,142,0,168,0,2,747,4,753,8,20,889,4,921,408,0,408,1329
11/03/2006,DAB,FL,ASO,ES,Combined TRACON& Tower with Radar,7,11,118,1,137,0,0,163,0,163,7,11,281,1,300,108,0,108,408
11/04/2006,DAB,FL,ASO,ES,Combined TRACON& Tower with Radar,9,17,115,0,141,0,0,516,0,516,9,17,631,0,657,226,0,226,883
11/05/2006,DAB,FL,ASO,ES,Combined TRACON& Tower with Radar,8,18,109,1,136,0,0,357,1,358,8,18,466,2,494,350,0,350,844
11/06/2006,DAB,FL,ASO,ES,Combined TRACON& Tower with Radar,8,14,205,0,227,0,0,705,4,709,8,14,910,4,936,348,0,348,1284
11/07/2006,DAB,FL,ASO,ES,Combined TRACON& Tower with Radar,8,25,175,3,211,0,0,433,0,433,8,25,608,3,644,258,0,258,902
11/08/2006,DAB,FL,ASO,ES,Combined TRACON& Tower with Radar,9,22,151,0,182,0,1,623,0,624,9,23,774,0,806,226,0,226,1032
11/09/2006,DAB,FL,ASO,ES,Combined TRACON& Tower with Radar,8,11,143,2,164,0,0,837,0,837,8,11,980,2,1001,191,0,191,1192
11/10/2006,DAB,FL,ASO,ES,Combined TRACON& Tower with Radar,10,24,179,0,213,0,6,812,1,819,10,30,991,1,1032,512,0,512,1544
11/11/2006,DAB,FL,ASO,ES,Combined TRACON& Tower with Radar,10,19,132,1,162,0,0,669,1,670,10,19,801,2,832,217,0,217,1049
11/12/2006,DAB,FL,ASO,ES,Combined TRACON& Tower with Radar,8,18,129,1,156,0,1,369,0,370,8,19,498,1,526,190,0,190,716
11/13/2006,DAB,FL,ASO,ES,Combined TRACON& Tower with Radar,8,12,161,2,183,0,0,797,1,798,8,12,958,3,981,445,0,445,1426
11/14/2006,DAB,FL,ASO,ES,Combined TRACON& Tower with Radar,8,18,178,0,204,0,0,839,0,839,8,18,1017,0,1043,329,0,329,1372
11/15/2006,DAB,FL,ASO,ES,Combined TRACON& Tower with Radar,8,19,132,0,159,0,0,525,0,525,8,19,657,0,684,6,0,6,690
11/16/2006,DAB,FL,ASO,ES,Combined TRACON& Tower with Radar,8,20,185,0,213,0,1,311,4,316,8,21,496,4,529,174,0,174,703
11/17/2006,DAB,FL,ASO,ES,Combined TRACON& Tower with Radar,8,27,137,3,175,0,12,747,3,762,8,39,884,6,937,303,0,303,1240
11/18/2006,DAB,FL,ASO,ES,Combined TRACON& Tower with Radar,10,14,132,3,159,0,0,639,0,639,10,14,771,3,798,260,0,260,1058
11/19/2006,DAB,FL,ASO,ES,Combined TRACON& Tower with Radar,10,14,116,3,143,0,0,399,0,399,10,14,515,3,542,158,0,158,700
11/20/2006,DAB,FL,ASO,ES,Combined TRACON& Tower with Radar,7,17,112,2,138,0,0,750,0,750,7,17,862,2,888,400,0,400,1288
11/21/2006,DAB,FL,ASO,ES,Combined TRACON& Tower with Radar,7,15,111,6,139,0,0,303,2,305,7,15,414,8,444,12,0,12,456
11/22/2006,DAB,FL,ASO,ES,Combined TRACON& Tower with Radar,8,16,95,4,123,0,0,450,0,450,8,16,545,4,573,287,0,287,860
11/23/2006,DAB,FL,ASO,ES,Combined TRACON& Tower with Radar,5,11,37,0,53,0,1,80,0,81,5,12,117,0,134,26,0,26,160
11/24/2006,DAB,FL,ASO,ES,Combined TRACON& Tower with Radar,6,10,90,0,106,0,0,326,0,326,6,10,416,0,432,8,0,8,440
11/25/2006,DAB,FL,ASO,ES,Combined TRACON& Tower with Radar,9,21,100,0,130,0,0,225,0,225,9,21,325,0,355,2,0,2,357
11/26/2006,DAB,FL,ASO,ES,Combined TRACON& Tower with Radar,8,14,103,0,125,0,1,198,0,199,8,15,301,0,324,30,0,30,354
11/27/2006,DAB,FL,ASO,ES,Combined TRACON& Tower with Radar,5,13,154,0,172,0,1,568,0,569,5,14,722,0,741,373,0,373,1114
11/28/2006,DAB,FL,ASO,ES,Combined TRACON& Tower with Radar,9,9,194,1,213,0,2,560,1,563,9,11,754,2,776,257,0,257,1033
11/29/2006,DAB,FL,ASO,ES,Combined TRACON& Tower with Radar,8,12,279,0,299,0,2,520,2,524,8,14,799,2,823,343,0,343,1166
11/30/2006,DAB,FL,ASO,ES,Combined TRACON& Tower with Radar,8,10,186,4,208,0,1,536,4,541,8,11,722,8,749,22,0,22,771
12/01/2006,DAB,FL,ASO,ES,Combined TRACON& Tower with Radar,8,9,165,2,184,0,6,582,3,591,8,15,747,5,775,233,0,233,1008
12/02/2006,DAB,FL,ASO,ES,Combined TRACON& Tower with Radar,10,16,272,0,298,0,1,497,1,499,10,17,769,1,797,472,0,472,1269
12/03/2006,DAB,FL,ASO,ES,Combined TRACON& Tower with Radar,8,13,136,0,157,0,6,361,4,371,8,19,497,4,528,203,0,203,731
12/04/2006,DAB,FL,ASO,ES,Combined TRACON& Tower with Radar,8,20,132,0,160,0,2,455,0,457,8,22,587,0,617,42,0,42,659
12/05/2006,DAB,FL,ASO,ES,Combined TRACON& Tower with Radar,7,18,200,3,228,1,4,731,0,736,8,22,931,3,964,303,0,303,1267
12/06/2006,DAB,FL,ASO,ES,Combined TRACON& Tower with Radar,8,17,211,0,236,0,0,713,3,716,8,17,924,3,952,304,0,304,1256
12/07/2006,DAB,FL,ASO,ES,Combined TRACON& Tower with Radar,8,13,166,0,187,0,0,661,0,661,8,13,827,0,848,324,0,324,1172
12/08/2006,DAB,FL,ASO,ES,Combined TRACON& Tower with Radar,8,14,110,0,132,0,0,259,1,260,8,14,369,1,392,4,0,4,396
12/09/2006,DAB,FL,ASO,ES,Combined TRACON& Tower with Radar,10,15,152,0,177,0,0,596,0,596,10,15,748,0,773,378,0,378,1151
12/10/2006,DAB,FL,ASO,ES,Combined TRACON& Tower with Radar,10,15,152,0,177,0,0,596,0,596,10,15,748,0,773,378,0,378,1151
12/11/2006,DAB,FL,ASO,ES,Combined TRACON& Tower with Radar,8,18,195,1,222,0,0,709,0,709,8,18,904,1,931,372,0,372,1303
12/12/2006,DAB,FL,ASO,ES,Combined TRACON& Tower with Radar,8,19,274,0,301,0,1,670,0,671,8,20,944,0,972,185,0,185,1157
12/13/2006,DAB,FL,ASO,ES,Combined TRACON& Tower with Radar,10,18,237,1,266,0,3,547,1,551,10,21,784,2,817,398,0,398,1215
12/14/2006,DAB,FL,ASO,ES,Combined TRACON& Tower with Radar,8,27,201,0,236,0,1,321,0,322,8,28,522,0,558,220,0,220,778
12/15/2006,DAB,FL,ASO,ES,Combined TRACON& Tower with Radar,10,21,217,2,250,0,0,34,0,34,10,21,251,2,284,41,0,41,325
12/16/2006,DAB,FL,ASO,ES,Combined TRACON& Tower with Radar,8,14,147,2,171,0,1,206,2,209,8,15,353,4,380,230,0,230,610
12/17/2006,DAB,FL,ASO,ES,Combined TRACON& Tower with Radar,12,12,118,3,145,0,1,352,0,353,12,13,470,3,498,211,0,211,709
12/18/2006,DAB,FL,ASO,ES,Combined TRACON& Tower with Radar,12,8,143,1,164,0,0,481,2,483,12,8,624,3,647,241,0,241,888
12/19/2006,DAB,FL,ASO,ES,Combined TRACON& Tower with Radar,10,11,152,5,178,0,3,451,1,455,10,14,603,6,633,208,0,208,841
12/20/2006,DAB,FL,ASO,ES,Combined TRACON& Tower with Radar,10,9,117,2,138,0,1,326,0,327,10,10,443,2,465,96,0,96,561
12/21/2006,DAB,FL,ASO,ES,Combined TRACON& Tower with Radar,10,15,106,0,131,0,2,226,0,228,10,17,332,0,359,90,0,90,449
12/22/2006,DAB,FL,ASO,ES,Combined TRACON& Tower with Radar,12,10,74,0,96,0,0,150,0,150,12,10,224,0,246,30,0,30,276
12/23/2006,DAB,FL,ASO,ES,Combined TRACON& Tower with Radar,8,14,50,0,72,0,0,109,0,109,8,14,159,0,181,55,0,55,236
12/24/2006,DAB,FL,ASO,ES,Combined TRACON& Tower with Radar,10,10,32,0,52,0,0,31,0,31,10,10,63,0,83,0,0,0,83
12/25/2006,DAB,FL,ASO,ES,Combined TRACON& Tower with Radar,6,10,3,0,19,0,0,10,0,10,6,10,13,0,29,0,0,0,29
12/26/2006,DAB,FL,ASO,ES,Combined TRACON& Tower with Radar,12,9,52,2,75,0,10,95,6,111,12,19,147,8,186,69,24,93,279
12/27/2006,DAB,FL,ASO,ES,Combined TRACON& Tower with Radar,12,12,82,2,108,0,0,191,0,191,12,12,273,2,299,72,0,72,371
12/28/2006,DAB,FL,ASO,ES,Combined TRACON& Tower with Radar,12,15,83,0,110,0,0,154,0,154,12,15,237,0,264,64,0,64,328
12/29/2006,DAB,FL,ASO,ES,Combined TRACON& Tower with Radar,13,11,72,0,96,0,0,178,0,178,13,11,250,0,274,129,0,129,403
12/30/2006,DAB,FL,ASO,ES,Combined TRACON& Tower with Radar,11,14,92,0,117,0,0,130,0,130,11,14,222,0,247,96,0,96,343
12/31/2006,DAB,FL,ASO,ES,Combined TRACON& Tower with Radar,8,12,57,0,77,0,0,55,0,55,8,12,112,0,132,16,0,16,148
01/01/2007,DAB,FL,ASO,ES,Combined TRACON& Tower with Radar,7,12,35,0,54,0,0,17,0,17,7,12,52,0,71,73,0,73,144
01/02/2007,DAB,FL,ASO,ES,Combined TRACON& Tower with Radar,13,10,98,0,121,0,0,157,2,159,13,10,255,2,280,74,0,74,354
01/03/2007,DAB,FL,ASO,ES,Combined TRACON& Tower with Radar,12,17,140,0,169,0,0,176,0,176,12,17,316,0,345,87,0,87,432
01/04/2007,DAB,FL,ASO,ES,Combined TRACON& Tower with Radar,12,17,123,2,154,0,0,233,2,235,12,17,356,4,389,136,0,136,525
01/05/2007,DAB,FL,ASO,ES,Combined TRACON& Tower with Radar,12,10,115,15,152,0,3,155,2,160,12,13,270,17,312,21,0,21,333
01/06/2007,DAB,FL,ASO,ES,Combined TRACON& Tower with Radar,12,27,95,1,135,0,2,289,0,291,12,29,384,1,426,178,0,178,604
01/07/2007,DAB,FL,ASO,ES,Combined TRACON& Tower with Radar,12,14,86,1,113,0,0,124,0,124,12,14,210,1,237,33,0,33,270
01/08/2007,DAB,FL,ASO,ES,Combined TRACON& Tower with Radar,13,10,132,0,155,0,0,145,0,145,13,10,277,0,300,84,0,84,384
01/09/2007,DAB,FL,ASO,ES,Combined TRACON& Tower with Radar,12,14,119,4,149,0,2,411,1,414,12,16,530,5,563,141,0,141,704
01/10/2007,DAB,FL,ASO,ES,Combined TRACON& Tower with Radar,12,14,132,0,158,0,0,338,0,338,12,14,470,0,496,40,0,40,536
01/11/2007,DAB,FL,ASO,ES,Combined TRACON& Tower with Radar,17,11,156,0,184,0,0,365,0,365,17,11,521,0,549,153,0,153,702
01/12/2007,DAB,FL,ASO,ES,Combined TRACON& Tower with Radar,18,10,137,4,169,0,0,395,4,399,18,10,532,8,568,206,6,212,780
01/13/2007,DAB,FL,ASO,ES,Combined TRACON& Tower with Radar,18,14,107,3,142,0,0,385,0,385,18,14,492,3,527,146,0,146,673
01/14/2007,DAB,FL,ASO,ES,Combined TRACON& Tower with Radar,18,12,112,3,145,0,0,156,0,156,18,12,268,3,301,15,0,15,316
01/15/2007,DAB,FL,ASO,ES,Combined TRACON& Tower with Radar,17,8,96,4,125,0,1,385,0,386,17,9,481,4,511,191,0,191,702
01/16/2007,DAB,FL,ASO,ES,Combined TRACON& Tower with Radar,18,17,107,3,145,0,0,391,1,392,18,17,498,4,537,159,0,159,696
01/17/2007,DAB,FL,ASO,ES,Combined TRACON& Tower with Radar,17,13,205,0,235,0,0,80,0,80,17,13,285,0,315,2,0,2,317
01/18/2007,DAB,FL,ASO,ES,Combined TRACON& Tower with Radar,16,13,147,4,180,0,0,0,0,0,16,13,147,4,180,0,0,0,180
01/19/2007,DAB,FL,ASO,ES,Combined TRACON& Tower with Radar,20,7,153,0,180,0,1,601,0,602,20,8,754,0,782,317,0,317,1099
01/20/2007,DAB,FL,ASO,ES,Combined TRACON& Tower with Radar,16,16,167,4,203,0,0,580,1,581,16,16,747,5,784,301,0,301,1085
01/21/2007,DAB,FL,ASO,ES,Combined TRACON& Tower with Radar,18,6,109,0,133,0,0,222,0,222,18,6,331,0,355,4,0,4,359
01/22/2007,DAB,FL,ASO,ES,Combined TRACON& Tower with Radar,18,8,113,3,142,0,1,264,1,266,18,9,377,4,408,84,0,84,492
01/23/2007,DAB,FL,ASO,ES,Combined TRACON& Tower with Radar,20,13,217,0,250,0,0,657,0,657,20,13,874,0,907,407,0,407,1314
01/24/2007,DAB,FL,ASO,ES,Combined TRACON& Tower with Radar,18,18,198,0,234,0,0,755,0,755,18,18,953,0,989,371,0,371,1360
01/25/2007,DAB,FL,ASO,ES,Combined TRACON& Tower with Radar,16,13,174,3,206,0,0,270,2,272,16,13,444,5,478,80,0,80,558
01/26/2007,DAB,FL,ASO,ES,Combined TRACON& Tower with Radar,17,20,199,4,240,0,0,741,0,741,17,20,940,4,981,225,0,225,1206
01/27/2007,DAB,FL,ASO,ES,Combined TRACON& Tower with Radar,19,21,143,0,183,0,0,695,2,697,19,21,838,2,880,347,0,347,1227
01/28/2007,DAB,FL,ASO,ES,Combined TRACON& Tower with Radar,17,27,129,2,175,0,0,174,0,174,17,27,303,2,349,25,0,25,374
01/29/2007,DAB,FL,ASO,ES,Combined TRACON& Tower with Radar,19,10,130,0,159,0,0,564,1,565,19,10,694,1,724,192,0,192,916
01/30/2007,DAB,FL,ASO,ES,Combined TRACON& Tower with Radar,17,14,123,1,155,0,0,547,0,547,17,14,670,1,702,254,0,254,956
01/31/2007,DAB,FL,ASO,ES,Combined TRACON& Tower with Radar,19,8,146,1,174,0,0,661,3,664,19,8,807,4,838,375,0,375,1213
02/01/2007,DAB,FL,ASO,ES,Combined TRACON& Tower with Radar,14,10,131,2,157,0,1,357,3,361,14,11,488,5,518,35,0,35,553
02/02/2007,DAB,FL,ASO,ES,Combined TRACON& Tower with Radar,18,13,132,5,168,0,1,537,0,538,18,14,669,5,706,225,0,225,931
02/03/2007,DAB,FL,ASO,ES,Combined TRACON& Tower with Radar,18,14,127,1,160,0,0,316,0,316,18,14,443,1,476,240,0,240,716
02/04/2007,DAB,FL,ASO,ES,Combined TRACON& Tower with Radar,19,12,118,3,152,0,0,239,0,239,19,12,357,3,391,2,0,2,393
02/05/2007,DAB,FL,ASO,ES,Combined TRACON& Tower with Radar,17,16,135,0,168,0,0,575,1,576,17,16,710,1,744,102,0,102,846
02/06/2007,DAB,FL,ASO,ES,Combined TRACON& Tower with Radar,18,14,176,0,208,0,0,732,1,733,18,14,908,1,941,259,0,259,1200
02/07/2007,DAB,FL,ASO,ES,Combined TRACON& Tower with Radar,21,14,190,0,225,0,0,620,0,620,21,14,810,0,845,244,0,244,1089
02/08/2007,DAB,FL,ASO,ES,Combined TRACON& Tower with Radar,22,15,230,0,267,0,1,681,1,683,22,16,911,1,950,273,0,273,1223
02/09/2007,DAB,FL,ASO,ES,Combined TRACON& Tower with Radar,18,14,192,4,228,0,0,676,0,676,18,14,868,4,904,299,0,299,1203
02/10/2007,DAB,FL,ASO,ES,Combined TRACON& Tower with Radar,19,15,208,0,242,0,3,487,0,490,19,18,695,0,732,258,0,258,990
02/11/2007,DAB,FL,ASO,ES,Combined TRACON& Tower with Radar,19,19,157,4,199,0,0,383,1,384,19,19,540,5,583,172,0,172,755
02/12/2007,DAB,FL,ASO,ES,Combined TRACON& Tower with Radar,19,11,202,0,232,0,0,564,1,565,19,11,766,1,797,319,0,319,1116
02/13/2007,DAB,FL,ASO,ES,Combined TRACON& Tower with Radar,18,13,182,3,216,0,1,431,0,432,18,14,613,3,648,154,0,154,802
02/14/2007,DAB,FL,ASO,ES,Combined TRACON& Tower with Radar,20,8,142,3,173,0,0,399,0,399,20,8,541,3,572,153,0,153,725
02/15/2007,DAB,FL,ASO,ES,Combined TRACON& Tower with Radar,27,20,256,1,304,0,0,553,5,558,27,20,809,6,862,107,0,107,969
02/16/2007,DAB,FL,ASO,ES,Combined TRACON& Tower with Radar,25,20,217,10,272,0,8,552,3,563,25,28,769,13,835,128,0,128,963
02/17/2007,DAB,FL,ASO,ES,Combined TRACON& Tower with Radar,25,28,203,0,256,0,0,427,1,428,25,28,630,1,684,122,0,122,806
02/18/2007,DAB,FL,ASO,ES,Combined TRACON& Tower with Radar,28,67,421,8,524,0,11,261,3,275,28,78,682,11,799,0,0,0,799
02/19/2007,DAB,FL,ASO,ES,Combined TRACON& Tower with Radar,32,18,212,6,268,0,0,651,2,653,32,18,863,8,921,226,0,226,1147
02/20/2007,DAB,FL,ASO,ES,Combined TRACON& Tower with Radar,24,14,183,1,222,0,0,773,0,773,24,14,956,1,995,341,0,341,1336
02/21/2007,DAB,FL,ASO,ES,Combined TRACON& Tower with Radar,23,13,169,2,207,0,1,543,0,544,23,14,712,2,751,286,0,286,1037
02/22/2007,DAB,FL,ASO,ES,Combined TRACON& Tower with Radar,23,9,136,1,169,0,0,611,9,620,23,9,747,10,789,421,0,421,1210
02/23/2007,DAB,FL,ASO,ES,Combined TRACON& Tower with Radar,25,10,169,3,207,0,0,586,3,589,25,10,755,6,796,226,0,226,1022
02/24/2007,DAB,FL,ASO,ES,Combined TRACON& Tower with Radar,22,18,146,4,190,0,3,629,0,632,22,21,775,4,822,246,0,246,1068
02/25/2007,DAB,FL,ASO,ES,Combined TRACON& Tower with Radar,22,6,91,1,120,0,1,211,1,213,22,7,302,2,333,73,8,81,414
02/26/2007,DAB,FL,ASO,ES,Combined TRACON& Tower with Radar,24,14,147,4,189,0,0,249,0,249,24,14,396,4,438,211,0,211,649
02/27/2007,DAB,FL,ASO,ES,Combined TRACON& Tower with Radar,24,9,149,2,184,0,0,516,0,516,24,9,665,2,700,282,0,282,982
02/28/2007,DAB,FL,ASO,ES,Combined TRACON& Tower with Radar,23,16,196,0,235,0,0,772,2,774,23,16,968,2,1009,346,0,346,1355
03/01/2007,DAB,FL,ASO,ES,Combined TRACON& Tower with Radar,23,11,121,0,155,0,0,286,0,286,23,11,407,0,441,20,0,20,461
03/02/2007,DAB,FL,ASO,ES,Combined TRACON& Tower with Radar,24,7,140,0,171,0,0,71,0,71,24,7,211,0,242,64,0,64,306
03/03/2007,DAB,FL,ASO,ES,Combined TRACON& Tower with Radar,23,12,198,1,234,0,0,185,0,185,23,12,383,1,419,114,0,114,533
03/04/2007,DAB,FL,ASO,ES,Combined TRACON& Tower with Radar,25,7,112,0,144,0,4,271,0,275,25,11,383,0,419,58,0,58,477
03/05/2007,DAB,FL,ASO,ES,Combined TRACON& Tower with Radar,24,12,167,0,203,0,1,673,0,674,24,13,840,0,877,228,0,228,1105
03/06/2007,DAB,FL,ASO,ES,Combined TRACON& Tower with Radar,24,18,211,0,253,0,1,822,6,829,24,19,1033,6,1082,212,0,212,1294
03/07/2007,DAB,FL,ASO,ES,Combined TRACON& Tower with Radar,23,18,183,0,224,0,1,865,0,866,23,19,1048,0,1090,267,0,267,1357
03/08/2007,DAB,FL,ASO,ES,Combined TRACON& Tower with Radar,24,16,182,1,223,0,0,814,0,814,24,16,996,1,1037,316,0,316,1353
03/09/2007,DAB,FL,ASO,ES,Combined TRACON& Tower with Radar,23,35,187,0,245,0,2,825,0,827,23,37,1012,0,1072,293,0,293,1365
03/10/2007,DAB,FL,ASO,ES,Combined TRACON& Tower with Radar,24,28,164,0,216,0,0,485,0,485,24,28,649,0,701,174,0,174,875
03/11/2007,DAB,FL,ASO,ES,Combined TRACON& Tower with Radar,23,24,113,1,161,0,1,302,0,303,23,25,415,1,464,131,0,131,595
03/12/2007,DAB,FL,ASO,ES,Combined TRACON& Tower with Radar,24,9,149,0,182,0,2,685,0,687,24,11,834,0,869,272,0,272,1141
03/13/2007,DAB,FL,ASO,ES,Combined TRACON& Tower with Radar,26,14,164,2,206,0,3,790,1,794,26,17,954,3,1000,312,0,312,1312
03/14/2007,DAB,FL,ASO,ES,Combined TRACON& Tower with Radar,24,9,162,2,197,0,1,631,1,633,24,10,793,3,830,45,0,45,875
03/15/2007,DAB,FL,ASO,ES,Combined TRACON& Tower with Radar,24,12,130,4,170,0,1,513,7,521,24,13,643,11,691,31,0,31,722
03/16/2007,DAB,FL,ASO,ES,Combined TRACON& Tower with Radar,24,14,118,5,161,0,0,231,1,232,24,14,349,6,393,190,0,190,583
03/17/2007,DAB,FL,ASO,ES,Combined TRACON& Tower with Radar,20,21,109,0,150,0,0,463,0,463,20,21,572,0,613,90,0,90,703
03/18/2007,DAB,FL,ASO,ES,Combined TRACON& Tower with Radar,22,21,81,0,124,0,1,220,2,223,22,22,301,2,347,49,0,49,396
03/19/2007,DAB,FL,ASO,ES,Combined TRACON& Tower with Radar,24,11,186,2,223,0,0,627,0,627,24,11,813,2,850,267,0,267,1117
03/20/2007,DAB,FL,ASO,ES,Combined TRACON& Tower with Radar,24,17,151,0,192,0,0,731,10,741,24,17,882,10,933,379,0,379,1312
03/21/2007,DAB,FL,ASO,ES,Combined TRACON& Tower with Radar,24,14,130,0,168,0,0,562,1,563,24,14,692,1,731,250,0,250,981
03/22/2007,DAB,FL,ASO,ES,Combined TRACON& Tower with Radar,24,19,152,0,195,0,0,649,1,650,24,19,801,1,845,262,0,262,1107
03/23/2007,DAB,FL,ASO,ES,Combined TRACON& Tower with Radar,23,17,138,1,179,0,0,590,2,592,23,17,728,3,771,227,0,227,998
03/24/2007,DAB,FL,ASO,ES,Combined TRACON& Tower with Radar,21,24,109,0,154,0,6,533,1,540,21,30,642,1,694,317,0,317,1011
03/25/2007,DAB,FL,ASO,ES,Combined TRACON& Tower with Radar,25,21,94,5,145,0,0,432,1,433,25,21,526,6,578,122,0,122,700
03/26/2007,DAB,FL,ASO,ES,Combined TRACON& Tower with Radar,24,14,158,0,196,0,0,527,0,527,24,14,685,0,723,357,0,357,1080
03/27/2007,DAB,FL,ASO,ES,Combined TRACON& Tower with Radar,24,22,163,0,209,0,1,862,0,863,24,23,1025,0,1072,416,0,416,1488
03/28/2007,DAB,FL,ASO,ES,Combined TRACON& Tower with Radar,24,9,178,1,212,0,1,825,3,829,24,10,1003,4,1041,438,0,438,1479
03/29/2007,DAB,FL,ASO,ES,Combined TRACON& Tower with Radar,22,12,155,0,189,0,2,807,7,816,22,14,962,7,1005,454,0,454,1459
03/30/2007,DAB,FL,ASO,ES,Combined TRACON& Tower with Radar,24,15,259,2,300,0,0,69,2,71,24,15,328,4,371,16,0,16,387
03/31/2007,DAB,FL,ASO,ES,Combined TRACON& Tower with Radar,22,26,130,2,180,0,0,582,0,582,22,26,712,2,762,261,0,261,1023
04/01/2007,DAB,FL,ASO,ES,Combined TRACON& Tower with Radar,24,15,65,5,109,0,2,237,1,240,24,17,302,6,349,42,0,42,391
04/02/2007,DAB,FL,ASO,ES,Combined TRACON& Tower with Radar,24,16,162,0,202,0,3,735,3,741,24,19,897,3,943,494,0,494,1437
04/03/2007,DAB,FL,ASO,ES,Combined TRACON& Tower with Radar,23,13,207,3,246,0,0,845,0,845,23,13,1052,3,1091,540,0,540,1631
04/04/2007,DAB,FL,ASO,ES,Combined TRACON& Tower with Radar,26,15,176,6,223,0,0,762,0,762,26,15,938,6,985,320,0,320,1305
04/05/2007,DAB,FL,ASO,ES,Combined TRACON& Tower with Radar,23,14,176,0,213,0,0,611,0,611,23,14,787,0,824,249,0,249,1073
04/06/2007,DAB,FL,ASO,ES,Combined TRACON& Tower with Radar,25,18,138,0,181,0,1,668,0,669,25,19,806,0,850,227,0,227,1077
04/07/2007,DAB,FL,ASO,ES,Combined TRACON& Tower with Radar,24,24,104,2,154,0,2,461,0,463,24,26,565,2,617,132,0,132,749
04/08/2007,DAB,FL,ASO,ES,Combined TRACON& Tower with Radar,23,19,69,0,111,0,1,331,0,332,23,20,400,0,443,105,0,105,548
04/09/2007,DAB,FL,ASO,ES,Combined TRACON& Tower with Radar,13,8,42,1,64,0,1,193,0,194,13,9,235,1,258,133,0,133,391
04/10/2007,DAB,FL,ASO,ES,Combined TRACON& Tower with Radar,25,2,263,0,290,0,0,224,1,225,25,2,487,1,515,272,0,272,787
04/11/2007,DAB,FL,ASO,ES,Combined TRACON& Tower with Radar,22,9,188,1,220,0,3,662,2,667,22,12,850,3,887,291,0,291,1178
04/12/2007,DAB,FL,ASO,ES,Combined TRACON& Tower with Radar,25,11,157,1,194,0,1,645,0,646,25,12,802,1,840,438,0,438,1278
04/13/2007,DAB,FL,ASO,ES,Combined TRACON& Tower with Radar,25,14,190,2,231,0,1,754,0,755,25,15,944,2,986,405,0,405,1391
04/14/2007,DAB,FL,ASO,ES,Combined TRACON& Tower with Radar,22,13,124,0,159,0,1,452,1,454,22,14,576,1,613,68,0,68,681
04/15/2007,DAB,FL,ASO,ES,Combined TRACON& Tower with Radar,29,14,35,1,79,0,0,13,0,13,29,14,48,1,92,0,0,0,92
04/16/2007,DAB,FL,ASO,ES,Combined TRACON& Tower with Radar,25,11,117,0,153,0,0,364,0,364,25,11,481,0,517,102,0,102,619
04/17/2007,DAB,FL,ASO,ES,Combined TRACON& Tower with Radar,21,7,145,0,173,0,0,732,0,732,21,7,877,0,905,322,0,322,1227
04/18/2007,DAB,FL,ASO,ES,Combined TRACON& Tower with Radar,23,14,125,0,162,0,4,775,0,779,23,18,900,0,941,291,0,291,1232
04/19/2007,DAB,FL,ASO,ES,Combined TRACON& Tower with Radar,20,10,167,0,197,0,1,374,1,376,20,11,541,1,573,218,0,218,791
04/20/2007,DAB,FL,ASO,ES,Combined TRACON& Tower with Radar,23,12,153,5,193,0,0,298,2,300,23,12,451,7,493,150,0,150,643
04/21/2007,DAB,FL,ASO,ES,Combined TRACON& Tower with Radar,25,16,109,0,150,0,0,596,0,596,25,16,705,0,746,246,0,246,992
04/22/2007,DAB,FL,ASO,ES,Combined TRACON& Tower with Radar,24,11,97,1,133,0,1,396,2,399,24,12,493,3,532,186,0,186,718
04/23/2007,DAB,FL,ASO,ES,Combined TRACON& Tower with Radar,21,7,150,3,181,0,1,819,1,821,21,8,969,4,1002,335,0,335,1337
04/24/2007,DAB,FL,ASO,ES,Combined TRACON& Tower with Radar,22,6,149,1,178,0,2,763,0,765,22,8,912,1,943,377,0,377,1320
04/25/2007,DAB,FL,ASO,ES,Combined TRACON& Tower with Radar,21,5,158,0,184,0,0,689,0,689,21,5,847,0,873,347,0,347,1220
04/26/2007,DAB,FL,ASO,ES,Combined TRACON& Tower with Radar,22,4,130,0,156,0,3,559,1,563,22,7,689,1,719,142,0,142,861
04/27/2007,DAB,FL,ASO,ES,Combined TRACON& Tower with Radar,22,9,109,6,146,0,1,660,0,661,22,10,769,6,807,347,0,347,1154
04/28/2007,DAB,FL,ASO,ES,Combined TRACON& Tower with Radar,25,16,75,0,116,0,0,575,0,575,25,16,650,0,691,362,0,362,1053
04/29/2007,DAB,FL,ASO,ES,Combined TRACON& Tower with Radar,24,13,107,0,144,0,1,458,0,459,24,14,565,0,603,196,0,196,799
04/30/2007,DAB,FL,ASO,ES,Combined TRACON& Tower with Radar,21,12,135,0,168,0,0,574,0,574,21,12,709,0,742,485,0,485,1227
05/01/2007,DAB,FL,ASO,ES,Combined TRACON& Tower with Radar,22,10,137,2,171,0,3,667,0,670,22,13,804,2,841,322,0,322,1163
05/02/2007,DAB,FL,ASO,ES,Combined TRACON& Tower with Radar,22,7,162,0,191,0,7,718,8,733,22,14,880,8,924,268,0,268,1192
05/03/2007,DAB,FL,ASO,ES,Combined TRACON& Tower with Radar,20,10,202,0,232,0,1,44,0,45,20,11,246,0,277,11,0,11,288
05/04/2007,DAB,FL,ASO,ES,Combined TRACON& Tower with Radar,22,20,215,4,261,0,4,274,0,278,22,24,489,4,539,204,0,204,743
05/05/2007,DAB,FL,ASO,ES,Combined TRACON& Tower with Radar,25,11,107,0,143,0,4,478,0,482,25,15,585,0,625,200,0,200,825
05/06/2007,DAB,FL,ASO,ES,Combined TRACON& Tower with Radar,23,13,77,1,114,0,0,136,0,136,23,13,213,1,250,133,0,133,383
05/07/2007,DAB,FL,ASO,ES,Combined TRACON& Tower with Radar,23,19,59,0,101,0,3,89,2,94,23,22,148,2,195,16,0,16,211
05/08/2007,DAB,FL,ASO,ES,Combined TRACON& Tower with Radar,19,8,88,0,115,0,1,260,1,262,19,9,348,1,377,0,0,0,377
05/09/2007,DAB,FL,ASO,ES,Combined TRACON& Tower with Radar,20,16,117,0,153,0,0,10,0,10,20,16,127,0,163,4,0,4,167
05/10/2007,DAB,FL,ASO,ES,Combined TRACON& Tower with Radar,20,12,189,0,221,0,2,31,0,33,20,14,220,0,254,0,0,0,254
05/11/2007,DAB,FL,ASO,ES,Combined TRACON& Tower with Radar,16,12,166,1,195,3,0,251,0,254,19,12,417,1,449,46,0,46,495
05/12/2007,DAB,FL,ASO,ES,Combined TRACON& Tower with Radar,22,16,123,2,163,0,1,539,0,540,22,17,662,2,703,246,0,246,949
05/13/2007,DAB,FL,ASO,ES,Combined TRACON& Tower with Radar,23,10,80,1,114,0,0,270,1,271,23,10,350,2,385,185,0,185,570
05/14/2007,DAB,FL,ASO,ES,Combined TRACON& Tower with Radar,20,9,165,0,194,0,10,454,0,464,20,19,619,0,658,407,0,407,1065
05/15/2007,DAB,FL,ASO,ES,Combined TRACON& Tower with Radar,20,15,159,0,194,0,0,591,0,591,20,15,750,0,785,259,0,259,1044
05/16/2007,DAB,FL,ASO,ES,Combined TRACON& Tower with Radar,19,13,156,0,188,0,1,761,0,762,19,14,917,0,950,297,0,297,1247
05/17/2007,DAB,FL,ASO,ES,Combined TRACON& Tower with Radar,21,10,150,2,183,0,0,662,0,662,21,10,812,2,845,270,0,270,1115
05/18/2007,DAB,FL,ASO,ES,Combined TRACON& Tower with Radar,20,10,189,2,221,0,1,0,0,1,20,11,189,2,222,6,0,6,228
05/19/2007,DAB,FL,ASO,ES,Combined TRACON& Tower with Radar,23,13,94,2,132,0,4,318,0,322,23,17,412,2,454,226,0,226,680
05/20/2007,DAB,FL,ASO,ES,Combined TRACON& Tower with Radar,21,10,81,2,114,0,0,358,0,358,21,10,439,2,472,146,0,146,618
05/21/2007,DAB,FL,ASO,ES,Combined TRACON& Tower with Radar,22,14,140,0,176,0,6,639,4,649,22,20,779,4,825,236,0,236,1061
05/22/2007,DAB,FL,ASO,ES,Combined TRACON& Tower with Radar,20,13,139,0,172,0,0,548,3,551,20,13,687,3,723,266,4,270,993
05/23/2007,DAB,FL,ASO,ES,Combined TRACON& Tower with Radar,23,13,148,0,184,0,81,495,0,576,23,94,643,0,760,268,0,268,1028
05/24/2007,DAB,FL,ASO,ES,Combined TRACON& Tower with Radar,20,11,128,0,159,0,5,518,4,527,20,16,646,4,686,393,0,393,1079
05/25/2007,DAB,FL,ASO,ES,Combined TRACON& Tower with Radar,19,19,142,2,182,0,3,334,0,337,19,22,476,2,519,208,0,208,727
05/26/2007,DAB,FL,ASO,ES,Combined TRACON& Tower with Radar,22,14,89,0,125,0,2,448,0,450,22,16,537,0,575,257,0,257,832
05/27/2007,DAB,FL,ASO,ES,Combined TRACON& Tower with Radar,18,8,55,0,81,0,0,253,0,253,18,8,308,0,334,142,0,142,476
05/28/2007,DAB,FL,ASO,ES,Combined TRACON& Tower with Radar,18,9,101,0,128,0,0,349,2,351,18,9,450,2,479,235,0,235,714
05/29/2007,DAB,FL,ASO,ES,Combined TRACON& Tower with Radar,20,8,124,3,155,0,1,574,0,575,20,9,698,3,730,250,0,250,980
05/30/2007,DAB,FL,ASO,ES,Combined TRACON& Tower with Radar,21,8,129,0,158,0,0,610,1,611,21,8,739,1,769,282,0,282,1051
05/31/2007,DAB,FL,ASO,ES,Combined TRACON& Tower with Radar,18,10,137,2,167,0,0,559,3,562,18,10,696,5,729,361,0,361,1090
06/01/2007,DAB,FL,ASO,ES,Combined TRACON& Tower with Radar,21,16,128,0,165,0,3,287,0,290,21,19,415,0,455,205,0,205,660
06/02/2007,DAB,FL,ASO,ES,Combined TRACON& Tower with Radar,23,11,33,0,67,0,0,14,0,14,23,11,47,0,81,2,0,2,83
06/03/2007,DAB,FL,ASO,ES,Combined TRACON& Tower with Radar,20,18,63,0,101,0,7,161,1,169,20,25,224,1,270,135,0,135,405
06/04/2007,DAB,FL,ASO,ES,Combined TRACON& Tower with Radar,20,13,127,0,160,0,1,502,1,504,20,14,629,1,664,325,0,325,989
06/05/2007,DAB,FL,ASO,ES,Combined TRACON& Tower with Radar,18,8,106,3,135,0,1,612,0,613,18,9,718,3,748,284,0,284,1032
06/06/2007,DAB,FL,ASO,ES,Combined TRACON& Tower with Radar,20,20,127,1,168,0,0,376,4,380,20,20,503,5,548,151,0,151,699
06/07/2007,DAB,FL,ASO,ES,Combined TRACON& Tower with Radar,18,25,184,1,228,0,0,547,1,548,18,25,731,2,776,277,0,277,1053
06/08/2007,DAB,FL,ASO,ES,Combined TRACON& Tower with Radar,15,10,161,0,186,0,1,497,0,498,15,11,658,0,684,38,0,38,722
06/09/2007,DAB,FL,ASO,ES,Combined TRACON& Tower with Radar,19,19,104,0,142,0,0,528,0,528,19,19,632,0,670,415,0,415,1085
06/10/2007,DAB,FL,ASO,ES,Combined TRACON& Tower with Radar,23,17,77,0,117,0,8,276,0,284,23,25,353,0,401,253,0,253,654
06/11/2007,DAB,FL,ASO,ES,Combined TRACON& Tower with Radar,19,16,115,0,150,0,1,421,0,422,19,17,536,0,572,342,0,342,914
06/12/2007,DAB,FL,ASO,ES,Combined TRACON& Tower with Radar,16,11,123,0,150,0,0,213,0,213,16,11,336,0,363,200,0,200,563
06/13/2007,DAB,FL,ASO,ES,Combined TRACON& Tower with Radar,18,12,147,0,177,0,0,416,0,416,18,12,563,0,593,401,0,401,994
06/14/2007,DAB,FL,ASO,ES,Combined TRACON& Tower with Radar,21,21,141,2,185,0,5,669,0,674,21,26,810,2,859,404,0,404,1263
06/15/2007,DAB,FL,ASO,ES,Combined TRACON& Tower with Radar,17,15,125,2,159,0,1,623,0,624,17,16,748,2,783,286,0,286,1069
06/16/2007,DAB,FL,ASO,ES,Combined TRACON& Tower with Radar,21,16,124,0,161,0,0,450,1,451,21,16,574,1,612,376,0,376,988
06/17/2007,DAB,FL,ASO,ES,Combined TRACON& Tower with Radar,20,14,80,0,114,0,0,327,1,328,20,14,407,1,442,182,0,182,624
06/18/2007,DAB,FL,ASO,ES,Combined TRACON& Tower with Radar,18,14,92,0,124,0,2,562,0,564,18,16,654,0,688,343,0,343,1031
06/19/2007,DAB,FL,ASO,ES,Combined TRACON& Tower with Radar,17,13,85,2,117,0,0,306,0,306,17,13,391,2,423,150,0,150,573
06/20/2007,DAB,FL,ASO,ES,Combined TRACON& Tower with Radar,19,14,105,1,139,0,2,420,0,422,19,16,525,1,561,330,0,330,891
06/21/2007,DAB,FL,ASO,ES,Combined TRACON& Tower with Radar,18,14,168,0,200,0,2,303,0,305,18,16,471,0,505,276,0,276,781
06/22/2007,DAB,FL,ASO,ES,Combined TRACON& Tower with Radar,16,22,127,1,166,0,2,508,1,511,16,24,635,2,677,247,0,247,924
06/23/2007,DAB,FL,ASO,ES,Combined TRACON& Tower with Radar,24,17,89,0,130,0,3,414,0,417,24,20,503,0,547,351,0,351,898
06/24/2007,DAB,FL,ASO,ES,Combined TRACON& Tower with Radar,20,13,61,0,94,0,1,282,0,283,20,14,343,0,377,113,0,113,490
06/25/2007,DAB,FL,ASO,ES,Combined TRACON& Tower with Radar,16,13,129,2,160,0,3,486,2,491,16,16,615,4,651,415,0,415,1066
06/26/2007,DAB,FL,ASO,ES,Combined TRACON& Tower with Radar,18,10,154,0,182,0,2,617,0,619,18,12,771,0,801,285,0,285,1086
06/27/2007,DAB,FL,ASO,ES,Combined TRACON& Tower with Radar,17,13,156,1,187,0,2,549,0,551,17,15,705,1,738,412,0,412,1150
06/28/2007,DAB,FL,ASO,ES,Combined TRACON& Tower with Radar,19,12,117,0,148,0,1,401,4,406,19,13,518,4,554,257,0,257,811
06/29/2007,DAB,FL,ASO,ES,Combined TRACON& Tower with Radar,17,19,167,0,203,0,1,266,1,268,17,20,433,1,471,115,0,115,586
06/30/2007,DAB,FL,ASO,ES,Combined TRACON& Tower with Radar,18,15,132,0,165,0,1,349,2,352,18,16,481,2,517,262,0,262,779
07/01/2007,DAB,FL,ASO,ES,Combined TRACON& Tower with Radar,20,12,59,0,91,0,0,231,2,233,20,12,290,2,324,97,0,97,421
07/02/2007,DAB,FL,ASO,ES,Combined TRACON& Tower with Radar,16,12,114,0,142,0,0,396,0,396,16,12,510,0,538,158,0,158,696
07/03/2007,DAB,FL,ASO,ES,Combined TRACON& Tower with Radar,0,9,191,0,200,17,0,232,0,249,17,9,423,0,449,169,0,169,618
07/04/2007,DAB,FL,ASO,ES,Combined TRACON& Tower with Radar,18,17,84,0,119,0,0,14,0,14,18,17,98,0,133,4,0,4,137
07/05/2007,DAB,FL,ASO,ES,Combined TRACON& Tower with Radar,17,21,247,0,285,0,2,301,0,303,17,23,548,0,588,208,0,208,796
07/06/2007,DAB,FL,ASO,ES,Combined TRACON& Tower with Radar,19,24,207,15,265,0,0,283,0,283,19,24,490,15,548,103,0,103,651
07/07/2007,DAB,FL,ASO,ES,Combined TRACON& Tower with Radar,20,32,155,2,209,0,7,345,0,352,20,39,500,2,561,92,0,92,653
07/08/2007,DAB,FL,ASO,ES,Combined TRACON& Tower with Radar,20,27,205,2,254,0,1,341,0,342,20,28,546,2,596,242,0,242,838
07/09/2007,DAB,FL,ASO,ES,Combined TRACON& Tower with Radar,16,12,120,1,149,0,2,494,0,496,16,14,614,1,645,289,0,289,934
07/10/2007,DAB,FL,ASO,ES,Combined TRACON& Tower with Radar,17,7,154,2,180,0,1,450,0,451,17,8,604,2,631,128,0,128,759
07/11/2007,DAB,FL,ASO,ES,Combined TRACON& Tower with Radar,19,15,106,0,140,0,0,501,0,501,19,15,607,0,641,354,0,354,995
07/12/2007,DAB,FL,ASO,ES,Combined TRACON& Tower with Radar,14,19,106,0,139,0,2,507,0,509,14,21,613,0,648,334,0,334,982
07/13/2007,DAB,FL,ASO,ES,Combined TRACON& Tower with Radar,18,19,137,0,174,0,4,365,4,373,18,23,502,4,547,322,0,322,869
07/14/2007,DAB,FL,ASO,ES,Combined TRACON& Tower with Radar,14,21,54,0,89,0,2,161,0,163,14,23,215,0,252,144,0,144,396
07/15/2007,DAB,FL,ASO,ES,Combined TRACON& Tower with Radar,16,21,74,0,111,0,1,244,0,245,16,22,318,0,356,163,0,163,519
07/16/2007,DAB,FL,ASO,ES,Combined TRACON& Tower with Radar,16,12,142,0,170,0,1,475,0,476,16,13,617,0,646,165,0,165,811
07/17/2007,DAB,FL,ASO,ES,Combined TRACON& Tower with Radar,16,8,88,1,113,0,3,351,2,356,16,11,439,3,469,118,0,118,587
07/18/2007,DAB,FL,ASO,ES,Combined TRACON& Tower with Radar,16,11,132,0,159,0,0,400,0,400,16,11,532,0,559,142,0,142,701
07/19/2007,DAB,FL,ASO,ES,Combined TRACON& Tower with Radar,16,13,117,0,146,0,3,534,0,537,16,16,651,0,683,180,0,180,863
07/20/2007,DAB,FL,ASO,ES,Combined TRACON& Tower with Radar,15,15,99,1,130,1,2,402,3,408,16,17,501,4,538,260,0,260,798
07/21/2007,DAB,FL,ASO,ES,Combined TRACON& Tower with Radar,14,16,66,0,96,0,0,277,1,278,14,16,343,1,374,197,0,197,571
07/22/2007,DAB,FL,ASO,ES,Combined TRACON& Tower with Radar,16,18,86,3,123,0,2,208,0,210,16,20,294,3,333,112,0,112,445
07/23/2007,DAB,FL,ASO,ES,Combined TRACON& Tower with Radar,16,17,132,0,165,0,6,452,0,458,16,23,584,0,623,331,0,331,954
07/24/2007,DAB,FL,ASO,ES,Combined TRACON& Tower with Radar,16,10,108,0,134,0,1,421,7,429,16,11,529,7,563,209,0,209,772
07/25/2007,DAB,FL,ASO,ES,Combined TRACON& Tower with Radar,16,9,163,0,188,0,2,490,2,494,16,11,653,2,682,304,0,304,986
07/26/2007,DAB,FL,ASO,ES,Combined TRACON& Tower with Radar,16,18,155,0,189,0,0,641,1,642,16,18,796,1,831,374,0,374,1205
07/27/2007,DAB,FL,ASO,ES,Combined TRACON& Tower with Radar,17,12,130,0,159,0,1,548,0,549,17,13,678,0,708,309,0,309,1017
07/28/2007,DAB,FL,ASO,ES,Combined TRACON& Tower with Radar,13,12,46,0,71,0,6,190,0,196,13,18,236,0,267,112,0,112,379
07/29/2007,DAB,FL,ASO,ES,Combined TRACON& Tower with Radar,16,12,77,0,105,0,0,223,0,223,16,12,300,0,328,142,0,142,470
07/30/2007,DAB,FL,ASO,ES,Combined TRACON& Tower with Radar,16,12,105,4,137,0,2,515,1,518,16,14,620,5,655,220,0,220,875
07/31/2007,DAB,FL,ASO,ES,Combined TRACON& Tower with Radar,16,9,123,0,148,0,0,248,0,248,16,9,371,0,396,110,0,110,506
08/01/2007,DAB,FL,ASO,ES,Combined TRACON& Tower with Radar,16,7,163,0,186,0,0,340,0,340,16,7,503,0,526,302,0,302,828
08/02/2007,DAB,FL,ASO,ES,Combined TRACON& Tower with Radar,16,14,167,0,197,0,0,243,2,245,16,14,410,2,442,270,0,270,712
08/03/2007,DAB,FL,ASO,ES,Combined TRACON& Tower with Radar,15,20,96,3,134,0,0,575,2,577,15,20,671,5,711,299,0,299,1010
08/04/2007,DAB,FL,ASO,ES,Combined TRACON& Tower with Radar,15,16,75,2,108,0,0,409,0,409,15,16,484,2,517,305,0,305,822
08/05/2007,DAB,FL,ASO,ES,Combined TRACON& Tower with Radar,16,10,57,2,85,0,0,320,0,320,16,10,377,2,405,150,0,150,555
08/06/2007,DAB,FL,ASO,ES,Combined TRACON& Tower with Radar,16,16,118,0,150,0,0,562,1,563,16,16,680,1,713,252,0,252,965
08/07/2007,DAB,FL,ASO,ES,Combined TRACON& Tower with Radar,16,5,131,0,152,0,0,483,2,485,16,5,614,2,637,281,0,281,918
08/08/2007,DAB,FL,ASO,ES,Combined TRACON& Tower with Radar,16,6,140,1,163,0,0,396,5,401,16,6,536,6,564,88,0,88,652
08/09/2007,DAB,FL,ASO,ES,Combined TRACON& Tower with Radar,16,7,138,2,163,0,0,476,0,476,16,7,614,2,639,259,0,259,898
08/10/2007,DAB,FL,ASO,ES,Combined TRACON& Tower with Radar,16,10,105,0,131,0,0,484,0,484,16,10,589,0,615,269,0,269,884
08/11/2007,DAB,FL,ASO,ES,Combined TRACON& Tower with Radar,14,15,63,0,92,0,2,240,0,242,14,17,303,0,334,96,0,96,430
08/12/2007,DAB,FL,ASO,ES,Combined TRACON& Tower with Radar,16,10,82,0,108,0,3,217,0,220,16,13,299,0,328,64,0,64,392
08/13/2007,DAB,FL,ASO,ES,Combined TRACON& Tower with Radar,17,8,93,0,118,0,0,373,0,373,17,8,466,0,491,185,0,185,676
08/14/2007,DAB,FL,ASO,ES,Combined TRACON& Tower with Radar,15,8,139,2,164,0,0,554,0,554,15,8,693,2,718,352,0,352,1070
08/15/2007,DAB,FL,ASO,ES,Combined TRACON& Tower with Radar,16,10,117,0,143,0,1,436,0,437,16,11,553,0,580,221,0,221,801
08/16/2007,DAB,FL,ASO,ES,Combined TRACON& Tower with Radar,18,7,148,0,173,0,0,467,0,467,18,7,615,0,640,264,0,264,904
08/17/2007,DAB,FL,ASO,ES,Combined TRACON& Tower with Radar,16,12,133,0,161,0,0,427,0,427,16,12,560,0,588,332,0,332,920
08/18/2007,DAB,FL,ASO,ES,Combined TRACON& Tower with Radar,16,14,70,1,101,0,0,271,3,274,16,14,341,4,375,161,0,161,536
08/19/2007,DAB,FL,ASO,ES,Combined TRACON& Tower with Radar,16,15,72,1,104,0,0,146,2,148,16,15,218,3,252,68,0,68,320
08/20/2007,DAB,FL,ASO,ES,Combined TRACON& Tower with Radar,16,12,126,2,156,0,5,372,0,377,16,17,498,2,533,302,0,302,835
08/21/2007,DAB,FL,ASO,ES,Combined TRACON& Tower with Radar,16,8,166,0,190,0,0,457,0,457,16,8,623,0,647,329,0,329,976
08/22/2007,DAB,FL,ASO,ES,Combined TRACON& Tower with Radar,16,8,144,2,170,0,2,542,2,546,16,10,686,4,716,325,0,325,1041
08/23/2007,DAB,FL,ASO,ES,Combined TRACON& Tower with Radar,16,6,125,0,147,0,7,494,2,503,16,13,619,2,650,243,0,243,893
08/24/2007,DAB,FL,ASO,ES,Combined TRACON& Tower with Radar,17,5,127,0,149,0,1,323,0,324,17,6,450,0,473,154,0,154,627
08/25/2007,DAB,FL,ASO,ES,Combined TRACON& Tower with Radar,13,9,75,0,97,0,0,216,0,216,13,9,291,0,313,162,0,162,475
08/26/2007,DAB,FL,ASO,ES,Combined TRACON& Tower with Radar,14,7,59,0,80,0,0,129,0,129,14,7,188,0,209,91,0,91,300
08/27/2007,DAB,FL,ASO,ES,Combined TRACON& Tower with Radar,16,6,157,0,179,0,2,398,2,402,16,8,555,2,581,253,0,253,834
08/28/2007,DAB,FL,ASO,ES,Combined TRACON& Tower with Radar,16,2,130,4,152,0,0,469,0,469,16,2,599,4,621,289,0,289,910
08/29/2007,DAB,FL,ASO,ES,Combined TRACON& Tower with Radar,14,4,150,2,170,0,0,610,0,610,14,4,760,2,780,284,0,284,1064
08/30/2007,DAB,FL,ASO,ES,Combined TRACON& Tower with Radar,16,9,127,0,152,0,0,505,0,505,16,9,632,0,657,286,0,286,943
08/31/2007,DAB,FL,ASO,ES,Combined TRACON& Tower with Radar,16,8,115,0,139,0,2,370,0,372,16,10,485,0,511,281,0,281,792
09/01/2007,DAB,FL,ASO,ES,Combined TRACON& Tower with Radar,12,6,72,1,91,0,1,220,0,221,12,7,292,1,312,133,0,133,445
09/02/2007,DAB,FL,ASO,ES,Combined TRACON& Tower with Radar,12,2,47,1,62,0,1,122,0,123,12,3,169,1,185,72,0,72,257
09/03/2007,DAB,FL,ASO,ES,Combined TRACON& Tower with Radar,12,8,111,0,131,0,0,282,0,282,12,8,393,0,413,160,0,160,573
09/04/2007,DAB,FL,ASO,ES,Combined TRACON& Tower with Radar,14,16,144,6,180,0,6,567,3,576,14,22,711,9,756,131,0,131,887
09/05/2007,DAB,FL,ASO,ES,Combined TRACON& Tower with Radar,14,6,170,3,193,0,5,663,0,668,14,11,833,3,861,300,0,300,1161
09/06/2007,DAB,FL,ASO,ES,Combined TRACON& Tower with Radar,16,10,152,0,178,0,6,533,0,539,16,16,685,0,717,383,0,383,1100
09/07/2007,DAB,FL,ASO,ES,Combined TRACON& Tower with Radar,16,6,112,0,134,0,3,650,0,653,16,9,762,0,787,389,0,389,1176
09/08/2007,DAB,FL,ASO,ES,Combined TRACON& Tower with Radar,15,8,97,0,120,0,2,391,0,393,15,10,488,0,513,185,0,185,698
09/09/2007,DAB,FL,ASO,ES,Combined TRACON& Tower with Radar,15,6,61,0,82,0,1,250,0,251,15,7,311,0,333,122,0,122,455
09/10/2007,DAB,FL,ASO,ES,Combined TRACON& Tower with Radar,15,2,89,0,106,0,0,559,0,559,15,2,648,0,665,326,0,326,991
09/11/2007,DAB,FL,ASO,ES,Combined TRACON& Tower with Radar,16,2,93,0,111,0,2,437,0,439,16,4,530,0,550,204,0,204,754
09/12/2007,DAB,FL,ASO,ES,Combined TRACON& Tower with Radar,14,4,80,0,98,0,0,447,0,447,14,4,527,0,545,273,0,273,818
09/13/2007,DAB,FL,ASO,ES,Combined TRACON& Tower with Radar,16,4,141,10,171,0,2,789,0,791,16,6,930,10,962,224,0,224,1186
09/14/2007,DAB,FL,ASO,ES,Combined TRACON& Tower with Radar,16,11,120,3,150,0,2,704,3,709,16,13,824,6,859,286,0,286,1145
09/15/2007,DAB,FL,ASO,ES,Combined TRACON& Tower with Radar,15,2,98,0,115,0,5,465,0,470,15,7,563,0,585,258,0,258,843
09/16/2007,DAB,FL,ASO,ES,Combined TRACON& Tower with Radar,15,11,98,0,124,0,4,261,0,265,15,15,359,0,389,104,0,104,493
09/17/2007,DAB,FL,ASO,ES,Combined TRACON& Tower with Radar,16,8,139,0,163,0,0,144,0,144,16,8,283,0,307,116,0,116,423
09/18/2007,DAB,FL,ASO,ES,Combined TRACON& Tower with Radar,16,10,148,1,175,0,1,292,1,294,16,11,440,2,469,158,0,158,627
09/19/2007,DAB,FL,ASO,ES,Combined TRACON& Tower with Radar,14,14,124,2,154,0,0,0,0,0,14,14,124,2,154,0,0,0,154
09/20/2007,DAB,FL,ASO,ES,Combined TRACON& Tower with Radar,16,3,182,0,201,0,0,626,0,626,16,3,808,0,827,154,0,154,981
09/21/2007,DAB,FL,ASO,ES,Combined TRACON& Tower with Radar,16,5,172,0,193,0,1,612,2,615,16,6,784,2,808,246,0,246,1054
09/22/2007,DAB,FL,ASO,ES,Combined TRACON& Tower with Radar,15,2,161,0,178,0,0,528,0,528,15,2,689,0,706,399,0,399,1105
09/23/2007,DAB,FL,ASO,ES,Combined TRACON& Tower with Radar,15,6,100,0,121,0,0,132,0,132,15,6,232,0,253,89,0,89,342
09/24/2007,DAB,FL,ASO,ES,Combined TRACON& Tower with Radar,16,6,201,1,224,0,0,532,1,533,16,6,733,2,757,60,0,60,817
09/25/2007,DAB,FL,ASO,ES,Combined TRACON& Tower with Radar,16,2,182,0,200,0,2,622,6,630,16,4,804,6,830,150,0,150,980
09/26/2007,DAB,FL,ASO,ES,Combined TRACON& Tower with Radar,14,2,207,1,224,0,2,704,0,706,14,4,911,1,930,354,0,354,1284
09/27/2007,DAB,FL,ASO,ES,Combined TRACON& Tower with Radar,16,10,185,1,212,0,0,751,1,752,16,10,936,2,964,293,0,293,1257
09/28/2007,DAB,FL,ASO,ES,Combined TRACON& Tower with Radar,16,3,158,0,177,0,2,652,0,654,16,5,810,0,831,302,0,302,1133
09/29/2007,DAB,FL,ASO,ES,Combined TRACON& Tower with Radar,15,5,78,0,98,0,2,207,0,209,15,7,285,0,307,111,0,111,418
09/30/2007,DAB,FL,ASO,ES,Combined TRACON& Tower with Radar,15,9,57,4,85,0,2,105,2,109,15,11,162,6,194,43,0,43,237
10/01/2007,DAB,FL,ASO,ES,Combined TRACON& Tower with Radar,16,3,92,2,113,0,1,176,0,177,16,4,268,2,290,53,0,53,343
10/02/2007,DAB,FL,ASO,ES,Combined TRACON& Tower with Radar,18,4,142,0,164,0,1,213,0,214,18,5,355,0,378,114,0,114,492
10/03/2007,DAB,FL,ASO,ES,Combined TRACON& Tower with Radar,14,7,180,5,206,0,2,840,1,843,14,9,1020,6,1049,463,0,463,1512
10/04/2007,DAB,FL,ASO,ES,Combined TRACON& Tower with Radar,16,4,198,0,218,0,0,716,0,716,16,4,914,0,934,358,0,358,1292
10/05/2007,DAB,FL,ASO,ES,Combined TRACON& Tower with Radar,19,2,199,1,221,0,0,300,1,301,19,2,499,2,522,272,0,272,794
10/06/2007,DAB,FL,ASO,ES,Combined TRACON& Tower with Radar,16,7,159,0,182,0,1,508,0,509,16,8,667,0,691,178,0,178,869
10/07/2007,DAB,FL,ASO,ES,Combined TRACON& Tower with Radar,13,6,82,1,102,0,0,109,1,110,13,6,191,2,212,34,0,34,246
10/08/2007,DAB,FL,ASO,ES,Combined TRACON& Tower with Radar,17,3,128,1,149,0,0,733,0,733,17,3,861,1,882,276,0,276,1158
10/09/2007,DAB,FL,ASO,ES,Combined TRACON& Tower with Radar,17,4,161,2,184,0,0,838,2,840,17,4,999,4,1024,296,0,296,1320
10/10/2007,DAB,FL,ASO,ES,Combined TRACON& Tower with Radar,14,2,144,0,160,0,0,868,2,870,14,2,1012,2,1030,196,0,196,1226
10/11/2007,DAB,FL,ASO,ES,Combined TRACON& Tower with Radar,16,5,129,2,152,0,0,911,0,911,16,5,1040,2,1063,283,0,283,1346
10/12/2007,DAB,FL,ASO,ES,Combined TRACON& Tower with Radar,16,9,141,1,167,0,0,867,2,869,16,9,1008,3,1036,379,0,379,1415
10/13/2007,DAB,FL,ASO,ES,Combined TRACON& Tower with Radar,15,10,100,0,125,0,0,663,0,663,15,10,763,0,788,284,0,284,1072
10/14/2007,DAB,FL,ASO,ES,Combined TRACON& Tower with Radar,15,10,68,0,93,0,1,268,0,269,15,11,336,0,362,130,0,130,492
10/15/2007,DAB,FL,ASO,ES,Combined TRACON& Tower with Radar,16,3,137,4,160,0,1,732,0,733,16,4,869,4,893,367,0,367,1260
10/16/2007,DAB,FL,ASO,ES,Combined TRACON& Tower with Radar,16,5,155,0,176,0,1,789,0,790,16,6,944,0,966,429,0,429,1395
10/17/2007,DAB,FL,ASO,ES,Combined TRACON& Tower with Radar,14,6,144,0,164,0,3,732,2,737,14,9,876,2,901,406,0,406,1307
10/18/2007,DAB,FL,ASO,ES,Combined TRACON& Tower with Radar,14,3,120,2,139,0,6,680,0,686,14,9,800,2,825,328,0,328,1153
10/19/2007,DAB,FL,ASO,ES,Combined TRACON& Tower with Radar,15,7,100,5,127,0,0,573,2,575,15,7,673,7,702,496,14,510,1212
10/20/2007,DAB,FL,ASO,ES,Combined TRACON& Tower with Radar,14,8,101,1,124,0,5,591,0,596,14,13,692,1,720,270,0,270,990
10/21/2007,DAB,FL,ASO,ES,Combined TRACON& Tower with Radar,15,10,98,0,123,0,5,114,2,121,15,15,212,2,244,60,0,60,304
10/22/2007,DAB,FL,ASO,ES,Combined TRACON& Tower with Radar,16,4,155,0,175,0,0,569,3,572,16,4,724,3,747,427,0,427,1174
10/23/2007,DAB,FL,ASO,ES,Combined TRACON& Tower with Radar,15,2,126,2,145,0,3,592,2,597,15,5,718,4,742,48,0,48,790
10/24/2007,DAB,FL,ASO,ES,Combined TRACON& Tower with Radar,15,3,152,1,171,0,0,601,1,602,15,3,753,2,773,312,0,312,1085
10/25/2007,DAB,FL,ASO,ES,Combined TRACON& Tower with Radar,16,5,200,2,223,0,2,622,0,624,16,7,822,2,847,428,0,428,1275
10/26/2007,DAB,FL,ASO,ES,Combined TRACON& Tower with Radar,16,14,248,0,278,0,1,70,0,71,16,15,318,0,349,134,0,134,483
10/27/2007,DAB,FL,ASO,ES,Combined TRACON& Tower with Radar,15,5,181,0,201,0,3,213,0,216,15,8,394,0,417,159,0,159,576
10/28/2007,DAB,FL,ASO,ES,Combined TRACON& Tower with Radar,15,11,88,0,114,0,3,184,0,187,15,14,272,0,301,177,0,177,478
10/29/2007,DAB,FL,ASO,ES,Combined TRACON& Tower with Radar,17,6,75,0,98,0,0,53,0,53,17,6,128,0,151,26,0,26,177
10/30/2007,DAB,FL,ASO,ES,Combined TRACON& Tower with Radar,17,3,85,8,113,0,1,176,0,177,17,4,261,8,290,122,0,122,412
10/31/2007,DAB,FL,ASO,ES,Combined TRACON& Tower with Radar,13,2,129,0,144,0,0,239,2,241,13,2,368,2,385,175,0,175,560
11/01/2007,DAB,FL,ASO,ES,Combined TRACON& Tower with Radar,16,0,166,0,182,0,0,258,0,258,16,0,424,0,440,249,0,249,689
11/02/2007,DAB,FL,ASO,ES,Combined TRACON& Tower with Radar,17,6,226,1,250,0,0,125,3,128,17,6,351,4,378,4,0,4,382
11/03/2007,DAB,FL,ASO,ES,Combined TRACON& Tower with Radar,17,10,132,1,160,0,2,806,1,809,17,12,938,2,969,202,0,202,1171
11/04/2007,DAB,FL,ASO,ES,Combined TRACON& Tower with Radar,16,8,82,0,106,0,2,454,0,456,16,10,536,0,562,237,0,237,799
11/05/2007,DAB,FL,ASO,ES,Combined TRACON& Tower with Radar,16,10,144,0,170,0,1,910,1,912,16,11,1054,1,1082,461,0,461,1543
11/06/2007,DAB,FL,ASO,ES,Combined TRACON& Tower with Radar,16,6,119,0,141,0,0,980,0,980,16,6,1099,0,1121,308,0,308,1429
11/07/2007,DAB,FL,ASO,ES,Combined TRACON& Tower with Radar,14,16,137,0,167,0,1,600,0,601,14,17,737,0,768,80,0,80,848
11/08/2007,DAB,FL,ASO,ES,Combined TRACON& Tower with Radar,16,2,132,0,150,0,0,709,0,709,16,2,841,0,859,155,0,155,1014
11/09/2007,DAB,FL,ASO,ES,Combined TRACON& Tower with Radar,18,5,151,3,177,0,0,755,3,758,18,5,906,6,935,483,0,483,1418
11/10/2007,DAB,FL,ASO,ES,Combined TRACON& Tower with Radar,17,6,95,0,118,0,3,544,0,547,17,9,639,0,665,313,0,313,978
11/11/2007,DAB,FL,ASO,ES,Combined TRACON& Tower with Radar,15,7,91,7,120,0,5,289,0,294,15,12,380,7,414,144,0,144,558
11/12/2007,DAB,FL,ASO,ES,Combined TRACON& Tower with Radar,15,7,151,1,174,0,0,752,0,752,15,7,903,1,926,460,0,460,1386
11/13/2007,DAB,FL,ASO,ES,Combined TRACON& Tower with Radar,16,8,143,0,167,0,4,865,0,869,16,12,1008,0,1036,494,0,494,1530
11/14/2007,DAB,FL,ASO,ES,Combined TRACON& Tower with Radar,14,20,161,0,195,0,4,929,0,933,14,24,1090,0,1128,408,0,408,1536
11/15/2007,DAB,FL,ASO,ES,Combined TRACON& Tower with Radar,16,7,112,0,135,0,0,617,1,618,16,7,729,1,753,236,0,236,989
11/16/2007,DAB,FL,ASO,ES,Combined TRACON& Tower with Radar,16,10,142,6,174,0,0,668,0,668,16,10,810,6,842,30,0,30,872
11/17/2007,DAB,FL,ASO,ES,Combined TRACON& Tower with Radar,23,13,135,0,171,0,4,821,0,825,23,17,956,0,996,398,0,398,1394
11/18/2007,DAB,FL,ASO,ES,Combined TRACON& Tower with Radar,15,14,81,0,110,0,0,311,0,311,15,14,392,0,421,186,0,186,607
11/19/2007,DAB,FL,ASO,ES,Combined TRACON& Tower with Radar,18,4,122,0,144,0,0,683,0,683,18,4,805,0,827,411,0,411,1238
11/20/2007,DAB,FL,ASO,ES,Combined TRACON& Tower with Radar,16,8,191,0,215,0,3,725,0,728,16,11,916,0,943,369,0,369,1312
11/21/2007,DAB,FL,ASO,ES,Combined TRACON& Tower with Radar,16,12,116,0,144,0,0,478,1,479,16,12,594,1,623,136,0,136,759
11/22/2007,DAB,FL,ASO,ES,Combined TRACON& Tower with Radar,13,3,25,0,41,0,0,21,0,21,13,3,46,0,62,6,0,6,68
11/23/2007,DAB,FL,ASO,ES,Combined TRACON& Tower with Radar,12,6,99,0,117,0,0,234,0,234,12,6,333,0,351,204,0,204,555
11/24/2007,DAB,FL,ASO,ES,Combined TRACON& Tower with Radar,18,11,127,0,156,0,4,348,0,352,18,15,475,0,508,342,0,342,850
11/25/2007,DAB,FL,ASO,ES,Combined TRACON& Tower with Radar,13,7,97,0,117,0,0,200,0,200,13,7,297,0,317,120,0,120,437
11/26/2007,DAB,FL,ASO,ES,Combined TRACON& Tower with Radar,16,5,80,4,105,0,0,603,0,603,16,5,683,4,708,215,0,215,923
11/27/2007,DAB,FL,ASO,ES,Combined TRACON& Tower with Radar,16,5,232,0,253,0,3,345,0,348,16,8,577,0,601,263,0,263,864
11/28/2007,DAB,FL,ASO,ES,Combined TRACON& Tower with Radar,14,6,219,0,239,0,0,715,0,715,14,6,934,0,954,378,0,378,1332
11/29/2007,DAB,FL,ASO,ES,Combined TRACON& Tower with Radar,16,9,223,0,248,0,2,520,0,522,16,11,743,0,770,272,0,272,1042
11/30/2007,DAB,FL,ASO,ES,Combined TRACON& Tower with Radar,16,3,239,6,264,0,1,11,0,12,16,4,250,6,276,0,0,0,276
12/01/2007,DAB,FL,ASO,ES,Combined TRACON& Tower with Radar,19,2,143,5,169,0,11,672,1,684,19,13,815,6,853,372,0,372,1225
12/02/2007,DAB,FL,ASO,ES,Combined TRACON& Tower with Radar,15,7,112,1,135,0,2,410,0,412,15,9,522,1,547,222,0,222,769
12/03/2007,DAB,FL,ASO,ES,Combined TRACON& Tower with Radar,16,5,113,0,134,0,1,669,0,670,16,6,782,0,804,403,0,403,1207
12/04/2007,DAB,FL,ASO,ES,Combined TRACON& Tower with Radar,16,11,178,0,205,0,3,836,0,839,16,14,1014,0,1044,406,0,406,1450
12/05/2007,DAB,FL,ASO,ES,Combined TRACON& Tower with Radar,14,7,116,0,137,0,0,810,0,810,14,7,926,0,947,4839,0,4839,5786
12/06/2007,DAB,FL,ASO,ES,Combined TRACON& Tower with Radar,16,12,133,4,165,0,0,678,1,679,16,12,811,5,844,315,0,315,1159
12/07/2007,DAB,FL,ASO,ES,Combined TRACON& Tower with Radar,16,6,169,0,191,0,2,753,0,755,16,8,922,0,946,392,0,392,1338
12/08/2007,DAB,FL,ASO,ES,Combined TRACON& Tower with Radar,17,3,101,1,122,0,0,505,1,506,17,3,606,2,628,304,0,304,932
12/09/2007,DAB,FL,ASO,ES,Combined TRACON& Tower with Radar,15,2,85,2,104,0,2,386,1,389,15,4,471,3,493,257,0,257,750
12/10/2007,DAB,FL,ASO,ES,Combined TRACON& Tower with Radar,16,9,154,0,179,0,0,720,0,720,16,9,874,0,899,354,0,354,1253
12/11/2007,DAB,FL,ASO,ES,Combined TRACON& Tower with Radar,16,10,185,0,211,0,0,718,0,718,16,10,903,0,929,381,0,381,1310
12/12/2007,DAB,FL,ASO,ES,Combined TRACON& Tower with Radar,14,10,156,0,180,0,5,657,0,662,14,15,813,0,842,294,0,294,1136
12/13/2007,DAB,FL,ASO,ES,Combined TRACON& Tower with Radar,14,10,156,0,180,0,2,682,0,684,14,12,838,0,864,418,0,418,1282
12/14/2007,DAB,FL,ASO,ES,Combined TRACON& Tower with Radar,14,7,252,2,275,0,6,276,0,282,14,13,528,2,557,158,0,158,715
12/15/2007,DAB,FL,ASO,ES,Combined TRACON& Tower with Radar,15,10,137,0,162,0,0,176,0,176,15,10,313,0,338,12,0,12,350
12/16/2007,DAB,FL,ASO,ES,Combined TRACON& Tower with Radar,15,9,43,0,67,0,0,92,2,94,15,9,135,2,161,8,0,8,169
12/17/2007,DAB,FL,ASO,ES,Combined TRACON& Tower with Radar,14,8,112,0,134,0,1,325,0,326,14,9,437,0,460,18,0,18,478
12/18/2007,DAB,FL,ASO,ES,Combined TRACON& Tower with Radar,12,13,156,0,181,0,1,522,0,523,12,14,678,0,704,142,0,142,846
12/19/2007,DAB,FL,ASO,ES,Combined TRACON& Tower with Radar,14,7,157,2,180,0,0,513,0,513,14,7,670,2,693,290,0,290,983
12/20/2007,DAB,FL,ASO,ES,Combined TRACON& Tower with Radar,14,10,101,0,125,0,0,430,2,432,14,10,531,2,557,241,0,241,798
12/21/2007,DAB,FL,ASO,ES,Combined TRACON& Tower with Radar,14,14,72,5,105,0,2,148,1,151,14,16,220,6,256,19,0,19,275
12/22/2007,DAB,FL,ASO,ES,Combined TRACON& Tower with Radar,18,17,52,0,87,0,0,38,0,38,18,17,90,0,125,10,0,10,135
12/23/2007,DAB,FL,ASO,ES,Combined TRACON& Tower with Radar,20,16,37,1,74,0,0,125,4,129,20,16,162,5,203,42,0,42,245
12/24/2007,DAB,FL,ASO,ES,Combined TRACON& Tower with Radar,10,9,28,0,47,0,2,81,0,83,10,11,109,0,130,16,0,16,146
12/25/2007,DAB,FL,ASO,ES,Combined TRACON& Tower with Radar,10,4,7,0,21,0,0,9,0,9,10,4,16,0,30,0,0,0,30
12/26/2007,DAB,FL,ASO,ES,Combined TRACON& Tower with Radar,14,18,70,0,102,0,0,78,0,78,14,18,148,0,180,36,0,36,216
12/27/2007,DAB,FL,ASO,ES,Combined TRACON& Tower with Radar,14,20,77,0,111,0,0,194,0,194,14,20,271,0,305,42,0,42,347
12/28/2007,DAB,FL,ASO,ES,Combined TRACON& Tower with Radar,14,23,105,11,153,0,0,167,1,168,14,23,272,12,321,54,0,54,375
12/29/2007,DAB,FL,ASO,ES,Combined TRACON& Tower with Radar,18,17,70,0,105,0,0,143,0,143,18,17,213,0,248,49,0,49,297
12/30/2007,DAB,FL,ASO,ES,Combined TRACON& Tower with Radar,14,17,32,0,63,0,0,47,0,47,14,17,79,0,110,16,0,16,126
12/31/2007,DAB,FL,ASO,ES,Combined TRACON& Tower with Radar,14,19,48,0,81,0,0,64,0,64,14,19,112,0,145,62,0,62,207
01/01/2008,DAB,FL,ASO,ES,Combined TRACON& Tower with Radar,12,16,30,0,58,0,0,68,0,68,12,16,98,0,126,2,0,2,128
01/02/2008,DAB,FL,ASO,ES,Combined TRACON& Tower with Radar,14,18,57,0,89,0,0,86,0,86,14,18,143,0,175,0,0,0,175
01/03/2008,DAB,FL,ASO,ES,Combined TRACON& Tower with Radar,14,24,78,0,116,0,0,116,0,116,14,24,194,0,232,18,0,18,250
01/04/2008,DAB,FL,ASO,ES,Combined TRACON& Tower with Radar,14,17,113,0,144,0,0,238,0,238,14,17,351,0,382,176,0,176,558
01/05/2008,DAB,FL,ASO,ES,Combined TRACON& Tower with Radar,14,22,126,0,162,0,0,262,0,262,14,22,388,0,424,136,0,136,560
01/06/2008,DAB,FL,ASO,ES,Combined TRACON& Tower with Radar,14,28,118,0,160,0,0,260,0,260,14,28,378,0,420,58,0,58,478
01/07/2008,DAB,FL,ASO,ES,Combined TRACON& Tower with Radar,16,9,134,0,159,0,0,312,0,312,16,9,446,0,471,107,0,107,578
01/08/2008,DAB,FL,ASO,ES,Combined TRACON& Tower with Radar,18,12,105,0,135,0,2,393,0,395,18,14,498,0,530,226,0,226,756
01/09/2008,DAB,FL,ASO,ES,Combined TRACON& Tower with Radar,18,13,139,1,171,0,2,433,0,435,18,15,572,1,606,275,0,275,881
01/10/2008,DAB,FL,ASO,ES,Combined TRACON& Tower with Radar,18,6,150,7,181,0,0,457,2,459,18,6,607,9,640,311,0,311,951
01/11/2008,DAB,FL,ASO,ES,Combined TRACON& Tower with Radar,18,10,106,2,136,0,2,586,0,588,18,12,692,2,724,425,0,425,1149
01/12/2008,DAB,FL,ASO,ES,Combined TRACON& Tower with Radar,16,6,125,2,149,0,0,244,0,244,16,6,369,2,393,343,0,343,736
01/13/2008,DAB,FL,ASO,ES,Combined TRACON& Tower with Radar,20,25,88,6,139,0,1,40,0,41,20,26,128,6,180,24,0,24,204
01/14/2008,DAB,FL,ASO,ES,Combined TRACON& Tower with Radar,18,3,106,8,135,0,3,627,0,630,18,6,733,8,765,324,0,324,1089
01/15/2008,DAB,FL,ASO,ES,Combined TRACON& Tower with Radar,18,4,112,2,136,0,2,680,0,682,18,6,792,2,818,250,0,250,1068
01/16/2008,DAB,FL,ASO,ES,Combined TRACON& Tower with Radar,16,7,173,2,198,0,0,476,0,476,16,7,649,2,674,275,0,275,949
01/17/2008,DAB,FL,ASO,ES,Combined TRACON& Tower with Radar,14,11,113,0,138,0,1,173,0,174,14,12,286,0,312,75,0,75,387
01/18/2008,DAB,FL,ASO,ES,Combined TRACON& Tower with Radar,22,15,202,1,240,0,1,2,0,3,22,16,204,1,243,0,0,0,243
01/19/2008,DAB,FL,ASO,ES,Combined TRACON& Tower with Radar,9,18,120,2,149,0,1,93,0,94,9,19,213,2,243,91,0,91,334
01/20/2008,DAB,FL,ASO,ES,Combined TRACON& Tower with Radar,15,10,89,0,114,0,1,147,0,148,15,11,236,0,262,0,0,0,262
01/21/2008,DAB,FL,ASO,ES,Combined TRACON& Tower with Radar,18,4,140,0,162,0,1,784,0,785,18,5,924,0,947,398,0,398,1345
01/22/2008,DAB,FL,ASO,ES,Combined TRACON& Tower with Radar,16,14,186,8,224,0,1,770,0,771,16,15,956,8,995,453,0,453,1448
01/23/2008,DAB,FL,ASO,ES,Combined TRACON& Tower with Radar,18,18,259,0,295,0,0,155,0,155,18,18,414,0,450,74,0,74,524
01/24/2008,DAB,FL,ASO,ES,Combined TRACON& Tower with Radar,18,10,265,5,298,0,0,317,24,341,18,10,582,29,639,236,28,264,903
01/25/2008,DAB,FL,ASO,ES,Combined TRACON& Tower with Radar,18,15,194,1,228,0,0,768,4,772,18,15,962,5,1000,311,0,311,1311
01/26/2008,DAB,FL,ASO,ES,Combined TRACON& Tower with Radar,16,10,235,3,264,0,4,307,0,311,16,14,542,3,575,172,0,172,747
01/27/2008,DAB,FL,ASO,ES,Combined TRACON& Tower with Radar,17,30,120,9,176,0,0,235,3,238,17,30,355,12,414,65,0,65,479
01/28/2008,DAB,FL,ASO,ES,Combined TRACON& Tower with Radar,18,9,137,0,164,0,0,923,0,923,18,9,1060,0,1087,539,0,539,1626
01/29/2008,DAB,FL,ASO,ES,Combined TRACON& Tower with Radar,18,4,144,2,168,0,1,765,0,766,18,5,909,2,934,442,0,442,1376
01/30/2008,DAB,FL,ASO,ES,Combined TRACON& Tower with Radar,18,7,136,4,165,0,1,649,0,650,18,8,785,4,815,399,0,399,1214
01/31/2008,DAB,FL,ASO,ES,Combined TRACON& Tower with Radar,18,4,159,4,185,0,0,716,0,716,18,4,875,4,901,578,0,578,1479
02/01/2008,DAB,FL,ASO,ES,Combined TRACON& Tower with Radar,19,10,108,3,140,0,3,466,3,472,19,13,574,6,612,252,0,252,864
02/02/2008,DAB,FL,ASO,ES,Combined TRACON& Tower with Radar,16,11,138,0,165,0,0,660,2,662,16,11,798,2,827,334,0,334,1161
02/03/2008,DAB,FL,ASO,ES,Combined TRACON& Tower with Radar,18,16,76,2,112,0,7,292,2,301,18,23,368,4,413,173,0,173,586
02/04/2008,DAB,FL,ASO,ES,Combined TRACON& Tower with Radar,18,9,176,1,204,0,1,531,1,533,18,10,707,2,737,354,0,354,1091
02/05/2008,DAB,FL,ASO,ES,Combined TRACON& Tower with Radar,16,16,154,0,186,0,0,571,2,573,16,16,725,2,759,232,0,232,991
02/06/2008,DAB,FL,ASO,ES,Combined TRACON& Tower with Radar,20,16,144,2,182,0,2,357,0,359,20,18,501,2,541,127,0,127,668
02/07/2008,DAB,FL,ASO,ES,Combined TRACON& Tower with Radar,20,15,244,1,280,0,0,224,0,224,20,15,468,1,504,146,0,146,650
02/08/2008,DAB,FL,ASO,ES,Combined TRACON& Tower with Radar,18,13,156,0,187,0,1,807,0,808,18,14,963,0,995,450,0,450,1445
02/09/2008,DAB,FL,ASO,ES,Combined TRACON& Tower with Radar,18,20,140,0,178,0,0,712,0,712,18,20,852,0,890,340,0,340,1230
02/10/2008,DAB,FL,ASO,ES,Combined TRACON& Tower with Radar,22,14,137,4,177,0,2,322,0,324,22,16,459,4,501,86,0,86,587
02/11/2008,DAB,FL,ASO,ES,Combined TRACON& Tower with Radar,20,21,164,4,209,0,0,828,1,829,20,21,992,5,1038,254,0,254,1292
02/12/2008,DAB,FL,ASO,ES,Combined TRACON& Tower with Radar,18,14,135,4,171,0,0,349,0,349,18,14,484,4,520,252,0,252,772
02/13/2008,DAB,FL,ASO,ES,Combined TRACON& Tower with Radar,18,14,161,0,193,0,2,264,1,267,18,16,425,1,460,267,0,267,727
02/14/2008,DAB,FL,ASO,ES,Combined TRACON& Tower with Radar,32,24,230,3,289,0,4,567,2,573,32,28,797,5,862,247,0,247,1109
02/15/2008,DAB,FL,ASO,ES,Combined TRACON& Tower with Radar,35,29,173,5,242,0,4,624,6,634,35,33,797,11,876,126,0,126,1002
02/16/2008,DAB,FL,ASO,ES,Combined TRACON& Tower with Radar,30,34,158,3,225,0,6,371,10,387,30,40,529,13,612,174,0,174,786
02/17/2008,DAB,FL,ASO,ES,Combined TRACON& Tower with Radar,21,80,389,1,491,0,10,222,5,237,21,90,611,6,728,8,0,8,736
02/18/2008,DAB,FL,ASO,ES,Combined TRACON& Tower with Radar,50,39,187,9,285,0,0,178,1,179,50,39,365,10,464,54,0,54,518
02/19/2008,DAB,FL,ASO,ES,Combined TRACON& Tower with Radar,27,13,143,2,185,0,2,747,0,749,27,15,890,2,934,120,0,120,1054
02/20/2008,DAB,FL,ASO,ES,Combined TRACON& Tower with Radar,24,8,143,0,175,0,1,862,2,865,24,9,1005,2,1040,459,0,459,1499
02/21/2008,DAB,FL,ASO,ES,Combined TRACON& Tower with Radar,22,9,199,2,232,0,2,540,0,542,22,11,739,2,774,289,0,289,1063
02/22/2008,DAB,FL,ASO,ES,Combined TRACON& Tower with Radar,20,11,157,1,189,0,1,456,1,458,20,12,613,2,647,356,0,356,1003
02/23/2008,DAB,FL,ASO,ES,Combined TRACON& Tower with Radar,26,20,102,1,149,0,0,435,0,435,26,20,537,1,584,224,0,224,808
02/24/2008,DAB,FL,ASO,ES,Combined TRACON& Tower with Radar,21,14,72,0,107,0,0,417,1,418,21,14,489,1,525,297,0,297,822
02/25/2008,DAB,FL,ASO,ES,Combined TRACON& Tower with Radar,27,11,151,0,189,0,0,648,1,649,27,11,799,1,838,122,0,122,960
02/26/2008,DAB,FL,ASO,ES,Combined TRACON& Tower with Radar,24,13,79,4,120,0,0,154,0,154,24,13,233,4,274,122,0,122,396
02/27/2008,DAB,FL,ASO,ES,Combined TRACON& Tower with Radar,24,12,105,2,143,0,0,648,2,650,24,12,753,4,793,230,0,230,1023
02/28/2008,DAB,FL,ASO,ES,Combined TRACON& Tower with Radar,23,16,143,0,182,0,0,871,0,871,23,16,1014,0,1053,267,0,267,1320
02/29/2008,DAB,FL,ASO,ES,Combined TRACON& Tower with Radar,24,13,153,2,192,0,0,859,3,862,24,13,1012,5,1054,391,0,391,1445
03/01/2008,DAB,FL,ASO,ES,Combined TRACON& Tower with Radar,23,22,103,6,154,0,7,738,0,745,23,29,841,6,899,324,0,324,1223
03/02/2008,DAB,FL,ASO,ES,Combined TRACON& Tower with Radar,26,18,87,3,134,0,7,424,1,432,26,25,511,4,566,203,0,203,769
03/03/2008,DAB,FL,ASO,ES,Combined TRACON& Tower with Radar,25,16,137,0,178,0,1,419,0,420,25,17,556,0,598,58,0,58,656
03/04/2008,DAB,FL,ASO,ES,Combined TRACON& Tower with Radar,26,13,105,0,144,0,0,110,0,110,26,13,215,0,254,0,0,0,254
03/05/2008,DAB,FL,ASO,ES,Combined TRACON& Tower with Radar,25,13,153,1,192,0,0,827,0,827,25,13,980,1,1019,485,0,485,1504
03/06/2008,DAB,FL,ASO,ES,Combined TRACON& Tower with Radar,27,9,153,5,194,0,3,755,0,758,27,12,908,5,952,412,0,412,1364
03/07/2008,DAB,FL,ASO,ES,Combined TRACON& Tower with Radar,24,14,73,1,112,0,0,25,0,25,24,14,98,1,137,0,0,0,137
03/08/2008,DAB,FL,ASO,ES,Combined TRACON& Tower with Radar,27,21,48,2,98,0,3,185,1,189,27,24,233,3,287,2,0,2,289
03/09/2008,DAB,FL,ASO,ES,Combined TRACON& Tower with Radar,25,22,91,0,138,0,0,390,0,390,25,22,481,0,528,144,0,144,672
03/10/2008,DAB,FL,ASO,ES,Combined TRACON& Tower with Radar,26,14,141,2,183,0,3,869,0,872,26,17,1010,2,1055,456,0,456,1511
03/11/2008,DAB,FL,ASO,ES,Combined TRACON& Tower with Radar,25,11,159,1,196,0,1,898,0,899,25,12,1057,1,1095,463,0,463,1558
03/12/2008,DAB,FL,ASO,ES,Combined TRACON& Tower with Radar,25,11,192,1,229,0,2,506,1,509,25,13,698,2,738,284,0,284,1022
03/13/2008,DAB,FL,ASO,ES,Combined TRACON& Tower with Radar,28,10,174,1,213,0,1,881,9,891,28,11,1055,10,1104,357,0,357,1461
03/14/2008,DAB,FL,ASO,ES,Combined TRACON& Tower with Radar,23,15,151,3,192,0,2,561,70,633,23,17,712,73,825,353,0,353,1178
03/15/2008,DAB,FL,ASO,ES,Combined TRACON& Tower with Radar,24,23,86,2,135,0,0,318,0,318,24,23,404,2,453,164,0,164,617
03/16/2008,DAB,FL,ASO,ES,Combined TRACON& Tower with Radar,29,24,96,0,149,0,0,242,0,242,29,24,338,0,391,104,0,104,495
03/17/2008,DAB,FL,ASO,ES,Combined TRACON& Tower with Radar,26,16,118,3,163,0,1,553,0,554,26,17,671,3,717,431,0,431,1148
03/18/2008,DAB,FL,ASO,ES,Combined TRACON& Tower with Radar,27,11,125,4,167,0,0,370,3,373,27,11,495,7,540,30,0,30,570
03/19/2008,DAB,FL,ASO,ES,Combined TRACON& Tower with Radar,27,16,100,0,143,0,0,394,0,394,27,16,494,0,537,47,0,47,584
03/20/2008,DAB,FL,ASO,ES,Combined TRACON& Tower with Radar,28,14,130,2,174,0,0,417,0,417,28,14,547,2,591,71,0,71,662
03/21/2008,DAB,FL,ASO,ES,Combined TRACON& Tower with Radar,26,18,118,0,162,0,2,652,0,654,26,20,770,0,816,387,0,387,1203
03/22/2008,DAB,FL,ASO,ES,Combined TRACON& Tower with Radar,25,23,92,0,140,0,3,463,2,468,25,26,555,2,608,288,0,288,896
03/23/2008,DAB,FL,ASO,ES,Combined TRACON& Tower with Radar,26,16,77,0,119,0,0,222,1,223,26,16,299,1,342,176,0,176,518
03/24/2008,DAB,FL,ASO,ES,Combined TRACON& Tower with Radar,24,12,123,0,159,0,1,395,0,396,24,13,518,0,555,0,0,0,555
03/25/2008,DAB,FL,ASO,ES,Combined TRACON& Tower with Radar,26,12,148,6,192,0,2,732,1,735,26,14,880,7,927,251,0,251,1178
03/26/2008,DAB,FL,ASO,ES,Combined TRACON& Tower with Radar,21,21,154,3,199,0,0,815,1,816,21,21,969,4,1015,538,0,538,1553
03/27/2008,DAB,FL,ASO,ES,Combined TRACON& Tower with Radar,18,22,161,3,204,0,1,805,4,810,18,23,966,7,1014,360,0,360,1374
03/28/2008,DAB,FL,ASO,ES,Combined TRACON& Tower with Radar,26,25,145,0,196,0,0,909,2,911,26,25,1054,2,1107,426,0,426,1533
03/29/2008,DAB,FL,ASO,ES,Combined TRACON& Tower with Radar,26,27,155,3,211,0,6,669,2,677,26,33,824,5,888,549,0,549,1437
03/30/2008,DAB,FL,ASO,ES,Combined TRACON& Tower with Radar,27,19,121,4,171,0,0,93,0,93,27,19,214,4,264,22,0,22,286
03/31/2008,DAB,FL,ASO,ES,Combined TRACON& Tower with Radar,26,21,161,6,214,0,0,309,0,309,26,21,470,6,523,162,0,162,685
04/01/2008,DAB,FL,ASO,ES,Combined TRACON& Tower with Radar,26,12,159,2,199,0,3,585,0,588,26,15,744,2,787,312,0,312,1099
04/02/2008,DAB,FL,ASO,ES,Combined TRACON& Tower with Radar,25,8,149,0,182,0,1,866,0,867,25,9,1015,0,1049,569,0,569,1618
04/03/2008,DAB,FL,ASO,ES,Combined TRACON& Tower with Radar,23,18,158,0,199,0,0,263,0,263,23,18,421,0,462,156,0,156,618
04/04/2008,DAB,FL,ASO,ES,Combined TRACON& Tower with Radar,18,20,138,4,180,0,2,545,1,548,18,22,683,5,728,206,0,206,934
04/05/2008,DAB,FL,ASO,ES,Combined TRACON& Tower with Radar,31,31,88,0,150,0,4,205,0,209,31,35,293,0,359,48,0,48,407
04/06/2008,DAB,FL,ASO,ES,Combined TRACON& Tower with Radar,25,20,82,3,130,0,0,172,2,174,25,20,254,5,304,94,0,94,398
04/07/2008,DAB,FL,ASO,ES,Combined TRACON& Tower with Radar,25,12,248,0,285,0,1,178,1,180,25,13,426,1,465,108,0,108,573
04/08/2008,DAB,FL,ASO,ES,Combined TRACON& Tower with Radar,23,10,236,9,278,0,0,56,0,56,23,10,292,9,334,55,0,55,389
04/09/2008,DAB,FL,ASO,ES,Combined TRACON& Tower with Radar,22,14,232,2,270,0,0,682,0,682,22,14,914,2,952,503,0,503,1455
04/10/2008,DAB,FL,ASO,ES,Combined TRACON& Tower with Radar,22,18,165,1,206,0,0,971,4,975,22,18,1136,5,1181,459,0,459,1640
04/11/2008,DAB,FL,ASO,ES,Combined TRACON& Tower with Radar,22,13,150,6,191,0,0,824,2,826,22,13,974,8,1017,386,0,386,1403
04/12/2008,DAB,FL,ASO,ES,Combined TRACON& Tower with Radar,24,20,117,5,166,0,0,674,0,674,24,20,791,5,840,243,0,243,1083
04/13/2008,DAB,FL,ASO,ES,Combined TRACON& Tower with Radar,24,19,67,3,113,0,0,257,0,257,24,19,324,3,370,112,0,112,482
04/14/2008,DAB,FL,ASO,ES,Combined TRACON& Tower with Radar,22,14,103,1,140,0,0,542,0,542,22,14,645,1,682,278,0,278,960
04/15/2008,DAB,FL,ASO,ES,Combined TRACON& Tower with Radar,22,17,123,2,164,0,0,436,0,436,22,17,559,2,600,39,0,39,639
04/16/2008,DAB,FL,ASO,ES,Combined TRACON& Tower with Radar,21,16,126,2,165,0,1,433,0,434,21,17,559,2,599,38,0,38,637
04/17/2008,DAB,FL,ASO,ES,Combined TRACON& Tower with Radar,22,23,178,2,225,0,2,932,0,934,22,25,1110,2,1159,401,0,401,1560
04/18/2008,DAB,FL,ASO,ES,Combined TRACON& Tower with Radar,22,16,177,0,215,0,1,886,0,887,22,17,1063,0,1102,449,0,449,1551
04/19/2008,DAB,FL,ASO,ES,Combined TRACON& Tower with Radar,24,20,124,2,170,0,0,706,2,708,24,20,830,4,878,225,0,225,1103
04/20/2008,DAB,FL,ASO,ES,Combined TRACON& Tower with Radar,25,17,95,0,137,0,1,384,4,389,25,18,479,4,526,154,0,154,680
04/21/2008,DAB,FL,ASO,ES,Combined TRACON& Tower with Radar,22,16,128,4,170,0,0,668,0,668,22,16,796,4,838,304,0,304,1142
04/22/2008,DAB,FL,ASO,ES,Combined TRACON& Tower with Radar,22,15,141,3,181,0,1,836,3,840,22,16,977,6,1021,478,0,478,1499
04/23/2008,DAB,FL,ASO,ES,Combined TRACON& Tower with Radar,24,12,143,0,179,0,0,334,0,334,24,12,477,0,513,130,0,130,643
04/24/2008,DAB,FL,ASO,ES,Combined TRACON& Tower with Radar,22,16,156,2,196,0,0,701,0,701,22,16,857,2,897,443,0,443,1340
04/25/2008,DAB,FL,ASO,ES,Combined TRACON& Tower with Radar,22,15,193,1,231,0,0,935,2,937,22,15,1128,3,1168,475,0,475,1643
04/26/2008,DAB,FL,ASO,ES,Combined TRACON& Tower with Radar,24,24,125,0,173,0,1,735,0,736,24,25,860,0,909,354,0,354,1263
04/27/2008,DAB,FL,ASO,ES,Combined TRACON& Tower with Radar,24,16,93,13,146,0,0,308,5,313,24,16,401,18,459,150,0,150,609
04/28/2008,DAB,FL,ASO,ES,Combined TRACON& Tower with Radar,19,13,119,0,151,0,1,376,1,378,19,14,495,1,529,261,0,261,790
04/29/2008,DAB,FL,ASO,ES,Combined TRACON& Tower with Radar,22,12,182,2,218,0,2,646,2,650,22,14,828,4,868,209,0,209,1077
04/30/2008,DAB,FL,ASO,ES,Combined TRACON& Tower with Radar,19,27,152,4,202,0,2,826,4,832,19,29,978,8,1034,437,0,437,1471
05/01/2008,DAB,FL,ASO,ES,Combined TRACON& Tower with Radar,18,19,181,4,222,0,1,832,0,833,18,20,1013,4,1055,412,0,412,1467
05/02/2008,DAB,FL,ASO,ES,Combined TRACON& Tower with Radar,20,19,153,1,193,0,2,632,3,637,20,21,785,4,830,326,0,326,1156
05/03/2008,DAB,FL,ASO,ES,Combined TRACON& Tower with Radar,22,25,98,0,145,0,3,544,1,548,22,28,642,1,693,336,0,336,1029
05/04/2008,DAB,FL,ASO,ES,Combined TRACON& Tower with Radar,20,17,69,0,106,0,0,318,2,320,20,17,387,2,426,221,0,221,647
05/05/2008,DAB,FL,ASO,ES,Combined TRACON& Tower with Radar,16,17,130,0,163,0,0,499,1,500,16,17,629,1,663,360,0,360,1023
05/06/2008,DAB,FL,ASO,ES,Combined TRACON& Tower with Radar,14,18,173,1,206,0,0,703,1,704,14,18,876,2,910,283,0,283,1193
05/07/2008,DAB,FL,ASO,ES,Combined TRACON& Tower with Radar,14,14,167,0,195,0,2,675,0,677,14,16,842,0,872,468,0,468,1340
05/08/2008,DAB,FL,ASO,ES,Combined TRACON& Tower with Radar,14,18,129,0,161,0,1,518,2,521,14,19,647,2,682,134,0,134,816
05/09/2008,DAB,FL,ASO,ES,Combined TRACON& Tower with Radar,14,16,128,0,158,0,1,444,0,445,14,17,572,0,603,310,0,310,913
05/10/2008,DAB,FL,ASO,ES,Combined TRACON& Tower with Radar,18,22,85,0,125,0,0,540,0,540,18,22,625,0,665,460,0,460,1125
05/11/2008,DAB,FL,ASO,ES,Combined TRACON& Tower with Radar,16,14,27,0,57,0,2,64,0,66,16,16,91,0,123,24,0,24,147
05/12/2008,DAB,FL,ASO,ES,Combined TRACON& Tower with Radar,13,15,98,2,128,0,7,516,0,523,13,22,614,2,651,147,0,147,798
05/13/2008,DAB,FL,ASO,ES,Combined TRACON& Tower with Radar,14,14,146,0,174,0,1,759,4,764,14,15,905,4,938,205,0,205,1143
05/14/2008,DAB,FL,ASO,ES,Combined TRACON& Tower with Radar,14,13,153,0,180,0,2,737,0,739,14,15,890,0,919,519,0,519,1438
05/15/2008,DAB,FL,ASO,ES,Combined TRACON& Tower with Radar,14,12,154,0,180,0,0,650,0,650,14,12,804,0,830,260,0,260,1090
05/16/2008,DAB,FL,ASO,ES,Combined TRACON& Tower with Radar,14,15,130,0,159,0,2,640,0,642,14,17,770,0,801,402,0,402,1203
05/17/2008,DAB,FL,ASO,ES,Combined TRACON& Tower with Radar,21,24,117,0,162,0,7,502,0,509,21,31,619,0,671,351,0,351,1022
05/18/2008,DAB,FL,ASO,ES,Combined TRACON& Tower with Radar,15,17,67,2,101,0,1,192,2,195,15,18,259,4,296,179,0,179,475
05/19/2008,DAB,FL,ASO,ES,Combined TRACON& Tower with Radar,14,19,110,0,143,0,0,577,0,577,14,19,687,0,720,505,0,505,1225
05/20/2008,DAB,FL,ASO,ES,Combined TRACON& Tower with Radar,14,10,121,0,145,0,0,249,0,249,14,10,370,0,394,254,0,254,648
05/21/2008,DAB,FL,ASO,ES,Combined TRACON& Tower with Radar,14,17,125,2,158,0,0,749,1,750,14,17,874,3,908,452,0,452,1360
05/22/2008,DAB,FL,ASO,ES,Combined TRACON& Tower with Radar,14,17,139,2,172,0,0,502,0,502,14,17,641,2,674,402,0,402,1076
05/23/2008,DAB,FL,ASO,ES,Combined TRACON& Tower with Radar,14,18,121,0,153,0,0,488,0,488,14,18,609,0,641,303,0,303,944
05/24/2008,DAB,FL,ASO,ES,Combined TRACON& Tower with Radar,16,17,97,0,130,0,1,430,0,431,16,18,527,0,561,508,0,508,1069
05/25/2008,DAB,FL,ASO,ES,Combined TRACON& Tower with Radar,12,17,75,0,104,0,0,250,0,250,12,17,325,0,354,249,0,249,603
05/26/2008,DAB,FL,ASO,ES,Combined TRACON& Tower with Radar,12,16,140,0,168,0,1,547,6,554,12,17,687,6,722,288,4,292,1014
05/27/2008,DAB,FL,ASO,ES,Combined TRACON& Tower with Radar,14,24,170,0,208,0,10,720,0,730,14,34,890,0,938,419,0,419,1357
05/28/2008,DAB,FL,ASO,ES,Combined TRACON& Tower with Radar,14,27,189,0,230,0,3,873,2,878,14,30,1062,2,1108,588,0,588,1696
05/29/2008,DAB,FL,ASO,ES,Combined TRACON& Tower with Radar,12,21,188,0,221,0,4,770,5,779,12,25,958,5,1000,506,0,506,1506
05/30/2008,DAB,FL,ASO,ES,Combined TRACON& Tower with Radar,12,17,147,0,176,0,1,724,2,727,12,18,871,2,903,545,0,545,1448
05/31/2008,DAB,FL,ASO,ES,Combined TRACON& Tower with Radar,14,12,86,0,112,0,0,335,3,338,14,12,421,3,450,72,0,72,522
06/01/2008,DAB,FL,ASO,ES,Combined TRACON& Tower with Radar,14,18,80,6,118,0,0,256,1,257,14,18,336,7,375,194,0,194,569
06/02/2008,DAB,FL,ASO,ES,Combined TRACON& Tower with Radar,12,23,90,5,130,0,1,418,0,419,12,24,508,5,549,282,0,282,831
06/03/2008,DAB,FL,ASO,ES,Combined TRACON& Tower with Radar,11,14,139,2,166,0,2,640,4,646,11,16,779,6,812,546,0,546,1358
06/04/2008,DAB,FL,ASO,ES,Combined TRACON& Tower with Radar,12,13,149,0,174,0,0,675,0,675,12,13,824,0,849,411,0,411,1260
06/05/2008,DAB,FL,ASO,ES,Combined TRACON& Tower with Radar,12,16,137,0,165,0,0,688,1,689,12,16,825,1,854,382,0,382,1236
06/06/2008,DAB,FL,ASO,ES,Combined TRACON& Tower with Radar,10,20,147,0,177,0,0,636,0,636,10,20,783,0,813,370,0,370,1183
06/07/2008,DAB,FL,ASO,ES,Combined TRACON& Tower with Radar,15,27,107,0,149,0,0,512,0,512,15,27,619,0,661,306,0,306,967
06/08/2008,DAB,FL,ASO,ES,Combined TRACON& Tower with Radar,11,15,93,0,119,0,0,395,0,395,11,15,488,0,514,280,0,280,794
06/09/2008,DAB,FL,ASO,ES,Combined TRACON& Tower with Radar,14,24,152,0,190,0,2,635,0,637,14,26,787,0,827,363,0,363,1190
06/10/2008,DAB,FL,ASO,ES,Combined TRACON& Tower with Radar,12,23,86,0,121,0,0,332,0,332,12,23,418,0,453,244,0,244,697
06/11/2008,DAB,FL,ASO,ES,Combined TRACON& Tower with Radar,12,21,110,6,149,0,0,554,0,554,12,21,664,6,703,382,0,382,1085
06/12/2008,DAB,FL,ASO,ES,Combined TRACON& Tower with Radar,14,17,188,0,219,0,2,630,5,637,14,19,818,5,856,279,0,279,1135
06/13/2008,DAB,FL,ASO,ES,Combined TRACON& Tower with Radar,14,21,170,4,209,0,0,567,0,567,14,21,737,4,776,315,0,315,1091
06/14/2008,DAB,FL,ASO,ES,Combined TRACON& Tower with Radar,14,16,92,0,122,0,0,501,1,502,14,16,593,1,624,154,0,154,778
06/15/2008,DAB,FL,ASO,ES,Combined TRACON& Tower with Radar,12,16,49,0,77,0,2,172,0,174,12,18,221,0,251,34,0,34,285
06/16/2008,DAB,FL,ASO,ES,Combined TRACON& Tower with Radar,16,25,84,0,125,0,2,448,0,450,16,27,532,0,575,213,0,213,788
06/17/2008,DAB,FL,ASO,ES,Combined TRACON& Tower with Radar,12,14,111,2,139,0,1,456,0,457,12,15,567,2,596,286,0,286,882
06/18/2008,DAB,FL,ASO,ES,Combined TRACON& Tower with Radar,12,27,102,0,141,0,1,496,0,497,12,28,598,0,638,310,0,310,948
06/19/2008,DAB,FL,ASO,ES,Combined TRACON& Tower with Radar,12,16,98,0,126,0,0,557,0,557,12,16,655,0,683,323,0,323,1006
06/20/2008,DAB,FL,ASO,ES,Combined TRACON& Tower with Radar,12,28,132,8,180,0,1,589,2,592,12,29,721,10,772,297,0,297,1069
06/21/2008,DAB,FL,ASO,ES,Combined TRACON& Tower with Radar,15,12,103,0,130,0,1,308,0,309,15,13,411,0,439,208,0,208,647
06/22/2008,DAB,FL,ASO,ES,Combined TRACON& Tower with Radar,11,19,81,2,113,0,0,257,2,259,11,19,338,4,372,218,0,218,590
06/23/2008,DAB,FL,ASO,ES,Combined TRACON& Tower with Radar,12,18,140,2,172,0,0,499,0,499,12,18,639,2,671,106,0,106,777
06/24/2008,DAB,FL,ASO,ES,Combined TRACON& Tower with Radar,12,19,96,0,127,0,0,544,0,544,12,19,640,0,671,307,0,307,978
06/25/2008,DAB,FL,ASO,ES,Combined TRACON& Tower with Radar,13,25,174,0,212,0,0,627,3,630,13,25,801,3,842,484,0,484,1326
06/26/2008,DAB,FL,ASO,ES,Combined TRACON& Tower with Radar,12,26,135,2,175,0,0,577,0,577,12,26,712,2,752,327,0,327,1079
06/27/2008,DAB,FL,ASO,ES,Combined TRACON& Tower with Radar,11,27,136,4,178,0,1,694,0,695,11,28,830,4,873,399,0,399,1272
06/28/2008,DAB,FL,ASO,ES,Combined TRACON& Tower with Radar,14,18,101,0,133,0,5,373,1,379,14,23,474,1,512,184,0,184,696
06/29/2008,DAB,FL,ASO,ES,Combined TRACON& Tower with Radar,11,16,75,0,102,0,2,226,0,228,11,18,301,0,330,60,0,60,390
06/30/2008,DAB,FL,ASO,ES,Combined TRACON& Tower with Radar,11,19,112,0,142,0,0,449,1,450,11,19,561,1,592,154,0,154,746
07/01/2008,DAB,FL,ASO,ES,Combined TRACON& Tower with Radar,11,17,165,2,195,0,0,524,1,525,11,17,689,3,720,294,0,294,1014
07/02/2008,DAB,FL,ASO,ES,Combined TRACON& Tower with Radar,12,30,195,0,237,0,0,725,0,725,12,30,920,0,962,513,0,513,1475
07/03/2008,DAB,FL,ASO,ES,Combined TRACON& Tower with Radar,12,33,142,5,192,0,0,574,0,574,12,33,716,5,766,306,0,306,1072
07/04/2008,DAB,FL,ASO,ES,Combined TRACON& Tower with Radar,10,41,100,0,151,0,1,276,2,279,10,42,376,2,430,146,0,146,576
07/05/2008,DAB,FL,ASO,ES,Combined TRACON& Tower with Radar,15,37,128,3,183,0,1,221,2,224,15,38,349,5,407,44,0,44,451
07/06/2008,DAB,FL,ASO,ES,Combined TRACON& Tower with Radar,18,33,150,3,204,0,1,213,0,214,18,34,363,3,418,80,0,80,498
07/07/2008,DAB,FL,ASO,ES,Combined TRACON& Tower with Radar,9,24,169,2,204,0,0,543,2,545,9,24,712,4,749,373,20,393,1142
07/08/2008,DAB,FL,ASO,ES,Combined TRACON& Tower with Radar,12,22,163,1,198,0,0,454,0,454,12,22,617,1,652,252,0,252,904
07/09/2008,DAB,FL,ASO,ES,Combined TRACON& Tower with Radar,12,15,201,0,228,0,0,516,2,518,12,15,717,2,746,165,0,165,911
07/10/2008,DAB,FL,ASO,ES,Combined TRACON& Tower with Radar,9,17,191,3,220,0,2,632,0,634,9,19,823,3,854,341,0,341,1195
07/11/2008,DAB,FL,ASO,ES,Combined TRACON& Tower with Radar,13,23,103,3,142,0,0,576,0,576,13,23,679,3,718,254,0,254,972
07/12/2008,DAB,FL,ASO,ES,Combined TRACON& Tower with Radar,14,15,109,2,140,0,0,494,0,494,14,15,603,2,634,402,0,402,1036
07/13/2008,DAB,FL,ASO,ES,Combined TRACON& Tower with Radar,11,19,68,1,99,0,0,220,0,220,11,19,288,1,319,134,0,134,453
07/14/2008,DAB,FL,ASO,ES,Combined TRACON& Tower with Radar,9,17,101,2,129,0,5,593,0,598,9,22,694,2,727,365,0,365,1092
07/15/2008,DAB,FL,ASO,ES,Combined TRACON& Tower with Radar,14,20,160,1,195,0,0,370,2,372,14,20,530,3,567,393,0,393,960
07/16/2008,DAB,FL,ASO,ES,Combined TRACON& Tower with Radar,12,18,231,0,261,0,1,422,0,423,12,19,653,0,684,446,0,446,1130
07/17/2008,DAB,FL,ASO,ES,Combined TRACON& Tower with Radar,11,15,169,0,195,0,0,46,0,46,11,15,215,0,241,46,0,46,287
07/18/2008,DAB,FL,ASO,ES,Combined TRACON& Tower with Radar,10,25,213,0,248,0,0,358,0,358,10,25,571,0,606,361,0,361,967
07/19/2008,DAB,FL,ASO,ES,Combined TRACON& Tower with Radar,14,7,86,0,107,0,0,372,0,372,14,7,458,0,479,167,0,167,646
07/20/2008,DAB,FL,ASO,ES,Combined TRACON& Tower with Radar,11,12,83,0,106,0,0,332,0,332,11,12,415,0,438,106,0,106,544
07/21/2008,DAB,FL,ASO,ES,Combined TRACON& Tower with Radar,9,12,126,0,147,0,0,651,0,651,9,12,777,0,798,259,0,259,1057
07/22/2008,DAB,FL,ASO,ES,Combined TRACON& Tower with Radar,12,12,104,2,130,0,0,519,4,523,12,12,623,6,653,187,0,187,840
07/23/2008,DAB,FL,ASO,ES,Combined TRACON& Tower with Radar,13,10,90,3,116,0,1,335,4,340,13,11,425,7,456,92,0,92,548
07/24/2008,DAB,FL,ASO,ES,Combined TRACON& Tower with Radar,12,12,124,3,151,0,0,675,2,677,12,12,799,5,828,318,0,318,1146
07/25/2008,DAB,FL,ASO,ES,Combined TRACON& Tower with Radar,12,11,149,5,177,0,2,583,1,586,12,13,732,6,763,332,0,332,1095
07/26/2008,DAB,FL,ASO,ES,Combined TRACON& Tower with Radar,13,8,103,2,126,0,0,355,0,355,13,8,458,2,481,196,0,196,677
07/27/2008,DAB,FL,ASO,ES,Combined TRACON& Tower with Radar,12,9,41,1,63,0,0,254,3,257,12,9,295,4,320,150,0,150,470
07/28/2008,DAB,FL,ASO,ES,Combined TRACON& Tower with Radar,10,13,116,2,141,0,0,489,0,489,10,13,605,2,630,290,0,290,920
07/29/2008,DAB,FL,ASO,ES,Combined TRACON& Tower with Radar,16,16,112,2,146,0,0,581,0,581,16,16,693,2,727,347,0,347,1074
07/30/2008,DAB,FL,ASO,ES,Combined TRACON& Tower with Radar,12,12,122,0,146,0,2,548,0,550,12,14,670,0,696,264,0,264,960
07/31/2008,DAB,FL,ASO,ES,Combined TRACON& Tower with Radar,10,17,130,0,157,0,0,470,2,472,10,17,600,2,629,362,0,362,991
08/01/2008,DAB,FL,ASO,ES,Combined TRACON& Tower with Radar,14,13,78,0,105,0,0,498,0,498,14,13,576,0,603,316,0,316,919
08/02/2008,DAB,FL,ASO,ES,Combined TRACON& Tower with Radar,14,8,96,0,118,0,0,356,0,356,14,8,452,0,474,255,0,255,729
08/03/2008,DAB,FL,ASO,ES,Combined TRACON& Tower with Radar,12,11,55,2,80,0,0,320,0,320,12,11,375,2,400,154,0,154,554
08/04/2008,DAB,FL,ASO,ES,Combined TRACON& Tower with Radar,10,12,127,0,149,0,0,659,1,660,10,12,786,1,809,284,0,284,1093
08/05/2008,DAB,FL,ASO,ES,Combined TRACON& Tower with Radar,10,14,181,0,205,0,0,683,0,683,10,14,864,0,888,336,0,336,1224
08/06/2008,DAB,FL,ASO,ES,Combined TRACON& Tower with Radar,10,13,159,0,182,0,0,644,0,644,10,13,803,0,826,280,0,280,1106
08/07/2008,DAB,FL,ASO,ES,Combined TRACON& Tower with Radar,14,15,126,0,155,0,2,615,0,617,14,17,741,0,772,315,0,315,1087
08/08/2008,DAB,FL,ASO,ES,Combined TRACON& Tower with Radar,10,19,92,0,121,0,0,322,0,322,10,19,414,0,443,107,0,107,550
08/09/2008,DAB,FL,ASO,ES,Combined TRACON& Tower with Radar,14,10,85,2,111,0,0,215,0,215,14,10,300,2,326,190,0,190,516
08/10/2008,DAB,FL,ASO,ES,Combined TRACON& Tower with Radar,12,12,64,1,89,0,0,265,2,267,12,12,329,3,356,116,0,116,472
08/11/2008,DAB,FL,ASO,ES,Combined TRACON& Tower with Radar,10,15,142,8,175,0,0,518,0,518,10,15,660,8,693,337,0,337,1030
08/12/2008,DAB,FL,ASO,ES,Combined TRACON& Tower with Radar,12,12,108,0,132,0,0,375,3,378,12,12,483,3,510,336,0,336,846
08/13/2008,DAB,FL,ASO,ES,Combined TRACON& Tower with Radar,14,14,101,0,129,0,0,350,0,350,14,14,451,0,479,112,0,112,591
08/14/2008,DAB,FL,ASO,ES,Combined TRACON& Tower with Radar,14,13,81,0,108,0,0,309,0,309,14,13,390,0,417,169,0,169,586
08/15/2008,DAB,FL,ASO,ES,Combined TRACON& Tower with Radar,16,12,118,0,146,0,0,487,0,487,16,12,605,0,633,340,0,340,973
08/16/2008,DAB,FL,ASO,ES,Combined TRACON& Tower with Radar,13,10,97,4,124,0,0,294,0,294,13,10,391,4,418,225,0,225,643
08/17/2008,DAB,FL,ASO,ES,Combined TRACON& Tower with Radar,11,12,70,0,93,0,0,243,1,244,11,12,313,1,337,104,0,104,441
08/18/2008,DAB,FL,ASO,ES,Combined TRACON& Tower with Radar,10,13,170,0,193,0,0,419,1,420,10,13,589,1,613,234,0,234,847
08/19/2008,DAB,FL,ASO,ES,Combined TRACON& Tower with Radar,11,7,10,0,28,0,0,4,0,4,11,7,14,0,32,0,0,0,32
08/20/2008,DAB,FL,ASO,ES,Combined TRACON& Tower with Radar,3,7,5,0,15,0,0,0,0,0,3,7,5,0,15,0,0,0,15
08/21/2008,DAB,FL,ASO,ES,Combined TRACON& Tower with Radar,5,6,3,1,15,0,0,0,0,0,5,6,3,1,15,0,0,0,15
08/22/2008,DAB,FL,ASO,ES,Combined TRACON& Tower with Radar,11,12,8,1,32,0,0,2,1,3,11,12,10,2,35,0,0,0,35
08/23/2008,DAB,FL,ASO,ES,Combined TRACON& Tower with Radar,14,6,104,0,124,0,0,77,0,77,14,6,181,0,201,2,0,2,203
08/24/2008,DAB,FL,ASO,ES,Combined TRACON& Tower with Radar,14,9,83,0,106,0,0,220,0,220,14,9,303,0,326,155,0,155,481
08/25/2008,DAB,FL,ASO,ES,Combined TRACON& Tower with Radar,8,11,127,4,150,0,0,523,0,523,8,11,650,4,673,145,0,145,818
08/26/2008,DAB,FL,ASO,ES,Combined TRACON& Tower with Radar,9,9,109,2,129,0,1,775,2,778,9,10,884,4,907,250,0,250,1157
08/27/2008,DAB,FL,ASO,ES,Combined TRACON& Tower with Radar,10,8,130,0,148,0,1,730,0,731,10,9,860,0,879,254,0,254,1133
08/28/2008,DAB,FL,ASO,ES,Combined TRACON& Tower with Radar,12,12,163,4,191,0,1,723,0,724,12,13,886,4,915,299,0,299,1214
08/29/2008,DAB,FL,ASO,ES,Combined TRACON& Tower with Radar,12,8,175,1,196,0,1,697,2,700,12,9,872,3,896,385,0,385,1281
08/30/2008,DAB,FL,ASO,ES,Combined TRACON& Tower with Radar,11,6,143,0,160,0,0,376,0,376,11,6,519,0,536,442,0,442,978
08/31/2008,DAB,FL,ASO,ES,Combined TRACON& Tower with Radar,8,6,77,0,91,0,0,148,0,148,8,6,225,0,239,122,0,122,361
09/01/2008,DAB,FL,ASO,ES,Combined TRACON& Tower with Radar,11,8,162,0,181,0,0,517,0,517,11,8,679,0,698,258,0,258,956
09/02/2008,DAB,FL,ASO,ES,Combined TRACON& Tower with Radar,10,7,192,0,209,0,0,383,0,383,10,7,575,0,592,156,0,156,748
09/03/2008,DAB,FL,ASO,ES,Combined TRACON& Tower with Radar,8,12,167,4,191,0,0,783,2,785,8,12,950,6,976,504,0,504,1480
09/04/2008,DAB,FL,ASO,ES,Combined TRACON& Tower with Radar,10,9,144,0,163,0,2,718,0,720,10,11,862,0,883,291,0,291,1174
09/05/2008,DAB,FL,ASO,ES,Combined TRACON& Tower with Radar,12,6,64,0,82,0,1,81,0,82,12,7,145,0,164,8,0,8,172
09/06/2008,DAB,FL,ASO,ES,Combined TRACON& Tower with Radar,9,2,177,0,188,0,0,632,26,658,9,2,809,26,846,300,0,300,1146
09/07/2008,DAB,FL,ASO,ES,Combined TRACON& Tower with Radar,10,6,70,0,86,0,0,309,2,311,10,6,379,2,397,192,0,192,589
09/08/2008,DAB,FL,ASO,ES,Combined TRACON& Tower with Radar,9,10,221,0,240,0,0,740,0,740,9,10,961,0,980,412,0,412,1392
09/09/2008,DAB,FL,ASO,ES,Combined TRACON& Tower with Radar,8,8,208,0,224,0,0,688,0,688,8,8,896,0,912,458,0,458,1370
09/10/2008,DAB,FL,ASO,ES,Combined TRACON& Tower with Radar,10,6,229,0,245,0,2,440,0,442,10,8,669,0,687,274,0,274,961
09/11/2008,DAB,FL,ASO,ES,Combined TRACON& Tower with Radar,10,6,235,2,253,0,2,459,0,461,10,8,694,2,714,269,0,269,983
09/12/2008,DAB,FL,ASO,ES,Combined TRACON& Tower with Radar,10,8,164,2,184,0,2,873,0,875,10,10,1037,2,1059,429,0,429,1488
09/13/2008,DAB,FL,ASO,ES,Combined TRACON& Tower with Radar,10,4,141,0,155,0,0,661,1,662,10,4,802,1,817,403,0,403,1220
09/14/2008,DAB,FL,ASO,ES,Combined TRACON& Tower with Radar,9,7,73,4,93,0,0,221,0,221,9,7,294,4,314,131,0,131,445
09/15/2008,DAB,FL,ASO,ES,Combined TRACON& Tower with Radar,10,9,128,0,147,0,0,723,1,724,10,9,851,1,871,363,0,363,1234
09/16/2008,DAB,FL,ASO,ES,Combined TRACON& Tower with Radar,7,8,160,3,178,0,0,745,1,746,7,8,905,4,924,387,0,387,1311
09/17/2008,DAB,FL,ASO,ES,Combined TRACON& Tower with Radar,10,7,171,0,188,0,0,558,0,558,10,7,729,0,746,230,0,230,976
09/18/2008,DAB,FL,ASO,ES,Combined TRACON& Tower with Radar,9,8,262,0,279,0,2,680,0,682,9,10,942,0,961,305,0,305,1266
09/19/2008,DAB,FL,ASO,ES,Combined TRACON& Tower with Radar,10,6,168,0,184,0,1,630,0,631,10,7,798,0,815,267,0,267,1082
09/20/2008,DAB,FL,ASO,ES,Combined TRACON& Tower with Radar,9,7,190,2,208,0,0,250,0,250,9,7,440,2,458,152,0,152,610
09/21/2008,DAB,FL,ASO,ES,Combined TRACON& Tower with Radar,11,7,82,0,100,0,0,250,0,250,11,7,332,0,350,125,0,125,475
09/22/2008,DAB,FL,ASO,ES,Combined TRACON& Tower with Radar,10,6,228,0,244,0,1,449,0,450,10,7,677,0,694,334,0,334,1028
09/23/2008,DAB,FL,ASO,ES,Combined TRACON& Tower with Radar,8,6,169,0,183,0,0,279,1,280,8,6,448,1,463,176,0,176,639
09/24/2008,DAB,FL,ASO,ES,Combined TRACON& Tower with Radar,10,21,168,2,201,0,0,98,3,101,10,21,266,5,302,16,0,16,318
09/25/2008,DAB,FL,ASO,ES,Combined TRACON& Tower with Radar,9,18,194,0,221,0,3,996,2,1001,9,21,1190,2,1222,280,0,280,1502
09/26/2008,DAB,FL,ASO,ES,Combined TRACON& Tower with Radar,10,6,177,5,198,0,0,1041,0,1041,10,6,1218,5,1239,426,0,426,1665
09/27/2008,DAB,FL,ASO,ES,Combined TRACON& Tower with Radar,14,7,104,0,125,0,2,827,0,829,14,9,931,0,954,390,0,390,1344
09/28/2008,DAB,FL,ASO,ES,Combined TRACON& Tower with Radar,8,7,83,0,98,0,2,400,0,402,8,9,483,0,500,194,0,194,694
09/29/2008,DAB,FL,ASO,ES,Combined TRACON& Tower with Radar,10,6,214,0,230,0,0,880,2,882,10,6,1094,2,1112,414,0,414,1526
09/30/2008,DAB,FL,ASO,ES,Combined TRACON& Tower with Radar,7,6,195,0,208,0,1,712,0,713,7,7,907,0,921,431,0,431,1352
10/01/2008,DAB,FL,ASO,ES,Combined TRACON& Tower with Radar,10,5,139,1,155,0,0,868,0,868,10,5,1007,1,1023,488,0,488,1511
10/02/2008,DAB,FL,ASO,ES,Combined TRACON& Tower with Radar,11,4,171,1,187,0,0,987,1,988,11,4,1158,2,1175,367,0,367,1542
10/03/2008,DAB,FL,ASO,ES,Combined TRACON& Tower with Radar,10,7,179,0,196,0,0,843,0,843,10,7,1022,0,1039,477,0,477,1516
10/04/2008,DAB,FL,ASO,ES,Combined TRACON& Tower with Radar,10,4,122,2,138,0,0,709,0,709,10,4,831,2,847,306,0,306,1153
10/05/2008,DAB,FL,ASO,ES,Combined TRACON& Tower with Radar,14,4,83,9,110,0,3,194,0,197,14,7,277,9,307,103,0,103,410
10/06/2008,DAB,FL,ASO,ES,Combined TRACON& Tower with Radar,11,5,301,1,318,0,0,324,0,324,11,5,625,1,642,345,0,345,987
10/07/2008,DAB,FL,ASO,ES,Combined TRACON& Tower with Radar,10,6,191,0,207,0,0,787,0,787,10,6,978,0,994,458,0,458,1452
10/08/2008,DAB,FL,ASO,ES,Combined TRACON& Tower with Radar,11,8,190,4,213,0,0,296,0,296,11,8,486,4,509,68,0,68,577
10/09/2008,DAB,FL,ASO,ES,Combined TRACON& Tower with Radar,13,4,129,0,146,0,1,669,0,670,13,5,798,0,816,397,0,397,1213
10/10/2008,DAB,FL,ASO,ES,Combined TRACON& Tower with Radar,13,6,292,1,312,0,0,586,0,586,13,6,878,1,898,562,0,562,1460
10/11/2008,DAB,FL,ASO,ES,Combined TRACON& Tower with Radar,11,5,215,2,233,0,3,503,0,506,11,8,718,2,739,236,0,236,975
10/12/2008,DAB,FL,ASO,ES,Combined TRACON& Tower with Radar,12,5,89,0,106,0,1,221,0,222,12,6,310,0,328,93,0,93,421
10/13/2008,DAB,FL,ASO,ES,Combined TRACON& Tower with Radar,12,6,177,0,195,0,0,653,0,653,12,6,830,0,848,371,0,371,1219
10/14/2008,DAB,FL,ASO,ES,Combined TRACON& Tower with Radar,9,9,200,0,218,0,3,914,1,918,9,12,1114,1,1136,434,0,434,1570
10/15/2008,DAB,FL,ASO,ES,Combined TRACON& Tower with Radar,12,7,164,0,183,0,0,962,0,962,12,7,1126,0,1145,435,0,435,1580
10/16/2008,DAB,FL,ASO,ES,Combined TRACON& Tower with Radar,12,12,154,0,178,0,0,1023,0,1023,12,12,1177,0,1201,516,0,516,1717
10/17/2008,DAB,FL,ASO,ES,Combined TRACON& Tower with Radar,12,6,184,2,204,0,0,832,2,834,12,6,1016,4,1038,343,0,343,1381
10/18/2008,DAB,FL,ASO,ES,Combined TRACON& Tower with Radar,6,7,107,0,120,0,3,684,0,687,6,10,791,0,807,315,0,315,1122
10/19/2008,DAB,FL,ASO,ES,Combined TRACON& Tower with Radar,10,8,83,2,103,0,2,132,1,135,10,10,215,3,238,0,0,0,238
10/20/2008,DAB,FL,ASO,ES,Combined TRACON& Tower with Radar,12,7,155,0,174,0,0,894,0,894,12,7,1049,0,1068,466,0,466,1534
10/21/2008,DAB,FL,ASO,ES,Combined TRACON& Tower with Radar,10,5,170,0,185,0,0,929,0,929,10,5,1099,0,1114,453,0,453,1567
10/22/2008,DAB,FL,ASO,ES,Combined TRACON& Tower with Radar,11,15,182,4,212,0,0,909,1,910,11,15,1091,5,1122,500,0,500,1622
10/23/2008,DAB,FL,ASO,ES,Combined TRACON& Tower with Radar,14,6,183,0,203,0,1,471,0,472,14,7,654,0,675,357,0,357,1032
10/24/2008,DAB,FL,ASO,ES,Combined TRACON& Tower with Radar,10,6,195,0,211,0,0,39,0,39,10,6,234,0,250,0,0,0,250
10/25/2008,DAB,FL,ASO,ES,Combined TRACON& Tower with Radar,11,7,179,0,197,0,0,308,0,308,11,7,487,0,505,180,0,180,685
10/26/2008,DAB,FL,ASO,ES,Combined TRACON& Tower with Radar,11,8,72,0,91,0,1,435,0,436,11,9,507,0,527,139,0,139,666
10/27/2008,DAB,FL,ASO,ES,Combined TRACON& Tower with Radar,12,7,149,0,168,0,0,954,0,954,12,7,1103,0,1122,507,0,507,1629
10/28/2008,DAB,FL,ASO,ES,Combined TRACON& Tower with Radar,9,7,117,0,133,0,0,709,0,709,9,7,826,0,842,15,0,15,857
10/29/2008,DAB,FL,ASO,ES,Combined TRACON& Tower with Radar,10,9,140,0,159,0,2,1029,16,1047,10,11,1169,16,1206,561,0,561,1767
10/30/2008,DAB,FL,ASO,ES,Combined TRACON& Tower with Radar,9,8,203,4,224,0,2,908,0,910,9,10,1111,4,1134,381,0,381,1515
10/31/2008,DAB,FL,ASO,ES,Combined TRACON& Tower with Radar,10,10,202,2,224,0,3,798,1,802,10,13,1000,3,1026,328,0,328,1354
11/01/2008,DAB,FL,ASO,ES,Combined TRACON& Tower with Radar,10,6,124,4,144,0,2,350,0,352,10,8,474,4,496,19,0,19,515
11/02/2008,DAB,FL,ASO,ES,Combined TRACON& Tower with Radar,15,5,108,2,130,0,2,72,0,74,15,7,180,2,204,72,0,72,276
11/03/2008,DAB,FL,ASO,ES,Combined TRACON& Tower with Radar,16,0,311,9,336,0,1,458,1,460,16,1,769,10,796,223,0,223,1019
11/04/2008,DAB,FL,ASO,ES,Combined TRACON& Tower with Radar,14,4,261,1,280,0,0,146,1,147,14,4,407,2,427,23,0,23,450
11/05/2008,DAB,FL,ASO,ES,Combined TRACON& Tower with Radar,16,3,226,0,245,0,1,794,3,798,16,4,1020,3,1043,523,0,523,1566
11/06/2008,DAB,FL,ASO,ES,Combined TRACON& Tower with Radar,16,9,179,4,208,0,0,997,1,998,16,9,1176,5,1206,431,0,431,1637
11/07/2008,DAB,FL,ASO,ES,Combined TRACON& Tower with Radar,16,1,153,13,183,0,2,873,2,877,16,3,1026,15,1060,382,8,390,1450
11/08/2008,DAB,FL,ASO,ES,Combined TRACON& Tower with Radar,13,0,81,2,96,0,4,620,1,625,13,4,701,3,721,289,0,289,1010
11/09/2008,DAB,FL,ASO,ES,Combined TRACON& Tower with Radar,15,8,59,7,89,0,5,382,0,387,15,13,441,7,476,161,0,161,637
11/10/2008,DAB,FL,ASO,ES,Combined TRACON& Tower with Radar,13,10,186,3,212,0,2,704,4,710,13,12,890,7,922,254,0,254,1176
11/11/2008,DAB,FL,ASO,ES,Combined TRACON& Tower with Radar,12,3,183,0,198,0,2,860,0,862,12,5,1043,0,1060,484,0,484,1544
11/12/2008,DAB,FL,ASO,ES,Combined TRACON& Tower with Radar,16,4,293,3,316,0,0,497,0,497,16,4,790,3,813,434,0,434,1247
11/13/2008,DAB,FL,ASO,ES,Combined TRACON& Tower with Radar,16,5,235,0,256,0,2,735,0,737,16,7,970,0,993,205,0,205,1198
11/14/2008,DAB,FL,ASO,ES,Combined TRACON& Tower with Radar,14,5,186,0,205,0,1,500,3,504,14,6,686,3,709,80,0,80,789
11/15/2008,DAB,FL,ASO,ES,Combined TRACON& Tower with Radar,15,7,116,0,138,0,1,280,1,282,15,8,396,1,420,196,0,196,616
11/16/2008,DAB,FL,ASO,ES,Combined TRACON& Tower with Radar,14,4,85,6,109,0,0,388,0,388,14,4,473,6,497,191,0,191,688
11/17/2008,DAB,FL,ASO,ES,Combined TRACON& Tower with Radar,16,1,154,0,171,0,1,830,1,832,16,2,984,1,1003,654,0,654,1657
11/18/2008,DAB,FL,ASO,ES,Combined TRACON& Tower with Radar,16,0,123,0,139,0,1,722,0,723,16,1,845,0,862,67,0,67,929
11/19/2008,DAB,FL,ASO,ES,Combined TRACON& Tower with Radar,16,2,204,0,222,0,0,1000,0,1000,16,2,1204,0,1222,283,0,283,1505
11/20/2008,DAB,FL,ASO,ES,Combined TRACON& Tower with Radar,16,1,124,2,143,0,0,956,0,956,16,1,1080,2,1099,356,0,356,1455
11/21/2008,DAB,FL,ASO,ES,Combined TRACON& Tower with Radar,12,1,109,0,122,0,0,430,0,430,12,1,539,0,552,14,0,14,566
11/22/2008,DAB,FL,ASO,ES,Combined TRACON& Tower with Radar,0,0,107,0,107,0,1,360,0,361,0,1,467,0,468,298,0,298,766
11/23/2008,DAB,FL,ASO,ES,Combined TRACON& Tower with Radar,1,0,59,0,60,0,0,253,0,253,1,0,312,0,313,178,0,178,491
11/24/2008,DAB,FL,ASO,ES,Combined TRACON& Tower with Radar,1,0,127,0,128,0,0,592,0,592,1,0,719,0,720,561,0,561,1281
11/25/2008,DAB,FL,ASO,ES,Combined TRACON& Tower with Radar,6,1,120,0,127,0,0,408,0,408,6,1,528,0,535,588,0,588,1123
11/26/2008,DAB,FL,ASO,ES,Combined TRACON& Tower with Radar,0,0,69,0,69,0,0,333,0,333,0,0,402,0,402,342,0,342,744
11/27/2008,DAB,FL,ASO,ES,Combined TRACON& Tower with Radar,0,0,6,0,6,0,0,26,0,26,0,0,32,0,32,34,0,34,66
11/28/2008,DAB,FL,ASO,ES,Combined TRACON& Tower with Radar,0,0,60,0,60,0,0,406,1,407,0,0,466,1,467,284,0,284,751
11/29/2008,DAB,FL,ASO,ES,Combined TRACON& Tower with Radar,0,0,53,0,53,0,0,242,0,242,0,0,295,0,295,176,0,176,471
11/30/2008,DAB,FL,ASO,ES,Combined TRACON& Tower with Radar,3,2,18,1,24,0,0,31,0,31,3,2,49,1,55,44,0,44,99
12/01/2008,DAB,FL,ASO,ES,Combined TRACON& Tower with Radar,9,0,95,0,104,0,1,579,0,580,9,1,674,0,684,366,0,366,1050
12/02/2008,DAB,FL,ASO,ES,Combined TRACON& Tower with Radar,13,2,113,0,128,0,0,710,0,710,13,2,823,0,838,257,0,257,1095
12/03/2008,DAB,FL,ASO,ES,Combined TRACON& Tower with Radar,14,0,152,2,168,0,1,779,0,780,14,1,931,2,948,595,0,595,1543
12/04/2008,DAB,FL,ASO,ES,Combined TRACON& Tower with Radar,13,3,200,6,222,0,4,830,0,834,13,7,1030,6,1056,487,0,487,1543
12/05/2008,DAB,FL,ASO,ES,Combined TRACON& Tower with Radar,14,0,172,5,191,0,2,835,1,838,14,2,1007,6,1029,453,0,453,1482
12/06/2008,DAB,FL,ASO,ES,Combined TRACON& Tower with Radar,12,1,124,0,137,0,1,538,0,539,12,2,662,0,676,359,0,359,1035
12/07/2008,DAB,FL,ASO,ES,Combined TRACON& Tower with Radar,14,0,85,0,99,0,1,381,0,382,14,1,466,0,481,96,0,96,577
12/08/2008,DAB,FL,ASO,ES,Combined TRACON& Tower with Radar,14,2,172,0,188,0,1,829,1,831,14,3,1001,1,1019,442,0,442,1461
12/09/2008,DAB,FL,ASO,ES,Combined TRACON& Tower with Radar,12,1,168,3,184,0,1,681,3,685,12,2,849,6,869,121,0,121,990
12/10/2008,DAB,FL,ASO,ES,Combined TRACON& Tower with Radar,14,2,231,0,247,0,2,336,0,338,14,4,567,0,585,40,0,40,625
12/11/2008,DAB,FL,ASO,ES,Combined TRACON& Tower with Radar,12,7,65,0,84,0,0,87,0,87,12,7,152,0,171,109,0,109,280
12/12/2008,DAB,FL,ASO,ES,Combined TRACON& Tower with Radar,13,2,136,0,151,0,0,534,0,534,13,2,670,0,685,290,0,290,975
12/13/2008,DAB,FL,ASO,ES,Combined TRACON& Tower with Radar,12,0,96,0,108,0,0,511,0,511,12,0,607,0,619,205,0,205,824
12/14/2008,DAB,FL,ASO,ES,Combined TRACON& Tower with Radar,14,0,74,1,89,0,1,340,0,341,14,1,414,1,430,304,0,304,734
12/15/2008,DAB,FL,ASO,ES,Combined TRACON& Tower with Radar,14,0,170,4,188,0,0,620,0,620,14,0,790,4,808,443,0,443,1251
12/16/2008,DAB,FL,ASO,ES,Combined TRACON& Tower with Radar,9,4,202,4,219,0,0,329,0,329,9,4,531,4,548,235,0,235,783
12/17/2008,DAB,FL,ASO,ES,Combined TRACON& Tower with Radar,15,1,135,0,151,0,0,503,1,504,15,1,638,1,655,266,0,266,921
12/18/2008,DAB,FL,ASO,ES,Combined TRACON& Tower with Radar,15,2,128,0,145,0,1,552,0,553,15,3,680,0,698,348,0,348,1046
12/19/2008,DAB,FL,ASO,ES,Combined TRACON& Tower with Radar,14,9,112,0,135,0,0,496,2,498,14,9,608,2,633,396,0,396,1029
12/20/2008,DAB,FL,ASO,ES,Combined TRACON& Tower with Radar,11,2,66,4,83,0,1,378,0,379,11,3,444,4,462,335,0,335,797
12/21/2008,DAB,FL,ASO,ES,Combined TRACON& Tower with Radar,16,3,52,0,71,0,1,209,0,210,16,4,261,0,281,129,0,129,410
12/22/2008,DAB,FL,ASO,ES,Combined TRACON& Tower with Radar,16,4,73,4,97,0,0,207,2,209,16,4,280,6,306,14,0,14,320
12/23/2008,DAB,FL,ASO,ES,Combined TRACON& Tower with Radar,16,0,71,0,87,0,0,243,0,243,16,0,314,0,330,136,0,136,466
12/24/2008,DAB,FL,ASO,ES,Combined TRACON& Tower with Radar,11,0,31,0,42,0,0,149,0,149,11,0,180,0,191,56,0,56,247
12/25/2008,DAB,FL,ASO,ES,Combined TRACON& Tower with Radar,10,2,11,0,23,0,0,1,0,1,10,2,12,0,24,0,0,0,24
12/26/2008,DAB,FL,ASO,ES,Combined TRACON& Tower with Radar,13,4,62,0,79,0,0,145,0,145,13,4,207,0,224,40,0,40,264
12/27/2008,DAB,FL,ASO,ES,Combined TRACON& Tower with Radar,11,2,51,0,64,0,0,151,0,151,11,2,202,0,215,82,0,82,297
12/28/2008,DAB,FL,ASO,ES,Combined TRACON& Tower with Radar,16,0,29,0,45,0,3,136,0,139,16,3,165,0,184,156,0,156,340
12/29/2008,DAB,FL,ASO,ES,Combined TRACON& Tower with Radar,14,4,72,0,90,0,0,258,0,258,14,4,330,0,348,250,0,250,598
12/30/2008,DAB,FL,ASO,ES,Combined TRACON& Tower with Radar,16,1,92,5,114,0,0,258,1,259,16,1,350,6,373,161,0,161,534
12/31/2008,DAB,FL,ASO,ES,Combined TRACON& Tower with Radar,13,2,45,0,60,0,0,130,0,130,13,2,175,0,190,6,0,6,196
01/01/2009,DAB,FL,ASO,ES,Combined TRACON& Tower with Radar,11,2,16,0,29,0,0,20,0,20,11,2,36,0,49,0,0,0,49
01/02/2009,DAB,FL,ASO,ES,Combined TRACON& Tower with Radar,15,3,82,0,100,0,0,174,0,174,15,3,256,0,274,18,0,18,292
01/03/2009,DAB,FL,ASO,ES,Combined TRACON& Tower with Radar,11,3,99,1,114,0,0,245,0,245,11,3,344,1,359,260,0,260,619
01/04/2009,DAB,FL,ASO,ES,Combined TRACON& Tower with Radar,14,5,70,0,89,0,0,154,0,154,14,5,224,0,243,84,0,84,327
01/05/2009,DAB,FL,ASO,ES,Combined TRACON& Tower with Radar,10,12,118,2,142,0,3,316,0,319,10,15,434,2,461,226,0,226,687
01/06/2009,DAB,FL,ASO,ES,Combined TRACON& Tower with Radar,8,10,82,0,100,0,0,233,0,233,8,10,315,0,333,248,0,248,581
01/07/2009,DAB,FL,ASO,ES,Combined TRACON& Tower with Radar,8,4,65,2,79,0,1,200,0,201,8,5,265,2,280,112,0,112,392
01/08/2009,DAB,FL,ASO,ES,Combined TRACON& Tower with Radar,8,6,88,2,104,0,0,664,0,664,8,6,752,2,768,370,0,370,1138
01/09/2009,DAB,FL,ASO,ES,Combined TRACON& Tower with Radar,8,10,132,2,152,0,1,783,1,785,8,11,915,3,937,433,0,433,1370
01/10/2009,DAB,FL,ASO,ES,Combined TRACON& Tower with Radar,6,9,94,0,109,0,3,581,0,584,6,12,675,0,693,248,0,248,941
01/11/2009,DAB,FL,ASO,ES,Combined TRACON& Tower with Radar,8,4,56,3,71,0,0,261,0,261,8,4,317,3,332,222,0,222,554
01/12/2009,DAB,FL,ASO,ES,Combined TRACON& Tower with Radar,8,6,164,0,178,0,1,567,1,569,8,7,731,1,747,447,0,447,1194
01/13/2009,DAB,FL,ASO,ES,Combined TRACON& Tower with Radar,8,8,163,8,187,0,0,3,0,3,8,8,166,8,190,0,0,0,190
01/14/2009,DAB,FL,ASO,ES,Combined TRACON& Tower with Radar,8,9,138,0,155,0,2,929,2,933,8,11,1067,2,1088,408,0,408,1496
01/15/2009,DAB,FL,ASO,ES,Combined TRACON& Tower with Radar,8,6,139,0,153,0,0,894,1,895,8,6,1033,1,1048,147,0,147,1195
01/16/2009,DAB,FL,ASO,ES,Combined TRACON& Tower with Radar,8,8,139,0,155,0,2,587,0,589,8,10,726,0,744,4,0,4,748
01/17/2009,DAB,FL,ASO,ES,Combined TRACON& Tower with Radar,6,9,126,1,142,0,1,665,0,666,6,10,791,1,808,235,0,235,1043
01/18/2009,DAB,FL,ASO,ES,Combined TRACON& Tower with Radar,8,4,44,0,56,0,2,263,0,265,8,6,307,0,321,227,0,227,548
01/19/2009,DAB,FL,ASO,ES,Combined TRACON& Tower with Radar,8,8,106,0,122,0,0,499,0,499,8,8,605,0,621,269,0,269,890
01/20/2009,DAB,FL,ASO,ES,Combined TRACON& Tower with Radar,8,7,94,2,111,0,1,533,0,534,8,8,627,2,645,358,0,358,1003
01/21/2009,DAB,FL,ASO,ES,Combined TRACON& Tower with Radar,8,8,133,0,149,0,0,817,0,817,8,8,950,0,966,311,0,311,1277
01/22/2009,DAB,FL,ASO,ES,Combined TRACON& Tower with Radar,8,9,147,0,164,0,1,766,0,767,8,10,913,0,931,348,0,348,1279
01/23/2009,DAB,FL,ASO,ES,Combined TRACON& Tower with Radar,8,11,151,0,170,0,0,687,1,688,8,11,838,1,858,276,0,276,1134
01/24/2009,DAB,FL,ASO,ES,Combined TRACON& Tower with Radar,6,4,84,2,96,0,4,711,5,720,6,8,795,7,816,345,0,345,1161
01/25/2009,DAB,FL,ASO,ES,Combined TRACON& Tower with Radar,8,15,104,4,131,0,6,373,1,380,8,21,477,5,511,185,0,185,696
01/26/2009,DAB,FL,ASO,ES,Combined TRACON& Tower with Radar,8,13,146,0,167,0,0,698,0,698,8,13,844,0,865,445,0,445,1310
01/27/2009,DAB,FL,ASO,ES,Combined TRACON& Tower with Radar,8,10,145,18,181,0,1,547,0,548,8,11,692,18,729,181,0,181,910
01/28/2009,DAB,FL,ASO,ES,Combined TRACON& Tower with Radar,8,11,130,0,149,0,0,721,0,721,8,11,851,0,870,455,0,455,1325
01/29/2009,DAB,FL,ASO,ES,Combined TRACON& Tower with Radar,8,6,197,0,211,0,0,246,0,246,8,6,443,0,457,114,0,114,571
01/30/2009,DAB,FL,ASO,ES,Combined TRACON& Tower with Radar,8,9,126,0,143,0,1,462,0,463,8,10,588,0,606,137,0,137,743
01/31/2009,DAB,FL,ASO,ES,Combined TRACON& Tower with Radar,6,4,104,3,117,0,2,832,0,834,6,6,936,3,951,242,0,242,1193
02/01/2009,DAB,FL,ASO,ES,Combined TRACON& Tower with Radar,8,6,72,2,88,0,2,338,1,341,8,8,410,3,429,278,0,278,707
02/02/2009,DAB,FL,ASO,ES,Combined TRACON& Tower with Radar,8,7,181,2,198,0,1,324,1,326,8,8,505,3,524,204,0,204,728
02/03/2009,DAB,FL,ASO,ES,Combined TRACON& Tower with Radar,8,8,95,2,113,0,2,604,0,606,8,10,699,2,719,119,0,119,838
02/04/2009,DAB,FL,ASO,ES,Combined TRACON& Tower with Radar,10,12,127,0,149,0,0,578,0,578,10,12,705,0,727,88,0,88,815
02/05/2009,DAB,FL,ASO,ES,Combined TRACON& Tower with Radar,10,16,160,0,186,0,0,696,0,696,10,16,856,0,882,128,0,128,1010
02/06/2009,DAB,FL,ASO,ES,Combined TRACON& Tower with Radar,10,12,163,5,190,0,1,771,5,777,10,13,934,10,967,334,0,334,1301
02/07/2009,DAB,FL,ASO,ES,Combined TRACON& Tower with Radar,6,10,162,2,180,0,4,762,2,768,6,14,924,4,948,362,0,362,1310
02/08/2009,DAB,FL,ASO,ES,Combined TRACON& Tower with Radar,10,9,117,2,138,0,4,418,0,422,10,13,535,2,560,202,0,202,762
02/09/2009,DAB,FL,ASO,ES,Combined TRACON& Tower with Radar,10,13,161,1,185,0,2,880,2,884,10,15,1041,3,1069,368,0,368,1437
02/10/2009,DAB,FL,ASO,ES,Combined TRACON& Tower with Radar,10,6,183,3,202,0,0,823,2,825,10,6,1006,5,1027,268,0,268,1295
02/11/2009,DAB,FL,ASO,ES,Combined TRACON& Tower with Radar,15,11,151,0,177,0,0,794,2,796,15,11,945,2,973,248,0,248,1221
02/12/2009,DAB,FL,ASO,ES,Combined TRACON& Tower with Radar,18,11,229,1,259,0,1,484,0,485,18,12,713,1,744,363,0,363,1107
02/13/2009,DAB,FL,ASO,ES,Combined TRACON& Tower with Radar,20,23,176,7,226,0,5,729,2,736,20,28,905,9,962,301,0,301,1263
02/14/2009,DAB,FL,ASO,ES,Combined TRACON& Tower with Radar,14,20,170,4,208,0,0,258,4,262,14,20,428,8,470,103,0,103,573
02/15/2009,DAB,FL,ASO,ES,Combined TRACON& Tower with Radar,12,49,315,3,379,0,0,54,2,56,12,49,369,5,435,0,0,0,435
02/16/2009,DAB,FL,ASO,ES,Combined TRACON& Tower with Radar,30,19,201,3,253,0,2,539,0,541,30,21,740,3,794,74,0,74,868
02/17/2009,DAB,FL,ASO,ES,Combined TRACON& Tower with Radar,10,11,162,1,184,0,0,907,0,907,10,11,1069,1,1091,392,0,392,1483
02/18/2009,DAB,FL,ASO,ES,Combined TRACON& Tower with Radar,9,6,110,3,128,0,2,697,0,699,9,8,807,3,827,265,0,265,1092
02/19/2009,DAB,FL,ASO,ES,Combined TRACON& Tower with Radar,11,7,103,0,121,0,1,288,0,289,11,8,391,0,410,174,0,174,584
02/20/2009,DAB,FL,ASO,ES,Combined TRACON& Tower with Radar,10,8,135,1,154,0,0,811,0,811,10,8,946,1,965,282,0,282,1247
02/21/2009,DAB,FL,ASO,ES,Combined TRACON& Tower with Radar,9,5,155,1,170,0,1,824,0,825,9,6,979,1,995,280,0,280,1275
02/22/2009,DAB,FL,ASO,ES,Combined TRACON& Tower with Radar,11,5,73,3,92,0,1,415,5,421,11,6,488,8,513,278,0,278,791
02/23/2009,DAB,FL,ASO,ES,Combined TRACON& Tower with Radar,10,6,144,0,160,0,1,798,2,801,10,7,942,2,961,414,0,414,1375
02/24/2009,DAB,FL,ASO,ES,Combined TRACON& Tower with Radar,10,8,177,0,195,0,2,871,0,873,10,10,1048,0,1068,477,0,477,1545
02/25/2009,DAB,FL,ASO,ES,Combined TRACON& Tower with Radar,12,6,160,0,178,0,0,808,0,808,12,6,968,0,986,465,0,465,1451
02/26/2009,DAB,FL,ASO,ES,Combined TRACON& Tower with Radar,10,6,150,1,167,0,2,857,1,860,10,8,1007,2,1027,448,0,448,1475
02/27/2009,DAB,FL,ASO,ES,Combined TRACON& Tower with Radar,10,9,138,6,163,0,1,748,4,753,10,10,886,10,916,359,0,359,1275
02/28/2009,DAB,FL,ASO,ES,Combined TRACON& Tower with Radar,9,4,92,0,105,0,0,581,0,581,9,4,673,0,686,270,0,270,956
03/01/2009,DAB,FL,ASO,ES,Combined TRACON& Tower with Radar,4,5,32,0,41,0,2,35,3,40,4,7,67,3,81,0,0,0,81
03/02/2009,DAB,FL,ASO,ES,Combined TRACON& Tower with Radar,8,7,117,0,132,0,3,820,1,824,8,10,937,1,956,475,0,475,1431
03/03/2009,DAB,FL,ASO,ES,Combined TRACON& Tower with Radar,13,12,112,0,137,0,2,559,0,561,13,14,671,0,698,172,0,172,870
03/04/2009,DAB,FL,ASO,ES,Combined TRACON& Tower with Radar,12,13,141,8,174,0,0,1023,0,1023,12,13,1164,8,1197,442,0,442,1639
03/05/2009,DAB,FL,ASO,ES,Combined TRACON& Tower with Radar,12,11,178,0,201,0,0,1035,2,1037,12,11,1213,2,1238,383,0,383,1621
03/06/2009,DAB,FL,ASO,ES,Combined TRACON& Tower with Radar,12,13,154,2,181,0,1,879,2,882,12,14,1033,4,1063,391,0,391,1454
03/07/2009,DAB,FL,ASO,ES,Combined TRACON& Tower with Radar,12,13,145,3,173,0,4,761,1,766,12,17,906,4,939,265,0,265,1204
03/08/2009,DAB,FL,ASO,ES,Combined TRACON& Tower with Radar,12,13,98,0,123,0,6,325,4,335,12,19,423,4,458,123,0,123,581
03/09/2009,DAB,FL,ASO,ES,Combined TRACON& Tower with Radar,12,8,180,2,202,0,1,740,2,743,12,9,920,4,945,393,0,393,1338
03/10/2009,DAB,FL,ASO,ES,Combined TRACON& Tower with Radar,12,8,226,1,247,0,0,729,0,729,12,8,955,1,976,588,0,588,1564
03/11/2009,DAB,FL,ASO,ES,Combined TRACON& Tower with Radar,10,12,197,5,224,0,1,705,8,714,10,13,902,13,938,318,0,318,1256
03/12/2009,DAB,FL,ASO,ES,Combined TRACON& Tower with Radar,12,11,201,0,224,0,0,735,0,735,12,11,936,0,959,502,0,502,1461
03/13/2009,DAB,FL,ASO,ES,Combined TRACON& Tower with Radar,14,11,236,5,266,0,1,625,4,630,14,12,861,9,896,343,0,343,1239
03/14/2009,DAB,FL,ASO,ES,Combined TRACON& Tower with Radar,12,11,177,3,203,0,0,460,3,463,12,11,637,6,666,253,36,289,955
03/15/2009,DAB,FL,ASO,ES,Combined TRACON& Tower with Radar,12,12,90,7,121,0,0,188,2,190,12,12,278,9,311,18,0,18,329
03/16/2009,DAB,FL,ASO,ES,Combined TRACON& Tower with Radar,11,15,191,2,219,0,0,470,0,470,11,15,661,2,689,256,0,256,945
03/17/2009,DAB,FL,ASO,ES,Combined TRACON& Tower with Radar,13,8,70,0,91,0,0,283,0,283,13,8,353,0,374,326,0,326,700
03/18/2009,DAB,FL,ASO,ES,Combined TRACON& Tower with Radar,10,8,100,0,118,0,0,620,0,620,10,8,720,0,738,175,0,175,913
03/19/2009,DAB,FL,ASO,ES,Combined TRACON& Tower with Radar,12,11,213,1,237,0,0,676,0,676,12,11,889,1,913,329,0,329,1242
03/20/2009,DAB,FL,ASO,ES,Combined TRACON& Tower with Radar,12,12,180,0,204,0,0,271,0,271,12,12,451,0,475,76,0,76,551
03/21/2009,DAB,FL,ASO,ES,Combined TRACON& Tower with Radar,12,16,182,0,210,0,0,341,1,342,12,16,523,1,552,134,0,134,686
03/22/2009,DAB,FL,ASO,ES,Combined TRACON& Tower with Radar,12,7,119,0,138,0,0,70,0,70,12,7,189,0,208,0,0,0,208
03/23/2009,DAB,FL,ASO,ES,Combined TRACON& Tower with Radar,12,12,199,2,225,0,0,373,0,373,12,12,572,2,598,275,0,275,873
03/24/2009,DAB,FL,ASO,ES,Combined TRACON& Tower with Radar,12,6,200,2,220,0,0,710,0,710,12,6,910,2,930,324,0,324,1254
03/25/2009,DAB,FL,ASO,ES,Combined TRACON& Tower with Radar,12,17,206,2,237,0,0,613,0,613,12,17,819,2,850,172,0,172,1022
03/26/2009,DAB,FL,ASO,ES,Combined TRACON& Tower with Radar,12,14,205,1,232,0,1,513,0,514,12,15,718,1,746,98,0,98,844
03/27/2009,DAB,FL,ASO,ES,Combined TRACON& Tower with Radar,12,9,163,6,190,0,0,476,2,478,12,9,639,8,668,4,0,4,672
03/28/2009,DAB,FL,ASO,ES,Combined TRACON& Tower with Radar,12,8,85,11,116,0,0,132,8,140,12,8,217,19,256,52,0,52,308
03/29/2009,DAB,FL,ASO,ES,Combined TRACON& Tower with Radar,10,13,73,3,99,0,0,91,0,91,10,13,164,3,190,44,0,44,234
03/30/2009,DAB,FL,ASO,ES,Combined TRACON& Tower with Radar,12,10,261,2,285,0,3,842,0,845,12,13,1103,2,1130,453,0,453,1583
03/31/2009,DAB,FL,ASO,ES,Combined TRACON& Tower with Radar,12,7,196,0,215,0,1,469,0,470,12,8,665,0,685,548,0,548,1233
04/01/2009,DAB,FL,ASO,ES,Combined TRACON& Tower with Radar,12,8,194,0,214,0,0,377,0,377,12,8,571,0,591,396,0,396,987
04/02/2009,DAB,FL,ASO,ES,Combined TRACON& Tower with Radar,13,7,198,0,218,0,0,349,0,349,13,7,547,0,567,164,0,164,731
04/03/2009,DAB,FL,ASO,ES,Combined TRACON& Tower with Radar,13,13,158,4,188,0,0,270,0,270,13,13,428,4,458,232,0,232,690
04/04/2009,DAB,FL,ASO,ES,Combined TRACON& Tower with Radar,11,10,268,0,289,0,2,712,0,714,11,12,980,0,1003,454,0,454,1457
04/05/2009,DAB,FL,ASO,ES,Combined TRACON& Tower with Radar,16,6,119,9,150,0,1,290,1,292,16,7,409,10,442,218,0,218,660
04/06/2009,DAB,FL,ASO,ES,Combined TRACON& Tower with Radar,14,6,119,0,139,0,0,161,0,161,14,6,280,0,300,160,0,160,460
04/07/2009,DAB,FL,ASO,ES,Combined TRACON& Tower with Radar,12,11,85,3,111,0,0,148,0,148,12,11,233,3,259,68,0,68,327
04/08/2009,DAB,FL,ASO,ES,Combined TRACON& Tower with Radar,12,8,234,0,254,0,0,908,0,908,12,8,1142,0,1162,479,0,479,1641
04/09/2009,DAB,FL,ASO,ES,Combined TRACON& Tower with Radar,14,9,239,0,262,0,1,934,0,935,14,10,1173,0,1197,462,0,462,1659
04/10/2009,DAB,FL,ASO,ES,Combined TRACON& Tower with Radar,11,10,166,5,192,0,0,686,1,687,11,10,852,6,879,280,0,280,1159
04/11/2009,DAB,FL,ASO,ES,Combined TRACON& Tower with Radar,13,8,140,0,161,0,2,497,0,499,13,10,637,0,660,458,0,458,1118
04/12/2009,DAB,FL,ASO,ES,Combined TRACON& Tower with Radar,14,6,126,2,148,0,1,208,0,209,14,7,334,2,357,87,0,87,444
04/13/2009,DAB,FL,ASO,ES,Combined TRACON& Tower with Radar,11,8,145,0,164,0,0,366,0,366,11,8,511,0,530,34,0,34,564
04/14/2009,DAB,FL,ASO,ES,Combined TRACON& Tower with Radar,13,6,95,2,116,0,2,337,0,339,13,8,432,2,455,218,0,218,673
04/15/2009,DAB,FL,ASO,ES,Combined TRACON& Tower with Radar,12,6,268,0,286,0,0,798,0,798,12,6,1066,0,1084,420,0,420,1504
04/16/2009,DAB,FL,ASO,ES,Combined TRACON& Tower with Radar,12,7,265,5,289,0,0,714,2,716,12,7,979,7,1005,491,0,491,1496
04/17/2009,DAB,FL,ASO,ES,Combined TRACON& Tower with Radar,12,6,188,0,206,0,0,729,1,730,12,6,917,1,936,446,0,446,1382
04/18/2009,DAB,FL,ASO,ES,Combined TRACON& Tower with Radar,12,8,204,1,225,0,1,622,1,624,12,9,826,2,849,337,0,337,1186
04/19/2009,DAB,FL,ASO,ES,Combined TRACON& Tower with Radar,14,6,127,6,153,0,2,212,0,214,14,8,339,6,367,46,0,46,413
04/20/2009,DAB,FL,ASO,ES,Combined TRACON& Tower with Radar,12,6,134,0,152,0,0,435,0,435,12,6,569,0,587,220,0,220,807
04/21/2009,DAB,FL,ASO,ES,Combined TRACON& Tower with Radar,13,10,192,0,215,0,1,725,0,726,13,11,917,0,941,466,0,466,1407
04/22/2009,DAB,FL,ASO,ES,Combined TRACON& Tower with Radar,16,2,192,0,210,0,2,691,0,693,16,4,883,0,903,354,0,354,1257
04/23/2009,DAB,FL,ASO,ES,Combined TRACON& Tower with Radar,15,2,216,0,233,0,4,600,0,604,15,6,816,0,837,424,0,424,1261
04/24/2009,DAB,FL,ASO,ES,Combined TRACON& Tower with Radar,17,6,240,2,265,0,0,775,2,777,17,6,1015,4,1042,492,0,492,1534
04/25/2009,DAB,FL,ASO,ES,Combined TRACON& Tower with Radar,15,4,141,4,164,0,1,373,0,374,15,5,514,4,538,246,0,246,784
04/26/2009,DAB,FL,ASO,ES,Combined TRACON& Tower with Radar,14,3,105,4,126,0,0,224,2,226,14,3,329,6,352,91,0,91,443
04/27/2009,DAB,FL,ASO,ES,Combined TRACON& Tower with Radar,15,4,198,1,218,0,1,613,0,614,15,5,811,1,832,312,0,312,1144
04/28/2009,DAB,FL,ASO,ES,Combined TRACON& Tower with Radar,16,6,193,0,215,0,0,703,2,705,16,6,896,2,920,584,0,584,1504
04/29/2009,DAB,FL,ASO,ES,Combined TRACON& Tower with Radar,16,6,220,3,245,0,0,741,0,741,16,6,961,3,986,414,0,414,1400
04/30/2009,DAB,FL,ASO,ES,Combined TRACON& Tower with Radar,16,5,233,1,255,0,0,639,5,644,16,5,872,6,899,504,0,504,1403
05/01/2009,DAB,FL,ASO,ES,Combined TRACON& Tower with Radar,16,0,203,7,226,0,0,741,0,741,16,0,944,7,967,532,0,532,1499
05/02/2009,DAB,FL,ASO,ES,Combined TRACON& Tower with Radar,15,3,183,1,202,0,0,550,0,550,15,3,733,1,752,360,0,360,1112
05/03/2009,DAB,FL,ASO,ES,Combined TRACON& Tower with Radar,13,7,100,1,121,0,0,156,1,157,13,7,256,2,278,0,0,0,278
05/04/2009,DAB,FL,ASO,ES,Combined TRACON& Tower with Radar,15,3,198,2,218,0,0,660,0,660,15,3,858,2,878,475,0,475,1353
05/05/2009,DAB,FL,ASO,ES,Combined TRACON& Tower with Radar,14,3,199,13,229,0,2,496,0,498,14,5,695,13,727,202,0,202,929
05/06/2009,DAB,FL,ASO,ES,Combined TRACON& Tower with Radar,13,8,178,4,203,0,2,548,0,550,13,10,726,4,753,136,0,136,889
05/07/2009,DAB,FL,ASO,ES,Combined TRACON& Tower with Radar,15,8,185,4,212,0,0,661,0,661,15,8,846,4,873,435,0,435,1308
05/08/2009,DAB,FL,ASO,ES,Combined TRACON& Tower with Radar,14,3,171,4,192,0,4,561,1,566,14,7,732,5,758,405,0,405,1163
05/09/2009,DAB,FL,ASO,ES,Combined TRACON& Tower with Radar,18,4,148,0,170,0,0,417,0,417,18,4,565,0,587,291,0,291,878
05/10/2009,DAB,FL,ASO,ES,Combined TRACON& Tower with Radar,12,4,88,0,104,0,0,215,0,215,12,4,303,0,319,92,0,92,411
05/11/2009,DAB,FL,ASO,ES,Combined TRACON& Tower with Radar,12,6,108,0,126,0,2,371,0,373,12,8,479,0,499,108,0,108,607
05/12/2009,DAB,FL,ASO,ES,Combined TRACON& Tower with Radar,10,8,258,5,281,0,0,417,2,419,10,8,675,7,700,417,0,417,1117
05/13/2009,DAB,FL,ASO,ES,Combined TRACON& Tower with Radar,12,7,206,0,225,0,0,612,0,612,12,7,818,0,837,632,0,632,1469
05/14/2009,DAB,FL,ASO,ES,Combined TRACON& Tower with Radar,11,6,204,0,221,0,0,518,0,518,11,6,722,0,739,491,0,491,1230
05/15/2009,DAB,FL,ASO,ES,Combined TRACON& Tower with Radar,11,5,231,0,247,0,0,714,1,715,11,5,945,1,962,544,0,544,1506
05/16/2009,DAB,FL,ASO,ES,Combined TRACON& Tower with Radar,12,4,138,1,155,0,0,303,1,304,12,4,441,2,459,210,0,210,669
05/17/2009,DAB,FL,ASO,ES,Combined TRACON& Tower with Radar,11,7,73,0,91,0,0,121,0,121,11,7,194,0,212,98,0,98,310
05/18/2009,DAB,FL,ASO,ES,Combined TRACON& Tower with Radar,11,5,87,0,103,0,0,26,0,26,11,5,113,0,129,26,0,26,155
05/19/2009,DAB,FL,ASO,ES,Combined TRACON& Tower with Radar,12,4,68,0,84,0,0,3,0,3,12,4,71,0,87,0,0,0,87
05/20/2009,DAB,FL,ASO,ES,Combined TRACON& Tower with Radar,11,7,40,0,58,0,0,0,0,0,11,7,40,0,58,0,0,0,58
05/21/2009,DAB,FL,ASO,ES,Combined TRACON& Tower with Radar,11,5,148,0,164,0,4,24,0,28,11,9,172,0,192,10,0,10,202
05/22/2009,DAB,FL,ASO,ES,Combined TRACON& Tower with Radar,20,8,112,1,141,0,3,1,0,4,20,11,113,1,145,0,0,0,145
05/23/2009,DAB,FL,ASO,ES,Combined TRACON& Tower with Radar,17,4,137,0,158,0,7,114,2,123,17,11,251,2,281,26,0,26,307
05/24/2009,DAB,FL,ASO,ES,Combined TRACON& Tower with Radar,9,6,106,1,122,0,5,234,0,239,9,11,340,1,361,142,0,142,503
05/25/2009,DAB,FL,ASO,ES,Combined TRACON& Tower with Radar,11,8,111,0,130,0,8,338,0,346,11,16,449,0,476,31,0,31,507
05/26/2009,DAB,FL,ASO,ES,Combined TRACON& Tower with Radar,13,6,183,0,202,0,0,580,2,582,13,6,763,2,784,358,0,358,1142
05/27/2009,DAB,FL,ASO,ES,Combined TRACON& Tower with Radar,11,6,183,0,200,0,2,662,2,666,11,8,845,2,866,467,0,467,1333
05/28/2009,DAB,FL,ASO,ES,Combined TRACON& Tower with Radar,12,11,184,0,207,0,0,520,0,520,12,11,704,0,727,399,0,399,1126
05/29/2009,DAB,FL,ASO,ES,Combined TRACON& Tower with Radar,12,4,212,1,229,0,0,486,1,487,12,4,698,2,716,330,0,330,1046
05/30/2009,DAB,FL,ASO,ES,Combined TRACON& Tower with Radar,14,2,160,3,179,0,3,426,1,430,14,5,586,4,609,274,0,274,883
05/31/2009,DAB,FL,ASO,ES,Combined TRACON& Tower with Radar,12,4,120,3,139,0,0,247,1,248,12,4,367,4,387,108,0,108,495
06/01/2009,DAB,FL,ASO,ES,Combined TRACON& Tower with Radar,11,5,204,0,220,0,0,657,0,657,11,5,861,0,877,240,0,240,1117
06/02/2009,DAB,FL,ASO,ES,Combined TRACON& Tower with Radar,11,7,258,0,276,0,0,539,2,541,11,7,797,2,817,513,0,513,1330
06/03/2009,DAB,FL,ASO,ES,Combined TRACON& Tower with Radar,12,4,181,4,201,0,0,607,0,607,12,4,788,4,808,534,0,534,1342
06/04/2009,DAB,FL,ASO,ES,Combined TRACON& Tower with Radar,13,7,144,1,165,0,0,244,0,244,13,7,388,1,409,164,0,164,573
06/05/2009,DAB,FL,ASO,ES,Combined TRACON& Tower with Radar,10,4,187,0,201,0,0,493,0,493,10,4,680,0,694,264,0,264,958
06/06/2009,DAB,FL,ASO,ES,Combined TRACON& Tower with Radar,10,4,129,0,143,0,0,349,2,351,10,4,478,2,494,204,0,204,698
06/07/2009,DAB,FL,ASO,ES,Combined TRACON& Tower with Radar,10,9,86,0,105,0,0,138,1,139,10,9,224,1,244,53,0,53,297
06/08/2009,DAB,FL,ASO,ES,Combined TRACON& Tower with Radar,12,9,304,1,326,0,1,480,1,482,12,10,784,2,808,375,0,375,1183
06/09/2009,DAB,FL,ASO,ES,Combined TRACON& Tower with Radar,10,6,254,1,271,0,1,606,0,607,10,7,860,1,878,424,0,424,1302
06/10/2009,DAB,FL,ASO,ES,Combined TRACON& Tower with Radar,9,5,255,0,269,0,1,796,0,797,9,6,1051,0,1066,433,0,433,1499
06/11/2009,DAB,FL,ASO,ES,Combined TRACON& Tower with Radar,12,5,182,1,200,0,0,616,1,617,12,5,798,2,817,394,0,394,1211
06/12/2009,DAB,FL,ASO,ES,Combined TRACON& Tower with Radar,10,2,211,0,223,0,1,639,0,640,10,3,850,0,863,328,0,328,1191
06/13/2009,DAB,FL,ASO,ES,Combined TRACON& Tower with Radar,9,4,108,8,129,0,0,317,0,317,9,4,425,8,446,212,0,212,658
06/14/2009,DAB,FL,ASO,ES,Combined TRACON& Tower with Radar,10,6,96,0,112,0,0,141,0,141,10,6,237,0,253,162,0,162,415
06/15/2009,DAB,FL,ASO,ES,Combined TRACON& Tower with Radar,10,7,126,0,143,0,2,379,0,381,10,9,505,0,524,238,0,238,762
06/16/2009,DAB,FL,ASO,ES,Combined TRACON& Tower with Radar,8,7,154,0,169,0,0,544,1,545,8,7,698,1,714,440,0,440,1154
06/17/2009,DAB,FL,ASO,ES,Combined TRACON& Tower with Radar,10,4,170,0,184,0,1,650,0,651,10,5,820,0,835,366,0,366,1201
06/18/2009,DAB,FL,ASO,ES,Combined TRACON& Tower with Radar,10,5,166,1,182,0,1,428,1,430,10,6,594,2,612,253,0,253,865
06/19/2009,DAB,FL,ASO,ES,Combined TRACON& Tower with Radar,10,8,192,2,212,0,1,594,2,597,10,9,786,4,809,390,0,390,1199
06/20/2009,DAB,FL,ASO,ES,Combined TRACON& Tower with Radar,10,6,125,0,141,0,0,326,1,327,10,6,451,1,468,160,0,160,628
06/21/2009,DAB,FL,ASO,ES,Combined TRACON& Tower with Radar,10,5,80,1,96,0,0,153,0,153,10,5,233,1,249,29,0,29,278
06/22/2009,DAB,FL,ASO,ES,Combined TRACON& Tower with Radar,9,7,114,0,130,0,6,447,3,456,9,13,561,3,586,276,0,276,862
06/23/2009,DAB,FL,ASO,ES,Combined TRACON& Tower with Radar,11,7,192,1,211,0,0,560,2,562,11,7,752,3,773,392,0,392,1165
06/24/2009,DAB,FL,ASO,ES,Combined TRACON& Tower with Radar,10,6,216,1,233,0,0,566,0,566,10,6,782,1,799,469,0,469,1268
06/25/2009,DAB,FL,ASO,ES,Combined TRACON& Tower with Radar,9,4,188,0,201,0,0,548,1,549,9,4,736,1,750,396,0,396,1146
06/26/2009,DAB,FL,ASO,ES,Combined TRACON& Tower with Radar,11,6,109,1,127,0,0,442,0,442,11,6,551,1,569,450,0,450,1019
06/27/2009,DAB,FL,ASO,ES,Combined TRACON& Tower with Radar,10,6,116,0,132,0,0,231,0,231,10,6,347,0,363,142,0,142,505
06/28/2009,DAB,FL,ASO,ES,Combined TRACON& Tower with Radar,10,4,67,3,84,0,0,144,0,144,10,4,211,3,228,94,0,94,322
06/29/2009,DAB,FL,ASO,ES,Combined TRACON& Tower with Radar,10,4,106,16,136,0,0,272,2,274,10,4,378,18,410,217,0,217,627
06/30/2009,DAB,FL,ASO,ES,Combined TRACON& Tower with Radar,13,8,131,0,152,0,0,270,0,270,13,8,401,0,422,183,0,183,605
07/01/2009,DAB,FL,ASO,ES,Combined TRACON& Tower with Radar,8,28,192,0,228,0,0,231,1,232,8,28,423,1,460,202,0,202,662
07/02/2009,DAB,FL,ASO,ES,Combined TRACON& Tower with Radar,9,18,186,7,220,0,0,495,2,497,9,18,681,9,717,348,8,356,1073
07/03/2009,DAB,FL,ASO,ES,Combined TRACON& Tower with Radar,4,23,196,2,225,0,2,288,0,290,4,25,484,2,515,286,0,286,801
07/04/2009,DAB,FL,ASO,ES,Combined TRACON& Tower with Radar,3,32,140,3,178,0,2,108,2,112,3,34,248,5,290,34,0,34,324
07/05/2009,DAB,FL,ASO,ES,Combined TRACON& Tower with Radar,6,34,156,1,197,0,0,166,1,167,6,34,322,2,364,134,0,134,498
07/06/2009,DAB,FL,ASO,ES,Combined TRACON& Tower with Radar,4,19,138,2,163,0,1,327,0,328,4,20,465,2,491,165,0,165,656
07/07/2009,DAB,FL,ASO,ES,Combined TRACON& Tower with Radar,5,21,145,8,179,0,0,365,1,366,5,21,510,9,545,280,0,280,825
07/08/2009,DAB,FL,ASO,ES,Combined TRACON& Tower with Radar,3,16,87,2,108,0,0,383,2,385,3,16,470,4,493,370,0,370,863
07/09/2009,DAB,FL,ASO,ES,Combined TRACON& Tower with Radar,5,18,114,2,139,0,0,315,0,315,5,18,429,2,454,248,0,248,702
07/10/2009,DAB,FL,ASO,ES,Combined TRACON& Tower with Radar,4,17,93,0,114,0,0,305,0,305,4,17,398,0,419,202,0,202,621
07/11/2009,DAB,FL,ASO,ES,Combined TRACON& Tower with Radar,4,19,131,0,154,0,1,322,0,323,4,20,453,0,477,174,0,174,651
07/12/2009,DAB,FL,ASO,ES,Combined TRACON& Tower with Radar,3,20,101,0,124,0,0,164,0,164,3,20,265,0,288,44,0,44,332
07/13/2009,DAB,FL,ASO,ES,Combined TRACON& Tower with Radar,3,19,151,0,173,0,0,442,1,443,3,19,593,1,616,128,0,128,744
07/14/2009,DAB,FL,ASO,ES,Combined TRACON& Tower with Radar,4,18,148,2,172,0,0,447,0,447,4,18,595,2,619,308,0,308,927
07/15/2009,DAB,FL,ASO,ES,Combined TRACON& Tower with Radar,10,17,132,0,159,0,0,425,0,425,10,17,557,0,584,75,0,75,659
07/16/2009,DAB,FL,ASO,ES,Combined TRACON& Tower with Radar,4,18,137,2,161,0,0,560,0,560,4,18,697,2,721,276,0,276,997
07/17/2009,DAB,FL,ASO,ES,Combined TRACON& Tower with Radar,4,18,153,1,176,0,0,532,1,533,4,18,685,2,709,298,0,298,1007
07/18/2009,DAB,FL,ASO,ES,Combined TRACON& Tower with Radar,4,20,120,1,145,0,1,256,1,258,4,21,376,2,403,142,0,142,545
07/19/2009,DAB,FL,ASO,ES,Combined TRACON& Tower with Radar,3,17,85,0,105,0,2,153,0,155,3,19,238,0,260,159,0,159,419
07/20/2009,DAB,FL,ASO,ES,Combined TRACON& Tower with Radar,3,17,163,0,183,0,0,496,0,496,3,17,659,0,679,438,0,438,1117
07/21/2009,DAB,FL,ASO,ES,Combined TRACON& Tower with Radar,4,21,187,3,215,0,0,664,3,667,4,21,851,6,882,371,0,371,1253
07/22/2009,DAB,FL,ASO,ES,Combined TRACON& Tower with Radar,4,19,181,6,210,0,0,571,4,575,4,19,752,10,785,413,0,413,1198
07/23/2009,DAB,FL,ASO,ES,Combined TRACON& Tower with Radar,4,23,183,1,211,0,0,551,0,551,4,23,734,1,762,281,0,281,1043
07/24/2009,DAB,FL,ASO,ES,Combined TRACON& Tower with Radar,4,16,135,4,159,0,0,444,4,448,4,16,579,8,607,321,0,321,928
07/25/2009,DAB,FL,ASO,ES,Combined TRACON& Tower with Radar,4,29,114,2,149,0,8,224,1,233,4,37,338,3,382,10,0,10,392
07/26/2009,DAB,FL,ASO,ES,Combined TRACON& Tower with Radar,4,18,64,3,89,0,0,104,1,105,4,18,168,4,194,22,0,22,216
07/27/2009,DAB,FL,ASO,ES,Combined TRACON& Tower with Radar,4,20,136,6,166,0,0,360,0,360,4,20,496,6,526,328,0,328,854
07/28/2009,DAB,FL,ASO,ES,Combined TRACON& Tower with Radar,3,16,121,0,140,0,0,442,0,442,3,16,563,0,582,281,0,281,863
07/29/2009,DAB,FL,ASO,ES,Combined TRACON& Tower with Radar,7,17,116,0,140,0,1,335,0,336,7,18,451,0,476,242,0,242,718
07/30/2009,DAB,FL,ASO,ES,Combined TRACON& Tower with Radar,3,17,136,0,156,0,0,435,1,436,3,17,571,1,592,286,0,286,878
07/31/2009,DAB,FL,ASO,ES,Combined TRACON& Tower with Radar,3,18,109,5,135,0,0,418,1,419,3,18,527,6,554,277,0,277,831
08/01/2009,DAB,FL,ASO,ES,Combined TRACON& Tower with Radar,4,16,116,0,136,0,0,336,0,336,4,16,452,0,472,116,0,116,588
08/02/2009,DAB,FL,ASO,ES,Combined TRACON& Tower with Radar,4,16,66,0,86,0,0,153,0,153,4,16,219,0,239,100,0,100,339
08/03/2009,DAB,FL,ASO,ES,Combined TRACON& Tower with Radar,3,20,136,1,160,0,0,340,1,341,3,20,476,2,501,202,0,202,703
08/04/2009,DAB,FL,ASO,ES,Combined TRACON& Tower with Radar,5,20,144,0,169,0,1,399,0,400,5,21,543,0,569,232,0,232,801
08/05/2009,DAB,FL,ASO,ES,Combined TRACON& Tower with Radar,4,18,167,1,190,0,0,401,1,402,4,18,568,2,592,253,20,273,865
08/06/2009,DAB,FL,ASO,ES,Combined TRACON& Tower with Radar,4,24,125,0,153,0,0,372,0,372,4,24,497,0,525,218,0,218,743
08/07/2009,DAB,FL,ASO,ES,Combined TRACON& Tower with Radar,4,16,167,0,187,0,0,492,2,494,4,16,659,2,681,295,0,295,976
08/08/2009,DAB,FL,ASO,ES,Combined TRACON& Tower with Radar,4,19,138,0,161,0,0,266,0,266,4,19,404,0,427,189,0,189,616
08/09/2009,DAB,FL,ASO,ES,Combined TRACON& Tower with Radar,4,18,90,0,112,0,0,127,1,128,4,18,217,1,240,69,0,69,309
08/10/2009,DAB,FL,ASO,ES,Combined TRACON& Tower with Radar,6,17,139,0,162,0,1,431,0,432,6,18,570,0,594,322,0,322,916
08/11/2009,DAB,FL,ASO,ES,Combined TRACON& Tower with Radar,4,16,140,4,164,0,0,404,0,404,4,16,544,4,568,232,0,232,800
08/12/2009,DAB,FL,ASO,ES,Combined TRACON& Tower with Radar,4,16,141,4,165,0,0,336,0,336,4,16,477,4,501,234,0,234,735
08/13/2009,DAB,FL,ASO,ES,Combined TRACON& Tower with Radar,4,19,99,3,125,0,1,314,1,316,4,20,413,4,441,196,0,196,637
08/14/2009,DAB,FL,ASO,ES,Combined TRACON& Tower with Radar,4,19,122,0,145,0,0,304,0,304,4,19,426,0,449,190,0,190,639
08/15/2009,DAB,FL,ASO,ES,Combined TRACON& Tower with Radar,4,16,95,0,115,0,0,226,0,226,4,16,321,0,341,162,0,162,503
08/16/2009,DAB,FL,ASO,ES,Combined TRACON& Tower with Radar,4,17,64,0,85,0,1,100,0,101,4,18,164,0,186,8,0,8,194
08/17/2009,DAB,FL,ASO,ES,Combined TRACON& Tower with Radar,4,17,143,8,172,0,0,369,0,369,4,17,512,8,541,262,0,262,803
08/18/2009,DAB,FL,ASO,ES,Combined TRACON& Tower with Radar,4,14,150,0,168,0,0,255,1,256,4,14,405,1,424,132,0,132,556
08/19/2009,DAB,FL,ASO,ES,Combined TRACON& Tower with Radar,4,14,171,0,189,0,0,367,2,369,4,14,538,2,558,30,0,30,588
08/20/2009,DAB,FL,ASO,ES,Combined TRACON& Tower with Radar,4,14,139,2,159,0,1,307,0,308,4,15,446,2,467,287,0,287,754
08/21/2009,DAB,FL,ASO,ES,Combined TRACON& Tower with Radar,6,15,114,0,135,0,2,277,0,279,6,17,391,0,414,174,0,174,588
08/22/2009,DAB,FL,ASO,ES,Combined TRACON& Tower with Radar,4,15,118,0,137,0,0,253,0,253,4,15,371,0,390,192,0,192,582
08/23/2009,DAB,FL,ASO,ES,Combined TRACON& Tower with Radar,4,16,73,0,93,0,0,118,0,118,4,16,191,0,211,92,0,92,303
08/24/2009,DAB,FL,ASO,ES,Combined TRACON& Tower with Radar,4,16,134,0,154,0,2,517,0,519,4,18,651,0,673,206,0,206,879
08/25/2009,DAB,FL,ASO,ES,Combined TRACON& Tower with Radar,4,22,154,2,182,0,3,510,0,513,4,25,664,2,695,192,0,192,887
08/26/2009,DAB,FL,ASO,ES,Combined TRACON& Tower with Radar,3,14,179,3,199,0,0,357,0,357,3,14,536,3,556,296,0,296,852
08/27/2009,DAB,FL,ASO,ES,Combined TRACON& Tower with Radar,5,14,137,3,159,0,1,550,0,551,5,15,687,3,710,318,0,318,1028
08/28/2009,DAB,FL,ASO,ES,Combined TRACON& Tower with Radar,3,17,147,1,168,0,0,495,1,496,3,17,642,2,664,207,0,207,871
08/29/2009,DAB,FL,ASO,ES,Combined TRACON& Tower with Radar,5,13,144,4,166,0,0,410,0,410,5,13,554,4,576,283,0,283,859
08/30/2009,DAB,FL,ASO,ES,Combined TRACON& Tower with Radar,5,12,79,0,96,0,0,199,0,199,5,12,278,0,295,146,0,146,441
08/31/2009,DAB,FL,ASO,ES,Combined TRACON& Tower with Radar,6,15,152,2,175,0,0,532,0,532,6,15,684,2,707,322,0,322,1029
09/01/2009,DAB,FL,ASO,ES,Combined TRACON& Tower with Radar,2,14,177,2,195,0,0,318,0,318,2,14,495,2,513,280,0,280,793
09/02/2009,DAB,FL,ASO,ES,Combined TRACON& Tower with Radar,4,14,146,0,164,0,0,410,0,410,4,14,556,0,574,286,0,286,860
09/03/2009,DAB,FL,ASO,ES,Combined TRACON& Tower with Radar,6,12,199,0,217,0,0,491,1,492,6,12,690,1,709,408,0,408,1117
09/04/2009,DAB,FL,ASO,ES,Combined TRACON& Tower with Radar,2,16,254,0,272,0,0,366,0,366,2,16,620,0,638,296,0,296,934
09/05/2009,DAB,FL,ASO,ES,Combined TRACON& Tower with Radar,2,12,129,2,145,0,0,429,0,429,2,12,558,2,574,268,0,268,842
09/06/2009,DAB,FL,ASO,ES,Combined TRACON& Tower with Radar,2,12,70,0,84,0,0,144,0,144,2,12,214,0,228,58,0,58,286
09/07/2009,DAB,FL,ASO,ES,Combined TRACON& Tower with Radar,2,14,162,0,178,0,1,343,0,344,2,15,505,0,522,117,0,117,639
09/08/2009,DAB,FL,ASO,ES,Combined TRACON& Tower with Radar,2,16,161,0,179,0,0,657,0,657,2,16,818,0,836,282,0,282,1118
09/09/2009,DAB,FL,ASO,ES,Combined TRACON& Tower with Radar,2,17,228,4,251,0,0,634,0,634,2,17,862,4,885,337,0,337,1222
09/10/2009,DAB,FL,ASO,ES,Combined TRACON& Tower with Radar,2,15,161,0,178,0,1,586,1,588,2,16,747,1,766,258,0,258,1024
09/11/2009,DAB,FL,ASO,ES,Combined TRACON& Tower with Radar,2,14,181,4,201,0,0,422,0,422,2,14,603,4,623,343,0,343,966
09/12/2009,DAB,FL,ASO,ES,Combined TRACON& Tower with Radar,2,12,136,0,150,0,0,282,0,282,2,12,418,0,432,302,0,302,734
09/13/2009,DAB,FL,ASO,ES,Combined TRACON& Tower with Radar,2,14,60,0,76,0,0,75,0,75,2,14,135,0,151,92,0,92,243
09/14/2009,DAB,FL,ASO,ES,Combined TRACON& Tower with Radar,2,12,189,0,203,0,0,718,0,718,2,12,907,0,921,408,0,408,1329
09/15/2009,DAB,FL,ASO,ES,Combined TRACON& Tower with Radar,2,12,193,0,207,0,1,725,0,726,2,13,918,0,933,406,0,406,1339
09/16/2009,DAB,FL,ASO,ES,Combined TRACON& Tower with Radar,2,14,167,2,185,0,1,637,4,642,2,15,804,6,827,390,0,390,1217
09/17/2009,DAB,FL,ASO,ES,Combined TRACON& Tower with Radar,2,15,179,0,196,0,0,658,3,661,2,15,837,3,857,314,0,314,1171
09/18/2009,DAB,FL,ASO,ES,Combined TRACON& Tower with Radar,2,14,175,6,197,0,4,643,1,648,2,18,818,7,845,350,0,350,1195
09/19/2009,DAB,FL,ASO,ES,Combined TRACON& Tower with Radar,2,12,136,0,150,0,0,573,0,573,2,12,709,0,723,269,0,269,992
09/20/2009,DAB,FL,ASO,ES,Combined TRACON& Tower with Radar,2,14,100,0,116,0,0,170,0,170,2,14,270,0,286,58,0,58,344
09/21/2009,DAB,FL,ASO,ES,Combined TRACON& Tower with Radar,1,11,163,0,175,0,0,341,0,341,1,11,504,0,516,348,0,348,864
09/22/2009,DAB,FL,ASO,ES,Combined TRACON& Tower with Radar,3,12,161,0,176,0,1,565,0,566,3,13,726,0,742,217,0,217,959
09/23/2009,DAB,FL,ASO,ES,Combined TRACON& Tower with Radar,4,16,138,2,160,0,0,414,0,414,4,16,552,2,574,189,0,189,763
09/24/2009,DAB,FL,ASO,ES,Combined TRACON& Tower with Radar,2,14,142,2,160,0,1,747,0,748,2,15,889,2,908,360,0,360,1268
09/25/2009,DAB,FL,ASO,ES,Combined TRACON& Tower with Radar,2,15,187,1,205,0,0,755,0,755,2,15,942,1,960,286,0,286,1246
09/26/2009,DAB,FL,ASO,ES,Combined TRACON& Tower with Radar,4,15,140,2,161,0,0,531,1,532,4,15,671,3,693,274,0,274,967
09/27/2009,DAB,FL,ASO,ES,Combined TRACON& Tower with Radar,2,16,72,1,91,0,0,131,0,131,2,16,203,1,222,85,0,85,307
09/28/2009,DAB,FL,ASO,ES,Combined TRACON& Tower with Radar,2,18,170,8,198,0,0,711,0,711,2,18,881,8,909,397,0,397,1306
09/29/2009,DAB,FL,ASO,ES,Combined TRACON& Tower with Radar,2,12,178,0,192,0,0,560,0,560,2,12,738,0,752,260,0,260,1012
09/30/2009,DAB,FL,ASO,ES,Combined TRACON& Tower with Radar,4,14,172,0,190,0,1,615,0,616,4,15,787,0,806,321,0,321,1127
10/01/2009,DAB,FL,ASO,ES,Combined TRACON& Tower with Radar,2,15,167,0,184,0,1,695,2,698,2,16,862,2,882,344,0,344,1226
10/02/2009,DAB,FL,ASO,ES,Combined TRACON& Tower with Radar,2,14,192,3,211,0,1,814,0,815,2,15,1006,3,1026,538,0,538,1564
10/03/2009,DAB,FL,ASO,ES,Combined TRACON& Tower with Radar,8,12,156,0,176,0,0,495,0,495,8,12,651,0,671,300,8,308,979
10/04/2009,DAB,FL,ASO,ES,Combined TRACON& Tower with Radar,2,14,110,1,127,0,0,135,0,135,2,14,245,1,262,81,0,81,343
10/05/2009,DAB,FL,ASO,ES,Combined TRACON& Tower with Radar,4,12,153,0,169,0,0,578,0,578,4,12,731,0,747,226,0,226,973
10/06/2009,DAB,FL,ASO,ES,Combined TRACON& Tower with Radar,4,15,153,0,172,0,1,533,0,534,4,16,686,0,706,348,0,348,1054
10/07/2009,DAB,FL,ASO,ES,Combined TRACON& Tower with Radar,2,15,159,0,176,0,1,686,0,687,2,16,845,0,863,295,0,295,1158
10/08/2009,DAB,FL,ASO,ES,Combined TRACON& Tower with Radar,2,19,219,1,241,0,1,250,1,252,2,20,469,2,493,140,0,140,633
10/09/2009,DAB,FL,ASO,ES,Combined TRACON& Tower with Radar,2,19,186,2,209,0,3,493,0,496,2,22,679,2,705,428,0,428,1133
10/10/2009,DAB,FL,ASO,ES,Combined TRACON& Tower with Radar,2,16,122,0,140,0,0,481,0,481,2,16,603,0,621,158,0,158,779
10/11/2009,DAB,FL,ASO,ES,Combined TRACON& Tower with Radar,2,24,88,1,115,0,1,216,1,218,2,25,304,2,333,68,0,68,401
10/12/2009,DAB,FL,ASO,ES,Combined TRACON& Tower with Radar,4,12,181,0,197,0,0,706,3,709,4,12,887,3,906,331,0,331,1237
10/13/2009,DAB,FL,ASO,ES,Combined TRACON& Tower with Radar,4,12,232,0,248,0,0,559,0,559,4,12,791,0,807,258,0,258,1065
10/14/2009,DAB,FL,ASO,ES,Combined TRACON& Tower with Radar,4,15,158,0,177,0,0,667,0,667,4,15,825,0,844,345,0,345,1189
10/15/2009,DAB,FL,ASO,ES,Combined TRACON& Tower with Radar,6,20,147,4,177,0,1,483,0,484,6,21,630,4,661,276,0,276,937
10/16/2009,DAB,FL,ASO,ES,Combined TRACON& Tower with Radar,4,13,109,0,126,0,0,276,0,276,4,13,385,0,402,265,0,265,667
10/17/2009,DAB,FL,ASO,ES,Combined TRACON& Tower with Radar,4,13,161,1,179,0,0,319,1,320,4,13,480,2,499,156,0,156,655
10/18/2009,DAB,FL,ASO,ES,Combined TRACON& Tower with Radar,4,15,93,5,117,0,0,133,1,134,4,15,226,6,251,24,0,24,275
10/19/2009,DAB,FL,ASO,ES,Combined TRACON& Tower with Radar,4,13,161,3,181,0,0,389,3,392,4,13,550,6,573,24,0,24,597
10/20/2009,DAB,FL,ASO,ES,Combined TRACON& Tower with Radar,4,12,180,0,196,0,0,611,2,613,4,12,791,2,809,322,0,322,1131
10/21/2009,DAB,FL,ASO,ES,Combined TRACON& Tower with Radar,4,12,187,2,205,0,1,666,0,667,4,13,853,2,872,269,0,269,1141
10/22/2009,DAB,FL,ASO,ES,Combined TRACON& Tower with Radar,4,16,164,4,188,0,0,663,3,666,4,16,827,7,854,366,0,366,1220
10/23/2009,DAB,FL,ASO,ES,Combined TRACON& Tower with Radar,4,13,159,5,181,0,0,611,2,613,4,13,770,7,794,172,0,172,966
10/24/2009,DAB,FL,ASO,ES,Combined TRACON& Tower with Radar,2,15,155,0,172,0,0,615,0,615,2,15,770,0,787,402,0,402,1189
10/25/2009,DAB,FL,ASO,ES,Combined TRACON& Tower with Radar,2,17,128,1,148,0,0,132,1,133,2,17,260,2,281,112,0,112,393
10/26/2009,DAB,FL,ASO,ES,Combined TRACON& Tower with Radar,4,12,210,0,226,0,0,535,1,536,4,12,745,1,762,438,0,438,1200
10/27/2009,DAB,FL,ASO,ES,Combined TRACON& Tower with Radar,4,13,156,13,186,0,0,323,2,325,4,13,479,15,511,81,0,81,592
10/28/2009,DAB,FL,ASO,ES,Combined TRACON& Tower with Radar,4,12,178,3,197,0,0,649,2,651,4,12,827,5,848,430,0,430,1278
10/29/2009,DAB,FL,ASO,ES,Combined TRACON& Tower with Radar,4,12,224,0,240,0,0,779,0,779,4,12,1003,0,1019,331,0,331,1350
10/30/2009,DAB,FL,ASO,ES,Combined TRACON& Tower with Radar,4,12,194,0,210,0,0,638,0,638,4,12,832,0,848,428,0,428,1276
10/31/2009,DAB,FL,ASO,ES,Combined TRACON& Tower with Radar,2,14,136,0,152,0,0,489,0,489,2,14,625,0,641,324,0,324,965
11/01/2009,DAB,FL,ASO,ES,Combined TRACON& Tower with Radar,2,18,81,0,101,0,0,76,0,76,2,18,157,0,177,16,0,16,193
11/02/2009,DAB,FL,ASO,ES,Combined TRACON& Tower with Radar,4,16,265,2,287,0,1,301,0,302,4,17,566,2,589,235,0,235,824
11/03/2009,DAB,FL,ASO,ES,Combined TRACON& Tower with Radar,4,16,212,0,232,0,1,468,0,469,4,17,680,0,701,50,0,50,751
11/04/2009,DAB,FL,ASO,ES,Combined TRACON& Tower with Radar,6,18,224,4,252,0,3,724,2,729,6,21,948,6,981,393,0,393,1374
11/05/2009,DAB,FL,ASO,ES,Combined TRACON& Tower with Radar,6,19,193,2,220,0,2,532,0,534,6,21,725,2,754,2,0,2,756
11/06/2009,DAB,FL,ASO,ES,Combined TRACON& Tower with Radar,7,16,175,6,204,0,2,661,0,663,7,18,836,6,867,313,0,313,1180
11/07/2009,DAB,FL,ASO,ES,Combined TRACON& Tower with Radar,5,18,157,2,182,0,4,480,0,484,5,22,637,2,666,358,0,358,1024
11/08/2009,DAB,FL,ASO,ES,Combined TRACON& Tower with Radar,2,22,74,5,103,0,0,144,0,144,2,22,218,5,247,81,0,81,328
11/09/2009,DAB,FL,ASO,ES,Combined TRACON& Tower with Radar,4,17,186,2,209,0,1,329,0,330,4,18,515,2,539,106,0,106,645
11/10/2009,DAB,FL,ASO,ES,Combined TRACON& Tower with Radar,4,13,150,3,170,0,1,300,1,302,4,14,450,4,472,0,0,0,472
11/11/2009,DAB,FL,ASO,ES,Combined TRACON& Tower with Radar,6,15,191,0,212,0,0,352,0,352,6,15,543,0,564,265,0,265,829
11/12/2009,DAB,FL,ASO,ES,Combined TRACON& Tower with Radar,6,14,187,0,207,0,0,67,2,69,6,14,254,2,276,4,0,4,280
11/13/2009,DAB,FL,ASO,ES,Combined TRACON& Tower with Radar,3,16,114,1,134,0,0,611,0,611,3,16,725,1,745,46,0,46,791
11/14/2009,DAB,FL,ASO,ES,Combined TRACON& Tower with Radar,5,14,100,0,119,0,1,645,0,646,5,15,745,0,765,252,0,252,1017
11/15/2009,DAB,FL,ASO,ES,Combined TRACON& Tower with Radar,2,21,56,2,81,0,5,268,1,274,2,26,324,3,355,148,0,148,503
11/16/2009,DAB,FL,ASO,ES,Combined TRACON& Tower with Radar,4,16,148,0,168,0,1,681,0,682,4,17,829,0,850,122,0,122,972
11/17/2009,DAB,FL,ASO,ES,Combined TRACON& Tower with Radar,4,16,163,0,183,0,1,828,1,830,4,17,991,1,1013,474,0,474,1487
11/18/2009,DAB,FL,ASO,ES,Combined TRACON& Tower with Radar,6,14,159,3,182,0,0,776,1,777,6,14,935,4,959,488,0,488,1447
11/19/2009,DAB,FL,ASO,ES,Combined TRACON& Tower with Radar,6,20,189,4,219,0,1,752,0,753,6,21,941,4,972,337,0,337,1309
11/20/2009,DAB,FL,ASO,ES,Combined TRACON& Tower with Radar,6,14,193,0,213,0,0,484,1,485,6,14,677,1,698,158,0,158,856
11/21/2009,DAB,FL,ASO,ES,Combined TRACON& Tower with Radar,4,17,131,1,153,0,0,515,0,515,4,17,646,1,668,218,0,218,886
11/22/2009,DAB,FL,ASO,ES,Combined TRACON& Tower with Radar,4,20,60,6,90,0,1,148,0,149,4,21,208,6,239,54,0,54,293
11/23/2009,DAB,FL,ASO,ES,Combined TRACON& Tower with Radar,4,15,140,0,159,0,0,328,0,328,4,15,468,0,487,262,0,262,749
11/24/2009,DAB,FL,ASO,ES,Combined TRACON& Tower with Radar,6,13,236,1,256,0,0,493,3,496,6,13,729,4,752,367,0,367,1119
11/25/2009,DAB,FL,ASO,ES,Combined TRACON& Tower with Radar,7,15,101,0,123,0,0,6,0,6,7,15,107,0,129,0,0,0,129
11/26/2009,DAB,FL,ASO,ES,Combined TRACON& Tower with Radar,4,9,19,0,32,0,0,34,0,34,4,9,53,0,66,36,0,36,102
11/27/2009,DAB,FL,ASO,ES,Combined TRACON& Tower with Radar,5,15,75,0,95,0,1,422,0,423,5,16,497,0,518,142,0,142,660
11/28/2009,DAB,FL,ASO,ES,Combined TRACON& Tower with Radar,4,17,79,0,100,0,1,398,1,400,4,18,477,1,500,174,0,174,674
11/29/2009,DAB,FL,ASO,ES,Combined TRACON& Tower with Radar,4,20,77,0,101,0,0,241,0,241,4,20,318,0,342,103,0,103,445
11/30/2009,DAB,FL,ASO,ES,Combined TRACON& Tower with Radar,6,14,103,0,123,0,0,658,0,658,6,14,761,0,781,348,0,348,1129
12/01/2009,DAB,FL,ASO,ES,Combined TRACON& Tower with Radar,4,10,191,0,205,0,0,566,3,569,4,10,757,3,774,402,0,402,1176
12/02/2009,DAB,FL,ASO,ES,Combined TRACON& Tower with Radar,6,11,79,0,96,0,0,248,0,248,6,11,327,0,344,0,0,0,344
12/03/2009,DAB,FL,ASO,ES,Combined TRACON& Tower with Radar,6,15,126,0,147,0,0,615,0,615,6,15,741,0,762,525,0,525,1287
12/04/2009,DAB,FL,ASO,ES,Combined TRACON& Tower with Radar,6,13,172,0,191,0,0,138,0,138,6,13,310,0,329,128,0,128,457
12/05/2009,DAB,FL,ASO,ES,Combined TRACON& Tower with Radar,4,12,105,0,121,0,0,83,0,83,4,12,188,0,204,28,0,28,232
12/06/2009,DAB,FL,ASO,ES,Combined TRACON& Tower with Radar,4,14,52,0,70,0,1,427,0,428,4,15,479,0,498,234,0,234,732
12/07/2009,DAB,FL,ASO,ES,Combined TRACON& Tower with Radar,4,16,214,2,236,0,2,494,0,496,4,18,708,2,732,244,0,244,976
12/08/2009,DAB,FL,ASO,ES,Combined TRACON& Tower with Radar,4,15,213,2,234,0,0,546,0,546,4,15,759,2,780,182,0,182,962
12/09/2009,DAB,FL,ASO,ES,Combined TRACON& Tower with Radar,6,17,127,0,150,0,1,396,2,399,6,18,523,2,549,262,0,262,811
12/10/2009,DAB,FL,ASO,ES,Combined TRACON& Tower with Radar,6,14,154,2,176,0,0,229,0,229,6,14,383,2,405,10,0,10,415
12/11/2009,DAB,FL,ASO,ES,Combined TRACON& Tower with Radar,6,14,183,2,205,0,0,462,0,462,6,14,645,2,667,174,0,174,841
12/12/2009,DAB,FL,ASO,ES,Combined TRACON& Tower with Radar,4,14,105,0,123,0,0,268,0,268,4,14,373,0,391,319,0,319,710
12/13/2009,DAB,FL,ASO,ES,Combined TRACON& Tower with Radar,4,14,43,2,63,0,0,193,0,193,4,14,236,2,256,84,0,84,340
12/14/2009,DAB,FL,ASO,ES,Combined TRACON& Tower with Radar,3,8,153,0,164,0,0,264,0,264,3,8,417,0,428,174,0,174,602
12/15/2009,DAB,FL,ASO,ES,Combined TRACON& Tower with Radar,5,8,139,1,153,0,0,410,3,413,5,8,549,4,566,263,0,263,829
12/16/2009,DAB,FL,ASO,ES,Combined TRACON& Tower with Radar,6,12,200,1,219,0,0,56,0,56,6,12,256,1,275,0,0,0,275
12/17/2009,DAB,FL,ASO,ES,Combined TRACON& Tower with Radar,4,15,153,0,172,0,1,349,0,350,4,16,502,0,522,124,0,124,646
12/18/2009,DAB,FL,ASO,ES,Combined TRACON& Tower with Radar,4,16,78,0,98,0,0,28,0,28,4,16,106,0,126,0,0,0,126
12/19/2009,DAB,FL,ASO,ES,Combined TRACON& Tower with Radar,6,13,71,0,90,0,0,238,0,238,6,13,309,0,328,84,0,84,412
12/20/2009,DAB,FL,ASO,ES,Combined TRACON& Tower with Radar,2,16,43,0,61,0,0,153,0,153,2,16,196,0,214,36,0,36,250
12/21/2009,DAB,FL,ASO,ES,Combined TRACON& Tower with Radar,4,14,83,5,106,0,0,332,0,332,4,14,415,5,438,155,0,155,593
12/22/2009,DAB,FL,ASO,ES,Combined TRACON& Tower with Radar,4,12,75,0,91,0,0,263,4,267,4,12,338,4,358,70,0,70,428
12/23/2009,DAB,FL,ASO,ES,Combined TRACON& Tower with Radar,4,16,79,4,103,0,1,228,4,233,4,17,307,8,336,90,0,90,426
12/24/2009,DAB,FL,ASO,ES,Combined TRACON& Tower with Radar,3,9,37,0,49,0,0,126,0,126,3,9,163,0,175,22,0,22,197
12/25/2009,DAB,FL,ASO,ES,Combined TRACON& Tower with Radar,2,9,11,0,22,0,0,6,0,6,2,9,17,0,28,0,0,0,28
12/26/2009,DAB,FL,ASO,ES,Combined TRACON& Tower with Radar,3,12,47,0,62,0,0,69,0,69,3,12,116,0,131,48,0,48,179
12/27/2009,DAB,FL,ASO,ES,Combined TRACON& Tower with Radar,2,14,39,0,55,0,2,67,2,71,2,16,106,2,126,44,0,44,170
12/28/2009,DAB,FL,ASO,ES,Combined TRACON& Tower with Radar,4,16,45,0,65,0,0,126,0,126,4,16,171,0,191,50,0,50,241
12/29/2009,DAB,FL,ASO,ES,Combined TRACON& Tower with Radar,4,21,54,0,79,0,1,120,0,121,4,22,174,0,200,20,0,20,220
12/30/2009,DAB,FL,ASO,ES,Combined TRACON& Tower with Radar,4,17,63,3,87,0,1,157,1,159,4,18,220,4,246,102,0,102,348
12/31/2009,DAB,FL,ASO,ES,Combined TRACON& Tower with Radar,3,9,26,0,38,0,0,85,0,85,3,9,111,0,123,2,0,2,125
01/01/2010,DAB,FL,ASO,ES,Combined TRACON& Tower with Radar,3,16,6,0,25,0,0,1,0,1,3,16,7,0,26,0,0,0,26
01/02/2010,DAB,FL,ASO,ES,Combined TRACON& Tower with Radar,6,16,40,3,65,0,0,64,1,65,6,16,104,4,130,0,0,0,130
01/03/2010,DAB,FL,ASO,ES,Combined TRACON& Tower with Radar,2,14,50,0,66,0,0,55,0,55,2,14,105,0,121,34,0,34,155
01/04/2010,DAB,FL,ASO,ES,Combined TRACON& Tower with Radar,4,13,55,0,72,0,0,195,0,195,4,13,250,0,267,46,0,46,313
01/05/2010,DAB,FL,ASO,ES,Combined TRACON& Tower with Radar,7,9,59,0,75,0,0,179,0,179,7,9,238,0,254,19,0,19,273
01/06/2010,DAB,FL,ASO,ES,Combined TRACON& Tower with Radar,9,9,51,11,80,0,0,305,1,306,9,9,356,12,386,146,0,146,532
01/07/2010,DAB,FL,ASO,ES,Combined TRACON& Tower with Radar,7,14,89,0,110,0,0,312,0,312,7,14,401,0,422,153,0,153,575
01/08/2010,DAB,FL,ASO,ES,Combined TRACON& Tower with Radar,5,14,82,2,103,0,1,102,0,103,5,15,184,2,206,36,0,36,242
01/09/2010,DAB,FL,ASO,ES,Combined TRACON& Tower with Radar,7,10,37,2,56,0,0,48,0,48,7,10,85,2,104,4,0,4,108
01/10/2010,DAB,FL,ASO,ES,Combined TRACON& Tower with Radar,9,16,46,4,75,0,0,115,0,115,9,16,161,4,190,26,0,26,216
01/11/2010,DAB,FL,ASO,ES,Combined TRACON& Tower with Radar,8,8,76,2,94,0,1,362,0,363,8,9,438,2,457,140,0,140,597
01/12/2010,DAB,FL,ASO,ES,Combined TRACON& Tower with Radar,7,7,90,4,108,0,3,339,1,343,7,10,429,5,451,213,0,213,664
01/13/2010,DAB,FL,ASO,ES,Combined TRACON& Tower with Radar,11,10,109,0,130,0,3,565,0,568,11,13,674,0,698,293,0,293,991
01/14/2010,DAB,FL,ASO,ES,Combined TRACON& Tower with Radar,8,13,111,1,133,0,0,610,0,610,8,13,721,1,743,440,0,440,1183
01/15/2010,DAB,FL,ASO,ES,Combined TRACON& Tower with Radar,10,12,135,7,164,0,0,629,1,630,10,12,764,8,794,438,0,438,1232
01/16/2010,DAB,FL,ASO,ES,Combined TRACON& Tower with Radar,7,11,123,0,141,0,0,95,0,95,7,11,218,0,236,38,0,38,274
01/17/2010,DAB,FL,ASO,ES,Combined TRACON& Tower with Radar,11,9,24,3,47,0,0,32,1,33,11,9,56,4,80,42,0,42,122
01/18/2010,DAB,FL,ASO,ES,Combined TRACON& Tower with Radar,8,10,123,2,143,0,0,407,3,410,8,10,530,5,553,143,0,143,696
01/19/2010,DAB,FL,ASO,ES,Combined TRACON& Tower with Radar,7,7,140,0,154,0,1,716,1,718,7,8,856,1,872,429,0,429,1301
01/20/2010,DAB,FL,ASO,ES,Combined TRACON& Tower with Radar,9,9,131,3,152,0,1,706,1,708,9,10,837,4,860,518,0,518,1378
01/21/2010,DAB,FL,ASO,ES,Combined TRACON& Tower with Radar,8,10,43,0,61,0,0,212,0,212,8,10,255,0,273,18,0,18,291
01/22/2010,DAB,FL,ASO,ES,Combined TRACON& Tower with Radar,6,18,142,0,166,0,1,355,0,356,6,19,497,0,522,292,0,292,814
01/23/2010,DAB,FL,ASO,ES,Combined TRACON& Tower with Radar,7,9,118,0,134,0,0,684,0,684,7,9,802,0,818,376,0,376,1194
01/24/2010,DAB,FL,ASO,ES,Combined TRACON& Tower with Radar,5,8,43,2,58,0,0,94,0,94,5,8,137,2,152,27,0,27,179
01/25/2010,DAB,FL,ASO,ES,Combined TRACON& Tower with Radar,10,9,79,0,98,0,0,489,0,489,10,9,568,0,587,237,0,237,824
01/26/2010,DAB,FL,ASO,ES,Combined TRACON& Tower with Radar,7,8,94,0,109,0,0,590,2,592,7,8,684,2,701,316,0,316,1017
01/27/2010,DAB,FL,ASO,ES,Combined TRACON& Tower with Radar,9,13,169,3,194,0,1,848,6,855,9,14,1017,9,1049,300,0,300,1349
01/28/2010,DAB,FL,ASO,ES,Combined TRACON& Tower with Radar,8,16,168,0,192,0,0,801,0,801,8,16,969,0,993,465,0,465,1458
01/29/2010,DAB,FL,ASO,ES,Combined TRACON& Tower with Radar,8,15,159,5,187,0,1,733,0,734,8,16,892,5,921,395,0,395,1316
01/30/2010,DAB,FL,ASO,ES,Combined TRACON& Tower with Radar,7,9,125,0,141,0,0,180,0,180,7,9,305,0,321,76,0,76,397
01/31/2010,DAB,FL,ASO,ES,Combined TRACON& Tower with Radar,10,20,94,2,126,0,0,46,0,46,10,20,140,2,172,8,0,8,180
02/01/2010,DAB,FL,ASO,ES,Combined TRACON& Tower with Radar,8,10,195,4,217,0,0,298,0,298,8,10,493,4,515,281,0,281,796
02/02/2010,DAB,FL,ASO,ES,Combined TRACON& Tower with Radar,7,7,138,1,153,0,0,107,1,108,7,7,245,2,261,109,0,109,370
02/03/2010,DAB,FL,ASO,ES,Combined TRACON& Tower with Radar,9,12,220,0,241,0,0,501,0,501,9,12,721,0,742,388,0,388,1130
02/04/2010,DAB,FL,ASO,ES,Combined TRACON& Tower with Radar,9,21,205,3,238,0,0,736,1,737,9,21,941,4,975,429,0,429,1404
02/05/2010,DAB,FL,ASO,ES,Combined TRACON& Tower with Radar,10,14,85,0,109,0,1,180,0,181,10,15,265,0,290,2,0,2,292
02/06/2010,DAB,FL,ASO,ES,Combined TRACON& Tower with Radar,7,17,139,0,163,0,0,247,0,247,7,17,386,0,410,82,0,82,492
02/07/2010,DAB,FL,ASO,ES,Combined TRACON& Tower with Radar,11,12,78,2,103,0,0,201,0,201,11,12,279,2,304,18,0,18,322
02/08/2010,DAB,FL,ASO,ES,Combined TRACON& Tower with Radar,9,12,179,1,201,0,1,824,1,826,9,13,1003,2,1027,306,0,306,1333
02/09/2010,DAB,FL,ASO,ES,Combined TRACON& Tower with Radar,7,18,213,1,239,0,0,356,1,357,7,18,569,2,596,224,0,224,820
02/10/2010,DAB,FL,ASO,ES,Combined TRACON& Tower with Radar,9,16,118,2,145,0,5,532,6,543,9,21,650,8,688,52,0,52,740
02/11/2010,DAB,FL,ASO,ES,Combined TRACON& Tower with Radar,23,8,192,1,224,0,4,716,24,744,23,12,908,25,968,346,0,346,1314
02/12/2010,DAB,FL,ASO,ES,Combined TRACON& Tower with Radar,12,12,141,0,165,0,0,81,0,81,12,12,222,0,246,34,0,34,280
02/13/2010,DAB,FL,ASO,ES,Combined TRACON& Tower with Radar,4,30,119,3,156,0,2,361,5,368,4,32,480,8,524,152,0,152,676
02/14/2010,DAB,FL,ASO,ES,Combined TRACON& Tower with Radar,15,38,289,15,357,0,0,133,12,145,15,38,422,27,502,0,0,0,502
02/15/2010,DAB,FL,ASO,ES,Combined TRACON& Tower with Radar,21,14,129,1,165,0,1,440,0,441,21,15,569,1,606,96,0,96,702
02/16/2010,DAB,FL,ASO,ES,Combined TRACON& Tower with Radar,14,6,125,0,145,0,4,618,3,625,14,10,743,3,770,278,0,278,1048
02/17/2010,DAB,FL,ASO,ES,Combined TRACON& Tower with Radar,16,8,101,6,131,0,1,548,1,550,16,9,649,7,681,154,0,154,835
02/18/2010,DAB,FL,ASO,ES,Combined TRACON& Tower with Radar,14,8,126,2,150,0,4,712,0,716,14,12,838,2,866,333,0,333,1199
02/19/2010,DAB,FL,ASO,ES,Combined TRACON& Tower with Radar,16,6,150,0,172,0,0,832,0,832,16,6,982,0,1004,347,0,347,1351
02/20/2010,DAB,FL,ASO,ES,Combined TRACON& Tower with Radar,12,9,112,5,138,0,0,705,2,707,12,9,817,7,845,311,0,311,1156
02/21/2010,DAB,FL,ASO,ES,Combined TRACON& Tower with Radar,14,6,78,0,98,0,0,338,2,340,14,6,416,2,438,170,0,170,608
02/22/2010,DAB,FL,ASO,ES,Combined TRACON& Tower with Radar,12,12,80,4,108,0,0,396,0,396,12,12,476,4,504,331,0,331,835
02/23/2010,DAB,FL,ASO,ES,Combined TRACON& Tower with Radar,14,5,168,3,190,0,0,490,0,490,14,5,658,3,680,297,0,297,977
02/24/2010,DAB,FL,ASO,ES,Combined TRACON& Tower with Radar,11,7,148,4,170,0,1,349,0,350,11,8,497,4,520,256,0,256,776
02/25/2010,DAB,FL,ASO,ES,Combined TRACON& Tower with Radar,15,8,108,1,132,0,4,550,0,554,15,12,658,1,686,229,0,229,915
02/26/2010,DAB,FL,ASO,ES,Combined TRACON& Tower with Radar,12,9,115,1,137,0,2,744,1,747,12,11,859,2,884,348,0,348,1232
02/27/2010,DAB,FL,ASO,ES,Combined TRACON& Tower with Radar,12,9,126,0,147,0,0,301,0,301,12,9,427,0,448,174,0,174,622
02/28/2010,DAB,FL,ASO,ES,Combined TRACON& Tower with Radar,13,7,45,0,65,0,0,277,5,282,13,7,322,5,347,116,0,116,463
03/01/2010,DAB,FL,ASO,ES,Combined TRACON& Tower with Radar,14,11,163,8,196,0,0,722,2,724,14,11,885,10,920,411,0,411,1331
03/02/2010,DAB,FL,ASO,ES,Combined TRACON& Tower with Radar,8,5,63,4,80,0,1,46,4,51,8,6,109,8,131,4,0,4,135
03/03/2010,DAB,FL,ASO,ES,Combined TRACON& Tower with Radar,14,9,143,3,169,0,0,387,0,387,14,9,530,3,556,174,0,174,730
03/04/2010,DAB,FL,ASO,ES,Combined TRACON& Tower with Radar,15,7,127,0,149,0,1,631,2,634,15,8,758,2,783,182,0,182,965
03/05/2010,DAB,FL,ASO,ES,Combined TRACON& Tower with Radar,14,8,144,2,168,0,5,765,0,770,14,13,909,2,938,363,0,363,1301
03/06/2010,DAB,FL,ASO,ES,Combined TRACON& Tower with Radar,14,13,119,0,146,0,0,676,0,676,14,13,795,0,822,164,0,164,986
03/07/2010,DAB,FL,ASO,ES,Combined TRACON& Tower with Radar,14,7,52,0,73,0,0,302,0,302,14,7,354,0,375,102,0,102,477
03/08/2010,DAB,FL,ASO,ES,Combined TRACON& Tower with Radar,14,5,119,0,138,0,0,769,0,769,14,5,888,0,907,402,0,402,1309
03/09/2010,DAB,FL,ASO,ES,Combined TRACON& Tower with Radar,14,11,139,0,164,0,0,795,0,795,14,11,934,0,959,446,0,446,1405
03/10/2010,DAB,FL,ASO,ES,Combined TRACON& Tower with Radar,13,7,128,7,155,0,0,595,1,596,13,7,723,8,751,251,0,251,1002
03/11/2010,DAB,FL,ASO,ES,Combined TRACON& Tower with Radar,19,8,63,0,90,0,0,43,2,45,19,8,106,2,135,0,0,0,135
03/12/2010,DAB,FL,ASO,ES,Combined TRACON& Tower with Radar,13,6,144,0,163,0,0,21,0,21,13,6,165,0,184,2,0,2,186
03/13/2010,DAB,FL,ASO,ES,Combined TRACON& Tower with Radar,13,14,75,0,102,0,1,273,0,274,13,15,348,0,376,178,0,178,554
03/14/2010,DAB,FL,ASO,ES,Combined TRACON& Tower with Radar,13,6,37,0,56,0,0,142,0,142,13,6,179,0,198,26,0,26,224
03/15/2010,DAB,FL,ASO,ES,Combined TRACON& Tower with Radar,13,8,77,6,104,0,0,487,1,488,13,8,564,7,592,161,0,161,753
03/16/2010,DAB,FL,ASO,ES,Combined TRACON& Tower with Radar,16,8,125,2,151,0,0,670,0,670,16,8,795,2,821,358,0,358,1179
03/17/2010,DAB,FL,ASO,ES,Combined TRACON& Tower with Radar,16,8,136,1,161,0,1,679,3,683,16,9,815,4,844,456,0,456,1300
03/18/2010,DAB,FL,ASO,ES,Combined TRACON& Tower with Radar,12,6,128,0,146,0,0,405,0,405,12,6,533,0,551,246,0,246,797
03/19/2010,DAB,FL,ASO,ES,Combined TRACON& Tower with Radar,18,9,110,8,145,0,0,485,3,488,18,9,595,11,633,338,0,338,971
03/20/2010,DAB,FL,ASO,ES,Combined TRACON& Tower with Radar,12,15,108,1,136,0,0,413,2,415,12,15,521,3,551,198,0,198,749
03/21/2010,DAB,FL,ASO,ES,Combined TRACON& Tower with Radar,13,11,34,10,68,0,1,39,3,43,13,12,73,13,111,0,0,0,111
03/22/2010,DAB,FL,ASO,ES,Combined TRACON& Tower with Radar,15,4,88,4,111,0,0,424,0,424,15,4,512,4,535,309,0,309,844
03/23/2010,DAB,FL,ASO,ES,Combined TRACON& Tower with Radar,14,4,108,9,135,0,0,639,1,640,14,4,747,10,775,382,0,382,1157
03/24/2010,DAB,FL,ASO,ES,Combined TRACON& Tower with Radar,14,8,146,0,168,0,0,714,0,714,14,8,860,0,882,310,0,310,1192
03/25/2010,DAB,FL,ASO,ES,Combined TRACON& Tower with Radar,14,7,124,0,145,0,1,571,1,573,14,8,695,1,718,148,0,148,866
03/26/2010,DAB,FL,ASO,ES,Combined TRACON& Tower with Radar,14,8,108,0,130,0,0,401,0,401,14,8,509,0,531,320,0,320,851
03/27/2010,DAB,FL,ASO,ES,Combined TRACON& Tower with Radar,12,10,100,0,122,0,1,559,0,560,12,11,659,0,682,239,0,239,921
03/28/2010,DAB,FL,ASO,ES,Combined TRACON& Tower with Radar,14,7,27,0,48,0,1,69,0,70,14,8,96,0,118,20,0,20,138
03/29/2010,DAB,FL,ASO,ES,Combined TRACON& Tower with Radar,14,7,110,1,132,0,0,387,0,387,14,7,497,1,519,168,0,168,687
03/30/2010,DAB,FL,ASO,ES,Combined TRACON& Tower with Radar,14,7,105,0,126,0,1,702,3,706,14,8,807,3,832,328,0,328,1160
03/31/2010,DAB,FL,ASO,ES,Combined TRACON& Tower with Radar,14,9,141,2,166,0,0,790,0,790,14,9,931,2,956,266,0,266,1222
04/01/2010,DAB,FL,ASO,ES,Combined TRACON& Tower with Radar,14,7,110,0,131,0,0,809,0,809,14,7,919,0,940,492,0,492,1432
04/02/2010,DAB,FL,ASO,ES,Combined TRACON& Tower with Radar,14,11,102,0,127,0,0,673,0,673,14,11,775,0,800,319,0,319,1119
04/03/2010,DAB,FL,ASO,ES,Combined TRACON& Tower with Radar,12,11,110,0,133,0,1,580,0,581,12,12,690,0,714,276,0,276,990
04/04/2010,DAB,FL,ASO,ES,Combined TRACON& Tower with Radar,14,6,36,0,56,0,0,154,2,156,14,6,190,2,212,90,0,90,302
04/05/2010,DAB,FL,ASO,ES,Combined TRACON& Tower with Radar,12,8,154,0,174,0,0,603,0,603,12,8,757,0,777,463,0,463,1240
04/06/2010,DAB,FL,ASO,ES,Combined TRACON& Tower with Radar,12,4,117,1,134,0,0,582,0,582,12,4,699,1,716,344,0,344,1060
04/07/2010,DAB,FL,ASO,ES,Combined TRACON& Tower with Radar,12,6,115,2,135,0,0,654,3,657,12,6,769,5,792,368,0,368,1160
04/08/2010,DAB,FL,ASO,ES,Combined TRACON& Tower with Radar,13,9,125,0,147,0,0,642,0,642,13,9,767,0,789,243,0,243,1032
04/09/2010,DAB,FL,ASO,ES,Combined TRACON& Tower with Radar,15,8,132,6,161,0,0,502,5,507,15,8,634,11,668,253,0,253,921
04/10/2010,DAB,FL,ASO,ES,Combined TRACON& Tower with Radar,14,11,117,0,142,0,1,604,0,605,14,12,721,0,747,303,0,303,1050
04/11/2010,DAB,FL,ASO,ES,Combined TRACON& Tower with Radar,10,11,71,7,99,0,0,235,0,235,10,11,306,7,334,58,0,58,392
04/12/2010,DAB,FL,ASO,ES,Combined TRACON& Tower with Radar,12,7,155,0,174,0,0,458,1,459,12,7,613,1,633,290,0,290,923
04/13/2010,DAB,FL,ASO,ES,Combined TRACON& Tower with Radar,12,4,153,0,169,0,0,488,0,488,12,4,641,0,657,323,0,323,980
04/14/2010,DAB,FL,ASO,ES,Combined TRACON& Tower with Radar,12,6,109,0,127,0,1,594,4,599,12,7,703,4,726,361,0,361,1087
04/15/2010,DAB,FL,ASO,ES,Combined TRACON& Tower with Radar,12,10,145,13,180,0,0,308,2,310,12,10,453,15,490,200,0,200,690
04/16/2010,DAB,FL,ASO,ES,Combined TRACON& Tower with Radar,12,9,151,2,174,0,0,715,4,719,12,9,866,6,893,364,0,364,1257
04/17/2010,DAB,FL,ASO,ES,Combined TRACON& Tower with Radar,12,9,112,0,133,0,1,610,3,614,12,10,722,3,747,336,0,336,1083
04/18/2010,DAB,FL,ASO,ES,Combined TRACON& Tower with Radar,8,12,68,1,89,0,0,164,1,165,8,12,232,2,254,88,0,88,342
04/19/2010,DAB,FL,ASO,ES,Combined TRACON& Tower with Radar,12,7,168,2,189,0,1,258,0,259,12,8,426,2,448,206,0,206,654
04/20/2010,DAB,FL,ASO,ES,Combined TRACON& Tower with Radar,12,4,155,2,173,0,0,736,2,738,12,4,891,4,911,406,0,406,1317
04/21/2010,DAB,FL,ASO,ES,Combined TRACON& Tower with Radar,14,8,154,0,176,0,0,635,4,639,14,8,789,4,815,463,0,463,1278
04/22/2010,DAB,FL,ASO,ES,Combined TRACON& Tower with Radar,12,6,119,4,141,0,2,755,0,757,12,8,874,4,898,524,0,524,1422
04/23/2010,DAB,FL,ASO,ES,Combined TRACON& Tower with Radar,14,6,119,1,140,0,0,723,4,727,14,6,842,5,867,402,0,402,1269
04/24/2010,DAB,FL,ASO,ES,Combined TRACON& Tower with Radar,8,8,98,6,120,0,1,451,0,452,8,9,549,6,572,60,0,60,632
04/25/2010,DAB,FL,ASO,ES,Combined TRACON& Tower with Radar,12,8,32,0,52,0,0,65,0,65,12,8,97,0,117,80,0,80,197
04/26/2010,DAB,FL,ASO,ES,Combined TRACON& Tower with Radar,11,8,124,3,146,0,0,374,1,375,11,8,498,4,521,286,0,286,807
04/27/2010,DAB,FL,ASO,ES,Combined TRACON& Tower with Radar,11,8,94,1,114,0,0,546,3,549,11,8,640,4,663,145,0,145,808
04/28/2010,DAB,FL,ASO,ES,Combined TRACON& Tower with Radar,12,8,150,0,170,0,0,719,2,721,12,8,869,2,891,500,0,500,1391
04/29/2010,DAB,FL,ASO,ES,Combined TRACON& Tower with Radar,14,7,160,8,189,0,0,657,6,663,14,7,817,14,852,388,0,388,1240
04/30/2010,DAB,FL,ASO,ES,Combined TRACON& Tower with Radar,10,10,139,2,161,0,0,420,3,423,10,10,559,5,584,0,0,0,584
05/01/2010,DAB,FL,ASO,ES,Combined TRACON& Tower with Radar,7,17,128,0,152,0,0,340,0,340,7,17,468,0,492,30,0,30,522
05/02/2010,DAB,FL,ASO,ES,Combined TRACON& Tower with Radar,12,10,71,4,97,0,0,218,0,218,12,10,289,4,315,8,0,8,323
05/03/2010,DAB,FL,ASO,ES,Combined TRACON& Tower with Radar,11,8,143,14,176,0,0,441,2,443,11,8,584,16,619,138,0,138,757
05/04/2010,DAB,FL,ASO,ES,Combined TRACON& Tower with Radar,10,11,124,0,145,0,0,466,2,468,10,11,590,2,613,364,0,364,977
05/05/2010,DAB,FL,ASO,ES,Combined TRACON& Tower with Radar,10,9,98,0,117,0,0,247,0,247,10,9,345,0,364,194,0,194,558
05/06/2010,DAB,FL,ASO,ES,Combined TRACON& Tower with Radar,9,12,148,0,169,0,0,354,3,357,9,12,502,3,526,211,0,211,737
05/07/2010,DAB,FL,ASO,ES,Combined TRACON& Tower with Radar,10,11,161,1,183,0,0,677,0,677,10,11,838,1,860,400,0,400,1260
05/08/2010,DAB,FL,ASO,ES,Combined TRACON& Tower with Radar,15,11,97,0,123,0,3,361,0,364,15,14,458,0,487,145,0,145,632
05/09/2010,DAB,FL,ASO,ES,Combined TRACON& Tower with Radar,16,3,59,3,81,0,0,185,0,185,16,3,244,3,266,29,0,29,295
05/10/2010,DAB,FL,ASO,ES,Combined TRACON& Tower with Radar,14,7,134,1,156,0,0,586,0,586,14,7,720,1,742,309,0,309,1051
05/11/2010,DAB,FL,ASO,ES,Combined TRACON& Tower with Radar,16,3,113,0,132,0,1,510,0,511,16,4,623,0,643,228,0,228,871
05/12/2010,DAB,FL,ASO,ES,Combined TRACON& Tower with Radar,16,2,115,2,135,0,0,658,5,663,16,2,773,7,798,397,0,397,1195
05/13/2010,DAB,FL,ASO,ES,Combined TRACON& Tower with Radar,14,4,130,4,152,0,2,627,0,629,14,6,757,4,781,406,0,406,1187
05/14/2010,DAB,FL,ASO,ES,Combined TRACON& Tower with Radar,14,7,118,0,139,0,0,525,2,527,14,7,643,2,666,114,0,114,780
05/15/2010,DAB,FL,ASO,ES,Combined TRACON& Tower with Radar,12,8,89,0,109,0,0,371,0,371,12,8,460,0,480,254,0,254,734
05/16/2010,DAB,FL,ASO,ES,Combined TRACON& Tower with Radar,16,2,46,0,64,0,0,130,0,130,16,2,176,0,194,26,0,26,220
05/17/2010,DAB,FL,ASO,ES,Combined TRACON& Tower with Radar,14,6,61,0,81,0,0,202,0,202,14,6,263,0,283,269,0,269,552
05/18/2010,DAB,FL,ASO,ES,Combined TRACON& Tower with Radar,16,8,131,1,156,0,0,412,0,412,16,8,543,1,568,520,0,520,1088
05/19/2010,DAB,FL,ASO,ES,Combined TRACON& Tower with Radar,18,6,130,0,154,0,0,612,0,612,18,6,742,0,766,329,0,329,1095
05/20/2010,DAB,FL,ASO,ES,Combined TRACON& Tower with Radar,14,6,153,2,175,0,0,759,1,760,14,6,912,3,935,533,0,533,1468
05/21/2010,DAB,FL,ASO,ES,Combined TRACON& Tower with Radar,15,3,170,0,188,0,0,541,1,542,15,3,711,1,730,286,0,286,1016
05/22/2010,DAB,FL,ASO,ES,Combined TRACON& Tower with Radar,13,9,102,0,124,0,0,397,0,397,13,9,499,0,521,182,0,182,703
05/23/2010,DAB,FL,ASO,ES,Combined TRACON& Tower with Radar,16,2,46,2,66,0,0,173,0,173,16,2,219,2,239,100,0,100,339
05/24/2010,DAB,FL,ASO,ES,Combined TRACON& Tower with Radar,16,2,117,2,137,0,0,608,2,610,16,2,725,4,747,497,0,497,1244
05/25/2010,DAB,FL,ASO,ES,Combined TRACON& Tower with Radar,14,4,171,0,189,0,1,397,0,398,14,5,568,0,587,404,0,404,991
05/26/2010,DAB,FL,ASO,ES,Combined TRACON& Tower with Radar,14,4,113,0,131,0,0,546,0,546,14,4,659,0,677,218,0,218,895
05/27/2010,DAB,FL,ASO,ES,Combined TRACON& Tower with Radar,14,6,136,0,156,0,1,636,0,637,14,7,772,0,793,452,0,452,1245
05/28/2010,DAB,FL,ASO,ES,Combined TRACON& Tower with Radar,13,6,108,0,127,0,0,617,0,617,13,6,725,0,744,348,0,348,1092
05/29/2010,DAB,FL,ASO,ES,Combined TRACON& Tower with Radar,11,7,87,1,106,0,0,245,3,248,11,7,332,4,354,130,0,130,484
05/30/2010,DAB,FL,ASO,ES,Combined TRACON& Tower with Radar,12,7,24,0,43,0,0,35,0,35,12,7,59,0,78,24,0,24,102
05/31/2010,DAB,FL,ASO,ES,Combined TRACON& Tower with Radar,14,2,99,0,115,0,0,103,1,104,14,2,202,1,219,16,0,16,235
06/01/2010,DAB,FL,ASO,ES,Combined TRACON& Tower with Radar,14,7,146,0,167,0,0,307,0,307,14,7,453,0,474,278,0,278,752
06/02/2010,DAB,FL,ASO,ES,Combined TRACON& Tower with Radar,16,3,101,0,120,0,1,605,0,606,16,4,706,0,726,305,0,305,1031
06/03/2010,DAB,FL,ASO,ES,Combined TRACON& Tower with Radar,18,6,98,0,122,0,0,571,36,607,18,6,669,36,729,320,36,356,1085
06/04/2010,DAB,FL,ASO,ES,Combined TRACON& Tower with Radar,16,4,92,0,112,0,1,406,0,407,16,5,498,0,519,374,0,374,893
06/05/2010,DAB,FL,ASO,ES,Combined TRACON& Tower with Radar,17,7,75,4,103,0,0,359,0,359,17,7,434,4,462,270,0,270,732
06/06/2010,DAB,FL,ASO,ES,Combined TRACON& Tower with Radar,17,2,33,0,52,0,0,55,0,55,17,2,88,0,107,44,0,44,151
06/07/2010,DAB,FL,ASO,ES,Combined TRACON& Tower with Radar,14,4,129,0,147,0,0,324,2,326,14,4,453,2,473,271,0,271,744
06/08/2010,DAB,FL,ASO,ES,Combined TRACON& Tower with Radar,16,3,115,6,140,0,0,691,0,691,16,3,806,6,831,263,0,263,1094
06/09/2010,DAB,FL,ASO,ES,Combined TRACON& Tower with Radar,16,4,102,11,133,0,3,699,4,706,16,7,801,15,839,331,0,331,1170
06/10/2010,DAB,FL,ASO,ES,Combined TRACON& Tower with Radar,12,4,155,2,173,0,1,637,0,638,12,5,792,2,811,365,0,365,1176
06/11/2010,DAB,FL,ASO,ES,Combined TRACON& Tower with Radar,16,0,117,0,133,0,1,668,4,673,16,1,785,4,806,390,0,390,1196
06/12/2010,DAB,FL,ASO,ES,Combined TRACON& Tower with Radar,14,2,76,1,93,0,0,336,0,336,14,2,412,1,429,192,0,192,621
06/13/2010,DAB,FL,ASO,ES,Combined TRACON& Tower with Radar,13,2,40,2,57,0,0,112,1,113,13,2,152,3,170,74,0,74,244
06/14/2010,DAB,FL,ASO,ES,Combined TRACON& Tower with Radar,17,2,103,2,124,0,0,491,1,492,17,2,594,3,616,304,0,304,920
06/15/2010,DAB,FL,ASO,ES,Combined TRACON& Tower with Radar,15,1,84,0,100,0,1,435,2,438,15,2,519,2,538,231,0,231,769
06/16/2010,DAB,FL,ASO,ES,Combined TRACON& Tower with Radar,19,2,111,0,132,0,0,511,0,511,19,2,622,0,643,418,0,418,1061
06/17/2010,DAB,FL,ASO,ES,Combined TRACON& Tower with Radar,16,2,88,0,106,0,0,447,0,447,16,2,535,0,553,300,0,300,853
06/18/2010,DAB,FL,ASO,ES,Combined TRACON& Tower with Radar,18,0,87,2,107,0,0,550,0,550,18,0,637,2,657,356,0,356,1013
06/19/2010,DAB,FL,ASO,ES,Combined TRACON& Tower with Radar,14,2,67,0,83,0,0,329,2,331,14,2,396,2,414,170,0,170,584
06/20/2010,DAB,FL,ASO,ES,Combined TRACON& Tower with Radar,14,4,45,0,63,0,0,107,0,107,14,4,152,0,170,32,0,32,202
06/21/2010,DAB,FL,ASO,ES,Combined TRACON& Tower with Radar,14,2,97,16,129,0,0,388,3,391,14,2,485,19,520,248,0,248,768
06/22/2010,DAB,FL,ASO,ES,Combined TRACON& Tower with Radar,16,2,116,0,134,0,2,559,2,563,16,4,675,2,697,388,0,388,1085
06/23/2010,DAB,FL,ASO,ES,Combined TRACON& Tower with Radar,13,2,114,0,129,0,1,591,3,595,13,3,705,3,724,363,0,363,1087
06/24/2010,DAB,FL,ASO,ES,Combined TRACON& Tower with Radar,16,0,106,0,122,0,0,576,0,576,16,0,682,0,698,314,0,314,1012
06/25/2010,DAB,FL,ASO,ES,Combined TRACON& Tower with Radar,16,0,129,1,146,0,0,577,3,580,16,0,706,4,726,287,0,287,1013
06/26/2010,DAB,FL,ASO,ES,Combined TRACON& Tower with Radar,15,2,65,7,89,0,0,341,0,341,15,2,406,7,430,182,0,182,612
06/27/2010,DAB,FL,ASO,ES,Combined TRACON& Tower with Radar,14,2,38,1,55,0,0,114,2,116,14,2,152,3,171,120,0,120,291
06/28/2010,DAB,FL,ASO,ES,Combined TRACON& Tower with Radar,15,1,79,1,96,0,0,442,3,445,15,1,521,4,541,306,0,306,847
06/29/2010,DAB,FL,ASO,ES,Combined TRACON& Tower with Radar,17,4,125,0,146,0,0,430,0,430,17,4,555,0,576,248,0,248,824
06/30/2010,DAB,FL,ASO,ES,Combined TRACON& Tower with Radar,18,15,144,2,179,0,2,477,0,479,18,17,621,2,658,204,0,204,862
07/01/2010,DAB,FL,ASO,ES,Combined TRACON& Tower with Radar,16,14,152,0,182,0,0,442,0,442,16,14,594,0,624,356,0,356,980
07/02/2010,DAB,FL,ASO,ES,Combined TRACON& Tower with Radar,12,14,188,2,216,0,4,239,3,246,12,18,427,5,462,172,0,172,634
07/03/2010,DAB,FL,ASO,ES,Combined TRACON& Tower with Radar,14,22,97,0,133,0,0,92,4,96,14,22,189,4,229,88,0,88,317
07/04/2010,DAB,FL,ASO,ES,Combined TRACON& Tower with Radar,16,17,91,0,124,0,0,54,2,56,16,17,145,2,180,42,0,42,222
07/05/2010,DAB,FL,ASO,ES,Combined TRACON& Tower with Radar,14,4,111,0,129,0,0,274,0,274,14,4,385,0,403,218,0,218,621
07/06/2010,DAB,FL,ASO,ES,Combined TRACON& Tower with Radar,14,5,139,5,163,0,2,538,1,541,14,7,677,6,704,178,0,178,882
07/07/2010,DAB,FL,ASO,ES,Combined TRACON& Tower with Radar,14,2,116,0,132,0,0,403,0,403,14,2,519,0,535,189,0,189,724
07/08/2010,DAB,FL,ASO,ES,Combined TRACON& Tower with Radar,16,2,121,0,139,0,0,558,0,558,16,2,679,0,697,301,0,301,998
07/09/2010,DAB,FL,ASO,ES,Combined TRACON& Tower with Radar,13,3,105,4,125,0,0,561,2,563,13,3,666,6,688,313,0,313,1001
07/10/2010,DAB,FL,ASO,ES,Combined TRACON& Tower with Radar,17,3,71,4,95,0,0,297,0,297,17,3,368,4,392,188,0,188,580
07/11/2010,DAB,FL,ASO,ES,Combined TRACON& Tower with Radar,10,7,44,0,61,0,1,60,0,61,10,8,104,0,122,70,0,70,192
07/12/2010,DAB,FL,ASO,ES,Combined TRACON& Tower with Radar,12,2,108,0,122,0,0,274,0,274,12,2,382,0,396,262,0,262,658
07/13/2010,DAB,FL,ASO,ES,Combined TRACON& Tower with Radar,13,3,101,11,128,0,1,544,3,548,13,4,645,14,676,353,0,353,1029
07/14/2010,DAB,FL,ASO,ES,Combined TRACON& Tower with Radar,15,6,107,2,130,0,0,439,2,441,15,6,546,4,571,197,0,197,768
07/15/2010,DAB,FL,ASO,ES,Combined TRACON& Tower with Radar,14,2,89,0,105,0,2,370,0,372,14,4,459,0,477,193,0,193,670
07/16/2010,DAB,FL,ASO,ES,Combined TRACON& Tower with Radar,13,8,126,0,147,0,1,401,0,402,13,9,527,0,549,142,0,142,691
07/17/2010,DAB,FL,ASO,ES,Combined TRACON& Tower with Radar,16,2,124,0,142,0,1,290,0,291,16,3,414,0,433,118,0,118,551
07/18/2010,DAB,FL,ASO,ES,Combined TRACON& Tower with Radar,12,5,53,2,72,0,0,113,0,113,12,5,166,2,185,110,0,110,295
07/19/2010,DAB,FL,ASO,ES,Combined TRACON& Tower with Radar,15,5,116,2,138,0,0,465,0,465,15,5,581,2,603,156,0,156,759
07/20/2010,DAB,FL,ASO,ES,Combined TRACON& Tower with Radar,16,2,110,0,128,0,1,479,0,480,16,3,589,0,608,166,0,166,774
07/21/2010,DAB,FL,ASO,ES,Combined TRACON& Tower with Radar,13,6,137,0,156,0,0,479,0,479,13,6,616,0,635,277,0,277,912
07/22/2010,DAB,FL,ASO,ES,Combined TRACON& Tower with Radar,14,2,113,3,132,0,1,534,2,537,14,3,647,5,669,349,0,349,1018
07/23/2010,DAB,FL,ASO,ES,Combined TRACON& Tower with Radar,14,4,134,0,152,0,0,376,0,376,14,4,510,0,528,290,0,290,818
07/24/2010,DAB,FL,ASO,ES,Combined TRACON& Tower with Radar,15,2,87,2,106,0,0,146,0,146,15,2,233,2,252,30,0,30,282
07/25/2010,DAB,FL,ASO,ES,Combined TRACON& Tower with Radar,12,4,58,0,74,0,0,146,0,146,12,4,204,0,220,46,0,46,266
07/26/2010,DAB,FL,ASO,ES,Combined TRACON& Tower with Radar,13,0,119,8,140,0,2,530,1,533,13,2,649,9,673,328,0,328,1001
07/27/2010,DAB,FL,ASO,ES,Combined TRACON& Tower with Radar,14,2,110,2,128,0,0,495,2,497,14,2,605,4,625,296,0,296,921
07/28/2010,DAB,FL,ASO,ES,Combined TRACON& Tower with Radar,17,7,98,0,122,0,0,461,0,461,17,7,559,0,583,244,0,244,827
07/29/2010,DAB,FL,ASO,ES,Combined TRACON& Tower with Radar,14,5,94,0,113,0,0,409,0,409,14,5,503,0,522,205,0,205,727
07/30/2010,DAB,FL,ASO,ES,Combined TRACON& Tower with Radar,14,2,95,1,112,0,1,490,0,491,14,3,585,1,603,236,0,236,839
07/31/2010,DAB,FL,ASO,ES,Combined TRACON& Tower with Radar,14,5,73,0,92,0,1,243,0,244,14,6,316,0,336,166,0,166,502
08/01/2010,DAB,FL,ASO,ES,Combined TRACON& Tower with Radar,11,5,41,1,58,0,0,104,1,105,11,5,145,2,163,78,0,78,241
08/02/2010,DAB,FL,ASO,ES,Combined TRACON& Tower with Radar,15,2,117,0,134,0,2,421,2,425,15,4,538,2,559,427,0,427,986
08/03/2010,DAB,FL,ASO,ES,Combined TRACON& Tower with Radar,14,2,127,0,143,0,0,562,0,562,14,2,689,0,705,283,0,283,988
08/04/2010,DAB,FL,ASO,ES,Combined TRACON& Tower with Radar,14,2,124,1,141,0,0,510,1,511,14,2,634,2,652,450,0,450,1102
08/05/2010,DAB,FL,ASO,ES,Combined TRACON& Tower with Radar,14,3,121,4,142,0,0,503,0,503,14,3,624,4,645,248,0,248,893
08/06/2010,DAB,FL,ASO,ES,Combined TRACON& Tower with Radar,13,4,99,0,116,0,0,427,2,429,13,4,526,2,545,229,0,229,774
08/07/2010,DAB,FL,ASO,ES,Combined TRACON& Tower with Radar,17,4,70,0,91,0,0,128,0,128,17,4,198,0,219,92,0,92,311
08/08/2010,DAB,FL,ASO,ES,Combined TRACON& Tower with Radar,11,6,49,0,66,0,0,64,2,66,11,6,113,2,132,84,0,84,216
08/09/2010,DAB,FL,ASO,ES,Combined TRACON& Tower with Radar,15,2,125,2,144,0,1,377,1,379,15,3,502,3,523,180,0,180,703
08/10/2010,DAB,FL,ASO,ES,Combined TRACON& Tower with Radar,14,2,124,2,142,0,0,168,0,168,14,2,292,2,310,31,0,31,341
08/11/2010,DAB,FL,ASO,ES,Combined TRACON& Tower with Radar,14,6,94,2,116,0,0,188,1,189,14,6,282,3,305,14,0,14,319
08/12/2010,DAB,FL,ASO,ES,Combined TRACON& Tower with Radar,12,4,93,2,111,0,0,352,2,354,12,4,445,4,465,116,0,116,581
08/13/2010,DAB,FL,ASO,ES,Combined TRACON& Tower with Radar,14,2,105,1,122,0,0,376,2,378,14,2,481,3,500,254,0,254,754
08/14/2010,DAB,FL,ASO,ES,Combined TRACON& Tower with Radar,13,2,86,5,106,0,0,237,0,237,13,2,323,5,343,162,0,162,505
08/15/2010,DAB,FL,ASO,ES,Combined TRACON& Tower with Radar,13,4,61,0,78,0,0,68,0,68,13,4,129,0,146,24,0,24,170
08/16/2010,DAB,FL,ASO,ES,Combined TRACON& Tower with Radar,14,3,125,0,142,0,0,403,0,403,14,3,528,0,545,320,0,320,865
08/17/2010,DAB,FL,ASO,ES,Combined TRACON& Tower with Radar,11,4,124,0,139,0,0,405,0,405,11,4,529,0,544,184,0,184,728
08/18/2010,DAB,FL,ASO,ES,Combined TRACON& Tower with Radar,13,6,98,2,119,0,0,334,2,336,13,6,432,4,455,231,0,231,686
08/19/2010,DAB,FL,ASO,ES,Combined TRACON& Tower with Radar,12,5,89,11,117,0,0,386,0,386,12,5,475,11,503,269,0,269,772
08/20/2010,DAB,FL,ASO,ES,Combined TRACON& Tower with Radar,11,5,94,1,111,0,1,347,4,352,11,6,441,5,463,144,0,144,607
08/21/2010,DAB,FL,ASO,ES,Combined TRACON& Tower with Radar,15,3,71,0,89,0,1,218,1,220,15,4,289,1,309,172,0,172,481
08/22/2010,DAB,FL,ASO,ES,Combined TRACON& Tower with Radar,16,0,50,0,66,0,0,94,3,97,16,0,144,3,163,52,0,52,215
08/23/2010,DAB,FL,ASO,ES,Combined TRACON& Tower with Radar,12,6,132,0,150,0,1,162,2,165,12,7,294,2,315,54,0,54,369
08/24/2010,DAB,FL,ASO,ES,Combined TRACON& Tower with Radar,12,4,118,0,134,0,0,206,2,208,12,4,324,2,342,82,0,82,424
08/25/2010,DAB,FL,ASO,ES,Combined TRACON& Tower with Radar,12,10,98,2,122,0,0,164,0,164,12,10,262,2,286,165,0,165,451
08/26/2010,DAB,FL,ASO,ES,Combined TRACON& Tower with Radar,12,11,117,2,142,0,0,375,0,375,12,11,492,2,517,214,0,214,731
08/27/2010,DAB,FL,ASO,ES,Combined TRACON& Tower with Radar,11,6,114,2,133,0,2,370,0,372,11,8,484,2,505,251,0,251,756
08/28/2010,DAB,FL,ASO,ES,Combined TRACON& Tower with Radar,17,2,96,0,115,0,0,240,0,240,17,2,336,0,355,98,0,98,453
08/29/2010,DAB,FL,ASO,ES,Combined TRACON& Tower with Radar,14,6,50,1,71,0,0,32,0,32,14,6,82,1,103,12,0,12,115
08/30/2010,DAB,FL,ASO,ES,Combined TRACON& Tower with Radar,12,10,105,1,128,0,0,420,0,420,12,10,525,1,548,76,0,76,624
08/31/2010,DAB,FL,ASO,ES,Combined TRACON& Tower with Radar,14,4,140,4,162,0,0,450,0,450,14,4,590,4,612,42,0,42,654
09/01/2010,DAB,FL,ASO,ES,Combined TRACON& Tower with Radar,12,6,97,1,116,0,0,331,4,335,12,6,428,5,451,26,0,26,477
09/02/2010,DAB,FL,ASO,ES,Combined TRACON& Tower with Radar,14,7,100,1,122,0,2,417,0,419,14,9,517,1,541,117,0,117,658
09/03/2010,DAB,FL,ASO,ES,Combined TRACON& Tower with Radar,12,5,97,5,119,0,4,515,6,525,12,9,612,11,644,274,0,274,918
09/04/2010,DAB,FL,ASO,ES,Combined TRACON& Tower with Radar,18,3,79,0,100,0,0,395,0,395,18,3,474,0,495,215,0,215,710
09/05/2010,DAB,FL,ASO,ES,Combined TRACON& Tower with Radar,14,3,36,0,53,0,0,96,0,96,14,3,132,0,149,162,0,162,311
09/06/2010,DAB,FL,ASO,ES,Combined TRACON& Tower with Radar,14,4,60,0,78,0,0,182,2,184,14,4,242,2,262,150,0,150,412
09/07/2010,DAB,FL,ASO,ES,Combined TRACON& Tower with Radar,12,5,157,2,176,0,0,359,0,359,12,5,516,2,535,68,0,68,603
09/08/2010,DAB,FL,ASO,ES,Combined TRACON& Tower with Radar,12,5,101,0,118,0,0,360,0,360,12,5,461,0,478,163,0,163,641
09/09/2010,DAB,FL,ASO,ES,Combined TRACON& Tower with Radar,12,3,134,0,149,0,0,407,0,407,12,3,541,0,556,343,0,343,899
09/10/2010,DAB,FL,ASO,ES,Combined TRACON& Tower with Radar,12,2,104,1,119,0,0,524,1,525,12,2,628,2,644,291,0,291,935
09/11/2010,DAB,FL,ASO,ES,Combined TRACON& Tower with Radar,12,0,76,1,89,0,0,478,1,479,12,0,554,2,568,188,0,188,756
09/12/2010,DAB,FL,ASO,ES,Combined TRACON& Tower with Radar,12,2,16,0,30,0,0,135,1,136,12,2,151,1,166,104,0,104,270
09/13/2010,DAB,FL,ASO,ES,Combined TRACON& Tower with Radar,12,4,157,0,173,0,0,439,5,444,12,4,596,5,617,237,0,237,854
09/14/2010,DAB,FL,ASO,ES,Combined TRACON& Tower with Radar,11,2,111,0,124,0,0,565,0,565,11,2,676,0,689,266,0,266,955
09/15/2010,DAB,FL,ASO,ES,Combined TRACON& Tower with Radar,13,2,134,0,149,0,0,592,0,592,13,2,726,0,741,176,0,176,917
09/16/2010,DAB,FL,ASO,ES,Combined TRACON& Tower with Radar,12,2,109,0,123,0,0,562,0,562,12,2,671,0,685,212,0,212,897
09/17/2010,DAB,FL,ASO,ES,Combined TRACON& Tower with Radar,12,2,124,3,141,0,6,578,1,585,12,8,702,4,726,202,0,202,928
09/18/2010,DAB,FL,ASO,ES,Combined TRACON& Tower with Radar,12,0,101,0,113,0,0,493,0,493,12,0,594,0,606,269,0,269,875
09/19/2010,DAB,FL,ASO,ES,Combined TRACON& Tower with Radar,12,2,46,2,62,0,1,85,0,86,12,3,131,2,148,36,0,36,184
09/20/2010,DAB,FL,ASO,ES,Combined TRACON& Tower with Radar,12,4,96,2,114,0,3,542,0,545,12,7,638,2,659,162,0,162,821
09/21/2010,DAB,FL,ASO,ES,Combined TRACON& Tower with Radar,12,12,97,0,121,0,1,477,6,484,12,13,574,6,605,184,0,184,789
09/22/2010,DAB,FL,ASO,ES,Combined TRACON& Tower with Radar,12,8,116,0,136,0,1,554,3,558,12,9,670,3,694,266,0,266,960
09/23/2010,DAB,FL,ASO,ES,Combined TRACON& Tower with Radar,12,2,152,10,176,0,0,315,0,315,12,2,467,10,491,256,0,256,747
09/24/2010,DAB,FL,ASO,ES,Combined TRACON& Tower with Radar,12,4,179,5,200,0,0,230,2,232,12,4,409,7,432,194,0,194,626
09/25/2010,DAB,FL,ASO,ES,Combined TRACON& Tower with Radar,16,0,101,2,119,0,0,511,1,512,16,0,612,3,631,247,0,247,878
09/26/2010,DAB,FL,ASO,ES,Combined TRACON& Tower with Radar,12,2,61,3,78,0,0,119,2,121,12,2,180,5,199,64,0,64,263
09/27/2010,DAB,FL,ASO,ES,Combined TRACON& Tower with Radar,11,2,61,0,74,0,0,412,2,414,11,2,473,2,488,62,0,62,550
09/28/2010,DAB,FL,ASO,ES,Combined TRACON& Tower with Radar,13,2,76,0,91,0,0,69,0,69,13,2,145,0,160,100,0,100,260
09/29/2010,DAB,FL,ASO,ES,Combined TRACON& Tower with Radar,12,3,150,0,165,0,0,345,0,345,12,3,495,0,510,196,0,196,706
09/30/2010,DAB,FL,ASO,ES,Combined TRACON& Tower with Radar,12,4,188,0,204,0,0,320,2,322,12,4,508,2,526,184,0,184,710
10/01/2010,DAB,FL,ASO,ES,Combined TRACON& Tower with Radar,14,2,113,0,129,0,0,664,2,666,14,2,777,2,795,265,0,265,1060
10/02/2010,DAB,FL,ASO,ES,Combined TRACON& Tower with Radar,11,1,132,0,144,0,0,461,0,461,11,1,593,0,605,134,0,134,739
10/03/2010,DAB,FL,ASO,ES,Combined TRACON& Tower with Radar,13,6,63,0,82,0,1,112,0,113,13,7,175,0,195,12,0,12,207
10/04/2010,DAB,FL,ASO,ES,Combined TRACON& Tower with Radar,12,2,116,0,130,0,0,564,0,564,12,2,680,0,694,110,0,110,804
10/05/2010,DAB,FL,ASO,ES,Combined TRACON& Tower with Radar,11,2,84,5,102,0,0,395,0,395,11,2,479,5,497,43,12,55,552
10/06/2010,DAB,FL,ASO,ES,Combined TRACON& Tower with Radar,15,3,114,2,134,0,0,449,1,450,15,3,563,3,584,10,0,10,594
10/07/2010,DAB,FL,ASO,ES,Combined TRACON& Tower with Radar,12,2,133,0,147,0,0,708,7,715,12,2,841,7,862,300,0,300,1162
10/08/2010,DAB,FL,ASO,ES,Combined TRACON& Tower with Radar,13,4,85,1,103,0,1,510,15,526,13,5,595,16,629,200,0,200,829
10/09/2010,DAB,FL,ASO,ES,Combined TRACON& Tower with Radar,19,4,40,1,64,0,0,209,18,227,19,4,249,19,291,102,0,102,393
10/10/2010,DAB,FL,ASO,ES,Combined TRACON& Tower with Radar,12,4,48,2,66,0,2,112,22,136,12,6,160,24,202,33,0,33,235
10/11/2010,DAB,FL,ASO,ES,Combined TRACON& Tower with Radar,12,4,108,1,125,0,0,674,0,674,12,4,782,1,799,307,0,307,1106
10/12/2010,DAB,FL,ASO,ES,Combined TRACON& Tower with Radar,12,2,109,5,128,0,0,776,1,777,12,2,885,6,905,484,0,484,1389
10/13/2010,DAB,FL,ASO,ES,Combined TRACON& Tower with Radar,11,6,88,0,105,0,0,642,3,645,11,6,730,3,750,214,0,214,964
10/14/2010,DAB,FL,ASO,ES,Combined TRACON& Tower with Radar,13,2,104,3,122,0,0,600,3,603,13,2,704,6,725,284,0,284,1009
10/15/2010,DAB,FL,ASO,ES,Combined TRACON& Tower with Radar,14,4,104,2,124,0,0,679,2,681,14,4,783,4,805,340,0,340,1145
10/16/2010,DAB,FL,ASO,ES,Combined TRACON& Tower with Radar,12,4,74,0,90,0,0,482,0,482,12,4,556,0,572,226,0,226,798
10/17/2010,DAB,FL,ASO,ES,Combined TRACON& Tower with Radar,12,6,55,2,75,0,0,166,1,167,12,6,221,3,242,186,0,186,428
10/18/2010,DAB,FL,ASO,ES,Combined TRACON& Tower with Radar,12,2,105,0,119,0,0,599,0,599,12,2,704,0,718,449,0,449,1167
10/19/2010,DAB,FL,ASO,ES,Combined TRACON& Tower with Radar,12,3,125,3,143,0,0,671,1,672,12,3,796,4,815,334,0,334,1149
10/20/2010,DAB,FL,ASO,ES,Combined TRACON& Tower with Radar,12,3,128,0,143,0,0,608,0,608,12,3,736,0,751,288,0,288,1039
10/21/2010,DAB,FL,ASO,ES,Combined TRACON& Tower with Radar,12,6,158,0,176,0,0,488,0,488,12,6,646,0,664,254,0,254,918
10/22/2010,DAB,FL,ASO,ES,Combined TRACON& Tower with Radar,12,3,126,0,141,0,0,522,0,522,12,3,648,0,663,240,0,240,903
10/23/2010,DAB,FL,ASO,ES,Combined TRACON& Tower with Radar,12,5,54,1,72,0,0,363,1,364,12,5,417,2,436,128,0,128,564
10/24/2010,DAB,FL,ASO,ES,Combined TRACON& Tower with Radar,11,4,44,0,59,0,0,131,2,133,11,4,175,2,192,94,0,94,286
10/25/2010,DAB,FL,ASO,ES,Combined TRACON& Tower with Radar,13,2,106,0,121,0,0,288,0,288,13,2,394,0,409,60,0,60,469
10/26/2010,DAB,FL,ASO,ES,Combined TRACON& Tower with Radar,12,3,93,0,108,0,0,433,4,437,12,3,526,4,545,16,0,16,561
10/27/2010,DAB,FL,ASO,ES,Combined TRACON& Tower with Radar,8,6,154,0,168,0,0,440,1,441,8,6,594,1,609,24,0,24,633
10/28/2010,DAB,FL,ASO,ES,Combined TRACON& Tower with Radar,11,2,93,1,107,0,0,494,3,497,11,2,587,4,604,414,0,414,1018
10/29/2010,DAB,FL,ASO,ES,Combined TRACON& Tower with Radar,13,4,132,2,151,0,0,528,2,530,13,4,660,4,681,84,0,84,765
10/30/2010,DAB,FL,ASO,ES,Combined TRACON& Tower with Radar,12,2,71,0,85,0,0,581,0,581,12,2,652,0,666,314,0,314,980
10/31/2010,DAB,FL,ASO,ES,Combined TRACON& Tower with Radar,12,2,38,1,53,0,0,214,0,214,12,2,252,1,267,194,0,194,461
11/01/2010,DAB,FL,ASO,ES,Combined TRACON& Tower with Radar,12,2,143,0,157,0,0,678,2,680,12,2,821,2,837,394,0,394,1231
11/02/2010,DAB,FL,ASO,ES,Combined TRACON& Tower with Radar,12,4,190,1,207,0,0,388,0,388,12,4,578,1,595,249,0,249,844
11/03/2010,DAB,FL,ASO,ES,Combined TRACON& Tower with Radar,12,5,135,4,156,0,0,686,0,686,12,5,821,4,842,391,0,391,1233
11/04/2010,DAB,FL,ASO,ES,Combined TRACON& Tower with Radar,14,2,106,0,122,0,0,155,1,156,14,2,261,1,278,134,0,134,412
11/05/2010,DAB,FL,ASO,ES,Combined TRACON& Tower with Radar,13,6,83,6,108,0,0,417,0,417,13,6,500,6,525,22,0,22,547
11/06/2010,DAB,FL,ASO,ES,Combined TRACON& Tower with Radar,17,7,82,0,106,0,0,497,0,497,17,7,579,0,603,58,0,58,661
11/07/2010,DAB,FL,ASO,ES,Combined TRACON& Tower with Radar,12,6,29,0,47,0,0,79,0,79,12,6,108,0,126,4,0,4,130
11/08/2010,DAB,FL,ASO,ES,Combined TRACON& Tower with Radar,10,4,104,4,122,0,0,722,4,726,10,4,826,8,848,232,0,232,1080
11/09/2010,DAB,FL,ASO,ES,Combined TRACON& Tower with Radar,12,6,112,0,130,0,0,779,2,781,12,6,891,2,911,370,0,370,1281
11/10/2010,DAB,FL,ASO,ES,Combined TRACON& Tower with Radar,12,3,133,1,149,0,2,676,3,681,12,5,809,4,830,314,0,314,1144
11/11/2010,DAB,FL,ASO,ES,Combined TRACON& Tower with Radar,12,3,118,0,133,0,6,612,4,622,12,9,730,4,755,172,0,172,927
11/12/2010,DAB,FL,ASO,ES,Combined TRACON& Tower with Radar,11,3,125,3,142,0,1,429,3,433,11,4,554,6,575,96,0,96,671
11/13/2010,DAB,FL,ASO,ES,Combined TRACON& Tower with Radar,13,4,82,0,99,0,1,428,0,429,13,5,510,0,528,36,0,36,564
11/14/2010,DAB,FL,ASO,ES,Combined TRACON& Tower with Radar,13,2,38,0,53,0,0,148,2,150,13,2,186,2,203,13,0,13,216
11/15/2010,DAB,FL,ASO,ES,Combined TRACON& Tower with Radar,11,5,71,1,88,0,1,702,2,705,11,6,773,3,793,226,0,226,1019
11/16/2010,DAB,FL,ASO,ES,Combined TRACON& Tower with Radar,12,2,97,1,112,0,0,545,1,546,12,2,642,2,658,164,0,164,822
11/17/2010,DAB,FL,ASO,ES,Combined TRACON& Tower with Radar,14,2,77,0,93,0,0,476,0,476,14,2,553,0,569,232,0,232,801
11/18/2010,DAB,FL,ASO,ES,Combined TRACON& Tower with Radar,12,3,70,0,85,0,2,728,1,731,12,5,798,1,816,294,0,294,1110
11/19/2010,DAB,FL,ASO,ES,Combined TRACON& Tower with Radar,12,3,77,2,94,0,0,722,3,725,12,3,799,5,819,354,0,354,1173
11/20/2010,DAB,FL,ASO,ES,Combined TRACON& Tower with Radar,14,4,62,0,80,0,1,559,0,560,14,5,621,0,640,211,0,211,851
11/21/2010,DAB,FL,ASO,ES,Combined TRACON& Tower with Radar,12,4,42,0,58,0,2,184,0,186,12,6,226,0,244,78,0,78,322
11/22/2010,DAB,FL,ASO,ES,Combined TRACON& Tower with Radar,12,4,84,2,102,0,0,478,1,479,12,4,562,3,581,99,0,99,680
11/23/2010,DAB,FL,ASO,ES,Combined TRACON& Tower with Radar,12,2,75,1,90,0,0,564,1,565,12,2,639,2,655,380,0,380,1035
11/24/2010,DAB,FL,ASO,ES,Combined TRACON& Tower with Radar,12,3,47,0,62,0,0,465,0,465,12,3,512,0,527,299,0,299,826
11/25/2010,DAB,FL,ASO,ES,Combined TRACON& Tower with Radar,7,4,7,0,18,0,0,27,0,27,7,4,34,0,45,28,0,28,73
11/26/2010,DAB,FL,ASO,ES,Combined TRACON& Tower with Radar,12,3,25,1,41,0,0,195,1,196,12,3,220,2,237,63,0,63,300
11/27/2010,DAB,FL,ASO,ES,Combined TRACON& Tower with Radar,12,9,74,1,96,0,0,253,1,254,12,9,327,2,350,40,0,40,390
11/28/2010,DAB,FL,ASO,ES,Combined TRACON& Tower with Radar,12,2,38,0,52,0,0,193,0,193,12,2,231,0,245,130,0,130,375
11/29/2010,DAB,FL,ASO,ES,Combined TRACON& Tower with Radar,9,2,73,0,84,0,0,269,1,270,9,2,342,1,354,265,0,265,619
11/30/2010,DAB,FL,ASO,ES,Combined TRACON& Tower with Radar,12,5,111,3,131,0,1,389,1,391,12,6,500,4,522,22,0,22,544
12/01/2010,DAB,FL,ASO,ES,Combined TRACON& Tower with Radar,11,4,71,0,86,0,0,362,2,364,11,4,433,2,450,12,0,12,462
12/02/2010,DAB,FL,ASO,ES,Combined TRACON& Tower with Radar,10,9,73,2,94,0,0,583,0,583,10,9,656,2,677,46,0,46,723
12/03/2010,DAB,FL,ASO,ES,Combined TRACON& Tower with Radar,14,3,76,0,93,0,0,673,0,673,14,3,749,0,766,84,0,84,850
12/04/2010,DAB,FL,ASO,ES,Combined TRACON& Tower with Radar,16,2,60,0,78,0,1,585,0,586,16,3,645,0,664,184,0,184,848
12/05/2010,DAB,FL,ASO,ES,Combined TRACON& Tower with Radar,10,5,30,3,48,0,0,115,0,115,10,5,145,3,163,56,0,56,219
12/06/2010,DAB,FL,ASO,ES,Combined TRACON& Tower with Radar,10,5,70,0,85,0,0,584,0,584,10,5,654,0,669,72,0,72,741
12/07/2010,DAB,FL,ASO,ES,Combined TRACON& Tower with Radar,10,5,69,0,84,0,0,521,1,522,10,5,590,1,606,30,0,30,636
12/08/2010,DAB,FL,ASO,ES,Combined TRACON& Tower with Radar,10,6,62,0,78,0,1,627,0,628,10,7,689,0,706,283,0,283,989
12/09/2010,DAB,FL,ASO,ES,Combined TRACON& Tower with Radar,10,4,90,0,104,0,2,527,0,529,10,6,617,0,633,10,0,10,643
12/10/2010,DAB,FL,ASO,ES,Combined TRACON& Tower with Radar,8,2,127,0,137,0,0,1,0,1,8,2,128,0,138,0,0,0,138
12/11/2010,DAB,FL,ASO,ES,Combined TRACON& Tower with Radar,14,4,52,0,70,0,0,316,0,316,14,4,368,0,386,141,0,141,527
12/12/2010,DAB,FL,ASO,ES,Combined TRACON& Tower with Radar,8,4,14,0,26,0,0,29,0,29,8,4,43,0,55,4,0,4,59
12/13/2010,DAB,FL,ASO,ES,Combined TRACON& Tower with Radar,13,5,44,1,63,0,0,222,1,223,13,5,266,2,286,48,0,48,334
12/14/2010,DAB,FL,ASO,ES,Combined TRACON& Tower with Radar,10,6,73,2,91,0,0,536,0,536,10,6,609,2,627,10,0,10,637
12/15/2010,DAB,FL,ASO,ES,Combined TRACON& Tower with Radar,9,5,78,2,94,0,2,699,1,702,9,7,777,3,796,239,0,239,1035
12/16/2010,DAB,FL,ASO,ES,Combined TRACON& Tower with Radar,12,5,66,4,87,0,0,526,0,526,12,5,592,4,613,231,0,231,844
12/17/2010,DAB,FL,ASO,ES,Combined TRACON& Tower with Radar,15,2,50,0,67,0,1,539,0,540,15,3,589,0,607,366,0,366,973
12/18/2010,DAB,FL,ASO,ES,Combined TRACON& Tower with Radar,12,2,44,1,59,0,0,188,0,188,12,2,232,1,247,111,0,111,358
12/19/2010,DAB,FL,ASO,ES,Combined TRACON& Tower with Radar,13,1,36,0,50,0,0,5,0,5,13,1,41,0,55,0,0,0,55
12/20/2010,DAB,FL,ASO,ES,Combined TRACON& Tower with Radar,14,3,59,2,78,0,0,343,3,346,14,3,402,5,424,80,0,80,504
12/21/2010,DAB,FL,ASO,ES,Combined TRACON& Tower with Radar,12,0,39,2,53,0,0,463,0,463,12,0,502,2,516,336,0,336,852
12/22/2010,DAB,FL,ASO,ES,Combined TRACON& Tower with Radar,16,0,34,3,53,0,0,248,3,251,16,0,282,6,304,82,0,82,386
12/23/2010,DAB,FL,ASO,ES,Combined TRACON& Tower with Radar,13,0,43,0,56,0,0,120,0,120,13,0,163,0,176,0,0,0,176
12/24/2010,DAB,FL,ASO,ES,Combined TRACON& Tower with Radar,13,0,11,0,24,0,0,82,0,82,13,0,93,0,106,74,0,74,180
12/25/2010,DAB,FL,ASO,ES,Combined TRACON& Tower with Radar,4,4,1,0,9,0,0,21,2,23,4,4,22,2,32,20,0,20,52
12/26/2010,DAB,FL,ASO,ES,Combined TRACON& Tower with Radar,11,3,30,0,44,0,1,7,0,8,11,4,37,0,52,0,0,0,52
12/27/2010,DAB,FL,ASO,ES,Combined TRACON& Tower with Radar,14,2,50,0,66,0,0,115,2,117,14,2,165,2,183,40,0,40,223
12/28/2010,DAB,FL,ASO,ES,Combined TRACON& Tower with Radar,15,4,33,1,53,0,0,120,3,123,15,4,153,4,176,26,0,26,202
12/29/2010,DAB,FL,ASO,ES,Combined TRACON& Tower with Radar,14,4,45,0,63,0,0,134,0,134,14,4,179,0,197,32,0,32,229
12/30/2010,DAB,FL,ASO,ES,Combined TRACON& Tower with Radar,14,3,52,0,69,0,0,143,0,143,14,3,195,0,212,42,0,42,254
12/31/2010,DAB,FL,ASO,ES,Combined TRACON& Tower with Radar,12,0,23,0,35,0,0,89,0,89,12,0,112,0,124,12,0,12,136
01/01/2011,DAB,FL,ASO,ES,Combined TRACON& Tower with Radar,12,0,22,0,34,0,0,28,0,28,12,0,50,0,62,18,0,18,80
01/02/2011,DAB,FL,ASO,ES,Combined TRACON& Tower with Radar,14,2,46,0,62,0,0,32,0,32,14,2,78,0,94,0,0,0,94
01/03/2011,DAB,FL,ASO,ES,Combined TRACON& Tower with Radar,14,0,70,0,84,0,0,183,0,183,14,0,253,0,267,16,0,16,283
01/04/2011,DAB,FL,ASO,ES,Combined TRACON& Tower with Radar,12,2,62,1,77,0,0,331,1,332,12,2,393,2,409,181,0,181,590
01/05/2011,DAB,FL,ASO,ES,Combined TRACON& Tower with Radar,11,2,61,0,74,0,1,299,0,300,11,3,360,0,374,204,0,204,578
01/06/2011,DAB,FL,ASO,ES,Combined TRACON& Tower with Radar,13,5,51,0,69,0,0,200,2,202,13,5,251,2,271,88,0,88,359
01/07/2011,DAB,FL,ASO,ES,Combined TRACON& Tower with Radar,12,4,57,0,73,0,0,350,0,350,12,4,407,0,423,170,0,170,593
01/08/2011,DAB,FL,ASO,ES,Combined TRACON& Tower with Radar,12,3,44,0,59,0,0,225,0,225,12,3,269,0,284,51,0,51,335
01/09/2011,DAB,FL,ASO,ES,Combined TRACON& Tower with Radar,8,7,25,0,40,0,0,44,0,44,8,7,69,0,84,46,0,46,130
01/10/2011,DAB,FL,ASO,ES,Combined TRACON& Tower with Radar,3,2,40,0,45,0,0,217,0,217,3,2,257,0,262,109,0,109,371
01/11/2011,DAB,FL,ASO,ES,Combined TRACON& Tower with Radar,1,1,71,2,75,0,0,236,0,236,1,1,307,2,311,43,0,43,354
01/12/2011,DAB,FL,ASO,ES,Combined TRACON& Tower with Radar,8,4,47,0,59,7,0,360,0,367,15,4,407,0,426,42,0,42,468
01/13/2011,DAB,FL,ASO,ES,Combined TRACON& Tower with Radar,12,2,69,0,83,0,0,431,0,431,12,2,500,0,514,10,0,10,524
01/14/2011,DAB,FL,ASO,ES,Combined TRACON& Tower with Radar,11,2,54,0,67,0,0,533,0,533,11,2,587,0,600,136,0,136,736
01/15/2011,DAB,FL,ASO,ES,Combined TRACON& Tower with Radar,13,4,53,3,73,0,0,581,3,584,13,4,634,6,657,285,0,285,942
01/16/2011,DAB,FL,ASO,ES,Combined TRACON& Tower with Radar,12,3,14,0,29,0,0,103,0,103,12,3,117,0,132,36,0,36,168
01/17/2011,DAB,FL,ASO,ES,Combined TRACON& Tower with Radar,14,3,42,0,59,0,0,20,0,20,14,3,62,0,79,37,0,37,116
01/18/2011,DAB,FL,ASO,ES,Combined TRACON& Tower with Radar,10,4,110,0,124,0,0,290,0,290,10,4,400,0,414,242,0,242,656
01/19/2011,DAB,FL,ASO,ES,Combined TRACON& Tower with Radar,16,7,96,0,119,0,0,442,0,442,16,7,538,0,561,146,0,146,707
01/20/2011,DAB,FL,ASO,ES,Combined TRACON& Tower with Radar,12,6,92,0,110,0,0,685,4,689,12,6,777,4,799,458,0,458,1257
01/21/2011,DAB,FL,ASO,ES,Combined TRACON& Tower with Radar,13,5,87,0,105,0,0,32,1,33,13,5,119,1,138,2,0,2,140
01/22/2011,DAB,FL,ASO,ES,Combined TRACON& Tower with Radar,14,6,85,1,106,0,1,260,1,262,14,7,345,2,368,57,0,57,425
01/23/2011,DAB,FL,ASO,ES,Combined TRACON& Tower with Radar,12,8,36,0,56,0,0,206,2,208,12,8,242,2,264,36,0,36,300
01/24/2011,DAB,FL,ASO,ES,Combined TRACON& Tower with Radar,12,2,85,2,101,0,1,801,0,802,12,3,886,2,903,220,0,220,1123
01/25/2011,DAB,FL,ASO,ES,Combined TRACON& Tower with Radar,11,4,36,15,66,0,0,201,0,201,11,4,237,15,267,12,0,12,279
01/26/2011,DAB,FL,ASO,ES,Combined TRACON& Tower with Radar,13,12,81,0,106,0,0,295,0,295,13,12,376,0,401,74,0,74,475
01/27/2011,DAB,FL,ASO,ES,Combined TRACON& Tower with Radar,12,6,89,0,107,0,0,828,2,830,12,6,917,2,937,469,0,469,1406
01/28/2011,DAB,FL,ASO,ES,Combined TRACON& Tower with Radar,12,8,97,2,119,0,1,753,2,756,12,9,850,4,875,374,0,374,1249
01/29/2011,DAB,FL,ASO,ES,Combined TRACON& Tower with Radar,12,5,59,0,76,0,0,594,3,597,12,5,653,3,673,252,0,252,925
01/30/2011,DAB,FL,ASO,ES,Combined TRACON& Tower with Radar,12,19,43,2,76,0,0,123,2,125,12,19,166,4,201,51,0,51,252
01/31/2011,DAB,FL,ASO,ES,Combined TRACON& Tower with Radar,12,4,69,0,85,0,0,645,0,645,12,4,714,0,730,443,0,443,1173
02/01/2011,DAB,FL,ASO,ES,Combined TRACON& Tower with Radar,12,3,90,0,105,0,4,521,3,528,12,7,611,3,633,46,0,46,679
02/02/2011,DAB,FL,ASO,ES,Combined TRACON& Tower with Radar,12,3,84,0,99,0,0,417,0,417,12,3,501,0,516,287,0,287,803
02/03/2011,DAB,FL,ASO,ES,Combined TRACON& Tower with Radar,12,6,134,2,154,0,0,119,0,119,12,6,253,2,273,6,0,6,279
02/04/2011,DAB,FL,ASO,ES,Combined TRACON& Tower with Radar,6,4,87,3,100,0,0,112,0,112,6,4,199,3,212,123,0,123,335
02/05/2011,DAB,FL,ASO,ES,Combined TRACON& Tower with Radar,11,2,78,4,95,0,0,98,0,98,11,2,176,4,193,2,0,2,195
02/06/2011,DAB,FL,ASO,ES,Combined TRACON& Tower with Radar,13,2,29,0,44,0,0,122,0,122,13,2,151,0,166,38,0,38,204
02/07/2011,DAB,FL,ASO,ES,Combined TRACON& Tower with Radar,14,5,33,1,53,0,0,8,0,8,14,5,41,1,61,0,0,0,61
02/08/2011,DAB,FL,ASO,ES,Combined TRACON& Tower with Radar,12,3,132,0,147,0,0,643,2,645,12,3,775,2,792,330,0,330,1122
02/09/2011,DAB,FL,ASO,ES,Combined TRACON& Tower with Radar,13,3,98,6,120,0,0,951,0,951,13,3,1049,6,1071,396,0,396,1467
02/10/2011,DAB,FL,ASO,ES,Combined TRACON& Tower with Radar,14,8,131,0,153,0,0,43,0,43,14,8,174,0,196,20,0,20,216
02/11/2011,DAB,FL,ASO,ES,Combined TRACON& Tower with Radar,12,4,133,4,153,0,0,312,0,312,12,4,445,4,465,10,0,10,475
02/12/2011,DAB,FL,ASO,ES,Combined TRACON& Tower with Radar,12,11,100,4,127,0,0,612,1,613,12,11,712,5,740,172,0,172,912
02/13/2011,DAB,FL,ASO,ES,Combined TRACON& Tower with Radar,12,8,64,3,87,0,0,286,2,288,12,8,350,5,375,78,0,78,453
02/14/2011,DAB,FL,ASO,ES,Combined TRACON& Tower with Radar,14,6,65,5,90,0,0,688,4,692,14,6,753,9,782,275,0,275,1057
02/15/2011,DAB,FL,ASO,ES,Combined TRACON& Tower with Radar,13,8,106,3,130,0,0,816,3,819,13,8,922,6,949,519,0,519,1468
02/16/2011,DAB,FL,ASO,ES,Combined TRACON& Tower with Radar,12,10,176,3,201,0,0,334,0,334,12,10,510,3,535,182,0,182,717
02/17/2011,DAB,FL,ASO,ES,Combined TRACON& Tower with Radar,17,20,154,8,199,0,6,489,15,510,17,26,643,23,709,388,0,388,1097
02/18/2011,DAB,FL,ASO,ES,Combined TRACON& Tower with Radar,23,20,148,3,194,0,2,611,4,617,23,22,759,7,811,306,0,306,1117
02/19/2011,DAB,FL,ASO,ES,Combined TRACON& Tower with Radar,17,22,127,3,169,0,6,473,4,483,17,28,600,7,652,180,0,180,832
02/20/2011,DAB,FL,ASO,ES,Combined TRACON& Tower with Radar,23,47,289,3,362,0,22,145,2,169,23,69,434,5,531,6,0,6,537
02/21/2011,DAB,FL,ASO,ES,Combined TRACON& Tower with Radar,24,12,103,9,148,0,0,477,0,477,24,12,580,9,625,192,0,192,817
02/22/2011,DAB,FL,ASO,ES,Combined TRACON& Tower with Radar,13,9,58,0,80,0,0,625,0,625,13,9,683,0,705,371,0,371,1076
02/23/2011,DAB,FL,ASO,ES,Combined TRACON& Tower with Radar,11,4,117,2,134,0,0,241,0,241,11,4,358,2,375,122,0,122,497
02/24/2011,DAB,FL,ASO,ES,Combined TRACON& Tower with Radar,13,5,91,3,112,0,1,529,0,530,13,6,620,3,642,36,0,36,678
02/25/2011,DAB,FL,ASO,ES,Combined TRACON& Tower with Radar,14,3,81,2,100,0,0,633,1,634,14,3,714,3,734,236,0,236,970
02/26/2011,DAB,FL,ASO,ES,Combined TRACON& Tower with Radar,12,9,100,1,122,0,2,559,2,563,12,11,659,3,685,240,0,240,925
02/27/2011,DAB,FL,ASO,ES,Combined TRACON& Tower with Radar,14,4,36,0,54,0,0,239,2,241,14,4,275,2,295,136,0,136,431
02/28/2011,DAB,FL,ASO,ES,Combined TRACON& Tower with Radar,13,3,63,0,79,0,0,524,0,524,13,3,587,0,603,160,0,160,763
03/01/2011,DAB,FL,ASO,ES,Combined TRACON& Tower with Radar,15,2,109,0,126,0,0,168,2,170,15,2,277,2,296,30,0,30,326
03/02/2011,DAB,FL,ASO,ES,Combined TRACON& Tower with Radar,15,2,118,3,138,0,0,354,5,359,15,2,472,8,497,94,0,94,591
03/03/2011,DAB,FL,ASO,ES,Combined TRACON& Tower with Radar,15,7,95,2,119,0,0,707,0,707,15,7,802,2,826,314,0,314,1140
03/04/2011,DAB,FL,ASO,ES,Combined TRACON& Tower with Radar,14,6,121,1,142,0,0,470,3,473,14,6,591,4,615,166,0,166,781
03/05/2011,DAB,FL,ASO,ES,Combined TRACON& Tower with Radar,16,3,71,0,90,0,2,436,0,438,16,5,507,0,528,88,0,88,616
03/06/2011,DAB,FL,ASO,ES,Combined TRACON& Tower with Radar,14,2,34,2,52,0,0,53,0,53,14,2,87,2,105,42,0,42,147
03/07/2011,DAB,FL,ASO,ES,Combined TRACON& Tower with Radar,14,2,91,2,109,0,0,667,5,672,14,2,758,7,781,313,0,313,1094
03/08/2011,DAB,FL,ASO,ES,Combined TRACON& Tower with Radar,14,2,78,2,96,0,0,748,0,748,14,2,826,2,844,395,0,395,1239
03/09/2011,DAB,FL,ASO,ES,Combined TRACON& Tower with Radar,14,4,79,0,97,0,0,345,4,349,14,4,424,4,446,16,0,16,462
03/10/2011,DAB,FL,ASO,ES,Combined TRACON& Tower with Radar,14,6,93,0,113,0,0,290,2,292,14,6,383,2,405,224,0,224,629
03/11/2011,DAB,FL,ASO,ES,Combined TRACON& Tower with Radar,14,3,91,1,109,0,0,733,0,733,14,3,824,1,842,351,0,351,1193
03/12/2011,DAB,FL,ASO,ES,Combined TRACON& Tower with Radar,16,10,77,4,107,0,0,663,3,666,16,10,740,7,773,268,0,268,1041
03/13/2011,DAB,FL,ASO,ES,Combined TRACON& Tower with Radar,14,2,44,0,60,0,0,282,3,285,14,2,326,3,345,68,0,68,413
03/14/2011,DAB,FL,ASO,ES,Combined TRACON& Tower with Radar,14,7,69,5,95,0,0,696,0,696,14,7,765,5,791,311,0,311,1102
03/15/2011,DAB,FL,ASO,ES,Combined TRACON& Tower with Radar,14,2,69,0,85,0,0,663,0,663,14,2,732,0,748,355,0,355,1103
03/16/2011,DAB,FL,ASO,ES,Combined TRACON& Tower with Radar,14,2,84,7,107,0,0,720,1,721,14,2,804,8,828,355,0,355,1183
03/17/2011,DAB,FL,ASO,ES,Combined TRACON& Tower with Radar,18,3,60,0,81,0,0,711,2,713,18,3,771,2,794,438,0,438,1232
03/18/2011,DAB,FL,ASO,ES,Combined TRACON& Tower with Radar,14,6,67,0,87,0,3,641,0,644,14,9,708,0,731,336,0,336,1067
03/19/2011,DAB,FL,ASO,ES,Combined TRACON& Tower with Radar,16,7,53,0,76,0,0,492,0,492,16,7,545,0,568,304,0,304,872
03/20/2011,DAB,FL,ASO,ES,Combined TRACON& Tower with Radar,18,6,35,0,59,0,0,97,2,99,18,6,132,2,158,46,0,46,204
03/21/2011,DAB,FL,ASO,ES,Combined TRACON& Tower with Radar,14,2,78,1,95,0,1,586,1,588,14,3,664,2,683,282,0,282,965
03/22/2011,DAB,FL,ASO,ES,Combined TRACON& Tower with Radar,14,2,67,3,86,0,0,665,0,665,14,2,732,3,751,356,0,356,1107
03/23/2011,DAB,FL,ASO,ES,Combined TRACON& Tower with Radar,14,4,60,3,81,0,0,406,1,407,14,4,466,4,488,220,0,220,708
03/24/2011,DAB,FL,ASO,ES,Combined TRACON& Tower with Radar,14,8,89,2,113,0,0,205,0,205,14,8,294,2,318,68,0,68,386
03/25/2011,DAB,FL,ASO,ES,Combined TRACON& Tower with Radar,14,6,76,1,97,0,0,522,2,524,14,6,598,3,621,236,0,236,857
03/26/2011,DAB,FL,ASO,ES,Combined TRACON& Tower with Radar,15,2,46,1,64,0,0,375,3,378,15,2,421,4,442,250,0,250,692
03/27/2011,DAB,FL,ASO,ES,Combined TRACON& Tower with Radar,14,3,47,1,65,0,0,95,0,95,14,3,142,1,160,44,0,44,204
03/28/2011,DAB,FL,ASO,ES,Combined TRACON& Tower with Radar,13,5,47,0,65,0,0,110,2,112,13,5,157,2,177,54,0,54,231
03/29/2011,DAB,FL,ASO,ES,Combined TRACON& Tower with Radar,14,6,121,0,141,0,0,0,0,0,14,6,121,0,141,0,0,0,141
03/30/2011,DAB,FL,ASO,ES,Combined TRACON& Tower with Radar,14,4,54,0,72,0,0,109,0,109,14,4,163,0,181,22,0,22,203
03/31/2011,DAB,FL,ASO,ES,Combined TRACON& Tower with Radar,14,3,38,0,55,0,0,2,0,2,14,3,40,0,57,0,0,0,57
04/01/2011,DAB,FL,ASO,ES,Combined TRACON& Tower with Radar,14,9,101,0,124,0,0,711,0,711,14,9,812,0,835,376,0,376,1211
04/02/2011,DAB,FL,ASO,ES,Combined TRACON& Tower with Radar,16,4,70,2,92,0,0,681,0,681,16,4,751,2,773,348,0,348,1121
04/03/2011,DAB,FL,ASO,ES,Combined TRACON& Tower with Radar,15,5,47,1,68,0,0,227,0,227,15,5,274,1,295,106,0,106,401
04/04/2011,DAB,FL,ASO,ES,Combined TRACON& Tower with Radar,14,7,79,2,102,0,0,562,0,562,14,7,641,2,664,50,0,50,714
04/05/2011,DAB,FL,ASO,ES,Combined TRACON& Tower with Radar,13,7,65,1,86,0,0,129,0,129,13,7,194,1,215,2,0,2,217
04/06/2011,DAB,FL,ASO,ES,Combined TRACON& Tower with Radar,13,2,96,2,113,0,1,813,3,817,13,3,909,5,930,274,0,274,1204
04/07/2011,DAB,FL,ASO,ES,Combined TRACON& Tower with Radar,17,3,96,0,116,0,0,768,0,768,17,3,864,0,884,534,0,534,1418
04/08/2011,DAB,FL,ASO,ES,Combined TRACON& Tower with Radar,14,6,81,3,104,0,0,812,2,814,14,6,893,5,918,293,0,293,1211
04/09/2011,DAB,FL,ASO,ES,Combined TRACON& Tower with Radar,18,0,77,0,95,0,0,656,0,656,18,0,733,0,751,350,0,350,1101
04/10/2011,DAB,FL,ASO,ES,Combined TRACON& Tower with Radar,13,4,42,4,63,0,1,160,1,162,13,5,202,5,225,6,0,6,231
04/11/2011,DAB,FL,ASO,ES,Combined TRACON& Tower with Radar,15,4,94,2,115,0,0,560,0,560,15,4,654,2,675,2,0,2,677
04/12/2011,DAB,FL,ASO,ES,Combined TRACON& Tower with Radar,13,4,90,0,107,0,0,191,1,192,13,4,281,1,299,30,0,30,329
04/13/2011,DAB,FL,ASO,ES,Combined TRACON& Tower with Radar,13,6,64,0,83,0,1,633,0,634,13,7,697,0,717,8,0,8,725
04/14/2011,DAB,FL,ASO,ES,Combined TRACON& Tower with Radar,14,2,76,3,95,0,0,618,0,618,14,2,694,3,713,10,0,10,723
04/15/2011,DAB,FL,ASO,ES,Combined TRACON& Tower with Radar,13,4,112,0,129,0,0,405,0,405,13,4,517,0,534,4,0,4,538
04/16/2011,DAB,FL,ASO,ES,Combined TRACON& Tower with Radar,15,7,70,0,92,0,0,214,0,214,15,7,284,0,306,58,0,58,364
04/17/2011,DAB,FL,ASO,ES,Combined TRACON& Tower with Radar,14,7,35,2,58,0,1,154,6,161,14,8,189,8,219,6,0,6,225
04/18/2011,DAB,FL,ASO,ES,Combined TRACON& Tower with Radar,12,8,65,4,89,0,1,465,2,468,12,9,530,6,557,16,0,16,573
04/19/2011,DAB,FL,ASO,ES,Combined TRACON& Tower with Radar,15,4,92,1,112,0,0,473,1,474,15,4,565,2,586,18,0,18,604
04/20/2011,DAB,FL,ASO,ES,Combined TRACON& Tower with Radar,13,3,83,2,101,0,0,508,0,508,13,3,591,2,609,8,0,8,617
04/21/2011,DAB,FL,ASO,ES,Combined TRACON& Tower with Radar,14,2,70,2,88,0,0,541,0,541,14,2,611,2,629,4,0,4,633
04/22/2011,DAB,FL,ASO,ES,Combined TRACON& Tower with Radar,14,3,85,2,104,0,1,543,1,545,14,4,628,3,649,16,0,16,665
04/23/2011,DAB,FL,ASO,ES,Combined TRACON& Tower with Radar,16,2,68,0,86,0,0,501,1,502,16,2,569,1,588,16,0,16,604
04/24/2011,DAB,FL,ASO,ES,Combined TRACON& Tower with Radar,11,5,29,0,45,0,0,83,0,83,11,5,112,0,128,0,0,0,128
04/25/2011,DAB,FL,ASO,ES,Combined TRACON& Tower with Radar,12,4,85,0,101,0,0,376,2,378,12,4,461,2,479,10,0,10,489
04/26/2011,DAB,FL,ASO,ES,Combined TRACON& Tower with Radar,14,2,96,0,112,0,0,325,3,328,14,2,421,3,440,6,0,6,446
04/27/2011,DAB,FL,ASO,ES,Combined TRACON& Tower with Radar,12,6,113,0,131,0,0,267,0,267,12,6,380,0,398,10,0,10,408
04/28/2011,DAB,FL,ASO,ES,Combined TRACON& Tower with Radar,15,3,46,0,64,0,1,278,2,281,15,4,324,2,345,8,0,8,353
04/29/2011,DAB,FL,ASO,ES,Combined TRACON& Tower with Radar,14,5,76,2,97,0,1,436,0,437,14,6,512,2,534,4,0,4,538
04/30/2011,DAB,FL,ASO,ES,Combined TRACON& Tower with Radar,15,2,53,0,70,0,0,430,0,430,15,2,483,0,500,6,0,6,506
05/01/2011,DAB,FL,ASO,ES,Combined TRACON& Tower with Radar,15,5,31,0,51,0,0,118,1,119,15,5,149,1,170,0,0,0,170
05/02/2011,DAB,FL,ASO,ES,Combined TRACON& Tower with Radar,14,4,62,1,81,0,0,514,0,514,14,4,576,1,595,30,0,30,625
05/03/2011,DAB,FL,ASO,ES,Combined TRACON& Tower with Radar,13,2,85,0,100,0,1,595,0,596,13,3,680,0,696,0,0,0,696
05/04/2011,DAB,FL,ASO,ES,Combined TRACON& Tower with Radar,16,4,89,0,109,0,3,414,0,417,16,7,503,0,526,4,0,4,530
05/05/2011,DAB,FL,ASO,ES,Combined TRACON& Tower with Radar,15,3,81,1,100,0,0,481,1,482,15,3,562,2,582,16,0,16,598
05/06/2011,DAB,FL,ASO,ES,Combined TRACON& Tower with Radar,13,4,86,6,109,0,0,342,4,346,13,4,428,10,455,6,0,6,461
05/07/2011,DAB,FL,ASO,ES,Combined TRACON& Tower with Radar,15,6,46,0,67,0,0,367,1,368,15,6,413,1,435,6,0,6,441
05/08/2011,DAB,FL,ASO,ES,Combined TRACON& Tower with Radar,14,6,31,0,51,0,1,102,1,104,14,7,133,1,155,18,0,18,173
05/09/2011,DAB,FL,ASO,ES,Combined TRACON& Tower with Radar,14,2,82,0,98,0,0,429,2,431,14,2,511,2,529,0,0,0,529
05/10/2011,DAB,FL,ASO,ES,Combined TRACON& Tower with Radar,14,2,82,2,100,0,0,396,2,398,14,2,478,4,498,0,0,0,498
05/11/2011,DAB,FL,ASO,ES,Combined TRACON& Tower with Radar,14,4,79,4,101,0,6,353,5,364,14,10,432,9,465,4,0,4,469
05/12/2011,DAB,FL,ASO,ES,Combined TRACON& Tower with Radar,16,4,67,0,87,0,0,458,0,458,16,4,525,0,545,0,0,0,545
05/13/2011,DAB,FL,ASO,ES,Combined TRACON& Tower with Radar,14,3,72,0,89,0,0,385,0,385,14,3,457,0,474,34,0,34,508
05/14/2011,DAB,FL,ASO,ES,Combined TRACON& Tower with Radar,16,9,45,0,70,0,0,172,0,172,16,9,217,0,242,4,0,4,246
05/15/2011,DAB,FL,ASO,ES,Combined TRACON& Tower with Radar,14,2,35,1,52,0,0,47,3,50,14,2,82,4,102,8,0,8,110
05/16/2011,DAB,FL,ASO,ES,Combined TRACON& Tower with Radar,14,3,75,0,92,0,0,358,0,358,14,3,433,0,450,2,0,2,452
05/17/2011,DAB,FL,ASO,ES,Combined TRACON& Tower with Radar,14,7,70,0,91,0,0,451,0,451,14,7,521,0,542,6,0,6,548
05/18/2011,DAB,FL,ASO,ES,Combined TRACON& Tower with Radar,14,2,85,2,103,0,0,508,0,508,14,2,593,2,611,0,0,0,611
05/19/2011,DAB,FL,ASO,ES,Combined TRACON& Tower with Radar,16,3,86,9,114,0,1,492,0,493,16,4,578,9,607,14,0,14,621
05/20/2011,DAB,FL,ASO,ES,Combined TRACON& Tower with Radar,14,3,123,6,146,0,1,355,0,356,14,4,478,6,502,4,0,4,506
05/21/2011,DAB,FL,ASO,ES,Combined TRACON& Tower with Radar,12,3,69,0,84,0,2,318,0,320,12,5,387,0,404,2,0,2,406
05/22/2011,DAB,FL,ASO,ES,Combined TRACON& Tower with Radar,16,7,49,2,74,0,1,96,0,97,16,8,145,2,171,0,0,0,171
05/23/2011,DAB,FL,ASO,ES,Combined TRACON& Tower with Radar,14,1,98,0,113,0,2,463,2,467,14,3,561,2,580,0,0,0,580
05/24/2011,DAB,FL,ASO,ES,Combined TRACON& Tower with Radar,14,2,64,0,80,0,0,454,2,456,14,2,518,2,536,6,0,6,542
05/25/2011,DAB,FL,ASO,ES,Combined TRACON& Tower with Radar,13,4,107,0,124,0,0,499,0,499,13,4,606,0,623,2,0,2,625
05/26/2011,DAB,FL,ASO,ES,Combined TRACON& Tower with Radar,13,4,89,1,107,0,0,379,0,379,13,4,468,1,486,10,0,10,496
05/27/2011,DAB,FL,ASO,ES,Combined TRACON& Tower with Radar,16,6,69,1,92,0,0,230,2,232,16,6,299,3,324,2,0,2,326
05/28/2011,DAB,FL,ASO,ES,Combined TRACON& Tower with Radar,12,4,75,0,91,0,0,291,0,291,12,4,366,0,382,10,0,10,392
05/29/2011,DAB,FL,ASO,ES,Combined TRACON& Tower with Radar,12,4,28,0,44,0,0,82,0,82,12,4,110,0,126,6,0,6,132
05/30/2011,DAB,FL,ASO,ES,Combined TRACON& Tower with Radar,16,0,43,2,61,0,0,143,1,144,16,0,186,3,205,7,0,7,212
05/31/2011,DAB,FL,ASO,ES,Combined TRACON& Tower with Radar,14,4,79,0,97,0,3,438,2,443,14,7,517,2,540,12,0,12,552
06/01/2011,DAB,FL,ASO,ES,Combined TRACON& Tower with Radar,14,4,116,0,134,0,0,125,0,125,14,4,241,0,259,0,0,0,259
06/02/2011,DAB,FL,ASO,ES,Combined TRACON& Tower with Radar,16,2,100,0,118,0,0,561,1,562,16,2,661,1,680,0,0,0,680
06/03/2011,DAB,FL,ASO,ES,Combined TRACON& Tower with Radar,11,4,83,0,98,0,0,522,0,522,11,4,605,0,620,20,0,20,640
06/04/2011,DAB,FL,ASO,ES,Combined TRACON& Tower with Radar,13,8,71,0,92,0,0,313,0,313,13,8,384,0,405,2,0,2,407
06/05/2011,DAB,FL,ASO,ES,Combined TRACON& Tower with Radar,14,4,33,1,52,0,0,86,1,87,14,4,119,2,139,32,0,32,171
06/06/2011,DAB,FL,ASO,ES,Combined TRACON& Tower with Radar,13,4,55,4,76,0,0,342,0,342,13,4,397,4,418,0,0,0,418
06/07/2011,DAB,FL,ASO,ES,Combined TRACON& Tower with Radar,15,6,112,2,135,0,0,472,0,472,15,6,584,2,607,2,0,2,609
06/08/2011,DAB,FL,ASO,ES,Combined TRACON& Tower with Radar,14,2,84,5,105,0,0,411,3,414,14,2,495,8,519,0,0,0,519
06/09/2011,DAB,FL,ASO,ES,Combined TRACON& Tower with Radar,13,2,100,0,115,0,0,459,0,459,13,2,559,0,574,0,0,0,574
06/10/2011,DAB,FL,ASO,ES,Combined TRACON& Tower with Radar,13,2,79,0,94,0,0,422,0,422,13,2,501,0,516,0,0,0,516
06/11/2011,DAB,FL,ASO,ES,Combined TRACON& Tower with Radar,16,3,63,0,82,0,2,309,0,311,16,5,372,0,393,2,0,2,395
06/12/2011,DAB,FL,ASO,ES,Combined TRACON& Tower with Radar,11,4,33,0,48,0,0,88,0,88,11,4,121,0,136,0,0,0,136
06/13/2011,DAB,FL,ASO,ES,Combined TRACON& Tower with Radar,15,6,84,0,105,0,0,284,0,284,15,6,368,0,389,14,0,14,403
06/14/2011,DAB,FL,ASO,ES,Combined TRACON& Tower with Radar,14,2,77,0,93,0,0,317,0,317,14,2,394,0,410,0,0,0,410
06/15/2011,DAB,FL,ASO,ES,Combined TRACON& Tower with Radar,9,4,107,6,126,0,1,34,0,35,9,5,141,6,161,0,0,0,161
06/16/2011,DAB,FL,ASO,ES,Combined TRACON& Tower with Radar,11,6,93,0,110,0,1,390,0,391,11,7,483,0,501,20,0,20,521
06/17/2011,DAB,FL,ASO,ES,Combined TRACON& Tower with Radar,11,4,95,0,110,0,0,60,0,60,11,4,155,0,170,0,0,0,170
06/18/2011,DAB,FL,ASO,ES,Combined TRACON& Tower with Radar,13,3,64,0,80,0,0,278,0,278,13,3,342,0,358,4,0,4,362
06/19/2011,DAB,FL,ASO,ES,Combined TRACON& Tower with Radar,14,3,35,0,52,0,0,65,0,65,14,3,100,0,117,8,0,8,125
06/20/2011,DAB,FL,ASO,ES,Combined TRACON& Tower with Radar,15,3,115,1,134,0,2,561,2,565,15,5,676,3,699,0,0,0,699
06/21/2011,DAB,FL,ASO,ES,Combined TRACON& Tower with Radar,13,2,116,2,133,0,1,539,2,542,13,3,655,4,675,0,0,0,675
06/22/2011,DAB,FL,ASO,ES,Combined TRACON& Tower with Radar,14,4,95,3,116,0,0,507,4,511,14,4,602,7,627,20,0,20,647
06/23/2011,DAB,FL,ASO,ES,Combined TRACON& Tower with Radar,14,3,72,1,90,0,0,438,0,438,14,3,510,1,528,4,0,4,532
06/24/2011,DAB,FL,ASO,ES,Combined TRACON& Tower with Radar,7,7,59,0,73,0,0,385,0,385,7,7,444,0,458,0,0,0,458
06/25/2011,DAB,FL,ASO,ES,Combined TRACON& Tower with Radar,16,2,72,0,90,0,0,152,0,152,16,2,224,0,242,2,0,2,244
06/26/2011,DAB,FL,ASO,ES,Combined TRACON& Tower with Radar,10,4,47,0,61,0,0,87,0,87,10,4,134,0,148,4,0,4,152
06/27/2011,DAB,FL,ASO,ES,Combined TRACON& Tower with Radar,12,8,51,0,71,0,0,331,0,331,12,8,382,0,402,2,0,2,404
06/28/2011,DAB,FL,ASO,ES,Combined TRACON& Tower with Radar,13,1,81,3,98,0,0,359,0,359,13,1,440,3,457,14,0,14,471
06/29/2011,DAB,FL,ASO,ES,Combined TRACON& Tower with Radar,20,4,107,0,131,0,0,313,2,315,20,4,420,2,446,2,0,2,448
06/30/2011,DAB,FL,ASO,ES,Combined TRACON& Tower with Radar,16,15,127,0,158,0,0,96,0,96,16,15,223,0,254,0,0,0,254
07/01/2011,DAB,FL,ASO,ES,Combined TRACON& Tower with Radar,15,14,147,0,176,0,0,154,2,156,15,14,301,2,332,6,0,6,338
07/02/2011,DAB,FL,ASO,ES,Combined TRACON& Tower with Radar,14,15,136,0,165,0,2,222,1,225,14,17,358,1,390,6,0,6,396
07/03/2011,DAB,FL,ASO,ES,Combined TRACON& Tower with Radar,12,18,64,0,94,0,0,140,0,140,12,18,204,0,234,0,0,0,234
07/04/2011,DAB,FL,ASO,ES,Combined TRACON& Tower with Radar,9,5,25,1,40,0,1,98,0,99,9,6,123,1,139,0,0,0,139
07/05/2011,DAB,FL,ASO,ES,Combined TRACON& Tower with Radar,16,4,104,2,126,0,0,466,0,466,16,4,570,2,592,13,0,13,605
07/06/2011,DAB,FL,ASO,ES,Combined TRACON& Tower with Radar,13,2,92,0,107,0,0,490,2,492,13,2,582,2,599,4,0,4,603
07/07/2011,DAB,FL,ASO,ES,Combined TRACON& Tower with Radar,17,3,96,0,116,0,0,70,0,70,17,3,166,0,186,0,0,0,186
07/08/2011,DAB,FL,ASO,ES,Combined TRACON& Tower with Radar,13,7,91,2,113,0,0,83,0,83,13,7,174,2,196,6,0,6,202
07/09/2011,DAB,FL,ASO,ES,Combined TRACON& Tower with Radar,15,10,82,0,107,0,0,278,0,278,15,10,360,0,385,0,0,0,385
07/10/2011,DAB,FL,ASO,ES,Combined TRACON& Tower with Radar,14,2,44,3,63,0,0,66,0,66,14,2,110,3,129,6,0,6,135
07/11/2011,DAB,FL,ASO,ES,Combined TRACON& Tower with Radar,12,6,88,3,109,0,0,418,0,418,12,6,506,3,527,0,0,0,527
07/12/2011,DAB,FL,ASO,ES,Combined TRACON& Tower with Radar,13,5,72,0,90,0,0,463,0,463,13,5,535,0,553,2,0,2,555
07/13/2011,DAB,FL,ASO,ES,Combined TRACON& Tower with Radar,14,3,89,0,106,0,0,459,0,459,14,3,548,0,565,6,0,6,571
07/14/2011,DAB,FL,ASO,ES,Combined TRACON& Tower with Radar,14,4,101,0,119,0,0,489,4,493,14,4,590,4,612,10,0,10,622
07/15/2011,DAB,FL,ASO,ES,Combined TRACON& Tower with Radar,15,4,75,2,96,0,0,294,0,294,15,4,369,2,390,6,0,6,396
07/16/2011,DAB,FL,ASO,ES,Combined TRACON& Tower with Radar,14,2,105,2,123,0,0,218,0,218,14,2,323,2,341,4,0,4,345
07/17/2011,DAB,FL,ASO,ES,Combined TRACON& Tower with Radar,14,5,35,1,55,0,0,56,0,56,14,5,91,1,111,18,0,18,129
07/18/2011,DAB,FL,ASO,ES,Combined TRACON& Tower with Radar,14,3,84,1,102,0,1,482,0,483,14,4,566,1,585,10,0,10,595
07/19/2011,DAB,FL,ASO,ES,Combined TRACON& Tower with Radar,14,5,79,6,104,0,2,527,1,530,14,7,606,7,634,2,0,2,636
07/20/2011,DAB,FL,ASO,ES,Combined TRACON& Tower with Radar,13,3,100,0,116,0,0,521,3,524,13,3,621,3,640,12,0,12,652
07/21/2011,DAB,FL,ASO,ES,Combined TRACON& Tower with Radar,14,5,74,0,93,0,0,482,3,485,14,5,556,3,578,12,0,12,590
07/22/2011,DAB,FL,ASO,ES,Combined TRACON& Tower with Radar,14,5,85,1,105,0,0,377,0,377,14,5,462,1,482,0,0,0,482
07/23/2011,DAB,FL,ASO,ES,Combined TRACON& Tower with Radar,14,3,63,1,81,0,0,258,0,258,14,3,321,1,339,4,0,4,343
07/24/2011,DAB,FL,ASO,ES,Combined TRACON& Tower with Radar,13,2,32,1,48,0,0,70,1,71,13,2,102,2,119,0,0,0,119
07/25/2011,DAB,FL,ASO,ES,Combined TRACON& Tower with Radar,14,4,64,2,84,0,0,370,0,370,14,4,434,2,454,10,0,10,464
07/26/2011,DAB,FL,ASO,ES,Combined TRACON& Tower with Radar,15,8,60,3,86,0,0,372,2,374,15,8,432,5,460,0,0,0,460
07/27/2011,DAB,FL,ASO,ES,Combined TRACON& Tower with Radar,14,6,65,2,87,0,0,377,0,377,14,6,442,2,464,8,0,8,472
07/28/2011,DAB,FL,ASO,ES,Combined TRACON& Tower with Radar,14,4,109,2,129,0,0,471,2,473,14,4,580,4,602,6,0,6,608
07/29/2011,DAB,FL,ASO,ES,Combined TRACON& Tower with Radar,14,2,85,5,106,0,1,484,2,487,14,3,569,7,593,0,0,0,593
07/30/2011,DAB,FL,ASO,ES,Combined TRACON& Tower with Radar,14,6,73,0,93,0,0,315,0,315,14,6,388,0,408,5,0,5,413
07/31/2011,DAB,FL,ASO,ES,Combined TRACON& Tower with Radar,13,2,35,1,51,0,0,77,5,82,13,2,112,6,133,21,0,21,154
08/01/2011,DAB,FL,ASO,ES,Combined TRACON& Tower with Radar,12,4,66,2,84,0,0,255,0,255,12,4,321,2,339,82,0,82,421
08/02/2011,DAB,FL,ASO,ES,Combined TRACON& Tower with Radar,15,4,94,0,113,0,0,275,0,275,15,4,369,0,388,132,0,132,520
08/03/2011,DAB,FL,ASO,ES,Combined TRACON& Tower with Radar,14,3,134,2,153,0,2,338,0,340,14,5,472,2,493,128,0,128,621
08/04/2011,DAB,FL,ASO,ES,Combined TRACON& Tower with Radar,13,2,120,4,139,0,0,551,1,552,13,2,671,5,691,292,0,292,983
08/05/2011,DAB,FL,ASO,ES,Combined TRACON& Tower with Radar,17,0,85,3,105,0,0,423,0,423,17,0,508,3,528,248,0,248,776
08/06/2011,DAB,FL,ASO,ES,Combined TRACON& Tower with Radar,13,4,70,0,87,0,0,315,0,315,13,4,385,0,402,177,0,177,579
08/07/2011,DAB,FL,ASO,ES,Combined TRACON& Tower with Radar,15,5,35,0,55,0,0,65,0,65,15,5,100,0,120,60,0,60,180
08/08/2011,DAB,FL,ASO,ES,Combined TRACON& Tower with Radar,15,2,48,0,65,0,0,274,0,274,15,2,322,0,339,57,0,57,396
08/09/2011,DAB,FL,ASO,ES,Combined TRACON& Tower with Radar,15,3,45,2,65,0,0,226,0,226,15,3,271,2,291,163,0,163,454
08/10/2011,DAB,FL,ASO,ES,Combined TRACON& Tower with Radar,13,5,65,0,83,0,0,418,0,418,13,5,483,0,501,254,0,254,755
08/11/2011,DAB,FL,ASO,ES,Combined TRACON& Tower with Radar,14,4,79,0,97,0,2,462,0,464,14,6,541,0,561,256,0,256,817
08/12/2011,DAB,FL,ASO,ES,Combined TRACON& Tower with Radar,14,5,37,2,58,0,0,392,2,394,14,5,429,4,452,191,0,191,643
08/13/2011,DAB,FL,ASO,ES,Combined TRACON& Tower with Radar,14,2,56,0,72,0,1,224,2,227,14,3,280,2,299,225,0,225,524
08/14/2011,DAB,FL,ASO,ES,Combined TRACON& Tower with Radar,12,2,30,0,44,0,0,70,2,72,12,2,100,2,116,60,0,60,176
08/15/2011,DAB,FL,ASO,ES,Combined TRACON& Tower with Radar,16,4,65,2,87,0,0,394,0,394,16,4,459,2,481,294,0,294,775
08/16/2011,DAB,FL,ASO,ES,Combined TRACON& Tower with Radar,13,4,69,6,92,0,0,589,4,593,13,4,658,10,685,312,0,312,997
08/17/2011,DAB,FL,ASO,ES,Combined TRACON& Tower with Radar,13,5,104,1,123,0,0,356,0,356,13,5,460,1,479,280,0,280,759
08/18/2011,DAB,FL,ASO,ES,Combined TRACON& Tower with Radar,16,2,91,1,110,0,0,337,0,337,16,2,428,1,447,196,0,196,643
08/19/2011,DAB,FL,ASO,ES,Combined TRACON& Tower with Radar,14,4,70,0,88,0,0,379,0,379,14,4,449,0,467,330,0,330,797
08/20/2011,DAB,FL,ASO,ES,Combined TRACON& Tower with Radar,12,5,64,0,81,0,0,267,0,267,12,5,331,0,348,154,0,154,502
08/21/2011,DAB,FL,ASO,ES,Combined TRACON& Tower with Radar,14,3,47,0,64,0,0,74,0,74,14,3,121,0,138,50,0,50,188
08/22/2011,DAB,FL,ASO,ES,Combined TRACON& Tower with Radar,14,5,62,0,81,0,0,383,0,383,14,5,445,0,464,172,0,172,636
08/23/2011,DAB,FL,ASO,ES,Combined TRACON& Tower with Radar,13,4,57,0,74,0,0,395,0,395,13,4,452,0,469,198,0,198,667
08/24/2011,DAB,FL,ASO,ES,Combined TRACON& Tower with Radar,13,6,81,0,100,0,1,386,1,388,13,7,467,1,488,212,0,212,700
08/25/2011,DAB,FL,ASO,ES,Combined TRACON& Tower with Radar,12,4,44,0,60,0,0,197,1,198,12,4,241,1,258,174,0,174,432
08/26/2011,DAB,FL,ASO,ES,Combined TRACON& Tower with Radar,12,4,21,0,37,0,0,44,0,44,12,4,65,0,81,0,0,0,81
08/27/2011,DAB,FL,ASO,ES,Combined TRACON& Tower with Radar,12,4,35,0,51,0,0,299,0,299,12,4,334,0,350,76,0,76,426
08/28/2011,DAB,FL,ASO,ES,Combined TRACON& Tower with Radar,14,4,14,0,32,0,0,115,0,115,14,4,129,0,147,80,0,80,227
08/29/2011,DAB,FL,ASO,ES,Combined TRACON& Tower with Radar,12,4,43,0,59,0,0,404,0,404,12,4,447,0,463,222,0,222,685
08/30/2011,DAB,FL,ASO,ES,Combined TRACON& Tower with Radar,13,4,52,0,69,0,0,405,0,405,13,4,457,0,474,216,0,216,690
08/31/2011,DAB,FL,ASO,ES,Combined TRACON& Tower with Radar,13,2,62,0,77,0,2,529,0,531,13,4,591,0,608,296,0,296,904
09/01/2011,DAB,FL,ASO,ES,Combined TRACON& Tower with Radar,14,3,91,4,112,0,0,523,0,523,14,3,614,4,635,312,0,312,947
09/02/2011,DAB,FL,ASO,ES,Combined TRACON& Tower with Radar,13,4,72,0,89,0,0,555,0,555,13,4,627,0,644,305,0,305,949
09/03/2011,DAB,FL,ASO,ES,Combined TRACON& Tower with Radar,13,2,66,0,81,0,1,361,2,364,13,3,427,2,445,98,0,98,543
09/04/2011,DAB,FL,ASO,ES,Combined TRACON& Tower with Radar,12,2,35,0,49,0,0,104,0,104,12,2,139,0,153,10,0,10,163
09/05/2011,DAB,FL,ASO,ES,Combined TRACON& Tower with Radar,12,6,47,0,65,0,0,146,0,146,12,6,193,0,211,36,0,36,247
09/06/2011,DAB,FL,ASO,ES,Combined TRACON& Tower with Radar,13,3,55,0,71,0,0,191,0,191,13,3,246,0,262,156,0,156,418
09/07/2011,DAB,FL,ASO,ES,Combined TRACON& Tower with Radar,12,2,76,0,90,0,0,549,2,551,12,2,625,2,641,355,0,355,996
09/08/2011,DAB,FL,ASO,ES,Combined TRACON& Tower with Radar,14,3,59,1,77,0,0,632,0,632,14,3,691,1,709,256,0,256,965
09/09/2011,DAB,FL,ASO,ES,Combined TRACON& Tower with Radar,12,5,81,3,101,0,0,621,3,624,12,5,702,6,725,326,0,326,1051
09/10/2011,DAB,FL,ASO,ES,Combined TRACON& Tower with Radar,14,3,101,0,118,0,0,310,0,310,14,3,411,0,428,174,0,174,602
09/11/2011,DAB,FL,ASO,ES,Combined TRACON& Tower with Radar,12,3,23,0,38,0,0,135,5,140,12,3,158,5,178,72,0,72,250
09/12/2011,DAB,FL,ASO,ES,Combined TRACON& Tower with Radar,12,2,70,2,86,0,0,568,0,568,12,2,638,2,654,252,0,252,906
09/13/2011,DAB,FL,ASO,ES,Combined TRACON& Tower with Radar,14,3,96,0,113,0,0,541,0,541,14,3,637,0,654,316,0,316,970
09/14/2011,DAB,FL,ASO,ES,Combined TRACON& Tower with Radar,12,6,70,0,88,0,0,589,0,589,12,6,659,0,677,288,0,288,965
09/15/2011,DAB,FL,ASO,ES,Combined TRACON& Tower with Radar,12,2,63,4,81,0,0,700,0,700,12,2,763,4,781,238,0,238,1019
09/16/2011,DAB,FL,ASO,ES,Combined TRACON& Tower with Radar,14,2,69,0,85,0,0,634,2,636,14,2,703,2,721,299,0,299,1020
09/17/2011,DAB,FL,ASO,ES,Combined TRACON& Tower with Radar,12,2,79,0,93,0,0,426,2,428,12,2,505,2,521,300,0,300,821
09/18/2011,DAB,FL,ASO,ES,Combined TRACON& Tower with Radar,12,4,24,2,42,0,0,21,0,21,12,4,45,2,63,18,0,18,81
09/19/2011,DAB,FL,ASO,ES,Combined TRACON& Tower with Radar,12,2,62,4,80,0,0,465,0,465,12,2,527,4,545,387,0,387,932
09/20/2011,DAB,FL,ASO,ES,Combined TRACON& Tower with Radar,13,2,97,4,116,0,0,452,0,452,13,2,549,4,568,242,0,242,810
09/21/2011,DAB,FL,ASO,ES,Combined TRACON& Tower with Radar,12,4,74,0,90,0,0,512,0,512,12,4,586,0,602,197,0,197,799
09/22/2011,DAB,FL,ASO,ES,Combined TRACON& Tower with Radar,11,4,67,2,84,0,1,253,0,254,11,5,320,2,338,126,0,126,464
09/23/2011,DAB,FL,ASO,ES,Combined TRACON& Tower with Radar,14,2,106,0,122,0,0,406,0,406,14,2,512,0,528,284,0,284,812
09/24/2011,DAB,FL,ASO,ES,Combined TRACON& Tower with Radar,16,2,80,0,98,0,0,491,0,491,16,2,571,0,589,344,0,344,933
09/25/2011,DAB,FL,ASO,ES,Combined TRACON& Tower with Radar,11,2,15,0,28,0,0,105,0,105,11,2,120,0,133,82,0,82,215
09/26/2011,DAB,FL,ASO,ES,Combined TRACON& Tower with Radar,13,2,74,2,91,0,0,575,0,575,13,2,649,2,666,361,0,361,1027
09/27/2011,DAB,FL,ASO,ES,Combined TRACON& Tower with Radar,12,3,117,1,133,0,0,582,2,584,12,3,699,3,717,362,0,362,1079
09/28/2011,DAB,FL,ASO,ES,Combined TRACON& Tower with Radar,12,2,52,2,68,0,0,692,1,693,12,2,744,3,761,337,0,337,1098
09/29/2011,DAB,FL,ASO,ES,Combined TRACON& Tower with Radar,11,5,89,6,111,0,2,651,1,654,11,7,740,7,765,358,0,358,1123
09/30/2011,DAB,FL,ASO,ES,Combined TRACON& Tower with Radar,13,4,103,3,123,0,0,640,5,645,13,4,743,8,768,204,0,204,972
10/01/2011,DAB,FL,ASO,ES,Combined TRACON& Tower with Radar,12,2,52,0,66,0,0,422,1,423,12,2,474,1,489,70,0,70,559
10/02/2011,DAB,FL,ASO,ES,Combined TRACON& Tower with Radar,12,2,31,2,47,0,0,145,0,145,12,2,176,2,192,14,0,14,206
10/03/2011,DAB,FL,ASO,ES,Combined TRACON& Tower with Radar,12,4,64,2,82,0,0,657,2,659,12,4,721,4,741,312,0,312,1053
10/04/2011,DAB,FL,ASO,ES,Combined TRACON& Tower with Radar,12,2,71,0,85,0,1,724,0,725,12,3,795,0,810,354,0,354,1164
10/05/2011,DAB,FL,ASO,ES,Combined TRACON& Tower with Radar,12,2,81,0,95,0,0,564,0,564,12,2,645,0,659,114,0,114,773
10/06/2011,DAB,FL,ASO,ES,Combined TRACON& Tower with Radar,12,6,97,9,124,0,0,577,1,578,12,6,674,10,702,223,0,223,925
10/07/2011,DAB,FL,ASO,ES,Combined TRACON& Tower with Radar,14,6,51,0,71,0,0,129,0,129,14,6,180,0,200,181,0,181,381
10/08/2011,DAB,FL,ASO,ES,Combined TRACON& Tower with Radar,13,6,21,0,40,0,0,3,0,3,13,6,24,0,43,0,0,0,43
10/09/2011,DAB,FL,ASO,ES,Combined TRACON& Tower with Radar,13,2,21,0,36,0,0,0,0,0,13,2,21,0,36,0,0,0,36
10/10/2011,DAB,FL,ASO,ES,Combined TRACON& Tower with Radar,12,3,106,0,121,0,2,449,0,451,12,5,555,0,572,231,0,231,803
10/11/2011,DAB,FL,ASO,ES,Combined TRACON& Tower with Radar,12,4,106,0,122,0,0,477,0,477,12,4,583,0,599,517,0,517,1116
10/12/2011,DAB,FL,ASO,ES,Combined TRACON& Tower with Radar,12,2,62,2,78,0,1,846,0,847,12,3,908,2,925,317,0,317,1242
10/13/2011,DAB,FL,ASO,ES,Combined TRACON& Tower with Radar,12,4,76,0,92,0,0,704,0,704,12,4,780,0,796,244,0,244,1040
10/14/2011,DAB,FL,ASO,ES,Combined TRACON& Tower with Radar,12,2,79,3,96,0,0,857,1,858,12,2,936,4,954,404,0,404,1358
10/15/2011,DAB,FL,ASO,ES,Combined TRACON& Tower with Radar,12,2,79,4,97,0,0,603,5,608,12,2,682,9,705,288,0,288,993
10/16/2011,DAB,FL,ASO,ES,Combined TRACON& Tower with Radar,12,5,43,2,62,0,0,109,0,109,12,5,152,2,171,102,0,102,273
10/17/2011,DAB,FL,ASO,ES,Combined TRACON& Tower with Radar,12,3,84,0,99,0,0,636,7,643,12,3,720,7,742,349,0,349,1091
10/18/2011,DAB,FL,ASO,ES,Combined TRACON& Tower with Radar,12,2,64,1,79,0,0,196,2,198,12,2,260,3,277,185,0,185,462
10/19/2011,DAB,FL,ASO,ES,Combined TRACON& Tower with Radar,14,4,58,3,79,0,0,161,1,162,14,4,219,4,241,56,0,56,297
10/20/2011,DAB,FL,ASO,ES,Combined TRACON& Tower with Radar,12,4,48,2,66,0,1,752,5,758,12,5,800,7,824,321,0,321,1145
10/21/2011,DAB,FL,ASO,ES,Combined TRACON& Tower with Radar,14,5,86,1,106,0,0,692,4,696,14,5,778,5,802,373,0,373,1175
10/22/2011,DAB,FL,ASO,ES,Combined TRACON& Tower with Radar,12,3,65,1,81,0,1,504,3,508,12,4,569,4,589,122,0,122,711
10/23/2011,DAB,FL,ASO,ES,Combined TRACON& Tower with Radar,12,9,40,2,63,0,0,142,0,142,12,9,182,2,205,82,0,82,287
10/24/2011,DAB,FL,ASO,ES,Combined TRACON& Tower with Radar,12,4,84,1,101,0,1,508,1,510,12,5,592,2,611,86,0,86,697
10/25/2011,DAB,FL,ASO,ES,Combined TRACON& Tower with Radar,12,4,86,3,105,0,1,713,0,714,12,5,799,3,819,486,0,486,1305
10/26/2011,DAB,FL,ASO,ES,Combined TRACON& Tower with Radar,12,4,122,2,140,0,0,781,0,781,12,4,903,2,921,549,0,549,1470
10/27/2011,DAB,FL,ASO,ES,Combined TRACON& Tower with Radar,12,5,100,1,118,0,0,695,2,697,12,5,795,3,815,413,0,413,1228
10/28/2011,DAB,FL,ASO,ES,Combined TRACON& Tower with Radar,14,2,108,21,145,0,0,673,0,673,14,2,781,21,818,276,0,276,1094
10/29/2011,DAB,FL,ASO,ES,Combined TRACON& Tower with Radar,14,4,152,0,170,0,0,72,0,72,14,4,224,0,242,32,0,32,274
10/30/2011,DAB,FL,ASO,ES,Combined TRACON& Tower with Radar,12,2,36,5,55,0,0,110,2,112,12,2,146,7,167,50,0,50,217
10/31/2011,DAB,FL,ASO,ES,Combined TRACON& Tower with Radar,12,2,141,2,157,0,0,117,0,117,12,2,258,2,274,128,0,128,402
11/01/2011,DAB,FL,ASO,ES,Combined TRACON& Tower with Radar,12,4,81,1,98,0,0,355,1,356,12,4,436,2,454,70,0,70,524
11/02/2011,DAB,FL,ASO,ES,Combined TRACON& Tower with Radar,12,4,111,4,131,0,0,714,0,714,12,4,825,4,845,362,0,362,1207
11/03/2011,DAB,FL,ASO,ES,Combined TRACON& Tower with Radar,12,3,155,1,171,0,0,871,2,873,12,3,1026,3,1044,428,0,428,1472
11/04/2011,DAB,FL,ASO,ES,Combined TRACON& Tower with Radar,12,3,112,2,129,0,0,340,0,340,12,3,452,2,469,96,0,96,565
11/05/2011,DAB,FL,ASO,ES,Combined TRACON& Tower with Radar,14,4,51,2,71,0,0,113,0,113,14,4,164,2,184,0,0,0,184
11/06/2011,DAB,FL,ASO,ES,Combined TRACON& Tower with Radar,12,4,35,0,51,0,0,59,0,59,12,4,94,0,110,28,0,28,138
11/07/2011,DAB,FL,ASO,ES,Combined TRACON& Tower with Radar,12,5,126,2,145,0,0,591,0,591,12,5,717,2,736,318,0,318,1054
11/08/2011,DAB,FL,ASO,ES,Combined TRACON& Tower with Radar,11,4,105,4,124,0,0,613,0,613,11,4,718,4,737,212,0,212,949
11/09/2011,DAB,FL,ASO,ES,Combined TRACON& Tower with Radar,14,4,104,1,123,0,1,731,2,734,14,5,835,3,857,260,0,260,1117
11/10/2011,DAB,FL,ASO,ES,Combined TRACON& Tower with Radar,14,5,84,0,103,0,0,711,1,712,14,5,795,1,815,332,0,332,1147
11/11/2011,DAB,FL,ASO,ES,Combined TRACON& Tower with Radar,13,2,99,1,115,0,1,356,0,357,13,3,455,1,472,75,0,75,547
11/12/2011,DAB,FL,ASO,ES,Combined TRACON& Tower with Radar,18,2,87,0,107,0,0,457,0,457,18,2,544,0,564,4,0,4,568
11/13/2011,DAB,FL,ASO,ES,Combined TRACON& Tower with Radar,13,9,54,0,76,0,0,162,0,162,13,9,216,0,238,12,0,12,250
11/14/2011,DAB,FL,ASO,ES,Combined TRACON& Tower with Radar,12,3,91,6,112,0,0,544,1,545,12,3,635,7,657,147,0,147,804
11/15/2011,DAB,FL,ASO,ES,Combined TRACON& Tower with Radar,12,4,148,2,166,0,0,222,0,222,12,4,370,2,388,142,0,142,530
11/16/2011,DAB,FL,ASO,ES,Combined TRACON& Tower with Radar,12,2,140,0,154,0,1,485,1,487,12,3,625,1,641,240,0,240,881
11/17/2011,DAB,FL,ASO,ES,Combined TRACON& Tower with Radar,12,5,98,0,115,0,1,328,0,329,12,6,426,0,444,356,0,356,800
11/18/2011,DAB,FL,ASO,ES,Combined TRACON& Tower with Radar,12,4,153,2,171,0,0,503,4,507,12,4,656,6,678,193,0,193,871
11/19/2011,DAB,FL,ASO,ES,Combined TRACON& Tower with Radar,12,3,108,0,123,0,0,586,0,586,12,3,694,0,709,323,0,323,1032
11/20/2011,DAB,FL,ASO,ES,Combined TRACON& Tower with Radar,14,2,46,0,62,0,0,163,1,164,14,2,209,1,226,151,0,151,377
11/21/2011,DAB,FL,ASO,ES,Combined TRACON& Tower with Radar,12,2,133,4,151,0,0,637,0,637,12,2,770,4,788,363,0,363,1151
11/22/2011,DAB,FL,ASO,ES,Combined TRACON& Tower with Radar,12,2,166,0,180,0,2,370,0,372,12,4,536,0,552,332,0,332,884
11/23/2011,DAB,FL,ASO,ES,Combined TRACON& Tower with Radar,12,2,67,0,81,0,0,421,0,421,12,2,488,0,502,284,0,284,786
11/24/2011,DAB,FL,ASO,ES,Combined TRACON& Tower with Radar,10,0,12,0,22,0,0,16,0,16,10,0,28,0,38,0,0,0,38
11/25/2011,DAB,FL,ASO,ES,Combined TRACON& Tower with Radar,12,6,52,0,70,0,0,343,0,343,12,6,395,0,413,184,0,184,597
11/26/2011,DAB,FL,ASO,ES,Combined TRACON& Tower with Radar,14,3,80,0,97,0,0,409,0,409,14,3,489,0,506,206,0,206,712
11/27/2011,DAB,FL,ASO,ES,Combined TRACON& Tower with Radar,12,3,39,0,54,0,0,116,0,116,12,3,155,0,170,28,0,28,198
11/28/2011,DAB,FL,ASO,ES,Combined TRACON& Tower with Radar,12,5,101,2,120,0,1,247,0,248,12,6,348,2,368,30,0,30,398
11/29/2011,DAB,FL,ASO,ES,Combined TRACON& Tower with Radar,12,2,104,0,118,0,0,517,1,518,12,2,621,1,636,302,0,302,938
11/30/2011,DAB,FL,ASO,ES,Combined TRACON& Tower with Radar,12,4,93,2,111,0,0,728,0,728,12,4,821,2,839,396,0,396,1235
12/01/2011,DAB,FL,ASO,ES,Combined TRACON& Tower with Radar,12,4,87,2,105,0,0,483,4,487,12,4,570,6,592,74,0,74,666
12/02/2011,DAB,FL,ASO,ES,Combined TRACON& Tower with Radar,11,3,97,2,113,0,0,614,0,614,11,3,711,2,727,204,0,204,931
12/03/2011,DAB,FL,ASO,ES,Combined TRACON& Tower with Radar,13,1,102,1,117,0,0,527,0,527,13,1,629,1,644,308,0,308,952
12/04/2011,DAB,FL,ASO,ES,Combined TRACON& Tower with Radar,13,5,31,4,53,0,0,144,0,144,13,5,175,4,197,156,0,156,353
12/05/2011,DAB,FL,ASO,ES,Combined TRACON& Tower with Radar,13,2,110,2,127,0,0,596,2,598,13,2,706,4,725,132,0,132,857
12/06/2011,DAB,FL,ASO,ES,Combined TRACON& Tower with Radar,11,5,135,1,152,0,0,695,3,698,11,5,830,4,850,330,0,330,1180
12/07/2011,DAB,FL,ASO,ES,Combined TRACON& Tower with Radar,12,7,114,2,135,0,0,412,0,412,12,7,526,2,547,172,0,172,719
12/08/2011,DAB,FL,ASO,ES,Combined TRACON& Tower with Radar,12,4,145,0,161,0,0,439,0,439,12,4,584,0,600,0,0,0,600
12/09/2011,DAB,FL,ASO,ES,Combined TRACON& Tower with Radar,12,6,110,3,131,0,0,638,2,640,12,6,748,5,771,398,0,398,1169
12/10/2011,DAB,FL,ASO,ES,Combined TRACON& Tower with Radar,14,0,176,0,190,0,0,229,3,232,14,0,405,3,422,89,0,89,511
12/11/2011,DAB,FL,ASO,ES,Combined TRACON& Tower with Radar,12,2,43,0,57,0,0,82,0,82,12,2,125,0,139,78,0,78,217
12/12/2011,DAB,FL,ASO,ES,Combined TRACON& Tower with Radar,11,2,121,3,137,0,0,65,0,65,11,2,186,3,202,28,0,28,230
12/13/2011,DAB,FL,ASO,ES,Combined TRACON& Tower with Radar,13,2,188,0,203,0,0,166,0,166,13,2,354,0,369,40,0,40,409
12/14/2011,DAB,FL,ASO,ES,Combined TRACON& Tower with Radar,12,2,104,9,127,0,4,745,1,750,12,6,849,10,877,443,0,443,1320
12/15/2011,DAB,FL,ASO,ES,Combined TRACON& Tower with Radar,12,8,95,0,115,0,0,650,0,650,12,8,745,0,765,248,0,248,1013
12/16/2011,DAB,FL,ASO,ES,Combined TRACON& Tower with Radar,12,2,97,4,115,0,1,543,0,544,12,3,640,4,659,354,0,354,1013
12/17/2011,DAB,FL,ASO,ES,Combined TRACON& Tower with Radar,14,0,69,0,83,0,0,441,0,441,14,0,510,0,524,280,0,280,804
12/18/2011,DAB,FL,ASO,ES,Combined TRACON& Tower with Radar,12,2,16,0,30,0,0,94,0,94,12,2,110,0,124,2,0,2,126
12/19/2011,DAB,FL,ASO,ES,Combined TRACON& Tower with Radar,12,4,77,0,93,0,1,368,0,369,12,5,445,0,462,52,0,52,514
12/20/2011,DAB,FL,ASO,ES,Combined TRACON& Tower with Radar,12,4,87,4,107,0,0,348,0,348,12,4,435,4,455,28,0,28,483
12/21/2011,DAB,FL,ASO,ES,Combined TRACON& Tower with Radar,12,4,58,0,74,0,0,238,1,239,12,4,296,1,313,15,0,15,328
12/22/2011,DAB,FL,ASO,ES,Combined TRACON& Tower with Radar,12,5,56,0,73,0,0,288,0,288,12,5,344,0,361,64,0,64,425
12/23/2011,DAB,FL,ASO,ES,Combined TRACON& Tower with Radar,12,2,65,0,79,0,0,245,0,245,12,2,310,0,324,56,0,56,380
12/24/2011,DAB,FL,ASO,ES,Combined TRACON& Tower with Radar,12,5,12,0,29,0,0,13,0,13,12,5,25,0,42,26,0,26,68
12/25/2011,DAB,FL,ASO,ES,Combined TRACON& Tower with Radar,12,2,8,0,22,0,0,5,0,5,12,2,13,0,27,0,0,0,27
12/26/2011,DAB,FL,ASO,ES,Combined TRACON& Tower with Radar,12,4,31,0,47,0,0,16,0,16,12,4,47,0,63,2,0,2,65
12/27/2011,DAB,FL,ASO,ES,Combined TRACON& Tower with Radar,12,6,54,0,72,0,0,67,0,67,12,6,121,0,139,62,0,62,201
12/28/2011,DAB,FL,ASO,ES,Combined TRACON& Tower with Radar,12,6,31,0,49,0,0,154,0,154,12,6,185,0,203,51,0,51,254
12/29/2011,DAB,FL,ASO,ES,Combined TRACON& Tower with Radar,12,9,45,0,66,0,12,177,2,191,12,21,222,2,257,64,0,64,321
12/30/2011,DAB,FL,ASO,ES,Combined TRACON& Tower with Radar,12,8,35,0,55,0,0,149,0,149,12,8,184,0,204,160,0,160,364
12/31/2011,DAB,FL,ASO,ES,Combined TRACON& Tower with Radar,12,0,22,1,35,0,0,77,2,79,12,0,99,3,114,40,0,40,154
01/01/2012,DAB,FL,ASO,ES,Combined TRACON& Tower with Radar,10,4,17,0,31,0,0,23,0,23,10,4,40,0,54,0,0,0,54
01/02/2012,DAB,FL,ASO,ES,Combined TRACON& Tower with Radar,11,6,45,0,62,0,1,101,0,102,11,7,146,0,164,86,0,86,250
01/03/2012,DAB,FL,ASO,ES,Combined TRACON& Tower with Radar,13,6,40,0,59,0,0,125,0,125,13,6,165,0,184,4,0,4,188
01/04/2012,DAB,FL,ASO,ES,Combined TRACON& Tower with Radar,11,7,81,2,101,0,0,433,0,433,11,7,514,2,534,94,0,94,628
01/05/2012,DAB,FL,ASO,ES,Combined TRACON& Tower with Radar,10,6,81,2,99,0,0,447,2,449,10,6,528,4,548,230,0,230,778
01/06/2012,DAB,FL,ASO,ES,Combined TRACON& Tower with Radar,10,10,85,2,107,0,0,561,2,563,10,10,646,4,670,260,0,260,930
01/07/2012,DAB,FL,ASO,ES,Combined TRACON& Tower with Radar,13,15,99,0,127,0,0,509,2,511,13,15,608,2,638,432,0,432,1070
01/08/2012,DAB,FL,ASO,ES,Combined TRACON& Tower with Radar,11,7,49,12,79,0,0,108,2,110,11,7,157,14,189,43,0,43,232
01/09/2012,DAB,FL,ASO,ES,Combined TRACON& Tower with Radar,10,7,105,1,123,0,0,540,1,541,10,7,645,2,664,250,0,250,914
01/10/2012,DAB,FL,ASO,ES,Combined TRACON& Tower with Radar,10,8,127,0,145,0,1,622,0,623,10,9,749,0,768,385,0,385,1153
01/11/2012,DAB,FL,ASO,ES,Combined TRACON& Tower with Radar,10,7,91,0,108,0,0,150,0,150,10,7,241,0,258,40,0,40,298
01/12/2012,DAB,FL,ASO,ES,Combined TRACON& Tower with Radar,10,7,95,2,114,0,1,612,2,615,10,8,707,4,729,353,0,353,1082
01/13/2012,DAB,FL,ASO,ES,Combined TRACON& Tower with Radar,10,9,101,0,120,0,1,672,4,677,10,10,773,4,797,250,0,250,1047
01/14/2012,DAB,FL,ASO,ES,Combined TRACON& Tower with Radar,13,2,94,0,109,0,0,496,0,496,13,2,590,0,605,118,0,118,723
01/15/2012,DAB,FL,ASO,ES,Combined TRACON& Tower with Radar,11,7,31,0,49,0,0,107,1,108,11,7,138,1,157,66,0,66,223
01/16/2012,DAB,FL,ASO,ES,Combined TRACON& Tower with Radar,10,12,87,1,110,0,0,407,2,409,10,12,494,3,519,227,0,227,746
01/17/2012,DAB,FL,ASO,ES,Combined TRACON& Tower with Radar,10,6,98,4,118,0,0,596,2,598,10,6,694,6,716,401,0,401,1117
01/18/2012,DAB,FL,ASO,ES,Combined TRACON& Tower with Radar,10,6,100,0,116,0,0,442,0,442,10,6,542,0,558,405,0,405,963
01/19/2012,DAB,FL,ASO,ES,Combined TRACON& Tower with Radar,10,8,129,0,147,0,0,559,5,564,10,8,688,5,711,12,0,12,723
01/20/2012,DAB,FL,ASO,ES,Combined TRACON& Tower with Radar,10,6,103,17,136,0,0,603,0,603,10,6,706,17,739,0,0,0,739
01/21/2012,DAB,FL,ASO,ES,Combined TRACON& Tower with Radar,13,1,97,1,112,0,0,602,1,603,13,1,699,2,715,329,0,329,1044
01/22/2012,DAB,FL,ASO,ES,Combined TRACON& Tower with Radar,11,8,42,4,65,0,0,159,4,163,11,8,201,8,228,174,0,174,402
01/23/2012,DAB,FL,ASO,ES,Combined TRACON& Tower with Radar,10,9,94,0,113,0,0,661,0,661,10,9,755,0,774,322,0,322,1096
01/24/2012,DAB,FL,ASO,ES,Combined TRACON& Tower with Radar,10,6,125,10,151,0,0,765,0,765,10,6,890,10,916,347,0,347,1263
01/25/2012,DAB,FL,ASO,ES,Combined TRACON& Tower with Radar,10,6,157,2,175,0,3,569,2,574,10,9,726,4,749,485,0,485,1234
01/26/2012,DAB,FL,ASO,ES,Combined TRACON& Tower with Radar,9,12,166,0,187,0,0,405,0,405,9,12,571,0,592,150,0,150,742
01/27/2012,DAB,FL,ASO,ES,Combined TRACON& Tower with Radar,10,20,174,3,207,0,0,126,0,126,10,20,300,3,333,70,0,70,403
01/28/2012,DAB,FL,ASO,ES,Combined TRACON& Tower with Radar,13,7,112,5,137,0,1,702,3,706,13,8,814,8,843,472,0,472,1315
01/29/2012,DAB,FL,ASO,ES,Combined TRACON& Tower with Radar,13,27,85,12,137,0,0,127,2,129,13,27,212,14,266,46,0,46,312
01/30/2012,DAB,FL,ASO,ES,Combined TRACON& Tower with Radar,10,6,139,3,158,0,0,660,8,668,10,6,799,11,826,309,0,309,1135
01/31/2012,DAB,FL,ASO,ES,Combined TRACON& Tower with Radar,10,4,121,2,137,0,0,661,5,666,10,4,782,7,803,386,0,386,1189
02/01/2012,DAB,FL,ASO,ES,Combined TRACON& Tower with Radar,12,5,144,5,166,0,0,673,3,676,12,5,817,8,842,351,0,351,1193
02/02/2012,DAB,FL,ASO,ES,Combined TRACON& Tower with Radar,10,5,141,2,158,0,0,707,4,711,10,5,848,6,869,326,0,326,1195
02/03/2012,DAB,FL,ASO,ES,Combined TRACON& Tower with Radar,10,4,138,7,159,0,0,544,11,555,10,4,682,18,714,378,0,378,1092
02/04/2012,DAB,FL,ASO,ES,Combined TRACON& Tower with Radar,13,1,107,0,121,0,0,496,0,496,13,1,603,0,617,183,0,183,800
02/05/2012,DAB,FL,ASO,ES,Combined TRACON& Tower with Radar,11,2,41,0,54,0,0,178,2,180,11,2,219,2,234,167,0,167,401
02/06/2012,DAB,FL,ASO,ES,Combined TRACON& Tower with Radar,10,7,172,0,189,0,0,289,2,291,10,7,461,2,480,274,0,274,754
02/07/2012,DAB,FL,ASO,ES,Combined TRACON& Tower with Radar,10,4,211,0,225,0,0,6,0,6,10,4,217,0,231,0,0,0,231
02/08/2012,DAB,FL,ASO,ES,Combined TRACON& Tower with Radar,10,4,111,4,129,0,0,759,0,759,10,4,870,4,888,252,0,252,1140
02/09/2012,DAB,FL,ASO,ES,Combined TRACON& Tower with Radar,10,7,120,2,139,0,0,681,0,681,10,7,801,2,820,298,0,298,1118
02/10/2012,DAB,FL,ASO,ES,Combined TRACON& Tower with Radar,10,8,164,6,188,0,0,366,3,369,10,8,530,9,557,371,0,371,928
02/11/2012,DAB,FL,ASO,ES,Combined TRACON& Tower with Radar,13,3,71,4,91,0,0,308,2,310,13,3,379,6,401,30,0,30,431
02/12/2012,DAB,FL,ASO,ES,Combined TRACON& Tower with Radar,11,5,35,13,64,0,0,135,5,140,11,5,170,18,204,16,0,16,220
02/13/2012,DAB,FL,ASO,ES,Combined TRACON& Tower with Radar,10,4,99,0,113,0,0,635,0,635,10,4,734,0,748,248,0,248,996
02/14/2012,DAB,FL,ASO,ES,Combined TRACON& Tower with Radar,10,9,102,6,127,0,4,662,0,666,10,13,764,6,793,248,0,248,1041
02/15/2012,DAB,FL,ASO,ES,Combined TRACON& Tower with Radar,10,7,143,0,160,0,1,808,0,809,10,8,951,0,969,404,0,404,1373
02/16/2012,DAB,FL,ASO,ES,Combined TRACON& Tower with Radar,11,8,151,1,171,0,0,660,0,660,11,8,811,1,831,314,0,314,1145
02/17/2012,DAB,FL,ASO,ES,Combined TRACON& Tower with Radar,12,13,158,4,187,0,0,50,0,50,12,13,208,4,237,92,0,92,329
02/18/2012,DAB,FL,ASO,ES,Combined TRACON& Tower with Radar,12,5,160,0,177,0,2,233,0,235,12,7,393,0,412,180,0,180,592
02/19/2012,DAB,FL,ASO,ES,Combined TRACON& Tower with Radar,10,11,58,3,82,0,0,16,3,19,10,11,74,6,101,0,0,0,101
02/20/2012,DAB,FL,ASO,ES,Combined TRACON& Tower with Radar,12,7,134,5,158,0,0,306,0,306,12,7,440,5,464,74,0,74,538
02/21/2012,DAB,FL,ASO,ES,Combined TRACON& Tower with Radar,13,13,130,0,156,0,1,713,5,719,13,14,843,5,875,364,0,364,1239
02/22/2012,DAB,FL,ASO,ES,Combined TRACON& Tower with Radar,13,13,138,7,171,0,5,554,1,560,13,18,692,8,731,473,0,473,1204
02/23/2012,DAB,FL,ASO,ES,Combined TRACON& Tower with Radar,22,16,211,10,259,0,0,262,6,268,22,16,473,16,527,100,0,100,627
02/24/2012,DAB,FL,ASO,ES,Combined TRACON& Tower with Radar,21,16,135,5,177,0,2,175,2,179,21,18,310,7,356,114,0,114,470
02/25/2012,DAB,FL,ASO,ES,Combined TRACON& Tower with Radar,20,14,113,3,150,0,3,314,7,324,20,17,427,10,474,16,0,16,490
02/26/2012,DAB,FL,ASO,ES,Combined TRACON& Tower with Radar,23,50,238,5,316,0,13,53,0,66,23,63,291,5,382,8,0,8,390
02/27/2012,DAB,FL,ASO,ES,Combined TRACON& Tower with Radar,27,11,188,7,233,0,7,75,0,82,27,18,263,7,315,34,0,34,349
02/28/2012,DAB,FL,ASO,ES,Combined TRACON& Tower with Radar,13,6,175,4,198,0,1,132,0,133,13,7,307,4,331,140,0,140,471
02/29/2012,DAB,FL,ASO,ES,Combined TRACON& Tower with Radar,12,5,104,0,121,0,1,662,0,663,12,6,766,0,784,384,0,384,1168
03/01/2012,DAB,FL,ASO,ES,Combined TRACON& Tower with Radar,12,4,153,2,171,0,1,540,0,541,12,5,693,2,712,230,0,230,942
03/02/2012,DAB,FL,ASO,ES,Combined TRACON& Tower with Radar,12,5,143,6,166,0,0,506,0,506,12,5,649,6,672,308,0,308,980
03/03/2012,DAB,FL,ASO,ES,Combined TRACON& Tower with Radar,15,1,56,0,72,0,0,276,4,280,15,1,332,4,352,120,0,120,472
03/04/2012,DAB,FL,ASO,ES,Combined TRACON& Tower with Radar,11,9,27,0,47,0,0,32,0,32,11,9,59,0,79,0,0,0,79
03/05/2012,DAB,FL,ASO,ES,Combined TRACON& Tower with Radar,12,7,106,0,125,0,4,794,0,798,12,11,900,0,923,334,0,334,1257
03/06/2012,DAB,FL,ASO,ES,Combined TRACON& Tower with Radar,12,8,84,0,104,0,1,398,0,399,12,9,482,0,503,159,0,159,662
03/07/2012,DAB,FL,ASO,ES,Combined TRACON& Tower with Radar,12,4,111,0,127,0,1,524,0,525,12,5,635,0,652,156,0,156,808
03/08/2012,DAB,FL,ASO,ES,Combined TRACON& Tower with Radar,12,8,109,7,136,0,0,612,0,612,12,8,721,7,748,232,0,232,980
03/09/2012,DAB,FL,ASO,ES,Combined TRACON& Tower with Radar,12,15,127,1,155,0,0,379,0,379,12,15,506,1,534,78,0,78,612
03/10/2012,DAB,FL,ASO,ES,Combined TRACON& Tower with Radar,15,9,157,0,181,0,0,34,0,34,15,9,191,0,215,10,0,10,225
03/11/2012,DAB,FL,ASO,ES,Combined TRACON& Tower with Radar,11,6,79,0,96,0,0,7,0,7,11,6,86,0,103,0,0,0,103
03/12/2012,DAB,FL,ASO,ES,Combined TRACON& Tower with Radar,12,4,127,2,145,0,0,702,1,703,12,4,829,3,848,285,0,285,1133
03/13/2012,DAB,FL,ASO,ES,Combined TRACON& Tower with Radar,12,6,125,1,144,0,1,871,1,873,12,7,996,2,1017,418,0,418,1435
03/14/2012,DAB,FL,ASO,ES,Combined TRACON& Tower with Radar,12,7,145,0,164,0,0,783,0,783,12,7,928,0,947,432,0,432,1379
03/15/2012,DAB,FL,ASO,ES,Combined TRACON& Tower with Radar,12,4,144,5,165,0,0,708,1,709,12,4,852,6,874,437,0,437,1311
03/16/2012,DAB,FL,ASO,ES,Combined TRACON& Tower with Radar,12,7,132,0,151,0,1,692,0,693,12,8,824,0,844,382,0,382,1226
03/17/2012,DAB,FL,ASO,ES,Combined TRACON& Tower with Radar,15,6,103,0,124,0,0,575,0,575,15,6,678,0,699,354,0,354,1053
03/18/2012,DAB,FL,ASO,ES,Combined TRACON& Tower with Radar,11,5,66,0,82,0,0,134,2,136,11,5,200,2,218,104,0,104,322
03/19/2012,DAB,FL,ASO,ES,Combined TRACON& Tower with Radar,12,7,110,9,138,0,2,587,0,589,12,9,697,9,727,304,0,304,1031
03/20/2012,DAB,FL,ASO,ES,Combined TRACON& Tower with Radar,12,11,128,3,154,0,0,666,1,667,12,11,794,4,821,356,0,356,1177
03/21/2012,DAB,FL,ASO,ES,Combined TRACON& Tower with Radar,12,7,137,7,163,0,0,307,0,307,12,7,444,7,470,248,0,248,718
03/22/2012,DAB,FL,ASO,ES,Combined TRACON& Tower with Radar,14,4,126,4,148,0,0,610,2,612,14,4,736,6,760,301,0,301,1061
03/23/2012,DAB,FL,ASO,ES,Combined TRACON& Tower with Radar,11,7,93,2,113,0,2,411,5,418,11,9,504,7,531,132,0,132,663
03/24/2012,DAB,FL,ASO,ES,Combined TRACON& Tower with Radar,19,3,53,0,75,0,0,255,0,255,19,3,308,0,330,149,0,149,479
03/25/2012,DAB,FL,ASO,ES,Combined TRACON& Tower with Radar,12,8,42,2,64,0,0,79,2,81,12,8,121,4,145,10,0,10,155
03/26/2012,DAB,FL,ASO,ES,Combined TRACON& Tower with Radar,12,4,116,1,133,0,0,643,2,645,12,4,759,3,778,278,0,278,1056
03/27/2012,DAB,FL,ASO,ES,Combined TRACON& Tower with Radar,12,6,139,1,158,0,0,696,0,696,12,6,835,1,854,394,0,394,1248
03/28/2012,DAB,FL,ASO,ES,Combined TRACON& Tower with Radar,12,10,148,5,175,0,1,735,0,736,12,11,883,5,911,428,0,428,1339
03/29/2012,DAB,FL,ASO,ES,Combined TRACON& Tower with Radar,12,7,136,6,161,0,0,728,3,731,12,7,864,9,892,426,0,426,1318
03/30/2012,DAB,FL,ASO,ES,Combined TRACON& Tower with Radar,12,4,103,0,119,0,0,611,2,613,12,4,714,2,732,313,0,313,1045
03/31/2012,DAB,FL,ASO,ES,Combined TRACON& Tower with Radar,15,3,62,0,80,0,0,301,0,301,15,3,363,0,381,128,0,128,509
04/01/2012,DAB,FL,ASO,ES,Combined TRACON& Tower with Radar,11,5,45,0,61,0,0,159,4,163,11,5,204,4,224,116,0,116,340
04/02/2012,DAB,FL,ASO,ES,Combined TRACON& Tower with Radar,12,6,136,0,154,0,0,494,2,496,12,6,630,2,650,200,0,200,850
04/03/2012,DAB,FL,ASO,ES,Combined TRACON& Tower with Radar,12,6,127,0,145,0,0,526,0,526,12,6,653,0,671,290,0,290,961
04/04/2012,DAB,FL,ASO,ES,Combined TRACON& Tower with Radar,12,8,115,2,137,0,0,646,0,646,12,8,761,2,783,436,0,436,1219
04/05/2012,DAB,FL,ASO,ES,Combined TRACON& Tower with Radar,12,6,121,1,140,0,0,617,0,617,12,6,738,1,757,395,0,395,1152
04/06/2012,DAB,FL,ASO,ES,Combined TRACON& Tower with Radar,12,4,82,1,99,0,0,278,4,282,12,4,360,5,381,128,4,132,513
04/07/2012,DAB,FL,ASO,ES,Combined TRACON& Tower with Radar,15,3,123,0,141,0,0,380,1,381,15,3,503,1,522,148,0,148,670
04/08/2012,DAB,FL,ASO,ES,Combined TRACON& Tower with Radar,11,5,44,0,60,0,0,185,0,185,11,5,229,0,245,220,0,220,465
04/09/2012,DAB,FL,ASO,ES,Combined TRACON& Tower with Radar,12,6,115,6,139,0,0,579,0,579,12,6,694,6,718,3,0,3,721
04/10/2012,DAB,FL,ASO,ES,Combined TRACON& Tower with Radar,11,4,105,0,120,0,0,600,0,600,11,4,705,0,720,32,0,32,752
04/11/2012,DAB,FL,ASO,ES,Combined TRACON& Tower with Radar,11,9,115,3,138,0,0,402,0,402,11,9,517,3,540,0,0,0,540
04/12/2012,DAB,FL,ASO,ES,Combined TRACON& Tower with Radar,12,9,102,0,123,0,0,465,1,466,12,9,567,1,589,8,0,8,597
04/13/2012,DAB,FL,ASO,ES,Combined TRACON& Tower with Radar,12,4,163,2,181,0,0,743,0,743,12,4,906,2,924,330,0,330,1254
04/14/2012,DAB,FL,ASO,ES,Combined TRACON& Tower with Radar,15,6,86,0,107,0,0,192,2,194,15,6,278,2,301,28,0,28,329
04/15/2012,DAB,FL,ASO,ES,Combined TRACON& Tower with Radar,11,7,60,0,78,0,0,176,2,178,11,7,236,2,256,12,0,12,268
04/16/2012,DAB,FL,ASO,ES,Combined TRACON& Tower with Radar,12,6,118,1,137,0,0,602,1,603,12,6,720,2,740,111,0,111,851
04/17/2012,DAB,FL,ASO,ES,Combined TRACON& Tower with Radar,11,6,139,4,160,0,0,723,0,723,11,6,862,4,883,170,0,170,1053
04/18/2012,DAB,FL,ASO,ES,Combined TRACON& Tower with Radar,11,4,129,0,144,0,0,577,0,577,11,4,706,0,721,314,0,314,1035
04/19/2012,DAB,FL,ASO,ES,Combined TRACON& Tower with Radar,12,7,112,9,140,0,0,474,0,474,12,7,586,9,614,406,0,406,1020
04/20/2012,DAB,FL,ASO,ES,Combined TRACON& Tower with Radar,14,6,115,2,137,0,0,331,3,334,14,6,446,5,471,352,0,352,823
04/21/2012,DAB,FL,ASO,ES,Combined TRACON& Tower with Radar,15,5,81,0,101,0,0,245,0,245,15,5,326,0,346,288,0,288,634
04/22/2012,DAB,FL,ASO,ES,Combined TRACON& Tower with Radar,11,7,44,0,62,0,0,44,0,44,11,7,88,0,106,18,0,18,124
04/23/2012,DAB,FL,ASO,ES,Combined TRACON& Tower with Radar,12,5,88,0,105,0,0,372,4,376,12,5,460,4,481,126,0,126,607
04/24/2012,DAB,FL,ASO,ES,Combined TRACON& Tower with Radar,12,5,112,0,129,0,0,587,0,587,12,5,699,0,716,307,0,307,1023
04/25/2012,DAB,FL,ASO,ES,Combined TRACON& Tower with Radar,13,9,153,4,179,0,1,733,1,735,13,10,886,5,914,246,0,246,1160
04/26/2012,DAB,FL,ASO,ES,Combined TRACON& Tower with Radar,13,4,122,3,142,0,0,787,1,788,13,4,909,4,930,348,0,348,1278
04/27/2012,DAB,FL,ASO,ES,Combined TRACON& Tower with Radar,12,6,131,0,149,0,0,657,0,657,12,6,788,0,806,481,0,481,1287
04/28/2012,DAB,FL,ASO,ES,Combined TRACON& Tower with Radar,19,3,115,0,137,0,0,517,0,517,19,3,632,0,654,254,0,254,908
04/29/2012,DAB,FL,ASO,ES,Combined TRACON& Tower with Radar,11,5,59,2,77,0,0,92,0,92,11,5,151,2,169,26,0,26,195
04/30/2012,DAB,FL,ASO,ES,Combined TRACON& Tower with Radar,12,4,155,1,172,0,0,447,1,448,12,4,602,2,620,398,0,398,1018
05/01/2012,DAB,FL,ASO,ES,Combined TRACON& Tower with Radar,11,4,171,0,186,0,0,460,3,463,11,4,631,3,649,303,0,303,952
05/02/2012,DAB,FL,ASO,ES,Combined TRACON& Tower with Radar,11,5,155,0,171,0,0,567,0,567,11,5,722,0,738,362,0,362,1100
05/03/2012,DAB,FL,ASO,ES,Combined TRACON& Tower with Radar,12,6,122,4,144,0,0,662,1,663,12,6,784,5,807,355,0,355,1162
05/04/2012,DAB,FL,ASO,ES,Combined TRACON& Tower with Radar,12,5,133,4,154,0,0,670,0,670,12,5,803,4,824,443,0,443,1267
05/05/2012,DAB,FL,ASO,ES,Combined TRACON& Tower with Radar,15,3,101,0,119,0,0,523,0,523,15,3,624,0,642,221,0,221,863
05/06/2012,DAB,FL,ASO,ES,Combined TRACON& Tower with Radar,11,6,62,0,79,0,0,150,0,150,11,6,212,0,229,85,0,85,314
05/07/2012,DAB,FL,ASO,ES,Combined TRACON& Tower with Radar,12,4,105,1,122,0,0,297,1,298,12,4,402,2,420,171,0,171,591
05/08/2012,DAB,FL,ASO,ES,Combined TRACON& Tower with Radar,11,6,127,0,144,0,0,632,0,632,11,6,759,0,776,441,0,441,1217
05/09/2012,DAB,FL,ASO,ES,Combined TRACON& Tower with Radar,11,6,111,2,130,0,0,496,0,496,11,6,607,2,626,268,0,268,894
05/10/2012,DAB,FL,ASO,ES,Combined TRACON& Tower with Radar,12,4,135,0,151,0,0,827,0,827,12,4,962,0,978,353,0,353,1331
05/11/2012,DAB,FL,ASO,ES,Combined TRACON& Tower with Radar,12,9,119,0,140,0,0,660,2,662,12,9,779,2,802,396,0,396,1198
05/12/2012,DAB,FL,ASO,ES,Combined TRACON& Tower with Radar,15,3,87,0,105,0,0,298,0,298,15,3,385,0,403,91,0,91,494
05/13/2012,DAB,FL,ASO,ES,Combined TRACON& Tower with Radar,13,5,41,2,61,0,0,67,1,68,13,5,108,3,129,20,0,20,149
05/14/2012,DAB,FL,ASO,ES,Combined TRACON& Tower with Radar,12,4,116,1,133,0,0,541,0,541,12,4,657,1,674,500,0,500,1174
05/15/2012,DAB,FL,ASO,ES,Combined TRACON& Tower with Radar,11,5,84,0,100,0,1,497,0,498,11,6,581,0,598,389,0,389,987
05/16/2012,DAB,FL,ASO,ES,Combined TRACON& Tower with Radar,13,4,137,4,158,0,0,356,0,356,13,4,493,4,514,334,0,334,848
05/17/2012,DAB,FL,ASO,ES,Combined TRACON& Tower with Radar,12,4,125,0,141,0,1,438,0,439,12,5,563,0,580,491,0,491,1071
05/18/2012,DAB,FL,ASO,ES,Combined TRACON& Tower with Radar,12,6,162,0,180,0,0,618,0,618,12,6,780,0,798,324,0,324,1122
05/19/2012,DAB,FL,ASO,ES,Combined TRACON& Tower with Radar,19,3,137,0,159,0,1,400,0,401,19,4,537,0,560,188,0,188,748
05/20/2012,DAB,FL,ASO,ES,Combined TRACON& Tower with Radar,11,5,59,0,75,0,0,137,0,137,11,5,196,0,212,34,0,34,246
05/21/2012,DAB,FL,ASO,ES,Combined TRACON& Tower with Radar,12,6,119,2,139,0,0,708,0,708,12,6,827,2,847,298,0,298,1145
05/22/2012,DAB,FL,ASO,ES,Combined TRACON& Tower with Radar,8,4,116,0,128,0,0,652,1,653,8,4,768,1,781,292,0,292,1073
05/23/2012,DAB,FL,ASO,ES,Combined TRACON& Tower with Radar,12,10,139,0,161,0,1,710,1,712,12,11,849,1,873,382,0,382,1255
05/24/2012,DAB,FL,ASO,ES,Combined TRACON& Tower with Radar,15,2,184,0,201,0,2,572,0,574,15,4,756,0,775,360,0,360,1135
05/25/2012,DAB,FL,ASO,ES,Combined TRACON& Tower with Radar,17,1,171,0,189,0,0,511,0,511,17,1,682,0,700,330,0,330,1030
05/26/2012,DAB,FL,ASO,ES,Combined TRACON& Tower with Radar,18,1,77,0,96,0,0,426,0,426,18,1,503,0,522,210,0,210,732
05/27/2012,DAB,FL,ASO,ES,Combined TRACON& Tower with Radar,10,5,12,0,27,0,0,28,0,28,10,5,40,0,55,14,0,14,69
05/28/2012,DAB,FL,ASO,ES,Combined TRACON& Tower with Radar,16,2,36,0,54,0,0,40,0,40,16,2,76,0,94,36,0,36,130
05/29/2012,DAB,FL,ASO,ES,Combined TRACON& Tower with Radar,15,7,131,0,153,0,0,119,0,119,15,7,250,0,272,32,0,32,304
05/30/2012,DAB,FL,ASO,ES,Combined TRACON& Tower with Radar,15,0,131,0,146,0,0,354,2,356,15,0,485,2,502,124,0,124,626
05/31/2012,DAB,FL,ASO,ES,Combined TRACON& Tower with Radar,14,5,128,2,149,0,0,435,0,435,14,5,563,2,584,273,0,273,857
06/01/2012,DAB,FL,ASO,ES,Combined TRACON& Tower with Radar,13,6,156,0,175,0,0,344,0,344,13,6,500,0,519,334,0,334,853
06/02/2012,DAB,FL,ASO,ES,Combined TRACON& Tower with Radar,17,2,102,1,122,0,0,401,1,402,17,2,503,2,524,227,0,227,751
06/03/2012,DAB,FL,ASO,ES,Combined TRACON& Tower with Radar,11,5,57,0,73,0,0,201,0,201,11,5,258,0,274,100,0,100,374
06/04/2012,DAB,FL,ASO,ES,Combined TRACON& Tower with Radar,16,0,123,0,139,0,0,701,0,701,16,0,824,0,840,340,0,340,1180
06/05/2012,DAB,FL,ASO,ES,Combined TRACON& Tower with Radar,15,0,93,0,108,0,0,460,1,461,15,0,553,1,569,196,0,196,765
06/06/2012,DAB,FL,ASO,ES,Combined TRACON& Tower with Radar,15,0,109,1,125,0,0,355,1,356,15,0,464,2,481,267,0,267,748
06/07/2012,DAB,FL,ASO,ES,Combined TRACON& Tower with Radar,15,1,110,3,129,0,0,389,0,389,15,1,499,3,518,292,0,292,810
06/08/2012,DAB,FL,ASO,ES,Combined TRACON& Tower with Radar,19,2,209,2,232,0,0,255,0,255,19,2,464,2,487,159,0,159,646
06/09/2012,DAB,FL,ASO,ES,Combined TRACON& Tower with Radar,18,3,137,0,158,0,0,266,0,266,18,3,403,0,424,318,0,318,742
06/10/2012,DAB,FL,ASO,ES,Combined TRACON& Tower with Radar,11,6,57,0,74,0,0,89,0,89,11,6,146,0,163,0,0,0,163
06/11/2012,DAB,FL,ASO,ES,Combined TRACON& Tower with Radar,17,0,149,0,166,0,0,598,0,598,17,0,747,0,764,320,0,320,1084
06/12/2012,DAB,FL,ASO,ES,Combined TRACON& Tower with Radar,16,5,150,4,175,0,1,687,0,688,16,6,837,4,863,272,0,272,1135
06/13/2012,DAB,FL,ASO,ES,Combined TRACON& Tower with Radar,15,0,124,1,140,0,0,605,1,606,15,0,729,2,746,387,0,387,1133
06/14/2012,DAB,FL,ASO,ES,Combined TRACON& Tower with Radar,17,1,182,0,200,0,2,450,2,454,17,3,632,2,654,214,0,214,868
06/15/2012,DAB,FL,ASO,ES,Combined TRACON& Tower with Radar,16,8,171,5,200,0,0,551,4,555,16,8,722,9,755,340,0,340,1095
06/16/2012,DAB,FL,ASO,ES,Combined TRACON& Tower with Radar,18,1,136,0,155,0,0,402,0,402,18,1,538,0,557,236,0,236,793
06/17/2012,DAB,FL,ASO,ES,Combined TRACON& Tower with Radar,12,7,67,0,86,0,0,142,0,142,12,7,209,0,228,84,0,84,312
06/18/2012,DAB,FL,ASO,ES,Combined TRACON& Tower with Radar,16,2,140,0,158,0,0,632,0,632,16,2,772,0,790,515,0,515,1305
06/19/2012,DAB,FL,ASO,ES,Combined TRACON& Tower with Radar,16,0,119,0,135,0,7,621,2,630,16,7,740,2,765,466,0,466,1231
06/20/2012,DAB,FL,ASO,ES,Combined TRACON& Tower with Radar,14,6,161,0,181,0,0,433,0,433,14,6,594,0,614,298,0,298,912
06/21/2012,DAB,FL,ASO,ES,Combined TRACON& Tower with Radar,16,1,222,0,239,0,0,451,0,451,16,1,673,0,690,422,0,422,1112
06/22/2012,DAB,FL,ASO,ES,Combined TRACON& Tower with Radar,16,2,211,11,240,0,0,417,0,417,16,2,628,11,657,326,0,326,983
06/23/2012,DAB,FL,ASO,ES,Combined TRACON& Tower with Radar,18,3,99,0,120,0,0,388,2,390,18,3,487,2,510,218,0,218,728
06/24/2012,DAB,FL,ASO,ES,Combined TRACON& Tower with Radar,11,11,44,1,67,0,0,12,4,16,11,11,56,5,83,0,0,0,83
06/25/2012,DAB,FL,ASO,ES,Combined TRACON& Tower with Radar,17,3,53,0,73,0,0,25,0,25,17,3,78,0,98,0,0,0,98
06/26/2012,DAB,FL,ASO,ES,Combined TRACON& Tower with Radar,16,1,118,0,135,0,0,35,0,35,16,1,153,0,170,12,0,12,182
06/27/2012,DAB,FL,ASO,ES,Combined TRACON& Tower with Radar,15,2,145,0,162,0,1,53,0,54,15,3,198,0,216,0,0,0,216
06/28/2012,DAB,FL,ASO,ES,Combined TRACON& Tower with Radar,15,2,146,4,167,0,0,776,2,778,15,2,922,6,945,350,0,350,1295
06/29/2012,DAB,FL,ASO,ES,Combined TRACON& Tower with Radar,16,0,152,0,168,0,2,679,11,692,16,2,831,11,860,281,8,289,1149
06/30/2012,DAB,FL,ASO,ES,Combined TRACON& Tower with Radar,18,0,131,0,149,0,0,476,0,476,18,0,607,0,625,222,0,222,847
07/01/2012,DAB,FL,ASO,ES,Combined TRACON& Tower with Radar,11,3,54,1,69,0,0,126,1,127,11,3,180,2,196,52,0,52,248
07/02/2012,DAB,FL,ASO,ES,Combined TRACON& Tower with Radar,16,2,94,1,113,0,1,470,1,472,16,3,564,2,585,318,0,318,903
07/03/2012,DAB,FL,ASO,ES,Combined TRACON& Tower with Radar,17,0,118,0,135,0,0,612,0,612,17,0,730,0,747,385,0,385,1132
07/04/2012,DAB,FL,ASO,ES,Combined TRACON& Tower with Radar,14,1,75,1,91,0,2,282,0,284,14,3,357,1,375,168,0,168,543
07/05/2012,DAB,FL,ASO,ES,Combined TRACON& Tower with Radar,14,7,167,0,188,0,1,600,0,601,14,8,767,0,789,305,0,305,1094
07/06/2012,DAB,FL,ASO,ES,Combined TRACON& Tower with Radar,17,8,125,4,154,0,1,520,3,524,17,9,645,7,678,246,0,246,924
07/07/2012,DAB,FL,ASO,ES,Combined TRACON& Tower with Radar,17,16,127,0,160,0,0,296,2,298,17,16,423,2,458,212,0,212,670
07/08/2012,DAB,FL,ASO,ES,Combined TRACON& Tower with Radar,11,12,106,0,129,0,0,113,0,113,11,12,219,0,242,86,0,86,328
07/09/2012,DAB,FL,ASO,ES,Combined TRACON& Tower with Radar,12,6,91,3,112,0,0,430,1,431,12,6,521,4,543,270,0,270,813
07/10/2012,DAB,FL,ASO,ES,Combined TRACON& Tower with Radar,17,4,129,0,150,0,2,594,0,596,17,6,723,0,746,303,0,303,1049
07/11/2012,DAB,FL,ASO,ES,Combined TRACON& Tower with Radar,19,1,127,0,147,0,1,405,0,406,19,2,532,0,553,375,0,375,928
07/12/2012,DAB,FL,ASO,ES,Combined TRACON& Tower with Radar,17,2,159,4,182,0,0,497,1,498,17,2,656,5,680,390,0,390,1070
07/13/2012,DAB,FL,ASO,ES,Combined TRACON& Tower with Radar,17,3,106,4,130,0,1,564,4,569,17,4,670,8,699,341,0,341,1040
07/14/2012,DAB,FL,ASO,ES,Combined TRACON& Tower with Radar,17,4,126,3,150,0,0,408,3,411,17,4,534,6,561,247,0,247,808
07/15/2012,DAB,FL,ASO,ES,Combined TRACON& Tower with Radar,16,0,56,2,74,0,0,136,0,136,16,0,192,2,210,38,0,38,248
07/16/2012,DAB,FL,ASO,ES,Combined TRACON& Tower with Radar,15,0,152,0,167,0,0,537,0,537,15,0,689,0,704,398,0,398,1102
07/17/2012,DAB,FL,ASO,ES,Combined TRACON& Tower with Radar,17,0,182,1,200,0,0,305,13,318,17,0,487,14,518,246,26,272,790
07/18/2012,DAB,FL,ASO,ES,Combined TRACON& Tower with Radar,16,2,109,0,127,0,2,690,1,693,16,4,799,1,820,437,0,437,1257
07/19/2012,DAB,FL,ASO,ES,Combined TRACON& Tower with Radar,16,3,118,10,147,0,0,635,0,635,16,3,753,10,782,242,0,242,1024
07/20/2012,DAB,FL,ASO,ES,Combined TRACON& Tower with Radar,15,0,131,3,149,0,1,681,1,683,15,1,812,4,832,447,0,447,1279
07/21/2012,DAB,FL,ASO,ES,Combined TRACON& Tower with Radar,15,5,117,0,137,0,2,407,0,409,15,7,524,0,546,242,0,242,788
07/22/2012,DAB,FL,ASO,ES,Combined TRACON& Tower with Radar,16,4,70,1,91,0,2,114,3,119,16,6,184,4,210,104,0,104,314
07/23/2012,DAB,FL,ASO,ES,Combined TRACON& Tower with Radar,16,0,99,1,116,0,0,313,1,314,16,0,412,2,430,192,0,192,622
07/24/2012,DAB,FL,ASO,ES,Combined TRACON& Tower with Radar,16,0,102,3,121,0,0,681,3,684,16,0,783,6,805,417,0,417,1222
07/25/2012,DAB,FL,ASO,ES,Combined TRACON& Tower with Radar,16,0,150,0,166,0,0,528,0,528,16,0,678,0,694,294,0,294,988
07/26/2012,DAB,FL,ASO,ES,Combined TRACON& Tower with Radar,16,2,125,0,143,0,0,588,2,590,16,2,713,2,733,388,0,388,1121
07/27/2012,DAB,FL,ASO,ES,Combined TRACON& Tower with Radar,16,0,134,4,154,0,0,559,0,559,16,0,693,4,713,287,0,287,1000
07/28/2012,DAB,FL,ASO,ES,Combined TRACON& Tower with Radar,14,6,103,3,126,0,0,389,0,389,14,6,492,3,515,264,0,264,779
07/29/2012,DAB,FL,ASO,ES,Combined TRACON& Tower with Radar,16,2,48,0,66,0,0,104,0,104,16,2,152,0,170,48,0,48,218
07/30/2012,DAB,FL,ASO,ES,Combined TRACON& Tower with Radar,16,1,87,0,104,0,0,372,0,372,16,1,459,0,476,204,0,204,680
07/31/2012,DAB,FL,ASO,ES,Combined TRACON& Tower with Radar,15,1,115,2,133,0,0,543,0,543,15,1,658,2,676,274,0,274,950
08/01/2012,DAB,FL,ASO,ES,Combined TRACON& Tower with Radar,17,0,94,21,132,0,0,413,1,414,17,0,507,22,546,240,0,240,786
08/02/2012,DAB,FL,ASO,ES,Combined TRACON& Tower with Radar,16,0,108,2,126,0,6,565,0,571,16,6,673,2,697,288,0,288,985
08/03/2012,DAB,FL,ASO,ES,Combined TRACON& Tower with Radar,16,2,126,0,144,0,0,423,0,423,16,2,549,0,567,150,0,150,717
08/04/2012,DAB,FL,ASO,ES,Combined TRACON& Tower with Radar,14,4,127,0,145,0,0,185,0,185,14,4,312,0,330,142,0,142,472
08/05/2012,DAB,FL,ASO,ES,Combined TRACON& Tower with Radar,16,1,68,0,85,0,0,22,0,22,16,1,90,0,107,16,0,16,123
08/06/2012,DAB,FL,ASO,ES,Combined TRACON& Tower with Radar,15,2,134,3,154,0,0,463,0,463,15,2,597,3,617,204,0,204,821
08/07/2012,DAB,FL,ASO,ES,Combined TRACON& Tower with Radar,17,1,120,0,138,0,0,504,2,506,17,1,624,2,644,262,0,262,906
08/08/2012,DAB,FL,ASO,ES,Combined TRACON& Tower with Radar,16,4,87,0,107,0,0,419,0,419,16,4,506,0,526,152,0,152,678
08/09/2012,DAB,FL,ASO,ES,Combined TRACON& Tower with Radar,15,1,110,0,126,0,1,506,0,507,15,2,616,0,633,234,0,234,867
08/10/2012,DAB,FL,ASO,ES,Combined TRACON& Tower with Radar,17,2,137,0,156,0,1,505,0,506,17,3,642,0,662,250,0,250,912
08/11/2012,DAB,FL,ASO,ES,Combined TRACON& Tower with Radar,14,6,142,0,162,0,0,358,1,359,14,6,500,1,521,192,0,192,713
08/12/2012,DAB,FL,ASO,ES,Combined TRACON& Tower with Radar,18,0,41,0,59,0,0,58,0,58,18,0,99,0,117,15,0,15,132
08/13/2012,DAB,FL,ASO,ES,Combined TRACON& Tower with Radar,15,0,98,3,116,0,0,342,0,342,15,0,440,3,458,201,0,201,659
08/14/2012,DAB,FL,ASO,ES,Combined TRACON& Tower with Radar,18,2,111,0,131,0,1,406,0,407,18,3,517,0,538,246,0,246,784
08/15/2012,DAB,FL,ASO,ES,Combined TRACON& Tower with Radar,14,2,118,0,134,0,0,460,0,460,14,2,578,0,594,200,0,200,794
08/16/2012,DAB,FL,ASO,ES,Combined TRACON& Tower with Radar,14,5,102,0,121,0,0,441,0,441,14,5,543,0,562,257,0,257,819
08/17/2012,DAB,FL,ASO,ES,Combined TRACON& Tower with Radar,13,2,94,1,110,0,0,349,1,350,13,2,443,2,460,214,0,214,674
08/18/2012,DAB,FL,ASO,ES,Combined TRACON& Tower with Radar,13,6,110,16,145,0,0,186,0,186,13,6,296,16,331,124,0,124,455
08/19/2012,DAB,FL,ASO,ES,Combined TRACON& Tower with Radar,14,0,48,0,62,0,0,41,0,41,14,0,89,0,103,22,0,22,125
08/20/2012,DAB,FL,ASO,ES,Combined TRACON& Tower with Radar,14,3,108,2,127,0,0,319,3,322,14,3,427,5,449,300,0,300,749
08/21/2012,DAB,FL,ASO,ES,Combined TRACON& Tower with Radar,16,3,113,0,132,0,0,362,0,362,16,3,475,0,494,242,0,242,736
08/22/2012,DAB,FL,ASO,ES,Combined TRACON& Tower with Radar,14,2,130,2,148,0,0,446,0,446,14,2,576,2,594,313,0,313,907
08/23/2012,DAB,FL,ASO,ES,Combined TRACON& Tower with Radar,16,2,156,17,191,0,0,577,2,579,16,2,733,19,770,262,0,262,1032
08/24/2012,DAB,FL,ASO,ES,Combined TRACON& Tower with Radar,14,0,154,0,168,0,0,498,1,499,14,0,652,1,667,308,0,308,975
08/25/2012,DAB,FL,ASO,ES,Combined TRACON& Tower with Radar,12,4,105,0,121,0,0,225,0,225,12,4,330,0,346,128,0,128,474
08/26/2012,DAB,FL,ASO,ES,Combined TRACON& Tower with Radar,14,2,35,0,51,0,0,9,0,9,14,2,44,0,60,26,0,26,86
08/27/2012,DAB,FL,ASO,ES,Combined TRACON& Tower with Radar,14,0,33,0,47,0,0,11,0,11,14,0,44,0,58,0,0,0,58
08/28/2012,DAB,FL,ASO,ES,Combined TRACON& Tower with Radar,14,0,143,4,161,0,0,240,2,242,14,0,383,6,403,84,0,84,487
08/29/2012,DAB,FL,ASO,ES,Combined TRACON& Tower with Radar,14,0,111,0,125,0,1,585,2,588,14,1,696,2,713,96,0,96,809
08/30/2012,DAB,FL,ASO,ES,Combined TRACON& Tower with Radar,14,1,202,0,217,0,0,462,0,462,14,1,664,0,679,288,0,288,967
08/31/2012,DAB,FL,ASO,ES,Combined TRACON& Tower with Radar,12,3,159,1,175,0,1,521,0,522,12,4,680,1,697,364,0,364,1061
09/01/2012,DAB,FL,ASO,ES,Combined TRACON& Tower with Radar,10,2,127,1,140,0,0,533,0,533,10,2,660,1,673,293,0,293,966
09/02/2012,DAB,FL,ASO,ES,Combined TRACON& Tower with Radar,12,2,31,0,45,0,0,91,0,91,12,2,122,0,136,48,0,48,184
09/03/2012,DAB,FL,ASO,ES,Combined TRACON& Tower with Radar,13,0,70,0,83,0,0,303,0,303,13,0,373,0,386,158,0,158,544
09/04/2012,DAB,FL,ASO,ES,Combined TRACON& Tower with Radar,15,2,115,3,135,0,0,708,0,708,15,2,823,3,843,448,0,448,1291
09/05/2012,DAB,FL,ASO,ES,Combined TRACON& Tower with Radar,14,0,103,11,128,0,0,582,6,588,14,0,685,17,716,262,22,284,1000
09/06/2012,DAB,FL,ASO,ES,Combined TRACON& Tower with Radar,14,0,80,4,98,0,0,516,0,516,14,0,596,4,614,404,0,404,1018
09/07/2012,DAB,FL,ASO,ES,Combined TRACON& Tower with Radar,18,3,117,3,141,0,0,576,0,576,18,3,693,3,717,304,0,304,1021
09/08/2012,DAB,FL,ASO,ES,Combined TRACON& Tower with Radar,12,3,74,0,89,0,0,451,0,451,12,3,525,0,540,196,0,196,736
09/09/2012,DAB,FL,ASO,ES,Combined TRACON& Tower with Radar,14,0,47,9,70,0,0,56,0,56,14,0,103,9,126,50,0,50,176
09/10/2012,DAB,FL,ASO,ES,Combined TRACON& Tower with Radar,12,2,101,0,115,0,0,499,2,501,12,2,600,2,616,216,0,216,832
09/11/2012,DAB,FL,ASO,ES,Combined TRACON& Tower with Radar,12,2,139,0,153,0,0,650,0,650,12,2,789,0,803,299,0,299,1102
09/12/2012,DAB,FL,ASO,ES,Combined TRACON& Tower with Radar,14,2,144,0,160,0,0,611,0,611,14,2,755,0,771,339,0,339,1110
09/13/2012,DAB,FL,ASO,ES,Combined TRACON& Tower with Radar,14,0,130,1,145,0,0,660,0,660,14,0,790,1,805,366,0,366,1171
09/14/2012,DAB,FL,ASO,ES,Combined TRACON& Tower with Radar,14,4,131,0,149,0,4,626,1,631,14,8,757,1,780,378,0,378,1158
09/15/2012,DAB,FL,ASO,ES,Combined TRACON& Tower with Radar,12,4,138,5,159,0,0,509,6,515,12,4,647,11,674,339,2,341,1015
09/16/2012,DAB,FL,ASO,ES,Combined TRACON& Tower with Radar,13,2,42,6,63,0,0,115,0,115,13,2,157,6,178,54,0,54,232
09/17/2012,DAB,FL,ASO,ES,Combined TRACON& Tower with Radar,13,4,118,0,135,0,0,413,0,413,13,4,531,0,548,36,0,36,584
09/18/2012,DAB,FL,ASO,ES,Combined TRACON& Tower with Radar,12,4,83,0,99,0,0,366,0,366,12,4,449,0,465,144,0,144,609
09/19/2012,DAB,FL,ASO,ES,Combined TRACON& Tower with Radar,14,1,203,0,218,0,1,274,0,275,14,2,477,0,493,244,0,244,737
09/20/2012,DAB,FL,ASO,ES,Combined TRACON& Tower with Radar,14,5,159,0,178,0,0,677,0,677,14,5,836,0,855,369,0,369,1224
09/21/2012,DAB,FL,ASO,ES,Combined TRACON& Tower with Radar,14,1,156,4,175,0,0,708,7,715,14,1,864,11,890,388,0,388,1278
09/22/2012,DAB,FL,ASO,ES,Combined TRACON& Tower with Radar,12,4,140,0,156,0,0,567,0,567,12,4,707,0,723,334,0,334,1057
09/23/2012,DAB,FL,ASO,ES,Combined TRACON& Tower with Radar,14,0,40,0,54,0,1,92,0,93,14,1,132,0,147,110,0,110,257
09/24/2012,DAB,FL,ASO,ES,Combined TRACON& Tower with Radar,12,4,143,2,161,0,0,678,0,678,12,4,821,2,839,276,0,276,1115
09/25/2012,DAB,FL,ASO,ES,Combined TRACON& Tower with Radar,12,4,122,0,138,0,0,164,0,164,12,4,286,0,302,150,0,150,452
09/26/2012,DAB,FL,ASO,ES,Combined TRACON& Tower with Radar,14,1,158,2,175,0,1,785,2,788,14,2,943,4,963,396,0,396,1359
09/27/2012,DAB,FL,ASO,ES,Combined TRACON& Tower with Radar,13,0,170,2,185,0,2,646,4,652,13,2,816,6,837,415,0,415,1252
09/28/2012,DAB,FL,ASO,ES,Combined TRACON& Tower with Radar,17,2,158,0,177,0,0,679,0,679,17,2,837,0,856,443,0,443,1299
09/29/2012,DAB,FL,ASO,ES,Combined TRACON& Tower with Radar,16,5,136,0,157,0,0,487,0,487,16,5,623,0,644,262,0,262,906
09/30/2012,DAB,FL,ASO,ES,Combined TRACON& Tower with Radar,16,0,34,2,52,0,0,95,0,95,16,0,129,2,147,70,0,70,217
10/01/2012,DAB,FL,ASO,ES,Combined TRACON& Tower with Radar,12,4,98,0,114,0,0,456,0,456,12,4,554,0,570,106,0,106,676
10/02/2012,DAB,FL,ASO,ES,Combined TRACON& Tower with Radar,14,2,163,4,183,0,0,263,0,263,14,2,426,4,446,164,0,164,610
10/03/2012,DAB,FL,ASO,ES,Combined TRACON& Tower with Radar,14,0,114,0,128,0,0,494,0,494,14,0,608,0,622,250,0,250,872
10/04/2012,DAB,FL,ASO,ES,Combined TRACON& Tower with Radar,14,0,150,0,164,0,0,551,0,551,14,0,701,0,715,259,0,259,974
10/05/2012,DAB,FL,ASO,ES,Combined TRACON& Tower with Radar,16,0,253,1,270,0,0,565,2,567,16,0,818,3,837,496,0,496,1333
10/06/2012,DAB,FL,ASO,ES,Combined TRACON& Tower with Radar,16,2,134,1,153,0,0,361,0,361,16,2,495,1,514,164,0,164,678
10/07/2012,DAB,FL,ASO,ES,Combined TRACON& Tower with Radar,14,4,76,0,94,0,0,162,0,162,14,4,238,0,256,68,0,68,324
10/08/2012,DAB,FL,ASO,ES,Combined TRACON& Tower with Radar,12,0,125,3,140,0,0,423,0,423,12,0,548,3,563,196,0,196,759
10/09/2012,DAB,FL,ASO,ES,Combined TRACON& Tower with Radar,15,0,227,8,250,0,0,350,1,351,15,0,577,9,601,268,0,268,869
10/10/2012,DAB,FL,ASO,ES,Combined TRACON& Tower with Radar,14,1,137,4,156,0,1,956,0,957,14,2,1093,4,1113,479,0,479,1592
10/11/2012,DAB,FL,ASO,ES,Combined TRACON& Tower with Radar,14,0,125,3,142,0,2,641,11,654,14,2,766,14,796,394,0,394,1190
10/12/2012,DAB,FL,ASO,ES,Combined TRACON& Tower with Radar,14,0,73,1,88,0,0,418,12,430,14,0,491,13,518,175,0,175,693
10/13/2012,DAB,FL,ASO,ES,Combined TRACON& Tower with Radar,12,2,51,3,68,0,11,204,5,220,12,13,255,8,288,116,0,116,404
10/14/2012,DAB,FL,ASO,ES,Combined TRACON& Tower with Radar,14,1,32,7,54,0,0,95,7,102,14,1,127,14,156,38,0,38,194
10/15/2012,DAB,FL,ASO,ES,Combined TRACON& Tower with Radar,14,0,171,4,189,0,0,638,0,638,14,0,809,4,827,331,0,331,1158
10/16/2012,DAB,FL,ASO,ES,Combined TRACON& Tower with Radar,14,0,160,4,178,0,0,956,1,957,14,0,1116,5,1135,478,0,478,1613
10/17/2012,DAB,FL,ASO,ES,Combined TRACON& Tower with Radar,12,2,165,0,179,0,0,708,1,709,12,2,873,1,888,400,0,400,1288
10/18/2012,DAB,FL,ASO,ES,Combined TRACON& Tower with Radar,15,3,128,0,146,0,0,642,2,644,15,3,770,2,790,285,0,285,1075
10/19/2012,DAB,FL,ASO,ES,Combined TRACON& Tower with Radar,12,3,164,0,179,0,2,559,3,564,12,5,723,3,743,196,0,196,939
10/20/2012,DAB,FL,ASO,ES,Combined TRACON& Tower with Radar,14,4,104,0,122,0,0,506,0,506,14,4,610,0,628,132,0,132,760
10/21/2012,DAB,FL,ASO,ES,Combined TRACON& Tower with Radar,13,3,50,0,66,0,1,168,0,169,13,4,218,0,235,8,0,8,243
10/22/2012,DAB,FL,ASO,ES,Combined TRACON& Tower with Radar,14,2,124,2,142,0,0,560,0,560,14,2,684,2,702,250,0,250,952
10/23/2012,DAB,FL,ASO,ES,Combined TRACON& Tower with Radar,14,3,144,2,163,0,1,692,0,693,14,4,836,2,856,423,0,423,1279
10/24/2012,DAB,FL,ASO,ES,Combined TRACON& Tower with Radar,14,1,135,0,150,0,0,653,0,653,14,1,788,0,803,504,0,504,1307
10/25/2012,DAB,FL,ASO,ES,Combined TRACON& Tower with Radar,14,1,113,1,129,0,0,336,1,337,14,1,449,2,466,207,0,207,673
10/26/2012,DAB,FL,ASO,ES,Combined TRACON& Tower with Radar,12,2,8,0,22,0,0,2,0,2,12,2,10,0,24,0,0,0,24
10/27/2012,DAB,FL,ASO,ES,Combined TRACON& Tower with Radar,12,6,10,0,28,0,0,7,0,7,12,6,17,0,35,2,0,2,37
10/28/2012,DAB,FL,ASO,ES,Combined TRACON& Tower with Radar,14,0,60,0,74,0,0,85,0,85,14,0,145,0,159,114,0,114,273
10/29/2012,DAB,FL,ASO,ES,Combined TRACON& Tower with Radar,12,2,136,1,151,0,0,615,0,615,12,2,751,1,766,248,0,248,1014
10/30/2012,DAB,FL,ASO,ES,Combined TRACON& Tower with Radar,14,0,150,2,166,0,0,753,0,753,14,0,903,2,919,394,0,394,1313
10/31/2012,DAB,FL,ASO,ES,Combined TRACON& Tower with Radar,10,0,161,2,173,0,0,786,32,818,10,0,947,34,991,261,0,261,1252
11/01/2012,DAB,FL,ASO,ES,Combined TRACON& Tower with Radar,14,2,129,2,147,0,2,731,0,733,14,4,860,2,880,221,0,221,1101
11/02/2012,DAB,FL,ASO,ES,Combined TRACON& Tower with Radar,16,3,146,0,165,0,0,822,2,824,16,3,968,2,989,234,0,234,1223
11/03/2012,DAB,FL,ASO,ES,Combined TRACON& Tower with Radar,18,2,124,3,147,0,1,688,1,690,18,3,812,4,837,317,0,317,1154
11/04/2012,DAB,FL,ASO,ES,Combined TRACON& Tower with Radar,14,2,70,4,90,0,0,194,2,196,14,2,264,6,286,62,0,62,348
11/05/2012,DAB,FL,ASO,ES,Combined TRACON& Tower with Radar,12,1,126,0,139,0,0,537,10,547,12,1,663,10,686,351,6,357,1043
11/06/2012,DAB,FL,ASO,ES,Combined TRACON& Tower with Radar,16,0,134,4,154,0,0,664,0,664,16,0,798,4,818,506,0,506,1324
11/07/2012,DAB,FL,ASO,ES,Combined TRACON& Tower with Radar,15,2,131,0,148,0,0,639,0,639,15,2,770,0,787,268,0,268,1055
11/08/2012,DAB,FL,ASO,ES,Combined TRACON& Tower with Radar,14,5,151,1,171,0,0,673,1,674,14,5,824,2,845,282,0,282,1127
11/09/2012,DAB,FL,ASO,ES,Combined TRACON& Tower with Radar,15,3,156,4,178,0,1,792,2,795,15,4,948,6,973,504,0,504,1477
11/10/2012,DAB,FL,ASO,ES,Combined TRACON& Tower with Radar,14,6,129,0,149,0,0,640,0,640,14,6,769,0,789,390,0,390,1179
11/11/2012,DAB,FL,ASO,ES,Combined TRACON& Tower with Radar,16,1,52,3,72,0,0,122,1,123,16,1,174,4,195,98,0,98,293
11/12/2012,DAB,FL,ASO,ES,Combined TRACON& Tower with Radar,14,2,131,1,148,0,0,555,2,557,14,2,686,3,705,168,0,168,873
11/13/2012,DAB,FL,ASO,ES,Combined TRACON& Tower with Radar,16,2,119,2,139,0,1,575,0,576,16,3,694,2,715,316,0,316,1031
11/14/2012,DAB,FL,ASO,ES,Combined TRACON& Tower with Radar,14,1,208,3,226,0,0,42,0,42,14,1,250,3,268,4,0,4,272
11/15/2012,DAB,FL,ASO,ES,Combined TRACON& Tower with Radar,14,4,228,0,246,0,0,5,0,5,14,4,233,0,251,2,0,2,253
11/16/2012,DAB,FL,ASO,ES,Combined TRACON& Tower with Radar,16,2,235,4,257,0,0,333,0,333,16,2,568,4,590,0,0,0,590
11/17/2012,DAB,FL,ASO,ES,Combined TRACON& Tower with Radar,14,4,179,2,199,0,0,290,1,291,14,4,469,3,490,308,0,308,798
11/18/2012,DAB,FL,ASO,ES,Combined TRACON& Tower with Radar,14,6,70,0,90,0,0,16,0,16,14,6,86,0,106,2,0,2,108
11/19/2012,DAB,FL,ASO,ES,Combined TRACON& Tower with Radar,12,4,204,2,222,0,0,0,1,1,12,4,204,3,223,0,0,0,223
11/20/2012,DAB,FL,ASO,ES,Combined TRACON& Tower with Radar,14,2,132,0,148,0,0,357,0,357,14,2,489,0,505,4,0,4,509
11/21/2012,DAB,FL,ASO,ES,Combined TRACON& Tower with Radar,14,3,107,0,124,0,0,462,0,462,14,3,569,0,586,6,0,6,592
11/22/2012,DAB,FL,ASO,ES,Combined TRACON& Tower with Radar,9,2,18,0,29,0,0,23,0,23,9,2,41,0,52,20,0,20,72
11/23/2012,DAB,FL,ASO,ES,Combined TRACON& Tower with Radar,15,2,73,0,90,0,0,423,0,423,15,2,496,0,513,102,0,102,615
11/24/2012,DAB,FL,ASO,ES,Combined TRACON& Tower with Radar,16,3,79,0,98,0,0,406,0,406,16,3,485,0,504,188,0,188,692
11/25/2012,DAB,FL,ASO,ES,Combined TRACON& Tower with Radar,14,7,86,0,107,0,0,151,0,151,14,7,237,0,258,72,0,72,330
11/26/2012,DAB,FL,ASO,ES,Combined TRACON& Tower with Radar,14,3,148,0,165,0,0,709,0,709,14,3,857,0,874,412,0,412,1286
11/27/2012,DAB,FL,ASO,ES,Combined TRACON& Tower with Radar,12,5,129,2,148,0,0,731,1,732,12,5,860,3,880,506,0,506,1386
11/28/2012,DAB,FL,ASO,ES,Combined TRACON& Tower with Radar,14,2,301,3,320,0,0,60,1,61,14,2,361,4,381,6,0,6,387
11/29/2012,DAB,FL,ASO,ES,Combined TRACON& Tower with Radar,14,2,132,0,148,0,2,721,5,728,14,4,853,5,876,621,0,621,1497
11/30/2012,DAB,FL,ASO,ES,Combined TRACON& Tower with Radar,14,4,129,4,151,0,0,807,0,807,14,4,936,4,958,528,0,528,1486
12/01/2012,DAB,FL,ASO,ES,Combined TRACON& Tower with Radar,14,2,129,1,146,0,0,637,0,637,14,2,766,1,783,506,0,506,1289
12/02/2012,DAB,FL,ASO,ES,Combined TRACON& Tower with Radar,14,0,43,0,57,0,0,147,0,147,14,0,190,0,204,88,0,88,292
12/03/2012,DAB,FL,ASO,ES,Combined TRACON& Tower with Radar,12,2,156,9,179,0,0,666,1,667,12,2,822,10,846,478,0,478,1324
12/04/2012,DAB,FL,ASO,ES,Combined TRACON& Tower with Radar,12,4,152,3,171,0,0,772,5,777,12,4,924,8,948,436,0,436,1384
12/05/2012,DAB,FL,ASO,ES,Combined TRACON& Tower with Radar,14,1,209,1,225,0,0,284,2,286,14,1,493,3,511,270,0,270,781
12/06/2012,DAB,FL,ASO,ES,Combined TRACON& Tower with Radar,14,5,121,0,140,0,0,679,0,679,14,5,800,0,819,428,0,428,1247
12/07/2012,DAB,FL,ASO,ES,Combined TRACON& Tower with Radar,13,2,136,3,154,0,0,8,0,8,13,2,144,3,162,0,0,0,162
12/08/2012,DAB,FL,ASO,ES,Combined TRACON& Tower with Radar,12,4,144,0,160,0,0,284,0,284,12,4,428,0,444,294,0,294,738
12/09/2012,DAB,FL,ASO,ES,Combined TRACON& Tower with Radar,11,5,68,0,84,0,0,144,0,144,11,5,212,0,228,94,0,94,322
12/10/2012,DAB,FL,ASO,ES,Combined TRACON& Tower with Radar,12,1,93,0,106,0,0,222,0,222,12,1,315,0,328,158,0,158,486
12/11/2012,DAB,FL,ASO,ES,Combined TRACON& Tower with Radar,12,0,132,1,145,0,0,32,0,32,12,0,164,1,177,28,0,28,205
12/12/2012,DAB,FL,ASO,ES,Combined TRACON& Tower with Radar,14,3,184,0,201,0,0,35,0,35,14,3,219,0,236,28,0,28,264
12/13/2012,DAB,FL,ASO,ES,Combined TRACON& Tower with Radar,16,1,117,3,137,0,0,3,0,3,16,1,120,3,140,0,0,0,140
12/14/2012,DAB,FL,ASO,ES,Combined TRACON& Tower with Radar,14,0,206,2,222,0,0,97,2,99,14,0,303,4,321,18,0,18,339
12/15/2012,DAB,FL,ASO,ES,Combined TRACON& Tower with Radar,16,3,118,0,137,0,0,560,0,560,16,3,678,0,697,271,0,271,968
12/16/2012,DAB,FL,ASO,ES,Combined TRACON& Tower with Radar,14,3,74,0,91,0,0,130,0,130,14,3,204,0,221,142,0,142,363
12/17/2012,DAB,FL,ASO,ES,Combined TRACON& Tower with Radar,12,0,107,2,121,0,0,495,0,495,12,0,602,2,616,332,0,332,948
12/18/2012,DAB,FL,ASO,ES,Combined TRACON& Tower with Radar,12,1,136,2,151,0,0,364,0,364,12,1,500,2,515,144,0,144,659
12/19/2012,DAB,FL,ASO,ES,Combined TRACON& Tower with Radar,14,2,116,3,135,0,0,501,3,504,14,2,617,6,639,291,0,291,930
12/20/2012,DAB,FL,ASO,ES,Combined TRACON& Tower with Radar,13,0,79,0,92,0,0,251,0,251,13,0,330,0,343,14,0,14,357
12/21/2012,DAB,FL,ASO,ES,Combined TRACON& Tower with Radar,15,2,65,0,82,0,0,190,0,190,15,2,255,0,272,75,0,75,347
12/22/2012,DAB,FL,ASO,ES,Combined TRACON& Tower with Radar,14,5,46,0,65,0,1,149,0,150,14,6,195,0,215,0,0,0,215
12/23/2012,DAB,FL,ASO,ES,Combined TRACON& Tower with Radar,14,1,22,0,37,0,0,41,0,41,14,1,63,0,78,16,0,16,94
12/24/2012,DAB,FL,ASO,ES,Combined TRACON& Tower with Radar,10,2,21,0,33,0,0,82,1,83,10,2,103,1,116,6,0,6,122
12/25/2012,DAB,FL,ASO,ES,Combined TRACON& Tower with Radar,8,2,14,1,25,0,0,9,0,9,8,2,23,1,34,0,0,0,34
12/26/2012,DAB,FL,ASO,ES,Combined TRACON& Tower with Radar,12,4,24,0,40,0,0,74,0,74,12,4,98,0,114,30,0,30,144
12/27/2012,DAB,FL,ASO,ES,Combined TRACON& Tower with Radar,12,4,63,2,81,0,0,201,0,201,12,4,264,2,282,110,0,110,392
12/28/2012,DAB,FL,ASO,ES,Combined TRACON& Tower with Radar,12,3,66,0,81,0,0,191,2,193,12,3,257,2,274,62,0,62,336
12/29/2012,DAB,FL,ASO,ES,Combined TRACON& Tower with Radar,14,7,41,2,64,0,0,41,0,41,14,7,82,2,105,24,0,24,129
12/30/2012,DAB,FL,ASO,ES,Combined TRACON& Tower with Radar,12,2,37,0,51,0,0,38,0,38,12,2,75,0,89,12,0,12,101
12/31/2012,DAB,FL,ASO,ES,Combined TRACON& Tower with Radar,10,6,39,0,55,0,1,125,0,126,10,7,164,0,181,14,0,14,195
01/01/2013,DAB,FL,ASO,ES,Combined TRACON& Tower with Radar,8,10,11,0,29,0,1,9,0,10,8,11,20,0,39,0,0,0,39
01/02/2013,DAB,FL,ASO,ES,Combined TRACON& Tower with Radar,12,7,91,10,120,0,0,292,0,292,12,7,383,10,412,131,0,131,543
01/03/2013,DAB,FL,ASO,ES,Combined TRACON& Tower with Radar,12,9,134,1,156,0,0,2,1,3,12,9,136,2,159,0,0,0,159
01/04/2013,DAB,FL,ASO,ES,Combined TRACON& Tower with Radar,12,5,118,0,135,0,0,0,0,0,12,5,118,0,135,0,0,0,135
01/05/2013,DAB,FL,ASO,ES,Combined TRACON& Tower with Radar,14,6,128,5,153,0,0,477,0,477,14,6,605,5,630,387,0,387,1017
01/06/2013,DAB,FL,ASO,ES,Combined TRACON& Tower with Radar,14,7,98,1,120,0,0,132,0,132,14,7,230,1,252,122,0,122,374
01/07/2013,DAB,FL,ASO,ES,Combined TRACON& Tower with Radar,12,7,110,5,134,0,0,566,0,566,12,7,676,5,700,305,0,305,1005
01/08/2013,DAB,FL,ASO,ES,Combined TRACON& Tower with Radar,12,1,242,0,255,0,0,290,0,290,12,1,532,0,545,253,0,253,798
01/09/2013,DAB,FL,ASO,ES,Combined TRACON& Tower with Radar,15,0,118,4,137,0,0,499,2,501,15,0,617,6,638,380,0,380,1018
01/10/2013,DAB,FL,ASO,ES,Combined TRACON& Tower with Radar,14,2,148,1,165,0,0,543,0,543,14,2,691,1,708,358,0,358,1066
01/11/2013,DAB,FL,ASO,ES,Combined TRACON& Tower with Radar,14,0,167,15,196,0,0,578,5,583,14,0,745,20,779,321,0,321,1100
01/12/2013,DAB,FL,ASO,ES,Combined TRACON& Tower with Radar,17,5,136,4,162,0,2,561,0,563,17,7,697,4,725,398,0,398,1123
01/13/2013,DAB,FL,ASO,ES,Combined TRACON& Tower with Radar,14,4,51,2,71,0,0,200,3,203,14,4,251,5,274,98,0,98,372
01/14/2013,DAB,FL,ASO,ES,Combined TRACON& Tower with Radar,12,0,128,2,142,0,0,494,2,496,12,0,622,4,638,0,0,0,638
01/15/2013,DAB,FL,ASO,ES,Combined TRACON& Tower with Radar,12,3,92,1,108,0,0,523,1,524,12,3,615,2,632,144,0,144,776
01/16/2013,DAB,FL,ASO,ES,Combined TRACON& Tower with Radar,13,1,151,7,172,0,0,718,0,718,13,1,869,7,890,424,0,424,1314
01/17/2013,DAB,FL,ASO,ES,Combined TRACON& Tower with Radar,15,2,109,4,130,0,1,365,2,368,15,3,474,6,498,244,0,244,742
01/18/2013,DAB,FL,ASO,ES,Combined TRACON& Tower with Radar,16,8,115,2,141,0,0,113,0,113,16,8,228,2,254,34,0,34,288
01/19/2013,DAB,FL,ASO,ES,Combined TRACON& Tower with Radar,14,4,146,0,164,0,0,484,1,485,14,4,630,1,649,71,0,71,720
01/20/2013,DAB,FL,ASO,ES,Combined TRACON& Tower with Radar,14,0,89,0,103,0,0,85,0,85,14,0,174,0,188,28,0,28,216
01/21/2013,DAB,FL,ASO,ES,Combined TRACON& Tower with Radar,14,0,116,2,132,0,2,526,0,528,14,2,642,2,660,434,0,434,1094
01/22/2013,DAB,FL,ASO,ES,Combined TRACON& Tower with Radar,14,1,128,2,145,0,0,567,0,567,14,1,695,2,712,100,0,100,812
01/23/2013,DAB,FL,ASO,ES,Combined TRACON& Tower with Radar,14,12,143,0,169,0,1,769,0,770,14,13,912,0,939,398,0,398,1337
01/24/2013,DAB,FL,ASO,ES,Combined TRACON& Tower with Radar,14,12,159,4,189,0,2,762,0,764,14,14,921,4,953,460,0,460,1413
01/25/2013,DAB,FL,ASO,ES,Combined TRACON& Tower with Radar,14,8,185,3,210,0,0,795,3,798,14,8,980,6,1008,470,0,470,1478
01/26/2013,DAB,FL,ASO,ES,Combined TRACON& Tower with Radar,14,15,140,0,169,0,3,647,0,650,14,18,787,0,819,394,0,394,1213
01/27/2013,DAB,FL,ASO,ES,Combined TRACON& Tower with Radar,14,16,124,2,156,0,0,145,2,147,14,16,269,4,303,102,0,102,405
01/28/2013,DAB,FL,ASO,ES,Combined TRACON& Tower with Radar,12,4,153,0,169,0,0,626,0,626,12,4,779,0,795,348,0,348,1143
01/29/2013,DAB,FL,ASO,ES,Combined TRACON& Tower with Radar,12,2,130,5,149,0,0,641,0,641,12,2,771,5,790,393,0,393,1183
01/30/2013,DAB,FL,ASO,ES,Combined TRACON& Tower with Radar,14,4,95,2,115,0,0,325,1,326,14,4,420,3,441,0,0,0,441
01/31/2013,DAB,FL,ASO,ES,Combined TRACON& Tower with Radar,14,0,121,0,135,0,1,508,1,510,14,1,629,1,645,14,0,14,659
02/01/2013,DAB,FL,ASO,ES,Combined TRACON& Tower with Radar,14,5,119,3,141,0,0,686,2,688,14,5,805,5,829,474,0,474,1303
02/02/2013,DAB,FL,ASO,ES,Combined TRACON& Tower with Radar,14,5,155,0,174,0,0,695,3,698,14,5,850,3,872,372,0,372,1244
02/03/2013,DAB,FL,ASO,ES,Combined TRACON& Tower with Radar,13,3,35,0,51,0,0,142,0,142,13,3,177,0,193,122,0,122,315
02/04/2013,DAB,FL,ASO,ES,Combined TRACON& Tower with Radar,13,2,151,4,170,0,0,709,3,712,13,2,860,7,882,466,0,466,1348
02/05/2013,DAB,FL,ASO,ES,Combined TRACON& Tower with Radar,12,0,135,2,149,0,0,596,0,596,12,0,731,2,745,501,0,501,1246
02/06/2013,DAB,FL,ASO,ES,Combined TRACON& Tower with Radar,14,2,145,0,161,0,0,690,0,690,14,2,835,0,851,420,0,420,1271
02/07/2013,DAB,FL,ASO,ES,Combined TRACON& Tower with Radar,14,4,133,8,159,0,1,446,4,451,14,5,579,12,610,115,0,115,725
02/08/2013,DAB,FL,ASO,ES,Combined TRACON& Tower with Radar,14,3,182,13,212,0,0,801,5,806,14,3,983,18,1018,452,0,452,1470
02/09/2013,DAB,FL,ASO,ES,Combined TRACON& Tower with Radar,14,5,143,3,165,0,1,685,0,686,14,6,828,3,851,418,0,418,1269
02/10/2013,DAB,FL,ASO,ES,Combined TRACON& Tower with Radar,14,1,75,0,90,0,0,157,0,157,14,1,232,0,247,23,0,23,270
02/11/2013,DAB,FL,ASO,ES,Combined TRACON& Tower with Radar,12,0,104,0,116,0,2,566,0,568,12,2,670,0,684,102,0,102,786
02/12/2013,DAB,FL,ASO,ES,Combined TRACON& Tower with Radar,12,2,160,0,174,0,0,682,2,684,12,2,842,2,858,340,0,340,1198
02/13/2013,DAB,FL,ASO,ES,Combined TRACON& Tower with Radar,9,10,163,2,184,0,0,104,0,104,9,10,267,2,288,92,0,92,380
02/14/2013,DAB,FL,ASO,ES,Combined TRACON& Tower with Radar,11,8,266,3,288,0,1,422,0,423,11,9,688,3,711,356,0,356,1067
02/15/2013,DAB,FL,ASO,ES,Combined TRACON& Tower with Radar,10,11,204,1,226,0,1,719,0,720,10,12,923,1,946,341,0,341,1287
02/16/2013,DAB,FL,ASO,ES,Combined TRACON& Tower with Radar,13,15,132,0,160,0,0,392,0,392,13,15,524,0,552,167,0,167,719
02/17/2013,DAB,FL,ASO,ES,Combined TRACON& Tower with Radar,11,9,105,7,132,0,0,190,2,192,11,9,295,9,324,12,0,12,336
02/18/2013,DAB,FL,ASO,ES,Combined TRACON& Tower with Radar,10,8,155,1,174,0,2,541,0,543,10,10,696,1,717,346,0,346,1063
02/19/2013,DAB,FL,ASO,ES,Combined TRACON& Tower with Radar,12,9,160,5,186,0,0,635,3,638,12,9,795,8,824,319,0,319,1143
02/20/2013,DAB,FL,ASO,ES,Combined TRACON& Tower with Radar,16,17,199,6,238,0,0,684,0,684,16,17,883,6,922,341,0,341,1263
02/21/2013,DAB,FL,ASO,ES,Combined TRACON& Tower with Radar,13,18,193,2,226,0,0,699,0,699,13,18,892,2,925,450,0,450,1375
02/22/2013,DAB,FL,ASO,ES,Combined TRACON& Tower with Radar,14,20,173,2,209,0,0,419,1,420,14,20,592,3,629,6,0,6,635
02/23/2013,DAB,FL,ASO,ES,Combined TRACON& Tower with Radar,17,23,140,9,189,0,2,259,2,263,17,25,399,11,452,133,0,133,585
02/24/2013,DAB,FL,ASO,ES,Combined TRACON& Tower with Radar,17,46,302,3,368,0,1,40,0,41,17,47,342,3,409,0,0,0,409
02/25/2013,DAB,FL,ASO,ES,Combined TRACON& Tower with Radar,19,16,267,4,306,0,0,356,0,356,19,16,623,4,662,286,0,286,948
02/26/2013,DAB,FL,ASO,ES,Combined TRACON& Tower with Radar,14,7,83,0,104,0,0,128,2,130,14,7,211,2,234,70,0,70,304
02/27/2013,DAB,FL,ASO,ES,Combined TRACON& Tower with Radar,14,3,176,0,193,0,1,772,0,773,14,4,948,0,966,445,0,445,1411
02/28/2013,DAB,FL,ASO,ES,Combined TRACON& Tower with Radar,14,8,118,1,141,0,0,617,0,617,14,8,735,1,758,96,0,96,854
03/01/2013,DAB,FL,ASO,ES,Combined TRACON& Tower with Radar,14,3,136,0,153,0,0,717,2,719,14,3,853,2,872,364,0,364,1236
03/02/2013,DAB,FL,ASO,ES,Combined TRACON& Tower with Radar,13,9,78,1,101,0,3,267,1,271,13,12,345,2,372,79,0,79,451
03/03/2013,DAB,FL,ASO,ES,Combined TRACON& Tower with Radar,16,2,60,1,79,0,0,124,4,128,16,2,184,5,207,87,0,87,294
03/04/2013,DAB,FL,ASO,ES,Combined TRACON& Tower with Radar,16,4,123,0,143,0,0,653,0,653,16,4,776,0,796,470,0,470,1266
03/05/2013,DAB,FL,ASO,ES,Combined TRACON& Tower with Radar,16,0,126,0,142,0,9,698,5,712,16,9,824,5,854,270,0,270,1124
03/06/2013,DAB,FL,ASO,ES,Combined TRACON& Tower with Radar,16,0,77,5,98,0,0,284,2,286,16,0,361,7,384,120,0,120,504
03/07/2013,DAB,FL,ASO,ES,Combined TRACON& Tower with Radar,16,3,136,4,159,0,0,759,1,760,16,3,895,5,919,324,0,324,1243
03/08/2013,DAB,FL,ASO,ES,Combined TRACON& Tower with Radar,16,1,160,3,180,0,0,852,0,852,16,1,1012,3,1032,465,0,465,1497
03/09/2013,DAB,FL,ASO,ES,Combined TRACON& Tower with Radar,16,10,118,1,145,0,0,602,0,602,16,10,720,1,747,462,0,462,1209
03/10/2013,DAB,FL,ASO,ES,Combined TRACON& Tower with Radar,16,2,65,0,83,0,0,233,0,233,16,2,298,0,316,160,0,160,476
03/11/2013,DAB,FL,ASO,ES,Combined TRACON& Tower with Radar,16,2,128,0,146,0,0,470,2,472,16,2,598,2,618,40,0,40,658
03/12/2013,DAB,FL,ASO,ES,Combined TRACON& Tower with Radar,16,0,176,0,192,0,0,181,0,181,16,0,357,0,373,107,0,107,480
03/13/2013,DAB,FL,ASO,ES,Combined TRACON& Tower with Radar,16,4,155,5,180,0,2,536,0,538,16,6,691,5,718,216,0,216,934
03/14/2013,DAB,FL,ASO,ES,Combined TRACON& Tower with Radar,16,6,142,15,179,0,1,494,3,498,16,7,636,18,677,67,0,67,744
03/15/2013,DAB,FL,ASO,ES,Combined TRACON& Tower with Radar,16,4,163,0,183,0,1,778,2,781,16,5,941,2,964,412,0,412,1376
03/16/2013,DAB,FL,ASO,ES,Combined TRACON& Tower with Radar,14,11,124,2,151,0,0,452,0,452,14,11,576,2,603,226,0,226,829
03/17/2013,DAB,FL,ASO,ES,Combined TRACON& Tower with Radar,16,0,97,1,114,0,1,156,1,158,16,1,253,2,272,98,0,98,370
03/18/2013,DAB,FL,ASO,ES,Combined TRACON& Tower with Radar,14,4,143,0,161,0,0,548,1,549,14,4,691,1,710,482,0,482,1192
03/19/2013,DAB,FL,ASO,ES,Combined TRACON& Tower with Radar,16,4,147,5,172,0,2,647,0,649,16,6,794,5,821,294,0,294,1115
03/20/2013,DAB,FL,ASO,ES,Combined TRACON& Tower with Radar,16,10,131,0,157,0,0,316,0,316,16,10,447,0,473,4,0,4,477
03/21/2013,DAB,FL,ASO,ES,Combined TRACON& Tower with Radar,17,7,123,0,147,0,0,616,0,616,17,7,739,0,763,134,0,134,897
03/22/2013,DAB,FL,ASO,ES,Combined TRACON& Tower with Radar,16,0,152,0,168,0,0,608,3,611,16,0,760,3,779,376,0,376,1155
03/23/2013,DAB,FL,ASO,ES,Combined TRACON& Tower with Radar,18,11,103,0,132,0,0,115,0,115,18,11,218,0,247,120,0,120,367
03/24/2013,DAB,FL,ASO,ES,Combined TRACON& Tower with Radar,18,3,37,0,58,0,0,15,0,15,18,3,52,0,73,2,0,2,75
03/25/2013,DAB,FL,ASO,ES,Combined TRACON& Tower with Radar,16,2,118,0,136,0,0,353,0,353,16,2,471,0,489,0,0,0,489
03/26/2013,DAB,FL,ASO,ES,Combined TRACON& Tower with Radar,16,3,94,6,119,0,0,393,0,393,16,3,487,6,512,102,0,102,614
03/27/2013,DAB,FL,ASO,ES,Combined TRACON& Tower with Radar,16,2,143,2,163,0,1,706,0,707,16,3,849,2,870,202,0,202,1072
03/28/2013,DAB,FL,ASO,ES,Combined TRACON& Tower with Radar,16,2,132,0,150,0,0,820,0,820,16,2,952,0,970,488,0,488,1458
03/29/2013,DAB,FL,ASO,ES,Combined TRACON& Tower with Radar,18,5,125,7,155,0,0,781,4,785,18,5,906,11,940,444,0,444,1384
03/30/2013,DAB,FL,ASO,ES,Combined TRACON& Tower with Radar,18,11,145,0,174,0,0,522,0,522,18,11,667,0,696,178,0,178,874
03/31/2013,DAB,FL,ASO,ES,Combined TRACON& Tower with Radar,16,2,55,0,73,0,0,130,0,130,16,2,185,0,203,56,0,56,259
04/01/2013,DAB,FL,ASO,ES,Combined TRACON& Tower with Radar,16,2,143,2,163,0,0,471,0,471,16,2,614,2,634,249,0,249,883
04/02/2013,DAB,FL,ASO,ES,Combined TRACON& Tower with Radar,16,3,159,2,180,0,0,685,0,685,16,3,844,2,865,434,0,434,1299
04/03/2013,DAB,FL,ASO,ES,Combined TRACON& Tower with Radar,16,0,118,4,138,0,0,504,0,504,16,0,622,4,642,292,0,292,934
04/04/2013,DAB,FL,ASO,ES,Combined TRACON& Tower with Radar,16,7,125,0,148,0,0,320,0,320,16,7,445,0,468,193,0,193,661
04/05/2013,DAB,FL,ASO,ES,Combined TRACON& Tower with Radar,16,1,164,0,181,0,1,123,0,124,16,2,287,0,305,198,0,198,503
04/06/2013,DAB,FL,ASO,ES,Combined TRACON& Tower with Radar,16,7,151,0,174,0,0,403,1,404,16,7,554,1,578,162,0,162,740
04/07/2013,DAB,FL,ASO,ES,Combined TRACON& Tower with Radar,16,2,62,0,80,0,0,293,2,295,16,2,355,2,375,138,0,138,513
04/08/2013,DAB,FL,ASO,ES,Combined TRACON& Tower with Radar,16,3,150,0,169,0,0,795,0,795,16,3,945,0,964,488,0,488,1452
04/09/2013,DAB,FL,ASO,ES,Combined TRACON& Tower with Radar,16,2,134,0,152,0,0,622,0,622,16,2,756,0,774,278,0,278,1052
04/10/2013,DAB,FL,ASO,ES,Combined TRACON& Tower with Radar,16,1,140,4,161,0,0,650,1,651,16,1,790,5,812,238,0,238,1050
04/11/2013,DAB,FL,ASO,ES,Combined TRACON& Tower with Radar,15,7,154,0,176,0,0,351,0,351,15,7,505,0,527,42,0,42,569
04/12/2013,DAB,FL,ASO,ES,Combined TRACON& Tower with Radar,17,3,120,0,140,0,1,183,0,184,17,4,303,0,324,106,0,106,430
04/13/2013,DAB,FL,ASO,ES,Combined TRACON& Tower with Radar,16,7,155,0,178,0,0,438,0,438,16,7,593,0,616,276,0,276,892
04/14/2013,DAB,FL,ASO,ES,Combined TRACON& Tower with Radar,15,4,50,0,69,0,0,99,0,99,15,4,149,0,168,120,0,120,288
04/15/2013,DAB,FL,ASO,ES,Combined TRACON& Tower with Radar,15,2,141,4,162,0,0,772,0,772,15,2,913,4,934,482,0,482,1416
04/16/2013,DAB,FL,ASO,ES,Combined TRACON& Tower with Radar,14,8,163,3,188,0,1,744,0,745,14,9,907,3,933,618,0,618,1551
04/17/2013,DAB,FL,ASO,ES,Combined TRACON& Tower with Radar,16,4,178,2,200,0,0,684,2,686,16,4,862,4,886,458,0,458,1344
04/18/2013,DAB,FL,ASO,ES,Combined TRACON& Tower with Radar,16,6,139,9,170,0,1,695,4,700,16,7,834,13,870,417,0,417,1287
04/19/2013,DAB,FL,ASO,ES,Combined TRACON& Tower with Radar,14,2,124,3,143,0,0,270,0,270,14,2,394,3,413,20,0,20,433
04/20/2013,DAB,FL,ASO,ES,Combined TRACON& Tower with Radar,16,5,157,0,178,0,0,32,0,32,16,5,189,0,210,36,0,36,246
04/21/2013,DAB,FL,ASO,ES,Combined TRACON& Tower with Radar,16,4,55,2,77,0,0,25,0,25,16,4,80,2,102,27,0,27,129
04/22/2013,DAB,FL,ASO,ES,Combined TRACON& Tower with Radar,16,0,169,0,185,0,2,5,1,8,16,2,174,1,193,0,0,0,193
04/23/2013,DAB,FL,ASO,ES,Combined TRACON& Tower with Radar,16,5,159,0,180,0,0,614,4,618,16,5,773,4,798,386,0,386,1184
04/24/2013,DAB,FL,ASO,ES,Combined TRACON& Tower with Radar,16,0,117,3,136,0,0,846,0,846,16,0,963,3,982,455,0,455,1437
04/25/2013,DAB,FL,ASO,ES,Combined TRACON& Tower with Radar,16,2,159,0,177,0,0,886,0,886,16,2,1045,0,1063,498,0,498,1561
04/26/2013,DAB,FL,ASO,ES,Combined TRACON& Tower with Radar,16,0,137,3,156,0,1,624,3,628,16,1,761,6,784,412,0,412,1196
04/27/2013,DAB,FL,ASO,ES,Combined TRACON& Tower with Radar,16,8,95,2,121,0,0,474,0,474,16,8,569,2,595,382,0,382,977
04/28/2013,DAB,FL,ASO,ES,Combined TRACON& Tower with Radar,14,2,42,21,79,0,0,156,0,156,14,2,198,21,235,84,0,84,319
04/29/2013,DAB,FL,ASO,ES,Combined TRACON& Tower with Radar,16,5,91,0,112,0,1,465,0,466,16,6,556,0,578,70,0,70,648
04/30/2013,DAB,FL,ASO,ES,Combined TRACON& Tower with Radar,16,0,170,2,188,0,0,359,0,359,16,0,529,2,547,239,0,239,786
05/01/2013,DAB,FL,ASO,ES,Combined TRACON& Tower with Radar,16,5,157,2,180,0,0,502,0,502,16,5,659,2,682,415,0,415,1097
05/02/2013,DAB,FL,ASO,ES,Combined TRACON& Tower with Radar,16,0,167,11,194,0,0,57,0,57,16,0,224,11,251,46,0,46,297
05/03/2013,DAB,FL,ASO,ES,Combined TRACON& Tower with Radar,16,2,61,0,79,0,0,1,0,1,16,2,62,0,80,0,0,0,80
05/04/2013,DAB,FL,ASO,ES,Combined TRACON& Tower with Radar,14,6,141,2,163,0,2,103,0,105,14,8,244,2,268,100,0,100,368
05/05/2013,DAB,FL,ASO,ES,Combined TRACON& Tower with Radar,16,5,53,0,74,0,0,153,0,153,16,5,206,0,227,196,0,196,423
05/06/2013,DAB,FL,ASO,ES,Combined TRACON& Tower with Radar,16,2,130,1,149,0,0,749,1,750,16,2,879,2,899,230,0,230,1129
05/07/2013,DAB,FL,ASO,ES,Combined TRACON& Tower with Radar,16,3,114,0,133,0,1,711,1,713,16,4,825,1,846,253,0,253,1099
05/08/2013,DAB,FL,ASO,ES,Combined TRACON& Tower with Radar,16,2,164,5,187,0,0,817,5,822,16,2,981,10,1009,422,0,422,1431
05/09/2013,DAB,FL,ASO,ES,Combined TRACON& Tower with Radar,16,2,127,8,153,0,0,861,3,864,16,2,988,11,1017,520,0,520,1537
05/10/2013,DAB,FL,ASO,ES,Combined TRACON& Tower with Radar,18,0,121,0,139,0,0,630,2,632,18,0,751,2,771,356,0,356,1127
05/11/2013,DAB,FL,ASO,ES,Combined TRACON& Tower with Radar,11,8,82,0,101,0,0,369,0,369,11,8,451,0,470,274,0,274,744
05/12/2013,DAB,FL,ASO,ES,Combined TRACON& Tower with Radar,14,5,45,13,77,0,0,96,0,96,14,5,141,13,173,100,0,100,273
05/13/2013,DAB,FL,ASO,ES,Combined TRACON& Tower with Radar,16,0,152,0,168,0,0,677,0,677,16,0,829,0,845,366,0,366,1211
05/14/2013,DAB,FL,ASO,ES,Combined TRACON& Tower with Radar,16,0,123,1,140,0,0,676,1,677,16,0,799,2,817,330,0,330,1147
05/15/2013,DAB,FL,ASO,ES,Combined TRACON& Tower with Radar,16,2,132,2,152,0,3,739,2,744,16,5,871,4,896,551,0,551,1447
05/16/2013,DAB,FL,ASO,ES,Combined TRACON& Tower with Radar,14,2,127,0,143,0,0,694,0,694,14,2,821,0,837,436,0,436,1273
05/17/2013,DAB,FL,ASO,ES,Combined TRACON& Tower with Radar,16,3,110,22,151,0,0,635,0,635,16,3,745,22,786,399,0,399,1185
05/18/2013,DAB,FL,ASO,ES,Combined TRACON& Tower with Radar,14,6,88,4,112,0,0,494,2,496,14,6,582,6,608,397,0,397,1005
05/19/2013,DAB,FL,ASO,ES,Combined TRACON& Tower with Radar,14,2,33,8,57,0,0,127,0,127,14,2,160,8,184,90,0,90,274
05/20/2013,DAB,FL,ASO,ES,Combined TRACON& Tower with Radar,16,2,124,1,143,0,0,484,0,484,16,2,608,1,627,225,0,225,852
05/21/2013,DAB,FL,ASO,ES,Combined TRACON& Tower with Radar,16,4,128,0,148,0,0,548,2,550,16,4,676,2,698,452,0,452,1150
05/22/2013,DAB,FL,ASO,ES,Combined TRACON& Tower with Radar,16,0,200,0,216,0,0,281,0,281,16,0,481,0,497,173,0,173,670
05/23/2013,DAB,FL,ASO,ES,Combined TRACON& Tower with Radar,16,3,145,1,165,0,0,551,7,558,16,3,696,8,723,395,0,395,1118
05/24/2013,DAB,FL,ASO,ES,Combined TRACON& Tower with Radar,16,5,154,0,175,0,1,648,0,649,16,6,802,0,824,356,0,356,1180
05/25/2013,DAB,FL,ASO,ES,Combined TRACON& Tower with Radar,12,6,99,0,117,0,0,440,0,440,12,6,539,0,557,209,0,209,766
05/26/2013,DAB,FL,ASO,ES,Combined TRACON& Tower with Radar,13,2,46,0,61,0,0,200,0,200,13,2,246,0,261,97,0,97,358
05/27/2013,DAB,FL,ASO,ES,Combined TRACON& Tower with Radar,15,0,71,0,86,0,0,298,0,298,15,0,369,0,384,230,0,230,614
05/28/2013,DAB,FL,ASO,ES,Combined TRACON& Tower with Radar,16,2,169,0,187,0,1,586,2,589,16,3,755,2,776,287,0,287,1063
05/29/2013,DAB,FL,ASO,ES,Combined TRACON& Tower with Radar,16,2,204,1,223,0,0,347,1,348,16,2,551,2,571,220,0,220,791
05/30/2013,DAB,FL,ASO,ES,Combined TRACON& Tower with Radar,16,4,137,1,158,0,1,369,1,371,16,5,506,2,529,302,0,302,831
05/31/2013,DAB,FL,ASO,ES,Combined TRACON& Tower with Radar,16,1,158,4,179,0,1,305,0,306,16,2,463,4,485,112,0,112,597
06/01/2013,DAB,FL,ASO,ES,Combined TRACON& Tower with Radar,13,8,180,4,205,0,0,219,1,220,13,8,399,5,425,227,0,227,652
06/02/2013,DAB,FL,ASO,ES,Combined TRACON& Tower with Radar,17,2,56,1,76,0,0,36,0,36,17,2,92,1,112,32,0,32,144
06/03/2013,DAB,FL,ASO,ES,Combined TRACON& Tower with Radar,17,0,105,2,124,0,0,418,2,420,17,0,523,4,544,268,0,268,812
06/04/2013,DAB,FL,ASO,ES,Combined TRACON& Tower with Radar,16,2,116,2,136,0,0,385,0,385,16,2,501,2,521,94,0,94,615
06/05/2013,DAB,FL,ASO,ES,Combined TRACON& Tower with Radar,15,4,120,0,139,0,0,411,0,411,15,4,531,0,550,314,0,314,864
06/06/2013,DAB,FL,ASO,ES,Combined TRACON& Tower with Radar,17,5,28,0,50,0,0,3,0,3,17,5,31,0,53,0,0,0,53
06/07/2013,DAB,FL,ASO,ES,Combined TRACON& Tower with Radar,16,9,176,0,201,0,1,522,0,523,16,10,698,0,724,424,0,424,1148
06/08/2013,DAB,FL,ASO,ES,Combined TRACON& Tower with Radar,14,8,93,0,115,0,0,497,0,497,14,8,590,0,612,372,0,372,984
06/09/2013,DAB,FL,ASO,ES,Combined TRACON& Tower with Radar,16,9,66,0,91,0,1,147,0,148,16,10,213,0,239,78,0,78,317
06/10/2013,DAB,FL,ASO,ES,Combined TRACON& Tower with Radar,14,1,159,2,176,0,1,568,5,574,14,2,727,7,750,238,0,238,988
06/11/2013,DAB,FL,ASO,ES,Combined TRACON& Tower with Radar,16,1,162,0,179,0,1,553,0,554,16,2,715,0,733,209,0,209,942
06/12/2013,DAB,FL,ASO,ES,Combined TRACON& Tower with Radar,16,1,161,0,178,0,0,786,2,788,16,1,947,2,966,374,0,374,1340
06/13/2013,DAB,FL,ASO,ES,Combined TRACON& Tower with Radar,15,1,149,1,166,0,0,769,1,770,15,1,918,2,936,358,0,358,1294
06/14/2013,DAB,FL,ASO,ES,Combined TRACON& Tower with Radar,17,0,134,0,151,0,0,464,0,464,17,0,598,0,615,407,0,407,1022
06/15/2013,DAB,FL,ASO,ES,Combined TRACON& Tower with Radar,14,6,130,0,150,0,0,401,0,401,14,6,531,0,551,280,0,280,831
06/16/2013,DAB,FL,ASO,ES,Combined TRACON& Tower with Radar,16,2,62,0,80,0,1,112,0,113,16,3,174,0,193,21,0,21,214
06/17/2013,DAB,FL,ASO,ES,Combined TRACON& Tower with Radar,16,0,118,0,134,0,0,231,2,233,16,0,349,2,367,254,0,254,621
06/18/2013,DAB,FL,ASO,ES,Combined TRACON& Tower with Radar,17,0,147,5,169,0,0,607,3,610,17,0,754,8,779,308,0,308,1087
06/19/2013,DAB,FL,ASO,ES,Combined TRACON& Tower with Radar,16,4,133,0,153,0,0,427,0,427,16,4,560,0,580,200,0,200,780
06/20/2013,DAB,FL,ASO,ES,Combined TRACON& Tower with Radar,16,0,129,4,149,0,0,480,1,481,16,0,609,5,630,296,0,296,926
06/21/2013,DAB,FL,ASO,ES,Combined TRACON& Tower with Radar,16,0,119,2,137,0,0,319,2,321,16,0,438,4,458,132,0,132,590
06/22/2013,DAB,FL,ASO,ES,Combined TRACON& Tower with Radar,14,6,131,0,151,0,1,315,0,316,14,7,446,0,467,181,0,181,648
06/23/2013,DAB,FL,ASO,ES,Combined TRACON& Tower with Radar,16,2,58,0,76,0,0,161,0,161,16,2,219,0,237,106,0,106,343
06/24/2013,DAB,FL,ASO,ES,Combined TRACON& Tower with Radar,16,1,129,2,148,0,0,560,2,562,16,1,689,4,710,320,0,320,1030
06/25/2013,DAB,FL,ASO,ES,Combined TRACON& Tower with Radar,16,0,154,0,170,0,0,603,4,607,16,0,757,4,777,358,0,358,1135
06/26/2013,DAB,FL,ASO,ES,Combined TRACON& Tower with Radar,16,2,143,0,161,0,0,422,0,422,16,2,565,0,583,95,0,95,678
06/27/2013,DAB,FL,ASO,ES,Combined TRACON& Tower with Radar,16,2,120,2,140,0,0,503,0,503,16,2,623,2,643,238,0,238,881
06/28/2013,DAB,FL,ASO,ES,Combined TRACON& Tower with Radar,16,0,112,0,128,0,2,463,0,465,16,2,575,0,593,220,0,220,813
06/29/2013,DAB,FL,ASO,ES,Combined TRACON& Tower with Radar,14,6,83,0,103,0,0,294,0,294,14,6,377,0,397,264,0,264,661
06/30/2013,DAB,FL,ASO,ES,Combined TRACON& Tower with Radar,16,2,49,0,67,0,1,104,0,105,16,3,153,0,172,44,0,44,216
07/01/2013,DAB,FL,ASO,ES,Combined TRACON& Tower with Radar,15,0,136,0,151,0,0,171,0,171,15,0,307,0,322,83,0,83,405
07/02/2013,DAB,FL,ASO,ES,Combined TRACON& Tower with Radar,15,0,136,0,151,0,0,304,0,304,15,0,440,0,455,274,0,274,729
07/03/2013,DAB,FL,ASO,ES,Combined TRACON& Tower with Radar,15,4,219,3,241,0,0,369,0,369,15,4,588,3,610,150,0,150,760
07/04/2013,DAB,FL,ASO,ES,Combined TRACON& Tower with Radar,8,17,95,1,121,0,1,140,0,141,8,18,235,1,262,38,0,38,300
07/05/2013,DAB,FL,ASO,ES,Combined TRACON& Tower with Radar,16,5,157,0,178,0,0,320,1,321,16,5,477,1,499,134,0,134,633
07/06/2013,DAB,FL,ASO,ES,Combined TRACON& Tower with Radar,13,17,142,1,173,0,0,316,0,316,13,17,458,1,489,100,0,100,589
07/07/2013,DAB,FL,ASO,ES,Combined TRACON& Tower with Radar,14,11,100,1,126,0,0,123,0,123,14,11,223,1,249,113,0,113,362
07/08/2013,DAB,FL,ASO,ES,Combined TRACON& Tower with Radar,16,1,146,0,163,0,0,472,0,472,16,1,618,0,635,78,0,78,713
07/09/2013,DAB,FL,ASO,ES,Combined TRACON& Tower with Radar,16,3,163,6,188,0,0,475,4,479,16,3,638,10,667,114,0,114,781
07/10/2013,DAB,FL,ASO,ES,Combined TRACON& Tower with Radar,15,4,134,4,157,0,0,632,1,633,15,4,766,5,790,292,0,292,1082
07/11/2013,DAB,FL,ASO,ES,Combined TRACON& Tower with Radar,16,0,111,7,134,0,0,590,2,592,16,0,701,9,726,261,0,261,987
07/12/2013,DAB,FL,ASO,ES,Combined TRACON& Tower with Radar,16,2,104,2,124,0,0,355,2,357,16,2,459,4,481,350,0,350,831
07/13/2013,DAB,FL,ASO,ES,Combined TRACON& Tower with Radar,15,6,107,0,128,0,2,267,0,269,15,8,374,0,397,114,0,114,511
07/14/2013,DAB,FL,ASO,ES,Combined TRACON& Tower with Radar,15,4,45,0,64,0,0,54,4,58,15,4,99,4,122,48,0,48,170
07/15/2013,DAB,FL,ASO,ES,Combined TRACON& Tower with Radar,16,0,177,5,198,0,0,352,1,353,16,0,529,6,551,186,0,186,737
07/16/2013,DAB,FL,ASO,ES,Combined TRACON& Tower with Radar,16,0,144,9,169,0,0,537,2,539,16,0,681,11,708,307,0,307,1015
07/17/2013,DAB,FL,ASO,ES,Combined TRACON& Tower with Radar,14,0,148,10,172,0,0,523,1,524,14,0,671,11,696,230,0,230,926
07/18/2013,DAB,FL,ASO,ES,Combined TRACON& Tower with Radar,16,2,159,3,180,0,0,546,4,550,16,2,705,7,730,408,0,408,1138
07/19/2013,DAB,FL,ASO,ES,Combined TRACON& Tower with Radar,20,0,98,2,120,0,0,409,7,416,20,0,507,9,536,306,0,306,842
07/20/2013,DAB,FL,ASO,ES,Combined TRACON& Tower with Radar,15,4,78,0,97,0,0,189,0,189,15,4,267,0,286,38,0,38,324
07/21/2013,DAB,FL,ASO,ES,Combined TRACON& Tower with Radar,17,6,53,0,76,0,0,100,1,101,17,6,153,1,177,48,0,48,225
07/22/2013,DAB,FL,ASO,ES,Combined TRACON& Tower with Radar,16,0,118,1,135,0,0,238,1,239,16,0,356,2,374,98,0,98,472
07/23/2013,DAB,FL,ASO,ES,Combined TRACON& Tower with Radar,16,2,104,0,122,0,0,366,1,367,16,2,470,1,489,326,0,326,815
07/24/2013,DAB,FL,ASO,ES,Combined TRACON& Tower with Radar,14,0,151,5,170,0,0,369,3,372,14,0,520,8,542,148,0,148,690
07/25/2013,DAB,FL,ASO,ES,Combined TRACON& Tower with Radar,16,0,149,1,166,0,0,538,2,540,16,0,687,3,706,437,0,437,1143
07/26/2013,DAB,FL,ASO,ES,Combined TRACON& Tower with Radar,16,1,151,0,168,0,1,552,0,553,16,2,703,0,721,298,0,298,1019
07/27/2013,DAB,FL,ASO,ES,Combined TRACON& Tower with Radar,16,2,111,1,130,0,0,264,2,266,16,2,375,3,396,8,0,8,404
07/28/2013,DAB,FL,ASO,ES,Combined TRACON& Tower with Radar,16,4,42,1,63,0,0,70,0,70,16,4,112,1,133,18,0,18,151
07/29/2013,DAB,FL,ASO,ES,Combined TRACON& Tower with Radar,16,0,139,2,157,0,0,540,2,542,16,0,679,4,699,278,0,278,977
07/30/2013,DAB,FL,ASO,ES,Combined TRACON& Tower with Radar,16,0,98,0,114,0,0,464,0,464,16,0,562,0,578,361,0,361,939
07/31/2013,DAB,FL,ASO,ES,Combined TRACON& Tower with Radar,16,0,134,0,150,0,0,416,0,416,16,0,550,0,566,286,0,286,852
08/01/2013,DAB,FL,ASO,ES,Combined TRACON& Tower with Radar,16,2,106,0,124,0,0,471,0,471,16,2,577,0,595,270,0,270,865
08/02/2013,DAB,FL,ASO,ES,Combined TRACON& Tower with Radar,16,1,175,3,195,0,0,552,3,555,16,1,727,6,750,277,0,277,1027
08/03/2013,DAB,FL,ASO,ES,Combined TRACON& Tower with Radar,16,4,90,0,110,0,0,231,0,231,16,4,321,0,341,122,0,122,463
08/04/2013,DAB,FL,ASO,ES,Combined TRACON& Tower with Radar,16,2,50,0,68,0,0,84,0,84,16,2,134,0,152,18,0,18,170
08/05/2013,DAB,FL,ASO,ES,Combined TRACON& Tower with Radar,14,9,114,0,137,0,0,270,0,270,14,9,384,0,407,304,0,304,711
08/06/2013,DAB,FL,ASO,ES,Combined TRACON& Tower with Radar,15,2,149,3,169,0,2,504,1,507,15,4,653,4,676,256,0,256,932
08/07/2013,DAB,FL,ASO,ES,Combined TRACON& Tower with Radar,16,1,151,2,170,0,1,433,0,434,16,2,584,2,604,343,0,343,947
08/08/2013,DAB,FL,ASO,ES,Combined TRACON& Tower with Radar,16,1,122,4,143,0,2,438,4,444,16,3,560,8,587,176,0,176,763
08/09/2013,DAB,FL,ASO,ES,Combined TRACON& Tower with Radar,16,5,156,0,177,0,1,412,0,413,16,6,568,0,590,210,0,210,800
08/10/2013,DAB,FL,ASO,ES,Combined TRACON& Tower with Radar,16,5,97,0,118,0,1,262,0,263,16,6,359,0,381,154,0,154,535
08/11/2013,DAB,FL,ASO,ES,Combined TRACON& Tower with Radar,16,2,61,0,79,0,0,105,1,106,16,2,166,1,185,38,0,38,223
08/12/2013,DAB,FL,ASO,ES,Combined TRACON& Tower with Radar,16,0,125,2,143,0,0,412,2,414,16,0,537,4,557,340,0,340,897
08/13/2013,DAB,FL,ASO,ES,Combined TRACON& Tower with Radar,16,3,100,0,119,0,0,426,2,428,16,3,526,2,547,312,0,312,859
08/14/2013,DAB,FL,ASO,ES,Combined TRACON& Tower with Radar,20,0,70,0,90,0,0,343,0,343,20,0,413,0,433,208,0,208,641
08/15/2013,DAB,FL,ASO,ES,Combined TRACON& Tower with Radar,16,2,127,0,145,0,0,482,0,482,16,2,609,0,627,270,0,270,897
08/16/2013,DAB,FL,ASO,ES,Combined TRACON& Tower with Radar,16,2,138,3,159,0,0,367,1,368,16,2,505,4,527,210,0,210,737
08/17/2013,DAB,FL,ASO,ES,Combined TRACON& Tower with Radar,16,4,119,0,139,0,0,187,0,187,16,4,306,0,326,53,0,53,379
08/18/2013,DAB,FL,ASO,ES,Combined TRACON& Tower with Radar,16,4,61,0,81,0,0,76,0,76,16,4,137,0,157,37,0,37,194
08/19/2013,DAB,FL,ASO,ES,Combined TRACON& Tower with Radar,15,0,140,1,156,0,0,365,3,368,15,0,505,4,524,280,0,280,804
08/20/2013,DAB,FL,ASO,ES,Combined TRACON& Tower with Radar,14,0,168,3,185,0,0,562,1,563,14,0,730,4,748,252,0,252,1000
08/21/2013,DAB,FL,ASO,ES,Combined TRACON& Tower with Radar,14,0,161,3,178,0,0,245,3,248,14,0,406,6,426,226,0,226,652
08/22/2013,DAB,FL,ASO,ES,Combined TRACON& Tower with Radar,14,0,125,0,139,0,0,346,0,346,14,0,471,0,485,240,0,240,725
08/23/2013,DAB,FL,ASO,ES,Combined TRACON& Tower with Radar,14,0,209,0,223,0,0,410,4,414,14,0,619,4,637,382,0,382,1019
08/24/2013,DAB,FL,ASO,ES,Combined TRACON& Tower with Radar,12,4,146,0,162,0,0,169,0,169,12,4,315,0,331,74,0,74,405
08/25/2013,DAB,FL,ASO,ES,Combined TRACON& Tower with Radar,14,0,96,0,110,0,0,131,0,131,14,0,227,0,241,109,0,109,350
08/26/2013,DAB,FL,ASO,ES,Combined TRACON& Tower with Radar,14,0,170,0,184,0,0,470,0,470,14,0,640,0,654,258,0,258,912
08/27/2013,DAB,FL,ASO,ES,Combined TRACON& Tower with Radar,14,0,158,2,174,0,0,665,0,665,14,0,823,2,839,264,0,264,1103
08/28/2013,DAB,FL,ASO,ES,Combined TRACON& Tower with Radar,14,2,148,3,167,0,2,604,0,606,14,4,752,3,773,322,0,322,1095
08/29/2013,DAB,FL,ASO,ES,Combined TRACON& Tower with Radar,14,0,135,4,153,0,0,554,2,556,14,0,689,6,709,429,0,429,1138
08/30/2013,DAB,FL,ASO,ES,Combined TRACON& Tower with Radar,15,2,131,0,148,0,0,623,0,623,15,2,754,0,771,270,0,270,1041
08/31/2013,DAB,FL,ASO,ES,Combined TRACON& Tower with Radar,13,6,86,0,105,0,0,386,0,386,13,6,472,0,491,360,0,360,851
09/01/2013,DAB,FL,ASO,ES,Combined TRACON& Tower with Radar,16,0,38,0,54,0,0,149,0,149,16,0,187,0,203,82,0,82,285
09/02/2013,DAB,FL,ASO,ES,Combined TRACON& Tower with Radar,15,3,89,0,107,0,0,288,6,294,15,3,377,6,401,176,0,176,577
09/03/2013,DAB,FL,ASO,ES,Combined TRACON& Tower with Radar,12,3,129,0,144,0,0,482,2,484,12,3,611,2,628,313,0,313,941
09/04/2013,DAB,FL,ASO,ES,Combined TRACON& Tower with Radar,14,0,99,0,113,0,0,524,1,525,14,0,623,1,638,258,0,258,896
09/05/2013,DAB,FL,ASO,ES,Combined TRACON& Tower with Radar,14,0,143,4,161,0,0,610,0,610,14,0,753,4,771,340,0,340,1111
09/06/2013,DAB,FL,ASO,ES,Combined TRACON& Tower with Radar,15,0,101,2,118,0,0,323,3,326,15,0,424,5,444,121,0,121,565
09/07/2013,DAB,FL,ASO,ES,Combined TRACON& Tower with Radar,12,6,125,0,143,0,0,521,0,521,12,6,646,0,664,270,0,270,934
09/08/2013,DAB,FL,ASO,ES,Combined TRACON& Tower with Radar,14,2,54,0,70,0,0,192,1,193,14,2,246,1,263,106,0,106,369
09/09/2013,DAB,FL,ASO,ES,Combined TRACON& Tower with Radar,14,0,134,0,148,0,0,645,0,645,14,0,779,0,793,326,0,326,1119
09/10/2013,DAB,FL,ASO,ES,Combined TRACON& Tower with Radar,12,2,141,8,163,0,0,597,2,599,12,2,738,10,762,278,0,278,1040
09/11/2013,DAB,FL,ASO,ES,Combined TRACON& Tower with Radar,14,0,142,6,162,0,0,657,0,657,14,0,799,6,819,334,0,334,1153
09/12/2013,DAB,FL,ASO,ES,Combined TRACON& Tower with Radar,13,1,140,0,154,0,1,515,0,516,13,2,655,0,670,249,0,249,919
09/13/2013,DAB,FL,ASO,ES,Combined TRACON& Tower with Radar,13,1,140,4,158,0,0,768,0,768,13,1,908,4,926,322,0,322,1248
09/14/2013,DAB,FL,ASO,ES,Combined TRACON& Tower with Radar,12,6,97,0,115,0,0,601,0,601,12,6,698,0,716,272,0,272,988
09/15/2013,DAB,FL,ASO,ES,Combined TRACON& Tower with Radar,14,2,60,4,80,0,0,100,0,100,14,2,160,4,180,26,0,26,206
09/16/2013,DAB,FL,ASO,ES,Combined TRACON& Tower with Radar,14,2,115,0,131,0,0,625,0,625,14,2,740,0,756,403,0,403,1159
09/17/2013,DAB,FL,ASO,ES,Combined TRACON& Tower with Radar,12,5,147,8,172,0,1,507,0,508,12,6,654,8,680,298,0,298,978
09/18/2013,DAB,FL,ASO,ES,Combined TRACON& Tower with Radar,14,5,145,4,168,0,0,446,0,446,14,5,591,4,614,169,0,169,783
09/19/2013,DAB,FL,ASO,ES,Combined TRACON& Tower with Radar,14,0,167,0,181,0,0,483,0,483,14,0,650,0,664,274,0,274,938
09/20/2013,DAB,FL,ASO,ES,Combined TRACON& Tower with Radar,14,2,147,7,170,0,0,691,1,692,14,2,838,8,862,280,0,280,1142
09/21/2013,DAB,FL,ASO,ES,Combined TRACON& Tower with Radar,12,6,120,6,144,0,0,620,0,620,12,6,740,6,764,300,0,300,1064
09/22/2013,DAB,FL,ASO,ES,Combined TRACON& Tower with Radar,14,4,40,3,61,0,0,51,0,51,14,4,91,3,112,104,0,104,216
09/23/2013,DAB,FL,ASO,ES,Combined TRACON& Tower with Radar,14,0,137,0,151,0,0,280,0,280,14,0,417,0,431,200,0,200,631
09/24/2013,DAB,FL,ASO,ES,Combined TRACON& Tower with Radar,12,2,131,0,145,0,0,251,0,251,12,2,382,0,396,400,0,400,796
09/25/2013,DAB,FL,ASO,ES,Combined TRACON& Tower with Radar,14,0,127,4,145,0,0,437,1,438,14,0,564,5,583,287,0,287,870
09/26/2013,DAB,FL,ASO,ES,Combined TRACON& Tower with Radar,14,2,185,1,202,0,0,467,1,468,14,2,652,2,670,209,0,209,879
09/27/2013,DAB,FL,ASO,ES,Combined TRACON& Tower with Radar,14,0,189,6,209,0,0,277,3,280,14,0,466,9,489,108,0,108,597
09/28/2013,DAB,FL,ASO,ES,Combined TRACON& Tower with Radar,12,8,191,0,211,0,0,321,0,321,12,8,512,0,532,286,0,286,818
09/29/2013,DAB,FL,ASO,ES,Combined TRACON& Tower with Radar,14,1,51,8,74,0,0,169,6,175,14,1,220,14,249,64,0,64,313
09/30/2013,DAB,FL,ASO,ES,Combined TRACON& Tower with Radar,14,0,149,4,167,0,0,742,0,742,14,0,891,4,909,371,0,371,1280
10/01/2013,DAB,FL,ASO,ES,Combined TRACON& Tower with Radar,14,2,150,1,167,0,0,827,2,829,14,2,977,3,996,376,0,376,1372
10/02/2013,DAB,FL,ASO,ES,Combined TRACON& Tower with Radar,14,0,151,8,173,0,1,779,2,782,14,1,930,10,955,392,0,392,1347
10/03/2013,DAB,FL,ASO,ES,Combined TRACON& Tower with Radar,14,1,112,7,134,0,0,829,3,832,14,1,941,10,966,418,0,418,1384
10/04/2013,DAB,FL,ASO,ES,Combined TRACON& Tower with Radar,16,1,162,0,179,0,0,852,3,855,16,1,1014,3,1034,568,0,568,1602
10/05/2013,DAB,FL,ASO,ES,Combined TRACON& Tower with Radar,15,4,110,0,129,0,0,538,0,538,15,4,648,0,667,243,0,243,910
10/06/2013,DAB,FL,ASO,ES,Combined TRACON& Tower with Radar,14,2,43,0,59,0,0,144,0,144,14,2,187,0,203,70,0,70,273
10/07/2013,DAB,FL,ASO,ES,Combined TRACON& Tower with Radar,15,3,127,0,145,0,0,461,0,461,15,3,588,0,606,243,0,243,849
10/08/2013,DAB,FL,ASO,ES,Combined TRACON& Tower with Radar,14,0,195,0,209,0,0,63,0,63,14,0,258,0,272,158,0,158,430
10/09/2013,DAB,FL,ASO,ES,Combined TRACON& Tower with Radar,14,2,218,9,243,0,0,142,0,142,14,2,360,9,385,4,0,4,389
10/10/2013,DAB,FL,ASO,ES,Combined TRACON& Tower with Radar,14,0,162,0,176,0,0,926,0,926,14,0,1088,0,1102,313,0,313,1415
10/11/2013,DAB,FL,ASO,ES,Combined TRACON& Tower with Radar,14,0,144,0,158,0,0,805,1,806,14,0,949,1,964,349,0,349,1313
10/12/2013,DAB,FL,ASO,ES,Combined TRACON& Tower with Radar,14,6,119,0,139,0,3,635,3,641,14,9,754,3,780,282,0,282,1062
10/13/2013,DAB,FL,ASO,ES,Combined TRACON& Tower with Radar,14,4,47,0,65,0,0,139,0,139,14,4,186,0,204,50,0,50,254
10/14/2013,DAB,FL,ASO,ES,Combined TRACON& Tower with Radar,14,3,192,0,209,0,1,526,0,527,14,4,718,0,736,262,0,262,998
10/15/2013,DAB,FL,ASO,ES,Combined TRACON& Tower with Radar,14,1,209,8,232,0,0,244,0,244,14,1,453,8,476,282,0,282,758
10/16/2013,DAB,FL,ASO,ES,Combined TRACON& Tower with Radar,14,1,195,0,210,0,0,504,2,506,14,1,699,2,716,287,0,287,1003
10/17/2013,DAB,FL,ASO,ES,Combined TRACON& Tower with Radar,14,4,152,2,172,0,0,589,0,589,14,4,741,2,761,264,0,264,1025
10/18/2013,DAB,FL,ASO,ES,Combined TRACON& Tower with Radar,14,2,127,6,149,0,2,656,2,660,14,4,783,8,809,292,0,292,1101
10/19/2013,DAB,FL,ASO,ES,Combined TRACON& Tower with Radar,14,4,98,2,118,0,0,456,0,456,14,4,554,2,574,165,0,165,739
10/20/2013,DAB,FL,ASO,ES,Combined TRACON& Tower with Radar,14,2,59,0,75,0,0,65,0,65,14,2,124,0,140,21,0,21,161
10/21/2013,DAB,FL,ASO,ES,Combined TRACON& Tower with Radar,14,0,155,3,172,0,0,524,4,528,14,0,679,7,700,430,0,430,1130
10/22/2013,DAB,FL,ASO,ES,Combined TRACON& Tower with Radar,14,0,127,7,148,0,0,593,0,593,14,0,720,7,741,394,0,394,1135
10/23/2013,DAB,FL,ASO,ES,Combined TRACON& Tower with Radar,14,5,101,5,125,0,0,517,1,518,14,5,618,6,643,34,0,34,677
10/24/2013,DAB,FL,ASO,ES,Combined TRACON& Tower with Radar,14,5,141,2,162,0,0,718,0,718,14,5,859,2,880,482,0,482,1362
10/25/2013,DAB,FL,ASO,ES,Combined TRACON& Tower with Radar,14,0,128,1,143,0,0,717,0,717,14,0,845,1,860,234,0,234,1094
10/26/2013,DAB,FL,ASO,ES,Combined TRACON& Tower with Radar,14,4,113,0,131,0,0,583,0,583,14,4,696,0,714,224,0,224,938
10/27/2013,DAB,FL,ASO,ES,Combined TRACON& Tower with Radar,14,1,42,0,57,0,0,157,1,158,14,1,199,1,215,40,0,40,255
10/28/2013,DAB,FL,ASO,ES,Combined TRACON& Tower with Radar,14,4,109,2,129,0,2,646,0,648,14,6,755,2,777,298,0,298,1075
10/29/2013,DAB,FL,ASO,ES,Combined TRACON& Tower with Radar,14,0,122,0,136,0,0,602,1,603,14,0,724,1,739,274,0,274,1013
10/30/2013,DAB,FL,ASO,ES,Combined TRACON& Tower with Radar,14,0,133,11,158,0,0,640,0,640,14,0,773,11,798,370,0,370,1168
10/31/2013,DAB,FL,ASO,ES,Combined TRACON& Tower with Radar,15,4,112,0,131,0,0,634,0,634,15,4,746,0,765,338,0,338,1103
11/01/2013,DAB,FL,ASO,ES,Combined TRACON& Tower with Radar,15,4,114,2,135,0,1,584,3,588,15,5,698,5,723,216,0,216,939
11/02/2013,DAB,FL,ASO,ES,Combined TRACON& Tower with Radar,16,2,104,0,122,0,0,202,0,202,16,2,306,0,324,125,0,125,449
11/03/2013,DAB,FL,ASO,ES,Combined TRACON& Tower with Radar,14,1,50,0,65,0,0,130,0,130,14,1,180,0,195,23,0,23,218
11/04/2013,DAB,FL,ASO,ES,Combined TRACON& Tower with Radar,14,2,156,3,175,0,2,371,0,373,14,4,527,3,548,196,0,196,744
11/05/2013,DAB,FL,ASO,ES,Combined TRACON& Tower with Radar,14,1,149,6,170,0,0,451,0,451,14,1,600,6,621,238,0,238,859
11/06/2013,DAB,FL,ASO,ES,Combined TRACON& Tower with Radar,14,1,223,2,240,0,0,501,0,501,14,1,724,2,741,448,0,448,1189
11/07/2013,DAB,FL,ASO,ES,Combined TRACON& Tower with Radar,14,4,155,4,177,0,1,418,0,419,14,5,573,4,596,234,0,234,830
11/08/2013,DAB,FL,ASO,ES,Combined TRACON& Tower with Radar,15,2,156,0,173,0,0,344,0,344,15,2,500,0,517,68,0,68,585
11/09/2013,DAB,FL,ASO,ES,Combined TRACON& Tower with Radar,17,9,137,0,163,0,0,658,0,658,17,9,795,0,821,326,0,326,1147
11/10/2013,DAB,FL,ASO,ES,Combined TRACON& Tower with Radar,13,1,65,0,79,0,3,192,0,195,13,4,257,0,274,140,0,140,414
11/11/2013,DAB,FL,ASO,ES,Combined TRACON& Tower with Radar,13,2,153,1,169,0,0,680,1,681,13,2,833,2,850,286,0,286,1136
11/12/2013,DAB,FL,ASO,ES,Combined TRACON& Tower with Radar,14,0,194,0,208,0,0,423,0,423,14,0,617,0,631,299,0,299,930
11/13/2013,DAB,FL,ASO,ES,Combined TRACON& Tower with Radar,14,2,68,5,89,0,0,89,1,90,14,2,157,6,179,18,0,18,197
11/14/2013,DAB,FL,ASO,ES,Combined TRACON& Tower with Radar,14,2,174,4,194,0,0,771,0,771,14,2,945,4,965,411,0,411,1376
11/15/2013,DAB,FL,ASO,ES,Combined TRACON& Tower with Radar,16,1,192,5,214,0,0,667,6,673,16,1,859,11,887,408,0,408,1295
11/16/2013,DAB,FL,ASO,ES,Combined TRACON& Tower with Radar,18,6,201,0,225,0,0,273,0,273,18,6,474,0,498,162,0,162,660
11/17/2013,DAB,FL,ASO,ES,Combined TRACON& Tower with Radar,13,1,47,0,61,0,0,125,6,131,13,1,172,6,192,116,0,116,308
11/18/2013,DAB,FL,ASO,ES,Combined TRACON& Tower with Radar,14,0,167,2,183,0,0,737,0,737,14,0,904,2,920,394,0,394,1314
11/19/2013,DAB,FL,ASO,ES,Combined TRACON& Tower with Radar,14,1,129,1,145,0,0,516,0,516,14,1,645,1,661,18,0,18,679
11/20/2013,DAB,FL,ASO,ES,Combined TRACON& Tower with Radar,14,2,200,13,229,0,0,535,0,535,14,2,735,13,764,563,0,563,1327
11/21/2013,DAB,FL,ASO,ES,Combined TRACON& Tower with Radar,14,4,151,10,179,0,0,102,1,103,14,4,253,11,282,106,0,106,388
11/22/2013,DAB,FL,ASO,ES,Combined TRACON& Tower with Radar,16,2,152,2,172,0,0,800,1,801,16,2,952,3,973,441,0,441,1414
11/23/2013,DAB,FL,ASO,ES,Combined TRACON& Tower with Radar,15,4,160,3,182,0,1,629,0,630,15,5,789,3,812,326,0,326,1138
11/24/2013,DAB,FL,ASO,ES,Combined TRACON& Tower with Radar,12,6,37,0,55,0,0,15,0,15,12,6,52,0,70,2,0,2,72
11/25/2013,DAB,FL,ASO,ES,Combined TRACON& Tower with Radar,14,6,151,9,180,0,0,574,1,575,14,6,725,10,755,328,0,328,1083
11/26/2013,DAB,FL,ASO,ES,Combined TRACON& Tower with Radar,15,6,114,1,136,0,0,136,0,136,15,6,250,1,272,2,0,2,274
11/27/2013,DAB,FL,ASO,ES,Combined TRACON& Tower with Radar,15,4,86,0,105,0,0,188,0,188,15,4,274,0,293,76,0,76,369
11/28/2013,DAB,FL,ASO,ES,Combined TRACON& Tower with Radar,9,2,14,0,25,0,0,24,0,24,9,2,38,0,49,0,0,0,49
11/29/2013,DAB,FL,ASO,ES,Combined TRACON& Tower with Radar,15,3,87,1,106,0,1,354,0,355,15,4,441,1,461,12,0,12,473
11/30/2013,DAB,FL,ASO,ES,Combined TRACON& Tower with Radar,18,7,143,2,170,0,0,211,0,211,18,7,354,2,381,0,0,0,381
12/01/2013,DAB,FL,ASO,ES,Combined TRACON& Tower with Radar,13,6,99,0,118,0,0,12,0,12,13,6,111,0,130,14,0,14,144
12/02/2013,DAB,FL,ASO,ES,Combined TRACON& Tower with Radar,13,1,160,3,177,0,0,346,0,346,13,1,506,3,523,269,0,269,792
12/03/2013,DAB,FL,ASO,ES,Combined TRACON& Tower with Radar,12,6,149,7,174,0,0,708,1,709,12,6,857,8,883,460,0,460,1343
12/04/2013,DAB,FL,ASO,ES,Combined TRACON& Tower with Radar,14,0,135,1,150,0,0,785,1,786,14,0,920,2,936,296,0,296,1232
12/05/2013,DAB,FL,ASO,ES,Combined TRACON& Tower with Radar,14,0,149,3,166,0,0,778,1,779,14,0,927,4,945,428,0,428,1373
12/06/2013,DAB,FL,ASO,ES,Combined TRACON& Tower with Radar,14,3,102,9,128,0,0,594,2,596,14,3,696,11,724,236,0,236,960
12/07/2013,DAB,FL,ASO,ES,Combined TRACON& Tower with Radar,12,6,145,6,169,0,0,651,2,653,12,6,796,8,822,391,0,391,1213
12/08/2013,DAB,FL,ASO,ES,Combined TRACON& Tower with Radar,12,4,67,0,83,0,0,183,0,183,12,4,250,0,266,122,0,122,388
12/09/2013,DAB,FL,ASO,ES,Combined TRACON& Tower with Radar,12,1,137,3,153,0,0,528,0,528,12,1,665,3,681,222,0,222,903
12/10/2013,DAB,FL,ASO,ES,Combined TRACON& Tower with Radar,12,1,148,0,161,0,0,502,2,504,12,1,650,2,665,323,0,323,988
12/11/2013,DAB,FL,ASO,ES,Combined TRACON& Tower with Radar,14,0,185,0,199,0,0,569,0,569,14,0,754,0,768,269,0,269,1037
12/12/2013,DAB,FL,ASO,ES,Combined TRACON& Tower with Radar,14,0,108,4,126,0,0,321,2,323,14,0,429,6,449,0,0,0,449
12/13/2013,DAB,FL,ASO,ES,Combined TRACON& Tower with Radar,14,2,149,0,165,0,0,635,0,635,14,2,784,0,800,440,0,440,1240
12/14/2013,DAB,FL,ASO,ES,Combined TRACON& Tower with Radar,12,4,67,0,83,0,0,214,0,214,12,4,281,0,297,4,0,4,301
12/15/2013,DAB,FL,ASO,ES,Combined TRACON& Tower with Radar,14,2,33,0,49,0,0,68,0,68,14,2,101,0,117,69,0,69,186
12/16/2013,DAB,FL,ASO,ES,Combined TRACON& Tower with Radar,12,2,107,1,122,0,0,531,3,534,12,2,638,4,656,242,0,242,898
12/17/2013,DAB,FL,ASO,ES,Combined TRACON& Tower with Radar,12,0,115,3,130,0,2,530,1,533,12,2,645,4,663,352,0,352,1015
12/18/2013,DAB,FL,ASO,ES,Combined TRACON& Tower with Radar,14,0,118,0,132,0,1,482,0,483,14,1,600,0,615,269,0,269,884
12/19/2013,DAB,FL,ASO,ES,Combined TRACON& Tower with Radar,14,2,99,1,116,0,0,461,1,462,14,2,560,2,578,192,0,192,770
12/20/2013,DAB,FL,ASO,ES,Combined TRACON& Tower with Radar,15,0,100,0,115,0,0,407,1,408,15,0,507,1,523,130,0,130,653
12/21/2013,DAB,FL,ASO,ES,Combined TRACON& Tower with Radar,17,5,65,0,87,0,0,224,0,224,17,5,289,0,311,30,0,30,341
12/22/2013,DAB,FL,ASO,ES,Combined TRACON& Tower with Radar,14,3,26,0,43,0,0,62,1,63,14,3,88,1,106,20,0,20,126
12/23/2013,DAB,FL,ASO,ES,Combined TRACON& Tower with Radar,14,2,95,0,111,0,0,156,2,158,14,2,251,2,269,63,0,63,332
12/24/2013,DAB,FL,ASO,ES,Combined TRACON& Tower with Radar,12,2,30,0,44,0,0,64,0,64,12,2,94,0,108,28,0,28,136
12/25/2013,DAB,FL,ASO,ES,Combined TRACON& Tower with Radar,8,8,9,1,26,0,0,15,0,15,8,8,24,1,41,4,0,4,45
12/26/2013,DAB,FL,ASO,ES,Combined TRACON& Tower with Radar,14,4,94,1,113,0,0,44,0,44,14,4,138,1,157,4,0,4,161
12/27/2013,DAB,FL,ASO,ES,Combined TRACON& Tower with Radar,14,6,98,0,118,0,0,69,0,69,14,6,167,0,187,10,0,10,197
12/28/2013,DAB,FL,ASO,ES,Combined TRACON& Tower with Radar,16,10,80,0,106,0,0,82,0,82,16,10,162,0,188,54,0,54,242
12/29/2013,DAB,FL,ASO,ES,Combined TRACON& Tower with Radar,14,5,34,0,53,0,0,2,0,2,14,5,36,0,55,10,0,10,65
12/30/2013,DAB,FL,ASO,ES,Combined TRACON& Tower with Radar,14,7,96,0,117,0,0,191,1,192,14,7,287,1,309,102,0,102,411
12/31/2013,DAB,FL,ASO,ES,Combined TRACON& Tower with Radar,12,4,62,0,78,0,0,156,0,156,12,4,218,0,234,20,0,20,254
01/01/2014,DAB,FL,ASO,ES,Combined TRACON& Tower with Radar,10,6,9,0,25,0,0,2,0,2,10,6,11,0,27,0,0,0,27
01/02/2014,DAB,FL,ASO,ES,Combined TRACON& Tower with Radar,14,8,81,0,103,0,0,32,0,32,14,8,113,0,135,22,0,22,157
01/03/2014,DAB,FL,ASO,ES,Combined TRACON& Tower with Radar,14,11,113,0,138,0,0,196,0,196,14,11,309,0,334,0,0,0,334
01/04/2014,DAB,FL,ASO,ES,Combined TRACON& Tower with Radar,14,10,146,0,170,0,0,414,0,414,14,10,560,0,584,236,0,236,820
01/05/2014,DAB,FL,ASO,ES,Combined TRACON& Tower with Radar,14,5,65,4,88,0,0,137,0,137,14,5,202,4,225,102,0,102,327
01/06/2014,DAB,FL,ASO,ES,Combined TRACON& Tower with Radar,14,5,111,0,130,0,0,222,0,222,14,5,333,0,352,98,0,98,450
01/07/2014,DAB,FL,ASO,ES,Combined TRACON& Tower with Radar,11,4,117,0,132,0,0,394,0,394,11,4,511,0,526,6,0,6,532
01/08/2014,DAB,FL,ASO,ES,Combined TRACON& Tower with Radar,14,3,134,0,151,0,1,540,0,541,14,4,674,0,692,283,0,283,975
01/09/2014,DAB,FL,ASO,ES,Combined TRACON& Tower with Radar,12,4,110,0,126,0,0,29,0,29,12,4,139,0,155,0,0,0,155
01/10/2014,DAB,FL,ASO,ES,Combined TRACON& Tower with Radar,14,2,177,14,207,0,0,180,0,180,14,2,357,14,387,130,0,130,517
01/11/2014,DAB,FL,ASO,ES,Combined TRACON& Tower with Radar,12,6,84,0,102,0,0,141,0,141,12,6,225,0,243,26,0,26,269
01/12/2014,DAB,FL,ASO,ES,Combined TRACON& Tower with Radar,14,2,71,2,89,0,0,188,0,188,14,2,259,2,277,82,0,82,359
01/13/2014,DAB,FL,ASO,ES,Combined TRACON& Tower with Radar,12,4,95,0,111,0,2,672,1,675,12,6,767,1,786,360,0,360,1146
01/14/2014,DAB,FL,ASO,ES,Combined TRACON& Tower with Radar,12,6,114,0,132,0,0,373,1,374,12,6,487,1,506,326,0,326,832
01/15/2014,DAB,FL,ASO,ES,Combined TRACON& Tower with Radar,12,2,125,1,140,0,0,751,0,751,12,2,876,1,891,333,0,333,1224
01/16/2014,DAB,FL,ASO,ES,Combined TRACON& Tower with Radar,12,3,95,1,111,0,0,652,5,657,12,3,747,6,768,220,0,220,988
01/17/2014,DAB,FL,ASO,ES,Combined TRACON& Tower with Radar,12,13,106,7,138,0,0,615,0,615,12,13,721,7,753,368,0,368,1121
01/18/2014,DAB,FL,ASO,ES,Combined TRACON& Tower with Radar,12,6,90,0,108,0,0,483,0,483,12,6,573,0,591,66,0,66,657
01/19/2014,DAB,FL,ASO,ES,Combined TRACON& Tower with Radar,14,4,52,7,77,0,0,156,0,156,14,4,208,7,233,154,0,154,387
01/20/2014,DAB,FL,ASO,ES,Combined TRACON& Tower with Radar,12,3,128,0,143,0,0,579,0,579,12,3,707,0,722,313,0,313,1035
01/21/2014,DAB,FL,ASO,ES,Combined TRACON& Tower with Radar,12,11,113,2,138,0,0,475,0,475,12,11,588,2,613,192,0,192,805
01/22/2014,DAB,FL,ASO,ES,Combined TRACON& Tower with Radar,12,12,149,0,173,0,2,741,0,743,12,14,890,0,916,372,0,372,1288
01/23/2014,DAB,FL,ASO,ES,Combined TRACON& Tower with Radar,12,12,167,4,195,0,0,735,0,735,12,12,902,4,930,336,0,336,1266
01/24/2014,DAB,FL,ASO,ES,Combined TRACON& Tower with Radar,12,18,145,11,186,0,0,547,1,548,12,18,692,12,734,8,0,8,742
01/25/2014,DAB,FL,ASO,ES,Combined TRACON& Tower with Radar,12,18,151,0,181,0,0,562,0,562,12,18,713,0,743,282,0,282,1025
01/26/2014,DAB,FL,ASO,ES,Combined TRACON& Tower with Radar,14,27,95,5,141,0,0,179,1,180,14,27,274,6,321,138,0,138,459
01/27/2014,DAB,FL,ASO,ES,Combined TRACON& Tower with Radar,12,8,172,0,192,0,0,270,0,270,12,8,442,0,462,258,0,258,720
01/28/2014,DAB,FL,ASO,ES,Combined TRACON& Tower with Radar,7,2,175,4,188,0,1,482,0,483,7,3,657,4,671,268,0,268,939
01/29/2014,DAB,FL,ASO,ES,Combined TRACON& Tower with Radar,6,2,118,0,126,0,0,1,0,1,6,2,119,0,127,0,0,0,127
01/30/2014,DAB,FL,ASO,ES,Combined TRACON& Tower with Radar,6,5,93,0,104,0,0,1,0,1,6,5,94,0,105,6,0,6,111
01/31/2014,DAB,FL,ASO,ES,Combined TRACON& Tower with Radar,13,4,37,0,54,0,0,0,0,0,13,4,37,0,54,0,0,0,54
02/01/2014,DAB,FL,ASO,ES,Combined TRACON& Tower with Radar,12,7,81,0,100,0,0,146,0,146,12,7,227,0,246,85,0,85,331
02/02/2014,DAB,FL,ASO,ES,Combined TRACON& Tower with Radar,12,2,51,0,65,0,0,7,0,7,12,2,58,0,72,0,0,0,72
02/03/2014,DAB,FL,ASO,ES,Combined TRACON& Tower with Radar,12,2,178,2,194,0,0,550,1,551,12,2,728,3,745,268,0,268,1013
02/04/2014,DAB,FL,ASO,ES,Combined TRACON& Tower with Radar,12,2,205,12,231,0,0,478,0,478,12,2,683,12,709,291,0,291,1000
02/05/2014,DAB,FL,ASO,ES,Combined TRACON& Tower with Radar,12,3,186,2,203,0,0,450,0,450,12,3,636,2,653,356,0,356,1009
02/06/2014,DAB,FL,ASO,ES,Combined TRACON& Tower with Radar,12,5,222,0,239,0,0,165,0,165,12,5,387,0,404,0,0,0,404
02/07/2014,DAB,FL,ASO,ES,Combined TRACON& Tower with Radar,12,4,132,14,162,0,0,0,0,0,12,4,132,14,162,0,0,0,162
02/08/2014,DAB,FL,ASO,ES,Combined TRACON& Tower with Radar,12,6,146,0,164,0,0,7,0,7,12,6,153,0,171,0,0,0,171
02/09/2014,DAB,FL,ASO,ES,Combined TRACON& Tower with Radar,14,4,65,1,84,0,0,321,1,322,14,4,386,2,406,88,0,88,494
02/10/2014,DAB,FL,ASO,ES,Combined TRACON& Tower with Radar,12,2,195,2,211,0,0,945,2,947,12,2,1140,4,1158,406,0,406,1564
02/11/2014,DAB,FL,ASO,ES,Combined TRACON& Tower with Radar,13,6,198,0,217,0,0,820,0,820,13,6,1018,0,1037,297,0,297,1334
02/12/2014,DAB,FL,ASO,ES,Combined TRACON& Tower with Radar,0,8,107,1,116,0,0,226,0,226,0,8,333,1,342,192,0,192,534
02/13/2014,DAB,FL,ASO,ES,Combined TRACON& Tower with Radar,3,6,147,6,162,0,0,351,0,351,3,6,498,6,513,264,0,264,777
02/14/2014,DAB,FL,ASO,ES,Combined TRACON& Tower with Radar,12,5,178,7,202,0,0,982,0,982,12,5,1160,7,1184,324,0,324,1508
02/15/2014,DAB,FL,ASO,ES,Combined TRACON& Tower with Radar,14,13,142,3,172,0,1,504,0,505,14,14,646,3,677,216,0,216,893
02/16/2014,DAB,FL,ASO,ES,Combined TRACON& Tower with Radar,13,5,106,1,125,0,0,262,0,262,13,5,368,1,387,206,0,206,593
02/17/2014,DAB,FL,ASO,ES,Combined TRACON& Tower with Radar,14,3,175,1,193,0,0,719,1,720,14,3,894,2,913,394,0,394,1307
02/18/2014,DAB,FL,ASO,ES,Combined TRACON& Tower with Radar,17,3,146,14,180,0,0,807,5,812,17,3,953,19,992,320,0,320,1312
02/19/2014,DAB,FL,ASO,ES,Combined TRACON& Tower with Radar,17,13,200,1,231,0,0,836,1,837,17,13,1036,2,1068,554,0,554,1622
02/20/2014,DAB,FL,ASO,ES,Combined TRACON& Tower with Radar,16,9,186,6,217,0,2,477,1,480,16,11,663,7,697,30,0,30,727
02/21/2014,DAB,FL,ASO,ES,Combined TRACON& Tower with Radar,14,19,138,7,178,0,0,88,0,88,14,19,226,7,266,64,0,64,330
02/22/2014,DAB,FL,ASO,ES,Combined TRACON& Tower with Radar,15,15,140,4,174,0,0,34,0,34,15,15,174,4,208,4,0,4,212
02/23/2014,DAB,FL,ASO,ES,Combined TRACON& Tower with Radar,18,29,217,4,268,0,0,53,2,55,18,29,270,6,323,0,0,0,323
02/24/2014,DAB,FL,ASO,ES,Combined TRACON& Tower with Radar,25,15,227,4,271,0,0,195,0,195,25,15,422,4,466,174,0,174,640
02/25/2014,DAB,FL,ASO,ES,Combined TRACON& Tower with Radar,14,8,170,0,192,0,0,812,0,812,14,8,982,0,1004,340,0,340,1344
02/26/2014,DAB,FL,ASO,ES,Combined TRACON& Tower with Radar,14,4,191,2,211,0,0,321,0,321,14,4,512,2,532,178,0,178,710
02/27/2014,DAB,FL,ASO,ES,Combined TRACON& Tower with Radar,14,2,161,2,179,0,1,573,2,576,14,3,734,4,755,344,2,346,1101
02/28/2014,DAB,FL,ASO,ES,Combined TRACON& Tower with Radar,14,3,169,0,186,0,0,836,0,836,14,3,1005,0,1022,240,0,240,1262
03/01/2014,DAB,FL,ASO,ES,Combined TRACON& Tower with Radar,13,10,122,0,145,0,0,514,0,514,13,10,636,0,659,266,0,266,925
03/02/2014,DAB,FL,ASO,ES,Combined TRACON& Tower with Radar,13,5,67,0,85,0,0,253,0,253,13,5,320,0,338,146,0,146,484
03/03/2014,DAB,FL,ASO,ES,Combined TRACON& Tower with Radar,14,2,111,4,131,0,0,618,0,618,14,2,729,4,749,438,0,438,1187
03/04/2014,DAB,FL,ASO,ES,Combined TRACON& Tower with Radar,14,5,196,5,220,0,0,116,0,116,14,5,312,5,336,220,0,220,556
03/05/2014,DAB,FL,ASO,ES,Combined TRACON& Tower with Radar,13,4,180,10,207,0,0,8,0,8,13,4,188,10,215,0,0,0,215
03/06/2014,DAB,FL,ASO,ES,Combined TRACON& Tower with Radar,10,9,166,14,199,0,0,75,0,75,10,9,241,14,274,68,0,68,342
03/07/2014,DAB,FL,ASO,ES,Combined TRACON& Tower with Radar,12,13,192,3,220,0,0,153,0,153,12,13,345,3,373,145,0,145,518
03/08/2014,DAB,FL,ASO,ES,Combined TRACON& Tower with Radar,16,18,145,8,187,0,0,746,3,749,16,18,891,11,936,229,0,229,1165
03/09/2014,DAB,FL,ASO,ES,Combined TRACON& Tower with Radar,12,10,79,1,102,0,0,294,0,294,12,10,373,1,396,88,0,88,484
03/10/2014,DAB,FL,ASO,ES,Combined TRACON& Tower with Radar,12,7,143,1,163,0,0,892,2,894,12,7,1035,3,1057,328,0,328,1385
03/11/2014,DAB,FL,ASO,ES,Combined TRACON& Tower with Radar,12,4,180,2,198,0,0,816,0,816,12,4,996,2,1014,404,0,404,1418
03/12/2014,DAB,FL,ASO,ES,Combined TRACON& Tower with Radar,12,7,141,0,160,0,0,241,0,241,12,7,382,0,401,177,0,177,578
03/13/2014,DAB,FL,ASO,ES,Combined TRACON& Tower with Radar,12,8,131,3,154,0,1,698,1,700,12,9,829,4,854,230,0,230,1084
03/14/2014,DAB,FL,ASO,ES,Combined TRACON& Tower with Radar,12,7,169,2,190,0,0,806,1,807,12,7,975,3,997,450,0,450,1447
03/15/2014,DAB,FL,ASO,ES,Combined TRACON& Tower with Radar,16,9,114,0,139,0,0,582,0,582,16,9,696,0,721,354,0,354,1075
03/16/2014,DAB,FL,ASO,ES,Combined TRACON& Tower with Radar,12,6,39,0,57,0,0,70,0,70,12,6,109,0,127,0,0,0,127
03/17/2014,DAB,FL,ASO,ES,Combined TRACON& Tower with Radar,12,6,44,0,62,0,0,15,0,15,12,6,59,0,77,12,0,12,89
03/18/2014,DAB,FL,ASO,ES,Combined TRACON& Tower with Radar,12,5,207,0,224,0,0,277,0,277,12,5,484,0,501,303,0,303,804
03/19/2014,DAB,FL,ASO,ES,Combined TRACON& Tower with Radar,12,8,211,5,236,0,0,587,2,589,12,8,798,7,825,513,0,513,1338
03/20/2014,DAB,FL,ASO,ES,Combined TRACON& Tower with Radar,12,9,146,2,169,0,1,788,0,789,12,10,934,2,958,432,0,432,1390
03/21/2014,DAB,FL,ASO,ES,Combined TRACON& Tower with Radar,12,5,142,0,159,0,0,664,1,665,12,5,806,1,824,432,0,432,1256
03/22/2014,DAB,FL,ASO,ES,Combined TRACON& Tower with Radar,12,12,85,0,109,0,0,363,0,363,12,12,448,0,472,329,0,329,801
03/23/2014,DAB,FL,ASO,ES,Combined TRACON& Tower with Radar,12,7,61,0,80,0,0,181,0,181,12,7,242,0,261,122,0,122,383
03/24/2014,DAB,FL,ASO,ES,Combined TRACON& Tower with Radar,12,4,196,2,214,0,0,155,0,155,12,4,351,2,369,154,0,154,523
03/25/2014,DAB,FL,ASO,ES,Combined TRACON& Tower with Radar,12,5,125,13,155,0,0,273,0,273,12,5,398,13,428,198,0,198,626
03/26/2014,DAB,FL,ASO,ES,Combined TRACON& Tower with Radar,12,7,131,4,154,0,0,660,0,660,12,7,791,4,814,116,0,116,930
03/27/2014,DAB,FL,ASO,ES,Combined TRACON& Tower with Radar,12,7,132,0,151,0,0,835,0,835,12,7,967,0,986,584,0,584,1570
03/28/2014,DAB,FL,ASO,ES,Combined TRACON& Tower with Radar,12,7,133,2,154,0,0,357,1,358,12,7,490,3,512,0,0,0,512
03/29/2014,DAB,FL,ASO,ES,Combined TRACON& Tower with Radar,14,8,71,0,93,0,0,79,0,79,14,8,150,0,172,38,0,38,210
03/30/2014,DAB,FL,ASO,ES,Combined TRACON& Tower with Radar,12,4,57,0,73,0,0,198,1,199,12,4,255,1,272,86,0,86,358
03/31/2014,DAB,FL,ASO,ES,Combined TRACON& Tower with Radar,12,7,134,0,153,0,1,858,0,859,12,8,992,0,1012,491,0,491,1503
04/01/2014,DAB,FL,ASO,ES,Combined TRACON& Tower with Radar,12,12,113,0,137,0,0,788,2,790,12,12,901,2,927,464,0,464,1391
04/02/2014,DAB,FL,ASO,ES,Combined TRACON& Tower with Radar,10,4,153,4,171,0,0,785,1,786,10,4,938,5,957,422,0,422,1379
04/03/2014,DAB,FL,ASO,ES,Combined TRACON& Tower with Radar,12,4,139,1,156,0,0,777,5,782,12,4,916,6,938,464,0,464,1402
04/04/2014,DAB,FL,ASO,ES,Combined TRACON& Tower with Radar,12,6,131,12,161,0,0,786,2,788,12,6,917,14,949,362,0,362,1311
04/05/2014,DAB,FL,ASO,ES,Combined TRACON& Tower with Radar,16,9,154,4,183,0,0,347,0,347,16,9,501,4,530,237,0,237,767
04/06/2014,DAB,FL,ASO,ES,Combined TRACON& Tower with Radar,9,7,51,0,67,0,0,211,0,211,9,7,262,0,278,196,0,196,474
04/07/2014,DAB,FL,ASO,ES,Combined TRACON& Tower with Radar,13,10,107,2,132,0,3,450,0,453,13,13,557,2,585,210,0,210,795
04/08/2014,DAB,FL,ASO,ES,Combined TRACON& Tower with Radar,11,3,102,0,116,0,1,104,0,105,11,4,206,0,221,102,0,102,323
04/09/2014,DAB,FL,ASO,ES,Combined TRACON& Tower with Radar,12,9,140,5,166,0,0,772,0,772,12,9,912,5,938,362,0,362,1300
04/10/2014,DAB,FL,ASO,ES,Combined TRACON& Tower with Radar,12,7,162,4,185,0,0,748,2,750,12,7,910,6,935,211,0,211,1146
04/11/2014,DAB,FL,ASO,ES,Combined TRACON& Tower with Radar,12,5,182,0,199,37,31,819,0,887,49,36,1001,0,1086,534,0,534,1620
04/12/2014,DAB,FL,ASO,ES,Combined TRACON& Tower with Radar,16,8,122,8,154,16,0,619,1,636,32,8,741,9,790,498,0,498,1288
04/13/2014,DAB,FL,ASO,ES,Combined TRACON& Tower with Radar,10,8,46,2,66,0,0,196,0,196,10,8,242,2,262,124,0,124,386
04/14/2014,DAB,FL,ASO,ES,Combined TRACON& Tower with Radar,12,11,129,4,156,0,0,406,0,406,12,11,535,4,562,122,0,122,684
04/15/2014,DAB,FL,ASO,ES,Combined TRACON& Tower with Radar,13,6,70,0,89,0,0,283,2,285,13,6,353,2,374,178,0,178,552
04/16/2014,DAB,FL,ASO,ES,Combined TRACON& Tower with Radar,15,6,130,0,151,0,1,213,2,216,15,7,343,2,367,68,0,68,435
04/17/2014,DAB,FL,ASO,ES,Combined TRACON& Tower with Radar,12,8,148,4,172,0,0,538,4,542,12,8,686,8,714,506,0,506,1220
04/18/2014,DAB,FL,ASO,ES,Combined TRACON& Tower with Radar,12,10,95,0,117,0,0,146,0,146,12,10,241,0,263,63,0,63,326
04/19/2014,DAB,FL,ASO,ES,Combined TRACON& Tower with Radar,16,6,135,0,157,0,0,319,0,319,16,6,454,0,476,250,0,250,726
04/20/2014,DAB,FL,ASO,ES,Combined TRACON& Tower with Radar,10,8,56,0,74,0,0,14,0,14,10,8,70,0,88,8,0,8,96
04/21/2014,DAB,FL,ASO,ES,Combined TRACON& Tower with Radar,12,4,183,2,201,0,0,309,0,309,12,4,492,2,510,8,0,8,518
04/22/2014,DAB,FL,ASO,ES,Combined TRACON& Tower with Radar,12,4,172,1,189,0,0,827,3,830,12,4,999,4,1019,438,0,438,1457
04/23/2014,DAB,FL,ASO,ES,Combined TRACON& Tower with Radar,12,6,139,3,160,0,2,783,0,785,12,8,922,3,945,417,0,417,1362
04/24/2014,DAB,FL,ASO,ES,Combined TRACON& Tower with Radar,12,4,131,2,149,0,0,703,0,703,12,4,834,2,852,474,0,474,1326
04/25/2014,DAB,FL,ASO,ES,Combined TRACON& Tower with Radar,12,4,151,1,168,0,0,813,0,813,12,4,964,1,981,372,0,372,1353
04/26/2014,DAB,FL,ASO,ES,Combined TRACON& Tower with Radar,16,6,97,2,121,0,14,470,2,486,16,20,567,4,607,244,0,244,851
04/27/2014,DAB,FL,ASO,ES,Combined TRACON& Tower with Radar,10,7,56,4,77,0,0,158,0,158,10,7,214,4,235,56,0,56,291
04/28/2014,DAB,FL,ASO,ES,Combined TRACON& Tower with Radar,12,8,145,0,165,0,2,541,2,545,12,10,686,2,710,121,0,121,831
04/29/2014,DAB,FL,ASO,ES,Combined TRACON& Tower with Radar,12,5,95,7,119,0,0,378,3,381,12,5,473,10,500,66,10,76,576
04/30/2014,DAB,FL,ASO,ES,Combined TRACON& Tower with Radar,12,7,140,2,161,0,0,262,2,264,12,7,402,4,425,106,0,106,531
05/01/2014,DAB,FL,ASO,ES,Combined TRACON& Tower with Radar,10,6,106,0,122,0,0,442,3,445,10,6,548,3,567,352,0,352,919
05/02/2014,DAB,FL,ASO,ES,Combined TRACON& Tower with Radar,10,8,117,6,141,0,0,76,0,76,10,8,193,6,217,108,0,108,325
05/03/2014,DAB,FL,ASO,ES,Combined TRACON& Tower with Radar,16,6,84,0,106,0,1,7,0,8,16,7,91,0,114,0,0,0,114
05/04/2014,DAB,FL,ASO,ES,Combined TRACON& Tower with Radar,12,4,64,4,84,0,0,205,2,207,12,4,269,6,291,73,0,73,364
05/05/2014,DAB,FL,ASO,ES,Combined TRACON& Tower with Radar,10,6,179,2,197,0,0,802,0,802,10,6,981,2,999,339,0,339,1338
05/06/2014,DAB,FL,ASO,ES,Combined TRACON& Tower with Radar,12,4,135,5,156,0,8,727,3,738,12,12,862,8,894,445,0,445,1339
05/07/2014,DAB,FL,ASO,ES,Combined TRACON& Tower with Radar,12,5,137,0,154,0,1,671,0,672,12,6,808,0,826,280,0,280,1106
05/08/2014,DAB,FL,ASO,ES,Combined TRACON& Tower with Radar,12,10,123,4,149,0,0,715,1,716,12,10,838,5,865,542,0,542,1407
05/09/2014,DAB,FL,ASO,ES,Combined TRACON& Tower with Radar,12,3,112,10,137,0,0,688,5,693,12,3,800,15,830,296,0,296,1126
05/10/2014,DAB,FL,ASO,ES,Combined TRACON& Tower with Radar,16,5,78,0,99,0,0,406,0,406,16,5,484,0,505,60,0,60,565
05/11/2014,DAB,FL,ASO,ES,Combined TRACON& Tower with Radar,11,6,51,0,68,0,0,155,0,155,11,6,206,0,223,160,0,160,383
05/12/2014,DAB,FL,ASO,ES,Combined TRACON& Tower with Radar,12,7,139,0,158,0,8,674,1,683,12,15,813,1,841,448,0,448,1289
05/13/2014,DAB,FL,ASO,ES,Combined TRACON& Tower with Radar,13,6,148,5,172,0,1,564,3,568,13,7,712,8,740,256,0,256,996
05/14/2014,DAB,FL,ASO,ES,Combined TRACON& Tower with Radar,11,7,137,2,157,0,0,216,3,219,11,7,353,5,376,100,0,100,476
05/15/2014,DAB,FL,ASO,ES,Combined TRACON& Tower with Radar,15,6,72,0,93,0,0,97,0,97,15,6,169,0,190,6,0,6,196
05/16/2014,DAB,FL,ASO,ES,Combined TRACON& Tower with Radar,12,13,131,0,156,0,13,586,0,599,12,26,717,0,755,92,0,92,847
05/17/2014,DAB,FL,ASO,ES,Combined TRACON& Tower with Radar,18,16,81,8,123,0,17,425,2,444,18,33,506,10,567,112,0,112,679
05/18/2014,DAB,FL,ASO,ES,Combined TRACON& Tower with Radar,12,4,52,0,68,0,2,150,2,154,12,6,202,2,222,141,0,141,363
05/19/2014,DAB,FL,ASO,ES,Combined TRACON& Tower with Radar,14,10,128,3,155,0,14,697,4,715,14,24,825,7,870,409,0,409,1279
05/20/2014,DAB,FL,ASO,ES,Combined TRACON& Tower with Radar,12,9,128,0,149,0,23,697,0,720,12,32,825,0,869,423,0,423,1292
05/21/2014,DAB,FL,ASO,ES,Combined TRACON& Tower with Radar,10,21,123,0,154,0,29,716,0,745,10,50,839,0,899,448,0,448,1347
05/22/2014,DAB,FL,ASO,ES,Combined TRACON& Tower with Radar,12,8,114,3,137,0,27,666,3,696,12,35,780,6,833,603,0,603,1436
05/23/2014,DAB,FL,ASO,ES,Combined TRACON& Tower with Radar,12,11,144,0,167,0,33,727,0,760,12,44,871,0,927,407,0,407,1334
05/24/2014,DAB,FL,ASO,ES,Combined TRACON& Tower with Radar,18,12,79,0,109,0,35,441,0,476,18,47,520,0,585,340,0,340,925
05/25/2014,DAB,FL,ASO,ES,Combined TRACON& Tower with Radar,8,7,29,0,44,0,0,116,0,116,8,7,145,0,160,87,0,87,247
05/26/2014,DAB,FL,ASO,ES,Combined TRACON& Tower with Radar,12,9,69,0,90,0,0,334,0,334,12,9,403,0,424,282,0,282,706
05/27/2014,DAB,FL,ASO,ES,Combined TRACON& Tower with Radar,11,12,117,0,140,0,20,575,2,597,11,32,692,2,737,294,0,294,1031
05/28/2014,DAB,FL,ASO,ES,Combined TRACON& Tower with Radar,13,14,117,1,145,0,18,598,2,618,13,32,715,3,763,357,0,357,1120
05/29/2014,DAB,FL,ASO,ES,Combined TRACON& Tower with Radar,12,5,106,0,123,0,7,550,2,559,12,12,656,2,682,202,0,202,884
05/30/2014,DAB,FL,ASO,ES,Combined TRACON& Tower with Radar,11,14,104,6,135,0,9,413,0,422,11,23,517,6,557,266,0,266,823
05/31/2014,DAB,FL,ASO,ES,Combined TRACON& Tower with Radar,22,9,123,0,154,0,12,302,0,314,22,21,425,0,468,268,0,268,736
06/01/2014,DAB,FL,ASO,ES,Combined TRACON& Tower with Radar,12,4,34,0,50,36,0,109,0,145,48,4,143,0,195,127,0,127,322
06/02/2014,DAB,FL,ASO,ES,Combined TRACON& Tower with Radar,12,21,164,4,201,0,18,586,3,607,12,39,750,7,808,280,0,280,1088
06/03/2014,DAB,FL,ASO,ES,Combined TRACON& Tower with Radar,12,20,138,3,173,0,32,636,2,670,12,52,774,5,843,442,0,442,1285
06/04/2014,DAB,FL,ASO,ES,Combined TRACON& Tower with Radar,12,13,151,0,176,0,25,642,1,668,12,38,793,1,844,639,0,639,1483
06/05/2014,DAB,FL,ASO,ES,Combined TRACON& Tower with Radar,11,21,140,2,174,0,30,698,0,728,11,51,838,2,902,371,0,371,1273
06/06/2014,DAB,FL,ASO,ES,Combined TRACON& Tower with Radar,13,22,125,8,168,0,32,678,0,710,13,54,803,8,878,554,0,554,1432
06/07/2014,DAB,FL,ASO,ES,Combined TRACON& Tower with Radar,18,13,79,1,111,0,10,363,0,373,18,23,442,1,484,316,0,316,800
06/08/2014,DAB,FL,ASO,ES,Combined TRACON& Tower with Radar,12,4,41,1,58,0,6,119,0,125,12,10,160,1,183,249,0,249,432
06/09/2014,DAB,FL,ASO,ES,Combined TRACON& Tower with Radar,12,15,115,2,144,0,11,503,1,515,12,26,618,3,659,387,0,387,1046
06/10/2014,DAB,FL,ASO,ES,Combined TRACON& Tower with Radar,14,12,61,0,87,0,10,392,0,402,14,22,453,0,489,234,0,234,723
06/11/2014,DAB,FL,ASO,ES,Combined TRACON& Tower with Radar,11,5,71,3,90,0,13,408,0,421,11,18,479,3,511,354,0,354,865
06/12/2014,DAB,FL,ASO,ES,Combined TRACON& Tower with Radar,15,13,99,2,129,0,18,565,1,584,15,31,664,3,713,434,0,434,1147
06/13/2014,DAB,FL,ASO,ES,Combined TRACON& Tower with Radar,12,12,85,5,114,0,15,442,0,457,12,27,527,5,571,329,0,329,900
06/14/2014,DAB,FL,ASO,ES,Combined TRACON& Tower with Radar,18,6,75,6,105,0,6,268,0,274,18,12,343,6,379,217,0,217,596
06/15/2014,DAB,FL,ASO,ES,Combined TRACON& Tower with Radar,12,5,39,0,56,0,1,164,0,165,12,6,203,0,221,174,0,174,395
06/16/2014,DAB,FL,ASO,ES,Combined TRACON& Tower with Radar,12,14,128,0,154,0,27,616,1,644,12,41,744,1,798,395,0,395,1193
06/17/2014,DAB,FL,ASO,ES,Combined TRACON& Tower with Radar,12,16,122,2,152,0,14,570,0,584,12,30,692,2,736,426,0,426,1162
06/18/2014,DAB,FL,ASO,ES,Combined TRACON& Tower with Radar,12,22,109,0,143,0,16,494,0,510,12,38,603,0,653,484,0,484,1137
06/19/2014,DAB,FL,ASO,ES,Combined TRACON& Tower with Radar,12,13,115,3,143,0,21,485,0,506,12,34,600,3,649,433,0,433,1082
06/20/2014,DAB,FL,ASO,ES,Combined TRACON& Tower with Radar,11,21,111,2,145,0,11,432,1,444,11,32,543,3,589,436,0,436,1025
06/21/2014,DAB,FL,ASO,ES,Combined TRACON& Tower with Radar,19,13,71,0,103,4,13,332,3,352,23,26,403,3,455,286,0,286,741
06/22/2014,DAB,FL,ASO,ES,Combined TRACON& Tower with Radar,12,4,26,0,42,0,0,112,1,113,12,4,138,1,155,246,0,246,401
06/23/2014,DAB,FL,ASO,ES,Combined TRACON& Tower with Radar,14,12,99,0,125,0,15,352,0,367,14,27,451,0,492,307,0,307,799
06/24/2014,DAB,FL,ASO,ES,Combined TRACON& Tower with Radar,12,18,141,5,176,0,18,450,2,470,12,36,591,7,646,355,0,355,1001
06/25/2014,DAB,FL,ASO,ES,Combined TRACON& Tower with Radar,11,28,117,0,156,0,15,510,0,525,11,43,627,0,681,221,0,221,902
06/26/2014,DAB,FL,ASO,ES,Combined TRACON& Tower with Radar,13,19,106,6,144,0,10,444,2,456,13,29,550,8,600,266,0,266,866
06/27/2014,DAB,FL,ASO,ES,Combined TRACON& Tower with Radar,12,25,110,8,155,0,24,596,1,621,12,49,706,9,776,366,0,366,1142
06/28/2014,DAB,FL,ASO,ES,Combined TRACON& Tower with Radar,18,24,81,5,128,0,12,412,0,424,18,36,493,5,552,209,0,209,761
06/29/2014,DAB,FL,ASO,ES,Combined TRACON& Tower with Radar,14,9,52,0,75,0,6,145,0,151,14,15,197,0,226,168,0,168,394
06/30/2014,DAB,FL,ASO,ES,Combined TRACON& Tower with Radar,10,19,168,2,199,0,12,204,0,216,10,31,372,2,415,132,0,132,547
07/01/2014,DAB,FL,ASO,ES,Combined TRACON& Tower with Radar,12,18,139,0,169,0,5,310,0,315,12,23,449,0,484,197,14,211,695
07/02/2014,DAB,FL,ASO,ES,Combined TRACON& Tower with Radar,15,24,124,0,163,0,4,189,1,194,15,28,313,1,357,26,0,26,383
07/03/2014,DAB,FL,ASO,ES,Combined TRACON& Tower with Radar,11,23,116,3,153,0,14,372,1,387,11,37,488,4,540,216,0,216,756
07/04/2014,DAB,FL,ASO,ES,Combined TRACON& Tower with Radar,9,18,58,0,85,0,9,159,2,170,9,27,217,2,255,137,0,137,392
07/05/2014,DAB,FL,ASO,ES,Combined TRACON& Tower with Radar,19,13,101,1,134,0,0,126,0,126,19,13,227,1,260,87,0,87,347
07/06/2014,DAB,FL,ASO,ES,Combined TRACON& Tower with Radar,16,25,102,2,145,0,0,74,2,76,16,25,176,4,221,82,0,82,303
07/07/2014,DAB,FL,ASO,ES,Combined TRACON& Tower with Radar,12,22,106,0,140,0,7,496,0,503,12,29,602,0,643,290,0,290,933
07/08/2014,DAB,FL,ASO,ES,Combined TRACON& Tower with Radar,12,19,76,0,107,0,13,460,0,473,12,32,536,0,580,288,0,288,868
07/09/2014,DAB,FL,ASO,ES,Combined TRACON& Tower with Radar,12,26,111,2,151,0,29,508,0,537,12,55,619,2,688,300,0,300,988
07/10/2014,DAB,FL,ASO,ES,Combined TRACON& Tower with Radar,11,15,84,0,110,5,19,507,1,532,16,34,591,1,642,333,0,333,975
07/11/2014,DAB,FL,ASO,ES,Combined TRACON& Tower with Radar,13,21,111,3,148,0,18,452,0,470,13,39,563,3,618,161,0,161,779
07/12/2014,DAB,FL,ASO,ES,Combined TRACON& Tower with Radar,18,15,116,0,149,0,10,291,0,301,18,25,407,0,450,238,0,238,688
07/13/2014,DAB,FL,ASO,ES,Combined TRACON& Tower with Radar,11,12,38,0,61,0,1,232,0,233,11,13,270,0,294,440,0,440,734
07/14/2014,DAB,FL,ASO,ES,Combined TRACON& Tower with Radar,12,8,84,1,105,0,18,418,0,436,12,26,502,1,541,282,0,282,823
07/15/2014,DAB,FL,ASO,ES,Combined TRACON& Tower with Radar,13,14,110,0,137,0,10,385,4,399,13,24,495,4,536,308,0,308,844
07/16/2014,DAB,FL,ASO,ES,Combined TRACON& Tower with Radar,14,18,90,0,122,0,14,335,0,349,14,32,425,0,471,133,0,133,604
07/17/2014,DAB,FL,ASO,ES,Combined TRACON& Tower with Radar,12,28,183,0,223,0,14,431,0,445,12,42,614,0,668,290,0,290,958
07/18/2014,DAB,FL,ASO,ES,Combined TRACON& Tower with Radar,10,29,136,1,176,0,36,442,0,478,10,65,578,1,654,378,0,378,1032
07/19/2014,DAB,FL,ASO,ES,Combined TRACON& Tower with Radar,15,17,99,0,131,0,18,366,0,384,15,35,465,0,515,239,0,239,754
07/20/2014,DAB,FL,ASO,ES,Combined TRACON& Tower with Radar,13,9,48,0,70,0,18,142,0,160,13,27,190,0,230,206,0,206,436
07/21/2014,DAB,FL,ASO,ES,Combined TRACON& Tower with Radar,12,17,76,0,105,0,21,330,0,351,12,38,406,0,456,177,0,177,633
07/22/2014,DAB,FL,ASO,ES,Combined TRACON& Tower with Radar,12,17,130,0,159,0,16,452,2,470,12,33,582,2,629,325,0,325,954
07/23/2014,DAB,FL,ASO,ES,Combined TRACON& Tower with Radar,11,19,135,0,165,0,18,564,0,582,11,37,699,0,747,227,0,227,974
07/24/2014,DAB,FL,ASO,ES,Combined TRACON& Tower with Radar,11,11,105,0,127,0,16,461,0,477,11,27,566,0,604,302,0,302,906
07/25/2014,DAB,FL,ASO,ES,Combined TRACON& Tower with Radar,14,12,114,2,142,0,16,420,1,437,14,28,534,3,579,268,0,268,847
07/26/2014,DAB,FL,ASO,ES,Combined TRACON& Tower with Radar,14,15,67,0,96,0,27,266,0,293,14,42,333,0,389,122,0,122,511
07/27/2014,DAB,FL,ASO,ES,Combined TRACON& Tower with Radar,11,13,39,0,63,15,22,126,1,164,26,35,165,1,227,116,0,116,343
07/28/2014,DAB,FL,ASO,ES,Combined TRACON& Tower with Radar,13,12,119,1,145,0,8,505,3,516,13,20,624,4,661,328,0,328,989
07/29/2014,DAB,FL,ASO,ES,Combined TRACON& Tower with Radar,10,11,96,0,117,0,22,450,0,472,10,33,546,0,589,278,0,278,867
07/30/2014,DAB,FL,ASO,ES,Combined TRACON& Tower with Radar,12,8,102,6,128,0,20,604,5,629,12,28,706,11,757,279,0,279,1036
07/31/2014,DAB,FL,ASO,ES,Combined TRACON& Tower with Radar,12,13,146,1,172,0,12,459,1,472,12,25,605,2,644,299,0,299,943
08/01/2014,DAB,FL,ASO,ES,Combined TRACON& Tower with Radar,12,15,121,2,150,64,15,541,0,620,76,30,662,2,770,242,0,242,1012
08/02/2014,DAB,FL,ASO,ES,Combined TRACON& Tower with Radar,18,19,102,0,139,0,7,379,0,386,18,26,481,0,525,256,0,256,781
08/03/2014,DAB,FL,ASO,ES,Combined TRACON& Tower with Radar,14,7,47,0,68,0,4,86,0,90,14,11,133,0,158,124,0,124,282
08/04/2014,DAB,FL,ASO,ES,Combined TRACON& Tower with Radar,12,14,75,0,101,0,4,306,0,310,12,18,381,0,411,210,0,210,621
08/05/2014,DAB,FL,ASO,ES,Combined TRACON& Tower with Radar,12,18,173,2,205,67,3,372,0,442,79,21,545,2,647,102,0,102,749
08/06/2014,DAB,FL,ASO,ES,Combined TRACON& Tower with Radar,14,14,131,0,159,16,16,572,1,605,30,30,703,1,764,343,0,343,1107
08/07/2014,DAB,FL,ASO,ES,Combined TRACON& Tower with Radar,11,11,117,0,139,0,22,478,0,500,11,33,595,0,639,139,0,139,778
08/08/2014,DAB,FL,ASO,ES,Combined TRACON& Tower with Radar,9,20,83,0,112,0,10,543,4,557,9,30,626,4,669,156,0,156,825
08/09/2014,DAB,FL,ASO,ES,Combined TRACON& Tower with Radar,18,13,64,1,96,0,11,237,1,249,18,24,301,2,345,110,0,110,455
08/10/2014,DAB,FL,ASO,ES,Combined TRACON& Tower with Radar,12,11,41,3,67,0,3,83,4,90,12,14,124,7,157,136,0,136,293
08/11/2014,DAB,FL,ASO,ES,Combined TRACON& Tower with Radar,12,9,96,1,118,0,9,356,0,365,12,18,452,1,483,86,0,86,569
08/12/2014,DAB,FL,ASO,ES,Combined TRACON& Tower with Radar,12,15,121,8,156,0,6,246,0,252,12,21,367,8,408,93,0,93,501
08/13/2014,DAB,FL,ASO,ES,Combined TRACON& Tower with Radar,11,10,107,1,129,0,19,516,3,538,11,29,623,4,667,350,0,350,1017
08/14/2014,DAB,FL,ASO,ES,Combined TRACON& Tower with Radar,13,18,81,1,113,0,6,295,2,303,13,24,376,3,416,193,0,193,609
08/15/2014,DAB,FL,ASO,ES,Combined TRACON& Tower with Radar,14,18,98,3,133,0,25,392,0,417,14,43,490,3,550,228,0,228,778
08/16/2014,DAB,FL,ASO,ES,Combined TRACON& Tower with Radar,18,16,83,2,119,4,12,316,1,333,22,28,399,3,452,155,0,155,607
08/17/2014,DAB,FL,ASO,ES,Combined TRACON& Tower with Radar,12,11,47,1,71,0,3,102,1,106,12,14,149,2,177,190,0,190,367
08/18/2014,DAB,FL,ASO,ES,Combined TRACON& Tower with Radar,11,14,103,0,128,0,15,426,0,441,11,29,529,0,569,222,0,222,791
08/19/2014,DAB,FL,ASO,ES,Combined TRACON& Tower with Radar,10,23,153,2,188,0,23,625,0,648,10,46,778,2,836,276,0,276,1112
08/20/2014,DAB,FL,ASO,ES,Combined TRACON& Tower with Radar,9,20,145,4,178,0,31,614,0,645,9,51,759,4,823,274,0,274,1097
08/21/2014,DAB,FL,ASO,ES,Combined TRACON& Tower with Radar,11,20,121,2,154,16,17,566,0,599,27,37,687,2,753,303,0,303,1056
08/22/2014,DAB,FL,ASO,ES,Combined TRACON& Tower with Radar,10,24,127,1,162,0,32,589,1,622,10,56,716,2,784,348,0,348,1132
08/23/2014,DAB,FL,ASO,ES,Combined TRACON& Tower with Radar,16,22,122,0,160,0,20,449,0,469,16,42,571,0,629,254,0,254,883
08/24/2014,DAB,FL,ASO,ES,Combined TRACON& Tower with Radar,10,8,49,0,67,0,4,100,0,104,10,12,149,0,171,65,0,65,236
08/25/2014,DAB,FL,ASO,ES,Combined TRACON& Tower with Radar,10,16,123,0,149,0,4,321,0,325,10,20,444,0,474,212,0,212,686
08/26/2014,DAB,FL,ASO,ES,Combined TRACON& Tower with Radar,10,13,128,2,153,0,15,529,0,544,10,28,657,2,697,241,0,241,938
08/27/2014,DAB,FL,ASO,ES,Combined TRACON& Tower with Radar,9,14,134,0,157,0,17,583,1,601,9,31,717,1,758,284,0,284,1042
08/28/2014,DAB,FL,ASO,ES,Combined TRACON& Tower with Radar,11,15,124,0,150,0,12,581,0,593,11,27,705,0,743,308,0,308,1051
08/29/2014,DAB,FL,ASO,ES,Combined TRACON& Tower with Radar,12,12,121,0,145,0,23,432,0,455,12,35,553,0,600,203,0,203,803
08/30/2014,DAB,FL,ASO,ES,Combined TRACON& Tower with Radar,12,20,108,0,140,0,7,527,0,534,12,27,635,0,674,205,0,205,879
08/31/2014,DAB,FL,ASO,ES,Combined TRACON& Tower with Radar,6,10,29,0,45,0,6,127,4,137,6,16,156,4,182,149,0,149,331
09/01/2014,DAB,FL,ASO,ES,Combined TRACON& Tower with Radar,10,10,80,0,100,0,13,282,2,297,10,23,362,2,397,166,0,166,563
09/02/2014,DAB,FL,ASO,ES,Combined TRACON& Tower with Radar,10,14,101,22,147,50,17,487,0,554,60,31,588,22,701,308,0,308,1009
09/03/2014,DAB,FL,ASO,ES,Combined TRACON& Tower with Radar,10,21,124,0,155,0,21,664,0,685,10,42,788,0,840,298,0,298,1138
09/04/2014,DAB,FL,ASO,ES,Combined TRACON& Tower with Radar,9,13,120,2,144,0,4,523,3,530,9,17,643,5,674,272,0,272,946
09/05/2014,DAB,FL,ASO,ES,Combined TRACON& Tower with Radar,10,10,87,7,114,0,7,416,1,424,10,17,503,8,538,218,44,262,800
09/06/2014,DAB,FL,ASO,ES,Combined TRACON& Tower with Radar,14,7,88,3,112,15,4,379,3,401,29,11,467,6,513,228,0,228,741
09/07/2014,DAB,FL,ASO,ES,Combined TRACON& Tower with Radar,12,14,65,3,94,0,0,47,0,47,12,14,112,3,141,90,0,90,231
09/08/2014,DAB,FL,ASO,ES,Combined TRACON& Tower with Radar,10,15,107,0,132,0,25,584,0,609,10,40,691,0,741,268,0,268,1009
09/09/2014,DAB,FL,ASO,ES,Combined TRACON& Tower with Radar,8,12,124,4,148,0,11,546,1,558,8,23,670,5,706,322,0,322,1028
09/10/2014,DAB,FL,ASO,ES,Combined TRACON& Tower with Radar,10,22,114,2,148,0,32,776,0,808,10,54,890,2,956,246,0,246,1202
09/11/2014,DAB,FL,ASO,ES,Combined TRACON& Tower with Radar,10,11,108,1,130,0,27,642,2,671,10,38,750,3,801,340,0,340,1141
09/12/2014,DAB,FL,ASO,ES,Combined TRACON& Tower with Radar,10,19,114,0,143,0,21,506,0,527,10,40,620,0,670,377,0,377,1047
09/13/2014,DAB,FL,ASO,ES,Combined TRACON& Tower with Radar,14,36,80,0,130,0,37,560,4,601,14,73,640,4,731,203,0,203,934
09/14/2014,DAB,FL,ASO,ES,Combined TRACON& Tower with Radar,10,12,46,0,68,0,17,149,0,166,10,29,195,0,234,286,0,286,520
09/15/2014,DAB,FL,ASO,ES,Combined TRACON& Tower with Radar,10,8,87,0,105,0,16,562,1,579,10,24,649,1,684,274,0,274,958
09/16/2014,DAB,FL,ASO,ES,Combined TRACON& Tower with Radar,9,13,101,1,124,0,11,629,0,640,9,24,730,1,764,340,0,340,1104
09/17/2014,DAB,FL,ASO,ES,Combined TRACON& Tower with Radar,10,14,119,0,143,0,16,588,0,604,10,30,707,0,747,432,0,432,1179
09/18/2014,DAB,FL,ASO,ES,Combined TRACON& Tower with Radar,10,19,137,0,166,0,34,710,0,744,10,53,847,0,910,264,0,264,1174
09/19/2014,DAB,FL,ASO,ES,Combined TRACON& Tower with Radar,10,16,99,2,127,6,14,489,0,509,16,30,588,2,636,163,0,163,799
09/20/2014,DAB,FL,ASO,ES,Combined TRACON& Tower with Radar,14,24,109,1,148,0,3,47,1,51,14,27,156,2,199,10,0,10,209
09/21/2014,DAB,FL,ASO,ES,Combined TRACON& Tower with Radar,10,18,50,0,78,0,6,154,0,160,10,24,204,0,238,204,0,204,442
09/22/2014,DAB,FL,ASO,ES,Combined TRACON& Tower with Radar,10,13,78,0,101,0,17,365,1,383,10,30,443,1,484,150,0,150,634
09/23/2014,DAB,FL,ASO,ES,Combined TRACON& Tower with Radar,8,13,104,0,125,0,4,352,0,356,8,17,456,0,481,218,0,218,699
09/24/2014,DAB,FL,ASO,ES,Combined TRACON& Tower with Radar,10,35,189,0,234,0,1,34,0,35,10,36,223,0,269,8,0,8,277
09/25/2014,DAB,FL,ASO,ES,Combined TRACON& Tower with Radar,10,31,217,0,258,0,0,104,0,104,10,31,321,0,362,32,0,32,394
09/26/2014,DAB,FL,ASO,ES,Combined TRACON& Tower with Radar,10,16,159,1,186,0,1,343,0,344,10,17,502,1,530,134,0,134,664
09/27/2014,DAB,FL,ASO,ES,Combined TRACON& Tower with Radar,14,18,135,5,172,0,6,563,0,569,14,24,698,5,741,270,0,270,1011
09/28/2014,DAB,FL,ASO,ES,Combined TRACON& Tower with Radar,10,14,58,3,85,0,9,149,2,160,10,23,207,5,245,248,0,248,493
09/29/2014,DAB,FL,ASO,ES,Combined TRACON& Tower with Radar,10,22,101,0,133,0,2,285,0,287,10,24,386,0,420,248,0,248,668
09/30/2014,DAB,FL,ASO,ES,Combined TRACON& Tower with Radar,8,36,257,2,303,0,8,144,2,154,8,44,401,4,457,202,0,202,659
10/01/2014,DAB,FL,ASO,ES,Combined TRACON& Tower with Radar,10,26,235,0,271,0,20,784,0,804,10,46,1019,0,1075,382,0,382,1457
10/02/2014,DAB,FL,ASO,ES,Combined TRACON& Tower with Radar,10,16,158,0,184,0,26,936,0,962,10,42,1094,0,1146,269,0,269,1415
10/03/2014,DAB,FL,ASO,ES,Combined TRACON& Tower with Radar,15,18,140,0,173,40,32,677,0,749,55,50,817,0,922,317,0,317,1239
10/04/2014,DAB,FL,ASO,ES,Combined TRACON& Tower with Radar,13,33,110,0,156,0,15,287,0,302,13,48,397,0,458,18,0,18,476
10/05/2014,DAB,FL,ASO,ES,Combined TRACON& Tower with Radar,8,13,38,0,59,0,40,168,0,208,8,53,206,0,267,72,0,72,339
10/06/2014,DAB,FL,ASO,ES,Combined TRACON& Tower with Radar,10,26,113,0,149,0,36,773,1,810,10,62,886,1,959,288,0,288,1247
10/07/2014,DAB,FL,ASO,ES,Combined TRACON& Tower with Radar,12,25,119,3,159,0,28,734,3,765,12,53,853,6,924,357,0,357,1281
10/08/2014,DAB,FL,ASO,ES,Combined TRACON& Tower with Radar,10,28,125,9,172,0,42,777,3,822,10,70,902,12,994,311,0,311,1305
10/09/2014,DAB,FL,ASO,ES,Combined TRACON& Tower with Radar,8,25,73,1,107,0,17,666,7,690,8,42,739,8,797,301,0,301,1098
10/10/2014,DAB,FL,ASO,ES,Combined TRACON& Tower with Radar,13,25,83,0,121,0,20,461,5,486,13,45,544,5,607,278,0,278,885
10/11/2014,DAB,FL,ASO,ES,Combined TRACON& Tower with Radar,16,15,26,0,57,0,11,242,4,257,16,26,268,4,314,128,0,128,442
10/12/2014,DAB,FL,ASO,ES,Combined TRACON& Tower with Radar,10,10,22,1,43,0,2,90,5,97,10,12,112,6,140,57,0,57,197
10/13/2014,DAB,FL,ASO,ES,Combined TRACON& Tower with Radar,10,22,121,3,156,0,23,538,3,564,10,45,659,6,720,66,0,66,786
10/14/2014,DAB,FL,ASO,ES,Combined TRACON& Tower with Radar,12,15,67,4,98,0,3,336,0,339,12,18,403,4,437,2,0,2,439
10/15/2014,DAB,FL,ASO,ES,Combined TRACON& Tower with Radar,10,18,115,1,144,0,30,526,1,557,10,48,641,2,701,250,0,250,951
10/16/2014,DAB,FL,ASO,ES,Combined TRACON& Tower with Radar,10,21,100,0,131,0,40,806,6,852,10,61,906,6,983,172,0,172,1155
10/17/2014,DAB,FL,ASO,ES,Combined TRACON& Tower with Radar,8,28,130,2,168,0,57,682,0,739,8,85,812,2,907,275,0,275,1182
10/18/2014,DAB,FL,ASO,ES,Combined TRACON& Tower with Radar,10,31,104,4,149,0,49,540,1,590,10,80,644,5,739,368,0,368,1107
10/19/2014,DAB,FL,ASO,ES,Combined TRACON& Tower with Radar,10,21,54,1,86,0,9,159,2,170,10,30,213,3,256,154,0,154,410
10/20/2014,DAB,FL,ASO,ES,Combined TRACON& Tower with Radar,10,21,125,5,161,0,17,663,0,680,10,38,788,5,841,439,0,439,1280
10/21/2014,DAB,FL,ASO,ES,Combined TRACON& Tower with Radar,10,26,129,2,167,14,20,776,0,810,24,46,905,2,977,390,0,390,1367
10/22/2014,DAB,FL,ASO,ES,Combined TRACON& Tower with Radar,10,29,154,0,193,0,38,789,0,827,10,67,943,0,1020,418,0,418,1438
10/23/2014,DAB,FL,ASO,ES,Combined TRACON& Tower with Radar,10,27,143,0,180,0,29,722,2,753,10,56,865,2,933,329,0,329,1262
10/24/2014,DAB,FL,ASO,ES,Combined TRACON& Tower with Radar,10,30,161,2,203,0,28,641,0,669,10,58,802,2,872,222,0,222,1094
10/25/2014,DAB,FL,ASO,ES,Combined TRACON& Tower with Radar,12,32,98,0,142,0,25,504,1,530,12,57,602,1,672,69,0,69,741
10/26/2014,DAB,FL,ASO,ES,Combined TRACON& Tower with Radar,10,13,69,1,93,0,23,224,3,250,10,36,293,4,343,197,0,197,540
10/27/2014,DAB,FL,ASO,ES,Combined TRACON& Tower with Radar,10,18,150,0,178,0,27,659,0,686,10,45,809,0,864,339,0,339,1203
10/28/2014,DAB,FL,ASO,ES,Combined TRACON& Tower with Radar,10,15,145,0,170,0,31,811,1,843,10,46,956,1,1013,343,0,343,1356
10/29/2014,DAB,FL,ASO,ES,Combined TRACON& Tower with Radar,8,25,169,1,203,0,30,735,0,765,8,55,904,1,968,381,0,381,1349
10/30/2014,DAB,FL,ASO,ES,Combined TRACON& Tower with Radar,10,13,191,0,214,0,23,587,4,614,10,36,778,4,828,340,0,340,1168
10/31/2014,DAB,FL,ASO,ES,Combined TRACON& Tower with Radar,8,17,149,0,174,0,14,610,0,624,8,31,759,0,798,373,12,385,1183
11/01/2014,DAB,FL,ASO,ES,Combined TRACON& Tower with Radar,10,4,33,0,47,0,5,107,0,112,10,9,140,0,159,98,0,98,257
11/02/2014,DAB,FL,ASO,ES,Combined TRACON& Tower with Radar,10,6,49,0,65,0,22,216,1,239,10,28,265,1,304,164,0,164,468
11/03/2014,DAB,FL,ASO,ES,Combined TRACON& Tower with Radar,10,24,137,4,175,0,22,601,0,623,10,46,738,4,798,260,0,260,1058
11/04/2014,DAB,FL,ASO,ES,Combined TRACON& Tower with Radar,10,24,184,5,223,0,26,731,0,757,10,50,915,5,980,378,0,378,1358
11/05/2014,DAB,FL,ASO,ES,Combined TRACON& Tower with Radar,10,28,143,2,183,0,33,793,0,826,10,61,936,2,1009,413,0,413,1422
11/06/2014,DAB,FL,ASO,ES,Combined TRACON& Tower with Radar,10,13,124,2,149,0,30,757,0,787,10,43,881,2,936,477,0,477,1413
11/07/2014,DAB,FL,ASO,ES,Combined TRACON& Tower with Radar,10,15,127,3,155,0,25,557,1,583,10,40,684,4,738,30,0,30,768
11/08/2014,DAB,FL,ASO,ES,Combined TRACON& Tower with Radar,14,19,106,0,139,0,22,549,0,571,14,41,655,0,710,279,0,279,989
11/09/2014,DAB,FL,ASO,ES,Combined TRACON& Tower with Radar,10,19,65,0,94,0,2,81,0,83,10,21,146,0,177,6,0,6,183
11/10/2014,DAB,FL,ASO,ES,Combined TRACON& Tower with Radar,8,9,70,0,87,0,2,11,0,13,8,11,81,0,100,2,0,2,102
11/11/2014,DAB,FL,ASO,ES,Combined TRACON& Tower with Radar,10,28,112,0,150,0,26,491,2,519,10,54,603,2,669,41,0,41,710
11/12/2014,DAB,FL,ASO,ES,Combined TRACON& Tower with Radar,10,16,132,9,167,0,42,795,5,842,10,58,927,14,1009,394,0,394,1403
11/13/2014,DAB,FL,ASO,ES,Combined TRACON& Tower with Radar,10,19,141,4,174,0,27,870,3,900,10,46,1011,7,1074,324,0,324,1398
11/14/2014,DAB,FL,ASO,ES,Combined TRACON& Tower with Radar,10,32,150,6,198,0,10,456,2,468,10,42,606,8,666,152,0,152,818
11/15/2014,DAB,FL,ASO,ES,Combined TRACON& Tower with Radar,12,33,126,2,173,0,8,443,0,451,12,41,569,2,624,128,0,128,752
11/16/2014,DAB,FL,ASO,ES,Combined TRACON& Tower with Radar,10,9,74,0,93,0,21,286,2,309,10,30,360,2,402,383,0,383,785
11/17/2014,DAB,FL,ASO,ES,Combined TRACON& Tower with Radar,8,11,111,5,135,0,3,133,0,136,8,14,244,5,271,46,0,46,317
11/18/2014,DAB,FL,ASO,ES,Combined TRACON& Tower with Radar,10,20,110,4,144,0,26,382,1,409,10,46,492,5,553,4,0,4,557
11/19/2014,DAB,FL,ASO,ES,Combined TRACON& Tower with Radar,10,27,159,2,198,0,15,469,1,485,10,42,628,3,683,2,0,2,685
11/20/2014,DAB,FL,ASO,ES,Combined TRACON& Tower with Radar,10,27,125,0,162,0,51,631,5,687,10,78,756,5,849,48,0,48,897
11/21/2014,DAB,FL,ASO,ES,Combined TRACON& Tower with Radar,11,18,147,12,188,0,27,621,2,650,11,45,768,14,838,287,0,287,1125
11/22/2014,DAB,FL,ASO,ES,Combined TRACON& Tower with Radar,13,41,134,2,190,0,2,207,0,209,13,43,341,2,399,122,0,122,521
11/23/2014,DAB,FL,ASO,ES,Combined TRACON& Tower with Radar,8,7,63,0,78,0,0,25,0,25,8,7,88,0,103,0,0,0,103
11/24/2014,DAB,FL,ASO,ES,Combined TRACON& Tower with Radar,8,24,175,5,212,0,18,452,5,475,8,42,627,10,687,202,0,202,889
11/25/2014,DAB,FL,ASO,ES,Combined TRACON& Tower with Radar,10,10,32,1,53,0,0,37,1,38,10,10,69,2,91,60,0,60,151
11/26/2014,DAB,FL,ASO,ES,Combined TRACON& Tower with Radar,10,21,73,0,104,0,9,263,0,272,10,30,336,0,376,158,0,158,534
11/27/2014,DAB,FL,ASO,ES,Combined TRACON& Tower with Radar,4,4,9,0,17,0,0,43,0,43,4,4,52,0,60,0,0,0,60
11/28/2014,DAB,FL,ASO,ES,Combined TRACON& Tower with Radar,10,8,64,0,82,0,22,328,0,350,10,30,392,0,432,14,0,14,446
11/29/2014,DAB,FL,ASO,ES,Combined TRACON& Tower with Radar,12,21,108,0,141,0,25,468,1,494,12,46,576,1,635,201,0,201,836
11/30/2014,DAB,FL,ASO,ES,Combined TRACON& Tower with Radar,12,15,81,0,108,0,14,213,0,227,12,29,294,0,335,194,0,194,529
12/01/2014,DAB,FL,ASO,ES,Combined TRACON& Tower with Radar,12,33,163,0,208,0,18,690,0,708,12,51,853,0,916,264,0,264,1180
12/02/2014,DAB,FL,ASO,ES,Combined TRACON& Tower with Radar,10,28,157,0,195,0,16,752,0,768,10,44,909,0,963,440,0,440,1403
12/03/2014,DAB,FL,ASO,ES,Combined TRACON& Tower with Radar,10,19,128,8,165,0,5,601,0,606,10,24,729,8,771,266,0,266,1037
12/04/2014,DAB,FL,ASO,ES,Combined TRACON& Tower with Radar,8,35,158,2,203,0,22,795,1,818,8,57,953,3,1021,355,18,373,1394
12/05/2014,DAB,FL,ASO,ES,Combined TRACON& Tower with Radar,10,29,144,3,186,0,14,557,5,576,10,43,701,8,762,258,0,258,1020
12/06/2014,DAB,FL,ASO,ES,Combined TRACON& Tower with Radar,10,44,145,4,203,0,22,493,2,517,10,66,638,6,720,222,0,222,942
12/07/2014,DAB,FL,ASO,ES,Combined TRACON& Tower with Radar,10,13,73,3,99,0,0,16,3,19,10,13,89,6,118,6,0,6,124
12/08/2014,DAB,FL,ASO,ES,Combined TRACON& Tower with Radar,10,30,106,1,147,0,0,7,0,7,10,30,113,1,154,10,0,10,164
12/09/2014,DAB,FL,ASO,ES,Combined TRACON& Tower with Radar,10,17,135,2,164,1,49,618,2,670,11,66,753,4,834,187,0,187,1021
12/10/2014,DAB,FL,ASO,ES,Combined TRACON& Tower with Radar,10,38,122,1,171,0,42,738,0,780,10,80,860,1,951,307,0,307,1258
12/11/2014,DAB,FL,ASO,ES,Combined TRACON& Tower with Radar,10,21,131,0,162,0,40,708,0,748,10,61,839,0,910,288,0,288,1198
12/12/2014,DAB,FL,ASO,ES,Combined TRACON& Tower with Radar,10,16,112,0,138,0,40,727,0,767,10,56,839,0,905,206,0,206,1111
12/13/2014,DAB,FL,ASO,ES,Combined TRACON& Tower with Radar,10,25,101,0,136,0,26,530,0,556,10,51,631,0,692,259,0,259,951
12/14/2014,DAB,FL,ASO,ES,Combined TRACON& Tower with Radar,10,15,52,0,77,0,10,199,1,210,10,25,251,1,287,153,0,153,440
12/15/2014,DAB,FL,ASO,ES,Combined TRACON& Tower with Radar,13,18,104,2,137,0,11,489,0,500,13,29,593,2,637,179,0,179,816
12/16/2014,DAB,FL,ASO,ES,Combined TRACON& Tower with Radar,10,22,126,0,158,0,17,587,0,604,10,39,713,0,762,198,0,198,960
12/17/2014,DAB,FL,ASO,ES,Combined TRACON& Tower with Radar,10,9,100,1,120,0,17,521,1,539,10,26,621,2,659,263,0,263,922
12/18/2014,DAB,FL,ASO,ES,Combined TRACON& Tower with Radar,10,23,113,0,146,0,26,595,2,623,10,49,708,2,769,198,0,198,967
12/19/2014,DAB,FL,ASO,ES,Combined TRACON& Tower with Radar,10,18,98,0,126,0,17,437,0,454,10,35,535,0,580,189,0,189,769
12/20/2014,DAB,FL,ASO,ES,Combined TRACON& Tower with Radar,14,11,79,0,104,0,5,336,0,341,14,16,415,0,445,231,0,231,676
12/21/2014,DAB,FL,ASO,ES,Combined TRACON& Tower with Radar,12,7,37,2,58,0,1,81,0,82,12,8,118,2,140,45,0,45,185
12/22/2014,DAB,FL,ASO,ES,Combined TRACON& Tower with Radar,11,16,94,4,125,0,7,167,0,174,11,23,261,4,299,0,0,0,299
12/23/2014,DAB,FL,ASO,ES,Combined TRACON& Tower with Radar,10,11,74,6,101,0,0,83,2,85,10,11,157,8,186,0,0,0,186
12/24/2014,DAB,FL,ASO,ES,Combined TRACON& Tower with Radar,9,5,29,0,43,0,0,20,0,20,9,5,49,0,63,4,0,4,67
12/25/2014,DAB,FL,ASO,ES,Combined TRACON& Tower with Radar,8,4,4,0,16,0,0,7,1,8,8,4,11,1,24,0,0,0,24
12/26/2014,DAB,FL,ASO,ES,Combined TRACON& Tower with Radar,12,4,75,0,91,0,4,120,0,124,12,8,195,0,215,8,0,8,223
12/27/2014,DAB,FL,ASO,ES,Combined TRACON& Tower with Radar,12,8,67,0,87,0,3,139,0,142,12,11,206,0,229,47,0,47,276
12/28/2014,DAB,FL,ASO,ES,Combined TRACON& Tower with Radar,12,5,41,0,58,0,0,52,0,52,12,5,93,0,110,80,0,80,190
12/29/2014,DAB,FL,ASO,ES,Combined TRACON& Tower with Radar,11,9,73,0,93,0,3,231,0,234,11,12,304,0,327,38,0,38,365
12/30/2014,DAB,FL,ASO,ES,Combined TRACON& Tower with Radar,10,12,62,0,84,0,0,8,0,8,10,12,70,0,92,0,0,0,92
12/31/2014,DAB,FL,ASO,ES,Combined TRACON& Tower with Radar,9,9,52,0,70,0,0,3,0,3,9,9,55,0,73,0,0,0,73
01/01/2015,DAB,FL,ASO,ES,Combined TRACON& Tower with Radar,8,6,19,0,33,0,0,1,0,1,8,6,20,0,34,0,0,0,34
01/02/2015,DAB,FL,ASO,ES,Combined TRACON& Tower with Radar,12,17,72,0,101,0,1,56,0,57,12,18,128,0,158,22,0,22,180
01/03/2015,DAB,FL,ASO,ES,Combined TRACON& Tower with Radar,12,11,72,0,95,0,0,112,0,112,12,11,184,0,207,0,0,0,207
01/04/2015,DAB,FL,ASO,ES,Combined TRACON& Tower with Radar,11,18,46,0,75,0,5,88,1,94,11,23,134,1,169,70,0,70,239
01/05/2015,DAB,FL,ASO,ES,Combined TRACON& Tower with Radar,10,20,98,0,128,0,14,362,0,376,10,34,460,0,504,35,0,35,539
01/06/2015,DAB,FL,ASO,ES,Combined TRACON& Tower with Radar,10,27,82,0,119,0,25,629,0,654,10,52,711,0,773,245,0,245,1018
01/07/2015,DAB,FL,ASO,ES,Combined TRACON& Tower with Radar,12,22,101,0,135,8,19,603,0,630,20,41,704,0,765,285,0,285,1050
01/08/2015,DAB,FL,ASO,ES,Combined TRACON& Tower with Radar,10,8,59,0,77,0,5,220,0,225,10,13,279,0,302,78,0,78,380
01/09/2015,DAB,FL,ASO,ES,Combined TRACON& Tower with Radar,12,17,121,5,155,0,3,137,0,140,12,20,258,5,295,12,0,12,307
01/10/2015,DAB,FL,ASO,ES,Combined TRACON& Tower with Radar,10,33,75,0,118,0,28,456,0,484,10,61,531,0,602,85,0,85,687
01/11/2015,DAB,FL,ASO,ES,Combined TRACON& Tower with Radar,12,13,53,0,78,0,0,42,0,42,12,13,95,0,120,140,0,140,260
01/12/2015,DAB,FL,ASO,ES,Combined TRACON& Tower with Radar,10,4,49,0,63,0,1,109,0,110,10,5,158,0,173,21,0,21,194
01/13/2015,DAB,FL,ASO,ES,Combined TRACON& Tower with Radar,10,23,149,0,182,0,0,113,0,113,10,23,262,0,295,63,0,63,358
01/14/2015,DAB,FL,ASO,ES,Combined TRACON& Tower with Radar,12,10,68,0,90,0,0,0,0,0,12,10,68,0,90,0,0,0,90
01/15/2015,DAB,FL,ASO,ES,Combined TRACON& Tower with Radar,12,25,150,7,194,0,0,59,0,59,12,25,209,7,253,2,0,2,255
01/16/2015,DAB,FL,ASO,ES,Combined TRACON& Tower with Radar,12,25,112,3,152,0,25,607,7,639,12,50,719,10,791,184,0,184,975
01/17/2015,DAB,FL,ASO,ES,Combined TRACON& Tower with Radar,10,35,89,2,136,0,33,699,0,732,10,68,788,2,868,278,0,278,1146
01/18/2015,DAB,FL,ASO,ES,Combined TRACON& Tower with Radar,10,15,37,3,65,0,9,124,7,140,10,24,161,10,205,18,0,18,223
01/19/2015,DAB,FL,ASO,ES,Combined TRACON& Tower with Radar,10,28,128,0,166,0,38,680,8,726,10,66,808,8,892,263,0,263,1155
01/20/2015,DAB,FL,ASO,ES,Combined TRACON& Tower with Radar,10,23,115,0,148,0,42,796,4,842,10,65,911,4,990,375,0,375,1365
01/21/2015,DAB,FL,ASO,ES,Combined TRACON& Tower with Radar,12,16,130,1,159,28,45,792,3,868,40,61,922,4,1027,412,0,412,1439
01/22/2015,DAB,FL,ASO,ES,Combined TRACON& Tower with Radar,12,21,133,6,172,0,39,729,6,774,12,60,862,12,946,370,0,370,1316
01/23/2015,DAB,FL,ASO,ES,Combined TRACON& Tower with Radar,10,28,98,0,136,0,1,255,0,256,10,29,353,0,392,15,0,15,407
01/24/2015,DAB,FL,ASO,ES,Combined TRACON& Tower with Radar,12,19,71,0,102,0,9,147,0,156,12,28,218,0,258,48,0,48,306
01/25/2015,DAB,FL,ASO,ES,Combined TRACON& Tower with Radar,12,25,88,0,125,0,16,259,0,275,12,41,347,0,400,351,0,351,751
01/26/2015,DAB,FL,ASO,ES,Combined TRACON& Tower with Radar,10,16,75,2,103,0,9,207,2,218,10,25,282,4,321,110,0,110,431
01/27/2015,DAB,FL,ASO,ES,Combined TRACON& Tower with Radar,10,24,82,2,118,0,34,411,2,447,10,58,493,4,565,176,0,176,741
01/28/2015,DAB,FL,ASO,ES,Combined TRACON& Tower with Radar,12,14,95,0,121,0,37,578,0,615,12,51,673,0,736,31,0,31,767
01/29/2015,DAB,FL,ASO,ES,Combined TRACON& Tower with Radar,12,23,124,0,159,0,34,850,2,886,12,57,974,2,1045,299,0,299,1344
01/30/2015,DAB,FL,ASO,ES,Combined TRACON& Tower with Radar,10,37,105,2,154,0,13,692,11,716,10,50,797,13,870,284,0,284,1154
01/31/2015,DAB,FL,ASO,ES,Combined TRACON& Tower with Radar,12,31,87,2,132,0,38,569,1,608,12,69,656,3,740,298,0,298,1038
02/01/2015,DAB,FL,ASO,ES,Combined TRACON& Tower with Radar,8,14,32,3,57,0,2,234,8,244,8,16,266,11,301,142,0,142,443
02/02/2015,DAB,FL,ASO,ES,Combined TRACON& Tower with Radar,10,15,73,4,102,0,11,176,0,187,10,26,249,4,289,65,0,65,354
02/03/2015,DAB,FL,ASO,ES,Combined TRACON& Tower with Radar,12,11,103,0,126,0,40,623,0,663,12,51,726,0,789,240,0,240,1029
02/04/2015,DAB,FL,ASO,ES,Combined TRACON& Tower with Radar,12,20,120,6,158,0,37,687,0,724,12,57,807,6,882,342,0,342,1224
02/05/2015,DAB,FL,ASO,ES,Combined TRACON& Tower with Radar,12,15,94,12,133,0,13,129,2,144,12,28,223,14,277,0,5,5,282
02/06/2015,DAB,FL,ASO,ES,Combined TRACON& Tower with Radar,12,16,74,6,108,0,31,437,0,468,12,47,511,6,576,78,0,78,654
02/07/2015,DAB,FL,ASO,ES,Combined TRACON& Tower with Radar,12,27,71,0,110,0,46,655,1,702,12,73,726,1,812,201,0,201,1013
02/08/2015,DAB,FL,ASO,ES,Combined TRACON& Tower with Radar,12,12,39,0,63,0,22,253,1,276,12,34,292,1,339,330,0,330,669
02/09/2015,DAB,FL,ASO,ES,Combined TRACON& Tower with Radar,9,7,89,3,108,0,11,481,1,493,9,18,570,4,601,168,0,168,769
02/10/2015,DAB,FL,ASO,ES,Combined TRACON& Tower with Radar,11,19,140,0,170,0,3,126,1,130,11,22,266,1,300,12,0,12,312
02/11/2015,DAB,FL,ASO,ES,Combined TRACON& Tower with Radar,12,19,133,1,165,0,39,731,1,771,12,58,864,2,936,204,0,204,1140
02/12/2015,DAB,FL,ASO,ES,Combined TRACON& Tower with Radar,12,22,111,2,147,0,31,739,1,771,12,53,850,3,918,320,0,320,1238
02/13/2015,DAB,FL,ASO,ES,Combined TRACON& Tower with Radar,17,25,90,1,133,0,45,501,0,546,17,70,591,1,679,0,0,0,679
02/14/2015,DAB,FL,ASO,ES,Combined TRACON& Tower with Radar,12,21,116,2,151,0,21,514,0,535,12,42,630,2,686,152,0,152,838
02/15/2015,DAB,FL,ASO,ES,Combined TRACON& Tower with Radar,14,13,74,0,101,0,3,169,1,173,14,16,243,1,274,156,0,156,430
02/16/2015,DAB,FL,ASO,ES,Combined TRACON& Tower with Radar,10,22,98,1,131,0,26,397,3,426,10,48,495,4,557,36,4,40,597
02/17/2015,DAB,FL,ASO,ES,Combined TRACON& Tower with Radar,10,13,81,5,109,0,1,105,0,106,10,14,186,5,215,40,0,40,255
02/18/2015,DAB,FL,ASO,ES,Combined TRACON& Tower with Radar,20,26,150,9,205,0,22,426,2,450,20,48,576,11,655,118,0,118,773
02/19/2015,DAB,FL,ASO,ES,Combined TRACON& Tower with Radar,17,26,141,2,186,0,23,315,4,342,17,49,456,6,528,32,0,32,560
02/20/2015,DAB,FL,ASO,ES,Combined TRACON& Tower with Radar,17,24,125,5,171,0,23,692,7,722,17,47,817,12,893,200,0,200,1093
02/21/2015,DAB,FL,ASO,ES,Combined TRACON& Tower with Radar,18,22,93,9,142,0,14,523,1,538,18,36,616,10,680,239,0,239,919
02/22/2015,DAB,FL,ASO,ES,Combined TRACON& Tower with Radar,26,38,243,4,311,0,3,117,0,120,26,41,360,4,431,0,0,0,431
02/23/2015,DAB,FL,ASO,ES,Combined TRACON& Tower with Radar,18,20,181,3,222,0,11,540,0,551,18,31,721,3,773,246,0,246,1019
02/24/2015,DAB,FL,ASO,ES,Combined TRACON& Tower with Radar,12,29,148,2,191,0,1,187,0,188,12,30,335,2,379,241,0,241,620
02/25/2015,DAB,FL,ASO,ES,Combined TRACON& Tower with Radar,12,21,182,7,222,0,2,77,1,80,12,23,259,8,302,55,0,55,357
02/26/2015,DAB,FL,ASO,ES,Combined TRACON& Tower with Radar,10,36,226,3,275,0,10,499,5,514,10,46,725,8,789,340,0,340,1129
02/27/2015,DAB,FL,ASO,ES,Combined TRACON& Tower with Radar,14,25,106,0,145,0,2,187,2,191,14,27,293,2,336,6,0,6,342
02/28/2015,DAB,FL,ASO,ES,Combined TRACON& Tower with Radar,10,30,136,0,176,0,0,144,0,144,10,30,280,0,320,182,0,182,502
03/01/2015,DAB,FL,ASO,ES,Combined TRACON& Tower with Radar,14,10,70,4,98,0,0,11,0,11,14,10,81,4,109,26,0,26,135
03/02/2015,DAB,FL,ASO,ES,Combined TRACON& Tower with Radar,13,16,86,2,117,0,3,397,0,400,13,19,483,2,517,252,0,252,769
03/03/2015,DAB,FL,ASO,ES,Combined TRACON& Tower with Radar,12,30,115,2,159,0,13,711,0,724,12,43,826,2,883,326,0,326,1209
03/04/2015,DAB,FL,ASO,ES,Combined TRACON& Tower with Radar,14,24,161,2,201,0,23,597,0,620,14,47,758,2,821,226,0,226,1047
03/05/2015,DAB,FL,ASO,ES,Combined TRACON& Tower with Radar,12,29,119,3,163,0,13,522,1,536,12,42,641,4,699,178,0,178,877
03/06/2015,DAB,FL,ASO,ES,Combined TRACON& Tower with Radar,12,20,115,0,147,0,0,0,0,0,12,20,115,0,147,0,0,0,147
03/07/2015,DAB,FL,ASO,ES,Combined TRACON& Tower with Radar,14,37,107,0,158,0,5,179,0,184,14,42,286,0,342,0,0,0,342
03/08/2015,DAB,FL,ASO,ES,Combined TRACON& Tower with Radar,13,12,75,0,100,0,27,436,2,465,13,39,511,2,565,242,0,242,807
03/09/2015,DAB,FL,ASO,ES,Combined TRACON& Tower with Radar,12,15,157,5,189,0,45,867,1,913,12,60,1024,6,1102,373,0,373,1475
03/10/2015,DAB,FL,ASO,ES,Combined TRACON& Tower with Radar,12,15,180,0,207,0,19,611,0,630,12,34,791,0,837,123,0,123,960
03/11/2015,DAB,FL,ASO,ES,Combined TRACON& Tower with Radar,12,17,180,2,211,0,14,516,0,530,12,31,696,2,741,217,0,217,958
03/12/2015,DAB,FL,ASO,ES,Combined TRACON& Tower with Radar,12,17,194,0,223,0,14,651,0,665,12,31,845,0,888,174,0,174,1062
03/13/2015,DAB,FL,ASO,ES,Combined TRACON& Tower with Radar,12,27,128,6,173,0,4,436,6,446,12,31,564,12,619,130,0,130,749
03/14/2015,DAB,FL,ASO,ES,Combined TRACON& Tower with Radar,12,34,105,1,152,0,27,424,2,453,12,61,529,3,605,194,8,202,807
03/15/2015,DAB,FL,ASO,ES,Combined TRACON& Tower with Radar,12,10,70,3,95,0,8,189,3,200,12,18,259,6,295,135,0,135,430
03/16/2015,DAB,FL,ASO,ES,Combined TRACON& Tower with Radar,14,23,97,1,135,0,38,722,1,761,14,61,819,2,896,370,0,370,1266
03/17/2015,DAB,FL,ASO,ES,Combined TRACON& Tower with Radar,12,17,94,1,124,0,29,700,2,731,12,46,794,3,855,392,0,392,1247
03/18/2015,DAB,FL,ASO,ES,Combined TRACON& Tower with Radar,12,21,153,4,190,0,20,560,0,580,12,41,713,4,770,120,0,120,890
03/19/2015,DAB,FL,ASO,ES,Combined TRACON& Tower with Radar,10,33,124,2,169,0,7,395,2,404,10,40,519,4,573,329,0,329,902
03/20/2015,DAB,FL,ASO,ES,Combined TRACON& Tower with Radar,12,16,111,11,150,0,2,291,0,293,12,18,402,11,443,174,0,174,617
03/21/2015,DAB,FL,ASO,ES,Combined TRACON& Tower with Radar,12,29,85,2,128,0,5,244,1,250,12,34,329,3,378,181,0,181,559
03/22/2015,DAB,FL,ASO,ES,Combined TRACON& Tower with Radar,12,14,48,6,80,0,3,131,3,137,12,17,179,9,217,202,0,202,419
03/23/2015,DAB,FL,ASO,ES,Combined TRACON& Tower with Radar,14,15,67,0,96,0,0,59,0,59,14,15,126,0,155,28,0,28,183
03/24/2015,DAB,FL,ASO,ES,Combined TRACON& Tower with Radar,17,50,134,0,201,0,2,32,2,36,17,52,166,2,237,0,0,0,237
03/25/2015,DAB,FL,ASO,ES,Combined TRACON& Tower with Radar,18,47,120,0,185,0,45,431,4,480,18,92,551,4,665,243,0,243,908
03/26/2015,DAB,FL,ASO,ES,Combined TRACON& Tower with Radar,18,16,91,0,125,0,18,338,0,356,18,34,429,0,481,181,0,181,662
03/27/2015,DAB,FL,ASO,ES,Combined TRACON& Tower with Radar,18,38,122,6,184,0,78,287,0,365,18,116,409,6,549,169,0,169,718
03/28/2015,DAB,FL,ASO,ES,Combined TRACON& Tower with Radar,21,44,57,0,122,0,307,288,2,597,21,351,345,2,719,147,0,147,866
03/29/2015,DAB,FL,ASO,ES,Combined TRACON& Tower with Radar,19,18,52,2,91,0,135,299,0,434,19,153,351,2,525,300,0,300,825
03/30/2015,DAB,FL,ASO,ES,Combined TRACON& Tower with Radar,18,83,52,0,153,0,351,699,0,1050,18,434,751,0,1203,527,0,527,1730
03/31/2015,DAB,FL,ASO,ES,Combined TRACON& Tower with Radar,18,57,101,1,177,0,340,528,1,869,18,397,629,2,1046,436,0,436,1482
04/01/2015,DAB,FL,ASO,ES,Combined TRACON& Tower with Radar,17,51,84,4,156,0,211,440,2,653,17,262,524,6,809,458,0,458,1267
04/02/2015,DAB,FL,ASO,ES,Combined TRACON& Tower with Radar,20,73,80,3,176,0,311,651,4,966,20,384,731,7,1142,548,0,548,1690
04/03/2015,DAB,FL,ASO,ES,Combined TRACON& Tower with Radar,17,59,83,0,159,0,351,381,0,732,17,410,464,0,891,283,0,283,1174
04/04/2015,DAB,FL,ASO,ES,Combined TRACON& Tower with Radar,22,33,71,0,126,0,182,343,0,525,22,215,414,0,651,206,0,206,857
04/05/2015,DAB,FL,ASO,ES,Combined TRACON& Tower with Radar,21,15,60,1,97,0,17,56,0,73,21,32,116,1,170,58,0,58,228
04/06/2015,DAB,FL,ASO,ES,Combined TRACON& Tower with Radar,18,34,108,5,165,0,198,495,0,693,18,232,603,5,858,354,0,354,1212
04/07/2015,DAB,FL,ASO,ES,Combined TRACON& Tower with Radar,18,56,122,2,198,0,191,530,1,722,18,247,652,3,920,298,0,298,1218
04/08/2015,DAB,FL,ASO,ES,Combined TRACON& Tower with Radar,18,78,114,2,212,0,285,519,2,806,18,363,633,4,1018,315,0,315,1333
04/09/2015,DAB,FL,ASO,ES,Combined TRACON& Tower with Radar,18,88,73,0,179,0,308,532,2,842,18,396,605,2,1021,424,0,424,1445
04/10/2015,DAB,FL,ASO,ES,Combined TRACON& Tower with Radar,16,70,76,3,165,0,369,383,3,755,16,439,459,6,920,358,0,358,1278
04/11/2015,DAB,FL,ASO,ES,Combined TRACON& Tower with Radar,22,42,57,0,121,0,159,292,0,451,22,201,349,0,572,216,0,216,788
04/12/2015,DAB,FL,ASO,ES,Combined TRACON& Tower with Radar,18,10,38,9,75,0,47,90,1,138,18,57,128,10,213,117,0,117,330
04/13/2015,DAB,FL,ASO,ES,Combined TRACON& Tower with Radar,18,33,64,1,116,0,59,156,0,215,18,92,220,1,331,95,0,95,426
04/14/2015,DAB,FL,ASO,ES,Combined TRACON& Tower with Radar,18,60,129,0,207,0,221,448,2,671,18,281,577,2,878,372,0,372,1250
04/15/2015,DAB,FL,ASO,ES,Combined TRACON& Tower with Radar,18,11,74,1,104,0,98,303,1,402,18,109,377,2,506,157,0,157,663
04/16/2015,DAB,FL,ASO,ES,Combined TRACON& Tower with Radar,18,102,110,0,230,0,54,323,0,377,18,156,433,0,607,132,0,132,739
04/17/2015,DAB,FL,ASO,ES,Combined TRACON& Tower with Radar,20,120,138,15,293,0,7,22,0,29,20,127,160,15,322,26,0,26,348
04/18/2015,DAB,FL,ASO,ES,Combined TRACON& Tower with Radar,22,55,49,0,126,0,323,248,0,571,22,378,297,0,697,232,0,232,929
04/19/2015,DAB,FL,ASO,ES,Combined TRACON& Tower with Radar,18,17,41,6,82,0,32,105,5,142,18,49,146,11,224,235,0,235,459
04/20/2015,DAB,FL,ASO,ES,Combined TRACON& Tower with Radar,18,49,65,3,135,0,354,231,6,591,18,403,296,9,726,276,0,276,1002
04/21/2015,DAB,FL,ASO,ES,Combined TRACON& Tower with Radar,18,62,74,0,154,0,379,388,4,771,18,441,462,4,925,389,0,389,1314
04/22/2015,DAB,FL,ASO,ES,Combined TRACON& Tower with Radar,20,79,95,3,197,0,475,403,5,883,20,554,498,8,1080,364,0,364,1444
04/23/2015,DAB,FL,ASO,ES,Combined TRACON& Tower with Radar,18,84,52,6,160,0,446,348,5,799,18,530,400,11,959,246,0,246,1205
04/24/2015,DAB,FL,ASO,ES,Combined TRACON& Tower with Radar,18,75,102,0,195,0,405,341,0,746,18,480,443,0,941,358,0,358,1299
04/25/2015,DAB,FL,ASO,ES,Combined TRACON& Tower with Radar,22,38,55,0,115,0,241,155,2,398,22,279,210,2,513,108,0,108,621
04/26/2015,DAB,FL,ASO,ES,Combined TRACON& Tower with Radar,18,19,37,4,78,0,45,47,0,92,18,64,84,4,170,76,0,76,246
04/27/2015,DAB,FL,ASO,ES,Combined TRACON& Tower with Radar,18,86,56,2,162,0,103,91,0,194,18,189,147,2,356,249,0,249,605
04/28/2015,DAB,FL,ASO,ES,Combined TRACON& Tower with Radar,18,107,85,2,212,0,233,84,2,319,18,340,169,4,531,108,0,108,639
04/29/2015,DAB,FL,ASO,ES,Combined TRACON& Tower with Radar,20,93,72,10,195,0,295,251,2,548,20,388,323,12,743,292,0,292,1035
04/30/2015,DAB,FL,ASO,ES,Combined TRACON& Tower with Radar,18,73,93,3,187,0,228,254,6,488,18,301,347,9,675,264,0,264,939
05/01/2015,DAB,FL,ASO,ES,Combined TRACON& Tower with Radar,18,56,64,2,140,0,374,319,2,695,18,430,383,4,835,274,0,274,1109
05/02/2015,DAB,FL,ASO,ES,Combined TRACON& Tower with Radar,22,35,58,0,115,0,344,181,2,527,22,379,239,2,642,222,10,232,874
05/03/2015,DAB,FL,ASO,ES,Combined TRACON& Tower with Radar,18,13,48,0,79,0,150,173,4,327,18,163,221,4,406,269,0,269,675
05/04/2015,DAB,FL,ASO,ES,Combined TRACON& Tower with Radar,18,55,56,0,129,0,462,209,0,671,18,517,265,0,800,343,0,343,1143
05/05/2015,DAB,FL,ASO,ES,Combined TRACON& Tower with Radar,18,50,91,3,162,0,338,251,1,590,18,388,342,4,752,464,0,464,1216
05/06/2015,DAB,FL,ASO,ES,Combined TRACON& Tower with Radar,18,112,96,0,226,0,146,126,0,272,18,258,222,0,498,225,0,225,723
05/07/2015,DAB,FL,ASO,ES,Combined TRACON& Tower with Radar,18,69,80,2,169,0,489,303,1,793,18,558,383,3,962,188,0,188,1150
05/08/2015,DAB,FL,ASO,ES,Combined TRACON& Tower with Radar,18,61,55,12,146,0,516,277,4,797,18,577,332,16,943,281,0,281,1224
05/09/2015,DAB,FL,ASO,ES,Combined TRACON& Tower with Radar,20,63,51,7,141,0,452,156,0,608,20,515,207,7,749,239,0,239,988
05/10/2015,DAB,FL,ASO,ES,Combined TRACON& Tower with Radar,16,19,38,1,74,0,126,115,4,245,16,145,153,5,319,260,0,260,579
05/11/2015,DAB,FL,ASO,ES,Combined TRACON& Tower with Radar,18,31,64,0,113,0,341,203,1,545,18,372,267,1,658,318,0,318,976
05/12/2015,DAB,FL,ASO,ES,Combined TRACON& Tower with Radar,18,47,64,2,131,0,350,210,5,565,18,397,274,7,696,204,0,204,900
05/13/2015,DAB,FL,ASO,ES,Combined TRACON& Tower with Radar,20,73,64,0,157,0,378,194,3,575,20,451,258,3,732,176,0,176,908
05/14/2015,DAB,FL,ASO,ES,Combined TRACON& Tower with Radar,18,95,79,2,194,0,512,227,13,752,18,607,306,15,946,396,0,396,1342
05/15/2015,DAB,FL,ASO,ES,Combined TRACON& Tower with Radar,18,75,79,4,176,0,210,58,0,268,18,285,137,4,444,135,0,135,579
05/16/2015,DAB,FL,ASO,ES,Combined TRACON& Tower with Radar,20,52,52,0,124,0,357,168,2,527,20,409,220,2,651,265,0,265,916
05/17/2015,DAB,FL,ASO,ES,Combined TRACON& Tower with Radar,18,22,42,0,82,0,91,103,3,197,18,113,145,3,279,182,0,182,461
05/18/2015,DAB,FL,ASO,ES,Combined TRACON& Tower with Radar,17,40,71,0,128,0,520,238,0,758,17,560,309,0,886,429,0,429,1315
05/19/2015,DAB,FL,ASO,ES,Combined TRACON& Tower with Radar,19,44,59,1,123,0,407,227,3,637,19,451,286,4,760,372,0,372,1132
05/20/2015,DAB,FL,ASO,ES,Combined TRACON& Tower with Radar,18,52,63,0,133,0,500,275,0,775,18,552,338,0,908,264,0,264,1172
05/21/2015,DAB,FL,ASO,ES,Combined TRACON& Tower with Radar,18,80,65,2,165,0,578,251,4,833,18,658,316,6,998,363,0,363,1361
05/22/2015,DAB,FL,ASO,ES,Combined TRACON& Tower with Radar,18,89,67,0,174,0,392,210,1,603,18,481,277,1,777,536,0,536,1313
05/23/2015,DAB,FL,ASO,ES,Combined TRACON& Tower with Radar,20,54,48,0,122,0,71,41,2,114,20,125,89,2,236,373,0,373,609
05/24/2015,DAB,FL,ASO,ES,Combined TRACON& Tower with Radar,16,11,37,0,64,0,13,28,1,42,16,24,65,1,106,206,0,206,312
05/25/2015,DAB,FL,ASO,ES,Combined TRACON& Tower with Radar,16,37,63,0,116,0,68,77,1,146,16,105,140,1,262,212,0,212,474
05/26/2015,DAB,FL,ASO,ES,Combined TRACON& Tower with Radar,17,50,85,1,153,0,231,215,1,447,17,281,300,2,600,286,0,286,886
05/27/2015,DAB,FL,ASO,ES,Combined TRACON& Tower with Radar,19,79,90,3,191,0,325,210,1,536,19,404,300,4,727,862,0,862,1589
05/28/2015,DAB,FL,ASO,ES,Combined TRACON& Tower with Radar,18,50,101,4,173,0,256,238,0,494,18,306,339,4,667,605,0,605,1272
05/29/2015,DAB,FL,ASO,ES,Combined TRACON& Tower with Radar,18,75,90,6,189,0,289,169,5,463,18,364,259,11,652,783,0,783,1435
05/30/2015,DAB,FL,ASO,ES,Combined TRACON& Tower with Radar,20,53,62,2,137,0,150,92,0,242,20,203,154,2,379,446,0,446,825
05/31/2015,DAB,FL,ASO,ES,Combined TRACON& Tower with Radar,18,28,56,2,104,0,54,68,4,126,18,82,124,6,230,47,0,47,277
06/01/2015,DAB,FL,ASO,ES,Combined TRACON& Tower with Radar,18,35,52,0,105,0,172,97,2,271,18,207,149,2,376,457,0,457,833
06/02/2015,DAB,FL,ASO,ES,Combined TRACON& Tower with Radar,18,49,77,2,146,0,177,103,0,280,18,226,180,2,426,561,0,561,987
06/03/2015,DAB,FL,ASO,ES,Combined TRACON& Tower with Radar,18,84,67,0,169,0,323,261,3,587,18,407,328,3,756,595,0,595,1351
06/04/2015,DAB,FL,ASO,ES,Combined TRACON& Tower with Radar,18,58,97,2,175,0,350,202,3,555,18,408,299,5,730,704,0,704,1434
06/05/2015,DAB,FL,ASO,ES,Combined TRACON& Tower with Radar,19,56,63,2,140,0,181,172,2,355,19,237,235,4,495,539,0,539,1034
06/06/2015,DAB,FL,ASO,ES,Combined TRACON& Tower with Radar,17,67,56,0,140,0,208,193,3,404,17,275,249,3,544,346,0,346,890
06/07/2015,DAB,FL,ASO,ES,Combined TRACON& Tower with Radar,16,19,75,6,116,0,59,89,1,149,16,78,164,7,265,234,0,234,499
06/08/2015,DAB,FL,ASO,ES,Combined TRACON& Tower with Radar,16,77,77,2,172,0,277,157,1,435,16,354,234,3,607,701,0,701,1308
06/09/2015,DAB,FL,ASO,ES,Combined TRACON& Tower with Radar,15,32,61,0,108,0,197,101,1,299,15,229,162,1,407,333,0,333,740
06/10/2015,DAB,FL,ASO,ES,Combined TRACON& Tower with Radar,17,51,58,4,130,0,171,156,0,327,17,222,214,4,457,436,0,436,893
06/11/2015,DAB,FL,ASO,ES,Combined TRACON& Tower with Radar,16,83,68,0,167,0,248,239,4,491,16,331,307,4,658,453,0,453,1111
06/12/2015,DAB,FL,ASO,ES,Combined TRACON& Tower with Radar,16,85,74,10,185,0,296,191,3,490,16,381,265,13,675,353,0,353,1028
06/13/2015,DAB,FL,ASO,ES,Combined TRACON& Tower with Radar,16,82,59,0,157,0,217,95,1,313,16,299,154,1,470,247,0,247,717
06/14/2015,DAB,FL,ASO,ES,Combined TRACON& Tower with Radar,14,18,46,2,80,0,48,76,2,126,14,66,122,4,206,237,0,237,443
06/15/2015,DAB,FL,ASO,ES,Combined TRACON& Tower with Radar,16,67,70,2,155,0,273,176,0,449,16,340,246,2,604,650,0,650,1254
06/16/2015,DAB,FL,ASO,ES,Combined TRACON& Tower with Radar,16,61,83,0,160,0,269,203,0,472,16,330,286,0,632,436,0,436,1068
06/17/2015,DAB,FL,ASO,ES,Combined TRACON& Tower with Radar,16,85,69,0,170,0,295,196,2,493,16,380,265,2,663,489,0,489,1152
06/18/2015,DAB,FL,ASO,ES,Combined TRACON& Tower with Radar,16,60,55,2,133,0,285,159,1,445,16,345,214,3,578,486,0,486,1064
06/19/2015,DAB,FL,ASO,ES,Combined TRACON& Tower with Radar,18,61,44,1,124,0,248,104,2,354,18,309,148,3,478,542,0,542,1020
06/20/2015,DAB,FL,ASO,ES,Combined TRACON& Tower with Radar,17,48,48,1,114,0,151,70,0,221,17,199,118,1,335,233,0,233,568
06/21/2015,DAB,FL,ASO,ES,Combined TRACON& Tower with Radar,15,20,32,2,69,0,56,52,1,109,15,76,84,3,178,163,0,163,341
06/22/2015,DAB,FL,ASO,ES,Combined TRACON& Tower with Radar,16,48,58,2,124,0,228,138,5,371,16,276,196,7,495,431,0,431,926
06/23/2015,DAB,FL,ASO,ES,Combined TRACON& Tower with Radar,16,43,56,1,116,0,247,123,2,372,16,290,179,3,488,354,0,354,842
06/24/2015,DAB,FL,ASO,ES,Combined TRACON& Tower with Radar,14,50,53,0,117,0,243,99,1,343,14,293,152,1,460,465,0,465,925
06/25/2015,DAB,FL,ASO,ES,Combined TRACON& Tower with Radar,16,52,56,1,125,0,180,131,2,313,16,232,187,3,438,425,0,425,863
06/26/2015,DAB,FL,ASO,ES,Combined TRACON& Tower with Radar,15,56,58,1,130,0,249,123,0,372,15,305,181,1,502,271,0,271,773
06/27/2015,DAB,FL,ASO,ES,Combined TRACON& Tower with Radar,18,39,46,0,103,0,188,139,0,327,18,227,185,0,430,208,0,208,638
06/28/2015,DAB,FL,ASO,ES,Combined TRACON& Tower with Radar,15,17,54,10,96,0,48,51,0,99,15,65,105,10,195,65,0,65,260
06/29/2015,DAB,FL,ASO,ES,Combined TRACON& Tower with Radar,16,65,44,0,125,0,186,83,1,270,16,251,127,1,395,348,0,348,743
06/30/2015,DAB,FL,ASO,ES,Combined TRACON& Tower with Radar,16,49,84,2,151,0,233,129,4,366,16,282,213,6,517,497,0,497,1014
07/01/2015,DAB,FL,ASO,ES,Combined TRACON& Tower with Radar,16,82,77,2,177,0,263,131,1,395,16,345,208,3,572,504,0,504,1076
07/02/2015,DAB,FL,ASO,ES,Combined TRACON& Tower with Radar,20,70,90,4,184,0,244,97,1,342,20,314,187,5,526,373,0,373,899
07/03/2015,DAB,FL,ASO,ES,Combined TRACON& Tower with Radar,15,48,95,2,160,0,208,102,0,310,15,256,197,2,470,399,0,399,869
07/04/2015,DAB,FL,ASO,ES,Combined TRACON& Tower with Radar,17,12,44,0,73,0,30,38,1,69,17,42,82,1,142,209,0,209,351
07/05/2015,DAB,FL,ASO,ES,Combined TRACON& Tower with Radar,20,13,80,1,114,0,26,21,1,48,20,39,101,2,162,151,0,151,313
07/06/2015,DAB,FL,ASO,ES,Combined TRACON& Tower with Radar,20,76,116,1,213,0,172,110,1,283,20,248,226,2,496,259,0,259,755
07/07/2015,DAB,FL,ASO,ES,Combined TRACON& Tower with Radar,13,67,72,0,152,0,257,144,1,402,13,324,216,1,554,481,0,481,1035
07/08/2015,DAB,FL,ASO,ES,Combined TRACON& Tower with Radar,15,89,88,2,194,0,224,142,2,368,15,313,230,4,562,534,0,534,1096
07/09/2015,DAB,FL,ASO,ES,Combined TRACON& Tower with Radar,14,77,49,0,140,0,350,122,0,472,14,427,171,0,612,339,0,339,951
07/10/2015,DAB,FL,ASO,ES,Combined TRACON& Tower with Radar,14,66,70,3,153,0,253,183,3,439,14,319,253,6,592,481,0,481,1073
07/11/2015,DAB,FL,ASO,ES,Combined TRACON& Tower with Radar,16,59,64,0,139,0,217,86,0,303,16,276,150,0,442,344,0,344,786
07/12/2015,DAB,FL,ASO,ES,Combined TRACON& Tower with Radar,14,10,51,0,75,0,46,59,0,105,14,56,110,0,180,247,0,247,427
07/13/2015,DAB,FL,ASO,ES,Combined TRACON& Tower with Radar,13,45,49,7,114,0,254,112,2,368,13,299,161,9,482,359,0,359,841
07/14/2015,DAB,FL,ASO,ES,Combined TRACON& Tower with Radar,14,50,53,0,117,0,229,111,2,342,14,279,164,2,459,444,0,444,903
07/15/2015,DAB,FL,ASO,ES,Combined TRACON& Tower with Radar,15,47,73,4,139,0,194,151,6,351,15,241,224,10,490,305,0,305,795
07/16/2015,DAB,FL,ASO,ES,Combined TRACON& Tower with Radar,16,71,80,5,172,0,246,117,2,365,16,317,197,7,537,473,0,473,1010
07/17/2015,DAB,FL,ASO,ES,Combined TRACON& Tower with Radar,14,52,56,2,124,0,233,108,10,351,14,285,164,12,475,420,0,420,895
07/18/2015,DAB,FL,ASO,ES,Combined TRACON& Tower with Radar,14,73,55,0,142,0,64,46,0,110,14,137,101,0,252,187,0,187,439
07/19/2015,DAB,FL,ASO,ES,Combined TRACON& Tower with Radar,14,27,70,8,119,0,49,54,0,103,14,76,124,8,222,268,0,268,490
07/20/2015,DAB,FL,ASO,ES,Combined TRACON& Tower with Radar,14,82,52,0,148,0,276,93,0,369,14,358,145,0,517,473,0,473,990
07/21/2015,DAB,FL,ASO,ES,Combined TRACON& Tower with Radar,13,67,58,0,138,0,232,126,6,364,13,299,184,6,502,544,0,544,1046
07/22/2015,DAB,FL,ASO,ES,Combined TRACON& Tower with Radar,16,66,48,0,130,0,245,129,1,375,16,311,177,1,505,655,0,655,1160
07/23/2015,DAB,FL,ASO,ES,Combined TRACON& Tower with Radar,14,77,32,1,124,0,274,94,2,370,14,351,126,3,494,541,0,541,1035
07/24/2015,DAB,FL,ASO,ES,Combined TRACON& Tower with Radar,15,63,38,0,116,0,159,45,0,204,15,222,83,0,320,248,0,248,568
07/25/2015,DAB,FL,ASO,ES,Combined TRACON& Tower with Radar,16,75,64,3,158,0,46,37,1,84,16,121,101,4,242,469,0,469,711
07/26/2015,DAB,FL,ASO,ES,Combined TRACON& Tower with Radar,15,23,53,1,92,0,14,39,5,58,15,37,92,6,150,145,0,145,295
07/27/2015,DAB,FL,ASO,ES,Combined TRACON& Tower with Radar,15,100,87,1,203,0,83,69,3,155,15,183,156,4,358,368,0,368,726
07/28/2015,DAB,FL,ASO,ES,Combined TRACON& Tower with Radar,14,97,54,0,165,0,21,10,4,35,14,118,64,4,200,78,0,78,278
07/29/2015,DAB,FL,ASO,ES,Combined TRACON& Tower with Radar,14,104,96,0,214,0,339,190,3,532,14,443,286,3,746,438,0,438,1184
07/30/2015,DAB,FL,ASO,ES,Combined TRACON& Tower with Radar,13,100,84,0,197,0,122,54,1,177,13,222,138,1,374,540,0,540,914
07/31/2015,DAB,FL,ASO,ES,Combined TRACON& Tower with Radar,14,94,71,0,179,0,244,124,0,368,14,338,195,0,547,358,0,358,905
08/01/2015,DAB,FL,ASO,ES,Combined TRACON& Tower with Radar,19,65,60,0,144,0,116,57,2,175,19,181,117,2,319,172,0,172,491
08/02/2015,DAB,FL,ASO,ES,Combined TRACON& Tower with Radar,12,26,53,0,91,0,45,32,0,77,12,71,85,0,168,48,0,48,216
08/03/2015,DAB,FL,ASO,ES,Combined TRACON& Tower with Radar,14,104,42,0,160,0,116,36,0,152,14,220,78,0,312,171,0,171,483
08/04/2015,DAB,FL,ASO,ES,Combined TRACON& Tower with Radar,14,92,66,0,172,0,204,137,0,341,14,296,203,0,513,649,0,649,1162
08/05/2015,DAB,FL,ASO,ES,Combined TRACON& Tower with Radar,14,105,68,0,187,0,370,194,0,564,14,475,262,0,751,446,0,446,1197
08/06/2015,DAB,FL,ASO,ES,Combined TRACON& Tower with Radar,11,89,50,0,150,0,296,127,2,425,11,385,177,2,575,483,0,483,1058
08/07/2015,DAB,FL,ASO,ES,Combined TRACON& Tower with Radar,15,51,54,3,123,0,161,71,2,234,15,212,125,5,357,296,0,296,653
08/08/2015,DAB,FL,ASO,ES,Combined TRACON& Tower with Radar,14,53,47,0,114,0,124,58,2,184,14,177,105,2,298,313,0,313,611
08/09/2015,DAB,FL,ASO,ES,Combined TRACON& Tower with Radar,14,16,79,0,109,0,19,53,0,72,14,35,132,0,181,81,0,81,262
08/10/2015,DAB,FL,ASO,ES,Combined TRACON& Tower with Radar,13,74,84,9,180,0,243,156,0,399,13,317,240,9,579,503,0,503,1082
08/11/2015,DAB,FL,ASO,ES,Combined TRACON& Tower with Radar,13,75,46,4,138,0,211,162,0,373,13,286,208,4,511,405,0,405,916
08/12/2015,DAB,FL,ASO,ES,Combined TRACON& Tower with Radar,14,49,78,2,143,0,150,136,0,286,14,199,214,2,429,463,0,463,892
08/13/2015,DAB,FL,ASO,ES,Combined TRACON& Tower with Radar,14,53,52,2,121,0,106,52,0,158,14,159,104,2,279,272,0,272,551
08/14/2015,DAB,FL,ASO,ES,Combined TRACON& Tower with Radar,13,58,78,0,149,0,138,121,0,259,13,196,199,0,408,408,0,408,816
08/15/2015,DAB,FL,ASO,ES,Combined TRACON& Tower with Radar,13,22,82,1,118,0,52,80,2,134,13,74,162,3,252,346,0,346,598
08/16/2015,DAB,FL,ASO,ES,Combined TRACON& Tower with Radar,14,18,60,0,92,0,24,43,0,67,14,42,103,0,159,147,0,147,306
08/17/2015,DAB,FL,ASO,ES,Combined TRACON& Tower with Radar,13,35,58,3,109,0,82,81,0,163,13,117,139,3,272,254,0,254,526
08/18/2015,DAB,FL,ASO,ES,Combined TRACON& Tower with Radar,10,65,86,1,162,0,167,153,2,322,10,232,239,3,484,422,0,422,906
08/19/2015,DAB,FL,ASO,ES,Combined TRACON& Tower with Radar,10,84,72,1,167,0,199,181,2,382,10,283,253,3,549,464,0,464,1013
08/20/2015,DAB,FL,ASO,ES,Combined TRACON& Tower with Radar,12,44,55,4,115,0,211,122,8,341,12,255,177,12,456,336,29,365,821
08/21/2015,DAB,FL,ASO,ES,Combined TRACON& Tower with Radar,13,93,67,3,176,0,218,202,1,421,13,311,269,4,597,349,0,349,946
08/22/2015,DAB,FL,ASO,ES,Combined TRACON& Tower with Radar,10,72,43,1,126,0,197,127,3,327,10,269,170,4,453,295,0,295,748
08/23/2015,DAB,FL,ASO,ES,Combined TRACON& Tower with Radar,9,31,47,4,91,0,43,82,0,125,9,74,129,4,216,265,0,265,481
08/24/2015,DAB,FL,ASO,ES,Combined TRACON& Tower with Radar,11,52,69,10,142,0,222,106,3,331,11,274,175,13,473,390,0,390,863
08/25/2015,DAB,FL,ASO,ES,Combined TRACON& Tower with Radar,10,57,61,0,128,0,340,188,0,528,10,397,249,0,656,487,0,487,1143
08/26/2015,DAB,FL,ASO,ES,Combined TRACON& Tower with Radar,10,43,55,0,108,0,214,160,0,374,10,257,215,0,482,303,0,303,785
08/27/2015,DAB,FL,ASO,ES,Combined TRACON& Tower with Radar,10,51,63,9,133,0,184,127,0,311,10,235,190,9,444,379,0,379,823
08/28/2015,DAB,FL,ASO,ES,Combined TRACON& Tower with Radar,10,76,75,4,165,0,236,147,1,384,10,312,222,5,549,435,0,435,984
08/29/2015,DAB,FL,ASO,ES,Combined TRACON& Tower with Radar,10,66,67,0,143,0,166,187,1,354,10,232,254,1,497,431,0,431,928
08/30/2015,DAB,FL,ASO,ES,Combined TRACON& Tower with Radar,10,9,20,0,39,0,3,7,0,10,10,12,27,0,49,26,0,26,75
08/31/2015,DAB,FL,ASO,ES,Combined TRACON& Tower with Radar,10,69,55,1,135,0,150,76,0,226,10,219,131,1,361,399,44,443,804
09/01/2015,DAB,FL,ASO,ES,Combined TRACON& Tower with Radar,10,107,83,6,206,0,298,107,0,405,10,405,190,6,611,335,0,335,946
09/02/2015,DAB,FL,ASO,ES,Combined TRACON& Tower with Radar,12,52,51,0,115,0,263,150,2,415,12,315,201,2,530,511,0,511,1041
09/03/2015,DAB,FL,ASO,ES,Combined TRACON& Tower with Radar,10,74,59,1,144,0,302,158,1,461,10,376,217,2,605,698,0,698,1303
09/04/2015,DAB,FL,ASO,ES,Combined TRACON& Tower with Radar,9,84,87,0,180,0,330,144,0,474,9,414,231,0,654,577,0,577,1231
09/05/2015,DAB,FL,ASO,ES,Combined TRACON& Tower with Radar,13,50,33,0,96,0,173,60,1,234,13,223,93,1,330,215,0,215,545
09/06/2015,DAB,FL,ASO,ES,Combined TRACON& Tower with Radar,8,19,36,0,63,0,21,66,0,87,8,40,102,0,150,255,0,255,405
09/07/2015,DAB,FL,ASO,ES,Combined TRACON& Tower with Radar,10,61,58,0,129,0,137,66,0,203,10,198,124,0,332,288,0,288,620
09/08/2015,DAB,FL,ASO,ES,Combined TRACON& Tower with Radar,10,58,65,0,133,0,262,167,1,430,10,320,232,1,563,354,0,354,917
09/09/2015,DAB,FL,ASO,ES,Combined TRACON& Tower with Radar,8,115,75,1,199,0,387,240,1,628,8,502,315,2,827,641,0,641,1468
09/10/2015,DAB,FL,ASO,ES,Combined TRACON& Tower with Radar,7,74,64,1,146,0,379,148,2,529,7,453,212,3,675,396,0,396,1071
09/11/2015,DAB,FL,ASO,ES,Combined TRACON& Tower with Radar,9,76,64,4,153,0,352,141,3,496,9,428,205,7,649,435,0,435,1084
09/12/2015,DAB,FL,ASO,ES,Combined TRACON& Tower with Radar,10,29,60,0,99,0,214,76,2,292,10,243,136,2,391,312,0,312,703
09/13/2015,DAB,FL,ASO,ES,Combined TRACON& Tower with Radar,12,15,49,2,78,0,3,12,0,15,12,18,61,2,93,61,0,61,154
09/14/2015,DAB,FL,ASO,ES,Combined TRACON& Tower with Radar,10,84,81,4,179,0,362,174,1,537,10,446,255,5,716,560,0,560,1276
09/15/2015,DAB,FL,ASO,ES,Combined TRACON& Tower with Radar,10,77,51,0,138,0,173,50,1,224,10,250,101,1,362,343,0,343,705
09/16/2015,DAB,FL,ASO,ES,Combined TRACON& Tower with Radar,10,79,77,0,166,0,159,157,0,316,10,238,234,0,482,566,0,566,1048
09/17/2015,DAB,FL,ASO,ES,Combined TRACON& Tower with Radar,10,185,58,0,253,0,61,23,0,84,10,246,81,0,337,212,0,212,549
09/18/2015,DAB,FL,ASO,ES,Combined TRACON& Tower with Radar,10,138,114,0,262,0,152,65,0,217,10,290,179,0,479,291,0,291,770
09/19/2015,DAB,FL,ASO,ES,Combined TRACON& Tower with Radar,10,185,76,0,271,0,53,35,1,89,10,238,111,1,360,250,0,250,610
09/20/2015,DAB,FL,ASO,ES,Combined TRACON& Tower with Radar,12,29,35,0,76,0,72,155,0,227,12,101,190,0,303,340,0,340,643
09/21/2015,DAB,FL,ASO,ES,Combined TRACON& Tower with Radar,10,78,94,0,182,0,449,200,4,653,10,527,294,4,835,467,0,467,1302
09/22/2015,DAB,FL,ASO,ES,Combined TRACON& Tower with Radar,10,111,82,1,204,0,382,189,3,574,10,493,271,4,778,504,0,504,1282
09/23/2015,DAB,FL,ASO,ES,Combined TRACON& Tower with Radar,9,142,70,4,225,0,95,76,1,172,9,237,146,5,397,87,0,87,484
09/24/2015,DAB,FL,ASO,ES,Combined TRACON& Tower with Radar,9,150,84,3,246,0,89,41,3,133,9,239,125,6,379,370,0,370,749
09/25/2015,DAB,FL,ASO,ES,Combined TRACON& Tower with Radar,11,215,97,0,323,0,199,115,1,315,11,414,212,1,638,672,0,672,1310
09/26/2015,DAB,FL,ASO,ES,Combined TRACON& Tower with Radar,10,148,66,0,224,0,218,91,0,309,10,366,157,0,533,367,0,367,900
09/27/2015,DAB,FL,ASO,ES,Combined TRACON& Tower with Radar,12,28,58,3,101,0,49,71,4,124,12,77,129,7,225,322,0,322,547
09/28/2015,DAB,FL,ASO,ES,Combined TRACON& Tower with Radar,10,109,79,0,198,0,183,77,0,260,10,292,156,0,458,477,0,477,935
09/29/2015,DAB,FL,ASO,ES,Combined TRACON& Tower with Radar,10,98,71,3,182,0,206,68,1,275,10,304,139,4,457,160,0,160,617
09/30/2015,DAB,FL,ASO,ES,Combined TRACON& Tower with Radar,10,153,102,0,265,0,219,113,0,332,10,372,215,0,597,594,0,594,1191
10/01/2015,DAB,FL,ASO,ES,Combined TRACON& Tower with Radar,10,145,90,0,245,0,192,106,1,299,10,337,196,1,544,476,0,476,1020
10/02/2015,DAB,FL,ASO,ES,Combined TRACON& Tower with Radar,10,124,71,0,205,0,0,4,2,6,10,124,75,2,211,2,0,2,213
10/03/2015,DAB,FL,ASO,ES,Combined TRACON& Tower with Radar,12,136,44,0,192,0,79,41,1,121,12,215,85,1,313,205,0,205,518
10/04/2015,DAB,FL,ASO,ES,Combined TRACON& Tower with Radar,13,35,41,7,96,0,40,82,3,125,13,75,123,10,221,285,0,285,506
10/05/2015,DAB,FL,ASO,ES,Combined TRACON& Tower with Radar,12,159,84,0,255,0,297,89,1,387,12,456,173,1,642,435,0,435,1077
10/06/2015,DAB,FL,ASO,ES,Combined TRACON& Tower with Radar,12,151,87,0,250,0,147,113,2,262,12,298,200,2,512,65,0,65,577
10/07/2015,DAB,FL,ASO,ES,Combined TRACON& Tower with Radar,12,110,69,0,191,0,408,264,2,674,12,518,333,2,865,705,0,705,1570
10/08/2015,DAB,FL,ASO,ES,Combined TRACON& Tower with Radar,12,104,55,1,172,0,366,140,6,512,12,470,195,7,684,797,0,797,1481
10/09/2015,DAB,FL,ASO,ES,Combined TRACON& Tower with Radar,12,96,76,3,187,0,368,177,2,547,12,464,253,5,734,809,0,809,1543
10/10/2015,DAB,FL,ASO,ES,Combined TRACON& Tower with Radar,12,96,46,0,154,0,230,111,2,343,12,326,157,2,497,492,0,492,989
10/11/2015,DAB,FL,ASO,ES,Combined TRACON& Tower with Radar,14,13,47,0,74,0,34,66,1,101,14,47,113,1,175,313,0,313,488
10/12/2015,DAB,FL,ASO,ES,Combined TRACON& Tower with Radar,12,87,55,0,154,0,402,166,0,568,12,489,221,0,722,662,0,662,1384
10/13/2015,DAB,FL,ASO,ES,Combined TRACON& Tower with Radar,12,64,45,2,123,0,432,216,0,648,12,496,261,2,771,590,0,590,1361
10/14/2015,DAB,FL,ASO,ES,Combined TRACON& Tower with Radar,16,79,60,0,155,0,384,195,0,579,16,463,255,0,734,652,0,652,1386
10/15/2015,DAB,FL,ASO,ES,Combined TRACON& Tower with Radar,12,88,56,1,157,0,388,179,0,567,12,476,235,1,724,621,0,621,1345
10/16/2015,DAB,FL,ASO,ES,Combined TRACON& Tower with Radar,12,80,46,3,141,0,364,143,2,509,12,444,189,5,650,466,0,466,1116
10/17/2015,DAB,FL,ASO,ES,Combined TRACON& Tower with Radar,14,57,22,0,93,0,251,97,1,349,14,308,119,1,442,243,0,243,685
10/18/2015,DAB,FL,ASO,ES,Combined TRACON& Tower with Radar,14,14,34,0,62,0,19,37,1,57,14,33,71,1,119,0,0,0,119
10/19/2015,DAB,FL,ASO,ES,Combined TRACON& Tower with Radar,12,58,63,0,133,0,182,78,0,260,12,240,141,0,393,130,0,130,523
10/20/2015,DAB,FL,ASO,ES,Combined TRACON& Tower with Radar,12,68,61,4,145,0,258,187,2,447,12,326,248,6,592,534,0,534,1126
10/21/2015,DAB,FL,ASO,ES,Combined TRACON& Tower with Radar,12,152,59,0,223,0,148,55,0,203,12,300,114,0,426,404,0,404,830
10/22/2015,DAB,FL,ASO,ES,Combined TRACON& Tower with Radar,12,92,68,5,177,0,368,150,3,521,12,460,218,8,698,634,0,634,1332
10/23/2015,DAB,FL,ASO,ES,Combined TRACON& Tower with Radar,13,87,59,0,159,0,328,154,0,482,13,415,213,0,641,654,0,654,1295
10/24/2015,DAB,FL,ASO,ES,Combined TRACON& Tower with Radar,13,79,42,0,134,0,312,108,0,420,13,391,150,0,554,474,0,474,1028
10/25/2015,DAB,FL,ASO,ES,Combined TRACON& Tower with Radar,14,17,54,4,89,0,60,61,0,121,14,77,115,4,210,235,0,235,445
10/26/2015,DAB,FL,ASO,ES,Combined TRACON& Tower with Radar,12,91,60,1,164,0,268,94,2,364,12,359,154,3,528,510,0,510,1038
10/27/2015,DAB,FL,ASO,ES,Combined TRACON& Tower with Radar,12,109,49,1,171,0,299,82,3,384,12,408,131,4,555,80,0,80,635
10/28/2015,DAB,FL,ASO,ES,Combined TRACON& Tower with Radar,12,102,62,6,182,0,159,69,0,228,12,261,131,6,410,316,0,316,726
10/29/2015,DAB,FL,ASO,ES,Combined TRACON& Tower with Radar,11,128,62,2,203,0,300,97,0,397,11,428,159,2,600,545,0,545,1145
10/30/2015,DAB,FL,ASO,ES,Combined TRACON& Tower with Radar,12,116,59,0,187,0,406,154,0,560,12,522,213,0,747,691,0,691,1438
10/31/2015,DAB,FL,ASO,ES,Combined TRACON& Tower with Radar,12,82,43,1,138,0,300,108,0,408,12,382,151,1,546,476,0,476,1022
11/01/2015,DAB,FL,ASO,ES,Combined TRACON& Tower with Radar,14,16,24,1,55,0,46,91,0,137,14,62,115,1,192,209,0,209,401
11/02/2015,DAB,FL,ASO,ES,Combined TRACON& Tower with Radar,12,74,41,2,129,0,349,104,0,453,12,423,145,2,582,542,0,542,1124
11/03/2015,DAB,FL,ASO,ES,Combined TRACON& Tower with Radar,12,81,51,2,146,0,434,177,0,611,12,515,228,2,757,554,0,554,1311
11/04/2015,DAB,FL,ASO,ES,Combined TRACON& Tower with Radar,12,135,56,2,205,0,198,68,1,267,12,333,124,3,472,873,0,873,1345
11/05/2015,DAB,FL,ASO,ES,Combined TRACON& Tower with Radar,14,117,58,2,191,0,381,146,0,527,14,498,204,2,718,669,0,669,1387
11/06/2015,DAB,FL,ASO,ES,Combined TRACON& Tower with Radar,17,118,58,3,196,0,356,117,5,478,17,474,175,8,674,544,0,544,1218
11/07/2015,DAB,FL,ASO,ES,Combined TRACON& Tower with Radar,13,63,42,0,118,0,196,126,0,322,13,259,168,0,440,495,0,495,935
11/08/2015,DAB,FL,ASO,ES,Combined TRACON& Tower with Radar,14,20,32,4,70,0,40,60,0,100,14,60,92,4,170,152,0,152,322
11/09/2015,DAB,FL,ASO,ES,Combined TRACON& Tower with Radar,14,119,56,0,189,0,279,79,1,359,14,398,135,1,548,519,0,519,1067
11/10/2015,DAB,FL,ASO,ES,Combined TRACON& Tower with Radar,14,131,82,2,229,0,180,74,0,254,14,311,156,2,483,464,0,464,947
11/11/2015,DAB,FL,ASO,ES,Combined TRACON& Tower with Radar,14,112,73,0,199,0,328,149,0,477,14,440,222,0,676,518,0,518,1194
11/12/2015,DAB,FL,ASO,ES,Combined TRACON& Tower with Radar,14,72,58,1,145,0,329,129,0,458,14,401,187,1,603,451,0,451,1054
11/13/2015,DAB,FL,ASO,ES,Combined TRACON& Tower with Radar,14,93,67,0,174,0,317,106,1,424,14,410,173,1,598,548,0,548,1146
11/14/2015,DAB,FL,ASO,ES,Combined TRACON& Tower with Radar,12,91,34,0,137,0,336,106,0,442,12,427,140,0,579,307,0,307,886
11/15/2015,DAB,FL,ASO,ES,Combined TRACON& Tower with Radar,14,30,60,0,104,0,48,90,0,138,14,78,150,0,242,176,0,176,418
11/16/2015,DAB,FL,ASO,ES,Combined TRACON& Tower with Radar,16,96,60,0,172,0,389,84,0,473,16,485,144,0,645,586,0,586,1231
11/17/2015,DAB,FL,ASO,ES,Combined TRACON& Tower with Radar,14,117,46,3,180,0,235,137,0,372,14,352,183,3,552,530,0,530,1082
11/18/2015,DAB,FL,ASO,ES,Combined TRACON& Tower with Radar,14,113,63,0,190,0,58,34,0,92,14,171,97,0,282,192,0,192,474
11/19/2015,DAB,FL,ASO,ES,Combined TRACON& Tower with Radar,14,93,56,0,163,0,154,53,0,207,14,247,109,0,370,683,0,683,1053
11/20/2015,DAB,FL,ASO,ES,Combined TRACON& Tower with Radar,14,124,88,0,226,0,311,91,0,402,14,435,179,0,628,634,0,634,1262
11/21/2015,DAB,FL,ASO,ES,Combined TRACON& Tower with Radar,12,61,59,0,132,0,90,37,0,127,12,151,96,0,259,189,0,189,448
11/22/2015,DAB,FL,ASO,ES,Combined TRACON& Tower with Radar,12,22,40,0,74,0,4,4,0,8,12,26,44,0,82,8,0,8,90
11/23/2015,DAB,FL,ASO,ES,Combined TRACON& Tower with Radar,14,92,56,0,162,0,385,115,0,500,14,477,171,0,662,14,0,14,676
11/24/2015,DAB,FL,ASO,ES,Combined TRACON& Tower with Radar,14,96,66,2,178,0,281,127,2,410,14,377,193,4,588,500,0,500,1088
11/25/2015,DAB,FL,ASO,ES,Combined TRACON& Tower with Radar,15,68,53,2,138,0,174,57,1,232,15,242,110,3,370,315,0,315,685
11/26/2015,DAB,FL,ASO,ES,Combined TRACON& Tower with Radar,9,0,7,1,17,0,0,12,0,12,9,0,19,1,29,0,0,0,29
11/27/2015,DAB,FL,ASO,ES,Combined TRACON& Tower with Radar,14,61,41,0,116,0,185,50,0,235,14,246,91,0,351,219,0,219,570
11/28/2015,DAB,FL,ASO,ES,Combined TRACON& Tower with Radar,16,64,49,1,130,0,205,75,0,280,16,269,124,1,410,272,0,272,682
11/29/2015,DAB,FL,ASO,ES,Combined TRACON& Tower with Radar,16,26,55,0,97,0,31,44,1,76,16,57,99,1,173,133,0,133,306
11/30/2015,DAB,FL,ASO,ES,Combined TRACON& Tower with Radar,14,97,56,3,170,0,339,131,0,470,14,436,187,3,640,561,0,561,1201
12/01/2015,DAB,FL,ASO,ES,Combined TRACON& Tower with Radar,14,133,75,5,227,0,202,88,0,290,14,335,163,5,517,329,0,329,846
12/02/2015,DAB,FL,ASO,ES,Combined TRACON& Tower with Radar,14,92,59,4,169,0,267,138,0,405,14,359,197,4,574,596,0,596,1170
12/03/2015,DAB,FL,ASO,ES,Combined TRACON& Tower with Radar,14,96,73,0,183,0,283,82,2,367,14,379,155,2,550,20,0,20,570
12/04/2015,DAB,FL,ASO,ES,Combined TRACON& Tower with Radar,14,90,65,13,182,0,130,111,6,247,14,220,176,19,429,379,0,379,808
12/05/2015,DAB,FL,ASO,ES,Combined TRACON& Tower with Radar,14,72,51,0,137,0,51,21,0,72,14,123,72,0,209,387,0,387,596
12/06/2015,DAB,FL,ASO,ES,Combined TRACON& Tower with Radar,14,25,63,10,112,0,21,28,5,54,14,46,91,15,166,192,0,192,358
12/07/2015,DAB,FL,ASO,ES,Combined TRACON& Tower with Radar,16,115,75,1,207,0,77,40,1,118,16,192,115,2,325,8,0,8,333
12/08/2015,DAB,FL,ASO,ES,Combined TRACON& Tower with Radar,14,76,40,2,132,0,392,174,0,566,14,468,214,2,698,280,0,280,978
12/09/2015,DAB,FL,ASO,ES,Combined TRACON& Tower with Radar,14,113,75,2,204,0,390,144,1,535,14,503,219,3,739,746,0,746,1485
12/10/2015,DAB,FL,ASO,ES,Combined TRACON& Tower with Radar,14,95,49,4,162,0,347,148,0,495,14,442,197,4,657,654,0,654,1311
12/11/2015,DAB,FL,ASO,ES,Combined TRACON& Tower with Radar,14,81,68,3,166,0,329,149,1,479,14,410,217,4,645,629,0,629,1274
12/12/2015,DAB,FL,ASO,ES,Combined TRACON& Tower with Radar,12,60,46,1,119,0,209,103,2,314,12,269,149,3,433,399,0,399,832
12/13/2015,DAB,FL,ASO,ES,Combined TRACON& Tower with Radar,14,10,48,0,72,0,40,61,2,103,14,50,109,2,175,87,0,87,262
12/14/2015,DAB,FL,ASO,ES,Combined TRACON& Tower with Radar,14,92,45,2,153,0,98,54,0,152,14,190,99,2,305,317,0,317,622
12/15/2015,DAB,FL,ASO,ES,Combined TRACON& Tower with Radar,17,100,68,0,185,0,128,50,0,178,17,228,118,0,363,489,0,489,852
12/16/2015,DAB,FL,ASO,ES,Combined TRACON& Tower with Radar,14,84,56,5,159,0,177,86,2,265,14,261,142,7,424,452,0,452,876
12/17/2015,DAB,FL,ASO,ES,Combined TRACON& Tower with Radar,16,88,68,2,174,0,159,101,2,262,16,247,169,4,436,297,0,297,733
12/18/2015,DAB,FL,ASO,ES,Combined TRACON& Tower with Radar,17,79,60,0,156,0,86,43,4,133,17,165,103,4,289,41,0,41,330
12/19/2015,DAB,FL,ASO,ES,Combined TRACON& Tower with Radar,20,42,57,0,119,0,114,79,6,199,20,156,136,6,318,74,0,74,392
12/20/2015,DAB,FL,ASO,ES,Combined TRACON& Tower with Radar,21,16,44,4,85,0,37,46,0,83,21,53,90,4,168,243,0,243,411
12/21/2015,DAB,FL,ASO,ES,Combined TRACON& Tower with Radar,17,75,63,3,158,0,156,108,2,266,17,231,171,5,424,381,0,381,805
12/22/2015,DAB,FL,ASO,ES,Combined TRACON& Tower with Radar,17,67,46,2,132,0,118,49,0,167,17,185,95,2,299,33,0,33,332
12/23/2015,DAB,FL,ASO,ES,Combined TRACON& Tower with Radar,18,47,46,0,111,0,18,14,0,32,18,65,60,0,143,9,0,9,152
12/24/2015,DAB,FL,ASO,ES,Combined TRACON& Tower with Radar,16,18,27,0,61,0,45,38,0,83,16,63,65,0,144,16,0,16,160
12/25/2015,DAB,FL,ASO,ES,Combined TRACON& Tower with Radar,14,0,11,0,25,0,0,10,0,10,14,0,21,0,35,0,0,0,35
12/26/2015,DAB,FL,ASO,ES,Combined TRACON& Tower with Radar,20,15,50,0,85,0,28,24,0,52,20,43,74,0,137,23,0,23,160
12/27/2015,DAB,FL,ASO,ES,Combined TRACON& Tower with Radar,18,7,51,0,76,0,2,28,0,30,18,9,79,0,106,21,0,21,127
12/28/2015,DAB,FL,ASO,ES,Combined TRACON& Tower with Radar,17,24,41,2,84,0,47,54,0,101,17,71,95,2,185,64,0,64,249
12/29/2015,DAB,FL,ASO,ES,Combined TRACON& Tower with Radar,17,40,76,0,133,0,45,65,2,112,17,85,141,2,245,110,0,110,355
12/30/2015,DAB,FL,ASO,ES,Combined TRACON& Tower with Radar,17,29,66,0,112,0,37,55,0,92,17,66,121,0,204,6,0,6,210
12/31/2015,DAB,FL,ASO,ES,Combined TRACON& Tower with Radar,17,17,50,0,84,0,21,30,0,51,17,38,80,0,135,215,0,215,350
01/01/2016,DAB,FL,ASO,ES,Combined TRACON& Tower with Radar,16,3,26,0,45,0,0,16,0,16,16,3,42,0,61,23,0,23,84
01/02/2016,DAB,FL,ASO,ES,Combined TRACON& Tower with Radar,20,10,59,0,89,0,0,2,0,2,20,10,61,0,91,23,0,23,114
01/03/2016,DAB,FL,ASO,ES,Combined TRACON& Tower with Radar,18,0,48,0,66,0,0,0,0,0,18,0,48,0,66,0,0,0,66
01/04/2016,DAB,FL,ASO,ES,Combined TRACON& Tower with Radar,17,55,52,0,124,0,196,114,1,311,17,251,166,1,435,87,0,87,522
01/05/2016,DAB,FL,ASO,ES,Combined TRACON& Tower with Radar,14,57,72,4,147,0,92,50,0,142,14,149,122,4,289,288,0,288,577
01/06/2016,DAB,FL,ASO,ES,Combined TRACON& Tower with Radar,16,86,65,0,167,0,126,68,0,194,16,212,133,0,361,625,0,625,986
01/07/2016,DAB,FL,ASO,ES,Combined TRACON& Tower with Radar,17,122,90,2,231,0,59,25,0,84,17,181,115,2,315,10,0,10,325
01/08/2016,DAB,FL,ASO,ES,Combined TRACON& Tower with Radar,19,174,74,0,267,0,94,48,0,142,19,268,122,0,409,669,0,669,1078
01/09/2016,DAB,FL,ASO,ES,Combined TRACON& Tower with Radar,16,44,50,1,111,0,13,16,0,29,16,57,66,1,140,171,0,171,311
01/10/2016,DAB,FL,ASO,ES,Combined TRACON& Tower with Radar,18,18,92,2,130,0,43,66,2,111,18,61,158,4,241,257,0,257,498
01/11/2016,DAB,FL,ASO,ES,Combined TRACON& Tower with Radar,16,73,57,0,146,0,360,117,1,478,16,433,174,1,624,434,0,434,1058
01/12/2016,DAB,FL,ASO,ES,Combined TRACON& Tower with Radar,16,80,51,0,147,0,336,173,1,510,16,416,224,1,657,549,0,549,1206
01/13/2016,DAB,FL,ASO,ES,Combined TRACON& Tower with Radar,18,62,51,1,132,0,363,142,0,505,18,425,193,1,637,214,0,214,851
01/14/2016,DAB,FL,ASO,ES,Combined TRACON& Tower with Radar,20,85,79,1,185,0,413,120,2,535,20,498,199,3,720,575,2,577,1297
01/15/2016,DAB,FL,ASO,ES,Combined TRACON& Tower with Radar,18,35,38,6,97,0,94,27,1,122,18,129,65,7,219,236,0,236,455
01/16/2016,DAB,FL,ASO,ES,Combined TRACON& Tower with Radar,16,61,66,1,144,0,250,97,1,348,16,311,163,2,492,389,0,389,881
01/17/2016,DAB,FL,ASO,ES,Combined TRACON& Tower with Radar,18,6,32,5,61,0,13,26,2,41,18,19,58,7,102,57,0,57,159
01/18/2016,DAB,FL,ASO,ES,Combined TRACON& Tower with Radar,16,47,63,0,126,0,323,142,0,465,16,370,205,0,591,257,0,257,848
01/19/2016,DAB,FL,ASO,ES,Combined TRACON& Tower with Radar,16,82,56,8,162,0,333,101,3,437,16,415,157,11,599,541,0,541,1140
01/20/2016,DAB,FL,ASO,ES,Combined TRACON& Tower with Radar,18,82,88,7,195,0,419,112,5,536,18,501,200,12,731,715,0,715,1446
01/21/2016,DAB,FL,ASO,ES,Combined TRACON& Tower with Radar,18,74,77,0,169,0,369,113,0,482,18,443,190,0,651,660,0,660,1311
01/22/2016,DAB,FL,ASO,ES,Combined TRACON& Tower with Radar,11,30,31,0,72,0,50,12,0,62,11,80,43,0,134,46,0,46,180
01/23/2016,DAB,FL,ASO,ES,Combined TRACON& Tower with Radar,8,19,15,0,42,0,16,11,0,27,8,35,26,0,69,21,0,21,90
01/24/2016,DAB,FL,ASO,ES,Combined TRACON& Tower with Radar,19,17,37,2,75,0,98,110,1,209,19,115,147,3,284,181,0,181,465
01/25/2016,DAB,FL,ASO,ES,Combined TRACON& Tower with Radar,18,80,82,3,183,0,319,176,0,495,18,399,258,3,678,446,0,446,1124
01/26/2016,DAB,FL,ASO,ES,Combined TRACON& Tower with Radar,16,105,81,0,202,0,387,126,2,515,16,492,207,2,717,685,0,685,1402
01/27/2016,DAB,FL,ASO,ES,Combined TRACON& Tower with Radar,18,63,61,4,146,0,1,2,0,3,18,64,63,4,149,0,0,0,149
01/28/2016,DAB,FL,ASO,ES,Combined TRACON& Tower with Radar,18,26,49,0,93,0,0,0,0,0,18,26,49,0,93,0,0,0,93
01/29/2016,DAB,FL,ASO,ES,Combined TRACON& Tower with Radar,18,104,114,2,238,0,450,176,2,628,18,554,290,4,866,698,0,698,1564
01/30/2016,DAB,FL,ASO,ES,Combined TRACON& Tower with Radar,16,78,113,4,211,0,370,157,4,531,16,448,270,8,742,580,0,580,1322
01/31/2016,DAB,FL,ASO,ES,Combined TRACON& Tower with Radar,18,32,110,0,160,0,77,117,0,194,18,109,227,0,354,237,0,237,591
02/01/2016,DAB,FL,ASO,ES,Combined TRACON& Tower with Radar,16,100,81,0,197,0,408,107,4,519,16,508,188,4,716,777,0,777,1493
02/02/2016,DAB,FL,ASO,ES,Combined TRACON& Tower with Radar,16,108,61,1,186,0,231,82,4,317,16,339,143,5,503,265,0,265,768
02/03/2016,DAB,FL,ASO,ES,Combined TRACON& Tower with Radar,18,118,70,0,206,0,208,61,0,269,18,326,131,0,475,72,0,72,547
02/04/2016,DAB,FL,ASO,ES,Combined TRACON& Tower with Radar,18,42,44,0,104,0,126,44,0,170,18,168,88,0,274,57,0,57,331
02/05/2016,DAB,FL,ASO,ES,Combined TRACON& Tower with Radar,18,74,71,5,168,0,326,133,4,463,18,400,204,9,631,25,0,25,656
02/06/2016,DAB,FL,ASO,ES,Combined TRACON& Tower with Radar,14,96,50,0,160,0,214,65,0,279,14,310,115,0,439,0,0,0,439
02/07/2016,DAB,FL,ASO,ES,Combined TRACON& Tower with Radar,15,18,29,2,64,0,12,48,2,62,15,30,77,4,126,38,0,38,164
02/08/2016,DAB,FL,ASO,ES,Combined TRACON& Tower with Radar,17,45,52,0,114,0,237,108,0,345,17,282,160,0,459,449,0,449,908
02/09/2016,DAB,FL,ASO,ES,Combined TRACON& Tower with Radar,16,34,34,0,84,0,88,42,0,130,16,122,76,0,214,127,0,127,341
02/10/2016,DAB,FL,ASO,ES,Combined TRACON& Tower with Radar,18,46,61,5,130,0,182,52,1,235,18,228,113,6,365,358,0,358,723
02/11/2016,DAB,FL,ASO,ES,Combined TRACON& Tower with Radar,18,86,64,2,170,0,470,165,4,639,18,556,229,6,809,714,0,714,1523
02/12/2016,DAB,FL,ASO,ES,Combined TRACON& Tower with Radar,23,77,105,4,209,0,375,160,8,543,23,452,265,12,752,507,0,507,1259
02/13/2016,DAB,FL,ASO,ES,Combined TRACON& Tower with Radar,17,72,86,0,175,0,322,90,0,412,17,394,176,0,587,444,0,444,1031
02/14/2016,DAB,FL,ASO,ES,Combined TRACON& Tower with Radar,20,22,83,2,127,0,67,71,1,139,20,89,154,3,266,136,0,136,402
02/15/2016,DAB,FL,ASO,ES,Combined TRACON& Tower with Radar,20,61,54,3,138,0,189,73,2,264,20,250,127,5,402,166,0,166,568
02/16/2016,DAB,FL,ASO,ES,Combined TRACON& Tower with Radar,19,90,69,1,179,0,355,122,2,479,19,445,191,3,658,747,0,747,1405
02/17/2016,DAB,FL,ASO,ES,Combined TRACON& Tower with Radar,24,73,104,1,202,0,444,196,7,647,24,517,300,8,849,699,0,699,1548
02/18/2016,DAB,FL,ASO,ES,Combined TRACON& Tower with Radar,26,59,120,2,207,0,238,134,3,375,26,297,254,5,582,398,10,408,990
02/19/2016,DAB,FL,ASO,ES,Combined TRACON& Tower with Radar,23,84,100,7,214,0,382,109,9,500,23,466,209,16,714,682,0,682,1396
02/20/2016,DAB,FL,ASO,ES,Combined TRACON& Tower with Radar,25,42,101,2,170,0,217,70,5,292,25,259,171,7,462,378,0,378,840
02/21/2016,DAB,FL,ASO,ES,Combined TRACON& Tower with Radar,27,65,232,1,325,0,6,83,4,93,27,71,315,5,418,0,0,0,418
02/22/2016,DAB,FL,ASO,ES,Combined TRACON& Tower with Radar,25,82,96,4,207,0,334,116,0,450,25,416,212,4,657,634,0,634,1291
02/23/2016,DAB,FL,ASO,ES,Combined TRACON& Tower with Radar,20,65,47,3,135,0,221,135,2,358,20,286,182,5,493,187,0,187,680
02/24/2016,DAB,FL,ASO,ES,Combined TRACON& Tower with Radar,17,7,20,0,44,0,16,12,0,28,17,23,32,0,72,20,0,20,92
02/25/2016,DAB,FL,ASO,ES,Combined TRACON& Tower with Radar,21,68,61,0,150,0,234,96,2,332,21,302,157,2,482,258,0,258,740
02/26/2016,DAB,FL,ASO,ES,Combined TRACON& Tower with Radar,20,91,61,2,174,0,469,116,1,586,20,560,177,3,760,603,0,603,1363
02/27/2016,DAB,FL,ASO,ES,Combined TRACON& Tower with Radar,18,75,52,0,145,0,369,105,2,476,18,444,157,2,621,649,0,649,1270
02/28/2016,DAB,FL,ASO,ES,Combined TRACON& Tower with Radar,20,11,59,0,90,0,117,89,0,206,20,128,148,0,296,372,0,372,668
02/29/2016,DAB,FL,ASO,ES,Combined TRACON& Tower with Radar,20,74,51,4,149,0,386,135,0,521,20,460,186,4,670,746,0,746,1416
03/01/2016,DAB,FL,ASO,ES,Combined TRACON& Tower with Radar,20,75,50,0,145,0,424,118,0,542,20,499,168,0,687,663,0,663,1350
03/02/2016,DAB,FL,ASO,ES,Combined TRACON& Tower with Radar,20,70,54,2,146,0,283,100,3,386,20,353,154,5,532,607,0,607,1139
03/03/2016,DAB,FL,ASO,ES,Combined TRACON& Tower with Radar,20,51,76,0,147,0,398,144,5,547,20,449,220,5,694,602,0,602,1296
03/04/2016,DAB,FL,ASO,ES,Combined TRACON& Tower with Radar,20,102,64,0,186,0,310,89,1,400,20,412,153,1,586,298,0,298,884
03/05/2016,DAB,FL,ASO,ES,Combined TRACON& Tower with Radar,22,69,59,0,150,0,316,95,0,411,22,385,154,0,561,380,0,380,941
03/06/2016,DAB,FL,ASO,ES,Combined TRACON& Tower with Radar,20,20,72,5,117,0,58,80,0,138,20,78,152,5,255,165,0,165,420
03/07/2016,DAB,FL,ASO,ES,Combined TRACON& Tower with Radar,20,71,74,0,165,0,323,126,3,452,20,394,200,3,617,667,0,667,1284
03/08/2016,DAB,FL,ASO,ES,Combined TRACON& Tower with Radar,20,78,69,16,183,0,323,121,3,447,20,401,190,19,630,577,0,577,1207
03/09/2016,DAB,FL,ASO,ES,Combined TRACON& Tower with Radar,21,74,71,2,168,0,300,90,1,391,21,374,161,3,559,14,0,14,573
03/10/2016,DAB,FL,ASO,ES,Combined TRACON& Tower with Radar,25,52,64,2,143,0,227,143,1,371,25,279,207,3,514,4,0,4,518
03/11/2016,DAB,FL,ASO,ES,Combined TRACON& Tower with Radar,22,75,77,2,176,0,334,159,1,494,22,409,236,3,670,44,0,44,714
03/12/2016,DAB,FL,ASO,ES,Combined TRACON& Tower with Radar,22,58,77,3,160,0,114,57,0,171,22,172,134,3,331,55,0,55,386
03/13/2016,DAB,FL,ASO,ES,Combined TRACON& Tower with Radar,20,11,52,0,83,0,22,31,0,53,20,33,83,0,136,98,0,98,234
03/14/2016,DAB,FL,ASO,ES,Combined TRACON& Tower with Radar,22,94,52,5,173,0,97,37,0,134,22,191,89,5,307,572,0,572,879
03/15/2016,DAB,FL,ASO,ES,Combined TRACON& Tower with Radar,18,92,71,2,183,0,281,90,0,371,18,373,161,2,554,505,0,505,1059
03/16/2016,DAB,FL,ASO,ES,Combined TRACON& Tower with Radar,20,84,56,1,161,0,200,94,3,297,20,284,150,4,458,465,0,465,923
03/17/2016,DAB,FL,ASO,ES,Combined TRACON& Tower with Radar,20,103,61,2,186,0,93,26,0,119,20,196,87,2,305,232,0,232,537
03/18/2016,DAB,FL,ASO,ES,Combined TRACON& Tower with Radar,20,71,62,0,153,0,322,81,0,403,20,393,143,0,556,778,0,778,1334
03/19/2016,DAB,FL,ASO,ES,Combined TRACON& Tower with Radar,22,59,40,0,121,0,84,49,0,133,22,143,89,0,254,469,0,469,723
03/20/2016,DAB,FL,ASO,ES,Combined TRACON& Tower with Radar,20,13,44,0,77,0,8,39,0,47,20,21,83,0,124,109,0,109,233
03/21/2016,DAB,FL,ASO,ES,Combined TRACON& Tower with Radar,18,58,48,1,125,0,277,84,3,364,18,335,132,4,489,70,0,70,559
03/22/2016,DAB,FL,ASO,ES,Combined TRACON& Tower with Radar,20,91,62,0,173,0,404,149,2,555,20,495,211,2,728,626,0,626,1354
03/23/2016,DAB,FL,ASO,ES,Combined TRACON& Tower with Radar,20,79,67,2,168,0,431,147,1,579,20,510,214,3,747,602,0,602,1349
03/24/2016,DAB,FL,ASO,ES,Combined TRACON& Tower with Radar,18,62,66,0,146,0,258,87,6,351,18,320,153,6,497,191,0,191,688
03/25/2016,DAB,FL,ASO,ES,Combined TRACON& Tower with Radar,22,63,46,0,131,0,178,43,0,221,22,241,89,0,352,451,0,451,803
03/26/2016,DAB,FL,ASO,ES,Combined TRACON& Tower with Radar,26,50,54,0,130,0,112,48,5,165,26,162,102,5,295,389,0,389,684
03/27/2016,DAB,FL,ASO,ES,Combined TRACON& Tower with Radar,17,11,26,1,55,0,1,9,1,11,17,12,35,2,66,36,0,36,102
03/28/2016,DAB,FL,ASO,ES,Combined TRACON& Tower with Radar,19,110,85,0,214,0,206,97,0,303,19,316,182,0,517,594,0,594,1111
03/29/2016,DAB,FL,ASO,ES,Combined TRACON& Tower with Radar,20,93,77,0,190,0,251,113,0,364,20,344,190,0,554,536,0,536,1090
03/30/2016,DAB,FL,ASO,ES,Combined TRACON& Tower with Radar,20,89,94,0,203,0,368,147,2,517,20,457,241,2,720,644,0,644,1364
03/31/2016,DAB,FL,ASO,ES,Combined TRACON& Tower with Radar,20,88,75,5,188,0,320,117,2,439,20,408,192,7,627,302,0,302,929
04/01/2016,DAB,FL,ASO,ES,Combined TRACON& Tower with Radar,20,70,85,0,175,0,191,49,1,241,20,261,134,1,416,387,0,387,803
04/02/2016,DAB,FL,ASO,ES,Combined TRACON& Tower with Radar,24,7,41,0,72,0,9,12,0,21,24,16,53,0,93,16,0,16,109
04/03/2016,DAB,FL,ASO,ES,Combined TRACON& Tower with Radar,20,16,70,0,106,0,80,101,1,182,20,96,171,1,288,111,0,111,399
04/04/2016,DAB,FL,ASO,ES,Combined TRACON& Tower with Radar,20,86,65,0,171,0,435,107,0,542,20,521,172,0,713,665,0,665,1378
04/05/2016,DAB,FL,ASO,ES,Combined TRACON& Tower with Radar,20,101,50,2,173,0,417,118,2,537,20,518,168,4,710,692,0,692,1402
04/06/2016,DAB,FL,ASO,ES,Combined TRACON& Tower with Radar,20,79,53,0,152,0,304,81,0,385,20,383,134,0,537,385,0,385,922
04/07/2016,DAB,FL,ASO,ES,Combined TRACON& Tower with Radar,19,61,41,2,123,0,276,100,3,379,19,337,141,5,502,591,0,591,1093
04/08/2016,DAB,FL,ASO,ES,Combined TRACON& Tower with Radar,21,60,69,6,156,0,335,118,2,455,21,395,187,8,611,766,0,766,1377
04/09/2016,DAB,FL,ASO,ES,Combined TRACON& Tower with Radar,22,58,51,0,131,0,221,118,1,340,22,279,169,1,471,194,0,194,665
04/10/2016,DAB,FL,ASO,ES,Combined TRACON& Tower with Radar,20,11,39,7,77,0,73,75,0,148,20,84,114,7,225,284,0,284,509
04/11/2016,DAB,FL,ASO,ES,Combined TRACON& Tower with Radar,20,84,72,0,176,0,291,132,0,423,20,375,204,0,599,629,0,629,1228
04/12/2016,DAB,FL,ASO,ES,Combined TRACON& Tower with Radar,20,74,51,1,146,0,396,162,2,560,20,470,213,3,706,865,0,865,1571
04/13/2016,DAB,FL,ASO,ES,Combined TRACON& Tower with Radar,20,147,95,0,262,0,130,72,0,202,20,277,167,0,464,626,0,626,1090
04/14/2016,DAB,FL,ASO,ES,Combined TRACON& Tower with Radar,20,75,54,0,149,0,29,15,0,44,20,104,69,0,193,351,0,351,544
04/15/2016,DAB,FL,ASO,ES,Combined TRACON& Tower with Radar,20,68,61,4,153,0,2,12,1,15,20,70,73,5,168,90,0,90,258
04/16/2016,DAB,FL,ASO,ES,Combined TRACON& Tower with Radar,20,35,44,0,99,0,40,32,1,73,20,75,76,1,172,53,0,53,225
04/17/2016,DAB,FL,ASO,ES,Combined TRACON& Tower with Radar,20,17,42,3,82,0,25,43,1,69,20,42,85,4,151,221,0,221,372
04/18/2016,DAB,FL,ASO,ES,Combined TRACON& Tower with Radar,20,98,90,0,208,0,334,128,0,462,20,432,218,0,670,848,0,848,1518
04/19/2016,DAB,FL,ASO,ES,Combined TRACON& Tower with Radar,20,76,69,3,168,0,479,169,2,650,20,555,238,5,818,898,0,898,1716
04/20/2016,DAB,FL,ASO,ES,Combined TRACON& Tower with Radar,20,92,70,0,182,0,440,150,2,592,20,532,220,2,774,738,11,749,1523
04/21/2016,DAB,FL,ASO,ES,Combined TRACON& Tower with Radar,20,71,58,2,151,0,312,104,2,418,20,383,162,4,569,354,0,354,923
04/22/2016,DAB,FL,ASO,ES,Combined TRACON& Tower with Radar,19,44,74,1,138,0,249,88,2,339,19,293,162,3,477,493,0,493,970
04/23/2016,DAB,FL,ASO,ES,Combined TRACON& Tower with Radar,21,100,57,1,179,0,153,52,0,205,21,253,109,1,384,550,0,550,934
04/24/2016,DAB,FL,ASO,ES,Combined TRACON& Tower with Radar,20,14,48,11,93,0,127,81,2,210,20,141,129,13,303,260,0,260,563
04/25/2016,DAB,FL,ASO,ES,Combined TRACON& Tower with Radar,20,94,64,1,179,0,325,117,3,445,20,419,181,4,624,854,0,854,1478
04/26/2016,DAB,FL,ASO,ES,Combined TRACON& Tower with Radar,20,108,49,0,177,0,442,137,0,579,20,550,186,0,756,667,0,667,1423
04/27/2016,DAB,FL,ASO,ES,Combined TRACON& Tower with Radar,22,84,63,0,169,0,357,129,3,489,22,441,192,3,658,596,0,596,1254
04/28/2016,DAB,FL,ASO,ES,Combined TRACON& Tower with Radar,24,95,69,1,189,0,315,148,2,465,24,410,217,3,654,602,0,602,1256
04/29/2016,DAB,FL,ASO,ES,Combined TRACON& Tower with Radar,20,92,87,0,199,0,275,137,0,412,20,367,224,0,611,611,0,611,1222
04/30/2016,DAB,FL,ASO,ES,Combined TRACON& Tower with Radar,21,49,60,0,130,0,193,116,3,312,21,242,176,3,442,337,20,357,799
05/01/2016,DAB,FL,ASO,ES,Combined TRACON& Tower with Radar,19,21,36,10,86,0,61,65,0,126,19,82,101,10,212,50,0,50,262
05/02/2016,DAB,FL,ASO,ES,Combined TRACON& Tower with Radar,24,87,83,0,194,0,200,72,0,272,24,287,155,0,466,221,0,221,687
05/03/2016,DAB,FL,ASO,ES,Combined TRACON& Tower with Radar,20,66,55,2,143,0,170,71,0,241,20,236,126,2,384,633,0,633,1017
05/04/2016,DAB,FL,ASO,ES,Combined TRACON& Tower with Radar,20,26,37,0,83,0,35,33,0,68,20,61,70,0,151,165,0,165,316
05/05/2016,DAB,FL,ASO,ES,Combined TRACON& Tower with Radar,20,69,61,3,153,0,285,138,1,424,20,354,199,4,577,307,0,307,884
05/06/2016,DAB,FL,ASO,ES,Combined TRACON& Tower with Radar,20,86,57,0,163,0,335,125,1,461,20,421,182,1,624,423,0,423,1047
05/07/2016,DAB,FL,ASO,ES,Combined TRACON& Tower with Radar,20,53,43,2,118,0,225,74,4,303,20,278,117,6,421,260,0,260,681
05/08/2016,DAB,FL,ASO,ES,Combined TRACON& Tower with Radar,18,15,42,2,77,0,74,62,0,136,18,89,104,2,213,269,0,269,482
05/09/2016,DAB,FL,ASO,ES,Combined TRACON& Tower with Radar,22,79,59,0,160,0,318,143,1,462,22,397,202,1,622,629,0,629,1251
05/10/2016,DAB,FL,ASO,ES,Combined TRACON& Tower with Radar,20,52,67,4,143,0,255,111,1,367,20,307,178,5,510,614,0,614,1124
05/11/2016,DAB,FL,ASO,ES,Combined TRACON& Tower with Radar,20,74,56,0,150,0,292,129,1,422,20,366,185,1,572,641,0,641,1213
05/12/2016,DAB,FL,ASO,ES,Combined TRACON& Tower with Radar,20,66,65,2,153,0,302,131,0,433,20,368,196,2,586,570,0,570,1156
05/13/2016,DAB,FL,ASO,ES,Combined TRACON& Tower with Radar,20,38,68,0,126,0,242,124,3,369,20,280,192,3,495,513,0,513,1008
05/14/2016,DAB,FL,ASO,ES,Combined TRACON& Tower with Radar,20,57,69,0,146,0,195,96,1,292,20,252,165,1,438,392,0,392,830
05/15/2016,DAB,FL,ASO,ES,Combined TRACON& Tower with Radar,20,21,41,7,89,0,54,56,3,113,20,75,97,10,202,128,12,140,342
05/16/2016,DAB,FL,ASO,ES,Combined TRACON& Tower with Radar,19,57,61,0,137,0,260,120,0,380,19,317,181,0,517,511,0,511,1028
05/17/2016,DAB,FL,ASO,ES,Combined TRACON& Tower with Radar,21,70,48,1,140,0,52,20,0,72,21,122,68,1,212,199,0,199,411
05/18/2016,DAB,FL,ASO,ES,Combined TRACON& Tower with Radar,20,80,83,5,188,0,157,102,0,259,20,237,185,5,447,472,0,472,919
05/19/2016,DAB,FL,ASO,ES,Combined TRACON& Tower with Radar,20,70,69,2,161,0,107,48,0,155,20,177,117,2,316,549,0,549,865
05/20/2016,DAB,FL,ASO,ES,Combined TRACON& Tower with Radar,20,66,65,12,163,0,70,42,0,112,20,136,107,12,275,349,0,349,624
05/21/2016,DAB,FL,ASO,ES,Combined TRACON& Tower with Radar,20,85,61,9,175,0,209,60,1,270,20,294,121,10,445,472,0,472,917
05/22/2016,DAB,FL,ASO,ES,Combined TRACON& Tower with Radar,20,16,52,4,92,0,42,55,0,97,20,58,107,4,189,137,0,137,326
05/23/2016,DAB,FL,ASO,ES,Combined TRACON& Tower with Radar,20,79,60,0,159,0,387,134,0,521,20,466,194,0,680,699,0,699,1379
05/24/2016,DAB,FL,ASO,ES,Combined TRACON& Tower with Radar,20,79,48,0,147,0,375,140,2,517,20,454,188,2,664,576,0,576,1240
05/25/2016,DAB,FL,ASO,ES,Combined TRACON& Tower with Radar,20,99,90,2,211,0,400,157,4,561,20,499,247,6,772,743,0,743,1515
05/26/2016,DAB,FL,ASO,ES,Combined TRACON& Tower with Radar,20,84,73,0,177,0,323,131,4,458,20,407,204,4,635,790,0,790,1425
05/27/2016,DAB,FL,ASO,ES,Combined TRACON& Tower with Radar,20,75,60,1,156,0,254,94,2,350,20,329,154,3,506,756,0,756,1262
05/28/2016,DAB,FL,ASO,ES,Combined TRACON& Tower with Radar,20,57,62,0,139,0,118,91,0,209,20,175,153,0,348,445,0,445,793
05/29/2016,DAB,FL,ASO,ES,Combined TRACON& Tower with Radar,18,15,32,0,65,0,43,39,2,84,18,58,71,2,149,107,0,107,256
05/30/2016,DAB,FL,ASO,ES,Combined TRACON& Tower with Radar,18,24,55,0,97,0,128,55,0,183,18,152,110,0,280,307,0,307,587
05/31/2016,DAB,FL,ASO,ES,Combined TRACON& Tower with Radar,23,73,62,0,158,0,289,107,1,397,23,362,169,1,555,947,0,947,1502
06/01/2016,DAB,FL,ASO,ES,Combined TRACON& Tower with Radar,21,71,51,0,143,0,305,110,2,417,21,376,161,2,560,843,0,843,1403
06/02/2016,DAB,FL,ASO,ES,Combined TRACON& Tower with Radar,18,95,72,0,185,0,347,154,0,501,18,442,226,0,686,531,0,531,1217
06/03/2016,DAB,FL,ASO,ES,Combined TRACON& Tower with Radar,20,71,66,0,157,0,281,117,4,402,20,352,183,4,559,527,0,527,1086
06/04/2016,DAB,FL,ASO,ES,Combined TRACON& Tower with Radar,18,46,61,0,125,0,229,91,3,323,18,275,152,3,448,401,0,401,849
06/05/2016,DAB,FL,ASO,ES,Combined TRACON& Tower with Radar,20,14,32,0,66,0,26,38,0,64,20,40,70,0,130,158,0,158,288
06/06/2016,DAB,FL,ASO,ES,Combined TRACON& Tower with Radar,20,14,31,0,65,0,11,12,1,24,20,25,43,1,89,283,0,283,372
06/07/2016,DAB,FL,ASO,ES,Combined TRACON& Tower with Radar,18,62,52,0,132,0,87,20,0,107,18,149,72,0,239,570,0,570,809
06/08/2016,DAB,FL,ASO,ES,Combined TRACON& Tower with Radar,18,67,67,0,152,0,357,128,2,487,18,424,195,2,639,665,0,665,1304
06/09/2016,DAB,FL,ASO,ES,Combined TRACON& Tower with Radar,25,60,68,2,155,0,322,113,2,437,25,382,181,4,592,483,0,483,1075
06/10/2016,DAB,FL,ASO,ES,Combined TRACON& Tower with Radar,18,112,91,1,222,0,195,83,0,278,18,307,174,1,500,467,0,467,967
06/11/2016,DAB,FL,ASO,ES,Combined TRACON& Tower with Radar,20,61,78,0,159,0,210,80,0,290,20,271,158,0,449,454,0,454,903
06/12/2016,DAB,FL,ASO,ES,Combined TRACON& Tower with Radar,18,13,41,0,72,0,45,50,0,95,18,58,91,0,167,161,0,161,328
06/13/2016,DAB,FL,ASO,ES,Combined TRACON& Tower with Radar,18,46,52,0,116,0,247,81,1,329,18,293,133,1,445,541,0,541,986
06/14/2016,DAB,FL,ASO,ES,Combined TRACON& Tower with Radar,18,41,64,0,123,0,266,99,0,365,18,307,163,0,488,699,0,699,1187
06/15/2016,DAB,FL,ASO,ES,Combined TRACON& Tower with Radar,20,67,70,0,157,0,252,94,2,348,20,319,164,2,505,623,0,623,1128
06/16/2016,DAB,FL,ASO,ES,Combined TRACON& Tower with Radar,18,47,29,0,94,0,170,75,0,245,18,217,104,0,339,375,0,375,714
06/17/2016,DAB,FL,ASO,ES,Combined TRACON& Tower with Radar,17,77,67,3,164,0,229,79,3,311,17,306,146,6,475,685,0,685,1160
06/18/2016,DAB,FL,ASO,ES,Combined TRACON& Tower with Radar,21,13,58,1,93,0,52,34,0,86,21,65,92,1,179,223,0,223,402
06/19/2016,DAB,FL,ASO,ES,Combined TRACON& Tower with Radar,18,25,61,1,105,0,27,24,0,51,18,52,85,1,156,64,0,64,220
06/20/2016,DAB,FL,ASO,ES,Combined TRACON& Tower with Radar,18,87,45,0,150,0,297,103,2,402,18,384,148,2,552,674,0,674,1226
06/21/2016,DAB,FL,ASO,ES,Combined TRACON& Tower with Radar,17,91,63,1,172,0,343,120,1,464,17,434,183,2,636,645,0,645,1281
06/22/2016,DAB,FL,ASO,ES,Combined TRACON& Tower with Radar,19,90,72,0,181,0,368,103,0,471,19,458,175,0,652,549,0,549,1201
06/23/2016,DAB,FL,ASO,ES,Combined TRACON& Tower with Radar,17,74,76,3,170,0,315,133,10,458,17,389,209,13,628,592,0,592,1220
06/24/2016,DAB,FL,ASO,ES,Combined TRACON& Tower with Radar,20,46,72,10,148,0,255,79,37,371,20,301,151,47,519,530,4,534,1053
06/25/2016,DAB,FL,ASO,ES,Combined TRACON& Tower with Radar,20,47,68,4,139,0,114,75,5,194,20,161,143,9,333,366,0,366,699
06/26/2016,DAB,FL,ASO,ES,Combined TRACON& Tower with Radar,19,12,36,6,73,0,8,25,17,50,19,20,61,23,123,209,0,209,332
06/27/2016,DAB,FL,ASO,ES,Combined TRACON& Tower with Radar,18,61,70,4,153,0,273,142,0,415,18,334,212,4,568,593,0,593,1161
06/28/2016,DAB,FL,ASO,ES,Combined TRACON& Tower with Radar,19,76,60,0,155,0,288,101,0,389,19,364,161,0,544,601,0,601,1145
06/29/2016,DAB,FL,ASO,ES,Combined TRACON& Tower with Radar,18,64,107,2,191,0,256,105,0,361,18,320,212,2,552,583,0,583,1135
06/30/2016,DAB,FL,ASO,ES,Combined TRACON& Tower with Radar,21,44,77,0,142,0,146,69,3,218,21,190,146,3,360,288,0,288,648
07/01/2016,DAB,FL,ASO,ES,Combined TRACON& Tower with Radar,19,63,82,0,164,0,192,69,1,262,19,255,151,1,426,463,8,471,897
07/02/2016,DAB,FL,ASO,ES,Combined TRACON& Tower with Radar,21,51,114,0,186,0,106,62,1,169,21,157,176,1,355,271,0,271,626
07/03/2016,DAB,FL,ASO,ES,Combined TRACON& Tower with Radar,16,19,76,0,111,0,38,40,0,78,16,57,116,0,189,150,0,150,339
07/04/2016,DAB,FL,ASO,ES,Combined TRACON& Tower with Radar,14,21,39,0,74,0,84,67,1,152,14,105,106,1,226,90,0,90,316
07/05/2016,DAB,FL,ASO,ES,Combined TRACON& Tower with Radar,17,116,65,0,198,0,232,80,0,312,17,348,145,0,510,547,0,547,1057
07/06/2016,DAB,FL,ASO,ES,Combined TRACON& Tower with Radar,18,72,64,0,154,0,283,123,1,407,18,355,187,1,561,484,0,484,1045
07/07/2016,DAB,FL,ASO,ES,Combined TRACON& Tower with Radar,18,76,57,2,153,0,280,99,0,379,18,356,156,2,532,521,0,521,1053
07/08/2016,DAB,FL,ASO,ES,Combined TRACON& Tower with Radar,18,90,79,0,187,0,280,116,0,396,18,370,195,0,583,555,0,555,1138
07/09/2016,DAB,FL,ASO,ES,Combined TRACON& Tower with Radar,19,44,53,0,116,0,174,95,0,269,19,218,148,0,385,282,0,282,667
07/10/2016,DAB,FL,ASO,ES,Combined TRACON& Tower with Radar,18,19,40,4,81,0,46,46,0,92,18,65,86,4,173,215,0,215,388
07/11/2016,DAB,FL,ASO,ES,Combined TRACON& Tower with Radar,18,91,45,0,154,0,292,92,1,385,18,383,137,1,539,500,0,500,1039
07/12/2016,DAB,FL,ASO,ES,Combined TRACON& Tower with Radar,19,88,59,0,166,0,314,130,0,444,19,402,189,0,610,572,0,572,1182
07/13/2016,DAB,FL,ASO,ES,Combined TRACON& Tower with Radar,19,98,72,0,189,0,269,124,0,393,19,367,196,0,582,488,0,488,1070
07/14/2016,DAB,FL,ASO,ES,Combined TRACON& Tower with Radar,17,80,69,0,166,0,236,127,0,363,17,316,196,0,529,515,0,515,1044
07/15/2016,DAB,FL,ASO,ES,Combined TRACON& Tower with Radar,19,83,54,5,161,0,295,109,3,407,19,378,163,8,568,535,0,535,1103
07/16/2016,DAB,FL,ASO,ES,Combined TRACON& Tower with Radar,18,49,47,10,124,0,140,61,4,205,18,189,108,14,329,242,4,246,575
07/17/2016,DAB,FL,ASO,ES,Combined TRACON& Tower with Radar,20,27,42,2,91,0,42,48,0,90,20,69,90,2,181,74,0,74,255
07/18/2016,DAB,FL,ASO,ES,Combined TRACON& Tower with Radar,17,87,61,4,169,0,207,99,1,307,17,294,160,5,476,663,0,663,1139
07/19/2016,DAB,FL,ASO,ES,Combined TRACON& Tower with Radar,18,83,53,0,154,0,263,114,4,381,18,346,167,4,535,586,0,586,1121
07/20/2016,DAB,FL,ASO,ES,Combined TRACON& Tower with Radar,18,65,71,10,164,0,237,121,3,361,18,302,192,13,525,427,0,427,952
07/21/2016,DAB,FL,ASO,ES,Combined TRACON& Tower with Radar,18,86,57,2,163,0,258,153,0,411,18,344,210,2,574,683,0,683,1257
07/22/2016,DAB,FL,ASO,ES,Combined TRACON& Tower with Radar,21,67,59,7,154,0,243,136,2,381,21,310,195,9,535,405,0,405,940
07/23/2016,DAB,FL,ASO,ES,Combined TRACON& Tower with Radar,21,45,58,0,124,0,135,93,0,228,21,180,151,0,352,300,0,300,652
07/24/2016,DAB,FL,ASO,ES,Combined TRACON& Tower with Radar,17,26,40,0,83,0,49,62,0,111,17,75,102,0,194,247,0,247,441
07/25/2016,DAB,FL,ASO,ES,Combined TRACON& Tower with Radar,18,79,62,4,163,0,225,102,0,327,18,304,164,4,490,405,0,405,895
07/26/2016,DAB,FL,ASO,ES,Combined TRACON& Tower with Radar,18,71,65,0,154,0,289,117,0,406,18,360,182,0,560,583,0,583,1143
07/27/2016,DAB,FL,ASO,ES,Combined TRACON& Tower with Radar,19,74,76,0,169,0,302,126,2,430,19,376,202,2,599,528,0,528,1127
07/28/2016,DAB,FL,ASO,ES,Combined TRACON& Tower with Radar,17,65,105,13,200,0,282,132,3,417,17,347,237,16,617,508,0,508,1125
07/29/2016,DAB,FL,ASO,ES,Combined TRACON& Tower with Radar,18,75,87,4,184,0,266,92,1,359,18,341,179,5,543,440,0,440,983
07/30/2016,DAB,FL,ASO,ES,Combined TRACON& Tower with Radar,21,61,64,0,146,0,139,71,0,210,21,200,135,0,356,198,0,198,554
07/31/2016,DAB,FL,ASO,ES,Combined TRACON& Tower with Radar,16,15,45,0,76,0,41,43,0,84,16,56,88,0,160,103,0,103,263
08/01/2016,DAB,FL,ASO,ES,Combined TRACON& Tower with Radar,18,52,68,0,138,0,251,102,0,353,18,303,170,0,491,222,0,222,713
08/02/2016,DAB,FL,ASO,ES,Combined TRACON& Tower with Radar,21,72,60,0,153,0,290,79,0,369,21,362,139,0,522,282,0,282,804
08/03/2016,DAB,FL,ASO,ES,Combined TRACON& Tower with Radar,19,67,70,4,160,0,264,108,0,372,19,331,178,4,532,439,0,439,971
08/04/2016,DAB,FL,ASO,ES,Combined TRACON& Tower with Radar,17,58,47,5,127,0,191,70,2,263,17,249,117,7,390,206,0,206,596
08/05/2016,DAB,FL,ASO,ES,Combined TRACON& Tower with Radar,18,54,63,11,146,0,207,99,0,306,18,261,162,11,452,529,0,529,981
08/06/2016,DAB,FL,ASO,ES,Combined TRACON& Tower with Radar,21,38,53,0,112,0,136,64,0,200,21,174,117,0,312,320,0,320,632
08/07/2016,DAB,FL,ASO,ES,Combined TRACON& Tower with Radar,18,8,38,0,64,0,11,24,1,36,18,19,62,1,100,12,0,12,112
08/08/2016,DAB,FL,ASO,ES,Combined TRACON& Tower with Radar,14,45,55,0,114,0,135,65,3,203,14,180,120,3,317,352,0,352,669
08/09/2016,DAB,FL,ASO,ES,Combined TRACON& Tower with Radar,14,50,63,0,127,0,180,77,0,257,14,230,140,0,384,70,0,70,454
08/10/2016,DAB,FL,ASO,ES,Combined TRACON& Tower with Radar,18,77,54,0,149,0,211,67,1,279,18,288,121,1,428,422,0,422,850
08/11/2016,DAB,FL,ASO,ES,Combined TRACON& Tower with Radar,17,85,48,3,153,0,212,89,0,301,17,297,137,3,454,289,6,295,749
08/12/2016,DAB,FL,ASO,ES,Combined TRACON& Tower with Radar,19,96,82,0,197,0,227,89,0,316,19,323,171,0,513,310,0,310,823
08/13/2016,DAB,FL,ASO,ES,Combined TRACON& Tower with Radar,22,36,48,0,106,0,143,61,0,204,22,179,109,0,310,92,0,92,402
08/14/2016,DAB,FL,ASO,ES,Combined TRACON& Tower with Radar,17,30,45,0,92,0,42,32,0,74,17,72,77,0,166,147,0,147,313
08/15/2016,DAB,FL,ASO,ES,Combined TRACON& Tower with Radar,17,100,85,0,202,0,182,90,1,273,17,282,175,1,475,752,0,752,1227
08/16/2016,DAB,FL,ASO,ES,Combined TRACON& Tower with Radar,18,66,57,0,141,0,212,88,1,301,18,278,145,1,442,481,0,481,923
08/17/2016,DAB,FL,ASO,ES,Combined TRACON& Tower with Radar,17,102,77,1,197,0,255,96,2,353,17,357,173,3,550,437,0,437,987
08/18/2016,DAB,FL,ASO,ES,Combined TRACON& Tower with Radar,20,87,77,12,196,0,187,88,0,275,20,274,165,12,471,447,0,447,918
08/19/2016,DAB,FL,ASO,ES,Combined TRACON& Tower with Radar,15,82,40,0,137,0,227,80,0,307,15,309,120,0,444,455,0,455,899
08/20/2016,DAB,FL,ASO,ES,Combined TRACON& Tower with Radar,19,36,52,0,107,0,95,61,0,156,19,131,113,0,263,193,0,193,456
08/21/2016,DAB,FL,ASO,ES,Combined TRACON& Tower with Radar,16,15,40,0,71,0,25,47,0,72,16,40,87,0,143,92,0,92,235
08/22/2016,DAB,FL,ASO,ES,Combined TRACON& Tower with Radar,16,61,57,3,137,0,227,79,5,311,16,288,136,8,448,509,0,509,957
08/23/2016,DAB,FL,ASO,ES,Combined TRACON& Tower with Radar,16,127,73,0,216,0,286,71,0,357,16,413,144,0,573,529,0,529,1102
08/24/2016,DAB,FL,ASO,ES,Combined TRACON& Tower with Radar,16,121,72,9,218,0,213,77,2,292,16,334,149,11,510,501,0,501,1011
08/25/2016,DAB,FL,ASO,ES,Combined TRACON& Tower with Radar,16,99,62,1,178,0,222,81,1,304,16,321,143,2,482,313,0,313,795
08/26/2016,DAB,FL,ASO,ES,Combined TRACON& Tower with Radar,16,82,63,9,170,0,212,80,2,294,16,294,143,11,464,479,0,479,943
08/27/2016,DAB,FL,ASO,ES,Combined TRACON& Tower with Radar,16,96,73,0,185,0,134,63,0,197,16,230,136,0,382,458,0,458,840
08/28/2016,DAB,FL,ASO,ES,Combined TRACON& Tower with Radar,16,15,33,0,64,0,10,36,0,46,16,25,69,0,110,58,0,58,168
08/29/2016,DAB,FL,ASO,ES,Combined TRACON& Tower with Radar,16,127,60,1,204,0,160,47,1,208,16,287,107,2,412,380,0,380,792
08/30/2016,DAB,FL,ASO,ES,Combined TRACON& Tower with Radar,16,98,63,0,177,0,10,17,0,27,16,108,80,0,204,129,0,129,333
08/31/2016,DAB,FL,ASO,ES,Combined TRACON& Tower with Radar,18,99,74,0,191,0,25,20,0,45,18,124,94,0,236,132,0,132,368
09/01/2016,DAB,FL,ASO,ES,Combined TRACON& Tower with Radar,15,40,63,0,118,0,153,29,0,182,15,193,92,0,300,130,0,130,430
09/02/2016,DAB,FL,ASO,ES,Combined TRACON& Tower with Radar,19,5,14,0,38,0,15,5,0,20,19,20,19,0,58,30,0,30,88
09/03/2016,DAB,FL,ASO,ES,Combined TRACON& Tower with Radar,16,90,62,0,168,0,120,23,0,143,16,210,85,0,311,109,0,109,420
09/04/2016,DAB,FL,ASO,ES,Combined TRACON& Tower with Radar,16,13,27,0,56,0,36,19,0,55,16,49,46,0,111,117,0,117,228
09/05/2016,DAB,FL,ASO,ES,Combined TRACON& Tower with Radar,16,100,51,0,167,0,183,56,2,241,16,283,107,2,408,408,0,408,816
09/06/2016,DAB,FL,ASO,ES,Combined TRACON& Tower with Radar,16,80,99,2,197,0,423,115,2,540,16,503,214,4,737,604,0,604,1341
09/07/2016,DAB,FL,ASO,ES,Combined TRACON& Tower with Radar,15,95,64,5,179,0,494,96,6,596,15,589,160,11,775,681,0,681,1456
09/08/2016,DAB,FL,ASO,ES,Combined TRACON& Tower with Radar,17,87,66,3,173,0,404,105,1,510,17,491,171,4,683,788,0,788,1471
09/09/2016,DAB,FL,ASO,ES,Combined TRACON& Tower with Radar,16,104,92,0,212,0,290,74,1,365,16,394,166,1,577,605,0,605,1182
09/10/2016,DAB,FL,ASO,ES,Combined TRACON& Tower with Radar,16,79,52,0,147,0,276,75,0,351,16,355,127,0,498,465,0,465,963
09/11/2016,DAB,FL,ASO,ES,Combined TRACON& Tower with Radar,16,12,53,8,89,0,40,71,1,112,16,52,124,9,201,191,10,201,402
09/12/2016,DAB,FL,ASO,ES,Combined TRACON& Tower with Radar,16,120,71,0,207,0,162,45,0,207,16,282,116,0,414,854,0,854,1268
09/13/2016,DAB,FL,ASO,ES,Combined TRACON& Tower with Radar,16,16,14,0,46,0,2,4,0,6,16,18,18,0,52,7,0,7,59
09/14/2016,DAB,FL,ASO,ES,Combined TRACON& Tower with Radar,16,87,50,0,153,0,147,32,2,181,16,234,82,2,334,390,0,390,724
09/15/2016,DAB,FL,ASO,ES,Combined TRACON& Tower with Radar,16,169,73,5,263,0,135,44,1,180,16,304,117,6,443,341,0,341,784
09/16/2016,DAB,FL,ASO,ES,Combined TRACON& Tower with Radar,16,205,78,6,305,0,316,89,2,407,16,521,167,8,712,669,0,669,1381
09/17/2016,DAB,FL,ASO,ES,Combined TRACON& Tower with Radar,16,200,50,1,267,0,156,52,1,209,16,356,102,2,476,519,0,519,995
09/18/2016,DAB,FL,ASO,ES,Combined TRACON& Tower with Radar,16,23,42,2,83,0,38,47,1,86,16,61,89,3,169,154,0,154,323
09/19/2016,DAB,FL,ASO,ES,Combined TRACON& Tower with Radar,16,73,59,0,148,0,339,70,1,410,16,412,129,1,558,439,0,439,997
09/20/2016,DAB,FL,ASO,ES,Combined TRACON& Tower with Radar,16,127,67,0,210,0,256,65,4,325,16,383,132,4,535,439,0,439,974
09/21/2016,DAB,FL,ASO,ES,Combined TRACON& Tower with Radar,16,150,45,2,213,0,477,95,0,572,16,627,140,2,785,708,0,708,1493
09/22/2016,DAB,FL,ASO,ES,Combined TRACON& Tower with Radar,16,109,75,0,200,0,395,95,1,491,16,504,170,1,691,555,0,555,1246
09/23/2016,DAB,FL,ASO,ES,Combined TRACON& Tower with Radar,15,114,65,0,194,0,382,86,1,469,15,496,151,1,663,771,0,771,1434
09/24/2016,DAB,FL,ASO,ES,Combined TRACON& Tower with Radar,17,75,56,0,148,0,335,78,1,414,17,410,134,1,562,534,0,534,1096
09/25/2016,DAB,FL,ASO,ES,Combined TRACON& Tower with Radar,18,22,33,0,73,0,52,71,2,125,18,74,104,2,198,64,0,64,262
09/26/2016,DAB,FL,ASO,ES,Combined TRACON& Tower with Radar,16,79,30,4,129,0,233,81,1,315,16,312,111,5,444,564,0,564,1008
09/27/2016,DAB,FL,ASO,ES,Combined TRACON& Tower with Radar,16,92,73,3,184,0,264,64,4,332,16,356,137,7,516,530,4,534,1050
09/28/2016,DAB,FL,ASO,ES,Combined TRACON& Tower with Radar,18,70,52,2,142,0,286,70,2,358,18,356,122,4,500,482,0,482,982
09/29/2016,DAB,FL,ASO,ES,Combined TRACON& Tower with Radar,18,69,56,1,144,0,340,100,2,442,18,409,156,3,586,427,0,427,1013
09/30/2016,DAB,FL,ASO,ES,Combined TRACON& Tower with Radar,18,100,62,0,180,0,231,92,0,323,18,331,154,0,503,524,0,524,1027
10/01/2016,DAB,FL,ASO,ES,Combined TRACON& Tower with Radar,18,82,42,0,142,0,227,69,2,298,18,309,111,2,440,451,0,451,891
10/02/2016,DAB,FL,ASO,ES,Combined TRACON& Tower with Radar,16,17,35,0,68,0,36,72,0,108,16,53,107,0,176,102,0,102,278
10/03/2016,DAB,FL,ASO,ES,Combined TRACON& Tower with Radar,16,126,70,1,213,0,178,82,0,260,16,304,152,1,473,607,0,607,1080
10/04/2016,DAB,FL,ASO,ES,Combined TRACON& Tower with Radar,16,191,83,2,292,0,143,78,0,221,16,334,161,2,513,450,0,450,963
10/05/2016,DAB,FL,ASO,ES,Combined TRACON& Tower with Radar,17,107,64,0,188,0,109,63,0,172,17,216,127,0,360,556,0,556,916
10/06/2016,DAB,FL,ASO,ES,Combined TRACON& Tower with Radar,7,44,12,0,63,0,0,0,0,0,7,44,12,0,63,0,0,0,63
10/07/2016,DAB,FL,ASO,ES,Combined TRACON& Tower with Radar,0,0,0,0,0,0,0,0,0,0,0,0,0,0,0,0,0,0,0
10/08/2016,DAB,FL,ASO,ES,Combined TRACON& Tower with Radar,8,0,12,0,20,0,10,23,4,37,8,10,35,4,57,0,0,0,57
10/09/2016,DAB,FL,ASO,ES,Combined TRACON& Tower with Radar,16,26,17,0,59,0,54,29,0,83,16,80,46,0,142,0,0,0,142
10/10/2016,DAB,FL,ASO,ES,Combined TRACON& Tower with Radar,16,17,29,0,62,0,29,47,3,79,16,46,76,3,141,6,0,6,147
10/11/2016,DAB,FL,ASO,ES,Combined TRACON& Tower with Radar,16,121,47,0,184,0,189,58,1,248,16,310,105,1,432,491,0,491,923
10/12/2016,DAB,FL,ASO,ES,Combined TRACON& Tower with Radar,16,103,84,0,203,0,355,84,4,443,16,458,168,4,646,439,0,439,1085
10/13/2016,DAB,FL,ASO,ES,Combined TRACON& Tower with Radar,16,92,54,11,173,0,293,95,0,388,16,385,149,11,561,460,0,460,1021
10/14/2016,DAB,FL,ASO,ES,Combined TRACON& Tower with Radar,16,101,66,1,184,0,419,76,2,497,16,520,142,3,681,618,0,618,1299
10/15/2016,DAB,FL,ASO,ES,Combined TRACON& Tower with Radar,14,88,52,0,154,0,181,41,0,222,14,269,93,0,376,569,0,569,945
10/16/2016,DAB,FL,ASO,ES,Combined TRACON& Tower with Radar,16,21,44,3,84,0,38,59,0,97,16,59,103,3,181,145,0,145,326
10/17/2016,DAB,FL,ASO,ES,Combined TRACON& Tower with Radar,16,89,66,0,171,0,380,113,1,494,16,469,179,1,665,860,0,860,1525
10/18/2016,DAB,FL,ASO,ES,Combined TRACON& Tower with Radar,16,93,34,3,146,0,451,107,2,560,16,544,141,5,706,711,0,711,1417
10/19/2016,DAB,FL,ASO,ES,Combined TRACON& Tower with Radar,18,80,56,6,160,0,439,112,1,552,18,519,168,7,712,801,0,801,1513
10/20/2016,DAB,FL,ASO,ES,Combined TRACON& Tower with Radar,16,101,53,2,172,0,396,98,0,494,16,497,151,2,666,683,0,683,1349
10/21/2016,DAB,FL,ASO,ES,Combined TRACON& Tower with Radar,16,76,67,3,162,0,274,93,4,371,16,350,160,7,533,560,0,560,1093
10/22/2016,DAB,FL,ASO,ES,Combined TRACON& Tower with Radar,16,53,45,0,114,0,279,95,0,374,16,332,140,0,488,174,0,174,662
10/23/2016,DAB,FL,ASO,ES,Combined TRACON& Tower with Radar,16,15,40,2,73,0,75,37,0,112,16,90,77,2,185,171,0,171,356
10/24/2016,DAB,FL,ASO,ES,Combined TRACON& Tower with Radar,16,69,73,1,159,0,379,109,2,490,16,448,182,3,649,628,0,628,1277
10/25/2016,DAB,FL,ASO,ES,Combined TRACON& Tower with Radar,16,100,66,4,186,0,453,123,1,577,16,553,189,5,763,654,0,654,1417
10/26/2016,DAB,FL,ASO,ES,Combined TRACON& Tower with Radar,16,90,58,2,166,0,368,101,0,469,16,458,159,2,635,686,0,686,1321
10/27/2016,DAB,FL,ASO,ES,Combined TRACON& Tower with Radar,16,84,75,5,180,0,375,93,1,469,16,459,168,6,649,471,0,471,1120
10/28/2016,DAB,FL,ASO,ES,Combined TRACON& Tower with Radar,18,96,64,5,183,0,397,86,1,484,18,493,150,6,667,464,0,464,1131
10/29/2016,DAB,FL,ASO,ES,Combined TRACON& Tower with Radar,18,60,50,0,128,0,280,66,0,346,18,340,116,0,474,333,0,333,807
10/30/2016,DAB,FL,ASO,ES,Combined TRACON& Tower with Radar,16,23,32,0,71,0,69,65,0,134,16,92,97,0,205,179,0,179,384
10/31/2016,DAB,FL,ASO,ES,Combined TRACON& Tower with Radar,14,92,48,2,156,0,369,94,4,467,14,461,142,6,623,663,0,663,1286
11/01/2016,DAB,FL,ASO,ES,Combined TRACON& Tower with Radar,16,99,60,0,175,0,388,65,0,453,16,487,125,0,628,804,0,804,1432
11/02/2016,DAB,FL,ASO,ES,Combined TRACON& Tower with Radar,16,82,58,0,156,0,357,86,1,444,16,439,144,1,600,723,0,723,1323
11/03/2016,DAB,FL,ASO,ES,Combined TRACON& Tower with Radar,16,98,61,3,178,0,399,79,0,478,16,497,140,3,656,644,0,644,1300
11/04/2016,DAB,FL,ASO,ES,Combined TRACON& Tower with Radar,16,92,56,14,178,0,375,105,8,488,16,467,161,22,666,499,6,505,1171
11/05/2016,DAB,FL,ASO,ES,Combined TRACON& Tower with Radar,14,71,42,0,127,0,235,52,4,291,14,306,94,4,418,311,0,311,729
11/06/2016,DAB,FL,ASO,ES,Combined TRACON& Tower with Radar,16,15,28,1,60,0,41,57,1,99,16,56,85,2,159,209,0,209,368
11/07/2016,DAB,FL,ASO,ES,Combined TRACON& Tower with Radar,16,67,44,0,127,0,299,75,1,375,16,366,119,1,502,412,0,412,914
11/08/2016,DAB,FL,ASO,ES,Combined TRACON& Tower with Radar,16,105,62,2,185,0,456,95,0,551,16,561,157,2,736,697,0,697,1433
11/09/2016,DAB,FL,ASO,ES,Combined TRACON& Tower with Radar,16,117,74,1,208,0,443,90,0,533,16,560,164,1,741,311,0,311,1052
11/10/2016,DAB,FL,ASO,ES,Combined TRACON& Tower with Radar,16,109,95,0,220,0,420,88,2,510,16,529,183,2,730,455,0,455,1185
11/11/2016,DAB,FL,ASO,ES,Combined TRACON& Tower with Radar,16,78,45,0,139,0,374,114,1,489,16,452,159,1,628,693,0,693,1321
11/12/2016,DAB,FL,ASO,ES,Combined TRACON& Tower with Radar,14,68,48,0,130,0,296,72,0,368,14,364,120,0,498,439,0,439,937
11/13/2016,DAB,FL,ASO,ES,Combined TRACON& Tower with Radar,16,20,49,0,85,0,31,53,0,84,16,51,102,0,169,206,0,206,375
11/14/2016,DAB,FL,ASO,ES,Combined TRACON& Tower with Radar,16,172,46,4,238,0,79,25,1,105,16,251,71,5,343,540,0,540,883
11/15/2016,DAB,FL,ASO,ES,Combined TRACON& Tower with Radar,16,116,58,0,190,0,456,112,1,569,16,572,170,1,759,743,0,743,1502
11/16/2016,DAB,FL,ASO,ES,Combined TRACON& Tower with Radar,16,118,63,3,200,0,477,131,0,608,16,595,194,3,808,572,0,572,1380
11/17/2016,DAB,FL,ASO,ES,Combined TRACON& Tower with Radar,16,112,79,1,208,0,437,121,2,560,16,549,200,3,768,712,0,712,1480
11/18/2016,DAB,FL,ASO,ES,Combined TRACON& Tower with Radar,16,93,40,2,151,0,448,106,0,554,16,541,146,2,705,540,0,540,1245
11/19/2016,DAB,FL,ASO,ES,Combined TRACON& Tower with Radar,14,72,54,0,140,0,321,106,1,428,14,393,160,1,568,538,0,538,1106
11/20/2016,DAB,FL,ASO,ES,Combined TRACON& Tower with Radar,14,13,49,0,76,0,74,85,0,159,14,87,134,0,235,49,0,49,284
11/21/2016,DAB,FL,ASO,ES,Combined TRACON& Tower with Radar,16,86,52,2,156,0,372,88,0,460,16,458,140,2,616,292,0,292,908
11/22/2016,DAB,FL,ASO,ES,Combined TRACON& Tower with Radar,16,111,60,1,188,0,408,107,3,518,16,519,167,4,706,695,0,695,1401
11/23/2016,DAB,FL,ASO,ES,Combined TRACON& Tower with Radar,16,76,60,0,152,0,297,80,1,378,16,373,140,1,530,566,0,566,1096
11/24/2016,DAB,FL,ASO,ES,Combined TRACON& Tower with Radar,13,5,9,1,28,0,0,29,0,29,13,5,38,1,57,27,0,27,84
11/25/2016,DAB,FL,ASO,ES,Combined TRACON& Tower with Radar,17,69,51,1,138,0,221,79,0,300,17,290,130,1,438,283,0,283,721
11/26/2016,DAB,FL,ASO,ES,Combined TRACON& Tower with Radar,14,53,43,0,110,0,213,61,1,275,14,266,104,1,385,122,0,122,507
11/27/2016,DAB,FL,ASO,ES,Combined TRACON& Tower with Radar,20,24,72,0,116,0,64,64,0,128,20,88,136,0,244,239,0,239,483
11/28/2016,DAB,FL,ASO,ES,Combined TRACON& Tower with Radar,19,85,51,0,155,0,291,65,0,356,19,376,116,0,511,134,0,134,645
11/29/2016,DAB,FL,ASO,ES,Combined TRACON& Tower with Radar,17,76,34,0,127,0,322,98,2,422,17,398,132,2,549,154,0,154,703
11/30/2016,DAB,FL,ASO,ES,Combined TRACON& Tower with Radar,15,116,55,0,186,0,281,76,2,359,15,397,131,2,545,207,0,207,752
12/01/2016,DAB,FL,ASO,ES,Combined TRACON& Tower with Radar,17,109,81,1,208,0,80,36,0,116,17,189,117,1,324,176,0,176,500
12/02/2016,DAB,FL,ASO,ES,Combined TRACON& Tower with Radar,16,120,75,6,217,0,444,134,6,584,16,564,209,12,801,440,0,440,1241
12/03/2016,DAB,FL,ASO,ES,Combined TRACON& Tower with Radar,14,81,76,1,172,0,340,114,1,455,14,421,190,2,627,644,0,644,1271
12/04/2016,DAB,FL,ASO,ES,Combined TRACON& Tower with Radar,13,42,82,0,137,0,52,81,0,133,13,94,163,0,270,34,0,34,304
12/05/2016,DAB,FL,ASO,ES,Combined TRACON& Tower with Radar,17,78,54,0,149,0,265,90,2,357,17,343,144,2,506,608,0,608,1114
12/06/2016,DAB,FL,ASO,ES,Combined TRACON& Tower with Radar,16,69,38,0,123,0,81,37,1,119,16,150,75,1,242,121,0,121,363
12/07/2016,DAB,FL,ASO,ES,Combined TRACON& Tower with Radar,16,100,53,7,176,0,331,89,4,424,16,431,142,11,600,522,0,522,1122
12/08/2016,DAB,FL,ASO,ES,Combined TRACON& Tower with Radar,16,92,54,0,162,0,380,107,1,488,16,472,161,1,650,639,0,639,1289
12/09/2016,DAB,FL,ASO,ES,Combined TRACON& Tower with Radar,16,90,38,0,144,0,354,114,0,468,16,444,152,0,612,30,0,30,642
12/10/2016,DAB,FL,ASO,ES,Combined TRACON& Tower with Radar,14,80,42,1,137,0,220,75,1,296,14,300,117,2,433,325,0,325,758
12/11/2016,DAB,FL,ASO,ES,Combined TRACON& Tower with Radar,14,21,50,1,86,0,90,77,2,169,14,111,127,3,255,217,0,217,472
12/12/2016,DAB,FL,ASO,ES,Combined TRACON& Tower with Radar,16,104,58,3,181,0,153,67,0,220,16,257,125,3,401,595,0,595,996
12/13/2016,DAB,FL,ASO,ES,Combined TRACON& Tower with Radar,18,90,68,10,186,0,283,118,7,408,18,373,186,17,594,531,0,531,1125
12/14/2016,DAB,FL,ASO,ES,Combined TRACON& Tower with Radar,17,99,72,6,194,0,286,122,2,410,17,385,194,8,604,440,0,440,1044
12/15/2016,DAB,FL,ASO,ES,Combined TRACON& Tower with Radar,21,97,59,0,177,0,188,90,0,278,21,285,149,0,455,281,0,281,736
12/16/2016,DAB,FL,ASO,ES,Combined TRACON& Tower with Radar,18,74,49,2,143,0,307,97,0,404,18,381,146,2,547,412,14,426,973
12/17/2016,DAB,FL,ASO,ES,Combined TRACON& Tower with Radar,21,43,62,1,127,0,167,78,0,245,21,210,140,1,372,39,0,39,411
12/18/2016,DAB,FL,ASO,ES,Combined TRACON& Tower with Radar,24,39,40,0,103,0,21,17,0,38,24,60,57,0,141,103,0,103,244
12/19/2016,DAB,FL,ASO,ES,Combined TRACON& Tower with Radar,20,66,78,2,166,0,40,39,1,80,20,106,117,3,246,307,0,307,553
12/20/2016,DAB,FL,ASO,ES,Combined TRACON& Tower with Radar,20,18,59,3,100,0,0,0,0,0,20,18,59,3,100,0,0,0,100
12/21/2016,DAB,FL,ASO,ES,Combined TRACON& Tower with Radar,20,122,55,0,197,0,28,13,0,41,20,150,68,0,238,0,0,0,238
12/22/2016,DAB,FL,ASO,ES,Combined TRACON& Tower with Radar,20,43,37,0,100,0,169,77,0,246,20,212,114,0,346,97,0,97,443
12/23/2016,DAB,FL,ASO,ES,Combined TRACON& Tower with Radar,20,29,41,0,90,0,60,53,0,113,20,89,94,0,203,26,0,26,229
12/24/2016,DAB,FL,ASO,ES,Combined TRACON& Tower with Radar,20,14,24,0,58,0,32,26,0,58,20,46,50,0,116,62,0,62,178
12/25/2016,DAB,FL,ASO,ES,Combined TRACON& Tower with Radar,16,2,5,0,23,0,0,2,0,2,16,2,7,0,25,0,0,0,25
12/26/2016,DAB,FL,ASO,ES,Combined TRACON& Tower with Radar,19,19,58,0,96,0,44,31,0,75,19,63,89,0,171,28,0,28,199
12/27/2016,DAB,FL,ASO,ES,Combined TRACON& Tower with Radar,18,16,38,0,72,0,17,17,0,34,18,33,55,0,106,31,0,31,137
12/28/2016,DAB,FL,ASO,ES,Combined TRACON& Tower with Radar,21,22,42,0,85,0,48,66,1,115,21,70,108,1,200,210,0,210,410
12/29/2016,DAB,FL,ASO,ES,Combined TRACON& Tower with Radar,20,12,56,1,89,0,33,94,2,129,20,45,150,3,218,193,0,193,411
12/30/2016,DAB,FL,ASO,ES,Combined TRACON& Tower with Radar,20,25,49,0,94,0,39,66,0,105,20,64,115,0,199,3,0,3,202
12/31/2016,DAB,FL,ASO,ES,Combined TRACON& Tower with Radar,16,11,40,0,67,0,35,51,0,86,16,46,91,0,153,112,0,112,265
01/01/2017,DAB,FL,ASO,ES,Combined TRACON& Tower with Radar,18,5,28,0,51,0,2,31,0,33,18,7,59,0,84,56,0,56,140
01/02/2017,DAB,FL,ASO,ES,Combined TRACON& Tower with Radar,18,24,62,0,104,0,26,59,0,85,18,50,121,0,189,117,0,117,306
01/03/2017,DAB,FL,ASO,ES,Combined TRACON& Tower with Radar,19,42,57,0,118,0,37,44,0,81,19,79,101,0,199,372,0,372,571
01/04/2017,DAB,FL,ASO,ES,Combined TRACON& Tower with Radar,18,61,70,0,149,0,199,85,0,284,18,260,155,0,433,454,0,454,887
01/05/2017,DAB,FL,ASO,ES,Combined TRACON& Tower with Radar,18,65,68,1,152,0,283,121,2,406,18,348,189,3,558,551,0,551,1109
01/06/2017,DAB,FL,ASO,ES,Combined TRACON& Tower with Radar,17,72,55,8,152,0,243,77,5,325,17,315,132,13,477,495,0,495,972
01/07/2017,DAB,FL,ASO,ES,Combined TRACON& Tower with Radar,10,45,18,0,73,0,2,6,1,9,10,47,24,1,82,0,0,0,82
01/08/2017,DAB,FL,ASO,ES,Combined TRACON& Tower with Radar,15,17,43,4,79,0,29,42,2,73,15,46,85,6,152,30,0,30,182
01/09/2017,DAB,FL,ASO,ES,Combined TRACON& Tower with Radar,18,102,40,0,160,0,349,74,0,423,18,451,114,0,583,233,0,233,816
01/10/2017,DAB,FL,ASO,ES,Combined TRACON& Tower with Radar,16,122,34,0,172,0,331,75,0,406,16,453,109,0,578,624,0,624,1202
01/11/2017,DAB,FL,ASO,ES,Combined TRACON& Tower with Radar,16,69,57,1,143,0,315,82,0,397,16,384,139,1,540,727,0,727,1267
01/12/2017,DAB,FL,ASO,ES,Combined TRACON& Tower with Radar,18,73,51,2,144,0,341,88,0,429,18,414,139,2,573,574,0,574,1147
01/13/2017,DAB,FL,ASO,ES,Combined TRACON& Tower with Radar,16,118,79,2,215,0,292,65,0,357,16,410,144,2,572,506,0,506,1078
01/14/2017,DAB,FL,ASO,ES,Combined TRACON& Tower with Radar,12,84,53,0,149,0,306,67,0,373,12,390,120,0,522,532,0,532,1054
01/15/2017,DAB,FL,ASO,ES,Combined TRACON& Tower with Radar,16,12,51,1,80,0,49,57,0,106,16,61,108,1,186,232,0,232,418
01/16/2017,DAB,FL,ASO,ES,Combined TRACON& Tower with Radar,16,62,56,3,137,0,276,116,0,392,16,338,172,3,529,392,0,392,921
01/17/2017,DAB,FL,ASO,ES,Combined TRACON& Tower with Radar,16,83,57,1,157,0,345,96,3,444,16,428,153,4,601,328,0,328,929
01/18/2017,DAB,FL,ASO,ES,Combined TRACON& Tower with Radar,16,69,49,7,141,0,366,93,3,462,16,435,142,10,603,636,0,636,1239
01/19/2017,DAB,FL,ASO,ES,Combined TRACON& Tower with Radar,15,116,58,3,192,0,147,48,0,195,15,263,106,3,387,317,0,317,704
01/20/2017,DAB,FL,ASO,ES,Combined TRACON& Tower with Radar,17,82,55,3,157,0,358,87,13,458,17,440,142,16,615,461,0,461,1076
01/21/2017,DAB,FL,ASO,ES,Combined TRACON& Tower with Radar,12,71,38,4,125,0,251,84,1,336,12,322,122,5,461,554,0,554,1015
01/22/2017,DAB,FL,ASO,ES,Combined TRACON& Tower with Radar,17,17,25,0,59,0,3,5,0,8,17,20,30,0,67,27,0,27,94
01/23/2017,DAB,FL,ASO,ES,Combined TRACON& Tower with Radar,19,18,24,6,67,0,61,11,2,74,19,79,35,8,141,121,0,121,262
01/24/2017,DAB,FL,ASO,ES,Combined TRACON& Tower with Radar,16,96,68,1,181,0,365,109,1,475,16,461,177,2,656,533,0,533,1189
01/25/2017,DAB,FL,ASO,ES,Combined TRACON& Tower with Radar,16,115,82,1,214,0,350,129,1,480,16,465,211,2,694,722,0,722,1416
01/26/2017,DAB,FL,ASO,ES,Combined TRACON& Tower with Radar,16,97,75,1,189,0,80,43,1,124,16,177,118,2,313,346,0,346,659
01/27/2017,DAB,FL,ASO,ES,Combined TRACON& Tower with Radar,16,82,86,0,184,0,461,122,2,585,16,543,208,2,769,350,0,350,1119
01/28/2017,DAB,FL,ASO,ES,Combined TRACON& Tower with Radar,13,42,82,0,137,0,51,81,0,132,13,93,163,0,269,530,0,530,799
01/29/2017,DAB,FL,ASO,ES,Combined TRACON& Tower with Radar,15,29,73,0,117,0,66,46,0,112,15,95,119,0,229,234,0,234,463
01/30/2017,DAB,FL,ASO,ES,Combined TRACON& Tower with Radar,17,72,50,2,141,0,372,71,1,444,17,444,121,3,585,148,0,148,733
01/31/2017,DAB,FL,ASO,ES,Combined TRACON& Tower with Radar,16,107,42,4,169,0,459,88,2,549,16,566,130,6,718,747,0,747,1465
02/01/2017,DAB,FL,ASO,ES,Combined TRACON& Tower with Radar,16,101,67,2,186,0,471,110,1,582,16,572,177,3,768,677,0,677,1445
02/02/2017,DAB,FL,ASO,ES,Combined TRACON& Tower with Radar,16,80,32,0,128,0,426,89,1,516,16,506,121,1,644,657,0,657,1301
02/03/2017,DAB,FL,ASO,ES,Combined TRACON& Tower with Radar,16,99,57,0,172,0,418,102,2,522,16,517,159,2,694,698,0,698,1392
02/04/2017,DAB,FL,ASO,ES,Combined TRACON& Tower with Radar,12,140,21,5,178,0,19,16,3,38,12,159,37,8,216,216,0,216,432
02/05/2017,DAB,FL,ASO,ES,Combined TRACON& Tower with Radar,14,17,44,0,75,0,0,20,1,21,14,17,64,1,96,18,0,18,114
02/06/2017,DAB,FL,ASO,ES,Combined TRACON& Tower with Radar,16,92,54,4,166,0,337,86,0,423,16,429,140,4,589,507,0,507,1096
02/07/2017,DAB,FL,ASO,ES,Combined TRACON& Tower with Radar,16,54,47,2,119,0,353,104,5,462,16,407,151,7,581,201,0,201,782
02/08/2017,DAB,FL,ASO,ES,Combined TRACON& Tower with Radar,16,82,54,7,159,0,249,98,0,347,16,331,152,7,506,644,0,644,1150
02/09/2017,DAB,FL,ASO,ES,Combined TRACON& Tower with Radar,15,79,46,0,140,0,210,89,1,300,15,289,135,1,440,443,0,443,883
02/10/2017,DAB,FL,ASO,ES,Combined TRACON& Tower with Radar,17,89,57,13,176,0,413,120,2,535,17,502,177,15,711,495,0,495,1206
02/11/2017,DAB,FL,ASO,ES,Combined TRACON& Tower with Radar,12,70,41,0,123,0,342,80,0,422,12,412,121,0,545,578,0,578,1123
02/12/2017,DAB,FL,ASO,ES,Combined TRACON& Tower with Radar,14,15,36,2,67,0,61,78,2,141,14,76,114,4,208,184,0,184,392
02/13/2017,DAB,FL,ASO,ES,Combined TRACON& Tower with Radar,16,105,78,1,200,0,114,45,3,162,16,219,123,4,362,70,0,70,432
02/14/2017,DAB,FL,ASO,ES,Combined TRACON& Tower with Radar,16,103,58,5,182,0,425,80,4,509,16,528,138,9,691,527,0,527,1218
02/15/2017,DAB,FL,ASO,ES,Combined TRACON& Tower with Radar,16,36,66,0,118,0,25,15,3,43,16,61,81,3,161,117,0,117,278
02/16/2017,DAB,FL,ASO,ES,Combined TRACON& Tower with Radar,18,104,65,0,187,0,457,121,6,584,18,561,186,6,771,220,0,220,991
02/17/2017,DAB,FL,ASO,ES,Combined TRACON& Tower with Radar,22,93,104,3,222,0,453,108,2,563,22,546,212,5,785,724,0,724,1509
02/18/2017,DAB,FL,ASO,ES,Combined TRACON& Tower with Radar,15,68,59,0,142,0,235,48,0,283,15,303,107,0,425,97,0,97,522
02/19/2017,DAB,FL,ASO,ES,Combined TRACON& Tower with Radar,18,18,86,5,127,0,13,49,5,67,18,31,135,10,194,142,0,142,336
02/20/2017,DAB,FL,ASO,ES,Combined TRACON& Tower with Radar,22,63,77,3,165,0,282,124,4,410,22,345,201,7,575,520,0,520,1095
02/21/2017,DAB,FL,ASO,ES,Combined TRACON& Tower with Radar,20,98,68,2,188,0,348,81,4,433,20,446,149,6,621,329,0,329,950
02/22/2017,DAB,FL,ASO,ES,Combined TRACON& Tower with Radar,22,71,87,0,180,0,53,9,0,62,22,124,96,0,242,12,0,12,254
02/23/2017,DAB,FL,ASO,ES,Combined TRACON& Tower with Radar,24,88,114,2,228,0,14,7,3,24,24,102,121,5,252,97,0,97,349
02/24/2017,DAB,FL,ASO,ES,Combined TRACON& Tower with Radar,22,116,118,5,261,0,296,111,3,410,22,412,229,8,671,557,0,557,1228
02/25/2017,DAB,FL,ASO,ES,Combined TRACON& Tower with Radar,20,66,88,2,176,0,105,69,4,178,20,171,157,6,354,156,0,156,510
02/26/2017,DAB,FL,ASO,ES,Combined TRACON& Tower with Radar,29,71,249,1,350,0,27,94,10,131,29,98,343,11,481,68,0,68,549
02/27/2017,DAB,FL,ASO,ES,Combined TRACON& Tower with Radar,25,73,76,11,185,0,287,107,1,395,25,360,183,12,580,122,0,122,702
02/28/2017,DAB,FL,ASO,ES,Combined TRACON& Tower with Radar,20,116,57,1,194,0,314,91,2,407,20,430,148,3,601,434,0,434,1035
03/01/2017,DAB,FL,ASO,ES,Combined TRACON& Tower with Radar,20,93,56,3,172,0,482,115,1,598,20,575,171,4,770,524,0,524,1294
03/02/2017,DAB,FL,ASO,ES,Combined TRACON& Tower with Radar,20,113,69,0,202,0,59,25,2,86,20,172,94,2,288,234,0,234,522
03/03/2017,DAB,FL,ASO,ES,Combined TRACON& Tower with Radar,22,92,40,2,156,0,199,90,2,291,22,291,130,4,447,200,0,200,647
03/04/2017,DAB,FL,ASO,ES,Combined TRACON& Tower with Radar,16,68,57,0,141,0,244,75,5,324,16,312,132,5,465,458,0,458,923
03/05/2017,DAB,FL,ASO,ES,Combined TRACON& Tower with Radar,20,10,32,0,62,0,47,41,0,88,20,57,73,0,150,317,0,317,467
03/06/2017,DAB,FL,ASO,ES,Combined TRACON& Tower with Radar,22,84,59,0,165,0,282,79,0,361,22,366,138,0,526,350,0,350,876
03/07/2017,DAB,FL,ASO,ES,Combined TRACON& Tower with Radar,20,89,62,1,172,0,423,113,0,536,20,512,175,1,708,192,0,192,900
03/08/2017,DAB,FL,ASO,ES,Combined TRACON& Tower with Radar,19,89,64,0,172,0,421,129,0,550,19,510,193,0,722,595,0,595,1317
03/09/2017,DAB,FL,ASO,ES,Combined TRACON& Tower with Radar,21,92,60,1,174,0,426,118,1,545,21,518,178,2,719,700,0,700,1419
03/10/2017,DAB,FL,ASO,ES,Combined TRACON& Tower with Radar,20,62,61,0,143,0,378,108,2,488,20,440,169,2,631,760,0,760,1391
03/11/2017,DAB,FL,ASO,ES,Combined TRACON& Tower with Radar,18,57,73,0,148,0,239,100,2,341,18,296,173,2,489,359,0,359,848
03/12/2017,DAB,FL,ASO,ES,Combined TRACON& Tower with Radar,20,10,43,0,73,0,30,36,1,67,20,40,79,1,140,121,0,121,261
03/13/2017,DAB,FL,ASO,ES,Combined TRACON& Tower with Radar,20,65,66,0,151,0,48,44,0,92,20,113,110,0,243,296,0,296,539
03/14/2017,DAB,FL,ASO,ES,Combined TRACON& Tower with Radar,18,91,69,3,181,0,102,59,6,167,18,193,128,9,348,208,0,208,556
03/15/2017,DAB,FL,ASO,ES,Combined TRACON& Tower with Radar,22,52,63,0,137,0,331,113,4,448,22,383,176,4,585,348,0,348,933
03/16/2017,DAB,FL,ASO,ES,Combined TRACON& Tower with Radar,20,74,72,0,166,0,403,127,2,532,20,477,199,2,698,339,0,339,1037
03/17/2017,DAB,FL,ASO,ES,Combined TRACON& Tower with Radar,20,72,64,3,159,0,346,115,0,461,20,418,179,3,620,595,0,595,1215
03/18/2017,DAB,FL,ASO,ES,Combined TRACON& Tower with Radar,18,36,43,0,97,0,214,69,0,283,18,250,112,0,380,418,0,418,798
03/19/2017,DAB,FL,ASO,ES,Combined TRACON& Tower with Radar,20,25,43,2,90,0,33,47,2,82,20,58,90,4,172,66,0,66,238
03/20/2017,DAB,FL,ASO,ES,Combined TRACON& Tower with Radar,22,79,54,0,155,0,355,111,2,468,22,434,165,2,623,701,0,701,1324
03/21/2017,DAB,FL,ASO,ES,Combined TRACON& Tower with Radar,20,67,46,3,136,0,431,102,1,534,20,498,148,4,670,691,0,691,1361
03/22/2017,DAB,FL,ASO,ES,Combined TRACON& Tower with Radar,20,88,61,2,171,0,272,92,2,366,20,360,153,4,537,435,0,435,972
03/23/2017,DAB,FL,ASO,ES,Combined TRACON& Tower with Radar,20,55,60,1,136,0,82,31,1,114,20,137,91,2,250,335,0,335,585
03/24/2017,DAB,FL,ASO,ES,Combined TRACON& Tower with Radar,20,88,71,2,181,0,276,91,3,370,20,364,162,5,551,754,0,754,1305
03/25/2017,DAB,FL,ASO,ES,Combined TRACON& Tower with Radar,18,60,65,0,143,0,258,79,0,337,18,318,144,0,480,256,0,256,736
03/26/2017,DAB,FL,ASO,ES,Combined TRACON& Tower with Radar,20,16,36,0,72,0,107,74,1,182,20,123,110,1,254,302,0,302,556
03/27/2017,DAB,FL,ASO,ES,Combined TRACON& Tower with Radar,20,78,93,2,193,0,401,127,4,532,20,479,220,6,725,774,0,774,1499
03/28/2017,DAB,FL,ASO,ES,Combined TRACON& Tower with Radar,22,105,52,0,179,0,417,94,0,511,22,522,146,0,690,772,0,772,1462
03/29/2017,DAB,FL,ASO,ES,Combined TRACON& Tower with Radar,20,101,74,3,198,0,407,84,1,492,20,508,158,4,690,738,0,738,1428
03/30/2017,DAB,FL,ASO,ES,Combined TRACON& Tower with Radar,19,70,66,3,158,0,401,128,0,529,19,471,194,3,687,244,0,244,931
03/31/2017,DAB,FL,ASO,ES,Combined TRACON& Tower with Radar,22,68,46,0,136,0,195,59,1,255,22,263,105,1,391,254,0,254,645
04/01/2017,DAB,FL,ASO,ES,Combined TRACON& Tower with Radar,17,69,65,0,151,0,294,97,0,391,17,363,162,0,542,552,0,552,1094
04/02/2017,DAB,FL,ASO,ES,Combined TRACON& Tower with Radar,20,36,40,0,96,0,118,64,0,182,20,154,104,0,278,129,0,129,407
04/03/2017,DAB,FL,ASO,ES,Combined TRACON& Tower with Radar,15,80,34,0,129,0,157,67,0,224,15,237,101,0,353,14,0,14,367
04/04/2017,DAB,FL,ASO,ES,Combined TRACON& Tower with Radar,22,22,17,0,61,0,16,10,2,28,22,38,27,2,89,51,0,51,140
04/05/2017,DAB,FL,ASO,ES,Combined TRACON& Tower with Radar,13,75,48,0,136,0,361,125,4,490,13,436,173,4,626,558,0,558,1184
04/06/2017,DAB,FL,ASO,ES,Combined TRACON& Tower with Radar,14,81,64,0,159,0,162,85,0,247,14,243,149,0,406,464,0,464,870
04/07/2017,DAB,FL,ASO,ES,Combined TRACON& Tower with Radar,15,77,51,5,148,0,332,128,1,461,15,409,179,6,609,138,0,138,747
04/08/2017,DAB,FL,ASO,ES,Combined TRACON& Tower with Radar,18,65,56,1,140,0,345,81,3,429,18,410,137,4,569,690,0,690,1259
04/09/2017,DAB,FL,ASO,ES,Combined TRACON& Tower with Radar,21,41,44,2,108,0,92,67,5,164,21,133,111,7,272,197,0,197,469
04/10/2017,DAB,FL,ASO,ES,Combined TRACON& Tower with Radar,20,100,73,4,197,0,394,143,4,541,20,494,216,8,738,776,0,776,1514
04/11/2017,DAB,FL,ASO,ES,Combined TRACON& Tower with Radar,22,121,46,0,189,0,474,132,0,606,22,595,178,0,795,726,0,726,1521
04/12/2017,DAB,FL,ASO,ES,Combined TRACON& Tower with Radar,20,101,87,1,209,0,423,128,3,554,20,524,215,4,763,686,0,686,1449
04/13/2017,DAB,FL,ASO,ES,Combined TRACON& Tower with Radar,20,86,69,2,177,0,361,129,2,492,20,447,198,4,669,730,0,730,1399
04/14/2017,DAB,FL,ASO,ES,Combined TRACON& Tower with Radar,20,94,66,1,181,0,329,106,0,435,20,423,172,1,616,764,0,764,1380
04/15/2017,DAB,FL,ASO,ES,Combined TRACON& Tower with Radar,16,68,56,0,140,0,209,62,0,271,16,277,118,0,411,202,0,202,613
04/16/2017,DAB,FL,ASO,ES,Combined TRACON& Tower with Radar,18,17,34,0,69,0,49,56,1,106,18,66,90,1,175,188,0,188,363
04/17/2017,DAB,FL,ASO,ES,Combined TRACON& Tower with Radar,20,84,70,0,174,0,368,111,0,479,20,452,181,0,653,682,0,682,1335
04/18/2017,DAB,FL,ASO,ES,Combined TRACON& Tower with Radar,20,109,69,2,200,0,415,126,1,542,20,524,195,3,742,622,0,622,1364
04/19/2017,DAB,FL,ASO,ES,Combined TRACON& Tower with Radar,20,94,73,0,187,0,358,135,2,495,20,452,208,2,682,789,0,789,1471
04/20/2017,DAB,FL,ASO,ES,Combined TRACON& Tower with Radar,20,96,61,1,178,0,359,84,6,449,20,455,145,7,627,770,0,770,1397
04/21/2017,DAB,FL,ASO,ES,Combined TRACON& Tower with Radar,20,95,58,7,180,0,330,101,3,434,20,425,159,10,614,652,0,652,1266
04/22/2017,DAB,FL,ASO,ES,Combined TRACON& Tower with Radar,18,78,47,0,143,0,207,49,1,257,18,285,96,1,400,465,0,465,865
04/23/2017,DAB,FL,ASO,ES,Combined TRACON& Tower with Radar,20,26,47,17,110,0,67,59,2,128,20,93,106,19,238,171,0,171,409
04/24/2017,DAB,FL,ASO,ES,Combined TRACON& Tower with Radar,20,86,64,0,170,0,136,48,4,188,20,222,112,4,358,481,0,481,839
04/25/2017,DAB,FL,ASO,ES,Combined TRACON& Tower with Radar,20,88,56,4,168,0,340,99,0,439,20,428,155,4,607,786,0,786,1393
04/26/2017,DAB,FL,ASO,ES,Combined TRACON& Tower with Radar,19,80,55,2,156,0,384,116,0,500,19,464,171,2,656,533,0,533,1189
04/27/2017,DAB,FL,ASO,ES,Combined TRACON& Tower with Radar,18,96,59,0,173,0,340,97,1,438,18,436,156,1,611,412,0,412,1023
04/28/2017,DAB,FL,ASO,ES,Combined TRACON& Tower with Radar,21,118,82,0,221,0,281,109,0,390,21,399,191,0,611,262,0,262,873
04/29/2017,DAB,FL,ASO,ES,Combined TRACON& Tower with Radar,18,77,54,0,149,0,127,68,0,195,18,204,122,0,344,90,0,90,434
04/30/2017,DAB,FL,ASO,ES,Combined TRACON& Tower with Radar,19,27,49,2,97,0,16,40,0,56,19,43,89,2,153,199,0,199,352
05/01/2017,DAB,FL,ASO,ES,Combined TRACON& Tower with Radar,21,60,58,2,141,0,157,70,3,230,21,217,128,5,371,67,0,67,438
05/02/2017,DAB,FL,ASO,ES,Combined TRACON& Tower with Radar,20,80,63,0,163,0,184,91,2,277,20,264,154,2,440,381,0,381,821
05/03/2017,DAB,FL,ASO,ES,Combined TRACON& Tower with Radar,22,87,82,0,191,0,374,152,0,526,22,461,234,0,717,744,0,744,1461
05/04/2017,DAB,FL,ASO,ES,Combined TRACON& Tower with Radar,19,57,60,3,139,0,170,78,2,250,19,227,138,5,389,102,0,102,491
05/05/2017,DAB,FL,ASO,ES,Combined TRACON& Tower with Radar,21,52,49,13,135,0,94,43,4,141,21,146,92,17,276,217,0,217,493
05/06/2017,DAB,FL,ASO,ES,Combined TRACON& Tower with Radar,18,32,42,3,95,0,109,68,3,180,18,141,110,6,275,154,0,154,429
05/07/2017,DAB,FL,ASO,ES,Combined TRACON& Tower with Radar,20,14,48,1,83,0,118,76,2,196,20,132,124,3,279,143,0,143,422
05/08/2017,DAB,FL,ASO,ES,Combined TRACON& Tower with Radar,20,65,72,0,157,0,318,98,1,417,20,383,170,1,574,530,0,530,1104
05/09/2017,DAB,FL,ASO,ES,Combined TRACON& Tower with Radar,20,62,55,0,137,0,390,102,6,498,20,452,157,6,635,809,0,809,1444
05/10/2017,DAB,FL,ASO,ES,Combined TRACON& Tower with Radar,19,96,57,0,172,0,374,108,0,482,19,470,165,0,654,806,0,806,1460
05/11/2017,DAB,FL,ASO,ES,Combined TRACON& Tower with Radar,21,66,63,4,154,0,363,120,0,483,21,429,183,4,637,583,0,583,1220
05/12/2017,DAB,FL,ASO,ES,Combined TRACON& Tower with Radar,20,66,44,3,133,0,317,75,1,393,20,383,119,4,526,558,0,558,1084
05/13/2017,DAB,FL,ASO,ES,Combined TRACON& Tower with Radar,16,35,30,0,81,0,94,25,0,119,16,129,55,0,200,260,0,260,460
05/14/2017,DAB,FL,ASO,ES,Combined TRACON& Tower with Radar,17,43,48,0,108,0,28,46,0,74,17,71,94,0,182,308,0,308,490
05/15/2017,DAB,FL,ASO,ES,Combined TRACON& Tower with Radar,19,102,72,2,195,0,301,113,1,415,19,403,185,3,610,752,0,752,1362
05/16/2017,DAB,FL,ASO,ES,Combined TRACON& Tower with Radar,20,104,85,2,211,0,334,111,0,445,20,438,196,2,656,772,0,772,1428
05/17/2017,DAB,FL,ASO,ES,Combined TRACON& Tower with Radar,20,98,72,2,192,0,317,111,3,431,20,415,183,5,623,674,0,674,1297
05/18/2017,DAB,FL,ASO,ES,Combined TRACON& Tower with Radar,20,94,74,0,188,0,326,117,0,443,20,420,191,0,631,373,0,373,1004
05/19/2017,DAB,FL,ASO,ES,Combined TRACON& Tower with Radar,18,131,69,0,218,0,122,63,0,185,18,253,132,0,403,482,0,482,885
05/20/2017,DAB,FL,ASO,ES,Combined TRACON& Tower with Radar,18,79,49,3,149,0,143,58,2,203,18,222,107,5,352,365,0,365,717
05/21/2017,DAB,FL,ASO,ES,Combined TRACON& Tower with Radar,20,41,46,6,113,0,76,47,5,128,20,117,93,11,241,219,0,219,460
05/22/2017,DAB,FL,ASO,ES,Combined TRACON& Tower with Radar,18,48,65,2,133,0,251,71,1,323,18,299,136,3,456,347,0,347,803
05/23/2017,DAB,FL,ASO,ES,Combined TRACON& Tower with Radar,22,88,76,2,188,0,170,62,4,236,22,258,138,6,424,396,0,396,820
05/24/2017,DAB,FL,ASO,ES,Combined TRACON& Tower with Radar,18,39,31,0,88,0,37,13,0,50,18,76,44,0,138,152,0,152,290
05/25/2017,DAB,FL,ASO,ES,Combined TRACON& Tower with Radar,23,100,93,2,218,0,340,101,0,441,23,440,194,2,659,523,0,523,1182
05/26/2017,DAB,FL,ASO,ES,Combined TRACON& Tower with Radar,20,105,93,0,218,0,446,123,1,570,20,551,216,1,788,827,0,827,1615
05/27/2017,DAB,FL,ASO,ES,Combined TRACON& Tower with Radar,18,76,44,0,138,0,303,81,1,385,18,379,125,1,523,390,0,390,913
05/28/2017,DAB,FL,ASO,ES,Combined TRACON& Tower with Radar,18,16,29,0,63,0,70,70,0,140,18,86,99,0,203,267,0,267,470
05/29/2017,DAB,FL,ASO,ES,Combined TRACON& Tower with Radar,20,65,64,0,149,0,207,64,0,271,20,272,128,0,420,463,0,463,883
05/30/2017,DAB,FL,ASO,ES,Combined TRACON& Tower with Radar,18,85,59,1,163,0,248,87,1,336,18,333,146,2,499,272,0,272,771
05/31/2017,DAB,FL,ASO,ES,Combined TRACON& Tower with Radar,18,63,53,1,135,0,297,88,6,391,18,360,141,7,526,564,0,564,1090
06/01/2017,DAB,FL,ASO,ES,Combined TRACON& Tower with Radar,21,81,59,1,162,0,183,59,1,243,21,264,118,2,405,238,0,238,643
06/02/2017,DAB,FL,ASO,ES,Combined TRACON& Tower with Radar,18,122,68,0,208,0,177,49,0,226,18,299,117,0,434,530,0,530,964
06/03/2017,DAB,FL,ASO,ES,Combined TRACON& Tower with Radar,17,118,49,0,184,0,160,46,1,207,17,278,95,1,391,437,0,437,828
06/04/2017,DAB,FL,ASO,ES,Combined TRACON& Tower with Radar,19,42,56,0,117,0,32,31,0,63,19,74,87,0,180,126,0,126,306
06/05/2017,DAB,FL,ASO,ES,Combined TRACON& Tower with Radar,18,66,59,0,143,0,168,62,0,230,18,234,121,0,373,544,0,544,917
06/06/2017,DAB,FL,ASO,ES,Combined TRACON& Tower with Radar,21,90,55,1,167,0,44,16,0,60,21,134,71,1,227,26,0,26,253
06/07/2017,DAB,FL,ASO,ES,Combined TRACON& Tower with Radar,18,99,64,1,182,0,4,3,0,7,18,103,67,1,189,0,0,0,189
06/08/2017,DAB,FL,ASO,ES,Combined TRACON& Tower with Radar,18,182,82,1,283,0,22,6,0,28,18,204,88,1,311,129,0,129,440
06/09/2017,DAB,FL,ASO,ES,Combined TRACON& Tower with Radar,20,142,65,0,227,0,439,106,1,546,20,581,171,1,773,874,0,874,1647
06/10/2017,DAB,FL,ASO,ES,Combined TRACON& Tower with Radar,15,120,72,0,207,0,170,54,0,224,15,290,126,0,431,383,0,383,814
06/11/2017,DAB,FL,ASO,ES,Combined TRACON& Tower with Radar,20,32,50,0,102,0,51,83,2,136,20,83,133,2,238,213,0,213,451
06/12/2017,DAB,FL,ASO,ES,Combined TRACON& Tower with Radar,18,124,53,0,195,0,158,47,0,205,18,282,100,0,400,366,0,366,766
06/13/2017,DAB,FL,ASO,ES,Combined TRACON& Tower with Radar,20,154,83,0,257,0,127,40,2,169,20,281,123,2,426,149,0,149,575
06/14/2017,DAB,FL,ASO,ES,Combined TRACON& Tower with Radar,17,148,63,2,230,0,288,90,1,379,17,436,153,3,609,670,0,670,1279
06/15/2017,DAB,FL,ASO,ES,Combined TRACON& Tower with Radar,18,76,60,0,154,0,303,91,0,394,18,379,151,0,548,841,0,841,1389
06/16/2017,DAB,FL,ASO,ES,Combined TRACON& Tower with Radar,16,100,67,2,185,0,243,96,1,340,16,343,163,3,525,625,0,625,1150
06/17/2017,DAB,FL,ASO,ES,Combined TRACON& Tower with Radar,16,60,88,0,164,0,189,74,2,265,16,249,162,2,429,464,0,464,893
06/18/2017,DAB,FL,ASO,ES,Combined TRACON& Tower with Radar,19,22,57,0,98,0,55,56,0,111,19,77,113,0,209,326,0,326,535
06/19/2017,DAB,FL,ASO,ES,Combined TRACON& Tower with Radar,18,100,56,1,175,0,228,67,0,295,18,328,123,1,470,250,0,250,720
06/20/2017,DAB,FL,ASO,ES,Combined TRACON& Tower with Radar,18,122,73,1,214,0,287,80,4,371,18,409,153,5,585,218,0,218,803
06/21/2017,DAB,FL,ASO,ES,Combined TRACON& Tower with Radar,20,117,73,2,212,0,317,105,4,426,20,434,178,6,638,20,0,20,658
06/22/2017,DAB,FL,ASO,ES,Combined TRACON& Tower with Radar,18,120,67,0,205,0,340,98,0,438,18,460,165,0,643,581,0,581,1224
06/23/2017,DAB,FL,ASO,ES,Combined TRACON& Tower with Radar,17,95,76,0,188,0,409,132,0,541,17,504,208,0,729,303,0,303,1032
06/24/2017,DAB,FL,ASO,ES,Combined TRACON& Tower with Radar,17,52,64,0,133,0,231,77,3,311,17,283,141,3,444,198,0,198,642
06/25/2017,DAB,FL,ASO,ES,Combined TRACON& Tower with Radar,18,23,40,1,82,0,84,49,0,133,18,107,89,1,215,339,0,339,554
06/26/2017,DAB,FL,ASO,ES,Combined TRACON& Tower with Radar,18,45,50,6,119,0,182,54,0,236,18,227,104,6,355,377,0,377,732
06/27/2017,DAB,FL,ASO,ES,Combined TRACON& Tower with Radar,20,97,79,0,196,0,164,56,0,220,20,261,135,0,416,371,0,371,787
06/28/2017,DAB,FL,ASO,ES,Combined TRACON& Tower with Radar,18,158,110,13,299,0,277,64,4,345,18,435,174,17,644,786,0,786,1430
06/29/2017,DAB,FL,ASO,ES,Combined TRACON& Tower with Radar,19,73,104,0,196,0,312,99,3,414,19,385,203,3,610,782,0,782,1392
06/30/2017,DAB,FL,ASO,ES,Combined TRACON& Tower with Radar,20,82,100,1,203,0,218,70,5,293,20,300,170,6,496,438,0,438,934
07/01/2017,DAB,FL,ASO,ES,Combined TRACON& Tower with Radar,16,40,115,2,173,0,85,41,7,133,16,125,156,9,306,289,8,297,603
07/02/2017,DAB,FL,ASO,ES,Combined TRACON& Tower with Radar,18,28,85,0,131,0,74,46,1,121,18,102,131,1,252,129,0,129,381
07/03/2017,DAB,FL,ASO,ES,Combined TRACON& Tower with Radar,17,53,41,2,113,0,206,64,2,272,17,259,105,4,385,422,0,422,807
07/04/2017,DAB,FL,ASO,ES,Combined TRACON& Tower with Radar,20,39,37,0,96,0,170,59,2,231,20,209,96,2,327,221,0,221,548
07/05/2017,DAB,FL,ASO,ES,Combined TRACON& Tower with Radar,18,75,47,5,145,0,323,70,0,393,18,398,117,5,538,592,0,592,1130
07/06/2017,DAB,FL,ASO,ES,Combined TRACON& Tower with Radar,18,59,55,0,132,0,343,105,0,448,18,402,160,0,580,682,0,682,1262
07/07/2017,DAB,FL,ASO,ES,Combined TRACON& Tower with Radar,17,65,74,0,156,0,352,91,0,443,17,417,165,0,599,535,0,535,1134
07/08/2017,DAB,FL,ASO,ES,Combined TRACON& Tower with Radar,16,41,49,0,106,0,181,64,0,245,16,222,113,0,351,332,0,332,683
07/09/2017,DAB,FL,ASO,ES,Combined TRACON& Tower with Radar,18,22,55,0,95,0,56,49,0,105,18,78,104,0,200,272,0,272,472
07/10/2017,DAB,FL,ASO,ES,Combined TRACON& Tower with Radar,23,28,60,1,112,0,278,70,2,350,23,306,130,3,462,315,4,319,781
07/11/2017,DAB,FL,ASO,ES,Combined TRACON& Tower with Radar,19,83,68,9,179,0,338,89,2,429,19,421,157,11,608,489,2,491,1099
07/12/2017,DAB,FL,ASO,ES,Combined TRACON& Tower with Radar,19,95,57,0,171,0,234,75,2,311,19,329,132,2,482,630,0,630,1112
07/13/2017,DAB,FL,ASO,ES,Combined TRACON& Tower with Radar,17,102,55,2,176,0,299,67,2,368,17,401,122,4,544,975,0,975,1519
07/14/2017,DAB,FL,ASO,ES,Combined TRACON& Tower with Radar,18,92,58,0,168,0,292,74,2,368,18,384,132,2,536,635,0,635,1171
07/15/2017,DAB,FL,ASO,ES,Combined TRACON& Tower with Radar,17,63,40,1,121,0,171,65,1,237,17,234,105,2,358,323,0,323,681
07/16/2017,DAB,FL,ASO,ES,Combined TRACON& Tower with Radar,17,25,45,0,87,0,103,66,1,170,17,128,111,1,257,226,0,226,483
07/17/2017,DAB,FL,ASO,ES,Combined TRACON& Tower with Radar,18,35,44,0,97,0,239,46,1,286,18,274,90,1,383,381,0,381,764
07/18/2017,DAB,FL,ASO,ES,Combined TRACON& Tower with Radar,19,63,35,4,121,0,216,63,1,280,19,279,98,5,401,516,0,516,917
07/19/2017,DAB,FL,ASO,ES,Combined TRACON& Tower with Radar,20,80,45,6,151,0,344,82,3,429,20,424,127,9,580,470,0,470,1050
07/20/2017,DAB,FL,ASO,ES,Combined TRACON& Tower with Radar,18,79,55,2,154,0,358,97,1,456,18,437,152,3,610,571,0,571,1181
07/21/2017,DAB,FL,ASO,ES,Combined TRACON& Tower with Radar,17,92,42,0,151,0,325,60,1,386,17,417,102,1,537,438,0,438,975
07/22/2017,DAB,FL,ASO,ES,Combined TRACON& Tower with Radar,17,47,35,0,99,0,143,46,1,190,17,190,81,1,289,400,0,400,689
07/23/2017,DAB,FL,ASO,ES,Combined TRACON& Tower with Radar,17,18,30,0,65,0,67,29,0,96,17,85,59,0,161,171,0,171,332
07/24/2017,DAB,FL,ASO,ES,Combined TRACON& Tower with Radar,17,71,51,0,139,0,256,58,1,315,17,327,109,1,454,376,0,376,830
07/25/2017,DAB,FL,ASO,ES,Combined TRACON& Tower with Radar,17,59,44,2,122,0,359,88,2,449,17,418,132,4,571,451,0,451,1022
07/26/2017,DAB,FL,ASO,ES,Combined TRACON& Tower with Radar,21,71,52,0,144,0,370,99,2,471,21,441,151,2,615,591,0,591,1206
07/27/2017,DAB,FL,ASO,ES,Combined TRACON& Tower with Radar,17,59,37,0,113,0,259,53,3,315,17,318,90,3,428,428,0,428,856
07/28/2017,DAB,FL,ASO,ES,Combined TRACON& Tower with Radar,23,61,39,0,123,0,284,66,0,350,23,345,105,0,473,513,0,513,986
07/29/2017,DAB,FL,ASO,ES,Combined TRACON& Tower with Radar,16,41,32,0,89,0,151,48,0,199,16,192,80,0,288,316,0,316,604
07/30/2017,DAB,FL,ASO,ES,Combined TRACON& Tower with Radar,18,12,25,0,55,0,19,15,0,34,18,31,40,0,89,140,0,140,229
07/31/2017,DAB,FL,ASO,ES,Combined TRACON& Tower with Radar,18,94,55,1,168,0,137,44,1,182,18,231,99,2,350,376,0,376,726
08/01/2017,DAB,FL,ASO,ES,Combined TRACON& Tower with Radar,18,185,77,6,286,0,200,59,1,260,18,385,136,7,546,305,0,305,851
08/02/2017,DAB,FL,ASO,ES,Combined TRACON& Tower with Radar,17,87,32,0,136,0,133,32,2,167,17,220,64,2,303,415,0,415,718
08/03/2017,DAB,FL,ASO,ES,Combined TRACON& Tower with Radar,21,75,64,0,160,0,282,64,1,347,21,357,128,1,507,393,0,393,900
08/04/2017,DAB,FL,ASO,ES,Combined TRACON& Tower with Radar,16,106,70,0,192,0,368,97,2,467,16,474,167,2,659,483,0,483,1142
08/05/2017,DAB,FL,ASO,ES,Combined TRACON& Tower with Radar,21,51,47,0,119,0,195,47,1,243,21,246,94,1,362,332,0,332,694
08/06/2017,DAB,FL,ASO,ES,Combined TRACON& Tower with Radar,19,25,30,0,74,0,101,61,1,163,19,126,91,1,237,243,0,243,480
08/07/2017,DAB,FL,ASO,ES,Combined TRACON& Tower with Radar,21,85,33,2,141,0,239,78,2,319,21,324,111,4,460,108,0,108,568
08/08/2017,DAB,FL,ASO,ES,Combined TRACON& Tower with Radar,19,84,54,2,159,0,312,85,4,401,19,396,139,6,560,453,0,453,1013
08/09/2017,DAB,FL,ASO,ES,Combined TRACON& Tower with Radar,21,73,36,0,130,0,276,74,3,353,21,349,110,3,483,355,0,355,838
08/10/2017,DAB,FL,ASO,ES,Combined TRACON& Tower with Radar,18,125,54,1,198,0,272,74,2,348,18,397,128,3,546,540,0,540,1086
08/11/2017,DAB,FL,ASO,ES,Combined TRACON& Tower with Radar,22,83,44,4,153,0,58,15,0,73,22,141,59,4,226,137,0,137,363
08/12/2017,DAB,FL,ASO,ES,Combined TRACON& Tower with Radar,18,49,31,2,100,0,154,51,0,205,18,203,82,2,305,357,0,357,662
08/13/2017,DAB,FL,ASO,ES,Combined TRACON& Tower with Radar,19,22,46,0,87,0,42,41,0,83,19,64,87,0,170,224,0,224,394
08/14/2017,DAB,FL,ASO,ES,Combined TRACON& Tower with Radar,19,65,57,0,141,0,221,85,0,306,19,286,142,0,447,467,0,467,914
08/15/2017,DAB,FL,ASO,ES,Combined TRACON& Tower with Radar,21,69,60,3,153,0,243,68,1,312,21,312,128,4,465,329,0,329,794
08/16/2017,DAB,FL,ASO,ES,Combined TRACON& Tower with Radar,21,61,69,2,153,0,242,62,3,307,21,303,131,5,460,346,0,346,806
08/17/2017,DAB,FL,ASO,ES,Combined TRACON& Tower with Radar,21,58,62,0,141,0,222,77,1,300,21,280,139,1,441,521,0,521,962
08/18/2017,DAB,FL,ASO,ES,Combined TRACON& Tower with Radar,18,57,73,0,148,0,159,67,2,228,18,216,140,2,376,489,0,489,865
08/19/2017,DAB,FL,ASO,ES,Combined TRACON& Tower with Radar,22,54,36,0,112,0,216,87,2,305,22,270,123,2,417,545,0,545,962
08/20/2017,DAB,FL,ASO,ES,Combined TRACON& Tower with Radar,19,36,33,2,90,0,79,50,2,131,19,115,83,4,221,125,0,125,346
08/21/2017,DAB,FL,ASO,ES,Combined TRACON& Tower with Radar,20,80,56,0,156,0,186,68,0,254,20,266,124,0,410,387,0,387,797
08/22/2017,DAB,FL,ASO,ES,Combined TRACON& Tower with Radar,19,91,63,1,174,0,283,89,1,373,19,374,152,2,547,598,0,598,1145
08/23/2017,DAB,FL,ASO,ES,Combined TRACON& Tower with Radar,18,90,43,3,154,0,294,93,1,388,18,384,136,4,542,542,0,542,1084
08/24/2017,DAB,FL,ASO,ES,Combined TRACON& Tower with Radar,18,76,42,6,142,0,341,85,0,426,18,417,127,6,568,425,0,425,993
08/25/2017,DAB,FL,ASO,ES,Combined TRACON& Tower with Radar,18,107,64,1,190,0,173,61,1,235,18,280,125,2,425,521,0,521,946
08/26/2017,DAB,FL,ASO,ES,Combined TRACON& Tower with Radar,16,89,60,4,169,0,19,13,0,32,16,108,73,4,201,72,0,72,273
08/27/2017,DAB,FL,ASO,ES,Combined TRACON& Tower with Radar,16,18,30,0,64,0,3,5,0,8,16,21,35,0,72,8,0,8,80
08/28/2017,DAB,FL,ASO,ES,Combined TRACON& Tower with Radar,18,66,47,0,131,0,12,15,0,27,18,78,62,0,158,114,0,114,272
08/29/2017,DAB,FL,ASO,ES,Combined TRACON& Tower with Radar,17,62,73,1,153,0,13,18,0,31,17,75,91,1,184,199,0,199,383
08/30/2017,DAB,FL,ASO,ES,Combined TRACON& Tower with Radar,17,135,71,0,223,0,457,103,0,560,17,592,174,0,783,525,0,525,1308
08/31/2017,DAB,FL,ASO,ES,Combined TRACON& Tower with Radar,17,102,76,3,198,0,420,92,1,513,17,522,168,4,711,341,0,341,1052
09/01/2017,DAB,FL,ASO,ES,Combined TRACON& Tower with Radar,19,41,47,0,107,0,300,69,1,370,19,341,116,1,477,478,0,478,955
09/02/2017,DAB,FL,ASO,ES,Combined TRACON& Tower with Radar,16,61,38,0,115,0,232,54,1,287,16,293,92,1,402,407,0,407,809
09/03/2017,DAB,FL,ASO,ES,Combined TRACON& Tower with Radar,12,32,41,0,85,0,90,54,0,144,12,122,95,0,229,230,0,230,459
09/04/2017,DAB,FL,ASO,ES,Combined TRACON& Tower with Radar,17,61,48,0,126,0,160,66,0,226,17,221,114,0,352,331,0,331,683
09/05/2017,DAB,FL,ASO,ES,Combined TRACON& Tower with Radar,14,71,47,0,132,0,303,94,0,397,14,374,141,0,529,628,0,628,1157
09/06/2017,DAB,FL,ASO,ES,Combined TRACON& Tower with Radar,17,35,42,0,94,0,181,50,0,231,17,216,92,0,325,288,0,288,613
09/07/2017,DAB,FL,ASO,ES,Combined TRACON& Tower with Radar,15,18,46,0,79,0,36,38,1,75,15,54,84,1,154,62,0,62,216
09/08/2017,DAB,FL,ASO,ES,Combined TRACON& Tower with Radar,16,23,45,3,87,0,11,16,2,29,16,34,61,5,116,0,0,0,116
09/09/2017,DAB,FL,ASO,ES,Combined TRACON& Tower with Radar,8,62,13,0,83,0,0,3,0,3,8,62,16,0,86,0,0,0,86
09/10/2017,DAB,FL,ASO,ES,Combined TRACON& Tower with Radar,0,0,2,0,2,0,0,0,0,0,0,0,2,0,2,0,0,0,2
09/11/2017,DAB,FL,ASO,ES,Combined TRACON& Tower with Radar,0,0,0,0,0,0,0,0,1,1,0,0,0,1,1,0,0,0,1
09/12/2017,DAB,FL,ASO,ES,Combined TRACON& Tower with Radar,0,1,39,0,40,0,0,29,3,32,0,1,68,3,72,0,0,0,72
09/13/2017,DAB,FL,ASO,ES,Combined TRACON& Tower with Radar,16,39,27,0,82,0,24,44,0,68,16,63,71,0,150,22,0,22,172
09/14/2017,DAB,FL,ASO,ES,Combined TRACON& Tower with Radar,18,29,28,2,77,0,131,84,0,215,18,160,112,2,292,92,0,92,384
09/15/2017,DAB,FL,ASO,ES,Combined TRACON& Tower with Radar,20,76,37,0,133,0,336,101,2,439,20,412,138,2,572,435,0,435,1007
09/16/2017,DAB,FL,ASO,ES,Combined TRACON& Tower with Radar,17,94,41,2,154,0,210,101,0,311,17,304,142,2,465,402,0,402,867
09/17/2017,DAB,FL,ASO,ES,Combined TRACON& Tower with Radar,17,19,37,0,73,0,58,75,0,133,17,77,112,0,206,8,0,8,214
09/18/2017,DAB,FL,ASO,ES,Combined TRACON& Tower with Radar,17,112,66,0,195,0,129,50,0,179,17,241,116,0,374,74,0,74,448
09/19/2017,DAB,FL,ASO,ES,Combined TRACON& Tower with Radar,16,73,55,0,144,0,434,128,0,562,16,507,183,0,706,566,0,566,1272
09/20/2017,DAB,FL,ASO,ES,Combined TRACON& Tower with Radar,16,77,74,15,182,0,492,124,0,616,16,569,198,15,798,691,0,691,1489
09/21/2017,DAB,FL,ASO,ES,Combined TRACON& Tower with Radar,18,97,57,1,173,0,407,118,0,525,18,504,175,1,698,604,0,604,1302
09/22/2017,DAB,FL,ASO,ES,Combined TRACON& Tower with Radar,18,91,70,2,181,0,118,64,1,183,18,209,134,3,364,500,0,500,864
09/23/2017,DAB,FL,ASO,ES,Combined TRACON& Tower with Radar,16,78,46,0,140,0,168,92,0,260,16,246,138,0,400,353,0,353,753
09/24/2017,DAB,FL,ASO,ES,Combined TRACON& Tower with Radar,16,23,50,0,89,0,100,69,0,169,16,123,119,0,258,267,0,267,525
09/25/2017,DAB,FL,ASO,ES,Combined TRACON& Tower with Radar,17,92,74,1,184,0,387,117,2,506,17,479,191,3,690,498,0,498,1188
09/26/2017,DAB,FL,ASO,ES,Combined TRACON& Tower with Radar,16,85,39,2,142,0,557,79,3,639,16,642,118,5,781,495,0,495,1276
09/27/2017,DAB,FL,ASO,ES,Combined TRACON& Tower with Radar,17,83,54,0,154,0,465,102,0,567,17,548,156,0,721,644,0,644,1365
09/28/2017,DAB,FL,ASO,ES,Combined TRACON& Tower with Radar,18,99,71,0,188,0,473,100,1,574,18,572,171,1,762,556,0,556,1318
09/29/2017,DAB,FL,ASO,ES,Combined TRACON& Tower with Radar,18,109,64,3,194,0,311,81,1,393,18,420,145,4,587,759,0,759,1346
09/30/2017,DAB,FL,ASO,ES,Combined TRACON& Tower with Radar,16,120,26,0,162,0,4,9,0,13,16,124,35,0,175,106,0,106,281
10/01/2017,DAB,FL,ASO,ES,Combined TRACON& Tower with Radar,16,22,27,0,65,0,2,3,0,5,16,24,30,0,70,167,0,167,237
10/02/2017,DAB,FL,ASO,ES,Combined TRACON& Tower with Radar,17,90,55,0,162,0,311,69,1,381,17,401,124,1,543,476,0,476,1019
10/03/2017,DAB,FL,ASO,ES,Combined TRACON& Tower with Radar,16,75,56,2,149,0,163,46,0,209,16,238,102,2,358,307,0,307,665
10/04/2017,DAB,FL,ASO,ES,Combined TRACON& Tower with Radar,17,91,37,0,145,0,235,62,2,299,17,326,99,2,444,301,0,301,745
10/05/2017,DAB,FL,ASO,ES,Combined TRACON& Tower with Radar,18,84,42,0,144,0,2,2,0,4,18,86,44,0,148,8,0,8,156
10/06/2017,DAB,FL,ASO,ES,Combined TRACON& Tower with Radar,18,223,85,0,326,0,225,86,2,313,18,448,171,2,639,523,0,523,1162
10/07/2017,DAB,FL,ASO,ES,Combined TRACON& Tower with Radar,14,175,47,0,236,0,226,50,0,276,14,401,97,0,512,166,0,166,678
10/08/2017,DAB,FL,ASO,ES,Combined TRACON& Tower with Radar,15,34,32,0,81,0,81,53,2,136,15,115,85,2,217,104,0,104,321
10/09/2017,DAB,FL,ASO,ES,Combined TRACON& Tower with Radar,18,121,59,0,198,0,424,104,0,528,18,545,163,0,726,641,0,641,1367
10/10/2017,DAB,FL,ASO,ES,Combined TRACON& Tower with Radar,16,119,61,0,196,0,465,175,0,640,16,584,236,0,836,739,0,739,1575
10/11/2017,DAB,FL,ASO,ES,Combined TRACON& Tower with Radar,17,120,58,0,195,0,416,172,3,591,17,536,230,3,786,731,0,731,1517
10/12/2017,DAB,FL,ASO,ES,Combined TRACON& Tower with Radar,18,98,48,8,172,0,434,126,3,563,18,532,174,11,735,808,0,808,1543
10/13/2017,DAB,FL,ASO,ES,Combined TRACON& Tower with Radar,17,113,61,4,195,0,199,60,0,259,17,312,121,4,454,515,2,517,971
10/14/2017,DAB,FL,ASO,ES,Combined TRACON& Tower with Radar,15,84,36,0,135,0,272,58,0,330,15,356,94,0,465,384,0,384,849
10/15/2017,DAB,FL,ASO,ES,Combined TRACON& Tower with Radar,16,27,29,1,73,0,52,36,2,90,16,79,65,3,163,289,0,289,452
10/16/2017,DAB,FL,ASO,ES,Combined TRACON& Tower with Radar,17,110,47,6,180,0,304,65,2,371,17,414,112,8,551,695,8,703,1254
10/17/2017,DAB,FL,ASO,ES,Combined TRACON& Tower with Radar,16,93,44,1,154,0,6,13,8,27,16,99,57,9,181,261,0,261,442
10/18/2017,DAB,FL,ASO,ES,Combined TRACON& Tower with Radar,17,108,33,0,158,0,171,38,9,218,17,279,71,9,376,412,0,412,788
10/19/2017,DAB,FL,ASO,ES,Combined TRACON& Tower with Radar,18,154,64,0,236,0,260,71,2,333,18,414,135,2,569,747,0,747,1316
10/20/2017,DAB,FL,ASO,ES,Combined TRACON& Tower with Radar,18,100,41,0,159,0,426,99,2,527,18,526,140,2,686,696,0,696,1382
10/21/2017,DAB,FL,ASO,ES,Combined TRACON& Tower with Radar,14,88,30,0,132,0,236,66,0,302,14,324,96,0,434,412,0,412,846
10/22/2017,DAB,FL,ASO,ES,Combined TRACON& Tower with Radar,16,39,32,0,87,0,38,34,2,74,16,77,66,2,161,118,0,118,279
10/23/2017,DAB,FL,ASO,ES,Combined TRACON& Tower with Radar,17,73,47,0,137,0,192,54,0,246,17,265,101,0,383,39,0,39,422
10/24/2017,DAB,FL,ASO,ES,Combined TRACON& Tower with Radar,16,169,65,0,250,0,240,73,0,313,16,409,138,0,563,617,0,617,1180
10/25/2017,DAB,FL,ASO,ES,Combined TRACON& Tower with Radar,17,79,55,2,153,0,527,120,1,648,17,606,175,3,801,313,0,313,1114
10/26/2017,DAB,FL,ASO,ES,Combined TRACON& Tower with Radar,18,70,45,1,134,0,539,122,0,661,18,609,167,1,795,504,0,504,1299
10/27/2017,DAB,FL,ASO,ES,Combined TRACON& Tower with Radar,20,98,39,0,157,0,468,96,2,566,20,566,135,2,723,652,0,652,1375
10/28/2017,DAB,FL,ASO,ES,Combined TRACON& Tower with Radar,15,78,24,0,117,0,413,54,1,468,15,491,78,1,585,438,0,438,1023
10/29/2017,DAB,FL,ASO,ES,Combined TRACON& Tower with Radar,16,20,40,1,77,0,24,20,3,47,16,44,60,4,124,69,0,69,193
10/30/2017,DAB,FL,ASO,ES,Combined TRACON& Tower with Radar,16,70,27,2,115,0,510,92,0,602,16,580,119,2,717,332,0,332,1049
10/31/2017,DAB,FL,ASO,ES,Combined TRACON& Tower with Radar,14,74,45,1,134,0,483,106,0,589,14,557,151,1,723,579,0,579,1302
11/01/2017,DAB,FL,ASO,ES,Combined TRACON& Tower with Radar,17,121,63,5,206,0,503,97,1,601,17,624,160,6,807,707,0,707,1514
11/02/2017,DAB,FL,ASO,ES,Combined TRACON& Tower with Radar,18,137,44,0,199,0,489,86,0,575,18,626,130,0,774,788,0,788,1562
11/03/2017,DAB,FL,ASO,ES,Combined TRACON& Tower with Radar,19,109,56,9,193,0,412,82,9,503,19,521,138,18,696,305,0,305,1001
11/04/2017,DAB,FL,ASO,ES,Combined TRACON& Tower with Radar,15,108,32,1,156,0,282,72,1,355,15,390,104,2,511,374,0,374,885
11/05/2017,DAB,FL,ASO,ES,Combined TRACON& Tower with Radar,18,48,39,4,109,0,32,34,0,66,18,80,73,4,175,224,0,224,399
11/06/2017,DAB,FL,ASO,ES,Combined TRACON& Tower with Radar,17,130,84,1,232,0,213,60,0,273,17,343,144,1,505,526,0,526,1031
11/07/2017,DAB,FL,ASO,ES,Combined TRACON& Tower with Radar,16,112,61,0,189,0,442,95,2,539,16,554,156,2,728,542,0,542,1270
11/08/2017,DAB,FL,ASO,ES,Combined TRACON& Tower with Radar,19,106,69,5,199,0,495,97,0,592,19,601,166,5,791,785,4,789,1580
11/09/2017,DAB,FL,ASO,ES,Combined TRACON& Tower with Radar,18,121,56,1,196,0,439,74,0,513,18,560,130,1,709,690,0,690,1399
11/10/2017,DAB,FL,ASO,ES,Combined TRACON& Tower with Radar,18,117,55,2,192,0,99,23,2,124,18,216,78,4,316,53,0,53,369
11/11/2017,DAB,FL,ASO,ES,Combined TRACON& Tower with Radar,14,92,39,0,145,0,94,28,0,122,14,186,67,0,267,297,0,297,564
11/12/2017,DAB,FL,ASO,ES,Combined TRACON& Tower with Radar,16,27,60,0,103,0,66,68,0,134,16,93,128,0,237,241,0,241,478
11/13/2017,DAB,FL,ASO,ES,Combined TRACON& Tower with Radar,17,174,98,0,289,0,90,15,2,107,17,264,113,2,396,181,0,181,577
11/14/2017,DAB,FL,ASO,ES,Combined TRACON& Tower with Radar,16,115,74,1,206,0,92,44,1,137,16,207,118,2,343,78,0,78,421
11/15/2017,DAB,FL,ASO,ES,Combined TRACON& Tower with Radar,17,181,71,2,271,0,146,54,3,203,17,327,125,5,474,2,0,2,476
11/16/2017,DAB,FL,ASO,ES,Combined TRACON& Tower with Radar,18,122,48,3,191,0,511,120,2,633,18,633,168,5,824,222,0,222,1046
11/17/2017,DAB,FL,ASO,ES,Combined TRACON& Tower with Radar,18,114,56,5,193,0,554,104,2,660,18,668,160,7,853,775,0,775,1628
11/18/2017,DAB,FL,ASO,ES,Combined TRACON& Tower with Radar,13,96,44,12,165,0,434,84,1,519,13,530,128,13,684,704,0,704,1388
11/19/2017,DAB,FL,ASO,ES,Combined TRACON& Tower with Radar,16,32,58,5,111,0,97,50,2,149,16,129,108,7,260,275,0,275,535
11/20/2017,DAB,FL,ASO,ES,Combined TRACON& Tower with Radar,16,86,47,7,156,0,439,84,1,524,16,525,131,8,680,605,0,605,1285
11/21/2017,DAB,FL,ASO,ES,Combined TRACON& Tower with Radar,16,91,58,0,165,0,234,34,0,268,16,325,92,0,433,327,0,327,760
11/22/2017,DAB,FL,ASO,ES,Combined TRACON& Tower with Radar,17,107,59,0,183,0,326,70,1,397,17,433,129,1,580,487,0,487,1067
11/23/2017,DAB,FL,ASO,ES,Combined TRACON& Tower with Radar,8,7,10,0,25,0,0,0,0,0,8,7,10,0,25,2,0,2,27
11/24/2017,DAB,FL,ASO,ES,Combined TRACON& Tower with Radar,16,50,24,0,90,0,3,3,0,6,16,53,27,0,96,0,0,0,96
11/25/2017,DAB,FL,ASO,ES,Combined TRACON& Tower with Radar,17,65,29,4,115,0,283,75,4,362,17,348,104,8,477,391,0,391,868
11/26/2017,DAB,FL,ASO,ES,Combined TRACON& Tower with Radar,20,20,46,7,93,0,130,66,1,197,20,150,112,8,290,227,0,227,517
11/27/2017,DAB,FL,ASO,ES,Combined TRACON& Tower with Radar,18,112,51,2,183,0,454,87,5,546,18,566,138,7,729,598,0,598,1327
11/28/2017,DAB,FL,ASO,ES,Combined TRACON& Tower with Radar,16,127,50,3,196,0,445,72,1,518,16,572,122,4,714,696,0,696,1410
11/29/2017,DAB,FL,ASO,ES,Combined TRACON& Tower with Radar,16,135,57,2,210,0,512,94,1,607,16,647,151,3,817,516,0,516,1333
11/30/2017,DAB,FL,ASO,ES,Combined TRACON& Tower with Radar,16,104,49,5,174,0,475,90,1,566,16,579,139,6,740,704,0,704,1444
12/01/2017,DAB,FL,ASO,ES,Combined TRACON& Tower with Radar,16,115,34,0,165,0,474,94,1,569,16,589,128,1,734,757,0,757,1491
12/02/2017,DAB,FL,ASO,ES,Combined TRACON& Tower with Radar,16,106,29,3,154,0,360,81,0,441,16,466,110,3,595,517,0,517,1112
12/03/2017,DAB,FL,ASO,ES,Combined TRACON& Tower with Radar,14,66,46,3,129,0,109,38,0,147,14,175,84,3,276,185,0,185,461
12/04/2017,DAB,FL,ASO,ES,Combined TRACON& Tower with Radar,15,120,62,0,197,0,414,95,0,509,15,534,157,0,706,663,0,663,1369
12/05/2017,DAB,FL,ASO,ES,Combined TRACON& Tower with Radar,19,118,45,3,185,0,400,79,4,483,19,518,124,7,668,591,0,591,1259
12/06/2017,DAB,FL,ASO,ES,Combined TRACON& Tower with Radar,16,109,61,5,191,0,412,109,15,536,16,521,170,20,727,641,0,641,1368
12/07/2017,DAB,FL,ASO,ES,Combined TRACON& Tower with Radar,16,150,63,7,236,0,0,6,0,6,16,150,69,7,242,0,0,0,242
12/08/2017,DAB,FL,ASO,ES,Combined TRACON& Tower with Radar,13,128,52,0,193,0,81,16,0,97,13,209,68,0,290,172,0,172,462
12/09/2017,DAB,FL,ASO,ES,Combined TRACON& Tower with Radar,14,73,26,0,113,0,39,2,0,41,14,112,28,0,154,50,0,50,204
12/10/2017,DAB,FL,ASO,ES,Combined TRACON& Tower with Radar,15,28,31,0,74,0,196,100,0,296,15,224,131,0,370,51,0,51,421
12/11/2017,DAB,FL,ASO,ES,Combined TRACON& Tower with Radar,18,109,61,0,188,0,440,120,0,560,18,549,181,0,748,690,0,690,1438
12/12/2017,DAB,FL,ASO,ES,Combined TRACON& Tower with Radar,18,29,45,5,97,0,177,90,0,267,18,206,135,5,364,266,0,266,630
12/13/2017,DAB,FL,ASO,ES,Combined TRACON& Tower with Radar,16,104,71,5,196,0,451,130,0,581,16,555,201,5,777,808,0,808,1585
12/14/2017,DAB,FL,ASO,ES,Combined TRACON& Tower with Radar,16,110,48,0,174,0,389,101,0,490,16,499,149,0,664,592,0,592,1256
12/15/2017,DAB,FL,ASO,ES,Combined TRACON& Tower with Radar,17,64,66,3,150,0,344,115,4,463,17,408,181,7,613,704,0,704,1317
12/16/2017,DAB,FL,ASO,ES,Combined TRACON& Tower with Radar,17,60,52,2,131,0,248,88,0,336,17,308,140,2,467,731,0,731,1198
12/17/2017,DAB,FL,ASO,ES,Combined TRACON& Tower with Radar,14,20,40,8,82,0,98,80,0,178,14,118,120,8,260,310,0,310,570
12/18/2017,DAB,FL,ASO,ES,Combined TRACON& Tower with Radar,17,77,52,0,146,0,197,77,0,274,17,274,129,0,420,408,0,408,828
12/19/2017,DAB,FL,ASO,ES,Combined TRACON& Tower with Radar,19,70,62,5,156,0,146,66,3,215,19,216,128,8,371,282,0,282,653
12/20/2017,DAB,FL,ASO,ES,Combined TRACON& Tower with Radar,16,50,42,0,108,0,206,81,0,287,16,256,123,0,395,406,0,406,801
12/21/2017,DAB,FL,ASO,ES,Combined TRACON& Tower with Radar,20,77,52,2,151,0,150,54,0,204,20,227,106,2,355,361,0,361,716
12/22/2017,DAB,FL,ASO,ES,Combined TRACON& Tower with Radar,20,97,45,2,164,0,56,38,0,94,20,153,83,2,258,334,0,334,592
12/23/2017,DAB,FL,ASO,ES,Combined TRACON& Tower with Radar,20,27,25,4,76,0,72,38,1,111,20,99,63,5,187,159,0,159,346
12/24/2017,DAB,FL,ASO,ES,Combined TRACON& Tower with Radar,17,4,6,2,29,0,6,15,0,21,17,10,21,2,50,33,0,33,83
12/25/2017,DAB,FL,ASO,ES,Combined TRACON& Tower with Radar,16,0,10,0,26,0,0,10,1,11,16,0,20,1,37,0,0,0,37
12/26/2017,DAB,FL,ASO,ES,Combined TRACON& Tower with Radar,20,19,24,0,63,0,57,68,2,127,20,76,92,2,190,84,0,84,274
12/27/2017,DAB,FL,ASO,ES,Combined TRACON& Tower with Radar,20,28,38,4,90,0,8,16,0,24,20,36,54,4,114,31,0,31,145
12/28/2017,DAB,FL,ASO,ES,Combined TRACON& Tower with Radar,20,20,34,0,74,0,0,2,0,2,20,20,36,0,76,2,0,2,78
12/29/2017,DAB,FL,ASO,ES,Combined TRACON& Tower with Radar,23,11,22,0,56,0,0,0,0,0,23,11,22,0,56,0,0,0,56
12/30/2017,DAB,FL,ASO,ES,Combined TRACON& Tower with Radar,20,18,27,2,67,0,39,53,0,92,20,57,80,2,159,90,0,90,249
12/31/2017,DAB,FL,ASO,ES,Combined TRACON& Tower with Radar,18,4,15,6,43,0,7,39,0,46,18,11,54,6,89,28,0,28,117
01/01/2018,DAB,FL,ASO,ES,Combined TRACON& Tower with Radar,17,1,6,0,24,0,0,4,0,4,17,1,10,0,28,0,0,0,28
01/02/2018,DAB,FL,ASO,ES,Combined TRACON& Tower with Radar,20,6,40,0,66,0,3,12,0,15,20,9,52,0,81,0,0,0,81
01/03/2018,DAB,FL,ASO,ES,Combined TRACON& Tower with Radar,18,7,15,0,40,0,0,2,0,2,18,7,17,0,42,0,0,0,42
01/04/2018,DAB,FL,ASO,ES,Combined TRACON& Tower with Radar,18,70,75,0,163,0,220,68,0,288,18,290,143,0,451,352,0,352,803
01/05/2018,DAB,FL,ASO,ES,Combined TRACON& Tower with Radar,16,89,53,6,164,0,367,84,2,453,16,456,137,8,617,478,0,478,1095
01/06/2018,DAB,FL,ASO,ES,Combined TRACON& Tower with Radar,16,65,65,0,146,0,312,83,0,395,16,377,148,0,541,271,0,271,812
01/07/2018,DAB,FL,ASO,ES,Combined TRACON& Tower with Radar,17,41,53,9,120,0,83,63,2,148,17,124,116,11,268,306,0,306,574
01/08/2018,DAB,FL,ASO,ES,Combined TRACON& Tower with Radar,17,114,70,0,201,0,103,29,0,132,17,217,99,0,333,392,0,392,725
01/09/2018,DAB,FL,ASO,ES,Combined TRACON& Tower with Radar,18,94,54,0,166,0,93,20,0,113,18,187,74,0,279,256,0,256,535
01/10/2018,DAB,FL,ASO,ES,Combined TRACON& Tower with Radar,20,68,55,5,148,0,5,4,0,9,20,73,59,5,157,43,0,43,200
01/11/2018,DAB,FL,ASO,ES,Combined TRACON& Tower with Radar,17,106,65,3,191,0,120,45,1,166,17,226,110,4,357,396,0,396,753
01/12/2018,DAB,FL,ASO,ES,Combined TRACON& Tower with Radar,18,40,42,0,100,0,25,16,1,42,18,65,58,1,142,43,0,43,185
01/13/2018,DAB,FL,ASO,ES,Combined TRACON& Tower with Radar,16,138,111,1,266,0,95,41,0,136,16,233,152,1,402,670,0,670,1072
01/14/2018,DAB,FL,ASO,ES,Combined TRACON& Tower with Radar,16,35,41,0,92,0,76,48,0,124,16,111,89,0,216,92,0,92,308
01/15/2018,DAB,FL,ASO,ES,Combined TRACON& Tower with Radar,17,73,38,0,128,0,383,117,0,500,17,456,155,0,628,6,0,6,634
01/16/2018,DAB,FL,ASO,ES,Combined TRACON& Tower with Radar,15,111,57,0,183,0,529,109,4,642,15,640,166,4,825,486,0,486,1311
01/17/2018,DAB,FL,ASO,ES,Combined TRACON& Tower with Radar,11,100,53,0,164,0,505,99,1,605,11,605,152,1,769,524,0,524,1293
01/18/2018,DAB,FL,ASO,ES,Combined TRACON& Tower with Radar,12,106,58,0,176,0,468,80,3,551,12,574,138,3,727,569,0,569,1296
01/19/2018,DAB,FL,ASO,ES,Combined TRACON& Tower with Radar,17,98,59,6,180,0,439,102,2,543,17,537,161,8,723,777,0,777,1500
01/20/2018,DAB,FL,ASO,ES,Combined TRACON& Tower with Radar,17,97,38,6,158,0,448,105,1,554,17,545,143,7,712,485,0,485,1197
01/21/2018,DAB,FL,ASO,ES,Combined TRACON& Tower with Radar,18,21,30,2,71,0,65,47,1,113,18,86,77,3,184,235,0,235,419
01/22/2018,DAB,FL,ASO,ES,Combined TRACON& Tower with Radar,16,75,57,0,148,0,321,70,0,391,16,396,127,0,539,413,0,413,952
01/23/2018,DAB,FL,ASO,ES,Combined TRACON& Tower with Radar,16,107,80,0,203,0,197,54,1,252,16,304,134,1,455,657,0,657,1112
01/24/2018,DAB,FL,ASO,ES,Combined TRACON& Tower with Radar,18,92,65,2,177,0,598,109,0,707,18,690,174,2,884,646,0,646,1530
01/25/2018,DAB,FL,ASO,ES,Combined TRACON& Tower with Radar,18,78,57,0,153,0,336,105,0,441,18,414,162,0,594,10,0,10,604
01/26/2018,DAB,FL,ASO,ES,Combined TRACON& Tower with Radar,18,102,82,15,217,0,340,83,3,426,18,442,165,18,643,624,0,624,1267
01/27/2018,DAB,FL,ASO,ES,Combined TRACON& Tower with Radar,16,103,68,2,189,0,306,89,5,400,16,409,157,7,589,333,0,333,922
01/28/2018,DAB,FL,ASO,ES,Combined TRACON& Tower with Radar,17,44,64,1,126,0,40,45,1,86,17,84,109,2,212,186,0,186,398
01/29/2018,DAB,FL,ASO,ES,Combined TRACON& Tower with Radar,15,96,79,0,190,0,24,7,0,31,15,120,86,0,221,262,0,262,483
01/30/2018,DAB,FL,ASO,ES,Combined TRACON& Tower with Radar,16,84,37,2,139,0,438,110,1,549,16,522,147,3,688,131,0,131,819
01/31/2018,DAB,FL,ASO,ES,Combined TRACON& Tower with Radar,18,100,37,4,159,0,518,96,1,615,18,618,133,5,774,727,0,727,1501
02/01/2018,DAB,FL,ASO,ES,Combined TRACON& Tower with Radar,18,144,73,5,240,0,502,93,3,598,18,646,166,8,838,738,0,738,1576
02/02/2018,DAB,FL,ASO,ES,Combined TRACON& Tower with Radar,18,101,47,8,174,0,457,77,0,534,18,558,124,8,708,487,0,487,1195
02/03/2018,DAB,FL,ASO,ES,Combined TRACON& Tower with Radar,15,104,32,0,151,0,429,67,0,496,15,533,99,0,647,607,0,607,1254
02/04/2018,DAB,FL,ASO,ES,Combined TRACON& Tower with Radar,16,15,18,3,52,0,32,22,0,54,16,47,40,3,106,69,0,69,175
02/05/2018,DAB,FL,ASO,ES,Combined TRACON& Tower with Radar,17,98,64,0,179,0,317,72,0,389,17,415,136,0,568,595,0,595,1163
02/06/2018,DAB,FL,ASO,ES,Combined TRACON& Tower with Radar,16,114,60,7,197,0,494,109,4,607,16,608,169,11,804,804,0,804,1608
02/07/2018,DAB,FL,ASO,ES,Combined TRACON& Tower with Radar,17,100,59,4,180,0,427,106,4,537,17,527,165,8,717,258,0,258,975
02/08/2018,DAB,FL,ASO,ES,Combined TRACON& Tower with Radar,18,100,55,2,175,0,20,11,0,31,18,120,66,2,206,13,0,13,219
02/09/2018,DAB,FL,ASO,ES,Combined TRACON& Tower with Radar,20,150,116,7,293,0,276,87,1,364,20,426,203,8,657,810,0,810,1467
02/10/2018,DAB,FL,ASO,ES,Combined TRACON& Tower with Radar,17,102,67,9,195,0,283,102,0,385,17,385,169,9,580,382,0,382,962
02/11/2018,DAB,FL,ASO,ES,Combined TRACON& Tower with Radar,18,25,71,3,117,0,73,58,0,131,18,98,129,3,248,42,0,42,290
02/12/2018,DAB,FL,ASO,ES,Combined TRACON& Tower with Radar,17,128,61,2,208,0,185,57,0,242,17,313,118,2,450,472,0,472,922
02/13/2018,DAB,FL,ASO,ES,Combined TRACON& Tower with Radar,17,73,55,2,147,0,0,0,0,0,17,73,55,2,147,0,0,0,147
02/14/2018,DAB,FL,ASO,ES,Combined TRACON& Tower with Radar,14,24,59,7,104,0,0,0,0,0,14,24,59,7,104,0,0,0,104
02/15/2018,DAB,FL,ASO,ES,Combined TRACON& Tower with Radar,19,104,127,2,252,0,285,69,2,356,19,389,196,4,608,404,0,404,1012
02/16/2018,DAB,FL,ASO,ES,Combined TRACON& Tower with Radar,19,100,116,11,246,0,506,121,4,631,19,606,237,15,877,649,0,649,1526
02/17/2018,DAB,FL,ASO,ES,Combined TRACON& Tower with Radar,16,66,69,8,159,0,177,40,4,221,16,243,109,12,380,230,6,236,616
02/18/2018,DAB,FL,ASO,ES,Combined TRACON& Tower with Radar,20,63,275,4,362,0,10,88,3,101,20,73,363,7,463,18,0,18,481
02/19/2018,DAB,FL,ASO,ES,Combined TRACON& Tower with Radar,24,91,99,8,222,0,274,99,1,374,24,365,198,9,596,431,0,431,1027
02/20/2018,DAB,FL,ASO,ES,Combined TRACON& Tower with Radar,20,132,70,1,223,0,397,78,1,476,20,529,148,2,699,326,0,326,1025
02/21/2018,DAB,FL,ASO,ES,Combined TRACON& Tower with Radar,20,124,61,0,205,0,512,100,0,612,20,636,161,0,817,693,0,693,1510
02/22/2018,DAB,FL,ASO,ES,Combined TRACON& Tower with Radar,19,120,92,0,231,0,518,114,1,633,19,638,206,1,864,714,0,714,1578
02/23/2018,DAB,FL,ASO,ES,Combined TRACON& Tower with Radar,21,122,68,12,223,0,407,95,9,511,21,529,163,21,734,396,0,396,1130
02/24/2018,DAB,FL,ASO,ES,Combined TRACON& Tower with Radar,18,114,52,9,193,0,414,95,0,509,18,528,147,9,702,675,0,675,1377
02/25/2018,DAB,FL,ASO,ES,Combined TRACON& Tower with Radar,19,25,57,5,106,0,134,75,3,212,19,159,132,8,318,323,0,323,641
02/26/2018,DAB,FL,ASO,ES,Combined TRACON& Tower with Radar,21,87,43,2,153,0,443,110,0,553,21,530,153,2,706,781,0,781,1487
02/27/2018,DAB,FL,ASO,ES,Combined TRACON& Tower with Radar,20,150,52,1,223,0,179,50,3,232,20,329,102,4,455,339,0,339,794
02/28/2018,DAB,FL,ASO,ES,Combined TRACON& Tower with Radar,20,95,47,4,166,0,557,121,2,680,20,652,168,6,846,617,0,617,1463
03/01/2018,DAB,FL,ASO,ES,Combined TRACON& Tower with Radar,20,79,47,4,150,0,465,75,6,546,20,544,122,10,696,520,0,520,1216
03/02/2018,DAB,FL,ASO,ES,Combined TRACON& Tower with Radar,21,118,46,7,192,0,500,136,1,637,21,618,182,8,829,461,0,461,1290
03/03/2018,DAB,FL,ASO,ES,Combined TRACON& Tower with Radar,21,73,47,7,148,0,308,90,2,400,21,381,137,9,548,141,0,141,689
03/04/2018,DAB,FL,ASO,ES,Combined TRACON& Tower with Radar,20,22,28,7,77,0,96,33,1,130,20,118,61,8,207,83,0,83,290
03/05/2018,DAB,FL,ASO,ES,Combined TRACON& Tower with Radar,23,93,48,1,165,0,471,110,1,582,23,564,158,2,747,675,0,675,1422
03/06/2018,DAB,FL,ASO,ES,Combined TRACON& Tower with Radar,21,89,36,5,151,0,478,100,0,578,21,567,136,5,729,562,0,562,1291
03/07/2018,DAB,FL,ASO,ES,Combined TRACON& Tower with Radar,20,89,25,0,134,0,305,102,3,410,20,394,127,3,544,239,0,239,783
03/08/2018,DAB,FL,ASO,ES,Combined TRACON& Tower with Radar,24,78,59,2,163,0,349,84,0,433,24,427,143,2,596,445,0,445,1041
03/09/2018,DAB,FL,ASO,ES,Combined TRACON& Tower with Radar,22,88,58,12,180,0,532,134,0,666,22,620,192,12,846,651,0,651,1497
03/10/2018,DAB,FL,ASO,ES,Combined TRACON& Tower with Radar,20,72,43,10,145,0,317,85,1,403,20,389,128,11,548,149,0,149,697
03/11/2018,DAB,FL,ASO,ES,Combined TRACON& Tower with Radar,24,31,42,14,111,0,90,59,3,152,24,121,101,17,263,251,0,251,514
03/12/2018,DAB,FL,ASO,ES,Combined TRACON& Tower with Radar,24,40,36,0,100,0,14,12,0,26,24,54,48,0,126,116,0,116,242
03/13/2018,DAB,FL,ASO,ES,Combined TRACON& Tower with Radar,20,88,54,6,168,0,503,107,0,610,20,591,161,6,778,585,2,587,1365
03/14/2018,DAB,FL,ASO,ES,Combined TRACON& Tower with Radar,22,63,55,1,141,0,426,117,5,548,22,489,172,6,689,524,0,524,1213
03/15/2018,DAB,FL,ASO,ES,Combined TRACON& Tower with Radar,22,90,52,1,165,0,431,114,2,547,22,521,166,3,712,649,0,649,1361
03/16/2018,DAB,FL,ASO,ES,Combined TRACON& Tower with Radar,22,59,55,6,142,0,472,107,0,579,22,531,162,6,721,568,0,568,1289
03/17/2018,DAB,FL,ASO,ES,Combined TRACON& Tower with Radar,20,53,47,4,124,0,288,97,0,385,20,341,144,4,509,580,0,580,1089
03/18/2018,DAB,FL,ASO,ES,Combined TRACON& Tower with Radar,22,22,43,6,93,0,109,75,3,187,22,131,118,9,280,505,0,505,785
03/19/2018,DAB,FL,ASO,ES,Combined TRACON& Tower with Radar,22,25,25,0,72,0,99,30,0,129,22,124,55,0,201,438,0,438,639
03/20/2018,DAB,FL,ASO,ES,Combined TRACON& Tower with Radar,18,15,22,1,56,0,17,13,0,30,18,32,35,1,86,74,0,74,160
03/21/2018,DAB,FL,ASO,ES,Combined TRACON& Tower with Radar,23,54,32,0,109,0,209,63,1,273,23,263,95,1,382,376,0,376,758
03/22/2018,DAB,FL,ASO,ES,Combined TRACON& Tower with Radar,20,84,49,8,161,0,519,117,2,638,20,603,166,10,799,200,0,200,999
03/23/2018,DAB,FL,ASO,ES,Combined TRACON& Tower with Radar,22,97,53,11,183,0,523,109,2,634,22,620,162,13,817,429,0,429,1246
03/24/2018,DAB,FL,ASO,ES,Combined TRACON& Tower with Radar,20,88,48,4,160,0,468,80,2,550,20,556,128,6,710,662,0,662,1372
03/25/2018,DAB,FL,ASO,ES,Combined TRACON& Tower with Radar,23,23,49,17,112,0,161,64,1,226,23,184,113,18,338,337,0,337,675
03/26/2018,DAB,FL,ASO,ES,Combined TRACON& Tower with Radar,24,147,54,1,226,0,85,19,0,104,24,232,73,1,330,290,0,290,620
03/27/2018,DAB,FL,ASO,ES,Combined TRACON& Tower with Radar,20,109,53,0,182,0,447,96,0,543,20,556,149,0,725,479,0,479,1204
03/28/2018,DAB,FL,ASO,ES,Combined TRACON& Tower with Radar,20,98,49,2,169,0,518,132,5,655,20,616,181,7,824,347,0,347,1171
03/29/2018,DAB,FL,ASO,ES,Combined TRACON& Tower with Radar,21,101,73,4,199,0,439,124,1,564,21,540,197,5,763,128,0,128,891
03/30/2018,DAB,FL,ASO,ES,Combined TRACON& Tower with Radar,24,64,61,2,151,0,330,92,0,422,24,394,153,2,573,619,0,619,1192
03/31/2018,DAB,FL,ASO,ES,Combined TRACON& Tower with Radar,22,80,62,3,167,0,301,83,0,384,22,381,145,3,551,329,0,329,880
04/01/2018,DAB,FL,ASO,ES,Combined TRACON& Tower with Radar,22,27,52,0,101,0,6,14,0,20,22,33,66,0,121,163,0,163,284
04/02/2018,DAB,FL,ASO,ES,Combined TRACON& Tower with Radar,24,113,72,0,209,0,469,114,2,585,24,582,186,2,794,700,0,700,1494
04/03/2018,DAB,FL,ASO,ES,Combined TRACON& Tower with Radar,19,130,53,0,202,0,485,116,2,603,19,615,169,2,805,437,0,437,1242
04/04/2018,DAB,FL,ASO,ES,Combined TRACON& Tower with Radar,20,38,61,0,119,0,226,132,2,360,20,264,193,2,479,243,0,243,722
04/05/2018,DAB,FL,ASO,ES,Combined TRACON& Tower with Radar,19,92,70,0,181,0,373,120,2,495,19,465,190,2,676,555,0,555,1231
04/06/2018,DAB,FL,ASO,ES,Combined TRACON& Tower with Radar,22,85,66,3,176,0,412,107,8,527,22,497,173,11,703,479,0,479,1182
04/07/2018,DAB,FL,ASO,ES,Combined TRACON& Tower with Radar,21,41,46,0,108,0,116,68,0,184,21,157,114,0,292,120,0,120,412
04/08/2018,DAB,FL,ASO,ES,Combined TRACON& Tower with Radar,20,57,74,3,154,0,0,15,0,15,20,57,89,3,169,91,0,91,260
04/09/2018,DAB,FL,ASO,ES,Combined TRACON& Tower with Radar,20,34,42,0,96,0,5,11,0,16,20,39,53,0,112,31,0,31,143
04/10/2018,DAB,FL,ASO,ES,Combined TRACON& Tower with Radar,24,11,21,0,56,0,0,2,0,2,24,11,23,0,58,60,0,60,118
04/11/2018,DAB,FL,ASO,ES,Combined TRACON& Tower with Radar,20,133,85,0,238,0,370,105,1,476,20,503,190,1,714,92,0,92,806
04/12/2018,DAB,FL,ASO,ES,Combined TRACON& Tower with Radar,20,136,64,3,223,0,513,128,0,641,20,649,192,3,864,623,0,623,1487
04/13/2018,DAB,FL,ASO,ES,Combined TRACON& Tower with Radar,20,101,73,1,195,0,482,135,2,619,20,583,208,3,814,271,0,271,1085
04/14/2018,DAB,FL,ASO,ES,Combined TRACON& Tower with Radar,19,90,46,6,161,0,233,62,4,299,19,323,108,10,460,335,0,335,795
04/15/2018,DAB,FL,ASO,ES,Combined TRACON& Tower with Radar,21,13,34,2,70,0,14,15,0,29,21,27,49,2,99,59,0,59,158
04/16/2018,DAB,FL,ASO,ES,Combined TRACON& Tower with Radar,22,82,61,4,169,0,313,94,3,410,22,395,155,7,579,455,0,455,1034
04/17/2018,DAB,FL,ASO,ES,Combined TRACON& Tower with Radar,20,106,60,0,186,0,477,114,0,591,20,583,174,0,777,610,0,610,1387
04/18/2018,DAB,FL,ASO,ES,Combined TRACON& Tower with Radar,20,93,86,0,199,0,488,124,0,612,20,581,210,0,811,841,0,841,1652
04/19/2018,DAB,FL,ASO,ES,Combined TRACON& Tower with Radar,22,92,77,6,197,0,437,111,4,552,22,529,188,10,749,745,0,745,1494
04/20/2018,DAB,FL,ASO,ES,Combined TRACON& Tower with Radar,20,181,107,6,314,0,136,46,0,182,20,317,153,6,496,312,0,312,808
04/21/2018,DAB,FL,ASO,ES,Combined TRACON& Tower with Radar,20,100,63,0,183,0,35,13,3,51,20,135,76,3,234,162,0,162,396
04/22/2018,DAB,FL,ASO,ES,Combined TRACON& Tower with Radar,22,23,42,1,88,0,21,13,0,34,22,44,55,1,122,53,0,53,175
04/23/2018,DAB,FL,ASO,ES,Combined TRACON& Tower with Radar,19,77,23,1,120,0,59,18,1,78,19,136,41,2,198,463,0,463,661
04/24/2018,DAB,FL,ASO,ES,Combined TRACON& Tower with Radar,21,138,61,0,220,0,321,89,1,411,21,459,150,1,631,538,0,538,1169
04/25/2018,DAB,FL,ASO,ES,Combined TRACON& Tower with Radar,19,111,73,2,205,0,525,114,3,642,19,636,187,5,847,872,0,872,1719
04/26/2018,DAB,FL,ASO,ES,Combined TRACON& Tower with Radar,21,103,85,0,209,0,517,128,2,647,21,620,213,2,856,692,0,692,1548
04/27/2018,DAB,FL,ASO,ES,Combined TRACON& Tower with Radar,20,89,54,1,164,0,436,114,2,552,20,525,168,3,716,796,0,796,1512
04/28/2018,DAB,FL,ASO,ES,Combined TRACON& Tower with Radar,20,84,47,4,155,0,378,80,3,461,20,462,127,7,616,795,0,795,1411
04/29/2018,DAB,FL,ASO,ES,Combined TRACON& Tower with Radar,20,28,30,4,82,0,185,69,0,254,20,213,99,4,336,193,0,193,529
04/30/2018,DAB,FL,ASO,ES,Combined TRACON& Tower with Radar,20,101,66,1,188,0,427,108,1,536,20,528,174,2,724,721,0,721,1445
05/01/2018,DAB,FL,ASO,ES,Combined TRACON& Tower with Radar,20,98,47,0,165,0,452,115,0,567,20,550,162,0,732,635,0,635,1367
05/02/2018,DAB,FL,ASO,ES,Combined TRACON& Tower with Radar,20,72,78,0,170,0,393,118,0,511,20,465,196,0,681,604,0,604,1285
05/03/2018,DAB,FL,ASO,ES,Combined TRACON& Tower with Radar,20,84,75,4,183,0,383,141,4,528,20,467,216,8,711,642,0,642,1353
05/04/2018,DAB,FL,ASO,ES,Combined TRACON& Tower with Radar,20,80,63,6,169,0,441,116,2,559,20,521,179,8,728,785,0,785,1513
05/05/2018,DAB,FL,ASO,ES,Combined TRACON& Tower with Radar,18,90,62,2,172,0,110,37,2,149,18,200,99,4,321,627,0,627,948
05/06/2018,DAB,FL,ASO,ES,Combined TRACON& Tower with Radar,20,21,41,1,83,0,10,15,0,25,20,31,56,1,108,15,0,15,123
05/07/2018,DAB,FL,ASO,ES,Combined TRACON& Tower with Radar,22,82,63,0,167,0,362,137,2,501,22,444,200,2,668,671,0,671,1339
05/08/2018,DAB,FL,ASO,ES,Combined TRACON& Tower with Radar,20,111,55,0,186,0,361,100,1,462,20,472,155,1,648,602,0,602,1250
05/09/2018,DAB,FL,ASO,ES,Combined TRACON& Tower with Radar,20,74,50,14,158,0,409,115,2,526,20,483,165,16,684,671,0,671,1355
05/10/2018,DAB,FL,ASO,ES,Combined TRACON& Tower with Radar,22,97,82,4,205,0,450,133,1,584,22,547,215,5,789,765,0,765,1554
05/11/2018,DAB,FL,ASO,ES,Combined TRACON& Tower with Radar,21,77,72,0,170,0,448,132,2,582,21,525,204,2,752,655,0,655,1407
05/12/2018,DAB,FL,ASO,ES,Combined TRACON& Tower with Radar,19,50,37,5,111,0,287,77,1,365,19,337,114,6,476,432,0,432,908
05/13/2018,DAB,FL,ASO,ES,Combined TRACON& Tower with Radar,20,34,39,8,101,0,65,31,0,96,20,99,70,8,197,162,0,162,359
05/14/2018,DAB,FL,ASO,ES,Combined TRACON& Tower with Radar,20,25,38,0,83,0,1,0,0,1,20,26,38,0,84,0,0,0,84
05/15/2018,DAB,FL,ASO,ES,Combined TRACON& Tower with Radar,19,44,47,0,110,0,16,16,1,33,19,60,63,1,143,7,0,7,150
05/16/2018,DAB,FL,ASO,ES,Combined TRACON& Tower with Radar,21,71,53,0,145,0,111,54,0,165,21,182,107,0,310,128,0,128,438
05/17/2018,DAB,FL,ASO,ES,Combined TRACON& Tower with Radar,21,101,67,4,193,0,98,41,0,139,21,199,108,4,332,205,0,205,537
05/18/2018,DAB,FL,ASO,ES,Combined TRACON& Tower with Radar,20,73,43,4,140,0,207,45,0,252,20,280,88,4,392,465,0,465,857
05/19/2018,DAB,FL,ASO,ES,Combined TRACON& Tower with Radar,19,67,42,0,128,0,46,21,0,67,19,113,63,0,195,78,24,102,297
05/20/2018,DAB,FL,ASO,ES,Combined TRACON& Tower with Radar,18,34,35,0,87,0,8,7,0,15,18,42,42,0,102,44,0,44,146
05/21/2018,DAB,FL,ASO,ES,Combined TRACON& Tower with Radar,21,124,48,0,193,0,45,7,0,52,21,169,55,0,245,149,0,149,394
05/22/2018,DAB,FL,ASO,ES,Combined TRACON& Tower with Radar,20,155,80,0,255,0,247,75,1,323,20,402,155,1,578,786,0,786,1364
05/23/2018,DAB,FL,ASO,ES,Combined TRACON& Tower with Radar,20,112,78,2,212,0,552,136,0,688,20,664,214,2,900,712,0,712,1612
05/24/2018,DAB,FL,ASO,ES,Combined TRACON& Tower with Radar,21,107,79,6,213,0,491,100,0,591,21,598,179,6,804,738,0,738,1542
05/25/2018,DAB,FL,ASO,ES,Combined TRACON& Tower with Radar,20,162,74,0,256,0,190,68,2,260,20,352,142,2,516,547,0,547,1063
05/26/2018,DAB,FL,ASO,ES,Combined TRACON& Tower with Radar,18,116,54,2,190,0,146,45,0,191,18,262,99,2,381,447,0,447,828
05/27/2018,DAB,FL,ASO,ES,Combined TRACON& Tower with Radar,16,15,9,3,43,0,3,0,0,3,16,18,9,3,46,8,0,8,54
05/28/2018,DAB,FL,ASO,ES,Combined TRACON& Tower with Radar,19,76,55,0,150,0,63,38,0,101,19,139,93,0,251,95,0,95,346
05/29/2018,DAB,FL,ASO,ES,Combined TRACON& Tower with Radar,20,66,48,0,134,0,252,62,0,314,20,318,110,0,448,237,0,237,685
05/30/2018,DAB,FL,ASO,ES,Combined TRACON& Tower with Radar,21,113,63,0,197,0,116,37,0,153,21,229,100,0,350,168,0,168,518
05/31/2018,DAB,FL,ASO,ES,Combined TRACON& Tower with Radar,19,104,50,0,173,0,310,86,0,396,19,414,136,0,569,0,0,0,569
06/01/2018,DAB,FL,ASO,ES,Combined TRACON& Tower with Radar,19,160,57,2,238,0,226,80,0,306,19,386,137,2,544,2,0,2,546
06/02/2018,DAB,FL,ASO,ES,Combined TRACON& Tower with Radar,20,125,44,10,199,0,214,63,0,277,20,339,107,10,476,9,0,9,485
06/03/2018,DAB,FL,ASO,ES,Combined TRACON& Tower with Radar,18,36,37,4,95,0,75,48,1,124,18,111,85,5,219,4,0,4,223
06/04/2018,DAB,FL,ASO,ES,Combined TRACON& Tower with Radar,24,110,49,0,183,0,252,82,0,334,24,362,131,0,517,40,0,40,557
06/05/2018,DAB,FL,ASO,ES,Combined TRACON& Tower with Radar,19,121,45,0,185,0,458,140,2,600,19,579,185,2,785,4,0,4,789
06/06/2018,DAB,FL,ASO,ES,Combined TRACON& Tower with Radar,23,92,52,0,167,0,188,57,0,245,23,280,109,0,412,6,0,6,418
06/07/2018,DAB,FL,ASO,ES,Combined TRACON& Tower with Radar,19,69,38,1,127,0,347,87,1,435,19,416,125,2,562,22,0,22,584
06/08/2018,DAB,FL,ASO,ES,Combined TRACON& Tower with Radar,22,65,58,1,146,0,292,67,1,360,22,357,125,2,506,30,0,30,536
06/09/2018,DAB,FL,ASO,ES,Combined TRACON& Tower with Radar,19,60,35,1,115,0,229,72,0,301,19,289,107,1,416,30,0,30,446
06/10/2018,DAB,FL,ASO,ES,Combined TRACON& Tower with Radar,24,26,25,7,82,0,121,63,1,185,24,147,88,8,267,6,0,6,273
06/11/2018,DAB,FL,ASO,ES,Combined TRACON& Tower with Radar,22,66,45,0,133,0,364,77,3,444,22,430,122,3,577,11,0,11,588
06/12/2018,DAB,FL,ASO,ES,Combined TRACON& Tower with Radar,23,75,36,1,135,0,376,80,1,457,23,451,116,2,592,2,0,2,594
06/13/2018,DAB,FL,ASO,ES,Combined TRACON& Tower with Radar,22,53,49,0,124,0,383,91,0,474,22,436,140,0,598,4,0,4,602
06/14/2018,DAB,FL,ASO,ES,Combined TRACON& Tower with Radar,18,46,47,1,112,0,381,83,4,468,18,427,130,5,580,4,0,4,584
06/15/2018,DAB,FL,ASO,ES,Combined TRACON& Tower with Radar,15,60,32,6,113,0,347,79,1,427,15,407,111,7,540,6,0,6,546
06/16/2018,DAB,FL,ASO,ES,Combined TRACON& Tower with Radar,18,39,23,6,86,0,267,56,0,323,18,306,79,6,409,0,0,0,409
06/17/2018,DAB,FL,ASO,ES,Combined TRACON& Tower with Radar,21,17,32,7,77,0,141,56,1,198,21,158,88,8,275,37,0,37,312
06/18/2018,DAB,FL,ASO,ES,Combined TRACON& Tower with Radar,14,104,33,2,153,0,402,105,2,509,14,506,138,4,662,594,0,594,1256
06/19/2018,DAB,FL,ASO,ES,Combined TRACON& Tower with Radar,16,82,74,0,172,0,456,94,0,550,16,538,168,0,722,30,0,30,752
06/20/2018,DAB,FL,ASO,ES,Combined TRACON& Tower with Radar,18,44,49,0,111,0,350,92,3,445,18,394,141,3,556,513,0,513,1069
06/21/2018,DAB,FL,ASO,ES,Combined TRACON& Tower with Radar,25,85,42,0,152,0,191,52,0,243,25,276,94,0,395,431,0,431,826
06/22/2018,DAB,FL,ASO,ES,Combined TRACON& Tower with Radar,20,74,82,5,181,0,289,72,3,364,20,363,154,8,545,366,0,366,911
06/23/2018,DAB,FL,ASO,ES,Combined TRACON& Tower with Radar,18,63,52,8,141,0,235,42,2,279,18,298,94,10,420,417,0,417,837
06/24/2018,DAB,FL,ASO,ES,Combined TRACON& Tower with Radar,20,58,39,7,124,0,179,48,1,228,20,237,87,8,352,289,0,289,641
06/25/2018,DAB,FL,ASO,ES,Combined TRACON& Tower with Radar,22,117,53,0,192,0,375,93,0,468,22,492,146,0,660,611,0,611,1271
06/26/2018,DAB,FL,ASO,ES,Combined TRACON& Tower with Radar,23,58,42,0,123,0,303,55,1,359,23,361,97,1,482,529,0,529,1011
06/27/2018,DAB,FL,ASO,ES,Combined TRACON& Tower with Radar,21,43,52,0,116,0,343,93,1,437,21,386,145,1,553,507,0,507,1060
06/28/2018,DAB,FL,ASO,ES,Combined TRACON& Tower with Radar,20,37,66,0,123,0,256,86,0,342,20,293,152,0,465,469,0,469,934
06/29/2018,DAB,FL,ASO,ES,Combined TRACON& Tower with Radar,22,125,89,2,238,0,171,41,0,212,22,296,130,2,450,560,0,560,1010
06/30/2018,DAB,FL,ASO,ES,Combined TRACON& Tower with Radar,18,71,46,2,137,0,146,48,0,194,18,217,94,2,331,255,0,255,586
07/01/2018,DAB,FL,ASO,ES,Combined TRACON& Tower with Radar,20,47,49,14,130,0,111,51,2,164,20,158,100,16,294,289,0,289,583
07/02/2018,DAB,FL,ASO,ES,Combined TRACON& Tower with Radar,19,92,68,0,179,0,381,91,1,473,19,473,159,1,652,523,0,523,1175
07/03/2018,DAB,FL,ASO,ES,Combined TRACON& Tower with Radar,16,107,78,1,202,0,257,59,1,317,16,364,137,2,519,548,0,548,1067
07/04/2018,DAB,FL,ASO,ES,Combined TRACON& Tower with Radar,16,40,47,0,103,0,117,46,0,163,16,157,93,0,266,365,0,365,631
07/05/2018,DAB,FL,ASO,ES,Combined TRACON& Tower with Radar,18,86,79,0,183,0,280,71,2,353,18,366,150,2,536,425,0,425,961
07/06/2018,DAB,FL,ASO,ES,Combined TRACON& Tower with Radar,19,81,90,13,203,0,284,76,2,362,19,365,166,15,565,323,0,323,888
07/07/2018,DAB,FL,ASO,ES,Combined TRACON& Tower with Radar,18,60,91,13,182,0,274,73,2,349,18,334,164,15,531,296,0,296,827
07/08/2018,DAB,FL,ASO,ES,Combined TRACON& Tower with Radar,22,34,91,8,155,0,136,55,2,193,22,170,146,10,348,332,0,332,680
07/09/2018,DAB,FL,ASO,ES,Combined TRACON& Tower with Radar,21,125,58,3,207,0,216,75,0,291,21,341,133,3,498,370,0,370,868
07/10/2018,DAB,FL,ASO,ES,Combined TRACON& Tower with Radar,22,108,65,0,195,0,508,92,0,600,22,616,157,0,795,551,0,551,1346
07/11/2018,DAB,FL,ASO,ES,Combined TRACON& Tower with Radar,22,97,53,1,173,0,502,82,4,588,22,599,135,5,761,490,0,490,1251
07/12/2018,DAB,FL,ASO,ES,Combined TRACON& Tower with Radar,22,102,62,0,186,0,477,100,0,577,22,579,162,0,763,591,0,591,1354
07/13/2018,DAB,FL,ASO,ES,Combined TRACON& Tower with Radar,27,97,62,8,194,0,405,87,1,493,27,502,149,9,687,539,0,539,1226
07/14/2018,DAB,FL,ASO,ES,Combined TRACON& Tower with Radar,16,46,36,8,106,0,242,79,0,321,16,288,115,8,427,34,0,34,461
07/15/2018,DAB,FL,ASO,ES,Combined TRACON& Tower with Radar,22,25,45,2,94,0,110,68,1,179,22,135,113,3,273,34,0,34,307
07/16/2018,DAB,FL,ASO,ES,Combined TRACON& Tower with Radar,21,53,40,0,114,0,325,63,2,390,21,378,103,2,504,10,0,10,514
07/17/2018,DAB,FL,ASO,ES,Combined TRACON& Tower with Radar,23,69,27,0,119,0,362,81,1,444,23,431,108,1,563,4,0,4,567
07/18/2018,DAB,FL,ASO,ES,Combined TRACON& Tower with Radar,21,69,41,0,131,0,288,70,2,360,21,357,111,2,491,6,0,6,497
07/19/2018,DAB,FL,ASO,ES,Combined TRACON& Tower with Radar,20,59,53,0,132,0,292,83,0,375,20,351,136,0,507,27,0,27,534
07/20/2018,DAB,FL,ASO,ES,Combined TRACON& Tower with Radar,21,74,53,2,150,0,164,41,0,205,21,238,94,2,355,46,0,46,401
07/21/2018,DAB,FL,ASO,ES,Combined TRACON& Tower with Radar,18,67,50,6,141,0,81,30,1,112,18,148,80,7,253,26,0,26,279
07/22/2018,DAB,FL,ASO,ES,Combined TRACON& Tower with Radar,21,41,37,2,101,0,14,16,0,30,21,55,53,2,131,38,0,38,169
07/23/2018,DAB,FL,ASO,ES,Combined TRACON& Tower with Radar,20,44,45,0,109,0,264,64,1,329,20,308,109,1,438,24,0,24,462
07/24/2018,DAB,FL,ASO,ES,Combined TRACON& Tower with Radar,26,65,39,2,132,0,304,49,0,353,26,369,88,2,485,0,0,0,485
07/25/2018,DAB,FL,ASO,ES,Combined TRACON& Tower with Radar,23,82,51,0,156,0,330,70,0,400,23,412,121,0,556,1,0,1,557
07/26/2018,DAB,FL,ASO,ES,Combined TRACON& Tower with Radar,22,58,58,0,138,0,388,70,2,460,22,446,128,2,598,10,0,10,608
07/27/2018,DAB,FL,ASO,ES,Combined TRACON& Tower with Radar,24,38,39,4,105,0,345,88,1,434,24,383,127,5,539,9,0,9,548
07/28/2018,DAB,FL,ASO,ES,Combined TRACON& Tower with Radar,14,34,24,7,79,0,280,44,3,327,14,314,68,10,406,7,0,7,413
07/29/2018,DAB,FL,ASO,ES,Combined TRACON& Tower with Radar,23,24,13,1,61,0,160,31,0,191,23,184,44,1,252,33,0,33,285
07/30/2018,DAB,FL,ASO,ES,Combined TRACON& Tower with Radar,25,58,31,0,114,0,303,64,0,367,25,361,95,0,481,9,0,9,490
07/31/2018,DAB,FL,ASO,ES,Combined TRACON& Tower with Radar,18,80,44,0,142,0,350,69,1,420,18,430,113,1,562,15,0,15,577
08/01/2018,DAB,FL,ASO,ES,Combined TRACON& Tower with Radar,23,60,42,4,129,0,274,76,0,350,23,334,118,4,479,18,0,18,497
08/02/2018,DAB,FL,ASO,ES,Combined TRACON& Tower with Radar,21,102,43,0,166,0,264,64,1,329,21,366,107,1,495,2,0,2,497
08/03/2018,DAB,FL,ASO,ES,Combined TRACON& Tower with Radar,24,107,46,5,182,0,285,65,7,357,24,392,111,12,539,30,0,30,569
08/04/2018,DAB,FL,ASO,ES,Combined TRACON& Tower with Radar,16,60,46,7,129,0,323,73,1,397,16,383,119,8,526,6,0,6,532
08/05/2018,DAB,FL,ASO,ES,Combined TRACON& Tower with Radar,21,49,35,6,111,0,151,43,1,195,21,200,78,7,306,4,0,4,310
08/06/2018,DAB,FL,ASO,ES,Combined TRACON& Tower with Radar,22,61,28,6,117,0,368,70,4,442,22,429,98,10,559,2,0,2,561
08/07/2018,DAB,FL,ASO,ES,Combined TRACON& Tower with Radar,22,70,31,2,125,0,421,77,6,504,22,491,108,8,629,2,0,2,631
08/08/2018,DAB,FL,ASO,ES,Combined TRACON& Tower with Radar,21,56,43,2,122,0,411,96,5,512,21,467,139,7,634,4,0,4,638
08/09/2018,DAB,FL,ASO,ES,Combined TRACON& Tower with Radar,23,39,37,1,100,0,307,92,5,404,23,346,129,6,504,9,0,9,513
08/10/2018,DAB,FL,ASO,ES,Combined TRACON& Tower with Radar,23,69,26,9,127,0,253,66,0,319,23,322,92,9,446,11,0,11,457
08/11/2018,DAB,FL,ASO,ES,Combined TRACON& Tower with Radar,16,43,27,6,92,0,171,51,0,222,16,214,78,6,314,10,0,10,324
08/12/2018,DAB,FL,ASO,ES,Combined TRACON& Tower with Radar,22,20,16,10,68,0,88,38,0,126,22,108,54,10,194,27,0,27,221
08/13/2018,DAB,FL,ASO,ES,Combined TRACON& Tower with Radar,24,73,39,0,136,0,173,59,4,236,24,246,98,4,372,47,0,47,419
08/14/2018,DAB,FL,ASO,ES,Combined TRACON& Tower with Radar,20,48,56,0,124,0,345,76,4,425,20,393,132,4,549,368,0,368,917
08/15/2018,DAB,FL,ASO,ES,Combined TRACON& Tower with Radar,19,92,43,0,154,0,440,104,0,544,19,532,147,0,698,531,0,531,1229
08/16/2018,DAB,FL,ASO,ES,Combined TRACON& Tower with Radar,20,73,61,0,154,0,353,107,0,460,20,426,168,0,614,381,0,381,995
08/17/2018,DAB,FL,ASO,ES,Combined TRACON& Tower with Radar,20,91,57,10,178,0,319,84,2,405,20,410,141,12,583,499,0,499,1082
08/18/2018,DAB,FL,ASO,ES,Combined TRACON& Tower with Radar,16,55,49,5,125,0,246,59,1,306,16,301,108,6,431,435,0,435,866
08/19/2018,DAB,FL,ASO,ES,Combined TRACON& Tower with Radar,25,32,23,4,84,0,110,59,2,171,25,142,82,6,255,131,0,131,386
08/20/2018,DAB,FL,ASO,ES,Combined TRACON& Tower with Radar,22,81,36,0,139,0,304,75,0,379,22,385,111,0,518,407,0,407,925
08/21/2018,DAB,FL,ASO,ES,Combined TRACON& Tower with Radar,20,64,53,0,137,0,264,70,0,334,20,328,123,0,471,424,0,424,895
08/22/2018,DAB,FL,ASO,ES,Combined TRACON& Tower with Radar,20,82,46,0,148,0,274,46,1,321,20,356,92,1,469,541,0,541,1010
08/23/2018,DAB,FL,ASO,ES,Combined TRACON& Tower with Radar,23,102,56,3,184,0,404,91,2,497,23,506,147,5,681,641,0,641,1322
08/24/2018,DAB,FL,ASO,ES,Combined TRACON& Tower with Radar,20,69,58,0,147,0,202,46,1,249,20,271,104,1,396,259,0,259,655
08/25/2018,DAB,FL,ASO,ES,Combined TRACON& Tower with Radar,17,91,49,5,162,0,175,45,0,220,17,266,94,5,382,476,0,476,858
08/26/2018,DAB,FL,ASO,ES,Combined TRACON& Tower with Radar,18,46,28,6,98,0,118,44,1,163,18,164,72,7,261,313,0,313,574
08/27/2018,DAB,FL,ASO,ES,Combined TRACON& Tower with Radar,19,55,53,0,127,0,178,49,2,229,19,233,102,2,356,229,11,240,596
08/28/2018,DAB,FL,ASO,ES,Combined TRACON& Tower with Radar,18,62,77,2,159,0,194,45,0,239,18,256,122,2,398,622,0,622,1020
08/29/2018,DAB,FL,ASO,ES,Combined TRACON& Tower with Radar,19,75,34,0,128,0,319,70,1,390,19,394,104,1,518,650,0,650,1168
08/30/2018,DAB,FL,ASO,ES,Combined TRACON& Tower with Radar,20,124,74,0,218,0,279,39,0,318,20,403,113,0,536,615,0,615,1151
08/31/2018,DAB,FL,ASO,ES,Combined TRACON& Tower with Radar,21,116,82,0,219,0,338,79,1,418,21,454,161,1,637,626,0,626,1263
09/01/2018,DAB,FL,ASO,ES,Combined TRACON& Tower with Radar,17,69,33,7,126,0,203,63,2,268,17,272,96,9,394,443,0,443,837
09/02/2018,DAB,FL,ASO,ES,Combined TRACON& Tower with Radar,13,48,16,7,84,0,102,27,0,129,13,150,43,7,213,390,0,390,603
09/03/2018,DAB,FL,ASO,ES,Combined TRACON& Tower with Radar,20,44,50,0,114,0,142,39,0,181,20,186,89,0,295,377,0,377,672
09/04/2018,DAB,FL,ASO,ES,Combined TRACON& Tower with Radar,19,123,57,0,199,0,326,71,0,397,19,449,128,0,596,425,0,425,1021
09/05/2018,DAB,FL,ASO,ES,Combined TRACON& Tower with Radar,18,130,57,0,205,0,443,86,1,530,18,573,143,1,735,745,0,745,1480
09/06/2018,DAB,FL,ASO,ES,Combined TRACON& Tower with Radar,18,145,66,0,229,0,358,79,0,437,18,503,145,0,666,713,0,713,1379
09/07/2018,DAB,FL,ASO,ES,Combined TRACON& Tower with Radar,18,111,57,4,190,0,479,91,1,571,18,590,148,5,761,568,0,568,1329
09/08/2018,DAB,FL,ASO,ES,Combined TRACON& Tower with Radar,16,88,48,5,157,0,287,68,0,355,16,375,116,5,512,424,0,424,936
09/09/2018,DAB,FL,ASO,ES,Combined TRACON& Tower with Radar,20,35,32,4,91,0,225,64,0,289,20,260,96,4,380,407,0,407,787
09/10/2018,DAB,FL,ASO,ES,Combined TRACON& Tower with Radar,22,57,45,0,124,0,390,73,0,463,22,447,118,0,587,422,0,422,1009
09/11/2018,DAB,FL,ASO,ES,Combined TRACON& Tower with Radar,20,90,60,0,170,0,482,78,2,562,20,572,138,2,732,551,0,551,1283
09/12/2018,DAB,FL,ASO,ES,Combined TRACON& Tower with Radar,20,173,87,0,280,0,319,71,0,390,20,492,158,0,670,627,0,627,1297
09/13/2018,DAB,FL,ASO,ES,Combined TRACON& Tower with Radar,20,93,65,0,178,0,391,98,2,491,20,484,163,2,669,652,0,652,1321
09/14/2018,DAB,FL,ASO,ES,Combined TRACON& Tower with Radar,20,96,40,14,170,0,508,96,0,604,20,604,136,14,774,514,0,514,1288
09/15/2018,DAB,FL,ASO,ES,Combined TRACON& Tower with Radar,12,64,29,1,106,0,346,83,0,429,12,410,112,1,535,551,0,551,1086
09/16/2018,DAB,FL,ASO,ES,Combined TRACON& Tower with Radar,14,41,39,1,95,0,207,49,0,256,14,248,88,1,351,318,0,318,669
09/17/2018,DAB,FL,ASO,ES,Combined TRACON& Tower with Radar,22,82,66,3,173,0,444,79,1,524,22,526,145,4,697,601,0,601,1298
09/18/2018,DAB,FL,ASO,ES,Combined TRACON& Tower with Radar,19,72,50,2,143,0,391,75,0,466,19,463,125,2,609,689,0,689,1298
09/19/2018,DAB,FL,ASO,ES,Combined TRACON& Tower with Radar,21,97,56,0,174,0,464,107,0,571,21,561,163,0,745,633,0,633,1378
09/20/2018,DAB,FL,ASO,ES,Combined TRACON& Tower with Radar,20,113,59,5,197,0,455,111,4,570,20,568,170,9,767,762,0,762,1529
09/21/2018,DAB,FL,ASO,ES,Combined TRACON& Tower with Radar,20,115,57,15,207,0,411,75,3,489,20,526,132,18,696,721,0,721,1417
09/22/2018,DAB,FL,ASO,ES,Combined TRACON& Tower with Radar,18,98,44,0,160,0,218,43,0,261,18,316,87,0,421,458,0,458,879
09/23/2018,DAB,FL,ASO,ES,Combined TRACON& Tower with Radar,19,57,45,4,125,0,219,59,0,278,19,276,104,4,403,454,0,454,857
09/24/2018,DAB,FL,ASO,ES,Combined TRACON& Tower with Radar,21,134,29,0,184,0,345,68,0,413,21,479,97,0,597,595,0,595,1192
09/25/2018,DAB,FL,ASO,ES,Combined TRACON& Tower with Radar,21,109,56,0,186,0,468,122,0,590,21,577,178,0,776,579,0,579,1355
09/26/2018,DAB,FL,ASO,ES,Combined TRACON& Tower with Radar,20,125,50,2,197,0,469,80,1,550,20,594,130,3,747,748,0,748,1495
09/27/2018,DAB,FL,ASO,ES,Combined TRACON& Tower with Radar,20,115,62,2,199,0,486,100,0,586,20,601,162,2,785,571,0,571,1356
09/28/2018,DAB,FL,ASO,ES,Combined TRACON& Tower with Radar,21,103,52,17,193,0,486,96,2,584,21,589,148,19,777,567,0,567,1344
09/29/2018,DAB,FL,ASO,ES,Combined TRACON& Tower with Radar,16,93,26,6,141,0,319,58,0,377,16,412,84,6,518,508,0,508,1026
09/30/2018,DAB,FL,ASO,ES,Combined TRACON& Tower with Radar,20,53,47,5,125,0,210,49,1,260,20,263,96,6,385,358,0,358,743
10/01/2018,DAB,FL,ASO,ES,Combined TRACON& Tower with Radar,20,59,24,1,104,0,69,46,2,117,20,128,70,3,221,350,0,350,571
10/02/2018,DAB,FL,ASO,ES,Combined TRACON& Tower with Radar,20,126,61,2,209,0,407,108,7,522,20,533,169,9,731,754,0,754,1485
10/03/2018,DAB,FL,ASO,ES,Combined TRACON& Tower with Radar,20,132,55,2,209,0,473,106,0,579,20,605,161,2,788,609,0,609,1397
10/04/2018,DAB,FL,ASO,ES,Combined TRACON& Tower with Radar,20,134,53,0,207,0,508,109,0,617,20,642,162,0,824,692,0,692,1516
10/05/2018,DAB,FL,ASO,ES,Combined TRACON& Tower with Radar,20,103,44,7,174,0,530,97,0,627,20,633,141,7,801,650,0,650,1451
10/06/2018,DAB,FL,ASO,ES,Combined TRACON& Tower with Radar,16,101,26,3,146,0,294,61,0,355,16,395,87,3,501,484,30,514,1015
10/07/2018,DAB,FL,ASO,ES,Combined TRACON& Tower with Radar,23,45,32,15,115,0,172,42,1,215,23,217,74,16,330,8,0,8,338
10/08/2018,DAB,FL,ASO,ES,Combined TRACON& Tower with Radar,22,53,21,0,96,0,150,36,1,187,22,203,57,1,283,2,0,2,285
10/09/2018,DAB,FL,ASO,ES,Combined TRACON& Tower with Radar,20,77,38,1,136,0,30,10,0,40,20,107,48,1,176,6,0,6,182
10/10/2018,DAB,FL,ASO,ES,Combined TRACON& Tower with Radar,21,95,25,0,141,0,172,37,2,211,21,267,62,2,352,12,0,12,364
10/11/2018,DAB,FL,ASO,ES,Combined TRACON& Tower with Radar,17,125,29,3,174,0,259,65,1,325,17,384,94,4,499,5,0,5,504
10/12/2018,DAB,FL,ASO,ES,Combined TRACON& Tower with Radar,20,157,35,2,214,0,483,102,0,585,20,640,137,2,799,6,0,6,805
10/13/2018,DAB,FL,ASO,ES,Combined TRACON& Tower with Radar,21,77,26,3,127,0,492,68,0,560,21,569,94,3,687,17,0,17,704
10/14/2018,DAB,FL,ASO,ES,Combined TRACON& Tower with Radar,20,46,35,3,104,0,313,59,2,374,20,359,94,5,478,13,0,13,491
10/15/2018,DAB,FL,ASO,ES,Combined TRACON& Tower with Radar,19,97,31,4,151,0,473,107,2,582,19,570,138,6,733,2,0,2,735
10/16/2018,DAB,FL,ASO,ES,Combined TRACON& Tower with Radar,21,101,42,0,164,0,541,111,2,654,21,642,153,2,818,6,0,6,824
10/17/2018,DAB,FL,ASO,ES,Combined TRACON& Tower with Radar,21,92,40,1,154,0,501,106,3,610,21,593,146,4,764,2,0,2,766
10/18/2018,DAB,FL,ASO,ES,Combined TRACON& Tower with Radar,21,134,62,2,219,0,365,97,1,463,21,499,159,3,682,6,0,6,688
10/19/2018,DAB,FL,ASO,ES,Combined TRACON& Tower with Radar,22,123,42,0,187,0,248,72,3,323,22,371,114,3,510,34,0,34,544
10/20/2018,DAB,FL,ASO,ES,Combined TRACON& Tower with Radar,18,72,29,8,127,0,336,88,0,424,18,408,117,8,551,36,0,36,587
10/21/2018,DAB,FL,ASO,ES,Combined TRACON& Tower with Radar,20,39,40,6,105,0,169,63,1,233,20,208,103,7,338,12,0,12,350
10/22/2018,DAB,FL,ASO,ES,Combined TRACON& Tower with Radar,20,98,29,0,147,0,446,67,0,513,20,544,96,0,660,573,0,573,1233
10/23/2018,DAB,FL,ASO,ES,Combined TRACON& Tower with Radar,20,132,55,5,212,0,331,50,1,382,20,463,105,6,594,491,0,491,1085
10/24/2018,DAB,FL,ASO,ES,Combined TRACON& Tower with Radar,20,144,55,0,219,0,106,25,0,131,20,250,80,0,350,185,0,185,535
10/25/2018,DAB,FL,ASO,ES,Combined TRACON& Tower with Radar,19,122,43,2,186,0,28,5,0,33,19,150,48,2,219,80,0,80,299
10/26/2018,DAB,FL,ASO,ES,Combined TRACON& Tower with Radar,22,142,70,2,236,0,141,40,1,182,22,283,110,3,418,352,0,352,770
10/27/2018,DAB,FL,ASO,ES,Combined TRACON& Tower with Radar,17,81,64,0,162,0,378,99,0,477,17,459,163,0,639,537,0,537,1176
10/28/2018,DAB,FL,ASO,ES,Combined TRACON& Tower with Radar,17,77,42,0,136,0,360,89,2,451,17,437,131,2,587,190,0,190,777
10/29/2018,DAB,FL,ASO,ES,Combined TRACON& Tower with Radar,19,123,45,1,188,0,553,101,2,656,19,676,146,3,844,699,0,699,1543
10/30/2018,DAB,FL,ASO,ES,Combined TRACON& Tower with Radar,18,118,51,0,187,0,587,124,1,712,18,705,175,1,899,651,0,651,1550
10/31/2018,DAB,FL,ASO,ES,Combined TRACON& Tower with Radar,16,106,54,1,177,0,559,108,3,670,16,665,162,4,847,741,0,741,1588
11/01/2018,DAB,FL,ASO,ES,Combined TRACON& Tower with Radar,18,89,42,1,150,0,537,109,1,647,18,626,151,2,797,11,0,11,808
11/02/2018,DAB,FL,ASO,ES,Combined TRACON& Tower with Radar,22,79,40,4,145,0,199,64,0,263,22,278,104,4,408,122,0,122,530
11/03/2018,DAB,FL,ASO,ES,Combined TRACON& Tower with Radar,18,84,40,2,144,0,384,65,0,449,18,468,105,2,593,284,0,284,877
11/04/2018,DAB,FL,ASO,ES,Combined TRACON& Tower with Radar,18,74,45,2,139,0,97,23,0,120,18,171,68,2,259,398,0,398,657
11/05/2018,DAB,FL,ASO,ES,Combined TRACON& Tower with Radar,21,113,51,3,188,0,458,84,1,543,21,571,135,4,731,577,0,577,1308
11/06/2018,DAB,FL,ASO,ES,Combined TRACON& Tower with Radar,20,125,54,1,200,0,591,97,2,690,20,716,151,3,890,713,0,713,1603
11/07/2018,DAB,FL,ASO,ES,Combined TRACON& Tower with Radar,22,110,38,0,170,0,512,129,1,642,22,622,167,1,812,709,0,709,1521
11/08/2018,DAB,FL,ASO,ES,Combined TRACON& Tower with Radar,23,96,37,3,159,0,439,83,0,522,23,535,120,3,681,669,0,669,1350
11/09/2018,DAB,FL,ASO,ES,Combined TRACON& Tower with Radar,24,101,49,2,176,0,444,90,0,534,24,545,139,2,710,793,0,793,1503
11/10/2018,DAB,FL,ASO,ES,Combined TRACON& Tower with Radar,18,147,72,10,247,0,57,18,0,75,18,204,90,10,322,26,0,26,348
11/11/2018,DAB,FL,ASO,ES,Combined TRACON& Tower with Radar,24,99,47,2,172,0,222,50,0,272,24,321,97,2,444,448,0,448,892
11/12/2018,DAB,FL,ASO,ES,Combined TRACON& Tower with Radar,22,134,65,0,221,0,157,41,0,198,22,291,106,0,419,166,0,166,585
11/13/2018,DAB,FL,ASO,ES,Combined TRACON& Tower with Radar,20,111,52,10,193,0,403,109,1,513,20,514,161,11,706,639,0,639,1345
11/14/2018,DAB,FL,ASO,ES,Combined TRACON& Tower with Radar,23,238,87,1,349,0,104,38,1,143,23,342,125,2,492,734,0,734,1226
11/15/2018,DAB,FL,ASO,ES,Combined TRACON& Tower with Radar,23,202,47,6,278,0,144,41,1,186,23,346,88,7,464,415,72,487,951
11/16/2018,DAB,FL,ASO,ES,Combined TRACON& Tower with Radar,22,222,57,2,303,0,384,85,1,470,22,606,142,3,773,256,0,256,1029
11/17/2018,DAB,FL,ASO,ES,Combined TRACON& Tower with Radar,16,97,41,9,163,0,486,114,2,602,16,583,155,11,765,328,0,328,1093
11/18/2018,DAB,FL,ASO,ES,Combined TRACON& Tower with Radar,24,82,46,9,161,0,330,66,1,397,24,412,112,10,558,355,0,355,913
11/19/2018,DAB,FL,ASO,ES,Combined TRACON& Tower with Radar,19,213,84,2,318,0,317,51,3,371,19,530,135,5,689,265,0,265,954
11/20/2018,DAB,FL,ASO,ES,Combined TRACON& Tower with Radar,25,148,52,0,225,0,139,20,4,163,25,287,72,4,388,371,0,371,759
11/21/2018,DAB,FL,ASO,ES,Combined TRACON& Tower with Radar,20,109,48,0,177,0,517,86,1,604,20,626,134,1,781,643,0,643,1424
11/22/2018,DAB,FL,ASO,ES,Combined TRACON& Tower with Radar,12,6,9,0,27,0,0,9,0,9,12,6,18,0,36,60,0,60,96
11/23/2018,DAB,FL,ASO,ES,Combined TRACON& Tower with Radar,18,73,26,0,117,0,206,51,0,257,18,279,77,0,374,399,0,399,773
11/24/2018,DAB,FL,ASO,ES,Combined TRACON& Tower with Radar,17,73,47,0,137,0,301,72,0,373,17,374,119,0,510,345,0,345,855
11/25/2018,DAB,FL,ASO,ES,Combined TRACON& Tower with Radar,22,80,55,0,157,0,114,39,0,153,22,194,94,0,310,417,0,417,727
11/26/2018,DAB,FL,ASO,ES,Combined TRACON& Tower with Radar,20,71,34,0,125,0,165,24,1,190,20,236,58,1,315,140,0,140,455
11/27/2018,DAB,FL,ASO,ES,Combined TRACON& Tower with Radar,18,106,65,0,189,0,501,94,3,598,18,607,159,3,787,577,0,577,1364
11/28/2018,DAB,FL,ASO,ES,Combined TRACON& Tower with Radar,16,118,68,0,202,0,528,88,0,616,16,646,156,0,818,730,0,730,1548
11/29/2018,DAB,FL,ASO,ES,Combined TRACON& Tower with Radar,16,146,45,2,209,0,567,85,0,652,16,713,130,2,861,694,0,694,1555
11/30/2018,DAB,FL,ASO,ES,Combined TRACON& Tower with Radar,20,117,47,3,187,0,599,81,3,683,20,716,128,6,870,678,0,678,1548
12/01/2018,DAB,FL,ASO,ES,Combined TRACON& Tower with Radar,14,96,38,8,156,0,243,41,1,285,14,339,79,9,441,292,0,292,733
12/02/2018,DAB,FL,ASO,ES,Combined TRACON& Tower with Radar,18,56,36,1,111,0,175,42,0,217,18,231,78,1,328,279,0,279,607
12/03/2018,DAB,FL,ASO,ES,Combined TRACON& Tower with Radar,16,60,34,0,110,0,139,24,0,163,16,199,58,0,273,239,0,239,512
12/04/2018,DAB,FL,ASO,ES,Combined TRACON& Tower with Radar,18,138,65,0,221,0,480,68,1,549,18,618,133,1,770,559,0,559,1329
12/05/2018,DAB,FL,ASO,ES,Combined TRACON& Tower with Radar,18,109,31,0,158,0,510,101,3,614,18,619,132,3,772,54,0,54,826
12/06/2018,DAB,FL,ASO,ES,Combined TRACON& Tower with Radar,18,112,68,0,198,0,556,106,0,662,18,668,174,0,860,507,0,507,1367
12/07/2018,DAB,FL,ASO,ES,Combined TRACON& Tower with Radar,18,97,65,0,180,0,459,99,0,558,18,556,164,0,738,506,0,506,1244
12/08/2018,DAB,FL,ASO,ES,Combined TRACON& Tower with Radar,12,84,48,4,148,0,361,94,0,455,12,445,142,4,603,526,0,526,1129
12/09/2018,DAB,FL,ASO,ES,Combined TRACON& Tower with Radar,10,36,17,0,63,0,8,0,0,8,10,44,17,0,71,154,0,154,225
12/10/2018,DAB,FL,ASO,ES,Combined TRACON& Tower with Radar,14,129,45,2,190,0,67,27,1,95,14,196,72,3,285,509,0,509,794
12/11/2018,DAB,FL,ASO,ES,Combined TRACON& Tower with Radar,20,113,56,1,190,0,356,80,5,441,20,469,136,6,631,277,0,277,908
12/12/2018,DAB,FL,ASO,ES,Combined TRACON& Tower with Radar,18,129,58,4,209,0,473,145,1,619,18,602,203,5,828,621,0,621,1449
12/13/2018,DAB,FL,ASO,ES,Combined TRACON& Tower with Radar,22,142,62,0,226,0,398,90,0,488,22,540,152,0,714,596,0,596,1310
12/14/2018,DAB,FL,ASO,ES,Combined TRACON& Tower with Radar,18,30,25,1,74,0,100,33,0,133,18,130,58,1,207,185,0,185,392
12/15/2018,DAB,FL,ASO,ES,Combined TRACON& Tower with Radar,14,117,44,0,175,0,93,18,1,112,14,210,62,1,287,336,0,336,623
12/16/2018,DAB,FL,ASO,ES,Combined TRACON& Tower with Radar,24,66,41,4,135,0,196,57,0,253,24,262,98,4,388,284,0,284,672
12/17/2018,DAB,FL,ASO,ES,Combined TRACON& Tower with Radar,20,87,61,0,168,0,313,58,0,371,20,400,119,0,539,651,0,651,1190
12/18/2018,DAB,FL,ASO,ES,Combined TRACON& Tower with Radar,20,113,63,3,199,0,368,98,2,468,20,481,161,5,667,442,0,442,1109
12/19/2018,DAB,FL,ASO,ES,Combined TRACON& Tower with Radar,21,90,53,5,169,0,327,83,3,413,21,417,136,8,582,540,0,540,1122
12/20/2018,DAB,FL,ASO,ES,Combined TRACON& Tower with Radar,20,5,17,0,42,0,6,3,0,9,20,11,20,0,51,14,0,14,65
12/21/2018,DAB,FL,ASO,ES,Combined TRACON& Tower with Radar,22,10,35,0,67,0,23,9,0,32,22,33,44,0,99,29,0,29,128
12/22/2018,DAB,FL,ASO,ES,Combined TRACON& Tower with Radar,19,68,40,3,130,0,260,47,0,307,19,328,87,3,437,340,0,340,777
12/23/2018,DAB,FL,ASO,ES,Combined TRACON& Tower with Radar,20,40,39,11,110,0,105,47,0,152,20,145,86,11,262,189,0,189,451
12/24/2018,DAB,FL,ASO,ES,Combined TRACON& Tower with Radar,22,12,15,4,53,0,50,19,0,69,22,62,34,4,122,69,0,69,191
12/25/2018,DAB,FL,ASO,ES,Combined TRACON& Tower with Radar,18,1,15,0,34,0,1,27,0,28,18,2,42,0,62,0,0,0,62
12/26/2018,DAB,FL,ASO,ES,Combined TRACON& Tower with Radar,22,28,51,1,102,0,115,53,0,168,22,143,104,1,270,106,0,106,376
12/27/2018,DAB,FL,ASO,ES,Combined TRACON& Tower with Radar,27,47,47,2,123,0,59,39,4,102,27,106,86,6,225,122,0,122,347
12/28/2018,DAB,FL,ASO,ES,Combined TRACON& Tower with Radar,24,36,38,7,105,0,50,22,0,72,24,86,60,7,177,10,0,10,187
12/29/2018,DAB,FL,ASO,ES,Combined TRACON& Tower with Radar,21,44,47,14,126,0,24,12,0,36,21,68,59,14,162,160,0,160,322
12/30/2018,DAB,FL,ASO,ES,Combined TRACON& Tower with Radar,17,24,42,16,99,0,34,26,0,60,17,58,68,16,159,108,0,108,267
12/31/2018,DAB,FL,ASO,ES,Combined TRACON& Tower with Radar,25,22,17,0,64,0,79,48,2,129,25,101,65,2,193,40,0,40,233
01/01/2019,DAB,FL,ASO,ES,Combined TRACON& Tower with Radar,18,3,22,0,43,0,3,39,0,42,18,6,61,0,85,8,0,8,93
01/02/2019,DAB,FL,ASO,ES,Combined TRACON& Tower with Radar,20,49,64,0,133,0,156,57,0,213,20,205,121,0,346,191,0,191,537
01/03/2019,DAB,FL,ASO,ES,Combined TRACON& Tower with Radar,27,88,88,0,203,0,236,71,1,308,27,324,159,1,511,370,0,370,881
01/04/2019,DAB,FL,ASO,ES,Combined TRACON& Tower with Radar,18,45,46,1,110,0,79,21,0,100,18,124,67,1,210,137,0,137,347
01/05/2019,DAB,FL,ASO,ES,Combined TRACON& Tower with Radar,18,78,77,6,179,0,283,75,4,362,18,361,152,10,541,344,0,344,885
01/06/2019,DAB,FL,ASO,ES,Combined TRACON& Tower with Radar,28,50,52,7,137,0,226,99,1,326,28,276,151,8,463,369,0,369,832
01/07/2019,DAB,FL,ASO,ES,Combined TRACON& Tower with Radar,22,90,67,0,179,0,359,97,0,456,22,449,164,0,635,554,0,554,1189
01/08/2019,DAB,FL,ASO,ES,Combined TRACON& Tower with Radar,22,91,45,2,160,0,426,107,0,533,22,517,152,2,693,621,0,621,1314
01/09/2019,DAB,FL,ASO,ES,Combined TRACON& Tower with Radar,26,65,46,1,138,0,410,102,1,513,26,475,148,2,651,578,0,578,1229
01/10/2019,DAB,FL,ASO,ES,Combined TRACON& Tower with Radar,22,59,57,3,141,0,459,91,1,551,22,518,148,4,692,37,0,37,729
01/11/2019,DAB,FL,ASO,ES,Combined TRACON& Tower with Radar,28,82,53,2,165,0,488,107,4,599,28,570,160,6,764,551,0,551,1315
01/12/2019,DAB,FL,ASO,ES,Combined TRACON& Tower with Radar,22,71,48,1,142,0,326,89,0,415,22,397,137,1,557,404,0,404,961
01/13/2019,DAB,FL,ASO,ES,Combined TRACON& Tower with Radar,25,33,38,3,99,0,214,74,2,290,25,247,112,5,389,328,0,328,717
01/14/2019,DAB,FL,ASO,ES,Combined TRACON& Tower with Radar,29,124,67,4,224,0,290,65,1,356,29,414,132,5,580,562,0,562,1142
01/15/2019,DAB,FL,ASO,ES,Combined TRACON& Tower with Radar,20,97,85,3,205,0,470,83,0,553,20,567,168,3,758,616,0,616,1374
01/16/2019,DAB,FL,ASO,ES,Combined TRACON& Tower with Radar,24,101,54,1,180,0,538,112,3,653,24,639,166,4,833,548,0,548,1381
01/17/2019,DAB,FL,ASO,ES,Combined TRACON& Tower with Radar,22,97,66,0,185,0,499,109,2,610,22,596,175,2,795,699,0,699,1494
01/18/2019,DAB,FL,ASO,ES,Combined TRACON& Tower with Radar,23,106,64,5,198,0,513,125,1,639,23,619,189,6,837,564,0,564,1401
01/19/2019,DAB,FL,ASO,ES,Combined TRACON& Tower with Radar,20,88,62,10,180,0,363,109,1,473,20,451,171,11,653,477,0,477,1130
01/20/2019,DAB,FL,ASO,ES,Combined TRACON& Tower with Radar,22,25,17,6,70,0,30,25,1,56,22,55,42,7,126,59,0,59,185
01/21/2019,DAB,FL,ASO,ES,Combined TRACON& Tower with Radar,20,82,52,2,156,0,366,94,0,460,20,448,146,2,616,282,0,282,898
01/22/2019,DAB,FL,ASO,ES,Combined TRACON& Tower with Radar,22,87,48,0,157,0,332,77,0,409,22,419,125,0,566,4,0,4,570
01/23/2019,DAB,FL,ASO,ES,Combined TRACON& Tower with Radar,23,110,60,5,198,0,312,77,3,392,23,422,137,8,590,0,0,0,590
01/24/2019,DAB,FL,ASO,ES,Combined TRACON& Tower with Radar,23,65,40,0,128,0,183,25,2,210,23,248,65,2,338,109,0,109,447
01/25/2019,DAB,FL,ASO,ES,Combined TRACON& Tower with Radar,22,111,95,2,230,0,495,147,4,646,22,606,242,6,876,224,0,224,1100
01/26/2019,DAB,FL,ASO,ES,Combined TRACON& Tower with Radar,19,78,111,4,212,0,383,107,1,491,19,461,218,5,703,329,6,335,1038
01/27/2019,DAB,FL,ASO,ES,Combined TRACON& Tower with Radar,21,35,64,0,120,0,1,1,0,2,21,36,65,0,122,0,0,0,122
01/28/2019,DAB,FL,ASO,ES,Combined TRACON& Tower with Radar,24,114,76,2,216,0,333,50,2,385,24,447,126,4,601,70,0,70,671
01/29/2019,DAB,FL,ASO,ES,Combined TRACON& Tower with Radar,14,89,49,2,154,0,602,116,2,720,14,691,165,4,874,538,0,538,1412
01/30/2019,DAB,FL,ASO,ES,Combined TRACON& Tower with Radar,26,109,69,1,205,0,454,96,1,551,26,563,165,2,756,37,0,37,793
01/31/2019,DAB,FL,ASO,ES,Combined TRACON& Tower with Radar,25,116,72,0,213,0,420,63,9,492,25,536,135,9,705,387,0,387,1092
02/01/2019,DAB,FL,ASO,ES,Combined TRACON& Tower with Radar,23,118,63,5,209,0,461,76,2,539,23,579,139,7,748,703,0,703,1451
02/02/2019,DAB,FL,ASO,ES,Combined TRACON& Tower with Radar,20,118,41,4,183,0,124,30,1,155,20,242,71,5,338,428,0,428,766
02/03/2019,DAB,FL,ASO,ES,Combined TRACON& Tower with Radar,23,34,27,7,91,0,0,0,0,0,23,34,27,7,91,0,0,0,91
02/04/2019,DAB,FL,ASO,ES,Combined TRACON& Tower with Radar,26,230,81,3,340,0,56,21,0,77,26,286,102,3,417,10,0,10,427
02/05/2019,DAB,FL,ASO,ES,Combined TRACON& Tower with Radar,20,100,53,0,173,0,566,145,0,711,20,666,198,0,884,664,0,664,1548
02/06/2019,DAB,FL,ASO,ES,Combined TRACON& Tower with Radar,21,128,66,0,215,0,537,132,2,671,21,665,198,2,886,683,0,683,1569
02/07/2019,DAB,FL,ASO,ES,Combined TRACON& Tower with Radar,21,110,82,4,217,0,581,131,0,712,21,691,213,4,929,541,0,541,1470
02/08/2019,DAB,FL,ASO,ES,Combined TRACON& Tower with Radar,18,118,104,7,247,0,523,115,4,642,18,641,219,11,889,602,0,602,1491
02/09/2019,DAB,FL,ASO,ES,Combined TRACON& Tower with Radar,14,68,60,4,146,0,104,33,0,137,14,172,93,4,283,13,0,13,296
02/10/2019,DAB,FL,ASO,ES,Combined TRACON& Tower with Radar,16,71,97,0,184,0,16,2,0,18,16,87,99,0,202,269,0,269,471
02/11/2019,DAB,FL,ASO,ES,Combined TRACON& Tower with Radar,17,121,88,2,228,0,434,91,1,526,17,555,179,3,754,668,0,668,1422
02/12/2019,DAB,FL,ASO,ES,Combined TRACON& Tower with Radar,16,122,68,1,207,0,118,36,0,154,16,240,104,1,361,262,0,262,623
02/13/2019,DAB,FL,ASO,ES,Combined TRACON& Tower with Radar,19,169,99,8,295,0,200,45,2,247,19,369,144,10,542,509,0,509,1051
02/14/2019,DAB,FL,ASO,ES,Combined TRACON& Tower with Radar,19,108,123,5,255,0,464,91,4,559,19,572,214,9,814,470,2,472,1286
02/15/2019,DAB,FL,ASO,ES,Combined TRACON& Tower with Radar,21,98,82,14,215,0,406,88,3,497,21,504,170,17,712,495,0,495,1207
02/16/2019,DAB,FL,ASO,ES,Combined TRACON& Tower with Radar,16,84,70,22,192,0,280,70,8,358,16,364,140,30,550,330,0,330,880
02/17/2019,DAB,FL,ASO,ES,Combined TRACON& Tower with Radar,20,67,201,5,293,0,88,118,23,229,20,155,319,28,522,10,0,10,532
02/18/2019,DAB,FL,ASO,ES,Combined TRACON& Tower with Radar,26,86,112,4,228,0,368,95,0,463,26,454,207,4,691,522,0,522,1213
02/19/2019,DAB,FL,ASO,ES,Combined TRACON& Tower with Radar,19,159,88,2,268,0,91,23,0,114,19,250,111,2,382,172,0,172,554
02/20/2019,DAB,FL,ASO,ES,Combined TRACON& Tower with Radar,20,128,64,7,219,0,376,88,4,468,20,504,152,11,687,121,0,121,808
02/21/2019,DAB,FL,ASO,ES,Combined TRACON& Tower with Radar,20,141,71,2,234,0,398,99,7,504,20,539,170,9,738,615,0,615,1353
02/22/2019,DAB,FL,ASO,ES,Combined TRACON& Tower with Radar,19,130,53,8,210,0,578,117,5,700,19,708,170,13,910,707,0,707,1617
02/23/2019,DAB,FL,ASO,ES,Combined TRACON& Tower with Radar,16,129,58,6,209,0,247,53,0,300,16,376,111,6,509,617,0,617,1126
02/24/2019,DAB,FL,ASO,ES,Combined TRACON& Tower with Radar,18,51,34,9,112,2,84,38,1,125,20,135,72,10,237,275,0,275,512
02/25/2019,DAB,FL,ASO,ES,Combined TRACON& Tower with Radar,20,111,60,0,191,0,441,91,2,534,20,552,151,2,725,365,0,365,1090
02/26/2019,DAB,FL,ASO,ES,Combined TRACON& Tower with Radar,18,117,49,2,186,0,421,71,3,495,18,538,120,5,681,688,0,688,1369
02/27/2019,DAB,FL,ASO,ES,Combined TRACON& Tower with Radar,18,97,61,0,176,0,409,70,0,479,18,506,131,0,655,403,0,403,1058
02/28/2019,DAB,FL,ASO,ES,Combined TRACON& Tower with Radar,19,145,73,5,242,0,343,64,1,408,19,488,137,6,650,518,0,518,1168
03/01/2019,DAB,FL,ASO,ES,Combined TRACON& Tower with Radar,19,100,58,9,186,0,548,94,1,643,19,648,152,10,829,571,0,571,1400
03/02/2019,DAB,FL,ASO,ES,Combined TRACON& Tower with Radar,19,96,53,18,186,0,477,80,3,560,19,573,133,21,746,611,0,611,1357
03/03/2019,DAB,FL,ASO,ES,Combined TRACON& Tower with Radar,21,47,67,21,156,0,240,71,2,313,21,287,138,23,469,343,0,343,812
03/04/2019,DAB,FL,ASO,ES,Combined TRACON& Tower with Radar,25,188,75,8,296,0,219,33,0,252,25,407,108,8,548,398,0,398,946
03/05/2019,DAB,FL,ASO,ES,Combined TRACON& Tower with Radar,22,149,61,0,232,0,129,18,1,148,22,278,79,1,380,380,0,380,760
03/06/2019,DAB,FL,ASO,ES,Combined TRACON& Tower with Radar,22,107,51,1,181,0,529,119,4,652,22,636,170,5,833,417,0,417,1250
03/07/2019,DAB,FL,ASO,ES,Combined TRACON& Tower with Radar,24,111,73,1,209,0,609,123,4,736,24,720,196,5,945,685,0,685,1630
03/08/2019,DAB,FL,ASO,ES,Combined TRACON& Tower with Radar,21,151,71,11,254,0,552,114,0,666,21,703,185,11,920,639,0,639,1559
03/09/2019,DAB,FL,ASO,ES,Combined TRACON& Tower with Radar,21,80,47,18,166,0,369,89,4,462,21,449,136,22,628,522,0,522,1150
03/10/2019,DAB,FL,ASO,ES,Combined TRACON& Tower with Radar,23,69,63,26,181,0,200,60,0,260,23,269,123,26,441,500,0,500,941
03/11/2019,DAB,FL,ASO,ES,Combined TRACON& Tower with Radar,24,116,51,7,198,0,451,130,2,583,24,567,181,9,781,625,0,625,1406
03/12/2019,DAB,FL,ASO,ES,Combined TRACON& Tower with Radar,23,117,98,7,245,0,167,48,2,217,23,284,146,9,462,327,0,327,789
03/13/2019,DAB,FL,ASO,ES,Combined TRACON& Tower with Radar,24,99,57,7,187,0,390,119,1,510,24,489,176,8,697,222,0,222,919
03/14/2019,DAB,FL,ASO,ES,Combined TRACON& Tower with Radar,23,85,47,11,166,0,383,127,0,510,23,468,174,11,676,32,0,32,708
03/15/2019,DAB,FL,ASO,ES,Combined TRACON& Tower with Radar,23,106,78,24,231,0,490,124,2,616,23,596,202,26,847,622,0,622,1469
03/16/2019,DAB,FL,ASO,ES,Combined TRACON& Tower with Radar,20,96,80,11,207,0,208,54,1,263,20,304,134,12,470,400,0,400,870
03/17/2019,DAB,FL,ASO,ES,Combined TRACON& Tower with Radar,22,76,47,0,145,0,35,11,0,46,22,111,58,0,191,170,0,170,361
03/18/2019,DAB,FL,ASO,ES,Combined TRACON& Tower with Radar,24,72,43,2,141,0,203,65,1,269,24,275,108,3,410,262,0,262,672
03/19/2019,DAB,FL,ASO,ES,Combined TRACON& Tower with Radar,22,113,47,0,182,0,305,35,0,340,22,418,82,0,522,412,0,412,934
03/20/2019,DAB,FL,ASO,ES,Combined TRACON& Tower with Radar,23,99,60,3,185,0,287,96,3,386,23,386,156,6,571,108,0,108,679
03/21/2019,DAB,FL,ASO,ES,Combined TRACON& Tower with Radar,25,79,50,5,159,0,617,121,4,742,25,696,171,9,901,65,0,65,966
03/22/2019,DAB,FL,ASO,ES,Combined TRACON& Tower with Radar,22,101,57,15,195,0,622,133,1,756,22,723,190,16,951,84,0,84,1035
03/23/2019,DAB,FL,ASO,ES,Combined TRACON& Tower with Radar,22,84,73,24,203,0,519,130,1,650,22,603,203,25,853,77,0,77,930
03/24/2019,DAB,FL,ASO,ES,Combined TRACON& Tower with Radar,23,44,47,24,138,0,299,84,0,383,23,343,131,24,521,277,0,277,798
03/25/2019,DAB,FL,ASO,ES,Combined TRACON& Tower with Radar,24,100,42,2,168,0,537,133,0,670,24,637,175,2,838,406,0,406,1244
03/26/2019,DAB,FL,ASO,ES,Combined TRACON& Tower with Radar,25,148,63,1,237,0,439,111,1,551,25,587,174,2,788,263,0,263,1051
03/27/2019,DAB,FL,ASO,ES,Combined TRACON& Tower with Radar,22,17,26,0,65,0,3,4,0,7,22,20,30,0,72,9,0,9,81
03/28/2019,DAB,FL,ASO,ES,Combined TRACON& Tower with Radar,24,81,58,0,163,0,272,90,2,364,24,353,148,2,527,211,0,211,738
03/29/2019,DAB,FL,ASO,ES,Combined TRACON& Tower with Radar,22,125,59,20,226,0,650,149,1,800,22,775,208,21,1026,152,0,152,1178
03/30/2019,DAB,FL,ASO,ES,Combined TRACON& Tower with Radar,20,97,83,7,207,0,499,121,3,623,20,596,204,10,830,116,0,116,946
03/31/2019,DAB,FL,ASO,ES,Combined TRACON& Tower with Radar,22,65,57,9,153,0,296,65,0,361,22,361,122,9,514,582,0,582,1096
04/01/2019,DAB,FL,ASO,ES,Combined TRACON& Tower with Radar,24,136,44,0,204,0,55,13,1,69,24,191,57,1,273,304,0,304,577
04/02/2019,DAB,FL,ASO,ES,Combined TRACON& Tower with Radar,19,119,50,0,188,0,237,58,0,295,19,356,108,0,483,195,0,195,678
04/03/2019,DAB,FL,ASO,ES,Combined TRACON& Tower with Radar,20,148,67,4,239,0,645,137,3,785,20,793,204,7,1024,44,0,44,1068
04/04/2019,DAB,FL,ASO,ES,Combined TRACON& Tower with Radar,22,110,43,2,177,0,598,126,0,724,22,708,169,2,901,108,0,108,1009
04/05/2019,DAB,FL,ASO,ES,Combined TRACON& Tower with Radar,20,85,56,17,178,0,367,101,0,468,20,452,157,17,646,189,0,189,835
04/06/2019,DAB,FL,ASO,ES,Combined TRACON& Tower with Radar,22,59,41,5,127,0,366,80,2,448,22,425,121,7,575,175,0,175,750
04/07/2019,DAB,FL,ASO,ES,Combined TRACON& Tower with Radar,20,104,69,8,201,0,210,82,0,292,20,314,151,8,493,327,0,327,820
04/08/2019,DAB,FL,ASO,ES,Combined TRACON& Tower with Radar,20,110,40,0,170,0,267,63,0,330,20,377,103,0,500,249,0,249,749
04/09/2019,DAB,FL,ASO,ES,Combined TRACON& Tower with Radar,24,101,48,0,173,0,100,21,0,121,24,201,69,0,294,235,0,235,529
04/10/2019,DAB,FL,ASO,ES,Combined TRACON& Tower with Radar,20,155,85,3,263,0,577,131,5,713,20,732,216,8,976,311,0,311,1287
04/11/2019,DAB,FL,ASO,ES,Combined TRACON& Tower with Radar,24,170,74,13,281,0,447,129,2,578,24,617,203,15,859,196,0,196,1055
04/12/2019,DAB,FL,ASO,ES,Combined TRACON& Tower with Radar,20,133,68,18,239,0,444,128,6,578,20,577,196,24,817,95,0,95,912
04/13/2019,DAB,FL,ASO,ES,Combined TRACON& Tower with Radar,20,131,54,15,220,0,454,86,5,545,20,585,140,20,765,141,0,141,906
04/14/2019,DAB,FL,ASO,ES,Combined TRACON& Tower with Radar,19,41,26,8,94,0,38,15,0,53,19,79,41,8,147,103,0,103,250
04/15/2019,DAB,FL,ASO,ES,Combined TRACON& Tower with Radar,23,112,52,9,196,0,496,132,3,631,23,608,184,12,827,460,0,460,1287
04/16/2019,DAB,FL,ASO,ES,Combined TRACON& Tower with Radar,20,130,86,2,238,0,675,128,1,804,20,805,214,3,1042,216,0,216,1258
04/17/2019,DAB,FL,ASO,ES,Combined TRACON& Tower with Radar,19,134,61,0,214,0,634,158,0,792,19,768,219,0,1006,93,0,93,1099
04/18/2019,DAB,FL,ASO,ES,Combined TRACON& Tower with Radar,22,79,102,0,203,0,340,120,4,464,22,419,222,4,667,68,0,68,735
04/19/2019,DAB,FL,ASO,ES,Combined TRACON& Tower with Radar,24,18,17,4,63,0,4,3,0,7,24,22,20,4,70,2,0,2,72
04/20/2019,DAB,FL,ASO,ES,Combined TRACON& Tower with Radar,23,61,40,4,128,0,165,84,0,249,23,226,124,4,377,79,0,79,456
04/21/2019,DAB,FL,ASO,ES,Combined TRACON& Tower with Radar,20,46,38,19,123,0,282,81,0,363,20,328,119,19,486,404,0,404,890
04/22/2019,DAB,FL,ASO,ES,Combined TRACON& Tower with Radar,22,124,71,0,217,0,603,108,0,711,22,727,179,0,928,302,0,302,1230
04/23/2019,DAB,FL,ASO,ES,Combined TRACON& Tower with Radar,20,130,67,0,217,0,569,117,2,688,20,699,184,2,905,379,0,379,1284
04/24/2019,DAB,FL,ASO,ES,Combined TRACON& Tower with Radar,20,124,53,0,197,0,637,106,0,743,20,761,159,0,940,416,0,416,1356
04/25/2019,DAB,FL,ASO,ES,Combined TRACON& Tower with Radar,23,118,75,1,217,0,534,113,4,651,23,652,188,5,868,494,0,494,1362
04/26/2019,DAB,FL,ASO,ES,Combined TRACON& Tower with Radar,20,53,35,8,116,0,134,37,2,173,20,187,72,10,289,285,0,285,574
04/27/2019,DAB,FL,ASO,ES,Combined TRACON& Tower with Radar,20,90,61,8,179,0,377,109,0,486,20,467,170,8,665,430,0,430,1095
04/28/2019,DAB,FL,ASO,ES,Combined TRACON& Tower with Radar,20,50,51,5,126,0,235,90,3,328,20,285,141,8,454,467,0,467,921
04/29/2019,DAB,FL,ASO,ES,Combined TRACON& Tower with Radar,22,118,71,1,212,0,386,113,5,504,22,504,184,6,716,391,0,391,1107
04/30/2019,DAB,FL,ASO,ES,Combined TRACON& Tower with Radar,22,162,95,0,279,0,322,92,0,414,22,484,187,0,693,302,0,302,995
05/01/2019,DAB,FL,ASO,ES,Combined TRACON& Tower with Radar,20,128,72,0,220,0,369,83,1,453,20,497,155,1,673,226,0,226,899
05/02/2019,DAB,FL,ASO,ES,Combined TRACON& Tower with Radar,21,110,82,0,213,0,46,30,1,77,21,156,112,1,290,154,0,154,444
05/03/2019,DAB,FL,ASO,ES,Combined TRACON& Tower with Radar,21,49,51,4,125,0,114,38,0,152,21,163,89,4,277,394,0,394,671
05/04/2019,DAB,FL,ASO,ES,Combined TRACON& Tower with Radar,15,46,32,9,102,0,264,55,0,319,15,310,87,9,421,407,0,407,828
05/05/2019,DAB,FL,ASO,ES,Combined TRACON& Tower with Radar,23,28,27,1,79,0,82,33,0,115,23,110,60,1,194,311,0,311,505
05/06/2019,DAB,FL,ASO,ES,Combined TRACON& Tower with Radar,19,116,83,2,220,0,270,68,0,338,19,386,151,2,558,474,0,474,1032
05/07/2019,DAB,FL,ASO,ES,Combined TRACON& Tower with Radar,19,125,63,0,207,0,500,85,0,585,19,625,148,0,792,254,0,254,1046
05/08/2019,DAB,FL,ASO,ES,Combined TRACON& Tower with Radar,18,120,70,0,208,0,457,85,2,544,18,577,155,2,752,217,0,217,969
05/09/2019,DAB,FL,ASO,ES,Combined TRACON& Tower with Radar,17,106,63,2,188,0,359,111,1,471,17,465,174,3,659,223,0,223,882
05/10/2019,DAB,FL,ASO,ES,Combined TRACON& Tower with Radar,19,111,61,5,196,0,428,87,0,515,19,539,148,5,711,395,0,395,1106
05/11/2019,DAB,FL,ASO,ES,Combined TRACON& Tower with Radar,17,50,48,6,121,0,258,86,0,344,17,308,134,6,465,371,0,371,836
05/12/2019,DAB,FL,ASO,ES,Combined TRACON& Tower with Radar,20,32,36,4,92,0,103,44,1,148,20,135,80,5,240,159,0,159,399
05/13/2019,DAB,FL,ASO,ES,Combined TRACON& Tower with Radar,19,58,27,0,104,0,146,28,0,174,19,204,55,0,278,287,0,287,565
05/14/2019,DAB,FL,ASO,ES,Combined TRACON& Tower with Radar,18,138,84,0,240,0,282,83,0,365,18,420,167,0,605,602,0,602,1207
05/15/2019,DAB,FL,ASO,ES,Combined TRACON& Tower with Radar,18,124,91,0,233,0,529,102,0,631,18,653,193,0,864,660,0,660,1524
05/16/2019,DAB,FL,ASO,ES,Combined TRACON& Tower with Radar,18,87,79,0,184,0,538,108,1,647,18,625,187,1,831,595,0,595,1426
05/17/2019,DAB,FL,ASO,ES,Combined TRACON& Tower with Radar,18,104,77,5,204,0,507,100,1,608,18,611,177,6,812,549,0,549,1361
05/18/2019,DAB,FL,ASO,ES,Combined TRACON& Tower with Radar,19,85,52,3,159,0,398,90,3,491,19,483,142,6,650,409,0,409,1059
05/19/2019,DAB,FL,ASO,ES,Combined TRACON& Tower with Radar,20,47,40,4,111,0,148,73,0,221,20,195,113,4,332,305,0,305,637
05/20/2019,DAB,FL,ASO,ES,Combined TRACON& Tower with Radar,20,70,33,0,123,0,442,91,1,534,20,512,124,1,657,79,0,79,736
05/21/2019,DAB,FL,ASO,ES,Combined TRACON& Tower with Radar,17,80,37,4,138,0,504,96,3,603,17,584,133,7,741,4,0,4,745
05/22/2019,DAB,FL,ASO,ES,Combined TRACON& Tower with Radar,18,84,66,0,168,0,464,109,2,575,18,548,175,2,743,12,0,12,755
05/23/2019,DAB,FL,ASO,ES,Combined TRACON& Tower with Radar,19,103,46,2,170,0,388,81,2,471,19,491,127,4,641,10,0,10,651
05/24/2019,DAB,FL,ASO,ES,Combined TRACON& Tower with Radar,20,83,47,3,153,0,526,89,2,617,20,609,136,5,770,117,0,117,887
05/25/2019,DAB,FL,ASO,ES,Combined TRACON& Tower with Radar,18,69,47,7,141,0,424,52,0,476,18,493,99,7,617,344,0,344,961
05/26/2019,DAB,FL,ASO,ES,Combined TRACON& Tower with Radar,14,53,38,7,112,0,202,93,0,295,14,255,131,7,407,263,0,263,670
05/27/2019,DAB,FL,ASO,ES,Combined TRACON& Tower with Radar,22,53,55,0,130,0,274,88,1,363,22,327,143,1,493,355,0,355,848
05/28/2019,DAB,FL,ASO,ES,Combined TRACON& Tower with Radar,17,75,32,2,126,0,475,99,3,577,17,550,131,5,703,195,0,195,898
05/29/2019,DAB,FL,ASO,ES,Combined TRACON& Tower with Radar,24,128,69,0,221,0,526,119,2,647,24,654,188,2,868,464,0,464,1332
05/30/2019,DAB,FL,ASO,ES,Combined TRACON& Tower with Radar,18,161,71,2,252,0,400,83,0,483,18,561,154,2,735,172,0,172,907
05/31/2019,DAB,FL,ASO,ES,Combined TRACON& Tower with Radar,18,75,52,5,150,0,408,78,0,486,18,483,130,5,636,409,0,409,1045
06/01/2019,DAB,FL,ASO,ES,Combined TRACON& Tower with Radar,18,79,47,2,146,0,256,42,0,298,18,335,89,2,444,398,0,398,842
06/02/2019,DAB,FL,ASO,ES,Combined TRACON& Tower with Radar,20,32,40,6,98,0,133,49,0,182,20,165,89,6,280,137,0,137,417
06/03/2019,DAB,FL,ASO,ES,Combined TRACON& Tower with Radar,18,84,54,0,156,0,385,71,2,458,18,469,125,2,614,409,0,409,1023
06/04/2019,DAB,FL,ASO,ES,Combined TRACON& Tower with Radar,17,77,62,0,156,0,451,92,0,543,17,528,154,0,699,337,0,337,1036
06/05/2019,DAB,FL,ASO,ES,Combined TRACON& Tower with Radar,18,112,51,4,185,0,420,84,0,504,18,532,135,4,689,422,0,422,1111
06/06/2019,DAB,FL,ASO,ES,Combined TRACON& Tower with Radar,19,69,49,4,141,0,339,80,2,421,19,408,129,6,562,518,0,518,1080
06/07/2019,DAB,FL,ASO,ES,Combined TRACON& Tower with Radar,15,65,66,14,160,0,345,53,0,398,15,410,119,14,558,501,0,501,1059
06/08/2019,DAB,FL,ASO,ES,Combined TRACON& Tower with Radar,19,30,14,7,70,0,98,24,2,124,19,128,38,9,194,245,0,245,439
06/09/2019,DAB,FL,ASO,ES,Combined TRACON& Tower with Radar,20,9,31,2,62,0,68,25,0,93,20,77,56,2,155,166,0,166,321
06/10/2019,DAB,FL,ASO,ES,Combined TRACON& Tower with Radar,18,71,54,2,145,0,371,67,0,438,18,442,121,2,583,476,0,476,1059
06/11/2019,DAB,FL,ASO,ES,Combined TRACON& Tower with Radar,20,82,41,0,143,0,315,58,1,374,20,397,99,1,517,498,0,498,1015
06/12/2019,DAB,FL,ASO,ES,Combined TRACON& Tower with Radar,17,84,53,0,154,0,318,60,0,378,17,402,113,0,532,334,0,334,866
06/13/2019,DAB,FL,ASO,ES,Combined TRACON& Tower with Radar,18,68,38,1,125,0,128,30,2,160,18,196,68,3,285,235,0,235,520
06/14/2019,DAB,FL,ASO,ES,Combined TRACON& Tower with Radar,19,136,67,2,224,0,508,107,0,615,19,644,174,2,839,433,0,433,1272
06/15/2019,DAB,FL,ASO,ES,Combined TRACON& Tower with Radar,19,104,53,8,184,0,341,71,1,413,19,445,124,9,597,457,0,457,1054
06/16/2019,DAB,FL,ASO,ES,Combined TRACON& Tower with Radar,23,48,28,9,108,0,59,28,0,87,23,107,56,9,195,382,0,382,577
06/17/2019,DAB,FL,ASO,ES,Combined TRACON& Tower with Radar,16,88,37,1,142,0,312,64,2,378,16,400,101,3,520,562,0,562,1082
06/18/2019,DAB,FL,ASO,ES,Combined TRACON& Tower with Radar,19,174,64,0,257,0,145,35,2,182,19,319,99,2,439,341,0,341,780
06/19/2019,DAB,FL,ASO,ES,Combined TRACON& Tower with Radar,18,40,35,0,93,0,333,52,2,387,18,373,87,2,480,356,0,356,836
06/20/2019,DAB,FL,ASO,ES,Combined TRACON& Tower with Radar,18,179,59,1,257,0,248,47,1,296,18,427,106,2,553,358,0,358,911
06/21/2019,DAB,FL,ASO,ES,Combined TRACON& Tower with Radar,18,123,73,2,216,0,431,97,0,528,18,554,170,2,744,643,0,643,1387
06/22/2019,DAB,FL,ASO,ES,Combined TRACON& Tower with Radar,19,75,34,3,131,0,293,55,0,348,19,368,89,3,479,381,0,381,860
06/23/2019,DAB,FL,ASO,ES,Combined TRACON& Tower with Radar,20,53,41,6,120,0,180,50,1,231,20,233,91,7,351,250,0,250,601
06/24/2019,DAB,FL,ASO,ES,Combined TRACON& Tower with Radar,17,103,68,0,188,0,446,102,1,549,17,549,170,1,737,543,0,543,1280
06/25/2019,DAB,FL,ASO,ES,Combined TRACON& Tower with Radar,16,92,42,10,160,0,438,87,6,531,16,530,129,16,691,493,5,498,1189
06/26/2019,DAB,FL,ASO,ES,Combined TRACON& Tower with Radar,21,92,52,0,165,0,470,108,3,581,21,562,160,3,746,392,0,392,1138
06/27/2019,DAB,FL,ASO,ES,Combined TRACON& Tower with Radar,17,103,65,3,188,0,472,126,3,601,17,575,191,6,789,357,0,357,1146
06/28/2019,DAB,FL,ASO,ES,Combined TRACON& Tower with Radar,19,110,64,7,200,0,340,94,0,434,19,450,158,7,634,114,0,114,748
06/29/2019,DAB,FL,ASO,ES,Combined TRACON& Tower with Radar,24,72,50,6,152,0,136,54,0,190,24,208,104,6,342,44,0,44,386
06/30/2019,DAB,FL,ASO,ES,Combined TRACON& Tower with Radar,21,35,36,4,96,0,114,43,6,163,21,149,79,10,259,105,0,105,364
07/01/2019,DAB,FL,ASO,ES,Combined TRACON& Tower with Radar,18,92,26,0,136,0,384,95,2,481,18,476,121,2,617,524,0,524,1141
07/02/2019,DAB,FL,ASO,ES,Combined TRACON& Tower with Radar,19,89,46,3,157,0,417,98,1,516,19,506,144,4,673,679,0,679,1352
07/03/2019,DAB,FL,ASO,ES,Combined TRACON& Tower with Radar,18,86,47,1,152,0,337,108,4,449,18,423,155,5,601,555,0,555,1156
07/04/2019,DAB,FL,ASO,ES,Combined TRACON& Tower with Radar,12,35,50,2,99,0,93,81,2,176,12,128,131,4,275,227,0,227,502
07/05/2019,DAB,FL,ASO,ES,Combined TRACON& Tower with Radar,13,58,42,3,116,0,165,60,1,226,13,223,102,4,342,239,0,239,581
07/06/2019,DAB,FL,ASO,ES,Combined TRACON& Tower with Radar,20,43,76,11,150,0,139,31,0,170,20,182,107,11,320,219,0,219,539
07/07/2019,DAB,FL,ASO,ES,Combined TRACON& Tower with Radar,20,47,88,0,155,0,99,40,0,139,20,146,128,0,294,171,0,171,465
07/08/2019,DAB,FL,ASO,ES,Combined TRACON& Tower with Radar,20,94,45,0,159,0,230,53,0,283,20,324,98,0,442,344,0,344,786
07/09/2019,DAB,FL,ASO,ES,Combined TRACON& Tower with Radar,16,105,68,0,189,0,116,32,0,148,16,221,100,0,337,239,0,239,576
07/10/2019,DAB,FL,ASO,ES,Combined TRACON& Tower with Radar,17,120,46,0,183,0,354,86,2,442,17,474,132,2,625,264,0,264,889
07/11/2019,DAB,FL,ASO,ES,Combined TRACON& Tower with Radar,19,129,46,1,195,0,473,97,3,573,19,602,143,4,768,674,0,674,1442
07/12/2019,DAB,FL,ASO,ES,Combined TRACON& Tower with Radar,17,63,62,0,142,0,366,88,6,460,17,429,150,6,602,331,0,331,933
07/13/2019,DAB,FL,ASO,ES,Combined TRACON& Tower with Radar,20,103,32,9,164,0,436,87,6,529,20,539,119,15,693,269,0,269,962
07/14/2019,DAB,FL,ASO,ES,Combined TRACON& Tower with Radar,20,77,43,8,148,0,214,75,1,290,20,291,118,9,438,425,0,425,863
07/15/2019,DAB,FL,ASO,ES,Combined TRACON& Tower with Radar,18,124,43,2,187,0,513,89,2,604,18,637,132,4,791,94,0,94,885
07/16/2019,DAB,FL,ASO,ES,Combined TRACON& Tower with Radar,18,105,58,4,185,0,527,126,0,653,18,632,184,4,838,381,0,381,1219
07/17/2019,DAB,FL,ASO,ES,Combined TRACON& Tower with Radar,20,97,46,0,163,0,463,89,3,555,20,560,135,3,718,701,0,701,1419
07/18/2019,DAB,FL,ASO,ES,Combined TRACON& Tower with Radar,17,115,53,0,185,0,409,82,0,491,17,524,135,0,676,462,0,462,1138
07/19/2019,DAB,FL,ASO,ES,Combined TRACON& Tower with Radar,15,94,54,6,169,0,430,103,1,534,15,524,157,7,703,374,0,374,1077
07/20/2019,DAB,FL,ASO,ES,Combined TRACON& Tower with Radar,21,100,50,3,174,0,354,73,2,429,21,454,123,5,603,384,0,384,987
07/21/2019,DAB,FL,ASO,ES,Combined TRACON& Tower with Radar,19,42,46,3,110,0,136,45,0,181,19,178,91,3,291,249,0,249,540
07/22/2019,DAB,FL,ASO,ES,Combined TRACON& Tower with Radar,19,101,50,0,170,0,307,90,0,397,19,408,140,0,567,343,0,343,910
07/23/2019,DAB,FL,ASO,ES,Combined TRACON& Tower with Radar,16,70,43,0,129,0,319,114,3,436,16,389,157,3,565,515,0,515,1080
07/24/2019,DAB,FL,ASO,ES,Combined TRACON& Tower with Radar,18,130,64,0,212,0,62,28,1,91,18,192,92,1,303,118,0,118,421
07/25/2019,DAB,FL,ASO,ES,Combined TRACON& Tower with Radar,19,150,37,8,214,0,153,44,2,199,19,303,81,10,413,397,0,397,810
07/26/2019,DAB,FL,ASO,ES,Combined TRACON& Tower with Radar,18,193,74,6,291,0,147,53,0,200,18,340,127,6,491,334,0,334,825
07/27/2019,DAB,FL,ASO,ES,Combined TRACON& Tower with Radar,18,141,43,3,205,0,180,62,0,242,18,321,105,3,447,376,0,376,823
07/28/2019,DAB,FL,ASO,ES,Combined TRACON& Tower with Radar,20,53,44,8,125,0,176,70,0,246,20,229,114,8,371,318,0,318,689
07/29/2019,DAB,FL,ASO,ES,Combined TRACON& Tower with Radar,18,150,73,0,241,0,298,75,1,374,18,448,148,1,615,643,0,643,1258
07/30/2019,DAB,FL,ASO,ES,Combined TRACON& Tower with Radar,17,114,45,1,177,0,390,94,6,490,17,504,139,7,667,468,0,468,1135
07/31/2019,DAB,FL,ASO,ES,Combined TRACON& Tower with Radar,18,112,62,5,197,0,320,82,0,402,18,432,144,5,599,295,0,295,894
08/01/2019,DAB,FL,ASO,ES,Combined TRACON& Tower with Radar,17,72,26,0,115,0,227,57,1,285,17,299,83,1,400,466,0,466,866
08/02/2019,DAB,FL,ASO,ES,Combined TRACON& Tower with Radar,20,165,50,0,235,0,114,23,0,137,20,279,73,0,372,235,0,235,607
08/03/2019,DAB,FL,ASO,ES,Combined TRACON& Tower with Radar,18,154,54,13,239,0,148,40,2,190,18,302,94,15,429,391,0,391,820
08/04/2019,DAB,FL,ASO,ES,Combined TRACON& Tower with Radar,19,36,40,3,98,0,141,59,2,202,19,177,99,5,300,417,0,417,717
08/05/2019,DAB,FL,ASO,ES,Combined TRACON& Tower with Radar,19,84,48,0,151,0,338,93,0,431,19,422,141,0,582,430,0,430,1012
08/06/2019,DAB,FL,ASO,ES,Combined TRACON& Tower with Radar,18,88,46,4,156,0,304,89,1,394,18,392,135,5,550,344,0,344,894
08/07/2019,DAB,FL,ASO,ES,Combined TRACON& Tower with Radar,19,118,47,2,186,0,214,46,0,260,19,332,93,2,446,426,0,426,872
08/08/2019,DAB,FL,ASO,ES,Combined TRACON& Tower with Radar,18,147,69,0,234,0,383,100,4,487,18,530,169,4,721,582,0,582,1303
08/09/2019,DAB,FL,ASO,ES,Combined TRACON& Tower with Radar,19,100,46,3,168,0,373,81,1,455,19,473,127,4,623,492,0,492,1115
08/10/2019,DAB,FL,ASO,ES,Combined TRACON& Tower with Radar,20,69,41,6,136,0,177,60,1,238,20,246,101,7,374,251,0,251,625
08/11/2019,DAB,FL,ASO,ES,Combined TRACON& Tower with Radar,20,60,42,7,129,0,93,65,2,160,20,153,107,9,289,165,0,165,454
08/12/2019,DAB,FL,ASO,ES,Combined TRACON& Tower with Radar,18,127,47,0,192,0,319,79,0,398,18,446,126,0,590,601,0,601,1191
08/13/2019,DAB,FL,ASO,ES,Combined TRACON& Tower with Radar,17,93,41,0,151,0,238,65,0,303,17,331,106,0,454,299,0,299,753
08/14/2019,DAB,FL,ASO,ES,Combined TRACON& Tower with Radar,18,114,44,3,179,0,226,62,0,288,18,340,106,3,467,410,0,410,877
08/15/2019,DAB,FL,ASO,ES,Combined TRACON& Tower with Radar,17,94,47,2,160,0,304,94,2,400,17,398,141,4,560,438,0,438,998
08/16/2019,DAB,FL,ASO,ES,Combined TRACON& Tower with Radar,19,115,50,13,197,0,177,61,3,241,19,292,111,16,438,463,0,463,901
08/17/2019,DAB,FL,ASO,ES,Combined TRACON& Tower with Radar,17,77,46,5,145,0,184,48,0,232,17,261,94,5,377,391,0,391,768
08/18/2019,DAB,FL,ASO,ES,Combined TRACON& Tower with Radar,20,54,45,9,128,0,95,71,1,167,20,149,116,10,295,376,0,376,671
08/19/2019,DAB,FL,ASO,ES,Combined TRACON& Tower with Radar,16,82,45,2,145,0,296,63,2,361,16,378,108,4,506,486,0,486,992
08/20/2019,DAB,FL,ASO,ES,Combined TRACON& Tower with Radar,15,136,51,0,202,0,412,98,4,514,15,548,149,4,716,313,0,313,1029
08/21/2019,DAB,FL,ASO,ES,Combined TRACON& Tower with Radar,18,145,46,0,209,0,427,108,1,536,18,572,154,1,745,688,0,688,1433
08/22/2019,DAB,FL,ASO,ES,Combined TRACON& Tower with Radar,17,137,51,1,206,0,387,112,4,503,17,524,163,5,709,713,0,713,1422
08/23/2019,DAB,FL,ASO,ES,Combined TRACON& Tower with Radar,16,85,51,3,155,0,219,57,2,278,16,304,108,5,433,430,0,430,863
08/24/2019,DAB,FL,ASO,ES,Combined TRACON& Tower with Radar,21,141,54,4,220,0,202,50,2,254,21,343,104,6,474,508,0,508,982
08/25/2019,DAB,FL,ASO,ES,Combined TRACON& Tower with Radar,20,61,21,2,104,0,44,30,0,74,20,105,51,2,178,179,0,179,357
08/26/2019,DAB,FL,ASO,ES,Combined TRACON& Tower with Radar,19,142,51,0,212,0,211,48,0,259,19,353,99,0,471,408,0,408,879
08/27/2019,DAB,FL,ASO,ES,Combined TRACON& Tower with Radar,18,60,33,0,111,0,341,56,0,397,18,401,89,0,508,407,0,407,915
08/28/2019,DAB,FL,ASO,ES,Combined TRACON& Tower with Radar,19,142,50,0,211,0,292,54,2,348,19,434,104,2,559,571,0,571,1130
08/29/2019,DAB,FL,ASO,ES,Combined TRACON& Tower with Radar,18,155,49,0,222,0,258,43,0,301,18,413,92,0,523,378,0,378,901
08/30/2019,DAB,FL,ASO,ES,Combined TRACON& Tower with Radar,18,52,50,1,121,0,48,28,2,78,18,100,78,3,199,87,0,87,286
08/31/2019,DAB,FL,ASO,ES,Combined TRACON& Tower with Radar,16,71,24,1,112,0,3,40,1,44,16,74,64,2,156,12,0,12,168
09/01/2019,DAB,FL,ASO,ES,Combined TRACON& Tower with Radar,11,0,8,0,19,0,0,3,0,3,11,0,11,0,22,0,0,0,22
09/02/2019,DAB,FL,ASO,ES,Combined TRACON& Tower with Radar,8,2,4,0,14,0,3,1,0,4,8,5,5,0,18,0,0,0,18
09/03/2019,DAB,FL,ASO,ES,Combined TRACON& Tower with Radar,0,0,0,0,0,0,0,0,0,0,0,0,0,0,0,0,0,0,0
09/04/2019,DAB,FL,ASO,ES,Combined TRACON& Tower with Radar,0,0,0,0,0,0,0,0,0,0,0,0,0,0,0,0,0,0,0
09/05/2019,DAB,FL,ASO,ES,Combined TRACON& Tower with Radar,6,12,17,0,35,0,86,25,1,112,6,98,42,1,147,2,0,2,149
09/06/2019,DAB,FL,ASO,ES,Combined TRACON& Tower with Radar,15,18,37,4,74,0,46,69,0,115,15,64,106,4,189,75,0,75,264
09/07/2019,DAB,FL,ASO,ES,Combined TRACON& Tower with Radar,14,19,43,5,81,0,90,73,1,164,14,109,116,6,245,129,0,129,374
09/08/2019,DAB,FL,ASO,ES,Combined TRACON& Tower with Radar,18,21,35,7,81,0,81,71,1,153,18,102,106,8,234,215,0,215,449
09/09/2019,DAB,FL,ASO,ES,Combined TRACON& Tower with Radar,18,79,52,0,149,0,456,90,0,546,18,535,142,0,695,381,0,381,1076
09/10/2019,DAB,FL,ASO,ES,Combined TRACON& Tower with Radar,16,98,51,0,165,0,461,106,1,568,16,559,157,1,733,356,0,356,1089
09/11/2019,DAB,FL,ASO,ES,Combined TRACON& Tower with Radar,19,97,50,0,166,0,409,87,1,497,19,506,137,1,663,424,0,424,1087
09/12/2019,DAB,FL,ASO,ES,Combined TRACON& Tower with Radar,18,97,45,0,160,0,409,78,2,489,18,506,123,2,649,450,0,450,1099
09/13/2019,DAB,FL,ASO,ES,Combined TRACON& Tower with Radar,20,121,45,0,186,0,273,46,0,319,20,394,91,0,505,550,0,550,1055
09/14/2019,DAB,FL,ASO,ES,Combined TRACON& Tower with Radar,15,65,12,5,97,0,55,18,1,74,15,120,30,6,171,335,0,335,506
09/15/2019,DAB,FL,ASO,ES,Combined TRACON& Tower with Radar,18,40,23,6,87,0,8,24,1,33,18,48,47,7,120,123,0,123,243
09/16/2019,DAB,FL,ASO,ES,Combined TRACON& Tower with Radar,18,131,37,0,186,0,276,60,2,338,18,407,97,2,524,63,0,63,587
09/17/2019,DAB,FL,ASO,ES,Combined TRACON& Tower with Radar,18,86,44,0,148,0,681,142,1,824,18,767,186,1,972,358,0,358,1330
09/18/2019,DAB,FL,ASO,ES,Combined TRACON& Tower with Radar,20,108,42,0,170,0,432,84,2,518,20,540,126,2,688,507,0,507,1195
09/19/2019,DAB,FL,ASO,ES,Combined TRACON& Tower with Radar,18,106,48,1,173,0,425,84,2,511,18,531,132,3,684,417,0,417,1101
09/20/2019,DAB,FL,ASO,ES,Combined TRACON& Tower with Radar,18,143,55,8,224,0,467,95,0,562,18,610,150,8,786,390,0,390,1176
09/21/2019,DAB,FL,ASO,ES,Combined TRACON& Tower with Radar,16,91,38,6,151,0,360,73,0,433,16,451,111,6,584,397,0,397,981
09/22/2019,DAB,FL,ASO,ES,Combined TRACON& Tower with Radar,18,40,39,3,100,0,189,60,1,250,18,229,99,4,350,338,0,338,688
09/23/2019,DAB,FL,ASO,ES,Combined TRACON& Tower with Radar,18,103,49,0,170,0,568,132,1,701,18,671,181,1,871,385,0,385,1256
09/24/2019,DAB,FL,ASO,ES,Combined TRACON& Tower with Radar,18,70,18,1,107,0,580,161,0,741,18,650,179,1,848,344,0,344,1192
09/25/2019,DAB,FL,ASO,ES,Combined TRACON& Tower with Radar,18,99,37,2,156,0,598,181,4,783,18,697,218,6,939,517,0,517,1456
09/26/2019,DAB,FL,ASO,ES,Combined TRACON& Tower with Radar,18,91,50,2,161,0,604,136,0,740,18,695,186,2,901,640,0,640,1541
09/27/2019,DAB,FL,ASO,ES,Combined TRACON& Tower with Radar,18,118,61,2,199,0,535,138,1,674,18,653,199,3,873,549,0,549,1422
09/28/2019,DAB,FL,ASO,ES,Combined TRACON& Tower with Radar,14,118,40,0,172,0,268,53,0,321,14,386,93,0,493,426,0,426,919
09/29/2019,DAB,FL,ASO,ES,Combined TRACON& Tower with Radar,18,44,35,5,102,0,141,45,0,186,18,185,80,5,288,47,0,47,335
09/30/2019,DAB,FL,ASO,ES,Combined TRACON& Tower with Radar,18,144,47,0,209,0,290,69,0,359,18,434,116,0,568,487,0,487,1055
10/01/2019,DAB,FL,ASO,ES,Combined TRACON& Tower with Radar,18,92,50,0,160,0,351,103,2,456,18,443,153,2,616,378,0,378,994
10/02/2019,DAB,FL,ASO,ES,Combined TRACON& Tower with Radar,17,107,53,0,177,0,471,103,0,574,17,578,156,0,751,391,0,391,1142
10/03/2019,DAB,FL,ASO,ES,Combined TRACON& Tower with Radar,19,129,41,0,189,0,629,107,3,739,19,758,148,3,928,408,0,408,1336
10/04/2019,DAB,FL,ASO,ES,Combined TRACON& Tower with Radar,19,194,60,3,276,0,377,103,3,483,19,571,163,6,759,608,0,608,1367
10/05/2019,DAB,FL,ASO,ES,Combined TRACON& Tower with Radar,19,109,48,0,176,0,281,61,1,343,19,390,109,1,519,513,0,513,1032
10/06/2019,DAB,FL,ASO,ES,Combined TRACON& Tower with Radar,18,52,29,11,110,0,78,37,0,115,18,130,66,11,225,268,0,268,493
10/07/2019,DAB,FL,ASO,ES,Combined TRACON& Tower with Radar,18,103,49,1,171,0,27,7,0,34,18,130,56,1,205,71,0,71,276
10/08/2019,DAB,FL,ASO,ES,Combined TRACON& Tower with Radar,20,108,39,3,170,0,103,27,1,131,20,211,66,4,301,247,0,247,548
10/09/2019,DAB,FL,ASO,ES,Combined TRACON& Tower with Radar,18,26,18,2,64,0,4,0,0,4,18,30,18,2,68,11,0,11,79
10/10/2019,DAB,FL,ASO,ES,Combined TRACON& Tower with Radar,18,143,58,0,219,0,234,105,1,340,18,377,163,1,559,238,0,238,797
10/11/2019,DAB,FL,ASO,ES,Combined TRACON& Tower with Radar,19,144,57,3,223,0,688,193,0,881,19,832,250,3,1104,267,0,267,1371
10/12/2019,DAB,FL,ASO,ES,Combined TRACON& Tower with Radar,16,115,48,8,187,0,528,139,0,667,16,643,187,8,854,333,0,333,1187
10/13/2019,DAB,FL,ASO,ES,Combined TRACON& Tower with Radar,18,60,41,5,124,0,313,99,0,412,18,373,140,5,536,481,0,481,1017
10/14/2019,DAB,FL,ASO,ES,Combined TRACON& Tower with Radar,19,139,42,0,200,0,623,114,1,738,19,762,156,1,938,440,0,440,1378
10/15/2019,DAB,FL,ASO,ES,Combined TRACON& Tower with Radar,17,96,47,0,160,0,562,111,3,676,17,658,158,3,836,381,0,381,1217
10/16/2019,DAB,FL,ASO,ES,Combined TRACON& Tower with Radar,19,68,42,6,135,0,314,68,5,387,19,382,110,11,522,334,0,334,856
10/17/2019,DAB,FL,ASO,ES,Combined TRACON& Tower with Radar,16,137,57,3,213,0,549,108,3,660,16,686,165,6,873,403,0,403,1276
10/18/2019,DAB,FL,ASO,ES,Combined TRACON& Tower with Radar,18,140,47,5,210,0,507,105,0,612,18,647,152,5,822,390,0,390,1212
10/19/2019,DAB,FL,ASO,ES,Combined TRACON& Tower with Radar,16,37,13,1,67,0,28,11,1,40,16,65,24,2,107,51,0,51,158
10/20/2019,DAB,FL,ASO,ES,Combined TRACON& Tower with Radar,18,84,44,3,149,0,138,76,0,214,18,222,120,3,363,410,0,410,773
10/21/2019,DAB,FL,ASO,ES,Combined TRACON& Tower with Radar,18,112,35,0,165,0,325,86,0,411,18,437,121,0,576,579,0,579,1155
10/22/2019,DAB,FL,ASO,ES,Combined TRACON& Tower with Radar,17,123,62,0,202,0,371,84,1,456,17,494,146,1,658,307,0,307,965
10/23/2019,DAB,FL,ASO,ES,Combined TRACON& Tower with Radar,21,147,70,9,247,0,623,105,2,730,21,770,175,11,977,433,6,439,1416
10/24/2019,DAB,FL,ASO,ES,Combined TRACON& Tower with Radar,18,194,55,1,268,0,362,82,4,448,18,556,137,5,716,527,0,527,1243
10/25/2019,DAB,FL,ASO,ES,Combined TRACON& Tower with Radar,18,173,65,0,256,0,391,97,2,490,18,564,162,2,746,431,0,431,1177
10/26/2019,DAB,FL,ASO,ES,Combined TRACON& Tower with Radar,18,81,37,0,136,0,141,47,0,188,18,222,84,0,324,137,0,137,461
10/27/2019,DAB,FL,ASO,ES,Combined TRACON& Tower with Radar,16,48,52,6,122,0,184,81,2,267,16,232,133,8,389,357,0,357,746
10/28/2019,DAB,FL,ASO,ES,Combined TRACON& Tower with Radar,16,157,52,3,228,0,527,105,1,633,16,684,157,4,861,418,0,418,1279
10/29/2019,DAB,FL,ASO,ES,Combined TRACON& Tower with Radar,16,151,58,18,243,0,427,102,3,532,16,578,160,21,775,379,0,379,1154
10/30/2019,DAB,FL,ASO,ES,Combined TRACON& Tower with Radar,15,171,55,2,243,0,476,97,2,575,15,647,152,4,818,436,0,436,1254
10/31/2019,DAB,FL,ASO,ES,Combined TRACON& Tower with Radar,15,119,52,1,187,0,545,140,1,686,15,664,192,2,873,588,0,588,1461
11/01/2019,DAB,FL,ASO,ES,Combined TRACON& Tower with Radar,16,198,61,3,278,0,147,30,3,180,16,345,91,6,458,136,0,136,594
11/02/2019,DAB,FL,ASO,ES,Combined TRACON& Tower with Radar,16,164,65,0,245,0,124,35,2,161,16,288,100,2,406,233,0,233,639
11/03/2019,DAB,FL,ASO,ES,Combined TRACON& Tower with Radar,17,65,46,0,128,0,247,82,1,330,17,312,128,1,458,310,0,310,768
11/04/2019,DAB,FL,ASO,ES,Combined TRACON& Tower with Radar,18,103,55,0,176,0,333,84,1,418,18,436,139,1,594,354,0,354,948
11/05/2019,DAB,FL,ASO,ES,Combined TRACON& Tower with Radar,18,122,45,0,185,0,263,50,0,313,18,385,95,0,498,284,0,284,782
11/06/2019,DAB,FL,ASO,ES,Combined TRACON& Tower with Radar,17,220,81,2,320,0,232,75,0,307,17,452,156,2,627,467,0,467,1094
11/07/2019,DAB,FL,ASO,ES,Combined TRACON& Tower with Radar,19,172,55,1,247,0,602,121,1,724,19,774,176,2,971,255,0,255,1226
11/08/2019,DAB,FL,ASO,ES,Combined TRACON& Tower with Radar,19,158,49,0,226,0,85,21,0,106,19,243,70,0,332,78,0,78,410
11/09/2019,DAB,FL,ASO,ES,Combined TRACON& Tower with Radar,16,121,60,0,197,0,145,63,1,209,16,266,123,1,406,139,0,139,545
11/10/2019,DAB,FL,ASO,ES,Combined TRACON& Tower with Radar,18,80,33,3,134,0,310,114,0,424,18,390,147,3,558,321,0,321,879
11/11/2019,DAB,FL,ASO,ES,Combined TRACON& Tower with Radar,17,176,50,2,245,0,551,116,0,667,17,727,166,2,912,516,0,516,1428
11/12/2019,DAB,FL,ASO,ES,Combined TRACON& Tower with Radar,18,123,55,0,196,0,457,120,0,577,18,580,175,0,773,381,0,381,1154
11/13/2019,DAB,FL,ASO,ES,Combined TRACON& Tower with Radar,19,129,47,2,197,0,150,22,0,172,19,279,69,2,369,82,0,82,451
11/14/2019,DAB,FL,ASO,ES,Combined TRACON& Tower with Radar,18,182,53,1,254,0,508,79,1,588,18,690,132,2,842,417,0,417,1259
11/15/2019,DAB,FL,ASO,ES,Combined TRACON& Tower with Radar,20,67,48,2,137,0,18,3,0,21,20,85,51,2,158,55,0,55,213
11/16/2019,DAB,FL,ASO,ES,Combined TRACON& Tower with Radar,18,123,29,1,171,0,0,6,0,6,18,123,35,1,177,37,0,37,214
11/17/2019,DAB,FL,ASO,ES,Combined TRACON& Tower with Radar,18,89,44,0,151,0,0,2,0,2,18,89,46,0,153,0,0,0,153
11/18/2019,DAB,FL,ASO,ES,Combined TRACON& Tower with Radar,18,144,59,0,221,0,590,142,1,733,18,734,201,1,954,612,0,612,1566
11/19/2019,DAB,FL,ASO,ES,Combined TRACON& Tower with Radar,20,122,47,9,198,0,681,155,0,836,20,803,202,9,1034,504,0,504,1538
11/20/2019,DAB,FL,ASO,ES,Combined TRACON& Tower with Radar,18,144,60,3,225,0,709,137,1,847,18,853,197,4,1072,374,0,374,1446
11/21/2019,DAB,FL,ASO,ES,Combined TRACON& Tower with Radar,20,196,65,2,283,0,647,128,0,775,20,843,193,2,1058,455,0,455,1513
11/22/2019,DAB,FL,ASO,ES,Combined TRACON& Tower with Radar,18,174,66,3,261,0,630,153,5,788,18,804,219,8,1049,322,0,322,1371
11/23/2019,DAB,FL,ASO,ES,Combined TRACON& Tower with Radar,19,103,55,1,178,0,440,124,0,564,19,543,179,1,742,469,0,469,1211
11/24/2019,DAB,FL,ASO,ES,Combined TRACON& Tower with Radar,19,95,25,4,143,0,180,62,0,242,19,275,87,4,385,231,0,231,616
11/25/2019,DAB,FL,ASO,ES,Combined TRACON& Tower with Radar,18,128,52,0,198,0,585,91,1,677,18,713,143,1,875,549,0,549,1424
11/26/2019,DAB,FL,ASO,ES,Combined TRACON& Tower with Radar,19,120,51,0,190,0,541,101,2,644,19,661,152,2,834,490,0,490,1324
11/27/2019,DAB,FL,ASO,ES,Combined TRACON& Tower with Radar,18,100,34,0,152,0,401,83,0,484,18,501,117,0,636,374,0,374,1010
11/28/2019,DAB,FL,ASO,ES,Combined TRACON& Tower with Radar,11,4,20,0,35,0,7,29,1,37,11,11,49,1,72,32,0,32,104
11/29/2019,DAB,FL,ASO,ES,Combined TRACON& Tower with Radar,16,84,46,1,147,0,302,95,1,398,16,386,141,2,545,277,0,277,822
11/30/2019,DAB,FL,ASO,ES,Combined TRACON& Tower with Radar,20,81,26,4,131,0,326,72,2,400,20,407,98,6,531,421,0,421,952
12/01/2019,DAB,FL,ASO,ES,Combined TRACON& Tower with Radar,18,41,31,4,94,0,102,17,1,120,18,143,48,5,214,106,0,106,320
12/02/2019,DAB,FL,ASO,ES,Combined TRACON& Tower with Radar,18,91,30,1,140,0,317,52,2,371,18,408,82,3,511,184,0,184,695
12/03/2019,DAB,FL,ASO,ES,Combined TRACON& Tower with Radar,17,128,56,3,204,0,533,103,1,637,17,661,159,4,841,565,0,565,1406
12/04/2019,DAB,FL,ASO,ES,Combined TRACON& Tower with Radar,17,127,53,0,197,0,567,105,0,672,17,694,158,0,869,377,0,377,1246
12/05/2019,DAB,FL,ASO,ES,Combined TRACON& Tower with Radar,19,149,59,0,227,0,566,121,4,691,19,715,180,4,918,450,6,456,1374
12/06/2019,DAB,FL,ASO,ES,Combined TRACON& Tower with Radar,19,106,57,1,183,0,465,126,2,593,19,571,183,3,776,350,0,350,1126
12/07/2019,DAB,FL,ASO,ES,Combined TRACON& Tower with Radar,16,77,51,1,145,0,435,87,3,525,16,512,138,4,670,495,0,495,1165
12/08/2019,DAB,FL,ASO,ES,Combined TRACON& Tower with Radar,18,68,43,0,129,0,169,57,0,226,18,237,100,0,355,492,0,492,847
12/09/2019,DAB,FL,ASO,ES,Combined TRACON& Tower with Radar,16,134,56,2,208,0,471,112,0,583,16,605,168,2,791,448,0,448,1239
12/10/2019,DAB,FL,ASO,ES,Combined TRACON& Tower with Radar,17,183,59,2,261,0,378,101,4,483,17,561,160,6,744,553,0,553,1297
12/11/2019,DAB,FL,ASO,ES,Combined TRACON& Tower with Radar,17,123,75,0,215,0,0,0,0,0,17,123,75,0,215,0,0,0,215
12/12/2019,DAB,FL,ASO,ES,Combined TRACON& Tower with Radar,18,171,83,1,273,0,54,14,2,70,18,225,97,3,343,292,0,292,635
12/13/2019,DAB,FL,ASO,ES,Combined TRACON& Tower with Radar,17,156,55,3,231,0,285,49,1,335,17,441,104,4,566,310,0,310,876
12/14/2019,DAB,FL,ASO,ES,Combined TRACON& Tower with Radar,15,72,41,1,129,0,291,72,0,363,15,363,113,1,492,336,0,336,828
12/15/2019,DAB,FL,ASO,ES,Combined TRACON& Tower with Radar,18,66,38,0,122,0,252,79,0,331,18,318,117,0,453,412,0,412,865
12/16/2019,DAB,FL,ASO,ES,Combined TRACON& Tower with Radar,16,114,54,0,184,0,412,100,1,513,16,526,154,1,697,434,0,434,1131
12/17/2019,DAB,FL,ASO,ES,Combined TRACON& Tower with Radar,15,65,75,0,155,0,13,7,0,20,15,78,82,0,175,77,0,77,252
12/18/2019,DAB,FL,ASO,ES,Combined TRACON& Tower with Radar,19,120,56,1,196,0,157,31,3,191,19,277,87,4,387,33,0,33,420
12/19/2019,DAB,FL,ASO,ES,Combined TRACON& Tower with Radar,20,115,62,5,202,0,387,93,3,483,20,502,155,8,685,291,0,291,976
12/20/2019,DAB,FL,ASO,ES,Combined TRACON& Tower with Radar,20,93,69,5,187,0,289,68,0,357,20,382,137,5,544,326,0,326,870
12/21/2019,DAB,FL,ASO,ES,Combined TRACON& Tower with Radar,22,68,51,4,145,0,140,45,0,185,22,208,96,4,330,112,0,112,442
12/22/2019,DAB,FL,ASO,ES,Combined TRACON& Tower with Radar,19,20,16,4,59,0,4,4,0,8,19,24,20,4,67,12,0,12,79
12/23/2019,DAB,FL,ASO,ES,Combined TRACON& Tower with Radar,21,42,43,0,106,0,113,30,0,143,21,155,73,0,249,204,0,204,453
12/24/2019,DAB,FL,ASO,ES,Combined TRACON& Tower with Radar,16,16,8,0,40,0,0,2,0,2,16,16,10,0,42,0,0,0,42
12/25/2019,DAB,FL,ASO,ES,Combined TRACON& Tower with Radar,14,1,9,0,24,0,0,4,0,4,14,1,13,0,28,17,0,17,45
12/26/2019,DAB,FL,ASO,ES,Combined TRACON& Tower with Radar,20,43,51,0,114,0,159,61,0,220,20,202,112,0,334,43,0,43,377
12/27/2019,DAB,FL,ASO,ES,Combined TRACON& Tower with Radar,20,42,48,9,119,0,120,43,0,163,20,162,91,9,282,202,0,202,484
12/28/2019,DAB,FL,ASO,ES,Combined TRACON& Tower with Radar,23,70,28,3,124,0,63,18,0,81,23,133,46,3,205,75,0,75,280
12/29/2019,DAB,FL,ASO,ES,Combined TRACON& Tower with Radar,21,59,47,9,136,0,49,27,0,76,21,108,74,9,212,46,0,46,258
12/30/2019,DAB,FL,ASO,ES,Combined TRACON& Tower with Radar,20,62,43,0,125,0,103,30,0,133,20,165,73,0,258,236,0,236,494
12/31/2019,DAB,FL,ASO,ES,Combined TRACON& Tower with Radar,18,29,41,0,88,0,106,76,0,182,18,135,117,0,270,162,0,162,432
01/01/2020,DAB,FL,ASO,ES,Combined TRACON& Tower with Radar,16,21,24,0,61,0,18,21,0,39,16,39,45,0,100,11,0,11,111
01/02/2020,DAB,FL,ASO,ES,Combined TRACON& Tower with Radar,20,47,66,0,133,0,196,72,0,268,20,243,138,0,401,352,0,352,753
01/03/2020,DAB,FL,ASO,ES,Combined TRACON& Tower with Radar,22,77,45,9,153,0,148,37,5,190,22,225,82,14,343,215,0,215,558
01/04/2020,DAB,FL,ASO,ES,Combined TRACON& Tower with Radar,21,40,23,0,84,0,23,4,4,31,21,63,27,4,115,89,0,89,204
01/05/2020,DAB,FL,ASO,ES,Combined TRACON& Tower with Radar,20,58,49,0,127,0,234,62,5,301,20,292,111,5,428,320,0,320,748
01/06/2020,DAB,FL,ASO,ES,Combined TRACON& Tower with Radar,20,111,47,3,181,0,401,72,1,474,20,512,119,4,655,543,0,543,1198
01/07/2020,DAB,FL,ASO,ES,Combined TRACON& Tower with Radar,18,90,50,2,160,0,448,90,0,538,18,538,140,2,698,497,0,497,1195
01/08/2020,DAB,FL,ASO,ES,Combined TRACON& Tower with Radar,20,94,54,0,168,0,453,83,0,536,20,547,137,0,704,411,0,411,1115
01/09/2020,DAB,FL,ASO,ES,Combined TRACON& Tower with Radar,20,100,57,6,183,0,456,71,6,533,20,556,128,12,716,456,0,456,1172
01/10/2020,DAB,FL,ASO,ES,Combined TRACON& Tower with Radar,20,91,49,11,171,0,341,69,7,417,20,432,118,18,588,153,0,153,741
01/11/2020,DAB,FL,ASO,ES,Combined TRACON& Tower with Radar,19,49,29,5,102,0,107,25,5,137,19,156,54,10,239,30,0,30,269
01/12/2020,DAB,FL,ASO,ES,Combined TRACON& Tower with Radar,21,92,41,0,154,0,69,45,4,118,21,161,86,4,272,4,0,4,276
01/13/2020,DAB,FL,ASO,ES,Combined TRACON& Tower with Radar,20,102,54,4,180,0,466,99,1,566,20,568,153,5,746,385,0,385,1131
01/14/2020,DAB,FL,ASO,ES,Combined TRACON& Tower with Radar,18,150,55,2,225,0,306,64,2,372,18,456,119,4,597,529,0,529,1126
01/15/2020,DAB,FL,ASO,ES,Combined TRACON& Tower with Radar,20,110,61,2,193,0,622,103,6,731,20,732,164,8,924,534,0,534,1458
01/16/2020,DAB,FL,ASO,ES,Combined TRACON& Tower with Radar,20,97,50,4,171,0,513,87,3,603,20,610,137,7,774,415,0,415,1189
01/17/2020,DAB,FL,ASO,ES,Combined TRACON& Tower with Radar,20,119,78,1,218,0,348,88,2,438,20,467,166,3,656,292,0,292,948
01/18/2020,DAB,FL,ASO,ES,Combined TRACON& Tower with Radar,18,79,50,4,151,0,318,109,0,427,18,397,159,4,578,204,0,204,782
01/19/2020,DAB,FL,ASO,ES,Combined TRACON& Tower with Radar,18,58,30,0,106,0,184,40,1,225,18,242,70,1,331,323,0,323,654
01/20/2020,DAB,FL,ASO,ES,Combined TRACON& Tower with Radar,20,80,49,0,149,0,406,97,0,503,20,486,146,0,652,109,0,109,761
01/21/2020,DAB,FL,ASO,ES,Combined TRACON& Tower with Radar,20,37,36,0,93,0,260,65,2,327,20,297,101,2,420,2,0,2,422
01/22/2020,DAB,FL,ASO,ES,Combined TRACON& Tower with Radar,20,43,68,0,131,0,15,7,0,22,20,58,75,0,153,0,0,0,153
01/23/2020,DAB,FL,ASO,ES,Combined TRACON& Tower with Radar,20,179,79,6,284,0,271,56,0,327,20,450,135,6,611,557,0,557,1168
01/24/2020,DAB,FL,ASO,ES,Combined TRACON& Tower with Radar,20,147,91,0,258,0,526,136,1,663,20,673,227,1,921,456,0,456,1377
01/25/2020,DAB,FL,ASO,ES,Combined TRACON& Tower with Radar,22,94,87,0,203,0,541,132,8,681,22,635,219,8,884,152,0,152,1036
01/26/2020,DAB,FL,ASO,ES,Combined TRACON& Tower with Radar,19,60,83,0,162,0,291,121,6,418,19,351,204,6,580,335,0,335,915
01/27/2020,DAB,FL,ASO,ES,Combined TRACON& Tower with Radar,21,124,74,2,221,0,589,116,2,707,21,713,190,4,928,477,0,477,1405
01/28/2020,DAB,FL,ASO,ES,Combined TRACON& Tower with Radar,20,131,41,0,192,0,636,126,3,765,20,767,167,3,957,340,0,340,1297
01/29/2020,DAB,FL,ASO,ES,Combined TRACON& Tower with Radar,20,143,54,4,221,0,593,119,2,714,20,736,173,6,935,478,0,478,1413
01/30/2020,DAB,FL,ASO,ES,Combined TRACON& Tower with Radar,22,104,71,9,206,0,25,14,0,39,22,129,85,9,245,10,0,10,255
01/31/2020,DAB,FL,ASO,ES,Combined TRACON& Tower with Radar,20,141,85,0,246,0,467,105,0,572,20,608,190,0,818,330,0,330,1148
02/01/2020,DAB,FL,ASO,ES,Combined TRACON& Tower with Radar,20,50,33,0,103,0,13,14,3,30,20,63,47,3,133,76,0,76,209
02/02/2020,DAB,FL,ASO,ES,Combined TRACON& Tower with Radar,17,51,39,1,108,0,336,126,4,466,17,387,165,5,574,414,0,414,988
02/03/2020,DAB,FL,ASO,ES,Combined TRACON& Tower with Radar,23,117,55,0,195,0,619,128,1,748,23,736,183,1,943,482,0,482,1425
02/04/2020,DAB,FL,ASO,ES,Combined TRACON& Tower with Radar,18,125,50,3,196,0,678,93,3,774,18,803,143,6,970,477,0,477,1447
02/05/2020,DAB,FL,ASO,ES,Combined TRACON& Tower with Radar,20,125,46,6,197,0,645,104,4,753,20,770,150,10,950,191,0,191,1141
02/06/2020,DAB,FL,ASO,ES,Combined TRACON& Tower with Radar,16,59,41,0,116,0,17,5,2,24,16,76,46,2,140,7,0,7,147
02/07/2020,DAB,FL,ASO,ES,Combined TRACON& Tower with Radar,17,89,65,1,172,0,250,53,2,305,17,339,118,3,477,370,2,372,849
02/08/2020,DAB,FL,ASO,ES,Combined TRACON& Tower with Radar,22,142,71,0,235,0,508,105,2,615,22,650,176,2,850,402,0,402,1252
02/09/2020,DAB,FL,ASO,ES,Combined TRACON& Tower with Radar,21,77,78,1,177,0,355,88,2,445,21,432,166,3,622,553,0,553,1175
02/10/2020,DAB,FL,ASO,ES,Combined TRACON& Tower with Radar,22,137,54,2,215,0,560,87,2,649,22,697,141,4,864,384,0,384,1248
02/11/2020,DAB,FL,ASO,ES,Combined TRACON& Tower with Radar,18,132,54,4,208,0,461,90,0,551,18,593,144,4,759,506,0,506,1265
02/12/2020,DAB,FL,ASO,ES,Combined TRACON& Tower with Radar,21,127,71,11,230,0,419,64,9,492,21,546,135,20,722,399,2,401,1123
02/13/2020,DAB,FL,ASO,ES,Combined TRACON& Tower with Radar,24,111,107,6,248,0,222,47,1,270,24,333,154,7,518,292,2,294,812
02/14/2020,DAB,FL,ASO,ES,Combined TRACON& Tower with Radar,25,155,105,6,291,0,4,8,1,13,25,159,113,7,304,93,0,93,397
02/15/2020,DAB,FL,ASO,ES,Combined TRACON& Tower with Radar,23,90,72,2,187,0,160,55,4,219,23,250,127,6,406,117,0,117,523
02/16/2020,DAB,FL,ASO,ES,Combined TRACON& Tower with Radar,19,49,184,7,259,0,9,45,5,59,19,58,229,12,318,6,0,6,324
02/17/2020,DAB,FL,ASO,ES,Combined TRACON& Tower with Radar,34,97,139,6,276,0,251,66,3,320,34,348,205,9,596,143,0,143,739
02/18/2020,DAB,FL,ASO,ES,Combined TRACON& Tower with Radar,21,133,66,4,224,0,640,107,5,752,21,773,173,9,976,273,0,273,1249
02/19/2020,DAB,FL,ASO,ES,Combined TRACON& Tower with Radar,21,158,54,9,242,0,638,137,1,776,21,796,191,10,1018,400,0,400,1418
02/20/2020,DAB,FL,ASO,ES,Combined TRACON& Tower with Radar,18,57,52,0,127,0,10,11,2,23,18,67,63,2,150,8,0,8,158
02/21/2020,DAB,FL,ASO,ES,Combined TRACON& Tower with Radar,20,4,27,1,52,0,0,6,0,6,20,4,33,1,58,0,0,0,58
02/22/2020,DAB,FL,ASO,ES,Combined TRACON& Tower with Radar,20,110,25,0,155,0,154,28,2,184,20,264,53,2,339,10,0,10,349
02/23/2020,DAB,FL,ASO,ES,Combined TRACON& Tower with Radar,20,92,44,0,156,0,438,115,6,559,20,530,159,6,715,552,0,552,1267
02/24/2020,DAB,FL,ASO,ES,Combined TRACON& Tower with Radar,24,121,68,2,215,0,640,122,6,768,24,761,190,8,983,263,0,263,1246
02/25/2020,DAB,FL,ASO,ES,Combined TRACON& Tower with Radar,20,104,55,0,179,0,558,69,0,627,20,662,124,0,806,435,0,435,1241
02/26/2020,DAB,FL,ASO,ES,Combined TRACON& Tower with Radar,24,52,38,0,114,0,285,46,0,331,24,337,84,0,445,180,0,180,625
02/27/2020,DAB,FL,ASO,ES,Combined TRACON& Tower with Radar,22,131,49,0,202,0,650,116,2,768,22,781,165,2,970,262,0,262,1232
02/28/2020,DAB,FL,ASO,ES,Combined TRACON& Tower with Radar,20,139,71,0,230,0,710,130,3,843,20,849,201,3,1073,533,0,533,1606
02/29/2020,DAB,FL,ASO,ES,Combined TRACON& Tower with Radar,22,74,39,0,135,0,270,81,5,356,22,344,120,5,491,193,0,193,684
03/01/2020,DAB,FL,ASO,ES,Combined TRACON& Tower with Radar,22,93,36,2,153,0,416,87,15,518,22,509,123,17,671,511,0,511,1182
03/02/2020,DAB,FL,ASO,ES,Combined TRACON& Tower with Radar,22,103,49,2,176,0,548,92,2,642,22,651,141,4,818,98,0,98,916
03/03/2020,DAB,FL,ASO,ES,Combined TRACON& Tower with Radar,20,134,47,3,204,0,511,93,1,605,20,645,140,4,809,517,0,517,1326
03/04/2020,DAB,FL,ASO,ES,Combined TRACON& Tower with Radar,22,135,68,0,225,0,556,89,0,645,22,691,157,0,870,480,0,480,1350
03/05/2020,DAB,FL,ASO,ES,Combined TRACON& Tower with Radar,22,62,41,0,125,0,143,49,2,194,22,205,90,2,319,158,0,158,477
03/06/2020,DAB,FL,ASO,ES,Combined TRACON& Tower with Radar,20,113,56,2,191,0,338,76,3,417,20,451,132,5,608,52,0,52,660
03/07/2020,DAB,FL,ASO,ES,Combined TRACON& Tower with Radar,20,39,31,2,92,0,127,79,2,208,20,166,110,4,300,10,0,10,310
03/08/2020,DAB,FL,ASO,ES,Combined TRACON& Tower with Radar,20,70,42,1,133,0,270,77,6,353,20,340,119,7,486,519,0,519,1005
03/09/2020,DAB,FL,ASO,ES,Combined TRACON& Tower with Radar,22,106,37,0,165,0,441,65,0,506,22,547,102,0,671,120,0,120,791
03/10/2020,DAB,FL,ASO,ES,Combined TRACON& Tower with Radar,20,106,44,2,172,0,572,110,7,689,20,678,154,9,861,125,0,125,986
03/11/2020,DAB,FL,ASO,ES,Combined TRACON& Tower with Radar,20,122,44,4,190,0,557,117,6,680,20,679,161,10,870,291,0,291,1161
03/12/2020,DAB,FL,ASO,ES,Combined TRACON& Tower with Radar,24,120,59,1,204,0,615,102,8,725,24,735,161,9,929,187,0,187,1116
03/13/2020,DAB,FL,ASO,ES,Combined TRACON& Tower with Radar,22,118,76,7,223,0,537,114,6,657,22,655,190,13,880,238,0,238,1118
03/14/2020,DAB,FL,ASO,ES,Combined TRACON& Tower with Radar,24,73,53,0,150,0,293,78,10,381,24,366,131,10,531,453,0,453,984
03/15/2020,DAB,FL,ASO,ES,Combined TRACON& Tower with Radar,22,37,31,17,107,0,179,62,10,251,22,216,93,27,358,181,0,181,539
03/16/2020,DAB,FL,ASO,ES,Combined TRACON& Tower with Radar,24,116,41,0,181,0,327,57,0,384,24,443,98,0,565,530,0,530,1095
03/17/2020,DAB,FL,ASO,ES,Combined TRACON& Tower with Radar,20,93,55,2,170,0,493,119,0,612,20,586,174,2,782,217,0,217,999
03/18/2020,DAB,FL,ASO,ES,Combined TRACON& Tower with Radar,21,120,40,0,181,0,570,102,0,672,21,690,142,0,853,54,0,54,907
03/19/2020,DAB,FL,ASO,ES,Combined TRACON& Tower with Radar,19,103,35,3,160,0,509,98,0,607,19,612,133,3,767,229,0,229,996
03/20/2020,DAB,FL,ASO,ES,Combined TRACON& Tower with Radar,15,106,30,0,151,0,534,95,0,629,15,640,125,0,780,78,0,78,858
03/21/2020,DAB,FL,ASO,ES,Combined TRACON& Tower with Radar,20,75,21,0,116,0,360,103,0,463,20,435,124,0,579,287,0,287,866
03/22/2020,DAB,FL,ASO,ES,Combined TRACON& Tower with Radar,14,62,32,0,108,0,222,60,2,284,14,284,92,2,392,414,0,414,806
03/23/2020,DAB,FL,ASO,ES,Combined TRACON& Tower with Radar,14,91,39,2,146,0,509,109,0,618,14,600,148,2,764,216,0,216,980
03/24/2020,DAB,FL,ASO,ES,Combined TRACON& Tower with Radar,10,81,40,0,131,0,510,118,2,630,10,591,158,2,761,487,0,487,1248
03/25/2020,DAB,FL,ASO,ES,Combined TRACON& Tower with Radar,15,90,50,0,155,0,246,50,0,296,15,336,100,0,451,343,0,343,794
03/26/2020,DAB,FL,ASO,ES,Combined TRACON& Tower with Radar,11,130,58,2,201,0,218,56,2,276,11,348,114,4,477,407,0,407,884
03/27/2020,DAB,FL,ASO,ES,Combined TRACON& Tower with Radar,8,112,43,0,163,0,411,125,0,536,8,523,168,0,699,354,0,354,1053
03/28/2020,DAB,FL,ASO,ES,Combined TRACON& Tower with Radar,8,56,30,0,94,0,382,81,1,464,8,438,111,1,558,111,0,111,669
03/29/2020,DAB,FL,ASO,ES,Combined TRACON& Tower with Radar,10,23,15,0,48,0,226,53,1,280,10,249,68,1,328,0,0,0,328
03/30/2020,DAB,FL,ASO,ES,Combined TRACON& Tower with Radar,10,47,11,0,68,0,350,77,1,428,10,397,88,1,496,18,0,18,514
03/31/2020,DAB,FL,ASO,ES,Combined TRACON& Tower with Radar,7,23,19,0,49,0,170,40,0,210,7,193,59,0,259,0,0,0,259
04/01/2020,DAB,FL,ASO,ES,Combined TRACON& Tower with Radar,8,53,16,0,77,0,343,88,0,431,8,396,104,0,508,4,0,4,512
04/02/2020,DAB,FL,ASO,ES,Combined TRACON& Tower with Radar,8,46,18,0,72,0,249,98,0,347,8,295,116,0,419,2,0,2,421
04/03/2020,DAB,FL,ASO,ES,Combined TRACON& Tower with Radar,5,7,19,0,31,0,131,85,0,216,5,138,104,0,247,6,0,6,253
04/04/2020,DAB,FL,ASO,ES,Combined TRACON& Tower with Radar,3,9,16,0,28,0,100,69,0,169,3,109,85,0,197,20,0,20,217
04/05/2020,DAB,FL,ASO,ES,Combined TRACON& Tower with Radar,7,7,8,0,22,0,3,5,0,8,7,10,13,0,30,33,0,33,63
04/06/2020,DAB,FL,ASO,ES,Combined TRACON& Tower with Radar,11,10,7,0,28,0,108,51,0,159,11,118,58,0,187,57,0,57,244
04/07/2020,DAB,FL,ASO,ES,Combined TRACON& Tower with Radar,10,15,25,1,51,0,139,83,0,222,10,154,108,1,273,22,0,22,295
04/08/2020,DAB,FL,ASO,ES,Combined TRACON& Tower with Radar,9,16,35,2,62,0,98,70,0,168,9,114,105,2,230,4,0,4,234
04/09/2020,DAB,FL,ASO,ES,Combined TRACON& Tower with Radar,10,22,20,2,54,0,42,27,0,69,10,64,47,2,123,0,0,0,123
04/10/2020,DAB,FL,ASO,ES,Combined TRACON& Tower with Radar,7,17,11,3,38,0,90,32,1,123,7,107,43,4,161,0,0,0,161
04/11/2020,DAB,FL,ASO,ES,Combined TRACON& Tower with Radar,7,17,24,0,48,0,138,84,1,223,7,155,108,1,271,71,0,71,342
04/12/2020,DAB,FL,ASO,ES,Combined TRACON& Tower with Radar,9,2,1,0,12,0,0,3,0,3,9,2,4,0,15,0,0,0,15
04/13/2020,DAB,FL,ASO,ES,Combined TRACON& Tower with Radar,13,5,6,4,28,0,45,19,0,64,13,50,25,4,92,33,0,33,125
04/14/2020,DAB,FL,ASO,ES,Combined TRACON& Tower with Radar,10,20,21,0,51,0,55,17,0,72,10,75,38,0,123,240,0,240,363
04/15/2020,DAB,FL,ASO,ES,Combined TRACON& Tower with Radar,7,17,14,4,42,0,16,10,2,28,7,33,24,6,70,56,0,56,126
04/16/2020,DAB,FL,ASO,ES,Combined TRACON& Tower with Radar,8,29,11,1,49,0,21,10,0,31,8,50,21,1,80,16,0,16,96
04/17/2020,DAB,FL,ASO,ES,Combined TRACON& Tower with Radar,8,21,40,0,69,0,11,50,0,61,8,32,90,0,130,88,0,88,218
04/18/2020,DAB,FL,ASO,ES,Combined TRACON& Tower with Radar,6,24,13,0,43,0,60,17,0,77,6,84,30,0,120,137,0,137,257
04/19/2020,DAB,FL,ASO,ES,Combined TRACON& Tower with Radar,6,18,23,0,47,0,143,57,0,200,6,161,80,0,247,43,0,43,290
04/20/2020,DAB,FL,ASO,ES,Combined TRACON& Tower with Radar,8,10,15,0,33,0,23,20,0,43,8,33,35,0,76,7,0,7,83
04/21/2020,DAB,FL,ASO,ES,Combined TRACON& Tower with Radar,8,24,27,0,59,0,219,98,0,317,8,243,125,0,376,0,0,0,376
04/22/2020,DAB,FL,ASO,ES,Combined TRACON& Tower with Radar,8,27,29,0,64,0,179,105,0,284,8,206,134,0,348,12,0,12,360
04/23/2020,DAB,FL,ASO,ES,Combined TRACON& Tower with Radar,8,14,20,3,45,0,65,47,0,112,8,79,67,3,157,12,0,12,169
04/24/2020,DAB,FL,ASO,ES,Combined TRACON& Tower with Radar,8,5,13,1,27,0,2,8,0,10,8,7,21,1,37,0,0,0,37
04/25/2020,DAB,FL,ASO,ES,Combined TRACON& Tower with Radar,6,22,24,0,52,0,110,41,0,151,6,132,65,0,203,54,0,54,257
04/26/2020,DAB,FL,ASO,ES,Combined TRACON& Tower with Radar,8,25,15,2,50,0,127,55,0,182,8,152,70,2,232,46,0,46,278
04/27/2020,DAB,FL,ASO,ES,Combined TRACON& Tower with Radar,8,23,33,2,66,0,123,95,0,218,8,146,128,2,284,30,0,30,314
04/28/2020,DAB,FL,ASO,ES,Combined TRACON& Tower with Radar,8,33,37,3,81,0,169,82,2,253,8,202,119,5,334,105,0,105,439
04/29/2020,DAB,FL,ASO,ES,Combined TRACON& Tower with Radar,8,26,27,2,63,0,112,76,1,189,8,138,103,3,252,56,0,56,308
04/30/2020,DAB,FL,ASO,ES,Combined TRACON& Tower with Radar,6,30,22,1,59,0,38,26,2,66,6,68,48,3,125,122,0,122,247
05/01/2020,DAB,FL,ASO,ES,Combined TRACON& Tower with Radar,7,36,28,0,71,0,195,98,0,293,7,231,126,0,364,95,0,95,459
05/02/2020,DAB,FL,ASO,ES,Combined TRACON& Tower with Radar,9,31,18,1,59,0,151,66,0,217,9,182,84,1,276,274,0,274,550
05/03/2020,DAB,FL,ASO,ES,Combined TRACON& Tower with Radar,7,27,19,2,55,0,108,69,0,177,7,135,88,2,232,82,0,82,314
05/04/2020,DAB,FL,ASO,ES,Combined TRACON& Tower with Radar,6,26,33,0,65,0,140,112,1,253,6,166,145,1,318,70,0,70,388
05/05/2020,DAB,FL,ASO,ES,Combined TRACON& Tower with Radar,9,35,70,3,117,0,168,89,1,258,9,203,159,4,375,118,0,118,493
05/06/2020,DAB,FL,ASO,ES,Combined TRACON& Tower with Radar,8,37,25,3,73,0,268,66,1,335,8,305,91,4,408,129,0,129,537
05/07/2020,DAB,FL,ASO,ES,Combined TRACON& Tower with Radar,6,57,29,2,94,0,311,65,5,381,6,368,94,7,475,51,0,51,526
05/08/2020,DAB,FL,ASO,ES,Combined TRACON& Tower with Radar,6,58,25,0,89,0,343,103,0,446,6,401,128,0,535,39,0,39,574
05/09/2020,DAB,FL,ASO,ES,Combined TRACON& Tower with Radar,6,42,30,0,78,0,107,54,0,161,6,149,84,0,239,38,0,38,277
05/10/2020,DAB,FL,ASO,ES,Combined TRACON& Tower with Radar,6,16,19,0,41,0,13,8,0,21,6,29,27,0,62,26,0,26,88
05/11/2020,DAB,FL,ASO,ES,Combined TRACON& Tower with Radar,6,107,46,0,159,0,337,74,0,411,6,444,120,0,570,88,0,88,658
05/12/2020,DAB,FL,ASO,ES,Combined TRACON& Tower with Radar,6,69,39,3,117,0,448,81,2,531,6,517,120,5,648,68,0,68,716
05/13/2020,DAB,FL,ASO,ES,Combined TRACON& Tower with Radar,6,88,50,0,144,0,330,102,0,432,6,418,152,0,576,107,0,107,683
05/14/2020,DAB,FL,ASO,ES,Combined TRACON& Tower with Radar,6,99,43,4,152,0,227,37,0,264,6,326,80,4,416,135,0,135,551
05/15/2020,DAB,FL,ASO,ES,Combined TRACON& Tower with Radar,6,93,45,1,145,0,261,60,1,322,6,354,105,2,467,221,0,221,688
05/16/2020,DAB,FL,ASO,ES,Combined TRACON& Tower with Radar,6,71,19,0,96,0,52,19,0,71,6,123,38,0,167,183,0,183,350
05/17/2020,DAB,FL,ASO,ES,Combined TRACON& Tower with Radar,6,77,59,0,142,0,91,46,0,137,6,168,105,0,279,169,0,169,448
05/18/2020,DAB,FL,ASO,ES,Combined TRACON& Tower with Radar,6,61,22,2,91,0,315,54,0,369,6,376,76,2,460,56,6,62,522
05/19/2020,DAB,FL,ASO,ES,Combined TRACON& Tower with Radar,6,123,39,2,170,0,376,80,1,457,6,499,119,3,627,164,0,164,791
05/20/2020,DAB,FL,ASO,ES,Combined TRACON& Tower with Radar,6,82,35,0,123,0,498,99,0,597,6,580,134,0,720,27,0,27,747
05/21/2020,DAB,FL,ASO,ES,Combined TRACON& Tower with Radar,6,62,36,0,104,0,395,83,1,479,6,457,119,1,583,94,0,94,677
05/22/2020,DAB,FL,ASO,ES,Combined TRACON& Tower with Radar,6,87,43,0,136,0,449,102,0,551,6,536,145,0,687,224,0,224,911
05/23/2020,DAB,FL,ASO,ES,Combined TRACON& Tower with Radar,6,97,35,1,139,0,224,61,6,291,6,321,96,7,430,290,0,290,720
05/24/2020,DAB,FL,ASO,ES,Combined TRACON& Tower with Radar,6,46,31,0,83,0,70,55,8,133,6,116,86,8,216,175,0,175,391
05/25/2020,DAB,FL,ASO,ES,Combined TRACON& Tower with Radar,6,48,16,0,70,0,63,11,0,74,6,111,27,0,144,150,0,150,294
05/26/2020,DAB,FL,ASO,ES,Combined TRACON& Tower with Radar,9,88,26,4,127,0,18,13,0,31,9,106,39,4,158,57,0,57,215
05/27/2020,DAB,FL,ASO,ES,Combined TRACON& Tower with Radar,7,67,37,0,111,0,139,37,0,176,7,206,74,0,287,237,0,237,524
05/28/2020,DAB,FL,ASO,ES,Combined TRACON& Tower with Radar,6,66,40,0,112,0,247,74,0,321,6,313,114,0,433,178,0,178,611
05/29/2020,DAB,FL,ASO,ES,Combined TRACON& Tower with Radar,5,92,28,0,125,0,271,66,4,341,5,363,94,4,466,286,0,286,752
05/30/2020,DAB,FL,ASO,ES,Combined TRACON& Tower with Radar,7,74,26,3,110,0,123,31,7,161,7,197,57,10,271,24,0,24,295
05/31/2020,DAB,FL,ASO,ES,Combined TRACON& Tower with Radar,6,53,46,0,105,0,174,77,0,251,6,227,123,0,356,204,0,204,560
06/01/2020,DAB,FL,ASO,ES,Combined TRACON& Tower with Radar,6,170,60,0,236,0,187,50,2,239,6,357,110,2,475,235,0,235,710
06/02/2020,DAB,FL,ASO,ES,Combined TRACON& Tower with Radar,6,190,50,3,249,0,264,77,1,342,6,454,127,4,591,425,0,425,1016
06/03/2020,DAB,FL,ASO,ES,Combined TRACON& Tower with Radar,6,182,49,0,237,0,324,63,0,387,6,506,112,0,624,281,0,281,905
06/04/2020,DAB,FL,ASO,ES,Combined TRACON& Tower with Radar,6,115,26,1,148,0,93,10,0,103,6,208,36,1,251,127,0,127,378
06/05/2020,DAB,FL,ASO,ES,Combined TRACON& Tower with Radar,6,99,38,0,143,0,372,76,2,450,6,471,114,2,593,345,0,345,938
06/06/2020,DAB,FL,ASO,ES,Combined TRACON& Tower with Radar,6,74,23,0,103,0,66,17,2,85,6,140,40,2,188,78,0,78,266
06/07/2020,DAB,FL,ASO,ES,Combined TRACON& Tower with Radar,6,45,28,0,79,0,17,13,0,30,6,62,41,0,109,204,0,204,313
06/08/2020,DAB,FL,ASO,ES,Combined TRACON& Tower with Radar,6,79,40,0,125,0,284,71,0,355,6,363,111,0,480,253,0,253,733
06/09/2020,DAB,FL,ASO,ES,Combined TRACON& Tower with Radar,8,106,41,0,155,0,373,80,0,453,8,479,121,0,608,216,0,216,824
06/10/2020,DAB,FL,ASO,ES,Combined TRACON& Tower with Radar,6,132,40,0,178,0,409,101,0,510,6,541,141,0,688,182,0,182,870
06/11/2020,DAB,FL,ASO,ES,Combined TRACON& Tower with Radar,8,102,47,0,157,0,354,79,0,433,8,456,126,0,590,67,0,67,657
06/12/2020,DAB,FL,ASO,ES,Combined TRACON& Tower with Radar,6,92,46,0,144,0,518,115,1,634,6,610,161,1,778,409,0,409,1187
06/13/2020,DAB,FL,ASO,ES,Combined TRACON& Tower with Radar,6,68,23,0,97,0,152,51,4,207,6,220,74,4,304,285,0,285,589
06/14/2020,DAB,FL,ASO,ES,Combined TRACON& Tower with Radar,6,37,16,0,59,0,60,24,2,86,6,97,40,2,145,87,0,87,232
06/15/2020,DAB,FL,ASO,ES,Combined TRACON& Tower with Radar,6,68,21,0,95,0,386,108,1,495,6,454,129,1,590,6,0,6,596
06/16/2020,DAB,FL,ASO,ES,Combined TRACON& Tower with Radar,6,84,31,0,121,0,449,114,2,565,6,533,145,2,686,4,0,4,690
06/17/2020,DAB,FL,ASO,ES,Combined TRACON& Tower with Radar,6,67,21,1,95,0,404,91,2,497,6,471,112,3,592,10,0,10,602
06/18/2020,DAB,FL,ASO,ES,Combined TRACON& Tower with Radar,8,81,24,2,115,0,375,85,2,462,8,456,109,4,577,18,0,18,595
06/19/2020,DAB,FL,ASO,ES,Combined TRACON& Tower with Radar,6,41,42,2,91,0,94,47,2,143,6,135,89,4,234,20,0,20,254
06/20/2020,DAB,FL,ASO,ES,Combined TRACON& Tower with Radar,6,102,37,0,145,0,193,73,2,268,6,295,110,2,413,4,0,4,417
06/21/2020,DAB,FL,ASO,ES,Combined TRACON& Tower with Radar,6,40,28,0,74,0,128,62,1,191,6,168,90,1,265,4,0,4,269
06/22/2020,DAB,FL,ASO,ES,Combined TRACON& Tower with Radar,5,57,22,0,84,0,381,99,0,480,5,438,121,0,564,14,0,14,578
06/23/2020,DAB,FL,ASO,ES,Combined TRACON& Tower with Radar,7,53,23,2,85,0,307,72,0,379,7,360,95,2,464,42,0,42,506
06/24/2020,DAB,FL,ASO,ES,Combined TRACON& Tower with Radar,8,59,28,0,95,0,373,83,0,456,8,432,111,0,551,0,0,0,551
06/25/2020,DAB,FL,ASO,ES,Combined TRACON& Tower with Radar,6,72,28,1,107,0,363,100,2,465,6,435,128,3,572,23,0,23,595
06/26/2020,DAB,FL,ASO,ES,Combined TRACON& Tower with Radar,6,94,36,0,136,0,412,117,0,529,6,506,153,0,665,12,0,12,677
06/27/2020,DAB,FL,ASO,ES,Combined TRACON& Tower with Radar,7,48,19,1,75,0,168,56,2,226,7,216,75,3,301,70,0,70,371
06/28/2020,DAB,FL,ASO,ES,Combined TRACON& Tower with Radar,8,6,26,0,40,0,46,85,1,132,8,52,111,1,172,33,0,33,205
06/29/2020,DAB,FL,ASO,ES,Combined TRACON& Tower with Radar,8,52,35,0,95,0,310,76,2,388,8,362,111,2,483,86,0,86,569
06/30/2020,DAB,FL,ASO,ES,Combined TRACON& Tower with Radar,8,45,35,0,88,0,238,80,3,321,8,283,115,3,409,222,8,230,639
07/01/2020,DAB,FL,ASO,ES,Combined TRACON& Tower with Radar,8,68,45,4,125,0,270,58,0,328,8,338,103,4,453,147,0,147,600
07/02/2020,DAB,FL,ASO,ES,Combined TRACON& Tower with Radar,10,75,41,1,127,0,242,80,1,323,10,317,121,2,450,399,0,399,849
07/03/2020,DAB,FL,ASO,ES,Combined TRACON& Tower with Radar,10,46,54,0,110,0,182,58,2,242,10,228,112,2,352,103,0,103,455
07/04/2020,DAB,FL,ASO,ES,Combined TRACON& Tower with Radar,10,28,28,0,66,0,60,39,9,108,10,88,67,9,174,161,0,161,335
07/05/2020,DAB,FL,ASO,ES,Combined TRACON& Tower with Radar,10,41,37,0,88,0,70,28,0,98,10,111,65,0,186,118,0,118,304
07/06/2020,DAB,FL,ASO,ES,Combined TRACON& Tower with Radar,10,52,37,0,99,0,226,53,0,279,10,278,90,0,378,161,0,161,539
07/07/2020,DAB,FL,ASO,ES,Combined TRACON& Tower with Radar,8,61,31,6,106,0,201,61,0,262,8,262,92,6,368,267,0,267,635
07/08/2020,DAB,FL,ASO,ES,Combined TRACON& Tower with Radar,10,67,56,2,135,0,113,39,1,153,10,180,95,3,288,186,0,186,474
07/09/2020,DAB,FL,ASO,ES,Combined TRACON& Tower with Radar,12,98,36,2,148,0,294,55,0,349,12,392,91,2,497,250,0,250,747
07/10/2020,DAB,FL,ASO,ES,Combined TRACON& Tower with Radar,12,103,42,0,157,0,126,38,2,166,12,229,80,2,323,26,0,26,349
07/11/2020,DAB,FL,ASO,ES,Combined TRACON& Tower with Radar,12,96,49,0,157,0,179,39,2,220,12,275,88,2,377,91,0,91,468
07/12/2020,DAB,FL,ASO,ES,Combined TRACON& Tower with Radar,12,28,27,0,67,0,129,63,10,202,12,157,90,10,269,0,0,0,269
07/13/2020,DAB,FL,ASO,ES,Combined TRACON& Tower with Radar,12,85,32,0,129,0,405,99,1,505,12,490,131,1,634,0,0,0,634
07/14/2020,DAB,FL,ASO,ES,Combined TRACON& Tower with Radar,8,50,28,0,86,0,243,82,0,325,8,293,110,0,411,10,0,10,421
07/15/2020,DAB,FL,ASO,ES,Combined TRACON& Tower with Radar,8,71,43,1,123,0,383,91,2,476,8,454,134,3,599,52,0,52,651
07/16/2020,DAB,FL,ASO,ES,Combined TRACON& Tower with Radar,12,90,29,2,133,0,380,110,1,491,12,470,139,3,624,28,0,28,652
07/17/2020,DAB,FL,ASO,ES,Combined TRACON& Tower with Radar,12,100,40,0,152,0,351,116,0,467,12,451,156,0,619,57,0,57,676
07/18/2020,DAB,FL,ASO,ES,Combined TRACON& Tower with Radar,12,70,56,1,139,0,213,67,10,290,12,283,123,11,429,161,0,161,590
07/19/2020,DAB,FL,ASO,ES,Combined TRACON& Tower with Radar,12,22,48,0,82,0,107,66,2,175,12,129,114,2,257,173,0,173,430
07/20/2020,DAB,FL,ASO,ES,Combined TRACON& Tower with Radar,13,81,52,0,146,0,345,78,1,424,13,426,130,1,570,107,0,107,677
07/21/2020,DAB,FL,ASO,ES,Combined TRACON& Tower with Radar,9,87,46,1,143,0,393,99,0,492,9,480,145,1,635,20,0,20,655
07/22/2020,DAB,FL,ASO,ES,Combined TRACON& Tower with Radar,10,84,24,5,123,0,171,34,1,206,10,255,58,6,329,248,0,248,577
07/23/2020,DAB,FL,ASO,ES,Combined TRACON& Tower with Radar,12,66,38,2,118,0,89,34,3,126,12,155,72,5,244,85,0,85,329
07/24/2020,DAB,FL,ASO,ES,Combined TRACON& Tower with Radar,12,118,63,0,193,0,371,108,0,479,12,489,171,0,672,189,0,189,861
07/25/2020,DAB,FL,ASO,ES,Combined TRACON& Tower with Radar,12,88,48,1,149,0,233,75,4,312,12,321,123,5,461,240,0,240,701
07/26/2020,DAB,FL,ASO,ES,Combined TRACON& Tower with Radar,12,32,25,2,71,0,69,44,7,120,12,101,69,9,191,196,0,196,387
07/27/2020,DAB,FL,ASO,ES,Combined TRACON& Tower with Radar,12,60,24,0,96,0,283,43,0,326,12,343,67,0,422,163,0,163,585
07/28/2020,DAB,FL,ASO,ES,Combined TRACON& Tower with Radar,8,70,31,0,109,0,262,56,0,318,8,332,87,0,427,114,0,114,541
07/29/2020,DAB,FL,ASO,ES,Combined TRACON& Tower with Radar,8,69,31,4,112,0,370,89,0,459,8,439,120,4,571,204,0,204,775
07/30/2020,DAB,FL,ASO,ES,Combined TRACON& Tower with Radar,12,75,34,0,121,0,338,79,0,417,12,413,113,0,538,168,0,168,706
07/31/2020,DAB,FL,ASO,ES,Combined TRACON& Tower with Radar,12,106,41,1,160,0,381,82,3,466,12,487,123,4,626,221,0,221,847
08/01/2020,DAB,FL,ASO,ES,Combined TRACON& Tower with Radar,14,56,28,0,98,0,212,51,6,269,14,268,79,6,367,69,0,69,436
08/02/2020,DAB,FL,ASO,ES,Combined TRACON& Tower with Radar,14,0,4,0,18,0,2,5,0,7,14,2,9,0,25,0,0,0,25
08/03/2020,DAB,FL,ASO,ES,Combined TRACON& Tower with Radar,14,60,16,0,90,0,124,33,2,159,14,184,49,2,249,169,0,169,418
08/04/2020,DAB,FL,ASO,ES,Combined TRACON& Tower with Radar,10,54,49,0,113,0,324,74,1,399,10,378,123,1,512,153,0,153,665
08/05/2020,DAB,FL,ASO,ES,Combined TRACON& Tower with Radar,10,72,30,4,116,0,352,77,0,429,10,424,107,4,545,179,0,179,724
08/06/2020,DAB,FL,ASO,ES,Combined TRACON& Tower with Radar,14,60,26,0,100,0,332,75,0,407,14,392,101,0,507,198,0,198,705
08/07/2020,DAB,FL,ASO,ES,Combined TRACON& Tower with Radar,14,77,37,0,128,0,346,76,1,423,14,423,113,1,551,157,0,157,708
08/08/2020,DAB,FL,ASO,ES,Combined TRACON& Tower with Radar,16,81,35,0,132,0,253,76,0,329,16,334,111,0,461,205,0,205,666
08/09/2020,DAB,FL,ASO,ES,Combined TRACON& Tower with Radar,14,38,26,0,78,0,99,65,10,174,14,137,91,10,252,103,0,103,355
08/10/2020,DAB,FL,ASO,ES,Combined TRACON& Tower with Radar,14,90,32,1,137,0,387,68,1,456,14,477,100,2,593,126,0,126,719
08/11/2020,DAB,FL,ASO,ES,Combined TRACON& Tower with Radar,11,67,35,1,114,0,255,52,0,307,11,322,87,1,421,278,0,278,699
08/12/2020,DAB,FL,ASO,ES,Combined TRACON& Tower with Radar,16,78,42,0,136,0,349,64,0,413,16,427,106,0,549,317,0,317,866
08/13/2020,DAB,FL,ASO,ES,Combined TRACON& Tower with Radar,15,103,42,0,160,0,247,52,1,300,15,350,94,1,460,338,0,338,798
08/14/2020,DAB,FL,ASO,ES,Combined TRACON& Tower with Radar,14,74,66,0,154,0,294,83,3,380,14,368,149,3,534,158,0,158,692
08/15/2020,DAB,FL,ASO,ES,Combined TRACON& Tower with Radar,14,43,59,0,116,0,152,72,0,224,14,195,131,0,340,190,0,190,530
08/16/2020,DAB,FL,ASO,ES,Combined TRACON& Tower with Radar,14,9,107,0,130,0,71,42,2,115,14,80,149,2,245,32,0,32,277
08/17/2020,DAB,FL,ASO,ES,Combined TRACON& Tower with Radar,14,71,41,0,126,0,238,55,0,293,14,309,96,0,419,130,0,130,549
08/18/2020,DAB,FL,ASO,ES,Combined TRACON& Tower with Radar,8,70,26,0,104,0,248,50,2,300,8,318,76,2,404,176,0,176,580
08/19/2020,DAB,FL,ASO,ES,Combined TRACON& Tower with Radar,13,67,42,0,122,0,282,63,0,345,13,349,105,0,467,163,0,163,630
08/20/2020,DAB,FL,ASO,ES,Combined TRACON& Tower with Radar,19,83,35,2,139,0,292,84,0,376,19,375,119,2,515,85,0,85,600
08/21/2020,DAB,FL,ASO,ES,Combined TRACON& Tower with Radar,16,94,46,0,156,0,265,66,1,332,16,359,112,1,488,226,0,226,714
08/22/2020,DAB,FL,ASO,ES,Combined TRACON& Tower with Radar,16,67,54,1,138,0,70,51,2,123,16,137,105,3,261,204,0,204,465
08/23/2020,DAB,FL,ASO,ES,Combined TRACON& Tower with Radar,18,58,39,0,115,0,99,52,2,153,18,157,91,2,268,78,0,78,346
08/24/2020,DAB,FL,ASO,ES,Combined TRACON& Tower with Radar,16,101,23,4,144,0,88,45,2,135,16,189,68,6,279,46,0,46,325
08/25/2020,DAB,FL,ASO,ES,Combined TRACON& Tower with Radar,12,159,28,2,201,0,167,51,0,218,12,326,79,2,419,82,0,82,501
08/26/2020,DAB,FL,ASO,ES,Combined TRACON& Tower with Radar,12,114,60,2,188,0,371,91,0,462,12,485,151,2,650,107,0,107,757
08/27/2020,DAB,FL,ASO,ES,Combined TRACON& Tower with Radar,16,85,65,1,167,0,362,90,2,454,16,447,155,3,621,57,0,57,678
08/28/2020,DAB,FL,ASO,ES,Combined TRACON& Tower with Radar,16,91,76,15,198,0,526,121,3,650,16,617,197,18,848,101,0,101,949
08/29/2020,DAB,FL,ASO,ES,Combined TRACON& Tower with Radar,16,38,71,0,125,0,133,62,11,206,16,171,133,11,331,282,0,282,613
08/30/2020,DAB,FL,ASO,ES,Combined TRACON& Tower with Radar,15,22,43,1,81,0,61,21,0,82,15,83,64,1,163,159,0,159,322
08/31/2020,DAB,FL,ASO,ES,Combined TRACON& Tower with Radar,17,79,34,1,131,0,172,39,1,212,17,251,73,2,343,122,0,122,465
09/01/2020,DAB,FL,ASO,ES,Combined TRACON& Tower with Radar,12,119,48,0,179,0,267,46,2,315,12,386,94,2,494,291,0,291,785
09/02/2020,DAB,FL,ASO,ES,Combined TRACON& Tower with Radar,12,85,60,2,159,0,489,106,0,595,12,574,166,2,754,404,0,404,1158
09/03/2020,DAB,FL,ASO,ES,Combined TRACON& Tower with Radar,16,98,40,0,154,0,569,128,0,697,16,667,168,0,851,205,0,205,1056
09/04/2020,DAB,FL,ASO,ES,Combined TRACON& Tower with Radar,18,85,37,0,140,0,404,83,4,491,18,489,120,4,631,364,0,364,995
09/05/2020,DAB,FL,ASO,ES,Combined TRACON& Tower with Radar,16,57,49,0,122,0,294,109,0,403,16,351,158,0,525,206,0,206,731
09/06/2020,DAB,FL,ASO,ES,Combined TRACON& Tower with Radar,14,63,33,0,110,0,206,58,0,264,14,269,91,0,374,322,0,322,696
09/07/2020,DAB,FL,ASO,ES,Combined TRACON& Tower with Radar,14,92,29,0,135,0,125,30,0,155,14,217,59,0,290,328,0,328,618
09/08/2020,DAB,FL,ASO,ES,Combined TRACON& Tower with Radar,11,158,39,0,208,0,234,53,0,287,11,392,92,0,495,400,0,400,895
09/09/2020,DAB,FL,ASO,ES,Combined TRACON& Tower with Radar,16,107,39,0,162,0,308,52,0,360,16,415,91,0,522,203,0,203,725
09/10/2020,DAB,FL,ASO,ES,Combined TRACON& Tower with Radar,14,188,66,4,272,0,324,69,0,393,14,512,135,4,665,405,0,405,1070
09/11/2020,DAB,FL,ASO,ES,Combined TRACON& Tower with Radar,14,118,32,0,164,0,104,19,0,123,14,222,51,0,287,252,0,252,539
09/12/2020,DAB,FL,ASO,ES,Combined TRACON& Tower with Radar,14,58,52,0,124,0,65,38,0,103,14,123,90,0,227,267,0,267,494
09/13/2020,DAB,FL,ASO,ES,Combined TRACON& Tower with Radar,14,40,29,0,83,0,43,17,1,61,14,83,46,1,144,95,0,95,239
09/14/2020,DAB,FL,ASO,ES,Combined TRACON& Tower with Radar,16,176,37,0,229,0,448,74,1,523,16,624,111,1,752,135,0,135,887
09/15/2020,DAB,FL,ASO,ES,Combined TRACON& Tower with Radar,14,174,61,3,252,0,460,106,6,572,14,634,167,9,824,98,0,98,922
09/16/2020,DAB,FL,ASO,ES,Combined TRACON& Tower with Radar,14,103,56,0,173,0,429,74,0,503,14,532,130,0,676,161,0,161,837
09/17/2020,DAB,FL,ASO,ES,Combined TRACON& Tower with Radar,14,153,37,2,206,0,248,54,0,302,14,401,91,2,508,48,0,48,556
09/18/2020,DAB,FL,ASO,ES,Combined TRACON& Tower with Radar,14,169,69,0,252,0,384,105,0,489,14,553,174,0,741,298,0,298,1039
09/19/2020,DAB,FL,ASO,ES,Combined TRACON& Tower with Radar,14,52,34,0,100,0,92,35,2,129,14,144,69,2,229,0,0,0,229
09/20/2020,DAB,FL,ASO,ES,Combined TRACON& Tower with Radar,16,9,23,0,48,0,0,6,0,6,16,9,29,0,54,16,0,16,70
09/21/2020,DAB,FL,ASO,ES,Combined TRACON& Tower with Radar,14,24,15,2,55,0,37,9,2,48,14,61,24,4,103,0,0,0,103
09/22/2020,DAB,FL,ASO,ES,Combined TRACON& Tower with Radar,14,104,38,1,157,0,341,79,1,421,14,445,117,2,578,8,0,8,586
09/23/2020,DAB,FL,ASO,ES,Combined TRACON& Tower with Radar,14,118,45,5,182,0,630,128,6,764,14,748,173,11,946,2,0,2,948
09/24/2020,DAB,FL,ASO,ES,Combined TRACON& Tower with Radar,16,104,48,1,169,0,513,99,3,615,16,617,147,4,784,8,0,8,792
09/25/2020,DAB,FL,ASO,ES,Combined TRACON& Tower with Radar,14,98,34,0,146,0,455,152,4,611,14,553,186,4,757,2,0,2,759
09/26/2020,DAB,FL,ASO,ES,Combined TRACON& Tower with Radar,14,58,35,0,107,0,308,155,3,466,14,366,190,3,573,8,0,8,581
09/27/2020,DAB,FL,ASO,ES,Combined TRACON& Tower with Radar,14,31,36,0,81,0,66,46,7,119,14,97,82,7,200,28,0,28,228
09/28/2020,DAB,FL,ASO,ES,Combined TRACON& Tower with Radar,14,70,28,2,114,0,225,33,1,259,14,295,61,3,373,29,0,29,402
09/29/2020,DAB,FL,ASO,ES,Combined TRACON& Tower with Radar,14,70,45,1,130,0,189,31,0,220,14,259,76,1,350,16,0,16,366
09/30/2020,DAB,FL,ASO,ES,Combined TRACON& Tower with Radar,14,89,50,0,153,0,598,127,3,728,14,687,177,3,881,0,0,0,881
10/01/2020,DAB,FL,ASO,ES,Combined TRACON& Tower with Radar,14,85,45,1,145,0,583,114,4,701,14,668,159,5,846,4,0,4,850
10/02/2020,DAB,FL,ASO,ES,Combined TRACON& Tower with Radar,14,86,55,0,155,0,558,112,3,673,14,644,167,3,828,8,0,8,836
10/03/2020,DAB,FL,ASO,ES,Combined TRACON& Tower with Radar,16,55,39,0,110,0,119,31,1,151,16,174,70,1,261,0,0,0,261
10/04/2020,DAB,FL,ASO,ES,Combined TRACON& Tower with Radar,14,20,28,0,62,0,4,11,0,15,14,24,39,0,77,14,0,14,91
10/05/2020,DAB,FL,ASO,ES,Combined TRACON& Tower with Radar,14,125,36,1,176,0,52,22,0,74,14,177,58,1,250,2,0,2,252
10/06/2020,DAB,FL,ASO,ES,Combined TRACON& Tower with Radar,14,178,58,2,252,0,358,96,0,454,14,536,154,2,706,10,0,10,716
10/07/2020,DAB,FL,ASO,ES,Combined TRACON& Tower with Radar,12,181,66,1,260,0,224,62,0,286,12,405,128,1,546,14,0,14,560
10/08/2020,DAB,FL,ASO,ES,Combined TRACON& Tower with Radar,14,136,52,4,206,0,368,82,0,450,14,504,134,4,656,0,0,0,656
10/09/2020,DAB,FL,ASO,ES,Combined TRACON& Tower with Radar,16,119,31,0,166,0,231,45,0,276,16,350,76,0,442,20,0,20,462
10/10/2020,DAB,FL,ASO,ES,Combined TRACON& Tower with Radar,16,66,36,0,118,0,141,57,0,198,16,207,93,0,316,80,0,80,396
10/11/2020,DAB,FL,ASO,ES,Combined TRACON& Tower with Radar,14,55,40,0,109,0,66,31,3,100,14,121,71,3,209,49,0,49,258
10/12/2020,DAB,FL,ASO,ES,Combined TRACON& Tower with Radar,16,110,44,0,170,0,501,97,0,598,16,611,141,0,768,221,0,221,989
10/13/2020,DAB,FL,ASO,ES,Combined TRACON& Tower with Radar,12,123,53,0,188,0,672,152,2,826,12,795,205,2,1014,461,0,461,1475
10/14/2020,DAB,FL,ASO,ES,Combined TRACON& Tower with Radar,12,102,46,0,160,0,652,102,0,754,12,754,148,0,914,493,0,493,1407
10/15/2020,DAB,FL,ASO,ES,Combined TRACON& Tower with Radar,14,124,65,2,205,0,599,96,1,696,14,723,161,3,901,503,0,503,1404
10/16/2020,DAB,FL,ASO,ES,Combined TRACON& Tower with Radar,14,94,45,0,153,0,509,96,0,605,14,603,141,0,758,554,59,613,1371
10/17/2020,DAB,FL,ASO,ES,Combined TRACON& Tower with Radar,16,92,37,2,147,0,177,62,6,245,16,269,99,8,392,140,0,140,532
10/18/2020,DAB,FL,ASO,ES,Combined TRACON& Tower with Radar,14,69,38,6,127,0,62,30,0,92,14,131,68,6,219,160,2,162,381
10/19/2020,DAB,FL,ASO,ES,Combined TRACON& Tower with Radar,13,93,31,1,138,1,196,27,0,224,14,289,58,1,362,245,0,245,607
10/20/2020,DAB,FL,ASO,ES,Combined TRACON& Tower with Radar,12,150,57,1,220,0,340,64,0,404,12,490,121,1,624,537,0,537,1161
10/21/2020,DAB,FL,ASO,ES,Combined TRACON& Tower with Radar,12,146,59,1,218,0,313,66,0,379,12,459,125,1,597,636,0,636,1233
10/22/2020,DAB,FL,ASO,ES,Combined TRACON& Tower with Radar,14,151,55,1,221,0,294,52,4,350,14,445,107,5,571,294,0,294,865
10/23/2020,DAB,FL,ASO,ES,Combined TRACON& Tower with Radar,14,170,75,0,259,0,432,91,0,523,14,602,166,0,782,553,0,553,1335
10/24/2020,DAB,FL,ASO,ES,Combined TRACON& Tower with Radar,15,86,46,3,150,0,300,68,2,370,15,386,114,5,520,444,0,444,964
10/25/2020,DAB,FL,ASO,ES,Combined TRACON& Tower with Radar,12,90,42,0,144,0,242,78,0,320,12,332,120,0,464,354,0,354,818
10/26/2020,DAB,FL,ASO,ES,Combined TRACON& Tower with Radar,12,170,56,0,238,0,414,73,0,487,12,584,129,0,725,515,0,515,1240
10/27/2020,DAB,FL,ASO,ES,Combined TRACON& Tower with Radar,10,154,53,1,218,0,422,75,5,502,10,576,128,6,720,573,6,579,1299
10/28/2020,DAB,FL,ASO,ES,Combined TRACON& Tower with Radar,12,169,65,0,246,0,397,101,4,502,12,566,166,4,748,339,0,339,1087
10/29/2020,DAB,FL,ASO,ES,Combined TRACON& Tower with Radar,12,137,62,6,217,0,289,61,0,350,12,426,123,6,567,249,0,249,816
10/30/2020,DAB,FL,ASO,ES,Combined TRACON& Tower with Radar,12,127,46,0,185,0,629,121,1,751,12,756,167,1,936,275,0,275,1211
10/31/2020,DAB,FL,ASO,ES,Combined TRACON& Tower with Radar,8,95,46,0,149,0,284,76,0,360,8,379,122,0,509,115,0,115,624
11/01/2020,DAB,FL,ASO,ES,Combined TRACON& Tower with Radar,11,43,43,0,97,0,150,30,1,181,11,193,73,1,278,224,0,224,502
11/02/2020,DAB,FL,ASO,ES,Combined TRACON& Tower with Radar,13,69,34,0,116,0,139,34,1,174,13,208,68,1,290,44,0,44,334
11/03/2020,DAB,FL,ASO,ES,Combined TRACON& Tower with Radar,8,156,42,0,206,0,650,109,0,759,8,806,151,0,965,280,0,280,1245
11/04/2020,DAB,FL,ASO,ES,Combined TRACON& Tower with Radar,12,156,63,2,233,0,552,89,3,644,12,708,152,5,877,249,0,249,1126
11/05/2020,DAB,FL,ASO,ES,Combined TRACON& Tower with Radar,16,161,59,2,238,0,392,71,0,463,16,553,130,2,701,274,0,274,975
11/06/2020,DAB,FL,ASO,ES,Combined TRACON& Tower with Radar,16,169,46,0,231,0,442,91,2,535,16,611,137,2,766,503,0,503,1269
11/07/2020,DAB,FL,ASO,ES,Combined TRACON& Tower with Radar,16,72,23,1,112,0,131,55,2,188,16,203,78,3,300,221,0,221,521
11/08/2020,DAB,FL,ASO,ES,Combined TRACON& Tower with Radar,16,32,68,0,116,0,40,11,1,52,16,72,79,1,168,121,0,121,289
11/09/2020,DAB,FL,ASO,ES,Combined TRACON& Tower with Radar,18,29,15,0,62,0,0,0,0,0,18,29,15,0,62,0,0,0,62
11/10/2020,DAB,FL,ASO,ES,Combined TRACON& Tower with Radar,14,163,29,3,209,0,48,15,2,65,14,211,44,5,274,206,0,206,480
11/11/2020,DAB,FL,ASO,ES,Combined TRACON& Tower with Radar,14,107,39,0,160,0,8,2,0,10,14,115,41,0,170,58,0,58,228
11/12/2020,DAB,FL,ASO,ES,Combined TRACON& Tower with Radar,16,92,20,0,128,0,78,18,0,96,16,170,38,0,224,222,0,222,446
11/13/2020,DAB,FL,ASO,ES,Combined TRACON& Tower with Radar,18,309,82,0,409,0,202,40,0,242,18,511,122,0,651,266,0,266,917
11/14/2020,DAB,FL,ASO,ES,Combined TRACON& Tower with Radar,16,115,55,0,186,0,330,59,3,392,16,445,114,3,578,614,0,614,1192
11/15/2020,DAB,FL,ASO,ES,Combined TRACON& Tower with Radar,16,59,28,0,103,0,345,92,6,443,16,404,120,6,546,3,0,3,549
11/16/2020,DAB,FL,ASO,ES,Combined TRACON& Tower with Radar,16,184,39,0,239,0,447,73,0,520,16,631,112,0,759,286,0,286,1045
11/17/2020,DAB,FL,ASO,ES,Combined TRACON& Tower with Radar,14,144,47,0,205,0,586,117,0,703,14,730,164,0,908,102,0,102,1010
11/18/2020,DAB,FL,ASO,ES,Combined TRACON& Tower with Radar,14,122,33,1,170,0,308,64,1,373,14,430,97,2,543,212,0,212,755
11/19/2020,DAB,FL,ASO,ES,Combined TRACON& Tower with Radar,16,177,51,2,246,0,300,57,2,359,16,477,108,4,605,490,0,490,1095
11/20/2020,DAB,FL,ASO,ES,Combined TRACON& Tower with Radar,18,209,57,2,286,0,264,43,7,314,18,473,100,9,600,345,0,345,945
11/21/2020,DAB,FL,ASO,ES,Combined TRACON& Tower with Radar,20,101,35,0,156,0,200,71,4,275,20,301,106,4,431,523,0,523,954
11/22/2020,DAB,FL,ASO,ES,Combined TRACON& Tower with Radar,18,43,19,0,80,0,3,2,0,5,18,46,21,0,85,8,0,8,93
11/23/2020,DAB,FL,ASO,ES,Combined TRACON& Tower with Radar,14,140,39,0,193,0,393,77,1,471,14,533,116,1,664,140,0,140,804
11/24/2020,DAB,FL,ASO,ES,Combined TRACON& Tower with Radar,18,110,32,0,160,0,525,85,1,611,18,635,117,1,771,478,0,478,1249
11/25/2020,DAB,FL,ASO,ES,Combined TRACON& Tower with Radar,16,78,25,2,121,0,437,70,0,507,16,515,95,2,628,126,0,126,754
11/26/2020,DAB,FL,ASO,ES,Combined TRACON& Tower with Radar,8,3,16,0,27,0,3,26,0,29,8,6,42,0,56,58,0,58,114
11/27/2020,DAB,FL,ASO,ES,Combined TRACON& Tower with Radar,16,36,27,2,81,0,350,73,4,427,16,386,100,6,508,116,0,116,624
11/28/2020,DAB,FL,ASO,ES,Combined TRACON& Tower with Radar,16,42,27,0,85,0,272,65,6,343,16,314,92,6,428,158,0,158,586
11/29/2020,DAB,FL,ASO,ES,Combined TRACON& Tower with Radar,18,51,51,0,120,0,129,36,6,171,18,180,87,6,291,110,0,110,401
11/30/2020,DAB,FL,ASO,ES,Combined TRACON& Tower with Radar,15,67,36,0,118,0,207,50,0,257,15,274,86,0,375,283,0,283,658
12/01/2020,DAB,FL,ASO,ES,Combined TRACON& Tower with Radar,18,71,35,2,126,0,480,78,3,561,18,551,113,5,687,43,0,43,730
12/02/2020,DAB,FL,ASO,ES,Combined TRACON& Tower with Radar,15,115,28,1,159,0,519,91,3,613,15,634,119,4,772,30,0,30,802
12/03/2020,DAB,FL,ASO,ES,Combined TRACON& Tower with Radar,16,110,50,1,177,0,522,72,1,595,16,632,122,2,772,58,0,58,830
12/04/2020,DAB,FL,ASO,ES,Combined TRACON& Tower with Radar,18,106,37,0,161,0,493,62,4,559,18,599,99,4,720,60,0,60,780
12/05/2020,DAB,FL,ASO,ES,Combined TRACON& Tower with Radar,14,81,40,0,135,0,305,56,2,363,14,386,96,2,498,95,0,95,593
12/06/2020,DAB,FL,ASO,ES,Combined TRACON& Tower with Radar,16,28,27,0,71,0,207,68,6,281,16,235,95,6,352,10,0,10,362
12/07/2020,DAB,FL,ASO,ES,Combined TRACON& Tower with Radar,18,111,37,2,168,0,138,30,0,168,18,249,67,2,336,90,0,90,426
12/08/2020,DAB,FL,ASO,ES,Combined TRACON& Tower with Radar,14,114,29,1,158,0,545,75,1,621,14,659,104,2,779,111,0,111,890
12/09/2020,DAB,FL,ASO,ES,Combined TRACON& Tower with Radar,16,104,34,4,158,0,516,76,0,592,16,620,110,4,750,12,0,12,762
12/10/2020,DAB,FL,ASO,ES,Combined TRACON& Tower with Radar,16,143,53,0,212,0,504,74,0,578,16,647,127,0,790,471,0,471,1261
12/11/2020,DAB,FL,ASO,ES,Combined TRACON& Tower with Radar,16,132,53,5,206,0,500,93,0,593,16,632,146,5,799,403,0,403,1202
12/12/2020,DAB,FL,ASO,ES,Combined TRACON& Tower with Radar,14,106,48,0,168,0,93,20,0,113,14,199,68,0,281,166,0,166,447
12/13/2020,DAB,FL,ASO,ES,Combined TRACON& Tower with Radar,13,45,53,1,112,0,76,27,6,109,13,121,80,7,221,241,0,241,462
12/14/2020,DAB,FL,ASO,ES,Combined TRACON& Tower with Radar,17,127,54,0,198,0,275,50,3,328,17,402,104,3,526,408,0,408,934
12/15/2020,DAB,FL,ASO,ES,Combined TRACON& Tower with Radar,14,150,71,1,236,0,374,77,0,451,14,524,148,1,687,426,0,426,1113
12/16/2020,DAB,FL,ASO,ES,Combined TRACON& Tower with Radar,14,79,38,10,141,0,85,17,1,103,14,164,55,11,244,210,0,210,454
12/17/2020,DAB,FL,ASO,ES,Combined TRACON& Tower with Radar,22,101,49,2,174,0,129,46,0,175,22,230,95,2,349,110,0,110,459
12/18/2020,DAB,FL,ASO,ES,Combined TRACON& Tower with Radar,22,126,42,0,190,0,387,82,12,481,22,513,124,12,671,156,0,156,827
12/19/2020,DAB,FL,ASO,ES,Combined TRACON& Tower with Radar,22,64,42,0,128,0,207,64,5,276,22,271,106,5,404,274,0,274,678
12/20/2020,DAB,FL,ASO,ES,Combined TRACON& Tower with Radar,22,23,31,0,76,0,77,37,0,114,22,100,68,0,190,337,0,337,527
12/21/2020,DAB,FL,ASO,ES,Combined TRACON& Tower with Radar,22,72,60,2,156,0,137,49,5,191,22,209,109,7,347,156,0,156,503
12/22/2020,DAB,FL,ASO,ES,Combined TRACON& Tower with Radar,22,27,35,0,84,0,91,74,2,167,22,118,109,2,251,20,0,20,271
12/23/2020,DAB,FL,ASO,ES,Combined TRACON& Tower with Radar,20,30,38,0,88,0,87,60,0,147,20,117,98,0,235,87,3,90,325
12/24/2020,DAB,FL,ASO,ES,Combined TRACON& Tower with Radar,17,16,25,0,58,0,16,11,0,27,17,32,36,0,85,0,14,14,99
12/25/2020,DAB,FL,ASO,ES,Combined TRACON& Tower with Radar,14,2,2,0,18,0,0,5,0,5,14,2,7,0,23,0,0,0,23
12/26/2020,DAB,FL,ASO,ES,Combined TRACON& Tower with Radar,20,30,33,1,84,0,48,42,5,95,20,78,75,6,179,36,0,36,215
12/27/2020,DAB,FL,ASO,ES,Combined TRACON& Tower with Radar,19,21,32,0,72,0,38,44,4,86,19,59,76,4,158,32,0,32,190
12/28/2020,DAB,FL,ASO,ES,Combined TRACON& Tower with Radar,22,29,31,0,82,0,75,53,0,128,22,104,84,0,210,52,0,52,262
12/29/2020,DAB,FL,ASO,ES,Combined TRACON& Tower with Radar,22,10,29,0,61,0,49,55,2,106,22,59,84,2,167,79,0,79,246
12/30/2020,DAB,FL,ASO,ES,Combined TRACON& Tower with Radar,24,21,55,0,100,0,45,41,2,88,24,66,96,2,188,112,0,112,300
12/31/2020,DAB,FL,ASO,ES,Combined TRACON& Tower with Radar,20,9,17,1,47,0,29,29,2,60,20,38,46,3,107,0,0,0,107
01/01/2021,DAB,FL,ASO,ES,Combined TRACON& Tower with Radar,20,7,17,0,44,0,5,12,4,21,20,12,29,4,65,0,0,0,65
01/02/2021,DAB,FL,ASO,ES,Combined TRACON& Tower with Radar,24,30,32,0,86,0,36,31,4,71,24,66,63,4,157,57,0,57,214
01/03/2021,DAB,FL,ASO,ES,Combined TRACON& Tower with Radar,24,13,39,8,84,0,24,29,7,60,24,37,68,15,144,32,0,32,176
01/04/2021,DAB,FL,ASO,ES,Combined TRACON& Tower with Radar,23,63,41,0,127,0,304,83,4,391,23,367,124,4,518,248,0,248,766
01/05/2021,DAB,FL,ASO,ES,Combined TRACON& Tower with Radar,19,58,45,2,124,0,343,85,4,432,19,401,130,6,556,405,0,405,961
01/06/2021,DAB,FL,ASO,ES,Combined TRACON& Tower with Radar,18,96,47,2,163,0,380,91,1,472,18,476,138,3,635,410,0,410,1045
01/07/2021,DAB,FL,ASO,ES,Combined TRACON& Tower with Radar,20,88,63,1,172,0,345,83,1,429,20,433,146,2,601,231,0,231,832
01/08/2021,DAB,FL,ASO,ES,Combined TRACON& Tower with Radar,19,83,43,4,149,0,209,38,4,251,19,292,81,8,400,248,0,248,648
01/09/2021,DAB,FL,ASO,ES,Combined TRACON& Tower with Radar,21,58,27,2,108,0,122,50,0,172,21,180,77,2,280,351,0,351,631
01/10/2021,DAB,FL,ASO,ES,Combined TRACON& Tower with Radar,20,53,30,2,105,0,152,72,6,230,20,205,102,8,335,111,3,114,449
01/11/2021,DAB,FL,ASO,ES,Combined TRACON& Tower with Radar,20,97,40,4,161,0,407,84,0,491,20,504,124,4,652,198,0,198,850
01/12/2021,DAB,FL,ASO,ES,Combined TRACON& Tower with Radar,18,212,52,2,284,0,67,18,0,85,18,279,70,2,369,10,0,10,379
01/13/2021,DAB,FL,ASO,ES,Combined TRACON& Tower with Radar,18,172,55,0,245,0,148,56,2,206,18,320,111,2,451,406,0,406,857
01/14/2021,DAB,FL,ASO,ES,Combined TRACON& Tower with Radar,20,111,57,2,190,0,476,98,2,576,20,587,155,4,766,315,0,315,1081
01/15/2021,DAB,FL,ASO,ES,Combined TRACON& Tower with Radar,20,78,48,0,146,0,384,83,0,467,20,462,131,0,613,280,0,280,893
01/16/2021,DAB,FL,ASO,ES,Combined TRACON& Tower with Radar,21,49,28,0,98,0,189,56,7,252,21,238,84,7,350,166,0,166,516
01/17/2021,DAB,FL,ASO,ES,Combined TRACON& Tower with Radar,21,36,39,2,98,0,197,64,2,263,21,233,103,4,361,268,0,268,629
01/18/2021,DAB,FL,ASO,ES,Combined TRACON& Tower with Radar,20,91,53,0,164,0,358,94,0,452,20,449,147,0,616,195,0,195,811
01/19/2021,DAB,FL,ASO,ES,Combined TRACON& Tower with Radar,18,118,39,2,177,0,477,115,2,594,18,595,154,4,771,333,0,333,1104
01/20/2021,DAB,FL,ASO,ES,Combined TRACON& Tower with Radar,18,70,49,0,137,0,387,93,2,482,18,457,142,2,619,401,0,401,1020
01/21/2021,DAB,FL,ASO,ES,Combined TRACON& Tower with Radar,20,84,92,2,198,0,376,108,0,484,20,460,200,2,682,311,0,311,993
01/22/2021,DAB,FL,ASO,ES,Combined TRACON& Tower with Radar,20,68,35,42,165,0,335,85,3,423,20,403,120,45,588,364,0,364,952
01/23/2021,DAB,FL,ASO,ES,Combined TRACON& Tower with Radar,20,52,44,1,117,0,10,3,0,13,20,62,47,1,130,36,0,36,166
01/24/2021,DAB,FL,ASO,ES,Combined TRACON& Tower with Radar,20,64,56,1,141,0,34,8,0,42,20,98,64,1,183,186,0,186,369
01/25/2021,DAB,FL,ASO,ES,Combined TRACON& Tower with Radar,22,103,25,3,153,0,293,76,5,374,22,396,101,8,527,10,0,10,537
01/26/2021,DAB,FL,ASO,ES,Combined TRACON& Tower with Radar,18,124,61,2,205,0,198,44,0,242,18,322,105,2,447,281,0,281,728
01/27/2021,DAB,FL,ASO,ES,Combined TRACON& Tower with Radar,18,32,44,3,97,0,120,45,3,168,18,152,89,6,265,168,0,168,433
01/28/2021,DAB,FL,ASO,ES,Combined TRACON& Tower with Radar,19,80,69,1,169,0,370,90,5,465,19,450,159,6,634,4,0,4,638
01/29/2021,DAB,FL,ASO,ES,Combined TRACON& Tower with Radar,25,126,58,2,211,0,559,101,5,665,25,685,159,7,876,323,0,323,1199
01/30/2021,DAB,FL,ASO,ES,Combined TRACON& Tower with Radar,20,89,50,0,159,0,345,97,9,451,20,434,147,9,610,479,0,479,1089
01/31/2021,DAB,FL,ASO,ES,Combined TRACON& Tower with Radar,20,54,66,1,141,0,122,73,6,201,20,176,139,7,342,86,0,86,428
02/01/2021,DAB,FL,ASO,ES,Combined TRACON& Tower with Radar,20,55,43,0,118,0,34,11,0,45,20,89,54,0,163,111,0,111,274
02/02/2021,DAB,FL,ASO,ES,Combined TRACON& Tower with Radar,18,68,33,0,119,0,169,50,4,223,18,237,83,4,342,174,0,174,516
02/03/2021,DAB,FL,ASO,ES,Combined TRACON& Tower with Radar,17,127,40,1,185,0,633,93,5,731,17,760,133,6,916,465,4,469,1385
02/04/2021,DAB,FL,ASO,ES,Combined TRACON& Tower with Radar,21,107,53,0,181,0,495,103,4,602,21,602,156,4,783,476,0,476,1259
02/05/2021,DAB,FL,ASO,ES,Combined TRACON& Tower with Radar,20,99,48,0,167,0,398,105,2,505,20,497,153,2,672,366,0,366,1038
02/06/2021,DAB,FL,ASO,ES,Combined TRACON& Tower with Radar,20,68,30,0,118,0,11,9,4,24,20,79,39,4,142,145,0,145,287
02/07/2021,DAB,FL,ASO,ES,Combined TRACON& Tower with Radar,20,46,46,1,113,0,59,23,2,84,20,105,69,3,197,257,0,257,454
02/08/2021,DAB,FL,ASO,ES,Combined TRACON& Tower with Radar,20,173,31,1,225,0,114,16,1,131,20,287,47,2,356,543,0,543,899
02/09/2021,DAB,FL,ASO,ES,Combined TRACON& Tower with Radar,18,90,106,0,214,0,131,32,1,164,18,221,138,1,378,212,0,212,590
02/10/2021,DAB,FL,ASO,ES,Combined TRACON& Tower with Radar,18,161,61,3,243,0,178,36,0,214,18,339,97,3,457,95,0,95,552
02/11/2021,DAB,FL,ASO,ES,Combined TRACON& Tower with Radar,20,87,96,19,222,0,332,62,2,396,20,419,158,21,618,126,0,126,744
02/12/2021,DAB,FL,ASO,ES,Combined TRACON& Tower with Radar,20,123,83,13,239,0,422,82,6,510,20,545,165,19,749,540,0,540,1289
02/13/2021,DAB,FL,ASO,ES,Combined TRACON& Tower with Radar,20,46,53,0,119,0,83,25,2,110,20,129,78,2,229,212,0,212,441
02/14/2021,DAB,FL,ASO,ES,Combined TRACON& Tower with Radar,20,24,69,0,113,0,22,14,3,39,20,46,83,3,152,88,0,88,240
02/15/2021,DAB,FL,ASO,ES,Combined TRACON& Tower with Radar,21,84,83,1,189,0,160,32,0,192,21,244,115,1,381,150,0,150,531
02/16/2021,DAB,FL,ASO,ES,Combined TRACON& Tower with Radar,17,175,67,3,262,0,403,79,1,483,17,578,146,4,745,470,0,470,1215
02/17/2021,DAB,FL,ASO,ES,Combined TRACON& Tower with Radar,16,149,63,2,230,0,192,32,0,224,16,341,95,2,454,144,0,144,598
02/18/2021,DAB,FL,ASO,ES,Combined TRACON& Tower with Radar,17,161,41,0,219,0,465,95,0,560,17,626,136,0,779,309,0,309,1088
02/19/2021,DAB,FL,ASO,ES,Combined TRACON& Tower with Radar,23,76,58,2,159,0,12,6,0,18,23,88,64,2,177,12,0,12,189
02/20/2021,DAB,FL,ASO,ES,Combined TRACON& Tower with Radar,20,79,82,0,181,0,324,114,2,440,20,403,196,2,621,50,0,50,671
02/21/2021,DAB,FL,ASO,ES,Combined TRACON& Tower with Radar,20,58,82,0,160,0,228,66,6,300,20,286,148,6,460,98,0,98,558
02/22/2021,DAB,FL,ASO,ES,Combined TRACON& Tower with Radar,22,151,42,2,217,0,508,81,2,591,22,659,123,4,808,391,0,391,1199
02/23/2021,DAB,FL,ASO,ES,Combined TRACON& Tower with Radar,18,155,47,2,222,0,482,103,0,585,18,637,150,2,807,484,0,484,1291
02/24/2021,DAB,FL,ASO,ES,Combined TRACON& Tower with Radar,18,138,42,0,198,0,617,130,0,747,18,755,172,0,945,635,0,635,1580
02/25/2021,DAB,FL,ASO,ES,Combined TRACON& Tower with Radar,20,127,28,0,175,0,608,99,0,707,20,735,127,0,882,477,0,477,1359
02/26/2021,DAB,FL,ASO,ES,Combined TRACON& Tower with Radar,20,113,43,2,178,0,541,126,4,671,20,654,169,6,849,613,0,613,1462
02/27/2021,DAB,FL,ASO,ES,Combined TRACON& Tower with Radar,20,81,42,0,143,0,315,99,7,421,20,396,141,7,564,101,0,101,665
02/28/2021,DAB,FL,ASO,ES,Combined TRACON& Tower with Radar,20,62,38,0,120,0,218,71,7,296,20,280,109,7,416,16,0,16,432
03/01/2021,DAB,FL,ASO,ES,Combined TRACON& Tower with Radar,19,137,46,0,202,0,330,62,0,392,19,467,108,0,594,752,0,752,1346
03/02/2021,DAB,FL,ASO,ES,Combined TRACON& Tower with Radar,16,142,52,0,210,0,72,8,0,80,16,214,60,0,290,60,0,60,350
03/03/2021,DAB,FL,ASO,ES,Combined TRACON& Tower with Radar,16,138,48,1,203,0,122,31,2,155,16,260,79,3,358,77,0,77,435
03/04/2021,DAB,FL,ASO,ES,Combined TRACON& Tower with Radar,22,138,63,0,223,0,589,137,2,728,22,727,200,2,951,526,0,526,1477
03/05/2021,DAB,FL,ASO,ES,Combined TRACON& Tower with Radar,22,143,50,2,217,0,563,128,5,696,22,706,178,7,913,533,0,533,1446
03/06/2021,DAB,FL,ASO,ES,Combined TRACON& Tower with Radar,20,41,26,0,87,0,41,11,2,54,20,82,37,2,141,250,0,250,391
03/07/2021,DAB,FL,ASO,ES,Combined TRACON& Tower with Radar,24,38,48,1,111,0,99,45,2,146,24,137,93,3,257,44,0,44,301
03/08/2021,DAB,FL,ASO,ES,Combined TRACON& Tower with Radar,22,120,37,2,181,0,384,91,2,477,22,504,128,4,658,302,0,302,960
03/09/2021,DAB,FL,ASO,ES,Combined TRACON& Tower with Radar,16,135,46,2,199,0,581,113,4,698,16,716,159,6,897,535,0,535,1432
03/10/2021,DAB,FL,ASO,ES,Combined TRACON& Tower with Radar,16,144,53,0,213,0,588,114,9,711,16,732,167,9,924,498,0,498,1422
03/11/2021,DAB,FL,ASO,ES,Combined TRACON& Tower with Radar,22,131,53,3,209,0,560,118,8,686,22,691,171,11,895,514,0,514,1409
03/12/2021,DAB,FL,ASO,ES,Combined TRACON& Tower with Radar,22,125,71,12,230,0,543,120,11,674,22,668,191,23,904,515,0,515,1419
03/13/2021,DAB,FL,ASO,ES,Combined TRACON& Tower with Radar,20,83,47,2,152,0,303,112,12,427,20,386,159,14,579,382,0,382,961
03/14/2021,DAB,FL,ASO,ES,Combined TRACON& Tower with Radar,20,72,43,1,136,0,228,69,10,307,20,300,112,11,443,400,0,400,843
03/15/2021,DAB,FL,ASO,ES,Combined TRACON& Tower with Radar,22,105,47,0,174,0,464,90,0,554,22,569,137,0,728,662,0,662,1390
03/16/2021,DAB,FL,ASO,ES,Combined TRACON& Tower with Radar,16,112,45,14,187,0,459,86,0,545,16,571,131,14,732,463,0,463,1195
03/17/2021,DAB,FL,ASO,ES,Combined TRACON& Tower with Radar,14,129,41,4,188,0,490,88,6,584,14,619,129,10,772,432,0,432,1204
03/18/2021,DAB,FL,ASO,ES,Combined TRACON& Tower with Radar,22,80,44,2,148,0,81,24,0,105,22,161,68,2,253,51,0,51,304
03/19/2021,DAB,FL,ASO,ES,Combined TRACON& Tower with Radar,24,137,63,1,225,0,420,93,2,515,24,557,156,3,740,397,2,399,1139
03/20/2021,DAB,FL,ASO,ES,Combined TRACON& Tower with Radar,20,39,18,0,77,0,0,2,0,2,20,39,20,0,79,0,0,0,79
03/21/2021,DAB,FL,ASO,ES,Combined TRACON& Tower with Radar,20,5,44,0,69,0,0,0,0,0,20,5,44,0,69,0,0,0,69
03/22/2021,DAB,FL,ASO,ES,Combined TRACON& Tower with Radar,36,91,59,0,186,0,0,1,0,1,36,91,60,0,187,0,0,0,187
03/23/2021,DAB,FL,ASO,ES,Combined TRACON& Tower with Radar,16,183,56,0,255,0,431,118,1,550,16,614,174,1,805,452,0,452,1257
03/24/2021,DAB,FL,ASO,ES,Combined TRACON& Tower with Radar,16,123,46,1,186,0,543,133,3,679,16,666,179,4,865,575,0,575,1440
03/25/2021,DAB,FL,ASO,ES,Combined TRACON& Tower with Radar,22,128,47,4,201,0,331,82,6,419,22,459,129,10,620,8,0,8,628
03/26/2021,DAB,FL,ASO,ES,Combined TRACON& Tower with Radar,24,157,40,6,227,0,373,81,3,457,24,530,121,9,684,609,0,609,1293
03/27/2021,DAB,FL,ASO,ES,Combined TRACON& Tower with Radar,20,80,59,0,159,0,326,101,8,435,20,406,160,8,594,463,0,463,1057
03/28/2021,DAB,FL,ASO,ES,Combined TRACON& Tower with Radar,19,90,48,1,158,0,119,51,4,174,19,209,99,5,332,411,0,411,743
03/29/2021,DAB,FL,ASO,ES,Combined TRACON& Tower with Radar,23,120,65,0,208,0,347,73,1,421,23,467,138,1,629,405,0,405,1034
03/30/2021,DAB,FL,ASO,ES,Combined TRACON& Tower with Radar,16,130,55,14,215,0,376,48,1,425,16,506,103,15,640,658,4,662,1302
03/31/2021,DAB,FL,ASO,ES,Combined TRACON& Tower with Radar,16,163,57,2,238,0,237,46,0,283,16,400,103,2,521,296,0,296,817
04/01/2021,DAB,FL,ASO,ES,Combined TRACON& Tower with Radar,24,140,43,0,207,0,255,42,0,297,24,395,85,0,504,58,0,58,562
04/02/2021,DAB,FL,ASO,ES,Combined TRACON& Tower with Radar,22,33,23,0,78,0,138,34,2,174,22,171,57,2,252,44,0,44,296
04/03/2021,DAB,FL,ASO,ES,Combined TRACON& Tower with Radar,22,46,28,0,96,0,196,76,12,284,22,242,104,12,380,191,0,191,571
04/04/2021,DAB,FL,ASO,ES,Combined TRACON& Tower with Radar,20,74,34,0,128,0,310,57,8,375,20,384,91,8,503,431,0,431,934
04/05/2021,DAB,FL,ASO,ES,Combined TRACON& Tower with Radar,22,124,44,3,193,0,516,73,0,589,22,640,117,3,782,661,0,661,1443
04/06/2021,DAB,FL,ASO,ES,Combined TRACON& Tower with Radar,18,117,41,0,176,0,556,95,4,655,18,673,136,4,831,608,0,608,1439
04/07/2021,DAB,FL,ASO,ES,Combined TRACON& Tower with Radar,20,111,41,6,178,0,538,86,6,630,20,649,127,12,808,399,0,399,1207
04/08/2021,DAB,FL,ASO,ES,Combined TRACON& Tower with Radar,22,115,56,0,193,0,546,122,0,668,22,661,178,0,861,432,0,432,1293
04/09/2021,DAB,FL,ASO,ES,Combined TRACON& Tower with Radar,22,110,59,3,194,0,435,124,7,566,22,545,183,10,760,343,0,343,1103
04/10/2021,DAB,FL,ASO,ES,Combined TRACON& Tower with Radar,22,47,40,0,109,0,164,72,8,244,22,211,112,8,353,93,0,93,446
04/11/2021,DAB,FL,ASO,ES,Combined TRACON& Tower with Radar,17,23,23,0,63,0,12,6,1,19,17,35,29,1,82,18,0,18,100
04/12/2021,DAB,FL,ASO,ES,Combined TRACON& Tower with Radar,23,133,36,4,196,0,410,100,6,516,23,543,136,10,712,340,0,340,1052
04/13/2021,DAB,FL,ASO,ES,Combined TRACON& Tower with Radar,20,119,47,0,186,0,528,115,0,643,20,647,162,0,829,427,0,427,1256
04/14/2021,DAB,FL,ASO,ES,Combined TRACON& Tower with Radar,20,128,33,3,184,0,479,102,1,582,20,607,135,4,766,371,0,371,1137
04/15/2021,DAB,FL,ASO,ES,Combined TRACON& Tower with Radar,22,101,40,0,163,0,391,92,0,483,22,492,132,0,646,457,0,457,1103
04/16/2021,DAB,FL,ASO,ES,Combined TRACON& Tower with Radar,25,57,34,1,117,0,236,67,2,305,25,293,101,3,422,399,0,399,821
04/17/2021,DAB,FL,ASO,ES,Combined TRACON& Tower with Radar,22,43,26,4,95,0,11,12,2,25,22,54,38,6,120,96,0,96,216
04/18/2021,DAB,FL,ASO,ES,Combined TRACON& Tower with Radar,20,11,37,8,76,0,40,28,6,74,20,51,65,14,150,336,0,336,486
04/19/2021,DAB,FL,ASO,ES,Combined TRACON& Tower with Radar,22,87,35,1,145,0,159,42,1,202,22,246,77,2,347,326,0,326,673
04/20/2021,DAB,FL,ASO,ES,Combined TRACON& Tower with Radar,18,118,20,0,156,0,51,11,2,64,18,169,31,2,220,56,0,56,276
04/21/2021,DAB,FL,ASO,ES,Combined TRACON& Tower with Radar,20,136,51,6,213,0,478,126,2,606,20,614,177,8,819,363,0,363,1182
04/22/2021,DAB,FL,ASO,ES,Combined TRACON& Tower with Radar,22,120,34,0,176,0,482,123,3,608,22,602,157,3,784,300,0,300,1084
04/23/2021,DAB,FL,ASO,ES,Combined TRACON& Tower with Radar,22,112,61,0,195,0,490,100,5,595,22,602,161,5,790,359,0,359,1149
04/24/2021,DAB,FL,ASO,ES,Combined TRACON& Tower with Radar,20,78,36,2,136,0,169,62,14,245,20,247,98,16,381,46,0,46,427
04/25/2021,DAB,FL,ASO,ES,Combined TRACON& Tower with Radar,26,44,46,0,116,0,104,48,10,162,26,148,94,10,278,251,0,251,529
04/26/2021,DAB,FL,ASO,ES,Combined TRACON& Tower with Radar,22,107,36,1,166,0,476,93,2,571,22,583,129,3,737,651,0,651,1388
04/27/2021,DAB,FL,ASO,ES,Combined TRACON& Tower with Radar,18,116,49,3,186,0,500,104,1,605,18,616,153,4,791,628,0,628,1419
04/28/2021,DAB,FL,ASO,ES,Combined TRACON& Tower with Radar,20,90,37,2,149,0,435,125,0,560,20,525,162,2,709,389,0,389,1098
04/29/2021,DAB,FL,ASO,ES,Combined TRACON& Tower with Radar,22,115,36,2,175,0,384,80,2,466,22,499,116,4,641,310,0,310,951
04/30/2021,DAB,FL,ASO,ES,Combined TRACON& Tower with Radar,22,108,38,0,168,0,413,73,6,492,22,521,111,6,660,542,0,542,1202
05/01/2021,DAB,FL,ASO,ES,Combined TRACON& Tower with Radar,22,82,35,0,139,0,268,74,15,357,22,350,109,15,496,466,0,466,962
05/02/2021,DAB,FL,ASO,ES,Combined TRACON& Tower with Radar,19,55,32,3,109,0,116,42,5,163,19,171,74,8,272,187,0,187,459
05/03/2021,DAB,FL,ASO,ES,Combined TRACON& Tower with Radar,25,88,31,0,144,0,379,69,0,448,25,467,100,0,592,362,0,362,954
05/04/2021,DAB,FL,ASO,ES,Combined TRACON& Tower with Radar,17,90,29,0,136,0,424,85,3,512,17,514,114,3,648,206,0,206,854
05/05/2021,DAB,FL,ASO,ES,Combined TRACON& Tower with Radar,20,103,40,4,167,0,370,54,0,424,20,473,94,4,591,478,0,478,1069
05/06/2021,DAB,FL,ASO,ES,Combined TRACON& Tower with Radar,22,86,45,0,153,0,125,38,1,164,22,211,83,1,317,384,0,384,701
05/07/2021,DAB,FL,ASO,ES,Combined TRACON& Tower with Radar,25,78,43,7,153,0,415,101,6,522,25,493,144,13,675,5,0,5,680
05/08/2021,DAB,FL,ASO,ES,Combined TRACON& Tower with Radar,21,54,48,0,123,0,253,85,2,340,21,307,133,2,463,496,0,496,959
05/09/2021,DAB,FL,ASO,ES,Combined TRACON& Tower with Radar,22,46,44,0,112,0,140,62,17,219,22,186,106,17,331,51,0,51,382
05/10/2021,DAB,FL,ASO,ES,Combined TRACON& Tower with Radar,24,86,31,0,141,0,283,78,0,361,24,369,109,0,502,521,0,521,1023
05/11/2021,DAB,FL,ASO,ES,Combined TRACON& Tower with Radar,20,66,36,0,122,0,290,64,0,354,20,356,100,0,476,454,0,454,930
05/12/2021,DAB,FL,ASO,ES,Combined TRACON& Tower with Radar,20,82,42,4,148,0,199,59,0,258,20,281,101,4,406,308,0,308,714
05/13/2021,DAB,FL,ASO,ES,Combined TRACON& Tower with Radar,22,134,77,2,235,0,6,3,0,9,22,140,80,2,244,0,0,0,244
05/14/2021,DAB,FL,ASO,ES,Combined TRACON& Tower with Radar,22,53,45,0,120,0,135,45,2,182,22,188,90,2,302,8,0,8,310
05/15/2021,DAB,FL,ASO,ES,Combined TRACON& Tower with Radar,22,51,46,1,120,0,129,70,2,201,22,180,116,3,321,80,0,80,401
05/16/2021,DAB,FL,ASO,ES,Combined TRACON& Tower with Radar,22,73,43,0,138,0,195,83,0,278,22,268,126,0,416,173,0,173,589
05/17/2021,DAB,FL,ASO,ES,Combined TRACON& Tower with Radar,23,96,66,2,187,0,359,105,0,464,23,455,171,2,651,575,0,575,1226
05/18/2021,DAB,FL,ASO,ES,Combined TRACON& Tower with Radar,17,101,43,3,164,0,294,82,0,376,17,395,125,3,540,456,0,456,996
05/19/2021,DAB,FL,ASO,ES,Combined TRACON& Tower with Radar,20,108,60,0,188,0,188,55,1,244,20,296,115,1,432,288,6,294,726
05/20/2021,DAB,FL,ASO,ES,Combined TRACON& Tower with Radar,23,94,58,8,183,0,195,60,3,258,23,289,118,11,441,265,0,265,706
05/21/2021,DAB,FL,ASO,ES,Combined TRACON& Tower with Radar,22,82,52,8,164,0,261,81,20,362,22,343,133,28,526,554,0,554,1080
05/22/2021,DAB,FL,ASO,ES,Combined TRACON& Tower with Radar,22,58,36,0,116,0,191,92,12,295,22,249,128,12,411,314,0,314,725
05/23/2021,DAB,FL,ASO,ES,Combined TRACON& Tower with Radar,21,49,53,2,125,0,173,84,17,274,21,222,137,19,399,491,0,491,890
05/24/2021,DAB,FL,ASO,ES,Combined TRACON& Tower with Radar,22,106,44,1,173,0,467,109,3,579,22,573,153,4,752,416,0,416,1168
05/25/2021,DAB,FL,ASO,ES,Combined TRACON& Tower with Radar,22,89,49,0,160,0,482,120,0,602,22,571,169,0,762,506,0,506,1268
05/26/2021,DAB,FL,ASO,ES,Combined TRACON& Tower with Radar,21,125,62,5,213,0,443,106,8,557,21,568,168,13,770,460,0,460,1230
05/27/2021,DAB,FL,ASO,ES,Combined TRACON& Tower with Radar,22,99,65,2,188,0,474,117,6,597,22,573,182,8,785,432,5,437,1222
05/28/2021,DAB,FL,ASO,ES,Combined TRACON& Tower with Radar,24,88,35,1,148,0,347,103,11,461,24,435,138,12,609,461,0,461,1070
05/29/2021,DAB,FL,ASO,ES,Combined TRACON& Tower with Radar,23,40,23,0,86,0,146,67,10,223,23,186,90,10,309,375,0,375,684
05/30/2021,DAB,FL,ASO,ES,Combined TRACON& Tower with Radar,21,62,21,0,104,0,84,51,10,145,21,146,72,10,249,335,0,335,584
05/31/2021,DAB,FL,ASO,ES,Combined TRACON& Tower with Radar,20,77,48,0,145,0,152,82,4,238,20,229,130,4,383,331,0,331,714
06/01/2021,DAB,FL,ASO,ES,Combined TRACON& Tower with Radar,19,91,41,1,152,0,390,69,3,462,19,481,110,4,614,595,0,595,1209
06/02/2021,DAB,FL,ASO,ES,Combined TRACON& Tower with Radar,20,101,36,0,157,0,186,50,0,236,20,287,86,0,393,441,0,441,834
06/03/2021,DAB,FL,ASO,ES,Combined TRACON& Tower with Radar,20,75,37,2,134,0,228,51,1,280,20,303,88,3,414,2,0,2,416
06/04/2021,DAB,FL,ASO,ES,Combined TRACON& Tower with Radar,20,82,32,1,135,0,168,33,7,208,20,250,65,8,343,86,0,86,429
06/05/2021,DAB,FL,ASO,ES,Combined TRACON& Tower with Radar,22,62,48,0,132,0,105,23,4,132,22,167,71,4,264,60,0,60,324
06/06/2021,DAB,FL,ASO,ES,Combined TRACON& Tower with Radar,20,68,48,6,142,0,122,70,8,200,20,190,118,14,342,47,0,47,389
06/07/2021,DAB,FL,ASO,ES,Combined TRACON& Tower with Radar,20,140,50,1,211,0,312,92,2,406,20,452,142,3,617,165,0,165,782
06/08/2021,DAB,FL,ASO,ES,Combined TRACON& Tower with Radar,18,149,48,6,221,0,373,94,2,469,18,522,142,8,690,228,0,228,918
06/09/2021,DAB,FL,ASO,ES,Combined TRACON& Tower with Radar,18,124,39,2,183,0,491,98,5,594,18,615,137,7,777,212,2,214,991
06/10/2021,DAB,FL,ASO,ES,Combined TRACON& Tower with Radar,20,113,49,0,182,0,511,88,0,599,20,624,137,0,781,351,0,351,1132
06/11/2021,DAB,FL,ASO,ES,Combined TRACON& Tower with Radar,20,92,57,2,171,0,384,92,2,478,20,476,149,4,649,419,0,419,1068
06/12/2021,DAB,FL,ASO,ES,Combined TRACON& Tower with Radar,24,55,17,0,96,0,141,70,6,217,24,196,87,6,313,380,0,380,693
06/13/2021,DAB,FL,ASO,ES,Combined TRACON& Tower with Radar,20,18,32,0,70,0,29,13,0,42,20,47,45,0,112,79,0,79,191
06/14/2021,DAB,FL,ASO,ES,Combined TRACON& Tower with Radar,19,39,28,0,86,0,108,21,0,129,19,147,49,0,215,288,0,288,503
06/15/2021,DAB,FL,ASO,ES,Combined TRACON& Tower with Radar,21,35,42,0,98,0,114,42,0,156,21,149,84,0,254,369,0,369,623
06/16/2021,DAB,FL,ASO,ES,Combined TRACON& Tower with Radar,18,88,50,0,156,0,243,71,2,316,18,331,121,2,472,672,0,672,1144
06/17/2021,DAB,FL,ASO,ES,Combined TRACON& Tower with Radar,20,100,45,0,165,0,393,81,2,476,20,493,126,2,641,465,0,465,1106
06/18/2021,DAB,FL,ASO,ES,Combined TRACON& Tower with Radar,20,104,34,1,159,0,427,106,7,540,20,531,140,8,699,581,0,581,1280
06/19/2021,DAB,FL,ASO,ES,Combined TRACON& Tower with Radar,22,48,33,0,103,0,153,78,7,238,22,201,111,7,341,443,0,443,784
06/20/2021,DAB,FL,ASO,ES,Combined TRACON& Tower with Radar,20,62,25,3,110,0,72,29,1,102,20,134,54,4,212,438,0,438,650
06/21/2021,DAB,FL,ASO,ES,Combined TRACON& Tower with Radar,22,50,44,2,118,0,269,73,0,342,22,319,117,2,460,504,0,504,964
06/22/2021,DAB,FL,ASO,ES,Combined TRACON& Tower with Radar,18,89,46,1,154,0,220,40,0,260,18,309,86,1,414,259,0,259,673
06/23/2021,DAB,FL,ASO,ES,Combined TRACON& Tower with Radar,18,65,65,3,151,0,182,73,0,255,18,247,138,3,406,248,0,248,654
06/24/2021,DAB,FL,ASO,ES,Combined TRACON& Tower with Radar,22,160,43,2,227,0,79,18,4,101,22,239,61,6,328,127,0,127,455
06/25/2021,DAB,FL,ASO,ES,Combined TRACON& Tower with Radar,20,94,44,4,162,0,151,18,8,177,20,245,62,12,339,348,0,348,687
06/26/2021,DAB,FL,ASO,ES,Combined TRACON& Tower with Radar,22,57,44,1,124,0,86,25,0,111,22,143,69,1,235,356,0,356,591
06/27/2021,DAB,FL,ASO,ES,Combined TRACON& Tower with Radar,20,69,42,7,138,0,136,66,13,215,20,205,108,20,353,395,0,395,748
06/28/2021,DAB,FL,ASO,ES,Combined TRACON& Tower with Radar,20,129,55,0,204,0,418,94,2,514,20,547,149,2,718,464,0,464,1182
06/29/2021,DAB,FL,ASO,ES,Combined TRACON& Tower with Radar,18,137,47,1,203,0,207,36,0,243,18,344,83,1,446,388,0,388,834
06/30/2021,DAB,FL,ASO,ES,Combined TRACON& Tower with Radar,18,126,60,0,204,0,182,47,2,231,18,308,107,2,435,513,0,513,948
07/01/2021,DAB,FL,ASO,ES,Combined TRACON& Tower with Radar,20,131,66,0,217,0,140,22,0,162,20,271,88,0,379,254,0,254,633
07/02/2021,DAB,FL,ASO,ES,Combined TRACON& Tower with Radar,17,102,45,0,164,0,181,36,3,220,17,283,81,3,384,461,0,461,845
07/03/2021,DAB,FL,ASO,ES,Combined TRACON& Tower with Radar,25,46,56,0,127,0,27,14,0,41,25,73,70,0,168,119,0,119,287
07/04/2021,DAB,FL,ASO,ES,Combined TRACON& Tower with Radar,16,15,17,0,48,0,6,8,4,18,16,21,25,4,66,81,0,81,147
07/05/2021,DAB,FL,ASO,ES,Combined TRACON& Tower with Radar,20,65,54,0,139,0,184,86,0,270,20,249,140,0,409,379,0,379,788
07/06/2021,DAB,FL,ASO,ES,Combined TRACON& Tower with Radar,18,125,41,0,184,0,172,26,0,198,18,297,67,0,382,260,0,260,642
07/07/2021,DAB,FL,ASO,ES,Combined TRACON& Tower with Radar,22,17,11,0,50,0,22,11,0,33,22,39,22,0,83,10,0,10,93
07/08/2021,DAB,FL,ASO,ES,Combined TRACON& Tower with Radar,20,103,32,0,155,0,177,29,0,206,20,280,61,0,361,365,0,365,726
07/09/2021,DAB,FL,ASO,ES,Combined TRACON& Tower with Radar,22,80,44,0,146,0,343,57,4,404,22,423,101,4,550,341,0,341,891
07/10/2021,DAB,FL,ASO,ES,Combined TRACON& Tower with Radar,22,69,53,0,144,0,224,89,6,319,22,293,142,6,463,283,0,283,746
07/11/2021,DAB,FL,ASO,ES,Combined TRACON& Tower with Radar,20,51,43,0,114,0,130,81,2,213,20,181,124,2,327,293,0,293,620
07/12/2021,DAB,FL,ASO,ES,Combined TRACON& Tower with Radar,26,77,44,0,147,0,215,53,2,270,26,292,97,2,417,253,0,253,670
07/13/2021,DAB,FL,ASO,ES,Combined TRACON& Tower with Radar,20,131,38,1,190,0,293,72,3,368,20,424,110,4,558,466,0,466,1024
07/14/2021,DAB,FL,ASO,ES,Combined TRACON& Tower with Radar,20,109,52,1,182,0,266,59,0,325,20,375,111,1,507,470,0,470,977
07/15/2021,DAB,FL,ASO,ES,Combined TRACON& Tower with Radar,20,134,58,0,212,0,416,89,1,506,20,550,147,1,718,378,0,378,1096
07/16/2021,DAB,FL,ASO,ES,Combined TRACON& Tower with Radar,20,100,43,5,168,0,417,93,7,517,20,517,136,12,685,669,0,669,1354
07/17/2021,DAB,FL,ASO,ES,Combined TRACON& Tower with Radar,21,73,33,1,128,0,223,78,11,312,21,296,111,12,440,496,0,496,936
07/18/2021,DAB,FL,ASO,ES,Combined TRACON& Tower with Radar,25,38,22,1,86,0,71,62,6,139,25,109,84,7,225,348,0,348,573
07/19/2021,DAB,FL,ASO,ES,Combined TRACON& Tower with Radar,22,48,42,6,118,0,180,42,3,225,22,228,84,9,343,351,4,355,698
07/20/2021,DAB,FL,ASO,ES,Combined TRACON& Tower with Radar,20,40,34,0,94,0,259,55,0,314,20,299,89,0,408,272,0,272,680
07/21/2021,DAB,FL,ASO,ES,Combined TRACON& Tower with Radar,18,77,40,1,136,0,356,73,1,430,18,433,113,2,566,483,0,483,1049
07/22/2021,DAB,FL,ASO,ES,Combined TRACON& Tower with Radar,20,77,43,0,140,0,356,72,1,429,20,433,115,1,569,302,0,302,871
07/23/2021,DAB,FL,ASO,ES,Combined TRACON& Tower with Radar,20,78,40,3,141,0,112,43,5,160,20,190,83,8,301,294,0,294,595
07/24/2021,DAB,FL,ASO,ES,Combined TRACON& Tower with Radar,22,102,38,0,162,0,125,67,4,196,22,227,105,4,358,212,0,212,570
07/25/2021,DAB,FL,ASO,ES,Combined TRACON& Tower with Radar,18,85,26,0,129,0,63,34,14,111,18,148,60,14,240,30,0,30,270
07/26/2021,DAB,FL,ASO,ES,Combined TRACON& Tower with Radar,19,81,45,0,145,0,292,77,1,370,19,373,122,1,515,389,0,389,904
07/27/2021,DAB,FL,ASO,ES,Combined TRACON& Tower with Radar,20,89,39,0,148,0,273,75,0,348,20,362,114,0,496,333,0,333,829
07/28/2021,DAB,FL,ASO,ES,Combined TRACON& Tower with Radar,21,64,39,0,124,0,291,45,1,337,21,355,84,1,461,380,0,380,841
07/29/2021,DAB,FL,ASO,ES,Combined TRACON& Tower with Radar,20,82,41,2,145,0,278,72,2,352,20,360,113,4,497,423,0,423,920
07/30/2021,DAB,FL,ASO,ES,Combined TRACON& Tower with Radar,20,147,52,0,219,0,188,81,6,275,20,335,133,6,494,432,0,432,926
07/31/2021,DAB,FL,ASO,ES,Combined TRACON& Tower with Radar,22,62,29,3,116,0,213,71,11,295,22,275,100,14,411,479,0,479,890
08/01/2021,DAB,FL,ASO,ES,Combined TRACON& Tower with Radar,22,39,35,3,99,0,88,45,15,148,22,127,80,18,247,439,0,439,686
08/02/2021,DAB,FL,ASO,ES,Combined TRACON& Tower with Radar,21,53,39,0,113,0,139,53,0,192,21,192,92,0,305,334,0,334,639
08/03/2021,DAB,FL,ASO,ES,Combined TRACON& Tower with Radar,20,62,33,0,115,0,53,30,0,83,20,115,63,0,198,301,0,301,499
08/04/2021,DAB,FL,ASO,ES,Combined TRACON& Tower with Radar,20,105,37,3,165,0,26,15,0,41,20,131,52,3,206,84,0,84,290
08/05/2021,DAB,FL,ASO,ES,Combined TRACON& Tower with Radar,22,84,35,5,146,0,326,83,2,411,22,410,118,7,557,205,0,205,762
08/06/2021,DAB,FL,ASO,ES,Combined TRACON& Tower with Radar,22,64,39,6,131,0,316,91,2,409,22,380,130,8,540,263,0,263,803
08/07/2021,DAB,FL,ASO,ES,Combined TRACON& Tower with Radar,20,33,31,6,90,0,140,68,5,213,20,173,99,11,303,314,0,314,617
08/08/2021,DAB,FL,ASO,ES,Combined TRACON& Tower with Radar,22,49,33,2,106,0,109,62,5,176,22,158,95,7,282,268,0,268,550
08/09/2021,DAB,FL,ASO,ES,Combined TRACON& Tower with Radar,20,123,56,0,199,0,288,93,0,381,20,411,149,0,580,335,0,335,915
08/10/2021,DAB,FL,ASO,ES,Combined TRACON& Tower with Radar,18,101,38,0,157,0,297,97,1,395,18,398,135,1,552,525,0,525,1077
08/11/2021,DAB,FL,ASO,ES,Combined TRACON& Tower with Radar,18,142,56,3,219,0,320,94,0,414,18,462,150,3,633,501,0,501,1134
08/12/2021,DAB,FL,ASO,ES,Combined TRACON& Tower with Radar,20,164,40,0,224,0,304,79,0,383,20,468,119,0,607,337,0,337,944
08/13/2021,DAB,FL,ASO,ES,Combined TRACON& Tower with Radar,19,83,25,0,127,0,140,38,1,179,19,223,63,1,306,424,0,424,730
08/14/2021,DAB,FL,ASO,ES,Combined TRACON& Tower with Radar,19,24,33,0,76,0,20,24,4,48,19,44,57,4,124,74,0,74,198
08/15/2021,DAB,FL,ASO,ES,Combined TRACON& Tower with Radar,20,33,30,0,83,0,66,44,0,110,20,99,74,0,193,98,0,98,291
08/16/2021,DAB,FL,ASO,ES,Combined TRACON& Tower with Radar,20,69,37,1,127,0,136,33,2,171,20,205,70,3,298,307,0,307,605
08/17/2021,DAB,FL,ASO,ES,Combined TRACON& Tower with Radar,14,104,36,8,162,0,335,93,2,430,14,439,129,10,592,200,0,200,792
08/18/2021,DAB,FL,ASO,ES,Combined TRACON& Tower with Radar,14,117,22,0,153,0,299,80,2,381,14,416,102,2,534,439,0,439,973
08/19/2021,DAB,FL,ASO,ES,Combined TRACON& Tower with Radar,17,125,67,0,209,0,335,79,2,416,17,460,146,2,625,605,0,605,1230
08/20/2021,DAB,FL,ASO,ES,Combined TRACON& Tower with Radar,16,79,35,0,130,0,267,69,1,337,16,346,104,1,467,304,0,304,771
08/21/2021,DAB,FL,ASO,ES,Combined TRACON& Tower with Radar,15,49,27,0,91,0,147,61,7,215,15,196,88,7,306,282,0,282,588
08/22/2021,DAB,FL,ASO,ES,Combined TRACON& Tower with Radar,18,32,34,0,84,0,74,44,2,120,18,106,78,2,204,148,0,148,352
08/23/2021,DAB,FL,ASO,ES,Combined TRACON& Tower with Radar,18,58,36,2,114,0,216,41,0,257,18,274,77,2,371,439,0,439,810
08/24/2021,DAB,FL,ASO,ES,Combined TRACON& Tower with Radar,14,79,48,4,145,0,263,54,0,317,14,342,102,4,462,523,0,523,985
08/25/2021,DAB,FL,ASO,ES,Combined TRACON& Tower with Radar,14,141,53,0,208,0,242,60,0,302,14,383,113,0,510,490,0,490,1000
08/26/2021,DAB,FL,ASO,ES,Combined TRACON& Tower with Radar,18,109,42,0,169,0,100,24,0,124,18,209,66,0,293,437,0,437,730
08/27/2021,DAB,FL,ASO,ES,Combined TRACON& Tower with Radar,16,49,68,2,135,0,38,19,2,59,16,87,87,4,194,193,0,193,387
08/28/2021,DAB,FL,ASO,ES,Combined TRACON& Tower with Radar,16,43,80,0,139,0,88,62,8,158,16,131,142,8,297,268,0,268,565
08/29/2021,DAB,FL,ASO,ES,Combined TRACON& Tower with Radar,18,91,72,0,181,0,85,65,4,154,18,176,137,4,335,327,0,327,662
08/30/2021,DAB,FL,ASO,ES,Combined TRACON& Tower with Radar,16,99,40,6,161,0,283,86,0,369,16,382,126,6,530,421,0,421,951
08/31/2021,DAB,FL,ASO,ES,Combined TRACON& Tower with Radar,14,83,57,2,156,0,298,86,0,384,14,381,143,2,540,513,0,513,1053
09/01/2021,DAB,FL,ASO,ES,Combined TRACON& Tower with Radar,13,56,50,7,126,0,105,20,0,125,13,161,70,7,251,126,0,126,377
09/02/2021,DAB,FL,ASO,ES,Combined TRACON& Tower with Radar,19,60,40,0,119,0,208,67,0,275,19,268,107,0,394,466,0,466,860
09/03/2021,DAB,FL,ASO,ES,Combined TRACON& Tower with Radar,18,135,65,0,218,0,109,52,2,163,18,244,117,2,381,332,0,332,713
09/04/2021,DAB,FL,ASO,ES,Combined TRACON& Tower with Radar,14,61,40,1,116,0,168,81,11,260,14,229,121,12,376,309,0,309,685
09/05/2021,DAB,FL,ASO,ES,Combined TRACON& Tower with Radar,12,42,39,0,93,0,91,52,8,151,12,133,91,8,244,210,0,210,454
09/06/2021,DAB,FL,ASO,ES,Combined TRACON& Tower with Radar,14,47,46,0,107,0,175,86,0,261,14,222,132,0,368,365,0,365,733
09/07/2021,DAB,FL,ASO,ES,Combined TRACON& Tower with Radar,14,71,46,6,137,0,271,57,0,328,14,342,103,6,465,351,0,351,816
09/08/2021,DAB,FL,ASO,ES,Combined TRACON& Tower with Radar,12,32,38,2,84,0,219,58,0,277,12,251,96,2,361,102,0,102,463
09/09/2021,DAB,FL,ASO,ES,Combined TRACON& Tower with Radar,16,80,63,0,159,0,97,24,0,121,16,177,87,0,280,337,0,337,617
09/10/2021,DAB,FL,ASO,ES,Combined TRACON& Tower with Radar,16,121,42,1,180,0,67,25,2,94,16,188,67,3,274,232,0,232,506
09/11/2021,DAB,FL,ASO,ES,Combined TRACON& Tower with Radar,14,76,45,0,135,0,147,56,4,207,14,223,101,4,342,476,0,476,818
09/12/2021,DAB,FL,ASO,ES,Combined TRACON& Tower with Radar,16,59,29,3,107,0,127,61,0,188,16,186,90,3,295,251,0,251,546
09/13/2021,DAB,FL,ASO,ES,Combined TRACON& Tower with Radar,14,86,47,2,149,0,399,91,1,491,14,485,138,3,640,484,0,484,1124
09/14/2021,DAB,FL,ASO,ES,Combined TRACON& Tower with Radar,10,138,58,2,208,0,306,73,0,379,10,444,131,2,587,641,0,641,1228
09/15/2021,DAB,FL,ASO,ES,Combined TRACON& Tower with Radar,11,102,58,2,173,0,338,94,0,432,11,440,152,2,605,621,0,621,1226
09/16/2021,DAB,FL,ASO,ES,Combined TRACON& Tower with Radar,14,69,59,2,144,0,275,70,2,347,14,344,129,4,491,343,0,343,834
09/17/2021,DAB,FL,ASO,ES,Combined TRACON& Tower with Radar,21,64,49,4,138,0,71,38,2,111,21,135,87,6,249,312,0,312,561
09/18/2021,DAB,FL,ASO,ES,Combined TRACON& Tower with Radar,12,60,64,0,136,0,70,39,2,111,12,130,103,2,247,248,0,248,495
09/19/2021,DAB,FL,ASO,ES,Combined TRACON& Tower with Radar,19,22,34,0,75,0,62,47,2,111,19,84,81,2,186,312,0,312,498
09/20/2021,DAB,FL,ASO,ES,Combined TRACON& Tower with Radar,15,73,40,0,128,0,143,44,2,189,15,216,84,2,317,355,0,355,672
09/21/2021,DAB,FL,ASO,ES,Combined TRACON& Tower with Radar,10,92,54,2,158,0,339,73,1,413,10,431,127,3,571,572,0,572,1143
09/22/2021,DAB,FL,ASO,ES,Combined TRACON& Tower with Radar,12,148,72,3,235,0,237,70,0,307,12,385,142,3,542,315,0,315,857
09/23/2021,DAB,FL,ASO,ES,Combined TRACON& Tower with Radar,16,128,40,1,185,0,472,101,0,573,16,600,141,1,758,462,0,462,1220
09/24/2021,DAB,FL,ASO,ES,Combined TRACON& Tower with Radar,15,116,52,0,183,0,446,97,4,547,15,562,149,4,730,441,0,441,1171
09/25/2021,DAB,FL,ASO,ES,Combined TRACON& Tower with Radar,13,57,31,0,101,0,282,87,4,373,13,339,118,4,474,273,0,273,747
09/26/2021,DAB,FL,ASO,ES,Combined TRACON& Tower with Radar,16,49,40,0,105,0,183,87,4,274,16,232,127,4,379,275,0,275,654
09/27/2021,DAB,FL,ASO,ES,Combined TRACON& Tower with Radar,14,120,51,4,189,0,471,96,0,567,14,591,147,4,756,534,0,534,1290
09/28/2021,DAB,FL,ASO,ES,Combined TRACON& Tower with Radar,10,113,64,0,187,0,482,122,2,606,10,595,186,2,793,441,0,441,1234
09/29/2021,DAB,FL,ASO,ES,Combined TRACON& Tower with Radar,10,116,46,0,172,0,493,94,9,596,10,609,140,9,768,522,0,522,1290
09/30/2021,DAB,FL,ASO,ES,Combined TRACON& Tower with Radar,18,104,53,2,177,0,468,121,5,594,18,572,174,7,771,335,0,335,1106
10/01/2021,DAB,FL,ASO,ES,Combined TRACON& Tower with Radar,16,93,53,1,163,0,376,107,3,486,16,469,160,4,649,301,0,301,950
10/02/2021,DAB,FL,ASO,ES,Combined TRACON& Tower with Radar,12,61,39,2,114,0,243,111,2,356,12,304,150,4,470,282,0,282,752
10/03/2021,DAB,FL,ASO,ES,Combined TRACON& Tower with Radar,16,47,31,0,94,0,116,53,2,171,16,163,84,2,265,277,0,277,542
10/04/2021,DAB,FL,ASO,ES,Combined TRACON& Tower with Radar,16,84,48,4,152,0,419,111,2,532,16,503,159,6,684,164,0,164,848
10/05/2021,DAB,FL,ASO,ES,Combined TRACON& Tower with Radar,10,88,44,3,145,0,434,80,3,517,10,522,124,6,662,240,0,240,902
10/06/2021,DAB,FL,ASO,ES,Combined TRACON& Tower with Radar,10,93,49,2,154,0,377,64,5,446,10,470,113,7,600,558,0,558,1158
10/07/2021,DAB,FL,ASO,ES,Combined TRACON& Tower with Radar,17,141,58,4,220,0,401,102,4,507,17,542,160,8,727,472,0,472,1199
10/08/2021,DAB,FL,ASO,ES,Combined TRACON& Tower with Radar,16,61,42,3,122,0,210,45,0,255,16,271,87,3,377,318,0,318,695
10/09/2021,DAB,FL,ASO,ES,Combined TRACON& Tower with Radar,13,73,66,1,153,0,122,49,9,180,13,195,115,10,333,140,0,140,473
10/10/2021,DAB,FL,ASO,ES,Combined TRACON& Tower with Radar,16,59,51,0,126,0,86,56,8,150,16,145,107,8,276,294,0,294,570
10/11/2021,DAB,FL,ASO,ES,Combined TRACON& Tower with Radar,16,128,63,0,207,0,337,70,0,407,16,465,133,0,614,575,0,575,1189
10/12/2021,DAB,FL,ASO,ES,Combined TRACON& Tower with Radar,14,155,56,0,225,0,349,88,1,438,14,504,144,1,663,489,0,489,1152
10/13/2021,DAB,FL,ASO,ES,Combined TRACON& Tower with Radar,14,173,54,0,241,0,419,78,0,497,14,592,132,0,738,641,0,641,1379
10/14/2021,DAB,FL,ASO,ES,Combined TRACON& Tower with Radar,16,138,86,0,240,0,379,92,2,473,16,517,178,2,713,391,0,391,1104
10/15/2021,DAB,FL,ASO,ES,Combined TRACON& Tower with Radar,15,125,73,3,216,0,445,99,15,559,15,570,172,18,775,432,0,432,1207
10/16/2021,DAB,FL,ASO,ES,Combined TRACON& Tower with Radar,15,88,41,0,144,0,350,72,6,428,15,438,113,6,572,458,0,458,1030
10/17/2021,DAB,FL,ASO,ES,Combined TRACON& Tower with Radar,16,38,42,2,98,0,136,71,8,215,16,174,113,10,313,8,0,8,321
10/18/2021,DAB,FL,ASO,ES,Combined TRACON& Tower with Radar,16,85,58,0,159,0,387,109,0,496,16,472,167,0,655,482,0,482,1137
10/19/2021,DAB,FL,ASO,ES,Combined TRACON& Tower with Radar,12,92,54,2,160,0,496,121,3,620,12,588,175,5,780,429,0,429,1209
10/20/2021,DAB,FL,ASO,ES,Combined TRACON& Tower with Radar,14,104,52,0,170,0,414,118,2,534,14,518,170,2,704,485,0,485,1189
10/21/2021,DAB,FL,ASO,ES,Combined TRACON& Tower with Radar,15,90,41,3,149,0,390,90,4,484,15,480,131,7,633,581,0,581,1214
10/22/2021,DAB,FL,ASO,ES,Combined TRACON& Tower with Radar,17,86,47,0,150,0,320,97,0,417,17,406,144,0,567,510,0,510,1077
10/23/2021,DAB,FL,ASO,ES,Combined TRACON& Tower with Radar,12,47,38,0,97,0,213,84,4,301,12,260,122,4,398,79,0,79,477
10/24/2021,DAB,FL,ASO,ES,Combined TRACON& Tower with Radar,16,40,37,0,93,0,64,41,3,108,16,104,78,3,201,359,0,359,560
10/25/2021,DAB,FL,ASO,ES,Combined TRACON& Tower with Radar,16,89,44,0,149,0,187,49,0,236,16,276,93,0,385,359,0,359,744
10/26/2021,DAB,FL,ASO,ES,Combined TRACON& Tower with Radar,12,112,44,1,169,0,366,97,2,465,12,478,141,3,634,369,0,369,1003
10/27/2021,DAB,FL,ASO,ES,Combined TRACON& Tower with Radar,14,113,30,4,161,0,595,93,2,690,14,708,123,6,851,517,0,517,1368
10/28/2021,DAB,FL,ASO,ES,Combined TRACON& Tower with Radar,20,43,18,0,81,0,127,22,0,149,20,170,40,0,230,30,0,30,260
10/29/2021,DAB,FL,ASO,ES,Combined TRACON& Tower with Radar,16,80,39,0,135,0,265,38,0,303,16,345,77,0,438,258,0,258,696
10/30/2021,DAB,FL,ASO,ES,Combined TRACON& Tower with Radar,12,59,42,0,113,0,196,60,1,257,12,255,102,1,370,314,0,314,684
10/31/2021,DAB,FL,ASO,ES,Combined TRACON& Tower with Radar,14,52,51,0,117,0,195,70,0,265,14,247,121,0,382,292,0,292,674
11/01/2021,DAB,FL,ASO,ES,Combined TRACON& Tower with Radar,16,129,58,0,203,0,517,88,1,606,16,646,146,1,809,545,0,545,1354
11/02/2021,DAB,FL,ASO,ES,Combined TRACON& Tower with Radar,12,104,59,0,175,0,567,108,1,676,12,671,167,1,851,503,0,503,1354
11/03/2021,DAB,FL,ASO,ES,Combined TRACON& Tower with Radar,14,167,60,0,241,0,468,91,0,559,14,635,151,0,800,423,0,423,1223
11/04/2021,DAB,FL,ASO,ES,Combined TRACON& Tower with Radar,16,193,63,4,276,0,210,49,0,259,16,403,112,4,535,468,0,468,1003
11/05/2021,DAB,FL,ASO,ES,Combined TRACON& Tower with Radar,17,8,17,0,42,0,0,0,0,0,17,8,17,0,42,0,0,0,42
11/06/2021,DAB,FL,ASO,ES,Combined TRACON& Tower with Radar,15,20,39,0,74,0,3,1,0,4,15,23,40,0,78,0,0,0,78
11/07/2021,DAB,FL,ASO,ES,Combined TRACON& Tower with Radar,16,50,37,0,103,0,49,27,0,76,16,99,64,0,179,19,0,19,198
11/08/2021,DAB,FL,ASO,ES,Combined TRACON& Tower with Radar,16,129,36,0,181,0,544,93,0,637,16,673,129,0,818,0,0,0,818
11/09/2021,DAB,FL,ASO,ES,Combined TRACON& Tower with Radar,12,142,37,0,191,0,641,126,3,770,12,783,163,3,961,232,0,232,1193
11/10/2021,DAB,FL,ASO,ES,Combined TRACON& Tower with Radar,16,124,42,0,182,0,558,120,1,679,16,682,162,1,861,304,0,304,1165
11/11/2021,DAB,FL,ASO,ES,Combined TRACON& Tower with Radar,16,173,49,0,238,0,252,69,2,323,16,425,118,2,561,468,0,468,1029
11/12/2021,DAB,FL,ASO,ES,Combined TRACON& Tower with Radar,16,142,70,0,228,0,141,36,2,179,16,283,106,2,407,234,0,234,641
11/13/2021,DAB,FL,ASO,ES,Combined TRACON& Tower with Radar,12,68,58,0,138,0,80,41,10,131,12,148,99,10,269,288,0,288,557
11/14/2021,DAB,FL,ASO,ES,Combined TRACON& Tower with Radar,16,43,44,0,103,0,243,130,0,373,16,286,174,0,476,507,0,507,983
11/15/2021,DAB,FL,ASO,ES,Combined TRACON& Tower with Radar,16,135,64,0,215,0,524,110,0,634,16,659,174,0,849,505,0,505,1354
11/16/2021,DAB,FL,ASO,ES,Combined TRACON& Tower with Radar,12,139,48,0,199,0,590,110,2,702,12,729,158,2,901,557,0,557,1458
11/17/2021,DAB,FL,ASO,ES,Combined TRACON& Tower with Radar,14,136,52,0,202,0,529,109,2,640,14,665,161,2,842,438,0,438,1280
11/18/2021,DAB,FL,ASO,ES,Combined TRACON& Tower with Radar,20,96,41,1,158,0,298,61,0,359,20,394,102,1,517,482,0,482,999
11/19/2021,DAB,FL,ASO,ES,Combined TRACON& Tower with Radar,20,84,74,3,181,0,71,35,0,106,20,155,109,3,287,190,0,190,477
11/20/2021,DAB,FL,ASO,ES,Combined TRACON& Tower with Radar,12,66,37,6,121,0,48,31,0,79,12,114,68,6,200,247,0,247,447
11/21/2021,DAB,FL,ASO,ES,Combined TRACON& Tower with Radar,17,98,55,8,178,0,172,77,0,249,17,270,132,8,427,389,2,391,818
11/22/2021,DAB,FL,ASO,ES,Combined TRACON& Tower with Radar,16,110,45,4,175,0,167,32,2,201,16,277,77,6,376,375,0,375,751
11/23/2021,DAB,FL,ASO,ES,Combined TRACON& Tower with Radar,16,82,42,0,140,0,320,72,0,392,16,402,114,0,532,0,0,0,532
11/24/2021,DAB,FL,ASO,ES,Combined TRACON& Tower with Radar,21,106,47,0,174,0,370,82,0,452,21,476,129,0,626,232,0,232,858
11/25/2021,DAB,FL,ASO,ES,Combined TRACON& Tower with Radar,8,3,22,0,33,0,1,28,3,32,8,4,50,3,65,6,0,6,71
11/26/2021,DAB,FL,ASO,ES,Combined TRACON& Tower with Radar,12,69,40,0,121,0,156,58,2,216,12,225,98,2,337,425,0,425,762
11/27/2021,DAB,FL,ASO,ES,Combined TRACON& Tower with Radar,19,39,42,0,100,0,213,80,2,295,19,252,122,2,395,24,0,24,419
11/28/2021,DAB,FL,ASO,ES,Combined TRACON& Tower with Radar,18,53,36,0,107,0,168,46,4,218,18,221,82,4,325,345,0,345,670
11/29/2021,DAB,FL,ASO,ES,Combined TRACON& Tower with Radar,17,94,38,1,150,0,493,94,1,588,17,587,132,2,738,158,0,158,896
11/30/2021,DAB,FL,ASO,ES,Combined TRACON& Tower with Radar,13,139,68,2,222,0,585,126,2,713,13,724,194,4,935,560,2,562,1497
12/01/2021,DAB,FL,ASO,ES,Combined TRACON& Tower with Radar,15,135,74,2,226,0,556,88,2,646,15,691,162,4,872,496,0,496,1368
12/02/2021,DAB,FL,ASO,ES,Combined TRACON& Tower with Radar,16,119,54,2,191,0,526,119,2,647,16,645,173,4,838,476,0,476,1314
12/03/2021,DAB,FL,ASO,ES,Combined TRACON& Tower with Radar,15,129,48,18,210,0,468,89,4,561,15,597,137,22,771,424,0,424,1195
12/04/2021,DAB,FL,ASO,ES,Combined TRACON& Tower with Radar,13,79,50,0,142,0,269,92,2,363,13,348,142,2,505,420,0,420,925
12/05/2021,DAB,FL,ASO,ES,Combined TRACON& Tower with Radar,16,73,59,5,153,0,186,84,1,271,16,259,143,6,424,415,0,415,839
12/06/2021,DAB,FL,ASO,ES,Combined TRACON& Tower with Radar,14,94,36,1,145,0,299,64,1,364,14,393,100,2,509,437,0,437,946
12/07/2021,DAB,FL,ASO,ES,Combined TRACON& Tower with Radar,12,157,55,2,226,0,57,6,2,65,12,214,61,4,291,152,0,152,443
12/08/2021,DAB,FL,ASO,ES,Combined TRACON& Tower with Radar,14,90,65,0,169,0,340,83,0,423,14,430,148,0,592,489,0,489,1081
12/09/2021,DAB,FL,ASO,ES,Combined TRACON& Tower with Radar,16,162,93,2,273,0,341,61,0,402,16,503,154,2,675,607,0,607,1282
12/10/2021,DAB,FL,ASO,ES,Combined TRACON& Tower with Radar,16,118,64,0,198,0,336,124,0,460,16,454,188,0,658,306,0,306,964
12/11/2021,DAB,FL,ASO,ES,Combined TRACON& Tower with Radar,12,75,50,0,137,0,260,103,2,365,12,335,153,2,502,386,0,386,888
12/12/2021,DAB,FL,ASO,ES,Combined TRACON& Tower with Radar,15,80,59,0,154,0,18,29,2,49,15,98,88,2,203,101,0,101,304
12/13/2021,DAB,FL,ASO,ES,Combined TRACON& Tower with Radar,15,128,63,0,206,0,354,72,0,426,15,482,135,0,632,270,0,270,902
12/14/2021,DAB,FL,ASO,ES,Combined TRACON& Tower with Radar,12,182,75,0,269,0,39,25,0,64,12,221,100,0,333,168,0,168,501
12/15/2021,DAB,FL,ASO,ES,Combined TRACON& Tower with Radar,14,158,69,2,243,0,162,52,2,216,14,320,121,4,459,187,0,187,646
12/16/2021,DAB,FL,ASO,ES,Combined TRACON& Tower with Radar,20,134,73,2,229,0,380,99,2,481,20,514,172,4,710,182,0,182,892
12/17/2021,DAB,FL,ASO,ES,Combined TRACON& Tower with Radar,19,113,60,0,192,0,340,124,2,466,19,453,184,2,658,144,0,144,802
12/18/2021,DAB,FL,ASO,ES,Combined TRACON& Tower with Radar,19,66,43,0,128,0,157,71,2,230,19,223,114,2,358,206,0,206,564
12/19/2021,DAB,FL,ASO,ES,Combined TRACON& Tower with Radar,19,47,35,0,101,0,25,15,6,46,19,72,50,6,147,197,0,197,344
12/20/2021,DAB,FL,ASO,ES,Combined TRACON& Tower with Radar,20,97,46,0,163,0,4,5,0,9,20,101,51,0,172,36,0,36,208
12/21/2021,DAB,FL,ASO,ES,Combined TRACON& Tower with Radar,21,17,11,0,49,0,0,0,0,0,21,17,11,0,49,0,0,0,49
12/22/2021,DAB,FL,ASO,ES,Combined TRACON& Tower with Radar,20,103,56,0,179,0,198,55,0,253,20,301,111,0,432,218,0,218,650
12/23/2021,DAB,FL,ASO,ES,Combined TRACON& Tower with Radar,20,45,36,0,101,0,249,67,0,316,20,294,103,0,417,104,0,104,521
12/24/2021,DAB,FL,ASO,ES,Combined TRACON& Tower with Radar,12,6,10,0,28,0,3,26,4,33,12,9,36,4,61,80,0,80,141
12/25/2021,DAB,FL,ASO,ES,Combined TRACON& Tower with Radar,16,4,3,0,23,0,1,17,0,18,16,5,20,0,41,14,0,14,55
12/26/2021,DAB,FL,ASO,ES,Combined TRACON& Tower with Radar,17,18,30,0,65,0,14,38,8,60,17,32,68,8,125,0,0,0,125
12/27/2021,DAB,FL,ASO,ES,Combined TRACON& Tower with Radar,22,19,35,0,76,0,70,29,0,99,22,89,64,0,175,0,0,0,175
12/28/2021,DAB,FL,ASO,ES,Combined TRACON& Tower with Radar,20,17,46,1,84,0,77,63,1,141,20,94,109,2,225,50,0,50,275
12/29/2021,DAB,FL,ASO,ES,Combined TRACON& Tower with Radar,21,27,34,2,84,0,109,59,3,171,21,136,93,5,255,65,0,65,320
12/30/2021,DAB,FL,ASO,ES,Combined TRACON& Tower with Radar,15,18,45,0,78,0,40,46,0,86,15,58,91,0,164,128,0,128,292
12/31/2021,DAB,FL,ASO,ES,Combined TRACON& Tower with Radar,15,8,19,0,42,0,4,25,8,37,15,12,44,8,79,20,0,20,99
01/01/2022,DAB,FL,ASO,ES,Combined TRACON& Tower with Radar,17,5,12,1,35,0,1,13,2,16,17,6,25,3,51,24,0,24,75
01/02/2022,DAB,FL,ASO,ES,Combined TRACON& Tower with Radar,20,14,33,0,67,0,4,31,0,35,20,18,64,0,102,153,0,153,255
01/03/2022,DAB,FL,ASO,ES,Combined TRACON& Tower with Radar,19,10,41,0,70,0,57,46,0,103,19,67,87,0,173,66,0,66,239
01/04/2022,DAB,FL,ASO,ES,Combined TRACON& Tower with Radar,17,81,38,0,136,0,196,56,0,252,17,277,94,0,388,271,0,271,659
01/05/2022,DAB,FL,ASO,ES,Combined TRACON& Tower with Radar,17,85,52,12,166,0,262,69,0,331,17,347,121,12,497,422,0,422,919
01/06/2022,DAB,FL,ASO,ES,Combined TRACON& Tower with Radar,15,62,46,0,123,0,303,89,1,393,15,365,135,1,516,164,0,164,680
01/07/2022,DAB,FL,ASO,ES,Combined TRACON& Tower with Radar,17,98,51,9,175,0,175,47,5,227,17,273,98,14,402,200,0,200,602
01/08/2022,DAB,FL,ASO,ES,Combined TRACON& Tower with Radar,12,48,38,0,98,0,135,50,4,189,12,183,88,4,287,370,0,370,657
01/09/2022,DAB,FL,ASO,ES,Combined TRACON& Tower with Radar,15,39,24,2,80,0,126,44,5,175,15,165,68,7,255,42,0,42,297
01/10/2022,DAB,FL,ASO,ES,Combined TRACON& Tower with Radar,17,60,30,0,107,0,123,24,0,147,17,183,54,0,254,254,0,254,508
01/11/2022,DAB,FL,ASO,ES,Combined TRACON& Tower with Radar,14,100,58,0,172,0,294,71,3,368,14,394,129,3,540,314,0,314,854
01/12/2022,DAB,FL,ASO,ES,Combined TRACON& Tower with Radar,18,93,48,2,161,0,445,80,2,527,18,538,128,4,688,332,0,332,1020
01/13/2022,DAB,FL,ASO,ES,Combined TRACON& Tower with Radar,18,67,40,4,129,0,398,75,2,475,18,465,115,6,604,418,0,418,1022
01/14/2022,DAB,FL,ASO,ES,Combined TRACON& Tower with Radar,17,100,42,5,164,0,387,110,1,498,17,487,152,6,662,239,0,239,901
01/15/2022,DAB,FL,ASO,ES,Combined TRACON& Tower with Radar,11,79,48,1,139,0,284,103,0,387,11,363,151,1,526,416,0,416,942
01/16/2022,DAB,FL,ASO,ES,Combined TRACON& Tower with Radar,4,5,8,0,17,0,5,3,0,8,4,10,11,0,25,12,0,12,37
01/17/2022,DAB,FL,ASO,ES,Combined TRACON& Tower with Radar,10,28,42,2,82,0,100,57,0,157,10,128,99,2,239,353,0,353,592
01/18/2022,DAB,FL,ASO,ES,Combined TRACON& Tower with Radar,16,95,54,2,167,0,480,99,0,579,16,575,153,2,746,310,0,310,1056
01/19/2022,DAB,FL,ASO,ES,Combined TRACON& Tower with Radar,20,129,87,1,237,0,498,121,1,620,20,627,208,2,857,502,0,502,1359
01/20/2022,DAB,FL,ASO,ES,Combined TRACON& Tower with Radar,17,96,88,7,208,0,429,95,1,525,17,525,183,8,733,468,0,468,1201
01/21/2022,DAB,FL,ASO,ES,Combined TRACON& Tower with Radar,17,93,57,2,169,0,182,44,6,232,17,275,101,8,401,307,0,307,708
01/22/2022,DAB,FL,ASO,ES,Combined TRACON& Tower with Radar,13,36,30,0,79,0,0,0,0,0,13,36,30,0,79,0,0,0,79
01/23/2022,DAB,FL,ASO,ES,Combined TRACON& Tower with Radar,18,62,80,0,160,0,114,58,0,172,18,176,138,0,332,292,0,292,624
01/24/2022,DAB,FL,ASO,ES,Combined TRACON& Tower with Radar,16,136,57,9,218,0,473,96,0,569,16,609,153,9,787,452,0,452,1239
01/25/2022,DAB,FL,ASO,ES,Combined TRACON& Tower with Radar,20,134,54,3,211,0,229,54,0,283,20,363,108,3,494,343,0,343,837
01/26/2022,DAB,FL,ASO,ES,Combined TRACON& Tower with Radar,18,149,81,0,248,0,23,11,0,34,18,172,92,0,282,0,0,0,282
01/27/2022,DAB,FL,ASO,ES,Combined TRACON& Tower with Radar,17,64,63,0,144,0,0,2,0,2,17,64,65,0,146,0,0,0,146
01/28/2022,DAB,FL,ASO,ES,Combined TRACON& Tower with Radar,18,120,87,4,229,0,211,44,4,259,18,331,131,8,488,55,0,55,543
01/29/2022,DAB,FL,ASO,ES,Combined TRACON& Tower with Radar,11,49,52,0,112,0,132,72,0,204,11,181,124,0,316,68,0,68,384
01/30/2022,DAB,FL,ASO,ES,Combined TRACON& Tower with Radar,20,74,109,0,203,0,299,115,2,416,20,373,224,2,619,69,0,69,688
01/31/2022,DAB,FL,ASO,ES,Combined TRACON& Tower with Radar,16,117,69,1,203,0,515,112,0,627,16,632,181,1,830,399,0,399,1229
02/01/2022,DAB,FL,ASO,ES,Combined TRACON& Tower with Radar,16,137,65,8,226,0,594,106,5,705,16,731,171,13,931,569,0,569,1500
02/02/2022,DAB,FL,ASO,ES,Combined TRACON& Tower with Radar,18,124,52,0,194,0,432,81,0,513,18,556,133,0,707,166,0,166,873
02/03/2022,DAB,FL,ASO,ES,Combined TRACON& Tower with Radar,17,120,45,12,194,0,421,89,1,511,17,541,134,13,705,0,0,0,705
02/04/2022,DAB,FL,ASO,ES,Combined TRACON& Tower with Radar,18,101,47,2,168,0,407,129,0,536,18,508,176,2,704,260,0,260,964
02/05/2022,DAB,FL,ASO,ES,Combined TRACON& Tower with Radar,13,71,34,0,118,0,6,8,2,16,13,77,42,2,134,31,0,31,165
02/06/2022,DAB,FL,ASO,ES,Combined TRACON& Tower with Radar,18,26,32,0,76,0,0,1,0,1,18,26,33,0,77,0,0,0,77
02/07/2022,DAB,FL,ASO,ES,Combined TRACON& Tower with Radar,17,162,58,1,238,0,13,15,0,28,17,175,73,1,266,120,0,120,386
02/08/2022,DAB,FL,ASO,ES,Combined TRACON& Tower with Radar,19,76,33,0,128,0,1,0,0,1,19,77,33,0,129,0,0,0,129
02/09/2022,DAB,FL,ASO,ES,Combined TRACON& Tower with Radar,17,135,67,1,220,0,499,117,2,618,17,634,184,3,838,595,0,595,1433
02/10/2022,DAB,FL,ASO,ES,Combined TRACON& Tower with Radar,17,138,64,3,222,0,644,120,1,765,17,782,184,4,987,528,0,528,1515
02/11/2022,DAB,FL,ASO,ES,Combined TRACON& Tower with Radar,18,127,53,0,198,0,599,107,11,717,18,726,160,11,915,504,0,504,1419
02/12/2022,DAB,FL,ASO,ES,Combined TRACON& Tower with Radar,14,95,55,0,164,0,366,100,0,466,14,461,155,0,630,691,0,691,1321
02/13/2022,DAB,FL,ASO,ES,Combined TRACON& Tower with Radar,15,79,31,0,125,0,54,37,0,91,15,133,68,0,216,370,0,370,586
02/14/2022,DAB,FL,ASO,ES,Combined TRACON& Tower with Radar,16,117,45,2,180,0,485,125,1,611,16,602,170,3,791,331,0,331,1122
02/15/2022,DAB,FL,ASO,ES,Combined TRACON& Tower with Radar,17,117,78,0,212,0,560,111,2,673,17,677,189,2,885,406,0,406,1291
02/16/2022,DAB,FL,ASO,ES,Combined TRACON& Tower with Radar,19,137,71,4,231,0,305,99,1,405,19,442,170,5,636,311,0,311,947
02/17/2022,DAB,FL,ASO,ES,Combined TRACON& Tower with Radar,21,144,123,14,302,0,232,86,8,326,21,376,209,22,628,240,0,240,868
02/18/2022,DAB,FL,ASO,ES,Combined TRACON& Tower with Radar,21,106,117,1,245,0,168,45,2,215,21,274,162,3,460,300,0,300,760
02/19/2022,DAB,FL,ASO,ES,Combined TRACON& Tower with Radar,20,58,99,1,178,0,186,62,7,255,20,244,161,8,433,180,0,180,613
02/20/2022,DAB,FL,ASO,ES,Combined TRACON& Tower with Radar,18,67,173,2,260,0,152,77,8,237,18,219,250,10,497,12,0,12,509
02/21/2022,DAB,FL,ASO,ES,Combined TRACON& Tower with Radar,21,96,87,1,205,0,384,79,0,463,21,480,166,1,668,629,0,629,1297
02/22/2022,DAB,FL,ASO,ES,Combined TRACON& Tower with Radar,16,123,52,6,197,0,583,74,1,658,16,706,126,7,855,381,0,381,1236
02/23/2022,DAB,FL,ASO,ES,Combined TRACON& Tower with Radar,21,136,49,4,210,0,408,97,4,509,21,544,146,8,719,335,0,335,1054
02/24/2022,DAB,FL,ASO,ES,Combined TRACON& Tower with Radar,17,115,46,1,179,0,477,84,2,563,17,592,130,3,742,407,0,407,1149
02/25/2022,DAB,FL,ASO,ES,Combined TRACON& Tower with Radar,19,122,67,14,222,0,425,82,5,512,19,547,149,19,734,505,0,505,1239
02/26/2022,DAB,FL,ASO,ES,Combined TRACON& Tower with Radar,15,103,60,0,178,0,342,85,8,435,15,445,145,8,613,514,0,514,1127
02/27/2022,DAB,FL,ASO,ES,Combined TRACON& Tower with Radar,18,72,47,0,137,0,174,58,2,234,18,246,105,2,371,276,0,276,647
02/28/2022,DAB,FL,ASO,ES,Combined TRACON& Tower with Radar,18,96,45,0,159,0,18,14,0,32,18,114,59,0,191,46,0,46,237
03/01/2022,DAB,FL,ASO,ES,Combined TRACON& Tower with Radar,16,111,63,2,192,0,196,54,2,252,16,307,117,4,444,2,0,2,446
03/02/2022,DAB,FL,ASO,ES,Combined TRACON& Tower with Radar,18,144,42,2,206,0,657,108,1,766,18,801,150,3,972,463,0,463,1435
03/03/2022,DAB,FL,ASO,ES,Combined TRACON& Tower with Radar,20,124,49,2,195,0,617,108,1,726,20,741,157,3,921,504,0,504,1425
03/04/2022,DAB,FL,ASO,ES,Combined TRACON& Tower with Radar,20,123,52,0,195,0,579,82,2,663,20,702,134,2,858,435,0,435,1293
03/05/2022,DAB,FL,ASO,ES,Combined TRACON& Tower with Radar,22,77,52,2,153,0,238,81,2,321,22,315,133,4,474,329,0,329,803
03/06/2022,DAB,FL,ASO,ES,Combined TRACON& Tower with Radar,22,67,49,2,140,0,134,74,8,216,22,201,123,10,356,40,0,40,396
03/07/2022,DAB,FL,ASO,ES,Combined TRACON& Tower with Radar,20,70,32,0,122,0,345,72,6,423,20,415,104,6,545,0,0,0,545
03/08/2022,DAB,FL,ASO,ES,Combined TRACON& Tower with Radar,20,80,53,0,153,0,109,39,0,148,20,189,92,0,301,316,0,316,617
03/09/2022,DAB,FL,ASO,ES,Combined TRACON& Tower with Radar,17,58,52,4,131,0,9,10,0,19,17,67,62,4,150,167,0,167,317
03/10/2022,DAB,FL,ASO,ES,Combined TRACON& Tower with Radar,20,87,56,2,165,0,109,33,0,142,20,196,89,2,307,32,0,32,339
03/11/2022,DAB,FL,ASO,ES,Combined TRACON& Tower with Radar,19,115,66,2,202,0,106,45,12,163,19,221,111,14,365,382,0,382,747
03/12/2022,DAB,FL,ASO,ES,Combined TRACON& Tower with Radar,13,17,25,0,55,0,7,11,0,18,13,24,36,0,73,8,0,8,81
03/13/2022,DAB,FL,ASO,ES,Combined TRACON& Tower with Radar,16,77,51,0,144,0,226,87,0,313,16,303,138,0,457,4,0,4,461
03/14/2022,DAB,FL,ASO,ES,Combined TRACON& Tower with Radar,19,144,66,0,229,0,491,110,1,602,19,635,176,1,831,393,0,393,1224
03/15/2022,DAB,FL,ASO,ES,Combined TRACON& Tower with Radar,18,96,43,2,159,0,275,57,2,334,18,371,100,4,493,195,0,195,688
03/16/2022,DAB,FL,ASO,ES,Combined TRACON& Tower with Radar,17,62,39,3,121,0,151,41,5,197,17,213,80,8,318,282,0,282,600
03/17/2022,DAB,FL,ASO,ES,Combined TRACON& Tower with Radar,20,145,77,0,242,0,376,79,1,456,20,521,156,1,698,380,0,380,1078
03/18/2022,DAB,FL,ASO,ES,Combined TRACON& Tower with Radar,22,93,62,0,177,0,258,68,0,326,22,351,130,0,503,236,0,236,739
03/19/2022,DAB,FL,ASO,ES,Combined TRACON& Tower with Radar,22,71,60,2,155,0,204,90,0,294,22,275,150,2,449,198,0,198,647
03/20/2022,DAB,FL,ASO,ES,Combined TRACON& Tower with Radar,23,53,65,0,141,0,196,87,0,283,23,249,152,0,424,114,0,114,538
03/21/2022,DAB,FL,ASO,ES,Combined TRACON& Tower with Radar,18,152,35,2,207,0,547,106,0,653,18,699,141,2,860,560,0,560,1420
03/22/2022,DAB,FL,ASO,ES,Combined TRACON& Tower with Radar,18,104,55,0,177,0,447,89,1,537,18,551,144,1,714,4,0,4,718
03/23/2022,DAB,FL,ASO,ES,Combined TRACON& Tower with Radar,15,63,46,2,126,0,172,33,0,205,15,235,79,2,331,2,0,2,333
03/24/2022,DAB,FL,ASO,ES,Combined TRACON& Tower with Radar,20,76,25,0,121,0,8,4,0,12,20,84,29,0,133,4,0,4,137
03/25/2022,DAB,FL,ASO,ES,Combined TRACON& Tower with Radar,20,108,60,4,192,0,579,116,0,695,20,687,176,4,887,482,0,482,1369
03/26/2022,DAB,FL,ASO,ES,Combined TRACON& Tower with Radar,25,72,49,1,147,0,388,103,0,491,25,460,152,1,638,542,0,542,1180
03/27/2022,DAB,FL,ASO,ES,Combined TRACON& Tower with Radar,20,89,39,1,149,0,253,90,0,343,20,342,129,1,492,273,0,273,765
03/28/2022,DAB,FL,ASO,ES,Combined TRACON& Tower with Radar,20,131,41,0,192,0,581,124,0,705,20,712,165,0,897,479,0,479,1376
03/29/2022,DAB,FL,ASO,ES,Combined TRACON& Tower with Radar,20,148,39,1,208,0,612,115,5,732,20,760,154,6,940,517,0,517,1457
03/30/2022,DAB,FL,ASO,ES,Combined TRACON& Tower with Radar,17,82,34,5,138,0,290,63,1,354,17,372,97,6,492,48,0,48,540
03/31/2022,DAB,FL,ASO,ES,Combined TRACON& Tower with Radar,17,34,23,0,74,0,118,24,0,142,17,152,47,0,216,29,0,29,245
04/01/2022,DAB,FL,ASO,ES,Combined TRACON& Tower with Radar,21,148,63,8,240,0,321,58,0,379,21,469,121,8,619,369,0,369,988
04/02/2022,DAB,FL,ASO,ES,Combined TRACON& Tower with Radar,12,38,25,0,75,0,1,1,0,2,12,39,26,0,77,43,0,43,120
04/03/2022,DAB,FL,ASO,ES,Combined TRACON& Tower with Radar,22,117,72,4,215,0,269,99,0,368,22,386,171,4,583,390,0,390,973
04/04/2022,DAB,FL,ASO,ES,Combined TRACON& Tower with Radar,21,143,71,0,235,0,596,137,1,734,21,739,208,1,969,459,0,459,1428
04/05/2022,DAB,FL,ASO,ES,Combined TRACON& Tower with Radar,16,125,38,0,179,0,222,45,0,267,16,347,83,0,446,102,0,102,548
04/06/2022,DAB,FL,ASO,ES,Combined TRACON& Tower with Radar,15,122,78,22,237,0,358,66,0,424,15,480,144,22,661,559,0,559,1220
04/07/2022,DAB,FL,ASO,ES,Combined TRACON& Tower with Radar,21,94,46,6,167,0,67,27,1,95,21,161,73,7,262,121,0,121,383
04/08/2022,DAB,FL,ASO,ES,Combined TRACON& Tower with Radar,17,94,47,18,176,0,406,77,4,487,17,500,124,22,663,439,2,441,1104
04/09/2022,DAB,FL,ASO,ES,Combined TRACON& Tower with Radar,20,38,30,13,101,0,211,60,6,277,20,249,90,19,378,249,0,249,627
04/10/2022,DAB,FL,ASO,ES,Combined TRACON& Tower with Radar,19,139,67,8,233,0,444,96,2,542,19,583,163,10,775,284,0,284,1059
04/11/2022,DAB,FL,ASO,ES,Combined TRACON& Tower with Radar,17,146,51,0,214,0,581,82,3,666,17,727,133,3,880,293,0,293,1173
04/12/2022,DAB,FL,ASO,ES,Combined TRACON& Tower with Radar,17,151,48,0,216,0,583,83,6,672,17,734,131,6,888,252,0,252,1140
04/13/2022,DAB,FL,ASO,ES,Combined TRACON& Tower with Radar,16,115,48,1,180,0,527,88,1,616,16,642,136,2,796,66,0,66,862
04/14/2022,DAB,FL,ASO,ES,Combined TRACON& Tower with Radar,18,97,48,4,167,0,452,84,1,537,18,549,132,5,704,247,0,247,951
04/15/2022,DAB,FL,ASO,ES,Combined TRACON& Tower with Radar,19,124,70,2,215,0,257,62,1,320,19,381,132,3,535,522,0,522,1057
04/16/2022,DAB,FL,ASO,ES,Combined TRACON& Tower with Radar,23,157,36,0,216,0,282,89,0,371,23,439,125,0,587,435,0,435,1022
04/17/2022,DAB,FL,ASO,ES,Combined TRACON& Tower with Radar,19,50,27,2,98,0,130,58,0,188,19,180,85,2,286,329,0,329,615
04/18/2022,DAB,FL,ASO,ES,Combined TRACON& Tower with Radar,19,164,61,0,244,0,321,50,0,371,19,485,111,0,615,404,0,404,1019
04/19/2022,DAB,FL,ASO,ES,Combined TRACON& Tower with Radar,16,125,45,0,186,0,404,85,1,490,16,529,130,1,676,100,0,100,776
04/20/2022,DAB,FL,ASO,ES,Combined TRACON& Tower with Radar,16,130,43,3,192,0,400,90,3,493,16,530,133,6,685,533,0,533,1218
04/21/2022,DAB,FL,ASO,ES,Combined TRACON& Tower with Radar,17,135,55,2,209,0,373,80,0,453,17,508,135,2,662,500,0,500,1162
04/22/2022,DAB,FL,ASO,ES,Combined TRACON& Tower with Radar,19,112,61,0,192,0,344,70,2,416,19,456,131,2,608,542,0,542,1150
04/23/2022,DAB,FL,ASO,ES,Combined TRACON& Tower with Radar,20,98,60,0,178,0,275,98,0,373,20,373,158,0,551,497,0,497,1048
04/24/2022,DAB,FL,ASO,ES,Combined TRACON& Tower with Radar,18,110,30,0,158,0,253,84,0,337,18,363,114,0,495,486,0,486,981
04/25/2022,DAB,FL,ASO,ES,Combined TRACON& Tower with Radar,18,121,34,0,173,0,490,90,0,580,18,611,124,0,753,429,0,429,1182
04/26/2022,DAB,FL,ASO,ES,Combined TRACON& Tower with Radar,16,118,49,2,185,0,572,111,0,683,16,690,160,2,868,580,0,580,1448
04/27/2022,DAB,FL,ASO,ES,Combined TRACON& Tower with Radar,16,143,85,0,244,0,333,92,1,426,16,476,177,1,670,457,0,457,1127
04/28/2022,DAB,FL,ASO,ES,Combined TRACON& Tower with Radar,18,117,47,0,182,0,271,70,0,341,18,388,117,0,523,499,0,499,1022
04/29/2022,DAB,FL,ASO,ES,Combined TRACON& Tower with Radar,17,121,43,1,182,0,348,55,2,405,17,469,98,3,587,502,0,502,1089
04/30/2022,DAB,FL,ASO,ES,Combined TRACON& Tower with Radar,21,82,40,0,143,0,236,85,0,321,21,318,125,0,464,430,0,430,894
05/01/2022,DAB,FL,ASO,ES,Combined TRACON& Tower with Radar,18,49,53,0,120,0,156,64,0,220,18,205,117,0,340,328,0,328,668
05/02/2022,DAB,FL,ASO,ES,Combined TRACON& Tower with Radar,18,127,49,0,194,0,431,93,0,524,18,558,142,0,718,396,0,396,1114
05/03/2022,DAB,FL,ASO,ES,Combined TRACON& Tower with Radar,16,148,53,9,226,0,334,64,0,398,16,482,117,9,624,594,0,594,1218
05/04/2022,DAB,FL,ASO,ES,Combined TRACON& Tower with Radar,16,129,54,4,203,0,416,84,4,504,16,545,138,8,707,520,0,520,1227
05/05/2022,DAB,FL,ASO,ES,Combined TRACON& Tower with Radar,15,104,44,1,164,0,479,74,1,554,15,583,118,2,718,557,0,557,1275
05/06/2022,DAB,FL,ASO,ES,Combined TRACON& Tower with Radar,17,89,39,4,149,0,334,75,4,413,17,423,114,8,562,455,0,455,1017
05/07/2022,DAB,FL,ASO,ES,Combined TRACON& Tower with Radar,18,45,11,0,74,0,31,31,1,63,18,76,42,1,137,117,0,117,254
05/08/2022,DAB,FL,ASO,ES,Combined TRACON& Tower with Radar,15,69,40,2,126,0,176,66,2,244,15,245,106,4,370,307,0,307,677
05/09/2022,DAB,FL,ASO,ES,Combined TRACON& Tower with Radar,17,94,47,0,158,0,192,48,0,240,17,286,95,0,398,528,0,528,926
05/10/2022,DAB,FL,ASO,ES,Combined TRACON& Tower with Radar,16,62,56,5,139,0,218,59,3,280,16,280,115,8,419,207,0,207,626
05/11/2022,DAB,FL,ASO,ES,Combined TRACON& Tower with Radar,14,48,26,0,88,0,186,41,4,231,14,234,67,4,319,14,0,14,333
05/12/2022,DAB,FL,ASO,ES,Combined TRACON& Tower with Radar,16,103,19,0,138,0,210,42,2,254,16,313,61,2,392,34,0,34,426
05/13/2022,DAB,FL,ASO,ES,Combined TRACON& Tower with Radar,15,88,52,2,157,0,326,70,0,396,15,414,122,2,553,649,0,649,1202
05/14/2022,DAB,FL,ASO,ES,Combined TRACON& Tower with Radar,15,71,19,1,106,0,281,87,1,369,15,352,106,2,475,396,0,396,871
05/15/2022,DAB,FL,ASO,ES,Combined TRACON& Tower with Radar,15,47,29,3,94,0,91,74,0,165,15,138,103,3,259,290,0,290,549
05/16/2022,DAB,FL,ASO,ES,Combined TRACON& Tower with Radar,15,79,48,4,146,0,368,78,0,446,15,447,126,4,592,589,0,589,1181
05/17/2022,DAB,FL,ASO,ES,Combined TRACON& Tower with Radar,13,76,37,1,127,0,387,53,1,441,13,463,90,2,568,652,0,652,1220
05/18/2022,DAB,FL,ASO,ES,Combined TRACON& Tower with Radar,14,142,57,0,213,0,317,53,0,370,14,459,110,0,583,403,0,403,986
05/19/2022,DAB,FL,ASO,ES,Combined TRACON& Tower with Radar,17,104,61,4,186,0,465,93,1,559,17,569,154,5,745,357,0,357,1102
05/20/2022,DAB,FL,ASO,ES,Combined TRACON& Tower with Radar,17,45,52,0,114,0,242,54,0,296,17,287,106,0,410,486,0,486,896
05/21/2022,DAB,FL,ASO,ES,Combined TRACON& Tower with Radar,15,33,29,0,77,0,71,34,0,105,15,104,63,0,182,182,0,182,364
05/22/2022,DAB,FL,ASO,ES,Combined TRACON& Tower with Radar,17,65,58,0,140,0,49,25,0,74,17,114,83,0,214,33,0,33,247
05/23/2022,DAB,FL,ASO,ES,Combined TRACON& Tower with Radar,15,155,44,4,218,0,359,64,0,423,15,514,108,4,641,6,0,6,647
05/24/2022,DAB,FL,ASO,ES,Combined TRACON& Tower with Radar,15,145,28,7,195,0,359,65,1,425,15,504,93,8,620,198,6,204,824
05/25/2022,DAB,FL,ASO,ES,Combined TRACON& Tower with Radar,14,93,58,0,165,0,303,73,0,376,14,396,131,0,541,0,0,0,541
05/26/2022,DAB,FL,ASO,ES,Combined TRACON& Tower with Radar,15,83,46,1,145,0,479,98,0,577,15,562,144,1,722,120,0,120,842
05/27/2022,DAB,FL,ASO,ES,Combined TRACON& Tower with Radar,17,46,27,1,91,0,237,65,1,303,17,283,92,2,394,117,0,117,511
05/28/2022,DAB,FL,ASO,ES,Combined TRACON& Tower with Radar,20,61,42,0,123,0,165,73,10,248,20,226,115,10,371,263,0,263,634
05/29/2022,DAB,FL,ASO,ES,Combined TRACON& Tower with Radar,22,30,37,1,90,0,141,48,3,192,22,171,85,4,282,404,0,404,686
05/30/2022,DAB,FL,ASO,ES,Combined TRACON& Tower with Radar,14,57,37,1,109,0,265,67,0,332,14,322,104,1,441,578,0,578,1019
05/31/2022,DAB,FL,ASO,ES,Combined TRACON& Tower with Radar,16,99,43,0,158,0,299,49,0,348,16,398,92,0,506,614,0,614,1120
06/01/2022,DAB,FL,ASO,ES,Combined TRACON& Tower with Radar,14,115,38,1,168,0,365,80,0,445,14,480,118,1,613,709,0,709,1322
06/02/2022,DAB,FL,ASO,ES,Combined TRACON& Tower with Radar,15,103,42,4,164,0,474,96,1,571,15,577,138,5,735,375,0,375,1110
06/03/2022,DAB,FL,ASO,ES,Combined TRACON& Tower with Radar,17,71,30,0,118,0,378,74,0,452,17,449,104,0,570,363,0,363,933
06/04/2022,DAB,FL,ASO,ES,Combined TRACON& Tower with Radar,19,54,17,1,91,0,13,4,0,17,19,67,21,1,108,0,0,0,108
06/05/2022,DAB,FL,ASO,ES,Combined TRACON& Tower with Radar,15,49,39,0,103,0,83,39,0,122,15,132,78,0,225,376,0,376,601
06/06/2022,DAB,FL,ASO,ES,Combined TRACON& Tower with Radar,16,128,37,3,184,0,173,45,1,219,16,301,82,4,403,250,0,250,653
06/07/2022,DAB,FL,ASO,ES,Combined TRACON& Tower with Radar,19,112,52,2,185,0,509,92,3,604,19,621,144,5,789,353,0,353,1142
06/08/2022,DAB,FL,ASO,ES,Combined TRACON& Tower with Radar,18,77,54,0,149,0,437,67,0,504,18,514,121,0,653,523,0,523,1176
06/09/2022,DAB,FL,ASO,ES,Combined TRACON& Tower with Radar,25,74,79,0,178,0,371,80,0,451,25,445,159,0,629,498,0,498,1127
06/10/2022,DAB,FL,ASO,ES,Combined TRACON& Tower with Radar,16,51,34,4,105,0,193,36,0,229,16,244,70,4,334,271,0,271,605
06/11/2022,DAB,FL,ASO,ES,Combined TRACON& Tower with Radar,21,48,24,1,94,0,128,41,1,170,21,176,65,2,264,439,0,439,703
06/12/2022,DAB,FL,ASO,ES,Combined TRACON& Tower with Radar,22,74,62,3,161,0,139,51,3,193,22,213,113,6,354,389,0,389,743
06/13/2022,DAB,FL,ASO,ES,Combined TRACON& Tower with Radar,16,107,26,4,153,0,454,71,0,525,16,561,97,4,678,404,0,404,1082
06/14/2022,DAB,FL,ASO,ES,Combined TRACON& Tower with Radar,15,83,43,0,141,0,517,71,0,588,15,600,114,0,729,515,0,515,1244
06/15/2022,DAB,FL,ASO,ES,Combined TRACON& Tower with Radar,20,88,37,0,145,0,504,68,0,572,20,592,105,0,717,418,0,418,1135
06/16/2022,DAB,FL,ASO,ES,Combined TRACON& Tower with Radar,15,91,56,0,162,0,404,62,0,466,15,495,118,0,628,553,0,553,1181
06/17/2022,DAB,FL,ASO,ES,Combined TRACON& Tower with Radar,15,73,45,0,133,0,386,68,0,454,15,459,113,0,587,407,0,407,994
06/18/2022,DAB,FL,ASO,ES,Combined TRACON& Tower with Radar,19,50,18,2,89,0,176,39,0,215,19,226,57,2,304,258,0,258,562
06/19/2022,DAB,FL,ASO,ES,Combined TRACON& Tower with Radar,15,45,32,0,92,0,109,40,4,153,15,154,72,4,245,406,0,406,651
06/20/2022,DAB,FL,ASO,ES,Combined TRACON& Tower with Radar,17,104,48,2,171,0,224,40,0,264,17,328,88,2,435,608,0,608,1043
06/21/2022,DAB,FL,ASO,ES,Combined TRACON& Tower with Radar,18,88,39,0,145,0,400,74,0,474,18,488,113,0,619,717,0,717,1336
06/22/2022,DAB,FL,ASO,ES,Combined TRACON& Tower with Radar,16,85,27,0,128,0,443,81,0,524,16,528,108,0,652,545,0,545,1197
06/23/2022,DAB,FL,ASO,ES,Combined TRACON& Tower with Radar,14,59,46,2,121,0,312,85,1,398,14,371,131,3,519,423,0,423,942
06/24/2022,DAB,FL,ASO,ES,Combined TRACON& Tower with Radar,16,59,29,0,104,0,145,39,0,184,16,204,68,0,288,344,0,344,632
06/25/2022,DAB,FL,ASO,ES,Combined TRACON& Tower with Radar,15,92,33,0,140,0,84,33,0,117,15,176,66,0,257,329,0,329,586
06/26/2022,DAB,FL,ASO,ES,Combined TRACON& Tower with Radar,14,49,45,0,108,0,141,84,0,225,14,190,129,0,333,293,0,293,626
06/27/2022,DAB,FL,ASO,ES,Combined TRACON& Tower with Radar,11,102,33,0,146,0,186,33,1,220,11,288,66,1,366,335,0,335,701
06/28/2022,DAB,FL,ASO,ES,Combined TRACON& Tower with Radar,18,126,36,0,180,0,342,75,0,417,18,468,111,0,597,211,0,211,808
06/29/2022,DAB,FL,ASO,ES,Combined TRACON& Tower with Radar,18,105,37,0,160,0,377,49,0,426,18,482,86,0,586,616,0,616,1202
06/30/2022,DAB,FL,ASO,ES,Combined TRACON& Tower with Radar,15,77,48,0,140,0,164,36,0,200,15,241,84,0,340,393,0,393,733
07/01/2022,DAB,FL,ASO,ES,Combined TRACON& Tower with Radar,15,41,30,0,86,0,227,53,1,281,15,268,83,1,367,308,0,308,675
07/02/2022,DAB,FL,ASO,ES,Combined TRACON& Tower with Radar,18,30,26,0,74,0,146,39,0,185,18,176,65,0,259,17,0,17,276
07/03/2022,DAB,FL,ASO,ES,Combined TRACON& Tower with Radar,16,15,23,0,54,0,94,36,0,130,16,109,59,0,184,103,0,103,287
07/04/2022,DAB,FL,ASO,ES,Combined TRACON& Tower with Radar,16,30,21,0,67,0,85,46,3,134,16,115,67,3,201,227,0,227,428
07/05/2022,DAB,FL,ASO,ES,Combined TRACON& Tower with Radar,18,123,33,2,176,0,390,50,0,440,18,513,83,2,616,476,0,476,1092
07/06/2022,DAB,FL,ASO,ES,Combined TRACON& Tower with Radar,16,116,18,0,150,0,334,73,2,409,16,450,91,2,559,390,0,390,949
07/07/2022,DAB,FL,ASO,ES,Combined TRACON& Tower with Radar,18,80,27,4,129,0,361,72,0,433,18,441,99,4,562,396,0,396,958
07/08/2022,DAB,FL,ASO,ES,Combined TRACON& Tower with Radar,18,90,34,0,142,0,384,77,2,463,18,474,111,2,605,265,0,265,870
07/09/2022,DAB,FL,ASO,ES,Combined TRACON& Tower with Radar,19,43,25,0,87,0,178,61,0,239,19,221,86,0,326,186,0,186,512
07/10/2022,DAB,FL,ASO,ES,Combined TRACON& Tower with Radar,17,31,19,2,69,0,99,49,0,148,17,130,68,2,217,168,0,168,385
07/11/2022,DAB,FL,ASO,ES,Combined TRACON& Tower with Radar,21,43,25,0,89,0,298,57,0,355,21,341,82,0,444,124,0,124,568
07/12/2022,DAB,FL,ASO,ES,Combined TRACON& Tower with Radar,17,93,53,0,163,0,398,84,0,482,17,491,137,0,645,332,0,332,977
07/13/2022,DAB,FL,ASO,ES,Combined TRACON& Tower with Radar,14,67,26,2,109,0,307,57,0,364,14,374,83,2,473,357,0,357,830
07/14/2022,DAB,FL,ASO,ES,Combined TRACON& Tower with Radar,14,90,46,0,150,0,351,54,4,409,14,441,100,4,559,427,0,427,986
07/15/2022,DAB,FL,ASO,ES,Combined TRACON& Tower with Radar,16,107,41,2,166,0,421,79,0,500,16,528,120,2,666,337,0,337,1003
07/16/2022,DAB,FL,ASO,ES,Combined TRACON& Tower with Radar,23,56,33,0,112,0,94,31,0,125,23,150,64,0,237,215,0,215,452
07/17/2022,DAB,FL,ASO,ES,Combined TRACON& Tower with Radar,18,37,26,0,81,0,78,35,0,113,18,115,61,0,194,113,0,113,307
07/18/2022,DAB,FL,ASO,ES,Combined TRACON& Tower with Radar,15,70,45,0,130,0,322,60,0,382,15,392,105,0,512,404,0,404,916
07/19/2022,DAB,FL,ASO,ES,Combined TRACON& Tower with Radar,16,73,34,0,123,0,311,67,0,378,16,384,101,0,501,226,0,226,727
07/20/2022,DAB,FL,ASO,ES,Combined TRACON& Tower with Radar,14,74,33,0,121,0,307,42,0,349,14,381,75,0,470,295,0,295,765
07/21/2022,DAB,FL,ASO,ES,Combined TRACON& Tower with Radar,14,89,57,0,160,0,424,89,0,513,14,513,146,0,673,437,0,437,1110
07/22/2022,DAB,FL,ASO,ES,Combined TRACON& Tower with Radar,16,77,30,5,128,0,409,60,3,472,16,486,90,8,600,162,2,164,764
07/23/2022,DAB,FL,ASO,ES,Combined TRACON& Tower with Radar,19,49,31,0,99,0,201,70,0,271,19,250,101,0,370,58,0,58,428
07/24/2022,DAB,FL,ASO,ES,Combined TRACON& Tower with Radar,17,42,29,0,88,0,161,53,0,214,17,203,82,0,302,230,0,230,532
07/25/2022,DAB,FL,ASO,ES,Combined TRACON& Tower with Radar,12,78,25,0,115,0,398,60,0,458,12,476,85,0,573,468,0,468,1041
07/26/2022,DAB,FL,ASO,ES,Combined TRACON& Tower with Radar,19,64,37,0,120,0,237,42,0,279,19,301,79,0,399,314,0,314,713
07/27/2022,DAB,FL,ASO,ES,Combined TRACON& Tower with Radar,16,127,41,2,186,0,362,83,0,445,16,489,124,2,631,215,0,215,846
07/28/2022,DAB,FL,ASO,ES,Combined TRACON& Tower with Radar,15,105,30,0,150,0,486,97,0,583,15,591,127,0,733,328,0,328,1061
07/29/2022,DAB,FL,ASO,ES,Combined TRACON& Tower with Radar,15,95,36,2,148,0,448,70,1,519,15,543,106,3,667,508,0,508,1175
07/30/2022,DAB,FL,ASO,ES,Combined TRACON& Tower with Radar,16,53,33,0,102,0,252,69,0,321,16,305,102,0,423,194,0,194,617
07/31/2022,DAB,FL,ASO,ES,Combined TRACON& Tower with Radar,14,42,33,0,89,0,161,48,1,210,14,203,81,1,299,93,0,93,392
08/01/2022,DAB,FL,ASO,ES,Combined TRACON& Tower with Radar,17,55,28,0,100,0,369,71,0,440,17,424,99,0,540,211,0,211,751
08/02/2022,DAB,FL,ASO,ES,Combined TRACON& Tower with Radar,14,57,35,0,106,0,339,43,0,382,14,396,78,0,488,355,0,355,843
08/03/2022,DAB,FL,ASO,ES,Combined TRACON& Tower with Radar,14,74,36,6,130,0,415,90,6,511,14,489,126,12,641,381,0,381,1022
08/04/2022,DAB,FL,ASO,ES,Combined TRACON& Tower with Radar,11,98,54,0,163,0,351,83,0,434,11,449,137,0,597,383,0,383,980
08/05/2022,DAB,FL,ASO,ES,Combined TRACON& Tower with Radar,14,94,37,5,150,0,274,34,9,317,14,368,71,14,467,413,0,413,880
08/06/2022,DAB,FL,ASO,ES,Combined TRACON& Tower with Radar,11,62,38,0,111,0,164,54,1,219,11,226,92,1,330,413,0,413,743
08/07/2022,DAB,FL,ASO,ES,Combined TRACON& Tower with Radar,13,36,31,1,81,0,76,63,0,139,13,112,94,1,220,303,0,303,523
08/08/2022,DAB,FL,ASO,ES,Combined TRACON& Tower with Radar,14,85,30,0,129,0,211,49,0,260,14,296,79,0,389,592,0,592,981
08/09/2022,DAB,FL,ASO,ES,Combined TRACON& Tower with Radar,12,84,40,0,136,0,275,76,0,351,12,359,116,0,487,345,0,345,832
08/10/2022,DAB,FL,ASO,ES,Combined TRACON& Tower with Radar,12,102,34,0,148,0,343,89,0,432,12,445,123,0,580,192,0,192,772
08/11/2022,DAB,FL,ASO,ES,Combined TRACON& Tower with Radar,13,85,30,0,128,0,221,40,0,261,13,306,70,0,389,254,0,254,643
08/12/2022,DAB,FL,ASO,ES,Combined TRACON& Tower with Radar,13,71,33,3,120,0,232,60,3,295,13,303,93,6,415,296,0,296,711
08/13/2022,DAB,FL,ASO,ES,Combined TRACON& Tower with Radar,14,42,24,2,82,0,170,47,3,220,14,212,71,5,302,404,0,404,706
08/14/2022,DAB,FL,ASO,ES,Combined TRACON& Tower with Radar,15,53,43,1,112,0,105,49,0,154,15,158,92,1,266,224,0,224,490
08/15/2022,DAB,FL,ASO,ES,Combined TRACON& Tower with Radar,14,89,40,2,145,0,365,74,0,439,14,454,114,2,584,377,0,377,961
08/16/2022,DAB,FL,ASO,ES,Combined TRACON& Tower with Radar,12,79,59,2,152,0,352,80,2,434,12,431,139,4,586,543,0,543,1129
08/17/2022,DAB,FL,ASO,ES,Combined TRACON& Tower with Radar,13,66,42,2,123,0,183,40,0,223,13,249,82,2,346,338,0,338,684
08/18/2022,DAB,FL,ASO,ES,Combined TRACON& Tower with Radar,15,63,42,0,120,0,258,48,0,306,15,321,90,0,426,337,0,337,763
08/19/2022,DAB,FL,ASO,ES,Combined TRACON& Tower with Radar,13,71,50,1,135,0,299,45,0,344,13,370,95,1,479,423,0,423,902
08/20/2022,DAB,FL,ASO,ES,Combined TRACON& Tower with Radar,15,59,34,1,109,0,212,71,0,283,15,271,105,1,392,252,0,252,644
08/21/2022,DAB,FL,ASO,ES,Combined TRACON& Tower with Radar,11,35,38,0,84,0,64,56,0,120,11,99,94,0,204,212,0,212,416
08/22/2022,DAB,FL,ASO,ES,Combined TRACON& Tower with Radar,14,63,29,0,106,0,259,78,2,339,14,322,107,2,445,315,0,315,760
08/23/2022,DAB,FL,ASO,ES,Combined TRACON& Tower with Radar,13,18,20,0,51,0,132,46,1,179,13,150,66,1,230,234,0,234,464
08/24/2022,DAB,FL,ASO,ES,Combined TRACON& Tower with Radar,16,124,51,2,193,0,228,65,0,293,16,352,116,2,486,566,0,566,1052
08/25/2022,DAB,FL,ASO,ES,Combined TRACON& Tower with Radar,16,84,59,2,161,0,245,64,0,309,16,329,123,2,470,308,0,308,778
08/26/2022,DAB,FL,ASO,ES,Combined TRACON& Tower with Radar,14,49,65,4,132,0,98,31,1,130,14,147,96,5,262,230,0,230,492
08/27/2022,DAB,FL,ASO,ES,Combined TRACON& Tower with Radar,14,55,70,0,139,0,134,51,0,185,14,189,121,0,324,196,0,196,520
08/28/2022,DAB,FL,ASO,ES,Combined TRACON& Tower with Radar,13,48,69,1,131,0,53,51,0,104,13,101,120,1,235,69,0,69,304
08/29/2022,DAB,FL,ASO,ES,Combined TRACON& Tower with Radar,14,56,41,0,111,0,169,42,2,213,14,225,83,2,324,410,0,410,734
08/30/2022,DAB,FL,ASO,ES,Combined TRACON& Tower with Radar,15,55,28,0,98,0,279,61,2,342,15,334,89,2,440,329,0,329,769
08/31/2022,DAB,FL,ASO,ES,Combined TRACON& Tower with Radar,14,58,36,2,110,0,275,80,2,357,14,333,116,4,467,394,0,394,861
09/01/2022,DAB,FL,ASO,ES,Combined TRACON& Tower with Radar,12,67,44,0,123,0,328,71,2,401,12,395,115,2,524,482,0,482,1006
09/02/2022,DAB,FL,ASO,ES,Combined TRACON& Tower with Radar,11,68,45,0,124,0,204,45,0,249,11,272,90,0,373,442,0,442,815
09/03/2022,DAB,FL,ASO,ES,Combined TRACON& Tower with Radar,13,76,28,0,117,0,199,63,1,263,13,275,91,1,380,434,0,434,814
09/04/2022,DAB,FL,ASO,ES,Combined TRACON& Tower with Radar,9,61,31,0,101,0,195,68,0,263,9,256,99,0,364,474,0,474,838
09/05/2022,DAB,FL,ASO,ES,Combined TRACON& Tower with Radar,13,41,43,0,97,0,148,80,0,228,13,189,123,0,325,463,0,463,788
09/06/2022,DAB,FL,ASO,ES,Combined TRACON& Tower with Radar,12,92,35,1,140,0,358,83,0,441,12,450,118,1,581,591,0,591,1172
09/07/2022,DAB,FL,ASO,ES,Combined TRACON& Tower with Radar,12,64,45,0,121,0,368,91,0,459,12,432,136,0,580,602,0,602,1182
09/08/2022,DAB,FL,ASO,ES,Combined TRACON& Tower with Radar,14,58,45,0,117,0,277,47,2,326,14,335,92,2,443,306,0,306,749
09/09/2022,DAB,FL,ASO,ES,Combined TRACON& Tower with Radar,14,87,43,0,144,0,209,48,0,257,14,296,91,0,401,325,0,325,726
09/10/2022,DAB,FL,ASO,ES,Combined TRACON& Tower with Radar,14,49,36,0,99,0,257,72,0,329,14,306,108,0,428,249,0,249,677
09/11/2022,DAB,FL,ASO,ES,Combined TRACON& Tower with Radar,15,52,24,0,91,0,155,69,0,224,15,207,93,0,315,406,0,406,721
09/12/2022,DAB,FL,ASO,ES,Combined TRACON& Tower with Radar,15,52,21,0,88,0,309,58,0,367,15,361,79,0,455,486,0,486,941
09/13/2022,DAB,FL,ASO,ES,Combined TRACON& Tower with Radar,12,89,40,0,141,0,359,51,0,410,12,448,91,0,551,415,0,415,966
09/14/2022,DAB,FL,ASO,ES,Combined TRACON& Tower with Radar,16,71,45,0,132,0,211,60,4,275,16,282,105,4,407,546,0,546,953
09/15/2022,DAB,FL,ASO,ES,Combined TRACON& Tower with Radar,13,93,34,1,141,0,285,67,1,353,13,378,101,2,494,558,0,558,1052
09/16/2022,DAB,FL,ASO,ES,Combined TRACON& Tower with Radar,15,74,37,3,129,0,225,55,1,281,15,299,92,4,410,405,0,405,815
09/17/2022,DAB,FL,ASO,ES,Combined TRACON& Tower with Radar,12,90,21,0,123,0,97,40,0,137,12,187,61,0,260,293,0,293,553
09/18/2022,DAB,FL,ASO,ES,Combined TRACON& Tower with Radar,14,61,49,0,124,0,94,38,0,132,14,155,87,0,256,352,0,352,608
09/19/2022,DAB,FL,ASO,ES,Combined TRACON& Tower with Radar,15,101,42,2,160,0,275,48,0,323,15,376,90,2,483,634,0,634,1117
09/20/2022,DAB,FL,ASO,ES,Combined TRACON& Tower with Radar,15,129,53,2,199,0,354,105,2,461,15,483,158,4,660,399,0,399,1059
09/21/2022,DAB,FL,ASO,ES,Combined TRACON& Tower with Radar,12,139,45,0,196,0,204,44,2,250,12,343,89,2,446,283,0,283,729
09/22/2022,DAB,FL,ASO,ES,Combined TRACON& Tower with Radar,14,131,50,2,197,0,526,133,1,660,14,657,183,3,857,519,0,519,1376
09/23/2022,DAB,FL,ASO,ES,Combined TRACON& Tower with Radar,14,168,50,7,239,0,215,53,0,268,14,383,103,7,507,382,0,382,889
09/24/2022,DAB,FL,ASO,ES,Combined TRACON& Tower with Radar,12,74,38,2,126,0,305,112,0,417,12,379,150,2,543,392,0,392,935
09/25/2022,DAB,FL,ASO,ES,Combined TRACON& Tower with Radar,14,54,61,0,129,0,215,76,2,293,14,269,137,2,422,516,0,516,938
09/26/2022,DAB,FL,ASO,ES,Combined TRACON& Tower with Radar,13,88,60,0,161,0,495,97,0,592,13,583,157,0,753,504,0,504,1257
09/27/2022,DAB,FL,ASO,ES,Combined TRACON& Tower with Radar,12,41,30,2,85,0,135,19,0,154,12,176,49,2,239,132,0,132,371
09/28/2022,DAB,FL,ASO,ES,Combined TRACON& Tower with Radar,3,0,1,0,4,0,0,0,0,0,3,0,1,0,4,0,0,0,4
09/29/2022,DAB,FL,ASO,ES,Combined TRACON& Tower with Radar,0,0,0,0,0,0,0,0,0,0,0,0,0,0,0,0,0,0,0
09/30/2022,DAB,FL,ASO,ES,Combined TRACON& Tower with Radar,0,8,8,1,17,0,1,14,5,20,0,9,22,6,37,0,0,0,37
10/01/2022,DAB,FL,ASO,ES,Combined TRACON& Tower with Radar,10,11,25,0,46,0,32,28,0,60,10,43,53,0,106,27,0,27,133
10/02/2022,DAB,FL,ASO,ES,Combined TRACON& Tower with Radar,16,19,28,0,63,0,46,39,0,85,16,65,67,0,148,48,0,48,196
10/03/2022,DAB,FL,ASO,ES,Combined TRACON& Tower with Radar,16,81,23,0,120,0,371,49,1,421,16,452,72,1,541,22,0,22,563
10/04/2022,DAB,FL,ASO,ES,Combined TRACON& Tower with Radar,12,85,29,2,128,0,431,77,0,508,12,516,106,2,636,7,0,7,643
10/05/2022,DAB,FL,ASO,ES,Combined TRACON& Tower with Radar,14,93,39,0,146,0,595,156,0,751,14,688,195,0,897,405,0,405,1302
10/06/2022,DAB,FL,ASO,ES,Combined TRACON& Tower with Radar,12,116,50,0,178,0,562,162,2,726,12,678,212,2,904,581,0,581,1485
10/07/2022,DAB,FL,ASO,ES,Combined TRACON& Tower with Radar,12,76,60,2,150,0,544,151,0,695,12,620,211,2,845,676,0,676,1521
10/08/2022,DAB,FL,ASO,ES,Combined TRACON& Tower with Radar,13,64,57,1,135,0,359,141,0,500,13,423,198,1,635,500,0,500,1135
10/09/2022,DAB,FL,ASO,ES,Combined TRACON& Tower with Radar,13,45,62,0,120,0,177,98,0,275,13,222,160,0,395,539,0,539,934
10/10/2022,DAB,FL,ASO,ES,Combined TRACON& Tower with Radar,12,106,53,0,171,0,392,95,2,489,12,498,148,2,660,357,0,357,1017
10/11/2022,DAB,FL,ASO,ES,Combined TRACON& Tower with Radar,14,110,45,0,169,0,501,107,3,611,14,611,152,3,780,625,0,625,1405
10/12/2022,DAB,FL,ASO,ES,Combined TRACON& Tower with Radar,11,117,59,2,189,0,341,68,3,412,11,458,127,5,601,510,0,510,1111
10/13/2022,DAB,FL,ASO,ES,Combined TRACON& Tower with Radar,13,100,56,0,169,0,446,102,0,548,13,546,158,0,717,680,0,680,1397
10/14/2022,DAB,FL,ASO,ES,Combined TRACON& Tower with Radar,10,120,63,0,193,1,563,159,2,725,11,683,222,2,918,783,0,783,1701
10/15/2022,DAB,FL,ASO,ES,Combined TRACON& Tower with Radar,13,84,53,0,150,0,325,128,1,454,13,409,181,1,604,482,0,482,1086
10/16/2022,DAB,FL,ASO,ES,Combined TRACON& Tower with Radar,11,83,54,3,151,0,245,125,1,371,11,328,179,4,522,312,0,312,834
10/17/2022,DAB,FL,ASO,ES,Combined TRACON& Tower with Radar,13,54,41,5,113,0,389,104,2,495,13,443,145,7,608,577,0,577,1185
10/18/2022,DAB,FL,ASO,ES,Combined TRACON& Tower with Radar,12,120,53,2,187,0,403,117,0,520,12,523,170,2,707,432,0,432,1139
10/19/2022,DAB,FL,ASO,ES,Combined TRACON& Tower with Radar,12,62,41,0,115,0,401,134,3,538,12,463,175,3,653,2,0,2,655
10/20/2022,DAB,FL,ASO,ES,Combined TRACON& Tower with Radar,12,121,55,2,190,0,530,133,0,663,12,651,188,2,853,374,0,374,1227
10/21/2022,DAB,FL,ASO,ES,Combined TRACON& Tower with Radar,11,68,44,1,124,0,444,152,3,599,11,512,196,4,723,2,0,2,725
10/22/2022,DAB,FL,ASO,ES,Combined TRACON& Tower with Radar,12,78,32,0,122,0,225,94,0,319,12,303,126,0,441,5,0,5,446
10/23/2022,DAB,FL,ASO,ES,Combined TRACON& Tower with Radar,11,60,44,0,115,0,197,83,0,280,11,257,127,0,395,64,0,64,459
10/24/2022,DAB,FL,ASO,ES,Combined TRACON& Tower with Radar,13,109,45,2,169,0,471,102,0,573,13,580,147,2,742,653,0,653,1395
10/25/2022,DAB,FL,ASO,ES,Combined TRACON& Tower with Radar,12,112,61,0,185,0,632,133,1,766,12,744,194,1,951,653,0,653,1604
10/26/2022,DAB,FL,ASO,ES,Combined TRACON& Tower with Radar,12,107,34,2,155,0,567,125,0,692,12,674,159,2,847,617,0,617,1464
10/27/2022,DAB,FL,ASO,ES,Combined TRACON& Tower with Radar,11,149,50,0,210,0,390,81,0,471,11,539,131,0,681,611,0,611,1292
10/28/2022,DAB,FL,ASO,ES,Combined TRACON& Tower with Radar,13,164,43,0,220,0,74,17,0,91,13,238,60,0,311,272,0,272,583
10/29/2022,DAB,FL,ASO,ES,Combined TRACON& Tower with Radar,12,123,36,0,171,0,140,66,0,206,12,263,102,0,377,169,0,169,546
10/30/2022,DAB,FL,ASO,ES,Combined TRACON& Tower with Radar,12,61,56,0,129,0,117,42,0,159,12,178,98,0,288,309,0,309,597
10/31/2022,DAB,FL,ASO,ES,Combined TRACON& Tower with Radar,12,149,46,2,209,0,496,80,0,576,12,645,126,2,785,550,0,550,1335
11/01/2022,DAB,FL,ASO,ES,Combined TRACON& Tower with Radar,12,162,63,0,237,0,415,79,0,494,12,577,142,0,731,296,0,296,1027
11/02/2022,DAB,FL,ASO,ES,Combined TRACON& Tower with Radar,12,158,57,0,227,0,490,99,2,591,12,648,156,2,818,530,0,530,1348
11/03/2022,DAB,FL,ASO,ES,Combined TRACON& Tower with Radar,12,124,37,2,175,0,311,85,1,397,12,435,122,3,572,323,0,323,895
11/04/2022,DAB,FL,ASO,ES,Combined TRACON& Tower with Radar,14,153,40,1,208,0,450,79,0,529,14,603,119,1,737,408,0,408,1145
11/05/2022,DAB,FL,ASO,ES,Combined TRACON& Tower with Radar,14,132,57,0,203,0,341,100,0,441,14,473,157,0,644,493,0,493,1137
11/06/2022,DAB,FL,ASO,ES,Combined TRACON& Tower with Radar,12,80,60,2,154,0,160,66,1,227,12,240,126,3,381,317,0,317,698
11/07/2022,DAB,FL,ASO,ES,Combined TRACON& Tower with Radar,12,122,62,4,200,0,342,57,1,400,12,464,119,5,600,474,0,474,1074
11/08/2022,DAB,FL,ASO,ES,Combined TRACON& Tower with Radar,14,51,12,0,77,0,28,23,0,51,14,79,35,0,128,74,0,74,202
11/09/2022,DAB,FL,ASO,ES,Combined TRACON& Tower with Radar,7,20,9,2,38,0,0,0,0,0,7,20,9,2,38,0,0,0,38
11/10/2022,DAB,FL,ASO,ES,Combined TRACON& Tower with Radar,0,0,2,0,2,0,0,0,0,0,0,0,2,0,2,0,0,0,2
11/11/2022,DAB,FL,ASO,ES,Combined TRACON& Tower with Radar,12,69,30,2,113,0,53,18,2,73,12,122,48,4,186,50,0,50,236
11/12/2022,DAB,FL,ASO,ES,Combined TRACON& Tower with Radar,15,98,44,0,157,0,197,78,0,275,15,295,122,0,432,523,0,523,955
11/13/2022,DAB,FL,ASO,ES,Combined TRACON& Tower with Radar,14,140,45,1,200,0,60,26,1,87,14,200,71,2,287,301,0,301,588
11/14/2022,DAB,FL,ASO,ES,Combined TRACON& Tower with Radar,13,125,57,0,195,0,441,115,3,559,13,566,172,3,754,543,0,543,1297
11/15/2022,DAB,FL,ASO,ES,Combined TRACON& Tower with Radar,15,145,35,2,197,0,627,99,0,726,15,772,134,2,923,427,0,427,1350
11/16/2022,DAB,FL,ASO,ES,Combined TRACON& Tower with Radar,16,139,36,0,191,0,39,10,0,49,16,178,46,0,240,62,0,62,302
11/17/2022,DAB,FL,ASO,ES,Combined TRACON& Tower with Radar,13,104,48,0,165,0,586,146,0,732,13,690,194,0,897,0,0,0,897
11/18/2022,DAB,FL,ASO,ES,Combined TRACON& Tower with Radar,14,47,39,2,102,0,649,148,2,799,14,696,187,4,901,0,0,0,901
11/19/2022,DAB,FL,ASO,ES,Combined TRACON& Tower with Radar,17,130,46,2,195,0,253,98,0,351,17,383,144,2,546,0,0,0,546
11/20/2022,DAB,FL,ASO,ES,Combined TRACON& Tower with Radar,16,89,30,0,135,0,102,20,0,122,16,191,50,0,257,18,0,18,275
11/21/2022,DAB,FL,ASO,ES,Combined TRACON& Tower with Radar,12,143,41,0,196,0,325,65,1,391,12,468,106,1,587,443,0,443,1030
11/22/2022,DAB,FL,ASO,ES,Combined TRACON& Tower with Radar,15,114,56,3,188,0,0,8,0,8,15,114,64,3,196,0,0,0,196
11/23/2022,DAB,FL,ASO,ES,Combined TRACON& Tower with Radar,17,71,50,0,138,0,0,0,0,0,17,71,50,0,138,0,0,0,138
11/24/2022,DAB,FL,ASO,ES,Combined TRACON& Tower with Radar,8,4,13,0,25,0,4,12,0,16,8,8,25,0,41,0,0,0,41
11/25/2022,DAB,FL,ASO,ES,Combined TRACON& Tower with Radar,14,152,56,0,222,0,77,22,0,99,14,229,78,0,321,364,0,364,685
11/26/2022,DAB,FL,ASO,ES,Combined TRACON& Tower with Radar,18,154,51,0,223,0,89,24,0,113,18,243,75,0,336,367,0,367,703
11/27/2022,DAB,FL,ASO,ES,Combined TRACON& Tower with Radar,14,117,56,0,187,0,109,19,0,128,14,226,75,0,315,385,0,385,700
11/28/2022,DAB,FL,ASO,ES,Combined TRACON& Tower with Radar,14,128,48,8,198,0,615,110,0,725,14,743,158,8,923,561,0,561,1484
11/29/2022,DAB,FL,ASO,ES,Combined TRACON& Tower with Radar,12,128,30,3,173,0,641,115,3,759,12,769,145,6,932,530,0,530,1462
11/30/2022,DAB,FL,ASO,ES,Combined TRACON& Tower with Radar,12,143,32,0,187,0,544,108,0,652,12,687,140,0,839,340,0,340,1179
12/01/2022,DAB,FL,ASO,ES,Combined TRACON& Tower with Radar,14,153,53,0,220,0,506,103,2,611,14,659,156,2,831,288,0,288,1119
12/02/2022,DAB,FL,ASO,ES,Combined TRACON& Tower with Radar,14,173,63,1,251,0,621,113,0,734,14,794,176,1,985,525,0,525,1510
12/03/2022,DAB,FL,ASO,ES,Combined TRACON& Tower with Radar,14,98,44,0,156,0,428,116,0,544,14,526,160,0,700,617,0,617,1317
12/04/2022,DAB,FL,ASO,ES,Combined TRACON& Tower with Radar,14,94,59,0,167,0,288,110,0,398,14,382,169,0,565,619,0,619,1184
12/05/2022,DAB,FL,ASO,ES,Combined TRACON& Tower with Radar,14,125,43,1,183,0,429,84,2,515,14,554,127,3,698,616,0,616,1314
12/06/2022,DAB,FL,ASO,ES,Combined TRACON& Tower with Radar,12,132,49,2,195,0,591,129,0,720,12,723,178,2,915,569,0,569,1484
12/07/2022,DAB,FL,ASO,ES,Combined TRACON& Tower with Radar,12,131,66,0,209,0,549,110,0,659,12,680,176,0,868,694,0,694,1562
12/08/2022,DAB,FL,ASO,ES,Combined TRACON& Tower with Radar,14,145,42,0,201,0,518,110,0,628,14,663,152,0,829,584,0,584,1413
12/09/2022,DAB,FL,ASO,ES,Combined TRACON& Tower with Radar,13,116,46,0,175,0,483,133,1,617,13,599,179,1,792,591,0,591,1383
12/10/2022,DAB,FL,ASO,ES,Combined TRACON& Tower with Radar,15,145,43,0,203,0,59,21,0,80,15,204,64,0,283,130,0,130,413
12/11/2022,DAB,FL,ASO,ES,Combined TRACON& Tower with Radar,12,183,60,0,255,0,0,1,0,1,12,183,61,0,256,8,0,8,264
12/12/2022,DAB,FL,ASO,ES,Combined TRACON& Tower with Radar,15,126,71,4,216,0,308,69,0,377,15,434,140,4,593,553,0,553,1146
12/13/2022,DAB,FL,ASO,ES,Combined TRACON& Tower with Radar,13,193,51,2,259,0,149,39,3,191,13,342,90,5,450,420,0,420,870
12/14/2022,DAB,FL,ASO,ES,Combined TRACON& Tower with Radar,14,135,56,0,205,0,353,94,0,447,14,488,150,0,652,77,0,77,729
12/15/2022,DAB,FL,ASO,ES,Combined TRACON& Tower with Radar,14,84,39,1,138,0,29,9,0,38,14,113,48,1,176,44,0,44,220
12/16/2022,DAB,FL,ASO,ES,Combined TRACON& Tower with Radar,17,102,57,0,176,0,474,113,0,587,17,576,170,0,763,187,0,187,950
12/17/2022,DAB,FL,ASO,ES,Combined TRACON& Tower with Radar,20,78,38,2,138,0,304,109,2,415,20,382,147,4,553,567,0,567,1120
12/18/2022,DAB,FL,ASO,ES,Combined TRACON& Tower with Radar,17,69,53,0,139,0,195,55,1,251,17,264,108,1,390,203,0,203,593
12/19/2022,DAB,FL,ASO,ES,Combined TRACON& Tower with Radar,16,104,49,1,170,0,335,89,0,424,16,439,138,1,594,552,0,552,1146
12/20/2022,DAB,FL,ASO,ES,Combined TRACON& Tower with Radar,16,61,28,9,114,0,177,31,3,211,16,238,59,12,325,391,0,391,716
12/21/2022,DAB,FL,ASO,ES,Combined TRACON& Tower with Radar,16,58,37,0,111,0,0,0,0,0,16,58,37,0,111,0,0,0,111
12/22/2022,DAB,FL,ASO,ES,Combined TRACON& Tower with Radar,15,48,30,11,104,0,66,11,2,79,15,114,41,13,183,145,0,145,328
12/23/2022,DAB,FL,ASO,ES,Combined TRACON& Tower with Radar,14,24,40,0,78,0,51,38,0,89,14,75,78,0,167,74,0,74,241
12/24/2022,DAB,FL,ASO,ES,Combined TRACON& Tower with Radar,10,14,14,0,38,0,62,20,0,82,10,76,34,0,120,8,0,8,128
12/25/2022,DAB,FL,ASO,ES,Combined TRACON& Tower with Radar,9,3,6,0,18,0,1,8,0,9,9,4,14,0,27,38,0,38,65
12/26/2022,DAB,FL,ASO,ES,Combined TRACON& Tower with Radar,15,12,18,0,45,0,6,36,0,42,15,18,54,0,87,10,0,10,97
12/27/2022,DAB,FL,ASO,ES,Combined TRACON& Tower with Radar,16,30,32,1,79,0,124,50,2,176,16,154,82,3,255,153,0,153,408
12/28/2022,DAB,FL,ASO,ES,Combined TRACON& Tower with Radar,17,18,42,0,77,0,106,69,0,175,17,124,111,0,252,92,0,92,344
12/29/2022,DAB,FL,ASO,ES,Combined TRACON& Tower with Radar,16,23,25,0,64,0,108,70,0,178,16,131,95,0,242,349,0,349,591
12/30/2022,DAB,FL,ASO,ES,Combined TRACON& Tower with Radar,15,31,27,6,79,1,85,35,3,124,16,116,62,9,203,201,0,201,404
12/31/2022,DAB,FL,ASO,ES,Combined TRACON& Tower with Radar,16,15,10,0,41,0,1,3,0,4,16,16,13,0,45,0,0,0,45
01/01/2023,DAB,FL,ASO,ES,Combined TRACON& Tower with Radar,14,1,15,0,30,0,8,9,0,17,14,9,24,0,47,5,0,5,52
01/02/2023,DAB,FL,ASO,ES,Combined TRACON& Tower with Radar,14,3,32,0,49,0,0,37,0,37,14,3,69,0,86,148,0,148,234
01/03/2023,DAB,FL,ASO,ES,Combined TRACON& Tower with Radar,15,33,36,6,90,0,177,62,0,239,15,210,98,6,329,36,2,38,367
01/04/2023,DAB,FL,ASO,ES,Combined TRACON& Tower with Radar,14,57,28,0,99,0,80,24,0,104,14,137,52,0,203,10,0,10,213
01/05/2023,DAB,FL,ASO,ES,Combined TRACON& Tower with Radar,16,75,33,0,124,0,174,24,0,198,16,249,57,0,322,261,0,261,583
01/06/2023,DAB,FL,ASO,ES,Combined TRACON& Tower with Radar,17,42,39,2,100,0,356,91,2,449,17,398,130,4,549,100,0,100,649
01/07/2023,DAB,FL,ASO,ES,Combined TRACON& Tower with Radar,18,47,32,2,99,0,229,118,1,348,18,276,150,3,447,291,0,291,738
01/08/2023,DAB,FL,ASO,ES,Combined TRACON& Tower with Radar,16,36,32,1,85,0,108,71,0,179,16,144,103,1,264,197,0,197,461
01/09/2023,DAB,FL,ASO,ES,Combined TRACON& Tower with Radar,16,65,40,10,131,0,324,92,0,416,16,389,132,10,547,282,6,288,835
01/10/2023,DAB,FL,ASO,ES,Combined TRACON& Tower with Radar,16,85,30,1,132,0,390,104,2,496,16,475,134,3,628,555,0,555,1183
01/11/2023,DAB,FL,ASO,ES,Combined TRACON& Tower with Radar,14,71,45,10,140,0,471,125,0,596,14,542,170,10,736,546,0,546,1282
01/12/2023,DAB,FL,ASO,ES,Combined TRACON& Tower with Radar,12,100,42,3,157,0,455,98,0,553,12,555,140,3,710,282,0,282,992
01/13/2023,DAB,FL,ASO,ES,Combined TRACON& Tower with Radar,18,41,57,2,118,0,43,21,0,64,18,84,78,2,182,51,0,51,233
01/14/2023,DAB,FL,ASO,ES,Combined TRACON& Tower with Radar,12,54,53,1,120,0,194,81,0,275,12,248,134,1,395,211,0,211,606
01/15/2023,DAB,FL,ASO,ES,Combined TRACON& Tower with Radar,14,67,40,0,121,0,233,131,0,364,14,300,171,0,485,461,0,461,946
01/16/2023,DAB,FL,ASO,ES,Combined TRACON& Tower with Radar,14,82,54,0,150,0,424,133,0,557,14,506,187,0,707,569,0,569,1276
01/17/2023,DAB,FL,ASO,ES,Combined TRACON& Tower with Radar,14,128,50,3,195,0,528,139,0,667,14,656,189,3,862,555,0,555,1417
01/18/2023,DAB,FL,ASO,ES,Combined TRACON& Tower with Radar,13,130,39,6,188,0,572,144,1,717,13,702,183,7,905,427,0,427,1332
01/19/2023,DAB,FL,ASO,ES,Combined TRACON& Tower with Radar,15,103,61,0,179,0,459,115,2,576,15,562,176,2,755,328,0,328,1083
01/20/2023,DAB,FL,ASO,ES,Combined TRACON& Tower with Radar,14,131,50,2,197,0,503,100,0,603,14,634,150,2,800,609,0,609,1409
01/21/2023,DAB,FL,ASO,ES,Combined TRACON& Tower with Radar,14,80,47,0,141,0,237,49,0,286,14,317,96,0,427,577,0,577,1004
01/22/2023,DAB,FL,ASO,ES,Combined TRACON& Tower with Radar,12,62,54,21,149,0,95,46,0,141,12,157,100,21,290,114,0,114,404
01/23/2023,DAB,FL,ASO,ES,Combined TRACON& Tower with Radar,16,110,39,0,165,0,456,91,2,549,16,566,130,2,714,77,0,77,791
01/24/2023,DAB,FL,ASO,ES,Combined TRACON& Tower with Radar,14,126,48,0,188,0,505,123,4,632,14,631,171,4,820,554,0,554,1374
01/25/2023,DAB,FL,ASO,ES,Combined TRACON& Tower with Radar,14,97,48,0,159,0,248,70,0,318,14,345,118,0,477,132,0,132,609
01/26/2023,DAB,FL,ASO,ES,Combined TRACON& Tower with Radar,14,128,72,3,217,0,434,147,0,581,14,562,219,3,798,440,0,440,1238
01/27/2023,DAB,FL,ASO,ES,Combined TRACON& Tower with Radar,14,174,65,0,253,0,534,133,0,667,14,708,198,0,920,279,0,279,1199
01/28/2023,DAB,FL,ASO,ES,Combined TRACON& Tower with Radar,14,103,75,1,193,0,297,133,1,431,14,400,208,2,624,483,0,483,1107
01/29/2023,DAB,FL,ASO,ES,Combined TRACON& Tower with Radar,13,100,98,0,211,0,203,105,3,311,13,303,203,3,522,232,0,232,754
01/30/2023,DAB,FL,ASO,ES,Combined TRACON& Tower with Radar,15,154,62,2,233,0,507,110,0,617,15,661,172,2,850,596,0,596,1446
01/31/2023,DAB,FL,ASO,ES,Combined TRACON& Tower with Radar,16,143,51,6,216,0,510,115,0,625,16,653,166,6,841,611,0,611,1452
02/01/2023,DAB,FL,ASO,ES,Combined TRACON& Tower with Radar,14,153,33,12,212,0,551,131,6,688,14,704,164,18,900,462,0,462,1362
02/02/2023,DAB,FL,ASO,ES,Combined TRACON& Tower with Radar,13,155,48,2,218,0,566,116,2,684,13,721,164,4,902,510,0,510,1412
02/03/2023,DAB,FL,ASO,ES,Combined TRACON& Tower with Radar,19,74,59,3,155,0,13,7,0,20,19,87,66,3,175,70,0,70,245
02/04/2023,DAB,FL,ASO,ES,Combined TRACON& Tower with Radar,18,102,40,1,161,0,191,74,0,265,18,293,114,1,426,461,0,461,887
02/05/2023,DAB,FL,ASO,ES,Combined TRACON& Tower with Radar,16,108,50,2,176,0,53,18,2,73,16,161,68,4,249,412,0,412,661
02/06/2023,DAB,FL,ASO,ES,Combined TRACON& Tower with Radar,16,153,43,0,212,0,633,129,0,762,16,786,172,0,974,480,0,480,1454
02/07/2023,DAB,FL,ASO,ES,Combined TRACON& Tower with Radar,15,142,54,0,211,0,591,129,0,720,15,733,183,0,931,567,0,567,1498
02/08/2023,DAB,FL,ASO,ES,Combined TRACON& Tower with Radar,16,149,60,0,225,0,652,126,0,778,16,801,186,0,1003,572,0,572,1575
02/09/2023,DAB,FL,ASO,ES,Combined TRACON& Tower with Radar,16,122,50,0,188,0,468,98,0,566,16,590,148,0,754,255,0,255,1009
02/10/2023,DAB,FL,ASO,ES,Combined TRACON& Tower with Radar,16,96,41,3,156,0,291,85,0,376,16,387,126,3,532,267,0,267,799
02/11/2023,DAB,FL,ASO,ES,Combined TRACON& Tower with Radar,20,91,40,0,151,0,32,6,0,38,20,123,46,0,189,62,0,62,251
02/12/2023,DAB,FL,ASO,ES,Combined TRACON& Tower with Radar,16,16,38,0,70,0,27,21,2,50,16,43,59,2,120,69,0,69,189
02/13/2023,DAB,FL,ASO,ES,Combined TRACON& Tower with Radar,16,128,45,4,193,0,692,162,2,856,16,820,207,6,1049,502,0,502,1551
02/14/2023,DAB,FL,ASO,ES,Combined TRACON& Tower with Radar,16,153,61,0,230,0,628,128,0,756,16,781,189,0,986,559,0,559,1545
02/15/2023,DAB,FL,ASO,ES,Combined TRACON& Tower with Radar,16,134,73,3,226,0,533,101,1,635,16,667,174,4,861,320,0,320,1181
02/16/2023,DAB,FL,ASO,ES,Combined TRACON& Tower with Radar,18,115,91,9,233,0,547,119,5,671,18,662,210,14,904,275,0,275,1179
02/17/2023,DAB,FL,ASO,ES,Combined TRACON& Tower with Radar,16,73,78,0,167,0,207,43,4,254,16,280,121,4,421,334,0,334,755
02/18/2023,DAB,FL,ASO,ES,Combined TRACON& Tower with Radar,22,75,99,0,196,0,103,69,4,176,22,178,168,4,372,148,0,148,520
02/19/2023,DAB,FL,ASO,ES,Combined TRACON& Tower with Radar,21,98,180,0,299,0,140,103,2,245,21,238,283,2,544,36,0,36,580
02/20/2023,DAB,FL,ASO,ES,Combined TRACON& Tower with Radar,19,100,96,0,215,0,443,107,1,551,19,543,203,1,766,572,0,572,1338
02/21/2023,DAB,FL,ASO,ES,Combined TRACON& Tower with Radar,18,135,62,2,217,0,482,101,0,583,18,617,163,2,800,431,0,431,1231
02/22/2023,DAB,FL,ASO,ES,Combined TRACON& Tower with Radar,16,115,67,3,201,0,477,111,1,589,16,592,178,4,790,274,0,274,1064
02/23/2023,DAB,FL,ASO,ES,Combined TRACON& Tower with Radar,18,126,44,2,190,0,643,109,3,755,18,769,153,5,945,486,0,486,1431
02/24/2023,DAB,FL,ASO,ES,Combined TRACON& Tower with Radar,16,125,48,6,195,0,491,85,0,576,16,616,133,6,771,427,0,427,1198
02/25/2023,DAB,FL,ASO,ES,Combined TRACON& Tower with Radar,18,127,35,2,182,0,384,106,0,490,18,511,141,2,672,575,0,575,1247
02/26/2023,DAB,FL,ASO,ES,Combined TRACON& Tower with Radar,16,88,42,4,150,0,336,97,0,433,16,424,139,4,583,528,0,528,1111
02/27/2023,DAB,FL,ASO,ES,Combined TRACON& Tower with Radar,16,140,41,1,198,0,307,53,4,364,16,447,94,5,562,375,0,375,937
02/28/2023,DAB,FL,ASO,ES,Combined TRACON& Tower with Radar,16,155,77,2,250,0,226,51,0,277,16,381,128,2,527,355,0,355,882
03/01/2023,DAB,FL,ASO,ES,Combined TRACON& Tower with Radar,16,153,45,2,216,0,433,64,0,497,16,586,109,2,713,379,0,379,1092
03/02/2023,DAB,FL,ASO,ES,Combined TRACON& Tower with Radar,16,165,47,2,230,0,558,101,0,659,16,723,148,2,889,435,0,435,1324
03/03/2023,DAB,FL,ASO,ES,Combined TRACON& Tower with Radar,15,73,28,15,131,0,248,52,4,304,15,321,80,19,435,135,0,135,570
03/04/2023,DAB,FL,ASO,ES,Combined TRACON& Tower with Radar,17,95,39,0,151,0,140,43,4,187,17,235,82,4,338,414,0,414,752
03/05/2023,DAB,FL,ASO,ES,Combined TRACON& Tower with Radar,16,122,66,0,204,0,273,94,0,367,16,395,160,0,571,536,0,536,1107
03/06/2023,DAB,FL,ASO,ES,Combined TRACON& Tower with Radar,18,154,56,0,228,0,594,82,0,676,18,748,138,0,904,722,0,722,1626
03/07/2023,DAB,FL,ASO,ES,Combined TRACON& Tower with Radar,16,143,64,1,224,0,588,121,1,710,16,731,185,2,934,564,0,564,1498
03/08/2023,DAB,FL,ASO,ES,Combined TRACON& Tower with Radar,16,154,44,2,216,0,307,65,0,372,16,461,109,2,588,431,0,431,1019
03/09/2023,DAB,FL,ASO,ES,Combined TRACON& Tower with Radar,17,138,48,0,203,0,631,139,6,776,17,769,187,6,979,471,0,471,1450
03/10/2023,DAB,FL,ASO,ES,Combined TRACON& Tower with Radar,17,107,35,2,161,0,433,77,2,512,17,540,112,4,673,440,0,440,1113
03/11/2023,DAB,FL,ASO,ES,Combined TRACON& Tower with Radar,21,97,58,0,176,0,343,120,2,465,21,440,178,2,641,589,0,589,1230
03/12/2023,DAB,FL,ASO,ES,Combined TRACON& Tower with Radar,15,70,47,2,134,0,194,75,2,271,15,264,122,4,405,423,0,423,828
03/13/2023,DAB,FL,ASO,ES,Combined TRACON& Tower with Radar,19,94,36,3,152,0,29,5,2,36,19,123,41,5,188,26,0,26,214
03/14/2023,DAB,FL,ASO,ES,Combined TRACON& Tower with Radar,18,125,37,0,180,0,571,95,1,667,18,696,132,1,847,165,0,165,1012
03/15/2023,DAB,FL,ASO,ES,Combined TRACON& Tower with Radar,18,137,41,0,196,0,517,78,0,595,18,654,119,0,791,505,0,505,1296
03/16/2023,DAB,FL,ASO,ES,Combined TRACON& Tower with Radar,18,120,31,0,169,0,509,170,2,681,18,629,201,2,850,516,0,516,1366
03/17/2023,DAB,FL,ASO,ES,Combined TRACON& Tower with Radar,20,122,23,1,166,0,389,103,0,492,20,511,126,1,658,276,0,276,934
03/18/2023,DAB,FL,ASO,ES,Combined TRACON& Tower with Radar,19,46,26,0,91,0,69,50,1,120,19,115,76,1,211,84,0,84,295
03/19/2023,DAB,FL,ASO,ES,Combined TRACON& Tower with Radar,17,77,45,1,140,0,131,53,0,184,17,208,98,1,324,428,0,428,752
03/20/2023,DAB,FL,ASO,ES,Combined TRACON& Tower with Radar,21,135,45,17,218,0,523,104,4,631,21,658,149,21,849,362,30,392,1241
03/21/2023,DAB,FL,ASO,ES,Combined TRACON& Tower with Radar,18,165,45,4,232,0,299,89,1,389,18,464,134,5,621,510,0,510,1131
03/22/2023,DAB,FL,ASO,ES,Combined TRACON& Tower with Radar,19,152,45,0,216,0,481,99,0,580,19,633,144,0,796,491,0,491,1287
03/23/2023,DAB,FL,ASO,ES,Combined TRACON& Tower with Radar,19,123,44,1,187,0,666,130,3,799,19,789,174,4,986,473,0,473,1459
03/24/2023,DAB,FL,ASO,ES,Combined TRACON& Tower with Radar,19,123,39,0,181,0,632,124,0,756,19,755,163,0,937,550,0,550,1487
03/25/2023,DAB,FL,ASO,ES,Combined TRACON& Tower with Radar,19,134,32,0,185,0,186,50,0,236,19,320,82,0,421,439,0,439,860
03/26/2023,DAB,FL,ASO,ES,Combined TRACON& Tower with Radar,18,109,53,2,182,0,219,77,0,296,18,328,130,2,478,395,0,395,873
03/27/2023,DAB,FL,ASO,ES,Combined TRACON& Tower with Radar,19,147,41,21,228,0,590,97,1,688,19,737,138,22,916,582,0,582,1498
03/28/2023,DAB,FL,ASO,ES,Combined TRACON& Tower with Radar,20,118,39,2,179,0,250,50,0,300,20,368,89,2,479,367,0,367,846
03/29/2023,DAB,FL,ASO,ES,Combined TRACON& Tower with Radar,17,158,38,2,215,0,318,70,3,391,17,476,108,5,606,89,0,89,695
03/30/2023,DAB,FL,ASO,ES,Combined TRACON& Tower with Radar,19,185,37,2,243,0,656,128,1,785,19,841,165,3,1028,470,0,470,1498
03/31/2023,DAB,FL,ASO,ES,Combined TRACON& Tower with Radar,18,128,28,5,179,0,422,101,1,524,18,550,129,6,703,135,0,135,838
04/01/2023,DAB,FL,ASO,ES,Combined TRACON& Tower with Radar,16,93,22,0,131,0,264,80,0,344,16,357,102,0,475,443,0,443,918
04/02/2023,DAB,FL,ASO,ES,Combined TRACON& Tower with Radar,16,119,53,0,188,0,228,73,0,301,16,347,126,0,489,426,0,426,915
04/03/2023,DAB,FL,ASO,ES,Combined TRACON& Tower with Radar,17,159,54,0,230,0,227,46,0,273,17,386,100,0,503,265,0,265,768
04/04/2023,DAB,FL,ASO,ES,Combined TRACON& Tower with Radar,21,161,44,2,228,0,671,124,2,797,21,832,168,4,1025,514,0,514,1539
04/05/2023,DAB,FL,ASO,ES,Combined TRACON& Tower with Radar,20,154,42,2,218,0,421,86,1,508,20,575,128,3,726,382,0,382,1108
04/06/2023,DAB,FL,ASO,ES,Combined TRACON& Tower with Radar,21,177,28,1,227,0,574,123,3,700,21,751,151,4,927,533,0,533,1460
04/07/2023,DAB,FL,ASO,ES,Combined TRACON& Tower with Radar,21,178,51,0,250,0,481,102,0,583,21,659,153,0,833,743,0,743,1576
04/08/2023,DAB,FL,ASO,ES,Combined TRACON& Tower with Radar,24,89,48,0,161,0,325,75,5,405,24,414,123,5,566,531,0,531,1097
04/09/2023,DAB,FL,ASO,ES,Combined TRACON& Tower with Radar,20,40,41,0,101,0,1,2,0,3,20,41,43,0,104,6,0,6,110
04/10/2023,DAB,FL,ASO,ES,Combined TRACON& Tower with Radar,22,126,18,0,166,0,22,7,0,29,22,148,25,0,195,70,0,70,265
04/11/2023,DAB,FL,ASO,ES,Combined TRACON& Tower with Radar,17,159,35,4,215,0,199,49,2,250,17,358,84,6,465,422,0,422,887
04/12/2023,DAB,FL,ASO,ES,Combined TRACON& Tower with Radar,21,155,22,0,198,0,314,38,0,352,21,469,60,0,550,541,0,541,1091
04/13/2023,DAB,FL,ASO,ES,Combined TRACON& Tower with Radar,19,64,43,0,126,0,165,24,0,189,19,229,67,0,315,301,0,301,616
04/14/2023,DAB,FL,ASO,ES,Combined TRACON& Tower with Radar,19,126,56,2,203,0,504,88,0,592,19,630,144,2,795,448,0,448,1243
04/15/2023,DAB,FL,ASO,ES,Combined TRACON& Tower with Radar,24,91,28,0,143,0,490,127,1,618,24,581,155,1,761,70,0,70,831
04/16/2023,DAB,FL,ASO,ES,Combined TRACON& Tower with Radar,20,63,36,3,122,0,223,72,1,296,20,286,108,4,418,342,0,342,760
04/17/2023,DAB,FL,ASO,ES,Combined TRACON& Tower with Radar,20,172,39,1,232,0,422,94,2,518,20,594,133,3,750,296,0,296,1046
04/18/2023,DAB,FL,ASO,ES,Combined TRACON& Tower with Radar,17,160,42,0,219,0,718,152,0,870,17,878,194,0,1089,503,0,503,1592
04/19/2023,DAB,FL,ASO,ES,Combined TRACON& Tower with Radar,20,166,30,4,220,0,684,143,0,827,20,850,173,4,1047,545,0,545,1592
04/20/2023,DAB,FL,ASO,ES,Combined TRACON& Tower with Radar,19,174,35,4,232,0,594,131,2,727,19,768,166,6,959,593,0,593,1552
04/21/2023,DAB,FL,ASO,ES,Combined TRACON& Tower with Radar,21,132,45,0,198,0,468,111,2,581,21,600,156,2,779,624,0,624,1403
04/22/2023,DAB,FL,ASO,ES,Combined TRACON& Tower with Radar,19,87,25,1,132,0,277,68,0,345,19,364,93,1,477,552,0,552,1029
04/23/2023,DAB,FL,ASO,ES,Combined TRACON& Tower with Radar,21,73,27,0,121,0,201,92,0,293,21,274,119,0,414,288,0,288,702
04/24/2023,DAB,FL,ASO,ES,Combined TRACON& Tower with Radar,19,81,35,2,137,0,308,58,0,366,19,389,93,2,503,617,0,617,1120
04/25/2023,DAB,FL,ASO,ES,Combined TRACON& Tower with Radar,19,154,19,9,201,0,288,59,2,349,19,442,78,11,550,640,0,640,1190
04/26/2023,DAB,FL,ASO,ES,Combined TRACON& Tower with Radar,18,177,39,4,238,0,431,66,0,497,18,608,105,4,735,667,0,667,1402
04/27/2023,DAB,FL,ASO,ES,Combined TRACON& Tower with Radar,19,88,38,2,147,0,210,44,0,254,19,298,82,2,401,394,0,394,795
04/28/2023,DAB,FL,ASO,ES,Combined TRACON& Tower with Radar,20,163,44,3,230,0,448,99,0,547,20,611,143,3,777,623,0,623,1400
04/29/2023,DAB,FL,ASO,ES,Combined TRACON& Tower with Radar,23,52,38,3,116,0,248,65,0,313,23,300,103,3,429,71,0,71,500
04/30/2023,DAB,FL,ASO,ES,Combined TRACON& Tower with Radar,20,26,17,0,63,0,24,10,0,34,20,50,27,0,97,55,0,55,152
05/01/2023,DAB,FL,ASO,ES,Combined TRACON& Tower with Radar,20,100,41,0,161,0,380,116,0,496,20,480,157,0,657,321,0,321,978
05/02/2023,DAB,FL,ASO,ES,Combined TRACON& Tower with Radar,20,135,52,0,207,0,467,146,1,614,20,602,198,1,821,475,0,475,1296
05/03/2023,DAB,FL,ASO,ES,Combined TRACON& Tower with Radar,20,155,48,0,223,0,528,96,0,624,20,683,144,0,847,341,0,341,1188
05/04/2023,DAB,FL,ASO,ES,Combined TRACON& Tower with Radar,21,189,33,0,243,0,637,131,1,769,21,826,164,1,1012,511,0,511,1523
05/05/2023,DAB,FL,ASO,ES,Combined TRACON& Tower with Radar,19,126,48,2,195,0,551,120,0,671,19,677,168,2,866,654,2,656,1522
05/06/2023,DAB,FL,ASO,ES,Combined TRACON& Tower with Radar,18,96,40,3,157,0,127,27,0,154,18,223,67,3,311,347,0,347,658
05/07/2023,DAB,FL,ASO,ES,Combined TRACON& Tower with Radar,20,82,39,1,142,0,284,82,0,366,20,366,121,1,508,562,0,562,1070
05/08/2023,DAB,FL,ASO,ES,Combined TRACON& Tower with Radar,20,115,47,1,183,0,476,119,2,597,20,591,166,3,780,468,0,468,1248
05/09/2023,DAB,FL,ASO,ES,Combined TRACON& Tower with Radar,16,150,37,2,205,0,556,134,2,692,16,706,171,4,897,616,0,616,1513
05/10/2023,DAB,FL,ASO,ES,Combined TRACON& Tower with Radar,18,102,36,2,158,0,340,73,1,414,18,442,109,3,572,414,0,414,986
05/11/2023,DAB,FL,ASO,ES,Combined TRACON& Tower with Radar,18,199,56,0,273,0,314,60,0,374,18,513,116,0,647,554,0,554,1201
05/12/2023,DAB,FL,ASO,ES,Combined TRACON& Tower with Radar,18,114,35,4,171,0,326,82,3,411,18,440,117,7,582,739,0,739,1321
05/13/2023,DAB,FL,ASO,ES,Combined TRACON& Tower with Radar,18,84,21,5,128,0,227,77,1,305,18,311,98,6,433,377,0,377,810
05/14/2023,DAB,FL,ASO,ES,Combined TRACON& Tower with Radar,18,70,24,0,112,0,213,53,0,266,18,283,77,0,378,523,0,523,901
05/15/2023,DAB,FL,ASO,ES,Combined TRACON& Tower with Radar,18,128,38,0,184,0,409,120,0,529,18,537,158,0,713,542,0,542,1255
05/16/2023,DAB,FL,ASO,ES,Combined TRACON& Tower with Radar,16,130,36,0,182,0,526,85,0,611,16,656,121,0,793,738,0,738,1531
05/17/2023,DAB,FL,ASO,ES,Combined TRACON& Tower with Radar,18,94,25,1,138,0,385,79,1,465,18,479,104,2,603,460,0,460,1063
05/18/2023,DAB,FL,ASO,ES,Combined TRACON& Tower with Radar,18,90,52,0,160,0,401,70,0,471,18,491,122,0,631,530,0,530,1161
05/19/2023,DAB,FL,ASO,ES,Combined TRACON& Tower with Radar,18,159,47,0,224,0,110,50,0,160,18,269,97,0,384,433,0,433,817
05/20/2023,DAB,FL,ASO,ES,Combined TRACON& Tower with Radar,18,199,53,0,270,0,107,44,0,151,18,306,97,0,421,495,0,495,916
05/21/2023,DAB,FL,ASO,ES,Combined TRACON& Tower with Radar,18,97,31,0,146,0,161,35,0,196,18,258,66,0,342,441,0,441,783
05/22/2023,DAB,FL,ASO,ES,Combined TRACON& Tower with Radar,18,73,20,0,111,0,125,17,0,142,18,198,37,0,253,204,0,204,457
05/23/2023,DAB,FL,ASO,ES,Combined TRACON& Tower with Radar,16,153,57,6,232,0,155,37,0,192,16,308,94,6,424,451,0,451,875
05/24/2023,DAB,FL,ASO,ES,Combined TRACON& Tower with Radar,18,147,35,2,202,0,48,16,0,64,18,195,51,2,266,137,0,137,403
05/25/2023,DAB,FL,ASO,ES,Combined TRACON& Tower with Radar,20,184,54,1,259,0,237,47,0,284,20,421,101,1,543,396,0,396,939
05/26/2023,DAB,FL,ASO,ES,Combined TRACON& Tower with Radar,17,87,41,6,151,0,49,2,0,51,17,136,43,6,202,151,0,151,353
05/27/2023,DAB,FL,ASO,ES,Combined TRACON& Tower with Radar,19,95,35,3,152,0,313,51,1,365,19,408,86,4,517,118,0,118,635
05/28/2023,DAB,FL,ASO,ES,Combined TRACON& Tower with Radar,16,66,29,1,112,0,351,87,0,438,16,417,116,1,550,483,0,483,1033
05/29/2023,DAB,FL,ASO,ES,Combined TRACON& Tower with Radar,20,91,30,1,142,0,310,82,2,394,20,401,112,3,536,606,0,606,1142
05/30/2023,DAB,FL,ASO,ES,Combined TRACON& Tower with Radar,16,158,44,1,219,0,576,109,1,686,16,734,153,2,905,582,0,582,1487
05/31/2023,DAB,FL,ASO,ES,Combined TRACON& Tower with Radar,18,157,53,1,229,0,485,95,0,580,18,642,148,1,809,634,0,634,1443
06/01/2023,DAB,FL,ASO,ES,Combined TRACON& Tower with Radar,18,182,39,0,239,0,364,72,0,436,18,546,111,0,675,547,0,547,1222
06/02/2023,DAB,FL,ASO,ES,Combined TRACON& Tower with Radar,18,231,72,0,321,0,185,40,0,225,18,416,112,0,546,510,0,510,1056
06/03/2023,DAB,FL,ASO,ES,Combined TRACON& Tower with Radar,18,170,29,0,217,0,80,17,0,97,18,250,46,0,314,312,0,312,626
06/04/2023,DAB,FL,ASO,ES,Combined TRACON& Tower with Radar,18,65,27,2,112,0,66,34,0,100,18,131,61,2,212,91,0,91,303
06/05/2023,DAB,FL,ASO,ES,Combined TRACON& Tower with Radar,17,171,30,0,218,0,364,45,0,409,17,535,75,0,627,534,0,534,1161
06/06/2023,DAB,FL,ASO,ES,Combined TRACON& Tower with Radar,14,134,36,1,185,0,639,143,0,782,14,773,179,1,967,474,0,474,1441
06/07/2023,DAB,FL,ASO,ES,Combined TRACON& Tower with Radar,13,76,31,4,124,0,361,65,4,430,13,437,96,8,554,338,0,338,892
06/08/2023,DAB,FL,ASO,ES,Combined TRACON& Tower with Radar,17,151,26,1,195,0,426,71,1,498,17,577,97,2,693,131,0,131,824
06/09/2023,DAB,FL,ASO,ES,Combined TRACON& Tower with Radar,14,114,29,1,158,0,418,50,0,468,14,532,79,1,626,410,0,410,1036
06/10/2023,DAB,FL,ASO,ES,Combined TRACON& Tower with Radar,17,68,36,0,121,0,248,62,0,310,17,316,98,0,431,606,0,606,1037
06/11/2023,DAB,FL,ASO,ES,Combined TRACON& Tower with Radar,17,58,32,1,108,0,151,32,0,183,17,209,64,1,291,507,0,507,798
06/12/2023,DAB,FL,ASO,ES,Combined TRACON& Tower with Radar,15,142,34,2,193,0,499,83,0,582,15,641,117,2,775,675,0,675,1450
06/13/2023,DAB,FL,ASO,ES,Combined TRACON& Tower with Radar,15,135,38,9,197,0,539,103,0,642,15,674,141,9,839,557,0,557,1396
06/14/2023,DAB,FL,ASO,ES,Combined TRACON& Tower with Radar,13,144,32,5,194,0,408,60,1,469,13,552,92,6,663,497,0,497,1160
06/15/2023,DAB,FL,ASO,ES,Combined TRACON& Tower with Radar,15,62,27,1,105,0,312,79,0,391,15,374,106,1,496,380,0,380,876
06/16/2023,DAB,FL,ASO,ES,Combined TRACON& Tower with Radar,16,74,24,0,114,0,169,27,1,197,16,243,51,1,311,187,0,187,498
06/17/2023,DAB,FL,ASO,ES,Combined TRACON& Tower with Radar,18,74,22,0,114,0,189,31,0,220,18,263,53,0,334,292,0,292,626
06/18/2023,DAB,FL,ASO,ES,Combined TRACON& Tower with Radar,16,43,25,0,84,0,143,51,2,196,16,186,76,2,280,574,0,574,854
06/19/2023,DAB,FL,ASO,ES,Combined TRACON& Tower with Radar,20,79,28,0,127,0,370,59,0,429,20,449,87,0,556,449,0,449,1005
06/20/2023,DAB,FL,ASO,ES,Combined TRACON& Tower with Radar,15,58,15,0,88,0,129,19,0,148,15,187,34,0,236,318,0,318,554
06/21/2023,DAB,FL,ASO,ES,Combined TRACON& Tower with Radar,15,83,34,0,132,0,229,60,2,291,15,312,94,2,423,277,0,277,700
06/22/2023,DAB,FL,ASO,ES,Combined TRACON& Tower with Radar,19,68,22,0,109,0,393,67,0,460,19,461,89,0,569,340,0,340,909
06/23/2023,DAB,FL,ASO,ES,Combined TRACON& Tower with Radar,20,78,29,0,127,0,194,38,0,232,20,272,67,0,359,300,0,300,659
06/24/2023,DAB,FL,ASO,ES,Combined TRACON& Tower with Radar,19,68,29,0,116,0,258,68,1,327,19,326,97,1,443,393,0,393,836
06/25/2023,DAB,FL,ASO,ES,Combined TRACON& Tower with Radar,17,68,28,0,113,0,270,103,0,373,17,338,131,0,486,386,0,386,872
06/26/2023,DAB,FL,ASO,ES,Combined TRACON& Tower with Radar,18,123,41,0,182,0,590,115,1,706,18,713,156,1,888,415,0,415,1303
06/27/2023,DAB,FL,ASO,ES,Combined TRACON& Tower with Radar,14,164,34,6,218,0,456,92,2,550,14,620,126,8,768,485,0,485,1253
06/28/2023,DAB,FL,ASO,ES,Combined TRACON& Tower with Radar,12,192,59,0,263,0,276,59,3,338,12,468,118,3,601,268,0,268,869
06/29/2023,DAB,FL,ASO,ES,Combined TRACON& Tower with Radar,18,165,25,0,208,0,607,107,0,714,18,772,132,0,922,486,0,486,1408
06/30/2023,DAB,FL,ASO,ES,Combined TRACON& Tower with Radar,19,149,61,0,229,0,462,94,0,556,19,611,155,0,785,686,0,686,1471
07/01/2023,DAB,FL,ASO,ES,Combined TRACON& Tower with Radar,16,82,36,5,139,0,243,65,0,308,16,325,101,5,447,388,0,388,835
07/02/2023,DAB,FL,ASO,ES,Combined TRACON& Tower with Radar,17,70,16,1,104,0,197,68,0,265,17,267,84,1,369,397,0,397,766
07/03/2023,DAB,FL,ASO,ES,Combined TRACON& Tower with Radar,19,88,37,0,144,0,397,81,0,478,19,485,118,0,622,691,0,691,1313
07/04/2023,DAB,FL,ASO,ES,Combined TRACON& Tower with Radar,10,46,12,0,68,0,93,50,0,143,10,139,62,0,211,467,0,467,678
07/05/2023,DAB,FL,ASO,ES,Combined TRACON& Tower with Radar,11,95,20,0,126,0,352,52,1,405,11,447,72,1,531,471,0,471,1002
07/06/2023,DAB,FL,ASO,ES,Combined TRACON& Tower with Radar,18,90,27,0,135,0,310,67,2,379,18,400,94,2,514,360,0,360,874
07/07/2023,DAB,FL,ASO,ES,Combined TRACON& Tower with Radar,20,48,37,0,105,0,242,72,0,314,20,290,109,0,419,330,0,330,749
07/08/2023,DAB,FL,ASO,ES,Combined TRACON& Tower with Radar,15,73,22,0,110,0,177,41,0,218,15,250,63,0,328,308,0,308,636
07/09/2023,DAB,FL,ASO,ES,Combined TRACON& Tower with Radar,17,64,26,5,112,0,133,71,1,205,17,197,97,6,317,310,0,310,627
07/10/2023,DAB,FL,ASO,ES,Combined TRACON& Tower with Radar,21,110,19,2,152,0,304,49,0,353,21,414,68,2,505,286,0,286,791
07/11/2023,DAB,FL,ASO,ES,Combined TRACON& Tower with Radar,14,106,29,4,153,0,230,42,0,272,14,336,71,4,425,350,0,350,775
07/12/2023,DAB,FL,ASO,ES,Combined TRACON& Tower with Radar,14,184,29,0,227,0,422,79,0,501,14,606,108,0,728,509,0,509,1237
07/13/2023,DAB,FL,ASO,ES,Combined TRACON& Tower with Radar,18,137,41,0,196,0,444,67,0,511,18,581,108,0,707,437,0,437,1144
07/14/2023,DAB,FL,ASO,ES,Combined TRACON& Tower with Radar,18,89,31,7,145,0,361,71,0,432,18,450,102,7,577,356,0,356,933
07/15/2023,DAB,FL,ASO,ES,Combined TRACON& Tower with Radar,15,105,30,0,150,0,261,66,0,327,15,366,96,0,477,358,0,358,835
07/16/2023,DAB,FL,ASO,ES,Combined TRACON& Tower with Radar,18,58,28,0,104,0,122,26,0,148,18,180,54,0,252,235,0,235,487
07/17/2023,DAB,FL,ASO,ES,Combined TRACON& Tower with Radar,19,83,45,0,147,0,263,54,0,317,19,346,99,0,464,540,0,540,1004
07/18/2023,DAB,FL,ASO,ES,Combined TRACON& Tower with Radar,14,124,39,0,177,0,390,70,0,460,14,514,109,0,637,463,0,463,1100
07/19/2023,DAB,FL,ASO,ES,Combined TRACON& Tower with Radar,14,151,39,4,208,0,564,68,0,632,14,715,107,4,840,293,0,293,1133
07/20/2023,DAB,FL,ASO,ES,Combined TRACON& Tower with Radar,22,159,40,5,226,0,578,108,0,686,22,737,148,5,912,413,0,413,1325
07/21/2023,DAB,FL,ASO,ES,Combined TRACON& Tower with Radar,18,102,50,0,170,0,503,89,0,592,18,605,139,0,762,437,0,437,1199
07/22/2023,DAB,FL,ASO,ES,Combined TRACON& Tower with Radar,14,43,29,0,86,0,167,54,0,221,14,210,83,0,307,311,0,311,618
07/23/2023,DAB,FL,ASO,ES,Combined TRACON& Tower with Radar,15,36,35,0,86,0,98,36,0,134,15,134,71,0,220,228,0,228,448
07/24/2023,DAB,FL,ASO,ES,Combined TRACON& Tower with Radar,19,109,33,0,161,0,370,43,0,413,19,479,76,0,574,523,0,523,1097
07/25/2023,DAB,FL,ASO,ES,Combined TRACON& Tower with Radar,14,107,30,3,154,0,395,51,2,448,14,502,81,5,602,593,0,593,1195
07/26/2023,DAB,FL,ASO,ES,Combined TRACON& Tower with Radar,14,153,56,0,223,0,530,80,2,612,14,683,136,2,835,601,0,601,1436
07/27/2023,DAB,FL,ASO,ES,Combined TRACON& Tower with Radar,18,165,45,0,228,0,261,40,0,301,18,426,85,0,529,345,0,345,874
07/28/2023,DAB,FL,ASO,ES,Combined TRACON& Tower with Radar,16,149,42,4,211,0,222,53,0,275,16,371,95,4,486,265,0,265,751
07/29/2023,DAB,FL,ASO,ES,Combined TRACON& Tower with Radar,16,67,26,0,109,0,256,56,0,312,16,323,82,0,421,495,0,495,916
07/30/2023,DAB,FL,ASO,ES,Combined TRACON& Tower with Radar,18,41,27,0,86,0,167,37,0,204,18,208,64,0,290,276,0,276,566
07/31/2023,DAB,FL,ASO,ES,Combined TRACON& Tower with Radar,18,92,39,0,149,0,422,66,0,488,18,514,105,0,637,447,0,447,1084
08/01/2023,DAB,FL,ASO,ES,Combined TRACON& Tower with Radar,14,131,27,1,173,0,500,90,1,591,14,631,117,2,764,614,2,616,1380
08/02/2023,DAB,FL,ASO,ES,Combined TRACON& Tower with Radar,15,143,32,0,190,0,458,99,0,557,15,601,131,0,747,500,0,500,1247
08/03/2023,DAB,FL,ASO,ES,Combined TRACON& Tower with Radar,17,188,43,0,248,0,578,108,0,686,17,766,151,0,934,500,0,500,1434
08/04/2023,DAB,FL,ASO,ES,Combined TRACON& Tower with Radar,20,87,22,1,130,0,385,83,0,468,20,472,105,1,598,482,0,482,1080
08/05/2023,DAB,FL,ASO,ES,Combined TRACON& Tower with Radar,18,63,22,1,104,0,214,63,0,277,18,277,85,1,381,532,0,532,913
08/06/2023,DAB,FL,ASO,ES,Combined TRACON& Tower with Radar,15,58,36,0,109,0,125,54,0,179,15,183,90,0,288,329,0,329,617
08/07/2023,DAB,FL,ASO,ES,Combined TRACON& Tower with Radar,15,133,27,2,177,0,514,77,0,591,15,647,104,2,768,424,0,424,1192
08/08/2023,DAB,FL,ASO,ES,Combined TRACON& Tower with Radar,16,100,34,0,150,0,406,74,0,480,16,506,108,0,630,535,0,535,1165
08/09/2023,DAB,FL,ASO,ES,Combined TRACON& Tower with Radar,17,109,29,4,159,0,379,59,4,442,17,488,88,8,601,449,0,449,1050
08/10/2023,DAB,FL,ASO,ES,Combined TRACON& Tower with Radar,17,144,35,0,196,0,517,81,0,598,17,661,116,0,794,491,0,491,1285
08/11/2023,DAB,FL,ASO,ES,Combined TRACON& Tower with Radar,18,124,32,17,191,0,394,87,1,482,18,518,119,18,673,383,2,385,1058
08/12/2023,DAB,FL,ASO,ES,Combined TRACON& Tower with Radar,15,107,23,0,145,0,230,72,0,302,15,337,95,0,447,380,0,380,827
08/13/2023,DAB,FL,ASO,ES,Combined TRACON& Tower with Radar,19,71,30,0,120,0,189,71,0,260,19,260,101,0,380,556,0,556,936
08/14/2023,DAB,FL,ASO,ES,Combined TRACON& Tower with Radar,20,102,23,0,145,0,264,65,0,329,20,366,88,0,474,445,0,445,919
08/15/2023,DAB,FL,ASO,ES,Combined TRACON& Tower with Radar,14,106,29,0,149,0,324,69,0,393,14,430,98,0,542,442,0,442,984
08/16/2023,DAB,FL,ASO,ES,Combined TRACON& Tower with Radar,14,83,30,0,127,0,300,54,0,354,14,383,84,0,481,302,0,302,783
08/17/2023,DAB,FL,ASO,ES,Combined TRACON& Tower with Radar,16,109,28,0,153,0,196,44,0,240,16,305,72,0,393,365,0,365,758
08/18/2023,DAB,FL,ASO,ES,Combined TRACON& Tower with Radar,15,86,38,0,139,0,178,47,0,225,15,264,85,0,364,346,0,346,710
08/19/2023,DAB,FL,ASO,ES,Combined TRACON& Tower with Radar,15,95,26,2,138,0,250,91,0,341,15,345,117,2,479,439,0,439,918
08/20/2023,DAB,FL,ASO,ES,Combined TRACON& Tower with Radar,16,93,31,0,140,0,94,38,0,132,16,187,69,0,272,388,0,388,660
08/21/2023,DAB,FL,ASO,ES,Combined TRACON& Tower with Radar,16,164,28,0,208,0,422,105,1,528,16,586,133,1,736,512,0,512,1248
08/22/2023,DAB,FL,ASO,ES,Combined TRACON& Tower with Radar,13,145,37,0,195,0,425,93,0,518,13,570,130,0,713,518,0,518,1231
08/23/2023,DAB,FL,ASO,ES,Combined TRACON& Tower with Radar,15,152,46,0,213,0,379,87,0,466,15,531,133,0,679,586,0,586,1265
08/24/2023,DAB,FL,ASO,ES,Combined TRACON& Tower with Radar,16,142,46,4,208,0,343,89,1,433,16,485,135,5,641,581,0,581,1222
08/25/2023,DAB,FL,ASO,ES,Combined TRACON& Tower with Radar,16,97,64,2,179,0,310,98,3,411,16,407,162,5,590,460,0,460,1050
08/26/2023,DAB,FL,ASO,ES,Combined TRACON& Tower with Radar,15,78,61,0,154,0,199,95,0,294,15,277,156,0,448,214,0,214,662
08/27/2023,DAB,FL,ASO,ES,Combined TRACON& Tower with Radar,14,61,75,0,150,0,92,75,2,169,14,153,150,2,319,312,0,312,631
08/28/2023,DAB,FL,ASO,ES,Combined TRACON& Tower with Radar,17,99,46,0,162,0,251,65,2,318,17,350,111,2,480,491,0,491,971
08/29/2023,DAB,FL,ASO,ES,Combined TRACON& Tower with Radar,16,48,27,2,93,0,251,42,0,293,16,299,69,2,386,347,0,347,733
08/30/2023,DAB,FL,ASO,ES,Combined TRACON& Tower with Radar,12,10,0,0,22,0,1,2,0,3,12,11,2,0,25,0,0,0,25
08/31/2023,DAB,FL,ASO,ES,Combined TRACON& Tower with Radar,18,104,34,0,156,0,265,47,0,312,18,369,81,0,468,636,0,636,1104
