01/01/2000,DBQ,IA,ACE,CE,Federal Contract Tower,0,9,4,0,13,0,4,15,0,19,0,13,19,0,32,26,0,26,58
01/02/2000,DBQ,IA,ACE,CE,Federal Contract Tower,0,21,11,0,32,0,3,0,0,3,0,24,11,0,35,0,0,0,35
01/03/2000,DBQ,IA,ACE,CE,Federal Contract Tower,0,18,2,0,20,0,9,0,0,9,0,27,2,0,29,0,0,0,29
01/04/2000,DBQ,IA,ACE,CE,Federal Contract Tower,0,28,10,0,38,0,8,0,0,8,0,36,10,0,46,0,0,0,46
01/05/2000,DBQ,IA,ACE,CE,Federal Contract Tower,0,25,16,0,41,0,0,14,0,14,0,25,30,0,55,2,0,2,57
01/06/2000,DBQ,IA,ACE,CE,Federal Contract Tower,0,35,19,0,54,0,2,18,0,20,0,37,37,0,74,0,0,0,74
01/07/2000,DBQ,IA,ACE,CE,Federal Contract Tower,0,26,14,0,40,0,3,65,2,70,0,29,79,2,110,22,0,22,132
01/08/2000,DBQ,IA,ACE,CE,Federal Contract Tower,0,19,9,0,28,0,0,107,0,107,0,19,116,0,135,46,0,46,181
01/09/2000,DBQ,IA,ACE,CE,Federal Contract Tower,0,1,1,0,2,0,0,2,0,2,0,1,3,0,4,0,0,0,4
01/10/2000,DBQ,IA,ACE,CE,Federal Contract Tower,0,30,14,0,44,0,2,34,0,36,0,32,48,0,80,8,0,8,88
01/11/2000,DBQ,IA,ACE,CE,Federal Contract Tower,0,30,13,0,43,0,4,44,0,48,0,34,57,0,91,30,0,30,121
01/12/2000,DBQ,IA,ACE,CE,Federal Contract Tower,0,38,19,0,57,0,0,44,0,44,0,38,63,0,101,22,0,22,123
01/13/2000,DBQ,IA,ACE,CE,Federal Contract Tower,0,29,14,0,43,0,0,77,0,77,0,29,91,0,120,46,0,46,166
01/14/2000,DBQ,IA,ACE,CE,Federal Contract Tower,0,29,13,0,42,0,2,30,0,32,0,31,43,0,74,28,0,28,102
01/15/2000,DBQ,IA,ACE,CE,Federal Contract Tower,0,22,10,0,32,0,0,91,0,91,0,22,101,0,123,62,0,62,185
01/16/2000,DBQ,IA,ACE,CE,Federal Contract Tower,0,25,12,0,37,0,0,30,0,30,0,25,42,0,67,8,0,8,75
01/17/2000,DBQ,IA,ACE,CE,Federal Contract Tower,0,25,11,0,36,0,1,2,0,3,0,26,13,0,39,0,0,0,39
01/18/2000,DBQ,IA,ACE,CE,Federal Contract Tower,0,30,15,0,45,0,0,59,0,59,0,30,74,0,104,78,0,78,182
01/19/2000,DBQ,IA,ACE,CE,Federal Contract Tower,0,22,11,0,33,2,0,5,0,7,2,22,16,0,40,12,0,12,52
01/20/2000,DBQ,IA,ACE,CE,Federal Contract Tower,0,28,16,0,44,0,0,17,0,17,0,28,33,0,61,0,0,0,61
01/21/2000,DBQ,IA,ACE,CE,Federal Contract Tower,0,36,18,0,54,0,0,47,0,47,0,36,65,0,101,26,0,26,127
01/22/2000,DBQ,IA,ACE,CE,Federal Contract Tower,0,24,13,0,37,0,0,5,0,5,0,24,18,0,42,10,0,10,52
01/23/2000,DBQ,IA,ACE,CE,Federal Contract Tower,0,27,12,0,39,2,4,22,0,28,2,31,34,0,67,0,0,0,67
01/24/2000,DBQ,IA,ACE,CE,Federal Contract Tower,0,32,15,0,47,0,0,22,0,22,0,32,37,0,69,28,0,28,97
01/25/2000,DBQ,IA,ACE,CE,Federal Contract Tower,0,32,16,0,48,0,0,32,0,32,0,32,48,0,80,70,0,70,150
01/26/2000,DBQ,IA,ACE,CE,Federal Contract Tower,0,28,12,0,40,0,4,37,0,41,0,32,49,0,81,68,0,68,149
01/27/2000,DBQ,IA,ACE,CE,Federal Contract Tower,0,34,16,0,50,0,0,46,0,46,0,34,62,0,96,54,0,54,150
01/28/2000,DBQ,IA,ACE,CE,Federal Contract Tower,0,31,14,0,45,0,0,70,0,70,0,31,84,0,115,92,0,92,207
01/29/2000,DBQ,IA,ACE,CE,Federal Contract Tower,0,15,6,0,21,0,3,11,0,14,0,18,17,0,35,20,0,20,55
01/30/2000,DBQ,IA,ACE,CE,Federal Contract Tower,0,23,10,0,33,0,0,1,0,1,0,23,11,0,34,0,0,0,34
01/31/2000,DBQ,IA,ACE,CE,Federal Contract Tower,0,27,12,0,39,0,3,37,0,40,0,30,49,0,79,24,0,24,103
02/01/2000,DBQ,IA,ACE,CE,Federal Contract Tower,0,25,15,0,40,0,0,74,0,74,0,25,89,0,114,114,0,114,228
02/02/2000,DBQ,IA,ACE,CE,Federal Contract Tower,0,28,15,0,43,0,4,5,0,9,0,32,20,0,52,16,0,16,68
02/03/2000,DBQ,IA,ACE,CE,Federal Contract Tower,0,20,11,0,31,0,7,1,0,8,0,27,12,0,39,12,0,12,51
02/04/2000,DBQ,IA,ACE,CE,Federal Contract Tower,0,25,13,0,38,0,6,19,2,27,0,31,32,2,65,20,0,20,85
02/05/2000,DBQ,IA,ACE,CE,Federal Contract Tower,0,19,11,0,30,0,3,89,0,92,0,22,100,0,122,68,0,68,190
02/06/2000,DBQ,IA,ACE,CE,Federal Contract Tower,0,31,17,0,48,0,0,22,0,22,0,31,39,0,70,20,0,20,90
02/07/2000,DBQ,IA,ACE,CE,Federal Contract Tower,0,24,13,0,37,0,5,7,0,12,0,29,20,0,49,46,0,46,95
02/08/2000,DBQ,IA,ACE,CE,Federal Contract Tower,0,37,20,0,57,0,0,0,0,0,0,37,20,0,57,0,0,0,57
02/09/2000,DBQ,IA,ACE,CE,Federal Contract Tower,0,32,18,0,50,0,0,81,6,87,0,32,99,6,137,122,2,124,261
02/10/2000,DBQ,IA,ACE,CE,Federal Contract Tower,0,35,24,0,59,0,0,13,0,13,0,35,37,0,72,0,0,0,72
02/11/2000,DBQ,IA,ACE,CE,Federal Contract Tower,0,35,19,0,54,0,2,104,0,106,0,37,123,0,160,136,0,136,296
02/12/2000,DBQ,IA,ACE,CE,Federal Contract Tower,0,20,11,0,31,0,1,48,0,49,0,21,59,0,80,40,0,40,120
02/13/2000,DBQ,IA,ACE,CE,Federal Contract Tower,0,17,2,0,19,0,7,0,0,7,0,24,2,0,26,0,0,0,26
02/14/2000,DBQ,IA,ACE,CE,Federal Contract Tower,0,31,15,0,46,0,1,19,0,20,0,32,34,0,66,70,0,70,136
02/15/2000,DBQ,IA,ACE,CE,Federal Contract Tower,0,31,16,0,47,0,4,26,0,30,0,35,42,0,77,42,0,42,119
02/16/2000,DBQ,IA,ACE,CE,Federal Contract Tower,0,35,19,0,54,0,0,68,0,68,0,35,87,0,122,140,0,140,262
02/17/2000,DBQ,IA,ACE,CE,Federal Contract Tower,0,26,12,0,38,0,4,45,0,49,0,30,57,0,87,120,0,120,207
02/18/2000,DBQ,IA,ACE,CE,Federal Contract Tower,0,4,4,0,8,0,0,5,0,5,0,4,9,0,13,0,0,0,13
02/19/2000,DBQ,IA,ACE,CE,Federal Contract Tower,0,21,11,0,32,0,0,9,0,9,0,21,20,0,41,8,0,8,49
02/20/2000,DBQ,IA,ACE,CE,Federal Contract Tower,0,25,12,0,37,0,5,89,0,94,0,30,101,0,131,108,0,108,239
02/21/2000,DBQ,IA,ACE,CE,Federal Contract Tower,0,25,14,0,39,0,0,73,0,73,0,25,87,0,112,72,0,72,184
02/22/2000,DBQ,IA,ACE,CE,Federal Contract Tower,0,33,18,0,51,0,0,84,0,84,0,33,102,0,135,56,0,56,191
02/23/2000,DBQ,IA,ACE,CE,Federal Contract Tower,0,32,19,0,51,0,0,65,0,65,0,32,84,0,116,78,0,78,194
02/24/2000,DBQ,IA,ACE,CE,Federal Contract Tower,0,23,13,0,36,0,0,5,0,5,0,23,18,0,41,0,0,0,41
02/25/2000,DBQ,IA,ACE,CE,Federal Contract Tower,0,23,13,0,36,0,0,16,0,16,0,23,29,0,52,4,0,4,56
02/26/2000,DBQ,IA,ACE,CE,Federal Contract Tower,0,20,9,0,29,0,4,8,0,12,0,24,17,0,41,0,0,0,41
02/27/2000,DBQ,IA,ACE,CE,Federal Contract Tower,0,21,10,0,31,0,5,69,0,74,0,26,79,0,105,28,0,28,133
02/28/2000,DBQ,IA,ACE,CE,Federal Contract Tower,0,28,13,0,41,0,1,96,0,97,0,29,109,0,138,42,0,42,180
02/29/2000,DBQ,IA,ACE,CE,Federal Contract Tower,0,30,14,0,44,0,3,63,0,66,0,33,77,0,110,82,0,82,192
03/01/2000,DBQ,IA,ACE,CE,Federal Contract Tower,0,34,23,0,57,0,0,51,4,55,0,34,74,4,112,64,0,64,176
03/02/2000,DBQ,IA,ACE,CE,Federal Contract Tower,0,26,15,0,41,0,6,67,0,73,0,32,82,0,114,102,0,102,216
03/03/2000,DBQ,IA,ACE,CE,Federal Contract Tower,0,30,17,0,47,0,2,79,0,81,0,32,96,0,128,90,0,90,218
03/04/2000,DBQ,IA,ACE,CE,Federal Contract Tower,0,22,13,0,35,0,5,88,0,93,0,27,101,0,128,36,0,36,164
03/05/2000,DBQ,IA,ACE,CE,Federal Contract Tower,0,23,13,0,36,0,5,93,0,98,0,28,106,0,134,20,0,20,154
03/06/2000,DBQ,IA,ACE,CE,Federal Contract Tower,0,26,15,0,41,0,3,34,0,37,0,29,49,0,78,22,0,22,100
03/07/2000,DBQ,IA,ACE,CE,Federal Contract Tower,0,35,19,0,54,0,2,52,0,54,0,37,71,0,108,38,0,38,146
03/08/2000,DBQ,IA,ACE,CE,Federal Contract Tower,0,27,15,0,42,0,4,13,0,17,0,31,28,0,59,26,0,26,85
03/09/2000,DBQ,IA,ACE,CE,Federal Contract Tower,0,28,16,0,44,0,5,7,0,12,0,33,23,0,56,8,0,8,64
03/10/2000,DBQ,IA,ACE,CE,Federal Contract Tower,0,26,14,0,40,0,2,25,0,27,0,28,39,0,67,16,0,16,83
03/11/2000,DBQ,IA,ACE,CE,Federal Contract Tower,0,19,12,0,31,0,0,99,0,99,0,19,111,0,130,34,0,34,164
03/12/2000,DBQ,IA,ACE,CE,Federal Contract Tower,0,22,13,0,35,0,6,45,0,51,0,28,58,0,86,14,0,14,100
03/13/2000,DBQ,IA,ACE,CE,Federal Contract Tower,0,25,14,0,39,0,7,3,0,10,0,32,17,0,49,38,0,38,87
03/14/2000,DBQ,IA,ACE,CE,Federal Contract Tower,0,33,17,0,50,0,0,54,0,54,0,33,71,0,104,42,0,42,146
03/15/2000,DBQ,IA,ACE,CE,Federal Contract Tower,0,31,16,0,47,0,0,9,0,9,0,31,25,0,56,26,0,26,82
03/16/2000,DBQ,IA,ACE,CE,Federal Contract Tower,0,31,20,0,51,0,0,70,0,70,0,31,90,0,121,138,0,138,259
03/17/2000,DBQ,IA,ACE,CE,Federal Contract Tower,0,27,14,0,41,0,5,46,0,51,0,32,60,0,92,114,0,114,206
03/18/2000,DBQ,IA,ACE,CE,Federal Contract Tower,0,19,11,0,30,0,0,15,0,15,0,19,26,0,45,20,0,20,65
03/19/2000,DBQ,IA,ACE,CE,Federal Contract Tower,0,15,5,0,20,0,2,0,0,2,0,17,5,0,22,0,0,0,22
03/20/2000,DBQ,IA,ACE,CE,Federal Contract Tower,0,30,14,0,44,0,1,0,0,1,0,31,14,0,45,0,0,0,45
03/21/2000,DBQ,IA,ACE,CE,Federal Contract Tower,0,24,16,0,40,0,0,9,0,9,0,24,25,0,49,0,0,0,49
03/22/2000,DBQ,IA,ACE,CE,Federal Contract Tower,0,31,23,0,54,0,0,28,0,28,0,31,51,0,82,78,0,78,160
03/23/2000,DBQ,IA,ACE,CE,Federal Contract Tower,0,31,16,0,47,0,0,68,0,68,0,31,84,0,115,72,0,72,187
03/24/2000,DBQ,IA,ACE,CE,Federal Contract Tower,0,35,24,0,59,0,0,30,0,30,0,35,54,0,89,20,0,20,109
03/25/2000,DBQ,IA,ACE,CE,Federal Contract Tower,0,19,9,0,28,0,4,17,0,21,0,23,26,0,49,8,0,8,57
03/26/2000,DBQ,IA,ACE,CE,Federal Contract Tower,0,20,10,0,30,0,8,49,0,57,0,28,59,0,87,20,0,20,107
03/27/2000,DBQ,IA,ACE,CE,Federal Contract Tower,0,25,13,0,38,0,5,37,0,42,0,30,50,0,80,26,0,26,106
03/28/2000,DBQ,IA,ACE,CE,Federal Contract Tower,0,30,17,0,47,0,0,57,0,57,0,30,74,0,104,34,0,34,138
03/29/2000,DBQ,IA,ACE,CE,Federal Contract Tower,0,33,18,0,51,0,0,101,0,101,0,33,119,0,152,78,0,78,230
03/30/2000,DBQ,IA,ACE,CE,Federal Contract Tower,0,34,17,0,51,0,2,94,0,96,0,36,111,0,147,106,0,106,253
03/31/2000,DBQ,IA,ACE,CE,Federal Contract Tower,0,34,17,0,51,0,0,100,0,100,0,34,117,0,151,114,0,114,265
04/01/2000,DBQ,IA,ACE,CE,Federal Contract Tower,0,21,13,0,34,0,2,93,0,95,0,23,106,0,129,62,0,62,191
04/02/2000,DBQ,IA,ACE,CE,Federal Contract Tower,0,19,12,0,31,0,0,40,0,40,0,19,52,0,71,40,0,40,111
04/03/2000,DBQ,IA,ACE,CE,Federal Contract Tower,0,25,15,0,40,0,5,25,0,30,0,30,40,0,70,72,0,72,142
04/04/2000,DBQ,IA,ACE,CE,Federal Contract Tower,0,26,16,0,42,0,5,36,0,41,0,31,52,0,83,30,0,30,113
04/05/2000,DBQ,IA,ACE,CE,Federal Contract Tower,0,25,15,0,40,0,5,20,2,27,0,30,35,2,67,10,0,10,77
04/06/2000,DBQ,IA,ACE,CE,Federal Contract Tower,0,35,22,0,57,0,0,68,0,68,0,35,90,0,125,66,0,66,191
04/07/2000,DBQ,IA,ACE,CE,Federal Contract Tower,0,26,13,0,39,0,2,0,0,2,0,28,13,0,41,0,0,0,41
04/08/2000,DBQ,IA,ACE,CE,Federal Contract Tower,0,18,13,0,31,0,0,44,1,45,0,18,57,1,76,62,0,62,138
04/09/2000,DBQ,IA,ACE,CE,Federal Contract Tower,0,24,15,0,39,0,0,69,1,70,0,24,84,1,109,52,0,52,161
04/10/2000,DBQ,IA,ACE,CE,Federal Contract Tower,0,24,17,0,41,0,0,18,0,18,0,24,35,0,59,36,0,36,95
04/11/2000,DBQ,IA,ACE,CE,Federal Contract Tower,0,29,20,0,49,0,0,28,0,28,0,29,48,0,77,18,0,18,95
04/12/2000,DBQ,IA,ACE,CE,Federal Contract Tower,0,28,17,0,45,0,0,59,0,59,0,28,76,0,104,108,0,108,212
04/13/2000,DBQ,IA,ACE,CE,Federal Contract Tower,0,31,21,0,52,0,0,72,0,72,0,31,93,0,124,34,0,34,158
04/14/2000,DBQ,IA,ACE,CE,Federal Contract Tower,0,28,15,0,43,0,6,38,0,44,0,34,53,0,87,60,0,60,147
04/15/2000,DBQ,IA,ACE,CE,Federal Contract Tower,0,20,11,0,31,0,1,44,0,45,0,21,55,0,76,42,0,42,118
04/16/2000,DBQ,IA,ACE,CE,Federal Contract Tower,0,19,4,0,23,0,6,0,0,6,0,25,4,0,29,0,0,0,29
04/17/2000,DBQ,IA,ACE,CE,Federal Contract Tower,0,33,17,0,50,0,0,5,0,5,0,33,22,0,55,0,0,0,55
04/18/2000,DBQ,IA,ACE,CE,Federal Contract Tower,0,34,19,0,53,0,0,37,0,37,0,34,56,0,90,68,0,68,158
04/19/2000,DBQ,IA,ACE,CE,Federal Contract Tower,0,19,10,0,29,0,0,1,0,1,0,19,11,0,30,0,0,0,30
04/20/2000,DBQ,IA,ACE,CE,Federal Contract Tower,0,14,9,0,23,0,0,3,0,3,0,14,12,0,26,0,0,0,26
04/21/2000,DBQ,IA,ACE,CE,Federal Contract Tower,0,27,14,0,41,0,5,24,0,29,0,32,38,0,70,30,0,30,100
04/22/2000,DBQ,IA,ACE,CE,Federal Contract Tower,0,20,11,0,31,0,0,81,0,81,0,20,92,0,112,66,0,66,178
04/23/2000,DBQ,IA,ACE,CE,Federal Contract Tower,0,20,10,0,30,0,5,12,0,17,0,25,22,0,47,0,0,0,47
04/24/2000,DBQ,IA,ACE,CE,Federal Contract Tower,0,29,16,0,45,0,4,70,0,74,0,33,86,0,119,34,0,34,153
04/25/2000,DBQ,IA,ACE,CE,Federal Contract Tower,0,32,18,0,50,0,0,118,0,118,0,32,136,0,168,60,0,60,228
04/26/2000,DBQ,IA,ACE,CE,Federal Contract Tower,0,31,18,0,49,0,0,119,0,119,0,31,137,0,168,102,0,102,270
04/27/2000,DBQ,IA,ACE,CE,Federal Contract Tower,0,29,15,0,44,0,3,84,0,87,0,32,99,0,131,98,0,98,229
04/28/2000,DBQ,IA,ACE,CE,Federal Contract Tower,0,33,19,0,52,0,0,71,0,71,0,33,90,0,123,18,0,18,141
04/29/2000,DBQ,IA,ACE,CE,Federal Contract Tower,0,23,17,0,40,0,0,45,0,45,0,23,62,0,85,4,0,4,89
04/30/2000,DBQ,IA,ACE,CE,Federal Contract Tower,0,21,11,0,32,0,3,118,0,121,0,24,129,0,153,14,0,14,167
05/01/2000,DBQ,IA,ACE,CE,Federal Contract Tower,0,25,23,0,48,0,0,42,0,42,0,25,65,0,90,50,0,50,140
05/02/2000,DBQ,IA,ACE,CE,Federal Contract Tower,0,24,28,0,52,0,0,95,0,95,0,24,123,0,147,50,0,50,197
05/03/2000,DBQ,IA,ACE,CE,Federal Contract Tower,0,21,19,0,40,0,7,45,0,52,0,28,64,0,92,84,0,84,176
05/04/2000,DBQ,IA,ACE,CE,Federal Contract Tower,0,26,24,0,50,0,0,56,0,56,0,26,80,0,106,66,0,66,172
05/05/2000,DBQ,IA,ACE,CE,Federal Contract Tower,0,23,20,0,43,0,4,51,4,59,0,27,71,4,102,28,0,28,130
05/06/2000,DBQ,IA,ACE,CE,Federal Contract Tower,0,14,13,0,27,0,4,30,0,34,0,18,43,0,61,44,0,44,105
05/07/2000,DBQ,IA,ACE,CE,Federal Contract Tower,0,15,13,0,28,0,1,30,0,31,0,16,43,0,59,2,0,2,61
05/08/2000,DBQ,IA,ACE,CE,Federal Contract Tower,0,20,16,0,36,0,1,0,0,1,0,21,16,0,37,0,0,0,37
05/09/2000,DBQ,IA,ACE,CE,Federal Contract Tower,0,27,28,0,55,0,0,18,0,18,0,27,46,0,73,24,0,24,97
05/10/2000,DBQ,IA,ACE,CE,Federal Contract Tower,0,22,19,0,41,0,5,42,0,47,0,27,61,0,88,48,0,48,136
05/11/2000,DBQ,IA,ACE,CE,Federal Contract Tower,0,23,26,0,49,0,0,32,0,32,0,23,58,0,81,28,0,28,109
05/12/2000,DBQ,IA,ACE,CE,Federal Contract Tower,0,18,15,0,33,0,4,1,0,5,0,22,16,0,38,0,0,0,38
05/13/2000,DBQ,IA,ACE,CE,Federal Contract Tower,0,18,14,1,33,0,1,17,3,21,0,19,31,4,54,0,0,0,54
05/14/2000,DBQ,IA,ACE,CE,Federal Contract Tower,0,13,11,0,24,0,3,29,0,32,0,16,40,0,56,34,0,34,90
05/15/2000,DBQ,IA,ACE,CE,Federal Contract Tower,0,20,16,0,36,0,5,66,0,71,0,25,82,0,107,28,0,28,135
05/16/2000,DBQ,IA,ACE,CE,Federal Contract Tower,0,26,23,0,49,0,0,58,0,58,0,26,81,0,107,42,0,42,149
05/17/2000,DBQ,IA,ACE,CE,Federal Contract Tower,0,23,23,0,46,0,0,21,2,23,0,23,44,2,69,6,8,14,83
05/18/2000,DBQ,IA,ACE,CE,Federal Contract Tower,0,15,16,0,31,0,0,6,0,6,0,15,22,0,37,0,0,0,37
05/19/2000,DBQ,IA,ACE,CE,Federal Contract Tower,0,26,26,0,52,0,0,84,0,84,0,26,110,0,136,84,0,84,220
05/20/2000,DBQ,IA,ACE,CE,Federal Contract Tower,0,16,13,0,29,0,2,98,0,100,0,18,111,0,129,84,0,84,213
05/21/2000,DBQ,IA,ACE,CE,Federal Contract Tower,0,16,13,0,29,0,0,41,0,41,0,16,54,0,70,88,0,88,158
05/22/2000,DBQ,IA,ACE,CE,Federal Contract Tower,0,22,17,0,39,0,3,15,0,18,0,25,32,0,57,92,0,92,149
05/23/2000,DBQ,IA,ACE,CE,Federal Contract Tower,0,25,23,0,48,0,0,79,0,79,0,25,102,0,127,42,0,42,169
05/24/2000,DBQ,IA,ACE,CE,Federal Contract Tower,0,26,21,0,47,0,3,57,0,60,0,29,78,0,107,16,0,16,123
05/25/2000,DBQ,IA,ACE,CE,Federal Contract Tower,0,32,25,0,57,0,2,89,0,91,0,34,114,0,148,68,0,68,216
05/26/2000,DBQ,IA,ACE,CE,Federal Contract Tower,0,20,16,0,36,0,4,44,0,48,0,24,60,0,84,18,0,18,102
05/27/2000,DBQ,IA,ACE,CE,Federal Contract Tower,0,19,9,0,28,0,5,0,0,5,0,24,9,0,33,0,0,0,33
05/28/2000,DBQ,IA,ACE,CE,Federal Contract Tower,0,16,13,0,29,0,0,0,0,0,0,16,13,0,29,10,0,10,39
05/29/2000,DBQ,IA,ACE,CE,Federal Contract Tower,0,20,16,0,36,0,0,55,0,55,0,20,71,0,91,64,0,64,155
05/30/2000,DBQ,IA,ACE,CE,Federal Contract Tower,0,29,23,0,52,0,0,31,0,31,0,29,54,0,83,32,0,32,115
05/31/2000,DBQ,IA,ACE,CE,Federal Contract Tower,0,22,17,0,39,0,1,0,0,1,0,23,17,0,40,0,0,0,40
06/01/2000,DBQ,IA,ACE,CE,Federal Contract Tower,0,24,18,0,42,0,4,34,0,38,0,28,52,0,80,70,0,70,150
06/02/2000,DBQ,IA,ACE,CE,Federal Contract Tower,0,26,21,0,47,0,0,59,0,59,0,26,80,0,106,90,0,90,196
06/03/2000,DBQ,IA,ACE,CE,Federal Contract Tower,0,17,13,0,30,0,2,85,0,87,0,19,98,0,117,86,0,86,203
06/04/2000,DBQ,IA,ACE,CE,Federal Contract Tower,0,15,12,0,27,0,0,43,0,43,0,15,55,0,70,100,0,100,170
06/05/2000,DBQ,IA,ACE,CE,Federal Contract Tower,0,24,20,0,44,0,0,23,0,23,0,24,43,0,67,78,0,78,145
06/06/2000,DBQ,IA,ACE,CE,Federal Contract Tower,0,19,15,0,34,0,4,56,0,60,0,23,71,0,94,72,0,72,166
06/07/2000,DBQ,IA,ACE,CE,Federal Contract Tower,0,23,18,0,41,0,1,58,0,59,0,24,76,0,100,30,0,30,130
06/08/2000,DBQ,IA,ACE,CE,Federal Contract Tower,0,26,21,0,47,0,0,42,0,42,0,26,63,0,89,22,0,22,111
06/09/2000,DBQ,IA,ACE,CE,Federal Contract Tower,0,23,18,0,41,0,6,73,0,79,0,29,91,0,120,104,0,104,224
06/10/2000,DBQ,IA,ACE,CE,Federal Contract Tower,0,12,10,0,22,0,3,14,0,17,0,15,24,0,39,70,0,70,109
06/11/2000,DBQ,IA,ACE,CE,Federal Contract Tower,0,15,14,0,29,0,0,53,0,53,0,15,67,0,82,62,0,62,144
06/12/2000,DBQ,IA,ACE,CE,Federal Contract Tower,0,24,18,0,42,0,3,1,0,4,0,27,19,0,46,0,0,0,46
06/13/2000,DBQ,IA,ACE,CE,Federal Contract Tower,0,12,9,0,21,0,1,12,0,13,0,13,21,0,34,0,0,0,34
06/14/2000,DBQ,IA,ACE,CE,Federal Contract Tower,0,25,21,0,46,0,0,12,0,12,0,25,33,0,58,0,0,0,58
06/15/2000,DBQ,IA,ACE,CE,Federal Contract Tower,0,25,18,0,43,0,2,61,0,63,0,27,79,0,106,38,0,38,144
06/16/2000,DBQ,IA,ACE,CE,Federal Contract Tower,0,30,22,0,52,0,0,42,0,42,0,30,64,0,94,8,0,8,102
06/17/2000,DBQ,IA,ACE,CE,Federal Contract Tower,0,14,10,0,24,0,4,61,0,65,0,18,71,0,89,24,0,24,113
06/18/2000,DBQ,IA,ACE,CE,Federal Contract Tower,0,15,11,0,26,0,4,67,0,71,0,19,78,0,97,22,0,22,119
06/19/2000,DBQ,IA,ACE,CE,Federal Contract Tower,0,24,18,0,42,0,0,45,0,45,0,24,63,0,87,0,0,0,87
06/20/2000,DBQ,IA,ACE,CE,Federal Contract Tower,0,19,14,0,33,0,2,24,0,26,0,21,38,0,59,8,0,8,67
06/21/2000,DBQ,IA,ACE,CE,Federal Contract Tower,0,27,20,0,47,0,3,38,4,45,0,30,58,4,92,0,0,0,92
06/22/2000,DBQ,IA,ACE,CE,Federal Contract Tower,0,29,20,0,49,0,1,68,0,69,0,30,88,0,118,0,0,0,118
06/23/2000,DBQ,IA,ACE,CE,Federal Contract Tower,0,19,16,0,35,0,0,64,0,64,0,19,80,0,99,26,0,26,125
06/24/2000,DBQ,IA,ACE,CE,Federal Contract Tower,0,13,9,0,22,0,2,2,0,4,0,15,11,0,26,0,0,0,26
06/25/2000,DBQ,IA,ACE,CE,Federal Contract Tower,0,14,10,0,24,0,3,53,0,56,0,17,63,0,80,16,0,16,96
06/26/2000,DBQ,IA,ACE,CE,Federal Contract Tower,0,21,20,0,41,0,0,59,0,59,0,21,79,0,100,20,0,20,120
06/27/2000,DBQ,IA,ACE,CE,Federal Contract Tower,0,26,19,0,45,0,0,76,0,76,0,26,95,0,121,46,0,46,167
06/28/2000,DBQ,IA,ACE,CE,Federal Contract Tower,0,22,23,0,45,0,0,32,0,32,0,22,55,0,77,16,0,16,93
06/29/2000,DBQ,IA,ACE,CE,Federal Contract Tower,0,30,22,0,52,0,0,74,0,74,0,30,96,0,126,52,0,52,178
06/30/2000,DBQ,IA,ACE,CE,Federal Contract Tower,0,25,17,0,42,0,0,67,0,67,0,25,84,0,109,52,0,52,161
07/01/2000,DBQ,IA,ACE,CE,Federal Contract Tower,0,20,20,0,40,0,0,63,0,63,0,20,83,0,103,4,0,4,107
07/02/2000,DBQ,IA,ACE,CE,Federal Contract Tower,0,8,6,0,14,0,3,5,0,8,0,11,11,0,22,8,0,8,30
07/03/2000,DBQ,IA,ACE,CE,Federal Contract Tower,0,17,13,0,30,0,1,21,0,22,0,18,34,0,52,0,0,0,52
07/04/2000,DBQ,IA,ACE,CE,Federal Contract Tower,0,15,10,0,25,0,4,0,0,4,0,19,10,0,29,0,0,0,29
07/05/2000,DBQ,IA,ACE,CE,Federal Contract Tower,0,24,19,0,43,0,0,8,0,8,0,24,27,0,51,0,0,0,51
07/06/2000,DBQ,IA,ACE,CE,Federal Contract Tower,0,23,17,0,40,0,4,53,0,57,0,27,70,0,97,20,0,20,117
07/07/2000,DBQ,IA,ACE,CE,Federal Contract Tower,0,26,19,0,45,0,4,47,0,51,0,30,66,0,96,60,0,60,156
07/08/2000,DBQ,IA,ACE,CE,Federal Contract Tower,0,17,14,0,31,0,0,50,0,50,0,17,64,0,81,16,0,16,97
07/09/2000,DBQ,IA,ACE,CE,Federal Contract Tower,0,13,10,0,23,0,0,19,0,19,0,13,29,0,42,0,0,0,42
07/10/2000,DBQ,IA,ACE,CE,Federal Contract Tower,0,22,16,0,38,0,3,18,0,21,0,25,34,0,59,52,0,52,111
07/11/2000,DBQ,IA,ACE,CE,Federal Contract Tower,0,23,19,0,42,0,0,52,0,52,0,23,71,0,94,54,0,54,148
07/12/2000,DBQ,IA,ACE,CE,Federal Contract Tower,0,23,21,0,44,0,0,41,0,41,0,23,62,0,85,28,0,28,113
07/13/2000,DBQ,IA,ACE,CE,Federal Contract Tower,0,27,21,0,48,0,1,60,0,61,0,28,81,0,109,44,0,44,153
07/14/2000,DBQ,IA,ACE,CE,Federal Contract Tower,0,22,19,0,41,0,0,88,0,88,0,22,107,0,129,40,0,40,169
07/15/2000,DBQ,IA,ACE,CE,Federal Contract Tower,0,11,9,0,20,0,5,49,0,54,0,16,58,0,74,32,0,32,106
07/16/2000,DBQ,IA,ACE,CE,Federal Contract Tower,0,12,10,0,22,0,3,37,0,40,0,15,47,0,62,6,0,6,68
07/17/2000,DBQ,IA,ACE,CE,Federal Contract Tower,0,21,15,0,36,0,0,36,0,36,0,21,51,0,72,28,0,28,100
07/18/2000,DBQ,IA,ACE,CE,Federal Contract Tower,0,22,19,0,41,0,0,34,0,34,0,22,53,0,75,26,0,26,101
07/19/2000,DBQ,IA,ACE,CE,Federal Contract Tower,0,27,21,0,48,0,0,49,0,49,0,27,70,0,97,16,0,16,113
07/20/2000,DBQ,IA,ACE,CE,Federal Contract Tower,0,24,17,0,41,0,0,41,0,41,0,24,58,0,82,62,0,62,144
07/21/2000,DBQ,IA,ACE,CE,Federal Contract Tower,0,22,15,0,37,0,2,80,0,82,0,24,95,0,119,28,0,28,147
07/22/2000,DBQ,IA,ACE,CE,Federal Contract Tower,0,20,13,0,33,0,0,57,0,57,0,20,70,0,90,22,0,22,112
07/23/2000,DBQ,IA,ACE,CE,Federal Contract Tower,0,16,10,0,26,0,0,64,0,64,0,16,74,0,90,62,0,62,152
07/24/2000,DBQ,IA,ACE,CE,Federal Contract Tower,0,23,16,0,39,0,6,98,0,104,0,29,114,0,143,56,0,56,199
07/25/2000,DBQ,IA,ACE,CE,Federal Contract Tower,0,27,18,0,45,0,4,60,0,64,0,31,78,0,109,42,0,42,151
07/26/2000,DBQ,IA,ACE,CE,Federal Contract Tower,0,20,14,0,34,0,1,27,0,28,0,21,41,0,62,2,0,2,64
07/27/2000,DBQ,IA,ACE,CE,Federal Contract Tower,0,23,19,0,42,0,0,77,0,77,0,23,96,0,119,28,0,28,147
07/28/2000,DBQ,IA,ACE,CE,Federal Contract Tower,0,20,15,0,35,0,0,84,0,84,0,20,99,0,119,38,0,38,157
07/29/2000,DBQ,IA,ACE,CE,Federal Contract Tower,0,14,9,0,23,0,2,49,0,51,0,16,58,0,74,4,0,4,78
07/30/2000,DBQ,IA,ACE,CE,Federal Contract Tower,0,11,11,0,22,0,0,34,2,36,0,11,45,2,58,0,0,0,58
07/31/2000,DBQ,IA,ACE,CE,Federal Contract Tower,0,22,15,0,37,0,2,71,0,73,0,24,86,0,110,44,0,44,154
08/01/2000,DBQ,IA,ACE,CE,Federal Contract Tower,0,21,20,0,41,0,5,35,0,40,0,26,55,0,81,20,0,20,101
08/02/2000,DBQ,IA,ACE,CE,Federal Contract Tower,0,20,18,0,38,0,3,69,0,72,0,23,87,0,110,62,0,62,172
08/03/2000,DBQ,IA,ACE,CE,Federal Contract Tower,0,20,18,0,38,0,0,87,0,87,0,20,105,0,125,66,0,66,191
08/04/2000,DBQ,IA,ACE,CE,Federal Contract Tower,0,18,16,0,34,0,9,77,0,86,0,27,93,0,120,22,0,22,142
08/05/2000,DBQ,IA,ACE,CE,Federal Contract Tower,0,15,13,0,28,0,3,0,0,3,0,18,13,0,31,0,0,0,31
08/06/2000,DBQ,IA,ACE,CE,Federal Contract Tower,0,10,8,0,18,0,3,24,0,27,0,13,32,0,45,38,0,38,83
08/07/2000,DBQ,IA,ACE,CE,Federal Contract Tower,0,21,18,0,39,0,3,84,0,87,0,24,102,0,126,22,0,22,148
08/08/2000,DBQ,IA,ACE,CE,Federal Contract Tower,0,23,21,0,44,0,0,27,0,27,0,23,48,0,71,46,0,46,117
08/09/2000,DBQ,IA,ACE,CE,Federal Contract Tower,0,24,26,0,50,0,0,82,0,82,0,24,108,0,132,74,0,74,206
08/10/2000,DBQ,IA,ACE,CE,Federal Contract Tower,0,23,24,0,47,0,0,52,0,52,0,23,76,0,99,44,0,44,143
08/11/2000,DBQ,IA,ACE,CE,Federal Contract Tower,0,24,20,0,44,0,0,73,0,73,0,24,93,0,117,58,0,58,175
08/12/2000,DBQ,IA,ACE,CE,Federal Contract Tower,0,13,12,0,25,0,6,50,0,56,0,19,62,0,81,44,0,44,125
08/13/2000,DBQ,IA,ACE,CE,Federal Contract Tower,0,15,14,0,29,0,0,28,0,28,0,15,42,0,57,24,0,24,81
08/14/2000,DBQ,IA,ACE,CE,Federal Contract Tower,0,25,22,0,47,0,3,53,0,56,0,28,75,0,103,2,0,2,105
08/15/2000,DBQ,IA,ACE,CE,Federal Contract Tower,0,22,19,0,41,0,2,45,0,47,0,24,64,0,88,16,0,16,104
08/16/2000,DBQ,IA,ACE,CE,Federal Contract Tower,0,22,18,0,40,0,1,49,2,52,0,23,67,2,92,30,0,30,122
08/17/2000,DBQ,IA,ACE,CE,Federal Contract Tower,0,23,28,0,51,0,0,12,4,16,0,23,40,4,67,0,0,0,67
08/18/2000,DBQ,IA,ACE,CE,Federal Contract Tower,0,23,19,0,42,0,1,27,4,32,0,24,46,4,74,58,0,58,132
08/19/2000,DBQ,IA,ACE,CE,Federal Contract Tower,0,15,12,0,27,0,1,42,14,57,0,16,54,14,84,0,0,0,84
08/20/2000,DBQ,IA,ACE,CE,Federal Contract Tower,0,16,13,0,29,0,0,73,0,73,0,16,86,0,102,48,0,48,150
08/21/2000,DBQ,IA,ACE,CE,Federal Contract Tower,0,22,18,0,40,0,0,51,0,51,0,22,69,0,91,38,0,38,129
08/22/2000,DBQ,IA,ACE,CE,Federal Contract Tower,0,20,12,0,32,0,6,0,0,6,0,26,12,0,38,0,0,0,38
08/23/2000,DBQ,IA,ACE,CE,Federal Contract Tower,0,19,16,0,35,0,0,17,0,17,0,19,33,0,52,22,0,22,74
08/24/2000,DBQ,IA,ACE,CE,Federal Contract Tower,0,28,23,0,51,0,3,27,0,30,0,31,50,0,81,46,0,46,127
08/25/2000,DBQ,IA,ACE,CE,Federal Contract Tower,0,27,23,0,50,0,1,52,0,53,0,28,75,0,103,86,0,86,189
08/26/2000,DBQ,IA,ACE,CE,Federal Contract Tower,0,15,12,0,27,0,3,30,0,33,0,18,42,0,60,2,0,2,62
08/27/2000,DBQ,IA,ACE,CE,Federal Contract Tower,0,16,15,0,31,0,0,53,0,53,0,16,68,0,84,8,0,8,92
08/28/2000,DBQ,IA,ACE,CE,Federal Contract Tower,0,24,19,0,43,0,3,7,0,10,0,27,26,0,53,8,0,8,61
08/29/2000,DBQ,IA,ACE,CE,Federal Contract Tower,0,21,27,0,48,0,0,36,0,36,0,21,63,0,84,6,0,6,90
08/30/2000,DBQ,IA,ACE,CE,Federal Contract Tower,0,20,31,0,51,0,0,27,0,27,0,20,58,0,78,10,0,10,88
08/31/2000,DBQ,IA,ACE,CE,Federal Contract Tower,0,24,21,0,45,0,0,59,0,59,0,24,80,0,104,34,0,34,138
09/01/2000,DBQ,IA,ACE,CE,Federal Contract Tower,0,24,21,0,45,0,1,58,0,59,0,25,79,0,104,26,0,26,130
09/02/2000,DBQ,IA,ACE,CE,Federal Contract Tower,0,12,13,0,25,0,0,67,0,67,0,12,80,0,92,28,0,28,120
09/03/2000,DBQ,IA,ACE,CE,Federal Contract Tower,0,6,6,0,12,0,4,20,0,24,0,10,26,0,36,8,0,8,44
09/04/2000,DBQ,IA,ACE,CE,Federal Contract Tower,0,15,17,0,32,0,0,43,0,43,0,15,60,0,75,12,0,12,87
09/05/2000,DBQ,IA,ACE,CE,Federal Contract Tower,0,21,18,0,39,0,5,87,0,92,0,26,105,0,131,70,0,70,201
09/06/2000,DBQ,IA,ACE,CE,Federal Contract Tower,0,20,17,0,37,0,13,153,0,166,0,33,170,0,203,82,0,82,285
09/07/2000,DBQ,IA,ACE,CE,Federal Contract Tower,0,27,23,0,50,0,0,41,0,41,0,27,64,0,91,42,0,42,133
09/08/2000,DBQ,IA,ACE,CE,Federal Contract Tower,0,20,17,0,37,0,6,50,0,56,0,26,67,0,93,90,0,90,183
09/09/2000,DBQ,IA,ACE,CE,Federal Contract Tower,0,23,25,0,48,0,0,39,0,39,0,23,64,0,87,4,0,4,91
09/10/2000,DBQ,IA,ACE,CE,Federal Contract Tower,0,17,20,0,37,0,0,106,0,106,0,17,126,0,143,6,0,6,149
09/11/2000,DBQ,IA,ACE,CE,Federal Contract Tower,0,22,17,0,39,0,2,26,0,28,0,24,43,0,67,4,0,4,71
09/12/2000,DBQ,IA,ACE,CE,Federal Contract Tower,0,29,25,1,55,0,0,123,1,124,0,29,148,2,179,80,0,80,259
09/13/2000,DBQ,IA,ACE,CE,Federal Contract Tower,0,21,17,0,38,0,8,80,0,88,0,29,97,0,126,44,0,44,170
09/14/2000,DBQ,IA,ACE,CE,Federal Contract Tower,0,27,22,0,49,0,8,81,0,89,0,35,103,0,138,36,0,36,174
09/15/2000,DBQ,IA,ACE,CE,Federal Contract Tower,0,26,20,0,46,0,3,77,0,80,0,29,97,0,126,48,0,48,174
09/16/2000,DBQ,IA,ACE,CE,Federal Contract Tower,0,15,11,0,26,0,4,93,0,97,0,19,104,0,123,114,0,114,237
09/17/2000,DBQ,IA,ACE,CE,Federal Contract Tower,0,16,15,0,31,0,0,94,0,94,0,16,109,0,125,14,0,14,139
09/18/2000,DBQ,IA,ACE,CE,Federal Contract Tower,0,25,20,0,45,0,1,45,0,46,0,26,65,0,91,42,0,42,133
09/19/2000,DBQ,IA,ACE,CE,Federal Contract Tower,0,25,23,0,48,0,0,74,0,74,0,25,97,0,122,30,0,30,152
09/20/2000,DBQ,IA,ACE,CE,Federal Contract Tower,0,27,23,0,50,0,0,27,0,27,0,27,50,0,77,6,0,6,83
09/21/2000,DBQ,IA,ACE,CE,Federal Contract Tower,0,29,22,0,51,0,1,98,0,99,0,30,120,0,150,86,0,86,236
09/22/2000,DBQ,IA,ACE,CE,Federal Contract Tower,0,25,20,0,45,0,0,3,2,5,0,25,23,2,50,8,0,8,58
09/23/2000,DBQ,IA,ACE,CE,Federal Contract Tower,0,18,18,0,36,0,0,7,0,7,0,18,25,0,43,20,0,20,63
09/24/2000,DBQ,IA,ACE,CE,Federal Contract Tower,0,15,16,0,31,0,0,37,0,37,0,15,53,0,68,84,0,84,152
09/25/2000,DBQ,IA,ACE,CE,Federal Contract Tower,0,23,17,0,40,0,2,90,0,92,0,25,107,0,132,142,0,142,274
09/26/2000,DBQ,IA,ACE,CE,Federal Contract Tower,0,26,24,0,50,0,0,77,0,77,0,26,101,0,127,22,0,22,149
09/27/2000,DBQ,IA,ACE,CE,Federal Contract Tower,0,23,17,0,40,0,0,110,0,110,0,23,127,0,150,72,0,72,222
09/28/2000,DBQ,IA,ACE,CE,Federal Contract Tower,0,25,21,0,46,0,0,120,0,120,0,25,141,0,166,118,0,118,284
09/29/2000,DBQ,IA,ACE,CE,Federal Contract Tower,0,17,14,0,31,0,0,53,0,53,0,17,67,0,84,2,0,2,86
09/30/2000,DBQ,IA,ACE,CE,Federal Contract Tower,0,20,15,0,35,0,2,17,0,19,0,22,32,0,54,14,0,14,68
10/01/2000,DBQ,IA,ACE,CE,Federal Contract Tower,0,15,11,0,26,0,0,23,0,23,0,15,34,0,49,28,0,28,77
10/02/2000,DBQ,IA,ACE,CE,Federal Contract Tower,0,14,13,0,27,0,11,76,0,87,0,25,89,0,114,110,0,110,224
10/03/2000,DBQ,IA,ACE,CE,Federal Contract Tower,0,23,18,0,41,0,4,91,0,95,0,27,109,0,136,142,0,142,278
10/04/2000,DBQ,IA,ACE,CE,Federal Contract Tower,0,25,20,0,45,0,0,63,0,63,0,25,83,0,108,94,0,94,202
10/05/2000,DBQ,IA,ACE,CE,Federal Contract Tower,0,21,16,0,37,0,2,55,0,57,0,23,71,0,94,84,0,84,178
10/06/2000,DBQ,IA,ACE,CE,Federal Contract Tower,0,15,12,0,27,0,6,52,0,58,0,21,64,0,85,56,0,56,141
10/07/2000,DBQ,IA,ACE,CE,Federal Contract Tower,0,17,14,0,31,0,3,64,0,67,0,20,78,0,98,62,0,62,160
10/08/2000,DBQ,IA,ACE,CE,Federal Contract Tower,0,9,8,0,17,0,3,73,0,76,0,12,81,0,93,38,0,38,131
10/09/2000,DBQ,IA,ACE,CE,Federal Contract Tower,0,16,14,0,30,0,0,89,0,89,0,16,103,0,119,178,0,178,297
10/10/2000,DBQ,IA,ACE,CE,Federal Contract Tower,0,23,18,0,41,0,0,79,0,79,0,23,97,0,120,42,0,42,162
10/11/2000,DBQ,IA,ACE,CE,Federal Contract Tower,0,24,19,0,43,0,0,64,0,64,0,24,83,0,107,78,0,78,185
10/12/2000,DBQ,IA,ACE,CE,Federal Contract Tower,0,20,15,0,35,0,6,31,0,37,0,26,46,0,72,10,0,10,82
10/13/2000,DBQ,IA,ACE,CE,Federal Contract Tower,0,25,21,0,46,0,0,29,0,29,0,25,50,0,75,10,0,10,85
10/14/2000,DBQ,IA,ACE,CE,Federal Contract Tower,0,22,17,0,39,0,1,96,0,97,0,23,113,0,136,26,0,26,162
10/15/2000,DBQ,IA,ACE,CE,Federal Contract Tower,0,18,14,0,32,0,0,58,0,58,0,18,72,0,90,16,0,16,106
10/16/2000,DBQ,IA,ACE,CE,Federal Contract Tower,0,24,20,0,44,0,0,50,0,50,0,24,70,0,94,108,0,108,202
10/17/2000,DBQ,IA,ACE,CE,Federal Contract Tower,0,39,28,0,67,0,1,66,0,67,0,40,94,0,134,114,0,114,248
10/18/2000,DBQ,IA,ACE,CE,Federal Contract Tower,0,28,19,0,47,0,4,83,0,87,0,32,102,0,134,126,0,126,260
10/19/2000,DBQ,IA,ACE,CE,Federal Contract Tower,0,23,16,0,39,0,5,61,0,66,0,28,77,0,105,8,0,8,113
10/20/2000,DBQ,IA,ACE,CE,Federal Contract Tower,0,26,18,0,44,0,0,52,0,52,0,26,70,0,96,12,0,12,108
10/21/2000,DBQ,IA,ACE,CE,Federal Contract Tower,0,21,16,0,37,0,0,90,0,90,0,21,106,0,127,60,0,60,187
10/22/2000,DBQ,IA,ACE,CE,Federal Contract Tower,0,19,14,0,33,0,0,29,0,29,0,19,43,0,62,16,0,16,78
10/23/2000,DBQ,IA,ACE,CE,Federal Contract Tower,0,23,16,0,39,0,0,0,0,0,0,23,16,0,39,0,0,0,39
10/24/2000,DBQ,IA,ACE,CE,Federal Contract Tower,0,16,13,0,29,0,0,2,0,2,0,16,15,0,31,0,0,0,31
10/25/2000,DBQ,IA,ACE,CE,Federal Contract Tower,0,23,22,0,45,0,0,10,0,10,0,23,32,0,55,0,0,0,55
10/26/2000,DBQ,IA,ACE,CE,Federal Contract Tower,0,27,18,0,45,0,1,8,0,9,0,28,26,0,54,2,0,2,56
10/27/2000,DBQ,IA,ACE,CE,Federal Contract Tower,0,25,21,0,46,0,0,29,0,29,0,25,50,0,75,34,0,34,109
10/28/2000,DBQ,IA,ACE,CE,Federal Contract Tower,0,23,19,0,42,0,0,64,0,64,0,23,83,0,106,90,0,90,196
10/29/2000,DBQ,IA,ACE,CE,Federal Contract Tower,0,13,8,0,21,0,4,48,0,52,0,17,56,0,73,14,0,14,87
10/30/2000,DBQ,IA,ACE,CE,Federal Contract Tower,0,26,22,0,48,2,0,65,0,67,2,26,87,0,115,114,0,114,229
10/31/2000,DBQ,IA,ACE,CE,Federal Contract Tower,0,21,17,0,38,0,0,67,0,67,0,21,84,0,105,122,0,122,227
11/01/2000,DBQ,IA,ACE,CE,Federal Contract Tower,0,21,13,0,34,0,0,16,0,16,0,21,29,0,50,14,0,14,64
11/02/2000,DBQ,IA,ACE,CE,Federal Contract Tower,0,26,16,0,42,0,4,65,0,69,0,30,81,0,111,120,0,120,231
11/03/2000,DBQ,IA,ACE,CE,Federal Contract Tower,0,30,17,0,47,0,2,84,0,86,0,32,101,0,133,110,0,110,243
11/04/2000,DBQ,IA,ACE,CE,Federal Contract Tower,0,19,12,0,31,0,0,130,0,130,0,19,142,0,161,50,0,50,211
11/05/2000,DBQ,IA,ACE,CE,Federal Contract Tower,0,15,11,0,26,0,0,30,0,30,0,15,41,0,56,6,0,6,62
11/06/2000,DBQ,IA,ACE,CE,Federal Contract Tower,0,23,13,0,36,0,2,1,0,3,0,25,14,0,39,44,0,44,83
11/07/2000,DBQ,IA,ACE,CE,Federal Contract Tower,0,24,14,0,38,0,1,0,0,1,0,25,14,0,39,0,0,0,39
11/08/2000,DBQ,IA,ACE,CE,Federal Contract Tower,0,26,16,0,42,0,0,72,0,72,0,26,88,0,114,170,0,170,284
11/09/2000,DBQ,IA,ACE,CE,Federal Contract Tower,0,24,15,0,39,0,0,2,0,2,0,24,17,0,41,0,0,0,41
11/10/2000,DBQ,IA,ACE,CE,Federal Contract Tower,0,26,15,0,41,0,3,24,0,27,0,29,39,0,68,60,0,60,128
11/11/2000,DBQ,IA,ACE,CE,Federal Contract Tower,0,21,12,0,33,0,1,0,0,1,0,22,12,0,34,0,0,0,34
11/12/2000,DBQ,IA,ACE,CE,Federal Contract Tower,0,15,9,0,24,0,0,3,0,3,0,15,12,0,27,0,0,0,27
11/13/2000,DBQ,IA,ACE,CE,Federal Contract Tower,0,25,14,0,39,0,2,0,0,2,0,27,14,0,41,0,0,0,41
11/14/2000,DBQ,IA,ACE,CE,Federal Contract Tower,0,29,18,0,47,0,0,25,0,25,0,29,43,0,72,36,0,36,108
11/15/2000,DBQ,IA,ACE,CE,Federal Contract Tower,0,25,14,0,39,0,2,67,0,69,0,27,81,0,108,52,0,52,160
11/16/2000,DBQ,IA,ACE,CE,Federal Contract Tower,0,28,17,0,45,0,1,1,0,2,0,29,18,0,47,0,0,0,47
11/17/2000,DBQ,IA,ACE,CE,Federal Contract Tower,0,25,17,0,42,0,0,57,0,57,0,25,74,0,99,222,0,222,321
11/18/2000,DBQ,IA,ACE,CE,Federal Contract Tower,0,25,13,0,38,0,0,21,0,21,0,25,34,0,59,52,0,52,111
11/19/2000,DBQ,IA,ACE,CE,Federal Contract Tower,0,17,5,0,22,0,3,0,0,3,0,20,5,0,25,0,0,0,25
11/20/2000,DBQ,IA,ACE,CE,Federal Contract Tower,0,18,11,0,29,0,0,34,0,34,0,18,45,0,63,50,0,50,113
11/21/2000,DBQ,IA,ACE,CE,Federal Contract Tower,0,29,16,0,45,0,1,102,0,103,0,30,118,0,148,130,0,130,278
11/22/2000,DBQ,IA,ACE,CE,Federal Contract Tower,0,24,13,0,37,0,2,74,0,76,0,26,87,0,113,156,0,156,269
11/23/2000,DBQ,IA,ACE,CE,Federal Contract Tower,0,11,5,0,16,0,4,18,0,22,0,15,23,0,38,26,0,26,64
11/24/2000,DBQ,IA,ACE,CE,Federal Contract Tower,0,16,8,0,24,0,4,64,0,68,0,20,72,0,92,12,0,12,104
11/25/2000,DBQ,IA,ACE,CE,Federal Contract Tower,0,24,13,0,37,0,4,49,0,53,0,28,62,0,90,48,0,48,138
11/26/2000,DBQ,IA,ACE,CE,Federal Contract Tower,0,17,13,0,30,0,0,52,0,52,0,17,65,0,82,74,0,74,156
11/27/2000,DBQ,IA,ACE,CE,Federal Contract Tower,0,22,11,0,33,0,4,9,0,13,0,26,20,0,46,26,0,26,72
11/28/2000,DBQ,IA,ACE,CE,Federal Contract Tower,0,26,19,0,45,0,0,58,0,58,0,26,77,0,103,114,0,114,217
11/29/2000,DBQ,IA,ACE,CE,Federal Contract Tower,0,20,9,0,29,0,2,0,0,2,0,22,9,0,31,0,0,0,31
11/30/2000,DBQ,IA,ACE,CE,Federal Contract Tower,0,22,12,0,34,0,3,17,0,20,0,25,29,0,54,110,0,110,164
12/01/2000,DBQ,IA,ACE,CE,Federal Contract Tower,0,23,12,0,35,0,0,7,0,7,0,23,19,0,42,0,0,0,42
12/02/2000,DBQ,IA,ACE,CE,Federal Contract Tower,0,21,10,0,31,0,0,77,0,77,0,21,87,0,108,118,0,118,226
12/03/2000,DBQ,IA,ACE,CE,Federal Contract Tower,0,14,7,0,21,0,1,57,2,60,0,15,64,2,81,72,0,72,153
12/04/2000,DBQ,IA,ACE,CE,Federal Contract Tower,0,16,8,0,24,0,3,12,0,15,0,19,20,0,39,80,0,80,119
12/05/2000,DBQ,IA,ACE,CE,Federal Contract Tower,0,25,13,0,38,0,0,97,0,97,0,25,110,0,135,180,0,180,315
12/06/2000,DBQ,IA,ACE,CE,Federal Contract Tower,0,24,12,0,36,0,0,5,0,5,0,24,17,0,41,18,0,18,59
12/07/2000,DBQ,IA,ACE,CE,Federal Contract Tower,0,18,10,0,28,0,0,7,0,7,0,18,17,0,35,14,0,14,49
12/08/2000,DBQ,IA,ACE,CE,Federal Contract Tower,0,22,15,0,37,0,0,87,0,87,0,22,102,0,124,120,0,120,244
12/09/2000,DBQ,IA,ACE,CE,Federal Contract Tower,0,19,10,0,29,0,3,48,0,51,0,22,58,0,80,98,0,98,178
12/10/2000,DBQ,IA,ACE,CE,Federal Contract Tower,0,17,7,0,24,0,1,0,0,1,0,18,7,0,25,0,0,0,25
12/11/2000,DBQ,IA,ACE,CE,Federal Contract Tower,0,5,4,0,9,0,0,1,0,1,0,5,5,0,10,0,0,0,10
12/12/2000,DBQ,IA,ACE,CE,Federal Contract Tower,0,16,13,0,29,0,0,22,0,22,0,16,35,0,51,0,0,0,51
12/13/2000,DBQ,IA,ACE,CE,Federal Contract Tower,0,16,8,0,24,0,0,0,0,0,0,16,8,0,24,0,0,0,24
12/14/2000,DBQ,IA,ACE,CE,Federal Contract Tower,0,15,4,0,19,0,7,0,0,7,0,22,4,0,26,0,0,0,26
12/15/2000,DBQ,IA,ACE,CE,Federal Contract Tower,0,25,12,0,37,0,0,4,0,4,0,25,16,0,41,0,0,0,41
12/16/2000,DBQ,IA,ACE,CE,Federal Contract Tower,0,11,4,0,15,0,0,1,0,1,0,11,5,0,16,0,0,0,16
12/17/2000,DBQ,IA,ACE,CE,Federal Contract Tower,0,11,4,0,15,0,4,0,0,4,0,15,4,0,19,0,0,0,19
12/18/2000,DBQ,IA,ACE,CE,Federal Contract Tower,0,19,9,0,28,0,0,1,0,1,0,19,10,0,29,0,0,0,29
12/19/2000,DBQ,IA,ACE,CE,Federal Contract Tower,0,24,10,0,34,0,1,14,0,15,0,25,24,0,49,14,0,14,63
12/20/2000,DBQ,IA,ACE,CE,Federal Contract Tower,0,18,9,0,27,0,0,2,0,2,0,18,11,0,29,0,0,0,29
12/21/2000,DBQ,IA,ACE,CE,Federal Contract Tower,0,20,9,0,29,0,0,3,0,3,0,20,12,0,32,0,0,0,32
12/22/2000,DBQ,IA,ACE,CE,Federal Contract Tower,0,15,8,0,23,0,0,26,0,26,0,15,34,0,49,0,0,0,49
12/23/2000,DBQ,IA,ACE,CE,Federal Contract Tower,0,15,5,0,20,0,4,0,0,4,0,19,5,0,24,0,0,0,24
12/24/2000,DBQ,IA,ACE,CE,Federal Contract Tower,0,13,5,0,18,0,3,12,0,15,0,16,17,0,33,4,0,4,37
12/25/2000,DBQ,IA,ACE,CE,Federal Contract Tower,0,11,4,0,15,0,2,1,0,3,0,13,5,0,18,0,0,0,18
12/26/2000,DBQ,IA,ACE,CE,Federal Contract Tower,0,18,8,0,26,0,4,5,0,9,0,22,13,0,35,24,0,24,59
12/27/2000,DBQ,IA,ACE,CE,Federal Contract Tower,0,20,8,0,28,0,2,22,0,24,0,22,30,0,52,28,0,28,80
12/28/2000,DBQ,IA,ACE,CE,Federal Contract Tower,0,18,7,0,25,0,2,2,0,4,0,20,9,0,29,4,0,4,33
12/29/2000,DBQ,IA,ACE,CE,Federal Contract Tower,0,18,8,0,26,0,0,1,0,1,0,18,9,0,27,0,0,0,27
12/30/2000,DBQ,IA,ACE,CE,Federal Contract Tower,0,22,9,0,31,0,0,8,0,8,0,22,17,0,39,4,0,4,43
12/31/2000,DBQ,IA,ACE,CE,Federal Contract Tower,0,11,0,0,11,0,4,0,0,4,0,15,0,0,15,0,0,0,15
01/01/2001,DBQ,IA,ACE,CE,Federal Contract Tower,0,10,6,0,16,0,2,17,0,19,0,12,23,0,35,24,0,24,59
01/02/2001,DBQ,IA,ACE,CE,Federal Contract Tower,0,18,12,0,30,0,2,26,0,28,0,20,38,0,58,22,0,22,80
01/03/2001,DBQ,IA,ACE,CE,Federal Contract Tower,0,18,10,0,28,0,3,0,0,3,0,21,10,0,31,0,0,0,31
01/04/2001,DBQ,IA,ACE,CE,Federal Contract Tower,0,26,17,0,43,0,0,0,0,0,0,26,17,0,43,0,0,0,43
01/05/2001,DBQ,IA,ACE,CE,Federal Contract Tower,0,22,15,0,37,0,1,26,0,27,0,23,41,0,64,12,0,12,76
01/06/2001,DBQ,IA,ACE,CE,Federal Contract Tower,0,12,9,0,21,0,4,41,0,45,0,16,50,0,66,0,0,0,66
01/07/2001,DBQ,IA,ACE,CE,Federal Contract Tower,0,16,11,0,27,0,2,4,0,6,0,18,15,0,33,0,0,0,33
01/08/2001,DBQ,IA,ACE,CE,Federal Contract Tower,0,22,14,0,36,0,5,19,0,24,0,27,33,0,60,74,0,74,134
01/09/2001,DBQ,IA,ACE,CE,Federal Contract Tower,0,30,21,0,51,0,0,34,0,34,0,30,55,0,85,62,0,62,147
01/10/2001,DBQ,IA,ACE,CE,Federal Contract Tower,0,22,14,0,36,0,1,42,0,43,0,23,56,0,79,100,0,100,179
01/11/2001,DBQ,IA,ACE,CE,Federal Contract Tower,0,25,15,0,40,0,5,19,0,24,0,30,34,0,64,48,0,48,112
01/12/2001,DBQ,IA,ACE,CE,Federal Contract Tower,0,11,8,0,19,0,0,4,0,4,0,11,12,0,23,0,0,0,23
01/13/2001,DBQ,IA,ACE,CE,Federal Contract Tower,0,18,9,0,27,0,0,3,0,3,0,18,12,0,30,0,0,0,30
01/14/2001,DBQ,IA,ACE,CE,Federal Contract Tower,0,9,2,0,11,0,2,0,0,2,0,11,2,0,13,0,0,0,13
01/15/2001,DBQ,IA,ACE,CE,Federal Contract Tower,0,14,6,0,20,0,2,0,0,2,0,16,6,0,22,0,0,0,22
01/16/2001,DBQ,IA,ACE,CE,Federal Contract Tower,0,22,12,0,34,0,3,11,0,14,0,25,23,0,48,52,0,52,100
01/17/2001,DBQ,IA,ACE,CE,Federal Contract Tower,0,25,17,0,42,0,0,74,0,74,0,25,91,0,116,112,0,112,228
01/18/2001,DBQ,IA,ACE,CE,Federal Contract Tower,0,27,17,0,44,0,0,48,0,48,0,27,65,0,92,216,0,216,308
01/19/2001,DBQ,IA,ACE,CE,Federal Contract Tower,0,27,17,0,44,0,0,39,0,39,0,27,56,0,83,72,0,72,155
01/20/2001,DBQ,IA,ACE,CE,Federal Contract Tower,0,19,10,0,29,0,2,101,0,103,0,21,111,0,132,132,0,132,264
01/21/2001,DBQ,IA,ACE,CE,Federal Contract Tower,0,17,9,0,26,0,0,58,0,58,0,17,67,0,84,24,0,24,108
01/22/2001,DBQ,IA,ACE,CE,Federal Contract Tower,0,24,13,0,37,0,2,70,0,72,0,26,83,0,109,82,0,82,191
01/23/2001,DBQ,IA,ACE,CE,Federal Contract Tower,0,27,21,0,48,0,0,63,0,63,0,27,84,0,111,66,0,66,177
01/24/2001,DBQ,IA,ACE,CE,Federal Contract Tower,0,25,14,0,39,0,0,50,0,50,0,25,64,0,89,56,0,56,145
01/25/2001,DBQ,IA,ACE,CE,Federal Contract Tower,0,28,16,0,44,0,0,107,0,107,0,28,123,0,151,90,0,90,241
01/26/2001,DBQ,IA,ACE,CE,Federal Contract Tower,0,21,13,0,34,0,0,7,0,7,0,21,20,0,41,0,0,0,41
01/27/2001,DBQ,IA,ACE,CE,Federal Contract Tower,0,20,13,0,33,0,0,77,6,83,0,20,90,6,116,82,0,82,198
01/28/2001,DBQ,IA,ACE,CE,Federal Contract Tower,0,13,6,0,19,0,5,22,0,27,0,18,28,0,46,48,0,48,94
01/29/2001,DBQ,IA,ACE,CE,Federal Contract Tower,0,8,5,0,13,0,0,1,0,1,0,8,6,0,14,0,0,0,14
01/30/2001,DBQ,IA,ACE,CE,Federal Contract Tower,0,19,10,0,29,0,0,10,0,10,0,19,20,0,39,0,0,0,39
01/31/2001,DBQ,IA,ACE,CE,Federal Contract Tower,0,20,10,0,30,0,1,2,0,3,0,21,12,0,33,2,0,2,35
02/01/2001,DBQ,IA,ACE,CE,Federal Contract Tower,0,19,13,0,32,0,3,59,0,62,0,22,72,0,94,64,0,64,158
02/02/2001,DBQ,IA,ACE,CE,Federal Contract Tower,0,19,14,0,33,0,0,46,0,46,0,19,60,0,79,54,0,54,133
02/03/2001,DBQ,IA,ACE,CE,Federal Contract Tower,0,15,10,0,25,0,4,22,0,26,0,19,32,0,51,50,0,50,101
02/04/2001,DBQ,IA,ACE,CE,Federal Contract Tower,0,8,5,0,13,0,2,0,0,2,0,10,5,0,15,0,0,0,15
02/05/2001,DBQ,IA,ACE,CE,Federal Contract Tower,0,21,14,0,35,0,5,28,0,33,0,26,42,0,68,32,0,32,100
02/06/2001,DBQ,IA,ACE,CE,Federal Contract Tower,0,25,23,0,48,0,0,11,0,11,0,25,34,0,59,0,0,0,59
02/07/2001,DBQ,IA,ACE,CE,Federal Contract Tower,0,25,16,0,41,0,5,14,0,19,0,30,30,0,60,36,0,36,96
02/08/2001,DBQ,IA,ACE,CE,Federal Contract Tower,0,3,2,0,5,0,0,0,0,0,0,3,2,0,5,0,0,0,5
02/09/2001,DBQ,IA,ACE,CE,Federal Contract Tower,0,7,6,0,13,0,0,1,0,1,0,7,7,0,14,0,0,0,14
02/10/2001,DBQ,IA,ACE,CE,Federal Contract Tower,0,19,13,0,32,0,2,66,0,68,0,21,79,0,100,86,0,86,186
02/11/2001,DBQ,IA,ACE,CE,Federal Contract Tower,0,12,8,0,20,0,3,68,0,71,0,15,76,0,91,98,0,98,189
02/12/2001,DBQ,IA,ACE,CE,Federal Contract Tower,0,25,16,0,41,0,0,30,0,30,0,25,46,0,71,78,0,78,149
02/13/2001,DBQ,IA,ACE,CE,Federal Contract Tower,0,24,18,0,42,0,0,11,0,11,0,24,29,0,53,0,0,0,53
02/14/2001,DBQ,IA,ACE,CE,Federal Contract Tower,0,16,12,0,28,0,0,5,0,5,0,16,17,0,33,0,0,0,33
02/15/2001,DBQ,IA,ACE,CE,Federal Contract Tower,0,29,18,0,47,0,0,15,0,15,0,29,33,0,62,54,0,54,116
02/16/2001,DBQ,IA,ACE,CE,Federal Contract Tower,0,21,15,0,36,0,0,88,0,88,0,21,103,0,124,88,0,88,212
02/17/2001,DBQ,IA,ACE,CE,Federal Contract Tower,0,17,10,0,27,0,0,80,2,82,0,17,90,2,109,102,0,102,211
02/18/2001,DBQ,IA,ACE,CE,Federal Contract Tower,0,13,7,0,20,0,0,68,0,68,0,13,75,0,88,94,0,94,182
02/19/2001,DBQ,IA,ACE,CE,Federal Contract Tower,0,23,16,0,39,0,0,42,0,42,0,23,58,0,81,90,0,90,171
02/20/2001,DBQ,IA,ACE,CE,Federal Contract Tower,0,23,13,0,36,0,5,51,0,56,0,28,64,0,92,100,0,100,192
02/21/2001,DBQ,IA,ACE,CE,Federal Contract Tower,0,32,19,0,51,0,3,92,0,95,0,35,111,0,146,124,0,124,270
02/22/2001,DBQ,IA,ACE,CE,Federal Contract Tower,0,24,15,0,39,0,1,1,0,2,0,25,16,0,41,0,0,0,41
02/23/2001,DBQ,IA,ACE,CE,Federal Contract Tower,0,21,13,0,34,0,1,68,2,71,0,22,81,2,105,68,0,68,173
02/24/2001,DBQ,IA,ACE,CE,Federal Contract Tower,0,7,5,0,12,0,0,2,0,2,0,7,7,0,14,0,0,0,14
02/25/2001,DBQ,IA,ACE,CE,Federal Contract Tower,0,9,5,0,14,0,0,1,0,1,0,9,6,0,15,0,0,0,15
02/26/2001,DBQ,IA,ACE,CE,Federal Contract Tower,0,24,15,0,39,0,6,55,6,67,0,30,70,6,106,52,0,52,158
02/27/2001,DBQ,IA,ACE,CE,Federal Contract Tower,0,26,16,0,42,0,1,68,0,69,0,27,84,0,111,134,0,134,245
02/28/2001,DBQ,IA,ACE,CE,Federal Contract Tower,0,27,16,0,43,0,0,88,0,88,0,27,104,0,131,88,0,88,219
03/01/2001,DBQ,IA,ACE,CE,Federal Contract Tower,0,26,14,0,40,0,1,40,0,41,0,27,54,0,81,54,0,54,135
03/02/2001,DBQ,IA,ACE,CE,Federal Contract Tower,0,23,12,0,35,0,4,25,0,29,0,27,37,0,64,62,0,62,126
03/03/2001,DBQ,IA,ACE,CE,Federal Contract Tower,0,17,9,0,26,0,7,38,0,45,0,24,47,0,71,158,0,158,229
03/04/2001,DBQ,IA,ACE,CE,Federal Contract Tower,0,18,10,0,28,0,0,57,0,57,0,18,67,0,85,40,0,40,125
03/05/2001,DBQ,IA,ACE,CE,Federal Contract Tower,0,19,11,0,30,0,6,27,0,33,0,25,38,0,63,70,0,70,133
03/06/2001,DBQ,IA,ACE,CE,Federal Contract Tower,0,21,12,0,33,0,7,38,0,45,0,28,50,0,78,86,0,86,164
03/07/2001,DBQ,IA,ACE,CE,Federal Contract Tower,0,20,11,0,31,0,5,2,0,7,0,25,13,0,38,34,0,34,72
03/08/2001,DBQ,IA,ACE,CE,Federal Contract Tower,0,27,14,0,41,0,0,17,0,17,0,27,31,0,58,18,0,18,76
03/09/2001,DBQ,IA,ACE,CE,Federal Contract Tower,0,30,16,0,46,0,2,47,2,51,0,32,63,2,97,48,2,50,147
03/10/2001,DBQ,IA,ACE,CE,Federal Contract Tower,0,19,10,0,29,0,0,33,0,33,0,19,43,0,62,34,0,34,96
03/11/2001,DBQ,IA,ACE,CE,Federal Contract Tower,0,14,8,0,22,0,3,56,4,63,0,17,64,4,85,34,6,40,125
03/12/2001,DBQ,IA,ACE,CE,Federal Contract Tower,0,14,6,0,20,0,2,0,0,2,0,16,6,0,22,0,0,0,22
03/13/2001,DBQ,IA,ACE,CE,Federal Contract Tower,0,24,13,1,38,0,0,26,1,27,0,24,39,2,65,44,4,48,113
03/14/2001,DBQ,IA,ACE,CE,Federal Contract Tower,0,26,14,0,40,0,0,53,0,53,0,26,67,0,93,74,0,74,167
03/15/2001,DBQ,IA,ACE,CE,Federal Contract Tower,0,24,11,0,35,0,0,0,0,0,0,24,11,0,35,2,0,2,37
03/16/2001,DBQ,IA,ACE,CE,Federal Contract Tower,0,20,14,0,34,0,0,8,0,8,0,20,22,0,42,0,0,0,42
03/17/2001,DBQ,IA,ACE,CE,Federal Contract Tower,0,19,9,0,28,0,2,109,0,111,0,21,118,0,139,110,0,110,249
03/18/2001,DBQ,IA,ACE,CE,Federal Contract Tower,0,12,6,0,18,0,5,64,0,69,0,17,70,0,87,94,0,94,181
03/19/2001,DBQ,IA,ACE,CE,Federal Contract Tower,0,21,10,0,31,0,4,90,0,94,0,25,100,0,125,90,0,90,215
03/20/2001,DBQ,IA,ACE,CE,Federal Contract Tower,0,22,13,0,35,0,0,102,0,102,0,22,115,0,137,172,0,172,309
03/21/2001,DBQ,IA,ACE,CE,Federal Contract Tower,0,26,13,0,39,0,0,52,0,52,0,26,65,0,91,136,0,136,227
03/22/2001,DBQ,IA,ACE,CE,Federal Contract Tower,0,26,13,0,39,0,0,88,2,90,0,26,101,2,129,152,2,154,283
03/23/2001,DBQ,IA,ACE,CE,Federal Contract Tower,0,26,20,0,46,0,0,54,2,56,0,26,74,2,102,62,0,62,164
03/24/2001,DBQ,IA,ACE,CE,Federal Contract Tower,0,19,13,0,32,0,0,64,0,64,0,19,77,0,96,54,0,54,150
03/25/2001,DBQ,IA,ACE,CE,Federal Contract Tower,0,16,10,0,26,0,0,25,0,25,0,16,35,0,51,6,0,6,57
03/26/2001,DBQ,IA,ACE,CE,Federal Contract Tower,0,26,13,0,39,0,2,66,0,68,0,28,79,0,107,80,0,80,187
03/27/2001,DBQ,IA,ACE,CE,Federal Contract Tower,0,26,12,0,38,0,1,116,0,117,0,27,128,0,155,152,0,152,307
03/28/2001,DBQ,IA,ACE,CE,Federal Contract Tower,0,28,13,0,41,0,0,35,0,35,0,28,48,0,76,56,0,56,132
03/29/2001,DBQ,IA,ACE,CE,Federal Contract Tower,0,28,14,0,42,0,1,20,0,21,0,29,34,0,63,90,0,90,153
03/30/2001,DBQ,IA,ACE,CE,Federal Contract Tower,0,21,10,0,31,0,3,31,0,34,0,24,41,0,65,8,0,8,73
03/31/2001,DBQ,IA,ACE,CE,Federal Contract Tower,0,17,8,0,25,0,3,6,0,9,0,20,14,0,34,10,0,10,44
04/01/2001,DBQ,IA,ACE,CE,Federal Contract Tower,0,13,7,0,20,0,1,60,0,61,0,14,67,0,81,28,0,28,109
04/02/2001,DBQ,IA,ACE,CE,Federal Contract Tower,0,22,8,0,30,0,3,69,0,72,0,25,77,0,102,122,0,122,224
04/03/2001,DBQ,IA,ACE,CE,Federal Contract Tower,0,27,13,0,40,0,0,9,0,9,0,27,22,0,49,0,0,0,49
04/04/2001,DBQ,IA,ACE,CE,Federal Contract Tower,0,24,12,2,38,0,1,68,0,69,0,25,80,2,107,96,0,96,203
04/05/2001,DBQ,IA,ACE,CE,Federal Contract Tower,0,22,8,0,30,0,0,11,0,11,0,22,19,0,41,20,0,20,61
04/06/2001,DBQ,IA,ACE,CE,Federal Contract Tower,0,18,7,0,25,0,0,0,0,0,0,18,7,0,25,0,0,0,25
04/07/2001,DBQ,IA,ACE,CE,Federal Contract Tower,0,6,4,0,10,0,0,2,0,2,0,6,6,0,12,0,0,0,12
04/08/2001,DBQ,IA,ACE,CE,Federal Contract Tower,0,21,14,0,35,0,0,110,0,110,0,21,124,0,145,86,0,86,231
04/09/2001,DBQ,IA,ACE,CE,Federal Contract Tower,0,22,17,0,39,0,0,8,0,8,0,22,25,0,47,26,0,26,73
04/10/2001,DBQ,IA,ACE,CE,Federal Contract Tower,0,27,33,0,60,0,0,19,0,19,0,27,52,0,79,40,0,40,119
04/11/2001,DBQ,IA,ACE,CE,Federal Contract Tower,0,24,5,0,29,0,0,2,0,2,0,24,7,0,31,0,0,0,31
04/12/2001,DBQ,IA,ACE,CE,Federal Contract Tower,0,13,9,0,22,0,0,5,0,5,0,13,14,0,27,0,0,0,27
04/13/2001,DBQ,IA,ACE,CE,Federal Contract Tower,0,23,13,0,36,0,0,71,0,71,0,23,84,0,107,82,0,82,189
04/14/2001,DBQ,IA,ACE,CE,Federal Contract Tower,0,20,10,0,30,0,0,82,0,82,0,20,92,0,112,90,0,90,202
04/15/2001,DBQ,IA,ACE,CE,Federal Contract Tower,0,17,12,0,29,0,0,2,0,2,0,17,14,0,31,4,0,4,35
04/16/2001,DBQ,IA,ACE,CE,Federal Contract Tower,0,23,13,0,36,0,0,8,0,8,0,23,21,0,44,0,0,0,44
04/17/2001,DBQ,IA,ACE,CE,Federal Contract Tower,0,23,29,0,52,0,0,58,0,58,0,23,87,0,110,58,0,58,168
04/18/2001,DBQ,IA,ACE,CE,Federal Contract Tower,0,29,21,0,50,0,1,100,0,101,0,30,121,0,151,144,0,144,295
04/19/2001,DBQ,IA,ACE,CE,Federal Contract Tower,0,26,10,0,36,0,0,78,0,78,0,26,88,0,114,52,0,52,166
04/20/2001,DBQ,IA,ACE,CE,Federal Contract Tower,0,24,16,0,40,0,0,30,2,32,0,24,46,2,72,0,0,0,72
04/21/2001,DBQ,IA,ACE,CE,Federal Contract Tower,0,16,14,0,30,0,0,2,4,6,0,16,16,4,36,0,0,0,36
04/22/2001,DBQ,IA,ACE,CE,Federal Contract Tower,0,14,13,2,29,0,0,3,0,3,0,14,16,2,32,0,0,0,32
04/23/2001,DBQ,IA,ACE,CE,Federal Contract Tower,0,13,3,0,16,0,0,2,0,2,0,13,5,0,18,0,0,0,18
04/24/2001,DBQ,IA,ACE,CE,Federal Contract Tower,0,26,21,0,47,0,1,121,0,122,0,27,142,0,169,122,0,122,291
04/25/2001,DBQ,IA,ACE,CE,Federal Contract Tower,0,26,31,0,57,0,0,49,2,51,0,26,80,2,108,88,2,90,198
04/26/2001,DBQ,IA,ACE,CE,Federal Contract Tower,0,26,11,0,37,0,0,25,0,25,0,26,36,0,62,8,0,8,70
04/27/2001,DBQ,IA,ACE,CE,Federal Contract Tower,0,24,10,0,34,0,0,125,0,125,0,24,135,0,159,136,0,136,295
04/28/2001,DBQ,IA,ACE,CE,Federal Contract Tower,0,17,5,0,22,0,1,83,0,84,0,18,88,0,106,102,0,102,208
04/29/2001,DBQ,IA,ACE,CE,Federal Contract Tower,0,15,12,0,27,0,1,54,0,55,0,16,66,0,82,4,0,4,86
04/30/2001,DBQ,IA,ACE,CE,Federal Contract Tower,0,22,6,0,28,0,0,15,0,15,0,22,21,0,43,6,0,6,49
05/01/2001,DBQ,IA,ACE,CE,Federal Contract Tower,0,23,20,0,43,0,0,19,0,19,0,23,39,0,62,18,0,18,80
05/02/2001,DBQ,IA,ACE,CE,Federal Contract Tower,0,28,15,0,43,0,0,18,0,18,0,28,33,0,61,0,0,0,61
05/03/2001,DBQ,IA,ACE,CE,Federal Contract Tower,0,25,15,0,40,0,0,5,0,5,0,25,20,0,45,18,0,18,63
05/04/2001,DBQ,IA,ACE,CE,Federal Contract Tower,0,28,35,0,63,0,0,6,0,6,0,28,41,0,69,0,0,0,69
05/05/2001,DBQ,IA,ACE,CE,Federal Contract Tower,0,20,11,0,31,0,0,19,0,19,0,20,30,0,50,14,0,14,64
05/06/2001,DBQ,IA,ACE,CE,Federal Contract Tower,0,15,5,0,20,0,0,28,0,28,0,15,33,0,48,30,0,30,78
05/07/2001,DBQ,IA,ACE,CE,Federal Contract Tower,0,23,10,0,33,0,0,75,0,75,0,23,85,0,108,38,0,38,146
05/08/2001,DBQ,IA,ACE,CE,Federal Contract Tower,0,26,25,0,51,0,1,37,0,38,0,27,62,0,89,2,0,2,91
05/09/2001,DBQ,IA,ACE,CE,Federal Contract Tower,0,26,20,0,46,0,1,34,0,35,0,27,54,0,81,20,0,20,101
05/10/2001,DBQ,IA,ACE,CE,Federal Contract Tower,0,29,11,0,40,0,1,51,0,52,0,30,62,0,92,64,0,64,156
05/11/2001,DBQ,IA,ACE,CE,Federal Contract Tower,0,26,20,0,46,0,0,35,0,35,0,26,55,0,81,54,0,54,135
05/12/2001,DBQ,IA,ACE,CE,Federal Contract Tower,0,19,20,0,39,0,0,60,2,62,0,19,80,2,101,118,0,118,219
05/13/2001,DBQ,IA,ACE,CE,Federal Contract Tower,0,14,6,0,20,0,0,28,0,28,0,14,34,0,48,18,0,18,66
05/14/2001,DBQ,IA,ACE,CE,Federal Contract Tower,0,26,15,0,41,0,0,17,0,17,0,26,32,0,58,2,0,2,60
05/15/2001,DBQ,IA,ACE,CE,Federal Contract Tower,0,26,12,0,38,0,0,43,0,43,0,26,55,0,81,20,0,20,101
05/16/2001,DBQ,IA,ACE,CE,Federal Contract Tower,0,23,24,0,47,0,0,90,0,90,0,23,114,0,137,88,0,88,225
05/17/2001,DBQ,IA,ACE,CE,Federal Contract Tower,0,28,12,1,41,0,0,101,0,101,0,28,113,1,142,110,0,110,252
05/18/2001,DBQ,IA,ACE,CE,Federal Contract Tower,0,29,23,1,53,0,1,74,2,77,0,30,97,3,130,110,0,110,240
05/19/2001,DBQ,IA,ACE,CE,Federal Contract Tower,0,19,9,0,28,0,0,99,0,99,0,19,108,0,127,40,0,40,167
05/20/2001,DBQ,IA,ACE,CE,Federal Contract Tower,0,15,14,0,29,0,0,19,0,19,0,15,33,0,48,16,0,16,64
05/21/2001,DBQ,IA,ACE,CE,Federal Contract Tower,0,23,16,0,39,0,0,6,0,6,0,23,22,0,45,0,0,0,45
05/22/2001,DBQ,IA,ACE,CE,Federal Contract Tower,0,27,31,0,58,0,0,19,0,19,0,27,50,0,77,12,0,12,89
05/23/2001,DBQ,IA,ACE,CE,Federal Contract Tower,0,29,25,0,54,0,0,17,0,17,0,29,42,0,71,32,0,32,103
05/24/2001,DBQ,IA,ACE,CE,Federal Contract Tower,0,28,26,0,54,0,0,30,0,30,0,28,56,0,84,32,0,32,116
05/25/2001,DBQ,IA,ACE,CE,Federal Contract Tower,0,25,24,0,49,0,0,26,0,26,0,25,50,0,75,50,0,50,125
05/26/2001,DBQ,IA,ACE,CE,Federal Contract Tower,0,20,5,0,25,0,0,5,0,5,0,20,10,0,30,0,0,0,30
05/27/2001,DBQ,IA,ACE,CE,Federal Contract Tower,0,16,7,0,23,0,0,41,0,41,0,16,48,0,64,40,0,40,104
05/28/2001,DBQ,IA,ACE,CE,Federal Contract Tower,0,19,11,0,30,0,0,43,0,43,0,19,54,0,73,16,0,16,89
05/29/2001,DBQ,IA,ACE,CE,Federal Contract Tower,0,26,17,0,43,0,0,76,0,76,0,26,93,0,119,74,0,74,193
05/30/2001,DBQ,IA,ACE,CE,Federal Contract Tower,0,27,15,0,42,0,0,79,2,81,0,27,94,2,123,74,0,74,197
05/31/2001,DBQ,IA,ACE,CE,Federal Contract Tower,0,25,22,0,47,0,0,15,0,15,0,25,37,0,62,64,0,64,126
06/01/2001,DBQ,IA,ACE,CE,Federal Contract Tower,0,25,8,0,33,0,0,21,0,21,0,25,29,0,54,18,0,18,72
06/02/2001,DBQ,IA,ACE,CE,Federal Contract Tower,0,18,14,0,32,0,0,18,0,18,0,18,32,0,50,22,0,22,72
06/03/2001,DBQ,IA,ACE,CE,Federal Contract Tower,0,17,16,0,33,0,0,46,0,46,0,17,62,0,79,44,0,44,123
06/04/2001,DBQ,IA,ACE,CE,Federal Contract Tower,0,24,18,0,42,0,0,25,0,25,0,24,43,0,67,40,0,40,107
06/05/2001,DBQ,IA,ACE,CE,Federal Contract Tower,0,26,11,0,37,0,0,0,0,0,0,26,11,0,37,0,0,0,37
06/06/2001,DBQ,IA,ACE,CE,Federal Contract Tower,0,22,22,0,44,0,0,0,0,0,0,22,22,0,44,0,0,0,44
06/07/2001,DBQ,IA,ACE,CE,Federal Contract Tower,0,22,51,0,73,0,0,24,0,24,0,22,75,0,97,30,0,30,127
06/08/2001,DBQ,IA,ACE,CE,Federal Contract Tower,0,21,36,0,57,0,0,90,0,90,0,21,126,0,147,56,0,56,203
06/09/2001,DBQ,IA,ACE,CE,Federal Contract Tower,0,16,13,0,29,0,0,78,0,78,0,16,91,0,107,58,0,58,165
06/10/2001,DBQ,IA,ACE,CE,Federal Contract Tower,0,13,9,0,22,0,0,16,0,16,0,13,25,0,38,4,0,4,42
06/11/2001,DBQ,IA,ACE,CE,Federal Contract Tower,0,22,25,2,49,0,0,68,0,68,0,22,93,2,117,40,22,62,179
06/12/2001,DBQ,IA,ACE,CE,Federal Contract Tower,0,21,25,0,46,0,0,9,0,9,0,21,34,0,55,28,0,28,83
06/13/2001,DBQ,IA,ACE,CE,Federal Contract Tower,0,21,31,0,52,0,0,11,0,11,0,21,42,0,63,2,0,2,65
06/14/2001,DBQ,IA,ACE,CE,Federal Contract Tower,0,21,22,0,43,0,2,24,0,26,0,23,46,0,69,14,0,14,83
06/15/2001,DBQ,IA,ACE,CE,Federal Contract Tower,0,20,13,0,33,0,0,36,0,36,0,20,49,0,69,28,0,28,97
06/16/2001,DBQ,IA,ACE,CE,Federal Contract Tower,0,16,13,0,29,0,0,49,0,49,0,16,62,0,78,44,0,44,122
06/17/2001,DBQ,IA,ACE,CE,Federal Contract Tower,0,15,12,0,27,0,0,64,0,64,0,15,76,0,91,24,0,24,115
06/18/2001,DBQ,IA,ACE,CE,Federal Contract Tower,0,20,14,0,34,0,0,1,0,1,0,20,15,0,35,0,0,0,35
06/19/2001,DBQ,IA,ACE,CE,Federal Contract Tower,0,21,24,0,45,0,0,47,0,47,0,21,71,0,92,12,0,12,104
06/20/2001,DBQ,IA,ACE,CE,Federal Contract Tower,0,23,25,0,48,0,1,100,0,101,0,24,125,0,149,100,0,100,249
06/21/2001,DBQ,IA,ACE,CE,Federal Contract Tower,0,24,25,0,49,0,0,50,0,50,0,24,75,0,99,48,0,48,147
06/22/2001,DBQ,IA,ACE,CE,Federal Contract Tower,0,23,26,0,49,0,0,43,0,43,0,23,69,0,92,48,0,48,140
06/23/2001,DBQ,IA,ACE,CE,Federal Contract Tower,0,18,5,0,23,0,0,87,0,87,0,18,92,0,110,56,0,56,166
06/24/2001,DBQ,IA,ACE,CE,Federal Contract Tower,0,15,8,0,23,0,0,87,0,87,0,15,95,0,110,30,0,30,140
06/25/2001,DBQ,IA,ACE,CE,Federal Contract Tower,0,23,13,0,36,0,0,65,0,65,0,23,78,0,101,36,0,36,137
06/26/2001,DBQ,IA,ACE,CE,Federal Contract Tower,0,21,28,0,49,0,0,49,0,49,0,21,77,0,98,16,0,16,114
06/27/2001,DBQ,IA,ACE,CE,Federal Contract Tower,0,21,12,0,33,0,0,57,0,57,0,21,69,0,90,54,0,54,144
06/28/2001,DBQ,IA,ACE,CE,Federal Contract Tower,0,22,14,0,36,0,0,53,0,53,0,22,67,0,89,46,0,46,135
06/29/2001,DBQ,IA,ACE,CE,Federal Contract Tower,0,21,32,0,53,0,0,43,0,43,0,21,75,0,96,62,0,62,158
06/30/2001,DBQ,IA,ACE,CE,Federal Contract Tower,0,16,8,0,24,0,0,50,0,50,0,16,58,0,74,36,0,36,110
07/01/2001,DBQ,IA,ACE,CE,Federal Contract Tower,0,16,5,0,21,0,1,32,0,33,0,17,37,0,54,24,0,24,78
07/02/2001,DBQ,IA,ACE,CE,Federal Contract Tower,0,21,21,1,43,0,1,67,1,69,0,22,88,2,112,54,4,58,170
07/03/2001,DBQ,IA,ACE,CE,Federal Contract Tower,0,26,16,0,42,0,1,49,2,52,0,27,65,2,94,24,2,26,120
07/04/2001,DBQ,IA,ACE,CE,Federal Contract Tower,0,14,10,1,25,0,1,46,1,48,0,15,56,2,73,10,0,10,83
07/05/2001,DBQ,IA,ACE,CE,Federal Contract Tower,0,19,16,0,35,0,0,57,0,57,0,19,73,0,92,70,0,70,162
07/06/2001,DBQ,IA,ACE,CE,Federal Contract Tower,0,26,11,0,37,0,1,61,0,62,0,27,72,0,99,58,0,58,157
07/07/2001,DBQ,IA,ACE,CE,Federal Contract Tower,0,16,20,0,36,0,0,18,0,18,0,16,38,0,54,24,0,24,78
07/08/2001,DBQ,IA,ACE,CE,Federal Contract Tower,0,17,12,0,29,0,0,34,0,34,0,17,46,0,63,34,0,34,97
07/09/2001,DBQ,IA,ACE,CE,Federal Contract Tower,0,25,14,0,39,0,1,50,0,51,0,26,64,0,90,34,0,34,124
07/10/2001,DBQ,IA,ACE,CE,Federal Contract Tower,0,19,17,2,38,0,1,71,0,72,0,20,88,2,110,58,0,58,168
07/11/2001,DBQ,IA,ACE,CE,Federal Contract Tower,0,22,13,4,39,0,0,78,0,78,0,22,91,4,117,44,18,62,179
07/12/2001,DBQ,IA,ACE,CE,Federal Contract Tower,0,18,15,0,33,0,0,54,0,54,0,18,69,0,87,54,0,54,141
07/13/2001,DBQ,IA,ACE,CE,Federal Contract Tower,0,25,31,0,56,0,1,17,0,18,0,26,48,0,74,28,0,28,102
07/14/2001,DBQ,IA,ACE,CE,Federal Contract Tower,0,16,7,0,23,0,1,72,0,73,0,17,79,0,96,30,0,30,126
07/15/2001,DBQ,IA,ACE,CE,Federal Contract Tower,0,17,14,2,33,0,0,44,2,46,0,17,58,4,79,48,0,48,127
07/16/2001,DBQ,IA,ACE,CE,Federal Contract Tower,0,21,11,0,32,0,0,88,0,88,0,21,99,0,120,76,0,76,196
07/17/2001,DBQ,IA,ACE,CE,Federal Contract Tower,0,18,30,0,48,0,0,36,0,36,0,18,66,0,84,62,0,62,146
07/18/2001,DBQ,IA,ACE,CE,Federal Contract Tower,0,24,14,0,38,0,0,36,0,36,0,24,50,0,74,52,0,52,126
07/19/2001,DBQ,IA,ACE,CE,Federal Contract Tower,0,24,20,0,44,0,0,17,0,17,0,24,37,0,61,22,0,22,83
07/20/2001,DBQ,IA,ACE,CE,Federal Contract Tower,0,23,22,0,45,0,0,41,0,41,0,23,63,0,86,46,0,46,132
07/21/2001,DBQ,IA,ACE,CE,Federal Contract Tower,0,17,24,0,41,0,0,46,0,46,0,17,70,0,87,30,0,30,117
07/22/2001,DBQ,IA,ACE,CE,Federal Contract Tower,0,13,14,0,27,0,0,96,0,96,0,13,110,0,123,12,0,12,135
07/23/2001,DBQ,IA,ACE,CE,Federal Contract Tower,0,19,10,0,29,0,0,52,0,52,0,19,62,0,81,64,0,64,145
07/24/2001,DBQ,IA,ACE,CE,Federal Contract Tower,0,22,25,0,47,0,0,82,0,82,0,22,107,0,129,40,0,40,169
07/25/2001,DBQ,IA,ACE,CE,Federal Contract Tower,0,21,27,0,48,0,0,9,0,9,0,21,36,0,57,4,0,4,61
07/26/2001,DBQ,IA,ACE,CE,Federal Contract Tower,0,23,42,0,65,0,0,94,0,94,0,23,136,0,159,40,0,40,199
07/27/2001,DBQ,IA,ACE,CE,Federal Contract Tower,0,23,13,0,36,0,0,71,0,71,0,23,84,0,107,34,0,34,141
07/28/2001,DBQ,IA,ACE,CE,Federal Contract Tower,0,16,11,0,27,0,0,22,0,22,0,16,33,0,49,0,0,0,49
07/29/2001,DBQ,IA,ACE,CE,Federal Contract Tower,0,19,10,0,29,0,0,53,0,53,0,19,63,0,82,8,0,8,90
07/30/2001,DBQ,IA,ACE,CE,Federal Contract Tower,0,21,8,0,29,0,0,34,0,34,0,21,42,0,63,26,0,26,89
07/31/2001,DBQ,IA,ACE,CE,Federal Contract Tower,0,24,20,0,44,0,1,34,0,35,0,25,54,0,79,22,0,22,101
08/01/2001,DBQ,IA,ACE,CE,Federal Contract Tower,0,25,18,0,43,0,0,77,0,77,0,25,95,0,120,10,0,10,130
08/02/2001,DBQ,IA,ACE,CE,Federal Contract Tower,0,24,20,0,44,0,0,26,0,26,0,24,46,0,70,10,0,10,80
08/03/2001,DBQ,IA,ACE,CE,Federal Contract Tower,0,23,22,0,45,0,2,28,2,32,0,25,50,2,77,10,0,10,87
08/04/2001,DBQ,IA,ACE,CE,Federal Contract Tower,0,18,16,0,34,0,0,47,2,49,0,18,63,2,83,20,0,20,103
08/05/2001,DBQ,IA,ACE,CE,Federal Contract Tower,0,17,10,3,30,0,1,36,3,40,0,18,46,6,70,32,0,32,102
08/06/2001,DBQ,IA,ACE,CE,Federal Contract Tower,0,26,25,0,51,0,1,52,1,54,0,27,77,1,105,36,0,36,141
08/07/2001,DBQ,IA,ACE,CE,Federal Contract Tower,0,21,13,0,34,0,0,69,0,69,0,21,82,0,103,38,0,38,141
08/08/2001,DBQ,IA,ACE,CE,Federal Contract Tower,0,18,9,2,29,0,0,71,0,71,0,18,80,2,100,120,0,120,220
08/09/2001,DBQ,IA,ACE,CE,Federal Contract Tower,0,23,27,0,50,0,0,48,0,48,0,23,75,0,98,34,0,34,132
08/10/2001,DBQ,IA,ACE,CE,Federal Contract Tower,0,23,19,2,44,0,0,79,0,79,0,23,98,2,123,50,0,50,173
08/11/2001,DBQ,IA,ACE,CE,Federal Contract Tower,0,18,13,0,31,0,0,36,0,36,0,18,49,0,67,10,0,10,77
08/12/2001,DBQ,IA,ACE,CE,Federal Contract Tower,0,17,12,0,29,0,0,58,0,58,0,17,70,0,87,2,0,2,89
08/13/2001,DBQ,IA,ACE,CE,Federal Contract Tower,0,23,24,0,47,0,0,45,0,45,0,23,69,0,92,32,0,32,124
08/14/2001,DBQ,IA,ACE,CE,Federal Contract Tower,0,25,16,0,41,0,0,71,0,71,0,25,87,0,112,56,0,56,168
08/15/2001,DBQ,IA,ACE,CE,Federal Contract Tower,0,23,16,0,39,0,0,42,0,42,0,23,58,0,81,50,0,50,131
08/16/2001,DBQ,IA,ACE,CE,Federal Contract Tower,0,19,37,0,56,0,0,10,0,10,0,19,47,0,66,0,0,0,66
08/17/2001,DBQ,IA,ACE,CE,Federal Contract Tower,0,24,18,0,42,0,4,83,0,87,0,28,101,0,129,72,0,72,201
08/18/2001,DBQ,IA,ACE,CE,Federal Contract Tower,0,16,10,0,26,0,0,10,0,10,0,16,20,0,36,10,0,10,46
08/19/2001,DBQ,IA,ACE,CE,Federal Contract Tower,0,19,18,0,37,0,0,43,0,43,0,19,61,0,80,20,0,20,100
08/20/2001,DBQ,IA,ACE,CE,Federal Contract Tower,0,23,27,0,50,0,2,51,0,53,0,25,78,0,103,30,0,30,133
08/21/2001,DBQ,IA,ACE,CE,Federal Contract Tower,0,24,18,0,42,0,7,19,0,26,0,31,37,0,68,24,0,24,92
08/22/2001,DBQ,IA,ACE,CE,Federal Contract Tower,0,18,17,0,35,0,0,20,0,20,0,18,37,0,55,34,0,34,89
08/23/2001,DBQ,IA,ACE,CE,Federal Contract Tower,0,19,17,0,36,0,1,43,0,44,0,20,60,0,80,36,0,36,116
08/24/2001,DBQ,IA,ACE,CE,Federal Contract Tower,0,22,21,0,43,0,0,9,0,9,0,22,30,0,52,30,0,30,82
08/25/2001,DBQ,IA,ACE,CE,Federal Contract Tower,0,16,13,0,29,0,0,2,0,2,0,16,15,0,31,20,0,20,51
08/26/2001,DBQ,IA,ACE,CE,Federal Contract Tower,0,15,12,0,27,0,0,90,0,90,0,15,102,0,117,14,0,14,131
08/27/2001,DBQ,IA,ACE,CE,Federal Contract Tower,0,22,18,0,40,0,3,37,0,40,0,25,55,0,80,36,0,36,116
08/28/2001,DBQ,IA,ACE,CE,Federal Contract Tower,0,22,18,0,40,0,2,89,0,91,0,24,107,0,131,56,0,56,187
08/29/2001,DBQ,IA,ACE,CE,Federal Contract Tower,0,24,26,0,50,0,0,128,0,128,0,24,154,0,178,126,0,126,304
08/30/2001,DBQ,IA,ACE,CE,Federal Contract Tower,0,23,12,0,35,0,1,70,0,71,0,24,82,0,106,110,0,110,216
08/31/2001,DBQ,IA,ACE,CE,Federal Contract Tower,0,22,13,0,35,0,0,113,0,113,0,22,126,0,148,38,0,38,186
09/01/2001,DBQ,IA,ACE,CE,Federal Contract Tower,0,15,16,0,31,0,0,53,0,53,0,15,69,0,84,42,0,42,126
09/02/2001,DBQ,IA,ACE,CE,Federal Contract Tower,0,13,3,0,16,0,0,53,0,53,0,13,56,0,69,52,0,52,121
09/03/2001,DBQ,IA,ACE,CE,Federal Contract Tower,0,14,28,0,42,0,0,53,0,53,0,14,81,0,95,32,0,32,127
09/04/2001,DBQ,IA,ACE,CE,Federal Contract Tower,0,25,11,0,36,0,0,115,0,115,0,25,126,0,151,114,0,114,265
09/05/2001,DBQ,IA,ACE,CE,Federal Contract Tower,0,16,17,0,33,0,0,85,0,85,0,16,102,0,118,46,0,46,164
09/06/2001,DBQ,IA,ACE,CE,Federal Contract Tower,0,18,20,0,38,0,0,18,0,18,0,18,38,0,56,26,0,26,82
09/07/2001,DBQ,IA,ACE,CE,Federal Contract Tower,0,15,15,0,30,0,0,9,0,9,0,15,24,0,39,4,0,4,43
09/08/2001,DBQ,IA,ACE,CE,Federal Contract Tower,0,10,34,0,44,0,0,2,0,2,0,10,36,0,46,18,0,18,64
09/09/2001,DBQ,IA,ACE,CE,Federal Contract Tower,0,10,20,0,30,0,0,37,0,37,0,10,57,0,67,128,0,128,195
09/10/2001,DBQ,IA,ACE,CE,Federal Contract Tower,0,19,32,0,51,0,1,70,0,71,0,20,102,0,122,54,0,54,176
09/11/2001,DBQ,IA,ACE,CE,Federal Contract Tower,0,4,9,0,13,0,0,2,0,2,0,4,11,0,15,0,0,0,15
09/12/2001,DBQ,IA,ACE,CE,Federal Contract Tower,0,0,0,0,0,0,0,0,0,0,0,0,0,0,0,0,0,0,0
09/13/2001,DBQ,IA,ACE,CE,Federal Contract Tower,0,2,0,0,2,0,0,0,0,0,0,2,0,0,2,0,0,0,2
09/14/2001,DBQ,IA,ACE,CE,Federal Contract Tower,0,10,0,0,10,0,0,0,0,0,0,10,0,0,10,0,0,0,10
09/15/2001,DBQ,IA,ACE,CE,Federal Contract Tower,0,10,15,0,25,0,0,0,0,0,0,10,15,0,25,0,0,0,25
09/16/2001,DBQ,IA,ACE,CE,Federal Contract Tower,0,11,11,0,22,0,0,0,0,0,0,11,11,0,22,0,0,0,22
09/17/2001,DBQ,IA,ACE,CE,Federal Contract Tower,0,16,7,0,23,0,0,0,0,0,0,16,7,0,23,0,0,0,23
09/18/2001,DBQ,IA,ACE,CE,Federal Contract Tower,0,17,29,0,46,0,0,0,0,0,0,17,29,0,46,0,0,0,46
09/19/2001,DBQ,IA,ACE,CE,Federal Contract Tower,0,17,12,0,29,0,0,0,2,2,0,17,12,2,31,0,8,8,39
09/20/2001,DBQ,IA,ACE,CE,Federal Contract Tower,0,20,15,0,35,0,0,12,0,12,0,20,27,0,47,0,24,24,71
09/21/2001,DBQ,IA,ACE,CE,Federal Contract Tower,0,17,35,0,52,0,0,10,0,10,0,17,45,0,62,0,0,0,62
09/22/2001,DBQ,IA,ACE,CE,Federal Contract Tower,0,9,10,0,19,0,0,78,0,78,0,9,88,0,97,52,0,52,149
09/23/2001,DBQ,IA,ACE,CE,Federal Contract Tower,0,8,10,0,18,0,0,3,0,3,0,8,13,0,21,0,0,0,21
09/24/2001,DBQ,IA,ACE,CE,Federal Contract Tower,0,14,23,0,37,0,0,77,0,77,0,14,100,0,114,62,0,62,176
09/25/2001,DBQ,IA,ACE,CE,Federal Contract Tower,0,15,26,0,41,0,1,92,0,93,0,16,118,0,134,56,0,56,190
09/26/2001,DBQ,IA,ACE,CE,Federal Contract Tower,0,14,20,0,34,0,0,98,0,98,0,14,118,0,132,48,0,48,180
09/27/2001,DBQ,IA,ACE,CE,Federal Contract Tower,0,17,12,2,31,0,0,122,0,122,0,17,134,2,153,54,0,54,207
09/28/2001,DBQ,IA,ACE,CE,Federal Contract Tower,0,20,11,0,31,0,0,98,0,98,0,20,109,0,129,98,0,98,227
09/29/2001,DBQ,IA,ACE,CE,Federal Contract Tower,0,8,4,0,12,0,0,74,0,74,0,8,78,0,86,92,0,92,178
09/30/2001,DBQ,IA,ACE,CE,Federal Contract Tower,0,12,14,0,26,0,0,46,0,46,0,12,60,0,72,102,0,102,174
10/01/2001,DBQ,IA,ACE,CE,Federal Contract Tower,0,18,12,0,30,0,1,67,0,68,0,19,79,0,98,74,0,74,172
10/02/2001,DBQ,IA,ACE,CE,Federal Contract Tower,0,18,22,0,40,0,0,78,0,78,0,18,100,0,118,104,0,104,222
10/03/2001,DBQ,IA,ACE,CE,Federal Contract Tower,0,21,23,0,44,0,0,44,0,44,0,21,67,0,88,72,0,72,160
10/04/2001,DBQ,IA,ACE,CE,Federal Contract Tower,0,16,27,2,45,0,0,44,0,44,0,16,71,2,89,124,0,124,213
10/05/2001,DBQ,IA,ACE,CE,Federal Contract Tower,0,19,22,0,41,0,0,89,0,89,0,19,111,0,130,156,0,156,286
10/06/2001,DBQ,IA,ACE,CE,Federal Contract Tower,0,9,12,0,21,0,0,66,0,66,0,9,78,0,87,56,0,56,143
10/07/2001,DBQ,IA,ACE,CE,Federal Contract Tower,0,11,13,0,24,0,1,63,0,64,0,12,76,0,88,0,0,0,88
10/08/2001,DBQ,IA,ACE,CE,Federal Contract Tower,0,15,8,0,23,0,0,51,0,51,0,15,59,0,74,12,0,12,86
10/09/2001,DBQ,IA,ACE,CE,Federal Contract Tower,0,15,15,0,30,0,0,77,0,77,0,15,92,0,107,182,0,182,289
10/10/2001,DBQ,IA,ACE,CE,Federal Contract Tower,0,17,13,0,30,0,0,0,0,0,0,17,13,0,30,0,0,0,30
10/11/2001,DBQ,IA,ACE,CE,Federal Contract Tower,0,18,15,0,33,0,0,117,0,117,0,18,132,0,150,254,0,254,404
10/12/2001,DBQ,IA,ACE,CE,Federal Contract Tower,0,18,11,0,29,0,0,100,2,102,0,18,111,2,131,186,8,194,325
10/13/2001,DBQ,IA,ACE,CE,Federal Contract Tower,0,7,23,0,30,0,0,4,0,4,0,7,27,0,34,0,0,0,34
10/14/2001,DBQ,IA,ACE,CE,Federal Contract Tower,0,13,7,0,20,0,0,62,2,64,0,13,69,2,84,42,0,42,126
10/15/2001,DBQ,IA,ACE,CE,Federal Contract Tower,0,14,14,0,28,0,0,52,0,52,0,14,66,0,80,240,0,240,320
10/16/2001,DBQ,IA,ACE,CE,Federal Contract Tower,0,15,27,0,42,0,1,33,0,34,0,16,60,0,76,206,0,206,282
10/17/2001,DBQ,IA,ACE,CE,Federal Contract Tower,0,14,21,0,35,0,2,142,2,146,0,16,163,2,181,366,4,370,551
10/18/2001,DBQ,IA,ACE,CE,Federal Contract Tower,0,15,20,0,35,0,1,64,0,65,0,16,84,0,100,290,0,290,390
10/19/2001,DBQ,IA,ACE,CE,Federal Contract Tower,0,17,20,0,37,0,2,57,0,59,0,19,77,0,96,30,0,30,126
10/20/2001,DBQ,IA,ACE,CE,Federal Contract Tower,0,8,10,0,18,0,2,115,0,117,0,10,125,0,135,244,0,244,379
10/21/2001,DBQ,IA,ACE,CE,Federal Contract Tower,0,12,15,0,27,0,0,45,0,45,0,12,60,0,72,24,0,24,96
10/22/2001,DBQ,IA,ACE,CE,Federal Contract Tower,0,21,7,1,29,0,0,38,0,38,0,21,45,1,67,42,0,42,109
10/23/2001,DBQ,IA,ACE,CE,Federal Contract Tower,0,16,23,1,40,0,0,20,0,20,0,16,43,1,60,54,0,54,114
10/24/2001,DBQ,IA,ACE,CE,Federal Contract Tower,0,16,21,0,37,0,0,29,0,29,0,16,50,0,66,46,0,46,112
10/25/2001,DBQ,IA,ACE,CE,Federal Contract Tower,0,17,12,0,29,0,0,0,0,0,0,17,12,0,29,0,0,0,29
10/26/2001,DBQ,IA,ACE,CE,Federal Contract Tower,0,18,11,0,29,0,0,17,0,17,0,18,28,0,46,14,0,14,60
10/27/2001,DBQ,IA,ACE,CE,Federal Contract Tower,0,8,14,0,22,0,0,100,0,100,0,8,114,0,122,114,0,114,236
10/28/2001,DBQ,IA,ACE,CE,Federal Contract Tower,0,12,6,0,18,0,0,16,0,16,0,12,22,0,34,8,0,8,42
10/29/2001,DBQ,IA,ACE,CE,Federal Contract Tower,0,18,11,0,29,0,1,89,0,90,0,19,100,0,119,136,0,136,255
10/30/2001,DBQ,IA,ACE,CE,Federal Contract Tower,0,20,25,2,47,0,0,69,0,69,0,20,94,2,116,134,0,134,250
10/31/2001,DBQ,IA,ACE,CE,Federal Contract Tower,0,13,16,0,29,0,2,18,2,22,0,15,34,2,51,16,8,24,75
11/01/2001,DBQ,IA,ACE,CE,Federal Contract Tower,0,18,19,0,37,0,2,27,0,29,0,20,46,0,66,112,0,112,178
11/02/2001,DBQ,IA,ACE,CE,Federal Contract Tower,0,12,8,0,20,0,2,87,0,89,0,14,95,0,109,62,0,62,171
11/03/2001,DBQ,IA,ACE,CE,Federal Contract Tower,0,10,20,0,30,0,0,100,0,100,0,10,120,0,130,190,0,190,320
11/04/2001,DBQ,IA,ACE,CE,Federal Contract Tower,0,11,4,0,15,0,0,75,0,75,0,11,79,0,90,86,0,86,176
11/05/2001,DBQ,IA,ACE,CE,Federal Contract Tower,0,12,17,0,29,0,0,102,0,102,0,12,119,0,131,294,0,294,425
11/06/2001,DBQ,IA,ACE,CE,Federal Contract Tower,0,16,12,0,28,0,0,90,0,90,0,16,102,0,118,162,0,162,280
11/07/2001,DBQ,IA,ACE,CE,Federal Contract Tower,0,13,20,0,33,0,1,61,0,62,0,14,81,0,95,164,0,164,259
11/08/2001,DBQ,IA,ACE,CE,Federal Contract Tower,0,15,20,0,35,0,1,38,0,39,0,16,58,0,74,70,0,70,144
11/09/2001,DBQ,IA,ACE,CE,Federal Contract Tower,0,13,16,0,29,0,2,54,0,56,0,15,70,0,85,66,0,66,151
11/10/2001,DBQ,IA,ACE,CE,Federal Contract Tower,0,10,5,0,15,0,0,110,0,110,0,10,115,0,125,208,0,208,333
11/11/2001,DBQ,IA,ACE,CE,Federal Contract Tower,0,13,8,0,21,0,2,92,0,94,0,15,100,0,115,72,0,72,187
11/12/2001,DBQ,IA,ACE,CE,Federal Contract Tower,0,10,18,0,28,0,0,76,0,76,0,10,94,0,104,126,0,126,230
11/13/2001,DBQ,IA,ACE,CE,Federal Contract Tower,0,12,48,4,64,0,0,59,0,59,0,12,107,4,123,216,0,216,339
11/14/2001,DBQ,IA,ACE,CE,Federal Contract Tower,0,18,27,0,45,0,2,34,0,36,0,20,61,0,81,84,4,88,169
11/15/2001,DBQ,IA,ACE,CE,Federal Contract Tower,0,14,33,0,47,0,1,5,0,6,0,15,38,0,53,12,0,12,65
11/16/2001,DBQ,IA,ACE,CE,Federal Contract Tower,0,6,7,0,13,0,1,19,0,20,0,7,26,0,33,28,0,28,61
11/17/2001,DBQ,IA,ACE,CE,Federal Contract Tower,0,8,12,0,20,0,1,62,6,69,0,9,74,6,89,104,0,104,193
11/18/2001,DBQ,IA,ACE,CE,Federal Contract Tower,0,9,8,0,17,0,0,17,0,17,0,9,25,0,34,40,0,40,74
11/19/2001,DBQ,IA,ACE,CE,Federal Contract Tower,0,11,19,0,30,0,2,47,0,49,0,13,66,0,79,28,0,28,107
11/20/2001,DBQ,IA,ACE,CE,Federal Contract Tower,0,13,27,0,40,0,2,67,1,70,0,15,94,1,110,128,0,128,238
11/21/2001,DBQ,IA,ACE,CE,Federal Contract Tower,0,14,20,0,34,0,2,52,0,54,0,16,72,0,88,88,0,88,176
11/22/2001,DBQ,IA,ACE,CE,Federal Contract Tower,0,9,5,0,14,0,0,44,0,44,0,9,49,0,58,0,0,0,58
11/23/2001,DBQ,IA,ACE,CE,Federal Contract Tower,0,12,6,0,18,0,2,45,0,47,0,14,51,0,65,10,0,10,75
11/24/2001,DBQ,IA,ACE,CE,Federal Contract Tower,0,12,3,0,15,0,0,0,0,0,0,12,3,0,15,0,0,0,15
11/25/2001,DBQ,IA,ACE,CE,Federal Contract Tower,0,12,10,0,22,0,0,3,0,3,0,12,13,0,25,0,0,0,25
11/26/2001,DBQ,IA,ACE,CE,Federal Contract Tower,0,13,10,0,23,0,0,8,0,8,0,13,18,0,31,44,0,44,75
11/27/2001,DBQ,IA,ACE,CE,Federal Contract Tower,0,14,19,0,33,0,0,2,0,2,0,14,21,0,35,0,0,0,35
11/28/2001,DBQ,IA,ACE,CE,Federal Contract Tower,0,12,14,0,26,0,0,0,0,0,0,12,14,0,26,0,0,0,26
11/29/2001,DBQ,IA,ACE,CE,Federal Contract Tower,0,15,28,0,43,0,0,0,0,0,0,15,28,0,43,0,0,0,43
11/30/2001,DBQ,IA,ACE,CE,Federal Contract Tower,0,13,12,0,25,0,0,0,0,0,0,13,12,0,25,0,0,0,25
12/01/2001,DBQ,IA,ACE,CE,Federal Contract Tower,0,7,12,0,19,0,1,16,0,17,0,8,28,0,36,96,0,96,132
12/02/2001,DBQ,IA,ACE,CE,Federal Contract Tower,0,9,10,0,19,0,1,46,0,47,0,10,56,0,66,40,0,40,106
12/03/2001,DBQ,IA,ACE,CE,Federal Contract Tower,0,14,24,0,38,0,2,69,0,71,0,16,93,0,109,136,0,136,245
12/04/2001,DBQ,IA,ACE,CE,Federal Contract Tower,0,16,28,0,44,0,1,40,0,41,0,17,68,0,85,224,0,224,309
12/05/2001,DBQ,IA,ACE,CE,Federal Contract Tower,0,14,12,0,26,0,1,12,0,13,0,15,24,0,39,14,0,14,53
12/06/2001,DBQ,IA,ACE,CE,Federal Contract Tower,0,16,21,0,37,0,2,81,0,83,0,18,102,0,120,154,0,154,274
12/07/2001,DBQ,IA,ACE,CE,Federal Contract Tower,0,13,10,0,23,0,0,111,0,111,0,13,121,0,134,172,8,180,314
12/08/2001,DBQ,IA,ACE,CE,Federal Contract Tower,0,9,15,0,24,0,0,44,0,44,0,9,59,0,68,104,0,104,172
12/09/2001,DBQ,IA,ACE,CE,Federal Contract Tower,0,10,11,0,21,0,0,87,0,87,0,10,98,0,108,190,0,190,298
12/10/2001,DBQ,IA,ACE,CE,Federal Contract Tower,0,14,21,0,35,0,1,52,0,53,0,15,73,0,88,184,0,184,272
12/11/2001,DBQ,IA,ACE,CE,Federal Contract Tower,0,14,24,0,38,0,0,75,0,75,0,14,99,0,113,124,0,124,237
12/12/2001,DBQ,IA,ACE,CE,Federal Contract Tower,0,13,19,0,32,0,2,19,0,21,0,15,38,0,53,24,0,24,77
12/13/2001,DBQ,IA,ACE,CE,Federal Contract Tower,0,15,26,0,41,0,0,0,0,0,0,15,26,0,41,0,0,0,41
12/14/2001,DBQ,IA,ACE,CE,Federal Contract Tower,0,19,31,0,50,0,0,12,0,12,0,19,43,0,62,22,0,22,84
12/15/2001,DBQ,IA,ACE,CE,Federal Contract Tower,0,8,7,0,15,0,3,0,0,3,0,11,7,0,18,14,0,14,32
12/16/2001,DBQ,IA,ACE,CE,Federal Contract Tower,0,1,2,0,3,0,1,0,0,1,0,2,2,0,4,0,0,0,4
12/17/2001,DBQ,IA,ACE,CE,Federal Contract Tower,0,14,17,0,31,0,0,21,0,21,0,14,38,0,52,34,0,34,86
12/18/2001,DBQ,IA,ACE,CE,Federal Contract Tower,0,17,21,0,38,0,0,47,0,47,0,17,68,0,85,138,0,138,223
12/19/2001,DBQ,IA,ACE,CE,Federal Contract Tower,0,17,15,0,32,0,0,42,0,42,0,17,57,0,74,42,0,42,116
12/20/2001,DBQ,IA,ACE,CE,Federal Contract Tower,0,20,17,0,37,0,0,84,2,86,0,20,101,2,123,146,0,146,269
12/21/2001,DBQ,IA,ACE,CE,Federal Contract Tower,0,16,26,0,42,0,1,63,0,64,0,17,89,0,106,106,0,106,212
12/22/2001,DBQ,IA,ACE,CE,Federal Contract Tower,0,10,10,0,20,0,0,0,0,0,0,10,10,0,20,0,0,0,20
12/23/2001,DBQ,IA,ACE,CE,Federal Contract Tower,0,9,6,0,15,0,0,0,0,0,0,9,6,0,15,0,0,0,15
12/24/2001,DBQ,IA,ACE,CE,Federal Contract Tower,0,13,1,0,14,0,0,2,0,2,0,13,3,0,16,0,0,0,16
12/25/2001,DBQ,IA,ACE,CE,Federal Contract Tower,0,10,2,0,12,0,0,4,0,4,0,10,6,0,16,24,0,24,40
12/26/2001,DBQ,IA,ACE,CE,Federal Contract Tower,0,16,13,0,29,0,0,1,0,1,0,16,14,0,30,0,0,0,30
12/27/2001,DBQ,IA,ACE,CE,Federal Contract Tower,0,15,11,0,26,0,1,12,0,13,0,16,23,0,39,8,0,8,47
12/28/2001,DBQ,IA,ACE,CE,Federal Contract Tower,0,12,17,0,29,0,0,8,0,8,0,12,25,0,37,4,0,4,41
12/29/2001,DBQ,IA,ACE,CE,Federal Contract Tower,0,11,6,0,17,0,0,26,0,26,0,11,32,0,43,30,0,30,73
12/30/2001,DBQ,IA,ACE,CE,Federal Contract Tower,0,12,6,0,18,0,0,19,0,19,0,12,25,0,37,10,0,10,47
12/31/2001,DBQ,IA,ACE,CE,Federal Contract Tower,0,15,6,0,21,0,1,14,0,15,0,16,20,0,36,14,0,14,50
01/01/2002,DBQ,IA,ACE,CE,Federal Contract Tower,0,10,3,0,13,0,0,8,0,8,0,10,11,0,21,6,0,6,27
01/02/2002,DBQ,IA,ACE,CE,Federal Contract Tower,0,13,9,0,22,0,3,19,0,22,0,16,28,0,44,32,0,32,76
01/03/2002,DBQ,IA,ACE,CE,Federal Contract Tower,0,14,16,0,30,0,1,47,0,48,0,15,63,0,78,66,0,66,144
01/04/2002,DBQ,IA,ACE,CE,Federal Contract Tower,0,14,14,0,28,0,0,58,0,58,0,14,72,0,86,88,0,88,174
01/05/2002,DBQ,IA,ACE,CE,Federal Contract Tower,0,12,11,0,23,0,1,17,0,18,0,13,28,0,41,28,0,28,69
01/06/2002,DBQ,IA,ACE,CE,Federal Contract Tower,0,9,7,0,16,0,0,7,0,7,0,9,14,0,23,0,0,0,23
01/07/2002,DBQ,IA,ACE,CE,Federal Contract Tower,0,13,15,0,28,0,2,32,0,34,0,15,47,0,62,18,0,18,80
01/08/2002,DBQ,IA,ACE,CE,Federal Contract Tower,0,12,13,0,25,0,3,58,0,61,0,15,71,0,86,50,0,50,136
01/09/2002,DBQ,IA,ACE,CE,Federal Contract Tower,0,16,13,0,29,0,3,70,0,73,0,19,83,0,102,70,0,70,172
01/10/2002,DBQ,IA,ACE,CE,Federal Contract Tower,0,13,9,0,22,0,1,51,0,52,0,14,60,0,74,96,0,96,170
01/11/2002,DBQ,IA,ACE,CE,Federal Contract Tower,0,13,1,0,14,0,2,64,0,66,0,15,65,0,80,82,2,84,164
01/12/2002,DBQ,IA,ACE,CE,Federal Contract Tower,0,10,7,0,17,0,0,47,0,47,0,10,54,0,64,28,0,28,92
01/13/2002,DBQ,IA,ACE,CE,Federal Contract Tower,0,14,3,0,17,0,0,50,0,50,0,14,53,0,67,42,0,42,109
01/14/2002,DBQ,IA,ACE,CE,Federal Contract Tower,0,15,12,0,27,0,0,0,0,0,0,15,12,0,27,0,0,0,27
01/15/2002,DBQ,IA,ACE,CE,Federal Contract Tower,0,13,15,0,28,0,0,35,0,35,0,13,50,0,63,96,0,96,159
01/16/2002,DBQ,IA,ACE,CE,Federal Contract Tower,0,12,19,0,31,0,0,0,0,0,0,12,19,0,31,0,0,0,31
01/17/2002,DBQ,IA,ACE,CE,Federal Contract Tower,0,15,15,0,30,0,0,56,0,56,0,15,71,0,86,196,0,196,282
01/18/2002,DBQ,IA,ACE,CE,Federal Contract Tower,0,16,17,0,33,0,0,99,0,99,0,16,116,0,132,212,0,212,344
01/19/2002,DBQ,IA,ACE,CE,Federal Contract Tower,0,9,18,0,27,0,0,5,0,5,0,9,23,0,32,18,0,18,50
01/20/2002,DBQ,IA,ACE,CE,Federal Contract Tower,0,10,2,0,12,0,0,58,0,58,0,10,60,0,70,28,0,28,98
01/21/2002,DBQ,IA,ACE,CE,Federal Contract Tower,0,10,9,0,19,0,0,78,0,78,0,10,87,0,97,92,0,92,189
01/22/2002,DBQ,IA,ACE,CE,Federal Contract Tower,0,15,12,0,27,0,0,68,0,68,0,15,80,0,95,158,0,158,253
01/23/2002,DBQ,IA,ACE,CE,Federal Contract Tower,0,17,13,0,30,0,1,75,0,76,0,18,88,0,106,248,0,248,354
01/24/2002,DBQ,IA,ACE,CE,Federal Contract Tower,0,16,3,0,19,0,0,61,0,61,0,16,64,0,80,80,0,80,160
01/25/2002,DBQ,IA,ACE,CE,Federal Contract Tower,0,16,18,0,34,0,2,41,0,43,0,18,59,0,77,84,0,84,161
01/26/2002,DBQ,IA,ACE,CE,Federal Contract Tower,0,11,14,0,25,0,0,103,0,103,0,11,117,0,128,176,0,176,304
01/27/2002,DBQ,IA,ACE,CE,Federal Contract Tower,0,9,3,0,12,0,1,82,0,83,0,10,85,0,95,26,0,26,121
01/28/2002,DBQ,IA,ACE,CE,Federal Contract Tower,0,18,21,0,39,0,0,46,0,46,0,18,67,0,85,100,0,100,185
01/29/2002,DBQ,IA,ACE,CE,Federal Contract Tower,0,16,16,0,32,0,0,3,0,3,0,16,19,0,35,4,0,4,39
01/30/2002,DBQ,IA,ACE,CE,Federal Contract Tower,0,15,20,0,35,0,0,2,0,2,0,15,22,0,37,0,0,0,37
01/31/2002,DBQ,IA,ACE,CE,Federal Contract Tower,0,13,15,0,28,0,0,0,0,0,0,13,15,0,28,0,0,0,28
02/01/2002,DBQ,IA,ACE,CE,Federal Contract Tower,0,17,20,0,37,0,0,72,0,72,0,17,92,0,109,132,0,132,241
02/02/2002,DBQ,IA,ACE,CE,Federal Contract Tower,0,12,16,0,28,0,0,36,0,36,0,12,52,0,64,32,0,32,96
02/03/2002,DBQ,IA,ACE,CE,Federal Contract Tower,0,11,7,0,18,0,0,42,0,42,0,11,49,0,60,42,0,42,102
02/04/2002,DBQ,IA,ACE,CE,Federal Contract Tower,0,15,9,0,24,0,0,103,0,103,0,15,112,0,127,218,0,218,345
02/05/2002,DBQ,IA,ACE,CE,Federal Contract Tower,0,17,18,0,35,0,2,104,0,106,0,19,122,0,141,224,0,224,365
02/06/2002,DBQ,IA,ACE,CE,Federal Contract Tower,0,17,13,0,30,0,2,75,0,77,0,19,88,0,107,154,0,154,261
02/07/2002,DBQ,IA,ACE,CE,Federal Contract Tower,0,15,22,0,37,0,2,89,0,91,0,17,111,0,128,132,0,132,260
02/08/2002,DBQ,IA,ACE,CE,Federal Contract Tower,0,14,21,0,35,0,1,79,0,80,0,15,100,0,115,206,0,206,321
02/09/2002,DBQ,IA,ACE,CE,Federal Contract Tower,0,11,6,0,17,0,0,68,0,68,0,11,74,0,85,164,0,164,249
02/10/2002,DBQ,IA,ACE,CE,Federal Contract Tower,0,10,1,0,11,0,0,0,0,0,0,10,1,0,11,0,0,0,11
02/11/2002,DBQ,IA,ACE,CE,Federal Contract Tower,0,13,13,0,26,0,2,34,0,36,0,15,47,0,62,70,0,70,132
02/12/2002,DBQ,IA,ACE,CE,Federal Contract Tower,0,13,25,0,38,0,1,19,0,20,0,14,44,0,58,10,0,10,68
02/13/2002,DBQ,IA,ACE,CE,Federal Contract Tower,0,11,22,0,33,0,0,87,0,87,0,11,109,0,120,194,0,194,314
02/14/2002,DBQ,IA,ACE,CE,Federal Contract Tower,0,14,15,0,29,0,4,13,0,17,0,18,28,0,46,18,0,18,64
02/15/2002,DBQ,IA,ACE,CE,Federal Contract Tower,0,14,25,0,39,0,2,24,0,26,0,16,49,0,65,34,0,34,99
02/16/2002,DBQ,IA,ACE,CE,Federal Contract Tower,0,8,10,0,18,0,0,34,0,34,0,8,44,0,52,76,0,76,128
02/17/2002,DBQ,IA,ACE,CE,Federal Contract Tower,0,12,11,0,23,0,0,109,0,109,0,12,120,0,132,76,0,76,208
02/18/2002,DBQ,IA,ACE,CE,Federal Contract Tower,0,10,9,0,19,0,0,82,0,82,0,10,91,0,101,90,0,90,191
02/19/2002,DBQ,IA,ACE,CE,Federal Contract Tower,0,12,28,0,40,0,0,0,0,0,0,12,28,0,40,0,0,0,40
02/20/2002,DBQ,IA,ACE,CE,Federal Contract Tower,0,15,25,0,40,0,0,0,0,0,0,15,25,0,40,0,0,0,40
02/21/2002,DBQ,IA,ACE,CE,Federal Contract Tower,0,13,14,0,27,0,1,8,0,9,0,14,22,0,36,24,0,24,60
02/22/2002,DBQ,IA,ACE,CE,Federal Contract Tower,0,11,16,0,27,0,2,85,0,87,0,13,101,0,114,134,0,134,248
02/23/2002,DBQ,IA,ACE,CE,Federal Contract Tower,0,11,12,0,23,0,0,31,0,31,0,11,43,0,54,24,0,24,78
02/24/2002,DBQ,IA,ACE,CE,Federal Contract Tower,0,11,5,0,16,0,0,20,0,20,0,11,25,0,36,4,0,4,40
02/25/2002,DBQ,IA,ACE,CE,Federal Contract Tower,0,13,11,0,24,0,1,18,0,19,0,14,29,0,43,14,0,14,57
02/26/2002,DBQ,IA,ACE,CE,Federal Contract Tower,0,20,15,0,35,0,0,6,0,6,0,20,21,0,41,0,0,0,41
02/27/2002,DBQ,IA,ACE,CE,Federal Contract Tower,0,10,12,0,22,0,2,88,0,90,0,12,100,0,112,172,0,172,284
02/28/2002,DBQ,IA,ACE,CE,Federal Contract Tower,0,12,17,0,29,0,1,26,0,27,0,13,43,0,56,44,0,44,100
03/01/2002,DBQ,IA,ACE,CE,Federal Contract Tower,0,12,10,0,22,0,1,13,0,14,0,13,23,0,36,52,0,52,88
03/02/2002,DBQ,IA,ACE,CE,Federal Contract Tower,0,7,0,0,7,0,0,0,0,0,0,7,0,0,7,0,0,0,7
03/03/2002,DBQ,IA,ACE,CE,Federal Contract Tower,0,10,7,0,17,0,0,4,0,4,0,10,11,0,21,0,0,0,21
03/04/2002,DBQ,IA,ACE,CE,Federal Contract Tower,0,13,15,0,28,0,0,8,0,8,0,13,23,0,36,30,0,30,66
03/05/2002,DBQ,IA,ACE,CE,Federal Contract Tower,0,16,28,0,44,0,2,61,0,63,0,18,89,0,107,146,0,146,253
03/06/2002,DBQ,IA,ACE,CE,Federal Contract Tower,0,12,7,0,19,0,0,0,0,0,0,12,7,0,19,0,0,0,19
03/07/2002,DBQ,IA,ACE,CE,Federal Contract Tower,0,14,21,0,35,0,1,9,0,10,0,15,30,0,45,42,0,42,87
03/08/2002,DBQ,IA,ACE,CE,Federal Contract Tower,0,13,17,0,30,0,0,0,0,0,0,13,17,0,30,0,0,0,30
03/09/2002,DBQ,IA,ACE,CE,Federal Contract Tower,2,3,0,0,5,0,0,0,0,0,2,3,0,0,5,0,0,0,5
03/10/2002,DBQ,IA,ACE,CE,Federal Contract Tower,0,8,9,0,17,0,0,63,0,63,0,8,72,0,80,42,0,42,122
03/11/2002,DBQ,IA,ACE,CE,Federal Contract Tower,0,14,12,0,26,0,0,106,0,106,0,14,118,0,132,158,0,158,290
03/12/2002,DBQ,IA,ACE,CE,Federal Contract Tower,2,18,21,0,41,0,2,129,0,131,2,20,150,0,172,206,0,206,378
03/13/2002,DBQ,IA,ACE,CE,Federal Contract Tower,0,14,12,0,26,0,0,139,2,141,0,14,151,2,167,156,0,156,323
03/14/2002,DBQ,IA,ACE,CE,Federal Contract Tower,0,11,24,0,35,0,0,4,0,4,0,11,28,0,39,0,0,0,39
03/15/2002,DBQ,IA,ACE,CE,Federal Contract Tower,0,15,18,0,33,0,0,44,0,44,0,15,62,0,77,42,0,42,119
03/16/2002,DBQ,IA,ACE,CE,Federal Contract Tower,0,10,13,0,23,0,0,114,0,114,0,10,127,0,137,180,0,180,317
03/17/2002,DBQ,IA,ACE,CE,Federal Contract Tower,0,11,12,0,23,0,0,3,8,11,0,11,15,8,34,0,0,0,34
03/18/2002,DBQ,IA,ACE,CE,Federal Contract Tower,0,18,13,0,31,0,0,48,0,48,0,18,61,0,79,172,0,172,251
03/19/2002,DBQ,IA,ACE,CE,Federal Contract Tower,0,18,24,0,42,0,0,10,0,10,0,18,34,0,52,0,0,0,52
03/20/2002,DBQ,IA,ACE,CE,Federal Contract Tower,0,15,26,0,41,0,2,98,0,100,0,17,124,0,141,174,0,174,315
03/21/2002,DBQ,IA,ACE,CE,Federal Contract Tower,0,14,7,0,21,0,0,12,0,12,0,14,19,0,33,2,0,2,35
03/22/2002,DBQ,IA,ACE,CE,Federal Contract Tower,0,15,18,0,33,0,0,38,0,38,0,15,56,0,71,8,0,8,79
03/23/2002,DBQ,IA,ACE,CE,Federal Contract Tower,0,9,16,0,25,0,0,84,2,86,0,9,100,2,111,114,0,114,225
03/24/2002,DBQ,IA,ACE,CE,Federal Contract Tower,0,14,0,0,14,0,0,15,0,15,0,14,15,0,29,0,0,0,29
03/25/2002,DBQ,IA,ACE,CE,Federal Contract Tower,0,15,12,0,27,0,0,27,0,27,0,15,39,0,54,38,0,38,92
03/26/2002,DBQ,IA,ACE,CE,Federal Contract Tower,0,18,21,0,39,0,0,73,0,73,0,18,94,0,112,130,0,130,242
03/27/2002,DBQ,IA,ACE,CE,Federal Contract Tower,0,20,22,0,42,0,1,102,0,103,0,21,124,0,145,106,0,106,251
03/28/2002,DBQ,IA,ACE,CE,Federal Contract Tower,0,16,32,0,48,0,0,22,0,22,0,16,54,0,70,32,0,32,102
03/29/2002,DBQ,IA,ACE,CE,Federal Contract Tower,0,14,18,0,32,0,0,35,0,35,0,14,53,0,67,46,0,46,113
03/30/2002,DBQ,IA,ACE,CE,Federal Contract Tower,0,8,6,0,14,0,0,25,0,25,0,8,31,0,39,26,0,26,65
03/31/2002,DBQ,IA,ACE,CE,Federal Contract Tower,0,11,4,0,15,0,0,10,0,10,0,11,14,0,25,2,0,2,27
04/01/2002,DBQ,IA,ACE,CE,Federal Contract Tower,0,11,7,0,18,0,0,3,0,3,0,11,10,0,21,6,0,6,27
04/02/2002,DBQ,IA,ACE,CE,Federal Contract Tower,0,17,18,0,35,0,0,4,0,4,0,17,22,0,39,18,0,18,57
04/03/2002,DBQ,IA,ACE,CE,Federal Contract Tower,0,16,24,0,40,0,0,103,0,103,0,16,127,0,143,108,0,108,251
04/04/2002,DBQ,IA,ACE,CE,Federal Contract Tower,0,16,29,0,45,0,0,74,0,74,0,16,103,0,119,114,0,114,233
04/05/2002,DBQ,IA,ACE,CE,Federal Contract Tower,0,13,16,0,29,0,0,144,0,144,0,13,160,0,173,166,0,166,339
04/06/2002,DBQ,IA,ACE,CE,Federal Contract Tower,0,13,8,0,21,0,0,120,0,120,0,13,128,0,141,118,0,118,259
04/07/2002,DBQ,IA,ACE,CE,Federal Contract Tower,0,9,7,0,16,0,0,0,0,0,0,9,7,0,16,0,0,0,16
04/08/2002,DBQ,IA,ACE,CE,Federal Contract Tower,0,11,4,0,15,0,0,0,0,0,0,11,4,0,15,0,0,0,15
04/09/2002,DBQ,IA,ACE,CE,Federal Contract Tower,0,14,15,0,29,0,1,87,0,88,0,15,102,0,117,138,0,138,255
04/10/2002,DBQ,IA,ACE,CE,Federal Contract Tower,0,17,20,2,39,0,0,34,0,34,0,17,54,2,73,60,0,60,133
04/11/2002,DBQ,IA,ACE,CE,Federal Contract Tower,0,14,15,0,29,0,0,51,0,51,0,14,66,0,80,70,0,70,150
04/12/2002,DBQ,IA,ACE,CE,Federal Contract Tower,2,17,32,4,55,0,0,41,0,41,2,17,73,4,96,98,0,98,194
04/13/2002,DBQ,IA,ACE,CE,Federal Contract Tower,0,9,12,0,21,0,0,134,0,134,0,9,146,0,155,72,0,72,227
04/14/2002,DBQ,IA,ACE,CE,Federal Contract Tower,0,10,18,0,28,0,0,55,0,55,0,10,73,0,83,14,0,14,97
04/15/2002,DBQ,IA,ACE,CE,Federal Contract Tower,2,14,10,0,26,0,0,81,0,81,2,14,91,0,107,90,0,90,197
04/16/2002,DBQ,IA,ACE,CE,Federal Contract Tower,0,15,19,0,34,0,0,23,0,23,0,15,42,0,57,0,0,0,57
04/17/2002,DBQ,IA,ACE,CE,Federal Contract Tower,0,17,21,0,38,0,0,102,0,102,0,17,123,0,140,212,0,212,352
04/18/2002,DBQ,IA,ACE,CE,Federal Contract Tower,0,15,16,0,31,0,0,30,0,30,0,15,46,0,61,24,0,24,85
04/19/2002,DBQ,IA,ACE,CE,Federal Contract Tower,0,15,16,0,31,0,0,137,0,137,0,15,153,0,168,160,0,160,328
04/20/2002,DBQ,IA,ACE,CE,Federal Contract Tower,0,16,10,0,26,0,0,76,0,76,0,16,86,0,102,92,0,92,194
04/21/2002,DBQ,IA,ACE,CE,Federal Contract Tower,0,11,14,0,25,0,0,0,0,0,0,11,14,0,25,0,0,0,25
04/22/2002,DBQ,IA,ACE,CE,Federal Contract Tower,0,13,15,0,28,0,0,39,0,39,0,13,54,0,67,108,0,108,175
04/23/2002,DBQ,IA,ACE,CE,Federal Contract Tower,0,16,15,0,31,0,0,83,0,83,0,16,98,0,114,120,0,120,234
04/24/2002,DBQ,IA,ACE,CE,Federal Contract Tower,0,14,10,0,24,0,0,5,0,5,0,14,15,0,29,20,0,20,49
04/25/2002,DBQ,IA,ACE,CE,Federal Contract Tower,0,16,24,0,40,0,1,19,0,20,0,17,43,0,60,8,0,8,68
04/26/2002,DBQ,IA,ACE,CE,Federal Contract Tower,0,17,21,0,38,0,1,108,0,109,0,18,129,0,147,122,0,122,269
04/27/2002,DBQ,IA,ACE,CE,Federal Contract Tower,0,9,1,0,10,0,0,7,0,7,0,9,8,0,17,0,0,0,17
04/28/2002,DBQ,IA,ACE,CE,Federal Contract Tower,0,9,11,0,20,0,0,7,0,7,0,9,18,0,27,2,0,2,29
04/29/2002,DBQ,IA,ACE,CE,Federal Contract Tower,0,13,7,0,20,0,0,67,0,67,0,13,74,0,87,74,0,74,161
04/30/2002,DBQ,IA,ACE,CE,Federal Contract Tower,0,14,21,2,37,0,0,108,2,110,0,14,129,4,147,160,0,160,307
05/01/2002,DBQ,IA,ACE,CE,Federal Contract Tower,0,15,24,0,39,0,0,74,0,74,0,15,98,0,113,146,0,146,259
05/02/2002,DBQ,IA,ACE,CE,Federal Contract Tower,0,16,11,0,27,0,0,61,0,61,0,16,72,0,88,66,0,66,154
05/03/2002,DBQ,IA,ACE,CE,Federal Contract Tower,0,16,16,0,32,0,0,122,0,122,0,16,138,0,154,62,0,62,216
05/04/2002,DBQ,IA,ACE,CE,Federal Contract Tower,0,9,9,0,18,0,0,66,0,66,0,9,75,0,84,50,0,50,134
05/05/2002,DBQ,IA,ACE,CE,Federal Contract Tower,0,9,9,0,18,0,0,37,0,37,0,9,46,0,55,22,0,22,77
05/06/2002,DBQ,IA,ACE,CE,Federal Contract Tower,0,12,7,0,19,0,0,55,0,55,0,12,62,0,74,72,0,72,146
05/07/2002,DBQ,IA,ACE,CE,Federal Contract Tower,0,14,27,0,41,0,0,12,0,12,0,14,39,0,53,24,0,24,77
05/08/2002,DBQ,IA,ACE,CE,Federal Contract Tower,0,13,35,0,48,0,0,33,2,35,0,13,68,2,83,20,6,26,109
05/09/2002,DBQ,IA,ACE,CE,Federal Contract Tower,0,15,19,0,34,0,0,19,0,19,0,15,38,0,53,6,0,6,59
05/10/2002,DBQ,IA,ACE,CE,Federal Contract Tower,0,14,16,0,30,0,0,104,0,104,0,14,120,0,134,84,0,84,218
05/11/2002,DBQ,IA,ACE,CE,Federal Contract Tower,0,9,3,0,12,0,0,7,0,7,0,9,10,0,19,0,0,0,19
05/12/2002,DBQ,IA,ACE,CE,Federal Contract Tower,0,10,7,0,17,0,0,6,0,6,0,10,13,0,23,0,0,0,23
05/13/2002,DBQ,IA,ACE,CE,Federal Contract Tower,0,15,14,0,29,0,1,68,0,69,0,16,82,0,98,36,0,36,134
05/14/2002,DBQ,IA,ACE,CE,Federal Contract Tower,0,15,42,0,57,0,0,128,2,130,0,15,170,2,187,106,0,106,293
05/15/2002,DBQ,IA,ACE,CE,Federal Contract Tower,0,17,19,0,36,0,0,51,0,51,0,17,70,0,87,70,0,70,157
05/16/2002,DBQ,IA,ACE,CE,Federal Contract Tower,0,17,18,0,35,0,1,56,0,57,0,18,74,0,92,114,0,114,206
05/17/2002,DBQ,IA,ACE,CE,Federal Contract Tower,0,16,22,0,38,0,0,78,0,78,0,16,100,0,116,112,0,112,228
05/18/2002,DBQ,IA,ACE,CE,Federal Contract Tower,0,10,14,0,24,0,0,127,0,127,0,10,141,0,151,22,0,22,173
05/19/2002,DBQ,IA,ACE,CE,Federal Contract Tower,0,10,4,0,14,0,0,59,0,59,0,10,63,0,73,8,0,8,81
05/20/2002,DBQ,IA,ACE,CE,Federal Contract Tower,0,14,21,0,35,0,0,60,0,60,0,14,81,0,95,54,0,54,149
05/21/2002,DBQ,IA,ACE,CE,Federal Contract Tower,0,15,19,0,34,0,0,94,0,94,0,15,113,0,128,98,0,98,226
05/22/2002,DBQ,IA,ACE,CE,Federal Contract Tower,0,13,11,0,24,0,0,35,0,35,0,13,46,0,59,10,0,10,69
05/23/2002,DBQ,IA,ACE,CE,Federal Contract Tower,0,19,20,0,39,0,0,16,0,16,0,19,36,0,55,36,0,36,91
05/24/2002,DBQ,IA,ACE,CE,Federal Contract Tower,0,14,18,0,32,0,0,49,0,49,0,14,67,0,81,44,0,44,125
05/25/2002,DBQ,IA,ACE,CE,Federal Contract Tower,0,10,14,0,24,0,0,10,0,10,0,10,24,0,34,0,0,0,34
05/26/2002,DBQ,IA,ACE,CE,Federal Contract Tower,0,11,11,0,22,0,0,40,0,40,0,11,51,0,62,10,0,10,72
05/27/2002,DBQ,IA,ACE,CE,Federal Contract Tower,0,12,2,0,14,0,0,50,0,50,0,12,52,0,64,36,0,36,100
05/28/2002,DBQ,IA,ACE,CE,Federal Contract Tower,0,14,6,0,20,0,0,49,0,49,0,14,55,0,69,102,0,102,171
05/29/2002,DBQ,IA,ACE,CE,Federal Contract Tower,0,17,21,0,38,0,0,33,0,33,0,17,54,0,71,66,0,66,137
05/30/2002,DBQ,IA,ACE,CE,Federal Contract Tower,0,16,14,0,30,0,0,52,0,52,0,16,66,0,82,60,0,60,142
05/31/2002,DBQ,IA,ACE,CE,Federal Contract Tower,0,14,15,0,29,0,2,69,0,71,0,16,84,0,100,72,0,72,172
06/01/2002,DBQ,IA,ACE,CE,Federal Contract Tower,2,11,3,0,16,0,0,88,0,88,2,11,91,0,104,70,0,70,174
06/02/2002,DBQ,IA,ACE,CE,Federal Contract Tower,0,10,5,0,15,0,0,13,0,13,0,10,18,0,28,0,0,0,28
06/03/2002,DBQ,IA,ACE,CE,Federal Contract Tower,0,15,6,0,21,0,0,0,0,0,0,15,6,0,21,0,0,0,21
06/04/2002,DBQ,IA,ACE,CE,Federal Contract Tower,2,11,5,0,18,0,0,0,0,0,2,11,5,0,18,0,0,0,18
06/05/2002,DBQ,IA,ACE,CE,Federal Contract Tower,0,12,13,0,25,0,0,54,0,54,0,12,67,0,79,18,0,18,97
06/06/2002,DBQ,IA,ACE,CE,Federal Contract Tower,0,13,18,0,31,0,0,100,0,100,0,13,118,0,131,116,0,116,247
06/07/2002,DBQ,IA,ACE,CE,Federal Contract Tower,0,12,12,0,24,0,2,76,0,78,0,14,88,0,102,102,0,102,204
06/08/2002,DBQ,IA,ACE,CE,Federal Contract Tower,0,10,8,0,18,0,0,47,0,47,0,10,55,0,65,56,0,56,121
06/09/2002,DBQ,IA,ACE,CE,Federal Contract Tower,0,12,10,0,22,0,0,39,0,39,0,12,49,0,61,14,0,14,75
06/10/2002,DBQ,IA,ACE,CE,Federal Contract Tower,0,14,5,0,19,0,0,41,0,41,0,14,46,0,60,98,0,98,158
06/11/2002,DBQ,IA,ACE,CE,Federal Contract Tower,0,15,11,0,26,0,0,19,0,19,0,15,30,0,45,12,0,12,57
06/12/2002,DBQ,IA,ACE,CE,Federal Contract Tower,0,22,11,0,33,0,0,22,0,22,0,22,33,0,55,34,0,34,89
06/13/2002,DBQ,IA,ACE,CE,Federal Contract Tower,0,18,20,0,38,0,0,25,0,25,0,18,45,0,63,40,0,40,103
06/14/2002,DBQ,IA,ACE,CE,Federal Contract Tower,0,21,19,0,40,0,0,55,0,55,0,21,74,0,95,12,0,12,107
06/15/2002,DBQ,IA,ACE,CE,Federal Contract Tower,0,8,11,0,19,0,0,61,0,61,0,8,72,0,80,50,0,50,130
06/16/2002,DBQ,IA,ACE,CE,Federal Contract Tower,0,11,9,0,20,0,0,66,0,66,0,11,75,0,86,30,0,30,116
06/17/2002,DBQ,IA,ACE,CE,Federal Contract Tower,0,16,20,0,36,0,0,75,0,75,0,16,95,0,111,24,0,24,135
06/18/2002,DBQ,IA,ACE,CE,Federal Contract Tower,0,18,27,0,45,0,0,76,0,76,0,18,103,0,121,62,0,62,183
06/19/2002,DBQ,IA,ACE,CE,Federal Contract Tower,0,16,11,0,27,0,0,9,0,9,0,16,20,0,36,0,0,0,36
06/20/2002,DBQ,IA,ACE,CE,Federal Contract Tower,0,18,24,0,42,0,0,45,0,45,0,18,69,0,87,32,0,32,119
06/21/2002,DBQ,IA,ACE,CE,Federal Contract Tower,0,15,20,0,35,0,0,36,0,36,0,15,56,0,71,14,0,14,85
06/22/2002,DBQ,IA,ACE,CE,Federal Contract Tower,0,11,18,0,29,0,0,40,0,40,0,11,58,0,69,22,0,22,91
06/23/2002,DBQ,IA,ACE,CE,Federal Contract Tower,0,10,8,0,18,0,0,17,0,17,0,10,25,0,35,6,0,6,41
06/24/2002,DBQ,IA,ACE,CE,Federal Contract Tower,0,13,11,0,24,0,0,52,0,52,0,13,63,0,76,36,0,36,112
06/25/2002,DBQ,IA,ACE,CE,Federal Contract Tower,0,14,9,0,23,0,1,83,0,84,0,15,92,0,107,18,0,18,125
06/26/2002,DBQ,IA,ACE,CE,Federal Contract Tower,0,20,16,0,36,0,2,21,0,23,0,22,37,0,59,8,0,8,67
06/27/2002,DBQ,IA,ACE,CE,Federal Contract Tower,0,14,24,0,38,0,0,80,0,80,0,14,104,0,118,70,0,70,188
06/28/2002,DBQ,IA,ACE,CE,Federal Contract Tower,0,15,19,0,34,0,0,50,0,50,0,15,69,0,84,84,0,84,168
06/29/2002,DBQ,IA,ACE,CE,Federal Contract Tower,0,11,13,0,24,0,0,58,0,58,0,11,71,0,82,62,0,62,144
06/30/2002,DBQ,IA,ACE,CE,Federal Contract Tower,0,10,6,0,16,0,0,46,0,46,0,10,52,0,62,16,0,16,78
07/01/2002,DBQ,IA,ACE,CE,Federal Contract Tower,0,18,6,1,25,0,1,63,0,64,0,19,69,1,89,32,0,32,121
07/02/2002,DBQ,IA,ACE,CE,Federal Contract Tower,0,14,21,0,35,0,1,75,7,83,0,15,96,7,118,40,6,46,164
07/03/2002,DBQ,IA,ACE,CE,Federal Contract Tower,0,13,17,0,30,0,1,51,4,56,0,14,68,4,86,92,4,96,182
07/04/2002,DBQ,IA,ACE,CE,Federal Contract Tower,0,11,9,1,21,0,0,47,0,47,0,11,56,1,68,16,0,16,84
07/05/2002,DBQ,IA,ACE,CE,Federal Contract Tower,0,13,16,2,31,0,0,38,0,38,0,13,54,2,69,0,0,0,69
07/06/2002,DBQ,IA,ACE,CE,Federal Contract Tower,0,8,6,0,14,0,0,2,0,2,0,8,8,0,16,0,0,0,16
07/07/2002,DBQ,IA,ACE,CE,Federal Contract Tower,0,10,19,0,29,0,1,36,0,37,0,11,55,0,66,6,0,6,72
07/08/2002,DBQ,IA,ACE,CE,Federal Contract Tower,0,16,18,0,34,0,0,34,0,34,0,16,52,0,68,14,0,14,82
07/09/2002,DBQ,IA,ACE,CE,Federal Contract Tower,0,15,16,0,31,0,0,12,0,12,0,15,28,0,43,22,0,22,65
07/10/2002,DBQ,IA,ACE,CE,Federal Contract Tower,0,12,11,0,23,0,0,19,0,19,0,12,30,0,42,26,0,26,68
07/11/2002,DBQ,IA,ACE,CE,Federal Contract Tower,0,18,15,0,33,0,1,58,0,59,0,19,73,0,92,22,0,22,114
07/12/2002,DBQ,IA,ACE,CE,Federal Contract Tower,0,14,18,0,32,0,0,113,0,113,0,14,131,0,145,36,0,36,181
07/13/2002,DBQ,IA,ACE,CE,Federal Contract Tower,0,7,19,0,26,0,0,48,0,48,0,7,67,0,74,16,0,16,90
07/14/2002,DBQ,IA,ACE,CE,Federal Contract Tower,0,12,10,0,22,0,0,38,0,38,0,12,48,0,60,18,0,18,78
07/15/2002,DBQ,IA,ACE,CE,Federal Contract Tower,0,18,15,0,33,0,2,60,0,62,0,20,75,0,95,86,0,86,181
07/16/2002,DBQ,IA,ACE,CE,Federal Contract Tower,0,22,12,0,34,0,1,60,0,61,0,23,72,0,95,68,0,68,163
07/17/2002,DBQ,IA,ACE,CE,Federal Contract Tower,0,23,15,0,38,0,0,70,0,70,0,23,85,0,108,62,0,62,170
07/18/2002,DBQ,IA,ACE,CE,Federal Contract Tower,0,16,18,0,34,0,0,54,0,54,0,16,72,0,88,50,0,50,138
07/19/2002,DBQ,IA,ACE,CE,Federal Contract Tower,0,18,22,0,40,0,0,12,0,12,0,18,34,0,52,42,0,42,94
07/20/2002,DBQ,IA,ACE,CE,Federal Contract Tower,0,7,11,0,18,0,0,44,0,44,0,7,55,0,62,10,0,10,72
07/21/2002,DBQ,IA,ACE,CE,Federal Contract Tower,0,12,8,0,20,0,0,84,0,84,0,12,92,0,104,22,0,22,126
07/22/2002,DBQ,IA,ACE,CE,Federal Contract Tower,2,15,35,0,52,0,1,46,0,47,2,16,81,0,99,28,0,28,127
07/23/2002,DBQ,IA,ACE,CE,Federal Contract Tower,0,16,15,0,31,0,0,58,0,58,0,16,73,0,89,82,0,82,171
07/24/2002,DBQ,IA,ACE,CE,Federal Contract Tower,0,16,22,0,38,0,0,71,0,71,0,16,93,0,109,4,2,6,115
07/25/2002,DBQ,IA,ACE,CE,Federal Contract Tower,2,13,24,0,39,0,0,80,0,80,2,13,104,0,119,12,0,12,131
07/26/2002,DBQ,IA,ACE,CE,Federal Contract Tower,0,19,21,0,40,0,1,55,0,56,0,20,76,0,96,6,0,6,102
07/27/2002,DBQ,IA,ACE,CE,Federal Contract Tower,0,6,5,0,11,0,0,17,0,17,0,6,22,0,28,2,0,2,30
07/28/2002,DBQ,IA,ACE,CE,Federal Contract Tower,0,10,16,0,26,0,0,47,0,47,0,10,63,0,73,10,0,10,83
07/29/2002,DBQ,IA,ACE,CE,Federal Contract Tower,0,17,19,0,36,0,1,21,0,22,0,18,40,0,58,28,0,28,86
07/30/2002,DBQ,IA,ACE,CE,Federal Contract Tower,0,14,16,0,30,0,0,75,0,75,0,14,91,0,105,38,0,38,143
07/31/2002,DBQ,IA,ACE,CE,Federal Contract Tower,1,14,16,0,31,0,0,65,0,65,1,14,81,0,96,58,0,58,154
08/01/2002,DBQ,IA,ACE,CE,Federal Contract Tower,0,19,19,0,38,0,0,32,0,32,0,19,51,0,70,30,0,30,100
08/02/2002,DBQ,IA,ACE,CE,Federal Contract Tower,0,15,13,0,28,0,0,111,0,111,0,15,124,0,139,44,0,44,183
08/03/2002,DBQ,IA,ACE,CE,Federal Contract Tower,0,8,11,0,19,0,0,46,4,50,0,8,57,4,69,8,0,8,77
08/04/2002,DBQ,IA,ACE,CE,Federal Contract Tower,0,10,6,0,16,0,0,17,0,17,0,10,23,0,33,6,0,6,39
08/05/2002,DBQ,IA,ACE,CE,Federal Contract Tower,0,17,19,0,36,0,0,3,0,3,0,17,22,0,39,2,0,2,41
08/06/2002,DBQ,IA,ACE,CE,Federal Contract Tower,0,16,15,0,31,0,0,77,0,77,0,16,92,0,108,40,0,40,148
08/07/2002,DBQ,IA,ACE,CE,Federal Contract Tower,0,14,17,0,31,0,0,97,0,97,0,14,114,0,128,118,0,118,246
08/08/2002,DBQ,IA,ACE,CE,Federal Contract Tower,0,16,18,0,34,0,0,88,0,88,0,16,106,0,122,48,0,48,170
08/09/2002,DBQ,IA,ACE,CE,Federal Contract Tower,0,14,15,0,29,0,0,54,0,54,0,14,69,0,83,18,0,18,101
08/10/2002,DBQ,IA,ACE,CE,Federal Contract Tower,0,8,19,0,27,0,0,54,0,54,0,8,73,0,81,14,0,14,95
08/11/2002,DBQ,IA,ACE,CE,Federal Contract Tower,0,11,18,0,29,0,0,37,0,37,0,11,55,0,66,26,0,26,92
08/12/2002,DBQ,IA,ACE,CE,Federal Contract Tower,0,13,19,0,32,0,0,9,0,9,0,13,28,0,41,18,0,18,59
08/13/2002,DBQ,IA,ACE,CE,Federal Contract Tower,0,13,22,0,35,0,0,6,0,6,0,13,28,0,41,20,0,20,61
08/14/2002,DBQ,IA,ACE,CE,Federal Contract Tower,0,15,18,0,33,0,0,36,0,36,0,15,54,0,69,8,0,8,77
08/15/2002,DBQ,IA,ACE,CE,Federal Contract Tower,0,14,25,0,39,0,0,61,0,61,0,14,86,0,100,20,0,20,120
08/16/2002,DBQ,IA,ACE,CE,Federal Contract Tower,0,11,27,0,38,0,1,73,0,74,0,12,100,0,112,32,0,32,144
08/17/2002,DBQ,IA,ACE,CE,Federal Contract Tower,0,12,11,0,23,0,0,9,0,9,0,12,20,0,32,18,0,18,50
08/18/2002,DBQ,IA,ACE,CE,Federal Contract Tower,0,10,5,0,15,0,0,72,0,72,0,10,77,0,87,6,0,6,93
08/19/2002,DBQ,IA,ACE,CE,Federal Contract Tower,0,14,13,0,27,0,0,76,0,76,0,14,89,0,103,36,0,36,139
08/20/2002,DBQ,IA,ACE,CE,Federal Contract Tower,1,13,23,0,37,0,0,38,0,38,1,13,61,0,75,66,0,66,141
08/21/2002,DBQ,IA,ACE,CE,Federal Contract Tower,0,18,15,0,33,0,0,5,0,5,0,18,20,0,38,6,0,6,44
08/22/2002,DBQ,IA,ACE,CE,Federal Contract Tower,2,21,14,0,37,0,0,6,0,6,2,21,20,0,43,10,0,10,53
08/23/2002,DBQ,IA,ACE,CE,Federal Contract Tower,0,15,17,0,32,0,0,13,0,13,0,15,30,0,45,2,0,2,47
08/24/2002,DBQ,IA,ACE,CE,Federal Contract Tower,0,7,15,0,22,0,0,26,0,26,0,7,41,0,48,12,0,12,60
08/25/2002,DBQ,IA,ACE,CE,Federal Contract Tower,0,10,9,0,19,0,0,39,0,39,0,10,48,0,58,0,0,0,58
08/26/2002,DBQ,IA,ACE,CE,Federal Contract Tower,0,14,13,0,27,0,0,39,0,39,0,14,52,0,66,38,0,38,104
08/27/2002,DBQ,IA,ACE,CE,Federal Contract Tower,0,16,15,0,31,0,0,90,0,90,0,16,105,0,121,76,0,76,197
08/28/2002,DBQ,IA,ACE,CE,Federal Contract Tower,0,16,11,0,27,0,0,17,0,17,0,16,28,0,44,12,0,12,56
08/29/2002,DBQ,IA,ACE,CE,Federal Contract Tower,0,17,15,0,32,0,1,95,0,96,0,18,110,0,128,68,0,68,196
08/30/2002,DBQ,IA,ACE,CE,Federal Contract Tower,0,14,4,0,18,0,1,96,0,97,0,15,100,0,115,96,0,96,211
08/31/2002,DBQ,IA,ACE,CE,Federal Contract Tower,0,10,14,0,24,0,0,67,0,67,0,10,81,0,91,70,0,70,161
09/01/2002,DBQ,IA,ACE,CE,Federal Contract Tower,0,8,10,0,18,0,0,30,0,30,0,8,40,0,48,6,0,6,54
09/02/2002,DBQ,IA,ACE,CE,Federal Contract Tower,0,8,9,0,17,0,0,10,0,10,0,8,19,0,27,0,0,0,27
09/03/2002,DBQ,IA,ACE,CE,Federal Contract Tower,0,17,11,0,28,0,0,134,0,134,0,17,145,0,162,110,0,110,272
09/04/2002,DBQ,IA,ACE,CE,Federal Contract Tower,0,15,11,0,26,0,1,166,0,167,0,16,177,0,193,142,0,142,335
09/05/2002,DBQ,IA,ACE,CE,Federal Contract Tower,0,17,15,0,32,0,0,112,0,112,0,17,127,0,144,114,0,114,258
09/06/2002,DBQ,IA,ACE,CE,Federal Contract Tower,0,18,17,0,35,0,0,161,0,161,0,18,178,0,196,174,0,174,370
09/07/2002,DBQ,IA,ACE,CE,Federal Contract Tower,0,7,3,0,10,0,0,127,0,127,0,7,130,0,137,130,0,130,267
09/08/2002,DBQ,IA,ACE,CE,Federal Contract Tower,0,14,10,0,24,0,0,160,0,160,0,14,170,0,184,40,0,40,224
09/09/2002,DBQ,IA,ACE,CE,Federal Contract Tower,0,20,15,0,35,0,0,100,0,100,0,20,115,0,135,116,0,116,251
09/10/2002,DBQ,IA,ACE,CE,Federal Contract Tower,0,11,23,0,34,0,0,21,0,21,0,11,44,0,55,34,0,34,89
09/11/2002,DBQ,IA,ACE,CE,Federal Contract Tower,0,9,21,0,30,0,0,107,0,107,0,9,128,0,137,106,0,106,243
09/12/2002,DBQ,IA,ACE,CE,Federal Contract Tower,0,18,18,0,36,0,0,112,0,112,0,18,130,0,148,100,0,100,248
09/13/2002,DBQ,IA,ACE,CE,Federal Contract Tower,0,16,26,0,42,0,1,133,0,134,0,17,159,0,176,106,0,106,282
09/14/2002,DBQ,IA,ACE,CE,Federal Contract Tower,0,7,12,0,19,0,0,54,0,54,0,7,66,0,73,86,0,86,159
09/15/2002,DBQ,IA,ACE,CE,Federal Contract Tower,0,10,11,0,21,0,0,91,0,91,0,10,102,0,112,44,0,44,156
09/16/2002,DBQ,IA,ACE,CE,Federal Contract Tower,0,17,29,0,46,0,1,113,0,114,0,18,142,0,160,144,0,144,304
09/17/2002,DBQ,IA,ACE,CE,Federal Contract Tower,0,14,21,0,35,0,0,126,0,126,0,14,147,0,161,160,0,160,321
09/18/2002,DBQ,IA,ACE,CE,Federal Contract Tower,0,16,25,0,41,0,0,7,0,7,0,16,32,0,48,36,0,36,84
09/19/2002,DBQ,IA,ACE,CE,Federal Contract Tower,0,15,19,0,34,0,0,37,0,37,0,15,56,0,71,134,0,134,205
09/20/2002,DBQ,IA,ACE,CE,Federal Contract Tower,0,15,29,0,44,0,0,25,0,25,0,15,54,0,69,44,0,44,113
09/21/2002,DBQ,IA,ACE,CE,Federal Contract Tower,0,9,10,0,19,0,0,120,0,120,0,9,130,0,139,128,0,128,267
09/22/2002,DBQ,IA,ACE,CE,Federal Contract Tower,0,12,13,0,25,0,0,41,0,41,0,12,54,0,66,2,0,2,68
09/23/2002,DBQ,IA,ACE,CE,Federal Contract Tower,0,14,21,0,35,0,0,74,0,74,0,14,95,0,109,96,0,96,205
09/24/2002,DBQ,IA,ACE,CE,Federal Contract Tower,0,12,14,0,26,0,0,89,0,89,0,12,103,0,115,136,0,136,251
09/25/2002,DBQ,IA,ACE,CE,Federal Contract Tower,0,14,28,0,42,0,0,129,0,129,0,14,157,0,171,160,0,160,331
09/26/2002,DBQ,IA,ACE,CE,Federal Contract Tower,0,19,10,0,29,0,0,113,0,113,0,19,123,0,142,242,0,242,384
09/27/2002,DBQ,IA,ACE,CE,Federal Contract Tower,0,15,27,0,42,0,0,0,0,0,0,15,27,0,42,16,0,16,58
09/28/2002,DBQ,IA,ACE,CE,Federal Contract Tower,0,8,27,0,35,0,0,49,0,49,0,8,76,0,84,128,0,128,212
09/29/2002,DBQ,IA,ACE,CE,Federal Contract Tower,0,10,14,0,24,0,0,36,0,36,0,10,50,0,60,22,0,22,82
09/30/2002,DBQ,IA,ACE,CE,Federal Contract Tower,0,16,9,0,25,0,0,68,0,68,0,16,77,0,93,148,0,148,241
10/01/2002,DBQ,IA,ACE,CE,Federal Contract Tower,0,18,10,0,28,0,0,32,0,32,0,18,42,0,60,172,0,172,232
10/02/2002,DBQ,IA,ACE,CE,Federal Contract Tower,0,17,23,0,40,0,0,0,0,0,0,17,23,0,40,0,0,0,40
10/03/2002,DBQ,IA,ACE,CE,Federal Contract Tower,0,11,9,0,20,0,0,0,0,0,0,11,9,0,20,0,0,0,20
10/04/2002,DBQ,IA,ACE,CE,Federal Contract Tower,12,18,11,0,41,6,0,3,0,9,18,18,14,0,50,0,0,0,50
10/05/2002,DBQ,IA,ACE,CE,Federal Contract Tower,0,9,12,0,21,0,4,102,0,106,0,13,114,0,127,178,0,178,305
10/06/2002,DBQ,IA,ACE,CE,Federal Contract Tower,0,12,6,0,18,0,0,6,0,6,0,12,12,0,24,8,0,8,32
10/07/2002,DBQ,IA,ACE,CE,Federal Contract Tower,0,17,10,0,27,0,1,126,0,127,0,18,136,0,154,170,0,170,324
10/08/2002,DBQ,IA,ACE,CE,Federal Contract Tower,0,20,21,0,41,0,1,81,0,82,0,21,102,0,123,144,0,144,267
10/09/2002,DBQ,IA,ACE,CE,Federal Contract Tower,0,23,17,0,40,0,0,163,0,163,0,23,180,0,203,132,0,132,335
10/10/2002,DBQ,IA,ACE,CE,Federal Contract Tower,0,17,19,0,36,0,0,108,0,108,0,17,127,0,144,218,0,218,362
10/11/2002,DBQ,IA,ACE,CE,Federal Contract Tower,0,15,21,0,36,0,0,131,0,131,0,15,152,0,167,146,0,146,313
10/12/2002,DBQ,IA,ACE,CE,Federal Contract Tower,0,12,12,0,24,0,0,15,0,15,0,12,27,0,39,2,0,2,41
10/13/2002,DBQ,IA,ACE,CE,Federal Contract Tower,0,10,16,0,26,0,0,72,0,72,0,10,88,0,98,0,0,0,98
10/14/2002,DBQ,IA,ACE,CE,Federal Contract Tower,0,15,19,0,34,0,1,76,0,77,0,16,95,0,111,116,0,116,227
10/15/2002,DBQ,IA,ACE,CE,Federal Contract Tower,0,15,9,0,24,0,0,118,0,118,0,15,127,0,142,244,0,244,386
10/16/2002,DBQ,IA,ACE,CE,Federal Contract Tower,0,17,18,0,35,0,0,114,0,114,0,17,132,0,149,220,0,220,369
10/17/2002,DBQ,IA,ACE,CE,Federal Contract Tower,0,17,5,0,22,0,0,10,0,10,0,17,15,0,32,40,0,40,72
10/18/2002,DBQ,IA,ACE,CE,Federal Contract Tower,0,17,19,0,36,0,0,37,0,37,0,17,56,0,73,14,0,14,87
10/19/2002,DBQ,IA,ACE,CE,Federal Contract Tower,0,7,10,0,17,0,0,30,0,30,0,7,40,0,47,56,0,56,103
10/20/2002,DBQ,IA,ACE,CE,Federal Contract Tower,0,8,10,0,18,0,0,54,0,54,0,8,64,0,72,60,0,60,132
10/21/2002,DBQ,IA,ACE,CE,Federal Contract Tower,0,18,16,0,34,0,0,99,0,99,0,18,115,0,133,194,0,194,327
10/22/2002,DBQ,IA,ACE,CE,Federal Contract Tower,0,14,29,0,43,0,0,54,0,54,0,14,83,0,97,296,0,296,393
10/23/2002,DBQ,IA,ACE,CE,Federal Contract Tower,0,16,10,0,26,0,0,27,2,29,0,16,37,2,55,40,0,40,95
10/24/2002,DBQ,IA,ACE,CE,Federal Contract Tower,0,17,10,0,27,0,0,0,0,0,0,17,10,0,27,0,0,0,27
10/25/2002,DBQ,IA,ACE,CE,Federal Contract Tower,0,14,10,0,24,0,0,0,0,0,0,14,10,0,24,0,0,0,24
10/26/2002,DBQ,IA,ACE,CE,Federal Contract Tower,0,7,14,0,21,0,0,113,0,113,0,7,127,0,134,154,0,154,288
10/27/2002,DBQ,IA,ACE,CE,Federal Contract Tower,0,10,11,0,21,0,0,21,0,21,0,10,32,0,42,30,0,30,72
10/28/2002,DBQ,IA,ACE,CE,Federal Contract Tower,0,14,29,0,43,0,0,4,0,4,0,14,33,0,47,134,0,134,181
10/29/2002,DBQ,IA,ACE,CE,Federal Contract Tower,0,15,17,0,32,0,0,71,0,71,0,15,88,0,103,268,0,268,371
10/30/2002,DBQ,IA,ACE,CE,Federal Contract Tower,0,15,15,0,30,0,0,133,0,133,0,15,148,0,163,182,0,182,345
10/31/2002,DBQ,IA,ACE,CE,Federal Contract Tower,0,15,14,0,29,0,0,82,0,82,0,15,96,0,111,176,0,176,287
11/01/2002,DBQ,IA,ACE,CE,Federal Contract Tower,0,17,10,0,27,0,0,119,0,119,0,17,129,0,146,116,0,116,262
11/02/2002,DBQ,IA,ACE,CE,Federal Contract Tower,0,8,3,0,11,0,0,123,0,123,0,8,126,0,134,130,0,130,264
11/03/2002,DBQ,IA,ACE,CE,Federal Contract Tower,0,12,4,0,16,0,0,20,0,20,0,12,24,0,36,44,0,44,80
11/04/2002,DBQ,IA,ACE,CE,Federal Contract Tower,0,16,14,0,30,0,0,65,0,65,0,16,79,0,95,200,0,200,295
11/05/2002,DBQ,IA,ACE,CE,Federal Contract Tower,0,15,15,0,30,0,0,3,0,3,0,15,18,0,33,8,0,8,41
11/06/2002,DBQ,IA,ACE,CE,Federal Contract Tower,0,18,22,0,40,0,0,78,0,78,0,18,100,0,118,160,0,160,278
11/07/2002,DBQ,IA,ACE,CE,Federal Contract Tower,0,16,17,0,33,0,0,118,0,118,0,16,135,0,151,236,0,236,387
11/08/2002,DBQ,IA,ACE,CE,Federal Contract Tower,0,15,12,0,27,0,2,148,0,150,0,17,160,0,177,180,0,180,357
11/09/2002,DBQ,IA,ACE,CE,Federal Contract Tower,0,16,3,0,19,0,0,90,0,90,0,16,93,0,109,108,0,108,217
11/10/2002,DBQ,IA,ACE,CE,Federal Contract Tower,0,10,5,0,15,0,0,41,0,41,0,10,46,0,56,24,0,24,80
11/11/2002,DBQ,IA,ACE,CE,Federal Contract Tower,0,13,6,0,19,0,0,6,0,6,0,13,12,0,25,82,0,82,107
11/12/2002,DBQ,IA,ACE,CE,Federal Contract Tower,0,18,15,0,33,0,0,99,0,99,0,18,114,0,132,194,0,194,326
11/13/2002,DBQ,IA,ACE,CE,Federal Contract Tower,0,14,6,0,20,0,0,116,0,116,0,14,122,0,136,160,0,160,296
11/14/2002,DBQ,IA,ACE,CE,Federal Contract Tower,0,16,11,0,27,0,2,11,0,13,0,18,22,0,40,150,0,150,190
11/15/2002,DBQ,IA,ACE,CE,Federal Contract Tower,0,16,8,0,24,0,0,148,0,148,0,16,156,0,172,220,0,220,392
11/16/2002,DBQ,IA,ACE,CE,Federal Contract Tower,0,7,1,0,8,0,0,27,0,27,0,7,28,0,35,26,0,26,61
11/17/2002,DBQ,IA,ACE,CE,Federal Contract Tower,0,7,12,2,21,0,0,90,0,90,0,7,102,2,111,32,4,36,147
11/18/2002,DBQ,IA,ACE,CE,Federal Contract Tower,0,16,33,0,49,0,0,47,0,47,0,16,80,0,96,102,0,102,198
11/19/2002,DBQ,IA,ACE,CE,Federal Contract Tower,0,21,19,0,40,0,0,137,0,137,0,21,156,0,177,136,0,136,313
11/20/2002,DBQ,IA,ACE,CE,Federal Contract Tower,0,15,21,0,36,0,0,113,0,113,0,15,134,0,149,170,0,170,319
11/21/2002,DBQ,IA,ACE,CE,Federal Contract Tower,0,15,11,0,26,0,0,6,0,6,0,15,17,0,32,0,0,0,32
11/22/2002,DBQ,IA,ACE,CE,Federal Contract Tower,0,20,17,0,37,0,0,154,0,154,0,20,171,0,191,150,0,150,341
11/23/2002,DBQ,IA,ACE,CE,Federal Contract Tower,0,9,12,0,21,0,1,92,0,93,0,10,104,0,114,92,0,92,206
11/24/2002,DBQ,IA,ACE,CE,Federal Contract Tower,0,14,1,0,15,0,0,4,0,4,0,14,5,0,19,0,0,0,19
11/25/2002,DBQ,IA,ACE,CE,Federal Contract Tower,0,15,10,0,25,0,0,106,0,106,0,15,116,0,131,70,0,70,201
11/26/2002,DBQ,IA,ACE,CE,Federal Contract Tower,0,16,20,0,36,0,0,76,0,76,0,16,96,0,112,78,0,78,190
11/27/2002,DBQ,IA,ACE,CE,Federal Contract Tower,0,15,7,0,22,0,0,66,0,66,0,15,73,0,88,16,0,16,104
11/28/2002,DBQ,IA,ACE,CE,Federal Contract Tower,0,7,4,0,11,0,0,8,0,8,0,7,12,0,19,30,0,30,49
11/29/2002,DBQ,IA,ACE,CE,Federal Contract Tower,2,13,5,0,20,0,0,19,0,19,2,13,24,0,39,10,0,10,49
11/30/2002,DBQ,IA,ACE,CE,Federal Contract Tower,0,8,3,0,11,0,0,11,0,11,0,8,14,0,22,0,0,0,22
12/01/2002,DBQ,IA,ACE,CE,Federal Contract Tower,0,14,17,0,31,0,0,18,0,18,0,14,35,0,49,2,0,2,51
12/02/2002,DBQ,IA,ACE,CE,Federal Contract Tower,2,14,15,0,31,0,1,22,0,23,2,15,37,0,54,22,0,22,76
12/03/2002,DBQ,IA,ACE,CE,Federal Contract Tower,0,15,4,0,19,0,1,107,0,108,0,16,111,0,127,162,0,162,289
12/04/2002,DBQ,IA,ACE,CE,Federal Contract Tower,0,17,11,0,28,0,1,117,0,118,0,18,128,0,146,100,0,100,246
12/05/2002,DBQ,IA,ACE,CE,Federal Contract Tower,0,15,11,0,26,0,0,95,0,95,0,15,106,0,121,108,0,108,229
12/06/2002,DBQ,IA,ACE,CE,Federal Contract Tower,0,14,16,0,30,0,0,125,0,125,0,14,141,0,155,40,0,40,195
12/07/2002,DBQ,IA,ACE,CE,Federal Contract Tower,0,8,1,0,9,0,0,104,0,104,0,8,105,0,113,190,0,190,303
12/08/2002,DBQ,IA,ACE,CE,Federal Contract Tower,0,11,17,0,28,0,0,45,0,45,0,11,62,0,73,32,0,32,105
12/09/2002,DBQ,IA,ACE,CE,Federal Contract Tower,0,16,10,0,26,0,0,63,0,63,0,16,73,0,89,58,0,58,147
12/10/2002,DBQ,IA,ACE,CE,Federal Contract Tower,0,15,21,0,36,0,0,84,0,84,0,15,105,0,120,70,0,70,190
12/11/2002,DBQ,IA,ACE,CE,Federal Contract Tower,0,15,19,0,34,0,0,84,0,84,0,15,103,0,118,94,0,94,212
12/12/2002,DBQ,IA,ACE,CE,Federal Contract Tower,0,17,23,0,40,0,0,0,0,0,0,17,23,0,40,0,0,0,40
12/13/2002,DBQ,IA,ACE,CE,Federal Contract Tower,0,2,15,0,17,0,0,0,0,0,0,2,15,0,17,0,0,0,17
12/14/2002,DBQ,IA,ACE,CE,Federal Contract Tower,0,8,2,0,10,0,0,13,0,13,0,8,15,0,23,30,0,30,53
12/15/2002,DBQ,IA,ACE,CE,Federal Contract Tower,0,10,4,0,14,0,0,43,0,43,0,10,47,0,57,16,0,16,73
12/16/2002,DBQ,IA,ACE,CE,Federal Contract Tower,0,14,23,0,37,0,0,63,0,63,0,14,86,0,100,60,0,60,160
12/17/2002,DBQ,IA,ACE,CE,Federal Contract Tower,0,16,20,0,36,0,0,0,0,0,0,16,20,0,36,0,0,0,36
12/18/2002,DBQ,IA,ACE,CE,Federal Contract Tower,0,13,16,0,29,0,0,2,0,2,0,13,18,0,31,18,0,18,49
12/19/2002,DBQ,IA,ACE,CE,Federal Contract Tower,0,19,11,0,30,0,0,49,0,49,0,19,60,0,79,42,0,42,121
12/20/2002,DBQ,IA,ACE,CE,Federal Contract Tower,0,15,12,0,27,0,0,6,0,6,0,15,18,0,33,0,0,0,33
12/21/2002,DBQ,IA,ACE,CE,Federal Contract Tower,0,12,20,0,32,0,0,0,0,0,0,12,20,0,32,10,0,10,42
12/22/2002,DBQ,IA,ACE,CE,Federal Contract Tower,0,13,12,0,25,0,0,0,0,0,0,13,12,0,25,2,0,2,27
12/23/2002,DBQ,IA,ACE,CE,Federal Contract Tower,0,15,14,0,29,0,0,51,0,51,0,15,65,0,80,30,0,30,110
12/24/2002,DBQ,IA,ACE,CE,Federal Contract Tower,0,13,5,0,18,0,0,9,0,9,0,13,14,0,27,4,0,4,31
12/25/2002,DBQ,IA,ACE,CE,Federal Contract Tower,0,9,0,0,9,0,0,2,0,2,0,9,2,0,11,2,0,2,13
12/26/2002,DBQ,IA,ACE,CE,Federal Contract Tower,0,13,16,0,29,0,1,25,0,26,0,14,41,0,55,20,0,20,75
12/27/2002,DBQ,IA,ACE,CE,Federal Contract Tower,0,16,8,0,24,0,0,1,0,1,0,16,9,0,25,0,0,0,25
12/28/2002,DBQ,IA,ACE,CE,Federal Contract Tower,0,8,13,0,21,0,0,22,0,22,0,8,35,0,43,18,0,18,61
12/29/2002,DBQ,IA,ACE,CE,Federal Contract Tower,0,10,9,0,19,0,0,37,0,37,0,10,46,0,56,56,0,56,112
12/30/2002,DBQ,IA,ACE,CE,Federal Contract Tower,0,15,12,0,27,0,0,10,0,10,0,15,22,0,37,4,0,4,41
12/31/2002,DBQ,IA,ACE,CE,Federal Contract Tower,0,16,2,0,18,0,1,60,0,61,0,17,62,0,79,34,0,34,113
01/01/2003,DBQ,IA,ACE,CE,Federal Contract Tower,0,10,4,0,14,0,0,13,0,13,0,10,17,0,27,12,0,12,39
01/02/2003,DBQ,IA,ACE,CE,Federal Contract Tower,0,16,12,0,28,0,0,7,0,7,0,16,19,0,35,14,0,14,49
01/03/2003,DBQ,IA,ACE,CE,Federal Contract Tower,0,15,5,0,20,0,0,92,2,94,0,15,97,2,114,70,2,72,186
01/04/2003,DBQ,IA,ACE,CE,Federal Contract Tower,0,9,5,0,14,0,0,0,0,0,0,9,5,0,14,0,0,0,14
01/05/2003,DBQ,IA,ACE,CE,Federal Contract Tower,0,11,5,0,16,0,0,0,0,0,0,11,5,0,16,0,0,0,16
01/06/2003,DBQ,IA,ACE,CE,Federal Contract Tower,0,17,12,0,29,0,0,70,0,70,0,17,82,0,99,34,0,34,133
01/07/2003,DBQ,IA,ACE,CE,Federal Contract Tower,0,14,11,0,25,0,0,35,0,35,0,14,46,0,60,2,0,2,62
01/08/2003,DBQ,IA,ACE,CE,Federal Contract Tower,0,19,12,0,31,0,2,50,0,52,0,21,62,0,83,6,0,6,89
01/09/2003,DBQ,IA,ACE,CE,Federal Contract Tower,0,16,15,0,31,0,1,5,0,6,0,17,20,0,37,0,0,0,37
01/10/2003,DBQ,IA,ACE,CE,Federal Contract Tower,0,15,14,0,29,0,0,8,0,8,0,15,22,0,37,0,0,0,37
01/11/2003,DBQ,IA,ACE,CE,Federal Contract Tower,0,8,12,0,20,0,0,32,0,32,0,8,44,0,52,22,0,22,74
01/12/2003,DBQ,IA,ACE,CE,Federal Contract Tower,0,10,3,0,13,0,0,31,0,31,0,10,34,0,44,14,0,14,58
01/13/2003,DBQ,IA,ACE,CE,Federal Contract Tower,0,14,5,0,19,0,0,85,0,85,0,14,90,0,104,118,0,118,222
01/14/2003,DBQ,IA,ACE,CE,Federal Contract Tower,0,14,11,0,25,0,0,115,0,115,0,14,126,0,140,106,0,106,246
01/15/2003,DBQ,IA,ACE,CE,Federal Contract Tower,0,21,19,0,40,0,0,123,0,123,0,21,142,0,163,72,0,72,235
01/16/2003,DBQ,IA,ACE,CE,Federal Contract Tower,0,16,15,0,31,0,1,123,0,124,0,17,138,0,155,182,0,182,337
01/17/2003,DBQ,IA,ACE,CE,Federal Contract Tower,0,15,10,0,25,0,1,141,0,142,0,16,151,0,167,90,0,90,257
01/18/2003,DBQ,IA,ACE,CE,Federal Contract Tower,0,11,2,0,13,0,0,29,0,29,0,11,31,0,42,12,0,12,54
01/19/2003,DBQ,IA,ACE,CE,Federal Contract Tower,0,12,8,0,20,0,0,5,0,5,0,12,13,0,25,4,0,4,29
01/20/2003,DBQ,IA,ACE,CE,Federal Contract Tower,0,10,23,0,33,0,0,44,0,44,0,10,67,0,77,34,0,34,111
01/21/2003,DBQ,IA,ACE,CE,Federal Contract Tower,0,14,17,0,31,0,0,95,0,95,0,14,112,0,126,84,0,84,210
01/22/2003,DBQ,IA,ACE,CE,Federal Contract Tower,0,13,8,0,21,0,2,39,2,43,0,15,47,2,64,60,4,64,128
01/23/2003,DBQ,IA,ACE,CE,Federal Contract Tower,0,16,9,0,25,0,0,16,2,18,0,16,25,2,43,2,0,2,45
01/24/2003,DBQ,IA,ACE,CE,Federal Contract Tower,0,13,9,0,22,0,1,35,0,36,0,14,44,0,58,40,0,40,98
01/25/2003,DBQ,IA,ACE,CE,Federal Contract Tower,0,8,4,0,12,0,0,61,0,61,0,8,65,0,73,78,0,78,151
01/26/2003,DBQ,IA,ACE,CE,Federal Contract Tower,0,10,4,0,14,0,0,25,0,25,0,10,29,0,39,8,0,8,47
01/27/2003,DBQ,IA,ACE,CE,Federal Contract Tower,0,17,23,0,40,0,0,22,0,22,0,17,45,0,62,12,0,12,74
01/28/2003,DBQ,IA,ACE,CE,Federal Contract Tower,0,14,12,0,26,0,0,3,0,3,0,14,15,0,29,16,0,16,45
01/29/2003,DBQ,IA,ACE,CE,Federal Contract Tower,0,17,15,0,32,0,1,121,0,122,0,18,136,0,154,100,0,100,254
01/30/2003,DBQ,IA,ACE,CE,Federal Contract Tower,0,14,12,0,26,0,0,107,0,107,0,14,119,0,133,82,0,82,215
01/31/2003,DBQ,IA,ACE,CE,Federal Contract Tower,0,13,15,0,28,0,0,0,0,0,0,13,15,0,28,0,0,0,28
02/01/2003,DBQ,IA,ACE,CE,Federal Contract Tower,0,8,5,0,13,0,0,2,0,2,0,8,7,0,15,0,0,0,15
02/02/2003,DBQ,IA,ACE,CE,Federal Contract Tower,0,10,13,0,23,0,0,0,0,0,0,10,13,0,23,0,0,0,23
02/03/2003,DBQ,IA,ACE,CE,Federal Contract Tower,0,11,8,0,19,0,0,0,0,0,0,11,8,0,19,0,0,0,19
02/04/2003,DBQ,IA,ACE,CE,Federal Contract Tower,0,14,9,0,23,0,0,65,0,65,0,14,74,0,88,18,0,18,106
02/05/2003,DBQ,IA,ACE,CE,Federal Contract Tower,0,16,22,2,40,0,0,73,0,73,0,16,95,2,113,112,6,118,231
02/06/2003,DBQ,IA,ACE,CE,Federal Contract Tower,2,15,19,0,36,0,1,97,0,98,2,16,116,0,134,108,0,108,242
02/07/2003,DBQ,IA,ACE,CE,Federal Contract Tower,0,15,14,0,29,0,0,54,0,54,0,15,68,0,83,88,0,88,171
02/08/2003,DBQ,IA,ACE,CE,Federal Contract Tower,0,10,14,0,24,0,0,40,0,40,0,10,54,0,64,46,0,46,110
02/09/2003,DBQ,IA,ACE,CE,Federal Contract Tower,2,10,7,0,19,0,0,22,0,22,2,10,29,0,41,4,0,4,45
02/10/2003,DBQ,IA,ACE,CE,Federal Contract Tower,0,15,21,0,36,0,1,48,2,51,0,16,69,2,87,20,0,20,107
02/11/2003,DBQ,IA,ACE,CE,Federal Contract Tower,0,14,17,0,31,0,0,19,0,19,0,14,36,0,50,0,0,0,50
02/12/2003,DBQ,IA,ACE,CE,Federal Contract Tower,0,20,20,0,40,0,0,57,0,57,0,20,77,0,97,26,0,26,123
02/13/2003,DBQ,IA,ACE,CE,Federal Contract Tower,0,14,22,0,36,0,0,93,0,93,0,14,115,0,129,144,0,144,273
02/14/2003,DBQ,IA,ACE,CE,Federal Contract Tower,0,16,5,0,21,0,0,52,0,52,0,16,57,0,73,10,0,10,83
02/15/2003,DBQ,IA,ACE,CE,Federal Contract Tower,0,6,4,0,10,0,0,4,0,4,0,6,8,0,14,0,0,0,14
02/16/2003,DBQ,IA,ACE,CE,Federal Contract Tower,0,12,8,0,20,0,0,56,0,56,0,12,64,0,76,14,0,14,90
02/17/2003,DBQ,IA,ACE,CE,Federal Contract Tower,0,12,23,0,35,0,0,0,0,0,0,12,23,0,35,0,0,0,35
02/18/2003,DBQ,IA,ACE,CE,Federal Contract Tower,0,15,24,0,39,0,0,98,0,98,0,15,122,0,137,134,0,134,271
02/19/2003,DBQ,IA,ACE,CE,Federal Contract Tower,0,14,22,2,38,0,0,117,0,117,0,14,139,2,155,140,0,140,295
02/20/2003,DBQ,IA,ACE,CE,Federal Contract Tower,0,16,14,0,30,0,0,71,0,71,0,16,85,0,101,108,0,108,209
02/21/2003,DBQ,IA,ACE,CE,Federal Contract Tower,0,14,16,0,30,0,0,121,0,121,0,14,137,0,151,158,0,158,309
02/22/2003,DBQ,IA,ACE,CE,Federal Contract Tower,0,9,1,0,10,0,0,9,0,9,0,9,10,0,19,4,0,4,23
02/23/2003,DBQ,IA,ACE,CE,Federal Contract Tower,0,12,15,0,27,0,0,30,0,30,0,12,45,0,57,6,0,6,63
02/24/2003,DBQ,IA,ACE,CE,Federal Contract Tower,0,17,5,0,22,0,0,10,0,10,0,17,15,0,32,18,0,18,50
02/25/2003,DBQ,IA,ACE,CE,Federal Contract Tower,0,15,14,0,29,0,0,54,0,54,0,15,68,0,83,136,0,136,219
02/26/2003,DBQ,IA,ACE,CE,Federal Contract Tower,0,13,17,0,30,0,0,89,0,89,0,13,106,0,119,130,0,130,249
02/27/2003,DBQ,IA,ACE,CE,Federal Contract Tower,0,14,14,0,28,0,0,109,0,109,0,14,123,0,137,196,0,196,333
02/28/2003,DBQ,IA,ACE,CE,Federal Contract Tower,0,14,17,0,31,0,0,86,0,86,0,14,103,0,117,92,0,92,209
03/01/2003,DBQ,IA,ACE,CE,Federal Contract Tower,0,8,7,0,15,0,0,3,0,3,0,8,10,0,18,0,0,0,18
03/02/2003,DBQ,IA,ACE,CE,Federal Contract Tower,0,11,8,0,19,0,0,39,0,39,0,11,47,0,58,14,0,14,72
03/03/2003,DBQ,IA,ACE,CE,Federal Contract Tower,1,13,9,0,23,0,0,3,0,3,1,13,12,0,26,0,0,0,26
03/04/2003,DBQ,IA,ACE,CE,Federal Contract Tower,1,12,14,0,27,0,0,14,0,14,1,12,28,0,41,4,0,4,45
03/05/2003,DBQ,IA,ACE,CE,Federal Contract Tower,0,13,19,0,32,0,0,39,0,39,0,13,58,0,71,22,0,22,93
03/06/2003,DBQ,IA,ACE,CE,Federal Contract Tower,0,14,9,0,23,0,0,53,0,53,0,14,62,0,76,66,0,66,142
03/07/2003,DBQ,IA,ACE,CE,Federal Contract Tower,0,14,21,0,35,0,0,11,0,11,0,14,32,0,46,4,0,4,50
03/08/2003,DBQ,IA,ACE,CE,Federal Contract Tower,0,10,4,0,14,0,0,0,0,0,0,10,4,0,14,0,0,0,14
03/09/2003,DBQ,IA,ACE,CE,Federal Contract Tower,0,11,12,0,23,0,0,24,0,24,0,11,36,0,47,0,0,0,47
03/10/2003,DBQ,IA,ACE,CE,Federal Contract Tower,0,16,11,0,27,0,0,86,0,86,0,16,97,0,113,74,0,74,187
03/11/2003,DBQ,IA,ACE,CE,Federal Contract Tower,0,14,18,0,32,0,0,67,0,67,0,14,85,0,99,136,0,136,235
03/12/2003,DBQ,IA,ACE,CE,Federal Contract Tower,0,14,17,0,31,0,0,45,0,45,0,14,62,0,76,114,0,114,190
03/13/2003,DBQ,IA,ACE,CE,Federal Contract Tower,0,14,21,0,35,0,0,134,0,134,0,14,155,0,169,202,0,202,371
03/14/2003,DBQ,IA,ACE,CE,Federal Contract Tower,0,17,18,0,35,0,0,56,0,56,0,17,74,0,91,64,0,64,155
03/15/2003,DBQ,IA,ACE,CE,Federal Contract Tower,0,12,19,0,31,0,0,43,0,43,0,12,62,0,74,64,0,64,138
03/16/2003,DBQ,IA,ACE,CE,Federal Contract Tower,0,10,4,0,14,0,0,34,0,34,0,10,38,0,48,36,0,36,84
03/17/2003,DBQ,IA,ACE,CE,Federal Contract Tower,0,16,13,0,29,0,0,83,0,83,0,16,96,0,112,102,0,102,214
03/18/2003,DBQ,IA,ACE,CE,Federal Contract Tower,0,17,19,0,36,0,0,0,0,0,0,17,19,0,36,0,0,0,36
03/19/2003,DBQ,IA,ACE,CE,Federal Contract Tower,0,14,19,0,33,0,0,0,0,0,0,14,19,0,33,0,0,0,33
03/20/2003,DBQ,IA,ACE,CE,Federal Contract Tower,0,10,12,0,22,0,0,0,0,0,0,10,12,0,22,0,0,0,22
03/21/2003,DBQ,IA,ACE,CE,Federal Contract Tower,0,15,13,0,28,0,0,0,0,0,0,15,13,0,28,0,0,0,28
03/22/2003,DBQ,IA,ACE,CE,Federal Contract Tower,0,8,16,0,24,0,0,67,0,67,0,8,83,0,91,18,0,18,109
03/23/2003,DBQ,IA,ACE,CE,Federal Contract Tower,2,11,10,0,23,0,0,84,0,84,2,11,94,0,107,40,0,40,147
03/24/2003,DBQ,IA,ACE,CE,Federal Contract Tower,0,14,13,0,27,0,0,89,0,89,0,14,102,0,116,154,0,154,270
03/25/2003,DBQ,IA,ACE,CE,Federal Contract Tower,0,13,17,0,30,0,0,147,0,147,0,13,164,0,177,148,0,148,325
03/26/2003,DBQ,IA,ACE,CE,Federal Contract Tower,2,14,19,0,35,0,1,82,0,83,2,15,101,0,118,160,0,160,278
03/27/2003,DBQ,IA,ACE,CE,Federal Contract Tower,0,13,15,0,28,0,0,40,0,40,0,13,55,0,68,42,0,42,110
03/28/2003,DBQ,IA,ACE,CE,Federal Contract Tower,0,14,5,0,19,0,0,1,0,1,0,14,6,0,20,0,0,0,20
03/29/2003,DBQ,IA,ACE,CE,Federal Contract Tower,0,8,11,0,19,0,1,25,0,26,0,9,36,0,45,14,0,14,59
03/30/2003,DBQ,IA,ACE,CE,Federal Contract Tower,0,10,8,0,18,0,0,68,0,68,0,10,76,0,86,34,0,34,120
03/31/2003,DBQ,IA,ACE,CE,Federal Contract Tower,0,16,18,0,34,0,1,91,0,92,0,17,109,0,126,62,0,62,188
04/01/2003,DBQ,IA,ACE,CE,Federal Contract Tower,0,16,14,0,30,0,0,121,0,121,0,16,135,0,151,148,0,148,299
04/02/2003,DBQ,IA,ACE,CE,Federal Contract Tower,0,18,21,0,39,0,0,79,4,83,0,18,100,4,122,56,0,56,178
04/03/2003,DBQ,IA,ACE,CE,Federal Contract Tower,0,14,20,0,34,0,0,2,0,2,0,14,22,0,36,0,0,0,36
04/04/2003,DBQ,IA,ACE,CE,Federal Contract Tower,0,18,11,0,29,0,0,0,0,0,0,18,11,0,29,0,0,0,29
04/05/2003,DBQ,IA,ACE,CE,Federal Contract Tower,0,8,18,0,26,0,0,62,0,62,0,8,80,0,88,78,0,78,166
04/06/2003,DBQ,IA,ACE,CE,Federal Contract Tower,0,11,7,0,18,0,0,19,0,19,0,11,26,0,37,0,0,0,37
04/07/2003,DBQ,IA,ACE,CE,Federal Contract Tower,0,12,8,2,22,0,0,0,0,0,0,12,8,2,22,0,0,0,22
04/08/2003,DBQ,IA,ACE,CE,Federal Contract Tower,0,14,11,0,25,0,1,52,0,53,0,15,63,0,78,56,0,56,134
04/09/2003,DBQ,IA,ACE,CE,Federal Contract Tower,0,14,17,0,31,0,0,109,0,109,0,14,126,0,140,86,0,86,226
04/10/2003,DBQ,IA,ACE,CE,Federal Contract Tower,0,15,17,0,32,0,0,110,0,110,0,15,127,0,142,142,0,142,284
04/11/2003,DBQ,IA,ACE,CE,Federal Contract Tower,0,14,24,0,38,0,0,137,0,137,0,14,161,0,175,94,0,94,269
04/12/2003,DBQ,IA,ACE,CE,Federal Contract Tower,0,9,2,0,11,0,0,118,0,118,0,9,120,0,129,78,0,78,207
04/13/2003,DBQ,IA,ACE,CE,Federal Contract Tower,0,10,5,0,15,0,0,139,0,139,0,10,144,0,154,60,0,60,214
04/14/2003,DBQ,IA,ACE,CE,Federal Contract Tower,0,15,11,0,26,0,1,19,0,20,0,16,30,0,46,8,0,8,54
04/15/2003,DBQ,IA,ACE,CE,Federal Contract Tower,0,15,26,0,41,0,0,34,0,34,0,15,60,0,75,50,0,50,125
04/16/2003,DBQ,IA,ACE,CE,Federal Contract Tower,2,15,10,2,29,0,0,10,0,10,2,15,20,2,39,10,0,10,49
04/17/2003,DBQ,IA,ACE,CE,Federal Contract Tower,0,15,21,0,36,0,0,29,0,29,0,15,50,0,65,76,0,76,141
04/18/2003,DBQ,IA,ACE,CE,Federal Contract Tower,2,14,24,0,40,0,0,14,0,14,2,14,38,0,54,2,0,2,56
04/19/2003,DBQ,IA,ACE,CE,Federal Contract Tower,0,8,0,0,8,0,0,4,0,4,0,8,4,0,12,0,0,0,12
04/20/2003,DBQ,IA,ACE,CE,Federal Contract Tower,0,10,11,0,21,0,0,0,0,0,0,10,11,0,21,0,0,0,21
04/21/2003,DBQ,IA,ACE,CE,Federal Contract Tower,0,18,11,0,29,0,0,13,0,13,0,18,24,0,42,12,0,12,54
04/22/2003,DBQ,IA,ACE,CE,Federal Contract Tower,0,16,14,0,30,0,1,113,0,114,0,17,127,0,144,112,0,112,256
04/23/2003,DBQ,IA,ACE,CE,Federal Contract Tower,0,14,16,0,30,0,0,131,0,131,0,14,147,0,161,62,0,62,223
04/24/2003,DBQ,IA,ACE,CE,Federal Contract Tower,0,16,18,0,34,0,0,85,0,85,0,16,103,0,119,106,0,106,225
04/25/2003,DBQ,IA,ACE,CE,Federal Contract Tower,0,16,16,0,32,0,0,38,0,38,0,16,54,0,70,28,0,28,98
04/26/2003,DBQ,IA,ACE,CE,Federal Contract Tower,0,9,13,0,22,0,0,117,0,117,0,9,130,0,139,98,0,98,237
04/27/2003,DBQ,IA,ACE,CE,Federal Contract Tower,0,10,7,0,17,0,0,26,0,26,0,10,33,0,43,20,0,20,63
04/28/2003,DBQ,IA,ACE,CE,Federal Contract Tower,0,15,10,0,25,0,0,141,0,141,0,15,151,0,166,68,0,68,234
04/29/2003,DBQ,IA,ACE,CE,Federal Contract Tower,0,14,11,0,25,0,0,87,0,87,0,14,98,0,112,62,0,62,174
04/30/2003,DBQ,IA,ACE,CE,Federal Contract Tower,0,14,8,0,22,0,0,5,0,5,0,14,13,0,27,0,0,0,27
05/01/2003,DBQ,IA,ACE,CE,Federal Contract Tower,0,13,30,0,43,0,0,28,0,28,0,13,58,0,71,20,0,20,91
05/02/2003,DBQ,IA,ACE,CE,Federal Contract Tower,0,17,13,0,30,0,0,98,0,98,0,17,111,0,128,42,0,42,170
05/03/2003,DBQ,IA,ACE,CE,Federal Contract Tower,0,10,10,0,20,0,0,98,0,98,0,10,108,0,118,96,0,96,214
05/04/2003,DBQ,IA,ACE,CE,Federal Contract Tower,0,10,11,0,21,0,0,5,0,5,0,10,16,0,26,2,0,2,28
05/05/2003,DBQ,IA,ACE,CE,Federal Contract Tower,0,13,14,0,27,0,1,1,0,2,0,14,15,0,29,0,0,0,29
05/06/2003,DBQ,IA,ACE,CE,Federal Contract Tower,0,18,16,0,34,0,0,100,0,100,0,18,116,0,134,60,0,60,194
05/07/2003,DBQ,IA,ACE,CE,Federal Contract Tower,0,15,24,0,39,0,0,1,0,1,0,15,25,0,40,0,0,0,40
05/08/2003,DBQ,IA,ACE,CE,Federal Contract Tower,0,14,31,0,45,0,0,69,0,69,0,14,100,0,114,80,0,80,194
05/09/2003,DBQ,IA,ACE,CE,Federal Contract Tower,0,14,20,0,34,0,0,25,0,25,0,14,45,0,59,4,0,4,63
05/10/2003,DBQ,IA,ACE,CE,Federal Contract Tower,0,11,9,0,20,0,0,16,0,16,0,11,25,0,36,6,0,6,42
05/11/2003,DBQ,IA,ACE,CE,Federal Contract Tower,0,8,2,0,10,0,0,1,0,1,0,8,3,0,11,0,0,0,11
05/12/2003,DBQ,IA,ACE,CE,Federal Contract Tower,0,14,16,2,32,0,0,45,0,45,0,14,61,2,77,26,0,26,103
05/13/2003,DBQ,IA,ACE,CE,Federal Contract Tower,0,12,23,0,35,0,5,165,0,170,0,17,188,0,205,102,0,102,307
05/14/2003,DBQ,IA,ACE,CE,Federal Contract Tower,0,9,24,0,33,0,0,0,0,0,0,9,24,0,33,0,0,0,33
05/15/2003,DBQ,IA,ACE,CE,Federal Contract Tower,0,10,32,0,42,0,0,66,0,66,0,10,98,0,108,68,0,68,176
05/16/2003,DBQ,IA,ACE,CE,Federal Contract Tower,0,11,25,0,36,0,0,65,0,65,0,11,90,0,101,54,0,54,155
05/17/2003,DBQ,IA,ACE,CE,Federal Contract Tower,0,6,15,0,21,0,0,18,0,18,0,6,33,0,39,0,0,0,39
05/18/2003,DBQ,IA,ACE,CE,Federal Contract Tower,0,7,15,0,22,0,0,26,0,26,0,7,41,0,48,30,0,30,78
05/19/2003,DBQ,IA,ACE,CE,Federal Contract Tower,0,9,18,0,27,0,0,9,0,9,0,9,27,0,36,0,0,0,36
05/20/2003,DBQ,IA,ACE,CE,Federal Contract Tower,0,11,20,0,31,0,0,76,2,78,0,11,96,2,109,36,0,36,145
05/21/2003,DBQ,IA,ACE,CE,Federal Contract Tower,0,9,13,0,22,0,0,117,0,117,0,9,130,0,139,66,0,66,205
05/22/2003,DBQ,IA,ACE,CE,Federal Contract Tower,0,11,28,0,39,0,2,74,0,76,0,13,102,0,115,36,0,36,151
05/23/2003,DBQ,IA,ACE,CE,Federal Contract Tower,0,11,14,0,25,0,0,58,0,58,0,11,72,0,83,76,0,76,159
05/24/2003,DBQ,IA,ACE,CE,Federal Contract Tower,0,3,7,0,10,0,0,38,0,38,0,3,45,0,48,18,0,18,66
05/25/2003,DBQ,IA,ACE,CE,Federal Contract Tower,0,5,7,0,12,0,0,29,0,29,0,5,36,0,41,24,0,24,65
05/26/2003,DBQ,IA,ACE,CE,Federal Contract Tower,0,5,8,0,13,0,0,69,0,69,0,5,77,0,82,64,0,64,146
05/27/2003,DBQ,IA,ACE,CE,Federal Contract Tower,0,13,15,2,30,0,0,97,0,97,0,13,112,2,127,84,10,94,221
05/28/2003,DBQ,IA,ACE,CE,Federal Contract Tower,2,11,13,0,26,0,4,87,0,91,2,15,100,0,117,90,0,90,207
05/29/2003,DBQ,IA,ACE,CE,Federal Contract Tower,0,12,10,0,22,0,1,116,0,117,0,13,126,0,139,72,0,72,211
05/30/2003,DBQ,IA,ACE,CE,Federal Contract Tower,0,13,7,0,20,0,0,28,0,28,0,13,35,0,48,12,0,12,60
05/31/2003,DBQ,IA,ACE,CE,Federal Contract Tower,2,7,12,0,21,0,0,25,0,25,2,7,37,0,46,48,0,48,94
06/01/2003,DBQ,IA,ACE,CE,Federal Contract Tower,0,5,12,0,17,0,0,43,0,43,0,5,55,0,60,38,0,38,98
06/02/2003,DBQ,IA,ACE,CE,Federal Contract Tower,0,11,20,0,31,0,0,67,0,67,0,11,87,0,98,124,0,124,222
06/03/2003,DBQ,IA,ACE,CE,Federal Contract Tower,0,9,23,0,32,0,4,22,0,26,0,13,45,0,58,36,0,36,94
06/04/2003,DBQ,IA,ACE,CE,Federal Contract Tower,0,12,36,0,48,0,0,87,0,87,0,12,123,0,135,82,0,82,217
06/05/2003,DBQ,IA,ACE,CE,Federal Contract Tower,0,12,13,0,25,0,0,110,0,110,0,12,123,0,135,56,0,56,191
06/06/2003,DBQ,IA,ACE,CE,Federal Contract Tower,0,10,17,0,27,0,1,2,0,3,0,11,19,0,30,0,0,0,30
06/07/2003,DBQ,IA,ACE,CE,Federal Contract Tower,0,5,5,2,12,0,0,25,0,25,0,5,30,2,37,24,0,24,61
06/08/2003,DBQ,IA,ACE,CE,Federal Contract Tower,0,5,9,0,14,0,0,3,0,3,0,5,12,0,17,0,0,0,17
06/09/2003,DBQ,IA,ACE,CE,Federal Contract Tower,0,11,11,0,22,0,0,85,0,85,0,11,96,0,107,132,0,132,239
06/10/2003,DBQ,IA,ACE,CE,Federal Contract Tower,0,16,10,0,26,0,2,11,0,13,0,18,21,0,39,12,0,12,51
06/11/2003,DBQ,IA,ACE,CE,Federal Contract Tower,0,15,46,0,61,0,0,19,0,19,0,15,65,0,80,56,0,56,136
06/12/2003,DBQ,IA,ACE,CE,Federal Contract Tower,0,9,29,0,38,0,0,17,0,17,0,9,46,0,55,10,0,10,65
06/13/2003,DBQ,IA,ACE,CE,Federal Contract Tower,0,10,18,0,28,0,0,35,0,35,0,10,53,0,63,28,0,28,91
06/14/2003,DBQ,IA,ACE,CE,Federal Contract Tower,0,10,12,0,22,0,0,28,0,28,0,10,40,0,50,12,0,12,62
06/15/2003,DBQ,IA,ACE,CE,Federal Contract Tower,0,5,15,2,22,0,0,65,0,65,0,5,80,2,87,30,0,30,117
06/16/2003,DBQ,IA,ACE,CE,Federal Contract Tower,0,9,21,0,30,0,1,85,0,86,0,10,106,0,116,66,0,66,182
06/17/2003,DBQ,IA,ACE,CE,Federal Contract Tower,0,11,12,0,23,0,2,74,0,76,0,13,86,0,99,118,0,118,217
06/18/2003,DBQ,IA,ACE,CE,Federal Contract Tower,0,9,24,0,33,0,0,67,0,67,0,9,91,0,100,34,0,34,134
06/19/2003,DBQ,IA,ACE,CE,Federal Contract Tower,0,9,19,0,28,0,1,91,0,92,0,10,110,0,120,120,0,120,240
06/20/2003,DBQ,IA,ACE,CE,Federal Contract Tower,0,12,22,0,34,0,2,139,0,141,0,14,161,0,175,72,0,72,247
06/21/2003,DBQ,IA,ACE,CE,Federal Contract Tower,0,5,11,0,16,0,0,75,0,75,0,5,86,0,91,6,0,6,97
06/22/2003,DBQ,IA,ACE,CE,Federal Contract Tower,0,7,7,0,14,0,0,50,0,50,0,7,57,0,64,0,0,0,64
06/23/2003,DBQ,IA,ACE,CE,Federal Contract Tower,0,12,14,0,26,0,0,38,0,38,0,12,52,0,64,32,0,32,96
06/24/2003,DBQ,IA,ACE,CE,Federal Contract Tower,0,13,17,0,30,0,2,58,0,60,0,15,75,0,90,50,0,50,140
06/25/2003,DBQ,IA,ACE,CE,Federal Contract Tower,0,12,14,0,26,0,0,24,0,24,0,12,38,0,50,30,0,30,80
06/26/2003,DBQ,IA,ACE,CE,Federal Contract Tower,0,11,12,0,23,0,1,53,0,54,0,12,65,0,77,40,0,40,117
06/27/2003,DBQ,IA,ACE,CE,Federal Contract Tower,0,10,15,0,25,0,1,65,0,66,0,11,80,0,91,22,0,22,113
06/28/2003,DBQ,IA,ACE,CE,Federal Contract Tower,0,5,9,0,14,0,0,20,0,20,0,5,29,0,34,16,0,16,50
06/29/2003,DBQ,IA,ACE,CE,Federal Contract Tower,0,4,9,0,13,0,0,44,0,44,0,4,53,0,57,2,0,2,59
06/30/2003,DBQ,IA,ACE,CE,Federal Contract Tower,0,11,10,0,21,0,0,72,0,72,0,11,82,0,93,65,0,65,158
07/01/2003,DBQ,IA,ACE,CE,Federal Contract Tower,0,11,5,0,16,0,0,97,0,97,0,11,102,0,113,80,0,80,193
07/02/2003,DBQ,IA,ACE,CE,Federal Contract Tower,0,14,27,3,44,0,0,99,2,101,0,14,126,5,145,74,8,82,227
07/03/2003,DBQ,IA,ACE,CE,Federal Contract Tower,0,10,16,0,26,0,0,69,4,73,0,10,85,4,99,50,0,50,149
07/04/2003,DBQ,IA,ACE,CE,Federal Contract Tower,0,5,1,2,8,0,0,27,2,29,0,5,28,4,37,8,0,8,45
07/05/2003,DBQ,IA,ACE,CE,Federal Contract Tower,0,7,12,0,19,0,0,27,0,27,0,7,39,0,46,40,0,40,86
07/06/2003,DBQ,IA,ACE,CE,Federal Contract Tower,0,6,6,0,12,0,0,14,0,14,0,6,20,0,26,24,0,24,50
07/07/2003,DBQ,IA,ACE,CE,Federal Contract Tower,0,9,12,0,21,0,0,18,0,18,0,9,30,0,39,14,0,14,53
07/08/2003,DBQ,IA,ACE,CE,Federal Contract Tower,0,9,7,0,16,0,0,0,0,0,0,9,7,0,16,0,0,0,16
07/09/2003,DBQ,IA,ACE,CE,Federal Contract Tower,2,9,19,0,30,0,0,3,0,3,2,9,22,0,33,12,0,12,45
07/10/2003,DBQ,IA,ACE,CE,Federal Contract Tower,0,13,17,0,30,0,1,13,0,14,0,14,30,0,44,14,0,14,58
07/11/2003,DBQ,IA,ACE,CE,Federal Contract Tower,0,12,14,0,26,0,0,78,0,78,0,12,92,0,104,64,0,64,168
07/12/2003,DBQ,IA,ACE,CE,Federal Contract Tower,4,7,13,0,24,0,1,67,0,68,4,8,80,0,92,76,0,76,168
07/13/2003,DBQ,IA,ACE,CE,Federal Contract Tower,0,5,15,0,20,0,0,32,0,32,0,5,47,0,52,18,0,18,70
07/14/2003,DBQ,IA,ACE,CE,Federal Contract Tower,0,11,18,0,29,0,0,62,0,62,0,11,80,0,91,66,0,66,157
07/15/2003,DBQ,IA,ACE,CE,Federal Contract Tower,2,11,16,0,29,0,0,86,0,86,2,11,102,0,115,34,0,34,149
07/16/2003,DBQ,IA,ACE,CE,Federal Contract Tower,0,13,17,0,30,0,0,78,0,78,0,13,95,0,108,64,0,64,172
07/17/2003,DBQ,IA,ACE,CE,Federal Contract Tower,0,10,20,0,30,0,2,47,0,49,0,12,67,0,79,46,0,46,125
07/18/2003,DBQ,IA,ACE,CE,Federal Contract Tower,0,10,28,0,38,0,0,56,0,56,0,10,84,0,94,80,0,80,174
07/19/2003,DBQ,IA,ACE,CE,Federal Contract Tower,0,8,9,0,17,0,1,64,0,65,0,9,73,0,82,30,0,30,112
07/20/2003,DBQ,IA,ACE,CE,Federal Contract Tower,0,3,12,0,15,0,0,13,0,13,0,3,25,0,28,46,0,46,74
07/21/2003,DBQ,IA,ACE,CE,Federal Contract Tower,0,9,12,0,21,0,1,50,2,53,0,10,62,2,74,38,0,38,112
07/22/2003,DBQ,IA,ACE,CE,Federal Contract Tower,0,8,15,0,23,0,0,49,0,49,0,8,64,0,72,18,0,18,90
07/23/2003,DBQ,IA,ACE,CE,Federal Contract Tower,0,15,10,0,25,0,0,124,0,124,0,15,134,0,149,90,0,90,239
07/24/2003,DBQ,IA,ACE,CE,Federal Contract Tower,0,10,15,0,25,0,1,91,0,92,0,11,106,0,117,24,0,24,141
07/25/2003,DBQ,IA,ACE,CE,Federal Contract Tower,0,9,21,0,30,0,0,55,0,55,0,9,76,0,85,20,0,20,105
07/26/2003,DBQ,IA,ACE,CE,Federal Contract Tower,0,6,15,0,21,0,0,26,0,26,0,6,41,0,47,36,0,36,83
07/27/2003,DBQ,IA,ACE,CE,Federal Contract Tower,0,5,9,0,14,0,0,34,0,34,0,5,43,0,48,14,0,14,62
07/28/2003,DBQ,IA,ACE,CE,Federal Contract Tower,0,9,20,0,29,0,1,88,0,89,0,10,108,0,118,72,0,72,190
07/29/2003,DBQ,IA,ACE,CE,Federal Contract Tower,0,12,19,0,31,0,0,59,0,59,0,12,78,0,90,40,0,40,130
07/30/2003,DBQ,IA,ACE,CE,Federal Contract Tower,0,9,25,0,34,0,0,55,0,55,0,9,80,0,89,14,0,14,103
07/31/2003,DBQ,IA,ACE,CE,Federal Contract Tower,0,10,22,0,32,0,0,60,0,60,0,10,82,0,92,36,0,36,128
08/01/2003,DBQ,IA,ACE,CE,Federal Contract Tower,0,10,19,0,29,0,0,83,1,84,0,10,102,1,113,32,0,32,145
08/02/2003,DBQ,IA,ACE,CE,Federal Contract Tower,0,8,3,0,11,0,0,55,0,55,0,8,58,0,66,6,0,6,72
08/03/2003,DBQ,IA,ACE,CE,Federal Contract Tower,0,3,19,0,22,0,0,71,0,71,0,3,90,0,93,42,0,42,135
08/04/2003,DBQ,IA,ACE,CE,Federal Contract Tower,0,9,16,0,25,0,0,21,0,21,0,9,37,0,46,32,0,32,78
08/05/2003,DBQ,IA,ACE,CE,Federal Contract Tower,0,17,16,0,33,0,5,18,0,23,0,22,34,0,56,0,0,0,56
08/06/2003,DBQ,IA,ACE,CE,Federal Contract Tower,0,10,13,0,23,0,0,39,0,39,0,10,52,0,62,20,0,20,82
08/07/2003,DBQ,IA,ACE,CE,Federal Contract Tower,0,10,13,0,23,0,0,63,0,63,0,10,76,0,86,36,0,36,122
08/08/2003,DBQ,IA,ACE,CE,Federal Contract Tower,0,13,24,2,39,0,1,49,0,50,0,14,73,2,89,24,0,24,113
08/09/2003,DBQ,IA,ACE,CE,Federal Contract Tower,0,5,18,2,25,0,0,82,0,82,0,5,100,2,107,22,0,22,129
08/10/2003,DBQ,IA,ACE,CE,Federal Contract Tower,0,7,11,0,18,0,0,69,0,69,0,7,80,0,87,12,0,12,99
08/11/2003,DBQ,IA,ACE,CE,Federal Contract Tower,2,15,15,0,32,0,1,41,0,42,2,16,56,0,74,36,0,36,110
08/12/2003,DBQ,IA,ACE,CE,Federal Contract Tower,0,11,20,0,31,0,2,11,0,13,0,13,31,0,44,26,0,26,70
08/13/2003,DBQ,IA,ACE,CE,Federal Contract Tower,0,9,15,0,24,0,2,42,0,44,0,11,57,0,68,32,0,32,100
08/14/2003,DBQ,IA,ACE,CE,Federal Contract Tower,2,9,20,0,31,0,0,33,0,33,2,9,53,0,64,8,0,8,72
08/15/2003,DBQ,IA,ACE,CE,Federal Contract Tower,0,12,30,0,42,0,0,20,0,20,0,12,50,0,62,2,0,2,64
08/16/2003,DBQ,IA,ACE,CE,Federal Contract Tower,0,5,8,0,13,0,0,55,0,55,0,5,63,0,68,56,0,56,124
08/17/2003,DBQ,IA,ACE,CE,Federal Contract Tower,0,5,11,0,16,0,0,91,0,91,0,5,102,0,107,12,0,12,119
08/18/2003,DBQ,IA,ACE,CE,Federal Contract Tower,0,11,10,0,21,0,0,59,0,59,0,11,69,0,80,36,0,36,116
08/19/2003,DBQ,IA,ACE,CE,Federal Contract Tower,0,11,20,0,31,0,0,58,0,58,0,11,78,0,89,56,0,56,145
08/20/2003,DBQ,IA,ACE,CE,Federal Contract Tower,0,9,27,0,36,0,0,46,0,46,0,9,73,0,82,18,0,18,100
08/21/2003,DBQ,IA,ACE,CE,Federal Contract Tower,0,10,26,0,36,0,0,40,0,40,0,10,66,0,76,26,0,26,102
08/22/2003,DBQ,IA,ACE,CE,Federal Contract Tower,0,13,13,0,26,0,0,45,0,45,0,13,58,0,71,14,0,14,85
08/23/2003,DBQ,IA,ACE,CE,Federal Contract Tower,0,6,9,0,15,0,0,76,0,76,0,6,85,0,91,74,0,74,165
08/24/2003,DBQ,IA,ACE,CE,Federal Contract Tower,0,9,15,0,24,0,1,27,0,28,0,10,42,0,52,16,0,16,68
08/25/2003,DBQ,IA,ACE,CE,Federal Contract Tower,0,13,14,0,27,0,0,73,0,73,0,13,87,0,100,62,0,62,162
08/26/2003,DBQ,IA,ACE,CE,Federal Contract Tower,0,13,16,0,29,0,4,44,0,48,0,17,60,0,77,46,0,46,123
08/27/2003,DBQ,IA,ACE,CE,Federal Contract Tower,0,9,14,0,23,0,0,114,0,114,0,9,128,0,137,70,0,70,207
08/28/2003,DBQ,IA,ACE,CE,Federal Contract Tower,0,9,10,0,19,0,0,88,0,88,0,9,98,0,107,62,0,62,169
08/29/2003,DBQ,IA,ACE,CE,Federal Contract Tower,0,9,17,0,26,0,0,103,0,103,0,9,120,0,129,64,0,64,193
08/30/2003,DBQ,IA,ACE,CE,Federal Contract Tower,0,7,15,0,22,0,0,127,0,127,0,7,142,0,149,100,0,100,249
08/31/2003,DBQ,IA,ACE,CE,Federal Contract Tower,0,6,14,0,20,0,0,38,0,38,0,6,52,0,58,20,0,20,78
09/01/2003,DBQ,IA,ACE,CE,Federal Contract Tower,0,5,15,0,20,0,0,35,0,35,0,5,50,0,55,26,0,26,81
09/02/2003,DBQ,IA,ACE,CE,Federal Contract Tower,0,11,8,0,19,0,0,105,0,105,0,11,113,0,124,104,0,104,228
09/03/2003,DBQ,IA,ACE,CE,Federal Contract Tower,0,15,12,0,27,0,1,106,0,107,0,16,118,0,134,82,0,82,216
09/04/2003,DBQ,IA,ACE,CE,Federal Contract Tower,0,11,21,0,32,0,2,159,0,161,0,13,180,0,193,110,0,110,303
09/05/2003,DBQ,IA,ACE,CE,Federal Contract Tower,0,12,19,0,31,0,0,179,0,179,0,12,198,0,210,80,0,80,290
09/06/2003,DBQ,IA,ACE,CE,Federal Contract Tower,0,10,17,0,27,0,0,123,0,123,0,10,140,0,150,106,0,106,256
09/07/2003,DBQ,IA,ACE,CE,Federal Contract Tower,0,6,13,0,19,0,1,196,0,197,0,7,209,0,216,16,0,16,232
09/08/2003,DBQ,IA,ACE,CE,Federal Contract Tower,0,9,14,0,23,0,0,150,0,150,0,9,164,0,173,152,0,152,325
09/09/2003,DBQ,IA,ACE,CE,Federal Contract Tower,0,16,25,0,41,0,1,123,0,124,0,17,148,0,165,182,0,182,347
09/10/2003,DBQ,IA,ACE,CE,Federal Contract Tower,0,13,10,0,23,0,2,116,0,118,0,15,126,0,141,216,0,216,357
09/11/2003,DBQ,IA,ACE,CE,Federal Contract Tower,0,11,30,0,41,0,0,14,0,14,0,11,44,0,55,34,0,34,89
09/12/2003,DBQ,IA,ACE,CE,Federal Contract Tower,0,15,27,0,42,0,0,11,0,11,0,15,38,0,53,0,0,0,53
09/13/2003,DBQ,IA,ACE,CE,Federal Contract Tower,0,7,6,0,13,0,0,0,0,0,0,7,6,0,13,0,0,0,13
09/14/2003,DBQ,IA,ACE,CE,Federal Contract Tower,0,5,19,0,24,0,0,46,0,46,0,5,65,0,70,22,0,22,92
09/15/2003,DBQ,IA,ACE,CE,Federal Contract Tower,0,9,5,0,14,0,0,174,0,174,0,9,179,0,188,142,0,142,330
09/16/2003,DBQ,IA,ACE,CE,Federal Contract Tower,0,12,12,0,24,0,0,160,0,160,0,12,172,0,184,142,0,142,326
09/17/2003,DBQ,IA,ACE,CE,Federal Contract Tower,0,11,8,0,19,0,2,80,4,86,0,13,88,4,105,114,0,114,219
09/18/2003,DBQ,IA,ACE,CE,Federal Contract Tower,0,10,14,0,24,0,0,152,2,154,0,10,166,2,178,182,0,182,360
09/19/2003,DBQ,IA,ACE,CE,Federal Contract Tower,0,12,26,0,38,0,0,117,0,117,0,12,143,0,155,106,0,106,261
09/20/2003,DBQ,IA,ACE,CE,Federal Contract Tower,0,6,13,0,19,0,0,155,0,155,0,6,168,0,174,126,0,126,300
09/21/2003,DBQ,IA,ACE,CE,Federal Contract Tower,0,6,15,0,21,0,0,23,0,23,0,6,38,0,44,12,0,12,56
09/22/2003,DBQ,IA,ACE,CE,Federal Contract Tower,0,9,29,0,38,0,0,74,0,74,0,9,103,0,112,52,0,52,164
09/23/2003,DBQ,IA,ACE,CE,Federal Contract Tower,0,14,15,0,29,0,1,200,0,201,0,15,215,0,230,190,0,190,420
09/24/2003,DBQ,IA,ACE,CE,Federal Contract Tower,0,9,16,0,25,0,2,168,0,170,0,11,184,0,195,230,0,230,425
09/25/2003,DBQ,IA,ACE,CE,Federal Contract Tower,0,9,21,0,30,0,0,137,0,137,0,9,158,0,167,82,0,82,249
09/26/2003,DBQ,IA,ACE,CE,Federal Contract Tower,0,10,23,0,33,0,0,87,0,87,0,10,110,0,120,188,0,188,308
09/27/2003,DBQ,IA,ACE,CE,Federal Contract Tower,0,6,11,0,17,0,0,64,0,64,0,6,75,0,81,80,0,80,161
09/28/2003,DBQ,IA,ACE,CE,Federal Contract Tower,0,7,5,0,12,0,0,55,0,55,0,7,60,0,67,118,0,118,185
09/29/2003,DBQ,IA,ACE,CE,Federal Contract Tower,0,10,12,0,22,0,0,176,0,176,0,10,188,0,198,210,0,210,408
09/30/2003,DBQ,IA,ACE,CE,Federal Contract Tower,0,10,14,0,24,0,2,103,0,105,0,12,117,0,129,134,0,134,263
10/01/2003,DBQ,IA,ACE,CE,Federal Contract Tower,0,10,15,0,25,0,4,98,0,102,0,14,113,0,127,160,0,160,287
10/02/2003,DBQ,IA,ACE,CE,Federal Contract Tower,0,10,15,0,25,0,5,119,0,124,0,15,134,0,149,188,0,188,337
10/03/2003,DBQ,IA,ACE,CE,Federal Contract Tower,0,8,13,0,21,0,2,26,0,28,0,10,39,0,49,40,0,40,89
10/04/2003,DBQ,IA,ACE,CE,Federal Contract Tower,0,5,8,0,13,0,1,82,0,83,0,6,90,0,96,92,0,92,188
10/05/2003,DBQ,IA,ACE,CE,Federal Contract Tower,0,5,14,0,19,0,0,66,0,66,0,5,80,0,85,18,0,18,103
10/06/2003,DBQ,IA,ACE,CE,Federal Contract Tower,0,6,7,0,13,0,4,163,0,167,0,10,170,0,180,230,0,230,410
10/07/2003,DBQ,IA,ACE,CE,Federal Contract Tower,0,9,12,0,21,0,5,135,0,140,0,14,147,0,161,176,0,176,337
10/08/2003,DBQ,IA,ACE,CE,Federal Contract Tower,0,9,16,0,25,0,0,134,0,134,0,9,150,0,159,262,0,262,421
10/09/2003,DBQ,IA,ACE,CE,Federal Contract Tower,0,11,16,0,27,0,1,136,0,137,0,12,152,0,164,364,0,364,528
10/10/2003,DBQ,IA,ACE,CE,Federal Contract Tower,0,11,19,0,30,0,0,87,0,87,0,11,106,0,117,48,0,48,165
10/11/2003,DBQ,IA,ACE,CE,Federal Contract Tower,0,8,12,0,20,0,1,41,0,42,0,9,53,0,62,94,0,94,156
10/12/2003,DBQ,IA,ACE,CE,Federal Contract Tower,0,7,14,0,21,0,0,99,0,99,0,7,113,0,120,56,0,56,176
10/13/2003,DBQ,IA,ACE,CE,Federal Contract Tower,0,6,8,0,14,0,2,167,0,169,0,8,175,0,183,262,0,262,445
10/14/2003,DBQ,IA,ACE,CE,Federal Contract Tower,0,8,12,0,20,0,1,81,0,82,0,9,93,0,102,102,0,102,204
10/15/2003,DBQ,IA,ACE,CE,Federal Contract Tower,0,14,21,0,35,0,0,151,0,151,0,14,172,0,186,242,0,242,428
10/16/2003,DBQ,IA,ACE,CE,Federal Contract Tower,0,9,15,0,24,0,0,174,0,174,0,9,189,0,198,272,0,272,470
10/17/2003,DBQ,IA,ACE,CE,Federal Contract Tower,0,7,12,0,19,0,2,28,0,30,0,9,40,0,49,52,0,52,101
10/18/2003,DBQ,IA,ACE,CE,Federal Contract Tower,0,6,11,0,17,0,0,49,0,49,0,6,60,0,66,42,0,42,108
10/19/2003,DBQ,IA,ACE,CE,Federal Contract Tower,0,5,13,0,18,0,0,30,0,30,0,5,43,0,48,28,0,28,76
10/20/2003,DBQ,IA,ACE,CE,Federal Contract Tower,0,12,20,0,32,0,5,191,0,196,0,17,211,0,228,250,0,250,478
10/21/2003,DBQ,IA,ACE,CE,Federal Contract Tower,0,8,14,0,22,0,5,203,0,208,0,13,217,0,230,260,0,260,490
10/22/2003,DBQ,IA,ACE,CE,Federal Contract Tower,0,11,17,0,28,0,2,165,0,167,0,13,182,0,195,362,0,362,557
10/23/2003,DBQ,IA,ACE,CE,Federal Contract Tower,0,12,20,0,32,0,1,196,0,197,0,13,216,0,229,292,0,292,521
10/24/2003,DBQ,IA,ACE,CE,Federal Contract Tower,0,12,20,0,32,0,1,102,0,103,0,13,122,0,135,170,0,170,305
10/25/2003,DBQ,IA,ACE,CE,Federal Contract Tower,0,6,10,0,16,0,1,95,0,96,0,7,105,0,112,154,0,154,266
10/26/2003,DBQ,IA,ACE,CE,Federal Contract Tower,0,5,9,0,14,0,0,22,0,22,0,5,31,0,36,58,0,58,94
10/27/2003,DBQ,IA,ACE,CE,Federal Contract Tower,0,11,17,0,28,0,0,184,0,184,0,11,201,0,212,152,0,152,364
10/28/2003,DBQ,IA,ACE,CE,Federal Contract Tower,0,11,17,0,28,2,3,28,0,33,2,14,45,0,61,26,0,26,87
10/29/2003,DBQ,IA,ACE,CE,Federal Contract Tower,0,12,19,0,31,0,1,120,0,121,0,13,139,0,152,198,0,198,350
10/30/2003,DBQ,IA,ACE,CE,Federal Contract Tower,0,9,17,0,26,0,0,165,0,165,0,9,182,0,191,308,0,308,499
10/31/2003,DBQ,IA,ACE,CE,Federal Contract Tower,0,11,34,0,45,2,0,9,0,11,2,11,43,0,56,0,0,0,56
11/01/2003,DBQ,IA,ACE,CE,Federal Contract Tower,0,5,12,0,17,0,0,62,0,62,0,5,74,0,79,106,0,106,185
11/02/2003,DBQ,IA,ACE,CE,Federal Contract Tower,0,6,13,0,19,0,0,5,0,5,0,6,18,0,24,0,0,0,24
11/03/2003,DBQ,IA,ACE,CE,Federal Contract Tower,0,8,5,0,13,0,3,0,0,3,0,11,5,0,16,0,0,0,16
11/04/2003,DBQ,IA,ACE,CE,Federal Contract Tower,0,9,13,0,22,0,0,2,0,2,0,9,15,0,24,0,0,0,24
11/05/2003,DBQ,IA,ACE,CE,Federal Contract Tower,0,10,18,0,28,0,0,15,0,15,0,10,33,0,43,40,0,40,83
11/06/2003,DBQ,IA,ACE,CE,Federal Contract Tower,0,9,15,0,24,0,0,209,0,209,0,9,224,0,233,262,0,262,495
11/07/2003,DBQ,IA,ACE,CE,Federal Contract Tower,0,9,14,0,23,0,0,151,0,151,0,9,165,0,174,110,0,110,284
11/08/2003,DBQ,IA,ACE,CE,Federal Contract Tower,0,6,9,0,15,0,0,100,0,100,0,6,109,0,115,96,0,96,211
11/09/2003,DBQ,IA,ACE,CE,Federal Contract Tower,0,5,9,0,14,0,0,38,0,38,0,5,47,0,52,52,0,52,104
11/10/2003,DBQ,IA,ACE,CE,Federal Contract Tower,0,10,14,0,24,0,1,62,0,63,0,11,76,0,87,88,0,88,175
11/11/2003,DBQ,IA,ACE,CE,Federal Contract Tower,0,5,18,0,23,0,0,52,0,52,0,5,70,0,75,42,0,42,117
11/12/2003,DBQ,IA,ACE,CE,Federal Contract Tower,0,11,18,0,29,0,0,6,0,6,0,11,24,0,35,0,0,0,35
11/13/2003,DBQ,IA,ACE,CE,Federal Contract Tower,0,11,16,0,27,0,6,160,0,166,0,17,176,0,193,180,0,180,373
11/14/2003,DBQ,IA,ACE,CE,Federal Contract Tower,0,9,16,0,25,0,3,72,0,75,0,12,88,0,100,144,0,144,244
11/15/2003,DBQ,IA,ACE,CE,Federal Contract Tower,0,3,5,0,8,0,2,0,0,2,0,5,5,0,10,0,0,0,10
11/16/2003,DBQ,IA,ACE,CE,Federal Contract Tower,0,4,8,0,12,0,1,1,0,2,0,5,9,0,14,0,0,0,14
11/17/2003,DBQ,IA,ACE,CE,Federal Contract Tower,0,9,16,0,25,0,0,3,0,3,0,9,19,0,28,0,0,0,28
11/18/2003,DBQ,IA,ACE,CE,Federal Contract Tower,0,10,16,0,26,0,1,36,0,37,0,11,52,0,63,50,0,50,113
11/19/2003,DBQ,IA,ACE,CE,Federal Contract Tower,0,9,18,0,27,0,0,172,0,172,0,9,190,0,199,142,0,142,341
11/20/2003,DBQ,IA,ACE,CE,Federal Contract Tower,0,9,15,0,24,0,6,33,0,39,0,15,48,0,63,26,0,26,89
11/21/2003,DBQ,IA,ACE,CE,Federal Contract Tower,0,11,19,0,30,0,0,175,0,175,0,11,194,0,205,96,0,96,301
11/22/2003,DBQ,IA,ACE,CE,Federal Contract Tower,0,2,4,0,6,0,1,0,3,4,0,3,4,3,10,14,0,14,24
11/23/2003,DBQ,IA,ACE,CE,Federal Contract Tower,0,3,6,0,9,0,1,0,0,1,0,4,6,0,10,0,0,0,10
11/24/2003,DBQ,IA,ACE,CE,Federal Contract Tower,0,7,12,0,19,0,2,0,0,2,0,9,12,0,21,0,0,0,21
11/25/2003,DBQ,IA,ACE,CE,Federal Contract Tower,0,6,11,0,17,0,7,50,0,57,0,13,61,0,74,130,0,130,204
11/26/2003,DBQ,IA,ACE,CE,Federal Contract Tower,0,9,15,0,24,0,0,33,0,33,0,9,48,0,57,28,0,28,85
11/27/2003,DBQ,IA,ACE,CE,Federal Contract Tower,0,2,4,0,6,0,2,0,0,2,0,4,4,0,8,0,0,0,8
11/28/2003,DBQ,IA,ACE,CE,Federal Contract Tower,0,4,3,0,7,0,5,0,0,5,0,9,3,0,12,32,0,32,44
11/29/2003,DBQ,IA,ACE,CE,Federal Contract Tower,0,5,11,0,16,0,0,16,0,16,0,5,27,0,32,20,0,20,52
11/30/2003,DBQ,IA,ACE,CE,Federal Contract Tower,0,5,10,0,15,2,0,36,0,38,2,5,46,0,53,24,0,24,77
12/01/2003,DBQ,IA,ACE,CE,Federal Contract Tower,0,8,10,0,18,0,3,31,0,34,0,11,41,0,52,58,0,58,110
12/02/2003,DBQ,IA,ACE,CE,Federal Contract Tower,0,15,16,0,31,0,2,127,0,129,0,17,143,0,160,170,0,170,330
12/03/2003,DBQ,IA,ACE,CE,Federal Contract Tower,0,14,16,0,30,2,0,104,0,106,2,14,120,0,136,60,0,60,196
12/04/2003,DBQ,IA,ACE,CE,Federal Contract Tower,0,11,11,0,22,0,3,53,0,56,0,14,64,0,78,110,0,110,188
12/05/2003,DBQ,IA,ACE,CE,Federal Contract Tower,0,8,13,0,21,0,0,98,0,98,0,8,111,0,119,132,0,132,251
12/06/2003,DBQ,IA,ACE,CE,Federal Contract Tower,0,5,5,0,10,0,0,32,0,32,0,5,37,0,42,122,0,122,164
12/07/2003,DBQ,IA,ACE,CE,Federal Contract Tower,0,6,10,0,16,0,0,15,0,15,0,6,25,0,31,10,0,10,41
12/08/2003,DBQ,IA,ACE,CE,Federal Contract Tower,0,9,14,0,23,0,0,158,0,158,0,9,172,0,181,126,0,126,307
12/09/2003,DBQ,IA,ACE,CE,Federal Contract Tower,0,6,4,0,10,0,2,0,0,2,0,8,4,0,12,0,0,0,12
12/10/2003,DBQ,IA,ACE,CE,Federal Contract Tower,0,9,6,0,15,0,4,0,0,4,0,13,6,0,19,0,0,0,19
12/11/2003,DBQ,IA,ACE,CE,Federal Contract Tower,0,9,20,0,29,0,0,74,0,74,0,9,94,0,103,46,0,46,149
12/12/2003,DBQ,IA,ACE,CE,Federal Contract Tower,0,8,12,0,20,0,1,52,0,53,0,9,64,0,73,28,0,28,101
12/13/2003,DBQ,IA,ACE,CE,Federal Contract Tower,0,5,9,0,14,0,0,58,0,58,0,5,67,0,72,10,0,10,82
12/14/2003,DBQ,IA,ACE,CE,Federal Contract Tower,0,4,5,0,9,0,1,0,0,1,0,5,5,0,10,0,0,0,10
12/15/2003,DBQ,IA,ACE,CE,Federal Contract Tower,0,7,9,0,16,0,2,0,0,2,0,9,9,0,18,0,0,0,18
12/16/2003,DBQ,IA,ACE,CE,Federal Contract Tower,0,7,7,0,14,0,4,0,0,4,0,11,7,0,18,0,0,0,18
12/17/2003,DBQ,IA,ACE,CE,Federal Contract Tower,0,13,22,0,35,0,0,48,0,48,0,13,70,0,83,26,0,26,109
12/18/2003,DBQ,IA,ACE,CE,Federal Contract Tower,0,16,21,0,37,0,1,5,0,6,0,17,26,0,43,0,0,0,43
12/19/2003,DBQ,IA,ACE,CE,Federal Contract Tower,0,12,18,0,30,0,0,92,0,92,0,12,110,0,122,46,0,46,168
12/20/2003,DBQ,IA,ACE,CE,Federal Contract Tower,0,6,11,0,17,0,0,52,0,52,0,6,63,0,69,24,0,24,93
12/21/2003,DBQ,IA,ACE,CE,Federal Contract Tower,0,4,7,0,11,0,3,16,0,19,0,7,23,0,30,8,0,8,38
12/22/2003,DBQ,IA,ACE,CE,Federal Contract Tower,0,12,16,0,28,0,5,40,0,45,0,17,56,0,73,38,0,38,111
12/23/2003,DBQ,IA,ACE,CE,Federal Contract Tower,0,9,13,0,22,0,0,15,0,15,0,9,28,0,37,52,0,52,89
12/24/2003,DBQ,IA,ACE,CE,Federal Contract Tower,0,7,10,0,17,0,2,30,0,32,0,9,40,0,49,26,0,26,75
12/25/2003,DBQ,IA,ACE,CE,Federal Contract Tower,0,3,6,0,9,0,2,5,0,7,0,5,11,0,16,0,0,0,16
12/26/2003,DBQ,IA,ACE,CE,Federal Contract Tower,0,10,13,0,23,0,3,30,0,33,0,13,43,0,56,14,0,14,70
12/27/2003,DBQ,IA,ACE,CE,Federal Contract Tower,0,3,6,0,9,0,2,1,0,3,0,5,7,0,12,4,0,4,16
12/28/2003,DBQ,IA,ACE,CE,Federal Contract Tower,0,5,7,0,12,0,1,9,0,10,0,6,16,0,22,2,0,2,24
12/29/2003,DBQ,IA,ACE,CE,Federal Contract Tower,0,7,9,0,16,0,4,9,0,13,0,11,18,0,29,36,0,36,65
12/30/2003,DBQ,IA,ACE,CE,Federal Contract Tower,0,9,12,0,21,0,2,42,2,46,0,11,54,2,67,84,0,84,151
12/31/2003,DBQ,IA,ACE,CE,Federal Contract Tower,0,7,11,0,18,0,3,44,0,47,0,10,55,0,65,24,0,24,89
01/01/2004,DBQ,IA,ACE,CE,Federal Contract Tower,0,2,2,0,4,0,3,21,0,24,0,5,23,0,28,0,0,0,28
01/02/2004,DBQ,IA,ACE,CE,Federal Contract Tower,1,10,11,0,22,1,3,6,0,10,2,13,17,0,32,8,0,8,40
01/03/2004,DBQ,IA,ACE,CE,Federal Contract Tower,0,3,2,0,5,0,0,31,0,31,0,3,33,0,36,38,0,38,74
01/04/2004,DBQ,IA,ACE,CE,Federal Contract Tower,0,2,2,0,4,0,0,5,0,5,0,2,7,0,9,4,0,4,13
01/05/2004,DBQ,IA,ACE,CE,Federal Contract Tower,0,8,10,0,18,0,2,30,0,32,0,10,40,0,50,10,0,10,60
01/06/2004,DBQ,IA,ACE,CE,Federal Contract Tower,0,9,12,0,21,0,0,16,0,16,0,9,28,0,37,0,0,0,37
01/07/2004,DBQ,IA,ACE,CE,Federal Contract Tower,0,10,14,0,24,0,0,24,0,24,0,10,38,0,48,28,0,28,76
01/08/2004,DBQ,IA,ACE,CE,Federal Contract Tower,0,9,11,0,20,0,3,37,0,40,0,12,48,0,60,46,0,46,106
01/09/2004,DBQ,IA,ACE,CE,Federal Contract Tower,0,10,17,0,27,0,0,27,0,27,0,10,44,0,54,18,0,18,72
01/10/2004,DBQ,IA,ACE,CE,Federal Contract Tower,0,8,10,0,18,0,1,22,0,23,0,9,32,0,41,14,0,14,55
01/11/2004,DBQ,IA,ACE,CE,Federal Contract Tower,0,5,8,0,13,0,0,32,0,32,0,5,40,0,45,26,0,26,71
01/12/2004,DBQ,IA,ACE,CE,Federal Contract Tower,0,10,14,0,24,0,0,101,0,101,0,10,115,0,125,136,0,136,261
01/13/2004,DBQ,IA,ACE,CE,Federal Contract Tower,0,10,16,0,26,0,0,122,0,122,0,10,138,0,148,192,0,192,340
01/14/2004,DBQ,IA,ACE,CE,Federal Contract Tower,0,8,10,0,18,0,1,1,0,2,0,9,11,0,20,14,0,14,34
01/15/2004,DBQ,IA,ACE,CE,Federal Contract Tower,0,13,24,0,37,0,0,153,0,153,0,13,177,0,190,106,0,106,296
01/16/2004,DBQ,IA,ACE,CE,Federal Contract Tower,0,10,14,0,24,0,0,160,0,160,0,10,174,0,184,186,0,186,370
01/17/2004,DBQ,IA,ACE,CE,Federal Contract Tower,0,2,3,0,5,0,2,0,0,2,0,4,3,0,7,0,0,0,7
01/18/2004,DBQ,IA,ACE,CE,Federal Contract Tower,0,5,7,0,12,0,4,18,0,22,0,9,25,0,34,18,0,18,52
01/19/2004,DBQ,IA,ACE,CE,Federal Contract Tower,0,5,12,0,17,0,0,61,0,61,0,5,73,0,78,42,0,42,120
01/20/2004,DBQ,IA,ACE,CE,Federal Contract Tower,0,10,16,0,26,0,0,84,0,84,0,10,100,0,110,190,0,190,300
01/21/2004,DBQ,IA,ACE,CE,Federal Contract Tower,0,7,11,0,18,0,2,16,0,18,0,9,27,0,36,58,0,58,94
01/22/2004,DBQ,IA,ACE,CE,Federal Contract Tower,0,10,14,0,24,0,1,82,0,83,0,11,96,0,107,48,0,48,155
01/23/2004,DBQ,IA,ACE,CE,Federal Contract Tower,0,8,11,0,19,0,5,121,0,126,0,13,132,0,145,166,0,166,311
01/24/2004,DBQ,IA,ACE,CE,Federal Contract Tower,0,7,11,0,18,0,0,80,0,80,0,7,91,0,98,150,0,150,248
01/25/2004,DBQ,IA,ACE,CE,Federal Contract Tower,0,4,6,0,10,0,2,10,0,12,0,6,16,0,22,6,0,6,28
01/26/2004,DBQ,IA,ACE,CE,Federal Contract Tower,0,8,11,0,19,0,0,0,0,0,0,8,11,0,19,0,0,0,19
01/27/2004,DBQ,IA,ACE,CE,Federal Contract Tower,0,7,11,0,18,0,3,25,0,28,0,10,36,0,46,62,0,62,108
01/28/2004,DBQ,IA,ACE,CE,Federal Contract Tower,0,9,12,0,21,0,3,30,0,33,0,12,42,0,54,38,0,38,92
01/29/2004,DBQ,IA,ACE,CE,Federal Contract Tower,0,7,10,0,17,0,2,42,0,44,0,9,52,0,61,44,0,44,105
01/30/2004,DBQ,IA,ACE,CE,Federal Contract Tower,0,11,17,0,28,0,0,36,0,36,0,11,53,0,64,48,0,48,112
01/31/2004,DBQ,IA,ACE,CE,Federal Contract Tower,0,3,6,0,9,0,2,52,2,56,0,5,58,2,65,38,0,38,103
02/01/2004,DBQ,IA,ACE,CE,Federal Contract Tower,0,3,4,0,7,0,2,5,0,7,0,5,9,0,14,14,0,14,28
02/02/2004,DBQ,IA,ACE,CE,Federal Contract Tower,0,4,2,0,6,0,2,0,0,2,0,6,2,0,8,0,0,0,8
02/03/2004,DBQ,IA,ACE,CE,Federal Contract Tower,0,11,17,0,28,0,0,48,0,48,0,11,65,0,76,4,0,4,80
02/04/2004,DBQ,IA,ACE,CE,Federal Contract Tower,0,10,16,0,26,0,0,128,0,128,0,10,144,0,154,48,0,48,202
02/05/2004,DBQ,IA,ACE,CE,Federal Contract Tower,0,4,10,0,14,0,0,20,0,20,0,4,30,0,34,0,0,0,34
02/06/2004,DBQ,IA,ACE,CE,Federal Contract Tower,0,8,15,0,23,0,1,10,0,11,0,9,25,0,34,0,0,0,34
02/07/2004,DBQ,IA,ACE,CE,Federal Contract Tower,0,4,6,0,10,0,1,6,0,7,0,5,12,0,17,0,0,0,17
02/08/2004,DBQ,IA,ACE,CE,Federal Contract Tower,0,6,18,0,24,0,0,9,0,9,0,6,27,0,33,24,0,24,57
02/09/2004,DBQ,IA,ACE,CE,Federal Contract Tower,0,7,13,0,20,0,2,4,0,6,0,9,17,0,26,4,0,4,30
02/10/2004,DBQ,IA,ACE,CE,Federal Contract Tower,0,10,17,0,27,0,0,163,0,163,0,10,180,0,190,174,0,174,364
02/11/2004,DBQ,IA,ACE,CE,Federal Contract Tower,0,13,26,0,39,0,0,153,0,153,0,13,179,0,192,204,0,204,396
02/12/2004,DBQ,IA,ACE,CE,Federal Contract Tower,0,11,21,0,32,0,3,43,0,46,0,14,64,0,78,150,0,150,228
02/13/2004,DBQ,IA,ACE,CE,Federal Contract Tower,0,8,16,0,24,0,2,124,0,126,0,10,140,0,150,188,0,188,338
02/14/2004,DBQ,IA,ACE,CE,Federal Contract Tower,0,5,16,0,21,0,0,113,0,113,0,5,129,0,134,224,0,224,358
02/15/2004,DBQ,IA,ACE,CE,Federal Contract Tower,0,5,17,0,22,0,0,50,0,50,0,5,67,0,72,56,0,56,128
02/16/2004,DBQ,IA,ACE,CE,Federal Contract Tower,0,7,17,0,24,0,0,107,0,107,0,7,124,0,131,120,0,120,251
02/17/2004,DBQ,IA,ACE,CE,Federal Contract Tower,0,11,26,0,37,0,0,58,0,58,0,11,84,0,95,60,0,60,155
02/18/2004,DBQ,IA,ACE,CE,Federal Contract Tower,0,9,18,0,27,0,3,62,2,67,0,12,80,2,94,58,0,58,152
02/19/2004,DBQ,IA,ACE,CE,Federal Contract Tower,0,7,14,0,21,0,4,41,0,45,0,11,55,0,66,92,0,92,158
02/20/2004,DBQ,IA,ACE,CE,Federal Contract Tower,0,6,10,0,16,0,4,0,0,4,0,10,10,0,20,0,0,0,20
02/21/2004,DBQ,IA,ACE,CE,Federal Contract Tower,0,5,10,0,15,0,0,38,0,38,0,5,48,0,53,136,0,136,189
02/22/2004,DBQ,IA,ACE,CE,Federal Contract Tower,0,4,8,0,12,0,2,0,0,2,0,6,8,0,14,30,0,30,44
02/23/2004,DBQ,IA,ACE,CE,Federal Contract Tower,0,8,16,0,24,0,3,16,0,19,0,11,32,0,43,10,0,10,53
02/24/2004,DBQ,IA,ACE,CE,Federal Contract Tower,0,8,17,0,25,0,2,95,0,97,0,10,112,0,122,150,0,150,272
02/25/2004,DBQ,IA,ACE,CE,Federal Contract Tower,0,9,19,0,28,0,0,216,0,216,0,9,235,0,244,168,0,168,412
02/26/2004,DBQ,IA,ACE,CE,Federal Contract Tower,0,12,25,0,37,0,2,158,0,160,0,14,183,0,197,184,0,184,381
02/27/2004,DBQ,IA,ACE,CE,Federal Contract Tower,0,14,33,0,47,0,0,60,0,60,0,14,93,0,107,84,0,84,191
02/28/2004,DBQ,IA,ACE,CE,Federal Contract Tower,0,5,11,0,16,0,0,80,0,80,0,5,91,0,96,76,0,76,172
02/29/2004,DBQ,IA,ACE,CE,Federal Contract Tower,0,5,12,0,17,0,1,50,0,51,0,6,62,0,68,14,0,14,82
03/01/2004,DBQ,IA,ACE,CE,Federal Contract Tower,0,9,21,0,30,0,0,10,0,10,0,9,31,0,40,0,0,0,40
03/02/2004,DBQ,IA,ACE,CE,Federal Contract Tower,0,12,19,0,31,0,3,1,0,4,0,15,20,0,35,22,0,22,57
03/03/2004,DBQ,IA,ACE,CE,Federal Contract Tower,0,7,12,0,19,0,2,2,0,4,0,9,14,0,23,0,0,0,23
03/04/2004,DBQ,IA,ACE,CE,Federal Contract Tower,0,11,19,0,30,0,0,3,0,3,0,11,22,0,33,0,0,0,33
03/05/2004,DBQ,IA,ACE,CE,Federal Contract Tower,0,8,13,0,21,0,2,2,0,4,0,10,15,0,25,6,0,6,31
03/06/2004,DBQ,IA,ACE,CE,Federal Contract Tower,0,7,12,0,19,0,2,20,0,22,0,9,32,0,41,38,0,38,79
03/07/2004,DBQ,IA,ACE,CE,Federal Contract Tower,0,4,8,0,12,0,4,3,0,7,0,8,11,0,19,4,0,4,23
03/08/2004,DBQ,IA,ACE,CE,Federal Contract Tower,1,11,18,0,30,1,2,43,0,46,2,13,61,0,76,116,0,116,192
03/09/2004,DBQ,IA,ACE,CE,Federal Contract Tower,0,10,15,0,25,0,3,122,0,125,0,13,137,0,150,172,0,172,322
03/10/2004,DBQ,IA,ACE,CE,Federal Contract Tower,0,11,16,0,27,0,2,20,0,22,0,13,36,0,49,14,0,14,63
03/11/2004,DBQ,IA,ACE,CE,Federal Contract Tower,0,7,9,0,16,0,2,1,0,3,0,9,10,0,19,0,0,0,19
03/12/2004,DBQ,IA,ACE,CE,Federal Contract Tower,0,8,30,0,38,2,0,195,0,197,2,8,225,0,235,138,0,138,373
03/13/2004,DBQ,IA,ACE,CE,Federal Contract Tower,0,5,7,0,12,0,3,31,0,34,0,8,38,0,46,40,0,40,86
03/14/2004,DBQ,IA,ACE,CE,Federal Contract Tower,0,6,7,0,13,2,1,0,0,3,2,7,7,0,16,0,0,0,16
03/15/2004,DBQ,IA,ACE,CE,Federal Contract Tower,0,8,13,0,21,0,2,62,0,64,0,10,75,0,85,42,0,42,127
03/16/2004,DBQ,IA,ACE,CE,Federal Contract Tower,0,10,15,0,25,0,0,72,0,72,0,10,87,0,97,82,0,82,179
03/17/2004,DBQ,IA,ACE,CE,Federal Contract Tower,0,7,14,0,21,2,4,96,0,102,2,11,110,0,123,102,0,102,225
03/18/2004,DBQ,IA,ACE,CE,Federal Contract Tower,0,5,10,0,15,0,5,54,0,59,0,10,64,0,74,100,0,100,174
03/19/2004,DBQ,IA,ACE,CE,Federal Contract Tower,0,13,23,0,36,0,1,75,0,76,0,14,98,0,112,116,0,116,228
03/20/2004,DBQ,IA,ACE,CE,Federal Contract Tower,0,5,9,0,14,0,0,28,0,28,0,5,37,0,42,0,0,0,42
03/21/2004,DBQ,IA,ACE,CE,Federal Contract Tower,0,4,9,0,13,0,1,62,0,63,0,5,71,0,76,42,0,42,118
03/22/2004,DBQ,IA,ACE,CE,Federal Contract Tower,0,11,25,0,36,0,0,136,0,136,0,11,161,0,172,72,0,72,244
03/23/2004,DBQ,IA,ACE,CE,Federal Contract Tower,0,9,24,0,33,0,0,147,0,147,0,9,171,0,180,190,0,190,370
03/24/2004,DBQ,IA,ACE,CE,Federal Contract Tower,0,12,23,0,35,0,0,64,2,66,0,12,87,2,101,78,0,78,179
03/25/2004,DBQ,IA,ACE,CE,Federal Contract Tower,0,12,21,0,33,0,1,0,0,1,0,13,21,0,34,0,0,0,34
03/26/2004,DBQ,IA,ACE,CE,Federal Contract Tower,0,9,31,0,40,0,0,26,0,26,0,9,57,0,66,52,0,52,118
03/27/2004,DBQ,IA,ACE,CE,Federal Contract Tower,0,5,9,0,14,0,0,0,0,0,0,5,9,0,14,0,0,0,14
03/28/2004,DBQ,IA,ACE,CE,Federal Contract Tower,0,6,8,0,14,0,4,0,0,4,0,10,8,0,18,8,0,8,26
03/29/2004,DBQ,IA,ACE,CE,Federal Contract Tower,0,9,15,0,24,0,2,142,0,144,0,11,157,0,168,156,0,156,324
03/30/2004,DBQ,IA,ACE,CE,Federal Contract Tower,0,12,21,0,33,0,1,49,0,50,0,13,70,0,83,192,0,192,275
03/31/2004,DBQ,IA,ACE,CE,Federal Contract Tower,0,13,22,0,35,0,0,176,6,182,0,13,198,6,217,216,0,216,433
04/01/2004,DBQ,IA,ACE,CE,Federal Contract Tower,0,12,21,0,33,0,1,135,0,136,0,13,156,0,169,146,0,146,315
04/02/2004,DBQ,IA,ACE,CE,Federal Contract Tower,0,11,19,0,30,0,1,131,0,132,0,12,150,0,162,64,0,64,226
04/03/2004,DBQ,IA,ACE,CE,Federal Contract Tower,0,3,5,0,8,0,2,38,2,42,0,5,43,2,50,48,0,48,98
04/04/2004,DBQ,IA,ACE,CE,Federal Contract Tower,0,5,11,0,16,0,0,94,0,94,0,5,105,0,110,34,0,34,144
04/05/2004,DBQ,IA,ACE,CE,Federal Contract Tower,0,9,16,0,25,0,1,104,0,105,0,10,120,0,130,106,0,106,236
04/06/2004,DBQ,IA,ACE,CE,Federal Contract Tower,0,11,21,0,32,0,0,125,0,125,0,11,146,0,157,110,0,110,267
04/07/2004,DBQ,IA,ACE,CE,Federal Contract Tower,0,13,27,0,40,0,0,134,0,134,0,13,161,0,174,76,0,76,250
04/08/2004,DBQ,IA,ACE,CE,Federal Contract Tower,0,12,20,0,32,0,2,47,0,49,0,14,67,0,81,30,0,30,111
04/09/2004,DBQ,IA,ACE,CE,Federal Contract Tower,0,11,19,0,30,0,3,39,0,42,0,14,58,0,72,21,0,21,93
04/10/2004,DBQ,IA,ACE,CE,Federal Contract Tower,0,5,7,0,12,0,0,33,0,33,0,5,40,0,45,30,0,30,75
04/11/2004,DBQ,IA,ACE,CE,Federal Contract Tower,0,6,8,0,14,0,0,22,0,22,0,6,30,0,36,26,0,26,62
04/12/2004,DBQ,IA,ACE,CE,Federal Contract Tower,0,11,20,0,31,0,0,83,0,83,0,11,103,0,114,28,0,28,142
04/13/2004,DBQ,IA,ACE,CE,Federal Contract Tower,0,10,21,0,31,0,0,111,0,111,0,10,132,0,142,92,0,92,234
04/14/2004,DBQ,IA,ACE,CE,Federal Contract Tower,0,12,23,0,35,0,0,135,0,135,0,12,158,0,170,92,0,92,262
04/15/2004,DBQ,IA,ACE,CE,Federal Contract Tower,0,10,17,0,27,0,4,54,0,58,0,14,71,0,85,68,0,68,153
04/16/2004,DBQ,IA,ACE,CE,Federal Contract Tower,0,11,21,0,32,0,6,123,0,129,0,17,144,0,161,100,0,100,261
04/17/2004,DBQ,IA,ACE,CE,Federal Contract Tower,0,5,10,1,16,0,7,124,1,132,0,12,134,2,148,146,0,146,294
04/18/2004,DBQ,IA,ACE,CE,Federal Contract Tower,0,5,10,0,15,0,1,14,0,15,0,6,24,0,30,2,0,2,32
04/19/2004,DBQ,IA,ACE,CE,Federal Contract Tower,0,10,18,0,28,0,1,62,0,63,0,11,80,0,91,54,0,54,145
04/20/2004,DBQ,IA,ACE,CE,Federal Contract Tower,0,8,15,0,23,0,1,41,0,42,0,9,56,0,65,42,0,42,107
04/21/2004,DBQ,IA,ACE,CE,Federal Contract Tower,0,7,15,0,22,0,4,21,0,25,0,11,36,0,47,14,0,14,61
04/22/2004,DBQ,IA,ACE,CE,Federal Contract Tower,0,13,27,0,40,0,0,104,0,104,0,13,131,0,144,200,0,200,344
04/23/2004,DBQ,IA,ACE,CE,Federal Contract Tower,0,9,17,0,26,0,0,161,0,161,0,9,178,0,187,110,0,110,297
04/24/2004,DBQ,IA,ACE,CE,Federal Contract Tower,0,7,15,0,22,0,0,78,0,78,0,7,93,0,100,88,0,88,188
04/25/2004,DBQ,IA,ACE,CE,Federal Contract Tower,0,5,11,0,16,0,0,0,0,0,0,5,11,0,16,0,0,0,16
04/26/2004,DBQ,IA,ACE,CE,Federal Contract Tower,0,8,18,0,26,0,0,18,0,18,0,8,36,0,44,0,0,0,44
04/27/2004,DBQ,IA,ACE,CE,Federal Contract Tower,0,9,18,0,27,0,0,173,0,173,0,9,191,0,200,158,0,158,358
04/28/2004,DBQ,IA,ACE,CE,Federal Contract Tower,0,9,20,0,29,0,0,11,0,11,0,9,31,0,40,4,0,4,44
04/29/2004,DBQ,IA,ACE,CE,Federal Contract Tower,0,8,17,0,25,0,1,11,0,12,0,9,28,0,37,0,0,0,37
04/30/2004,DBQ,IA,ACE,CE,Federal Contract Tower,0,10,22,0,32,0,0,12,0,12,0,10,34,0,44,6,0,6,50
05/01/2004,DBQ,IA,ACE,CE,Federal Contract Tower,0,8,16,0,24,0,0,78,0,78,0,8,94,0,102,90,0,90,192
05/02/2004,DBQ,IA,ACE,CE,Federal Contract Tower,0,5,11,0,16,0,2,24,0,26,0,7,35,0,42,6,0,6,48
05/03/2004,DBQ,IA,ACE,CE,Federal Contract Tower,0,9,25,0,34,0,0,109,0,109,0,9,134,0,143,68,0,68,211
05/04/2004,DBQ,IA,ACE,CE,Federal Contract Tower,0,11,21,0,32,0,3,56,0,59,0,14,77,0,91,80,0,80,171
05/05/2004,DBQ,IA,ACE,CE,Federal Contract Tower,0,12,26,0,38,0,0,129,12,141,0,12,155,12,179,124,0,124,303
05/06/2004,DBQ,IA,ACE,CE,Federal Contract Tower,0,8,15,0,23,0,4,32,8,44,0,12,47,8,67,58,0,58,125
05/07/2004,DBQ,IA,ACE,CE,Federal Contract Tower,0,9,18,1,28,2,0,2,13,17,2,9,20,14,45,0,0,0,45
05/08/2004,DBQ,IA,ACE,CE,Federal Contract Tower,0,4,9,1,14,0,1,7,0,8,0,5,16,1,22,0,0,0,22
05/09/2004,DBQ,IA,ACE,CE,Federal Contract Tower,0,3,7,0,10,0,2,27,0,29,0,5,34,0,39,20,0,20,59
05/10/2004,DBQ,IA,ACE,CE,Federal Contract Tower,0,7,15,0,22,0,1,19,0,20,0,8,34,0,42,0,0,0,42
05/11/2004,DBQ,IA,ACE,CE,Federal Contract Tower,0,12,29,0,41,0,0,22,0,22,0,12,51,0,63,102,0,102,165
05/12/2004,DBQ,IA,ACE,CE,Federal Contract Tower,0,9,21,0,30,0,0,52,0,52,0,9,73,0,82,50,0,50,132
05/13/2004,DBQ,IA,ACE,CE,Federal Contract Tower,0,10,22,1,33,0,0,5,0,5,0,10,27,1,38,36,0,36,74
05/14/2004,DBQ,IA,ACE,CE,Federal Contract Tower,0,13,38,0,51,0,0,18,0,18,0,13,56,0,69,0,0,0,69
05/15/2004,DBQ,IA,ACE,CE,Federal Contract Tower,0,5,17,0,22,0,0,116,0,116,0,5,133,0,138,168,0,168,306
05/16/2004,DBQ,IA,ACE,CE,Federal Contract Tower,0,5,13,0,18,0,0,41,0,41,0,5,54,0,59,34,0,34,93
05/17/2004,DBQ,IA,ACE,CE,Federal Contract Tower,0,9,19,0,28,0,4,68,0,72,0,13,87,0,100,44,0,44,144
05/18/2004,DBQ,IA,ACE,CE,Federal Contract Tower,0,14,32,0,46,0,1,11,0,12,0,15,43,0,58,4,0,4,62
05/19/2004,DBQ,IA,ACE,CE,Federal Contract Tower,0,12,25,0,37,0,0,142,0,142,0,12,167,0,179,142,0,142,321
05/20/2004,DBQ,IA,ACE,CE,Federal Contract Tower,0,12,30,0,42,0,0,20,0,20,0,12,50,0,62,10,0,10,72
05/21/2004,DBQ,IA,ACE,CE,Federal Contract Tower,0,11,25,0,36,0,1,3,0,4,0,12,28,0,40,20,0,20,60
05/22/2004,DBQ,IA,ACE,CE,Federal Contract Tower,0,3,8,0,11,0,2,24,0,26,0,5,32,0,37,4,0,4,41
05/23/2004,DBQ,IA,ACE,CE,Federal Contract Tower,0,6,13,0,19,0,1,20,0,21,0,7,33,0,40,24,0,24,64
05/24/2004,DBQ,IA,ACE,CE,Federal Contract Tower,0,12,29,0,41,0,0,102,0,102,0,12,131,0,143,28,0,28,171
05/25/2004,DBQ,IA,ACE,CE,Federal Contract Tower,0,10,22,0,32,0,3,74,0,77,0,13,96,0,109,72,0,72,181
05/26/2004,DBQ,IA,ACE,CE,Federal Contract Tower,0,9,25,0,34,0,0,122,0,122,0,9,147,0,156,142,0,142,298
05/27/2004,DBQ,IA,ACE,CE,Federal Contract Tower,0,11,23,0,34,0,0,84,0,84,0,11,107,0,118,94,0,94,212
05/28/2004,DBQ,IA,ACE,CE,Federal Contract Tower,0,10,23,0,33,0,6,56,0,62,0,16,79,0,95,74,0,74,169
05/29/2004,DBQ,IA,ACE,CE,Federal Contract Tower,0,2,5,0,7,0,3,12,0,15,0,5,17,0,22,14,0,14,36
05/30/2004,DBQ,IA,ACE,CE,Federal Contract Tower,0,1,3,0,4,0,2,0,0,2,0,3,3,0,6,2,0,2,8
05/31/2004,DBQ,IA,ACE,CE,Federal Contract Tower,0,2,6,0,8,0,3,4,0,7,0,5,10,0,15,0,0,0,15
06/01/2004,DBQ,IA,ACE,CE,Federal Contract Tower,0,11,19,0,30,0,0,22,0,22,0,11,41,0,52,34,0,34,86
06/02/2004,DBQ,IA,ACE,CE,Federal Contract Tower,0,13,31,0,44,0,0,15,0,15,0,13,46,0,59,70,0,70,129
06/03/2004,DBQ,IA,ACE,CE,Federal Contract Tower,0,10,34,0,44,0,0,96,0,96,0,10,130,0,140,88,0,88,228
06/04/2004,DBQ,IA,ACE,CE,Federal Contract Tower,0,9,16,0,25,0,0,90,0,90,0,9,106,0,115,118,0,118,233
06/05/2004,DBQ,IA,ACE,CE,Federal Contract Tower,0,5,9,0,14,0,0,20,0,20,0,5,29,0,34,40,0,40,74
06/06/2004,DBQ,IA,ACE,CE,Federal Contract Tower,0,6,13,0,19,0,0,29,2,31,0,6,42,2,50,12,4,16,66
06/07/2004,DBQ,IA,ACE,CE,Federal Contract Tower,0,9,19,0,28,0,0,23,0,23,0,9,42,0,51,26,0,26,77
06/08/2004,DBQ,IA,ACE,CE,Federal Contract Tower,0,9,16,0,25,0,0,87,0,87,0,9,103,0,112,50,0,50,162
06/09/2004,DBQ,IA,ACE,CE,Federal Contract Tower,0,10,17,0,27,0,2,74,0,76,0,12,91,0,103,68,0,68,171
06/10/2004,DBQ,IA,ACE,CE,Federal Contract Tower,0,12,21,0,33,0,0,0,0,0,0,12,21,0,33,0,0,0,33
06/11/2004,DBQ,IA,ACE,CE,Federal Contract Tower,0,11,23,0,34,0,0,6,0,6,0,11,29,0,40,14,0,14,54
06/12/2004,DBQ,IA,ACE,CE,Federal Contract Tower,0,7,15,0,22,0,0,57,0,57,0,7,72,0,79,48,0,48,127
06/13/2004,DBQ,IA,ACE,CE,Federal Contract Tower,0,5,8,0,13,0,0,28,0,28,0,5,36,0,41,2,0,2,43
06/14/2004,DBQ,IA,ACE,CE,Federal Contract Tower,0,9,20,0,29,0,5,33,0,38,0,14,53,0,67,16,0,16,83
06/15/2004,DBQ,IA,ACE,CE,Federal Contract Tower,0,14,30,0,44,0,1,92,0,93,0,15,122,0,137,52,0,52,189
06/16/2004,DBQ,IA,ACE,CE,Federal Contract Tower,0,11,24,0,35,0,4,39,0,43,0,15,63,0,78,14,0,14,92
06/17/2004,DBQ,IA,ACE,CE,Federal Contract Tower,0,12,27,0,39,0,0,38,0,38,0,12,65,0,77,34,0,34,111
06/18/2004,DBQ,IA,ACE,CE,Federal Contract Tower,0,11,24,0,35,0,0,36,0,36,0,11,60,0,71,40,0,40,111
06/19/2004,DBQ,IA,ACE,CE,Federal Contract Tower,0,4,8,0,12,0,2,29,0,31,0,6,37,0,43,42,0,42,85
06/20/2004,DBQ,IA,ACE,CE,Federal Contract Tower,0,6,12,0,18,0,4,34,0,38,0,10,46,0,56,2,0,2,58
06/21/2004,DBQ,IA,ACE,CE,Federal Contract Tower,0,8,17,0,25,0,2,18,0,20,0,10,35,0,45,36,0,36,81
06/22/2004,DBQ,IA,ACE,CE,Federal Contract Tower,0,13,27,0,40,0,1,118,0,119,0,14,145,0,159,86,0,86,245
06/23/2004,DBQ,IA,ACE,CE,Federal Contract Tower,0,9,18,0,27,0,6,77,0,83,0,15,95,0,110,92,0,92,202
06/24/2004,DBQ,IA,ACE,CE,Federal Contract Tower,0,13,26,0,39,0,3,22,0,25,0,16,48,0,64,18,0,18,82
06/25/2004,DBQ,IA,ACE,CE,Federal Contract Tower,0,11,32,0,43,0,0,86,0,86,0,11,118,0,129,96,0,96,225
06/26/2004,DBQ,IA,ACE,CE,Federal Contract Tower,0,5,14,0,19,0,0,42,0,42,0,5,56,0,61,32,0,32,93
06/27/2004,DBQ,IA,ACE,CE,Federal Contract Tower,0,5,12,0,17,0,0,43,0,43,0,5,55,0,60,24,0,24,84
06/28/2004,DBQ,IA,ACE,CE,Federal Contract Tower,0,8,18,0,26,0,1,53,0,54,0,9,71,0,80,22,0,22,102
06/29/2004,DBQ,IA,ACE,CE,Federal Contract Tower,0,8,18,0,26,0,5,88,0,93,0,13,106,0,119,70,0,70,189
06/30/2004,DBQ,IA,ACE,CE,Federal Contract Tower,0,11,22,0,33,0,7,64,0,71,0,18,86,0,104,36,0,36,140
07/01/2004,DBQ,IA,ACE,CE,Federal Contract Tower,0,9,18,0,27,0,3,91,5,99,0,12,109,5,126,20,0,20,146
07/02/2004,DBQ,IA,ACE,CE,Federal Contract Tower,0,10,20,0,30,0,3,70,1,74,0,13,90,1,104,32,0,32,136
07/03/2004,DBQ,IA,ACE,CE,Federal Contract Tower,0,3,6,0,9,0,0,7,0,7,0,3,13,0,16,36,0,36,52
07/04/2004,DBQ,IA,ACE,CE,Federal Contract Tower,0,3,8,0,11,0,0,13,2,15,0,3,21,2,26,0,0,0,26
07/05/2004,DBQ,IA,ACE,CE,Federal Contract Tower,0,5,17,0,22,0,0,59,0,59,0,5,76,0,81,4,0,4,85
07/06/2004,DBQ,IA,ACE,CE,Federal Contract Tower,0,10,21,0,31,0,0,9,0,9,0,10,30,0,40,16,0,16,56
07/07/2004,DBQ,IA,ACE,CE,Federal Contract Tower,0,11,26,0,37,0,0,32,0,32,0,11,58,0,69,58,0,58,127
07/08/2004,DBQ,IA,ACE,CE,Federal Contract Tower,0,9,21,0,30,0,0,133,0,133,0,9,154,0,163,58,0,58,221
07/09/2004,DBQ,IA,ACE,CE,Federal Contract Tower,0,8,17,0,25,0,3,61,0,64,0,11,78,0,89,26,0,26,115
07/10/2004,DBQ,IA,ACE,CE,Federal Contract Tower,0,5,13,0,18,0,2,13,0,15,0,7,26,0,33,26,0,26,59
07/11/2004,DBQ,IA,ACE,CE,Federal Contract Tower,0,3,8,0,11,0,2,2,0,4,0,5,10,0,15,14,0,14,29
07/12/2004,DBQ,IA,ACE,CE,Federal Contract Tower,0,7,15,0,22,0,2,54,0,56,0,9,69,0,78,44,0,44,122
07/13/2004,DBQ,IA,ACE,CE,Federal Contract Tower,0,7,15,0,22,0,3,51,0,54,0,10,66,0,76,30,0,30,106
07/14/2004,DBQ,IA,ACE,CE,Federal Contract Tower,0,9,19,0,28,0,0,98,0,98,0,9,117,0,126,82,0,82,208
07/15/2004,DBQ,IA,ACE,CE,Federal Contract Tower,0,8,19,0,27,0,1,69,0,70,0,9,88,0,97,64,0,64,161
07/16/2004,DBQ,IA,ACE,CE,Federal Contract Tower,0,7,24,0,31,0,0,47,0,47,0,7,71,0,78,20,0,20,98
07/17/2004,DBQ,IA,ACE,CE,Federal Contract Tower,0,5,22,0,27,0,0,32,0,32,0,5,54,0,59,22,0,22,81
07/18/2004,DBQ,IA,ACE,CE,Federal Contract Tower,0,7,16,0,23,0,1,52,0,53,0,8,68,0,76,12,0,12,88
07/19/2004,DBQ,IA,ACE,CE,Federal Contract Tower,0,7,18,0,25,0,2,48,0,50,0,9,66,0,75,82,0,82,157
07/20/2004,DBQ,IA,ACE,CE,Federal Contract Tower,0,9,33,0,42,0,0,63,0,63,0,9,96,0,105,112,0,112,217
07/21/2004,DBQ,IA,ACE,CE,Federal Contract Tower,0,12,27,0,39,0,2,7,0,9,0,14,34,0,48,36,0,36,84
07/22/2004,DBQ,IA,ACE,CE,Federal Contract Tower,0,8,18,0,26,0,3,63,0,66,0,11,81,0,92,20,0,20,112
07/23/2004,DBQ,IA,ACE,CE,Federal Contract Tower,0,10,28,0,38,0,0,69,0,69,0,10,97,0,107,26,0,26,133
07/24/2004,DBQ,IA,ACE,CE,Federal Contract Tower,0,9,20,0,29,0,1,50,0,51,0,10,70,0,80,14,0,14,94
07/25/2004,DBQ,IA,ACE,CE,Federal Contract Tower,0,8,18,0,26,0,0,69,2,71,0,8,87,2,97,22,0,22,119
07/26/2004,DBQ,IA,ACE,CE,Federal Contract Tower,0,9,22,0,31,0,4,125,0,129,0,13,147,0,160,40,0,40,200
07/27/2004,DBQ,IA,ACE,CE,Federal Contract Tower,0,7,23,0,30,0,0,95,0,95,0,7,118,0,125,52,0,52,177
07/28/2004,DBQ,IA,ACE,CE,Federal Contract Tower,0,8,18,0,26,0,5,95,0,100,0,13,113,0,126,124,0,124,250
07/29/2004,DBQ,IA,ACE,CE,Federal Contract Tower,0,9,25,0,34,0,0,47,0,47,0,9,72,0,81,0,0,0,81
07/30/2004,DBQ,IA,ACE,CE,Federal Contract Tower,0,10,29,0,39,0,0,22,0,22,0,10,51,0,61,0,0,0,61
07/31/2004,DBQ,IA,ACE,CE,Federal Contract Tower,0,5,14,0,19,0,0,69,0,69,0,5,83,0,88,34,0,34,122
08/01/2004,DBQ,IA,ACE,CE,Federal Contract Tower,0,4,9,0,13,0,1,29,0,30,0,5,38,0,43,0,0,0,43
08/02/2004,DBQ,IA,ACE,CE,Federal Contract Tower,0,8,13,0,21,0,3,52,0,55,0,11,65,0,76,54,0,54,130
08/03/2004,DBQ,IA,ACE,CE,Federal Contract Tower,0,11,26,0,37,0,0,60,0,60,0,11,86,0,97,58,0,58,155
08/04/2004,DBQ,IA,ACE,CE,Federal Contract Tower,0,9,15,0,24,0,0,19,0,19,0,9,34,0,43,36,0,36,79
08/05/2004,DBQ,IA,ACE,CE,Federal Contract Tower,0,11,22,0,33,0,0,50,0,50,0,11,72,0,83,34,0,34,117
08/06/2004,DBQ,IA,ACE,CE,Federal Contract Tower,0,9,17,0,26,0,2,44,0,46,0,11,61,0,72,36,0,36,108
08/07/2004,DBQ,IA,ACE,CE,Federal Contract Tower,0,5,13,0,18,2,0,42,0,44,2,5,55,0,62,64,0,64,126
08/08/2004,DBQ,IA,ACE,CE,Federal Contract Tower,0,8,14,1,23,0,0,25,1,26,0,8,39,2,49,22,0,22,71
08/09/2004,DBQ,IA,ACE,CE,Federal Contract Tower,0,9,22,1,32,0,0,56,1,57,0,9,78,2,89,36,0,36,125
08/10/2004,DBQ,IA,ACE,CE,Federal Contract Tower,0,10,20,0,30,2,0,68,0,70,2,10,88,0,100,36,0,36,136
08/11/2004,DBQ,IA,ACE,CE,Federal Contract Tower,0,11,23,0,34,0,3,69,0,72,0,14,92,0,106,56,0,56,162
08/12/2004,DBQ,IA,ACE,CE,Federal Contract Tower,0,10,23,0,33,0,0,70,0,70,0,10,93,0,103,98,0,98,201
08/13/2004,DBQ,IA,ACE,CE,Federal Contract Tower,0,9,20,0,29,0,3,41,0,44,0,12,61,0,73,24,0,24,97
08/14/2004,DBQ,IA,ACE,CE,Federal Contract Tower,0,5,12,0,17,0,0,49,1,50,0,5,61,1,67,30,0,30,97
08/15/2004,DBQ,IA,ACE,CE,Federal Contract Tower,0,5,11,0,16,0,1,60,0,61,0,6,71,0,77,16,0,16,93
08/16/2004,DBQ,IA,ACE,CE,Federal Contract Tower,0,9,19,0,28,0,4,37,0,41,0,13,56,0,69,62,0,62,131
08/17/2004,DBQ,IA,ACE,CE,Federal Contract Tower,0,13,27,0,40,0,0,19,0,19,0,13,46,0,59,106,0,106,165
08/18/2004,DBQ,IA,ACE,CE,Federal Contract Tower,0,10,23,0,33,0,2,21,3,26,0,12,44,3,59,64,2,66,125
08/19/2004,DBQ,IA,ACE,CE,Federal Contract Tower,0,10,21,0,31,0,0,61,0,61,0,10,82,0,92,90,0,90,182
08/20/2004,DBQ,IA,ACE,CE,Federal Contract Tower,0,8,18,0,26,0,5,59,0,64,0,13,77,0,90,86,0,86,176
08/21/2004,DBQ,IA,ACE,CE,Federal Contract Tower,0,5,12,0,17,0,0,67,0,67,0,5,79,0,84,94,0,94,178
08/22/2004,DBQ,IA,ACE,CE,Federal Contract Tower,0,4,10,0,14,0,1,29,0,30,0,5,39,0,44,8,0,8,52
08/23/2004,DBQ,IA,ACE,CE,Federal Contract Tower,0,9,20,0,29,0,4,79,1,84,0,13,99,1,113,104,0,104,217
08/24/2004,DBQ,IA,ACE,CE,Federal Contract Tower,0,12,27,0,39,0,3,3,1,7,0,15,30,1,46,20,0,20,66
08/25/2004,DBQ,IA,ACE,CE,Federal Contract Tower,0,8,19,0,27,0,7,2,0,9,0,15,21,0,36,12,0,12,48
08/26/2004,DBQ,IA,ACE,CE,Federal Contract Tower,0,17,38,0,55,0,0,6,0,6,0,17,44,0,61,20,0,20,81
08/27/2004,DBQ,IA,ACE,CE,Federal Contract Tower,0,10,25,0,35,0,0,70,0,70,0,10,95,0,105,20,0,20,125
08/28/2004,DBQ,IA,ACE,CE,Federal Contract Tower,0,7,22,0,29,0,0,15,0,15,0,7,37,0,44,10,0,10,54
08/29/2004,DBQ,IA,ACE,CE,Federal Contract Tower,0,7,28,0,35,0,0,81,0,81,0,7,109,0,116,70,0,70,186
08/30/2004,DBQ,IA,ACE,CE,Federal Contract Tower,0,10,21,0,31,0,3,152,0,155,0,13,173,0,186,104,0,104,290
08/31/2004,DBQ,IA,ACE,CE,Federal Contract Tower,0,9,21,0,30,0,2,251,0,253,0,11,272,0,283,118,0,118,401
09/01/2004,DBQ,IA,ACE,CE,Federal Contract Tower,0,9,13,0,22,0,5,166,0,171,0,14,179,0,193,82,0,82,275
09/02/2004,DBQ,IA,ACE,CE,Federal Contract Tower,0,15,26,0,41,0,0,183,0,183,0,15,209,0,224,84,0,84,308
09/03/2004,DBQ,IA,ACE,CE,Federal Contract Tower,0,8,26,0,34,0,0,123,0,123,0,8,149,0,157,68,0,68,225
09/04/2004,DBQ,IA,ACE,CE,Federal Contract Tower,0,7,9,0,16,0,0,57,0,57,0,7,66,0,73,52,0,52,125
09/05/2004,DBQ,IA,ACE,CE,Federal Contract Tower,0,5,7,0,12,0,0,12,0,12,0,5,19,0,24,14,0,14,38
09/06/2004,DBQ,IA,ACE,CE,Federal Contract Tower,0,5,7,0,12,0,4,24,0,28,0,9,31,0,40,0,0,0,40
09/07/2004,DBQ,IA,ACE,CE,Federal Contract Tower,0,10,17,0,27,0,5,167,0,172,0,15,184,0,199,108,0,108,307
09/08/2004,DBQ,IA,ACE,CE,Federal Contract Tower,0,12,20,0,32,0,0,130,0,130,0,12,150,0,162,96,0,96,258
09/09/2004,DBQ,IA,ACE,CE,Federal Contract Tower,0,11,23,1,35,0,0,110,3,113,0,11,133,4,148,30,0,30,178
09/10/2004,DBQ,IA,ACE,CE,Federal Contract Tower,0,16,25,1,42,0,5,99,3,107,0,21,124,4,149,58,0,58,207
09/11/2004,DBQ,IA,ACE,CE,Federal Contract Tower,0,6,12,0,18,0,0,137,0,137,0,6,149,0,155,98,0,98,253
09/12/2004,DBQ,IA,ACE,CE,Federal Contract Tower,0,7,11,0,18,0,0,216,0,216,0,7,227,0,234,32,0,32,266
09/13/2004,DBQ,IA,ACE,CE,Federal Contract Tower,0,7,12,0,19,0,7,106,0,113,0,14,118,0,132,46,0,46,178
09/14/2004,DBQ,IA,ACE,CE,Federal Contract Tower,0,16,29,0,45,0,0,43,0,43,0,16,72,0,88,60,0,60,148
09/15/2004,DBQ,IA,ACE,CE,Federal Contract Tower,0,11,22,0,33,0,0,12,0,12,0,11,34,0,45,16,0,16,61
09/16/2004,DBQ,IA,ACE,CE,Federal Contract Tower,0,14,31,0,45,0,0,188,0,188,0,14,219,0,233,112,0,112,345
09/17/2004,DBQ,IA,ACE,CE,Federal Contract Tower,0,16,25,0,41,0,0,142,0,142,0,16,167,0,183,162,0,162,345
09/18/2004,DBQ,IA,ACE,CE,Federal Contract Tower,0,7,12,0,19,0,1,115,2,118,0,8,127,2,137,108,0,108,245
09/19/2004,DBQ,IA,ACE,CE,Federal Contract Tower,0,9,16,0,25,0,0,44,0,44,0,9,60,0,69,44,0,44,113
09/20/2004,DBQ,IA,ACE,CE,Federal Contract Tower,0,12,19,0,31,0,2,127,0,129,0,14,146,0,160,212,0,212,372
09/21/2004,DBQ,IA,ACE,CE,Federal Contract Tower,0,7,13,0,20,0,4,118,0,122,0,11,131,0,142,76,0,76,218
09/22/2004,DBQ,IA,ACE,CE,Federal Contract Tower,0,11,19,0,30,0,2,162,0,164,0,13,181,0,194,206,0,206,400
09/23/2004,DBQ,IA,ACE,CE,Federal Contract Tower,0,12,22,0,34,0,0,145,2,147,0,12,167,2,181,82,0,82,263
09/24/2004,DBQ,IA,ACE,CE,Federal Contract Tower,0,13,25,0,38,0,0,113,0,113,0,13,138,0,151,106,0,106,257
09/25/2004,DBQ,IA,ACE,CE,Federal Contract Tower,0,8,15,0,23,0,0,118,0,118,0,8,133,0,141,104,0,104,245
09/26/2004,DBQ,IA,ACE,CE,Federal Contract Tower,0,7,11,0,18,0,0,85,0,85,0,7,96,0,103,184,0,184,287
09/27/2004,DBQ,IA,ACE,CE,Federal Contract Tower,0,10,17,0,27,0,6,105,2,113,0,16,122,2,140,148,0,148,288
09/28/2004,DBQ,IA,ACE,CE,Federal Contract Tower,0,10,17,0,27,0,1,62,4,67,0,11,79,4,94,62,0,62,156
09/29/2004,DBQ,IA,ACE,CE,Federal Contract Tower,0,13,22,0,35,0,2,177,0,179,0,15,199,0,214,120,0,120,334
09/30/2004,DBQ,IA,ACE,CE,Federal Contract Tower,0,10,16,0,26,0,3,138,0,141,0,13,154,0,167,138,0,138,305
10/01/2004,DBQ,IA,ACE,CE,Federal Contract Tower,0,14,23,0,37,0,0,33,0,33,0,14,56,0,70,84,0,84,154
10/02/2004,DBQ,IA,ACE,CE,Federal Contract Tower,0,8,11,0,19,0,0,119,0,119,0,8,130,0,138,170,0,170,308
10/03/2004,DBQ,IA,ACE,CE,Federal Contract Tower,0,5,17,0,22,0,0,35,0,35,0,5,52,0,57,6,0,6,63
10/04/2004,DBQ,IA,ACE,CE,Federal Contract Tower,0,11,13,0,24,0,0,105,0,105,0,11,118,0,129,150,0,150,279
10/05/2004,DBQ,IA,ACE,CE,Federal Contract Tower,0,13,13,0,26,0,0,178,0,178,0,13,191,0,204,322,0,322,526
10/06/2004,DBQ,IA,ACE,CE,Federal Contract Tower,0,12,21,0,33,0,0,127,0,127,0,12,148,0,160,162,0,162,322
10/07/2004,DBQ,IA,ACE,CE,Federal Contract Tower,0,14,22,0,36,0,0,118,0,118,0,14,140,0,154,242,0,242,396
10/08/2004,DBQ,IA,ACE,CE,Federal Contract Tower,0,13,45,0,58,0,0,28,0,28,0,13,73,0,86,56,0,56,142
10/09/2004,DBQ,IA,ACE,CE,Federal Contract Tower,0,6,11,0,17,0,0,89,0,89,0,6,100,0,106,64,0,64,170
10/10/2004,DBQ,IA,ACE,CE,Federal Contract Tower,0,5,13,0,18,0,0,48,0,48,0,5,61,0,66,58,0,58,124
10/11/2004,DBQ,IA,ACE,CE,Federal Contract Tower,0,8,20,0,28,0,0,119,0,119,0,8,139,0,147,144,0,144,291
10/12/2004,DBQ,IA,ACE,CE,Federal Contract Tower,0,12,24,0,36,0,0,66,0,66,0,12,90,0,102,120,0,120,222
10/13/2004,DBQ,IA,ACE,CE,Federal Contract Tower,0,15,32,0,47,0,0,91,0,91,0,15,123,0,138,120,0,120,258
10/14/2004,DBQ,IA,ACE,CE,Federal Contract Tower,0,11,55,2,68,0,0,34,0,34,0,11,89,2,102,114,0,114,216
10/15/2004,DBQ,IA,ACE,CE,Federal Contract Tower,0,11,27,0,38,0,1,19,0,20,0,12,46,0,58,26,0,26,84
10/16/2004,DBQ,IA,ACE,CE,Federal Contract Tower,0,5,6,0,11,0,0,28,0,28,0,5,34,0,39,20,0,20,59
10/17/2004,DBQ,IA,ACE,CE,Federal Contract Tower,0,8,14,0,22,0,0,66,0,66,0,8,80,0,88,46,0,46,134
10/18/2004,DBQ,IA,ACE,CE,Federal Contract Tower,0,16,11,0,27,0,0,47,0,47,0,16,58,0,74,102,0,102,176
10/19/2004,DBQ,IA,ACE,CE,Federal Contract Tower,2,12,56,0,70,0,0,11,0,11,2,12,67,0,81,0,0,0,81
10/20/2004,DBQ,IA,ACE,CE,Federal Contract Tower,0,13,57,0,70,0,0,11,1,12,0,13,68,1,82,52,0,52,134
10/21/2004,DBQ,IA,ACE,CE,Federal Contract Tower,1,15,65,0,81,0,0,50,0,50,1,15,115,0,131,94,0,94,225
10/22/2004,DBQ,IA,ACE,CE,Federal Contract Tower,2,9,19,0,30,0,0,0,0,0,2,9,19,0,30,0,0,0,30
10/23/2004,DBQ,IA,ACE,CE,Federal Contract Tower,0,5,11,0,16,0,0,8,0,8,0,5,19,0,24,0,0,0,24
10/24/2004,DBQ,IA,ACE,CE,Federal Contract Tower,0,5,23,0,28,0,0,52,0,52,0,5,75,0,80,58,0,58,138
10/25/2004,DBQ,IA,ACE,CE,Federal Contract Tower,1,16,10,2,29,0,0,132,0,132,1,16,142,2,161,174,0,174,335
10/26/2004,DBQ,IA,ACE,CE,Federal Contract Tower,2,12,11,15,40,0,0,0,0,0,2,12,11,15,40,0,0,0,40
10/27/2004,DBQ,IA,ACE,CE,Federal Contract Tower,0,13,17,0,30,0,0,0,0,0,0,13,17,0,30,0,0,0,30
10/28/2004,DBQ,IA,ACE,CE,Federal Contract Tower,0,13,8,2,23,0,0,0,0,0,0,13,8,2,23,0,0,0,23
10/29/2004,DBQ,IA,ACE,CE,Federal Contract Tower,0,10,29,0,39,0,0,37,0,37,0,10,66,0,76,18,0,18,94
10/30/2004,DBQ,IA,ACE,CE,Federal Contract Tower,0,2,2,0,4,0,0,0,0,0,0,2,2,0,4,0,0,0,4
10/31/2004,DBQ,IA,ACE,CE,Federal Contract Tower,0,6,23,0,29,0,0,46,2,48,0,6,69,2,77,66,0,66,143
11/01/2004,DBQ,IA,ACE,CE,Federal Contract Tower,0,18,11,0,29,0,0,0,0,0,0,18,11,0,29,0,0,0,29
11/02/2004,DBQ,IA,ACE,CE,Federal Contract Tower,0,12,22,0,34,0,0,118,0,118,0,12,140,0,152,282,0,282,434
11/03/2004,DBQ,IA,ACE,CE,Federal Contract Tower,0,12,20,0,32,0,0,164,0,164,0,12,184,0,196,172,0,172,368
11/04/2004,DBQ,IA,ACE,CE,Federal Contract Tower,0,15,18,2,35,0,0,76,0,76,0,15,94,2,111,268,6,274,385
11/05/2004,DBQ,IA,ACE,CE,Federal Contract Tower,0,12,9,0,21,0,0,92,0,92,0,12,101,0,113,80,0,80,193
11/06/2004,DBQ,IA,ACE,CE,Federal Contract Tower,0,5,13,0,18,0,0,185,0,185,0,5,198,0,203,192,0,192,395
11/07/2004,DBQ,IA,ACE,CE,Federal Contract Tower,0,6,18,0,24,0,0,102,0,102,0,6,120,0,126,78,0,78,204
11/08/2004,DBQ,IA,ACE,CE,Federal Contract Tower,0,10,14,0,24,0,0,130,0,130,0,10,144,0,154,212,0,212,366
11/09/2004,DBQ,IA,ACE,CE,Federal Contract Tower,0,11,18,0,29,0,0,161,0,161,0,11,179,0,190,170,0,170,360
11/10/2004,DBQ,IA,ACE,CE,Federal Contract Tower,0,10,17,0,27,0,0,120,0,120,0,10,137,0,147,54,0,54,201
11/11/2004,DBQ,IA,ACE,CE,Federal Contract Tower,0,7,25,0,32,0,0,137,0,137,0,7,162,0,169,136,0,136,305
11/12/2004,DBQ,IA,ACE,CE,Federal Contract Tower,0,13,24,0,37,0,0,125,0,125,0,13,149,0,162,142,0,142,304
11/13/2004,DBQ,IA,ACE,CE,Federal Contract Tower,0,7,13,0,20,0,0,168,0,168,0,7,181,0,188,136,0,136,324
11/14/2004,DBQ,IA,ACE,CE,Federal Contract Tower,0,5,22,0,27,0,0,69,0,69,0,5,91,0,96,26,0,26,122
11/15/2004,DBQ,IA,ACE,CE,Federal Contract Tower,0,11,22,0,33,0,0,5,0,5,0,11,27,0,38,52,0,52,90
11/16/2004,DBQ,IA,ACE,CE,Federal Contract Tower,0,11,24,0,35,0,0,4,0,4,0,11,28,0,39,6,0,6,45
11/17/2004,DBQ,IA,ACE,CE,Federal Contract Tower,0,13,40,0,53,0,1,14,0,15,0,14,54,0,68,18,0,18,86
11/18/2004,DBQ,IA,ACE,CE,Federal Contract Tower,0,13,50,0,63,0,0,33,0,33,0,13,83,0,96,76,0,76,172
11/19/2004,DBQ,IA,ACE,CE,Federal Contract Tower,0,13,16,0,29,0,0,0,0,0,0,13,16,0,29,0,0,0,29
11/20/2004,DBQ,IA,ACE,CE,Federal Contract Tower,0,5,21,0,26,0,0,9,0,9,0,5,30,0,35,44,0,44,79
11/21/2004,DBQ,IA,ACE,CE,Federal Contract Tower,0,5,8,0,13,0,0,66,0,66,0,5,74,0,79,46,0,46,125
11/22/2004,DBQ,IA,ACE,CE,Federal Contract Tower,0,13,18,0,31,0,0,119,0,119,0,13,137,0,150,162,0,162,312
11/23/2004,DBQ,IA,ACE,CE,Federal Contract Tower,0,11,29,0,40,0,0,84,0,84,0,11,113,0,124,102,0,102,226
11/24/2004,DBQ,IA,ACE,CE,Federal Contract Tower,0,9,14,0,23,0,0,54,0,54,0,9,68,0,77,14,0,14,91
11/25/2004,DBQ,IA,ACE,CE,Federal Contract Tower,0,4,6,0,10,0,0,22,0,22,0,4,28,0,32,20,0,20,52
11/26/2004,DBQ,IA,ACE,CE,Federal Contract Tower,0,11,1,0,12,0,0,4,0,4,0,11,5,0,16,16,0,16,32
11/27/2004,DBQ,IA,ACE,CE,Federal Contract Tower,0,5,2,0,7,0,0,2,0,2,0,5,4,0,9,2,0,2,11
11/28/2004,DBQ,IA,ACE,CE,Federal Contract Tower,0,5,12,0,17,0,0,42,0,42,0,5,54,0,59,46,0,46,105
11/29/2004,DBQ,IA,ACE,CE,Federal Contract Tower,0,13,11,0,24,0,0,20,0,20,0,13,31,0,44,78,0,78,122
11/30/2004,DBQ,IA,ACE,CE,Federal Contract Tower,0,18,19,0,37,0,0,33,0,33,0,18,52,0,70,44,0,44,114
12/01/2004,DBQ,IA,ACE,CE,Federal Contract Tower,0,17,23,0,40,0,0,155,0,155,0,17,178,0,195,218,0,218,413
12/02/2004,DBQ,IA,ACE,CE,Federal Contract Tower,0,15,26,0,41,0,0,126,0,126,0,15,152,0,167,156,0,156,323
12/03/2004,DBQ,IA,ACE,CE,Federal Contract Tower,0,12,15,0,27,0,1,101,0,102,0,13,116,0,129,156,0,156,285
12/04/2004,DBQ,IA,ACE,CE,Federal Contract Tower,0,5,7,0,12,0,0,103,2,105,0,5,110,2,117,168,0,168,285
12/05/2004,DBQ,IA,ACE,CE,Federal Contract Tower,0,5,11,0,16,0,0,37,0,37,0,5,48,0,53,24,0,24,77
12/06/2004,DBQ,IA,ACE,CE,Federal Contract Tower,0,11,12,0,23,0,0,0,0,0,0,11,12,0,23,0,0,0,23
12/07/2004,DBQ,IA,ACE,CE,Federal Contract Tower,0,17,10,0,27,0,1,0,0,1,0,18,10,0,28,0,0,0,28
12/08/2004,DBQ,IA,ACE,CE,Federal Contract Tower,0,11,12,0,23,0,1,59,0,60,0,12,71,0,83,156,0,156,239
12/09/2004,DBQ,IA,ACE,CE,Federal Contract Tower,0,14,12,0,26,0,0,0,0,0,0,14,12,0,26,0,0,0,26
12/10/2004,DBQ,IA,ACE,CE,Federal Contract Tower,0,12,10,0,22,0,0,0,0,0,0,12,10,0,22,0,0,0,22
12/11/2004,DBQ,IA,ACE,CE,Federal Contract Tower,0,5,16,0,21,0,0,42,0,42,0,5,58,0,63,118,0,118,181
12/12/2004,DBQ,IA,ACE,CE,Federal Contract Tower,0,5,6,0,11,0,0,0,0,0,0,5,6,0,11,0,0,0,11
12/13/2004,DBQ,IA,ACE,CE,Federal Contract Tower,0,11,21,0,32,0,0,34,0,34,0,11,55,0,66,22,0,22,88
12/14/2004,DBQ,IA,ACE,CE,Federal Contract Tower,0,12,25,0,37,0,0,190,0,190,0,12,215,0,227,160,0,160,387
12/15/2004,DBQ,IA,ACE,CE,Federal Contract Tower,2,11,23,0,36,0,0,97,0,97,2,11,120,0,133,90,0,90,223
12/16/2004,DBQ,IA,ACE,CE,Federal Contract Tower,0,12,31,0,43,0,0,93,0,93,0,12,124,0,136,122,0,122,258
12/17/2004,DBQ,IA,ACE,CE,Federal Contract Tower,0,11,21,0,32,0,0,97,2,99,0,11,118,2,131,62,0,62,193
12/18/2004,DBQ,IA,ACE,CE,Federal Contract Tower,2,5,6,0,13,0,0,11,0,11,2,5,17,0,24,18,0,18,42
12/19/2004,DBQ,IA,ACE,CE,Federal Contract Tower,0,7,4,0,11,0,0,8,0,8,0,7,12,0,19,42,0,42,61
12/20/2004,DBQ,IA,ACE,CE,Federal Contract Tower,0,11,10,0,21,0,0,13,0,13,0,11,23,0,34,12,0,12,46
12/21/2004,DBQ,IA,ACE,CE,Federal Contract Tower,0,15,25,2,42,0,0,12,0,12,0,15,37,2,54,14,0,14,68
12/22/2004,DBQ,IA,ACE,CE,Federal Contract Tower,0,13,11,0,24,0,0,53,0,53,0,13,64,0,77,60,0,60,137
12/23/2004,DBQ,IA,ACE,CE,Federal Contract Tower,0,11,10,0,21,0,0,31,0,31,0,11,41,0,52,8,0,8,60
12/24/2004,DBQ,IA,ACE,CE,Federal Contract Tower,0,9,5,0,14,0,1,5,0,6,0,10,10,0,20,0,0,0,20
12/25/2004,DBQ,IA,ACE,CE,Federal Contract Tower,0,4,0,0,4,0,0,0,0,0,0,4,0,0,4,0,0,0,4
12/26/2004,DBQ,IA,ACE,CE,Federal Contract Tower,0,5,10,0,15,0,0,18,0,18,0,5,28,0,33,8,0,8,41
12/27/2004,DBQ,IA,ACE,CE,Federal Contract Tower,0,11,8,0,19,0,0,57,0,57,0,11,65,0,76,24,0,24,100
12/28/2004,DBQ,IA,ACE,CE,Federal Contract Tower,0,13,15,0,28,0,0,37,0,37,0,13,52,0,65,20,0,20,85
12/29/2004,DBQ,IA,ACE,CE,Federal Contract Tower,0,11,8,0,19,0,0,0,0,0,0,11,8,0,19,0,0,0,19
12/30/2004,DBQ,IA,ACE,CE,Federal Contract Tower,0,3,1,0,4,0,0,0,0,0,0,3,1,0,4,0,0,0,4
12/31/2004,DBQ,IA,ACE,CE,Federal Contract Tower,0,11,4,0,15,0,0,42,0,42,0,11,46,0,57,24,0,24,81
01/01/2005,DBQ,IA,ACE,CE,Federal Contract Tower,0,5,1,0,6,0,0,1,0,1,0,5,2,0,7,1,0,1,8
01/02/2005,DBQ,IA,ACE,CE,Federal Contract Tower,0,9,5,0,14,0,0,5,0,5,0,9,10,0,19,0,0,0,19
01/03/2005,DBQ,IA,ACE,CE,Federal Contract Tower,0,11,2,0,13,0,0,0,0,0,0,11,2,0,13,0,0,0,13
01/04/2005,DBQ,IA,ACE,CE,Federal Contract Tower,0,8,10,0,18,0,0,0,0,0,0,8,10,0,18,0,0,0,18
01/05/2005,DBQ,IA,ACE,CE,Federal Contract Tower,0,6,2,0,8,0,0,0,0,0,0,6,2,0,8,0,0,0,8
01/06/2005,DBQ,IA,ACE,CE,Federal Contract Tower,0,6,3,0,9,0,0,4,0,4,0,6,7,0,13,4,0,4,17
01/07/2005,DBQ,IA,ACE,CE,Federal Contract Tower,0,11,14,0,25,0,0,5,0,5,0,11,19,0,30,4,0,4,34
01/08/2005,DBQ,IA,ACE,CE,Federal Contract Tower,0,5,7,0,12,0,0,1,0,1,0,5,8,0,13,0,0,0,13
01/09/2005,DBQ,IA,ACE,CE,Federal Contract Tower,0,1,6,0,7,0,0,0,0,0,0,1,6,0,7,0,0,0,7
01/10/2005,DBQ,IA,ACE,CE,Federal Contract Tower,0,12,13,0,25,0,1,13,0,14,0,13,26,0,39,14,0,14,53
01/11/2005,DBQ,IA,ACE,CE,Federal Contract Tower,0,8,14,0,22,0,0,3,0,3,0,8,17,0,25,0,0,0,25
01/12/2005,DBQ,IA,ACE,CE,Federal Contract Tower,0,4,3,0,7,0,0,0,0,0,0,4,3,0,7,0,0,0,7
01/13/2005,DBQ,IA,ACE,CE,Federal Contract Tower,0,13,13,0,26,0,0,35,0,35,0,13,48,0,61,31,0,31,92
01/14/2005,DBQ,IA,ACE,CE,Federal Contract Tower,0,11,16,0,27,0,0,20,0,20,0,11,36,0,47,24,0,24,71
01/15/2005,DBQ,IA,ACE,CE,Federal Contract Tower,0,5,3,0,8,0,0,21,0,21,0,5,24,0,29,26,0,26,55
01/16/2005,DBQ,IA,ACE,CE,Federal Contract Tower,0,4,7,0,11,0,0,20,0,20,0,4,27,0,31,10,0,10,41
01/17/2005,DBQ,IA,ACE,CE,Federal Contract Tower,0,8,13,0,21,0,1,35,0,36,0,9,48,0,57,50,2,52,109
01/18/2005,DBQ,IA,ACE,CE,Federal Contract Tower,0,12,12,0,24,0,0,11,0,11,0,12,23,0,35,76,0,76,111
01/19/2005,DBQ,IA,ACE,CE,Federal Contract Tower,0,11,17,0,28,0,1,47,0,48,0,12,64,0,76,120,0,120,196
01/20/2005,DBQ,IA,ACE,CE,Federal Contract Tower,0,10,25,0,35,0,0,0,0,0,0,10,25,0,35,0,0,0,35
01/21/2005,DBQ,IA,ACE,CE,Federal Contract Tower,0,10,5,0,15,0,0,13,0,13,0,10,18,0,28,40,0,40,68
01/22/2005,DBQ,IA,ACE,CE,Federal Contract Tower,0,1,0,0,1,0,0,0,0,0,0,1,0,0,1,0,0,0,1
01/23/2005,DBQ,IA,ACE,CE,Federal Contract Tower,0,5,5,0,10,0,0,53,0,53,0,5,58,0,63,24,0,24,87
01/24/2005,DBQ,IA,ACE,CE,Federal Contract Tower,0,11,15,0,26,0,0,109,0,109,0,11,124,0,135,100,0,100,235
01/25/2005,DBQ,IA,ACE,CE,Federal Contract Tower,0,13,29,0,42,0,0,75,0,75,0,13,104,0,117,178,0,178,295
01/26/2005,DBQ,IA,ACE,CE,Federal Contract Tower,0,11,15,0,26,0,0,25,0,25,0,11,40,0,51,88,0,88,139
01/27/2005,DBQ,IA,ACE,CE,Federal Contract Tower,0,11,13,0,24,0,0,139,0,139,0,11,152,0,163,288,0,288,451
01/28/2005,DBQ,IA,ACE,CE,Federal Contract Tower,0,11,10,0,21,0,0,125,0,125,0,11,135,0,146,132,0,132,278
01/29/2005,DBQ,IA,ACE,CE,Federal Contract Tower,0,5,6,0,11,0,0,54,0,54,0,5,60,0,65,118,0,118,183
01/30/2005,DBQ,IA,ACE,CE,Federal Contract Tower,0,5,5,0,10,0,0,24,0,24,0,5,29,0,34,30,0,30,64
01/31/2005,DBQ,IA,ACE,CE,Federal Contract Tower,0,13,14,0,27,0,0,3,0,3,0,13,17,0,30,12,0,12,42
02/01/2005,DBQ,IA,ACE,CE,Federal Contract Tower,0,11,4,0,15,0,0,8,0,8,0,11,12,0,23,60,0,60,83
02/02/2005,DBQ,IA,ACE,CE,Federal Contract Tower,0,11,23,0,34,0,0,58,0,58,0,11,81,0,92,172,0,172,264
02/03/2005,DBQ,IA,ACE,CE,Federal Contract Tower,2,13,30,0,45,0,0,80,0,80,2,13,110,0,125,146,0,146,271
02/04/2005,DBQ,IA,ACE,CE,Federal Contract Tower,0,11,20,0,31,0,0,88,0,88,0,11,108,0,119,82,0,82,201
02/05/2005,DBQ,IA,ACE,CE,Federal Contract Tower,0,5,21,0,26,0,0,53,0,53,0,5,74,0,79,30,0,30,109
02/06/2005,DBQ,IA,ACE,CE,Federal Contract Tower,0,5,2,0,7,0,0,4,0,4,0,5,6,0,11,10,0,10,21
02/07/2005,DBQ,IA,ACE,CE,Federal Contract Tower,2,12,2,0,16,0,0,0,0,0,2,12,2,0,16,0,0,0,16
02/08/2005,DBQ,IA,ACE,CE,Federal Contract Tower,0,11,16,0,27,0,0,2,0,2,0,11,18,0,29,0,0,0,29
02/09/2005,DBQ,IA,ACE,CE,Federal Contract Tower,0,13,12,0,25,0,0,2,0,2,0,13,14,0,27,0,0,0,27
02/10/2005,DBQ,IA,ACE,CE,Federal Contract Tower,0,13,24,0,37,0,0,160,0,160,0,13,184,0,197,228,0,228,425
02/11/2005,DBQ,IA,ACE,CE,Federal Contract Tower,0,11,30,0,41,0,0,155,0,155,0,11,185,0,196,140,0,140,336
02/12/2005,DBQ,IA,ACE,CE,Federal Contract Tower,0,7,9,0,16,0,0,183,2,185,0,7,192,2,201,212,0,212,413
02/13/2005,DBQ,IA,ACE,CE,Federal Contract Tower,0,7,0,0,7,0,0,0,0,0,0,7,0,0,7,0,0,0,7
02/14/2005,DBQ,IA,ACE,CE,Federal Contract Tower,0,11,13,0,24,0,0,2,0,2,0,11,15,0,26,0,0,0,26
02/15/2005,DBQ,IA,ACE,CE,Federal Contract Tower,0,13,16,0,29,0,0,125,0,125,0,13,141,0,154,236,0,236,390
02/16/2005,DBQ,IA,ACE,CE,Federal Contract Tower,0,16,24,0,40,0,0,53,0,53,0,16,77,0,93,84,0,84,177
02/17/2005,DBQ,IA,ACE,CE,Federal Contract Tower,0,16,13,0,29,0,0,100,0,100,0,16,113,0,129,170,0,170,299
02/18/2005,DBQ,IA,ACE,CE,Federal Contract Tower,0,11,22,0,33,0,0,150,0,150,0,11,172,0,183,206,0,206,389
02/19/2005,DBQ,IA,ACE,CE,Federal Contract Tower,0,7,11,0,18,0,0,95,0,95,0,7,106,0,113,176,0,176,289
02/20/2005,DBQ,IA,ACE,CE,Federal Contract Tower,0,5,3,0,8,0,0,0,0,0,0,5,3,0,8,0,0,0,8
02/21/2005,DBQ,IA,ACE,CE,Federal Contract Tower,0,9,16,0,25,0,0,60,0,60,0,9,76,0,85,90,0,90,175
02/22/2005,DBQ,IA,ACE,CE,Federal Contract Tower,0,12,27,0,39,0,0,117,0,117,0,12,144,0,156,186,0,186,342
02/23/2005,DBQ,IA,ACE,CE,Federal Contract Tower,0,12,21,0,33,0,0,106,0,106,0,12,127,0,139,174,0,174,313
02/24/2005,DBQ,IA,ACE,CE,Federal Contract Tower,0,14,12,0,26,0,0,94,0,94,0,14,106,0,120,148,0,148,268
02/25/2005,DBQ,IA,ACE,CE,Federal Contract Tower,0,13,14,0,27,0,0,107,0,107,0,13,121,0,134,80,0,80,214
02/26/2005,DBQ,IA,ACE,CE,Federal Contract Tower,0,5,13,0,18,0,0,69,0,69,0,5,82,0,87,22,0,22,109
02/27/2005,DBQ,IA,ACE,CE,Federal Contract Tower,0,5,12,0,17,0,0,2,0,2,0,5,14,0,19,0,0,0,19
02/28/2005,DBQ,IA,ACE,CE,Federal Contract Tower,0,10,10,0,20,0,0,1,0,1,0,10,11,0,21,0,0,0,21
03/01/2005,DBQ,IA,ACE,CE,Federal Contract Tower,0,18,32,0,50,0,0,62,0,62,0,18,94,0,112,112,0,112,224
03/02/2005,DBQ,IA,ACE,CE,Federal Contract Tower,0,11,17,0,28,0,0,55,0,55,0,11,72,0,83,62,0,62,145
03/03/2005,DBQ,IA,ACE,CE,Federal Contract Tower,0,11,25,0,36,0,0,55,0,55,0,11,80,0,91,16,0,16,107
03/04/2005,DBQ,IA,ACE,CE,Federal Contract Tower,0,16,13,0,29,0,0,79,0,79,0,16,92,0,108,54,0,54,162
03/05/2005,DBQ,IA,ACE,CE,Federal Contract Tower,0,7,9,0,16,0,1,51,0,52,0,8,60,0,68,20,0,20,88
03/06/2005,DBQ,IA,ACE,CE,Federal Contract Tower,0,7,11,2,20,0,0,26,0,26,0,7,37,2,46,0,0,0,46
03/07/2005,DBQ,IA,ACE,CE,Federal Contract Tower,0,14,7,0,21,0,2,2,0,4,0,16,9,0,25,0,0,0,25
03/08/2005,DBQ,IA,ACE,CE,Federal Contract Tower,0,12,17,0,29,0,0,121,0,121,0,12,138,0,150,154,0,154,304
03/09/2005,DBQ,IA,ACE,CE,Federal Contract Tower,0,13,17,0,30,0,4,122,0,126,0,17,139,0,156,194,0,194,350
03/10/2005,DBQ,IA,ACE,CE,Federal Contract Tower,0,14,8,0,22,0,0,1,0,1,0,14,9,0,23,4,0,4,27
03/11/2005,DBQ,IA,ACE,CE,Federal Contract Tower,0,16,12,0,28,0,0,20,0,20,0,16,32,0,48,20,0,20,68
03/12/2005,DBQ,IA,ACE,CE,Federal Contract Tower,0,5,14,0,19,0,0,65,0,65,0,5,79,0,84,48,0,48,132
03/13/2005,DBQ,IA,ACE,CE,Federal Contract Tower,0,5,7,0,12,0,0,96,0,96,0,5,103,0,108,62,0,62,170
03/14/2005,DBQ,IA,ACE,CE,Federal Contract Tower,0,13,18,0,31,0,1,69,0,70,0,14,87,0,101,66,0,66,167
03/15/2005,DBQ,IA,ACE,CE,Federal Contract Tower,2,11,15,0,28,0,0,97,0,97,2,11,112,0,125,118,0,118,243
03/16/2005,DBQ,IA,ACE,CE,Federal Contract Tower,0,12,28,0,40,0,0,84,0,84,0,12,112,0,124,124,0,124,248
03/17/2005,DBQ,IA,ACE,CE,Federal Contract Tower,0,16,10,0,26,0,0,7,0,7,0,16,17,0,33,8,0,8,41
03/18/2005,DBQ,IA,ACE,CE,Federal Contract Tower,2,15,12,0,29,0,0,20,0,20,2,15,32,0,49,22,0,22,71
03/19/2005,DBQ,IA,ACE,CE,Federal Contract Tower,0,5,4,0,9,0,0,1,0,1,0,5,5,0,10,0,0,0,10
03/20/2005,DBQ,IA,ACE,CE,Federal Contract Tower,0,5,9,0,14,0,0,52,0,52,0,5,61,0,66,80,0,80,146
03/21/2005,DBQ,IA,ACE,CE,Federal Contract Tower,0,11,16,0,27,0,1,101,0,102,0,12,117,0,129,118,0,118,247
03/22/2005,DBQ,IA,ACE,CE,Federal Contract Tower,0,15,28,0,43,0,0,26,0,26,0,15,54,0,69,10,0,10,79
03/23/2005,DBQ,IA,ACE,CE,Federal Contract Tower,0,13,21,0,34,0,0,72,0,72,0,13,93,0,106,150,0,150,256
03/24/2005,DBQ,IA,ACE,CE,Federal Contract Tower,0,12,10,0,22,0,0,48,0,48,0,12,58,0,70,50,0,50,120
03/25/2005,DBQ,IA,ACE,CE,Federal Contract Tower,0,11,4,0,15,0,0,0,0,0,0,11,4,0,15,0,0,0,15
03/26/2005,DBQ,IA,ACE,CE,Federal Contract Tower,0,4,11,0,15,0,0,35,0,35,0,4,46,0,50,30,0,30,80
03/27/2005,DBQ,IA,ACE,CE,Federal Contract Tower,0,5,9,0,14,0,0,31,0,31,0,5,40,0,45,4,0,4,49
03/28/2005,DBQ,IA,ACE,CE,Federal Contract Tower,0,11,27,0,38,0,0,80,0,80,0,11,107,0,118,98,0,98,216
03/29/2005,DBQ,IA,ACE,CE,Federal Contract Tower,0,11,14,0,25,0,0,47,0,47,0,11,61,0,72,30,0,30,102
03/30/2005,DBQ,IA,ACE,CE,Federal Contract Tower,0,12,8,0,20,0,0,16,0,16,0,12,24,0,36,28,0,28,64
03/31/2005,DBQ,IA,ACE,CE,Federal Contract Tower,0,13,18,0,31,0,0,20,0,20,0,13,38,0,51,51,0,51,102
04/01/2005,DBQ,IA,ACE,CE,Federal Contract Tower,0,11,16,0,27,0,0,78,0,78,0,11,94,0,105,124,0,124,229
04/02/2005,DBQ,IA,ACE,CE,Federal Contract Tower,0,3,19,0,22,0,0,81,0,81,0,3,100,0,103,140,0,140,243
04/03/2005,DBQ,IA,ACE,CE,Federal Contract Tower,0,5,12,0,17,0,0,60,0,60,0,5,72,0,77,84,0,84,161
04/04/2005,DBQ,IA,ACE,CE,Federal Contract Tower,0,13,17,0,30,0,0,48,0,48,0,13,65,0,78,70,0,70,148
04/05/2005,DBQ,IA,ACE,CE,Federal Contract Tower,0,12,17,0,29,0,0,89,0,89,0,12,106,0,118,122,0,122,240
04/06/2005,DBQ,IA,ACE,CE,Federal Contract Tower,0,18,9,0,27,0,0,64,0,64,0,18,73,0,91,66,0,66,157
04/07/2005,DBQ,IA,ACE,CE,Federal Contract Tower,0,14,18,0,32,0,0,59,0,59,0,14,77,0,91,56,0,56,147
04/08/2005,DBQ,IA,ACE,CE,Federal Contract Tower,0,10,29,0,39,0,0,136,0,136,0,10,165,0,175,84,0,84,259
04/09/2005,DBQ,IA,ACE,CE,Federal Contract Tower,0,6,12,0,18,0,0,85,0,85,0,6,97,0,103,90,0,90,193
04/10/2005,DBQ,IA,ACE,CE,Federal Contract Tower,0,8,19,0,27,0,0,39,0,39,0,8,58,0,66,116,0,116,182
04/11/2005,DBQ,IA,ACE,CE,Federal Contract Tower,0,17,10,0,27,0,0,24,0,24,0,17,34,0,51,22,0,22,73
04/12/2005,DBQ,IA,ACE,CE,Federal Contract Tower,0,16,19,0,35,0,0,0,0,0,0,16,19,0,35,0,0,0,35
04/13/2005,DBQ,IA,ACE,CE,Federal Contract Tower,0,9,30,0,39,0,0,83,0,83,0,9,113,0,122,64,0,64,186
04/14/2005,DBQ,IA,ACE,CE,Federal Contract Tower,0,14,22,0,36,0,0,127,0,127,0,14,149,0,163,104,0,104,267
04/15/2005,DBQ,IA,ACE,CE,Federal Contract Tower,0,13,32,0,45,0,0,104,0,104,0,13,136,0,149,78,0,78,227
04/16/2005,DBQ,IA,ACE,CE,Federal Contract Tower,0,6,9,0,15,0,0,62,0,62,0,6,71,0,77,56,0,56,133
04/17/2005,DBQ,IA,ACE,CE,Federal Contract Tower,0,6,15,0,21,0,0,71,0,71,0,6,86,0,92,64,0,64,156
04/18/2005,DBQ,IA,ACE,CE,Federal Contract Tower,0,15,23,0,38,0,0,108,0,108,0,15,131,0,146,96,0,96,242
04/19/2005,DBQ,IA,ACE,CE,Federal Contract Tower,0,15,14,0,29,0,0,66,0,66,0,15,80,0,95,46,0,46,141
04/20/2005,DBQ,IA,ACE,CE,Federal Contract Tower,0,14,28,0,42,0,0,66,6,72,0,14,94,6,114,98,6,104,218
04/21/2005,DBQ,IA,ACE,CE,Federal Contract Tower,0,14,41,0,55,0,1,46,0,47,0,15,87,0,102,60,0,60,162
04/22/2005,DBQ,IA,ACE,CE,Federal Contract Tower,0,13,14,0,27,0,0,1,0,1,0,13,15,0,28,2,0,2,30
04/23/2005,DBQ,IA,ACE,CE,Federal Contract Tower,0,6,4,0,10,0,0,21,0,21,0,6,25,0,31,8,0,8,39
04/24/2005,DBQ,IA,ACE,CE,Federal Contract Tower,0,8,12,0,20,0,0,84,0,84,0,8,96,0,104,6,0,6,110
04/25/2005,DBQ,IA,ACE,CE,Federal Contract Tower,0,11,17,0,28,0,0,31,0,31,0,11,48,0,59,0,0,0,59
04/26/2005,DBQ,IA,ACE,CE,Federal Contract Tower,0,13,30,0,43,0,0,42,0,42,0,13,72,0,85,44,0,44,129
04/27/2005,DBQ,IA,ACE,CE,Federal Contract Tower,0,11,15,0,26,0,0,43,0,43,0,11,58,0,69,22,0,22,91
04/28/2005,DBQ,IA,ACE,CE,Federal Contract Tower,0,11,31,0,42,0,0,103,0,103,0,11,134,0,145,130,0,130,275
04/29/2005,DBQ,IA,ACE,CE,Federal Contract Tower,2,10,16,0,28,0,0,82,0,82,2,10,98,0,110,80,0,80,190
04/30/2005,DBQ,IA,ACE,CE,Federal Contract Tower,0,6,17,0,23,0,0,52,0,52,0,6,69,0,75,72,0,72,147
05/01/2005,DBQ,IA,ACE,CE,Federal Contract Tower,0,7,12,0,19,0,1,11,0,12,0,8,23,0,31,0,0,0,31
05/02/2005,DBQ,IA,ACE,CE,Federal Contract Tower,2,14,15,0,31,0,0,51,0,51,2,14,66,0,82,24,0,24,106
05/03/2005,DBQ,IA,ACE,CE,Federal Contract Tower,0,22,26,0,48,0,0,126,0,126,0,22,152,0,174,56,0,56,230
05/04/2005,DBQ,IA,ACE,CE,Federal Contract Tower,0,12,21,0,33,0,0,103,0,103,0,12,124,0,136,100,0,100,236
05/05/2005,DBQ,IA,ACE,CE,Federal Contract Tower,0,15,20,0,35,0,0,81,0,81,0,15,101,0,116,186,0,186,302
05/06/2005,DBQ,IA,ACE,CE,Federal Contract Tower,0,13,15,0,28,0,0,61,0,61,0,13,76,0,89,54,0,54,143
05/07/2005,DBQ,IA,ACE,CE,Federal Contract Tower,0,6,4,0,10,0,0,5,0,5,0,6,9,0,15,2,0,2,17
05/08/2005,DBQ,IA,ACE,CE,Federal Contract Tower,0,7,10,0,17,0,0,12,0,12,0,7,22,0,29,8,0,8,37
05/09/2005,DBQ,IA,ACE,CE,Federal Contract Tower,0,12,28,0,40,0,0,23,0,23,0,12,51,0,63,20,0,20,83
05/10/2005,DBQ,IA,ACE,CE,Federal Contract Tower,0,12,27,1,40,0,0,76,1,77,0,12,103,2,117,88,0,88,205
05/11/2005,DBQ,IA,ACE,CE,Federal Contract Tower,0,13,17,0,30,0,0,3,0,3,0,13,20,0,33,0,0,0,33
05/12/2005,DBQ,IA,ACE,CE,Federal Contract Tower,0,11,18,0,29,0,0,5,0,5,0,11,23,0,34,0,0,0,34
05/13/2005,DBQ,IA,ACE,CE,Federal Contract Tower,0,10,19,2,31,0,1,0,0,1,0,11,19,2,32,0,0,0,32
05/14/2005,DBQ,IA,ACE,CE,Federal Contract Tower,0,8,4,0,12,0,0,11,0,11,0,8,15,0,23,10,0,10,33
05/15/2005,DBQ,IA,ACE,CE,Federal Contract Tower,0,6,15,0,21,0,0,35,0,35,0,6,50,0,56,10,0,10,66
05/16/2005,DBQ,IA,ACE,CE,Federal Contract Tower,0,12,14,0,26,0,2,85,0,87,0,14,99,0,113,56,0,56,169
05/17/2005,DBQ,IA,ACE,CE,Federal Contract Tower,0,16,20,0,36,0,0,83,0,83,0,16,103,0,119,42,0,42,161
05/18/2005,DBQ,IA,ACE,CE,Federal Contract Tower,0,13,16,0,29,0,0,35,0,35,0,13,51,0,64,82,0,82,146
05/19/2005,DBQ,IA,ACE,CE,Federal Contract Tower,0,12,33,2,47,0,0,40,0,40,0,12,73,2,87,62,0,62,149
05/20/2005,DBQ,IA,ACE,CE,Federal Contract Tower,0,13,38,0,51,0,3,18,0,21,0,16,56,0,72,46,0,46,118
05/21/2005,DBQ,IA,ACE,CE,Federal Contract Tower,0,6,7,0,13,0,0,66,0,66,0,6,73,0,79,42,0,42,121
05/22/2005,DBQ,IA,ACE,CE,Federal Contract Tower,0,7,9,0,16,0,1,42,0,43,0,8,51,0,59,0,0,0,59
05/23/2005,DBQ,IA,ACE,CE,Federal Contract Tower,0,12,27,0,39,0,1,105,0,106,0,13,132,0,145,84,0,84,229
05/24/2005,DBQ,IA,ACE,CE,Federal Contract Tower,0,12,26,0,38,0,0,81,0,81,0,12,107,0,119,44,0,44,163
05/25/2005,DBQ,IA,ACE,CE,Federal Contract Tower,0,17,30,0,47,0,0,90,0,90,0,17,120,0,137,140,0,140,277
05/26/2005,DBQ,IA,ACE,CE,Federal Contract Tower,0,11,27,0,38,0,0,64,0,64,0,11,91,0,102,52,0,52,154
05/27/2005,DBQ,IA,ACE,CE,Federal Contract Tower,0,11,11,0,22,0,0,82,2,84,0,11,93,2,106,80,2,82,188
05/28/2005,DBQ,IA,ACE,CE,Federal Contract Tower,0,6,5,0,11,0,0,48,0,48,0,6,53,0,59,42,0,42,101
05/29/2005,DBQ,IA,ACE,CE,Federal Contract Tower,0,7,1,0,8,0,0,7,0,7,0,7,8,0,15,8,0,8,23
05/30/2005,DBQ,IA,ACE,CE,Federal Contract Tower,0,6,9,0,15,0,0,33,0,33,0,6,42,0,48,16,0,16,64
05/31/2005,DBQ,IA,ACE,CE,Federal Contract Tower,0,13,24,0,37,0,0,71,0,71,0,13,95,0,108,78,0,78,186
06/01/2005,DBQ,IA,ACE,CE,Federal Contract Tower,0,15,25,0,40,0,0,46,0,46,0,15,71,0,86,56,0,56,142
06/02/2005,DBQ,IA,ACE,CE,Federal Contract Tower,0,10,24,0,34,0,0,48,0,48,0,10,72,0,82,126,0,126,208
06/03/2005,DBQ,IA,ACE,CE,Federal Contract Tower,0,13,41,0,54,0,0,23,0,23,0,13,64,0,77,30,0,30,107
06/04/2005,DBQ,IA,ACE,CE,Federal Contract Tower,0,6,3,0,9,0,0,7,0,7,0,6,10,0,16,8,0,8,24
06/05/2005,DBQ,IA,ACE,CE,Federal Contract Tower,0,6,11,0,17,0,0,5,0,5,0,6,16,0,22,0,0,0,22
06/06/2005,DBQ,IA,ACE,CE,Federal Contract Tower,0,12,19,0,31,0,1,68,0,69,0,13,87,0,100,26,0,26,126
06/07/2005,DBQ,IA,ACE,CE,Federal Contract Tower,0,11,19,0,30,0,0,70,0,70,0,11,89,0,100,62,0,62,162
06/08/2005,DBQ,IA,ACE,CE,Federal Contract Tower,0,13,25,0,38,0,0,22,0,22,0,13,47,0,60,24,0,24,84
06/09/2005,DBQ,IA,ACE,CE,Federal Contract Tower,0,13,15,0,28,0,0,58,0,58,0,13,73,0,86,96,0,96,182
06/10/2005,DBQ,IA,ACE,CE,Federal Contract Tower,0,10,17,0,27,0,0,82,0,82,0,10,99,0,109,54,0,54,163
06/11/2005,DBQ,IA,ACE,CE,Federal Contract Tower,0,6,7,0,13,0,0,12,2,14,0,6,19,2,27,24,2,26,53
06/12/2005,DBQ,IA,ACE,CE,Federal Contract Tower,0,9,23,0,32,0,1,18,0,19,0,10,41,0,51,12,0,12,63
06/13/2005,DBQ,IA,ACE,CE,Federal Contract Tower,0,17,15,0,32,0,3,26,0,29,0,20,41,0,61,18,0,18,79
06/14/2005,DBQ,IA,ACE,CE,Federal Contract Tower,0,13,55,0,68,0,0,13,0,13,0,13,68,0,81,8,0,8,89
06/15/2005,DBQ,IA,ACE,CE,Federal Contract Tower,0,17,28,0,45,0,0,39,0,39,0,17,67,0,84,44,0,44,128
06/16/2005,DBQ,IA,ACE,CE,Federal Contract Tower,0,11,28,0,39,0,0,63,0,63,0,11,91,0,102,56,2,58,160
06/17/2005,DBQ,IA,ACE,CE,Federal Contract Tower,0,11,20,0,31,0,0,75,1,76,0,11,95,1,107,44,12,56,163
06/18/2005,DBQ,IA,ACE,CE,Federal Contract Tower,0,10,10,0,20,0,0,51,0,51,0,10,61,0,71,76,0,76,147
06/19/2005,DBQ,IA,ACE,CE,Federal Contract Tower,0,8,9,1,18,0,0,66,0,66,0,8,75,1,84,32,0,32,116
06/20/2005,DBQ,IA,ACE,CE,Federal Contract Tower,0,11,22,0,33,0,0,80,0,80,0,11,102,0,113,40,0,40,153
06/21/2005,DBQ,IA,ACE,CE,Federal Contract Tower,0,11,19,0,30,0,0,54,0,54,0,11,73,0,84,60,0,60,144
06/22/2005,DBQ,IA,ACE,CE,Federal Contract Tower,2,12,23,0,37,0,0,57,0,57,2,12,80,0,94,46,0,46,140
06/23/2005,DBQ,IA,ACE,CE,Federal Contract Tower,0,11,22,0,33,0,0,55,0,55,0,11,77,0,88,32,0,32,120
06/24/2005,DBQ,IA,ACE,CE,Federal Contract Tower,0,12,27,0,39,0,0,32,0,32,0,12,59,0,71,30,0,30,101
06/25/2005,DBQ,IA,ACE,CE,Federal Contract Tower,2,7,2,0,11,0,0,25,0,25,2,7,27,0,36,4,0,4,40
06/26/2005,DBQ,IA,ACE,CE,Federal Contract Tower,0,9,16,0,25,0,0,34,0,34,0,9,50,0,59,20,0,20,79
06/27/2005,DBQ,IA,ACE,CE,Federal Contract Tower,0,13,15,0,28,0,4,53,0,57,0,17,68,0,85,28,0,28,113
06/28/2005,DBQ,IA,ACE,CE,Federal Contract Tower,0,11,18,0,29,0,0,38,0,38,0,11,56,0,67,54,0,54,121
06/29/2005,DBQ,IA,ACE,CE,Federal Contract Tower,0,13,17,0,30,0,0,59,0,59,0,13,76,0,89,82,0,82,171
06/30/2005,DBQ,IA,ACE,CE,Federal Contract Tower,0,9,16,0,25,0,0,49,0,49,0,9,65,0,74,24,0,24,98
07/01/2005,DBQ,IA,ACE,CE,Federal Contract Tower,0,11,23,0,34,0,0,63,0,63,0,11,86,0,97,66,0,66,163
07/02/2005,DBQ,IA,ACE,CE,Federal Contract Tower,0,7,19,0,26,0,2,73,2,77,0,9,92,2,103,58,6,64,167
07/03/2005,DBQ,IA,ACE,CE,Federal Contract Tower,0,7,12,0,19,0,0,33,3,36,0,7,45,3,55,4,0,4,59
07/04/2005,DBQ,IA,ACE,CE,Federal Contract Tower,0,7,6,1,14,0,0,13,0,13,0,7,19,1,27,0,0,0,27
07/05/2005,DBQ,IA,ACE,CE,Federal Contract Tower,0,11,20,0,31,0,0,59,0,59,0,11,79,0,90,46,0,46,136
07/06/2005,DBQ,IA,ACE,CE,Federal Contract Tower,0,15,19,0,34,0,0,24,0,24,0,15,43,0,58,12,0,12,70
07/07/2005,DBQ,IA,ACE,CE,Federal Contract Tower,0,11,18,0,29,0,0,73,0,73,0,11,91,0,102,58,0,58,160
07/08/2005,DBQ,IA,ACE,CE,Federal Contract Tower,0,13,13,2,28,0,0,86,0,86,0,13,99,2,114,70,0,70,184
07/09/2005,DBQ,IA,ACE,CE,Federal Contract Tower,0,7,12,0,19,0,0,60,2,62,0,7,72,2,81,40,0,40,121
07/10/2005,DBQ,IA,ACE,CE,Federal Contract Tower,0,9,15,0,24,0,1,64,0,65,0,10,79,0,89,28,0,28,117
07/11/2005,DBQ,IA,ACE,CE,Federal Contract Tower,0,10,16,0,26,0,1,76,0,77,0,11,92,0,103,30,0,30,133
07/12/2005,DBQ,IA,ACE,CE,Federal Contract Tower,0,12,19,0,31,0,0,74,0,74,0,12,93,0,105,58,0,58,163
07/13/2005,DBQ,IA,ACE,CE,Federal Contract Tower,0,11,18,0,29,0,0,55,0,55,0,11,73,0,84,40,0,40,124
07/14/2005,DBQ,IA,ACE,CE,Federal Contract Tower,0,14,26,0,40,0,0,54,0,54,0,14,80,0,94,16,0,16,110
07/15/2005,DBQ,IA,ACE,CE,Federal Contract Tower,0,11,16,0,27,0,0,91,0,91,0,11,107,0,118,34,0,34,152
07/16/2005,DBQ,IA,ACE,CE,Federal Contract Tower,0,7,9,0,16,0,0,50,0,50,0,7,59,0,66,18,0,18,84
07/17/2005,DBQ,IA,ACE,CE,Federal Contract Tower,0,8,12,0,20,0,1,44,0,45,0,9,56,0,65,26,0,26,91
07/18/2005,DBQ,IA,ACE,CE,Federal Contract Tower,0,13,12,0,25,0,0,44,0,44,0,13,56,0,69,30,0,30,99
07/19/2005,DBQ,IA,ACE,CE,Federal Contract Tower,0,10,21,0,31,0,3,58,0,61,0,13,79,0,92,32,0,32,124
07/20/2005,DBQ,IA,ACE,CE,Federal Contract Tower,0,9,18,0,27,0,0,22,0,22,0,9,40,0,49,0,0,0,49
07/21/2005,DBQ,IA,ACE,CE,Federal Contract Tower,0,9,20,0,29,0,0,35,0,35,0,9,55,0,64,32,0,32,96
07/22/2005,DBQ,IA,ACE,CE,Federal Contract Tower,0,13,20,0,33,0,1,71,2,74,0,14,91,2,107,54,0,54,161
07/23/2005,DBQ,IA,ACE,CE,Federal Contract Tower,0,7,11,0,18,0,0,39,0,39,0,7,50,0,57,8,0,8,65
07/24/2005,DBQ,IA,ACE,CE,Federal Contract Tower,0,7,6,0,13,0,0,37,0,37,0,7,43,0,50,4,0,4,54
07/25/2005,DBQ,IA,ACE,CE,Federal Contract Tower,0,11,10,0,21,0,0,55,0,55,0,11,65,0,76,12,0,12,88
07/26/2005,DBQ,IA,ACE,CE,Federal Contract Tower,0,20,25,0,45,0,0,10,0,10,0,20,35,0,55,6,0,6,61
07/27/2005,DBQ,IA,ACE,CE,Federal Contract Tower,0,10,19,1,30,0,1,115,0,116,0,11,134,1,146,40,2,42,188
07/28/2005,DBQ,IA,ACE,CE,Federal Contract Tower,0,11,25,0,36,0,0,68,0,68,0,11,93,0,104,56,0,56,160
07/29/2005,DBQ,IA,ACE,CE,Federal Contract Tower,0,15,27,0,42,0,1,52,0,53,0,16,79,0,95,14,0,14,109
07/30/2005,DBQ,IA,ACE,CE,Federal Contract Tower,0,7,10,0,17,0,0,55,0,55,0,7,65,0,72,12,0,12,84
07/31/2005,DBQ,IA,ACE,CE,Federal Contract Tower,2,7,11,0,20,0,0,51,0,51,2,7,62,0,71,0,0,0,71
08/01/2005,DBQ,IA,ACE,CE,Federal Contract Tower,0,13,25,0,38,0,0,52,0,52,0,13,77,0,90,44,0,44,134
08/02/2005,DBQ,IA,ACE,CE,Federal Contract Tower,0,10,20,0,30,0,0,71,0,71,0,10,91,0,101,72,0,72,173
08/03/2005,DBQ,IA,ACE,CE,Federal Contract Tower,2,16,24,1,43,0,6,40,0,46,2,22,64,1,89,30,0,30,119
08/04/2005,DBQ,IA,ACE,CE,Federal Contract Tower,0,12,20,0,32,0,0,52,2,54,0,12,72,2,86,46,0,46,132
08/05/2005,DBQ,IA,ACE,CE,Federal Contract Tower,0,14,20,0,34,0,0,69,0,69,0,14,89,0,103,46,0,46,149
08/06/2005,DBQ,IA,ACE,CE,Federal Contract Tower,0,7,13,0,20,0,0,53,0,53,0,7,66,0,73,30,0,30,103
08/07/2005,DBQ,IA,ACE,CE,Federal Contract Tower,0,7,20,0,27,0,1,43,0,44,0,8,63,0,71,50,0,50,121
08/08/2005,DBQ,IA,ACE,CE,Federal Contract Tower,0,12,16,0,28,0,0,59,0,59,0,12,75,0,87,38,0,38,125
08/09/2005,DBQ,IA,ACE,CE,Federal Contract Tower,0,15,17,0,32,0,0,53,0,53,0,15,70,0,85,28,0,28,113
08/10/2005,DBQ,IA,ACE,CE,Federal Contract Tower,0,21,28,0,49,0,0,42,0,42,0,21,70,0,91,20,0,20,111
08/11/2005,DBQ,IA,ACE,CE,Federal Contract Tower,0,9,24,0,33,0,0,6,0,6,0,9,30,0,39,0,0,0,39
08/12/2005,DBQ,IA,ACE,CE,Federal Contract Tower,0,18,19,1,38,0,1,17,0,18,0,19,36,1,56,20,0,20,76
08/13/2005,DBQ,IA,ACE,CE,Federal Contract Tower,0,7,6,0,13,0,0,23,0,23,0,7,29,0,36,20,0,20,56
08/14/2005,DBQ,IA,ACE,CE,Federal Contract Tower,0,9,14,1,24,0,0,26,0,26,0,9,40,1,50,2,0,2,52
08/15/2005,DBQ,IA,ACE,CE,Federal Contract Tower,0,12,22,0,34,0,1,92,0,93,0,13,114,0,127,30,0,30,157
08/16/2005,DBQ,IA,ACE,CE,Federal Contract Tower,0,12,21,0,33,0,0,85,0,85,0,12,106,0,118,78,0,78,196
08/17/2005,DBQ,IA,ACE,CE,Federal Contract Tower,0,15,26,0,41,0,0,60,0,60,0,15,86,0,101,62,0,62,163
08/18/2005,DBQ,IA,ACE,CE,Federal Contract Tower,0,15,22,0,37,0,0,14,0,14,0,15,36,0,51,4,0,4,55
08/19/2005,DBQ,IA,ACE,CE,Federal Contract Tower,0,11,25,1,37,0,0,17,4,21,0,11,42,5,58,30,0,30,88
08/20/2005,DBQ,IA,ACE,CE,Federal Contract Tower,0,7,2,0,9,0,0,17,0,17,0,7,19,0,26,36,0,36,62
08/21/2005,DBQ,IA,ACE,CE,Federal Contract Tower,0,7,11,0,18,0,0,46,0,46,0,7,57,0,64,4,0,4,68
08/22/2005,DBQ,IA,ACE,CE,Federal Contract Tower,0,10,19,0,29,0,0,42,0,42,0,10,61,0,71,28,0,28,99
08/23/2005,DBQ,IA,ACE,CE,Federal Contract Tower,0,12,20,0,32,0,0,69,0,69,0,12,89,0,101,26,0,26,127
08/24/2005,DBQ,IA,ACE,CE,Federal Contract Tower,0,15,16,0,31,0,0,61,0,61,0,15,77,0,92,62,0,62,154
08/25/2005,DBQ,IA,ACE,CE,Federal Contract Tower,0,19,10,0,29,0,0,32,0,32,0,19,42,0,61,32,0,32,93
08/26/2005,DBQ,IA,ACE,CE,Federal Contract Tower,0,17,20,0,37,0,0,4,0,4,0,17,24,0,41,0,0,0,41
08/27/2005,DBQ,IA,ACE,CE,Federal Contract Tower,0,9,11,0,20,0,0,30,2,32,0,9,41,2,52,12,0,12,64
08/28/2005,DBQ,IA,ACE,CE,Federal Contract Tower,0,13,8,0,21,0,2,54,0,56,0,15,62,0,77,56,0,56,133
08/29/2005,DBQ,IA,ACE,CE,Federal Contract Tower,0,11,15,0,26,0,0,65,0,65,0,11,80,0,91,34,0,34,125
08/30/2005,DBQ,IA,ACE,CE,Federal Contract Tower,0,11,13,0,24,0,0,68,0,68,0,11,81,0,92,82,0,82,174
08/31/2005,DBQ,IA,ACE,CE,Federal Contract Tower,0,11,10,0,21,0,0,112,1,113,0,11,122,1,134,97,1,98,232
09/01/2005,DBQ,IA,ACE,CE,Federal Contract Tower,0,12,8,0,20,0,0,113,4,117,0,12,121,4,137,86,0,86,223
09/02/2005,DBQ,IA,ACE,CE,Federal Contract Tower,0,13,14,0,27,0,2,153,4,159,0,15,167,4,186,72,0,72,258
09/03/2005,DBQ,IA,ACE,CE,Federal Contract Tower,0,6,8,0,14,0,0,102,0,102,0,6,110,0,116,66,0,66,182
09/04/2005,DBQ,IA,ACE,CE,Federal Contract Tower,0,11,3,0,14,0,0,12,0,12,0,11,15,0,26,8,0,8,34
09/05/2005,DBQ,IA,ACE,CE,Federal Contract Tower,0,7,14,0,21,0,0,60,0,60,0,7,74,0,81,14,0,14,95
09/06/2005,DBQ,IA,ACE,CE,Federal Contract Tower,0,16,30,0,46,0,0,119,2,121,0,16,149,2,167,200,0,200,367
09/07/2005,DBQ,IA,ACE,CE,Federal Contract Tower,2,11,19,0,32,0,0,82,0,82,2,11,101,0,114,142,0,142,256
09/08/2005,DBQ,IA,ACE,CE,Federal Contract Tower,0,11,25,0,36,0,0,5,0,5,0,11,30,0,41,0,0,0,41
09/09/2005,DBQ,IA,ACE,CE,Federal Contract Tower,0,11,17,0,28,0,0,109,0,109,0,11,126,0,137,98,0,98,235
09/10/2005,DBQ,IA,ACE,CE,Federal Contract Tower,2,8,10,0,20,0,0,79,0,79,2,8,89,0,99,94,0,94,193
09/11/2005,DBQ,IA,ACE,CE,Federal Contract Tower,0,8,28,0,36,0,0,120,0,120,0,8,148,0,156,20,0,20,176
09/12/2005,DBQ,IA,ACE,CE,Federal Contract Tower,0,11,12,0,23,0,0,81,0,81,0,11,93,0,104,38,0,38,142
09/13/2005,DBQ,IA,ACE,CE,Federal Contract Tower,0,15,7,0,22,0,0,78,0,78,0,15,85,0,100,46,0,46,146
09/14/2005,DBQ,IA,ACE,CE,Federal Contract Tower,0,14,24,0,38,0,0,111,0,111,0,14,135,0,149,160,0,160,309
09/15/2005,DBQ,IA,ACE,CE,Federal Contract Tower,0,14,17,0,31,0,0,158,0,158,0,14,175,0,189,166,0,166,355
09/16/2005,DBQ,IA,ACE,CE,Federal Contract Tower,0,14,39,0,53,0,1,138,0,139,0,15,177,0,192,128,0,128,320
09/17/2005,DBQ,IA,ACE,CE,Federal Contract Tower,0,7,9,0,16,0,0,118,0,118,0,7,127,0,134,82,0,82,216
09/18/2005,DBQ,IA,ACE,CE,Federal Contract Tower,0,11,10,0,21,0,0,43,0,43,0,11,53,0,64,32,0,32,96
09/19/2005,DBQ,IA,ACE,CE,Federal Contract Tower,0,11,25,0,36,0,0,63,0,63,0,11,88,0,99,40,0,40,139
09/20/2005,DBQ,IA,ACE,CE,Federal Contract Tower,0,11,16,0,27,0,0,160,0,160,0,11,176,0,187,250,0,250,437
09/21/2005,DBQ,IA,ACE,CE,Federal Contract Tower,0,12,21,1,34,0,0,132,1,133,0,12,153,2,167,218,0,218,385
09/22/2005,DBQ,IA,ACE,CE,Federal Contract Tower,0,13,28,0,41,0,0,89,0,89,0,13,117,0,130,204,0,204,334
09/23/2005,DBQ,IA,ACE,CE,Federal Contract Tower,0,14,19,0,33,0,0,132,0,132,0,14,151,0,165,236,0,236,401
09/24/2005,DBQ,IA,ACE,CE,Federal Contract Tower,0,8,7,0,15,0,0,1,0,1,0,8,8,0,16,22,0,22,38
09/25/2005,DBQ,IA,ACE,CE,Federal Contract Tower,0,9,13,0,22,0,0,5,0,5,0,9,18,0,27,2,0,2,29
09/26/2005,DBQ,IA,ACE,CE,Federal Contract Tower,0,12,28,0,40,0,1,51,0,52,0,13,79,0,92,68,0,68,160
09/27/2005,DBQ,IA,ACE,CE,Federal Contract Tower,0,15,32,0,47,0,3,145,0,148,0,18,177,0,195,204,0,204,399
09/28/2005,DBQ,IA,ACE,CE,Federal Contract Tower,0,13,33,0,46,0,0,6,0,6,0,13,39,0,52,50,0,50,102
09/29/2005,DBQ,IA,ACE,CE,Federal Contract Tower,0,14,23,0,37,0,5,159,0,164,0,19,182,0,201,334,0,334,535
09/30/2005,DBQ,IA,ACE,CE,Federal Contract Tower,0,13,8,0,21,0,1,111,0,112,0,14,119,0,133,198,0,198,331
10/01/2005,DBQ,IA,ACE,CE,Federal Contract Tower,0,7,19,0,26,0,0,89,0,89,0,7,108,0,115,316,0,316,431
10/02/2005,DBQ,IA,ACE,CE,Federal Contract Tower,0,9,15,0,24,0,0,24,0,24,0,9,39,0,48,22,0,22,70
10/03/2005,DBQ,IA,ACE,CE,Federal Contract Tower,0,12,26,0,38,0,0,66,0,66,0,12,92,0,104,150,0,150,254
10/04/2005,DBQ,IA,ACE,CE,Federal Contract Tower,0,13,18,0,31,0,1,89,0,90,0,14,107,0,121,124,0,124,245
10/05/2005,DBQ,IA,ACE,CE,Federal Contract Tower,0,12,19,0,31,0,1,53,0,54,0,13,72,0,85,252,0,252,337
10/06/2005,DBQ,IA,ACE,CE,Federal Contract Tower,0,13,15,0,28,0,0,63,0,63,0,13,78,0,91,282,0,282,373
10/07/2005,DBQ,IA,ACE,CE,Federal Contract Tower,0,11,25,0,36,0,0,76,0,76,0,11,101,0,112,306,0,306,418
10/08/2005,DBQ,IA,ACE,CE,Federal Contract Tower,0,7,17,0,24,0,0,77,0,77,0,7,94,0,101,264,0,264,365
10/09/2005,DBQ,IA,ACE,CE,Federal Contract Tower,0,7,14,0,21,0,0,24,0,24,0,7,38,0,45,12,0,12,57
10/10/2005,DBQ,IA,ACE,CE,Federal Contract Tower,0,7,17,0,24,0,0,85,0,85,0,7,102,0,109,118,0,118,227
10/11/2005,DBQ,IA,ACE,CE,Federal Contract Tower,0,10,47,0,57,0,0,47,0,47,0,10,94,0,104,274,0,274,378
10/12/2005,DBQ,IA,ACE,CE,Federal Contract Tower,0,17,46,0,63,0,1,42,0,43,0,18,88,0,106,124,0,124,230
10/13/2005,DBQ,IA,ACE,CE,Federal Contract Tower,0,14,26,0,40,0,0,8,0,8,0,14,34,0,48,20,0,20,68
10/14/2005,DBQ,IA,ACE,CE,Federal Contract Tower,0,12,19,2,33,0,2,99,0,101,0,14,118,2,134,112,0,112,246
10/15/2005,DBQ,IA,ACE,CE,Federal Contract Tower,0,7,13,0,20,0,0,125,0,125,0,7,138,0,145,194,0,194,339
10/16/2005,DBQ,IA,ACE,CE,Federal Contract Tower,0,7,18,2,27,0,0,70,0,70,0,7,88,2,97,18,0,18,115
10/17/2005,DBQ,IA,ACE,CE,Federal Contract Tower,0,14,13,0,27,0,0,115,0,115,0,14,128,0,142,266,0,266,408
10/18/2005,DBQ,IA,ACE,CE,Federal Contract Tower,0,12,21,0,33,0,0,173,0,173,0,12,194,0,206,260,0,260,466
10/19/2005,DBQ,IA,ACE,CE,Federal Contract Tower,0,11,14,0,25,0,0,116,0,116,0,11,130,0,141,266,0,266,407
10/20/2005,DBQ,IA,ACE,CE,Federal Contract Tower,0,13,24,0,37,0,0,82,0,82,0,13,106,0,119,340,0,340,459
10/21/2005,DBQ,IA,ACE,CE,Federal Contract Tower,0,13,9,0,22,0,0,39,0,39,0,13,48,0,61,2,0,2,63
10/22/2005,DBQ,IA,ACE,CE,Federal Contract Tower,0,7,10,0,17,0,0,144,0,144,0,7,154,0,161,188,0,188,349
10/23/2005,DBQ,IA,ACE,CE,Federal Contract Tower,0,8,15,0,23,0,0,6,0,6,0,8,21,0,29,6,0,6,35
10/24/2005,DBQ,IA,ACE,CE,Federal Contract Tower,0,15,21,0,36,0,0,99,0,99,0,15,120,0,135,214,0,214,349
10/25/2005,DBQ,IA,ACE,CE,Federal Contract Tower,2,12,14,0,28,0,0,111,0,111,2,12,125,0,139,222,0,222,361
10/26/2005,DBQ,IA,ACE,CE,Federal Contract Tower,0,17,22,2,41,0,1,109,0,110,0,18,131,2,151,316,0,316,467
10/27/2005,DBQ,IA,ACE,CE,Federal Contract Tower,0,10,22,0,32,0,1,135,0,136,0,11,157,0,168,152,0,152,320
10/28/2005,DBQ,IA,ACE,CE,Federal Contract Tower,2,16,11,0,29,0,1,106,0,107,2,17,117,0,136,114,0,114,250
10/29/2005,DBQ,IA,ACE,CE,Federal Contract Tower,0,7,11,0,18,0,0,73,0,73,0,7,84,0,91,162,0,162,253
10/30/2005,DBQ,IA,ACE,CE,Federal Contract Tower,0,7,15,0,22,0,0,5,0,5,0,7,20,0,27,0,0,0,27
10/31/2005,DBQ,IA,ACE,CE,Federal Contract Tower,0,11,13,0,24,0,0,54,0,54,0,11,67,0,78,156,0,156,234
11/01/2005,DBQ,IA,ACE,CE,Federal Contract Tower,0,11,16,0,27,0,0,135,0,135,0,11,151,0,162,192,0,192,354
11/02/2005,DBQ,IA,ACE,CE,Federal Contract Tower,0,11,18,0,29,0,0,81,0,81,0,11,99,0,110,142,0,142,252
11/03/2005,DBQ,IA,ACE,CE,Federal Contract Tower,0,11,25,0,36,0,2,99,0,101,0,13,124,0,137,176,0,176,313
11/04/2005,DBQ,IA,ACE,CE,Federal Contract Tower,0,16,19,0,35,0,1,141,0,142,0,17,160,0,177,170,0,170,347
11/05/2005,DBQ,IA,ACE,CE,Federal Contract Tower,0,7,15,0,22,0,0,25,0,25,0,7,40,0,47,88,0,88,135
11/06/2005,DBQ,IA,ACE,CE,Federal Contract Tower,0,7,7,0,14,0,2,15,0,17,0,9,22,0,31,64,0,64,95
11/07/2005,DBQ,IA,ACE,CE,Federal Contract Tower,0,13,16,2,31,0,1,113,0,114,0,14,129,2,145,154,0,154,299
11/08/2005,DBQ,IA,ACE,CE,Federal Contract Tower,0,11,32,0,43,0,0,100,0,100,0,11,132,0,143,202,0,202,345
11/09/2005,DBQ,IA,ACE,CE,Federal Contract Tower,0,13,14,0,27,0,2,16,0,18,0,15,30,0,45,34,0,34,79
11/10/2005,DBQ,IA,ACE,CE,Federal Contract Tower,0,11,24,0,35,0,0,114,0,114,0,11,138,0,149,308,0,308,457
11/11/2005,DBQ,IA,ACE,CE,Federal Contract Tower,0,9,19,0,28,0,0,147,0,147,0,9,166,0,175,178,0,178,353
11/12/2005,DBQ,IA,ACE,CE,Federal Contract Tower,0,11,5,0,16,0,1,41,0,42,0,12,46,0,58,96,0,96,154
11/13/2005,DBQ,IA,ACE,CE,Federal Contract Tower,0,7,7,0,14,0,0,9,0,9,0,7,16,0,23,0,0,0,23
11/14/2005,DBQ,IA,ACE,CE,Federal Contract Tower,0,14,17,0,31,0,0,71,0,71,0,14,88,0,102,100,0,100,202
11/15/2005,DBQ,IA,ACE,CE,Federal Contract Tower,0,13,4,0,17,0,0,0,0,0,0,13,4,0,17,0,0,0,17
11/16/2005,DBQ,IA,ACE,CE,Federal Contract Tower,0,11,18,0,29,0,0,0,0,0,0,11,18,0,29,0,0,0,29
11/17/2005,DBQ,IA,ACE,CE,Federal Contract Tower,0,12,22,0,34,0,0,103,0,103,0,12,125,0,137,188,0,188,325
11/18/2005,DBQ,IA,ACE,CE,Federal Contract Tower,0,11,27,0,38,0,0,120,0,120,0,11,147,0,158,162,0,162,320
11/19/2005,DBQ,IA,ACE,CE,Federal Contract Tower,0,7,5,0,12,0,0,70,0,70,0,7,75,0,82,126,0,126,208
11/20/2005,DBQ,IA,ACE,CE,Federal Contract Tower,0,9,21,0,30,0,0,35,0,35,0,9,56,0,65,88,0,88,153
11/21/2005,DBQ,IA,ACE,CE,Federal Contract Tower,0,11,30,0,41,0,0,125,0,125,0,11,155,0,166,116,0,116,282
11/22/2005,DBQ,IA,ACE,CE,Federal Contract Tower,0,13,26,0,39,0,0,94,0,94,0,13,120,0,133,140,0,140,273
11/23/2005,DBQ,IA,ACE,CE,Federal Contract Tower,0,10,10,0,20,0,0,23,0,23,0,10,33,0,43,52,0,52,95
11/24/2005,DBQ,IA,ACE,CE,Federal Contract Tower,0,4,2,0,6,0,0,0,0,0,0,4,2,0,6,0,0,0,6
11/25/2005,DBQ,IA,ACE,CE,Federal Contract Tower,0,9,4,0,13,0,0,0,0,0,0,9,4,0,13,10,0,10,23
11/26/2005,DBQ,IA,ACE,CE,Federal Contract Tower,0,6,12,0,18,0,0,25,0,25,0,6,37,0,43,20,0,20,63
11/27/2005,DBQ,IA,ACE,CE,Federal Contract Tower,0,3,13,0,16,0,0,0,0,0,0,3,13,0,16,0,0,0,16
11/28/2005,DBQ,IA,ACE,CE,Federal Contract Tower,0,10,16,0,26,0,0,12,0,12,0,10,28,0,38,18,0,18,56
11/29/2005,DBQ,IA,ACE,CE,Federal Contract Tower,0,11,12,0,23,0,0,1,0,1,0,11,13,0,24,2,0,2,26
11/30/2005,DBQ,IA,ACE,CE,Federal Contract Tower,0,11,27,0,38,0,0,83,0,83,0,11,110,0,121,220,2,222,343
12/01/2005,DBQ,IA,ACE,CE,Federal Contract Tower,0,13,18,0,31,0,0,24,0,24,0,13,42,0,55,18,0,18,73
12/02/2005,DBQ,IA,ACE,CE,Federal Contract Tower,0,13,10,0,23,0,1,80,0,81,0,14,90,0,104,156,0,156,260
12/03/2005,DBQ,IA,ACE,CE,Federal Contract Tower,0,7,1,0,8,0,0,18,0,18,0,7,19,0,26,72,0,72,98
12/04/2005,DBQ,IA,ACE,CE,Federal Contract Tower,0,5,6,0,11,0,0,36,0,36,0,5,42,0,47,38,0,38,85
12/05/2005,DBQ,IA,ACE,CE,Federal Contract Tower,0,10,12,0,22,0,1,61,0,62,0,11,73,0,84,36,0,36,120
12/06/2005,DBQ,IA,ACE,CE,Federal Contract Tower,0,12,12,0,24,0,0,49,0,49,0,12,61,0,73,72,0,72,145
12/07/2005,DBQ,IA,ACE,CE,Federal Contract Tower,0,9,13,2,24,0,0,54,0,54,0,9,67,2,78,132,2,134,212
12/08/2005,DBQ,IA,ACE,CE,Federal Contract Tower,0,9,15,0,24,0,0,0,0,0,0,9,15,0,24,0,0,0,24
12/09/2005,DBQ,IA,ACE,CE,Federal Contract Tower,0,9,27,0,36,0,0,71,0,71,0,9,98,0,107,56,0,56,163
12/10/2005,DBQ,IA,ACE,CE,Federal Contract Tower,0,7,7,0,14,0,0,5,0,5,0,7,12,0,19,16,0,16,35
12/11/2005,DBQ,IA,ACE,CE,Federal Contract Tower,0,7,6,0,13,0,0,7,0,7,0,7,13,0,20,18,0,18,38
12/12/2005,DBQ,IA,ACE,CE,Federal Contract Tower,0,11,7,0,18,0,0,22,0,22,0,11,29,0,40,42,0,42,82
12/13/2005,DBQ,IA,ACE,CE,Federal Contract Tower,0,11,15,0,26,0,0,13,0,13,0,11,28,0,39,62,0,62,101
12/14/2005,DBQ,IA,ACE,CE,Federal Contract Tower,0,7,7,0,14,0,0,0,0,0,0,7,7,0,14,0,0,0,14
12/15/2005,DBQ,IA,ACE,CE,Federal Contract Tower,0,11,11,0,22,0,0,1,0,1,0,11,12,0,23,0,0,0,23
12/16/2005,DBQ,IA,ACE,CE,Federal Contract Tower,0,10,18,0,28,0,0,5,0,5,0,10,23,0,33,0,0,0,33
12/17/2005,DBQ,IA,ACE,CE,Federal Contract Tower,0,8,8,0,16,0,0,38,0,38,0,8,46,0,54,46,0,46,100
12/18/2005,DBQ,IA,ACE,CE,Federal Contract Tower,0,8,3,0,11,0,0,20,0,20,0,8,23,0,31,10,0,10,41
12/19/2005,DBQ,IA,ACE,CE,Federal Contract Tower,0,11,17,0,28,0,0,50,0,50,0,11,67,0,78,18,0,18,96
12/20/2005,DBQ,IA,ACE,CE,Federal Contract Tower,0,13,24,0,37,0,2,53,0,55,0,15,77,0,92,114,0,114,206
12/21/2005,DBQ,IA,ACE,CE,Federal Contract Tower,0,14,35,0,49,0,1,54,0,55,0,15,89,0,104,69,0,69,173
12/22/2005,DBQ,IA,ACE,CE,Federal Contract Tower,0,16,14,0,30,0,2,45,0,47,0,18,59,0,77,70,0,70,147
12/23/2005,DBQ,IA,ACE,CE,Federal Contract Tower,0,13,12,0,25,0,0,34,0,34,0,13,46,0,59,14,0,14,73
12/24/2005,DBQ,IA,ACE,CE,Federal Contract Tower,0,7,1,0,8,0,0,1,0,1,0,7,2,0,9,12,0,12,21
12/25/2005,DBQ,IA,ACE,CE,Federal Contract Tower,0,5,2,0,7,0,0,2,0,2,0,5,4,0,9,0,0,0,9
12/26/2005,DBQ,IA,ACE,CE,Federal Contract Tower,0,12,6,0,18,0,0,0,0,0,0,12,6,0,18,0,0,0,18
12/27/2005,DBQ,IA,ACE,CE,Federal Contract Tower,0,0,3,0,3,0,0,0,0,0,0,0,3,0,3,0,0,0,3
12/28/2005,DBQ,IA,ACE,CE,Federal Contract Tower,0,15,2,0,17,0,0,0,0,0,0,15,2,0,17,0,0,0,17
12/29/2005,DBQ,IA,ACE,CE,Federal Contract Tower,0,11,17,0,28,0,0,6,0,6,0,11,23,0,34,1,0,1,35
12/30/2005,DBQ,IA,ACE,CE,Federal Contract Tower,0,6,2,0,8,0,0,0,0,0,0,6,2,0,8,0,0,0,8
12/31/2005,DBQ,IA,ACE,CE,Federal Contract Tower,0,6,6,0,12,0,0,3,0,3,0,6,9,0,15,0,0,0,15
01/01/2006,DBQ,IA,ACE,CE,Federal Contract Tower,0,8,11,0,19,0,0,18,0,18,0,8,29,0,37,60,0,60,97
01/02/2006,DBQ,IA,ACE,CE,Federal Contract Tower,0,5,1,0,6,0,0,0,0,0,0,5,1,0,6,0,0,0,6
01/03/2006,DBQ,IA,ACE,CE,Federal Contract Tower,0,7,12,0,19,0,0,0,0,0,0,7,12,0,19,0,0,0,19
01/04/2006,DBQ,IA,ACE,CE,Federal Contract Tower,0,10,11,0,21,0,0,0,0,0,0,10,11,0,21,0,0,0,21
01/05/2006,DBQ,IA,ACE,CE,Federal Contract Tower,0,12,19,0,31,0,0,14,0,14,0,12,33,0,45,16,0,16,61
01/06/2006,DBQ,IA,ACE,CE,Federal Contract Tower,0,11,12,0,23,0,0,4,0,4,0,11,16,0,27,20,0,20,47
01/07/2006,DBQ,IA,ACE,CE,Federal Contract Tower,0,5,8,0,13,0,0,54,0,54,0,5,62,0,67,70,0,70,137
01/08/2006,DBQ,IA,ACE,CE,Federal Contract Tower,0,7,11,1,19,0,0,2,1,3,0,7,13,2,22,2,0,2,24
01/09/2006,DBQ,IA,ACE,CE,Federal Contract Tower,0,11,5,0,16,0,0,35,0,35,0,11,40,0,51,104,0,104,155
01/10/2006,DBQ,IA,ACE,CE,Federal Contract Tower,0,10,18,0,28,0,0,62,0,62,0,10,80,0,90,106,0,106,196
01/11/2006,DBQ,IA,ACE,CE,Federal Contract Tower,0,14,14,0,28,0,0,1,0,1,0,14,15,0,29,34,0,34,63
01/12/2006,DBQ,IA,ACE,CE,Federal Contract Tower,0,8,17,0,25,0,2,82,2,86,0,10,99,2,111,100,0,100,211
01/13/2006,DBQ,IA,ACE,CE,Federal Contract Tower,0,15,11,0,26,0,2,7,0,9,0,17,18,0,35,0,0,0,35
01/14/2006,DBQ,IA,ACE,CE,Federal Contract Tower,0,6,7,0,13,0,0,40,0,40,0,6,47,0,53,32,0,32,85
01/15/2006,DBQ,IA,ACE,CE,Federal Contract Tower,0,7,9,0,16,0,0,28,0,28,0,7,37,0,44,16,0,16,60
01/16/2006,DBQ,IA,ACE,CE,Federal Contract Tower,0,14,16,0,30,0,2,27,0,29,0,16,43,0,59,14,0,14,73
01/17/2006,DBQ,IA,ACE,CE,Federal Contract Tower,0,14,15,0,29,0,0,61,0,61,0,14,76,0,90,162,0,162,252
01/18/2006,DBQ,IA,ACE,CE,Federal Contract Tower,0,10,16,0,26,0,5,80,0,85,0,15,96,0,111,178,0,178,289
01/19/2006,DBQ,IA,ACE,CE,Federal Contract Tower,0,13,31,0,44,0,1,146,0,147,0,14,177,0,191,228,0,228,419
01/20/2006,DBQ,IA,ACE,CE,Federal Contract Tower,0,11,12,0,23,0,0,0,0,0,0,11,12,0,23,0,0,0,23
01/21/2006,DBQ,IA,ACE,CE,Federal Contract Tower,2,3,9,0,14,0,0,3,0,3,2,3,12,0,17,0,0,0,17
01/22/2006,DBQ,IA,ACE,CE,Federal Contract Tower,0,5,5,0,10,0,0,0,0,0,0,5,5,0,10,0,0,0,10
01/23/2006,DBQ,IA,ACE,CE,Federal Contract Tower,0,11,16,0,27,0,0,65,0,65,0,11,81,0,92,62,0,62,154
01/24/2006,DBQ,IA,ACE,CE,Federal Contract Tower,0,11,12,0,23,0,0,5,0,5,0,11,17,0,28,10,0,10,38
01/25/2006,DBQ,IA,ACE,CE,Federal Contract Tower,0,17,16,2,35,0,1,146,0,147,0,18,162,2,182,150,0,150,332
01/26/2006,DBQ,IA,ACE,CE,Federal Contract Tower,2,14,22,2,40,0,1,134,0,135,2,15,156,2,175,152,0,152,327
01/27/2006,DBQ,IA,ACE,CE,Federal Contract Tower,0,13,15,0,28,0,2,105,0,107,0,15,120,0,135,92,0,92,227
01/28/2006,DBQ,IA,ACE,CE,Federal Contract Tower,0,7,5,0,12,0,0,5,0,5,0,7,10,0,17,8,0,8,25
01/29/2006,DBQ,IA,ACE,CE,Federal Contract Tower,0,7,7,0,14,0,0,0,0,0,0,7,7,0,14,0,0,0,14
01/30/2006,DBQ,IA,ACE,CE,Federal Contract Tower,0,12,18,0,30,0,1,27,0,28,0,13,45,0,58,80,0,80,138
01/31/2006,DBQ,IA,ACE,CE,Federal Contract Tower,0,10,24,0,34,0,0,73,0,73,0,10,97,0,107,194,0,194,301
02/01/2006,DBQ,IA,ACE,CE,Federal Contract Tower,0,15,15,0,30,0,1,7,0,8,0,16,22,0,38,64,0,64,102
02/02/2006,DBQ,IA,ACE,CE,Federal Contract Tower,0,12,27,0,39,0,0,157,0,157,0,12,184,0,196,204,0,204,400
02/03/2006,DBQ,IA,ACE,CE,Federal Contract Tower,0,10,10,0,20,0,0,14,0,14,0,10,24,0,34,24,0,24,58
02/04/2006,DBQ,IA,ACE,CE,Federal Contract Tower,0,5,6,0,11,0,0,22,0,22,0,5,28,0,33,80,0,80,113
02/05/2006,DBQ,IA,ACE,CE,Federal Contract Tower,0,7,10,0,17,0,0,46,0,46,0,7,56,0,63,12,0,12,75
02/06/2006,DBQ,IA,ACE,CE,Federal Contract Tower,0,12,20,0,32,0,0,147,0,147,0,12,167,0,179,144,0,144,323
02/07/2006,DBQ,IA,ACE,CE,Federal Contract Tower,0,14,20,0,34,0,0,125,0,125,0,14,145,0,159,272,0,272,431
02/08/2006,DBQ,IA,ACE,CE,Federal Contract Tower,0,14,24,2,40,0,1,121,0,122,0,15,145,2,162,110,0,110,272
02/09/2006,DBQ,IA,ACE,CE,Federal Contract Tower,0,13,17,0,30,0,1,101,0,102,0,14,118,0,132,112,0,112,244
02/10/2006,DBQ,IA,ACE,CE,Federal Contract Tower,0,14,21,0,35,0,1,53,0,54,0,15,74,0,89,66,0,66,155
02/11/2006,DBQ,IA,ACE,CE,Federal Contract Tower,0,5,5,0,10,0,0,22,0,22,0,5,27,0,32,50,0,50,82
02/12/2006,DBQ,IA,ACE,CE,Federal Contract Tower,0,8,5,0,13,0,1,13,0,14,0,9,18,0,27,0,0,0,27
02/13/2006,DBQ,IA,ACE,CE,Federal Contract Tower,0,11,15,0,26,0,0,32,0,32,0,11,47,0,58,28,0,28,86
02/14/2006,DBQ,IA,ACE,CE,Federal Contract Tower,0,11,13,0,24,0,0,93,0,93,0,11,106,0,117,186,0,186,303
02/15/2006,DBQ,IA,ACE,CE,Federal Contract Tower,0,13,32,0,45,0,2,60,0,62,0,15,92,0,107,58,0,58,165
02/16/2006,DBQ,IA,ACE,CE,Federal Contract Tower,0,8,3,0,11,0,0,0,0,0,0,8,3,0,11,0,0,0,11
02/17/2006,DBQ,IA,ACE,CE,Federal Contract Tower,0,11,12,0,23,0,0,51,0,51,0,11,63,0,74,60,0,60,134
02/18/2006,DBQ,IA,ACE,CE,Federal Contract Tower,0,7,7,0,14,0,0,17,0,17,0,7,24,0,31,8,0,8,39
02/19/2006,DBQ,IA,ACE,CE,Federal Contract Tower,0,7,8,0,15,0,0,17,0,17,0,7,25,0,32,4,0,4,36
02/20/2006,DBQ,IA,ACE,CE,Federal Contract Tower,0,7,21,0,28,0,0,71,0,71,0,7,92,0,99,76,0,76,175
02/21/2006,DBQ,IA,ACE,CE,Federal Contract Tower,0,13,19,0,32,0,0,88,2,90,0,13,107,2,122,206,0,206,328
02/22/2006,DBQ,IA,ACE,CE,Federal Contract Tower,0,14,20,0,34,0,0,104,0,104,0,14,124,0,138,96,0,96,234
02/23/2006,DBQ,IA,ACE,CE,Federal Contract Tower,0,11,24,0,35,0,0,109,0,109,0,11,133,0,144,204,0,204,348
02/24/2006,DBQ,IA,ACE,CE,Federal Contract Tower,0,13,11,0,24,0,1,25,0,26,0,14,36,0,50,30,0,30,80
02/25/2006,DBQ,IA,ACE,CE,Federal Contract Tower,0,9,11,0,20,0,0,63,0,63,0,9,74,0,83,30,0,30,113
02/26/2006,DBQ,IA,ACE,CE,Federal Contract Tower,0,9,8,0,17,0,0,33,0,33,0,9,41,0,50,26,0,26,76
02/27/2006,DBQ,IA,ACE,CE,Federal Contract Tower,0,13,14,0,27,0,0,62,0,62,0,13,76,0,89,54,0,54,143
02/28/2006,DBQ,IA,ACE,CE,Federal Contract Tower,0,17,18,0,35,0,0,72,0,72,0,17,90,0,107,90,0,90,197
03/01/2006,DBQ,IA,ACE,CE,Federal Contract Tower,0,13,14,0,27,0,0,28,0,28,0,13,42,0,55,66,0,66,121
03/02/2006,DBQ,IA,ACE,CE,Federal Contract Tower,0,10,11,0,21,0,0,13,0,13,0,10,24,0,34,48,0,48,82
03/03/2006,DBQ,IA,ACE,CE,Federal Contract Tower,0,11,21,0,32,0,0,48,0,48,0,11,69,0,80,46,0,46,126
03/04/2006,DBQ,IA,ACE,CE,Federal Contract Tower,0,5,16,0,21,0,0,27,0,27,0,5,43,0,48,18,0,18,66
03/05/2006,DBQ,IA,ACE,CE,Federal Contract Tower,0,4,4,0,8,0,0,0,0,0,0,4,4,0,8,0,0,0,8
03/06/2006,DBQ,IA,ACE,CE,Federal Contract Tower,0,11,20,0,31,0,0,15,0,15,0,11,35,0,46,8,0,8,54
03/07/2006,DBQ,IA,ACE,CE,Federal Contract Tower,0,11,18,0,29,0,0,13,0,13,0,11,31,0,42,58,0,58,100
03/08/2006,DBQ,IA,ACE,CE,Federal Contract Tower,0,12,27,0,39,0,0,32,0,32,0,12,59,0,71,70,0,70,141
03/09/2006,DBQ,IA,ACE,CE,Federal Contract Tower,0,7,10,0,17,0,0,0,0,0,0,7,10,0,17,0,0,0,17
03/10/2006,DBQ,IA,ACE,CE,Federal Contract Tower,0,12,24,0,36,0,1,152,0,153,0,13,176,0,189,120,0,120,309
03/11/2006,DBQ,IA,ACE,CE,Federal Contract Tower,0,8,11,0,19,0,1,47,0,48,0,9,58,0,67,54,0,54,121
03/12/2006,DBQ,IA,ACE,CE,Federal Contract Tower,0,7,12,0,19,0,0,14,0,14,0,7,26,0,33,24,0,24,57
03/13/2006,DBQ,IA,ACE,CE,Federal Contract Tower,0,12,13,2,27,0,1,1,0,2,0,13,14,2,29,0,0,0,29
03/14/2006,DBQ,IA,ACE,CE,Federal Contract Tower,0,17,7,0,24,0,0,73,0,73,0,17,80,0,97,59,0,59,156
03/15/2006,DBQ,IA,ACE,CE,Federal Contract Tower,0,13,26,0,39,0,0,151,0,151,0,13,177,0,190,206,0,206,396
03/16/2006,DBQ,IA,ACE,CE,Federal Contract Tower,0,15,7,0,22,0,0,0,0,0,0,15,7,0,22,0,0,0,22
03/17/2006,DBQ,IA,ACE,CE,Federal Contract Tower,0,14,13,0,27,0,0,166,0,166,0,14,179,0,193,164,0,164,357
03/18/2006,DBQ,IA,ACE,CE,Federal Contract Tower,0,5,18,0,23,0,0,127,0,127,0,5,145,0,150,116,0,116,266
03/19/2006,DBQ,IA,ACE,CE,Federal Contract Tower,0,10,9,0,19,0,2,60,0,62,0,12,69,0,81,48,0,48,129
03/20/2006,DBQ,IA,ACE,CE,Federal Contract Tower,0,16,13,0,29,0,1,30,0,31,0,17,43,0,60,2,0,2,62
03/21/2006,DBQ,IA,ACE,CE,Federal Contract Tower,0,12,16,0,28,0,0,41,0,41,0,12,57,0,69,76,0,76,145
03/22/2006,DBQ,IA,ACE,CE,Federal Contract Tower,0,11,17,0,28,0,4,105,0,109,0,15,122,0,137,206,0,206,343
03/23/2006,DBQ,IA,ACE,CE,Federal Contract Tower,0,15,11,0,26,0,0,102,0,102,0,15,113,0,128,176,0,176,304
03/24/2006,DBQ,IA,ACE,CE,Federal Contract Tower,0,13,7,0,20,0,0,33,0,33,0,13,40,0,53,90,0,90,143
03/25/2006,DBQ,IA,ACE,CE,Federal Contract Tower,0,5,25,0,30,0,0,75,0,75,0,5,100,0,105,170,0,170,275
03/26/2006,DBQ,IA,ACE,CE,Federal Contract Tower,0,7,19,0,26,0,0,64,0,64,0,7,83,0,90,36,0,36,126
03/27/2006,DBQ,IA,ACE,CE,Federal Contract Tower,0,10,16,0,26,0,1,25,0,26,0,11,41,0,52,6,0,6,58
03/28/2006,DBQ,IA,ACE,CE,Federal Contract Tower,0,11,28,0,39,0,0,13,0,13,0,11,41,0,52,56,0,56,108
03/29/2006,DBQ,IA,ACE,CE,Federal Contract Tower,0,18,29,0,47,0,4,40,0,44,0,22,69,0,91,136,0,136,227
03/30/2006,DBQ,IA,ACE,CE,Federal Contract Tower,0,19,16,0,35,0,0,34,0,34,0,19,50,0,69,54,0,54,123
03/31/2006,DBQ,IA,ACE,CE,Federal Contract Tower,0,13,6,0,19,0,1,2,0,3,0,14,8,0,22,0,0,0,22
04/01/2006,DBQ,IA,ACE,CE,Federal Contract Tower,0,6,26,0,32,0,0,38,0,38,0,6,64,0,70,146,0,146,216
04/02/2006,DBQ,IA,ACE,CE,Federal Contract Tower,0,3,0,0,3,0,0,0,0,0,0,3,0,0,3,0,0,0,3
04/03/2006,DBQ,IA,ACE,CE,Federal Contract Tower,0,13,13,0,26,0,1,10,0,11,0,14,23,0,37,8,0,8,45
04/04/2006,DBQ,IA,ACE,CE,Federal Contract Tower,0,15,19,0,34,0,0,178,0,178,0,15,197,0,212,218,0,218,430
04/05/2006,DBQ,IA,ACE,CE,Federal Contract Tower,0,18,17,0,35,0,3,125,0,128,0,21,142,0,163,164,0,164,327
04/06/2006,DBQ,IA,ACE,CE,Federal Contract Tower,0,13,26,0,39,0,0,1,0,1,0,13,27,0,40,4,0,4,44
04/07/2006,DBQ,IA,ACE,CE,Federal Contract Tower,0,19,13,0,32,0,2,4,0,6,0,21,17,0,38,8,0,8,46
04/08/2006,DBQ,IA,ACE,CE,Federal Contract Tower,0,6,19,0,25,0,0,128,0,128,0,6,147,0,153,122,0,122,275
04/09/2006,DBQ,IA,ACE,CE,Federal Contract Tower,0,11,12,0,23,0,1,131,0,132,0,12,143,0,155,66,0,66,221
04/10/2006,DBQ,IA,ACE,CE,Federal Contract Tower,0,11,13,0,24,0,0,123,0,123,0,11,136,0,147,96,0,96,243
04/11/2006,DBQ,IA,ACE,CE,Federal Contract Tower,0,12,18,0,30,0,0,104,0,104,0,12,122,0,134,146,0,146,280
04/12/2006,DBQ,IA,ACE,CE,Federal Contract Tower,0,14,23,2,39,0,0,85,2,87,0,14,108,4,126,54,0,54,180
04/13/2006,DBQ,IA,ACE,CE,Federal Contract Tower,0,16,22,2,40,0,0,70,0,70,0,16,92,2,110,50,0,50,160
04/14/2006,DBQ,IA,ACE,CE,Federal Contract Tower,0,10,18,0,28,0,0,42,0,42,0,10,60,0,70,36,0,36,106
04/15/2006,DBQ,IA,ACE,CE,Federal Contract Tower,0,5,5,0,10,0,0,41,0,41,0,5,46,0,51,14,0,14,65
04/16/2006,DBQ,IA,ACE,CE,Federal Contract Tower,0,5,1,0,6,0,0,5,0,5,0,5,6,0,11,0,0,0,11
04/17/2006,DBQ,IA,ACE,CE,Federal Contract Tower,0,15,27,0,42,0,3,61,0,64,0,18,88,0,106,19,0,19,125
04/18/2006,DBQ,IA,ACE,CE,Federal Contract Tower,0,11,11,0,22,0,0,119,0,119,0,11,130,0,141,92,0,92,233
04/19/2006,DBQ,IA,ACE,CE,Federal Contract Tower,0,14,13,0,27,0,2,119,0,121,0,16,132,0,148,146,0,146,294
04/20/2006,DBQ,IA,ACE,CE,Federal Contract Tower,0,15,22,0,37,0,1,114,0,115,0,16,136,0,152,94,0,94,246
04/21/2006,DBQ,IA,ACE,CE,Federal Contract Tower,0,17,20,0,37,0,0,78,0,78,0,17,98,0,115,50,0,50,165
04/22/2006,DBQ,IA,ACE,CE,Federal Contract Tower,0,5,17,0,22,0,0,71,0,71,0,5,88,0,93,58,0,58,151
04/23/2006,DBQ,IA,ACE,CE,Federal Contract Tower,0,9,10,0,19,0,0,54,0,54,0,9,64,0,73,16,0,16,89
04/24/2006,DBQ,IA,ACE,CE,Federal Contract Tower,0,13,16,4,33,0,0,99,0,99,0,13,115,4,132,82,0,82,214
04/25/2006,DBQ,IA,ACE,CE,Federal Contract Tower,0,12,21,0,33,0,0,39,0,39,0,12,60,0,72,34,0,34,106
04/26/2006,DBQ,IA,ACE,CE,Federal Contract Tower,0,15,24,2,41,0,2,120,0,122,0,17,144,2,163,132,0,132,295
04/27/2006,DBQ,IA,ACE,CE,Federal Contract Tower,0,11,18,0,29,0,1,140,0,141,0,12,158,0,170,116,0,116,286
04/28/2006,DBQ,IA,ACE,CE,Federal Contract Tower,0,14,22,0,36,0,0,62,0,62,0,14,84,0,98,34,0,34,132
04/29/2006,DBQ,IA,ACE,CE,Federal Contract Tower,0,5,11,0,16,0,0,10,0,10,0,5,21,0,26,18,0,18,44
04/30/2006,DBQ,IA,ACE,CE,Federal Contract Tower,0,7,9,0,16,0,0,0,0,0,0,7,9,0,16,0,0,0,16
05/01/2006,DBQ,IA,ACE,CE,Federal Contract Tower,0,16,22,2,40,0,1,25,0,26,0,17,47,2,66,22,0,22,88
05/02/2006,DBQ,IA,ACE,CE,Federal Contract Tower,0,11,17,0,28,0,0,95,0,95,0,11,112,0,123,156,0,156,279
05/03/2006,DBQ,IA,ACE,CE,Federal Contract Tower,0,14,21,0,35,0,0,32,0,32,0,14,53,0,67,20,0,20,87
05/04/2006,DBQ,IA,ACE,CE,Federal Contract Tower,0,15,33,0,48,0,0,124,0,124,0,15,157,0,172,128,0,128,300
05/05/2006,DBQ,IA,ACE,CE,Federal Contract Tower,0,11,33,0,44,0,0,66,0,66,0,11,99,0,110,106,0,106,216
05/06/2006,DBQ,IA,ACE,CE,Federal Contract Tower,0,6,5,0,11,0,0,57,0,57,0,6,62,0,68,4,0,4,72
05/07/2006,DBQ,IA,ACE,CE,Federal Contract Tower,0,9,4,0,13,0,0,43,1,44,0,9,47,1,57,10,0,10,67
05/08/2006,DBQ,IA,ACE,CE,Federal Contract Tower,0,11,17,2,30,0,0,57,0,57,0,11,74,2,87,32,0,32,119
05/09/2006,DBQ,IA,ACE,CE,Federal Contract Tower,0,12,22,2,36,0,0,0,0,0,0,12,22,2,36,0,0,0,36
05/10/2006,DBQ,IA,ACE,CE,Federal Contract Tower,0,12,28,0,40,0,0,78,0,78,0,12,106,0,118,60,0,60,178
05/11/2006,DBQ,IA,ACE,CE,Federal Contract Tower,0,14,14,0,28,0,2,16,0,18,0,16,30,0,46,16,0,16,62
05/12/2006,DBQ,IA,ACE,CE,Federal Contract Tower,0,18,16,0,34,0,2,3,0,5,0,20,19,0,39,30,0,30,69
05/13/2006,DBQ,IA,ACE,CE,Federal Contract Tower,0,7,9,0,16,0,0,0,0,0,0,7,9,0,16,0,0,0,16
05/14/2006,DBQ,IA,ACE,CE,Federal Contract Tower,0,7,11,0,18,0,0,1,0,1,0,7,12,0,19,0,0,0,19
05/15/2006,DBQ,IA,ACE,CE,Federal Contract Tower,0,13,15,0,28,0,1,30,0,31,0,14,45,0,59,12,0,12,71
05/16/2006,DBQ,IA,ACE,CE,Federal Contract Tower,0,13,21,0,34,0,0,40,0,40,0,13,61,0,74,62,0,62,136
05/17/2006,DBQ,IA,ACE,CE,Federal Contract Tower,0,11,12,0,23,0,0,65,0,65,0,11,77,0,88,66,0,66,154
05/18/2006,DBQ,IA,ACE,CE,Federal Contract Tower,0,15,14,0,29,0,0,42,0,42,0,15,56,0,71,28,0,28,99
05/19/2006,DBQ,IA,ACE,CE,Federal Contract Tower,0,18,23,0,41,0,1,88,0,89,0,19,111,0,130,80,0,80,210
05/20/2006,DBQ,IA,ACE,CE,Federal Contract Tower,0,5,8,0,13,0,0,64,0,64,0,5,72,0,77,6,0,6,83
05/21/2006,DBQ,IA,ACE,CE,Federal Contract Tower,0,7,4,0,11,0,0,22,0,22,0,7,26,0,33,28,0,28,61
05/22/2006,DBQ,IA,ACE,CE,Federal Contract Tower,0,11,22,0,33,0,0,79,0,79,0,11,101,0,112,40,0,40,152
05/23/2006,DBQ,IA,ACE,CE,Federal Contract Tower,0,10,16,0,26,0,0,90,0,90,0,10,106,0,116,84,0,84,200
05/24/2006,DBQ,IA,ACE,CE,Federal Contract Tower,0,12,14,0,26,0,0,26,2,28,0,12,40,2,54,20,4,24,78
05/25/2006,DBQ,IA,ACE,CE,Federal Contract Tower,0,9,22,0,31,0,1,11,0,12,0,10,33,0,43,10,0,10,53
05/26/2006,DBQ,IA,ACE,CE,Federal Contract Tower,0,15,23,0,38,0,2,64,0,66,0,17,87,0,104,16,0,16,120
05/27/2006,DBQ,IA,ACE,CE,Federal Contract Tower,0,6,13,0,19,0,0,21,0,21,0,6,34,0,40,0,0,0,40
05/28/2006,DBQ,IA,ACE,CE,Federal Contract Tower,0,7,6,0,13,0,0,17,0,17,0,7,23,0,30,2,0,2,32
05/29/2006,DBQ,IA,ACE,CE,Federal Contract Tower,0,9,4,0,13,0,0,41,0,41,0,9,45,0,54,16,0,16,70
05/30/2006,DBQ,IA,ACE,CE,Federal Contract Tower,0,12,12,0,24,0,0,14,0,14,0,12,26,0,38,8,0,8,46
05/31/2006,DBQ,IA,ACE,CE,Federal Contract Tower,0,9,31,0,40,0,1,94,0,95,0,10,125,0,135,56,0,56,191
06/01/2006,DBQ,IA,ACE,CE,Federal Contract Tower,0,12,17,0,29,0,2,80,0,82,0,14,97,0,111,48,0,48,159
06/02/2006,DBQ,IA,ACE,CE,Federal Contract Tower,0,13,22,0,35,0,0,97,0,97,0,13,119,0,132,62,0,62,194
06/03/2006,DBQ,IA,ACE,CE,Federal Contract Tower,0,5,13,0,18,0,0,66,0,66,0,5,79,0,84,60,0,60,144
06/04/2006,DBQ,IA,ACE,CE,Federal Contract Tower,0,8,7,0,15,0,0,47,0,47,0,8,54,0,62,14,0,14,76
06/05/2006,DBQ,IA,ACE,CE,Federal Contract Tower,0,11,21,0,32,0,0,84,0,84,0,11,105,0,116,34,0,34,150
06/06/2006,DBQ,IA,ACE,CE,Federal Contract Tower,0,14,27,0,41,0,2,1,0,3,0,16,28,0,44,0,0,0,44
06/07/2006,DBQ,IA,ACE,CE,Federal Contract Tower,0,12,19,0,31,0,1,108,0,109,0,13,127,0,140,110,0,110,250
06/08/2006,DBQ,IA,ACE,CE,Federal Contract Tower,0,14,26,0,40,0,0,93,0,93,0,14,119,0,133,86,0,86,219
06/09/2006,DBQ,IA,ACE,CE,Federal Contract Tower,0,15,12,0,27,0,0,67,0,67,0,15,79,0,94,16,0,16,110
06/10/2006,DBQ,IA,ACE,CE,Federal Contract Tower,0,5,8,0,13,0,0,14,0,14,0,5,22,0,27,0,0,0,27
06/11/2006,DBQ,IA,ACE,CE,Federal Contract Tower,0,7,14,0,21,0,0,21,0,21,0,7,35,0,42,30,0,30,72
06/12/2006,DBQ,IA,ACE,CE,Federal Contract Tower,0,12,14,0,26,0,0,67,0,67,0,12,81,0,93,40,0,40,133
06/13/2006,DBQ,IA,ACE,CE,Federal Contract Tower,0,15,22,0,37,0,0,96,0,96,0,15,118,0,133,38,0,38,171
06/14/2006,DBQ,IA,ACE,CE,Federal Contract Tower,0,12,19,0,31,0,1,35,0,36,0,13,54,0,67,2,0,2,69
06/15/2006,DBQ,IA,ACE,CE,Federal Contract Tower,0,12,21,0,33,0,0,68,0,68,0,12,89,0,101,56,0,56,157
06/16/2006,DBQ,IA,ACE,CE,Federal Contract Tower,0,11,21,0,32,0,0,46,0,46,0,11,67,0,78,86,0,86,164
06/17/2006,DBQ,IA,ACE,CE,Federal Contract Tower,0,6,7,0,13,0,1,7,0,8,0,7,14,0,21,14,0,14,35
06/18/2006,DBQ,IA,ACE,CE,Federal Contract Tower,0,7,3,0,10,0,0,11,0,11,0,7,14,0,21,0,0,0,21
06/19/2006,DBQ,IA,ACE,CE,Federal Contract Tower,0,14,14,0,28,0,4,88,0,92,0,18,102,0,120,32,0,32,152
06/20/2006,DBQ,IA,ACE,CE,Federal Contract Tower,0,13,7,0,20,0,0,36,0,36,0,13,43,0,56,27,0,27,83
06/21/2006,DBQ,IA,ACE,CE,Federal Contract Tower,0,11,27,0,38,0,1,8,0,9,0,12,35,0,47,0,0,0,47
06/22/2006,DBQ,IA,ACE,CE,Federal Contract Tower,0,11,23,0,34,0,4,58,0,62,0,15,81,0,96,66,0,66,162
06/23/2006,DBQ,IA,ACE,CE,Federal Contract Tower,0,11,26,2,39,0,0,90,0,90,0,11,116,2,129,80,0,80,209
06/24/2006,DBQ,IA,ACE,CE,Federal Contract Tower,0,5,11,0,16,0,0,46,0,46,0,5,57,0,62,14,0,14,76
06/25/2006,DBQ,IA,ACE,CE,Federal Contract Tower,0,7,17,0,24,0,0,7,0,7,0,7,24,0,31,0,0,0,31
06/26/2006,DBQ,IA,ACE,CE,Federal Contract Tower,0,16,22,0,38,0,1,3,0,4,0,17,25,0,42,0,0,0,42
06/27/2006,DBQ,IA,ACE,CE,Federal Contract Tower,0,11,23,0,34,0,1,68,0,69,0,12,91,0,103,118,0,118,221
06/28/2006,DBQ,IA,ACE,CE,Federal Contract Tower,0,11,21,0,32,0,0,76,2,78,0,11,97,2,110,104,0,104,214
06/29/2006,DBQ,IA,ACE,CE,Federal Contract Tower,0,14,28,0,42,0,0,59,0,59,0,14,87,0,101,98,0,98,199
06/30/2006,DBQ,IA,ACE,CE,Federal Contract Tower,0,13,15,0,28,0,1,76,0,77,0,14,91,0,105,82,0,82,187
07/01/2006,DBQ,IA,ACE,CE,Federal Contract Tower,0,7,16,0,23,0,0,20,0,20,0,7,36,0,43,10,0,10,53
07/02/2006,DBQ,IA,ACE,CE,Federal Contract Tower,0,7,4,2,13,0,0,18,2,20,0,7,22,4,33,4,4,8,41
07/03/2006,DBQ,IA,ACE,CE,Federal Contract Tower,0,11,9,0,20,0,0,29,7,36,0,11,38,7,56,8,0,8,64
07/04/2006,DBQ,IA,ACE,CE,Federal Contract Tower,0,0,0,0,0,0,7,24,2,33,0,7,24,2,33,0,0,0,33
07/05/2006,DBQ,IA,ACE,CE,Federal Contract Tower,0,12,13,3,28,0,0,59,0,59,0,12,72,3,87,58,0,58,145
07/06/2006,DBQ,IA,ACE,CE,Federal Contract Tower,0,12,15,0,27,0,0,88,0,88,0,12,103,0,115,78,0,78,193
07/07/2006,DBQ,IA,ACE,CE,Federal Contract Tower,0,13,18,0,31,0,0,65,0,65,0,13,83,0,96,50,0,50,146
07/08/2006,DBQ,IA,ACE,CE,Federal Contract Tower,0,5,9,0,14,0,0,28,0,28,0,5,37,0,42,2,0,2,44
07/09/2006,DBQ,IA,ACE,CE,Federal Contract Tower,0,8,12,0,20,0,0,51,0,51,0,8,63,0,71,20,0,20,91
07/10/2006,DBQ,IA,ACE,CE,Federal Contract Tower,0,13,23,0,36,0,0,26,0,26,0,13,49,0,62,46,0,46,108
07/11/2006,DBQ,IA,ACE,CE,Federal Contract Tower,0,7,17,0,24,0,0,0,0,0,0,7,17,0,24,0,0,0,24
07/12/2006,DBQ,IA,ACE,CE,Federal Contract Tower,0,16,24,0,40,0,1,27,0,28,0,17,51,0,68,26,0,26,94
07/13/2006,DBQ,IA,ACE,CE,Federal Contract Tower,0,18,24,0,42,0,3,80,0,83,0,21,104,0,125,44,0,44,169
07/14/2006,DBQ,IA,ACE,CE,Federal Contract Tower,0,12,21,0,33,0,0,64,4,68,0,12,85,4,101,60,0,60,161
07/15/2006,DBQ,IA,ACE,CE,Federal Contract Tower,0,7,12,0,19,0,0,38,0,38,0,7,50,0,57,22,0,22,79
07/16/2006,DBQ,IA,ACE,CE,Federal Contract Tower,0,7,20,0,27,0,0,33,0,33,0,7,53,0,60,16,0,16,76
07/17/2006,DBQ,IA,ACE,CE,Federal Contract Tower,0,12,18,0,30,0,0,34,0,34,0,12,52,0,64,4,0,4,68
07/18/2006,DBQ,IA,ACE,CE,Federal Contract Tower,0,11,13,0,24,0,1,52,0,53,0,12,65,0,77,72,0,72,149
07/19/2006,DBQ,IA,ACE,CE,Federal Contract Tower,0,12,24,0,36,0,1,8,0,9,0,13,32,0,45,0,0,0,45
07/20/2006,DBQ,IA,ACE,CE,Federal Contract Tower,0,11,31,0,42,0,2,38,0,40,0,13,69,0,82,28,0,28,110
07/21/2006,DBQ,IA,ACE,CE,Federal Contract Tower,0,15,38,0,53,0,0,71,0,71,0,15,109,0,124,44,0,44,168
07/22/2006,DBQ,IA,ACE,CE,Federal Contract Tower,0,8,11,0,19,0,0,253,2,255,0,8,264,2,274,28,0,28,302
07/23/2006,DBQ,IA,ACE,CE,Federal Contract Tower,0,12,13,0,25,0,1,187,0,188,0,13,200,0,213,22,0,22,235
07/24/2006,DBQ,IA,ACE,CE,Federal Contract Tower,0,10,13,0,23,0,1,64,0,65,0,11,77,0,88,10,0,10,98
07/25/2006,DBQ,IA,ACE,CE,Federal Contract Tower,0,11,24,0,35,0,0,63,0,63,0,11,87,0,98,72,0,72,170
07/26/2006,DBQ,IA,ACE,CE,Federal Contract Tower,0,11,18,0,29,0,0,53,0,53,0,11,71,0,82,30,0,30,112
07/27/2006,DBQ,IA,ACE,CE,Federal Contract Tower,0,10,38,0,48,0,0,73,0,73,0,10,111,0,121,100,0,100,221
07/28/2006,DBQ,IA,ACE,CE,Federal Contract Tower,0,10,15,0,25,0,0,44,0,44,0,10,59,0,69,6,0,6,75
07/29/2006,DBQ,IA,ACE,CE,Federal Contract Tower,0,5,15,0,20,0,0,34,0,34,0,5,49,0,54,32,0,32,86
07/30/2006,DBQ,IA,ACE,CE,Federal Contract Tower,0,7,16,0,23,0,0,36,0,36,0,7,52,0,59,0,0,0,59
07/31/2006,DBQ,IA,ACE,CE,Federal Contract Tower,0,15,13,0,28,0,0,47,0,47,0,15,60,0,75,36,0,36,111
08/01/2006,DBQ,IA,ACE,CE,Federal Contract Tower,0,14,18,0,32,0,0,47,0,47,0,14,65,0,79,70,0,70,149
08/02/2006,DBQ,IA,ACE,CE,Federal Contract Tower,0,11,12,2,25,0,0,62,0,62,0,11,74,2,87,54,0,54,141
08/03/2006,DBQ,IA,ACE,CE,Federal Contract Tower,0,15,33,0,48,0,0,104,0,104,0,15,137,0,152,50,0,50,202
08/04/2006,DBQ,IA,ACE,CE,Federal Contract Tower,0,11,34,0,45,0,0,73,0,73,0,11,107,0,118,42,0,42,160
08/05/2006,DBQ,IA,ACE,CE,Federal Contract Tower,0,4,6,4,14,0,0,36,0,36,0,4,42,4,50,54,0,54,104
08/06/2006,DBQ,IA,ACE,CE,Federal Contract Tower,0,5,11,0,16,0,0,5,0,5,0,5,16,0,21,6,0,6,27
08/07/2006,DBQ,IA,ACE,CE,Federal Contract Tower,0,12,15,0,27,0,0,79,0,79,0,12,94,0,106,70,0,70,176
08/08/2006,DBQ,IA,ACE,CE,Federal Contract Tower,0,9,15,2,26,0,2,39,0,41,0,11,54,2,67,88,0,88,155
08/09/2006,DBQ,IA,ACE,CE,Federal Contract Tower,0,17,15,0,32,0,0,17,0,17,0,17,32,0,49,12,0,12,61
08/10/2006,DBQ,IA,ACE,CE,Federal Contract Tower,0,11,26,0,37,0,0,0,0,0,0,11,26,0,37,0,0,0,37
08/11/2006,DBQ,IA,ACE,CE,Federal Contract Tower,0,10,23,0,33,0,0,37,0,37,0,10,60,0,70,16,0,16,86
08/12/2006,DBQ,IA,ACE,CE,Federal Contract Tower,0,6,12,0,18,0,0,50,0,50,0,6,62,0,68,22,0,22,90
08/13/2006,DBQ,IA,ACE,CE,Federal Contract Tower,0,7,17,0,24,0,0,18,0,18,0,7,35,0,42,12,0,12,54
08/14/2006,DBQ,IA,ACE,CE,Federal Contract Tower,0,12,18,0,30,0,0,54,0,54,0,12,72,0,84,80,0,80,164
08/15/2006,DBQ,IA,ACE,CE,Federal Contract Tower,0,14,24,0,38,0,0,55,0,55,0,14,79,0,93,60,0,60,153
08/16/2006,DBQ,IA,ACE,CE,Federal Contract Tower,0,13,19,0,32,0,0,72,0,72,0,13,91,0,104,22,0,22,126
08/17/2006,DBQ,IA,ACE,CE,Federal Contract Tower,0,18,21,0,39,0,1,24,0,25,0,19,45,0,64,10,0,10,74
08/18/2006,DBQ,IA,ACE,CE,Federal Contract Tower,0,16,33,0,49,0,0,1,0,1,0,16,34,0,50,0,0,0,50
08/19/2006,DBQ,IA,ACE,CE,Federal Contract Tower,0,5,11,0,16,0,0,15,0,15,0,5,26,0,31,6,0,6,37
08/20/2006,DBQ,IA,ACE,CE,Federal Contract Tower,0,9,14,0,23,0,0,62,0,62,0,9,76,0,85,10,0,10,95
08/21/2006,DBQ,IA,ACE,CE,Federal Contract Tower,0,11,14,0,25,0,0,80,0,80,0,11,94,0,105,42,0,42,147
08/22/2006,DBQ,IA,ACE,CE,Federal Contract Tower,0,12,14,0,26,0,0,60,0,60,0,12,74,0,86,34,0,34,120
08/23/2006,DBQ,IA,ACE,CE,Federal Contract Tower,0,17,16,4,37,0,2,43,4,49,0,19,59,8,86,10,6,16,102
08/24/2006,DBQ,IA,ACE,CE,Federal Contract Tower,0,10,2,0,12,0,0,47,0,47,0,10,49,0,59,0,0,0,59
08/25/2006,DBQ,IA,ACE,CE,Federal Contract Tower,0,13,27,0,40,0,0,18,0,18,0,13,45,0,58,32,0,32,90
08/26/2006,DBQ,IA,ACE,CE,Federal Contract Tower,0,5,5,0,10,0,0,1,0,1,0,5,6,0,11,4,0,4,15
08/27/2006,DBQ,IA,ACE,CE,Federal Contract Tower,0,7,18,1,26,0,0,6,0,6,0,7,24,1,32,6,0,6,38
08/28/2006,DBQ,IA,ACE,CE,Federal Contract Tower,0,11,20,0,31,0,1,11,0,12,0,12,31,0,43,6,0,6,49
08/29/2006,DBQ,IA,ACE,CE,Federal Contract Tower,0,12,20,0,32,0,2,77,0,79,0,14,97,0,111,42,0,42,153
08/30/2006,DBQ,IA,ACE,CE,Federal Contract Tower,0,13,24,0,37,0,0,82,0,82,0,13,106,0,119,38,0,38,157
08/31/2006,DBQ,IA,ACE,CE,Federal Contract Tower,0,20,16,0,36,0,1,168,0,169,0,21,184,0,205,82,0,82,287
09/01/2006,DBQ,IA,ACE,CE,Federal Contract Tower,0,11,22,0,33,0,0,158,0,158,0,11,180,0,191,100,0,100,291
09/02/2006,DBQ,IA,ACE,CE,Federal Contract Tower,0,6,7,0,13,0,0,69,0,69,0,6,76,0,82,52,0,52,134
09/03/2006,DBQ,IA,ACE,CE,Federal Contract Tower,0,7,11,0,18,0,0,4,0,4,0,7,15,0,22,20,0,20,42
09/04/2006,DBQ,IA,ACE,CE,Federal Contract Tower,0,9,13,0,22,0,0,3,0,3,0,9,16,0,25,0,0,0,25
09/05/2006,DBQ,IA,ACE,CE,Federal Contract Tower,0,16,14,0,30,0,0,70,0,70,0,16,84,0,100,68,0,68,168
09/06/2006,DBQ,IA,ACE,CE,Federal Contract Tower,0,13,16,2,31,0,1,131,1,133,0,14,147,3,164,126,0,126,290
09/07/2006,DBQ,IA,ACE,CE,Federal Contract Tower,0,15,22,0,37,0,1,131,0,132,0,16,153,0,169,116,0,116,285
09/08/2006,DBQ,IA,ACE,CE,Federal Contract Tower,0,19,21,0,40,0,0,94,0,94,0,19,115,0,134,108,0,108,242
09/09/2006,DBQ,IA,ACE,CE,Federal Contract Tower,0,7,6,3,16,0,0,0,0,0,0,7,6,3,16,0,0,0,16
09/10/2006,DBQ,IA,ACE,CE,Federal Contract Tower,0,9,14,0,23,0,0,0,0,0,0,9,14,0,23,0,0,0,23
09/11/2006,DBQ,IA,ACE,CE,Federal Contract Tower,0,14,17,0,31,0,0,0,0,0,0,14,17,0,31,0,0,0,31
09/12/2006,DBQ,IA,ACE,CE,Federal Contract Tower,0,14,37,0,51,0,0,0,0,0,0,14,37,0,51,0,0,0,51
09/13/2006,DBQ,IA,ACE,CE,Federal Contract Tower,0,10,44,0,54,0,0,43,2,45,0,10,87,2,99,66,0,66,165
09/14/2006,DBQ,IA,ACE,CE,Federal Contract Tower,0,12,25,0,37,0,4,123,0,127,0,16,148,0,164,36,0,36,200
09/15/2006,DBQ,IA,ACE,CE,Federal Contract Tower,0,11,23,0,34,0,0,143,0,143,0,11,166,0,177,18,0,18,195
09/16/2006,DBQ,IA,ACE,CE,Federal Contract Tower,0,8,13,0,21,0,0,37,0,37,0,8,50,0,58,22,0,22,80
09/17/2006,DBQ,IA,ACE,CE,Federal Contract Tower,0,9,12,0,21,0,0,14,0,14,0,9,26,0,35,6,0,6,41
09/18/2006,DBQ,IA,ACE,CE,Federal Contract Tower,0,12,26,0,38,0,0,72,0,72,0,12,98,0,110,32,0,32,142
09/19/2006,DBQ,IA,ACE,CE,Federal Contract Tower,0,10,27,0,37,0,0,99,2,101,0,10,126,2,138,154,0,154,292
09/20/2006,DBQ,IA,ACE,CE,Federal Contract Tower,0,16,24,0,40,0,0,184,0,184,0,16,208,0,224,84,0,84,308
09/21/2006,DBQ,IA,ACE,CE,Federal Contract Tower,0,12,20,0,32,0,1,131,0,132,0,13,151,0,164,98,0,98,262
09/22/2006,DBQ,IA,ACE,CE,Federal Contract Tower,0,11,19,0,30,0,0,53,0,53,0,11,72,0,83,94,0,94,177
09/23/2006,DBQ,IA,ACE,CE,Federal Contract Tower,0,7,10,0,17,0,0,42,0,42,0,7,52,0,59,64,0,64,123
09/24/2006,DBQ,IA,ACE,CE,Federal Contract Tower,0,9,13,0,22,0,0,41,0,41,0,9,54,0,63,8,0,8,71
09/25/2006,DBQ,IA,ACE,CE,Federal Contract Tower,0,13,18,0,31,0,0,132,0,132,0,13,150,0,163,224,0,224,387
09/26/2006,DBQ,IA,ACE,CE,Federal Contract Tower,0,15,19,0,34,0,0,146,0,146,0,15,165,0,180,164,0,164,344
09/27/2006,DBQ,IA,ACE,CE,Federal Contract Tower,0,14,17,0,31,0,0,120,0,120,0,14,137,0,151,236,0,236,387
09/28/2006,DBQ,IA,ACE,CE,Federal Contract Tower,0,17,22,0,39,0,0,163,0,163,0,17,185,0,202,132,0,132,334
09/29/2006,DBQ,IA,ACE,CE,Federal Contract Tower,0,20,15,0,35,0,0,97,0,97,0,20,112,0,132,168,0,168,300
09/30/2006,DBQ,IA,ACE,CE,Federal Contract Tower,0,7,14,0,21,0,0,73,0,73,0,7,87,0,94,89,0,89,183
10/01/2006,DBQ,IA,ACE,CE,Federal Contract Tower,0,7,13,0,20,0,0,42,0,42,0,7,55,0,62,12,0,12,74
10/02/2006,DBQ,IA,ACE,CE,Federal Contract Tower,0,10,13,0,23,0,1,131,0,132,0,11,144,0,155,216,0,216,371
10/03/2006,DBQ,IA,ACE,CE,Federal Contract Tower,0,14,19,0,33,0,0,151,0,151,0,14,170,0,184,254,0,254,438
10/04/2006,DBQ,IA,ACE,CE,Federal Contract Tower,0,10,27,0,37,0,0,14,0,14,0,10,41,0,51,8,0,8,59
10/05/2006,DBQ,IA,ACE,CE,Federal Contract Tower,0,12,24,0,36,0,0,173,0,173,0,12,197,0,209,232,0,232,441
10/06/2006,DBQ,IA,ACE,CE,Federal Contract Tower,0,10,22,0,32,0,0,124,0,124,0,10,146,0,156,220,0,220,376
10/07/2006,DBQ,IA,ACE,CE,Federal Contract Tower,0,9,16,0,25,0,0,94,0,94,0,9,110,0,119,140,0,140,259
10/08/2006,DBQ,IA,ACE,CE,Federal Contract Tower,0,8,17,0,25,0,0,36,0,36,0,8,53,0,61,58,0,58,119
10/09/2006,DBQ,IA,ACE,CE,Federal Contract Tower,0,11,16,0,27,0,1,111,0,112,0,12,127,0,139,312,0,312,451
10/10/2006,DBQ,IA,ACE,CE,Federal Contract Tower,0,18,30,0,48,0,0,129,0,129,0,18,159,0,177,318,0,318,495
10/11/2006,DBQ,IA,ACE,CE,Federal Contract Tower,0,14,25,0,39,0,0,5,0,5,0,14,30,0,44,0,0,0,44
10/12/2006,DBQ,IA,ACE,CE,Federal Contract Tower,0,11,17,0,28,0,0,14,0,14,0,11,31,0,42,32,0,32,74
10/13/2006,DBQ,IA,ACE,CE,Federal Contract Tower,0,12,25,0,37,0,0,9,0,9,0,12,34,0,46,0,0,0,46
10/14/2006,DBQ,IA,ACE,CE,Federal Contract Tower,0,6,28,0,34,0,0,100,0,100,0,6,128,0,134,236,0,236,370
10/15/2006,DBQ,IA,ACE,CE,Federal Contract Tower,0,9,19,0,28,0,0,43,0,43,0,9,62,0,71,26,0,26,97
10/16/2006,DBQ,IA,ACE,CE,Federal Contract Tower,0,10,15,0,25,0,0,58,0,58,0,10,73,0,83,248,0,248,331
10/17/2006,DBQ,IA,ACE,CE,Federal Contract Tower,0,16,39,0,55,0,0,10,0,10,0,16,49,0,65,32,0,32,97
10/18/2006,DBQ,IA,ACE,CE,Federal Contract Tower,0,10,34,0,44,0,0,0,0,0,0,10,34,0,44,0,0,0,44
10/19/2006,DBQ,IA,ACE,CE,Federal Contract Tower,0,11,28,0,39,0,0,105,0,105,0,11,133,0,144,250,0,250,394
10/20/2006,DBQ,IA,ACE,CE,Federal Contract Tower,0,18,32,0,50,0,0,79,0,79,0,18,111,0,129,138,0,138,267
10/21/2006,DBQ,IA,ACE,CE,Federal Contract Tower,0,8,9,0,17,0,0,0,0,0,0,8,9,0,17,0,0,0,17
10/22/2006,DBQ,IA,ACE,CE,Federal Contract Tower,0,7,10,0,17,0,0,14,0,14,0,7,24,0,31,36,0,36,67
10/23/2006,DBQ,IA,ACE,CE,Federal Contract Tower,0,15,15,0,30,0,0,132,0,132,0,15,147,0,162,214,0,214,376
10/24/2006,DBQ,IA,ACE,CE,Federal Contract Tower,0,13,17,0,30,0,0,151,0,151,0,13,168,0,181,322,0,322,503
10/25/2006,DBQ,IA,ACE,CE,Federal Contract Tower,0,17,19,0,36,0,0,172,0,172,0,17,191,0,208,144,0,144,352
10/26/2006,DBQ,IA,ACE,CE,Federal Contract Tower,0,18,13,0,31,0,0,0,0,0,0,18,13,0,31,10,0,10,41
10/27/2006,DBQ,IA,ACE,CE,Federal Contract Tower,0,13,26,0,39,0,0,22,0,22,0,13,48,0,61,18,0,18,79
10/28/2006,DBQ,IA,ACE,CE,Federal Contract Tower,0,8,13,0,21,0,0,53,0,53,0,8,66,0,74,34,0,34,108
10/29/2006,DBQ,IA,ACE,CE,Federal Contract Tower,0,9,16,0,25,0,0,77,0,77,0,9,93,0,102,28,0,28,130
10/30/2006,DBQ,IA,ACE,CE,Federal Contract Tower,0,9,16,0,25,0,0,88,0,88,0,9,104,0,113,178,0,178,291
10/31/2006,DBQ,IA,ACE,CE,Federal Contract Tower,0,11,13,0,24,0,0,157,0,157,0,11,170,0,181,270,0,270,451
11/01/2006,DBQ,IA,ACE,CE,Federal Contract Tower,0,12,18,0,30,0,4,112,0,116,0,16,130,0,146,132,0,132,278
11/02/2006,DBQ,IA,ACE,CE,Federal Contract Tower,0,14,13,0,27,0,0,148,0,148,0,14,161,0,175,200,0,200,375
11/03/2006,DBQ,IA,ACE,CE,Federal Contract Tower,0,12,22,0,34,0,1,133,0,134,0,13,155,0,168,204,0,204,372
11/04/2006,DBQ,IA,ACE,CE,Federal Contract Tower,0,5,7,0,12,0,0,53,0,53,0,5,60,0,65,40,0,40,105
11/05/2006,DBQ,IA,ACE,CE,Federal Contract Tower,0,7,9,0,16,0,0,37,0,37,0,7,46,0,53,8,0,8,61
11/06/2006,DBQ,IA,ACE,CE,Federal Contract Tower,0,10,35,0,45,0,0,13,0,13,0,10,48,0,58,26,0,26,84
11/07/2006,DBQ,IA,ACE,CE,Federal Contract Tower,0,12,21,0,33,0,0,92,0,92,0,12,113,0,125,222,0,222,347
11/08/2006,DBQ,IA,ACE,CE,Federal Contract Tower,0,11,26,0,37,0,2,169,0,171,0,13,195,0,208,172,0,172,380
11/09/2006,DBQ,IA,ACE,CE,Federal Contract Tower,0,11,20,0,31,0,0,154,0,154,0,11,174,0,185,184,0,184,369
11/10/2006,DBQ,IA,ACE,CE,Federal Contract Tower,0,10,6,0,16,0,0,0,0,0,0,10,6,0,16,0,0,0,16
11/11/2006,DBQ,IA,ACE,CE,Federal Contract Tower,0,5,12,0,17,0,0,66,0,66,0,5,78,0,83,144,0,144,227
11/12/2006,DBQ,IA,ACE,CE,Federal Contract Tower,0,7,7,0,14,0,0,30,0,30,0,7,37,0,44,38,0,38,82
11/13/2006,DBQ,IA,ACE,CE,Federal Contract Tower,0,11,12,0,23,0,0,5,0,5,0,11,17,0,28,0,0,0,28
11/14/2006,DBQ,IA,ACE,CE,Federal Contract Tower,0,11,18,0,29,0,0,6,0,6,0,11,24,0,35,22,0,22,57
11/15/2006,DBQ,IA,ACE,CE,Federal Contract Tower,0,13,15,0,28,0,1,11,0,12,0,14,26,0,40,50,0,50,90
11/16/2006,DBQ,IA,ACE,CE,Federal Contract Tower,0,13,28,0,41,0,0,36,0,36,0,13,64,0,77,260,0,260,337
11/17/2006,DBQ,IA,ACE,CE,Federal Contract Tower,0,11,20,0,31,0,0,39,0,39,0,11,59,0,70,52,0,52,122
11/18/2006,DBQ,IA,ACE,CE,Federal Contract Tower,0,5,8,0,13,0,0,14,0,14,0,5,22,0,27,94,0,94,121
11/19/2006,DBQ,IA,ACE,CE,Federal Contract Tower,0,8,14,0,22,0,0,93,0,93,0,8,107,0,115,24,0,24,139
11/20/2006,DBQ,IA,ACE,CE,Federal Contract Tower,0,11,24,0,35,0,0,172,0,172,0,11,196,0,207,172,0,172,379
11/21/2006,DBQ,IA,ACE,CE,Federal Contract Tower,0,11,17,0,28,0,0,82,0,82,0,11,99,0,110,114,0,114,224
11/22/2006,DBQ,IA,ACE,CE,Federal Contract Tower,0,13,15,0,28,0,0,67,0,67,0,13,82,0,95,52,0,52,147
11/23/2006,DBQ,IA,ACE,CE,Federal Contract Tower,0,8,1,0,9,0,0,18,0,18,0,8,19,0,27,8,0,8,35
11/24/2006,DBQ,IA,ACE,CE,Federal Contract Tower,0,9,6,0,15,0,0,32,0,32,0,9,38,0,47,28,0,28,75
11/25/2006,DBQ,IA,ACE,CE,Federal Contract Tower,0,6,8,0,14,0,0,13,0,13,0,6,21,0,27,58,0,58,85
11/26/2006,DBQ,IA,ACE,CE,Federal Contract Tower,0,10,15,0,25,0,1,2,0,3,0,11,17,0,28,0,0,0,28
11/27/2006,DBQ,IA,ACE,CE,Federal Contract Tower,0,14,22,0,36,0,0,37,0,37,0,14,59,0,73,150,0,150,223
11/28/2006,DBQ,IA,ACE,CE,Federal Contract Tower,0,14,27,0,41,0,0,19,2,21,0,14,46,2,62,26,0,26,88
11/29/2006,DBQ,IA,ACE,CE,Federal Contract Tower,0,12,14,0,26,0,0,0,0,0,0,12,14,0,26,0,0,0,26
11/30/2006,DBQ,IA,ACE,CE,Federal Contract Tower,0,11,10,0,21,0,0,133,0,133,0,11,143,0,154,126,0,126,280
12/01/2006,DBQ,IA,ACE,CE,Federal Contract Tower,0,9,15,0,24,0,0,39,0,39,0,9,54,0,63,156,0,156,219
12/02/2006,DBQ,IA,ACE,CE,Federal Contract Tower,0,5,2,0,7,0,0,75,0,75,0,5,77,0,82,34,0,34,116
12/03/2006,DBQ,IA,ACE,CE,Federal Contract Tower,0,8,12,0,20,0,2,11,0,13,0,10,23,0,33,18,0,18,51
12/04/2006,DBQ,IA,ACE,CE,Federal Contract Tower,0,11,17,0,28,0,1,35,0,36,0,12,52,0,64,64,0,64,128
12/05/2006,DBQ,IA,ACE,CE,Federal Contract Tower,0,20,15,0,35,0,0,97,0,97,0,20,112,0,132,166,0,166,298
12/06/2006,DBQ,IA,ACE,CE,Federal Contract Tower,0,13,3,0,16,0,0,118,0,118,0,13,121,0,134,70,0,70,204
12/07/2006,DBQ,IA,ACE,CE,Federal Contract Tower,0,13,24,0,37,0,3,121,0,124,0,16,145,0,161,126,0,126,287
12/08/2006,DBQ,IA,ACE,CE,Federal Contract Tower,0,11,14,0,25,0,0,106,0,106,0,11,120,0,131,86,0,86,217
12/09/2006,DBQ,IA,ACE,CE,Federal Contract Tower,0,5,8,1,14,0,0,71,1,72,0,5,79,2,86,96,0,96,182
12/10/2006,DBQ,IA,ACE,CE,Federal Contract Tower,0,9,11,0,20,0,0,24,0,24,0,9,35,0,44,14,0,14,58
12/11/2006,DBQ,IA,ACE,CE,Federal Contract Tower,0,10,23,2,35,0,0,27,0,27,0,10,50,2,62,18,0,18,80
12/12/2006,DBQ,IA,ACE,CE,Federal Contract Tower,0,0,7,0,7,0,0,0,0,0,0,0,7,0,7,0,0,0,7
12/13/2006,DBQ,IA,ACE,CE,Federal Contract Tower,0,12,23,0,35,0,1,112,0,113,0,13,135,0,148,92,0,92,240
12/14/2006,DBQ,IA,ACE,CE,Federal Contract Tower,0,15,20,0,35,0,2,60,0,62,0,17,80,0,97,30,0,30,127
12/15/2006,DBQ,IA,ACE,CE,Federal Contract Tower,0,12,23,0,35,0,0,54,0,54,0,12,77,0,89,128,0,128,217
12/16/2006,DBQ,IA,ACE,CE,Federal Contract Tower,0,5,17,0,22,0,0,12,0,12,0,5,29,0,34,18,0,18,52
12/17/2006,DBQ,IA,ACE,CE,Federal Contract Tower,0,9,2,1,12,0,0,44,0,44,0,9,46,1,56,20,0,20,76
12/18/2006,DBQ,IA,ACE,CE,Federal Contract Tower,0,14,14,0,28,0,0,74,0,74,0,14,88,0,102,54,2,56,158
12/19/2006,DBQ,IA,ACE,CE,Federal Contract Tower,0,16,20,2,38,0,0,77,0,77,0,16,97,2,115,94,0,94,209
12/20/2006,DBQ,IA,ACE,CE,Federal Contract Tower,0,15,22,0,37,0,0,59,0,59,0,15,81,0,96,44,0,44,140
12/21/2006,DBQ,IA,ACE,CE,Federal Contract Tower,0,13,10,0,23,0,0,0,0,0,0,13,10,0,23,0,0,0,23
12/22/2006,DBQ,IA,ACE,CE,Federal Contract Tower,0,12,14,0,26,0,0,0,0,0,0,12,14,0,26,2,0,2,28
12/23/2006,DBQ,IA,ACE,CE,Federal Contract Tower,0,10,8,0,18,0,0,11,0,11,0,10,19,0,29,0,0,0,29
12/24/2006,DBQ,IA,ACE,CE,Federal Contract Tower,0,8,5,0,13,0,1,11,0,12,0,9,16,0,25,0,0,0,25
12/25/2006,DBQ,IA,ACE,CE,Federal Contract Tower,0,7,2,0,9,0,0,2,0,2,0,7,4,0,11,0,0,0,11
12/26/2006,DBQ,IA,ACE,CE,Federal Contract Tower,0,15,12,0,27,0,2,58,0,60,0,17,70,0,87,14,0,14,101
12/27/2006,DBQ,IA,ACE,CE,Federal Contract Tower,0,13,10,4,27,0,0,39,2,41,0,13,49,6,68,34,0,34,102
12/28/2006,DBQ,IA,ACE,CE,Federal Contract Tower,0,12,14,0,26,0,1,55,0,56,0,13,69,0,82,50,0,50,132
12/29/2006,DBQ,IA,ACE,CE,Federal Contract Tower,0,13,17,0,30,0,0,13,0,13,0,13,30,0,43,2,0,2,45
12/30/2006,DBQ,IA,ACE,CE,Federal Contract Tower,0,3,7,0,10,0,0,0,0,0,0,3,7,0,10,0,0,0,10
12/31/2006,DBQ,IA,ACE,CE,Federal Contract Tower,0,7,1,0,8,0,0,0,0,0,0,7,1,0,8,0,0,0,8
01/01/2007,DBQ,IA,ACE,CE,Federal Contract Tower,0,6,0,0,6,0,0,10,0,10,0,6,10,0,16,28,0,28,44
01/02/2007,DBQ,IA,ACE,CE,Federal Contract Tower,0,11,13,0,24,0,0,65,0,65,0,11,78,0,89,82,0,82,171
01/03/2007,DBQ,IA,ACE,CE,Federal Contract Tower,0,13,15,2,30,0,2,64,0,66,0,15,79,2,96,60,0,60,156
01/04/2007,DBQ,IA,ACE,CE,Federal Contract Tower,0,11,19,0,30,0,0,36,0,36,0,11,55,0,66,32,0,32,98
01/05/2007,DBQ,IA,ACE,CE,Federal Contract Tower,0,12,16,0,28,0,0,47,0,47,0,12,63,0,75,74,0,74,149
01/06/2007,DBQ,IA,ACE,CE,Federal Contract Tower,0,5,11,1,17,0,0,18,2,20,0,5,29,3,37,24,0,24,61
01/07/2007,DBQ,IA,ACE,CE,Federal Contract Tower,0,7,8,0,15,0,0,16,0,16,0,7,24,0,31,34,0,34,65
01/08/2007,DBQ,IA,ACE,CE,Federal Contract Tower,0,12,14,0,26,0,1,68,0,69,0,13,82,0,95,62,0,62,157
01/09/2007,DBQ,IA,ACE,CE,Federal Contract Tower,0,10,14,2,26,0,0,60,0,60,0,10,74,2,86,50,0,50,136
01/10/2007,DBQ,IA,ACE,CE,Federal Contract Tower,0,11,24,0,35,0,1,75,0,76,0,12,99,0,111,28,0,28,139
01/11/2007,DBQ,IA,ACE,CE,Federal Contract Tower,0,10,22,2,34,0,2,27,0,29,0,12,49,2,63,16,0,16,79
01/12/2007,DBQ,IA,ACE,CE,Federal Contract Tower,0,9,12,0,21,0,2,1,0,3,0,11,13,0,24,8,0,8,32
01/13/2007,DBQ,IA,ACE,CE,Federal Contract Tower,0,5,1,0,6,0,0,0,0,0,0,5,1,0,6,0,0,0,6
01/14/2007,DBQ,IA,ACE,CE,Federal Contract Tower,0,7,1,0,8,0,0,2,0,2,0,7,3,0,10,0,0,0,10
01/15/2007,DBQ,IA,ACE,CE,Federal Contract Tower,0,8,12,0,20,0,1,0,0,1,0,9,12,0,21,0,0,0,21
01/16/2007,DBQ,IA,ACE,CE,Federal Contract Tower,0,12,15,0,27,0,1,85,0,86,0,13,100,0,113,152,0,152,265
01/17/2007,DBQ,IA,ACE,CE,Federal Contract Tower,0,11,21,0,32,0,1,49,0,50,0,12,70,0,82,52,0,52,134
01/18/2007,DBQ,IA,ACE,CE,Federal Contract Tower,0,17,14,0,31,0,0,1,0,1,0,17,15,0,32,0,0,0,32
01/19/2007,DBQ,IA,ACE,CE,Federal Contract Tower,0,17,17,0,34,0,2,109,0,111,0,19,126,0,145,98,0,98,243
01/20/2007,DBQ,IA,ACE,CE,Federal Contract Tower,0,5,11,0,16,0,0,99,0,99,0,5,110,0,115,140,0,140,255
01/21/2007,DBQ,IA,ACE,CE,Federal Contract Tower,0,3,0,0,3,0,0,0,0,0,0,3,0,0,3,0,0,0,3
01/22/2007,DBQ,IA,ACE,CE,Federal Contract Tower,0,11,13,0,24,0,0,0,0,0,0,11,13,0,24,0,0,0,24
01/23/2007,DBQ,IA,ACE,CE,Federal Contract Tower,0,15,4,0,19,0,1,86,0,87,0,16,90,0,106,114,0,114,220
01/24/2007,DBQ,IA,ACE,CE,Federal Contract Tower,0,12,5,0,17,0,0,13,0,13,0,12,18,0,30,66,0,66,96
01/25/2007,DBQ,IA,ACE,CE,Federal Contract Tower,0,11,16,0,27,0,0,71,0,71,0,11,87,0,98,144,0,144,242
01/26/2007,DBQ,IA,ACE,CE,Federal Contract Tower,0,17,12,0,29,0,0,59,0,59,0,17,71,0,88,66,0,66,154
01/27/2007,DBQ,IA,ACE,CE,Federal Contract Tower,0,5,7,0,12,0,0,58,0,58,0,5,65,0,70,108,0,108,178
01/28/2007,DBQ,IA,ACE,CE,Federal Contract Tower,0,8,9,0,17,0,0,43,0,43,0,8,52,0,60,0,0,0,60
01/29/2007,DBQ,IA,ACE,CE,Federal Contract Tower,0,13,8,0,21,0,0,48,0,48,0,13,56,0,69,36,0,36,105
01/30/2007,DBQ,IA,ACE,CE,Federal Contract Tower,0,13,26,0,39,0,2,104,0,106,0,15,130,0,145,128,0,128,273
01/31/2007,DBQ,IA,ACE,CE,Federal Contract Tower,0,17,9,4,30,0,1,78,0,79,0,18,87,4,109,80,0,80,189
02/01/2007,DBQ,IA,ACE,CE,Federal Contract Tower,0,11,15,0,26,0,0,152,0,152,0,11,167,0,178,178,0,178,356
02/02/2007,DBQ,IA,ACE,CE,Federal Contract Tower,0,11,5,0,16,0,0,3,0,3,0,11,8,0,19,0,0,0,19
02/03/2007,DBQ,IA,ACE,CE,Federal Contract Tower,0,5,7,0,12,0,0,4,0,4,0,5,11,0,16,0,0,0,16
02/04/2007,DBQ,IA,ACE,CE,Federal Contract Tower,0,7,1,0,8,0,0,3,0,3,0,7,4,0,11,0,0,0,11
02/05/2007,DBQ,IA,ACE,CE,Federal Contract Tower,0,11,10,0,21,0,0,27,0,27,0,11,37,0,48,42,0,42,90
02/06/2007,DBQ,IA,ACE,CE,Federal Contract Tower,0,16,17,0,33,0,2,0,0,2,0,18,17,0,35,0,0,0,35
02/07/2007,DBQ,IA,ACE,CE,Federal Contract Tower,0,12,19,0,31,0,0,99,0,99,0,12,118,0,130,160,0,160,290
02/08/2007,DBQ,IA,ACE,CE,Federal Contract Tower,0,10,28,0,38,0,0,71,0,71,0,10,99,0,109,50,0,50,159
02/09/2007,DBQ,IA,ACE,CE,Federal Contract Tower,0,16,21,0,37,0,1,89,0,90,0,17,110,0,127,54,0,54,181
02/10/2007,DBQ,IA,ACE,CE,Federal Contract Tower,0,5,19,0,24,0,0,52,0,52,0,5,71,0,76,76,0,76,152
02/11/2007,DBQ,IA,ACE,CE,Federal Contract Tower,0,7,5,0,12,0,0,8,0,8,0,7,13,0,20,22,0,22,42
02/12/2007,DBQ,IA,ACE,CE,Federal Contract Tower,0,13,8,1,22,0,0,1,0,1,0,13,9,1,23,8,0,8,31
02/13/2007,DBQ,IA,ACE,CE,Federal Contract Tower,0,6,12,1,19,0,0,0,0,0,0,6,12,1,19,0,0,0,19
02/14/2007,DBQ,IA,ACE,CE,Federal Contract Tower,0,13,13,0,26,0,0,100,1,101,0,13,113,1,127,112,0,112,239
02/15/2007,DBQ,IA,ACE,CE,Federal Contract Tower,0,11,19,0,30,0,0,85,0,85,0,11,104,0,115,140,0,140,255
02/16/2007,DBQ,IA,ACE,CE,Federal Contract Tower,0,14,20,0,34,0,0,55,0,55,0,14,75,0,89,32,0,32,121
02/17/2007,DBQ,IA,ACE,CE,Federal Contract Tower,0,5,9,0,14,0,0,66,2,68,0,5,75,2,82,18,0,18,100
02/18/2007,DBQ,IA,ACE,CE,Federal Contract Tower,0,8,11,0,19,0,0,39,0,39,0,8,50,0,58,6,0,6,64
02/19/2007,DBQ,IA,ACE,CE,Federal Contract Tower,0,7,11,0,18,0,0,85,0,85,0,7,96,0,103,72,0,72,175
02/20/2007,DBQ,IA,ACE,CE,Federal Contract Tower,0,12,17,0,29,0,1,147,0,148,0,13,164,0,177,118,0,118,295
02/21/2007,DBQ,IA,ACE,CE,Federal Contract Tower,0,11,18,0,29,0,0,106,0,106,0,11,124,0,135,86,0,86,221
02/22/2007,DBQ,IA,ACE,CE,Federal Contract Tower,0,11,22,0,33,0,0,85,0,85,0,11,107,0,118,110,0,110,228
02/23/2007,DBQ,IA,ACE,CE,Federal Contract Tower,0,14,13,0,27,0,1,84,0,85,0,15,97,0,112,92,0,92,204
02/24/2007,DBQ,IA,ACE,CE,Federal Contract Tower,0,4,0,0,4,0,0,0,0,0,0,4,0,0,4,2,0,2,6
02/25/2007,DBQ,IA,ACE,CE,Federal Contract Tower,0,2,0,0,2,0,0,0,0,0,0,2,0,0,2,0,0,0,2
02/26/2007,DBQ,IA,ACE,CE,Federal Contract Tower,0,12,8,0,20,0,0,0,0,0,0,12,8,0,20,0,0,0,20
02/27/2007,DBQ,IA,ACE,CE,Federal Contract Tower,0,13,8,0,21,0,0,46,0,46,0,13,54,0,67,90,0,90,157
02/28/2007,DBQ,IA,ACE,CE,Federal Contract Tower,0,16,13,0,29,0,0,40,0,40,0,16,53,0,69,40,0,40,109
03/01/2007,DBQ,IA,ACE,CE,Federal Contract Tower,0,8,3,0,11,0,0,0,0,0,0,8,3,0,11,0,0,0,11
03/02/2007,DBQ,IA,ACE,CE,Federal Contract Tower,0,4,4,0,8,0,0,0,0,0,0,4,4,0,8,0,0,0,8
03/03/2007,DBQ,IA,ACE,CE,Federal Contract Tower,0,5,9,0,14,0,0,16,0,16,0,5,25,0,30,34,0,34,64
03/04/2007,DBQ,IA,ACE,CE,Federal Contract Tower,0,8,10,0,18,0,1,39,0,40,0,9,49,0,58,12,0,12,70
03/05/2007,DBQ,IA,ACE,CE,Federal Contract Tower,0,13,22,0,35,0,2,84,0,86,0,15,106,0,121,68,0,68,189
03/06/2007,DBQ,IA,ACE,CE,Federal Contract Tower,0,8,19,0,27,0,2,72,0,74,0,10,91,0,101,86,0,86,187
03/07/2007,DBQ,IA,ACE,CE,Federal Contract Tower,0,12,18,0,30,0,0,82,1,83,0,12,100,1,113,132,8,140,253
03/08/2007,DBQ,IA,ACE,CE,Federal Contract Tower,0,11,15,2,28,0,2,52,0,54,0,13,67,2,82,94,0,94,176
03/09/2007,DBQ,IA,ACE,CE,Federal Contract Tower,0,9,22,0,31,0,0,30,0,30,0,9,52,0,61,48,0,48,109
03/10/2007,DBQ,IA,ACE,CE,Federal Contract Tower,0,8,15,0,23,0,0,66,0,66,0,8,81,0,89,58,0,58,147
03/11/2007,DBQ,IA,ACE,CE,Federal Contract Tower,0,7,17,0,24,0,0,47,0,47,0,7,64,0,71,22,0,22,93
03/12/2007,DBQ,IA,ACE,CE,Federal Contract Tower,0,20,17,0,37,0,1,126,0,127,0,21,143,0,164,78,0,78,242
03/13/2007,DBQ,IA,ACE,CE,Federal Contract Tower,0,10,24,2,36,0,0,67,0,67,0,10,91,2,103,102,0,102,205
03/14/2007,DBQ,IA,ACE,CE,Federal Contract Tower,0,13,20,0,33,0,1,74,0,75,0,14,94,0,108,46,0,46,154
03/15/2007,DBQ,IA,ACE,CE,Federal Contract Tower,0,16,21,0,37,0,1,117,1,119,0,17,138,1,156,68,0,68,224
03/16/2007,DBQ,IA,ACE,CE,Federal Contract Tower,0,13,14,0,27,0,0,23,0,23,0,13,37,0,50,44,0,44,94
03/17/2007,DBQ,IA,ACE,CE,Federal Contract Tower,0,6,8,0,14,0,1,159,0,160,0,7,167,0,174,70,0,70,244
03/18/2007,DBQ,IA,ACE,CE,Federal Contract Tower,0,8,10,0,18,0,1,24,0,25,0,9,34,0,43,16,0,16,59
03/19/2007,DBQ,IA,ACE,CE,Federal Contract Tower,0,11,22,0,33,0,0,97,0,97,0,11,119,0,130,16,0,16,146
03/20/2007,DBQ,IA,ACE,CE,Federal Contract Tower,0,10,16,2,28,0,1,111,0,112,0,11,127,2,140,100,0,100,240
03/21/2007,DBQ,IA,ACE,CE,Federal Contract Tower,0,9,7,0,16,0,0,0,0,0,0,9,7,0,16,0,0,0,16
03/22/2007,DBQ,IA,ACE,CE,Federal Contract Tower,0,12,22,0,34,0,1,113,0,114,0,13,135,0,148,92,0,92,240
03/23/2007,DBQ,IA,ACE,CE,Federal Contract Tower,0,9,31,0,40,0,0,20,0,20,0,9,51,0,60,6,0,6,66
03/24/2007,DBQ,IA,ACE,CE,Federal Contract Tower,0,0,7,0,7,0,0,0,0,0,0,0,7,0,7,0,0,0,7
03/25/2007,DBQ,IA,ACE,CE,Federal Contract Tower,0,6,7,0,13,0,0,19,0,19,0,6,26,0,32,6,0,6,38
03/26/2007,DBQ,IA,ACE,CE,Federal Contract Tower,0,13,13,0,26,0,0,105,0,105,0,13,118,0,131,120,0,120,251
03/27/2007,DBQ,IA,ACE,CE,Federal Contract Tower,0,13,18,0,31,0,1,97,0,98,0,14,115,0,129,152,0,152,281
03/28/2007,DBQ,IA,ACE,CE,Federal Contract Tower,0,7,32,0,39,0,0,0,0,0,0,7,32,0,39,0,0,0,39
03/29/2007,DBQ,IA,ACE,CE,Federal Contract Tower,0,12,30,0,42,0,0,15,0,15,0,12,45,0,57,78,0,78,135
03/30/2007,DBQ,IA,ACE,CE,Federal Contract Tower,0,15,25,0,40,0,0,0,0,0,0,15,25,0,40,0,0,0,40
03/31/2007,DBQ,IA,ACE,CE,Federal Contract Tower,0,7,8,0,15,0,1,17,0,18,0,8,25,0,33,20,0,20,53
04/01/2007,DBQ,IA,ACE,CE,Federal Contract Tower,0,8,12,0,20,0,1,0,0,1,0,9,12,0,21,0,0,0,21
04/02/2007,DBQ,IA,ACE,CE,Federal Contract Tower,0,12,23,0,35,0,1,128,0,129,0,13,151,0,164,136,0,136,300
04/03/2007,DBQ,IA,ACE,CE,Federal Contract Tower,0,9,20,0,29,0,0,16,0,16,0,9,36,0,45,44,0,44,89
04/04/2007,DBQ,IA,ACE,CE,Federal Contract Tower,0,10,16,0,26,0,0,5,0,5,0,10,21,0,31,12,0,12,43
04/05/2007,DBQ,IA,ACE,CE,Federal Contract Tower,0,13,15,0,28,0,1,95,2,98,0,14,110,2,126,84,2,86,212
04/06/2007,DBQ,IA,ACE,CE,Federal Contract Tower,0,11,18,0,29,0,0,48,2,50,0,11,66,2,79,6,0,6,85
04/07/2007,DBQ,IA,ACE,CE,Federal Contract Tower,0,6,5,0,11,0,1,45,0,46,0,7,50,0,57,18,0,18,75
04/08/2007,DBQ,IA,ACE,CE,Federal Contract Tower,0,6,7,0,13,0,0,13,0,13,0,6,20,0,26,4,0,4,30
04/09/2007,DBQ,IA,ACE,CE,Federal Contract Tower,0,12,28,0,40,0,0,64,0,64,0,12,92,0,104,16,0,16,120
04/10/2007,DBQ,IA,ACE,CE,Federal Contract Tower,0,13,19,0,32,0,0,75,0,75,0,13,94,0,107,62,0,62,169
04/11/2007,DBQ,IA,ACE,CE,Federal Contract Tower,0,6,14,0,20,0,0,0,0,0,0,6,14,0,20,0,0,0,20
04/12/2007,DBQ,IA,ACE,CE,Federal Contract Tower,0,12,19,0,31,0,1,17,0,18,0,13,36,0,49,52,0,52,101
04/13/2007,DBQ,IA,ACE,CE,Federal Contract Tower,0,12,18,1,31,0,1,119,1,121,0,13,137,2,152,50,0,50,202
04/14/2007,DBQ,IA,ACE,CE,Federal Contract Tower,0,8,15,0,23,0,2,91,0,93,0,10,106,0,116,34,0,34,150
04/15/2007,DBQ,IA,ACE,CE,Federal Contract Tower,0,8,12,0,20,0,0,164,2,166,0,8,176,2,186,24,0,24,210
04/16/2007,DBQ,IA,ACE,CE,Federal Contract Tower,0,12,30,0,42,0,0,99,0,99,0,12,129,0,141,26,0,26,167
04/17/2007,DBQ,IA,ACE,CE,Federal Contract Tower,0,13,26,0,39,0,0,116,0,116,0,13,142,0,155,48,0,48,203
04/18/2007,DBQ,IA,ACE,CE,Federal Contract Tower,0,14,24,1,39,0,3,110,0,113,0,17,134,1,152,58,0,58,210
04/19/2007,DBQ,IA,ACE,CE,Federal Contract Tower,0,15,31,0,46,0,1,58,2,61,0,16,89,2,107,78,0,78,185
04/20/2007,DBQ,IA,ACE,CE,Federal Contract Tower,0,13,27,0,40,0,0,110,0,110,0,13,137,0,150,64,0,64,214
04/21/2007,DBQ,IA,ACE,CE,Federal Contract Tower,0,8,13,0,21,0,0,63,0,63,0,8,76,0,84,24,0,24,108
04/22/2007,DBQ,IA,ACE,CE,Federal Contract Tower,0,9,6,0,15,0,0,24,0,24,0,9,30,0,39,2,0,2,41
04/23/2007,DBQ,IA,ACE,CE,Federal Contract Tower,0,15,31,0,46,0,0,27,0,27,0,15,58,0,73,20,0,20,93
04/24/2007,DBQ,IA,ACE,CE,Federal Contract Tower,0,10,25,0,35,0,0,43,0,43,0,10,68,0,78,46,0,46,124
04/25/2007,DBQ,IA,ACE,CE,Federal Contract Tower,0,10,26,0,36,0,0,5,4,9,0,10,31,4,45,0,0,0,45
04/26/2007,DBQ,IA,ACE,CE,Federal Contract Tower,0,11,29,0,40,0,0,0,0,0,0,11,29,0,40,0,0,0,40
04/27/2007,DBQ,IA,ACE,CE,Federal Contract Tower,0,12,27,0,39,0,1,104,0,105,0,13,131,0,144,84,0,84,228
04/28/2007,DBQ,IA,ACE,CE,Federal Contract Tower,0,5,7,0,12,0,0,36,0,36,0,5,43,0,48,24,0,24,72
04/29/2007,DBQ,IA,ACE,CE,Federal Contract Tower,0,7,14,0,21,0,0,34,0,34,0,7,48,0,55,32,0,32,87
04/30/2007,DBQ,IA,ACE,CE,Federal Contract Tower,0,13,12,0,25,0,0,70,0,70,0,13,82,0,95,84,0,84,179
05/01/2007,DBQ,IA,ACE,CE,Federal Contract Tower,0,11,21,0,32,0,1,108,0,109,0,12,129,0,141,74,0,74,215
05/02/2007,DBQ,IA,ACE,CE,Federal Contract Tower,0,12,15,0,27,0,1,67,0,68,0,13,82,0,95,40,0,40,135
05/03/2007,DBQ,IA,ACE,CE,Federal Contract Tower,0,13,19,2,34,0,1,85,0,86,0,14,104,2,120,46,0,46,166
05/04/2007,DBQ,IA,ACE,CE,Federal Contract Tower,0,15,27,0,42,0,2,43,0,45,0,17,70,0,87,44,0,44,131
05/05/2007,DBQ,IA,ACE,CE,Federal Contract Tower,0,5,13,0,18,0,0,11,0,11,0,5,24,0,29,0,0,0,29
05/06/2007,DBQ,IA,ACE,CE,Federal Contract Tower,0,8,8,0,16,0,0,12,0,12,0,8,20,0,28,20,0,20,48
05/07/2007,DBQ,IA,ACE,CE,Federal Contract Tower,0,11,12,0,23,0,0,55,0,55,0,11,67,0,78,32,0,32,110
05/08/2007,DBQ,IA,ACE,CE,Federal Contract Tower,0,12,22,2,36,0,0,99,0,99,0,12,121,2,135,44,0,44,179
05/09/2007,DBQ,IA,ACE,CE,Federal Contract Tower,0,19,23,0,42,0,1,90,0,91,0,20,113,0,133,44,0,44,177
05/10/2007,DBQ,IA,ACE,CE,Federal Contract Tower,0,13,14,0,27,0,0,78,4,82,0,13,92,4,109,66,0,66,175
05/11/2007,DBQ,IA,ACE,CE,Federal Contract Tower,0,15,18,0,33,0,4,93,0,97,0,19,111,0,130,52,0,52,182
05/12/2007,DBQ,IA,ACE,CE,Federal Contract Tower,0,7,5,0,12,0,0,45,0,45,0,7,50,0,57,42,0,42,99
05/13/2007,DBQ,IA,ACE,CE,Federal Contract Tower,0,8,10,0,18,0,0,20,0,20,0,8,30,0,38,8,0,8,46
05/14/2007,DBQ,IA,ACE,CE,Federal Contract Tower,0,12,13,0,25,0,0,22,0,22,0,12,35,0,47,24,0,24,71
05/15/2007,DBQ,IA,ACE,CE,Federal Contract Tower,0,11,21,0,32,0,0,5,0,5,0,11,26,0,37,18,0,18,55
05/16/2007,DBQ,IA,ACE,CE,Federal Contract Tower,0,13,24,0,37,0,1,105,0,106,0,14,129,0,143,64,0,64,207
05/17/2007,DBQ,IA,ACE,CE,Federal Contract Tower,0,13,22,0,35,0,2,117,0,119,0,15,139,0,154,56,0,56,210
05/18/2007,DBQ,IA,ACE,CE,Federal Contract Tower,0,14,36,0,50,0,1,79,0,80,0,15,115,0,130,30,0,30,160
05/19/2007,DBQ,IA,ACE,CE,Federal Contract Tower,0,5,6,0,11,0,0,47,0,47,0,5,53,0,58,16,0,16,74
05/20/2007,DBQ,IA,ACE,CE,Federal Contract Tower,0,7,5,0,12,0,0,43,0,43,0,7,48,0,55,2,0,2,57
05/21/2007,DBQ,IA,ACE,CE,Federal Contract Tower,0,11,20,0,31,0,0,70,0,70,0,11,90,0,101,40,0,40,141
05/22/2007,DBQ,IA,ACE,CE,Federal Contract Tower,0,11,14,0,25,0,0,35,0,35,0,11,49,0,60,6,0,6,66
05/23/2007,DBQ,IA,ACE,CE,Federal Contract Tower,0,12,12,0,24,0,0,10,0,10,0,12,22,0,34,8,0,8,42
05/24/2007,DBQ,IA,ACE,CE,Federal Contract Tower,0,12,23,0,35,0,3,12,0,15,0,15,35,0,50,20,0,20,70
05/25/2007,DBQ,IA,ACE,CE,Federal Contract Tower,0,14,26,0,40,0,0,74,2,76,0,14,100,2,116,84,0,84,200
05/26/2007,DBQ,IA,ACE,CE,Federal Contract Tower,0,10,6,0,16,0,1,0,0,1,0,11,6,0,17,0,0,0,17
05/27/2007,DBQ,IA,ACE,CE,Federal Contract Tower,0,8,8,0,16,0,0,25,0,25,0,8,33,0,41,28,0,28,69
05/28/2007,DBQ,IA,ACE,CE,Federal Contract Tower,0,8,11,0,19,0,0,15,0,15,0,8,26,0,34,20,0,20,54
05/29/2007,DBQ,IA,ACE,CE,Federal Contract Tower,0,13,17,0,30,0,0,65,0,65,0,13,82,0,95,46,0,46,141
05/30/2007,DBQ,IA,ACE,CE,Federal Contract Tower,0,16,18,0,34,0,0,54,0,54,0,16,72,0,88,32,0,32,120
05/31/2007,DBQ,IA,ACE,CE,Federal Contract Tower,0,15,36,0,51,0,2,44,0,46,0,17,80,0,97,20,0,20,117
06/01/2007,DBQ,IA,ACE,CE,Federal Contract Tower,0,12,32,0,44,0,0,4,0,4,0,12,36,0,48,0,0,0,48
06/02/2007,DBQ,IA,ACE,CE,Federal Contract Tower,0,3,8,0,11,0,0,13,0,13,0,3,21,0,24,6,0,6,30
06/03/2007,DBQ,IA,ACE,CE,Federal Contract Tower,0,8,15,0,23,0,0,6,0,6,0,8,21,0,29,16,0,16,45
06/04/2007,DBQ,IA,ACE,CE,Federal Contract Tower,0,11,29,0,40,0,0,31,0,31,0,11,60,0,71,58,0,58,129
06/05/2007,DBQ,IA,ACE,CE,Federal Contract Tower,0,13,21,0,34,0,0,59,0,59,0,13,80,0,93,80,0,80,173
06/06/2007,DBQ,IA,ACE,CE,Federal Contract Tower,0,12,17,0,29,0,0,31,0,31,0,12,48,0,60,32,0,32,92
06/07/2007,DBQ,IA,ACE,CE,Federal Contract Tower,0,10,15,0,25,0,0,2,0,2,0,10,17,0,27,0,0,0,27
06/08/2007,DBQ,IA,ACE,CE,Federal Contract Tower,0,12,18,0,30,0,1,53,0,54,0,13,71,0,84,64,0,64,148
06/09/2007,DBQ,IA,ACE,CE,Federal Contract Tower,0,5,7,0,12,0,0,49,2,51,0,5,56,2,63,30,0,30,93
06/10/2007,DBQ,IA,ACE,CE,Federal Contract Tower,0,9,6,0,15,0,0,40,0,40,0,9,46,0,55,34,0,34,89
06/11/2007,DBQ,IA,ACE,CE,Federal Contract Tower,0,14,13,0,27,0,0,87,0,87,0,14,100,0,114,42,0,42,156
06/12/2007,DBQ,IA,ACE,CE,Federal Contract Tower,0,14,19,0,33,0,0,94,0,94,0,14,113,0,127,60,0,60,187
06/13/2007,DBQ,IA,ACE,CE,Federal Contract Tower,0,16,22,0,38,0,1,89,0,90,0,17,111,0,128,74,0,74,202
06/14/2007,DBQ,IA,ACE,CE,Federal Contract Tower,0,15,21,0,36,0,0,79,0,79,0,15,100,0,115,4,0,4,119
06/15/2007,DBQ,IA,ACE,CE,Federal Contract Tower,0,13,15,0,28,0,1,54,0,55,0,14,69,0,83,32,0,32,115
06/16/2007,DBQ,IA,ACE,CE,Federal Contract Tower,0,7,10,0,17,0,0,48,0,48,0,7,58,0,65,60,0,60,125
06/17/2007,DBQ,IA,ACE,CE,Federal Contract Tower,0,9,4,0,13,0,0,18,0,18,0,9,22,0,31,30,0,30,61
06/18/2007,DBQ,IA,ACE,CE,Federal Contract Tower,0,12,9,0,21,0,0,25,0,25,0,12,34,0,46,0,0,0,46
06/19/2007,DBQ,IA,ACE,CE,Federal Contract Tower,0,18,31,0,49,0,0,77,0,77,0,18,108,0,126,74,0,74,200
06/20/2007,DBQ,IA,ACE,CE,Federal Contract Tower,0,14,17,0,31,0,2,99,0,101,0,16,116,0,132,68,0,68,200
06/21/2007,DBQ,IA,ACE,CE,Federal Contract Tower,0,11,16,0,27,0,0,70,0,70,0,11,86,0,97,42,0,42,139
06/22/2007,DBQ,IA,ACE,CE,Federal Contract Tower,0,11,18,0,29,0,0,32,0,32,0,11,50,0,61,40,0,40,101
06/23/2007,DBQ,IA,ACE,CE,Federal Contract Tower,0,7,17,0,24,0,0,0,0,0,0,7,17,0,24,0,0,0,24
06/24/2007,DBQ,IA,ACE,CE,Federal Contract Tower,0,11,18,0,29,0,0,10,0,10,0,11,28,0,39,4,0,4,43
06/25/2007,DBQ,IA,ACE,CE,Federal Contract Tower,0,11,26,0,37,0,0,47,0,47,0,11,73,0,84,0,0,0,84
06/26/2007,DBQ,IA,ACE,CE,Federal Contract Tower,0,10,22,1,33,0,1,86,0,87,0,11,108,1,120,30,2,32,152
06/27/2007,DBQ,IA,ACE,CE,Federal Contract Tower,0,11,17,0,28,0,0,40,0,40,0,11,57,0,68,34,0,34,102
06/28/2007,DBQ,IA,ACE,CE,Federal Contract Tower,0,12,31,0,43,0,0,90,0,90,0,12,121,0,133,40,0,40,173
06/29/2007,DBQ,IA,ACE,CE,Federal Contract Tower,0,11,28,0,39,0,0,87,0,87,0,11,115,0,126,40,0,40,166
06/30/2007,DBQ,IA,ACE,CE,Federal Contract Tower,0,8,8,2,18,0,0,38,0,38,0,8,46,2,56,54,0,54,110
07/01/2007,DBQ,IA,ACE,CE,Federal Contract Tower,0,7,6,0,13,0,0,37,1,38,0,7,43,1,51,26,4,30,81
07/02/2007,DBQ,IA,ACE,CE,Federal Contract Tower,0,14,11,1,26,0,0,52,4,56,0,14,63,5,82,32,0,32,114
07/03/2007,DBQ,IA,ACE,CE,Federal Contract Tower,0,10,12,0,22,0,0,62,4,66,0,10,74,4,88,26,4,30,118
07/04/2007,DBQ,IA,ACE,CE,Federal Contract Tower,0,8,12,1,21,0,0,15,0,15,0,8,27,1,36,0,0,0,36
07/05/2007,DBQ,IA,ACE,CE,Federal Contract Tower,0,15,7,6,28,0,0,81,0,81,0,15,88,6,109,76,6,82,191
07/06/2007,DBQ,IA,ACE,CE,Federal Contract Tower,0,11,11,1,23,0,0,63,0,63,0,11,74,1,86,84,0,84,170
07/07/2007,DBQ,IA,ACE,CE,Federal Contract Tower,0,7,13,0,20,0,0,67,0,67,0,7,80,0,87,70,0,70,157
07/08/2007,DBQ,IA,ACE,CE,Federal Contract Tower,0,7,12,0,19,0,0,26,0,26,0,7,38,0,45,2,0,2,47
07/09/2007,DBQ,IA,ACE,CE,Federal Contract Tower,0,11,31,0,42,0,1,39,0,40,0,12,70,0,82,8,0,8,90
07/10/2007,DBQ,IA,ACE,CE,Federal Contract Tower,0,11,33,0,44,0,0,63,0,63,0,11,96,0,107,20,0,20,127
07/11/2007,DBQ,IA,ACE,CE,Federal Contract Tower,0,11,16,0,27,0,0,56,0,56,0,11,72,0,83,58,2,60,143
07/12/2007,DBQ,IA,ACE,CE,Federal Contract Tower,0,12,24,0,36,0,0,65,0,65,0,12,89,0,101,62,0,62,163
07/13/2007,DBQ,IA,ACE,CE,Federal Contract Tower,0,11,12,0,23,0,0,75,0,75,0,11,87,0,98,104,0,104,202
07/14/2007,DBQ,IA,ACE,CE,Federal Contract Tower,0,9,13,0,22,0,0,30,0,30,0,9,43,0,52,2,0,2,54
07/15/2007,DBQ,IA,ACE,CE,Federal Contract Tower,0,8,10,0,18,0,0,27,0,27,0,8,37,0,45,12,0,12,57
07/16/2007,DBQ,IA,ACE,CE,Federal Contract Tower,0,12,15,0,27,0,2,11,4,17,0,14,26,4,44,16,0,16,60
07/17/2007,DBQ,IA,ACE,CE,Federal Contract Tower,0,14,7,0,21,0,0,16,0,16,0,14,23,0,37,0,0,0,37
07/18/2007,DBQ,IA,ACE,CE,Federal Contract Tower,0,13,14,0,27,0,0,49,0,49,0,13,63,0,76,52,0,52,128
07/19/2007,DBQ,IA,ACE,CE,Federal Contract Tower,0,13,20,0,33,0,0,77,0,77,0,13,97,0,110,8,0,8,118
07/20/2007,DBQ,IA,ACE,CE,Federal Contract Tower,0,13,19,0,32,0,1,166,2,169,0,14,185,2,201,32,0,32,233
07/21/2007,DBQ,IA,ACE,CE,Federal Contract Tower,0,9,10,0,19,0,0,225,0,225,0,9,235,0,244,14,0,14,258
07/22/2007,DBQ,IA,ACE,CE,Federal Contract Tower,0,11,17,0,28,0,1,114,0,115,0,12,131,0,143,18,0,18,161
07/23/2007,DBQ,IA,ACE,CE,Federal Contract Tower,0,13,23,0,36,0,3,35,0,38,0,16,58,0,74,18,0,18,92
07/24/2007,DBQ,IA,ACE,CE,Federal Contract Tower,0,11,16,0,27,0,0,55,0,55,0,11,71,0,82,42,0,42,124
07/25/2007,DBQ,IA,ACE,CE,Federal Contract Tower,0,12,30,0,42,0,1,48,0,49,0,13,78,0,91,52,4,56,147
07/26/2007,DBQ,IA,ACE,CE,Federal Contract Tower,0,8,29,1,38,0,1,46,0,47,0,9,75,1,85,16,0,16,101
07/27/2007,DBQ,IA,ACE,CE,Federal Contract Tower,0,12,33,0,45,0,0,40,0,40,0,12,73,0,85,24,0,24,109
07/28/2007,DBQ,IA,ACE,CE,Federal Contract Tower,0,9,20,2,31,0,0,41,0,41,0,9,61,2,72,54,0,54,126
07/29/2007,DBQ,IA,ACE,CE,Federal Contract Tower,0,11,23,0,34,0,1,59,0,60,0,12,82,0,94,0,0,0,94
07/30/2007,DBQ,IA,ACE,CE,Federal Contract Tower,0,12,24,0,36,0,1,71,0,72,0,13,95,0,108,42,0,42,150
07/31/2007,DBQ,IA,ACE,CE,Federal Contract Tower,0,11,11,2,24,0,0,53,0,53,0,11,64,2,77,54,2,56,133
08/01/2007,DBQ,IA,ACE,CE,Federal Contract Tower,0,13,18,0,31,0,0,70,0,70,0,13,88,0,101,76,0,76,177
08/02/2007,DBQ,IA,ACE,CE,Federal Contract Tower,0,11,19,0,30,0,0,38,0,38,0,11,57,0,68,20,0,20,88
08/03/2007,DBQ,IA,ACE,CE,Federal Contract Tower,0,11,9,0,20,0,0,62,0,62,0,11,71,0,82,62,0,62,144
08/04/2007,DBQ,IA,ACE,CE,Federal Contract Tower,0,8,1,0,9,0,1,18,0,19,0,9,19,0,28,18,0,18,46
08/05/2007,DBQ,IA,ACE,CE,Federal Contract Tower,0,7,8,0,15,0,0,9,0,9,0,7,17,0,24,0,0,0,24
08/06/2007,DBQ,IA,ACE,CE,Federal Contract Tower,0,11,13,0,24,0,1,3,0,4,0,12,16,0,28,0,0,0,28
08/07/2007,DBQ,IA,ACE,CE,Federal Contract Tower,0,13,17,0,30,0,0,51,0,51,0,13,68,0,81,68,0,68,149
08/08/2007,DBQ,IA,ACE,CE,Federal Contract Tower,0,11,11,0,22,0,0,40,0,40,0,11,51,0,62,88,0,88,150
08/09/2007,DBQ,IA,ACE,CE,Federal Contract Tower,0,15,25,1,41,0,0,34,0,34,0,15,59,1,75,30,1,31,106
08/10/2007,DBQ,IA,ACE,CE,Federal Contract Tower,0,12,6,0,18,0,0,66,0,66,0,12,72,0,84,136,0,136,220
08/11/2007,DBQ,IA,ACE,CE,Federal Contract Tower,0,7,6,0,13,0,0,16,0,16,0,7,22,0,29,2,0,2,31
08/12/2007,DBQ,IA,ACE,CE,Federal Contract Tower,0,7,7,0,14,0,0,25,0,25,0,7,32,0,39,12,0,12,51
08/13/2007,DBQ,IA,ACE,CE,Federal Contract Tower,0,11,17,0,28,0,0,57,0,57,0,11,74,0,85,40,0,40,125
08/14/2007,DBQ,IA,ACE,CE,Federal Contract Tower,0,12,29,2,43,0,0,44,0,44,0,12,73,2,87,48,0,48,135
08/15/2007,DBQ,IA,ACE,CE,Federal Contract Tower,0,13,15,0,28,0,0,33,0,33,0,13,48,0,61,10,0,10,71
08/16/2007,DBQ,IA,ACE,CE,Federal Contract Tower,0,10,24,0,34,0,0,48,0,48,0,10,72,0,82,76,9,85,167
08/17/2007,DBQ,IA,ACE,CE,Federal Contract Tower,0,13,23,0,36,0,0,42,0,42,0,13,65,0,78,16,0,16,94
08/18/2007,DBQ,IA,ACE,CE,Federal Contract Tower,0,7,4,0,11,0,0,4,0,4,0,7,8,0,15,6,0,6,21
08/19/2007,DBQ,IA,ACE,CE,Federal Contract Tower,0,7,6,0,13,0,0,0,0,0,0,7,6,0,13,0,0,0,13
08/20/2007,DBQ,IA,ACE,CE,Federal Contract Tower,0,10,25,0,35,0,1,8,0,9,0,11,33,0,44,4,0,4,48
08/21/2007,DBQ,IA,ACE,CE,Federal Contract Tower,0,12,21,0,33,0,0,25,0,25,0,12,46,0,58,58,0,58,116
08/22/2007,DBQ,IA,ACE,CE,Federal Contract Tower,0,14,19,0,33,0,0,32,0,32,0,14,51,0,65,44,0,44,109
08/23/2007,DBQ,IA,ACE,CE,Federal Contract Tower,0,13,15,0,28,0,2,9,0,11,0,15,24,0,39,0,0,0,39
08/24/2007,DBQ,IA,ACE,CE,Federal Contract Tower,0,17,27,0,44,0,0,9,0,9,0,17,36,0,53,4,0,4,57
08/25/2007,DBQ,IA,ACE,CE,Federal Contract Tower,0,9,6,0,15,0,1,26,0,27,0,10,32,0,42,22,0,22,64
08/26/2007,DBQ,IA,ACE,CE,Federal Contract Tower,0,10,12,0,22,0,1,46,0,47,0,11,58,0,69,20,0,20,89
08/27/2007,DBQ,IA,ACE,CE,Federal Contract Tower,0,11,19,0,30,0,0,12,0,12,0,11,31,0,42,48,0,48,90
08/28/2007,DBQ,IA,ACE,CE,Federal Contract Tower,0,10,19,0,29,0,0,77,0,77,0,10,96,0,106,74,2,76,182
08/29/2007,DBQ,IA,ACE,CE,Federal Contract Tower,0,12,26,0,38,0,0,35,0,35,0,12,61,0,73,58,0,58,131
08/30/2007,DBQ,IA,ACE,CE,Federal Contract Tower,0,12,14,4,30,0,1,132,0,133,0,13,146,4,163,120,4,124,287
08/31/2007,DBQ,IA,ACE,CE,Federal Contract Tower,0,12,15,0,27,0,0,168,0,168,0,12,183,0,195,128,0,128,323
09/01/2007,DBQ,IA,ACE,CE,Federal Contract Tower,0,9,16,0,25,0,1,87,0,88,0,10,103,0,113,30,0,30,143
09/02/2007,DBQ,IA,ACE,CE,Federal Contract Tower,0,7,12,0,19,0,0,24,0,24,0,7,36,0,43,18,0,18,61
09/03/2007,DBQ,IA,ACE,CE,Federal Contract Tower,0,5,17,0,22,0,0,54,0,54,0,5,71,0,76,8,0,8,84
09/04/2007,DBQ,IA,ACE,CE,Federal Contract Tower,0,15,17,0,32,0,0,100,0,100,0,15,117,0,132,72,0,72,204
09/05/2007,DBQ,IA,ACE,CE,Federal Contract Tower,0,16,25,2,43,0,0,117,0,117,0,16,142,2,160,134,0,134,294
09/06/2007,DBQ,IA,ACE,CE,Federal Contract Tower,0,17,27,0,44,0,0,16,0,16,0,17,43,0,60,4,0,4,64
09/07/2007,DBQ,IA,ACE,CE,Federal Contract Tower,0,13,25,2,40,0,0,40,0,40,0,13,65,2,80,50,0,50,130
09/08/2007,DBQ,IA,ACE,CE,Federal Contract Tower,0,5,9,0,14,0,0,132,0,132,0,5,141,0,146,138,0,138,284
09/09/2007,DBQ,IA,ACE,CE,Federal Contract Tower,0,8,25,0,33,0,1,120,0,121,0,9,145,0,154,90,0,90,244
09/10/2007,DBQ,IA,ACE,CE,Federal Contract Tower,0,15,22,0,37,0,0,2,0,2,0,15,24,0,39,4,0,4,43
09/11/2007,DBQ,IA,ACE,CE,Federal Contract Tower,0,13,20,0,33,0,0,51,0,51,0,13,71,0,84,54,0,54,138
09/12/2007,DBQ,IA,ACE,CE,Federal Contract Tower,0,13,20,0,33,0,0,115,4,119,0,13,135,4,152,244,0,244,396
09/13/2007,DBQ,IA,ACE,CE,Federal Contract Tower,0,16,24,0,40,0,0,130,0,130,0,16,154,0,170,164,0,164,334
09/14/2007,DBQ,IA,ACE,CE,Federal Contract Tower,0,15,17,0,32,0,0,153,0,153,0,15,170,0,185,134,0,134,319
09/15/2007,DBQ,IA,ACE,CE,Federal Contract Tower,0,9,12,0,21,0,0,139,0,139,0,9,151,0,160,196,0,196,356
09/16/2007,DBQ,IA,ACE,CE,Federal Contract Tower,0,7,11,0,18,0,0,55,0,55,0,7,66,0,73,198,0,198,271
09/17/2007,DBQ,IA,ACE,CE,Federal Contract Tower,0,13,11,0,24,0,0,104,0,104,0,13,115,0,128,114,0,114,242
09/18/2007,DBQ,IA,ACE,CE,Federal Contract Tower,0,15,19,0,34,0,0,105,0,105,0,15,124,0,139,218,0,218,357
09/19/2007,DBQ,IA,ACE,CE,Federal Contract Tower,0,11,45,1,57,0,0,52,4,56,0,11,97,5,113,34,0,34,147
09/20/2007,DBQ,IA,ACE,CE,Federal Contract Tower,0,9,36,0,45,0,4,130,0,134,0,13,166,0,179,102,0,102,281
09/21/2007,DBQ,IA,ACE,CE,Federal Contract Tower,0,12,23,0,35,0,0,71,0,71,0,12,94,0,106,58,0,58,164
09/22/2007,DBQ,IA,ACE,CE,Federal Contract Tower,0,5,13,0,18,0,0,109,0,109,0,5,122,0,127,168,0,168,295
09/23/2007,DBQ,IA,ACE,CE,Federal Contract Tower,0,8,13,0,21,0,1,71,0,72,0,9,84,0,93,80,0,80,173
09/24/2007,DBQ,IA,ACE,CE,Federal Contract Tower,0,14,14,0,28,0,2,102,0,104,0,16,116,0,132,114,0,114,246
09/25/2007,DBQ,IA,ACE,CE,Federal Contract Tower,0,18,18,0,36,0,0,0,0,0,0,18,18,0,36,0,0,0,36
09/26/2007,DBQ,IA,ACE,CE,Federal Contract Tower,0,13,21,2,36,0,0,109,0,109,0,13,130,2,145,290,0,290,435
09/27/2007,DBQ,IA,ACE,CE,Federal Contract Tower,0,14,28,0,42,0,0,125,0,125,0,14,153,0,167,359,0,359,526
09/28/2007,DBQ,IA,ACE,CE,Federal Contract Tower,0,15,16,0,31,0,1,144,0,145,0,16,160,0,176,140,0,140,316
09/29/2007,DBQ,IA,ACE,CE,Federal Contract Tower,0,5,10,0,15,0,0,54,0,54,0,5,64,0,69,110,0,110,179
09/30/2007,DBQ,IA,ACE,CE,Federal Contract Tower,0,9,6,0,15,0,0,20,0,20,0,9,26,0,35,14,0,14,49
10/01/2007,DBQ,IA,ACE,CE,Federal Contract Tower,2,11,37,0,50,0,0,34,0,34,2,11,71,0,84,74,0,74,158
10/02/2007,DBQ,IA,ACE,CE,Federal Contract Tower,0,16,0,0,16,0,0,49,0,49,0,16,49,0,65,135,0,135,200
10/03/2007,DBQ,IA,ACE,CE,Federal Contract Tower,0,13,16,0,29,0,1,145,2,148,0,14,161,2,177,352,2,354,531
10/04/2007,DBQ,IA,ACE,CE,Federal Contract Tower,0,11,25,2,38,0,0,125,0,125,0,11,150,2,163,266,2,268,431
10/05/2007,DBQ,IA,ACE,CE,Federal Contract Tower,2,15,14,0,31,0,0,127,0,127,2,15,141,0,158,262,0,262,420
10/06/2007,DBQ,IA,ACE,CE,Federal Contract Tower,0,11,7,0,18,0,1,111,0,112,0,12,118,0,130,122,0,122,252
10/07/2007,DBQ,IA,ACE,CE,Federal Contract Tower,0,10,12,0,22,0,1,63,0,64,0,11,75,0,86,0,0,0,86
10/08/2007,DBQ,IA,ACE,CE,Federal Contract Tower,0,9,24,0,33,0,0,30,0,30,0,9,54,0,63,44,0,44,107
10/09/2007,DBQ,IA,ACE,CE,Federal Contract Tower,0,13,17,0,30,0,1,81,0,82,0,14,98,0,112,118,0,118,230
10/10/2007,DBQ,IA,ACE,CE,Federal Contract Tower,0,13,12,0,25,0,1,102,0,103,0,14,114,0,128,254,0,254,382
10/11/2007,DBQ,IA,ACE,CE,Federal Contract Tower,0,13,26,0,39,0,0,75,0,75,0,13,101,0,114,276,0,276,390
10/12/2007,DBQ,IA,ACE,CE,Federal Contract Tower,0,12,21,0,33,0,0,122,0,122,0,12,143,0,155,234,0,234,389
10/13/2007,DBQ,IA,ACE,CE,Federal Contract Tower,0,5,23,0,28,0,0,56,0,56,0,5,79,0,84,112,0,112,196
10/14/2007,DBQ,IA,ACE,CE,Federal Contract Tower,0,7,12,0,19,0,0,2,0,2,0,7,14,0,21,4,0,4,25
10/15/2007,DBQ,IA,ACE,CE,Federal Contract Tower,0,11,34,0,45,0,0,56,0,56,0,11,90,0,101,206,0,206,307
10/16/2007,DBQ,IA,ACE,CE,Federal Contract Tower,0,11,26,0,37,0,0,14,0,14,0,11,40,0,51,76,0,76,127
10/17/2007,DBQ,IA,ACE,CE,Federal Contract Tower,0,12,20,0,32,0,0,127,9,136,0,12,147,9,168,200,0,200,368
10/18/2007,DBQ,IA,ACE,CE,Federal Contract Tower,0,12,17,0,29,0,12,17,0,29,0,24,34,0,58,0,0,0,58
10/19/2007,DBQ,IA,ACE,CE,Federal Contract Tower,0,13,16,0,29,0,1,8,0,9,0,14,24,0,38,0,0,0,38
10/20/2007,DBQ,IA,ACE,CE,Federal Contract Tower,0,8,24,0,32,0,0,85,0,85,0,8,109,0,117,178,0,178,295
10/21/2007,DBQ,IA,ACE,CE,Federal Contract Tower,0,11,10,0,21,0,1,24,0,25,0,12,34,0,46,16,0,16,62
10/22/2007,DBQ,IA,ACE,CE,Federal Contract Tower,0,11,12,2,25,0,0,102,0,102,0,11,114,2,127,118,0,118,245
10/23/2007,DBQ,IA,ACE,CE,Federal Contract Tower,0,13,24,0,37,0,0,157,0,157,0,13,181,0,194,364,0,364,558
10/24/2007,DBQ,IA,ACE,CE,Federal Contract Tower,0,13,30,0,43,0,0,135,0,135,0,13,165,0,178,290,0,290,468
10/25/2007,DBQ,IA,ACE,CE,Federal Contract Tower,0,13,23,2,38,0,0,160,0,160,0,13,183,2,198,278,0,278,476
10/26/2007,DBQ,IA,ACE,CE,Federal Contract Tower,0,11,52,2,65,0,0,12,0,12,0,11,64,2,77,28,0,28,105
10/27/2007,DBQ,IA,ACE,CE,Federal Contract Tower,0,5,17,0,22,0,0,87,0,87,0,5,104,0,109,146,0,146,255
10/28/2007,DBQ,IA,ACE,CE,Federal Contract Tower,0,10,16,0,26,0,2,71,0,73,0,12,87,0,99,22,0,22,121
10/29/2007,DBQ,IA,ACE,CE,Federal Contract Tower,0,10,21,0,31,0,0,123,0,123,0,10,144,0,154,130,0,130,284
10/30/2007,DBQ,IA,ACE,CE,Federal Contract Tower,0,14,21,2,37,0,0,145,0,145,0,14,166,2,182,348,0,348,530
10/31/2007,DBQ,IA,ACE,CE,Federal Contract Tower,0,15,16,0,31,0,1,98,0,99,0,16,114,0,130,184,0,184,314
11/01/2007,DBQ,IA,ACE,CE,Federal Contract Tower,0,11,16,0,27,0,0,118,0,118,0,11,134,0,145,298,0,298,443
11/02/2007,DBQ,IA,ACE,CE,Federal Contract Tower,0,15,16,0,31,0,0,118,0,118,0,15,134,0,149,154,0,154,303
11/03/2007,DBQ,IA,ACE,CE,Federal Contract Tower,0,5,11,0,16,0,0,118,0,118,0,5,129,0,134,192,0,192,326
11/04/2007,DBQ,IA,ACE,CE,Federal Contract Tower,0,7,4,0,11,0,0,49,0,49,0,7,53,0,60,38,0,38,98
11/05/2007,DBQ,IA,ACE,CE,Federal Contract Tower,0,13,7,0,20,0,2,0,0,2,0,15,7,0,22,0,0,0,22
11/06/2007,DBQ,IA,ACE,CE,Federal Contract Tower,0,11,9,0,20,0,0,66,0,66,0,11,75,0,86,196,0,196,282
11/07/2007,DBQ,IA,ACE,CE,Federal Contract Tower,0,10,20,0,30,0,0,112,0,112,0,10,132,0,142,274,0,274,416
11/08/2007,DBQ,IA,ACE,CE,Federal Contract Tower,0,12,18,0,30,0,1,139,0,140,0,13,157,0,170,268,0,268,438
11/09/2007,DBQ,IA,ACE,CE,Federal Contract Tower,0,14,12,0,26,0,2,126,0,128,0,16,138,0,154,186,0,186,340
11/10/2007,DBQ,IA,ACE,CE,Federal Contract Tower,0,5,14,0,19,0,0,112,0,112,0,5,126,0,131,180,0,180,311
11/11/2007,DBQ,IA,ACE,CE,Federal Contract Tower,0,9,18,0,27,0,2,0,0,2,0,11,18,0,29,0,0,0,29
11/12/2007,DBQ,IA,ACE,CE,Federal Contract Tower,0,10,25,0,35,0,1,115,0,116,0,11,140,0,151,142,0,142,293
11/13/2007,DBQ,IA,ACE,CE,Federal Contract Tower,0,14,25,0,39,0,0,123,0,123,0,14,148,0,162,300,0,300,462
11/14/2007,DBQ,IA,ACE,CE,Federal Contract Tower,0,10,17,0,27,0,0,12,0,12,0,10,29,0,39,22,0,22,61
11/15/2007,DBQ,IA,ACE,CE,Federal Contract Tower,0,15,27,0,42,0,1,96,0,97,0,16,123,0,139,214,0,214,353
11/16/2007,DBQ,IA,ACE,CE,Federal Contract Tower,0,13,22,0,35,0,0,83,0,83,0,13,105,0,118,184,0,184,302
11/17/2007,DBQ,IA,ACE,CE,Federal Contract Tower,0,5,26,0,31,0,0,75,0,75,0,5,101,0,106,134,0,134,240
11/18/2007,DBQ,IA,ACE,CE,Federal Contract Tower,0,8,6,0,14,0,0,36,0,36,0,8,42,0,50,18,0,18,68
11/19/2007,DBQ,IA,ACE,CE,Federal Contract Tower,0,8,13,0,21,0,0,0,0,0,0,8,13,0,21,0,0,0,21
11/20/2007,DBQ,IA,ACE,CE,Federal Contract Tower,0,9,17,0,26,0,0,0,0,0,0,9,17,0,26,0,0,0,26
11/21/2007,DBQ,IA,ACE,CE,Federal Contract Tower,0,8,9,2,19,0,0,0,0,0,0,8,9,2,19,28,0,28,47
11/22/2007,DBQ,IA,ACE,CE,Federal Contract Tower,0,6,3,0,9,0,0,5,0,5,0,6,8,0,14,10,0,10,24
11/23/2007,DBQ,IA,ACE,CE,Federal Contract Tower,0,9,8,0,17,0,0,35,0,35,0,9,43,0,52,102,0,102,154
11/24/2007,DBQ,IA,ACE,CE,Federal Contract Tower,0,5,4,0,9,0,2,33,0,35,0,7,37,0,44,62,0,62,106
11/25/2007,DBQ,IA,ACE,CE,Federal Contract Tower,2,8,13,0,23,0,1,15,0,16,2,9,28,0,39,20,0,20,59
11/26/2007,DBQ,IA,ACE,CE,Federal Contract Tower,0,13,16,0,29,0,1,78,0,79,0,14,94,0,108,212,0,212,320
11/27/2007,DBQ,IA,ACE,CE,Federal Contract Tower,0,14,16,0,30,0,2,126,0,128,0,16,142,0,158,260,6,266,424
11/28/2007,DBQ,IA,ACE,CE,Federal Contract Tower,0,12,11,0,23,0,0,30,0,30,0,12,41,0,53,50,0,50,103
11/29/2007,DBQ,IA,ACE,CE,Federal Contract Tower,0,12,34,0,46,0,0,71,0,71,0,12,105,0,117,258,0,258,375
11/30/2007,DBQ,IA,ACE,CE,Federal Contract Tower,0,13,17,0,30,0,0,108,0,108,0,13,125,0,138,118,0,118,256
12/01/2007,DBQ,IA,ACE,CE,Federal Contract Tower,0,7,1,0,8,0,0,0,0,0,0,7,1,0,8,0,0,0,8
12/02/2007,DBQ,IA,ACE,CE,Federal Contract Tower,0,4,5,0,9,0,0,0,0,0,0,4,5,0,9,0,0,0,9
12/03/2007,DBQ,IA,ACE,CE,Federal Contract Tower,0,14,10,0,24,0,0,103,0,103,0,14,113,0,127,176,0,176,303
12/04/2007,DBQ,IA,ACE,CE,Federal Contract Tower,0,9,16,0,25,0,1,33,0,34,0,10,49,0,59,136,0,136,195
12/05/2007,DBQ,IA,ACE,CE,Federal Contract Tower,0,9,10,0,19,0,0,40,0,40,0,9,50,0,59,34,0,34,93
12/06/2007,DBQ,IA,ACE,CE,Federal Contract Tower,0,6,21,0,27,0,2,50,0,52,0,8,71,0,79,70,0,70,149
12/07/2007,DBQ,IA,ACE,CE,Federal Contract Tower,0,12,14,0,26,0,2,18,0,20,0,14,32,0,46,26,0,26,72
12/08/2007,DBQ,IA,ACE,CE,Federal Contract Tower,0,6,4,0,10,0,0,58,0,58,0,6,62,0,68,84,0,84,152
12/09/2007,DBQ,IA,ACE,CE,Federal Contract Tower,0,12,13,0,25,0,2,0,0,2,0,14,13,0,27,0,0,0,27
12/10/2007,DBQ,IA,ACE,CE,Federal Contract Tower,0,10,27,0,37,0,2,1,0,3,0,12,28,0,40,0,0,0,40
12/11/2007,DBQ,IA,ACE,CE,Federal Contract Tower,0,4,2,0,6,0,0,0,0,0,0,4,2,0,6,0,0,0,6
12/12/2007,DBQ,IA,ACE,CE,Federal Contract Tower,0,13,22,0,35,0,0,59,0,59,0,13,81,0,94,82,0,82,176
12/13/2007,DBQ,IA,ACE,CE,Federal Contract Tower,0,8,18,0,26,0,0,19,0,19,0,8,37,0,45,10,0,10,55
12/14/2007,DBQ,IA,ACE,CE,Federal Contract Tower,0,12,26,0,38,0,0,51,0,51,0,12,77,0,89,86,0,86,175
12/15/2007,DBQ,IA,ACE,CE,Federal Contract Tower,0,5,3,0,8,0,0,0,0,0,0,5,3,0,8,0,0,0,8
12/16/2007,DBQ,IA,ACE,CE,Federal Contract Tower,0,7,4,0,11,0,0,0,0,0,0,7,4,0,11,0,0,0,11
12/17/2007,DBQ,IA,ACE,CE,Federal Contract Tower,0,10,21,0,31,0,2,57,0,59,0,12,78,0,90,80,0,80,170
12/18/2007,DBQ,IA,ACE,CE,Federal Contract Tower,0,14,17,0,31,0,0,53,0,53,0,14,70,0,84,78,0,78,162
12/19/2007,DBQ,IA,ACE,CE,Federal Contract Tower,0,0,16,0,16,0,0,0,0,0,0,0,16,0,16,0,0,0,16
12/20/2007,DBQ,IA,ACE,CE,Federal Contract Tower,0,9,24,0,33,0,0,0,0,0,0,9,24,0,33,0,0,0,33
12/21/2007,DBQ,IA,ACE,CE,Federal Contract Tower,0,1,2,0,3,0,0,0,0,0,0,1,2,0,3,0,0,0,3
12/22/2007,DBQ,IA,ACE,CE,Federal Contract Tower,0,0,2,0,2,0,0,0,0,0,0,0,2,0,2,0,0,0,2
12/23/2007,DBQ,IA,ACE,CE,Federal Contract Tower,0,3,0,0,3,0,1,0,0,1,0,4,0,0,4,0,0,0,4
12/24/2007,DBQ,IA,ACE,CE,Federal Contract Tower,0,8,3,0,11,0,0,0,0,0,0,8,3,0,11,0,0,0,11
12/25/2007,DBQ,IA,ACE,CE,Federal Contract Tower,0,2,0,0,2,0,0,2,0,2,0,2,2,0,4,0,0,0,4
12/26/2007,DBQ,IA,ACE,CE,Federal Contract Tower,0,12,11,0,23,0,0,39,0,39,0,12,50,0,62,64,0,64,126
12/27/2007,DBQ,IA,ACE,CE,Federal Contract Tower,0,11,18,0,29,0,0,11,0,11,0,11,29,0,40,16,0,16,56
12/28/2007,DBQ,IA,ACE,CE,Federal Contract Tower,0,7,3,0,10,0,0,0,0,0,0,7,3,0,10,0,0,0,10
12/29/2007,DBQ,IA,ACE,CE,Federal Contract Tower,0,4,5,0,9,0,0,2,0,2,0,4,7,0,11,0,0,0,11
12/30/2007,DBQ,IA,ACE,CE,Federal Contract Tower,0,10,3,0,13,0,0,2,0,2,0,10,5,0,15,0,0,0,15
12/31/2007,DBQ,IA,ACE,CE,Federal Contract Tower,0,9,2,0,11,0,0,0,0,0,0,9,2,0,11,0,0,0,11
01/01/2008,DBQ,IA,ACE,CE,Federal Contract Tower,0,6,2,0,8,0,0,2,0,2,0,6,4,0,10,28,0,28,38
01/02/2008,DBQ,IA,ACE,CE,Federal Contract Tower,0,12,20,0,32,0,0,28,0,28,0,12,48,0,60,20,0,20,80
01/03/2008,DBQ,IA,ACE,CE,Federal Contract Tower,0,9,22,0,31,0,0,32,0,32,0,9,54,0,63,24,0,24,87
01/04/2008,DBQ,IA,ACE,CE,Federal Contract Tower,0,12,15,0,27,0,0,72,0,72,0,12,87,0,99,118,0,118,217
01/05/2008,DBQ,IA,ACE,CE,Federal Contract Tower,0,5,15,2,22,0,0,7,0,7,0,5,22,2,29,72,0,72,101
01/06/2008,DBQ,IA,ACE,CE,Federal Contract Tower,0,0,2,0,2,0,0,0,0,0,0,0,2,0,2,0,0,0,2
01/07/2008,DBQ,IA,ACE,CE,Federal Contract Tower,0,3,3,0,6,0,0,0,0,0,0,3,3,0,6,0,0,0,6
01/08/2008,DBQ,IA,ACE,CE,Federal Contract Tower,0,5,5,0,10,0,0,0,0,0,0,5,5,0,10,0,0,0,10
01/09/2008,DBQ,IA,ACE,CE,Federal Contract Tower,0,10,24,6,40,0,2,76,0,78,0,12,100,6,118,91,0,91,209
01/10/2008,DBQ,IA,ACE,CE,Federal Contract Tower,0,9,15,0,24,0,0,31,0,31,0,9,46,0,55,18,0,18,73
01/11/2008,DBQ,IA,ACE,CE,Federal Contract Tower,0,10,13,0,23,0,0,0,0,0,0,10,13,0,23,0,0,0,23
01/12/2008,DBQ,IA,ACE,CE,Federal Contract Tower,0,10,9,0,19,0,0,8,0,8,0,10,17,0,27,64,0,64,91
01/13/2008,DBQ,IA,ACE,CE,Federal Contract Tower,0,7,3,0,10,0,0,13,0,13,0,7,16,0,23,24,0,24,47
01/14/2008,DBQ,IA,ACE,CE,Federal Contract Tower,0,12,5,0,17,0,0,49,0,49,0,12,54,0,66,88,0,88,154
01/15/2008,DBQ,IA,ACE,CE,Federal Contract Tower,0,11,20,0,31,0,0,134,0,134,0,11,154,0,165,300,0,300,465
01/16/2008,DBQ,IA,ACE,CE,Federal Contract Tower,0,11,8,1,20,0,0,109,0,109,0,11,117,1,129,230,0,230,359
01/17/2008,DBQ,IA,ACE,CE,Federal Contract Tower,0,10,10,0,20,0,0,0,0,0,0,10,10,0,20,0,0,0,20
01/18/2008,DBQ,IA,ACE,CE,Federal Contract Tower,0,13,23,0,36,0,0,32,0,32,0,13,55,0,68,72,0,72,140
01/19/2008,DBQ,IA,ACE,CE,Federal Contract Tower,0,5,12,0,17,0,0,14,0,14,0,5,26,0,31,18,0,18,49
01/20/2008,DBQ,IA,ACE,CE,Federal Contract Tower,0,10,7,0,17,0,1,12,0,13,0,11,19,0,30,8,0,8,38
01/21/2008,DBQ,IA,ACE,CE,Federal Contract Tower,0,7,7,0,14,0,0,0,0,0,0,7,7,0,14,0,0,0,14
01/22/2008,DBQ,IA,ACE,CE,Federal Contract Tower,0,14,25,0,39,0,0,39,0,39,0,14,64,0,78,14,0,14,92
01/23/2008,DBQ,IA,ACE,CE,Federal Contract Tower,2,12,22,0,36,0,0,7,0,7,2,12,29,0,43,0,0,0,43
01/24/2008,DBQ,IA,ACE,CE,Federal Contract Tower,0,12,19,0,31,0,0,25,0,25,0,12,44,0,56,16,0,16,72
01/25/2008,DBQ,IA,ACE,CE,Federal Contract Tower,0,12,15,0,27,0,0,31,0,31,0,12,46,0,58,32,0,32,90
01/26/2008,DBQ,IA,ACE,CE,Federal Contract Tower,0,14,10,0,24,0,0,88,2,90,0,14,98,2,114,164,0,164,278
01/27/2008,DBQ,IA,ACE,CE,Federal Contract Tower,0,7,16,0,23,0,0,48,0,48,0,7,64,0,71,64,0,64,135
01/28/2008,DBQ,IA,ACE,CE,Federal Contract Tower,0,9,10,0,19,0,0,72,0,72,0,9,82,0,91,32,0,32,123
01/29/2008,DBQ,IA,ACE,CE,Federal Contract Tower,0,12,8,0,20,0,0,0,0,0,0,12,8,0,20,0,0,0,20
01/30/2008,DBQ,IA,ACE,CE,Federal Contract Tower,0,8,7,0,15,0,3,67,0,70,0,11,74,0,85,100,0,100,185
01/31/2008,DBQ,IA,ACE,CE,Federal Contract Tower,0,10,15,0,25,0,0,94,0,94,0,10,109,0,119,156,0,156,275
02/01/2008,DBQ,IA,ACE,CE,Federal Contract Tower,0,13,8,2,23,0,1,0,0,1,0,14,8,2,24,0,0,0,24
02/02/2008,DBQ,IA,ACE,CE,Federal Contract Tower,0,3,3,0,6,0,0,2,0,2,0,3,5,0,8,0,0,0,8
02/03/2008,DBQ,IA,ACE,CE,Federal Contract Tower,0,6,0,0,6,0,0,0,0,0,0,6,0,0,6,0,0,0,6
02/04/2008,DBQ,IA,ACE,CE,Federal Contract Tower,0,7,4,0,11,0,0,0,0,0,0,7,4,0,11,0,0,0,11
02/05/2008,DBQ,IA,ACE,CE,Federal Contract Tower,0,4,5,0,9,0,0,3,0,3,0,4,8,0,12,22,0,22,34
02/06/2008,DBQ,IA,ACE,CE,Federal Contract Tower,0,1,1,0,2,0,0,0,0,0,0,1,1,0,2,0,0,0,2
02/07/2008,DBQ,IA,ACE,CE,Federal Contract Tower,0,16,7,0,23,0,0,0,0,0,0,16,7,0,23,0,0,0,23
02/08/2008,DBQ,IA,ACE,CE,Federal Contract Tower,0,10,14,0,24,0,0,19,0,19,0,10,33,0,43,50,0,50,93
02/09/2008,DBQ,IA,ACE,CE,Federal Contract Tower,0,5,3,0,8,0,0,0,0,0,0,5,3,0,8,0,0,0,8
02/10/2008,DBQ,IA,ACE,CE,Federal Contract Tower,0,6,1,0,7,0,1,1,0,2,0,7,2,0,9,0,0,0,9
02/11/2008,DBQ,IA,ACE,CE,Federal Contract Tower,0,18,11,0,29,0,0,5,0,5,0,18,16,0,34,22,0,22,56
02/12/2008,DBQ,IA,ACE,CE,Federal Contract Tower,0,9,17,0,26,0,0,0,0,0,0,9,17,0,26,2,0,2,28
02/13/2008,DBQ,IA,ACE,CE,Federal Contract Tower,0,14,20,5,39,0,0,147,0,147,0,14,167,5,186,290,0,290,476
02/14/2008,DBQ,IA,ACE,CE,Federal Contract Tower,0,13,13,1,27,0,0,78,0,78,0,13,91,1,105,60,0,60,165
02/15/2008,DBQ,IA,ACE,CE,Federal Contract Tower,0,15,15,0,30,0,0,166,0,166,0,15,181,0,196,198,0,198,394
02/16/2008,DBQ,IA,ACE,CE,Federal Contract Tower,0,5,8,0,13,0,0,149,0,149,0,5,157,0,162,152,0,152,314
02/17/2008,DBQ,IA,ACE,CE,Federal Contract Tower,0,0,0,0,0,0,0,0,0,0,0,0,0,0,0,0,0,0,0
02/18/2008,DBQ,IA,ACE,CE,Federal Contract Tower,0,7,6,0,13,0,0,2,0,2,0,7,8,0,15,0,0,0,15
02/19/2008,DBQ,IA,ACE,CE,Federal Contract Tower,0,11,7,0,18,0,1,23,0,24,0,12,30,0,42,48,0,48,90
02/20/2008,DBQ,IA,ACE,CE,Federal Contract Tower,0,12,14,0,26,0,1,99,0,100,0,13,113,0,126,140,0,140,266
02/21/2008,DBQ,IA,ACE,CE,Federal Contract Tower,0,11,16,0,27,0,0,123,0,123,0,11,139,0,150,202,0,202,352
02/22/2008,DBQ,IA,ACE,CE,Federal Contract Tower,0,11,16,0,27,0,2,113,4,119,0,13,129,4,146,172,0,172,318
02/23/2008,DBQ,IA,ACE,CE,Federal Contract Tower,0,5,16,0,21,0,0,112,0,112,0,5,128,0,133,148,0,148,281
02/24/2008,DBQ,IA,ACE,CE,Federal Contract Tower,0,7,9,0,16,0,1,40,0,41,0,8,49,0,57,48,0,48,105
02/25/2008,DBQ,IA,ACE,CE,Federal Contract Tower,0,1,4,0,5,0,0,0,0,0,0,1,4,0,5,0,0,0,5
02/26/2008,DBQ,IA,ACE,CE,Federal Contract Tower,0,9,14,0,23,0,0,28,0,28,0,9,42,0,51,42,0,42,93
02/27/2008,DBQ,IA,ACE,CE,Federal Contract Tower,0,11,20,0,31,0,0,128,0,128,0,11,148,0,159,238,0,238,397
02/28/2008,DBQ,IA,ACE,CE,Federal Contract Tower,0,15,14,0,29,0,0,85,0,85,0,15,99,0,114,146,0,146,260
02/29/2008,DBQ,IA,ACE,CE,Federal Contract Tower,0,10,5,0,15,0,0,21,0,21,0,10,26,0,36,10,0,10,46
03/01/2008,DBQ,IA,ACE,CE,Federal Contract Tower,0,5,14,0,19,0,0,62,0,62,0,5,76,0,81,104,0,104,185
03/02/2008,DBQ,IA,ACE,CE,Federal Contract Tower,0,8,4,0,12,0,1,2,0,3,0,9,6,0,15,0,0,0,15
03/03/2008,DBQ,IA,ACE,CE,Federal Contract Tower,0,10,12,0,22,0,0,59,0,59,0,10,71,0,81,64,0,64,145
03/04/2008,DBQ,IA,ACE,CE,Federal Contract Tower,0,14,28,0,42,0,2,90,0,92,0,16,118,0,134,146,0,146,280
03/05/2008,DBQ,IA,ACE,CE,Federal Contract Tower,0,12,14,0,26,0,1,12,0,13,0,13,26,0,39,32,0,32,71
03/06/2008,DBQ,IA,ACE,CE,Federal Contract Tower,0,12,7,0,19,0,0,76,0,76,0,12,83,0,95,154,0,154,249
03/07/2008,DBQ,IA,ACE,CE,Federal Contract Tower,0,12,12,0,24,0,0,81,0,81,0,12,93,0,105,56,0,56,161
03/08/2008,DBQ,IA,ACE,CE,Federal Contract Tower,0,7,11,0,18,0,0,24,0,24,0,7,35,0,42,14,0,14,56
03/09/2008,DBQ,IA,ACE,CE,Federal Contract Tower,0,9,13,0,22,0,0,10,0,10,0,9,23,0,32,8,0,8,40
03/10/2008,DBQ,IA,ACE,CE,Federal Contract Tower,0,15,12,0,27,0,2,52,0,54,0,17,64,0,81,52,0,52,133
03/11/2008,DBQ,IA,ACE,CE,Federal Contract Tower,0,11,20,0,31,0,0,114,0,114,0,11,134,0,145,196,0,196,341
03/12/2008,DBQ,IA,ACE,CE,Federal Contract Tower,0,14,22,0,36,0,1,106,0,107,0,15,128,0,143,106,0,106,249
03/13/2008,DBQ,IA,ACE,CE,Federal Contract Tower,0,11,9,0,20,0,1,123,0,124,0,12,132,0,144,146,0,146,290
03/14/2008,DBQ,IA,ACE,CE,Federal Contract Tower,0,15,17,0,32,0,0,117,0,117,0,15,134,0,149,130,0,130,279
03/15/2008,DBQ,IA,ACE,CE,Federal Contract Tower,0,7,17,0,24,0,0,70,0,70,0,7,87,0,94,74,0,74,168
03/16/2008,DBQ,IA,ACE,CE,Federal Contract Tower,0,7,7,0,14,0,0,42,0,42,0,7,49,0,56,42,0,42,98
03/17/2008,DBQ,IA,ACE,CE,Federal Contract Tower,0,12,7,0,19,0,1,57,0,58,0,13,64,0,77,42,0,42,119
03/18/2008,DBQ,IA,ACE,CE,Federal Contract Tower,0,5,4,0,9,0,0,4,0,4,0,5,8,0,13,14,0,14,27
03/19/2008,DBQ,IA,ACE,CE,Federal Contract Tower,0,13,21,7,41,0,0,95,1,96,0,13,116,8,137,124,1,125,262
03/20/2008,DBQ,IA,ACE,CE,Federal Contract Tower,0,9,21,0,30,0,0,49,0,49,0,9,70,0,79,60,0,60,139
03/21/2008,DBQ,IA,ACE,CE,Federal Contract Tower,0,6,4,0,10,0,0,0,0,0,0,6,4,0,10,0,0,0,10
03/22/2008,DBQ,IA,ACE,CE,Federal Contract Tower,0,6,0,0,6,0,0,19,0,19,0,6,19,0,25,26,0,26,51
03/23/2008,DBQ,IA,ACE,CE,Federal Contract Tower,0,5,1,0,6,0,0,2,0,2,0,5,3,0,8,0,0,0,8
03/24/2008,DBQ,IA,ACE,CE,Federal Contract Tower,0,14,21,2,37,0,1,62,0,63,0,15,83,2,100,76,0,76,176
03/25/2008,DBQ,IA,ACE,CE,Federal Contract Tower,0,11,15,0,26,0,0,57,0,57,0,11,72,0,83,26,0,26,109
03/26/2008,DBQ,IA,ACE,CE,Federal Contract Tower,0,11,20,0,31,0,0,129,0,129,0,11,149,0,160,84,0,84,244
03/27/2008,DBQ,IA,ACE,CE,Federal Contract Tower,0,5,6,1,12,0,0,2,0,2,0,5,8,1,14,0,0,0,14
03/28/2008,DBQ,IA,ACE,CE,Federal Contract Tower,0,11,21,1,33,0,0,106,2,108,0,11,127,3,141,76,0,76,217
03/29/2008,DBQ,IA,ACE,CE,Federal Contract Tower,0,5,20,0,25,0,0,107,0,107,0,5,127,0,132,82,0,82,214
03/30/2008,DBQ,IA,ACE,CE,Federal Contract Tower,0,5,3,0,8,0,0,10,0,10,0,5,13,0,18,10,0,10,28
03/31/2008,DBQ,IA,ACE,CE,Federal Contract Tower,0,7,9,0,16,0,0,0,0,0,0,7,9,0,16,0,0,0,16
04/01/2008,DBQ,IA,ACE,CE,Federal Contract Tower,0,12,23,0,35,0,0,38,2,40,0,12,61,2,75,56,0,56,131
04/02/2008,DBQ,IA,ACE,CE,Federal Contract Tower,0,12,20,0,32,0,1,141,0,142,0,13,161,0,174,104,0,104,278
04/03/2008,DBQ,IA,ACE,CE,Federal Contract Tower,0,12,20,0,32,0,0,89,0,89,0,12,109,0,121,96,0,96,217
04/04/2008,DBQ,IA,ACE,CE,Federal Contract Tower,0,18,18,0,36,0,1,85,0,86,0,19,103,0,122,84,0,84,206
04/05/2008,DBQ,IA,ACE,CE,Federal Contract Tower,0,8,14,0,22,0,8,92,3,103,0,16,106,3,125,76,0,76,201
04/06/2008,DBQ,IA,ACE,CE,Federal Contract Tower,0,8,9,0,17,0,0,65,2,67,0,8,74,2,84,18,2,20,104
04/07/2008,DBQ,IA,ACE,CE,Federal Contract Tower,0,11,8,0,19,0,0,9,0,9,0,11,17,0,28,36,0,36,64
04/08/2008,DBQ,IA,ACE,CE,Federal Contract Tower,0,11,9,0,20,0,0,18,0,18,0,11,27,0,38,6,0,6,44
04/09/2008,DBQ,IA,ACE,CE,Federal Contract Tower,0,10,41,0,51,0,0,24,0,24,0,10,65,0,75,64,0,64,139
04/10/2008,DBQ,IA,ACE,CE,Federal Contract Tower,0,15,15,0,30,0,0,0,0,0,0,15,15,0,30,0,0,0,30
04/11/2008,DBQ,IA,ACE,CE,Federal Contract Tower,0,12,12,0,24,0,0,3,0,3,0,12,15,0,27,0,0,0,27
04/12/2008,DBQ,IA,ACE,CE,Federal Contract Tower,0,9,5,0,14,0,0,4,0,4,0,9,9,0,18,12,0,12,30
04/13/2008,DBQ,IA,ACE,CE,Federal Contract Tower,0,7,11,0,18,0,0,57,9,66,0,7,68,9,84,28,0,28,112
04/14/2008,DBQ,IA,ACE,CE,Federal Contract Tower,0,12,21,0,33,0,0,150,0,150,0,12,171,0,183,64,0,64,247
04/15/2008,DBQ,IA,ACE,CE,Federal Contract Tower,0,11,2,0,13,0,0,46,0,46,0,11,48,0,59,46,0,46,105
04/16/2008,DBQ,IA,ACE,CE,Federal Contract Tower,0,10,11,0,21,0,0,1,0,1,0,10,12,0,22,0,0,0,22
04/17/2008,DBQ,IA,ACE,CE,Federal Contract Tower,0,10,21,0,31,0,3,87,0,90,0,13,108,0,121,170,0,170,291
04/18/2008,DBQ,IA,ACE,CE,Federal Contract Tower,0,11,24,0,35,0,0,0,0,0,0,11,24,0,35,0,0,0,35
04/19/2008,DBQ,IA,ACE,CE,Federal Contract Tower,0,5,29,1,35,0,0,13,0,13,0,5,42,1,48,0,0,0,48
04/20/2008,DBQ,IA,ACE,CE,Federal Contract Tower,0,10,16,0,26,0,0,34,0,34,0,10,50,0,60,30,0,30,90
04/21/2008,DBQ,IA,ACE,CE,Federal Contract Tower,0,15,15,0,30,0,1,136,0,137,0,16,151,0,167,146,0,146,313
04/22/2008,DBQ,IA,ACE,CE,Federal Contract Tower,0,10,17,0,27,0,1,50,0,51,0,11,67,0,78,88,0,88,166
04/23/2008,DBQ,IA,ACE,CE,Federal Contract Tower,0,14,28,0,42,0,1,143,0,144,0,15,171,0,186,110,0,110,296
04/24/2008,DBQ,IA,ACE,CE,Federal Contract Tower,0,14,19,0,33,0,0,0,0,0,0,14,19,0,33,0,0,0,33
04/25/2008,DBQ,IA,ACE,CE,Federal Contract Tower,0,10,4,0,14,0,0,5,0,5,0,10,9,0,19,0,0,0,19
04/26/2008,DBQ,IA,ACE,CE,Federal Contract Tower,0,5,7,0,12,0,0,6,0,6,0,5,13,0,18,0,0,0,18
04/27/2008,DBQ,IA,ACE,CE,Federal Contract Tower,0,11,3,0,14,0,0,42,0,42,0,11,45,0,56,26,0,26,82
04/28/2008,DBQ,IA,ACE,CE,Federal Contract Tower,0,14,15,0,29,0,1,0,0,1,0,15,15,0,30,0,0,0,30
04/29/2008,DBQ,IA,ACE,CE,Federal Contract Tower,0,11,21,0,32,0,0,146,0,146,0,11,167,0,178,160,0,160,338
04/30/2008,DBQ,IA,ACE,CE,Federal Contract Tower,0,11,16,0,27,0,1,118,2,121,0,12,134,2,148,72,10,82,230
05/01/2008,DBQ,IA,ACE,CE,Federal Contract Tower,0,13,12,0,25,0,3,100,0,103,0,16,112,0,128,140,0,140,268
05/02/2008,DBQ,IA,ACE,CE,Federal Contract Tower,0,7,2,0,9,0,0,6,0,6,0,7,8,0,15,24,0,24,39
05/03/2008,DBQ,IA,ACE,CE,Federal Contract Tower,0,5,0,0,5,0,0,4,0,4,0,5,4,0,9,0,0,0,9
05/04/2008,DBQ,IA,ACE,CE,Federal Contract Tower,0,7,8,0,15,0,0,76,0,76,0,7,84,0,91,16,0,16,107
05/05/2008,DBQ,IA,ACE,CE,Federal Contract Tower,0,11,15,0,26,0,2,118,0,120,0,13,133,0,146,140,0,140,286
05/06/2008,DBQ,IA,ACE,CE,Federal Contract Tower,0,13,19,0,32,0,0,98,0,98,0,13,117,0,130,46,0,46,176
05/07/2008,DBQ,IA,ACE,CE,Federal Contract Tower,0,16,34,0,50,0,1,33,0,34,0,17,67,0,84,78,0,78,162
05/08/2008,DBQ,IA,ACE,CE,Federal Contract Tower,0,12,24,0,36,0,0,70,0,70,0,12,94,0,106,74,0,74,180
05/09/2008,DBQ,IA,ACE,CE,Federal Contract Tower,0,15,17,0,32,0,0,63,0,63,0,15,80,0,95,94,0,94,189
05/10/2008,DBQ,IA,ACE,CE,Federal Contract Tower,0,5,8,0,13,0,0,22,0,22,0,5,30,0,35,28,0,28,63
05/11/2008,DBQ,IA,ACE,CE,Federal Contract Tower,0,7,3,0,10,0,0,3,0,3,0,7,6,0,13,2,0,2,15
05/12/2008,DBQ,IA,ACE,CE,Federal Contract Tower,0,13,16,0,29,0,1,97,0,98,0,14,113,0,127,132,0,132,259
05/13/2008,DBQ,IA,ACE,CE,Federal Contract Tower,0,14,12,0,26,0,1,59,0,60,0,15,71,0,86,4,0,4,90
05/14/2008,DBQ,IA,ACE,CE,Federal Contract Tower,0,12,23,0,35,0,1,49,0,50,0,13,72,0,85,186,0,186,271
05/15/2008,DBQ,IA,ACE,CE,Federal Contract Tower,0,11,17,0,28,0,1,115,0,116,0,12,132,0,144,120,0,120,264
05/16/2008,DBQ,IA,ACE,CE,Federal Contract Tower,0,13,11,0,24,0,2,72,0,74,0,15,83,0,98,70,0,70,168
05/17/2008,DBQ,IA,ACE,CE,Federal Contract Tower,0,4,10,0,14,0,0,58,2,60,0,4,68,2,74,104,2,106,180
05/18/2008,DBQ,IA,ACE,CE,Federal Contract Tower,0,10,5,0,15,0,0,28,2,30,0,10,33,2,45,20,0,20,65
05/19/2008,DBQ,IA,ACE,CE,Federal Contract Tower,0,11,8,0,19,0,1,65,0,66,0,12,73,0,85,72,0,72,157
05/20/2008,DBQ,IA,ACE,CE,Federal Contract Tower,0,12,11,2,25,0,0,60,2,62,0,12,71,4,87,112,0,112,199
05/21/2008,DBQ,IA,ACE,CE,Federal Contract Tower,0,11,25,0,36,0,0,89,0,89,0,11,114,0,125,76,0,76,201
05/22/2008,DBQ,IA,ACE,CE,Federal Contract Tower,0,17,17,0,34,0,0,62,0,62,0,17,79,0,96,68,0,68,164
05/23/2008,DBQ,IA,ACE,CE,Federal Contract Tower,0,14,15,0,29,0,0,30,2,32,0,14,45,2,61,32,0,32,93
05/24/2008,DBQ,IA,ACE,CE,Federal Contract Tower,0,5,6,0,11,0,0,42,0,42,0,5,48,0,53,12,0,12,65
05/25/2008,DBQ,IA,ACE,CE,Federal Contract Tower,0,4,6,0,10,0,1,6,0,7,0,5,12,0,17,2,0,2,19
05/26/2008,DBQ,IA,ACE,CE,Federal Contract Tower,0,11,5,0,16,0,0,13,0,13,0,11,18,0,29,0,0,0,29
05/27/2008,DBQ,IA,ACE,CE,Federal Contract Tower,0,15,14,0,29,0,0,41,0,41,0,15,55,0,70,40,0,40,110
05/28/2008,DBQ,IA,ACE,CE,Federal Contract Tower,0,13,22,0,35,0,0,100,0,100,0,13,122,0,135,108,22,130,265
05/29/2008,DBQ,IA,ACE,CE,Federal Contract Tower,0,12,19,0,31,0,1,6,0,7,0,13,25,0,38,16,0,16,54
05/30/2008,DBQ,IA,ACE,CE,Federal Contract Tower,0,10,9,0,19,0,0,20,0,20,0,10,29,0,39,4,0,4,43
05/31/2008,DBQ,IA,ACE,CE,Federal Contract Tower,0,6,6,0,12,0,0,18,3,21,0,6,24,3,33,22,0,22,55
06/01/2008,DBQ,IA,ACE,CE,Federal Contract Tower,0,7,15,1,23,1,0,36,1,38,1,7,51,2,61,28,16,44,105
06/02/2008,DBQ,IA,ACE,CE,Federal Contract Tower,0,12,12,1,25,0,2,60,0,62,0,14,72,1,87,36,0,36,123
06/03/2008,DBQ,IA,ACE,CE,Federal Contract Tower,0,10,25,0,35,0,0,14,14,28,0,10,39,14,63,28,0,28,91
06/04/2008,DBQ,IA,ACE,CE,Federal Contract Tower,0,11,26,0,37,0,0,2,0,2,0,11,28,0,39,0,0,0,39
06/05/2008,DBQ,IA,ACE,CE,Federal Contract Tower,0,14,11,0,25,0,0,27,0,27,0,14,38,0,52,62,0,62,114
06/06/2008,DBQ,IA,ACE,CE,Federal Contract Tower,0,9,8,0,17,0,0,9,0,9,0,9,17,0,26,0,0,0,26
06/07/2008,DBQ,IA,ACE,CE,Federal Contract Tower,0,5,2,0,7,0,0,12,0,12,0,5,14,0,19,14,0,14,33
06/08/2008,DBQ,IA,ACE,CE,Federal Contract Tower,0,5,6,0,11,0,0,1,0,1,0,5,7,0,12,0,0,0,12
06/09/2008,DBQ,IA,ACE,CE,Federal Contract Tower,0,15,19,0,34,0,0,82,0,82,0,15,101,0,116,152,0,152,268
06/10/2008,DBQ,IA,ACE,CE,Federal Contract Tower,0,13,16,0,29,0,1,86,0,87,0,14,102,0,116,106,0,106,222
06/11/2008,DBQ,IA,ACE,CE,Federal Contract Tower,0,15,21,0,36,0,0,54,6,60,0,15,75,6,96,70,0,70,166
06/12/2008,DBQ,IA,ACE,CE,Federal Contract Tower,0,14,6,0,20,0,2,0,0,2,0,16,6,0,22,0,0,0,22
06/13/2008,DBQ,IA,ACE,CE,Federal Contract Tower,0,12,16,0,28,0,0,51,0,51,0,12,67,0,79,42,0,42,121
06/14/2008,DBQ,IA,ACE,CE,Federal Contract Tower,0,7,3,0,10,0,0,50,0,50,0,7,53,0,60,16,0,16,76
06/15/2008,DBQ,IA,ACE,CE,Federal Contract Tower,0,9,2,0,11,0,0,13,0,13,0,9,15,0,24,14,0,14,38
06/16/2008,DBQ,IA,ACE,CE,Federal Contract Tower,0,17,20,0,37,0,2,104,0,106,0,19,124,0,143,82,0,82,225
06/17/2008,DBQ,IA,ACE,CE,Federal Contract Tower,0,11,16,0,27,0,0,80,0,80,0,11,96,0,107,118,0,118,225
06/18/2008,DBQ,IA,ACE,CE,Federal Contract Tower,0,13,20,0,33,0,2,90,0,92,0,15,110,0,125,102,0,102,227
06/19/2008,DBQ,IA,ACE,CE,Federal Contract Tower,0,12,22,0,34,0,0,90,0,90,0,12,112,0,124,112,0,112,236
06/20/2008,DBQ,IA,ACE,CE,Federal Contract Tower,0,18,13,0,31,0,0,61,0,61,0,18,74,0,92,52,0,52,144
06/21/2008,DBQ,IA,ACE,CE,Federal Contract Tower,0,8,8,0,16,0,0,38,0,38,0,8,46,0,54,66,0,66,120
06/22/2008,DBQ,IA,ACE,CE,Federal Contract Tower,0,10,8,0,18,0,0,23,0,23,0,10,31,0,41,26,0,26,67
06/23/2008,DBQ,IA,ACE,CE,Federal Contract Tower,0,14,15,0,29,0,0,74,0,74,0,14,89,0,103,100,0,100,203
06/24/2008,DBQ,IA,ACE,CE,Federal Contract Tower,0,15,19,0,34,0,0,56,0,56,0,15,75,0,90,72,0,72,162
06/25/2008,DBQ,IA,ACE,CE,Federal Contract Tower,0,18,23,0,41,0,0,27,0,27,0,18,50,0,68,92,0,92,160
06/26/2008,DBQ,IA,ACE,CE,Federal Contract Tower,0,13,13,0,26,0,2,73,2,77,0,15,86,2,103,146,0,146,249
06/27/2008,DBQ,IA,ACE,CE,Federal Contract Tower,0,17,13,0,30,0,0,27,0,27,0,17,40,0,57,50,0,50,107
06/28/2008,DBQ,IA,ACE,CE,Federal Contract Tower,0,8,3,0,11,0,0,30,0,30,0,8,33,0,41,2,0,2,43
06/29/2008,DBQ,IA,ACE,CE,Federal Contract Tower,0,10,8,0,18,0,0,5,0,5,0,10,13,0,23,0,0,0,23
06/30/2008,DBQ,IA,ACE,CE,Federal Contract Tower,0,17,26,0,43,0,0,82,0,82,0,17,108,0,125,46,0,46,171
07/01/2008,DBQ,IA,ACE,CE,Federal Contract Tower,0,18,18,0,36,0,0,95,0,95,0,18,113,0,131,114,2,116,247
07/02/2008,DBQ,IA,ACE,CE,Federal Contract Tower,0,13,8,1,22,0,0,41,6,47,0,13,49,7,69,108,6,114,183
07/03/2008,DBQ,IA,ACE,CE,Federal Contract Tower,0,14,19,2,35,0,0,103,9,112,0,14,122,11,147,152,6,158,305
07/04/2008,DBQ,IA,ACE,CE,Federal Contract Tower,0,10,0,2,12,0,0,37,0,37,0,10,37,2,49,26,0,26,75
07/05/2008,DBQ,IA,ACE,CE,Federal Contract Tower,0,7,6,0,13,0,0,42,0,42,0,7,48,0,55,42,0,42,97
07/06/2008,DBQ,IA,ACE,CE,Federal Contract Tower,0,12,8,0,20,0,0,23,0,23,0,12,31,0,43,0,0,0,43
07/07/2008,DBQ,IA,ACE,CE,Federal Contract Tower,0,19,12,0,31,0,1,52,0,53,0,20,64,0,84,132,0,132,216
07/08/2008,DBQ,IA,ACE,CE,Federal Contract Tower,0,13,26,0,39,0,0,21,0,21,0,13,47,0,60,132,0,132,192
07/09/2008,DBQ,IA,ACE,CE,Federal Contract Tower,0,18,16,0,34,0,5,83,0,88,0,23,99,0,122,86,0,86,208
07/10/2008,DBQ,IA,ACE,CE,Federal Contract Tower,0,14,15,0,29,0,2,13,0,15,0,16,28,0,44,28,0,28,72
07/11/2008,DBQ,IA,ACE,CE,Federal Contract Tower,0,11,42,2,55,0,2,23,0,25,0,13,65,2,80,62,0,62,142
07/12/2008,DBQ,IA,ACE,CE,Federal Contract Tower,0,9,7,0,16,0,0,24,0,24,0,9,31,0,40,4,0,4,44
07/13/2008,DBQ,IA,ACE,CE,Federal Contract Tower,0,11,8,0,19,0,0,34,0,34,0,11,42,0,53,0,0,0,53
07/14/2008,DBQ,IA,ACE,CE,Federal Contract Tower,0,15,20,0,35,0,0,122,0,122,0,15,142,0,157,60,0,60,217
07/15/2008,DBQ,IA,ACE,CE,Federal Contract Tower,0,16,25,0,41,0,0,94,0,94,0,16,119,0,135,34,0,34,169
07/16/2008,DBQ,IA,ACE,CE,Federal Contract Tower,0,14,22,0,36,0,0,87,0,87,0,14,109,0,123,110,0,110,233
07/17/2008,DBQ,IA,ACE,CE,Federal Contract Tower,0,14,7,0,21,0,0,91,0,91,0,14,98,0,112,94,0,94,206
07/18/2008,DBQ,IA,ACE,CE,Federal Contract Tower,0,14,19,0,33,0,0,71,0,71,0,14,90,0,104,78,0,78,182
07/19/2008,DBQ,IA,ACE,CE,Federal Contract Tower,0,12,9,0,21,0,1,22,0,23,0,13,31,0,44,60,0,60,104
07/20/2008,DBQ,IA,ACE,CE,Federal Contract Tower,0,12,7,0,19,0,0,18,0,18,0,12,25,0,37,6,0,6,43
07/21/2008,DBQ,IA,ACE,CE,Federal Contract Tower,0,13,7,0,20,0,0,58,0,58,0,13,65,0,78,92,0,92,170
07/22/2008,DBQ,IA,ACE,CE,Federal Contract Tower,0,14,26,0,40,0,0,69,0,69,0,14,95,0,109,56,0,56,165
07/23/2008,DBQ,IA,ACE,CE,Federal Contract Tower,0,17,19,0,36,0,3,115,0,118,0,20,134,0,154,76,0,76,230
07/24/2008,DBQ,IA,ACE,CE,Federal Contract Tower,0,19,25,0,44,0,1,122,0,123,0,20,147,0,167,8,0,8,175
07/25/2008,DBQ,IA,ACE,CE,Federal Contract Tower,0,16,19,0,35,0,0,28,0,28,0,16,47,0,63,0,0,0,63
07/26/2008,DBQ,IA,ACE,CE,Federal Contract Tower,0,9,5,0,14,0,0,253,0,253,0,9,258,0,267,0,0,0,267
07/27/2008,DBQ,IA,ACE,CE,Federal Contract Tower,0,10,14,0,24,0,0,91,0,91,0,10,105,0,115,14,0,14,129
07/28/2008,DBQ,IA,ACE,CE,Federal Contract Tower,0,16,20,0,36,0,1,89,0,90,0,17,109,0,126,64,0,64,190
07/29/2008,DBQ,IA,ACE,CE,Federal Contract Tower,0,16,30,0,46,0,0,76,0,76,0,16,106,0,122,80,0,80,202
07/30/2008,DBQ,IA,ACE,CE,Federal Contract Tower,0,11,19,0,30,0,1,82,0,83,0,12,101,0,113,62,0,62,175
07/31/2008,DBQ,IA,ACE,CE,Federal Contract Tower,0,12,11,0,23,0,1,56,0,57,0,13,67,0,80,48,0,48,128
08/01/2008,DBQ,IA,ACE,CE,Federal Contract Tower,0,0,1,0,1,0,0,34,0,34,0,0,35,0,35,46,0,46,81
08/02/2008,DBQ,IA,ACE,CE,Federal Contract Tower,0,8,11,0,19,0,0,55,0,55,0,8,66,0,74,0,0,0,74
08/03/2008,DBQ,IA,ACE,CE,Federal Contract Tower,0,12,1,0,13,0,0,21,0,21,0,12,22,0,34,4,0,4,38
08/04/2008,DBQ,IA,ACE,CE,Federal Contract Tower,0,8,11,0,19,0,1,29,0,30,0,9,40,0,49,24,0,24,73
08/05/2008,DBQ,IA,ACE,CE,Federal Contract Tower,0,13,17,3,33,0,0,75,1,76,0,13,92,4,109,106,0,106,215
08/06/2008,DBQ,IA,ACE,CE,Federal Contract Tower,0,14,20,0,34,0,2,60,0,62,0,16,80,0,96,122,0,122,218
08/07/2008,DBQ,IA,ACE,CE,Federal Contract Tower,0,19,23,0,42,0,1,72,0,73,0,20,95,0,115,86,0,86,201
08/08/2008,DBQ,IA,ACE,CE,Federal Contract Tower,0,16,17,0,33,0,1,28,0,29,0,17,45,0,62,32,0,32,94
08/09/2008,DBQ,IA,ACE,CE,Federal Contract Tower,0,12,7,0,19,0,0,13,0,13,0,12,20,0,32,0,0,0,32
08/10/2008,DBQ,IA,ACE,CE,Federal Contract Tower,0,12,11,0,23,0,0,38,0,38,0,12,49,0,61,28,0,28,89
08/11/2008,DBQ,IA,ACE,CE,Federal Contract Tower,0,15,19,0,34,0,3,68,0,71,0,18,87,0,105,50,0,50,155
08/12/2008,DBQ,IA,ACE,CE,Federal Contract Tower,0,16,8,0,24,0,2,67,0,69,0,18,75,0,93,128,0,128,221
08/13/2008,DBQ,IA,ACE,CE,Federal Contract Tower,0,14,10,0,24,0,0,54,0,54,0,14,64,0,78,130,0,130,208
08/14/2008,DBQ,IA,ACE,CE,Federal Contract Tower,0,15,20,0,35,0,0,38,0,38,0,15,58,0,73,18,0,18,91
08/15/2008,DBQ,IA,ACE,CE,Federal Contract Tower,0,15,15,0,30,0,1,69,0,70,0,16,84,0,100,40,0,40,140
08/16/2008,DBQ,IA,ACE,CE,Federal Contract Tower,0,12,7,1,20,0,1,32,1,34,0,13,39,2,54,26,0,26,80
08/17/2008,DBQ,IA,ACE,CE,Federal Contract Tower,0,10,10,0,20,0,0,33,0,33,0,10,43,0,53,44,0,44,97
08/18/2008,DBQ,IA,ACE,CE,Federal Contract Tower,0,21,11,0,32,0,3,104,0,107,0,24,115,0,139,78,0,78,217
08/19/2008,DBQ,IA,ACE,CE,Federal Contract Tower,0,17,27,0,44,0,0,91,0,91,0,17,118,0,135,98,0,98,233
08/20/2008,DBQ,IA,ACE,CE,Federal Contract Tower,0,16,23,0,39,0,0,66,0,66,0,16,89,0,105,50,0,50,155
08/21/2008,DBQ,IA,ACE,CE,Federal Contract Tower,0,15,44,2,61,0,0,33,0,33,0,15,77,2,94,62,0,62,156
08/22/2008,DBQ,IA,ACE,CE,Federal Contract Tower,0,23,30,0,53,0,2,15,0,17,0,25,45,0,70,4,0,4,74
08/23/2008,DBQ,IA,ACE,CE,Federal Contract Tower,0,8,14,0,22,0,0,33,0,33,0,8,47,0,55,18,0,18,73
08/24/2008,DBQ,IA,ACE,CE,Federal Contract Tower,0,10,14,0,24,0,0,56,0,56,0,10,70,0,80,30,0,30,110
08/25/2008,DBQ,IA,ACE,CE,Federal Contract Tower,0,14,3,0,17,0,2,85,0,87,0,16,88,0,104,86,0,86,190
08/26/2008,DBQ,IA,ACE,CE,Federal Contract Tower,0,15,13,0,28,0,0,110,0,110,0,15,123,0,138,160,0,160,298
08/27/2008,DBQ,IA,ACE,CE,Federal Contract Tower,0,14,18,0,32,0,1,127,0,128,0,15,145,0,160,114,0,114,274
08/28/2008,DBQ,IA,ACE,CE,Federal Contract Tower,0,16,21,0,37,0,0,73,0,73,0,16,94,0,110,62,0,62,172
08/29/2008,DBQ,IA,ACE,CE,Federal Contract Tower,0,14,12,0,26,0,0,136,0,136,0,14,148,0,162,114,0,114,276
08/30/2008,DBQ,IA,ACE,CE,Federal Contract Tower,0,10,10,0,20,0,0,65,0,65,0,10,75,0,85,22,0,22,107
08/31/2008,DBQ,IA,ACE,CE,Federal Contract Tower,0,10,7,0,17,0,0,20,0,20,0,10,27,0,37,16,0,16,53
09/01/2008,DBQ,IA,ACE,CE,Federal Contract Tower,0,10,8,0,18,0,0,44,0,44,0,10,52,0,62,44,0,44,106
09/02/2008,DBQ,IA,ACE,CE,Federal Contract Tower,0,16,9,0,25,0,0,109,0,109,0,16,118,0,134,86,0,86,220
09/03/2008,DBQ,IA,ACE,CE,Federal Contract Tower,0,15,18,0,33,0,0,127,0,127,0,15,145,0,160,90,0,90,250
09/04/2008,DBQ,IA,ACE,CE,Federal Contract Tower,0,12,17,0,29,0,0,0,0,0,0,12,17,0,29,0,0,0,29
09/05/2008,DBQ,IA,ACE,CE,Federal Contract Tower,0,14,13,0,27,0,0,62,0,62,0,14,75,0,89,78,0,78,167
09/06/2008,DBQ,IA,ACE,CE,Federal Contract Tower,0,10,11,0,21,0,0,63,0,63,0,10,74,0,84,50,0,50,134
09/07/2008,DBQ,IA,ACE,CE,Federal Contract Tower,0,10,18,0,28,0,0,101,0,101,0,10,119,0,129,40,0,40,169
09/08/2008,DBQ,IA,ACE,CE,Federal Contract Tower,0,17,32,0,49,0,0,22,0,22,0,17,54,0,71,42,0,42,113
09/09/2008,DBQ,IA,ACE,CE,Federal Contract Tower,0,19,18,0,37,0,0,89,0,89,0,19,107,0,126,90,0,90,216
09/10/2008,DBQ,IA,ACE,CE,Federal Contract Tower,0,18,11,0,29,0,1,74,0,75,0,19,85,0,104,52,0,52,156
09/11/2008,DBQ,IA,ACE,CE,Federal Contract Tower,0,18,29,0,47,0,1,17,0,18,0,19,46,0,65,84,0,84,149
09/12/2008,DBQ,IA,ACE,CE,Federal Contract Tower,0,25,23,0,48,0,0,1,0,1,0,25,24,0,49,0,0,0,49
09/13/2008,DBQ,IA,ACE,CE,Federal Contract Tower,0,6,6,0,12,0,0,0,0,0,0,6,6,0,12,0,0,0,12
09/14/2008,DBQ,IA,ACE,CE,Federal Contract Tower,0,10,12,0,22,0,0,0,0,0,0,10,12,0,22,0,0,0,22
09/15/2008,DBQ,IA,ACE,CE,Federal Contract Tower,0,15,28,0,43,0,2,42,0,44,0,17,70,0,87,60,0,60,147
09/16/2008,DBQ,IA,ACE,CE,Federal Contract Tower,0,14,8,0,22,0,0,111,0,111,0,14,119,0,133,104,0,104,237
09/17/2008,DBQ,IA,ACE,CE,Federal Contract Tower,0,18,14,2,34,0,0,133,0,133,0,18,147,2,167,100,0,100,267
09/18/2008,DBQ,IA,ACE,CE,Federal Contract Tower,0,16,18,2,36,0,2,118,0,120,0,18,136,2,156,164,0,164,320
09/19/2008,DBQ,IA,ACE,CE,Federal Contract Tower,0,17,22,0,39,0,1,115,0,116,0,18,137,0,155,98,0,98,253
09/20/2008,DBQ,IA,ACE,CE,Federal Contract Tower,0,10,10,0,20,0,0,119,0,119,0,10,129,0,139,92,0,92,231
09/21/2008,DBQ,IA,ACE,CE,Federal Contract Tower,0,10,16,0,26,0,0,19,0,19,0,10,35,0,45,46,0,46,91
09/22/2008,DBQ,IA,ACE,CE,Federal Contract Tower,0,14,17,0,31,0,0,126,0,126,0,14,143,0,157,178,0,178,335
09/23/2008,DBQ,IA,ACE,CE,Federal Contract Tower,0,16,10,0,26,0,0,134,0,134,0,16,144,0,160,174,0,174,334
09/24/2008,DBQ,IA,ACE,CE,Federal Contract Tower,0,16,33,1,50,0,0,88,0,88,0,16,121,1,138,244,0,244,382
09/25/2008,DBQ,IA,ACE,CE,Federal Contract Tower,0,19,29,1,49,0,1,100,3,104,0,20,129,4,153,82,0,82,235
09/26/2008,DBQ,IA,ACE,CE,Federal Contract Tower,0,15,18,1,34,0,1,111,6,118,0,16,129,7,152,96,0,96,248
09/27/2008,DBQ,IA,ACE,CE,Federal Contract Tower,0,9,12,0,21,0,0,77,0,77,0,9,89,0,98,48,0,48,146
09/28/2008,DBQ,IA,ACE,CE,Federal Contract Tower,0,12,26,0,38,0,0,7,0,7,0,12,33,0,45,8,0,8,53
09/29/2008,DBQ,IA,ACE,CE,Federal Contract Tower,0,15,16,0,31,0,0,22,0,22,0,15,38,0,53,82,0,82,135
09/30/2008,DBQ,IA,ACE,CE,Federal Contract Tower,0,15,16,0,31,0,3,122,0,125,0,18,138,0,156,142,0,142,298
10/01/2008,DBQ,IA,ACE,CE,Federal Contract Tower,0,16,19,0,35,0,0,124,0,124,0,16,143,0,159,122,0,122,281
10/02/2008,DBQ,IA,ACE,CE,Federal Contract Tower,0,15,17,0,32,0,0,127,0,127,0,15,144,0,159,194,0,194,353
10/03/2008,DBQ,IA,ACE,CE,Federal Contract Tower,0,21,14,0,35,0,0,105,0,105,0,21,119,0,140,86,0,86,226
10/04/2008,DBQ,IA,ACE,CE,Federal Contract Tower,0,10,12,0,22,0,0,98,0,98,0,10,110,0,120,18,0,18,138
10/05/2008,DBQ,IA,ACE,CE,Federal Contract Tower,0,11,13,0,24,0,0,50,0,50,0,11,63,0,74,32,0,32,106
10/06/2008,DBQ,IA,ACE,CE,Federal Contract Tower,0,17,14,0,31,0,0,148,0,148,0,17,162,0,179,74,0,74,253
10/07/2008,DBQ,IA,ACE,CE,Federal Contract Tower,0,14,14,0,28,0,1,19,0,20,0,15,33,0,48,50,0,50,98
10/08/2008,DBQ,IA,ACE,CE,Federal Contract Tower,0,16,25,0,41,0,0,69,0,69,0,16,94,0,110,70,0,70,180
10/09/2008,DBQ,IA,ACE,CE,Federal Contract Tower,0,14,9,0,23,0,0,124,0,124,0,14,133,0,147,114,0,114,261
10/10/2008,DBQ,IA,ACE,CE,Federal Contract Tower,0,18,14,0,32,0,0,61,0,61,0,18,75,0,93,48,0,48,141
10/11/2008,DBQ,IA,ACE,CE,Federal Contract Tower,0,8,10,0,18,0,0,37,0,37,0,8,47,0,55,58,0,58,113
10/12/2008,DBQ,IA,ACE,CE,Federal Contract Tower,0,15,10,0,25,0,1,28,0,29,0,16,38,0,54,20,0,20,74
10/13/2008,DBQ,IA,ACE,CE,Federal Contract Tower,0,16,15,0,31,0,1,98,0,99,0,17,113,0,130,130,0,130,260
10/14/2008,DBQ,IA,ACE,CE,Federal Contract Tower,0,14,20,0,34,0,1,131,0,132,0,15,151,0,166,152,0,152,318
10/15/2008,DBQ,IA,ACE,CE,Federal Contract Tower,0,11,31,0,42,0,0,4,0,4,0,11,35,0,46,2,0,2,48
10/16/2008,DBQ,IA,ACE,CE,Federal Contract Tower,0,14,29,0,43,0,0,139,0,139,0,14,168,0,182,142,0,142,324
10/17/2008,DBQ,IA,ACE,CE,Federal Contract Tower,0,13,20,0,33,0,1,84,0,85,0,14,104,0,118,106,0,106,224
10/18/2008,DBQ,IA,ACE,CE,Federal Contract Tower,0,9,8,0,17,0,0,38,0,38,0,9,46,0,55,44,0,44,99
10/19/2008,DBQ,IA,ACE,CE,Federal Contract Tower,0,11,11,0,22,0,2,32,0,34,0,13,43,0,56,6,0,6,62
10/20/2008,DBQ,IA,ACE,CE,Federal Contract Tower,0,24,7,0,31,0,0,107,0,107,0,24,114,0,138,100,0,100,238
10/21/2008,DBQ,IA,ACE,CE,Federal Contract Tower,0,15,11,0,26,0,0,129,0,129,0,15,140,0,155,170,0,170,325
10/22/2008,DBQ,IA,ACE,CE,Federal Contract Tower,0,15,11,0,26,0,0,103,0,103,0,15,114,0,129,104,0,104,233
10/23/2008,DBQ,IA,ACE,CE,Federal Contract Tower,0,13,13,0,26,0,0,42,0,42,0,13,55,0,68,86,0,86,154
10/24/2008,DBQ,IA,ACE,CE,Federal Contract Tower,0,21,15,0,36,0,0,4,0,4,0,21,19,0,40,22,0,22,62
10/25/2008,DBQ,IA,ACE,CE,Federal Contract Tower,0,8,11,0,19,0,0,35,0,35,0,8,46,0,54,0,0,0,54
10/26/2008,DBQ,IA,ACE,CE,Federal Contract Tower,0,9,2,0,11,0,1,2,0,3,0,10,4,0,14,0,0,0,14
10/27/2008,DBQ,IA,ACE,CE,Federal Contract Tower,0,13,7,0,20,0,1,97,0,98,0,14,104,0,118,100,0,100,218
10/28/2008,DBQ,IA,ACE,CE,Federal Contract Tower,0,15,23,0,38,0,0,162,0,162,0,15,185,0,200,256,0,256,456
10/29/2008,DBQ,IA,ACE,CE,Federal Contract Tower,0,17,16,0,33,0,0,140,0,140,0,17,156,0,173,160,0,160,333
10/30/2008,DBQ,IA,ACE,CE,Federal Contract Tower,0,14,13,0,27,0,0,107,0,107,0,14,120,0,134,178,0,178,312
10/31/2008,DBQ,IA,ACE,CE,Federal Contract Tower,0,18,13,0,31,0,0,123,0,123,0,18,136,0,154,104,0,104,258
11/01/2008,DBQ,IA,ACE,CE,Federal Contract Tower,0,7,13,0,20,0,0,50,0,50,0,7,63,0,70,100,0,100,170
11/02/2008,DBQ,IA,ACE,CE,Federal Contract Tower,0,10,10,0,20,0,0,23,0,23,0,10,33,0,43,14,0,14,57
11/03/2008,DBQ,IA,ACE,CE,Federal Contract Tower,0,18,9,0,27,0,2,94,0,96,0,20,103,0,123,198,0,198,321
11/04/2008,DBQ,IA,ACE,CE,Federal Contract Tower,0,17,10,0,27,0,0,96,0,96,0,17,106,0,123,96,0,96,219
11/05/2008,DBQ,IA,ACE,CE,Federal Contract Tower,0,17,14,0,31,0,0,40,0,40,0,17,54,0,71,56,0,56,127
11/06/2008,DBQ,IA,ACE,CE,Federal Contract Tower,0,14,18,0,32,0,0,17,0,17,0,14,35,0,49,38,0,38,87
11/07/2008,DBQ,IA,ACE,CE,Federal Contract Tower,0,14,7,0,21,0,0,0,0,0,0,14,7,0,21,0,0,0,21
11/08/2008,DBQ,IA,ACE,CE,Federal Contract Tower,0,5,3,0,8,0,0,2,0,2,0,5,5,0,10,0,0,0,10
11/09/2008,DBQ,IA,ACE,CE,Federal Contract Tower,0,9,3,0,12,0,0,10,0,10,0,9,13,0,22,14,0,14,36
11/10/2008,DBQ,IA,ACE,CE,Federal Contract Tower,0,14,25,0,39,0,0,131,0,131,0,14,156,0,170,142,0,142,312
11/11/2008,DBQ,IA,ACE,CE,Federal Contract Tower,0,11,14,0,25,0,1,0,0,1,0,12,14,0,26,0,0,0,26
11/12/2008,DBQ,IA,ACE,CE,Federal Contract Tower,0,10,14,0,24,0,0,0,0,0,0,10,14,0,24,0,0,0,24
11/13/2008,DBQ,IA,ACE,CE,Federal Contract Tower,0,14,15,0,29,0,1,13,0,14,0,15,28,0,43,8,0,8,51
11/14/2008,DBQ,IA,ACE,CE,Federal Contract Tower,0,12,12,0,24,0,0,4,0,4,0,12,16,0,28,0,0,0,28
11/15/2008,DBQ,IA,ACE,CE,Federal Contract Tower,0,7,9,0,16,0,2,18,0,20,0,9,27,0,36,72,0,72,108
11/16/2008,DBQ,IA,ACE,CE,Federal Contract Tower,0,13,7,0,20,0,1,25,0,26,0,14,32,0,46,20,0,20,66
11/17/2008,DBQ,IA,ACE,CE,Federal Contract Tower,0,15,4,0,19,0,0,125,0,125,0,15,129,0,144,158,0,158,302
11/18/2008,DBQ,IA,ACE,CE,Federal Contract Tower,90,15,12,90,207,0,1,138,0,139,90,16,150,90,346,230,0,230,576
11/19/2008,DBQ,IA,ACE,CE,Federal Contract Tower,0,14,21,0,35,0,0,126,0,126,0,14,147,0,161,152,0,152,313
11/20/2008,DBQ,IA,ACE,CE,Federal Contract Tower,0,12,17,0,29,0,1,111,0,112,0,13,128,0,141,166,0,166,307
11/21/2008,DBQ,IA,ACE,CE,Federal Contract Tower,0,14,6,4,24,0,0,99,4,103,0,14,105,8,127,122,0,122,249
11/22/2008,DBQ,IA,ACE,CE,Federal Contract Tower,0,7,5,0,12,0,1,36,0,37,0,8,41,0,49,44,0,44,93
11/23/2008,DBQ,IA,ACE,CE,Federal Contract Tower,0,9,2,0,11,0,1,36,0,37,0,10,38,0,48,0,0,0,48
11/24/2008,DBQ,IA,ACE,CE,Federal Contract Tower,0,13,18,0,31,0,1,66,0,67,0,14,84,0,98,84,0,84,182
11/25/2008,DBQ,IA,ACE,CE,Federal Contract Tower,0,12,14,0,26,2,0,126,0,128,2,12,140,0,154,188,0,188,342
11/26/2008,DBQ,IA,ACE,CE,Federal Contract Tower,0,15,13,0,28,0,0,32,0,32,0,15,45,0,60,4,0,4,64
11/27/2008,DBQ,IA,ACE,CE,Federal Contract Tower,0,7,1,0,8,0,0,5,0,5,0,7,6,0,13,0,0,0,13
11/28/2008,DBQ,IA,ACE,CE,Federal Contract Tower,0,12,3,0,15,0,0,35,0,35,0,12,38,0,50,46,0,46,96
11/29/2008,DBQ,IA,ACE,CE,Federal Contract Tower,0,6,6,0,12,0,0,16,0,16,0,6,22,0,28,8,0,8,36
11/30/2008,DBQ,IA,ACE,CE,Federal Contract Tower,0,10,6,0,16,0,0,0,0,0,0,10,6,0,16,0,0,0,16
12/01/2008,DBQ,IA,ACE,CE,Federal Contract Tower,0,11,7,0,18,0,1,6,0,7,0,12,13,0,25,34,0,34,59
12/02/2008,DBQ,IA,ACE,CE,Federal Contract Tower,0,19,11,0,30,0,0,97,0,97,0,19,108,0,127,122,0,122,249
12/03/2008,DBQ,IA,ACE,CE,Federal Contract Tower,0,11,14,0,25,0,0,0,0,0,0,11,14,0,25,0,0,0,25
12/04/2008,DBQ,IA,ACE,CE,Federal Contract Tower,0,21,12,0,33,0,1,42,0,43,0,22,54,0,76,188,0,188,264
12/05/2008,DBQ,IA,ACE,CE,Federal Contract Tower,0,14,17,0,31,0,2,83,0,85,0,16,100,0,116,202,0,202,318
12/06/2008,DBQ,IA,ACE,CE,Federal Contract Tower,0,5,0,0,5,0,0,3,0,3,0,5,3,0,8,0,0,0,8
12/07/2008,DBQ,IA,ACE,CE,Federal Contract Tower,0,7,4,0,11,0,0,4,0,4,0,7,8,0,15,0,0,0,15
12/08/2008,DBQ,IA,ACE,CE,Federal Contract Tower,0,15,14,0,29,0,0,5,0,5,0,15,19,0,34,22,0,22,56
12/09/2008,DBQ,IA,ACE,CE,Federal Contract Tower,0,11,4,0,15,0,0,0,0,0,0,11,4,0,15,0,0,0,15
12/10/2008,DBQ,IA,ACE,CE,Federal Contract Tower,0,15,19,0,34,0,0,71,0,71,0,15,90,0,105,112,0,112,217
12/11/2008,DBQ,IA,ACE,CE,Federal Contract Tower,0,14,17,0,31,0,0,75,0,75,0,14,92,0,106,110,0,110,216
12/12/2008,DBQ,IA,ACE,CE,Federal Contract Tower,0,16,18,0,34,0,0,19,0,19,0,16,37,0,53,46,0,46,99
12/13/2008,DBQ,IA,ACE,CE,Federal Contract Tower,0,6,5,0,11,0,0,5,0,5,0,6,10,0,16,34,0,34,50
12/14/2008,DBQ,IA,ACE,CE,Federal Contract Tower,0,11,9,0,20,0,0,0,0,0,0,11,9,0,20,0,0,0,20
12/15/2008,DBQ,IA,ACE,CE,Federal Contract Tower,0,12,5,0,17,0,0,18,0,18,0,12,23,0,35,46,0,46,81
12/16/2008,DBQ,IA,ACE,CE,Federal Contract Tower,0,11,6,0,17,0,1,16,0,17,0,12,22,0,34,0,0,0,34
12/17/2008,DBQ,IA,ACE,CE,Federal Contract Tower,0,13,15,2,30,0,2,26,0,28,0,15,41,2,58,88,0,88,146
12/18/2008,DBQ,IA,ACE,CE,Federal Contract Tower,0,12,17,0,29,0,0,40,0,40,0,12,57,0,69,50,0,50,119
12/19/2008,DBQ,IA,ACE,CE,Federal Contract Tower,0,8,5,0,13,0,0,0,0,0,0,8,5,0,13,0,0,0,13
12/20/2008,DBQ,IA,ACE,CE,Federal Contract Tower,0,4,2,0,6,0,0,0,0,0,0,4,2,0,6,0,0,0,6
12/21/2008,DBQ,IA,ACE,CE,Federal Contract Tower,0,6,6,0,12,0,0,0,0,0,0,6,6,0,12,0,0,0,12
12/22/2008,DBQ,IA,ACE,CE,Federal Contract Tower,0,10,11,2,23,0,2,18,0,20,0,12,29,2,43,16,0,16,59
12/23/2008,DBQ,IA,ACE,CE,Federal Contract Tower,0,10,9,0,19,0,0,2,0,2,0,10,11,0,21,0,0,0,21
12/24/2008,DBQ,IA,ACE,CE,Federal Contract Tower,0,8,1,0,9,0,0,0,0,0,0,8,1,0,9,0,0,0,9
12/25/2008,DBQ,IA,ACE,CE,Federal Contract Tower,0,8,2,0,10,0,0,0,0,0,0,8,2,0,10,0,0,0,10
12/26/2008,DBQ,IA,ACE,CE,Federal Contract Tower,0,9,6,0,15,0,0,0,0,0,0,9,6,0,15,0,0,0,15
12/27/2008,DBQ,IA,ACE,CE,Federal Contract Tower,0,5,2,0,7,0,0,0,0,0,0,5,2,0,7,0,0,0,7
12/28/2008,DBQ,IA,ACE,CE,Federal Contract Tower,0,11,9,0,20,0,0,14,0,14,0,11,23,0,34,16,0,16,50
12/29/2008,DBQ,IA,ACE,CE,Federal Contract Tower,0,12,10,0,22,0,0,39,0,39,0,12,49,0,61,46,0,46,107
12/30/2008,DBQ,IA,ACE,CE,Federal Contract Tower,0,13,9,0,22,0,0,31,0,31,0,13,40,0,53,54,0,54,107
12/31/2008,DBQ,IA,ACE,CE,Federal Contract Tower,0,13,1,0,14,0,0,21,0,21,0,13,22,0,35,48,0,48,83
01/01/2009,DBQ,IA,ACE,CE,Federal Contract Tower,0,9,1,0,10,0,0,1,0,1,0,9,2,0,11,0,0,0,11
01/02/2009,DBQ,IA,ACE,CE,Federal Contract Tower,0,12,7,0,19,0,0,21,0,21,0,12,28,0,40,20,0,20,60
01/03/2009,DBQ,IA,ACE,CE,Federal Contract Tower,0,8,1,0,9,0,0,0,0,0,0,8,1,0,9,0,0,0,9
01/04/2009,DBQ,IA,ACE,CE,Federal Contract Tower,0,0,1,0,1,0,0,0,0,0,0,0,1,0,1,0,0,0,1
01/05/2009,DBQ,IA,ACE,CE,Federal Contract Tower,0,6,21,0,27,0,0,35,0,35,0,6,56,0,62,2,0,2,64
01/06/2009,DBQ,IA,ACE,CE,Federal Contract Tower,0,12,11,0,23,0,0,48,0,48,0,12,59,0,71,26,0,26,97
01/07/2009,DBQ,IA,ACE,CE,Federal Contract Tower,0,11,9,0,20,0,0,0,0,0,0,11,9,0,20,26,0,26,46
01/08/2009,DBQ,IA,ACE,CE,Federal Contract Tower,0,11,18,0,29,0,0,62,0,62,0,11,80,0,91,54,0,54,145
01/09/2009,DBQ,IA,ACE,CE,Federal Contract Tower,0,14,14,0,28,0,0,2,0,2,0,14,16,0,30,0,0,0,30
01/10/2009,DBQ,IA,ACE,CE,Federal Contract Tower,0,6,5,0,11,0,1,0,0,1,0,7,5,0,12,0,0,0,12
01/11/2009,DBQ,IA,ACE,CE,Federal Contract Tower,0,8,13,0,21,0,0,3,0,3,0,8,16,0,24,0,0,0,24
01/12/2009,DBQ,IA,ACE,CE,Federal Contract Tower,0,10,5,0,15,0,0,0,0,0,0,10,5,0,15,0,0,0,15
01/13/2009,DBQ,IA,ACE,CE,Federal Contract Tower,0,10,5,0,15,0,0,31,0,31,0,10,36,0,46,24,0,24,70
01/14/2009,DBQ,IA,ACE,CE,Federal Contract Tower,0,13,7,0,20,0,4,0,0,4,0,17,7,0,24,0,0,0,24
01/15/2009,DBQ,IA,ACE,CE,Federal Contract Tower,0,12,11,0,23,0,1,3,0,4,0,13,14,0,27,2,0,2,29
01/16/2009,DBQ,IA,ACE,CE,Federal Contract Tower,0,13,15,0,28,0,0,7,0,7,0,13,22,0,35,6,0,6,41
01/17/2009,DBQ,IA,ACE,CE,Federal Contract Tower,0,4,8,0,12,0,0,6,0,6,0,4,14,0,18,24,0,24,42
01/18/2009,DBQ,IA,ACE,CE,Federal Contract Tower,0,11,5,0,16,0,0,2,0,2,0,11,7,0,18,2,0,2,20
01/19/2009,DBQ,IA,ACE,CE,Federal Contract Tower,0,11,12,0,23,0,3,14,0,17,0,14,26,0,40,30,0,30,70
01/20/2009,DBQ,IA,ACE,CE,Federal Contract Tower,0,13,10,0,23,0,0,117,0,117,0,13,127,0,140,96,0,96,236
01/21/2009,DBQ,IA,ACE,CE,Federal Contract Tower,0,13,24,2,39,0,3,107,0,110,0,16,131,2,149,84,0,84,233
01/22/2009,DBQ,IA,ACE,CE,Federal Contract Tower,0,17,20,4,41,0,1,90,0,91,0,18,110,4,132,80,0,80,212
01/23/2009,DBQ,IA,ACE,CE,Federal Contract Tower,0,11,5,0,16,0,0,30,0,30,0,11,35,0,46,38,0,38,84
01/24/2009,DBQ,IA,ACE,CE,Federal Contract Tower,0,11,12,0,23,0,0,46,0,46,0,11,58,0,69,30,0,30,99
01/25/2009,DBQ,IA,ACE,CE,Federal Contract Tower,0,7,12,0,19,0,0,25,0,25,0,7,37,0,44,8,0,8,52
01/26/2009,DBQ,IA,ACE,CE,Federal Contract Tower,0,12,7,0,19,0,0,102,0,102,0,12,109,0,121,122,0,122,243
01/27/2009,DBQ,IA,ACE,CE,Federal Contract Tower,0,11,6,0,17,0,0,110,0,110,0,11,116,0,127,148,0,148,275
01/28/2009,DBQ,IA,ACE,CE,Federal Contract Tower,0,12,18,0,30,0,69,0,0,69,0,81,18,0,99,88,0,88,187
01/29/2009,DBQ,IA,ACE,CE,Federal Contract Tower,0,11,12,0,23,0,0,12,0,12,0,11,24,0,35,14,0,14,49
01/30/2009,DBQ,IA,ACE,CE,Federal Contract Tower,0,10,25,0,35,0,2,93,0,95,0,12,118,0,130,102,0,102,232
01/31/2009,DBQ,IA,ACE,CE,Federal Contract Tower,0,6,1,0,7,0,0,62,0,62,0,6,63,0,69,64,0,64,133
02/01/2009,DBQ,IA,ACE,CE,Federal Contract Tower,0,8,8,0,16,0,0,34,0,34,0,8,42,0,50,10,0,10,60
02/02/2009,DBQ,IA,ACE,CE,Federal Contract Tower,0,14,4,0,18,0,0,98,0,98,0,14,102,0,116,84,0,84,200
02/03/2009,DBQ,IA,ACE,CE,Federal Contract Tower,0,11,21,0,32,0,0,122,0,122,0,11,143,0,154,122,0,122,276
02/04/2009,DBQ,IA,ACE,CE,Federal Contract Tower,0,16,6,0,22,0,0,104,0,104,0,16,110,0,126,190,0,190,316
02/05/2009,DBQ,IA,ACE,CE,Federal Contract Tower,0,11,13,0,24,0,0,152,0,152,0,11,165,0,176,100,0,100,276
02/06/2009,DBQ,IA,ACE,CE,Federal Contract Tower,0,13,16,0,29,0,0,115,0,115,0,13,131,0,144,88,0,88,232
02/07/2009,DBQ,IA,ACE,CE,Federal Contract Tower,0,7,13,0,20,0,0,40,0,40,0,7,53,0,60,28,0,28,88
02/08/2009,DBQ,IA,ACE,CE,Federal Contract Tower,0,8,12,0,20,0,0,19,0,19,0,8,31,0,39,40,0,40,79
02/09/2009,DBQ,IA,ACE,CE,Federal Contract Tower,0,12,14,0,26,0,0,19,0,19,0,12,33,0,45,28,0,28,73
02/10/2009,DBQ,IA,ACE,CE,Federal Contract Tower,0,13,7,0,20,0,1,10,2,13,0,14,17,2,33,0,0,0,33
02/11/2009,DBQ,IA,ACE,CE,Federal Contract Tower,0,12,10,0,22,0,0,11,0,11,0,12,21,0,33,86,0,86,119
02/12/2009,DBQ,IA,ACE,CE,Federal Contract Tower,0,16,7,0,23,0,58,0,0,58,0,74,7,0,81,126,0,126,207
02/13/2009,DBQ,IA,ACE,CE,Federal Contract Tower,0,12,14,0,26,0,0,94,0,94,0,12,108,0,120,122,0,122,242
02/14/2009,DBQ,IA,ACE,CE,Federal Contract Tower,0,6,0,0,6,0,0,37,0,37,0,6,37,0,43,50,0,50,93
02/15/2009,DBQ,IA,ACE,CE,Federal Contract Tower,0,8,10,0,18,0,0,27,0,27,0,8,37,0,45,2,0,2,47
02/16/2009,DBQ,IA,ACE,CE,Federal Contract Tower,0,8,12,0,20,0,0,138,0,138,0,8,150,0,158,118,0,118,276
02/17/2009,DBQ,IA,ACE,CE,Federal Contract Tower,0,13,9,0,22,0,1,83,0,84,0,14,92,0,106,142,0,142,248
02/18/2009,DBQ,IA,ACE,CE,Federal Contract Tower,0,11,5,0,16,0,0,0,0,0,0,11,5,0,16,0,0,0,16
02/19/2009,DBQ,IA,ACE,CE,Federal Contract Tower,0,12,20,1,33,0,3,115,0,118,0,15,135,1,151,110,0,110,261
02/20/2009,DBQ,IA,ACE,CE,Federal Contract Tower,0,13,15,0,28,0,0,117,2,119,0,13,132,2,147,108,0,108,255
02/21/2009,DBQ,IA,ACE,CE,Federal Contract Tower,0,6,5,0,11,0,0,0,0,0,0,6,5,0,11,0,0,0,11
02/22/2009,DBQ,IA,ACE,CE,Federal Contract Tower,0,8,6,0,14,0,0,66,0,66,0,8,72,0,80,26,0,26,106
02/23/2009,DBQ,IA,ACE,CE,Federal Contract Tower,0,14,16,0,30,0,0,95,0,95,0,14,111,0,125,148,0,148,273
02/24/2009,DBQ,IA,ACE,CE,Federal Contract Tower,0,14,12,0,26,0,1,83,0,84,0,15,95,0,110,110,0,110,220
02/25/2009,DBQ,IA,ACE,CE,Federal Contract Tower,0,15,14,0,29,0,0,83,0,83,0,15,97,0,112,192,0,192,304
02/26/2009,DBQ,IA,ACE,CE,Federal Contract Tower,2,13,8,0,23,0,0,0,0,0,2,13,8,0,23,16,0,16,39
02/27/2009,DBQ,IA,ACE,CE,Federal Contract Tower,0,11,14,0,25,0,0,95,0,95,0,11,109,0,120,102,0,102,222
02/28/2009,DBQ,IA,ACE,CE,Federal Contract Tower,0,6,7,0,13,0,0,46,0,46,0,6,53,0,59,102,0,102,161
03/01/2009,DBQ,IA,ACE,CE,Federal Contract Tower,0,12,7,0,19,0,0,23,0,23,0,12,30,0,42,18,0,18,60
03/02/2009,DBQ,IA,ACE,CE,Federal Contract Tower,0,12,7,0,19,0,0,127,0,127,0,12,134,0,146,222,0,222,368
03/03/2009,DBQ,IA,ACE,CE,Federal Contract Tower,0,12,14,0,26,0,0,96,0,96,0,12,110,0,122,72,0,72,194
03/04/2009,DBQ,IA,ACE,CE,Federal Contract Tower,0,15,19,0,34,0,0,112,0,112,0,15,131,0,146,106,0,106,252
03/05/2009,DBQ,IA,ACE,CE,Federal Contract Tower,0,15,8,4,27,0,3,27,0,30,0,18,35,4,57,50,0,50,107
03/06/2009,DBQ,IA,ACE,CE,Federal Contract Tower,0,13,19,0,32,0,0,120,0,120,0,13,139,0,152,104,0,104,256
03/07/2009,DBQ,IA,ACE,CE,Federal Contract Tower,0,8,4,0,12,0,0,0,0,0,0,8,4,0,12,0,0,0,12
03/08/2009,DBQ,IA,ACE,CE,Federal Contract Tower,0,9,4,0,13,0,0,0,0,0,0,9,4,0,13,0,0,0,13
03/09/2009,DBQ,IA,ACE,CE,Federal Contract Tower,0,14,13,0,27,0,2,8,0,10,0,16,21,0,37,46,0,46,83
03/10/2009,DBQ,IA,ACE,CE,Federal Contract Tower,0,2,7,0,9,0,0,0,0,0,0,2,7,0,9,0,0,0,9
03/11/2009,DBQ,IA,ACE,CE,Federal Contract Tower,0,14,10,0,24,0,2,60,0,62,0,16,70,0,86,122,0,122,208
03/12/2009,DBQ,IA,ACE,CE,Federal Contract Tower,0,14,21,0,35,0,0,75,0,75,0,14,96,0,110,52,0,52,162
03/13/2009,DBQ,IA,ACE,CE,Federal Contract Tower,0,13,10,0,23,0,0,75,0,75,0,13,85,0,98,70,0,70,168
03/14/2009,DBQ,IA,ACE,CE,Federal Contract Tower,0,8,12,1,21,0,0,57,1,58,0,8,69,2,79,28,0,28,107
03/15/2009,DBQ,IA,ACE,CE,Federal Contract Tower,0,8,16,0,24,0,0,44,0,44,0,8,60,0,68,42,0,42,110
03/16/2009,DBQ,IA,ACE,CE,Federal Contract Tower,0,12,13,0,25,0,0,88,0,88,0,12,101,0,113,118,0,118,231
03/17/2009,DBQ,IA,ACE,CE,Federal Contract Tower,0,8,11,0,19,0,0,45,0,45,0,8,56,0,64,34,0,34,98
03/18/2009,DBQ,IA,ACE,CE,Federal Contract Tower,0,13,20,0,33,0,1,117,0,118,0,14,137,0,151,222,0,222,373
03/19/2009,DBQ,IA,ACE,CE,Federal Contract Tower,0,12,23,0,35,0,0,149,0,149,0,12,172,0,184,180,0,180,364
03/20/2009,DBQ,IA,ACE,CE,Federal Contract Tower,0,12,10,0,22,0,1,90,0,91,0,13,100,0,113,84,0,84,197
03/21/2009,DBQ,IA,ACE,CE,Federal Contract Tower,0,7,9,0,16,0,0,87,0,87,0,7,96,0,103,76,0,76,179
03/22/2009,DBQ,IA,ACE,CE,Federal Contract Tower,0,11,7,0,18,0,2,15,0,17,0,13,22,0,35,22,0,22,57
03/23/2009,DBQ,IA,ACE,CE,Federal Contract Tower,0,13,4,2,19,0,0,16,0,16,0,13,20,2,35,2,0,2,37
03/24/2009,DBQ,IA,ACE,CE,Federal Contract Tower,0,15,12,0,27,0,0,0,0,0,0,15,12,0,27,0,0,0,27
03/25/2009,DBQ,IA,ACE,CE,Federal Contract Tower,0,10,5,0,15,0,0,10,0,10,0,10,15,0,25,20,0,20,45
03/26/2009,DBQ,IA,ACE,CE,Federal Contract Tower,0,11,22,0,33,0,2,60,0,62,0,13,82,0,95,86,0,86,181
03/27/2009,DBQ,IA,ACE,CE,Federal Contract Tower,0,13,17,0,30,0,0,111,0,111,0,13,128,0,141,124,0,124,265
03/28/2009,DBQ,IA,ACE,CE,Federal Contract Tower,0,6,1,0,7,0,0,6,0,6,0,6,7,0,13,16,0,16,29
03/29/2009,DBQ,IA,ACE,CE,Federal Contract Tower,0,7,9,0,16,0,0,18,0,18,0,7,27,0,34,6,0,6,40
03/30/2009,DBQ,IA,ACE,CE,Federal Contract Tower,0,14,12,0,26,0,0,111,0,111,0,14,123,0,137,128,0,128,265
03/31/2009,DBQ,IA,ACE,CE,Federal Contract Tower,0,12,16,0,28,0,0,0,0,0,0,12,16,0,28,0,0,0,28
04/01/2009,DBQ,IA,ACE,CE,Federal Contract Tower,0,10,6,0,16,0,0,8,0,8,0,10,14,0,24,4,0,4,28
04/02/2009,DBQ,IA,ACE,CE,Federal Contract Tower,0,11,8,0,19,0,3,5,0,8,0,14,13,0,27,14,0,14,41
04/03/2009,DBQ,IA,ACE,CE,Federal Contract Tower,0,14,25,2,41,0,3,127,0,130,0,17,152,2,171,96,0,96,267
04/04/2009,DBQ,IA,ACE,CE,Federal Contract Tower,0,5,14,1,20,0,0,74,0,74,0,5,88,1,94,110,0,110,204
04/05/2009,DBQ,IA,ACE,CE,Federal Contract Tower,0,7,1,0,8,0,0,0,0,0,0,7,1,0,8,0,0,0,8
04/06/2009,DBQ,IA,ACE,CE,Federal Contract Tower,0,9,3,0,12,0,0,69,0,69,0,9,72,0,81,42,0,42,123
04/07/2009,DBQ,IA,ACE,CE,Federal Contract Tower,0,16,27,0,43,0,1,112,0,113,0,17,139,0,156,92,0,92,248
04/08/2009,DBQ,IA,ACE,CE,Federal Contract Tower,0,10,26,0,36,0,0,131,0,131,0,10,157,0,167,152,0,152,319
04/09/2009,DBQ,IA,ACE,CE,Federal Contract Tower,0,10,34,0,44,0,0,99,0,99,0,10,133,0,143,168,0,168,311
04/10/2009,DBQ,IA,ACE,CE,Federal Contract Tower,0,12,6,0,18,0,0,30,0,30,0,12,36,0,48,10,0,10,58
04/11/2009,DBQ,IA,ACE,CE,Federal Contract Tower,0,6,11,0,17,0,0,44,0,44,0,6,55,0,61,24,0,24,85
04/12/2009,DBQ,IA,ACE,CE,Federal Contract Tower,0,9,9,0,18,0,0,12,0,12,0,9,21,0,30,2,0,2,32
04/13/2009,DBQ,IA,ACE,CE,Federal Contract Tower,0,13,5,0,18,0,1,0,0,1,0,14,5,0,19,0,0,0,19
04/14/2009,DBQ,IA,ACE,CE,Federal Contract Tower,0,14,15,0,29,0,0,99,0,99,0,14,114,0,128,148,0,148,276
04/15/2009,DBQ,IA,ACE,CE,Federal Contract Tower,0,12,21,0,33,0,0,118,0,118,0,12,139,0,151,150,0,150,301
04/16/2009,DBQ,IA,ACE,CE,Federal Contract Tower,0,12,18,0,30,0,4,127,0,131,0,16,145,0,161,248,0,248,409
04/17/2009,DBQ,IA,ACE,CE,Federal Contract Tower,0,13,12,0,25,0,1,128,0,129,0,14,140,0,154,138,0,138,292
04/18/2009,DBQ,IA,ACE,CE,Federal Contract Tower,0,6,7,0,13,0,0,31,0,31,0,6,38,0,44,42,0,42,86
04/19/2009,DBQ,IA,ACE,CE,Federal Contract Tower,0,6,5,0,11,0,0,0,0,0,0,6,5,0,11,0,0,0,11
04/20/2009,DBQ,IA,ACE,CE,Federal Contract Tower,0,19,10,1,30,0,10,22,1,33,0,29,32,2,63,68,0,68,131
04/21/2009,DBQ,IA,ACE,CE,Federal Contract Tower,0,9,6,2,17,0,1,21,0,22,0,10,27,2,39,18,0,18,57
04/22/2009,DBQ,IA,ACE,CE,Federal Contract Tower,0,10,28,0,38,0,0,126,0,126,0,10,154,0,164,160,0,160,324
04/23/2009,DBQ,IA,ACE,CE,Federal Contract Tower,0,14,23,0,37,0,0,102,0,102,0,14,125,0,139,62,0,62,201
04/24/2009,DBQ,IA,ACE,CE,Federal Contract Tower,0,12,10,0,22,0,0,93,2,95,0,12,103,2,117,78,0,78,195
04/25/2009,DBQ,IA,ACE,CE,Federal Contract Tower,0,6,4,0,10,0,0,0,0,0,0,6,4,0,10,0,0,0,10
04/26/2009,DBQ,IA,ACE,CE,Federal Contract Tower,2,4,3,0,9,0,0,1,0,1,2,4,4,0,10,0,0,0,10
04/27/2009,DBQ,IA,ACE,CE,Federal Contract Tower,0,14,37,0,51,0,0,3,0,3,0,14,40,0,54,48,0,48,102
04/28/2009,DBQ,IA,ACE,CE,Federal Contract Tower,0,13,14,0,27,0,0,77,0,77,0,13,91,0,104,84,0,84,188
04/29/2009,DBQ,IA,ACE,CE,Federal Contract Tower,0,11,47,0,58,0,0,15,0,15,0,11,62,0,73,56,0,56,129
04/30/2009,DBQ,IA,ACE,CE,Federal Contract Tower,0,14,19,1,34,0,1,9,0,10,0,15,28,1,44,24,0,24,68
05/01/2009,DBQ,IA,ACE,CE,Federal Contract Tower,0,11,23,1,35,0,0,125,0,125,0,11,148,1,160,188,0,188,348
05/02/2009,DBQ,IA,ACE,CE,Federal Contract Tower,0,6,11,0,17,0,0,73,0,73,0,6,84,0,90,22,0,22,112
05/03/2009,DBQ,IA,ACE,CE,Federal Contract Tower,0,6,10,2,18,0,0,51,0,51,0,6,61,2,69,48,0,48,117
05/04/2009,DBQ,IA,ACE,CE,Federal Contract Tower,0,14,17,0,31,0,0,88,0,88,0,14,105,0,119,78,0,78,197
05/05/2009,DBQ,IA,ACE,CE,Federal Contract Tower,0,12,16,0,28,0,0,93,0,93,0,12,109,0,121,144,0,144,265
05/06/2009,DBQ,IA,ACE,CE,Federal Contract Tower,0,13,12,0,25,0,0,56,0,56,0,13,68,0,81,144,0,144,225
05/07/2009,DBQ,IA,ACE,CE,Federal Contract Tower,0,10,15,0,25,0,0,76,0,76,0,10,91,0,101,100,0,100,201
05/08/2009,DBQ,IA,ACE,CE,Federal Contract Tower,0,10,12,0,22,0,0,100,0,100,0,10,112,0,122,170,0,170,292
05/09/2009,DBQ,IA,ACE,CE,Federal Contract Tower,0,5,7,0,12,0,0,10,0,10,0,5,17,0,22,10,0,10,32
05/10/2009,DBQ,IA,ACE,CE,Federal Contract Tower,0,7,8,0,15,0,0,33,0,33,0,7,41,0,48,46,0,46,94
05/11/2009,DBQ,IA,ACE,CE,Federal Contract Tower,0,21,11,0,32,0,2,95,0,97,0,23,106,0,129,104,0,104,233
05/12/2009,DBQ,IA,ACE,CE,Federal Contract Tower,0,11,2,0,13,0,0,70,0,70,0,11,72,0,83,20,0,20,103
05/13/2009,DBQ,IA,ACE,CE,Federal Contract Tower,0,8,11,4,23,0,0,0,0,0,0,8,11,4,23,0,0,0,23
05/14/2009,DBQ,IA,ACE,CE,Federal Contract Tower,0,9,16,0,25,0,0,54,0,54,0,9,70,0,79,108,0,108,187
05/15/2009,DBQ,IA,ACE,CE,Federal Contract Tower,0,12,8,0,20,0,0,0,0,0,0,12,8,0,20,0,0,0,20
05/16/2009,DBQ,IA,ACE,CE,Federal Contract Tower,0,7,5,0,12,0,0,0,0,0,0,7,5,0,12,22,0,22,34
05/17/2009,DBQ,IA,ACE,CE,Federal Contract Tower,0,8,4,0,12,0,0,45,0,45,0,8,49,0,57,0,0,0,57
05/18/2009,DBQ,IA,ACE,CE,Federal Contract Tower,0,11,10,0,21,0,1,37,0,38,0,12,47,0,59,100,0,100,159
05/19/2009,DBQ,IA,ACE,CE,Federal Contract Tower,0,14,17,0,31,0,0,100,2,102,0,14,117,2,133,110,0,110,243
05/20/2009,DBQ,IA,ACE,CE,Federal Contract Tower,0,10,15,0,25,0,0,46,0,46,0,10,61,0,71,60,0,60,131
05/21/2009,DBQ,IA,ACE,CE,Federal Contract Tower,0,14,10,0,24,0,1,81,0,82,0,15,91,0,106,64,0,64,170
05/22/2009,DBQ,IA,ACE,CE,Federal Contract Tower,0,14,15,0,29,0,67,0,0,67,0,81,15,0,96,118,0,118,214
05/23/2009,DBQ,IA,ACE,CE,Federal Contract Tower,0,6,6,0,12,0,0,25,0,25,0,6,31,0,37,6,0,6,43
05/24/2009,DBQ,IA,ACE,CE,Federal Contract Tower,0,9,9,0,18,0,1,28,0,29,0,10,37,0,47,28,0,28,75
05/25/2009,DBQ,IA,ACE,CE,Federal Contract Tower,0,10,11,0,21,0,0,10,0,10,0,10,21,0,31,22,0,22,53
05/26/2009,DBQ,IA,ACE,CE,Federal Contract Tower,0,16,16,0,32,0,3,27,0,30,0,19,43,0,62,12,0,12,74
05/27/2009,DBQ,IA,ACE,CE,Federal Contract Tower,2,16,35,0,53,0,0,1,0,1,2,16,36,0,54,0,0,0,54
05/28/2009,DBQ,IA,ACE,CE,Federal Contract Tower,0,13,40,0,53,0,0,20,0,20,0,13,60,0,73,44,0,44,117
05/29/2009,DBQ,IA,ACE,CE,Federal Contract Tower,0,12,20,0,32,0,2,87,0,89,0,14,107,0,121,76,0,76,197
05/30/2009,DBQ,IA,ACE,CE,Federal Contract Tower,2,7,3,0,12,0,0,38,0,38,2,7,41,0,50,28,0,28,78
05/31/2009,DBQ,IA,ACE,CE,Federal Contract Tower,0,8,9,0,17,0,0,39,0,39,0,8,48,0,56,4,0,4,60
06/01/2009,DBQ,IA,ACE,CE,Federal Contract Tower,0,9,21,0,30,0,0,63,0,63,0,9,84,0,93,58,0,58,151
06/02/2009,DBQ,IA,ACE,CE,Federal Contract Tower,0,12,8,0,20,0,0,45,0,45,0,12,53,0,65,6,0,6,71
06/03/2009,DBQ,IA,ACE,CE,Federal Contract Tower,0,100,11,0,111,0,0,71,0,71,0,100,82,0,182,52,0,52,234
06/04/2009,DBQ,IA,ACE,CE,Federal Contract Tower,0,12,19,0,31,0,1,91,0,92,0,13,110,0,123,64,2,66,189
06/05/2009,DBQ,IA,ACE,CE,Federal Contract Tower,0,12,17,0,29,0,0,65,0,65,0,12,82,0,94,44,0,44,138
06/06/2009,DBQ,IA,ACE,CE,Federal Contract Tower,0,6,4,0,10,0,0,3,0,3,0,6,7,0,13,0,0,0,13
06/07/2009,DBQ,IA,ACE,CE,Federal Contract Tower,0,8,11,0,19,0,0,15,0,15,0,8,26,0,34,22,0,22,56
06/08/2009,DBQ,IA,ACE,CE,Federal Contract Tower,0,11,22,0,33,0,0,4,0,4,0,11,26,0,37,0,0,0,37
06/09/2009,DBQ,IA,ACE,CE,Federal Contract Tower,0,9,20,0,29,0,0,77,0,77,0,9,97,0,106,60,0,60,166
06/10/2009,DBQ,IA,ACE,CE,Federal Contract Tower,0,12,25,0,37,0,0,29,0,29,0,12,54,0,66,24,0,24,90
06/11/2009,DBQ,IA,ACE,CE,Federal Contract Tower,0,11,35,0,46,0,1,57,0,58,0,12,92,0,104,92,0,92,196
06/12/2009,DBQ,IA,ACE,CE,Federal Contract Tower,0,11,12,0,23,0,1,45,0,46,0,12,57,0,69,58,0,58,127
06/13/2009,DBQ,IA,ACE,CE,Federal Contract Tower,0,5,14,0,19,0,0,1,0,1,0,5,15,0,20,0,0,0,20
06/14/2009,DBQ,IA,ACE,CE,Federal Contract Tower,0,9,12,0,21,0,1,24,0,25,0,10,36,0,46,0,0,0,46
06/15/2009,DBQ,IA,ACE,CE,Federal Contract Tower,0,12,21,0,33,0,0,41,0,41,0,12,62,0,74,42,0,42,116
06/16/2009,DBQ,IA,ACE,CE,Federal Contract Tower,0,12,12,0,24,0,0,45,0,45,0,12,57,0,69,78,0,78,147
06/17/2009,DBQ,IA,ACE,CE,Federal Contract Tower,0,10,24,0,34,0,0,46,0,46,0,10,70,0,80,94,0,94,174
06/18/2009,DBQ,IA,ACE,CE,Federal Contract Tower,0,11,17,0,28,0,0,19,0,19,0,11,36,0,47,14,0,14,61
06/19/2009,DBQ,IA,ACE,CE,Federal Contract Tower,0,12,6,2,20,0,0,22,0,22,0,12,28,2,42,8,0,8,50
06/20/2009,DBQ,IA,ACE,CE,Federal Contract Tower,0,9,2,0,11,0,0,44,0,44,0,9,46,0,55,8,0,8,63
06/21/2009,DBQ,IA,ACE,CE,Federal Contract Tower,0,9,1,0,10,0,0,7,0,7,0,9,8,0,17,0,0,0,17
06/22/2009,DBQ,IA,ACE,CE,Federal Contract Tower,0,12,7,0,19,0,0,49,0,49,0,12,56,0,68,72,0,72,140
06/23/2009,DBQ,IA,ACE,CE,Federal Contract Tower,0,14,13,0,27,0,1,55,0,56,0,15,68,0,83,40,0,40,123
06/24/2009,DBQ,IA,ACE,CE,Federal Contract Tower,0,12,11,0,23,0,0,68,0,68,0,12,79,0,91,60,0,60,151
06/25/2009,DBQ,IA,ACE,CE,Federal Contract Tower,0,13,24,0,37,0,1,33,0,34,0,14,57,0,71,30,0,30,101
06/26/2009,DBQ,IA,ACE,CE,Federal Contract Tower,0,12,12,1,25,0,2,89,1,92,0,14,101,2,117,24,0,24,141
06/27/2009,DBQ,IA,ACE,CE,Federal Contract Tower,0,6,22,0,28,0,0,9,0,9,0,6,31,0,37,4,0,4,41
06/28/2009,DBQ,IA,ACE,CE,Federal Contract Tower,0,9,11,0,20,0,0,11,0,11,0,9,22,0,31,2,0,2,33
06/29/2009,DBQ,IA,ACE,CE,Federal Contract Tower,0,16,23,0,39,0,2,43,0,45,0,18,66,0,84,14,0,14,98
06/30/2009,DBQ,IA,ACE,CE,Federal Contract Tower,0,12,26,0,38,0,0,17,0,17,0,12,43,0,55,20,0,20,75
07/01/2009,DBQ,IA,ACE,CE,Federal Contract Tower,0,9,32,4,45,0,0,17,0,17,0,9,49,4,62,20,0,20,82
07/02/2009,DBQ,IA,ACE,CE,Federal Contract Tower,0,9,27,2,38,0,0,74,6,80,0,9,101,8,118,76,0,76,194
07/03/2009,DBQ,IA,ACE,CE,Federal Contract Tower,0,15,13,0,28,0,0,60,7,67,0,15,73,7,95,50,0,50,145
07/04/2009,DBQ,IA,ACE,CE,Federal Contract Tower,0,4,1,2,7,0,0,2,0,2,0,4,3,2,9,0,0,0,9
07/05/2009,DBQ,IA,ACE,CE,Federal Contract Tower,0,7,7,0,14,0,0,25,0,25,0,7,32,0,39,22,0,22,61
07/06/2009,DBQ,IA,ACE,CE,Federal Contract Tower,0,14,10,0,24,0,0,51,0,51,0,14,61,0,75,68,0,68,143
07/07/2009,DBQ,IA,ACE,CE,Federal Contract Tower,0,12,11,0,23,0,0,21,0,21,0,12,32,0,44,34,0,34,78
07/08/2009,DBQ,IA,ACE,CE,Federal Contract Tower,0,13,12,0,25,0,2,18,0,20,0,15,30,0,45,80,0,80,125
07/09/2009,DBQ,IA,ACE,CE,Federal Contract Tower,0,11,17,0,28,0,0,50,0,50,0,11,67,0,78,68,0,68,146
07/10/2009,DBQ,IA,ACE,CE,Federal Contract Tower,0,13,5,0,18,0,0,12,0,12,0,13,17,0,30,6,0,6,36
07/11/2009,DBQ,IA,ACE,CE,Federal Contract Tower,0,7,14,0,21,0,0,44,0,44,0,7,58,0,65,24,0,24,89
07/12/2009,DBQ,IA,ACE,CE,Federal Contract Tower,0,9,9,0,18,0,0,13,2,15,0,9,22,2,33,4,0,4,37
07/13/2009,DBQ,IA,ACE,CE,Federal Contract Tower,0,14,19,1,34,0,2,81,0,83,0,16,100,1,117,88,2,90,207
07/14/2009,DBQ,IA,ACE,CE,Federal Contract Tower,0,14,18,0,32,0,0,58,0,58,0,14,76,0,90,58,0,58,148
07/15/2009,DBQ,IA,ACE,CE,Federal Contract Tower,0,11,16,0,27,0,1,60,6,67,0,12,76,6,94,14,0,14,108
07/16/2009,DBQ,IA,ACE,CE,Federal Contract Tower,0,14,18,0,32,0,0,76,0,76,0,14,94,0,108,58,0,58,166
07/17/2009,DBQ,IA,ACE,CE,Federal Contract Tower,1,14,23,0,38,0,0,36,1,37,1,14,59,1,75,18,0,18,93
07/18/2009,DBQ,IA,ACE,CE,Federal Contract Tower,0,8,16,0,24,0,0,26,0,26,0,8,42,0,50,6,0,6,56
07/19/2009,DBQ,IA,ACE,CE,Federal Contract Tower,0,10,14,0,24,0,0,42,0,42,0,10,56,0,66,18,0,18,84
07/20/2009,DBQ,IA,ACE,CE,Federal Contract Tower,0,15,15,0,30,0,2,91,0,93,0,17,106,0,123,68,0,68,191
07/21/2009,DBQ,IA,ACE,CE,Federal Contract Tower,0,12,16,0,28,0,0,5,0,5,0,12,21,0,33,2,0,2,35
07/22/2009,DBQ,IA,ACE,CE,Federal Contract Tower,0,8,21,0,29,0,1,20,0,21,0,9,41,0,50,16,0,16,66
07/23/2009,DBQ,IA,ACE,CE,Federal Contract Tower,0,10,25,0,35,0,0,125,0,125,0,10,150,0,160,56,0,56,216
07/24/2009,DBQ,IA,ACE,CE,Federal Contract Tower,0,12,15,0,27,0,1,68,0,69,0,13,83,0,96,38,0,38,134
07/25/2009,DBQ,IA,ACE,CE,Federal Contract Tower,0,7,8,0,15,0,0,107,0,107,0,7,115,0,122,0,0,0,122
07/26/2009,DBQ,IA,ACE,CE,Federal Contract Tower,0,14,17,0,31,0,0,106,0,106,0,14,123,0,137,0,0,0,137
07/27/2009,DBQ,IA,ACE,CE,Federal Contract Tower,0,11,14,0,25,0,1,70,0,71,0,12,84,0,96,58,0,58,154
07/28/2009,DBQ,IA,ACE,CE,Federal Contract Tower,0,14,20,1,35,0,0,65,0,65,0,14,85,1,100,82,0,82,182
07/29/2009,DBQ,IA,ACE,CE,Federal Contract Tower,0,10,22,0,32,0,0,83,0,83,0,10,105,0,115,18,0,18,133
07/30/2009,DBQ,IA,ACE,CE,Federal Contract Tower,0,9,26,0,35,0,1,44,2,47,0,10,70,2,82,22,0,22,104
07/31/2009,DBQ,IA,ACE,CE,Federal Contract Tower,0,15,14,0,29,0,0,68,0,68,0,15,82,0,97,40,0,40,137
08/01/2009,DBQ,IA,ACE,CE,Federal Contract Tower,0,6,5,0,11,0,0,23,0,23,0,6,28,0,34,4,0,4,38
08/02/2009,DBQ,IA,ACE,CE,Federal Contract Tower,0,13,10,0,23,0,3,44,0,47,0,16,54,0,70,0,0,0,70
08/03/2009,DBQ,IA,ACE,CE,Federal Contract Tower,0,11,14,1,26,0,0,46,0,46,0,11,60,1,72,36,0,36,108
08/04/2009,DBQ,IA,ACE,CE,Federal Contract Tower,0,15,14,2,31,0,1,66,0,67,0,16,80,2,98,58,0,58,156
08/05/2009,DBQ,IA,ACE,CE,Federal Contract Tower,0,12,13,0,25,0,2,85,0,87,0,14,98,0,112,42,0,42,154
08/06/2009,DBQ,IA,ACE,CE,Federal Contract Tower,0,12,26,2,40,0,0,85,0,85,0,12,111,2,125,110,0,110,235
08/07/2009,DBQ,IA,ACE,CE,Federal Contract Tower,0,17,17,0,34,0,0,1,0,1,0,17,18,0,35,0,0,0,35
08/08/2009,DBQ,IA,ACE,CE,Federal Contract Tower,0,5,3,0,8,0,0,10,0,10,0,5,13,0,18,22,0,22,40
08/09/2009,DBQ,IA,ACE,CE,Federal Contract Tower,0,7,6,0,13,0,0,8,0,8,0,7,14,0,21,6,0,6,27
08/10/2009,DBQ,IA,ACE,CE,Federal Contract Tower,0,9,21,0,30,0,1,38,0,39,0,10,59,0,69,80,0,80,149
08/11/2009,DBQ,IA,ACE,CE,Federal Contract Tower,0,11,3,0,14,0,0,63,0,63,0,11,66,0,77,56,0,56,133
08/12/2009,DBQ,IA,ACE,CE,Federal Contract Tower,0,10,20,0,30,0,0,113,0,113,0,10,133,0,143,40,0,40,183
08/13/2009,DBQ,IA,ACE,CE,Federal Contract Tower,0,12,22,0,34,0,1,70,0,71,0,13,92,0,105,72,0,72,177
08/14/2009,DBQ,IA,ACE,CE,Federal Contract Tower,0,14,14,0,28,0,2,45,0,47,0,16,59,0,75,46,0,46,121
08/15/2009,DBQ,IA,ACE,CE,Federal Contract Tower,0,7,7,0,14,0,0,18,3,21,0,7,25,3,35,20,0,20,55
08/16/2009,DBQ,IA,ACE,CE,Federal Contract Tower,0,6,7,0,13,0,0,6,0,6,0,6,13,0,19,0,0,0,19
08/17/2009,DBQ,IA,ACE,CE,Federal Contract Tower,0,10,7,0,17,0,1,18,0,19,0,11,25,0,36,52,0,52,88
08/18/2009,DBQ,IA,ACE,CE,Federal Contract Tower,0,12,16,3,31,0,1,66,0,67,0,13,82,3,98,60,0,60,158
08/19/2009,DBQ,IA,ACE,CE,Federal Contract Tower,0,11,25,0,36,0,0,48,0,48,0,11,73,0,84,46,0,46,130
08/20/2009,DBQ,IA,ACE,CE,Federal Contract Tower,0,10,11,0,21,0,1,14,0,15,0,11,25,0,36,18,0,18,54
08/21/2009,DBQ,IA,ACE,CE,Federal Contract Tower,0,14,23,0,37,0,1,3,0,4,0,15,26,0,41,0,0,0,41
08/22/2009,DBQ,IA,ACE,CE,Federal Contract Tower,0,9,8,2,19,0,1,58,0,59,0,10,66,2,78,48,6,54,132
08/23/2009,DBQ,IA,ACE,CE,Federal Contract Tower,0,8,13,0,21,0,0,0,0,0,0,8,13,0,21,14,0,14,35
08/24/2009,DBQ,IA,ACE,CE,Federal Contract Tower,0,12,31,0,43,0,0,37,0,37,0,12,68,0,80,52,0,52,132
08/25/2009,DBQ,IA,ACE,CE,Federal Contract Tower,0,17,25,0,42,0,1,42,1,44,0,18,67,1,86,32,0,32,118
08/26/2009,DBQ,IA,ACE,CE,Federal Contract Tower,0,17,19,0,36,0,0,0,0,0,0,17,19,0,36,0,0,0,36
08/27/2009,DBQ,IA,ACE,CE,Federal Contract Tower,0,11,14,0,25,0,0,0,0,0,0,11,14,0,25,0,0,0,25
08/28/2009,DBQ,IA,ACE,CE,Federal Contract Tower,0,15,23,0,38,0,1,22,0,23,0,16,45,0,61,16,0,16,77
08/29/2009,DBQ,IA,ACE,CE,Federal Contract Tower,0,5,13,0,18,0,0,24,0,24,0,5,37,0,42,16,0,16,58
08/30/2009,DBQ,IA,ACE,CE,Federal Contract Tower,0,6,6,0,12,0,0,30,0,30,0,6,36,0,42,32,0,32,74
08/31/2009,DBQ,IA,ACE,CE,Federal Contract Tower,0,14,11,5,30,0,1,80,3,84,0,15,91,8,114,76,2,78,192
09/01/2009,DBQ,IA,ACE,CE,Federal Contract Tower,0,10,10,0,20,0,0,75,0,75,0,10,85,0,95,50,0,50,145
09/02/2009,DBQ,IA,ACE,CE,Federal Contract Tower,0,7,19,0,26,0,0,105,1,106,0,7,124,1,132,70,0,70,202
09/03/2009,DBQ,IA,ACE,CE,Federal Contract Tower,2,10,8,2,22,0,1,100,0,101,2,11,108,2,123,66,0,66,189
09/04/2009,DBQ,IA,ACE,CE,Federal Contract Tower,0,9,7,0,16,0,0,86,0,86,0,9,93,0,102,50,0,50,152
09/05/2009,DBQ,IA,ACE,CE,Federal Contract Tower,0,3,5,0,8,0,0,48,0,48,0,3,53,0,56,22,0,22,78
09/06/2009,DBQ,IA,ACE,CE,Federal Contract Tower,2,4,4,0,10,0,0,13,0,13,2,4,17,0,23,26,0,26,49
09/07/2009,DBQ,IA,ACE,CE,Federal Contract Tower,0,4,11,0,15,0,0,34,0,34,0,4,45,0,49,24,0,24,73
09/08/2009,DBQ,IA,ACE,CE,Federal Contract Tower,0,11,20,0,31,0,0,89,0,89,0,11,109,0,120,96,0,96,216
09/09/2009,DBQ,IA,ACE,CE,Federal Contract Tower,0,8,17,0,25,0,1,74,0,75,0,9,91,0,100,56,0,56,156
09/10/2009,DBQ,IA,ACE,CE,Federal Contract Tower,0,9,13,0,22,0,0,43,0,43,0,9,56,0,65,82,0,82,147
09/11/2009,DBQ,IA,ACE,CE,Federal Contract Tower,0,11,15,0,26,0,0,110,0,110,0,11,125,0,136,86,0,86,222
09/12/2009,DBQ,IA,ACE,CE,Federal Contract Tower,0,4,17,0,21,0,2,75,0,77,0,6,92,0,98,74,0,74,172
09/13/2009,DBQ,IA,ACE,CE,Federal Contract Tower,0,5,26,0,31,0,0,209,0,209,0,5,235,0,240,2,0,2,242
09/14/2009,DBQ,IA,ACE,CE,Federal Contract Tower,0,8,14,0,22,0,2,110,0,112,0,10,124,0,134,36,0,36,170
09/15/2009,DBQ,IA,ACE,CE,Federal Contract Tower,0,5,17,4,26,0,0,65,1,66,0,5,82,5,92,52,0,52,144
09/16/2009,DBQ,IA,ACE,CE,Federal Contract Tower,0,7,31,0,38,0,0,85,0,85,0,7,116,0,123,80,0,80,203
09/17/2009,DBQ,IA,ACE,CE,Federal Contract Tower,0,9,17,2,28,0,2,125,0,127,0,11,142,2,155,138,2,140,295
09/18/2009,DBQ,IA,ACE,CE,Federal Contract Tower,0,12,18,0,30,0,0,103,0,103,0,12,121,0,133,82,0,82,215
09/19/2009,DBQ,IA,ACE,CE,Federal Contract Tower,0,6,10,0,16,0,0,59,0,59,0,6,69,0,75,62,0,62,137
09/20/2009,DBQ,IA,ACE,CE,Federal Contract Tower,0,8,8,0,16,0,21,0,0,21,0,29,8,0,37,0,0,0,37
09/21/2009,DBQ,IA,ACE,CE,Federal Contract Tower,0,10,22,0,32,0,0,22,0,22,0,10,44,0,54,72,0,72,126
09/22/2009,DBQ,IA,ACE,CE,Federal Contract Tower,0,8,17,0,25,0,0,5,0,5,0,8,22,0,30,0,0,0,30
09/23/2009,DBQ,IA,ACE,CE,Federal Contract Tower,0,9,28,8,45,0,0,62,0,62,0,9,90,8,107,68,2,70,177
09/24/2009,DBQ,IA,ACE,CE,Federal Contract Tower,0,8,28,0,36,0,0,71,0,71,0,8,99,0,107,136,0,136,243
09/25/2009,DBQ,IA,ACE,CE,Federal Contract Tower,0,10,26,0,36,0,2,2,0,4,0,12,28,0,40,4,0,4,44
09/26/2009,DBQ,IA,ACE,CE,Federal Contract Tower,0,4,8,0,12,0,0,5,0,5,0,4,13,0,17,20,0,20,37
09/27/2009,DBQ,IA,ACE,CE,Federal Contract Tower,0,6,15,0,21,0,0,34,0,34,0,6,49,0,55,32,0,32,87
09/28/2009,DBQ,IA,ACE,CE,Federal Contract Tower,0,10,12,0,22,0,0,2,0,2,0,10,14,0,24,0,0,0,24
09/29/2009,DBQ,IA,ACE,CE,Federal Contract Tower,0,9,31,0,40,0,0,98,0,98,0,9,129,0,138,182,0,182,320
09/30/2009,DBQ,IA,ACE,CE,Federal Contract Tower,0,7,34,0,41,0,2,164,0,166,0,9,198,0,207,122,0,122,329
10/01/2009,DBQ,IA,ACE,CE,Federal Contract Tower,0,9,12,0,21,0,0,0,0,0,0,9,12,0,21,0,0,0,21
10/02/2009,DBQ,IA,ACE,CE,Federal Contract Tower,0,11,22,0,33,0,1,0,0,1,0,12,22,0,34,0,0,0,34
10/03/2009,DBQ,IA,ACE,CE,Federal Contract Tower,0,5,6,0,11,0,0,3,0,3,0,5,9,0,14,10,0,10,24
10/04/2009,DBQ,IA,ACE,CE,Federal Contract Tower,0,5,10,0,15,0,0,26,0,26,0,5,36,0,41,0,0,0,41
10/05/2009,DBQ,IA,ACE,CE,Federal Contract Tower,0,11,17,0,28,0,0,122,0,122,0,11,139,0,150,140,0,140,290
10/06/2009,DBQ,IA,ACE,CE,Federal Contract Tower,0,11,21,0,32,0,0,0,0,0,0,11,21,0,32,0,0,0,32
10/07/2009,DBQ,IA,ACE,CE,Federal Contract Tower,0,8,14,0,22,0,0,154,0,154,0,8,168,0,176,100,0,100,276
10/08/2009,DBQ,IA,ACE,CE,Federal Contract Tower,0,11,33,0,44,0,2,50,0,52,0,13,83,0,96,58,0,58,154
10/09/2009,DBQ,IA,ACE,CE,Federal Contract Tower,0,13,10,0,23,0,2,115,0,117,0,15,125,0,140,128,0,128,268
10/10/2009,DBQ,IA,ACE,CE,Federal Contract Tower,0,3,5,0,8,0,0,8,0,8,0,3,13,0,16,16,0,16,32
10/11/2009,DBQ,IA,ACE,CE,Federal Contract Tower,0,5,9,0,14,0,0,41,0,41,0,5,50,0,55,8,0,8,63
10/12/2009,DBQ,IA,ACE,CE,Federal Contract Tower,0,7,4,2,13,0,0,74,1,75,0,7,78,3,88,116,0,116,204
10/13/2009,DBQ,IA,ACE,CE,Federal Contract Tower,0,14,14,0,28,0,0,164,0,164,0,14,178,0,192,270,0,270,462
10/14/2009,DBQ,IA,ACE,CE,Federal Contract Tower,0,9,12,0,21,0,0,78,0,78,0,9,90,0,99,408,0,408,507
10/15/2009,DBQ,IA,ACE,CE,Federal Contract Tower,0,11,16,0,27,0,0,0,0,0,0,11,16,0,27,0,0,0,27
10/16/2009,DBQ,IA,ACE,CE,Federal Contract Tower,0,9,22,0,31,0,0,62,0,62,0,9,84,0,93,56,0,56,149
10/17/2009,DBQ,IA,ACE,CE,Federal Contract Tower,0,6,11,0,17,0,1,59,0,60,0,7,70,0,77,14,0,14,91
10/18/2009,DBQ,IA,ACE,CE,Federal Contract Tower,0,4,14,0,18,0,0,53,0,53,0,4,67,0,71,20,0,20,91
10/19/2009,DBQ,IA,ACE,CE,Federal Contract Tower,0,11,20,0,31,0,2,123,0,125,0,13,143,0,156,136,0,136,292
10/20/2009,DBQ,IA,ACE,CE,Federal Contract Tower,0,14,12,0,26,0,0,124,0,124,0,14,136,0,150,122,0,122,272
10/21/2009,DBQ,IA,ACE,CE,Federal Contract Tower,0,9,16,0,25,0,1,124,0,125,0,10,140,0,150,126,0,126,276
10/22/2009,DBQ,IA,ACE,CE,Federal Contract Tower,0,13,7,0,20,0,0,0,0,0,0,13,7,0,20,0,0,0,20
10/23/2009,DBQ,IA,ACE,CE,Federal Contract Tower,0,10,4,0,14,0,0,0,0,0,0,10,4,0,14,0,0,0,14
10/24/2009,DBQ,IA,ACE,CE,Federal Contract Tower,0,4,14,0,18,0,0,67,0,67,0,4,81,0,85,180,0,180,265
10/25/2009,DBQ,IA,ACE,CE,Federal Contract Tower,0,3,16,0,19,0,0,38,0,38,0,3,54,0,57,18,0,18,75
10/26/2009,DBQ,IA,ACE,CE,Federal Contract Tower,0,13,11,0,24,0,0,3,0,3,0,13,14,0,27,6,0,6,33
10/27/2009,DBQ,IA,ACE,CE,Federal Contract Tower,0,9,14,0,23,0,0,170,0,170,0,9,184,0,193,188,0,188,381
10/28/2009,DBQ,IA,ACE,CE,Federal Contract Tower,0,7,20,0,27,0,0,0,0,0,0,7,20,0,27,0,0,0,27
10/29/2009,DBQ,IA,ACE,CE,Federal Contract Tower,0,10,14,0,24,0,1,0,0,1,0,11,14,0,25,0,0,0,25
10/30/2009,DBQ,IA,ACE,CE,Federal Contract Tower,0,8,4,0,12,0,0,0,5,5,0,8,4,5,17,0,0,0,17
10/31/2009,DBQ,IA,ACE,CE,Federal Contract Tower,0,3,10,0,13,0,0,54,0,54,0,3,64,0,67,72,0,72,139
11/01/2009,DBQ,IA,ACE,CE,Federal Contract Tower,0,2,8,0,10,0,0,27,0,27,0,2,35,0,37,0,0,0,37
11/02/2009,DBQ,IA,ACE,CE,Federal Contract Tower,0,9,9,0,18,0,0,122,0,122,0,9,131,0,140,224,0,224,364
11/03/2009,DBQ,IA,ACE,CE,Federal Contract Tower,0,11,10,0,21,0,0,145,0,145,0,11,155,0,166,128,0,128,294
11/04/2009,DBQ,IA,ACE,CE,Federal Contract Tower,0,10,19,0,29,0,0,125,0,125,0,10,144,0,154,176,0,176,330
11/05/2009,DBQ,IA,ACE,CE,Federal Contract Tower,0,9,23,0,32,0,2,160,0,162,0,11,183,0,194,202,0,202,396
11/06/2009,DBQ,IA,ACE,CE,Federal Contract Tower,0,7,16,0,23,0,0,80,0,80,0,7,96,0,103,114,0,114,217
11/07/2009,DBQ,IA,ACE,CE,Federal Contract Tower,0,3,11,0,14,0,0,93,0,93,0,3,104,0,107,106,0,106,213
11/08/2009,DBQ,IA,ACE,CE,Federal Contract Tower,0,5,9,0,14,0,0,36,0,36,0,5,45,0,50,6,0,6,56
11/09/2009,DBQ,IA,ACE,CE,Federal Contract Tower,0,10,13,0,23,0,0,79,0,79,0,10,92,0,102,134,0,134,236
11/10/2009,DBQ,IA,ACE,CE,Federal Contract Tower,0,11,13,0,24,0,0,127,0,127,0,11,140,0,151,158,0,158,309
11/11/2009,DBQ,IA,ACE,CE,Federal Contract Tower,0,7,22,0,29,0,0,135,0,135,0,7,157,0,164,124,0,124,288
11/12/2009,DBQ,IA,ACE,CE,Federal Contract Tower,0,9,21,0,30,0,2,134,0,136,0,11,155,0,166,110,0,110,276
11/13/2009,DBQ,IA,ACE,CE,Federal Contract Tower,0,7,14,0,21,0,0,79,0,79,0,7,93,0,100,88,0,88,188
11/14/2009,DBQ,IA,ACE,CE,Federal Contract Tower,0,6,19,0,25,0,0,35,0,35,0,6,54,0,60,128,0,128,188
11/15/2009,DBQ,IA,ACE,CE,Federal Contract Tower,0,12,13,0,25,0,1,39,0,40,0,13,52,0,65,32,0,32,97
11/16/2009,DBQ,IA,ACE,CE,Federal Contract Tower,0,9,9,0,18,0,1,62,0,63,0,10,71,0,81,110,0,110,191
11/17/2009,DBQ,IA,ACE,CE,Federal Contract Tower,0,9,8,2,19,0,0,36,0,36,0,9,44,2,55,52,0,52,107
11/18/2009,DBQ,IA,ACE,CE,Federal Contract Tower,0,8,17,0,25,0,0,4,0,4,0,8,21,0,29,0,0,0,29
11/19/2009,DBQ,IA,ACE,CE,Federal Contract Tower,0,7,11,0,18,0,0,20,0,20,0,7,31,0,38,104,0,104,142
11/20/2009,DBQ,IA,ACE,CE,Federal Contract Tower,0,8,27,2,37,0,3,87,0,90,0,11,114,2,127,108,0,108,235
11/21/2009,DBQ,IA,ACE,CE,Federal Contract Tower,0,4,10,0,14,0,0,14,0,14,0,4,24,0,28,48,0,48,76
11/22/2009,DBQ,IA,ACE,CE,Federal Contract Tower,0,4,9,0,13,0,0,10,12,22,0,4,19,12,35,0,0,0,35
11/23/2009,DBQ,IA,ACE,CE,Federal Contract Tower,0,13,26,0,39,0,0,39,0,39,0,13,65,0,78,48,0,48,126
11/24/2009,DBQ,IA,ACE,CE,Federal Contract Tower,1,12,7,0,20,0,0,0,0,0,1,12,7,0,20,0,0,0,20
11/25/2009,DBQ,IA,ACE,CE,Federal Contract Tower,0,7,7,0,14,0,0,0,0,0,0,7,7,0,14,0,0,0,14
11/26/2009,DBQ,IA,ACE,CE,Federal Contract Tower,0,4,1,0,5,0,0,0,0,0,0,4,1,0,5,0,0,0,5
11/27/2009,DBQ,IA,ACE,CE,Federal Contract Tower,0,6,5,0,11,0,2,27,0,29,0,8,32,0,40,26,0,26,66
11/28/2009,DBQ,IA,ACE,CE,Federal Contract Tower,0,4,7,0,11,0,0,31,0,31,0,4,38,0,42,30,0,30,72
11/29/2009,DBQ,IA,ACE,CE,Federal Contract Tower,0,6,11,0,17,0,0,9,0,9,0,6,20,0,26,8,0,8,34
11/30/2009,DBQ,IA,ACE,CE,Federal Contract Tower,0,11,17,0,28,0,0,109,0,109,0,11,126,0,137,190,0,190,327
12/01/2009,DBQ,IA,ACE,CE,Federal Contract Tower,0,9,18,2,29,0,0,135,0,135,0,9,153,2,164,180,0,180,344
12/02/2009,DBQ,IA,ACE,CE,Federal Contract Tower,0,8,8,0,16,0,0,138,0,138,0,8,146,0,154,156,0,156,310
12/03/2009,DBQ,IA,ACE,CE,Federal Contract Tower,0,7,17,0,24,0,1,53,0,54,0,8,70,0,78,206,0,206,284
12/04/2009,DBQ,IA,ACE,CE,Federal Contract Tower,0,12,18,0,30,0,2,67,0,69,0,14,85,0,99,52,0,52,151
12/05/2009,DBQ,IA,ACE,CE,Federal Contract Tower,0,6,11,0,17,0,0,110,0,110,0,6,121,0,127,80,0,80,207
12/06/2009,DBQ,IA,ACE,CE,Federal Contract Tower,0,5,13,0,18,0,0,26,2,28,0,5,39,2,46,38,0,38,84
12/07/2009,DBQ,IA,ACE,CE,Federal Contract Tower,0,9,16,0,25,0,0,2,0,2,0,9,18,0,27,10,0,10,37
12/08/2009,DBQ,IA,ACE,CE,Federal Contract Tower,0,5,1,0,6,0,0,0,0,0,0,5,1,0,6,0,0,0,6
12/09/2009,DBQ,IA,ACE,CE,Federal Contract Tower,0,3,2,0,5,0,1,0,0,1,0,4,2,0,6,0,0,0,6
12/10/2009,DBQ,IA,ACE,CE,Federal Contract Tower,0,10,13,0,23,0,0,16,0,16,0,10,29,0,39,8,0,8,47
12/11/2009,DBQ,IA,ACE,CE,Federal Contract Tower,0,14,26,0,40,0,1,81,0,82,0,15,107,0,122,152,0,152,274
12/12/2009,DBQ,IA,ACE,CE,Federal Contract Tower,0,6,11,0,17,0,0,105,0,105,0,6,116,0,122,104,0,104,226
12/13/2009,DBQ,IA,ACE,CE,Federal Contract Tower,0,7,6,0,13,0,0,0,0,0,0,7,6,0,13,0,0,0,13
12/14/2009,DBQ,IA,ACE,CE,Federal Contract Tower,0,6,4,0,10,0,0,1,0,1,0,6,5,0,11,0,0,0,11
12/15/2009,DBQ,IA,ACE,CE,Federal Contract Tower,0,9,13,0,22,0,0,76,0,76,0,9,89,0,98,114,0,114,212
12/16/2009,DBQ,IA,ACE,CE,Federal Contract Tower,0,7,23,0,30,0,0,84,0,84,0,7,107,0,114,86,0,86,200
12/17/2009,DBQ,IA,ACE,CE,Federal Contract Tower,0,7,21,0,28,0,0,104,0,104,0,7,125,0,132,130,0,130,262
12/18/2009,DBQ,IA,ACE,CE,Federal Contract Tower,0,9,7,0,16,0,1,0,0,1,0,10,7,0,17,0,0,0,17
12/19/2009,DBQ,IA,ACE,CE,Federal Contract Tower,0,3,5,0,8,0,0,2,0,2,0,3,7,0,10,4,0,4,14
12/20/2009,DBQ,IA,ACE,CE,Federal Contract Tower,0,2,4,0,6,0,0,0,0,0,0,2,4,0,6,0,0,0,6
12/21/2009,DBQ,IA,ACE,CE,Federal Contract Tower,0,9,6,0,15,0,0,0,0,0,0,9,6,0,15,0,0,0,15
12/22/2009,DBQ,IA,ACE,CE,Federal Contract Tower,0,9,6,0,15,0,0,0,0,0,0,9,6,0,15,0,0,0,15
12/23/2009,DBQ,IA,ACE,CE,Federal Contract Tower,0,1,1,0,2,0,0,0,0,0,0,1,1,0,2,0,0,0,2
12/24/2009,DBQ,IA,ACE,CE,Federal Contract Tower,0,11,1,0,12,0,0,0,0,0,0,11,1,0,12,0,0,0,12
12/25/2009,DBQ,IA,ACE,CE,Federal Contract Tower,0,5,0,0,5,0,0,0,0,0,0,5,0,0,5,0,0,0,5
12/26/2009,DBQ,IA,ACE,CE,Federal Contract Tower,0,2,3,0,5,0,1,0,0,1,0,3,3,0,6,0,0,0,6
12/27/2009,DBQ,IA,ACE,CE,Federal Contract Tower,0,7,3,0,10,0,0,5,0,5,0,7,8,0,15,8,0,8,23
12/28/2009,DBQ,IA,ACE,CE,Federal Contract Tower,0,9,7,0,16,0,0,8,0,8,0,9,15,0,24,6,0,6,30
12/29/2009,DBQ,IA,ACE,CE,Federal Contract Tower,0,9,11,0,20,0,2,45,0,47,0,11,56,0,67,48,0,48,115
12/30/2009,DBQ,IA,ACE,CE,Federal Contract Tower,0,7,3,0,10,0,0,0,0,0,0,7,3,0,10,0,0,0,10
12/31/2009,DBQ,IA,ACE,CE,Federal Contract Tower,0,6,5,0,11,0,0,30,0,30,0,6,35,0,41,20,0,20,61
01/01/2010,DBQ,IA,ACE,CE,Federal Contract Tower,0,5,6,0,11,0,0,3,0,3,0,5,9,0,14,0,0,0,14
01/02/2010,DBQ,IA,ACE,CE,Federal Contract Tower,0,6,6,0,12,0,0,8,0,8,0,6,14,0,20,2,0,2,22
01/03/2010,DBQ,IA,ACE,CE,Federal Contract Tower,0,3,10,0,13,0,0,6,0,6,0,3,16,0,19,2,0,2,21
01/04/2010,DBQ,IA,ACE,CE,Federal Contract Tower,0,11,5,0,16,0,0,18,0,18,0,11,23,0,34,20,0,20,54
01/05/2010,DBQ,IA,ACE,CE,Federal Contract Tower,0,10,14,0,24,0,0,51,0,51,0,10,65,0,75,46,0,46,121
01/06/2010,DBQ,IA,ACE,CE,Federal Contract Tower,0,6,21,0,27,0,1,56,0,57,0,7,77,0,84,58,0,58,142
01/07/2010,DBQ,IA,ACE,CE,Federal Contract Tower,0,4,2,0,6,0,0,0,0,0,0,4,2,0,6,0,0,0,6
01/08/2010,DBQ,IA,ACE,CE,Federal Contract Tower,0,15,4,0,19,0,1,14,0,15,0,16,18,0,34,0,0,0,34
01/09/2010,DBQ,IA,ACE,CE,Federal Contract Tower,0,6,12,0,18,0,0,11,2,13,0,6,23,2,31,14,0,14,45
01/10/2010,DBQ,IA,ACE,CE,Federal Contract Tower,0,7,6,0,13,0,0,14,0,14,0,7,20,0,27,6,0,6,33
01/11/2010,DBQ,IA,ACE,CE,Federal Contract Tower,0,6,8,0,14,0,0,27,0,27,0,6,35,0,41,84,0,84,125
01/12/2010,DBQ,IA,ACE,CE,Federal Contract Tower,0,9,12,0,21,0,0,19,0,19,0,9,31,0,40,6,0,6,46
01/13/2010,DBQ,IA,ACE,CE,Federal Contract Tower,0,8,19,0,27,0,0,117,0,117,0,8,136,0,144,168,0,168,312
01/14/2010,DBQ,IA,ACE,CE,Federal Contract Tower,0,7,20,0,27,0,0,0,0,0,0,7,20,0,27,0,0,0,27
01/15/2010,DBQ,IA,ACE,CE,Federal Contract Tower,0,8,7,0,15,0,0,0,0,0,0,8,7,0,15,0,0,0,15
01/16/2010,DBQ,IA,ACE,CE,Federal Contract Tower,0,5,1,0,6,0,0,0,0,0,0,5,1,0,6,0,0,0,6
01/17/2010,DBQ,IA,ACE,CE,Federal Contract Tower,0,1,2,0,3,0,0,0,0,0,0,1,2,0,3,0,0,0,3
01/18/2010,DBQ,IA,ACE,CE,Federal Contract Tower,0,2,7,0,9,0,0,0,0,0,0,2,7,0,9,0,0,0,9
01/19/2010,DBQ,IA,ACE,CE,Federal Contract Tower,0,2,5,0,7,0,0,0,0,0,0,2,5,0,7,0,0,0,7
01/20/2010,DBQ,IA,ACE,CE,Federal Contract Tower,0,8,10,0,18,0,0,0,0,0,0,8,10,0,18,0,0,0,18
01/21/2010,DBQ,IA,ACE,CE,Federal Contract Tower,0,10,6,0,16,0,0,0,0,0,0,10,6,0,16,0,0,0,16
01/22/2010,DBQ,IA,ACE,CE,Federal Contract Tower,0,9,11,0,20,0,0,0,0,0,0,9,11,0,20,0,0,0,20
01/23/2010,DBQ,IA,ACE,CE,Federal Contract Tower,0,1,0,0,1,0,0,0,0,0,0,1,0,0,1,0,0,0,1
01/24/2010,DBQ,IA,ACE,CE,Federal Contract Tower,0,5,2,0,7,0,0,0,0,0,0,5,2,0,7,0,0,0,7
01/25/2010,DBQ,IA,ACE,CE,Federal Contract Tower,0,8,6,2,16,0,0,0,0,0,0,8,6,2,16,0,0,0,16
01/26/2010,DBQ,IA,ACE,CE,Federal Contract Tower,0,9,24,0,33,0,0,37,0,37,0,9,61,0,70,114,0,114,184
01/27/2010,DBQ,IA,ACE,CE,Federal Contract Tower,0,8,17,0,25,0,2,35,0,37,0,10,52,0,62,60,0,60,122
01/28/2010,DBQ,IA,ACE,CE,Federal Contract Tower,0,10,15,0,25,0,1,98,0,99,0,11,113,0,124,156,0,156,280
01/29/2010,DBQ,IA,ACE,CE,Federal Contract Tower,0,7,14,0,21,0,0,87,0,87,0,7,101,0,108,136,0,136,244
01/30/2010,DBQ,IA,ACE,CE,Federal Contract Tower,0,3,16,0,19,0,0,94,0,94,0,3,110,0,113,74,0,74,187
01/31/2010,DBQ,IA,ACE,CE,Federal Contract Tower,0,5,15,0,20,0,0,32,0,32,0,5,47,0,52,16,0,16,68
02/01/2010,DBQ,IA,ACE,CE,Federal Contract Tower,0,12,15,0,27,0,0,109,0,109,0,12,124,0,136,178,0,178,314
02/02/2010,DBQ,IA,ACE,CE,Federal Contract Tower,0,10,11,0,21,0,0,0,0,0,0,10,11,0,21,0,0,0,21
02/03/2010,DBQ,IA,ACE,CE,Federal Contract Tower,2,8,18,0,28,0,1,145,0,146,2,9,163,0,174,258,0,258,432
02/04/2010,DBQ,IA,ACE,CE,Federal Contract Tower,0,7,14,0,21,0,0,6,0,6,0,7,20,0,27,0,0,0,27
02/05/2010,DBQ,IA,ACE,CE,Federal Contract Tower,0,10,14,0,24,0,0,13,0,13,0,10,27,0,37,8,0,8,45
02/06/2010,DBQ,IA,ACE,CE,Federal Contract Tower,2,5,6,0,13,0,1,33,0,34,2,6,39,0,47,28,0,28,75
02/07/2010,DBQ,IA,ACE,CE,Federal Contract Tower,0,5,1,0,6,0,0,12,0,12,0,5,13,0,18,26,0,26,44
02/08/2010,DBQ,IA,ACE,CE,Federal Contract Tower,0,6,6,0,12,0,0,10,0,10,0,6,16,0,22,22,0,22,44
02/09/2010,DBQ,IA,ACE,CE,Federal Contract Tower,0,9,4,0,13,0,0,0,0,0,0,9,4,0,13,0,0,0,13
02/10/2010,DBQ,IA,ACE,CE,Federal Contract Tower,0,6,21,0,27,0,0,138,0,138,0,6,159,0,165,134,0,134,299
02/11/2010,DBQ,IA,ACE,CE,Federal Contract Tower,0,9,18,0,27,0,0,130,0,130,0,9,148,0,157,110,0,110,267
02/12/2010,DBQ,IA,ACE,CE,Federal Contract Tower,0,10,11,0,21,0,0,100,0,100,0,10,111,0,121,162,0,162,283
02/13/2010,DBQ,IA,ACE,CE,Federal Contract Tower,0,4,7,0,11,0,0,66,0,66,0,4,73,0,77,92,0,92,169
02/14/2010,DBQ,IA,ACE,CE,Federal Contract Tower,0,8,2,0,10,0,0,18,0,18,0,8,20,0,28,12,0,12,40
02/15/2010,DBQ,IA,ACE,CE,Federal Contract Tower,0,6,4,0,10,0,0,55,0,55,0,6,59,0,65,64,0,64,129
02/16/2010,DBQ,IA,ACE,CE,Federal Contract Tower,0,14,5,0,19,0,0,80,0,80,0,14,85,0,99,234,0,234,333
02/17/2010,DBQ,IA,ACE,CE,Federal Contract Tower,0,8,14,0,22,0,1,129,0,130,0,9,143,0,152,152,0,152,304
02/18/2010,DBQ,IA,ACE,CE,Federal Contract Tower,0,7,31,0,38,0,0,111,0,111,0,7,142,0,149,150,0,150,299
02/19/2010,DBQ,IA,ACE,CE,Federal Contract Tower,0,9,20,0,29,0,0,136,0,136,0,9,156,0,165,120,0,120,285
02/20/2010,DBQ,IA,ACE,CE,Federal Contract Tower,0,4,7,0,11,0,0,0,0,0,0,4,7,0,11,0,0,0,11
02/21/2010,DBQ,IA,ACE,CE,Federal Contract Tower,0,6,5,0,11,0,0,2,0,2,0,6,7,0,13,0,0,0,13
02/22/2010,DBQ,IA,ACE,CE,Federal Contract Tower,0,14,9,0,23,0,0,51,0,51,0,14,60,0,74,104,0,104,178
02/23/2010,DBQ,IA,ACE,CE,Federal Contract Tower,0,10,11,1,22,0,0,58,0,58,0,10,69,1,80,122,0,122,202
02/24/2010,DBQ,IA,ACE,CE,Federal Contract Tower,0,8,21,1,30,0,0,93,0,93,0,8,114,1,123,148,0,148,271
02/25/2010,DBQ,IA,ACE,CE,Federal Contract Tower,0,9,23,0,32,0,1,97,0,98,0,10,120,0,130,116,0,116,246
02/26/2010,DBQ,IA,ACE,CE,Federal Contract Tower,0,12,11,0,23,0,0,97,0,97,0,12,108,0,120,160,0,160,280
02/27/2010,DBQ,IA,ACE,CE,Federal Contract Tower,0,6,2,0,8,0,0,98,0,98,0,6,100,0,106,50,0,50,156
02/28/2010,DBQ,IA,ACE,CE,Federal Contract Tower,0,5,15,0,20,0,0,22,0,22,0,5,37,0,42,4,0,4,46
03/01/2010,DBQ,IA,ACE,CE,Federal Contract Tower,0,8,15,0,23,0,0,55,0,55,0,8,70,0,78,112,0,112,190
03/02/2010,DBQ,IA,ACE,CE,Federal Contract Tower,0,13,11,0,24,0,1,105,0,106,0,14,116,0,130,150,0,150,280
03/03/2010,DBQ,IA,ACE,CE,Federal Contract Tower,0,7,17,0,24,0,0,133,2,135,0,7,150,2,159,138,4,142,301
03/04/2010,DBQ,IA,ACE,CE,Federal Contract Tower,0,7,23,0,30,0,0,113,0,113,0,7,136,0,143,198,0,198,341
03/05/2010,DBQ,IA,ACE,CE,Federal Contract Tower,0,8,26,0,34,0,1,121,4,126,0,9,147,4,160,132,0,132,292
03/06/2010,DBQ,IA,ACE,CE,Federal Contract Tower,0,4,12,0,16,0,0,54,0,54,0,4,66,0,70,46,0,46,116
03/07/2010,DBQ,IA,ACE,CE,Federal Contract Tower,0,1,21,0,22,0,0,0,0,0,0,1,21,0,22,0,0,0,22
03/08/2010,DBQ,IA,ACE,CE,Federal Contract Tower,0,4,10,0,14,0,0,0,0,0,0,4,10,0,14,0,0,0,14
03/09/2010,DBQ,IA,ACE,CE,Federal Contract Tower,0,8,6,0,14,0,0,2,0,2,0,8,8,0,16,6,0,6,22
03/10/2010,DBQ,IA,ACE,CE,Federal Contract Tower,0,9,17,0,26,0,0,6,0,6,0,9,23,0,32,0,0,0,32
03/11/2010,DBQ,IA,ACE,CE,Federal Contract Tower,0,7,6,0,13,0,0,0,0,0,0,7,6,0,13,22,0,22,35
03/12/2010,DBQ,IA,ACE,CE,Federal Contract Tower,0,13,13,1,27,0,1,28,0,29,0,14,41,1,56,52,7,59,115
03/13/2010,DBQ,IA,ACE,CE,Federal Contract Tower,0,4,3,0,7,0,0,0,0,0,0,4,3,0,7,0,0,0,7
03/14/2010,DBQ,IA,ACE,CE,Federal Contract Tower,0,5,8,0,13,0,2,7,0,9,0,7,15,0,22,6,0,6,28
03/15/2010,DBQ,IA,ACE,CE,Federal Contract Tower,0,10,23,0,33,0,0,83,0,83,0,10,106,0,116,134,0,134,250
03/16/2010,DBQ,IA,ACE,CE,Federal Contract Tower,0,12,15,0,27,0,0,2,0,2,0,12,17,0,29,0,0,0,29
03/17/2010,DBQ,IA,ACE,CE,Federal Contract Tower,0,7,34,0,41,0,0,84,0,84,0,7,118,0,125,116,0,116,241
03/18/2010,DBQ,IA,ACE,CE,Federal Contract Tower,0,7,16,0,23,0,0,57,0,57,0,7,73,0,80,90,0,90,170
03/19/2010,DBQ,IA,ACE,CE,Federal Contract Tower,0,10,8,2,20,0,0,109,0,109,0,10,117,2,129,126,0,126,255
03/20/2010,DBQ,IA,ACE,CE,Federal Contract Tower,0,5,4,0,9,0,0,21,0,21,0,5,25,0,30,28,0,28,58
03/21/2010,DBQ,IA,ACE,CE,Federal Contract Tower,0,5,13,0,18,0,0,40,0,40,0,5,53,0,58,38,0,38,96
03/22/2010,DBQ,IA,ACE,CE,Federal Contract Tower,0,9,19,0,28,0,0,112,0,112,0,9,131,0,140,2,0,2,142
03/23/2010,DBQ,IA,ACE,CE,Federal Contract Tower,0,7,23,0,30,0,1,59,0,60,0,8,82,0,90,84,0,84,174
03/24/2010,DBQ,IA,ACE,CE,Federal Contract Tower,0,8,22,0,30,0,0,97,0,97,0,8,119,0,127,224,0,224,351
03/25/2010,DBQ,IA,ACE,CE,Federal Contract Tower,0,9,12,0,21,0,0,79,0,79,0,9,91,0,100,118,0,118,218
03/26/2010,DBQ,IA,ACE,CE,Federal Contract Tower,0,9,25,0,34,0,0,109,0,109,0,9,134,0,143,154,0,154,297
03/27/2010,DBQ,IA,ACE,CE,Federal Contract Tower,0,5,31,0,36,0,0,94,0,94,0,5,125,0,130,108,0,108,238
03/28/2010,DBQ,IA,ACE,CE,Federal Contract Tower,0,5,8,0,13,0,0,15,0,15,0,5,23,0,28,20,0,20,48
03/29/2010,DBQ,IA,ACE,CE,Federal Contract Tower,0,10,31,0,41,0,0,120,0,120,0,10,151,0,161,168,0,168,329
03/30/2010,DBQ,IA,ACE,CE,Federal Contract Tower,0,9,19,0,28,0,1,14,0,15,0,10,33,0,43,4,0,4,47
03/31/2010,DBQ,IA,ACE,CE,Federal Contract Tower,0,9,25,0,34,0,0,86,0,86,0,9,111,0,120,88,0,88,208
04/01/2010,DBQ,IA,ACE,CE,Federal Contract Tower,0,8,19,0,27,0,0,92,0,92,0,8,111,0,119,148,0,148,267
04/02/2010,DBQ,IA,ACE,CE,Federal Contract Tower,0,10,9,0,19,0,1,5,0,6,0,11,14,0,25,0,0,0,25
04/03/2010,DBQ,IA,ACE,CE,Federal Contract Tower,2,5,3,0,10,0,1,6,0,7,2,6,9,0,17,2,0,2,19
04/04/2010,DBQ,IA,ACE,CE,Federal Contract Tower,0,5,7,0,12,0,0,9,0,9,0,5,16,0,21,18,0,18,39
04/05/2010,DBQ,IA,ACE,CE,Federal Contract Tower,0,11,8,0,19,0,0,85,0,85,0,11,93,0,104,104,0,104,208
04/06/2010,DBQ,IA,ACE,CE,Federal Contract Tower,0,8,15,7,30,0,0,0,0,0,0,8,15,7,30,0,0,0,30
04/07/2010,DBQ,IA,ACE,CE,Federal Contract Tower,2,6,19,0,27,0,0,0,0,0,2,6,19,0,27,0,0,0,27
04/08/2010,DBQ,IA,ACE,CE,Federal Contract Tower,0,5,17,0,22,0,0,78,0,78,0,5,95,0,100,116,0,116,216
04/09/2010,DBQ,IA,ACE,CE,Federal Contract Tower,0,9,24,2,35,0,0,139,0,139,0,9,163,2,174,166,0,166,340
04/10/2010,DBQ,IA,ACE,CE,Federal Contract Tower,0,4,17,0,21,0,0,60,0,60,0,4,77,0,81,114,0,114,195
04/11/2010,DBQ,IA,ACE,CE,Federal Contract Tower,0,5,15,0,20,0,0,154,0,154,0,5,169,0,174,44,0,44,218
04/12/2010,DBQ,IA,ACE,CE,Federal Contract Tower,0,11,8,0,19,0,0,67,0,67,0,11,75,0,86,146,0,146,232
04/13/2010,DBQ,IA,ACE,CE,Federal Contract Tower,0,10,14,0,24,0,0,86,0,86,0,10,100,0,110,182,0,182,292
04/14/2010,DBQ,IA,ACE,CE,Federal Contract Tower,0,5,27,0,32,0,0,77,0,77,0,5,104,0,109,94,0,94,203
04/15/2010,DBQ,IA,ACE,CE,Federal Contract Tower,0,7,15,0,22,0,0,42,0,42,0,7,57,0,64,42,0,42,106
04/16/2010,DBQ,IA,ACE,CE,Federal Contract Tower,0,10,22,0,32,0,0,76,0,76,0,10,98,0,108,76,0,76,184
04/17/2010,DBQ,IA,ACE,CE,Federal Contract Tower,0,3,9,0,12,0,0,54,0,54,0,3,63,0,66,110,0,110,176
04/18/2010,DBQ,IA,ACE,CE,Federal Contract Tower,0,5,13,0,18,0,0,66,0,66,0,5,79,0,84,46,0,46,130
04/19/2010,DBQ,IA,ACE,CE,Federal Contract Tower,0,11,7,0,18,0,1,88,2,91,0,12,95,2,109,44,0,44,153
04/20/2010,DBQ,IA,ACE,CE,Federal Contract Tower,0,7,28,0,35,0,1,70,0,71,0,8,98,0,106,145,0,145,251
04/21/2010,DBQ,IA,ACE,CE,Federal Contract Tower,0,7,20,0,27,0,0,95,0,95,0,7,115,0,122,80,0,80,202
04/22/2010,DBQ,IA,ACE,CE,Federal Contract Tower,0,8,27,0,35,0,0,78,0,78,0,8,105,0,113,190,0,190,303
04/23/2010,DBQ,IA,ACE,CE,Federal Contract Tower,0,7,8,2,17,0,0,20,0,20,0,7,28,2,37,60,0,60,97
04/24/2010,DBQ,IA,ACE,CE,Federal Contract Tower,0,4,1,0,5,0,0,0,0,0,0,4,1,0,5,0,0,0,5
04/25/2010,DBQ,IA,ACE,CE,Federal Contract Tower,0,4,12,1,17,0,0,0,0,0,0,4,12,1,17,0,0,0,17
04/26/2010,DBQ,IA,ACE,CE,Federal Contract Tower,0,8,20,0,28,0,1,82,0,83,0,9,102,0,111,104,0,104,215
04/27/2010,DBQ,IA,ACE,CE,Federal Contract Tower,0,9,14,0,23,0,0,55,0,55,0,9,69,0,78,108,0,108,186
04/28/2010,DBQ,IA,ACE,CE,Federal Contract Tower,0,7,27,0,34,0,0,128,0,128,0,7,155,0,162,116,0,116,278
04/29/2010,DBQ,IA,ACE,CE,Federal Contract Tower,0,7,12,0,19,0,0,9,2,11,0,7,21,2,30,22,0,22,52
04/30/2010,DBQ,IA,ACE,CE,Federal Contract Tower,0,8,19,0,27,0,0,6,0,6,0,8,25,0,33,12,0,12,45
05/01/2010,DBQ,IA,ACE,CE,Federal Contract Tower,0,4,15,0,19,0,0,25,0,25,0,4,40,0,44,28,0,28,72
05/02/2010,DBQ,IA,ACE,CE,Federal Contract Tower,0,2,11,1,14,0,0,21,0,21,0,2,32,1,35,24,0,24,59
05/03/2010,DBQ,IA,ACE,CE,Federal Contract Tower,0,10,10,0,20,0,0,60,0,60,0,10,70,0,80,48,0,48,128
05/04/2010,DBQ,IA,ACE,CE,Federal Contract Tower,0,13,24,0,37,0,0,47,0,47,0,13,71,0,84,28,0,28,112
05/05/2010,DBQ,IA,ACE,CE,Federal Contract Tower,0,7,20,1,28,0,0,31,0,31,0,7,51,1,59,42,0,42,101
05/06/2010,DBQ,IA,ACE,CE,Federal Contract Tower,0,7,19,0,26,0,0,93,0,93,0,7,112,0,119,148,0,148,267
05/07/2010,DBQ,IA,ACE,CE,Federal Contract Tower,0,9,9,0,18,0,0,0,0,0,0,9,9,0,18,0,0,0,18
05/08/2010,DBQ,IA,ACE,CE,Federal Contract Tower,0,4,10,0,14,0,0,5,0,5,0,4,15,0,19,12,0,12,31
05/09/2010,DBQ,IA,ACE,CE,Federal Contract Tower,0,5,10,0,15,0,0,21,0,21,0,5,31,0,36,0,0,0,36
05/10/2010,DBQ,IA,ACE,CE,Federal Contract Tower,0,9,25,2,36,0,0,51,0,51,0,9,76,2,87,96,0,96,183
05/11/2010,DBQ,IA,ACE,CE,Federal Contract Tower,0,12,14,0,26,0,0,0,0,0,0,12,14,0,26,0,0,0,26
05/12/2010,DBQ,IA,ACE,CE,Federal Contract Tower,0,2,11,0,13,0,0,0,0,0,0,2,11,0,13,0,0,0,13
05/13/2010,DBQ,IA,ACE,CE,Federal Contract Tower,0,8,11,0,19,0,0,0,0,0,0,8,11,0,19,0,0,0,19
05/14/2010,DBQ,IA,ACE,CE,Federal Contract Tower,0,13,22,0,35,0,0,90,0,90,0,13,112,0,125,72,0,72,197
05/15/2010,DBQ,IA,ACE,CE,Federal Contract Tower,0,3,8,1,12,0,0,75,0,75,0,3,83,1,87,34,0,34,121
05/16/2010,DBQ,IA,ACE,CE,Federal Contract Tower,0,7,6,4,17,0,0,23,0,23,0,7,29,4,40,2,0,2,42
05/17/2010,DBQ,IA,ACE,CE,Federal Contract Tower,0,9,26,1,36,0,0,72,0,72,0,9,98,1,108,90,0,90,198
05/18/2010,DBQ,IA,ACE,CE,Federal Contract Tower,1,9,23,0,33,0,0,72,0,72,1,9,95,0,105,110,0,110,215
05/19/2010,DBQ,IA,ACE,CE,Federal Contract Tower,0,7,30,4,41,0,0,94,0,94,0,7,124,4,135,94,0,94,229
05/20/2010,DBQ,IA,ACE,CE,Federal Contract Tower,0,6,27,0,33,0,1,51,0,52,0,7,78,0,85,86,0,86,171
05/21/2010,DBQ,IA,ACE,CE,Federal Contract Tower,0,11,8,0,19,0,0,0,0,0,0,11,8,0,19,0,0,0,19
05/22/2010,DBQ,IA,ACE,CE,Federal Contract Tower,0,3,14,0,17,0,0,20,0,20,0,3,34,0,37,6,0,6,43
05/23/2010,DBQ,IA,ACE,CE,Federal Contract Tower,0,4,9,0,13,0,0,41,0,41,0,4,50,0,54,14,0,14,68
05/24/2010,DBQ,IA,ACE,CE,Federal Contract Tower,0,11,11,0,22,0,1,72,0,73,0,12,83,0,95,60,0,60,155
05/25/2010,DBQ,IA,ACE,CE,Federal Contract Tower,0,8,6,0,14,0,0,19,0,19,0,8,25,0,33,34,0,34,67
05/26/2010,DBQ,IA,ACE,CE,Federal Contract Tower,0,5,24,0,29,0,0,31,0,31,0,5,55,0,60,40,0,40,100
05/27/2010,DBQ,IA,ACE,CE,Federal Contract Tower,0,7,32,0,39,0,0,108,2,110,0,7,140,2,149,58,0,58,207
05/28/2010,DBQ,IA,ACE,CE,Federal Contract Tower,0,12,17,0,29,0,1,97,0,98,0,13,114,0,127,118,0,118,245
05/29/2010,DBQ,IA,ACE,CE,Federal Contract Tower,0,7,6,0,13,0,0,33,0,33,0,7,39,0,46,0,0,0,46
05/30/2010,DBQ,IA,ACE,CE,Federal Contract Tower,0,3,9,0,12,0,0,21,0,21,0,3,30,0,33,2,0,2,35
05/31/2010,DBQ,IA,ACE,CE,Federal Contract Tower,0,5,4,0,9,0,0,10,0,10,0,5,14,0,19,16,0,16,35
06/01/2010,DBQ,IA,ACE,CE,Federal Contract Tower,0,9,12,0,21,0,0,62,0,62,0,9,74,0,83,44,0,44,127
06/02/2010,DBQ,IA,ACE,CE,Federal Contract Tower,0,7,20,0,27,0,2,30,0,32,0,9,50,0,59,25,0,25,84
06/03/2010,DBQ,IA,ACE,CE,Federal Contract Tower,0,11,27,0,38,0,1,29,0,30,0,12,56,0,68,50,0,50,118
06/04/2010,DBQ,IA,ACE,CE,Federal Contract Tower,0,9,9,0,18,0,0,10,0,10,0,9,19,0,28,2,0,2,30
06/05/2010,DBQ,IA,ACE,CE,Federal Contract Tower,0,6,7,0,13,0,0,3,0,3,0,6,10,0,16,4,0,4,20
06/06/2010,DBQ,IA,ACE,CE,Federal Contract Tower,0,5,14,0,19,0,0,26,0,26,0,5,40,0,45,12,0,12,57
06/07/2010,DBQ,IA,ACE,CE,Federal Contract Tower,0,9,16,0,25,0,1,100,0,101,0,10,116,0,126,42,0,42,168
06/08/2010,DBQ,IA,ACE,CE,Federal Contract Tower,0,12,5,0,17,0,1,1,0,2,0,13,6,0,19,0,0,0,19
06/09/2010,DBQ,IA,ACE,CE,Federal Contract Tower,0,7,15,0,22,0,0,92,0,92,0,7,107,0,114,108,0,108,222
06/10/2010,DBQ,IA,ACE,CE,Federal Contract Tower,0,5,25,0,30,0,1,79,0,80,0,6,104,0,110,130,0,130,240
06/11/2010,DBQ,IA,ACE,CE,Federal Contract Tower,0,11,18,0,29,0,0,16,0,16,0,11,34,0,45,6,0,6,51
06/12/2010,DBQ,IA,ACE,CE,Federal Contract Tower,0,3,8,0,11,0,0,5,0,5,0,3,13,0,16,14,0,14,30
06/13/2010,DBQ,IA,ACE,CE,Federal Contract Tower,0,1,8,0,9,0,0,6,0,6,0,1,14,0,15,10,0,10,25
06/14/2010,DBQ,IA,ACE,CE,Federal Contract Tower,0,8,31,0,39,0,0,0,0,0,0,8,31,0,39,0,0,0,39
06/15/2010,DBQ,IA,ACE,CE,Federal Contract Tower,0,11,19,0,30,0,0,3,0,3,0,11,22,0,33,0,0,0,33
06/16/2010,DBQ,IA,ACE,CE,Federal Contract Tower,0,10,21,0,31,0,1,96,0,97,0,11,117,0,128,102,0,102,230
06/17/2010,DBQ,IA,ACE,CE,Federal Contract Tower,0,9,26,0,35,0,0,91,0,91,0,9,117,0,126,66,0,66,192
06/18/2010,DBQ,IA,ACE,CE,Federal Contract Tower,0,7,12,0,19,0,0,21,0,21,0,7,33,0,40,16,0,16,56
06/19/2010,DBQ,IA,ACE,CE,Federal Contract Tower,0,5,13,0,18,0,0,36,0,36,0,5,49,0,54,10,0,10,64
06/20/2010,DBQ,IA,ACE,CE,Federal Contract Tower,0,6,3,0,9,0,0,9,0,9,0,6,12,0,18,2,0,2,20
06/21/2010,DBQ,IA,ACE,CE,Federal Contract Tower,0,9,12,0,21,0,0,26,0,26,0,9,38,0,47,52,0,52,99
06/22/2010,DBQ,IA,ACE,CE,Federal Contract Tower,0,10,22,0,32,0,0,54,0,54,0,10,76,0,86,85,0,85,171
06/23/2010,DBQ,IA,ACE,CE,Federal Contract Tower,0,3,29,0,32,0,2,21,0,23,0,5,50,0,55,26,0,26,81
06/24/2010,DBQ,IA,ACE,CE,Federal Contract Tower,0,9,18,0,27,0,1,82,0,83,0,10,100,0,110,104,0,104,214
06/25/2010,DBQ,IA,ACE,CE,Federal Contract Tower,0,8,22,2,32,0,0,74,2,76,0,8,96,4,108,56,0,56,164
06/26/2010,DBQ,IA,ACE,CE,Federal Contract Tower,0,3,19,0,22,0,0,19,0,19,0,3,38,0,41,8,0,8,49
06/27/2010,DBQ,IA,ACE,CE,Federal Contract Tower,0,4,14,0,18,0,0,7,0,7,0,4,21,0,25,16,0,16,41
06/28/2010,DBQ,IA,ACE,CE,Federal Contract Tower,0,8,23,0,31,0,49,4,0,53,0,57,27,0,84,22,0,22,106
06/29/2010,DBQ,IA,ACE,CE,Federal Contract Tower,0,11,14,0,25,0,0,75,0,75,0,11,89,0,100,66,0,66,166
06/30/2010,DBQ,IA,ACE,CE,Federal Contract Tower,0,7,24,2,33,0,0,68,0,68,0,7,92,2,101,72,0,72,173
07/01/2010,DBQ,IA,ACE,CE,Federal Contract Tower,0,5,16,1,22,0,1,94,0,95,0,6,110,1,117,82,6,88,205
07/02/2010,DBQ,IA,ACE,CE,Federal Contract Tower,0,9,20,1,30,0,0,35,6,41,0,9,55,7,71,12,4,16,87
07/03/2010,DBQ,IA,ACE,CE,Federal Contract Tower,0,3,3,0,6,0,0,29,11,40,0,3,32,11,46,0,0,0,46
07/04/2010,DBQ,IA,ACE,CE,Federal Contract Tower,0,5,2,1,8,0,0,23,0,23,0,5,25,1,31,0,0,0,31
07/05/2010,DBQ,IA,ACE,CE,Federal Contract Tower,0,5,11,2,18,0,0,0,0,0,0,5,11,2,18,0,0,0,18
07/06/2010,DBQ,IA,ACE,CE,Federal Contract Tower,0,10,24,0,34,0,0,8,0,8,0,10,32,0,42,8,0,8,50
07/07/2010,DBQ,IA,ACE,CE,Federal Contract Tower,0,10,17,0,27,0,0,8,0,8,0,10,25,0,35,22,0,22,57
07/08/2010,DBQ,IA,ACE,CE,Federal Contract Tower,0,7,32,0,39,0,0,49,0,49,0,7,81,0,88,46,0,46,134
07/09/2010,DBQ,IA,ACE,CE,Federal Contract Tower,0,11,21,0,32,0,0,58,0,58,0,11,79,0,90,56,0,56,146
07/10/2010,DBQ,IA,ACE,CE,Federal Contract Tower,0,6,11,0,17,0,0,21,0,21,0,6,32,0,38,34,0,34,72
07/11/2010,DBQ,IA,ACE,CE,Federal Contract Tower,0,7,9,0,16,0,0,20,0,20,0,7,29,0,36,6,0,6,42
07/12/2010,DBQ,IA,ACE,CE,Federal Contract Tower,0,7,13,0,20,0,0,30,0,30,0,7,43,0,50,6,0,6,56
07/13/2010,DBQ,IA,ACE,CE,Federal Contract Tower,0,8,21,0,29,0,0,53,0,53,0,8,74,0,82,18,0,18,100
07/14/2010,DBQ,IA,ACE,CE,Federal Contract Tower,0,8,18,0,26,0,1,52,0,53,0,9,70,0,79,82,0,82,161
07/15/2010,DBQ,IA,ACE,CE,Federal Contract Tower,0,5,13,0,18,0,1,73,0,74,0,6,86,0,92,68,0,68,160
07/16/2010,DBQ,IA,ACE,CE,Federal Contract Tower,0,11,15,4,30,0,0,82,2,84,0,11,97,6,114,88,0,88,202
07/17/2010,DBQ,IA,ACE,CE,Federal Contract Tower,0,4,9,2,15,0,0,47,23,70,0,4,56,25,85,14,0,14,99
07/18/2010,DBQ,IA,ACE,CE,Federal Contract Tower,0,6,14,1,21,0,2,12,0,14,0,8,26,1,35,2,0,2,37
07/19/2010,DBQ,IA,ACE,CE,Federal Contract Tower,0,10,15,0,25,0,0,32,0,32,0,10,47,0,57,54,0,54,111
07/20/2010,DBQ,IA,ACE,CE,Federal Contract Tower,0,9,13,0,22,0,0,8,0,8,0,9,21,0,30,12,0,12,42
07/21/2010,DBQ,IA,ACE,CE,Federal Contract Tower,0,7,28,0,35,0,0,73,0,73,0,7,101,0,108,54,0,54,162
07/22/2010,DBQ,IA,ACE,CE,Federal Contract Tower,0,4,12,0,16,0,1,41,0,42,0,5,53,0,58,22,0,22,80
07/23/2010,DBQ,IA,ACE,CE,Federal Contract Tower,0,10,13,0,23,0,0,77,0,77,0,10,90,0,100,22,0,22,122
07/24/2010,DBQ,IA,ACE,CE,Federal Contract Tower,0,3,10,0,13,0,0,113,0,113,0,3,123,0,126,4,0,4,130
07/25/2010,DBQ,IA,ACE,CE,Federal Contract Tower,0,10,14,0,24,0,0,147,0,147,0,10,161,0,171,64,0,64,235
07/26/2010,DBQ,IA,ACE,CE,Federal Contract Tower,0,9,15,0,24,0,0,69,0,69,0,9,84,0,93,54,0,54,147
07/27/2010,DBQ,IA,ACE,CE,Federal Contract Tower,0,9,15,0,24,0,0,50,0,50,0,9,65,0,74,26,0,26,100
07/28/2010,DBQ,IA,ACE,CE,Federal Contract Tower,0,8,29,0,37,0,1,49,0,50,0,9,78,0,87,64,0,64,151
07/29/2010,DBQ,IA,ACE,CE,Federal Contract Tower,0,9,23,0,32,0,1,135,0,136,0,10,158,0,168,6,0,6,174
07/30/2010,DBQ,IA,ACE,CE,Federal Contract Tower,0,9,18,0,27,0,1,21,0,22,0,10,39,0,49,28,0,28,77
07/31/2010,DBQ,IA,ACE,CE,Federal Contract Tower,0,4,27,0,31,0,33,0,0,33,0,37,27,0,64,28,0,28,92
08/01/2010,DBQ,IA,ACE,CE,Federal Contract Tower,0,7,11,0,18,0,0,50,0,50,0,7,61,0,68,10,0,10,78
08/02/2010,DBQ,IA,ACE,CE,Federal Contract Tower,0,9,14,0,23,0,1,58,0,59,0,10,72,0,82,12,0,12,94
08/03/2010,DBQ,IA,ACE,CE,Federal Contract Tower,0,15,24,2,41,0,0,8,0,8,0,15,32,2,49,22,0,22,71
08/04/2010,DBQ,IA,ACE,CE,Federal Contract Tower,0,8,12,0,20,0,0,19,0,19,0,8,31,0,39,26,0,26,65
08/05/2010,DBQ,IA,ACE,CE,Federal Contract Tower,2,4,15,0,21,0,1,90,0,91,2,5,105,0,112,68,0,68,180
08/06/2010,DBQ,IA,ACE,CE,Federal Contract Tower,0,8,28,0,36,0,0,98,0,98,0,8,126,0,134,40,0,40,174
08/07/2010,DBQ,IA,ACE,CE,Federal Contract Tower,0,4,16,0,20,0,0,18,0,18,0,4,34,0,38,20,0,20,58
08/08/2010,DBQ,IA,ACE,CE,Federal Contract Tower,2,3,15,0,20,0,0,32,0,32,2,3,47,0,52,4,0,4,56
08/09/2010,DBQ,IA,ACE,CE,Federal Contract Tower,0,11,28,0,39,0,0,65,0,65,0,11,93,0,104,16,0,16,120
08/10/2010,DBQ,IA,ACE,CE,Federal Contract Tower,0,7,6,0,13,0,2,51,0,53,0,9,57,0,66,36,0,36,102
08/11/2010,DBQ,IA,ACE,CE,Federal Contract Tower,0,10,10,0,20,0,0,65,0,65,0,10,75,0,85,62,0,62,147
08/12/2010,DBQ,IA,ACE,CE,Federal Contract Tower,0,6,33,0,39,0,0,37,4,41,0,6,70,4,80,10,0,10,90
08/13/2010,DBQ,IA,ACE,CE,Federal Contract Tower,0,5,14,0,19,0,0,17,0,17,0,5,31,0,36,4,0,4,40
08/14/2010,DBQ,IA,ACE,CE,Federal Contract Tower,0,4,13,0,17,0,0,26,0,26,0,4,39,0,43,42,0,42,85
08/15/2010,DBQ,IA,ACE,CE,Federal Contract Tower,0,5,10,0,15,0,0,23,0,23,0,5,33,0,38,6,0,6,44
08/16/2010,DBQ,IA,ACE,CE,Federal Contract Tower,0,11,11,0,22,0,0,11,0,11,0,11,22,0,33,6,0,6,39
08/17/2010,DBQ,IA,ACE,CE,Federal Contract Tower,0,11,19,0,30,0,1,36,0,37,0,12,55,0,67,52,0,52,119
08/18/2010,DBQ,IA,ACE,CE,Federal Contract Tower,0,6,33,0,39,0,0,67,0,67,0,6,100,0,106,72,0,72,178
08/19/2010,DBQ,IA,ACE,CE,Federal Contract Tower,0,7,19,2,28,0,0,107,0,107,0,7,126,2,135,102,0,102,237
08/20/2010,DBQ,IA,ACE,CE,Federal Contract Tower,0,9,18,0,27,0,0,14,0,14,0,9,32,0,41,10,0,10,51
08/21/2010,DBQ,IA,ACE,CE,Federal Contract Tower,0,4,4,0,8,0,0,5,0,5,0,4,9,0,13,0,0,0,13
08/22/2010,DBQ,IA,ACE,CE,Federal Contract Tower,0,5,12,0,17,0,0,10,0,10,0,5,22,0,27,4,0,4,31
08/23/2010,DBQ,IA,ACE,CE,Federal Contract Tower,0,8,20,0,28,0,1,76,0,77,0,9,96,0,105,82,0,82,187
08/24/2010,DBQ,IA,ACE,CE,Federal Contract Tower,0,11,28,0,39,0,0,44,0,44,0,11,72,0,83,86,0,86,169
08/25/2010,DBQ,IA,ACE,CE,Federal Contract Tower,0,5,19,0,24,0,0,71,0,71,0,5,90,0,95,78,0,78,173
08/26/2010,DBQ,IA,ACE,CE,Federal Contract Tower,0,9,23,0,32,0,0,100,0,100,0,9,123,0,132,58,0,58,190
08/27/2010,DBQ,IA,ACE,CE,Federal Contract Tower,0,8,21,0,29,0,1,75,0,76,0,9,96,0,105,22,0,22,127
08/28/2010,DBQ,IA,ACE,CE,Federal Contract Tower,0,4,11,0,15,0,0,34,0,34,0,4,45,0,49,8,0,8,57
08/29/2010,DBQ,IA,ACE,CE,Federal Contract Tower,0,6,6,0,12,0,0,25,0,25,0,6,31,0,37,12,0,12,49
08/30/2010,DBQ,IA,ACE,CE,Federal Contract Tower,0,8,23,0,31,0,1,41,0,42,0,9,64,0,73,98,0,98,171
08/31/2010,DBQ,IA,ACE,CE,Federal Contract Tower,0,12,12,0,24,0,0,7,0,7,0,12,19,0,31,0,0,0,31
09/01/2010,DBQ,IA,ACE,CE,Federal Contract Tower,0,6,17,2,25,0,0,4,0,4,0,6,21,2,29,0,0,0,29
09/02/2010,DBQ,IA,ACE,CE,Federal Contract Tower,0,12,12,0,24,0,0,52,0,52,0,12,64,0,76,68,0,68,144
09/03/2010,DBQ,IA,ACE,CE,Federal Contract Tower,0,9,11,0,20,0,0,33,0,33,0,9,44,0,53,14,0,14,67
09/04/2010,DBQ,IA,ACE,CE,Federal Contract Tower,0,4,10,0,14,0,0,93,3,96,0,4,103,3,110,58,0,58,168
09/05/2010,DBQ,IA,ACE,CE,Federal Contract Tower,0,3,6,0,9,0,0,32,0,32,0,3,38,0,41,2,0,2,43
09/06/2010,DBQ,IA,ACE,CE,Federal Contract Tower,0,6,8,0,14,0,0,4,0,4,0,6,12,0,18,0,0,0,18
09/07/2010,DBQ,IA,ACE,CE,Federal Contract Tower,0,9,11,0,20,0,0,6,0,6,0,9,17,0,26,0,0,0,26
09/08/2010,DBQ,IA,ACE,CE,Federal Contract Tower,0,11,18,0,29,0,0,158,0,158,0,11,176,0,187,184,0,184,371
09/09/2010,DBQ,IA,ACE,CE,Federal Contract Tower,0,6,16,0,22,0,0,119,0,119,0,6,135,0,141,122,0,122,263
09/10/2010,DBQ,IA,ACE,CE,Federal Contract Tower,0,8,19,0,27,0,1,79,0,80,0,9,98,0,107,92,0,92,199
09/11/2010,DBQ,IA,ACE,CE,Federal Contract Tower,0,4,15,0,19,0,0,37,0,37,0,4,52,0,56,74,0,74,130
09/12/2010,DBQ,IA,ACE,CE,Federal Contract Tower,0,8,6,0,14,0,0,231,0,231,0,8,237,0,245,2,0,2,247
09/13/2010,DBQ,IA,ACE,CE,Federal Contract Tower,0,10,21,0,31,0,0,99,0,99,0,10,120,0,130,132,0,132,262
09/14/2010,DBQ,IA,ACE,CE,Federal Contract Tower,0,13,15,0,28,0,2,90,0,92,0,15,105,0,120,108,0,108,228
09/15/2010,DBQ,IA,ACE,CE,Federal Contract Tower,0,7,17,0,24,0,1,83,0,84,0,8,100,0,108,112,0,112,220
09/16/2010,DBQ,IA,ACE,CE,Federal Contract Tower,0,6,20,2,28,0,1,31,0,32,0,7,51,2,60,146,0,146,206
09/17/2010,DBQ,IA,ACE,CE,Federal Contract Tower,0,12,25,0,37,0,0,116,5,121,0,12,141,5,158,120,0,120,278
09/18/2010,DBQ,IA,ACE,CE,Federal Contract Tower,0,4,10,0,14,0,0,11,0,11,0,4,21,0,25,24,0,24,49
09/19/2010,DBQ,IA,ACE,CE,Federal Contract Tower,0,9,12,0,21,0,0,3,0,3,0,9,15,0,24,0,0,0,24
09/20/2010,DBQ,IA,ACE,CE,Federal Contract Tower,0,9,29,0,38,0,0,75,0,75,0,9,104,0,113,194,0,194,307
09/21/2010,DBQ,IA,ACE,CE,Federal Contract Tower,0,12,8,0,20,0,1,23,0,24,0,13,31,0,44,53,0,53,97
09/22/2010,DBQ,IA,ACE,CE,Federal Contract Tower,0,11,25,0,36,0,0,3,0,3,0,11,28,0,39,0,0,0,39
09/23/2010,DBQ,IA,ACE,CE,Federal Contract Tower,0,7,15,0,22,0,1,37,0,38,0,8,52,0,60,12,0,12,72
09/24/2010,DBQ,IA,ACE,CE,Federal Contract Tower,0,10,14,0,24,0,2,10,0,12,0,12,24,0,36,0,0,0,36
09/25/2010,DBQ,IA,ACE,CE,Federal Contract Tower,0,6,20,0,26,0,0,38,0,38,0,6,58,0,64,58,0,58,122
09/26/2010,DBQ,IA,ACE,CE,Federal Contract Tower,0,6,13,0,19,0,0,43,0,43,0,6,56,0,62,24,0,24,86
09/27/2010,DBQ,IA,ACE,CE,Federal Contract Tower,0,9,16,0,25,0,0,140,0,140,0,9,156,0,165,230,0,230,395
09/28/2010,DBQ,IA,ACE,CE,Federal Contract Tower,0,8,19,0,27,0,0,100,0,100,0,8,119,0,127,164,0,164,291
09/29/2010,DBQ,IA,ACE,CE,Federal Contract Tower,0,7,22,0,29,0,1,98,0,99,0,8,120,0,128,208,0,208,336
09/30/2010,DBQ,IA,ACE,CE,Federal Contract Tower,0,4,22,2,28,0,1,123,0,124,0,5,145,2,152,162,0,162,314
10/01/2010,DBQ,IA,ACE,CE,Federal Contract Tower,0,9,27,0,36,0,1,119,0,120,0,10,146,0,156,206,0,206,362
10/02/2010,DBQ,IA,ACE,CE,Federal Contract Tower,0,4,19,0,23,0,0,46,0,46,0,4,65,0,69,108,0,108,177
10/03/2010,DBQ,IA,ACE,CE,Federal Contract Tower,0,5,16,0,21,0,0,51,0,51,0,5,67,0,72,42,0,42,114
10/04/2010,DBQ,IA,ACE,CE,Federal Contract Tower,0,9,16,0,25,0,0,100,0,100,0,9,116,0,125,176,0,176,301
10/05/2010,DBQ,IA,ACE,CE,Federal Contract Tower,0,10,17,0,27,0,1,102,0,103,0,11,119,0,130,150,0,150,280
10/06/2010,DBQ,IA,ACE,CE,Federal Contract Tower,0,8,25,0,33,0,0,106,0,106,0,8,131,0,139,212,0,212,351
10/07/2010,DBQ,IA,ACE,CE,Federal Contract Tower,0,6,16,0,22,0,7,130,0,137,0,13,146,0,159,154,0,154,313
10/08/2010,DBQ,IA,ACE,CE,Federal Contract Tower,0,8,27,0,35,0,1,128,0,129,0,9,155,0,164,198,0,198,362
10/09/2010,DBQ,IA,ACE,CE,Federal Contract Tower,0,3,18,0,21,0,0,80,0,80,0,3,98,0,101,144,0,144,245
10/10/2010,DBQ,IA,ACE,CE,Federal Contract Tower,0,9,11,0,20,0,0,39,0,39,0,9,50,0,59,40,0,40,99
10/11/2010,DBQ,IA,ACE,CE,Federal Contract Tower,0,6,19,0,25,0,0,107,0,107,0,6,126,0,132,160,0,160,292
10/12/2010,DBQ,IA,ACE,CE,Federal Contract Tower,0,9,24,0,33,0,1,88,0,89,0,10,112,0,122,100,0,100,222
10/13/2010,DBQ,IA,ACE,CE,Federal Contract Tower,0,9,35,0,44,0,4,86,0,90,0,13,121,0,134,192,0,192,326
10/14/2010,DBQ,IA,ACE,CE,Federal Contract Tower,0,15,16,0,31,0,0,60,0,60,0,15,76,0,91,172,0,172,263
10/15/2010,DBQ,IA,ACE,CE,Federal Contract Tower,0,9,16,0,25,0,1,88,0,89,0,10,104,0,114,240,0,240,354
10/16/2010,DBQ,IA,ACE,CE,Federal Contract Tower,0,4,15,0,19,0,0,35,0,35,0,4,50,0,54,60,0,60,114
10/17/2010,DBQ,IA,ACE,CE,Federal Contract Tower,0,5,13,0,18,0,0,31,0,31,0,5,44,0,49,14,0,14,63
10/18/2010,DBQ,IA,ACE,CE,Federal Contract Tower,0,13,17,0,30,0,0,127,0,127,0,13,144,0,157,206,0,206,363
10/19/2010,DBQ,IA,ACE,CE,Federal Contract Tower,1,9,26,0,36,0,2,102,0,104,1,11,128,0,140,180,2,182,322
10/20/2010,DBQ,IA,ACE,CE,Federal Contract Tower,0,8,13,0,21,0,1,68,0,69,0,9,81,0,90,86,0,86,176
10/21/2010,DBQ,IA,ACE,CE,Federal Contract Tower,0,7,23,0,30,0,0,100,0,100,0,7,123,0,130,192,0,192,322
10/22/2010,DBQ,IA,ACE,CE,Federal Contract Tower,0,13,22,0,35,0,0,92,4,96,0,13,114,4,131,190,6,196,327
10/23/2010,DBQ,IA,ACE,CE,Federal Contract Tower,0,5,9,0,14,0,0,3,0,3,0,5,12,0,17,0,0,0,17
10/24/2010,DBQ,IA,ACE,CE,Federal Contract Tower,0,5,11,0,16,0,0,2,0,2,0,5,13,0,18,0,0,0,18
10/25/2010,DBQ,IA,ACE,CE,Federal Contract Tower,0,11,29,0,40,0,0,32,0,32,0,11,61,0,72,58,0,58,130
10/26/2010,DBQ,IA,ACE,CE,Federal Contract Tower,0,7,6,0,13,0,0,1,0,1,0,7,7,0,14,0,0,0,14
10/27/2010,DBQ,IA,ACE,CE,Federal Contract Tower,0,7,8,0,15,0,0,2,0,2,0,7,10,0,17,0,0,0,17
10/28/2010,DBQ,IA,ACE,CE,Federal Contract Tower,0,9,8,0,17,0,0,34,5,39,0,9,42,5,56,114,0,114,170
10/29/2010,DBQ,IA,ACE,CE,Federal Contract Tower,0,9,20,3,32,0,2,35,4,41,0,11,55,7,73,56,0,56,129
10/30/2010,DBQ,IA,ACE,CE,Federal Contract Tower,0,4,11,0,15,0,0,54,0,54,0,4,65,0,69,96,0,96,165
10/31/2010,DBQ,IA,ACE,CE,Federal Contract Tower,0,3,12,0,15,0,0,21,0,21,0,3,33,0,36,0,0,0,36
11/01/2010,DBQ,IA,ACE,CE,Federal Contract Tower,2,9,24,0,35,0,0,105,0,105,2,9,129,0,140,238,0,238,378
11/02/2010,DBQ,IA,ACE,CE,Federal Contract Tower,0,10,27,0,37,0,1,104,0,105,0,11,131,0,142,238,0,238,380
11/03/2010,DBQ,IA,ACE,CE,Federal Contract Tower,0,7,25,0,32,0,1,103,0,104,0,8,128,0,136,252,0,252,388
11/04/2010,DBQ,IA,ACE,CE,Federal Contract Tower,0,8,13,0,21,0,0,67,0,67,0,8,80,0,88,170,0,170,258
11/05/2010,DBQ,IA,ACE,CE,Federal Contract Tower,2,9,16,0,27,0,0,90,0,90,2,9,106,0,117,232,0,232,349
11/06/2010,DBQ,IA,ACE,CE,Federal Contract Tower,0,4,18,0,22,0,0,38,1,39,0,4,56,1,61,140,0,140,201
11/07/2010,DBQ,IA,ACE,CE,Federal Contract Tower,0,7,17,0,24,0,0,14,0,14,0,7,31,0,38,28,0,28,66
11/08/2010,DBQ,IA,ACE,CE,Federal Contract Tower,0,8,11,0,19,0,0,130,0,130,0,8,141,0,149,244,0,244,393
11/09/2010,DBQ,IA,ACE,CE,Federal Contract Tower,0,13,22,0,35,0,0,113,0,113,0,13,135,0,148,220,0,220,368
11/10/2010,DBQ,IA,ACE,CE,Federal Contract Tower,0,8,16,0,24,0,2,93,0,95,0,10,109,0,119,194,0,194,313
11/11/2010,DBQ,IA,ACE,CE,Federal Contract Tower,0,7,11,0,18,0,0,124,0,124,0,7,135,0,142,222,0,222,364
11/12/2010,DBQ,IA,ACE,CE,Federal Contract Tower,0,8,4,0,12,0,1,38,0,39,0,9,42,0,51,70,0,70,121
11/13/2010,DBQ,IA,ACE,CE,Federal Contract Tower,0,9,9,0,18,0,1,2,0,3,0,10,11,0,21,0,0,0,21
11/14/2010,DBQ,IA,ACE,CE,Federal Contract Tower,0,6,8,0,14,0,0,12,0,12,0,6,20,0,26,0,0,0,26
11/15/2010,DBQ,IA,ACE,CE,Federal Contract Tower,0,8,18,0,26,0,1,105,0,106,0,9,123,0,132,144,0,144,276
11/16/2010,DBQ,IA,ACE,CE,Federal Contract Tower,0,11,18,0,29,0,2,23,0,25,0,13,41,0,54,106,0,106,160
11/17/2010,DBQ,IA,ACE,CE,Federal Contract Tower,0,8,16,0,24,0,0,0,0,0,0,8,16,0,24,0,0,0,24
11/18/2010,DBQ,IA,ACE,CE,Federal Contract Tower,0,13,10,0,23,0,2,96,0,98,0,15,106,0,121,262,0,262,383
11/19/2010,DBQ,IA,ACE,CE,Federal Contract Tower,0,14,26,0,40,0,2,10,0,12,0,16,36,0,52,14,0,14,66
11/20/2010,DBQ,IA,ACE,CE,Federal Contract Tower,0,6,8,0,14,0,0,32,0,32,0,6,40,0,46,38,0,38,84
11/21/2010,DBQ,IA,ACE,CE,Federal Contract Tower,0,7,6,0,13,0,0,1,0,1,0,7,7,0,14,0,0,0,14
11/22/2010,DBQ,IA,ACE,CE,Federal Contract Tower,0,10,8,0,18,0,0,1,0,1,0,10,9,0,19,0,0,0,19
11/23/2010,DBQ,IA,ACE,CE,Federal Contract Tower,0,10,16,4,30,0,0,52,0,52,0,10,68,4,82,92,0,92,174
11/24/2010,DBQ,IA,ACE,CE,Federal Contract Tower,0,9,7,0,16,0,0,0,0,0,0,9,7,0,16,0,0,0,16
11/25/2010,DBQ,IA,ACE,CE,Federal Contract Tower,0,6,3,0,9,0,0,12,0,12,0,6,15,0,21,0,0,0,21
11/26/2010,DBQ,IA,ACE,CE,Federal Contract Tower,0,9,4,0,13,0,0,7,0,7,0,9,11,0,20,4,0,4,24
11/27/2010,DBQ,IA,ACE,CE,Federal Contract Tower,0,5,10,0,15,0,0,24,0,24,0,5,34,0,39,14,0,14,53
11/28/2010,DBQ,IA,ACE,CE,Federal Contract Tower,0,5,11,0,16,0,0,10,0,10,0,5,21,0,26,8,0,8,34
11/29/2010,DBQ,IA,ACE,CE,Federal Contract Tower,0,9,12,0,21,0,0,33,0,33,0,9,45,0,54,64,0,64,118
11/30/2010,DBQ,IA,ACE,CE,Federal Contract Tower,0,15,8,0,23,0,0,0,0,0,0,15,8,0,23,4,0,4,27
12/01/2010,DBQ,IA,ACE,CE,Federal Contract Tower,0,9,16,0,25,0,0,44,0,44,0,9,60,0,69,266,0,266,335
12/02/2010,DBQ,IA,ACE,CE,Federal Contract Tower,0,8,19,2,29,0,0,123,4,127,0,8,142,6,156,234,0,234,390
12/03/2010,DBQ,IA,ACE,CE,Federal Contract Tower,0,13,17,0,30,0,2,88,0,90,0,15,105,0,120,248,0,248,368
12/04/2010,DBQ,IA,ACE,CE,Federal Contract Tower,0,2,4,0,6,0,0,0,0,0,0,2,4,0,6,0,0,0,6
12/05/2010,DBQ,IA,ACE,CE,Federal Contract Tower,0,5,10,0,15,0,0,14,0,14,0,5,24,0,29,18,0,18,47
12/06/2010,DBQ,IA,ACE,CE,Federal Contract Tower,0,9,19,0,28,0,0,49,0,49,0,9,68,0,77,110,0,110,187
12/07/2010,DBQ,IA,ACE,CE,Federal Contract Tower,0,12,20,0,32,0,1,100,0,101,0,13,120,0,133,238,0,238,371
12/08/2010,DBQ,IA,ACE,CE,Federal Contract Tower,0,7,17,0,24,0,1,106,0,107,0,8,123,0,131,216,0,216,347
12/09/2010,DBQ,IA,ACE,CE,Federal Contract Tower,0,4,7,0,11,0,0,8,0,8,0,4,15,0,19,44,0,44,63
12/10/2010,DBQ,IA,ACE,CE,Federal Contract Tower,0,10,10,0,20,0,0,0,0,0,0,10,10,0,20,0,0,0,20
12/11/2010,DBQ,IA,ACE,CE,Federal Contract Tower,0,1,2,0,3,0,0,0,0,0,0,1,2,0,3,0,0,0,3
12/12/2010,DBQ,IA,ACE,CE,Federal Contract Tower,0,0,1,0,1,0,0,0,0,0,0,0,1,0,1,0,0,0,1
12/13/2010,DBQ,IA,ACE,CE,Federal Contract Tower,0,8,15,0,23,0,0,71,0,71,0,8,86,0,94,104,0,104,198
12/14/2010,DBQ,IA,ACE,CE,Federal Contract Tower,0,11,25,0,36,0,1,88,0,89,0,12,113,0,125,170,0,170,295
12/15/2010,DBQ,IA,ACE,CE,Federal Contract Tower,0,5,19,0,24,0,1,54,0,55,0,6,73,0,79,158,0,158,237
12/16/2010,DBQ,IA,ACE,CE,Federal Contract Tower,0,12,8,0,20,0,0,3,0,3,0,12,11,0,23,0,0,0,23
12/17/2010,DBQ,IA,ACE,CE,Federal Contract Tower,0,9,13,0,22,0,0,36,2,38,0,9,49,2,60,112,8,120,180
12/18/2010,DBQ,IA,ACE,CE,Federal Contract Tower,0,3,5,0,8,0,0,20,0,20,0,3,25,0,28,24,0,24,52
12/19/2010,DBQ,IA,ACE,CE,Federal Contract Tower,0,5,12,0,17,0,0,17,0,17,0,5,29,0,34,0,0,0,34
12/20/2010,DBQ,IA,ACE,CE,Federal Contract Tower,0,9,7,0,16,0,0,1,0,1,0,9,8,0,17,0,0,0,17
12/21/2010,DBQ,IA,ACE,CE,Federal Contract Tower,0,3,4,0,7,0,0,0,0,0,0,3,4,0,7,0,0,0,7
12/22/2010,DBQ,IA,ACE,CE,Federal Contract Tower,0,6,18,0,24,0,0,17,0,17,0,6,35,0,41,36,0,36,77
12/23/2010,DBQ,IA,ACE,CE,Federal Contract Tower,0,7,5,0,12,0,0,14,0,14,0,7,19,0,26,6,0,6,32
12/24/2010,DBQ,IA,ACE,CE,Federal Contract Tower,0,6,0,0,6,0,0,0,0,0,0,6,0,0,6,0,0,0,6
12/25/2010,DBQ,IA,ACE,CE,Federal Contract Tower,0,4,1,0,5,0,0,0,0,0,0,4,1,0,5,0,0,0,5
12/26/2010,DBQ,IA,ACE,CE,Federal Contract Tower,0,6,9,0,15,0,0,2,0,2,0,6,11,0,17,0,0,0,17
12/27/2010,DBQ,IA,ACE,CE,Federal Contract Tower,0,7,10,0,17,0,0,5,0,5,0,7,15,0,22,2,0,2,24
12/28/2010,DBQ,IA,ACE,CE,Federal Contract Tower,0,6,11,0,17,0,0,1,0,1,0,6,12,0,18,0,0,0,18
12/29/2010,DBQ,IA,ACE,CE,Federal Contract Tower,0,5,7,0,12,0,0,1,0,1,0,5,8,0,13,16,0,16,29
12/30/2010,DBQ,IA,ACE,CE,Federal Contract Tower,0,0,0,0,0,0,0,0,0,0,0,0,0,0,0,0,0,0,0
12/31/2010,DBQ,IA,ACE,CE,Federal Contract Tower,0,1,1,0,2,0,0,0,0,0,0,1,1,0,2,0,0,0,2
01/01/2011,DBQ,IA,ACE,CE,Federal Contract Tower,0,4,0,0,4,0,0,2,0,2,0,4,2,0,6,0,0,0,6
01/02/2011,DBQ,IA,ACE,CE,Federal Contract Tower,0,5,4,0,9,0,0,20,0,20,0,5,24,0,29,12,0,12,41
01/03/2011,DBQ,IA,ACE,CE,Federal Contract Tower,0,9,10,0,19,0,0,28,0,28,0,9,38,0,47,36,0,36,83
01/04/2011,DBQ,IA,ACE,CE,Federal Contract Tower,0,17,14,0,31,0,0,50,0,50,0,17,64,0,81,88,0,88,169
01/05/2011,DBQ,IA,ACE,CE,Federal Contract Tower,0,9,21,0,30,0,0,36,0,36,0,9,57,0,66,68,0,68,134
01/06/2011,DBQ,IA,ACE,CE,Federal Contract Tower,0,13,21,0,34,0,0,50,0,50,0,13,71,0,84,78,0,78,162
01/07/2011,DBQ,IA,ACE,CE,Federal Contract Tower,0,10,12,0,22,0,0,23,0,23,0,10,35,0,45,18,0,18,63
01/08/2011,DBQ,IA,ACE,CE,Federal Contract Tower,2,2,22,0,26,0,0,29,0,29,2,2,51,0,55,80,0,80,135
01/09/2011,DBQ,IA,ACE,CE,Federal Contract Tower,0,4,19,0,23,0,0,33,0,33,0,4,52,0,56,8,0,8,64
01/10/2011,DBQ,IA,ACE,CE,Federal Contract Tower,0,6,13,0,19,0,0,46,0,46,0,6,59,0,65,74,0,74,139
01/11/2011,DBQ,IA,ACE,CE,Federal Contract Tower,0,10,6,0,16,0,0,0,0,0,0,10,6,0,16,0,0,0,16
01/12/2011,DBQ,IA,ACE,CE,Federal Contract Tower,0,6,11,0,17,0,0,48,0,48,0,6,59,0,65,106,0,106,171
01/13/2011,DBQ,IA,ACE,CE,Federal Contract Tower,0,7,11,0,18,0,0,45,0,45,0,7,56,0,63,48,0,48,111
01/14/2011,DBQ,IA,ACE,CE,Federal Contract Tower,0,10,16,0,26,0,0,12,0,12,0,10,28,0,38,28,0,28,66
01/15/2011,DBQ,IA,ACE,CE,Federal Contract Tower,0,4,3,0,7,0,0,1,0,1,0,4,4,0,8,2,0,2,10
01/16/2011,DBQ,IA,ACE,CE,Federal Contract Tower,0,5,8,0,13,0,0,3,0,3,0,5,11,0,16,10,0,10,26
01/17/2011,DBQ,IA,ACE,CE,Federal Contract Tower,0,7,9,0,16,0,0,0,0,0,0,7,9,0,16,0,0,0,16
01/18/2011,DBQ,IA,ACE,CE,Federal Contract Tower,0,7,9,0,16,0,0,9,0,9,0,7,18,0,25,64,0,64,89
01/19/2011,DBQ,IA,ACE,CE,Federal Contract Tower,0,11,30,0,41,0,0,53,0,53,0,11,83,0,94,66,0,66,160
01/20/2011,DBQ,IA,ACE,CE,Federal Contract Tower,0,7,27,0,34,0,0,42,0,42,0,7,69,0,76,110,0,110,186
01/21/2011,DBQ,IA,ACE,CE,Federal Contract Tower,0,9,14,0,23,0,0,16,0,16,0,9,30,0,39,12,0,12,51
01/22/2011,DBQ,IA,ACE,CE,Federal Contract Tower,0,3,5,0,8,0,0,22,0,22,0,3,27,0,30,74,0,74,104
01/23/2011,DBQ,IA,ACE,CE,Federal Contract Tower,0,7,4,0,11,0,0,9,0,9,0,7,13,0,20,2,0,2,22
01/24/2011,DBQ,IA,ACE,CE,Federal Contract Tower,0,9,16,0,25,0,0,4,0,4,0,9,20,0,29,0,0,0,29
01/25/2011,DBQ,IA,ACE,CE,Federal Contract Tower,0,10,16,0,26,0,0,5,0,5,0,10,21,0,31,4,0,4,35
01/26/2011,DBQ,IA,ACE,CE,Federal Contract Tower,0,7,9,0,16,0,0,0,0,0,0,7,9,0,16,0,0,0,16
01/27/2011,DBQ,IA,ACE,CE,Federal Contract Tower,0,5,8,0,13,0,0,1,0,1,0,5,9,0,14,0,0,0,14
01/28/2011,DBQ,IA,ACE,CE,Federal Contract Tower,0,9,7,0,16,0,0,0,0,0,0,9,7,0,16,0,0,0,16
01/29/2011,DBQ,IA,ACE,CE,Federal Contract Tower,0,3,15,0,18,0,0,32,0,32,0,3,47,0,50,62,0,62,112
01/30/2011,DBQ,IA,ACE,CE,Federal Contract Tower,0,5,8,0,13,0,0,7,0,7,0,5,15,0,20,20,0,20,40
01/31/2011,DBQ,IA,ACE,CE,Federal Contract Tower,0,9,11,0,20,0,0,9,0,9,0,9,20,0,29,58,0,58,87
02/01/2011,DBQ,IA,ACE,CE,Federal Contract Tower,0,7,4,0,11,0,0,0,0,0,0,7,4,0,11,0,0,0,11
02/02/2011,DBQ,IA,ACE,CE,Federal Contract Tower,0,0,4,0,4,0,0,3,0,3,0,0,7,0,7,2,0,2,9
02/03/2011,DBQ,IA,ACE,CE,Federal Contract Tower,0,1,21,0,22,0,1,79,0,80,0,2,100,0,102,66,0,66,168
02/04/2011,DBQ,IA,ACE,CE,Federal Contract Tower,0,7,18,0,25,0,1,118,0,119,0,8,136,0,144,134,0,134,278
02/05/2011,DBQ,IA,ACE,CE,Federal Contract Tower,2,3,17,0,22,0,0,67,0,67,2,3,84,0,89,116,0,116,205
02/06/2011,DBQ,IA,ACE,CE,Federal Contract Tower,0,4,2,0,6,0,0,0,0,0,0,4,2,0,6,0,0,0,6
02/07/2011,DBQ,IA,ACE,CE,Federal Contract Tower,0,10,24,0,34,0,0,56,0,56,0,10,80,0,90,224,0,224,314
02/08/2011,DBQ,IA,ACE,CE,Federal Contract Tower,0,10,26,0,36,0,2,75,0,77,0,12,101,0,113,136,0,136,249
02/09/2011,DBQ,IA,ACE,CE,Federal Contract Tower,0,6,26,0,32,0,1,98,2,101,0,7,124,2,133,156,0,156,289
02/10/2011,DBQ,IA,ACE,CE,Federal Contract Tower,0,5,21,0,26,0,1,73,0,74,0,6,94,0,100,78,0,78,178
02/11/2011,DBQ,IA,ACE,CE,Federal Contract Tower,0,7,8,0,15,0,0,49,0,49,0,7,57,0,64,96,0,96,160
02/12/2011,DBQ,IA,ACE,CE,Federal Contract Tower,0,2,12,0,14,0,0,60,0,60,0,2,72,0,74,86,0,86,160
02/13/2011,DBQ,IA,ACE,CE,Federal Contract Tower,0,5,4,0,9,0,0,20,0,20,0,5,24,0,29,28,0,28,57
02/14/2011,DBQ,IA,ACE,CE,Federal Contract Tower,0,9,10,1,20,0,2,111,0,113,0,11,121,1,133,132,0,132,265
02/15/2011,DBQ,IA,ACE,CE,Federal Contract Tower,0,14,12,2,28,0,0,67,6,73,0,14,79,8,101,48,0,48,149
02/16/2011,DBQ,IA,ACE,CE,Federal Contract Tower,0,1,11,1,13,0,0,0,0,0,0,1,11,1,13,0,0,0,13
02/17/2011,DBQ,IA,ACE,CE,Federal Contract Tower,2,8,17,0,27,0,0,5,2,7,2,8,22,2,34,16,0,16,50
02/18/2011,DBQ,IA,ACE,CE,Federal Contract Tower,0,8,22,0,30,0,0,70,0,70,0,8,92,0,100,84,0,84,184
02/19/2011,DBQ,IA,ACE,CE,Federal Contract Tower,0,4,5,0,9,0,0,92,0,92,0,4,97,0,101,48,0,48,149
02/20/2011,DBQ,IA,ACE,CE,Federal Contract Tower,0,4,0,0,4,0,0,0,0,0,0,4,0,0,4,0,0,0,4
02/21/2011,DBQ,IA,ACE,CE,Federal Contract Tower,0,50,4,0,54,0,0,0,0,0,0,50,4,0,54,0,0,0,54
02/22/2011,DBQ,IA,ACE,CE,Federal Contract Tower,0,11,11,0,22,0,0,4,0,4,0,11,15,0,26,4,0,4,30
02/23/2011,DBQ,IA,ACE,CE,Federal Contract Tower,0,11,8,0,19,0,0,10,0,10,0,11,18,0,29,14,0,14,43
02/24/2011,DBQ,IA,ACE,CE,Federal Contract Tower,0,7,16,0,23,0,0,20,0,20,0,7,36,0,43,120,0,120,163
02/25/2011,DBQ,IA,ACE,CE,Federal Contract Tower,0,11,18,0,29,0,0,121,0,121,0,11,139,0,150,110,0,110,260
02/26/2011,DBQ,IA,ACE,CE,Federal Contract Tower,0,4,2,0,6,0,0,0,0,0,0,4,2,0,6,0,0,0,6
02/27/2011,DBQ,IA,ACE,CE,Federal Contract Tower,0,6,3,0,9,0,0,2,0,2,0,6,5,0,11,8,0,8,19
02/28/2011,DBQ,IA,ACE,CE,Federal Contract Tower,0,11,17,1,29,0,2,113,1,116,0,13,130,2,145,186,0,186,331
03/01/2011,DBQ,IA,ACE,CE,Federal Contract Tower,0,10,11,2,23,0,0,124,0,124,0,10,135,2,147,176,0,176,323
03/02/2011,DBQ,IA,ACE,CE,Federal Contract Tower,0,9,22,1,32,0,0,110,1,111,0,9,132,2,143,212,4,216,359
03/03/2011,DBQ,IA,ACE,CE,Federal Contract Tower,0,7,6,1,14,0,0,97,3,100,0,7,103,4,114,58,0,58,172
03/04/2011,DBQ,IA,ACE,CE,Federal Contract Tower,0,9,18,0,27,0,0,17,0,17,0,9,35,0,44,64,0,64,108
03/05/2011,DBQ,IA,ACE,CE,Federal Contract Tower,0,4,5,0,9,0,0,2,0,2,0,4,7,0,11,0,0,0,11
03/06/2011,DBQ,IA,ACE,CE,Federal Contract Tower,0,7,10,0,17,0,0,73,0,73,0,7,83,0,90,80,0,80,170
03/07/2011,DBQ,IA,ACE,CE,Federal Contract Tower,0,7,12,0,19,0,0,15,0,15,0,7,27,0,34,12,0,12,46
03/08/2011,DBQ,IA,ACE,CE,Federal Contract Tower,0,9,21,0,30,0,0,77,4,81,0,9,98,4,111,56,0,56,167
03/09/2011,DBQ,IA,ACE,CE,Federal Contract Tower,0,8,7,0,15,0,0,0,0,0,0,8,7,0,15,0,0,0,15
03/10/2011,DBQ,IA,ACE,CE,Federal Contract Tower,0,7,20,0,27,0,1,90,0,91,0,8,110,0,118,176,0,176,294
03/11/2011,DBQ,IA,ACE,CE,Federal Contract Tower,0,8,27,0,35,0,1,83,0,84,0,9,110,0,119,74,0,74,193
03/12/2011,DBQ,IA,ACE,CE,Federal Contract Tower,0,3,10,0,13,0,0,1,0,1,0,3,11,0,14,0,0,0,14
03/13/2011,DBQ,IA,ACE,CE,Federal Contract Tower,0,4,14,0,18,0,0,17,0,17,0,4,31,0,35,26,0,26,61
03/14/2011,DBQ,IA,ACE,CE,Federal Contract Tower,0,9,24,0,33,0,0,61,0,61,0,9,85,0,94,44,0,44,138
03/15/2011,DBQ,IA,ACE,CE,Federal Contract Tower,2,14,20,1,37,0,0,70,0,70,2,14,90,1,107,30,0,30,137
03/16/2011,DBQ,IA,ACE,CE,Federal Contract Tower,0,6,22,0,28,0,1,68,0,69,0,7,90,0,97,50,0,50,147
03/17/2011,DBQ,IA,ACE,CE,Federal Contract Tower,0,7,17,0,24,0,0,12,0,12,0,7,29,0,36,20,0,20,56
03/18/2011,DBQ,IA,ACE,CE,Federal Contract Tower,0,9,21,0,30,0,0,41,0,41,0,9,62,0,71,24,0,24,95
03/19/2011,DBQ,IA,ACE,CE,Federal Contract Tower,0,3,14,0,17,0,0,53,0,53,0,3,67,0,70,6,0,6,76
03/20/2011,DBQ,IA,ACE,CE,Federal Contract Tower,0,3,7,0,10,0,0,1,0,1,0,3,8,0,11,0,0,0,11
03/21/2011,DBQ,IA,ACE,CE,Federal Contract Tower,0,9,12,0,21,0,0,30,0,30,0,9,42,0,51,32,0,32,83
03/22/2011,DBQ,IA,ACE,CE,Federal Contract Tower,1,9,19,0,29,0,0,0,0,0,1,9,19,0,29,0,0,0,29
03/23/2011,DBQ,IA,ACE,CE,Federal Contract Tower,0,8,10,0,18,0,0,0,0,0,0,8,10,0,18,0,0,0,18
03/24/2011,DBQ,IA,ACE,CE,Federal Contract Tower,0,7,24,0,31,0,1,103,0,104,0,8,127,0,135,108,0,108,243
03/25/2011,DBQ,IA,ACE,CE,Federal Contract Tower,0,9,14,0,23,0,0,81,0,81,0,9,95,0,104,200,0,200,304
03/26/2011,DBQ,IA,ACE,CE,Federal Contract Tower,0,3,8,0,11,0,0,42,0,42,0,3,50,0,53,60,0,60,113
03/27/2011,DBQ,IA,ACE,CE,Federal Contract Tower,0,5,8,0,13,0,0,29,0,29,0,5,37,0,42,16,0,16,58
03/28/2011,DBQ,IA,ACE,CE,Federal Contract Tower,0,9,17,0,26,0,0,107,0,107,0,9,124,0,133,210,0,210,343
03/29/2011,DBQ,IA,ACE,CE,Federal Contract Tower,0,9,22,0,31,0,0,101,0,101,0,9,123,0,132,102,0,102,234
03/30/2011,DBQ,IA,ACE,CE,Federal Contract Tower,0,7,24,0,31,0,0,107,0,107,0,7,131,0,138,226,0,226,364
03/31/2011,DBQ,IA,ACE,CE,Federal Contract Tower,0,7,24,0,31,0,2,117,0,119,0,9,141,0,150,108,0,108,258
04/01/2011,DBQ,IA,ACE,CE,Federal Contract Tower,0,10,10,0,20,0,1,13,0,14,0,11,23,0,34,20,0,20,54
04/02/2011,DBQ,IA,ACE,CE,Federal Contract Tower,0,3,13,0,16,0,0,54,0,54,0,3,67,0,70,106,0,106,176
04/03/2011,DBQ,IA,ACE,CE,Federal Contract Tower,0,3,13,0,16,0,0,0,0,0,0,3,13,0,16,0,0,0,16
04/04/2011,DBQ,IA,ACE,CE,Federal Contract Tower,0,10,11,0,21,0,0,2,0,2,0,10,13,0,23,8,0,8,31
04/05/2011,DBQ,IA,ACE,CE,Federal Contract Tower,0,11,19,0,30,0,0,88,0,88,0,11,107,0,118,118,0,118,236
04/06/2011,DBQ,IA,ACE,CE,Federal Contract Tower,0,11,9,0,20,0,0,108,0,108,0,11,117,0,128,152,0,152,280
04/07/2011,DBQ,IA,ACE,CE,Federal Contract Tower,0,10,14,0,24,0,0,104,0,104,0,10,118,0,128,90,0,90,218
04/08/2011,DBQ,IA,ACE,CE,Federal Contract Tower,0,9,42,0,51,0,0,0,0,0,0,9,42,0,51,0,0,0,51
04/09/2011,DBQ,IA,ACE,CE,Federal Contract Tower,2,3,9,0,14,0,0,6,0,6,2,3,15,0,20,4,0,4,24
04/10/2011,DBQ,IA,ACE,CE,Federal Contract Tower,0,5,3,0,8,0,0,3,0,3,0,5,6,0,11,10,0,10,21
04/11/2011,DBQ,IA,ACE,CE,Federal Contract Tower,0,12,7,0,19,0,0,77,0,77,0,12,84,0,96,182,0,182,278
04/12/2011,DBQ,IA,ACE,CE,Federal Contract Tower,0,12,22,0,34,0,0,115,0,115,0,12,137,0,149,126,0,126,275
04/13/2011,DBQ,IA,ACE,CE,Federal Contract Tower,0,10,22,0,32,0,1,79,0,80,0,11,101,0,112,158,0,158,270
04/14/2011,DBQ,IA,ACE,CE,Federal Contract Tower,0,8,19,0,27,0,0,15,0,15,0,8,34,0,42,46,0,46,88
04/15/2011,DBQ,IA,ACE,CE,Federal Contract Tower,0,11,13,0,24,0,0,0,0,0,0,11,13,0,24,0,0,0,24
04/16/2011,DBQ,IA,ACE,CE,Federal Contract Tower,0,5,0,0,5,0,0,0,0,0,0,5,0,0,5,0,0,0,5
04/17/2011,DBQ,IA,ACE,CE,Federal Contract Tower,0,5,9,0,14,0,0,103,0,103,0,5,112,0,117,0,0,0,117
04/18/2011,DBQ,IA,ACE,CE,Federal Contract Tower,0,11,9,0,20,0,0,17,0,17,0,11,26,0,37,64,0,64,101
04/19/2011,DBQ,IA,ACE,CE,Federal Contract Tower,0,6,10,0,16,0,0,1,0,1,0,6,11,0,17,0,0,0,17
04/20/2011,DBQ,IA,ACE,CE,Federal Contract Tower,0,10,14,0,24,0,0,40,0,40,0,10,54,0,64,176,0,176,240
04/21/2011,DBQ,IA,ACE,CE,Federal Contract Tower,0,10,24,2,36,0,2,120,0,122,0,12,144,2,158,110,0,110,268
04/22/2011,DBQ,IA,ACE,CE,Federal Contract Tower,0,13,9,0,22,0,0,0,0,0,0,13,9,0,22,0,0,0,22
04/23/2011,DBQ,IA,ACE,CE,Federal Contract Tower,0,2,6,0,8,0,0,15,0,15,0,2,21,0,23,2,0,2,25
04/24/2011,DBQ,IA,ACE,CE,Federal Contract Tower,0,6,6,2,14,0,0,17,0,17,0,6,23,2,31,2,0,2,33
04/25/2011,DBQ,IA,ACE,CE,Federal Contract Tower,0,10,21,0,31,0,1,92,0,93,0,11,113,0,124,218,0,218,342
04/26/2011,DBQ,IA,ACE,CE,Federal Contract Tower,0,13,13,0,26,0,0,0,0,0,0,13,13,0,26,0,0,0,26
04/27/2011,DBQ,IA,ACE,CE,Federal Contract Tower,0,8,28,4,40,0,0,31,0,31,0,8,59,4,71,94,0,94,165
04/28/2011,DBQ,IA,ACE,CE,Federal Contract Tower,0,9,13,0,22,0,0,10,0,10,0,9,23,0,32,64,0,64,96
04/29/2011,DBQ,IA,ACE,CE,Federal Contract Tower,0,11,15,1,27,0,1,117,0,118,0,12,132,1,145,192,0,192,337
04/30/2011,DBQ,IA,ACE,CE,Federal Contract Tower,0,4,5,0,9,0,0,7,4,11,0,4,12,4,20,14,0,14,34
05/01/2011,DBQ,IA,ACE,CE,Federal Contract Tower,0,6,7,1,14,0,0,16,0,16,0,6,23,1,30,12,0,12,42
05/02/2011,DBQ,IA,ACE,CE,Federal Contract Tower,0,11,13,0,24,0,0,83,0,83,0,11,96,0,107,186,0,186,293
05/03/2011,DBQ,IA,ACE,CE,Federal Contract Tower,0,11,13,0,24,0,0,79,0,79,0,11,92,0,103,112,0,112,215
05/04/2011,DBQ,IA,ACE,CE,Federal Contract Tower,0,13,18,0,31,0,0,104,0,104,0,13,122,0,135,110,0,110,245
05/05/2011,DBQ,IA,ACE,CE,Federal Contract Tower,0,11,21,0,32,0,1,33,0,34,0,12,54,0,66,56,0,56,122
05/06/2011,DBQ,IA,ACE,CE,Federal Contract Tower,0,11,10,0,21,0,0,82,0,82,0,11,92,0,103,130,0,130,233
05/07/2011,DBQ,IA,ACE,CE,Federal Contract Tower,0,3,12,0,15,0,0,42,0,42,0,3,54,0,57,16,0,16,73
05/08/2011,DBQ,IA,ACE,CE,Federal Contract Tower,0,5,2,0,7,0,0,26,0,26,0,5,28,0,33,10,0,10,43
05/09/2011,DBQ,IA,ACE,CE,Federal Contract Tower,0,13,14,0,27,0,0,22,0,22,0,13,36,0,49,40,0,40,89
05/10/2011,DBQ,IA,ACE,CE,Federal Contract Tower,0,11,11,0,22,0,0,106,0,106,0,11,117,0,128,128,0,128,256
05/11/2011,DBQ,IA,ACE,CE,Federal Contract Tower,0,9,18,0,27,0,0,55,0,55,0,9,73,0,82,62,0,62,144
05/12/2011,DBQ,IA,ACE,CE,Federal Contract Tower,0,9,23,0,32,0,1,50,0,51,0,10,73,0,83,58,0,58,141
05/13/2011,DBQ,IA,ACE,CE,Federal Contract Tower,0,7,35,0,42,0,0,1,0,1,0,7,36,0,43,0,0,0,43
05/14/2011,DBQ,IA,ACE,CE,Federal Contract Tower,0,3,16,0,19,0,0,2,0,2,0,3,18,0,21,20,0,20,41
05/15/2011,DBQ,IA,ACE,CE,Federal Contract Tower,0,4,5,0,9,0,0,6,0,6,0,4,11,0,15,6,0,6,21
05/16/2011,DBQ,IA,ACE,CE,Federal Contract Tower,0,14,17,0,31,0,0,73,0,73,0,14,90,0,104,120,0,120,224
05/17/2011,DBQ,IA,ACE,CE,Federal Contract Tower,0,11,11,0,22,0,0,48,0,48,0,11,59,0,70,42,0,42,112
05/18/2011,DBQ,IA,ACE,CE,Federal Contract Tower,0,7,22,0,29,0,0,25,0,25,0,7,47,0,54,10,0,10,64
05/19/2011,DBQ,IA,ACE,CE,Federal Contract Tower,0,10,24,0,34,0,0,39,0,39,0,10,63,0,73,42,0,42,115
05/20/2011,DBQ,IA,ACE,CE,Federal Contract Tower,0,11,13,0,24,0,0,38,0,38,0,11,51,0,62,14,0,14,76
05/21/2011,DBQ,IA,ACE,CE,Federal Contract Tower,0,4,11,0,15,0,0,15,0,15,0,4,26,0,30,0,0,0,30
05/22/2011,DBQ,IA,ACE,CE,Federal Contract Tower,0,4,10,0,14,0,0,12,0,12,0,4,22,0,26,0,0,0,26
05/23/2011,DBQ,IA,ACE,CE,Federal Contract Tower,0,12,12,0,24,0,0,50,0,50,0,12,62,0,74,44,0,44,118
05/24/2011,DBQ,IA,ACE,CE,Federal Contract Tower,0,12,16,0,28,0,0,37,0,37,0,12,53,0,65,62,0,62,127
05/25/2011,DBQ,IA,ACE,CE,Federal Contract Tower,0,12,10,0,22,0,0,0,0,0,0,12,10,0,22,0,0,0,22
05/26/2011,DBQ,IA,ACE,CE,Federal Contract Tower,0,6,17,0,23,0,0,41,0,41,0,6,58,0,64,78,1,79,143
05/27/2011,DBQ,IA,ACE,CE,Federal Contract Tower,0,12,12,0,24,0,0,64,0,64,0,12,76,0,88,112,0,112,200
05/28/2011,DBQ,IA,ACE,CE,Federal Contract Tower,0,3,12,0,15,0,0,4,0,4,0,3,16,0,19,6,0,6,25
05/29/2011,DBQ,IA,ACE,CE,Federal Contract Tower,0,1,2,0,3,0,0,4,0,4,0,1,6,0,7,0,0,0,7
05/30/2011,DBQ,IA,ACE,CE,Federal Contract Tower,0,6,10,0,16,0,0,13,0,13,0,6,23,0,29,0,0,0,29
05/31/2011,DBQ,IA,ACE,CE,Federal Contract Tower,0,10,8,0,18,0,0,11,0,11,0,10,19,0,29,2,0,2,31
06/01/2011,DBQ,IA,ACE,CE,Federal Contract Tower,0,12,31,0,43,0,0,82,0,82,0,12,113,0,125,100,0,100,225
06/02/2011,DBQ,IA,ACE,CE,Federal Contract Tower,0,9,18,0,27,0,0,31,0,31,0,9,49,0,58,104,0,104,162
06/03/2011,DBQ,IA,ACE,CE,Federal Contract Tower,0,12,14,0,26,0,0,75,0,75,0,12,89,0,101,88,0,88,189
06/04/2011,DBQ,IA,ACE,CE,Federal Contract Tower,0,4,6,0,10,0,0,2,0,2,0,4,8,0,12,0,0,0,12
06/05/2011,DBQ,IA,ACE,CE,Federal Contract Tower,0,5,16,0,21,0,1,29,0,30,0,6,45,0,51,6,0,6,57
06/06/2011,DBQ,IA,ACE,CE,Federal Contract Tower,0,11,13,0,24,0,0,43,0,43,0,11,56,0,67,44,0,44,111
06/07/2011,DBQ,IA,ACE,CE,Federal Contract Tower,0,15,19,0,34,0,0,68,0,68,0,15,87,0,102,52,0,52,154
06/08/2011,DBQ,IA,ACE,CE,Federal Contract Tower,0,10,12,0,22,0,0,37,0,37,0,10,49,0,59,46,0,46,105
06/09/2011,DBQ,IA,ACE,CE,Federal Contract Tower,0,6,14,0,20,0,0,10,0,10,0,6,24,0,30,6,0,6,36
06/10/2011,DBQ,IA,ACE,CE,Federal Contract Tower,0,9,19,0,28,0,0,4,0,4,0,9,23,0,32,6,0,6,38
06/11/2011,DBQ,IA,ACE,CE,Federal Contract Tower,0,3,20,0,23,0,0,9,0,9,0,3,29,0,32,0,0,0,32
06/12/2011,DBQ,IA,ACE,CE,Federal Contract Tower,0,5,12,0,17,0,0,35,0,35,0,5,47,0,52,14,0,14,66
06/13/2011,DBQ,IA,ACE,CE,Federal Contract Tower,0,11,12,0,23,0,0,73,0,73,0,11,85,0,96,112,0,112,208
06/14/2011,DBQ,IA,ACE,CE,Federal Contract Tower,0,10,21,0,31,0,1,57,0,58,0,11,78,0,89,54,0,54,143
06/15/2011,DBQ,IA,ACE,CE,Federal Contract Tower,0,9,26,0,35,0,0,1,0,1,0,9,27,0,36,0,0,0,36
06/16/2011,DBQ,IA,ACE,CE,Federal Contract Tower,0,11,14,0,25,0,2,93,0,95,0,13,107,0,120,102,0,102,222
06/17/2011,DBQ,IA,ACE,CE,Federal Contract Tower,0,12,17,0,29,0,0,55,0,55,0,12,72,0,84,60,0,60,144
06/18/2011,DBQ,IA,ACE,CE,Federal Contract Tower,0,4,11,0,15,0,0,10,0,10,0,4,21,0,25,0,0,0,25
06/19/2011,DBQ,IA,ACE,CE,Federal Contract Tower,0,7,14,0,21,0,0,5,0,5,0,7,19,0,26,0,0,0,26
06/20/2011,DBQ,IA,ACE,CE,Federal Contract Tower,0,9,18,0,27,0,0,12,0,12,0,9,30,0,39,20,0,20,59
06/21/2011,DBQ,IA,ACE,CE,Federal Contract Tower,0,12,13,2,27,0,1,38,0,39,0,13,51,2,66,80,0,80,146
06/22/2011,DBQ,IA,ACE,CE,Federal Contract Tower,0,9,33,0,42,0,0,3,0,3,0,9,36,0,45,8,0,8,53
06/23/2011,DBQ,IA,ACE,CE,Federal Contract Tower,0,9,28,0,37,0,0,10,0,10,0,9,38,0,47,24,0,24,71
06/24/2011,DBQ,IA,ACE,CE,Federal Contract Tower,0,11,22,1,34,0,0,59,1,60,0,11,81,2,94,138,0,138,232
06/25/2011,DBQ,IA,ACE,CE,Federal Contract Tower,0,3,16,0,19,0,0,34,0,34,0,3,50,0,53,34,0,34,87
06/26/2011,DBQ,IA,ACE,CE,Federal Contract Tower,0,5,12,0,17,0,0,18,0,18,0,5,30,0,35,8,0,8,43
06/27/2011,DBQ,IA,ACE,CE,Federal Contract Tower,0,10,12,0,22,0,0,53,0,53,0,10,65,0,75,96,0,96,171
06/28/2011,DBQ,IA,ACE,CE,Federal Contract Tower,0,11,13,0,24,0,0,77,0,77,0,11,90,0,101,102,0,102,203
06/29/2011,DBQ,IA,ACE,CE,Federal Contract Tower,0,12,19,0,31,0,0,64,0,64,0,12,83,0,95,70,0,70,165
06/30/2011,DBQ,IA,ACE,CE,Federal Contract Tower,0,12,20,2,34,0,0,81,2,83,0,12,101,4,117,78,4,82,199
07/01/2011,DBQ,IA,ACE,CE,Federal Contract Tower,0,11,22,0,33,0,0,10,2,12,0,11,32,2,45,12,0,12,57
07/02/2011,DBQ,IA,ACE,CE,Federal Contract Tower,0,5,5,0,10,0,0,7,5,12,0,5,12,5,22,0,0,0,22
07/03/2011,DBQ,IA,ACE,CE,Federal Contract Tower,0,3,4,0,7,0,0,36,4,40,0,3,40,4,47,8,2,10,57
07/04/2011,DBQ,IA,ACE,CE,Federal Contract Tower,0,5,5,1,11,0,0,11,4,15,0,5,16,5,26,0,0,0,26
07/05/2011,DBQ,IA,ACE,CE,Federal Contract Tower,0,13,5,1,19,0,0,49,0,49,0,13,54,1,68,98,0,98,166
07/06/2011,DBQ,IA,ACE,CE,Federal Contract Tower,0,11,25,0,36,0,0,59,0,59,0,11,84,0,95,104,0,104,199
07/07/2011,DBQ,IA,ACE,CE,Federal Contract Tower,2,11,15,0,28,0,1,75,0,76,2,12,90,0,104,124,0,124,228
07/08/2011,DBQ,IA,ACE,CE,Federal Contract Tower,0,11,18,0,29,0,0,63,0,63,0,11,81,0,92,60,0,60,152
07/09/2011,DBQ,IA,ACE,CE,Federal Contract Tower,0,3,8,0,11,0,0,24,0,24,0,3,32,0,35,16,0,16,51
07/10/2011,DBQ,IA,ACE,CE,Federal Contract Tower,2,6,15,0,23,0,1,17,0,18,2,7,32,0,41,42,0,42,83
07/11/2011,DBQ,IA,ACE,CE,Federal Contract Tower,0,10,8,0,18,0,0,24,0,24,0,10,32,0,42,14,0,14,56
07/12/2011,DBQ,IA,ACE,CE,Federal Contract Tower,0,10,16,0,26,0,0,45,0,45,0,10,61,0,71,88,0,88,159
07/13/2011,DBQ,IA,ACE,CE,Federal Contract Tower,0,12,13,0,25,0,0,60,0,60,0,12,73,0,85,168,0,168,253
07/14/2011,DBQ,IA,ACE,CE,Federal Contract Tower,0,11,9,0,20,0,0,84,0,84,0,11,93,0,104,122,0,122,226
07/15/2011,DBQ,IA,ACE,CE,Federal Contract Tower,0,15,15,0,30,0,0,63,0,63,0,15,78,0,93,88,0,88,181
07/16/2011,DBQ,IA,ACE,CE,Federal Contract Tower,0,3,10,0,13,0,0,4,0,4,0,3,14,0,17,0,0,0,17
07/17/2011,DBQ,IA,ACE,CE,Federal Contract Tower,0,5,5,0,10,0,0,26,0,26,0,5,31,0,36,0,0,0,36
07/18/2011,DBQ,IA,ACE,CE,Federal Contract Tower,0,10,13,0,23,0,0,28,0,28,0,10,41,0,51,58,0,58,109
07/19/2011,DBQ,IA,ACE,CE,Federal Contract Tower,0,14,17,0,31,0,0,42,0,42,0,14,59,0,73,6,0,6,79
07/20/2011,DBQ,IA,ACE,CE,Federal Contract Tower,0,10,12,0,22,0,0,52,0,52,0,10,64,0,74,56,0,56,130
07/21/2011,DBQ,IA,ACE,CE,Federal Contract Tower,0,10,25,0,35,0,0,85,0,85,0,10,110,0,120,16,0,16,136
07/22/2011,DBQ,IA,ACE,CE,Federal Contract Tower,0,13,9,0,22,0,0,128,0,128,0,13,137,0,150,24,0,24,174
07/23/2011,DBQ,IA,ACE,CE,Federal Contract Tower,0,1,5,0,6,0,0,143,0,143,0,1,148,0,149,18,0,18,167
07/24/2011,DBQ,IA,ACE,CE,Federal Contract Tower,0,4,16,0,20,0,0,73,0,73,0,4,89,0,93,0,0,0,93
07/25/2011,DBQ,IA,ACE,CE,Federal Contract Tower,0,11,22,0,33,0,0,90,0,90,0,11,112,0,123,38,0,38,161
07/26/2011,DBQ,IA,ACE,CE,Federal Contract Tower,0,8,14,0,22,0,0,67,0,67,0,8,81,0,89,22,0,22,111
07/27/2011,DBQ,IA,ACE,CE,Federal Contract Tower,0,8,21,0,29,0,0,38,0,38,0,8,59,0,67,42,0,42,109
07/28/2011,DBQ,IA,ACE,CE,Federal Contract Tower,0,6,18,0,24,0,0,43,0,43,0,6,61,0,67,4,0,4,71
07/29/2011,DBQ,IA,ACE,CE,Federal Contract Tower,0,5,19,0,24,0,0,53,0,53,0,5,72,0,77,20,0,20,97
07/30/2011,DBQ,IA,ACE,CE,Federal Contract Tower,0,2,8,0,10,0,0,31,0,31,0,2,39,0,41,26,0,26,67
07/31/2011,DBQ,IA,ACE,CE,Federal Contract Tower,0,6,14,0,20,0,0,34,0,34,0,6,48,0,54,4,0,4,58
08/01/2011,DBQ,IA,ACE,CE,Federal Contract Tower,0,7,14,0,21,0,0,50,0,50,0,7,64,0,71,58,0,58,129
08/02/2011,DBQ,IA,ACE,CE,Federal Contract Tower,0,9,17,0,26,0,0,57,0,57,0,9,74,0,83,50,0,50,133
08/03/2011,DBQ,IA,ACE,CE,Federal Contract Tower,0,9,18,0,27,0,0,36,0,36,0,9,54,0,63,32,0,32,95
08/04/2011,DBQ,IA,ACE,CE,Federal Contract Tower,0,10,15,2,27,0,0,59,0,59,0,10,74,2,86,26,0,26,112
08/05/2011,DBQ,IA,ACE,CE,Federal Contract Tower,0,6,12,0,18,0,0,46,0,46,0,6,58,0,64,46,0,46,110
08/06/2011,DBQ,IA,ACE,CE,Federal Contract Tower,0,6,14,8,28,0,0,41,0,41,0,6,55,8,69,26,0,26,95
08/07/2011,DBQ,IA,ACE,CE,Federal Contract Tower,0,7,9,0,16,0,0,9,0,9,0,7,18,0,25,2,0,2,27
08/08/2011,DBQ,IA,ACE,CE,Federal Contract Tower,0,8,24,0,32,0,0,17,0,17,0,8,41,0,49,0,0,0,49
08/09/2011,DBQ,IA,ACE,CE,Federal Contract Tower,0,8,13,0,21,0,1,53,0,54,0,9,66,0,75,36,0,36,111
08/10/2011,DBQ,IA,ACE,CE,Federal Contract Tower,0,10,22,0,32,0,0,67,0,67,0,10,89,0,99,99,0,99,198
08/11/2011,DBQ,IA,ACE,CE,Federal Contract Tower,0,9,11,0,20,0,0,70,0,70,0,9,81,0,90,70,0,70,160
08/12/2011,DBQ,IA,ACE,CE,Federal Contract Tower,0,8,6,4,18,0,0,34,3,37,0,8,40,7,55,34,0,34,89
08/13/2011,DBQ,IA,ACE,CE,Federal Contract Tower,0,2,1,0,3,0,0,11,3,14,0,2,12,3,17,4,0,4,21
08/14/2011,DBQ,IA,ACE,CE,Federal Contract Tower,0,6,20,2,28,0,0,34,0,34,0,6,54,2,62,2,0,2,64
08/15/2011,DBQ,IA,ACE,CE,Federal Contract Tower,0,8,24,0,32,0,0,17,14,31,0,8,41,14,63,16,6,22,85
08/16/2011,DBQ,IA,ACE,CE,Federal Contract Tower,0,9,15,0,24,0,0,1,13,14,0,9,16,13,38,10,0,10,48
08/17/2011,DBQ,IA,ACE,CE,Federal Contract Tower,0,7,22,2,31,0,0,40,5,45,0,7,62,7,76,64,4,68,144
08/18/2011,DBQ,IA,ACE,CE,Federal Contract Tower,0,7,17,5,29,0,0,21,4,25,0,7,38,9,54,24,0,24,78
08/19/2011,DBQ,IA,ACE,CE,Federal Contract Tower,0,10,12,0,22,0,0,26,0,26,0,10,38,0,48,16,0,16,64
08/20/2011,DBQ,IA,ACE,CE,Federal Contract Tower,0,3,11,0,14,0,0,21,0,21,0,3,32,0,35,26,0,26,61
08/21/2011,DBQ,IA,ACE,CE,Federal Contract Tower,0,5,14,0,19,0,0,17,2,19,0,5,31,2,38,12,0,12,50
08/22/2011,DBQ,IA,ACE,CE,Federal Contract Tower,0,11,15,0,26,0,0,41,0,41,0,11,56,0,67,36,0,36,103
08/23/2011,DBQ,IA,ACE,CE,Federal Contract Tower,0,9,12,0,21,0,2,4,0,6,0,11,16,0,27,6,0,6,33
08/24/2011,DBQ,IA,ACE,CE,Federal Contract Tower,0,8,18,0,26,0,0,50,1,51,0,8,68,1,77,24,0,24,101
08/25/2011,DBQ,IA,ACE,CE,Federal Contract Tower,0,7,22,0,29,0,0,66,0,66,0,7,88,0,95,34,0,34,129
08/26/2011,DBQ,IA,ACE,CE,Federal Contract Tower,0,8,12,0,20,0,0,51,0,51,0,8,63,0,71,76,0,76,147
08/27/2011,DBQ,IA,ACE,CE,Federal Contract Tower,0,4,11,0,15,0,4,34,0,38,0,8,45,0,53,40,0,40,93
08/28/2011,DBQ,IA,ACE,CE,Federal Contract Tower,0,5,7,0,12,0,0,43,0,43,0,5,50,0,55,10,2,12,67
08/29/2011,DBQ,IA,ACE,CE,Federal Contract Tower,0,6,11,0,17,0,0,61,0,61,0,6,72,0,78,110,0,110,188
08/30/2011,DBQ,IA,ACE,CE,Federal Contract Tower,0,7,10,0,17,0,0,42,0,42,0,7,52,0,59,72,0,72,131
08/31/2011,DBQ,IA,ACE,CE,Federal Contract Tower,0,11,27,0,38,0,0,97,0,97,0,11,124,0,135,162,0,162,297
09/01/2011,DBQ,IA,ACE,CE,Federal Contract Tower,0,1,4,0,5,0,0,1,0,1,0,1,5,0,6,2,0,2,8
09/02/2011,DBQ,IA,ACE,CE,Federal Contract Tower,0,10,6,0,16,0,0,58,0,58,0,10,64,0,74,88,0,88,162
09/03/2011,DBQ,IA,ACE,CE,Federal Contract Tower,0,5,2,0,7,0,0,0,0,0,0,5,2,0,7,0,0,0,7
09/04/2011,DBQ,IA,ACE,CE,Federal Contract Tower,0,3,5,0,8,0,2,15,0,17,0,5,20,0,25,4,0,4,29
09/05/2011,DBQ,IA,ACE,CE,Federal Contract Tower,0,7,7,0,14,0,0,39,0,39,0,7,46,0,53,48,0,48,101
09/06/2011,DBQ,IA,ACE,CE,Federal Contract Tower,0,8,17,0,25,0,0,107,1,108,0,8,124,1,133,44,0,44,177
09/07/2011,DBQ,IA,ACE,CE,Federal Contract Tower,0,8,13,0,21,0,0,106,2,108,0,8,119,2,129,82,0,82,211
09/08/2011,DBQ,IA,ACE,CE,Federal Contract Tower,0,8,31,0,39,0,0,93,0,93,0,8,124,0,132,100,2,102,234
09/09/2011,DBQ,IA,ACE,CE,Federal Contract Tower,0,9,23,0,32,0,0,115,0,115,0,9,138,0,147,120,0,120,267
09/10/2011,DBQ,IA,ACE,CE,Federal Contract Tower,0,7,11,0,18,0,1,73,0,74,0,8,84,0,92,40,0,40,132
09/11/2011,DBQ,IA,ACE,CE,Federal Contract Tower,2,5,9,0,16,0,0,215,0,215,2,5,224,0,231,46,0,46,277
09/12/2011,DBQ,IA,ACE,CE,Federal Contract Tower,0,9,13,0,22,0,0,82,0,82,0,9,95,0,104,108,0,108,212
09/13/2011,DBQ,IA,ACE,CE,Federal Contract Tower,0,8,15,0,23,0,0,109,0,109,0,8,124,0,132,100,0,100,232
09/14/2011,DBQ,IA,ACE,CE,Federal Contract Tower,0,10,19,0,29,0,0,118,0,118,0,10,137,0,147,166,0,166,313
09/15/2011,DBQ,IA,ACE,CE,Federal Contract Tower,2,9,16,0,27,0,0,116,0,116,2,9,132,0,143,146,0,146,289
09/16/2011,DBQ,IA,ACE,CE,Federal Contract Tower,0,7,18,0,25,0,0,69,0,69,0,7,87,0,94,88,0,88,182
09/17/2011,DBQ,IA,ACE,CE,Federal Contract Tower,0,3,25,0,28,0,0,77,0,77,0,3,102,0,105,108,0,108,213
09/18/2011,DBQ,IA,ACE,CE,Federal Contract Tower,0,3,18,0,21,0,0,0,0,0,0,3,18,0,21,0,0,0,21
09/19/2011,DBQ,IA,ACE,CE,Federal Contract Tower,0,7,18,0,25,0,0,54,0,54,0,7,72,0,79,122,0,122,201
09/20/2011,DBQ,IA,ACE,CE,Federal Contract Tower,0,7,12,0,19,0,0,53,0,53,0,7,65,0,72,96,0,96,168
09/21/2011,DBQ,IA,ACE,CE,Federal Contract Tower,0,7,19,0,26,0,0,92,0,92,0,7,111,0,118,58,0,58,176
09/22/2011,DBQ,IA,ACE,CE,Federal Contract Tower,0,8,23,0,31,0,0,44,0,44,0,8,67,0,75,148,0,148,223
09/23/2011,DBQ,IA,ACE,CE,Federal Contract Tower,0,7,16,0,23,0,1,90,0,91,0,8,106,0,114,138,0,138,252
09/24/2011,DBQ,IA,ACE,CE,Federal Contract Tower,0,2,21,0,23,0,0,40,0,40,0,2,61,0,63,32,0,32,95
09/25/2011,DBQ,IA,ACE,CE,Federal Contract Tower,0,3,26,0,29,0,0,0,0,0,0,3,26,0,29,0,0,0,29
09/26/2011,DBQ,IA,ACE,CE,Federal Contract Tower,1,8,8,0,17,0,0,0,0,0,1,8,8,0,17,0,0,0,17
09/27/2011,DBQ,IA,ACE,CE,Federal Contract Tower,1,8,26,0,35,0,0,38,0,38,1,8,64,0,73,100,0,100,173
09/28/2011,DBQ,IA,ACE,CE,Federal Contract Tower,0,9,27,1,37,0,0,85,0,85,0,9,112,1,122,98,0,98,220
09/29/2011,DBQ,IA,ACE,CE,Federal Contract Tower,0,12,12,5,29,0,0,36,0,36,0,12,48,5,65,52,0,52,117
09/30/2011,DBQ,IA,ACE,CE,Federal Contract Tower,0,8,10,0,18,0,0,101,0,101,0,8,111,0,119,142,0,142,261
10/01/2011,DBQ,IA,ACE,CE,Federal Contract Tower,0,4,8,0,12,0,0,76,0,76,0,4,84,0,88,92,0,92,180
10/02/2011,DBQ,IA,ACE,CE,Federal Contract Tower,0,5,10,0,15,0,0,33,0,33,0,5,43,0,48,14,0,14,62
10/03/2011,DBQ,IA,ACE,CE,Federal Contract Tower,0,6,14,2,22,0,0,0,0,0,0,6,14,2,22,202,0,202,224
10/04/2011,DBQ,IA,ACE,CE,Federal Contract Tower,0,9,21,0,30,0,0,101,0,101,0,9,122,0,131,126,0,126,257
10/05/2011,DBQ,IA,ACE,CE,Federal Contract Tower,0,7,17,0,24,0,0,112,0,112,0,7,129,0,136,150,0,150,286
10/06/2011,DBQ,IA,ACE,CE,Federal Contract Tower,0,9,20,0,29,0,0,115,0,115,0,9,135,0,144,156,0,156,300
10/07/2011,DBQ,IA,ACE,CE,Federal Contract Tower,0,8,17,0,25,0,0,71,0,71,0,8,88,0,96,102,0,102,198
10/08/2011,DBQ,IA,ACE,CE,Federal Contract Tower,0,3,11,0,14,0,0,53,0,53,0,3,64,0,67,110,0,110,177
10/09/2011,DBQ,IA,ACE,CE,Federal Contract Tower,0,5,8,0,13,0,0,47,0,47,0,5,55,0,60,18,0,18,78
10/10/2011,DBQ,IA,ACE,CE,Federal Contract Tower,0,7,13,0,20,0,0,120,0,120,0,7,133,0,140,148,0,148,288
10/11/2011,DBQ,IA,ACE,CE,Federal Contract Tower,0,11,16,0,27,0,1,47,0,48,0,12,63,0,75,144,0,144,219
10/12/2011,DBQ,IA,ACE,CE,Federal Contract Tower,0,8,14,2,24,0,0,17,0,17,0,8,31,2,41,54,0,54,95
10/13/2011,DBQ,IA,ACE,CE,Federal Contract Tower,0,11,23,2,36,0,0,32,0,32,0,11,55,2,68,96,0,96,164
10/14/2011,DBQ,IA,ACE,CE,Federal Contract Tower,0,11,23,0,34,0,1,30,0,31,0,12,53,0,65,58,0,58,123
10/15/2011,DBQ,IA,ACE,CE,Federal Contract Tower,0,4,8,0,12,0,0,82,0,82,0,4,90,0,94,84,0,84,178
10/16/2011,DBQ,IA,ACE,CE,Federal Contract Tower,0,5,17,0,22,0,0,29,0,29,0,5,46,0,51,4,0,4,55
10/17/2011,DBQ,IA,ACE,CE,Federal Contract Tower,0,8,10,1,19,0,0,77,1,78,0,8,87,2,97,176,0,176,273
10/18/2011,DBQ,IA,ACE,CE,Federal Contract Tower,0,8,14,0,22,0,0,93,0,93,0,8,107,0,115,192,0,192,307
10/19/2011,DBQ,IA,ACE,CE,Federal Contract Tower,0,10,16,0,26,0,5,37,0,42,0,15,53,0,68,128,0,128,196
10/20/2011,DBQ,IA,ACE,CE,Federal Contract Tower,0,7,18,0,25,0,0,87,0,87,0,7,105,0,112,236,0,236,348
10/21/2011,DBQ,IA,ACE,CE,Federal Contract Tower,0,6,24,0,30,0,1,118,0,119,0,7,142,0,149,180,0,180,329
10/22/2011,DBQ,IA,ACE,CE,Federal Contract Tower,0,3,8,0,11,0,0,68,0,68,0,3,76,0,79,0,116,116,195
10/23/2011,DBQ,IA,ACE,CE,Federal Contract Tower,0,5,6,0,11,0,0,30,0,30,0,5,36,0,41,18,0,18,59
10/24/2011,DBQ,IA,ACE,CE,Federal Contract Tower,0,7,24,0,31,0,0,78,0,78,0,7,102,0,109,200,0,200,309
10/25/2011,DBQ,IA,ACE,CE,Federal Contract Tower,0,8,13,0,21,0,0,107,0,107,0,8,120,0,128,180,0,180,308
10/26/2011,DBQ,IA,ACE,CE,Federal Contract Tower,0,7,31,6,44,0,0,7,0,7,0,7,38,6,51,20,0,20,71
10/27/2011,DBQ,IA,ACE,CE,Federal Contract Tower,0,10,16,0,26,0,0,99,0,99,0,10,115,0,125,216,0,216,341
10/28/2011,DBQ,IA,ACE,CE,Federal Contract Tower,0,8,8,2,18,0,0,91,0,91,0,8,99,2,109,229,0,229,338
10/29/2011,DBQ,IA,ACE,CE,Federal Contract Tower,0,4,13,0,17,0,0,98,0,98,0,4,111,0,115,92,0,92,207
10/30/2011,DBQ,IA,ACE,CE,Federal Contract Tower,0,6,4,0,10,0,0,5,0,5,0,6,9,0,15,2,0,2,17
10/31/2011,DBQ,IA,ACE,CE,Federal Contract Tower,0,8,13,0,21,0,0,75,0,75,0,8,88,0,96,154,0,154,250
11/01/2011,DBQ,IA,ACE,CE,Federal Contract Tower,0,8,14,0,22,0,0,63,1,64,0,8,77,1,86,120,0,120,206
11/02/2011,DBQ,IA,ACE,CE,Federal Contract Tower,0,10,18,0,28,0,0,0,0,0,0,10,18,0,28,50,0,50,78
11/03/2011,DBQ,IA,ACE,CE,Federal Contract Tower,0,13,22,0,35,0,0,87,0,87,0,13,109,0,122,100,0,100,222
11/04/2011,DBQ,IA,ACE,CE,Federal Contract Tower,0,9,231,0,240,0,0,118,0,118,0,9,349,0,358,216,0,216,574
11/05/2011,DBQ,IA,ACE,CE,Federal Contract Tower,0,3,18,2,23,0,0,53,0,53,0,3,71,2,76,0,0,0,76
11/06/2011,DBQ,IA,ACE,CE,Federal Contract Tower,0,5,11,0,16,0,0,3,0,3,0,5,14,0,19,0,0,0,19
11/07/2011,DBQ,IA,ACE,CE,Federal Contract Tower,0,10,12,0,22,0,0,120,0,120,0,10,132,0,142,156,0,156,298
11/08/2011,DBQ,IA,ACE,CE,Federal Contract Tower,1,5,5,0,11,0,0,0,0,0,1,5,5,0,11,0,0,0,11
11/09/2011,DBQ,IA,ACE,CE,Federal Contract Tower,0,8,12,0,20,0,0,3,0,3,0,8,15,0,23,0,0,0,23
11/10/2011,DBQ,IA,ACE,CE,Federal Contract Tower,0,7,14,0,21,0,0,96,0,96,0,7,110,0,117,198,0,198,315
11/11/2011,DBQ,IA,ACE,CE,Federal Contract Tower,0,10,23,0,33,0,0,107,0,107,0,10,130,0,140,102,0,102,242
11/12/2011,DBQ,IA,ACE,CE,Federal Contract Tower,0,3,17,0,20,0,0,97,0,97,0,3,114,0,117,100,0,100,217
11/13/2011,DBQ,IA,ACE,CE,Federal Contract Tower,0,5,7,0,12,0,0,1,0,1,0,5,8,0,13,0,0,0,13
11/14/2011,DBQ,IA,ACE,CE,Federal Contract Tower,0,7,17,0,24,0,0,90,0,90,0,7,107,0,114,154,0,154,268
11/15/2011,DBQ,IA,ACE,CE,Federal Contract Tower,0,11,16,0,27,0,0,94,0,94,0,11,110,0,121,164,0,164,285
11/16/2011,DBQ,IA,ACE,CE,Federal Contract Tower,2,10,27,0,39,0,0,104,0,104,2,10,131,0,143,138,0,138,281
11/17/2011,DBQ,IA,ACE,CE,Federal Contract Tower,0,8,9,0,17,0,0,62,0,62,0,8,71,0,79,168,0,168,247
11/18/2011,DBQ,IA,ACE,CE,Federal Contract Tower,0,9,8,0,17,0,0,6,0,6,0,9,14,0,23,16,0,16,39
11/19/2011,DBQ,IA,ACE,CE,Federal Contract Tower,0,5,10,0,15,0,0,16,0,16,0,5,26,0,31,20,0,20,51
11/20/2011,DBQ,IA,ACE,CE,Federal Contract Tower,0,3,10,0,13,0,0,12,0,12,0,3,22,0,25,8,0,8,33
11/21/2011,DBQ,IA,ACE,CE,Federal Contract Tower,0,7,15,0,22,0,0,39,0,39,0,7,54,0,61,34,0,34,95
11/22/2011,DBQ,IA,ACE,CE,Federal Contract Tower,0,3,22,0,25,0,0,3,0,3,0,3,25,0,28,12,0,12,40
11/23/2011,DBQ,IA,ACE,CE,Federal Contract Tower,0,7,14,0,21,0,0,17,0,17,0,7,31,0,38,8,4,12,50
11/24/2011,DBQ,IA,ACE,CE,Federal Contract Tower,0,4,0,0,4,0,0,3,0,3,0,4,3,0,7,0,0,0,7
11/25/2011,DBQ,IA,ACE,CE,Federal Contract Tower,0,5,12,0,17,0,0,9,2,11,0,5,21,2,28,4,0,4,32
11/26/2011,DBQ,IA,ACE,CE,Federal Contract Tower,0,4,8,1,13,0,0,0,0,0,0,4,8,1,13,0,0,0,13
11/27/2011,DBQ,IA,ACE,CE,Federal Contract Tower,0,7,0,0,7,0,0,0,0,0,0,7,0,0,7,0,0,0,7
11/28/2011,DBQ,IA,ACE,CE,Federal Contract Tower,0,14,2,0,16,0,0,30,0,30,0,14,32,0,46,104,0,104,150
11/29/2011,DBQ,IA,ACE,CE,Federal Contract Tower,0,11,7,0,18,0,0,56,7,63,0,11,63,7,81,142,0,142,223
11/30/2011,DBQ,IA,ACE,CE,Federal Contract Tower,0,5,22,0,27,0,6,96,0,102,0,11,118,0,129,110,0,110,239
12/01/2011,DBQ,IA,ACE,CE,Federal Contract Tower,0,5,15,0,20,0,0,85,0,85,0,5,100,0,105,196,0,196,301
12/02/2011,DBQ,IA,ACE,CE,Federal Contract Tower,0,13,22,0,35,0,0,117,0,117,0,13,139,0,152,130,0,130,282
12/03/2011,DBQ,IA,ACE,CE,Federal Contract Tower,0,3,3,0,6,0,0,0,0,0,0,3,3,0,6,0,0,0,6
12/04/2011,DBQ,IA,ACE,CE,Federal Contract Tower,0,4,10,0,14,0,0,1,0,1,0,4,11,0,15,0,0,0,15
12/05/2011,DBQ,IA,ACE,CE,Federal Contract Tower,0,7,16,0,23,0,0,1,0,1,0,7,17,0,24,0,0,0,24
12/06/2011,DBQ,IA,ACE,CE,Federal Contract Tower,0,7,14,0,21,0,0,15,0,15,0,7,29,0,36,76,0,76,112
12/07/2011,DBQ,IA,ACE,CE,Federal Contract Tower,0,5,19,0,24,0,0,102,0,102,0,5,121,0,126,150,0,150,276
12/08/2011,DBQ,IA,ACE,CE,Federal Contract Tower,0,5,10,0,15,0,0,89,1,90,0,5,99,1,105,218,0,218,323
12/09/2011,DBQ,IA,ACE,CE,Federal Contract Tower,0,5,17,0,22,0,0,71,0,71,0,5,88,0,93,114,0,114,207
12/10/2011,DBQ,IA,ACE,CE,Federal Contract Tower,0,3,18,0,21,0,0,4,0,4,0,3,22,0,25,80,0,80,105
12/11/2011,DBQ,IA,ACE,CE,Federal Contract Tower,0,9,5,0,14,0,0,13,0,13,0,9,18,0,27,26,0,26,53
12/12/2011,DBQ,IA,ACE,CE,Federal Contract Tower,0,7,12,0,19,0,0,45,0,45,0,7,57,0,64,64,0,64,128
12/13/2011,DBQ,IA,ACE,CE,Federal Contract Tower,0,7,10,0,17,0,0,37,0,37,0,7,47,0,54,114,0,114,168
12/14/2011,DBQ,IA,ACE,CE,Federal Contract Tower,0,2,6,0,8,0,0,0,0,0,0,2,6,0,8,0,0,0,8
12/15/2011,DBQ,IA,ACE,CE,Federal Contract Tower,0,5,20,0,25,0,0,7,0,7,0,5,27,0,32,2,0,2,34
12/16/2011,DBQ,IA,ACE,CE,Federal Contract Tower,0,5,21,0,26,0,0,43,0,43,0,5,64,0,69,32,0,32,101
12/17/2011,DBQ,IA,ACE,CE,Federal Contract Tower,0,6,4,0,10,0,0,12,0,12,0,6,16,0,22,4,0,4,26
12/18/2011,DBQ,IA,ACE,CE,Federal Contract Tower,0,7,6,0,13,0,0,28,0,28,0,7,34,0,41,12,0,12,53
12/19/2011,DBQ,IA,ACE,CE,Federal Contract Tower,0,6,16,0,22,0,0,25,0,25,0,6,41,0,47,74,0,74,121
12/20/2011,DBQ,IA,ACE,CE,Federal Contract Tower,0,11,10,0,21,0,1,13,0,14,0,12,23,0,35,26,0,26,61
12/21/2011,DBQ,IA,ACE,CE,Federal Contract Tower,0,7,19,4,30,0,0,7,0,7,0,7,26,4,37,12,0,12,49
12/22/2011,DBQ,IA,ACE,CE,Federal Contract Tower,0,5,17,0,22,0,0,7,0,7,0,5,24,0,29,14,0,14,43
12/23/2011,DBQ,IA,ACE,CE,Federal Contract Tower,0,5,12,0,17,0,0,9,0,9,0,5,21,0,26,0,0,0,26
12/24/2011,DBQ,IA,ACE,CE,Federal Contract Tower,0,3,1,0,4,0,0,21,0,21,0,3,22,0,25,6,8,14,39
12/25/2011,DBQ,IA,ACE,CE,Federal Contract Tower,0,6,0,0,6,0,0,9,0,9,0,6,9,0,15,0,0,0,15
12/26/2011,DBQ,IA,ACE,CE,Federal Contract Tower,0,8,9,0,17,0,0,12,0,12,0,8,21,0,29,8,0,8,37
12/27/2011,DBQ,IA,ACE,CE,Federal Contract Tower,0,7,14,0,21,0,0,17,0,17,0,7,31,0,38,20,0,20,58
12/28/2011,DBQ,IA,ACE,CE,Federal Contract Tower,0,5,16,0,21,0,0,21,0,21,0,5,37,0,42,28,0,28,70
12/29/2011,DBQ,IA,ACE,CE,Federal Contract Tower,0,5,7,0,12,0,0,24,0,24,0,5,31,0,36,32,0,32,68
12/30/2011,DBQ,IA,ACE,CE,Federal Contract Tower,0,7,0,0,7,0,0,0,0,0,0,7,0,0,7,0,0,0,7
12/31/2011,DBQ,IA,ACE,CE,Federal Contract Tower,0,2,2,0,4,0,0,1,0,1,0,2,3,0,5,0,0,0,5
01/01/2012,DBQ,IA,ACE,CE,Federal Contract Tower,0,3,2,0,5,0,0,2,0,2,0,3,4,0,7,0,0,0,7
01/02/2012,DBQ,IA,ACE,CE,Federal Contract Tower,0,6,5,0,11,0,0,3,0,3,0,6,8,0,14,0,0,0,14
01/03/2012,DBQ,IA,ACE,CE,Federal Contract Tower,0,8,3,0,11,0,0,33,0,33,0,8,36,0,44,58,0,58,102
01/04/2012,DBQ,IA,ACE,CE,Federal Contract Tower,0,6,18,0,24,0,0,68,2,70,0,6,86,2,94,78,0,78,172
01/05/2012,DBQ,IA,ACE,CE,Federal Contract Tower,0,5,17,0,22,0,0,57,0,57,0,5,74,0,79,64,0,64,143
01/06/2012,DBQ,IA,ACE,CE,Federal Contract Tower,0,9,12,0,21,0,0,68,0,68,0,9,80,0,89,106,0,106,195
01/07/2012,DBQ,IA,ACE,CE,Federal Contract Tower,0,4,5,1,10,0,0,48,1,49,0,4,53,2,59,28,0,28,87
01/08/2012,DBQ,IA,ACE,CE,Federal Contract Tower,0,5,7,0,12,0,0,22,0,22,0,5,29,0,34,4,0,4,38
01/09/2012,DBQ,IA,ACE,CE,Federal Contract Tower,0,5,7,0,12,0,0,29,0,29,0,5,36,0,41,46,0,46,87
01/10/2012,DBQ,IA,ACE,CE,Federal Contract Tower,0,6,24,2,32,0,0,66,2,68,0,6,90,4,100,112,0,112,212
01/11/2012,DBQ,IA,ACE,CE,Federal Contract Tower,0,7,23,0,30,0,0,51,0,51,0,7,74,0,81,86,0,86,167
01/12/2012,DBQ,IA,ACE,CE,Federal Contract Tower,0,4,8,0,12,0,0,0,0,0,0,4,8,0,12,0,0,0,12
01/13/2012,DBQ,IA,ACE,CE,Federal Contract Tower,0,5,5,0,10,0,0,9,0,9,0,5,14,0,19,22,0,22,41
01/14/2012,DBQ,IA,ACE,CE,Federal Contract Tower,2,4,6,0,12,0,0,19,0,19,2,4,25,0,31,12,0,12,43
01/15/2012,DBQ,IA,ACE,CE,Federal Contract Tower,0,5,7,0,12,0,0,15,0,15,0,5,22,0,27,6,0,6,33
01/16/2012,DBQ,IA,ACE,CE,Federal Contract Tower,0,5,9,0,14,0,0,41,0,41,0,5,50,0,55,72,0,72,127
01/17/2012,DBQ,IA,ACE,CE,Federal Contract Tower,0,5,11,0,16,0,0,0,0,0,0,5,11,0,16,0,0,0,16
01/18/2012,DBQ,IA,ACE,CE,Federal Contract Tower,0,5,22,0,27,0,0,34,0,34,0,5,56,0,61,36,0,36,97
01/19/2012,DBQ,IA,ACE,CE,Federal Contract Tower,0,6,16,0,22,0,1,41,0,42,0,7,57,0,64,28,0,28,92
01/20/2012,DBQ,IA,ACE,CE,Federal Contract Tower,0,6,5,0,11,0,0,0,0,0,0,6,5,0,11,0,0,0,11
01/21/2012,DBQ,IA,ACE,CE,Federal Contract Tower,0,4,9,0,13,0,0,1,0,1,0,4,10,0,14,12,0,12,26
01/22/2012,DBQ,IA,ACE,CE,Federal Contract Tower,0,1,1,0,2,0,0,0,0,0,0,1,1,0,2,0,0,0,2
01/23/2012,DBQ,IA,ACE,CE,Federal Contract Tower,0,8,3,0,11,0,0,0,0,0,0,8,3,0,11,0,0,0,11
01/24/2012,DBQ,IA,ACE,CE,Federal Contract Tower,0,8,20,2,30,0,0,73,0,73,0,8,93,2,103,112,0,112,215
01/25/2012,DBQ,IA,ACE,CE,Federal Contract Tower,0,6,20,0,26,0,0,77,0,77,0,6,97,0,103,122,0,122,225
01/26/2012,DBQ,IA,ACE,CE,Federal Contract Tower,0,10,11,0,21,0,0,0,0,0,0,10,11,0,21,0,0,0,21
01/27/2012,DBQ,IA,ACE,CE,Federal Contract Tower,0,6,12,0,18,0,0,99,0,99,0,6,111,0,117,80,0,80,197
01/28/2012,DBQ,IA,ACE,CE,Federal Contract Tower,0,4,6,0,10,0,0,39,0,39,0,4,45,0,49,94,0,94,143
01/29/2012,DBQ,IA,ACE,CE,Federal Contract Tower,0,3,7,0,10,0,0,22,0,22,0,3,29,0,32,12,0,12,44
01/30/2012,DBQ,IA,ACE,CE,Federal Contract Tower,0,6,16,0,22,0,0,59,0,59,0,6,75,0,81,116,0,116,197
01/31/2012,DBQ,IA,ACE,CE,Federal Contract Tower,0,5,17,0,22,0,0,108,0,108,0,5,125,0,130,178,0,178,308
02/01/2012,DBQ,IA,ACE,CE,Federal Contract Tower,0,7,8,0,15,0,0,0,0,0,0,7,8,0,15,2,0,2,17
02/02/2012,DBQ,IA,ACE,CE,Federal Contract Tower,0,1,10,0,11,0,0,7,0,7,0,1,17,0,18,0,0,0,18
02/03/2012,DBQ,IA,ACE,CE,Federal Contract Tower,0,3,8,0,11,0,0,0,0,0,0,3,8,0,11,0,0,0,11
02/04/2012,DBQ,IA,ACE,CE,Federal Contract Tower,0,6,6,0,12,0,0,23,0,23,0,6,29,0,35,54,0,54,89
02/05/2012,DBQ,IA,ACE,CE,Federal Contract Tower,0,5,11,0,16,0,1,3,0,4,0,6,14,0,20,0,0,0,20
02/06/2012,DBQ,IA,ACE,CE,Federal Contract Tower,0,6,18,0,24,0,0,0,0,0,0,6,18,0,24,0,0,0,24
02/07/2012,DBQ,IA,ACE,CE,Federal Contract Tower,0,5,17,1,23,0,0,10,1,11,0,5,27,2,34,12,0,12,46
02/08/2012,DBQ,IA,ACE,CE,Federal Contract Tower,0,6,12,0,18,0,0,141,0,141,0,6,153,0,159,136,0,136,295
02/09/2012,DBQ,IA,ACE,CE,Federal Contract Tower,0,7,26,0,33,0,0,54,0,54,0,7,80,0,87,130,0,130,217
02/10/2012,DBQ,IA,ACE,CE,Federal Contract Tower,0,5,23,0,28,0,0,0,0,0,0,5,23,0,28,22,0,22,50
02/11/2012,DBQ,IA,ACE,CE,Federal Contract Tower,0,4,8,0,12,0,0,47,0,47,0,4,55,0,59,116,0,116,175
02/12/2012,DBQ,IA,ACE,CE,Federal Contract Tower,0,3,14,0,17,0,0,39,0,39,0,3,53,0,56,40,0,40,96
02/13/2012,DBQ,IA,ACE,CE,Federal Contract Tower,0,7,13,0,20,0,0,18,0,18,0,7,31,0,38,0,0,0,38
02/14/2012,DBQ,IA,ACE,CE,Federal Contract Tower,0,7,7,0,14,0,0,3,0,3,0,7,10,0,17,62,0,62,79
02/15/2012,DBQ,IA,ACE,CE,Federal Contract Tower,0,8,30,2,40,0,0,26,0,26,0,8,56,2,66,2,0,2,68
02/16/2012,DBQ,IA,ACE,CE,Federal Contract Tower,0,6,8,0,14,0,0,109,0,109,0,6,117,0,123,182,0,182,305
02/17/2012,DBQ,IA,ACE,CE,Federal Contract Tower,0,5,21,2,28,0,0,104,0,104,0,5,125,2,132,128,0,128,260
02/18/2012,DBQ,IA,ACE,CE,Federal Contract Tower,0,4,8,0,12,0,0,94,0,94,0,4,102,0,106,98,0,98,204
02/19/2012,DBQ,IA,ACE,CE,Federal Contract Tower,0,4,8,0,12,0,0,15,0,15,0,4,23,0,27,11,0,11,38
02/20/2012,DBQ,IA,ACE,CE,Federal Contract Tower,0,5,16,0,21,0,0,18,0,18,0,5,34,0,39,14,0,14,53
02/21/2012,DBQ,IA,ACE,CE,Federal Contract Tower,0,5,8,0,13,0,0,5,0,5,0,5,13,0,18,0,0,0,18
02/22/2012,DBQ,IA,ACE,CE,Federal Contract Tower,0,7,25,0,32,0,0,54,0,54,0,7,79,0,86,58,0,58,144
02/23/2012,DBQ,IA,ACE,CE,Federal Contract Tower,0,10,7,1,18,0,0,1,0,1,0,10,8,1,19,2,0,2,21
02/24/2012,DBQ,IA,ACE,CE,Federal Contract Tower,0,8,5,0,13,0,0,5,0,5,0,8,10,0,18,18,0,18,36
02/25/2012,DBQ,IA,ACE,CE,Federal Contract Tower,0,6,1,0,7,0,0,66,0,66,0,6,67,0,73,112,0,112,185
02/26/2012,DBQ,IA,ACE,CE,Federal Contract Tower,0,3,4,0,7,0,0,11,0,11,0,3,15,0,18,20,0,20,38
02/27/2012,DBQ,IA,ACE,CE,Federal Contract Tower,0,5,24,0,29,0,0,65,0,65,0,5,89,0,94,206,0,206,300
02/28/2012,DBQ,IA,ACE,CE,Federal Contract Tower,0,5,2,0,7,0,0,20,0,20,0,5,22,0,27,28,0,28,55
02/29/2012,DBQ,IA,ACE,CE,Federal Contract Tower,2,7,3,0,12,0,0,0,0,0,2,7,3,0,12,0,0,0,12
03/01/2012,DBQ,IA,ACE,CE,Federal Contract Tower,0,7,16,0,23,0,0,25,0,25,0,7,41,0,48,122,0,122,170
03/02/2012,DBQ,IA,ACE,CE,Federal Contract Tower,0,4,11,0,15,0,0,0,0,0,0,4,11,0,15,0,0,0,15
03/03/2012,DBQ,IA,ACE,CE,Federal Contract Tower,0,6,1,0,7,0,0,4,0,4,0,6,5,0,11,0,0,0,11
03/04/2012,DBQ,IA,ACE,CE,Federal Contract Tower,0,4,6,0,10,0,0,11,0,11,0,4,17,0,21,6,0,6,27
03/05/2012,DBQ,IA,ACE,CE,Federal Contract Tower,0,8,15,2,25,0,0,128,0,128,0,8,143,2,153,152,0,152,305
03/06/2012,DBQ,IA,ACE,CE,Federal Contract Tower,0,6,14,0,20,0,0,20,0,20,0,6,34,0,40,22,0,22,62
03/07/2012,DBQ,IA,ACE,CE,Federal Contract Tower,0,5,12,0,17,0,0,11,0,11,0,5,23,0,28,2,0,2,30
03/08/2012,DBQ,IA,ACE,CE,Federal Contract Tower,0,10,20,0,30,0,1,95,0,96,0,11,115,0,126,114,0,114,240
03/09/2012,DBQ,IA,ACE,CE,Federal Contract Tower,0,5,24,0,29,0,0,76,0,76,0,5,100,0,105,108,0,108,213
03/10/2012,DBQ,IA,ACE,CE,Federal Contract Tower,0,4,7,0,11,0,0,16,0,16,0,4,23,0,27,12,0,12,39
03/11/2012,DBQ,IA,ACE,CE,Federal Contract Tower,0,4,14,0,18,0,0,22,0,22,0,4,36,0,40,2,0,2,42
03/12/2012,DBQ,IA,ACE,CE,Federal Contract Tower,0,5,13,0,18,0,0,0,0,0,0,5,13,0,18,6,0,6,24
03/13/2012,DBQ,IA,ACE,CE,Federal Contract Tower,0,5,10,0,15,0,0,68,0,68,0,5,78,0,83,134,0,134,217
03/14/2012,DBQ,IA,ACE,CE,Federal Contract Tower,0,5,13,0,18,0,0,42,0,42,0,5,55,0,60,22,0,22,82
03/15/2012,DBQ,IA,ACE,CE,Federal Contract Tower,0,7,16,0,23,0,0,35,0,35,0,7,51,0,58,58,0,58,116
03/16/2012,DBQ,IA,ACE,CE,Federal Contract Tower,0,6,22,0,28,0,0,60,0,60,0,6,82,0,88,68,0,68,156
03/17/2012,DBQ,IA,ACE,CE,Federal Contract Tower,0,8,12,0,20,0,0,11,0,11,0,8,23,0,31,22,0,22,53
03/18/2012,DBQ,IA,ACE,CE,Federal Contract Tower,0,4,5,0,9,0,0,14,0,14,0,4,19,0,23,0,0,0,23
03/19/2012,DBQ,IA,ACE,CE,Federal Contract Tower,0,5,10,0,15,0,0,27,0,27,0,5,37,0,42,56,0,56,98
03/20/2012,DBQ,IA,ACE,CE,Federal Contract Tower,0,7,6,1,14,0,0,84,0,84,0,7,90,1,98,72,0,72,170
03/21/2012,DBQ,IA,ACE,CE,Federal Contract Tower,0,5,21,1,27,0,0,106,0,106,0,5,127,1,133,160,0,160,293
03/22/2012,DBQ,IA,ACE,CE,Federal Contract Tower,0,6,23,0,29,0,0,65,0,65,0,6,88,0,94,110,0,110,204
03/23/2012,DBQ,IA,ACE,CE,Federal Contract Tower,0,5,23,0,28,0,0,52,0,52,0,5,75,0,80,108,0,108,188
03/24/2012,DBQ,IA,ACE,CE,Federal Contract Tower,0,7,25,0,32,0,7,0,0,7,0,14,25,0,39,12,0,12,51
03/25/2012,DBQ,IA,ACE,CE,Federal Contract Tower,0,4,7,0,11,0,0,30,0,30,0,4,37,0,41,68,0,68,109
03/26/2012,DBQ,IA,ACE,CE,Federal Contract Tower,0,9,13,0,22,0,0,43,0,43,0,9,56,0,65,162,0,162,227
03/27/2012,DBQ,IA,ACE,CE,Federal Contract Tower,0,4,10,0,14,0,0,4,0,4,0,4,14,0,18,0,0,0,18
03/28/2012,DBQ,IA,ACE,CE,Federal Contract Tower,0,8,11,0,19,0,0,80,0,80,0,8,91,0,99,90,2,92,191
03/29/2012,DBQ,IA,ACE,CE,Federal Contract Tower,0,8,22,0,30,0,0,101,0,101,0,8,123,0,131,120,0,120,251
03/30/2012,DBQ,IA,ACE,CE,Federal Contract Tower,0,5,24,0,29,0,0,2,0,2,0,5,26,0,31,0,0,0,31
03/31/2012,DBQ,IA,ACE,CE,Federal Contract Tower,0,4,15,0,19,0,0,0,0,0,0,4,15,0,19,0,0,0,19
04/01/2012,DBQ,IA,ACE,CE,Federal Contract Tower,0,3,6,0,9,0,0,0,0,0,0,3,6,0,9,22,0,22,31
04/02/2012,DBQ,IA,ACE,CE,Federal Contract Tower,0,5,18,0,23,0,0,68,0,68,0,5,86,0,91,58,0,58,149
04/03/2012,DBQ,IA,ACE,CE,Federal Contract Tower,0,5,20,0,25,0,0,67,2,69,0,5,87,2,94,108,0,108,202
04/04/2012,DBQ,IA,ACE,CE,Federal Contract Tower,0,7,15,0,22,0,0,77,0,77,0,7,92,0,99,124,2,126,225
04/05/2012,DBQ,IA,ACE,CE,Federal Contract Tower,0,5,20,0,25,0,0,76,0,76,0,5,96,0,101,74,0,74,175
04/06/2012,DBQ,IA,ACE,CE,Federal Contract Tower,0,7,11,0,18,0,0,35,0,35,0,7,46,0,53,6,0,6,59
04/07/2012,DBQ,IA,ACE,CE,Federal Contract Tower,0,4,2,0,6,0,0,18,0,18,0,4,20,0,24,10,0,10,34
04/08/2012,DBQ,IA,ACE,CE,Federal Contract Tower,0,4,4,0,8,6,0,7,0,13,6,4,11,0,21,0,0,0,21
04/09/2012,DBQ,IA,ACE,CE,Federal Contract Tower,0,5,19,0,24,0,0,68,0,68,0,5,87,0,92,42,0,42,134
04/10/2012,DBQ,IA,ACE,CE,Federal Contract Tower,0,11,8,0,19,0,0,53,2,55,0,11,61,2,74,64,0,64,138
04/11/2012,DBQ,IA,ACE,CE,Federal Contract Tower,0,8,23,0,31,0,2,92,0,94,0,10,115,0,125,92,0,92,217
04/12/2012,DBQ,IA,ACE,CE,Federal Contract Tower,0,6,19,0,25,0,1,81,2,84,0,7,100,2,109,88,0,88,197
04/13/2012,DBQ,IA,ACE,CE,Federal Contract Tower,0,6,6,0,12,0,0,11,0,11,0,6,17,0,23,2,0,2,25
04/14/2012,DBQ,IA,ACE,CE,Federal Contract Tower,0,4,10,0,14,0,0,2,0,2,0,4,12,0,16,0,0,0,16
04/15/2012,DBQ,IA,ACE,CE,Federal Contract Tower,0,3,5,0,8,0,0,2,0,2,0,3,7,0,10,0,0,0,10
04/16/2012,DBQ,IA,ACE,CE,Federal Contract Tower,0,5,10,0,15,0,0,2,0,2,0,5,12,0,17,0,0,0,17
04/17/2012,DBQ,IA,ACE,CE,Federal Contract Tower,0,7,25,0,32,0,0,79,0,79,0,7,104,0,111,172,0,172,283
04/18/2012,DBQ,IA,ACE,CE,Federal Contract Tower,0,7,15,0,22,0,1,54,0,55,0,8,69,0,77,56,0,56,133
04/19/2012,DBQ,IA,ACE,CE,Federal Contract Tower,0,7,14,0,21,0,0,9,0,9,0,7,23,0,30,8,0,8,38
04/20/2012,DBQ,IA,ACE,CE,Federal Contract Tower,0,5,11,0,16,0,0,6,0,6,0,5,17,0,22,48,0,48,70
04/21/2012,DBQ,IA,ACE,CE,Federal Contract Tower,0,4,16,0,20,0,0,55,1,56,0,4,71,1,76,62,1,63,139
04/22/2012,DBQ,IA,ACE,CE,Federal Contract Tower,0,3,7,0,10,0,0,26,0,26,0,3,33,0,36,18,0,18,54
04/23/2012,DBQ,IA,ACE,CE,Federal Contract Tower,0,7,20,0,27,0,0,103,0,103,0,7,123,0,130,146,0,146,276
04/24/2012,DBQ,IA,ACE,CE,Federal Contract Tower,0,5,21,0,26,0,0,71,0,71,0,5,92,0,97,108,0,108,205
04/25/2012,DBQ,IA,ACE,CE,Federal Contract Tower,0,5,24,0,29,0,0,49,0,49,0,5,73,0,78,16,0,16,94
04/26/2012,DBQ,IA,ACE,CE,Federal Contract Tower,0,7,37,0,44,0,0,65,0,65,0,7,102,0,109,126,0,126,235
04/27/2012,DBQ,IA,ACE,CE,Federal Contract Tower,0,4,13,0,17,0,0,66,0,66,0,4,79,0,83,62,0,62,145
04/28/2012,DBQ,IA,ACE,CE,Federal Contract Tower,0,4,25,0,29,0,0,0,0,0,0,4,25,0,29,0,0,0,29
04/29/2012,DBQ,IA,ACE,CE,Federal Contract Tower,0,3,17,0,20,0,0,17,0,17,0,3,34,0,37,22,0,22,59
04/30/2012,DBQ,IA,ACE,CE,Federal Contract Tower,0,3,24,0,27,0,0,6,0,6,0,3,30,0,33,0,0,0,33
05/01/2012,DBQ,IA,ACE,CE,Federal Contract Tower,0,6,8,0,14,0,0,4,0,4,0,6,12,0,18,20,0,20,38
05/02/2012,DBQ,IA,ACE,CE,Federal Contract Tower,0,5,26,0,31,0,0,79,0,79,0,5,105,0,110,112,0,112,222
05/03/2012,DBQ,IA,ACE,CE,Federal Contract Tower,0,5,22,2,29,0,0,56,0,56,0,5,78,2,85,164,0,164,249
05/04/2012,DBQ,IA,ACE,CE,Federal Contract Tower,0,5,16,0,21,0,0,77,0,77,0,5,93,0,98,92,0,92,190
05/05/2012,DBQ,IA,ACE,CE,Federal Contract Tower,0,4,11,0,15,0,0,39,0,39,0,4,50,0,54,18,0,18,72
05/06/2012,DBQ,IA,ACE,CE,Federal Contract Tower,0,1,15,0,16,0,0,0,0,0,0,1,15,0,16,8,0,8,24
05/07/2012,DBQ,IA,ACE,CE,Federal Contract Tower,0,5,23,0,28,0,2,55,0,57,0,7,78,0,85,42,0,42,127
05/08/2012,DBQ,IA,ACE,CE,Federal Contract Tower,0,12,25,0,37,0,0,51,0,51,0,12,76,0,88,46,0,46,134
05/09/2012,DBQ,IA,ACE,CE,Federal Contract Tower,0,7,33,0,40,0,0,48,0,48,0,7,81,0,88,106,0,106,194
05/10/2012,DBQ,IA,ACE,CE,Federal Contract Tower,0,6,18,0,24,0,0,86,0,86,0,6,104,0,110,72,2,74,184
05/11/2012,DBQ,IA,ACE,CE,Federal Contract Tower,0,5,20,6,31,0,0,41,0,41,0,5,61,6,72,30,0,30,102
05/12/2012,DBQ,IA,ACE,CE,Federal Contract Tower,0,3,15,0,18,0,0,27,0,27,0,3,42,0,45,30,0,30,75
05/13/2012,DBQ,IA,ACE,CE,Federal Contract Tower,0,1,7,0,8,0,0,26,0,26,0,1,33,0,34,8,0,8,42
05/14/2012,DBQ,IA,ACE,CE,Federal Contract Tower,0,5,15,0,20,0,0,61,0,61,0,5,76,0,81,20,0,20,101
05/15/2012,DBQ,IA,ACE,CE,Federal Contract Tower,0,7,18,0,25,0,0,44,0,44,0,7,62,0,69,42,0,42,111
05/16/2012,DBQ,IA,ACE,CE,Federal Contract Tower,0,7,15,0,22,0,0,68,0,68,0,7,83,0,90,42,0,42,132
05/17/2012,DBQ,IA,ACE,CE,Federal Contract Tower,0,7,16,2,25,0,0,48,0,48,0,7,64,2,73,24,0,24,97
05/18/2012,DBQ,IA,ACE,CE,Federal Contract Tower,0,5,13,0,18,0,0,62,0,62,0,5,75,0,80,36,0,36,116
05/19/2012,DBQ,IA,ACE,CE,Federal Contract Tower,0,4,4,0,8,0,0,26,0,26,0,4,30,0,34,8,0,8,42
05/20/2012,DBQ,IA,ACE,CE,Federal Contract Tower,0,3,6,0,9,0,0,10,0,10,0,3,16,0,19,0,0,0,19
05/21/2012,DBQ,IA,ACE,CE,Federal Contract Tower,0,5,14,0,19,0,0,31,0,31,0,5,45,0,50,32,0,32,82
05/22/2012,DBQ,IA,ACE,CE,Federal Contract Tower,0,7,11,0,18,0,0,52,0,52,0,7,63,0,70,30,0,30,100
05/23/2012,DBQ,IA,ACE,CE,Federal Contract Tower,2,4,27,0,33,0,0,38,0,38,2,4,65,0,71,34,0,34,105
05/24/2012,DBQ,IA,ACE,CE,Federal Contract Tower,0,7,19,0,26,0,5,5,0,10,0,12,24,0,36,0,0,0,36
05/25/2012,DBQ,IA,ACE,CE,Federal Contract Tower,0,7,24,0,31,0,0,40,0,40,0,7,64,0,71,16,0,16,87
05/26/2012,DBQ,IA,ACE,CE,Federal Contract Tower,0,6,15,0,21,0,0,10,0,10,0,6,25,0,31,10,0,10,41
05/27/2012,DBQ,IA,ACE,CE,Federal Contract Tower,0,3,4,0,7,0,2,23,0,25,0,5,27,0,32,4,0,4,36
05/28/2012,DBQ,IA,ACE,CE,Federal Contract Tower,0,5,8,0,13,0,0,5,0,5,0,5,13,0,18,2,0,2,20
05/29/2012,DBQ,IA,ACE,CE,Federal Contract Tower,0,5,22,0,27,0,0,12,2,14,0,5,34,2,41,4,0,4,45
05/30/2012,DBQ,IA,ACE,CE,Federal Contract Tower,0,5,13,0,18,0,0,63,4,67,0,5,76,4,85,60,0,60,145
05/31/2012,DBQ,IA,ACE,CE,Federal Contract Tower,0,4,33,0,37,0,0,1,0,1,0,4,34,0,38,0,0,0,38
06/01/2012,DBQ,IA,ACE,CE,Federal Contract Tower,0,7,11,0,18,0,0,44,0,44,0,7,55,0,62,70,0,70,132
06/02/2012,DBQ,IA,ACE,CE,Federal Contract Tower,0,4,11,0,15,0,0,21,0,21,0,4,32,0,36,12,0,12,48
06/03/2012,DBQ,IA,ACE,CE,Federal Contract Tower,0,2,10,0,12,0,0,27,0,27,0,2,37,0,39,22,0,22,61
06/04/2012,DBQ,IA,ACE,CE,Federal Contract Tower,0,5,21,0,26,0,0,47,0,47,0,5,68,0,73,60,0,60,133
06/05/2012,DBQ,IA,ACE,CE,Federal Contract Tower,0,7,8,0,15,0,0,60,2,62,0,7,68,2,77,44,0,44,121
06/06/2012,DBQ,IA,ACE,CE,Federal Contract Tower,0,5,13,0,18,0,0,44,0,44,0,5,57,0,62,68,0,68,130
06/07/2012,DBQ,IA,ACE,CE,Federal Contract Tower,0,5,17,0,22,0,0,53,0,53,0,5,70,0,75,42,0,42,117
06/08/2012,DBQ,IA,ACE,CE,Federal Contract Tower,0,5,10,0,15,0,2,33,0,35,0,7,43,0,50,38,0,38,88
06/09/2012,DBQ,IA,ACE,CE,Federal Contract Tower,0,4,9,0,13,0,0,17,0,17,0,4,26,0,30,14,0,14,44
06/10/2012,DBQ,IA,ACE,CE,Federal Contract Tower,0,3,12,0,15,0,0,16,0,16,0,3,28,0,31,0,0,0,31
06/11/2012,DBQ,IA,ACE,CE,Federal Contract Tower,0,6,9,0,15,0,0,23,0,23,0,6,32,0,38,20,0,20,58
06/12/2012,DBQ,IA,ACE,CE,Federal Contract Tower,0,6,17,0,23,0,0,34,0,34,0,6,51,0,57,66,0,66,123
06/13/2012,DBQ,IA,ACE,CE,Federal Contract Tower,0,6,12,0,18,0,0,44,0,44,0,6,56,0,62,58,0,58,120
06/14/2012,DBQ,IA,ACE,CE,Federal Contract Tower,0,3,17,0,20,0,0,32,0,32,0,3,49,0,52,26,0,26,78
06/15/2012,DBQ,IA,ACE,CE,Federal Contract Tower,0,5,11,0,16,0,0,43,0,43,0,5,54,0,59,28,0,28,87
06/16/2012,DBQ,IA,ACE,CE,Federal Contract Tower,0,5,3,0,8,0,0,6,0,6,0,5,9,0,14,0,0,0,14
06/17/2012,DBQ,IA,ACE,CE,Federal Contract Tower,0,3,9,0,12,0,0,21,0,21,0,3,30,0,33,6,0,6,39
06/18/2012,DBQ,IA,ACE,CE,Federal Contract Tower,0,5,15,2,22,0,0,10,0,10,0,5,25,2,32,2,0,2,34
06/19/2012,DBQ,IA,ACE,CE,Federal Contract Tower,0,5,12,0,17,0,0,29,0,29,0,5,41,0,46,36,0,36,82
06/20/2012,DBQ,IA,ACE,CE,Federal Contract Tower,0,7,23,0,30,0,0,29,0,29,0,7,52,0,59,38,0,38,97
06/21/2012,DBQ,IA,ACE,CE,Federal Contract Tower,0,7,30,0,37,0,0,58,0,58,0,7,88,0,95,28,0,28,123
06/22/2012,DBQ,IA,ACE,CE,Federal Contract Tower,0,7,20,0,27,0,0,60,1,61,0,7,80,1,88,40,0,40,128
06/23/2012,DBQ,IA,ACE,CE,Federal Contract Tower,0,5,2,0,7,0,0,27,0,27,0,5,29,0,34,38,0,38,72
06/24/2012,DBQ,IA,ACE,CE,Federal Contract Tower,0,6,13,0,19,0,0,22,0,22,0,6,35,0,41,16,0,16,57
06/25/2012,DBQ,IA,ACE,CE,Federal Contract Tower,0,7,18,0,25,0,0,49,0,49,0,7,67,0,74,20,0,20,94
06/26/2012,DBQ,IA,ACE,CE,Federal Contract Tower,0,5,16,0,21,0,0,22,2,24,0,5,38,2,45,32,0,32,77
06/27/2012,DBQ,IA,ACE,CE,Federal Contract Tower,0,5,13,1,19,0,0,35,0,35,0,5,48,1,54,96,0,96,150
06/28/2012,DBQ,IA,ACE,CE,Federal Contract Tower,0,6,17,0,23,0,0,22,0,22,0,6,39,0,45,40,0,40,85
06/29/2012,DBQ,IA,ACE,CE,Federal Contract Tower,0,5,11,2,18,0,0,29,0,29,0,5,40,2,47,30,0,30,77
06/30/2012,DBQ,IA,ACE,CE,Federal Contract Tower,0,6,5,0,11,0,0,20,0,20,0,6,25,0,31,26,0,26,57
07/01/2012,DBQ,IA,ACE,CE,Federal Contract Tower,0,3,5,0,8,0,0,8,0,8,0,3,13,0,16,0,0,0,16
07/02/2012,DBQ,IA,ACE,CE,Federal Contract Tower,0,5,10,0,15,0,31,4,0,35,0,36,14,0,50,36,2,38,88
07/03/2012,DBQ,IA,ACE,CE,Federal Contract Tower,0,4,4,0,8,0,0,46,6,52,0,4,50,6,60,2,2,4,64
07/04/2012,DBQ,IA,ACE,CE,Federal Contract Tower,0,4,4,2,10,0,0,17,3,20,0,4,21,5,30,2,4,6,36
07/05/2012,DBQ,IA,ACE,CE,Federal Contract Tower,0,5,11,1,17,0,0,14,2,16,0,5,25,3,33,10,0,10,43
07/06/2012,DBQ,IA,ACE,CE,Federal Contract Tower,0,7,9,2,18,0,0,13,0,13,0,7,22,2,31,14,0,14,45
07/07/2012,DBQ,IA,ACE,CE,Federal Contract Tower,0,5,7,0,12,0,0,10,0,10,0,5,17,0,22,2,0,2,24
07/08/2012,DBQ,IA,ACE,CE,Federal Contract Tower,0,5,12,0,17,0,0,37,0,37,0,5,49,0,54,0,0,0,54
07/09/2012,DBQ,IA,ACE,CE,Federal Contract Tower,0,6,15,0,21,0,13,34,0,47,0,19,49,0,68,36,0,36,104
07/10/2012,DBQ,IA,ACE,CE,Federal Contract Tower,0,7,18,0,25,0,0,49,0,49,0,7,67,0,74,20,0,20,94
07/11/2012,DBQ,IA,ACE,CE,Federal Contract Tower,0,5,18,0,23,0,7,48,0,55,0,12,66,0,78,46,0,46,124
07/12/2012,DBQ,IA,ACE,CE,Federal Contract Tower,0,6,13,1,20,0,0,38,1,39,0,6,51,2,59,16,0,16,75
07/13/2012,DBQ,IA,ACE,CE,Federal Contract Tower,0,7,8,0,15,0,0,23,0,23,0,7,31,0,38,10,0,10,48
07/14/2012,DBQ,IA,ACE,CE,Federal Contract Tower,0,5,2,0,7,0,0,14,0,14,0,5,16,0,21,0,0,0,21
07/15/2012,DBQ,IA,ACE,CE,Federal Contract Tower,0,5,7,0,12,0,0,26,0,26,0,5,33,0,38,10,0,10,48
07/16/2012,DBQ,IA,ACE,CE,Federal Contract Tower,0,5,23,0,28,0,0,30,0,30,0,5,53,0,58,6,0,6,64
07/17/2012,DBQ,IA,ACE,CE,Federal Contract Tower,0,5,20,0,25,0,0,32,0,32,0,5,52,0,57,50,0,50,107
07/18/2012,DBQ,IA,ACE,CE,Federal Contract Tower,0,6,22,0,28,0,0,32,0,32,0,6,54,0,60,34,0,34,94
07/19/2012,DBQ,IA,ACE,CE,Federal Contract Tower,0,5,25,0,30,0,0,38,0,38,0,5,63,0,68,18,0,18,86
07/20/2012,DBQ,IA,ACE,CE,Federal Contract Tower,0,5,18,0,23,0,0,12,0,12,0,5,30,0,35,4,0,4,39
07/21/2012,DBQ,IA,ACE,CE,Federal Contract Tower,0,4,7,1,12,0,0,16,0,16,0,4,23,1,28,28,0,28,56
07/22/2012,DBQ,IA,ACE,CE,Federal Contract Tower,2,8,4,0,14,0,0,70,0,70,2,8,74,0,84,10,0,10,94
07/23/2012,DBQ,IA,ACE,CE,Federal Contract Tower,0,6,20,0,26,0,0,65,0,65,0,6,85,0,91,24,0,24,115
07/24/2012,DBQ,IA,ACE,CE,Federal Contract Tower,0,6,18,0,24,0,1,63,0,64,0,7,81,0,88,24,0,24,112
07/25/2012,DBQ,IA,ACE,CE,Federal Contract Tower,0,4,23,0,27,0,0,37,0,37,0,4,60,0,64,26,0,26,90
07/26/2012,DBQ,IA,ACE,CE,Federal Contract Tower,0,5,30,0,35,0,0,41,0,41,0,5,71,0,76,8,0,8,84
07/27/2012,DBQ,IA,ACE,CE,Federal Contract Tower,0,5,22,0,27,0,0,31,0,31,0,5,53,0,58,12,0,12,70
07/28/2012,DBQ,IA,ACE,CE,Federal Contract Tower,0,6,12,0,18,0,0,31,0,31,0,6,43,0,49,6,0,6,55
07/29/2012,DBQ,IA,ACE,CE,Federal Contract Tower,0,5,2,0,7,0,0,27,0,27,0,5,29,0,34,0,0,0,34
07/30/2012,DBQ,IA,ACE,CE,Federal Contract Tower,0,5,21,0,26,0,0,30,0,30,0,5,51,0,56,18,0,18,74
07/31/2012,DBQ,IA,ACE,CE,Federal Contract Tower,0,5,5,0,10,0,0,37,0,37,0,5,42,0,47,22,0,22,69
08/01/2012,DBQ,IA,ACE,CE,Federal Contract Tower,0,5,14,0,19,0,0,38,0,38,0,5,52,0,57,6,0,6,63
08/02/2012,DBQ,IA,ACE,CE,Federal Contract Tower,0,8,19,0,27,0,0,59,0,59,0,8,78,0,86,6,0,6,92
08/03/2012,DBQ,IA,ACE,CE,Federal Contract Tower,0,7,16,0,23,0,0,29,2,31,0,7,45,2,54,32,0,32,86
08/04/2012,DBQ,IA,ACE,CE,Federal Contract Tower,0,3,7,0,10,0,0,22,0,22,0,3,29,0,32,12,2,14,46
08/05/2012,DBQ,IA,ACE,CE,Federal Contract Tower,0,5,11,0,16,0,0,23,0,23,0,5,34,0,39,16,0,16,55
08/06/2012,DBQ,IA,ACE,CE,Federal Contract Tower,0,6,12,0,18,0,0,41,0,41,0,6,53,0,59,64,0,64,123
08/07/2012,DBQ,IA,ACE,CE,Federal Contract Tower,0,6,19,0,25,0,0,41,0,41,0,6,60,0,66,22,0,22,88
08/08/2012,DBQ,IA,ACE,CE,Federal Contract Tower,0,5,18,0,23,0,0,22,0,22,0,5,40,0,45,18,0,18,63
08/09/2012,DBQ,IA,ACE,CE,Federal Contract Tower,0,5,17,0,22,0,0,4,0,4,0,5,21,0,26,10,0,10,36
08/10/2012,DBQ,IA,ACE,CE,Federal Contract Tower,0,4,10,0,14,0,0,17,0,17,0,4,27,0,31,28,0,28,59
08/11/2012,DBQ,IA,ACE,CE,Federal Contract Tower,0,5,4,0,9,0,0,44,0,44,0,5,48,0,53,12,2,14,67
08/12/2012,DBQ,IA,ACE,CE,Federal Contract Tower,0,5,20,0,25,0,0,19,0,19,0,5,39,0,44,0,0,0,44
08/13/2012,DBQ,IA,ACE,CE,Federal Contract Tower,0,6,18,0,24,0,0,18,0,18,0,6,36,0,42,6,0,6,48
08/14/2012,DBQ,IA,ACE,CE,Federal Contract Tower,0,7,13,0,20,0,0,48,0,48,0,7,61,0,68,30,0,30,98
08/15/2012,DBQ,IA,ACE,CE,Federal Contract Tower,0,6,7,2,15,0,0,6,5,11,0,6,13,7,26,8,0,8,34
08/16/2012,DBQ,IA,ACE,CE,Federal Contract Tower,0,5,21,0,26,0,0,7,0,7,0,5,28,0,33,2,0,2,35
08/17/2012,DBQ,IA,ACE,CE,Federal Contract Tower,0,5,12,2,19,0,0,11,0,11,0,5,23,2,30,0,0,0,30
08/18/2012,DBQ,IA,ACE,CE,Federal Contract Tower,0,5,8,0,13,0,0,39,0,39,0,5,47,0,52,10,0,10,62
08/19/2012,DBQ,IA,ACE,CE,Federal Contract Tower,0,5,3,0,8,0,0,20,0,20,0,5,23,0,28,0,0,0,28
08/20/2012,DBQ,IA,ACE,CE,Federal Contract Tower,0,7,12,0,19,0,0,31,0,31,0,7,43,0,50,18,0,18,68
08/21/2012,DBQ,IA,ACE,CE,Federal Contract Tower,0,6,22,0,28,0,0,35,5,40,0,6,57,5,68,44,0,44,112
08/22/2012,DBQ,IA,ACE,CE,Federal Contract Tower,0,8,17,2,27,0,0,63,4,67,0,8,80,6,94,48,0,48,142
08/23/2012,DBQ,IA,ACE,CE,Federal Contract Tower,0,5,22,0,27,0,0,35,2,37,0,5,57,2,64,60,0,60,124
08/24/2012,DBQ,IA,ACE,CE,Federal Contract Tower,0,5,16,0,21,0,0,32,0,32,0,5,48,0,53,20,0,20,73
08/25/2012,DBQ,IA,ACE,CE,Federal Contract Tower,0,5,5,0,10,0,0,19,0,19,0,5,24,0,29,22,0,22,51
08/26/2012,DBQ,IA,ACE,CE,Federal Contract Tower,0,8,6,0,14,0,0,0,0,0,0,8,6,0,14,0,0,0,14
08/27/2012,DBQ,IA,ACE,CE,Federal Contract Tower,0,5,24,0,29,0,0,37,0,37,0,5,61,0,66,98,0,98,164
08/28/2012,DBQ,IA,ACE,CE,Federal Contract Tower,0,5,20,0,25,0,0,38,0,38,0,5,58,0,63,62,0,62,125
08/29/2012,DBQ,IA,ACE,CE,Federal Contract Tower,0,7,12,0,19,0,0,39,0,39,0,7,51,0,58,104,0,104,162
08/30/2012,DBQ,IA,ACE,CE,Federal Contract Tower,0,5,21,0,26,0,0,29,0,29,0,5,50,0,55,42,0,42,97
08/31/2012,DBQ,IA,ACE,CE,Federal Contract Tower,0,6,17,2,25,0,0,72,0,72,0,6,89,2,97,54,2,56,153
09/01/2012,DBQ,IA,ACE,CE,Federal Contract Tower,0,4,18,0,22,0,0,34,0,34,0,4,52,0,56,12,0,12,68
09/02/2012,DBQ,IA,ACE,CE,Federal Contract Tower,0,2,10,0,12,0,0,16,0,16,0,2,26,0,28,42,0,42,70
09/03/2012,DBQ,IA,ACE,CE,Federal Contract Tower,0,5,8,0,13,0,0,15,0,15,0,5,23,0,28,10,0,10,38
09/04/2012,DBQ,IA,ACE,CE,Federal Contract Tower,0,6,11,0,17,0,0,84,0,84,0,6,95,0,101,40,0,40,141
09/05/2012,DBQ,IA,ACE,CE,Federal Contract Tower,0,8,11,0,19,0,0,105,0,105,0,8,116,0,124,128,0,128,252
09/06/2012,DBQ,IA,ACE,CE,Federal Contract Tower,0,7,23,0,30,0,0,95,0,95,0,7,118,0,125,98,0,98,223
09/07/2012,DBQ,IA,ACE,CE,Federal Contract Tower,2,6,10,0,18,0,0,55,0,55,2,6,65,0,73,76,0,76,149
09/08/2012,DBQ,IA,ACE,CE,Federal Contract Tower,0,4,4,0,8,0,0,71,0,71,0,4,75,0,79,60,0,60,139
09/09/2012,DBQ,IA,ACE,CE,Federal Contract Tower,0,5,16,0,21,0,0,175,0,175,0,5,191,0,196,82,0,82,278
09/10/2012,DBQ,IA,ACE,CE,Federal Contract Tower,0,5,17,0,22,0,0,70,2,72,0,5,87,2,94,84,0,84,178
09/11/2012,DBQ,IA,ACE,CE,Federal Contract Tower,0,5,21,0,26,0,0,105,0,105,0,5,126,0,131,72,0,72,203
09/12/2012,DBQ,IA,ACE,CE,Federal Contract Tower,0,5,16,0,21,0,0,91,0,91,0,5,107,0,112,74,0,74,186
09/13/2012,DBQ,IA,ACE,CE,Federal Contract Tower,0,6,22,4,32,0,0,60,0,60,0,6,82,4,92,60,0,60,152
09/14/2012,DBQ,IA,ACE,CE,Federal Contract Tower,0,4,19,0,23,0,0,81,0,81,0,4,100,0,104,160,0,160,264
09/15/2012,DBQ,IA,ACE,CE,Federal Contract Tower,0,4,18,0,22,0,0,67,0,67,0,4,85,0,89,126,0,126,215
09/16/2012,DBQ,IA,ACE,CE,Federal Contract Tower,0,5,5,0,10,0,0,31,0,31,0,5,36,0,41,88,0,88,129
09/17/2012,DBQ,IA,ACE,CE,Federal Contract Tower,0,7,16,0,23,0,0,15,0,15,0,7,31,0,38,88,0,88,126
09/18/2012,DBQ,IA,ACE,CE,Federal Contract Tower,0,7,21,0,28,0,0,73,0,73,0,7,94,0,101,156,0,156,257
09/19/2012,DBQ,IA,ACE,CE,Federal Contract Tower,0,9,8,0,17,0,0,39,0,39,0,9,47,0,56,22,0,22,78
09/20/2012,DBQ,IA,ACE,CE,Federal Contract Tower,0,12,25,0,37,0,0,106,0,106,0,12,131,0,143,200,0,200,343
09/21/2012,DBQ,IA,ACE,CE,Federal Contract Tower,0,6,9,0,15,0,0,35,0,35,0,6,44,0,50,92,0,92,142
09/22/2012,DBQ,IA,ACE,CE,Federal Contract Tower,0,4,13,0,17,0,0,38,0,38,0,4,51,0,55,96,0,96,151
09/23/2012,DBQ,IA,ACE,CE,Federal Contract Tower,0,3,18,0,21,0,0,27,0,27,0,3,45,0,48,6,0,6,54
09/24/2012,DBQ,IA,ACE,CE,Federal Contract Tower,1,7,12,0,20,0,0,72,0,72,1,7,84,0,92,64,0,64,156
09/25/2012,DBQ,IA,ACE,CE,Federal Contract Tower,1,5,27,0,33,0,0,91,0,91,1,5,118,0,124,206,0,206,330
09/26/2012,DBQ,IA,ACE,CE,Federal Contract Tower,0,8,24,0,32,0,0,89,0,89,0,8,113,0,121,104,0,104,225
09/27/2012,DBQ,IA,ACE,CE,Federal Contract Tower,0,9,19,0,28,0,0,99,0,99,0,9,118,0,127,222,0,222,349
09/28/2012,DBQ,IA,ACE,CE,Federal Contract Tower,0,5,16,0,21,0,0,73,0,73,0,5,89,0,94,118,0,118,212
09/29/2012,DBQ,IA,ACE,CE,Federal Contract Tower,0,4,11,0,15,0,0,59,0,59,0,4,70,0,74,110,0,110,184
09/30/2012,DBQ,IA,ACE,CE,Federal Contract Tower,0,5,12,3,20,0,0,42,0,42,0,5,54,3,62,8,2,10,72
10/01/2012,DBQ,IA,ACE,CE,Federal Contract Tower,0,2,15,0,17,0,0,90,0,90,0,2,105,0,107,213,0,213,320
10/02/2012,DBQ,IA,ACE,CE,Federal Contract Tower,0,9,26,0,35,0,0,95,0,95,0,9,121,0,130,176,0,176,306
10/03/2012,DBQ,IA,ACE,CE,Federal Contract Tower,0,5,12,0,17,0,0,109,0,109,0,5,121,0,126,184,0,184,310
10/04/2012,DBQ,IA,ACE,CE,Federal Contract Tower,0,7,12,0,19,0,0,54,0,54,0,7,66,0,73,232,0,232,305
10/05/2012,DBQ,IA,ACE,CE,Federal Contract Tower,0,5,23,0,28,0,0,74,0,74,0,5,97,0,102,166,0,166,268
10/06/2012,DBQ,IA,ACE,CE,Federal Contract Tower,0,4,11,0,15,0,0,38,0,38,0,4,49,0,53,104,0,104,157
10/07/2012,DBQ,IA,ACE,CE,Federal Contract Tower,0,6,13,0,19,0,0,29,0,29,0,6,42,0,48,28,0,28,76
10/08/2012,DBQ,IA,ACE,CE,Federal Contract Tower,0,5,8,0,13,0,0,25,0,25,0,5,33,0,38,64,0,64,102
10/09/2012,DBQ,IA,ACE,CE,Federal Contract Tower,0,5,16,0,21,0,0,65,0,65,0,5,81,0,86,250,0,250,336
10/10/2012,DBQ,IA,ACE,CE,Federal Contract Tower,0,5,30,0,35,0,0,89,0,89,0,5,119,0,124,174,0,174,298
10/11/2012,DBQ,IA,ACE,CE,Federal Contract Tower,0,6,17,0,23,0,1,32,0,33,0,7,49,0,56,68,0,68,124
10/12/2012,DBQ,IA,ACE,CE,Federal Contract Tower,0,5,24,0,29,0,0,70,0,70,0,5,94,0,99,124,0,124,223
10/13/2012,DBQ,IA,ACE,CE,Federal Contract Tower,0,4,13,0,17,0,0,0,0,0,0,4,13,0,17,0,0,0,17
10/14/2012,DBQ,IA,ACE,CE,Federal Contract Tower,0,3,12,0,15,0,0,2,0,2,0,3,14,0,17,0,0,0,17
10/15/2012,DBQ,IA,ACE,CE,Federal Contract Tower,0,8,14,0,22,0,0,89,0,89,0,8,103,0,111,158,0,158,269
10/16/2012,DBQ,IA,ACE,CE,Federal Contract Tower,0,6,18,0,24,0,0,40,2,42,0,6,58,2,66,106,0,106,172
10/17/2012,DBQ,IA,ACE,CE,Federal Contract Tower,0,6,23,0,29,0,0,46,0,46,0,6,69,0,75,62,0,62,137
10/18/2012,DBQ,IA,ACE,CE,Federal Contract Tower,0,7,17,0,24,0,0,1,0,1,0,7,18,0,25,32,0,32,57
10/19/2012,DBQ,IA,ACE,CE,Federal Contract Tower,0,6,20,0,26,0,0,21,0,21,0,6,41,0,47,40,0,40,87
10/20/2012,DBQ,IA,ACE,CE,Federal Contract Tower,0,6,14,0,20,0,0,34,0,34,0,6,48,0,54,48,0,48,102
10/21/2012,DBQ,IA,ACE,CE,Federal Contract Tower,0,5,10,0,15,0,0,38,0,38,0,5,48,0,53,16,0,16,69
10/22/2012,DBQ,IA,ACE,CE,Federal Contract Tower,0,3,13,0,16,0,0,2,0,2,0,3,15,0,18,0,0,0,18
10/23/2012,DBQ,IA,ACE,CE,Federal Contract Tower,0,6,28,0,34,0,0,14,0,14,0,6,42,0,48,50,0,50,98
10/24/2012,DBQ,IA,ACE,CE,Federal Contract Tower,0,4,18,0,22,0,0,52,0,52,0,4,70,0,74,136,0,136,210
10/25/2012,DBQ,IA,ACE,CE,Federal Contract Tower,0,5,11,0,16,0,0,11,0,11,0,5,22,0,27,28,0,28,55
10/26/2012,DBQ,IA,ACE,CE,Federal Contract Tower,0,8,18,0,26,0,0,89,0,89,0,8,107,0,115,140,0,140,255
10/27/2012,DBQ,IA,ACE,CE,Federal Contract Tower,0,5,16,0,21,0,0,60,2,62,0,5,76,2,83,180,0,180,263
10/28/2012,DBQ,IA,ACE,CE,Federal Contract Tower,0,7,15,1,23,0,0,24,0,24,0,7,39,1,47,26,0,26,73
10/29/2012,DBQ,IA,ACE,CE,Federal Contract Tower,0,6,14,1,21,0,0,100,0,100,0,6,114,1,121,184,0,184,305
10/30/2012,DBQ,IA,ACE,CE,Federal Contract Tower,0,5,16,0,21,0,0,73,3,76,0,5,89,3,97,214,4,218,315
10/31/2012,DBQ,IA,ACE,CE,Federal Contract Tower,0,5,23,0,28,0,0,86,6,92,0,5,109,6,120,163,24,187,307
11/01/2012,DBQ,IA,ACE,CE,Federal Contract Tower,0,5,16,0,21,0,0,86,0,86,0,5,102,0,107,250,0,250,357
11/02/2012,DBQ,IA,ACE,CE,Federal Contract Tower,0,6,21,1,28,0,0,68,0,68,0,6,89,1,96,158,0,158,254
11/03/2012,DBQ,IA,ACE,CE,Federal Contract Tower,6,10,11,1,28,0,0,28,4,32,6,10,39,5,60,12,6,18,78
11/04/2012,DBQ,IA,ACE,CE,Federal Contract Tower,0,5,20,2,27,0,0,13,0,13,0,5,33,2,40,0,0,0,40
11/05/2012,DBQ,IA,ACE,CE,Federal Contract Tower,0,9,14,0,23,0,0,67,0,67,0,9,81,0,90,168,0,168,258
11/06/2012,DBQ,IA,ACE,CE,Federal Contract Tower,0,4,9,0,13,0,0,1,0,1,0,4,10,0,14,6,0,6,20
11/07/2012,DBQ,IA,ACE,CE,Federal Contract Tower,0,7,6,0,13,0,0,40,0,40,0,7,46,0,53,112,0,112,165
11/08/2012,DBQ,IA,ACE,CE,Federal Contract Tower,0,7,19,0,26,0,0,94,0,94,0,7,113,0,120,264,0,264,384
11/09/2012,DBQ,IA,ACE,CE,Federal Contract Tower,0,5,12,0,17,0,0,75,0,75,0,5,87,0,92,150,0,150,242
11/10/2012,DBQ,IA,ACE,CE,Federal Contract Tower,0,4,9,0,13,0,0,45,0,45,0,4,54,0,58,184,0,184,242
11/11/2012,DBQ,IA,ACE,CE,Federal Contract Tower,0,5,2,0,7,0,0,0,0,0,0,5,2,0,7,0,0,0,7
11/12/2012,DBQ,IA,ACE,CE,Federal Contract Tower,0,5,7,0,12,0,0,5,0,5,0,5,12,0,17,12,0,12,29
11/13/2012,DBQ,IA,ACE,CE,Federal Contract Tower,0,5,29,2,36,0,0,0,0,0,0,5,29,2,36,198,0,198,234
11/14/2012,DBQ,IA,ACE,CE,Federal Contract Tower,0,10,22,0,32,0,0,0,0,0,0,10,22,0,32,134,0,134,166
11/15/2012,DBQ,IA,ACE,CE,Federal Contract Tower,0,7,23,0,30,0,0,101,0,101,0,7,124,0,131,254,0,254,385
11/16/2012,DBQ,IA,ACE,CE,Federal Contract Tower,0,5,26,0,31,0,0,70,0,70,0,5,96,0,101,102,0,102,203
11/17/2012,DBQ,IA,ACE,CE,Federal Contract Tower,0,4,19,0,23,0,0,59,0,59,0,4,78,0,82,148,0,148,230
11/18/2012,DBQ,IA,ACE,CE,Federal Contract Tower,0,3,12,0,15,0,0,27,0,27,0,3,39,0,42,20,0,20,62
11/19/2012,DBQ,IA,ACE,CE,Federal Contract Tower,0,5,21,1,27,0,0,29,1,30,0,5,50,2,57,72,0,72,129
11/20/2012,DBQ,IA,ACE,CE,Federal Contract Tower,0,1,24,0,25,0,0,3,0,3,0,1,27,0,28,0,0,0,28
11/21/2012,DBQ,IA,ACE,CE,Federal Contract Tower,0,4,16,0,20,0,0,11,0,11,0,4,27,0,31,8,0,8,39
11/22/2012,DBQ,IA,ACE,CE,Federal Contract Tower,0,4,1,0,5,0,0,2,0,2,0,4,3,0,7,0,0,0,7
11/23/2012,DBQ,IA,ACE,CE,Federal Contract Tower,0,3,6,0,9,0,0,7,0,7,0,3,13,0,16,0,0,0,16
11/24/2012,DBQ,IA,ACE,CE,Federal Contract Tower,0,5,13,0,18,0,0,46,0,46,0,5,59,0,64,2,0,2,66
11/25/2012,DBQ,IA,ACE,CE,Federal Contract Tower,0,4,12,0,16,0,0,14,0,14,0,4,26,0,30,2,0,2,32
11/26/2012,DBQ,IA,ACE,CE,Federal Contract Tower,0,5,12,0,17,0,0,48,0,48,0,5,60,0,65,104,0,104,169
11/27/2012,DBQ,IA,ACE,CE,Federal Contract Tower,0,5,14,0,19,0,0,84,0,84,0,5,98,0,103,168,0,168,271
11/28/2012,DBQ,IA,ACE,CE,Federal Contract Tower,0,5,15,0,20,0,0,81,0,81,0,5,96,0,101,142,0,142,243
11/29/2012,DBQ,IA,ACE,CE,Federal Contract Tower,0,5,18,0,23,0,0,99,0,99,0,5,117,0,122,196,0,196,318
11/30/2012,DBQ,IA,ACE,CE,Federal Contract Tower,0,6,22,2,30,0,0,29,0,29,0,6,51,2,59,20,0,20,79
12/01/2012,DBQ,IA,ACE,CE,Federal Contract Tower,0,4,4,0,8,0,0,0,0,0,0,4,4,0,8,0,0,0,8
12/02/2012,DBQ,IA,ACE,CE,Federal Contract Tower,0,6,8,0,14,0,0,9,0,9,0,6,17,0,23,6,0,6,29
12/03/2012,DBQ,IA,ACE,CE,Federal Contract Tower,0,4,12,0,16,0,0,6,0,6,0,4,18,0,22,68,0,68,90
12/04/2012,DBQ,IA,ACE,CE,Federal Contract Tower,0,5,21,0,26,0,0,67,0,67,0,5,88,0,93,262,0,262,355
12/05/2012,DBQ,IA,ACE,CE,Federal Contract Tower,0,5,12,0,17,0,0,106,0,106,0,5,118,0,123,192,0,192,315
12/06/2012,DBQ,IA,ACE,CE,Federal Contract Tower,0,5,31,0,36,0,0,64,0,64,0,5,95,0,100,84,0,84,184
12/07/2012,DBQ,IA,ACE,CE,Federal Contract Tower,0,5,18,4,27,0,0,64,0,64,0,5,82,4,91,78,0,78,169
12/08/2012,DBQ,IA,ACE,CE,Federal Contract Tower,0,4,14,0,18,0,0,44,0,44,0,4,58,0,62,102,2,104,166
12/09/2012,DBQ,IA,ACE,CE,Federal Contract Tower,0,4,12,0,16,0,0,0,0,0,0,4,12,0,16,0,0,0,16
12/10/2012,DBQ,IA,ACE,CE,Federal Contract Tower,0,5,13,0,18,0,0,0,0,0,0,5,13,0,18,0,0,0,18
12/11/2012,DBQ,IA,ACE,CE,Federal Contract Tower,0,6,18,0,24,0,0,80,0,80,0,6,98,0,104,172,0,172,276
12/12/2012,DBQ,IA,ACE,CE,Federal Contract Tower,0,5,9,0,14,0,0,71,0,71,0,5,80,0,85,172,2,174,259
12/13/2012,DBQ,IA,ACE,CE,Federal Contract Tower,0,5,18,0,23,0,0,49,0,49,0,5,67,0,72,120,0,120,192
12/14/2012,DBQ,IA,ACE,CE,Federal Contract Tower,0,5,15,0,20,0,0,79,0,79,0,5,94,0,99,84,0,84,183
12/15/2012,DBQ,IA,ACE,CE,Federal Contract Tower,0,6,3,0,9,0,0,0,0,0,0,6,3,0,9,0,0,0,9
12/16/2012,DBQ,IA,ACE,CE,Federal Contract Tower,0,3,3,0,6,0,0,0,0,0,0,3,3,0,6,0,0,0,6
12/17/2012,DBQ,IA,ACE,CE,Federal Contract Tower,0,6,13,0,19,0,0,0,0,0,0,6,13,0,19,0,0,0,19
12/18/2012,DBQ,IA,ACE,CE,Federal Contract Tower,0,5,12,0,17,0,0,0,0,0,0,5,12,0,17,0,0,0,17
12/19/2012,DBQ,IA,ACE,CE,Federal Contract Tower,0,5,24,0,29,0,2,0,0,2,0,7,24,0,31,6,0,6,37
12/20/2012,DBQ,IA,ACE,CE,Federal Contract Tower,0,0,0,0,0,0,0,0,0,0,0,0,0,0,0,0,0,0,0
12/21/2012,DBQ,IA,ACE,CE,Federal Contract Tower,0,4,13,0,17,0,0,21,0,21,0,4,34,0,38,16,0,16,54
12/22/2012,DBQ,IA,ACE,CE,Federal Contract Tower,0,4,9,0,13,0,0,23,0,23,0,4,32,0,36,23,0,23,59
12/23/2012,DBQ,IA,ACE,CE,Federal Contract Tower,0,5,7,0,12,0,0,0,0,0,0,5,7,0,12,0,0,0,12
12/24/2012,DBQ,IA,ACE,CE,Federal Contract Tower,0,4,4,0,8,0,0,0,0,0,0,4,4,0,8,0,0,0,8
12/25/2012,DBQ,IA,ACE,CE,Federal Contract Tower,0,3,0,0,3,0,0,6,0,6,0,3,6,0,9,0,0,0,9
12/26/2012,DBQ,IA,ACE,CE,Federal Contract Tower,0,7,15,0,22,0,0,5,0,5,0,7,20,0,27,4,0,4,31
12/27/2012,DBQ,IA,ACE,CE,Federal Contract Tower,0,5,13,0,18,0,0,30,0,30,0,5,43,0,48,40,0,40,88
12/28/2012,DBQ,IA,ACE,CE,Federal Contract Tower,0,5,4,0,9,0,0,0,0,0,0,5,4,0,9,0,0,0,9
12/29/2012,DBQ,IA,ACE,CE,Federal Contract Tower,0,4,2,0,6,0,0,4,0,4,0,4,6,0,10,0,0,0,10
12/30/2012,DBQ,IA,ACE,CE,Federal Contract Tower,0,3,2,0,5,0,0,13,0,13,0,3,15,0,18,32,0,32,50
12/31/2012,DBQ,IA,ACE,CE,Federal Contract Tower,0,3,3,0,6,0,0,8,0,8,0,3,11,0,14,14,0,14,28
01/01/2013,DBQ,IA,ACE,CE,Federal Contract Tower,0,7,4,0,11,0,0,10,0,10,0,7,14,0,21,0,0,0,21
01/02/2013,DBQ,IA,ACE,CE,Federal Contract Tower,0,5,9,0,14,0,0,8,0,8,0,5,17,0,22,6,0,6,28
01/03/2013,DBQ,IA,ACE,CE,Federal Contract Tower,0,5,8,0,13,0,0,23,0,23,0,5,31,0,36,32,0,32,68
01/04/2013,DBQ,IA,ACE,CE,Federal Contract Tower,0,5,16,0,21,0,0,27,0,27,0,5,43,0,48,4,0,4,52
01/05/2013,DBQ,IA,ACE,CE,Federal Contract Tower,0,6,6,0,12,0,0,10,0,10,0,6,16,0,22,4,0,4,26
01/06/2013,DBQ,IA,ACE,CE,Federal Contract Tower,0,3,9,0,12,0,0,6,0,6,0,3,15,0,18,2,0,2,20
01/07/2013,DBQ,IA,ACE,CE,Federal Contract Tower,0,7,9,0,16,0,0,23,0,23,0,7,32,0,39,26,0,26,65
01/08/2013,DBQ,IA,ACE,CE,Federal Contract Tower,0,6,14,0,20,0,0,61,0,61,0,6,75,0,81,62,0,62,143
01/09/2013,DBQ,IA,ACE,CE,Federal Contract Tower,0,7,17,0,24,0,0,41,0,41,0,7,58,0,65,78,0,78,143
01/10/2013,DBQ,IA,ACE,CE,Federal Contract Tower,0,7,22,0,29,0,0,51,0,51,0,7,73,0,80,82,0,82,162
01/11/2013,DBQ,IA,ACE,CE,Federal Contract Tower,0,1,3,0,4,0,0,0,0,0,0,1,3,0,4,0,0,0,4
01/12/2013,DBQ,IA,ACE,CE,Federal Contract Tower,0,3,4,0,7,0,0,15,0,15,0,3,19,0,22,14,0,14,36
01/13/2013,DBQ,IA,ACE,CE,Federal Contract Tower,0,3,6,2,11,0,0,9,0,9,0,3,15,2,20,18,0,18,38
01/14/2013,DBQ,IA,ACE,CE,Federal Contract Tower,0,7,14,0,21,0,0,48,0,48,0,7,62,0,69,144,0,144,213
01/15/2013,DBQ,IA,ACE,CE,Federal Contract Tower,0,4,15,0,19,0,0,61,2,63,0,4,76,2,82,120,0,120,202
01/16/2013,DBQ,IA,ACE,CE,Federal Contract Tower,0,4,9,0,13,0,0,8,0,8,0,4,17,0,21,62,0,62,83
01/17/2013,DBQ,IA,ACE,CE,Federal Contract Tower,0,5,14,0,19,0,0,67,0,67,0,5,81,0,86,186,0,186,272
01/18/2013,DBQ,IA,ACE,CE,Federal Contract Tower,0,4,17,0,21,0,0,19,0,19,0,4,36,0,40,52,0,52,92
01/19/2013,DBQ,IA,ACE,CE,Federal Contract Tower,0,4,8,0,12,0,0,33,0,33,0,4,41,0,45,28,0,28,73
01/20/2013,DBQ,IA,ACE,CE,Federal Contract Tower,0,3,9,0,12,0,0,7,0,7,0,3,16,0,19,4,0,4,23
01/21/2013,DBQ,IA,ACE,CE,Federal Contract Tower,0,5,10,0,15,0,0,21,0,21,0,5,31,0,36,72,0,72,108
01/22/2013,DBQ,IA,ACE,CE,Federal Contract Tower,0,5,23,0,28,0,0,27,0,27,0,5,50,0,55,74,0,74,129
01/23/2013,DBQ,IA,ACE,CE,Federal Contract Tower,0,5,19,0,24,0,0,14,0,14,0,5,33,0,38,34,0,34,72
01/24/2013,DBQ,IA,ACE,CE,Federal Contract Tower,0,5,19,0,24,13,0,32,0,45,13,5,51,0,69,90,0,90,159
01/25/2013,DBQ,IA,ACE,CE,Federal Contract Tower,0,5,17,2,24,0,0,36,0,36,0,5,53,2,60,62,0,62,122
01/26/2013,DBQ,IA,ACE,CE,Federal Contract Tower,0,6,11,0,17,0,0,69,0,69,0,6,80,0,86,38,0,38,124
01/27/2013,DBQ,IA,ACE,CE,Federal Contract Tower,0,1,3,0,4,0,0,0,0,0,0,1,3,0,4,0,0,0,4
01/28/2013,DBQ,IA,ACE,CE,Federal Contract Tower,0,4,9,0,13,0,0,24,0,24,0,4,33,0,37,70,0,70,107
01/29/2013,DBQ,IA,ACE,CE,Federal Contract Tower,0,3,7,0,10,0,0,11,0,11,0,3,18,0,21,64,0,64,85
01/30/2013,DBQ,IA,ACE,CE,Federal Contract Tower,0,1,3,4,8,0,0,0,0,0,0,1,3,4,8,0,0,0,8
01/31/2013,DBQ,IA,ACE,CE,Federal Contract Tower,0,3,7,0,10,0,0,0,0,0,0,3,7,0,10,0,0,0,10
02/01/2013,DBQ,IA,ACE,CE,Federal Contract Tower,0,6,15,2,23,0,0,34,0,34,0,6,49,2,57,12,0,12,69
02/02/2013,DBQ,IA,ACE,CE,Federal Contract Tower,0,6,9,0,15,0,0,26,0,26,0,6,35,0,41,56,0,56,97
02/03/2013,DBQ,IA,ACE,CE,Federal Contract Tower,0,3,1,0,4,0,0,0,0,0,0,3,1,0,4,8,0,8,12
02/04/2013,DBQ,IA,ACE,CE,Federal Contract Tower,0,5,16,0,21,0,0,40,0,40,0,5,56,0,61,88,0,88,149
02/05/2013,DBQ,IA,ACE,CE,Federal Contract Tower,0,5,11,0,16,0,0,0,0,0,0,5,11,0,16,0,0,0,16
02/06/2013,DBQ,IA,ACE,CE,Federal Contract Tower,0,5,14,0,19,0,0,94,0,94,0,5,108,0,113,160,0,160,273
02/07/2013,DBQ,IA,ACE,CE,Federal Contract Tower,0,4,11,0,15,0,0,0,0,0,0,4,11,0,15,0,0,0,15
02/08/2013,DBQ,IA,ACE,CE,Federal Contract Tower,0,5,14,1,20,0,0,39,0,39,0,5,53,1,59,118,0,118,177
02/09/2013,DBQ,IA,ACE,CE,Federal Contract Tower,0,4,6,0,10,0,0,2,0,2,0,4,8,0,12,0,0,0,12
02/10/2013,DBQ,IA,ACE,CE,Federal Contract Tower,0,1,6,0,7,0,0,0,0,0,0,1,6,0,7,0,0,0,7
02/11/2013,DBQ,IA,ACE,CE,Federal Contract Tower,0,9,4,2,15,0,0,0,0,0,0,9,4,2,15,0,0,0,15
02/12/2013,DBQ,IA,ACE,CE,Federal Contract Tower,0,5,21,0,26,0,0,70,0,70,0,5,91,0,96,274,0,274,370
02/13/2013,DBQ,IA,ACE,CE,Federal Contract Tower,1,7,22,0,30,0,0,140,0,140,1,7,162,0,170,222,0,222,392
02/14/2013,DBQ,IA,ACE,CE,Federal Contract Tower,0,5,10,0,15,0,0,37,0,37,0,5,47,0,52,114,0,114,166
02/15/2013,DBQ,IA,ACE,CE,Federal Contract Tower,0,5,17,0,22,0,0,98,0,98,0,5,115,0,120,168,0,168,288
02/16/2013,DBQ,IA,ACE,CE,Federal Contract Tower,0,4,13,0,17,0,0,47,2,49,0,4,60,2,66,108,0,108,174
02/17/2013,DBQ,IA,ACE,CE,Federal Contract Tower,0,3,6,0,9,0,0,27,0,27,0,3,33,0,36,0,0,0,36
02/18/2013,DBQ,IA,ACE,CE,Federal Contract Tower,0,5,16,0,21,0,0,11,0,11,0,5,27,0,32,6,0,6,38
02/19/2013,DBQ,IA,ACE,CE,Federal Contract Tower,0,3,7,0,10,0,0,8,0,8,0,3,15,0,18,70,0,70,88
02/20/2013,DBQ,IA,ACE,CE,Federal Contract Tower,0,5,22,0,27,0,0,124,0,124,0,5,146,0,151,94,0,94,245
02/21/2013,DBQ,IA,ACE,CE,Federal Contract Tower,0,5,14,0,19,0,0,27,0,27,0,5,41,0,46,58,0,58,104
02/22/2013,DBQ,IA,ACE,CE,Federal Contract Tower,0,4,5,0,9,0,0,0,0,0,0,4,5,0,9,0,0,0,9
02/23/2013,DBQ,IA,ACE,CE,Federal Contract Tower,0,4,6,0,10,0,0,28,0,28,0,4,34,0,38,22,0,22,60
02/24/2013,DBQ,IA,ACE,CE,Federal Contract Tower,0,4,7,0,11,0,0,20,0,20,0,4,27,0,31,32,0,32,63
02/25/2013,DBQ,IA,ACE,CE,Federal Contract Tower,0,10,19,0,29,0,0,95,0,95,0,10,114,0,124,150,0,150,274
02/26/2013,DBQ,IA,ACE,CE,Federal Contract Tower,0,3,6,0,9,0,0,21,0,21,0,3,27,0,30,36,0,36,66
02/27/2013,DBQ,IA,ACE,CE,Federal Contract Tower,0,6,20,140,166,0,0,0,0,0,0,6,20,140,166,0,0,0,166
02/28/2013,DBQ,IA,ACE,CE,Federal Contract Tower,0,5,16,0,21,0,0,42,0,42,0,5,58,0,63,160,0,160,223
03/01/2013,DBQ,IA,ACE,CE,Federal Contract Tower,0,5,10,0,15,0,0,87,0,87,0,5,97,0,102,140,0,140,242
03/02/2013,DBQ,IA,ACE,CE,Federal Contract Tower,0,4,22,0,26,0,0,70,0,70,0,4,92,0,96,130,0,130,226
03/03/2013,DBQ,IA,ACE,CE,Federal Contract Tower,0,7,5,0,12,0,0,46,0,46,0,7,51,0,58,10,0,10,68
03/04/2013,DBQ,IA,ACE,CE,Federal Contract Tower,0,5,16,0,21,0,0,4,0,4,0,5,20,0,25,92,0,92,117
03/05/2013,DBQ,IA,ACE,CE,Federal Contract Tower,0,1,6,0,7,0,0,0,0,0,0,1,6,0,7,0,0,0,7
03/06/2013,DBQ,IA,ACE,CE,Federal Contract Tower,0,6,24,0,30,0,0,25,0,25,0,6,49,0,55,32,0,32,87
03/07/2013,DBQ,IA,ACE,CE,Federal Contract Tower,0,3,22,0,25,0,0,54,0,54,0,3,76,0,79,174,0,174,253
03/08/2013,DBQ,IA,ACE,CE,Federal Contract Tower,0,5,21,1,27,0,0,133,1,134,0,5,154,2,161,172,10,182,343
03/09/2013,DBQ,IA,ACE,CE,Federal Contract Tower,0,6,9,0,15,0,0,3,0,3,0,6,12,0,18,50,0,50,68
03/10/2013,DBQ,IA,ACE,CE,Federal Contract Tower,0,0,8,0,8,0,0,0,0,0,0,0,8,0,8,0,0,0,8
03/11/2013,DBQ,IA,ACE,CE,Federal Contract Tower,0,5,13,0,18,0,0,1,0,1,0,5,14,0,19,0,0,0,19
03/12/2013,DBQ,IA,ACE,CE,Federal Contract Tower,0,5,19,0,24,0,0,16,0,16,0,5,35,0,40,26,0,26,66
03/13/2013,DBQ,IA,ACE,CE,Federal Contract Tower,0,6,30,0,36,0,0,114,0,114,0,6,144,0,150,228,2,230,380
03/14/2013,DBQ,IA,ACE,CE,Federal Contract Tower,0,3,18,0,21,0,0,29,0,29,0,3,47,0,50,56,0,56,106
03/15/2013,DBQ,IA,ACE,CE,Federal Contract Tower,0,5,13,0,18,0,0,70,0,70,0,5,83,0,88,101,0,101,189
03/16/2013,DBQ,IA,ACE,CE,Federal Contract Tower,3,3,7,0,13,0,0,1,0,1,3,3,8,0,14,0,2,2,16
03/17/2013,DBQ,IA,ACE,CE,Federal Contract Tower,0,3,9,0,12,0,0,24,0,24,0,3,33,0,36,30,0,30,66
03/18/2013,DBQ,IA,ACE,CE,Federal Contract Tower,0,2,7,1,10,0,0,0,0,0,0,2,7,1,10,0,0,0,10
03/19/2013,DBQ,IA,ACE,CE,Federal Contract Tower,0,6,16,0,22,0,0,30,0,30,0,6,46,0,52,46,0,46,98
03/20/2013,DBQ,IA,ACE,CE,Federal Contract Tower,0,5,17,6,28,0,0,44,0,44,0,5,61,6,72,70,0,70,142
03/21/2013,DBQ,IA,ACE,CE,Federal Contract Tower,0,5,22,0,27,0,0,95,0,95,0,5,117,0,122,110,0,110,232
03/22/2013,DBQ,IA,ACE,CE,Federal Contract Tower,0,5,21,1,27,0,0,66,1,67,0,5,87,2,94,66,0,66,160
03/23/2013,DBQ,IA,ACE,CE,Federal Contract Tower,0,4,8,0,12,0,0,45,0,45,0,4,53,0,57,40,0,40,97
03/24/2013,DBQ,IA,ACE,CE,Federal Contract Tower,0,2,1,0,3,0,0,0,0,0,0,2,1,0,3,0,0,0,3
03/25/2013,DBQ,IA,ACE,CE,Federal Contract Tower,0,7,12,0,19,0,0,42,0,42,0,7,54,0,61,10,0,10,71
03/26/2013,DBQ,IA,ACE,CE,Federal Contract Tower,0,8,26,0,34,0,0,86,0,86,0,8,112,0,120,71,0,71,191
03/27/2013,DBQ,IA,ACE,CE,Federal Contract Tower,0,5,16,3,24,0,0,130,3,133,0,5,146,6,157,178,8,186,343
03/28/2013,DBQ,IA,ACE,CE,Federal Contract Tower,0,5,28,2,35,0,0,85,4,89,0,5,113,6,124,232,0,232,356
03/29/2013,DBQ,IA,ACE,CE,Federal Contract Tower,0,8,19,0,27,0,0,70,0,70,0,8,89,0,97,72,0,72,169
03/30/2013,DBQ,IA,ACE,CE,Federal Contract Tower,1,7,2,0,10,0,0,9,0,9,1,7,11,0,19,6,0,6,25
03/31/2013,DBQ,IA,ACE,CE,Federal Contract Tower,0,4,3,0,7,0,0,0,0,0,0,4,3,0,7,0,0,0,7
04/01/2013,DBQ,IA,ACE,CE,Federal Contract Tower,0,7,10,0,17,0,2,89,0,91,0,9,99,0,108,76,0,76,184
04/02/2013,DBQ,IA,ACE,CE,Federal Contract Tower,0,5,25,0,30,0,0,71,0,71,0,5,96,0,101,108,0,108,209
04/03/2013,DBQ,IA,ACE,CE,Federal Contract Tower,0,5,17,0,22,0,0,121,0,121,0,5,138,0,143,120,0,120,263
04/04/2013,DBQ,IA,ACE,CE,Federal Contract Tower,0,5,24,0,29,0,0,82,2,84,0,5,106,2,113,144,2,146,259
04/05/2013,DBQ,IA,ACE,CE,Federal Contract Tower,0,6,14,0,20,0,0,105,0,105,0,6,119,0,125,78,0,78,203
04/06/2013,DBQ,IA,ACE,CE,Federal Contract Tower,0,4,7,0,11,0,0,8,0,8,0,4,15,0,19,18,0,18,37
04/07/2013,DBQ,IA,ACE,CE,Federal Contract Tower,0,2,17,0,19,0,0,31,0,31,0,2,48,0,50,20,0,20,70
04/08/2013,DBQ,IA,ACE,CE,Federal Contract Tower,0,5,13,2,20,0,0,17,0,17,0,5,30,2,37,50,0,50,87
04/09/2013,DBQ,IA,ACE,CE,Federal Contract Tower,0,4,25,0,29,0,0,0,0,0,0,4,25,0,29,0,0,0,29
04/10/2013,DBQ,IA,ACE,CE,Federal Contract Tower,0,3,30,0,33,0,0,0,0,0,0,3,30,0,33,0,0,0,33
04/11/2013,DBQ,IA,ACE,CE,Federal Contract Tower,0,5,26,0,31,0,0,0,0,0,0,5,26,0,31,0,0,0,31
04/12/2013,DBQ,IA,ACE,CE,Federal Contract Tower,0,5,13,0,18,0,0,10,0,10,0,5,23,0,28,36,0,36,64
04/13/2013,DBQ,IA,ACE,CE,Federal Contract Tower,0,4,6,0,10,0,0,12,0,12,0,4,18,0,22,34,0,34,56
04/14/2013,DBQ,IA,ACE,CE,Federal Contract Tower,0,3,5,0,8,0,0,17,0,17,0,3,22,0,25,6,0,6,31
04/15/2013,DBQ,IA,ACE,CE,Federal Contract Tower,0,5,27,0,32,0,0,78,0,78,0,5,105,0,110,70,0,70,180
04/16/2013,DBQ,IA,ACE,CE,Federal Contract Tower,0,4,23,0,27,0,0,135,0,135,0,4,158,0,162,162,2,164,326
04/17/2013,DBQ,IA,ACE,CE,Federal Contract Tower,0,3,20,0,23,0,0,0,0,0,0,3,20,0,23,0,0,0,23
04/18/2013,DBQ,IA,ACE,CE,Federal Contract Tower,0,1,12,0,13,0,0,0,0,0,0,1,12,0,13,0,0,0,13
04/19/2013,DBQ,IA,ACE,CE,Federal Contract Tower,0,5,9,0,14,0,0,11,0,11,0,5,20,0,25,66,0,66,91
04/20/2013,DBQ,IA,ACE,CE,Federal Contract Tower,0,7,15,0,22,0,1,92,0,93,0,8,107,0,115,110,0,110,225
04/21/2013,DBQ,IA,ACE,CE,Federal Contract Tower,0,3,12,0,15,0,0,67,0,67,0,3,79,0,82,50,0,50,132
04/22/2013,DBQ,IA,ACE,CE,Federal Contract Tower,0,5,20,0,25,0,0,123,0,123,0,5,143,0,148,164,0,164,312
04/23/2013,DBQ,IA,ACE,CE,Federal Contract Tower,0,5,10,0,15,0,0,2,0,2,0,5,12,0,17,54,0,54,71
04/24/2013,DBQ,IA,ACE,CE,Federal Contract Tower,0,7,32,0,39,0,0,145,0,145,0,7,177,0,184,84,0,84,268
04/25/2013,DBQ,IA,ACE,CE,Federal Contract Tower,0,7,21,4,32,0,0,66,0,66,0,7,87,4,98,194,0,194,292
04/26/2013,DBQ,IA,ACE,CE,Federal Contract Tower,0,6,12,0,18,0,0,73,0,73,0,6,85,0,91,62,0,62,153
04/27/2013,DBQ,IA,ACE,CE,Federal Contract Tower,0,4,15,0,19,0,0,78,0,78,0,4,93,0,97,66,0,66,163
04/28/2013,DBQ,IA,ACE,CE,Federal Contract Tower,0,3,6,0,9,0,0,38,0,38,0,3,44,0,47,20,0,20,67
04/29/2013,DBQ,IA,ACE,CE,Federal Contract Tower,2,5,12,0,19,0,0,71,0,71,2,5,83,0,90,158,26,184,274
04/30/2013,DBQ,IA,ACE,CE,Federal Contract Tower,0,5,10,0,15,0,0,22,0,22,0,5,32,0,37,34,0,34,71
05/01/2013,DBQ,IA,ACE,CE,Federal Contract Tower,0,5,21,0,26,0,0,133,0,133,0,5,154,0,159,122,0,122,281
05/02/2013,DBQ,IA,ACE,CE,Federal Contract Tower,0,4,21,0,25,0,0,3,0,3,0,4,24,0,28,10,0,10,38
05/03/2013,DBQ,IA,ACE,CE,Federal Contract Tower,2,3,7,0,12,0,0,0,0,0,2,3,7,0,12,0,0,0,12
05/04/2013,DBQ,IA,ACE,CE,Federal Contract Tower,0,3,12,0,15,0,0,14,0,14,0,3,26,0,29,4,0,4,33
05/05/2013,DBQ,IA,ACE,CE,Federal Contract Tower,0,3,13,0,16,0,0,10,0,10,0,3,23,0,26,18,0,18,44
05/06/2013,DBQ,IA,ACE,CE,Federal Contract Tower,0,5,18,0,23,0,0,98,0,98,0,5,116,0,121,90,0,90,211
05/07/2013,DBQ,IA,ACE,CE,Federal Contract Tower,0,6,20,0,26,0,0,72,0,72,0,6,92,0,98,168,0,168,266
05/08/2013,DBQ,IA,ACE,CE,Federal Contract Tower,0,5,26,2,33,0,0,75,2,77,0,5,101,4,110,100,0,100,210
05/09/2013,DBQ,IA,ACE,CE,Federal Contract Tower,0,5,18,0,23,0,0,20,0,20,0,5,38,0,43,98,0,98,141
05/10/2013,DBQ,IA,ACE,CE,Federal Contract Tower,0,5,35,0,40,0,0,10,0,10,0,5,45,0,50,24,0,24,74
05/11/2013,DBQ,IA,ACE,CE,Federal Contract Tower,0,4,15,0,19,0,0,17,0,17,0,4,32,0,36,20,0,20,56
05/12/2013,DBQ,IA,ACE,CE,Federal Contract Tower,0,3,18,0,21,0,0,32,0,32,0,3,50,0,53,8,0,8,61
05/13/2013,DBQ,IA,ACE,CE,Federal Contract Tower,0,7,11,0,18,0,0,98,0,98,0,7,109,0,116,100,0,100,216
05/14/2013,DBQ,IA,ACE,CE,Federal Contract Tower,0,5,10,2,17,0,0,113,0,113,0,5,123,2,130,74,0,74,204
05/15/2013,DBQ,IA,ACE,CE,Federal Contract Tower,0,5,22,0,27,0,0,89,0,89,0,5,111,0,116,80,0,80,196
05/16/2013,DBQ,IA,ACE,CE,Federal Contract Tower,0,5,9,0,14,0,0,77,0,77,0,5,86,0,91,58,0,58,149
05/17/2013,DBQ,IA,ACE,CE,Federal Contract Tower,0,5,12,0,17,0,0,48,0,48,0,5,60,0,65,44,0,44,109
05/18/2013,DBQ,IA,ACE,CE,Federal Contract Tower,0,4,32,0,36,0,0,58,0,58,0,4,90,0,94,38,0,38,132
05/19/2013,DBQ,IA,ACE,CE,Federal Contract Tower,0,5,3,0,8,0,0,6,0,6,0,5,9,0,14,0,0,0,14
05/20/2013,DBQ,IA,ACE,CE,Federal Contract Tower,0,5,13,0,18,0,0,51,0,51,0,5,64,0,69,72,0,72,141
05/21/2013,DBQ,IA,ACE,CE,Federal Contract Tower,0,3,21,0,24,0,0,45,0,45,0,3,66,0,69,106,0,106,175
05/22/2013,DBQ,IA,ACE,CE,Federal Contract Tower,0,4,17,0,21,0,0,46,0,46,0,4,63,0,67,80,0,80,147
05/23/2013,DBQ,IA,ACE,CE,Federal Contract Tower,0,9,23,2,34,0,0,26,0,26,0,9,49,2,60,74,0,74,134
05/24/2013,DBQ,IA,ACE,CE,Federal Contract Tower,0,6,20,0,26,0,0,72,0,72,0,6,92,0,98,50,0,50,148
05/25/2013,DBQ,IA,ACE,CE,Federal Contract Tower,0,4,1,0,5,0,0,5,0,5,0,4,6,0,10,0,0,0,10
05/26/2013,DBQ,IA,ACE,CE,Federal Contract Tower,0,3,4,0,7,0,0,0,0,0,0,3,4,0,7,0,0,0,7
05/27/2013,DBQ,IA,ACE,CE,Federal Contract Tower,0,3,5,0,8,0,0,0,0,0,0,3,5,0,8,0,0,0,8
05/28/2013,DBQ,IA,ACE,CE,Federal Contract Tower,0,5,15,0,20,0,0,0,0,0,0,5,15,0,20,0,0,0,20
05/29/2013,DBQ,IA,ACE,CE,Federal Contract Tower,0,7,18,0,25,0,0,49,0,49,0,7,67,0,74,108,2,110,184
05/30/2013,DBQ,IA,ACE,CE,Federal Contract Tower,0,7,16,0,23,0,0,6,0,6,0,7,22,0,29,18,0,18,47
05/31/2013,DBQ,IA,ACE,CE,Federal Contract Tower,0,5,12,0,17,0,0,12,0,12,0,5,24,0,29,16,0,16,45
06/01/2013,DBQ,IA,ACE,CE,Federal Contract Tower,0,3,8,0,11,0,0,19,0,19,0,3,27,0,30,22,0,22,52
06/02/2013,DBQ,IA,ACE,CE,Federal Contract Tower,0,3,10,0,13,0,0,21,0,21,0,3,31,0,34,0,0,0,34
06/03/2013,DBQ,IA,ACE,CE,Federal Contract Tower,0,6,18,0,24,0,0,62,0,62,0,6,80,0,86,42,0,42,128
06/04/2013,DBQ,IA,ACE,CE,Federal Contract Tower,0,4,14,0,18,0,0,58,0,58,0,4,72,0,76,40,0,40,116
06/05/2013,DBQ,IA,ACE,CE,Federal Contract Tower,0,5,20,0,25,0,0,17,0,17,0,5,37,0,42,74,0,74,116
06/06/2013,DBQ,IA,ACE,CE,Federal Contract Tower,0,6,27,0,33,0,0,2,0,2,0,6,29,0,35,10,0,10,45
06/07/2013,DBQ,IA,ACE,CE,Federal Contract Tower,0,5,22,0,27,0,0,58,0,58,0,5,80,0,85,48,2,50,135
06/08/2013,DBQ,IA,ACE,CE,Federal Contract Tower,0,4,12,0,16,0,0,21,3,24,0,4,33,3,40,18,2,20,60
06/09/2013,DBQ,IA,ACE,CE,Federal Contract Tower,0,4,11,0,15,0,0,2,0,2,0,4,13,0,17,6,0,6,23
06/10/2013,DBQ,IA,ACE,CE,Federal Contract Tower,0,5,14,0,19,0,0,24,0,24,0,5,38,0,43,32,0,32,75
06/11/2013,DBQ,IA,ACE,CE,Federal Contract Tower,0,5,19,0,24,0,0,76,0,76,0,5,95,0,100,56,0,56,156
06/12/2013,DBQ,IA,ACE,CE,Federal Contract Tower,0,5,8,0,13,0,0,6,0,6,0,5,14,0,19,2,0,2,21
06/13/2013,DBQ,IA,ACE,CE,Federal Contract Tower,0,6,27,0,33,0,0,105,0,105,0,6,132,0,138,44,0,44,182
06/14/2013,DBQ,IA,ACE,CE,Federal Contract Tower,0,5,23,0,28,0,0,36,0,36,0,5,59,0,64,24,0,24,88
06/15/2013,DBQ,IA,ACE,CE,Federal Contract Tower,0,3,8,0,11,0,0,16,0,16,0,3,24,0,27,6,0,6,33
06/16/2013,DBQ,IA,ACE,CE,Federal Contract Tower,0,3,6,0,9,0,0,24,0,24,0,3,30,0,33,0,0,0,33
06/17/2013,DBQ,IA,ACE,CE,Federal Contract Tower,0,6,13,0,19,0,0,55,0,55,0,6,68,0,74,61,0,61,135
06/18/2013,DBQ,IA,ACE,CE,Federal Contract Tower,0,5,10,0,15,0,0,44,0,44,0,5,54,0,59,12,0,12,71
06/19/2013,DBQ,IA,ACE,CE,Federal Contract Tower,0,5,18,0,23,0,0,69,0,69,0,5,87,0,92,56,0,56,148
06/20/2013,DBQ,IA,ACE,CE,Federal Contract Tower,0,7,16,0,23,0,0,34,0,34,0,7,50,0,57,54,0,54,111
06/21/2013,DBQ,IA,ACE,CE,Federal Contract Tower,0,3,13,0,16,0,0,17,0,17,0,3,30,0,33,16,0,16,49
06/22/2013,DBQ,IA,ACE,CE,Federal Contract Tower,0,3,3,0,6,0,0,4,0,4,0,3,7,0,10,0,0,0,10
06/23/2013,DBQ,IA,ACE,CE,Federal Contract Tower,0,3,14,0,17,0,0,8,0,8,0,3,22,0,25,2,0,2,27
06/24/2013,DBQ,IA,ACE,CE,Federal Contract Tower,0,7,7,0,14,0,0,6,0,6,0,7,13,0,20,8,0,8,28
06/25/2013,DBQ,IA,ACE,CE,Federal Contract Tower,0,5,26,0,31,0,0,8,0,8,0,5,34,0,39,2,0,2,41
06/26/2013,DBQ,IA,ACE,CE,Federal Contract Tower,0,6,16,0,22,0,0,35,0,35,0,6,51,0,57,46,0,46,103
06/27/2013,DBQ,IA,ACE,CE,Federal Contract Tower,0,6,21,0,27,0,0,73,0,73,0,6,94,0,100,80,2,82,182
06/28/2013,DBQ,IA,ACE,CE,Federal Contract Tower,0,6,28,0,34,0,0,56,0,56,0,6,84,0,90,60,0,60,150
06/29/2013,DBQ,IA,ACE,CE,Federal Contract Tower,0,3,5,2,10,0,0,3,2,5,0,3,8,4,15,0,8,8,23
06/30/2013,DBQ,IA,ACE,CE,Federal Contract Tower,0,3,8,0,11,0,0,46,0,46,0,3,54,0,57,0,0,0,57
07/01/2013,DBQ,IA,ACE,CE,Federal Contract Tower,0,7,8,0,15,0,0,40,0,40,0,7,48,0,55,36,0,36,91
07/02/2013,DBQ,IA,ACE,CE,Federal Contract Tower,0,6,20,0,26,0,1,57,0,58,0,7,77,0,84,49,0,49,133
07/03/2013,DBQ,IA,ACE,CE,Federal Contract Tower,0,5,17,0,22,0,0,64,0,64,0,5,81,0,86,44,0,44,130
07/04/2013,DBQ,IA,ACE,CE,Federal Contract Tower,2,5,4,0,11,0,0,19,0,19,2,5,23,0,30,0,0,0,30
07/05/2013,DBQ,IA,ACE,CE,Federal Contract Tower,0,4,18,0,22,0,0,15,0,15,0,4,33,0,37,0,2,2,39
07/06/2013,DBQ,IA,ACE,CE,Federal Contract Tower,0,6,10,0,16,0,0,23,0,23,0,6,33,0,39,8,0,8,47
07/07/2013,DBQ,IA,ACE,CE,Federal Contract Tower,0,5,14,0,19,0,0,15,0,15,0,5,29,0,34,0,0,0,34
07/08/2013,DBQ,IA,ACE,CE,Federal Contract Tower,1,6,22,0,29,0,0,66,0,66,1,6,88,0,95,116,0,116,211
07/09/2013,DBQ,IA,ACE,CE,Federal Contract Tower,0,5,11,0,16,0,0,8,0,8,0,5,19,0,24,0,10,10,34
07/10/2013,DBQ,IA,ACE,CE,Federal Contract Tower,0,6,14,0,20,0,0,64,0,64,0,6,78,0,84,110,0,110,194
07/11/2013,DBQ,IA,ACE,CE,Federal Contract Tower,0,6,24,1,31,0,0,84,1,85,0,6,108,2,116,46,0,46,162
07/12/2013,DBQ,IA,ACE,CE,Federal Contract Tower,0,3,21,2,26,0,0,51,0,51,0,3,72,2,77,30,0,30,107
07/13/2013,DBQ,IA,ACE,CE,Federal Contract Tower,0,3,8,0,11,0,0,22,0,22,0,3,30,0,33,4,0,4,37
07/14/2013,DBQ,IA,ACE,CE,Federal Contract Tower,0,5,10,0,15,0,0,38,0,38,0,5,48,0,53,34,0,34,87
07/15/2013,DBQ,IA,ACE,CE,Federal Contract Tower,0,7,22,0,29,0,0,44,0,44,0,7,66,0,73,66,0,66,139
07/16/2013,DBQ,IA,ACE,CE,Federal Contract Tower,0,6,28,0,34,0,0,46,0,46,0,6,74,0,80,72,0,72,152
07/17/2013,DBQ,IA,ACE,CE,Federal Contract Tower,0,8,28,2,38,0,0,69,0,69,0,8,97,2,107,60,2,62,169
07/18/2013,DBQ,IA,ACE,CE,Federal Contract Tower,0,4,28,0,32,0,0,45,0,45,0,4,73,0,77,24,0,24,101
07/19/2013,DBQ,IA,ACE,CE,Federal Contract Tower,0,5,17,0,22,0,0,32,0,32,0,5,49,0,54,44,0,44,98
07/20/2013,DBQ,IA,ACE,CE,Federal Contract Tower,0,2,11,0,13,0,0,31,0,31,0,2,42,0,44,14,0,14,58
07/21/2013,DBQ,IA,ACE,CE,Federal Contract Tower,0,5,15,0,20,0,0,9,0,9,0,5,24,0,29,16,0,16,45
07/22/2013,DBQ,IA,ACE,CE,Federal Contract Tower,0,5,18,0,23,0,0,50,0,50,0,5,68,0,73,98,0,98,171
07/23/2013,DBQ,IA,ACE,CE,Federal Contract Tower,0,6,30,0,36,0,0,37,0,37,0,6,67,0,73,34,0,34,107
07/24/2013,DBQ,IA,ACE,CE,Federal Contract Tower,0,5,18,0,23,0,0,85,0,85,0,5,103,0,108,72,0,72,180
07/25/2013,DBQ,IA,ACE,CE,Federal Contract Tower,0,9,10,0,19,0,0,184,0,184,0,9,194,0,203,8,0,8,211
07/26/2013,DBQ,IA,ACE,CE,Federal Contract Tower,0,8,12,0,20,0,0,163,0,163,0,8,175,0,183,68,0,68,251
07/27/2013,DBQ,IA,ACE,CE,Federal Contract Tower,0,4,17,0,21,0,0,311,0,311,0,4,328,0,332,168,0,168,500
07/28/2013,DBQ,IA,ACE,CE,Federal Contract Tower,0,5,10,0,15,0,0,110,0,110,0,5,120,0,125,84,0,84,209
07/29/2013,DBQ,IA,ACE,CE,Federal Contract Tower,0,6,15,0,21,0,0,76,0,76,0,6,91,0,97,120,0,120,217
07/30/2013,DBQ,IA,ACE,CE,Federal Contract Tower,0,5,23,0,28,0,0,32,0,32,0,5,55,0,60,38,0,38,98
07/31/2013,DBQ,IA,ACE,CE,Federal Contract Tower,0,5,23,0,28,0,0,36,0,36,0,5,59,0,64,70,0,70,134
08/01/2013,DBQ,IA,ACE,CE,Federal Contract Tower,0,5,22,0,27,0,0,66,0,66,0,5,88,0,93,22,0,22,115
08/02/2013,DBQ,IA,ACE,CE,Federal Contract Tower,0,5,21,0,26,0,0,37,0,37,0,5,58,0,63,16,0,16,79
08/03/2013,DBQ,IA,ACE,CE,Federal Contract Tower,0,4,8,0,12,0,0,36,0,36,0,4,44,0,48,22,0,22,70
08/04/2013,DBQ,IA,ACE,CE,Federal Contract Tower,0,5,19,0,24,0,0,52,0,52,0,5,71,0,76,12,0,12,88
08/05/2013,DBQ,IA,ACE,CE,Federal Contract Tower,0,10,14,0,24,0,0,15,0,15,0,10,29,0,39,8,0,8,47
08/06/2013,DBQ,IA,ACE,CE,Federal Contract Tower,0,9,26,0,35,0,0,19,0,19,0,9,45,0,54,18,0,18,72
08/07/2013,DBQ,IA,ACE,CE,Federal Contract Tower,0,5,15,0,20,0,0,55,0,55,0,5,70,0,75,60,0,60,135
08/08/2013,DBQ,IA,ACE,CE,Federal Contract Tower,0,5,15,0,20,0,0,51,0,51,0,5,66,0,71,30,0,30,101
08/09/2013,DBQ,IA,ACE,CE,Federal Contract Tower,0,5,17,0,22,0,0,49,0,49,0,5,66,0,71,58,0,58,129
08/10/2013,DBQ,IA,ACE,CE,Federal Contract Tower,0,3,14,0,17,0,0,22,0,22,0,3,36,0,39,12,0,12,51
08/11/2013,DBQ,IA,ACE,CE,Federal Contract Tower,0,3,14,0,17,0,0,10,0,10,0,3,24,0,27,38,0,38,65
08/12/2013,DBQ,IA,ACE,CE,Federal Contract Tower,0,5,21,0,26,0,0,23,0,23,0,5,44,0,49,24,0,24,73
08/13/2013,DBQ,IA,ACE,CE,Federal Contract Tower,0,7,23,0,30,0,0,66,0,66,0,7,89,0,96,80,0,80,176
08/14/2013,DBQ,IA,ACE,CE,Federal Contract Tower,0,5,20,0,25,0,0,67,0,67,0,5,87,0,92,28,0,28,120
08/15/2013,DBQ,IA,ACE,CE,Federal Contract Tower,0,5,21,0,26,0,0,23,0,23,0,5,44,0,49,8,0,8,57
08/16/2013,DBQ,IA,ACE,CE,Federal Contract Tower,0,7,8,0,15,0,0,31,0,31,0,7,39,0,46,16,0,16,62
08/17/2013,DBQ,IA,ACE,CE,Federal Contract Tower,0,4,8,0,12,0,0,45,0,45,0,4,53,0,57,6,0,6,63
08/18/2013,DBQ,IA,ACE,CE,Federal Contract Tower,0,4,18,0,22,0,0,28,0,28,0,4,46,0,50,22,0,22,72
08/19/2013,DBQ,IA,ACE,CE,Federal Contract Tower,0,5,19,0,24,0,0,48,0,48,0,5,67,0,72,40,0,40,112
08/20/2013,DBQ,IA,ACE,CE,Federal Contract Tower,0,5,26,0,31,0,0,48,0,48,0,5,74,0,79,64,0,64,143
08/21/2013,DBQ,IA,ACE,CE,Federal Contract Tower,0,5,31,0,36,0,0,51,0,51,0,5,82,0,87,66,0,66,153
08/22/2013,DBQ,IA,ACE,CE,Federal Contract Tower,0,3,23,0,26,0,0,9,5,14,0,3,32,5,40,0,0,0,40
08/23/2013,DBQ,IA,ACE,CE,Federal Contract Tower,0,7,19,0,26,0,0,25,4,29,0,7,44,4,55,18,0,18,73
08/24/2013,DBQ,IA,ACE,CE,Federal Contract Tower,0,3,15,0,18,0,0,37,1,38,0,3,52,1,56,14,0,14,70
08/25/2013,DBQ,IA,ACE,CE,Federal Contract Tower,2,3,8,0,13,0,0,27,0,27,2,3,35,0,40,0,0,0,40
08/26/2013,DBQ,IA,ACE,CE,Federal Contract Tower,0,5,23,0,28,0,0,62,0,62,0,5,85,0,90,62,0,62,152
08/27/2013,DBQ,IA,ACE,CE,Federal Contract Tower,0,5,23,0,28,0,0,35,0,35,0,5,58,0,63,34,0,34,97
08/28/2013,DBQ,IA,ACE,CE,Federal Contract Tower,0,8,26,0,34,0,0,8,0,8,0,8,34,0,42,18,0,18,60
08/29/2013,DBQ,IA,ACE,CE,Federal Contract Tower,0,5,18,0,23,0,0,27,0,27,0,5,45,0,50,68,0,68,118
08/30/2013,DBQ,IA,ACE,CE,Federal Contract Tower,0,5,14,0,19,0,0,50,0,50,0,5,64,0,69,62,0,62,131
08/31/2013,DBQ,IA,ACE,CE,Federal Contract Tower,0,3,7,0,10,0,0,9,0,9,0,3,16,0,19,36,0,36,55
09/01/2013,DBQ,IA,ACE,CE,Federal Contract Tower,0,2,3,0,5,0,0,2,0,2,0,2,5,0,7,0,0,0,7
09/02/2013,DBQ,IA,ACE,CE,Federal Contract Tower,0,5,8,0,13,0,0,20,0,20,0,5,28,0,33,22,0,22,55
09/03/2013,DBQ,IA,ACE,CE,Federal Contract Tower,0,6,14,0,20,0,0,87,0,87,0,6,101,0,107,26,0,26,133
09/04/2013,DBQ,IA,ACE,CE,Federal Contract Tower,0,6,20,0,26,0,0,106,0,106,0,6,126,0,132,102,0,102,234
09/05/2013,DBQ,IA,ACE,CE,Federal Contract Tower,0,5,6,0,11,0,0,48,0,48,0,5,54,0,59,80,2,82,141
09/06/2013,DBQ,IA,ACE,CE,Federal Contract Tower,0,5,15,0,20,0,0,145,0,145,0,5,160,0,165,114,0,114,279
09/07/2013,DBQ,IA,ACE,CE,Federal Contract Tower,0,4,16,0,20,0,0,76,0,76,0,4,92,0,96,46,0,46,142
09/08/2013,DBQ,IA,ACE,CE,Federal Contract Tower,0,6,62,0,68,0,0,11,0,11,0,6,73,0,79,24,0,24,103
09/09/2013,DBQ,IA,ACE,CE,Federal Contract Tower,0,5,18,0,23,0,0,52,2,54,0,5,70,2,77,90,0,90,167
09/10/2013,DBQ,IA,ACE,CE,Federal Contract Tower,0,6,12,0,18,0,0,94,0,94,0,6,106,0,112,124,0,124,236
09/11/2013,DBQ,IA,ACE,CE,Federal Contract Tower,0,6,25,0,31,0,0,107,0,107,0,6,132,0,138,98,0,98,236
09/12/2013,DBQ,IA,ACE,CE,Federal Contract Tower,0,7,19,0,26,0,0,102,0,102,0,7,121,0,128,76,0,76,204
09/13/2013,DBQ,IA,ACE,CE,Federal Contract Tower,0,4,16,0,20,0,0,145,0,145,0,4,161,0,165,236,0,236,401
09/14/2013,DBQ,IA,ACE,CE,Federal Contract Tower,0,4,12,0,16,0,0,69,0,69,0,4,81,0,85,86,0,86,171
09/15/2013,DBQ,IA,ACE,CE,Federal Contract Tower,0,5,17,0,22,0,0,0,0,0,0,5,17,0,22,0,0,0,22
09/16/2013,DBQ,IA,ACE,CE,Federal Contract Tower,1,7,26,0,34,0,0,69,0,69,1,7,95,0,103,160,0,160,263
09/17/2013,DBQ,IA,ACE,CE,Federal Contract Tower,1,7,20,0,28,0,0,89,0,89,1,7,109,0,117,142,0,142,259
09/18/2013,DBQ,IA,ACE,CE,Federal Contract Tower,0,5,15,0,20,0,0,39,0,39,0,5,54,0,59,66,0,66,125
09/19/2013,DBQ,IA,ACE,CE,Federal Contract Tower,0,4,21,0,25,0,0,69,0,69,0,4,90,0,94,140,0,140,234
09/20/2013,DBQ,IA,ACE,CE,Federal Contract Tower,0,5,26,0,31,0,0,95,0,95,0,5,121,0,126,256,0,256,382
09/21/2013,DBQ,IA,ACE,CE,Federal Contract Tower,0,4,15,0,19,0,0,56,0,56,0,4,71,0,75,152,0,152,227
09/22/2013,DBQ,IA,ACE,CE,Federal Contract Tower,0,7,21,0,28,0,0,50,0,50,0,7,71,0,78,2,0,2,80
09/23/2013,DBQ,IA,ACE,CE,Federal Contract Tower,0,6,17,0,23,0,3,128,5,136,0,9,145,5,159,222,0,222,381
09/24/2013,DBQ,IA,ACE,CE,Federal Contract Tower,0,8,33,2,43,0,0,115,3,118,0,8,148,5,161,238,2,240,401
09/25/2013,DBQ,IA,ACE,CE,Federal Contract Tower,0,7,21,0,28,0,0,125,0,125,0,7,146,0,153,166,2,168,321
09/26/2013,DBQ,IA,ACE,CE,Federal Contract Tower,0,9,12,0,21,0,0,109,0,109,0,9,121,0,130,264,0,264,394
09/27/2013,DBQ,IA,ACE,CE,Federal Contract Tower,0,5,22,0,27,0,0,105,0,105,0,5,127,0,132,158,0,158,290
09/28/2013,DBQ,IA,ACE,CE,Federal Contract Tower,0,5,12,0,17,0,0,27,0,27,0,5,39,0,44,74,0,74,118
09/29/2013,DBQ,IA,ACE,CE,Federal Contract Tower,0,6,11,0,17,0,0,52,0,52,0,6,63,0,69,38,0,38,107
09/30/2013,DBQ,IA,ACE,CE,Federal Contract Tower,2,6,10,1,19,0,0,88,0,88,2,6,98,1,107,228,4,232,339
10/01/2013,DBQ,IA,ACE,CE,Federal Contract Tower,0,5,20,0,25,0,0,60,0,60,0,5,80,0,85,160,0,160,245
10/02/2013,DBQ,IA,ACE,CE,Federal Contract Tower,0,5,10,0,15,0,0,101,0,101,0,5,111,0,116,196,0,196,312
10/03/2013,DBQ,IA,ACE,CE,Federal Contract Tower,0,5,7,0,12,0,0,7,0,7,0,5,14,0,19,0,0,0,19
10/04/2013,DBQ,IA,ACE,CE,Federal Contract Tower,2,5,4,0,11,0,0,4,0,4,2,5,8,0,15,0,0,0,15
10/05/2013,DBQ,IA,ACE,CE,Federal Contract Tower,0,5,9,0,14,0,0,9,0,9,0,5,18,0,23,12,0,12,35
10/06/2013,DBQ,IA,ACE,CE,Federal Contract Tower,0,4,6,0,10,0,0,21,0,21,0,4,27,0,31,48,0,48,79
10/07/2013,DBQ,IA,ACE,CE,Federal Contract Tower,0,5,14,0,19,0,0,113,0,113,0,5,127,0,132,334,0,334,466
10/08/2013,DBQ,IA,ACE,CE,Federal Contract Tower,0,7,15,0,22,0,0,85,0,85,0,7,100,0,107,286,0,286,393
10/09/2013,DBQ,IA,ACE,CE,Federal Contract Tower,0,7,16,0,23,0,0,141,0,141,0,7,157,0,164,234,0,234,398
10/10/2013,DBQ,IA,ACE,CE,Federal Contract Tower,0,5,32,0,37,0,0,94,0,94,0,5,126,0,131,296,0,296,427
10/11/2013,DBQ,IA,ACE,CE,Federal Contract Tower,0,5,15,0,20,0,0,62,0,62,0,5,77,0,82,188,0,188,270
10/12/2013,DBQ,IA,ACE,CE,Federal Contract Tower,0,4,14,0,18,0,0,45,0,45,0,4,59,0,63,144,0,144,207
10/13/2013,DBQ,IA,ACE,CE,Federal Contract Tower,0,10,13,0,23,0,0,59,0,59,0,10,72,0,82,206,0,206,288
10/14/2013,DBQ,IA,ACE,CE,Federal Contract Tower,0,5,21,0,26,0,0,151,0,151,0,5,172,0,177,418,0,418,595
10/15/2013,DBQ,IA,ACE,CE,Federal Contract Tower,0,8,24,0,32,0,0,22,0,22,0,8,46,0,54,120,0,120,174
10/16/2013,DBQ,IA,ACE,CE,Federal Contract Tower,0,6,27,0,33,0,0,6,0,6,0,6,33,0,39,46,0,46,85
10/17/2013,DBQ,IA,ACE,CE,Federal Contract Tower,0,5,23,0,28,0,0,89,0,89,0,5,112,0,117,226,0,226,343
10/18/2013,DBQ,IA,ACE,CE,Federal Contract Tower,0,4,29,0,33,0,0,100,0,100,0,4,129,0,133,84,0,84,217
10/19/2013,DBQ,IA,ACE,CE,Federal Contract Tower,0,5,13,0,18,0,0,0,0,0,0,5,13,0,18,54,0,54,72
10/20/2013,DBQ,IA,ACE,CE,Federal Contract Tower,0,5,9,0,14,0,1,18,0,19,0,6,27,0,33,2,0,2,35
10/21/2013,DBQ,IA,ACE,CE,Federal Contract Tower,0,8,15,0,23,0,1,79,0,80,0,9,94,0,103,216,0,216,319
10/22/2013,DBQ,IA,ACE,CE,Federal Contract Tower,0,5,12,0,17,0,0,41,0,41,0,5,53,0,58,128,0,128,186
10/23/2013,DBQ,IA,ACE,CE,Federal Contract Tower,0,5,16,0,21,0,0,68,0,68,0,5,84,0,89,250,0,250,339
10/24/2013,DBQ,IA,ACE,CE,Federal Contract Tower,0,6,19,0,25,0,0,71,0,71,0,6,90,0,96,254,0,254,350
10/25/2013,DBQ,IA,ACE,CE,Federal Contract Tower,0,7,20,2,29,0,0,54,0,54,0,7,74,2,83,116,0,116,199
10/26/2013,DBQ,IA,ACE,CE,Federal Contract Tower,0,5,13,0,18,0,1,44,0,45,0,6,57,0,63,46,0,46,109
10/27/2013,DBQ,IA,ACE,CE,Federal Contract Tower,0,5,26,0,31,0,0,39,0,39,0,5,65,0,70,22,0,22,92
10/28/2013,DBQ,IA,ACE,CE,Federal Contract Tower,0,4,12,0,16,0,0,71,0,71,0,4,83,0,87,242,0,242,329
10/29/2013,DBQ,IA,ACE,CE,Federal Contract Tower,0,6,21,0,27,0,0,69,0,69,0,6,90,0,96,214,0,214,310
10/30/2013,DBQ,IA,ACE,CE,Federal Contract Tower,0,1,9,0,10,0,0,0,0,0,0,1,9,0,10,0,0,0,10
10/31/2013,DBQ,IA,ACE,CE,Federal Contract Tower,0,7,14,0,21,0,0,0,0,0,0,7,14,0,21,0,0,0,21
11/01/2013,DBQ,IA,ACE,CE,Federal Contract Tower,0,5,24,0,29,0,0,26,0,26,0,5,50,0,55,168,0,168,223
11/02/2013,DBQ,IA,ACE,CE,Federal Contract Tower,0,4,8,0,12,0,0,64,0,64,0,4,72,0,76,140,0,140,216
11/03/2013,DBQ,IA,ACE,CE,Federal Contract Tower,0,6,15,0,21,0,0,38,0,38,0,6,53,0,59,24,0,24,83
11/04/2013,DBQ,IA,ACE,CE,Federal Contract Tower,0,5,20,0,25,0,0,61,0,61,0,5,81,0,86,132,0,132,218
11/05/2013,DBQ,IA,ACE,CE,Federal Contract Tower,0,7,17,0,24,0,0,28,0,28,0,7,45,0,52,110,0,110,162
11/06/2013,DBQ,IA,ACE,CE,Federal Contract Tower,0,6,16,0,22,0,0,29,0,29,0,6,45,0,51,100,0,100,151
11/07/2013,DBQ,IA,ACE,CE,Federal Contract Tower,0,5,16,0,21,0,0,41,0,41,0,5,57,0,62,264,0,264,326
11/08/2013,DBQ,IA,ACE,CE,Federal Contract Tower,0,6,15,0,21,0,0,107,0,107,0,6,122,0,128,270,0,270,398
11/09/2013,DBQ,IA,ACE,CE,Federal Contract Tower,0,6,12,0,18,0,0,33,0,33,0,6,45,0,51,78,0,78,129
11/10/2013,DBQ,IA,ACE,CE,Federal Contract Tower,0,5,21,0,26,0,2,51,0,53,0,7,72,0,79,20,0,20,99
11/11/2013,DBQ,IA,ACE,CE,Federal Contract Tower,0,6,6,0,12,0,0,12,0,12,0,6,18,0,24,24,0,24,48
11/12/2013,DBQ,IA,ACE,CE,Federal Contract Tower,0,7,24,0,31,0,0,104,0,104,0,7,128,0,135,224,4,228,363
11/13/2013,DBQ,IA,ACE,CE,Federal Contract Tower,0,7,26,0,33,0,0,85,0,85,0,7,111,0,118,232,0,232,350
11/14/2013,DBQ,IA,ACE,CE,Federal Contract Tower,0,5,16,0,21,0,0,77,0,77,0,5,93,0,98,148,0,148,246
11/15/2013,DBQ,IA,ACE,CE,Federal Contract Tower,0,8,29,0,37,0,0,98,0,98,0,8,127,0,135,212,0,212,347
11/16/2013,DBQ,IA,ACE,CE,Federal Contract Tower,0,8,12,0,20,0,0,0,0,0,0,8,12,0,20,0,0,0,20
11/17/2013,DBQ,IA,ACE,CE,Federal Contract Tower,2,4,7,0,13,0,0,0,2,2,2,4,7,2,15,0,2,2,17
11/18/2013,DBQ,IA,ACE,CE,Federal Contract Tower,0,4,12,0,16,0,0,39,0,39,0,4,51,0,55,58,0,58,113
11/19/2013,DBQ,IA,ACE,CE,Federal Contract Tower,0,7,14,0,21,0,0,107,0,107,0,7,121,0,128,202,0,202,330
11/20/2013,DBQ,IA,ACE,CE,Federal Contract Tower,0,5,15,0,20,0,0,43,0,43,0,5,58,0,63,80,0,80,143
11/21/2013,DBQ,IA,ACE,CE,Federal Contract Tower,0,8,17,0,25,0,0,0,0,0,0,8,17,0,25,0,0,0,25
11/22/2013,DBQ,IA,ACE,CE,Federal Contract Tower,0,5,16,0,21,0,0,65,0,65,0,5,81,0,86,154,0,154,240
11/23/2013,DBQ,IA,ACE,CE,Federal Contract Tower,0,5,7,0,12,0,0,12,0,12,0,5,19,0,24,0,0,0,24
11/24/2013,DBQ,IA,ACE,CE,Federal Contract Tower,0,3,7,0,10,0,0,22,0,22,0,3,29,0,32,2,0,2,34
11/25/2013,DBQ,IA,ACE,CE,Federal Contract Tower,0,8,17,0,25,0,0,2,0,2,0,8,19,0,27,0,0,0,27
11/26/2013,DBQ,IA,ACE,CE,Federal Contract Tower,0,5,12,0,17,0,0,19,0,19,0,5,31,0,36,6,0,6,42
11/27/2013,DBQ,IA,ACE,CE,Federal Contract Tower,0,5,16,0,21,0,0,27,0,27,0,5,43,0,48,16,0,16,64
11/28/2013,DBQ,IA,ACE,CE,Federal Contract Tower,0,4,0,0,4,0,0,2,0,2,0,4,2,0,6,0,0,0,6
11/29/2013,DBQ,IA,ACE,CE,Federal Contract Tower,0,3,6,0,9,0,0,13,0,13,0,3,19,0,22,14,0,14,36
11/30/2013,DBQ,IA,ACE,CE,Federal Contract Tower,0,5,12,0,17,0,0,19,0,19,0,5,31,0,36,16,0,16,52
12/01/2013,DBQ,IA,ACE,CE,Federal Contract Tower,0,4,8,0,12,0,0,25,0,25,0,4,33,0,37,2,0,2,39
12/02/2013,DBQ,IA,ACE,CE,Federal Contract Tower,0,5,10,0,15,0,0,6,0,6,0,5,16,0,21,0,0,0,21
12/03/2013,DBQ,IA,ACE,CE,Federal Contract Tower,0,1,6,0,7,0,0,0,0,0,0,1,6,0,7,0,0,0,7
12/04/2013,DBQ,IA,ACE,CE,Federal Contract Tower,0,2,9,0,11,0,0,0,0,0,0,2,9,0,11,0,0,0,11
12/05/2013,DBQ,IA,ACE,CE,Federal Contract Tower,0,5,16,0,21,0,0,62,0,62,0,5,78,0,83,212,0,212,295
12/06/2013,DBQ,IA,ACE,CE,Federal Contract Tower,0,7,20,0,27,0,0,121,0,121,0,7,141,0,148,120,0,120,268
12/07/2013,DBQ,IA,ACE,CE,Federal Contract Tower,0,4,18,1,23,0,0,64,1,65,0,4,82,2,88,140,0,140,228
12/08/2013,DBQ,IA,ACE,CE,Federal Contract Tower,0,1,7,0,8,0,0,0,0,0,0,1,7,0,8,0,0,0,8
12/09/2013,DBQ,IA,ACE,CE,Federal Contract Tower,0,2,19,0,21,0,0,29,0,29,0,2,48,0,50,132,0,132,182
12/10/2013,DBQ,IA,ACE,CE,Federal Contract Tower,0,5,37,0,42,0,0,24,0,24,0,5,61,0,66,42,0,42,108
12/11/2013,DBQ,IA,ACE,CE,Federal Contract Tower,0,5,14,0,19,0,0,73,0,73,0,5,87,0,92,90,0,90,182
12/12/2013,DBQ,IA,ACE,CE,Federal Contract Tower,0,5,33,2,40,0,0,86,0,86,0,5,119,2,126,170,0,170,296
12/13/2013,DBQ,IA,ACE,CE,Federal Contract Tower,0,7,14,0,21,0,0,90,0,90,0,7,104,0,111,228,0,228,339
12/14/2013,DBQ,IA,ACE,CE,Federal Contract Tower,0,4,8,0,12,0,0,3,0,3,0,4,11,0,15,0,0,0,15
12/15/2013,DBQ,IA,ACE,CE,Federal Contract Tower,0,4,4,0,8,0,0,7,0,7,0,4,11,0,15,0,0,0,15
12/16/2013,DBQ,IA,ACE,CE,Federal Contract Tower,0,5,16,0,21,0,0,24,0,24,0,5,40,0,45,42,0,42,87
12/17/2013,DBQ,IA,ACE,CE,Federal Contract Tower,0,5,19,0,24,0,0,58,0,58,0,5,77,0,82,34,0,34,116
12/18/2013,DBQ,IA,ACE,CE,Federal Contract Tower,0,8,21,0,29,0,0,16,0,16,0,8,37,0,45,34,0,34,79
12/19/2013,DBQ,IA,ACE,CE,Federal Contract Tower,0,7,15,0,22,0,0,12,0,12,0,7,27,0,34,48,0,48,82
12/20/2013,DBQ,IA,ACE,CE,Federal Contract Tower,0,3,5,0,8,0,0,0,0,0,0,3,5,0,8,0,0,0,8
12/21/2013,DBQ,IA,ACE,CE,Federal Contract Tower,0,3,1,0,4,0,0,0,0,0,0,3,1,0,4,0,0,0,4
12/22/2013,DBQ,IA,ACE,CE,Federal Contract Tower,4,0,0,0,4,0,0,0,0,0,4,0,0,0,4,0,0,0,4
12/23/2013,DBQ,IA,ACE,CE,Federal Contract Tower,0,4,15,0,19,0,0,6,0,6,0,4,21,0,25,0,0,0,25
12/24/2013,DBQ,IA,ACE,CE,Federal Contract Tower,0,3,4,0,7,0,0,4,0,4,0,3,8,0,11,2,0,2,13
12/25/2013,DBQ,IA,ACE,CE,Federal Contract Tower,0,4,0,0,4,0,0,0,0,0,0,4,0,0,4,0,0,0,4
12/26/2013,DBQ,IA,ACE,CE,Federal Contract Tower,0,8,7,0,15,0,0,1,0,1,0,8,8,0,16,0,2,2,18
12/27/2013,DBQ,IA,ACE,CE,Federal Contract Tower,0,3,13,0,16,0,0,17,0,17,0,3,30,0,33,14,0,14,47
12/28/2013,DBQ,IA,ACE,CE,Federal Contract Tower,0,4,3,0,7,0,0,32,0,32,0,4,35,0,39,22,0,22,61
12/29/2013,DBQ,IA,ACE,CE,Federal Contract Tower,0,2,5,0,7,0,0,0,0,0,0,2,5,0,7,0,0,0,7
12/30/2013,DBQ,IA,ACE,CE,Federal Contract Tower,0,5,7,0,12,0,0,1,0,1,0,5,8,0,13,10,0,10,23
12/31/2013,DBQ,IA,ACE,CE,Federal Contract Tower,0,2,3,0,5,0,0,2,0,2,0,2,5,0,7,2,0,2,9
01/01/2014,DBQ,IA,ACE,CE,Federal Contract Tower,2,4,1,0,7,0,0,2,0,2,2,4,3,0,9,0,0,0,9
01/02/2014,DBQ,IA,ACE,CE,Federal Contract Tower,0,4,10,0,14,0,0,8,0,8,0,4,18,0,22,6,0,6,28
01/03/2014,DBQ,IA,ACE,CE,Federal Contract Tower,0,6,7,0,13,0,0,15,0,15,0,6,22,0,28,4,0,4,32
01/04/2014,DBQ,IA,ACE,CE,Federal Contract Tower,0,4,3,0,7,0,0,1,0,1,0,4,4,0,8,0,0,0,8
01/05/2014,DBQ,IA,ACE,CE,Federal Contract Tower,0,0,5,0,5,0,0,2,0,2,0,0,7,0,7,0,0,0,7
01/06/2014,DBQ,IA,ACE,CE,Federal Contract Tower,0,1,6,0,7,0,0,0,0,0,0,1,6,0,7,0,0,0,7
01/07/2014,DBQ,IA,ACE,CE,Federal Contract Tower,0,1,12,0,13,0,0,19,0,19,0,1,31,0,32,32,0,32,64
01/08/2014,DBQ,IA,ACE,CE,Federal Contract Tower,0,4,19,0,23,0,0,34,0,34,0,4,53,0,57,62,0,62,119
01/09/2014,DBQ,IA,ACE,CE,Federal Contract Tower,0,5,11,0,16,0,0,16,0,16,0,5,27,0,32,46,0,46,78
01/10/2014,DBQ,IA,ACE,CE,Federal Contract Tower,0,0,4,0,4,0,0,0,0,0,0,0,4,0,4,0,0,0,4
01/11/2014,DBQ,IA,ACE,CE,Federal Contract Tower,0,3,8,0,11,0,0,0,0,0,0,3,8,0,11,0,0,0,11
01/12/2014,DBQ,IA,ACE,CE,Federal Contract Tower,0,3,11,0,14,0,0,10,0,10,0,3,21,0,24,4,0,4,28
01/13/2014,DBQ,IA,ACE,CE,Federal Contract Tower,0,5,17,0,22,0,0,44,0,44,0,5,61,0,66,112,0,112,178
01/14/2014,DBQ,IA,ACE,CE,Federal Contract Tower,0,7,11,0,18,0,0,0,0,0,0,7,11,0,18,0,0,0,18
01/15/2014,DBQ,IA,ACE,CE,Federal Contract Tower,0,7,19,0,26,0,0,58,0,58,0,7,77,0,84,98,0,98,182
01/16/2014,DBQ,IA,ACE,CE,Federal Contract Tower,0,9,7,0,16,0,0,0,0,0,0,9,7,0,16,0,0,0,16
01/17/2014,DBQ,IA,ACE,CE,Federal Contract Tower,0,9,30,0,39,0,0,21,0,21,0,9,51,0,60,34,0,34,94
01/18/2014,DBQ,IA,ACE,CE,Federal Contract Tower,0,1,4,0,5,0,0,0,0,0,0,1,4,0,5,0,0,0,5
01/19/2014,DBQ,IA,ACE,CE,Federal Contract Tower,0,8,2,0,10,0,0,16,0,16,0,8,18,0,26,10,0,10,36
01/20/2014,DBQ,IA,ACE,CE,Federal Contract Tower,0,6,15,0,21,0,0,18,0,18,0,6,33,0,39,60,0,60,99
01/21/2014,DBQ,IA,ACE,CE,Federal Contract Tower,0,5,15,0,20,0,0,41,0,41,0,5,56,0,61,74,0,74,135
01/22/2014,DBQ,IA,ACE,CE,Federal Contract Tower,0,3,15,0,18,0,0,19,0,19,0,3,34,0,37,50,0,50,87
01/23/2014,DBQ,IA,ACE,CE,Federal Contract Tower,0,4,16,0,20,0,0,12,0,12,0,4,28,0,32,16,0,16,48
01/24/2014,DBQ,IA,ACE,CE,Federal Contract Tower,0,4,6,0,10,0,0,1,0,1,0,4,7,0,11,0,0,0,11
01/25/2014,DBQ,IA,ACE,CE,Federal Contract Tower,0,3,8,0,11,0,0,2,0,2,0,3,10,0,13,0,0,0,13
01/26/2014,DBQ,IA,ACE,CE,Federal Contract Tower,0,3,1,0,4,0,0,0,0,0,0,3,1,0,4,0,0,0,4
01/27/2014,DBQ,IA,ACE,CE,Federal Contract Tower,0,3,9,0,12,0,1,0,0,1,0,4,9,0,13,0,0,0,13
01/28/2014,DBQ,IA,ACE,CE,Federal Contract Tower,0,3,11,0,14,0,8,14,0,22,0,11,25,0,36,36,0,36,72
01/29/2014,DBQ,IA,ACE,CE,Federal Contract Tower,0,4,15,0,19,0,0,85,0,85,0,4,100,0,104,130,0,130,234
01/30/2014,DBQ,IA,ACE,CE,Federal Contract Tower,0,3,16,0,19,0,0,2,0,2,0,3,18,0,21,0,0,0,21
01/31/2014,DBQ,IA,ACE,CE,Federal Contract Tower,0,3,12,0,15,0,0,64,0,64,0,3,76,0,79,190,0,190,269
02/01/2014,DBQ,IA,ACE,CE,Federal Contract Tower,0,4,0,0,4,0,0,2,0,2,0,4,2,0,6,0,0,0,6
02/02/2014,DBQ,IA,ACE,CE,Federal Contract Tower,0,3,0,0,3,0,0,18,0,18,0,3,18,0,21,14,0,14,35
02/03/2014,DBQ,IA,ACE,CE,Federal Contract Tower,0,6,20,0,26,0,0,91,2,93,0,6,111,2,119,132,2,134,253
02/04/2014,DBQ,IA,ACE,CE,Federal Contract Tower,0,5,11,0,16,0,0,65,0,65,0,5,76,0,81,134,0,134,215
02/05/2014,DBQ,IA,ACE,CE,Federal Contract Tower,0,3,13,0,16,0,0,7,0,7,0,3,20,0,23,92,0,92,115
02/06/2014,DBQ,IA,ACE,CE,Federal Contract Tower,0,5,18,0,23,0,0,41,0,41,0,5,59,0,64,14,0,14,78
02/07/2014,DBQ,IA,ACE,CE,Federal Contract Tower,0,5,21,0,26,0,0,76,0,76,0,5,97,0,102,40,4,44,146
02/08/2014,DBQ,IA,ACE,CE,Federal Contract Tower,0,4,6,0,10,0,0,0,0,0,0,4,6,0,10,0,0,0,10
02/09/2014,DBQ,IA,ACE,CE,Federal Contract Tower,0,3,3,0,6,0,0,13,0,13,0,3,16,0,19,20,0,20,39
02/10/2014,DBQ,IA,ACE,CE,Federal Contract Tower,0,5,16,0,21,0,0,57,0,57,0,5,73,0,78,92,0,92,170
02/11/2014,DBQ,IA,ACE,CE,Federal Contract Tower,0,5,20,0,25,0,0,67,0,67,0,5,87,0,92,82,0,82,174
02/12/2014,DBQ,IA,ACE,CE,Federal Contract Tower,0,8,13,0,21,0,0,5,0,5,0,8,18,0,26,24,0,24,50
02/13/2014,DBQ,IA,ACE,CE,Federal Contract Tower,0,8,18,0,26,0,0,14,0,14,0,8,32,0,40,76,0,76,116
02/14/2014,DBQ,IA,ACE,CE,Federal Contract Tower,0,5,19,0,24,0,0,118,0,118,0,5,137,0,142,170,2,172,314
02/15/2014,DBQ,IA,ACE,CE,Federal Contract Tower,0,3,4,0,7,0,0,31,0,31,0,3,35,0,38,82,0,82,120
02/16/2014,DBQ,IA,ACE,CE,Federal Contract Tower,0,2,3,0,5,0,0,21,0,21,0,2,24,0,26,4,0,4,30
02/17/2014,DBQ,IA,ACE,CE,Federal Contract Tower,0,2,18,0,20,0,0,0,0,0,0,2,18,0,20,0,0,0,20
02/18/2014,DBQ,IA,ACE,CE,Federal Contract Tower,0,5,16,0,21,0,0,72,0,72,0,5,88,0,93,166,0,166,259
02/19/2014,DBQ,IA,ACE,CE,Federal Contract Tower,0,3,22,0,25,0,0,119,0,119,0,3,141,0,144,188,0,188,332
02/20/2014,DBQ,IA,ACE,CE,Federal Contract Tower,2,3,6,0,11,0,0,0,0,0,2,3,6,0,11,0,0,0,11
02/21/2014,DBQ,IA,ACE,CE,Federal Contract Tower,0,5,7,1,13,0,0,0,1,1,0,5,7,2,14,0,0,0,14
02/22/2014,DBQ,IA,ACE,CE,Federal Contract Tower,0,4,16,0,20,0,0,81,0,81,0,4,97,0,101,134,0,134,235
02/23/2014,DBQ,IA,ACE,CE,Federal Contract Tower,0,5,11,0,16,0,0,10,0,10,0,5,21,0,26,0,0,0,26
02/24/2014,DBQ,IA,ACE,CE,Federal Contract Tower,0,5,7,0,12,0,0,71,0,71,0,5,78,0,83,136,0,136,219
02/25/2014,DBQ,IA,ACE,CE,Federal Contract Tower,0,5,9,0,14,0,0,83,0,83,0,5,92,0,97,170,0,170,267
02/26/2014,DBQ,IA,ACE,CE,Federal Contract Tower,0,7,18,0,25,0,0,11,0,11,0,7,29,0,36,8,0,8,44
02/27/2014,DBQ,IA,ACE,CE,Federal Contract Tower,0,5,21,0,26,0,0,54,0,54,0,5,75,0,80,98,0,98,178
02/28/2014,DBQ,IA,ACE,CE,Federal Contract Tower,0,7,12,0,19,0,0,66,0,66,0,7,78,0,85,52,0,52,137
03/01/2014,DBQ,IA,ACE,CE,Federal Contract Tower,0,3,1,0,4,0,0,2,0,2,0,3,3,0,6,4,0,4,10
03/02/2014,DBQ,IA,ACE,CE,Federal Contract Tower,0,3,0,0,3,0,0,8,0,8,0,3,8,0,11,0,0,0,11
03/03/2014,DBQ,IA,ACE,CE,Federal Contract Tower,1,2,4,0,7,0,0,23,0,23,1,2,27,0,30,78,0,78,108
03/04/2014,DBQ,IA,ACE,CE,Federal Contract Tower,0,3,18,0,21,0,0,71,0,71,0,3,89,0,92,126,0,126,218
03/05/2014,DBQ,IA,ACE,CE,Federal Contract Tower,0,5,13,0,18,0,0,4,0,4,0,5,17,0,22,20,0,20,42
03/06/2014,DBQ,IA,ACE,CE,Federal Contract Tower,0,4,11,0,15,0,0,83,0,83,0,4,94,0,98,154,0,154,252
03/07/2014,DBQ,IA,ACE,CE,Federal Contract Tower,0,5,22,0,27,0,0,56,0,56,0,5,78,0,83,202,0,202,285
03/08/2014,DBQ,IA,ACE,CE,Federal Contract Tower,0,4,0,0,4,0,0,8,0,8,0,4,8,0,12,32,0,32,44
03/09/2014,DBQ,IA,ACE,CE,Federal Contract Tower,0,3,17,0,20,0,0,23,1,24,0,3,40,1,44,8,0,8,52
03/10/2014,DBQ,IA,ACE,CE,Federal Contract Tower,0,5,18,0,23,0,0,91,0,91,0,5,109,0,114,124,0,124,238
03/11/2014,DBQ,IA,ACE,CE,Federal Contract Tower,0,5,18,0,23,0,0,71,2,73,0,5,89,2,96,130,0,130,226
03/12/2014,DBQ,IA,ACE,CE,Federal Contract Tower,0,4,16,0,20,0,0,22,0,22,0,4,38,0,42,68,0,68,110
03/13/2014,DBQ,IA,ACE,CE,Federal Contract Tower,0,6,13,2,21,0,0,72,0,72,0,6,85,2,93,168,0,168,261
03/14/2014,DBQ,IA,ACE,CE,Federal Contract Tower,0,6,14,0,20,0,0,37,0,37,0,6,51,0,57,80,0,80,137
03/15/2014,DBQ,IA,ACE,CE,Federal Contract Tower,0,5,7,0,12,0,8,39,0,47,0,13,46,0,59,28,0,28,87
03/16/2014,DBQ,IA,ACE,CE,Federal Contract Tower,0,3,5,0,8,0,0,9,0,9,0,3,14,0,17,4,0,4,21
03/17/2014,DBQ,IA,ACE,CE,Federal Contract Tower,2,5,13,0,20,0,0,31,0,31,2,5,44,0,51,54,0,54,105
03/18/2014,DBQ,IA,ACE,CE,Federal Contract Tower,0,5,22,0,27,0,0,50,0,50,0,5,72,0,77,68,0,68,145
03/19/2014,DBQ,IA,ACE,CE,Federal Contract Tower,0,5,12,0,17,0,0,0,0,0,0,5,12,0,17,0,0,0,17
03/20/2014,DBQ,IA,ACE,CE,Federal Contract Tower,0,5,22,0,27,0,0,60,0,60,0,5,82,0,87,144,0,144,231
03/21/2014,DBQ,IA,ACE,CE,Federal Contract Tower,0,6,18,0,24,0,0,43,0,43,0,6,61,0,67,70,6,76,143
03/22/2014,DBQ,IA,ACE,CE,Federal Contract Tower,0,4,3,0,7,0,0,14,0,14,0,4,17,0,21,14,0,14,35
03/23/2014,DBQ,IA,ACE,CE,Federal Contract Tower,0,2,6,0,8,0,0,16,0,16,0,2,22,0,24,16,0,16,40
03/24/2014,DBQ,IA,ACE,CE,Federal Contract Tower,0,5,8,0,13,0,0,54,0,54,0,5,62,0,67,106,0,106,173
03/25/2014,DBQ,IA,ACE,CE,Federal Contract Tower,0,5,10,1,16,0,0,44,1,45,0,5,54,2,61,72,0,72,133
03/26/2014,DBQ,IA,ACE,CE,Federal Contract Tower,0,5,8,0,13,0,0,58,0,58,0,5,66,0,71,76,4,80,151
03/27/2014,DBQ,IA,ACE,CE,Federal Contract Tower,0,8,17,0,25,0,0,0,0,0,0,8,17,0,25,0,0,0,25
03/28/2014,DBQ,IA,ACE,CE,Federal Contract Tower,0,5,15,0,20,0,0,25,0,25,0,5,40,0,45,150,0,150,195
03/29/2014,DBQ,IA,ACE,CE,Federal Contract Tower,0,4,4,0,8,0,0,51,0,51,0,4,55,0,59,122,0,122,181
03/30/2014,DBQ,IA,ACE,CE,Federal Contract Tower,0,3,6,0,9,0,0,13,0,13,0,3,19,0,22,4,0,4,26
03/31/2014,DBQ,IA,ACE,CE,Federal Contract Tower,0,5,11,0,16,0,0,8,0,8,0,5,19,0,24,0,0,0,24
04/01/2014,DBQ,IA,ACE,CE,Federal Contract Tower,0,5,12,0,17,0,0,14,0,14,0,5,26,0,31,6,0,6,37
04/02/2014,DBQ,IA,ACE,CE,Federal Contract Tower,0,5,19,0,24,0,0,89,0,89,0,5,108,0,113,146,0,146,259
04/03/2014,DBQ,IA,ACE,CE,Federal Contract Tower,0,4,8,0,12,0,0,2,0,2,0,4,10,0,14,44,0,44,58
04/04/2014,DBQ,IA,ACE,CE,Federal Contract Tower,0,5,4,0,9,0,0,1,0,1,0,5,5,0,10,0,0,0,10
04/05/2014,DBQ,IA,ACE,CE,Federal Contract Tower,0,4,9,0,13,0,0,70,0,70,0,4,79,0,83,102,4,106,189
04/06/2014,DBQ,IA,ACE,CE,Federal Contract Tower,0,3,15,0,18,0,0,32,0,32,0,3,47,0,50,44,6,50,100
04/07/2014,DBQ,IA,ACE,CE,Federal Contract Tower,0,5,11,0,16,0,0,58,0,58,0,5,69,0,74,140,0,140,214
04/08/2014,DBQ,IA,ACE,CE,Federal Contract Tower,0,5,28,0,33,0,0,87,0,87,0,5,115,0,120,158,0,158,278
04/09/2014,DBQ,IA,ACE,CE,Federal Contract Tower,0,6,29,0,35,0,16,66,0,82,0,22,95,0,117,120,0,120,237
04/10/2014,DBQ,IA,ACE,CE,Federal Contract Tower,0,6,11,0,17,0,0,86,0,86,0,6,97,0,103,222,0,222,325
04/11/2014,DBQ,IA,ACE,CE,Federal Contract Tower,0,5,17,0,22,0,0,50,0,50,0,5,67,0,72,54,0,54,126
04/12/2014,DBQ,IA,ACE,CE,Federal Contract Tower,0,4,7,0,11,0,0,8,0,8,0,4,15,0,19,12,0,12,31
04/13/2014,DBQ,IA,ACE,CE,Federal Contract Tower,0,5,2,0,7,0,0,2,0,2,0,5,4,0,9,0,0,0,9
04/14/2014,DBQ,IA,ACE,CE,Federal Contract Tower,0,5,11,0,16,0,0,0,0,0,0,5,11,0,16,106,0,106,122
04/15/2014,DBQ,IA,ACE,CE,Federal Contract Tower,0,5,14,0,19,0,0,85,0,85,0,5,99,0,104,178,0,178,282
04/16/2014,DBQ,IA,ACE,CE,Federal Contract Tower,0,6,10,0,16,0,0,2,0,2,0,6,12,0,18,0,0,0,18
04/17/2014,DBQ,IA,ACE,CE,Federal Contract Tower,0,9,12,2,23,0,0,32,0,32,0,9,44,2,55,46,2,48,103
04/18/2014,DBQ,IA,ACE,CE,Federal Contract Tower,0,5,26,0,31,0,0,52,0,52,0,5,78,0,83,160,0,160,243
04/19/2014,DBQ,IA,ACE,CE,Federal Contract Tower,0,4,9,0,13,0,0,24,0,24,0,4,33,0,37,8,0,8,45
04/20/2014,DBQ,IA,ACE,CE,Federal Contract Tower,0,4,6,0,10,0,0,6,0,6,0,4,12,0,16,0,0,0,16
04/21/2014,DBQ,IA,ACE,CE,Federal Contract Tower,0,5,17,0,22,0,0,58,2,60,0,5,75,2,82,108,0,108,190
04/22/2014,DBQ,IA,ACE,CE,Federal Contract Tower,0,5,15,0,20,0,0,106,0,106,0,5,121,0,126,110,0,110,236
04/23/2014,DBQ,IA,ACE,CE,Federal Contract Tower,0,5,17,0,22,0,0,61,0,61,0,5,78,0,83,98,0,98,181
04/24/2014,DBQ,IA,ACE,CE,Federal Contract Tower,0,10,21,0,31,0,0,21,0,21,0,10,42,0,52,22,0,22,74
04/25/2014,DBQ,IA,ACE,CE,Federal Contract Tower,0,7,16,0,23,0,0,93,0,93,0,7,109,0,116,84,0,84,200
04/26/2014,DBQ,IA,ACE,CE,Federal Contract Tower,0,4,8,0,12,0,0,81,0,81,0,4,89,0,93,88,0,88,181
04/27/2014,DBQ,IA,ACE,CE,Federal Contract Tower,0,4,1,0,5,0,0,2,0,2,0,4,3,0,7,0,0,0,7
04/28/2014,DBQ,IA,ACE,CE,Federal Contract Tower,2,6,8,0,16,0,0,0,0,0,2,6,8,0,16,0,0,0,16
04/29/2014,DBQ,IA,ACE,CE,Federal Contract Tower,0,1,18,0,19,0,0,0,0,0,0,1,18,0,19,0,0,0,19
04/30/2014,DBQ,IA,ACE,CE,Federal Contract Tower,0,4,12,0,16,0,0,2,0,2,0,4,14,0,18,16,0,16,34
05/01/2014,DBQ,IA,ACE,CE,Federal Contract Tower,0,5,22,0,27,0,0,6,0,6,0,5,28,0,33,54,0,54,87
05/02/2014,DBQ,IA,ACE,CE,Federal Contract Tower,0,5,13,2,20,0,0,45,0,45,0,5,58,2,65,92,0,92,157
05/03/2014,DBQ,IA,ACE,CE,Federal Contract Tower,0,4,20,0,24,0,0,40,0,40,0,4,60,0,64,32,0,32,96
05/04/2014,DBQ,IA,ACE,CE,Federal Contract Tower,0,3,10,0,13,0,0,30,0,30,0,3,40,0,43,16,0,16,59
05/05/2014,DBQ,IA,ACE,CE,Federal Contract Tower,0,4,11,0,15,0,0,77,0,77,0,4,88,0,92,102,0,102,194
05/06/2014,DBQ,IA,ACE,CE,Federal Contract Tower,0,7,21,0,28,0,0,91,0,91,0,7,112,0,119,110,0,110,229
05/07/2014,DBQ,IA,ACE,CE,Federal Contract Tower,0,5,26,0,31,0,0,66,0,66,0,5,92,0,97,162,0,162,259
05/08/2014,DBQ,IA,ACE,CE,Federal Contract Tower,0,4,9,0,13,0,0,40,0,40,0,4,49,0,53,168,0,168,221
05/09/2014,DBQ,IA,ACE,CE,Federal Contract Tower,0,5,25,0,30,0,0,11,0,11,0,5,36,0,41,30,0,30,71
05/10/2014,DBQ,IA,ACE,CE,Federal Contract Tower,0,4,10,0,14,0,0,80,0,80,0,4,90,0,94,104,0,104,198
05/11/2014,DBQ,IA,ACE,CE,Federal Contract Tower,0,4,8,0,12,0,0,12,0,12,0,4,20,0,24,0,0,0,24
05/12/2014,DBQ,IA,ACE,CE,Federal Contract Tower,0,7,5,0,12,0,0,4,0,4,0,7,9,0,16,32,0,32,48
05/13/2014,DBQ,IA,ACE,CE,Federal Contract Tower,0,2,35,2,39,0,0,10,2,12,0,2,45,4,51,90,0,90,141
05/14/2014,DBQ,IA,ACE,CE,Federal Contract Tower,0,5,26,2,33,0,0,86,2,88,0,5,112,4,121,118,0,118,239
05/15/2014,DBQ,IA,ACE,CE,Federal Contract Tower,0,5,12,0,17,0,0,30,0,30,0,5,42,0,47,64,0,64,111
05/16/2014,DBQ,IA,ACE,CE,Federal Contract Tower,0,6,21,0,27,0,0,47,0,47,0,6,68,0,74,118,0,118,192
05/17/2014,DBQ,IA,ACE,CE,Federal Contract Tower,0,3,12,0,15,0,0,33,0,33,0,3,45,0,48,24,0,24,72
05/18/2014,DBQ,IA,ACE,CE,Federal Contract Tower,0,7,4,0,11,0,0,23,0,23,0,7,27,0,34,4,0,4,38
05/19/2014,DBQ,IA,ACE,CE,Federal Contract Tower,1,5,8,0,14,0,0,27,0,27,1,5,35,0,41,82,0,82,123
05/20/2014,DBQ,IA,ACE,CE,Federal Contract Tower,0,7,19,0,26,0,1,55,0,56,0,8,74,0,82,64,0,64,146
05/21/2014,DBQ,IA,ACE,CE,Federal Contract Tower,0,4,28,1,33,0,0,71,0,71,0,4,99,1,104,144,2,146,250
05/22/2014,DBQ,IA,ACE,CE,Federal Contract Tower,0,4,15,0,19,0,0,57,0,57,0,4,72,0,76,58,0,58,134
05/23/2014,DBQ,IA,ACE,CE,Federal Contract Tower,0,9,19,0,28,0,0,72,0,72,0,9,91,0,100,110,0,110,210
05/24/2014,DBQ,IA,ACE,CE,Federal Contract Tower,0,5,14,0,19,0,0,35,0,35,0,5,49,0,54,34,0,34,88
05/25/2014,DBQ,IA,ACE,CE,Federal Contract Tower,0,3,10,0,13,0,0,36,0,36,0,3,46,0,49,2,0,2,51
05/26/2014,DBQ,IA,ACE,CE,Federal Contract Tower,0,5,5,0,10,0,0,16,0,16,0,5,21,0,26,26,0,26,52
05/27/2014,DBQ,IA,ACE,CE,Federal Contract Tower,0,5,18,0,23,0,0,48,0,48,0,5,66,0,71,78,0,78,149
05/28/2014,DBQ,IA,ACE,CE,Federal Contract Tower,0,5,23,0,28,0,0,13,0,13,0,5,36,0,41,12,0,12,53
05/29/2014,DBQ,IA,ACE,CE,Federal Contract Tower,0,5,30,0,35,0,0,34,0,34,0,5,64,0,69,62,0,62,131
05/30/2014,DBQ,IA,ACE,CE,Federal Contract Tower,4,5,27,0,36,0,0,73,0,73,4,5,100,0,109,78,0,78,187
05/31/2014,DBQ,IA,ACE,CE,Federal Contract Tower,0,4,7,0,11,0,0,30,0,30,0,4,37,0,41,44,0,44,85
06/01/2014,DBQ,IA,ACE,CE,Federal Contract Tower,0,6,5,0,11,0,0,6,0,6,0,6,11,0,17,0,0,0,17
06/02/2014,DBQ,IA,ACE,CE,Federal Contract Tower,0,8,14,0,22,0,0,6,0,6,0,8,20,0,28,0,0,0,28
06/03/2014,DBQ,IA,ACE,CE,Federal Contract Tower,0,5,18,0,23,0,0,86,0,86,0,5,104,0,109,88,0,88,197
06/04/2014,DBQ,IA,ACE,CE,Federal Contract Tower,0,5,15,0,20,0,0,4,0,4,0,5,19,0,24,0,0,0,24
06/05/2014,DBQ,IA,ACE,CE,Federal Contract Tower,0,5,18,0,23,0,0,67,0,67,0,5,85,0,90,78,0,78,168
06/06/2014,DBQ,IA,ACE,CE,Federal Contract Tower,0,5,20,0,25,0,0,54,0,54,0,5,74,0,79,156,0,156,235
06/07/2014,DBQ,IA,ACE,CE,Federal Contract Tower,0,4,3,0,7,0,0,5,0,5,0,4,8,0,12,4,0,4,16
06/08/2014,DBQ,IA,ACE,CE,Federal Contract Tower,0,3,13,2,18,0,0,17,2,19,0,3,30,4,37,0,0,0,37
06/09/2014,DBQ,IA,ACE,CE,Federal Contract Tower,0,4,19,0,23,0,0,61,0,61,0,4,80,0,84,52,0,52,136
06/10/2014,DBQ,IA,ACE,CE,Federal Contract Tower,0,5,28,0,33,0,0,78,0,78,0,5,106,0,111,64,0,64,175
06/11/2014,DBQ,IA,ACE,CE,Federal Contract Tower,0,11,28,0,39,0,0,54,0,54,0,11,82,0,93,96,0,96,189
06/12/2014,DBQ,IA,ACE,CE,Federal Contract Tower,0,5,10,0,15,0,0,31,0,31,0,5,41,0,46,54,0,54,100
06/13/2014,DBQ,IA,ACE,CE,Federal Contract Tower,0,4,15,0,19,0,0,64,0,64,0,4,79,0,83,118,0,118,201
06/14/2014,DBQ,IA,ACE,CE,Federal Contract Tower,0,6,9,0,15,0,0,38,0,38,0,6,47,0,53,18,0,18,71
06/15/2014,DBQ,IA,ACE,CE,Federal Contract Tower,0,4,9,0,13,0,0,6,0,6,0,4,15,0,19,0,0,0,19
06/16/2014,DBQ,IA,ACE,CE,Federal Contract Tower,0,5,14,0,19,0,0,54,0,54,0,5,68,0,73,80,0,80,153
06/17/2014,DBQ,IA,ACE,CE,Federal Contract Tower,0,4,18,0,22,0,0,45,0,45,0,4,63,0,67,28,0,28,95
06/18/2014,DBQ,IA,ACE,CE,Federal Contract Tower,0,3,18,0,21,0,0,12,0,12,0,3,30,0,33,16,0,16,49
06/19/2014,DBQ,IA,ACE,CE,Federal Contract Tower,0,3,20,0,23,0,1,2,0,3,0,4,22,0,26,32,0,32,58
06/20/2014,DBQ,IA,ACE,CE,Federal Contract Tower,0,3,33,0,36,0,0,34,0,34,0,3,67,0,70,38,0,38,108
06/21/2014,DBQ,IA,ACE,CE,Federal Contract Tower,0,3,16,0,19,0,0,34,0,34,0,3,50,0,53,24,0,24,77
06/22/2014,DBQ,IA,ACE,CE,Federal Contract Tower,0,5,9,0,14,0,0,44,0,44,0,5,53,0,58,14,0,14,72
06/23/2014,DBQ,IA,ACE,CE,Federal Contract Tower,0,5,9,0,14,0,0,22,0,22,0,5,31,0,36,66,0,66,102
06/24/2014,DBQ,IA,ACE,CE,Federal Contract Tower,0,4,26,2,32,0,0,63,0,63,0,4,89,2,95,72,0,72,167
06/25/2014,DBQ,IA,ACE,CE,Federal Contract Tower,0,2,25,0,27,0,0,50,0,50,0,2,75,0,77,96,0,96,173
06/26/2014,DBQ,IA,ACE,CE,Federal Contract Tower,0,8,17,0,25,0,0,7,0,7,0,8,24,0,32,0,0,0,32
06/27/2014,DBQ,IA,ACE,CE,Federal Contract Tower,0,7,27,0,34,0,0,35,0,35,0,7,62,0,69,40,0,40,109
06/28/2014,DBQ,IA,ACE,CE,Federal Contract Tower,0,4,7,0,11,0,0,2,0,2,0,4,9,0,13,4,0,4,17
06/29/2014,DBQ,IA,ACE,CE,Federal Contract Tower,0,3,6,0,9,0,0,7,0,7,0,3,13,0,16,26,0,26,42
06/30/2014,DBQ,IA,ACE,CE,Federal Contract Tower,2,3,12,0,17,0,0,1,0,1,2,3,13,0,18,8,0,8,26
07/01/2014,DBQ,IA,ACE,CE,Federal Contract Tower,0,6,12,0,18,0,0,38,0,38,0,6,50,0,56,34,0,34,90
07/02/2014,DBQ,IA,ACE,CE,Federal Contract Tower,0,6,23,0,29,0,0,22,0,22,0,6,45,0,51,76,0,76,127
07/03/2014,DBQ,IA,ACE,CE,Federal Contract Tower,0,5,16,0,21,0,0,122,0,122,0,5,138,0,143,36,0,36,179
07/04/2014,DBQ,IA,ACE,CE,Federal Contract Tower,0,4,3,0,7,0,0,24,0,24,0,4,27,0,31,0,0,0,31
07/05/2014,DBQ,IA,ACE,CE,Federal Contract Tower,0,4,2,0,6,0,0,8,0,8,0,4,10,0,14,0,0,0,14
07/06/2014,DBQ,IA,ACE,CE,Federal Contract Tower,0,3,8,0,11,0,0,4,0,4,0,3,12,0,15,0,0,0,15
07/07/2014,DBQ,IA,ACE,CE,Federal Contract Tower,0,8,16,0,24,0,0,70,0,70,0,8,86,0,94,28,0,28,122
07/08/2014,DBQ,IA,ACE,CE,Federal Contract Tower,0,6,22,0,28,0,0,36,0,36,0,6,58,0,64,66,0,66,130
07/09/2014,DBQ,IA,ACE,CE,Federal Contract Tower,0,7,23,0,30,0,0,57,0,57,0,7,80,0,87,48,0,48,135
07/10/2014,DBQ,IA,ACE,CE,Federal Contract Tower,0,5,11,0,16,0,0,82,0,82,0,5,93,0,98,88,0,88,186
07/11/2014,DBQ,IA,ACE,CE,Federal Contract Tower,0,5,19,0,24,0,0,24,0,24,0,5,43,0,48,28,0,28,76
07/12/2014,DBQ,IA,ACE,CE,Federal Contract Tower,0,4,5,2,11,0,0,5,0,5,0,4,10,2,16,30,0,30,46
07/13/2014,DBQ,IA,ACE,CE,Federal Contract Tower,0,3,9,0,12,0,0,22,0,22,0,3,31,0,34,10,0,10,44
07/14/2014,DBQ,IA,ACE,CE,Federal Contract Tower,0,5,26,2,33,0,2,38,0,40,0,7,64,2,73,38,0,38,111
07/15/2014,DBQ,IA,ACE,CE,Federal Contract Tower,0,5,17,0,22,0,0,28,0,28,0,5,45,0,50,44,0,44,94
07/16/2014,DBQ,IA,ACE,CE,Federal Contract Tower,0,5,27,0,32,0,0,35,0,35,0,5,62,0,67,24,0,24,91
07/17/2014,DBQ,IA,ACE,CE,Federal Contract Tower,0,5,28,1,34,0,0,63,0,63,0,5,91,1,97,32,2,34,131
07/18/2014,DBQ,IA,ACE,CE,Federal Contract Tower,0,5,10,0,15,0,0,38,0,38,0,5,48,0,53,18,0,18,71
07/19/2014,DBQ,IA,ACE,CE,Federal Contract Tower,0,4,3,0,7,0,0,23,2,25,0,4,26,2,32,38,0,38,70
07/20/2014,DBQ,IA,ACE,CE,Federal Contract Tower,0,3,15,0,18,0,0,28,0,28,0,3,43,0,46,0,0,0,46
07/21/2014,DBQ,IA,ACE,CE,Federal Contract Tower,0,4,21,0,25,0,0,38,0,38,0,4,59,0,63,18,0,18,81
07/22/2014,DBQ,IA,ACE,CE,Federal Contract Tower,0,8,10,0,18,0,0,32,0,32,0,8,42,0,50,22,0,22,72
07/23/2014,DBQ,IA,ACE,CE,Federal Contract Tower,0,5,18,0,23,0,0,63,0,63,0,5,81,0,86,53,0,53,139
07/24/2014,DBQ,IA,ACE,CE,Federal Contract Tower,0,5,17,0,22,0,0,220,0,220,0,5,237,0,242,60,0,60,302
07/25/2014,DBQ,IA,ACE,CE,Federal Contract Tower,0,7,20,0,27,0,0,73,0,73,0,7,93,0,100,8,0,8,108
07/26/2014,DBQ,IA,ACE,CE,Federal Contract Tower,0,5,23,0,28,0,0,319,0,319,0,5,342,0,347,80,0,80,427
07/27/2014,DBQ,IA,ACE,CE,Federal Contract Tower,2,3,16,0,21,0,0,100,0,100,2,3,116,0,121,10,0,10,131
07/28/2014,DBQ,IA,ACE,CE,Federal Contract Tower,0,4,12,0,16,0,0,48,2,50,0,4,60,2,66,12,4,16,82
07/29/2014,DBQ,IA,ACE,CE,Federal Contract Tower,0,7,15,0,22,0,0,54,0,54,0,7,69,0,76,42,0,42,118
07/30/2014,DBQ,IA,ACE,CE,Federal Contract Tower,0,7,22,0,29,0,0,57,0,57,0,7,79,0,86,62,0,62,148
07/31/2014,DBQ,IA,ACE,CE,Federal Contract Tower,0,5,22,0,27,0,0,64,0,64,0,5,86,0,91,52,0,52,143
08/01/2014,DBQ,IA,ACE,CE,Federal Contract Tower,0,5,19,0,24,0,0,66,0,66,0,5,85,0,90,36,0,36,126
08/02/2014,DBQ,IA,ACE,CE,Federal Contract Tower,0,5,9,0,14,0,0,33,0,33,0,5,42,0,47,4,0,4,51
08/03/2014,DBQ,IA,ACE,CE,Federal Contract Tower,0,3,11,0,14,0,0,43,0,43,0,3,54,0,57,6,0,6,63
08/04/2014,DBQ,IA,ACE,CE,Federal Contract Tower,0,10,12,0,22,0,0,45,0,45,0,10,57,0,67,36,0,36,103
08/05/2014,DBQ,IA,ACE,CE,Federal Contract Tower,0,5,23,0,28,0,0,3,0,3,0,5,26,0,31,6,0,6,37
08/06/2014,DBQ,IA,ACE,CE,Federal Contract Tower,0,5,23,0,28,0,0,38,0,38,0,5,61,0,66,54,0,54,120
08/07/2014,DBQ,IA,ACE,CE,Federal Contract Tower,0,5,16,0,21,0,0,61,0,61,0,5,77,0,82,48,0,48,130
08/08/2014,DBQ,IA,ACE,CE,Federal Contract Tower,0,5,17,0,22,0,0,35,0,35,0,5,52,0,57,22,0,22,79
08/09/2014,DBQ,IA,ACE,CE,Federal Contract Tower,0,4,15,0,19,0,0,32,0,32,0,4,47,0,51,10,0,10,61
08/10/2014,DBQ,IA,ACE,CE,Federal Contract Tower,0,3,14,0,17,0,0,33,0,33,0,3,47,0,50,16,0,16,66
08/11/2014,DBQ,IA,ACE,CE,Federal Contract Tower,0,5,19,0,24,0,0,30,0,30,0,5,49,0,54,62,0,62,116
08/12/2014,DBQ,IA,ACE,CE,Federal Contract Tower,0,3,18,0,21,0,0,38,0,38,0,3,56,0,59,40,0,40,99
08/13/2014,DBQ,IA,ACE,CE,Federal Contract Tower,0,6,19,0,25,0,0,48,0,48,0,6,67,0,73,14,0,14,87
08/14/2014,DBQ,IA,ACE,CE,Federal Contract Tower,0,5,19,0,24,0,0,35,0,35,0,5,54,0,59,42,0,42,101
08/15/2014,DBQ,IA,ACE,CE,Federal Contract Tower,0,5,14,0,19,0,0,15,0,15,0,5,29,0,34,12,0,12,46
08/16/2014,DBQ,IA,ACE,CE,Federal Contract Tower,0,5,2,0,7,0,0,15,0,15,0,5,17,0,22,32,0,32,54
08/17/2014,DBQ,IA,ACE,CE,Federal Contract Tower,0,3,10,0,13,0,0,6,0,6,0,3,16,0,19,2,0,2,21
08/18/2014,DBQ,IA,ACE,CE,Federal Contract Tower,0,3,16,0,19,0,0,26,0,26,0,3,42,0,45,60,0,60,105
08/19/2014,DBQ,IA,ACE,CE,Federal Contract Tower,0,3,10,0,13,0,0,44,0,44,0,3,54,0,57,35,0,35,92
08/20/2014,DBQ,IA,ACE,CE,Federal Contract Tower,0,8,22,0,30,0,0,84,0,84,0,8,106,0,114,90,0,90,204
08/21/2014,DBQ,IA,ACE,CE,Federal Contract Tower,0,8,17,0,25,0,0,1,0,1,0,8,18,0,26,0,0,0,26
08/22/2014,DBQ,IA,ACE,CE,Federal Contract Tower,0,7,14,0,21,0,0,5,0,5,0,7,19,0,26,0,0,0,26
08/23/2014,DBQ,IA,ACE,CE,Federal Contract Tower,0,3,1,0,4,0,0,6,0,6,0,3,7,0,10,22,0,22,32
08/24/2014,DBQ,IA,ACE,CE,Federal Contract Tower,0,5,13,0,18,0,0,16,0,16,0,5,29,0,34,2,0,2,36
08/25/2014,DBQ,IA,ACE,CE,Federal Contract Tower,0,3,10,0,13,0,0,28,0,28,0,3,38,0,41,50,0,50,91
08/26/2014,DBQ,IA,ACE,CE,Federal Contract Tower,0,3,20,0,23,0,0,45,0,45,0,3,65,0,68,60,0,60,128
08/27/2014,DBQ,IA,ACE,CE,Federal Contract Tower,0,4,17,0,21,0,0,67,0,67,0,4,84,0,88,128,0,128,216
08/28/2014,DBQ,IA,ACE,CE,Federal Contract Tower,0,5,18,0,23,0,0,46,0,46,0,5,64,0,69,79,0,79,148
08/29/2014,DBQ,IA,ACE,CE,Federal Contract Tower,0,4,9,0,13,0,0,44,0,44,0,4,53,0,57,94,0,94,151
08/30/2014,DBQ,IA,ACE,CE,Federal Contract Tower,0,5,8,0,13,0,0,7,0,7,0,5,15,0,20,22,0,22,42
08/31/2014,DBQ,IA,ACE,CE,Federal Contract Tower,0,3,6,0,9,0,0,29,0,29,0,3,35,0,38,4,0,4,42
09/01/2014,DBQ,IA,ACE,CE,Federal Contract Tower,0,5,8,0,13,0,0,7,0,7,0,5,15,0,20,14,0,14,34
09/02/2014,DBQ,IA,ACE,CE,Federal Contract Tower,0,7,10,0,17,0,0,94,0,94,0,7,104,0,111,96,0,96,207
09/03/2014,DBQ,IA,ACE,CE,Federal Contract Tower,0,7,20,0,27,0,0,80,0,80,0,7,100,0,107,80,0,80,187
09/04/2014,DBQ,IA,ACE,CE,Federal Contract Tower,0,7,14,0,21,0,0,32,0,32,0,7,46,0,53,10,0,10,63
09/05/2014,DBQ,IA,ACE,CE,Federal Contract Tower,0,4,9,0,13,0,0,89,0,89,0,4,98,0,102,160,0,160,262
09/06/2014,DBQ,IA,ACE,CE,Federal Contract Tower,0,4,8,1,13,0,0,124,0,124,0,4,132,1,137,180,0,180,317
09/07/2014,DBQ,IA,ACE,CE,Federal Contract Tower,0,7,23,0,30,0,0,53,0,53,0,7,76,0,83,118,0,118,201
09/08/2014,DBQ,IA,ACE,CE,Federal Contract Tower,0,5,8,0,13,0,0,131,0,131,0,5,139,0,144,326,0,326,470
09/09/2014,DBQ,IA,ACE,CE,Federal Contract Tower,0,5,20,0,25,0,0,79,0,79,0,5,99,0,104,111,0,111,215
09/10/2014,DBQ,IA,ACE,CE,Federal Contract Tower,0,3,21,0,24,0,0,17,0,17,0,3,38,0,41,110,0,110,151
09/11/2014,DBQ,IA,ACE,CE,Federal Contract Tower,0,6,34,0,40,0,0,27,0,27,0,6,61,0,67,394,0,394,461
09/12/2014,DBQ,IA,ACE,CE,Federal Contract Tower,0,5,21,0,26,0,0,4,0,4,0,5,25,0,30,18,0,18,48
09/13/2014,DBQ,IA,ACE,CE,Federal Contract Tower,0,3,8,0,11,0,0,116,0,116,0,3,124,0,127,98,0,98,225
09/14/2014,DBQ,IA,ACE,CE,Federal Contract Tower,0,5,21,0,26,0,0,265,0,265,0,5,286,0,291,32,0,32,323
09/15/2014,DBQ,IA,ACE,CE,Federal Contract Tower,0,6,29,0,35,0,0,53,0,53,0,6,82,0,88,130,0,130,218
09/16/2014,DBQ,IA,ACE,CE,Federal Contract Tower,0,6,24,0,30,0,0,146,0,146,0,6,170,0,176,284,6,290,466
09/17/2014,DBQ,IA,ACE,CE,Federal Contract Tower,0,5,29,0,34,0,0,100,0,100,0,5,129,0,134,254,0,254,388
09/18/2014,DBQ,IA,ACE,CE,Federal Contract Tower,0,6,22,0,28,0,0,72,0,72,0,6,94,0,100,160,0,160,260
09/19/2014,DBQ,IA,ACE,CE,Federal Contract Tower,0,5,13,2,20,0,0,80,0,80,0,5,93,2,100,84,0,84,184
09/20/2014,DBQ,IA,ACE,CE,Federal Contract Tower,0,4,9,0,13,0,0,75,0,75,0,4,84,0,88,88,0,88,176
09/21/2014,DBQ,IA,ACE,CE,Federal Contract Tower,0,5,19,0,24,0,0,9,0,9,0,5,28,0,33,22,0,22,55
09/22/2014,DBQ,IA,ACE,CE,Federal Contract Tower,0,7,22,0,29,0,0,72,0,72,0,7,94,0,101,68,0,68,169
09/23/2014,DBQ,IA,ACE,CE,Federal Contract Tower,0,5,16,0,21,0,0,143,0,143,0,5,159,0,164,146,0,146,310
09/24/2014,DBQ,IA,ACE,CE,Federal Contract Tower,0,5,24,0,29,0,0,82,0,82,0,5,106,0,111,184,0,184,295
09/25/2014,DBQ,IA,ACE,CE,Federal Contract Tower,0,6,15,0,21,0,0,125,0,125,0,6,140,0,146,158,0,158,304
09/26/2014,DBQ,IA,ACE,CE,Federal Contract Tower,0,0,0,0,0,0,0,119,0,119,0,0,119,0,119,128,0,128,247
09/27/2014,DBQ,IA,ACE,CE,Federal Contract Tower,0,2,1,0,3,0,0,105,0,105,0,2,106,0,108,116,0,116,224
09/28/2014,DBQ,IA,ACE,CE,Federal Contract Tower,0,2,0,0,2,0,1,33,0,34,0,3,33,0,36,4,0,4,40
09/29/2014,DBQ,IA,ACE,CE,Federal Contract Tower,0,5,0,0,5,0,0,101,0,101,0,5,101,0,106,62,0,62,168
09/30/2014,DBQ,IA,ACE,CE,Federal Contract Tower,0,6,9,0,15,0,0,41,0,41,0,6,50,0,56,94,0,94,150
10/01/2014,DBQ,IA,ACE,CE,Federal Contract Tower,0,5,4,0,9,0,0,72,0,72,0,5,76,0,81,60,0,60,141
10/02/2014,DBQ,IA,ACE,CE,Federal Contract Tower,0,3,17,0,20,0,0,2,0,2,0,3,19,0,22,38,0,38,60
10/03/2014,DBQ,IA,ACE,CE,Federal Contract Tower,0,5,2,0,7,0,0,11,0,11,0,5,13,0,18,8,0,8,26
10/04/2014,DBQ,IA,ACE,CE,Federal Contract Tower,0,4,7,0,11,0,0,28,0,28,0,4,35,0,39,62,0,62,101
10/05/2014,DBQ,IA,ACE,CE,Federal Contract Tower,0,6,2,0,8,0,0,23,0,23,0,6,25,0,31,60,0,60,91
10/06/2014,DBQ,IA,ACE,CE,Federal Contract Tower,0,6,3,0,9,0,0,88,0,88,0,6,91,0,97,94,0,94,191
10/07/2014,DBQ,IA,ACE,CE,Federal Contract Tower,0,6,2,0,8,0,2,68,0,70,0,8,70,0,78,148,0,148,226
10/08/2014,DBQ,IA,ACE,CE,Federal Contract Tower,0,5,6,0,11,0,0,103,2,105,0,5,109,2,116,94,0,94,210
10/09/2014,DBQ,IA,ACE,CE,Federal Contract Tower,0,8,4,0,12,0,0,95,0,95,0,8,99,0,107,210,0,210,317
10/10/2014,DBQ,IA,ACE,CE,Federal Contract Tower,0,5,4,0,9,0,0,89,0,89,0,5,93,0,98,160,0,160,258
10/11/2014,DBQ,IA,ACE,CE,Federal Contract Tower,0,6,2,0,8,0,0,100,0,100,0,6,102,0,108,78,0,78,186
10/12/2014,DBQ,IA,ACE,CE,Federal Contract Tower,0,5,12,0,17,0,0,43,0,43,0,5,55,0,60,14,0,14,74
10/13/2014,DBQ,IA,ACE,CE,Federal Contract Tower,0,5,7,0,12,0,0,0,0,0,0,5,7,0,12,0,0,0,12
10/14/2014,DBQ,IA,ACE,CE,Federal Contract Tower,0,8,7,0,15,0,0,0,0,0,0,8,7,0,15,0,0,0,15
10/15/2014,DBQ,IA,ACE,CE,Federal Contract Tower,0,6,27,0,33,0,0,62,0,62,0,6,89,0,95,160,4,164,259
10/16/2014,DBQ,IA,ACE,CE,Federal Contract Tower,0,5,21,0,26,0,0,66,0,66,0,5,87,0,92,126,0,126,218
10/17/2014,DBQ,IA,ACE,CE,Federal Contract Tower,0,5,28,0,33,0,0,27,0,27,0,5,55,0,60,88,0,88,148
10/18/2014,DBQ,IA,ACE,CE,Federal Contract Tower,0,4,8,0,12,0,0,22,0,22,0,4,30,0,34,108,0,108,142
10/19/2014,DBQ,IA,ACE,CE,Federal Contract Tower,0,7,5,0,12,0,0,32,0,32,0,7,37,0,44,14,0,14,58
10/20/2014,DBQ,IA,ACE,CE,Federal Contract Tower,0,6,15,0,21,0,0,101,0,101,0,6,116,0,122,108,0,108,230
10/21/2014,DBQ,IA,ACE,CE,Federal Contract Tower,0,5,22,0,27,0,0,105,0,105,0,5,127,0,132,174,0,174,306
10/22/2014,DBQ,IA,ACE,CE,Federal Contract Tower,0,5,16,0,21,0,0,106,0,106,0,5,122,0,127,58,0,58,185
10/23/2014,DBQ,IA,ACE,CE,Federal Contract Tower,0,8,29,0,37,0,0,16,0,16,0,8,45,0,53,116,0,116,169
10/24/2014,DBQ,IA,ACE,CE,Federal Contract Tower,0,3,7,2,12,0,0,7,0,7,0,3,14,2,19,0,0,0,19
10/25/2014,DBQ,IA,ACE,CE,Federal Contract Tower,0,4,19,0,23,0,0,65,0,65,0,4,84,0,88,118,0,118,206
10/26/2014,DBQ,IA,ACE,CE,Federal Contract Tower,2,5,17,0,24,0,0,44,0,44,2,5,61,0,68,10,0,10,78
10/27/2014,DBQ,IA,ACE,CE,Federal Contract Tower,0,5,20,0,25,0,0,83,0,83,0,5,103,0,108,88,0,88,196
10/28/2014,DBQ,IA,ACE,CE,Federal Contract Tower,0,6,23,2,31,0,0,57,0,57,0,6,80,2,88,26,0,26,114
10/29/2014,DBQ,IA,ACE,CE,Federal Contract Tower,0,4,18,0,22,0,0,78,0,78,0,4,96,0,100,174,0,174,274
10/30/2014,DBQ,IA,ACE,CE,Federal Contract Tower,0,5,16,0,21,0,0,85,0,85,0,5,101,0,106,192,0,192,298
10/31/2014,DBQ,IA,ACE,CE,Federal Contract Tower,0,2,7,0,9,0,0,31,0,31,0,2,38,0,40,106,0,106,146
11/01/2014,DBQ,IA,ACE,CE,Federal Contract Tower,0,3,10,0,13,0,0,80,0,80,0,3,90,0,93,144,0,144,237
11/02/2014,DBQ,IA,ACE,CE,Federal Contract Tower,0,6,5,0,11,0,0,23,0,23,0,6,28,0,34,14,0,14,48
11/03/2014,DBQ,IA,ACE,CE,Federal Contract Tower,0,5,13,0,18,0,0,88,0,88,0,5,101,0,106,52,0,52,158
11/04/2014,DBQ,IA,ACE,CE,Federal Contract Tower,0,6,20,0,26,0,0,75,0,75,0,6,95,0,101,186,0,186,287
11/05/2014,DBQ,IA,ACE,CE,Federal Contract Tower,0,5,17,0,22,0,0,72,0,72,0,5,89,0,94,190,0,190,284
11/06/2014,DBQ,IA,ACE,CE,Federal Contract Tower,0,5,16,0,21,0,0,26,0,26,0,5,42,0,47,110,0,110,157
11/07/2014,DBQ,IA,ACE,CE,Federal Contract Tower,0,5,11,0,16,0,0,75,0,75,0,5,86,0,91,240,0,240,331
11/08/2014,DBQ,IA,ACE,CE,Federal Contract Tower,0,4,9,0,13,0,0,41,0,41,0,4,50,0,54,86,0,86,140
11/09/2014,DBQ,IA,ACE,CE,Federal Contract Tower,0,5,20,0,25,0,0,33,0,33,0,5,53,0,58,2,0,2,60
11/10/2014,DBQ,IA,ACE,CE,Federal Contract Tower,0,6,27,0,33,0,0,71,0,71,0,6,98,0,104,158,0,158,262
11/11/2014,DBQ,IA,ACE,CE,Federal Contract Tower,0,6,9,0,15,0,0,3,0,3,0,6,12,0,18,24,0,24,42
11/12/2014,DBQ,IA,ACE,CE,Federal Contract Tower,0,8,20,0,28,0,0,35,0,35,0,8,55,0,63,160,0,160,223
11/13/2014,DBQ,IA,ACE,CE,Federal Contract Tower,0,5,24,0,29,0,0,2,0,2,0,5,26,0,31,8,4,12,43
11/14/2014,DBQ,IA,ACE,CE,Federal Contract Tower,0,6,17,0,23,0,0,93,0,93,0,6,110,0,116,258,0,258,374
11/15/2014,DBQ,IA,ACE,CE,Federal Contract Tower,0,4,8,0,12,0,0,53,0,53,0,4,61,0,65,122,0,122,187
11/16/2014,DBQ,IA,ACE,CE,Federal Contract Tower,0,5,10,0,15,0,0,3,0,3,0,5,13,0,18,0,0,0,18
11/17/2014,DBQ,IA,ACE,CE,Federal Contract Tower,0,3,13,0,16,0,0,3,0,3,0,3,16,0,19,10,0,10,29
11/18/2014,DBQ,IA,ACE,CE,Federal Contract Tower,0,7,14,0,21,0,0,74,0,74,0,7,88,0,95,160,0,160,255
11/19/2014,DBQ,IA,ACE,CE,Federal Contract Tower,0,10,19,0,29,0,0,14,0,14,0,10,33,0,43,62,0,62,105
11/20/2014,DBQ,IA,ACE,CE,Federal Contract Tower,0,5,11,0,16,0,0,107,0,107,0,5,118,0,123,228,0,228,351
11/21/2014,DBQ,IA,ACE,CE,Federal Contract Tower,0,5,22,0,27,0,0,97,2,99,0,5,119,2,126,152,0,152,278
11/22/2014,DBQ,IA,ACE,CE,Federal Contract Tower,0,4,6,0,10,0,0,0,0,0,0,4,6,0,10,0,0,0,10
11/23/2014,DBQ,IA,ACE,CE,Federal Contract Tower,0,5,1,0,6,0,0,0,0,0,0,5,1,0,6,0,0,0,6
11/24/2014,DBQ,IA,ACE,CE,Federal Contract Tower,0,2,5,0,7,0,0,0,0,0,0,2,5,0,7,0,0,0,7
11/25/2014,DBQ,IA,ACE,CE,Federal Contract Tower,0,12,19,0,31,0,0,39,0,39,0,12,58,0,70,26,0,26,96
11/26/2014,DBQ,IA,ACE,CE,Federal Contract Tower,0,5,11,0,16,0,0,0,0,0,0,5,11,0,16,0,0,0,16
11/27/2014,DBQ,IA,ACE,CE,Federal Contract Tower,0,5,5,0,10,0,0,4,0,4,0,5,9,0,14,0,0,0,14
11/28/2014,DBQ,IA,ACE,CE,Federal Contract Tower,0,4,3,0,7,0,0,16,0,16,0,4,19,0,23,92,0,92,115
11/29/2014,DBQ,IA,ACE,CE,Federal Contract Tower,0,5,8,0,13,0,0,31,0,31,0,5,39,0,44,26,0,26,70
11/30/2014,DBQ,IA,ACE,CE,Federal Contract Tower,0,4,10,0,14,0,0,8,0,8,0,4,18,0,22,6,0,6,28
12/01/2014,DBQ,IA,ACE,CE,Federal Contract Tower,0,5,17,0,22,0,0,93,0,93,0,5,110,0,115,68,0,68,183
12/02/2014,DBQ,IA,ACE,CE,Federal Contract Tower,0,5,15,0,20,0,0,70,0,70,0,5,85,0,90,192,0,192,282
12/03/2014,DBQ,IA,ACE,CE,Federal Contract Tower,0,4,25,0,29,0,0,102,0,102,0,4,127,0,131,88,0,88,219
12/04/2014,DBQ,IA,ACE,CE,Federal Contract Tower,0,5,20,0,25,0,0,77,0,77,0,5,97,0,102,176,0,176,278
12/05/2014,DBQ,IA,ACE,CE,Federal Contract Tower,0,3,15,0,18,0,0,0,0,0,0,3,15,0,18,0,0,0,18
12/06/2014,DBQ,IA,ACE,CE,Federal Contract Tower,0,4,12,0,16,0,0,71,0,71,0,4,83,0,87,200,0,200,287
12/07/2014,DBQ,IA,ACE,CE,Federal Contract Tower,0,3,14,0,17,0,0,19,0,19,0,3,33,0,36,0,0,0,36
12/08/2014,DBQ,IA,ACE,CE,Federal Contract Tower,0,5,12,0,17,0,0,0,0,0,0,5,12,0,17,0,0,0,17
12/09/2014,DBQ,IA,ACE,CE,Federal Contract Tower,0,7,10,0,17,0,0,46,0,46,0,7,56,0,63,308,0,308,371
12/10/2014,DBQ,IA,ACE,CE,Federal Contract Tower,0,2,17,0,19,0,0,24,0,24,0,2,41,0,43,102,0,102,145
12/11/2014,DBQ,IA,ACE,CE,Federal Contract Tower,0,3,30,0,33,0,0,2,0,2,0,3,32,0,35,0,0,0,35
12/12/2014,DBQ,IA,ACE,CE,Federal Contract Tower,0,3,10,0,13,0,0,0,0,0,0,3,10,0,13,0,0,0,13
12/13/2014,DBQ,IA,ACE,CE,Federal Contract Tower,0,4,0,0,4,0,0,0,0,0,0,4,0,0,4,0,0,0,4
12/14/2014,DBQ,IA,ACE,CE,Federal Contract Tower,0,0,1,0,1,0,0,0,0,0,0,0,1,0,1,0,0,0,1
12/15/2014,DBQ,IA,ACE,CE,Federal Contract Tower,0,6,20,0,26,0,0,0,0,0,0,6,20,0,26,0,0,0,26
12/16/2014,DBQ,IA,ACE,CE,Federal Contract Tower,0,3,20,0,23,0,0,9,0,9,0,3,29,0,32,20,0,20,52
12/17/2014,DBQ,IA,ACE,CE,Federal Contract Tower,0,3,28,0,31,0,0,25,0,25,0,3,53,0,56,84,0,84,140
12/18/2014,DBQ,IA,ACE,CE,Federal Contract Tower,0,4,23,0,27,0,0,55,0,55,0,4,78,0,82,114,0,114,196
12/19/2014,DBQ,IA,ACE,CE,Federal Contract Tower,0,5,8,0,13,0,0,39,0,39,0,5,47,0,52,118,0,118,170
12/20/2014,DBQ,IA,ACE,CE,Federal Contract Tower,0,4,2,0,6,0,0,1,0,1,0,4,3,0,7,0,0,0,7
12/21/2014,DBQ,IA,ACE,CE,Federal Contract Tower,0,6,3,0,9,0,0,0,0,0,0,6,3,0,9,0,0,0,9
12/22/2014,DBQ,IA,ACE,CE,Federal Contract Tower,0,5,6,0,11,0,0,4,0,4,0,5,10,0,15,0,0,0,15
12/23/2014,DBQ,IA,ACE,CE,Federal Contract Tower,0,5,3,0,8,0,0,0,0,0,0,5,3,0,8,0,0,0,8
12/24/2014,DBQ,IA,ACE,CE,Federal Contract Tower,0,2,1,0,3,0,0,0,0,0,0,2,1,0,3,0,0,0,3
12/25/2014,DBQ,IA,ACE,CE,Federal Contract Tower,0,4,9,0,13,0,0,12,0,12,0,4,21,0,25,0,0,0,25
12/26/2014,DBQ,IA,ACE,CE,Federal Contract Tower,0,6,5,0,11,0,0,36,0,36,0,6,41,0,47,60,0,60,107
12/27/2014,DBQ,IA,ACE,CE,Federal Contract Tower,0,6,4,0,10,0,0,0,0,0,0,6,4,0,10,0,0,0,10
12/28/2014,DBQ,IA,ACE,CE,Federal Contract Tower,0,5,8,0,13,0,0,37,0,37,0,5,45,0,50,24,0,24,74
12/29/2014,DBQ,IA,ACE,CE,Federal Contract Tower,0,5,8,0,13,0,0,27,0,27,0,5,35,0,40,44,0,44,84
12/30/2014,DBQ,IA,ACE,CE,Federal Contract Tower,0,5,16,0,21,0,0,33,0,33,0,5,49,0,54,30,2,32,86
12/31/2014,DBQ,IA,ACE,CE,Federal Contract Tower,0,5,5,0,10,0,0,9,0,9,0,5,14,0,19,38,0,38,57
01/01/2015,DBQ,IA,ACE,CE,Federal Contract Tower,0,5,1,0,6,0,0,9,0,9,0,5,10,0,15,4,0,4,19
01/02/2015,DBQ,IA,ACE,CE,Federal Contract Tower,0,5,9,0,14,0,0,26,0,26,0,5,35,0,40,24,0,24,64
01/03/2015,DBQ,IA,ACE,CE,Federal Contract Tower,0,3,5,0,8,0,0,0,0,0,0,3,5,0,8,0,0,0,8
01/04/2015,DBQ,IA,ACE,CE,Federal Contract Tower,0,1,8,0,9,0,1,0,0,1,0,2,8,0,10,0,0,0,10
01/05/2015,DBQ,IA,ACE,CE,Federal Contract Tower,0,7,18,0,25,0,0,14,0,14,0,7,32,0,39,2,0,2,41
01/06/2015,DBQ,IA,ACE,CE,Federal Contract Tower,0,6,11,0,17,0,0,12,0,12,0,6,23,0,29,10,0,10,39
01/07/2015,DBQ,IA,ACE,CE,Federal Contract Tower,0,4,10,0,14,0,0,1,0,1,0,4,11,0,15,0,0,0,15
01/08/2015,DBQ,IA,ACE,CE,Federal Contract Tower,0,2,16,0,18,0,0,0,0,0,0,2,16,0,18,0,0,0,18
01/09/2015,DBQ,IA,ACE,CE,Federal Contract Tower,0,1,7,0,8,0,0,24,0,24,0,1,31,0,32,36,0,36,68
01/10/2015,DBQ,IA,ACE,CE,Federal Contract Tower,0,2,10,0,12,0,0,21,0,21,0,2,31,0,33,60,0,60,93
01/11/2015,DBQ,IA,ACE,CE,Federal Contract Tower,0,1,14,0,15,0,0,36,0,36,0,1,50,0,51,10,0,10,61
01/12/2015,DBQ,IA,ACE,CE,Federal Contract Tower,0,8,23,0,31,0,0,84,0,84,0,8,107,0,115,176,0,176,291
01/13/2015,DBQ,IA,ACE,CE,Federal Contract Tower,0,6,25,0,31,0,0,72,0,72,0,6,97,0,103,86,0,86,189
01/14/2015,DBQ,IA,ACE,CE,Federal Contract Tower,0,7,16,0,23,0,0,54,0,54,0,7,70,0,77,212,0,212,289
01/15/2015,DBQ,IA,ACE,CE,Federal Contract Tower,0,5,19,0,24,0,0,85,0,85,0,5,104,0,109,186,0,186,295
01/16/2015,DBQ,IA,ACE,CE,Federal Contract Tower,0,3,10,0,13,0,0,60,0,60,0,3,70,0,73,86,0,86,159
01/17/2015,DBQ,IA,ACE,CE,Federal Contract Tower,0,4,7,0,11,0,0,19,0,19,0,4,26,0,30,16,0,16,46
01/18/2015,DBQ,IA,ACE,CE,Federal Contract Tower,0,3,6,0,9,0,0,31,0,31,0,3,37,0,40,2,0,2,42
01/19/2015,DBQ,IA,ACE,CE,Federal Contract Tower,0,4,11,0,15,0,0,67,0,67,0,4,78,0,82,74,0,74,156
01/20/2015,DBQ,IA,ACE,CE,Federal Contract Tower,0,5,7,0,12,0,0,0,0,0,0,5,7,0,12,0,0,0,12
01/21/2015,DBQ,IA,ACE,CE,Federal Contract Tower,0,4,7,0,11,0,0,0,0,0,0,4,7,0,11,0,0,0,11
01/22/2015,DBQ,IA,ACE,CE,Federal Contract Tower,0,5,9,1,15,0,0,10,0,10,0,5,19,1,25,88,0,88,113
01/23/2015,DBQ,IA,ACE,CE,Federal Contract Tower,0,5,19,0,24,0,0,68,0,68,0,5,87,0,92,114,0,114,206
01/24/2015,DBQ,IA,ACE,CE,Federal Contract Tower,0,3,3,0,6,0,0,23,0,23,0,3,26,0,29,42,0,42,71
01/25/2015,DBQ,IA,ACE,CE,Federal Contract Tower,0,1,2,0,3,0,0,0,0,0,0,1,2,0,3,0,0,0,3
01/26/2015,DBQ,IA,ACE,CE,Federal Contract Tower,0,5,9,0,14,0,0,0,0,0,0,5,9,0,14,0,0,0,14
01/27/2015,DBQ,IA,ACE,CE,Federal Contract Tower,0,5,11,0,16,0,0,5,0,5,0,5,16,0,21,32,0,32,53
01/28/2015,DBQ,IA,ACE,CE,Federal Contract Tower,0,5,21,0,26,0,0,40,0,40,0,5,61,0,66,62,0,62,128
01/29/2015,DBQ,IA,ACE,CE,Federal Contract Tower,0,7,18,0,25,0,0,2,0,2,0,7,20,0,27,0,0,0,27
01/30/2015,DBQ,IA,ACE,CE,Federal Contract Tower,0,5,20,0,25,0,0,128,0,128,0,5,148,0,153,288,0,288,441
01/31/2015,DBQ,IA,ACE,CE,Federal Contract Tower,0,3,9,0,12,0,0,50,0,50,0,3,59,0,62,80,0,80,142
02/01/2015,DBQ,IA,ACE,CE,Federal Contract Tower,0,0,0,0,0,0,0,0,0,0,0,0,0,0,0,0,0,0,0
02/02/2015,DBQ,IA,ACE,CE,Federal Contract Tower,0,0,9,0,9,0,0,7,0,7,0,0,16,0,16,4,0,4,20
02/03/2015,DBQ,IA,ACE,CE,Federal Contract Tower,0,3,10,0,13,0,0,29,0,29,0,3,39,0,42,88,0,88,130
02/04/2015,DBQ,IA,ACE,CE,Federal Contract Tower,0,9,16,0,25,0,0,62,0,62,0,9,78,0,87,174,0,174,261
02/05/2015,DBQ,IA,ACE,CE,Federal Contract Tower,0,5,14,0,19,0,0,64,0,64,0,5,78,0,83,114,0,114,197
02/06/2015,DBQ,IA,ACE,CE,Federal Contract Tower,0,7,14,0,21,0,0,127,0,127,0,7,141,0,148,190,0,190,338
02/07/2015,DBQ,IA,ACE,CE,Federal Contract Tower,0,3,5,0,8,0,0,48,0,48,0,3,53,0,56,92,0,92,148
02/08/2015,DBQ,IA,ACE,CE,Federal Contract Tower,0,2,3,0,5,0,0,0,0,0,0,2,3,0,5,0,0,0,5
02/09/2015,DBQ,IA,ACE,CE,Federal Contract Tower,0,3,19,0,22,0,0,61,0,61,0,3,80,0,83,146,0,146,229
02/10/2015,DBQ,IA,ACE,CE,Federal Contract Tower,0,4,15,0,19,0,0,62,0,62,0,4,77,0,81,142,0,142,223
02/11/2015,DBQ,IA,ACE,CE,Federal Contract Tower,0,5,14,0,19,0,0,20,0,20,0,5,34,0,39,80,0,80,119
02/12/2015,DBQ,IA,ACE,CE,Federal Contract Tower,2,5,23,0,30,0,0,99,0,99,2,5,122,0,129,218,0,218,347
02/13/2015,DBQ,IA,ACE,CE,Federal Contract Tower,0,6,22,0,28,0,0,61,0,61,0,6,83,0,89,94,0,94,183
02/14/2015,DBQ,IA,ACE,CE,Federal Contract Tower,0,4,7,0,11,0,0,6,0,6,0,4,13,0,17,0,0,0,17
02/15/2015,DBQ,IA,ACE,CE,Federal Contract Tower,0,2,3,0,5,0,0,9,0,9,0,2,12,0,14,14,0,14,28
02/16/2015,DBQ,IA,ACE,CE,Federal Contract Tower,0,3,23,0,26,0,0,31,0,31,0,3,54,0,57,16,0,16,73
02/17/2015,DBQ,IA,ACE,CE,Federal Contract Tower,0,9,18,0,27,0,0,47,0,47,0,9,65,0,74,122,0,122,196
02/18/2015,DBQ,IA,ACE,CE,Federal Contract Tower,0,5,25,0,30,0,0,2,0,2,0,5,27,0,32,16,0,16,48
02/20/2015,DBQ,IA,ACE,CE,Federal Contract Tower,0,3,6,0,9,0,0,24,0,24,0,3,30,0,33,60,0,60,93
02/21/2015,DBQ,IA,ACE,CE,Federal Contract Tower,0,3,4,0,7,0,0,4,0,4,0,3,8,0,11,30,0,30,41
02/22/2015,DBQ,IA,ACE,CE,Federal Contract Tower,0,3,14,0,17,0,0,17,0,17,0,3,31,0,34,0,0,0,34
02/23/2015,DBQ,IA,ACE,CE,Federal Contract Tower,0,7,19,0,26,0,0,44,0,44,0,7,63,0,70,82,0,82,152
02/24/2015,DBQ,IA,ACE,CE,Federal Contract Tower,0,4,10,0,14,0,0,23,0,23,0,4,33,0,37,58,0,58,95
02/25/2015,DBQ,IA,ACE,CE,Federal Contract Tower,0,4,11,0,15,0,0,8,0,8,0,4,19,0,23,58,0,58,81
02/26/2015,DBQ,IA,ACE,CE,Federal Contract Tower,0,3,22,0,25,0,0,59,0,59,0,3,81,0,84,204,0,204,288
02/27/2015,DBQ,IA,ACE,CE,Federal Contract Tower,0,8,20,0,28,0,0,55,0,55,0,8,75,0,83,198,0,198,281
02/28/2015,DBQ,IA,ACE,CE,Federal Contract Tower,0,5,7,0,12,0,0,25,0,25,0,5,32,0,37,16,0,16,53
03/01/2015,DBQ,IA,ACE,CE,Federal Contract Tower,0,2,2,0,4,0,0,0,0,0,0,2,2,0,4,0,0,0,4
03/02/2015,DBQ,IA,ACE,CE,Federal Contract Tower,0,5,21,0,26,0,0,94,0,94,0,5,115,0,120,164,0,164,284
03/03/2015,DBQ,IA,ACE,CE,Federal Contract Tower,0,3,9,0,12,0,0,0,0,0,0,3,9,0,12,0,0,0,12
03/04/2015,DBQ,IA,ACE,CE,Federal Contract Tower,0,6,22,0,28,0,0,56,0,56,0,6,78,0,84,145,0,145,229
03/05/2015,DBQ,IA,ACE,CE,Federal Contract Tower,0,6,27,0,33,0,0,69,1,70,0,6,96,1,103,180,0,180,283
03/06/2015,DBQ,IA,ACE,CE,Federal Contract Tower,0,7,33,0,40,0,0,95,0,95,0,7,128,0,135,148,0,148,283
03/07/2015,DBQ,IA,ACE,CE,Federal Contract Tower,0,2,23,0,25,0,0,71,0,71,0,2,94,0,96,156,0,156,252
03/08/2015,DBQ,IA,ACE,CE,Federal Contract Tower,0,3,15,0,18,0,0,11,0,11,0,3,26,0,29,42,0,42,71
03/09/2015,DBQ,IA,ACE,CE,Federal Contract Tower,0,5,17,0,22,0,0,74,0,74,0,5,91,0,96,160,0,160,256
03/10/2015,DBQ,IA,ACE,CE,Federal Contract Tower,0,3,9,2,14,0,0,17,0,17,0,3,26,2,31,92,0,92,123
03/11/2015,DBQ,IA,ACE,CE,Federal Contract Tower,0,5,16,0,21,0,0,71,0,71,0,5,87,0,92,134,0,134,226
03/12/2015,DBQ,IA,ACE,CE,Federal Contract Tower,0,5,19,0,24,0,0,77,2,79,0,5,96,2,103,118,0,118,221
03/13/2015,DBQ,IA,ACE,CE,Federal Contract Tower,0,4,22,0,26,0,0,100,0,100,0,4,122,0,126,128,0,128,254
03/14/2015,DBQ,IA,ACE,CE,Federal Contract Tower,0,2,7,0,9,0,0,45,0,45,0,2,52,0,54,12,0,12,66
03/15/2015,DBQ,IA,ACE,CE,Federal Contract Tower,0,3,5,0,8,0,0,26,0,26,0,3,31,0,34,18,0,18,52
03/16/2015,DBQ,IA,ACE,CE,Federal Contract Tower,0,5,22,0,27,0,0,30,0,30,0,5,52,0,57,20,0,20,77
03/17/2015,DBQ,IA,ACE,CE,Federal Contract Tower,0,7,15,0,22,0,0,38,0,38,0,7,53,0,60,26,0,26,86
03/18/2015,DBQ,IA,ACE,CE,Federal Contract Tower,0,4,23,1,28,0,0,61,2,63,0,4,84,3,91,46,6,52,143
03/19/2015,DBQ,IA,ACE,CE,Federal Contract Tower,0,6,25,0,31,0,2,61,0,63,0,8,86,0,94,94,0,94,188
03/20/2015,DBQ,IA,ACE,CE,Federal Contract Tower,0,5,19,0,24,0,0,58,0,58,0,5,77,0,82,124,0,124,206
03/21/2015,DBQ,IA,ACE,CE,Federal Contract Tower,0,3,10,0,13,0,0,41,0,41,0,3,51,0,54,48,0,48,102
03/22/2015,DBQ,IA,ACE,CE,Federal Contract Tower,0,3,8,0,11,0,0,31,0,31,0,3,39,0,42,42,0,42,84
03/23/2015,DBQ,IA,ACE,CE,Federal Contract Tower,0,4,9,0,13,0,0,0,0,0,0,4,9,0,13,18,0,18,31
03/24/2015,DBQ,IA,ACE,CE,Federal Contract Tower,0,5,12,0,17,0,0,31,0,31,0,5,43,0,48,96,0,96,144
03/25/2015,DBQ,IA,ACE,CE,Federal Contract Tower,0,5,14,2,21,0,0,1,0,1,0,5,15,2,22,0,0,0,22
03/26/2015,DBQ,IA,ACE,CE,Federal Contract Tower,0,5,13,0,18,0,0,93,0,93,0,5,106,0,111,134,0,134,245
03/27/2015,DBQ,IA,ACE,CE,Federal Contract Tower,0,5,20,0,25,0,0,101,0,101,0,5,121,0,126,294,0,294,420
03/28/2015,DBQ,IA,ACE,CE,Federal Contract Tower,0,6,15,0,21,0,1,68,0,69,0,7,83,0,90,122,0,122,212
03/29/2015,DBQ,IA,ACE,CE,Federal Contract Tower,0,3,1,0,4,0,0,0,0,0,0,3,1,0,4,0,0,0,4
03/30/2015,DBQ,IA,ACE,CE,Federal Contract Tower,0,5,18,0,23,0,0,87,0,87,0,5,105,0,110,154,0,154,264
03/31/2015,DBQ,IA,ACE,CE,Federal Contract Tower,0,5,13,0,18,0,0,100,4,104,0,5,113,4,122,190,0,190,312
04/01/2015,DBQ,IA,ACE,CE,Federal Contract Tower,2,6,24,0,32,0,0,69,2,71,2,6,93,2,103,96,0,96,199
04/02/2015,DBQ,IA,ACE,CE,Federal Contract Tower,0,4,19,0,23,0,0,69,0,69,0,4,88,0,92,66,0,66,158
04/03/2015,DBQ,IA,ACE,CE,Federal Contract Tower,0,6,13,0,19,0,0,40,0,40,0,6,53,0,59,54,0,54,113
04/04/2015,DBQ,IA,ACE,CE,Federal Contract Tower,2,3,6,0,11,0,0,24,0,24,2,3,30,0,35,12,0,12,47
04/05/2015,DBQ,IA,ACE,CE,Federal Contract Tower,0,3,5,0,8,0,0,15,0,15,0,3,20,0,23,14,0,14,37
04/06/2015,DBQ,IA,ACE,CE,Federal Contract Tower,0,4,21,0,25,0,0,85,0,85,0,4,106,0,110,146,0,146,256
04/07/2015,DBQ,IA,ACE,CE,Federal Contract Tower,0,5,15,0,20,0,0,0,0,0,0,5,15,0,20,0,0,0,20
04/08/2015,DBQ,IA,ACE,CE,Federal Contract Tower,0,5,22,0,27,0,0,0,0,0,0,5,22,0,27,0,0,0,27
04/09/2015,DBQ,IA,ACE,CE,Federal Contract Tower,0,3,13,0,16,0,0,0,0,0,0,3,13,0,16,4,0,4,20
04/10/2015,DBQ,IA,ACE,CE,Federal Contract Tower,0,5,20,0,25,0,0,20,2,22,0,5,40,2,47,64,0,64,111
04/11/2015,DBQ,IA,ACE,CE,Federal Contract Tower,0,3,18,0,21,0,0,84,0,84,0,3,102,0,105,126,0,126,231
04/12/2015,DBQ,IA,ACE,CE,Federal Contract Tower,0,3,3,0,6,0,0,17,0,17,0,3,20,0,23,0,0,0,23
04/13/2015,DBQ,IA,ACE,CE,Federal Contract Tower,0,7,15,0,22,0,0,80,0,80,0,7,95,0,102,106,0,106,208
04/14/2015,DBQ,IA,ACE,CE,Federal Contract Tower,0,5,22,1,28,0,0,99,0,99,0,5,121,1,127,174,0,174,301
04/15/2015,DBQ,IA,ACE,CE,Federal Contract Tower,0,5,36,0,41,0,0,69,2,71,0,5,105,2,112,130,0,130,242
04/16/2015,DBQ,IA,ACE,CE,Federal Contract Tower,0,5,31,0,36,0,0,83,4,87,0,5,114,4,123,196,4,200,323
04/17/2015,DBQ,IA,ACE,CE,Federal Contract Tower,0,4,22,1,27,0,0,74,1,75,0,4,96,2,102,72,0,72,174
04/18/2015,DBQ,IA,ACE,CE,Federal Contract Tower,0,4,7,0,11,0,0,45,0,45,0,4,52,0,56,46,0,46,102
04/19/2015,DBQ,IA,ACE,CE,Federal Contract Tower,0,3,8,0,11,0,0,58,0,58,0,3,66,0,69,6,0,6,75
04/20/2015,DBQ,IA,ACE,CE,Federal Contract Tower,0,6,19,0,25,0,0,7,0,7,0,6,26,0,32,0,0,0,32
04/21/2015,DBQ,IA,ACE,CE,Federal Contract Tower,0,6,12,0,18,0,0,12,0,12,0,6,24,0,30,14,0,14,44
04/22/2015,DBQ,IA,ACE,CE,Federal Contract Tower,0,7,25,0,32,0,0,52,0,52,0,7,77,0,84,27,0,27,111
04/23/2015,DBQ,IA,ACE,CE,Federal Contract Tower,0,4,28,0,32,0,0,89,0,89,0,4,117,0,121,168,0,168,289
04/24/2015,DBQ,IA,ACE,CE,Federal Contract Tower,2,5,21,0,28,0,0,43,0,43,2,5,64,0,71,130,0,130,201
04/25/2015,DBQ,IA,ACE,CE,Federal Contract Tower,0,3,7,0,10,0,0,1,0,1,0,3,8,0,11,0,0,0,11
04/26/2015,DBQ,IA,ACE,CE,Federal Contract Tower,0,3,14,0,17,0,0,54,0,54,0,3,68,0,71,8,0,8,79
04/27/2015,DBQ,IA,ACE,CE,Federal Contract Tower,2,6,23,0,31,0,0,96,0,96,2,6,119,0,127,160,0,160,287
04/28/2015,DBQ,IA,ACE,CE,Federal Contract Tower,0,5,23,0,28,0,0,97,0,97,0,5,120,0,125,184,0,184,309
04/29/2015,DBQ,IA,ACE,CE,Federal Contract Tower,0,5,28,0,33,0,0,124,0,124,0,5,152,0,157,171,0,171,328
04/30/2015,DBQ,IA,ACE,CE,Federal Contract Tower,0,5,21,0,26,0,0,59,0,59,0,5,80,0,85,130,0,130,215
05/01/2015,DBQ,IA,ACE,CE,Federal Contract Tower,0,5,19,0,24,0,0,87,2,89,0,5,106,2,113,104,0,104,217
05/02/2015,DBQ,IA,ACE,CE,Federal Contract Tower,2,3,11,0,16,0,0,52,0,52,2,3,63,0,68,80,0,80,148
05/03/2015,DBQ,IA,ACE,CE,Federal Contract Tower,0,3,5,0,8,0,0,12,0,12,0,3,17,0,20,12,0,12,32
05/04/2015,DBQ,IA,ACE,CE,Federal Contract Tower,0,11,28,0,39,0,0,36,0,36,0,11,64,0,75,34,0,34,109
05/05/2015,DBQ,IA,ACE,CE,Federal Contract Tower,0,5,12,0,17,0,0,0,0,0,0,5,12,0,17,0,0,0,17
05/06/2015,DBQ,IA,ACE,CE,Federal Contract Tower,0,7,20,0,27,0,0,47,0,47,0,7,67,0,74,92,0,92,166
05/07/2015,DBQ,IA,ACE,CE,Federal Contract Tower,0,7,24,0,31,0,0,38,0,38,0,7,62,0,69,62,0,62,131
05/08/2015,DBQ,IA,ACE,CE,Federal Contract Tower,0,10,28,0,38,0,0,39,0,39,0,10,67,0,77,72,0,72,149
05/09/2015,DBQ,IA,ACE,CE,Federal Contract Tower,0,3,14,0,17,0,0,18,0,18,0,3,32,0,35,40,0,40,75
05/10/2015,DBQ,IA,ACE,CE,Federal Contract Tower,0,3,3,0,6,0,0,0,0,0,0,3,3,0,6,0,0,0,6
05/11/2015,DBQ,IA,ACE,CE,Federal Contract Tower,0,5,21,0,26,0,0,4,0,4,0,5,25,0,30,4,0,4,34
05/12/2015,DBQ,IA,ACE,CE,Federal Contract Tower,0,9,8,0,17,0,0,9,0,9,0,9,17,0,26,8,0,8,34
05/13/2015,DBQ,IA,ACE,CE,Federal Contract Tower,0,5,28,0,33,0,0,100,0,100,0,5,128,0,133,100,0,100,233
05/14/2015,DBQ,IA,ACE,CE,Federal Contract Tower,0,5,23,0,28,0,0,25,0,25,0,5,48,0,53,60,0,60,113
05/15/2015,DBQ,IA,ACE,CE,Federal Contract Tower,0,5,27,0,32,0,0,10,0,10,0,5,37,0,42,36,0,36,78
05/16/2015,DBQ,IA,ACE,CE,Federal Contract Tower,0,3,7,0,10,0,0,2,0,2,0,3,9,0,12,10,0,10,22
05/17/2015,DBQ,IA,ACE,CE,Federal Contract Tower,0,3,9,0,12,0,0,0,0,0,0,3,9,0,12,0,0,0,12
05/19/2015,DBQ,IA,ACE,CE,Federal Contract Tower,0,5,27,0,32,0,0,47,0,47,0,5,74,0,79,78,0,78,157
05/20/2015,DBQ,IA,ACE,CE,Federal Contract Tower,0,7,23,0,30,0,0,26,0,26,0,7,49,0,56,102,0,102,158
05/21/2015,DBQ,IA,ACE,CE,Federal Contract Tower,0,5,21,0,26,0,0,84,0,84,0,5,105,0,110,100,0,100,210
05/22/2015,DBQ,IA,ACE,CE,Federal Contract Tower,0,4,29,0,33,0,0,111,0,111,0,4,140,0,144,124,0,124,268
05/23/2015,DBQ,IA,ACE,CE,Federal Contract Tower,0,4,10,0,14,0,0,31,0,31,0,4,41,0,45,12,0,12,57
05/24/2015,DBQ,IA,ACE,CE,Federal Contract Tower,0,4,5,0,9,0,0,0,0,0,0,4,5,0,9,0,0,0,9
05/25/2015,DBQ,IA,ACE,CE,Federal Contract Tower,0,5,6,0,11,0,0,4,0,4,0,5,10,0,15,20,0,20,35
05/26/2015,DBQ,IA,ACE,CE,Federal Contract Tower,0,5,12,0,17,0,0,2,0,2,0,5,14,0,19,0,0,0,19
05/27/2015,DBQ,IA,ACE,CE,Federal Contract Tower,0,5,30,0,35,0,0,62,2,64,0,5,92,2,99,44,2,46,145
05/28/2015,DBQ,IA,ACE,CE,Federal Contract Tower,0,5,27,0,32,0,0,102,0,102,0,5,129,0,134,130,0,130,264
05/29/2015,DBQ,IA,ACE,CE,Federal Contract Tower,0,6,20,0,26,0,1,21,0,22,0,7,41,0,48,56,0,56,104
05/30/2015,DBQ,IA,ACE,CE,Federal Contract Tower,0,3,3,0,6,0,0,0,0,0,0,3,3,0,6,0,0,0,6
05/31/2015,DBQ,IA,ACE,CE,Federal Contract Tower,0,3,24,0,27,0,0,29,0,29,0,3,53,0,56,24,0,24,80
06/01/2015,DBQ,IA,ACE,CE,Federal Contract Tower,0,7,15,0,22,0,0,47,0,47,0,7,62,0,69,102,0,102,171
06/02/2015,DBQ,IA,ACE,CE,Federal Contract Tower,0,6,27,0,33,0,0,79,0,79,0,6,106,0,112,112,0,112,224
06/03/2015,DBQ,IA,ACE,CE,Federal Contract Tower,0,8,25,0,33,0,0,58,1,59,0,8,83,1,92,106,1,107,199
06/04/2015,DBQ,IA,ACE,CE,Federal Contract Tower,0,5,25,0,30,0,0,34,0,34,0,5,59,0,64,0,80,80,144
06/05/2015,DBQ,IA,ACE,CE,Federal Contract Tower,0,7,11,0,18,0,0,39,0,39,0,7,50,0,57,38,0,38,95
06/06/2015,DBQ,IA,ACE,CE,Federal Contract Tower,0,3,14,0,17,0,0,34,0,34,0,3,48,0,51,4,0,4,55
06/07/2015,DBQ,IA,ACE,CE,Federal Contract Tower,0,5,8,0,13,0,0,0,0,0,0,5,8,0,13,0,0,0,13
06/08/2015,DBQ,IA,ACE,CE,Federal Contract Tower,2,3,13,0,18,0,0,64,0,64,2,3,77,0,82,40,0,40,122
06/09/2015,DBQ,IA,ACE,CE,Federal Contract Tower,0,6,13,0,19,0,0,75,0,75,0,6,88,0,94,62,0,62,156
06/10/2015,DBQ,IA,ACE,CE,Federal Contract Tower,0,6,21,0,27,0,0,51,0,51,0,6,72,0,78,48,1,49,127
06/11/2015,DBQ,IA,ACE,CE,Federal Contract Tower,0,5,5,0,10,0,0,2,0,2,0,5,7,0,12,0,0,0,12
06/12/2015,DBQ,IA,ACE,CE,Federal Contract Tower,2,5,24,0,31,0,0,1,0,1,2,5,25,0,32,0,0,0,32
06/13/2015,DBQ,IA,ACE,CE,Federal Contract Tower,0,2,10,0,12,0,4,0,0,4,0,6,10,0,16,0,0,0,16
06/14/2015,DBQ,IA,ACE,CE,Federal Contract Tower,0,6,12,0,18,0,0,8,0,8,0,6,20,0,26,6,0,6,32
06/15/2015,DBQ,IA,ACE,CE,Federal Contract Tower,0,5,20,0,25,0,0,5,0,5,0,5,25,0,30,14,0,14,44
06/16/2015,DBQ,IA,ACE,CE,Federal Contract Tower,0,3,20,0,23,0,0,100,0,100,0,3,120,0,123,58,0,58,181
06/17/2015,DBQ,IA,ACE,CE,Federal Contract Tower,0,5,20,0,25,0,0,38,0,38,0,5,58,0,63,42,0,42,105
06/18/2015,DBQ,IA,ACE,CE,Federal Contract Tower,0,5,27,0,32,0,0,28,0,28,0,5,55,0,60,74,0,74,134
06/19/2015,DBQ,IA,ACE,CE,Federal Contract Tower,0,5,22,0,27,0,0,92,0,92,0,5,114,0,119,36,6,42,161
06/20/2015,DBQ,IA,ACE,CE,Federal Contract Tower,0,1,5,0,6,0,0,0,0,0,0,1,5,0,6,0,0,0,6
06/21/2015,DBQ,IA,ACE,CE,Federal Contract Tower,0,6,9,0,15,0,0,36,0,36,0,6,45,0,51,18,0,18,69
06/22/2015,DBQ,IA,ACE,CE,Federal Contract Tower,0,3,13,2,18,0,0,0,0,0,0,3,13,2,18,0,0,0,18
06/23/2015,DBQ,IA,ACE,CE,Federal Contract Tower,0,4,21,0,25,0,0,64,6,70,0,4,85,6,95,86,0,86,181
06/24/2015,DBQ,IA,ACE,CE,Federal Contract Tower,0,5,18,0,23,0,0,44,0,44,0,5,62,0,67,130,0,130,197
06/25/2015,DBQ,IA,ACE,CE,Federal Contract Tower,0,5,33,0,38,0,0,15,0,15,0,5,48,0,53,24,0,24,77
06/26/2015,DBQ,IA,ACE,CE,Federal Contract Tower,0,5,20,0,25,0,0,15,0,15,0,5,35,0,40,28,0,28,68
06/27/2015,DBQ,IA,ACE,CE,Federal Contract Tower,0,3,6,0,9,0,0,73,0,73,0,3,79,0,82,24,0,24,106
06/28/2015,DBQ,IA,ACE,CE,Federal Contract Tower,0,6,10,0,16,0,0,7,0,7,0,6,17,0,23,4,0,4,27
06/29/2015,DBQ,IA,ACE,CE,Federal Contract Tower,0,4,26,0,30,0,0,26,0,26,0,4,52,0,56,56,0,56,112
06/30/2015,DBQ,IA,ACE,CE,Federal Contract Tower,0,6,27,0,33,0,0,69,0,69,0,6,96,0,102,112,0,112,214
07/01/2015,DBQ,IA,ACE,CE,Federal Contract Tower,0,5,45,1,51,0,0,38,0,38,0,5,83,1,89,22,0,22,111
07/02/2015,DBQ,IA,ACE,CE,Federal Contract Tower,0,6,16,1,23,0,0,82,1,83,0,6,98,2,106,114,0,114,220
07/03/2015,DBQ,IA,ACE,CE,Federal Contract Tower,0,5,15,1,21,0,0,53,12,65,0,5,68,13,86,20,0,20,106
07/04/2015,DBQ,IA,ACE,CE,Federal Contract Tower,0,2,1,1,4,0,0,19,0,19,0,2,20,1,23,22,0,22,45
07/05/2015,DBQ,IA,ACE,CE,Federal Contract Tower,0,5,4,5,14,0,0,34,0,34,0,5,38,5,48,30,0,30,78
07/06/2015,DBQ,IA,ACE,CE,Federal Contract Tower,0,7,13,0,20,0,0,1,0,1,0,7,14,0,21,18,0,18,39
07/07/2015,DBQ,IA,ACE,CE,Federal Contract Tower,0,5,17,0,22,0,0,42,0,42,0,5,59,0,64,72,0,72,136
07/08/2015,DBQ,IA,ACE,CE,Federal Contract Tower,0,9,17,0,26,0,0,83,0,83,0,9,100,0,109,132,0,132,241
07/09/2015,DBQ,IA,ACE,CE,Federal Contract Tower,0,5,32,0,37,0,0,72,0,72,0,5,104,0,109,78,0,78,187
07/10/2015,DBQ,IA,ACE,CE,Federal Contract Tower,0,7,25,0,32,0,0,89,0,89,0,7,114,0,121,70,0,70,191
07/11/2015,DBQ,IA,ACE,CE,Federal Contract Tower,0,3,14,0,17,0,0,6,0,6,0,3,20,0,23,2,0,2,25
07/12/2015,DBQ,IA,ACE,CE,Federal Contract Tower,0,5,7,0,12,0,0,6,0,6,0,5,13,0,18,0,8,8,26
07/13/2015,DBQ,IA,ACE,CE,Federal Contract Tower,0,5,19,0,24,0,0,41,2,43,0,5,60,2,67,16,0,16,83
07/14/2015,DBQ,IA,ACE,CE,Federal Contract Tower,0,7,22,0,29,0,0,66,0,66,0,7,88,0,95,100,0,100,195
07/15/2015,DBQ,IA,ACE,CE,Federal Contract Tower,0,5,8,0,13,0,0,81,0,81,0,5,89,0,94,70,0,70,164
07/16/2015,DBQ,IA,ACE,CE,Federal Contract Tower,0,7,22,0,29,0,0,0,0,0,0,7,22,0,29,0,0,0,29
07/17/2015,DBQ,IA,ACE,CE,Federal Contract Tower,0,3,18,0,21,0,0,320,0,320,0,3,338,0,341,70,0,70,411
07/18/2015,DBQ,IA,ACE,CE,Federal Contract Tower,0,6,18,0,24,0,0,0,0,0,0,6,18,0,24,60,0,60,84
07/19/2015,DBQ,IA,ACE,CE,Federal Contract Tower,0,5,22,0,27,0,0,139,0,139,0,5,161,0,166,0,0,0,166
07/20/2015,DBQ,IA,ACE,CE,Federal Contract Tower,0,6,22,0,28,0,0,44,0,44,0,6,66,0,72,82,0,82,154
07/21/2015,DBQ,IA,ACE,CE,Federal Contract Tower,0,5,11,0,16,0,0,85,0,85,0,5,96,0,101,37,0,37,138
07/22/2015,DBQ,IA,ACE,CE,Federal Contract Tower,0,5,20,0,25,0,0,71,0,71,0,5,91,0,96,58,0,58,154
07/23/2015,DBQ,IA,ACE,CE,Federal Contract Tower,0,5,16,0,21,0,0,83,0,83,0,5,99,0,104,110,0,110,214
07/24/2015,DBQ,IA,ACE,CE,Federal Contract Tower,0,5,14,0,19,0,0,27,0,27,0,5,41,0,46,24,0,24,70
07/25/2015,DBQ,IA,ACE,CE,Federal Contract Tower,0,3,14,0,17,0,0,43,0,43,0,3,57,0,60,44,0,44,104
07/26/2015,DBQ,IA,ACE,CE,Federal Contract Tower,0,5,9,0,14,0,0,12,0,12,0,5,21,0,26,0,0,0,26
07/27/2015,DBQ,IA,ACE,CE,Federal Contract Tower,0,5,21,0,26,0,0,70,0,70,0,5,91,0,96,78,0,78,174
07/28/2015,DBQ,IA,ACE,CE,Federal Contract Tower,0,6,8,0,14,0,0,10,0,10,0,6,18,0,24,78,0,78,102
07/29/2015,DBQ,IA,ACE,CE,Federal Contract Tower,0,5,31,0,36,0,0,76,0,76,0,5,107,0,112,56,0,56,168
07/30/2015,DBQ,IA,ACE,CE,Federal Contract Tower,0,6,26,0,32,0,0,91,0,91,0,6,117,0,123,144,0,144,267
07/31/2015,DBQ,IA,ACE,CE,Federal Contract Tower,0,7,20,0,27,0,0,77,0,77,0,7,97,0,104,76,0,76,180
08/01/2015,DBQ,IA,ACE,CE,Federal Contract Tower,0,3,11,0,14,0,0,71,0,71,0,3,82,0,85,32,0,32,117
08/02/2015,DBQ,IA,ACE,CE,Federal Contract Tower,0,3,10,0,13,0,0,5,0,5,0,3,15,0,18,0,0,0,18
08/03/2015,DBQ,IA,ACE,CE,Federal Contract Tower,0,7,15,0,22,0,0,70,0,70,0,7,85,0,92,180,0,180,272
08/04/2015,DBQ,IA,ACE,CE,Federal Contract Tower,0,5,23,0,28,0,0,76,0,76,0,5,99,0,104,96,0,96,200
08/05/2015,DBQ,IA,ACE,CE,Federal Contract Tower,0,7,30,2,39,0,0,61,2,63,0,7,91,4,102,102,0,102,204
08/06/2015,DBQ,IA,ACE,CE,Federal Contract Tower,0,5,19,0,24,0,0,61,0,61,0,5,80,0,85,96,0,96,181
08/07/2015,DBQ,IA,ACE,CE,Federal Contract Tower,0,9,24,0,33,0,0,34,0,34,0,9,58,0,67,104,0,104,171
08/08/2015,DBQ,IA,ACE,CE,Federal Contract Tower,0,3,9,0,12,0,0,24,0,24,0,3,33,0,36,20,0,20,56
08/09/2015,DBQ,IA,ACE,CE,Federal Contract Tower,0,5,17,0,22,0,0,0,0,0,0,5,17,0,22,0,0,0,22
08/10/2015,DBQ,IA,ACE,CE,Federal Contract Tower,0,7,16,0,23,0,0,49,0,49,0,7,65,0,72,138,0,138,210
08/11/2015,DBQ,IA,ACE,CE,Federal Contract Tower,0,5,19,2,26,0,123,2,0,125,0,128,21,2,151,98,0,98,249
08/12/2015,DBQ,IA,ACE,CE,Federal Contract Tower,0,5,27,2,34,0,0,75,0,75,0,5,102,2,109,142,0,142,251
08/13/2015,DBQ,IA,ACE,CE,Federal Contract Tower,0,5,16,0,21,0,0,54,0,54,0,5,70,0,75,136,0,136,211
08/14/2015,DBQ,IA,ACE,CE,Federal Contract Tower,0,4,18,0,22,0,0,46,0,46,0,4,64,0,68,80,8,88,156
08/15/2015,DBQ,IA,ACE,CE,Federal Contract Tower,0,3,13,0,16,0,0,63,0,63,0,3,76,0,79,22,0,22,101
08/16/2015,DBQ,IA,ACE,CE,Federal Contract Tower,0,7,17,0,24,0,0,25,0,25,0,7,42,0,49,22,0,22,71
08/17/2015,DBQ,IA,ACE,CE,Federal Contract Tower,0,4,21,0,25,0,0,25,0,25,0,4,46,0,50,0,2,2,52
08/18/2015,DBQ,IA,ACE,CE,Federal Contract Tower,0,3,18,0,21,0,0,20,0,20,0,3,38,0,41,36,0,36,77
08/19/2015,DBQ,IA,ACE,CE,Federal Contract Tower,0,5,16,0,21,0,0,5,0,5,0,5,21,0,26,8,0,8,34
08/20/2015,DBQ,IA,ACE,CE,Federal Contract Tower,0,5,26,0,31,0,0,24,0,24,0,5,50,0,55,54,0,54,109
08/21/2015,DBQ,IA,ACE,CE,Federal Contract Tower,0,7,23,0,30,0,0,34,0,34,0,7,57,0,64,34,0,34,98
08/22/2015,DBQ,IA,ACE,CE,Federal Contract Tower,0,3,5,0,8,0,0,51,0,51,0,3,56,0,59,14,0,14,73
08/23/2015,DBQ,IA,ACE,CE,Federal Contract Tower,0,5,11,0,16,0,0,9,0,9,0,5,20,0,25,14,0,14,39
08/24/2015,DBQ,IA,ACE,CE,Federal Contract Tower,0,6,8,0,14,0,0,54,0,54,0,6,62,0,68,116,0,116,184
08/25/2015,DBQ,IA,ACE,CE,Federal Contract Tower,1,5,13,0,19,0,0,86,0,86,1,5,99,0,105,118,0,118,223
08/26/2015,DBQ,IA,ACE,CE,Federal Contract Tower,0,5,26,0,31,0,0,61,0,61,0,5,87,0,92,184,0,184,276
08/27/2015,DBQ,IA,ACE,CE,Federal Contract Tower,0,5,12,0,17,0,0,64,3,67,0,5,76,3,84,102,0,102,186
08/28/2015,DBQ,IA,ACE,CE,Federal Contract Tower,0,5,14,0,19,0,0,33,0,33,0,5,47,0,52,84,0,84,136
08/29/2015,DBQ,IA,ACE,CE,Federal Contract Tower,0,3,24,0,27,0,0,5,0,5,0,3,29,0,32,14,0,14,46
08/30/2015,DBQ,IA,ACE,CE,Federal Contract Tower,0,5,15,0,20,0,0,33,0,33,0,5,48,0,53,30,0,30,83
08/31/2015,DBQ,IA,ACE,CE,Federal Contract Tower,0,5,35,0,40,0,0,88,0,88,0,5,123,0,128,156,0,156,284
09/01/2015,DBQ,IA,ACE,CE,Federal Contract Tower,0,5,25,0,30,0,0,88,0,88,0,5,113,0,118,146,0,146,264
09/02/2015,DBQ,IA,ACE,CE,Federal Contract Tower,0,6,27,0,33,0,0,142,0,142,0,6,169,0,175,244,0,244,419
09/03/2015,DBQ,IA,ACE,CE,Federal Contract Tower,0,6,19,0,25,0,15,110,0,125,0,21,129,0,150,218,0,218,368
09/04/2015,DBQ,IA,ACE,CE,Federal Contract Tower,0,5,21,0,26,0,0,89,0,89,0,5,110,0,115,148,0,148,263
09/05/2015,DBQ,IA,ACE,CE,Federal Contract Tower,0,3,8,0,11,0,0,83,0,83,0,3,91,0,94,112,0,112,206
09/06/2015,DBQ,IA,ACE,CE,Federal Contract Tower,0,5,7,0,12,0,0,37,0,37,0,5,44,0,49,10,0,10,59
09/07/2015,DBQ,IA,ACE,CE,Federal Contract Tower,0,3,11,0,14,0,0,14,0,14,0,3,25,0,28,12,0,12,40
09/08/2015,DBQ,IA,ACE,CE,Federal Contract Tower,0,8,28,0,36,0,0,15,0,15,0,8,43,0,51,70,0,70,121
09/09/2015,DBQ,IA,ACE,CE,Federal Contract Tower,0,5,41,0,46,0,0,134,0,134,0,5,175,0,180,242,0,242,422
09/10/2015,DBQ,IA,ACE,CE,Federal Contract Tower,0,5,18,0,23,0,0,45,0,45,0,5,63,0,68,166,0,166,234
09/11/2015,DBQ,IA,ACE,CE,Federal Contract Tower,0,5,26,0,31,0,0,89,0,89,0,5,115,0,120,246,0,246,366
09/12/2015,DBQ,IA,ACE,CE,Federal Contract Tower,0,3,20,0,23,0,0,108,0,108,0,3,128,0,131,66,0,66,197
09/13/2015,DBQ,IA,ACE,CE,Federal Contract Tower,0,6,22,0,28,0,1,267,0,268,0,7,289,0,296,128,0,128,424
09/14/2015,DBQ,IA,ACE,CE,Federal Contract Tower,0,6,31,0,37,0,0,108,0,108,0,6,139,0,145,294,0,294,439
09/15/2015,DBQ,IA,ACE,CE,Federal Contract Tower,0,5,24,0,29,0,0,89,0,89,0,5,113,0,118,200,0,200,318
09/16/2015,DBQ,IA,ACE,CE,Federal Contract Tower,0,7,22,2,31,0,0,93,0,93,0,7,115,2,124,320,0,320,444
09/17/2015,DBQ,IA,ACE,CE,Federal Contract Tower,0,6,17,0,23,0,0,24,0,24,0,6,41,0,47,32,0,32,79
09/18/2015,DBQ,IA,ACE,CE,Federal Contract Tower,0,5,28,0,33,0,0,2,0,2,0,5,30,0,35,8,0,8,43
09/19/2015,DBQ,IA,ACE,CE,Federal Contract Tower,0,3,20,0,23,0,0,57,0,57,0,3,77,0,80,84,0,84,164
09/20/2015,DBQ,IA,ACE,CE,Federal Contract Tower,0,5,17,0,22,0,0,33,0,33,0,5,50,0,55,34,0,34,89
09/21/2015,DBQ,IA,ACE,CE,Federal Contract Tower,0,5,26,0,31,0,0,118,0,118,0,5,144,0,149,158,0,158,307
09/22/2015,DBQ,IA,ACE,CE,Federal Contract Tower,0,5,18,4,27,0,0,122,0,122,0,5,140,4,149,172,0,172,321
09/23/2015,DBQ,IA,ACE,CE,Federal Contract Tower,0,5,21,0,26,0,0,105,0,105,0,5,126,0,131,276,0,276,407
09/24/2015,DBQ,IA,ACE,CE,Federal Contract Tower,0,5,31,0,36,0,0,94,0,94,0,5,125,0,130,202,0,202,332
09/25/2015,DBQ,IA,ACE,CE,Federal Contract Tower,0,9,17,0,26,0,0,73,0,73,0,9,90,0,99,126,0,126,225
09/26/2015,DBQ,IA,ACE,CE,Federal Contract Tower,0,3,8,0,11,0,0,60,0,60,0,3,68,0,71,166,0,166,237
09/27/2015,DBQ,IA,ACE,CE,Federal Contract Tower,0,9,16,0,25,0,0,50,0,50,0,9,66,0,75,16,0,16,91
09/28/2015,DBQ,IA,ACE,CE,Federal Contract Tower,0,5,25,0,30,0,0,52,0,52,0,5,77,0,82,158,0,158,240
09/29/2015,DBQ,IA,ACE,CE,Federal Contract Tower,0,5,30,0,35,0,0,39,0,39,0,5,69,0,74,114,0,114,188
09/30/2015,DBQ,IA,ACE,CE,Federal Contract Tower,0,5,18,0,23,0,0,120,0,120,0,5,138,0,143,182,0,182,325
10/01/2015,DBQ,IA,ACE,CE,Federal Contract Tower,0,5,23,0,28,0,0,118,0,118,0,5,141,0,146,238,0,238,384
10/02/2015,DBQ,IA,ACE,CE,Federal Contract Tower,0,5,22,0,27,0,0,126,0,126,0,5,148,0,153,184,0,184,337
10/03/2015,DBQ,IA,ACE,CE,Federal Contract Tower,2,3,14,0,19,0,0,49,0,49,2,3,63,0,68,72,0,72,140
10/04/2015,DBQ,IA,ACE,CE,Federal Contract Tower,0,6,29,0,35,0,0,21,0,21,0,6,50,0,56,0,0,0,56
10/05/2015,DBQ,IA,ACE,CE,Federal Contract Tower,0,8,24,0,32,0,0,11,0,11,0,8,35,0,43,54,0,54,97
10/06/2015,DBQ,IA,ACE,CE,Federal Contract Tower,0,7,13,0,20,0,0,76,0,76,0,7,89,0,96,158,0,158,254
10/07/2015,DBQ,IA,ACE,CE,Federal Contract Tower,2,7,18,0,27,0,0,98,0,98,2,7,116,0,125,218,0,218,343
10/08/2015,DBQ,IA,ACE,CE,Federal Contract Tower,0,5,19,0,24,0,0,44,0,44,0,5,63,0,68,132,0,132,200
10/09/2015,DBQ,IA,ACE,CE,Federal Contract Tower,0,4,34,0,38,0,0,45,0,45,0,4,79,0,83,206,0,206,289
10/10/2015,DBQ,IA,ACE,CE,Federal Contract Tower,0,3,16,0,19,0,0,77,0,77,0,3,93,0,96,182,0,182,278
10/11/2015,DBQ,IA,ACE,CE,Federal Contract Tower,0,6,17,0,23,0,0,30,0,30,0,6,47,0,53,0,0,0,53
10/12/2015,DBQ,IA,ACE,CE,Federal Contract Tower,0,5,15,0,20,0,0,17,0,17,0,5,32,0,37,68,0,68,105
10/13/2015,DBQ,IA,ACE,CE,Federal Contract Tower,0,6,19,0,25,0,0,66,0,66,0,6,85,0,91,180,0,180,271
10/14/2015,DBQ,IA,ACE,CE,Federal Contract Tower,0,5,27,0,32,0,0,81,0,81,0,5,108,0,113,258,0,258,371
10/15/2015,DBQ,IA,ACE,CE,Federal Contract Tower,0,5,26,0,31,0,0,48,0,48,0,5,74,0,79,118,0,118,197
10/16/2015,DBQ,IA,ACE,CE,Federal Contract Tower,0,5,18,0,23,0,0,88,0,88,0,5,106,0,111,250,0,250,361
10/17/2015,DBQ,IA,ACE,CE,Federal Contract Tower,0,5,10,0,15,0,0,65,0,65,0,5,75,0,80,120,0,120,200
10/18/2015,DBQ,IA,ACE,CE,Federal Contract Tower,0,7,11,0,18,0,0,23,0,23,0,7,34,0,41,12,0,12,53
10/19/2015,DBQ,IA,ACE,CE,Federal Contract Tower,0,7,16,0,23,0,0,4,0,4,0,7,20,0,27,18,0,18,45
10/20/2015,DBQ,IA,ACE,CE,Federal Contract Tower,0,5,19,0,24,0,0,71,0,71,0,5,90,0,95,154,0,154,249
10/21/2015,DBQ,IA,ACE,CE,Federal Contract Tower,0,4,22,0,26,0,0,29,0,29,0,4,51,0,55,120,0,120,175
10/22/2015,DBQ,IA,ACE,CE,Federal Contract Tower,0,6,23,0,29,0,0,87,4,91,0,6,110,4,120,156,0,156,276
10/23/2015,DBQ,IA,ACE,CE,Federal Contract Tower,0,10,19,0,29,0,0,40,0,40,0,10,59,0,69,142,0,142,211
10/24/2015,DBQ,IA,ACE,CE,Federal Contract Tower,0,6,11,0,17,0,0,2,0,2,0,6,13,0,19,0,0,0,19
10/25/2015,DBQ,IA,ACE,CE,Federal Contract Tower,0,6,21,0,27,0,0,50,0,50,0,6,71,0,77,16,0,16,93
10/26/2015,DBQ,IA,ACE,CE,Federal Contract Tower,0,5,21,0,26,0,0,125,0,125,0,5,146,0,151,332,0,332,483
10/27/2015,DBQ,IA,ACE,CE,Federal Contract Tower,0,7,22,0,29,0,0,31,0,31,0,7,53,0,60,80,0,80,140
10/28/2015,DBQ,IA,ACE,CE,Federal Contract Tower,0,7,17,0,24,0,0,1,0,1,0,7,18,0,25,0,0,0,25
10/29/2015,DBQ,IA,ACE,CE,Federal Contract Tower,0,5,16,0,21,0,0,4,0,4,0,5,20,0,25,8,0,8,33
10/30/2015,DBQ,IA,ACE,CE,Federal Contract Tower,0,9,27,0,36,0,0,26,0,26,0,9,53,0,62,40,0,40,102
10/31/2015,DBQ,IA,ACE,CE,Federal Contract Tower,0,1,6,0,7,0,0,1,0,1,0,1,7,0,8,0,0,0,8
11/01/2015,DBQ,IA,ACE,CE,Federal Contract Tower,0,6,10,0,16,0,0,66,0,66,0,6,76,0,82,126,0,126,208
11/02/2015,DBQ,IA,ACE,CE,Federal Contract Tower,0,5,18,0,23,0,0,90,1,91,0,5,108,1,114,160,0,160,274
11/03/2015,DBQ,IA,ACE,CE,Federal Contract Tower,0,6,27,0,33,0,0,77,0,77,0,6,104,0,110,192,0,192,302
11/04/2015,DBQ,IA,ACE,CE,Federal Contract Tower,0,5,16,0,21,0,0,33,0,33,0,5,49,0,54,126,0,126,180
11/05/2015,DBQ,IA,ACE,CE,Federal Contract Tower,0,5,11,0,16,0,0,13,0,13,0,5,24,0,29,58,0,58,87
11/06/2015,DBQ,IA,ACE,CE,Federal Contract Tower,0,5,11,0,16,0,0,49,0,49,0,5,60,0,65,238,0,238,303
11/07/2015,DBQ,IA,ACE,CE,Federal Contract Tower,0,3,13,0,16,0,0,70,0,70,0,3,83,0,86,198,0,198,284
11/08/2015,DBQ,IA,ACE,CE,Federal Contract Tower,0,5,14,0,19,0,0,41,0,41,0,5,55,0,60,20,0,20,80
11/09/2015,DBQ,IA,ACE,CE,Federal Contract Tower,0,6,17,0,23,0,0,100,0,100,0,6,117,0,123,184,0,184,307
11/10/2015,DBQ,IA,ACE,CE,Federal Contract Tower,0,7,16,0,23,0,0,93,0,93,0,7,109,0,116,276,0,276,392
11/11/2015,DBQ,IA,ACE,CE,Federal Contract Tower,0,8,6,0,14,0,0,23,0,23,0,8,29,0,37,90,0,90,127
11/12/2015,DBQ,IA,ACE,CE,Federal Contract Tower,0,5,3,0,8,0,0,0,0,0,0,5,3,0,8,0,0,0,8
11/13/2015,DBQ,IA,ACE,CE,Federal Contract Tower,0,11,13,0,24,0,0,38,0,38,0,11,51,0,62,92,12,104,166
11/14/2015,DBQ,IA,ACE,CE,Federal Contract Tower,0,3,9,0,12,0,0,74,0,74,0,3,83,0,86,264,0,264,350
11/15/2015,DBQ,IA,ACE,CE,Federal Contract Tower,0,5,25,0,30,0,0,38,0,38,0,5,63,0,68,50,0,50,118
11/16/2015,DBQ,IA,ACE,CE,Federal Contract Tower,0,5,9,0,14,0,0,24,0,24,0,5,33,0,38,66,0,66,104
11/17/2015,DBQ,IA,ACE,CE,Federal Contract Tower,0,4,11,0,15,0,0,0,0,0,0,4,11,0,15,0,0,0,15
11/18/2015,DBQ,IA,ACE,CE,Federal Contract Tower,2,3,7,0,12,0,0,9,0,9,2,3,16,0,21,22,0,22,43
11/19/2015,DBQ,IA,ACE,CE,Federal Contract Tower,0,6,8,0,14,0,0,0,0,0,0,6,8,0,14,0,0,0,14
11/20/2015,DBQ,IA,ACE,CE,Federal Contract Tower,0,8,18,2,28,0,0,40,0,40,0,8,58,2,68,92,0,92,160
11/21/2015,DBQ,IA,ACE,CE,Federal Contract Tower,0,1,11,0,12,0,0,4,0,4,0,1,15,0,16,0,0,0,16
11/22/2015,DBQ,IA,ACE,CE,Federal Contract Tower,0,4,7,0,11,0,0,12,0,12,0,4,19,0,23,6,0,6,29
11/23/2015,DBQ,IA,ACE,CE,Federal Contract Tower,0,6,26,0,32,0,0,49,0,49,0,6,75,0,81,80,0,80,161
11/24/2015,DBQ,IA,ACE,CE,Federal Contract Tower,0,5,18,0,23,0,0,73,0,73,0,5,91,0,96,104,0,104,200
11/25/2015,DBQ,IA,ACE,CE,Federal Contract Tower,0,5,5,0,10,0,0,4,0,4,0,5,9,0,14,0,0,0,14
11/26/2015,DBQ,IA,ACE,CE,Federal Contract Tower,0,3,0,0,3,0,0,0,0,0,0,3,0,0,3,0,0,0,3
11/27/2015,DBQ,IA,ACE,CE,Federal Contract Tower,0,5,2,0,7,0,0,2,0,2,0,5,4,0,9,0,0,0,9
11/28/2015,DBQ,IA,ACE,CE,Federal Contract Tower,0,1,9,0,10,0,0,19,0,19,0,1,28,0,29,18,0,18,47
11/29/2015,DBQ,IA,ACE,CE,Federal Contract Tower,0,5,12,0,17,0,0,26,0,26,0,5,38,0,43,6,0,6,49
11/30/2015,DBQ,IA,ACE,CE,Federal Contract Tower,0,5,9,0,14,0,0,4,0,4,0,5,13,0,18,16,0,16,34
12/01/2015,DBQ,IA,ACE,CE,Federal Contract Tower,0,5,15,0,20,0,0,5,0,5,0,5,20,0,25,74,0,74,99
12/02/2015,DBQ,IA,ACE,CE,Federal Contract Tower,0,5,7,0,12,0,0,14,0,14,0,5,21,0,26,44,0,44,70
12/03/2015,DBQ,IA,ACE,CE,Federal Contract Tower,0,7,27,0,34,0,0,1,0,1,0,7,28,0,35,12,2,14,49
12/04/2015,DBQ,IA,ACE,CE,Federal Contract Tower,0,5,23,0,28,0,0,103,0,103,0,5,126,0,131,162,2,164,295
12/05/2015,DBQ,IA,ACE,CE,Federal Contract Tower,0,4,21,0,25,0,0,56,0,56,0,4,77,0,81,200,0,200,281
12/06/2015,DBQ,IA,ACE,CE,Federal Contract Tower,0,5,10,0,15,0,0,3,0,3,0,5,13,0,18,4,0,4,22
12/07/2015,DBQ,IA,ACE,CE,Federal Contract Tower,0,5,27,0,32,0,0,2,0,2,0,5,29,0,34,14,0,14,48
12/08/2015,DBQ,IA,ACE,CE,Federal Contract Tower,0,5,31,0,36,0,0,49,0,49,0,5,80,0,85,128,0,128,213
12/09/2015,DBQ,IA,ACE,CE,Federal Contract Tower,0,5,15,2,22,0,0,100,0,100,0,5,115,2,122,228,0,228,350
12/10/2015,DBQ,IA,ACE,CE,Federal Contract Tower,0,5,9,0,14,0,0,2,0,2,0,5,11,0,16,22,0,22,38
12/11/2015,DBQ,IA,ACE,CE,Federal Contract Tower,0,7,23,0,30,0,0,83,0,83,0,7,106,0,113,140,0,140,253
12/12/2015,DBQ,IA,ACE,CE,Federal Contract Tower,0,1,0,0,1,0,0,0,0,0,0,1,0,0,1,0,0,0,1
12/13/2015,DBQ,IA,ACE,CE,Federal Contract Tower,0,2,11,0,13,0,0,0,0,0,0,2,11,0,13,0,0,0,13
12/14/2015,DBQ,IA,ACE,CE,Federal Contract Tower,0,5,14,0,19,0,0,0,0,0,0,5,14,0,19,0,0,0,19
12/15/2015,DBQ,IA,ACE,CE,Federal Contract Tower,0,5,14,0,19,0,0,0,0,0,0,5,14,0,19,56,0,56,75
12/16/2015,DBQ,IA,ACE,CE,Federal Contract Tower,0,5,7,0,12,0,0,0,0,0,0,5,7,0,12,0,0,0,12
12/17/2015,DBQ,IA,ACE,CE,Federal Contract Tower,0,5,17,0,22,0,0,52,0,52,0,5,69,0,74,120,0,120,194
12/18/2015,DBQ,IA,ACE,CE,Federal Contract Tower,0,8,13,0,21,0,0,53,0,53,0,8,66,0,74,52,0,52,126
12/19/2015,DBQ,IA,ACE,CE,Federal Contract Tower,0,3,13,0,16,0,0,64,0,64,0,3,77,0,80,126,0,126,206
12/20/2015,DBQ,IA,ACE,CE,Federal Contract Tower,0,6,6,0,12,0,0,7,0,7,0,6,13,0,19,20,0,20,39
12/21/2015,DBQ,IA,ACE,CE,Federal Contract Tower,0,5,12,0,17,0,0,0,0,0,0,5,12,0,17,0,0,0,17
12/22/2015,DBQ,IA,ACE,CE,Federal Contract Tower,0,7,10,0,17,0,0,0,0,0,0,7,10,0,17,0,0,0,17
12/23/2015,DBQ,IA,ACE,CE,Federal Contract Tower,0,7,6,0,13,0,0,0,0,0,0,7,6,0,13,0,0,0,13
12/24/2015,DBQ,IA,ACE,CE,Federal Contract Tower,0,5,4,0,9,0,0,3,0,3,0,5,7,0,12,12,0,12,24
12/25/2015,DBQ,IA,ACE,CE,Federal Contract Tower,0,7,2,0,9,0,0,0,0,0,0,7,2,0,9,0,0,0,9
12/26/2015,DBQ,IA,ACE,CE,Federal Contract Tower,0,5,2,0,7,0,0,0,0,0,0,5,2,0,7,0,0,0,7
12/27/2015,DBQ,IA,ACE,CE,Federal Contract Tower,0,9,7,0,16,0,0,0,0,0,0,9,7,0,16,0,0,0,16
12/28/2015,DBQ,IA,ACE,CE,Federal Contract Tower,0,0,2,0,2,0,0,0,0,0,0,0,2,0,2,0,0,0,2
12/29/2015,DBQ,IA,ACE,CE,Federal Contract Tower,0,7,8,0,15,0,0,0,0,0,0,7,8,0,15,0,0,0,15
12/30/2015,DBQ,IA,ACE,CE,Federal Contract Tower,0,5,4,0,9,0,0,0,0,0,0,5,4,0,9,0,0,0,9
12/31/2015,DBQ,IA,ACE,CE,Federal Contract Tower,0,5,7,0,12,0,0,0,0,0,0,5,7,0,12,0,0,0,12
01/01/2016,DBQ,IA,ACE,CE,Federal Contract Tower,0,5,0,0,5,0,0,4,0,4,0,5,4,0,9,0,0,0,9
01/02/2016,DBQ,IA,ACE,CE,Federal Contract Tower,0,9,12,0,21,0,0,18,0,18,0,9,30,0,39,6,0,6,45
01/03/2016,DBQ,IA,ACE,CE,Federal Contract Tower,0,5,12,0,17,0,0,3,0,3,0,5,15,0,20,0,0,0,20
01/04/2016,DBQ,IA,ACE,CE,Federal Contract Tower,0,5,13,0,18,0,0,38,0,38,0,5,51,0,56,58,0,58,114
01/05/2016,DBQ,IA,ACE,CE,Federal Contract Tower,0,5,11,0,16,0,0,65,0,65,0,5,76,0,81,222,0,222,303
01/06/2016,DBQ,IA,ACE,CE,Federal Contract Tower,0,5,17,0,22,0,0,64,4,68,0,5,81,4,90,194,4,198,288
01/07/2016,DBQ,IA,ACE,CE,Federal Contract Tower,0,4,13,0,17,0,0,0,0,0,0,4,13,0,17,0,0,0,17
01/08/2016,DBQ,IA,ACE,CE,Federal Contract Tower,0,1,1,0,2,0,0,0,0,0,0,1,1,0,2,0,0,0,2
01/09/2016,DBQ,IA,ACE,CE,Federal Contract Tower,0,3,5,0,8,0,0,2,0,2,0,3,7,0,10,0,0,0,10
01/10/2016,DBQ,IA,ACE,CE,Federal Contract Tower,0,5,2,0,7,0,0,17,0,17,0,5,19,0,24,10,0,10,34
01/11/2016,DBQ,IA,ACE,CE,Federal Contract Tower,0,7,10,0,17,0,0,3,0,3,0,7,13,0,20,108,0,108,128
01/13/2016,DBQ,IA,ACE,CE,Federal Contract Tower,0,6,19,0,25,0,6,89,0,95,0,12,108,0,120,272,0,272,392
01/14/2016,DBQ,IA,ACE,CE,Federal Contract Tower,2,5,25,0,32,0,0,115,0,115,2,5,140,0,147,146,0,146,293
01/15/2016,DBQ,IA,ACE,CE,Federal Contract Tower,0,7,15,0,22,0,0,3,0,3,0,7,18,0,25,2,2,4,29
01/16/2016,DBQ,IA,ACE,CE,Federal Contract Tower,0,4,8,0,12,0,0,41,0,41,0,4,49,0,53,58,0,58,111
01/17/2016,DBQ,IA,ACE,CE,Federal Contract Tower,0,5,5,0,10,0,0,0,0,0,0,5,5,0,10,0,0,0,10
01/18/2016,DBQ,IA,ACE,CE,Federal Contract Tower,0,5,23,0,28,0,0,25,0,25,0,5,48,0,53,48,0,48,101
01/19/2016,DBQ,IA,ACE,CE,Federal Contract Tower,0,5,19,0,24,0,0,63,2,65,0,5,82,2,89,126,0,126,215
01/20/2016,DBQ,IA,ACE,CE,Federal Contract Tower,0,5,7,0,12,0,0,38,0,38,0,5,45,0,50,200,0,200,250
01/21/2016,DBQ,IA,ACE,CE,Federal Contract Tower,0,5,17,0,22,0,0,89,0,89,0,5,106,0,111,136,0,136,247
01/22/2016,DBQ,IA,ACE,CE,Federal Contract Tower,0,4,15,0,19,0,0,18,0,18,0,4,33,0,37,74,0,74,111
01/23/2016,DBQ,IA,ACE,CE,Federal Contract Tower,0,5,17,0,22,0,0,49,0,49,0,5,66,0,71,24,0,24,95
01/24/2016,DBQ,IA,ACE,CE,Federal Contract Tower,0,5,8,0,13,0,0,1,0,1,0,5,9,0,14,0,0,0,14
01/25/2016,DBQ,IA,ACE,CE,Federal Contract Tower,0,5,15,0,20,0,0,0,0,0,0,5,15,0,20,0,0,0,20
01/26/2016,DBQ,IA,ACE,CE,Federal Contract Tower,0,5,16,0,21,0,0,0,0,0,0,5,16,0,21,0,0,0,21
01/27/2016,DBQ,IA,ACE,CE,Federal Contract Tower,0,6,17,0,23,0,0,69,0,69,0,6,86,0,92,80,0,80,172
01/28/2016,DBQ,IA,ACE,CE,Federal Contract Tower,0,7,25,0,32,0,0,74,0,74,0,7,99,0,106,164,0,164,270
01/29/2016,DBQ,IA,ACE,CE,Federal Contract Tower,0,6,19,0,25,0,0,104,0,104,0,6,123,0,129,118,0,118,247
01/30/2016,DBQ,IA,ACE,CE,Federal Contract Tower,0,6,18,0,24,0,0,75,2,77,0,6,93,2,101,206,0,206,307
01/31/2016,DBQ,IA,ACE,CE,Federal Contract Tower,0,6,2,0,8,0,0,2,0,2,0,6,4,0,10,14,0,14,24
02/01/2016,DBQ,IA,ACE,CE,Federal Contract Tower,0,6,21,0,27,0,0,0,0,0,0,6,21,0,27,0,0,0,27
02/02/2016,DBQ,IA,ACE,CE,Federal Contract Tower,0,2,4,0,6,0,0,0,0,0,0,2,4,0,6,0,0,0,6
02/03/2016,DBQ,IA,ACE,CE,Federal Contract Tower,0,5,18,0,23,0,0,0,2,2,0,5,18,2,25,0,0,0,25
02/04/2016,DBQ,IA,ACE,CE,Federal Contract Tower,0,7,19,0,26,0,0,105,0,105,0,7,124,0,131,189,0,189,320
02/05/2016,DBQ,IA,ACE,CE,Federal Contract Tower,0,5,18,0,23,0,0,83,0,83,0,5,101,0,106,238,0,238,344
02/06/2016,DBQ,IA,ACE,CE,Federal Contract Tower,0,4,3,0,7,0,0,3,0,3,0,4,6,0,10,70,0,70,80
02/07/2016,DBQ,IA,ACE,CE,Federal Contract Tower,2,4,10,0,16,0,0,52,0,52,2,4,62,0,68,70,0,70,138
02/08/2016,DBQ,IA,ACE,CE,Federal Contract Tower,0,5,14,0,19,0,0,14,0,14,0,5,28,0,33,18,0,18,51
02/09/2016,DBQ,IA,ACE,CE,Federal Contract Tower,0,5,18,0,23,0,0,67,0,67,0,5,85,0,90,134,0,134,224
02/10/2016,DBQ,IA,ACE,CE,Federal Contract Tower,0,7,23,0,30,0,0,100,0,100,0,7,123,0,130,176,0,176,306
02/11/2016,DBQ,IA,ACE,CE,Federal Contract Tower,0,6,20,0,26,0,0,116,0,116,0,6,136,0,142,108,0,108,250
02/12/2016,DBQ,IA,ACE,CE,Federal Contract Tower,0,7,7,0,14,0,0,57,0,57,0,7,64,0,71,179,0,179,250
02/13/2016,DBQ,IA,ACE,CE,Federal Contract Tower,0,4,15,0,19,0,0,52,0,52,0,4,67,0,71,88,0,88,159
02/14/2016,DBQ,IA,ACE,CE,Federal Contract Tower,0,1,2,0,3,0,0,0,0,0,0,1,2,0,3,0,0,0,3
02/15/2016,DBQ,IA,ACE,CE,Federal Contract Tower,0,5,12,0,17,0,0,0,0,0,0,5,12,0,17,0,0,0,17
02/16/2016,DBQ,IA,ACE,CE,Federal Contract Tower,0,5,10,0,15,0,1,0,0,1,0,6,10,0,16,0,0,0,16
02/17/2016,DBQ,IA,ACE,CE,Federal Contract Tower,0,5,17,0,22,0,0,94,0,94,0,5,111,0,116,164,0,164,280
02/18/2016,DBQ,IA,ACE,CE,Federal Contract Tower,0,5,16,1,22,0,0,0,0,0,0,5,16,1,22,32,0,32,54
02/19/2016,DBQ,IA,ACE,CE,Federal Contract Tower,0,1,10,0,11,0,0,0,0,0,0,1,10,0,11,0,0,0,11
02/20/2016,DBQ,IA,ACE,CE,Federal Contract Tower,0,5,21,0,26,0,0,65,0,65,0,5,86,0,91,72,0,72,163
02/21/2016,DBQ,IA,ACE,CE,Federal Contract Tower,0,5,2,0,7,0,0,9,0,9,0,5,11,0,16,18,0,18,34
02/22/2016,DBQ,IA,ACE,CE,Federal Contract Tower,0,5,18,0,23,0,0,96,0,96,0,5,114,0,119,142,0,142,261
02/23/2016,DBQ,IA,ACE,CE,Federal Contract Tower,0,7,12,0,19,0,2,86,0,88,0,9,98,0,107,124,0,124,231
02/24/2016,DBQ,IA,ACE,CE,Federal Contract Tower,0,3,17,0,20,0,0,29,0,29,0,3,46,0,49,102,2,104,153
02/25/2016,DBQ,IA,ACE,CE,Federal Contract Tower,0,6,18,0,24,0,0,62,0,62,0,6,80,0,86,142,0,142,228
02/26/2016,DBQ,IA,ACE,CE,Federal Contract Tower,0,5,15,0,20,0,0,67,0,67,0,5,82,0,87,148,0,148,235
02/27/2016,DBQ,IA,ACE,CE,Federal Contract Tower,0,4,11,2,17,0,0,57,0,57,0,4,68,2,74,96,0,96,170
02/28/2016,DBQ,IA,ACE,CE,Federal Contract Tower,0,5,6,0,11,0,0,4,0,4,0,5,10,0,15,16,0,16,31
02/29/2016,DBQ,IA,ACE,CE,Federal Contract Tower,0,5,21,0,26,0,0,53,0,53,0,5,74,0,79,160,0,160,239
03/01/2016,DBQ,IA,ACE,CE,Federal Contract Tower,0,4,23,0,27,0,0,4,0,4,0,4,27,0,31,26,0,26,57
03/02/2016,DBQ,IA,ACE,CE,Federal Contract Tower,0,5,24,2,31,0,0,110,0,110,0,5,134,2,141,162,0,162,303
03/03/2016,DBQ,IA,ACE,CE,Federal Contract Tower,0,6,33,0,39,0,0,4,0,4,0,6,37,0,43,36,0,36,79
03/04/2016,DBQ,IA,ACE,CE,Federal Contract Tower,0,5,6,0,11,0,0,23,0,23,0,5,29,0,34,170,0,170,204
03/05/2016,DBQ,IA,ACE,CE,Federal Contract Tower,0,6,12,0,18,0,0,13,0,13,0,6,25,0,31,80,0,80,111
03/06/2016,DBQ,IA,ACE,CE,Federal Contract Tower,0,5,13,0,18,0,0,20,0,20,0,5,33,0,38,50,0,50,88
03/07/2016,DBQ,IA,ACE,CE,Federal Contract Tower,0,7,16,0,23,0,0,98,4,102,0,7,114,4,125,124,0,124,249
03/08/2016,DBQ,IA,ACE,CE,Federal Contract Tower,0,5,18,0,23,0,0,50,2,52,0,5,68,2,75,100,0,100,175
03/09/2016,DBQ,IA,ACE,CE,Federal Contract Tower,0,5,31,0,36,0,0,24,0,24,0,5,55,0,60,124,0,124,184
03/10/2016,DBQ,IA,ACE,CE,Federal Contract Tower,0,5,32,0,37,0,0,94,0,94,0,5,126,0,131,190,0,190,321
03/11/2016,DBQ,IA,ACE,CE,Federal Contract Tower,0,5,27,0,32,0,0,84,0,84,0,5,111,0,116,192,0,192,308
03/12/2016,DBQ,IA,ACE,CE,Federal Contract Tower,0,4,8,0,12,0,0,42,0,42,0,4,50,0,54,14,0,14,68
03/13/2016,DBQ,IA,ACE,CE,Federal Contract Tower,2,3,3,0,8,0,0,1,0,1,2,3,4,0,9,0,0,0,9
03/14/2016,DBQ,IA,ACE,CE,Federal Contract Tower,0,5,16,0,21,0,0,0,0,0,0,5,16,0,21,0,0,0,21
03/15/2016,DBQ,IA,ACE,CE,Federal Contract Tower,0,5,6,0,11,0,0,0,0,0,0,5,6,0,11,0,0,0,11
03/16/2016,DBQ,IA,ACE,CE,Federal Contract Tower,0,5,9,0,14,0,0,0,2,2,0,5,9,2,16,0,0,0,16
03/17/2016,DBQ,IA,ACE,CE,Federal Contract Tower,0,6,15,0,21,0,0,34,0,34,0,6,49,0,55,20,0,20,75
03/18/2016,DBQ,IA,ACE,CE,Federal Contract Tower,0,5,24,0,29,0,0,39,2,41,0,5,63,2,70,42,16,58,128
03/19/2016,DBQ,IA,ACE,CE,Federal Contract Tower,0,3,3,0,6,0,0,3,0,3,0,3,6,0,9,0,0,0,9
03/20/2016,DBQ,IA,ACE,CE,Federal Contract Tower,0,5,12,0,17,0,0,48,0,48,0,5,60,0,65,28,0,28,93
03/21/2016,DBQ,IA,ACE,CE,Federal Contract Tower,0,5,13,0,18,0,0,91,0,91,0,5,104,0,109,106,0,106,215
03/22/2016,DBQ,IA,ACE,CE,Federal Contract Tower,0,9,8,0,17,0,0,62,2,64,0,9,70,2,81,66,0,66,147
03/23/2016,DBQ,IA,ACE,CE,Federal Contract Tower,0,6,14,0,20,0,0,0,0,0,0,6,14,0,20,0,0,0,20
03/24/2016,DBQ,IA,ACE,CE,Federal Contract Tower,0,6,17,0,23,0,0,1,0,1,0,6,18,0,24,0,0,0,24
03/25/2016,DBQ,IA,ACE,CE,Federal Contract Tower,0,6,19,0,25,0,0,39,0,39,0,6,58,0,64,44,0,44,108
03/26/2016,DBQ,IA,ACE,CE,Federal Contract Tower,0,1,10,1,12,0,0,24,0,24,0,1,34,1,36,12,0,12,48
03/27/2016,DBQ,IA,ACE,CE,Federal Contract Tower,0,3,1,0,4,0,0,0,0,0,0,3,1,0,4,0,0,0,4
03/28/2016,DBQ,IA,ACE,CE,Federal Contract Tower,0,9,21,0,30,0,0,99,0,99,0,9,120,0,129,96,0,96,225
03/29/2016,DBQ,IA,ACE,CE,Federal Contract Tower,0,5,15,0,20,0,0,89,2,91,0,5,104,2,111,58,0,58,169
03/30/2016,DBQ,IA,ACE,CE,Federal Contract Tower,0,6,14,0,20,0,1,18,0,19,0,7,32,0,39,26,0,26,65
03/31/2016,DBQ,IA,ACE,CE,Federal Contract Tower,0,6,9,0,15,0,0,1,0,1,0,6,10,0,16,0,0,0,16
04/01/2016,DBQ,IA,ACE,CE,Federal Contract Tower,0,5,9,0,14,0,0,11,0,11,0,5,20,0,25,36,0,36,61
04/02/2016,DBQ,IA,ACE,CE,Federal Contract Tower,0,6,2,0,8,0,0,5,0,5,0,6,7,0,13,0,0,0,13
04/03/2016,DBQ,IA,ACE,CE,Federal Contract Tower,0,5,6,0,11,0,0,9,0,9,0,5,15,0,20,0,0,0,20
04/04/2016,DBQ,IA,ACE,CE,Federal Contract Tower,0,5,18,0,23,0,0,63,0,63,0,5,81,0,86,150,0,150,236
04/05/2016,DBQ,IA,ACE,CE,Federal Contract Tower,0,5,8,0,13,0,0,38,0,38,0,5,46,0,51,36,0,36,87
04/06/2016,DBQ,IA,ACE,CE,Federal Contract Tower,0,5,11,0,16,0,0,0,0,0,0,5,11,0,16,0,0,0,16
04/07/2016,DBQ,IA,ACE,CE,Federal Contract Tower,0,5,15,0,20,0,0,76,0,76,0,5,91,0,96,76,0,76,172
04/08/2016,DBQ,IA,ACE,CE,Federal Contract Tower,0,7,15,0,22,0,1,16,0,17,0,8,31,0,39,58,0,58,97
04/10/2016,DBQ,IA,ACE,CE,Federal Contract Tower,0,5,7,0,12,0,0,6,0,6,0,5,13,0,18,0,0,0,18
04/11/2016,DBQ,IA,ACE,CE,Federal Contract Tower,0,5,15,0,20,0,0,63,8,71,0,5,78,8,91,36,0,36,127
04/12/2016,DBQ,IA,ACE,CE,Federal Contract Tower,0,6,27,0,33,0,0,92,0,92,0,6,119,0,125,186,0,186,311
04/13/2016,DBQ,IA,ACE,CE,Federal Contract Tower,0,9,26,0,35,0,0,118,0,118,0,9,144,0,153,120,0,120,273
04/14/2016,DBQ,IA,ACE,CE,Federal Contract Tower,0,8,26,0,34,0,0,95,0,95,0,8,121,0,129,152,0,152,281
04/15/2016,DBQ,IA,ACE,CE,Federal Contract Tower,0,8,22,0,30,0,0,113,0,113,0,8,135,0,143,144,0,144,287
04/16/2016,DBQ,IA,ACE,CE,Federal Contract Tower,0,4,10,0,14,0,0,56,0,56,0,4,66,0,70,32,0,32,102
04/18/2016,DBQ,IA,ACE,CE,Federal Contract Tower,0,7,13,0,20,0,0,74,0,74,0,7,87,0,94,94,0,94,188
04/19/2016,DBQ,IA,ACE,CE,Federal Contract Tower,0,6,23,0,29,0,2,33,0,35,0,8,56,0,64,96,0,96,160
04/20/2016,DBQ,IA,ACE,CE,Federal Contract Tower,0,8,19,2,29,0,0,51,0,51,0,8,70,2,80,92,0,92,172
04/21/2016,DBQ,IA,ACE,CE,Federal Contract Tower,0,4,17,0,21,0,0,42,0,42,0,4,59,0,63,60,0,60,123
04/22/2016,DBQ,IA,ACE,CE,Federal Contract Tower,0,5,44,2,51,0,0,25,0,25,0,5,69,2,76,82,0,82,158
04/23/2016,DBQ,IA,ACE,CE,Federal Contract Tower,0,4,18,0,22,0,0,73,0,73,0,4,91,0,95,136,0,136,231
04/24/2016,DBQ,IA,ACE,CE,Federal Contract Tower,0,5,14,0,19,0,0,21,0,21,0,5,35,0,40,68,0,68,108
04/25/2016,DBQ,IA,ACE,CE,Federal Contract Tower,0,4,17,0,21,0,0,49,0,49,0,4,66,0,70,110,0,110,180
04/26/2016,DBQ,IA,ACE,CE,Federal Contract Tower,0,5,18,1,24,0,0,17,0,17,0,5,35,1,41,28,0,28,69
04/27/2016,DBQ,IA,ACE,CE,Federal Contract Tower,0,5,15,3,23,0,0,7,0,7,0,5,22,3,30,10,0,10,40
04/28/2016,DBQ,IA,ACE,CE,Federal Contract Tower,0,5,18,0,23,0,0,0,0,0,0,5,18,0,23,0,0,0,23
04/29/2016,DBQ,IA,ACE,CE,Federal Contract Tower,0,5,36,2,43,0,0,16,0,16,0,5,52,2,59,46,0,46,105
04/30/2016,DBQ,IA,ACE,CE,Federal Contract Tower,0,4,5,0,9,0,0,2,0,2,0,4,7,0,11,0,0,0,11
05/01/2016,DBQ,IA,ACE,CE,Federal Contract Tower,0,5,9,0,14,0,0,0,0,0,0,5,9,0,14,0,0,0,14
05/02/2016,DBQ,IA,ACE,CE,Federal Contract Tower,0,5,11,0,16,0,0,99,0,99,0,5,110,0,115,90,0,90,205
05/03/2016,DBQ,IA,ACE,CE,Federal Contract Tower,0,6,15,0,21,0,0,102,0,102,0,6,117,0,123,118,0,118,241
05/04/2016,DBQ,IA,ACE,CE,Federal Contract Tower,0,5,27,0,32,0,0,44,0,44,0,5,71,0,76,52,0,52,128
05/05/2016,DBQ,IA,ACE,CE,Federal Contract Tower,0,6,25,0,31,0,0,107,0,107,0,6,132,0,138,104,0,104,242
05/06/2016,DBQ,IA,ACE,CE,Federal Contract Tower,0,6,18,0,24,0,0,95,0,95,0,6,113,0,119,118,0,118,237
05/07/2016,DBQ,IA,ACE,CE,Federal Contract Tower,0,5,8,0,13,0,0,19,0,19,0,5,27,0,32,64,0,64,96
05/08/2016,DBQ,IA,ACE,CE,Federal Contract Tower,0,6,14,0,20,0,2,36,0,38,0,8,50,0,58,48,0,48,106
05/09/2016,DBQ,IA,ACE,CE,Federal Contract Tower,0,5,11,0,16,0,1,6,0,7,0,6,17,0,23,18,0,18,41
05/10/2016,DBQ,IA,ACE,CE,Federal Contract Tower,0,5,16,0,21,0,0,0,0,0,0,5,16,0,21,0,0,0,21
05/11/2016,DBQ,IA,ACE,CE,Federal Contract Tower,0,10,15,0,25,0,0,4,0,4,0,10,19,0,29,0,0,0,29
05/12/2016,DBQ,IA,ACE,CE,Federal Contract Tower,0,5,32,0,37,0,0,51,0,51,0,5,83,0,88,74,0,74,162
05/13/2016,DBQ,IA,ACE,CE,Federal Contract Tower,2,5,19,0,26,0,0,45,0,45,2,5,64,0,71,46,0,46,117
05/14/2016,DBQ,IA,ACE,CE,Federal Contract Tower,0,5,12,0,17,0,0,23,0,23,0,5,35,0,40,34,0,34,74
05/15/2016,DBQ,IA,ACE,CE,Federal Contract Tower,2,5,6,0,13,0,0,69,6,75,2,5,75,6,88,72,0,72,160
05/16/2016,DBQ,IA,ACE,CE,Federal Contract Tower,2,11,24,0,37,0,0,78,0,78,2,11,102,0,115,144,0,144,259
05/17/2016,DBQ,IA,ACE,CE,Federal Contract Tower,0,5,16,0,21,0,0,73,0,73,0,5,89,0,94,118,0,118,212
05/18/2016,DBQ,IA,ACE,CE,Federal Contract Tower,0,6,22,0,28,0,0,84,0,84,0,6,106,0,112,54,0,54,166
05/19/2016,DBQ,IA,ACE,CE,Federal Contract Tower,0,6,19,0,25,0,0,57,0,57,0,6,76,0,82,40,0,40,122
05/20/2016,DBQ,IA,ACE,CE,Federal Contract Tower,0,5,16,0,21,0,0,60,0,60,0,5,76,0,81,78,0,78,159
05/21/2016,DBQ,IA,ACE,CE,Federal Contract Tower,0,4,11,0,15,0,0,38,0,38,0,4,49,0,53,30,0,30,83
05/22/2016,DBQ,IA,ACE,CE,Federal Contract Tower,0,7,0,0,7,0,0,35,0,35,0,7,35,0,42,8,0,8,50
05/23/2016,DBQ,IA,ACE,CE,Federal Contract Tower,0,7,24,0,31,0,0,44,0,44,0,7,68,0,75,42,0,42,117
05/24/2016,DBQ,IA,ACE,CE,Federal Contract Tower,0,5,13,0,18,0,0,43,0,43,0,5,56,0,61,74,0,74,135
05/25/2016,DBQ,IA,ACE,CE,Federal Contract Tower,0,4,16,0,20,0,0,35,0,35,0,4,51,0,55,78,0,78,133
05/26/2016,DBQ,IA,ACE,CE,Federal Contract Tower,0,5,11,0,16,0,0,55,0,55,0,5,66,0,71,68,0,68,139
05/27/2016,DBQ,IA,ACE,CE,Federal Contract Tower,0,5,19,0,24,0,0,11,0,11,0,5,30,0,35,6,0,6,41
05/28/2016,DBQ,IA,ACE,CE,Federal Contract Tower,0,5,8,0,13,0,0,7,0,7,0,5,15,0,20,4,0,4,24
05/29/2016,DBQ,IA,ACE,CE,Federal Contract Tower,0,3,6,0,9,0,2,8,0,10,0,5,14,0,19,4,0,4,23
05/30/2016,DBQ,IA,ACE,CE,Federal Contract Tower,0,9,7,0,16,0,0,26,0,26,0,9,33,0,42,28,0,28,70
05/31/2016,DBQ,IA,ACE,CE,Federal Contract Tower,0,4,15,0,19,0,2,37,0,39,0,6,52,0,58,22,0,22,80
06/01/2016,DBQ,IA,ACE,CE,Federal Contract Tower,0,5,14,0,19,0,0,56,3,59,0,5,70,3,78,30,0,30,108
06/02/2016,DBQ,IA,ACE,CE,Federal Contract Tower,0,5,29,0,34,0,0,77,0,77,0,5,106,0,111,68,0,68,179
06/03/2016,DBQ,IA,ACE,CE,Federal Contract Tower,0,5,22,0,27,0,0,60,0,60,0,5,82,0,87,64,0,64,151
06/04/2016,DBQ,IA,ACE,CE,Federal Contract Tower,0,4,11,0,15,0,0,17,0,17,0,4,28,0,32,10,0,10,42
06/05/2016,DBQ,IA,ACE,CE,Federal Contract Tower,0,5,18,0,23,0,0,8,0,8,0,5,26,0,31,0,0,0,31
06/06/2016,DBQ,IA,ACE,CE,Federal Contract Tower,0,7,19,0,26,0,0,62,0,62,0,7,81,0,88,76,0,76,164
06/07/2016,DBQ,IA,ACE,CE,Federal Contract Tower,0,6,24,0,30,0,0,54,0,54,0,6,78,0,84,76,0,76,160
06/08/2016,DBQ,IA,ACE,CE,Federal Contract Tower,0,9,28,0,37,0,2,76,0,78,0,11,104,0,115,92,0,92,207
06/09/2016,DBQ,IA,ACE,CE,Federal Contract Tower,0,5,25,0,30,0,0,17,0,17,0,5,42,0,47,30,0,30,77
06/10/2016,DBQ,IA,ACE,CE,Federal Contract Tower,0,5,15,0,20,0,0,55,2,57,0,5,70,2,77,88,0,88,165
06/11/2016,DBQ,IA,ACE,CE,Federal Contract Tower,0,6,12,1,19,0,0,27,0,27,0,6,39,1,46,40,0,40,86
06/12/2016,DBQ,IA,ACE,CE,Federal Contract Tower,0,5,9,0,14,0,0,13,0,13,0,5,22,0,27,0,0,0,27
06/13/2016,DBQ,IA,ACE,CE,Federal Contract Tower,0,9,20,0,29,0,1,46,6,53,0,10,66,6,82,64,0,64,146
06/14/2016,DBQ,IA,ACE,CE,Federal Contract Tower,0,3,18,0,21,0,0,39,0,39,0,3,57,0,60,76,0,76,136
06/15/2016,DBQ,IA,ACE,CE,Federal Contract Tower,0,5,29,0,34,0,0,39,5,44,0,5,68,5,78,76,0,76,154
06/16/2016,DBQ,IA,ACE,CE,Federal Contract Tower,0,7,16,0,23,0,0,51,0,51,0,7,67,0,74,150,0,150,224
06/17/2016,DBQ,IA,ACE,CE,Federal Contract Tower,0,5,25,0,30,0,0,55,0,55,0,5,80,0,85,52,0,52,137
06/18/2016,DBQ,IA,ACE,CE,Federal Contract Tower,0,6,7,0,13,0,0,50,0,50,0,6,57,0,63,24,0,24,87
06/19/2016,DBQ,IA,ACE,CE,Federal Contract Tower,0,5,4,0,9,0,0,12,0,12,0,5,16,0,21,0,0,0,21
06/20/2016,DBQ,IA,ACE,CE,Federal Contract Tower,0,5,15,0,20,0,1,62,0,63,0,6,77,0,83,134,0,134,217
06/21/2016,DBQ,IA,ACE,CE,Federal Contract Tower,0,7,19,0,26,0,2,72,0,74,0,9,91,0,100,144,0,144,244
06/22/2016,DBQ,IA,ACE,CE,Federal Contract Tower,0,8,14,0,22,0,0,14,0,14,0,8,28,0,36,34,0,34,70
06/23/2016,DBQ,IA,ACE,CE,Federal Contract Tower,0,7,18,0,25,0,0,51,0,51,0,7,69,0,76,110,0,110,186
06/24/2016,DBQ,IA,ACE,CE,Federal Contract Tower,0,5,24,0,29,0,0,85,0,85,0,5,109,0,114,114,0,114,228
06/25/2016,DBQ,IA,ACE,CE,Federal Contract Tower,0,4,3,0,7,0,0,21,0,21,0,4,24,0,28,40,0,40,68
06/26/2016,DBQ,IA,ACE,CE,Federal Contract Tower,0,5,15,0,20,0,0,14,0,14,0,5,29,0,34,6,0,6,40
06/27/2016,DBQ,IA,ACE,CE,Federal Contract Tower,0,6,28,2,36,0,0,45,0,45,0,6,73,2,81,130,0,130,211
06/28/2016,DBQ,IA,ACE,CE,Federal Contract Tower,0,5,27,0,32,0,0,67,0,67,0,5,94,0,99,128,0,128,227
06/29/2016,DBQ,IA,ACE,CE,Federal Contract Tower,0,5,13,0,18,0,0,52,0,52,0,5,65,0,70,128,0,128,198
06/30/2016,DBQ,IA,ACE,CE,Federal Contract Tower,0,5,22,0,27,0,0,18,0,18,0,5,40,0,45,34,0,34,79
07/01/2016,DBQ,IA,ACE,CE,Federal Contract Tower,0,7,17,1,25,0,0,58,0,58,0,7,75,1,83,126,0,126,209
07/02/2016,DBQ,IA,ACE,CE,Federal Contract Tower,0,4,11,0,15,0,0,17,6,23,0,4,28,6,38,10,0,10,48
07/03/2016,DBQ,IA,ACE,CE,Federal Contract Tower,0,4,6,0,10,0,0,12,8,20,0,4,18,8,30,10,4,14,44
07/04/2016,DBQ,IA,ACE,CE,Federal Contract Tower,0,8,8,2,18,0,0,1,0,1,0,8,9,2,19,0,0,0,19
07/05/2016,DBQ,IA,ACE,CE,Federal Contract Tower,0,6,14,1,21,0,0,55,0,55,0,6,69,1,76,102,0,102,178
07/06/2016,DBQ,IA,ACE,CE,Federal Contract Tower,0,9,16,0,25,0,0,31,0,31,0,9,47,0,56,122,0,122,178
07/07/2016,DBQ,IA,ACE,CE,Federal Contract Tower,2,7,20,0,29,0,0,7,0,7,2,7,27,0,36,32,0,32,68
07/08/2016,DBQ,IA,ACE,CE,Federal Contract Tower,0,5,20,0,25,0,0,35,0,35,0,5,55,0,60,74,6,80,140
07/09/2016,DBQ,IA,ACE,CE,Federal Contract Tower,0,4,5,0,9,0,0,52,0,52,0,4,57,0,61,48,2,50,111
07/10/2016,DBQ,IA,ACE,CE,Federal Contract Tower,0,5,11,0,16,0,1,15,0,16,0,6,26,0,32,4,0,4,36
07/11/2016,DBQ,IA,ACE,CE,Federal Contract Tower,0,5,19,0,24,0,0,61,0,61,0,5,80,0,85,92,0,92,177
07/12/2016,DBQ,IA,ACE,CE,Federal Contract Tower,0,7,18,0,25,0,0,34,0,34,0,7,52,0,59,42,0,42,101
07/13/2016,DBQ,IA,ACE,CE,Federal Contract Tower,0,8,26,0,34,0,0,26,0,26,0,8,52,0,60,144,0,144,204
07/14/2016,DBQ,IA,ACE,CE,Federal Contract Tower,0,6,17,0,23,0,1,68,0,69,0,7,85,0,92,98,0,98,190
07/15/2016,DBQ,IA,ACE,CE,Federal Contract Tower,0,6,19,2,27,0,0,27,0,27,0,6,46,2,54,126,2,128,182
07/16/2016,DBQ,IA,ACE,CE,Federal Contract Tower,0,4,5,0,9,0,0,38,0,38,0,4,43,0,47,26,0,26,73
07/17/2016,DBQ,IA,ACE,CE,Federal Contract Tower,0,6,8,0,14,0,0,8,0,8,0,6,16,0,22,2,0,2,24
07/18/2016,DBQ,IA,ACE,CE,Federal Contract Tower,0,5,18,0,23,0,1,72,0,73,0,6,90,0,96,86,0,86,182
07/19/2016,DBQ,IA,ACE,CE,Federal Contract Tower,0,6,21,0,27,0,0,39,0,39,0,6,60,0,66,44,0,44,110
07/20/2016,DBQ,IA,ACE,CE,Federal Contract Tower,0,6,14,0,20,0,0,45,0,45,0,6,59,0,65,53,0,53,118
07/21/2016,DBQ,IA,ACE,CE,Federal Contract Tower,0,7,32,0,39,0,0,128,0,128,0,7,160,0,167,128,0,128,295
07/22/2016,DBQ,IA,ACE,CE,Federal Contract Tower,0,5,17,0,22,0,0,245,0,245,0,5,262,0,267,70,0,70,337
07/23/2016,DBQ,IA,ACE,CE,Federal Contract Tower,0,4,15,0,19,0,0,117,0,117,0,4,132,0,136,68,0,68,204
07/24/2016,DBQ,IA,ACE,CE,Federal Contract Tower,0,5,19,0,24,0,0,149,0,149,0,5,168,0,173,36,0,36,209
07/25/2016,DBQ,IA,ACE,CE,Federal Contract Tower,0,5,15,0,20,0,0,57,0,57,0,5,72,0,77,98,0,98,175
07/26/2016,DBQ,IA,ACE,CE,Federal Contract Tower,0,5,16,0,21,0,0,54,0,54,0,5,70,0,75,86,0,86,161
07/29/2016,DBQ,IA,ACE,CE,Federal Contract Tower,0,2,10,0,12,0,0,1,0,1,0,2,11,0,13,0,0,0,13
07/30/2016,DBQ,IA,ACE,CE,Federal Contract Tower,0,3,10,0,13,0,0,8,2,10,0,3,18,2,23,4,0,4,27
07/31/2016,DBQ,IA,ACE,CE,Federal Contract Tower,0,5,14,0,19,0,0,41,0,41,0,5,55,0,60,46,0,46,106
08/01/2016,DBQ,IA,ACE,CE,Federal Contract Tower,0,12,22,0,34,0,0,56,0,56,0,12,78,0,90,120,0,120,210
08/02/2016,DBQ,IA,ACE,CE,Federal Contract Tower,0,5,20,0,25,0,0,22,0,22,0,5,42,0,47,54,0,54,101
08/03/2016,DBQ,IA,ACE,CE,Federal Contract Tower,0,7,27,0,34,0,0,38,0,38,0,7,65,0,72,150,0,150,222
08/04/2016,DBQ,IA,ACE,CE,Federal Contract Tower,0,8,20,0,28,0,0,32,0,32,0,8,52,0,60,128,0,128,188
08/05/2016,DBQ,IA,ACE,CE,Federal Contract Tower,0,7,21,0,28,0,0,43,0,43,0,7,64,0,71,74,0,74,145
08/06/2016,DBQ,IA,ACE,CE,Federal Contract Tower,0,6,15,0,21,0,0,30,0,30,0,6,45,0,51,22,0,22,73
08/07/2016,DBQ,IA,ACE,CE,Federal Contract Tower,0,7,5,0,12,0,0,32,0,32,0,7,37,0,44,8,0,8,52
08/08/2016,DBQ,IA,ACE,CE,Federal Contract Tower,0,6,15,0,21,0,0,59,0,59,0,6,74,0,80,106,0,106,186
08/09/2016,DBQ,IA,ACE,CE,Federal Contract Tower,0,8,22,0,30,0,0,58,0,58,0,8,80,0,88,68,0,68,156
08/10/2016,DBQ,IA,ACE,CE,Federal Contract Tower,0,5,20,0,25,0,0,58,0,58,0,5,78,0,83,164,0,164,247
08/11/2016,DBQ,IA,ACE,CE,Federal Contract Tower,0,5,14,0,19,0,1,10,0,11,0,6,24,0,30,0,0,0,30
08/12/2016,DBQ,IA,ACE,CE,Federal Contract Tower,0,6,11,0,17,0,0,7,0,7,0,6,18,0,24,0,0,0,24
08/13/2016,DBQ,IA,ACE,CE,Federal Contract Tower,0,4,7,0,11,0,0,18,0,18,0,4,25,0,29,54,0,54,83
08/14/2016,DBQ,IA,ACE,CE,Federal Contract Tower,0,3,15,1,19,0,0,30,0,30,0,3,45,1,49,14,0,14,63
08/15/2016,DBQ,IA,ACE,CE,Federal Contract Tower,0,5,17,0,22,0,0,49,0,49,0,5,66,0,71,112,0,112,183
08/16/2016,DBQ,IA,ACE,CE,Federal Contract Tower,0,5,13,0,18,0,0,63,0,63,0,5,76,0,81,90,0,90,171
08/17/2016,DBQ,IA,ACE,CE,Federal Contract Tower,0,5,29,0,34,0,0,49,2,51,0,5,78,2,85,128,0,128,213
08/18/2016,DBQ,IA,ACE,CE,Federal Contract Tower,0,7,22,0,29,0,0,28,0,28,0,7,50,0,57,38,0,38,95
08/19/2016,DBQ,IA,ACE,CE,Federal Contract Tower,0,3,7,0,10,0,0,21,0,21,0,3,28,0,31,68,0,68,99
08/20/2016,DBQ,IA,ACE,CE,Federal Contract Tower,0,4,14,0,18,0,0,0,0,0,0,4,14,0,18,0,0,0,18
08/21/2016,DBQ,IA,ACE,CE,Federal Contract Tower,0,7,8,0,15,0,0,40,0,40,0,7,48,0,55,38,0,38,93
08/22/2016,DBQ,IA,ACE,CE,Federal Contract Tower,0,6,19,0,25,0,0,42,0,42,0,6,61,0,67,26,0,26,93
08/23/2016,DBQ,IA,ACE,CE,Federal Contract Tower,0,5,19,0,24,0,0,25,0,25,0,5,44,0,49,6,0,6,55
08/24/2016,DBQ,IA,ACE,CE,Federal Contract Tower,0,4,26,0,30,0,0,10,0,10,0,4,36,0,40,8,0,8,48
08/25/2016,DBQ,IA,ACE,CE,Federal Contract Tower,0,5,18,0,23,0,0,62,0,62,0,5,80,0,85,132,0,132,217
08/26/2016,DBQ,IA,ACE,CE,Federal Contract Tower,0,7,16,0,23,0,0,62,0,62,0,7,78,0,85,82,0,82,167
08/27/2016,DBQ,IA,ACE,CE,Federal Contract Tower,0,4,5,0,9,0,0,4,0,4,0,4,9,0,13,22,0,22,35
08/28/2016,DBQ,IA,ACE,CE,Federal Contract Tower,0,5,12,0,17,0,0,28,0,28,0,5,40,0,45,30,0,30,75
08/29/2016,DBQ,IA,ACE,CE,Federal Contract Tower,2,5,20,0,27,0,0,31,0,31,2,5,51,0,58,12,0,12,70
08/30/2016,DBQ,IA,ACE,CE,Federal Contract Tower,0,9,25,0,34,0,0,47,0,47,0,9,72,0,81,168,0,168,249
08/31/2016,DBQ,IA,ACE,CE,Federal Contract Tower,0,7,34,0,41,0,0,85,0,85,0,7,119,0,126,54,0,54,180
09/01/2016,DBQ,IA,ACE,CE,Federal Contract Tower,0,5,21,0,26,0,0,100,0,100,0,5,121,0,126,132,0,132,258
09/02/2016,DBQ,IA,ACE,CE,Federal Contract Tower,0,5,20,0,25,0,0,128,0,128,0,5,148,0,153,92,0,92,245
09/03/2016,DBQ,IA,ACE,CE,Federal Contract Tower,0,4,20,0,24,0,0,57,0,57,0,4,77,0,81,92,0,92,173
09/04/2016,DBQ,IA,ACE,CE,Federal Contract Tower,0,5,7,0,12,0,0,13,0,13,0,5,20,0,25,0,0,0,25
09/05/2016,DBQ,IA,ACE,CE,Federal Contract Tower,0,3,11,0,14,0,0,23,0,23,0,3,34,0,37,22,0,22,59
09/06/2016,DBQ,IA,ACE,CE,Federal Contract Tower,0,7,14,0,21,0,0,93,0,93,0,7,107,0,114,216,0,216,330
09/07/2016,DBQ,IA,ACE,CE,Federal Contract Tower,0,5,18,0,23,0,0,2,0,2,0,5,20,0,25,4,0,4,29
09/08/2016,DBQ,IA,ACE,CE,Federal Contract Tower,0,6,26,0,32,0,0,74,0,74,0,6,100,0,106,78,0,78,184
09/09/2016,DBQ,IA,ACE,CE,Federal Contract Tower,0,5,24,0,29,0,0,18,0,18,0,5,42,0,47,40,0,40,87
09/10/2016,DBQ,IA,ACE,CE,Federal Contract Tower,0,4,23,0,27,0,0,68,0,68,0,4,91,0,95,128,0,128,223
09/11/2016,DBQ,IA,ACE,CE,Federal Contract Tower,2,5,24,0,31,0,0,263,0,263,2,5,287,0,294,14,0,14,308
09/12/2016,DBQ,IA,ACE,CE,Federal Contract Tower,0,8,19,0,27,0,0,146,0,146,0,8,165,0,173,90,0,90,263
09/13/2016,DBQ,IA,ACE,CE,Federal Contract Tower,0,6,17,0,23,0,0,8,2,10,0,6,25,2,33,150,2,152,185
09/14/2016,DBQ,IA,ACE,CE,Federal Contract Tower,0,6,34,0,40,0,0,112,0,112,0,6,146,0,152,168,0,168,320
09/15/2016,DBQ,IA,ACE,CE,Federal Contract Tower,2,8,22,0,32,0,0,96,0,96,2,8,118,0,128,162,0,162,290
09/16/2016,DBQ,IA,ACE,CE,Federal Contract Tower,0,10,26,0,36,0,0,18,0,18,0,10,44,0,54,102,0,102,156
09/17/2016,DBQ,IA,ACE,CE,Federal Contract Tower,0,5,17,0,22,0,0,74,0,74,0,5,91,0,96,52,0,52,148
09/18/2016,DBQ,IA,ACE,CE,Federal Contract Tower,0,5,22,0,27,0,0,34,0,34,0,5,56,0,61,38,0,38,99
09/19/2016,DBQ,IA,ACE,CE,Federal Contract Tower,1,5,15,0,21,0,0,78,0,78,1,5,93,0,99,116,0,116,215
09/20/2016,DBQ,IA,ACE,CE,Federal Contract Tower,0,8,18,0,26,0,1,93,0,94,0,9,111,0,120,178,0,178,298
09/21/2016,DBQ,IA,ACE,CE,Federal Contract Tower,0,5,20,0,25,0,0,47,0,47,0,5,67,0,72,62,0,62,134
09/23/2016,DBQ,IA,ACE,CE,Federal Contract Tower,0,7,21,0,28,0,0,0,0,0,0,7,21,0,28,0,0,0,28
09/24/2016,DBQ,IA,ACE,CE,Federal Contract Tower,0,4,23,0,27,0,0,0,0,0,0,4,23,0,27,0,0,0,27
09/25/2016,DBQ,IA,ACE,CE,Federal Contract Tower,0,5,21,0,26,0,0,17,0,17,0,5,38,0,43,14,0,14,57
09/26/2016,DBQ,IA,ACE,CE,Federal Contract Tower,0,7,17,0,24,0,0,67,0,67,0,7,84,0,91,106,0,106,197
09/27/2016,DBQ,IA,ACE,CE,Federal Contract Tower,0,6,28,0,34,0,0,110,0,110,0,6,138,0,144,202,0,202,346
09/28/2016,DBQ,IA,ACE,CE,Federal Contract Tower,0,6,27,0,33,0,0,38,0,38,0,6,65,0,71,118,0,118,189
09/29/2016,DBQ,IA,ACE,CE,Federal Contract Tower,0,6,16,0,22,0,0,121,0,121,0,6,137,0,143,236,2,238,381
09/30/2016,DBQ,IA,ACE,CE,Federal Contract Tower,0,6,45,0,51,0,0,0,0,0,0,6,45,0,51,0,0,0,51
10/01/2016,DBQ,IA,ACE,CE,Federal Contract Tower,0,4,12,0,16,0,0,1,0,1,0,4,13,0,17,0,0,0,17
10/02/2016,DBQ,IA,ACE,CE,Federal Contract Tower,0,8,18,0,26,0,0,89,0,89,0,8,107,0,115,136,0,136,251
10/03/2016,DBQ,IA,ACE,CE,Federal Contract Tower,0,5,17,0,22,0,0,87,0,87,0,5,104,0,109,204,0,204,313
10/04/2016,DBQ,IA,ACE,CE,Federal Contract Tower,0,5,16,0,21,0,0,89,0,89,0,5,105,0,110,174,0,174,284
10/05/2016,DBQ,IA,ACE,CE,Federal Contract Tower,2,10,34,0,46,0,0,40,0,40,2,10,74,0,86,122,10,132,218
10/06/2016,DBQ,IA,ACE,CE,Federal Contract Tower,0,7,19,0,26,0,0,39,0,39,0,7,58,0,65,154,0,154,219
10/07/2016,DBQ,IA,ACE,CE,Federal Contract Tower,0,7,18,0,25,0,0,89,0,89,0,7,107,0,114,136,0,136,250
10/08/2016,DBQ,IA,ACE,CE,Federal Contract Tower,0,4,18,0,22,0,0,96,0,96,0,4,114,0,118,146,0,146,264
10/09/2016,DBQ,IA,ACE,CE,Federal Contract Tower,0,5,10,0,15,0,0,31,0,31,0,5,41,0,46,18,0,18,64
10/10/2016,DBQ,IA,ACE,CE,Federal Contract Tower,0,5,20,0,25,0,0,89,0,89,0,5,109,0,114,214,0,214,328
10/11/2016,DBQ,IA,ACE,CE,Federal Contract Tower,0,9,23,0,32,0,0,94,0,94,0,9,117,0,126,214,0,214,340
10/12/2016,DBQ,IA,ACE,CE,Federal Contract Tower,0,5,25,0,30,0,0,5,0,5,0,5,30,0,35,24,0,24,59
10/13/2016,DBQ,IA,ACE,CE,Federal Contract Tower,0,7,19,0,26,0,0,124,0,124,0,7,143,0,150,272,0,272,422
10/14/2016,DBQ,IA,ACE,CE,Federal Contract Tower,0,5,21,0,26,0,0,87,0,87,0,5,108,0,113,170,0,170,283
10/15/2016,DBQ,IA,ACE,CE,Federal Contract Tower,0,5,9,0,14,0,0,4,0,4,0,5,13,0,18,2,0,2,20
10/16/2016,DBQ,IA,ACE,CE,Federal Contract Tower,0,5,11,0,16,0,0,9,0,9,0,5,20,0,25,0,0,0,25
10/17/2016,DBQ,IA,ACE,CE,Federal Contract Tower,0,3,26,0,29,0,0,19,0,19,0,3,45,0,48,82,0,82,130
10/18/2016,DBQ,IA,ACE,CE,Federal Contract Tower,0,7,21,1,29,0,0,91,1,92,0,7,112,2,121,186,2,188,309
10/19/2016,DBQ,IA,ACE,CE,Federal Contract Tower,0,6,35,0,41,0,0,96,0,96,0,6,131,0,137,326,0,326,463
10/20/2016,DBQ,IA,ACE,CE,Federal Contract Tower,0,9,17,0,26,0,0,48,0,48,0,9,65,0,74,186,0,186,260
10/21/2016,DBQ,IA,ACE,CE,Federal Contract Tower,0,5,17,0,22,0,0,58,0,58,0,5,75,0,80,78,0,78,158
10/22/2016,DBQ,IA,ACE,CE,Federal Contract Tower,0,4,23,0,27,0,0,54,0,54,0,4,77,0,81,126,0,126,207
10/23/2016,DBQ,IA,ACE,CE,Federal Contract Tower,0,7,11,0,18,0,1,23,0,24,0,8,34,0,42,30,0,30,72
10/24/2016,DBQ,IA,ACE,CE,Federal Contract Tower,0,5,20,0,25,0,0,112,0,112,0,5,132,0,137,278,0,278,415
10/25/2016,DBQ,IA,ACE,CE,Federal Contract Tower,0,6,17,0,23,0,0,85,0,85,0,6,102,0,108,216,0,216,324
10/26/2016,DBQ,IA,ACE,CE,Federal Contract Tower,0,5,15,0,20,0,0,0,0,0,0,5,15,0,20,0,0,0,20
10/27/2016,DBQ,IA,ACE,CE,Federal Contract Tower,0,5,27,0,32,0,0,4,0,4,0,5,31,0,36,28,0,28,64
10/28/2016,DBQ,IA,ACE,CE,Federal Contract Tower,0,5,12,0,17,0,0,21,0,21,0,5,33,0,38,110,0,110,148
10/29/2016,DBQ,IA,ACE,CE,Federal Contract Tower,0,4,12,0,16,0,0,12,0,12,0,4,24,0,28,32,0,32,60
10/30/2016,DBQ,IA,ACE,CE,Federal Contract Tower,0,5,6,0,11,0,0,36,0,36,0,5,42,0,47,50,0,50,97
10/31/2016,DBQ,IA,ACE,CE,Federal Contract Tower,0,4,21,0,25,0,0,67,0,67,0,4,88,0,92,198,0,198,290
11/01/2016,DBQ,IA,ACE,CE,Federal Contract Tower,0,10,16,0,26,0,0,100,0,100,0,10,116,0,126,284,0,284,410
11/02/2016,DBQ,IA,ACE,CE,Federal Contract Tower,0,9,22,0,31,0,0,11,0,11,0,9,33,0,42,0,0,0,42
11/03/2016,DBQ,IA,ACE,CE,Federal Contract Tower,1,5,16,0,22,0,0,99,0,99,1,5,115,0,121,280,0,280,401
11/04/2016,DBQ,IA,ACE,CE,Federal Contract Tower,0,5,21,0,26,0,0,56,0,56,0,5,77,0,82,134,0,134,216
11/05/2016,DBQ,IA,ACE,CE,Federal Contract Tower,0,4,20,0,24,0,0,79,0,79,0,4,99,0,103,204,0,204,307
11/06/2016,DBQ,IA,ACE,CE,Federal Contract Tower,2,5,14,0,21,0,0,68,0,68,2,5,82,0,89,86,0,86,175
11/07/2016,DBQ,IA,ACE,CE,Federal Contract Tower,0,5,20,0,25,0,0,79,0,79,0,5,99,0,104,288,0,288,392
11/08/2016,DBQ,IA,ACE,CE,Federal Contract Tower,0,5,12,0,17,0,0,82,0,82,0,5,94,0,99,262,0,262,361
11/09/2016,DBQ,IA,ACE,CE,Federal Contract Tower,0,5,22,0,27,0,0,97,0,97,0,5,119,0,124,330,0,330,454
11/10/2016,DBQ,IA,ACE,CE,Federal Contract Tower,0,7,12,0,19,0,0,54,0,54,0,7,66,0,73,184,0,184,257
11/11/2016,DBQ,IA,ACE,CE,Federal Contract Tower,0,8,16,0,24,0,0,113,0,113,0,8,129,0,137,294,0,294,431
11/12/2016,DBQ,IA,ACE,CE,Federal Contract Tower,0,4,19,2,25,0,0,71,0,71,0,4,90,2,96,158,0,158,254
11/13/2016,DBQ,IA,ACE,CE,Federal Contract Tower,0,5,16,0,21,0,0,41,0,41,0,5,57,0,62,14,0,14,76
11/14/2016,DBQ,IA,ACE,CE,Federal Contract Tower,0,7,6,0,13,0,0,78,0,78,0,7,84,0,91,302,0,302,393
11/16/2016,DBQ,IA,ACE,CE,Federal Contract Tower,2,7,23,0,32,0,0,85,0,85,2,7,108,0,117,216,0,216,333
11/17/2016,DBQ,IA,ACE,CE,Federal Contract Tower,0,7,11,0,18,0,0,66,0,66,0,7,77,0,84,152,0,152,236
11/18/2016,DBQ,IA,ACE,CE,Federal Contract Tower,0,3,8,0,11,0,0,21,0,21,0,3,29,0,32,48,0,48,80
11/19/2016,DBQ,IA,ACE,CE,Federal Contract Tower,0,4,5,0,9,0,0,5,0,5,0,4,10,0,14,10,0,10,24
11/20/2016,DBQ,IA,ACE,CE,Federal Contract Tower,0,5,11,0,16,0,0,37,0,37,0,5,48,0,53,14,0,14,67
11/21/2016,DBQ,IA,ACE,CE,Federal Contract Tower,0,5,28,0,33,0,0,53,0,53,0,5,81,0,86,50,0,50,136
11/26/2016,DBQ,IA,ACE,CE,Federal Contract Tower,0,4,9,0,13,0,0,29,0,29,0,4,38,0,42,24,0,24,66
11/28/2016,DBQ,IA,ACE,CE,Federal Contract Tower,0,5,10,0,15,0,0,0,0,0,0,5,10,0,15,0,0,0,15
11/29/2016,DBQ,IA,ACE,CE,Federal Contract Tower,0,5,10,0,15,0,1,98,0,99,0,6,108,0,114,232,0,232,346
11/30/2016,DBQ,IA,ACE,CE,Federal Contract Tower,0,7,11,0,18,0,0,2,0,2,0,7,13,0,20,4,0,4,24
12/01/2016,DBQ,IA,ACE,CE,Federal Contract Tower,0,7,17,0,24,0,0,2,0,2,0,7,19,0,26,36,0,36,62
12/02/2016,DBQ,IA,ACE,CE,Federal Contract Tower,0,7,7,0,14,0,0,46,0,46,0,7,53,0,60,346,0,346,406
12/03/2016,DBQ,IA,ACE,CE,Federal Contract Tower,0,3,9,0,12,0,0,43,0,43,0,3,52,0,55,120,0,120,175
12/04/2016,DBQ,IA,ACE,CE,Federal Contract Tower,0,1,8,0,9,0,0,0,0,0,0,1,8,0,9,0,0,0,9
12/07/2016,DBQ,IA,ACE,CE,Federal Contract Tower,0,5,21,0,26,0,0,61,0,61,0,5,82,0,87,274,0,274,361
12/08/2016,DBQ,IA,ACE,CE,Federal Contract Tower,0,6,18,0,24,0,0,10,0,10,0,6,28,0,34,120,0,120,154
12/09/2016,DBQ,IA,ACE,CE,Federal Contract Tower,0,5,18,0,23,0,0,99,0,99,0,5,117,0,122,310,0,310,432
12/10/2016,DBQ,IA,ACE,CE,Federal Contract Tower,0,3,4,0,7,0,0,0,0,0,0,3,4,0,7,58,0,58,65
12/11/2016,DBQ,IA,ACE,CE,Federal Contract Tower,0,2,1,0,3,0,0,0,0,0,0,2,1,0,3,0,0,0,3
12/12/2016,DBQ,IA,ACE,CE,Federal Contract Tower,0,3,11,0,14,0,0,38,0,38,0,3,49,0,52,244,0,244,296
12/13/2016,DBQ,IA,ACE,CE,Federal Contract Tower,0,7,7,0,14,0,0,74,2,76,0,7,81,2,90,184,0,184,274
12/14/2016,DBQ,IA,ACE,CE,Federal Contract Tower,0,6,12,0,18,0,0,40,0,40,0,6,52,0,58,56,0,56,114
12/15/2016,DBQ,IA,ACE,CE,Federal Contract Tower,0,5,13,0,18,0,0,31,0,31,0,5,44,0,49,108,0,108,157
12/16/2016,DBQ,IA,ACE,CE,Federal Contract Tower,0,5,5,0,10,0,0,14,0,14,0,5,19,0,24,32,0,32,56
12/17/2016,DBQ,IA,ACE,CE,Federal Contract Tower,0,4,2,0,6,0,0,1,0,1,0,4,3,0,7,0,0,0,7
12/18/2016,DBQ,IA,ACE,CE,Federal Contract Tower,0,5,3,0,8,0,0,3,0,3,0,5,6,0,11,0,0,0,11
12/19/2016,DBQ,IA,ACE,CE,Federal Contract Tower,0,3,18,0,21,0,0,29,0,29,0,3,47,0,50,52,0,52,102
12/20/2016,DBQ,IA,ACE,CE,Federal Contract Tower,0,5,20,0,25,0,0,22,0,22,0,5,42,0,47,0,0,0,47
12/21/2016,DBQ,IA,ACE,CE,Federal Contract Tower,0,5,17,0,22,0,0,31,5,36,0,5,48,5,58,72,0,72,130
12/22/2016,DBQ,IA,ACE,CE,Federal Contract Tower,0,5,11,0,16,0,0,23,0,23,0,5,34,0,39,30,0,30,69
12/23/2016,DBQ,IA,ACE,CE,Federal Contract Tower,0,3,8,0,11,0,0,1,0,1,0,3,9,0,12,0,0,0,12
12/24/2016,DBQ,IA,ACE,CE,Federal Contract Tower,0,3,4,0,7,0,0,1,0,1,0,3,5,0,8,0,0,0,8
12/25/2016,DBQ,IA,ACE,CE,Federal Contract Tower,0,5,0,0,5,0,0,0,0,0,0,5,0,0,5,0,0,0,5
12/26/2016,DBQ,IA,ACE,CE,Federal Contract Tower,0,7,5,0,12,0,0,5,0,5,0,7,10,0,17,0,0,0,17
12/28/2016,DBQ,IA,ACE,CE,Federal Contract Tower,0,5,11,0,16,0,0,36,0,36,0,5,47,0,52,16,0,16,68
12/29/2016,DBQ,IA,ACE,CE,Federal Contract Tower,0,6,6,0,12,0,0,0,0,0,0,6,6,0,12,0,0,0,12
12/30/2016,DBQ,IA,ACE,CE,Federal Contract Tower,0,6,11,0,17,0,0,27,0,27,0,6,38,0,44,64,0,64,108
12/31/2016,DBQ,IA,ACE,CE,Federal Contract Tower,0,4,6,0,10,0,0,3,0,3,0,4,9,0,13,38,0,38,51
01/01/2017,DBQ,IA,ACE,CE,Federal Contract Tower,0,6,5,0,11,0,0,20,0,20,0,6,25,0,31,4,0,4,35
01/02/2017,DBQ,IA,ACE,CE,Federal Contract Tower,0,5,8,0,13,0,0,0,0,0,0,5,8,0,13,0,0,0,13
01/03/2017,DBQ,IA,ACE,CE,Federal Contract Tower,0,4,7,0,11,0,0,8,0,8,0,4,15,0,19,0,0,0,19
01/04/2017,DBQ,IA,ACE,CE,Federal Contract Tower,0,8,8,0,16,0,0,70,0,70,0,8,78,0,86,204,0,204,290
01/05/2017,DBQ,IA,ACE,CE,Federal Contract Tower,0,5,9,0,14,0,0,53,0,53,0,5,62,0,67,260,0,260,327
01/06/2017,DBQ,IA,ACE,CE,Federal Contract Tower,0,5,13,0,18,0,0,58,0,58,0,5,71,0,76,98,0,98,174
01/07/2017,DBQ,IA,ACE,CE,Federal Contract Tower,0,4,9,0,13,0,0,55,0,55,0,4,64,0,68,120,6,126,194
01/08/2017,DBQ,IA,ACE,CE,Federal Contract Tower,0,5,5,0,10,0,0,13,0,13,0,5,18,0,23,2,0,2,25
01/09/2017,DBQ,IA,ACE,CE,Federal Contract Tower,0,6,6,0,12,0,0,51,0,51,0,6,57,0,63,116,0,116,179
01/10/2017,DBQ,IA,ACE,CE,Federal Contract Tower,0,4,11,0,15,0,0,1,0,1,0,4,12,0,16,0,0,0,16
01/11/2017,DBQ,IA,ACE,CE,Federal Contract Tower,2,5,12,0,19,0,0,37,0,37,2,5,49,0,56,128,0,128,184
01/12/2017,DBQ,IA,ACE,CE,Federal Contract Tower,0,3,14,0,17,0,0,74,0,74,0,3,88,0,91,322,0,322,413
01/13/2017,DBQ,IA,ACE,CE,Federal Contract Tower,0,5,10,0,15,0,0,78,0,78,0,5,88,0,93,200,0,200,293
01/14/2017,DBQ,IA,ACE,CE,Federal Contract Tower,0,4,4,0,8,0,0,36,0,36,0,4,40,0,44,14,0,14,58
01/15/2017,DBQ,IA,ACE,CE,Federal Contract Tower,0,3,10,0,13,0,0,26,0,26,0,3,36,0,39,38,0,38,77
01/16/2017,DBQ,IA,ACE,CE,Federal Contract Tower,0,3,4,0,7,0,0,0,0,0,0,3,4,0,7,0,0,0,7
01/17/2017,DBQ,IA,ACE,CE,Federal Contract Tower,0,6,14,0,20,0,0,0,0,0,0,6,14,0,20,0,0,0,20
01/18/2017,DBQ,IA,ACE,CE,Federal Contract Tower,0,6,28,0,34,0,0,0,0,0,0,6,28,0,34,0,0,0,34
01/19/2017,DBQ,IA,ACE,CE,Federal Contract Tower,0,4,10,0,14,0,0,0,0,0,0,4,10,0,14,0,0,0,14
01/20/2017,DBQ,IA,ACE,CE,Federal Contract Tower,0,3,3,0,6,0,0,0,0,0,0,3,3,0,6,0,0,0,6
01/21/2017,DBQ,IA,ACE,CE,Federal Contract Tower,0,1,5,0,6,0,0,0,0,0,0,1,5,0,6,0,0,0,6
01/22/2017,DBQ,IA,ACE,CE,Federal Contract Tower,0,5,7,0,12,0,0,4,0,4,0,5,11,0,16,20,0,20,36
01/23/2017,DBQ,IA,ACE,CE,Federal Contract Tower,0,7,17,0,24,0,0,28,0,28,0,7,45,0,52,0,0,0,52
01/24/2017,DBQ,IA,ACE,CE,Federal Contract Tower,0,7,14,0,21,0,0,2,0,2,0,7,16,0,23,16,0,16,39
01/25/2017,DBQ,IA,ACE,CE,Federal Contract Tower,0,9,6,0,15,0,0,0,0,0,0,9,6,0,15,0,0,0,15
01/26/2017,DBQ,IA,ACE,CE,Federal Contract Tower,0,5,15,0,20,0,0,6,0,6,0,5,21,0,26,22,0,22,48
01/27/2017,DBQ,IA,ACE,CE,Federal Contract Tower,0,5,9,1,15,0,0,54,0,54,0,5,63,1,69,206,0,206,275
01/28/2017,DBQ,IA,ACE,CE,Federal Contract Tower,0,5,4,0,9,0,0,0,0,0,0,5,4,0,9,0,0,0,9
01/29/2017,DBQ,IA,ACE,CE,Federal Contract Tower,0,5,9,0,14,0,0,26,0,26,0,5,35,0,40,60,0,60,100
01/30/2017,DBQ,IA,ACE,CE,Federal Contract Tower,0,5,12,0,17,0,0,32,0,32,0,5,44,0,49,88,0,88,137
02/01/2017,DBQ,IA,ACE,CE,Federal Contract Tower,0,5,15,0,20,0,0,151,0,151,0,5,166,0,171,278,0,278,449
02/02/2017,DBQ,IA,ACE,CE,Federal Contract Tower,0,5,13,0,18,0,0,110,0,110,0,5,123,0,128,232,0,232,360
02/03/2017,DBQ,IA,ACE,CE,Federal Contract Tower,0,5,19,0,24,0,0,95,0,95,0,5,114,0,119,224,0,224,343
02/04/2017,DBQ,IA,ACE,CE,Federal Contract Tower,0,4,9,0,13,0,0,36,0,36,0,4,45,0,49,78,0,78,127
02/05/2017,DBQ,IA,ACE,CE,Federal Contract Tower,0,6,9,0,15,0,0,27,0,27,0,6,36,0,42,66,0,66,108
02/06/2017,DBQ,IA,ACE,CE,Federal Contract Tower,0,5,11,0,16,0,0,97,0,97,0,5,108,0,113,198,0,198,311
02/07/2017,DBQ,IA,ACE,CE,Federal Contract Tower,0,5,14,0,19,0,0,0,0,0,0,5,14,0,19,0,0,0,19
02/08/2017,DBQ,IA,ACE,CE,Federal Contract Tower,0,5,21,0,26,0,0,92,0,92,0,5,113,0,118,146,0,146,264
02/09/2017,DBQ,IA,ACE,CE,Federal Contract Tower,2,8,23,0,33,0,0,122,0,122,2,8,145,0,155,235,0,235,390
02/10/2017,DBQ,IA,ACE,CE,Federal Contract Tower,0,5,20,0,25,0,0,77,0,77,0,5,97,0,102,92,0,92,194
02/11/2017,DBQ,IA,ACE,CE,Federal Contract Tower,0,4,11,0,15,0,0,77,0,77,0,4,88,0,92,124,0,124,216
02/12/2017,DBQ,IA,ACE,CE,Federal Contract Tower,2,5,9,0,16,0,0,7,0,7,2,5,16,0,23,4,0,4,27
02/13/2017,DBQ,IA,ACE,CE,Federal Contract Tower,0,5,18,0,23,0,0,109,0,109,0,5,127,0,132,140,0,140,272
02/14/2017,DBQ,IA,ACE,CE,Federal Contract Tower,0,7,14,0,21,0,2,109,0,111,0,9,123,0,132,182,0,182,314
02/15/2017,DBQ,IA,ACE,CE,Federal Contract Tower,0,8,27,2,37,0,0,103,0,103,0,8,130,2,140,170,0,170,310
02/16/2017,DBQ,IA,ACE,CE,Federal Contract Tower,0,5,19,0,24,0,0,109,0,109,0,5,128,0,133,204,0,204,337
02/17/2017,DBQ,IA,ACE,CE,Federal Contract Tower,0,6,16,0,22,0,0,104,0,104,0,6,120,0,126,190,0,190,316
02/18/2017,DBQ,IA,ACE,CE,Federal Contract Tower,0,4,9,0,13,0,0,64,0,64,0,4,73,0,77,76,0,76,153
02/19/2017,DBQ,IA,ACE,CE,Federal Contract Tower,0,5,3,0,8,0,0,34,0,34,0,5,37,0,42,28,0,28,70
02/20/2017,DBQ,IA,ACE,CE,Federal Contract Tower,0,8,10,0,18,0,0,0,0,0,0,8,10,0,18,0,0,0,18
02/21/2017,DBQ,IA,ACE,CE,Federal Contract Tower,0,9,21,0,30,0,0,82,0,82,0,9,103,0,112,182,0,182,294
02/22/2017,DBQ,IA,ACE,CE,Federal Contract Tower,0,5,31,0,36,0,0,74,0,74,0,5,105,0,110,228,0,228,338
02/23/2017,DBQ,IA,ACE,CE,Federal Contract Tower,0,7,20,0,27,0,0,28,0,28,0,7,48,0,55,118,0,118,173
02/24/2017,DBQ,IA,ACE,CE,Federal Contract Tower,0,7,14,0,21,0,0,0,0,0,0,7,14,0,21,0,0,0,21
02/25/2017,DBQ,IA,ACE,CE,Federal Contract Tower,0,4,9,0,13,0,0,27,0,27,0,4,36,0,40,66,0,66,106
02/26/2017,DBQ,IA,ACE,CE,Federal Contract Tower,0,5,12,2,19,0,0,22,0,22,0,5,34,2,41,44,0,44,85
02/27/2017,DBQ,IA,ACE,CE,Federal Contract Tower,0,5,25,0,30,0,0,105,0,105,0,5,130,0,135,132,0,132,267
02/28/2017,DBQ,IA,ACE,CE,Federal Contract Tower,0,6,19,2,27,0,2,4,0,6,0,8,23,2,33,58,0,58,91
03/01/2017,DBQ,IA,ACE,CE,Federal Contract Tower,0,16,13,0,29,0,0,2,0,2,0,16,15,0,31,0,0,0,31
03/02/2017,DBQ,IA,ACE,CE,Federal Contract Tower,0,9,15,0,24,0,0,47,0,47,0,9,62,0,71,106,0,106,177
03/03/2017,DBQ,IA,ACE,CE,Federal Contract Tower,0,5,17,0,22,0,0,78,0,78,0,5,95,0,100,202,0,202,302
03/04/2017,DBQ,IA,ACE,CE,Federal Contract Tower,2,4,5,0,11,0,0,59,0,59,2,4,64,0,70,122,0,122,192
03/05/2017,DBQ,IA,ACE,CE,Federal Contract Tower,0,5,19,0,24,0,0,22,0,22,0,5,41,0,46,18,0,18,64
03/06/2017,DBQ,IA,ACE,CE,Federal Contract Tower,0,7,16,0,23,0,2,0,0,2,0,9,16,0,25,0,0,0,25
03/08/2017,DBQ,IA,ACE,CE,Federal Contract Tower,0,5,10,0,15,0,0,10,0,10,0,5,20,0,25,36,0,36,61
03/09/2017,DBQ,IA,ACE,CE,Federal Contract Tower,0,5,13,0,18,0,0,120,0,120,0,5,133,0,138,142,0,142,280
03/10/2017,DBQ,IA,ACE,CE,Federal Contract Tower,0,6,14,0,20,0,0,67,0,67,0,6,81,0,87,118,0,118,205
03/11/2017,DBQ,IA,ACE,CE,Federal Contract Tower,0,4,8,0,12,0,0,32,0,32,0,4,40,0,44,14,0,14,58
03/12/2017,DBQ,IA,ACE,CE,Federal Contract Tower,0,5,4,0,9,0,0,13,0,13,0,5,17,0,22,10,0,10,32
03/13/2017,DBQ,IA,ACE,CE,Federal Contract Tower,0,0,1,0,1,0,0,0,0,0,0,0,1,0,1,0,0,0,1
03/14/2017,DBQ,IA,ACE,CE,Federal Contract Tower,0,4,9,0,13,0,0,50,0,50,0,4,59,0,63,70,0,70,133
03/15/2017,DBQ,IA,ACE,CE,Federal Contract Tower,0,8,18,0,26,0,0,60,0,60,0,8,78,0,86,88,0,88,174
03/16/2017,DBQ,IA,ACE,CE,Federal Contract Tower,0,8,5,0,13,0,0,20,0,20,0,8,25,0,33,56,2,58,91
03/17/2017,DBQ,IA,ACE,CE,Federal Contract Tower,0,5,7,0,12,0,0,16,0,16,0,5,23,0,28,14,0,14,42
03/18/2017,DBQ,IA,ACE,CE,Federal Contract Tower,0,4,2,0,6,0,0,15,0,15,0,4,17,0,21,16,0,16,37
03/19/2017,DBQ,IA,ACE,CE,Federal Contract Tower,0,8,2,0,10,0,0,39,0,39,0,8,41,0,49,2,0,2,51
03/20/2017,DBQ,IA,ACE,CE,Federal Contract Tower,0,5,13,0,18,0,0,118,0,118,0,5,131,0,136,100,0,100,236
03/21/2017,DBQ,IA,ACE,CE,Federal Contract Tower,0,7,19,0,26,0,0,108,0,108,0,7,127,0,134,138,0,138,272
03/22/2017,DBQ,IA,ACE,CE,Federal Contract Tower,0,7,17,0,24,0,0,131,0,131,0,7,148,0,155,110,4,114,269
03/23/2017,DBQ,IA,ACE,CE,Federal Contract Tower,0,7,15,0,22,0,0,49,0,49,0,7,64,0,71,80,0,80,151
03/24/2017,DBQ,IA,ACE,CE,Federal Contract Tower,0,8,17,0,25,0,0,48,0,48,0,8,65,0,73,86,0,86,159
03/25/2017,DBQ,IA,ACE,CE,Federal Contract Tower,0,3,2,0,5,0,0,0,0,0,0,3,2,0,5,0,0,0,5
03/26/2017,DBQ,IA,ACE,CE,Federal Contract Tower,0,6,7,0,13,0,0,0,0,0,0,6,7,0,13,0,0,0,13
03/27/2017,DBQ,IA,ACE,CE,Federal Contract Tower,0,7,27,0,34,0,0,4,0,4,0,7,31,0,38,10,0,10,48
03/29/2017,DBQ,IA,ACE,CE,Federal Contract Tower,0,5,21,0,26,0,1,26,0,27,0,6,47,0,53,144,0,144,197
03/30/2017,DBQ,IA,ACE,CE,Federal Contract Tower,0,5,11,0,16,0,0,0,0,0,0,5,11,0,16,0,0,0,16
03/31/2017,DBQ,IA,ACE,CE,Federal Contract Tower,0,8,20,0,28,0,0,5,0,5,0,8,25,0,33,28,0,28,61
04/01/2017,DBQ,IA,ACE,CE,Federal Contract Tower,0,5,16,0,21,0,0,76,0,76,0,5,92,0,97,104,0,104,201
04/02/2017,DBQ,IA,ACE,CE,Federal Contract Tower,0,6,11,2,19,0,0,17,0,17,0,6,28,2,36,26,0,26,62
04/03/2017,DBQ,IA,ACE,CE,Federal Contract Tower,0,9,13,0,22,0,0,30,0,30,0,9,43,0,52,60,0,60,112
04/04/2017,DBQ,IA,ACE,CE,Federal Contract Tower,0,8,18,0,26,0,0,27,0,27,0,8,45,0,53,142,0,142,195
04/05/2017,DBQ,IA,ACE,CE,Federal Contract Tower,0,8,19,0,27,0,0,3,0,3,0,8,22,0,30,26,0,26,56
04/06/2017,DBQ,IA,ACE,CE,Federal Contract Tower,0,3,20,0,23,0,0,97,0,97,0,3,117,0,120,194,0,194,314
04/07/2017,DBQ,IA,ACE,CE,Federal Contract Tower,0,7,28,0,35,0,0,145,0,145,0,7,173,0,180,142,0,142,322
04/08/2017,DBQ,IA,ACE,CE,Federal Contract Tower,0,4,12,0,16,0,0,63,0,63,0,4,75,0,79,134,0,134,213
04/09/2017,DBQ,IA,ACE,CE,Federal Contract Tower,2,5,7,0,14,0,0,13,0,13,2,5,20,0,27,46,0,46,73
04/10/2017,DBQ,IA,ACE,CE,Federal Contract Tower,2,6,11,0,19,0,2,46,0,48,2,8,57,0,67,136,0,136,203
04/11/2017,DBQ,IA,ACE,CE,Federal Contract Tower,0,5,15,0,20,0,2,53,4,59,0,7,68,4,79,254,0,254,333
04/12/2017,DBQ,IA,ACE,CE,Federal Contract Tower,0,7,16,0,23,0,1,105,0,106,0,8,121,0,129,168,0,168,297
04/13/2017,DBQ,IA,ACE,CE,Federal Contract Tower,0,8,18,0,26,0,0,70,0,70,0,8,88,0,96,180,0,180,276
04/14/2017,DBQ,IA,ACE,CE,Federal Contract Tower,0,5,15,2,22,0,0,17,2,19,0,5,32,4,41,46,0,46,87
04/15/2017,DBQ,IA,ACE,CE,Federal Contract Tower,0,5,3,0,8,0,0,14,0,14,0,5,17,0,22,0,0,0,22
04/16/2017,DBQ,IA,ACE,CE,Federal Contract Tower,0,3,3,0,6,0,0,7,0,7,0,3,10,0,13,0,0,0,13
04/17/2017,DBQ,IA,ACE,CE,Federal Contract Tower,0,6,23,0,29,0,0,105,0,105,0,6,128,0,134,128,0,128,262
04/18/2017,DBQ,IA,ACE,CE,Federal Contract Tower,0,4,21,0,25,0,0,68,0,68,0,4,89,0,93,124,0,124,217
04/19/2017,DBQ,IA,ACE,CE,Federal Contract Tower,0,6,17,0,23,0,0,73,0,73,0,6,90,0,96,150,0,150,246
04/20/2017,DBQ,IA,ACE,CE,Federal Contract Tower,0,9,25,0,34,0,0,12,0,12,0,9,37,0,46,84,0,84,130
04/21/2017,DBQ,IA,ACE,CE,Federal Contract Tower,0,5,10,0,15,0,0,85,0,85,0,5,95,0,100,128,18,146,246
04/22/2017,DBQ,IA,ACE,CE,Federal Contract Tower,0,4,12,0,16,0,0,84,0,84,0,4,96,0,100,162,0,162,262
04/23/2017,DBQ,IA,ACE,CE,Federal Contract Tower,0,6,6,0,12,0,0,24,0,24,0,6,30,0,36,36,0,36,72
04/24/2017,DBQ,IA,ACE,CE,Federal Contract Tower,2,5,16,0,23,1,0,92,0,93,3,5,108,0,116,106,0,106,222
04/25/2017,DBQ,IA,ACE,CE,Federal Contract Tower,0,6,20,0,26,0,0,110,0,110,0,6,130,0,136,136,0,136,272
04/26/2017,DBQ,IA,ACE,CE,Federal Contract Tower,0,9,20,0,29,0,0,4,0,4,0,9,24,0,33,48,0,48,81
04/27/2017,DBQ,IA,ACE,CE,Federal Contract Tower,0,4,17,0,21,0,0,9,0,9,0,4,26,0,30,111,0,111,141
04/28/2017,DBQ,IA,ACE,CE,Federal Contract Tower,0,5,12,0,17,0,0,58,0,58,0,5,70,0,75,199,0,199,274
04/29/2017,DBQ,IA,ACE,CE,Federal Contract Tower,0,4,9,0,13,0,0,6,0,6,0,4,15,0,19,0,0,0,19
04/30/2017,DBQ,IA,ACE,CE,Federal Contract Tower,0,5,1,0,6,0,0,0,0,0,0,5,1,0,6,0,0,0,6
05/01/2017,DBQ,IA,ACE,CE,Federal Contract Tower,0,7,13,0,20,0,0,5,0,5,0,7,18,0,25,34,0,34,59
05/02/2017,DBQ,IA,ACE,CE,Federal Contract Tower,0,7,18,0,25,0,0,47,0,47,0,7,65,0,72,126,0,126,198
05/03/2017,DBQ,IA,ACE,CE,Federal Contract Tower,0,5,21,0,26,0,0,129,0,129,0,5,150,0,155,178,0,178,333
05/04/2017,DBQ,IA,ACE,CE,Federal Contract Tower,0,5,22,0,27,0,0,119,0,119,0,5,141,0,146,146,2,148,294
05/05/2017,DBQ,IA,ACE,CE,Federal Contract Tower,0,6,25,0,31,0,0,104,0,104,0,6,129,0,135,140,0,140,275
05/06/2017,DBQ,IA,ACE,CE,Federal Contract Tower,0,4,17,0,21,0,0,45,0,45,0,4,62,0,66,46,0,46,112
05/07/2017,DBQ,IA,ACE,CE,Federal Contract Tower,0,7,18,0,25,0,0,46,0,46,0,7,64,0,71,48,0,48,119
05/08/2017,DBQ,IA,ACE,CE,Federal Contract Tower,0,5,12,0,17,0,0,35,0,35,0,5,47,0,52,80,0,80,132
05/09/2017,DBQ,IA,ACE,CE,Federal Contract Tower,0,5,30,0,35,0,0,4,0,4,0,5,34,0,39,10,0,10,49
05/10/2017,DBQ,IA,ACE,CE,Federal Contract Tower,0,5,18,0,23,0,1,14,0,15,0,6,32,0,38,8,0,8,46
05/11/2017,DBQ,IA,ACE,CE,Federal Contract Tower,0,5,28,0,33,0,0,42,0,42,0,5,70,0,75,60,0,60,135
05/12/2017,DBQ,IA,ACE,CE,Federal Contract Tower,0,6,18,0,24,0,0,59,2,61,0,6,77,2,85,72,0,72,157
05/13/2017,DBQ,IA,ACE,CE,Federal Contract Tower,0,4,20,0,24,0,0,19,0,19,0,4,39,0,43,8,0,8,51
05/14/2017,DBQ,IA,ACE,CE,Federal Contract Tower,0,5,6,0,11,0,0,22,0,22,0,5,28,0,33,2,0,2,35
05/15/2017,DBQ,IA,ACE,CE,Federal Contract Tower,0,5,14,0,19,0,0,52,0,52,0,5,66,0,71,92,0,92,163
05/16/2017,DBQ,IA,ACE,CE,Federal Contract Tower,0,8,21,0,29,0,0,51,0,51,0,8,72,0,80,132,0,132,212
05/17/2017,DBQ,IA,ACE,CE,Federal Contract Tower,0,7,15,0,22,0,0,7,0,7,0,7,22,0,29,16,0,16,45
05/18/2017,DBQ,IA,ACE,CE,Federal Contract Tower,0,5,21,0,26,0,1,20,0,21,0,6,41,0,47,80,0,80,127
05/19/2017,DBQ,IA,ACE,CE,Federal Contract Tower,0,6,20,0,26,0,0,0,0,0,0,6,20,0,26,0,0,0,26
05/20/2017,DBQ,IA,ACE,CE,Federal Contract Tower,0,5,7,0,12,0,0,2,0,2,0,5,9,0,14,0,0,0,14
05/21/2017,DBQ,IA,ACE,CE,Federal Contract Tower,0,7,11,0,18,0,0,4,0,4,0,7,15,0,22,0,0,0,22
05/22/2017,DBQ,IA,ACE,CE,Federal Contract Tower,0,6,22,0,28,0,0,70,0,70,0,6,92,0,98,118,0,118,216
05/23/2017,DBQ,IA,ACE,CE,Federal Contract Tower,0,7,18,0,25,0,0,5,0,5,0,7,23,0,30,8,0,8,38
05/24/2017,DBQ,IA,ACE,CE,Federal Contract Tower,2,6,21,0,29,0,0,12,0,12,2,6,33,0,41,66,0,66,107
05/25/2017,DBQ,IA,ACE,CE,Federal Contract Tower,0,4,30,0,34,0,0,58,0,58,0,4,88,0,92,104,0,104,196
05/26/2017,DBQ,IA,ACE,CE,Federal Contract Tower,0,5,21,0,26,0,0,52,0,52,0,5,73,0,78,80,26,106,184
05/27/2017,DBQ,IA,ACE,CE,Federal Contract Tower,0,4,15,0,19,0,0,10,0,10,0,4,25,0,29,26,0,26,55
05/28/2017,DBQ,IA,ACE,CE,Federal Contract Tower,0,5,5,0,10,0,1,19,0,20,0,6,24,0,30,0,0,0,30
05/29/2017,DBQ,IA,ACE,CE,Federal Contract Tower,0,4,3,0,7,0,0,27,0,27,0,4,30,0,34,18,0,18,52
05/30/2017,DBQ,IA,ACE,CE,Federal Contract Tower,0,7,22,0,29,0,0,73,0,73,0,7,95,0,102,140,0,140,242
05/31/2017,DBQ,IA,ACE,CE,Federal Contract Tower,0,8,24,0,32,0,0,117,0,117,0,8,141,0,149,130,0,130,279
06/01/2017,DBQ,IA,ACE,CE,Federal Contract Tower,0,10,20,0,30,0,0,101,0,101,0,10,121,0,131,168,0,168,299
06/02/2017,DBQ,IA,ACE,CE,Federal Contract Tower,0,8,20,0,28,0,0,56,0,56,0,8,76,0,84,84,0,84,168
06/03/2017,DBQ,IA,ACE,CE,Federal Contract Tower,0,4,7,0,11,0,0,42,0,42,0,4,49,0,53,14,0,14,67
06/04/2017,DBQ,IA,ACE,CE,Federal Contract Tower,0,5,18,0,23,0,2,31,0,33,0,7,49,0,56,4,0,4,60
06/05/2017,DBQ,IA,ACE,CE,Federal Contract Tower,0,7,20,0,27,0,0,73,0,73,0,7,93,0,100,116,0,116,216
06/06/2017,DBQ,IA,ACE,CE,Federal Contract Tower,0,9,13,0,22,0,0,83,0,83,0,9,96,0,105,84,0,84,189
06/07/2017,DBQ,IA,ACE,CE,Federal Contract Tower,0,5,18,0,23,0,0,69,0,69,0,5,87,0,92,94,0,94,186
06/08/2017,DBQ,IA,ACE,CE,Federal Contract Tower,0,8,17,0,25,0,0,56,0,56,0,8,73,0,81,74,0,74,155
06/09/2017,DBQ,IA,ACE,CE,Federal Contract Tower,0,7,12,0,19,0,0,65,0,65,0,7,77,0,84,54,0,54,138
06/10/2017,DBQ,IA,ACE,CE,Federal Contract Tower,0,4,10,0,14,0,0,10,0,10,0,4,20,0,24,6,0,6,30
06/11/2017,DBQ,IA,ACE,CE,Federal Contract Tower,0,7,10,0,17,0,0,11,0,11,0,7,21,0,28,0,0,0,28
06/12/2017,DBQ,IA,ACE,CE,Federal Contract Tower,0,6,9,0,15,0,0,62,0,62,0,6,71,0,77,56,0,56,133
06/13/2017,DBQ,IA,ACE,CE,Federal Contract Tower,0,5,14,0,19,0,0,75,0,75,0,5,89,0,94,122,0,122,216
06/14/2017,DBQ,IA,ACE,CE,Federal Contract Tower,0,3,18,0,21,0,0,40,0,40,0,3,58,0,61,52,0,52,113
06/15/2017,DBQ,IA,ACE,CE,Federal Contract Tower,0,4,26,0,30,0,0,88,0,88,0,4,114,0,118,76,0,76,194
06/16/2017,DBQ,IA,ACE,CE,Federal Contract Tower,0,5,16,0,21,0,0,65,0,65,0,5,81,0,86,52,0,52,138
06/17/2017,DBQ,IA,ACE,CE,Federal Contract Tower,0,5,8,0,13,0,0,5,0,5,0,5,13,0,18,2,0,2,20
06/18/2017,DBQ,IA,ACE,CE,Federal Contract Tower,0,7,9,0,16,0,0,40,0,40,0,7,49,0,56,12,0,12,68
06/19/2017,DBQ,IA,ACE,CE,Federal Contract Tower,0,7,18,0,25,0,0,47,0,47,0,7,65,0,72,54,0,54,126
06/20/2017,DBQ,IA,ACE,CE,Federal Contract Tower,0,7,20,0,27,0,0,76,0,76,0,7,96,0,103,108,0,108,211
06/21/2017,DBQ,IA,ACE,CE,Federal Contract Tower,0,5,12,0,17,0,0,37,0,37,0,5,49,0,54,56,0,56,110
06/22/2017,DBQ,IA,ACE,CE,Federal Contract Tower,0,5,16,0,21,0,0,42,0,42,0,5,58,0,63,74,0,74,137
06/23/2017,DBQ,IA,ACE,CE,Federal Contract Tower,0,7,20,0,27,0,0,95,0,95,0,7,115,0,122,60,0,60,182
06/24/2017,DBQ,IA,ACE,CE,Federal Contract Tower,0,10,10,0,20,0,0,22,2,24,0,10,32,2,44,10,0,10,54
06/25/2017,DBQ,IA,ACE,CE,Federal Contract Tower,0,5,3,0,8,0,0,7,0,7,0,5,10,0,15,0,0,0,15
06/26/2017,DBQ,IA,ACE,CE,Federal Contract Tower,0,5,18,0,23,0,0,75,0,75,0,5,93,0,98,64,0,64,162
06/27/2017,DBQ,IA,ACE,CE,Federal Contract Tower,0,6,18,0,24,0,0,68,0,68,0,6,86,0,92,86,0,86,178
06/28/2017,DBQ,IA,ACE,CE,Federal Contract Tower,0,5,11,0,16,0,0,2,0,2,0,5,13,0,18,0,0,0,18
06/29/2017,DBQ,IA,ACE,CE,Federal Contract Tower,0,5,24,0,29,0,0,23,0,23,0,5,47,0,52,46,0,46,98
06/30/2017,DBQ,IA,ACE,CE,Federal Contract Tower,0,6,30,3,39,0,0,47,0,47,0,6,77,3,86,60,0,60,146
07/01/2017,DBQ,IA,ACE,CE,Federal Contract Tower,0,11,18,1,30,0,0,39,1,40,0,11,57,2,70,34,2,36,106
07/02/2017,DBQ,IA,ACE,CE,Federal Contract Tower,0,5,13,0,18,0,0,25,8,33,0,5,38,8,51,8,6,14,65
07/03/2017,DBQ,IA,ACE,CE,Federal Contract Tower,0,6,6,0,12,0,0,34,18,52,0,6,40,18,64,0,0,0,64
07/04/2017,DBQ,IA,ACE,CE,Federal Contract Tower,0,5,8,0,13,0,0,18,2,20,0,5,26,2,33,14,0,14,47
07/05/2017,DBQ,IA,ACE,CE,Federal Contract Tower,0,6,17,8,31,0,0,33,0,33,0,6,50,8,64,36,0,36,100
07/06/2017,DBQ,IA,ACE,CE,Federal Contract Tower,0,7,18,0,25,0,0,60,0,60,0,7,78,0,85,56,0,56,141
07/07/2017,DBQ,IA,ACE,CE,Federal Contract Tower,0,11,31,0,42,0,1,43,2,46,0,12,74,2,88,44,0,44,132
07/08/2017,DBQ,IA,ACE,CE,Federal Contract Tower,0,4,3,0,7,0,0,44,0,44,0,4,47,0,51,26,0,26,77
07/09/2017,DBQ,IA,ACE,CE,Federal Contract Tower,0,5,9,0,14,0,0,28,0,28,0,5,37,0,42,22,0,22,64
07/10/2017,DBQ,IA,ACE,CE,Federal Contract Tower,0,6,19,0,25,0,0,29,0,29,0,6,48,0,54,110,0,110,164
07/11/2017,DBQ,IA,ACE,CE,Federal Contract Tower,0,7,19,0,26,0,0,24,0,24,0,7,43,0,50,6,0,6,56
07/12/2017,DBQ,IA,ACE,CE,Federal Contract Tower,0,3,13,0,16,0,0,40,0,40,0,3,53,0,56,22,0,22,78
07/13/2017,DBQ,IA,ACE,CE,Federal Contract Tower,0,7,18,0,25,0,0,61,0,61,0,7,79,0,86,92,0,92,178
07/14/2017,DBQ,IA,ACE,CE,Federal Contract Tower,0,5,37,0,42,0,0,49,0,49,0,5,86,0,91,80,0,80,171
07/15/2017,DBQ,IA,ACE,CE,Federal Contract Tower,0,7,4,0,11,0,0,46,0,46,0,7,50,0,57,30,0,30,87
07/16/2017,DBQ,IA,ACE,CE,Federal Contract Tower,0,5,18,0,23,0,0,14,0,14,0,5,32,0,37,12,0,12,49
07/17/2017,DBQ,IA,ACE,CE,Federal Contract Tower,0,5,23,0,28,0,0,65,0,65,0,5,88,0,93,96,0,96,189
07/18/2017,DBQ,IA,ACE,CE,Federal Contract Tower,0,8,9,0,17,0,0,55,0,55,0,8,64,0,72,35,0,35,107
07/19/2017,DBQ,IA,ACE,CE,Federal Contract Tower,0,8,18,0,26,0,0,83,0,83,0,8,101,0,109,96,0,96,205
07/20/2017,DBQ,IA,ACE,CE,Federal Contract Tower,0,8,26,0,34,0,0,115,0,115,0,8,141,0,149,92,0,92,241
07/21/2017,DBQ,IA,ACE,CE,Federal Contract Tower,0,5,16,0,21,0,0,96,0,96,0,5,112,0,117,26,0,26,143
07/22/2017,DBQ,IA,ACE,CE,Federal Contract Tower,0,4,30,0,34,0,0,199,0,199,0,4,229,0,233,58,0,58,291
07/23/2017,DBQ,IA,ACE,CE,Federal Contract Tower,0,5,20,0,25,0,0,63,0,63,0,5,83,0,88,68,0,68,156
07/24/2017,DBQ,IA,ACE,CE,Federal Contract Tower,0,5,10,0,15,0,0,49,0,49,0,5,59,0,64,94,0,94,158
07/25/2017,DBQ,IA,ACE,CE,Federal Contract Tower,0,7,13,0,20,0,0,65,0,65,0,7,78,0,85,44,0,44,129
07/26/2017,DBQ,IA,ACE,CE,Federal Contract Tower,0,5,27,0,32,0,0,31,0,31,0,5,58,0,63,26,0,26,89
07/27/2017,DBQ,IA,ACE,CE,Federal Contract Tower,0,5,31,0,36,0,0,35,0,35,0,5,66,0,71,16,0,16,87
07/28/2017,DBQ,IA,ACE,CE,Federal Contract Tower,0,6,17,0,23,0,0,52,0,52,0,6,69,0,75,26,0,26,101
07/29/2017,DBQ,IA,ACE,CE,Federal Contract Tower,0,6,20,0,26,0,0,42,0,42,0,6,62,0,68,30,0,30,98
07/30/2017,DBQ,IA,ACE,CE,Federal Contract Tower,0,6,21,0,27,0,0,28,0,28,0,6,49,0,55,12,0,12,67
07/31/2017,DBQ,IA,ACE,CE,Federal Contract Tower,0,5,17,0,22,0,0,59,0,59,0,5,76,0,81,74,0,74,155
08/01/2017,DBQ,IA,ACE,CE,Federal Contract Tower,0,3,16,0,19,0,0,52,0,52,0,3,68,0,71,60,0,60,131
08/02/2017,DBQ,IA,ACE,CE,Federal Contract Tower,0,6,22,0,28,0,0,70,0,70,0,6,92,0,98,84,0,84,182
08/03/2017,DBQ,IA,ACE,CE,Federal Contract Tower,0,5,13,0,18,0,0,5,0,5,0,5,18,0,23,2,0,2,25
08/04/2017,DBQ,IA,ACE,CE,Federal Contract Tower,0,5,22,0,27,0,0,37,0,37,0,5,59,0,64,38,0,38,102
08/05/2017,DBQ,IA,ACE,CE,Federal Contract Tower,0,4,4,0,8,0,0,28,0,28,0,4,32,0,36,26,0,26,62
08/06/2017,DBQ,IA,ACE,CE,Federal Contract Tower,0,6,9,0,15,0,0,12,0,12,0,6,21,0,27,0,0,0,27
08/07/2017,DBQ,IA,ACE,CE,Federal Contract Tower,0,5,16,0,21,0,0,51,0,51,0,5,67,0,72,62,0,62,134
08/08/2017,DBQ,IA,ACE,CE,Federal Contract Tower,0,6,10,0,16,0,0,91,0,91,0,6,101,0,107,116,0,116,223
08/09/2017,DBQ,IA,ACE,CE,Federal Contract Tower,0,5,29,0,34,0,0,71,3,74,0,5,100,3,108,110,0,110,218
08/10/2017,DBQ,IA,ACE,CE,Federal Contract Tower,0,7,17,0,24,0,0,28,0,28,0,7,45,0,52,16,0,16,68
08/11/2017,DBQ,IA,ACE,CE,Federal Contract Tower,2,5,24,0,31,0,0,30,0,30,2,5,54,0,61,34,0,34,95
08/12/2017,DBQ,IA,ACE,CE,Federal Contract Tower,0,4,10,0,14,0,0,27,0,27,0,4,37,0,41,2,0,2,43
08/13/2017,DBQ,IA,ACE,CE,Federal Contract Tower,0,5,9,0,14,0,0,42,0,42,0,5,51,0,56,38,0,38,94
08/14/2017,DBQ,IA,ACE,CE,Federal Contract Tower,2,7,14,0,23,0,0,13,0,13,2,7,27,0,36,16,0,16,52
08/15/2017,DBQ,IA,ACE,CE,Federal Contract Tower,2,5,17,0,24,0,0,9,0,9,2,5,26,0,33,2,0,2,35
08/16/2017,DBQ,IA,ACE,CE,Federal Contract Tower,0,5,17,0,22,0,0,29,0,29,0,5,46,0,51,60,0,60,111
08/17/2017,DBQ,IA,ACE,CE,Federal Contract Tower,0,5,16,0,21,0,0,11,0,11,0,5,27,0,32,0,0,0,32
08/18/2017,DBQ,IA,ACE,CE,Federal Contract Tower,0,5,19,0,24,0,0,47,0,47,0,5,66,0,71,88,0,88,159
08/19/2017,DBQ,IA,ACE,CE,Federal Contract Tower,0,3,5,0,8,0,0,21,0,21,0,3,26,0,29,30,0,30,59
08/20/2017,DBQ,IA,ACE,CE,Federal Contract Tower,0,5,3,0,8,0,0,15,0,15,0,5,18,0,23,8,0,8,31
08/21/2017,DBQ,IA,ACE,CE,Federal Contract Tower,0,7,13,0,20,0,0,34,0,34,0,7,47,0,54,48,0,48,102
08/22/2017,DBQ,IA,ACE,CE,Federal Contract Tower,0,6,20,0,26,0,0,35,0,35,0,6,55,0,61,48,0,48,109
08/23/2017,DBQ,IA,ACE,CE,Federal Contract Tower,0,5,22,0,27,0,0,73,0,73,0,5,95,0,100,78,0,78,178
08/24/2017,DBQ,IA,ACE,CE,Federal Contract Tower,0,5,15,0,20,0,0,55,0,55,0,5,70,0,75,60,0,60,135
08/25/2017,DBQ,IA,ACE,CE,Federal Contract Tower,0,5,19,0,24,0,0,78,0,78,0,5,97,0,102,80,0,80,182
08/26/2017,DBQ,IA,ACE,CE,Federal Contract Tower,0,4,7,0,11,0,0,79,0,79,0,4,86,0,90,102,0,102,192
08/27/2017,DBQ,IA,ACE,CE,Federal Contract Tower,0,5,10,0,15,0,0,0,0,0,0,5,10,0,15,8,0,8,23
08/28/2017,DBQ,IA,ACE,CE,Federal Contract Tower,0,6,34,0,40,0,0,59,0,59,0,6,93,0,99,58,0,58,157
08/29/2017,DBQ,IA,ACE,CE,Federal Contract Tower,0,6,27,0,33,0,0,47,0,47,0,6,74,0,80,64,0,64,144
08/30/2017,DBQ,IA,ACE,CE,Federal Contract Tower,0,8,17,0,25,0,0,137,0,137,0,8,154,0,162,158,0,158,320
08/31/2017,DBQ,IA,ACE,CE,Federal Contract Tower,0,8,25,0,33,0,0,66,0,66,0,8,91,0,99,80,0,80,179
09/01/2017,DBQ,IA,ACE,CE,Federal Contract Tower,0,5,18,0,23,0,0,137,0,137,0,5,155,0,160,110,0,110,270
09/02/2017,DBQ,IA,ACE,CE,Federal Contract Tower,0,3,15,0,18,0,0,83,0,83,0,3,98,0,101,96,0,96,197
09/03/2017,DBQ,IA,ACE,CE,Federal Contract Tower,0,3,7,0,10,0,0,23,0,23,0,3,30,0,33,0,0,0,33
09/04/2017,DBQ,IA,ACE,CE,Federal Contract Tower,0,5,11,0,16,0,0,15,0,15,0,5,26,0,31,18,0,18,49
09/05/2017,DBQ,IA,ACE,CE,Federal Contract Tower,0,7,14,0,21,0,0,120,0,120,0,7,134,0,141,164,0,164,305
09/06/2017,DBQ,IA,ACE,CE,Federal Contract Tower,0,8,25,0,33,0,0,90,0,90,0,8,115,0,123,156,0,156,279
09/07/2017,DBQ,IA,ACE,CE,Federal Contract Tower,0,7,17,0,24,0,0,105,0,105,0,7,122,0,129,106,0,106,235
09/08/2017,DBQ,IA,ACE,CE,Federal Contract Tower,0,6,15,0,21,0,0,119,0,119,0,6,134,0,140,114,0,114,254
09/09/2017,DBQ,IA,ACE,CE,Federal Contract Tower,0,3,9,0,12,0,0,47,0,47,0,3,56,0,59,70,0,70,129
09/10/2017,DBQ,IA,ACE,CE,Federal Contract Tower,0,7,14,0,21,0,0,242,0,242,0,7,256,0,263,14,0,14,277
09/11/2017,DBQ,IA,ACE,CE,Federal Contract Tower,0,5,19,0,24,0,0,81,0,81,0,5,100,0,105,74,0,74,179
09/12/2017,DBQ,IA,ACE,CE,Federal Contract Tower,0,6,23,0,29,0,0,85,0,85,0,6,108,0,114,180,0,180,294
09/13/2017,DBQ,IA,ACE,CE,Federal Contract Tower,0,6,28,0,34,0,0,101,0,101,0,6,129,0,135,208,0,208,343
09/14/2017,DBQ,IA,ACE,CE,Federal Contract Tower,0,7,12,0,19,0,0,125,0,125,0,7,137,0,144,208,0,208,352
09/15/2017,DBQ,IA,ACE,CE,Federal Contract Tower,0,8,19,0,27,0,0,118,0,118,0,8,137,0,145,112,0,112,257
09/16/2017,DBQ,IA,ACE,CE,Federal Contract Tower,0,4,15,0,19,0,0,66,0,66,0,4,81,0,85,88,0,88,173
09/17/2017,DBQ,IA,ACE,CE,Federal Contract Tower,0,6,11,0,17,0,0,38,0,38,0,6,49,0,55,8,0,8,63
09/18/2017,DBQ,IA,ACE,CE,Federal Contract Tower,0,6,15,0,21,0,0,81,0,81,0,6,96,0,102,138,0,138,240
09/19/2017,DBQ,IA,ACE,CE,Federal Contract Tower,0,6,21,0,27,0,0,48,0,48,0,6,69,0,75,58,0,58,133
09/20/2017,DBQ,IA,ACE,CE,Federal Contract Tower,0,10,22,0,32,0,0,64,0,64,0,10,86,0,96,100,0,100,196
09/21/2017,DBQ,IA,ACE,CE,Federal Contract Tower,0,5,21,0,26,0,0,88,0,88,0,5,109,0,114,182,0,182,296
09/22/2017,DBQ,IA,ACE,CE,Federal Contract Tower,0,5,14,0,19,0,0,97,0,97,0,5,111,0,116,224,0,224,340
09/23/2017,DBQ,IA,ACE,CE,Federal Contract Tower,0,4,10,0,14,0,0,56,0,56,0,4,66,0,70,114,0,114,184
09/24/2017,DBQ,IA,ACE,CE,Federal Contract Tower,2,6,15,0,23,0,0,37,0,37,2,6,52,0,60,32,0,32,92
09/25/2017,DBQ,IA,ACE,CE,Federal Contract Tower,0,5,11,0,16,0,0,95,4,99,0,5,106,4,115,176,0,176,291
09/26/2017,DBQ,IA,ACE,CE,Federal Contract Tower,0,7,16,0,23,0,0,92,0,92,0,7,108,0,115,236,0,236,351
09/27/2017,DBQ,IA,ACE,CE,Federal Contract Tower,0,6,18,0,24,0,0,118,0,118,0,6,136,0,142,234,0,234,376
09/28/2017,DBQ,IA,ACE,CE,Federal Contract Tower,0,7,17,0,24,0,0,136,0,136,0,7,153,0,160,236,0,236,396
09/29/2017,DBQ,IA,ACE,CE,Federal Contract Tower,0,6,9,0,15,0,0,138,0,138,0,6,147,0,153,358,0,358,511
09/30/2017,DBQ,IA,ACE,CE,Federal Contract Tower,0,3,12,0,15,0,0,80,0,80,0,3,92,0,95,160,0,160,255
10/01/2017,DBQ,IA,ACE,CE,Federal Contract Tower,0,5,8,0,13,0,0,19,0,19,0,5,27,0,32,0,0,0,32
10/02/2017,DBQ,IA,ACE,CE,Federal Contract Tower,0,5,21,0,26,0,0,115,0,115,0,5,136,0,141,248,0,248,389
10/03/2017,DBQ,IA,ACE,CE,Federal Contract Tower,0,5,20,0,25,0,0,36,0,36,0,5,56,0,61,88,0,88,149
10/04/2017,DBQ,IA,ACE,CE,Federal Contract Tower,0,6,19,0,25,0,0,130,0,130,0,6,149,0,155,248,2,250,405
10/05/2017,DBQ,IA,ACE,CE,Federal Contract Tower,0,5,18,2,25,0,0,113,0,113,0,5,131,2,138,216,0,216,354
10/06/2017,DBQ,IA,ACE,CE,Federal Contract Tower,0,7,13,0,20,0,0,0,0,0,0,7,13,0,20,0,0,0,20
10/07/2017,DBQ,IA,ACE,CE,Federal Contract Tower,0,3,18,0,21,0,0,0,0,0,0,3,18,0,21,12,0,12,33
10/08/2017,DBQ,IA,ACE,CE,Federal Contract Tower,0,5,9,0,14,0,0,56,0,56,0,5,65,0,70,146,0,146,216
10/09/2017,DBQ,IA,ACE,CE,Federal Contract Tower,0,5,12,0,17,0,0,134,0,134,0,5,146,0,151,534,0,534,685
10/10/2017,DBQ,IA,ACE,CE,Federal Contract Tower,0,6,25,0,31,0,0,48,0,48,0,6,73,0,79,171,0,171,250
10/11/2017,DBQ,IA,ACE,CE,Federal Contract Tower,0,5,24,0,29,0,0,0,0,0,0,5,24,0,29,0,0,0,29
10/12/2017,DBQ,IA,ACE,CE,Federal Contract Tower,0,9,28,0,37,0,0,0,0,0,0,9,28,0,37,0,0,0,37
10/13/2017,DBQ,IA,ACE,CE,Federal Contract Tower,0,5,23,0,28,0,0,35,0,35,0,5,58,0,63,56,0,56,119
10/14/2017,DBQ,IA,ACE,CE,Federal Contract Tower,0,1,10,0,11,0,0,0,0,0,0,1,10,0,11,0,0,0,11
10/15/2017,DBQ,IA,ACE,CE,Federal Contract Tower,0,7,11,0,18,0,0,9,0,9,0,7,20,0,27,6,0,6,33
10/16/2017,DBQ,IA,ACE,CE,Federal Contract Tower,0,5,17,0,22,0,0,121,0,121,0,5,138,0,143,232,0,232,375
10/17/2017,DBQ,IA,ACE,CE,Federal Contract Tower,0,5,16,0,21,0,0,116,0,116,0,5,132,0,137,344,0,344,481
10/18/2017,DBQ,IA,ACE,CE,Federal Contract Tower,0,7,21,0,28,0,0,129,0,129,0,7,150,0,157,341,0,341,498
10/19/2017,DBQ,IA,ACE,CE,Federal Contract Tower,0,5,22,0,27,0,0,97,2,99,0,5,119,2,126,280,0,280,406
10/20/2017,DBQ,IA,ACE,CE,Federal Contract Tower,0,6,16,0,22,0,0,112,0,112,0,6,128,0,134,310,0,310,444
10/21/2017,DBQ,IA,ACE,CE,Federal Contract Tower,0,5,6,0,11,0,0,29,0,29,0,5,35,0,40,84,0,84,124
10/22/2017,DBQ,IA,ACE,CE,Federal Contract Tower,0,12,14,0,26,0,0,16,0,16,0,12,30,0,42,76,0,76,118
10/23/2017,DBQ,IA,ACE,CE,Federal Contract Tower,0,5,10,0,15,0,0,81,0,81,0,5,91,0,96,300,0,300,396
10/24/2017,DBQ,IA,ACE,CE,Federal Contract Tower,0,9,13,0,22,0,0,13,0,13,0,9,26,0,35,24,0,24,59
10/25/2017,DBQ,IA,ACE,CE,Federal Contract Tower,0,6,27,0,33,0,0,97,0,97,0,6,124,0,130,312,0,312,442
10/26/2017,DBQ,IA,ACE,CE,Federal Contract Tower,0,6,17,0,23,0,0,78,0,78,0,6,95,0,101,188,0,188,289
10/27/2017,DBQ,IA,ACE,CE,Federal Contract Tower,0,9,8,0,17,0,0,5,0,5,0,9,13,0,22,28,0,28,50
10/28/2017,DBQ,IA,ACE,CE,Federal Contract Tower,0,3,9,0,12,0,0,46,0,46,0,3,55,0,58,136,0,136,194
10/29/2017,DBQ,IA,ACE,CE,Federal Contract Tower,0,6,3,0,9,0,0,23,0,23,0,6,26,0,32,16,0,16,48
10/30/2017,DBQ,IA,ACE,CE,Federal Contract Tower,0,5,15,0,20,0,0,38,0,38,0,5,53,0,58,112,0,112,170
10/31/2017,DBQ,IA,ACE,CE,Federal Contract Tower,0,10,8,0,18,0,0,95,0,95,0,10,103,0,113,256,0,256,369
11/01/2017,DBQ,IA,ACE,CE,Federal Contract Tower,0,8,19,0,27,0,0,74,0,74,0,8,93,0,101,198,0,198,299
11/02/2017,DBQ,IA,ACE,CE,Federal Contract Tower,0,7,7,0,14,0,0,6,0,6,0,7,13,0,20,22,0,22,42
11/03/2017,DBQ,IA,ACE,CE,Federal Contract Tower,0,6,27,0,33,0,0,99,0,99,0,6,126,0,132,306,0,306,438
11/04/2017,DBQ,IA,ACE,CE,Federal Contract Tower,0,3,9,0,12,0,0,0,0,0,0,3,9,0,12,0,0,0,12
11/05/2017,DBQ,IA,ACE,CE,Federal Contract Tower,0,5,8,0,13,0,0,4,0,4,0,5,12,0,17,24,0,24,41
11/06/2017,DBQ,IA,ACE,CE,Federal Contract Tower,0,5,19,0,24,0,0,99,0,99,0,5,118,0,123,280,0,280,403
11/07/2017,DBQ,IA,ACE,CE,Federal Contract Tower,0,5,9,0,14,0,0,108,0,108,0,5,117,0,122,232,0,232,354
11/08/2017,DBQ,IA,ACE,CE,Federal Contract Tower,0,11,17,0,28,0,0,136,0,136,0,11,153,0,164,218,0,218,382
11/09/2017,DBQ,IA,ACE,CE,Federal Contract Tower,0,6,19,0,25,0,0,58,0,58,0,6,77,0,83,236,0,236,319
11/10/2017,DBQ,IA,ACE,CE,Federal Contract Tower,0,7,11,0,18,0,0,87,0,87,0,7,98,0,105,248,0,248,353
11/11/2017,DBQ,IA,ACE,CE,Federal Contract Tower,0,3,10,0,13,0,0,34,0,34,0,3,44,0,47,110,0,110,157
11/12/2017,DBQ,IA,ACE,CE,Federal Contract Tower,0,5,14,0,19,0,0,0,0,0,0,5,14,0,19,0,0,0,19
11/13/2017,DBQ,IA,ACE,CE,Federal Contract Tower,0,10,12,0,22,0,0,3,0,3,0,10,15,0,25,4,0,4,29
11/14/2017,DBQ,IA,ACE,CE,Federal Contract Tower,0,5,22,0,27,0,0,3,0,3,0,5,25,0,30,26,0,26,56
11/15/2017,DBQ,IA,ACE,CE,Federal Contract Tower,0,6,16,0,22,0,0,47,0,47,0,6,63,0,69,124,0,124,193
11/16/2017,DBQ,IA,ACE,CE,Federal Contract Tower,2,6,15,0,23,0,0,62,0,62,2,6,77,0,85,292,0,292,377
11/17/2017,DBQ,IA,ACE,CE,Federal Contract Tower,0,8,17,0,25,0,0,0,0,0,0,8,17,0,25,0,0,0,25
11/18/2017,DBQ,IA,ACE,CE,Federal Contract Tower,0,3,1,0,4,0,0,0,0,0,0,3,1,0,4,0,0,0,4
11/19/2017,DBQ,IA,ACE,CE,Federal Contract Tower,0,3,15,0,18,0,0,42,0,42,0,3,57,0,60,48,0,48,108
11/20/2017,DBQ,IA,ACE,CE,Federal Contract Tower,0,7,14,0,21,0,0,56,0,56,0,7,70,0,77,66,0,66,143
11/21/2017,DBQ,IA,ACE,CE,Federal Contract Tower,0,6,10,0,16,0,0,9,0,9,0,6,19,0,25,0,0,0,25
11/22/2017,DBQ,IA,ACE,CE,Federal Contract Tower,0,6,15,0,21,0,0,47,0,47,0,6,62,0,68,96,0,96,164
11/23/2017,DBQ,IA,ACE,CE,Federal Contract Tower,0,2,0,0,2,0,0,5,0,5,0,2,5,0,7,0,0,0,7
11/24/2017,DBQ,IA,ACE,CE,Federal Contract Tower,0,2,6,0,8,0,0,6,0,6,0,2,12,0,14,0,0,0,14
11/25/2017,DBQ,IA,ACE,CE,Federal Contract Tower,0,3,7,0,10,0,2,9,0,11,0,5,16,0,21,30,0,30,51
11/26/2017,DBQ,IA,ACE,CE,Federal Contract Tower,0,8,11,0,19,0,0,18,0,18,0,8,29,0,37,6,0,6,43
11/27/2017,DBQ,IA,ACE,CE,Federal Contract Tower,0,8,18,0,26,0,0,119,0,119,0,8,137,0,145,238,0,238,383
11/28/2017,DBQ,IA,ACE,CE,Federal Contract Tower,0,6,20,2,28,0,0,70,2,72,0,6,90,4,100,242,0,242,342
11/29/2017,DBQ,IA,ACE,CE,Federal Contract Tower,0,7,17,0,24,0,0,107,0,107,0,7,124,0,131,246,0,246,377
11/30/2017,DBQ,IA,ACE,CE,Federal Contract Tower,0,10,10,2,22,0,0,94,0,94,0,10,104,2,116,240,0,240,356
12/01/2017,DBQ,IA,ACE,CE,Federal Contract Tower,0,5,29,0,34,0,0,95,0,95,0,5,124,0,129,208,0,208,337
12/02/2017,DBQ,IA,ACE,CE,Federal Contract Tower,0,3,12,2,17,0,0,105,0,105,0,3,117,2,122,182,0,182,304
12/03/2017,DBQ,IA,ACE,CE,Federal Contract Tower,0,5,17,0,22,0,0,32,0,32,0,5,49,0,54,62,0,62,116
12/04/2017,DBQ,IA,ACE,CE,Federal Contract Tower,0,4,8,0,12,0,0,4,0,4,0,4,12,0,16,0,0,0,16
12/05/2017,DBQ,IA,ACE,CE,Federal Contract Tower,0,6,18,0,24,0,2,12,0,14,0,8,30,0,38,0,0,0,38
12/06/2017,DBQ,IA,ACE,CE,Federal Contract Tower,0,6,17,0,23,0,0,68,0,68,0,6,85,0,91,228,0,228,319
12/07/2017,DBQ,IA,ACE,CE,Federal Contract Tower,0,7,19,0,26,0,0,85,0,85,0,7,104,0,111,326,0,326,437
12/08/2017,DBQ,IA,ACE,CE,Federal Contract Tower,0,5,23,0,28,0,0,115,0,115,0,5,138,0,143,200,0,200,343
12/09/2017,DBQ,IA,ACE,CE,Federal Contract Tower,0,4,4,0,8,0,0,21,0,21,0,4,25,0,29,42,0,42,71
12/10/2017,DBQ,IA,ACE,CE,Federal Contract Tower,0,6,5,0,11,0,0,12,0,12,0,6,17,0,23,8,0,8,31
12/11/2017,DBQ,IA,ACE,CE,Federal Contract Tower,0,6,17,0,23,0,0,26,0,26,0,6,43,0,49,30,0,30,79
12/12/2017,DBQ,IA,ACE,CE,Federal Contract Tower,0,9,15,0,24,0,0,67,0,67,0,9,82,0,91,160,0,160,251
12/13/2017,DBQ,IA,ACE,CE,Federal Contract Tower,0,5,18,0,23,0,0,34,0,34,0,5,52,0,57,30,0,30,87
12/14/2017,DBQ,IA,ACE,CE,Federal Contract Tower,0,5,25,0,30,0,0,64,0,64,0,5,89,0,94,42,0,42,136
12/15/2017,DBQ,IA,ACE,CE,Federal Contract Tower,0,5,11,0,16,0,0,22,0,22,0,5,33,0,38,44,0,44,82
12/16/2017,DBQ,IA,ACE,CE,Federal Contract Tower,0,3,8,0,11,0,0,38,0,38,0,3,46,0,49,16,0,16,65
12/17/2017,DBQ,IA,ACE,CE,Federal Contract Tower,0,6,5,0,11,0,0,1,0,1,0,6,6,0,12,0,0,0,12
12/18/2017,DBQ,IA,ACE,CE,Federal Contract Tower,0,7,13,0,20,0,0,18,0,18,0,7,31,0,38,16,0,16,54
12/19/2017,DBQ,IA,ACE,CE,Federal Contract Tower,0,5,20,0,25,0,0,66,0,66,0,5,86,0,91,168,0,168,259
12/20/2017,DBQ,IA,ACE,CE,Federal Contract Tower,0,6,21,0,27,0,0,60,0,60,0,6,81,0,87,116,0,116,203
12/21/2017,DBQ,IA,ACE,CE,Federal Contract Tower,0,5,13,0,18,0,0,7,0,7,0,5,20,0,25,6,0,6,31
12/22/2017,DBQ,IA,ACE,CE,Federal Contract Tower,0,7,7,0,14,0,0,2,0,2,0,7,9,0,16,2,0,2,18
12/23/2017,DBQ,IA,ACE,CE,Federal Contract Tower,0,3,4,0,7,0,0,2,0,2,0,3,6,0,9,0,0,0,9
12/24/2017,DBQ,IA,ACE,CE,Federal Contract Tower,0,6,0,0,6,0,2,0,0,2,0,8,0,0,8,0,0,0,8
12/25/2017,DBQ,IA,ACE,CE,Federal Contract Tower,0,5,1,0,6,0,0,1,0,1,0,5,2,0,7,0,0,0,7
12/26/2017,DBQ,IA,ACE,CE,Federal Contract Tower,0,5,5,0,10,0,0,12,0,12,0,5,17,0,22,4,0,4,26
12/27/2017,DBQ,IA,ACE,CE,Federal Contract Tower,0,8,18,0,26,0,0,22,0,22,0,8,40,0,48,8,0,8,56
12/28/2017,DBQ,IA,ACE,CE,Federal Contract Tower,0,7,6,0,13,0,0,4,0,4,0,7,10,0,17,0,0,0,17
12/29/2017,DBQ,IA,ACE,CE,Federal Contract Tower,0,4,13,0,17,0,0,2,0,2,0,4,15,0,19,2,0,2,21
12/30/2017,DBQ,IA,ACE,CE,Federal Contract Tower,0,3,8,0,11,0,0,6,0,6,0,3,14,0,17,0,0,0,17
12/31/2017,DBQ,IA,ACE,CE,Federal Contract Tower,0,4,2,0,6,0,0,1,0,1,0,4,3,0,7,0,0,0,7
01/01/2018,DBQ,IA,ACE,CE,Federal Contract Tower,0,5,1,0,6,0,0,2,0,2,0,5,3,0,8,0,0,0,8
01/02/2018,DBQ,IA,ACE,CE,Federal Contract Tower,0,6,10,0,16,0,0,5,0,5,0,6,15,0,21,0,0,0,21
01/03/2018,DBQ,IA,ACE,CE,Federal Contract Tower,0,5,7,0,12,0,0,15,0,15,0,5,22,0,27,40,0,40,67
01/04/2018,DBQ,IA,ACE,CE,Federal Contract Tower,0,5,17,0,22,0,0,33,0,33,0,5,50,0,55,82,0,82,137
01/05/2018,DBQ,IA,ACE,CE,Federal Contract Tower,0,19,21,3,43,0,0,29,0,29,0,19,50,3,72,20,0,20,92
01/06/2018,DBQ,IA,ACE,CE,Federal Contract Tower,0,4,3,0,7,0,0,7,0,7,0,4,10,0,14,0,0,0,14
01/07/2018,DBQ,IA,ACE,CE,Federal Contract Tower,0,3,7,0,10,0,0,7,0,7,0,3,14,0,17,6,0,6,23
01/08/2018,DBQ,IA,ACE,CE,Federal Contract Tower,0,5,14,0,19,0,0,55,0,55,0,5,69,0,74,130,0,130,204
01/09/2018,DBQ,IA,ACE,CE,Federal Contract Tower,0,7,9,1,17,0,0,46,0,46,0,7,55,1,63,170,0,170,233
01/10/2018,DBQ,IA,ACE,CE,Federal Contract Tower,0,1,4,0,5,0,0,0,0,0,0,1,4,0,5,0,0,0,5
01/11/2018,DBQ,IA,ACE,CE,Federal Contract Tower,0,5,12,0,17,0,0,1,0,1,0,5,13,0,18,0,0,0,18
01/12/2018,DBQ,IA,ACE,CE,Federal Contract Tower,0,6,12,0,18,0,0,87,0,87,0,6,99,0,105,346,0,346,451
01/13/2018,DBQ,IA,ACE,CE,Federal Contract Tower,0,3,10,0,13,0,0,44,0,44,0,3,54,0,57,64,0,64,121
01/14/2018,DBQ,IA,ACE,CE,Federal Contract Tower,0,4,6,0,10,0,0,6,0,6,0,4,12,0,16,4,0,4,20
01/15/2018,DBQ,IA,ACE,CE,Federal Contract Tower,0,5,11,0,16,0,0,4,0,4,0,5,15,0,20,24,0,24,44
01/16/2018,DBQ,IA,ACE,CE,Federal Contract Tower,0,5,21,0,26,0,0,63,0,63,0,5,84,0,89,238,0,238,327
01/17/2018,DBQ,IA,ACE,CE,Federal Contract Tower,0,6,27,0,33,0,0,78,0,78,0,6,105,0,111,278,2,280,391
01/18/2018,DBQ,IA,ACE,CE,Federal Contract Tower,0,7,13,0,20,0,0,106,0,106,0,7,119,0,126,214,0,214,340
01/19/2018,DBQ,IA,ACE,CE,Federal Contract Tower,2,8,23,0,33,0,0,81,0,81,2,8,104,0,114,242,0,242,356
01/20/2018,DBQ,IA,ACE,CE,Federal Contract Tower,0,3,6,0,9,0,0,67,0,67,0,3,73,0,76,90,0,90,166
01/21/2018,DBQ,IA,ACE,CE,Federal Contract Tower,0,6,3,0,9,0,0,0,0,0,0,6,3,0,9,0,0,0,9
01/22/2018,DBQ,IA,ACE,CE,Federal Contract Tower,2,6,9,0,17,0,0,0,0,0,2,6,9,0,17,0,0,0,17
01/23/2018,DBQ,IA,ACE,CE,Federal Contract Tower,0,5,7,0,12,0,0,0,0,0,0,5,7,0,12,0,0,0,12
01/24/2018,DBQ,IA,ACE,CE,Federal Contract Tower,0,7,16,0,23,0,0,43,0,43,0,7,59,0,66,174,0,174,240
01/25/2018,DBQ,IA,ACE,CE,Federal Contract Tower,0,5,23,0,28,0,0,89,0,89,0,5,112,0,117,324,0,324,441
01/26/2018,DBQ,IA,ACE,CE,Federal Contract Tower,0,5,18,0,23,0,0,24,0,24,0,5,42,0,47,64,0,64,111
01/27/2018,DBQ,IA,ACE,CE,Federal Contract Tower,0,3,9,0,12,0,0,55,0,55,0,3,64,0,67,64,0,64,131
01/28/2018,DBQ,IA,ACE,CE,Federal Contract Tower,0,5,6,0,11,0,0,3,0,3,0,5,9,0,14,0,0,0,14
01/29/2018,DBQ,IA,ACE,CE,Federal Contract Tower,0,8,18,0,26,0,0,93,0,93,0,8,111,0,119,194,0,194,313
01/30/2018,DBQ,IA,ACE,CE,Federal Contract Tower,0,5,16,0,21,0,0,76,0,76,0,5,92,0,97,150,0,150,247
01/31/2018,DBQ,IA,ACE,CE,Federal Contract Tower,0,6,14,0,20,0,0,105,0,105,0,6,119,0,125,216,0,216,341
02/01/2018,DBQ,IA,ACE,CE,Federal Contract Tower,0,5,11,2,18,0,0,50,0,50,0,5,61,2,68,160,0,160,228
02/02/2018,DBQ,IA,ACE,CE,Federal Contract Tower,0,5,18,0,23,0,0,64,0,64,0,5,82,0,87,129,0,129,216
02/03/2018,DBQ,IA,ACE,CE,Federal Contract Tower,0,5,1,0,6,0,0,27,0,27,0,5,28,0,33,50,0,50,83
02/04/2018,DBQ,IA,ACE,CE,Federal Contract Tower,0,2,7,0,9,0,0,4,0,4,0,2,11,0,13,8,0,8,21
02/05/2018,DBQ,IA,ACE,CE,Federal Contract Tower,0,3,12,0,15,0,0,7,0,7,0,3,19,0,22,40,0,40,62
02/06/2018,DBQ,IA,ACE,CE,Federal Contract Tower,0,5,7,0,12,0,0,86,0,86,0,5,93,0,98,296,0,296,394
02/07/2018,DBQ,IA,ACE,CE,Federal Contract Tower,0,5,16,0,21,0,0,66,0,66,0,5,82,0,87,158,0,158,245
02/08/2018,DBQ,IA,ACE,CE,Federal Contract Tower,0,5,16,0,21,0,0,29,0,29,0,5,45,0,50,88,0,88,138
02/09/2018,DBQ,IA,ACE,CE,Federal Contract Tower,0,0,10,0,10,0,0,14,0,14,0,0,24,0,24,34,0,34,58
02/10/2018,DBQ,IA,ACE,CE,Federal Contract Tower,0,3,12,0,15,0,0,50,0,50,0,3,62,0,65,86,0,86,151
02/11/2018,DBQ,IA,ACE,CE,Federal Contract Tower,0,3,6,0,9,0,0,24,0,24,0,3,30,0,33,42,0,42,75
02/12/2018,DBQ,IA,ACE,CE,Federal Contract Tower,0,10,21,0,31,0,0,105,0,105,0,10,126,0,136,102,0,102,238
02/13/2018,DBQ,IA,ACE,CE,Federal Contract Tower,0,7,11,0,18,0,0,76,6,82,0,7,87,6,100,122,0,122,222
02/14/2018,DBQ,IA,ACE,CE,Federal Contract Tower,0,5,21,0,26,0,0,107,0,107,0,5,128,0,133,98,0,98,231
02/15/2018,DBQ,IA,ACE,CE,Federal Contract Tower,0,6,15,0,21,0,0,28,0,28,0,6,43,0,49,76,0,76,125
02/16/2018,DBQ,IA,ACE,CE,Federal Contract Tower,0,7,25,0,32,0,0,118,0,118,0,7,143,0,150,136,0,136,286
02/17/2018,DBQ,IA,ACE,CE,Federal Contract Tower,0,3,2,0,5,0,0,16,0,16,0,3,18,0,21,82,0,82,103
02/18/2018,DBQ,IA,ACE,CE,Federal Contract Tower,0,5,3,0,8,0,0,6,0,6,0,5,9,0,14,18,0,18,32
02/19/2018,DBQ,IA,ACE,CE,Federal Contract Tower,0,3,3,0,6,0,0,0,0,0,0,3,3,0,6,0,0,0,6
02/20/2018,DBQ,IA,ACE,CE,Federal Contract Tower,0,4,11,0,15,0,0,2,0,2,0,4,13,0,17,2,0,2,19
02/21/2018,DBQ,IA,ACE,CE,Federal Contract Tower,0,7,26,0,33,0,3,107,0,110,0,10,133,0,143,138,0,138,281
02/22/2018,DBQ,IA,ACE,CE,Federal Contract Tower,0,6,18,0,24,0,0,52,0,52,0,6,70,0,76,120,0,120,196
02/23/2018,DBQ,IA,ACE,CE,Federal Contract Tower,0,5,39,0,44,0,0,17,0,17,0,5,56,0,61,54,0,54,115
02/24/2018,DBQ,IA,ACE,CE,Federal Contract Tower,0,5,3,0,8,0,0,0,0,0,0,5,3,0,8,0,0,0,8
02/25/2018,DBQ,IA,ACE,CE,Federal Contract Tower,0,5,7,0,12,0,0,28,0,28,0,5,35,0,40,44,0,44,84
02/26/2018,DBQ,IA,ACE,CE,Federal Contract Tower,0,5,29,0,34,0,0,98,0,98,0,5,127,0,132,206,0,206,338
02/27/2018,DBQ,IA,ACE,CE,Federal Contract Tower,0,6,16,0,22,0,0,111,0,111,0,6,127,0,133,306,0,306,439
02/28/2018,DBQ,IA,ACE,CE,Federal Contract Tower,0,5,19,0,24,0,0,106,0,106,0,5,125,0,130,178,0,178,308
03/01/2018,DBQ,IA,ACE,CE,Federal Contract Tower,0,7,19,0,26,0,0,74,0,74,0,7,93,0,100,196,0,196,296
03/02/2018,DBQ,IA,ACE,CE,Federal Contract Tower,0,5,19,0,24,0,0,104,0,104,0,5,123,0,128,154,0,154,282
03/03/2018,DBQ,IA,ACE,CE,Federal Contract Tower,0,3,6,0,9,0,1,77,0,78,0,4,83,0,87,196,2,198,285
03/04/2018,DBQ,IA,ACE,CE,Federal Contract Tower,0,5,21,0,26,0,0,26,0,26,0,5,47,0,52,82,0,82,134
03/05/2018,DBQ,IA,ACE,CE,Federal Contract Tower,0,4,6,0,10,0,0,0,0,0,0,4,6,0,10,0,0,0,10
03/06/2018,DBQ,IA,ACE,CE,Federal Contract Tower,0,5,18,0,23,0,0,0,0,0,0,5,18,0,23,1,0,1,24
03/07/2018,DBQ,IA,ACE,CE,Federal Contract Tower,0,7,14,1,22,0,0,92,0,92,0,7,106,1,114,224,0,224,338
03/08/2018,DBQ,IA,ACE,CE,Federal Contract Tower,0,7,22,0,29,0,0,73,0,73,0,7,95,0,102,198,0,198,300
03/09/2018,DBQ,IA,ACE,CE,Federal Contract Tower,0,10,28,0,38,0,0,116,0,116,0,10,144,0,154,163,0,163,317
03/10/2018,DBQ,IA,ACE,CE,Federal Contract Tower,0,3,10,0,13,0,0,49,0,49,0,3,59,0,62,100,0,100,162
03/11/2018,DBQ,IA,ACE,CE,Federal Contract Tower,2,5,6,0,13,0,0,11,0,11,2,5,17,0,24,40,0,40,64
03/12/2018,DBQ,IA,ACE,CE,Federal Contract Tower,0,5,13,0,18,0,0,37,0,37,0,5,50,0,55,82,0,82,137
03/13/2018,DBQ,IA,ACE,CE,Federal Contract Tower,0,4,21,0,25,0,0,50,0,50,0,4,71,0,75,84,0,84,159
03/14/2018,DBQ,IA,ACE,CE,Federal Contract Tower,0,8,16,0,24,0,0,39,0,39,0,8,55,0,63,110,0,110,173
03/15/2018,DBQ,IA,ACE,CE,Federal Contract Tower,0,5,15,0,20,0,0,39,0,39,0,5,54,0,59,126,0,126,185
03/16/2018,DBQ,IA,ACE,CE,Federal Contract Tower,0,5,21,0,26,0,0,30,0,30,0,5,51,0,56,106,0,106,162
03/17/2018,DBQ,IA,ACE,CE,Federal Contract Tower,0,5,4,0,9,0,0,25,0,25,0,5,29,0,34,36,0,36,70
03/18/2018,DBQ,IA,ACE,CE,Federal Contract Tower,0,6,17,0,23,0,0,45,0,45,0,6,62,0,68,68,0,68,136
03/19/2018,DBQ,IA,ACE,CE,Federal Contract Tower,0,5,14,0,19,0,0,44,0,44,0,5,58,0,63,50,0,50,113
03/20/2018,DBQ,IA,ACE,CE,Federal Contract Tower,0,5,26,0,31,0,0,69,0,69,0,5,95,0,100,132,0,132,232
03/21/2018,DBQ,IA,ACE,CE,Federal Contract Tower,0,5,20,0,25,0,0,88,0,88,0,5,108,0,113,192,0,192,305
03/22/2018,DBQ,IA,ACE,CE,Federal Contract Tower,0,6,16,0,22,0,0,98,0,98,0,6,114,0,120,250,0,250,370
03/23/2018,DBQ,IA,ACE,CE,Federal Contract Tower,0,5,18,0,23,0,0,70,0,70,0,5,88,0,93,108,0,108,201
03/24/2018,DBQ,IA,ACE,CE,Federal Contract Tower,0,1,3,0,4,0,0,1,0,1,0,1,4,0,5,0,0,0,5
03/25/2018,DBQ,IA,ACE,CE,Federal Contract Tower,0,5,8,0,13,0,0,29,0,29,0,5,37,0,42,66,0,66,108
03/26/2018,DBQ,IA,ACE,CE,Federal Contract Tower,0,5,13,4,22,0,0,47,0,47,0,5,60,4,69,56,0,56,125
03/27/2018,DBQ,IA,ACE,CE,Federal Contract Tower,0,5,13,0,18,0,0,15,0,15,0,5,28,0,33,190,0,190,223
03/28/2018,DBQ,IA,ACE,CE,Federal Contract Tower,0,7,24,0,31,0,0,100,0,100,0,7,124,0,131,256,0,256,387
03/29/2018,DBQ,IA,ACE,CE,Federal Contract Tower,0,3,25,0,28,0,0,102,0,102,0,3,127,0,130,156,0,156,286
03/30/2018,DBQ,IA,ACE,CE,Federal Contract Tower,0,5,15,0,20,0,0,32,0,32,0,5,47,0,52,26,0,26,78
03/31/2018,DBQ,IA,ACE,CE,Federal Contract Tower,0,3,7,0,10,0,0,0,0,0,0,3,7,0,10,0,0,0,10
04/01/2018,DBQ,IA,ACE,CE,Federal Contract Tower,0,5,7,0,12,0,0,19,0,19,0,5,26,0,31,10,0,10,41
04/02/2018,DBQ,IA,ACE,CE,Federal Contract Tower,0,7,22,0,29,0,0,89,0,89,0,7,111,0,118,120,0,120,238
04/03/2018,DBQ,IA,ACE,CE,Federal Contract Tower,0,7,7,0,14,0,0,0,0,0,0,7,7,0,14,0,0,0,14
04/04/2018,DBQ,IA,ACE,CE,Federal Contract Tower,0,6,19,0,25,0,0,76,2,78,0,6,95,2,103,154,0,154,257
04/05/2018,DBQ,IA,ACE,CE,Federal Contract Tower,0,5,18,1,24,0,0,42,0,42,0,5,60,1,66,118,0,118,184
04/06/2018,DBQ,IA,ACE,CE,Federal Contract Tower,0,5,13,0,18,0,0,14,0,14,0,5,27,0,32,8,0,8,40
04/07/2018,DBQ,IA,ACE,CE,Federal Contract Tower,0,4,18,0,22,0,0,112,0,112,0,4,130,0,134,220,0,220,354
04/08/2018,DBQ,IA,ACE,CE,Federal Contract Tower,0,5,6,0,11,0,2,54,0,56,0,7,60,0,67,44,0,44,111
04/09/2018,DBQ,IA,ACE,CE,Federal Contract Tower,0,5,8,0,13,0,0,11,0,11,0,5,19,0,24,20,0,20,44
04/10/2018,DBQ,IA,ACE,CE,Federal Contract Tower,2,6,21,0,29,0,0,102,0,102,2,6,123,0,131,190,0,190,321
04/11/2018,DBQ,IA,ACE,CE,Federal Contract Tower,0,8,28,0,36,0,0,88,0,88,0,8,116,0,124,200,0,200,324
04/12/2018,DBQ,IA,ACE,CE,Federal Contract Tower,0,5,28,0,33,0,0,93,0,93,0,5,121,0,126,308,2,310,436
04/13/2018,DBQ,IA,ACE,CE,Federal Contract Tower,0,5,13,0,18,0,0,8,0,8,0,5,21,0,26,22,0,22,48
04/14/2018,DBQ,IA,ACE,CE,Federal Contract Tower,0,4,7,0,11,0,0,0,0,0,0,4,7,0,11,0,0,0,11
04/15/2018,DBQ,IA,ACE,CE,Federal Contract Tower,0,5,3,0,8,0,0,0,0,0,0,5,3,0,8,0,0,0,8
04/16/2018,DBQ,IA,ACE,CE,Federal Contract Tower,0,5,7,0,12,0,0,18,0,18,0,5,25,0,30,36,0,36,66
04/17/2018,DBQ,IA,ACE,CE,Federal Contract Tower,0,5,26,0,31,0,0,93,0,93,0,5,119,0,124,176,0,176,300
04/18/2018,DBQ,IA,ACE,CE,Federal Contract Tower,0,7,15,0,22,0,0,0,0,0,0,7,15,0,22,0,0,0,22
04/19/2018,DBQ,IA,ACE,CE,Federal Contract Tower,0,5,25,0,30,0,0,119,0,119,0,5,144,0,149,229,0,229,378
04/20/2018,DBQ,IA,ACE,CE,Federal Contract Tower,0,5,22,0,27,0,0,121,0,121,0,5,143,0,148,184,0,184,332
04/21/2018,DBQ,IA,ACE,CE,Federal Contract Tower,0,4,14,0,18,0,0,69,0,69,0,4,83,0,87,114,0,114,201
04/22/2018,DBQ,IA,ACE,CE,Federal Contract Tower,0,5,14,0,19,0,0,48,0,48,0,5,62,0,67,70,0,70,137
04/23/2018,DBQ,IA,ACE,CE,Federal Contract Tower,2,5,19,0,26,0,0,100,0,100,2,5,119,0,126,114,0,114,240
04/24/2018,DBQ,IA,ACE,CE,Federal Contract Tower,0,5,13,0,18,0,0,119,0,119,0,5,132,0,137,230,0,230,367
04/25/2018,DBQ,IA,ACE,CE,Federal Contract Tower,0,7,26,0,33,0,0,99,0,99,0,7,125,0,132,110,0,110,242
04/26/2018,DBQ,IA,ACE,CE,Federal Contract Tower,0,8,11,0,19,0,0,95,2,97,0,8,106,2,116,174,0,174,290
04/27/2018,DBQ,IA,ACE,CE,Federal Contract Tower,0,6,16,0,22,0,0,39,0,39,0,6,55,0,61,66,0,66,127
04/28/2018,DBQ,IA,ACE,CE,Federal Contract Tower,0,4,22,0,26,0,0,62,0,62,0,4,84,0,88,104,0,104,192
04/29/2018,DBQ,IA,ACE,CE,Federal Contract Tower,0,5,13,0,18,0,0,17,0,17,0,5,30,0,35,30,0,30,65
04/30/2018,DBQ,IA,ACE,CE,Federal Contract Tower,0,6,14,0,20,0,0,35,0,35,0,6,49,0,55,32,0,32,87
05/01/2018,DBQ,IA,ACE,CE,Federal Contract Tower,0,5,16,0,21,0,0,22,0,22,0,5,38,0,43,34,0,34,77
05/02/2018,DBQ,IA,ACE,CE,Federal Contract Tower,0,6,21,0,27,0,0,32,0,32,0,6,53,0,59,44,0,44,103
05/03/2018,DBQ,IA,ACE,CE,Federal Contract Tower,0,5,16,0,21,0,0,11,0,11,0,5,27,0,32,56,0,56,88
05/04/2018,DBQ,IA,ACE,CE,Federal Contract Tower,0,6,17,0,23,0,0,68,0,68,0,6,85,0,91,70,0,70,161
05/05/2018,DBQ,IA,ACE,CE,Federal Contract Tower,0,3,18,0,21,0,0,65,0,65,0,3,83,0,86,84,0,84,170
05/06/2018,DBQ,IA,ACE,CE,Federal Contract Tower,0,5,16,0,21,0,0,17,0,17,0,5,33,0,38,22,0,22,60
05/07/2018,DBQ,IA,ACE,CE,Federal Contract Tower,2,6,14,0,22,0,0,80,0,80,2,6,94,0,102,46,0,46,148
05/08/2018,DBQ,IA,ACE,CE,Federal Contract Tower,0,3,29,0,32,0,0,83,0,83,0,3,112,0,115,120,0,120,235
05/09/2018,DBQ,IA,ACE,CE,Federal Contract Tower,0,4,15,1,20,0,0,8,1,9,0,4,23,2,29,6,0,6,35
05/10/2018,DBQ,IA,ACE,CE,Federal Contract Tower,0,3,17,0,20,0,0,77,0,77,0,3,94,0,97,112,2,114,211
05/11/2018,DBQ,IA,ACE,CE,Federal Contract Tower,0,3,16,0,19,0,0,4,0,4,0,3,20,0,23,32,0,32,55
05/12/2018,DBQ,IA,ACE,CE,Federal Contract Tower,0,3,5,0,8,0,0,0,0,0,0,3,5,0,8,0,0,0,8
05/13/2018,DBQ,IA,ACE,CE,Federal Contract Tower,0,3,10,0,13,0,0,4,0,4,0,3,14,0,17,20,0,20,37
05/14/2018,DBQ,IA,ACE,CE,Federal Contract Tower,0,0,16,0,16,0,0,2,0,2,0,0,18,0,18,14,0,14,32
05/15/2018,DBQ,IA,ACE,CE,Federal Contract Tower,0,2,27,0,29,0,0,65,0,65,0,2,92,0,94,68,0,68,162
05/16/2018,DBQ,IA,ACE,CE,Federal Contract Tower,0,5,21,0,26,0,0,72,0,72,0,5,93,0,98,150,0,150,248
05/17/2018,DBQ,IA,ACE,CE,Federal Contract Tower,0,3,29,0,32,0,0,81,0,81,0,3,110,0,113,74,0,74,187
05/18/2018,DBQ,IA,ACE,CE,Federal Contract Tower,0,3,17,0,20,0,0,48,0,48,0,3,65,0,68,14,0,14,82
05/19/2018,DBQ,IA,ACE,CE,Federal Contract Tower,0,4,14,0,18,0,0,6,0,6,0,4,20,0,24,2,0,2,26
05/20/2018,DBQ,IA,ACE,CE,Federal Contract Tower,0,3,9,0,12,0,0,0,0,0,0,3,9,0,12,0,0,0,12
05/21/2018,DBQ,IA,ACE,CE,Federal Contract Tower,0,4,14,0,18,0,0,0,0,0,0,4,14,0,18,0,0,0,18
05/22/2018,DBQ,IA,ACE,CE,Federal Contract Tower,0,2,37,0,39,0,0,14,0,14,0,2,51,0,53,34,0,34,87
05/23/2018,DBQ,IA,ACE,CE,Federal Contract Tower,0,5,34,0,39,0,0,80,1,81,0,5,114,1,120,60,1,61,181
05/24/2018,DBQ,IA,ACE,CE,Federal Contract Tower,0,3,27,0,30,0,0,70,0,70,0,3,97,0,100,122,0,122,222
05/25/2018,DBQ,IA,ACE,CE,Federal Contract Tower,0,3,24,0,27,0,0,59,3,62,0,3,83,3,89,30,0,30,119
05/26/2018,DBQ,IA,ACE,CE,Federal Contract Tower,0,3,9,0,12,0,0,44,0,44,0,3,53,0,56,26,0,26,82
05/27/2018,DBQ,IA,ACE,CE,Federal Contract Tower,0,3,14,0,17,0,0,29,0,29,0,3,43,0,46,16,0,16,62
05/28/2018,DBQ,IA,ACE,CE,Federal Contract Tower,0,3,9,0,12,0,0,21,0,21,0,3,30,0,33,18,0,18,51
05/29/2018,DBQ,IA,ACE,CE,Federal Contract Tower,0,7,28,0,35,0,0,41,0,41,0,7,69,0,76,90,0,90,166
05/30/2018,DBQ,IA,ACE,CE,Federal Contract Tower,0,3,29,0,32,0,0,23,0,23,0,3,52,0,55,4,0,4,59
05/31/2018,DBQ,IA,ACE,CE,Federal Contract Tower,0,3,20,1,24,0,0,68,0,68,0,3,88,1,92,112,0,112,204
06/01/2018,DBQ,IA,ACE,CE,Federal Contract Tower,0,3,14,0,17,0,0,47,0,47,0,3,61,0,64,34,0,34,98
06/02/2018,DBQ,IA,ACE,CE,Federal Contract Tower,0,4,14,1,19,0,0,8,1,9,0,4,22,2,28,0,2,2,30
06/03/2018,DBQ,IA,ACE,CE,Federal Contract Tower,0,3,13,0,16,0,0,1,0,1,0,3,14,0,17,0,0,0,17
06/04/2018,DBQ,IA,ACE,CE,Federal Contract Tower,0,3,26,0,29,0,0,73,0,73,0,3,99,0,102,50,0,50,152
06/05/2018,DBQ,IA,ACE,CE,Federal Contract Tower,0,3,25,0,28,0,0,82,0,82,0,3,107,0,110,74,0,74,184
06/06/2018,DBQ,IA,ACE,CE,Federal Contract Tower,0,3,18,0,21,0,0,62,0,62,0,3,80,0,83,94,0,94,177
06/07/2018,DBQ,IA,ACE,CE,Federal Contract Tower,0,7,27,0,34,0,0,61,0,61,0,7,88,0,95,40,0,40,135
06/08/2018,DBQ,IA,ACE,CE,Federal Contract Tower,0,7,18,0,25,0,0,15,1,16,0,7,33,1,41,38,0,38,79
06/09/2018,DBQ,IA,ACE,CE,Federal Contract Tower,0,3,6,0,9,0,0,7,0,7,0,3,13,0,16,10,0,10,26
06/10/2018,DBQ,IA,ACE,CE,Federal Contract Tower,2,6,9,0,17,0,0,11,0,11,2,6,20,0,28,58,0,58,86
06/11/2018,DBQ,IA,ACE,CE,Federal Contract Tower,0,7,34,0,41,0,0,2,0,2,0,7,36,0,43,2,0,2,45
06/12/2018,DBQ,IA,ACE,CE,Federal Contract Tower,0,4,23,0,27,0,0,6,0,6,0,4,29,0,33,12,0,12,45
06/13/2018,DBQ,IA,ACE,CE,Federal Contract Tower,0,3,23,0,26,0,0,96,0,96,0,3,119,0,122,122,0,122,244
06/14/2018,DBQ,IA,ACE,CE,Federal Contract Tower,2,7,20,0,29,0,0,18,0,18,2,7,38,0,47,20,0,20,67
06/15/2018,DBQ,IA,ACE,CE,Federal Contract Tower,0,4,19,0,23,0,0,58,0,58,0,4,77,0,81,84,0,84,165
06/16/2018,DBQ,IA,ACE,CE,Federal Contract Tower,0,4,7,0,11,0,0,35,0,35,0,4,42,0,46,8,0,8,54
06/17/2018,DBQ,IA,ACE,CE,Federal Contract Tower,0,3,11,0,14,0,0,13,0,13,0,3,24,0,27,34,0,34,61
06/18/2018,DBQ,IA,ACE,CE,Federal Contract Tower,0,3,20,0,23,0,0,46,0,46,0,3,66,0,69,54,0,54,123
06/19/2018,DBQ,IA,ACE,CE,Federal Contract Tower,0,3,15,0,18,0,0,5,0,5,0,3,20,0,23,0,0,0,23
06/20/2018,DBQ,IA,ACE,CE,Federal Contract Tower,0,4,26,0,30,0,0,0,0,0,0,4,26,0,30,0,0,0,30
06/21/2018,DBQ,IA,ACE,CE,Federal Contract Tower,0,4,22,0,26,0,0,1,0,1,0,4,23,0,27,0,0,0,27
06/22/2018,DBQ,IA,ACE,CE,Federal Contract Tower,0,4,12,0,16,0,0,44,0,44,0,4,56,0,60,18,0,18,78
06/23/2018,DBQ,IA,ACE,CE,Federal Contract Tower,0,3,16,0,19,0,0,38,0,38,0,3,54,0,57,38,0,38,95
06/24/2018,DBQ,IA,ACE,CE,Federal Contract Tower,0,3,4,0,7,0,0,27,0,27,0,3,31,0,34,24,0,24,58
06/25/2018,DBQ,IA,ACE,CE,Federal Contract Tower,0,5,20,0,25,0,0,64,0,64,0,5,84,0,89,132,0,132,221
06/26/2018,DBQ,IA,ACE,CE,Federal Contract Tower,0,1,16,0,17,0,0,4,0,4,0,1,20,0,21,20,0,20,41
06/27/2018,DBQ,IA,ACE,CE,Federal Contract Tower,0,5,23,0,28,0,0,50,0,50,0,5,73,0,78,138,0,138,216
06/28/2018,DBQ,IA,ACE,CE,Federal Contract Tower,0,4,26,0,30,0,0,65,0,65,0,4,91,0,95,110,0,110,205
06/29/2018,DBQ,IA,ACE,CE,Federal Contract Tower,0,6,13,0,19,0,0,63,0,63,0,6,76,0,82,66,0,66,148
06/30/2018,DBQ,IA,ACE,CE,Federal Contract Tower,0,4,8,0,12,0,0,39,4,43,0,4,47,4,55,38,0,38,93
07/01/2018,DBQ,IA,ACE,CE,Federal Contract Tower,0,4,3,0,7,0,4,12,2,18,0,8,15,2,25,6,0,6,31
07/02/2018,DBQ,IA,ACE,CE,Federal Contract Tower,0,6,17,1,24,0,0,73,4,77,0,6,90,5,101,24,0,24,125
07/03/2018,DBQ,IA,ACE,CE,Federal Contract Tower,0,4,8,0,12,0,0,53,11,64,0,4,61,11,76,32,0,32,108
07/04/2018,DBQ,IA,ACE,CE,Federal Contract Tower,0,4,3,1,8,0,0,25,2,27,0,4,28,3,35,12,0,12,47
07/05/2018,DBQ,IA,ACE,CE,Federal Contract Tower,0,5,13,0,18,0,0,44,2,46,0,5,57,2,64,80,0,80,144
07/06/2018,DBQ,IA,ACE,CE,Federal Contract Tower,0,5,13,0,18,0,0,50,0,50,0,5,63,0,68,34,0,34,102
07/07/2018,DBQ,IA,ACE,CE,Federal Contract Tower,0,4,12,0,16,0,0,31,0,31,0,4,43,0,47,6,0,6,53
07/08/2018,DBQ,IA,ACE,CE,Federal Contract Tower,0,6,12,0,18,0,0,39,0,39,0,6,51,0,57,30,0,30,87
07/09/2018,DBQ,IA,ACE,CE,Federal Contract Tower,0,5,22,0,27,0,0,47,0,47,0,5,69,0,74,96,0,96,170
07/10/2018,DBQ,IA,ACE,CE,Federal Contract Tower,0,5,18,0,23,0,2,85,0,87,0,7,103,0,110,108,0,108,218
07/11/2018,DBQ,IA,ACE,CE,Federal Contract Tower,0,5,22,0,27,0,0,82,0,82,0,5,104,0,109,70,0,70,179
07/12/2018,DBQ,IA,ACE,CE,Federal Contract Tower,0,5,11,0,16,0,0,51,0,51,0,5,62,0,67,60,0,60,127
07/13/2018,DBQ,IA,ACE,CE,Federal Contract Tower,0,5,24,0,29,0,0,42,0,42,0,5,66,0,71,70,0,70,141
07/14/2018,DBQ,IA,ACE,CE,Federal Contract Tower,0,3,0,0,3,0,0,11,0,11,0,3,11,0,14,12,0,12,26
07/15/2018,DBQ,IA,ACE,CE,Federal Contract Tower,0,5,7,0,12,0,0,4,0,4,0,5,11,0,16,0,0,0,16
07/16/2018,DBQ,IA,ACE,CE,Federal Contract Tower,0,4,27,0,31,0,3,36,0,39,0,7,63,0,70,36,0,36,106
07/17/2018,DBQ,IA,ACE,CE,Federal Contract Tower,0,5,14,0,19,0,0,80,0,80,0,5,94,0,99,56,0,56,155
07/18/2018,DBQ,IA,ACE,CE,Federal Contract Tower,0,6,14,0,20,0,0,153,0,153,0,6,167,0,173,66,0,66,239
07/19/2018,DBQ,IA,ACE,CE,Federal Contract Tower,0,5,15,0,20,0,0,40,0,40,0,5,55,0,60,14,0,14,74
07/20/2018,DBQ,IA,ACE,CE,Federal Contract Tower,0,5,29,0,34,0,0,99,0,99,0,5,128,0,133,2,0,2,135
07/21/2018,DBQ,IA,ACE,CE,Federal Contract Tower,0,2,24,0,26,0,0,239,0,239,0,2,263,0,265,6,0,6,271
07/22/2018,DBQ,IA,ACE,CE,Federal Contract Tower,0,6,17,0,23,0,0,159,4,163,0,6,176,4,186,0,0,0,186
07/23/2018,DBQ,IA,ACE,CE,Federal Contract Tower,0,5,19,0,24,0,0,60,0,60,0,5,79,0,84,64,0,64,148
07/24/2018,DBQ,IA,ACE,CE,Federal Contract Tower,0,7,19,2,28,0,0,56,2,58,0,7,75,4,86,44,0,44,130
07/25/2018,DBQ,IA,ACE,CE,Federal Contract Tower,0,5,21,2,28,0,0,36,0,36,0,5,57,2,64,66,0,66,130
07/26/2018,DBQ,IA,ACE,CE,Federal Contract Tower,1,5,12,8,26,0,0,19,3,22,1,5,31,11,48,8,0,8,56
07/27/2018,DBQ,IA,ACE,CE,Federal Contract Tower,0,9,25,2,36,0,0,41,0,41,0,9,66,2,77,26,0,26,103
07/28/2018,DBQ,IA,ACE,CE,Federal Contract Tower,0,4,14,0,18,0,0,26,0,26,0,4,40,0,44,48,0,48,92
07/29/2018,DBQ,IA,ACE,CE,Federal Contract Tower,0,6,12,0,18,0,0,41,0,41,0,6,53,0,59,20,0,20,79
07/30/2018,DBQ,IA,ACE,CE,Federal Contract Tower,0,5,11,0,16,0,2,31,0,33,0,7,42,0,49,92,0,92,141
07/31/2018,DBQ,IA,ACE,CE,Federal Contract Tower,0,5,15,0,20,0,0,50,0,50,0,5,65,0,70,56,0,56,126
08/01/2018,DBQ,IA,ACE,CE,Federal Contract Tower,0,5,20,0,25,0,0,65,0,65,0,5,85,0,90,98,0,98,188
08/02/2018,DBQ,IA,ACE,CE,Federal Contract Tower,0,5,25,0,30,0,0,26,0,26,0,5,51,0,56,68,0,68,124
08/03/2018,DBQ,IA,ACE,CE,Federal Contract Tower,0,5,15,0,20,0,0,57,0,57,0,5,72,0,77,38,0,38,115
08/04/2018,DBQ,IA,ACE,CE,Federal Contract Tower,0,3,7,0,10,0,0,31,0,31,0,3,38,0,41,20,0,20,61
08/05/2018,DBQ,IA,ACE,CE,Federal Contract Tower,0,5,9,0,14,0,0,9,2,11,0,5,18,2,25,0,0,0,25
08/06/2018,DBQ,IA,ACE,CE,Federal Contract Tower,0,5,9,0,14,0,0,17,0,17,0,5,26,0,31,20,0,20,51
08/07/2018,DBQ,IA,ACE,CE,Federal Contract Tower,0,5,21,0,26,0,0,10,0,10,0,5,31,0,36,12,0,12,48
08/08/2018,DBQ,IA,ACE,CE,Federal Contract Tower,0,6,21,0,27,0,0,48,0,48,0,6,69,0,75,24,0,24,99
08/09/2018,DBQ,IA,ACE,CE,Federal Contract Tower,4,6,15,0,25,0,0,20,0,20,4,6,35,0,45,6,0,6,51
08/10/2018,DBQ,IA,ACE,CE,Federal Contract Tower,0,9,10,0,19,0,0,19,0,19,0,9,29,0,38,0,0,0,38
08/11/2018,DBQ,IA,ACE,CE,Federal Contract Tower,0,4,14,0,18,0,0,33,0,33,0,4,47,0,51,36,0,36,87
08/12/2018,DBQ,IA,ACE,CE,Federal Contract Tower,0,8,12,0,20,0,0,28,0,28,0,8,40,0,48,10,0,10,58
08/13/2018,DBQ,IA,ACE,CE,Federal Contract Tower,0,6,15,0,21,0,1,12,0,13,0,7,27,0,34,4,0,4,38
08/14/2018,DBQ,IA,ACE,CE,Federal Contract Tower,0,5,15,2,22,0,0,15,0,15,0,5,30,2,37,0,0,0,37
08/15/2018,DBQ,IA,ACE,CE,Federal Contract Tower,0,6,21,0,27,0,0,8,0,8,0,6,29,0,35,10,0,10,45
08/16/2018,DBQ,IA,ACE,CE,Federal Contract Tower,0,6,22,0,28,0,0,9,0,9,0,6,31,0,37,20,0,20,57
08/17/2018,DBQ,IA,ACE,CE,Federal Contract Tower,0,5,23,0,28,0,0,16,0,16,0,5,39,0,44,10,0,10,54
08/18/2018,DBQ,IA,ACE,CE,Federal Contract Tower,0,3,7,0,10,0,0,16,0,16,0,3,23,0,26,10,0,10,36
08/19/2018,DBQ,IA,ACE,CE,Federal Contract Tower,0,5,9,0,14,0,0,29,0,29,0,5,38,0,43,10,0,10,53
08/20/2018,DBQ,IA,ACE,CE,Federal Contract Tower,0,3,10,0,13,0,0,1,0,1,0,3,11,0,14,0,0,0,14
08/21/2018,DBQ,IA,ACE,CE,Federal Contract Tower,0,5,29,0,34,0,0,28,0,28,0,5,57,0,62,36,0,36,98
08/22/2018,DBQ,IA,ACE,CE,Federal Contract Tower,0,5,26,0,31,0,0,74,0,74,0,5,100,0,105,64,0,64,169
08/23/2018,DBQ,IA,ACE,CE,Federal Contract Tower,0,5,17,0,22,0,0,76,0,76,0,5,93,0,98,74,0,74,172
08/24/2018,DBQ,IA,ACE,CE,Federal Contract Tower,0,12,24,0,36,0,0,0,0,0,0,12,24,0,36,0,0,0,36
08/25/2018,DBQ,IA,ACE,CE,Federal Contract Tower,0,3,16,0,19,0,0,64,0,64,0,3,80,0,83,58,0,58,141
08/26/2018,DBQ,IA,ACE,CE,Federal Contract Tower,0,7,4,0,11,0,0,24,0,24,0,7,28,0,35,30,0,30,65
08/27/2018,DBQ,IA,ACE,CE,Federal Contract Tower,0,5,12,0,17,0,0,76,0,76,0,5,88,0,93,30,0,30,123
08/28/2018,DBQ,IA,ACE,CE,Federal Contract Tower,0,2,25,0,27,0,0,56,0,56,0,2,81,0,83,76,0,76,159
08/29/2018,DBQ,IA,ACE,CE,Federal Contract Tower,0,5,30,1,36,0,0,123,2,125,0,5,153,3,161,238,0,238,399
08/30/2018,DBQ,IA,ACE,CE,Federal Contract Tower,0,8,35,0,43,0,0,77,0,77,0,8,112,0,120,126,0,126,246
08/31/2018,DBQ,IA,ACE,CE,Federal Contract Tower,0,6,30,2,38,0,0,115,2,117,0,6,145,4,155,156,0,156,311
09/01/2018,DBQ,IA,ACE,CE,Federal Contract Tower,0,2,4,0,6,0,0,8,0,8,0,2,12,0,14,0,0,0,14
09/02/2018,DBQ,IA,ACE,CE,Federal Contract Tower,0,5,9,0,14,0,0,3,0,3,0,5,12,0,17,0,0,0,17
09/03/2018,DBQ,IA,ACE,CE,Federal Contract Tower,0,5,18,0,23,0,2,0,0,2,0,7,18,0,25,0,0,0,25
09/04/2018,DBQ,IA,ACE,CE,Federal Contract Tower,0,5,9,0,14,0,0,103,0,103,0,5,112,0,117,84,0,84,201
09/05/2018,DBQ,IA,ACE,CE,Federal Contract Tower,0,7,14,0,21,0,0,0,0,0,0,7,14,0,21,0,0,0,21
09/06/2018,DBQ,IA,ACE,CE,Federal Contract Tower,0,5,24,0,29,0,0,61,0,61,0,5,85,0,90,44,0,44,134
09/07/2018,DBQ,IA,ACE,CE,Federal Contract Tower,0,5,23,0,28,0,0,141,0,141,0,5,164,0,169,160,0,160,329
09/08/2018,DBQ,IA,ACE,CE,Federal Contract Tower,0,4,14,6,24,0,0,73,2,75,0,4,87,8,99,32,10,42,141
09/09/2018,DBQ,IA,ACE,CE,Federal Contract Tower,0,6,22,0,28,0,0,196,0,196,0,6,218,0,224,28,0,28,252
09/10/2018,DBQ,IA,ACE,CE,Federal Contract Tower,0,5,20,0,25,0,0,150,0,150,0,5,170,0,175,164,0,164,339
09/11/2018,DBQ,IA,ACE,CE,Federal Contract Tower,0,5,38,0,43,0,0,150,0,150,0,5,188,0,193,176,0,176,369
09/12/2018,DBQ,IA,ACE,CE,Federal Contract Tower,0,7,24,0,31,0,0,113,0,113,0,7,137,0,144,164,0,164,308
09/13/2018,DBQ,IA,ACE,CE,Federal Contract Tower,0,5,25,0,30,0,0,138,0,138,0,5,163,0,168,122,0,122,290
09/14/2018,DBQ,IA,ACE,CE,Federal Contract Tower,0,5,21,0,26,0,0,118,0,118,0,5,139,0,144,103,0,103,247
09/15/2018,DBQ,IA,ACE,CE,Federal Contract Tower,0,5,17,0,22,0,0,74,0,74,0,5,91,0,96,104,0,104,200
09/16/2018,DBQ,IA,ACE,CE,Federal Contract Tower,0,5,27,0,32,0,0,56,0,56,0,5,83,0,88,84,0,84,172
09/17/2018,DBQ,IA,ACE,CE,Federal Contract Tower,0,5,18,0,23,0,0,113,2,115,0,5,131,2,138,144,0,144,282
09/18/2018,DBQ,IA,ACE,CE,Federal Contract Tower,0,4,16,0,20,0,0,14,0,14,0,4,30,0,34,46,0,46,80
09/19/2018,DBQ,IA,ACE,CE,Federal Contract Tower,0,6,12,0,18,0,0,9,0,9,0,6,21,0,27,18,0,18,45
09/20/2018,DBQ,IA,ACE,CE,Federal Contract Tower,0,9,16,0,25,0,0,26,0,26,0,9,42,0,51,74,0,74,125
09/21/2018,DBQ,IA,ACE,CE,Federal Contract Tower,0,6,32,0,38,0,0,29,0,29,0,6,61,0,67,102,0,102,169
09/22/2018,DBQ,IA,ACE,CE,Federal Contract Tower,0,5,14,0,19,0,0,84,0,84,0,5,98,0,103,128,0,128,231
09/23/2018,DBQ,IA,ACE,CE,Federal Contract Tower,0,5,10,0,15,0,0,39,0,39,0,5,49,0,54,46,0,46,100
09/24/2018,DBQ,IA,ACE,CE,Federal Contract Tower,0,5,20,0,25,0,0,143,0,143,0,5,163,0,168,184,0,184,352
09/25/2018,DBQ,IA,ACE,CE,Federal Contract Tower,0,5,12,0,17,0,0,0,0,0,0,5,12,0,17,0,0,0,17
09/26/2018,DBQ,IA,ACE,CE,Federal Contract Tower,0,6,31,0,37,0,0,115,0,115,0,6,146,0,152,222,0,222,374
09/27/2018,DBQ,IA,ACE,CE,Federal Contract Tower,0,5,11,0,16,0,0,117,20,137,0,5,128,20,153,114,0,114,267
09/28/2018,DBQ,IA,ACE,CE,Federal Contract Tower,0,5,26,0,31,0,0,82,0,82,0,5,108,0,113,196,0,196,309
09/29/2018,DBQ,IA,ACE,CE,Federal Contract Tower,0,5,13,0,18,0,0,82,0,82,0,5,95,0,100,138,0,138,238
09/30/2018,DBQ,IA,ACE,CE,Federal Contract Tower,0,5,15,0,20,0,0,0,0,0,0,5,15,0,20,0,0,0,20
10/01/2018,DBQ,IA,ACE,CE,Federal Contract Tower,0,9,8,0,17,0,0,0,0,0,0,9,8,0,17,0,0,0,17
10/02/2018,DBQ,IA,ACE,CE,Federal Contract Tower,0,5,27,0,32,0,0,0,0,0,0,5,27,0,32,0,0,0,32
10/03/2018,DBQ,IA,ACE,CE,Federal Contract Tower,0,7,19,0,26,0,0,50,0,50,0,7,69,0,76,48,0,48,124
10/04/2018,DBQ,IA,ACE,CE,Federal Contract Tower,0,9,37,0,46,0,0,172,0,172,0,9,209,0,218,0,0,0,218
10/05/2018,DBQ,IA,ACE,CE,Federal Contract Tower,0,5,21,0,26,0,0,0,0,0,0,5,21,0,26,0,0,0,26
10/06/2018,DBQ,IA,ACE,CE,Federal Contract Tower,0,5,24,0,29,0,0,2,0,2,0,5,26,0,31,2,0,2,33
10/07/2018,DBQ,IA,ACE,CE,Federal Contract Tower,2,7,7,0,16,0,0,0,0,0,2,7,7,0,16,0,0,0,16
10/08/2018,DBQ,IA,ACE,CE,Federal Contract Tower,0,9,30,0,39,0,0,17,0,17,0,9,47,0,56,58,0,58,114
10/09/2018,DBQ,IA,ACE,CE,Federal Contract Tower,0,6,19,0,25,0,0,47,0,47,0,6,66,0,72,154,0,154,226
10/10/2018,DBQ,IA,ACE,CE,Federal Contract Tower,0,6,44,0,50,0,0,11,1,12,0,6,55,1,62,12,0,12,74
10/11/2018,DBQ,IA,ACE,CE,Federal Contract Tower,0,11,17,0,28,0,0,77,0,77,0,11,94,0,105,228,0,228,333
10/12/2018,DBQ,IA,ACE,CE,Federal Contract Tower,0,7,20,0,27,0,0,70,0,70,0,7,90,0,97,120,0,120,217
10/13/2018,DBQ,IA,ACE,CE,Federal Contract Tower,0,3,11,0,14,0,0,12,0,12,0,3,23,0,26,22,0,22,48
10/14/2018,DBQ,IA,ACE,CE,Federal Contract Tower,0,9,11,0,20,0,0,0,0,0,0,9,11,0,20,0,0,0,20
10/15/2018,DBQ,IA,ACE,CE,Federal Contract Tower,0,5,29,0,34,0,0,77,0,77,0,5,106,0,111,132,0,132,243
10/16/2018,DBQ,IA,ACE,CE,Federal Contract Tower,0,5,15,0,20,0,0,89,0,89,0,5,104,0,109,98,0,98,207
10/17/2018,DBQ,IA,ACE,CE,Federal Contract Tower,0,4,18,0,22,0,0,141,0,141,0,4,159,0,163,252,0,252,415
10/18/2018,DBQ,IA,ACE,CE,Federal Contract Tower,0,7,12,1,20,0,0,144,0,144,0,7,156,1,164,200,0,200,364
10/19/2018,DBQ,IA,ACE,CE,Federal Contract Tower,0,7,22,2,31,0,0,78,0,78,0,7,100,2,109,142,0,142,251
10/20/2018,DBQ,IA,ACE,CE,Federal Contract Tower,0,7,2,0,9,0,0,10,0,10,0,7,12,0,19,36,0,36,55
10/21/2018,DBQ,IA,ACE,CE,Federal Contract Tower,0,5,15,0,20,0,0,38,0,38,0,5,53,0,58,8,0,8,66
10/22/2018,DBQ,IA,ACE,CE,Federal Contract Tower,0,5,37,0,42,0,0,155,0,155,0,5,192,0,197,254,0,254,451
10/23/2018,DBQ,IA,ACE,CE,Federal Contract Tower,0,5,23,0,28,0,0,149,0,149,0,5,172,0,177,236,4,240,417
10/24/2018,DBQ,IA,ACE,CE,Federal Contract Tower,0,5,29,0,34,0,0,163,0,163,0,5,192,0,197,176,0,176,373
10/25/2018,DBQ,IA,ACE,CE,Federal Contract Tower,0,10,20,0,30,0,0,124,1,125,0,10,144,1,155,170,0,170,325
10/26/2018,DBQ,IA,ACE,CE,Federal Contract Tower,0,6,21,0,27,0,0,106,0,106,0,6,127,0,133,294,0,294,427
10/27/2018,DBQ,IA,ACE,CE,Federal Contract Tower,0,3,20,0,23,0,0,54,0,54,0,3,74,0,77,92,0,92,169
10/28/2018,DBQ,IA,ACE,CE,Federal Contract Tower,0,10,13,0,23,0,0,4,0,4,0,10,17,0,27,8,0,8,35
10/29/2018,DBQ,IA,ACE,CE,Federal Contract Tower,0,5,24,0,29,0,2,154,0,156,0,7,178,0,185,308,0,308,493
10/30/2018,DBQ,IA,ACE,CE,Federal Contract Tower,0,3,14,0,17,0,0,70,0,70,0,3,84,0,87,110,0,110,197
10/31/2018,DBQ,IA,ACE,CE,Federal Contract Tower,0,5,19,1,25,0,0,130,0,130,0,5,149,1,155,198,0,198,353
11/01/2018,DBQ,IA,ACE,CE,Federal Contract Tower,0,3,19,0,22,0,0,132,0,132,0,3,151,0,154,216,0,216,370
11/02/2018,DBQ,IA,ACE,CE,Federal Contract Tower,0,5,16,0,21,0,0,147,0,147,0,5,163,0,168,170,4,174,342
11/03/2018,DBQ,IA,ACE,CE,Federal Contract Tower,0,6,6,0,12,0,0,36,0,36,0,6,42,0,48,206,0,206,254
11/04/2018,DBQ,IA,ACE,CE,Federal Contract Tower,0,5,10,0,15,0,0,0,0,0,0,5,10,0,15,0,0,0,15
11/05/2018,DBQ,IA,ACE,CE,Federal Contract Tower,0,6,11,0,17,0,2,10,0,12,0,8,21,0,29,32,0,32,61
11/06/2018,DBQ,IA,ACE,CE,Federal Contract Tower,0,5,20,0,25,0,0,0,0,0,0,5,20,0,25,0,0,0,25
11/07/2018,DBQ,IA,ACE,CE,Federal Contract Tower,0,5,19,0,24,0,0,20,0,20,0,5,39,0,44,148,0,148,192
11/08/2018,DBQ,IA,ACE,CE,Federal Contract Tower,2,5,12,0,19,0,0,29,0,29,2,5,41,0,48,346,0,346,394
11/09/2018,DBQ,IA,ACE,CE,Federal Contract Tower,0,5,8,0,13,0,0,46,0,46,0,5,54,0,59,172,0,172,231
11/10/2018,DBQ,IA,ACE,CE,Federal Contract Tower,0,4,16,0,20,0,0,67,0,67,0,4,83,0,87,158,0,158,245
11/11/2018,DBQ,IA,ACE,CE,Federal Contract Tower,0,5,19,0,24,0,0,35,0,35,0,5,54,0,59,40,0,40,99
11/12/2018,DBQ,IA,ACE,CE,Federal Contract Tower,3,8,26,0,37,0,0,77,0,77,3,8,103,0,114,236,0,236,350
11/13/2018,DBQ,IA,ACE,CE,Federal Contract Tower,0,5,24,0,29,0,0,118,0,118,0,5,142,0,147,262,0,262,409
11/14/2018,DBQ,IA,ACE,CE,Federal Contract Tower,0,6,24,0,30,0,0,123,0,123,0,6,147,0,153,226,0,226,379
11/15/2018,DBQ,IA,ACE,CE,Federal Contract Tower,0,5,17,0,22,0,0,130,0,130,0,5,147,0,152,234,0,234,386
11/16/2018,DBQ,IA,ACE,CE,Federal Contract Tower,0,6,14,0,20,0,0,20,0,20,0,6,34,0,40,134,0,134,174
11/17/2018,DBQ,IA,ACE,CE,Federal Contract Tower,0,5,11,0,16,0,0,8,0,8,0,5,19,0,24,36,0,36,60
11/18/2018,DBQ,IA,ACE,CE,Federal Contract Tower,0,8,22,0,30,0,0,53,0,53,0,8,75,0,83,56,0,56,139
11/19/2018,DBQ,IA,ACE,CE,Federal Contract Tower,0,7,36,0,43,0,0,60,0,60,0,7,96,0,103,154,0,154,257
11/20/2018,DBQ,IA,ACE,CE,Federal Contract Tower,0,4,19,0,23,0,0,65,0,65,0,4,84,0,88,106,0,106,194
11/21/2018,DBQ,IA,ACE,CE,Federal Contract Tower,0,5,20,0,25,0,0,32,0,32,0,5,52,0,57,50,0,50,107
11/22/2018,DBQ,IA,ACE,CE,Federal Contract Tower,0,2,4,0,6,0,0,6,0,6,0,2,10,0,12,8,0,8,20
11/23/2018,DBQ,IA,ACE,CE,Federal Contract Tower,0,2,4,0,6,0,0,0,0,0,0,2,4,0,6,0,0,0,6
11/24/2018,DBQ,IA,ACE,CE,Federal Contract Tower,0,6,2,0,8,0,0,0,0,0,0,6,2,0,8,0,0,0,8
11/25/2018,DBQ,IA,ACE,CE,Federal Contract Tower,0,6,3,0,9,0,0,0,0,0,0,6,3,0,9,0,0,0,9
11/26/2018,DBQ,IA,ACE,CE,Federal Contract Tower,0,1,9,0,10,0,0,39,0,39,0,1,48,0,49,344,0,344,393
11/27/2018,DBQ,IA,ACE,CE,Federal Contract Tower,0,5,23,0,28,0,0,124,0,124,0,5,147,0,152,202,0,202,354
11/28/2018,DBQ,IA,ACE,CE,Federal Contract Tower,0,5,28,0,33,0,0,108,0,108,0,5,136,0,141,178,0,178,319
11/29/2018,DBQ,IA,ACE,CE,Federal Contract Tower,0,5,13,0,18,0,0,91,0,91,0,5,104,0,109,224,0,224,333
11/30/2018,DBQ,IA,ACE,CE,Federal Contract Tower,0,5,20,0,25,0,0,80,0,80,0,5,100,0,105,252,0,252,357
12/01/2018,DBQ,IA,ACE,CE,Federal Contract Tower,0,3,4,0,7,0,0,0,0,0,0,3,4,0,7,0,0,0,7
12/02/2018,DBQ,IA,ACE,CE,Federal Contract Tower,0,4,4,0,8,0,0,0,0,0,0,4,4,0,8,0,0,0,8
12/03/2018,DBQ,IA,ACE,CE,Federal Contract Tower,0,3,9,0,12,0,0,20,0,20,0,3,29,0,32,76,0,76,108
12/04/2018,DBQ,IA,ACE,CE,Federal Contract Tower,0,6,16,0,22,0,0,11,0,11,0,6,27,0,33,72,0,72,105
12/05/2018,DBQ,IA,ACE,CE,Federal Contract Tower,0,6,17,0,23,0,0,56,0,56,0,6,73,0,79,280,0,280,359
12/06/2018,DBQ,IA,ACE,CE,Federal Contract Tower,0,5,21,0,26,0,0,126,0,126,0,5,147,0,152,236,0,236,388
12/07/2018,DBQ,IA,ACE,CE,Federal Contract Tower,0,5,23,1,29,0,0,124,2,126,0,5,147,3,155,258,0,258,413
12/08/2018,DBQ,IA,ACE,CE,Federal Contract Tower,0,3,9,0,12,0,0,67,0,67,0,3,76,0,79,108,0,108,187
12/09/2018,DBQ,IA,ACE,CE,Federal Contract Tower,0,5,22,0,27,0,0,39,0,39,0,5,61,0,66,26,0,26,92
12/10/2018,DBQ,IA,ACE,CE,Federal Contract Tower,0,6,26,0,32,0,0,62,0,62,0,6,88,0,94,120,0,120,214
12/11/2018,DBQ,IA,ACE,CE,Federal Contract Tower,0,6,19,2,27,0,0,61,0,61,0,6,80,2,88,236,0,236,324
12/12/2018,DBQ,IA,ACE,CE,Federal Contract Tower,0,5,8,0,13,0,0,1,0,1,0,5,9,0,14,2,0,2,16
12/13/2018,DBQ,IA,ACE,CE,Federal Contract Tower,0,7,11,2,20,0,0,19,0,19,0,7,30,2,39,58,0,58,97
12/14/2018,DBQ,IA,ACE,CE,Federal Contract Tower,0,5,16,1,22,0,0,9,1,10,0,5,25,2,32,6,0,6,38
12/15/2018,DBQ,IA,ACE,CE,Federal Contract Tower,0,3,21,0,24,0,0,0,0,0,0,3,21,0,24,66,0,66,90
12/16/2018,DBQ,IA,ACE,CE,Federal Contract Tower,0,6,9,0,15,0,0,34,0,34,0,6,43,0,49,26,0,26,75
12/17/2018,DBQ,IA,ACE,CE,Federal Contract Tower,0,8,36,0,44,0,0,87,0,87,0,8,123,0,131,168,0,168,299
12/18/2018,DBQ,IA,ACE,CE,Federal Contract Tower,2,7,31,0,40,0,0,71,0,71,2,7,102,0,111,58,0,58,169
12/19/2018,DBQ,IA,ACE,CE,Federal Contract Tower,0,7,30,1,38,0,0,34,0,34,0,7,64,1,72,46,0,46,118
12/20/2018,DBQ,IA,ACE,CE,Federal Contract Tower,0,5,26,0,31,0,0,1,0,1,0,5,27,0,32,0,0,0,32
12/21/2018,DBQ,IA,ACE,CE,Federal Contract Tower,0,8,9,0,17,0,0,7,0,7,0,8,16,0,24,14,0,14,38
12/22/2018,DBQ,IA,ACE,CE,Federal Contract Tower,0,6,7,0,13,0,0,0,0,0,0,6,7,0,13,0,0,0,13
12/23/2018,DBQ,IA,ACE,CE,Federal Contract Tower,0,5,3,0,8,0,0,16,0,16,0,5,19,0,24,8,0,8,32
12/24/2018,DBQ,IA,ACE,CE,Federal Contract Tower,0,7,5,0,12,0,0,21,0,21,0,7,26,0,33,2,0,2,35
12/25/2018,DBQ,IA,ACE,CE,Federal Contract Tower,0,6,0,0,6,0,0,6,0,6,0,6,6,0,12,0,0,0,12
12/26/2018,DBQ,IA,ACE,CE,Federal Contract Tower,0,5,6,0,11,0,0,11,0,11,0,5,17,0,22,32,0,32,54
12/27/2018,DBQ,IA,ACE,CE,Federal Contract Tower,0,5,10,0,15,0,0,0,0,0,0,5,10,0,15,0,0,0,15
12/28/2018,DBQ,IA,ACE,CE,Federal Contract Tower,0,5,4,0,9,0,0,1,0,1,0,5,5,0,10,0,0,0,10
12/29/2018,DBQ,IA,ACE,CE,Federal Contract Tower,0,5,3,0,8,0,0,4,0,4,0,5,7,0,12,18,0,18,30
12/30/2018,DBQ,IA,ACE,CE,Federal Contract Tower,0,5,15,0,20,0,1,12,0,13,0,6,27,0,33,8,0,8,41
01/01/2019,DBQ,IA,ACE,CE,Federal Contract Tower,0,5,3,0,8,0,0,2,0,2,0,5,5,0,10,0,0,0,10
01/02/2019,DBQ,IA,ACE,CE,Federal Contract Tower,0,5,7,0,12,0,0,2,0,2,0,5,9,0,14,0,0,0,14
01/03/2019,DBQ,IA,ACE,CE,Federal Contract Tower,0,5,11,0,16,0,0,23,0,23,0,5,34,0,39,36,0,36,75
01/04/2019,DBQ,IA,ACE,CE,Federal Contract Tower,0,5,17,0,22,0,0,47,0,47,0,5,64,0,69,32,0,32,101
01/05/2019,DBQ,IA,ACE,CE,Federal Contract Tower,0,7,12,0,19,0,0,44,0,44,0,7,56,0,63,20,0,20,83
01/06/2019,DBQ,IA,ACE,CE,Federal Contract Tower,0,7,7,0,14,0,0,7,0,7,0,7,14,0,21,2,0,2,23
01/07/2019,DBQ,IA,ACE,CE,Federal Contract Tower,0,6,5,0,11,0,0,0,0,0,0,6,5,0,11,0,0,0,11
01/08/2019,DBQ,IA,ACE,CE,Federal Contract Tower,2,5,9,0,16,0,0,2,0,2,2,5,11,0,18,12,0,12,30
01/09/2019,DBQ,IA,ACE,CE,Federal Contract Tower,0,4,18,0,22,0,0,77,0,77,0,4,95,0,99,248,0,248,347
01/10/2019,DBQ,IA,ACE,CE,Federal Contract Tower,0,7,20,0,27,0,0,124,0,124,0,7,144,0,151,260,0,260,411
01/11/2019,DBQ,IA,ACE,CE,Federal Contract Tower,0,5,21,0,26,0,0,78,0,78,0,5,99,0,104,218,0,218,322
01/12/2019,DBQ,IA,ACE,CE,Federal Contract Tower,0,2,8,0,10,0,0,0,0,0,0,2,8,0,10,0,0,0,10
01/13/2019,DBQ,IA,ACE,CE,Federal Contract Tower,0,5,12,0,17,0,0,4,0,4,0,5,16,0,21,0,0,0,21
01/14/2019,DBQ,IA,ACE,CE,Federal Contract Tower,0,6,14,0,20,0,0,0,0,0,0,6,14,0,20,0,0,0,20
01/15/2019,DBQ,IA,ACE,CE,Federal Contract Tower,0,5,12,0,17,0,0,0,0,0,0,5,12,0,17,0,0,0,17
01/16/2019,DBQ,IA,ACE,CE,Federal Contract Tower,0,5,23,0,28,0,0,102,0,102,0,5,125,0,130,320,0,320,450
01/17/2019,DBQ,IA,ACE,CE,Federal Contract Tower,0,5,19,0,24,0,0,1,0,1,0,5,20,0,25,0,0,0,25
01/18/2019,DBQ,IA,ACE,CE,Federal Contract Tower,0,5,13,0,18,0,0,15,0,15,0,5,28,0,33,128,0,128,161
01/19/2019,DBQ,IA,ACE,CE,Federal Contract Tower,0,2,4,0,6,0,0,4,0,4,0,2,8,0,10,2,0,2,12
01/20/2019,DBQ,IA,ACE,CE,Federal Contract Tower,0,7,25,0,32,0,0,21,0,21,0,7,46,0,53,34,0,34,87
01/22/2019,DBQ,IA,ACE,CE,Federal Contract Tower,0,2,5,0,7,0,0,1,0,1,0,2,6,0,8,0,0,0,8
01/23/2019,DBQ,IA,ACE,CE,Federal Contract Tower,0,4,10,0,14,0,0,9,0,9,0,4,19,0,23,8,0,8,31
01/24/2019,DBQ,IA,ACE,CE,Federal Contract Tower,0,6,28,0,34,0,0,0,0,0,0,6,28,0,34,0,0,0,34
01/25/2019,DBQ,IA,ACE,CE,Federal Contract Tower,0,7,14,0,21,0,0,2,0,2,0,7,16,0,23,2,0,2,25
01/26/2019,DBQ,IA,ACE,CE,Federal Contract Tower,0,4,4,0,8,0,0,0,0,0,0,4,4,0,8,0,0,0,8
01/27/2019,DBQ,IA,ACE,CE,Federal Contract Tower,0,5,2,0,7,0,0,7,0,7,0,5,9,0,14,8,0,8,22
01/28/2019,DBQ,IA,ACE,CE,Federal Contract Tower,0,0,8,0,8,0,0,0,0,0,0,0,8,0,8,24,0,24,32
01/29/2019,DBQ,IA,ACE,CE,Federal Contract Tower,0,5,14,0,19,0,0,6,0,6,0,5,20,0,25,0,0,0,25
01/30/2019,DBQ,IA,ACE,CE,Federal Contract Tower,0,3,7,0,10,0,0,2,0,2,0,3,9,0,12,0,0,0,12
01/31/2019,DBQ,IA,ACE,CE,Federal Contract Tower,0,0,12,0,12,0,0,1,0,1,0,0,13,0,13,0,0,0,13
02/01/2019,DBQ,IA,ACE,CE,Federal Contract Tower,0,4,20,0,24,0,0,73,0,73,0,4,93,0,97,118,4,122,219
02/02/2019,DBQ,IA,ACE,CE,Federal Contract Tower,0,3,1,0,4,0,0,0,0,0,0,3,1,0,4,0,0,0,4
02/03/2019,DBQ,IA,ACE,CE,Federal Contract Tower,0,0,0,0,0,0,0,0,0,0,0,0,0,0,0,0,0,0,0
02/04/2019,DBQ,IA,ACE,CE,Federal Contract Tower,0,4,17,0,21,0,0,0,0,0,0,4,17,0,21,72,0,72,93
02/05/2019,DBQ,IA,ACE,CE,Federal Contract Tower,0,4,17,0,21,0,0,67,0,67,0,4,84,0,88,128,0,128,216
02/06/2019,DBQ,IA,ACE,CE,Federal Contract Tower,0,7,9,0,16,0,0,0,0,0,0,7,9,0,16,0,0,0,16
02/07/2019,DBQ,IA,ACE,CE,Federal Contract Tower,0,0,3,0,3,0,0,1,0,1,0,0,4,0,4,0,0,0,4
02/08/2019,DBQ,IA,ACE,CE,Federal Contract Tower,0,7,13,0,20,0,0,3,0,3,0,7,16,0,23,0,0,0,23
02/09/2019,DBQ,IA,ACE,CE,Federal Contract Tower,0,3,0,0,3,0,0,11,0,11,0,3,11,0,14,4,0,4,18
02/10/2019,DBQ,IA,ACE,CE,Federal Contract Tower,0,5,4,0,9,0,0,0,0,0,0,5,4,0,9,0,0,0,9
02/11/2019,DBQ,IA,ACE,CE,Federal Contract Tower,0,8,11,0,19,0,0,0,0,0,0,8,11,0,19,0,0,0,19
02/12/2019,DBQ,IA,ACE,CE,Federal Contract Tower,2,3,9,0,14,0,0,0,0,0,2,3,9,0,14,0,0,0,14
02/13/2019,DBQ,IA,ACE,CE,Federal Contract Tower,0,8,19,0,27,0,0,94,0,94,0,8,113,0,121,260,2,262,383
02/14/2019,DBQ,IA,ACE,CE,Federal Contract Tower,0,6,18,0,24,0,0,133,0,133,0,6,151,0,157,242,0,242,399
02/15/2019,DBQ,IA,ACE,CE,Federal Contract Tower,0,6,17,0,23,0,0,130,0,130,0,6,147,0,153,310,0,310,463
02/16/2019,DBQ,IA,ACE,CE,Federal Contract Tower,0,6,19,0,25,0,0,81,0,81,0,6,100,0,106,150,0,150,256
02/17/2019,DBQ,IA,ACE,CE,Federal Contract Tower,0,1,2,0,3,0,0,0,0,0,0,1,2,0,3,0,0,0,3
02/18/2019,DBQ,IA,ACE,CE,Federal Contract Tower,0,4,26,0,30,0,0,51,0,51,0,4,77,0,81,100,0,100,181
02/19/2019,DBQ,IA,ACE,CE,Federal Contract Tower,0,5,20,0,25,0,0,83,0,83,0,5,103,0,108,186,0,186,294
02/20/2019,DBQ,IA,ACE,CE,Federal Contract Tower,0,5,6,0,11,0,0,1,0,1,0,5,7,0,12,0,0,0,12
02/21/2019,DBQ,IA,ACE,CE,Federal Contract Tower,0,6,26,0,32,0,0,137,0,137,0,6,163,0,169,210,0,210,379
02/22/2019,DBQ,IA,ACE,CE,Federal Contract Tower,0,7,24,0,31,0,0,171,0,171,0,7,195,0,202,312,0,312,514
02/23/2019,DBQ,IA,ACE,CE,Federal Contract Tower,0,8,4,0,12,0,0,0,0,0,0,8,4,0,12,0,0,0,12
02/24/2019,DBQ,IA,ACE,CE,Federal Contract Tower,0,0,3,0,3,0,0,0,0,0,0,0,3,0,3,0,0,0,3
02/25/2019,DBQ,IA,ACE,CE,Federal Contract Tower,2,4,18,0,24,0,0,142,0,142,2,4,160,0,166,230,0,230,396
02/26/2019,DBQ,IA,ACE,CE,Federal Contract Tower,0,5,20,0,25,0,0,51,0,51,0,5,71,0,76,212,0,212,288
02/27/2019,DBQ,IA,ACE,CE,Federal Contract Tower,0,5,18,0,23,0,0,54,2,56,0,5,72,2,79,202,0,202,281
02/28/2019,DBQ,IA,ACE,CE,Federal Contract Tower,0,5,20,0,25,0,0,110,0,110,0,5,130,0,135,236,0,236,371
03/01/2019,DBQ,IA,ACE,CE,Federal Contract Tower,0,5,21,0,26,0,0,122,0,122,0,5,143,0,148,222,0,222,370
03/02/2019,DBQ,IA,ACE,CE,Federal Contract Tower,0,4,11,0,15,0,0,25,0,25,0,4,36,0,40,180,2,182,222
03/03/2019,DBQ,IA,ACE,CE,Federal Contract Tower,0,5,16,0,21,0,0,19,2,21,0,5,35,2,42,18,0,18,60
03/04/2019,DBQ,IA,ACE,CE,Federal Contract Tower,0,5,20,0,25,0,0,6,0,6,0,5,26,0,31,12,0,12,43
03/05/2019,DBQ,IA,ACE,CE,Federal Contract Tower,0,6,24,0,30,0,0,74,0,74,0,6,98,0,104,112,0,112,216
03/06/2019,DBQ,IA,ACE,CE,Federal Contract Tower,0,5,29,0,34,0,0,96,0,96,0,5,125,0,130,190,0,190,320
03/07/2019,DBQ,IA,ACE,CE,Federal Contract Tower,0,5,19,0,24,0,0,117,0,117,0,5,136,0,141,258,0,258,399
03/08/2019,DBQ,IA,ACE,CE,Federal Contract Tower,0,6,14,1,21,0,0,47,4,51,0,6,61,5,72,230,0,230,302
03/09/2019,DBQ,IA,ACE,CE,Federal Contract Tower,0,6,0,0,6,0,0,0,0,0,0,6,0,0,6,0,0,0,6
03/10/2019,DBQ,IA,ACE,CE,Federal Contract Tower,0,7,3,0,10,0,0,3,0,3,0,7,6,0,13,0,0,0,13
03/11/2019,DBQ,IA,ACE,CE,Federal Contract Tower,0,6,17,0,23,0,0,80,0,80,0,6,97,0,103,146,0,146,249
03/12/2019,DBQ,IA,ACE,CE,Federal Contract Tower,0,6,7,0,13,0,0,61,0,61,0,6,68,0,74,132,0,132,206
03/13/2019,DBQ,IA,ACE,CE,Federal Contract Tower,0,8,13,0,21,0,0,1,0,1,0,8,14,0,22,0,0,0,22
03/14/2019,DBQ,IA,ACE,CE,Federal Contract Tower,0,2,10,0,12,0,0,2,0,2,0,2,12,0,14,0,0,0,14
03/15/2019,DBQ,IA,ACE,CE,Federal Contract Tower,0,7,14,0,21,0,0,20,0,20,0,7,34,0,41,26,0,26,67
03/16/2019,DBQ,IA,ACE,CE,Federal Contract Tower,0,3,20,0,23,0,0,44,0,44,0,3,64,0,67,60,0,60,127
03/17/2019,DBQ,IA,ACE,CE,Federal Contract Tower,0,5,4,0,9,0,0,39,0,39,0,5,43,0,48,36,0,36,84
03/18/2019,DBQ,IA,ACE,CE,Federal Contract Tower,0,5,14,0,19,0,0,89,0,89,0,5,103,0,108,228,0,228,336
03/19/2019,DBQ,IA,ACE,CE,Federal Contract Tower,0,7,23,0,30,0,0,119,0,119,0,7,142,0,149,170,0,170,319
03/20/2019,DBQ,IA,ACE,CE,Federal Contract Tower,0,5,12,0,17,0,0,45,3,48,0,5,57,3,65,273,0,273,338
03/21/2019,DBQ,IA,ACE,CE,Federal Contract Tower,0,5,31,0,36,0,0,99,0,99,0,5,130,0,135,188,0,188,323
03/22/2019,DBQ,IA,ACE,CE,Federal Contract Tower,0,8,20,0,28,0,0,111,0,111,0,8,131,0,139,218,0,218,357
03/23/2019,DBQ,IA,ACE,CE,Federal Contract Tower,0,4,11,0,15,0,0,93,0,93,0,4,104,0,108,208,0,208,316
03/24/2019,DBQ,IA,ACE,CE,Federal Contract Tower,0,3,6,0,9,0,0,0,0,0,0,3,6,0,9,0,0,0,9
03/25/2019,DBQ,IA,ACE,CE,Federal Contract Tower,0,5,17,0,22,0,0,108,0,108,0,5,125,0,130,196,0,196,326
03/26/2019,DBQ,IA,ACE,CE,Federal Contract Tower,0,5,18,0,23,0,0,129,0,129,0,5,147,0,152,222,0,222,374
03/27/2019,DBQ,IA,ACE,CE,Federal Contract Tower,0,5,11,0,16,0,0,58,2,60,0,5,69,2,76,102,0,102,178
03/28/2019,DBQ,IA,ACE,CE,Federal Contract Tower,0,5,15,0,20,0,0,85,0,85,0,5,100,0,105,194,0,194,299
03/29/2019,DBQ,IA,ACE,CE,Federal Contract Tower,0,5,22,0,27,0,0,116,0,116,0,5,138,0,143,238,0,238,381
03/30/2019,DBQ,IA,ACE,CE,Federal Contract Tower,0,6,13,0,19,0,0,12,0,12,0,6,25,0,31,30,0,30,61
03/31/2019,DBQ,IA,ACE,CE,Federal Contract Tower,0,8,17,0,25,0,0,58,0,58,0,8,75,0,83,47,0,47,130
04/01/2019,DBQ,IA,ACE,CE,Federal Contract Tower,0,6,17,0,23,0,0,29,0,29,0,6,46,0,52,82,0,82,134
04/02/2019,DBQ,IA,ACE,CE,Federal Contract Tower,0,5,10,0,15,0,0,35,4,39,0,5,45,4,54,104,0,104,158
04/03/2019,DBQ,IA,ACE,CE,Federal Contract Tower,0,6,21,0,27,0,0,148,0,148,0,6,169,0,175,158,0,158,333
04/04/2019,DBQ,IA,ACE,CE,Federal Contract Tower,0,9,25,0,34,0,0,40,0,40,0,9,65,0,74,98,0,98,172
04/05/2019,DBQ,IA,ACE,CE,Federal Contract Tower,0,7,11,0,18,0,0,14,0,14,0,7,25,0,32,54,0,54,86
04/06/2019,DBQ,IA,ACE,CE,Federal Contract Tower,0,4,21,0,25,0,0,44,0,44,0,4,65,0,69,70,0,70,139
04/08/2019,DBQ,IA,ACE,CE,Federal Contract Tower,0,6,23,0,29,0,2,116,0,118,0,8,139,0,147,150,0,150,297
04/09/2019,DBQ,IA,ACE,CE,Federal Contract Tower,2,5,35,0,42,0,0,132,0,132,2,5,167,0,174,178,0,178,352
04/10/2019,DBQ,IA,ACE,CE,Federal Contract Tower,0,9,14,0,23,0,0,3,0,3,0,9,17,0,26,0,0,0,26
04/11/2019,DBQ,IA,ACE,CE,Federal Contract Tower,0,5,10,0,15,0,0,0,0,0,0,5,10,0,15,0,0,0,15
04/12/2019,DBQ,IA,ACE,CE,Federal Contract Tower,2,4,16,0,22,0,0,5,0,5,2,4,21,0,27,20,0,20,47
04/13/2019,DBQ,IA,ACE,CE,Federal Contract Tower,0,4,16,0,20,0,0,82,2,84,0,4,98,2,104,102,0,102,206
04/14/2019,DBQ,IA,ACE,CE,Federal Contract Tower,0,2,10,0,12,0,0,20,0,20,0,2,30,0,32,12,0,12,44
04/15/2019,DBQ,IA,ACE,CE,Federal Contract Tower,0,5,29,0,34,0,0,140,0,140,0,5,169,0,174,238,0,238,412
04/16/2019,DBQ,IA,ACE,CE,Federal Contract Tower,0,6,52,0,58,0,0,170,0,170,0,6,222,0,228,228,0,228,456
04/17/2019,DBQ,IA,ACE,CE,Federal Contract Tower,0,6,16,0,22,0,0,68,2,70,0,6,84,2,92,178,0,178,270
04/18/2019,DBQ,IA,ACE,CE,Federal Contract Tower,0,5,7,0,12,0,0,9,0,9,0,5,16,0,21,122,0,122,143
04/19/2019,DBQ,IA,ACE,CE,Federal Contract Tower,0,7,25,0,32,0,0,43,0,43,0,7,68,0,75,28,0,28,103
04/20/2019,DBQ,IA,ACE,CE,Federal Contract Tower,0,4,5,0,9,0,0,66,0,66,0,4,71,0,75,46,0,46,121
04/21/2019,DBQ,IA,ACE,CE,Federal Contract Tower,0,4,4,0,8,0,0,17,0,17,0,4,21,0,25,8,0,8,33
04/22/2019,DBQ,IA,ACE,CE,Federal Contract Tower,0,5,15,0,20,0,0,40,0,40,0,5,55,0,60,86,0,86,146
04/23/2019,DBQ,IA,ACE,CE,Federal Contract Tower,0,5,29,0,34,0,0,77,0,77,0,5,106,0,111,280,0,280,391
04/24/2019,DBQ,IA,ACE,CE,Federal Contract Tower,0,8,35,0,43,0,0,115,2,117,0,8,150,2,160,170,0,170,330
04/25/2019,DBQ,IA,ACE,CE,Federal Contract Tower,0,6,20,0,26,0,0,22,0,22,0,6,42,0,48,54,0,54,102
04/26/2019,DBQ,IA,ACE,CE,Federal Contract Tower,0,7,18,0,25,0,0,82,0,82,0,7,100,0,107,50,0,50,157
04/27/2019,DBQ,IA,ACE,CE,Federal Contract Tower,0,5,4,0,9,0,0,0,0,0,0,5,4,0,9,0,0,0,9
04/28/2019,DBQ,IA,ACE,CE,Federal Contract Tower,0,7,7,0,14,0,0,45,0,45,0,7,52,0,59,52,0,52,111
04/29/2019,DBQ,IA,ACE,CE,Federal Contract Tower,0,7,18,0,25,0,0,7,0,7,0,7,25,0,32,22,0,22,54
04/30/2019,DBQ,IA,ACE,CE,Federal Contract Tower,0,5,18,0,23,0,0,0,0,0,0,5,18,0,23,0,0,0,23
05/01/2019,DBQ,IA,ACE,CE,Federal Contract Tower,0,10,27,0,37,0,0,4,0,4,0,10,31,0,41,26,0,26,67
05/02/2019,DBQ,IA,ACE,CE,Federal Contract Tower,0,7,38,0,45,0,1,34,0,35,0,8,72,0,80,126,0,126,206
05/03/2019,DBQ,IA,ACE,CE,Federal Contract Tower,0,6,44,0,50,0,0,136,0,136,0,6,180,0,186,206,0,206,392
05/04/2019,DBQ,IA,ACE,CE,Federal Contract Tower,0,2,13,0,15,0,0,122,0,122,0,2,135,0,137,202,0,202,339
05/05/2019,DBQ,IA,ACE,CE,Federal Contract Tower,0,6,8,0,14,0,0,24,0,24,0,6,32,0,38,16,0,16,54
05/06/2019,DBQ,IA,ACE,CE,Federal Contract Tower,0,6,19,0,25,0,0,20,0,20,0,6,39,0,45,50,0,50,95
05/07/2019,DBQ,IA,ACE,CE,Federal Contract Tower,0,4,21,0,25,0,0,153,2,155,0,4,174,2,180,206,0,206,386
05/08/2019,DBQ,IA,ACE,CE,Federal Contract Tower,0,7,17,0,24,0,0,1,0,1,0,7,18,0,25,0,0,0,25
05/09/2019,DBQ,IA,ACE,CE,Federal Contract Tower,0,5,16,0,21,0,0,2,0,2,0,5,18,0,23,8,0,8,31
05/10/2019,DBQ,IA,ACE,CE,Federal Contract Tower,0,5,25,0,30,0,0,133,0,133,0,5,158,0,163,172,0,172,335
05/11/2019,DBQ,IA,ACE,CE,Federal Contract Tower,0,4,13,0,17,0,0,37,0,37,0,4,50,0,54,88,0,88,142
05/12/2019,DBQ,IA,ACE,CE,Federal Contract Tower,0,7,6,0,13,0,0,11,0,11,0,7,17,0,24,8,0,8,32
05/13/2019,DBQ,IA,ACE,CE,Federal Contract Tower,0,5,32,0,37,0,0,101,0,101,0,5,133,0,138,168,0,168,306
05/14/2019,DBQ,IA,ACE,CE,Federal Contract Tower,0,5,26,0,31,0,0,107,0,107,0,5,133,0,138,188,0,188,326
05/15/2019,DBQ,IA,ACE,CE,Federal Contract Tower,0,5,24,0,29,0,0,112,0,112,0,5,136,0,141,110,0,110,251
05/16/2019,DBQ,IA,ACE,CE,Federal Contract Tower,0,5,37,0,42,0,0,51,0,51,0,5,88,0,93,48,0,48,141
05/17/2019,DBQ,IA,ACE,CE,Federal Contract Tower,0,8,18,0,26,0,0,20,0,20,0,8,38,0,46,44,0,44,90
05/18/2019,DBQ,IA,ACE,CE,Federal Contract Tower,0,8,8,0,16,0,0,4,0,4,0,8,12,0,20,6,0,6,26
05/19/2019,DBQ,IA,ACE,CE,Federal Contract Tower,0,5,14,0,19,0,0,0,0,0,0,5,14,0,19,0,0,0,19
05/20/2019,DBQ,IA,ACE,CE,Federal Contract Tower,0,9,35,0,44,0,0,74,0,74,0,9,109,0,118,54,0,54,172
05/21/2019,DBQ,IA,ACE,CE,Federal Contract Tower,0,3,14,0,17,0,0,8,0,8,0,3,22,0,25,24,0,24,49
05/22/2019,DBQ,IA,ACE,CE,Federal Contract Tower,0,6,23,0,29,0,0,5,0,5,0,6,28,0,34,0,0,0,34
05/23/2019,DBQ,IA,ACE,CE,Federal Contract Tower,0,6,25,0,31,0,0,78,0,78,0,6,103,0,109,78,0,78,187
05/24/2019,DBQ,IA,ACE,CE,Federal Contract Tower,0,6,12,0,18,0,0,7,0,7,0,6,19,0,25,6,0,6,31
05/25/2019,DBQ,IA,ACE,CE,Federal Contract Tower,0,5,6,0,11,0,0,8,0,8,0,5,14,0,19,2,0,2,21
05/26/2019,DBQ,IA,ACE,CE,Federal Contract Tower,0,5,5,0,10,0,0,25,0,25,0,5,30,0,35,0,0,0,35
05/27/2019,DBQ,IA,ACE,CE,Federal Contract Tower,0,3,9,0,12,0,0,1,0,1,0,3,10,0,13,0,0,0,13
05/28/2019,DBQ,IA,ACE,CE,Federal Contract Tower,0,7,15,0,22,0,0,2,0,2,0,7,17,0,24,18,0,18,42
05/29/2019,DBQ,IA,ACE,CE,Federal Contract Tower,0,7,16,2,25,0,0,2,0,2,0,7,18,2,27,0,0,0,27
05/30/2019,DBQ,IA,ACE,CE,Federal Contract Tower,0,5,12,0,17,0,0,17,0,17,0,5,29,0,34,42,0,42,76
05/31/2019,DBQ,IA,ACE,CE,Federal Contract Tower,0,5,23,0,28,0,0,89,0,89,0,5,112,0,117,114,0,114,231
06/01/2019,DBQ,IA,ACE,CE,Federal Contract Tower,0,4,4,0,8,0,0,41,0,41,0,4,45,0,49,28,0,28,77
06/02/2019,DBQ,IA,ACE,CE,Federal Contract Tower,0,5,15,0,20,0,0,40,0,40,0,5,55,0,60,20,0,20,80
06/03/2019,DBQ,IA,ACE,CE,Federal Contract Tower,0,4,26,0,30,0,0,139,0,139,0,4,165,0,169,108,0,108,277
06/04/2019,DBQ,IA,ACE,CE,Federal Contract Tower,0,7,17,0,24,0,0,54,0,54,0,7,71,0,78,118,0,118,196
06/05/2019,DBQ,IA,ACE,CE,Federal Contract Tower,0,7,13,0,20,0,0,111,4,115,0,7,124,4,135,86,0,86,221
06/06/2019,DBQ,IA,ACE,CE,Federal Contract Tower,0,6,30,0,36,0,0,70,0,70,0,6,100,0,106,94,0,94,200
06/07/2019,DBQ,IA,ACE,CE,Federal Contract Tower,0,5,33,0,38,0,0,73,0,73,0,5,106,0,111,130,0,130,241
06/08/2019,DBQ,IA,ACE,CE,Federal Contract Tower,0,4,12,0,16,0,0,36,0,36,0,4,48,0,52,30,0,30,82
06/09/2019,DBQ,IA,ACE,CE,Federal Contract Tower,0,5,14,0,19,0,0,9,0,9,0,5,23,0,28,6,0,6,34
06/10/2019,DBQ,IA,ACE,CE,Federal Contract Tower,0,5,18,0,23,0,0,74,0,74,0,5,92,0,97,92,0,92,189
06/11/2019,DBQ,IA,ACE,CE,Federal Contract Tower,0,5,22,0,27,0,0,81,0,81,0,5,103,0,108,96,0,96,204
06/12/2019,DBQ,IA,ACE,CE,Federal Contract Tower,0,8,28,0,36,0,0,22,0,22,0,8,50,0,58,16,0,16,74
06/13/2019,DBQ,IA,ACE,CE,Federal Contract Tower,0,9,27,0,36,0,0,109,0,109,0,9,136,0,145,100,0,100,245
06/14/2019,DBQ,IA,ACE,CE,Federal Contract Tower,0,6,17,0,23,0,0,18,0,18,0,6,35,0,41,12,0,12,53
06/15/2019,DBQ,IA,ACE,CE,Federal Contract Tower,0,4,4,0,8,0,0,8,0,8,0,4,12,0,16,18,0,18,34
06/16/2019,DBQ,IA,ACE,CE,Federal Contract Tower,0,5,8,0,13,0,0,0,0,0,0,5,8,0,13,0,0,0,13
06/17/2019,DBQ,IA,ACE,CE,Federal Contract Tower,0,5,26,0,31,0,0,4,0,4,0,5,30,0,35,88,0,88,123
06/18/2019,DBQ,IA,ACE,CE,Federal Contract Tower,0,7,16,0,23,0,0,70,0,70,0,7,86,0,93,150,0,150,243
06/19/2019,DBQ,IA,ACE,CE,Federal Contract Tower,0,5,42,0,47,0,0,21,2,23,0,5,63,2,70,60,0,60,130
06/20/2019,DBQ,IA,ACE,CE,Federal Contract Tower,0,8,25,0,33,0,0,114,0,114,0,8,139,0,147,112,0,112,259
06/21/2019,DBQ,IA,ACE,CE,Federal Contract Tower,0,8,17,0,25,0,0,36,0,36,0,8,53,0,61,134,0,134,195
06/22/2019,DBQ,IA,ACE,CE,Federal Contract Tower,0,3,8,0,11,0,0,25,0,25,0,3,33,0,36,16,0,16,52
06/23/2019,DBQ,IA,ACE,CE,Federal Contract Tower,0,5,13,0,18,0,0,3,0,3,0,5,16,0,21,0,0,0,21
06/24/2019,DBQ,IA,ACE,CE,Federal Contract Tower,0,6,19,0,25,0,0,7,0,7,0,6,26,0,32,56,0,56,88
06/25/2019,DBQ,IA,ACE,CE,Federal Contract Tower,0,8,33,0,41,0,0,111,0,111,0,8,144,0,152,193,0,193,345
06/26/2019,DBQ,IA,ACE,CE,Federal Contract Tower,0,5,17,0,22,0,0,129,0,129,0,5,146,0,151,188,0,188,339
06/27/2019,DBQ,IA,ACE,CE,Federal Contract Tower,0,6,30,0,36,0,0,98,0,98,0,6,128,0,134,146,0,146,280
06/28/2019,DBQ,IA,ACE,CE,Federal Contract Tower,0,6,13,0,19,0,0,33,0,33,0,6,46,0,52,118,0,118,170
06/29/2019,DBQ,IA,ACE,CE,Federal Contract Tower,0,6,19,0,25,0,0,30,0,30,0,6,49,0,55,36,0,36,91
06/30/2019,DBQ,IA,ACE,CE,Federal Contract Tower,0,5,4,0,9,0,0,15,0,15,0,5,19,0,24,2,0,2,26
07/01/2019,DBQ,IA,ACE,CE,Federal Contract Tower,0,5,25,1,31,0,0,42,6,48,0,5,67,7,79,140,0,140,219
07/02/2019,DBQ,IA,ACE,CE,Federal Contract Tower,0,4,17,0,21,0,0,168,10,178,0,4,185,10,199,192,0,192,391
07/03/2019,DBQ,IA,ACE,CE,Federal Contract Tower,0,9,13,0,22,0,0,70,9,79,0,9,83,9,101,110,0,110,211
07/04/2019,DBQ,IA,ACE,CE,Federal Contract Tower,0,3,6,0,9,0,1,13,3,17,0,4,19,3,26,0,0,0,26
07/05/2019,DBQ,IA,ACE,CE,Federal Contract Tower,0,5,13,0,18,0,0,24,0,24,0,5,37,0,42,4,0,4,46
07/06/2019,DBQ,IA,ACE,CE,Federal Contract Tower,0,6,10,0,16,0,0,5,0,5,0,6,15,0,21,0,0,0,21
07/07/2019,DBQ,IA,ACE,CE,Federal Contract Tower,2,6,10,0,18,0,0,15,0,15,2,6,25,0,33,4,0,4,37
07/08/2019,DBQ,IA,ACE,CE,Federal Contract Tower,0,7,29,0,36,0,2,138,0,140,0,9,167,0,176,106,0,106,282
07/09/2019,DBQ,IA,ACE,CE,Federal Contract Tower,0,5,32,0,37,0,1,114,0,115,0,6,146,0,152,192,0,192,344
07/10/2019,DBQ,IA,ACE,CE,Federal Contract Tower,0,5,20,0,25,0,1,50,2,53,0,6,70,2,78,166,0,166,244
07/11/2019,DBQ,IA,ACE,CE,Federal Contract Tower,0,5,32,0,37,0,0,44,4,48,0,5,76,4,85,266,0,266,351
07/12/2019,DBQ,IA,ACE,CE,Federal Contract Tower,2,6,14,0,22,0,0,81,0,81,2,6,95,0,103,144,0,144,247
07/13/2019,DBQ,IA,ACE,CE,Federal Contract Tower,1,4,8,0,13,0,0,27,0,27,1,4,35,0,40,58,0,58,98
07/14/2019,DBQ,IA,ACE,CE,Federal Contract Tower,0,6,10,0,16,0,0,33,0,33,0,6,43,0,49,72,0,72,121
07/15/2019,DBQ,IA,ACE,CE,Federal Contract Tower,0,8,15,0,23,0,0,85,0,85,0,8,100,0,108,238,0,238,346
07/16/2019,DBQ,IA,ACE,CE,Federal Contract Tower,0,12,16,0,28,0,0,33,0,33,0,12,49,0,61,192,0,192,253
07/17/2019,DBQ,IA,ACE,CE,Federal Contract Tower,0,5,12,0,17,0,0,98,0,98,0,5,110,0,115,96,0,96,211
07/18/2019,DBQ,IA,ACE,CE,Federal Contract Tower,0,4,25,0,29,0,0,153,0,153,0,4,178,0,182,92,0,92,274
07/19/2019,DBQ,IA,ACE,CE,Federal Contract Tower,0,9,22,0,31,0,0,293,0,293,0,9,315,0,324,54,0,54,378
07/20/2019,DBQ,IA,ACE,CE,Federal Contract Tower,0,7,20,0,27,0,0,273,2,275,0,7,293,2,302,68,0,68,370
07/21/2019,DBQ,IA,ACE,CE,Federal Contract Tower,0,9,26,0,35,0,0,69,0,69,0,9,95,0,104,0,0,0,104
07/22/2019,DBQ,IA,ACE,CE,Federal Contract Tower,0,6,22,0,28,0,0,82,0,82,0,6,104,0,110,90,0,90,200
07/23/2019,DBQ,IA,ACE,CE,Federal Contract Tower,0,5,34,0,39,0,0,79,0,79,0,5,113,0,118,202,0,202,320
07/24/2019,DBQ,IA,ACE,CE,Federal Contract Tower,0,7,28,0,35,0,0,103,0,103,0,7,131,0,138,148,0,148,286
07/25/2019,DBQ,IA,ACE,CE,Federal Contract Tower,0,5,32,0,37,0,0,86,0,86,0,5,118,0,123,256,0,256,379
07/26/2019,DBQ,IA,ACE,CE,Federal Contract Tower,0,5,18,0,23,0,0,67,0,67,0,5,85,0,90,214,0,214,304
07/27/2019,DBQ,IA,ACE,CE,Federal Contract Tower,0,4,8,0,12,0,0,21,0,21,0,4,29,0,33,6,0,6,39
07/28/2019,DBQ,IA,ACE,CE,Federal Contract Tower,0,5,13,0,18,0,0,27,0,27,0,5,40,0,45,4,0,4,49
07/29/2019,DBQ,IA,ACE,CE,Federal Contract Tower,0,6,24,0,30,0,0,88,0,88,0,6,112,0,118,178,0,178,296
07/30/2019,DBQ,IA,ACE,CE,Federal Contract Tower,0,5,25,0,30,0,0,74,0,74,0,5,99,0,104,146,0,146,250
07/31/2019,DBQ,IA,ACE,CE,Federal Contract Tower,0,7,23,0,30,0,0,77,0,77,0,7,100,0,107,112,0,112,219
08/01/2019,DBQ,IA,ACE,CE,Federal Contract Tower,0,4,25,0,29,0,0,76,0,76,0,4,101,0,105,88,0,88,193
08/02/2019,DBQ,IA,ACE,CE,Federal Contract Tower,0,5,32,0,37,0,0,79,0,79,0,5,111,0,116,143,0,143,259
08/03/2019,DBQ,IA,ACE,CE,Federal Contract Tower,0,7,10,0,17,0,0,34,0,34,0,7,44,0,51,24,0,24,75
08/04/2019,DBQ,IA,ACE,CE,Federal Contract Tower,0,5,13,0,18,0,0,35,0,35,0,5,48,0,53,12,0,12,65
08/05/2019,DBQ,IA,ACE,CE,Federal Contract Tower,0,5,25,0,30,0,0,55,0,55,0,5,80,0,85,110,0,110,195
08/06/2019,DBQ,IA,ACE,CE,Federal Contract Tower,0,5,25,0,30,0,0,46,0,46,0,5,71,0,76,204,0,204,280
08/07/2019,DBQ,IA,ACE,CE,Federal Contract Tower,0,5,18,0,23,0,0,72,0,72,0,5,90,0,95,186,0,186,281
08/08/2019,DBQ,IA,ACE,CE,Federal Contract Tower,0,9,22,0,31,0,0,18,0,18,0,9,40,0,49,18,0,18,67
08/09/2019,DBQ,IA,ACE,CE,Federal Contract Tower,0,8,17,0,25,0,0,33,0,33,0,8,50,0,58,36,0,36,94
08/10/2019,DBQ,IA,ACE,CE,Federal Contract Tower,0,4,14,0,18,0,0,20,0,20,0,4,34,0,38,14,0,14,52
08/11/2019,DBQ,IA,ACE,CE,Federal Contract Tower,0,6,11,0,17,0,0,7,0,7,0,6,18,0,24,4,0,4,28
08/12/2019,DBQ,IA,ACE,CE,Federal Contract Tower,0,3,11,0,14,0,0,0,0,0,0,3,11,0,14,0,0,0,14
08/13/2019,DBQ,IA,ACE,CE,Federal Contract Tower,0,3,23,0,26,0,0,18,0,18,0,3,41,0,44,8,0,8,52
08/14/2019,DBQ,IA,ACE,CE,Federal Contract Tower,0,7,26,0,33,0,0,14,2,16,0,7,40,2,49,10,0,10,59
08/15/2019,DBQ,IA,ACE,CE,Federal Contract Tower,0,4,18,0,22,0,0,75,0,75,0,4,93,0,97,148,0,148,245
08/16/2019,DBQ,IA,ACE,CE,Federal Contract Tower,0,6,27,0,33,0,0,28,0,28,0,6,55,0,61,34,0,34,95
08/17/2019,DBQ,IA,ACE,CE,Federal Contract Tower,0,5,12,0,17,0,0,15,0,15,0,5,27,0,32,10,0,10,42
08/18/2019,DBQ,IA,ACE,CE,Federal Contract Tower,0,6,11,0,17,0,0,9,0,9,0,6,20,0,26,26,0,26,52
08/19/2019,DBQ,IA,ACE,CE,Federal Contract Tower,0,7,23,0,30,0,0,72,0,72,0,7,95,0,102,138,0,138,240
08/20/2019,DBQ,IA,ACE,CE,Federal Contract Tower,0,4,16,0,20,0,0,21,0,21,0,4,37,0,41,68,0,68,109
08/21/2019,DBQ,IA,ACE,CE,Federal Contract Tower,0,4,25,0,29,0,1,42,0,43,0,5,67,0,72,134,0,134,206
08/22/2019,DBQ,IA,ACE,CE,Federal Contract Tower,0,5,16,0,21,0,0,97,0,97,0,5,113,0,118,198,0,198,316
08/23/2019,DBQ,IA,ACE,CE,Federal Contract Tower,2,4,22,0,28,0,0,107,0,107,2,4,129,0,135,140,0,140,275
08/24/2019,DBQ,IA,ACE,CE,Federal Contract Tower,0,6,23,0,29,0,0,80,0,80,0,6,103,0,109,112,0,112,221
08/25/2019,DBQ,IA,ACE,CE,Federal Contract Tower,0,7,13,0,20,0,0,24,0,24,0,7,37,0,44,18,0,18,62
08/26/2019,DBQ,IA,ACE,CE,Federal Contract Tower,0,5,14,0,19,0,0,0,0,0,0,5,14,0,19,0,0,0,19
08/27/2019,DBQ,IA,ACE,CE,Federal Contract Tower,2,9,29,0,40,0,0,94,0,94,2,9,123,0,134,124,0,124,258
08/28/2019,DBQ,IA,ACE,CE,Federal Contract Tower,0,7,26,0,33,0,0,90,2,92,0,7,116,2,125,142,0,142,267
08/29/2019,DBQ,IA,ACE,CE,Federal Contract Tower,0,8,19,0,27,0,2,62,0,64,0,10,81,0,91,112,0,112,203
08/30/2019,DBQ,IA,ACE,CE,Federal Contract Tower,0,7,27,0,34,0,0,135,0,135,0,7,162,0,169,162,0,162,331
08/31/2019,DBQ,IA,ACE,CE,Federal Contract Tower,0,9,12,0,21,0,0,67,0,67,0,9,79,0,88,92,0,92,180
09/01/2019,DBQ,IA,ACE,CE,Federal Contract Tower,0,4,7,0,11,0,0,6,0,6,0,4,13,0,17,0,0,0,17
09/02/2019,DBQ,IA,ACE,CE,Federal Contract Tower,0,7,11,0,18,0,0,12,0,12,0,7,23,0,30,12,0,12,42
09/03/2019,DBQ,IA,ACE,CE,Federal Contract Tower,0,9,18,0,27,0,0,25,0,25,0,9,43,0,52,128,0,128,180
09/04/2019,DBQ,IA,ACE,CE,Federal Contract Tower,0,5,23,0,28,0,0,119,0,119,0,5,142,0,147,255,0,255,402
09/05/2019,DBQ,IA,ACE,CE,Federal Contract Tower,0,5,27,0,32,0,0,146,6,152,0,5,173,6,184,142,0,142,326
09/06/2019,DBQ,IA,ACE,CE,Federal Contract Tower,0,6,17,0,23,0,0,85,0,85,0,6,102,0,108,214,0,214,322
09/07/2019,DBQ,IA,ACE,CE,Federal Contract Tower,0,7,21,0,28,0,0,90,0,90,0,7,111,0,118,220,0,220,338
09/08/2019,DBQ,IA,ACE,CE,Federal Contract Tower,0,10,17,0,27,0,0,0,0,0,0,10,17,0,27,0,0,0,27
09/09/2019,DBQ,IA,ACE,CE,Federal Contract Tower,0,5,17,0,22,0,0,2,0,2,0,5,19,0,24,0,0,0,24
09/10/2019,DBQ,IA,ACE,CE,Federal Contract Tower,0,5,20,0,25,0,0,78,0,78,0,5,98,0,103,166,0,166,269
09/11/2019,DBQ,IA,ACE,CE,Federal Contract Tower,0,5,16,0,21,0,0,97,0,97,0,5,113,0,118,170,0,170,288
09/12/2019,DBQ,IA,ACE,CE,Federal Contract Tower,0,3,22,0,25,0,0,21,0,21,0,3,43,0,46,66,0,66,112
09/13/2019,DBQ,IA,ACE,CE,Federal Contract Tower,0,4,21,0,25,0,0,39,0,39,0,4,60,0,64,126,0,126,190
09/14/2019,DBQ,IA,ACE,CE,Federal Contract Tower,0,6,22,0,28,0,0,79,0,79,0,6,101,0,107,158,0,158,265
09/15/2019,DBQ,IA,ACE,CE,Federal Contract Tower,0,5,21,0,26,0,0,7,0,7,0,5,28,0,33,58,0,58,91
09/16/2019,DBQ,IA,ACE,CE,Federal Contract Tower,0,6,20,0,26,0,0,127,0,127,0,6,147,0,153,148,0,148,301
09/17/2019,DBQ,IA,ACE,CE,Federal Contract Tower,0,5,19,0,24,0,0,54,0,54,0,5,73,0,78,154,0,154,232
09/18/2019,DBQ,IA,ACE,CE,Federal Contract Tower,0,6,11,0,17,0,0,150,0,150,0,6,161,0,167,224,0,224,391
09/19/2019,DBQ,IA,ACE,CE,Federal Contract Tower,0,4,15,0,19,0,1,34,0,35,0,5,49,0,54,64,0,64,118
09/20/2019,DBQ,IA,ACE,CE,Federal Contract Tower,0,5,18,0,23,0,0,96,0,96,0,5,114,0,119,282,0,282,401
09/21/2019,DBQ,IA,ACE,CE,Federal Contract Tower,0,6,2,0,8,0,0,2,0,2,0,6,4,0,10,8,0,8,18
09/22/2019,DBQ,IA,ACE,CE,Federal Contract Tower,0,5,15,0,20,0,0,2,0,2,0,5,17,0,22,0,0,0,22
09/23/2019,DBQ,IA,ACE,CE,Federal Contract Tower,0,5,30,2,37,0,3,155,0,158,0,8,185,2,195,220,0,220,415
09/24/2019,DBQ,IA,ACE,CE,Federal Contract Tower,0,5,27,0,32,0,0,98,0,98,0,5,125,0,130,218,0,218,348
09/25/2019,DBQ,IA,ACE,CE,Federal Contract Tower,0,7,23,0,30,0,0,106,0,106,0,7,129,0,136,230,0,230,366
09/26/2019,DBQ,IA,ACE,CE,Federal Contract Tower,0,6,26,0,32,0,0,240,0,240,0,6,266,0,272,270,0,270,542
09/27/2019,DBQ,IA,ACE,CE,Federal Contract Tower,0,3,16,0,19,0,0,0,0,0,0,3,16,0,19,0,0,0,19
09/28/2019,DBQ,IA,ACE,CE,Federal Contract Tower,0,5,21,0,26,0,0,0,0,0,0,5,21,0,26,20,0,20,46
09/29/2019,DBQ,IA,ACE,CE,Federal Contract Tower,0,6,9,0,15,0,0,0,0,0,0,6,9,0,15,0,0,0,15
09/30/2019,DBQ,IA,ACE,CE,Federal Contract Tower,0,4,22,0,26,0,0,104,0,104,0,4,126,0,130,278,0,278,408
10/01/2019,DBQ,IA,ACE,CE,Federal Contract Tower,0,5,16,0,21,0,0,48,0,48,0,5,64,0,69,158,0,158,227
10/02/2019,DBQ,IA,ACE,CE,Federal Contract Tower,0,5,16,0,21,0,0,0,0,0,0,5,16,0,21,14,0,14,35
10/03/2019,DBQ,IA,ACE,CE,Federal Contract Tower,0,4,25,0,29,0,0,59,0,59,0,4,84,0,88,312,0,312,400
10/04/2019,DBQ,IA,ACE,CE,Federal Contract Tower,0,6,25,0,31,0,0,140,0,140,0,6,165,0,171,360,0,360,531
10/05/2019,DBQ,IA,ACE,CE,Federal Contract Tower,0,7,7,0,14,0,0,15,0,15,0,7,22,0,29,40,0,40,69
10/06/2019,DBQ,IA,ACE,CE,Federal Contract Tower,0,5,23,0,28,0,0,60,0,60,0,5,83,0,88,54,0,54,142
10/07/2019,DBQ,IA,ACE,CE,Federal Contract Tower,0,5,13,0,18,0,1,144,0,145,0,6,157,0,163,298,0,298,461
10/08/2019,DBQ,IA,ACE,CE,Federal Contract Tower,0,6,17,0,23,0,0,144,0,144,0,6,161,0,167,264,0,264,431
10/09/2019,DBQ,IA,ACE,CE,Federal Contract Tower,0,10,31,2,43,0,0,148,0,148,0,10,179,2,191,216,0,216,407
10/10/2019,DBQ,IA,ACE,CE,Federal Contract Tower,0,6,25,0,31,0,0,66,0,66,0,6,91,0,97,234,0,234,331
10/11/2019,DBQ,IA,ACE,CE,Federal Contract Tower,0,5,11,0,16,0,0,6,0,6,0,5,17,0,22,18,0,18,40
10/12/2019,DBQ,IA,ACE,CE,Federal Contract Tower,0,9,3,0,12,0,0,11,0,11,0,9,14,0,23,8,0,8,31
10/13/2019,DBQ,IA,ACE,CE,Federal Contract Tower,0,7,7,0,14,0,0,16,0,16,0,7,23,0,30,30,0,30,60
10/14/2019,DBQ,IA,ACE,CE,Federal Contract Tower,0,6,24,0,30,0,0,109,0,109,0,6,133,0,139,308,0,308,447
10/15/2019,DBQ,IA,ACE,CE,Federal Contract Tower,0,5,14,2,21,0,0,49,0,49,0,5,63,2,70,134,0,134,204
10/16/2019,DBQ,IA,ACE,CE,Federal Contract Tower,0,11,14,1,26,0,0,45,0,45,0,11,59,1,71,244,0,244,315
10/17/2019,DBQ,IA,ACE,CE,Federal Contract Tower,0,6,30,1,37,0,0,153,2,155,0,6,183,3,192,212,4,216,408
10/18/2019,DBQ,IA,ACE,CE,Federal Contract Tower,0,5,19,0,24,0,0,68,1,69,0,5,87,1,93,124,2,126,219
10/19/2019,DBQ,IA,ACE,CE,Federal Contract Tower,0,7,7,0,14,0,0,37,1,38,0,7,44,1,52,126,4,130,182
10/20/2019,DBQ,IA,ACE,CE,Federal Contract Tower,0,7,20,0,27,0,0,13,1,14,0,7,33,1,41,0,2,2,43
10/21/2019,DBQ,IA,ACE,CE,Federal Contract Tower,0,6,12,0,18,0,0,2,0,2,0,6,14,0,20,0,0,0,20
10/22/2019,DBQ,IA,ACE,CE,Federal Contract Tower,0,6,14,0,20,0,2,1,0,3,0,8,15,0,23,0,0,0,23
10/23/2019,DBQ,IA,ACE,CE,Federal Contract Tower,0,9,24,0,33,0,1,124,0,125,0,10,148,0,158,262,0,262,420
10/24/2019,DBQ,IA,ACE,CE,Federal Contract Tower,0,8,27,0,35,0,0,111,4,115,0,8,138,4,150,292,0,292,442
10/25/2019,DBQ,IA,ACE,CE,Federal Contract Tower,0,7,24,0,31,0,0,149,0,149,0,7,173,0,180,280,2,282,462
10/26/2019,DBQ,IA,ACE,CE,Federal Contract Tower,2,6,18,0,26,0,0,83,0,83,2,6,101,0,109,164,0,164,273
10/27/2019,DBQ,IA,ACE,CE,Federal Contract Tower,0,12,6,0,18,0,0,55,0,55,0,12,61,0,73,22,0,22,95
10/28/2019,DBQ,IA,ACE,CE,Federal Contract Tower,0,7,14,0,21,0,0,135,0,135,0,7,149,0,156,324,0,324,480
10/29/2019,DBQ,IA,ACE,CE,Federal Contract Tower,0,6,14,0,20,0,1,114,0,115,0,7,128,0,135,212,0,212,347
10/30/2019,DBQ,IA,ACE,CE,Federal Contract Tower,0,6,12,0,18,0,0,77,0,77,0,6,89,0,95,228,0,228,323
10/31/2019,DBQ,IA,ACE,CE,Federal Contract Tower,0,5,16,0,21,0,0,39,0,39,0,5,55,0,60,30,0,30,90
11/01/2019,DBQ,IA,ACE,CE,Federal Contract Tower,0,6,17,0,23,0,0,74,0,74,0,6,91,0,97,140,0,140,237
11/02/2019,DBQ,IA,ACE,CE,Federal Contract Tower,0,4,4,0,8,0,1,46,0,47,0,5,50,0,55,156,0,156,211
11/03/2019,DBQ,IA,ACE,CE,Federal Contract Tower,0,5,7,0,12,0,1,18,0,19,0,6,25,0,31,22,0,22,53
11/04/2019,DBQ,IA,ACE,CE,Federal Contract Tower,0,5,16,0,21,0,4,39,0,43,0,9,55,0,64,152,0,152,216
11/05/2019,DBQ,IA,ACE,CE,Federal Contract Tower,0,6,8,0,14,0,0,131,0,131,0,6,139,0,145,178,0,178,323
11/06/2019,DBQ,IA,ACE,CE,Federal Contract Tower,0,6,11,0,17,0,0,47,0,47,0,6,58,0,64,222,0,222,286
11/07/2019,DBQ,IA,ACE,CE,Federal Contract Tower,0,6,17,0,23,0,0,157,0,157,0,6,174,0,180,223,0,223,403
11/08/2019,DBQ,IA,ACE,CE,Federal Contract Tower,0,6,20,0,26,0,0,147,0,147,0,6,167,0,173,272,0,272,445
11/09/2019,DBQ,IA,ACE,CE,Federal Contract Tower,0,7,15,0,22,0,0,109,0,109,0,7,124,0,131,156,0,156,287
11/10/2019,DBQ,IA,ACE,CE,Federal Contract Tower,0,5,7,0,12,0,0,2,0,2,0,5,9,0,14,14,0,14,28
11/11/2019,DBQ,IA,ACE,CE,Federal Contract Tower,0,1,13,0,14,0,0,3,0,3,0,1,16,0,17,8,0,8,25
11/12/2019,DBQ,IA,ACE,CE,Federal Contract Tower,0,7,19,0,26,0,0,93,0,93,0,7,112,0,119,182,0,182,301
11/13/2019,DBQ,IA,ACE,CE,Federal Contract Tower,0,4,15,0,19,0,0,69,0,69,0,4,84,0,88,138,0,138,226
11/14/2019,DBQ,IA,ACE,CE,Federal Contract Tower,0,5,10,0,15,0,0,58,0,58,0,5,68,0,73,158,0,158,231
11/15/2019,DBQ,IA,ACE,CE,Federal Contract Tower,0,5,16,0,21,0,0,145,0,145,0,5,161,0,166,302,0,302,468
11/16/2019,DBQ,IA,ACE,CE,Federal Contract Tower,0,9,9,0,18,0,0,65,0,65,0,9,74,0,83,158,0,158,241
11/17/2019,DBQ,IA,ACE,CE,Federal Contract Tower,0,5,19,0,24,0,0,4,0,4,0,5,23,0,28,6,0,6,34
11/18/2019,DBQ,IA,ACE,CE,Federal Contract Tower,0,7,13,0,20,0,0,1,0,1,0,7,14,0,21,24,0,24,45
11/19/2019,DBQ,IA,ACE,CE,Federal Contract Tower,0,4,6,0,10,0,0,0,0,0,0,4,6,0,10,14,0,14,24
11/20/2019,DBQ,IA,ACE,CE,Federal Contract Tower,0,4,16,0,20,0,0,74,0,74,0,4,90,0,94,120,0,120,214
11/21/2019,DBQ,IA,ACE,CE,Federal Contract Tower,0,6,4,0,10,0,0,0,0,0,0,6,4,0,10,0,0,0,10
11/22/2019,DBQ,IA,ACE,CE,Federal Contract Tower,0,6,22,0,28,0,0,148,0,148,0,6,170,0,176,332,0,332,508
11/23/2019,DBQ,IA,ACE,CE,Federal Contract Tower,0,3,11,0,14,0,0,119,0,119,0,3,130,0,133,186,0,186,319
11/24/2019,DBQ,IA,ACE,CE,Federal Contract Tower,0,7,7,0,14,0,0,38,0,38,0,7,45,0,52,66,0,66,118
11/25/2019,DBQ,IA,ACE,CE,Federal Contract Tower,0,5,16,0,21,0,0,96,0,96,0,5,112,0,117,136,0,136,253
11/26/2019,DBQ,IA,ACE,CE,Federal Contract Tower,0,6,9,0,15,0,0,32,0,32,0,6,41,0,47,80,0,80,127
11/27/2019,DBQ,IA,ACE,CE,Federal Contract Tower,2,5,3,0,10,0,0,0,0,0,2,5,3,0,10,0,0,0,10
11/28/2019,DBQ,IA,ACE,CE,Federal Contract Tower,0,2,0,0,2,0,0,2,0,2,0,2,2,0,4,26,0,26,30
11/29/2019,DBQ,IA,ACE,CE,Federal Contract Tower,0,3,2,0,5,0,0,0,0,0,0,3,2,0,5,0,0,0,5
11/30/2019,DBQ,IA,ACE,CE,Federal Contract Tower,0,5,7,0,12,0,0,0,0,0,0,5,7,0,12,0,0,0,12
12/01/2019,DBQ,IA,ACE,CE,Federal Contract Tower,2,5,7,0,14,0,0,0,0,0,2,5,7,0,14,0,0,0,14
12/02/2019,DBQ,IA,ACE,CE,Federal Contract Tower,0,6,16,0,22,0,0,54,0,54,0,6,70,0,76,172,0,172,248
12/03/2019,DBQ,IA,ACE,CE,Federal Contract Tower,0,8,22,0,30,0,0,146,2,148,0,8,168,2,178,236,0,236,414
12/04/2019,DBQ,IA,ACE,CE,Federal Contract Tower,0,7,16,0,23,0,0,127,0,127,0,7,143,0,150,180,0,180,330
12/05/2019,DBQ,IA,ACE,CE,Federal Contract Tower,0,5,20,1,26,0,1,132,3,136,0,6,152,4,162,248,2,250,412
12/06/2019,DBQ,IA,ACE,CE,Federal Contract Tower,0,5,21,5,31,0,0,103,2,105,0,5,124,7,136,212,0,212,348
12/07/2019,DBQ,IA,ACE,CE,Federal Contract Tower,2,3,8,0,13,0,1,118,0,119,2,4,126,0,132,136,0,136,268
12/08/2019,DBQ,IA,ACE,CE,Federal Contract Tower,0,6,9,0,15,0,0,30,0,30,0,6,39,0,45,6,0,6,51
12/09/2019,DBQ,IA,ACE,CE,Federal Contract Tower,0,5,14,0,19,0,0,0,0,0,0,5,14,0,19,0,0,0,19
12/10/2019,DBQ,IA,ACE,CE,Federal Contract Tower,0,5,21,0,26,0,0,75,0,75,0,5,96,0,101,290,0,290,391
12/11/2019,DBQ,IA,ACE,CE,Federal Contract Tower,0,5,19,0,24,0,0,82,0,82,0,5,101,0,106,206,0,206,312
12/12/2019,DBQ,IA,ACE,CE,Federal Contract Tower,0,7,11,0,18,0,1,25,0,26,0,8,36,0,44,64,0,64,108
12/13/2019,DBQ,IA,ACE,CE,Federal Contract Tower,0,9,15,0,24,0,0,2,0,2,0,9,17,0,26,6,0,6,32
12/14/2019,DBQ,IA,ACE,CE,Federal Contract Tower,0,4,4,0,8,0,1,7,0,8,0,5,11,0,16,58,0,58,74
12/15/2019,DBQ,IA,ACE,CE,Federal Contract Tower,0,5,15,0,20,0,0,38,0,38,0,5,53,0,58,88,0,88,146
12/16/2019,DBQ,IA,ACE,CE,Federal Contract Tower,0,8,11,0,19,0,1,73,0,74,0,9,84,0,93,154,0,154,247
12/17/2019,DBQ,IA,ACE,CE,Federal Contract Tower,0,6,15,0,21,0,0,0,0,0,0,6,15,0,21,0,0,0,21
12/18/2019,DBQ,IA,ACE,CE,Federal Contract Tower,0,7,21,0,28,0,1,94,0,95,0,8,115,0,123,162,0,162,285
12/19/2019,DBQ,IA,ACE,CE,Federal Contract Tower,0,13,21,0,34,0,0,89,0,89,0,13,110,0,123,161,0,161,284
12/20/2019,DBQ,IA,ACE,CE,Federal Contract Tower,0,5,17,0,22,0,0,62,0,62,0,5,79,0,84,204,0,204,288
12/21/2019,DBQ,IA,ACE,CE,Federal Contract Tower,0,8,10,0,18,0,0,46,5,51,0,8,56,5,69,62,2,64,133
12/22/2019,DBQ,IA,ACE,CE,Federal Contract Tower,0,9,10,0,19,0,0,18,0,18,0,9,28,0,37,56,0,56,93
12/23/2019,DBQ,IA,ACE,CE,Federal Contract Tower,0,8,17,0,25,0,0,48,0,48,0,8,65,0,73,90,0,90,163
12/24/2019,DBQ,IA,ACE,CE,Federal Contract Tower,0,3,4,0,7,0,0,13,0,13,0,3,17,0,20,14,0,14,34
12/25/2019,DBQ,IA,ACE,CE,Federal Contract Tower,0,2,0,0,2,0,0,7,0,7,0,2,7,0,9,2,0,2,11
12/26/2019,DBQ,IA,ACE,CE,Federal Contract Tower,0,6,5,0,11,0,0,0,0,0,0,6,5,0,11,0,0,0,11
12/27/2019,DBQ,IA,ACE,CE,Federal Contract Tower,0,6,6,0,12,0,1,32,0,33,0,7,38,0,45,16,0,16,61
12/28/2019,DBQ,IA,ACE,CE,Federal Contract Tower,0,2,0,0,2,0,0,0,0,0,0,2,0,0,2,0,0,0,2
12/29/2019,DBQ,IA,ACE,CE,Federal Contract Tower,0,6,2,0,8,0,1,2,0,3,0,7,4,0,11,24,0,24,35
12/30/2019,DBQ,IA,ACE,CE,Federal Contract Tower,0,4,5,2,11,0,0,2,0,2,0,4,7,2,13,0,0,0,13
12/31/2019,DBQ,IA,ACE,CE,Federal Contract Tower,0,4,3,0,7,0,0,6,0,6,0,4,9,0,13,52,0,52,65
01/01/2020,DBQ,IA,ACE,CE,Federal Contract Tower,0,6,2,0,8,0,0,11,0,11,0,6,13,0,19,38,0,38,57
01/02/2020,DBQ,IA,ACE,CE,Federal Contract Tower,0,5,7,0,12,0,0,31,2,33,0,5,38,2,45,110,0,110,155
01/03/2020,DBQ,IA,ACE,CE,Federal Contract Tower,0,5,6,0,11,0,0,16,0,16,0,5,22,0,27,48,0,48,75
01/04/2020,DBQ,IA,ACE,CE,Federal Contract Tower,0,5,5,0,10,0,0,13,0,13,0,5,18,0,23,12,0,12,35
01/05/2020,DBQ,IA,ACE,CE,Federal Contract Tower,0,5,2,0,7,0,0,4,0,4,0,5,6,0,11,0,0,0,11
01/06/2020,DBQ,IA,ACE,CE,Federal Contract Tower,0,5,12,0,17,0,0,38,0,38,0,5,50,0,55,92,0,92,147
01/07/2020,DBQ,IA,ACE,CE,Federal Contract Tower,0,5,13,0,18,0,1,83,2,86,0,6,96,2,104,242,0,242,346
01/08/2020,DBQ,IA,ACE,CE,Federal Contract Tower,0,5,8,0,13,0,1,83,0,84,0,6,91,0,97,192,0,192,289
01/09/2020,DBQ,IA,ACE,CE,Federal Contract Tower,1,5,8,0,14,0,0,1,0,1,1,5,9,0,15,0,0,0,15
01/10/2020,DBQ,IA,ACE,CE,Federal Contract Tower,0,5,12,0,17,0,1,47,0,48,0,6,59,0,65,202,0,202,267
01/11/2020,DBQ,IA,ACE,CE,Federal Contract Tower,0,2,0,0,2,0,1,0,0,1,0,3,0,0,3,0,0,0,3
01/12/2020,DBQ,IA,ACE,CE,Federal Contract Tower,0,7,11,0,18,0,0,0,0,0,0,7,11,0,18,0,0,0,18
01/13/2020,DBQ,IA,ACE,CE,Federal Contract Tower,0,5,17,0,22,0,0,21,0,21,0,5,38,0,43,40,0,40,83
01/14/2020,DBQ,IA,ACE,CE,Federal Contract Tower,0,7,16,0,23,0,1,9,0,10,0,8,25,0,33,18,0,18,51
01/15/2020,DBQ,IA,ACE,CE,Federal Contract Tower,2,6,9,0,17,0,0,0,0,0,2,6,9,0,17,0,0,0,17
01/16/2020,DBQ,IA,ACE,CE,Federal Contract Tower,0,7,24,0,31,0,7,118,0,125,0,14,142,0,156,184,0,184,340
01/17/2020,DBQ,IA,ACE,CE,Federal Contract Tower,0,3,8,0,11,0,0,54,0,54,0,3,62,0,65,82,0,82,147
01/18/2020,DBQ,IA,ACE,CE,Federal Contract Tower,0,2,0,0,2,0,0,0,0,0,0,2,0,0,2,0,0,0,2
01/19/2020,DBQ,IA,ACE,CE,Federal Contract Tower,0,7,11,0,18,0,0,0,0,0,0,7,11,0,18,0,0,0,18
01/20/2020,DBQ,IA,ACE,CE,Federal Contract Tower,0,5,18,0,23,0,1,80,0,81,0,6,98,0,104,238,0,238,342
01/21/2020,DBQ,IA,ACE,CE,Federal Contract Tower,0,7,26,0,33,0,2,105,2,109,0,9,131,2,142,232,0,232,374
01/22/2020,DBQ,IA,ACE,CE,Federal Contract Tower,0,5,23,0,28,0,0,19,0,19,0,5,42,0,47,66,0,66,113
01/23/2020,DBQ,IA,ACE,CE,Federal Contract Tower,0,5,9,0,14,0,0,0,0,0,0,5,9,0,14,0,0,0,14
01/24/2020,DBQ,IA,ACE,CE,Federal Contract Tower,0,6,6,0,12,0,0,0,0,0,0,6,6,0,12,0,0,0,12
01/25/2020,DBQ,IA,ACE,CE,Federal Contract Tower,0,7,2,0,9,0,0,0,0,0,0,7,2,0,9,0,0,0,9
01/26/2020,DBQ,IA,ACE,CE,Federal Contract Tower,0,5,2,0,7,0,0,3,0,3,0,5,5,0,10,58,0,58,68
01/27/2020,DBQ,IA,ACE,CE,Federal Contract Tower,0,5,14,0,19,0,0,0,0,0,0,5,14,0,19,2,0,2,21
01/28/2020,DBQ,IA,ACE,CE,Federal Contract Tower,0,5,11,0,16,0,0,0,0,0,0,5,11,0,16,0,0,0,16
01/29/2020,DBQ,IA,ACE,CE,Federal Contract Tower,0,6,11,0,17,0,0,6,0,6,0,6,17,0,23,72,0,72,95
01/30/2020,DBQ,IA,ACE,CE,Federal Contract Tower,0,9,17,0,26,0,1,28,0,29,0,10,45,0,55,102,0,102,157
01/31/2020,DBQ,IA,ACE,CE,Federal Contract Tower,0,6,18,0,24,0,0,0,0,0,0,6,18,0,24,0,0,0,24
02/01/2020,DBQ,IA,ACE,CE,Federal Contract Tower,0,7,3,0,10,0,0,22,0,22,0,7,25,0,32,114,0,114,146
02/02/2020,DBQ,IA,ACE,CE,Federal Contract Tower,0,9,13,0,22,0,3,28,0,31,0,12,41,0,53,42,0,42,95
02/03/2020,DBQ,IA,ACE,CE,Federal Contract Tower,0,5,10,0,15,0,0,120,0,120,0,5,130,0,135,108,0,108,243
02/04/2020,DBQ,IA,ACE,CE,Federal Contract Tower,0,7,17,0,24,0,0,123,0,123,0,7,140,0,147,246,0,246,393
02/05/2020,DBQ,IA,ACE,CE,Federal Contract Tower,0,3,10,0,13,0,0,94,0,94,0,3,104,0,107,126,0,126,233
02/06/2020,DBQ,IA,ACE,CE,Federal Contract Tower,0,5,25,0,30,0,0,123,0,123,0,5,148,0,153,256,0,256,409
02/07/2020,DBQ,IA,ACE,CE,Federal Contract Tower,0,6,19,0,25,0,0,119,0,119,0,6,138,0,144,184,0,184,328
02/08/2020,DBQ,IA,ACE,CE,Federal Contract Tower,0,6,6,0,12,0,0,91,0,91,0,6,97,0,103,162,0,162,265
02/09/2020,DBQ,IA,ACE,CE,Federal Contract Tower,0,7,0,0,7,0,0,0,0,0,0,7,0,0,7,0,0,0,7
02/10/2020,DBQ,IA,ACE,CE,Federal Contract Tower,0,5,18,0,23,0,0,38,0,38,0,5,56,0,61,90,0,90,151
02/11/2020,DBQ,IA,ACE,CE,Federal Contract Tower,0,5,16,0,21,0,1,107,0,108,0,6,123,0,129,266,0,266,395
02/12/2020,DBQ,IA,ACE,CE,Federal Contract Tower,0,5,18,0,23,0,0,79,0,79,0,5,97,0,102,58,0,58,160
02/13/2020,DBQ,IA,ACE,CE,Federal Contract Tower,0,4,19,0,23,0,0,25,0,25,0,4,44,0,48,26,0,26,74
02/14/2020,DBQ,IA,ACE,CE,Federal Contract Tower,0,6,9,0,15,0,0,40,0,40,0,6,49,0,55,78,0,78,133
02/15/2020,DBQ,IA,ACE,CE,Federal Contract Tower,0,4,3,0,7,0,0,39,0,39,0,4,42,0,46,148,0,148,194
02/16/2020,DBQ,IA,ACE,CE,Federal Contract Tower,0,4,7,0,11,0,0,20,0,20,0,4,27,0,31,56,0,56,87
02/17/2020,DBQ,IA,ACE,CE,Federal Contract Tower,0,5,8,0,13,0,0,0,0,0,0,5,8,0,13,0,0,0,13
02/18/2020,DBQ,IA,ACE,CE,Federal Contract Tower,0,4,15,0,19,0,0,100,0,100,0,4,115,0,119,224,0,224,343
02/19/2020,DBQ,IA,ACE,CE,Federal Contract Tower,0,6,18,0,24,0,0,108,0,108,0,6,126,0,132,150,0,150,282
02/20/2020,DBQ,IA,ACE,CE,Federal Contract Tower,0,6,19,0,25,0,0,137,0,137,0,6,156,0,162,222,0,222,384
02/21/2020,DBQ,IA,ACE,CE,Federal Contract Tower,0,5,23,0,28,0,0,99,0,99,0,5,122,0,127,62,0,62,189
02/22/2020,DBQ,IA,ACE,CE,Federal Contract Tower,0,4,18,0,22,0,1,113,0,114,0,5,131,0,136,187,0,187,323
02/23/2020,DBQ,IA,ACE,CE,Federal Contract Tower,0,3,16,0,19,0,1,54,0,55,0,4,70,0,74,58,0,58,132
02/24/2020,DBQ,IA,ACE,CE,Federal Contract Tower,0,7,14,0,21,0,1,110,0,111,0,8,124,0,132,90,0,90,222
02/25/2020,DBQ,IA,ACE,CE,Federal Contract Tower,0,5,15,0,20,0,0,0,0,0,0,5,15,0,20,16,0,16,36
02/26/2020,DBQ,IA,ACE,CE,Federal Contract Tower,0,8,7,0,15,0,0,67,0,67,0,8,74,0,82,60,0,60,142
02/27/2020,DBQ,IA,ACE,CE,Federal Contract Tower,0,8,25,0,33,0,0,126,0,126,0,8,151,0,159,254,0,254,413
02/28/2020,DBQ,IA,ACE,CE,Federal Contract Tower,0,6,16,0,22,0,0,58,0,58,0,6,74,0,80,148,0,148,228
02/29/2020,DBQ,IA,ACE,CE,Federal Contract Tower,0,5,17,0,22,0,0,111,0,111,0,5,128,0,133,144,0,144,277
03/01/2020,DBQ,IA,ACE,CE,Federal Contract Tower,2,3,8,0,13,0,0,20,0,20,2,3,28,0,33,12,0,12,45
03/02/2020,DBQ,IA,ACE,CE,Federal Contract Tower,0,11,13,0,24,0,0,30,0,30,0,11,43,0,54,224,0,224,278
03/03/2020,DBQ,IA,ACE,CE,Federal Contract Tower,0,9,18,0,27,0,0,26,0,26,0,9,44,0,53,24,0,24,77
03/04/2020,DBQ,IA,ACE,CE,Federal Contract Tower,0,13,31,1,45,0,0,110,2,112,0,13,141,3,157,138,0,138,295
03/05/2020,DBQ,IA,ACE,CE,Federal Contract Tower,0,5,14,0,19,0,1,3,0,4,0,6,17,0,23,0,0,0,23
03/06/2020,DBQ,IA,ACE,CE,Federal Contract Tower,0,6,23,0,29,0,0,116,0,116,0,6,139,0,145,102,0,102,247
03/07/2020,DBQ,IA,ACE,CE,Federal Contract Tower,0,4,7,0,11,0,0,29,0,29,0,4,36,0,40,18,0,18,58
03/08/2020,DBQ,IA,ACE,CE,Federal Contract Tower,0,5,5,0,10,0,1,5,0,6,0,6,10,0,16,4,0,4,20
03/09/2020,DBQ,IA,ACE,CE,Federal Contract Tower,0,5,23,0,28,0,0,0,0,0,0,5,23,0,28,0,0,0,28
03/10/2020,DBQ,IA,ACE,CE,Federal Contract Tower,0,5,19,1,25,0,1,89,1,91,0,6,108,2,116,146,0,146,262
03/11/2020,DBQ,IA,ACE,CE,Federal Contract Tower,0,9,16,0,25,0,0,3,1,4,0,9,19,1,29,2,0,2,31
03/12/2020,DBQ,IA,ACE,CE,Federal Contract Tower,0,6,12,0,18,0,0,0,0,0,0,6,12,0,18,0,0,0,18
03/13/2020,DBQ,IA,ACE,CE,Federal Contract Tower,0,5,12,0,17,0,0,29,0,29,0,5,41,0,46,10,0,10,56
03/14/2020,DBQ,IA,ACE,CE,Federal Contract Tower,0,6,3,0,9,0,0,3,0,3,0,6,6,0,12,0,0,0,12
03/15/2020,DBQ,IA,ACE,CE,Federal Contract Tower,0,10,20,0,30,0,0,31,0,31,0,10,51,0,61,12,0,12,73
03/16/2020,DBQ,IA,ACE,CE,Federal Contract Tower,0,5,4,0,9,0,0,14,0,14,0,5,18,0,23,34,0,34,57
03/17/2020,DBQ,IA,ACE,CE,Federal Contract Tower,0,5,20,0,25,0,0,120,0,120,0,5,140,0,145,130,0,130,275
03/18/2020,DBQ,IA,ACE,CE,Federal Contract Tower,0,6,3,0,9,0,0,0,0,0,0,6,3,0,9,0,0,0,9
03/19/2020,DBQ,IA,ACE,CE,Federal Contract Tower,0,6,7,0,13,0,0,0,0,0,0,6,7,0,13,0,0,0,13
03/20/2020,DBQ,IA,ACE,CE,Federal Contract Tower,0,7,3,0,10,0,0,4,0,4,0,7,7,0,14,0,0,0,14
03/21/2020,DBQ,IA,ACE,CE,Federal Contract Tower,0,6,7,0,13,0,0,16,0,16,0,6,23,0,29,4,0,4,33
03/22/2020,DBQ,IA,ACE,CE,Federal Contract Tower,0,6,4,0,10,0,0,15,0,15,0,6,19,0,25,4,0,4,29
03/23/2020,DBQ,IA,ACE,CE,Federal Contract Tower,0,5,2,0,7,0,0,0,0,0,0,5,2,0,7,0,0,0,7
03/24/2020,DBQ,IA,ACE,CE,Federal Contract Tower,0,3,8,0,11,0,0,5,0,5,0,3,13,0,16,0,0,0,16
03/25/2020,DBQ,IA,ACE,CE,Federal Contract Tower,0,1,1,0,2,0,0,0,0,0,0,1,1,0,2,0,0,0,2
03/26/2020,DBQ,IA,ACE,CE,Federal Contract Tower,0,4,4,0,8,0,0,20,0,20,0,4,24,0,28,4,0,4,32
03/27/2020,DBQ,IA,ACE,CE,Federal Contract Tower,0,1,12,0,13,0,0,19,0,19,0,1,31,0,32,0,0,0,32
03/28/2020,DBQ,IA,ACE,CE,Federal Contract Tower,0,6,0,0,6,0,0,0,0,0,0,6,0,0,6,0,0,0,6
03/29/2020,DBQ,IA,ACE,CE,Federal Contract Tower,0,2,7,0,9,0,0,0,0,0,0,2,7,0,9,0,0,0,9
03/30/2020,DBQ,IA,ACE,CE,Federal Contract Tower,0,2,9,0,11,0,0,39,0,39,0,2,48,0,50,20,0,20,70
03/31/2020,DBQ,IA,ACE,CE,Federal Contract Tower,0,4,2,0,6,0,1,21,0,22,0,5,23,0,28,16,0,16,44
04/01/2020,DBQ,IA,ACE,CE,Federal Contract Tower,7,5,0,0,12,0,4,37,0,41,7,9,37,0,53,58,0,58,111
04/02/2020,DBQ,IA,ACE,CE,Federal Contract Tower,0,3,3,0,6,0,0,13,0,13,0,3,16,0,19,88,0,88,107
04/03/2020,DBQ,IA,ACE,CE,Federal Contract Tower,0,3,6,0,9,0,0,2,0,2,0,3,8,0,11,0,0,0,11
04/04/2020,DBQ,IA,ACE,CE,Federal Contract Tower,0,4,4,0,8,0,1,12,0,13,0,5,16,0,21,12,0,12,33
04/05/2020,DBQ,IA,ACE,CE,Federal Contract Tower,0,3,4,0,7,0,0,22,0,22,0,3,26,0,29,30,0,30,59
04/06/2020,DBQ,IA,ACE,CE,Federal Contract Tower,0,4,3,0,7,0,0,4,0,4,0,4,7,0,11,46,0,46,57
04/07/2020,DBQ,IA,ACE,CE,Federal Contract Tower,0,3,4,0,7,0,0,12,2,14,0,3,16,2,21,22,0,22,43
04/08/2020,DBQ,IA,ACE,CE,Federal Contract Tower,0,1,9,0,10,0,0,9,0,9,0,1,18,0,19,0,0,0,19
04/09/2020,DBQ,IA,ACE,CE,Federal Contract Tower,0,4,2,0,6,0,0,2,0,2,0,4,4,0,8,0,0,0,8
04/10/2020,DBQ,IA,ACE,CE,Federal Contract Tower,0,3,4,0,7,0,0,18,0,18,0,3,22,0,25,8,0,8,33
04/11/2020,DBQ,IA,ACE,CE,Federal Contract Tower,0,2,1,0,3,0,0,0,0,0,0,2,1,0,3,6,0,6,9
04/12/2020,DBQ,IA,ACE,CE,Federal Contract Tower,0,1,0,0,1,0,0,0,0,0,0,1,0,0,1,0,0,0,1
04/13/2020,DBQ,IA,ACE,CE,Federal Contract Tower,0,2,6,0,8,0,0,2,0,2,0,2,8,0,10,0,0,0,10
04/14/2020,DBQ,IA,ACE,CE,Federal Contract Tower,0,2,2,0,4,0,2,17,2,21,0,4,19,2,25,18,0,18,43
04/15/2020,DBQ,IA,ACE,CE,Federal Contract Tower,0,2,4,0,6,0,0,44,0,44,0,2,48,0,50,104,0,104,154
04/16/2020,DBQ,IA,ACE,CE,Federal Contract Tower,0,6,0,0,6,0,1,25,0,26,0,7,25,0,32,8,0,8,40
04/17/2020,DBQ,IA,ACE,CE,Federal Contract Tower,0,4,9,0,13,0,0,0,0,0,0,4,9,0,13,0,0,0,13
04/18/2020,DBQ,IA,ACE,CE,Federal Contract Tower,0,2,1,0,3,0,0,0,0,0,0,2,1,0,3,0,0,0,3
04/19/2020,DBQ,IA,ACE,CE,Federal Contract Tower,0,2,2,0,4,0,0,22,0,22,0,2,24,0,26,24,0,24,50
04/20/2020,DBQ,IA,ACE,CE,Federal Contract Tower,0,2,3,0,5,0,0,13,0,13,0,2,16,0,18,2,0,2,20
04/21/2020,DBQ,IA,ACE,CE,Federal Contract Tower,0,2,15,0,17,0,0,22,0,22,0,2,37,0,39,8,0,8,47
04/22/2020,DBQ,IA,ACE,CE,Federal Contract Tower,0,2,4,0,6,0,0,6,0,6,0,2,10,0,12,10,0,10,22
04/23/2020,DBQ,IA,ACE,CE,Federal Contract Tower,0,3,5,0,8,0,0,0,0,0,0,3,5,0,8,0,0,0,8
04/24/2020,DBQ,IA,ACE,CE,Federal Contract Tower,0,0,7,0,7,0,0,2,0,2,0,0,9,0,9,0,0,0,9
04/25/2020,DBQ,IA,ACE,CE,Federal Contract Tower,0,2,2,0,4,0,0,8,0,8,0,2,10,0,12,4,0,4,16
04/26/2020,DBQ,IA,ACE,CE,Federal Contract Tower,0,0,1,0,1,0,0,44,0,44,0,0,45,0,45,40,0,40,85
04/27/2020,DBQ,IA,ACE,CE,Federal Contract Tower,0,2,3,0,5,0,0,8,0,8,0,2,11,0,13,6,0,6,19
04/28/2020,DBQ,IA,ACE,CE,Federal Contract Tower,0,2,2,0,4,0,0,1,0,1,0,2,3,0,5,8,0,8,13
04/29/2020,DBQ,IA,ACE,CE,Federal Contract Tower,0,2,3,0,5,0,0,0,0,0,0,2,3,0,5,0,0,0,5
04/30/2020,DBQ,IA,ACE,CE,Federal Contract Tower,0,2,12,0,14,0,0,16,0,16,0,2,28,0,30,2,14,16,46
05/01/2020,DBQ,IA,ACE,CE,Federal Contract Tower,0,5,3,0,8,0,1,20,0,21,0,6,23,0,29,18,2,20,49
05/02/2020,DBQ,IA,ACE,CE,Federal Contract Tower,0,0,5,0,5,0,4,14,0,18,0,4,19,0,23,0,0,0,23
05/03/2020,DBQ,IA,ACE,CE,Federal Contract Tower,0,2,0,0,2,0,5,27,0,32,0,7,27,0,34,24,0,24,58
05/04/2020,DBQ,IA,ACE,CE,Federal Contract Tower,0,2,6,0,8,0,0,10,0,10,0,2,16,0,18,6,0,6,24
05/05/2020,DBQ,IA,ACE,CE,Federal Contract Tower,0,0,3,0,3,0,0,0,0,0,0,0,3,0,3,0,0,0,3
05/06/2020,DBQ,IA,ACE,CE,Federal Contract Tower,0,0,7,0,7,0,1,33,1,35,0,1,40,1,42,4,14,18,60
05/07/2020,DBQ,IA,ACE,CE,Federal Contract Tower,0,1,7,0,8,0,0,12,0,12,0,1,19,0,20,0,0,0,20
05/08/2020,DBQ,IA,ACE,CE,Federal Contract Tower,0,2,5,0,7,0,0,7,0,7,0,2,12,0,14,2,0,2,16
05/09/2020,DBQ,IA,ACE,CE,Federal Contract Tower,0,0,3,0,3,0,0,14,0,14,0,0,17,0,17,16,0,16,33
05/10/2020,DBQ,IA,ACE,CE,Federal Contract Tower,0,2,0,0,2,0,3,0,0,3,0,5,0,0,5,0,0,0,5
05/11/2020,DBQ,IA,ACE,CE,Federal Contract Tower,0,2,4,0,6,0,0,18,0,18,0,2,22,0,24,24,0,24,48
05/12/2020,DBQ,IA,ACE,CE,Federal Contract Tower,0,0,4,0,4,0,0,23,0,23,0,0,27,0,27,42,0,42,69
05/13/2020,DBQ,IA,ACE,CE,Federal Contract Tower,0,2,3,0,5,0,0,12,0,12,0,2,15,0,17,8,0,8,25
05/14/2020,DBQ,IA,ACE,CE,Federal Contract Tower,0,2,0,0,2,0,0,3,0,3,0,2,3,0,5,0,0,0,5
05/15/2020,DBQ,IA,ACE,CE,Federal Contract Tower,0,2,3,0,5,0,0,30,0,30,0,2,33,0,35,4,0,4,39
05/16/2020,DBQ,IA,ACE,CE,Federal Contract Tower,0,0,3,0,3,0,2,18,0,20,0,2,21,0,23,8,0,8,31
05/17/2020,DBQ,IA,ACE,CE,Federal Contract Tower,0,4,2,0,6,0,0,0,0,0,0,4,2,0,6,0,0,0,6
05/18/2020,DBQ,IA,ACE,CE,Federal Contract Tower,0,3,15,0,18,0,2,0,0,2,0,5,15,0,20,0,0,0,20
05/19/2020,DBQ,IA,ACE,CE,Federal Contract Tower,0,2,5,2,9,0,0,0,0,0,0,2,5,2,9,18,0,18,27
05/20/2020,DBQ,IA,ACE,CE,Federal Contract Tower,0,4,19,2,25,0,0,26,0,26,0,4,45,2,51,188,0,188,239
05/21/2020,DBQ,IA,ACE,CE,Federal Contract Tower,0,2,16,0,18,0,0,24,0,24,0,2,40,0,42,112,0,112,154
05/22/2020,DBQ,IA,ACE,CE,Federal Contract Tower,0,2,10,0,12,0,0,48,0,48,0,2,58,0,60,76,0,76,136
05/23/2020,DBQ,IA,ACE,CE,Federal Contract Tower,0,0,5,0,5,0,0,4,0,4,0,0,9,0,9,0,0,0,9
05/24/2020,DBQ,IA,ACE,CE,Federal Contract Tower,0,5,6,0,11,0,2,0,0,2,0,7,6,0,13,6,0,6,19
05/25/2020,DBQ,IA,ACE,CE,Federal Contract Tower,0,1,3,0,4,0,1,10,0,11,0,2,13,0,15,6,0,6,21
05/26/2020,DBQ,IA,ACE,CE,Federal Contract Tower,0,0,9,0,9,0,1,83,0,84,0,1,92,0,93,92,0,92,185
05/27/2020,DBQ,IA,ACE,CE,Federal Contract Tower,0,2,7,0,9,0,1,94,0,95,0,3,101,0,104,82,0,82,186
05/28/2020,DBQ,IA,ACE,CE,Federal Contract Tower,0,6,8,0,14,0,1,4,0,5,0,7,12,0,19,6,0,6,25
05/29/2020,DBQ,IA,ACE,CE,Federal Contract Tower,0,4,12,0,16,0,0,96,0,96,0,4,108,0,112,56,0,56,168
05/30/2020,DBQ,IA,ACE,CE,Federal Contract Tower,0,0,4,0,4,0,1,33,0,34,0,1,37,0,38,6,0,6,44
05/31/2020,DBQ,IA,ACE,CE,Federal Contract Tower,0,2,2,0,4,0,0,31,0,31,0,2,33,0,35,22,0,22,57
06/01/2020,DBQ,IA,ACE,CE,Federal Contract Tower,0,2,5,0,7,0,0,46,0,46,0,2,51,0,53,82,0,82,135
06/02/2020,DBQ,IA,ACE,CE,Federal Contract Tower,0,0,7,0,7,0,0,87,0,87,0,0,94,0,94,62,0,62,156
06/03/2020,DBQ,IA,ACE,CE,Federal Contract Tower,0,2,15,0,17,0,0,115,0,115,0,2,130,0,132,134,0,134,266
06/04/2020,DBQ,IA,ACE,CE,Federal Contract Tower,0,2,14,0,16,0,0,123,0,123,0,2,137,0,139,102,0,102,241
06/05/2020,DBQ,IA,ACE,CE,Federal Contract Tower,0,5,16,0,21,0,0,107,0,107,0,5,123,0,128,142,0,142,270
06/06/2020,DBQ,IA,ACE,CE,Federal Contract Tower,0,0,3,0,3,0,1,32,0,33,0,1,35,0,36,14,0,14,50
06/07/2020,DBQ,IA,ACE,CE,Federal Contract Tower,0,1,5,0,6,0,2,6,0,8,0,3,11,0,14,0,0,0,14
06/08/2020,DBQ,IA,ACE,CE,Federal Contract Tower,0,2,9,0,11,0,0,111,0,111,0,2,120,0,122,86,0,86,208
06/09/2020,DBQ,IA,ACE,CE,Federal Contract Tower,0,2,5,0,7,0,0,23,0,23,0,2,28,0,30,46,0,46,76
06/10/2020,DBQ,IA,ACE,CE,Federal Contract Tower,0,2,7,0,9,0,0,2,0,2,0,2,9,0,11,0,0,0,11
06/11/2020,DBQ,IA,ACE,CE,Federal Contract Tower,0,9,12,0,21,0,2,83,0,85,0,11,95,0,106,18,0,18,124
06/12/2020,DBQ,IA,ACE,CE,Federal Contract Tower,0,2,31,0,33,0,0,142,0,142,0,2,173,0,175,132,0,132,307
06/13/2020,DBQ,IA,ACE,CE,Federal Contract Tower,0,0,7,0,7,0,0,14,0,14,0,0,21,0,21,12,0,12,33
06/14/2020,DBQ,IA,ACE,CE,Federal Contract Tower,0,2,2,0,4,0,1,18,0,19,0,3,20,0,23,14,0,14,37
06/15/2020,DBQ,IA,ACE,CE,Federal Contract Tower,0,3,10,0,13,0,0,117,0,117,0,3,127,0,130,156,0,156,286
06/16/2020,DBQ,IA,ACE,CE,Federal Contract Tower,0,3,29,0,32,0,0,113,0,113,0,3,142,0,145,158,0,158,303
06/17/2020,DBQ,IA,ACE,CE,Federal Contract Tower,0,0,18,0,18,0,0,129,0,129,0,0,147,0,147,92,0,92,239
06/18/2020,DBQ,IA,ACE,CE,Federal Contract Tower,0,4,25,0,29,0,0,120,0,120,0,4,145,0,149,132,0,132,281
06/19/2020,DBQ,IA,ACE,CE,Federal Contract Tower,0,3,10,0,13,0,0,42,0,42,0,3,52,0,55,226,2,228,283
06/20/2020,DBQ,IA,ACE,CE,Federal Contract Tower,0,2,0,0,2,0,0,8,0,8,0,2,8,0,10,42,0,42,52
06/21/2020,DBQ,IA,ACE,CE,Federal Contract Tower,0,2,11,0,13,0,0,19,0,19,0,2,30,0,32,10,0,10,42
06/22/2020,DBQ,IA,ACE,CE,Federal Contract Tower,0,2,9,0,11,0,0,0,0,0,0,2,9,0,11,0,0,0,11
06/23/2020,DBQ,IA,ACE,CE,Federal Contract Tower,0,2,22,0,24,0,1,149,0,150,0,3,171,0,174,208,0,208,382
06/24/2020,DBQ,IA,ACE,CE,Federal Contract Tower,0,2,6,0,8,0,0,111,0,111,0,2,117,0,119,244,0,244,363
06/25/2020,DBQ,IA,ACE,CE,Federal Contract Tower,0,2,32,0,34,0,1,143,0,144,0,3,175,0,178,126,0,126,304
06/26/2020,DBQ,IA,ACE,CE,Federal Contract Tower,0,8,4,0,12,0,1,14,0,15,0,9,18,0,27,68,0,68,95
06/27/2020,DBQ,IA,ACE,CE,Federal Contract Tower,0,2,9,0,11,0,0,114,0,114,0,2,123,0,125,204,0,204,329
06/28/2020,DBQ,IA,ACE,CE,Federal Contract Tower,0,3,7,0,10,0,2,13,0,15,0,5,20,0,25,0,0,0,25
06/29/2020,DBQ,IA,ACE,CE,Federal Contract Tower,0,3,19,0,22,0,3,89,0,92,0,6,108,0,114,274,0,274,388
06/30/2020,DBQ,IA,ACE,CE,Federal Contract Tower,0,2,17,0,19,0,1,108,2,111,0,3,125,2,130,216,0,216,346
07/01/2020,DBQ,IA,ACE,CE,Federal Contract Tower,0,2,16,0,18,0,0,71,0,71,0,2,87,0,89,192,0,192,281
07/02/2020,DBQ,IA,ACE,CE,Federal Contract Tower,0,2,16,0,18,0,0,110,0,110,0,2,126,0,128,112,0,112,240
07/03/2020,DBQ,IA,ACE,CE,Federal Contract Tower,0,2,8,0,10,0,0,18,0,18,0,2,26,0,28,2,0,2,30
07/04/2020,DBQ,IA,ACE,CE,Federal Contract Tower,0,0,2,0,2,0,0,16,0,16,0,0,18,0,18,0,0,0,18
07/05/2020,DBQ,IA,ACE,CE,Federal Contract Tower,0,2,8,0,10,0,1,10,0,11,0,3,18,0,21,8,0,8,29
07/06/2020,DBQ,IA,ACE,CE,Federal Contract Tower,0,2,14,0,16,0,1,123,0,124,0,3,137,0,140,244,0,244,384
07/07/2020,DBQ,IA,ACE,CE,Federal Contract Tower,0,2,12,0,14,0,1,89,0,90,0,3,101,0,104,188,0,188,292
07/08/2020,DBQ,IA,ACE,CE,Federal Contract Tower,0,2,24,0,26,0,6,136,0,142,0,8,160,0,168,306,0,306,474
07/09/2020,DBQ,IA,ACE,CE,Federal Contract Tower,0,7,12,0,19,0,0,49,0,49,0,7,61,0,68,116,0,116,184
07/10/2020,DBQ,IA,ACE,CE,Federal Contract Tower,0,3,20,0,23,0,0,125,0,125,0,3,145,0,148,322,0,322,470
07/11/2020,DBQ,IA,ACE,CE,Federal Contract Tower,0,2,5,0,7,0,0,33,0,33,0,2,38,0,40,196,0,196,236
07/12/2020,DBQ,IA,ACE,CE,Federal Contract Tower,0,8,5,4,17,0,2,11,0,13,0,10,16,4,30,2,0,2,32
07/13/2020,DBQ,IA,ACE,CE,Federal Contract Tower,0,3,15,0,18,0,0,125,0,125,0,3,140,0,143,198,0,198,341
07/14/2020,DBQ,IA,ACE,CE,Federal Contract Tower,0,1,18,0,19,0,0,89,0,89,0,1,107,0,108,204,0,204,312
07/15/2020,DBQ,IA,ACE,CE,Federal Contract Tower,0,4,3,0,7,0,0,0,0,0,0,4,3,0,7,0,0,0,7
07/16/2020,DBQ,IA,ACE,CE,Federal Contract Tower,0,5,35,0,40,0,3,134,0,137,0,8,169,0,177,286,0,286,463
07/17/2020,DBQ,IA,ACE,CE,Federal Contract Tower,0,5,15,0,20,0,4,98,0,102,0,9,113,0,122,276,0,276,398
07/18/2020,DBQ,IA,ACE,CE,Federal Contract Tower,0,2,2,0,4,0,0,34,0,34,0,2,36,0,38,206,0,206,244
07/19/2020,DBQ,IA,ACE,CE,Federal Contract Tower,0,5,6,0,11,0,4,24,0,28,0,9,30,0,39,6,0,6,45
07/20/2020,DBQ,IA,ACE,CE,Federal Contract Tower,0,3,8,0,11,0,1,114,0,115,0,4,122,0,126,180,0,180,306
07/21/2020,DBQ,IA,ACE,CE,Federal Contract Tower,0,2,12,0,14,0,1,34,0,35,0,3,46,0,49,130,0,130,179
07/22/2020,DBQ,IA,ACE,CE,Federal Contract Tower,0,2,32,0,34,0,1,135,0,136,0,3,167,0,170,264,0,264,434
07/23/2020,DBQ,IA,ACE,CE,Federal Contract Tower,0,4,29,0,33,0,1,128,0,129,0,5,157,0,162,244,0,244,406
07/24/2020,DBQ,IA,ACE,CE,Federal Contract Tower,0,2,19,0,21,0,0,118,0,118,0,2,137,0,139,230,0,230,369
07/25/2020,DBQ,IA,ACE,CE,Federal Contract Tower,0,2,17,0,19,0,0,83,0,83,0,2,100,0,102,198,0,198,300
07/26/2020,DBQ,IA,ACE,CE,Federal Contract Tower,0,6,2,0,8,0,0,9,0,9,0,6,11,0,17,2,0,2,19
07/27/2020,DBQ,IA,ACE,CE,Federal Contract Tower,0,3,9,0,12,0,0,104,0,104,0,3,113,0,116,228,0,228,344
07/28/2020,DBQ,IA,ACE,CE,Federal Contract Tower,0,2,16,0,18,0,0,91,0,91,0,2,107,0,109,160,0,160,269
07/29/2020,DBQ,IA,ACE,CE,Federal Contract Tower,0,2,18,0,20,0,0,109,0,109,0,2,127,0,129,182,0,182,311
07/30/2020,DBQ,IA,ACE,CE,Federal Contract Tower,0,2,12,0,14,0,0,81,0,81,0,2,93,0,95,260,0,260,355
07/31/2020,DBQ,IA,ACE,CE,Federal Contract Tower,0,3,13,0,16,0,0,20,0,20,0,3,33,0,36,12,4,16,52
08/01/2020,DBQ,IA,ACE,CE,Federal Contract Tower,0,2,10,0,12,0,0,14,0,14,0,2,24,0,26,4,0,4,30
08/02/2020,DBQ,IA,ACE,CE,Federal Contract Tower,0,3,10,0,13,0,1,17,0,18,0,4,27,0,31,0,0,0,31
08/03/2020,DBQ,IA,ACE,CE,Federal Contract Tower,0,3,22,0,25,0,3,100,0,103,0,6,122,0,128,284,0,284,412
08/04/2020,DBQ,IA,ACE,CE,Federal Contract Tower,0,3,17,0,20,0,2,124,2,128,0,5,141,2,148,284,0,284,432
08/05/2020,DBQ,IA,ACE,CE,Federal Contract Tower,0,3,21,0,24,0,1,147,0,148,0,4,168,0,172,220,0,220,392
08/06/2020,DBQ,IA,ACE,CE,Federal Contract Tower,0,3,17,0,20,0,0,115,6,121,0,3,132,6,141,184,0,184,325
08/07/2020,DBQ,IA,ACE,CE,Federal Contract Tower,0,6,14,0,20,0,2,24,0,26,0,8,38,0,46,20,0,20,66
08/08/2020,DBQ,IA,ACE,CE,Federal Contract Tower,0,4,2,0,6,0,2,13,0,15,0,6,15,0,21,10,0,10,31
08/09/2020,DBQ,IA,ACE,CE,Federal Contract Tower,0,6,8,0,14,0,0,3,0,3,0,6,11,0,17,0,0,0,17
08/10/2020,DBQ,IA,ACE,CE,Federal Contract Tower,0,5,7,0,12,0,0,30,0,30,0,5,37,0,42,138,0,138,180
08/11/2020,DBQ,IA,ACE,CE,Federal Contract Tower,0,4,21,0,25,0,1,120,0,121,0,5,141,0,146,236,0,236,382
08/12/2020,DBQ,IA,ACE,CE,Federal Contract Tower,0,7,9,0,16,0,1,121,0,122,0,8,130,0,138,160,2,162,300
08/13/2020,DBQ,IA,ACE,CE,Federal Contract Tower,0,3,5,0,8,0,0,19,0,19,0,3,24,0,27,36,0,36,63
08/14/2020,DBQ,IA,ACE,CE,Federal Contract Tower,0,3,1,0,4,0,0,24,0,24,0,3,25,0,28,34,0,34,62
08/15/2020,DBQ,IA,ACE,CE,Federal Contract Tower,0,3,14,0,17,0,0,27,0,27,0,3,41,0,44,100,0,100,144
08/16/2020,DBQ,IA,ACE,CE,Federal Contract Tower,0,5,5,0,10,0,3,29,0,32,0,8,34,0,42,8,0,8,50
08/17/2020,DBQ,IA,ACE,CE,Federal Contract Tower,0,7,14,0,21,0,0,138,0,138,0,7,152,0,159,164,0,164,323
08/18/2020,DBQ,IA,ACE,CE,Federal Contract Tower,0,3,17,0,20,0,1,110,2,113,0,4,127,2,133,242,0,242,375
08/19/2020,DBQ,IA,ACE,CE,Federal Contract Tower,0,2,18,1,21,0,0,119,0,119,0,2,137,1,140,242,0,242,382
08/20/2020,DBQ,IA,ACE,CE,Federal Contract Tower,0,2,18,0,20,0,1,23,1,25,0,3,41,1,45,2,0,2,47
08/21/2020,DBQ,IA,ACE,CE,Federal Contract Tower,0,2,9,0,11,0,2,26,4,32,0,4,35,4,43,86,0,86,129
08/22/2020,DBQ,IA,ACE,CE,Federal Contract Tower,0,2,1,1,4,0,1,72,1,74,0,3,73,2,78,200,0,200,278
08/23/2020,DBQ,IA,ACE,CE,Federal Contract Tower,0,3,6,0,9,0,1,20,0,21,0,4,26,0,30,0,0,0,30
08/24/2020,DBQ,IA,ACE,CE,Federal Contract Tower,0,3,21,0,24,0,4,119,0,123,0,7,140,0,147,290,0,290,437
08/25/2020,DBQ,IA,ACE,CE,Federal Contract Tower,0,2,24,0,26,0,0,94,0,94,0,2,118,0,120,274,0,274,394
08/26/2020,DBQ,IA,ACE,CE,Federal Contract Tower,0,4,10,1,15,0,2,100,0,102,0,6,110,1,117,188,0,188,305
08/27/2020,DBQ,IA,ACE,CE,Federal Contract Tower,0,3,19,0,22,0,1,91,0,92,0,4,110,0,114,244,0,244,358
08/28/2020,DBQ,IA,ACE,CE,Federal Contract Tower,0,3,9,0,12,0,0,63,0,63,0,3,72,0,75,174,0,174,249
08/29/2020,DBQ,IA,ACE,CE,Federal Contract Tower,0,4,8,0,12,0,1,104,0,105,0,5,112,0,117,216,0,216,333
08/30/2020,DBQ,IA,ACE,CE,Federal Contract Tower,0,6,3,0,9,0,0,19,0,19,0,6,22,0,28,18,0,18,46
08/31/2020,DBQ,IA,ACE,CE,Federal Contract Tower,0,5,11,0,16,0,0,52,0,52,0,5,63,0,68,224,0,224,292
09/01/2020,DBQ,IA,ACE,CE,Federal Contract Tower,0,2,18,0,20,0,0,142,0,142,0,2,160,0,162,304,0,304,466
09/02/2020,DBQ,IA,ACE,CE,Federal Contract Tower,0,1,20,0,21,0,0,117,2,119,0,1,137,2,140,294,0,294,434
09/03/2020,DBQ,IA,ACE,CE,Federal Contract Tower,0,3,9,0,12,0,0,64,0,64,0,3,73,0,76,62,0,62,138
09/04/2020,DBQ,IA,ACE,CE,Federal Contract Tower,0,3,15,0,18,0,0,151,0,151,0,3,166,0,169,140,0,140,309
09/05/2020,DBQ,IA,ACE,CE,Federal Contract Tower,0,2,4,0,6,0,1,19,0,20,0,3,23,0,26,0,0,0,26
09/06/2020,DBQ,IA,ACE,CE,Federal Contract Tower,0,1,3,0,4,0,1,3,0,4,0,2,6,0,8,4,0,4,12
09/07/2020,DBQ,IA,ACE,CE,Federal Contract Tower,0,3,5,0,8,0,0,7,0,7,0,3,12,0,15,4,0,4,19
09/08/2020,DBQ,IA,ACE,CE,Federal Contract Tower,0,4,6,0,10,0,0,0,0,0,0,4,6,0,10,38,0,38,48
09/09/2020,DBQ,IA,ACE,CE,Federal Contract Tower,0,2,8,0,10,0,0,0,0,0,0,2,8,0,10,0,0,0,10
09/10/2020,DBQ,IA,ACE,CE,Federal Contract Tower,0,2,16,0,18,0,0,0,0,0,0,2,16,0,18,0,0,0,18
09/11/2020,DBQ,IA,ACE,CE,Federal Contract Tower,0,2,2,0,4,0,0,0,0,0,0,2,2,0,4,0,0,0,4
09/12/2020,DBQ,IA,ACE,CE,Federal Contract Tower,0,2,15,0,17,0,1,7,0,8,0,3,22,0,25,52,0,52,77
09/13/2020,DBQ,IA,ACE,CE,Federal Contract Tower,0,2,11,0,13,0,1,30,0,31,0,3,41,0,44,4,0,4,48
09/14/2020,DBQ,IA,ACE,CE,Federal Contract Tower,0,2,23,0,25,0,0,140,0,140,0,2,163,0,165,226,0,226,391
09/15/2020,DBQ,IA,ACE,CE,Federal Contract Tower,0,2,21,0,23,0,0,174,0,174,0,2,195,0,197,244,0,244,441
09/16/2020,DBQ,IA,ACE,CE,Federal Contract Tower,0,3,17,0,20,0,6,161,0,167,0,9,178,0,187,296,0,296,483
09/17/2020,DBQ,IA,ACE,CE,Federal Contract Tower,0,4,19,0,23,0,0,181,0,181,0,4,200,0,204,294,2,296,500
09/18/2020,DBQ,IA,ACE,CE,Federal Contract Tower,0,2,24,0,26,0,0,163,0,163,0,2,187,0,189,284,2,286,475
09/19/2020,DBQ,IA,ACE,CE,Federal Contract Tower,0,2,26,0,28,0,0,158,0,158,0,2,184,0,186,308,0,308,494
09/20/2020,DBQ,IA,ACE,CE,Federal Contract Tower,0,3,11,0,14,0,2,11,0,13,0,5,22,0,27,6,0,6,33
09/21/2020,DBQ,IA,ACE,CE,Federal Contract Tower,0,3,13,0,16,0,0,112,0,112,0,3,125,0,128,242,0,242,370
09/22/2020,DBQ,IA,ACE,CE,Federal Contract Tower,0,1,17,0,18,0,1,136,0,137,0,2,153,0,155,172,0,172,327
09/23/2020,DBQ,IA,ACE,CE,Federal Contract Tower,0,2,14,0,16,0,0,147,0,147,0,2,161,0,163,346,0,346,509
09/24/2020,DBQ,IA,ACE,CE,Federal Contract Tower,0,2,23,0,25,0,0,54,2,56,0,2,77,2,81,88,0,88,169
09/25/2020,DBQ,IA,ACE,CE,Federal Contract Tower,0,4,16,0,20,0,0,166,0,166,0,4,182,0,186,304,0,304,490
09/26/2020,DBQ,IA,ACE,CE,Federal Contract Tower,0,4,8,0,12,0,1,50,0,51,0,5,58,0,63,70,0,70,133
09/27/2020,DBQ,IA,ACE,CE,Federal Contract Tower,0,2,7,0,9,0,0,16,0,16,0,2,23,0,25,4,0,4,29
09/28/2020,DBQ,IA,ACE,CE,Federal Contract Tower,0,2,16,0,18,0,0,72,0,72,0,2,88,0,90,254,0,254,344
09/29/2020,DBQ,IA,ACE,CE,Federal Contract Tower,0,2,20,0,22,0,0,74,0,74,0,2,94,0,96,252,0,252,348
09/30/2020,DBQ,IA,ACE,CE,Federal Contract Tower,0,6,12,0,18,0,0,15,0,15,0,6,27,0,33,32,0,32,65
10/01/2020,DBQ,IA,ACE,CE,Federal Contract Tower,0,2,24,0,26,0,1,67,0,68,0,3,91,0,94,150,0,150,244
10/02/2020,DBQ,IA,ACE,CE,Federal Contract Tower,0,3,13,0,16,0,1,183,0,184,0,4,196,0,200,312,0,312,512
10/03/2020,DBQ,IA,ACE,CE,Federal Contract Tower,0,3,6,0,9,0,2,101,0,103,0,5,107,0,112,142,0,142,254
10/04/2020,DBQ,IA,ACE,CE,Federal Contract Tower,0,3,7,0,10,0,0,24,0,24,0,3,31,0,34,12,0,12,46
10/05/2020,DBQ,IA,ACE,CE,Federal Contract Tower,0,3,8,0,11,0,0,66,0,66,0,3,74,0,77,74,0,74,151
10/06/2020,DBQ,IA,ACE,CE,Federal Contract Tower,0,4,17,0,21,0,1,140,0,141,0,5,157,0,162,212,0,212,374
10/07/2020,DBQ,IA,ACE,CE,Federal Contract Tower,0,1,9,0,10,0,1,164,0,165,0,2,173,0,175,180,0,180,355
10/08/2020,DBQ,IA,ACE,CE,Federal Contract Tower,0,4,17,0,21,0,0,184,0,184,0,4,201,0,205,308,0,308,513
10/09/2020,DBQ,IA,ACE,CE,Federal Contract Tower,0,1,9,0,10,0,5,50,0,55,0,6,59,0,65,90,0,90,155
10/10/2020,DBQ,IA,ACE,CE,Federal Contract Tower,0,0,6,0,6,0,0,73,0,73,0,0,79,0,79,136,0,136,215
10/11/2020,DBQ,IA,ACE,CE,Federal Contract Tower,0,2,3,0,5,0,0,15,0,15,0,2,18,0,20,8,0,8,28
10/12/2020,DBQ,IA,ACE,CE,Federal Contract Tower,0,2,15,0,17,0,1,18,0,19,0,3,33,0,36,50,0,50,86
10/13/2020,DBQ,IA,ACE,CE,Federal Contract Tower,0,0,7,0,7,0,0,85,0,85,0,0,92,0,92,70,0,70,162
10/14/2020,DBQ,IA,ACE,CE,Federal Contract Tower,0,1,12,0,13,0,1,13,0,14,0,2,25,0,27,22,0,22,49
10/15/2020,DBQ,IA,ACE,CE,Federal Contract Tower,0,5,22,0,27,0,0,166,0,166,0,5,188,0,193,348,0,348,541
10/16/2020,DBQ,IA,ACE,CE,Federal Contract Tower,0,1,19,0,20,0,1,99,0,100,0,2,118,0,120,144,0,144,264
10/17/2020,DBQ,IA,ACE,CE,Federal Contract Tower,0,0,0,0,0,0,0,4,0,4,0,0,4,0,4,0,0,0,4
10/18/2020,DBQ,IA,ACE,CE,Federal Contract Tower,0,0,5,0,5,0,2,5,0,7,0,2,10,0,12,0,0,0,12
10/19/2020,DBQ,IA,ACE,CE,Federal Contract Tower,0,2,5,0,7,0,0,66,0,66,0,2,71,0,73,280,0,280,353
10/20/2020,DBQ,IA,ACE,CE,Federal Contract Tower,0,0,9,0,9,0,0,79,0,79,0,0,88,0,88,290,2,292,380
10/21/2020,DBQ,IA,ACE,CE,Federal Contract Tower,0,2,20,0,22,0,0,86,0,86,0,2,106,0,108,390,0,390,498
10/22/2020,DBQ,IA,ACE,CE,Federal Contract Tower,2,1,17,0,20,0,0,0,0,0,2,1,17,0,20,0,0,0,20
10/23/2020,DBQ,IA,ACE,CE,Federal Contract Tower,0,1,4,0,5,0,0,0,0,0,0,1,4,0,5,76,0,76,81
10/24/2020,DBQ,IA,ACE,CE,Federal Contract Tower,0,0,11,0,11,0,0,130,0,130,0,0,141,0,141,444,0,444,585
10/25/2020,DBQ,IA,ACE,CE,Federal Contract Tower,2,0,2,0,4,0,0,13,0,13,2,0,15,0,17,6,0,6,23
10/26/2020,DBQ,IA,ACE,CE,Federal Contract Tower,0,1,13,0,14,0,0,61,0,61,0,1,74,0,75,338,0,338,413
10/27/2020,DBQ,IA,ACE,CE,Federal Contract Tower,0,1,19,0,20,0,4,175,0,179,0,5,194,0,199,352,0,352,551
10/28/2020,DBQ,IA,ACE,CE,Federal Contract Tower,0,2,36,0,38,0,1,188,0,189,0,3,224,0,227,336,0,336,563
10/29/2020,DBQ,IA,ACE,CE,Federal Contract Tower,0,3,11,0,14,0,2,106,0,108,0,5,117,0,122,290,0,290,412
10/30/2020,DBQ,IA,ACE,CE,Federal Contract Tower,0,0,19,1,20,0,1,166,0,167,0,1,185,1,187,318,0,318,505
10/31/2020,DBQ,IA,ACE,CE,Federal Contract Tower,0,0,7,4,11,0,0,20,0,20,0,0,27,4,31,38,0,38,69
11/01/2020,DBQ,IA,ACE,CE,Federal Contract Tower,0,3,11,5,19,0,0,3,0,3,0,3,14,5,22,0,0,0,22
11/02/2020,DBQ,IA,ACE,CE,Federal Contract Tower,0,0,13,4,17,0,1,21,1,23,0,1,34,5,40,26,0,26,66
11/03/2020,DBQ,IA,ACE,CE,Federal Contract Tower,0,0,22,0,22,0,1,140,0,141,0,1,162,0,163,300,0,300,463
11/04/2020,DBQ,IA,ACE,CE,Federal Contract Tower,0,1,21,0,22,0,1,136,0,137,0,2,157,0,159,389,0,389,548
11/05/2020,DBQ,IA,ACE,CE,Federal Contract Tower,0,2,14,0,16,0,0,154,0,154,0,2,168,0,170,296,0,296,466
11/06/2020,DBQ,IA,ACE,CE,Federal Contract Tower,0,3,20,0,23,0,0,126,0,126,0,3,146,0,149,206,0,206,355
11/07/2020,DBQ,IA,ACE,CE,Federal Contract Tower,0,0,10,1,11,0,0,110,0,110,0,0,120,1,121,228,0,228,349
11/08/2020,DBQ,IA,ACE,CE,Federal Contract Tower,0,0,5,0,5,0,0,6,0,6,0,0,11,0,11,10,0,10,21
11/09/2020,DBQ,IA,ACE,CE,Federal Contract Tower,0,1,4,0,5,0,1,35,0,36,0,2,39,0,41,60,0,60,101
11/10/2020,DBQ,IA,ACE,CE,Federal Contract Tower,0,0,14,0,14,0,0,0,0,0,0,0,14,0,14,0,0,0,14
11/11/2020,DBQ,IA,ACE,CE,Federal Contract Tower,0,0,21,0,21,0,0,124,0,124,0,0,145,0,145,418,0,418,563
11/12/2020,DBQ,IA,ACE,CE,Federal Contract Tower,0,0,10,0,10,0,0,120,0,120,0,0,130,0,130,360,0,360,490
11/13/2020,DBQ,IA,ACE,CE,Federal Contract Tower,0,0,16,0,16,0,6,126,0,132,0,6,142,0,148,346,0,346,494
11/14/2020,DBQ,IA,ACE,CE,Federal Contract Tower,0,2,1,0,3,0,0,12,0,12,0,2,13,0,15,2,0,2,17
11/15/2020,DBQ,IA,ACE,CE,Federal Contract Tower,0,2,0,0,2,0,1,0,0,1,0,3,0,0,3,0,0,0,3
11/16/2020,DBQ,IA,ACE,CE,Federal Contract Tower,0,0,11,0,11,0,0,88,0,88,0,0,99,0,99,218,0,218,317
11/17/2020,DBQ,IA,ACE,CE,Federal Contract Tower,0,0,17,0,17,0,0,154,0,154,0,0,171,0,171,452,0,452,623
11/20/2020,DBQ,IA,ACE,CE,Federal Contract Tower,0,0,20,0,20,0,0,143,0,143,0,0,163,0,163,302,0,302,465
11/21/2020,DBQ,IA,ACE,CE,Federal Contract Tower,0,0,13,0,13,0,0,84,0,84,0,0,97,0,97,228,0,228,325
11/22/2020,DBQ,IA,ACE,CE,Federal Contract Tower,0,0,9,0,9,0,0,18,0,18,0,0,27,0,27,8,0,8,35
11/23/2020,DBQ,IA,ACE,CE,Federal Contract Tower,0,0,15,0,15,0,0,116,0,116,0,0,131,0,131,260,0,260,391
11/24/2020,DBQ,IA,ACE,CE,Federal Contract Tower,0,3,2,0,5,0,0,0,0,0,0,3,2,0,5,0,0,0,5
11/25/2020,DBQ,IA,ACE,CE,Federal Contract Tower,0,1,2,0,3,0,0,0,0,0,0,1,2,0,3,0,0,0,3
11/26/2020,DBQ,IA,ACE,CE,Federal Contract Tower,0,0,2,0,2,0,3,0,0,3,0,3,2,0,5,0,0,0,5
11/27/2020,DBQ,IA,ACE,CE,Federal Contract Tower,0,2,0,0,2,0,2,13,0,15,0,4,13,0,17,18,0,18,35
11/28/2020,DBQ,IA,ACE,CE,Federal Contract Tower,0,2,3,0,5,0,2,27,0,29,0,4,30,0,34,40,0,40,74
11/29/2020,DBQ,IA,ACE,CE,Federal Contract Tower,2,0,4,0,6,0,2,16,0,18,2,2,20,0,24,12,0,12,36
11/30/2020,DBQ,IA,ACE,CE,Federal Contract Tower,0,0,10,0,10,0,1,114,0,115,0,1,124,0,125,308,0,308,433
12/01/2020,DBQ,IA,ACE,CE,Federal Contract Tower,0,2,27,0,29,0,0,123,0,123,0,2,150,0,152,320,2,322,474
12/02/2020,DBQ,IA,ACE,CE,Federal Contract Tower,0,0,13,0,13,0,1,139,0,140,0,1,152,0,153,362,0,362,515
12/03/2020,DBQ,IA,ACE,CE,Federal Contract Tower,0,2,10,0,12,0,0,76,0,76,0,2,86,0,88,232,0,232,320
12/04/2020,DBQ,IA,ACE,CE,Federal Contract Tower,0,0,30,0,30,0,1,140,0,141,0,1,170,0,171,292,0,292,463
12/05/2020,DBQ,IA,ACE,CE,Federal Contract Tower,0,0,22,0,22,0,0,112,0,112,0,0,134,0,134,250,0,250,384
12/06/2020,DBQ,IA,ACE,CE,Federal Contract Tower,0,0,10,0,10,0,0,19,0,19,0,0,29,0,29,42,0,42,71
12/07/2020,DBQ,IA,ACE,CE,Federal Contract Tower,0,0,2,0,2,0,3,11,0,14,0,3,13,0,16,130,0,130,146
12/08/2020,DBQ,IA,ACE,CE,Federal Contract Tower,0,0,1,0,1,0,0,0,0,0,0,0,1,0,1,0,0,0,1
12/09/2020,DBQ,IA,ACE,CE,Federal Contract Tower,0,4,29,0,33,0,0,191,0,191,0,4,220,0,224,310,0,310,534
12/10/2020,DBQ,IA,ACE,CE,Federal Contract Tower,0,3,24,0,27,0,2,148,0,150,0,5,172,0,177,333,0,333,510
12/11/2020,DBQ,IA,ACE,CE,Federal Contract Tower,0,1,1,0,2,0,0,4,0,4,0,1,5,0,6,38,0,38,44
12/12/2020,DBQ,IA,ACE,CE,Federal Contract Tower,0,1,0,0,1,0,0,0,0,0,0,1,0,0,1,0,0,0,1
12/13/2020,DBQ,IA,ACE,CE,Federal Contract Tower,0,1,2,0,3,0,0,2,0,2,0,1,4,0,5,4,0,4,9
12/14/2020,DBQ,IA,ACE,CE,Federal Contract Tower,0,0,13,0,13,0,2,97,0,99,0,2,110,0,112,350,0,350,462
12/15/2020,DBQ,IA,ACE,CE,Federal Contract Tower,0,0,37,0,37,0,0,113,0,113,0,0,150,0,150,248,0,248,398
12/16/2020,DBQ,IA,ACE,CE,Federal Contract Tower,0,2,8,0,10,0,0,91,0,91,0,2,99,0,101,410,0,410,511
12/17/2020,DBQ,IA,ACE,CE,Federal Contract Tower,0,4,18,0,22,0,0,104,0,104,0,4,122,0,126,208,0,208,334
12/18/2020,DBQ,IA,ACE,CE,Federal Contract Tower,0,2,18,0,20,0,2,58,0,60,0,4,76,0,80,186,0,186,266
12/19/2020,DBQ,IA,ACE,CE,Federal Contract Tower,0,0,0,0,0,0,0,0,0,0,0,0,0,0,0,0,0,0,0
12/20/2020,DBQ,IA,ACE,CE,Federal Contract Tower,0,2,8,0,10,0,0,8,0,8,0,2,16,0,18,4,0,4,22
12/21/2020,DBQ,IA,ACE,CE,Federal Contract Tower,0,0,7,0,7,0,2,9,0,11,0,2,16,0,18,6,0,6,24
12/22/2020,DBQ,IA,ACE,CE,Federal Contract Tower,0,0,13,0,13,0,0,92,0,92,0,0,105,0,105,108,0,108,213
12/23/2020,DBQ,IA,ACE,CE,Federal Contract Tower,0,1,4,0,5,0,0,2,0,2,0,1,6,0,7,18,0,18,25
12/24/2020,DBQ,IA,ACE,CE,Federal Contract Tower,0,1,2,0,3,0,0,0,0,0,0,1,2,0,3,0,0,0,3
12/25/2020,DBQ,IA,ACE,CE,Federal Contract Tower,0,0,0,0,0,0,0,2,0,2,0,0,2,0,2,0,0,0,2
12/26/2020,DBQ,IA,ACE,CE,Federal Contract Tower,0,1,4,0,5,0,0,40,0,40,0,1,44,0,45,34,0,34,79
12/27/2020,DBQ,IA,ACE,CE,Federal Contract Tower,0,1,2,0,3,0,0,1,0,1,0,1,3,0,4,0,0,0,4
12/28/2020,DBQ,IA,ACE,CE,Federal Contract Tower,0,0,9,0,9,0,2,18,0,20,0,2,27,0,29,10,0,10,39
12/29/2020,DBQ,IA,ACE,CE,Federal Contract Tower,0,0,2,0,2,0,0,0,0,0,0,0,2,0,2,0,0,0,2
12/30/2020,DBQ,IA,ACE,CE,Federal Contract Tower,0,0,2,0,2,0,1,0,0,1,0,1,2,0,3,0,0,0,3
12/31/2020,DBQ,IA,ACE,CE,Federal Contract Tower,0,0,5,0,5,0,0,3,0,3,0,0,8,0,8,0,0,0,8
01/01/2021,DBQ,IA,ACE,CE,Federal Contract Tower,0,0,1,0,1,0,0,0,0,0,0,0,1,0,1,0,0,0,1
01/02/2021,DBQ,IA,ACE,CE,Federal Contract Tower,0,0,0,0,0,0,0,0,0,0,0,0,0,0,0,0,0,0,0
01/03/2021,DBQ,IA,ACE,CE,Federal Contract Tower,0,0,1,0,1,0,0,0,0,0,0,0,1,0,1,0,0,0,1
01/04/2021,DBQ,IA,ACE,CE,Federal Contract Tower,0,0,2,0,2,0,0,0,0,0,0,0,2,0,2,0,0,0,2
01/05/2021,DBQ,IA,ACE,CE,Federal Contract Tower,0,1,8,0,9,0,0,49,0,49,0,1,57,0,58,186,0,186,244
01/06/2021,DBQ,IA,ACE,CE,Federal Contract Tower,0,3,5,0,8,0,0,1,0,1,0,3,6,0,9,0,0,0,9
01/07/2021,DBQ,IA,ACE,CE,Federal Contract Tower,0,2,6,0,8,0,0,16,0,16,0,2,22,0,24,122,0,122,146
01/08/2021,DBQ,IA,ACE,CE,Federal Contract Tower,0,6,5,0,11,0,0,25,0,25,0,6,30,0,36,232,0,232,268
01/09/2021,DBQ,IA,ACE,CE,Federal Contract Tower,0,3,2,0,5,0,0,17,0,17,0,3,19,0,22,282,0,282,304
01/10/2021,DBQ,IA,ACE,CE,Federal Contract Tower,0,2,5,0,7,0,0,0,0,0,0,2,5,0,7,0,0,0,7
01/11/2021,DBQ,IA,ACE,CE,Federal Contract Tower,0,1,6,0,7,0,1,31,0,32,0,2,37,0,39,176,0,176,215
01/12/2021,DBQ,IA,ACE,CE,Federal Contract Tower,0,2,18,0,20,0,1,66,0,67,0,3,84,0,87,162,0,162,249
01/13/2021,DBQ,IA,ACE,CE,Federal Contract Tower,0,3,27,0,30,0,1,212,0,213,0,4,239,0,243,328,0,328,571
01/14/2021,DBQ,IA,ACE,CE,Federal Contract Tower,0,2,4,0,6,0,0,31,0,31,0,2,35,0,37,120,0,120,157
01/15/2021,DBQ,IA,ACE,CE,Federal Contract Tower,0,1,5,0,6,0,2,4,0,6,0,3,9,0,12,38,0,38,50
01/16/2021,DBQ,IA,ACE,CE,Federal Contract Tower,0,2,1,0,3,0,0,3,0,3,0,2,4,0,6,38,0,38,44
01/17/2021,DBQ,IA,ACE,CE,Federal Contract Tower,0,1,1,0,2,0,0,6,0,6,0,1,7,0,8,0,0,0,8
01/18/2021,DBQ,IA,ACE,CE,Federal Contract Tower,0,2,7,0,9,0,0,64,0,64,0,2,71,0,73,284,0,284,357
01/19/2021,DBQ,IA,ACE,CE,Federal Contract Tower,0,2,4,0,6,0,0,6,0,6,0,2,10,0,12,22,0,22,34
01/20/2021,DBQ,IA,ACE,CE,Federal Contract Tower,0,2,13,1,16,0,0,124,0,124,0,2,137,1,140,190,0,190,330
01/21/2021,DBQ,IA,ACE,CE,Federal Contract Tower,0,1,16,0,17,0,0,113,0,113,0,1,129,0,130,128,0,128,258
01/22/2021,DBQ,IA,ACE,CE,Federal Contract Tower,0,2,29,0,31,0,0,180,0,180,0,2,209,0,211,366,0,366,577
01/23/2021,DBQ,IA,ACE,CE,Federal Contract Tower,0,4,11,0,15,0,0,81,0,81,0,4,92,0,96,152,0,152,248
01/24/2021,DBQ,IA,ACE,CE,Federal Contract Tower,0,1,1,0,2,0,0,2,0,2,0,1,3,0,4,28,0,28,32
01/25/2021,DBQ,IA,ACE,CE,Federal Contract Tower,0,1,6,0,7,0,4,38,0,42,0,5,44,0,49,216,0,216,265
01/26/2021,DBQ,IA,ACE,CE,Federal Contract Tower,0,2,7,0,9,0,0,21,0,21,0,2,28,0,30,140,0,140,170
01/27/2021,DBQ,IA,ACE,CE,Federal Contract Tower,0,2,22,0,24,0,0,140,0,140,0,2,162,0,164,390,0,390,554
01/28/2021,DBQ,IA,ACE,CE,Federal Contract Tower,0,1,31,0,32,0,2,195,0,197,0,3,226,0,229,342,2,344,573
01/29/2021,DBQ,IA,ACE,CE,Federal Contract Tower,0,2,17,0,19,0,0,111,0,111,0,2,128,0,130,272,0,272,402
01/30/2021,DBQ,IA,ACE,CE,Federal Contract Tower,0,1,5,0,6,0,0,17,0,17,0,1,22,0,23,62,0,62,85
01/31/2021,DBQ,IA,ACE,CE,Federal Contract Tower,0,2,5,0,7,0,0,0,0,0,0,2,5,0,7,0,0,0,7
02/01/2021,DBQ,IA,ACE,CE,Federal Contract Tower,0,2,13,0,15,0,1,10,0,11,0,3,23,0,26,86,0,86,112
02/02/2021,DBQ,IA,ACE,CE,Federal Contract Tower,0,3,8,0,11,0,0,11,0,11,0,3,19,0,22,24,0,24,46
02/03/2021,DBQ,IA,ACE,CE,Federal Contract Tower,0,4,44,0,48,0,0,7,0,7,0,4,51,0,55,26,0,26,81
02/04/2021,DBQ,IA,ACE,CE,Federal Contract Tower,0,2,1,0,3,0,0,0,0,0,0,2,1,0,3,0,0,0,3
02/05/2021,DBQ,IA,ACE,CE,Federal Contract Tower,0,2,9,0,11,0,0,10,0,10,0,2,19,0,21,2,0,2,23
02/09/2021,DBQ,IA,ACE,CE,Federal Contract Tower,0,2,25,0,27,0,0,134,0,134,0,2,159,0,161,202,0,202,363
02/10/2021,DBQ,IA,ACE,CE,Federal Contract Tower,0,4,15,0,19,0,1,161,0,162,0,5,176,0,181,334,0,334,515
02/11/2021,DBQ,IA,ACE,CE,Federal Contract Tower,0,3,12,0,15,0,0,60,0,60,0,3,72,0,75,68,0,68,143
02/12/2021,DBQ,IA,ACE,CE,Federal Contract Tower,0,3,13,0,16,0,0,41,0,41,0,3,54,0,57,126,0,126,183
02/13/2021,DBQ,IA,ACE,CE,Federal Contract Tower,0,2,2,0,4,0,0,3,0,3,0,2,5,0,7,22,0,22,29
02/14/2021,DBQ,IA,ACE,CE,Federal Contract Tower,0,2,4,0,6,0,0,3,0,3,0,2,7,0,9,0,0,0,9
02/15/2021,DBQ,IA,ACE,CE,Federal Contract Tower,2,1,12,0,15,0,0,37,0,37,2,1,49,0,52,2,0,2,54
02/16/2021,DBQ,IA,ACE,CE,Federal Contract Tower,0,1,11,0,12,0,0,138,0,138,0,1,149,0,150,214,0,214,364
02/17/2021,DBQ,IA,ACE,CE,Federal Contract Tower,0,2,7,0,9,0,0,152,0,152,0,2,159,0,161,334,0,334,495
02/18/2021,DBQ,IA,ACE,CE,Federal Contract Tower,0,1,10,0,11,0,0,133,0,133,0,1,143,0,144,324,0,324,468
02/19/2021,DBQ,IA,ACE,CE,Federal Contract Tower,0,2,13,0,15,0,0,75,0,75,0,2,88,0,90,198,0,198,288
02/20/2021,DBQ,IA,ACE,CE,Federal Contract Tower,0,2,11,0,13,0,1,86,0,87,0,3,97,0,100,272,0,272,372
02/21/2021,DBQ,IA,ACE,CE,Federal Contract Tower,0,2,6,0,8,0,0,0,0,0,0,2,6,0,8,0,0,0,8
02/22/2021,DBQ,IA,ACE,CE,Federal Contract Tower,0,5,7,0,12,0,0,67,0,67,0,5,74,0,79,92,0,92,171
02/23/2021,DBQ,IA,ACE,CE,Federal Contract Tower,0,4,27,0,31,0,0,171,0,171,0,4,198,0,202,254,0,254,456
02/24/2021,DBQ,IA,ACE,CE,Federal Contract Tower,0,2,13,0,15,0,1,98,0,99,0,3,111,0,114,390,0,390,504
02/25/2021,DBQ,IA,ACE,CE,Federal Contract Tower,0,4,21,0,25,0,0,163,0,163,0,4,184,0,188,236,0,236,424
02/26/2021,DBQ,IA,ACE,CE,Federal Contract Tower,0,1,26,0,27,0,0,136,0,136,0,1,162,0,163,302,0,302,465
02/27/2021,DBQ,IA,ACE,CE,Federal Contract Tower,0,2,24,0,26,0,1,84,0,85,0,3,108,0,111,156,0,156,267
02/28/2021,DBQ,IA,ACE,CE,Federal Contract Tower,0,2,7,0,9,0,0,4,0,4,0,2,11,0,13,0,0,0,13
03/01/2021,DBQ,IA,ACE,CE,Federal Contract Tower,0,3,13,0,16,0,0,94,0,94,0,3,107,0,110,160,0,160,270
03/02/2021,DBQ,IA,ACE,CE,Federal Contract Tower,0,2,23,0,25,0,1,104,0,105,0,3,127,0,130,164,0,164,294
03/03/2021,DBQ,IA,ACE,CE,Federal Contract Tower,0,2,27,0,29,0,0,117,0,117,0,2,144,0,146,238,0,238,384
03/04/2021,DBQ,IA,ACE,CE,Federal Contract Tower,0,2,30,0,32,0,2,53,0,55,0,4,83,0,87,176,0,176,263
03/05/2021,DBQ,IA,ACE,CE,Federal Contract Tower,0,2,18,0,20,0,1,85,0,86,0,3,103,0,106,214,0,214,320
03/06/2021,DBQ,IA,ACE,CE,Federal Contract Tower,0,2,10,0,12,0,2,59,0,61,0,4,69,0,73,78,0,78,151
03/07/2021,DBQ,IA,ACE,CE,Federal Contract Tower,0,1,3,0,4,0,2,13,0,15,0,3,16,0,19,26,0,26,45
03/08/2021,DBQ,IA,ACE,CE,Federal Contract Tower,0,3,32,0,35,0,0,136,0,136,0,3,168,0,171,272,0,272,443
03/09/2021,DBQ,IA,ACE,CE,Federal Contract Tower,0,1,18,0,19,0,0,93,0,93,0,1,111,0,112,112,0,112,224
03/10/2021,DBQ,IA,ACE,CE,Federal Contract Tower,0,4,4,0,8,0,0,4,0,4,0,4,8,0,12,20,0,20,32
03/11/2021,DBQ,IA,ACE,CE,Federal Contract Tower,0,8,15,0,23,0,0,71,0,71,0,8,86,0,94,192,2,194,288
03/12/2021,DBQ,IA,ACE,CE,Federal Contract Tower,0,3,25,0,28,0,1,193,0,194,0,4,218,0,222,240,0,240,462
03/13/2021,DBQ,IA,ACE,CE,Federal Contract Tower,0,3,28,0,31,0,0,154,0,154,0,3,182,0,185,232,0,232,417
03/14/2021,DBQ,IA,ACE,CE,Federal Contract Tower,0,3,1,0,4,0,0,8,0,8,0,3,9,0,12,0,0,0,12
03/15/2021,DBQ,IA,ACE,CE,Federal Contract Tower,0,1,2,0,3,0,0,0,0,0,0,1,2,0,3,0,0,0,3
03/16/2021,DBQ,IA,ACE,CE,Federal Contract Tower,0,1,6,0,7,0,0,6,0,6,0,1,12,0,13,6,0,6,19
03/17/2021,DBQ,IA,ACE,CE,Federal Contract Tower,0,2,6,0,8,0,0,0,0,0,0,2,6,0,8,0,0,0,8
03/18/2021,DBQ,IA,ACE,CE,Federal Contract Tower,0,4,12,0,16,0,2,5,0,7,0,6,17,0,23,12,0,12,35
03/19/2021,DBQ,IA,ACE,CE,Federal Contract Tower,0,1,34,0,35,0,3,196,0,199,0,4,230,0,234,260,0,260,494
03/20/2021,DBQ,IA,ACE,CE,Federal Contract Tower,0,1,31,0,32,0,1,123,0,124,0,2,154,0,156,246,0,246,402
03/22/2021,DBQ,IA,ACE,CE,Federal Contract Tower,0,2,17,0,19,0,0,137,0,137,0,2,154,0,156,194,0,194,350
03/23/2021,DBQ,IA,ACE,CE,Federal Contract Tower,0,2,16,0,18,0,1,27,0,28,0,3,43,0,46,74,0,74,120
03/24/2021,DBQ,IA,ACE,CE,Federal Contract Tower,0,6,9,0,15,0,0,0,0,0,0,6,9,0,15,0,0,0,15
03/25/2021,DBQ,IA,ACE,CE,Federal Contract Tower,0,1,20,0,21,0,0,20,0,20,0,1,40,0,41,162,0,162,203
03/26/2021,DBQ,IA,ACE,CE,Federal Contract Tower,0,4,17,0,21,0,0,100,0,100,0,4,117,0,121,346,0,346,467
03/27/2021,DBQ,IA,ACE,CE,Federal Contract Tower,0,2,26,0,28,0,0,0,0,0,0,2,26,0,28,0,0,0,28
03/28/2021,DBQ,IA,ACE,CE,Federal Contract Tower,0,4,3,0,7,0,1,25,0,26,0,5,28,0,33,26,0,26,59
03/29/2021,DBQ,IA,ACE,CE,Federal Contract Tower,0,2,12,0,14,0,0,18,0,18,0,2,30,0,32,74,0,74,106
03/30/2021,DBQ,IA,ACE,CE,Federal Contract Tower,0,1,19,0,20,0,0,120,0,120,0,1,139,0,140,110,0,110,250
03/31/2021,DBQ,IA,ACE,CE,Federal Contract Tower,0,2,8,0,10,0,1,102,0,103,0,3,110,0,113,122,0,122,235
04/02/2021,DBQ,IA,ACE,CE,Federal Contract Tower,0,3,19,0,22,0,0,62,0,62,0,3,81,0,84,52,0,52,136
04/03/2021,DBQ,IA,ACE,CE,Federal Contract Tower,0,4,5,0,9,0,0,16,0,16,0,4,21,0,25,0,0,0,25
04/04/2021,DBQ,IA,ACE,CE,Federal Contract Tower,0,3,2,0,5,0,1,11,0,12,0,4,13,0,17,8,0,8,25
04/05/2021,DBQ,IA,ACE,CE,Federal Contract Tower,0,3,16,0,19,0,2,131,0,133,0,5,147,0,152,126,0,126,278
04/06/2021,DBQ,IA,ACE,CE,Federal Contract Tower,0,2,31,0,33,0,0,138,0,138,0,2,169,0,171,358,0,358,529
04/07/2021,DBQ,IA,ACE,CE,Federal Contract Tower,0,2,17,0,19,0,0,67,0,67,0,2,84,0,86,202,0,202,288
04/08/2021,DBQ,IA,ACE,CE,Federal Contract Tower,0,4,34,1,39,0,0,58,0,58,0,4,92,1,97,214,0,214,311
04/09/2021,DBQ,IA,ACE,CE,Federal Contract Tower,0,3,52,0,55,0,0,3,0,3,0,3,55,0,58,0,0,0,58
04/10/2021,DBQ,IA,ACE,CE,Federal Contract Tower,0,5,22,0,27,0,0,2,0,2,0,5,24,0,29,0,0,0,29
04/11/2021,DBQ,IA,ACE,CE,Federal Contract Tower,0,3,7,0,10,0,0,4,0,4,0,3,11,0,14,0,0,0,14
04/12/2021,DBQ,IA,ACE,CE,Federal Contract Tower,0,3,25,0,28,0,1,70,0,71,0,4,95,0,99,252,0,252,351
04/13/2021,DBQ,IA,ACE,CE,Federal Contract Tower,2,4,21,0,27,0,2,93,0,95,2,6,114,0,122,136,0,136,258
04/14/2021,DBQ,IA,ACE,CE,Federal Contract Tower,0,5,25,0,30,0,1,100,0,101,0,6,125,0,131,312,0,312,443
04/15/2021,DBQ,IA,ACE,CE,Federal Contract Tower,0,7,11,0,18,0,1,127,0,128,0,8,138,0,146,270,0,270,416
04/16/2021,DBQ,IA,ACE,CE,Federal Contract Tower,0,5,25,0,30,0,1,167,0,168,0,6,192,0,198,218,0,218,416
04/17/2021,DBQ,IA,ACE,CE,Federal Contract Tower,0,6,22,0,28,0,0,85,0,85,0,6,107,0,113,118,0,118,231
04/18/2021,DBQ,IA,ACE,CE,Federal Contract Tower,0,4,7,0,11,0,2,59,0,61,0,6,66,0,72,50,0,50,122
04/19/2021,DBQ,IA,ACE,CE,Federal Contract Tower,0,4,4,0,8,0,2,104,0,106,0,6,108,0,114,204,0,204,318
04/20/2021,DBQ,IA,ACE,CE,Federal Contract Tower,0,3,16,0,19,0,0,144,0,144,0,3,160,0,163,282,0,282,445
04/21/2021,DBQ,IA,ACE,CE,Federal Contract Tower,0,5,13,0,18,0,0,131,0,131,0,5,144,0,149,152,0,152,301
04/22/2021,DBQ,IA,ACE,CE,Federal Contract Tower,0,5,15,0,20,0,1,95,0,96,0,6,110,0,116,180,0,180,296
04/23/2021,DBQ,IA,ACE,CE,Federal Contract Tower,0,4,20,0,24,0,0,106,0,106,0,4,126,0,130,198,0,198,328
04/24/2021,DBQ,IA,ACE,CE,Federal Contract Tower,1,7,12,0,20,0,1,71,0,72,1,8,83,0,92,154,0,154,246
04/25/2021,DBQ,IA,ACE,CE,Federal Contract Tower,0,5,15,0,20,0,1,29,0,30,0,6,44,0,50,8,0,8,58
04/26/2021,DBQ,IA,ACE,CE,Federal Contract Tower,0,5,15,0,20,0,4,44,0,48,0,9,59,0,68,102,0,102,170
04/27/2021,DBQ,IA,ACE,CE,Federal Contract Tower,0,4,26,0,30,0,0,140,0,140,0,4,166,0,170,236,0,236,406
04/28/2021,DBQ,IA,ACE,CE,Federal Contract Tower,0,7,31,0,38,0,2,138,0,140,0,9,169,0,178,228,0,228,406
04/29/2021,DBQ,IA,ACE,CE,Federal Contract Tower,0,4,26,0,30,0,3,120,0,123,0,7,146,0,153,146,0,146,299
04/30/2021,DBQ,IA,ACE,CE,Federal Contract Tower,2,6,17,0,25,0,1,106,0,107,2,7,123,0,132,186,0,186,318
05/01/2021,DBQ,IA,ACE,CE,Federal Contract Tower,0,5,6,0,11,0,2,8,0,10,0,7,14,0,21,4,0,4,25
05/02/2021,DBQ,IA,ACE,CE,Federal Contract Tower,0,6,3,0,9,0,2,6,0,8,0,8,9,0,17,0,0,0,17
05/03/2021,DBQ,IA,ACE,CE,Federal Contract Tower,0,4,17,0,21,0,0,4,0,4,0,4,21,0,25,28,0,28,53
05/04/2021,DBQ,IA,ACE,CE,Federal Contract Tower,2,3,27,2,34,0,0,115,0,115,2,3,142,2,149,142,0,142,291
05/05/2021,DBQ,IA,ACE,CE,Federal Contract Tower,0,2,24,0,26,0,0,140,0,140,0,2,164,0,166,180,0,180,346
05/06/2021,DBQ,IA,ACE,CE,Federal Contract Tower,0,4,24,0,28,0,2,69,0,71,0,6,93,0,99,116,0,116,215
05/07/2021,DBQ,IA,ACE,CE,Federal Contract Tower,0,2,20,0,22,0,2,105,0,107,0,4,125,0,129,198,0,198,327
05/08/2021,DBQ,IA,ACE,CE,Federal Contract Tower,0,2,8,0,10,0,0,79,0,79,0,2,87,0,89,50,0,50,139
05/09/2021,DBQ,IA,ACE,CE,Federal Contract Tower,0,2,6,0,8,0,0,7,0,7,0,2,13,0,15,24,0,24,39
05/10/2021,DBQ,IA,ACE,CE,Federal Contract Tower,0,2,14,0,16,0,0,137,0,137,0,2,151,0,153,128,0,128,281
05/11/2021,DBQ,IA,ACE,CE,Federal Contract Tower,0,2,19,0,21,0,1,124,0,125,0,3,143,0,146,200,0,200,346
05/12/2021,DBQ,IA,ACE,CE,Federal Contract Tower,0,2,24,0,26,0,1,143,0,144,0,3,167,0,170,268,0,268,438
05/13/2021,DBQ,IA,ACE,CE,Federal Contract Tower,0,7,20,2,29,0,2,128,0,130,0,9,148,2,159,200,0,200,359
05/14/2021,DBQ,IA,ACE,CE,Federal Contract Tower,0,5,23,0,28,0,1,138,0,139,0,6,161,0,167,148,0,148,315
05/15/2021,DBQ,IA,ACE,CE,Federal Contract Tower,0,8,10,0,18,0,0,2,0,2,0,8,12,0,20,0,0,0,20
05/16/2021,DBQ,IA,ACE,CE,Federal Contract Tower,0,5,7,0,12,0,1,12,0,13,0,6,19,0,25,2,0,2,27
05/17/2021,DBQ,IA,ACE,CE,Federal Contract Tower,0,3,29,0,32,0,0,77,0,77,0,3,106,0,109,166,0,166,275
05/18/2021,DBQ,IA,ACE,CE,Federal Contract Tower,0,2,15,0,17,0,0,0,0,0,0,2,15,0,17,0,0,0,17
05/19/2021,DBQ,IA,ACE,CE,Federal Contract Tower,0,2,20,1,23,0,0,5,0,5,0,2,25,1,28,52,0,52,80
05/20/2021,DBQ,IA,ACE,CE,Federal Contract Tower,0,3,13,0,16,0,1,64,0,65,0,4,77,0,81,78,0,78,159
05/21/2021,DBQ,IA,ACE,CE,Federal Contract Tower,0,3,24,0,27,0,0,27,0,27,0,3,51,0,54,122,0,122,176
05/22/2021,DBQ,IA,ACE,CE,Federal Contract Tower,0,1,18,0,19,0,1,82,0,83,0,2,100,0,102,164,0,164,266
05/23/2021,DBQ,IA,ACE,CE,Federal Contract Tower,0,5,9,0,14,0,1,7,0,8,0,6,16,0,22,28,0,28,50
05/24/2021,DBQ,IA,ACE,CE,Federal Contract Tower,0,2,29,0,31,0,2,112,0,114,0,4,141,0,145,200,0,200,345
05/25/2021,DBQ,IA,ACE,CE,Federal Contract Tower,0,2,20,0,22,0,1,62,0,63,0,3,82,0,85,116,0,116,201
05/26/2021,DBQ,IA,ACE,CE,Federal Contract Tower,0,2,20,0,22,0,0,162,0,162,0,2,182,0,184,188,0,188,372
05/27/2021,DBQ,IA,ACE,CE,Federal Contract Tower,0,2,15,0,17,0,0,14,0,14,0,2,29,0,31,56,0,56,87
05/28/2021,DBQ,IA,ACE,CE,Federal Contract Tower,0,2,12,0,14,0,0,2,0,2,0,2,14,0,16,0,0,0,16
05/29/2021,DBQ,IA,ACE,CE,Federal Contract Tower,0,3,2,0,5,0,1,35,0,36,0,4,37,0,41,24,0,24,65
05/30/2021,DBQ,IA,ACE,CE,Federal Contract Tower,0,2,3,0,5,0,0,8,0,8,0,2,11,0,13,22,0,22,35
05/31/2021,DBQ,IA,ACE,CE,Federal Contract Tower,0,3,3,0,6,0,0,10,0,10,0,3,13,0,16,10,0,10,26
06/01/2021,DBQ,IA,ACE,CE,Federal Contract Tower,0,4,27,0,31,0,0,117,0,117,0,4,144,0,148,110,0,110,258
06/02/2021,DBQ,IA,ACE,CE,Federal Contract Tower,0,4,26,0,30,0,0,125,0,125,0,4,151,0,155,188,0,188,343
06/03/2021,DBQ,IA,ACE,CE,Federal Contract Tower,0,3,25,0,28,0,1,137,1,139,0,4,162,1,167,180,0,180,347
06/04/2021,DBQ,IA,ACE,CE,Federal Contract Tower,0,3,17,0,20,0,0,93,0,93,0,3,110,0,113,126,0,126,239
06/05/2021,DBQ,IA,ACE,CE,Federal Contract Tower,0,9,15,0,24,0,8,125,0,133,0,17,140,0,157,140,0,140,297
06/06/2021,DBQ,IA,ACE,CE,Federal Contract Tower,0,4,7,0,11,0,0,15,0,15,0,4,22,0,26,20,0,20,46
06/07/2021,DBQ,IA,ACE,CE,Federal Contract Tower,0,5,23,0,28,0,0,83,0,83,0,5,106,0,111,122,0,122,233
06/08/2021,DBQ,IA,ACE,CE,Federal Contract Tower,0,8,16,0,24,0,0,120,0,120,0,8,136,0,144,326,0,326,470
06/09/2021,DBQ,IA,ACE,CE,Federal Contract Tower,0,5,23,0,28,0,0,116,0,116,0,5,139,0,144,226,0,226,370
06/10/2021,DBQ,IA,ACE,CE,Federal Contract Tower,0,3,28,0,31,0,1,110,0,111,0,4,138,0,142,212,0,212,354
06/11/2021,DBQ,IA,ACE,CE,Federal Contract Tower,0,4,11,0,15,0,0,84,0,84,0,4,95,0,99,137,0,137,236
06/12/2021,DBQ,IA,ACE,CE,Federal Contract Tower,0,4,13,0,17,0,2,95,0,97,0,6,108,0,114,182,0,182,296
06/13/2021,DBQ,IA,ACE,CE,Federal Contract Tower,0,4,2,0,6,0,0,17,0,17,0,4,19,0,23,18,0,18,41
06/14/2021,DBQ,IA,ACE,CE,Federal Contract Tower,0,6,26,0,32,0,2,99,2,103,0,8,125,2,135,138,0,138,273
06/15/2021,DBQ,IA,ACE,CE,Federal Contract Tower,0,4,21,1,26,0,1,151,1,153,0,5,172,2,179,180,2,182,361
06/16/2021,DBQ,IA,ACE,CE,Federal Contract Tower,0,5,27,0,32,0,1,132,0,133,0,6,159,0,165,128,0,128,293
06/17/2021,DBQ,IA,ACE,CE,Federal Contract Tower,0,5,22,0,27,0,0,95,0,95,0,5,117,0,122,68,0,68,190
06/18/2021,DBQ,IA,ACE,CE,Federal Contract Tower,0,7,12,0,19,0,3,107,4,114,0,10,119,4,133,126,0,126,259
06/19/2021,DBQ,IA,ACE,CE,Federal Contract Tower,0,3,10,0,13,0,3,62,0,65,0,6,72,0,78,90,0,90,168
06/20/2021,DBQ,IA,ACE,CE,Federal Contract Tower,0,3,6,0,9,0,0,1,0,1,0,3,7,0,10,0,0,0,10
06/21/2021,DBQ,IA,ACE,CE,Federal Contract Tower,0,4,19,0,23,0,1,64,0,65,0,5,83,0,88,58,0,58,146
06/22/2021,DBQ,IA,ACE,CE,Federal Contract Tower,0,3,20,0,23,0,0,145,0,145,0,3,165,0,168,144,0,144,312
06/23/2021,DBQ,IA,ACE,CE,Federal Contract Tower,0,5,29,0,34,0,1,101,0,102,0,6,130,0,136,134,0,134,270
06/24/2021,DBQ,IA,ACE,CE,Federal Contract Tower,0,2,24,0,26,0,2,30,0,32,0,4,54,0,58,104,0,104,162
06/25/2021,DBQ,IA,ACE,CE,Federal Contract Tower,0,4,24,0,28,0,0,12,0,12,0,4,36,0,40,16,0,16,56
06/26/2021,DBQ,IA,ACE,CE,Federal Contract Tower,0,5,8,0,13,0,0,2,0,2,0,5,10,0,15,0,0,0,15
06/27/2021,DBQ,IA,ACE,CE,Federal Contract Tower,0,7,13,0,20,0,1,28,0,29,0,8,41,0,49,48,0,48,97
06/28/2021,DBQ,IA,ACE,CE,Federal Contract Tower,0,3,32,0,35,0,2,50,0,52,0,5,82,0,87,138,0,138,225
06/29/2021,DBQ,IA,ACE,CE,Federal Contract Tower,0,3,34,0,37,0,1,7,0,8,0,4,41,0,45,52,0,52,97
06/30/2021,DBQ,IA,ACE,CE,Federal Contract Tower,0,3,26,1,30,0,1,115,0,116,0,4,141,1,146,156,0,156,302
07/01/2021,DBQ,IA,ACE,CE,Federal Contract Tower,0,6,24,0,30,0,0,117,5,122,0,6,141,5,152,118,0,118,270
07/02/2021,DBQ,IA,ACE,CE,Federal Contract Tower,0,2,18,0,20,0,3,17,11,31,0,5,35,11,51,28,4,32,83
07/03/2021,DBQ,IA,ACE,CE,Federal Contract Tower,0,1,9,0,10,0,1,61,9,71,0,2,70,9,81,0,0,0,81
07/04/2021,DBQ,IA,ACE,CE,Federal Contract Tower,0,2,1,0,3,0,0,16,4,20,0,2,17,4,23,0,0,0,23
07/05/2021,DBQ,IA,ACE,CE,Federal Contract Tower,0,3,3,1,7,0,0,10,2,12,0,3,13,3,19,12,2,14,33
07/06/2021,DBQ,IA,ACE,CE,Federal Contract Tower,0,3,20,2,25,0,0,134,0,134,0,3,154,2,159,238,0,238,397
07/07/2021,DBQ,IA,ACE,CE,Federal Contract Tower,0,1,23,0,24,0,0,105,0,105,0,1,128,0,129,194,0,194,323
07/08/2021,DBQ,IA,ACE,CE,Federal Contract Tower,0,2,52,0,54,0,0,39,0,39,0,2,91,0,93,144,0,144,237
07/09/2021,DBQ,IA,ACE,CE,Federal Contract Tower,0,1,13,0,14,0,0,53,0,53,0,1,66,0,67,200,0,200,267
07/10/2021,DBQ,IA,ACE,CE,Federal Contract Tower,0,1,14,0,15,0,0,44,0,44,0,1,58,0,59,166,0,166,225
07/11/2021,DBQ,IA,ACE,CE,Federal Contract Tower,0,4,6,0,10,0,1,10,0,11,0,5,16,0,21,0,0,0,21
07/12/2021,DBQ,IA,ACE,CE,Federal Contract Tower,0,2,20,0,22,0,0,62,2,64,0,2,82,2,86,131,0,131,217
07/13/2021,DBQ,IA,ACE,CE,Federal Contract Tower,0,3,40,0,43,0,0,88,0,88,0,3,128,0,131,216,0,216,347
07/14/2021,DBQ,IA,ACE,CE,Federal Contract Tower,0,1,14,0,15,0,1,63,0,64,0,2,77,0,79,108,0,108,187
07/15/2021,DBQ,IA,ACE,CE,Federal Contract Tower,0,2,25,0,27,0,37,0,0,37,0,39,25,0,64,84,0,84,148
07/16/2021,DBQ,IA,ACE,CE,Federal Contract Tower,0,2,21,0,23,0,0,106,0,106,0,2,127,0,129,134,0,134,263
07/17/2021,DBQ,IA,ACE,CE,Federal Contract Tower,0,1,18,0,19,0,0,81,0,81,0,1,99,0,100,110,0,110,210
07/18/2021,DBQ,IA,ACE,CE,Federal Contract Tower,0,4,6,0,10,0,1,10,0,11,0,5,16,0,21,10,0,10,31
07/19/2021,DBQ,IA,ACE,CE,Federal Contract Tower,0,1,24,0,25,0,0,137,0,137,0,1,161,0,162,178,0,178,340
07/20/2021,DBQ,IA,ACE,CE,Federal Contract Tower,0,3,29,0,32,0,0,166,0,166,0,3,195,0,198,184,0,184,382
07/21/2021,DBQ,IA,ACE,CE,Federal Contract Tower,0,1,38,0,39,0,1,84,0,85,0,2,122,0,124,216,0,216,340
07/22/2021,DBQ,IA,ACE,CE,Federal Contract Tower,0,1,44,0,45,0,0,133,0,133,0,1,177,0,178,32,0,32,210
07/23/2021,DBQ,IA,ACE,CE,Federal Contract Tower,2,1,12,0,15,0,1,325,0,326,2,2,337,0,341,96,0,96,437
07/24/2021,DBQ,IA,ACE,CE,Federal Contract Tower,0,3,16,0,19,0,0,243,0,243,0,3,259,0,262,54,0,54,316
07/25/2021,DBQ,IA,ACE,CE,Federal Contract Tower,0,3,8,0,11,0,0,99,0,99,0,3,107,0,110,44,0,44,154
07/26/2021,DBQ,IA,ACE,CE,Federal Contract Tower,0,5,20,0,25,0,2,130,0,132,0,7,150,0,157,126,0,126,283
07/27/2021,DBQ,IA,ACE,CE,Federal Contract Tower,2,1,25,0,28,0,1,74,0,75,2,2,99,0,103,146,0,146,249
07/28/2021,DBQ,IA,ACE,CE,Federal Contract Tower,0,1,32,0,33,0,0,135,0,135,0,1,167,0,168,176,0,176,344
07/29/2021,DBQ,IA,ACE,CE,Federal Contract Tower,0,1,42,0,43,0,2,54,0,56,0,3,96,0,99,128,0,128,227
07/30/2021,DBQ,IA,ACE,CE,Federal Contract Tower,0,1,21,0,22,0,1,107,0,108,0,2,128,0,130,98,0,98,228
07/31/2021,DBQ,IA,ACE,CE,Federal Contract Tower,0,1,16,0,17,0,1,41,0,42,0,2,57,0,59,40,0,40,99
08/01/2021,DBQ,IA,ACE,CE,Federal Contract Tower,0,1,6,0,7,0,1,20,0,21,0,2,26,0,28,18,0,18,46
08/02/2021,DBQ,IA,ACE,CE,Federal Contract Tower,0,4,19,0,23,0,0,111,0,111,0,4,130,0,134,138,0,138,272
08/03/2021,DBQ,IA,ACE,CE,Federal Contract Tower,0,1,23,0,24,0,0,125,0,125,0,1,148,0,149,154,0,154,303
08/04/2021,DBQ,IA,ACE,CE,Federal Contract Tower,0,5,31,0,36,0,0,120,0,120,0,5,151,0,156,144,0,144,300
08/05/2021,DBQ,IA,ACE,CE,Federal Contract Tower,3,28,0,0,31,0,1,86,0,87,3,29,86,0,118,100,0,100,218
08/06/2021,DBQ,IA,ACE,CE,Federal Contract Tower,0,6,21,0,27,0,2,52,0,54,0,8,73,0,81,82,0,82,163
08/07/2021,DBQ,IA,ACE,CE,Federal Contract Tower,0,6,12,0,18,0,1,42,0,43,0,7,54,0,61,58,0,58,119
08/08/2021,DBQ,IA,ACE,CE,Federal Contract Tower,0,3,6,0,9,0,4,13,0,17,0,7,19,0,26,24,0,24,50
08/09/2021,DBQ,IA,ACE,CE,Federal Contract Tower,0,1,19,0,20,0,0,40,0,40,0,1,59,0,60,114,0,114,174
08/10/2021,DBQ,IA,ACE,CE,Federal Contract Tower,0,7,32,0,39,0,1,73,0,74,0,8,105,0,113,142,0,142,255
08/11/2021,DBQ,IA,ACE,CE,Federal Contract Tower,0,10,28,0,38,0,1,40,0,41,0,11,68,0,79,30,0,30,109
08/12/2021,DBQ,IA,ACE,CE,Federal Contract Tower,6,48,62,0,116,0,1,32,8,41,6,49,94,8,157,4,0,4,161
08/13/2021,DBQ,IA,ACE,CE,Federal Contract Tower,0,10,22,0,32,0,0,26,0,26,0,10,48,0,58,14,0,14,72
08/14/2021,DBQ,IA,ACE,CE,Federal Contract Tower,0,7,18,0,25,0,0,63,0,63,0,7,81,0,88,104,0,104,192
08/15/2021,DBQ,IA,ACE,CE,Federal Contract Tower,0,4,11,0,15,0,2,19,0,21,0,6,30,0,36,16,0,16,52
08/16/2021,DBQ,IA,ACE,CE,Federal Contract Tower,0,4,12,0,16,0,1,110,0,111,0,5,122,0,127,90,0,90,217
08/17/2021,DBQ,IA,ACE,CE,Federal Contract Tower,0,4,30,0,34,0,1,116,0,117,0,5,146,0,151,148,0,148,299
08/18/2021,DBQ,IA,ACE,CE,Federal Contract Tower,0,5,26,0,31,0,2,118,0,120,0,7,144,0,151,132,0,132,283
08/19/2021,DBQ,IA,ACE,CE,Federal Contract Tower,0,7,16,0,23,0,0,34,0,34,0,7,50,0,57,44,0,44,101
08/20/2021,DBQ,IA,ACE,CE,Federal Contract Tower,0,4,8,0,12,0,0,41,0,41,0,4,49,0,53,52,0,52,105
08/21/2021,DBQ,IA,ACE,CE,Federal Contract Tower,0,7,8,0,15,0,0,10,0,10,0,7,18,0,25,44,0,44,69
08/22/2021,DBQ,IA,ACE,CE,Federal Contract Tower,0,11,15,0,26,0,0,33,0,33,0,11,48,0,59,10,0,10,69
08/23/2021,DBQ,IA,ACE,CE,Federal Contract Tower,0,3,17,0,20,0,2,71,0,73,0,5,88,0,93,104,0,104,197
08/24/2021,DBQ,IA,ACE,CE,Federal Contract Tower,0,4,16,0,20,0,2,62,0,64,0,6,78,0,84,38,0,38,122
08/25/2021,DBQ,IA,ACE,CE,Federal Contract Tower,0,8,24,0,32,0,0,88,0,88,0,8,112,0,120,126,0,126,246
08/26/2021,DBQ,IA,ACE,CE,Federal Contract Tower,0,6,22,0,28,0,2,23,0,25,0,8,45,0,53,78,0,78,131
08/27/2021,DBQ,IA,ACE,CE,Federal Contract Tower,0,10,21,0,31,0,0,72,0,72,0,10,93,0,103,174,0,174,277
08/28/2021,DBQ,IA,ACE,CE,Federal Contract Tower,0,9,21,0,30,0,1,123,0,124,0,10,144,0,154,104,0,104,258
08/29/2021,DBQ,IA,ACE,CE,Federal Contract Tower,0,8,1,0,9,0,2,24,4,30,0,10,25,4,39,2,6,8,47
08/30/2021,DBQ,IA,ACE,CE,Federal Contract Tower,0,5,24,0,29,0,1,155,0,156,0,6,179,0,185,148,0,148,333
08/31/2021,DBQ,IA,ACE,CE,Federal Contract Tower,0,3,25,0,28,0,2,136,0,138,0,5,161,0,166,192,0,192,358
09/01/2021,DBQ,IA,ACE,CE,Federal Contract Tower,0,6,31,0,37,0,3,150,0,153,0,9,181,0,190,162,0,162,352
09/02/2021,DBQ,IA,ACE,CE,Federal Contract Tower,0,5,19,0,24,0,2,204,0,206,0,7,223,0,230,204,0,204,434
09/03/2021,DBQ,IA,ACE,CE,Federal Contract Tower,1,5,24,0,30,0,0,15,0,15,1,5,39,0,45,26,0,26,71
09/04/2021,DBQ,IA,ACE,CE,Federal Contract Tower,1,5,13,0,19,0,2,6,0,8,1,7,19,0,27,4,0,4,31
09/05/2021,DBQ,IA,ACE,CE,Federal Contract Tower,0,5,5,0,10,0,2,16,0,18,0,7,21,0,28,8,0,8,36
09/06/2021,DBQ,IA,ACE,CE,Federal Contract Tower,0,4,4,0,8,0,0,20,0,20,0,4,24,0,28,14,0,14,42
09/07/2021,DBQ,IA,ACE,CE,Federal Contract Tower,0,6,14,0,20,0,1,132,0,133,0,7,146,0,153,186,0,186,339
09/08/2021,DBQ,IA,ACE,CE,Federal Contract Tower,0,6,26,0,32,0,1,121,0,122,0,7,147,0,154,60,0,60,214
09/09/2021,DBQ,IA,ACE,CE,Federal Contract Tower,0,5,37,0,42,0,1,166,0,167,0,6,203,0,209,206,0,206,415
09/10/2021,DBQ,IA,ACE,CE,Federal Contract Tower,0,4,29,0,33,0,2,135,0,137,0,6,164,0,170,120,0,120,290
09/11/2021,DBQ,IA,ACE,CE,Federal Contract Tower,0,5,21,0,26,0,1,114,0,115,0,6,135,0,141,170,0,170,311
09/12/2021,DBQ,IA,ACE,CE,Federal Contract Tower,0,8,10,0,18,0,1,16,1,18,0,9,26,1,36,0,0,0,36
09/13/2021,DBQ,IA,ACE,CE,Federal Contract Tower,0,5,27,0,32,0,1,128,0,129,0,6,155,0,161,114,0,114,275
09/14/2021,DBQ,IA,ACE,CE,Federal Contract Tower,0,4,33,0,37,0,0,127,0,127,0,4,160,0,164,158,0,158,322
09/15/2021,DBQ,IA,ACE,CE,Federal Contract Tower,0,5,21,1,27,0,3,140,0,143,0,8,161,1,170,146,0,146,316
09/16/2021,DBQ,IA,ACE,CE,Federal Contract Tower,0,4,22,0,26,0,1,144,0,145,0,5,166,0,171,132,0,132,303
09/17/2021,DBQ,IA,ACE,CE,Federal Contract Tower,0,8,23,0,31,0,1,115,3,119,0,9,138,3,150,210,0,210,360
09/18/2021,DBQ,IA,ACE,CE,Federal Contract Tower,0,5,24,0,29,0,4,100,1,105,0,9,124,1,134,104,0,104,238
09/19/2021,DBQ,IA,ACE,CE,Federal Contract Tower,0,4,8,0,12,0,5,16,1,22,0,9,24,1,34,4,0,4,38
09/20/2021,DBQ,IA,ACE,CE,Federal Contract Tower,0,2,14,0,16,0,1,17,0,18,0,3,31,0,34,32,0,32,66
09/21/2021,DBQ,IA,ACE,CE,Federal Contract Tower,0,6,24,0,30,0,2,124,0,126,0,8,148,0,156,186,0,186,342
09/22/2021,DBQ,IA,ACE,CE,Federal Contract Tower,0,12,28,0,40,0,0,133,0,133,0,12,161,0,173,212,0,212,385
09/23/2021,DBQ,IA,ACE,CE,Federal Contract Tower,0,4,25,0,29,0,0,146,0,146,0,4,171,0,175,248,0,248,423
09/24/2021,DBQ,IA,ACE,CE,Federal Contract Tower,0,5,18,0,23,0,1,89,0,90,0,6,107,0,113,172,0,172,285
09/25/2021,DBQ,IA,ACE,CE,Federal Contract Tower,0,3,14,0,17,0,4,97,0,101,0,7,111,0,118,96,0,96,214
09/26/2021,DBQ,IA,ACE,CE,Federal Contract Tower,0,5,11,0,16,0,1,26,0,27,0,6,37,0,43,0,0,0,43
09/27/2021,DBQ,IA,ACE,CE,Federal Contract Tower,0,8,19,0,27,0,1,148,0,149,0,9,167,0,176,220,0,220,396
09/28/2021,DBQ,IA,ACE,CE,Federal Contract Tower,0,4,19,0,23,0,2,148,0,150,0,6,167,0,173,192,0,192,365
09/29/2021,DBQ,IA,ACE,CE,Federal Contract Tower,2,5,25,0,32,0,0,150,0,150,2,5,175,0,182,244,0,244,426
09/30/2021,DBQ,IA,ACE,CE,Federal Contract Tower,0,4,24,0,28,0,1,127,0,128,0,5,151,0,156,240,0,240,396
10/01/2021,DBQ,IA,ACE,CE,Federal Contract Tower,0,11,29,0,40,0,0,124,0,124,0,11,153,0,164,240,0,240,404
10/02/2021,DBQ,IA,ACE,CE,Federal Contract Tower,0,8,17,0,25,0,1,25,0,26,0,9,42,0,51,22,0,22,73
10/03/2021,DBQ,IA,ACE,CE,Federal Contract Tower,2,5,16,1,24,0,0,9,0,9,2,5,25,1,33,6,0,6,39
10/04/2021,DBQ,IA,ACE,CE,Federal Contract Tower,0,4,39,0,43,0,5,17,0,22,0,9,56,0,65,58,0,58,123
10/05/2021,DBQ,IA,ACE,CE,Federal Contract Tower,0,7,48,0,55,0,4,50,0,54,0,11,98,0,109,160,0,160,269
10/06/2021,DBQ,IA,ACE,CE,Federal Contract Tower,0,4,37,0,41,0,2,46,0,48,0,6,83,0,89,154,0,154,243
10/07/2021,DBQ,IA,ACE,CE,Federal Contract Tower,0,5,18,0,23,0,0,0,0,0,0,5,18,0,23,0,0,0,23
10/08/2021,DBQ,IA,ACE,CE,Federal Contract Tower,0,4,30,0,34,0,0,13,0,13,0,4,43,0,47,60,0,60,107
10/09/2021,DBQ,IA,ACE,CE,Federal Contract Tower,0,8,15,0,23,0,1,57,0,58,0,9,72,0,81,88,0,88,169
10/10/2021,DBQ,IA,ACE,CE,Federal Contract Tower,0,5,16,0,21,0,1,9,0,10,0,6,25,0,31,30,0,30,61
10/11/2021,DBQ,IA,ACE,CE,Federal Contract Tower,0,5,6,0,11,0,0,7,0,7,0,5,13,0,18,0,0,0,18
10/12/2021,DBQ,IA,ACE,CE,Federal Contract Tower,0,9,38,2,49,0,3,82,0,85,0,12,120,2,134,210,0,210,344
10/13/2021,DBQ,IA,ACE,CE,Federal Contract Tower,0,7,16,0,23,0,0,3,0,3,0,7,19,0,26,0,0,0,26
10/14/2021,DBQ,IA,ACE,CE,Federal Contract Tower,5,13,0,0,18,0,2,204,0,206,5,15,204,0,224,206,2,208,432
10/15/2021,DBQ,IA,ACE,CE,Federal Contract Tower,0,4,41,0,45,0,2,160,0,162,0,6,201,0,207,282,0,282,489
10/16/2021,DBQ,IA,ACE,CE,Federal Contract Tower,0,3,13,0,16,0,2,66,0,68,0,5,79,0,84,106,0,106,190
10/17/2021,DBQ,IA,ACE,CE,Federal Contract Tower,0,4,17,0,21,0,0,51,0,51,0,4,68,0,72,40,0,40,112
10/18/2021,DBQ,IA,ACE,CE,Federal Contract Tower,0,6,16,0,22,0,0,128,0,128,0,6,144,0,150,236,0,236,386
10/19/2021,DBQ,IA,ACE,CE,Federal Contract Tower,0,6,28,0,34,0,0,125,0,125,0,6,153,0,159,294,0,294,453
10/20/2021,DBQ,IA,ACE,CE,Federal Contract Tower,0,7,36,0,43,0,2,115,4,121,0,9,151,4,164,290,0,290,454
10/21/2021,DBQ,IA,ACE,CE,Federal Contract Tower,0,4,31,0,35,0,0,2,0,2,0,4,33,0,37,30,0,30,67
10/22/2021,DBQ,IA,ACE,CE,Federal Contract Tower,0,4,21,0,25,0,2,131,0,133,0,6,152,0,158,298,0,298,456
10/23/2021,DBQ,IA,ACE,CE,Federal Contract Tower,0,10,17,0,27,0,0,129,0,129,0,10,146,0,156,246,0,246,402
10/24/2021,DBQ,IA,ACE,CE,Federal Contract Tower,0,8,10,0,18,0,0,2,0,2,0,8,12,0,20,0,0,0,20
10/25/2021,DBQ,IA,ACE,CE,Federal Contract Tower,0,6,23,0,29,0,0,95,0,95,0,6,118,0,124,140,0,140,264
10/26/2021,DBQ,IA,ACE,CE,Federal Contract Tower,0,4,25,0,29,0,2,182,0,184,0,6,207,0,213,234,0,234,447
10/27/2021,DBQ,IA,ACE,CE,Federal Contract Tower,0,4,33,0,37,0,1,162,0,163,0,5,195,0,200,220,0,220,420
10/28/2021,DBQ,IA,ACE,CE,Federal Contract Tower,0,5,18,0,23,0,0,3,0,3,0,5,21,0,26,0,0,0,26
10/29/2021,DBQ,IA,ACE,CE,Federal Contract Tower,0,6,18,0,24,0,1,13,0,14,0,7,31,0,38,20,0,20,58
10/30/2021,DBQ,IA,ACE,CE,Federal Contract Tower,0,8,28,0,36,0,2,98,0,100,0,10,126,0,136,132,0,132,268
10/31/2021,DBQ,IA,ACE,CE,Federal Contract Tower,0,4,7,0,11,0,2,14,0,16,0,6,21,0,27,10,0,10,37
11/01/2021,DBQ,IA,ACE,CE,Federal Contract Tower,0,5,10,0,15,0,3,106,0,109,0,8,116,0,124,266,0,266,390
11/02/2021,DBQ,IA,ACE,CE,Federal Contract Tower,0,4,34,0,38,0,1,143,0,144,0,5,177,0,182,286,0,286,468
11/03/2021,DBQ,IA,ACE,CE,Federal Contract Tower,0,8,28,0,36,0,1,150,0,151,0,9,178,0,187,328,0,328,515
11/04/2021,DBQ,IA,ACE,CE,Federal Contract Tower,0,10,34,0,44,0,0,168,0,168,0,10,202,0,212,302,0,302,514
11/05/2021,DBQ,IA,ACE,CE,Federal Contract Tower,0,8,16,0,24,0,2,109,0,111,0,10,125,0,135,214,0,214,349
11/06/2021,DBQ,IA,ACE,CE,Federal Contract Tower,0,4,25,0,29,0,0,119,0,119,0,4,144,0,148,126,0,126,274
11/07/2021,DBQ,IA,ACE,CE,Federal Contract Tower,0,3,11,0,14,0,2,20,0,22,0,5,31,0,36,6,0,6,42
11/08/2021,DBQ,IA,ACE,CE,Federal Contract Tower,0,8,17,0,25,0,0,142,0,142,0,8,159,0,167,398,0,398,565
11/09/2021,DBQ,IA,ACE,CE,Federal Contract Tower,0,4,17,0,21,0,5,140,0,145,0,9,157,0,166,262,0,262,428
11/10/2021,DBQ,IA,ACE,CE,Federal Contract Tower,0,6,22,0,28,0,0,96,0,96,0,6,118,0,124,92,0,92,216
11/11/2021,DBQ,IA,ACE,CE,Federal Contract Tower,0,9,11,0,20,0,0,4,0,4,0,9,15,0,24,0,0,0,24
11/12/2021,DBQ,IA,ACE,CE,Federal Contract Tower,0,6,5,0,11,0,0,0,0,0,0,6,5,0,11,0,0,0,11
11/13/2021,DBQ,IA,ACE,CE,Federal Contract Tower,0,6,4,0,10,0,0,26,0,26,0,6,30,0,36,110,0,110,146
11/14/2021,DBQ,IA,ACE,CE,Federal Contract Tower,0,8,9,0,17,0,2,0,0,2,0,10,9,0,19,0,0,0,19
11/15/2021,DBQ,IA,ACE,CE,Federal Contract Tower,0,8,15,0,23,0,0,130,0,130,0,8,145,0,153,246,0,246,399
11/16/2021,DBQ,IA,ACE,CE,Federal Contract Tower,0,5,30,0,35,0,0,79,0,79,0,5,109,0,114,64,0,64,178
11/17/2021,DBQ,IA,ACE,CE,Federal Contract Tower,0,7,27,0,34,0,1,124,0,125,0,8,151,0,159,140,0,140,299
11/18/2021,DBQ,IA,ACE,CE,Federal Contract Tower,2,7,23,0,32,0,0,17,0,17,2,7,40,0,49,40,0,40,89
11/19/2021,DBQ,IA,ACE,CE,Federal Contract Tower,0,6,25,0,31,0,1,147,0,148,0,7,172,0,179,182,0,182,361
11/20/2021,DBQ,IA,ACE,CE,Federal Contract Tower,0,7,11,0,18,0,1,96,0,97,0,8,107,0,115,124,0,124,239
11/21/2021,DBQ,IA,ACE,CE,Federal Contract Tower,0,6,9,0,15,0,2,10,0,12,0,8,19,0,27,6,0,6,33
11/22/2021,DBQ,IA,ACE,CE,Federal Contract Tower,0,8,18,0,26,0,1,85,0,86,0,9,103,0,112,98,0,98,210
11/23/2021,DBQ,IA,ACE,CE,Federal Contract Tower,0,4,15,0,19,0,1,64,0,65,0,5,79,0,84,78,0,78,162
11/24/2021,DBQ,IA,ACE,CE,Federal Contract Tower,0,6,4,0,10,0,0,6,0,6,0,6,10,0,16,8,0,8,24
11/25/2021,DBQ,IA,ACE,CE,Federal Contract Tower,0,4,2,0,6,0,0,3,0,3,0,4,5,0,9,0,0,0,9
11/26/2021,DBQ,IA,ACE,CE,Federal Contract Tower,0,4,4,0,8,0,0,27,0,27,0,4,31,0,35,6,0,6,41
11/27/2021,DBQ,IA,ACE,CE,Federal Contract Tower,0,10,3,0,13,0,1,14,0,15,0,11,17,0,28,52,0,52,80
11/28/2021,DBQ,IA,ACE,CE,Federal Contract Tower,0,9,10,0,19,0,2,15,0,17,0,11,25,0,36,14,0,14,50
11/29/2021,DBQ,IA,ACE,CE,Federal Contract Tower,0,7,21,0,28,0,1,79,0,80,0,8,100,0,108,140,0,140,248
11/30/2021,DBQ,IA,ACE,CE,Federal Contract Tower,0,6,25,0,31,0,1,145,0,146,0,7,170,0,177,278,0,278,455
12/01/2021,DBQ,IA,ACE,CE,Federal Contract Tower,0,9,11,0,20,0,1,147,0,148,0,10,158,0,168,182,0,182,350
12/02/2021,DBQ,IA,ACE,CE,Federal Contract Tower,2,9,21,0,32,0,0,127,0,127,2,9,148,0,159,114,0,114,273
12/03/2021,DBQ,IA,ACE,CE,Federal Contract Tower,0,6,12,0,18,0,1,174,0,175,0,7,186,0,193,222,0,222,415
12/04/2021,DBQ,IA,ACE,CE,Federal Contract Tower,0,6,19,0,25,0,1,135,0,136,0,7,154,0,161,168,0,168,329
12/05/2021,DBQ,IA,ACE,CE,Federal Contract Tower,0,3,5,0,8,0,0,0,0,0,0,3,5,0,8,0,0,0,8
12/06/2021,DBQ,IA,ACE,CE,Federal Contract Tower,2,8,4,0,14,0,2,0,0,2,2,10,4,0,16,6,0,6,22
12/07/2021,DBQ,IA,ACE,CE,Federal Contract Tower,0,2,11,0,13,0,5,97,0,102,0,7,108,0,115,238,0,238,353
12/08/2021,DBQ,IA,ACE,CE,Federal Contract Tower,0,4,26,0,30,0,0,148,0,148,0,4,174,0,178,264,0,264,442
12/09/2021,DBQ,IA,ACE,CE,Federal Contract Tower,0,4,13,1,18,0,1,80,0,81,0,5,93,1,99,208,0,208,307
12/10/2021,DBQ,IA,ACE,CE,Federal Contract Tower,0,4,14,0,18,0,0,51,0,51,0,4,65,0,69,128,0,128,197
12/11/2021,DBQ,IA,ACE,CE,Federal Contract Tower,0,4,3,0,7,0,2,7,3,12,0,6,10,3,19,62,0,62,81
12/12/2021,DBQ,IA,ACE,CE,Federal Contract Tower,0,4,6,0,10,0,2,8,0,10,0,6,14,0,20,6,0,6,26
12/14/2021,DBQ,IA,ACE,CE,Federal Contract Tower,0,2,37,0,39,0,1,120,0,121,0,3,157,0,160,208,0,208,368
12/16/2021,DBQ,IA,ACE,CE,Federal Contract Tower,0,3,16,0,19,0,0,1,0,1,0,3,17,0,20,2,0,2,22
12/17/2021,DBQ,IA,ACE,CE,Federal Contract Tower,0,5,29,0,34,0,0,94,0,94,0,5,123,0,128,134,0,134,262
12/18/2021,DBQ,IA,ACE,CE,Federal Contract Tower,0,6,6,0,12,0,0,49,0,49,0,6,55,0,61,68,0,68,129
12/19/2021,DBQ,IA,ACE,CE,Federal Contract Tower,0,7,6,0,13,0,1,7,0,8,0,8,13,0,21,36,0,36,57
12/20/2021,DBQ,IA,ACE,CE,Federal Contract Tower,0,6,12,0,18,0,1,48,0,49,0,7,60,0,67,62,0,62,129
12/21/2021,DBQ,IA,ACE,CE,Federal Contract Tower,0,7,10,0,17,0,2,19,0,21,0,9,29,0,38,26,0,26,64
12/22/2021,DBQ,IA,ACE,CE,Federal Contract Tower,0,9,16,0,25,0,0,46,0,46,0,9,62,0,71,42,0,42,113
12/23/2021,DBQ,IA,ACE,CE,Federal Contract Tower,0,4,3,0,7,0,2,27,0,29,0,6,30,0,36,4,0,4,40
12/24/2021,DBQ,IA,ACE,CE,Federal Contract Tower,0,3,1,0,4,0,0,0,0,0,0,3,1,0,4,0,0,0,4
12/25/2021,DBQ,IA,ACE,CE,Federal Contract Tower,0,4,4,0,8,0,3,10,0,13,0,7,14,0,21,10,0,10,31
12/26/2021,DBQ,IA,ACE,CE,Federal Contract Tower,0,7,8,0,15,0,1,8,1,10,0,8,16,1,25,6,2,8,33
12/27/2021,DBQ,IA,ACE,CE,Federal Contract Tower,0,5,11,0,16,0,0,8,0,8,0,5,19,0,24,2,0,2,26
12/28/2021,DBQ,IA,ACE,CE,Federal Contract Tower,0,2,5,0,7,0,0,0,0,0,0,2,5,0,7,0,0,0,7
12/29/2021,DBQ,IA,ACE,CE,Federal Contract Tower,0,6,8,0,14,0,1,22,0,23,0,7,30,0,37,40,0,40,77
12/30/2021,DBQ,IA,ACE,CE,Federal Contract Tower,0,5,0,0,5,0,0,0,0,0,0,5,0,0,5,0,0,0,5
12/31/2021,DBQ,IA,ACE,CE,Federal Contract Tower,0,1,0,0,1,0,0,0,0,0,0,1,0,0,1,0,0,0,1
01/01/2022,DBQ,IA,ACE,CE,Federal Contract Tower,0,2,0,0,2,0,0,0,0,0,0,2,0,0,2,0,0,0,2
01/02/2022,DBQ,IA,ACE,CE,Federal Contract Tower,0,5,10,0,15,0,1,0,0,1,0,6,10,0,16,0,0,0,16
01/03/2022,DBQ,IA,ACE,CE,Federal Contract Tower,0,6,10,0,16,0,4,16,0,20,0,10,26,0,36,14,0,14,50
01/04/2022,DBQ,IA,ACE,CE,Federal Contract Tower,1,2,13,0,16,0,6,43,0,49,1,8,56,0,65,18,0,18,83
01/05/2022,DBQ,IA,ACE,CE,Federal Contract Tower,0,2,9,0,11,0,0,0,0,0,0,2,9,0,11,0,0,0,11
01/06/2022,DBQ,IA,ACE,CE,Federal Contract Tower,0,7,10,0,17,0,0,30,0,30,0,7,40,0,47,96,0,96,143
01/07/2022,DBQ,IA,ACE,CE,Federal Contract Tower,0,5,3,0,8,0,1,22,0,23,0,6,25,0,31,22,0,22,53
01/08/2022,DBQ,IA,ACE,CE,Federal Contract Tower,0,6,3,0,9,0,2,6,0,8,0,8,9,0,17,0,0,0,17
01/09/2022,DBQ,IA,ACE,CE,Federal Contract Tower,0,5,8,0,13,0,1,5,1,7,0,6,13,1,20,8,0,8,28
01/10/2022,DBQ,IA,ACE,CE,Federal Contract Tower,0,2,6,0,8,0,0,108,0,108,0,2,114,0,116,168,0,168,284
01/11/2022,DBQ,IA,ACE,CE,Federal Contract Tower,0,4,11,0,15,0,1,31,0,32,0,5,42,0,47,29,0,29,76
01/12/2022,DBQ,IA,ACE,CE,Federal Contract Tower,0,2,10,0,12,0,0,148,0,148,0,2,158,0,160,208,0,208,368
01/13/2022,DBQ,IA,ACE,CE,Federal Contract Tower,0,5,10,0,15,0,0,143,0,143,0,5,153,0,158,168,0,168,326
01/14/2022,DBQ,IA,ACE,CE,Federal Contract Tower,2,4,10,0,16,0,0,0,0,0,2,4,10,0,16,0,0,0,16
01/15/2022,DBQ,IA,ACE,CE,Federal Contract Tower,0,2,1,0,3,0,4,16,0,20,0,6,17,0,23,20,0,20,43
01/16/2022,DBQ,IA,ACE,CE,Federal Contract Tower,0,3,2,0,5,0,0,0,0,0,0,3,2,0,5,0,0,0,5
01/17/2022,DBQ,IA,ACE,CE,Federal Contract Tower,2,2,9,0,13,0,0,59,0,59,2,2,68,0,72,228,0,228,300
01/18/2022,DBQ,IA,ACE,CE,Federal Contract Tower,0,1,24,0,25,0,1,129,2,132,0,2,153,2,157,192,0,192,349
01/19/2022,DBQ,IA,ACE,CE,Federal Contract Tower,0,3,16,0,19,0,1,96,0,97,0,4,112,0,116,114,0,114,230
01/20/2022,DBQ,IA,ACE,CE,Federal Contract Tower,0,5,12,0,17,0,5,97,0,102,0,10,109,0,119,78,0,78,197
01/21/2022,DBQ,IA,ACE,CE,Federal Contract Tower,0,7,15,0,22,0,0,94,0,94,0,7,109,0,116,104,0,104,220
01/22/2022,DBQ,IA,ACE,CE,Federal Contract Tower,0,3,9,0,12,0,0,85,0,85,0,3,94,0,97,110,0,110,207
01/23/2022,DBQ,IA,ACE,CE,Federal Contract Tower,0,4,8,0,12,0,1,9,0,10,0,5,17,0,22,6,0,6,28
01/24/2022,DBQ,IA,ACE,CE,Federal Contract Tower,0,2,6,0,8,0,0,12,0,12,0,2,18,0,20,16,0,16,36
01/25/2022,DBQ,IA,ACE,CE,Federal Contract Tower,0,2,24,0,26,0,2,88,0,90,0,4,112,0,116,142,0,142,258
01/26/2022,DBQ,IA,ACE,CE,Federal Contract Tower,0,1,21,0,22,0,0,61,0,61,0,1,82,0,83,88,0,88,171
01/27/2022,DBQ,IA,ACE,CE,Federal Contract Tower,0,3,11,0,14,0,1,115,0,116,0,4,126,0,130,148,0,148,278
01/28/2022,DBQ,IA,ACE,CE,Federal Contract Tower,0,4,17,0,21,0,1,188,0,189,0,5,205,0,210,258,0,258,468
01/29/2022,DBQ,IA,ACE,CE,Federal Contract Tower,0,2,10,0,12,0,1,106,0,107,0,3,116,0,119,228,0,228,347
01/30/2022,DBQ,IA,ACE,CE,Federal Contract Tower,0,6,7,0,13,0,2,13,0,15,0,8,20,0,28,16,0,16,44
01/31/2022,DBQ,IA,ACE,CE,Federal Contract Tower,0,2,19,0,21,0,5,58,0,63,0,7,77,0,84,98,0,98,182
02/01/2022,DBQ,IA,ACE,CE,Federal Contract Tower,0,6,15,0,21,0,0,120,0,120,0,6,135,0,141,198,0,198,339
02/02/2022,DBQ,IA,ACE,CE,Federal Contract Tower,0,1,17,0,18,0,3,138,0,141,0,4,155,0,159,220,0,220,379
02/03/2022,DBQ,IA,ACE,CE,Federal Contract Tower,0,4,19,0,23,0,2,121,0,123,0,6,140,0,146,130,0,130,276
02/04/2022,DBQ,IA,ACE,CE,Federal Contract Tower,0,3,7,0,10,0,2,78,4,84,0,5,85,4,94,102,0,102,196
02/05/2022,DBQ,IA,ACE,CE,Federal Contract Tower,0,3,7,0,10,0,0,87,0,87,0,3,94,0,97,108,0,108,205
02/06/2022,DBQ,IA,ACE,CE,Federal Contract Tower,0,4,6,0,10,0,2,7,0,9,0,6,13,0,19,6,0,6,25
02/07/2022,DBQ,IA,ACE,CE,Federal Contract Tower,0,4,23,0,27,0,2,142,0,144,0,6,165,0,171,254,0,254,425
02/08/2022,DBQ,IA,ACE,CE,Federal Contract Tower,0,2,16,0,18,0,0,163,0,163,0,2,179,0,181,274,0,274,455
02/09/2022,DBQ,IA,ACE,CE,Federal Contract Tower,0,3,18,0,21,0,4,34,0,38,0,7,52,0,59,88,0,88,147
02/10/2022,DBQ,IA,ACE,CE,Federal Contract Tower,0,4,13,0,17,0,3,36,2,41,0,7,49,2,58,198,2,200,258
02/11/2022,DBQ,IA,ACE,CE,Federal Contract Tower,0,3,9,0,12,0,1,32,0,33,0,4,41,0,45,54,0,54,99
02/12/2022,DBQ,IA,ACE,CE,Federal Contract Tower,0,2,18,0,20,0,0,87,0,87,0,2,105,0,107,104,2,106,213
02/13/2022,DBQ,IA,ACE,CE,Federal Contract Tower,0,4,6,0,10,0,0,3,0,3,0,4,9,0,13,0,0,0,13
02/14/2022,DBQ,IA,ACE,CE,Federal Contract Tower,0,4,23,0,27,0,2,128,0,130,0,6,151,0,157,276,0,276,433
02/15/2022,DBQ,IA,ACE,CE,Federal Contract Tower,0,2,17,0,19,0,0,115,0,115,0,2,132,0,134,108,0,108,242
02/16/2022,DBQ,IA,ACE,CE,Federal Contract Tower,0,1,19,0,20,0,4,19,0,23,0,5,38,0,43,42,0,42,85
02/17/2022,DBQ,IA,ACE,CE,Federal Contract Tower,0,2,21,0,23,0,1,104,0,105,0,3,125,0,128,212,0,212,340
02/18/2022,DBQ,IA,ACE,CE,Federal Contract Tower,0,2,19,0,21,0,5,41,0,46,0,7,60,0,67,12,0,12,79
02/19/2022,DBQ,IA,ACE,CE,Federal Contract Tower,0,2,18,0,20,0,0,126,0,126,0,2,144,0,146,272,0,272,418
02/20/2022,DBQ,IA,ACE,CE,Federal Contract Tower,2,4,6,0,12,0,0,7,0,7,2,4,13,0,19,24,0,24,43
02/21/2022,DBQ,IA,ACE,CE,Federal Contract Tower,0,4,13,0,17,0,1,1,0,2,0,5,14,0,19,0,0,0,19
02/22/2022,DBQ,IA,ACE,CE,Federal Contract Tower,0,2,5,0,7,0,0,0,0,0,0,2,5,0,7,0,0,0,7
02/23/2022,DBQ,IA,ACE,CE,Federal Contract Tower,0,1,13,1,15,0,1,140,1,142,0,2,153,2,157,294,0,294,451
02/24/2022,DBQ,IA,ACE,CE,Federal Contract Tower,2,3,8,0,13,0,0,15,0,15,2,3,23,0,28,36,0,36,64
02/25/2022,DBQ,IA,ACE,CE,Federal Contract Tower,0,5,19,0,24,0,1,96,0,97,0,6,115,0,121,216,0,216,337
02/26/2022,DBQ,IA,ACE,CE,Federal Contract Tower,0,4,16,0,20,0,1,71,0,72,0,5,87,0,92,56,0,56,148
02/27/2022,DBQ,IA,ACE,CE,Federal Contract Tower,0,5,8,0,13,0,1,27,0,28,0,6,35,0,41,32,0,32,73
02/28/2022,DBQ,IA,ACE,CE,Federal Contract Tower,0,6,15,0,21,0,0,120,0,120,0,6,135,0,141,198,0,198,339
03/01/2022,DBQ,IA,ACE,CE,Federal Contract Tower,0,3,25,0,28,0,0,105,0,105,0,3,130,0,133,202,0,202,335
03/02/2022,DBQ,IA,ACE,CE,Federal Contract Tower,0,3,22,0,25,0,1,131,0,132,0,4,153,0,157,192,0,192,349
03/03/2022,DBQ,IA,ACE,CE,Federal Contract Tower,0,6,20,0,26,0,0,72,0,72,0,6,92,0,98,136,0,136,234
03/04/2022,DBQ,IA,ACE,CE,Federal Contract Tower,0,5,23,0,28,0,0,38,0,38,0,5,61,0,66,142,0,142,208
03/05/2022,DBQ,IA,ACE,CE,Federal Contract Tower,0,5,13,0,18,0,0,5,0,5,0,5,18,0,23,6,0,6,29
03/06/2022,DBQ,IA,ACE,CE,Federal Contract Tower,0,3,8,0,11,0,2,10,0,12,0,5,18,0,23,32,0,32,55
03/07/2022,DBQ,IA,ACE,CE,Federal Contract Tower,0,6,11,0,17,0,2,36,0,38,0,8,47,0,55,174,0,174,229
03/08/2022,DBQ,IA,ACE,CE,Federal Contract Tower,0,2,32,2,36,0,2,131,0,133,0,4,163,2,169,310,0,310,479
03/09/2022,DBQ,IA,ACE,CE,Federal Contract Tower,0,2,22,0,24,0,1,152,0,153,0,3,174,0,177,263,0,263,440
03/10/2022,DBQ,IA,ACE,CE,Federal Contract Tower,0,8,15,0,23,0,2,68,2,72,0,10,83,2,95,110,2,112,207
03/11/2022,DBQ,IA,ACE,CE,Federal Contract Tower,0,4,28,0,32,0,3,43,0,46,0,7,71,0,78,68,0,68,146
03/12/2022,DBQ,IA,ACE,CE,Federal Contract Tower,0,6,16,0,22,0,5,99,0,104,0,11,115,0,126,165,0,165,291
03/13/2022,DBQ,IA,ACE,CE,Federal Contract Tower,0,4,10,0,14,0,1,12,0,13,0,5,22,0,27,2,6,8,35
03/14/2022,DBQ,IA,ACE,CE,Federal Contract Tower,0,2,26,0,28,1,110,0,0,111,1,112,26,0,139,226,0,226,365
03/15/2022,DBQ,IA,ACE,CE,Federal Contract Tower,0,2,20,0,22,0,0,123,0,123,0,2,143,0,145,274,0,274,419
03/16/2022,DBQ,IA,ACE,CE,Federal Contract Tower,0,4,20,2,26,0,3,116,0,119,0,7,136,2,145,176,0,176,321
03/17/2022,DBQ,IA,ACE,CE,Federal Contract Tower,0,3,16,0,19,0,2,50,0,52,0,5,66,0,71,214,0,214,285
03/18/2022,DBQ,IA,ACE,CE,Federal Contract Tower,0,4,4,0,8,0,0,0,0,0,0,4,4,0,8,0,0,0,8
03/19/2022,DBQ,IA,ACE,CE,Federal Contract Tower,0,12,22,0,34,0,0,39,0,39,0,12,61,0,73,48,0,48,121
03/20/2022,DBQ,IA,ACE,CE,Federal Contract Tower,2,4,4,0,10,0,3,49,0,52,2,7,53,0,62,70,0,70,132
03/21/2022,DBQ,IA,ACE,CE,Federal Contract Tower,0,4,19,0,23,0,6,113,0,119,0,10,132,0,142,248,0,248,390
03/22/2022,DBQ,IA,ACE,CE,Federal Contract Tower,0,2,22,0,24,0,0,0,0,0,0,2,22,0,24,0,0,0,24
03/23/2022,DBQ,IA,ACE,CE,Federal Contract Tower,0,2,13,0,15,0,0,0,0,0,0,2,13,0,15,0,0,0,15
03/24/2022,DBQ,IA,ACE,CE,Federal Contract Tower,2,4,15,0,21,0,0,0,0,0,2,4,15,0,21,0,0,0,21
03/25/2022,DBQ,IA,ACE,CE,Federal Contract Tower,0,3,16,0,19,0,0,10,0,10,0,3,26,0,29,24,0,24,53
03/26/2022,DBQ,IA,ACE,CE,Federal Contract Tower,0,5,17,0,22,0,1,28,0,29,0,6,45,0,51,8,0,8,59
03/27/2022,DBQ,IA,ACE,CE,Federal Contract Tower,0,9,17,0,26,0,2,64,0,66,0,11,81,0,92,32,0,32,124
03/28/2022,DBQ,IA,ACE,CE,Federal Contract Tower,0,3,32,0,35,0,3,167,0,170,0,6,199,0,205,287,0,287,492
03/29/2022,DBQ,IA,ACE,CE,Federal Contract Tower,0,4,18,0,22,0,1,50,0,51,0,5,68,0,73,120,0,120,193
03/30/2022,DBQ,IA,ACE,CE,Federal Contract Tower,0,2,11,0,13,0,0,0,0,0,0,2,11,0,13,0,0,0,13
03/31/2022,DBQ,IA,ACE,CE,Federal Contract Tower,0,6,12,0,18,0,4,7,0,11,0,10,19,0,29,38,0,38,67
04/01/2022,DBQ,IA,ACE,CE,Federal Contract Tower,0,8,36,0,44,0,2,0,0,2,0,10,36,0,46,338,0,338,384
04/02/2022,DBQ,IA,ACE,CE,Federal Contract Tower,0,4,1,0,5,0,0,7,0,7,0,4,8,0,12,14,0,14,26
04/03/2022,DBQ,IA,ACE,CE,Federal Contract Tower,0,6,12,0,18,0,2,23,0,25,0,8,35,0,43,54,0,54,97
04/04/2022,DBQ,IA,ACE,CE,Federal Contract Tower,0,4,26,0,30,0,2,44,0,46,0,6,70,0,76,242,0,242,318
04/05/2022,DBQ,IA,ACE,CE,Federal Contract Tower,0,4,31,0,35,0,2,50,0,52,0,6,81,0,87,270,0,270,357
04/06/2022,DBQ,IA,ACE,CE,Federal Contract Tower,0,5,10,0,15,0,4,26,0,30,0,9,36,0,45,54,0,54,99
04/07/2022,DBQ,IA,ACE,CE,Federal Contract Tower,0,6,12,0,18,0,0,0,0,0,0,6,12,0,18,0,0,0,18
04/08/2022,DBQ,IA,ACE,CE,Federal Contract Tower,0,4,15,0,19,0,0,8,0,8,0,4,23,0,27,38,0,38,65
04/09/2022,DBQ,IA,ACE,CE,Federal Contract Tower,0,5,25,0,30,0,1,172,0,173,0,6,197,0,203,278,0,278,481
04/10/2022,DBQ,IA,ACE,CE,Federal Contract Tower,0,4,10,0,14,0,3,22,0,25,0,7,32,0,39,10,0,10,49
04/11/2022,DBQ,IA,ACE,CE,Federal Contract Tower,0,7,35,1,43,0,0,189,0,189,0,7,224,1,232,278,0,278,510
04/12/2022,DBQ,IA,ACE,CE,Federal Contract Tower,0,4,17,0,21,0,3,57,0,60,0,7,74,0,81,186,0,186,267
04/13/2022,DBQ,IA,ACE,CE,Federal Contract Tower,0,8,18,0,26,0,0,2,0,2,0,8,20,0,28,12,0,12,40
04/14/2022,DBQ,IA,ACE,CE,Federal Contract Tower,0,5,21,0,26,0,0,10,0,10,0,5,31,0,36,14,0,14,50
04/15/2022,DBQ,IA,ACE,CE,Federal Contract Tower,0,4,28,0,32,0,0,102,3,105,0,4,130,3,137,120,2,122,259
04/16/2022,DBQ,IA,ACE,CE,Federal Contract Tower,0,4,9,0,13,0,0,18,0,18,0,4,27,0,31,44,0,44,75
04/17/2022,DBQ,IA,ACE,CE,Federal Contract Tower,0,4,0,0,4,0,1,14,0,15,0,5,14,0,19,4,0,4,23
04/18/2022,DBQ,IA,ACE,CE,Federal Contract Tower,0,3,20,0,23,0,0,20,0,20,0,3,40,0,43,0,0,0,43
04/19/2022,DBQ,IA,ACE,CE,Federal Contract Tower,0,10,29,0,39,0,5,194,2,201,0,15,223,2,240,358,0,358,598
04/20/2022,DBQ,IA,ACE,CE,Federal Contract Tower,0,3,9,0,12,0,0,28,0,28,0,3,37,0,40,46,0,46,86
04/21/2022,DBQ,IA,ACE,CE,Federal Contract Tower,0,6,28,0,34,0,4,198,0,202,0,10,226,0,236,256,0,256,492
04/22/2022,DBQ,IA,ACE,CE,Federal Contract Tower,0,4,20,0,24,0,2,1,0,3,0,6,21,0,27,0,0,0,27
04/23/2022,DBQ,IA,ACE,CE,Federal Contract Tower,0,4,9,0,13,0,0,0,0,0,0,4,9,0,13,22,0,22,35
04/24/2022,DBQ,IA,ACE,CE,Federal Contract Tower,0,6,7,0,13,0,0,4,0,4,0,6,11,0,17,0,0,0,17
04/25/2022,DBQ,IA,ACE,CE,Federal Contract Tower,0,4,12,0,16,0,0,64,0,64,0,4,76,0,80,208,0,208,288
04/26/2022,DBQ,IA,ACE,CE,Federal Contract Tower,0,9,29,0,38,0,0,153,0,153,0,9,182,0,191,296,0,296,487
04/27/2022,DBQ,IA,ACE,CE,Federal Contract Tower,0,8,34,0,42,0,0,132,0,132,0,8,166,0,174,316,0,316,490
04/28/2022,DBQ,IA,ACE,CE,Federal Contract Tower,0,3,26,0,29,0,2,30,0,32,0,5,56,0,61,32,0,32,93
04/29/2022,DBQ,IA,ACE,CE,Federal Contract Tower,0,5,29,0,34,0,1,88,0,89,0,6,117,0,123,108,0,108,231
04/30/2022,DBQ,IA,ACE,CE,Federal Contract Tower,0,6,1,0,7,0,0,0,0,0,0,6,1,0,7,0,0,0,7
05/01/2022,DBQ,IA,ACE,CE,Federal Contract Tower,0,3,13,0,16,0,2,2,0,4,0,5,15,0,20,0,0,0,20
05/02/2022,DBQ,IA,ACE,CE,Federal Contract Tower,0,6,32,0,38,0,0,79,0,79,0,6,111,0,117,319,0,319,436
05/03/2022,DBQ,IA,ACE,CE,Federal Contract Tower,0,7,23,0,30,0,2,4,0,6,0,9,27,0,36,2,0,2,38
05/04/2022,DBQ,IA,ACE,CE,Federal Contract Tower,0,4,29,0,33,0,0,175,0,175,0,4,204,0,208,240,0,240,448
05/05/2022,DBQ,IA,ACE,CE,Federal Contract Tower,0,10,39,0,49,0,4,72,0,76,0,14,111,0,125,264,0,264,389
05/06/2022,DBQ,IA,ACE,CE,Federal Contract Tower,0,6,35,0,41,0,0,120,0,120,0,6,155,0,161,248,0,248,409
05/07/2022,DBQ,IA,ACE,CE,Federal Contract Tower,0,5,11,0,16,0,0,129,0,129,0,5,140,0,145,194,2,196,341
05/08/2022,DBQ,IA,ACE,CE,Federal Contract Tower,0,6,12,0,18,0,7,7,0,14,0,13,19,0,32,16,0,16,48
05/09/2022,DBQ,IA,ACE,CE,Federal Contract Tower,0,8,15,0,23,0,4,11,0,15,0,12,26,0,38,30,0,30,68
05/10/2022,DBQ,IA,ACE,CE,Federal Contract Tower,0,14,34,0,48,0,1,113,0,114,0,15,147,0,162,250,0,250,412
05/11/2022,DBQ,IA,ACE,CE,Federal Contract Tower,0,5,41,0,46,0,0,117,0,117,0,5,158,0,163,244,0,244,407
05/12/2022,DBQ,IA,ACE,CE,Federal Contract Tower,0,4,43,0,47,0,0,115,0,115,0,4,158,0,162,174,0,174,336
05/13/2022,DBQ,IA,ACE,CE,Federal Contract Tower,0,5,11,0,16,0,1,108,0,109,0,6,119,0,125,156,0,156,281
05/14/2022,DBQ,IA,ACE,CE,Federal Contract Tower,0,5,21,0,26,0,4,88,0,92,0,9,109,0,118,116,0,116,234
05/15/2022,DBQ,IA,ACE,CE,Federal Contract Tower,0,7,10,0,17,0,1,32,0,33,0,8,42,0,50,44,0,44,94
05/16/2022,DBQ,IA,ACE,CE,Federal Contract Tower,0,5,27,0,32,0,1,92,0,93,0,6,119,0,125,112,0,112,237
05/17/2022,DBQ,IA,ACE,CE,Federal Contract Tower,0,3,27,0,30,0,2,122,0,124,0,5,149,0,154,202,0,202,356
05/18/2022,DBQ,IA,ACE,CE,Federal Contract Tower,0,4,37,0,41,0,2,26,0,28,0,6,63,0,69,66,0,66,135
05/19/2022,DBQ,IA,ACE,CE,Federal Contract Tower,0,7,26,0,33,0,0,0,0,0,0,7,26,0,33,208,0,208,241
05/20/2022,DBQ,IA,ACE,CE,Federal Contract Tower,0,4,29,0,33,0,4,47,0,51,0,8,76,0,84,112,0,112,196
05/21/2022,DBQ,IA,ACE,CE,Federal Contract Tower,0,4,14,0,18,0,4,91,0,95,0,8,105,0,113,172,0,172,285
05/22/2022,DBQ,IA,ACE,CE,Federal Contract Tower,0,8,10,0,18,0,4,27,0,31,0,12,37,0,49,36,0,36,85
05/23/2022,DBQ,IA,ACE,CE,Federal Contract Tower,2,6,35,0,43,0,3,124,0,127,2,9,159,0,170,118,0,118,288
05/24/2022,DBQ,IA,ACE,CE,Federal Contract Tower,1,4,26,0,31,0,4,117,0,121,1,8,143,0,152,168,0,168,320
05/25/2022,DBQ,IA,ACE,CE,Federal Contract Tower,0,7,20,0,27,0,0,0,0,0,0,7,20,0,27,0,0,0,27
05/26/2022,DBQ,IA,ACE,CE,Federal Contract Tower,0,12,22,0,34,0,2,2,0,4,0,14,24,0,38,0,0,0,38
05/27/2022,DBQ,IA,ACE,CE,Federal Contract Tower,0,5,47,0,52,0,0,38,0,38,0,5,85,0,90,100,0,100,190
05/28/2022,DBQ,IA,ACE,CE,Federal Contract Tower,0,5,7,0,12,0,3,14,4,21,0,8,21,4,33,52,0,52,85
05/29/2022,DBQ,IA,ACE,CE,Federal Contract Tower,0,6,3,0,9,0,3,1,0,4,0,9,4,0,13,0,0,0,13
05/30/2022,DBQ,IA,ACE,CE,Federal Contract Tower,0,6,3,0,9,0,2,0,0,2,0,8,3,0,11,0,0,0,11
05/31/2022,DBQ,IA,ACE,CE,Federal Contract Tower,0,6,28,0,34,0,1,51,0,52,0,7,79,0,86,132,0,132,218
06/01/2022,DBQ,IA,ACE,CE,Federal Contract Tower,0,4,18,0,22,0,2,180,0,182,0,6,198,0,204,178,0,178,382
06/02/2022,DBQ,IA,ACE,CE,Federal Contract Tower,0,3,32,0,35,0,2,133,0,135,0,5,165,0,170,212,0,212,382
06/03/2022,DBQ,IA,ACE,CE,Federal Contract Tower,0,5,27,0,32,0,3,130,0,133,0,8,157,0,165,176,0,176,341
06/04/2022,DBQ,IA,ACE,CE,Federal Contract Tower,0,5,17,0,22,0,1,33,0,34,0,6,50,0,56,96,0,96,152
06/05/2022,DBQ,IA,ACE,CE,Federal Contract Tower,0,4,8,2,14,0,0,18,0,18,0,4,26,2,32,48,0,48,80
06/06/2022,DBQ,IA,ACE,CE,Federal Contract Tower,0,3,35,0,38,0,2,7,0,9,0,5,42,0,47,60,0,60,107
06/07/2022,DBQ,IA,ACE,CE,Federal Contract Tower,0,6,25,0,31,0,0,135,0,135,0,6,160,0,166,166,0,166,332
06/08/2022,DBQ,IA,ACE,CE,Federal Contract Tower,0,4,40,0,44,0,2,70,0,72,0,6,110,0,116,150,0,150,266
06/09/2022,DBQ,IA,ACE,CE,Federal Contract Tower,0,8,33,0,41,0,1,169,0,170,0,9,202,0,211,166,0,166,377
06/10/2022,DBQ,IA,ACE,CE,Federal Contract Tower,0,8,25,0,33,0,0,69,0,69,0,8,94,0,102,146,0,146,248
06/11/2022,DBQ,IA,ACE,CE,Federal Contract Tower,0,5,14,0,19,0,0,17,0,17,0,5,31,0,36,56,0,56,92
06/12/2022,DBQ,IA,ACE,CE,Federal Contract Tower,0,3,10,0,13,0,4,62,5,71,0,7,72,5,84,6,0,6,90
06/13/2022,DBQ,IA,ACE,CE,Federal Contract Tower,0,5,27,0,32,0,0,8,0,8,0,5,35,0,40,28,0,28,68
06/14/2022,DBQ,IA,ACE,CE,Federal Contract Tower,0,4,22,0,26,0,4,89,0,93,0,8,111,0,119,100,0,100,219
06/15/2022,DBQ,IA,ACE,CE,Federal Contract Tower,0,4,25,0,29,0,4,93,0,97,0,8,118,0,126,112,0,112,238
06/16/2022,DBQ,IA,ACE,CE,Federal Contract Tower,0,4,15,0,19,0,1,66,0,67,0,5,81,0,86,72,0,72,158
06/17/2022,DBQ,IA,ACE,CE,Federal Contract Tower,0,4,12,0,16,0,0,57,0,57,0,4,69,0,73,116,0,116,189
06/18/2022,DBQ,IA,ACE,CE,Federal Contract Tower,0,4,6,0,10,0,2,63,0,65,0,6,69,0,75,54,0,54,129
06/19/2022,DBQ,IA,ACE,CE,Federal Contract Tower,0,4,9,0,13,0,2,18,7,27,0,6,27,7,40,44,0,44,84
06/20/2022,DBQ,IA,ACE,CE,Federal Contract Tower,0,5,28,0,33,0,0,114,0,114,0,5,142,0,147,167,0,167,314
06/21/2022,DBQ,IA,ACE,CE,Federal Contract Tower,0,3,23,0,26,0,0,108,0,108,0,3,131,0,134,118,0,118,252
06/22/2022,DBQ,IA,ACE,CE,Federal Contract Tower,0,7,34,0,41,0,1,145,0,146,0,8,179,0,187,184,0,184,371
06/23/2022,DBQ,IA,ACE,CE,Federal Contract Tower,0,10,33,0,43,0,2,133,0,135,0,12,166,0,178,252,0,252,430
06/24/2022,DBQ,IA,ACE,CE,Federal Contract Tower,0,3,31,0,34,0,3,112,2,117,0,6,143,2,151,206,0,206,357
06/25/2022,DBQ,IA,ACE,CE,Federal Contract Tower,0,4,13,0,17,0,0,0,0,0,0,4,13,0,17,0,0,0,17
06/26/2022,DBQ,IA,ACE,CE,Federal Contract Tower,0,4,10,0,14,0,2,2,0,4,0,6,12,0,18,36,0,36,54
06/27/2022,DBQ,IA,ACE,CE,Federal Contract Tower,0,4,35,0,39,0,2,127,0,129,0,6,162,0,168,220,0,220,388
06/28/2022,DBQ,IA,ACE,CE,Federal Contract Tower,0,6,29,0,35,0,1,126,2,129,0,7,155,2,164,206,0,206,370
06/29/2022,DBQ,IA,ACE,CE,Federal Contract Tower,0,6,31,0,37,0,0,124,0,124,0,6,155,0,161,232,0,232,393
06/30/2022,DBQ,IA,ACE,CE,Federal Contract Tower,0,5,28,1,34,0,0,73,0,73,0,5,101,1,107,200,0,200,307
07/01/2022,DBQ,IA,ACE,CE,Federal Contract Tower,0,6,15,1,22,0,5,57,4,66,0,11,72,5,88,54,0,54,142
07/02/2022,DBQ,IA,ACE,CE,Federal Contract Tower,0,6,8,0,14,0,5,82,9,96,0,11,90,9,110,30,2,32,142
07/03/2022,DBQ,IA,ACE,CE,Federal Contract Tower,0,6,5,0,11,0,0,68,8,76,0,6,73,8,87,6,0,6,93
07/04/2022,DBQ,IA,ACE,CE,Federal Contract Tower,0,6,6,0,12,0,2,15,3,20,0,8,21,3,32,12,0,12,44
07/05/2022,DBQ,IA,ACE,CE,Federal Contract Tower,0,7,15,2,24,0,0,59,0,59,0,7,74,2,83,52,0,52,135
07/06/2022,DBQ,IA,ACE,CE,Federal Contract Tower,0,3,17,0,20,0,4,37,0,41,0,7,54,0,61,58,0,58,119
07/07/2022,DBQ,IA,ACE,CE,Federal Contract Tower,0,6,37,0,43,0,3,17,0,20,0,9,54,0,63,78,0,78,141
07/08/2022,DBQ,IA,ACE,CE,Federal Contract Tower,0,4,20,0,24,0,2,5,0,7,0,6,25,0,31,60,0,60,91
07/09/2022,DBQ,IA,ACE,CE,Federal Contract Tower,0,4,17,0,21,0,2,91,0,93,0,6,108,0,114,170,0,170,284
07/10/2022,DBQ,IA,ACE,CE,Federal Contract Tower,0,4,6,0,10,0,2,28,4,34,0,6,34,4,44,22,0,22,66
07/11/2022,DBQ,IA,ACE,CE,Federal Contract Tower,0,5,24,0,29,0,5,49,0,54,0,10,73,0,83,60,0,60,143
07/12/2022,DBQ,IA,ACE,CE,Federal Contract Tower,0,8,38,0,46,0,1,129,0,130,0,9,167,0,176,220,0,220,396
07/13/2022,DBQ,IA,ACE,CE,Federal Contract Tower,0,6,40,0,46,0,3,124,0,127,0,9,164,0,173,148,0,148,321
07/14/2022,DBQ,IA,ACE,CE,Federal Contract Tower,0,6,30,0,36,0,3,125,0,128,0,9,155,0,164,196,0,196,360
07/15/2022,DBQ,IA,ACE,CE,Federal Contract Tower,0,4,21,0,25,0,0,29,0,29,0,4,50,0,54,80,0,80,134
07/16/2022,DBQ,IA,ACE,CE,Federal Contract Tower,0,7,17,0,24,0,2,28,0,30,0,9,45,0,54,120,0,120,174
07/17/2022,DBQ,IA,ACE,CE,Federal Contract Tower,0,3,13,0,16,0,3,27,2,32,0,6,40,2,48,0,0,0,48
07/18/2022,DBQ,IA,ACE,CE,Federal Contract Tower,0,5,28,0,33,0,1,117,0,118,0,6,145,0,151,122,0,122,273
07/19/2022,DBQ,IA,ACE,CE,Federal Contract Tower,0,5,21,0,26,0,2,111,0,113,0,7,132,0,139,94,0,94,233
07/20/2022,DBQ,IA,ACE,CE,Federal Contract Tower,0,6,27,0,33,0,0,79,0,79,0,6,106,0,112,138,0,138,250
07/21/2022,DBQ,IA,ACE,CE,Federal Contract Tower,0,5,33,0,38,0,1,119,0,120,0,6,152,0,158,106,0,106,264
07/22/2022,DBQ,IA,ACE,CE,Federal Contract Tower,0,6,18,0,24,0,1,210,0,211,0,7,228,0,235,68,0,68,303
07/23/2022,DBQ,IA,ACE,CE,Federal Contract Tower,0,6,9,0,15,0,1,159,0,160,0,7,168,0,175,46,0,46,221
07/24/2022,DBQ,IA,ACE,CE,Federal Contract Tower,0,12,15,0,27,0,1,114,2,117,0,13,129,2,144,0,2,2,146
07/25/2022,DBQ,IA,ACE,CE,Federal Contract Tower,0,4,24,0,28,0,1,117,0,118,0,5,141,0,146,120,0,120,266
07/26/2022,DBQ,IA,ACE,CE,Federal Contract Tower,0,4,31,0,35,0,0,88,0,88,0,4,119,0,123,115,0,115,238
07/27/2022,DBQ,IA,ACE,CE,Federal Contract Tower,0,6,34,1,41,0,0,49,0,49,0,6,83,1,90,144,0,144,234
07/28/2022,DBQ,IA,ACE,CE,Federal Contract Tower,0,4,25,0,29,0,4,98,0,102,0,8,123,0,131,62,0,62,193
07/29/2022,DBQ,IA,ACE,CE,Federal Contract Tower,0,4,14,0,18,0,7,85,0,92,0,11,99,0,110,106,0,106,216
07/30/2022,DBQ,IA,ACE,CE,Federal Contract Tower,0,4,5,0,9,0,3,40,0,43,0,7,45,0,52,20,0,20,72
07/31/2022,DBQ,IA,ACE,CE,Federal Contract Tower,0,4,9,0,13,0,2,37,2,41,0,6,46,2,54,14,0,14,68
08/01/2022,DBQ,IA,ACE,CE,Federal Contract Tower,0,4,20,0,24,0,5,83,0,88,0,9,103,0,112,152,0,152,264
08/02/2022,DBQ,IA,ACE,CE,Federal Contract Tower,0,4,21,1,26,0,5,81,1,87,0,9,102,2,113,92,0,92,205
08/03/2022,DBQ,IA,ACE,CE,Federal Contract Tower,0,4,11,0,15,0,0,16,0,16,0,4,27,0,31,34,0,34,65
08/04/2022,DBQ,IA,ACE,CE,Federal Contract Tower,0,8,23,0,31,0,1,119,0,120,0,9,142,0,151,258,12,270,421
08/05/2022,DBQ,IA,ACE,CE,Federal Contract Tower,0,4,31,0,35,0,5,88,0,93,0,9,119,0,128,152,0,152,280
08/06/2022,DBQ,IA,ACE,CE,Federal Contract Tower,0,6,13,0,19,0,0,8,1,9,0,6,21,1,28,10,0,10,38
08/07/2022,DBQ,IA,ACE,CE,Federal Contract Tower,0,4,7,0,11,0,0,4,0,4,0,4,11,0,15,4,0,4,19
08/08/2022,DBQ,IA,ACE,CE,Federal Contract Tower,0,6,22,0,28,0,0,15,0,15,0,6,37,0,43,80,0,80,123
08/09/2022,DBQ,IA,ACE,CE,Federal Contract Tower,0,4,47,0,51,0,0,94,0,94,0,4,141,0,145,136,0,136,281
08/10/2022,DBQ,IA,ACE,CE,Federal Contract Tower,0,8,29,0,37,0,3,124,0,127,0,11,153,0,164,136,0,136,300
08/11/2022,DBQ,IA,ACE,CE,Federal Contract Tower,6,80,60,0,146,0,0,20,0,20,6,80,80,0,166,6,0,6,172
08/12/2022,DBQ,IA,ACE,CE,Federal Contract Tower,4,14,29,0,47,0,1,24,0,25,4,15,53,0,72,88,0,88,160
08/13/2022,DBQ,IA,ACE,CE,Federal Contract Tower,0,4,11,0,15,0,3,41,0,44,0,7,52,0,59,78,0,78,137
08/14/2022,DBQ,IA,ACE,CE,Federal Contract Tower,0,4,17,0,21,0,2,5,0,7,0,6,22,0,28,0,0,0,28
08/15/2022,DBQ,IA,ACE,CE,Federal Contract Tower,0,8,35,0,43,0,0,81,0,81,0,8,116,0,124,204,0,204,328
08/16/2022,DBQ,IA,ACE,CE,Federal Contract Tower,0,6,32,0,38,0,0,111,0,111,0,6,143,0,149,154,0,154,303
08/17/2022,DBQ,IA,ACE,CE,Federal Contract Tower,0,4,14,0,18,0,0,131,0,131,0,4,145,0,149,176,0,176,325
08/18/2022,DBQ,IA,ACE,CE,Federal Contract Tower,0,5,26,0,31,0,0,45,0,45,0,5,71,0,76,44,0,44,120
08/19/2022,DBQ,IA,ACE,CE,Federal Contract Tower,0,4,14,0,18,0,0,20,0,20,0,4,34,0,38,82,0,82,120
08/20/2022,DBQ,IA,ACE,CE,Federal Contract Tower,0,4,5,0,9,0,0,3,0,3,0,4,8,0,12,0,0,0,12
08/21/2022,DBQ,IA,ACE,CE,Federal Contract Tower,0,4,13,0,17,0,0,10,1,11,0,4,23,1,28,18,0,18,46
08/22/2022,DBQ,IA,ACE,CE,Federal Contract Tower,0,4,15,0,19,0,2,98,5,105,0,6,113,5,124,120,0,120,244
08/23/2022,DBQ,IA,ACE,CE,Federal Contract Tower,0,6,18,0,24,0,1,138,0,139,0,7,156,0,163,150,0,150,313
08/24/2022,DBQ,IA,ACE,CE,Federal Contract Tower,0,6,22,0,28,0,2,104,0,106,0,8,126,0,134,126,0,126,260
08/25/2022,DBQ,IA,ACE,CE,Federal Contract Tower,0,8,21,0,29,0,1,33,0,34,0,9,54,0,63,88,0,88,151
08/26/2022,DBQ,IA,ACE,CE,Federal Contract Tower,0,3,29,0,32,0,3,80,0,83,0,6,109,0,115,252,0,252,367
08/27/2022,DBQ,IA,ACE,CE,Federal Contract Tower,0,8,19,0,27,0,2,90,11,103,0,10,109,11,130,160,10,170,300
08/28/2022,DBQ,IA,ACE,CE,Federal Contract Tower,0,5,7,0,12,0,5,11,0,16,0,10,18,0,28,0,24,24,52
08/29/2022,DBQ,IA,ACE,CE,Federal Contract Tower,0,3,22,0,25,0,2,55,0,57,0,5,77,0,82,118,0,118,200
08/30/2022,DBQ,IA,ACE,CE,Federal Contract Tower,0,4,16,0,20,0,2,185,0,187,0,6,201,0,207,212,0,212,419
08/31/2022,DBQ,IA,ACE,CE,Federal Contract Tower,0,4,34,0,38,0,2,193,0,195,0,6,227,0,233,184,0,184,417
09/01/2022,DBQ,IA,ACE,CE,Federal Contract Tower,1,3,22,0,26,0,0,142,0,142,1,3,164,0,168,112,0,112,280
09/02/2022,DBQ,IA,ACE,CE,Federal Contract Tower,1,4,21,0,26,0,2,128,0,130,1,6,149,0,156,224,0,224,380
09/03/2022,DBQ,IA,ACE,CE,Federal Contract Tower,2,6,14,0,22,0,0,12,0,12,2,6,26,0,34,2,0,2,36
09/04/2022,DBQ,IA,ACE,CE,Federal Contract Tower,0,6,4,0,10,0,0,2,0,2,0,6,6,0,12,22,0,22,34
09/05/2022,DBQ,IA,ACE,CE,Federal Contract Tower,0,3,2,0,5,0,2,16,2,20,0,5,18,2,25,12,8,20,45
09/06/2022,DBQ,IA,ACE,CE,Federal Contract Tower,0,5,28,0,33,0,1,118,0,119,0,6,146,0,152,170,0,170,322
09/07/2022,DBQ,IA,ACE,CE,Federal Contract Tower,0,1,23,0,24,0,1,135,0,136,0,2,158,0,160,254,0,254,414
09/08/2022,DBQ,IA,ACE,CE,Federal Contract Tower,0,0,33,0,33,0,3,133,0,136,0,3,166,0,169,100,0,100,269
09/09/2022,DBQ,IA,ACE,CE,Federal Contract Tower,0,2,17,0,19,0,0,134,0,134,0,2,151,0,153,203,0,203,356
09/10/2022,DBQ,IA,ACE,CE,Federal Contract Tower,0,1,16,0,17,0,0,3,2,5,0,1,19,2,22,16,0,16,38
09/11/2022,DBQ,IA,ACE,CE,Federal Contract Tower,0,0,10,0,10,0,0,3,0,3,0,0,13,0,13,0,0,0,13
09/12/2022,DBQ,IA,ACE,CE,Federal Contract Tower,0,4,30,0,34,0,0,29,0,29,0,4,59,0,63,60,0,60,123
09/13/2022,DBQ,IA,ACE,CE,Federal Contract Tower,0,4,41,0,45,0,1,160,2,163,0,5,201,2,208,266,4,270,478
09/14/2022,DBQ,IA,ACE,CE,Federal Contract Tower,0,3,39,0,42,0,1,164,0,165,0,4,203,0,207,182,0,182,389
09/15/2022,DBQ,IA,ACE,CE,Federal Contract Tower,0,4,27,0,31,0,0,126,0,126,0,4,153,0,157,164,0,164,321
09/16/2022,DBQ,IA,ACE,CE,Federal Contract Tower,0,0,37,0,37,0,2,138,0,140,0,2,175,0,177,190,0,190,367
09/17/2022,DBQ,IA,ACE,CE,Federal Contract Tower,0,0,16,0,16,0,0,29,0,29,0,0,45,0,45,68,0,68,113
09/18/2022,DBQ,IA,ACE,CE,Federal Contract Tower,0,0,11,0,11,0,4,12,0,16,0,4,23,0,27,42,0,42,69
09/19/2022,DBQ,IA,ACE,CE,Federal Contract Tower,0,2,21,0,23,0,4,104,0,108,0,6,125,0,131,194,0,194,325
09/20/2022,DBQ,IA,ACE,CE,Federal Contract Tower,0,1,22,0,23,0,2,99,0,101,0,3,121,0,124,106,0,106,230
09/21/2022,DBQ,IA,ACE,CE,Federal Contract Tower,0,1,23,0,24,0,3,128,0,131,0,4,151,0,155,136,0,136,291
09/22/2022,DBQ,IA,ACE,CE,Federal Contract Tower,0,2,32,0,34,0,2,148,1,151,0,4,180,1,185,210,0,210,395
09/23/2022,DBQ,IA,ACE,CE,Federal Contract Tower,0,1,20,0,21,0,2,97,0,99,0,3,117,0,120,234,0,234,354
09/24/2022,DBQ,IA,ACE,CE,Federal Contract Tower,0,5,16,0,21,0,0,14,0,14,0,5,30,0,35,10,0,10,45
09/25/2022,DBQ,IA,ACE,CE,Federal Contract Tower,0,0,4,0,4,0,1,23,0,24,0,1,27,0,28,2,0,2,30
09/26/2022,DBQ,IA,ACE,CE,Federal Contract Tower,0,0,9,0,9,0,4,94,0,98,0,4,103,0,107,110,0,110,217
09/27/2022,DBQ,IA,ACE,CE,Federal Contract Tower,0,0,27,0,27,0,3,158,0,161,0,3,185,0,188,220,0,220,408
09/28/2022,DBQ,IA,ACE,CE,Federal Contract Tower,0,3,33,0,36,0,0,156,0,156,0,3,189,0,192,128,0,128,320
09/29/2022,DBQ,IA,ACE,CE,Federal Contract Tower,0,4,29,0,33,0,0,138,0,138,0,4,167,0,171,314,0,314,485
09/30/2022,DBQ,IA,ACE,CE,Federal Contract Tower,0,3,17,0,20,0,0,144,0,144,0,3,161,0,164,248,0,248,412
10/01/2022,DBQ,IA,ACE,CE,Federal Contract Tower,0,5,15,0,20,0,7,98,0,105,0,12,113,0,125,280,0,280,405
10/02/2022,DBQ,IA,ACE,CE,Federal Contract Tower,0,0,4,0,4,0,0,33,0,33,0,0,37,0,37,32,0,32,69
10/03/2022,DBQ,IA,ACE,CE,Federal Contract Tower,0,2,20,0,22,0,1,102,0,103,0,3,122,0,125,228,0,228,353
10/04/2022,DBQ,IA,ACE,CE,Federal Contract Tower,0,0,29,0,29,0,1,143,0,144,0,1,172,0,173,270,0,270,443
10/05/2022,DBQ,IA,ACE,CE,Federal Contract Tower,0,0,22,0,22,0,0,126,0,126,0,0,148,0,148,232,0,232,380
10/06/2022,DBQ,IA,ACE,CE,Federal Contract Tower,0,2,35,0,37,0,3,66,0,69,0,5,101,0,106,128,0,128,234
10/07/2022,DBQ,IA,ACE,CE,Federal Contract Tower,0,1,32,0,33,0,0,70,0,70,0,1,102,0,103,110,0,110,213
10/08/2022,DBQ,IA,ACE,CE,Federal Contract Tower,0,3,12,0,15,0,0,43,9,52,0,3,55,9,67,10,4,14,81
10/09/2022,DBQ,IA,ACE,CE,Federal Contract Tower,0,1,6,0,7,0,2,15,0,17,0,3,21,0,24,48,0,48,72
10/10/2022,DBQ,IA,ACE,CE,Federal Contract Tower,0,4,16,0,20,0,6,108,0,114,0,10,124,0,134,278,0,278,412
10/11/2022,DBQ,IA,ACE,CE,Federal Contract Tower,0,2,31,0,33,0,0,49,0,49,0,2,80,0,82,106,0,106,188
10/12/2022,DBQ,IA,ACE,CE,Federal Contract Tower,0,2,19,0,21,0,2,45,2,49,0,4,64,2,70,82,0,82,152
10/13/2022,DBQ,IA,ACE,CE,Federal Contract Tower,2,0,19,0,21,0,3,39,0,42,2,3,58,0,63,66,0,66,129
10/14/2022,DBQ,IA,ACE,CE,Federal Contract Tower,0,2,28,0,30,0,3,91,0,94,0,5,119,0,124,128,0,128,252
10/15/2022,DBQ,IA,ACE,CE,Federal Contract Tower,0,0,31,0,31,0,0,105,0,105,0,0,136,0,136,152,0,152,288
10/16/2022,DBQ,IA,ACE,CE,Federal Contract Tower,0,0,14,0,14,0,1,11,6,18,0,1,25,6,32,18,0,18,50
10/17/2022,DBQ,IA,ACE,CE,Federal Contract Tower,0,0,19,0,19,0,2,57,0,59,0,2,76,0,78,88,0,88,166
10/18/2022,DBQ,IA,ACE,CE,Federal Contract Tower,0,0,16,0,16,0,2,124,0,126,0,2,140,0,142,194,2,196,338
10/19/2022,DBQ,IA,ACE,CE,Federal Contract Tower,0,4,32,0,36,0,4,138,0,142,0,8,170,0,178,278,0,278,456
10/20/2022,DBQ,IA,ACE,CE,Federal Contract Tower,0,9,43,0,52,0,3,133,4,140,0,12,176,4,192,338,0,338,530
10/21/2022,DBQ,IA,ACE,CE,Federal Contract Tower,0,0,23,0,23,0,3,126,1,130,0,3,149,1,153,240,0,240,393
10/22/2022,DBQ,IA,ACE,CE,Federal Contract Tower,0,4,14,1,19,0,3,37,0,40,0,7,51,1,59,166,0,166,225
10/23/2022,DBQ,IA,ACE,CE,Federal Contract Tower,0,7,12,0,19,0,3,9,0,12,0,10,21,0,31,22,0,22,53
10/24/2022,DBQ,IA,ACE,CE,Federal Contract Tower,0,2,20,0,22,0,3,45,0,48,0,5,65,0,70,106,0,106,176
10/25/2022,DBQ,IA,ACE,CE,Federal Contract Tower,0,0,16,0,16,0,0,112,0,112,0,0,128,0,128,336,0,336,464
10/26/2022,DBQ,IA,ACE,CE,Federal Contract Tower,0,0,36,0,36,0,0,174,0,174,0,0,210,0,210,212,0,212,422
10/27/2022,DBQ,IA,ACE,CE,Federal Contract Tower,0,3,34,0,37,0,2,163,2,167,0,5,197,2,204,246,2,248,452
10/28/2022,DBQ,IA,ACE,CE,Federal Contract Tower,0,4,28,0,32,0,0,114,2,116,0,4,142,2,148,172,0,172,320
10/29/2022,DBQ,IA,ACE,CE,Federal Contract Tower,0,2,16,0,18,0,1,147,0,148,0,3,163,0,166,238,0,238,404
10/30/2022,DBQ,IA,ACE,CE,Federal Contract Tower,0,2,2,0,4,0,4,36,2,42,0,6,38,2,46,50,0,50,96
10/31/2022,DBQ,IA,ACE,CE,Federal Contract Tower,0,0,23,0,23,0,2,114,5,121,0,2,137,5,144,270,20,290,434
11/01/2022,DBQ,IA,ACE,CE,Federal Contract Tower,0,0,26,0,26,0,1,130,0,131,0,1,156,0,157,208,0,208,365
11/02/2022,DBQ,IA,ACE,CE,Federal Contract Tower,0,0,25,0,25,0,2,115,0,117,0,2,140,0,142,272,2,274,416
11/03/2022,DBQ,IA,ACE,CE,Federal Contract Tower,0,4,28,0,32,0,2,79,0,81,0,6,107,0,113,124,0,124,237
11/04/2022,DBQ,IA,ACE,CE,Federal Contract Tower,0,0,12,0,12,0,0,2,0,2,0,0,14,0,14,8,0,8,22
11/05/2022,DBQ,IA,ACE,CE,Federal Contract Tower,0,4,2,0,6,0,0,0,0,0,0,4,2,0,6,0,0,0,6
11/06/2022,DBQ,IA,ACE,CE,Federal Contract Tower,0,0,6,0,6,0,2,25,0,27,0,2,31,0,33,44,30,74,107
11/07/2022,DBQ,IA,ACE,CE,Federal Contract Tower,0,0,33,0,33,0,2,134,0,136,0,2,167,0,169,248,0,248,417
11/08/2022,DBQ,IA,ACE,CE,Federal Contract Tower,0,0,39,0,39,0,2,113,0,115,0,2,152,0,154,186,0,186,340
11/09/2022,DBQ,IA,ACE,CE,Federal Contract Tower,0,4,40,2,46,0,1,99,0,100,0,5,139,2,146,318,0,318,464
11/10/2022,DBQ,IA,ACE,CE,Federal Contract Tower,0,4,15,0,19,0,2,10,0,12,0,6,25,0,31,24,0,24,55
11/11/2022,DBQ,IA,ACE,CE,Federal Contract Tower,0,8,20,0,28,0,4,43,0,47,0,12,63,0,75,256,0,256,331
11/12/2022,DBQ,IA,ACE,CE,Federal Contract Tower,0,2,13,0,15,0,0,2,0,2,0,2,15,0,17,0,0,0,17
11/13/2022,DBQ,IA,ACE,CE,Federal Contract Tower,0,2,12,0,14,0,3,23,0,26,0,5,35,0,40,40,36,76,116
11/14/2022,DBQ,IA,ACE,CE,Federal Contract Tower,0,0,29,0,29,0,2,146,1,149,0,2,175,1,178,364,0,364,542
11/15/2022,DBQ,IA,ACE,CE,Federal Contract Tower,0,3,19,0,22,0,0,0,0,0,0,3,19,0,22,0,0,0,22
11/16/2022,DBQ,IA,ACE,CE,Federal Contract Tower,0,1,15,0,16,0,0,4,0,4,0,1,19,0,20,12,0,12,32
11/17/2022,DBQ,IA,ACE,CE,Federal Contract Tower,0,3,19,0,22,0,0,9,0,9,0,3,28,0,31,24,0,24,55
11/18/2022,DBQ,IA,ACE,CE,Federal Contract Tower,0,2,16,0,18,0,2,2,0,4,0,4,18,0,22,36,0,36,58
11/19/2022,DBQ,IA,ACE,CE,Federal Contract Tower,0,3,3,0,6,0,2,14,0,16,0,5,17,0,22,58,0,58,80
11/20/2022,DBQ,IA,ACE,CE,Federal Contract Tower,0,1,4,0,5,0,3,14,2,19,0,4,18,2,24,22,0,22,46
11/21/2022,DBQ,IA,ACE,CE,Federal Contract Tower,0,0,30,0,30,0,2,111,2,115,0,2,141,2,145,242,4,246,391
11/22/2022,DBQ,IA,ACE,CE,Federal Contract Tower,0,0,28,0,28,0,3,96,8,107,0,3,124,8,135,76,6,82,217
11/23/2022,DBQ,IA,ACE,CE,Federal Contract Tower,0,0,0,0,0,0,5,35,3,43,0,5,35,3,43,36,2,38,81
11/24/2022,DBQ,IA,ACE,CE,Federal Contract Tower,0,1,3,0,4,0,0,7,0,7,0,1,10,0,11,2,0,2,13
11/25/2022,DBQ,IA,ACE,CE,Federal Contract Tower,0,1,4,0,5,0,10,21,0,31,0,11,25,0,36,14,0,14,50
11/26/2022,DBQ,IA,ACE,CE,Federal Contract Tower,0,0,3,0,3,0,1,20,0,21,0,1,23,0,24,8,0,8,32
11/27/2022,DBQ,IA,ACE,CE,Federal Contract Tower,0,2,11,0,13,0,2,11,0,13,0,4,22,0,26,30,0,30,56
11/28/2022,DBQ,IA,ACE,CE,Federal Contract Tower,2,3,21,0,26,0,0,142,0,142,2,3,163,0,168,216,0,216,384
11/29/2022,DBQ,IA,ACE,CE,Federal Contract Tower,0,0,8,0,8,0,0,4,0,4,0,0,12,0,12,0,0,0,12
11/30/2022,DBQ,IA,ACE,CE,Federal Contract Tower,0,2,24,0,26,0,0,6,0,6,0,2,30,0,32,22,0,22,54
12/01/2022,DBQ,IA,ACE,CE,Federal Contract Tower,0,4,28,0,32,0,5,164,4,173,0,9,192,4,205,274,0,274,479
12/02/2022,DBQ,IA,ACE,CE,Federal Contract Tower,2,3,16,0,21,0,2,37,0,39,2,5,53,0,60,128,0,128,188
12/03/2022,DBQ,IA,ACE,CE,Federal Contract Tower,0,0,26,0,26,0,1,83,2,86,0,1,109,2,112,230,0,230,342
12/04/2022,DBQ,IA,ACE,CE,Federal Contract Tower,0,1,15,0,16,0,0,26,2,28,0,1,41,2,44,24,0,24,68
12/05/2022,DBQ,IA,ACE,CE,Federal Contract Tower,0,2,33,0,35,0,2,128,0,130,0,4,161,0,165,240,0,240,405
12/06/2022,DBQ,IA,ACE,CE,Federal Contract Tower,0,2,19,0,21,0,3,112,2,117,0,5,131,2,138,316,0,316,454
12/07/2022,DBQ,IA,ACE,CE,Federal Contract Tower,0,4,25,4,33,0,8,40,0,48,0,12,65,4,81,50,0,50,131
12/08/2022,DBQ,IA,ACE,CE,Federal Contract Tower,0,2,24,0,26,0,6,11,0,17,0,8,35,0,43,2,0,2,45
12/09/2022,DBQ,IA,ACE,CE,Federal Contract Tower,0,0,7,0,7,0,0,0,0,0,0,0,7,0,7,0,0,0,7
12/10/2022,DBQ,IA,ACE,CE,Federal Contract Tower,0,0,3,0,3,0,0,0,0,0,0,0,3,0,3,0,0,0,3
12/11/2022,DBQ,IA,ACE,CE,Federal Contract Tower,0,0,9,0,9,0,2,6,0,8,0,2,15,0,17,6,0,6,23
12/12/2022,DBQ,IA,ACE,CE,Federal Contract Tower,0,2,8,0,10,0,0,44,0,44,0,2,52,0,54,358,0,358,412
12/13/2022,DBQ,IA,ACE,CE,Federal Contract Tower,0,3,13,0,16,0,0,0,0,0,0,3,13,0,16,0,0,0,16
12/14/2022,DBQ,IA,ACE,CE,Federal Contract Tower,0,1,7,0,8,0,0,0,0,0,0,1,7,0,8,0,0,0,8
12/15/2022,DBQ,IA,ACE,CE,Federal Contract Tower,0,1,9,0,10,0,0,0,0,0,0,1,9,0,10,0,0,0,10
12/16/2022,DBQ,IA,ACE,CE,Federal Contract Tower,0,1,11,0,12,0,0,0,0,0,0,1,11,0,12,0,0,0,12
12/17/2022,DBQ,IA,ACE,CE,Federal Contract Tower,0,1,3,0,4,0,0,0,0,0,0,1,3,0,4,0,0,0,4
12/18/2022,DBQ,IA,ACE,CE,Federal Contract Tower,0,1,5,0,6,0,5,16,0,21,0,6,21,0,27,4,2,6,33
12/19/2022,DBQ,IA,ACE,CE,Federal Contract Tower,0,0,15,0,15,0,1,41,0,42,0,1,56,0,57,90,0,90,147
12/20/2022,DBQ,IA,ACE,CE,Federal Contract Tower,0,0,18,0,18,0,1,57,0,58,0,1,75,0,76,70,2,72,148
12/21/2022,DBQ,IA,ACE,CE,Federal Contract Tower,0,0,14,0,14,0,0,29,0,29,0,0,43,0,43,44,0,44,87
12/22/2022,DBQ,IA,ACE,CE,Federal Contract Tower,0,0,0,0,0,0,0,0,0,0,0,0,0,0,0,0,0,0,0
12/23/2022,DBQ,IA,ACE,CE,Federal Contract Tower,0,0,0,0,0,0,0,0,0,0,0,0,0,0,0,0,0,0,0
12/24/2022,DBQ,IA,ACE,CE,Federal Contract Tower,0,0,1,0,1,0,4,0,0,4,0,4,1,0,5,0,0,0,5
12/25/2022,DBQ,IA,ACE,CE,Federal Contract Tower,0,3,1,0,4,0,2,7,0,9,0,5,8,0,13,2,0,2,15
12/26/2022,DBQ,IA,ACE,CE,Federal Contract Tower,0,1,3,0,4,0,5,6,0,11,0,6,9,0,15,4,0,4,19
12/27/2022,DBQ,IA,ACE,CE,Federal Contract Tower,0,2,8,0,10,0,0,23,0,23,0,2,31,0,33,20,0,20,53
12/28/2022,DBQ,IA,ACE,CE,Federal Contract Tower,0,1,8,0,9,0,0,29,0,29,0,1,37,0,38,17,0,17,55
12/29/2022,DBQ,IA,ACE,CE,Federal Contract Tower,0,0,8,0,8,0,4,15,0,19,0,4,23,0,27,76,0,76,103
12/30/2022,DBQ,IA,ACE,CE,Federal Contract Tower,0,2,8,0,10,0,1,31,0,32,0,3,39,0,42,28,0,28,70
12/31/2022,DBQ,IA,ACE,CE,Federal Contract Tower,0,1,2,0,3,0,0,15,0,15,0,1,17,0,18,11,0,11,29
01/01/2023,DBQ,IA,ACE,CE,Federal Contract Tower,0,3,8,0,11,0,0,18,0,18,0,3,26,0,29,6,0,6,35
01/02/2023,DBQ,IA,ACE,CE,Federal Contract Tower,0,2,12,0,14,0,2,7,0,9,0,4,19,0,23,6,0,6,29
01/03/2023,DBQ,IA,ACE,CE,Federal Contract Tower,0,0,13,0,13,0,0,0,0,0,0,0,13,0,13,0,0,0,13
01/04/2023,DBQ,IA,ACE,CE,Federal Contract Tower,0,2,5,0,7,0,0,0,0,0,0,2,5,0,7,0,0,0,7
01/05/2023,DBQ,IA,ACE,CE,Federal Contract Tower,0,2,17,0,19,0,0,0,0,0,0,2,17,0,19,8,0,8,27
01/06/2023,DBQ,IA,ACE,CE,Federal Contract Tower,0,2,16,0,18,0,0,7,0,7,0,2,23,0,25,8,0,8,33
01/08/2023,DBQ,IA,ACE,CE,Federal Contract Tower,0,1,8,0,9,0,0,0,0,0,0,1,8,0,9,0,0,0,9
01/09/2023,DBQ,IA,ACE,CE,Federal Contract Tower,0,1,18,0,19,0,4,121,0,125,0,5,139,0,144,242,0,242,386
01/10/2023,DBQ,IA,ACE,CE,Federal Contract Tower,0,0,24,0,24,0,1,161,0,162,0,1,185,0,186,258,0,258,444
01/11/2023,DBQ,IA,ACE,CE,Federal Contract Tower,0,0,30,0,30,0,0,156,0,156,0,0,186,0,186,222,0,222,408
01/12/2023,DBQ,IA,ACE,CE,Federal Contract Tower,0,3,10,0,13,0,0,0,0,0,0,3,10,0,13,0,0,0,13
01/13/2023,DBQ,IA,ACE,CE,Federal Contract Tower,0,2,7,0,9,0,2,44,0,46,0,4,51,0,55,352,0,352,407
01/14/2023,DBQ,IA,ACE,CE,Federal Contract Tower,0,0,18,0,18,0,3,50,0,53,0,3,68,0,71,94,0,94,165
01/15/2023,DBQ,IA,ACE,CE,Federal Contract Tower,0,2,7,0,9,0,2,35,0,37,0,4,42,0,46,14,0,14,60
01/16/2023,DBQ,IA,ACE,CE,Federal Contract Tower,0,0,7,0,7,0,0,0,0,0,0,0,7,0,7,0,0,0,7
01/17/2023,DBQ,IA,ACE,CE,Federal Contract Tower,0,0,16,0,16,0,0,0,0,0,0,0,16,0,16,0,0,0,16
01/18/2023,DBQ,IA,ACE,CE,Federal Contract Tower,0,0,6,0,6,0,0,4,3,7,0,0,10,3,13,8,6,14,27
01/19/2023,DBQ,IA,ACE,CE,Federal Contract Tower,0,2,7,0,9,0,2,0,0,2,0,4,7,0,11,0,0,0,11
01/20/2023,DBQ,IA,ACE,CE,Federal Contract Tower,0,4,12,0,16,0,1,29,0,30,0,5,41,0,46,90,0,90,136
01/21/2023,DBQ,IA,ACE,CE,Federal Contract Tower,0,0,7,0,7,0,0,0,0,0,0,0,7,0,7,0,0,0,7
01/22/2023,DBQ,IA,ACE,CE,Federal Contract Tower,0,3,3,0,6,0,0,3,0,3,0,3,6,0,9,2,0,2,11
01/23/2023,DBQ,IA,ACE,CE,Federal Contract Tower,0,3,11,0,14,0,0,38,0,38,0,3,49,0,52,114,0,114,166
01/24/2023,DBQ,IA,ACE,CE,Federal Contract Tower,0,0,11,0,11,0,0,10,0,10,0,0,21,0,21,60,0,60,81
01/25/2023,DBQ,IA,ACE,CE,Federal Contract Tower,0,1,13,0,14,0,0,0,0,0,0,1,13,0,14,0,0,0,14
01/26/2023,DBQ,IA,ACE,CE,Federal Contract Tower,2,5,16,0,23,0,1,110,0,111,2,6,126,0,134,230,0,230,364
01/27/2023,DBQ,IA,ACE,CE,Federal Contract Tower,0,0,17,0,17,0,2,4,0,6,0,2,21,0,23,4,0,4,27
01/28/2023,DBQ,IA,ACE,CE,Federal Contract Tower,0,0,5,0,5,0,0,0,0,0,0,0,5,0,5,0,0,0,5
01/29/2023,DBQ,IA,ACE,CE,Federal Contract Tower,0,0,6,0,6,0,2,19,0,21,0,2,25,0,27,30,0,30,57
01/30/2023,DBQ,IA,ACE,CE,Federal Contract Tower,2,0,46,0,48,0,0,172,0,172,2,0,218,0,220,288,0,288,508
01/31/2023,DBQ,IA,ACE,CE,Federal Contract Tower,0,0,37,0,37,0,0,131,0,131,0,0,168,0,168,244,0,244,412
02/01/2023,DBQ,IA,ACE,CE,Federal Contract Tower,0,0,32,0,32,0,0,158,2,160,0,0,190,2,192,208,0,208,400
02/02/2023,DBQ,IA,ACE,CE,Federal Contract Tower,0,2,36,0,38,0,0,185,0,185,0,2,221,0,223,298,0,298,521
02/03/2023,DBQ,IA,ACE,CE,Federal Contract Tower,0,0,30,0,30,0,1,139,0,140,0,1,169,0,170,144,0,144,314
02/04/2023,DBQ,IA,ACE,CE,Federal Contract Tower,0,3,31,0,34,0,0,102,0,102,0,3,133,0,136,120,0,120,256
02/05/2023,DBQ,IA,ACE,CE,Federal Contract Tower,0,6,8,0,14,0,0,22,0,22,0,6,30,0,36,18,0,18,54
02/06/2023,DBQ,IA,ACE,CE,Federal Contract Tower,0,0,16,0,16,0,5,81,0,86,0,5,97,0,102,78,0,78,180
02/07/2023,DBQ,IA,ACE,CE,Federal Contract Tower,0,0,22,0,22,0,2,97,0,99,0,2,119,0,121,156,0,156,277
02/08/2023,DBQ,IA,ACE,CE,Federal Contract Tower,0,0,38,0,38,0,1,185,0,186,0,1,223,0,224,296,0,296,520
02/09/2023,DBQ,IA,ACE,CE,Federal Contract Tower,0,2,3,0,5,0,0,0,0,0,0,2,3,0,5,0,0,0,5
02/10/2023,DBQ,IA,ACE,CE,Federal Contract Tower,0,0,35,0,35,0,2,200,0,202,0,2,235,0,237,222,0,222,459
02/11/2023,DBQ,IA,ACE,CE,Federal Contract Tower,0,0,31,0,31,0,0,69,0,69,0,0,100,0,100,128,0,128,228
02/12/2023,DBQ,IA,ACE,CE,Federal Contract Tower,2,0,5,0,7,0,2,23,0,25,2,2,28,0,32,36,0,36,68
02/13/2023,DBQ,IA,ACE,CE,Federal Contract Tower,0,0,37,0,37,0,0,170,0,170,0,0,207,0,207,161,0,161,368
02/14/2023,DBQ,IA,ACE,CE,Federal Contract Tower,0,0,13,2,15,0,0,35,0,35,0,0,48,2,50,62,0,62,112
02/15/2023,DBQ,IA,ACE,CE,Federal Contract Tower,0,0,11,0,11,0,0,12,0,12,0,0,23,0,23,20,0,20,43
02/16/2023,DBQ,IA,ACE,CE,Federal Contract Tower,1,0,5,0,6,0,0,0,0,0,1,0,5,0,6,0,0,0,6
02/17/2023,DBQ,IA,ACE,CE,Federal Contract Tower,0,2,27,0,29,0,0,180,0,180,0,2,207,0,209,230,0,230,439
02/18/2023,DBQ,IA,ACE,CE,Federal Contract Tower,0,0,16,0,16,0,0,103,0,103,0,0,119,0,119,154,0,154,273
02/19/2023,DBQ,IA,ACE,CE,Federal Contract Tower,0,0,3,0,3,0,1,14,0,15,0,1,17,0,18,10,0,10,28
02/20/2023,DBQ,IA,ACE,CE,Federal Contract Tower,0,0,8,0,8,0,3,9,0,12,0,3,17,0,20,2,0,2,22
02/21/2023,DBQ,IA,ACE,CE,Federal Contract Tower,0,2,22,0,24,0,1,146,0,147,0,3,168,0,171,244,0,244,415
02/22/2023,DBQ,IA,ACE,CE,Federal Contract Tower,0,0,3,0,3,0,0,0,0,0,0,0,3,0,3,0,0,0,3
02/23/2023,DBQ,IA,ACE,CE,Federal Contract Tower,0,3,5,0,8,0,0,0,0,0,0,3,5,0,8,0,0,0,8
02/24/2023,DBQ,IA,ACE,CE,Federal Contract Tower,0,0,17,0,17,0,0,22,0,22,0,0,39,0,39,68,2,70,109
02/25/2023,DBQ,IA,ACE,CE,Federal Contract Tower,0,0,11,0,11,0,4,49,1,54,0,4,60,1,65,54,0,54,119
02/26/2023,DBQ,IA,ACE,CE,Federal Contract Tower,0,7,5,0,12,0,0,26,0,26,0,7,31,0,38,24,0,24,62
02/27/2023,DBQ,IA,ACE,CE,Federal Contract Tower,0,0,15,0,15,0,0,0,0,0,0,0,15,0,15,0,0,0,15
02/28/2023,DBQ,IA,ACE,CE,Federal Contract Tower,0,2,22,0,24,0,0,97,0,97,0,2,119,0,121,170,0,170,291
03/01/2023,DBQ,IA,ACE,CE,Federal Contract Tower,0,1,12,0,13,0,2,26,0,28,0,3,38,0,41,22,0,22,63
03/02/2023,DBQ,IA,ACE,CE,Federal Contract Tower,0,3,22,0,25,0,2,47,0,49,0,5,69,0,74,180,0,180,254
03/03/2023,DBQ,IA,ACE,CE,Federal Contract Tower,0,3,14,0,17,0,0,20,0,20,0,3,34,0,37,62,0,62,99
03/04/2023,DBQ,IA,ACE,CE,Federal Contract Tower,0,2,11,0,13,0,3,29,1,33,0,5,40,1,46,32,0,32,78
03/05/2023,DBQ,IA,ACE,CE,Federal Contract Tower,0,3,5,0,8,0,2,11,0,13,0,5,16,0,21,4,0,4,25
03/06/2023,DBQ,IA,ACE,CE,Federal Contract Tower,0,2,17,0,19,0,0,0,0,0,0,2,17,0,19,0,0,0,19
03/07/2023,DBQ,IA,ACE,CE,Federal Contract Tower,0,4,28,2,34,0,0,72,0,72,0,4,100,2,106,156,0,156,262
03/08/2023,DBQ,IA,ACE,CE,Federal Contract Tower,0,2,39,2,43,0,0,121,4,125,0,2,160,6,168,196,10,206,374
03/09/2023,DBQ,IA,ACE,CE,Federal Contract Tower,0,0,13,0,13,0,0,26,0,26,0,0,39,0,39,38,0,38,77
03/10/2023,DBQ,IA,ACE,CE,Federal Contract Tower,0,2,14,0,16,0,2,9,0,11,0,4,23,0,27,0,0,0,27
03/11/2023,DBQ,IA,ACE,CE,Federal Contract Tower,0,0,8,0,8,0,0,2,0,2,0,0,10,0,10,22,0,22,32
03/12/2023,DBQ,IA,ACE,CE,Federal Contract Tower,0,0,9,0,9,0,0,0,0,0,0,0,9,0,9,0,0,0,9
03/13/2023,DBQ,IA,ACE,CE,Federal Contract Tower,0,0,13,0,13,0,0,57,0,57,0,0,70,0,70,128,0,128,198
03/14/2023,DBQ,IA,ACE,CE,Federal Contract Tower,0,0,40,0,40,0,0,270,1,271,0,0,310,1,311,282,6,288,599
03/15/2023,DBQ,IA,ACE,CE,Federal Contract Tower,0,1,25,0,26,0,1,149,0,150,0,2,174,0,176,198,0,198,374
03/16/2023,DBQ,IA,ACE,CE,Federal Contract Tower,0,0,10,0,10,0,2,11,0,13,0,2,21,0,23,2,0,2,25
03/17/2023,DBQ,IA,ACE,CE,Federal Contract Tower,0,0,21,0,21,0,4,6,0,10,0,4,27,0,31,0,0,0,31
03/18/2023,DBQ,IA,ACE,CE,Federal Contract Tower,0,2,7,0,9,0,0,2,0,2,0,2,9,0,11,12,0,12,23
03/19/2023,DBQ,IA,ACE,CE,Federal Contract Tower,2,0,8,0,10,0,2,24,0,26,2,2,32,0,36,10,0,10,46
03/20/2023,DBQ,IA,ACE,CE,Federal Contract Tower,0,4,29,0,33,0,2,131,0,133,0,6,160,0,166,168,0,168,334
03/21/2023,DBQ,IA,ACE,CE,Federal Contract Tower,0,3,24,0,27,0,0,149,0,149,0,3,173,0,176,252,0,252,428
03/22/2023,DBQ,IA,ACE,CE,Federal Contract Tower,2,0,37,0,39,0,0,5,2,7,2,0,42,2,46,42,0,42,88
03/23/2023,DBQ,IA,ACE,CE,Federal Contract Tower,2,0,16,3,21,0,3,71,1,75,2,3,87,4,96,266,0,266,362
03/24/2023,DBQ,IA,ACE,CE,Federal Contract Tower,0,4,30,0,34,0,0,172,0,172,0,4,202,0,206,188,0,188,394
03/25/2023,DBQ,IA,ACE,CE,Federal Contract Tower,2,0,15,0,17,0,0,36,4,40,2,0,51,4,57,112,4,116,173
03/26/2023,DBQ,IA,ACE,CE,Federal Contract Tower,0,0,6,0,6,0,0,1,0,1,0,0,7,0,7,0,0,0,7
03/27/2023,DBQ,IA,ACE,CE,Federal Contract Tower,0,4,35,0,39,0,126,0,0,126,0,130,35,0,165,132,0,132,297
03/28/2023,DBQ,IA,ACE,CE,Federal Contract Tower,0,2,24,0,26,0,0,179,0,179,0,2,203,0,205,226,0,226,431
03/29/2023,DBQ,IA,ACE,CE,Federal Contract Tower,2,0,38,0,40,0,3,142,0,145,2,3,180,0,185,174,0,174,359
03/30/2023,DBQ,IA,ACE,CE,Federal Contract Tower,2,5,18,0,25,0,0,143,0,143,2,5,161,0,168,170,0,170,338
03/31/2023,DBQ,IA,ACE,CE,Federal Contract Tower,0,4,13,0,17,0,2,0,0,2,0,6,13,0,19,0,0,0,19
04/01/2023,DBQ,IA,ACE,CE,Federal Contract Tower,2,3,4,0,9,0,1,13,0,14,2,4,17,0,23,14,0,14,37
04/02/2023,DBQ,IA,ACE,CE,Federal Contract Tower,0,2,15,0,17,0,1,15,0,16,0,3,30,0,33,54,0,54,87
04/03/2023,DBQ,IA,ACE,CE,Federal Contract Tower,0,5,23,0,28,0,0,141,0,141,0,5,164,0,169,204,0,204,373
04/04/2023,DBQ,IA,ACE,CE,Federal Contract Tower,0,0,8,0,8,0,0,0,0,0,0,0,8,0,8,0,0,0,8
04/05/2023,DBQ,IA,ACE,CE,Federal Contract Tower,2,0,12,0,14,0,1,1,0,2,2,1,13,0,16,0,0,0,16
04/06/2023,DBQ,IA,ACE,CE,Federal Contract Tower,0,4,40,0,44,0,0,151,0,151,0,4,191,0,195,188,0,188,383
04/07/2023,DBQ,IA,ACE,CE,Federal Contract Tower,0,5,9,2,16,0,0,52,1,53,0,5,61,3,69,128,0,128,197
04/08/2023,DBQ,IA,ACE,CE,Federal Contract Tower,2,1,2,0,5,0,5,22,0,27,2,6,24,0,32,24,0,24,56
04/09/2023,DBQ,IA,ACE,CE,Federal Contract Tower,0,0,4,0,4,0,6,11,0,17,0,6,15,0,21,12,0,12,33
04/10/2023,DBQ,IA,ACE,CE,Federal Contract Tower,0,0,25,0,25,0,1,155,0,156,0,1,180,0,181,168,0,168,349
04/11/2023,DBQ,IA,ACE,CE,Federal Contract Tower,0,0,16,0,16,0,0,120,3,123,0,0,136,3,139,126,0,126,265
04/12/2023,DBQ,IA,ACE,CE,Federal Contract Tower,2,2,17,0,21,0,0,31,4,35,2,2,48,4,56,40,0,40,96
04/13/2023,DBQ,IA,ACE,CE,Federal Contract Tower,0,0,27,0,27,0,4,136,0,140,0,4,163,0,167,188,0,188,355
04/14/2023,DBQ,IA,ACE,CE,Federal Contract Tower,0,0,43,0,43,0,1,173,0,174,0,1,216,0,217,240,0,240,457
04/15/2023,DBQ,IA,ACE,CE,Federal Contract Tower,2,0,11,0,13,0,2,24,0,26,2,2,35,0,39,44,0,44,83
04/16/2023,DBQ,IA,ACE,CE,Federal Contract Tower,0,0,5,0,5,0,0,0,0,0,0,0,5,0,5,0,0,0,5
04/17/2023,DBQ,IA,ACE,CE,Federal Contract Tower,0,2,16,0,18,0,4,29,2,35,0,6,45,2,53,126,0,126,179
04/18/2023,DBQ,IA,ACE,CE,Federal Contract Tower,0,2,43,0,45,0,0,182,0,182,0,2,225,0,227,328,0,328,555
04/19/2023,DBQ,IA,ACE,CE,Federal Contract Tower,2,5,28,0,35,0,2,16,0,18,2,7,44,0,53,44,0,44,97
04/20/2023,DBQ,IA,ACE,CE,Federal Contract Tower,0,1,12,0,13,0,0,2,0,2,0,1,14,0,15,2,0,2,17
04/21/2023,DBQ,IA,ACE,CE,Federal Contract Tower,0,2,25,0,27,0,2,63,0,65,0,4,88,0,92,94,0,94,186
04/22/2023,DBQ,IA,ACE,CE,Federal Contract Tower,2,0,5,0,7,0,0,6,0,6,2,0,11,0,13,0,0,0,13
04/23/2023,DBQ,IA,ACE,CE,Federal Contract Tower,0,1,15,0,16,0,0,7,0,7,0,1,22,0,23,0,0,0,23
04/24/2023,DBQ,IA,ACE,CE,Federal Contract Tower,0,3,35,0,38,0,2,149,0,151,0,5,184,0,189,210,0,210,399
04/25/2023,DBQ,IA,ACE,CE,Federal Contract Tower,0,1,24,2,27,0,3,105,1,109,0,4,129,3,136,142,6,148,284
04/26/2023,DBQ,IA,ACE,CE,Federal Contract Tower,2,1,28,0,31,0,0,144,2,146,2,1,172,2,177,242,6,248,425
04/27/2023,DBQ,IA,ACE,CE,Federal Contract Tower,0,2,26,2,30,0,1,147,0,148,0,3,173,2,178,232,0,232,410
04/28/2023,DBQ,IA,ACE,CE,Federal Contract Tower,0,1,40,0,41,0,2,140,1,143,0,3,180,1,184,96,0,96,280
04/29/2023,DBQ,IA,ACE,CE,Federal Contract Tower,2,0,20,0,22,0,0,22,0,22,2,0,42,0,44,16,0,16,60
04/30/2023,DBQ,IA,ACE,CE,Federal Contract Tower,0,1,5,0,6,0,0,0,0,0,0,1,5,0,6,0,0,0,6
05/01/2023,DBQ,IA,ACE,CE,Federal Contract Tower,0,0,19,0,19,0,5,1,0,6,0,5,20,0,25,0,0,0,25
05/02/2023,DBQ,IA,ACE,CE,Federal Contract Tower,0,0,18,0,18,0,0,24,0,24,0,0,42,0,42,14,0,14,56
05/03/2023,DBQ,IA,ACE,CE,Federal Contract Tower,2,4,33,2,41,0,0,200,0,200,2,4,233,2,241,212,0,212,453
05/04/2023,DBQ,IA,ACE,CE,Federal Contract Tower,0,8,38,0,46,0,8,155,0,163,0,16,193,0,209,96,0,96,305
05/05/2023,DBQ,IA,ACE,CE,Federal Contract Tower,0,4,35,0,39,0,6,124,0,130,0,10,159,0,169,134,0,134,303
05/06/2023,DBQ,IA,ACE,CE,Federal Contract Tower,2,2,16,1,21,0,0,2,0,2,2,2,18,1,23,0,0,0,23
05/07/2023,DBQ,IA,ACE,CE,Federal Contract Tower,0,5,12,0,17,0,1,24,0,25,0,6,36,0,42,18,0,18,60
05/08/2023,DBQ,IA,ACE,CE,Federal Contract Tower,0,1,74,0,75,0,2,19,0,21,0,3,93,0,96,2,0,2,98
05/09/2023,DBQ,IA,ACE,CE,Federal Contract Tower,0,1,48,1,50,0,4,111,0,115,0,5,159,1,165,162,2,164,329
05/10/2023,DBQ,IA,ACE,CE,Federal Contract Tower,3,1,54,0,58,0,0,195,0,195,3,1,249,0,253,170,2,172,425
05/11/2023,DBQ,IA,ACE,CE,Federal Contract Tower,0,0,30,0,30,0,2,166,0,168,0,2,196,0,198,312,0,312,510
05/12/2023,DBQ,IA,ACE,CE,Federal Contract Tower,0,0,41,0,41,0,3,11,0,14,0,3,52,0,55,42,0,42,97
05/13/2023,DBQ,IA,ACE,CE,Federal Contract Tower,2,0,12,0,14,0,0,7,0,7,2,0,19,0,21,34,0,34,55
05/14/2023,DBQ,IA,ACE,CE,Federal Contract Tower,0,1,12,0,13,0,0,2,0,2,0,1,14,0,15,0,0,0,15
05/15/2023,DBQ,IA,ACE,CE,Federal Contract Tower,0,2,28,0,30,0,0,187,0,187,0,2,215,0,217,152,0,152,369
05/16/2023,DBQ,IA,ACE,CE,Federal Contract Tower,0,3,20,0,23,0,0,148,0,148,0,3,168,0,171,154,0,154,325
05/17/2023,DBQ,IA,ACE,CE,Federal Contract Tower,2,2,40,0,44,0,0,187,0,187,2,2,227,0,231,192,0,192,423
05/18/2023,DBQ,IA,ACE,CE,Federal Contract Tower,0,5,32,0,37,0,1,152,0,153,0,6,184,0,190,218,0,218,408
05/19/2023,DBQ,IA,ACE,CE,Federal Contract Tower,0,3,25,0,28,0,5,97,0,102,0,8,122,0,130,96,0,96,226
05/20/2023,DBQ,IA,ACE,CE,Federal Contract Tower,2,0,19,0,21,0,2,73,2,77,2,2,92,2,98,86,10,96,194
05/21/2023,DBQ,IA,ACE,CE,Federal Contract Tower,0,0,13,1,14,0,3,38,3,44,0,3,51,4,58,44,2,46,104
05/22/2023,DBQ,IA,ACE,CE,Federal Contract Tower,1,3,29,0,33,0,6,128,0,134,1,9,157,0,167,156,0,156,323
05/23/2023,DBQ,IA,ACE,CE,Federal Contract Tower,2,0,42,0,44,0,0,149,0,149,2,0,191,0,193,168,0,168,361
05/24/2023,DBQ,IA,ACE,CE,Federal Contract Tower,2,0,28,0,30,0,1,131,0,132,2,1,159,0,162,170,0,170,332
05/25/2023,DBQ,IA,ACE,CE,Federal Contract Tower,0,0,26,0,26,0,2,130,0,132,0,2,156,0,158,92,0,92,250
05/26/2023,DBQ,IA,ACE,CE,Federal Contract Tower,0,2,14,0,16,0,2,115,0,117,0,4,129,0,133,110,0,110,243
05/27/2023,DBQ,IA,ACE,CE,Federal Contract Tower,4,2,9,0,15,0,1,17,0,18,4,3,26,0,33,16,0,16,49
05/28/2023,DBQ,IA,ACE,CE,Federal Contract Tower,0,0,3,0,3,0,0,23,0,23,0,0,26,0,26,10,0,10,36
05/29/2023,DBQ,IA,ACE,CE,Federal Contract Tower,0,0,9,0,9,0,0,30,0,30,0,0,39,0,39,54,0,54,93
05/30/2023,DBQ,IA,ACE,CE,Federal Contract Tower,2,1,33,0,36,0,3,133,0,136,2,4,166,0,172,72,0,72,244
06/01/2023,DBQ,IA,ACE,CE,Federal Contract Tower,0,3,16,2,21,0,2,103,0,105,0,5,119,2,126,146,0,146,272
06/02/2023,DBQ,IA,ACE,CE,Federal Contract Tower,0,2,17,0,19,0,0,89,0,89,0,2,106,0,108,44,0,44,152
06/03/2023,DBQ,IA,ACE,CE,Federal Contract Tower,2,0,11,0,13,0,1,57,0,58,2,1,68,0,71,74,0,74,145
06/04/2023,DBQ,IA,ACE,CE,Federal Contract Tower,0,1,8,0,9,0,2,94,1,97,0,3,102,1,106,16,2,18,124
06/05/2023,DBQ,IA,ACE,CE,Federal Contract Tower,0,2,23,0,25,0,4,119,0,123,0,6,142,0,148,156,0,156,304
06/06/2023,DBQ,IA,ACE,CE,Federal Contract Tower,0,2,31,0,33,0,2,76,0,78,0,4,107,0,111,174,0,174,285
06/07/2023,DBQ,IA,ACE,CE,Federal Contract Tower,2,2,41,0,45,0,1,133,0,134,2,3,174,0,179,136,0,136,315
06/08/2023,DBQ,IA,ACE,CE,Federal Contract Tower,0,7,51,0,58,0,3,127,0,130,0,10,178,0,188,108,0,108,296
06/09/2023,DBQ,IA,ACE,CE,Federal Contract Tower,0,1,27,0,28,0,1,139,0,140,0,2,166,0,168,249,0,249,417
06/10/2023,DBQ,IA,ACE,CE,Federal Contract Tower,2,0,10,0,12,0,1,47,1,49,2,1,57,1,61,116,0,116,177
06/11/2023,DBQ,IA,ACE,CE,Federal Contract Tower,0,2,11,2,15,0,0,2,0,2,0,2,13,2,17,0,0,0,17
06/12/2023,DBQ,IA,ACE,CE,Federal Contract Tower,0,2,26,0,28,0,3,117,0,120,0,5,143,0,148,242,0,242,390
06/13/2023,DBQ,IA,ACE,CE,Federal Contract Tower,0,0,23,1,24,0,0,116,0,116,0,0,139,1,140,124,2,126,266
06/14/2023,DBQ,IA,ACE,CE,Federal Contract Tower,2,2,30,0,34,0,1,153,0,154,2,3,183,0,188,158,2,160,348
06/15/2023,DBQ,IA,ACE,CE,Federal Contract Tower,0,1,53,0,54,0,1,34,0,35,0,2,87,0,89,46,0,46,135
06/16/2023,DBQ,IA,ACE,CE,Federal Contract Tower,0,6,33,0,39,0,0,88,0,88,0,6,121,0,127,196,0,196,323
06/17/2023,DBQ,IA,ACE,CE,Federal Contract Tower,2,3,13,0,18,0,0,47,0,47,2,3,60,0,65,54,0,54,119
06/18/2023,DBQ,IA,ACE,CE,Federal Contract Tower,0,3,9,0,12,0,0,5,0,5,0,3,14,0,17,0,0,0,17
06/19/2023,DBQ,IA,ACE,CE,Federal Contract Tower,0,1,15,0,16,0,0,25,8,33,0,1,40,8,49,38,16,54,103
06/20/2023,DBQ,IA,ACE,CE,Federal Contract Tower,0,2,35,0,37,0,2,130,0,132,0,4,165,0,169,142,0,142,311
06/21/2023,DBQ,IA,ACE,CE,Federal Contract Tower,2,5,30,8,45,0,2,133,2,137,2,7,163,10,182,126,0,126,308
06/22/2023,DBQ,IA,ACE,CE,Federal Contract Tower,0,0,26,0,26,0,4,131,0,135,0,4,157,0,161,162,0,162,323
06/23/2023,DBQ,IA,ACE,CE,Federal Contract Tower,0,0,34,0,34,0,1,113,0,114,0,1,147,0,148,154,0,154,302
06/24/2023,DBQ,IA,ACE,CE,Federal Contract Tower,2,2,12,0,16,0,0,32,0,32,2,2,44,0,48,42,0,42,90
06/25/2023,DBQ,IA,ACE,CE,Federal Contract Tower,0,2,10,0,12,0,0,4,0,4,0,2,14,0,16,0,0,0,16
06/26/2023,DBQ,IA,ACE,CE,Federal Contract Tower,0,1,53,0,54,0,0,39,0,39,0,1,92,0,93,126,0,126,219
06/27/2023,DBQ,IA,ACE,CE,Federal Contract Tower,0,1,53,0,54,0,0,1,0,1,0,1,54,0,55,0,0,0,55
06/28/2023,DBQ,IA,ACE,CE,Federal Contract Tower,2,0,35,0,37,0,0,2,0,2,2,0,37,0,39,16,0,16,55
06/29/2023,DBQ,IA,ACE,CE,Federal Contract Tower,0,2,26,0,28,0,0,4,0,4,0,2,30,0,32,0,0,0,32
06/30/2023,DBQ,IA,ACE,CE,Federal Contract Tower,0,1,30,2,33,0,1,97,4,102,0,2,127,6,135,192,0,192,327
07/01/2023,DBQ,IA,ACE,CE,Federal Contract Tower,2,2,15,0,19,0,1,7,3,11,2,3,22,3,30,14,0,14,44
07/02/2023,DBQ,IA,ACE,CE,Federal Contract Tower,0,0,5,1,6,0,2,37,14,53,0,2,42,15,59,0,0,0,59
07/03/2023,DBQ,IA,ACE,CE,Federal Contract Tower,0,0,3,0,3,0,5,69,9,83,0,5,72,9,86,22,0,22,108
07/04/2023,DBQ,IA,ACE,CE,Federal Contract Tower,0,0,2,1,3,0,3,18,2,23,0,3,20,3,26,28,8,36,62
07/05/2023,DBQ,IA,ACE,CE,Federal Contract Tower,2,0,19,0,21,0,0,66,0,66,2,0,85,0,87,174,0,174,261
07/06/2023,DBQ,IA,ACE,CE,Federal Contract Tower,0,3,42,1,46,0,3,127,0,130,0,6,169,1,176,204,0,204,380
07/07/2023,DBQ,IA,ACE,CE,Federal Contract Tower,0,0,25,0,25,0,0,111,0,111,0,0,136,0,136,122,2,124,260
07/08/2023,DBQ,IA,ACE,CE,Federal Contract Tower,2,0,8,0,10,0,4,52,0,56,2,4,60,0,66,110,0,110,176
07/09/2023,DBQ,IA,ACE,CE,Federal Contract Tower,0,3,6,0,9,0,1,24,0,25,0,4,30,0,34,6,0,6,40
07/10/2023,DBQ,IA,ACE,CE,Federal Contract Tower,0,1,18,0,19,0,2,103,2,107,0,3,121,2,126,98,0,98,224
07/11/2023,DBQ,IA,ACE,CE,Federal Contract Tower,0,1,27,0,28,0,4,113,0,117,0,5,140,0,145,154,0,154,299
07/12/2023,DBQ,IA,ACE,CE,Federal Contract Tower,2,0,14,0,16,0,1,4,0,5,2,1,18,0,21,12,0,12,33
07/13/2023,DBQ,IA,ACE,CE,Federal Contract Tower,0,0,46,0,46,0,2,49,0,51,0,2,95,0,97,98,0,98,195
07/14/2023,DBQ,IA,ACE,CE,Federal Contract Tower,0,0,21,1,22,0,1,100,0,101,0,1,121,1,123,170,0,170,293
07/15/2023,DBQ,IA,ACE,CE,Federal Contract Tower,2,0,17,0,19,0,0,44,0,44,2,0,61,0,63,110,0,110,173
07/16/2023,DBQ,IA,ACE,CE,Federal Contract Tower,0,3,11,0,14,0,0,15,0,15,0,3,26,0,29,20,2,22,51
07/17/2023,DBQ,IA,ACE,CE,Federal Contract Tower,0,2,25,0,27,0,1,107,0,108,0,3,132,0,135,104,0,104,239
07/18/2023,DBQ,IA,ACE,CE,Federal Contract Tower,0,0,32,2,34,0,0,150,0,150,0,0,182,2,184,152,0,152,336
07/19/2023,DBQ,IA,ACE,CE,Federal Contract Tower,2,4,29,2,37,0,2,138,9,149,2,6,167,11,186,134,0,134,320
07/20/2023,DBQ,IA,ACE,CE,Federal Contract Tower,0,2,42,0,44,0,1,80,51,132,0,3,122,51,176,108,0,108,284
07/21/2023,DBQ,IA,ACE,CE,Federal Contract Tower,0,1,37,0,38,0,0,165,61,226,0,1,202,61,264,122,0,122,386
07/22/2023,DBQ,IA,ACE,CE,Federal Contract Tower,2,4,12,0,18,0,6,548,0,554,2,10,560,0,572,154,0,154,726
07/23/2023,DBQ,IA,ACE,CE,Federal Contract Tower,0,0,11,0,11,0,0,137,0,137,0,0,148,0,148,98,0,98,246
07/24/2023,DBQ,IA,ACE,CE,Federal Contract Tower,0,0,25,2,27,0,0,96,0,96,0,0,121,2,123,186,0,186,309
07/25/2023,DBQ,IA,ACE,CE,Federal Contract Tower,0,0,29,0,29,0,98,0,0,98,0,98,29,0,127,134,0,134,261
07/26/2023,DBQ,IA,ACE,CE,Federal Contract Tower,0,4,34,0,38,0,0,70,2,72,0,4,104,2,110,114,0,114,224
07/27/2023,DBQ,IA,ACE,CE,Federal Contract Tower,0,3,17,0,20,0,2,86,0,88,0,5,103,0,108,138,0,138,246
07/28/2023,DBQ,IA,ACE,CE,Federal Contract Tower,0,2,20,0,22,0,2,49,0,51,0,4,69,0,73,74,0,74,147
07/29/2023,DBQ,IA,ACE,CE,Federal Contract Tower,2,1,15,0,18,0,0,15,0,15,2,1,30,0,33,50,0,50,83
07/30/2023,DBQ,IA,ACE,CE,Federal Contract Tower,0,1,5,0,6,0,0,35,0,35,0,1,40,0,41,10,6,16,57
07/31/2023,DBQ,IA,ACE,CE,Federal Contract Tower,0,0,21,0,21,0,2,105,0,107,0,2,126,0,128,124,0,124,252
08/01/2023,DBQ,IA,ACE,CE,Federal Contract Tower,0,0,31,1,32,0,1,119,1,121,0,1,150,2,153,162,0,162,315
08/03/2023,DBQ,IA,ACE,CE,Federal Contract Tower,0,5,29,0,34,0,0,63,0,63,0,5,92,0,97,64,0,64,161
08/04/2023,DBQ,IA,ACE,CE,Federal Contract Tower,0,1,34,0,35,0,0,80,0,80,0,1,114,0,115,152,0,152,267
08/05/2023,DBQ,IA,ACE,CE,Federal Contract Tower,2,2,13,0,17,0,2,40,0,42,2,4,53,0,59,82,0,82,141
08/06/2023,DBQ,IA,ACE,CE,Federal Contract Tower,0,1,11,0,12,0,0,13,0,13,0,1,24,0,25,2,0,2,27
08/07/2023,DBQ,IA,ACE,CE,Federal Contract Tower,0,7,27,0,34,0,5,100,0,105,0,12,127,0,139,148,0,148,287
08/08/2023,DBQ,IA,ACE,CE,Federal Contract Tower,0,1,23,0,24,0,2,107,0,109,0,3,130,0,133,134,0,134,267
08/09/2023,DBQ,IA,ACE,CE,Federal Contract Tower,2,2,25,0,29,0,2,95,0,97,2,4,120,0,126,132,0,132,258
08/10/2023,DBQ,IA,ACE,CE,Federal Contract Tower,0,0,41,0,41,0,4,98,0,102,0,4,139,0,143,112,0,112,255
08/11/2023,DBQ,IA,ACE,CE,Federal Contract Tower,0,0,13,0,13,0,2,42,0,44,0,2,55,0,57,130,0,130,187
08/12/2023,DBQ,IA,ACE,CE,Federal Contract Tower,2,2,18,0,22,0,0,34,0,34,2,2,52,0,56,6,0,6,62
08/13/2023,DBQ,IA,ACE,CE,Federal Contract Tower,0,6,13,0,19,0,4,14,0,18,0,10,27,0,37,4,0,4,41
08/14/2023,DBQ,IA,ACE,CE,Federal Contract Tower,0,3,9,0,12,0,0,0,0,0,0,3,9,0,12,0,0,0,12
08/15/2023,DBQ,IA,ACE,CE,Federal Contract Tower,0,5,21,0,26,0,1,100,0,101,0,6,121,0,127,62,0,62,189
08/16/2023,DBQ,IA,ACE,CE,Federal Contract Tower,2,2,25,0,29,0,0,82,10,92,2,2,107,10,121,46,2,48,169
08/17/2023,DBQ,IA,ACE,CE,Federal Contract Tower,0,3,17,0,20,0,0,13,0,13,0,3,30,0,33,24,0,24,57
08/18/2023,DBQ,IA,ACE,CE,Federal Contract Tower,0,2,16,0,18,0,1,66,0,67,0,3,82,0,85,56,0,56,141
08/19/2023,DBQ,IA,ACE,CE,Federal Contract Tower,2,3,15,0,20,0,0,33,0,33,2,3,48,0,53,28,0,28,81
08/20/2023,DBQ,IA,ACE,CE,Federal Contract Tower,0,1,10,0,11,0,4,29,0,33,0,5,39,0,44,12,0,12,56
08/21/2023,DBQ,IA,ACE,CE,Federal Contract Tower,0,2,19,0,21,0,1,75,0,76,0,3,94,0,97,66,0,66,163
08/22/2023,DBQ,IA,ACE,CE,Federal Contract Tower,0,2,32,0,34,0,2,68,0,70,0,4,100,0,104,80,0,80,184
08/23/2023,DBQ,IA,ACE,CE,Federal Contract Tower,2,2,13,0,17,0,3,28,0,31,2,5,41,0,48,66,0,66,114
08/24/2023,DBQ,IA,ACE,CE,Federal Contract Tower,0,4,17,0,21,0,0,55,0,55,0,4,72,0,76,94,0,94,170
08/25/2023,DBQ,IA,ACE,CE,Federal Contract Tower,0,2,26,0,28,0,0,75,0,75,0,2,101,0,103,114,0,114,217
08/26/2023,DBQ,IA,ACE,CE,Federal Contract Tower,2,5,27,3,37,0,3,23,0,26,2,8,50,3,63,90,0,90,153
08/27/2023,DBQ,IA,ACE,CE,Federal Contract Tower,0,0,11,1,12,0,0,24,1,25,0,0,35,2,37,14,0,14,51
08/28/2023,DBQ,IA,ACE,CE,Federal Contract Tower,0,2,23,0,25,0,4,206,0,210,0,6,229,0,235,174,0,174,409
08/29/2023,DBQ,IA,ACE,CE,Federal Contract Tower,0,2,14,0,16,0,0,160,0,160,0,2,174,0,176,174,0,174,350
08/30/2023,DBQ,IA,ACE,CE,Federal Contract Tower,2,4,33,0,39,0,1,204,0,205,2,5,237,0,244,222,0,222,466
08/31/2023,DBQ,IA,ACE,CE,Federal Contract Tower,0,0,27,0,27,0,0,182,0,182,0,0,209,0,209,236,0,236,445
