01/01/2000,DEC,IL,AGL,CE,Federal Contract Tower,0,3,21,0,24,0,0,15,0,15,0,3,36,0,39,22,0,22,61
01/02/2000,DEC,IL,AGL,CE,Federal Contract Tower,0,5,7,0,12,0,7,13,0,20,0,12,20,0,32,4,0,4,36
01/03/2000,DEC,IL,AGL,CE,Federal Contract Tower,0,14,20,0,34,0,2,1,0,3,0,16,21,0,37,0,0,0,37
01/04/2000,DEC,IL,AGL,CE,Federal Contract Tower,0,11,16,3,30,0,5,0,3,8,0,16,16,6,38,0,20,20,58
01/05/2000,DEC,IL,AGL,CE,Federal Contract Tower,0,14,25,4,43,0,0,18,19,37,0,14,43,23,80,46,15,61,141
01/06/2000,DEC,IL,AGL,CE,Federal Contract Tower,0,15,27,4,46,0,0,49,8,57,0,15,76,12,103,52,0,52,155
01/07/2000,DEC,IL,AGL,CE,Federal Contract Tower,0,13,20,3,36,0,2,29,13,44,0,15,49,16,80,66,42,108,188
01/08/2000,DEC,IL,AGL,CE,Federal Contract Tower,0,8,18,3,29,0,0,34,13,47,0,8,52,16,76,2,56,58,134
01/09/2000,DEC,IL,AGL,CE,Federal Contract Tower,0,8,16,3,27,0,0,7,5,12,0,8,23,8,39,0,0,0,39
01/10/2000,DEC,IL,AGL,CE,Federal Contract Tower,0,13,20,3,36,0,2,11,3,16,0,15,31,6,52,16,2,18,70
01/11/2000,DEC,IL,AGL,CE,Federal Contract Tower,0,12,20,3,35,0,0,30,11,41,0,12,50,14,76,36,22,58,134
01/12/2000,DEC,IL,AGL,CE,Federal Contract Tower,0,13,19,3,35,0,0,35,21,56,0,13,54,24,91,102,40,142,233
01/13/2000,DEC,IL,AGL,CE,Federal Contract Tower,0,18,40,0,58,0,0,35,0,35,0,18,75,0,93,14,0,14,107
01/14/2000,DEC,IL,AGL,CE,Federal Contract Tower,0,13,18,0,31,0,3,31,0,34,0,16,49,0,65,55,0,55,120
01/15/2000,DEC,IL,AGL,CE,Federal Contract Tower,0,6,10,0,16,0,5,47,0,52,0,11,57,0,68,50,0,50,118
01/16/2000,DEC,IL,AGL,CE,Federal Contract Tower,0,4,7,0,11,0,4,41,0,45,0,8,48,0,56,30,0,30,86
01/17/2000,DEC,IL,AGL,CE,Federal Contract Tower,0,5,6,0,11,0,4,0,0,4,0,9,6,0,15,0,0,0,15
01/18/2000,DEC,IL,AGL,CE,Federal Contract Tower,0,13,22,3,38,0,3,16,7,26,0,16,38,10,64,30,50,80,144
01/19/2000,DEC,IL,AGL,CE,Federal Contract Tower,0,11,22,1,34,0,0,5,0,5,0,11,27,1,39,0,0,0,39
01/20/2000,DEC,IL,AGL,CE,Federal Contract Tower,0,17,26,3,46,0,3,8,7,18,0,20,34,10,64,62,42,104,168
01/21/2000,DEC,IL,AGL,CE,Federal Contract Tower,0,10,16,2,28,0,7,39,3,49,0,17,55,5,77,68,14,82,159
01/22/2000,DEC,IL,AGL,CE,Federal Contract Tower,0,5,4,0,9,0,6,0,0,6,0,11,4,0,15,0,12,12,27
01/23/2000,DEC,IL,AGL,CE,Federal Contract Tower,0,6,11,1,18,0,2,9,0,11,0,8,20,1,29,20,0,20,49
01/24/2000,DEC,IL,AGL,CE,Federal Contract Tower,0,11,29,4,44,0,0,17,16,33,0,11,46,20,77,28,23,51,128
01/25/2000,DEC,IL,AGL,CE,Federal Contract Tower,0,17,26,3,46,0,2,4,14,20,0,19,30,17,66,42,26,68,134
01/26/2000,DEC,IL,AGL,CE,Federal Contract Tower,0,19,32,4,55,0,0,38,9,47,0,19,70,13,102,114,62,176,278
01/27/2000,DEC,IL,AGL,CE,Federal Contract Tower,0,18,28,2,48,0,4,70,0,74,0,22,98,2,122,62,20,82,204
01/28/2000,DEC,IL,AGL,CE,Federal Contract Tower,0,16,39,5,60,0,0,32,21,53,0,16,71,26,113,46,16,62,175
01/29/2000,DEC,IL,AGL,CE,Federal Contract Tower,0,10,18,2,30,0,0,2,2,4,0,10,20,4,34,0,0,0,34
01/30/2000,DEC,IL,AGL,CE,Federal Contract Tower,0,8,12,0,20,0,2,0,0,2,0,10,12,0,22,0,0,0,22
01/31/2000,DEC,IL,AGL,CE,Federal Contract Tower,0,14,22,2,38,0,4,10,0,14,0,18,32,2,52,16,0,16,68
02/01/2000,DEC,IL,AGL,CE,Federal Contract Tower,0,19,40,5,64,0,0,4,11,15,0,19,44,16,79,56,14,70,149
02/02/2000,DEC,IL,AGL,CE,Federal Contract Tower,0,18,35,4,57,0,1,9,15,25,0,19,44,19,82,35,30,65,147
02/03/2000,DEC,IL,AGL,CE,Federal Contract Tower,0,11,22,3,36,0,6,25,6,37,0,17,47,9,73,44,34,78,151
02/04/2000,DEC,IL,AGL,CE,Federal Contract Tower,0,12,25,3,40,0,0,13,4,17,0,12,38,7,57,0,0,0,57
02/05/2000,DEC,IL,AGL,CE,Federal Contract Tower,0,10,17,2,29,0,1,63,6,70,0,11,80,8,99,64,60,124,223
02/06/2000,DEC,IL,AGL,CE,Federal Contract Tower,0,8,14,2,24,0,0,30,7,37,0,8,44,9,61,72,0,72,133
02/07/2000,DEC,IL,AGL,CE,Federal Contract Tower,0,14,25,1,40,0,1,4,0,5,0,15,29,1,45,6,0,6,51
02/08/2000,DEC,IL,AGL,CE,Federal Contract Tower,0,17,31,4,52,0,4,20,16,40,0,21,51,20,92,77,40,117,209
02/09/2000,DEC,IL,AGL,CE,Federal Contract Tower,0,15,25,3,43,0,2,48,10,60,0,17,73,13,103,48,10,58,161
02/10/2000,DEC,IL,AGL,CE,Federal Contract Tower,0,10,25,3,38,0,0,12,7,19,0,10,37,10,57,43,0,43,100
02/11/2000,DEC,IL,AGL,CE,Federal Contract Tower,0,12,27,3,42,0,0,14,7,21,0,12,41,10,63,61,15,76,139
02/12/2000,DEC,IL,AGL,CE,Federal Contract Tower,0,8,19,2,29,0,0,71,2,73,0,8,90,4,102,84,6,90,192
02/13/2000,DEC,IL,AGL,CE,Federal Contract Tower,0,4,5,0,9,0,1,0,0,1,0,5,5,0,10,0,0,0,10
02/14/2000,DEC,IL,AGL,CE,Federal Contract Tower,0,10,16,0,26,0,5,2,0,7,0,15,18,0,33,0,0,0,33
02/15/2000,DEC,IL,AGL,CE,Federal Contract Tower,0,18,32,4,54,0,0,31,20,51,0,18,63,24,105,63,45,108,213
02/16/2000,DEC,IL,AGL,CE,Federal Contract Tower,0,15,28,3,46,0,0,36,15,51,0,15,64,18,97,56,20,76,173
02/17/2000,DEC,IL,AGL,CE,Federal Contract Tower,0,10,16,2,28,0,4,10,0,14,0,14,26,2,42,41,22,63,105
02/18/2000,DEC,IL,AGL,CE,Federal Contract Tower,0,7,12,0,19,0,3,0,0,3,0,10,12,0,22,0,0,0,22
02/19/2000,DEC,IL,AGL,CE,Federal Contract Tower,0,6,9,0,15,0,2,4,0,6,0,8,13,0,21,0,0,0,21
02/20/2000,DEC,IL,AGL,CE,Federal Contract Tower,0,6,10,0,16,0,2,48,0,50,0,8,58,0,66,51,0,51,117
02/21/2000,DEC,IL,AGL,CE,Federal Contract Tower,0,12,28,0,40,0,0,42,0,42,0,12,70,0,82,82,0,82,164
02/22/2000,DEC,IL,AGL,CE,Federal Contract Tower,0,11,23,2,36,0,0,18,8,26,0,11,41,10,62,54,6,60,122
02/23/2000,DEC,IL,AGL,CE,Federal Contract Tower,0,12,22,2,36,0,1,12,2,15,0,13,34,4,51,46,22,68,119
02/24/2000,DEC,IL,AGL,CE,Federal Contract Tower,0,13,25,2,40,0,0,22,4,26,0,13,47,6,66,44,0,44,110
02/25/2000,DEC,IL,AGL,CE,Federal Contract Tower,0,13,27,2,42,0,0,26,4,30,0,13,53,6,72,44,12,56,128
02/26/2000,DEC,IL,AGL,CE,Federal Contract Tower,0,6,8,0,14,0,4,0,0,4,0,10,8,0,18,6,0,6,24
02/27/2000,DEC,IL,AGL,CE,Federal Contract Tower,0,8,15,1,24,0,1,105,1,107,0,9,120,2,131,60,0,60,191
02/28/2000,DEC,IL,AGL,CE,Federal Contract Tower,0,11,24,2,37,0,0,46,1,47,0,11,70,3,84,114,0,114,198
02/29/2000,DEC,IL,AGL,CE,Federal Contract Tower,0,12,29,2,43,0,0,38,15,53,0,12,67,17,96,46,14,60,156
03/01/2000,DEC,IL,AGL,CE,Federal Contract Tower,0,15,29,7,51,0,2,21,10,33,0,17,50,17,84,44,40,84,168
03/02/2000,DEC,IL,AGL,CE,Federal Contract Tower,0,15,27,4,46,0,2,60,0,62,0,17,87,4,108,114,18,132,240
03/03/2000,DEC,IL,AGL,CE,Federal Contract Tower,0,13,24,6,43,0,0,21,9,30,0,13,45,15,73,35,12,47,120
03/04/2000,DEC,IL,AGL,CE,Federal Contract Tower,0,8,15,0,23,0,4,87,0,91,0,12,102,0,114,72,0,72,186
03/05/2000,DEC,IL,AGL,CE,Federal Contract Tower,0,8,15,0,23,0,0,96,0,96,0,8,111,0,119,72,0,72,191
03/06/2000,DEC,IL,AGL,CE,Federal Contract Tower,0,12,22,5,39,0,3,29,0,32,0,15,51,5,71,116,17,133,204
03/07/2000,DEC,IL,AGL,CE,Federal Contract Tower,0,16,30,8,54,0,1,23,3,27,0,17,53,11,81,66,27,93,174
03/08/2000,DEC,IL,AGL,CE,Federal Contract Tower,0,10,19,5,34,0,6,3,5,14,0,16,22,10,48,0,8,8,56
03/09/2000,DEC,IL,AGL,CE,Federal Contract Tower,0,10,18,1,29,0,5,13,0,18,0,15,31,1,47,41,0,41,88
03/10/2000,DEC,IL,AGL,CE,Federal Contract Tower,0,13,24,6,43,0,4,12,3,19,0,17,36,9,62,73,11,84,146
03/11/2000,DEC,IL,AGL,CE,Federal Contract Tower,0,5,7,0,12,0,3,0,0,3,0,8,7,0,15,0,0,0,15
03/12/2000,DEC,IL,AGL,CE,Federal Contract Tower,0,7,12,3,22,0,1,61,3,65,0,8,73,6,87,32,0,32,119
03/13/2000,DEC,IL,AGL,CE,Federal Contract Tower,0,13,27,7,47,0,0,10,15,25,0,13,37,22,72,36,12,48,120
03/14/2000,DEC,IL,AGL,CE,Federal Contract Tower,0,17,47,12,76,0,0,12,10,22,0,17,59,22,98,52,0,52,150
03/15/2000,DEC,IL,AGL,CE,Federal Contract Tower,0,11,23,5,39,0,8,14,7,29,0,19,37,12,68,43,26,69,137
03/16/2000,DEC,IL,AGL,CE,Federal Contract Tower,0,14,28,2,44,0,4,18,0,22,0,18,46,2,66,10,0,10,76
03/17/2000,DEC,IL,AGL,CE,Federal Contract Tower,0,18,47,10,75,0,0,20,7,27,0,18,67,17,102,63,21,84,186
03/18/2000,DEC,IL,AGL,CE,Federal Contract Tower,0,7,15,3,25,0,3,17,0,20,0,10,32,3,45,0,0,0,45
03/19/2000,DEC,IL,AGL,CE,Federal Contract Tower,0,6,15,3,24,0,0,0,2,2,0,6,15,5,26,0,0,0,26
03/20/2000,DEC,IL,AGL,CE,Federal Contract Tower,0,8,10,3,21,0,6,0,0,6,0,14,10,3,27,0,0,0,27
03/21/2000,DEC,IL,AGL,CE,Federal Contract Tower,0,18,36,5,59,0,1,15,0,16,0,19,51,5,75,24,22,46,121
03/22/2000,DEC,IL,AGL,CE,Federal Contract Tower,0,19,61,14,94,0,0,68,1,69,0,19,129,15,163,121,26,147,310
03/23/2000,DEC,IL,AGL,CE,Federal Contract Tower,0,8,33,7,48,0,0,43,20,63,0,8,76,27,111,82,22,104,215
03/24/2000,DEC,IL,AGL,CE,Federal Contract Tower,0,13,27,6,46,0,1,42,10,53,0,14,69,16,99,50,26,76,175
03/25/2000,DEC,IL,AGL,CE,Federal Contract Tower,0,10,26,4,40,0,0,49,0,49,0,10,75,4,89,38,0,38,127
03/26/2000,DEC,IL,AGL,CE,Federal Contract Tower,0,7,19,4,30,0,0,75,4,79,0,7,94,8,109,26,0,26,135
03/27/2000,DEC,IL,AGL,CE,Federal Contract Tower,0,18,37,0,55,0,0,40,0,40,0,18,77,0,95,39,0,39,134
03/28/2000,DEC,IL,AGL,CE,Federal Contract Tower,0,11,22,5,38,0,7,24,14,45,0,18,46,19,83,24,40,64,147
03/29/2000,DEC,IL,AGL,CE,Federal Contract Tower,0,14,38,8,60,0,0,40,11,51,0,14,78,19,111,110,18,128,239
03/30/2000,DEC,IL,AGL,CE,Federal Contract Tower,0,12,32,7,51,0,0,40,17,57,0,12,72,24,108,60,32,92,200
03/31/2000,DEC,IL,AGL,CE,Federal Contract Tower,0,17,40,9,66,0,0,21,3,24,0,17,61,12,90,91,16,107,197
04/01/2000,DEC,IL,AGL,CE,Federal Contract Tower,0,10,21,0,31,0,1,49,0,50,0,11,70,0,81,64,0,64,145
04/02/2000,DEC,IL,AGL,CE,Federal Contract Tower,0,7,17,2,26,0,1,22,10,33,0,8,39,12,59,42,0,42,101
04/03/2000,DEC,IL,AGL,CE,Federal Contract Tower,0,11,22,2,35,0,4,8,2,14,0,15,30,4,49,23,0,23,72
04/04/2000,DEC,IL,AGL,CE,Federal Contract Tower,0,12,21,2,35,0,1,23,8,32,0,13,44,10,67,36,50,86,153
04/05/2000,DEC,IL,AGL,CE,Federal Contract Tower,0,12,23,2,37,0,0,35,8,43,0,12,58,10,80,0,0,0,80
04/06/2000,DEC,IL,AGL,CE,Federal Contract Tower,0,15,29,3,47,0,0,43,8,51,0,15,72,11,98,80,48,128,226
04/07/2000,DEC,IL,AGL,CE,Federal Contract Tower,0,8,14,2,24,0,2,0,0,2,0,10,14,2,26,0,40,40,66
04/08/2000,DEC,IL,AGL,CE,Federal Contract Tower,0,7,14,2,23,0,5,22,13,40,0,12,36,15,63,2,0,2,65
04/09/2000,DEC,IL,AGL,CE,Federal Contract Tower,0,8,15,2,25,0,0,34,6,40,0,8,49,8,65,47,12,59,124
04/10/2000,DEC,IL,AGL,CE,Federal Contract Tower,0,11,21,0,32,0,0,25,0,25,0,11,46,0,57,20,0,20,77
04/11/2000,DEC,IL,AGL,CE,Federal Contract Tower,0,12,28,3,43,0,0,29,5,34,0,12,57,8,77,24,10,34,111
04/12/2000,DEC,IL,AGL,CE,Federal Contract Tower,0,17,39,4,60,0,0,50,19,69,0,17,89,23,129,116,40,156,285
04/13/2000,DEC,IL,AGL,CE,Federal Contract Tower,0,17,31,3,51,0,0,53,6,59,0,17,84,9,110,84,26,110,220
04/14/2000,DEC,IL,AGL,CE,Federal Contract Tower,0,12,22,2,36,0,4,46,5,55,0,16,68,7,91,51,4,55,146
04/15/2000,DEC,IL,AGL,CE,Federal Contract Tower,0,8,15,1,24,0,4,46,1,51,0,12,61,2,75,55,0,55,130
04/16/2000,DEC,IL,AGL,CE,Federal Contract Tower,0,5,10,0,15,0,0,11,2,13,0,5,21,2,28,54,0,54,82
04/17/2000,DEC,IL,AGL,CE,Federal Contract Tower,0,10,25,1,36,0,0,4,0,4,0,10,29,1,40,0,0,0,40
04/18/2000,DEC,IL,AGL,CE,Federal Contract Tower,0,13,36,2,51,0,0,17,8,25,0,13,53,10,76,16,18,34,110
04/19/2000,DEC,IL,AGL,CE,Federal Contract Tower,0,14,28,2,44,0,5,13,6,24,0,19,41,8,68,0,12,12,80
04/20/2000,DEC,IL,AGL,CE,Federal Contract Tower,0,14,27,2,43,0,0,4,0,4,0,14,31,2,47,0,0,0,47
04/21/2000,DEC,IL,AGL,CE,Federal Contract Tower,0,13,25,2,40,0,3,58,0,61,0,16,83,2,101,48,0,48,149
04/22/2000,DEC,IL,AGL,CE,Federal Contract Tower,0,5,10,0,15,0,3,88,0,91,0,8,98,0,106,80,0,80,186
04/23/2000,DEC,IL,AGL,CE,Federal Contract Tower,0,8,17,0,25,0,0,25,0,25,0,8,42,0,50,22,0,22,72
04/24/2000,DEC,IL,AGL,CE,Federal Contract Tower,0,11,22,0,33,0,2,17,0,19,0,13,39,0,52,54,0,54,106
04/25/2000,DEC,IL,AGL,CE,Federal Contract Tower,0,11,20,1,32,0,5,48,8,61,0,16,68,9,93,100,40,140,233
04/26/2000,DEC,IL,AGL,CE,Federal Contract Tower,0,14,27,2,43,0,2,78,15,95,0,16,105,17,138,87,60,147,285
04/27/2000,DEC,IL,AGL,CE,Federal Contract Tower,0,16,31,2,49,0,2,52,14,68,0,18,83,16,117,74,35,109,226
04/28/2000,DEC,IL,AGL,CE,Federal Contract Tower,0,14,27,2,43,0,0,69,2,71,0,14,96,4,114,46,0,46,160
04/29/2000,DEC,IL,AGL,CE,Federal Contract Tower,0,10,20,1,31,0,0,76,9,85,0,10,96,10,116,48,0,48,164
04/30/2000,DEC,IL,AGL,CE,Federal Contract Tower,0,7,15,1,23,0,1,48,5,54,0,8,63,6,77,75,0,75,152
05/01/2000,DEC,IL,AGL,CE,Federal Contract Tower,0,15,30,3,48,0,0,17,0,17,0,15,47,3,65,0,0,0,65
05/02/2000,DEC,IL,AGL,CE,Federal Contract Tower,0,14,30,4,48,0,8,31,4,43,0,22,61,8,91,59,10,69,160
05/03/2000,DEC,IL,AGL,CE,Federal Contract Tower,0,13,26,3,42,0,5,56,10,71,0,18,82,13,113,62,14,76,189
05/04/2000,DEC,IL,AGL,CE,Federal Contract Tower,0,14,36,5,55,0,0,35,11,46,0,14,71,16,101,74,22,96,197
05/05/2000,DEC,IL,AGL,CE,Federal Contract Tower,0,14,42,5,61,0,0,20,11,31,0,14,62,16,92,103,17,120,212
05/06/2000,DEC,IL,AGL,CE,Federal Contract Tower,0,9,20,3,32,0,2,42,9,53,0,11,62,12,85,22,36,58,143
05/07/2000,DEC,IL,AGL,CE,Federal Contract Tower,0,7,30,2,39,0,0,24,0,24,0,7,54,2,63,42,10,52,115
05/08/2000,DEC,IL,AGL,CE,Federal Contract Tower,0,10,20,0,30,0,3,32,0,35,0,13,52,0,65,74,0,74,139
05/09/2000,DEC,IL,AGL,CE,Federal Contract Tower,0,12,23,3,38,0,5,28,5,38,0,17,51,8,76,76,17,93,169
05/10/2000,DEC,IL,AGL,CE,Federal Contract Tower,0,15,30,4,49,0,0,102,5,107,0,15,132,9,156,224,16,240,396
05/11/2000,DEC,IL,AGL,CE,Federal Contract Tower,0,13,30,4,47,0,0,34,26,60,0,13,64,30,107,28,2,30,137
05/12/2000,DEC,IL,AGL,CE,Federal Contract Tower,0,17,35,4,56,0,1,9,1,11,0,18,44,5,67,36,0,36,103
05/13/2000,DEC,IL,AGL,CE,Federal Contract Tower,0,12,25,0,37,0,1,113,0,114,0,13,138,0,151,36,0,36,187
05/14/2000,DEC,IL,AGL,CE,Federal Contract Tower,0,6,12,0,18,0,1,80,0,81,0,7,92,0,99,54,0,54,153
05/15/2000,DEC,IL,AGL,CE,Federal Contract Tower,0,14,29,4,47,0,5,54,1,60,0,19,83,5,107,83,0,83,190
05/16/2000,DEC,IL,AGL,CE,Federal Contract Tower,0,11,21,3,35,0,1,48,1,50,0,12,69,4,85,76,6,82,167
05/17/2000,DEC,IL,AGL,CE,Federal Contract Tower,0,12,24,2,38,0,3,20,1,24,0,15,44,3,62,40,0,40,102
05/18/2000,DEC,IL,AGL,CE,Federal Contract Tower,0,15,31,3,49,0,0,18,4,22,0,15,49,7,71,62,27,89,160
05/19/2000,DEC,IL,AGL,CE,Federal Contract Tower,0,17,46,3,66,0,0,18,0,18,0,17,64,3,84,50,0,50,134
05/20/2000,DEC,IL,AGL,CE,Federal Contract Tower,0,12,25,2,39,0,4,47,1,52,0,16,72,3,91,64,0,64,155
05/21/2000,DEC,IL,AGL,CE,Federal Contract Tower,0,7,16,0,23,0,0,62,0,62,0,7,78,0,85,67,0,67,152
05/22/2000,DEC,IL,AGL,CE,Federal Contract Tower,0,10,22,2,34,0,0,37,0,37,0,10,59,2,71,114,0,114,185
05/23/2000,DEC,IL,AGL,CE,Federal Contract Tower,0,11,26,2,39,0,0,71,1,72,0,11,97,3,111,92,0,92,203
05/24/2000,DEC,IL,AGL,CE,Federal Contract Tower,0,14,42,4,60,0,0,33,16,49,0,14,75,20,109,76,24,100,209
05/25/2000,DEC,IL,AGL,CE,Federal Contract Tower,0,11,24,2,37,0,1,64,19,84,0,12,88,21,121,92,0,92,213
05/26/2000,DEC,IL,AGL,CE,Federal Contract Tower,0,9,20,2,31,0,0,16,2,18,0,9,36,4,49,67,0,67,116
05/27/2000,DEC,IL,AGL,CE,Federal Contract Tower,0,7,15,0,22,0,3,2,0,5,0,10,17,0,27,0,0,0,27
05/28/2000,DEC,IL,AGL,CE,Federal Contract Tower,0,5,12,0,17,0,2,8,0,10,0,7,20,0,27,0,0,0,27
05/29/2000,DEC,IL,AGL,CE,Federal Contract Tower,0,8,19,0,27,0,0,55,0,55,0,8,74,0,82,20,0,20,102
05/30/2000,DEC,IL,AGL,CE,Federal Contract Tower,0,12,26,2,40,0,1,22,3,26,0,13,48,5,66,58,20,78,144
05/31/2000,DEC,IL,AGL,CE,Federal Contract Tower,0,14,29,3,46,0,2,22,10,34,0,16,51,13,80,76,21,97,177
06/01/2000,DEC,IL,AGL,CE,Federal Contract Tower,0,13,22,2,37,0,4,53,0,57,0,17,75,2,94,86,14,100,194
06/02/2000,DEC,IL,AGL,CE,Federal Contract Tower,0,9,15,2,26,0,4,60,0,64,0,13,75,2,90,105,17,122,212
06/03/2000,DEC,IL,AGL,CE,Federal Contract Tower,0,12,23,2,37,0,0,96,0,96,0,12,119,2,133,90,6,96,229
06/04/2000,DEC,IL,AGL,CE,Federal Contract Tower,0,8,12,2,22,0,1,20,2,23,0,9,32,4,45,22,0,22,67
06/05/2000,DEC,IL,AGL,CE,Federal Contract Tower,0,13,24,1,38,0,0,24,0,24,0,13,48,1,62,8,0,8,70
06/06/2000,DEC,IL,AGL,CE,Federal Contract Tower,0,13,22,4,39,0,3,49,11,63,0,16,71,15,102,106,42,148,250
06/07/2000,DEC,IL,AGL,CE,Federal Contract Tower,0,15,28,5,48,0,1,73,12,86,0,16,101,17,134,76,14,90,224
06/08/2000,DEC,IL,AGL,CE,Federal Contract Tower,0,13,23,4,40,0,4,67,14,85,0,17,90,18,125,65,33,98,223
06/09/2000,DEC,IL,AGL,CE,Federal Contract Tower,0,13,28,5,46,0,0,49,5,54,0,13,77,10,100,116,14,130,230
06/10/2000,DEC,IL,AGL,CE,Federal Contract Tower,0,7,11,2,20,0,6,132,0,138,0,13,143,2,158,76,4,80,238
06/11/2000,DEC,IL,AGL,CE,Federal Contract Tower,0,6,9,0,15,0,3,28,0,31,0,9,37,0,46,14,0,14,60
06/12/2000,DEC,IL,AGL,CE,Federal Contract Tower,0,10,22,4,36,0,0,32,2,34,0,10,54,6,70,52,8,60,130
06/13/2000,DEC,IL,AGL,CE,Federal Contract Tower,0,12,20,3,35,0,3,41,12,56,0,15,61,15,91,38,24,62,153
06/14/2000,DEC,IL,AGL,CE,Federal Contract Tower,0,14,25,4,43,0,0,30,6,36,0,14,55,10,79,20,41,61,140
06/15/2000,DEC,IL,AGL,CE,Federal Contract Tower,0,11,22,3,36,0,0,51,10,61,0,11,73,13,97,52,8,60,157
06/16/2000,DEC,IL,AGL,CE,Federal Contract Tower,0,7,15,2,24,0,5,7,6,18,0,12,22,8,42,24,6,30,72
06/17/2000,DEC,IL,AGL,CE,Federal Contract Tower,0,13,25,3,41,0,1,115,13,129,0,14,140,16,170,12,30,42,212
06/18/2000,DEC,IL,AGL,CE,Federal Contract Tower,0,9,19,2,30,0,0,63,14,77,0,9,82,16,107,62,20,82,189
06/19/2000,DEC,IL,AGL,CE,Federal Contract Tower,0,13,45,6,64,0,0,38,36,74,0,13,83,42,138,80,14,94,232
06/20/2000,DEC,IL,AGL,CE,Federal Contract Tower,0,9,17,2,28,0,4,9,2,15,0,13,26,4,43,8,22,30,73
06/21/2000,DEC,IL,AGL,CE,Federal Contract Tower,0,15,37,5,57,0,0,13,15,28,0,15,50,20,85,40,40,80,165
06/22/2000,DEC,IL,AGL,CE,Federal Contract Tower,0,16,29,4,49,0,1,78,2,81,0,17,107,6,130,56,0,56,186
06/23/2000,DEC,IL,AGL,CE,Federal Contract Tower,0,11,27,3,41,0,0,28,8,36,0,11,55,11,77,56,14,70,147
06/24/2000,DEC,IL,AGL,CE,Federal Contract Tower,0,5,9,0,14,0,4,3,0,7,0,9,12,0,21,0,0,0,21
06/25/2000,DEC,IL,AGL,CE,Federal Contract Tower,0,8,14,1,23,0,1,36,0,37,0,9,50,1,60,27,0,27,87
06/26/2000,DEC,IL,AGL,CE,Federal Contract Tower,0,15,31,4,50,0,0,35,3,38,0,15,66,7,88,63,21,84,172
06/27/2000,DEC,IL,AGL,CE,Federal Contract Tower,0,14,27,3,44,0,0,74,9,83,0,14,101,12,127,116,36,152,279
06/28/2000,DEC,IL,AGL,CE,Federal Contract Tower,0,16,37,5,58,0,0,62,3,65,0,16,99,8,123,62,24,86,209
06/29/2000,DEC,IL,AGL,CE,Federal Contract Tower,0,13,26,3,42,0,0,45,4,49,0,13,71,7,91,96,16,112,203
06/30/2000,DEC,IL,AGL,CE,Federal Contract Tower,0,10,17,2,29,0,2,36,0,38,0,12,53,2,67,52,0,52,119
07/01/2000,DEC,IL,AGL,CE,Federal Contract Tower,0,8,19,0,27,0,2,85,0,87,0,10,104,0,114,31,0,31,145
07/02/2000,DEC,IL,AGL,CE,Federal Contract Tower,0,3,11,0,14,0,0,42,0,42,0,3,53,0,56,21,0,21,77
07/03/2000,DEC,IL,AGL,CE,Federal Contract Tower,0,5,13,0,18,0,0,12,0,12,0,5,25,0,30,46,0,46,76
07/04/2000,DEC,IL,AGL,CE,Federal Contract Tower,0,4,13,1,18,0,0,8,1,9,0,4,21,2,27,15,0,15,42
07/05/2000,DEC,IL,AGL,CE,Federal Contract Tower,0,8,17,2,27,0,9,31,2,42,0,17,48,4,69,92,10,102,171
07/06/2000,DEC,IL,AGL,CE,Federal Contract Tower,0,11,23,1,35,0,4,12,0,16,0,15,35,1,51,28,0,28,79
07/07/2000,DEC,IL,AGL,CE,Federal Contract Tower,0,19,49,2,70,0,0,81,0,81,0,19,130,2,151,237,22,259,410
07/08/2000,DEC,IL,AGL,CE,Federal Contract Tower,0,12,33,3,48,0,0,127,2,129,0,12,160,5,177,140,0,140,317
07/09/2000,DEC,IL,AGL,CE,Federal Contract Tower,0,9,20,0,29,0,1,52,0,53,0,10,72,0,82,89,0,89,171
07/10/2000,DEC,IL,AGL,CE,Federal Contract Tower,0,12,29,2,43,0,0,19,0,19,0,12,48,2,62,54,16,70,132
07/11/2000,DEC,IL,AGL,CE,Federal Contract Tower,0,10,22,0,32,0,3,27,0,30,0,13,49,0,62,60,0,60,122
07/12/2000,DEC,IL,AGL,CE,Federal Contract Tower,0,15,29,2,46,0,1,27,1,29,0,16,56,3,75,96,0,96,171
07/13/2000,DEC,IL,AGL,CE,Federal Contract Tower,0,15,31,3,49,0,0,59,6,65,0,15,90,9,114,139,20,159,273
07/14/2000,DEC,IL,AGL,CE,Federal Contract Tower,0,14,31,3,48,0,0,115,4,119,0,14,146,7,167,141,0,141,308
07/15/2000,DEC,IL,AGL,CE,Federal Contract Tower,0,7,16,2,25,0,5,64,0,69,0,12,80,2,94,48,0,48,142
07/16/2000,DEC,IL,AGL,CE,Federal Contract Tower,0,6,11,1,18,0,1,75,0,76,0,7,86,1,94,114,0,114,208
07/17/2000,DEC,IL,AGL,CE,Federal Contract Tower,0,10,23,1,34,0,2,19,5,26,0,12,42,6,60,62,10,72,132
07/18/2000,DEC,IL,AGL,CE,Federal Contract Tower,0,9,19,1,29,0,5,27,1,33,0,14,46,2,62,68,13,81,143
07/19/2000,DEC,IL,AGL,CE,Federal Contract Tower,0,13,38,2,53,0,0,50,0,50,0,13,88,2,103,93,18,111,214
07/20/2000,DEC,IL,AGL,CE,Federal Contract Tower,0,14,38,2,54,0,0,51,8,59,0,14,89,10,113,58,0,58,171
07/21/2000,DEC,IL,AGL,CE,Federal Contract Tower,0,9,32,2,43,0,0,77,8,85,0,9,109,10,128,66,10,76,204
07/22/2000,DEC,IL,AGL,CE,Federal Contract Tower,0,9,20,1,30,0,0,47,3,50,0,9,67,4,80,34,12,46,126
07/23/2000,DEC,IL,AGL,CE,Federal Contract Tower,0,9,28,1,38,0,0,54,10,64,0,9,82,11,102,32,0,32,134
07/24/2000,DEC,IL,AGL,CE,Federal Contract Tower,0,12,27,1,40,0,1,29,3,33,0,13,56,4,73,44,16,60,133
07/25/2000,DEC,IL,AGL,CE,Federal Contract Tower,0,12,28,1,41,0,0,50,11,61,0,12,78,12,102,88,10,98,200
07/26/2000,DEC,IL,AGL,CE,Federal Contract Tower,0,15,33,2,50,0,0,65,2,67,0,15,98,4,117,83,0,83,200
07/27/2000,DEC,IL,AGL,CE,Federal Contract Tower,0,10,28,1,39,0,0,48,2,50,0,10,76,3,89,92,8,100,189
07/28/2000,DEC,IL,AGL,CE,Federal Contract Tower,0,12,28,1,41,0,0,14,0,14,0,12,42,1,55,0,0,0,55
07/29/2000,DEC,IL,AGL,CE,Federal Contract Tower,0,7,14,0,21,0,5,19,0,24,0,12,33,0,45,12,0,12,57
07/30/2000,DEC,IL,AGL,CE,Federal Contract Tower,0,9,21,1,31,0,0,12,1,13,0,9,33,2,44,16,0,16,60
07/31/2000,DEC,IL,AGL,CE,Federal Contract Tower,0,12,29,1,42,0,0,13,1,14,0,12,42,2,56,63,8,71,127
08/01/2000,DEC,IL,AGL,CE,Federal Contract Tower,0,14,31,2,47,0,1,77,12,90,0,15,108,14,137,88,49,137,274
08/02/2000,DEC,IL,AGL,CE,Federal Contract Tower,0,10,23,2,35,0,3,74,6,83,0,13,97,8,118,110,20,130,248
08/03/2000,DEC,IL,AGL,CE,Federal Contract Tower,0,14,36,2,52,0,0,34,0,34,0,14,70,2,86,64,0,64,150
08/04/2000,DEC,IL,AGL,CE,Federal Contract Tower,0,11,25,2,38,0,0,44,2,46,0,11,69,4,84,56,12,68,152
08/05/2000,DEC,IL,AGL,CE,Federal Contract Tower,0,6,13,2,21,0,2,0,0,2,0,8,13,2,23,14,0,14,37
08/06/2000,DEC,IL,AGL,CE,Federal Contract Tower,0,4,9,1,14,0,2,18,6,26,0,6,27,7,40,4,0,4,44
08/07/2000,DEC,IL,AGL,CE,Federal Contract Tower,0,8,20,2,30,0,0,40,0,40,0,8,60,2,70,100,17,117,187
08/08/2000,DEC,IL,AGL,CE,Federal Contract Tower,0,11,25,3,39,0,3,23,5,31,0,14,48,8,70,40,12,52,122
08/09/2000,DEC,IL,AGL,CE,Federal Contract Tower,0,10,24,3,37,0,1,53,0,54,0,11,77,3,91,100,0,100,191
08/10/2000,DEC,IL,AGL,CE,Federal Contract Tower,0,12,27,0,39,0,0,62,0,62,0,12,89,0,101,74,6,80,181
08/11/2000,DEC,IL,AGL,CE,Federal Contract Tower,0,7,15,2,24,0,2,42,0,44,0,9,57,2,68,96,12,108,176
08/12/2000,DEC,IL,AGL,CE,Federal Contract Tower,0,6,14,2,22,0,3,72,2,77,0,9,86,4,99,62,0,62,161
08/13/2000,DEC,IL,AGL,CE,Federal Contract Tower,0,6,15,1,22,0,1,31,0,32,0,7,46,1,54,22,0,22,76
08/14/2000,DEC,IL,AGL,CE,Federal Contract Tower,0,10,25,3,38,0,1,62,2,65,0,11,87,5,103,111,21,132,235
08/15/2000,DEC,IL,AGL,CE,Federal Contract Tower,0,11,26,3,40,0,1,51,8,60,0,12,77,11,100,98,23,121,221
08/16/2000,DEC,IL,AGL,CE,Federal Contract Tower,0,12,33,3,48,0,0,52,12,64,0,12,85,15,112,94,46,140,252
08/17/2000,DEC,IL,AGL,CE,Federal Contract Tower,0,8,23,3,34,0,0,25,5,30,0,8,48,8,64,33,36,69,133
08/18/2000,DEC,IL,AGL,CE,Federal Contract Tower,0,13,29,3,45,0,2,54,9,65,0,15,83,12,110,113,58,171,281
08/19/2000,DEC,IL,AGL,CE,Federal Contract Tower,0,7,26,2,35,0,0,47,15,62,0,7,73,17,97,105,0,105,202
08/20/2000,DEC,IL,AGL,CE,Federal Contract Tower,0,4,18,1,23,0,0,47,14,61,0,4,65,15,84,102,26,128,212
08/21/2000,DEC,IL,AGL,CE,Federal Contract Tower,0,5,14,0,19,0,0,24,0,24,0,5,38,0,43,50,0,50,93
08/22/2000,DEC,IL,AGL,CE,Federal Contract Tower,0,7,17,1,25,0,0,0,10,10,0,7,17,11,35,48,46,94,129
08/23/2000,DEC,IL,AGL,CE,Federal Contract Tower,0,10,26,2,38,0,1,15,11,27,0,11,41,13,65,0,32,32,97
08/24/2000,DEC,IL,AGL,CE,Federal Contract Tower,0,9,24,2,35,0,3,26,8,37,0,12,50,10,72,92,16,108,180
08/25/2000,DEC,IL,AGL,CE,Federal Contract Tower,0,12,32,2,46,0,0,65,13,78,0,12,97,15,124,104,32,136,260
08/26/2000,DEC,IL,AGL,CE,Federal Contract Tower,0,5,11,0,16,0,4,5,4,13,0,9,16,4,29,10,14,24,53
08/27/2000,DEC,IL,AGL,CE,Federal Contract Tower,0,6,19,1,26,0,0,21,17,38,0,6,40,18,64,24,0,24,88
08/28/2000,DEC,IL,AGL,CE,Federal Contract Tower,0,7,28,0,35,0,0,48,0,48,0,7,76,0,83,82,0,82,165
08/29/2000,DEC,IL,AGL,CE,Federal Contract Tower,0,12,32,2,46,0,0,13,11,24,0,12,45,13,70,78,52,130,200
08/30/2000,DEC,IL,AGL,CE,Federal Contract Tower,0,7,23,2,32,0,0,8,0,8,0,7,31,2,40,41,0,41,81
08/31/2000,DEC,IL,AGL,CE,Federal Contract Tower,0,12,32,2,46,0,0,10,4,14,0,12,42,6,60,73,12,85,145
09/01/2000,DEC,IL,AGL,CE,Federal Contract Tower,0,10,32,0,42,0,0,49,0,49,0,10,81,0,91,113,0,113,204
09/02/2000,DEC,IL,AGL,CE,Federal Contract Tower,0,4,13,0,17,0,0,23,0,23,0,4,36,0,40,63,0,63,103
09/03/2000,DEC,IL,AGL,CE,Federal Contract Tower,0,3,9,0,12,0,0,44,0,44,0,3,53,0,56,50,0,50,106
09/04/2000,DEC,IL,AGL,CE,Federal Contract Tower,0,3,18,0,21,0,0,30,0,30,0,3,48,0,51,0,0,0,51
09/05/2000,DEC,IL,AGL,CE,Federal Contract Tower,0,6,17,2,25,0,3,49,0,52,0,9,66,2,77,84,6,90,167
09/06/2000,DEC,IL,AGL,CE,Federal Contract Tower,0,10,34,3,47,0,0,36,11,47,0,10,70,14,94,64,45,109,203
09/07/2000,DEC,IL,AGL,CE,Federal Contract Tower,0,11,38,3,52,0,0,67,1,68,0,11,105,4,120,26,0,26,146
09/08/2000,DEC,IL,AGL,CE,Federal Contract Tower,0,8,21,2,31,0,4,56,4,64,0,12,77,6,95,108,16,124,219
09/09/2000,DEC,IL,AGL,CE,Federal Contract Tower,0,8,20,2,30,0,1,63,0,64,0,9,83,2,94,48,4,52,146
09/10/2000,DEC,IL,AGL,CE,Federal Contract Tower,0,4,10,1,15,0,2,14,9,25,0,6,24,10,40,20,0,20,60
09/11/2000,DEC,IL,AGL,CE,Federal Contract Tower,0,7,22,0,29,0,0,36,0,36,0,7,58,0,65,75,0,75,140
09/12/2000,DEC,IL,AGL,CE,Federal Contract Tower,0,11,37,3,51,0,0,79,7,86,0,11,116,10,137,124,36,160,297
09/13/2000,DEC,IL,AGL,CE,Federal Contract Tower,0,11,32,3,46,0,2,83,2,87,0,13,115,5,133,120,10,130,263
09/14/2000,DEC,IL,AGL,CE,Federal Contract Tower,0,12,32,3,47,0,2,38,23,63,0,14,70,26,110,51,20,71,181
09/15/2000,DEC,IL,AGL,CE,Federal Contract Tower,0,8,32,3,43,0,0,68,0,68,0,8,100,3,111,120,0,120,231
09/16/2000,DEC,IL,AGL,CE,Federal Contract Tower,0,6,18,1,25,0,3,60,1,64,0,9,78,2,89,54,0,54,143
09/17/2000,DEC,IL,AGL,CE,Federal Contract Tower,0,3,10,0,13,0,4,70,6,80,0,7,80,6,93,29,16,45,138
09/18/2000,DEC,IL,AGL,CE,Federal Contract Tower,0,9,28,1,38,0,0,23,5,28,0,9,51,6,66,62,26,88,154
09/19/2000,DEC,IL,AGL,CE,Federal Contract Tower,0,11,37,2,50,0,0,33,11,44,0,11,70,13,94,72,40,112,206
09/20/2000,DEC,IL,AGL,CE,Federal Contract Tower,0,11,30,1,42,0,1,13,6,20,0,12,43,7,62,30,24,54,116
09/21/2000,DEC,IL,AGL,CE,Federal Contract Tower,0,11,30,2,43,0,1,60,2,63,0,12,90,4,106,84,16,100,206
09/22/2000,DEC,IL,AGL,CE,Federal Contract Tower,0,11,32,2,45,0,1,23,3,27,0,12,55,5,72,46,30,76,148
09/23/2000,DEC,IL,AGL,CE,Federal Contract Tower,0,5,12,0,17,0,2,27,5,34,0,7,39,5,51,40,0,40,91
09/24/2000,DEC,IL,AGL,CE,Federal Contract Tower,0,6,23,1,30,0,0,18,1,19,0,6,41,2,49,20,0,20,69
09/25/2000,DEC,IL,AGL,CE,Federal Contract Tower,0,4,23,0,27,0,0,21,0,21,0,4,44,0,48,6,0,6,54
09/26/2000,DEC,IL,AGL,CE,Federal Contract Tower,0,9,29,1,39,0,0,46,4,50,0,9,75,5,89,80,16,96,185
09/27/2000,DEC,IL,AGL,CE,Federal Contract Tower,0,10,32,2,44,0,0,74,20,94,0,10,106,22,138,84,14,98,236
09/28/2000,DEC,IL,AGL,CE,Federal Contract Tower,0,11,28,1,40,0,5,63,6,74,0,16,91,7,114,68,10,78,192
09/29/2000,DEC,IL,AGL,CE,Federal Contract Tower,0,12,37,2,51,0,0,83,11,94,0,12,120,13,145,60,4,64,209
09/30/2000,DEC,IL,AGL,CE,Federal Contract Tower,0,5,14,0,19,0,5,87,4,96,0,10,101,4,115,68,6,74,189
10/01/2000,DEC,IL,AGL,CE,Federal Contract Tower,0,6,21,0,27,0,0,65,0,65,0,6,86,0,92,64,0,64,156
10/02/2000,DEC,IL,AGL,CE,Federal Contract Tower,0,10,25,2,37,0,1,60,0,61,0,11,85,2,98,86,0,86,184
10/03/2000,DEC,IL,AGL,CE,Federal Contract Tower,0,8,19,3,30,0,2,58,0,60,0,10,77,3,90,180,0,180,270
10/04/2000,DEC,IL,AGL,CE,Federal Contract Tower,0,8,21,2,31,0,2,0,0,2,0,10,21,2,33,0,0,0,33
10/05/2000,DEC,IL,AGL,CE,Federal Contract Tower,0,8,38,5,51,0,0,9,14,23,0,8,47,19,74,0,0,0,74
10/06/2000,DEC,IL,AGL,CE,Federal Contract Tower,0,15,38,4,57,0,3,35,0,38,0,18,73,4,95,25,10,35,130
10/07/2000,DEC,IL,AGL,CE,Federal Contract Tower,0,10,29,4,43,0,0,42,5,47,0,10,71,9,90,64,16,80,170
10/08/2000,DEC,IL,AGL,CE,Federal Contract Tower,0,7,17,0,24,0,0,64,0,64,0,7,81,0,88,70,0,70,158
10/09/2000,DEC,IL,AGL,CE,Federal Contract Tower,0,8,26,0,34,0,0,45,0,45,0,8,71,0,79,42,0,42,121
10/10/2000,DEC,IL,AGL,CE,Federal Contract Tower,0,10,34,4,48,0,0,46,1,47,0,10,80,5,95,70,16,86,181
10/11/2000,DEC,IL,AGL,CE,Federal Contract Tower,0,11,25,3,39,0,1,65,4,70,0,12,90,7,109,180,10,190,299
10/12/2000,DEC,IL,AGL,CE,Federal Contract Tower,0,8,26,4,38,0,0,56,0,56,0,8,82,4,94,104,20,124,218
10/13/2000,DEC,IL,AGL,CE,Federal Contract Tower,0,10,25,3,38,0,4,54,31,89,0,14,79,34,127,94,46,140,267
10/14/2000,DEC,IL,AGL,CE,Federal Contract Tower,0,5,13,2,20,0,5,119,27,151,0,10,132,29,171,69,42,111,282
10/15/2000,DEC,IL,AGL,CE,Federal Contract Tower,0,6,19,3,28,0,0,9,7,16,0,6,28,10,44,0,0,0,44
10/16/2000,DEC,IL,AGL,CE,Federal Contract Tower,0,9,30,0,39,0,0,14,0,14,0,9,44,0,53,4,0,4,57
10/17/2000,DEC,IL,AGL,CE,Federal Contract Tower,0,13,39,4,56,0,0,38,14,52,0,13,77,18,108,74,52,126,234
10/18/2000,DEC,IL,AGL,CE,Federal Contract Tower,0,11,72,8,91,0,0,14,3,17,0,11,86,11,108,47,15,62,170
10/19/2000,DEC,IL,AGL,CE,Federal Contract Tower,0,10,25,2,37,0,0,43,6,49,0,10,68,8,86,120,30,150,236
10/20/2000,DEC,IL,AGL,CE,Federal Contract Tower,0,11,30,3,44,0,0,44,0,44,0,11,74,3,88,67,2,69,157
10/21/2000,DEC,IL,AGL,CE,Federal Contract Tower,0,5,14,1,20,0,6,92,0,98,0,11,106,1,118,47,0,47,165
10/22/2000,DEC,IL,AGL,CE,Federal Contract Tower,0,6,22,1,29,0,0,7,0,7,0,6,29,1,36,2,0,2,38
10/23/2000,DEC,IL,AGL,CE,Federal Contract Tower,0,9,24,2,35,0,0,16,6,22,0,9,40,8,57,50,14,64,121
10/24/2000,DEC,IL,AGL,CE,Federal Contract Tower,0,10,27,3,40,0,4,13,10,27,0,14,40,13,67,72,32,104,171
10/25/2000,DEC,IL,AGL,CE,Federal Contract Tower,0,14,36,4,54,0,0,33,9,42,0,14,69,13,96,56,40,96,192
10/26/2000,DEC,IL,AGL,CE,Federal Contract Tower,0,11,26,2,39,0,0,37,4,41,0,11,63,6,80,56,14,70,150
10/27/2000,DEC,IL,AGL,CE,Federal Contract Tower,0,10,24,2,36,0,3,34,3,40,0,13,58,5,76,60,46,106,182
10/28/2000,DEC,IL,AGL,CE,Federal Contract Tower,0,9,24,0,33,0,4,12,0,16,0,13,36,0,49,6,0,6,55
10/29/2000,DEC,IL,AGL,CE,Federal Contract Tower,0,5,13,0,18,0,2,76,0,78,0,7,89,0,96,74,0,74,170
10/30/2000,DEC,IL,AGL,CE,Federal Contract Tower,0,12,32,3,47,0,0,46,14,60,0,12,78,17,107,54,21,75,182
10/31/2000,DEC,IL,AGL,CE,Federal Contract Tower,0,9,24,2,35,0,10,25,13,48,0,19,49,15,83,52,23,75,158
11/01/2000,DEC,IL,AGL,CE,Federal Contract Tower,0,12,29,3,44,0,0,60,4,64,0,12,89,7,108,54,39,93,201
11/02/2000,DEC,IL,AGL,CE,Federal Contract Tower,0,10,25,3,38,0,0,26,14,40,0,10,51,17,78,26,31,57,135
11/03/2000,DEC,IL,AGL,CE,Federal Contract Tower,0,11,44,5,60,0,0,37,12,49,0,11,81,17,109,98,27,125,234
11/04/2000,DEC,IL,AGL,CE,Federal Contract Tower,0,7,12,1,20,0,1,74,3,78,0,8,86,4,98,40,0,40,138
11/05/2000,DEC,IL,AGL,CE,Federal Contract Tower,0,7,20,2,29,0,0,61,6,67,0,7,81,8,96,56,0,56,152
11/06/2000,DEC,IL,AGL,CE,Federal Contract Tower,0,5,15,0,20,0,0,13,0,13,0,5,28,0,33,0,0,0,33
11/07/2000,DEC,IL,AGL,CE,Federal Contract Tower,0,10,22,3,35,0,0,47,1,48,0,10,69,4,83,62,20,82,165
11/08/2000,DEC,IL,AGL,CE,Federal Contract Tower,0,9,19,3,31,0,2,18,7,27,0,11,37,10,58,62,0,62,120
11/09/2000,DEC,IL,AGL,CE,Federal Contract Tower,0,9,26,0,35,0,0,9,0,9,0,9,35,0,44,0,0,0,44
11/10/2000,DEC,IL,AGL,CE,Federal Contract Tower,0,12,24,0,36,0,0,15,0,15,0,12,39,0,51,0,0,0,51
11/11/2000,DEC,IL,AGL,CE,Federal Contract Tower,0,7,14,2,23,0,0,16,0,16,0,7,30,2,39,10,0,10,49
11/12/2000,DEC,IL,AGL,CE,Federal Contract Tower,0,8,20,0,28,0,0,50,0,50,0,8,70,0,78,86,0,86,164
11/13/2000,DEC,IL,AGL,CE,Federal Contract Tower,0,9,17,1,27,0,2,12,0,14,0,11,29,1,41,0,0,0,41
11/14/2000,DEC,IL,AGL,CE,Federal Contract Tower,0,16,34,5,55,0,0,37,9,46,0,16,71,14,101,39,20,59,160
11/15/2000,DEC,IL,AGL,CE,Federal Contract Tower,0,13,29,4,46,0,0,43,16,59,0,13,72,20,105,60,48,108,213
11/16/2000,DEC,IL,AGL,CE,Federal Contract Tower,0,16,30,1,47,0,2,17,0,19,0,18,47,1,66,0,0,0,66
11/17/2000,DEC,IL,AGL,CE,Federal Contract Tower,0,9,19,3,31,0,4,30,5,39,0,13,49,8,70,31,0,31,101
11/18/2000,DEC,IL,AGL,CE,Federal Contract Tower,0,8,16,0,24,0,0,60,0,60,0,8,76,0,84,10,0,10,94
11/19/2000,DEC,IL,AGL,CE,Federal Contract Tower,0,4,9,2,15,0,3,26,3,32,0,7,35,5,47,4,0,4,51
11/20/2000,DEC,IL,AGL,CE,Federal Contract Tower,0,7,20,2,29,0,0,11,0,11,0,7,31,2,40,29,0,29,69
11/21/2000,DEC,IL,AGL,CE,Federal Contract Tower,0,11,23,2,36,0,1,50,3,54,0,12,73,5,90,68,20,88,178
11/22/2000,DEC,IL,AGL,CE,Federal Contract Tower,0,1,4,0,5,0,13,42,11,66,0,14,46,11,71,42,28,70,141
11/23/2000,DEC,IL,AGL,CE,Federal Contract Tower,0,4,8,0,12,0,1,12,0,13,0,5,20,0,25,0,0,0,25
11/24/2000,DEC,IL,AGL,CE,Federal Contract Tower,0,4,8,0,12,0,6,69,0,75,0,10,77,0,87,130,0,130,217
11/25/2000,DEC,IL,AGL,CE,Federal Contract Tower,0,5,4,0,9,0,3,0,0,3,0,8,4,0,12,0,0,0,12
11/26/2000,DEC,IL,AGL,CE,Federal Contract Tower,0,7,24,0,31,0,0,5,0,5,0,7,29,0,36,14,0,14,50
11/27/2000,DEC,IL,AGL,CE,Federal Contract Tower,0,13,28,0,41,0,0,0,0,0,0,13,28,0,41,0,0,0,41
11/28/2000,DEC,IL,AGL,CE,Federal Contract Tower,0,13,26,3,42,0,5,74,10,89,0,18,100,13,131,75,47,122,253
11/29/2000,DEC,IL,AGL,CE,Federal Contract Tower,0,14,21,3,38,0,5,0,26,31,0,19,21,29,69,14,12,26,95
11/30/2000,DEC,IL,AGL,CE,Federal Contract Tower,0,15,31,3,49,0,2,22,4,28,0,17,53,7,77,63,16,79,156
12/01/2000,DEC,IL,AGL,CE,Federal Contract Tower,0,14,21,3,38,0,1,0,9,10,0,15,21,12,48,0,37,37,85
12/02/2000,DEC,IL,AGL,CE,Federal Contract Tower,0,8,19,3,30,0,0,6,0,6,0,8,25,3,36,12,44,56,92
12/03/2000,DEC,IL,AGL,CE,Federal Contract Tower,0,9,14,2,25,0,0,72,11,83,0,9,86,13,108,22,0,22,130
12/04/2000,DEC,IL,AGL,CE,Federal Contract Tower,0,10,25,3,38,0,0,35,0,35,0,10,60,3,73,48,0,48,121
12/05/2000,DEC,IL,AGL,CE,Federal Contract Tower,0,13,25,4,42,0,0,45,6,51,0,13,70,10,93,63,60,123,216
12/06/2000,DEC,IL,AGL,CE,Federal Contract Tower,0,11,15,2,28,0,0,25,11,36,0,11,40,13,64,50,46,96,160
12/07/2000,DEC,IL,AGL,CE,Federal Contract Tower,0,11,21,3,35,0,0,34,6,40,0,11,55,9,75,38,12,50,125
12/08/2000,DEC,IL,AGL,CE,Federal Contract Tower,0,12,25,2,39,0,0,31,0,31,0,12,56,2,70,20,0,20,90
12/09/2000,DEC,IL,AGL,CE,Federal Contract Tower,0,8,12,2,22,0,0,49,0,49,0,8,61,2,71,66,0,66,137
12/10/2000,DEC,IL,AGL,CE,Federal Contract Tower,0,6,8,2,16,0,1,2,1,4,0,7,10,3,20,16,0,16,36
12/11/2000,DEC,IL,AGL,CE,Federal Contract Tower,0,7,10,0,17,0,2,0,0,2,0,9,10,0,19,0,0,0,19
12/12/2000,DEC,IL,AGL,CE,Federal Contract Tower,0,15,25,4,44,0,0,16,6,22,0,15,41,10,66,0,0,0,66
12/13/2000,DEC,IL,AGL,CE,Federal Contract Tower,0,7,15,0,22,0,0,10,0,10,0,7,25,0,32,0,0,0,32
12/14/2000,DEC,IL,AGL,CE,Federal Contract Tower,0,19,28,4,51,0,0,5,1,6,0,19,33,5,57,0,0,0,57
12/15/2000,DEC,IL,AGL,CE,Federal Contract Tower,0,10,10,0,20,0,6,0,0,6,0,16,10,0,26,0,0,0,26
12/16/2000,DEC,IL,AGL,CE,Federal Contract Tower,0,7,7,0,14,0,6,0,0,6,0,13,7,0,20,0,0,0,20
12/17/2000,DEC,IL,AGL,CE,Federal Contract Tower,0,5,6,0,11,0,2,0,0,2,0,7,6,0,13,0,0,0,13
12/18/2000,DEC,IL,AGL,CE,Federal Contract Tower,0,8,21,0,29,0,0,9,0,9,0,8,30,0,38,35,0,35,73
12/19/2000,DEC,IL,AGL,CE,Federal Contract Tower,0,14,21,2,37,0,0,28,2,30,0,14,49,4,67,35,44,79,146
12/20/2000,DEC,IL,AGL,CE,Federal Contract Tower,0,11,20,2,33,0,0,8,7,15,0,11,28,9,48,2,52,54,102
12/21/2000,DEC,IL,AGL,CE,Federal Contract Tower,0,16,24,2,42,0,2,15,4,21,0,18,39,6,63,0,20,20,83
12/22/2000,DEC,IL,AGL,CE,Federal Contract Tower,0,9,14,0,23,0,5,26,0,31,0,14,40,0,54,40,0,40,94
12/23/2000,DEC,IL,AGL,CE,Federal Contract Tower,0,7,10,0,17,0,3,20,0,23,0,10,30,0,40,16,0,16,56
12/24/2000,DEC,IL,AGL,CE,Federal Contract Tower,0,1,3,0,4,0,1,6,0,7,0,2,9,0,11,0,0,0,11
12/25/2000,DEC,IL,AGL,CE,Federal Contract Tower,0,2,4,0,6,0,1,5,0,6,0,3,9,0,12,0,0,0,12
12/26/2000,DEC,IL,AGL,CE,Federal Contract Tower,0,5,6,0,11,0,5,0,0,5,0,10,6,0,16,0,0,0,16
12/27/2000,DEC,IL,AGL,CE,Federal Contract Tower,0,10,14,1,25,0,3,32,2,37,0,13,46,3,62,43,4,47,109
12/28/2000,DEC,IL,AGL,CE,Federal Contract Tower,0,10,14,1,25,0,2,25,7,34,0,12,39,8,59,22,8,30,89
12/29/2000,DEC,IL,AGL,CE,Federal Contract Tower,0,5,3,0,8,0,5,0,0,5,0,10,3,0,13,0,0,0,13
12/30/2000,DEC,IL,AGL,CE,Federal Contract Tower,0,5,7,0,12,0,3,13,0,16,0,8,20,0,28,20,0,20,48
12/31/2000,DEC,IL,AGL,CE,Federal Contract Tower,0,1,2,0,3,0,1,9,12,22,0,2,11,12,25,8,0,8,33
01/01/2001,DEC,IL,AGL,CE,Federal Contract Tower,0,4,20,0,24,0,0,10,0,10,0,4,30,0,34,36,0,36,70
01/02/2001,DEC,IL,AGL,CE,Federal Contract Tower,0,6,9,1,16,0,3,13,2,18,0,9,22,3,34,2,30,32,66
01/03/2001,DEC,IL,AGL,CE,Federal Contract Tower,0,7,11,1,19,0,4,3,4,11,0,11,14,5,30,0,0,0,30
01/04/2001,DEC,IL,AGL,CE,Federal Contract Tower,0,10,22,0,32,0,0,10,0,10,0,10,32,0,42,0,0,0,42
01/05/2001,DEC,IL,AGL,CE,Federal Contract Tower,0,5,8,2,15,0,5,20,9,34,0,10,28,11,49,20,20,40,89
01/06/2001,DEC,IL,AGL,CE,Federal Contract Tower,0,6,10,2,18,0,2,77,37,116,0,8,87,39,134,46,84,130,264
01/07/2001,DEC,IL,AGL,CE,Federal Contract Tower,0,6,10,2,18,0,1,28,22,51,0,7,38,24,69,26,50,76,145
01/08/2001,DEC,IL,AGL,CE,Federal Contract Tower,0,9,20,3,32,0,0,18,5,23,0,9,38,8,55,6,20,26,81
01/09/2001,DEC,IL,AGL,CE,Federal Contract Tower,0,11,21,3,35,0,0,17,12,29,0,11,38,15,64,24,38,62,126
01/10/2001,DEC,IL,AGL,CE,Federal Contract Tower,0,10,19,3,32,0,2,40,15,57,0,12,59,18,89,100,32,132,221
01/11/2001,DEC,IL,AGL,CE,Federal Contract Tower,0,9,14,2,25,0,2,36,6,44,0,11,50,8,69,77,16,93,162
01/12/2001,DEC,IL,AGL,CE,Federal Contract Tower,0,12,21,3,36,0,5,57,0,62,0,17,78,3,98,102,15,117,215
01/13/2001,DEC,IL,AGL,CE,Federal Contract Tower,0,9,17,3,29,0,1,2,26,29,0,10,19,29,58,0,0,0,58
01/14/2001,DEC,IL,AGL,CE,Federal Contract Tower,0,5,10,0,15,0,5,12,0,17,0,10,22,0,32,12,0,12,44
01/15/2001,DEC,IL,AGL,CE,Federal Contract Tower,0,10,20,0,30,0,0,48,0,48,0,10,68,0,78,69,0,69,147
01/16/2001,DEC,IL,AGL,CE,Federal Contract Tower,0,10,31,4,45,0,0,11,9,20,0,10,42,13,65,59,29,88,153
01/17/2001,DEC,IL,AGL,CE,Federal Contract Tower,0,9,27,3,39,0,0,25,10,35,0,9,52,13,74,62,15,77,151
01/18/2001,DEC,IL,AGL,CE,Federal Contract Tower,0,13,27,3,43,0,0,44,10,54,0,13,71,13,97,121,21,142,239
01/19/2001,DEC,IL,AGL,CE,Federal Contract Tower,0,11,23,2,36,0,0,37,1,38,0,11,60,3,74,24,0,24,98
01/20/2001,DEC,IL,AGL,CE,Federal Contract Tower,0,11,27,3,41,0,0,62,1,63,0,11,89,4,104,130,16,146,250
01/21/2001,DEC,IL,AGL,CE,Federal Contract Tower,0,6,11,0,17,0,1,67,0,68,0,7,78,0,85,58,0,58,143
01/22/2001,DEC,IL,AGL,CE,Federal Contract Tower,0,9,15,1,25,0,1,51,1,53,0,10,66,2,78,104,0,104,182
01/23/2001,DEC,IL,AGL,CE,Federal Contract Tower,0,12,21,2,35,0,0,21,11,32,0,12,42,13,67,10,2,12,79
01/24/2001,DEC,IL,AGL,CE,Federal Contract Tower,0,9,16,1,26,0,2,17,10,29,0,11,33,11,55,8,24,32,87
01/25/2001,DEC,IL,AGL,CE,Federal Contract Tower,0,12,34,3,49,0,0,53,15,68,0,12,87,18,117,24,14,38,155
01/26/2001,DEC,IL,AGL,CE,Federal Contract Tower,0,7,10,1,18,0,3,0,1,4,0,10,10,2,22,0,0,0,22
01/27/2001,DEC,IL,AGL,CE,Federal Contract Tower,0,7,13,0,20,0,2,56,0,58,0,9,69,0,78,32,0,32,110
01/28/2001,DEC,IL,AGL,CE,Federal Contract Tower,0,4,10,1,15,0,0,11,1,12,0,4,21,2,27,7,0,7,34
01/29/2001,DEC,IL,AGL,CE,Federal Contract Tower,0,9,17,0,26,0,3,25,0,28,0,12,42,0,54,39,0,39,93
01/30/2001,DEC,IL,AGL,CE,Federal Contract Tower,0,12,23,2,37,0,3,33,14,50,0,15,56,16,87,27,47,74,161
01/31/2001,DEC,IL,AGL,CE,Federal Contract Tower,0,7,14,1,22,0,2,5,10,17,0,9,19,11,39,32,0,32,71
02/01/2001,DEC,IL,AGL,CE,Federal Contract Tower,0,9,31,5,45,0,0,28,0,28,0,9,59,5,73,81,19,100,173
02/02/2001,DEC,IL,AGL,CE,Federal Contract Tower,0,4,15,2,21,0,6,52,11,69,0,10,67,13,90,50,120,170,260
02/03/2001,DEC,IL,AGL,CE,Federal Contract Tower,0,5,17,3,25,0,1,77,18,96,0,6,94,21,121,67,16,83,204
02/04/2001,DEC,IL,AGL,CE,Federal Contract Tower,0,5,32,0,37,0,0,45,0,45,0,5,77,0,82,56,0,56,138
02/05/2001,DEC,IL,AGL,CE,Federal Contract Tower,0,9,36,3,48,0,0,17,0,17,0,9,53,3,65,48,0,48,113
02/06/2001,DEC,IL,AGL,CE,Federal Contract Tower,0,8,26,4,38,0,0,50,0,50,0,8,76,4,88,80,18,98,186
02/07/2001,DEC,IL,AGL,CE,Federal Contract Tower,0,10,27,4,41,0,0,20,9,29,0,10,47,13,70,18,18,36,106
02/08/2001,DEC,IL,AGL,CE,Federal Contract Tower,0,9,22,2,33,0,0,6,0,6,0,9,28,2,39,24,10,34,73
02/09/2001,DEC,IL,AGL,CE,Federal Contract Tower,0,7,10,4,21,0,0,0,0,0,0,7,10,4,21,0,6,6,27
02/10/2001,DEC,IL,AGL,CE,Federal Contract Tower,0,6,24,0,30,0,0,68,0,68,0,6,92,0,98,106,0,106,204
02/11/2001,DEC,IL,AGL,CE,Federal Contract Tower,0,5,30,0,35,0,0,66,0,66,0,5,96,0,101,70,0,70,171
02/12/2001,DEC,IL,AGL,CE,Federal Contract Tower,0,9,24,0,33,0,1,69,0,70,0,10,93,0,103,76,0,76,179
02/13/2001,DEC,IL,AGL,CE,Federal Contract Tower,0,10,27,0,37,0,0,0,0,0,0,10,27,0,37,0,0,0,37
02/14/2001,DEC,IL,AGL,CE,Federal Contract Tower,0,8,26,5,39,0,0,0,2,2,0,8,26,7,41,0,52,52,93
02/15/2001,DEC,IL,AGL,CE,Federal Contract Tower,0,8,27,1,36,0,0,0,0,0,0,8,27,1,36,0,6,6,42
02/16/2001,DEC,IL,AGL,CE,Federal Contract Tower,0,6,27,0,33,0,0,33,0,33,0,6,60,0,66,40,0,40,106
02/17/2001,DEC,IL,AGL,CE,Federal Contract Tower,0,12,29,5,46,0,0,0,7,7,0,12,29,12,53,26,43,69,122
02/18/2001,DEC,IL,AGL,CE,Federal Contract Tower,0,5,29,0,34,0,0,41,0,41,0,5,70,0,75,52,0,52,127
02/19/2001,DEC,IL,AGL,CE,Federal Contract Tower,0,9,29,0,38,0,0,42,0,42,0,9,71,0,80,60,0,60,140
02/20/2001,DEC,IL,AGL,CE,Federal Contract Tower,0,8,23,2,33,0,1,65,10,76,0,9,88,12,109,116,24,140,249
02/21/2001,DEC,IL,AGL,CE,Federal Contract Tower,0,8,21,2,31,0,1,37,13,51,0,9,58,15,82,120,34,154,236
02/22/2001,DEC,IL,AGL,CE,Federal Contract Tower,0,8,21,2,31,0,1,27,0,28,0,9,48,2,59,16,14,30,89
02/23/2001,DEC,IL,AGL,CE,Federal Contract Tower,0,9,31,3,43,0,0,29,12,41,0,9,60,15,84,64,26,90,174
02/24/2001,DEC,IL,AGL,CE,Federal Contract Tower,0,6,15,0,21,0,0,3,0,3,0,6,18,0,24,0,0,0,24
02/25/2001,DEC,IL,AGL,CE,Federal Contract Tower,0,2,9,1,12,0,3,20,2,25,0,5,29,3,37,24,0,24,61
02/26/2001,DEC,IL,AGL,CE,Federal Contract Tower,0,6,15,1,22,0,4,98,3,105,0,10,113,4,127,79,21,100,227
02/27/2001,DEC,IL,AGL,CE,Federal Contract Tower,0,8,25,3,36,0,3,6,9,18,0,11,31,12,54,29,36,65,119
02/28/2001,DEC,IL,AGL,CE,Federal Contract Tower,0,11,37,4,52,0,0,72,6,78,0,11,109,10,130,90,36,126,256
03/01/2001,DEC,IL,AGL,CE,Federal Contract Tower,0,8,32,1,41,0,0,27,9,36,0,8,59,10,77,138,32,170,247
03/02/2001,DEC,IL,AGL,CE,Federal Contract Tower,0,10,27,1,38,0,0,36,8,44,0,10,63,9,82,121,15,136,218
03/03/2001,DEC,IL,AGL,CE,Federal Contract Tower,0,10,32,2,44,0,0,40,5,45,0,10,72,7,89,136,13,149,238
03/04/2001,DEC,IL,AGL,CE,Federal Contract Tower,0,8,35,2,45,0,0,22,0,22,0,8,57,2,67,98,6,104,171
03/05/2001,DEC,IL,AGL,CE,Federal Contract Tower,0,7,24,2,33,0,1,18,4,23,0,8,42,6,56,101,8,109,165
03/06/2001,DEC,IL,AGL,CE,Federal Contract Tower,0,11,35,3,49,0,0,19,0,19,0,11,54,3,68,121,0,121,189
03/07/2001,DEC,IL,AGL,CE,Federal Contract Tower,0,10,34,3,47,0,0,33,8,41,0,10,67,11,88,142,21,163,251
03/08/2001,DEC,IL,AGL,CE,Federal Contract Tower,0,8,31,0,39,0,0,28,0,28,0,8,59,0,67,113,0,113,180
03/09/2001,DEC,IL,AGL,CE,Federal Contract Tower,0,8,29,2,39,0,0,32,7,39,0,8,61,9,78,89,23,112,190
03/10/2001,DEC,IL,AGL,CE,Federal Contract Tower,0,10,30,0,40,0,0,13,0,13,0,10,43,0,53,65,0,65,118
03/11/2001,DEC,IL,AGL,CE,Federal Contract Tower,0,8,30,0,38,0,0,38,0,38,0,8,68,0,76,136,0,136,212
03/12/2001,DEC,IL,AGL,CE,Federal Contract Tower,0,12,38,0,50,0,0,3,0,3,0,12,41,0,53,62,0,62,115
03/13/2001,DEC,IL,AGL,CE,Federal Contract Tower,0,10,37,3,50,0,0,24,1,25,0,10,61,4,75,115,12,127,202
03/14/2001,DEC,IL,AGL,CE,Federal Contract Tower,0,11,34,3,48,0,1,29,3,33,0,12,63,6,81,118,13,131,212
03/15/2001,DEC,IL,AGL,CE,Federal Contract Tower,0,10,34,3,47,0,0,23,3,26,0,10,57,6,73,123,8,131,204
03/16/2001,DEC,IL,AGL,CE,Federal Contract Tower,0,8,37,3,48,0,0,35,8,43,0,8,72,11,91,141,32,173,264
03/17/2001,DEC,IL,AGL,CE,Federal Contract Tower,0,8,30,2,40,0,0,22,6,28,0,8,52,8,68,107,15,122,190
03/18/2001,DEC,IL,AGL,CE,Federal Contract Tower,0,8,30,1,39,0,0,33,4,37,0,8,63,5,76,98,0,98,174
03/19/2001,DEC,IL,AGL,CE,Federal Contract Tower,0,10,32,0,42,0,1,30,0,31,0,11,62,0,73,87,0,87,160
03/20/2001,DEC,IL,AGL,CE,Federal Contract Tower,0,10,35,2,47,0,0,29,4,33,0,10,64,6,80,110,25,135,215
03/21/2001,DEC,IL,AGL,CE,Federal Contract Tower,0,7,35,2,44,1,0,59,10,70,1,7,94,12,114,44,32,76,190
03/22/2001,DEC,IL,AGL,CE,Federal Contract Tower,0,9,27,1,37,0,0,40,5,45,0,9,67,6,82,104,12,116,198
03/23/2001,DEC,IL,AGL,CE,Federal Contract Tower,0,5,18,1,24,0,3,28,1,32,0,8,46,2,56,48,0,48,104
03/24/2001,DEC,IL,AGL,CE,Federal Contract Tower,0,5,15,0,20,0,3,24,8,35,0,8,39,8,55,82,0,82,137
03/25/2001,DEC,IL,AGL,CE,Federal Contract Tower,0,5,15,0,20,0,0,30,3,33,0,5,45,3,53,22,0,22,75
03/26/2001,DEC,IL,AGL,CE,Federal Contract Tower,0,7,24,1,32,0,1,44,2,47,0,8,68,3,79,86,6,92,171
03/27/2001,DEC,IL,AGL,CE,Federal Contract Tower,0,7,34,2,43,0,0,39,9,48,0,7,73,11,91,172,45,217,308
03/28/2001,DEC,IL,AGL,CE,Federal Contract Tower,0,7,23,1,31,0,3,37,15,55,0,10,60,16,86,51,27,78,164
03/29/2001,DEC,IL,AGL,CE,Federal Contract Tower,0,10,35,2,47,0,2,42,13,57,0,12,77,15,104,70,23,93,197
03/30/2001,DEC,IL,AGL,CE,Federal Contract Tower,0,7,24,1,32,0,3,45,13,61,0,10,69,14,93,99,8,107,200
03/31/2001,DEC,IL,AGL,CE,Federal Contract Tower,0,4,11,0,15,0,4,15,0,19,0,8,26,0,34,16,0,16,50
04/01/2001,DEC,IL,AGL,CE,Federal Contract Tower,0,4,14,0,18,0,1,38,0,39,0,5,52,0,57,22,0,22,79
04/02/2001,DEC,IL,AGL,CE,Federal Contract Tower,0,6,33,0,39,0,1,32,0,33,0,7,65,0,72,40,0,40,112
04/03/2001,DEC,IL,AGL,CE,Federal Contract Tower,0,9,29,2,40,0,0,39,13,52,0,9,68,15,92,81,40,121,213
04/04/2001,DEC,IL,AGL,CE,Federal Contract Tower,0,17,26,1,44,0,1,67,6,74,0,18,93,7,118,32,12,44,162
04/05/2001,DEC,IL,AGL,CE,Federal Contract Tower,0,9,19,1,29,0,0,27,7,34,0,9,46,8,63,62,23,85,148
04/06/2001,DEC,IL,AGL,CE,Federal Contract Tower,0,10,35,2,47,0,0,17,6,23,0,10,52,8,70,26,20,46,116
04/07/2001,DEC,IL,AGL,CE,Federal Contract Tower,0,6,0,0,6,0,0,23,16,39,0,6,23,16,45,30,20,50,95
04/08/2001,DEC,IL,AGL,CE,Federal Contract Tower,0,5,10,0,15,0,0,38,6,44,0,5,48,6,59,69,16,85,144
04/09/2001,DEC,IL,AGL,CE,Federal Contract Tower,0,7,18,2,27,0,0,20,1,21,0,7,38,3,48,40,10,50,98
04/10/2001,DEC,IL,AGL,CE,Federal Contract Tower,0,8,21,0,29,0,0,18,6,24,0,8,39,6,53,54,26,80,133
04/11/2001,DEC,IL,AGL,CE,Federal Contract Tower,0,11,23,1,35,0,0,59,9,68,0,11,82,10,103,62,26,88,191
04/12/2001,DEC,IL,AGL,CE,Federal Contract Tower,0,12,10,5,27,0,0,45,3,48,0,12,55,8,75,50,14,64,139
04/13/2001,DEC,IL,AGL,CE,Federal Contract Tower,0,10,11,1,22,0,0,100,4,104,0,10,111,5,126,78,22,100,226
04/14/2001,DEC,IL,AGL,CE,Federal Contract Tower,0,5,10,0,15,0,0,93,0,93,0,5,103,0,108,123,0,123,231
04/15/2001,DEC,IL,AGL,CE,Federal Contract Tower,0,5,11,0,16,0,0,41,0,41,0,5,52,0,57,38,0,38,95
04/16/2001,DEC,IL,AGL,CE,Federal Contract Tower,0,6,16,0,22,0,0,24,3,27,0,6,40,3,49,46,0,46,95
04/17/2001,DEC,IL,AGL,CE,Federal Contract Tower,0,9,22,0,31,0,0,22,7,29,0,9,44,7,60,0,32,32,92
04/18/2001,DEC,IL,AGL,CE,Federal Contract Tower,0,11,30,3,44,0,0,58,9,67,0,11,88,12,111,60,10,70,181
04/19/2001,DEC,IL,AGL,CE,Federal Contract Tower,0,8,21,4,33,0,0,66,6,72,0,8,87,10,105,54,0,54,159
04/20/2001,DEC,IL,AGL,CE,Federal Contract Tower,0,10,18,1,29,0,0,21,8,29,0,10,39,9,58,26,2,28,86
04/21/2001,DEC,IL,AGL,CE,Federal Contract Tower,0,7,6,0,13,0,0,16,11,27,0,7,22,11,40,30,20,50,90
04/22/2001,DEC,IL,AGL,CE,Federal Contract Tower,0,4,11,4,19,0,0,33,6,39,0,4,44,10,58,40,6,46,104
04/23/2001,DEC,IL,AGL,CE,Federal Contract Tower,0,6,9,1,16,0,0,10,4,14,0,6,19,5,30,0,0,0,30
04/24/2001,DEC,IL,AGL,CE,Federal Contract Tower,0,9,28,0,37,0,0,63,4,67,0,9,91,4,104,102,20,122,226
04/25/2001,DEC,IL,AGL,CE,Federal Contract Tower,0,8,27,2,37,0,0,43,4,47,0,8,70,6,84,88,24,112,196
04/26/2001,DEC,IL,AGL,CE,Federal Contract Tower,0,11,27,2,40,0,0,95,6,101,0,11,122,8,141,152,21,173,314
04/27/2001,DEC,IL,AGL,CE,Federal Contract Tower,0,11,43,4,58,0,0,64,0,64,0,11,107,4,122,73,24,97,219
04/28/2001,DEC,IL,AGL,CE,Federal Contract Tower,0,8,10,0,18,0,0,88,4,92,0,8,98,4,110,78,1,79,189
04/29/2001,DEC,IL,AGL,CE,Federal Contract Tower,0,5,13,0,18,0,0,92,0,92,0,5,105,0,110,65,0,65,175
04/30/2001,DEC,IL,AGL,CE,Federal Contract Tower,0,9,35,0,44,0,0,64,0,64,0,9,99,0,108,85,0,85,193
05/01/2001,DEC,IL,AGL,CE,Federal Contract Tower,0,8,31,1,40,0,0,55,6,61,0,8,86,7,101,100,48,148,249
05/02/2001,DEC,IL,AGL,CE,Federal Contract Tower,0,8,31,2,41,0,0,30,3,33,0,8,61,5,74,34,0,34,108
05/03/2001,DEC,IL,AGL,CE,Federal Contract Tower,0,9,36,0,45,0,0,49,7,56,0,9,85,7,101,80,10,90,191
05/04/2001,DEC,IL,AGL,CE,Federal Contract Tower,0,12,29,0,41,0,0,26,6,32,0,12,55,6,73,22,10,32,105
05/05/2001,DEC,IL,AGL,CE,Federal Contract Tower,0,8,16,3,27,0,0,66,1,67,0,8,82,4,94,34,0,34,128
05/06/2001,DEC,IL,AGL,CE,Federal Contract Tower,0,5,16,0,21,0,0,51,0,51,0,5,67,0,72,52,0,52,124
05/07/2001,DEC,IL,AGL,CE,Federal Contract Tower,0,7,43,2,52,0,0,24,2,26,0,7,67,4,78,94,10,104,182
05/08/2001,DEC,IL,AGL,CE,Federal Contract Tower,0,9,40,0,49,0,0,52,12,64,0,9,92,12,113,162,36,198,311
05/09/2001,DEC,IL,AGL,CE,Federal Contract Tower,0,9,41,12,62,0,0,49,7,56,0,9,90,19,118,110,36,146,264
05/10/2001,DEC,IL,AGL,CE,Federal Contract Tower,0,9,29,1,39,0,0,25,8,33,0,9,54,9,72,60,10,70,142
05/11/2001,DEC,IL,AGL,CE,Federal Contract Tower,0,14,33,6,53,0,0,93,15,108,0,14,126,21,161,99,19,118,279
05/12/2001,DEC,IL,AGL,CE,Federal Contract Tower,0,9,28,0,37,0,0,198,2,200,0,9,226,2,237,86,4,90,327
05/13/2001,DEC,IL,AGL,CE,Federal Contract Tower,0,6,15,0,21,0,0,77,10,87,0,6,92,10,108,54,13,67,175
05/14/2001,DEC,IL,AGL,CE,Federal Contract Tower,0,10,15,1,26,0,0,25,10,35,0,10,40,11,61,55,0,55,116
05/15/2001,DEC,IL,AGL,CE,Federal Contract Tower,0,8,31,4,43,0,0,20,0,20,0,8,51,4,63,73,0,73,136
05/16/2001,DEC,IL,AGL,CE,Federal Contract Tower,0,9,17,0,26,0,0,60,3,63,0,9,77,3,89,30,0,30,119
05/17/2001,DEC,IL,AGL,CE,Federal Contract Tower,0,9,36,2,47,0,0,23,6,29,0,9,59,8,76,49,0,49,125
05/18/2001,DEC,IL,AGL,CE,Federal Contract Tower,0,11,24,6,41,0,0,16,20,36,0,11,40,26,77,70,20,90,167
05/19/2001,DEC,IL,AGL,CE,Federal Contract Tower,0,6,12,0,18,0,0,60,15,75,0,6,72,15,93,43,4,47,140
05/20/2001,DEC,IL,AGL,CE,Federal Contract Tower,0,5,17,8,30,0,0,93,17,110,0,5,110,25,140,70,18,88,228
05/21/2001,DEC,IL,AGL,CE,Federal Contract Tower,0,8,20,4,32,0,0,10,2,12,0,8,30,6,44,0,10,10,54
05/22/2001,DEC,IL,AGL,CE,Federal Contract Tower,0,9,23,2,34,0,0,57,14,71,0,9,80,16,105,90,26,116,221
05/23/2001,DEC,IL,AGL,CE,Federal Contract Tower,0,8,35,3,46,0,0,21,20,41,0,8,56,23,87,54,48,102,189
05/24/2001,DEC,IL,AGL,CE,Federal Contract Tower,0,8,28,7,43,0,0,33,16,49,0,8,61,23,92,72,18,90,182
05/25/2001,DEC,IL,AGL,CE,Federal Contract Tower,0,9,33,5,47,0,0,18,3,21,0,9,51,8,68,50,24,74,142
05/26/2001,DEC,IL,AGL,CE,Federal Contract Tower,0,6,16,0,22,0,0,34,4,38,0,6,50,4,60,48,12,60,120
05/27/2001,DEC,IL,AGL,CE,Federal Contract Tower,0,2,12,0,14,0,0,64,5,69,0,2,76,5,83,69,8,77,160
05/28/2001,DEC,IL,AGL,CE,Federal Contract Tower,0,5,5,0,10,0,0,95,0,95,0,5,100,0,105,146,0,146,251
05/29/2001,DEC,IL,AGL,CE,Federal Contract Tower,0,9,19,1,29,0,0,79,28,107,0,9,98,29,136,101,19,120,256
05/30/2001,DEC,IL,AGL,CE,Federal Contract Tower,0,11,23,0,34,0,0,65,12,77,0,11,88,12,111,61,7,68,179
05/31/2001,DEC,IL,AGL,CE,Federal Contract Tower,0,9,27,2,38,0,0,9,10,19,0,9,36,12,57,12,31,43,100
06/01/2001,DEC,IL,AGL,CE,Federal Contract Tower,0,13,22,1,36,0,0,36,1,37,0,13,58,2,73,32,0,32,105
06/02/2001,DEC,IL,AGL,CE,Federal Contract Tower,0,13,5,0,18,0,0,56,0,56,0,13,61,0,74,44,0,44,118
06/03/2001,DEC,IL,AGL,CE,Federal Contract Tower,0,5,19,0,24,0,0,71,0,71,0,5,90,0,95,54,0,54,149
06/04/2001,DEC,IL,AGL,CE,Federal Contract Tower,0,7,7,3,17,0,0,2,1,3,0,7,9,4,20,0,0,0,20
06/05/2001,DEC,IL,AGL,CE,Federal Contract Tower,0,10,22,0,32,0,0,25,3,28,0,10,47,3,60,38,0,38,98
06/06/2001,DEC,IL,AGL,CE,Federal Contract Tower,0,10,31,1,42,0,0,23,10,33,0,10,54,11,75,62,20,82,157
06/07/2001,DEC,IL,AGL,CE,Federal Contract Tower,0,11,31,1,43,0,0,38,5,43,0,11,69,6,86,70,16,86,172
06/08/2001,DEC,IL,AGL,CE,Federal Contract Tower,0,9,29,0,38,0,0,49,0,49,0,9,78,0,87,54,0,54,141
06/09/2001,DEC,IL,AGL,CE,Federal Contract Tower,0,5,8,0,13,0,0,300,2,302,0,5,308,2,315,50,0,50,365
06/10/2001,DEC,IL,AGL,CE,Federal Contract Tower,0,5,18,0,23,0,0,117,4,121,0,5,135,4,144,59,0,59,203
06/11/2001,DEC,IL,AGL,CE,Federal Contract Tower,0,10,9,2,21,0,0,37,3,40,0,10,46,5,61,41,0,41,102
06/12/2001,DEC,IL,AGL,CE,Federal Contract Tower,0,10,15,1,26,0,0,81,2,83,0,10,96,3,109,44,28,72,181
06/13/2001,DEC,IL,AGL,CE,Federal Contract Tower,0,11,28,3,42,0,0,56,3,59,0,11,84,6,101,70,14,84,185
06/14/2001,DEC,IL,AGL,CE,Federal Contract Tower,0,13,27,3,43,0,0,60,1,61,0,13,87,4,104,91,6,97,201
06/15/2001,DEC,IL,AGL,CE,Federal Contract Tower,0,9,27,0,36,0,1,36,0,37,0,10,63,0,73,32,0,32,105
06/16/2001,DEC,IL,AGL,CE,Federal Contract Tower,0,7,22,0,29,0,0,112,0,112,0,7,134,0,141,42,0,42,183
06/17/2001,DEC,IL,AGL,CE,Federal Contract Tower,0,5,21,0,26,0,0,63,0,63,0,5,84,0,89,60,0,60,149
06/18/2001,DEC,IL,AGL,CE,Federal Contract Tower,0,7,22,9,38,0,0,61,13,74,0,7,83,22,112,35,30,65,177
06/19/2001,DEC,IL,AGL,CE,Federal Contract Tower,0,9,11,2,22,0,0,46,1,47,0,9,57,3,69,82,0,82,151
06/20/2001,DEC,IL,AGL,CE,Federal Contract Tower,0,10,40,2,52,0,0,30,4,34,0,10,70,6,86,82,0,82,168
06/21/2001,DEC,IL,AGL,CE,Federal Contract Tower,0,10,24,5,39,0,0,12,2,14,0,10,36,7,53,0,10,10,63
06/22/2001,DEC,IL,AGL,CE,Federal Contract Tower,0,10,20,2,32,0,0,54,12,66,0,10,74,14,98,56,40,96,194
06/23/2001,DEC,IL,AGL,CE,Federal Contract Tower,0,6,10,0,16,0,0,82,4,86,0,6,92,4,102,84,8,92,194
06/24/2001,DEC,IL,AGL,CE,Federal Contract Tower,0,5,16,0,21,0,0,51,0,51,0,5,67,0,72,50,0,50,122
06/25/2001,DEC,IL,AGL,CE,Federal Contract Tower,0,10,22,2,34,0,0,71,4,75,0,10,93,6,109,119,0,119,228
06/26/2001,DEC,IL,AGL,CE,Federal Contract Tower,0,12,37,2,51,0,0,70,12,82,0,12,107,14,133,67,26,93,226
06/27/2001,DEC,IL,AGL,CE,Federal Contract Tower,0,11,21,2,34,0,0,60,10,70,0,11,81,12,104,76,18,94,198
06/28/2001,DEC,IL,AGL,CE,Federal Contract Tower,0,13,25,3,41,0,0,64,7,71,0,13,89,10,112,63,12,75,187
06/29/2001,DEC,IL,AGL,CE,Federal Contract Tower,0,16,19,5,40,0,0,59,11,70,0,16,78,16,110,74,25,99,209
06/30/2001,DEC,IL,AGL,CE,Federal Contract Tower,0,5,9,1,15,0,0,59,3,62,0,5,68,4,77,24,0,24,101
07/01/2001,DEC,IL,AGL,CE,Federal Contract Tower,0,4,4,0,8,0,1,59,0,60,0,5,63,0,68,16,0,16,84
07/02/2001,DEC,IL,AGL,CE,Federal Contract Tower,0,8,26,0,34,0,0,54,0,54,0,8,80,0,88,102,0,102,190
07/03/2001,DEC,IL,AGL,CE,Federal Contract Tower,0,10,8,0,18,0,0,19,0,19,0,10,27,0,37,0,0,0,37
07/04/2001,DEC,IL,AGL,CE,Federal Contract Tower,0,3,6,0,9,0,0,56,0,56,0,3,62,0,65,18,0,18,83
07/05/2001,DEC,IL,AGL,CE,Federal Contract Tower,0,8,16,1,25,0,0,54,1,55,0,8,70,2,80,96,10,106,186
07/06/2001,DEC,IL,AGL,CE,Federal Contract Tower,0,12,38,1,51,0,0,108,7,115,0,12,146,8,166,170,34,204,370
07/07/2001,DEC,IL,AGL,CE,Federal Contract Tower,0,10,53,2,65,0,0,69,2,71,0,10,122,4,136,88,16,104,240
07/08/2001,DEC,IL,AGL,CE,Federal Contract Tower,0,4,12,0,16,0,0,53,2,55,0,4,65,2,71,40,0,40,111
07/09/2001,DEC,IL,AGL,CE,Federal Contract Tower,0,7,26,1,34,0,0,19,0,19,0,7,45,1,53,32,0,32,85
07/10/2001,DEC,IL,AGL,CE,Federal Contract Tower,0,13,41,0,54,0,0,76,4,80,0,13,117,4,134,94,6,100,234
07/11/2001,DEC,IL,AGL,CE,Federal Contract Tower,0,13,17,2,32,0,0,66,2,68,0,13,83,4,100,115,0,115,215
07/12/2001,DEC,IL,AGL,CE,Federal Contract Tower,0,11,43,1,55,0,0,59,3,62,0,11,102,4,117,98,4,102,219
07/13/2001,DEC,IL,AGL,CE,Federal Contract Tower,0,10,17,2,29,0,0,78,4,82,0,10,95,6,111,86,0,86,197
07/14/2001,DEC,IL,AGL,CE,Federal Contract Tower,0,8,13,0,21,0,0,88,13,101,0,8,101,13,122,60,8,68,190
07/15/2001,DEC,IL,AGL,CE,Federal Contract Tower,0,5,15,5,25,0,0,52,5,57,0,5,67,10,82,16,9,25,107
07/16/2001,DEC,IL,AGL,CE,Federal Contract Tower,0,7,26,0,33,0,0,39,5,44,0,7,65,5,77,80,11,91,168
07/17/2001,DEC,IL,AGL,CE,Federal Contract Tower,0,11,28,6,45,0,0,32,20,52,0,11,60,26,97,52,50,102,199
07/18/2001,DEC,IL,AGL,CE,Federal Contract Tower,0,7,18,2,27,0,0,28,1,29,0,7,46,3,56,160,0,160,216
07/19/2001,DEC,IL,AGL,CE,Federal Contract Tower,0,6,15,1,22,0,0,67,0,67,0,6,82,1,89,130,0,130,219
07/20/2001,DEC,IL,AGL,CE,Federal Contract Tower,0,9,27,0,36,0,0,28,8,36,0,9,55,8,72,54,20,74,146
07/21/2001,DEC,IL,AGL,CE,Federal Contract Tower,0,5,12,0,17,0,0,36,0,36,0,5,48,0,53,70,0,70,123
07/22/2001,DEC,IL,AGL,CE,Federal Contract Tower,0,4,17,0,21,0,0,33,0,33,0,4,50,0,54,0,0,0,54
07/23/2001,DEC,IL,AGL,CE,Federal Contract Tower,0,6,16,0,22,0,1,37,13,51,0,7,53,13,73,70,14,84,157
07/24/2001,DEC,IL,AGL,CE,Federal Contract Tower,0,9,25,0,34,0,0,45,12,57,0,9,70,12,91,70,26,96,187
07/25/2001,DEC,IL,AGL,CE,Federal Contract Tower,0,11,35,1,47,0,0,48,17,65,0,11,83,18,112,59,10,69,181
07/26/2001,DEC,IL,AGL,CE,Federal Contract Tower,0,11,46,0,57,0,0,63,7,70,0,11,109,7,127,82,0,82,209
07/27/2001,DEC,IL,AGL,CE,Federal Contract Tower,0,13,43,5,61,0,0,63,14,77,0,13,106,19,138,75,30,105,243
07/28/2001,DEC,IL,AGL,CE,Federal Contract Tower,0,5,5,0,10,0,0,47,0,47,0,5,52,0,57,59,0,59,116
07/29/2001,DEC,IL,AGL,CE,Federal Contract Tower,0,5,14,0,19,0,0,47,0,47,0,5,61,0,66,46,0,46,112
07/30/2001,DEC,IL,AGL,CE,Federal Contract Tower,0,8,14,0,22,0,0,54,2,56,0,8,68,2,78,82,11,93,171
07/31/2001,DEC,IL,AGL,CE,Federal Contract Tower,0,6,25,1,32,0,0,50,14,64,0,6,75,15,96,126,32,158,254
08/01/2001,DEC,IL,AGL,CE,Federal Contract Tower,0,10,40,1,51,0,1,53,13,67,0,11,93,14,118,90,8,98,216
08/02/2001,DEC,IL,AGL,CE,Federal Contract Tower,0,6,29,0,35,0,1,25,15,41,0,7,54,15,76,20,12,32,108
08/03/2001,DEC,IL,AGL,CE,Federal Contract Tower,0,11,28,0,39,0,0,27,10,37,0,11,55,10,76,56,10,66,142
08/04/2001,DEC,IL,AGL,CE,Federal Contract Tower,0,7,11,0,18,0,0,82,8,90,0,7,93,8,108,80,16,96,204
08/05/2001,DEC,IL,AGL,CE,Federal Contract Tower,0,4,7,21,32,0,0,61,11,72,0,4,68,32,104,78,30,108,212
08/06/2001,DEC,IL,AGL,CE,Federal Contract Tower,0,7,9,0,16,0,0,37,6,43,0,7,46,6,59,74,30,104,163
08/07/2001,DEC,IL,AGL,CE,Federal Contract Tower,0,8,23,4,35,0,0,8,8,16,0,8,31,12,51,60,22,82,133
08/08/2001,DEC,IL,AGL,CE,Federal Contract Tower,0,9,30,2,41,0,0,57,10,67,0,9,87,12,108,54,26,80,188
08/09/2001,DEC,IL,AGL,CE,Federal Contract Tower,0,9,30,2,41,0,1,55,8,64,0,10,85,10,105,75,0,75,180
08/10/2001,DEC,IL,AGL,CE,Federal Contract Tower,0,11,24,0,35,0,0,69,3,72,0,11,93,3,107,67,0,67,174
08/11/2001,DEC,IL,AGL,CE,Federal Contract Tower,0,4,17,0,21,0,0,96,6,102,0,4,113,6,123,44,0,44,167
08/12/2001,DEC,IL,AGL,CE,Federal Contract Tower,0,5,11,0,16,0,0,106,0,106,0,5,117,0,122,88,0,88,210
08/13/2001,DEC,IL,AGL,CE,Federal Contract Tower,0,11,23,8,42,0,0,54,0,54,0,11,77,8,96,76,0,76,172
08/14/2001,DEC,IL,AGL,CE,Federal Contract Tower,0,9,11,0,20,0,0,40,4,44,0,9,51,4,64,72,13,85,149
08/15/2001,DEC,IL,AGL,CE,Federal Contract Tower,0,9,24,0,33,0,0,31,2,33,0,9,55,2,66,100,0,100,166
08/16/2001,DEC,IL,AGL,CE,Federal Contract Tower,0,9,28,0,37,0,0,20,0,20,0,9,48,0,57,2,0,2,59
08/17/2001,DEC,IL,AGL,CE,Federal Contract Tower,0,11,16,2,29,0,0,23,0,23,0,11,39,2,52,12,0,12,64
08/18/2001,DEC,IL,AGL,CE,Federal Contract Tower,0,3,9,0,12,0,0,48,0,48,0,3,57,0,60,42,0,42,102
08/19/2001,DEC,IL,AGL,CE,Federal Contract Tower,0,7,13,0,20,0,0,21,0,21,0,7,34,0,41,22,0,22,63
08/20/2001,DEC,IL,AGL,CE,Federal Contract Tower,0,8,32,8,48,0,0,34,6,40,0,8,66,14,88,64,30,94,182
08/21/2001,DEC,IL,AGL,CE,Federal Contract Tower,0,7,22,5,34,0,0,67,5,72,0,7,89,10,106,68,24,92,198
08/22/2001,DEC,IL,AGL,CE,Federal Contract Tower,0,9,24,2,35,0,0,49,6,55,0,9,73,8,90,82,14,96,186
08/23/2001,DEC,IL,AGL,CE,Federal Contract Tower,0,10,40,4,54,0,0,36,8,44,0,10,76,12,98,90,22,112,210
08/24/2001,DEC,IL,AGL,CE,Federal Contract Tower,0,9,20,0,29,0,0,46,0,46,0,9,66,0,75,109,0,109,184
08/25/2001,DEC,IL,AGL,CE,Federal Contract Tower,0,4,9,0,13,0,0,57,2,59,0,4,66,2,72,35,12,47,119
08/26/2001,DEC,IL,AGL,CE,Federal Contract Tower,0,6,18,0,24,0,0,39,0,39,0,6,57,0,63,31,0,31,94
08/27/2001,DEC,IL,AGL,CE,Federal Contract Tower,0,16,19,0,35,0,0,42,0,42,0,16,61,0,77,75,0,75,152
08/28/2001,DEC,IL,AGL,CE,Federal Contract Tower,0,15,43,4,62,0,0,37,17,54,0,15,80,21,116,69,30,99,215
08/29/2001,DEC,IL,AGL,CE,Federal Contract Tower,0,9,29,2,40,0,0,84,13,97,0,9,113,15,137,90,10,100,237
08/30/2001,DEC,IL,AGL,CE,Federal Contract Tower,0,8,18,0,26,0,0,35,11,46,0,8,53,11,72,102,6,108,180
08/31/2001,DEC,IL,AGL,CE,Federal Contract Tower,0,10,32,0,42,0,0,33,0,33,0,10,65,0,75,60,0,60,135
09/01/2001,DEC,IL,AGL,CE,Federal Contract Tower,0,4,21,0,25,0,0,26,0,26,0,4,47,0,51,71,0,71,122
09/02/2001,DEC,IL,AGL,CE,Federal Contract Tower,0,4,20,0,24,0,0,43,0,43,0,4,63,0,67,96,0,96,163
09/03/2001,DEC,IL,AGL,CE,Federal Contract Tower,0,5,16,0,21,0,0,31,0,31,0,5,47,0,52,46,0,46,98
09/04/2001,DEC,IL,AGL,CE,Federal Contract Tower,0,7,10,3,20,0,0,39,8,47,0,7,49,11,67,74,22,96,163
09/05/2001,DEC,IL,AGL,CE,Federal Contract Tower,0,9,39,2,50,0,0,62,0,62,0,9,101,2,112,86,0,86,198
09/06/2001,DEC,IL,AGL,CE,Federal Contract Tower,0,9,40,5,54,0,0,55,3,58,0,9,95,8,112,56,24,80,192
09/07/2001,DEC,IL,AGL,CE,Federal Contract Tower,0,8,23,2,33,0,0,59,2,61,0,8,82,4,94,52,0,52,146
09/08/2001,DEC,IL,AGL,CE,Federal Contract Tower,0,3,9,0,12,0,0,108,9,117,0,3,117,9,129,111,0,111,240
09/09/2001,DEC,IL,AGL,CE,Federal Contract Tower,0,4,9,2,15,0,0,22,7,29,0,4,31,9,44,6,0,6,50
09/10/2001,DEC,IL,AGL,CE,Federal Contract Tower,0,10,18,0,28,0,0,60,6,66,0,10,78,6,94,58,0,58,152
09/11/2001,DEC,IL,AGL,CE,Federal Contract Tower,0,3,5,2,10,0,0,0,0,0,0,3,5,2,10,0,0,0,10
09/12/2001,DEC,IL,AGL,CE,Federal Contract Tower,0,0,0,0,0,0,0,0,0,0,0,0,0,0,0,0,0,0,0
09/13/2001,DEC,IL,AGL,CE,Federal Contract Tower,0,0,2,0,2,0,2,0,0,2,0,2,2,0,4,0,0,0,4
09/14/2001,DEC,IL,AGL,CE,Federal Contract Tower,0,11,4,0,15,0,0,0,0,0,0,11,4,0,15,0,0,0,15
09/15/2001,DEC,IL,AGL,CE,Federal Contract Tower,0,3,15,15,33,0,0,0,0,0,0,3,15,15,33,0,0,0,33
09/16/2001,DEC,IL,AGL,CE,Federal Contract Tower,0,3,25,4,32,0,0,0,0,0,0,3,25,4,32,0,0,0,32
09/17/2001,DEC,IL,AGL,CE,Federal Contract Tower,0,6,31,0,37,0,0,0,0,0,0,6,31,0,37,0,0,0,37
09/18/2001,DEC,IL,AGL,CE,Federal Contract Tower,0,6,25,0,31,0,0,0,0,0,0,6,25,0,31,0,0,0,31
09/19/2001,DEC,IL,AGL,CE,Federal Contract Tower,0,6,34,1,41,0,0,0,0,0,0,6,34,1,41,0,0,0,41
09/20/2001,DEC,IL,AGL,CE,Federal Contract Tower,0,3,30,0,33,0,0,5,2,7,0,3,35,2,40,0,0,0,40
09/21/2001,DEC,IL,AGL,CE,Federal Contract Tower,0,9,21,2,32,0,0,12,0,12,0,9,33,2,44,0,0,0,44
09/22/2001,DEC,IL,AGL,CE,Federal Contract Tower,0,3,10,4,17,0,0,48,12,60,0,3,58,16,77,30,0,30,107
09/23/2001,DEC,IL,AGL,CE,Federal Contract Tower,0,5,20,2,27,0,0,35,2,37,0,5,55,4,64,41,0,41,105
09/24/2001,DEC,IL,AGL,CE,Federal Contract Tower,0,13,31,0,44,0,0,47,0,47,0,13,78,0,91,57,0,57,148
09/25/2001,DEC,IL,AGL,CE,Federal Contract Tower,0,10,29,0,39,0,0,50,0,50,0,10,79,0,89,77,0,77,166
09/26/2001,DEC,IL,AGL,CE,Federal Contract Tower,0,11,33,5,49,0,0,64,3,67,0,11,97,8,116,72,0,72,188
09/27/2001,DEC,IL,AGL,CE,Federal Contract Tower,0,17,20,0,37,0,0,77,8,85,0,17,97,8,122,121,0,121,243
09/28/2001,DEC,IL,AGL,CE,Federal Contract Tower,0,9,33,0,42,0,0,29,0,29,0,9,62,0,71,68,0,68,139
09/29/2001,DEC,IL,AGL,CE,Federal Contract Tower,0,3,12,0,15,0,0,88,4,92,0,3,100,4,107,40,0,40,147
09/30/2001,DEC,IL,AGL,CE,Federal Contract Tower,0,2,19,14,35,0,0,82,2,84,0,2,101,16,119,30,12,42,161
10/01/2001,DEC,IL,AGL,CE,Federal Contract Tower,0,8,24,4,36,0,1,39,1,41,0,9,63,5,77,100,12,112,189
10/02/2001,DEC,IL,AGL,CE,Federal Contract Tower,0,6,29,1,36,0,0,44,0,44,0,6,73,1,80,80,30,110,190
10/03/2001,DEC,IL,AGL,CE,Federal Contract Tower,0,7,29,1,37,0,0,39,8,47,0,7,68,9,84,74,22,96,180
10/04/2001,DEC,IL,AGL,CE,Federal Contract Tower,0,8,29,3,40,0,0,30,12,42,0,8,59,15,82,90,30,120,202
10/05/2001,DEC,IL,AGL,CE,Federal Contract Tower,0,9,22,0,31,0,0,5,0,5,0,9,27,0,36,0,0,0,36
10/06/2001,DEC,IL,AGL,CE,Federal Contract Tower,0,5,12,0,17,0,0,53,0,53,0,5,65,0,70,52,0,52,122
10/07/2001,DEC,IL,AGL,CE,Federal Contract Tower,0,4,11,2,17,0,0,55,0,55,0,4,66,2,72,50,0,50,122
10/08/2001,DEC,IL,AGL,CE,Federal Contract Tower,0,7,21,0,28,0,0,30,0,30,0,7,51,0,58,56,0,56,114
10/09/2001,DEC,IL,AGL,CE,Federal Contract Tower,0,8,15,1,24,0,0,18,0,18,0,8,33,1,42,38,0,38,80
10/10/2001,DEC,IL,AGL,CE,Federal Contract Tower,0,10,26,3,39,0,0,17,2,19,0,10,43,5,58,18,0,18,76
10/11/2001,DEC,IL,AGL,CE,Federal Contract Tower,0,9,32,2,43,0,0,7,5,12,0,9,39,7,55,37,0,37,92
10/12/2001,DEC,IL,AGL,CE,Federal Contract Tower,0,9,32,2,43,0,0,21,16,37,0,9,53,18,80,26,70,96,176
10/13/2001,DEC,IL,AGL,CE,Federal Contract Tower,0,5,14,0,19,0,0,0,0,0,0,5,14,0,19,0,0,0,19
10/14/2001,DEC,IL,AGL,CE,Federal Contract Tower,0,4,18,5,27,0,0,45,10,55,0,4,63,15,82,70,32,102,184
10/15/2001,DEC,IL,AGL,CE,Federal Contract Tower,0,5,26,0,31,0,0,24,1,25,0,5,50,1,56,32,15,47,103
10/16/2001,DEC,IL,AGL,CE,Federal Contract Tower,0,8,35,1,44,0,0,25,1,26,0,8,60,2,70,67,12,79,149
10/17/2001,DEC,IL,AGL,CE,Federal Contract Tower,0,7,37,2,46,0,0,107,2,109,0,7,144,4,155,134,0,134,289
10/18/2001,DEC,IL,AGL,CE,Federal Contract Tower,0,8,42,3,53,0,0,30,2,32,0,8,72,5,85,81,10,91,176
10/19/2001,DEC,IL,AGL,CE,Federal Contract Tower,0,5,16,1,22,0,1,41,4,46,0,6,57,5,68,94,0,94,162
10/20/2001,DEC,IL,AGL,CE,Federal Contract Tower,0,6,14,4,24,0,0,70,0,70,0,6,84,4,94,94,0,94,188
10/21/2001,DEC,IL,AGL,CE,Federal Contract Tower,0,4,14,0,18,0,0,50,0,50,0,4,64,0,68,40,0,40,108
10/22/2001,DEC,IL,AGL,CE,Federal Contract Tower,0,5,24,2,31,0,0,24,14,38,0,5,48,16,69,62,28,90,159
10/23/2001,DEC,IL,AGL,CE,Federal Contract Tower,0,10,26,14,50,0,0,23,13,36,0,10,49,27,86,69,8,77,163
10/24/2001,DEC,IL,AGL,CE,Federal Contract Tower,0,14,24,0,38,0,0,18,4,22,0,14,42,4,60,18,6,24,84
10/25/2001,DEC,IL,AGL,CE,Federal Contract Tower,0,9,14,0,23,0,0,12,2,14,0,9,26,2,37,11,22,33,70
10/26/2001,DEC,IL,AGL,CE,Federal Contract Tower,0,14,21,3,38,0,0,39,3,42,0,14,60,6,80,33,0,33,113
10/27/2001,DEC,IL,AGL,CE,Federal Contract Tower,0,5,14,0,19,0,0,72,0,72,0,5,86,0,91,88,0,88,179
10/28/2001,DEC,IL,AGL,CE,Federal Contract Tower,0,4,19,2,25,0,0,50,2,52,0,4,69,4,77,81,0,81,158
10/29/2001,DEC,IL,AGL,CE,Federal Contract Tower,0,5,30,1,36,0,0,59,1,60,0,5,89,2,96,76,6,82,178
10/30/2001,DEC,IL,AGL,CE,Federal Contract Tower,0,4,36,14,54,0,0,47,6,53,0,4,83,20,107,144,34,178,285
10/31/2001,DEC,IL,AGL,CE,Federal Contract Tower,0,6,35,3,44,0,0,54,14,68,0,6,89,17,112,35,30,65,177
11/01/2001,DEC,IL,AGL,CE,Federal Contract Tower,0,5,29,3,37,0,0,14,5,19,0,5,43,8,56,6,0,6,62
11/02/2001,DEC,IL,AGL,CE,Federal Contract Tower,0,7,23,1,31,0,0,57,16,73,0,7,80,17,104,106,54,160,264
11/03/2001,DEC,IL,AGL,CE,Federal Contract Tower,0,4,17,3,24,0,0,76,18,94,0,4,93,21,118,80,20,100,218
11/04/2001,DEC,IL,AGL,CE,Federal Contract Tower,0,3,19,2,24,0,0,87,20,107,0,3,106,22,131,76,30,106,237
11/05/2001,DEC,IL,AGL,CE,Federal Contract Tower,0,5,19,2,26,0,0,39,0,39,0,5,58,2,65,80,0,80,145
11/06/2001,DEC,IL,AGL,CE,Federal Contract Tower,0,6,19,6,31,0,0,45,4,49,0,6,64,10,80,74,26,100,180
11/07/2001,DEC,IL,AGL,CE,Federal Contract Tower,0,9,20,7,36,0,1,64,12,77,0,10,84,19,113,148,52,200,313
11/08/2001,DEC,IL,AGL,CE,Federal Contract Tower,0,8,18,8,34,0,0,17,4,21,0,8,35,12,55,19,26,45,100
11/09/2001,DEC,IL,AGL,CE,Federal Contract Tower,0,11,29,2,42,0,0,62,5,67,0,11,91,7,109,56,10,66,175
11/10/2001,DEC,IL,AGL,CE,Federal Contract Tower,0,4,18,0,22,0,0,97,0,97,0,4,115,0,119,79,0,79,198
11/11/2001,DEC,IL,AGL,CE,Federal Contract Tower,0,3,19,0,22,0,0,61,0,61,0,3,80,0,83,56,0,56,139
11/12/2001,DEC,IL,AGL,CE,Federal Contract Tower,0,5,29,0,34,0,0,13,0,13,0,5,42,0,47,56,0,56,103
11/13/2001,DEC,IL,AGL,CE,Federal Contract Tower,0,6,13,2,21,0,0,34,18,52,0,6,47,20,73,47,120,167,240
11/14/2001,DEC,IL,AGL,CE,Federal Contract Tower,0,7,17,3,27,0,0,41,13,54,0,7,58,16,81,54,18,72,153
11/15/2001,DEC,IL,AGL,CE,Federal Contract Tower,0,7,19,0,26,0,0,51,2,53,0,7,70,2,79,36,40,76,155
11/16/2001,DEC,IL,AGL,CE,Federal Contract Tower,0,7,17,4,28,0,0,31,3,34,0,7,48,7,62,74,19,93,155
11/17/2001,DEC,IL,AGL,CE,Federal Contract Tower,0,7,19,0,26,0,0,60,0,60,0,7,79,0,86,100,0,100,186
11/18/2001,DEC,IL,AGL,CE,Federal Contract Tower,0,3,10,2,15,0,0,26,0,26,0,3,36,2,41,20,0,20,61
11/19/2001,DEC,IL,AGL,CE,Federal Contract Tower,0,5,15,1,21,0,3,7,1,11,0,8,22,2,32,20,0,20,52
11/20/2001,DEC,IL,AGL,CE,Federal Contract Tower,0,8,36,2,46,0,0,39,6,45,0,8,75,8,91,78,20,98,189
11/21/2001,DEC,IL,AGL,CE,Federal Contract Tower,0,6,15,0,21,0,0,54,4,58,0,6,69,4,79,60,24,84,163
11/22/2001,DEC,IL,AGL,CE,Federal Contract Tower,0,2,3,0,5,0,0,27,0,27,0,2,30,0,32,41,0,41,73
11/23/2001,DEC,IL,AGL,CE,Federal Contract Tower,0,6,6,0,12,0,0,25,0,25,0,6,31,0,37,39,0,39,76
11/24/2001,DEC,IL,AGL,CE,Federal Contract Tower,0,2,1,0,3,0,0,17,0,17,0,2,18,0,20,17,0,17,37
11/25/2001,DEC,IL,AGL,CE,Federal Contract Tower,0,6,18,0,24,0,0,48,0,48,0,6,66,0,72,36,0,36,108
11/26/2001,DEC,IL,AGL,CE,Federal Contract Tower,0,8,20,2,30,0,0,14,6,20,0,8,34,8,50,46,0,46,96
11/27/2001,DEC,IL,AGL,CE,Federal Contract Tower,0,9,37,2,48,0,0,34,14,48,0,9,71,16,96,42,40,82,178
11/28/2001,DEC,IL,AGL,CE,Federal Contract Tower,0,8,27,2,37,0,0,1,6,7,0,8,28,8,44,0,0,0,44
11/29/2001,DEC,IL,AGL,CE,Federal Contract Tower,0,8,24,4,36,0,0,3,0,3,0,8,27,4,39,0,0,0,39
11/30/2001,DEC,IL,AGL,CE,Federal Contract Tower,0,9,15,3,27,0,0,5,10,15,0,9,20,13,42,0,58,58,100
12/01/2001,DEC,IL,AGL,CE,Federal Contract Tower,0,2,16,2,20,0,1,54,15,70,0,3,70,17,90,48,26,74,164
12/02/2001,DEC,IL,AGL,CE,Federal Contract Tower,0,2,17,1,20,0,1,62,3,66,0,3,79,4,86,68,0,68,154
12/03/2001,DEC,IL,AGL,CE,Federal Contract Tower,0,11,22,0,33,0,1,74,0,75,0,12,96,0,108,93,0,93,201
12/04/2001,DEC,IL,AGL,CE,Federal Contract Tower,0,14,17,3,34,0,0,65,8,73,0,14,82,11,107,73,32,105,212
12/05/2001,DEC,IL,AGL,CE,Federal Contract Tower,0,14,18,6,38,0,0,18,6,24,0,14,36,12,62,6,26,32,94
12/06/2001,DEC,IL,AGL,CE,Federal Contract Tower,0,7,9,3,19,0,0,25,1,26,0,7,34,4,45,55,32,87,132
12/07/2001,DEC,IL,AGL,CE,Federal Contract Tower,0,5,30,4,39,0,0,35,0,35,0,5,65,4,74,44,0,44,118
12/08/2001,DEC,IL,AGL,CE,Federal Contract Tower,0,5,20,0,25,0,0,16,0,16,0,5,36,0,41,12,0,12,53
12/09/2001,DEC,IL,AGL,CE,Federal Contract Tower,0,3,10,2,15,0,0,92,2,94,0,3,102,4,109,62,0,62,171
12/10/2001,DEC,IL,AGL,CE,Federal Contract Tower,0,13,31,3,47,0,0,58,8,66,0,13,89,11,113,107,11,118,231
12/11/2001,DEC,IL,AGL,CE,Federal Contract Tower,0,12,14,4,30,0,0,47,5,52,0,12,61,9,82,98,30,128,210
12/12/2001,DEC,IL,AGL,CE,Federal Contract Tower,0,7,14,6,27,0,0,0,0,0,0,7,14,6,27,0,0,0,27
12/13/2001,DEC,IL,AGL,CE,Federal Contract Tower,0,10,20,2,32,0,0,0,0,0,0,10,20,2,32,0,0,0,32
12/14/2001,DEC,IL,AGL,CE,Federal Contract Tower,0,9,26,2,37,0,0,5,0,5,0,9,31,2,42,0,0,0,42
12/15/2001,DEC,IL,AGL,CE,Federal Contract Tower,0,3,14,0,17,0,1,11,0,12,0,4,25,0,29,0,0,0,29
12/16/2001,DEC,IL,AGL,CE,Federal Contract Tower,0,3,4,0,7,0,0,1,0,1,0,3,5,0,8,0,0,0,8
12/17/2001,DEC,IL,AGL,CE,Federal Contract Tower,0,11,20,0,31,0,0,0,0,0,0,11,20,0,31,0,0,0,31
12/18/2001,DEC,IL,AGL,CE,Federal Contract Tower,0,13,27,2,42,0,0,40,16,56,0,13,67,18,98,81,33,114,212
12/19/2001,DEC,IL,AGL,CE,Federal Contract Tower,0,15,12,2,29,0,0,16,15,31,0,15,28,17,60,29,47,76,136
12/20/2001,DEC,IL,AGL,CE,Federal Contract Tower,0,14,14,5,33,0,2,58,6,66,0,16,72,11,99,91,51,142,241
12/21/2001,DEC,IL,AGL,CE,Federal Contract Tower,0,12,24,0,36,0,1,50,5,56,0,13,74,5,92,59,26,85,177
12/22/2001,DEC,IL,AGL,CE,Federal Contract Tower,0,5,5,0,10,0,0,12,0,12,0,5,17,0,22,0,0,0,22
12/23/2001,DEC,IL,AGL,CE,Federal Contract Tower,0,3,6,0,9,0,0,23,0,23,0,3,29,0,32,22,0,22,54
12/24/2001,DEC,IL,AGL,CE,Federal Contract Tower,0,4,3,0,7,0,0,27,0,27,0,4,30,0,34,17,0,17,51
12/25/2001,DEC,IL,AGL,CE,Federal Contract Tower,0,3,2,0,5,0,0,6,0,6,0,3,8,0,11,0,0,0,11
12/26/2001,DEC,IL,AGL,CE,Federal Contract Tower,0,9,9,0,18,0,0,22,6,28,0,9,31,6,46,10,11,21,67
12/27/2001,DEC,IL,AGL,CE,Federal Contract Tower,0,5,8,0,13,0,0,34,3,37,0,5,42,3,50,22,14,36,86
12/28/2001,DEC,IL,AGL,CE,Federal Contract Tower,0,7,7,0,14,0,0,23,2,25,0,7,30,2,39,62,0,62,101
12/29/2001,DEC,IL,AGL,CE,Federal Contract Tower,0,4,7,0,11,0,0,37,0,37,0,4,44,0,48,52,0,52,100
12/30/2001,DEC,IL,AGL,CE,Federal Contract Tower,0,3,9,0,12,0,0,29,0,29,0,3,38,0,41,30,0,30,71
12/31/2001,DEC,IL,AGL,CE,Federal Contract Tower,0,5,9,0,14,0,0,27,0,27,0,5,36,0,41,110,0,110,151
01/01/2002,DEC,IL,AGL,CE,Federal Contract Tower,0,2,7,0,9,0,1,29,0,30,0,3,36,0,39,24,0,24,63
01/02/2002,DEC,IL,AGL,CE,Federal Contract Tower,0,5,9,3,17,0,2,47,2,51,0,7,56,5,68,65,28,93,161
01/03/2002,DEC,IL,AGL,CE,Federal Contract Tower,0,5,12,4,21,0,1,39,9,49,0,6,51,13,70,45,27,72,142
01/04/2002,DEC,IL,AGL,CE,Federal Contract Tower,0,9,6,2,17,0,0,26,7,33,0,9,32,9,50,38,17,55,105
01/05/2002,DEC,IL,AGL,CE,Federal Contract Tower,0,3,9,1,13,0,0,17,0,17,0,3,26,1,30,44,0,44,74
01/06/2002,DEC,IL,AGL,CE,Federal Contract Tower,0,5,10,9,24,0,0,16,4,20,0,5,26,13,44,14,18,32,76
01/07/2002,DEC,IL,AGL,CE,Federal Contract Tower,0,12,3,1,16,0,2,34,5,41,0,14,37,6,57,49,19,68,125
01/08/2002,DEC,IL,AGL,CE,Federal Contract Tower,0,11,29,3,43,0,0,17,11,28,0,11,46,14,71,34,4,38,109
01/09/2002,DEC,IL,AGL,CE,Federal Contract Tower,0,8,13,0,21,0,2,30,7,39,0,10,43,7,60,24,21,45,105
01/10/2002,DEC,IL,AGL,CE,Federal Contract Tower,0,8,12,1,21,0,2,35,3,40,0,10,47,4,61,24,18,42,103
01/11/2002,DEC,IL,AGL,CE,Federal Contract Tower,0,7,10,1,18,0,0,79,15,94,0,7,89,16,112,90,26,116,228
01/12/2002,DEC,IL,AGL,CE,Federal Contract Tower,0,4,7,0,11,0,0,45,36,81,0,4,52,36,92,104,30,134,226
01/13/2002,DEC,IL,AGL,CE,Federal Contract Tower,0,3,3,0,6,0,0,37,11,48,0,3,40,11,54,30,18,48,102
01/14/2002,DEC,IL,AGL,CE,Federal Contract Tower,0,5,15,2,22,0,0,32,0,32,0,5,47,2,54,33,0,33,87
01/15/2002,DEC,IL,AGL,CE,Federal Contract Tower,0,6,22,1,29,0,0,6,7,13,0,6,28,8,42,10,0,10,52
01/16/2002,DEC,IL,AGL,CE,Federal Contract Tower,0,7,18,4,29,0,0,26,4,30,0,7,44,8,59,36,31,67,126
01/17/2002,DEC,IL,AGL,CE,Federal Contract Tower,0,7,30,3,40,0,0,37,3,40,0,7,67,6,80,60,8,68,148
01/18/2002,DEC,IL,AGL,CE,Federal Contract Tower,0,10,19,0,29,0,0,68,8,76,0,10,87,8,105,61,21,82,187
01/19/2002,DEC,IL,AGL,CE,Federal Contract Tower,0,4,11,0,15,0,0,30,0,30,0,4,41,0,45,43,0,43,88
01/20/2002,DEC,IL,AGL,CE,Federal Contract Tower,0,6,23,2,31,0,0,21,0,21,0,6,44,2,52,19,0,19,71
01/21/2002,DEC,IL,AGL,CE,Federal Contract Tower,0,6,10,0,16,0,0,64,0,64,0,6,74,0,80,83,0,83,163
01/22/2002,DEC,IL,AGL,CE,Federal Contract Tower,0,9,26,6,41,0,2,32,8,42,0,11,58,14,83,47,46,93,176
01/23/2002,DEC,IL,AGL,CE,Federal Contract Tower,0,8,14,14,36,0,0,19,8,27,0,8,33,22,63,28,29,57,120
01/24/2002,DEC,IL,AGL,CE,Federal Contract Tower,0,11,30,6,47,0,2,38,2,42,0,13,68,8,89,44,0,44,133
01/25/2002,DEC,IL,AGL,CE,Federal Contract Tower,0,8,20,0,28,0,0,46,2,48,0,8,66,2,76,72,0,72,148
01/26/2002,DEC,IL,AGL,CE,Federal Contract Tower,0,3,14,0,17,0,0,30,0,30,0,3,44,0,47,52,0,52,99
01/27/2002,DEC,IL,AGL,CE,Federal Contract Tower,0,3,13,0,16,0,0,39,0,39,0,3,52,0,55,54,0,54,109
01/28/2002,DEC,IL,AGL,CE,Federal Contract Tower,0,5,24,0,29,0,0,50,2,52,0,5,74,2,81,103,9,112,193
01/29/2002,DEC,IL,AGL,CE,Federal Contract Tower,0,6,29,0,35,0,0,18,0,18,0,6,47,0,53,10,0,10,63
01/30/2002,DEC,IL,AGL,CE,Federal Contract Tower,0,9,12,0,21,0,0,0,0,0,0,9,12,0,21,0,0,0,21
01/31/2002,DEC,IL,AGL,CE,Federal Contract Tower,0,11,27,0,38,0,0,5,0,5,0,11,32,0,43,0,0,0,43
02/01/2002,DEC,IL,AGL,CE,Federal Contract Tower,0,8,12,2,22,0,0,16,16,32,0,8,28,18,54,32,33,65,119
02/02/2002,DEC,IL,AGL,CE,Federal Contract Tower,0,5,15,0,20,0,0,71,20,91,0,5,86,20,111,78,28,106,217
02/03/2002,DEC,IL,AGL,CE,Federal Contract Tower,0,3,2,1,6,0,0,47,8,55,0,3,49,9,61,59,26,85,146
02/04/2002,DEC,IL,AGL,CE,Federal Contract Tower,0,10,15,2,27,0,0,54,6,60,0,10,69,8,87,80,18,98,185
02/05/2002,DEC,IL,AGL,CE,Federal Contract Tower,0,11,31,0,42,0,0,30,12,42,0,11,61,12,84,38,18,56,140
02/06/2002,DEC,IL,AGL,CE,Federal Contract Tower,0,8,44,4,56,0,4,22,13,39,0,12,66,17,95,81,60,141,236
02/07/2002,DEC,IL,AGL,CE,Federal Contract Tower,0,9,18,1,28,0,0,14,1,15,0,9,32,2,43,10,8,18,61
02/08/2002,DEC,IL,AGL,CE,Federal Contract Tower,0,5,13,1,19,0,1,42,3,46,0,6,55,4,65,88,14,102,167
02/09/2002,DEC,IL,AGL,CE,Federal Contract Tower,0,3,9,4,16,0,0,36,0,36,0,3,45,4,52,41,0,41,93
02/10/2002,DEC,IL,AGL,CE,Federal Contract Tower,0,3,4,2,9,0,0,5,0,5,0,3,9,2,14,14,0,14,28
02/11/2002,DEC,IL,AGL,CE,Federal Contract Tower,0,5,15,1,21,0,0,37,2,39,0,5,52,3,60,56,21,77,137
02/12/2002,DEC,IL,AGL,CE,Federal Contract Tower,0,7,16,2,25,0,0,13,2,15,0,7,29,4,40,14,28,42,82
02/13/2002,DEC,IL,AGL,CE,Federal Contract Tower,0,7,12,3,22,0,0,32,9,41,0,7,44,12,63,140,18,158,221
02/14/2002,DEC,IL,AGL,CE,Federal Contract Tower,0,7,24,1,32,0,0,29,3,32,0,7,53,4,64,60,0,60,124
02/15/2002,DEC,IL,AGL,CE,Federal Contract Tower,0,7,17,1,25,0,0,54,5,59,0,7,71,6,84,50,11,61,145
02/16/2002,DEC,IL,AGL,CE,Federal Contract Tower,0,3,9,0,12,0,0,68,0,68,0,3,77,0,80,41,0,41,121
02/17/2002,DEC,IL,AGL,CE,Federal Contract Tower,0,3,15,0,18,0,0,124,0,124,0,3,139,0,142,123,0,123,265
02/18/2002,DEC,IL,AGL,CE,Federal Contract Tower,0,5,10,0,15,0,0,61,2,63,0,5,71,2,78,82,0,82,160
02/19/2002,DEC,IL,AGL,CE,Federal Contract Tower,0,5,15,3,23,0,0,0,0,0,0,5,15,3,23,0,0,0,23
02/20/2002,DEC,IL,AGL,CE,Federal Contract Tower,0,11,13,8,32,0,0,14,1,15,0,11,27,9,47,0,7,7,54
02/21/2002,DEC,IL,AGL,CE,Federal Contract Tower,0,7,23,4,34,0,0,8,0,8,0,7,31,4,42,0,0,0,42
02/22/2002,DEC,IL,AGL,CE,Federal Contract Tower,0,10,11,2,23,0,0,58,12,70,0,10,69,14,93,70,10,80,173
02/23/2002,DEC,IL,AGL,CE,Federal Contract Tower,0,3,9,0,12,0,0,78,0,78,0,3,87,0,90,60,0,60,150
02/24/2002,DEC,IL,AGL,CE,Federal Contract Tower,0,5,7,0,12,0,0,45,0,45,0,5,52,0,57,51,0,51,108
02/25/2002,DEC,IL,AGL,CE,Federal Contract Tower,0,5,36,0,41,0,0,0,0,0,0,5,36,0,41,0,0,0,41
02/26/2002,DEC,IL,AGL,CE,Federal Contract Tower,0,7,31,4,42,0,0,0,0,0,0,7,31,4,42,0,0,0,42
02/27/2002,DEC,IL,AGL,CE,Federal Contract Tower,0,7,32,4,43,0,0,10,4,14,0,7,42,8,57,61,15,76,133
02/28/2002,DEC,IL,AGL,CE,Federal Contract Tower,0,7,32,4,43,0,0,19,2,21,0,7,51,6,64,56,15,71,135
03/01/2002,DEC,IL,AGL,CE,Federal Contract Tower,0,8,13,0,21,0,1,20,4,25,0,9,33,4,46,30,12,42,88
03/02/2002,DEC,IL,AGL,CE,Federal Contract Tower,0,2,1,0,3,0,1,6,0,7,0,3,7,0,10,0,0,0,10
03/03/2002,DEC,IL,AGL,CE,Federal Contract Tower,0,2,8,0,10,0,1,2,0,3,0,3,10,0,13,0,0,0,13
03/04/2002,DEC,IL,AGL,CE,Federal Contract Tower,0,6,26,1,33,0,1,23,1,25,0,7,49,2,58,27,0,27,85
03/05/2002,DEC,IL,AGL,CE,Federal Contract Tower,0,8,21,1,30,0,4,45,9,58,0,12,66,10,88,45,26,71,159
03/06/2002,DEC,IL,AGL,CE,Federal Contract Tower,0,7,33,1,41,0,1,42,11,54,0,8,75,12,95,58,17,75,170
03/07/2002,DEC,IL,AGL,CE,Federal Contract Tower,0,10,21,1,32,0,1,28,6,35,0,11,49,7,67,71,11,82,149
03/08/2002,DEC,IL,AGL,CE,Federal Contract Tower,0,9,13,1,23,0,0,11,15,26,0,9,24,16,49,16,20,36,85
03/09/2002,DEC,IL,AGL,CE,Federal Contract Tower,0,3,7,0,10,0,0,12,0,12,0,3,19,0,22,0,0,0,22
03/10/2002,DEC,IL,AGL,CE,Federal Contract Tower,0,4,1,0,5,0,0,68,10,78,0,4,69,10,83,34,0,34,117
03/11/2002,DEC,IL,AGL,CE,Federal Contract Tower,0,8,23,4,35,0,0,54,0,54,0,8,77,4,89,76,0,76,165
03/12/2002,DEC,IL,AGL,CE,Federal Contract Tower,0,4,31,2,37,0,0,21,2,23,0,4,52,4,60,115,21,136,196
03/13/2002,DEC,IL,AGL,CE,Federal Contract Tower,0,4,43,4,51,0,0,32,7,39,0,4,75,11,90,136,13,149,239
03/14/2002,DEC,IL,AGL,CE,Federal Contract Tower,0,4,31,2,37,0,0,11,2,13,0,4,42,4,50,62,14,76,126
03/15/2002,DEC,IL,AGL,CE,Federal Contract Tower,0,9,31,11,51,0,0,10,1,11,0,9,41,12,62,61,16,77,139
03/16/2002,DEC,IL,AGL,CE,Federal Contract Tower,0,8,18,0,26,0,0,24,0,24,0,8,42,0,50,0,0,0,50
03/17/2002,DEC,IL,AGL,CE,Federal Contract Tower,0,3,19,0,22,0,0,0,0,0,0,3,19,0,22,0,0,0,22
03/18/2002,DEC,IL,AGL,CE,Federal Contract Tower,0,7,16,2,25,0,0,43,0,43,0,7,59,2,68,70,0,70,138
03/19/2002,DEC,IL,AGL,CE,Federal Contract Tower,0,9,14,2,25,0,0,0,0,0,0,9,14,2,25,0,0,0,25
03/20/2002,DEC,IL,AGL,CE,Federal Contract Tower,0,10,21,4,35,0,0,31,8,39,0,10,52,12,74,47,31,78,152
03/21/2002,DEC,IL,AGL,CE,Federal Contract Tower,0,8,23,0,31,0,0,26,0,26,0,8,49,0,57,35,0,35,92
03/22/2002,DEC,IL,AGL,CE,Federal Contract Tower,0,11,29,0,40,0,0,48,9,57,0,11,77,9,97,47,22,69,166
03/23/2002,DEC,IL,AGL,CE,Federal Contract Tower,0,5,5,0,10,0,0,50,8,58,0,5,55,8,68,57,0,57,125
03/24/2002,DEC,IL,AGL,CE,Federal Contract Tower,0,4,6,0,10,0,0,22,0,22,0,4,28,0,32,13,0,13,45
03/25/2002,DEC,IL,AGL,CE,Federal Contract Tower,0,5,9,2,16,0,0,6,0,6,0,5,15,2,22,0,0,0,22
03/26/2002,DEC,IL,AGL,CE,Federal Contract Tower,0,9,38,3,50,0,0,3,0,3,0,9,41,3,53,0,0,0,53
03/27/2002,DEC,IL,AGL,CE,Federal Contract Tower,0,7,39,3,49,0,0,72,5,77,0,7,111,8,126,106,10,116,242
03/28/2002,DEC,IL,AGL,CE,Federal Contract Tower,0,7,34,2,43,0,0,30,4,34,0,7,64,6,77,30,50,80,157
03/29/2002,DEC,IL,AGL,CE,Federal Contract Tower,0,8,9,8,25,0,0,34,8,42,0,8,43,16,67,64,12,76,143
03/30/2002,DEC,IL,AGL,CE,Federal Contract Tower,0,3,14,0,17,0,0,76,0,76,0,3,90,0,93,96,0,96,189
03/31/2002,DEC,IL,AGL,CE,Federal Contract Tower,0,3,9,0,12,0,0,35,0,35,0,3,44,0,47,30,0,30,77
04/01/2002,DEC,IL,AGL,CE,Federal Contract Tower,0,7,28,0,35,0,1,40,0,41,0,8,68,0,76,65,0,65,141
04/02/2002,DEC,IL,AGL,CE,Federal Contract Tower,0,13,23,4,40,0,0,35,0,35,0,13,58,4,75,24,14,38,113
04/03/2002,DEC,IL,AGL,CE,Federal Contract Tower,0,11,35,0,46,0,0,34,6,40,0,11,69,6,86,76,21,97,183
04/04/2002,DEC,IL,AGL,CE,Federal Contract Tower,0,10,34,0,44,0,0,56,2,58,0,10,90,2,102,65,6,71,173
04/05/2002,DEC,IL,AGL,CE,Federal Contract Tower,0,10,36,16,62,0,0,67,15,82,0,10,103,31,144,72,27,99,243
04/06/2002,DEC,IL,AGL,CE,Federal Contract Tower,0,4,11,0,15,0,0,62,1,63,0,4,73,1,78,119,0,119,197
04/07/2002,DEC,IL,AGL,CE,Federal Contract Tower,0,3,12,0,15,0,0,34,6,40,0,3,46,6,55,85,0,85,140
04/08/2002,DEC,IL,AGL,CE,Federal Contract Tower,0,7,26,0,33,0,0,10,0,10,0,7,36,0,43,30,0,30,73
04/09/2002,DEC,IL,AGL,CE,Federal Contract Tower,0,12,44,0,56,0,0,48,6,54,0,12,92,6,110,71,2,73,183
04/10/2002,DEC,IL,AGL,CE,Federal Contract Tower,0,17,35,2,54,0,0,55,6,61,0,17,90,8,115,84,10,94,209
04/11/2002,DEC,IL,AGL,CE,Federal Contract Tower,0,9,25,6,40,0,0,81,12,93,0,9,106,18,133,136,34,170,303
04/12/2002,DEC,IL,AGL,CE,Federal Contract Tower,0,8,17,2,27,0,0,20,3,23,0,8,37,5,50,70,32,102,152
04/13/2002,DEC,IL,AGL,CE,Federal Contract Tower,0,4,14,1,19,0,0,21,3,24,0,4,35,4,43,40,18,58,101
04/14/2002,DEC,IL,AGL,CE,Federal Contract Tower,0,5,11,0,16,0,0,46,2,48,0,5,57,2,64,54,0,54,118
04/15/2002,DEC,IL,AGL,CE,Federal Contract Tower,0,5,22,1,28,0,0,43,4,47,0,5,65,5,75,76,0,76,151
04/16/2002,DEC,IL,AGL,CE,Federal Contract Tower,0,10,15,0,25,0,0,57,4,61,0,10,72,4,86,86,30,116,202
04/17/2002,DEC,IL,AGL,CE,Federal Contract Tower,0,11,23,7,41,0,0,48,8,56,0,11,71,15,97,47,14,61,158
04/18/2002,DEC,IL,AGL,CE,Federal Contract Tower,0,10,20,2,32,0,0,45,11,56,0,10,65,13,88,78,19,97,185
04/19/2002,DEC,IL,AGL,CE,Federal Contract Tower,0,6,19,0,25,0,0,33,10,43,0,6,52,10,68,49,24,73,141
04/20/2002,DEC,IL,AGL,CE,Federal Contract Tower,0,5,4,1,10,0,0,19,18,37,0,5,23,19,47,29,12,41,88
04/21/2002,DEC,IL,AGL,CE,Federal Contract Tower,0,3,15,0,18,0,0,18,0,18,0,3,33,0,36,0,0,0,36
04/22/2002,DEC,IL,AGL,CE,Federal Contract Tower,0,12,21,0,33,0,0,42,0,42,0,12,63,0,75,67,0,67,142
04/23/2002,DEC,IL,AGL,CE,Federal Contract Tower,0,13,16,6,35,0,0,63,3,66,0,13,79,9,101,88,17,105,206
04/24/2002,DEC,IL,AGL,CE,Federal Contract Tower,0,9,9,1,19,0,0,35,4,39,0,9,44,5,58,26,18,44,102
04/25/2002,DEC,IL,AGL,CE,Federal Contract Tower,0,9,33,0,42,0,0,44,5,49,0,9,77,5,91,63,11,74,165
04/26/2002,DEC,IL,AGL,CE,Federal Contract Tower,0,8,20,2,30,0,0,95,4,99,0,8,115,6,129,180,16,196,325
04/27/2002,DEC,IL,AGL,CE,Federal Contract Tower,0,3,7,0,10,0,0,0,0,0,0,3,7,0,10,0,0,0,10
04/28/2002,DEC,IL,AGL,CE,Federal Contract Tower,0,3,12,0,15,0,0,22,0,22,0,3,34,0,37,0,0,0,37
04/29/2002,DEC,IL,AGL,CE,Federal Contract Tower,0,7,20,2,29,0,0,50,0,50,0,7,70,2,79,96,0,96,175
04/30/2002,DEC,IL,AGL,CE,Federal Contract Tower,0,7,14,0,21,0,0,22,13,35,0,7,36,13,56,68,60,128,184
05/01/2002,DEC,IL,AGL,CE,Federal Contract Tower,0,11,32,0,43,0,1,17,2,20,0,12,49,2,63,90,0,90,153
05/02/2002,DEC,IL,AGL,CE,Federal Contract Tower,0,9,29,4,42,0,0,61,6,67,0,9,90,10,109,126,10,136,245
05/03/2002,DEC,IL,AGL,CE,Federal Contract Tower,0,8,15,2,25,0,0,82,0,82,0,8,97,2,107,120,0,120,227
05/04/2002,DEC,IL,AGL,CE,Federal Contract Tower,0,4,7,0,11,0,0,101,0,101,0,4,108,0,112,117,0,117,229
05/05/2002,DEC,IL,AGL,CE,Federal Contract Tower,0,3,7,6,16,0,0,54,12,66,0,3,61,18,82,81,29,110,192
05/06/2002,DEC,IL,AGL,CE,Federal Contract Tower,0,9,12,0,21,0,0,26,0,26,0,9,38,0,47,38,0,38,85
05/07/2002,DEC,IL,AGL,CE,Federal Contract Tower,0,9,14,9,32,0,0,43,10,53,0,9,57,19,85,98,3,101,186
05/08/2002,DEC,IL,AGL,CE,Federal Contract Tower,0,10,55,4,69,0,0,30,6,36,0,10,85,10,105,25,15,40,145
05/09/2002,DEC,IL,AGL,CE,Federal Contract Tower,0,9,46,2,57,0,0,41,5,46,0,9,87,7,103,48,0,48,151
05/10/2002,DEC,IL,AGL,CE,Federal Contract Tower,0,17,30,0,47,0,0,120,4,124,0,17,150,4,171,76,0,76,247
05/11/2002,DEC,IL,AGL,CE,Federal Contract Tower,0,5,6,0,11,0,0,4,0,4,0,5,10,0,15,0,0,0,15
05/12/2002,DEC,IL,AGL,CE,Federal Contract Tower,0,3,6,0,9,0,0,0,0,0,0,3,6,0,9,0,0,0,9
05/13/2002,DEC,IL,AGL,CE,Federal Contract Tower,0,6,21,2,29,0,0,14,0,14,0,6,35,2,43,40,0,40,83
05/14/2002,DEC,IL,AGL,CE,Federal Contract Tower,0,9,15,2,26,0,0,63,14,77,0,9,78,16,103,92,42,134,237
05/15/2002,DEC,IL,AGL,CE,Federal Contract Tower,0,9,20,1,30,0,0,43,14,57,0,9,63,15,87,50,40,90,177
05/16/2002,DEC,IL,AGL,CE,Federal Contract Tower,0,10,15,2,27,0,0,11,3,14,0,10,26,5,41,22,0,22,63
05/17/2002,DEC,IL,AGL,CE,Federal Contract Tower,0,8,16,2,26,0,0,31,5,36,0,8,47,7,62,60,0,60,122
05/18/2002,DEC,IL,AGL,CE,Federal Contract Tower,0,3,11,0,14,0,0,64,5,69,0,3,75,5,83,92,14,106,189
05/19/2002,DEC,IL,AGL,CE,Federal Contract Tower,0,3,20,0,23,0,0,63,0,63,0,3,83,0,86,79,0,79,165
05/20/2002,DEC,IL,AGL,CE,Federal Contract Tower,0,10,17,1,28,0,0,47,4,51,0,10,64,5,79,100,0,100,179
05/21/2002,DEC,IL,AGL,CE,Federal Contract Tower,0,8,18,7,33,0,0,66,3,69,0,8,84,10,102,136,4,140,242
05/22/2002,DEC,IL,AGL,CE,Federal Contract Tower,0,11,26,0,37,0,0,49,8,57,0,11,75,8,94,126,3,129,223
05/23/2002,DEC,IL,AGL,CE,Federal Contract Tower,0,9,21,1,31,0,0,30,2,32,0,9,51,3,63,46,0,46,109
05/24/2002,DEC,IL,AGL,CE,Federal Contract Tower,0,10,12,0,22,0,0,15,0,15,0,10,27,0,37,15,0,15,52
05/25/2002,DEC,IL,AGL,CE,Federal Contract Tower,0,6,13,0,19,0,0,34,0,34,0,6,47,0,53,13,0,13,66
05/26/2002,DEC,IL,AGL,CE,Federal Contract Tower,0,2,6,0,8,0,0,77,0,77,0,2,83,0,85,80,0,80,165
05/27/2002,DEC,IL,AGL,CE,Federal Contract Tower,0,7,15,0,22,0,0,46,0,46,0,7,61,0,68,86,0,86,154
05/28/2002,DEC,IL,AGL,CE,Federal Contract Tower,0,6,26,2,34,0,0,24,8,32,0,6,50,10,66,64,28,92,158
05/29/2002,DEC,IL,AGL,CE,Federal Contract Tower,0,9,21,6,36,0,0,27,20,47,0,9,48,26,83,56,40,96,179
05/30/2002,DEC,IL,AGL,CE,Federal Contract Tower,0,11,27,2,40,0,0,23,4,27,0,11,50,6,67,64,0,64,131
05/31/2002,DEC,IL,AGL,CE,Federal Contract Tower,0,8,14,0,22,0,0,71,2,73,0,8,85,2,95,101,0,101,196
06/01/2002,DEC,IL,AGL,CE,Federal Contract Tower,0,4,6,0,10,0,0,64,0,64,0,4,70,0,74,127,0,127,201
06/02/2002,DEC,IL,AGL,CE,Federal Contract Tower,0,3,6,0,9,0,0,44,0,44,0,3,50,0,53,103,0,103,156
06/03/2002,DEC,IL,AGL,CE,Federal Contract Tower,0,8,6,3,17,0,0,42,5,47,0,8,48,8,64,90,30,120,184
06/04/2002,DEC,IL,AGL,CE,Federal Contract Tower,0,10,16,1,27,0,0,33,2,35,0,10,49,3,62,76,8,84,146
06/05/2002,DEC,IL,AGL,CE,Federal Contract Tower,0,15,16,5,36,0,0,12,5,17,0,15,28,10,53,13,25,38,91
06/06/2002,DEC,IL,AGL,CE,Federal Contract Tower,0,8,24,2,34,0,1,21,1,23,0,9,45,3,57,40,0,40,97
06/07/2002,DEC,IL,AGL,CE,Federal Contract Tower,0,9,22,1,32,0,0,71,15,86,0,9,93,16,118,51,0,51,169
06/08/2002,DEC,IL,AGL,CE,Federal Contract Tower,0,3,7,1,11,0,0,90,0,90,0,3,97,1,101,246,0,246,347
06/09/2002,DEC,IL,AGL,CE,Federal Contract Tower,0,5,18,0,23,0,0,42,0,42,0,5,60,0,65,60,0,60,125
06/10/2002,DEC,IL,AGL,CE,Federal Contract Tower,0,7,17,1,25,0,1,23,4,28,0,8,40,5,53,68,36,104,157
06/11/2002,DEC,IL,AGL,CE,Federal Contract Tower,0,7,18,1,26,0,0,26,7,33,0,7,44,8,59,76,26,102,161
06/12/2002,DEC,IL,AGL,CE,Federal Contract Tower,0,8,23,3,34,0,0,35,15,50,0,8,58,18,84,96,40,136,220
06/13/2002,DEC,IL,AGL,CE,Federal Contract Tower,0,9,21,0,30,0,0,26,7,33,0,9,47,7,63,44,22,66,129
06/14/2002,DEC,IL,AGL,CE,Federal Contract Tower,0,7,15,0,22,0,0,36,4,40,0,7,51,4,62,62,10,72,134
06/15/2002,DEC,IL,AGL,CE,Federal Contract Tower,0,4,15,0,19,0,0,72,7,79,0,4,87,7,98,98,0,98,196
06/16/2002,DEC,IL,AGL,CE,Federal Contract Tower,0,3,11,0,14,0,0,66,0,66,0,3,77,0,80,97,0,97,177
06/17/2002,DEC,IL,AGL,CE,Federal Contract Tower,0,7,17,3,27,0,0,52,2,54,0,7,69,5,81,142,12,154,235
06/18/2002,DEC,IL,AGL,CE,Federal Contract Tower,0,11,35,5,51,0,0,52,0,52,0,11,87,5,103,128,24,152,255
06/19/2002,DEC,IL,AGL,CE,Federal Contract Tower,0,11,15,0,26,0,0,59,0,59,0,11,74,0,85,94,0,94,179
06/20/2002,DEC,IL,AGL,CE,Federal Contract Tower,0,9,17,1,27,0,0,28,6,34,0,9,45,7,61,59,0,59,120
06/21/2002,DEC,IL,AGL,CE,Federal Contract Tower,0,12,31,2,45,0,0,54,2,56,0,12,85,4,101,78,0,78,179
06/22/2002,DEC,IL,AGL,CE,Federal Contract Tower,0,3,13,0,16,0,0,49,0,49,0,3,62,0,65,56,0,56,121
06/23/2002,DEC,IL,AGL,CE,Federal Contract Tower,0,3,11,0,14,0,0,51,0,51,0,3,62,0,65,69,0,69,134
06/24/2002,DEC,IL,AGL,CE,Federal Contract Tower,0,7,8,1,16,0,0,38,0,38,0,7,46,1,54,54,0,54,108
06/25/2002,DEC,IL,AGL,CE,Federal Contract Tower,0,9,23,1,33,0,0,24,0,24,0,9,47,1,57,56,0,56,113
06/26/2002,DEC,IL,AGL,CE,Federal Contract Tower,0,9,15,2,26,0,0,69,8,77,0,9,84,10,103,94,0,94,197
06/27/2002,DEC,IL,AGL,CE,Federal Contract Tower,0,9,19,0,28,0,0,43,4,47,0,9,62,4,75,90,0,90,165
06/28/2002,DEC,IL,AGL,CE,Federal Contract Tower,0,8,30,0,38,0,0,66,3,69,0,8,96,3,107,72,24,96,203
06/29/2002,DEC,IL,AGL,CE,Federal Contract Tower,0,3,15,0,18,0,0,67,6,73,0,3,82,6,91,50,0,50,141
06/30/2002,DEC,IL,AGL,CE,Federal Contract Tower,0,3,18,0,21,0,0,34,0,34,0,3,52,0,55,82,0,82,137
07/01/2002,DEC,IL,AGL,CE,Federal Contract Tower,0,3,25,11,39,0,0,47,3,50,0,3,72,14,89,91,12,103,192
07/02/2002,DEC,IL,AGL,CE,Federal Contract Tower,0,9,14,3,26,0,0,39,5,44,0,9,53,8,70,42,38,80,150
07/03/2002,DEC,IL,AGL,CE,Federal Contract Tower,0,6,18,0,24,0,0,16,1,17,0,6,34,1,41,82,21,103,144
07/04/2002,DEC,IL,AGL,CE,Federal Contract Tower,0,2,14,0,16,0,0,17,0,17,0,2,31,0,33,49,0,49,82
07/05/2002,DEC,IL,AGL,CE,Federal Contract Tower,0,3,5,0,8,0,0,38,0,38,0,3,43,0,46,54,0,54,100
07/06/2002,DEC,IL,AGL,CE,Federal Contract Tower,0,2,4,0,6,0,0,51,0,51,0,2,55,0,57,28,0,28,85
07/07/2002,DEC,IL,AGL,CE,Federal Contract Tower,0,3,9,0,12,0,0,50,0,50,0,3,59,0,62,64,0,64,126
07/08/2002,DEC,IL,AGL,CE,Federal Contract Tower,0,4,31,3,38,0,0,50,5,55,0,4,81,8,93,122,31,153,246
07/09/2002,DEC,IL,AGL,CE,Federal Contract Tower,0,4,36,12,52,0,0,17,1,18,0,4,53,13,70,113,31,144,214
07/10/2002,DEC,IL,AGL,CE,Federal Contract Tower,0,11,10,2,23,0,0,15,4,19,0,11,25,6,42,26,20,46,88
07/11/2002,DEC,IL,AGL,CE,Federal Contract Tower,0,9,8,1,18,0,0,183,6,189,0,9,191,7,207,124,20,144,351
07/12/2002,DEC,IL,AGL,CE,Federal Contract Tower,0,9,45,9,63,0,0,183,21,204,0,9,228,30,267,130,54,184,451
07/13/2002,DEC,IL,AGL,CE,Federal Contract Tower,0,3,17,0,20,0,0,218,17,235,0,3,235,17,255,170,0,170,425
07/14/2002,DEC,IL,AGL,CE,Federal Contract Tower,0,3,14,0,17,0,0,63,15,78,0,3,77,15,95,46,14,60,155
07/15/2002,DEC,IL,AGL,CE,Federal Contract Tower,0,6,26,1,33,0,0,61,0,61,0,6,87,1,94,140,0,140,234
07/16/2002,DEC,IL,AGL,CE,Federal Contract Tower,0,15,29,1,45,0,0,44,6,50,0,15,73,7,95,146,20,166,261
07/17/2002,DEC,IL,AGL,CE,Federal Contract Tower,0,9,19,4,32,0,1,37,11,49,0,10,56,15,81,102,28,130,211
07/18/2002,DEC,IL,AGL,CE,Federal Contract Tower,0,11,15,3,29,0,0,42,4,46,0,11,57,7,75,123,0,123,198
07/19/2002,DEC,IL,AGL,CE,Federal Contract Tower,0,12,21,2,35,0,0,101,7,108,0,12,122,9,143,154,2,156,299
07/20/2002,DEC,IL,AGL,CE,Federal Contract Tower,0,3,4,0,7,0,0,81,0,81,0,3,85,0,88,146,0,146,234
07/21/2002,DEC,IL,AGL,CE,Federal Contract Tower,0,3,1,0,4,0,0,49,0,49,0,3,50,0,53,61,0,61,114
07/22/2002,DEC,IL,AGL,CE,Federal Contract Tower,0,5,21,3,29,0,2,42,1,45,0,7,63,4,74,43,8,51,125
07/23/2002,DEC,IL,AGL,CE,Federal Contract Tower,0,10,37,5,52,0,0,52,7,59,0,10,89,12,111,163,41,204,315
07/24/2002,DEC,IL,AGL,CE,Federal Contract Tower,0,9,22,5,36,0,0,47,13,60,0,9,69,18,96,80,14,94,190
07/25/2002,DEC,IL,AGL,CE,Federal Contract Tower,0,10,14,2,26,0,0,57,2,59,0,10,71,4,85,90,0,90,175
07/26/2002,DEC,IL,AGL,CE,Federal Contract Tower,0,7,16,2,25,0,0,15,0,15,0,7,31,2,40,20,0,20,60
07/27/2002,DEC,IL,AGL,CE,Federal Contract Tower,0,3,8,0,11,0,0,43,0,43,0,3,51,0,54,20,0,20,74
07/28/2002,DEC,IL,AGL,CE,Federal Contract Tower,0,3,2,0,5,0,0,14,0,14,0,3,16,0,19,20,0,20,39
07/29/2002,DEC,IL,AGL,CE,Federal Contract Tower,0,7,15,0,22,0,0,35,2,37,0,7,50,2,59,52,0,52,111
07/30/2002,DEC,IL,AGL,CE,Federal Contract Tower,0,10,17,8,35,0,0,73,17,90,0,10,90,25,125,137,30,167,292
07/31/2002,DEC,IL,AGL,CE,Federal Contract Tower,0,14,14,5,33,0,1,48,9,58,0,15,62,14,91,98,35,133,224
08/01/2002,DEC,IL,AGL,CE,Federal Contract Tower,0,9,24,0,33,0,0,76,0,76,0,9,100,0,109,146,0,146,255
08/02/2002,DEC,IL,AGL,CE,Federal Contract Tower,0,9,15,0,24,0,0,28,2,30,0,9,43,2,54,127,0,127,181
08/03/2002,DEC,IL,AGL,CE,Federal Contract Tower,0,3,19,0,22,0,0,44,0,44,0,3,63,0,66,109,0,109,175
08/04/2002,DEC,IL,AGL,CE,Federal Contract Tower,0,2,15,0,17,0,0,42,0,42,0,2,57,0,59,47,0,47,106
08/05/2002,DEC,IL,AGL,CE,Federal Contract Tower,0,4,16,0,20,0,0,11,3,14,0,4,27,3,34,27,3,30,64
08/06/2002,DEC,IL,AGL,CE,Federal Contract Tower,0,8,19,0,27,0,0,62,4,66,0,8,81,4,93,107,4,111,204
08/07/2002,DEC,IL,AGL,CE,Federal Contract Tower,0,7,30,0,37,0,0,50,4,54,0,7,80,4,91,156,20,176,267
08/08/2002,DEC,IL,AGL,CE,Federal Contract Tower,0,7,40,15,62,0,0,66,7,73,0,7,106,22,135,130,39,169,304
08/09/2002,DEC,IL,AGL,CE,Federal Contract Tower,0,4,21,3,28,0,0,69,11,80,0,4,90,14,108,105,22,127,235
08/10/2002,DEC,IL,AGL,CE,Federal Contract Tower,0,3,8,0,11,0,0,91,12,103,0,3,99,12,114,173,5,178,292
08/11/2002,DEC,IL,AGL,CE,Federal Contract Tower,0,4,16,2,22,0,0,37,17,54,0,4,53,19,76,32,41,73,149
08/12/2002,DEC,IL,AGL,CE,Federal Contract Tower,0,4,23,1,28,0,0,19,0,19,0,4,42,1,47,68,0,68,115
08/13/2002,DEC,IL,AGL,CE,Federal Contract Tower,0,7,39,6,52,0,0,22,9,31,0,7,61,15,83,103,29,132,215
08/14/2002,DEC,IL,AGL,CE,Federal Contract Tower,0,10,26,10,46,0,0,37,7,44,0,10,63,17,90,54,42,96,186
08/15/2002,DEC,IL,AGL,CE,Federal Contract Tower,0,11,29,5,45,0,0,48,5,53,0,11,77,10,98,61,23,84,182
08/16/2002,DEC,IL,AGL,CE,Federal Contract Tower,0,7,10,1,18,0,0,51,0,51,0,7,61,1,69,84,0,84,153
08/17/2002,DEC,IL,AGL,CE,Federal Contract Tower,0,5,10,0,15,0,0,53,0,53,0,5,63,0,68,91,0,91,159
08/18/2002,DEC,IL,AGL,CE,Federal Contract Tower,0,5,6,0,11,0,0,50,0,50,0,5,56,0,61,56,0,56,117
08/19/2002,DEC,IL,AGL,CE,Federal Contract Tower,0,5,22,0,27,0,0,17,6,23,0,5,39,6,50,25,0,25,75
08/20/2002,DEC,IL,AGL,CE,Federal Contract Tower,0,7,26,0,33,0,0,26,20,46,0,7,52,20,79,36,10,46,125
08/21/2002,DEC,IL,AGL,CE,Federal Contract Tower,0,11,33,3,47,0,3,75,28,106,0,14,108,31,153,144,20,164,317
08/22/2002,DEC,IL,AGL,CE,Federal Contract Tower,6,7,15,0,28,0,0,31,8,39,6,7,46,8,67,58,0,58,125
08/23/2002,DEC,IL,AGL,CE,Federal Contract Tower,0,8,5,0,13,0,0,21,2,23,0,8,26,2,36,16,0,16,52
08/24/2002,DEC,IL,AGL,CE,Federal Contract Tower,0,7,11,0,18,0,0,60,0,60,0,7,71,0,78,84,0,84,162
08/25/2002,DEC,IL,AGL,CE,Federal Contract Tower,0,3,18,0,21,0,0,65,0,65,0,3,83,0,86,100,0,100,186
08/26/2002,DEC,IL,AGL,CE,Federal Contract Tower,0,6,21,2,29,0,0,34,1,35,0,6,55,3,64,90,0,90,154
08/27/2002,DEC,IL,AGL,CE,Federal Contract Tower,0,9,15,5,29,0,0,50,15,65,0,9,65,20,94,100,36,136,230
08/28/2002,DEC,IL,AGL,CE,Federal Contract Tower,0,8,25,6,39,0,0,35,12,47,0,8,60,18,86,70,40,110,196
08/29/2002,DEC,IL,AGL,CE,Federal Contract Tower,1,9,23,0,33,0,0,48,16,64,1,9,71,16,97,109,64,173,270
08/30/2002,DEC,IL,AGL,CE,Federal Contract Tower,0,10,14,0,24,0,0,60,5,65,0,10,74,5,89,111,14,125,214
08/31/2002,DEC,IL,AGL,CE,Federal Contract Tower,0,4,16,0,20,0,0,57,0,57,0,4,73,0,77,74,0,74,151
09/01/2002,DEC,IL,AGL,CE,Federal Contract Tower,0,2,7,0,9,0,0,80,0,80,0,2,87,0,89,119,0,119,208
09/02/2002,DEC,IL,AGL,CE,Federal Contract Tower,1,2,8,0,11,0,0,43,0,43,1,2,51,0,54,64,0,64,118
09/03/2002,DEC,IL,AGL,CE,Federal Contract Tower,0,6,11,6,23,0,0,24,16,40,0,6,35,22,63,62,20,82,145
09/04/2002,DEC,IL,AGL,CE,Federal Contract Tower,0,10,13,9,32,0,0,55,11,66,0,10,68,20,98,40,40,80,178
09/05/2002,DEC,IL,AGL,CE,Federal Contract Tower,1,8,34,3,46,0,0,71,4,75,1,8,105,7,121,150,20,170,291
09/06/2002,DEC,IL,AGL,CE,Federal Contract Tower,0,8,23,2,33,0,0,50,15,65,0,8,73,17,98,100,50,150,248
09/07/2002,DEC,IL,AGL,CE,Federal Contract Tower,0,3,24,0,27,0,0,137,8,145,0,3,161,8,172,206,0,206,378
09/08/2002,DEC,IL,AGL,CE,Federal Contract Tower,0,0,3,0,3,0,2,51,4,57,0,2,54,4,60,72,0,72,132
09/09/2002,DEC,IL,AGL,CE,Federal Contract Tower,0,7,12,0,19,0,0,21,0,21,0,7,33,0,40,52,0,52,92
09/10/2002,DEC,IL,AGL,CE,Federal Contract Tower,0,6,8,2,16,0,0,28,18,46,0,6,36,20,62,58,32,90,152
09/11/2002,DEC,IL,AGL,CE,Federal Contract Tower,0,7,29,2,38,0,0,31,19,50,0,7,60,21,88,100,20,120,208
09/12/2002,DEC,IL,AGL,CE,Federal Contract Tower,0,8,23,2,33,0,0,25,10,35,0,8,48,12,68,52,38,90,158
09/13/2002,DEC,IL,AGL,CE,Federal Contract Tower,0,9,38,0,47,0,0,66,29,95,0,9,104,29,142,135,47,182,324
09/14/2002,DEC,IL,AGL,CE,Federal Contract Tower,0,6,11,2,19,0,0,79,10,89,0,6,90,12,108,103,38,141,249
09/15/2002,DEC,IL,AGL,CE,Federal Contract Tower,0,2,23,2,27,0,0,24,3,27,0,2,47,5,54,55,26,81,135
09/16/2002,DEC,IL,AGL,CE,Federal Contract Tower,0,11,33,0,44,0,0,42,10,52,0,11,75,10,96,108,21,129,225
09/17/2002,DEC,IL,AGL,CE,Federal Contract Tower,0,9,41,6,56,0,0,16,20,36,0,9,57,26,92,87,67,154,246
09/18/2002,DEC,IL,AGL,CE,Federal Contract Tower,0,9,24,0,33,0,0,18,13,31,0,9,42,13,64,9,14,23,87
09/19/2002,DEC,IL,AGL,CE,Federal Contract Tower,0,8,9,5,22,0,0,12,2,14,0,8,21,7,36,9,0,9,45
09/20/2002,DEC,IL,AGL,CE,Federal Contract Tower,0,8,28,3,39,0,0,10,2,12,0,8,38,5,51,10,14,24,75
09/21/2002,DEC,IL,AGL,CE,Federal Contract Tower,0,3,19,0,22,0,0,95,3,98,0,3,114,3,120,106,24,130,250
09/22/2002,DEC,IL,AGL,CE,Federal Contract Tower,0,5,26,0,31,0,0,51,0,51,0,5,77,0,82,24,0,24,106
09/23/2002,DEC,IL,AGL,CE,Federal Contract Tower,0,6,24,0,30,0,0,68,0,68,0,6,92,0,98,134,0,134,232
09/24/2002,DEC,IL,AGL,CE,Federal Contract Tower,0,9,26,2,37,0,0,59,4,63,0,9,85,6,100,100,0,100,200
09/25/2002,DEC,IL,AGL,CE,Federal Contract Tower,0,9,34,3,46,0,0,77,7,84,0,9,111,10,130,118,0,118,248
09/26/2002,DEC,IL,AGL,CE,Federal Contract Tower,0,9,37,0,46,0,0,29,10,39,0,9,66,10,85,90,0,90,175
09/27/2002,DEC,IL,AGL,CE,Federal Contract Tower,0,11,60,2,73,0,0,34,2,36,0,11,94,4,109,80,0,80,189
09/28/2002,DEC,IL,AGL,CE,Federal Contract Tower,0,5,22,0,27,0,0,95,0,95,0,5,117,0,122,110,0,110,232
09/29/2002,DEC,IL,AGL,CE,Federal Contract Tower,0,2,20,0,22,0,0,70,3,73,0,2,90,3,95,116,0,116,211
09/30/2002,DEC,IL,AGL,CE,Federal Contract Tower,0,9,53,2,64,0,0,38,2,40,0,9,91,4,104,103,0,103,207
10/01/2002,DEC,IL,AGL,CE,Federal Contract Tower,0,10,27,0,37,0,0,37,5,42,0,10,64,5,79,113,0,113,192
10/02/2002,DEC,IL,AGL,CE,Federal Contract Tower,2,9,48,0,59,0,0,30,0,30,2,9,78,0,89,127,0,127,216
10/03/2002,DEC,IL,AGL,CE,Federal Contract Tower,0,8,32,0,40,0,0,28,4,32,0,8,60,4,72,30,20,50,122
10/04/2002,DEC,IL,AGL,CE,Federal Contract Tower,0,7,19,0,26,0,0,0,0,0,0,7,19,0,26,2,8,10,36
10/05/2002,DEC,IL,AGL,CE,Federal Contract Tower,0,3,23,0,26,0,0,152,0,152,0,3,175,0,178,130,0,130,308
10/06/2002,DEC,IL,AGL,CE,Federal Contract Tower,0,2,7,2,11,0,0,29,7,36,0,2,36,9,47,50,0,50,97
10/07/2002,DEC,IL,AGL,CE,Federal Contract Tower,0,4,16,0,20,0,0,42,0,42,0,4,58,0,62,88,0,88,150
10/08/2002,DEC,IL,AGL,CE,Federal Contract Tower,0,9,38,0,47,0,0,29,4,33,0,9,67,4,80,76,22,98,178
10/09/2002,DEC,IL,AGL,CE,Federal Contract Tower,0,9,52,4,65,0,0,36,8,44,0,9,88,12,109,100,26,126,235
10/10/2002,DEC,IL,AGL,CE,Federal Contract Tower,0,10,30,0,40,0,0,54,4,58,0,10,84,4,98,126,22,148,246
10/11/2002,DEC,IL,AGL,CE,Federal Contract Tower,0,8,42,1,51,0,0,48,8,56,0,8,90,9,107,84,8,92,199
10/12/2002,DEC,IL,AGL,CE,Federal Contract Tower,0,6,9,0,15,0,0,62,2,64,0,6,71,2,79,44,0,44,123
10/13/2002,DEC,IL,AGL,CE,Federal Contract Tower,0,2,14,0,16,0,0,87,3,90,0,2,101,3,106,135,0,135,241
10/14/2002,DEC,IL,AGL,CE,Federal Contract Tower,0,6,17,2,25,0,0,53,0,53,0,6,70,2,78,92,0,92,170
10/15/2002,DEC,IL,AGL,CE,Federal Contract Tower,0,9,20,2,31,0,0,50,7,57,0,9,70,9,88,97,30,127,215
10/16/2002,DEC,IL,AGL,CE,Federal Contract Tower,0,8,34,3,45,0,0,69,8,77,0,8,103,11,122,149,14,163,285
10/17/2002,DEC,IL,AGL,CE,Federal Contract Tower,0,10,22,2,34,0,0,40,6,46,0,10,62,8,80,89,14,103,183
10/18/2002,DEC,IL,AGL,CE,Federal Contract Tower,0,7,28,3,38,0,0,18,9,27,0,7,46,12,65,44,50,94,159
10/19/2002,DEC,IL,AGL,CE,Federal Contract Tower,0,4,17,0,21,0,0,64,13,77,0,4,81,13,98,50,4,54,152
10/20/2002,DEC,IL,AGL,CE,Federal Contract Tower,0,2,6,0,8,0,0,67,10,77,0,2,73,10,85,44,0,44,129
10/21/2002,DEC,IL,AGL,CE,Federal Contract Tower,0,4,31,2,37,0,0,59,1,60,0,4,90,3,97,98,0,98,195
10/22/2002,DEC,IL,AGL,CE,Federal Contract Tower,0,6,33,4,43,0,0,19,8,27,0,6,52,12,70,0,30,30,100
10/23/2002,DEC,IL,AGL,CE,Federal Contract Tower,0,8,33,7,48,0,0,29,17,46,0,8,62,24,94,100,42,142,236
10/24/2002,DEC,IL,AGL,CE,Federal Contract Tower,0,9,34,2,45,0,0,32,2,34,0,9,66,4,79,80,16,96,175
10/25/2002,DEC,IL,AGL,CE,Federal Contract Tower,0,8,29,2,39,0,0,0,0,0,0,8,29,2,39,0,0,0,39
10/26/2002,DEC,IL,AGL,CE,Federal Contract Tower,0,6,24,0,30,0,0,13,0,13,0,6,37,0,43,14,0,14,57
10/27/2002,DEC,IL,AGL,CE,Federal Contract Tower,0,0,24,2,26,0,0,49,0,49,0,0,73,2,75,50,0,50,125
10/28/2002,DEC,IL,AGL,CE,Federal Contract Tower,0,8,25,6,39,0,0,45,0,45,0,8,70,6,84,88,13,101,185
10/29/2002,DEC,IL,AGL,CE,Federal Contract Tower,0,12,13,3,28,0,0,22,0,22,0,12,35,3,50,61,0,61,111
10/30/2002,DEC,IL,AGL,CE,Federal Contract Tower,0,7,52,0,59,0,0,13,11,24,0,7,65,11,83,71,52,123,206
10/31/2002,DEC,IL,AGL,CE,Federal Contract Tower,0,8,26,3,37,0,0,16,3,19,0,8,42,6,56,78,22,100,156
11/01/2002,DEC,IL,AGL,CE,Federal Contract Tower,0,10,28,2,40,0,1,38,15,54,0,11,66,17,94,89,33,122,216
11/02/2002,DEC,IL,AGL,CE,Federal Contract Tower,0,2,12,0,14,0,1,79,20,100,0,3,91,20,114,35,0,35,149
11/03/2002,DEC,IL,AGL,CE,Federal Contract Tower,0,2,23,9,34,0,0,6,15,21,0,2,29,24,55,22,66,88,143
11/04/2002,DEC,IL,AGL,CE,Federal Contract Tower,0,7,24,2,33,0,0,19,10,29,0,7,43,12,62,44,22,66,128
11/05/2002,DEC,IL,AGL,CE,Federal Contract Tower,0,7,25,1,33,0,0,0,6,6,0,7,25,7,39,0,25,25,64
11/06/2002,DEC,IL,AGL,CE,Federal Contract Tower,0,8,24,8,40,0,0,15,13,28,0,8,39,21,68,20,25,45,113
11/07/2002,DEC,IL,AGL,CE,Federal Contract Tower,0,8,25,2,35,0,0,65,8,73,0,8,90,10,108,88,0,88,196
11/08/2002,DEC,IL,AGL,CE,Federal Contract Tower,0,7,23,2,32,0,0,30,7,37,0,7,53,9,69,36,8,44,113
11/09/2002,DEC,IL,AGL,CE,Federal Contract Tower,0,6,6,0,12,0,0,18,0,18,0,6,24,0,30,24,0,24,54
11/10/2002,DEC,IL,AGL,CE,Federal Contract Tower,0,2,8,0,10,0,0,37,0,37,0,2,45,0,47,42,0,42,89
11/11/2002,DEC,IL,AGL,CE,Federal Contract Tower,0,4,7,0,11,0,0,40,0,40,0,4,47,0,51,28,0,28,79
11/12/2002,DEC,IL,AGL,CE,Federal Contract Tower,0,10,39,6,55,0,0,16,6,22,0,10,55,12,77,87,24,111,188
11/13/2002,DEC,IL,AGL,CE,Federal Contract Tower,0,8,45,3,56,0,0,46,8,54,0,8,91,11,110,103,22,125,235
11/14/2002,DEC,IL,AGL,CE,Federal Contract Tower,0,9,18,2,29,0,0,48,3,51,0,9,66,5,80,76,11,87,167
11/15/2002,DEC,IL,AGL,CE,Federal Contract Tower,0,10,23,6,39,0,0,28,1,29,0,10,51,7,68,74,0,74,142
11/16/2002,DEC,IL,AGL,CE,Federal Contract Tower,0,4,15,2,21,0,0,59,0,59,0,4,74,2,80,104,0,104,184
11/17/2002,DEC,IL,AGL,CE,Federal Contract Tower,0,2,9,0,11,0,0,48,0,48,0,2,57,0,59,37,0,37,96
11/18/2002,DEC,IL,AGL,CE,Federal Contract Tower,0,6,20,2,28,0,0,31,2,33,0,6,51,4,61,46,0,46,107
11/19/2002,DEC,IL,AGL,CE,Federal Contract Tower,0,6,30,3,39,0,0,47,19,66,0,6,77,22,105,130,40,170,275
11/20/2002,DEC,IL,AGL,CE,Federal Contract Tower,0,5,19,2,26,0,4,63,13,80,0,9,82,15,106,60,0,60,166
11/21/2002,DEC,IL,AGL,CE,Federal Contract Tower,0,6,18,1,25,0,0,16,9,25,0,6,34,10,50,42,0,42,92
11/22/2002,DEC,IL,AGL,CE,Federal Contract Tower,0,6,20,0,26,0,0,31,0,31,0,6,51,0,57,52,0,52,109
11/23/2002,DEC,IL,AGL,CE,Federal Contract Tower,0,6,19,0,25,0,0,59,0,59,0,6,78,0,84,74,0,74,158
11/24/2002,DEC,IL,AGL,CE,Federal Contract Tower,0,2,9,0,11,0,0,60,1,61,0,2,69,1,72,40,0,40,112
11/25/2002,DEC,IL,AGL,CE,Federal Contract Tower,0,6,12,5,23,0,0,28,7,35,0,6,40,12,58,70,8,78,136
11/26/2002,DEC,IL,AGL,CE,Federal Contract Tower,0,7,33,0,40,0,0,25,5,30,0,7,58,5,70,0,12,12,82
11/27/2002,DEC,IL,AGL,CE,Federal Contract Tower,0,9,11,3,23,0,1,61,3,65,0,10,72,6,88,75,0,75,163
11/28/2002,DEC,IL,AGL,CE,Federal Contract Tower,0,2,5,0,7,0,0,16,0,16,0,2,21,0,23,25,0,25,48
11/29/2002,DEC,IL,AGL,CE,Federal Contract Tower,0,5,8,0,13,0,0,37,0,37,0,5,45,0,50,72,0,72,122
11/30/2002,DEC,IL,AGL,CE,Federal Contract Tower,0,6,1,0,7,0,0,28,2,30,0,6,29,2,37,11,0,11,48
12/01/2002,DEC,IL,AGL,CE,Federal Contract Tower,0,2,22,0,24,0,1,38,0,39,0,3,60,0,63,49,0,49,112
12/02/2002,DEC,IL,AGL,CE,Federal Contract Tower,0,6,16,2,24,0,2,27,0,29,0,8,43,2,53,63,0,63,116
12/03/2002,DEC,IL,AGL,CE,Federal Contract Tower,0,7,31,0,38,0,1,31,4,36,0,8,62,4,74,51,0,51,125
12/04/2002,DEC,IL,AGL,CE,Federal Contract Tower,0,7,14,0,21,0,0,28,12,40,0,7,42,12,61,43,0,43,104
12/05/2002,DEC,IL,AGL,CE,Federal Contract Tower,0,14,24,4,42,0,0,14,3,17,0,14,38,7,59,28,0,28,87
12/06/2002,DEC,IL,AGL,CE,Federal Contract Tower,0,10,16,2,28,0,0,53,10,63,0,10,69,12,91,64,30,94,185
12/07/2002,DEC,IL,AGL,CE,Federal Contract Tower,0,3,15,0,18,0,0,77,6,83,0,3,92,6,101,98,20,118,219
12/08/2002,DEC,IL,AGL,CE,Federal Contract Tower,0,2,8,0,10,0,0,60,2,62,0,2,68,2,72,84,0,84,156
12/09/2002,DEC,IL,AGL,CE,Federal Contract Tower,0,7,24,1,32,0,0,41,3,44,0,7,65,4,76,94,22,116,192
12/10/2002,DEC,IL,AGL,CE,Federal Contract Tower,0,8,19,2,29,0,0,18,13,31,0,8,37,15,60,54,28,82,142
12/11/2002,DEC,IL,AGL,CE,Federal Contract Tower,0,8,23,4,35,0,0,60,16,76,0,8,83,20,111,110,30,140,251
12/12/2002,DEC,IL,AGL,CE,Federal Contract Tower,0,11,17,7,35,0,0,29,13,42,0,11,46,20,77,61,26,87,164
12/13/2002,DEC,IL,AGL,CE,Federal Contract Tower,0,11,15,1,27,0,0,26,15,41,0,11,41,16,68,65,13,78,146
12/14/2002,DEC,IL,AGL,CE,Federal Contract Tower,0,7,9,0,16,0,0,26,0,26,0,7,35,0,42,59,0,59,101
12/15/2002,DEC,IL,AGL,CE,Federal Contract Tower,0,2,8,0,10,0,0,48,2,50,0,2,56,2,60,82,0,82,142
12/16/2002,DEC,IL,AGL,CE,Federal Contract Tower,0,11,30,0,41,0,0,38,0,38,0,11,68,0,79,87,0,87,166
12/17/2002,DEC,IL,AGL,CE,Federal Contract Tower,0,10,30,0,40,0,0,4,3,7,0,10,34,3,47,20,0,20,67
12/18/2002,DEC,IL,AGL,CE,Federal Contract Tower,0,11,13,0,24,0,0,0,0,0,0,11,13,0,24,0,0,0,24
12/19/2002,DEC,IL,AGL,CE,Federal Contract Tower,0,11,32,0,43,0,0,38,4,42,0,11,70,4,85,88,0,88,173
12/20/2002,DEC,IL,AGL,CE,Federal Contract Tower,0,9,21,0,30,0,0,33,5,38,0,9,54,5,68,83,0,83,151
12/21/2002,DEC,IL,AGL,CE,Federal Contract Tower,0,6,17,0,23,0,0,60,0,60,0,6,77,0,83,130,0,130,213
12/22/2002,DEC,IL,AGL,CE,Federal Contract Tower,0,2,12,0,14,0,0,44,2,46,0,2,56,2,60,84,0,84,144
12/23/2002,DEC,IL,AGL,CE,Federal Contract Tower,0,12,11,5,28,0,0,29,2,31,0,12,40,7,59,58,0,58,117
12/24/2002,DEC,IL,AGL,CE,Federal Contract Tower,0,11,6,0,17,0,0,10,0,10,0,11,16,0,27,0,0,0,27
12/25/2002,DEC,IL,AGL,CE,Federal Contract Tower,0,3,3,0,6,0,0,1,0,1,0,3,4,0,7,0,0,0,7
12/26/2002,DEC,IL,AGL,CE,Federal Contract Tower,0,8,9,0,17,0,0,22,0,22,0,8,31,0,39,50,0,50,89
12/27/2002,DEC,IL,AGL,CE,Federal Contract Tower,0,11,4,2,17,0,0,41,4,45,0,11,45,6,62,57,0,57,119
12/28/2002,DEC,IL,AGL,CE,Federal Contract Tower,0,3,9,0,12,0,0,48,0,48,0,3,57,0,60,46,0,46,106
12/29/2002,DEC,IL,AGL,CE,Federal Contract Tower,0,3,11,0,14,0,0,64,0,64,0,3,75,0,78,104,0,104,182
12/30/2002,DEC,IL,AGL,CE,Federal Contract Tower,0,5,7,0,12,0,0,13,0,13,0,5,20,0,25,11,0,11,36
12/31/2002,DEC,IL,AGL,CE,Federal Contract Tower,0,8,4,0,12,0,2,38,6,46,0,10,42,6,58,34,14,48,106
01/01/2003,DEC,IL,AGL,CE,Federal Contract Tower,0,1,2,0,3,0,0,3,0,3,0,1,5,0,6,0,0,0,6
01/02/2003,DEC,IL,AGL,CE,Federal Contract Tower,0,6,1,0,7,0,0,0,0,0,0,6,1,0,7,0,0,0,7
01/03/2003,DEC,IL,AGL,CE,Federal Contract Tower,0,6,14,0,20,0,1,47,33,81,0,7,61,33,101,88,50,138,239
01/04/2003,DEC,IL,AGL,CE,Federal Contract Tower,0,2,8,0,10,0,0,38,8,46,0,2,46,8,56,80,0,80,136
01/05/2003,DEC,IL,AGL,CE,Federal Contract Tower,0,3,7,0,10,0,0,2,1,3,0,3,9,1,13,0,0,0,13
01/06/2003,DEC,IL,AGL,CE,Federal Contract Tower,0,7,8,1,16,0,0,41,2,43,0,7,49,3,59,92,0,92,151
01/07/2003,DEC,IL,AGL,CE,Federal Contract Tower,0,8,19,2,29,0,0,31,14,45,0,8,50,16,74,68,36,104,178
01/08/2003,DEC,IL,AGL,CE,Federal Contract Tower,0,8,25,5,38,0,0,58,18,76,0,8,83,23,114,126,54,180,294
01/09/2003,DEC,IL,AGL,CE,Federal Contract Tower,0,8,10,1,19,0,0,42,5,47,0,8,52,6,66,96,14,110,176
01/10/2003,DEC,IL,AGL,CE,Federal Contract Tower,0,9,8,2,19,0,0,38,10,48,0,9,46,12,67,64,18,82,149
01/11/2003,DEC,IL,AGL,CE,Federal Contract Tower,0,3,10,0,13,0,1,39,0,40,0,4,49,0,53,74,0,74,127
01/12/2003,DEC,IL,AGL,CE,Federal Contract Tower,0,3,21,2,26,0,0,38,8,46,0,3,59,10,72,68,8,76,148
01/13/2003,DEC,IL,AGL,CE,Federal Contract Tower,0,12,9,0,21,0,0,21,0,21,0,12,30,0,42,34,0,34,76
01/14/2003,DEC,IL,AGL,CE,Federal Contract Tower,0,7,20,1,28,0,0,21,8,29,0,7,41,9,57,42,14,56,113
01/15/2003,DEC,IL,AGL,CE,Federal Contract Tower,0,6,11,0,17,0,0,46,12,58,0,6,57,12,75,77,37,114,189
01/16/2003,DEC,IL,AGL,CE,Federal Contract Tower,0,10,11,0,21,0,0,1,0,1,0,10,12,0,22,0,0,0,22
01/17/2003,DEC,IL,AGL,CE,Federal Contract Tower,0,10,19,0,29,0,0,19,2,21,0,10,38,2,50,84,0,84,134
01/18/2003,DEC,IL,AGL,CE,Federal Contract Tower,0,2,7,0,9,0,0,13,0,13,0,2,20,0,22,9,0,9,31
01/19/2003,DEC,IL,AGL,CE,Federal Contract Tower,0,3,15,0,18,0,0,20,0,20,0,3,35,0,38,67,0,67,105
01/20/2003,DEC,IL,AGL,CE,Federal Contract Tower,0,4,5,0,9,0,0,50,0,50,0,4,55,0,59,65,0,65,124
01/21/2003,DEC,IL,AGL,CE,Federal Contract Tower,0,8,20,3,31,0,0,36,20,56,0,8,56,23,87,78,38,116,203
01/22/2003,DEC,IL,AGL,CE,Federal Contract Tower,0,8,11,0,19,0,0,34,14,48,0,8,45,14,67,72,40,112,179
01/23/2003,DEC,IL,AGL,CE,Federal Contract Tower,0,7,13,0,20,0,0,16,2,18,0,7,29,2,38,50,0,50,88
01/24/2003,DEC,IL,AGL,CE,Federal Contract Tower,0,6,19,1,26,0,0,26,6,32,0,6,45,7,58,72,0,72,130
01/25/2003,DEC,IL,AGL,CE,Federal Contract Tower,0,4,16,0,20,0,0,37,3,40,0,4,53,3,60,74,0,74,134
01/26/2003,DEC,IL,AGL,CE,Federal Contract Tower,0,4,21,2,27,0,0,18,1,19,0,4,39,3,46,65,0,65,111
01/27/2003,DEC,IL,AGL,CE,Federal Contract Tower,0,6,30,1,37,0,0,24,1,25,0,6,54,2,62,13,0,13,75
01/28/2003,DEC,IL,AGL,CE,Federal Contract Tower,0,9,30,1,40,0,0,17,0,17,0,9,47,1,57,19,0,19,76
01/29/2003,DEC,IL,AGL,CE,Federal Contract Tower,0,8,21,4,33,0,0,14,3,17,0,8,35,7,50,28,4,32,82
01/30/2003,DEC,IL,AGL,CE,Federal Contract Tower,0,9,32,1,42,0,0,35,5,40,0,9,67,6,82,92,0,92,174
01/31/2003,DEC,IL,AGL,CE,Federal Contract Tower,0,5,11,2,18,0,0,5,0,5,0,5,16,2,23,0,0,0,23
02/01/2003,DEC,IL,AGL,CE,Federal Contract Tower,0,4,21,6,31,0,0,16,1,17,0,4,37,7,48,41,0,41,89
02/02/2003,DEC,IL,AGL,CE,Federal Contract Tower,0,3,42,1,46,0,0,37,3,40,0,3,79,4,86,86,0,86,172
02/03/2003,DEC,IL,AGL,CE,Federal Contract Tower,0,7,22,1,30,0,0,15,0,15,0,7,37,1,45,24,0,24,69
02/04/2003,DEC,IL,AGL,CE,Federal Contract Tower,0,7,13,0,20,0,0,16,4,20,0,7,29,4,40,9,20,29,69
02/05/2003,DEC,IL,AGL,CE,Federal Contract Tower,0,8,15,3,26,0,0,70,8,78,0,8,85,11,104,126,26,152,256
02/06/2003,DEC,IL,AGL,CE,Federal Contract Tower,0,10,17,1,28,0,0,9,0,9,0,10,26,1,37,50,0,50,87
02/07/2003,DEC,IL,AGL,CE,Federal Contract Tower,0,6,19,1,26,0,1,41,25,67,0,7,60,26,93,102,30,132,225
02/08/2003,DEC,IL,AGL,CE,Federal Contract Tower,0,4,12,0,16,0,0,38,20,58,0,4,50,20,74,48,0,48,122
02/09/2003,DEC,IL,AGL,CE,Federal Contract Tower,0,2,13,0,15,0,0,39,6,45,0,2,52,6,60,76,0,76,136
02/10/2003,DEC,IL,AGL,CE,Federal Contract Tower,0,7,11,0,18,0,0,27,0,27,0,7,38,0,45,11,0,11,56
02/11/2003,DEC,IL,AGL,CE,Federal Contract Tower,0,10,16,0,26,0,0,15,0,15,0,10,31,0,41,38,0,38,79
02/12/2003,DEC,IL,AGL,CE,Federal Contract Tower,0,10,30,2,42,0,0,33,1,34,0,10,63,3,76,69,0,69,145
02/13/2003,DEC,IL,AGL,CE,Federal Contract Tower,0,9,36,2,47,0,0,33,1,34,0,9,69,3,81,83,0,83,164
02/14/2003,DEC,IL,AGL,CE,Federal Contract Tower,0,5,1,2,8,0,0,2,0,2,0,5,3,2,10,0,0,0,10
02/15/2003,DEC,IL,AGL,CE,Federal Contract Tower,0,5,0,0,5,0,0,0,0,0,0,5,0,0,5,0,0,0,5
02/16/2003,DEC,IL,AGL,CE,Federal Contract Tower,0,1,4,0,5,0,1,3,0,4,0,2,7,0,9,0,0,0,9
02/17/2003,DEC,IL,AGL,CE,Federal Contract Tower,0,4,14,0,18,0,0,13,0,13,0,4,27,0,31,14,0,14,45
02/18/2003,DEC,IL,AGL,CE,Federal Contract Tower,0,6,14,0,20,0,0,5,7,12,0,6,19,7,32,0,29,29,61
02/19/2003,DEC,IL,AGL,CE,Federal Contract Tower,0,9,39,2,50,0,0,43,12,55,0,9,82,14,105,86,20,106,211
02/20/2003,DEC,IL,AGL,CE,Federal Contract Tower,0,9,30,2,41,0,0,65,8,73,0,9,95,10,114,100,0,100,214
02/21/2003,DEC,IL,AGL,CE,Federal Contract Tower,0,5,22,1,28,0,0,8,0,8,0,5,30,1,36,10,0,10,46
02/22/2003,DEC,IL,AGL,CE,Federal Contract Tower,0,6,4,0,10,0,0,0,0,0,0,6,4,0,10,0,0,0,10
02/23/2003,DEC,IL,AGL,CE,Federal Contract Tower,0,2,16,5,23,0,0,70,2,72,0,2,86,7,95,116,14,130,225
02/24/2003,DEC,IL,AGL,CE,Federal Contract Tower,0,3,15,0,18,0,0,5,0,5,0,3,20,0,23,0,0,0,23
02/25/2003,DEC,IL,AGL,CE,Federal Contract Tower,0,6,27,2,35,0,0,26,11,37,0,6,53,13,72,61,10,71,143
02/26/2003,DEC,IL,AGL,CE,Federal Contract Tower,0,11,31,2,44,0,0,26,2,28,0,11,57,4,72,90,0,90,162
02/27/2003,DEC,IL,AGL,CE,Federal Contract Tower,0,7,30,2,39,0,0,25,0,25,0,7,55,2,64,55,0,55,119
02/28/2003,DEC,IL,AGL,CE,Federal Contract Tower,0,7,38,2,47,0,0,35,7,42,0,7,73,9,89,80,16,96,185
03/01/2003,DEC,IL,AGL,CE,Federal Contract Tower,0,5,14,0,19,0,0,5,0,5,0,5,19,0,24,0,0,0,24
03/02/2003,DEC,IL,AGL,CE,Federal Contract Tower,0,5,10,0,15,0,0,5,5,10,0,5,15,5,25,0,0,0,25
03/03/2003,DEC,IL,AGL,CE,Federal Contract Tower,0,6,20,0,26,0,0,26,3,29,0,6,46,3,55,60,0,60,115
03/04/2003,DEC,IL,AGL,CE,Federal Contract Tower,0,6,21,0,27,0,0,17,0,17,0,6,38,0,44,42,0,42,86
03/05/2003,DEC,IL,AGL,CE,Federal Contract Tower,0,10,10,0,20,0,0,2,8,10,0,10,12,8,30,0,40,40,70
03/06/2003,DEC,IL,AGL,CE,Federal Contract Tower,0,11,43,0,54,0,0,47,2,49,0,11,90,2,103,80,0,80,183
03/07/2003,DEC,IL,AGL,CE,Federal Contract Tower,0,7,42,0,49,0,0,47,2,49,0,7,89,2,98,142,0,142,240
03/08/2003,DEC,IL,AGL,CE,Federal Contract Tower,0,6,19,0,25,0,0,50,3,53,0,6,69,3,78,112,12,124,202
03/09/2003,DEC,IL,AGL,CE,Federal Contract Tower,0,4,9,0,13,0,0,48,2,50,0,4,57,2,63,82,0,82,145
03/10/2003,DEC,IL,AGL,CE,Federal Contract Tower,0,8,18,0,26,0,0,20,0,20,0,8,38,0,46,62,0,62,108
03/11/2003,DEC,IL,AGL,CE,Federal Contract Tower,0,10,18,0,28,0,0,24,8,32,0,10,42,8,60,30,22,52,112
03/12/2003,DEC,IL,AGL,CE,Federal Contract Tower,0,12,39,0,51,0,0,34,11,45,0,12,73,11,96,88,34,122,218
03/13/2003,DEC,IL,AGL,CE,Federal Contract Tower,0,10,26,1,37,0,0,10,0,10,0,10,36,1,47,13,0,13,60
03/14/2003,DEC,IL,AGL,CE,Federal Contract Tower,0,11,49,1,61,0,0,61,1,62,0,11,110,2,123,141,13,154,277
03/15/2003,DEC,IL,AGL,CE,Federal Contract Tower,2,5,31,0,38,0,0,18,0,18,2,5,49,0,56,60,0,60,116
03/16/2003,DEC,IL,AGL,CE,Federal Contract Tower,0,4,23,1,28,0,0,32,1,33,0,4,55,2,61,79,0,79,140
03/17/2003,DEC,IL,AGL,CE,Federal Contract Tower,0,7,18,1,26,0,0,25,0,25,0,7,43,1,51,64,0,64,115
03/18/2003,DEC,IL,AGL,CE,Federal Contract Tower,0,7,21,4,32,0,0,11,5,16,0,7,32,9,48,30,30,60,108
03/19/2003,DEC,IL,AGL,CE,Federal Contract Tower,0,9,18,2,29,0,0,8,0,8,0,9,26,2,37,44,0,44,81
03/20/2003,DEC,IL,AGL,CE,Federal Contract Tower,0,8,25,0,33,0,0,22,6,28,0,8,47,6,61,61,0,61,122
03/21/2003,DEC,IL,AGL,CE,Federal Contract Tower,0,10,22,6,38,0,0,28,13,41,0,10,50,19,79,82,0,82,161
03/22/2003,DEC,IL,AGL,CE,Federal Contract Tower,0,5,34,0,39,0,0,51,12,63,0,5,85,12,102,130,0,130,232
03/23/2003,DEC,IL,AGL,CE,Federal Contract Tower,0,4,17,0,21,0,0,70,0,70,0,4,87,0,91,120,0,120,211
03/24/2003,DEC,IL,AGL,CE,Federal Contract Tower,0,9,16,1,26,0,0,28,0,28,0,9,44,1,54,52,0,52,106
03/25/2003,DEC,IL,AGL,CE,Federal Contract Tower,0,9,26,2,37,0,0,46,3,49,0,9,72,5,86,111,20,131,217
03/26/2003,DEC,IL,AGL,CE,Federal Contract Tower,1,11,5,4,21,0,0,60,6,66,1,11,65,10,87,80,21,101,188
03/27/2003,DEC,IL,AGL,CE,Federal Contract Tower,0,10,18,0,28,0,0,13,2,15,0,10,31,2,43,34,0,34,77
03/28/2003,DEC,IL,AGL,CE,Federal Contract Tower,0,10,11,0,21,0,0,8,0,8,0,10,19,0,29,0,0,0,29
03/29/2003,DEC,IL,AGL,CE,Federal Contract Tower,0,6,1,0,7,0,0,22,0,22,0,6,23,0,29,16,0,16,45
03/30/2003,DEC,IL,AGL,CE,Federal Contract Tower,0,5,13,0,18,0,0,44,0,44,0,5,57,0,62,34,0,34,96
03/31/2003,DEC,IL,AGL,CE,Federal Contract Tower,0,9,17,0,26,0,0,35,2,37,0,9,52,2,63,46,8,54,117
04/01/2003,DEC,IL,AGL,CE,Federal Contract Tower,0,10,15,0,25,0,0,31,4,35,0,10,46,4,60,50,22,72,132
04/02/2003,DEC,IL,AGL,CE,Federal Contract Tower,0,8,26,2,36,0,0,37,5,42,0,8,63,7,78,62,12,74,152
04/03/2003,DEC,IL,AGL,CE,Federal Contract Tower,0,8,32,0,40,0,0,36,3,39,0,8,68,3,79,68,12,80,159
04/04/2003,DEC,IL,AGL,CE,Federal Contract Tower,0,8,14,7,29,0,0,21,7,28,0,8,35,14,57,52,16,68,125
04/05/2003,DEC,IL,AGL,CE,Federal Contract Tower,0,6,31,1,38,0,0,32,2,34,0,6,63,3,72,42,26,68,140
04/06/2003,DEC,IL,AGL,CE,Federal Contract Tower,0,4,6,0,10,0,0,24,0,24,0,4,30,0,34,52,0,52,86
04/07/2003,DEC,IL,AGL,CE,Federal Contract Tower,0,12,15,2,29,0,0,18,0,18,0,12,33,2,47,0,0,0,47
04/08/2003,DEC,IL,AGL,CE,Federal Contract Tower,0,13,27,2,42,0,0,0,0,0,0,13,27,2,42,2,0,2,44
04/09/2003,DEC,IL,AGL,CE,Federal Contract Tower,0,11,50,0,61,0,0,42,7,49,0,11,92,7,110,129,32,161,271
04/10/2003,DEC,IL,AGL,CE,Federal Contract Tower,0,11,48,5,64,0,0,77,5,82,0,11,125,10,146,172,38,210,356
04/11/2003,DEC,IL,AGL,CE,Federal Contract Tower,0,9,29,2,40,0,0,43,2,45,0,9,72,4,85,58,0,58,143
04/12/2003,DEC,IL,AGL,CE,Federal Contract Tower,0,5,16,0,21,0,0,51,0,51,0,5,67,0,72,41,0,41,113
04/13/2003,DEC,IL,AGL,CE,Federal Contract Tower,0,5,9,0,14,0,0,59,0,59,0,5,68,0,73,26,0,26,99
04/14/2003,DEC,IL,AGL,CE,Federal Contract Tower,0,8,27,12,47,0,0,40,15,55,0,8,67,27,102,92,52,144,246
04/15/2003,DEC,IL,AGL,CE,Federal Contract Tower,0,12,25,0,37,0,0,36,14,50,0,12,61,14,87,68,30,98,185
04/16/2003,DEC,IL,AGL,CE,Federal Contract Tower,0,5,36,0,41,0,0,32,2,34,0,5,68,2,75,24,16,40,115
04/17/2003,DEC,IL,AGL,CE,Federal Contract Tower,0,8,40,2,50,0,0,7,0,7,0,8,47,2,57,0,0,0,57
04/18/2003,DEC,IL,AGL,CE,Federal Contract Tower,0,9,26,0,35,0,0,39,0,39,0,9,65,0,74,60,0,60,134
04/19/2003,DEC,IL,AGL,CE,Federal Contract Tower,0,6,2,0,8,0,0,11,0,11,0,6,13,0,19,28,0,28,47
04/20/2003,DEC,IL,AGL,CE,Federal Contract Tower,0,5,7,0,12,0,0,13,0,13,0,5,20,0,25,14,0,14,39
04/21/2003,DEC,IL,AGL,CE,Federal Contract Tower,0,8,41,0,49,0,0,38,0,38,0,8,79,0,87,115,0,115,202
04/22/2003,DEC,IL,AGL,CE,Federal Contract Tower,0,12,55,2,69,0,0,63,12,75,0,12,118,14,144,119,40,159,303
04/23/2003,DEC,IL,AGL,CE,Federal Contract Tower,0,14,46,0,60,0,0,58,19,77,0,14,104,19,137,128,28,156,293
04/24/2003,DEC,IL,AGL,CE,Federal Contract Tower,0,11,24,2,37,0,0,28,4,32,0,11,52,6,69,81,0,81,150
04/25/2003,DEC,IL,AGL,CE,Federal Contract Tower,0,10,21,3,34,0,0,2,3,5,0,10,23,6,39,0,0,0,39
04/26/2003,DEC,IL,AGL,CE,Federal Contract Tower,0,4,30,0,34,0,0,90,0,90,0,4,120,0,124,74,0,74,198
04/27/2003,DEC,IL,AGL,CE,Federal Contract Tower,0,5,12,0,17,0,0,62,0,62,0,5,74,0,79,58,0,58,137
04/28/2003,DEC,IL,AGL,CE,Federal Contract Tower,0,11,16,2,29,0,0,24,0,24,0,11,40,2,53,73,11,84,137
04/29/2003,DEC,IL,AGL,CE,Federal Contract Tower,0,11,35,4,50,0,0,68,8,76,0,11,103,12,126,111,29,140,266
04/30/2003,DEC,IL,AGL,CE,Federal Contract Tower,0,9,24,2,35,0,1,37,7,45,0,10,61,9,80,44,1,45,125
05/01/2003,DEC,IL,AGL,CE,Federal Contract Tower,0,7,27,4,38,0,1,16,0,17,0,8,43,4,55,62,0,62,117
05/02/2003,DEC,IL,AGL,CE,Federal Contract Tower,0,9,18,4,31,0,1,21,4,26,0,10,39,8,57,8,0,8,65
05/03/2003,DEC,IL,AGL,CE,Federal Contract Tower,0,4,20,0,24,0,1,110,0,111,0,5,130,0,135,110,0,110,245
05/04/2003,DEC,IL,AGL,CE,Federal Contract Tower,0,3,8,0,11,0,1,10,3,14,0,4,18,3,25,20,0,20,45
05/05/2003,DEC,IL,AGL,CE,Federal Contract Tower,0,6,26,2,34,0,1,43,0,44,0,7,69,2,78,64,0,64,142
05/06/2003,DEC,IL,AGL,CE,Federal Contract Tower,0,9,22,1,32,0,0,48,2,50,0,9,70,3,82,105,6,111,193
05/07/2003,DEC,IL,AGL,CE,Federal Contract Tower,0,11,26,0,37,0,0,60,7,67,0,11,86,7,104,103,16,119,223
05/08/2003,DEC,IL,AGL,CE,Federal Contract Tower,0,15,29,2,46,0,0,35,0,35,0,15,64,2,81,42,0,42,123
05/09/2003,DEC,IL,AGL,CE,Federal Contract Tower,0,9,12,0,21,0,0,33,2,35,0,9,45,2,56,58,0,58,114
05/10/2003,DEC,IL,AGL,CE,Federal Contract Tower,0,9,8,0,17,0,0,33,0,33,0,9,41,0,50,59,0,59,109
05/11/2003,DEC,IL,AGL,CE,Federal Contract Tower,0,5,6,0,11,0,0,13,0,13,0,5,19,0,24,0,0,0,24
05/12/2003,DEC,IL,AGL,CE,Federal Contract Tower,0,8,20,1,29,0,0,25,7,32,0,8,45,8,61,57,23,80,141
05/13/2003,DEC,IL,AGL,CE,Federal Contract Tower,0,11,20,4,35,0,1,57,12,70,0,12,77,16,105,98,23,121,226
05/14/2003,DEC,IL,AGL,CE,Federal Contract Tower,0,10,19,0,29,0,0,43,6,49,0,10,62,6,78,77,12,89,167
05/15/2003,DEC,IL,AGL,CE,Federal Contract Tower,0,10,29,2,41,0,0,16,2,18,0,10,45,4,59,21,0,21,80
05/16/2003,DEC,IL,AGL,CE,Federal Contract Tower,0,9,26,2,37,0,0,35,18,53,0,9,61,20,90,70,20,90,180
05/17/2003,DEC,IL,AGL,CE,Federal Contract Tower,0,5,16,0,21,0,0,10,0,10,0,5,26,0,31,16,0,16,47
05/18/2003,DEC,IL,AGL,CE,Federal Contract Tower,0,6,12,2,20,0,0,5,0,5,0,6,17,2,25,4,0,4,29
05/19/2003,DEC,IL,AGL,CE,Federal Contract Tower,0,7,22,0,29,0,0,18,0,18,0,7,40,0,47,20,0,20,67
05/20/2003,DEC,IL,AGL,CE,Federal Contract Tower,0,10,17,2,29,0,0,26,10,36,0,10,43,12,65,37,13,50,115
05/21/2003,DEC,IL,AGL,CE,Federal Contract Tower,0,11,23,1,35,0,0,66,24,90,0,11,89,25,125,111,40,151,276
05/22/2003,DEC,IL,AGL,CE,Federal Contract Tower,0,11,26,2,39,0,0,43,14,57,0,11,69,16,96,90,14,104,200
05/23/2003,DEC,IL,AGL,CE,Federal Contract Tower,0,8,21,0,29,0,0,58,2,60,0,8,79,2,89,87,0,87,176
05/24/2003,DEC,IL,AGL,CE,Federal Contract Tower,0,6,7,0,13,0,0,63,0,63,0,6,70,0,76,79,0,79,155
05/25/2003,DEC,IL,AGL,CE,Federal Contract Tower,0,2,7,0,9,0,0,36,0,36,0,2,43,0,45,70,0,70,115
05/26/2003,DEC,IL,AGL,CE,Federal Contract Tower,0,3,8,0,11,0,0,63,0,63,0,3,71,0,74,10,0,10,84
05/27/2003,DEC,IL,AGL,CE,Federal Contract Tower,0,8,16,0,24,0,0,45,3,48,0,8,61,3,72,51,5,56,128
05/28/2003,DEC,IL,AGL,CE,Federal Contract Tower,0,10,20,0,30,0,0,25,10,35,0,10,45,10,65,13,6,19,84
05/29/2003,DEC,IL,AGL,CE,Federal Contract Tower,0,10,32,1,43,0,0,65,5,70,0,10,97,6,113,100,0,100,213
05/30/2003,DEC,IL,AGL,CE,Federal Contract Tower,0,13,9,0,22,0,0,38,18,56,0,13,47,18,78,42,0,42,120
05/31/2003,DEC,IL,AGL,CE,Federal Contract Tower,0,6,12,0,18,0,0,32,0,32,0,6,44,0,50,42,0,42,92
06/01/2003,DEC,IL,AGL,CE,Federal Contract Tower,0,5,17,0,22,0,0,83,0,83,0,5,100,0,105,104,0,104,209
06/02/2003,DEC,IL,AGL,CE,Federal Contract Tower,0,5,19,0,24,0,0,26,0,26,0,5,45,0,50,40,0,40,90
06/03/2003,DEC,IL,AGL,CE,Federal Contract Tower,0,7,26,0,33,0,0,0,0,0,0,7,26,0,33,4,0,4,37
06/04/2003,DEC,IL,AGL,CE,Federal Contract Tower,0,7,28,2,37,0,0,33,18,51,0,7,61,20,88,68,0,68,156
06/05/2003,DEC,IL,AGL,CE,Federal Contract Tower,2,9,33,5,49,0,0,66,3,69,2,9,99,8,118,155,0,155,273
06/06/2003,DEC,IL,AGL,CE,Federal Contract Tower,0,9,11,1,21,0,0,16,2,18,0,9,27,3,39,14,0,14,53
06/07/2003,DEC,IL,AGL,CE,Federal Contract Tower,0,9,20,3,32,0,0,142,8,150,0,9,162,11,182,193,6,199,381
06/08/2003,DEC,IL,AGL,CE,Federal Contract Tower,0,4,4,1,9,0,0,6,1,7,0,4,10,2,16,4,0,4,20
06/09/2003,DEC,IL,AGL,CE,Federal Contract Tower,0,9,9,4,22,0,0,56,3,59,0,9,65,7,81,84,14,98,179
06/10/2003,DEC,IL,AGL,CE,Federal Contract Tower,0,10,6,2,18,0,0,18,0,18,0,10,24,2,36,9,0,9,45
06/11/2003,DEC,IL,AGL,CE,Federal Contract Tower,0,9,21,2,32,0,0,17,6,23,0,9,38,8,55,31,0,31,86
06/12/2003,DEC,IL,AGL,CE,Federal Contract Tower,0,12,25,6,43,0,0,28,4,32,0,12,53,10,75,96,0,96,171
06/13/2003,DEC,IL,AGL,CE,Federal Contract Tower,0,11,17,4,32,0,0,15,1,16,0,11,32,5,48,62,0,62,110
06/14/2003,DEC,IL,AGL,CE,Federal Contract Tower,0,6,23,0,29,0,0,36,2,38,0,6,59,2,67,94,0,94,161
06/15/2003,DEC,IL,AGL,CE,Federal Contract Tower,0,5,7,0,12,0,0,100,7,107,0,5,107,7,119,124,0,124,243
06/16/2003,DEC,IL,AGL,CE,Federal Contract Tower,0,5,19,0,24,0,0,54,0,54,0,5,73,0,78,78,0,78,156
06/17/2003,DEC,IL,AGL,CE,Federal Contract Tower,0,7,23,10,40,0,0,48,6,54,0,7,71,16,94,120,10,130,224
06/18/2003,DEC,IL,AGL,CE,Federal Contract Tower,0,8,19,0,27,0,0,11,0,11,0,8,30,0,38,32,0,32,70
06/19/2003,DEC,IL,AGL,CE,Federal Contract Tower,0,10,20,6,36,0,0,33,8,41,0,10,53,14,77,48,20,68,145
06/20/2003,DEC,IL,AGL,CE,Federal Contract Tower,0,10,13,0,23,0,0,75,0,75,0,10,88,0,98,94,0,94,192
06/21/2003,DEC,IL,AGL,CE,Federal Contract Tower,0,6,7,0,13,0,0,67,0,67,0,6,74,0,80,122,0,122,202
06/22/2003,DEC,IL,AGL,CE,Federal Contract Tower,0,5,5,0,10,0,0,80,0,80,0,5,85,0,90,114,0,114,204
06/23/2003,DEC,IL,AGL,CE,Federal Contract Tower,0,9,12,1,22,0,0,63,10,73,0,9,75,11,95,108,0,108,203
06/24/2003,DEC,IL,AGL,CE,Federal Contract Tower,0,8,17,0,25,0,0,42,1,43,0,8,59,1,68,89,0,89,157
06/25/2003,DEC,IL,AGL,CE,Federal Contract Tower,0,6,22,0,28,0,0,46,8,54,0,6,68,8,82,100,0,100,182
06/26/2003,DEC,IL,AGL,CE,Federal Contract Tower,0,11,24,0,35,0,0,28,0,28,0,11,52,0,63,70,0,70,133
06/27/2003,DEC,IL,AGL,CE,Federal Contract Tower,0,8,32,2,42,0,0,44,2,46,0,8,76,4,88,120,15,135,223
06/28/2003,DEC,IL,AGL,CE,Federal Contract Tower,0,6,4,0,10,0,0,55,2,57,0,6,59,2,67,100,0,100,167
06/29/2003,DEC,IL,AGL,CE,Federal Contract Tower,0,4,9,2,15,0,0,48,0,48,0,4,57,2,63,74,0,74,137
06/30/2003,DEC,IL,AGL,CE,Federal Contract Tower,0,8,16,0,24,0,0,38,0,38,0,8,54,0,62,110,0,110,172
07/01/2003,DEC,IL,AGL,CE,Federal Contract Tower,0,6,34,2,42,0,1,31,3,35,0,7,65,5,77,100,50,150,227
07/02/2003,DEC,IL,AGL,CE,Federal Contract Tower,0,8,24,0,32,0,1,38,4,43,0,9,62,4,75,28,22,50,125
07/03/2003,DEC,IL,AGL,CE,Federal Contract Tower,0,8,24,0,32,0,1,50,2,53,0,9,74,2,85,60,0,60,145
07/04/2003,DEC,IL,AGL,CE,Federal Contract Tower,0,0,7,0,7,0,1,39,0,40,0,1,46,0,47,82,0,82,129
07/05/2003,DEC,IL,AGL,CE,Federal Contract Tower,0,6,19,0,25,0,4,56,0,60,0,10,75,0,85,95,0,95,180
07/06/2003,DEC,IL,AGL,CE,Federal Contract Tower,0,4,12,0,16,0,1,65,0,66,0,5,77,0,82,97,0,97,179
07/07/2003,DEC,IL,AGL,CE,Federal Contract Tower,0,8,14,0,22,0,0,46,6,52,0,8,60,6,74,90,12,102,176
07/08/2003,DEC,IL,AGL,CE,Federal Contract Tower,0,15,25,0,40,0,0,46,9,55,0,15,71,9,95,86,10,96,191
07/09/2003,DEC,IL,AGL,CE,Federal Contract Tower,1,12,13,0,26,0,0,42,7,49,1,12,55,7,75,82,13,95,170
07/10/2003,DEC,IL,AGL,CE,Federal Contract Tower,0,16,27,1,44,0,0,25,5,30,0,16,52,6,74,39,0,39,113
07/11/2003,DEC,IL,AGL,CE,Federal Contract Tower,0,8,47,1,56,0,0,96,1,97,0,8,143,2,153,224,0,224,377
07/12/2003,DEC,IL,AGL,CE,Federal Contract Tower,0,6,39,0,45,0,0,108,0,108,0,6,147,0,153,187,0,187,340
07/13/2003,DEC,IL,AGL,CE,Federal Contract Tower,0,8,23,0,31,0,0,66,2,68,0,8,89,2,99,117,0,117,216
07/14/2003,DEC,IL,AGL,CE,Federal Contract Tower,0,9,9,0,18,0,0,50,4,54,0,9,59,4,72,121,0,121,193
07/15/2003,DEC,IL,AGL,CE,Federal Contract Tower,0,7,14,0,21,0,0,47,3,50,0,7,61,3,71,66,0,66,137
07/16/2003,DEC,IL,AGL,CE,Federal Contract Tower,0,9,31,1,41,0,0,100,11,111,0,9,131,12,152,104,20,124,276
07/17/2003,DEC,IL,AGL,CE,Federal Contract Tower,0,7,22,0,29,0,0,58,1,59,0,7,80,1,88,120,0,120,208
07/18/2003,DEC,IL,AGL,CE,Federal Contract Tower,0,9,30,0,39,0,0,45,10,55,0,9,75,10,94,100,0,100,194
07/19/2003,DEC,IL,AGL,CE,Federal Contract Tower,0,8,13,0,21,0,0,61,6,67,0,8,74,6,88,124,0,124,212
07/20/2003,DEC,IL,AGL,CE,Federal Contract Tower,0,6,11,0,17,0,0,68,1,69,0,6,79,1,86,111,0,111,197
07/21/2003,DEC,IL,AGL,CE,Federal Contract Tower,0,10,14,0,24,0,0,51,10,61,0,10,65,10,85,105,31,136,221
07/22/2003,DEC,IL,AGL,CE,Federal Contract Tower,0,10,24,0,34,0,0,51,8,59,0,10,75,8,93,134,16,150,243
07/23/2003,DEC,IL,AGL,CE,Federal Contract Tower,0,10,23,0,33,0,0,66,12,78,0,10,89,12,111,126,10,136,247
07/24/2003,DEC,IL,AGL,CE,Federal Contract Tower,0,15,15,0,30,0,0,55,2,57,0,15,70,2,87,122,0,122,209
07/25/2003,DEC,IL,AGL,CE,Federal Contract Tower,0,8,18,1,27,0,1,44,5,50,0,9,62,6,77,89,0,89,166
07/26/2003,DEC,IL,AGL,CE,Federal Contract Tower,0,4,21,0,25,0,0,48,0,48,0,4,69,0,73,22,0,22,95
07/27/2003,DEC,IL,AGL,CE,Federal Contract Tower,0,7,25,0,32,0,0,52,2,54,0,7,77,2,86,74,0,74,160
07/28/2003,DEC,IL,AGL,CE,Federal Contract Tower,0,8,30,12,50,0,0,26,1,27,0,8,56,13,77,79,2,81,158
07/29/2003,DEC,IL,AGL,CE,Federal Contract Tower,0,10,29,4,43,0,0,47,6,53,0,10,76,10,96,101,0,101,197
07/30/2003,DEC,IL,AGL,CE,Federal Contract Tower,0,4,32,2,38,0,0,29,8,37,0,4,61,10,75,102,21,123,198
07/31/2003,DEC,IL,AGL,CE,Federal Contract Tower,0,5,32,0,37,0,0,43,7,50,0,5,75,7,87,103,0,103,190
08/01/2003,DEC,IL,AGL,CE,Federal Contract Tower,0,6,13,0,19,0,1,22,0,23,0,7,35,0,42,42,0,42,84
08/02/2003,DEC,IL,AGL,CE,Federal Contract Tower,0,7,11,4,22,0,0,40,2,42,0,7,51,6,64,70,0,70,134
08/03/2003,DEC,IL,AGL,CE,Federal Contract Tower,0,4,20,0,24,0,0,50,4,54,0,4,70,4,78,27,0,27,105
08/04/2003,DEC,IL,AGL,CE,Federal Contract Tower,2,9,27,0,38,0,0,42,8,50,2,9,69,8,88,96,10,106,194
08/05/2003,DEC,IL,AGL,CE,Federal Contract Tower,0,11,16,4,31,0,0,60,18,78,0,11,76,22,109,134,50,184,293
08/06/2003,DEC,IL,AGL,CE,Federal Contract Tower,0,9,23,0,32,0,0,23,14,37,0,9,46,14,69,36,14,50,119
08/07/2003,DEC,IL,AGL,CE,Federal Contract Tower,2,10,35,4,51,0,0,37,11,48,2,10,72,15,99,71,21,92,191
08/08/2003,DEC,IL,AGL,CE,Federal Contract Tower,0,8,24,1,33,0,0,50,19,69,0,8,74,20,102,93,26,119,221
08/09/2003,DEC,IL,AGL,CE,Federal Contract Tower,0,5,11,2,18,0,0,42,9,51,0,5,53,11,69,89,17,106,175
08/10/2003,DEC,IL,AGL,CE,Federal Contract Tower,0,4,19,0,23,0,0,43,12,55,0,4,62,12,78,76,30,106,184
08/11/2003,DEC,IL,AGL,CE,Federal Contract Tower,0,12,8,2,22,0,0,40,7,47,0,12,48,9,69,103,27,130,199
08/12/2003,DEC,IL,AGL,CE,Federal Contract Tower,0,15,15,7,37,0,0,30,6,36,0,15,45,13,73,59,1,60,133
08/13/2003,DEC,IL,AGL,CE,Federal Contract Tower,0,9,26,3,38,0,0,14,5,19,0,9,40,8,57,21,15,36,93
08/14/2003,DEC,IL,AGL,CE,Federal Contract Tower,0,8,21,1,30,0,1,20,6,27,0,9,41,7,57,76,0,76,133
08/15/2003,DEC,IL,AGL,CE,Federal Contract Tower,0,6,15,1,22,0,1,42,4,47,0,7,57,5,69,72,0,72,141
08/16/2003,DEC,IL,AGL,CE,Federal Contract Tower,0,6,4,2,12,0,0,70,0,70,0,6,74,2,82,84,0,84,166
08/17/2003,DEC,IL,AGL,CE,Federal Contract Tower,0,4,10,0,14,0,0,51,0,51,0,4,61,0,65,76,0,76,141
08/18/2003,DEC,IL,AGL,CE,Federal Contract Tower,0,6,26,0,32,0,0,36,6,42,0,6,62,6,74,90,22,112,186
08/19/2003,DEC,IL,AGL,CE,Federal Contract Tower,0,8,23,1,32,0,0,35,6,41,0,8,58,7,73,94,9,103,176
08/20/2003,DEC,IL,AGL,CE,Federal Contract Tower,0,6,21,1,28,0,0,24,7,31,0,6,45,8,59,61,13,74,133
08/21/2003,DEC,IL,AGL,CE,Federal Contract Tower,0,6,16,0,22,0,0,26,4,30,0,6,42,4,52,41,0,41,93
08/22/2003,DEC,IL,AGL,CE,Federal Contract Tower,0,6,26,1,33,0,0,26,7,33,0,6,52,8,66,55,0,55,121
08/23/2003,DEC,IL,AGL,CE,Federal Contract Tower,0,3,6,0,9,0,0,60,2,62,0,3,66,2,71,70,0,70,141
08/24/2003,DEC,IL,AGL,CE,Federal Contract Tower,0,5,14,0,19,0,0,68,1,69,0,5,82,1,88,59,0,59,147
08/25/2003,DEC,IL,AGL,CE,Federal Contract Tower,0,10,8,1,19,0,0,33,2,35,0,10,41,3,54,17,0,17,71
08/26/2003,DEC,IL,AGL,CE,Federal Contract Tower,0,10,21,1,32,0,0,42,9,51,0,10,63,10,83,86,0,86,169
08/27/2003,DEC,IL,AGL,CE,Federal Contract Tower,0,9,23,2,34,0,0,36,9,45,0,9,59,11,79,69,11,80,159
08/28/2003,DEC,IL,AGL,CE,Federal Contract Tower,0,9,28,1,38,0,0,29,2,31,0,9,57,3,69,48,0,48,117
08/29/2003,DEC,IL,AGL,CE,Federal Contract Tower,0,3,13,0,16,0,0,5,2,7,0,3,18,2,23,0,0,0,23
08/30/2003,DEC,IL,AGL,CE,Federal Contract Tower,0,6,12,0,18,0,0,37,0,37,0,6,49,0,55,88,0,88,143
08/31/2003,DEC,IL,AGL,CE,Federal Contract Tower,0,3,18,0,21,0,0,5,0,5,0,3,23,0,26,8,0,8,34
09/01/2003,DEC,IL,AGL,CE,Federal Contract Tower,0,2,10,0,12,0,1,0,0,1,0,3,10,0,13,0,0,0,13
09/02/2003,DEC,IL,AGL,CE,Federal Contract Tower,0,6,20,0,26,0,0,22,10,32,0,6,42,10,58,26,10,36,94
09/03/2003,DEC,IL,AGL,CE,Federal Contract Tower,0,7,47,0,54,0,1,37,6,44,0,8,84,6,98,119,20,139,237
09/04/2003,DEC,IL,AGL,CE,Federal Contract Tower,0,8,35,0,43,0,0,66,2,68,0,8,101,2,111,109,0,109,220
09/05/2003,DEC,IL,AGL,CE,Federal Contract Tower,0,6,28,2,36,0,0,61,18,79,0,6,89,20,115,124,24,148,263
09/06/2003,DEC,IL,AGL,CE,Federal Contract Tower,0,6,14,0,20,0,0,276,10,286,0,6,290,10,306,118,30,148,454
09/07/2003,DEC,IL,AGL,CE,Federal Contract Tower,0,5,13,2,20,0,0,77,21,98,0,5,90,23,118,120,0,120,238
09/08/2003,DEC,IL,AGL,CE,Federal Contract Tower,0,8,11,0,19,0,0,28,6,34,0,8,39,6,53,46,0,46,99
09/09/2003,DEC,IL,AGL,CE,Federal Contract Tower,0,8,15,2,25,0,0,46,19,65,0,8,61,21,90,67,9,76,166
09/10/2003,DEC,IL,AGL,CE,Federal Contract Tower,0,10,38,2,50,0,0,19,5,24,0,10,57,7,74,49,30,79,153
09/11/2003,DEC,IL,AGL,CE,Federal Contract Tower,0,9,9,9,27,0,0,32,13,45,0,9,41,22,72,71,12,83,155
09/12/2003,DEC,IL,AGL,CE,Federal Contract Tower,0,6,30,1,37,0,0,22,1,23,0,6,52,2,60,27,0,27,87
09/13/2003,DEC,IL,AGL,CE,Federal Contract Tower,0,8,6,0,14,0,0,11,0,11,0,8,17,0,25,58,0,58,83
09/14/2003,DEC,IL,AGL,CE,Federal Contract Tower,0,4,20,0,24,0,0,2,0,2,0,4,22,0,26,42,0,42,68
09/15/2003,DEC,IL,AGL,CE,Federal Contract Tower,0,8,27,2,37,0,0,35,2,37,0,8,62,4,74,94,26,120,194
09/16/2003,DEC,IL,AGL,CE,Federal Contract Tower,0,8,14,2,24,0,0,28,6,34,0,8,42,8,58,52,12,64,122
09/17/2003,DEC,IL,AGL,CE,Federal Contract Tower,0,8,22,2,32,0,0,34,9,43,0,8,56,11,75,72,28,100,175
09/18/2003,DEC,IL,AGL,CE,Federal Contract Tower,0,14,42,2,58,0,0,43,8,51,0,14,85,10,109,109,3,112,221
09/19/2003,DEC,IL,AGL,CE,Federal Contract Tower,0,6,29,3,38,0,0,62,7,69,0,6,91,10,107,112,0,112,219
09/20/2003,DEC,IL,AGL,CE,Federal Contract Tower,0,7,18,0,25,0,0,55,6,61,0,7,73,6,86,145,0,145,231
09/21/2003,DEC,IL,AGL,CE,Federal Contract Tower,0,6,11,1,18,0,0,52,4,56,0,6,63,5,74,73,0,73,147
09/22/2003,DEC,IL,AGL,CE,Federal Contract Tower,0,8,13,4,25,0,0,46,0,46,0,8,59,4,71,98,0,98,169
09/23/2003,DEC,IL,AGL,CE,Federal Contract Tower,0,8,29,7,44,0,0,37,4,41,0,8,66,11,85,71,0,71,156
09/24/2003,DEC,IL,AGL,CE,Federal Contract Tower,0,8,28,0,36,0,0,16,9,25,0,8,44,9,61,25,23,48,109
09/25/2003,DEC,IL,AGL,CE,Federal Contract Tower,0,8,25,11,44,0,0,44,2,46,0,8,69,13,90,38,12,50,140
09/26/2003,DEC,IL,AGL,CE,Federal Contract Tower,0,5,15,5,25,0,0,35,1,36,0,5,50,6,61,58,15,73,134
09/27/2003,DEC,IL,AGL,CE,Federal Contract Tower,0,4,4,0,8,0,0,60,10,70,0,4,64,10,78,58,14,72,150
09/28/2003,DEC,IL,AGL,CE,Federal Contract Tower,0,4,16,0,20,0,0,60,1,61,0,4,76,1,81,104,0,104,185
09/29/2003,DEC,IL,AGL,CE,Federal Contract Tower,0,7,22,2,31,0,0,54,0,54,0,7,76,2,85,116,0,116,201
09/30/2003,DEC,IL,AGL,CE,Federal Contract Tower,0,8,21,0,29,0,0,27,2,29,0,8,48,2,58,90,0,90,148
10/01/2003,DEC,IL,AGL,CE,Federal Contract Tower,0,9,36,4,49,0,0,10,4,14,0,9,46,8,63,44,0,44,107
10/02/2003,DEC,IL,AGL,CE,Federal Contract Tower,0,9,41,4,54,0,0,38,0,38,0,9,79,4,92,98,0,98,190
10/03/2003,DEC,IL,AGL,CE,Federal Contract Tower,0,6,19,2,27,0,2,33,6,41,0,8,52,8,68,81,8,89,157
10/04/2003,DEC,IL,AGL,CE,Federal Contract Tower,0,3,12,2,17,0,3,55,18,76,0,6,67,20,93,94,18,112,205
10/05/2003,DEC,IL,AGL,CE,Federal Contract Tower,0,4,12,2,18,0,1,45,9,55,0,5,57,11,73,80,6,86,159
10/06/2003,DEC,IL,AGL,CE,Federal Contract Tower,0,7,20,0,27,0,1,51,0,52,0,8,71,0,79,134,0,134,213
10/07/2003,DEC,IL,AGL,CE,Federal Contract Tower,0,8,32,3,43,0,0,58,10,68,0,8,90,13,111,97,28,125,236
10/08/2003,DEC,IL,AGL,CE,Federal Contract Tower,0,8,31,3,42,0,0,35,11,46,0,8,66,14,88,53,11,64,152
10/09/2003,DEC,IL,AGL,CE,Federal Contract Tower,0,5,15,2,22,0,6,14,0,20,0,11,29,2,42,49,0,49,91
10/10/2003,DEC,IL,AGL,CE,Federal Contract Tower,0,7,30,3,40,0,0,35,8,43,0,7,65,11,83,95,0,95,178
10/11/2003,DEC,IL,AGL,CE,Federal Contract Tower,0,5,16,0,21,0,2,78,0,80,0,7,94,0,101,122,0,122,223
10/12/2003,DEC,IL,AGL,CE,Federal Contract Tower,0,3,8,0,11,0,4,56,0,60,0,7,64,0,71,51,0,51,122
10/13/2003,DEC,IL,AGL,CE,Federal Contract Tower,0,5,19,1,25,0,0,70,0,70,0,5,89,1,95,114,0,114,209
10/14/2003,DEC,IL,AGL,CE,Federal Contract Tower,0,7,20,2,29,0,1,0,7,8,0,8,20,9,37,0,0,0,37
10/15/2003,DEC,IL,AGL,CE,Federal Contract Tower,0,9,35,4,48,0,0,53,13,66,0,9,88,17,114,100,20,120,234
10/16/2003,DEC,IL,AGL,CE,Federal Contract Tower,0,7,37,4,48,0,0,24,15,39,0,7,61,19,87,64,0,64,151
10/17/2003,DEC,IL,AGL,CE,Federal Contract Tower,0,6,21,1,28,0,0,47,3,50,0,6,68,4,78,76,0,76,154
10/18/2003,DEC,IL,AGL,CE,Federal Contract Tower,0,4,14,0,18,0,1,51,0,52,0,5,65,0,70,111,0,111,181
10/19/2003,DEC,IL,AGL,CE,Federal Contract Tower,0,4,16,0,20,0,1,69,0,70,0,5,85,0,90,114,0,114,204
10/20/2003,DEC,IL,AGL,CE,Federal Contract Tower,0,3,10,0,13,0,5,21,0,26,0,8,31,0,39,60,0,60,99
10/21/2003,DEC,IL,AGL,CE,Federal Contract Tower,0,9,28,2,39,0,0,34,18,52,0,9,62,20,91,100,50,150,241
10/22/2003,DEC,IL,AGL,CE,Federal Contract Tower,0,7,29,2,38,0,0,36,14,50,0,7,65,16,88,81,36,117,205
10/23/2003,DEC,IL,AGL,CE,Federal Contract Tower,0,7,32,2,41,0,0,31,16,47,0,7,63,18,88,109,10,119,207
10/24/2003,DEC,IL,AGL,CE,Federal Contract Tower,0,7,23,2,32,0,1,22,9,32,0,8,45,11,64,81,10,91,155
10/25/2003,DEC,IL,AGL,CE,Federal Contract Tower,0,4,16,0,20,0,0,6,0,6,0,4,22,0,26,0,0,0,26
10/26/2003,DEC,IL,AGL,CE,Federal Contract Tower,0,3,12,1,16,0,2,61,0,63,0,5,73,1,79,118,0,118,197
10/27/2003,DEC,IL,AGL,CE,Federal Contract Tower,0,5,34,3,42,0,0,42,1,43,0,5,76,4,85,105,0,105,190
10/28/2003,DEC,IL,AGL,CE,Federal Contract Tower,0,6,18,1,25,0,1,12,10,23,0,7,30,11,48,60,26,86,134
10/29/2003,DEC,IL,AGL,CE,Federal Contract Tower,0,8,32,2,42,0,0,51,11,62,0,8,83,13,104,70,34,104,208
10/30/2003,DEC,IL,AGL,CE,Federal Contract Tower,0,9,31,2,42,0,0,16,13,29,0,9,47,15,71,28,0,28,99
10/31/2003,DEC,IL,AGL,CE,Federal Contract Tower,0,3,12,1,16,0,1,29,3,33,0,4,41,4,49,18,0,18,67
11/01/2003,DEC,IL,AGL,CE,Federal Contract Tower,0,3,13,1,17,0,3,23,11,37,0,6,36,12,54,20,0,20,74
11/02/2003,DEC,IL,AGL,CE,Federal Contract Tower,0,3,14,1,18,0,3,54,13,70,0,6,68,14,88,114,30,144,232
11/03/2003,DEC,IL,AGL,CE,Federal Contract Tower,0,5,18,2,25,0,4,54,0,58,0,9,72,2,83,117,0,117,200
11/04/2003,DEC,IL,AGL,CE,Federal Contract Tower,0,5,18,2,25,0,3,30,6,39,0,8,48,8,64,111,59,170,234
11/05/2003,DEC,IL,AGL,CE,Federal Contract Tower,0,8,38,4,50,2,0,23,9,34,2,8,61,13,84,26,23,49,133
11/06/2003,DEC,IL,AGL,CE,Federal Contract Tower,0,11,42,4,57,0,0,44,5,49,0,11,86,9,106,98,0,98,204
11/07/2003,DEC,IL,AGL,CE,Federal Contract Tower,0,7,28,3,38,0,0,54,2,56,0,7,82,5,94,100,0,100,194
11/08/2003,DEC,IL,AGL,CE,Federal Contract Tower,0,4,8,1,13,0,2,57,3,62,0,6,65,4,75,49,0,49,124
11/09/2003,DEC,IL,AGL,CE,Federal Contract Tower,0,6,19,0,25,0,0,43,0,43,0,6,62,0,68,62,0,62,130
11/10/2003,DEC,IL,AGL,CE,Federal Contract Tower,0,7,20,2,29,0,0,33,5,38,0,7,53,7,67,55,40,95,162
11/11/2003,DEC,IL,AGL,CE,Federal Contract Tower,0,7,27,0,34,0,0,5,0,5,0,7,32,0,39,0,0,0,39
11/12/2003,DEC,IL,AGL,CE,Federal Contract Tower,0,10,23,2,35,0,1,15,6,22,0,11,38,8,57,56,16,72,129
11/13/2003,DEC,IL,AGL,CE,Federal Contract Tower,0,9,26,3,38,0,0,31,7,38,0,9,57,10,76,62,0,62,138
11/14/2003,DEC,IL,AGL,CE,Federal Contract Tower,0,7,18,2,27,0,0,32,0,32,0,7,50,2,59,56,0,56,115
11/15/2003,DEC,IL,AGL,CE,Federal Contract Tower,0,4,7,0,11,0,2,0,0,2,0,6,7,0,13,0,0,0,13
11/16/2003,DEC,IL,AGL,CE,Federal Contract Tower,0,6,17,0,23,0,0,42,0,42,0,6,59,0,65,70,0,70,135
11/17/2003,DEC,IL,AGL,CE,Federal Contract Tower,0,5,12,0,17,0,8,14,0,22,0,13,26,0,39,50,0,50,89
11/18/2003,DEC,IL,AGL,CE,Federal Contract Tower,0,7,19,0,26,0,0,1,0,1,0,7,20,0,27,14,0,14,41
11/19/2003,DEC,IL,AGL,CE,Federal Contract Tower,0,8,33,2,43,0,0,58,7,65,0,8,91,9,108,96,14,110,218
11/20/2003,DEC,IL,AGL,CE,Federal Contract Tower,0,9,24,1,34,0,1,58,2,61,0,10,82,3,95,131,0,131,226
11/21/2003,DEC,IL,AGL,CE,Federal Contract Tower,0,7,24,1,32,0,0,71,3,74,0,7,95,4,106,136,0,136,242
11/22/2003,DEC,IL,AGL,CE,Federal Contract Tower,0,6,17,1,24,0,0,31,1,32,0,6,48,2,56,130,0,130,186
11/23/2003,DEC,IL,AGL,CE,Federal Contract Tower,0,3,8,0,11,0,3,4,0,7,0,6,12,0,18,9,0,9,27
11/24/2003,DEC,IL,AGL,CE,Federal Contract Tower,0,7,18,1,26,0,4,7,5,16,0,11,25,6,42,25,0,25,67
11/25/2003,DEC,IL,AGL,CE,Federal Contract Tower,0,8,29,2,39,0,0,40,2,42,0,8,69,4,81,76,0,76,157
11/26/2003,DEC,IL,AGL,CE,Federal Contract Tower,0,7,20,1,28,0,1,46,4,51,0,8,66,5,79,59,16,75,154
11/27/2003,DEC,IL,AGL,CE,Federal Contract Tower,0,4,9,0,13,0,0,6,0,6,0,4,15,0,19,12,0,12,31
11/28/2003,DEC,IL,AGL,CE,Federal Contract Tower,0,5,11,0,16,0,1,10,0,11,0,6,21,0,27,28,0,28,55
11/29/2003,DEC,IL,AGL,CE,Federal Contract Tower,0,2,6,0,8,0,1,49,0,50,0,3,55,0,58,34,0,34,92
11/30/2003,DEC,IL,AGL,CE,Federal Contract Tower,0,4,13,0,17,0,0,57,0,57,0,4,70,0,74,56,0,56,130
12/01/2003,DEC,IL,AGL,CE,Federal Contract Tower,0,9,17,0,26,0,0,32,0,32,0,9,49,0,58,56,0,56,114
12/02/2003,DEC,IL,AGL,CE,Federal Contract Tower,0,9,20,2,31,0,0,48,14,62,0,9,68,16,93,85,79,164,257
12/03/2003,DEC,IL,AGL,CE,Federal Contract Tower,0,8,23,2,33,0,0,46,0,46,0,8,69,2,79,78,0,78,157
12/04/2003,DEC,IL,AGL,CE,Federal Contract Tower,0,9,21,2,32,0,0,4,0,4,0,9,25,2,36,0,0,0,36
12/05/2003,DEC,IL,AGL,CE,Federal Contract Tower,0,7,11,2,20,0,1,0,0,1,0,8,11,2,21,0,0,0,21
12/06/2003,DEC,IL,AGL,CE,Federal Contract Tower,0,6,15,2,23,0,0,72,5,77,0,6,87,7,100,100,0,100,200
12/07/2003,DEC,IL,AGL,CE,Federal Contract Tower,0,6,8,1,15,0,0,10,1,11,0,6,18,2,26,4,0,4,30
12/08/2003,DEC,IL,AGL,CE,Federal Contract Tower,0,10,25,3,38,0,0,31,4,35,0,10,56,7,73,44,0,44,117
12/09/2003,DEC,IL,AGL,CE,Federal Contract Tower,0,12,21,0,33,0,0,14,0,14,0,12,35,0,47,0,0,0,47
12/10/2003,DEC,IL,AGL,CE,Federal Contract Tower,0,7,13,0,20,0,2,13,0,15,0,9,26,0,35,9,0,9,44
12/11/2003,DEC,IL,AGL,CE,Federal Contract Tower,0,9,20,3,32,0,0,31,28,59,0,9,51,31,91,34,42,76,167
12/12/2003,DEC,IL,AGL,CE,Federal Contract Tower,0,6,16,2,24,0,0,46,3,49,0,6,62,5,73,94,0,94,167
12/13/2003,DEC,IL,AGL,CE,Federal Contract Tower,0,5,7,1,13,0,0,30,1,31,0,5,37,2,44,54,0,54,98
12/14/2003,DEC,IL,AGL,CE,Federal Contract Tower,0,6,11,0,17,0,0,11,0,11,0,6,22,0,28,10,0,10,38
12/15/2003,DEC,IL,AGL,CE,Federal Contract Tower,0,12,24,2,38,0,0,3,0,3,0,12,27,2,41,0,0,0,41
12/16/2003,DEC,IL,AGL,CE,Federal Contract Tower,0,11,18,2,31,0,3,15,17,35,0,14,33,19,66,24,40,64,130
12/17/2003,DEC,IL,AGL,CE,Federal Contract Tower,0,14,23,2,39,0,0,45,0,45,0,14,68,2,84,126,0,126,210
12/18/2003,DEC,IL,AGL,CE,Federal Contract Tower,0,13,18,2,33,0,5,0,0,5,0,18,18,2,38,0,0,0,38
12/19/2003,DEC,IL,AGL,CE,Federal Contract Tower,0,5,11,0,16,0,7,43,0,50,0,12,54,0,66,66,0,66,132
12/20/2003,DEC,IL,AGL,CE,Federal Contract Tower,0,7,14,1,22,0,1,53,1,55,0,8,67,2,77,89,0,89,166
12/21/2003,DEC,IL,AGL,CE,Federal Contract Tower,0,5,10,0,15,0,3,28,0,31,0,8,38,0,46,21,0,21,67
12/22/2003,DEC,IL,AGL,CE,Federal Contract Tower,0,12,26,2,40,0,0,1,0,1,0,12,27,2,41,0,0,0,41
12/23/2003,DEC,IL,AGL,CE,Federal Contract Tower,0,9,16,1,26,0,6,10,3,19,0,15,26,4,45,21,0,21,66
12/24/2003,DEC,IL,AGL,CE,Federal Contract Tower,0,3,6,0,9,0,2,12,0,14,0,5,18,0,23,22,0,22,45
12/25/2003,DEC,IL,AGL,CE,Federal Contract Tower,0,3,6,0,9,0,1,17,0,18,0,4,23,0,27,2,0,2,29
12/26/2003,DEC,IL,AGL,CE,Federal Contract Tower,0,6,11,0,17,0,1,43,0,44,0,7,54,0,61,30,0,30,91
12/27/2003,DEC,IL,AGL,CE,Federal Contract Tower,0,5,10,1,16,0,0,28,1,29,0,5,38,2,45,48,16,64,109
12/28/2003,DEC,IL,AGL,CE,Federal Contract Tower,0,5,9,0,14,0,1,9,0,10,0,6,18,0,24,22,0,22,46
12/29/2003,DEC,IL,AGL,CE,Federal Contract Tower,0,6,12,1,19,0,3,28,19,50,0,9,40,20,69,48,30,78,147
12/30/2003,DEC,IL,AGL,CE,Federal Contract Tower,0,8,14,1,23,0,1,61,10,72,0,9,75,11,95,112,26,138,233
12/31/2003,DEC,IL,AGL,CE,Federal Contract Tower,0,3,10,1,14,0,0,45,3,48,0,3,55,4,62,70,0,70,132
01/01/2004,DEC,IL,AGL,CE,Federal Contract Tower,0,4,12,0,16,0,0,44,0,44,0,4,56,0,60,77,0,77,137
01/02/2004,DEC,IL,AGL,CE,Federal Contract Tower,0,7,13,0,20,0,4,21,0,25,0,11,34,0,45,73,0,73,118
01/03/2004,DEC,IL,AGL,CE,Federal Contract Tower,0,7,20,2,29,0,0,23,11,34,0,7,43,13,63,60,0,60,123
01/04/2004,DEC,IL,AGL,CE,Federal Contract Tower,0,5,9,0,14,0,3,0,0,3,0,8,9,0,17,0,0,0,17
01/05/2004,DEC,IL,AGL,CE,Federal Contract Tower,0,8,13,2,23,0,1,19,7,27,0,9,32,9,50,51,0,51,101
01/06/2004,DEC,IL,AGL,CE,Federal Contract Tower,0,9,15,2,26,0,1,9,0,10,0,10,24,2,36,56,0,56,92
01/07/2004,DEC,IL,AGL,CE,Federal Contract Tower,0,8,22,3,33,0,0,45,4,49,0,8,67,7,82,40,5,45,127
01/08/2004,DEC,IL,AGL,CE,Federal Contract Tower,0,5,9,1,15,0,3,33,1,37,0,8,42,2,52,51,0,51,103
01/09/2004,DEC,IL,AGL,CE,Federal Contract Tower,0,8,20,2,30,0,0,37,3,40,0,8,57,5,70,64,0,64,134
01/10/2004,DEC,IL,AGL,CE,Federal Contract Tower,0,3,6,1,10,0,2,45,3,50,0,5,51,4,60,90,0,90,150
01/11/2004,DEC,IL,AGL,CE,Federal Contract Tower,0,6,12,2,20,0,0,37,4,41,0,6,49,6,61,62,0,62,123
01/12/2004,DEC,IL,AGL,CE,Federal Contract Tower,0,7,15,2,24,0,1,35,2,38,0,8,50,4,62,48,0,48,110
01/13/2004,DEC,IL,AGL,CE,Federal Contract Tower,0,7,18,2,27,0,0,45,4,49,0,7,63,6,76,74,0,74,150
01/14/2004,DEC,IL,AGL,CE,Federal Contract Tower,0,8,18,2,28,0,0,13,0,13,0,8,31,2,41,20,0,20,61
01/15/2004,DEC,IL,AGL,CE,Federal Contract Tower,0,8,23,3,34,0,0,57,6,63,0,8,80,9,97,100,24,124,221
01/16/2004,DEC,IL,AGL,CE,Federal Contract Tower,0,6,11,2,19,0,0,41,0,41,0,6,52,2,60,76,0,76,136
01/17/2004,DEC,IL,AGL,CE,Federal Contract Tower,0,2,6,0,8,0,3,6,0,9,0,5,12,0,17,8,0,8,25
01/18/2004,DEC,IL,AGL,CE,Federal Contract Tower,0,4,9,0,13,0,2,10,0,12,0,6,19,0,25,15,0,15,40
01/19/2004,DEC,IL,AGL,CE,Federal Contract Tower,0,7,18,0,25,0,0,57,0,57,0,7,75,0,82,120,0,120,202
01/20/2004,DEC,IL,AGL,CE,Federal Contract Tower,0,9,19,1,29,1,0,60,2,63,1,9,79,3,92,115,0,115,207
01/21/2004,DEC,IL,AGL,CE,Federal Contract Tower,0,10,22,2,34,0,0,32,2,34,0,10,54,4,68,77,0,77,145
01/22/2004,DEC,IL,AGL,CE,Federal Contract Tower,0,7,16,1,24,0,0,18,1,19,0,7,34,2,43,11,0,11,54
01/23/2004,DEC,IL,AGL,CE,Federal Contract Tower,0,7,15,1,23,0,3,32,1,36,0,10,47,2,59,54,0,54,113
01/24/2004,DEC,IL,AGL,CE,Federal Contract Tower,0,5,14,1,20,0,0,34,1,35,0,5,48,2,55,50,0,50,105
01/25/2004,DEC,IL,AGL,CE,Federal Contract Tower,0,3,7,0,10,0,0,8,0,8,0,3,15,0,18,9,0,9,27
01/26/2004,DEC,IL,AGL,CE,Federal Contract Tower,0,8,17,0,25,0,0,4,0,4,0,8,21,0,29,0,0,0,29
01/27/2004,DEC,IL,AGL,CE,Federal Contract Tower,0,5,11,1,17,0,3,18,4,25,0,8,29,5,42,22,0,22,64
01/28/2004,DEC,IL,AGL,CE,Federal Contract Tower,0,9,21,1,31,0,0,26,12,38,0,9,47,13,69,56,0,56,125
01/29/2004,DEC,IL,AGL,CE,Federal Contract Tower,0,7,15,1,23,0,1,11,13,25,0,8,26,14,48,22,0,22,70
01/30/2004,DEC,IL,AGL,CE,Federal Contract Tower,0,7,15,1,23,0,1,6,1,8,0,8,21,2,31,36,0,36,67
01/31/2004,DEC,IL,AGL,CE,Federal Contract Tower,0,9,18,0,27,0,0,36,0,36,0,9,54,0,63,93,0,93,156
02/01/2004,DEC,IL,AGL,CE,Federal Contract Tower,0,4,12,1,17,0,3,32,1,36,0,7,44,2,53,63,0,63,116
02/02/2004,DEC,IL,AGL,CE,Federal Contract Tower,0,5,4,0,9,0,8,0,0,8,0,13,4,0,17,0,0,0,17
02/03/2004,DEC,IL,AGL,CE,Federal Contract Tower,0,10,21,2,33,0,3,32,0,35,0,13,53,2,68,67,0,67,135
02/04/2004,DEC,IL,AGL,CE,Federal Contract Tower,0,10,29,2,41,0,0,42,0,42,0,10,71,2,83,109,0,109,192
02/05/2004,DEC,IL,AGL,CE,Federal Contract Tower,0,6,14,1,21,0,0,0,0,0,0,6,14,1,21,0,0,0,21
02/06/2004,DEC,IL,AGL,CE,Federal Contract Tower,0,7,15,1,23,0,5,9,0,14,0,12,24,1,37,8,0,8,45
02/07/2004,DEC,IL,AGL,CE,Federal Contract Tower,0,3,5,0,8,0,3,7,0,10,0,6,12,0,18,12,0,12,30
02/08/2004,DEC,IL,AGL,CE,Federal Contract Tower,0,5,10,0,15,0,3,7,0,10,0,8,17,0,25,8,0,8,33
02/09/2004,DEC,IL,AGL,CE,Federal Contract Tower,0,7,15,1,23,0,4,27,1,32,0,11,42,2,55,45,0,45,100
02/10/2004,DEC,IL,AGL,CE,Federal Contract Tower,0,6,22,2,30,0,0,47,0,47,0,6,69,2,77,80,0,80,157
02/11/2004,DEC,IL,AGL,CE,Federal Contract Tower,0,11,27,0,38,0,0,68,0,68,0,11,95,0,106,96,0,96,202
02/12/2004,DEC,IL,AGL,CE,Federal Contract Tower,0,8,19,2,29,0,0,11,1,12,0,8,30,3,41,36,0,36,77
02/13/2004,DEC,IL,AGL,CE,Federal Contract Tower,0,6,16,1,23,0,0,49,3,52,0,6,65,4,75,94,0,94,169
02/14/2004,DEC,IL,AGL,CE,Federal Contract Tower,0,5,15,0,20,0,0,66,0,66,0,5,81,0,86,82,0,82,168
02/15/2004,DEC,IL,AGL,CE,Federal Contract Tower,0,5,9,0,14,0,3,24,0,27,0,8,33,0,41,84,0,84,125
02/16/2004,DEC,IL,AGL,CE,Federal Contract Tower,0,7,18,0,25,0,0,42,0,42,0,7,60,0,67,67,0,67,134
02/17/2004,DEC,IL,AGL,CE,Federal Contract Tower,0,7,15,1,23,0,0,37,4,41,0,7,52,5,64,57,10,67,131
02/18/2004,DEC,IL,AGL,CE,Federal Contract Tower,0,10,21,1,32,0,3,32,3,38,0,13,53,4,70,64,21,85,155
02/19/2004,DEC,IL,AGL,CE,Federal Contract Tower,0,11,28,0,39,0,0,34,0,34,0,11,62,0,73,73,0,73,146
02/20/2004,DEC,IL,AGL,CE,Federal Contract Tower,0,6,10,0,16,0,2,0,1,3,0,8,10,1,19,18,0,18,37
02/21/2004,DEC,IL,AGL,CE,Federal Contract Tower,0,4,9,0,13,0,1,24,2,27,0,5,33,2,40,41,0,41,81
02/22/2004,DEC,IL,AGL,CE,Federal Contract Tower,0,6,16,0,22,0,0,55,0,55,0,6,71,0,77,74,0,74,151
02/23/2004,DEC,IL,AGL,CE,Federal Contract Tower,0,8,17,0,25,0,0,18,0,18,0,8,35,0,43,54,0,54,97
02/24/2004,DEC,IL,AGL,CE,Federal Contract Tower,0,8,17,0,25,0,0,9,0,9,0,8,26,0,34,22,0,22,56
02/25/2004,DEC,IL,AGL,CE,Federal Contract Tower,0,8,28,1,37,0,0,47,2,49,0,8,75,3,86,96,0,96,182
02/26/2004,DEC,IL,AGL,CE,Federal Contract Tower,0,11,26,1,38,0,0,48,3,51,0,11,74,4,89,114,0,114,203
02/27/2004,DEC,IL,AGL,CE,Federal Contract Tower,0,8,22,1,31,0,0,73,7,80,0,8,95,8,111,108,0,108,219
02/28/2004,DEC,IL,AGL,CE,Federal Contract Tower,0,5,14,0,19,0,0,69,2,71,0,5,83,2,90,102,0,102,192
02/29/2004,DEC,IL,AGL,CE,Federal Contract Tower,0,5,16,0,21,0,0,56,3,59,0,5,72,3,80,90,0,90,170
03/01/2004,DEC,IL,AGL,CE,Federal Contract Tower,0,5,17,0,22,0,4,8,0,12,0,9,25,0,34,13,0,13,47
03/02/2004,DEC,IL,AGL,CE,Federal Contract Tower,0,10,29,0,39,0,0,29,3,32,0,10,58,3,71,43,0,43,114
03/03/2004,DEC,IL,AGL,CE,Federal Contract Tower,0,6,16,0,22,0,5,25,0,30,0,11,41,0,52,65,0,65,117
03/04/2004,DEC,IL,AGL,CE,Federal Contract Tower,0,9,25,0,34,0,0,2,0,2,0,9,27,0,36,0,0,0,36
03/05/2004,DEC,IL,AGL,CE,Federal Contract Tower,0,7,16,1,24,0,2,16,11,29,0,9,32,12,53,11,0,11,64
03/06/2004,DEC,IL,AGL,CE,Federal Contract Tower,0,5,12,1,18,0,0,37,0,37,0,5,49,1,55,86,0,86,141
03/07/2004,DEC,IL,AGL,CE,Federal Contract Tower,0,6,13,0,19,0,0,7,0,7,0,6,20,0,26,0,0,0,26
03/08/2004,DEC,IL,AGL,CE,Federal Contract Tower,0,7,17,0,24,0,0,28,0,28,0,7,45,0,52,53,0,53,105
03/09/2004,DEC,IL,AGL,CE,Federal Contract Tower,0,8,21,0,29,0,0,24,0,24,0,8,45,0,53,58,0,58,111
03/10/2004,DEC,IL,AGL,CE,Federal Contract Tower,0,9,37,1,47,0,0,57,3,60,0,9,94,4,107,124,16,140,247
03/11/2004,DEC,IL,AGL,CE,Federal Contract Tower,0,7,16,1,24,0,1,24,1,26,0,8,40,2,50,84,0,84,134
03/12/2004,DEC,IL,AGL,CE,Federal Contract Tower,0,7,16,0,23,0,2,43,0,45,0,9,59,0,68,76,0,76,144
03/13/2004,DEC,IL,AGL,CE,Federal Contract Tower,0,4,13,0,17,0,0,50,0,50,0,4,63,0,67,80,0,80,147
03/14/2004,DEC,IL,AGL,CE,Federal Contract Tower,0,5,12,1,18,0,1,16,1,18,0,6,28,2,36,74,0,74,110
03/15/2004,DEC,IL,AGL,CE,Federal Contract Tower,0,8,18,0,26,0,1,10,0,11,0,9,28,0,37,36,0,36,73
03/16/2004,DEC,IL,AGL,CE,Federal Contract Tower,0,6,16,0,22,0,3,10,0,13,0,9,26,0,35,9,0,9,44
03/17/2004,DEC,IL,AGL,CE,Federal Contract Tower,0,8,19,0,27,0,0,19,0,19,0,8,38,0,46,26,0,26,72
03/18/2004,DEC,IL,AGL,CE,Federal Contract Tower,0,8,20,0,28,0,0,37,0,37,0,8,57,0,65,54,0,54,119
03/19/2004,DEC,IL,AGL,CE,Federal Contract Tower,0,7,18,0,25,0,1,37,8,46,0,8,55,8,71,68,0,68,139
03/20/2004,DEC,IL,AGL,CE,Federal Contract Tower,0,5,12,0,17,0,1,24,0,25,0,6,36,0,42,44,0,44,86
03/21/2004,DEC,IL,AGL,CE,Federal Contract Tower,0,6,19,0,25,0,0,27,0,27,0,6,46,0,52,65,0,65,117
03/22/2004,DEC,IL,AGL,CE,Federal Contract Tower,0,5,14,0,19,1,2,32,0,35,1,7,46,0,54,108,0,108,162
03/23/2004,DEC,IL,AGL,CE,Federal Contract Tower,0,7,21,0,28,1,0,39,2,42,1,7,60,2,70,95,0,95,165
03/24/2004,DEC,IL,AGL,CE,Federal Contract Tower,0,8,26,0,34,0,0,18,7,25,0,8,44,7,59,50,0,50,109
03/25/2004,DEC,IL,AGL,CE,Federal Contract Tower,0,8,25,0,33,0,0,9,2,11,0,8,34,2,44,0,0,0,44
03/26/2004,DEC,IL,AGL,CE,Federal Contract Tower,0,5,14,0,19,0,2,0,0,2,0,7,14,0,21,0,0,0,21
03/27/2004,DEC,IL,AGL,CE,Federal Contract Tower,0,6,16,0,22,0,2,24,2,28,0,8,40,2,50,84,0,84,134
03/28/2004,DEC,IL,AGL,CE,Federal Contract Tower,0,5,12,0,17,0,1,18,0,19,0,6,30,0,36,42,0,42,78
03/29/2004,DEC,IL,AGL,CE,Federal Contract Tower,0,7,19,0,26,0,1,51,5,57,0,8,70,5,83,126,2,128,211
03/30/2004,DEC,IL,AGL,CE,Federal Contract Tower,0,8,25,0,33,0,0,11,2,13,0,8,36,2,46,54,0,54,100
03/31/2004,DEC,IL,AGL,CE,Federal Contract Tower,0,9,22,0,31,0,1,29,6,36,0,10,51,6,67,45,0,45,112
04/01/2004,DEC,IL,AGL,CE,Federal Contract Tower,1,9,40,1,51,0,0,56,5,61,1,9,96,6,112,66,0,66,178
04/02/2004,DEC,IL,AGL,CE,Federal Contract Tower,0,2,10,0,12,0,4,44,2,50,0,6,54,2,62,55,0,55,117
04/03/2004,DEC,IL,AGL,CE,Federal Contract Tower,0,5,15,0,20,0,0,42,0,42,0,5,57,0,62,66,0,66,128
04/04/2004,DEC,IL,AGL,CE,Federal Contract Tower,0,4,10,0,14,0,2,113,0,115,0,6,123,0,129,84,0,84,213
04/05/2004,DEC,IL,AGL,CE,Federal Contract Tower,0,8,22,1,31,0,0,43,2,45,0,8,65,3,76,76,0,76,152
04/06/2004,DEC,IL,AGL,CE,Federal Contract Tower,0,8,24,1,33,0,0,41,4,45,0,8,65,5,78,100,30,130,208
04/07/2004,DEC,IL,AGL,CE,Federal Contract Tower,0,11,31,0,42,0,0,52,0,52,0,11,83,0,94,114,0,114,208
04/08/2004,DEC,IL,AGL,CE,Federal Contract Tower,0,10,28,0,38,0,0,33,0,33,0,10,61,0,71,106,0,106,177
04/09/2004,DEC,IL,AGL,CE,Federal Contract Tower,0,6,16,1,23,0,2,84,1,87,0,8,100,2,110,92,14,106,216
04/10/2004,DEC,IL,AGL,CE,Federal Contract Tower,0,2,11,0,13,0,0,49,0,49,0,2,60,0,62,84,0,84,146
04/11/2004,DEC,IL,AGL,CE,Federal Contract Tower,0,2,7,0,9,0,4,40,0,44,0,6,47,0,53,68,0,68,121
04/12/2004,DEC,IL,AGL,CE,Federal Contract Tower,0,6,15,0,21,0,2,19,0,21,0,8,34,0,42,58,0,58,100
04/13/2004,DEC,IL,AGL,CE,Federal Contract Tower,0,5,13,1,19,0,4,2,0,6,0,9,15,1,25,32,0,32,57
04/14/2004,DEC,IL,AGL,CE,Federal Contract Tower,0,6,16,1,23,0,4,44,3,51,0,10,60,4,74,64,12,76,150
04/15/2004,DEC,IL,AGL,CE,Federal Contract Tower,0,7,16,1,24,1,2,38,3,44,1,9,54,4,68,59,13,72,140
04/16/2004,DEC,IL,AGL,CE,Federal Contract Tower,0,6,22,1,29,0,0,50,3,53,0,6,72,4,82,60,0,60,142
04/17/2004,DEC,IL,AGL,CE,Federal Contract Tower,0,3,9,0,12,0,2,59,0,61,0,5,68,0,73,56,0,56,129
04/18/2004,DEC,IL,AGL,CE,Federal Contract Tower,0,5,11,0,16,0,0,23,0,23,0,5,34,0,39,47,0,47,86
04/19/2004,DEC,IL,AGL,CE,Federal Contract Tower,0,6,17,0,23,0,3,23,2,28,0,9,40,2,51,54,0,54,105
04/20/2004,DEC,IL,AGL,CE,Federal Contract Tower,0,6,16,0,22,0,2,7,0,9,0,8,23,0,31,8,0,8,39
04/21/2004,DEC,IL,AGL,CE,Federal Contract Tower,0,8,21,0,29,0,0,34,9,43,0,8,55,9,72,63,0,63,135
04/22/2004,DEC,IL,AGL,CE,Federal Contract Tower,0,8,22,0,30,0,1,5,2,8,0,9,27,2,38,32,0,32,70
04/23/2004,DEC,IL,AGL,CE,Federal Contract Tower,0,9,27,1,37,0,0,44,4,48,0,9,71,5,85,112,2,114,199
04/24/2004,DEC,IL,AGL,CE,Federal Contract Tower,0,2,7,0,9,0,2,23,0,25,0,4,30,0,34,39,0,39,73
04/25/2004,DEC,IL,AGL,CE,Federal Contract Tower,0,4,10,0,14,0,1,27,0,28,0,5,37,0,42,50,0,50,92
04/26/2004,DEC,IL,AGL,CE,Federal Contract Tower,0,9,27,1,37,0,2,24,5,31,0,11,51,6,68,90,0,90,158
04/27/2004,DEC,IL,AGL,CE,Federal Contract Tower,0,7,20,0,27,0,1,22,4,27,0,8,42,4,54,72,0,72,126
04/28/2004,DEC,IL,AGL,CE,Federal Contract Tower,0,5,13,0,18,0,3,29,3,35,0,8,42,3,53,58,0,58,111
04/29/2004,DEC,IL,AGL,CE,Federal Contract Tower,0,8,20,0,28,0,0,24,4,28,0,8,44,4,56,88,0,88,144
04/30/2004,DEC,IL,AGL,CE,Federal Contract Tower,0,8,21,0,29,0,3,46,2,51,0,11,67,2,80,45,0,45,125
05/01/2004,DEC,IL,AGL,CE,Federal Contract Tower,0,4,14,0,18,0,0,11,0,11,0,4,25,0,29,8,0,8,37
05/02/2004,DEC,IL,AGL,CE,Federal Contract Tower,0,5,15,0,20,0,0,54,0,54,0,5,69,0,74,51,0,51,125
05/03/2004,DEC,IL,AGL,CE,Federal Contract Tower,0,7,20,2,29,0,3,34,0,37,0,10,54,2,66,73,0,73,139
05/04/2004,DEC,IL,AGL,CE,Federal Contract Tower,0,12,33,4,49,0,0,11,21,32,0,12,44,25,81,61,16,77,158
05/05/2004,DEC,IL,AGL,CE,Federal Contract Tower,0,6,18,2,26,0,2,51,8,61,0,8,69,10,87,78,23,101,188
05/06/2004,DEC,IL,AGL,CE,Federal Contract Tower,0,8,26,3,37,0,0,47,0,47,0,8,73,3,84,84,0,84,168
05/07/2004,DEC,IL,AGL,CE,Federal Contract Tower,0,6,16,2,24,0,0,22,2,24,0,6,38,4,48,68,0,68,116
05/08/2004,DEC,IL,AGL,CE,Federal Contract Tower,0,4,11,0,15,0,0,46,0,46,0,4,57,0,61,62,0,62,123
05/09/2004,DEC,IL,AGL,CE,Federal Contract Tower,0,3,7,0,10,0,2,40,0,42,0,5,47,0,52,44,0,44,96
05/10/2004,DEC,IL,AGL,CE,Federal Contract Tower,0,7,17,3,27,0,1,47,0,48,0,8,64,3,75,94,0,94,169
05/11/2004,DEC,IL,AGL,CE,Federal Contract Tower,0,7,16,2,25,0,1,42,0,43,0,8,58,2,68,88,0,88,156
05/12/2004,DEC,IL,AGL,CE,Federal Contract Tower,0,9,22,3,34,0,0,33,1,34,0,9,55,4,68,68,0,68,136
05/13/2004,DEC,IL,AGL,CE,Federal Contract Tower,0,8,24,2,34,0,0,32,0,32,0,8,56,2,66,70,0,70,136
05/14/2004,DEC,IL,AGL,CE,Federal Contract Tower,0,6,14,2,22,0,0,0,0,0,0,6,14,2,22,0,0,0,22
05/15/2004,DEC,IL,AGL,CE,Federal Contract Tower,0,6,18,0,24,0,0,96,0,96,0,6,114,0,120,76,0,76,196
05/16/2004,DEC,IL,AGL,CE,Federal Contract Tower,0,7,17,0,24,0,1,78,0,79,0,8,95,0,103,78,0,78,181
05/17/2004,DEC,IL,AGL,CE,Federal Contract Tower,0,9,23,3,35,0,0,36,1,37,0,9,59,4,72,58,0,58,130
05/18/2004,DEC,IL,AGL,CE,Federal Contract Tower,0,6,14,2,22,1,4,18,2,25,1,10,32,4,47,44,20,64,111
05/19/2004,DEC,IL,AGL,CE,Federal Contract Tower,0,10,26,2,38,0,1,16,0,17,0,11,42,2,55,62,0,62,117
05/20/2004,DEC,IL,AGL,CE,Federal Contract Tower,0,8,21,2,31,0,0,42,4,46,0,8,63,6,77,62,0,62,139
05/21/2004,DEC,IL,AGL,CE,Federal Contract Tower,0,5,14,1,20,0,2,13,1,16,0,7,27,2,36,22,0,22,58
05/22/2004,DEC,IL,AGL,CE,Federal Contract Tower,0,4,8,0,12,0,2,11,0,13,0,6,19,0,25,11,0,11,36
05/23/2004,DEC,IL,AGL,CE,Federal Contract Tower,0,4,8,0,12,0,1,13,2,16,0,5,21,2,28,15,0,15,43
05/24/2004,DEC,IL,AGL,CE,Federal Contract Tower,0,7,20,2,29,0,5,40,3,48,0,12,60,5,77,90,0,90,167
05/25/2004,DEC,IL,AGL,CE,Federal Contract Tower,0,8,21,2,31,0,3,20,1,24,0,11,41,3,55,40,0,40,95
05/26/2004,DEC,IL,AGL,CE,Federal Contract Tower,0,6,14,1,21,0,3,50,2,55,0,9,64,3,76,100,0,100,176
05/27/2004,DEC,IL,AGL,CE,Federal Contract Tower,0,10,28,3,41,0,0,41,7,48,0,10,69,10,89,90,0,90,179
05/28/2004,DEC,IL,AGL,CE,Federal Contract Tower,0,8,22,0,30,0,0,40,0,40,0,8,62,0,70,86,0,86,156
05/29/2004,DEC,IL,AGL,CE,Federal Contract Tower,0,3,8,0,11,0,1,43,0,44,0,4,51,0,55,46,0,46,101
05/30/2004,DEC,IL,AGL,CE,Federal Contract Tower,0,2,1,0,3,0,4,0,0,4,0,6,1,0,7,0,0,0,7
05/31/2004,DEC,IL,AGL,CE,Federal Contract Tower,0,4,9,0,13,0,2,22,0,24,0,6,31,0,37,16,0,16,53
06/01/2004,DEC,IL,AGL,CE,Federal Contract Tower,0,8,19,1,28,0,0,50,3,53,0,8,69,4,81,85,0,85,166
06/02/2004,DEC,IL,AGL,CE,Federal Contract Tower,0,8,19,2,29,0,5,42,2,49,0,13,61,4,78,60,0,60,138
06/03/2004,DEC,IL,AGL,CE,Federal Contract Tower,0,10,22,0,32,0,0,44,0,44,0,10,66,0,76,86,0,86,162
06/04/2004,DEC,IL,AGL,CE,Federal Contract Tower,0,5,11,1,17,0,1,46,0,47,0,6,57,1,64,66,0,66,130
06/05/2004,DEC,IL,AGL,CE,Federal Contract Tower,0,3,10,1,14,0,0,64,6,70,0,3,74,7,84,100,0,100,184
06/06/2004,DEC,IL,AGL,CE,Federal Contract Tower,0,3,5,0,8,0,2,33,0,35,0,5,38,0,43,44,0,44,87
06/07/2004,DEC,IL,AGL,CE,Federal Contract Tower,0,7,16,2,25,0,1,41,2,44,0,8,57,4,69,58,0,58,127
06/08/2004,DEC,IL,AGL,CE,Federal Contract Tower,0,3,5,1,9,0,5,24,1,30,0,8,29,2,39,30,0,30,69
06/09/2004,DEC,IL,AGL,CE,Federal Contract Tower,0,10,22,2,34,0,0,37,0,37,0,10,59,2,71,74,0,74,145
06/10/2004,DEC,IL,AGL,CE,Federal Contract Tower,0,7,16,2,25,0,3,39,0,42,0,10,55,2,67,66,0,66,133
06/11/2004,DEC,IL,AGL,CE,Federal Contract Tower,0,6,11,1,18,0,1,35,1,37,0,7,46,2,55,65,0,65,120
06/12/2004,DEC,IL,AGL,CE,Federal Contract Tower,0,3,7,1,11,0,0,104,11,115,0,3,111,12,126,130,0,130,256
06/13/2004,DEC,IL,AGL,CE,Federal Contract Tower,0,4,8,0,12,0,1,43,0,44,0,5,51,0,56,85,0,85,141
06/14/2004,DEC,IL,AGL,CE,Federal Contract Tower,0,6,11,1,18,0,4,44,1,49,0,10,55,2,67,88,0,88,155
06/15/2004,DEC,IL,AGL,CE,Federal Contract Tower,0,7,15,1,23,0,3,30,3,36,0,10,45,4,59,30,0,30,89
06/16/2004,DEC,IL,AGL,CE,Federal Contract Tower,0,6,14,0,20,0,4,23,3,30,0,10,37,3,50,9,0,9,59
06/17/2004,DEC,IL,AGL,CE,Federal Contract Tower,0,10,23,1,34,0,1,34,2,37,0,11,57,3,71,86,2,88,159
06/18/2004,DEC,IL,AGL,CE,Federal Contract Tower,0,8,20,1,29,0,4,38,8,50,0,12,58,9,79,96,8,104,183
06/19/2004,DEC,IL,AGL,CE,Federal Contract Tower,0,3,6,0,9,0,1,74,1,76,0,4,80,1,85,56,0,56,141
06/20/2004,DEC,IL,AGL,CE,Federal Contract Tower,0,5,13,0,18,0,0,54,2,56,0,5,67,2,74,46,2,48,122
06/21/2004,DEC,IL,AGL,CE,Federal Contract Tower,0,8,20,1,29,0,1,31,1,33,0,9,51,2,62,100,0,100,162
06/22/2004,DEC,IL,AGL,CE,Federal Contract Tower,0,6,14,0,20,0,1,44,6,51,0,7,58,6,71,90,8,98,169
06/23/2004,DEC,IL,AGL,CE,Federal Contract Tower,0,7,17,1,25,0,2,60,3,65,0,9,77,4,90,90,0,90,180
06/24/2004,DEC,IL,AGL,CE,Federal Contract Tower,0,9,20,1,30,0,0,48,2,50,0,9,68,3,80,80,0,80,160
06/25/2004,DEC,IL,AGL,CE,Federal Contract Tower,0,4,8,0,12,0,2,44,0,46,0,6,52,0,58,83,0,83,141
06/26/2004,DEC,IL,AGL,CE,Federal Contract Tower,0,5,15,0,20,0,0,61,0,61,0,5,76,0,81,44,0,44,125
06/27/2004,DEC,IL,AGL,CE,Federal Contract Tower,0,4,10,0,14,0,2,49,0,51,0,6,59,0,65,58,0,58,123
06/28/2004,DEC,IL,AGL,CE,Federal Contract Tower,0,5,12,0,17,0,3,31,1,35,0,8,43,1,52,56,0,56,108
06/29/2004,DEC,IL,AGL,CE,Federal Contract Tower,0,7,16,0,23,0,1,41,2,44,0,8,57,2,67,119,0,119,186
06/30/2004,DEC,IL,AGL,CE,Federal Contract Tower,0,10,42,2,54,0,0,55,0,55,0,10,97,2,109,62,0,62,171
07/01/2004,DEC,IL,AGL,CE,Federal Contract Tower,0,6,16,0,22,0,2,54,4,60,0,8,70,4,82,81,0,81,163
07/02/2004,DEC,IL,AGL,CE,Federal Contract Tower,0,5,9,0,14,0,1,30,2,33,0,6,39,2,47,42,2,44,91
07/03/2004,DEC,IL,AGL,CE,Federal Contract Tower,0,3,7,0,10,0,1,16,0,17,0,4,23,0,27,32,0,32,59
07/04/2004,DEC,IL,AGL,CE,Federal Contract Tower,0,2,7,0,9,0,1,21,0,22,0,3,28,0,31,34,0,34,65
07/05/2004,DEC,IL,AGL,CE,Federal Contract Tower,0,2,6,0,8,0,2,29,0,31,0,4,35,0,39,38,0,38,77
07/06/2004,DEC,IL,AGL,CE,Federal Contract Tower,0,7,16,0,23,0,0,25,0,25,0,7,41,0,48,61,0,61,109
07/07/2004,DEC,IL,AGL,CE,Federal Contract Tower,0,7,18,1,26,0,2,44,3,49,0,9,62,4,75,54,0,54,129
07/08/2004,DEC,IL,AGL,CE,Federal Contract Tower,0,8,21,1,30,0,1,29,1,31,0,9,50,2,61,21,0,21,82
07/09/2004,DEC,IL,AGL,CE,Federal Contract Tower,0,8,49,2,59,0,0,82,3,85,0,8,131,5,144,113,20,133,277
07/10/2004,DEC,IL,AGL,CE,Federal Contract Tower,0,3,16,0,19,0,0,70,0,70,0,3,86,0,89,92,0,92,181
07/11/2004,DEC,IL,AGL,CE,Federal Contract Tower,0,3,8,1,12,0,2,32,3,37,0,5,40,4,49,62,0,62,111
07/12/2004,DEC,IL,AGL,CE,Federal Contract Tower,0,6,16,1,23,0,7,39,2,48,0,13,55,3,71,84,0,84,155
07/13/2004,DEC,IL,AGL,CE,Federal Contract Tower,0,6,16,1,23,0,7,48,1,56,0,13,64,2,79,137,2,139,218
07/14/2004,DEC,IL,AGL,CE,Federal Contract Tower,0,5,13,1,19,1,3,52,2,58,1,8,65,3,77,73,0,73,150
07/15/2004,DEC,IL,AGL,CE,Federal Contract Tower,0,8,24,1,33,0,0,65,0,65,0,8,89,1,98,61,0,61,159
07/16/2004,DEC,IL,AGL,CE,Federal Contract Tower,0,7,19,0,26,0,0,61,0,61,0,7,80,0,87,68,0,68,155
07/17/2004,DEC,IL,AGL,CE,Federal Contract Tower,0,3,8,0,11,0,2,39,0,41,0,5,47,0,52,59,0,59,111
07/18/2004,DEC,IL,AGL,CE,Federal Contract Tower,0,5,12,0,17,0,3,50,1,54,0,8,62,1,71,43,0,43,114
07/19/2004,DEC,IL,AGL,CE,Federal Contract Tower,0,10,24,0,34,0,2,67,0,69,0,12,91,0,103,114,0,114,217
07/20/2004,DEC,IL,AGL,CE,Federal Contract Tower,0,6,17,0,23,0,5,34,0,39,0,11,51,0,62,76,0,76,138
07/21/2004,DEC,IL,AGL,CE,Federal Contract Tower,0,8,19,0,27,0,0,25,1,26,0,8,44,1,53,21,0,21,74
07/22/2004,DEC,IL,AGL,CE,Federal Contract Tower,0,2,8,0,10,0,6,26,4,36,0,8,34,4,46,49,0,49,95
07/23/2004,DEC,IL,AGL,CE,Federal Contract Tower,0,6,19,0,25,0,0,42,2,44,0,6,61,2,69,44,1,45,114
07/24/2004,DEC,IL,AGL,CE,Federal Contract Tower,0,4,20,0,24,0,0,53,0,53,0,4,73,0,77,66,0,66,143
07/25/2004,DEC,IL,AGL,CE,Federal Contract Tower,0,5,15,0,20,0,0,43,0,43,0,5,58,0,63,60,0,60,123
07/26/2004,DEC,IL,AGL,CE,Federal Contract Tower,0,6,17,0,23,0,6,42,2,50,0,12,59,2,73,114,0,114,187
07/27/2004,DEC,IL,AGL,CE,Federal Contract Tower,0,9,23,0,32,0,0,87,1,88,0,9,110,1,120,136,0,136,256
07/28/2004,DEC,IL,AGL,CE,Federal Contract Tower,0,6,15,0,21,0,2,53,5,60,0,8,68,5,81,95,0,95,176
07/29/2004,DEC,IL,AGL,CE,Federal Contract Tower,0,8,20,0,28,0,0,62,0,62,0,8,82,0,90,66,0,66,156
07/30/2004,DEC,IL,AGL,CE,Federal Contract Tower,0,5,13,0,18,0,1,1,0,2,0,6,14,0,20,0,0,0,20
07/31/2004,DEC,IL,AGL,CE,Federal Contract Tower,0,5,16,0,21,0,0,42,2,44,0,5,58,2,65,36,0,36,101
08/01/2004,DEC,IL,AGL,CE,Federal Contract Tower,0,6,10,0,16,0,1,49,0,50,0,7,59,0,66,30,0,30,96
08/02/2004,DEC,IL,AGL,CE,Federal Contract Tower,0,7,10,0,17,0,2,73,3,78,0,9,83,3,95,46,0,46,141
08/03/2004,DEC,IL,AGL,CE,Federal Contract Tower,0,8,13,0,21,0,0,41,6,47,0,8,54,6,68,125,0,125,193
08/04/2004,DEC,IL,AGL,CE,Federal Contract Tower,0,11,18,0,29,0,4,10,7,21,0,15,28,7,50,8,0,8,58
08/05/2004,DEC,IL,AGL,CE,Federal Contract Tower,0,7,20,0,27,0,0,58,5,63,0,7,78,5,90,65,0,65,155
08/06/2004,DEC,IL,AGL,CE,Federal Contract Tower,0,5,13,0,18,0,0,67,0,67,0,5,80,0,85,52,0,52,137
08/07/2004,DEC,IL,AGL,CE,Federal Contract Tower,0,3,10,0,13,0,0,56,0,56,0,3,66,0,69,90,0,90,159
08/08/2004,DEC,IL,AGL,CE,Federal Contract Tower,0,5,9,0,14,0,0,64,0,64,0,5,73,0,78,78,0,78,156
08/09/2004,DEC,IL,AGL,CE,Federal Contract Tower,0,7,12,1,20,0,3,42,4,49,0,10,54,5,69,70,0,70,139
08/10/2004,DEC,IL,AGL,CE,Federal Contract Tower,0,5,11,1,17,0,10,31,5,46,0,15,42,6,63,79,0,79,142
08/11/2004,DEC,IL,AGL,CE,Federal Contract Tower,0,6,13,1,20,0,5,56,3,64,0,11,69,4,84,84,0,84,168
08/12/2004,DEC,IL,AGL,CE,Federal Contract Tower,0,8,18,0,26,0,1,56,6,63,0,9,74,6,89,57,16,73,162
08/13/2004,DEC,IL,AGL,CE,Federal Contract Tower,0,6,15,0,21,0,0,53,4,57,0,6,68,4,78,51,0,51,129
08/14/2004,DEC,IL,AGL,CE,Federal Contract Tower,0,4,10,0,14,0,0,56,0,56,0,4,66,0,70,34,0,34,104
08/15/2004,DEC,IL,AGL,CE,Federal Contract Tower,0,5,13,0,18,0,0,58,0,58,0,5,71,0,76,18,0,18,94
08/16/2004,DEC,IL,AGL,CE,Federal Contract Tower,0,7,17,0,24,0,2,69,0,71,0,9,86,0,95,46,0,46,141
08/17/2004,DEC,IL,AGL,CE,Federal Contract Tower,0,9,21,0,30,0,0,137,0,137,0,9,158,0,167,57,0,57,224
08/18/2004,DEC,IL,AGL,CE,Federal Contract Tower,0,8,18,0,26,0,1,15,1,17,0,9,33,1,43,0,0,0,43
08/19/2004,DEC,IL,AGL,CE,Federal Contract Tower,0,9,19,0,28,0,1,17,5,23,0,10,36,5,51,14,0,14,65
08/20/2004,DEC,IL,AGL,CE,Federal Contract Tower,0,5,12,0,17,0,0,14,0,14,0,5,26,0,31,0,0,0,31
08/21/2004,DEC,IL,AGL,CE,Federal Contract Tower,0,5,15,0,20,0,0,50,0,50,0,5,65,0,70,49,0,49,119
08/22/2004,DEC,IL,AGL,CE,Federal Contract Tower,0,4,11,0,15,0,1,71,2,74,0,5,82,2,89,40,0,40,129
08/23/2004,DEC,IL,AGL,CE,Federal Contract Tower,0,4,10,0,14,0,4,49,4,57,0,8,59,4,71,70,0,70,141
08/24/2004,DEC,IL,AGL,CE,Federal Contract Tower,0,6,13,0,19,0,2,41,4,47,0,8,54,4,66,44,0,44,110
08/25/2004,DEC,IL,AGL,CE,Federal Contract Tower,0,2,5,0,7,0,4,0,0,4,0,6,5,0,11,10,0,10,21
08/26/2004,DEC,IL,AGL,CE,Federal Contract Tower,0,11,23,0,34,0,5,50,6,61,0,16,73,6,95,79,0,79,174
08/27/2004,DEC,IL,AGL,CE,Federal Contract Tower,0,5,12,0,17,0,2,26,0,28,0,7,38,0,45,54,0,54,99
08/28/2004,DEC,IL,AGL,CE,Federal Contract Tower,0,2,6,0,8,0,2,21,0,23,0,4,27,0,31,23,0,23,54
08/29/2004,DEC,IL,AGL,CE,Federal Contract Tower,0,5,13,0,18,0,0,24,2,26,0,5,37,2,44,36,0,36,80
08/30/2004,DEC,IL,AGL,CE,Federal Contract Tower,0,5,12,0,17,0,5,48,2,55,0,10,60,2,72,58,0,58,130
08/31/2004,DEC,IL,AGL,CE,Federal Contract Tower,0,7,15,0,22,0,4,58,22,84,0,11,73,22,106,89,21,110,216
09/01/2004,DEC,IL,AGL,CE,Federal Contract Tower,0,10,26,0,36,0,0,45,0,45,0,10,71,0,81,83,0,83,164
09/02/2004,DEC,IL,AGL,CE,Federal Contract Tower,0,9,19,0,28,0,0,45,0,45,0,9,64,0,73,22,0,22,95
09/03/2004,DEC,IL,AGL,CE,Federal Contract Tower,0,6,13,0,19,0,1,32,2,35,0,7,45,2,54,24,0,24,78
09/04/2004,DEC,IL,AGL,CE,Federal Contract Tower,0,4,7,0,11,0,3,11,0,14,0,7,18,0,25,0,0,0,25
09/05/2004,DEC,IL,AGL,CE,Federal Contract Tower,0,3,9,0,12,0,0,26,0,26,0,3,35,0,38,30,0,30,68
09/06/2004,DEC,IL,AGL,CE,Federal Contract Tower,0,3,4,0,7,0,2,27,0,29,0,5,31,0,36,9,0,9,45
09/07/2004,DEC,IL,AGL,CE,Federal Contract Tower,0,5,11,0,16,0,5,68,4,77,0,10,79,4,93,97,0,97,190
09/08/2004,DEC,IL,AGL,CE,Federal Contract Tower,0,7,15,0,22,0,1,63,7,71,0,8,78,7,93,78,0,78,171
09/09/2004,DEC,IL,AGL,CE,Federal Contract Tower,0,8,18,0,26,0,3,66,2,71,0,11,84,2,97,129,0,129,226
09/10/2004,DEC,IL,AGL,CE,Federal Contract Tower,0,6,15,0,21,0,2,90,0,92,0,8,105,0,113,119,0,119,232
09/11/2004,DEC,IL,AGL,CE,Federal Contract Tower,0,4,9,1,14,0,0,155,5,160,0,4,164,6,174,151,0,151,325
09/12/2004,DEC,IL,AGL,CE,Federal Contract Tower,0,8,21,0,29,0,0,61,0,61,0,8,82,0,90,14,0,14,104
09/13/2004,DEC,IL,AGL,CE,Federal Contract Tower,0,8,23,1,32,0,0,59,7,66,0,8,82,8,98,85,0,85,183
09/14/2004,DEC,IL,AGL,CE,Federal Contract Tower,0,5,14,1,20,0,6,48,3,57,0,11,62,4,77,36,0,36,113
09/15/2004,DEC,IL,AGL,CE,Federal Contract Tower,0,7,17,0,24,0,1,40,13,54,0,8,57,13,78,52,2,54,132
09/16/2004,DEC,IL,AGL,CE,Federal Contract Tower,0,5,15,0,20,1,3,52,6,62,1,8,67,6,82,54,0,54,136
09/17/2004,DEC,IL,AGL,CE,Federal Contract Tower,0,5,12,0,17,0,1,43,1,45,0,6,55,1,62,66,0,66,128
09/18/2004,DEC,IL,AGL,CE,Federal Contract Tower,0,4,15,0,19,0,0,54,0,54,0,4,69,0,73,84,0,84,157
09/19/2004,DEC,IL,AGL,CE,Federal Contract Tower,0,4,11,0,15,0,1,53,0,54,0,5,64,0,69,36,0,36,105
09/20/2004,DEC,IL,AGL,CE,Federal Contract Tower,0,6,16,0,22,0,2,46,3,51,0,8,62,3,73,60,0,60,133
09/21/2004,DEC,IL,AGL,CE,Federal Contract Tower,0,4,10,0,14,0,4,52,6,62,0,8,62,6,76,88,0,88,164
09/22/2004,DEC,IL,AGL,CE,Federal Contract Tower,0,9,28,0,37,0,0,61,2,63,0,9,89,2,100,72,0,72,172
09/23/2004,DEC,IL,AGL,CE,Federal Contract Tower,0,8,29,0,37,0,0,56,2,58,0,8,85,2,95,66,0,66,161
09/24/2004,DEC,IL,AGL,CE,Federal Contract Tower,0,6,15,0,21,0,1,45,7,53,0,7,60,7,74,32,20,52,126
09/25/2004,DEC,IL,AGL,CE,Federal Contract Tower,0,1,5,0,6,0,2,55,0,57,0,3,60,0,63,64,0,64,127
09/26/2004,DEC,IL,AGL,CE,Federal Contract Tower,0,2,7,0,9,0,3,49,0,52,0,5,56,0,61,26,0,26,87
09/27/2004,DEC,IL,AGL,CE,Federal Contract Tower,0,5,15,0,20,0,5,48,4,57,0,10,63,4,77,47,0,47,124
09/28/2004,DEC,IL,AGL,CE,Federal Contract Tower,0,9,29,0,38,0,0,45,7,52,0,9,74,7,90,65,7,72,162
09/29/2004,DEC,IL,AGL,CE,Federal Contract Tower,0,9,24,0,33,0,3,48,2,53,0,12,72,2,86,36,0,36,122
09/30/2004,DEC,IL,AGL,CE,Federal Contract Tower,0,7,18,0,25,0,4,59,1,64,0,11,77,1,89,73,0,73,162
10/01/2004,DEC,IL,AGL,CE,Federal Contract Tower,0,9,11,0,20,0,0,42,0,42,0,9,53,0,62,43,0,43,105
10/02/2004,DEC,IL,AGL,CE,Federal Contract Tower,0,4,11,0,15,0,0,31,0,31,0,4,42,0,46,20,0,20,66
10/03/2004,DEC,IL,AGL,CE,Federal Contract Tower,0,5,13,0,18,0,0,71,0,71,0,5,84,0,89,14,0,14,103
10/04/2004,DEC,IL,AGL,CE,Federal Contract Tower,0,6,30,0,36,0,0,38,0,38,0,6,68,0,74,33,0,33,107
10/05/2004,DEC,IL,AGL,CE,Federal Contract Tower,0,7,14,0,21,0,2,44,5,51,0,9,58,5,72,86,0,86,158
10/06/2004,DEC,IL,AGL,CE,Federal Contract Tower,0,6,17,0,23,0,2,36,12,50,0,8,53,12,73,23,0,23,96
10/07/2004,DEC,IL,AGL,CE,Federal Contract Tower,0,6,24,2,32,0,2,65,8,75,0,8,89,10,107,90,6,96,203
10/08/2004,DEC,IL,AGL,CE,Federal Contract Tower,0,9,24,0,33,0,0,58,0,58,0,9,82,0,91,29,0,29,120
10/09/2004,DEC,IL,AGL,CE,Federal Contract Tower,0,3,7,0,10,0,0,64,0,64,0,3,71,0,74,52,0,52,126
10/10/2004,DEC,IL,AGL,CE,Federal Contract Tower,0,5,16,0,21,0,0,44,0,44,0,5,60,0,65,44,0,44,109
10/11/2004,DEC,IL,AGL,CE,Federal Contract Tower,0,6,16,0,22,0,0,29,1,30,0,6,45,1,52,50,0,50,102
10/12/2004,DEC,IL,AGL,CE,Federal Contract Tower,0,5,15,10,30,0,0,0,0,0,0,5,15,10,30,8,0,8,38
10/13/2004,DEC,IL,AGL,CE,Federal Contract Tower,0,7,17,0,24,0,2,7,0,9,0,9,24,0,33,0,0,0,33
10/14/2004,DEC,IL,AGL,CE,Federal Contract Tower,0,9,14,0,23,0,1,7,0,8,0,10,21,0,31,0,0,0,31
10/15/2004,DEC,IL,AGL,CE,Federal Contract Tower,0,6,20,0,26,0,1,32,0,33,0,7,52,0,59,44,0,44,103
10/16/2004,DEC,IL,AGL,CE,Federal Contract Tower,0,5,9,0,14,0,0,85,0,85,0,5,94,0,99,54,0,54,153
10/17/2004,DEC,IL,AGL,CE,Federal Contract Tower,0,5,11,0,16,0,0,71,0,71,0,5,82,0,87,44,0,44,131
10/18/2004,DEC,IL,AGL,CE,Federal Contract Tower,0,6,12,0,18,0,0,0,0,0,0,6,12,0,18,0,0,0,18
10/19/2004,DEC,IL,AGL,CE,Federal Contract Tower,1,7,33,2,43,0,0,0,0,0,1,7,33,2,43,0,0,0,43
10/20/2004,DEC,IL,AGL,CE,Federal Contract Tower,0,8,13,7,28,0,1,15,5,21,0,9,28,12,49,0,0,0,49
10/21/2004,DEC,IL,AGL,CE,Federal Contract Tower,0,7,23,8,38,0,0,10,2,12,0,7,33,10,50,24,0,24,74
10/22/2004,DEC,IL,AGL,CE,Federal Contract Tower,0,7,17,2,26,0,0,18,0,18,0,7,35,2,44,40,0,40,84
10/23/2004,DEC,IL,AGL,CE,Federal Contract Tower,0,11,2,0,13,0,0,40,0,40,0,11,42,0,53,71,0,71,124
10/24/2004,DEC,IL,AGL,CE,Federal Contract Tower,0,5,13,0,18,0,0,79,0,79,0,5,92,0,97,52,0,52,149
10/25/2004,DEC,IL,AGL,CE,Federal Contract Tower,0,8,24,0,32,0,0,42,4,46,0,8,66,4,78,107,0,107,185
10/26/2004,DEC,IL,AGL,CE,Federal Contract Tower,0,5,41,0,46,0,0,14,0,14,0,5,55,0,60,40,0,40,100
10/27/2004,DEC,IL,AGL,CE,Federal Contract Tower,2,14,33,9,58,0,0,15,2,17,2,14,48,11,75,0,0,0,75
10/28/2004,DEC,IL,AGL,CE,Federal Contract Tower,0,9,12,2,23,0,0,5,1,6,0,9,17,3,29,0,0,0,29
10/29/2004,DEC,IL,AGL,CE,Federal Contract Tower,0,7,18,0,25,0,0,39,0,39,0,7,57,0,64,77,0,77,141
10/30/2004,DEC,IL,AGL,CE,Federal Contract Tower,0,5,6,0,11,0,0,18,2,20,0,5,24,2,31,0,0,0,31
10/31/2004,DEC,IL,AGL,CE,Federal Contract Tower,0,5,9,0,14,0,0,58,0,58,0,5,67,0,72,43,0,43,115
11/01/2004,DEC,IL,AGL,CE,Federal Contract Tower,0,7,6,0,13,0,0,5,0,5,0,7,11,0,18,0,0,0,18
11/02/2004,DEC,IL,AGL,CE,Federal Contract Tower,0,7,23,0,30,0,0,1,1,2,0,7,24,1,32,16,0,16,48
11/03/2004,DEC,IL,AGL,CE,Federal Contract Tower,0,8,25,1,34,0,0,13,5,18,0,8,38,6,52,7,6,13,65
11/04/2004,DEC,IL,AGL,CE,Federal Contract Tower,0,7,26,2,35,0,0,9,0,9,0,7,35,2,44,16,0,16,60
11/05/2004,DEC,IL,AGL,CE,Federal Contract Tower,0,7,6,0,13,0,0,41,4,45,0,7,47,4,58,53,24,77,135
11/06/2004,DEC,IL,AGL,CE,Federal Contract Tower,0,4,16,0,20,0,0,49,0,49,0,4,65,0,69,64,0,64,133
11/07/2004,DEC,IL,AGL,CE,Federal Contract Tower,0,5,14,0,19,0,0,54,0,54,0,5,68,0,73,53,0,53,126
11/08/2004,DEC,IL,AGL,CE,Federal Contract Tower,0,6,22,2,30,0,0,53,0,53,0,6,75,2,83,106,0,106,189
11/09/2004,DEC,IL,AGL,CE,Federal Contract Tower,0,6,34,2,42,0,0,65,5,70,0,6,99,7,112,78,17,95,207
11/10/2004,DEC,IL,AGL,CE,Federal Contract Tower,0,10,21,0,31,0,0,28,0,28,0,10,49,0,59,52,0,52,111
11/11/2004,DEC,IL,AGL,CE,Federal Contract Tower,0,6,12,0,18,0,0,12,0,12,0,6,24,0,30,0,0,0,30
11/12/2004,DEC,IL,AGL,CE,Federal Contract Tower,1,6,9,1,17,0,0,39,3,42,1,6,48,4,59,48,0,48,107
11/13/2004,DEC,IL,AGL,CE,Federal Contract Tower,0,5,19,0,24,0,0,53,0,53,0,5,72,0,77,23,0,23,100
11/14/2004,DEC,IL,AGL,CE,Federal Contract Tower,0,6,9,0,15,0,1,73,0,74,0,7,82,0,89,61,0,61,150
11/15/2004,DEC,IL,AGL,CE,Federal Contract Tower,0,7,21,3,31,0,0,55,6,61,0,7,76,9,92,83,11,94,186
11/16/2004,DEC,IL,AGL,CE,Federal Contract Tower,0,6,22,2,30,0,0,31,4,35,0,6,53,6,65,70,0,70,135
11/17/2004,DEC,IL,AGL,CE,Federal Contract Tower,0,8,30,1,39,0,0,22,12,34,0,8,52,13,73,38,12,50,123
11/18/2004,DEC,IL,AGL,CE,Federal Contract Tower,0,7,23,2,32,0,0,22,2,24,0,7,45,4,56,70,0,70,126
11/19/2004,DEC,IL,AGL,CE,Federal Contract Tower,0,6,15,2,23,0,0,2,0,2,0,6,17,2,25,0,0,0,25
11/20/2004,DEC,IL,AGL,CE,Federal Contract Tower,0,5,14,0,19,0,0,8,0,8,0,5,22,0,27,0,0,0,27
11/21/2004,DEC,IL,AGL,CE,Federal Contract Tower,0,5,1,4,10,0,0,54,0,54,0,5,55,4,64,70,6,76,140
11/22/2004,DEC,IL,AGL,CE,Federal Contract Tower,0,5,20,2,27,0,2,43,4,49,0,7,63,6,76,83,0,83,159
11/23/2004,DEC,IL,AGL,CE,Federal Contract Tower,0,11,10,2,23,0,0,0,0,0,0,11,10,2,23,0,0,0,23
11/24/2004,DEC,IL,AGL,CE,Federal Contract Tower,0,8,8,0,16,0,0,0,0,0,0,8,8,0,16,0,0,0,16
11/25/2004,DEC,IL,AGL,CE,Federal Contract Tower,0,3,6,0,9,0,0,35,0,35,0,3,41,0,44,46,0,46,90
11/26/2004,DEC,IL,AGL,CE,Federal Contract Tower,0,5,6,0,11,0,0,64,0,64,0,5,70,0,75,30,0,30,105
11/27/2004,DEC,IL,AGL,CE,Federal Contract Tower,0,8,2,0,10,0,0,16,0,16,0,8,18,0,26,0,0,0,26
11/28/2004,DEC,IL,AGL,CE,Federal Contract Tower,0,5,13,0,18,0,0,45,0,45,0,5,58,0,63,72,0,72,135
11/29/2004,DEC,IL,AGL,CE,Federal Contract Tower,0,7,30,0,37,0,0,9,0,9,0,7,39,0,46,5,0,5,51
11/30/2004,DEC,IL,AGL,CE,Federal Contract Tower,0,11,5,8,24,0,0,14,0,14,0,11,19,8,38,0,0,0,38
12/01/2004,DEC,IL,AGL,CE,Federal Contract Tower,0,10,19,2,31,0,0,35,3,38,0,10,54,5,69,40,0,40,109
12/02/2004,DEC,IL,AGL,CE,Federal Contract Tower,0,7,17,2,26,0,0,43,2,45,0,7,60,4,71,69,0,69,140
12/03/2004,DEC,IL,AGL,CE,Federal Contract Tower,0,12,13,2,27,0,0,46,4,50,0,12,59,6,77,42,0,42,119
12/04/2004,DEC,IL,AGL,CE,Federal Contract Tower,0,4,7,0,11,0,0,41,2,43,0,4,48,2,54,42,0,42,96
12/05/2004,DEC,IL,AGL,CE,Federal Contract Tower,0,5,41,2,48,0,0,57,0,57,0,5,98,2,105,45,0,45,150
12/06/2004,DEC,IL,AGL,CE,Federal Contract Tower,0,8,15,2,25,0,0,8,0,8,0,8,23,2,33,0,0,0,33
12/07/2004,DEC,IL,AGL,CE,Federal Contract Tower,0,8,8,5,21,0,0,5,1,6,0,8,13,6,27,0,0,0,27
12/08/2004,DEC,IL,AGL,CE,Federal Contract Tower,0,9,32,2,43,0,0,11,5,16,0,9,43,7,59,24,0,24,83
12/09/2004,DEC,IL,AGL,CE,Federal Contract Tower,0,8,15,1,24,0,0,29,1,30,0,8,44,2,54,53,0,53,107
12/10/2004,DEC,IL,AGL,CE,Federal Contract Tower,0,8,10,0,18,0,0,11,0,11,0,8,21,0,29,2,0,2,31
12/11/2004,DEC,IL,AGL,CE,Federal Contract Tower,0,5,7,0,12,0,0,41,0,41,0,5,48,0,53,39,0,39,92
12/12/2004,DEC,IL,AGL,CE,Federal Contract Tower,0,5,2,0,7,0,0,26,0,26,0,5,28,0,33,36,0,36,69
12/13/2004,DEC,IL,AGL,CE,Federal Contract Tower,0,7,14,0,21,0,0,19,0,19,0,7,33,0,40,14,0,14,54
12/14/2004,DEC,IL,AGL,CE,Federal Contract Tower,0,9,24,0,33,0,0,43,0,43,0,9,67,0,76,50,0,50,126
12/15/2004,DEC,IL,AGL,CE,Federal Contract Tower,0,11,31,2,44,0,0,42,5,47,0,11,73,7,91,34,10,44,135
12/16/2004,DEC,IL,AGL,CE,Federal Contract Tower,0,8,28,3,39,0,0,22,6,28,0,8,50,9,67,36,0,36,103
12/17/2004,DEC,IL,AGL,CE,Federal Contract Tower,0,8,15,4,27,0,0,57,11,68,0,8,72,15,95,25,7,32,127
12/18/2004,DEC,IL,AGL,CE,Federal Contract Tower,0,8,9,0,17,0,0,49,0,49,0,8,58,0,66,54,0,54,120
12/19/2004,DEC,IL,AGL,CE,Federal Contract Tower,0,6,4,0,10,0,0,40,0,40,0,6,44,0,50,41,0,41,91
12/20/2004,DEC,IL,AGL,CE,Federal Contract Tower,0,9,14,2,25,0,0,31,2,33,0,9,45,4,58,8,0,8,66
12/21/2004,DEC,IL,AGL,CE,Federal Contract Tower,0,11,19,2,32,0,0,28,1,29,0,11,47,3,61,24,0,24,85
12/22/2004,DEC,IL,AGL,CE,Federal Contract Tower,0,13,9,2,24,0,1,16,0,17,0,14,25,2,41,40,0,40,81
12/23/2004,DEC,IL,AGL,CE,Federal Contract Tower,0,12,3,2,17,0,0,8,4,12,0,12,11,6,29,0,8,8,37
12/24/2004,DEC,IL,AGL,CE,Federal Contract Tower,2,8,2,0,12,0,1,31,0,32,2,9,33,0,44,11,0,11,55
12/25/2004,DEC,IL,AGL,CE,Federal Contract Tower,0,0,2,0,2,0,0,6,0,6,0,0,8,0,8,10,0,10,18
12/26/2004,DEC,IL,AGL,CE,Federal Contract Tower,0,5,3,0,8,0,0,27,0,27,0,5,30,0,35,20,0,20,55
12/27/2004,DEC,IL,AGL,CE,Federal Contract Tower,0,7,11,0,18,0,0,37,0,37,0,7,48,0,55,30,0,30,85
12/28/2004,DEC,IL,AGL,CE,Federal Contract Tower,0,7,4,0,11,0,0,27,0,27,0,7,31,0,38,18,0,18,56
12/29/2004,DEC,IL,AGL,CE,Federal Contract Tower,0,7,14,0,21,0,0,26,0,26,0,7,40,0,47,50,0,50,97
12/30/2004,DEC,IL,AGL,CE,Federal Contract Tower,0,9,5,0,14,0,0,0,0,0,0,9,5,0,14,0,0,0,14
12/31/2004,DEC,IL,AGL,CE,Federal Contract Tower,0,2,14,0,16,0,0,49,0,49,0,2,63,0,65,34,0,34,99
01/01/2005,DEC,IL,AGL,CE,Federal Contract Tower,0,1,3,0,4,0,0,8,0,8,0,1,11,0,12,0,0,0,12
01/02/2005,DEC,IL,AGL,CE,Federal Contract Tower,0,9,8,0,17,0,0,12,1,13,0,9,20,1,30,3,0,3,33
01/03/2005,DEC,IL,AGL,CE,Federal Contract Tower,0,7,6,0,13,0,0,0,0,0,0,7,6,0,13,0,0,0,13
01/04/2005,DEC,IL,AGL,CE,Federal Contract Tower,0,7,18,0,25,0,0,0,0,0,0,7,18,0,25,0,0,0,25
01/05/2005,DEC,IL,AGL,CE,Federal Contract Tower,0,7,0,0,7,0,0,10,0,10,0,7,10,0,17,0,0,0,17
01/06/2005,DEC,IL,AGL,CE,Federal Contract Tower,0,8,8,0,16,0,0,7,3,10,0,8,15,3,26,0,0,0,26
01/07/2005,DEC,IL,AGL,CE,Federal Contract Tower,0,7,8,3,18,0,0,31,1,32,0,7,39,4,50,0,0,0,50
01/08/2005,DEC,IL,AGL,CE,Federal Contract Tower,0,5,3,0,8,0,0,22,0,22,0,5,25,0,30,45,0,45,75
01/09/2005,DEC,IL,AGL,CE,Federal Contract Tower,0,5,6,0,11,0,0,32,0,32,0,5,38,0,43,57,0,57,100
01/10/2005,DEC,IL,AGL,CE,Federal Contract Tower,0,6,10,0,16,0,0,0,0,0,0,6,10,0,16,0,0,0,16
01/11/2005,DEC,IL,AGL,CE,Federal Contract Tower,0,5,14,0,19,0,0,0,0,0,0,5,14,0,19,0,0,0,19
01/12/2005,DEC,IL,AGL,CE,Federal Contract Tower,0,8,35,4,47,0,0,0,0,0,0,8,35,4,47,26,2,28,75
01/13/2005,DEC,IL,AGL,CE,Federal Contract Tower,0,6,12,0,18,0,0,4,0,4,0,6,16,0,22,0,0,0,22
01/14/2005,DEC,IL,AGL,CE,Federal Contract Tower,0,9,12,4,25,0,1,35,6,42,0,10,47,10,67,8,13,21,88
01/15/2005,DEC,IL,AGL,CE,Federal Contract Tower,0,5,11,13,29,0,0,42,2,44,0,5,53,15,73,58,4,62,135
01/16/2005,DEC,IL,AGL,CE,Federal Contract Tower,0,5,6,0,11,0,0,39,0,39,0,5,45,0,50,71,0,71,121
01/17/2005,DEC,IL,AGL,CE,Federal Contract Tower,0,7,17,0,24,0,0,33,0,33,0,7,50,0,57,78,0,78,135
01/18/2005,DEC,IL,AGL,CE,Federal Contract Tower,0,7,8,0,15,0,0,36,5,41,0,7,44,5,56,60,0,60,116
01/19/2005,DEC,IL,AGL,CE,Federal Contract Tower,0,7,15,2,24,0,0,21,4,25,0,7,36,6,49,40,0,40,89
01/20/2005,DEC,IL,AGL,CE,Federal Contract Tower,0,7,12,2,21,0,0,24,2,26,0,7,36,4,47,33,0,33,80
01/21/2005,DEC,IL,AGL,CE,Federal Contract Tower,0,12,6,4,22,0,0,27,11,38,0,12,33,15,60,36,2,38,98
01/22/2005,DEC,IL,AGL,CE,Federal Contract Tower,0,5,2,0,7,0,0,10,1,11,0,5,12,1,18,0,0,0,18
01/23/2005,DEC,IL,AGL,CE,Federal Contract Tower,0,5,18,2,25,0,0,48,0,48,0,5,66,2,73,88,0,88,161
01/24/2005,DEC,IL,AGL,CE,Federal Contract Tower,0,7,21,2,30,0,0,41,0,41,0,7,62,2,71,84,0,84,155
01/25/2005,DEC,IL,AGL,CE,Federal Contract Tower,0,7,25,2,34,0,0,55,2,57,0,7,80,4,91,80,0,80,171
01/26/2005,DEC,IL,AGL,CE,Federal Contract Tower,0,7,16,2,25,0,0,13,1,14,0,7,29,3,39,22,0,22,61
01/27/2005,DEC,IL,AGL,CE,Federal Contract Tower,0,7,24,0,31,0,0,27,5,32,0,7,51,5,63,56,0,56,119
01/28/2005,DEC,IL,AGL,CE,Federal Contract Tower,0,8,14,0,22,0,0,27,6,33,0,8,41,6,55,40,30,70,125
01/29/2005,DEC,IL,AGL,CE,Federal Contract Tower,0,5,3,0,8,0,1,5,0,6,0,6,8,0,14,0,0,0,14
01/30/2005,DEC,IL,AGL,CE,Federal Contract Tower,0,5,4,0,9,0,0,66,0,66,0,5,70,0,75,88,0,88,163
01/31/2005,DEC,IL,AGL,CE,Federal Contract Tower,0,7,15,2,24,0,0,31,0,31,0,7,46,2,55,46,0,46,101
02/01/2005,DEC,IL,AGL,CE,Federal Contract Tower,0,7,15,10,32,0,0,45,5,50,0,7,60,15,82,68,10,78,160
02/02/2005,DEC,IL,AGL,CE,Federal Contract Tower,0,7,23,2,32,0,0,11,2,13,0,7,34,4,45,24,0,24,69
02/03/2005,DEC,IL,AGL,CE,Federal Contract Tower,0,7,23,2,32,0,0,34,4,38,0,7,57,6,70,61,0,61,131
02/04/2005,DEC,IL,AGL,CE,Federal Contract Tower,0,7,30,2,39,0,0,42,1,43,0,7,72,3,82,19,7,26,108
02/05/2005,DEC,IL,AGL,CE,Federal Contract Tower,0,5,10,0,15,0,1,110,0,111,0,6,120,0,126,141,0,141,267
02/06/2005,DEC,IL,AGL,CE,Federal Contract Tower,0,5,9,0,14,0,0,42,0,42,0,5,51,0,56,62,0,62,118
02/07/2005,DEC,IL,AGL,CE,Federal Contract Tower,0,9,8,0,17,0,0,2,0,2,0,9,10,0,19,0,0,0,19
02/08/2005,DEC,IL,AGL,CE,Federal Contract Tower,0,7,11,0,18,0,0,0,0,0,0,7,11,0,18,0,0,0,18
02/09/2005,DEC,IL,AGL,CE,Federal Contract Tower,0,7,10,2,19,0,0,8,0,8,0,7,18,2,27,40,0,40,67
02/10/2005,DEC,IL,AGL,CE,Federal Contract Tower,0,6,17,1,24,0,0,14,5,19,0,6,31,6,43,4,0,4,47
02/11/2005,DEC,IL,AGL,CE,Federal Contract Tower,0,7,15,1,23,0,0,51,4,55,0,7,66,5,78,64,0,64,142
02/12/2005,DEC,IL,AGL,CE,Federal Contract Tower,0,5,21,2,28,0,0,51,0,51,0,5,72,2,79,82,0,82,161
02/13/2005,DEC,IL,AGL,CE,Federal Contract Tower,0,5,2,0,7,0,0,3,0,3,0,5,5,0,10,0,0,0,10
02/14/2005,DEC,IL,AGL,CE,Federal Contract Tower,0,7,19,0,26,0,0,35,2,37,0,7,54,2,63,90,0,90,153
02/15/2005,DEC,IL,AGL,CE,Federal Contract Tower,0,7,27,0,34,0,0,37,0,37,0,7,64,0,71,92,0,92,163
02/16/2005,DEC,IL,AGL,CE,Federal Contract Tower,1,7,29,0,37,0,0,40,2,42,1,7,69,2,79,58,0,58,137
02/17/2005,DEC,IL,AGL,CE,Federal Contract Tower,0,7,17,2,26,0,0,35,5,40,0,7,52,7,66,62,0,62,128
02/18/2005,DEC,IL,AGL,CE,Federal Contract Tower,0,14,17,2,33,0,0,51,0,51,0,14,68,2,84,51,0,51,135
02/19/2005,DEC,IL,AGL,CE,Federal Contract Tower,0,4,4,0,8,0,1,58,0,59,0,5,62,0,67,75,0,75,142
02/20/2005,DEC,IL,AGL,CE,Federal Contract Tower,0,7,0,0,7,0,0,8,0,8,0,7,8,0,15,30,0,30,45
02/21/2005,DEC,IL,AGL,CE,Federal Contract Tower,0,7,6,0,13,0,0,0,0,0,0,7,6,0,13,0,0,0,13
02/22/2005,DEC,IL,AGL,CE,Federal Contract Tower,0,7,21,2,30,0,0,27,2,29,0,7,48,4,59,58,0,58,117
02/23/2005,DEC,IL,AGL,CE,Federal Contract Tower,0,8,20,0,28,0,0,54,5,59,0,8,74,5,87,66,0,66,153
02/24/2005,DEC,IL,AGL,CE,Federal Contract Tower,0,7,11,4,22,0,0,39,8,47,0,7,50,12,69,138,6,144,213
02/25/2005,DEC,IL,AGL,CE,Federal Contract Tower,0,23,9,2,34,0,0,56,9,65,0,23,65,11,99,52,0,52,151
02/26/2005,DEC,IL,AGL,CE,Federal Contract Tower,1,7,9,0,17,0,0,73,0,73,1,7,82,0,90,92,0,92,182
02/27/2005,DEC,IL,AGL,CE,Federal Contract Tower,0,5,15,0,20,0,0,43,0,43,0,5,58,0,63,102,0,102,165
02/28/2005,DEC,IL,AGL,CE,Federal Contract Tower,0,7,13,0,20,0,0,20,0,20,0,7,33,0,40,43,0,43,83
03/01/2005,DEC,IL,AGL,CE,Federal Contract Tower,0,9,6,0,15,0,0,21,0,21,0,9,27,0,36,36,0,36,72
03/02/2005,DEC,IL,AGL,CE,Federal Contract Tower,0,8,25,4,37,0,0,32,0,32,0,8,57,4,69,64,0,64,133
03/03/2005,DEC,IL,AGL,CE,Federal Contract Tower,0,7,25,2,34,0,0,40,3,43,0,7,65,5,77,84,0,84,161
03/04/2005,DEC,IL,AGL,CE,Federal Contract Tower,0,7,20,0,27,0,0,47,8,55,0,7,67,8,82,46,10,56,138
03/05/2005,DEC,IL,AGL,CE,Federal Contract Tower,0,5,3,2,10,0,0,64,0,64,0,5,67,2,74,63,0,63,137
03/06/2005,DEC,IL,AGL,CE,Federal Contract Tower,0,5,15,0,20,0,0,64,0,64,0,5,79,0,84,41,0,41,125
03/07/2005,DEC,IL,AGL,CE,Federal Contract Tower,0,7,11,0,18,0,0,22,0,22,0,7,33,0,40,40,0,40,80
03/08/2005,DEC,IL,AGL,CE,Federal Contract Tower,0,7,16,0,23,0,0,36,4,40,0,7,52,4,63,52,6,58,121
03/09/2005,DEC,IL,AGL,CE,Federal Contract Tower,0,8,22,2,32,0,0,36,5,41,0,8,58,7,73,36,26,62,135
03/10/2005,DEC,IL,AGL,CE,Federal Contract Tower,0,7,15,2,24,0,0,24,0,24,0,7,39,2,48,43,0,43,91
03/11/2005,DEC,IL,AGL,CE,Federal Contract Tower,0,8,3,5,16,0,0,23,8,31,0,8,26,13,47,17,12,29,76
03/12/2005,DEC,IL,AGL,CE,Federal Contract Tower,0,5,6,8,19,0,0,44,0,44,0,5,50,8,63,59,1,60,123
03/13/2005,DEC,IL,AGL,CE,Federal Contract Tower,0,5,21,2,28,0,0,56,0,56,0,5,77,2,84,45,0,45,129
03/14/2005,DEC,IL,AGL,CE,Federal Contract Tower,0,7,19,0,26,0,0,38,0,38,0,7,57,0,64,68,0,68,132
03/15/2005,DEC,IL,AGL,CE,Federal Contract Tower,0,7,19,6,32,0,0,67,2,69,0,7,86,8,101,126,0,126,227
03/16/2005,DEC,IL,AGL,CE,Federal Contract Tower,0,7,11,2,20,0,0,34,0,34,0,7,45,2,54,54,2,56,110
03/17/2005,DEC,IL,AGL,CE,Federal Contract Tower,0,7,19,6,32,0,0,34,0,34,0,7,53,6,66,53,14,67,133
03/18/2005,DEC,IL,AGL,CE,Federal Contract Tower,0,8,15,2,25,0,0,37,4,41,0,8,52,6,66,32,0,32,98
03/19/2005,DEC,IL,AGL,CE,Federal Contract Tower,0,4,6,0,10,0,0,32,0,32,0,4,38,0,42,62,0,62,104
03/20/2005,DEC,IL,AGL,CE,Federal Contract Tower,0,5,16,0,21,0,0,47,0,47,0,5,63,0,68,69,0,69,137
03/21/2005,DEC,IL,AGL,CE,Federal Contract Tower,0,7,17,3,27,0,0,28,0,28,0,7,45,3,55,80,0,80,135
03/22/2005,DEC,IL,AGL,CE,Federal Contract Tower,0,7,14,2,23,0,0,16,0,16,0,7,30,2,39,34,0,34,73
03/23/2005,DEC,IL,AGL,CE,Federal Contract Tower,0,7,8,0,15,0,0,2,0,2,0,7,10,0,17,0,0,0,17
03/24/2005,DEC,IL,AGL,CE,Federal Contract Tower,0,7,12,0,19,0,0,2,6,8,0,7,14,6,27,6,0,6,33
03/25/2005,DEC,IL,AGL,CE,Federal Contract Tower,0,7,16,0,23,0,0,10,0,10,0,7,26,0,33,0,0,0,33
03/26/2005,DEC,IL,AGL,CE,Federal Contract Tower,0,5,4,0,9,0,0,5,0,5,0,5,9,0,14,24,0,24,38
03/27/2005,DEC,IL,AGL,CE,Federal Contract Tower,0,7,18,0,25,0,0,34,0,34,0,7,52,0,59,81,0,81,140
03/28/2005,DEC,IL,AGL,CE,Federal Contract Tower,0,7,15,2,24,0,0,50,0,50,0,7,65,2,74,84,0,84,158
03/29/2005,DEC,IL,AGL,CE,Federal Contract Tower,0,8,32,0,40,0,0,53,1,54,0,8,85,1,94,68,0,68,162
03/30/2005,DEC,IL,AGL,CE,Federal Contract Tower,0,8,14,0,22,0,0,13,0,13,0,8,27,0,35,30,0,30,65
03/31/2005,DEC,IL,AGL,CE,Federal Contract Tower,0,7,24,0,31,0,0,0,0,0,0,7,24,0,31,0,0,0,31
04/01/2005,DEC,IL,AGL,CE,Federal Contract Tower,0,9,13,2,24,0,0,36,0,36,0,9,49,2,60,26,0,26,86
04/02/2005,DEC,IL,AGL,CE,Federal Contract Tower,0,5,13,0,18,0,0,37,0,37,0,5,50,0,55,59,0,59,114
04/03/2005,DEC,IL,AGL,CE,Federal Contract Tower,0,6,18,0,24,0,0,89,5,94,0,6,107,5,118,66,0,66,184
04/04/2005,DEC,IL,AGL,CE,Federal Contract Tower,0,7,16,0,23,0,0,52,0,52,0,7,68,0,75,58,0,58,133
04/05/2005,DEC,IL,AGL,CE,Federal Contract Tower,0,7,13,12,32,0,0,39,0,39,0,7,52,12,71,62,0,62,133
04/06/2005,DEC,IL,AGL,CE,Federal Contract Tower,0,7,21,0,28,0,0,20,0,20,0,7,41,0,48,25,0,25,73
04/07/2005,DEC,IL,AGL,CE,Federal Contract Tower,0,6,15,2,23,0,0,6,5,11,0,6,21,7,34,0,0,0,34
04/08/2005,DEC,IL,AGL,CE,Federal Contract Tower,0,7,25,0,32,0,0,36,11,47,0,7,61,11,79,66,0,66,145
04/09/2005,DEC,IL,AGL,CE,Federal Contract Tower,0,4,7,0,11,0,1,77,0,78,0,5,84,0,89,68,0,68,157
04/10/2005,DEC,IL,AGL,CE,Federal Contract Tower,0,5,7,0,12,0,0,44,0,44,0,5,51,0,56,32,0,32,88
04/11/2005,DEC,IL,AGL,CE,Federal Contract Tower,0,8,12,11,31,0,0,41,4,45,0,8,53,15,76,47,2,49,125
04/12/2005,DEC,IL,AGL,CE,Federal Contract Tower,0,11,17,11,39,0,0,19,0,19,0,11,36,11,58,13,0,13,71
04/13/2005,DEC,IL,AGL,CE,Federal Contract Tower,0,8,40,1,49,0,0,28,3,31,0,8,68,4,80,52,0,52,132
04/14/2005,DEC,IL,AGL,CE,Federal Contract Tower,0,11,9,9,29,0,0,57,9,66,0,11,66,18,95,52,9,61,156
04/15/2005,DEC,IL,AGL,CE,Federal Contract Tower,0,8,9,0,17,0,0,58,8,66,0,8,67,8,83,34,0,34,117
04/16/2005,DEC,IL,AGL,CE,Federal Contract Tower,0,4,16,0,20,0,0,75,4,79,0,4,91,4,99,36,0,36,135
04/17/2005,DEC,IL,AGL,CE,Federal Contract Tower,0,5,7,0,12,0,0,92,0,92,0,5,99,0,104,66,0,66,170
04/18/2005,DEC,IL,AGL,CE,Federal Contract Tower,0,7,18,6,31,0,0,33,4,37,0,7,51,10,68,35,12,47,115
04/19/2005,DEC,IL,AGL,CE,Federal Contract Tower,0,6,13,0,19,0,0,35,12,47,0,6,48,12,66,32,26,58,124
04/20/2005,DEC,IL,AGL,CE,Federal Contract Tower,0,9,18,2,29,0,0,40,4,44,0,9,58,6,73,46,0,46,119
04/21/2005,DEC,IL,AGL,CE,Federal Contract Tower,0,9,24,6,39,0,0,18,0,18,0,9,42,6,57,23,0,23,80
04/22/2005,DEC,IL,AGL,CE,Federal Contract Tower,0,7,10,0,17,0,0,15,0,15,0,7,25,0,32,30,0,30,62
04/23/2005,DEC,IL,AGL,CE,Federal Contract Tower,0,5,5,0,10,0,0,13,0,13,0,5,18,0,23,22,0,22,45
04/24/2005,DEC,IL,AGL,CE,Federal Contract Tower,0,5,6,0,11,0,0,49,0,49,0,5,55,0,60,22,0,22,82
04/25/2005,DEC,IL,AGL,CE,Federal Contract Tower,0,8,14,2,24,0,0,47,12,59,0,8,61,14,83,51,8,59,142
04/26/2005,DEC,IL,AGL,CE,Federal Contract Tower,1,8,12,4,25,0,0,34,8,42,1,8,46,12,67,30,3,33,100
04/27/2005,DEC,IL,AGL,CE,Federal Contract Tower,0,9,12,2,23,0,0,46,2,48,0,9,58,4,71,59,0,59,130
04/28/2005,DEC,IL,AGL,CE,Federal Contract Tower,0,9,15,5,29,0,0,43,2,45,0,9,58,7,74,83,0,83,157
04/29/2005,DEC,IL,AGL,CE,Federal Contract Tower,0,7,13,1,21,0,0,29,6,35,0,7,42,7,56,14,0,14,70
04/30/2005,DEC,IL,AGL,CE,Federal Contract Tower,0,5,15,0,20,0,0,20,0,20,0,5,35,0,40,10,0,10,50
05/01/2005,DEC,IL,AGL,CE,Federal Contract Tower,0,5,8,1,14,0,0,25,3,28,0,5,33,4,42,22,0,22,64
05/02/2005,DEC,IL,AGL,CE,Federal Contract Tower,0,10,9,0,19,0,0,39,0,39,0,10,48,0,58,69,0,69,127
05/03/2005,DEC,IL,AGL,CE,Federal Contract Tower,0,8,21,0,29,0,0,50,7,57,0,8,71,7,86,80,17,97,183
05/04/2005,DEC,IL,AGL,CE,Federal Contract Tower,0,7,21,3,31,0,0,48,6,54,0,7,69,9,85,30,5,35,120
05/05/2005,DEC,IL,AGL,CE,Federal Contract Tower,0,10,34,0,44,0,0,63,2,65,0,10,97,2,109,88,2,90,199
05/06/2005,DEC,IL,AGL,CE,Federal Contract Tower,0,7,11,2,20,0,0,38,10,48,0,7,49,12,68,56,2,58,126
05/07/2005,DEC,IL,AGL,CE,Federal Contract Tower,0,7,18,0,25,0,0,55,0,55,0,7,73,0,80,38,0,38,118
05/08/2005,DEC,IL,AGL,CE,Federal Contract Tower,0,5,7,0,12,0,0,51,0,51,0,5,58,0,63,44,0,44,107
05/09/2005,DEC,IL,AGL,CE,Federal Contract Tower,0,8,6,2,16,0,0,35,5,40,0,8,41,7,56,21,0,21,77
05/10/2005,DEC,IL,AGL,CE,Federal Contract Tower,0,7,20,2,29,0,0,51,8,59,0,7,71,10,88,93,24,117,205
05/11/2005,DEC,IL,AGL,CE,Federal Contract Tower,0,7,30,1,38,0,0,39,2,41,0,7,69,3,79,42,4,46,125
05/12/2005,DEC,IL,AGL,CE,Federal Contract Tower,0,10,13,1,24,0,0,42,5,47,0,10,55,6,71,60,0,60,131
05/13/2005,DEC,IL,AGL,CE,Federal Contract Tower,0,6,16,4,26,0,0,26,3,29,0,6,42,7,55,40,0,40,95
05/14/2005,DEC,IL,AGL,CE,Federal Contract Tower,0,5,2,1,8,0,0,101,1,102,0,5,103,2,110,52,0,52,162
05/15/2005,DEC,IL,AGL,CE,Federal Contract Tower,0,5,18,0,23,0,0,44,0,44,0,5,62,0,67,67,0,67,134
05/16/2005,DEC,IL,AGL,CE,Federal Contract Tower,0,10,26,4,40,0,0,51,0,51,0,10,77,4,91,42,0,42,133
05/17/2005,DEC,IL,AGL,CE,Federal Contract Tower,0,7,50,2,59,0,0,78,6,84,0,7,128,8,143,59,14,73,216
05/18/2005,DEC,IL,AGL,CE,Federal Contract Tower,0,7,25,2,34,0,0,50,1,51,0,7,75,3,85,77,0,77,162
05/19/2005,DEC,IL,AGL,CE,Federal Contract Tower,0,10,16,2,28,0,0,50,0,50,0,10,66,2,78,68,0,68,146
05/20/2005,DEC,IL,AGL,CE,Federal Contract Tower,0,7,32,2,41,0,0,21,1,22,0,7,53,3,63,38,0,38,101
05/21/2005,DEC,IL,AGL,CE,Federal Contract Tower,0,4,9,0,13,0,0,48,2,50,0,4,57,2,63,48,0,48,111
05/22/2005,DEC,IL,AGL,CE,Federal Contract Tower,0,5,13,0,18,0,0,44,0,44,0,5,57,0,62,30,0,30,92
05/23/2005,DEC,IL,AGL,CE,Federal Contract Tower,0,6,20,2,28,0,0,29,4,33,0,6,49,6,61,15,0,15,76
05/24/2005,DEC,IL,AGL,CE,Federal Contract Tower,0,7,14,1,22,0,0,47,9,56,0,7,61,10,78,34,8,42,120
05/25/2005,DEC,IL,AGL,CE,Federal Contract Tower,1,10,7,1,19,0,0,70,17,87,1,10,77,18,106,60,6,66,172
05/26/2005,DEC,IL,AGL,CE,Federal Contract Tower,0,6,23,4,33,0,0,53,18,71,0,6,76,22,104,53,0,53,157
05/27/2005,DEC,IL,AGL,CE,Federal Contract Tower,0,7,4,1,12,0,0,56,0,56,0,7,60,1,68,90,0,90,158
05/28/2005,DEC,IL,AGL,CE,Federal Contract Tower,0,5,12,0,17,0,0,47,0,47,0,5,59,0,64,35,0,35,99
05/29/2005,DEC,IL,AGL,CE,Federal Contract Tower,0,5,4,0,9,0,0,28,0,28,0,5,32,0,37,40,0,40,77
05/30/2005,DEC,IL,AGL,CE,Federal Contract Tower,0,6,10,0,16,0,0,48,0,48,0,6,58,0,64,47,0,47,111
05/31/2005,DEC,IL,AGL,CE,Federal Contract Tower,0,6,14,3,23,0,0,50,5,55,0,6,64,8,78,41,0,41,119
06/01/2005,DEC,IL,AGL,CE,Federal Contract Tower,0,7,26,3,36,0,0,47,12,59,0,7,73,15,95,39,12,51,146
06/02/2005,DEC,IL,AGL,CE,Federal Contract Tower,0,7,29,0,36,0,0,26,8,34,0,7,55,8,70,40,4,44,114
06/03/2005,DEC,IL,AGL,CE,Federal Contract Tower,0,6,21,1,28,0,0,18,0,18,0,6,39,1,46,28,0,28,74
06/04/2005,DEC,IL,AGL,CE,Federal Contract Tower,0,5,5,0,10,0,0,24,1,25,0,5,29,1,35,38,0,38,73
06/05/2005,DEC,IL,AGL,CE,Federal Contract Tower,0,5,7,2,14,0,0,27,1,28,0,5,34,3,42,24,0,24,66
06/06/2005,DEC,IL,AGL,CE,Federal Contract Tower,0,7,6,0,13,0,0,66,17,83,0,7,72,17,96,35,3,38,134
06/07/2005,DEC,IL,AGL,CE,Federal Contract Tower,0,7,19,0,26,0,0,46,26,72,0,7,65,26,98,47,5,52,150
06/08/2005,DEC,IL,AGL,CE,Federal Contract Tower,0,10,10,0,20,0,0,43,6,49,0,10,53,6,69,49,0,49,118
06/09/2005,DEC,IL,AGL,CE,Federal Contract Tower,0,9,14,0,23,0,0,44,14,58,0,9,58,14,81,78,4,82,163
06/10/2005,DEC,IL,AGL,CE,Federal Contract Tower,0,6,15,0,21,0,0,37,0,37,0,6,52,0,58,47,0,47,105
06/11/2005,DEC,IL,AGL,CE,Federal Contract Tower,0,5,9,0,14,0,0,69,0,69,0,5,78,0,83,60,0,60,143
06/12/2005,DEC,IL,AGL,CE,Federal Contract Tower,0,5,18,0,23,0,0,21,0,21,0,5,39,0,44,24,0,24,68
06/13/2005,DEC,IL,AGL,CE,Federal Contract Tower,0,6,11,4,21,0,0,45,0,45,0,6,56,4,66,48,0,48,114
06/14/2005,DEC,IL,AGL,CE,Federal Contract Tower,0,7,12,2,21,0,0,24,3,27,0,7,36,5,48,19,26,45,93
06/15/2005,DEC,IL,AGL,CE,Federal Contract Tower,0,6,14,2,22,0,0,48,8,56,0,6,62,10,78,56,0,56,134
06/16/2005,DEC,IL,AGL,CE,Federal Contract Tower,0,8,17,10,35,0,0,69,13,82,0,8,86,23,117,96,0,96,213
06/17/2005,DEC,IL,AGL,CE,Federal Contract Tower,0,7,18,2,27,0,0,43,6,49,0,7,61,8,76,46,0,46,122
06/18/2005,DEC,IL,AGL,CE,Federal Contract Tower,0,5,16,0,21,0,0,45,0,45,0,5,61,0,66,38,0,38,104
06/19/2005,DEC,IL,AGL,CE,Federal Contract Tower,0,5,18,0,23,0,0,64,0,64,0,5,82,0,87,68,0,68,155
06/20/2005,DEC,IL,AGL,CE,Federal Contract Tower,0,6,20,0,26,0,0,34,4,38,0,6,54,4,64,71,0,71,135
06/21/2005,DEC,IL,AGL,CE,Federal Contract Tower,0,8,16,2,26,0,0,35,11,46,0,8,51,13,72,39,40,79,151
06/22/2005,DEC,IL,AGL,CE,Federal Contract Tower,0,5,20,5,30,0,1,52,14,67,0,6,72,19,97,51,30,81,178
06/23/2005,DEC,IL,AGL,CE,Federal Contract Tower,0,8,31,5,44,0,1,52,7,60,0,9,83,12,104,88,0,88,192
06/24/2005,DEC,IL,AGL,CE,Federal Contract Tower,0,6,5,2,13,0,0,37,6,43,0,6,42,8,56,56,18,74,130
06/25/2005,DEC,IL,AGL,CE,Federal Contract Tower,0,4,8,1,13,0,0,29,3,32,0,4,37,4,45,39,0,39,84
06/26/2005,DEC,IL,AGL,CE,Federal Contract Tower,0,5,7,0,12,0,0,22,0,22,0,5,29,0,34,40,0,40,74
06/27/2005,DEC,IL,AGL,CE,Federal Contract Tower,0,9,37,2,48,0,0,39,0,39,0,9,76,2,87,57,0,57,144
06/28/2005,DEC,IL,AGL,CE,Federal Contract Tower,0,13,15,11,39,0,0,39,8,47,0,13,54,19,86,32,0,32,118
06/29/2005,DEC,IL,AGL,CE,Federal Contract Tower,0,8,35,0,43,0,0,39,22,61,0,8,74,22,104,80,16,96,200
06/30/2005,DEC,IL,AGL,CE,Federal Contract Tower,0,5,15,2,22,0,0,40,4,44,0,5,55,6,66,25,0,25,91
07/01/2005,DEC,IL,AGL,CE,Federal Contract Tower,0,7,18,2,27,0,0,65,0,65,0,7,83,2,92,32,0,32,124
07/02/2005,DEC,IL,AGL,CE,Federal Contract Tower,0,4,5,0,9,0,0,47,0,47,0,4,52,0,56,38,0,38,94
07/03/2005,DEC,IL,AGL,CE,Federal Contract Tower,0,4,3,0,7,0,0,59,0,59,0,4,62,0,66,26,0,26,92
07/04/2005,DEC,IL,AGL,CE,Federal Contract Tower,0,5,0,0,5,0,0,41,0,41,0,5,41,0,46,28,0,28,74
07/05/2005,DEC,IL,AGL,CE,Federal Contract Tower,0,8,6,1,15,0,0,42,14,56,0,8,48,15,71,48,16,64,135
07/06/2005,DEC,IL,AGL,CE,Federal Contract Tower,0,9,24,8,41,0,0,72,5,77,0,9,96,13,118,80,0,80,198
07/07/2005,DEC,IL,AGL,CE,Federal Contract Tower,0,8,12,1,21,0,0,45,9,54,0,8,57,10,75,84,0,84,159
07/08/2005,DEC,IL,AGL,CE,Federal Contract Tower,0,6,50,1,57,0,0,82,1,83,0,6,132,2,140,68,0,68,208
07/09/2005,DEC,IL,AGL,CE,Federal Contract Tower,0,5,30,0,35,0,0,69,0,69,0,5,99,0,104,97,0,97,201
07/10/2005,DEC,IL,AGL,CE,Federal Contract Tower,0,5,2,0,7,0,0,36,0,36,0,5,38,0,43,24,0,24,67
07/11/2005,DEC,IL,AGL,CE,Federal Contract Tower,0,10,23,2,35,0,0,39,0,39,0,10,62,2,74,63,0,63,137
07/12/2005,DEC,IL,AGL,CE,Federal Contract Tower,0,9,14,2,25,0,0,23,0,23,0,9,37,2,48,20,0,20,68
07/13/2005,DEC,IL,AGL,CE,Federal Contract Tower,0,10,28,2,40,0,0,34,1,35,0,10,62,3,75,48,22,70,145
07/14/2005,DEC,IL,AGL,CE,Federal Contract Tower,0,8,19,0,27,0,0,28,4,32,0,8,47,4,59,47,0,47,106
07/15/2005,DEC,IL,AGL,CE,Federal Contract Tower,0,7,13,1,21,0,0,31,0,31,0,7,44,1,52,49,5,54,106
07/16/2005,DEC,IL,AGL,CE,Federal Contract Tower,0,5,6,3,14,0,0,25,2,27,0,5,31,5,41,46,0,46,87
07/17/2005,DEC,IL,AGL,CE,Federal Contract Tower,0,7,31,0,38,0,0,35,0,35,0,7,66,0,73,22,0,22,95
07/18/2005,DEC,IL,AGL,CE,Federal Contract Tower,0,7,10,0,17,0,0,44,8,52,0,7,54,8,69,72,0,72,141
07/19/2005,DEC,IL,AGL,CE,Federal Contract Tower,0,7,13,0,20,0,0,44,8,52,0,7,57,8,72,88,34,122,194
07/20/2005,DEC,IL,AGL,CE,Federal Contract Tower,0,6,27,1,34,0,0,40,8,48,0,6,67,9,82,76,20,96,178
07/21/2005,DEC,IL,AGL,CE,Federal Contract Tower,0,8,30,4,42,0,0,34,8,42,0,8,64,12,84,52,14,66,150
07/22/2005,DEC,IL,AGL,CE,Federal Contract Tower,0,9,27,2,38,0,0,39,1,40,0,9,66,3,78,30,0,30,108
07/23/2005,DEC,IL,AGL,CE,Federal Contract Tower,0,9,20,0,29,0,0,40,0,40,0,9,60,0,69,18,0,18,87
07/24/2005,DEC,IL,AGL,CE,Federal Contract Tower,0,5,10,0,15,0,0,22,0,22,0,5,32,0,37,24,0,24,61
07/25/2005,DEC,IL,AGL,CE,Federal Contract Tower,0,6,2,2,10,0,0,47,5,52,0,6,49,7,62,52,0,52,114
07/26/2005,DEC,IL,AGL,CE,Federal Contract Tower,0,7,7,1,15,0,0,39,5,44,0,7,46,6,59,83,0,83,142
07/27/2005,DEC,IL,AGL,CE,Federal Contract Tower,0,9,19,4,32,0,0,59,4,63,0,9,78,8,95,71,12,83,178
07/28/2005,DEC,IL,AGL,CE,Federal Contract Tower,0,5,14,2,21,0,1,59,13,73,0,6,73,15,94,105,16,121,215
07/29/2005,DEC,IL,AGL,CE,Federal Contract Tower,0,7,19,2,28,0,0,51,2,53,0,7,70,4,81,56,0,56,137
07/30/2005,DEC,IL,AGL,CE,Federal Contract Tower,0,4,14,2,20,0,0,44,0,44,0,4,58,2,64,50,0,50,114
07/31/2005,DEC,IL,AGL,CE,Federal Contract Tower,0,5,9,2,16,0,0,47,1,48,0,5,56,3,64,42,0,42,106
08/01/2005,DEC,IL,AGL,CE,Federal Contract Tower,0,11,6,0,17,0,0,50,4,54,0,11,56,4,71,31,20,51,122
08/02/2005,DEC,IL,AGL,CE,Federal Contract Tower,0,8,12,2,22,0,0,90,10,100,0,8,102,12,122,61,9,70,192
08/03/2005,DEC,IL,AGL,CE,Federal Contract Tower,0,8,31,2,41,0,0,54,6,60,0,8,85,8,101,48,26,74,175
08/04/2005,DEC,IL,AGL,CE,Federal Contract Tower,0,12,21,0,33,0,0,33,1,34,0,12,54,1,67,54,0,54,121
08/05/2005,DEC,IL,AGL,CE,Federal Contract Tower,0,7,16,4,27,0,0,30,4,34,0,7,46,8,61,48,6,54,115
08/06/2005,DEC,IL,AGL,CE,Federal Contract Tower,0,5,8,0,13,0,0,65,6,71,0,5,73,6,84,56,8,64,148
08/07/2005,DEC,IL,AGL,CE,Federal Contract Tower,0,5,1,0,6,0,0,42,4,46,0,5,43,4,52,30,14,44,96
08/08/2005,DEC,IL,AGL,CE,Federal Contract Tower,0,6,16,0,22,0,0,58,0,58,0,6,74,0,80,34,0,34,114
08/09/2005,DEC,IL,AGL,CE,Federal Contract Tower,0,9,20,3,32,0,0,36,13,49,0,9,56,16,81,83,5,88,169
08/10/2005,DEC,IL,AGL,CE,Federal Contract Tower,0,6,18,8,32,0,0,48,11,59,0,6,66,19,91,59,24,83,174
08/11/2005,DEC,IL,AGL,CE,Federal Contract Tower,0,8,10,2,20,0,0,36,5,41,0,8,46,7,61,74,0,74,135
08/12/2005,DEC,IL,AGL,CE,Federal Contract Tower,0,6,13,0,19,0,0,21,7,28,0,6,34,7,47,30,0,30,77
08/13/2005,DEC,IL,AGL,CE,Federal Contract Tower,0,5,10,0,15,0,0,17,0,17,0,5,27,0,32,24,0,24,56
08/14/2005,DEC,IL,AGL,CE,Federal Contract Tower,0,8,7,0,15,0,0,18,0,18,0,8,25,0,33,0,0,0,33
08/15/2005,DEC,IL,AGL,CE,Federal Contract Tower,0,8,8,2,18,0,0,17,0,17,0,8,25,2,35,22,0,22,57
08/16/2005,DEC,IL,AGL,CE,Federal Contract Tower,0,10,20,4,34,0,0,32,10,42,0,10,52,14,76,88,6,94,170
08/17/2005,DEC,IL,AGL,CE,Federal Contract Tower,0,7,9,2,18,0,0,81,11,92,0,7,90,13,110,106,10,116,226
08/18/2005,DEC,IL,AGL,CE,Federal Contract Tower,0,7,8,0,15,0,0,32,1,33,0,7,40,1,48,42,0,42,90
08/19/2005,DEC,IL,AGL,CE,Federal Contract Tower,0,8,7,2,17,0,0,29,9,38,0,8,36,11,55,64,6,70,125
08/20/2005,DEC,IL,AGL,CE,Federal Contract Tower,0,5,14,5,24,0,0,48,6,54,0,5,62,11,78,56,0,56,134
08/21/2005,DEC,IL,AGL,CE,Federal Contract Tower,0,5,25,0,30,0,0,49,3,52,0,5,74,3,82,39,0,39,121
08/22/2005,DEC,IL,AGL,CE,Federal Contract Tower,0,7,9,0,16,0,0,36,2,38,0,7,45,2,54,96,12,108,162
08/23/2005,DEC,IL,AGL,CE,Federal Contract Tower,0,11,21,13,45,0,0,45,14,59,0,11,66,27,104,11,55,66,170
08/24/2005,DEC,IL,AGL,CE,Federal Contract Tower,0,6,23,3,32,0,0,46,13,59,0,6,69,16,91,90,24,114,205
08/25/2005,DEC,IL,AGL,CE,Federal Contract Tower,0,6,18,4,28,0,0,27,2,29,0,6,45,6,57,58,0,58,115
08/26/2005,DEC,IL,AGL,CE,Federal Contract Tower,0,7,12,2,21,0,0,23,0,23,0,7,35,2,44,36,0,36,80
08/27/2005,DEC,IL,AGL,CE,Federal Contract Tower,0,6,7,0,13,0,0,42,0,42,0,6,49,0,55,60,0,60,115
08/28/2005,DEC,IL,AGL,CE,Federal Contract Tower,0,5,1,0,6,0,0,70,0,70,0,5,71,0,76,38,0,38,114
08/29/2005,DEC,IL,AGL,CE,Federal Contract Tower,0,7,16,0,23,0,0,49,5,54,0,7,65,5,77,82,0,82,159
08/30/2005,DEC,IL,AGL,CE,Federal Contract Tower,0,9,37,1,47,0,0,99,9,108,0,9,136,10,155,93,34,127,282
08/31/2005,DEC,IL,AGL,CE,Federal Contract Tower,0,6,49,0,55,0,0,126,15,141,0,6,175,15,196,20,28,48,244
09/01/2005,DEC,IL,AGL,CE,Federal Contract Tower,0,6,25,2,33,0,0,136,3,139,0,6,161,5,172,104,0,104,276
09/02/2005,DEC,IL,AGL,CE,Federal Contract Tower,0,6,8,0,14,0,0,48,0,48,0,6,56,0,62,104,0,104,166
09/03/2005,DEC,IL,AGL,CE,Federal Contract Tower,0,3,0,0,3,0,0,65,0,65,0,3,65,0,68,51,0,51,119
09/04/2005,DEC,IL,AGL,CE,Federal Contract Tower,0,3,9,0,12,0,0,50,0,50,0,3,59,0,62,28,0,28,90
09/05/2005,DEC,IL,AGL,CE,Federal Contract Tower,0,4,10,0,14,0,0,43,0,43,0,4,53,0,57,20,0,20,77
09/06/2005,DEC,IL,AGL,CE,Federal Contract Tower,0,7,11,0,18,0,0,44,9,53,0,7,55,9,71,63,7,70,141
09/07/2005,DEC,IL,AGL,CE,Federal Contract Tower,0,7,11,0,18,0,0,38,4,42,0,7,49,4,60,103,0,103,163
09/08/2005,DEC,IL,AGL,CE,Federal Contract Tower,1,7,15,2,25,0,0,31,0,31,1,7,46,2,56,88,0,88,144
09/09/2005,DEC,IL,AGL,CE,Federal Contract Tower,0,10,30,8,48,0,0,42,5,47,0,10,72,13,95,72,0,72,167
09/10/2005,DEC,IL,AGL,CE,Federal Contract Tower,0,4,11,3,18,0,0,81,3,84,0,4,92,6,102,76,0,76,178
09/11/2005,DEC,IL,AGL,CE,Federal Contract Tower,0,5,20,0,25,0,0,35,7,42,0,5,55,7,67,28,9,37,104
09/12/2005,DEC,IL,AGL,CE,Federal Contract Tower,0,6,8,2,16,0,2,27,8,37,0,8,35,10,53,39,20,59,112
09/13/2005,DEC,IL,AGL,CE,Federal Contract Tower,0,6,14,7,27,0,0,26,10,36,0,6,40,17,63,19,25,44,107
09/14/2005,DEC,IL,AGL,CE,Federal Contract Tower,0,7,32,9,48,0,0,34,11,45,0,7,66,20,93,53,26,79,172
09/15/2005,DEC,IL,AGL,CE,Federal Contract Tower,0,7,22,2,31,0,0,3,2,5,0,7,25,4,36,6,2,8,44
09/16/2005,DEC,IL,AGL,CE,Federal Contract Tower,1,9,29,1,40,0,0,18,1,19,1,9,47,2,59,36,0,36,95
09/17/2005,DEC,IL,AGL,CE,Federal Contract Tower,0,6,4,1,11,0,0,72,5,77,0,6,76,6,88,102,2,104,192
09/18/2005,DEC,IL,AGL,CE,Federal Contract Tower,0,6,3,1,10,0,0,46,0,46,0,6,49,1,56,36,4,40,96
09/19/2005,DEC,IL,AGL,CE,Federal Contract Tower,0,7,17,8,32,0,0,18,0,18,0,7,35,8,50,18,0,18,68
09/20/2005,DEC,IL,AGL,CE,Federal Contract Tower,0,8,32,2,42,0,0,44,17,61,0,8,76,19,103,62,20,82,185
09/21/2005,DEC,IL,AGL,CE,Federal Contract Tower,0,9,36,4,49,0,0,46,8,54,0,9,82,12,103,52,0,52,155
09/22/2005,DEC,IL,AGL,CE,Federal Contract Tower,0,6,18,1,25,0,0,30,6,36,0,6,48,7,61,60,0,60,121
09/23/2005,DEC,IL,AGL,CE,Federal Contract Tower,2,6,9,4,21,0,0,1,5,6,2,6,10,9,27,0,0,0,27
09/24/2005,DEC,IL,AGL,CE,Federal Contract Tower,0,4,16,0,20,0,0,24,4,28,0,4,40,4,48,22,0,22,70
09/25/2005,DEC,IL,AGL,CE,Federal Contract Tower,0,5,8,0,13,0,0,6,0,6,0,5,14,0,19,2,0,2,21
09/26/2005,DEC,IL,AGL,CE,Federal Contract Tower,0,6,25,5,36,0,0,21,3,24,0,6,46,8,60,12,0,12,72
09/27/2005,DEC,IL,AGL,CE,Federal Contract Tower,0,8,34,0,42,0,0,42,7,49,0,8,76,7,91,33,0,33,124
09/28/2005,DEC,IL,AGL,CE,Federal Contract Tower,0,6,19,0,25,0,0,15,2,17,0,6,34,2,42,8,0,8,50
09/29/2005,DEC,IL,AGL,CE,Federal Contract Tower,0,9,35,0,44,0,0,44,3,47,0,9,79,3,91,82,0,82,173
09/30/2005,DEC,IL,AGL,CE,Federal Contract Tower,0,8,18,1,27,0,0,43,2,45,0,8,61,3,72,64,0,64,136
10/01/2005,DEC,IL,AGL,CE,Federal Contract Tower,0,4,21,0,25,0,0,35,0,35,0,4,56,0,60,39,0,39,99
10/02/2005,DEC,IL,AGL,CE,Federal Contract Tower,0,5,15,0,20,0,0,34,7,41,0,5,49,7,61,20,12,32,93
10/03/2005,DEC,IL,AGL,CE,Federal Contract Tower,0,7,20,0,27,0,0,44,0,44,0,7,64,0,71,33,0,33,104
10/04/2005,DEC,IL,AGL,CE,Federal Contract Tower,0,6,17,0,23,0,0,51,2,53,0,6,68,2,76,45,0,45,121
10/05/2005,DEC,IL,AGL,CE,Federal Contract Tower,0,7,11,0,18,0,0,26,4,30,0,7,37,4,48,36,0,36,84
10/06/2005,DEC,IL,AGL,CE,Federal Contract Tower,0,6,23,3,32,0,0,30,3,33,0,6,53,6,65,34,6,40,105
10/07/2005,DEC,IL,AGL,CE,Federal Contract Tower,0,7,26,0,33,0,0,44,9,53,0,7,70,9,86,69,0,69,155
10/08/2005,DEC,IL,AGL,CE,Federal Contract Tower,0,5,14,0,19,0,0,42,0,42,0,5,56,0,61,41,0,41,102
10/09/2005,DEC,IL,AGL,CE,Federal Contract Tower,0,5,16,0,21,0,0,45,4,49,0,5,61,4,70,49,0,49,119
10/10/2005,DEC,IL,AGL,CE,Federal Contract Tower,0,7,33,0,40,0,0,26,0,26,0,7,59,0,66,74,0,74,140
10/11/2005,DEC,IL,AGL,CE,Federal Contract Tower,0,9,36,0,45,0,0,28,3,31,0,9,64,3,76,30,0,30,106
10/12/2005,DEC,IL,AGL,CE,Federal Contract Tower,1,9,24,0,34,0,0,26,6,32,1,9,50,6,66,16,0,16,82
10/13/2005,DEC,IL,AGL,CE,Federal Contract Tower,1,7,15,0,23,0,0,16,8,24,1,7,31,8,47,56,0,56,103
10/14/2005,DEC,IL,AGL,CE,Federal Contract Tower,0,7,11,0,18,0,0,30,6,36,0,7,41,6,54,79,16,95,149
10/15/2005,DEC,IL,AGL,CE,Federal Contract Tower,0,5,5,4,14,0,0,52,4,56,0,5,57,8,70,50,4,54,124
10/16/2005,DEC,IL,AGL,CE,Federal Contract Tower,0,5,9,1,15,0,0,54,0,54,0,5,63,1,69,49,0,49,118
10/17/2005,DEC,IL,AGL,CE,Federal Contract Tower,0,7,24,1,32,0,0,33,1,34,0,7,57,2,66,38,0,38,104
10/18/2005,DEC,IL,AGL,CE,Federal Contract Tower,0,8,9,2,19,0,0,49,11,60,0,8,58,13,79,42,5,47,126
10/19/2005,DEC,IL,AGL,CE,Federal Contract Tower,0,7,18,12,37,0,0,35,7,42,0,7,53,19,79,36,14,50,129
10/20/2005,DEC,IL,AGL,CE,Federal Contract Tower,0,6,25,2,33,0,0,2,0,2,0,6,27,2,35,0,0,0,35
10/21/2005,DEC,IL,AGL,CE,Federal Contract Tower,0,15,27,2,44,0,0,20,5,25,0,15,47,7,69,20,0,20,89
10/22/2005,DEC,IL,AGL,CE,Federal Contract Tower,0,5,7,0,12,0,0,46,2,48,0,5,53,2,60,35,0,35,95
10/23/2005,DEC,IL,AGL,CE,Federal Contract Tower,0,9,3,0,12,0,0,31,1,32,0,9,34,1,44,5,0,5,49
10/24/2005,DEC,IL,AGL,CE,Federal Contract Tower,0,8,5,0,13,0,0,21,4,25,0,8,26,4,38,19,0,19,57
10/25/2005,DEC,IL,AGL,CE,Federal Contract Tower,0,9,27,3,39,0,0,11,9,20,0,9,38,12,59,6,10,16,75
10/26/2005,DEC,IL,AGL,CE,Federal Contract Tower,1,8,20,0,29,0,0,30,10,40,1,8,50,10,69,15,26,41,110
10/27/2005,DEC,IL,AGL,CE,Federal Contract Tower,1,8,24,1,34,0,0,36,3,39,1,8,60,4,73,46,0,46,119
10/28/2005,DEC,IL,AGL,CE,Federal Contract Tower,0,6,18,0,24,0,0,39,3,42,0,6,57,3,66,62,0,62,128
10/29/2005,DEC,IL,AGL,CE,Federal Contract Tower,0,6,11,0,17,0,0,86,0,86,0,6,97,0,103,48,0,48,151
10/30/2005,DEC,IL,AGL,CE,Federal Contract Tower,0,5,6,0,11,0,0,55,0,55,0,5,61,0,66,46,0,46,112
10/31/2005,DEC,IL,AGL,CE,Federal Contract Tower,0,7,10,2,19,0,0,17,2,19,0,7,27,4,38,15,0,15,53
11/01/2005,DEC,IL,AGL,CE,Federal Contract Tower,0,6,15,0,21,0,0,39,11,50,0,6,54,11,71,30,12,42,113
11/02/2005,DEC,IL,AGL,CE,Federal Contract Tower,0,11,24,4,39,0,0,44,7,51,0,11,68,11,90,56,0,56,146
11/03/2005,DEC,IL,AGL,CE,Federal Contract Tower,0,13,29,2,44,0,0,18,0,18,0,13,47,2,62,63,4,67,129
11/04/2005,DEC,IL,AGL,CE,Federal Contract Tower,0,7,10,2,19,0,0,45,5,50,0,7,55,7,69,50,4,54,123
11/05/2005,DEC,IL,AGL,CE,Federal Contract Tower,0,6,8,2,16,0,1,30,9,40,0,7,38,11,56,37,0,37,93
11/06/2005,DEC,IL,AGL,CE,Federal Contract Tower,0,5,12,2,19,0,0,27,12,39,0,5,39,14,58,16,9,25,83
11/07/2005,DEC,IL,AGL,CE,Federal Contract Tower,0,7,7,5,19,0,0,35,3,38,0,7,42,8,57,37,8,45,102
11/08/2005,DEC,IL,AGL,CE,Federal Contract Tower,0,7,16,2,25,0,0,28,9,37,0,7,44,11,62,28,20,48,110
11/09/2005,DEC,IL,AGL,CE,Federal Contract Tower,0,7,15,4,26,0,0,11,6,17,0,7,26,10,43,16,20,36,79
11/10/2005,DEC,IL,AGL,CE,Federal Contract Tower,0,7,11,1,19,0,0,33,1,34,0,7,44,2,53,106,2,108,161
11/11/2005,DEC,IL,AGL,CE,Federal Contract Tower,3,8,13,1,25,0,0,57,0,57,3,8,70,1,82,84,0,84,166
11/12/2005,DEC,IL,AGL,CE,Federal Contract Tower,0,9,6,0,15,0,0,35,0,35,0,9,41,0,50,34,0,34,84
11/13/2005,DEC,IL,AGL,CE,Federal Contract Tower,0,5,17,0,22,0,0,37,2,39,0,5,54,2,61,45,6,51,112
11/14/2005,DEC,IL,AGL,CE,Federal Contract Tower,0,7,8,0,15,0,0,25,2,27,0,7,33,2,42,18,8,26,68
11/15/2005,DEC,IL,AGL,CE,Federal Contract Tower,1,10,8,0,19,0,0,4,0,4,1,10,12,0,23,0,0,0,23
11/16/2005,DEC,IL,AGL,CE,Federal Contract Tower,0,8,17,1,26,0,0,14,11,25,0,8,31,12,51,22,34,56,107
11/17/2005,DEC,IL,AGL,CE,Federal Contract Tower,0,6,19,2,27,0,0,28,16,44,0,6,47,18,71,72,54,126,197
11/18/2005,DEC,IL,AGL,CE,Federal Contract Tower,0,7,17,6,30,0,0,31,8,39,0,7,48,14,69,76,16,92,161
11/19/2005,DEC,IL,AGL,CE,Federal Contract Tower,0,7,6,0,13,0,0,38,1,39,0,7,44,1,52,63,0,63,115
11/20/2005,DEC,IL,AGL,CE,Federal Contract Tower,0,5,4,0,9,0,0,45,0,45,0,5,49,0,54,46,0,46,100
11/21/2005,DEC,IL,AGL,CE,Federal Contract Tower,0,8,5,2,15,0,0,39,1,40,0,8,44,3,55,64,3,67,122
11/22/2005,DEC,IL,AGL,CE,Federal Contract Tower,0,10,5,0,15,0,0,39,8,47,0,10,44,8,62,63,6,69,131
11/23/2005,DEC,IL,AGL,CE,Federal Contract Tower,0,8,15,0,23,0,0,20,0,20,0,8,35,0,43,30,0,30,73
11/24/2005,DEC,IL,AGL,CE,Federal Contract Tower,0,4,8,0,12,0,0,12,0,12,0,4,20,0,24,28,0,28,52
11/25/2005,DEC,IL,AGL,CE,Federal Contract Tower,0,6,3,0,9,0,0,38,0,38,0,6,41,0,47,46,0,46,93
11/26/2005,DEC,IL,AGL,CE,Federal Contract Tower,0,3,4,0,7,0,0,44,2,46,0,3,48,2,53,33,0,33,86
11/27/2005,DEC,IL,AGL,CE,Federal Contract Tower,0,5,12,0,17,0,0,8,0,8,0,5,20,0,25,0,0,0,25
11/28/2005,DEC,IL,AGL,CE,Federal Contract Tower,0,9,8,1,18,0,0,26,2,28,0,9,34,3,46,28,4,32,78
11/29/2005,DEC,IL,AGL,CE,Federal Contract Tower,1,11,13,0,25,0,0,19,5,24,1,11,32,5,49,23,10,33,82
11/30/2005,DEC,IL,AGL,CE,Federal Contract Tower,0,10,26,6,42,0,0,42,8,50,0,10,68,14,92,70,24,94,186
12/01/2005,DEC,IL,AGL,CE,Federal Contract Tower,0,9,24,2,35,0,0,3,8,11,0,9,27,10,46,0,12,12,58
12/02/2005,DEC,IL,AGL,CE,Federal Contract Tower,0,10,11,0,21,0,0,55,5,60,0,10,66,5,81,96,14,110,191
12/03/2005,DEC,IL,AGL,CE,Federal Contract Tower,0,5,13,2,20,0,0,34,5,39,0,5,47,7,59,56,6,62,121
12/04/2005,DEC,IL,AGL,CE,Federal Contract Tower,0,5,13,2,20,0,0,12,2,14,0,5,25,4,34,0,0,0,34
12/05/2005,DEC,IL,AGL,CE,Federal Contract Tower,0,8,25,4,37,0,0,43,0,43,0,8,68,4,80,68,0,68,148
12/06/2005,DEC,IL,AGL,CE,Federal Contract Tower,0,10,14,8,32,0,0,3,0,3,0,10,17,8,35,6,10,16,51
12/07/2005,DEC,IL,AGL,CE,Federal Contract Tower,0,9,13,2,24,0,0,27,4,31,0,9,40,6,55,29,0,29,84
12/08/2005,DEC,IL,AGL,CE,Federal Contract Tower,0,8,5,2,15,0,0,6,4,10,0,8,11,6,25,6,26,32,57
12/09/2005,DEC,IL,AGL,CE,Federal Contract Tower,0,8,9,5,22,0,0,16,1,17,0,8,25,6,39,14,6,20,59
12/10/2005,DEC,IL,AGL,CE,Federal Contract Tower,0,6,8,2,16,0,0,27,0,27,0,6,35,2,43,14,0,14,57
12/11/2005,DEC,IL,AGL,CE,Federal Contract Tower,0,5,0,0,5,0,0,13,0,13,0,5,13,0,18,0,0,0,18
12/12/2005,DEC,IL,AGL,CE,Federal Contract Tower,0,9,11,2,22,0,0,13,12,25,0,9,24,14,47,26,30,56,103
12/13/2005,DEC,IL,AGL,CE,Federal Contract Tower,0,9,12,2,23,0,0,23,16,39,0,9,35,18,62,52,60,112,174
12/14/2005,DEC,IL,AGL,CE,Federal Contract Tower,0,12,11,0,23,0,0,0,0,0,0,12,11,0,23,0,0,0,23
12/15/2005,DEC,IL,AGL,CE,Federal Contract Tower,1,12,25,0,38,0,0,32,10,42,1,12,57,10,80,62,24,86,166
12/16/2005,DEC,IL,AGL,CE,Federal Contract Tower,0,1,7,2,10,0,0,27,0,27,0,1,34,2,37,21,0,21,58
12/17/2005,DEC,IL,AGL,CE,Federal Contract Tower,0,6,22,0,28,0,0,52,0,52,0,6,74,0,80,58,0,58,138
12/18/2005,DEC,IL,AGL,CE,Federal Contract Tower,0,5,11,0,16,0,0,7,0,7,0,5,18,0,23,12,0,12,35
12/19/2005,DEC,IL,AGL,CE,Federal Contract Tower,0,15,14,2,31,0,0,49,0,49,0,15,63,2,80,83,0,83,163
12/20/2005,DEC,IL,AGL,CE,Federal Contract Tower,0,19,19,8,46,0,0,38,16,54,0,19,57,24,100,52,74,126,226
12/21/2005,DEC,IL,AGL,CE,Federal Contract Tower,0,18,17,6,41,0,4,32,5,41,0,22,49,11,82,70,24,94,176
12/22/2005,DEC,IL,AGL,CE,Federal Contract Tower,1,13,25,2,41,0,0,50,7,57,1,13,75,9,98,77,24,101,199
12/23/2005,DEC,IL,AGL,CE,Federal Contract Tower,1,14,8,3,26,0,0,33,3,36,1,14,41,6,62,30,8,38,100
12/24/2005,DEC,IL,AGL,CE,Federal Contract Tower,0,6,0,0,6,0,0,21,0,21,0,6,21,0,27,16,0,16,43
12/25/2005,DEC,IL,AGL,CE,Federal Contract Tower,0,3,2,0,5,0,0,0,0,0,0,3,2,0,5,0,0,0,5
12/26/2005,DEC,IL,AGL,CE,Federal Contract Tower,0,4,10,0,14,0,0,2,0,2,0,4,12,0,16,30,0,30,46
12/27/2005,DEC,IL,AGL,CE,Federal Contract Tower,0,10,4,0,14,0,0,25,7,32,0,10,29,7,46,48,28,76,122
12/28/2005,DEC,IL,AGL,CE,Federal Contract Tower,0,7,3,0,10,0,0,0,0,0,0,7,3,0,10,0,0,0,10
12/29/2005,DEC,IL,AGL,CE,Federal Contract Tower,0,7,5,2,14,0,0,31,0,31,0,7,36,2,45,57,0,57,102
12/30/2005,DEC,IL,AGL,CE,Federal Contract Tower,0,6,2,0,8,0,0,3,0,3,0,6,5,0,11,0,0,0,11
12/31/2005,DEC,IL,AGL,CE,Federal Contract Tower,0,1,7,0,8,0,0,20,0,20,0,1,27,0,28,28,0,28,56
01/01/2006,DEC,IL,AGL,CE,Federal Contract Tower,0,3,2,1,6,0,0,12,0,12,0,3,14,1,18,26,0,26,44
01/02/2006,DEC,IL,AGL,CE,Federal Contract Tower,0,4,15,1,20,0,0,34,8,42,0,4,49,9,62,74,31,105,167
01/03/2006,DEC,IL,AGL,CE,Federal Contract Tower,0,9,6,2,17,0,0,0,0,0,0,9,6,2,17,0,0,0,17
01/04/2006,DEC,IL,AGL,CE,Federal Contract Tower,0,9,10,1,20,0,0,25,16,41,0,9,35,17,61,54,78,132,193
01/05/2006,DEC,IL,AGL,CE,Federal Contract Tower,0,8,6,0,14,0,0,33,0,33,0,8,39,0,47,30,0,30,77
01/06/2006,DEC,IL,AGL,CE,Federal Contract Tower,0,7,6,5,18,0,0,33,12,45,0,7,39,17,63,17,65,82,145
01/07/2006,DEC,IL,AGL,CE,Federal Contract Tower,0,4,6,2,12,0,1,52,15,68,0,5,58,17,80,35,10,45,125
01/08/2006,DEC,IL,AGL,CE,Federal Contract Tower,0,5,4,2,11,0,0,27,7,34,0,5,31,9,45,6,20,26,71
01/09/2006,DEC,IL,AGL,CE,Federal Contract Tower,0,8,10,0,18,0,0,21,5,26,0,8,31,5,44,38,16,54,98
01/10/2006,DEC,IL,AGL,CE,Federal Contract Tower,0,7,10,3,20,0,0,5,3,8,0,7,15,6,28,4,0,4,32
01/11/2006,DEC,IL,AGL,CE,Federal Contract Tower,0,7,15,0,22,0,0,39,5,44,0,7,54,5,66,57,4,61,127
01/12/2006,DEC,IL,AGL,CE,Federal Contract Tower,0,7,13,2,22,0,0,28,5,33,0,7,41,7,55,78,10,88,143
01/13/2006,DEC,IL,AGL,CE,Federal Contract Tower,0,6,6,0,12,0,1,0,0,1,0,7,6,0,13,0,0,0,13
01/14/2006,DEC,IL,AGL,CE,Federal Contract Tower,0,5,10,0,15,0,0,35,0,35,0,5,45,0,50,36,0,36,86
01/15/2006,DEC,IL,AGL,CE,Federal Contract Tower,0,5,11,0,16,0,0,42,0,42,0,5,53,0,58,36,0,36,94
01/16/2006,DEC,IL,AGL,CE,Federal Contract Tower,0,7,7,0,14,0,0,50,0,50,0,7,57,0,64,77,0,77,141
01/17/2006,DEC,IL,AGL,CE,Federal Contract Tower,0,8,11,2,21,0,0,23,4,27,0,8,34,6,48,68,24,92,140
01/18/2006,DEC,IL,AGL,CE,Federal Contract Tower,0,7,13,3,23,0,0,25,12,37,0,7,38,15,60,80,55,135,195
01/19/2006,DEC,IL,AGL,CE,Federal Contract Tower,0,7,11,2,20,0,0,38,9,47,0,7,49,11,67,44,4,48,115
01/20/2006,DEC,IL,AGL,CE,Federal Contract Tower,1,7,10,3,21,0,0,18,4,22,1,7,28,7,43,20,2,22,65
01/21/2006,DEC,IL,AGL,CE,Federal Contract Tower,0,7,12,0,19,0,0,20,0,20,0,7,32,0,39,30,0,30,69
01/22/2006,DEC,IL,AGL,CE,Federal Contract Tower,0,5,5,0,10,0,0,27,0,27,0,5,32,0,37,12,0,12,49
01/23/2006,DEC,IL,AGL,CE,Federal Contract Tower,0,9,10,0,19,0,0,0,0,0,0,9,10,0,19,0,0,0,19
01/24/2006,DEC,IL,AGL,CE,Federal Contract Tower,0,8,9,0,17,0,0,26,12,38,0,8,35,12,55,74,32,106,161
01/25/2006,DEC,IL,AGL,CE,Federal Contract Tower,0,7,15,2,24,0,0,30,10,40,0,7,45,12,64,52,59,111,175
01/26/2006,DEC,IL,AGL,CE,Federal Contract Tower,0,10,17,0,27,0,0,55,1,56,0,10,72,1,83,80,0,80,163
01/27/2006,DEC,IL,AGL,CE,Federal Contract Tower,0,6,16,2,24,0,0,34,4,38,0,6,50,6,62,44,2,46,108
01/28/2006,DEC,IL,AGL,CE,Federal Contract Tower,0,7,7,0,14,0,0,19,0,19,0,7,26,0,33,4,0,4,37
01/29/2006,DEC,IL,AGL,CE,Federal Contract Tower,0,5,6,0,11,0,0,19,2,21,0,5,25,2,32,8,0,8,40
01/30/2006,DEC,IL,AGL,CE,Federal Contract Tower,0,7,4,0,11,0,0,34,2,36,0,7,38,2,47,68,6,74,121
01/31/2006,DEC,IL,AGL,CE,Federal Contract Tower,0,11,16,0,27,0,0,33,8,41,0,11,49,8,68,93,66,159,227
02/01/2006,DEC,IL,AGL,CE,Federal Contract Tower,0,7,31,4,42,0,0,43,11,54,0,7,74,15,96,76,38,114,210
02/02/2006,DEC,IL,AGL,CE,Federal Contract Tower,1,9,6,0,16,0,0,35,4,39,1,9,41,4,55,39,6,45,100
02/03/2006,DEC,IL,AGL,CE,Federal Contract Tower,0,8,13,0,21,0,0,16,13,29,0,8,29,13,50,13,23,36,86
02/04/2006,DEC,IL,AGL,CE,Federal Contract Tower,0,5,7,0,12,0,0,14,12,26,0,5,21,12,38,10,38,48,86
02/05/2006,DEC,IL,AGL,CE,Federal Contract Tower,0,5,9,0,14,0,0,14,0,14,0,5,23,0,28,2,0,2,30
02/06/2006,DEC,IL,AGL,CE,Federal Contract Tower,0,7,5,2,14,0,0,47,8,55,0,7,52,10,69,60,18,78,147
02/07/2006,DEC,IL,AGL,CE,Federal Contract Tower,0,8,19,0,27,0,0,36,12,48,0,8,55,12,75,73,37,110,185
02/08/2006,DEC,IL,AGL,CE,Federal Contract Tower,0,10,20,0,30,0,0,43,11,54,0,10,63,11,84,52,10,62,146
02/09/2006,DEC,IL,AGL,CE,Federal Contract Tower,0,9,16,0,25,0,0,46,4,50,0,9,62,4,75,56,12,68,143
02/10/2006,DEC,IL,AGL,CE,Federal Contract Tower,0,8,6,5,19,0,0,25,10,35,0,8,31,15,54,11,4,15,69
02/11/2006,DEC,IL,AGL,CE,Federal Contract Tower,0,6,4,0,10,0,0,0,0,0,0,6,4,0,10,0,0,0,10
02/12/2006,DEC,IL,AGL,CE,Federal Contract Tower,0,5,8,0,13,0,0,8,0,8,0,5,16,0,21,6,0,6,27
02/13/2006,DEC,IL,AGL,CE,Federal Contract Tower,0,7,11,6,24,0,0,23,2,25,0,7,34,8,49,71,10,81,130
02/14/2006,DEC,IL,AGL,CE,Federal Contract Tower,0,9,8,0,17,0,0,33,11,44,0,9,41,11,61,66,26,92,153
02/15/2006,DEC,IL,AGL,CE,Federal Contract Tower,0,13,20,3,36,0,0,33,11,44,0,13,53,14,80,51,24,75,155
02/16/2006,DEC,IL,AGL,CE,Federal Contract Tower,0,13,4,2,19,0,1,23,0,24,0,14,27,2,43,33,0,33,76
02/17/2006,DEC,IL,AGL,CE,Federal Contract Tower,0,8,25,1,34,0,0,25,3,28,0,8,50,4,62,28,2,30,92
02/18/2006,DEC,IL,AGL,CE,Federal Contract Tower,0,5,7,0,12,0,0,21,0,21,0,5,28,0,33,0,0,0,33
02/19/2006,DEC,IL,AGL,CE,Federal Contract Tower,0,5,7,0,12,0,0,22,0,22,0,5,29,0,34,6,0,6,40
02/20/2006,DEC,IL,AGL,CE,Federal Contract Tower,0,9,23,2,34,0,0,37,0,37,0,9,60,2,71,56,0,56,127
02/21/2006,DEC,IL,AGL,CE,Federal Contract Tower,0,7,25,5,37,0,0,50,4,54,0,7,75,9,91,110,16,126,217
02/22/2006,DEC,IL,AGL,CE,Federal Contract Tower,0,8,28,6,42,0,0,54,6,60,0,8,82,12,102,77,29,106,208
02/23/2006,DEC,IL,AGL,CE,Federal Contract Tower,0,5,18,3,26,0,2,45,5,52,0,7,63,8,78,58,6,64,142
02/24/2006,DEC,IL,AGL,CE,Federal Contract Tower,0,7,12,2,21,0,0,35,7,42,0,7,47,9,63,12,12,24,87
02/25/2006,DEC,IL,AGL,CE,Federal Contract Tower,0,5,3,0,8,0,0,19,0,19,0,5,22,0,27,10,0,10,37
02/26/2006,DEC,IL,AGL,CE,Federal Contract Tower,0,5,2,0,7,0,0,47,1,48,0,5,49,1,55,50,0,50,105
02/27/2006,DEC,IL,AGL,CE,Federal Contract Tower,0,10,10,8,28,0,0,43,2,45,0,10,53,10,73,74,6,80,153
02/28/2006,DEC,IL,AGL,CE,Federal Contract Tower,0,8,35,4,47,0,0,43,9,52,0,8,78,13,99,86,26,112,211
03/01/2006,DEC,IL,AGL,CE,Federal Contract Tower,0,8,29,3,40,0,0,32,9,41,0,8,61,12,81,70,7,77,158
03/02/2006,DEC,IL,AGL,CE,Federal Contract Tower,0,8,9,0,17,0,0,23,10,33,0,8,32,10,50,49,4,53,103
03/03/2006,DEC,IL,AGL,CE,Federal Contract Tower,0,8,9,0,17,0,0,37,8,45,0,8,46,8,62,25,8,33,95
03/04/2006,DEC,IL,AGL,CE,Federal Contract Tower,0,4,14,0,18,0,0,56,0,56,0,4,70,0,74,30,0,30,104
03/05/2006,DEC,IL,AGL,CE,Federal Contract Tower,0,5,8,0,13,0,0,4,0,4,0,5,12,0,17,0,0,0,17
03/06/2006,DEC,IL,AGL,CE,Federal Contract Tower,0,7,3,11,21,0,0,23,1,24,0,7,26,12,45,32,6,38,83
03/07/2006,DEC,IL,AGL,CE,Federal Contract Tower,0,10,13,0,23,0,0,29,12,41,0,10,42,12,64,72,42,114,178
03/08/2006,DEC,IL,AGL,CE,Federal Contract Tower,0,7,5,1,13,0,0,20,2,22,0,7,25,3,35,15,0,15,50
03/09/2006,DEC,IL,AGL,CE,Federal Contract Tower,0,7,9,4,20,0,0,16,0,16,0,7,25,4,36,19,0,19,55
03/10/2006,DEC,IL,AGL,CE,Federal Contract Tower,0,8,12,8,28,0,0,20,14,34,0,8,32,22,62,57,28,85,147
03/11/2006,DEC,IL,AGL,CE,Federal Contract Tower,0,5,13,2,20,0,0,11,2,13,0,5,24,4,33,4,0,4,37
03/12/2006,DEC,IL,AGL,CE,Federal Contract Tower,0,5,6,9,20,0,0,5,3,8,0,5,11,12,28,8,6,14,42
03/13/2006,DEC,IL,AGL,CE,Federal Contract Tower,0,7,3,2,12,0,0,23,1,24,0,7,26,3,36,36,0,36,72
03/14/2006,DEC,IL,AGL,CE,Federal Contract Tower,0,10,11,2,23,0,0,20,6,26,0,10,31,8,49,22,0,22,71
03/15/2006,DEC,IL,AGL,CE,Federal Contract Tower,0,8,7,5,20,0,0,55,10,65,0,8,62,15,85,74,34,108,193
03/16/2006,DEC,IL,AGL,CE,Federal Contract Tower,0,8,9,0,17,0,0,32,2,34,0,8,41,2,51,67,0,67,118
03/17/2006,DEC,IL,AGL,CE,Federal Contract Tower,0,9,22,0,31,0,0,28,2,30,0,9,50,2,61,54,0,54,115
03/18/2006,DEC,IL,AGL,CE,Federal Contract Tower,0,5,6,0,11,0,0,66,0,66,0,5,72,0,77,40,0,40,117
03/19/2006,DEC,IL,AGL,CE,Federal Contract Tower,0,5,12,0,17,0,0,66,2,68,0,5,78,2,85,39,0,39,124
03/20/2006,DEC,IL,AGL,CE,Federal Contract Tower,0,8,10,0,18,0,0,7,0,7,0,8,17,0,25,30,0,30,55
03/21/2006,DEC,IL,AGL,CE,Federal Contract Tower,0,9,6,0,15,0,0,1,0,1,0,9,7,0,16,0,0,0,16
03/22/2006,DEC,IL,AGL,CE,Federal Contract Tower,0,7,24,4,35,0,0,37,5,42,0,7,61,9,77,80,20,100,177
03/23/2006,DEC,IL,AGL,CE,Federal Contract Tower,0,6,9,0,15,0,0,23,0,23,0,6,32,0,38,30,0,30,68
03/24/2006,DEC,IL,AGL,CE,Federal Contract Tower,0,7,8,0,15,0,0,25,2,27,0,7,33,2,42,30,0,30,72
03/25/2006,DEC,IL,AGL,CE,Federal Contract Tower,0,5,9,0,14,0,0,24,1,25,0,5,33,1,39,42,0,42,81
03/26/2006,DEC,IL,AGL,CE,Federal Contract Tower,0,5,19,0,24,0,0,56,0,56,0,5,75,0,80,34,0,34,114
03/27/2006,DEC,IL,AGL,CE,Federal Contract Tower,0,7,10,0,17,0,0,11,0,11,0,7,21,0,28,16,0,16,44
03/28/2006,DEC,IL,AGL,CE,Federal Contract Tower,0,7,12,0,19,0,0,3,0,3,0,7,15,0,22,2,0,2,24
03/29/2006,DEC,IL,AGL,CE,Federal Contract Tower,1,8,27,0,36,0,0,30,14,44,1,8,57,14,80,84,32,116,196
03/30/2006,DEC,IL,AGL,CE,Federal Contract Tower,0,6,29,0,35,0,0,17,8,25,0,6,46,8,60,38,0,38,98
03/31/2006,DEC,IL,AGL,CE,Federal Contract Tower,0,9,8,0,17,0,0,25,0,25,0,9,33,0,42,23,0,23,65
04/01/2006,DEC,IL,AGL,CE,Federal Contract Tower,0,5,14,0,19,0,0,32,0,32,0,5,46,0,51,42,0,42,93
04/02/2006,DEC,IL,AGL,CE,Federal Contract Tower,0,5,5,0,10,0,0,12,0,12,0,5,17,0,22,36,0,36,58
04/03/2006,DEC,IL,AGL,CE,Federal Contract Tower,0,9,24,0,33,0,0,6,2,8,0,9,30,2,41,6,0,6,47
04/04/2006,DEC,IL,AGL,CE,Federal Contract Tower,0,7,17,3,27,0,0,26,14,40,0,7,43,17,67,14,18,32,99
04/05/2006,DEC,IL,AGL,CE,Federal Contract Tower,0,9,23,0,32,0,0,64,13,77,0,9,87,13,109,160,32,192,301
04/06/2006,DEC,IL,AGL,CE,Federal Contract Tower,0,7,4,0,11,0,0,14,0,14,0,7,18,0,25,38,0,38,63
04/07/2006,DEC,IL,AGL,CE,Federal Contract Tower,0,9,11,0,20,0,0,25,8,33,0,9,36,8,53,68,24,92,145
04/08/2006,DEC,IL,AGL,CE,Federal Contract Tower,0,5,7,0,12,0,0,26,0,26,0,5,33,0,38,37,0,37,75
04/09/2006,DEC,IL,AGL,CE,Federal Contract Tower,0,5,12,0,17,0,0,48,5,53,0,5,60,5,70,26,0,26,96
04/10/2006,DEC,IL,AGL,CE,Federal Contract Tower,0,7,31,0,38,0,0,32,0,32,0,7,63,0,70,72,0,72,142
04/11/2006,DEC,IL,AGL,CE,Federal Contract Tower,1,7,22,3,33,0,0,16,13,29,1,7,38,16,62,12,34,46,108
04/12/2006,DEC,IL,AGL,CE,Federal Contract Tower,0,8,21,0,29,0,0,29,7,36,0,8,50,7,65,52,18,70,135
04/13/2006,DEC,IL,AGL,CE,Federal Contract Tower,0,9,19,2,30,0,0,29,4,33,0,9,48,6,63,60,40,100,163
04/14/2006,DEC,IL,AGL,CE,Federal Contract Tower,0,8,8,0,16,0,0,30,3,33,0,8,38,3,49,65,4,69,118
04/15/2006,DEC,IL,AGL,CE,Federal Contract Tower,0,6,5,0,11,0,0,67,0,67,0,6,72,0,78,54,0,54,132
04/16/2006,DEC,IL,AGL,CE,Federal Contract Tower,0,5,3,0,8,0,0,33,0,33,0,5,36,0,41,54,0,54,95
04/17/2006,DEC,IL,AGL,CE,Federal Contract Tower,0,8,30,0,38,0,0,10,0,10,0,8,40,0,48,22,0,22,70
04/18/2006,DEC,IL,AGL,CE,Federal Contract Tower,0,7,18,5,30,0,0,34,4,38,0,7,52,9,68,52,31,83,151
04/19/2006,DEC,IL,AGL,CE,Federal Contract Tower,2,7,18,2,29,0,0,36,11,47,2,7,54,13,76,106,18,124,200
04/20/2006,DEC,IL,AGL,CE,Federal Contract Tower,0,9,23,0,32,0,0,43,4,47,0,9,66,4,79,98,10,108,187
04/21/2006,DEC,IL,AGL,CE,Federal Contract Tower,0,9,22,0,31,0,0,40,4,44,0,9,62,4,75,67,8,75,150
04/22/2006,DEC,IL,AGL,CE,Federal Contract Tower,0,5,6,0,11,0,0,46,0,46,0,5,52,0,57,30,0,30,87
04/23/2006,DEC,IL,AGL,CE,Federal Contract Tower,0,8,8,0,16,0,0,70,2,72,0,8,78,2,88,46,6,52,140
04/24/2006,DEC,IL,AGL,CE,Federal Contract Tower,0,7,15,0,22,0,0,22,0,22,0,7,37,0,44,34,0,34,78
04/25/2006,DEC,IL,AGL,CE,Federal Contract Tower,0,8,13,0,21,0,0,7,6,13,0,8,20,6,34,14,36,50,84
04/26/2006,DEC,IL,AGL,CE,Federal Contract Tower,0,8,23,1,32,0,0,50,11,61,0,8,73,12,93,62,34,96,189
04/27/2006,DEC,IL,AGL,CE,Federal Contract Tower,0,8,14,0,22,0,0,53,6,59,0,8,67,6,81,77,6,83,164
04/28/2006,DEC,IL,AGL,CE,Federal Contract Tower,0,10,33,0,43,0,1,39,3,43,0,11,72,3,86,48,0,48,134
04/29/2006,DEC,IL,AGL,CE,Federal Contract Tower,0,6,7,0,13,0,0,12,0,12,0,6,19,0,25,20,0,20,45
04/30/2006,DEC,IL,AGL,CE,Federal Contract Tower,0,6,12,0,18,0,0,8,0,8,0,6,20,0,26,27,0,27,53
05/01/2006,DEC,IL,AGL,CE,Federal Contract Tower,0,8,16,2,26,0,0,13,0,13,0,8,29,2,39,18,0,18,57
05/02/2006,DEC,IL,AGL,CE,Federal Contract Tower,0,9,32,0,41,0,0,41,7,48,0,9,73,7,89,98,0,98,187
05/03/2006,DEC,IL,AGL,CE,Federal Contract Tower,0,8,3,0,11,0,0,62,9,71,0,8,65,9,82,82,10,92,174
05/04/2006,DEC,IL,AGL,CE,Federal Contract Tower,0,8,15,0,23,0,0,29,6,35,0,8,44,6,58,98,24,122,180
05/05/2006,DEC,IL,AGL,CE,Federal Contract Tower,0,10,20,2,32,0,0,34,10,44,0,10,54,12,76,57,10,67,143
05/06/2006,DEC,IL,AGL,CE,Federal Contract Tower,0,5,10,0,15,0,0,55,11,66,0,5,65,11,81,27,0,27,108
05/07/2006,DEC,IL,AGL,CE,Federal Contract Tower,0,5,13,0,18,0,0,37,0,37,0,5,50,0,55,47,0,47,102
05/08/2006,DEC,IL,AGL,CE,Federal Contract Tower,0,7,21,0,28,0,0,28,1,29,0,7,49,1,57,72,0,72,129
05/09/2006,DEC,IL,AGL,CE,Federal Contract Tower,0,7,13,1,21,0,0,26,5,31,0,7,39,6,52,44,0,44,96
05/10/2006,DEC,IL,AGL,CE,Federal Contract Tower,0,8,12,0,20,0,0,36,6,42,0,8,48,6,62,58,14,72,134
05/11/2006,DEC,IL,AGL,CE,Federal Contract Tower,0,9,15,0,24,0,0,27,7,34,0,9,42,7,58,50,18,68,126
05/12/2006,DEC,IL,AGL,CE,Federal Contract Tower,0,11,11,0,22,0,1,25,0,26,0,12,36,0,48,45,0,45,93
05/13/2006,DEC,IL,AGL,CE,Federal Contract Tower,0,6,1,0,7,0,0,42,0,42,0,6,43,0,49,20,0,20,69
05/14/2006,DEC,IL,AGL,CE,Federal Contract Tower,0,4,16,0,20,0,1,17,0,18,0,5,33,0,38,18,0,18,56
05/15/2006,DEC,IL,AGL,CE,Federal Contract Tower,0,8,19,0,27,0,0,15,6,21,0,8,34,6,48,0,0,0,48
05/16/2006,DEC,IL,AGL,CE,Federal Contract Tower,0,7,18,2,27,0,0,18,6,24,0,7,36,8,51,26,22,48,99
05/17/2006,DEC,IL,AGL,CE,Federal Contract Tower,0,7,16,0,23,0,0,48,16,64,0,7,64,16,87,84,24,108,195
05/18/2006,DEC,IL,AGL,CE,Federal Contract Tower,0,7,6,2,15,0,0,45,8,53,0,7,51,10,68,93,20,113,181
05/19/2006,DEC,IL,AGL,CE,Federal Contract Tower,0,8,12,1,21,0,0,36,2,38,0,8,48,3,59,69,0,69,128
05/20/2006,DEC,IL,AGL,CE,Federal Contract Tower,0,5,7,0,12,0,0,45,6,51,0,5,52,6,63,96,0,96,159
05/21/2006,DEC,IL,AGL,CE,Federal Contract Tower,0,5,6,0,11,0,0,40,4,44,0,5,46,4,55,85,10,95,150
05/22/2006,DEC,IL,AGL,CE,Federal Contract Tower,0,9,18,1,28,0,0,38,1,39,0,9,56,2,67,44,4,48,115
05/23/2006,DEC,IL,AGL,CE,Federal Contract Tower,0,5,19,1,25,0,0,39,12,51,0,5,58,13,76,66,36,102,178
05/24/2006,DEC,IL,AGL,CE,Federal Contract Tower,0,9,14,0,23,0,0,28,4,32,0,9,42,4,55,82,12,94,149
05/25/2006,DEC,IL,AGL,CE,Federal Contract Tower,0,12,30,0,42,0,0,37,0,37,0,12,67,0,79,79,0,79,158
05/26/2006,DEC,IL,AGL,CE,Federal Contract Tower,0,10,2,0,12,0,0,50,9,59,0,10,52,9,71,62,12,74,145
05/27/2006,DEC,IL,AGL,CE,Federal Contract Tower,0,3,11,0,14,0,0,30,0,30,0,3,41,0,44,64,0,64,108
05/28/2006,DEC,IL,AGL,CE,Federal Contract Tower,0,3,8,0,11,0,1,32,2,35,0,4,40,2,46,34,0,34,80
05/29/2006,DEC,IL,AGL,CE,Federal Contract Tower,0,5,7,0,12,0,0,32,0,32,0,5,39,0,44,18,0,18,62
05/30/2006,DEC,IL,AGL,CE,Federal Contract Tower,0,9,18,0,27,0,0,32,11,43,0,9,50,11,70,42,12,54,124
05/31/2006,DEC,IL,AGL,CE,Federal Contract Tower,0,7,20,0,27,0,0,32,2,34,0,7,52,2,61,94,0,94,155
06/01/2006,DEC,IL,AGL,CE,Federal Contract Tower,0,7,41,0,48,0,0,19,13,32,0,7,60,13,80,50,47,97,177
06/02/2006,DEC,IL,AGL,CE,Federal Contract Tower,0,7,12,0,19,0,0,46,2,48,0,7,58,2,67,61,2,63,130
06/03/2006,DEC,IL,AGL,CE,Federal Contract Tower,0,5,11,0,16,0,0,35,2,37,0,5,46,2,53,48,8,56,109
06/04/2006,DEC,IL,AGL,CE,Federal Contract Tower,0,7,5,0,12,0,0,50,6,56,0,7,55,6,68,57,24,81,149
06/05/2006,DEC,IL,AGL,CE,Federal Contract Tower,0,9,10,0,19,0,0,21,0,21,0,9,31,0,40,64,0,64,104
06/06/2006,DEC,IL,AGL,CE,Federal Contract Tower,0,7,21,0,28,0,0,20,11,31,0,7,41,11,59,22,12,34,93
06/07/2006,DEC,IL,AGL,CE,Federal Contract Tower,0,8,19,0,27,0,0,69,5,74,0,8,88,5,101,86,6,92,193
06/08/2006,DEC,IL,AGL,CE,Federal Contract Tower,0,7,26,0,33,0,0,45,4,49,0,7,71,4,82,87,4,91,173
06/09/2006,DEC,IL,AGL,CE,Federal Contract Tower,0,7,10,2,19,0,0,52,7,59,0,7,62,9,78,44,12,56,134
06/10/2006,DEC,IL,AGL,CE,Federal Contract Tower,0,5,9,0,14,0,0,52,4,56,0,5,61,4,70,21,2,23,93
06/11/2006,DEC,IL,AGL,CE,Federal Contract Tower,0,6,31,0,37,0,0,10,0,10,0,6,41,0,47,0,0,0,47
06/12/2006,DEC,IL,AGL,CE,Federal Contract Tower,0,7,17,0,24,0,0,33,1,34,0,7,50,1,58,66,0,66,124
06/13/2006,DEC,IL,AGL,CE,Federal Contract Tower,0,7,9,2,18,0,0,35,4,39,0,7,44,6,57,66,0,66,123
06/14/2006,DEC,IL,AGL,CE,Federal Contract Tower,0,8,15,2,25,0,0,30,12,42,0,8,45,14,67,56,16,72,139
06/15/2006,DEC,IL,AGL,CE,Federal Contract Tower,0,7,17,1,25,0,0,44,7,51,0,7,61,8,76,118,10,128,204
06/16/2006,DEC,IL,AGL,CE,Federal Contract Tower,0,7,8,8,23,0,0,34,2,36,0,7,42,10,59,76,9,85,144
06/17/2006,DEC,IL,AGL,CE,Federal Contract Tower,0,5,4,0,9,0,0,34,0,34,0,5,38,0,43,14,0,14,57
06/18/2006,DEC,IL,AGL,CE,Federal Contract Tower,0,6,6,0,12,0,1,21,0,22,0,7,27,0,34,13,0,13,47
06/19/2006,DEC,IL,AGL,CE,Federal Contract Tower,0,7,8,0,15,0,0,25,0,25,0,7,33,0,40,42,0,42,82
06/20/2006,DEC,IL,AGL,CE,Federal Contract Tower,0,8,17,8,33,0,0,33,16,49,0,8,50,24,82,46,46,92,174
06/21/2006,DEC,IL,AGL,CE,Federal Contract Tower,0,8,22,5,35,0,0,47,7,54,0,8,69,12,89,72,26,98,187
06/22/2006,DEC,IL,AGL,CE,Federal Contract Tower,0,8,23,0,31,0,0,46,1,47,0,8,69,1,78,99,25,124,202
06/23/2006,DEC,IL,AGL,CE,Federal Contract Tower,0,8,7,2,17,0,0,50,15,65,0,8,57,17,82,114,18,132,214
06/24/2006,DEC,IL,AGL,CE,Federal Contract Tower,0,8,8,0,16,0,0,39,3,42,0,8,47,3,58,41,6,47,105
06/25/2006,DEC,IL,AGL,CE,Federal Contract Tower,0,7,7,0,14,0,0,58,2,60,0,7,65,2,74,148,6,154,228
06/26/2006,DEC,IL,AGL,CE,Federal Contract Tower,0,13,24,2,39,0,0,38,4,42,0,13,62,6,81,84,3,87,168
06/27/2006,DEC,IL,AGL,CE,Federal Contract Tower,0,8,25,0,33,0,0,44,23,67,0,8,69,23,100,60,64,124,224
06/28/2006,DEC,IL,AGL,CE,Federal Contract Tower,0,7,7,6,20,0,0,46,13,59,0,7,53,19,79,92,22,114,193
06/29/2006,DEC,IL,AGL,CE,Federal Contract Tower,0,9,17,10,36,0,0,87,17,104,0,9,104,27,140,92,30,122,262
06/30/2006,DEC,IL,AGL,CE,Federal Contract Tower,0,8,6,1,15,0,0,40,0,40,0,8,46,1,55,49,14,63,118
07/01/2006,DEC,IL,AGL,CE,Federal Contract Tower,0,7,10,0,17,0,0,49,0,49,0,7,59,0,66,94,0,94,160
07/02/2006,DEC,IL,AGL,CE,Federal Contract Tower,0,4,8,0,12,0,0,39,0,39,0,4,47,0,51,88,0,88,139
07/03/2006,DEC,IL,AGL,CE,Federal Contract Tower,0,8,6,0,14,0,0,46,0,46,0,8,52,0,60,69,0,69,129
07/04/2006,DEC,IL,AGL,CE,Federal Contract Tower,0,7,5,0,12,0,0,31,8,39,0,7,36,8,51,37,16,53,104
07/05/2006,DEC,IL,AGL,CE,Federal Contract Tower,0,11,14,12,37,0,0,44,14,58,0,11,58,26,95,74,44,118,213
07/06/2006,DEC,IL,AGL,CE,Federal Contract Tower,0,12,15,0,27,0,0,42,14,56,0,12,57,14,83,68,8,76,159
07/07/2006,DEC,IL,AGL,CE,Federal Contract Tower,0,9,39,5,53,0,0,69,13,82,0,9,108,18,135,100,16,116,251
07/08/2006,DEC,IL,AGL,CE,Federal Contract Tower,0,7,35,0,42,0,0,72,32,104,0,7,107,32,146,74,68,142,288
07/09/2006,DEC,IL,AGL,CE,Federal Contract Tower,0,5,7,2,14,0,0,43,10,53,0,5,50,12,67,62,50,112,179
07/10/2006,DEC,IL,AGL,CE,Federal Contract Tower,0,8,8,1,17,0,0,52,1,53,0,8,60,2,70,102,0,102,172
07/11/2006,DEC,IL,AGL,CE,Federal Contract Tower,0,13,21,0,34,0,0,18,8,26,0,13,39,8,60,52,18,70,130
07/12/2006,DEC,IL,AGL,CE,Federal Contract Tower,1,10,9,0,20,0,0,18,8,26,1,10,27,8,46,52,20,72,118
07/13/2006,DEC,IL,AGL,CE,Federal Contract Tower,0,10,14,0,24,0,0,50,5,55,0,10,64,5,79,84,0,84,163
07/14/2006,DEC,IL,AGL,CE,Federal Contract Tower,0,10,20,0,30,0,1,23,1,25,0,11,43,1,55,48,0,48,103
07/15/2006,DEC,IL,AGL,CE,Federal Contract Tower,0,9,4,0,13,0,0,45,0,45,0,9,49,0,58,99,0,99,157
07/16/2006,DEC,IL,AGL,CE,Federal Contract Tower,0,4,5,0,9,0,0,63,0,63,0,4,68,0,72,100,0,100,172
07/17/2006,DEC,IL,AGL,CE,Federal Contract Tower,0,11,24,1,36,0,0,49,3,52,0,11,73,4,88,90,6,96,184
07/18/2006,DEC,IL,AGL,CE,Federal Contract Tower,0,14,19,4,37,0,0,52,12,64,0,14,71,16,101,70,4,74,175
07/19/2006,DEC,IL,AGL,CE,Federal Contract Tower,1,12,21,4,38,0,0,42,14,56,1,12,63,18,94,56,20,76,170
07/20/2006,DEC,IL,AGL,CE,Federal Contract Tower,0,9,15,2,26,0,0,15,5,20,0,9,30,7,46,50,6,56,102
07/21/2006,DEC,IL,AGL,CE,Federal Contract Tower,0,8,16,0,24,0,0,10,1,11,0,8,26,1,35,0,0,0,35
07/22/2006,DEC,IL,AGL,CE,Federal Contract Tower,0,8,11,0,19,0,0,52,0,52,0,8,63,0,71,80,0,80,151
07/23/2006,DEC,IL,AGL,CE,Federal Contract Tower,0,4,6,0,10,0,0,48,3,51,0,4,54,3,61,88,6,94,155
07/24/2006,DEC,IL,AGL,CE,Federal Contract Tower,0,9,14,2,25,0,0,63,12,75,0,9,77,14,100,90,8,98,198
07/25/2006,DEC,IL,AGL,CE,Federal Contract Tower,0,13,22,3,38,0,0,51,5,56,0,13,73,8,94,80,3,83,177
07/26/2006,DEC,IL,AGL,CE,Federal Contract Tower,0,11,15,2,28,0,0,39,7,46,0,11,54,9,74,88,4,92,166
07/27/2006,DEC,IL,AGL,CE,Federal Contract Tower,0,12,20,2,34,0,0,25,3,28,0,12,45,5,62,50,8,58,120
07/28/2006,DEC,IL,AGL,CE,Federal Contract Tower,0,10,26,4,40,0,0,29,10,39,0,10,55,14,79,42,0,42,121
07/29/2006,DEC,IL,AGL,CE,Federal Contract Tower,0,7,12,0,19,0,0,47,0,47,0,7,59,0,66,106,0,106,172
07/30/2006,DEC,IL,AGL,CE,Federal Contract Tower,0,4,2,2,8,0,0,47,0,47,0,4,49,2,55,108,8,116,171
07/31/2006,DEC,IL,AGL,CE,Federal Contract Tower,0,9,19,2,30,0,0,44,0,44,0,9,63,2,74,71,0,71,145
08/01/2006,DEC,IL,AGL,CE,Federal Contract Tower,0,11,18,0,29,0,0,33,8,41,0,11,51,8,70,61,2,63,133
08/02/2006,DEC,IL,AGL,CE,Federal Contract Tower,0,11,24,4,39,0,0,51,10,61,0,11,75,14,100,50,23,73,173
08/03/2006,DEC,IL,AGL,CE,Federal Contract Tower,0,10,14,3,27,0,0,32,11,43,0,10,46,14,70,64,13,77,147
08/04/2006,DEC,IL,AGL,CE,Federal Contract Tower,1,11,19,0,31,0,0,56,10,66,1,11,75,10,97,36,22,58,155
08/05/2006,DEC,IL,AGL,CE,Federal Contract Tower,0,5,7,0,12,0,0,37,10,47,0,5,44,10,59,68,24,92,151
08/06/2006,DEC,IL,AGL,CE,Federal Contract Tower,0,4,13,3,20,0,0,38,8,46,0,4,51,11,66,72,22,94,160
08/07/2006,DEC,IL,AGL,CE,Federal Contract Tower,0,9,5,5,19,0,0,36,5,41,0,9,41,10,60,72,16,88,148
08/08/2006,DEC,IL,AGL,CE,Federal Contract Tower,0,10,12,2,24,0,0,46,10,56,0,10,58,12,80,87,54,141,221
08/09/2006,DEC,IL,AGL,CE,Federal Contract Tower,0,11,12,2,25,0,0,34,4,38,0,11,46,6,63,53,10,63,126
08/10/2006,DEC,IL,AGL,CE,Federal Contract Tower,0,8,11,0,19,0,1,25,8,34,0,9,36,8,53,45,6,51,104
08/11/2006,DEC,IL,AGL,CE,Federal Contract Tower,0,9,19,4,32,0,0,18,5,23,0,9,37,9,55,14,0,14,69
08/12/2006,DEC,IL,AGL,CE,Federal Contract Tower,0,7,7,0,14,0,0,44,4,48,0,7,51,4,62,80,6,86,148
08/13/2006,DEC,IL,AGL,CE,Federal Contract Tower,0,5,11,0,16,0,1,40,6,47,0,6,51,6,63,105,8,113,176
08/14/2006,DEC,IL,AGL,CE,Federal Contract Tower,0,10,5,0,15,0,1,32,0,33,0,11,37,0,48,69,0,69,117
08/15/2006,DEC,IL,AGL,CE,Federal Contract Tower,0,15,10,1,26,0,0,63,10,73,0,15,73,11,99,159,22,181,280
08/16/2006,DEC,IL,AGL,CE,Federal Contract Tower,0,10,17,7,34,0,0,46,11,57,0,10,63,18,91,54,16,70,161
08/17/2006,DEC,IL,AGL,CE,Federal Contract Tower,0,8,14,1,23,0,0,43,9,52,0,8,57,10,75,66,32,98,173
08/18/2006,DEC,IL,AGL,CE,Federal Contract Tower,0,10,11,0,21,0,0,8,6,14,0,10,19,6,35,18,8,26,61
08/19/2006,DEC,IL,AGL,CE,Federal Contract Tower,0,7,6,1,14,0,0,41,0,41,0,7,47,1,55,102,0,102,157
08/20/2006,DEC,IL,AGL,CE,Federal Contract Tower,0,6,6,0,12,0,0,54,0,54,0,6,60,0,66,104,0,104,170
08/21/2006,DEC,IL,AGL,CE,Federal Contract Tower,0,10,19,2,31,0,1,64,5,70,0,11,83,7,101,75,8,83,184
08/22/2006,DEC,IL,AGL,CE,Federal Contract Tower,0,10,32,2,44,0,0,66,13,79,0,10,98,15,123,138,4,142,265
08/23/2006,DEC,IL,AGL,CE,Federal Contract Tower,0,9,21,2,32,0,0,48,9,57,0,9,69,11,89,70,6,76,165
08/24/2006,DEC,IL,AGL,CE,Federal Contract Tower,0,10,16,2,28,0,0,27,6,33,0,10,43,8,61,70,0,70,131
08/25/2006,DEC,IL,AGL,CE,Federal Contract Tower,0,7,17,0,24,0,0,26,4,30,0,7,43,4,54,74,12,86,140
08/26/2006,DEC,IL,AGL,CE,Federal Contract Tower,0,6,1,1,8,0,0,30,0,30,0,6,31,1,38,86,0,86,124
08/27/2006,DEC,IL,AGL,CE,Federal Contract Tower,0,4,4,1,9,0,0,28,0,28,0,4,32,1,37,74,0,74,111
08/28/2006,DEC,IL,AGL,CE,Federal Contract Tower,0,9,17,2,28,0,0,22,0,22,0,9,39,2,50,69,0,69,119
08/29/2006,DEC,IL,AGL,CE,Federal Contract Tower,1,9,43,14,67,0,0,15,0,15,1,9,58,14,82,30,0,30,112
08/30/2006,DEC,IL,AGL,CE,Federal Contract Tower,0,11,21,2,34,0,0,8,0,8,0,11,29,2,42,10,0,10,52
08/31/2006,DEC,IL,AGL,CE,Federal Contract Tower,0,8,23,4,35,0,0,25,12,37,0,8,48,16,72,18,14,32,104
09/01/2006,DEC,IL,AGL,CE,Federal Contract Tower,0,10,17,0,27,0,0,24,4,28,0,10,41,4,55,56,24,80,135
09/02/2006,DEC,IL,AGL,CE,Federal Contract Tower,0,6,9,0,15,0,0,55,0,55,0,6,64,0,70,76,0,76,146
09/03/2006,DEC,IL,AGL,CE,Federal Contract Tower,0,4,3,0,7,0,0,37,0,37,0,4,40,0,44,82,0,82,126
09/04/2006,DEC,IL,AGL,CE,Federal Contract Tower,0,8,12,0,20,0,0,43,0,43,0,8,55,0,63,57,0,57,120
09/05/2006,DEC,IL,AGL,CE,Federal Contract Tower,1,8,10,5,24,0,0,52,9,61,1,8,62,14,85,66,36,102,187
09/06/2006,DEC,IL,AGL,CE,Federal Contract Tower,0,11,16,3,30,0,0,58,12,70,0,11,74,15,100,98,2,100,200
09/07/2006,DEC,IL,AGL,CE,Federal Contract Tower,0,8,19,2,29,0,0,54,10,64,0,8,73,12,93,74,18,92,185
09/08/2006,DEC,IL,AGL,CE,Federal Contract Tower,0,10,23,1,34,0,0,46,10,56,0,10,69,11,90,36,26,62,152
09/09/2006,DEC,IL,AGL,CE,Federal Contract Tower,0,5,7,0,12,0,0,104,12,116,0,5,111,12,128,84,46,130,258
09/10/2006,DEC,IL,AGL,CE,Federal Contract Tower,0,5,14,1,20,0,0,37,2,39,0,5,51,3,59,84,0,84,143
09/11/2006,DEC,IL,AGL,CE,Federal Contract Tower,0,10,3,2,15,0,0,32,0,32,0,10,35,2,47,63,0,63,110
09/12/2006,DEC,IL,AGL,CE,Federal Contract Tower,1,9,11,1,22,0,0,22,1,23,1,9,33,2,45,47,0,47,92
09/13/2006,DEC,IL,AGL,CE,Federal Contract Tower,0,12,14,0,26,0,0,1,3,4,0,12,15,3,30,0,0,0,30
09/14/2006,DEC,IL,AGL,CE,Federal Contract Tower,0,10,19,3,32,0,0,50,14,64,0,10,69,17,96,74,12,86,182
09/15/2006,DEC,IL,AGL,CE,Federal Contract Tower,0,9,16,1,26,0,0,39,11,50,0,9,55,12,76,88,0,88,164
09/16/2006,DEC,IL,AGL,CE,Federal Contract Tower,0,7,14,0,21,0,0,57,7,64,0,7,71,7,85,83,10,93,178
09/17/2006,DEC,IL,AGL,CE,Federal Contract Tower,0,9,6,0,15,0,0,25,0,25,0,9,31,0,40,60,0,60,100
09/18/2006,DEC,IL,AGL,CE,Federal Contract Tower,0,11,14,3,28,0,0,46,11,57,0,11,60,14,85,78,21,99,184
09/19/2006,DEC,IL,AGL,CE,Federal Contract Tower,0,11,26,12,49,0,0,36,6,42,0,11,62,18,91,90,48,138,229
09/20/2006,DEC,IL,AGL,CE,Federal Contract Tower,0,9,9,3,21,0,0,61,11,72,0,9,70,14,93,118,30,148,241
09/21/2006,DEC,IL,AGL,CE,Federal Contract Tower,0,9,12,6,27,0,0,30,12,42,0,9,42,18,69,68,26,94,163
09/22/2006,DEC,IL,AGL,CE,Federal Contract Tower,0,10,20,0,30,0,0,10,10,20,0,10,30,10,50,12,40,52,102
09/23/2006,DEC,IL,AGL,CE,Federal Contract Tower,0,6,0,0,6,0,0,9,0,9,0,6,9,0,15,22,0,22,37
09/24/2006,DEC,IL,AGL,CE,Federal Contract Tower,0,7,5,2,14,0,0,20,0,20,0,7,25,2,34,14,0,14,48
09/25/2006,DEC,IL,AGL,CE,Federal Contract Tower,0,9,23,2,34,0,0,37,4,41,0,9,60,6,75,106,23,129,204
09/26/2006,DEC,IL,AGL,CE,Federal Contract Tower,0,8,17,1,26,0,0,63,11,74,0,8,80,12,100,180,14,194,294
09/27/2006,DEC,IL,AGL,CE,Federal Contract Tower,0,12,21,2,35,0,0,52,11,63,0,12,73,13,98,74,4,78,176
09/28/2006,DEC,IL,AGL,CE,Federal Contract Tower,0,8,24,3,35,0,0,30,4,34,0,8,54,7,69,44,0,44,113
09/29/2006,DEC,IL,AGL,CE,Federal Contract Tower,0,9,25,0,34,0,0,26,4,30,0,9,51,4,64,24,0,24,88
09/30/2006,DEC,IL,AGL,CE,Federal Contract Tower,0,10,3,0,13,0,0,60,3,63,0,10,63,3,76,78,2,80,156
10/01/2006,DEC,IL,AGL,CE,Federal Contract Tower,0,4,11,0,15,0,0,50,0,50,0,4,61,0,65,78,0,78,143
10/02/2006,DEC,IL,AGL,CE,Federal Contract Tower,0,11,22,7,40,0,0,38,3,41,0,11,60,10,81,44,0,44,125
10/03/2006,DEC,IL,AGL,CE,Federal Contract Tower,0,10,32,5,47,0,0,38,14,52,0,10,70,19,99,29,10,39,138
10/04/2006,DEC,IL,AGL,CE,Federal Contract Tower,0,12,20,1,33,0,0,28,7,35,0,12,48,8,68,50,18,68,136
10/05/2006,DEC,IL,AGL,CE,Federal Contract Tower,0,8,23,0,31,0,0,25,7,32,0,8,48,7,63,64,2,66,129
10/06/2006,DEC,IL,AGL,CE,Federal Contract Tower,1,7,10,1,19,0,0,24,0,24,1,7,34,1,43,20,0,20,63
10/07/2006,DEC,IL,AGL,CE,Federal Contract Tower,0,7,14,1,22,0,0,46,0,46,0,7,60,1,68,62,0,62,130
10/08/2006,DEC,IL,AGL,CE,Federal Contract Tower,0,4,7,0,11,0,0,58,3,61,0,4,65,3,72,72,2,74,146
10/09/2006,DEC,IL,AGL,CE,Federal Contract Tower,0,11,24,0,35,0,0,69,0,69,0,11,93,0,104,112,0,112,216
10/10/2006,DEC,IL,AGL,CE,Federal Contract Tower,0,9,17,2,28,0,0,49,9,58,0,9,66,11,86,111,5,116,202
10/11/2006,DEC,IL,AGL,CE,Federal Contract Tower,7,9,15,1,32,0,0,3,2,5,7,9,18,3,37,6,0,6,43
10/12/2006,DEC,IL,AGL,CE,Federal Contract Tower,0,9,30,2,41,0,0,25,2,27,0,9,55,4,68,32,0,32,100
10/13/2006,DEC,IL,AGL,CE,Federal Contract Tower,1,8,15,2,26,0,0,22,0,22,1,8,37,2,48,12,0,12,60
10/14/2006,DEC,IL,AGL,CE,Federal Contract Tower,0,9,10,1,20,0,0,44,11,55,0,9,54,12,75,76,6,82,157
10/15/2006,DEC,IL,AGL,CE,Federal Contract Tower,0,5,6,0,11,0,0,38,4,42,0,5,44,4,53,27,3,30,83
10/16/2006,DEC,IL,AGL,CE,Federal Contract Tower,0,11,14,1,26,0,0,11,1,12,0,11,25,2,38,22,0,22,60
10/17/2006,DEC,IL,AGL,CE,Federal Contract Tower,1,8,4,5,18,0,0,23,4,27,1,8,27,9,45,60,26,86,131
10/18/2006,DEC,IL,AGL,CE,Federal Contract Tower,0,7,25,6,38,0,0,25,4,29,0,7,50,10,67,74,10,84,151
10/19/2006,DEC,IL,AGL,CE,Federal Contract Tower,1,8,15,3,27,0,0,24,3,27,1,8,39,6,54,74,0,74,128
10/20/2006,DEC,IL,AGL,CE,Federal Contract Tower,0,7,20,2,29,0,0,31,2,33,0,7,51,4,62,74,0,74,136
10/21/2006,DEC,IL,AGL,CE,Federal Contract Tower,2,7,4,0,13,0,0,44,9,53,2,7,48,9,66,38,0,38,104
10/22/2006,DEC,IL,AGL,CE,Federal Contract Tower,0,4,14,0,18,0,0,33,0,33,0,4,47,0,51,61,0,61,112
10/23/2006,DEC,IL,AGL,CE,Federal Contract Tower,0,9,6,2,17,0,0,39,3,42,0,9,45,5,59,81,0,81,140
10/24/2006,DEC,IL,AGL,CE,Federal Contract Tower,0,7,10,4,21,0,0,43,14,57,0,7,53,18,78,72,12,84,162
10/25/2006,DEC,IL,AGL,CE,Federal Contract Tower,1,7,37,3,48,0,0,37,16,53,1,7,74,19,101,117,26,143,244
10/26/2006,DEC,IL,AGL,CE,Federal Contract Tower,6,7,10,7,30,0,0,1,0,1,6,7,11,7,31,0,0,0,31
10/27/2006,DEC,IL,AGL,CE,Federal Contract Tower,0,2,13,1,16,0,0,0,0,0,0,2,13,1,16,0,0,0,16
10/28/2006,DEC,IL,AGL,CE,Federal Contract Tower,0,8,6,0,14,0,0,34,0,34,0,8,40,0,48,34,0,34,82
10/29/2006,DEC,IL,AGL,CE,Federal Contract Tower,0,4,14,0,18,0,0,52,0,52,0,4,66,0,70,49,0,49,119
10/30/2006,DEC,IL,AGL,CE,Federal Contract Tower,0,11,11,2,24,0,0,17,0,17,0,11,28,2,41,45,0,45,86
10/31/2006,DEC,IL,AGL,CE,Federal Contract Tower,0,11,17,1,29,0,0,32,11,43,0,11,49,12,72,85,10,95,167
11/01/2006,DEC,IL,AGL,CE,Federal Contract Tower,1,11,20,8,40,0,0,32,7,39,1,11,52,15,79,51,8,59,138
11/02/2006,DEC,IL,AGL,CE,Federal Contract Tower,1,9,17,2,29,0,0,25,4,29,1,9,42,6,58,54,2,56,114
11/03/2006,DEC,IL,AGL,CE,Federal Contract Tower,0,10,20,0,30,0,0,28,6,34,0,10,48,6,64,72,0,72,136
11/04/2006,DEC,IL,AGL,CE,Federal Contract Tower,0,6,4,0,10,0,0,30,16,46,0,6,34,16,56,40,0,40,96
11/05/2006,DEC,IL,AGL,CE,Federal Contract Tower,0,6,10,0,16,0,0,41,5,46,0,6,51,5,62,42,8,50,112
11/06/2006,DEC,IL,AGL,CE,Federal Contract Tower,0,11,20,0,31,0,0,35,0,35,0,11,55,0,66,82,0,82,148
11/07/2006,DEC,IL,AGL,CE,Federal Contract Tower,0,12,14,2,28,0,0,6,0,6,0,12,20,2,34,16,0,16,50
11/08/2006,DEC,IL,AGL,CE,Federal Contract Tower,2,9,14,1,26,0,1,26,8,35,2,10,40,9,61,76,10,86,147
11/09/2006,DEC,IL,AGL,CE,Federal Contract Tower,0,9,30,0,39,0,0,49,9,58,0,9,79,9,97,103,6,109,206
11/10/2006,DEC,IL,AGL,CE,Federal Contract Tower,0,9,13,1,23,0,0,0,0,0,0,9,13,1,23,0,0,0,23
11/11/2006,DEC,IL,AGL,CE,Federal Contract Tower,0,11,14,0,25,0,0,18,0,18,0,11,32,0,43,27,0,27,70
11/12/2006,DEC,IL,AGL,CE,Federal Contract Tower,0,4,10,0,14,0,0,44,0,44,0,4,54,0,58,52,0,52,110
11/13/2006,DEC,IL,AGL,CE,Federal Contract Tower,0,7,18,2,27,0,0,26,13,39,0,7,44,15,66,109,38,147,213
11/14/2006,DEC,IL,AGL,CE,Federal Contract Tower,0,11,21,5,37,0,0,8,0,8,0,11,29,5,45,25,0,25,70
11/15/2006,DEC,IL,AGL,CE,Federal Contract Tower,0,16,14,2,32,0,0,9,1,10,0,16,23,3,42,19,0,19,61
11/16/2006,DEC,IL,AGL,CE,Federal Contract Tower,0,11,16,2,29,0,2,15,18,35,0,13,31,20,64,44,48,92,156
11/17/2006,DEC,IL,AGL,CE,Federal Contract Tower,0,10,21,2,33,0,0,3,1,4,0,10,24,3,37,16,0,16,53
11/18/2006,DEC,IL,AGL,CE,Federal Contract Tower,0,5,3,0,8,0,0,25,0,25,0,5,28,0,33,48,0,48,81
11/19/2006,DEC,IL,AGL,CE,Federal Contract Tower,0,5,12,0,17,0,0,24,1,25,0,5,36,1,42,35,0,35,77
11/20/2006,DEC,IL,AGL,CE,Federal Contract Tower,0,12,5,2,19,0,0,55,3,58,0,12,60,5,77,93,4,97,174
11/21/2006,DEC,IL,AGL,CE,Federal Contract Tower,0,9,16,9,34,0,0,48,11,59,0,9,64,20,93,56,30,86,179
11/22/2006,DEC,IL,AGL,CE,Federal Contract Tower,1,12,10,0,23,0,0,44,10,54,1,12,54,10,77,68,36,104,181
11/23/2006,DEC,IL,AGL,CE,Federal Contract Tower,0,7,7,0,14,0,0,24,0,24,0,7,31,0,38,2,0,2,40
11/24/2006,DEC,IL,AGL,CE,Federal Contract Tower,0,10,19,0,29,0,0,34,0,34,0,10,53,0,63,30,0,30,93
11/25/2006,DEC,IL,AGL,CE,Federal Contract Tower,0,5,10,0,15,0,0,45,0,45,0,5,55,0,60,45,0,45,105
11/26/2006,DEC,IL,AGL,CE,Federal Contract Tower,0,8,11,2,21,0,0,39,0,39,0,8,50,2,60,40,0,40,100
11/27/2006,DEC,IL,AGL,CE,Federal Contract Tower,0,16,11,2,29,0,0,32,0,32,0,16,43,2,61,76,0,76,137
11/28/2006,DEC,IL,AGL,CE,Federal Contract Tower,0,14,17,0,31,0,0,27,15,42,0,14,44,15,73,66,32,98,171
11/29/2006,DEC,IL,AGL,CE,Federal Contract Tower,0,9,22,0,31,0,0,15,2,17,0,9,37,2,48,32,2,34,82
11/30/2006,DEC,IL,AGL,CE,Federal Contract Tower,0,4,4,0,8,0,0,0,0,0,0,4,4,0,8,0,0,0,8
12/01/2006,DEC,IL,AGL,CE,Federal Contract Tower,0,5,5,0,10,0,0,7,0,7,0,5,12,0,17,0,0,0,17
12/02/2006,DEC,IL,AGL,CE,Federal Contract Tower,0,3,10,0,13,0,0,32,9,41,0,3,42,9,54,34,0,34,88
12/03/2006,DEC,IL,AGL,CE,Federal Contract Tower,0,5,4,0,9,0,0,44,4,48,0,5,48,4,57,38,0,38,95
12/04/2006,DEC,IL,AGL,CE,Federal Contract Tower,0,8,26,7,41,0,0,37,2,39,0,8,63,9,80,62,14,76,156
12/05/2006,DEC,IL,AGL,CE,Federal Contract Tower,0,10,18,2,30,0,0,21,9,30,0,10,39,11,60,50,18,68,128
12/06/2006,DEC,IL,AGL,CE,Federal Contract Tower,0,11,16,0,27,0,0,29,11,40,0,11,45,11,67,51,32,83,150
12/07/2006,DEC,IL,AGL,CE,Federal Contract Tower,0,10,23,2,35,0,0,17,5,22,0,10,40,7,57,56,10,66,123
12/08/2006,DEC,IL,AGL,CE,Federal Contract Tower,0,12,21,2,35,0,0,28,4,32,0,12,49,6,67,46,8,54,121
12/09/2006,DEC,IL,AGL,CE,Federal Contract Tower,0,5,4,0,9,0,0,34,0,34,0,5,38,0,43,50,0,50,93
12/10/2006,DEC,IL,AGL,CE,Federal Contract Tower,0,4,13,0,17,0,0,44,0,44,0,4,57,0,61,51,0,51,112
12/11/2006,DEC,IL,AGL,CE,Federal Contract Tower,0,11,11,1,23,0,0,19,3,22,0,11,30,4,45,68,0,68,113
12/12/2006,DEC,IL,AGL,CE,Federal Contract Tower,0,10,10,1,21,0,0,15,7,22,0,10,25,8,43,57,20,77,120
12/13/2006,DEC,IL,AGL,CE,Federal Contract Tower,0,7,27,1,35,0,0,34,9,43,0,7,61,10,78,57,6,63,141
12/14/2006,DEC,IL,AGL,CE,Federal Contract Tower,2,12,24,1,39,0,0,33,6,39,2,12,57,7,78,68,8,76,154
12/15/2006,DEC,IL,AGL,CE,Federal Contract Tower,0,10,17,9,36,0,0,29,3,32,0,10,46,12,68,74,6,80,148
12/16/2006,DEC,IL,AGL,CE,Federal Contract Tower,0,9,10,0,19,0,0,18,0,18,0,9,28,0,37,33,0,33,70
12/17/2006,DEC,IL,AGL,CE,Federal Contract Tower,0,6,10,2,18,0,0,3,0,3,0,6,13,2,21,0,0,0,21
12/18/2006,DEC,IL,AGL,CE,Federal Contract Tower,0,10,13,10,33,0,0,63,0,63,0,10,76,10,96,73,8,81,177
12/19/2006,DEC,IL,AGL,CE,Federal Contract Tower,0,9,19,3,31,0,0,40,12,52,0,9,59,15,83,42,46,88,171
12/20/2006,DEC,IL,AGL,CE,Federal Contract Tower,2,13,21,5,41,0,0,18,3,21,2,13,39,8,62,27,6,33,95
12/21/2006,DEC,IL,AGL,CE,Federal Contract Tower,0,11,6,2,19,0,0,0,0,0,0,11,6,2,19,0,0,0,19
12/22/2006,DEC,IL,AGL,CE,Federal Contract Tower,0,20,12,1,33,0,0,11,4,15,0,20,23,5,48,30,6,36,84
12/23/2006,DEC,IL,AGL,CE,Federal Contract Tower,0,12,6,0,18,0,0,32,1,33,0,12,38,1,51,40,0,40,91
12/24/2006,DEC,IL,AGL,CE,Federal Contract Tower,0,4,3,0,7,0,0,33,0,33,0,4,36,0,40,44,0,44,84
12/25/2006,DEC,IL,AGL,CE,Federal Contract Tower,0,8,4,0,12,0,0,14,0,14,0,8,18,0,26,12,0,12,38
12/26/2006,DEC,IL,AGL,CE,Federal Contract Tower,0,9,6,0,15,0,0,30,0,30,0,9,36,0,45,77,0,77,122
12/27/2006,DEC,IL,AGL,CE,Federal Contract Tower,0,9,15,3,27,0,0,36,5,41,0,9,51,8,68,87,16,103,171
12/28/2006,DEC,IL,AGL,CE,Federal Contract Tower,0,8,7,0,15,0,0,39,0,39,0,8,46,0,54,82,0,82,136
12/29/2006,DEC,IL,AGL,CE,Federal Contract Tower,0,9,9,0,18,0,0,18,0,18,0,9,27,0,36,20,0,20,56
12/30/2006,DEC,IL,AGL,CE,Federal Contract Tower,0,7,6,0,13,0,0,34,0,34,0,7,40,0,47,59,0,59,106
12/31/2006,DEC,IL,AGL,CE,Federal Contract Tower,0,5,0,0,5,0,0,19,0,19,0,5,19,0,24,20,0,20,44
01/01/2007,DEC,IL,AGL,CE,Federal Contract Tower,0,8,1,0,9,0,0,19,0,19,0,8,20,0,28,82,0,82,110
01/02/2007,DEC,IL,AGL,CE,Federal Contract Tower,0,10,14,0,24,0,0,33,0,33,0,10,47,0,57,71,0,71,128
01/03/2007,DEC,IL,AGL,CE,Federal Contract Tower,0,9,15,2,26,0,0,37,20,57,0,9,52,22,83,75,42,117,200
01/04/2007,DEC,IL,AGL,CE,Federal Contract Tower,0,9,4,0,13,0,0,20,6,26,0,9,24,6,39,30,10,40,79
01/05/2007,DEC,IL,AGL,CE,Federal Contract Tower,0,10,12,2,24,0,0,0,4,4,0,10,12,6,28,0,22,22,50
01/06/2007,DEC,IL,AGL,CE,Federal Contract Tower,0,5,6,7,18,0,0,23,18,41,0,5,29,25,59,22,43,65,124
01/07/2007,DEC,IL,AGL,CE,Federal Contract Tower,0,4,4,2,10,0,0,20,3,23,0,4,24,5,33,33,0,33,66
01/08/2007,DEC,IL,AGL,CE,Federal Contract Tower,0,11,14,2,27,0,0,32,2,34,0,11,46,4,61,87,4,91,152
01/09/2007,DEC,IL,AGL,CE,Federal Contract Tower,0,9,12,2,23,0,0,23,11,34,0,9,35,13,57,61,20,81,138
01/10/2007,DEC,IL,AGL,CE,Federal Contract Tower,1,8,11,3,23,0,0,29,22,51,1,8,40,25,74,88,36,124,198
01/11/2007,DEC,IL,AGL,CE,Federal Contract Tower,0,9,12,2,23,0,0,24,0,24,0,9,36,2,47,64,6,70,117
01/12/2007,DEC,IL,AGL,CE,Federal Contract Tower,0,7,10,0,17,0,0,8,0,8,0,7,18,0,25,10,0,10,35
01/13/2007,DEC,IL,AGL,CE,Federal Contract Tower,0,2,2,0,4,0,0,0,0,0,0,2,2,0,4,0,0,0,4
01/14/2007,DEC,IL,AGL,CE,Federal Contract Tower,0,2,2,0,4,0,0,2,0,2,0,2,4,0,6,0,0,0,6
01/15/2007,DEC,IL,AGL,CE,Federal Contract Tower,0,11,6,0,17,0,0,10,0,10,0,11,16,0,27,42,0,42,69
01/16/2007,DEC,IL,AGL,CE,Federal Contract Tower,0,9,11,2,22,0,0,28,0,28,0,9,39,2,50,92,4,96,146
01/17/2007,DEC,IL,AGL,CE,Federal Contract Tower,0,11,24,1,36,0,1,36,8,45,0,12,60,9,81,100,14,114,195
01/18/2007,DEC,IL,AGL,CE,Federal Contract Tower,0,12,2,2,16,0,0,20,4,24,0,12,22,6,40,48,2,50,90
01/19/2007,DEC,IL,AGL,CE,Federal Contract Tower,0,7,9,2,18,0,0,29,8,37,0,7,38,10,55,52,8,60,115
01/20/2007,DEC,IL,AGL,CE,Federal Contract Tower,0,5,5,0,10,0,0,55,0,55,0,5,60,0,65,90,0,90,155
01/21/2007,DEC,IL,AGL,CE,Federal Contract Tower,0,6,9,2,17,0,0,0,0,0,0,6,9,2,17,0,0,0,17
01/22/2007,DEC,IL,AGL,CE,Federal Contract Tower,0,9,11,2,22,0,0,14,5,19,0,9,25,7,41,74,32,106,147
01/23/2007,DEC,IL,AGL,CE,Federal Contract Tower,0,8,25,4,37,0,0,23,6,29,0,8,48,10,66,56,8,64,130
01/24/2007,DEC,IL,AGL,CE,Federal Contract Tower,0,7,11,2,20,0,0,13,3,16,0,7,24,5,36,26,18,44,80
01/25/2007,DEC,IL,AGL,CE,Federal Contract Tower,0,7,28,0,35,0,0,31,14,45,0,7,59,14,80,82,42,124,204
01/26/2007,DEC,IL,AGL,CE,Federal Contract Tower,0,9,8,2,19,0,0,42,6,48,0,9,50,8,67,42,4,46,113
01/27/2007,DEC,IL,AGL,CE,Federal Contract Tower,0,6,3,0,9,0,0,27,2,29,0,6,30,2,38,48,0,48,86
01/28/2007,DEC,IL,AGL,CE,Federal Contract Tower,0,4,8,2,14,0,0,18,0,18,0,4,26,2,32,25,0,25,57
01/29/2007,DEC,IL,AGL,CE,Federal Contract Tower,0,9,14,1,24,0,0,33,3,36,0,9,47,4,60,76,4,80,140
01/30/2007,DEC,IL,AGL,CE,Federal Contract Tower,0,9,12,0,21,0,0,26,6,32,0,9,38,6,53,75,14,89,142
01/31/2007,DEC,IL,AGL,CE,Federal Contract Tower,0,9,26,1,36,0,0,47,14,61,0,9,73,15,97,94,40,134,231
02/01/2007,DEC,IL,AGL,CE,Federal Contract Tower,0,24,22,0,46,0,0,26,2,28,0,24,48,2,74,50,0,50,124
02/02/2007,DEC,IL,AGL,CE,Federal Contract Tower,0,21,7,2,30,0,0,25,4,29,0,21,32,6,59,54,0,54,113
02/03/2007,DEC,IL,AGL,CE,Federal Contract Tower,0,9,2,1,12,0,0,24,4,28,0,9,26,5,40,25,3,28,68
02/04/2007,DEC,IL,AGL,CE,Federal Contract Tower,0,12,2,0,14,0,0,29,0,29,0,12,31,0,43,86,0,86,129
02/05/2007,DEC,IL,AGL,CE,Federal Contract Tower,0,20,15,6,41,0,0,46,6,52,0,20,61,12,93,84,0,84,177
02/06/2007,DEC,IL,AGL,CE,Federal Contract Tower,0,15,6,2,23,0,0,0,0,0,0,15,6,2,23,0,0,0,23
02/07/2007,DEC,IL,AGL,CE,Federal Contract Tower,0,15,8,2,25,0,0,23,12,35,0,15,31,14,60,28,35,63,123
02/08/2007,DEC,IL,AGL,CE,Federal Contract Tower,0,19,12,2,33,0,0,36,4,40,0,19,48,6,73,79,14,93,166
02/09/2007,DEC,IL,AGL,CE,Federal Contract Tower,3,22,10,4,39,0,0,32,7,39,3,22,42,11,78,63,12,75,153
02/10/2007,DEC,IL,AGL,CE,Federal Contract Tower,0,9,9,0,18,0,0,36,2,38,0,9,45,2,56,110,0,110,166
02/11/2007,DEC,IL,AGL,CE,Federal Contract Tower,0,14,13,2,29,0,0,26,1,27,0,14,39,3,56,100,0,100,156
02/12/2007,DEC,IL,AGL,CE,Federal Contract Tower,0,18,9,2,29,0,0,26,0,26,0,18,35,2,55,38,2,40,95
02/13/2007,DEC,IL,AGL,CE,Federal Contract Tower,1,0,0,0,1,0,0,0,0,0,1,0,0,0,1,0,0,0,1
02/14/2007,DEC,IL,AGL,CE,Federal Contract Tower,0,11,3,0,14,0,0,1,0,1,0,11,4,0,15,0,0,0,15
02/15/2007,DEC,IL,AGL,CE,Federal Contract Tower,0,20,25,2,47,0,0,23,5,28,0,20,48,7,75,34,4,38,113
02/16/2007,DEC,IL,AGL,CE,Federal Contract Tower,0,22,24,2,48,0,0,23,4,27,0,22,47,6,75,49,4,53,128
02/17/2007,DEC,IL,AGL,CE,Federal Contract Tower,0,6,4,0,10,0,0,4,0,4,0,6,8,0,14,0,0,0,14
02/18/2007,DEC,IL,AGL,CE,Federal Contract Tower,0,12,5,0,17,0,0,34,0,34,0,12,39,0,51,72,0,72,123
02/19/2007,DEC,IL,AGL,CE,Federal Contract Tower,0,21,18,0,39,0,0,25,0,25,0,21,43,0,64,40,0,40,104
02/20/2007,DEC,IL,AGL,CE,Federal Contract Tower,0,17,7,4,28,0,0,36,18,54,0,17,43,22,82,64,48,112,194
02/21/2007,DEC,IL,AGL,CE,Federal Contract Tower,2,16,30,8,56,0,0,43,19,62,2,16,73,27,118,111,52,163,281
02/22/2007,DEC,IL,AGL,CE,Federal Contract Tower,1,24,13,4,42,0,0,44,6,50,1,24,57,10,92,79,12,91,183
02/23/2007,DEC,IL,AGL,CE,Federal Contract Tower,0,22,29,3,54,0,0,33,5,38,0,22,62,8,92,61,26,87,179
02/24/2007,DEC,IL,AGL,CE,Federal Contract Tower,0,9,4,0,13,0,0,12,0,12,0,9,16,0,25,32,0,32,57
02/25/2007,DEC,IL,AGL,CE,Federal Contract Tower,0,6,3,2,11,0,0,17,0,17,0,6,20,2,28,34,0,34,62
02/26/2007,DEC,IL,AGL,CE,Federal Contract Tower,0,22,12,0,34,0,0,29,3,32,0,22,41,3,66,66,0,66,132
02/27/2007,DEC,IL,AGL,CE,Federal Contract Tower,0,17,22,7,46,0,0,28,8,36,0,17,50,15,82,58,10,68,150
02/28/2007,DEC,IL,AGL,CE,Federal Contract Tower,0,16,24,2,42,0,0,23,6,29,0,16,47,8,71,26,22,48,119
03/01/2007,DEC,IL,AGL,CE,Federal Contract Tower,0,20,11,0,31,0,0,16,0,16,0,20,27,0,47,32,0,32,79
03/02/2007,DEC,IL,AGL,CE,Federal Contract Tower,0,20,7,0,27,0,0,24,3,27,0,20,31,3,54,31,0,31,85
03/03/2007,DEC,IL,AGL,CE,Federal Contract Tower,0,7,22,0,29,0,0,3,2,5,0,7,25,2,34,10,22,32,66
03/04/2007,DEC,IL,AGL,CE,Federal Contract Tower,0,11,11,0,22,0,0,44,0,44,0,11,55,0,66,102,0,102,168
03/05/2007,DEC,IL,AGL,CE,Federal Contract Tower,0,19,20,2,41,0,0,43,7,50,0,19,63,9,91,90,14,104,195
03/06/2007,DEC,IL,AGL,CE,Federal Contract Tower,0,16,30,2,48,0,0,42,13,55,0,16,72,15,103,88,42,130,233
03/07/2007,DEC,IL,AGL,CE,Federal Contract Tower,0,17,21,4,42,0,0,39,4,43,0,17,60,8,85,55,0,55,140
03/08/2007,DEC,IL,AGL,CE,Federal Contract Tower,0,20,22,2,44,0,0,53,3,56,0,20,75,5,100,106,22,128,228
03/09/2007,DEC,IL,AGL,CE,Federal Contract Tower,0,12,23,0,35,0,0,41,9,50,0,12,64,9,85,74,18,92,177
03/10/2007,DEC,IL,AGL,CE,Federal Contract Tower,0,7,11,0,18,0,0,43,0,43,0,7,54,0,61,60,0,60,121
03/11/2007,DEC,IL,AGL,CE,Federal Contract Tower,0,8,17,0,25,0,0,42,0,42,0,8,59,0,67,88,0,88,155
03/12/2007,DEC,IL,AGL,CE,Federal Contract Tower,0,13,23,2,38,0,0,36,3,39,0,13,59,5,77,60,0,60,137
03/13/2007,DEC,IL,AGL,CE,Federal Contract Tower,0,9,9,3,21,0,0,49,16,65,0,9,58,19,86,72,30,102,188
03/14/2007,DEC,IL,AGL,CE,Federal Contract Tower,0,8,17,3,28,0,0,33,8,41,0,8,50,11,69,46,22,68,137
03/15/2007,DEC,IL,AGL,CE,Federal Contract Tower,0,9,28,0,37,0,0,30,5,35,0,9,58,5,72,61,3,64,136
03/16/2007,DEC,IL,AGL,CE,Federal Contract Tower,0,14,12,2,28,0,0,38,12,50,0,14,50,14,78,73,24,97,175
03/17/2007,DEC,IL,AGL,CE,Federal Contract Tower,0,6,3,2,11,0,0,38,10,48,0,6,41,12,59,54,0,54,113
03/18/2007,DEC,IL,AGL,CE,Federal Contract Tower,0,8,9,0,17,0,0,51,4,55,0,8,60,4,72,94,6,100,172
03/19/2007,DEC,IL,AGL,CE,Federal Contract Tower,0,13,27,2,42,0,0,19,0,19,0,13,46,2,61,38,0,38,99
03/20/2007,DEC,IL,AGL,CE,Federal Contract Tower,0,12,12,2,26,0,0,43,11,54,0,12,55,13,80,80,26,106,186
03/21/2007,DEC,IL,AGL,CE,Federal Contract Tower,0,5,3,2,10,0,0,31,16,47,0,5,34,18,57,35,12,47,104
03/22/2007,DEC,IL,AGL,CE,Federal Contract Tower,0,12,16,7,35,0,0,25,7,32,0,12,41,14,67,26,27,53,120
03/23/2007,DEC,IL,AGL,CE,Federal Contract Tower,0,17,14,0,31,0,0,24,0,24,0,17,38,0,55,64,0,64,119
03/24/2007,DEC,IL,AGL,CE,Federal Contract Tower,0,5,9,0,14,0,0,38,16,54,0,5,47,16,68,94,0,94,162
03/25/2007,DEC,IL,AGL,CE,Federal Contract Tower,0,8,8,0,16,0,0,58,0,58,0,8,66,0,74,74,0,74,148
03/26/2007,DEC,IL,AGL,CE,Federal Contract Tower,2,12,20,4,38,0,0,37,4,41,2,12,57,8,79,48,22,70,149
03/27/2007,DEC,IL,AGL,CE,Federal Contract Tower,0,9,5,4,18,0,0,32,19,51,0,9,37,23,69,52,42,94,163
03/28/2007,DEC,IL,AGL,CE,Federal Contract Tower,0,20,15,2,37,0,0,31,15,46,0,20,46,17,83,34,6,40,123
03/29/2007,DEC,IL,AGL,CE,Federal Contract Tower,0,12,30,4,46,0,0,16,3,19,0,12,46,7,65,26,9,35,100
03/30/2007,DEC,IL,AGL,CE,Federal Contract Tower,0,14,15,0,29,0,0,21,11,32,0,14,36,11,61,73,6,79,140
03/31/2007,DEC,IL,AGL,CE,Federal Contract Tower,0,5,6,0,11,0,0,28,0,28,0,5,34,0,39,74,0,74,113
04/01/2007,DEC,IL,AGL,CE,Federal Contract Tower,0,6,6,0,12,0,0,16,0,16,0,6,22,0,28,26,0,26,54
04/02/2007,DEC,IL,AGL,CE,Federal Contract Tower,0,13,17,3,33,0,0,56,4,60,0,13,73,7,93,98,4,102,195
04/03/2007,DEC,IL,AGL,CE,Federal Contract Tower,0,10,9,0,19,0,0,14,3,17,0,10,23,3,36,24,8,32,68
04/04/2007,DEC,IL,AGL,CE,Federal Contract Tower,0,10,11,4,25,0,0,26,9,35,0,10,37,13,60,13,0,13,73
04/05/2007,DEC,IL,AGL,CE,Federal Contract Tower,0,16,17,1,34,0,0,36,7,43,0,16,53,8,77,47,2,49,126
04/06/2007,DEC,IL,AGL,CE,Federal Contract Tower,0,12,15,0,27,0,0,35,2,37,0,12,50,2,64,66,6,72,136
04/07/2007,DEC,IL,AGL,CE,Federal Contract Tower,0,5,9,0,14,0,0,18,0,18,0,5,27,0,32,44,0,44,76
04/08/2007,DEC,IL,AGL,CE,Federal Contract Tower,0,10,1,0,11,0,0,49,0,49,0,10,50,0,60,68,0,68,128
04/09/2007,DEC,IL,AGL,CE,Federal Contract Tower,0,13,35,0,48,0,0,45,0,45,0,13,80,0,93,86,0,86,179
04/10/2007,DEC,IL,AGL,CE,Federal Contract Tower,0,10,16,4,30,0,0,38,8,46,0,10,54,12,76,50,10,60,136
04/11/2007,DEC,IL,AGL,CE,Federal Contract Tower,0,9,8,0,17,0,0,19,6,25,0,9,27,6,42,22,20,42,84
04/12/2007,DEC,IL,AGL,CE,Federal Contract Tower,0,17,28,2,47,0,0,21,4,25,0,17,49,6,72,30,0,30,102
04/13/2007,DEC,IL,AGL,CE,Federal Contract Tower,0,14,14,0,28,0,0,67,5,72,0,14,81,5,100,62,12,74,174
04/14/2007,DEC,IL,AGL,CE,Federal Contract Tower,0,6,3,1,10,0,0,4,6,10,0,6,7,7,20,0,0,0,20
04/15/2007,DEC,IL,AGL,CE,Federal Contract Tower,0,8,8,0,16,0,0,52,9,61,0,8,60,9,77,60,4,64,141
04/16/2007,DEC,IL,AGL,CE,Federal Contract Tower,0,7,19,3,29,0,0,47,5,52,0,7,66,8,81,36,0,36,117
04/17/2007,DEC,IL,AGL,CE,Federal Contract Tower,0,9,18,0,27,0,0,52,12,64,0,9,70,12,91,92,20,112,203
04/18/2007,DEC,IL,AGL,CE,Federal Contract Tower,0,9,11,0,20,0,0,52,14,66,0,9,63,14,86,54,34,88,174
04/19/2007,DEC,IL,AGL,CE,Federal Contract Tower,0,15,27,0,42,0,0,26,5,31,0,15,53,5,73,45,22,67,140
04/20/2007,DEC,IL,AGL,CE,Federal Contract Tower,0,14,13,1,28,0,0,44,6,50,0,14,57,7,78,85,10,95,173
04/21/2007,DEC,IL,AGL,CE,Federal Contract Tower,0,5,8,0,13,0,0,40,0,40,0,5,48,0,53,54,0,54,107
04/22/2007,DEC,IL,AGL,CE,Federal Contract Tower,0,8,12,0,20,0,0,32,0,32,0,8,44,0,52,18,0,18,70
04/23/2007,DEC,IL,AGL,CE,Federal Contract Tower,0,13,12,0,25,0,0,20,0,20,0,13,32,0,45,26,0,26,71
04/24/2007,DEC,IL,AGL,CE,Federal Contract Tower,0,9,22,0,31,0,0,29,10,39,0,9,51,10,70,54,24,78,148
04/25/2007,DEC,IL,AGL,CE,Federal Contract Tower,0,7,15,0,22,0,0,0,0,0,0,7,15,0,22,0,0,0,22
04/26/2007,DEC,IL,AGL,CE,Federal Contract Tower,0,12,12,1,25,0,0,30,1,31,0,12,42,2,56,51,0,51,107
04/27/2007,DEC,IL,AGL,CE,Federal Contract Tower,0,12,14,2,28,0,0,34,2,36,0,12,48,4,64,73,4,77,141
04/28/2007,DEC,IL,AGL,CE,Federal Contract Tower,0,5,11,0,16,0,0,32,0,32,0,5,43,0,48,84,0,84,132
04/29/2007,DEC,IL,AGL,CE,Federal Contract Tower,0,8,6,0,14,0,0,41,0,41,0,8,47,0,55,132,0,132,187
04/30/2007,DEC,IL,AGL,CE,Federal Contract Tower,0,13,17,0,30,0,0,49,3,52,0,13,66,3,82,92,0,92,174
05/01/2007,DEC,IL,AGL,CE,Federal Contract Tower,0,9,12,0,21,0,0,47,14,61,0,9,59,14,82,108,26,134,216
05/02/2007,DEC,IL,AGL,CE,Federal Contract Tower,0,9,28,2,39,0,0,26,2,28,0,9,54,4,67,59,0,59,126
05/03/2007,DEC,IL,AGL,CE,Federal Contract Tower,0,13,33,4,50,0,0,34,2,36,0,13,67,6,86,50,4,54,140
05/04/2007,DEC,IL,AGL,CE,Federal Contract Tower,0,8,17,0,25,0,0,14,12,26,0,8,31,12,51,65,46,111,162
05/05/2007,DEC,IL,AGL,CE,Federal Contract Tower,0,10,14,0,24,0,0,23,6,29,0,10,37,6,53,60,16,76,129
05/06/2007,DEC,IL,AGL,CE,Federal Contract Tower,0,4,5,0,9,0,0,38,18,56,0,4,43,18,65,46,18,64,129
05/07/2007,DEC,IL,AGL,CE,Federal Contract Tower,0,9,19,0,28,0,0,40,0,40,0,9,59,0,68,64,0,64,132
05/08/2007,DEC,IL,AGL,CE,Federal Contract Tower,0,9,12,0,21,0,0,35,17,52,0,9,47,17,73,68,38,106,179
05/09/2007,DEC,IL,AGL,CE,Federal Contract Tower,0,9,15,0,24,0,0,43,10,53,0,9,58,10,77,40,20,60,137
05/10/2007,DEC,IL,AGL,CE,Federal Contract Tower,0,9,17,0,26,0,0,44,6,50,0,9,61,6,76,58,2,60,136
05/11/2007,DEC,IL,AGL,CE,Federal Contract Tower,1,7,17,0,25,0,0,55,4,59,1,7,72,4,84,100,26,126,210
05/12/2007,DEC,IL,AGL,CE,Federal Contract Tower,0,6,2,0,8,0,0,66,0,66,0,6,68,0,74,134,0,134,208
05/13/2007,DEC,IL,AGL,CE,Federal Contract Tower,0,4,1,0,5,0,0,42,0,42,0,4,43,0,47,82,0,82,129
05/14/2007,DEC,IL,AGL,CE,Federal Contract Tower,0,9,16,0,25,0,0,37,9,46,0,9,53,9,71,97,26,123,194
05/15/2007,DEC,IL,AGL,CE,Federal Contract Tower,0,7,18,4,29,0,0,21,10,31,0,7,39,14,60,56,70,126,186
05/16/2007,DEC,IL,AGL,CE,Federal Contract Tower,0,9,9,4,22,0,0,53,20,73,0,9,62,24,95,48,31,79,174
05/17/2007,DEC,IL,AGL,CE,Federal Contract Tower,0,9,27,1,37,0,0,36,14,50,0,9,63,15,87,68,28,96,183
05/18/2007,DEC,IL,AGL,CE,Federal Contract Tower,0,7,12,0,19,0,0,49,4,53,0,7,61,4,72,96,1,97,169
05/19/2007,DEC,IL,AGL,CE,Federal Contract Tower,0,7,1,0,8,0,0,105,4,109,0,7,106,4,117,106,0,106,223
05/20/2007,DEC,IL,AGL,CE,Federal Contract Tower,0,4,4,0,8,0,0,55,0,55,0,4,59,0,63,103,0,103,166
05/21/2007,DEC,IL,AGL,CE,Federal Contract Tower,0,9,18,0,27,0,0,45,0,45,0,9,63,0,72,100,0,100,172
05/22/2007,DEC,IL,AGL,CE,Federal Contract Tower,0,12,10,1,23,0,0,45,26,71,0,12,55,27,94,59,13,72,166
05/23/2007,DEC,IL,AGL,CE,Federal Contract Tower,0,10,23,0,33,0,0,29,16,45,0,10,52,16,78,28,12,40,118
05/24/2007,DEC,IL,AGL,CE,Federal Contract Tower,0,9,11,0,20,0,0,16,12,28,0,9,27,12,48,40,0,40,88
05/25/2007,DEC,IL,AGL,CE,Federal Contract Tower,0,8,18,0,26,0,0,20,0,20,0,8,38,0,46,20,0,20,66
05/26/2007,DEC,IL,AGL,CE,Federal Contract Tower,0,5,3,0,8,0,0,36,0,36,0,5,39,0,44,94,0,94,138
05/27/2007,DEC,IL,AGL,CE,Federal Contract Tower,0,4,4,0,8,0,0,41,0,41,0,4,45,0,49,76,0,76,125
05/28/2007,DEC,IL,AGL,CE,Federal Contract Tower,0,10,6,0,16,0,0,31,2,33,0,10,37,2,49,50,0,50,99
05/29/2007,DEC,IL,AGL,CE,Federal Contract Tower,0,7,20,5,32,0,0,38,15,53,0,7,58,20,85,79,4,83,168
05/30/2007,DEC,IL,AGL,CE,Federal Contract Tower,1,9,6,2,18,0,0,50,18,68,1,9,56,20,86,90,56,146,232
05/31/2007,DEC,IL,AGL,CE,Federal Contract Tower,0,10,13,1,24,0,0,20,10,30,0,10,33,11,54,22,0,22,76
06/01/2007,DEC,IL,AGL,CE,Federal Contract Tower,2,7,8,0,17,0,0,27,26,53,2,7,35,26,70,54,38,92,162
06/02/2007,DEC,IL,AGL,CE,Federal Contract Tower,0,5,1,1,7,0,0,36,15,51,0,5,37,16,58,86,38,124,182
06/03/2007,DEC,IL,AGL,CE,Federal Contract Tower,0,10,7,1,18,0,0,40,9,49,0,10,47,10,67,94,12,106,173
06/04/2007,DEC,IL,AGL,CE,Federal Contract Tower,0,9,14,0,23,0,0,36,5,41,0,9,50,5,64,56,0,56,120
06/05/2007,DEC,IL,AGL,CE,Federal Contract Tower,0,8,32,2,42,0,0,51,9,60,0,8,83,11,102,65,14,79,181
06/06/2007,DEC,IL,AGL,CE,Federal Contract Tower,0,12,21,0,33,0,0,36,10,46,0,12,57,10,79,80,4,84,163
06/07/2007,DEC,IL,AGL,CE,Federal Contract Tower,0,3,4,0,7,0,0,17,3,20,0,3,21,3,27,8,0,8,35
06/08/2007,DEC,IL,AGL,CE,Federal Contract Tower,0,8,9,0,17,0,0,31,4,35,0,8,40,4,52,50,0,50,102
06/09/2007,DEC,IL,AGL,CE,Federal Contract Tower,0,8,1,0,9,0,0,83,0,83,0,8,84,0,92,111,0,111,203
06/10/2007,DEC,IL,AGL,CE,Federal Contract Tower,0,6,11,0,17,0,0,40,3,43,0,6,51,3,60,89,6,95,155
06/11/2007,DEC,IL,AGL,CE,Federal Contract Tower,0,17,20,4,41,0,0,54,14,68,0,17,74,18,109,62,28,90,199
06/12/2007,DEC,IL,AGL,CE,Federal Contract Tower,0,9,17,0,26,0,0,49,6,55,0,9,66,6,81,54,0,54,135
06/13/2007,DEC,IL,AGL,CE,Federal Contract Tower,0,9,26,3,38,0,0,40,20,60,0,9,66,23,98,58,4,62,160
06/14/2007,DEC,IL,AGL,CE,Federal Contract Tower,0,9,23,0,32,0,0,33,3,36,0,9,56,3,68,40,0,40,108
06/15/2007,DEC,IL,AGL,CE,Federal Contract Tower,0,8,12,0,20,0,0,41,4,45,0,8,53,4,65,34,6,40,105
06/16/2007,DEC,IL,AGL,CE,Federal Contract Tower,0,5,4,0,9,0,0,47,0,47,0,5,51,0,56,78,0,78,134
06/17/2007,DEC,IL,AGL,CE,Federal Contract Tower,0,4,15,0,19,0,0,52,0,52,0,4,67,0,71,90,0,90,161
06/18/2007,DEC,IL,AGL,CE,Federal Contract Tower,0,7,14,0,21,0,0,37,0,37,0,7,51,0,58,58,0,58,116
06/19/2007,DEC,IL,AGL,CE,Federal Contract Tower,1,10,17,0,28,0,0,35,14,49,1,10,52,14,77,57,6,63,140
06/20/2007,DEC,IL,AGL,CE,Federal Contract Tower,0,11,29,0,40,0,0,51,3,54,0,11,80,3,94,109,0,109,203
06/21/2007,DEC,IL,AGL,CE,Federal Contract Tower,0,9,24,3,36,0,0,76,7,83,0,9,100,10,119,98,0,98,217
06/22/2007,DEC,IL,AGL,CE,Federal Contract Tower,0,9,13,0,22,0,0,31,0,31,0,9,44,0,53,34,0,34,87
06/23/2007,DEC,IL,AGL,CE,Federal Contract Tower,0,5,2,0,7,0,0,23,2,25,0,5,25,2,32,30,0,30,62
06/24/2007,DEC,IL,AGL,CE,Federal Contract Tower,0,5,5,0,10,0,0,31,0,31,0,5,36,0,41,78,0,78,119
06/25/2007,DEC,IL,AGL,CE,Federal Contract Tower,0,6,31,0,37,0,0,27,0,27,0,6,58,0,64,41,0,41,105
06/26/2007,DEC,IL,AGL,CE,Federal Contract Tower,0,10,22,0,32,0,0,29,7,36,0,10,51,7,68,59,5,64,132
06/27/2007,DEC,IL,AGL,CE,Federal Contract Tower,0,8,12,0,20,0,0,21,4,25,0,8,33,4,45,48,0,48,93
06/28/2007,DEC,IL,AGL,CE,Federal Contract Tower,0,9,16,0,25,0,0,6,3,9,0,9,22,3,34,10,0,10,44
06/29/2007,DEC,IL,AGL,CE,Federal Contract Tower,0,9,12,0,21,0,0,47,7,54,0,9,59,7,75,72,0,72,147
06/30/2007,DEC,IL,AGL,CE,Federal Contract Tower,0,6,22,2,30,0,0,44,0,44,0,6,66,2,74,100,0,100,174
07/01/2007,DEC,IL,AGL,CE,Federal Contract Tower,0,6,12,0,18,0,0,60,0,60,0,6,72,0,78,120,0,120,198
07/02/2007,DEC,IL,AGL,CE,Federal Contract Tower,0,9,18,18,45,0,0,60,3,63,0,9,78,21,108,107,21,128,236
07/03/2007,DEC,IL,AGL,CE,Federal Contract Tower,0,8,25,0,33,0,0,43,0,43,0,8,68,0,76,77,0,77,153
07/04/2007,DEC,IL,AGL,CE,Federal Contract Tower,0,8,2,0,10,0,0,20,0,20,0,8,22,0,30,12,0,12,42
07/05/2007,DEC,IL,AGL,CE,Federal Contract Tower,0,9,14,0,23,0,0,35,7,42,0,9,49,7,65,48,16,64,129
07/06/2007,DEC,IL,AGL,CE,Federal Contract Tower,0,8,11,0,19,0,0,74,4,78,0,8,85,4,97,86,0,86,183
07/07/2007,DEC,IL,AGL,CE,Federal Contract Tower,0,6,11,0,17,0,0,59,1,60,0,6,70,1,77,94,0,94,171
07/08/2007,DEC,IL,AGL,CE,Federal Contract Tower,0,4,7,0,11,0,0,55,3,58,0,4,62,3,69,90,6,96,165
07/09/2007,DEC,IL,AGL,CE,Federal Contract Tower,0,6,7,0,13,0,0,52,0,52,0,6,59,0,65,105,0,105,170
07/10/2007,DEC,IL,AGL,CE,Federal Contract Tower,0,8,29,0,37,0,0,44,13,57,0,8,73,13,94,125,58,183,277
07/11/2007,DEC,IL,AGL,CE,Federal Contract Tower,0,7,14,0,21,0,0,39,11,50,0,7,53,11,71,134,0,134,205
07/12/2007,DEC,IL,AGL,CE,Federal Contract Tower,0,3,30,0,33,0,0,27,2,29,0,3,57,2,62,52,0,52,114
07/13/2007,DEC,IL,AGL,CE,Federal Contract Tower,0,11,26,0,37,0,0,74,2,76,0,11,100,2,113,116,0,116,229
07/14/2007,DEC,IL,AGL,CE,Federal Contract Tower,0,6,20,0,26,0,0,56,6,62,0,6,76,6,88,90,0,90,178
07/15/2007,DEC,IL,AGL,CE,Federal Contract Tower,0,6,5,0,11,0,0,53,4,57,0,6,58,4,68,100,6,106,174
07/16/2007,DEC,IL,AGL,CE,Federal Contract Tower,0,8,17,0,25,0,0,44,1,45,0,8,61,1,70,89,0,89,159
07/17/2007,DEC,IL,AGL,CE,Federal Contract Tower,0,10,12,0,22,0,0,27,0,27,0,10,39,0,49,55,0,55,104
07/18/2007,DEC,IL,AGL,CE,Federal Contract Tower,0,9,24,4,37,0,0,33,8,41,0,9,57,12,78,50,22,72,150
07/19/2007,DEC,IL,AGL,CE,Federal Contract Tower,0,7,15,0,22,0,0,28,7,35,0,7,43,7,57,40,20,60,117
07/20/2007,DEC,IL,AGL,CE,Federal Contract Tower,0,8,15,0,23,0,0,61,5,66,0,8,76,5,89,104,0,104,193
07/21/2007,DEC,IL,AGL,CE,Federal Contract Tower,0,6,2,0,8,0,0,59,2,61,0,6,61,2,69,86,4,90,159
07/22/2007,DEC,IL,AGL,CE,Federal Contract Tower,0,4,4,0,8,0,0,56,10,66,0,4,60,10,74,66,8,74,148
07/23/2007,DEC,IL,AGL,CE,Federal Contract Tower,0,9,9,0,18,0,0,49,2,51,0,9,58,2,69,54,0,54,123
07/24/2007,DEC,IL,AGL,CE,Federal Contract Tower,1,10,22,0,33,0,0,58,5,63,1,10,80,5,96,53,4,57,153
07/25/2007,DEC,IL,AGL,CE,Federal Contract Tower,0,10,16,0,26,0,0,60,4,64,0,10,76,4,90,46,0,46,136
07/26/2007,DEC,IL,AGL,CE,Federal Contract Tower,0,9,23,0,32,0,0,33,11,44,0,9,56,11,76,32,0,32,108
07/27/2007,DEC,IL,AGL,CE,Federal Contract Tower,0,9,5,0,14,0,0,39,0,39,0,9,44,0,53,62,0,62,115
07/28/2007,DEC,IL,AGL,CE,Federal Contract Tower,0,8,5,0,13,0,0,29,0,29,0,8,34,0,42,114,0,114,156
07/29/2007,DEC,IL,AGL,CE,Federal Contract Tower,0,5,8,0,13,0,0,51,0,51,0,5,59,0,64,84,0,84,148
07/30/2007,DEC,IL,AGL,CE,Federal Contract Tower,1,10,17,2,30,0,0,48,3,51,1,10,65,5,81,83,4,87,168
07/31/2007,DEC,IL,AGL,CE,Federal Contract Tower,0,11,8,4,23,0,0,59,5,64,0,11,67,9,87,67,14,81,168
08/01/2007,DEC,IL,AGL,CE,Federal Contract Tower,0,8,20,1,29,0,0,36,9,45,0,8,56,10,74,26,18,44,118
08/02/2007,DEC,IL,AGL,CE,Federal Contract Tower,0,9,14,0,23,0,0,32,8,40,0,9,46,8,63,66,6,72,135
08/03/2007,DEC,IL,AGL,CE,Federal Contract Tower,0,8,11,1,20,0,0,46,2,48,0,8,57,3,68,62,0,62,130
08/04/2007,DEC,IL,AGL,CE,Federal Contract Tower,0,7,0,0,7,0,0,53,7,60,0,7,53,7,67,88,6,94,161
08/05/2007,DEC,IL,AGL,CE,Federal Contract Tower,0,2,10,3,15,0,0,39,6,45,0,2,49,9,60,78,16,94,154
08/06/2007,DEC,IL,AGL,CE,Federal Contract Tower,0,9,13,0,22,0,0,30,2,32,0,9,43,2,54,69,4,73,127
08/07/2007,DEC,IL,AGL,CE,Federal Contract Tower,0,7,12,0,19,0,0,39,3,42,0,7,51,3,61,62,2,64,125
08/08/2007,DEC,IL,AGL,CE,Federal Contract Tower,0,13,9,13,35,0,0,35,10,45,0,13,44,23,80,59,5,64,144
08/09/2007,DEC,IL,AGL,CE,Federal Contract Tower,0,11,13,2,26,0,0,27,3,30,0,11,40,5,56,57,15,72,128
08/10/2007,DEC,IL,AGL,CE,Federal Contract Tower,0,10,10,0,20,0,0,40,0,40,0,10,50,0,60,72,0,72,132
08/11/2007,DEC,IL,AGL,CE,Federal Contract Tower,0,5,3,0,8,0,0,56,0,56,0,5,59,0,64,96,0,96,160
08/12/2007,DEC,IL,AGL,CE,Federal Contract Tower,0,4,8,0,12,0,0,66,4,70,0,4,74,4,82,78,10,88,170
08/13/2007,DEC,IL,AGL,CE,Federal Contract Tower,0,10,11,0,21,0,0,40,4,44,0,10,51,4,65,57,0,57,122
08/14/2007,DEC,IL,AGL,CE,Federal Contract Tower,0,12,16,5,33,0,0,34,17,51,0,12,50,22,84,46,16,62,146
08/15/2007,DEC,IL,AGL,CE,Federal Contract Tower,0,9,10,6,25,0,0,31,10,41,0,9,41,16,66,62,14,76,142
08/16/2007,DEC,IL,AGL,CE,Federal Contract Tower,0,10,20,2,32,0,0,12,7,19,0,10,32,9,51,22,20,42,93
08/17/2007,DEC,IL,AGL,CE,Federal Contract Tower,2,13,20,0,35,0,0,32,9,41,2,13,52,9,76,50,10,60,136
08/18/2007,DEC,IL,AGL,CE,Federal Contract Tower,0,8,8,4,20,0,0,41,8,49,0,8,49,12,69,72,34,106,175
08/19/2007,DEC,IL,AGL,CE,Federal Contract Tower,0,2,2,0,4,0,0,41,0,41,0,2,43,0,45,78,0,78,123
08/20/2007,DEC,IL,AGL,CE,Federal Contract Tower,0,8,11,2,21,0,0,32,4,36,0,8,43,6,57,57,8,65,122
08/21/2007,DEC,IL,AGL,CE,Federal Contract Tower,0,10,21,0,31,0,0,32,3,35,0,10,53,3,66,54,0,54,120
08/22/2007,DEC,IL,AGL,CE,Federal Contract Tower,0,10,13,2,25,0,0,32,2,34,0,10,45,4,59,36,12,48,107
08/23/2007,DEC,IL,AGL,CE,Federal Contract Tower,0,8,12,0,20,0,0,35,5,40,0,8,47,5,60,56,0,56,116
08/24/2007,DEC,IL,AGL,CE,Federal Contract Tower,0,9,28,0,37,0,0,18,0,18,0,9,46,0,55,20,0,20,75
08/25/2007,DEC,IL,AGL,CE,Federal Contract Tower,0,7,10,0,17,0,0,32,0,32,0,7,42,0,49,94,0,94,143
08/26/2007,DEC,IL,AGL,CE,Federal Contract Tower,0,2,8,0,10,0,0,58,0,58,0,2,66,0,68,112,0,112,180
08/27/2007,DEC,IL,AGL,CE,Federal Contract Tower,0,9,22,0,31,0,0,42,0,42,0,9,64,0,73,69,0,69,142
08/28/2007,DEC,IL,AGL,CE,Federal Contract Tower,0,11,73,3,87,0,0,141,13,154,0,11,214,16,241,81,13,94,335
08/29/2007,DEC,IL,AGL,CE,Federal Contract Tower,2,10,61,3,76,0,0,64,12,76,2,10,125,15,152,36,14,50,202
08/30/2007,DEC,IL,AGL,CE,Federal Contract Tower,2,9,40,0,51,0,0,97,15,112,2,9,137,15,163,122,8,130,293
08/31/2007,DEC,IL,AGL,CE,Federal Contract Tower,0,8,7,0,15,0,0,54,5,59,0,8,61,5,74,68,0,68,142
09/01/2007,DEC,IL,AGL,CE,Federal Contract Tower,0,6,3,0,9,0,0,54,0,54,0,6,57,0,63,84,0,84,147
09/02/2007,DEC,IL,AGL,CE,Federal Contract Tower,0,4,17,0,21,0,0,52,2,54,0,4,69,2,75,88,6,94,169
09/03/2007,DEC,IL,AGL,CE,Federal Contract Tower,0,8,13,0,21,0,0,51,0,51,0,8,64,0,72,53,0,53,125
09/04/2007,DEC,IL,AGL,CE,Federal Contract Tower,0,8,12,1,21,0,0,38,12,50,0,8,50,13,71,47,25,72,143
09/05/2007,DEC,IL,AGL,CE,Federal Contract Tower,0,10,22,6,38,0,0,27,12,39,0,10,49,18,77,48,38,86,163
09/06/2007,DEC,IL,AGL,CE,Federal Contract Tower,0,9,22,2,33,0,0,15,0,15,0,9,37,2,48,30,0,30,78
09/07/2007,DEC,IL,AGL,CE,Federal Contract Tower,0,9,8,4,21,0,0,34,11,45,0,9,42,15,66,48,32,80,146
09/08/2007,DEC,IL,AGL,CE,Federal Contract Tower,0,6,3,1,10,0,0,26,5,31,0,6,29,6,41,32,0,32,73
09/09/2007,DEC,IL,AGL,CE,Federal Contract Tower,0,4,7,0,11,0,0,50,6,56,0,4,57,6,67,78,14,92,159
09/10/2007,DEC,IL,AGL,CE,Federal Contract Tower,0,9,23,0,32,0,0,30,2,32,0,9,53,2,64,66,0,66,130
09/11/2007,DEC,IL,AGL,CE,Federal Contract Tower,0,9,9,0,18,0,0,24,11,35,0,9,33,11,53,20,18,38,91
09/12/2007,DEC,IL,AGL,CE,Federal Contract Tower,0,6,22,0,28,0,0,59,8,67,0,6,81,8,95,85,0,85,180
09/13/2007,DEC,IL,AGL,CE,Federal Contract Tower,0,9,30,0,39,0,0,44,4,48,0,9,74,4,87,94,0,94,181
09/14/2007,DEC,IL,AGL,CE,Federal Contract Tower,0,10,17,0,27,0,0,42,2,44,0,10,59,2,71,74,0,74,145
09/15/2007,DEC,IL,AGL,CE,Federal Contract Tower,0,5,2,0,7,0,0,53,5,58,0,5,55,5,65,77,6,83,148
09/16/2007,DEC,IL,AGL,CE,Federal Contract Tower,0,8,7,0,15,0,0,44,0,44,0,8,51,0,59,57,0,57,116
09/17/2007,DEC,IL,AGL,CE,Federal Contract Tower,0,9,19,0,28,0,0,31,3,34,0,9,50,3,62,48,0,48,110
09/18/2007,DEC,IL,AGL,CE,Federal Contract Tower,0,11,8,2,21,0,0,18,13,31,0,11,26,15,52,8,24,32,84
09/19/2007,DEC,IL,AGL,CE,Federal Contract Tower,0,8,21,0,29,0,0,48,5,53,0,8,69,5,82,82,10,92,174
09/20/2007,DEC,IL,AGL,CE,Federal Contract Tower,0,9,23,3,35,0,0,43,8,51,0,9,66,11,86,96,6,102,188
09/21/2007,DEC,IL,AGL,CE,Federal Contract Tower,0,10,9,1,20,0,0,41,2,43,0,10,50,3,63,64,8,72,135
09/22/2007,DEC,IL,AGL,CE,Federal Contract Tower,0,7,3,0,10,0,0,55,4,59,0,7,58,4,69,82,6,88,157
09/23/2007,DEC,IL,AGL,CE,Federal Contract Tower,0,5,4,0,9,0,0,63,0,63,0,5,67,0,72,50,0,50,122
09/24/2007,DEC,IL,AGL,CE,Federal Contract Tower,0,12,14,0,26,0,0,24,0,24,0,12,38,0,50,32,0,32,82
09/25/2007,DEC,IL,AGL,CE,Federal Contract Tower,0,5,5,2,12,0,0,19,6,25,0,5,24,8,37,24,8,32,69
09/26/2007,DEC,IL,AGL,CE,Federal Contract Tower,0,10,20,3,33,0,0,41,12,53,0,10,61,15,86,76,28,104,190
09/27/2007,DEC,IL,AGL,CE,Federal Contract Tower,0,10,21,0,31,0,0,59,8,67,0,10,80,8,98,104,10,114,212
09/28/2007,DEC,IL,AGL,CE,Federal Contract Tower,0,10,21,0,31,0,0,48,15,63,0,10,69,15,94,56,56,112,206
09/29/2007,DEC,IL,AGL,CE,Federal Contract Tower,0,7,11,0,18,0,0,50,0,50,0,7,61,0,68,79,0,79,147
09/30/2007,DEC,IL,AGL,CE,Federal Contract Tower,0,6,1,0,7,0,0,52,0,52,0,6,53,0,59,39,0,39,98
10/01/2007,DEC,IL,AGL,CE,Federal Contract Tower,0,9,27,2,38,0,0,27,10,37,0,9,54,12,75,35,11,46,121
10/02/2007,DEC,IL,AGL,CE,Federal Contract Tower,0,7,23,0,30,0,0,32,15,47,0,7,55,15,77,76,30,106,183
10/03/2007,DEC,IL,AGL,CE,Federal Contract Tower,0,10,9,0,19,0,0,39,16,55,0,10,48,16,74,80,34,114,188
10/04/2007,DEC,IL,AGL,CE,Federal Contract Tower,0,9,23,0,32,0,0,33,7,40,0,9,56,7,72,91,8,99,171
10/05/2007,DEC,IL,AGL,CE,Federal Contract Tower,0,8,18,0,26,0,0,37,1,38,0,8,55,1,64,98,0,98,162
10/06/2007,DEC,IL,AGL,CE,Federal Contract Tower,0,6,6,0,12,0,0,45,0,45,0,6,51,0,57,63,0,63,120
10/07/2007,DEC,IL,AGL,CE,Federal Contract Tower,0,4,21,0,25,0,0,50,0,50,0,4,71,0,75,70,0,70,145
10/08/2007,DEC,IL,AGL,CE,Federal Contract Tower,0,9,15,0,24,0,0,21,0,21,0,9,36,0,45,34,0,34,79
10/09/2007,DEC,IL,AGL,CE,Federal Contract Tower,0,9,23,2,34,0,0,39,8,47,0,9,62,10,81,64,8,72,153
10/10/2007,DEC,IL,AGL,CE,Federal Contract Tower,1,10,16,1,28,0,0,37,19,56,1,10,53,20,84,50,38,88,172
10/11/2007,DEC,IL,AGL,CE,Federal Contract Tower,0,9,20,0,29,0,0,36,0,36,0,9,56,0,65,73,0,73,138
10/12/2007,DEC,IL,AGL,CE,Federal Contract Tower,0,8,18,4,30,0,0,33,15,48,0,8,51,19,78,70,42,112,190
10/13/2007,DEC,IL,AGL,CE,Federal Contract Tower,0,6,8,1,15,0,0,42,6,48,0,6,50,7,63,67,8,75,138
10/14/2007,DEC,IL,AGL,CE,Federal Contract Tower,0,2,2,0,4,0,0,49,6,55,0,2,51,6,59,25,10,35,94
10/15/2007,DEC,IL,AGL,CE,Federal Contract Tower,0,10,20,0,30,0,0,18,4,22,0,10,38,4,52,36,0,36,88
10/16/2007,DEC,IL,AGL,CE,Federal Contract Tower,0,8,16,0,24,0,0,19,6,25,0,8,35,6,49,34,26,60,109
10/17/2007,DEC,IL,AGL,CE,Federal Contract Tower,0,9,24,0,33,0,0,18,0,18,0,9,42,0,51,8,0,8,59
10/18/2007,DEC,IL,AGL,CE,Federal Contract Tower,0,7,16,0,23,0,0,21,0,21,0,7,37,0,44,22,0,22,66
10/19/2007,DEC,IL,AGL,CE,Federal Contract Tower,0,9,16,0,25,0,0,25,8,33,0,9,41,8,58,36,6,42,100
10/20/2007,DEC,IL,AGL,CE,Federal Contract Tower,0,11,10,0,21,0,0,52,8,60,0,11,62,8,81,74,4,78,159
10/21/2007,DEC,IL,AGL,CE,Federal Contract Tower,0,6,16,0,22,0,0,23,0,23,0,6,39,0,45,7,0,7,52
10/22/2007,DEC,IL,AGL,CE,Federal Contract Tower,0,6,21,0,27,0,0,18,0,18,0,6,39,0,45,46,0,46,91
10/23/2007,DEC,IL,AGL,CE,Federal Contract Tower,0,9,19,2,30,0,0,19,14,33,0,9,38,16,63,36,42,78,141
10/24/2007,DEC,IL,AGL,CE,Federal Contract Tower,0,9,21,0,30,0,0,28,26,54,0,9,49,26,84,54,54,108,192
10/25/2007,DEC,IL,AGL,CE,Federal Contract Tower,0,9,24,0,33,0,0,26,8,34,0,9,50,8,67,50,12,62,129
10/26/2007,DEC,IL,AGL,CE,Federal Contract Tower,0,12,17,0,29,0,0,10,16,26,0,12,27,16,55,42,16,58,113
10/27/2007,DEC,IL,AGL,CE,Federal Contract Tower,0,8,7,0,15,0,0,35,4,39,0,8,42,4,54,66,0,66,120
10/28/2007,DEC,IL,AGL,CE,Federal Contract Tower,0,5,10,0,15,0,0,61,0,61,0,5,71,0,76,71,0,71,147
10/29/2007,DEC,IL,AGL,CE,Federal Contract Tower,0,9,21,0,30,0,0,33,8,41,0,9,54,8,71,50,24,74,145
10/30/2007,DEC,IL,AGL,CE,Federal Contract Tower,0,10,29,5,44,0,0,37,7,44,0,10,66,12,88,30,12,42,130
10/31/2007,DEC,IL,AGL,CE,Federal Contract Tower,0,9,11,4,24,0,0,30,2,32,0,9,41,6,56,50,0,50,106
11/01/2007,DEC,IL,AGL,CE,Federal Contract Tower,0,9,19,0,28,0,0,41,18,59,0,9,60,18,87,84,48,132,219
11/02/2007,DEC,IL,AGL,CE,Federal Contract Tower,0,9,49,0,58,0,0,40,2,42,0,9,89,2,100,90,12,102,202
11/03/2007,DEC,IL,AGL,CE,Federal Contract Tower,0,5,14,0,19,0,0,46,4,50,0,5,60,4,69,100,14,114,183
11/04/2007,DEC,IL,AGL,CE,Federal Contract Tower,0,4,7,0,11,0,0,54,6,60,0,4,61,6,71,98,0,98,169
11/05/2007,DEC,IL,AGL,CE,Federal Contract Tower,0,5,14,0,19,0,0,11,1,12,0,5,25,1,31,16,0,16,47
11/06/2007,DEC,IL,AGL,CE,Federal Contract Tower,0,14,31,0,45,0,0,18,2,20,0,14,49,2,65,30,0,30,95
11/07/2007,DEC,IL,AGL,CE,Federal Contract Tower,0,14,26,0,40,0,0,52,0,52,0,14,78,0,92,120,0,120,212
11/08/2007,DEC,IL,AGL,CE,Federal Contract Tower,0,13,35,0,48,0,0,39,14,53,0,13,74,14,101,58,64,122,223
11/09/2007,DEC,IL,AGL,CE,Federal Contract Tower,0,12,12,0,24,0,0,50,20,70,0,12,62,20,94,96,34,130,224
11/10/2007,DEC,IL,AGL,CE,Federal Contract Tower,0,7,16,0,23,0,0,71,0,71,0,7,87,0,94,94,0,94,188
11/11/2007,DEC,IL,AGL,CE,Federal Contract Tower,0,4,7,0,11,0,0,38,0,38,0,4,45,0,49,49,0,49,98
11/12/2007,DEC,IL,AGL,CE,Federal Contract Tower,0,5,18,0,23,0,0,19,0,19,0,5,37,0,42,26,0,26,68
11/13/2007,DEC,IL,AGL,CE,Federal Contract Tower,0,7,35,6,48,0,0,25,11,36,0,7,60,17,84,68,88,156,240
11/14/2007,DEC,IL,AGL,CE,Federal Contract Tower,0,6,15,2,23,0,0,27,9,36,0,6,42,11,59,26,44,70,129
11/15/2007,DEC,IL,AGL,CE,Federal Contract Tower,0,5,24,0,29,0,0,39,8,47,0,5,63,8,76,64,34,98,174
11/16/2007,DEC,IL,AGL,CE,Federal Contract Tower,0,5,9,0,14,0,0,47,6,53,0,5,56,6,67,88,6,94,161
11/17/2007,DEC,IL,AGL,CE,Federal Contract Tower,0,7,0,0,7,0,0,53,0,53,0,7,53,0,60,43,0,43,103
11/18/2007,DEC,IL,AGL,CE,Federal Contract Tower,0,4,6,0,10,0,0,24,0,24,0,4,30,0,34,34,0,34,68
11/20/2007,DEC,IL,AGL,CE,Federal Contract Tower,0,8,19,4,31,0,0,21,18,39,0,8,40,22,70,34,28,62,132
11/21/2007,DEC,IL,AGL,CE,Federal Contract Tower,0,6,6,0,12,0,0,0,0,0,0,6,6,0,12,0,0,0,12
11/22/2007,DEC,IL,AGL,CE,Federal Contract Tower,0,2,5,0,7,0,0,38,0,38,0,2,43,0,45,46,0,46,91
11/23/2007,DEC,IL,AGL,CE,Federal Contract Tower,0,3,3,0,6,0,0,53,0,53,0,3,56,0,59,62,0,62,121
11/24/2007,DEC,IL,AGL,CE,Federal Contract Tower,0,5,7,0,12,0,0,44,1,45,0,5,51,1,57,47,0,47,104
11/25/2007,DEC,IL,AGL,CE,Federal Contract Tower,0,2,4,0,6,0,0,34,0,34,0,2,38,0,40,44,0,44,84
11/26/2007,DEC,IL,AGL,CE,Federal Contract Tower,0,6,16,0,22,0,0,8,0,8,0,6,24,0,30,18,0,18,48
11/27/2007,DEC,IL,AGL,CE,Federal Contract Tower,0,7,22,1,30,0,0,24,11,35,0,7,46,12,65,66,32,98,163
11/28/2007,DEC,IL,AGL,CE,Federal Contract Tower,1,7,8,0,16,0,0,31,7,38,1,7,39,7,54,38,24,62,116
11/29/2007,DEC,IL,AGL,CE,Federal Contract Tower,1,5,12,0,18,0,0,48,15,63,1,5,60,15,81,71,66,137,218
11/30/2007,DEC,IL,AGL,CE,Federal Contract Tower,0,5,28,4,37,0,0,45,15,60,0,5,73,19,97,66,66,132,229
12/01/2007,DEC,IL,AGL,CE,Federal Contract Tower,0,4,3,0,7,0,0,14,0,14,0,4,17,0,21,0,0,0,21
12/02/2007,DEC,IL,AGL,CE,Federal Contract Tower,0,4,2,0,6,0,0,30,0,30,0,4,32,0,36,26,0,26,62
12/03/2007,DEC,IL,AGL,CE,Federal Contract Tower,0,6,15,0,21,0,0,21,0,21,0,6,36,0,42,38,0,38,80
12/04/2007,DEC,IL,AGL,CE,Federal Contract Tower,0,6,25,4,35,0,0,20,6,26,0,6,45,10,61,30,18,48,109
12/05/2007,DEC,IL,AGL,CE,Federal Contract Tower,1,6,12,0,19,0,0,19,6,25,1,6,31,6,44,26,42,68,112
12/06/2007,DEC,IL,AGL,CE,Federal Contract Tower,0,6,13,3,22,0,0,32,11,43,0,6,45,14,65,73,20,93,158
12/07/2007,DEC,IL,AGL,CE,Federal Contract Tower,0,6,13,1,20,0,0,4,6,10,0,6,17,7,30,18,20,38,68
12/08/2007,DEC,IL,AGL,CE,Federal Contract Tower,0,10,1,0,11,0,0,25,0,25,0,10,26,0,36,42,0,42,78
12/09/2007,DEC,IL,AGL,CE,Federal Contract Tower,0,2,0,0,2,0,0,0,0,0,0,2,0,0,2,0,0,0,2
12/10/2007,DEC,IL,AGL,CE,Federal Contract Tower,0,2,4,0,6,0,0,0,0,0,0,2,4,0,6,0,0,0,6
12/11/2007,DEC,IL,AGL,CE,Federal Contract Tower,0,2,10,0,12,0,0,0,0,0,0,2,10,0,12,0,0,0,12
12/12/2007,DEC,IL,AGL,CE,Federal Contract Tower,0,5,12,4,21,0,0,5,22,27,0,5,17,26,48,6,66,72,120
12/13/2007,DEC,IL,AGL,CE,Federal Contract Tower,1,5,16,1,23,0,0,14,19,33,1,5,30,20,56,0,42,42,98
12/14/2007,DEC,IL,AGL,CE,Federal Contract Tower,0,5,20,0,25,0,0,29,6,35,0,5,49,6,60,52,12,64,124
12/15/2007,DEC,IL,AGL,CE,Federal Contract Tower,0,2,2,0,4,0,0,0,0,0,0,2,2,0,4,0,0,0,4
12/16/2007,DEC,IL,AGL,CE,Federal Contract Tower,0,4,5,0,9,0,0,5,2,7,0,4,10,2,16,4,0,4,20
12/17/2007,DEC,IL,AGL,CE,Federal Contract Tower,0,2,13,2,17,0,0,9,0,9,0,2,22,2,26,16,0,16,42
12/18/2007,DEC,IL,AGL,CE,Federal Contract Tower,0,5,19,6,30,0,0,42,0,42,0,5,61,6,72,70,0,70,142
12/19/2007,DEC,IL,AGL,CE,Federal Contract Tower,0,6,21,2,29,0,0,37,1,38,0,6,58,3,67,58,6,64,131
12/20/2007,DEC,IL,AGL,CE,Federal Contract Tower,0,5,17,27,49,0,0,14,0,14,0,5,31,27,63,48,0,48,111
12/21/2007,DEC,IL,AGL,CE,Federal Contract Tower,1,0,3,0,4,0,0,0,0,0,1,0,3,0,4,0,0,0,4
12/22/2007,DEC,IL,AGL,CE,Federal Contract Tower,2,9,5,0,16,0,0,0,0,0,2,9,5,0,16,0,0,0,16
12/23/2007,DEC,IL,AGL,CE,Federal Contract Tower,0,4,0,0,4,0,0,13,0,13,0,4,13,0,17,24,0,24,41
12/24/2007,DEC,IL,AGL,CE,Federal Contract Tower,0,4,4,0,8,0,0,46,0,46,0,4,50,0,54,56,0,56,110
12/25/2007,DEC,IL,AGL,CE,Federal Contract Tower,0,2,0,0,2,0,0,34,0,34,0,2,34,0,36,34,0,34,70
12/26/2007,DEC,IL,AGL,CE,Federal Contract Tower,0,3,9,0,12,0,0,43,0,43,0,3,52,0,55,85,0,85,140
12/27/2007,DEC,IL,AGL,CE,Federal Contract Tower,2,6,1,0,9,0,0,0,0,0,2,6,1,0,9,0,0,0,9
12/28/2007,DEC,IL,AGL,CE,Federal Contract Tower,0,2,2,0,4,0,0,11,5,16,0,2,13,5,20,9,4,13,33
12/29/2007,DEC,IL,AGL,CE,Federal Contract Tower,0,7,9,0,16,0,0,19,2,21,0,7,28,2,37,58,0,58,95
12/30/2007,DEC,IL,AGL,CE,Federal Contract Tower,0,4,5,0,9,0,0,26,0,26,0,4,31,0,35,42,0,42,77
12/31/2007,DEC,IL,AGL,CE,Federal Contract Tower,0,3,1,0,4,0,0,39,0,39,0,3,40,0,43,52,0,52,95
01/01/2008,DEC,IL,AGL,CE,Federal Contract Tower,0,5,0,0,5,0,0,10,0,10,0,5,10,0,15,0,0,0,15
01/02/2008,DEC,IL,AGL,CE,Federal Contract Tower,0,5,15,0,20,0,1,17,9,27,0,6,32,9,47,38,28,66,113
01/03/2008,DEC,IL,AGL,CE,Federal Contract Tower,1,5,8,0,14,0,0,31,12,43,1,5,39,12,57,53,18,71,128
01/04/2008,DEC,IL,AGL,CE,Federal Contract Tower,0,4,6,1,11,0,0,27,5,32,0,4,33,6,43,37,2,39,82
01/05/2008,DEC,IL,AGL,CE,Federal Contract Tower,0,7,14,0,21,0,0,10,8,18,0,7,24,8,39,18,14,32,71
01/06/2008,DEC,IL,AGL,CE,Federal Contract Tower,0,4,1,0,5,0,0,9,4,13,0,4,10,4,18,14,2,16,34
01/07/2008,DEC,IL,AGL,CE,Federal Contract Tower,0,5,12,0,17,0,0,13,4,17,0,5,25,4,34,8,0,8,42
01/08/2008,DEC,IL,AGL,CE,Federal Contract Tower,0,4,4,4,12,0,0,0,0,0,0,4,4,4,12,0,0,0,12
01/09/2008,DEC,IL,AGL,CE,Federal Contract Tower,0,7,6,0,13,0,0,34,8,42,0,7,40,8,55,82,14,96,151
01/10/2008,DEC,IL,AGL,CE,Federal Contract Tower,0,6,17,0,23,0,0,18,8,26,0,6,35,8,49,26,34,60,109
01/11/2008,DEC,IL,AGL,CE,Federal Contract Tower,0,6,4,0,10,0,0,29,2,31,0,6,33,2,41,35,4,39,80
01/12/2008,DEC,IL,AGL,CE,Federal Contract Tower,0,7,9,1,17,0,0,31,0,31,0,7,40,1,48,34,0,34,82
01/13/2008,DEC,IL,AGL,CE,Federal Contract Tower,0,4,4,0,8,0,0,13,1,14,0,4,17,1,22,18,0,18,40
01/14/2008,DEC,IL,AGL,CE,Federal Contract Tower,0,5,12,0,17,0,0,7,0,7,0,5,19,0,24,3,0,3,27
01/15/2008,DEC,IL,AGL,CE,Federal Contract Tower,0,5,23,0,28,0,0,36,7,43,0,5,59,7,71,64,8,72,143
01/16/2008,DEC,IL,AGL,CE,Federal Contract Tower,0,9,16,2,27,0,0,24,9,33,0,9,40,11,60,42,38,80,140
01/17/2008,DEC,IL,AGL,CE,Federal Contract Tower,0,6,14,3,23,0,0,11,9,20,0,6,25,12,43,40,18,58,101
01/18/2008,DEC,IL,AGL,CE,Federal Contract Tower,0,4,9,2,15,0,0,23,19,42,0,4,32,21,57,46,29,75,132
01/19/2008,DEC,IL,AGL,CE,Federal Contract Tower,0,5,11,0,16,0,0,20,0,20,0,5,31,0,36,32,0,32,68
01/20/2008,DEC,IL,AGL,CE,Federal Contract Tower,0,4,3,0,7,0,0,27,0,27,0,4,30,0,34,66,0,66,100
01/21/2008,DEC,IL,AGL,CE,Federal Contract Tower,0,7,18,0,25,0,0,20,0,20,0,7,38,0,45,40,0,40,85
01/22/2008,DEC,IL,AGL,CE,Federal Contract Tower,0,5,9,2,16,0,0,13,4,17,0,5,22,6,33,6,16,22,55
01/23/2008,DEC,IL,AGL,CE,Federal Contract Tower,0,5,13,2,20,0,0,40,0,40,0,5,53,2,60,90,0,90,150
01/24/2008,DEC,IL,AGL,CE,Federal Contract Tower,0,7,7,0,14,0,0,32,0,32,0,7,39,0,46,96,0,96,142
01/25/2008,DEC,IL,AGL,CE,Federal Contract Tower,0,2,7,0,9,0,0,30,5,35,0,2,37,5,44,42,6,48,92
01/26/2008,DEC,IL,AGL,CE,Federal Contract Tower,0,5,7,0,12,0,0,20,0,20,0,5,27,0,32,30,0,30,62
01/27/2008,DEC,IL,AGL,CE,Federal Contract Tower,0,2,24,0,26,0,0,56,0,56,0,2,80,0,82,84,0,84,166
01/28/2008,DEC,IL,AGL,CE,Federal Contract Tower,0,5,11,2,18,0,0,11,0,11,0,5,22,2,29,4,0,4,33
01/29/2008,DEC,IL,AGL,CE,Federal Contract Tower,0,10,18,0,28,0,0,3,0,3,0,10,21,0,31,0,0,0,31
01/30/2008,DEC,IL,AGL,CE,Federal Contract Tower,0,3,8,2,13,0,0,19,4,23,0,3,27,6,36,22,16,38,74
01/31/2008,DEC,IL,AGL,CE,Federal Contract Tower,0,3,18,2,23,0,0,0,3,3,0,3,18,5,26,0,30,30,56
02/01/2008,DEC,IL,AGL,CE,Federal Contract Tower,1,2,1,1,5,0,0,9,4,13,1,2,10,5,18,0,10,10,28
02/02/2008,DEC,IL,AGL,CE,Federal Contract Tower,0,6,4,0,10,0,0,22,0,22,0,6,26,0,32,26,0,26,58
02/03/2008,DEC,IL,AGL,CE,Federal Contract Tower,0,0,7,0,7,0,0,0,0,0,0,0,7,0,7,0,0,0,7
02/04/2008,DEC,IL,AGL,CE,Federal Contract Tower,0,0,2,0,2,0,0,0,0,0,0,0,2,0,2,0,0,0,2
02/05/2008,DEC,IL,AGL,CE,Federal Contract Tower,0,4,4,0,8,0,0,0,0,0,0,4,4,0,8,0,0,0,8
02/06/2008,DEC,IL,AGL,CE,Federal Contract Tower,0,4,14,0,18,0,0,3,0,3,0,4,17,0,21,18,0,18,39
02/07/2008,DEC,IL,AGL,CE,Federal Contract Tower,0,5,10,4,19,0,0,16,33,49,0,5,26,37,68,48,122,170,238
02/08/2008,DEC,IL,AGL,CE,Federal Contract Tower,0,8,8,0,16,0,0,23,24,47,0,8,31,24,63,47,66,113,176
02/09/2008,DEC,IL,AGL,CE,Federal Contract Tower,0,5,4,2,11,0,0,33,18,51,0,5,37,20,62,46,38,84,146
02/10/2008,DEC,IL,AGL,CE,Federal Contract Tower,0,6,3,0,9,0,0,12,0,12,0,6,15,0,21,22,0,22,43
02/11/2008,DEC,IL,AGL,CE,Federal Contract Tower,0,9,18,0,27,0,0,21,0,21,0,9,39,0,48,48,0,48,96
02/12/2008,DEC,IL,AGL,CE,Federal Contract Tower,2,12,15,0,29,0,0,0,10,10,2,12,15,10,39,0,48,48,87
02/13/2008,DEC,IL,AGL,CE,Federal Contract Tower,0,7,16,3,26,0,0,34,19,53,0,7,50,22,79,62,26,88,167
02/14/2008,DEC,IL,AGL,CE,Federal Contract Tower,1,7,16,1,25,0,0,30,17,47,1,7,46,18,72,64,46,110,182
02/15/2008,DEC,IL,AGL,CE,Federal Contract Tower,0,6,20,0,26,0,0,30,15,45,0,6,50,15,71,50,42,92,163
02/16/2008,DEC,IL,AGL,CE,Federal Contract Tower,0,5,18,0,23,0,0,44,0,44,0,5,62,0,67,28,0,28,95
02/17/2008,DEC,IL,AGL,CE,Federal Contract Tower,0,0,0,0,0,0,0,4,0,4,0,0,4,0,4,8,0,8,12
02/18/2008,DEC,IL,AGL,CE,Federal Contract Tower,0,6,12,0,18,0,0,8,0,8,0,6,20,0,26,0,0,0,26
02/19/2008,DEC,IL,AGL,CE,Federal Contract Tower,0,5,9,0,14,0,0,12,22,34,0,5,21,22,48,14,58,72,120
02/20/2008,DEC,IL,AGL,CE,Federal Contract Tower,1,5,19,9,34,0,0,26,11,37,1,5,45,20,71,52,32,84,155
02/21/2008,DEC,IL,AGL,CE,Federal Contract Tower,0,1,4,0,5,0,0,23,6,29,0,1,27,6,34,47,8,55,89
02/22/2008,DEC,IL,AGL,CE,Federal Contract Tower,0,4,8,0,12,0,0,4,1,5,0,4,12,1,17,0,6,6,23
02/23/2008,DEC,IL,AGL,CE,Federal Contract Tower,0,6,5,0,11,0,0,22,0,22,0,6,27,0,33,42,0,42,75
02/24/2008,DEC,IL,AGL,CE,Federal Contract Tower,0,4,1,0,5,0,0,11,2,13,0,4,12,2,18,40,0,40,58
02/25/2008,DEC,IL,AGL,CE,Federal Contract Tower,0,6,16,0,22,0,0,2,0,2,0,6,18,0,24,0,0,0,24
02/26/2008,DEC,IL,AGL,CE,Federal Contract Tower,0,6,3,0,9,0,0,0,12,12,0,6,3,12,21,0,62,62,83
02/27/2008,DEC,IL,AGL,CE,Federal Contract Tower,0,6,23,2,31,0,0,44,21,65,0,6,67,23,96,66,53,119,215
02/28/2008,DEC,IL,AGL,CE,Federal Contract Tower,0,5,20,8,33,0,0,36,23,59,0,5,56,31,92,46,113,159,251
02/29/2008,DEC,IL,AGL,CE,Federal Contract Tower,0,4,1,10,15,0,0,31,11,42,0,4,32,21,57,34,28,62,119
03/01/2008,DEC,IL,AGL,CE,Federal Contract Tower,0,5,11,0,16,0,0,47,2,49,0,5,58,2,65,38,0,38,103
03/02/2008,DEC,IL,AGL,CE,Federal Contract Tower,0,4,4,1,9,0,0,17,0,17,0,4,21,1,26,30,0,30,56
03/03/2008,DEC,IL,AGL,CE,Federal Contract Tower,0,5,8,0,13,0,0,13,4,17,0,5,21,4,30,25,8,33,63
03/04/2008,DEC,IL,AGL,CE,Federal Contract Tower,3,2,9,0,14,0,0,10,0,10,3,2,19,0,24,6,0,6,30
03/05/2008,DEC,IL,AGL,CE,Federal Contract Tower,1,5,15,3,24,0,0,35,14,49,1,5,50,17,73,53,28,81,154
03/06/2008,DEC,IL,AGL,CE,Federal Contract Tower,1,5,18,4,28,0,0,27,20,47,1,5,45,24,75,64,68,132,207
03/07/2008,DEC,IL,AGL,CE,Federal Contract Tower,0,5,20,2,27,0,0,24,9,33,0,5,44,11,60,82,40,122,182
03/08/2008,DEC,IL,AGL,CE,Federal Contract Tower,0,6,3,0,9,0,0,46,3,49,0,6,49,3,58,68,0,68,126
03/09/2008,DEC,IL,AGL,CE,Federal Contract Tower,0,4,11,0,15,0,0,31,0,31,0,4,42,0,46,84,0,84,130
03/10/2008,DEC,IL,AGL,CE,Federal Contract Tower,0,4,15,2,21,0,0,54,0,54,0,4,69,2,75,102,0,102,177
03/11/2008,DEC,IL,AGL,CE,Federal Contract Tower,0,5,24,3,32,0,0,61,22,83,0,5,85,25,115,113,46,159,274
03/12/2008,DEC,IL,AGL,CE,Federal Contract Tower,1,5,33,0,39,0,0,44,24,68,1,5,77,24,107,66,46,112,219
03/13/2008,DEC,IL,AGL,CE,Federal Contract Tower,1,5,14,12,32,0,0,40,24,64,1,5,54,36,96,72,72,144,240
03/14/2008,DEC,IL,AGL,CE,Federal Contract Tower,0,4,6,5,15,0,0,33,19,52,0,4,39,24,67,53,49,102,169
03/15/2008,DEC,IL,AGL,CE,Federal Contract Tower,0,5,2,0,7,0,0,14,0,14,0,5,16,0,21,30,0,30,51
03/16/2008,DEC,IL,AGL,CE,Federal Contract Tower,0,4,7,0,11,0,0,36,12,48,0,4,43,12,59,62,0,62,121
03/17/2008,DEC,IL,AGL,CE,Federal Contract Tower,0,5,7,1,13,0,0,21,19,40,0,5,28,20,53,48,48,96,149
03/18/2008,DEC,IL,AGL,CE,Federal Contract Tower,1,2,6,0,9,0,0,0,0,0,1,2,6,0,9,0,0,0,9
03/19/2008,DEC,IL,AGL,CE,Federal Contract Tower,0,6,15,2,23,0,0,24,3,27,0,6,39,5,50,71,6,77,127
03/20/2008,DEC,IL,AGL,CE,Federal Contract Tower,0,5,20,4,29,0,0,31,28,59,0,5,51,32,88,51,26,77,165
03/21/2008,DEC,IL,AGL,CE,Federal Contract Tower,0,4,8,1,13,0,0,12,7,19,0,4,20,8,32,14,14,28,60
03/22/2008,DEC,IL,AGL,CE,Federal Contract Tower,0,5,3,0,8,0,0,18,0,18,0,5,21,0,26,28,0,28,54
03/23/2008,DEC,IL,AGL,CE,Federal Contract Tower,0,4,3,0,7,0,0,8,0,8,0,4,11,0,15,16,0,16,31
03/24/2008,DEC,IL,AGL,CE,Federal Contract Tower,1,6,27,2,36,0,0,31,4,35,1,6,58,6,71,82,18,100,171
03/25/2008,DEC,IL,AGL,CE,Federal Contract Tower,4,4,12,4,24,0,0,34,22,56,4,4,46,26,80,47,36,83,163
03/26/2008,DEC,IL,AGL,CE,Federal Contract Tower,0,7,19,4,30,0,0,40,16,56,0,7,59,20,86,57,18,75,161
03/27/2008,DEC,IL,AGL,CE,Federal Contract Tower,0,3,18,4,25,0,0,5,4,9,0,3,23,8,34,4,40,44,78
03/28/2008,DEC,IL,AGL,CE,Federal Contract Tower,0,4,12,1,17,0,0,16,9,25,0,4,28,10,42,18,12,30,72
03/29/2008,DEC,IL,AGL,CE,Federal Contract Tower,0,5,7,0,12,0,0,30,0,30,0,5,37,0,42,52,0,52,94
03/30/2008,DEC,IL,AGL,CE,Federal Contract Tower,0,4,9,0,13,0,0,2,0,2,0,4,11,0,15,0,0,0,15
03/31/2008,DEC,IL,AGL,CE,Federal Contract Tower,1,3,4,0,8,0,0,14,0,14,1,3,18,0,22,30,0,30,52
04/01/2008,DEC,IL,AGL,CE,Federal Contract Tower,1,9,9,5,24,0,0,25,7,32,1,9,34,12,56,70,18,88,144
04/02/2008,DEC,IL,AGL,CE,Federal Contract Tower,0,8,25,1,34,0,0,46,6,52,0,8,71,7,86,56,10,66,152
04/03/2008,DEC,IL,AGL,CE,Federal Contract Tower,0,7,13,2,22,0,0,24,4,28,0,7,37,6,50,44,11,55,105
04/04/2008,DEC,IL,AGL,CE,Federal Contract Tower,0,7,19,3,29,0,0,11,9,20,0,7,30,12,49,20,16,36,85
04/05/2008,DEC,IL,AGL,CE,Federal Contract Tower,0,5,11,3,19,0,0,51,10,61,0,5,62,13,80,80,28,108,188
04/06/2008,DEC,IL,AGL,CE,Federal Contract Tower,0,6,9,0,15,0,0,39,8,47,0,6,48,8,62,14,0,14,76
04/07/2008,DEC,IL,AGL,CE,Federal Contract Tower,1,8,15,0,24,0,0,44,2,46,1,8,59,2,70,106,6,112,182
04/08/2008,DEC,IL,AGL,CE,Federal Contract Tower,1,10,12,4,27,0,0,26,18,44,1,10,38,22,71,60,50,110,181
04/09/2008,DEC,IL,AGL,CE,Federal Contract Tower,0,8,25,3,36,0,0,31,6,37,0,8,56,9,73,57,15,72,145
04/10/2008,DEC,IL,AGL,CE,Federal Contract Tower,0,7,5,0,12,0,0,3,0,3,0,7,8,0,15,2,0,2,17
04/11/2008,DEC,IL,AGL,CE,Federal Contract Tower,0,7,5,2,14,0,0,9,15,24,0,7,14,17,38,6,12,18,56
04/12/2008,DEC,IL,AGL,CE,Federal Contract Tower,0,7,0,0,7,0,0,9,0,9,0,7,9,0,16,6,0,6,22
04/13/2008,DEC,IL,AGL,CE,Federal Contract Tower,0,4,7,0,11,0,0,8,0,8,0,4,15,0,19,20,0,20,39
04/14/2008,DEC,IL,AGL,CE,Federal Contract Tower,1,7,24,2,34,0,0,34,4,38,1,7,58,6,72,107,8,115,187
04/15/2008,DEC,IL,AGL,CE,Federal Contract Tower,1,9,27,4,41,0,0,41,12,53,1,9,68,16,94,68,44,112,206
04/16/2008,DEC,IL,AGL,CE,Federal Contract Tower,0,10,9,0,19,0,0,24,7,31,0,10,33,7,50,39,33,72,122
04/17/2008,DEC,IL,AGL,CE,Federal Contract Tower,0,10,27,2,39,0,0,28,14,42,0,10,55,16,81,62,22,84,165
04/18/2008,DEC,IL,AGL,CE,Federal Contract Tower,0,4,11,0,15,0,0,10,12,22,0,4,21,12,37,10,0,10,47
04/19/2008,DEC,IL,AGL,CE,Federal Contract Tower,0,7,2,0,9,0,0,29,2,31,0,7,31,2,40,40,0,40,80
04/20/2008,DEC,IL,AGL,CE,Federal Contract Tower,0,6,12,0,18,0,0,27,3,30,0,6,39,3,48,86,0,86,134
04/21/2008,DEC,IL,AGL,CE,Federal Contract Tower,1,7,29,4,41,0,0,44,10,54,1,7,73,14,95,94,6,100,195
04/22/2008,DEC,IL,AGL,CE,Federal Contract Tower,1,7,17,4,29,0,0,30,3,33,1,7,47,7,62,60,0,60,122
04/23/2008,DEC,IL,AGL,CE,Federal Contract Tower,0,5,21,3,29,0,0,35,5,40,0,5,56,8,69,73,0,73,142
04/24/2008,DEC,IL,AGL,CE,Federal Contract Tower,0,7,13,2,22,0,0,20,9,29,0,7,33,11,51,47,10,57,108
04/25/2008,DEC,IL,AGL,CE,Federal Contract Tower,0,4,12,1,17,0,0,11,12,23,0,4,23,13,40,34,18,52,92
04/26/2008,DEC,IL,AGL,CE,Federal Contract Tower,0,6,10,0,16,0,0,41,0,41,0,6,51,0,57,67,0,67,124
04/27/2008,DEC,IL,AGL,CE,Federal Contract Tower,0,4,5,0,9,0,0,29,0,29,0,4,34,0,38,34,0,34,72
04/28/2008,DEC,IL,AGL,CE,Federal Contract Tower,1,5,12,2,20,0,0,19,4,23,1,5,31,6,43,66,4,70,113
04/29/2008,DEC,IL,AGL,CE,Federal Contract Tower,1,7,19,2,29,0,0,46,6,52,1,7,65,8,81,108,10,118,199
04/30/2008,DEC,IL,AGL,CE,Federal Contract Tower,0,7,40,2,49,0,0,29,8,37,0,7,69,10,86,43,10,53,139
05/01/2008,DEC,IL,AGL,CE,Federal Contract Tower,0,7,21,2,30,0,0,33,8,41,0,7,54,10,71,44,7,51,122
05/02/2008,DEC,IL,AGL,CE,Federal Contract Tower,0,3,9,0,12,0,0,14,0,14,0,3,23,0,26,18,0,18,44
05/03/2008,DEC,IL,AGL,CE,Federal Contract Tower,0,5,3,0,8,0,0,25,4,29,0,5,28,4,37,16,10,26,63
05/04/2008,DEC,IL,AGL,CE,Federal Contract Tower,0,4,8,0,12,0,0,48,0,48,0,4,56,0,60,56,0,56,116
05/05/2008,DEC,IL,AGL,CE,Federal Contract Tower,1,5,18,2,26,0,0,33,0,33,1,5,51,2,59,98,0,98,157
05/06/2008,DEC,IL,AGL,CE,Federal Contract Tower,1,7,29,1,38,0,0,28,6,34,1,7,57,7,72,66,8,74,146
05/07/2008,DEC,IL,AGL,CE,Federal Contract Tower,0,6,10,1,17,0,0,23,1,24,0,6,33,2,41,54,0,54,95
05/08/2008,DEC,IL,AGL,CE,Federal Contract Tower,0,12,9,1,22,0,0,10,1,11,0,12,19,2,33,14,0,14,47
05/09/2008,DEC,IL,AGL,CE,Federal Contract Tower,0,9,17,0,26,0,0,16,2,18,0,9,33,2,44,18,0,18,62
05/10/2008,DEC,IL,AGL,CE,Federal Contract Tower,0,11,6,0,17,0,0,69,3,72,0,11,75,3,89,120,0,120,209
05/11/2008,DEC,IL,AGL,CE,Federal Contract Tower,0,5,0,0,5,0,0,6,0,6,0,5,6,0,11,8,0,8,19
05/12/2008,DEC,IL,AGL,CE,Federal Contract Tower,1,2,12,0,15,0,0,63,6,69,1,2,75,6,84,108,32,140,224
05/13/2008,DEC,IL,AGL,CE,Federal Contract Tower,0,10,8,6,24,0,0,28,1,29,0,10,36,7,53,82,12,94,147
05/14/2008,DEC,IL,AGL,CE,Federal Contract Tower,0,15,21,2,38,0,0,23,3,26,0,15,44,5,64,36,1,37,101
05/15/2008,DEC,IL,AGL,CE,Federal Contract Tower,0,14,13,2,29,0,0,30,8,38,0,14,43,10,67,27,6,33,100
05/16/2008,DEC,IL,AGL,CE,Federal Contract Tower,0,7,13,1,21,0,0,43,14,57,0,7,56,15,78,74,10,84,162
05/17/2008,DEC,IL,AGL,CE,Federal Contract Tower,0,5,10,0,15,0,0,122,3,125,0,5,132,3,140,32,0,32,172
05/18/2008,DEC,IL,AGL,CE,Federal Contract Tower,0,6,5,2,13,0,0,44,10,54,0,6,49,12,67,44,24,68,135
05/19/2008,DEC,IL,AGL,CE,Federal Contract Tower,0,2,18,0,20,0,0,41,3,44,0,2,59,3,64,93,0,93,157
05/20/2008,DEC,IL,AGL,CE,Federal Contract Tower,0,4,14,0,18,0,0,29,13,42,0,4,43,13,60,62,54,116,176
05/21/2008,DEC,IL,AGL,CE,Federal Contract Tower,0,12,10,1,23,0,0,52,11,63,0,12,62,12,86,74,27,101,187
05/22/2008,DEC,IL,AGL,CE,Federal Contract Tower,0,11,15,0,26,0,0,36,9,45,0,11,51,9,71,53,11,64,135
05/23/2008,DEC,IL,AGL,CE,Federal Contract Tower,0,4,13,2,19,0,0,15,0,15,0,4,28,2,34,42,0,42,76
05/24/2008,DEC,IL,AGL,CE,Federal Contract Tower,0,7,6,0,13,0,0,44,0,44,0,7,50,0,57,86,0,86,143
05/25/2008,DEC,IL,AGL,CE,Federal Contract Tower,0,6,2,0,8,0,0,21,0,21,0,6,23,0,29,12,0,12,41
05/26/2008,DEC,IL,AGL,CE,Federal Contract Tower,0,9,3,0,12,0,0,43,0,43,0,9,46,0,55,116,0,116,171
05/27/2008,DEC,IL,AGL,CE,Federal Contract Tower,0,7,18,5,30,0,0,29,11,40,0,7,47,16,70,78,44,122,192
05/28/2008,DEC,IL,AGL,CE,Federal Contract Tower,0,16,17,1,34,0,0,51,10,61,0,16,68,11,95,115,12,127,222
05/29/2008,DEC,IL,AGL,CE,Federal Contract Tower,0,17,21,8,46,0,0,54,17,71,0,17,75,25,117,78,15,93,210
05/30/2008,DEC,IL,AGL,CE,Federal Contract Tower,0,10,8,0,18,0,0,20,5,25,0,10,28,5,43,48,12,60,103
05/31/2008,DEC,IL,AGL,CE,Federal Contract Tower,0,7,7,0,14,0,0,47,4,51,0,7,54,4,65,60,0,60,125
06/01/2008,DEC,IL,AGL,CE,Federal Contract Tower,0,6,6,0,12,0,0,29,0,29,0,6,35,0,41,30,0,30,71
06/02/2008,DEC,IL,AGL,CE,Federal Contract Tower,0,5,25,2,32,0,0,42,0,42,0,5,67,2,74,94,0,94,168
06/03/2008,DEC,IL,AGL,CE,Federal Contract Tower,0,13,2,2,17,0,0,25,0,25,0,13,27,2,42,70,4,74,116
06/04/2008,DEC,IL,AGL,CE,Federal Contract Tower,0,12,6,2,20,0,0,24,10,34,0,12,30,12,54,46,39,85,139
06/05/2008,DEC,IL,AGL,CE,Federal Contract Tower,0,10,12,6,28,0,0,27,17,44,0,10,39,23,72,55,61,116,188
06/06/2008,DEC,IL,AGL,CE,Federal Contract Tower,0,12,2,7,21,0,0,16,9,25,0,12,18,16,46,4,32,36,82
06/07/2008,DEC,IL,AGL,CE,Federal Contract Tower,0,4,0,0,4,0,0,22,5,27,0,4,22,5,31,32,0,32,63
06/08/2008,DEC,IL,AGL,CE,Federal Contract Tower,0,4,4,8,16,0,0,39,6,45,0,4,43,14,61,44,0,44,105
06/09/2008,DEC,IL,AGL,CE,Federal Contract Tower,0,6,15,3,24,0,0,28,18,46,0,6,43,21,70,78,48,126,196
06/10/2008,DEC,IL,AGL,CE,Federal Contract Tower,1,5,18,0,24,0,0,47,25,72,1,5,65,25,96,88,28,116,212
06/11/2008,DEC,IL,AGL,CE,Federal Contract Tower,0,17,4,0,21,0,0,49,13,62,0,17,53,13,83,75,38,113,196
06/12/2008,DEC,IL,AGL,CE,Federal Contract Tower,0,13,12,3,28,0,0,37,8,45,0,13,49,11,73,45,7,52,125
06/13/2008,DEC,IL,AGL,CE,Federal Contract Tower,0,7,10,1,18,0,0,17,4,21,0,7,27,5,39,24,0,24,63
06/14/2008,DEC,IL,AGL,CE,Federal Contract Tower,0,8,3,1,12,0,0,43,4,47,0,8,46,5,59,73,0,73,132
06/15/2008,DEC,IL,AGL,CE,Federal Contract Tower,0,6,11,0,17,0,0,32,0,32,0,6,43,0,49,68,0,68,117
06/16/2008,DEC,IL,AGL,CE,Federal Contract Tower,0,11,12,3,26,0,0,44,4,48,0,11,56,7,74,73,4,77,151
06/17/2008,DEC,IL,AGL,CE,Federal Contract Tower,0,5,5,0,10,0,0,55,4,59,0,5,60,4,69,102,4,106,175
06/18/2008,DEC,IL,AGL,CE,Federal Contract Tower,0,8,14,0,22,0,0,32,4,36,0,8,46,4,58,52,0,52,110
06/19/2008,DEC,IL,AGL,CE,Federal Contract Tower,0,6,5,0,11,0,0,34,4,38,0,6,39,4,49,68,0,68,117
06/20/2008,DEC,IL,AGL,CE,Federal Contract Tower,0,4,10,0,14,0,0,24,8,32,0,4,34,8,46,26,0,26,72
06/21/2008,DEC,IL,AGL,CE,Federal Contract Tower,0,13,0,0,13,0,0,44,8,52,0,13,44,8,65,82,24,106,171
06/22/2008,DEC,IL,AGL,CE,Federal Contract Tower,0,6,4,0,10,0,0,36,5,41,0,6,40,5,51,88,18,106,157
06/23/2008,DEC,IL,AGL,CE,Federal Contract Tower,0,9,14,0,23,0,0,47,9,56,0,9,61,9,79,67,32,99,178
06/24/2008,DEC,IL,AGL,CE,Federal Contract Tower,0,9,28,0,37,0,0,38,6,44,0,9,66,6,81,69,6,75,156
06/25/2008,DEC,IL,AGL,CE,Federal Contract Tower,0,7,11,0,18,0,0,86,6,92,0,7,97,6,110,90,14,104,214
06/26/2008,DEC,IL,AGL,CE,Federal Contract Tower,0,7,4,1,12,0,0,34,13,47,0,7,38,14,59,48,0,48,107
06/27/2008,DEC,IL,AGL,CE,Federal Contract Tower,0,4,14,0,18,0,0,15,2,17,0,4,29,2,35,42,0,42,77
06/28/2008,DEC,IL,AGL,CE,Federal Contract Tower,0,6,4,0,10,0,0,38,9,47,0,6,42,9,57,104,8,112,169
06/29/2008,DEC,IL,AGL,CE,Federal Contract Tower,0,4,3,0,7,0,0,36,2,38,0,4,39,2,45,104,4,108,153
06/30/2008,DEC,IL,AGL,CE,Federal Contract Tower,0,7,15,0,22,0,0,48,5,53,0,7,63,5,75,97,10,107,182
07/01/2008,DEC,IL,AGL,CE,Federal Contract Tower,0,5,6,0,11,0,0,51,14,65,0,5,57,14,76,60,41,101,177
07/02/2008,DEC,IL,AGL,CE,Federal Contract Tower,0,13,2,1,16,0,0,27,5,32,0,13,29,6,48,27,18,45,93
07/03/2008,DEC,IL,AGL,CE,Federal Contract Tower,0,5,11,0,16,0,0,6,0,6,0,5,17,0,22,6,0,6,28
07/04/2008,DEC,IL,AGL,CE,Federal Contract Tower,0,4,6,0,10,0,4,32,1,37,0,8,38,1,47,25,0,25,72
07/05/2008,DEC,IL,AGL,CE,Federal Contract Tower,0,2,3,0,5,0,0,52,0,52,0,2,55,0,57,100,0,100,157
07/06/2008,DEC,IL,AGL,CE,Federal Contract Tower,0,2,14,0,16,0,0,48,0,48,0,2,62,0,64,88,0,88,152
07/07/2008,DEC,IL,AGL,CE,Federal Contract Tower,0,14,4,0,18,0,0,27,0,27,0,14,31,0,45,81,0,81,126
07/08/2008,DEC,IL,AGL,CE,Federal Contract Tower,0,3,10,0,13,0,0,21,12,33,0,3,31,12,46,80,17,97,143
07/09/2008,DEC,IL,AGL,CE,Federal Contract Tower,0,10,7,2,19,0,0,63,6,69,0,10,70,8,88,110,0,110,198
07/10/2008,DEC,IL,AGL,CE,Federal Contract Tower,0,5,18,2,25,0,0,51,2,53,0,5,69,4,78,166,0,166,244
07/11/2008,DEC,IL,AGL,CE,Federal Contract Tower,0,6,4,0,10,0,0,41,12,53,0,6,45,12,63,66,0,66,129
07/12/2008,DEC,IL,AGL,CE,Federal Contract Tower,0,5,4,0,9,0,0,47,0,47,0,5,51,0,56,126,0,126,182
07/13/2008,DEC,IL,AGL,CE,Federal Contract Tower,0,4,8,0,12,0,0,50,9,59,0,4,58,9,71,84,12,96,167
07/14/2008,DEC,IL,AGL,CE,Federal Contract Tower,0,10,7,1,18,0,1,49,16,66,0,11,56,17,84,58,49,107,191
07/15/2008,DEC,IL,AGL,CE,Federal Contract Tower,0,7,7,2,16,0,0,43,26,69,0,7,50,28,85,60,80,140,225
07/16/2008,DEC,IL,AGL,CE,Federal Contract Tower,0,7,13,3,23,0,0,36,12,48,0,7,49,15,71,50,12,62,133
07/17/2008,DEC,IL,AGL,CE,Federal Contract Tower,0,9,25,0,34,0,0,37,14,51,0,9,62,14,85,78,0,78,163
07/18/2008,DEC,IL,AGL,CE,Federal Contract Tower,0,6,11,0,17,0,0,37,14,51,0,6,48,14,68,65,0,65,133
07/19/2008,DEC,IL,AGL,CE,Federal Contract Tower,0,3,3,1,7,0,0,36,8,44,0,3,39,9,51,78,38,116,167
07/20/2008,DEC,IL,AGL,CE,Federal Contract Tower,0,6,1,0,7,0,0,44,2,46,0,6,45,2,53,90,8,98,151
07/21/2008,DEC,IL,AGL,CE,Federal Contract Tower,0,3,7,0,10,0,0,37,14,51,0,3,44,14,61,63,4,67,128
07/22/2008,DEC,IL,AGL,CE,Federal Contract Tower,0,10,15,6,31,0,0,25,12,37,0,10,40,18,68,78,36,114,182
07/23/2008,DEC,IL,AGL,CE,Federal Contract Tower,0,3,11,5,19,0,0,46,5,51,0,3,57,10,70,42,0,42,112
07/24/2008,DEC,IL,AGL,CE,Federal Contract Tower,0,8,12,2,22,0,0,33,7,40,0,8,45,9,62,38,24,62,124
07/25/2008,DEC,IL,AGL,CE,Federal Contract Tower,0,6,13,0,19,0,0,31,0,31,0,6,44,0,50,48,0,48,98
07/26/2008,DEC,IL,AGL,CE,Federal Contract Tower,0,5,27,0,32,0,0,60,0,60,0,5,87,0,92,119,0,119,211
07/27/2008,DEC,IL,AGL,CE,Federal Contract Tower,0,3,13,0,16,0,0,46,0,46,0,3,59,0,62,46,0,46,108
07/28/2008,DEC,IL,AGL,CE,Federal Contract Tower,0,10,11,1,22,0,0,42,0,42,0,10,53,1,64,76,0,76,140
07/29/2008,DEC,IL,AGL,CE,Federal Contract Tower,0,15,18,2,35,0,0,38,14,52,0,15,56,16,87,59,40,99,186
07/30/2008,DEC,IL,AGL,CE,Federal Contract Tower,0,8,9,0,17,0,0,26,8,34,0,8,35,8,51,50,44,94,145
07/31/2008,DEC,IL,AGL,CE,Federal Contract Tower,1,10,23,6,40,0,0,49,11,60,1,10,72,17,100,96,42,138,238
08/01/2008,DEC,IL,AGL,CE,Federal Contract Tower,0,6,13,1,20,0,0,36,0,36,0,6,49,1,56,48,0,48,104
08/02/2008,DEC,IL,AGL,CE,Federal Contract Tower,0,7,3,0,10,0,0,63,3,66,0,7,66,3,76,88,6,94,170
08/03/2008,DEC,IL,AGL,CE,Federal Contract Tower,0,2,5,0,7,0,0,37,0,37,0,2,42,0,44,92,0,92,136
08/04/2008,DEC,IL,AGL,CE,Federal Contract Tower,0,7,10,0,17,0,0,44,7,51,0,7,54,7,68,89,14,103,171
08/05/2008,DEC,IL,AGL,CE,Federal Contract Tower,0,16,11,2,29,0,0,32,15,47,0,16,43,17,76,41,12,53,129
08/06/2008,DEC,IL,AGL,CE,Federal Contract Tower,0,15,9,1,25,0,0,48,15,63,0,15,57,16,88,80,46,126,214
08/07/2008,DEC,IL,AGL,CE,Federal Contract Tower,0,19,5,3,27,0,0,33,17,50,0,19,38,20,77,66,56,122,199
08/08/2008,DEC,IL,AGL,CE,Federal Contract Tower,0,6,16,3,25,0,0,61,13,74,0,6,77,16,99,50,32,82,181
08/09/2008,DEC,IL,AGL,CE,Federal Contract Tower,0,5,1,2,8,0,0,50,4,54,0,5,51,6,62,66,16,82,144
08/10/2008,DEC,IL,AGL,CE,Federal Contract Tower,0,6,8,2,16,0,0,60,3,63,0,6,68,5,79,74,4,78,157
08/11/2008,DEC,IL,AGL,CE,Federal Contract Tower,0,5,6,3,14,0,0,51,2,53,0,5,57,5,67,115,0,115,182
08/12/2008,DEC,IL,AGL,CE,Federal Contract Tower,0,7,14,2,23,0,0,41,11,52,0,7,55,13,75,73,24,97,172
08/13/2008,DEC,IL,AGL,CE,Federal Contract Tower,0,7,7,0,14,0,0,19,12,31,0,7,26,12,45,62,40,102,147
08/14/2008,DEC,IL,AGL,CE,Federal Contract Tower,0,11,14,2,27,0,0,35,15,50,0,11,49,17,77,34,34,68,145
08/15/2008,DEC,IL,AGL,CE,Federal Contract Tower,0,6,29,0,35,0,0,55,3,58,0,6,84,3,93,62,13,75,168
08/16/2008,DEC,IL,AGL,CE,Federal Contract Tower,0,5,7,0,12,0,0,45,6,51,0,5,52,6,63,90,16,106,169
08/17/2008,DEC,IL,AGL,CE,Federal Contract Tower,0,4,7,0,11,0,0,47,0,47,0,4,54,0,58,97,0,97,155
08/18/2008,DEC,IL,AGL,CE,Federal Contract Tower,0,6,10,1,17,0,0,36,8,44,0,6,46,9,61,74,6,80,141
08/19/2008,DEC,IL,AGL,CE,Federal Contract Tower,0,6,25,2,33,0,0,37,37,74,0,6,62,39,107,64,58,122,229
08/20/2008,DEC,IL,AGL,CE,Federal Contract Tower,0,6,8,0,14,0,0,30,9,39,0,6,38,9,53,65,6,71,124
08/21/2008,DEC,IL,AGL,CE,Federal Contract Tower,0,10,18,1,29,0,0,24,14,38,0,10,42,15,67,25,22,47,114
08/22/2008,DEC,IL,AGL,CE,Federal Contract Tower,0,6,9,0,15,0,0,31,0,31,0,6,40,0,46,47,0,47,93
08/23/2008,DEC,IL,AGL,CE,Federal Contract Tower,0,3,1,0,4,0,0,40,6,46,0,3,41,6,50,76,18,94,144
08/24/2008,DEC,IL,AGL,CE,Federal Contract Tower,0,4,0,1,5,0,0,56,1,57,0,4,56,2,62,79,0,79,141
08/25/2008,DEC,IL,AGL,CE,Federal Contract Tower,0,12,9,0,21,0,0,44,2,46,0,12,53,2,67,71,0,71,138
08/26/2008,DEC,IL,AGL,CE,Federal Contract Tower,0,13,3,0,16,0,0,50,14,64,0,13,53,14,80,71,16,87,167
08/27/2008,DEC,IL,AGL,CE,Federal Contract Tower,0,13,18,2,33,0,0,19,4,23,0,13,37,6,56,50,0,50,106
08/28/2008,DEC,IL,AGL,CE,Federal Contract Tower,0,6,12,0,18,0,0,10,6,16,0,6,22,6,34,20,3,23,57
08/29/2008,DEC,IL,AGL,CE,Federal Contract Tower,0,10,8,0,18,0,0,30,0,30,0,10,38,0,48,28,0,28,76
08/30/2008,DEC,IL,AGL,CE,Federal Contract Tower,0,5,2,0,7,0,0,24,0,24,0,5,26,0,31,24,0,24,55
08/31/2008,DEC,IL,AGL,CE,Federal Contract Tower,0,3,4,0,7,0,0,38,0,38,0,3,42,0,45,65,0,65,110
09/01/2008,DEC,IL,AGL,CE,Federal Contract Tower,0,2,10,0,12,0,0,35,0,35,0,2,45,0,47,49,0,49,96
09/02/2008,DEC,IL,AGL,CE,Federal Contract Tower,0,12,12,1,25,0,0,35,4,39,0,12,47,5,64,56,0,56,120
09/03/2008,DEC,IL,AGL,CE,Federal Contract Tower,0,7,8,0,15,0,0,17,7,24,0,7,25,7,39,42,4,46,85
09/04/2008,DEC,IL,AGL,CE,Federal Contract Tower,0,6,5,0,11,0,0,1,0,1,0,6,6,0,12,0,0,0,12
09/05/2008,DEC,IL,AGL,CE,Federal Contract Tower,0,14,19,1,34,0,0,32,2,34,0,14,51,3,68,56,0,56,124
09/06/2008,DEC,IL,AGL,CE,Federal Contract Tower,0,5,9,1,15,0,0,114,3,117,0,5,123,4,132,106,6,112,244
09/07/2008,DEC,IL,AGL,CE,Federal Contract Tower,0,5,15,0,20,0,0,48,2,50,0,5,63,2,70,68,4,72,142
09/08/2008,DEC,IL,AGL,CE,Federal Contract Tower,0,16,15,0,31,0,0,29,0,29,0,16,44,0,60,57,0,57,117
09/09/2008,DEC,IL,AGL,CE,Federal Contract Tower,0,9,2,1,12,0,0,42,6,48,0,9,44,7,60,62,14,76,136
09/10/2008,DEC,IL,AGL,CE,Federal Contract Tower,0,5,18,0,23,0,0,32,3,35,0,5,50,3,58,88,0,88,146
09/11/2008,DEC,IL,AGL,CE,Federal Contract Tower,0,10,13,1,24,0,0,17,14,31,0,10,30,15,55,76,24,100,155
09/12/2008,DEC,IL,AGL,CE,Federal Contract Tower,0,9,11,0,20,0,0,16,2,18,0,9,27,2,38,18,0,18,56
09/13/2008,DEC,IL,AGL,CE,Federal Contract Tower,0,6,3,0,9,0,0,28,1,29,0,6,31,1,38,84,4,88,126
09/14/2008,DEC,IL,AGL,CE,Federal Contract Tower,0,5,5,0,10,0,0,7,0,7,0,5,12,0,17,0,0,0,17
09/15/2008,DEC,IL,AGL,CE,Federal Contract Tower,0,5,16,0,21,0,0,18,4,22,0,5,34,4,43,40,0,40,83
09/16/2008,DEC,IL,AGL,CE,Federal Contract Tower,0,7,11,0,18,0,0,43,6,49,0,7,54,6,67,54,18,72,139
09/17/2008,DEC,IL,AGL,CE,Federal Contract Tower,1,7,10,1,19,0,0,38,9,47,1,7,48,10,66,64,28,92,158
09/18/2008,DEC,IL,AGL,CE,Federal Contract Tower,0,11,16,0,27,0,0,53,16,69,0,11,69,16,96,132,30,162,258
09/19/2008,DEC,IL,AGL,CE,Federal Contract Tower,0,8,5,1,14,0,0,38,10,48,0,8,43,11,62,64,36,100,162
09/20/2008,DEC,IL,AGL,CE,Federal Contract Tower,0,7,12,0,19,0,0,30,0,30,0,7,42,0,49,54,0,54,103
09/21/2008,DEC,IL,AGL,CE,Federal Contract Tower,0,4,7,0,11,0,0,34,9,43,0,4,41,9,54,70,12,82,136
09/22/2008,DEC,IL,AGL,CE,Federal Contract Tower,0,9,20,0,29,0,0,32,3,35,0,9,52,3,64,52,0,52,116
09/23/2008,DEC,IL,AGL,CE,Federal Contract Tower,0,9,34,1,44,0,0,29,12,41,0,9,63,13,85,24,24,48,133
09/24/2008,DEC,IL,AGL,CE,Federal Contract Tower,0,9,19,4,32,0,0,36,7,43,0,9,55,11,75,54,16,70,145
09/25/2008,DEC,IL,AGL,CE,Federal Contract Tower,0,11,14,4,29,0,0,63,7,70,0,11,77,11,99,78,26,104,203
09/26/2008,DEC,IL,AGL,CE,Federal Contract Tower,0,10,11,1,22,0,0,38,11,49,0,10,49,12,71,84,18,102,173
09/27/2008,DEC,IL,AGL,CE,Federal Contract Tower,0,3,11,0,14,0,0,37,0,37,0,3,48,0,51,45,0,45,96
09/28/2008,DEC,IL,AGL,CE,Federal Contract Tower,0,2,8,0,10,0,0,54,0,54,0,2,62,0,64,59,0,59,123
09/29/2008,DEC,IL,AGL,CE,Federal Contract Tower,0,6,11,0,17,0,0,15,0,15,0,6,26,0,32,30,0,30,62
09/30/2008,DEC,IL,AGL,CE,Federal Contract Tower,0,5,12,0,17,0,0,31,10,41,0,5,43,10,58,38,18,56,114
10/01/2008,DEC,IL,AGL,CE,Federal Contract Tower,0,13,10,0,23,0,0,47,7,54,0,13,57,7,77,66,10,76,153
10/02/2008,DEC,IL,AGL,CE,Federal Contract Tower,0,8,14,3,25,0,0,29,8,37,0,8,43,11,62,70,34,104,166
10/03/2008,DEC,IL,AGL,CE,Federal Contract Tower,0,7,10,0,17,0,0,45,2,47,0,7,55,2,64,66,0,66,130
10/04/2008,DEC,IL,AGL,CE,Federal Contract Tower,0,4,12,0,16,0,0,71,2,73,0,4,83,2,89,146,4,150,239
10/05/2008,DEC,IL,AGL,CE,Federal Contract Tower,0,5,5,2,12,0,0,78,0,78,0,5,83,2,90,104,0,104,194
10/06/2008,DEC,IL,AGL,CE,Federal Contract Tower,0,10,22,0,32,0,0,22,0,22,0,10,44,0,54,44,0,44,98
10/07/2008,DEC,IL,AGL,CE,Federal Contract Tower,0,12,8,0,20,0,0,8,0,8,0,12,16,0,28,18,0,18,46
10/08/2008,DEC,IL,AGL,CE,Federal Contract Tower,0,9,5,19,33,0,0,35,12,47,0,9,40,31,80,61,30,91,171
10/09/2008,DEC,IL,AGL,CE,Federal Contract Tower,0,8,8,1,17,0,0,51,4,55,0,8,59,5,72,76,10,86,158
10/10/2008,DEC,IL,AGL,CE,Federal Contract Tower,0,8,12,2,22,0,0,41,11,52,0,8,53,13,74,58,26,84,158
10/11/2008,DEC,IL,AGL,CE,Federal Contract Tower,0,7,7,0,14,0,0,35,0,35,0,7,42,0,49,52,0,52,101
10/12/2008,DEC,IL,AGL,CE,Federal Contract Tower,0,4,6,0,10,0,0,51,0,51,0,4,57,0,61,44,0,44,105
10/13/2008,DEC,IL,AGL,CE,Federal Contract Tower,0,9,8,0,17,0,0,38,0,38,0,9,46,0,55,54,0,54,109
10/14/2008,DEC,IL,AGL,CE,Federal Contract Tower,0,7,14,2,23,0,0,29,13,42,0,7,43,15,65,57,60,117,182
10/15/2008,DEC,IL,AGL,CE,Federal Contract Tower,0,10,9,3,22,0,0,13,1,14,0,10,22,4,36,8,0,8,44
10/16/2008,DEC,IL,AGL,CE,Federal Contract Tower,0,5,17,2,24,0,0,60,11,71,0,5,77,13,95,135,44,179,274
10/17/2008,DEC,IL,AGL,CE,Federal Contract Tower,0,9,11,2,22,0,0,32,19,51,0,9,43,21,73,62,64,126,199
10/18/2008,DEC,IL,AGL,CE,Federal Contract Tower,0,5,11,0,16,0,0,52,2,54,0,5,63,2,70,69,0,69,139
10/19/2008,DEC,IL,AGL,CE,Federal Contract Tower,0,4,2,0,6,0,0,46,0,46,0,4,48,0,52,45,0,45,97
10/20/2008,DEC,IL,AGL,CE,Federal Contract Tower,0,13,16,0,29,0,0,26,0,26,0,13,42,0,55,28,0,28,83
10/21/2008,DEC,IL,AGL,CE,Federal Contract Tower,0,14,18,2,34,0,0,24,10,34,0,14,42,12,68,36,22,58,126
10/22/2008,DEC,IL,AGL,CE,Federal Contract Tower,0,9,14,2,25,0,0,26,8,34,0,9,40,10,59,54,20,74,133
10/23/2008,DEC,IL,AGL,CE,Federal Contract Tower,0,11,3,5,19,0,0,10,4,14,0,11,13,9,33,10,0,10,43
10/24/2008,DEC,IL,AGL,CE,Federal Contract Tower,0,9,5,2,16,0,0,37,10,47,0,9,42,12,63,49,42,91,154
10/25/2008,DEC,IL,AGL,CE,Federal Contract Tower,0,7,4,0,11,0,0,45,1,46,0,7,49,1,57,60,0,60,117
10/26/2008,DEC,IL,AGL,CE,Federal Contract Tower,0,5,2,0,7,0,0,28,0,28,0,5,30,0,35,42,0,42,77
10/27/2008,DEC,IL,AGL,CE,Federal Contract Tower,0,9,5,1,15,0,0,10,2,12,0,9,15,3,27,14,0,14,41
10/28/2008,DEC,IL,AGL,CE,Federal Contract Tower,0,8,10,4,22,0,0,32,10,42,0,8,42,14,64,40,36,76,140
10/29/2008,DEC,IL,AGL,CE,Federal Contract Tower,1,12,7,3,23,0,0,37,14,51,1,12,44,17,74,44,34,78,152
10/30/2008,DEC,IL,AGL,CE,Federal Contract Tower,0,9,15,3,27,0,0,56,7,63,0,9,71,10,90,136,36,172,262
10/31/2008,DEC,IL,AGL,CE,Federal Contract Tower,0,6,10,0,16,0,0,42,9,51,0,6,52,9,67,68,22,90,157
11/01/2008,DEC,IL,AGL,CE,Federal Contract Tower,0,3,2,0,5,0,0,62,5,67,0,3,64,5,72,45,6,51,123
11/02/2008,DEC,IL,AGL,CE,Federal Contract Tower,0,3,11,0,14,0,0,59,1,60,0,3,70,1,74,86,0,86,160
11/03/2008,DEC,IL,AGL,CE,Federal Contract Tower,0,8,12,0,20,0,0,28,3,31,0,8,40,3,51,40,2,42,93
11/04/2008,DEC,IL,AGL,CE,Federal Contract Tower,0,10,10,2,22,0,0,36,7,43,0,10,46,9,65,58,14,72,137
11/05/2008,DEC,IL,AGL,CE,Federal Contract Tower,0,13,9,2,24,0,0,34,17,51,0,13,43,19,75,52,26,78,153
11/06/2008,DEC,IL,AGL,CE,Federal Contract Tower,0,22,8,3,33,0,0,29,22,51,0,22,37,25,84,48,48,96,180
11/07/2008,DEC,IL,AGL,CE,Federal Contract Tower,0,7,14,2,23,0,0,43,16,59,0,7,57,18,82,68,28,96,178
11/08/2008,DEC,IL,AGL,CE,Federal Contract Tower,0,9,2,0,11,0,0,26,0,26,0,9,28,0,37,37,0,37,74
11/09/2008,DEC,IL,AGL,CE,Federal Contract Tower,0,8,1,0,9,0,0,27,3,30,0,8,28,3,39,40,0,40,79
11/10/2008,DEC,IL,AGL,CE,Federal Contract Tower,0,11,29,0,40,0,0,46,3,49,0,11,75,3,89,78,0,78,167
11/11/2008,DEC,IL,AGL,CE,Federal Contract Tower,0,10,3,2,15,0,0,7,0,7,0,10,10,2,22,16,0,16,38
11/12/2008,DEC,IL,AGL,CE,Federal Contract Tower,1,16,15,2,34,0,0,9,0,9,1,16,24,2,43,3,0,3,46
11/13/2008,DEC,IL,AGL,CE,Federal Contract Tower,0,9,24,2,35,0,0,58,2,60,0,9,82,4,95,108,0,108,203
11/14/2008,DEC,IL,AGL,CE,Federal Contract Tower,0,9,5,0,14,0,0,28,0,28,0,9,33,0,42,62,0,62,104
11/15/2008,DEC,IL,AGL,CE,Federal Contract Tower,0,3,2,0,5,0,0,23,0,23,0,3,25,0,28,44,0,44,72
11/16/2008,DEC,IL,AGL,CE,Federal Contract Tower,0,6,13,0,19,0,0,34,0,34,0,6,47,0,53,53,0,53,106
11/17/2008,DEC,IL,AGL,CE,Federal Contract Tower,0,13,14,4,31,0,0,20,0,20,0,13,34,4,51,30,0,30,81
11/18/2008,DEC,IL,AGL,CE,Federal Contract Tower,0,11,13,2,26,0,0,39,0,39,0,11,52,2,65,76,0,76,141
11/19/2008,DEC,IL,AGL,CE,Federal Contract Tower,0,10,4,2,16,0,0,53,0,53,0,10,57,2,69,69,0,69,138
11/20/2008,DEC,IL,AGL,CE,Federal Contract Tower,0,4,7,2,13,0,0,42,0,42,0,4,49,2,55,84,0,84,139
11/21/2008,DEC,IL,AGL,CE,Federal Contract Tower,0,9,19,2,30,0,0,57,0,57,0,9,76,2,87,74,0,74,161
11/22/2008,DEC,IL,AGL,CE,Federal Contract Tower,0,7,4,0,11,0,0,44,1,45,0,7,48,1,56,51,0,51,107
11/23/2008,DEC,IL,AGL,CE,Federal Contract Tower,0,2,11,0,13,0,0,67,0,67,0,2,78,0,80,80,0,80,160
11/24/2008,DEC,IL,AGL,CE,Federal Contract Tower,0,11,3,2,16,0,0,8,4,12,0,11,11,6,28,14,0,14,42
11/25/2008,DEC,IL,AGL,CE,Federal Contract Tower,0,9,8,0,17,0,0,31,10,41,0,9,39,10,58,46,14,60,118
11/26/2008,DEC,IL,AGL,CE,Federal Contract Tower,0,6,11,1,18,0,0,38,3,41,0,6,49,4,59,70,18,88,147
11/27/2008,DEC,IL,AGL,CE,Federal Contract Tower,0,0,3,0,3,0,0,55,0,55,0,0,58,0,58,102,0,102,160
11/28/2008,DEC,IL,AGL,CE,Federal Contract Tower,0,8,4,0,12,0,1,54,0,55,0,9,58,0,67,80,0,80,147
11/29/2008,DEC,IL,AGL,CE,Federal Contract Tower,0,3,10,0,13,0,0,35,0,35,0,3,45,0,48,54,0,54,102
11/30/2008,DEC,IL,AGL,CE,Federal Contract Tower,0,4,0,0,4,0,0,0,0,0,0,4,0,0,4,0,0,0,4
12/01/2008,DEC,IL,AGL,CE,Federal Contract Tower,0,8,12,2,22,0,0,12,0,12,0,8,24,2,34,16,0,16,50
12/02/2008,DEC,IL,AGL,CE,Federal Contract Tower,0,10,11,2,23,0,0,24,14,38,0,10,35,16,61,28,20,48,109
12/03/2008,DEC,IL,AGL,CE,Federal Contract Tower,1,8,0,2,11,0,0,17,6,23,1,8,17,8,34,32,10,42,76
12/04/2008,DEC,IL,AGL,CE,Federal Contract Tower,1,9,12,4,26,0,0,39,18,57,1,9,51,22,83,94,36,130,213
12/05/2008,DEC,IL,AGL,CE,Federal Contract Tower,0,9,9,2,20,0,0,45,9,54,0,9,54,11,74,108,50,158,232
12/06/2008,DEC,IL,AGL,CE,Federal Contract Tower,0,7,0,0,7,0,0,20,10,30,0,7,20,10,37,46,44,90,127
12/07/2008,DEC,IL,AGL,CE,Federal Contract Tower,0,8,3,0,11,0,0,33,5,38,0,8,36,5,49,76,29,105,154
12/08/2008,DEC,IL,AGL,CE,Federal Contract Tower,0,3,13,0,16,0,0,9,2,11,0,3,22,2,27,26,0,26,53
12/09/2008,DEC,IL,AGL,CE,Federal Contract Tower,1,11,4,2,18,0,0,2,0,2,1,11,6,2,20,4,0,4,24
12/10/2008,DEC,IL,AGL,CE,Federal Contract Tower,1,15,19,4,39,0,0,19,8,27,1,15,38,12,66,42,0,42,108
12/11/2008,DEC,IL,AGL,CE,Federal Contract Tower,1,10,11,0,22,0,0,44,0,44,1,10,55,0,66,91,0,91,157
12/12/2008,DEC,IL,AGL,CE,Federal Contract Tower,0,3,25,0,28,0,0,36,6,42,0,3,61,6,70,74,10,84,154
12/13/2008,DEC,IL,AGL,CE,Federal Contract Tower,0,6,0,0,6,0,0,29,0,29,0,6,29,0,35,79,0,79,114
12/14/2008,DEC,IL,AGL,CE,Federal Contract Tower,0,6,2,0,8,0,0,6,0,6,0,6,8,0,14,8,0,8,22
12/15/2008,DEC,IL,AGL,CE,Federal Contract Tower,0,6,7,0,13,0,0,22,0,22,0,6,29,0,35,32,0,32,67
12/16/2008,DEC,IL,AGL,CE,Federal Contract Tower,0,4,5,0,9,0,0,8,2,10,0,4,13,2,19,15,0,15,34
12/17/2008,DEC,IL,AGL,CE,Federal Contract Tower,0,16,9,0,25,0,0,30,26,56,0,16,39,26,81,42,42,84,165
12/18/2008,DEC,IL,AGL,CE,Federal Contract Tower,0,5,5,2,12,0,0,29,5,34,0,5,34,7,46,97,24,121,167
12/19/2008,DEC,IL,AGL,CE,Federal Contract Tower,0,4,3,0,7,0,0,13,0,13,0,4,16,0,20,9,0,9,29
12/20/2008,DEC,IL,AGL,CE,Federal Contract Tower,0,6,3,0,9,0,0,15,6,21,0,6,18,6,30,44,32,76,106
12/21/2008,DEC,IL,AGL,CE,Federal Contract Tower,0,6,0,0,6,0,0,7,0,7,0,6,7,0,13,8,0,8,21
12/22/2008,DEC,IL,AGL,CE,Federal Contract Tower,0,9,14,1,24,0,0,43,4,47,0,9,57,5,71,78,8,86,157
12/23/2008,DEC,IL,AGL,CE,Federal Contract Tower,0,4,0,0,4,0,0,5,0,5,0,4,5,0,9,5,0,5,14
12/24/2008,DEC,IL,AGL,CE,Federal Contract Tower,0,3,0,0,3,0,0,11,0,11,0,3,11,0,14,12,0,12,26
12/25/2008,DEC,IL,AGL,CE,Federal Contract Tower,0,6,0,0,6,0,0,23,0,23,0,6,23,0,29,54,0,54,83
12/26/2008,DEC,IL,AGL,CE,Federal Contract Tower,0,6,4,0,10,0,0,0,0,0,0,6,4,0,10,0,0,0,10
12/27/2008,DEC,IL,AGL,CE,Federal Contract Tower,0,7,4,0,11,0,0,8,0,8,0,7,12,0,19,10,0,10,29
12/28/2008,DEC,IL,AGL,CE,Federal Contract Tower,0,4,1,0,5,0,0,22,0,22,0,4,23,0,27,28,0,28,55
12/29/2008,DEC,IL,AGL,CE,Federal Contract Tower,0,5,2,0,7,0,0,41,0,41,0,5,43,0,48,66,0,66,114
12/30/2008,DEC,IL,AGL,CE,Federal Contract Tower,0,10,6,1,17,0,0,33,17,50,0,10,39,18,67,28,48,76,143
12/31/2008,DEC,IL,AGL,CE,Federal Contract Tower,0,5,2,0,7,0,0,34,8,42,0,5,36,8,49,48,22,70,119
01/01/2009,DEC,IL,AGL,CE,Federal Contract Tower,0,4,2,0,6,0,0,32,0,32,0,4,34,0,38,84,0,84,122
01/02/2009,DEC,IL,AGL,CE,Federal Contract Tower,0,6,0,3,9,0,0,57,2,59,0,6,57,5,68,68,10,78,146
01/03/2009,DEC,IL,AGL,CE,Federal Contract Tower,0,6,20,0,26,0,0,8,0,8,0,6,28,0,34,0,0,0,34
01/04/2009,DEC,IL,AGL,CE,Federal Contract Tower,0,4,3,0,7,0,0,2,0,2,0,4,5,0,9,6,0,6,15
01/05/2009,DEC,IL,AGL,CE,Federal Contract Tower,0,7,11,1,19,0,0,36,2,38,0,7,47,3,57,102,0,102,159
01/06/2009,DEC,IL,AGL,CE,Federal Contract Tower,0,8,5,0,13,0,0,1,0,1,0,8,6,0,14,0,0,0,14
01/07/2009,DEC,IL,AGL,CE,Federal Contract Tower,0,8,5,0,13,0,0,22,11,33,0,8,27,11,46,36,54,90,136
01/08/2009,DEC,IL,AGL,CE,Federal Contract Tower,0,12,2,10,24,0,0,33,14,47,0,12,35,24,71,70,30,100,171
01/09/2009,DEC,IL,AGL,CE,Federal Contract Tower,0,9,6,2,17,0,0,44,6,50,0,9,50,8,67,54,4,58,125
01/10/2009,DEC,IL,AGL,CE,Federal Contract Tower,0,4,0,0,4,0,0,2,0,2,0,4,2,0,6,4,0,4,10
01/11/2009,DEC,IL,AGL,CE,Federal Contract Tower,0,8,9,0,17,0,0,21,8,29,0,8,30,8,46,58,6,64,110
01/12/2009,DEC,IL,AGL,CE,Federal Contract Tower,0,8,5,2,15,0,0,25,26,51,0,8,30,28,66,32,86,118,184
01/13/2009,DEC,IL,AGL,CE,Federal Contract Tower,0,1,2,0,3,0,0,26,54,80,0,1,28,54,83,70,68,138,221
01/14/2009,DEC,IL,AGL,CE,Federal Contract Tower,0,4,1,2,7,0,0,12,9,21,0,4,13,11,28,22,32,54,82
01/15/2009,DEC,IL,AGL,CE,Federal Contract Tower,0,11,5,0,16,0,0,37,0,37,0,11,42,0,53,78,0,78,131
01/16/2009,DEC,IL,AGL,CE,Federal Contract Tower,0,6,6,0,12,0,0,28,0,28,0,6,34,0,40,45,0,45,85
01/17/2009,DEC,IL,AGL,CE,Federal Contract Tower,0,6,0,0,6,0,0,13,0,13,0,6,13,0,19,13,0,13,32
01/18/2009,DEC,IL,AGL,CE,Federal Contract Tower,0,6,0,0,6,0,0,9,0,9,0,6,9,0,15,11,0,11,26
01/19/2009,DEC,IL,AGL,CE,Federal Contract Tower,0,5,4,1,10,0,0,29,0,29,0,5,33,1,39,66,0,66,105
01/20/2009,DEC,IL,AGL,CE,Federal Contract Tower,0,5,9,1,15,0,0,19,12,31,0,5,28,13,46,28,42,70,116
01/21/2009,DEC,IL,AGL,CE,Federal Contract Tower,0,9,12,0,21,0,0,44,6,50,0,9,56,6,71,80,22,102,173
01/22/2009,DEC,IL,AGL,CE,Federal Contract Tower,1,7,8,1,17,0,0,38,10,48,1,7,46,11,65,109,18,127,192
01/23/2009,DEC,IL,AGL,CE,Federal Contract Tower,0,8,6,0,14,0,0,32,5,37,0,8,38,5,51,70,6,76,127
01/24/2009,DEC,IL,AGL,CE,Federal Contract Tower,0,4,1,0,5,0,0,34,0,34,0,4,35,0,39,40,0,40,79
01/25/2009,DEC,IL,AGL,CE,Federal Contract Tower,0,8,4,0,12,0,0,0,0,0,0,8,4,0,12,0,0,0,12
01/26/2009,DEC,IL,AGL,CE,Federal Contract Tower,0,7,5,2,14,0,0,25,0,25,0,7,30,2,39,50,0,50,89
01/27/2009,DEC,IL,AGL,CE,Federal Contract Tower,2,7,0,0,9,0,0,5,0,5,2,7,5,0,14,12,0,12,26
01/28/2009,DEC,IL,AGL,CE,Federal Contract Tower,1,15,6,5,27,0,0,21,19,40,1,15,27,24,67,42,38,80,147
01/29/2009,DEC,IL,AGL,CE,Federal Contract Tower,0,11,5,2,18,0,0,33,2,35,0,11,38,4,53,74,0,74,127
01/30/2009,DEC,IL,AGL,CE,Federal Contract Tower,0,5,16,0,21,0,0,32,3,35,0,5,48,3,56,57,14,71,127
01/31/2009,DEC,IL,AGL,CE,Federal Contract Tower,0,6,9,0,15,0,0,21,2,23,0,6,30,2,38,21,0,21,59
02/01/2009,DEC,IL,AGL,CE,Federal Contract Tower,0,7,0,0,7,0,0,34,0,34,0,7,34,0,41,30,0,30,71
02/02/2009,DEC,IL,AGL,CE,Federal Contract Tower,0,8,1,1,10,0,0,23,30,53,0,8,24,31,63,53,0,53,116
02/03/2009,DEC,IL,AGL,CE,Federal Contract Tower,0,14,6,2,22,0,0,22,0,22,0,14,28,2,44,43,0,43,87
02/04/2009,DEC,IL,AGL,CE,Federal Contract Tower,0,10,8,2,20,0,0,31,0,31,0,10,39,2,51,98,0,98,149
02/05/2009,DEC,IL,AGL,CE,Federal Contract Tower,0,15,0,3,18,0,0,41,2,43,0,15,41,5,61,120,10,130,191
02/06/2009,DEC,IL,AGL,CE,Federal Contract Tower,0,9,10,2,21,0,0,45,3,48,0,9,55,5,69,74,20,94,163
02/07/2009,DEC,IL,AGL,CE,Federal Contract Tower,0,1,3,0,4,0,0,22,2,24,0,1,25,2,28,46,0,46,74
02/08/2009,DEC,IL,AGL,CE,Federal Contract Tower,0,2,15,2,19,0,0,3,0,3,0,2,18,2,22,5,0,5,27
02/09/2009,DEC,IL,AGL,CE,Federal Contract Tower,0,11,2,2,15,0,0,24,0,24,0,11,26,2,39,24,0,24,63
02/10/2009,DEC,IL,AGL,CE,Federal Contract Tower,0,4,14,0,18,0,0,25,1,26,0,4,39,1,44,48,0,48,92
02/11/2009,DEC,IL,AGL,CE,Federal Contract Tower,0,9,3,0,12,0,0,4,0,4,0,9,7,0,16,0,0,0,16
02/12/2009,DEC,IL,AGL,CE,Federal Contract Tower,0,9,5,0,14,0,0,44,4,48,0,9,49,4,62,92,11,103,165
02/13/2009,DEC,IL,AGL,CE,Federal Contract Tower,0,6,5,1,12,0,0,42,2,44,0,6,47,3,56,75,0,75,131
02/14/2009,DEC,IL,AGL,CE,Federal Contract Tower,0,8,2,0,10,0,0,14,0,14,0,8,16,0,24,24,0,24,48
02/15/2009,DEC,IL,AGL,CE,Federal Contract Tower,0,2,6,0,8,0,0,41,0,41,0,2,47,0,49,13,0,13,62
02/16/2009,DEC,IL,AGL,CE,Federal Contract Tower,0,5,5,0,10,0,0,41,0,41,0,5,46,0,51,72,0,72,123
02/17/2009,DEC,IL,AGL,CE,Federal Contract Tower,0,12,5,2,19,0,0,37,0,37,0,12,42,2,56,80,0,80,136
02/18/2009,DEC,IL,AGL,CE,Federal Contract Tower,0,5,2,2,9,0,0,22,0,22,0,5,24,2,31,26,0,26,57
02/19/2009,DEC,IL,AGL,CE,Federal Contract Tower,0,16,3,2,21,0,0,39,0,39,0,16,42,2,60,99,0,99,159
02/20/2009,DEC,IL,AGL,CE,Federal Contract Tower,0,12,5,2,19,0,0,41,2,43,0,12,46,4,62,129,0,129,191
02/21/2009,DEC,IL,AGL,CE,Federal Contract Tower,0,7,0,1,8,0,0,17,0,17,0,7,17,1,25,28,0,28,53
02/22/2009,DEC,IL,AGL,CE,Federal Contract Tower,0,6,3,0,9,0,0,29,0,29,0,6,32,0,38,96,0,96,134
02/23/2009,DEC,IL,AGL,CE,Federal Contract Tower,0,0,0,0,0,0,0,35,0,35,0,0,35,0,35,74,0,74,109
02/24/2009,DEC,IL,AGL,CE,Federal Contract Tower,0,8,14,2,24,0,0,42,0,42,0,8,56,2,66,72,0,72,138
02/25/2009,DEC,IL,AGL,CE,Federal Contract Tower,0,6,11,0,17,0,0,40,3,43,0,6,51,3,60,94,0,94,154
02/26/2009,DEC,IL,AGL,CE,Federal Contract Tower,0,4,2,2,8,0,0,17,0,17,0,4,19,2,25,46,0,46,71
02/27/2009,DEC,IL,AGL,CE,Federal Contract Tower,0,9,7,0,16,0,0,22,0,22,0,9,29,0,38,44,0,44,82
02/28/2009,DEC,IL,AGL,CE,Federal Contract Tower,0,6,0,0,6,0,0,25,0,25,0,6,25,0,31,58,0,58,89
03/01/2009,DEC,IL,AGL,CE,Federal Contract Tower,0,5,3,0,8,0,0,25,0,25,0,5,28,0,33,30,0,30,63
03/02/2009,DEC,IL,AGL,CE,Federal Contract Tower,0,4,3,2,9,0,0,32,8,40,0,4,35,10,49,58,6,64,113
03/03/2009,DEC,IL,AGL,CE,Federal Contract Tower,0,10,7,0,17,0,0,57,7,64,0,10,64,7,81,82,8,90,171
03/04/2009,DEC,IL,AGL,CE,Federal Contract Tower,0,9,16,2,27,0,0,50,0,50,0,9,66,2,77,74,0,74,151
03/05/2009,DEC,IL,AGL,CE,Federal Contract Tower,0,9,3,2,14,0,0,25,7,32,0,9,28,9,46,68,34,102,148
03/06/2009,DEC,IL,AGL,CE,Federal Contract Tower,0,8,19,2,29,0,0,41,0,41,0,8,60,2,70,39,0,39,109
03/07/2009,DEC,IL,AGL,CE,Federal Contract Tower,0,6,8,2,16,0,0,14,0,14,0,6,22,2,30,28,0,28,58
03/08/2009,DEC,IL,AGL,CE,Federal Contract Tower,0,2,1,0,3,0,0,11,0,11,0,2,12,0,14,18,0,18,32
03/09/2009,DEC,IL,AGL,CE,Federal Contract Tower,0,6,6,1,13,0,0,30,0,30,0,6,36,1,43,72,0,72,115
03/10/2009,DEC,IL,AGL,CE,Federal Contract Tower,0,9,3,4,16,0,0,14,6,20,0,9,17,10,36,2,26,28,64
03/11/2009,DEC,IL,AGL,CE,Federal Contract Tower,0,9,19,0,28,0,0,44,1,45,0,9,63,1,73,58,0,58,131
03/12/2009,DEC,IL,AGL,CE,Federal Contract Tower,0,12,8,2,22,0,0,40,0,40,0,12,48,2,62,102,0,102,164
03/13/2009,DEC,IL,AGL,CE,Federal Contract Tower,0,9,4,2,15,0,0,43,2,45,0,9,47,4,60,129,0,129,189
03/14/2009,DEC,IL,AGL,CE,Federal Contract Tower,0,5,19,0,24,0,0,43,2,45,0,5,62,2,69,40,0,40,109
03/15/2009,DEC,IL,AGL,CE,Federal Contract Tower,0,3,10,0,13,0,0,40,4,44,0,3,50,4,57,40,8,48,105
03/16/2009,DEC,IL,AGL,CE,Federal Contract Tower,0,5,14,2,21,0,0,55,2,57,0,5,69,4,78,86,4,90,168
03/17/2009,DEC,IL,AGL,CE,Federal Contract Tower,0,11,10,3,24,0,0,43,3,46,0,11,53,6,70,77,12,89,159
03/18/2009,DEC,IL,AGL,CE,Federal Contract Tower,0,6,5,2,13,0,0,35,0,35,0,6,40,2,48,68,0,68,116
03/19/2009,DEC,IL,AGL,CE,Federal Contract Tower,0,8,15,2,25,0,0,38,0,38,0,8,53,2,63,120,0,120,183
03/20/2009,DEC,IL,AGL,CE,Federal Contract Tower,0,11,23,2,36,0,0,26,2,28,0,11,49,4,64,42,0,42,106
03/21/2009,DEC,IL,AGL,CE,Federal Contract Tower,0,3,7,1,11,0,0,47,10,57,0,3,54,11,68,62,22,84,152
03/22/2009,DEC,IL,AGL,CE,Federal Contract Tower,0,5,1,0,6,0,0,78,0,78,0,5,79,0,84,42,0,42,126
03/23/2009,DEC,IL,AGL,CE,Federal Contract Tower,0,4,1,0,5,0,0,39,0,39,0,4,40,0,44,82,0,82,126
03/24/2009,DEC,IL,AGL,CE,Federal Contract Tower,0,5,1,0,6,0,0,21,0,21,0,5,22,0,27,32,0,32,59
03/25/2009,DEC,IL,AGL,CE,Federal Contract Tower,0,9,4,0,13,0,0,35,0,35,0,9,39,0,48,58,0,58,106
03/26/2009,DEC,IL,AGL,CE,Federal Contract Tower,0,5,8,2,15,0,0,40,5,45,0,5,48,7,60,95,0,95,155
03/27/2009,DEC,IL,AGL,CE,Federal Contract Tower,0,10,8,2,20,0,0,15,0,15,0,10,23,2,35,24,0,24,59
03/28/2009,DEC,IL,AGL,CE,Federal Contract Tower,0,8,2,0,10,0,0,4,0,4,0,8,6,0,14,3,0,3,17
03/29/2009,DEC,IL,AGL,CE,Federal Contract Tower,0,2,3,0,5,0,0,16,0,16,0,2,19,0,21,0,0,0,21
03/30/2009,DEC,IL,AGL,CE,Federal Contract Tower,0,2,25,1,28,0,0,54,0,54,0,2,79,1,82,114,0,114,196
03/31/2009,DEC,IL,AGL,CE,Federal Contract Tower,0,5,3,2,10,0,0,24,0,24,0,5,27,2,34,36,0,36,70
04/01/2009,DEC,IL,AGL,CE,Federal Contract Tower,0,10,8,2,20,0,0,39,3,42,0,10,47,5,62,55,6,61,123
04/02/2009,DEC,IL,AGL,CE,Federal Contract Tower,0,12,6,2,20,0,0,34,2,36,0,12,40,4,56,68,0,68,124
04/03/2009,DEC,IL,AGL,CE,Federal Contract Tower,0,11,8,2,21,0,0,45,0,45,0,11,53,2,66,100,0,100,166
04/04/2009,DEC,IL,AGL,CE,Federal Contract Tower,0,6,23,0,29,0,0,74,0,74,0,6,97,0,103,94,0,94,197
04/05/2009,DEC,IL,AGL,CE,Federal Contract Tower,0,6,2,0,8,0,0,11,0,11,0,6,13,0,19,6,0,6,25
04/06/2009,DEC,IL,AGL,CE,Federal Contract Tower,0,7,2,0,9,0,0,28,0,28,0,7,30,0,37,48,0,48,85
04/07/2009,DEC,IL,AGL,CE,Federal Contract Tower,0,8,6,0,14,0,0,39,2,41,0,8,45,2,55,76,4,80,135
04/08/2009,DEC,IL,AGL,CE,Federal Contract Tower,0,11,24,0,35,0,0,52,3,55,0,11,76,3,90,70,8,78,168
04/09/2009,DEC,IL,AGL,CE,Federal Contract Tower,0,5,3,0,8,0,0,38,0,38,0,5,41,0,46,76,0,76,122
04/10/2009,DEC,IL,AGL,CE,Federal Contract Tower,0,9,6,3,18,0,0,10,0,10,0,9,16,3,28,16,0,16,44
04/11/2009,DEC,IL,AGL,CE,Federal Contract Tower,0,3,8,0,11,0,0,73,11,84,0,3,81,11,95,116,0,116,211
04/12/2009,DEC,IL,AGL,CE,Federal Contract Tower,0,3,5,0,8,0,0,30,0,30,0,3,35,0,38,29,0,29,67
04/13/2009,DEC,IL,AGL,CE,Federal Contract Tower,0,7,4,1,12,0,0,0,0,0,0,7,4,1,12,0,0,0,12
04/14/2009,DEC,IL,AGL,CE,Federal Contract Tower,0,10,14,0,24,0,0,22,0,22,0,10,36,0,46,46,0,46,92
04/15/2009,DEC,IL,AGL,CE,Federal Contract Tower,0,7,10,0,17,0,0,43,3,46,0,7,53,3,63,80,0,80,143
04/16/2009,DEC,IL,AGL,CE,Federal Contract Tower,0,8,15,1,24,0,0,56,7,63,0,8,71,8,87,97,3,100,187
04/17/2009,DEC,IL,AGL,CE,Federal Contract Tower,0,7,13,0,20,0,0,37,1,38,0,7,50,1,58,17,0,17,75
04/18/2009,DEC,IL,AGL,CE,Federal Contract Tower,0,3,4,0,7,0,0,33,0,33,0,3,37,0,40,78,0,78,118
04/19/2009,DEC,IL,AGL,CE,Federal Contract Tower,0,6,3,0,9,0,0,8,0,8,0,6,11,0,17,0,0,0,17
04/20/2009,DEC,IL,AGL,CE,Federal Contract Tower,0,0,16,2,18,0,0,51,0,51,0,0,67,2,69,44,0,44,113
04/21/2009,DEC,IL,AGL,CE,Federal Contract Tower,0,7,8,4,19,0,0,36,0,36,0,7,44,4,55,60,0,60,115
04/22/2009,DEC,IL,AGL,CE,Federal Contract Tower,0,10,2,4,16,0,0,53,4,57,0,10,55,8,73,40,8,48,121
04/23/2009,DEC,IL,AGL,CE,Federal Contract Tower,0,9,14,2,25,0,0,34,5,39,0,9,48,7,64,72,4,76,140
04/24/2009,DEC,IL,AGL,CE,Federal Contract Tower,0,10,10,1,21,0,1,14,6,21,0,11,24,7,42,14,0,14,56
04/25/2009,DEC,IL,AGL,CE,Federal Contract Tower,0,3,1,0,4,0,0,29,0,29,0,3,30,0,33,35,0,35,68
04/26/2009,DEC,IL,AGL,CE,Federal Contract Tower,0,2,3,0,5,0,0,32,0,32,0,2,35,0,37,29,0,29,66
04/27/2009,DEC,IL,AGL,CE,Federal Contract Tower,0,5,1,2,8,0,0,25,4,29,0,5,26,6,37,46,4,50,87
04/28/2009,DEC,IL,AGL,CE,Federal Contract Tower,0,9,32,0,41,0,0,0,0,0,0,9,32,0,41,0,0,0,41
04/29/2009,DEC,IL,AGL,CE,Federal Contract Tower,0,9,25,0,34,0,0,13,0,13,0,9,38,0,47,16,0,16,63
04/30/2009,DEC,IL,AGL,CE,Federal Contract Tower,0,11,7,2,20,0,0,13,12,25,0,11,20,14,45,26,40,66,111
05/01/2009,DEC,IL,AGL,CE,Federal Contract Tower,0,5,16,0,21,0,0,14,8,22,0,5,30,8,43,40,14,54,97
05/02/2009,DEC,IL,AGL,CE,Federal Contract Tower,0,3,5,0,8,0,0,86,0,86,0,3,91,0,94,118,0,118,212
05/03/2009,DEC,IL,AGL,CE,Federal Contract Tower,0,5,8,0,13,0,0,75,0,75,0,5,83,0,88,144,0,144,232
05/04/2009,DEC,IL,AGL,CE,Federal Contract Tower,0,7,20,2,29,0,0,61,0,61,0,7,81,2,90,108,0,108,198
05/05/2009,DEC,IL,AGL,CE,Federal Contract Tower,0,10,11,0,21,0,0,61,5,66,0,10,72,5,87,148,18,166,253
05/06/2009,DEC,IL,AGL,CE,Federal Contract Tower,0,17,13,0,30,0,0,41,0,41,0,17,54,0,71,65,0,65,136
05/07/2009,DEC,IL,AGL,CE,Federal Contract Tower,0,16,8,1,25,0,0,36,5,41,0,16,44,6,66,68,0,68,134
05/08/2009,DEC,IL,AGL,CE,Federal Contract Tower,0,13,15,18,46,0,0,13,0,13,0,13,28,18,59,22,0,22,81
05/09/2009,DEC,IL,AGL,CE,Federal Contract Tower,0,6,12,1,19,0,0,48,0,48,0,6,60,1,67,73,0,73,140
05/10/2009,DEC,IL,AGL,CE,Federal Contract Tower,0,8,8,0,16,0,0,50,0,50,0,8,58,0,66,43,0,43,109
05/11/2009,DEC,IL,AGL,CE,Federal Contract Tower,0,4,5,0,9,0,0,71,2,73,0,4,76,2,82,108,6,114,196
05/12/2009,DEC,IL,AGL,CE,Federal Contract Tower,0,9,26,0,35,0,0,37,14,51,0,9,63,14,86,84,60,144,230
05/13/2009,DEC,IL,AGL,CE,Federal Contract Tower,0,4,2,0,6,0,0,14,0,14,0,4,16,0,20,20,0,20,40
05/14/2009,DEC,IL,AGL,CE,Federal Contract Tower,0,9,13,2,24,0,0,57,17,74,0,9,70,19,98,121,25,146,244
05/15/2009,DEC,IL,AGL,CE,Federal Contract Tower,0,11,1,0,12,0,0,18,0,18,0,11,19,0,30,37,0,37,67
05/16/2009,DEC,IL,AGL,CE,Federal Contract Tower,0,2,19,0,21,0,0,35,0,35,0,2,54,0,56,43,0,43,99
05/17/2009,DEC,IL,AGL,CE,Federal Contract Tower,0,5,3,0,8,0,0,86,0,86,0,5,89,0,94,110,0,110,204
05/18/2009,DEC,IL,AGL,CE,Federal Contract Tower,0,6,3,0,9,0,0,68,0,68,0,6,71,0,77,92,0,92,169
05/19/2009,DEC,IL,AGL,CE,Federal Contract Tower,0,16,0,4,20,0,0,58,9,67,0,16,58,13,87,108,46,154,241
05/20/2009,DEC,IL,AGL,CE,Federal Contract Tower,0,13,18,2,33,0,0,46,3,49,0,13,64,5,82,60,0,60,142
05/21/2009,DEC,IL,AGL,CE,Federal Contract Tower,0,11,5,0,16,0,0,37,14,51,0,11,42,14,67,40,52,92,159
05/22/2009,DEC,IL,AGL,CE,Federal Contract Tower,0,13,15,6,34,0,0,35,6,41,0,13,50,12,75,44,7,51,126
05/23/2009,DEC,IL,AGL,CE,Federal Contract Tower,0,3,2,0,5,0,0,148,0,148,0,3,150,0,153,75,0,75,228
05/24/2009,DEC,IL,AGL,CE,Federal Contract Tower,0,4,1,0,5,0,0,48,12,60,0,4,49,12,65,44,0,44,109
05/25/2009,DEC,IL,AGL,CE,Federal Contract Tower,0,0,2,0,2,0,0,14,0,14,0,0,16,0,16,12,0,12,28
05/26/2009,DEC,IL,AGL,CE,Federal Contract Tower,0,3,2,11,16,0,0,31,6,37,0,3,33,17,53,52,6,58,111
05/27/2009,DEC,IL,AGL,CE,Federal Contract Tower,0,14,4,5,23,0,0,21,2,23,0,14,25,7,46,39,0,39,85
05/28/2009,DEC,IL,AGL,CE,Federal Contract Tower,0,11,19,6,36,0,0,20,8,28,0,11,39,14,64,61,24,85,149
05/29/2009,DEC,IL,AGL,CE,Federal Contract Tower,0,6,3,0,9,0,1,35,5,41,0,7,38,5,50,60,20,80,130
05/30/2009,DEC,IL,AGL,CE,Federal Contract Tower,0,3,6,9,18,0,0,87,0,87,0,3,93,9,105,100,0,100,205
05/31/2009,DEC,IL,AGL,CE,Federal Contract Tower,0,2,7,0,9,0,0,73,0,73,0,2,80,0,82,129,0,129,211
06/01/2009,DEC,IL,AGL,CE,Federal Contract Tower,0,6,4,0,10,0,0,41,0,41,0,6,45,0,51,78,0,78,129
06/02/2009,DEC,IL,AGL,CE,Federal Contract Tower,0,13,5,1,19,0,0,33,11,44,0,13,38,12,63,58,34,92,155
06/03/2009,DEC,IL,AGL,CE,Federal Contract Tower,0,11,13,6,30,0,0,29,2,31,0,11,42,8,61,65,10,75,136
06/04/2009,DEC,IL,AGL,CE,Federal Contract Tower,0,7,13,2,22,0,0,46,15,61,0,7,59,17,83,112,75,187,270
06/05/2009,DEC,IL,AGL,CE,Federal Contract Tower,0,15,11,2,28,0,0,58,3,61,0,15,69,5,89,115,16,131,220
06/06/2009,DEC,IL,AGL,CE,Federal Contract Tower,0,3,8,0,11,0,0,56,1,57,0,3,64,1,68,87,0,87,155
06/07/2009,DEC,IL,AGL,CE,Federal Contract Tower,0,2,6,1,9,0,0,49,0,49,0,2,55,1,58,52,0,52,110
06/08/2009,DEC,IL,AGL,CE,Federal Contract Tower,0,0,1,0,1,0,0,30,0,30,0,0,31,0,31,78,0,78,109
06/09/2009,DEC,IL,AGL,CE,Federal Contract Tower,0,5,6,2,13,0,0,38,6,44,0,5,44,8,57,66,36,102,159
06/10/2009,DEC,IL,AGL,CE,Federal Contract Tower,0,8,0,2,10,0,0,22,4,26,0,8,22,6,36,39,36,75,111
06/11/2009,DEC,IL,AGL,CE,Federal Contract Tower,0,11,8,0,19,0,0,20,3,23,0,11,28,3,42,49,26,75,117
06/12/2009,DEC,IL,AGL,CE,Federal Contract Tower,0,7,6,2,15,0,0,20,4,24,0,7,26,6,39,44,0,44,83
06/13/2009,DEC,IL,AGL,CE,Federal Contract Tower,0,3,2,0,5,0,0,31,1,32,0,3,33,1,37,66,0,66,103
06/14/2009,DEC,IL,AGL,CE,Federal Contract Tower,0,4,6,0,10,0,0,43,0,43,0,4,49,0,53,104,0,104,157
06/15/2009,DEC,IL,AGL,CE,Federal Contract Tower,0,5,14,0,19,0,0,31,1,32,0,5,45,1,51,71,0,71,122
06/16/2009,DEC,IL,AGL,CE,Federal Contract Tower,0,8,0,4,12,0,0,22,12,34,0,8,22,16,46,50,18,68,114
06/17/2009,DEC,IL,AGL,CE,Federal Contract Tower,0,9,4,1,14,0,0,33,4,37,0,9,37,5,51,62,5,67,118
06/18/2009,DEC,IL,AGL,CE,Federal Contract Tower,0,5,0,0,5,0,0,24,6,30,0,5,24,6,35,65,0,65,100
06/19/2009,DEC,IL,AGL,CE,Federal Contract Tower,0,7,11,0,18,0,0,29,4,33,0,7,40,4,51,49,8,57,108
06/20/2009,DEC,IL,AGL,CE,Federal Contract Tower,0,3,7,0,10,0,0,67,0,67,0,3,74,0,77,62,0,62,139
06/21/2009,DEC,IL,AGL,CE,Federal Contract Tower,0,9,3,0,12,0,0,47,0,47,0,9,50,0,59,84,0,84,143
06/22/2009,DEC,IL,AGL,CE,Federal Contract Tower,0,11,10,2,23,0,0,39,6,45,0,11,49,8,68,71,10,81,149
06/23/2009,DEC,IL,AGL,CE,Federal Contract Tower,0,7,8,2,17,0,0,47,6,53,0,7,55,8,70,95,10,105,175
06/24/2009,DEC,IL,AGL,CE,Federal Contract Tower,0,6,16,6,28,0,0,31,4,35,0,6,47,10,63,46,0,46,109
06/25/2009,DEC,IL,AGL,CE,Federal Contract Tower,0,3,4,4,11,0,0,20,9,29,0,3,24,13,40,40,0,40,80
06/26/2009,DEC,IL,AGL,CE,Federal Contract Tower,0,11,3,2,16,0,0,66,3,69,0,11,69,5,85,84,12,96,181
06/27/2009,DEC,IL,AGL,CE,Federal Contract Tower,0,1,9,0,10,0,0,48,2,50,0,1,57,2,60,68,12,80,140
06/28/2009,DEC,IL,AGL,CE,Federal Contract Tower,0,3,11,0,14,0,0,42,0,42,0,3,53,0,56,54,0,54,110
06/29/2009,DEC,IL,AGL,CE,Federal Contract Tower,0,3,6,2,11,0,0,37,1,38,0,3,43,3,49,55,8,63,112
06/30/2009,DEC,IL,AGL,CE,Federal Contract Tower,0,10,9,2,21,0,0,45,5,50,0,10,54,7,71,102,17,119,190
07/01/2009,DEC,IL,AGL,CE,Federal Contract Tower,0,11,10,7,28,0,0,28,3,31,0,11,38,10,59,60,12,72,131
07/02/2009,DEC,IL,AGL,CE,Federal Contract Tower,0,9,16,3,28,0,0,35,0,35,0,9,51,3,63,74,0,74,137
07/03/2009,DEC,IL,AGL,CE,Federal Contract Tower,0,2,7,0,9,0,0,57,0,57,0,2,64,0,66,78,0,78,144
07/04/2009,DEC,IL,AGL,CE,Federal Contract Tower,0,0,2,0,2,0,0,18,0,18,0,0,20,0,20,0,0,0,20
07/05/2009,DEC,IL,AGL,CE,Federal Contract Tower,0,4,4,0,8,0,0,60,0,60,0,4,64,0,68,72,0,72,140
07/06/2009,DEC,IL,AGL,CE,Federal Contract Tower,0,9,12,2,23,0,0,35,6,41,0,9,47,8,64,56,4,60,124
07/07/2009,DEC,IL,AGL,CE,Federal Contract Tower,0,5,4,2,11,0,0,35,3,38,0,5,39,5,49,38,8,46,95
07/08/2009,DEC,IL,AGL,CE,Federal Contract Tower,0,7,9,0,16,0,0,27,0,27,0,7,36,0,43,29,0,29,72
07/09/2009,DEC,IL,AGL,CE,Federal Contract Tower,0,7,11,2,20,0,0,28,4,32,0,7,39,6,52,33,0,33,85
07/10/2009,DEC,IL,AGL,CE,Federal Contract Tower,0,9,18,2,29,0,0,67,4,71,0,9,85,6,100,102,18,120,220
07/11/2009,DEC,IL,AGL,CE,Federal Contract Tower,0,1,7,0,8,0,0,37,0,37,0,1,44,0,45,84,0,84,129
07/12/2009,DEC,IL,AGL,CE,Federal Contract Tower,0,0,10,0,10,0,0,62,0,62,0,0,72,0,72,62,0,62,134
07/13/2009,DEC,IL,AGL,CE,Federal Contract Tower,0,4,4,0,8,0,0,52,4,56,0,4,56,4,64,113,12,125,189
07/14/2009,DEC,IL,AGL,CE,Federal Contract Tower,0,4,13,2,19,0,0,43,6,49,0,4,56,8,68,49,28,77,145
07/15/2009,DEC,IL,AGL,CE,Federal Contract Tower,0,8,12,0,20,0,0,17,4,21,0,8,29,4,41,24,16,40,81
07/16/2009,DEC,IL,AGL,CE,Federal Contract Tower,0,10,2,3,15,0,0,37,6,43,0,10,39,9,58,84,0,84,142
07/17/2009,DEC,IL,AGL,CE,Federal Contract Tower,0,10,5,4,19,0,0,43,3,46,0,10,48,7,65,70,0,70,135
07/18/2009,DEC,IL,AGL,CE,Federal Contract Tower,0,3,1,0,4,0,0,39,0,39,0,3,40,0,43,72,0,72,115
07/19/2009,DEC,IL,AGL,CE,Federal Contract Tower,0,6,4,1,11,0,0,64,0,64,0,6,68,1,75,62,0,62,137
07/20/2009,DEC,IL,AGL,CE,Federal Contract Tower,0,4,5,1,10,0,0,39,1,40,0,4,44,2,50,82,0,82,132
07/21/2009,DEC,IL,AGL,CE,Federal Contract Tower,0,10,3,0,13,0,0,29,6,35,0,10,32,6,48,35,18,53,101
07/22/2009,DEC,IL,AGL,CE,Federal Contract Tower,0,7,13,0,20,0,0,24,8,32,0,7,37,8,52,34,14,48,100
07/23/2009,DEC,IL,AGL,CE,Federal Contract Tower,0,8,3,2,13,0,0,30,10,40,0,8,33,12,53,92,18,110,163
07/24/2009,DEC,IL,AGL,CE,Federal Contract Tower,0,8,8,2,18,0,0,65,3,68,0,8,73,5,86,78,0,78,164
07/25/2009,DEC,IL,AGL,CE,Federal Contract Tower,0,4,2,0,6,0,0,39,0,39,0,4,41,0,45,58,0,58,103
07/26/2009,DEC,IL,AGL,CE,Federal Contract Tower,0,2,3,0,5,0,0,56,0,56,0,2,59,0,61,54,0,54,115
07/27/2009,DEC,IL,AGL,CE,Federal Contract Tower,0,6,32,0,38,0,0,47,1,48,0,6,79,1,86,54,0,54,140
07/28/2009,DEC,IL,AGL,CE,Federal Contract Tower,0,8,14,2,24,0,0,29,0,29,0,8,43,2,53,54,0,54,107
07/29/2009,DEC,IL,AGL,CE,Federal Contract Tower,0,7,8,7,22,0,0,51,1,52,0,7,59,8,74,98,0,98,172
07/30/2009,DEC,IL,AGL,CE,Federal Contract Tower,0,8,19,2,29,0,0,38,0,38,0,8,57,2,67,82,0,82,149
07/31/2009,DEC,IL,AGL,CE,Federal Contract Tower,0,5,9,5,19,0,0,59,3,62,0,5,68,8,81,80,0,80,161
08/01/2009,DEC,IL,AGL,CE,Federal Contract Tower,0,5,3,0,8,0,0,32,6,38,0,5,35,6,46,61,4,65,111
08/02/2009,DEC,IL,AGL,CE,Federal Contract Tower,0,2,2,0,4,0,0,45,0,45,0,2,47,0,49,70,0,70,119
08/03/2009,DEC,IL,AGL,CE,Federal Contract Tower,0,4,13,5,22,0,0,53,3,56,0,4,66,8,78,64,8,72,150
08/04/2009,DEC,IL,AGL,CE,Federal Contract Tower,0,9,5,3,17,0,0,28,6,34,0,9,33,9,51,54,5,59,110
08/05/2009,DEC,IL,AGL,CE,Federal Contract Tower,0,14,13,2,29,0,0,32,1,33,0,14,45,3,62,61,0,61,123
08/06/2009,DEC,IL,AGL,CE,Federal Contract Tower,0,15,8,0,23,0,0,46,11,57,0,15,54,11,80,54,0,54,134
08/07/2009,DEC,IL,AGL,CE,Federal Contract Tower,0,7,6,2,15,0,0,51,1,52,0,7,57,3,67,129,0,129,196
08/08/2009,DEC,IL,AGL,CE,Federal Contract Tower,0,5,10,4,19,0,0,40,6,46,0,5,50,10,65,81,4,85,150
08/09/2009,DEC,IL,AGL,CE,Federal Contract Tower,0,2,6,2,10,0,0,46,0,46,0,2,52,2,56,71,0,71,127
08/10/2009,DEC,IL,AGL,CE,Federal Contract Tower,0,6,9,0,15,0,0,37,0,37,0,6,46,0,52,62,0,62,114
08/11/2009,DEC,IL,AGL,CE,Federal Contract Tower,0,5,15,0,20,0,0,34,0,34,0,5,49,0,54,40,0,40,94
08/12/2009,DEC,IL,AGL,CE,Federal Contract Tower,0,6,14,0,20,0,0,36,0,36,0,6,50,0,56,32,0,32,88
08/13/2009,DEC,IL,AGL,CE,Federal Contract Tower,0,6,4,0,10,0,0,37,1,38,0,6,41,1,48,71,0,71,119
08/14/2009,DEC,IL,AGL,CE,Federal Contract Tower,0,7,6,0,13,0,0,47,3,50,0,7,53,3,63,83,0,83,146
08/15/2009,DEC,IL,AGL,CE,Federal Contract Tower,0,3,8,0,11,0,0,34,4,38,0,3,42,4,49,62,4,66,115
08/16/2009,DEC,IL,AGL,CE,Federal Contract Tower,0,4,7,2,13,0,0,37,0,37,0,4,44,2,50,64,0,64,114
08/17/2009,DEC,IL,AGL,CE,Federal Contract Tower,0,2,6,4,12,0,0,30,0,30,0,2,36,4,42,52,0,52,94
08/18/2009,DEC,IL,AGL,CE,Federal Contract Tower,0,7,17,2,26,0,0,38,7,45,0,7,55,9,71,56,1,57,128
08/19/2009,DEC,IL,AGL,CE,Federal Contract Tower,0,10,15,2,27,0,0,11,2,13,0,10,26,4,40,14,0,14,54
08/20/2009,DEC,IL,AGL,CE,Federal Contract Tower,0,5,11,1,17,0,0,28,7,35,0,5,39,8,52,80,26,106,158
08/21/2009,DEC,IL,AGL,CE,Federal Contract Tower,0,12,7,2,21,0,0,30,1,31,0,12,37,3,52,80,0,80,132
08/22/2009,DEC,IL,AGL,CE,Federal Contract Tower,0,1,13,0,14,0,0,44,4,48,0,1,57,4,62,46,16,62,124
08/23/2009,DEC,IL,AGL,CE,Federal Contract Tower,0,7,9,0,16,0,0,52,0,52,0,7,61,0,68,74,0,74,142
08/24/2009,DEC,IL,AGL,CE,Federal Contract Tower,0,4,8,0,12,0,0,49,0,49,0,4,57,0,61,53,0,53,114
08/25/2009,DEC,IL,AGL,CE,Federal Contract Tower,0,9,8,2,19,0,0,67,7,74,0,9,75,9,93,82,0,82,175
08/26/2009,DEC,IL,AGL,CE,Federal Contract Tower,0,12,10,4,26,0,0,24,4,28,0,12,34,8,54,70,8,78,132
08/27/2009,DEC,IL,AGL,CE,Federal Contract Tower,0,10,11,4,25,0,0,22,4,26,0,10,33,8,51,58,0,58,109
08/28/2009,DEC,IL,AGL,CE,Federal Contract Tower,0,6,16,0,22,0,0,36,0,36,0,6,52,0,58,64,0,64,122
08/29/2009,DEC,IL,AGL,CE,Federal Contract Tower,0,3,7,3,13,0,0,40,1,41,0,3,47,4,54,64,0,64,118
08/30/2009,DEC,IL,AGL,CE,Federal Contract Tower,0,4,4,2,10,0,0,39,0,39,0,4,43,2,49,64,0,64,113
08/31/2009,DEC,IL,AGL,CE,Federal Contract Tower,0,8,16,0,24,0,0,61,3,64,0,8,77,3,88,41,8,49,137
09/01/2009,DEC,IL,AGL,CE,Federal Contract Tower,0,5,47,2,54,0,0,220,1,221,0,5,267,3,275,11,0,11,286
09/02/2009,DEC,IL,AGL,CE,Federal Contract Tower,0,11,50,2,63,0,0,150,6,156,0,11,200,8,219,28,0,28,247
09/03/2009,DEC,IL,AGL,CE,Federal Contract Tower,0,10,41,4,55,0,0,130,4,134,0,10,171,8,189,26,0,26,215
09/04/2009,DEC,IL,AGL,CE,Federal Contract Tower,0,11,13,0,24,0,0,43,2,45,0,11,56,2,69,48,0,48,117
09/05/2009,DEC,IL,AGL,CE,Federal Contract Tower,0,5,12,0,17,0,0,33,0,33,0,5,45,0,50,63,0,63,113
09/06/2009,DEC,IL,AGL,CE,Federal Contract Tower,0,2,0,0,2,0,0,12,0,12,0,2,12,0,14,0,0,0,14
09/07/2009,DEC,IL,AGL,CE,Federal Contract Tower,0,4,1,2,7,0,0,36,0,36,0,4,37,2,43,68,0,68,111
09/08/2009,DEC,IL,AGL,CE,Federal Contract Tower,0,6,4,2,12,0,0,39,6,45,0,6,43,8,57,77,0,77,134
09/09/2009,DEC,IL,AGL,CE,Federal Contract Tower,0,5,7,0,12,0,0,10,0,10,0,5,17,0,22,9,0,9,31
09/10/2009,DEC,IL,AGL,CE,Federal Contract Tower,0,7,8,5,20,0,0,25,8,33,0,7,33,13,53,65,8,73,126
09/11/2009,DEC,IL,AGL,CE,Federal Contract Tower,0,6,11,2,19,0,0,44,0,44,0,6,55,2,63,76,2,78,141
09/12/2009,DEC,IL,AGL,CE,Federal Contract Tower,0,2,3,0,5,0,0,42,0,42,0,2,45,0,47,80,0,80,127
09/13/2009,DEC,IL,AGL,CE,Federal Contract Tower,0,3,4,0,7,0,0,45,0,45,0,3,49,0,52,49,0,49,101
09/14/2009,DEC,IL,AGL,CE,Federal Contract Tower,0,2,6,0,8,0,0,33,4,37,0,2,39,4,45,42,6,48,93
09/15/2009,DEC,IL,AGL,CE,Federal Contract Tower,0,5,11,0,16,0,0,40,16,56,0,5,51,16,72,33,6,39,111
09/16/2009,DEC,IL,AGL,CE,Federal Contract Tower,0,8,7,2,17,0,0,37,2,39,0,8,44,4,56,68,0,68,124
09/17/2009,DEC,IL,AGL,CE,Federal Contract Tower,0,17,14,0,31,0,0,57,2,59,0,17,71,2,90,94,0,94,184
09/18/2009,DEC,IL,AGL,CE,Federal Contract Tower,0,8,2,1,11,0,0,53,4,57,0,8,55,5,68,70,8,78,146
09/19/2009,DEC,IL,AGL,CE,Federal Contract Tower,0,4,4,0,8,0,0,100,0,100,0,4,104,0,108,51,0,51,159
09/20/2009,DEC,IL,AGL,CE,Federal Contract Tower,0,9,27,0,36,0,0,22,0,22,0,9,49,0,58,54,0,54,112
09/21/2009,DEC,IL,AGL,CE,Federal Contract Tower,0,5,2,2,9,0,0,12,0,12,0,5,14,2,21,20,0,20,41
09/22/2009,DEC,IL,AGL,CE,Federal Contract Tower,0,4,15,6,25,0,0,16,0,16,0,4,31,6,41,19,0,19,60
09/23/2009,DEC,IL,AGL,CE,Federal Contract Tower,0,10,13,3,26,0,0,49,1,50,0,10,62,4,76,78,0,78,154
09/24/2009,DEC,IL,AGL,CE,Federal Contract Tower,0,9,24,5,38,0,0,26,0,26,0,9,50,5,64,56,0,56,120
09/25/2009,DEC,IL,AGL,CE,Federal Contract Tower,0,9,7,0,16,0,0,12,2,14,0,9,19,2,30,46,10,56,86
09/26/2009,DEC,IL,AGL,CE,Federal Contract Tower,0,0,2,0,2,0,0,18,2,20,0,0,20,2,22,29,8,37,59
09/27/2009,DEC,IL,AGL,CE,Federal Contract Tower,0,4,8,0,12,0,0,45,1,46,0,4,53,1,58,52,0,52,110
09/28/2009,DEC,IL,AGL,CE,Federal Contract Tower,0,4,0,1,5,0,0,9,0,9,0,4,9,1,14,10,0,10,24
09/29/2009,DEC,IL,AGL,CE,Federal Contract Tower,0,5,22,0,27,0,0,36,8,44,0,5,58,8,71,26,16,42,113
09/30/2009,DEC,IL,AGL,CE,Federal Contract Tower,0,9,13,2,24,0,0,59,2,61,0,9,72,4,85,102,4,106,191
10/01/2009,DEC,IL,AGL,CE,Federal Contract Tower,0,7,7,2,16,0,0,26,0,26,0,7,33,2,42,36,0,36,78
10/02/2009,DEC,IL,AGL,CE,Federal Contract Tower,0,11,5,3,19,0,0,29,2,31,0,11,34,5,50,67,14,81,131
10/03/2009,DEC,IL,AGL,CE,Federal Contract Tower,0,6,9,0,15,0,0,29,0,29,0,6,38,0,44,51,0,51,95
10/04/2009,DEC,IL,AGL,CE,Federal Contract Tower,0,5,9,2,16,0,0,82,1,83,0,5,91,3,99,71,6,77,176
10/05/2009,DEC,IL,AGL,CE,Federal Contract Tower,0,1,9,2,12,0,0,32,4,36,0,1,41,6,48,27,18,45,93
10/06/2009,DEC,IL,AGL,CE,Federal Contract Tower,0,4,7,1,12,0,0,13,7,20,0,4,20,8,32,27,44,71,103
10/07/2009,DEC,IL,AGL,CE,Federal Contract Tower,0,5,9,2,16,0,0,64,4,68,0,5,73,6,84,98,0,98,182
10/08/2009,DEC,IL,AGL,CE,Federal Contract Tower,0,5,2,0,7,0,0,10,0,10,0,5,12,0,17,0,0,0,17
10/09/2009,DEC,IL,AGL,CE,Federal Contract Tower,0,7,4,0,11,0,0,8,2,10,0,7,12,2,21,30,14,44,65
10/10/2009,DEC,IL,AGL,CE,Federal Contract Tower,0,1,16,0,17,0,0,35,9,44,0,1,51,9,61,73,23,96,157
10/11/2009,DEC,IL,AGL,CE,Federal Contract Tower,0,3,8,0,11,0,0,43,0,43,0,3,51,0,54,45,0,45,99
10/12/2009,DEC,IL,AGL,CE,Federal Contract Tower,0,2,11,0,13,0,0,23,0,23,0,2,34,0,36,30,0,30,66
10/13/2009,DEC,IL,AGL,CE,Federal Contract Tower,0,3,34,10,47,0,0,28,14,42,0,3,62,24,89,30,22,52,141
10/14/2009,DEC,IL,AGL,CE,Federal Contract Tower,0,10,7,0,17,0,0,12,0,12,0,10,19,0,29,4,0,4,33
10/15/2009,DEC,IL,AGL,CE,Federal Contract Tower,0,7,9,0,16,0,0,0,0,0,0,7,9,0,16,0,0,0,16
10/16/2009,DEC,IL,AGL,CE,Federal Contract Tower,0,9,12,6,27,0,0,31,17,48,0,9,43,23,75,46,14,60,135
10/17/2009,DEC,IL,AGL,CE,Federal Contract Tower,0,1,10,0,11,0,0,36,5,41,0,1,46,5,52,40,6,46,98
10/18/2009,DEC,IL,AGL,CE,Federal Contract Tower,0,7,8,0,15,0,0,51,2,53,0,7,59,2,68,60,0,60,128
10/19/2009,DEC,IL,AGL,CE,Federal Contract Tower,0,6,11,2,19,0,0,30,5,35,0,6,41,7,54,38,8,46,100
10/20/2009,DEC,IL,AGL,CE,Federal Contract Tower,0,7,13,2,22,0,0,26,8,34,0,7,39,10,56,37,22,59,115
10/21/2009,DEC,IL,AGL,CE,Federal Contract Tower,0,5,7,2,14,0,0,41,2,43,0,5,48,4,57,60,12,72,129
10/22/2009,DEC,IL,AGL,CE,Federal Contract Tower,0,10,5,2,17,0,0,27,3,30,0,10,32,5,47,67,37,104,151
10/23/2009,DEC,IL,AGL,CE,Federal Contract Tower,0,3,3,0,6,0,0,22,0,22,0,3,25,0,28,28,0,28,56
10/24/2009,DEC,IL,AGL,CE,Federal Contract Tower,0,5,14,0,19,0,0,45,2,47,0,5,59,2,66,43,8,51,117
10/25/2009,DEC,IL,AGL,CE,Federal Contract Tower,0,4,2,0,6,0,0,61,0,61,0,4,63,0,67,46,0,46,113
10/26/2009,DEC,IL,AGL,CE,Federal Contract Tower,0,4,9,0,13,0,0,20,4,24,0,4,29,4,37,34,22,56,93
10/27/2009,DEC,IL,AGL,CE,Federal Contract Tower,0,7,5,0,12,0,0,3,0,3,0,7,8,0,15,0,0,0,15
10/28/2009,DEC,IL,AGL,CE,Federal Contract Tower,0,9,13,4,26,0,0,20,6,26,0,9,33,10,52,30,24,54,106
10/29/2009,DEC,IL,AGL,CE,Federal Contract Tower,0,3,1,6,10,0,0,19,8,27,0,3,20,14,37,75,38,113,150
10/30/2009,DEC,IL,AGL,CE,Federal Contract Tower,0,8,2,2,12,0,0,11,0,11,0,8,13,2,23,28,0,28,51
10/31/2009,DEC,IL,AGL,CE,Federal Contract Tower,0,4,1,0,5,0,0,51,0,51,0,4,52,0,56,72,0,72,128
11/01/2009,DEC,IL,AGL,CE,Federal Contract Tower,0,6,5,0,11,0,0,75,0,75,0,6,80,0,86,118,0,118,204
11/02/2009,DEC,IL,AGL,CE,Federal Contract Tower,0,5,8,2,15,0,0,32,2,34,0,5,40,4,49,22,0,22,71
11/03/2009,DEC,IL,AGL,CE,Federal Contract Tower,0,6,5,0,11,0,0,61,4,65,0,6,66,4,76,42,0,42,118
11/04/2009,DEC,IL,AGL,CE,Federal Contract Tower,0,8,13,1,22,0,0,53,2,55,0,8,66,3,77,74,0,74,151
11/05/2009,DEC,IL,AGL,CE,Federal Contract Tower,0,8,8,0,16,0,0,37,0,37,0,8,45,0,53,90,0,90,143
11/06/2009,DEC,IL,AGL,CE,Federal Contract Tower,0,10,4,2,16,0,0,29,18,47,0,10,33,20,63,60,26,86,149
11/07/2009,DEC,IL,AGL,CE,Federal Contract Tower,0,6,5,0,11,0,0,30,5,35,0,6,35,5,46,44,18,62,108
11/08/2009,DEC,IL,AGL,CE,Federal Contract Tower,0,4,14,2,20,0,0,47,2,49,0,4,61,4,69,48,10,58,127
11/09/2009,DEC,IL,AGL,CE,Federal Contract Tower,0,4,10,2,16,0,0,23,0,23,0,4,33,2,39,20,0,20,59
11/10/2009,DEC,IL,AGL,CE,Federal Contract Tower,0,11,10,2,23,0,0,17,4,21,0,11,27,6,44,13,10,23,67
11/11/2009,DEC,IL,AGL,CE,Federal Contract Tower,0,9,15,0,24,0,0,32,2,34,0,9,47,2,58,76,0,76,134
11/12/2009,DEC,IL,AGL,CE,Federal Contract Tower,0,4,9,2,15,0,0,70,1,71,0,4,79,3,86,111,18,129,215
11/13/2009,DEC,IL,AGL,CE,Federal Contract Tower,0,5,13,2,20,0,0,61,0,61,0,5,74,2,81,72,0,72,153
11/14/2009,DEC,IL,AGL,CE,Federal Contract Tower,0,7,7,0,14,0,0,41,4,45,0,7,48,4,59,58,6,64,123
11/15/2009,DEC,IL,AGL,CE,Federal Contract Tower,0,4,9,0,13,0,0,15,0,15,0,4,24,0,28,0,0,0,28
11/16/2009,DEC,IL,AGL,CE,Federal Contract Tower,0,6,6,2,14,0,0,0,0,0,0,6,6,2,14,0,0,0,14
11/17/2009,DEC,IL,AGL,CE,Federal Contract Tower,0,9,10,2,21,0,0,4,0,4,0,9,14,2,25,4,0,4,29
11/18/2009,DEC,IL,AGL,CE,Federal Contract Tower,0,10,11,0,21,0,0,33,2,35,0,10,44,2,56,20,0,20,76
11/19/2009,DEC,IL,AGL,CE,Federal Contract Tower,0,8,19,0,27,0,0,44,2,46,0,8,63,2,73,79,0,79,152
11/20/2009,DEC,IL,AGL,CE,Federal Contract Tower,0,10,12,2,24,0,0,68,11,79,0,10,80,13,103,90,32,122,225
11/21/2009,DEC,IL,AGL,CE,Federal Contract Tower,0,3,12,0,15,0,0,61,0,61,0,3,73,0,76,61,0,61,137
11/22/2009,DEC,IL,AGL,CE,Federal Contract Tower,0,2,5,0,7,0,0,49,0,49,0,2,54,0,56,61,0,61,117
11/23/2009,DEC,IL,AGL,CE,Federal Contract Tower,0,6,7,0,13,0,0,20,2,22,0,6,27,2,35,13,12,25,60
11/24/2009,DEC,IL,AGL,CE,Federal Contract Tower,0,4,5,0,9,0,0,8,4,12,0,4,13,4,21,7,34,41,62
11/25/2009,DEC,IL,AGL,CE,Federal Contract Tower,0,2,4,2,8,0,0,37,0,37,0,2,41,2,45,24,0,24,69
11/26/2009,DEC,IL,AGL,CE,Federal Contract Tower,0,2,2,0,4,0,0,20,0,20,0,2,22,0,24,12,0,12,36
11/27/2009,DEC,IL,AGL,CE,Federal Contract Tower,0,5,4,0,9,0,1,43,0,44,0,6,47,0,53,72,0,72,125
11/28/2009,DEC,IL,AGL,CE,Federal Contract Tower,0,3,11,0,14,0,0,55,0,55,0,3,66,0,69,74,0,74,143
11/29/2009,DEC,IL,AGL,CE,Federal Contract Tower,0,2,6,0,8,0,0,33,0,33,0,2,39,0,41,46,0,46,87
11/30/2009,DEC,IL,AGL,CE,Federal Contract Tower,0,5,5,2,12,0,0,21,4,25,0,5,26,6,37,33,0,33,70
12/01/2009,DEC,IL,AGL,CE,Federal Contract Tower,0,12,4,0,16,0,0,33,5,38,0,12,37,5,54,52,34,86,140
12/02/2009,DEC,IL,AGL,CE,Federal Contract Tower,0,7,5,3,15,0,0,22,1,23,0,7,27,4,38,74,0,74,112
12/03/2009,DEC,IL,AGL,CE,Federal Contract Tower,0,5,7,2,14,0,0,32,21,53,0,5,39,23,67,71,81,152,219
12/04/2009,DEC,IL,AGL,CE,Federal Contract Tower,0,3,7,0,10,0,0,30,21,51,0,3,37,21,61,72,30,102,163
12/05/2009,DEC,IL,AGL,CE,Federal Contract Tower,0,2,4,0,6,0,0,39,5,44,0,2,43,5,50,63,15,78,128
12/06/2009,DEC,IL,AGL,CE,Federal Contract Tower,0,5,9,0,14,0,0,41,3,44,0,5,50,3,58,39,12,51,109
12/07/2009,DEC,IL,AGL,CE,Federal Contract Tower,0,7,4,4,15,0,0,6,6,12,0,7,10,10,27,10,24,34,61
12/08/2009,DEC,IL,AGL,CE,Federal Contract Tower,0,12,1,0,13,0,0,3,8,11,0,12,4,8,24,3,76,79,103
12/09/2009,DEC,IL,AGL,CE,Federal Contract Tower,0,4,7,0,11,0,0,10,0,10,0,4,17,0,21,2,0,2,23
12/10/2009,DEC,IL,AGL,CE,Federal Contract Tower,0,3,16,0,19,0,0,16,16,32,0,3,32,16,51,49,50,99,150
12/11/2009,DEC,IL,AGL,CE,Federal Contract Tower,0,5,10,0,15,0,0,40,16,56,0,5,50,16,71,82,40,122,193
12/12/2009,DEC,IL,AGL,CE,Federal Contract Tower,0,3,4,0,7,0,0,39,0,39,0,3,43,0,46,48,0,48,94
12/13/2009,DEC,IL,AGL,CE,Federal Contract Tower,0,3,0,0,3,0,0,11,0,11,0,3,11,0,14,38,0,38,52
12/14/2009,DEC,IL,AGL,CE,Federal Contract Tower,0,2,6,4,12,0,0,14,0,14,0,2,20,4,26,45,0,45,71
12/15/2009,DEC,IL,AGL,CE,Federal Contract Tower,0,7,8,8,23,0,0,48,8,56,0,7,56,16,79,76,30,106,185
12/16/2009,DEC,IL,AGL,CE,Federal Contract Tower,0,7,6,5,18,0,0,45,19,64,0,7,51,24,82,74,34,108,190
12/17/2009,DEC,IL,AGL,CE,Federal Contract Tower,0,12,10,0,22,0,0,37,15,52,0,12,47,15,74,93,49,142,216
12/18/2009,DEC,IL,AGL,CE,Federal Contract Tower,0,8,3,0,11,0,0,29,8,37,0,8,32,8,48,61,32,93,141
12/19/2009,DEC,IL,AGL,CE,Federal Contract Tower,0,3,0,0,3,0,0,8,4,12,0,3,8,4,15,0,0,0,15
12/20/2009,DEC,IL,AGL,CE,Federal Contract Tower,0,5,0,0,5,0,0,8,0,8,0,5,8,0,13,19,0,19,32
12/21/2009,DEC,IL,AGL,CE,Federal Contract Tower,0,12,1,2,15,0,0,8,4,12,0,12,9,6,27,18,22,40,67
12/22/2009,DEC,IL,AGL,CE,Federal Contract Tower,0,11,4,2,17,0,0,4,4,8,0,11,8,6,25,4,60,64,89
12/23/2009,DEC,IL,AGL,CE,Federal Contract Tower,0,12,1,0,13,0,0,0,0,0,0,12,1,0,13,0,0,0,13
12/24/2009,DEC,IL,AGL,CE,Federal Contract Tower,0,13,1,0,14,0,0,6,0,6,0,13,7,0,20,6,0,6,26
12/25/2009,DEC,IL,AGL,CE,Federal Contract Tower,0,0,1,0,1,0,0,14,0,14,0,0,15,0,15,12,0,12,27
12/26/2009,DEC,IL,AGL,CE,Federal Contract Tower,0,5,1,0,6,0,0,10,0,10,0,5,11,0,16,29,0,29,45
12/27/2009,DEC,IL,AGL,CE,Federal Contract Tower,0,4,0,0,4,0,0,0,0,0,0,4,0,0,4,0,0,0,4
12/28/2009,DEC,IL,AGL,CE,Federal Contract Tower,0,8,2,0,10,0,0,24,0,24,0,8,26,0,34,42,0,42,76
12/29/2009,DEC,IL,AGL,CE,Federal Contract Tower,0,13,8,0,21,0,0,47,0,47,0,13,55,0,68,62,0,62,130
12/30/2009,DEC,IL,AGL,CE,Federal Contract Tower,0,9,1,0,10,0,0,4,0,4,0,9,5,0,14,0,0,0,14
12/31/2009,DEC,IL,AGL,CE,Federal Contract Tower,0,6,1,0,7,0,0,23,0,23,0,6,24,0,30,55,0,55,85
01/01/2010,DEC,IL,AGL,CE,Federal Contract Tower,0,0,0,0,0,0,0,2,0,2,0,0,2,0,2,49,0,49,51
01/02/2010,DEC,IL,AGL,CE,Federal Contract Tower,0,5,2,0,7,0,0,24,0,24,0,5,26,0,31,34,0,34,65
01/03/2010,DEC,IL,AGL,CE,Federal Contract Tower,0,4,3,0,7,0,0,27,0,27,0,4,30,0,34,41,0,41,75
01/04/2010,DEC,IL,AGL,CE,Federal Contract Tower,0,6,1,2,9,0,0,35,4,39,0,6,36,6,48,63,22,85,133
01/05/2010,DEC,IL,AGL,CE,Federal Contract Tower,0,7,2,4,13,0,0,46,25,71,0,7,48,29,84,48,72,120,204
01/06/2010,DEC,IL,AGL,CE,Federal Contract Tower,0,7,4,2,13,0,0,32,12,44,0,7,36,14,57,60,32,92,149
01/07/2010,DEC,IL,AGL,CE,Federal Contract Tower,0,7,2,0,9,0,0,0,0,0,0,7,2,0,9,0,0,0,9
01/08/2010,DEC,IL,AGL,CE,Federal Contract Tower,0,8,18,0,26,0,0,24,6,30,0,8,42,6,56,63,20,83,139
01/09/2010,DEC,IL,AGL,CE,Federal Contract Tower,0,8,1,1,10,0,0,21,8,29,0,8,22,9,39,62,23,85,124
01/10/2010,DEC,IL,AGL,CE,Federal Contract Tower,0,6,7,1,14,0,0,22,4,26,0,6,29,5,40,23,24,47,87
01/11/2010,DEC,IL,AGL,CE,Federal Contract Tower,0,12,8,0,20,0,0,41,0,41,0,12,49,0,61,82,0,82,143
01/12/2010,DEC,IL,AGL,CE,Federal Contract Tower,0,9,7,2,18,0,0,32,27,59,0,9,39,29,77,32,74,106,183
01/13/2010,DEC,IL,AGL,CE,Federal Contract Tower,0,14,5,5,24,0,0,43,33,76,0,14,48,38,100,48,98,146,246
01/14/2010,DEC,IL,AGL,CE,Federal Contract Tower,0,18,12,3,33,0,0,38,6,44,0,18,50,9,77,113,45,158,235
01/15/2010,DEC,IL,AGL,CE,Federal Contract Tower,0,15,5,2,22,0,0,2,0,2,0,15,7,2,24,0,0,0,24
01/16/2010,DEC,IL,AGL,CE,Federal Contract Tower,0,6,0,0,6,0,0,0,0,0,0,6,0,0,6,0,0,0,6
01/17/2010,DEC,IL,AGL,CE,Federal Contract Tower,0,4,1,0,5,0,0,2,0,2,0,4,3,0,7,5,0,5,12
01/18/2010,DEC,IL,AGL,CE,Federal Contract Tower,0,7,8,1,16,0,0,0,0,0,0,7,8,1,16,0,0,0,16
01/19/2010,DEC,IL,AGL,CE,Federal Contract Tower,0,7,6,0,13,0,0,0,0,0,0,7,6,0,13,0,0,0,13
01/20/2010,DEC,IL,AGL,CE,Federal Contract Tower,0,3,0,0,3,0,0,0,0,0,0,3,0,0,3,0,0,0,3
01/21/2010,DEC,IL,AGL,CE,Federal Contract Tower,0,13,2,1,16,0,0,0,0,0,0,13,2,1,16,0,0,0,16
01/22/2010,DEC,IL,AGL,CE,Federal Contract Tower,0,8,0,6,14,0,0,0,0,0,0,8,0,6,14,0,0,0,14
01/23/2010,DEC,IL,AGL,CE,Federal Contract Tower,0,8,3,0,11,0,0,0,0,0,0,8,3,0,11,0,0,0,11
01/24/2010,DEC,IL,AGL,CE,Federal Contract Tower,0,6,2,2,10,0,0,9,0,9,0,6,11,2,19,19,0,19,38
01/25/2010,DEC,IL,AGL,CE,Federal Contract Tower,0,5,0,0,5,0,0,4,0,4,0,5,4,0,9,9,0,9,18
01/26/2010,DEC,IL,AGL,CE,Federal Contract Tower,0,13,5,2,20,0,0,30,15,45,0,13,35,17,65,61,40,101,166
01/27/2010,DEC,IL,AGL,CE,Federal Contract Tower,0,7,4,3,14,0,0,24,11,35,0,7,28,14,49,54,32,86,135
01/28/2010,DEC,IL,AGL,CE,Federal Contract Tower,0,7,11,2,20,0,0,31,18,49,0,7,42,20,69,91,50,141,210
01/29/2010,DEC,IL,AGL,CE,Federal Contract Tower,0,5,2,2,9,0,0,22,7,29,0,5,24,9,38,53,15,68,106
01/30/2010,DEC,IL,AGL,CE,Federal Contract Tower,0,4,11,0,15,0,0,37,0,37,0,4,48,0,52,45,0,45,97
01/31/2010,DEC,IL,AGL,CE,Federal Contract Tower,0,8,4,0,12,0,0,94,0,94,0,8,98,0,106,37,0,37,143
02/01/2010,DEC,IL,AGL,CE,Federal Contract Tower,0,7,4,0,11,0,0,42,12,54,0,7,46,12,65,60,42,102,167
02/02/2010,DEC,IL,AGL,CE,Federal Contract Tower,0,13,3,6,22,0,0,29,0,29,0,13,32,6,51,55,0,55,106
02/03/2010,DEC,IL,AGL,CE,Federal Contract Tower,0,17,16,7,40,0,0,25,12,37,0,17,41,19,77,38,14,52,129
02/04/2010,DEC,IL,AGL,CE,Federal Contract Tower,0,19,8,9,36,0,0,23,4,27,0,19,31,13,63,61,10,71,134
02/05/2010,DEC,IL,AGL,CE,Federal Contract Tower,0,9,1,0,10,0,0,1,0,1,0,9,2,0,11,0,0,0,11
02/06/2010,DEC,IL,AGL,CE,Federal Contract Tower,0,0,0,0,0,0,0,0,0,0,0,0,0,0,0,0,0,0,0
02/07/2010,DEC,IL,AGL,CE,Federal Contract Tower,0,8,2,0,10,0,0,22,2,24,0,8,24,2,34,13,4,17,51
02/08/2010,DEC,IL,AGL,CE,Federal Contract Tower,0,10,5,0,15,0,0,25,0,25,0,10,30,0,40,68,0,68,108
02/09/2010,DEC,IL,AGL,CE,Federal Contract Tower,0,11,5,0,16,0,0,1,0,1,0,11,6,0,17,0,0,0,17
02/10/2010,DEC,IL,AGL,CE,Federal Contract Tower,0,15,0,0,15,0,0,31,0,31,0,15,31,0,46,52,0,52,98
02/11/2010,DEC,IL,AGL,CE,Federal Contract Tower,0,11,11,6,28,0,0,33,11,44,0,11,44,17,72,78,34,112,184
02/12/2010,DEC,IL,AGL,CE,Federal Contract Tower,0,11,5,7,23,0,0,31,1,32,0,11,36,8,55,62,8,70,125
02/13/2010,DEC,IL,AGL,CE,Federal Contract Tower,0,10,5,0,15,0,0,21,0,21,0,10,26,0,36,48,0,48,84
02/14/2010,DEC,IL,AGL,CE,Federal Contract Tower,0,8,3,0,11,0,0,12,0,12,0,8,15,0,23,38,0,38,61
02/15/2010,DEC,IL,AGL,CE,Federal Contract Tower,0,14,2,0,16,0,0,43,0,43,0,14,45,0,59,68,0,68,127
02/16/2010,DEC,IL,AGL,CE,Federal Contract Tower,0,12,6,2,20,0,0,54,15,69,0,12,60,17,89,72,32,104,193
02/17/2010,DEC,IL,AGL,CE,Federal Contract Tower,0,13,8,7,28,0,0,29,9,38,0,13,37,16,66,62,34,96,162
02/18/2010,DEC,IL,AGL,CE,Federal Contract Tower,0,13,18,4,35,0,0,45,12,57,0,13,63,16,92,99,23,122,214
02/19/2010,DEC,IL,AGL,CE,Federal Contract Tower,0,13,12,2,27,0,0,31,7,38,0,13,43,9,65,52,8,60,125
02/20/2010,DEC,IL,AGL,CE,Federal Contract Tower,0,6,0,2,8,0,0,24,0,24,0,6,24,2,32,14,0,14,46
02/21/2010,DEC,IL,AGL,CE,Federal Contract Tower,0,4,1,0,5,0,0,0,0,0,0,4,1,0,5,0,0,0,5
02/22/2010,DEC,IL,AGL,CE,Federal Contract Tower,0,14,2,0,16,0,0,0,0,0,0,14,2,0,16,0,0,0,16
02/23/2010,DEC,IL,AGL,CE,Federal Contract Tower,0,16,4,5,25,0,0,24,8,32,0,16,28,13,57,38,18,56,113
02/24/2010,DEC,IL,AGL,CE,Federal Contract Tower,0,15,7,5,27,3,0,28,13,44,3,15,35,18,71,63,29,92,163
02/25/2010,DEC,IL,AGL,CE,Federal Contract Tower,0,12,12,4,28,0,0,29,10,39,0,12,41,14,67,73,26,99,166
02/26/2010,DEC,IL,AGL,CE,Federal Contract Tower,0,12,9,0,21,0,0,38,23,61,0,12,47,23,82,55,36,91,173
02/27/2010,DEC,IL,AGL,CE,Federal Contract Tower,0,10,12,0,22,0,0,30,0,30,0,10,42,0,52,19,0,19,71
02/28/2010,DEC,IL,AGL,CE,Federal Contract Tower,0,8,7,0,15,0,0,34,0,34,0,8,41,0,49,64,0,64,113
03/01/2010,DEC,IL,AGL,CE,Federal Contract Tower,0,8,0,5,13,0,0,32,7,39,0,8,32,12,52,89,32,121,173
03/02/2010,DEC,IL,AGL,CE,Federal Contract Tower,0,11,10,2,23,0,0,49,8,57,0,11,59,10,80,60,28,88,168
03/03/2010,DEC,IL,AGL,CE,Federal Contract Tower,0,14,2,2,18,0,0,40,6,46,0,14,42,8,64,98,20,118,182
03/04/2010,DEC,IL,AGL,CE,Federal Contract Tower,0,15,18,7,40,0,0,41,0,41,0,15,59,7,81,112,0,112,193
03/05/2010,DEC,IL,AGL,CE,Federal Contract Tower,0,14,13,2,29,0,0,44,15,59,0,14,57,17,88,70,20,90,178
03/06/2010,DEC,IL,AGL,CE,Federal Contract Tower,0,10,9,0,19,0,0,48,0,48,0,10,57,0,67,85,0,85,152
03/07/2010,DEC,IL,AGL,CE,Federal Contract Tower,0,8,3,2,13,0,0,21,2,23,0,8,24,4,36,39,2,41,77
03/08/2010,DEC,IL,AGL,CE,Federal Contract Tower,0,9,4,2,15,0,0,48,0,48,0,9,52,2,63,64,0,64,127
03/09/2010,DEC,IL,AGL,CE,Federal Contract Tower,0,21,12,0,33,0,0,39,1,40,0,21,51,1,73,67,0,67,140
03/10/2010,DEC,IL,AGL,CE,Federal Contract Tower,0,13,12,0,25,0,0,28,1,29,0,13,40,1,54,96,0,96,150
03/11/2010,DEC,IL,AGL,CE,Federal Contract Tower,0,14,4,5,23,0,0,24,7,31,0,14,28,12,54,53,20,73,127
03/12/2010,DEC,IL,AGL,CE,Federal Contract Tower,0,12,8,4,24,0,0,22,9,31,0,12,30,13,55,42,54,96,151
03/13/2010,DEC,IL,AGL,CE,Federal Contract Tower,0,5,4,0,9,0,0,0,0,0,0,5,4,0,9,0,0,0,9
03/14/2010,DEC,IL,AGL,CE,Federal Contract Tower,0,9,4,0,13,0,0,30,4,34,0,9,34,4,47,74,26,100,147
03/15/2010,DEC,IL,AGL,CE,Federal Contract Tower,0,12,13,8,33,0,0,35,6,41,0,12,48,14,74,66,20,86,160
03/16/2010,DEC,IL,AGL,CE,Federal Contract Tower,0,16,14,4,34,0,0,35,15,50,0,16,49,19,84,72,82,154,238
03/17/2010,DEC,IL,AGL,CE,Federal Contract Tower,0,18,17,6,41,0,0,36,15,51,0,18,53,21,92,65,40,105,197
03/18/2010,DEC,IL,AGL,CE,Federal Contract Tower,0,14,15,3,32,0,0,34,15,49,0,14,49,18,81,76,23,99,180
03/19/2010,DEC,IL,AGL,CE,Federal Contract Tower,0,13,5,4,22,0,0,42,10,52,0,13,47,14,74,36,24,60,134
03/20/2010,DEC,IL,AGL,CE,Federal Contract Tower,0,5,5,0,10,0,0,31,0,31,0,5,36,0,41,59,0,59,100
03/21/2010,DEC,IL,AGL,CE,Federal Contract Tower,0,7,5,0,12,0,0,19,0,19,0,7,24,0,31,62,0,62,93
03/22/2010,DEC,IL,AGL,CE,Federal Contract Tower,0,12,4,2,18,0,0,45,7,52,0,12,49,9,70,84,22,106,176
03/23/2010,DEC,IL,AGL,CE,Federal Contract Tower,0,15,25,2,42,0,0,46,8,54,0,15,71,10,96,62,10,72,168
03/24/2010,DEC,IL,AGL,CE,Federal Contract Tower,0,16,15,4,35,0,0,32,7,39,0,16,47,11,74,41,32,73,147
03/25/2010,DEC,IL,AGL,CE,Federal Contract Tower,0,17,12,2,31,0,0,12,0,12,0,17,24,2,43,26,0,26,69
03/26/2010,DEC,IL,AGL,CE,Federal Contract Tower,0,10,5,0,15,0,0,26,5,31,0,10,31,5,46,41,20,61,107
03/27/2010,DEC,IL,AGL,CE,Federal Contract Tower,0,6,8,0,14,0,0,53,0,53,0,6,61,0,67,82,0,82,149
03/28/2010,DEC,IL,AGL,CE,Federal Contract Tower,0,12,5,0,17,0,0,38,7,45,0,12,43,7,62,42,0,42,104
03/29/2010,DEC,IL,AGL,CE,Federal Contract Tower,0,12,2,3,17,0,0,40,15,55,0,12,42,18,72,91,46,137,209
03/30/2010,DEC,IL,AGL,CE,Federal Contract Tower,0,12,9,2,23,0,0,47,16,63,0,12,56,18,86,112,18,130,216
03/31/2010,DEC,IL,AGL,CE,Federal Contract Tower,0,13,7,2,22,0,0,32,23,55,0,13,39,25,77,61,14,75,152
04/01/2010,DEC,IL,AGL,CE,Federal Contract Tower,0,12,11,0,23,0,0,30,13,43,0,12,41,13,66,62,5,67,133
04/02/2010,DEC,IL,AGL,CE,Federal Contract Tower,0,12,3,0,15,0,0,20,5,25,0,12,23,5,40,34,9,43,83
04/03/2010,DEC,IL,AGL,CE,Federal Contract Tower,0,7,0,0,7,0,0,27,0,27,0,7,27,0,34,58,0,58,92
04/04/2010,DEC,IL,AGL,CE,Federal Contract Tower,0,8,1,0,9,0,0,26,0,26,0,8,27,0,35,51,0,51,86
04/05/2010,DEC,IL,AGL,CE,Federal Contract Tower,0,11,2,2,15,0,0,26,0,26,0,11,28,2,41,54,0,54,95
04/06/2010,DEC,IL,AGL,CE,Federal Contract Tower,0,13,3,4,20,0,0,31,10,41,0,13,34,14,61,38,46,84,145
04/07/2010,DEC,IL,AGL,CE,Federal Contract Tower,0,8,2,3,13,0,0,32,11,43,0,8,34,14,56,68,10,78,134
04/08/2010,DEC,IL,AGL,CE,Federal Contract Tower,0,16,13,0,29,0,0,28,12,40,0,16,41,12,69,59,42,101,170
04/09/2010,DEC,IL,AGL,CE,Federal Contract Tower,0,14,4,2,20,0,0,32,4,36,0,14,36,6,56,71,0,71,127
04/10/2010,DEC,IL,AGL,CE,Federal Contract Tower,0,8,6,5,19,0,0,0,0,0,0,8,6,5,19,43,16,59,78
04/11/2010,DEC,IL,AGL,CE,Federal Contract Tower,0,5,4,0,9,0,0,53,4,57,0,5,57,4,66,78,0,78,144
04/12/2010,DEC,IL,AGL,CE,Federal Contract Tower,0,9,8,4,21,0,0,33,5,38,0,9,41,9,59,82,12,94,153
04/13/2010,DEC,IL,AGL,CE,Federal Contract Tower,0,14,2,2,18,0,0,29,27,56,0,14,31,29,74,68,70,138,212
04/14/2010,DEC,IL,AGL,CE,Federal Contract Tower,0,8,13,5,26,0,0,61,13,74,0,8,74,18,100,72,14,86,186
04/15/2010,DEC,IL,AGL,CE,Federal Contract Tower,0,18,18,4,40,0,0,27,6,33,0,18,45,10,73,40,0,40,113
04/16/2010,DEC,IL,AGL,CE,Federal Contract Tower,0,13,3,6,22,0,0,21,2,23,0,13,24,8,45,14,0,14,59
04/17/2010,DEC,IL,AGL,CE,Federal Contract Tower,0,6,1,0,7,0,0,42,0,42,0,6,43,0,49,58,0,58,107
04/18/2010,DEC,IL,AGL,CE,Federal Contract Tower,0,6,3,0,9,0,0,58,0,58,0,6,61,0,67,69,0,69,136
04/19/2010,DEC,IL,AGL,CE,Federal Contract Tower,0,5,13,0,18,0,0,33,7,40,0,5,46,7,58,94,4,98,156
04/20/2010,DEC,IL,AGL,CE,Federal Contract Tower,0,16,10,3,29,0,0,38,12,50,0,16,48,15,79,74,22,96,175
04/21/2010,DEC,IL,AGL,CE,Federal Contract Tower,0,13,11,5,29,0,0,40,19,59,0,13,51,24,88,72,18,90,178
04/22/2010,DEC,IL,AGL,CE,Federal Contract Tower,0,16,13,2,31,0,0,25,19,44,0,16,38,21,75,39,56,95,170
04/23/2010,DEC,IL,AGL,CE,Federal Contract Tower,0,12,4,4,20,0,0,5,3,8,0,12,9,7,28,14,6,20,48
04/24/2010,DEC,IL,AGL,CE,Federal Contract Tower,0,7,13,0,20,0,0,19,0,19,0,7,32,0,39,34,0,34,73
04/25/2010,DEC,IL,AGL,CE,Federal Contract Tower,0,3,6,0,9,0,0,12,0,12,0,3,18,0,21,10,0,10,31
04/26/2010,DEC,IL,AGL,CE,Federal Contract Tower,0,12,4,2,18,0,0,46,17,63,0,12,50,19,81,68,28,96,177
04/27/2010,DEC,IL,AGL,CE,Federal Contract Tower,0,14,7,2,23,0,0,31,21,52,0,14,38,23,75,64,46,110,185
04/28/2010,DEC,IL,AGL,CE,Federal Contract Tower,0,13,8,1,22,0,0,46,7,53,0,13,54,8,75,86,4,90,165
04/29/2010,DEC,IL,AGL,CE,Federal Contract Tower,0,15,8,3,26,0,0,21,4,25,0,15,29,7,51,4,0,4,55
04/30/2010,DEC,IL,AGL,CE,Federal Contract Tower,0,12,1,1,14,0,0,16,3,19,0,12,17,4,33,16,0,16,49
05/01/2010,DEC,IL,AGL,CE,Federal Contract Tower,0,7,10,0,17,0,0,23,2,25,0,7,33,2,42,37,0,37,79
05/02/2010,DEC,IL,AGL,CE,Federal Contract Tower,0,6,5,1,12,0,0,32,5,37,0,6,37,6,49,53,2,55,104
05/03/2010,DEC,IL,AGL,CE,Federal Contract Tower,0,13,2,4,19,0,0,34,4,38,0,13,36,8,57,98,0,98,155
05/04/2010,DEC,IL,AGL,CE,Federal Contract Tower,0,14,11,11,36,0,0,47,5,52,0,14,58,16,88,90,28,118,206
05/05/2010,DEC,IL,AGL,CE,Federal Contract Tower,0,14,20,11,45,0,0,53,16,69,0,14,73,27,114,110,12,122,236
05/06/2010,DEC,IL,AGL,CE,Federal Contract Tower,0,13,15,4,32,0,0,40,20,60,0,13,55,24,92,64,52,116,208
05/07/2010,DEC,IL,AGL,CE,Federal Contract Tower,0,10,6,2,18,0,1,18,7,26,0,11,24,9,44,13,2,15,59
05/08/2010,DEC,IL,AGL,CE,Federal Contract Tower,0,9,5,0,14,0,0,23,0,23,0,9,28,0,37,47,0,47,84
05/09/2010,DEC,IL,AGL,CE,Federal Contract Tower,0,6,4,0,10,0,0,44,0,44,0,6,48,0,54,53,0,53,107
05/10/2010,DEC,IL,AGL,CE,Federal Contract Tower,0,10,10,4,24,0,0,35,12,47,0,10,45,16,71,56,22,78,149
05/11/2010,DEC,IL,AGL,CE,Federal Contract Tower,0,13,14,6,33,0,0,26,20,46,0,13,40,26,79,54,80,134,213
05/12/2010,DEC,IL,AGL,CE,Federal Contract Tower,0,10,12,12,34,0,0,18,2,20,0,10,30,14,54,37,0,37,91
05/13/2010,DEC,IL,AGL,CE,Federal Contract Tower,0,9,15,2,26,0,0,23,14,37,0,9,38,16,63,40,49,89,152
05/14/2010,DEC,IL,AGL,CE,Federal Contract Tower,0,12,13,0,25,0,0,32,6,38,0,12,45,6,63,68,8,76,139
05/15/2010,DEC,IL,AGL,CE,Federal Contract Tower,0,9,1,0,10,0,0,27,0,27,0,9,28,0,37,54,0,54,91
05/16/2010,DEC,IL,AGL,CE,Federal Contract Tower,0,5,23,1,29,0,0,34,0,34,0,5,57,1,63,62,0,62,125
05/17/2010,DEC,IL,AGL,CE,Federal Contract Tower,0,7,11,2,20,0,0,1,0,1,0,7,12,2,21,0,0,0,21
05/18/2010,DEC,IL,AGL,CE,Federal Contract Tower,0,13,9,3,25,0,0,34,14,48,0,13,43,17,73,92,13,105,178
05/19/2010,DEC,IL,AGL,CE,Federal Contract Tower,0,12,13,0,25,0,0,48,9,57,0,12,61,9,82,113,40,153,235
05/20/2010,DEC,IL,AGL,CE,Federal Contract Tower,0,13,2,2,17,0,0,13,2,15,0,13,15,4,32,29,4,33,65
05/21/2010,DEC,IL,AGL,CE,Federal Contract Tower,0,15,5,0,20,0,0,11,0,11,0,15,16,0,31,42,0,42,73
05/22/2010,DEC,IL,AGL,CE,Federal Contract Tower,0,9,9,0,18,0,0,100,0,100,0,9,109,0,118,59,0,59,177
05/23/2010,DEC,IL,AGL,CE,Federal Contract Tower,0,8,5,0,13,0,0,49,0,49,0,8,54,0,62,60,0,60,122
05/24/2010,DEC,IL,AGL,CE,Federal Contract Tower,0,12,9,2,23,0,0,41,14,55,0,12,50,16,78,54,53,107,185
05/25/2010,DEC,IL,AGL,CE,Federal Contract Tower,0,16,6,0,22,0,0,45,22,67,0,16,51,22,89,82,44,126,215
05/26/2010,DEC,IL,AGL,CE,Federal Contract Tower,0,12,3,4,19,0,0,32,24,56,0,12,35,28,75,71,64,135,210
05/27/2010,DEC,IL,AGL,CE,Federal Contract Tower,0,16,14,1,31,0,0,25,13,38,0,16,39,14,69,34,36,70,139
05/28/2010,DEC,IL,AGL,CE,Federal Contract Tower,0,14,11,0,25,0,0,35,3,38,0,14,46,3,63,50,16,66,129
05/29/2010,DEC,IL,AGL,CE,Federal Contract Tower,0,7,5,0,12,0,0,54,0,54,0,7,59,0,66,55,0,55,121
05/30/2010,DEC,IL,AGL,CE,Federal Contract Tower,0,7,2,0,9,0,0,46,0,46,0,7,48,0,55,55,0,55,110
05/31/2010,DEC,IL,AGL,CE,Federal Contract Tower,0,11,1,0,12,0,0,24,0,24,0,11,25,0,36,34,0,34,70
06/01/2010,DEC,IL,AGL,CE,Federal Contract Tower,0,17,6,13,36,0,0,35,27,62,0,17,41,40,98,92,82,174,272
06/02/2010,DEC,IL,AGL,CE,Federal Contract Tower,0,10,24,4,38,0,0,25,11,36,0,10,49,15,74,55,41,96,170
06/03/2010,DEC,IL,AGL,CE,Federal Contract Tower,0,13,5,3,21,0,0,21,21,42,0,13,26,24,63,50,77,127,190
06/04/2010,DEC,IL,AGL,CE,Federal Contract Tower,0,11,10,9,30,0,0,29,10,39,0,11,39,19,69,48,50,98,167
06/05/2010,DEC,IL,AGL,CE,Federal Contract Tower,0,11,4,0,15,0,0,33,3,36,0,11,37,3,51,50,0,50,101
06/06/2010,DEC,IL,AGL,CE,Federal Contract Tower,0,9,3,0,12,0,0,38,2,40,0,9,41,2,52,53,0,53,105
06/07/2010,DEC,IL,AGL,CE,Federal Contract Tower,0,13,14,4,31,0,0,33,10,43,0,13,47,14,74,65,16,81,155
06/08/2010,DEC,IL,AGL,CE,Federal Contract Tower,0,12,9,1,22,0,0,27,18,45,0,12,36,19,67,40,56,96,163
06/09/2010,DEC,IL,AGL,CE,Federal Contract Tower,0,13,1,5,19,0,0,33,8,41,0,13,34,13,60,63,26,89,149
06/10/2010,DEC,IL,AGL,CE,Federal Contract Tower,0,14,6,6,26,0,0,28,11,39,0,14,34,17,65,57,42,99,164
06/11/2010,DEC,IL,AGL,CE,Federal Contract Tower,0,10,13,6,29,0,0,14,5,19,0,10,27,11,48,35,32,67,115
06/12/2010,DEC,IL,AGL,CE,Federal Contract Tower,0,6,4,0,10,0,0,28,2,30,0,6,32,2,40,54,0,54,94
06/13/2010,DEC,IL,AGL,CE,Federal Contract Tower,0,5,3,2,10,0,0,31,0,31,0,5,34,2,41,55,0,55,96
06/14/2010,DEC,IL,AGL,CE,Federal Contract Tower,0,11,16,2,29,0,0,25,4,29,0,11,41,6,58,72,0,72,130
06/15/2010,DEC,IL,AGL,CE,Federal Contract Tower,0,12,5,2,19,0,0,17,8,25,0,12,22,10,44,40,48,88,132
06/16/2010,DEC,IL,AGL,CE,Federal Contract Tower,0,14,10,9,33,0,0,38,8,46,0,14,48,17,79,100,24,124,203
06/17/2010,DEC,IL,AGL,CE,Federal Contract Tower,0,13,13,11,37,0,0,29,13,42,0,13,42,24,79,63,30,93,172
06/18/2010,DEC,IL,AGL,CE,Federal Contract Tower,0,12,8,4,24,0,0,22,6,28,0,12,30,10,52,76,28,104,156
06/19/2010,DEC,IL,AGL,CE,Federal Contract Tower,0,6,1,0,7,0,0,39,3,42,0,6,40,3,49,81,0,81,130
06/20/2010,DEC,IL,AGL,CE,Federal Contract Tower,0,7,10,0,17,0,0,39,2,41,0,7,49,2,58,84,0,84,142
06/21/2010,DEC,IL,AGL,CE,Federal Contract Tower,0,10,6,2,18,0,0,22,2,24,0,10,28,4,42,56,14,70,112
06/22/2010,DEC,IL,AGL,CE,Federal Contract Tower,0,18,2,2,22,0,0,19,3,22,0,18,21,5,44,58,0,58,102
06/23/2010,DEC,IL,AGL,CE,Federal Contract Tower,0,8,7,4,19,0,0,33,11,44,0,8,40,15,63,46,8,54,117
06/24/2010,DEC,IL,AGL,CE,Federal Contract Tower,0,13,6,5,24,0,0,32,12,44,0,13,38,17,68,71,12,83,151
06/25/2010,DEC,IL,AGL,CE,Federal Contract Tower,0,12,8,4,24,0,0,42,3,45,0,12,50,7,69,87,7,94,163
06/26/2010,DEC,IL,AGL,CE,Federal Contract Tower,0,7,6,0,13,0,0,29,0,29,0,7,35,0,42,74,0,74,116
06/27/2010,DEC,IL,AGL,CE,Federal Contract Tower,0,4,6,0,10,0,0,32,0,32,0,4,38,0,42,77,0,77,119
06/28/2010,DEC,IL,AGL,CE,Federal Contract Tower,0,15,14,2,31,0,0,45,0,45,0,15,59,2,76,62,0,62,138
06/29/2010,DEC,IL,AGL,CE,Federal Contract Tower,0,14,16,4,34,0,0,45,11,56,0,14,61,15,90,80,22,102,192
06/30/2010,DEC,IL,AGL,CE,Federal Contract Tower,0,12,14,4,30,0,0,44,5,49,0,12,58,9,79,70,0,70,149
07/01/2010,DEC,IL,AGL,CE,Federal Contract Tower,0,13,15,4,32,0,0,39,10,49,0,13,54,14,81,80,8,88,169
07/02/2010,DEC,IL,AGL,CE,Federal Contract Tower,0,12,14,1,27,0,0,47,6,53,0,12,61,7,80,68,0,68,148
07/03/2010,DEC,IL,AGL,CE,Federal Contract Tower,0,10,1,0,11,0,0,37,0,37,0,10,38,0,48,64,0,64,112
07/04/2010,DEC,IL,AGL,CE,Federal Contract Tower,0,6,0,0,6,0,0,28,3,31,0,6,28,3,37,42,0,42,79
07/05/2010,DEC,IL,AGL,CE,Federal Contract Tower,0,11,9,0,20,0,0,30,0,30,0,11,39,0,50,52,0,52,102
07/06/2010,DEC,IL,AGL,CE,Federal Contract Tower,0,16,10,6,32,0,0,30,16,46,0,16,40,22,78,67,26,93,171
07/07/2010,DEC,IL,AGL,CE,Federal Contract Tower,0,14,5,6,25,0,0,20,8,28,0,14,25,14,53,53,26,79,132
07/08/2010,DEC,IL,AGL,CE,Federal Contract Tower,0,11,11,0,22,0,0,26,10,36,0,11,37,10,58,68,34,102,160
07/09/2010,DEC,IL,AGL,CE,Federal Contract Tower,0,14,23,2,39,0,0,41,6,47,0,14,64,8,86,33,0,33,119
07/10/2010,DEC,IL,AGL,CE,Federal Contract Tower,0,7,9,0,16,0,0,34,1,35,0,7,43,1,51,62,4,66,117
07/11/2010,DEC,IL,AGL,CE,Federal Contract Tower,0,10,6,0,16,0,0,30,0,30,0,10,36,0,46,48,0,48,94
07/12/2010,DEC,IL,AGL,CE,Federal Contract Tower,0,11,18,0,29,0,0,33,1,34,0,11,51,1,63,91,4,95,158
07/13/2010,DEC,IL,AGL,CE,Federal Contract Tower,0,13,8,0,21,0,0,34,10,44,0,13,42,10,65,55,10,65,130
07/14/2010,DEC,IL,AGL,CE,Federal Contract Tower,0,12,11,2,25,0,0,26,7,33,0,12,37,9,58,19,0,19,77
07/15/2010,DEC,IL,AGL,CE,Federal Contract Tower,0,14,12,1,27,0,0,30,10,40,0,14,42,11,67,50,14,64,131
07/16/2010,DEC,IL,AGL,CE,Federal Contract Tower,0,15,16,2,33,0,0,38,5,43,0,15,54,7,76,59,0,59,135
07/17/2010,DEC,IL,AGL,CE,Federal Contract Tower,0,6,13,0,19,0,0,44,1,45,0,6,57,1,64,58,0,58,122
07/18/2010,DEC,IL,AGL,CE,Federal Contract Tower,0,6,2,3,11,0,0,28,2,30,0,6,30,5,41,58,8,66,107
07/19/2010,DEC,IL,AGL,CE,Federal Contract Tower,0,11,9,4,24,0,0,25,0,25,0,11,34,4,49,50,0,50,99
07/20/2010,DEC,IL,AGL,CE,Federal Contract Tower,0,15,11,3,29,0,0,27,21,48,0,15,38,24,77,43,32,75,152
07/21/2010,DEC,IL,AGL,CE,Federal Contract Tower,0,10,9,6,25,0,0,24,5,29,0,10,33,11,54,37,10,47,101
07/22/2010,DEC,IL,AGL,CE,Federal Contract Tower,0,10,20,2,32,0,0,28,14,42,0,10,48,16,74,76,17,93,167
07/23/2010,DEC,IL,AGL,CE,Federal Contract Tower,0,14,13,0,27,0,0,41,7,48,0,14,54,7,75,81,0,81,156
07/24/2010,DEC,IL,AGL,CE,Federal Contract Tower,0,3,9,0,12,0,0,57,0,57,0,3,66,0,69,48,0,48,117
07/25/2010,DEC,IL,AGL,CE,Federal Contract Tower,0,10,7,0,17,0,0,40,0,40,0,10,47,0,57,54,0,54,111
07/26/2010,DEC,IL,AGL,CE,Federal Contract Tower,0,11,5,0,16,0,0,43,3,46,0,11,48,3,62,71,10,81,143
07/27/2010,DEC,IL,AGL,CE,Federal Contract Tower,0,14,5,1,20,0,0,37,10,47,0,14,42,11,67,35,23,58,125
07/28/2010,DEC,IL,AGL,CE,Federal Contract Tower,0,12,5,3,20,0,0,32,3,35,0,12,37,6,55,59,0,59,114
07/29/2010,DEC,IL,AGL,CE,Federal Contract Tower,0,12,22,3,37,0,0,36,5,41,0,12,58,8,78,81,24,105,183
07/30/2010,DEC,IL,AGL,CE,Federal Contract Tower,0,12,7,2,21,0,0,41,4,45,0,12,48,6,66,75,0,75,141
07/31/2010,DEC,IL,AGL,CE,Federal Contract Tower,0,7,3,2,12,0,0,37,6,43,0,7,40,8,55,60,10,70,125
08/01/2010,DEC,IL,AGL,CE,Federal Contract Tower,0,7,3,0,10,0,0,34,0,34,0,7,37,0,44,80,0,80,124
08/02/2010,DEC,IL,AGL,CE,Federal Contract Tower,0,11,0,0,11,0,0,37,11,48,0,11,37,11,59,32,38,70,129
08/03/2010,DEC,IL,AGL,CE,Federal Contract Tower,0,12,6,2,20,0,0,31,6,37,0,12,37,8,57,84,0,84,141
08/04/2010,DEC,IL,AGL,CE,Federal Contract Tower,0,13,20,2,35,0,0,24,2,26,0,13,44,4,61,29,0,29,90
08/05/2010,DEC,IL,AGL,CE,Federal Contract Tower,0,12,9,2,23,0,0,30,12,42,0,12,39,14,65,90,26,116,181
08/06/2010,DEC,IL,AGL,CE,Federal Contract Tower,0,12,7,0,19,0,0,50,11,61,0,12,57,11,80,64,42,106,186
08/07/2010,DEC,IL,AGL,CE,Federal Contract Tower,0,8,4,0,12,0,0,40,24,64,0,8,44,24,76,60,36,96,172
08/08/2010,DEC,IL,AGL,CE,Federal Contract Tower,0,10,9,2,21,0,0,32,11,43,0,10,41,13,64,54,26,80,144
08/09/2010,DEC,IL,AGL,CE,Federal Contract Tower,0,11,10,0,21,0,0,37,4,41,0,11,47,4,62,44,10,54,116
08/10/2010,DEC,IL,AGL,CE,Federal Contract Tower,0,11,8,2,21,0,0,29,10,39,0,11,37,12,60,38,36,74,134
08/11/2010,DEC,IL,AGL,CE,Federal Contract Tower,0,12,9,0,21,0,0,22,7,29,0,12,31,7,50,22,0,22,72
08/12/2010,DEC,IL,AGL,CE,Federal Contract Tower,0,10,11,2,23,0,0,32,8,40,0,10,43,10,63,85,12,97,160
08/13/2010,DEC,IL,AGL,CE,Federal Contract Tower,0,14,13,0,27,0,0,21,17,38,0,14,34,17,65,44,4,48,113
08/14/2010,DEC,IL,AGL,CE,Federal Contract Tower,0,6,1,0,7,0,0,35,0,35,0,6,36,0,42,74,0,74,116
08/15/2010,DEC,IL,AGL,CE,Federal Contract Tower,0,6,7,1,14,0,0,42,4,46,0,6,49,5,60,66,18,84,144
08/16/2010,DEC,IL,AGL,CE,Federal Contract Tower,0,11,5,0,16,0,0,45,9,54,0,11,50,9,70,81,10,91,161
08/17/2010,DEC,IL,AGL,CE,Federal Contract Tower,0,14,6,0,20,0,0,43,20,63,0,14,49,20,83,69,34,103,186
08/18/2010,DEC,IL,AGL,CE,Federal Contract Tower,0,14,5,6,25,0,0,26,8,34,0,14,31,14,59,29,25,54,113
08/19/2010,DEC,IL,AGL,CE,Federal Contract Tower,0,12,3,0,15,0,0,26,16,42,0,12,29,16,57,32,16,48,105
08/20/2010,DEC,IL,AGL,CE,Federal Contract Tower,0,15,13,1,29,0,0,31,10,41,0,15,44,11,70,42,18,60,130
08/21/2010,DEC,IL,AGL,CE,Federal Contract Tower,0,8,10,0,18,0,0,27,0,27,0,8,37,0,45,99,0,99,144
08/22/2010,DEC,IL,AGL,CE,Federal Contract Tower,0,10,7,0,17,0,0,40,0,40,0,10,47,0,57,64,0,64,121
08/23/2010,DEC,IL,AGL,CE,Federal Contract Tower,0,9,10,0,19,0,0,37,2,39,0,9,47,2,58,89,0,89,147
08/24/2010,DEC,IL,AGL,CE,Federal Contract Tower,0,14,8,2,24,0,0,30,15,45,0,14,38,17,69,52,35,87,156
08/25/2010,DEC,IL,AGL,CE,Federal Contract Tower,0,12,9,0,21,0,0,27,5,32,0,12,36,5,53,20,0,20,73
08/26/2010,DEC,IL,AGL,CE,Federal Contract Tower,0,12,2,5,19,0,0,33,18,51,0,12,35,23,70,61,22,83,153
08/27/2010,DEC,IL,AGL,CE,Federal Contract Tower,0,14,7,2,23,0,0,48,2,50,0,14,55,4,73,52,0,52,125
08/28/2010,DEC,IL,AGL,CE,Federal Contract Tower,0,6,4,0,10,0,0,47,0,47,0,6,51,0,57,81,0,81,138
08/29/2010,DEC,IL,AGL,CE,Federal Contract Tower,0,6,4,0,10,0,0,42,0,42,0,6,46,0,52,80,0,80,132
08/30/2010,DEC,IL,AGL,CE,Federal Contract Tower,0,11,5,2,18,0,0,27,8,35,0,11,32,10,53,72,2,74,127
08/31/2010,DEC,IL,AGL,CE,Federal Contract Tower,0,12,6,11,29,0,0,35,16,51,0,12,41,27,80,82,39,121,201
09/01/2010,DEC,IL,AGL,CE,Federal Contract Tower,0,13,0,3,16,0,0,18,5,23,0,13,18,8,39,30,0,30,69
09/02/2010,DEC,IL,AGL,CE,Federal Contract Tower,0,12,5,8,25,0,0,14,2,16,0,12,19,10,41,30,7,37,78
09/03/2010,DEC,IL,AGL,CE,Federal Contract Tower,0,14,9,0,23,0,0,34,0,34,0,14,43,0,57,50,0,50,107
09/04/2010,DEC,IL,AGL,CE,Federal Contract Tower,0,8,3,0,11,0,0,47,0,47,0,8,50,0,58,55,0,55,113
09/05/2010,DEC,IL,AGL,CE,Federal Contract Tower,0,5,6,0,11,0,0,36,0,36,0,5,42,0,47,112,0,112,159
09/06/2010,DEC,IL,AGL,CE,Federal Contract Tower,0,13,2,0,15,0,0,26,0,26,0,13,28,0,41,68,0,68,109
09/07/2010,DEC,IL,AGL,CE,Federal Contract Tower,0,11,2,1,14,0,0,33,12,45,0,11,35,13,59,58,45,103,162
09/08/2010,DEC,IL,AGL,CE,Federal Contract Tower,0,11,6,3,20,0,0,35,12,47,0,11,41,15,67,55,5,60,127
09/09/2010,DEC,IL,AGL,CE,Federal Contract Tower,0,12,8,2,22,0,0,26,19,45,0,12,34,21,67,24,46,70,137
09/10/2010,DEC,IL,AGL,CE,Federal Contract Tower,0,15,24,3,42,0,0,32,3,35,0,15,56,6,77,60,13,73,150
09/11/2010,DEC,IL,AGL,CE,Federal Contract Tower,0,6,23,0,29,0,0,29,0,29,0,6,52,0,58,74,0,74,132
09/12/2010,DEC,IL,AGL,CE,Federal Contract Tower,0,6,8,0,14,0,0,35,6,41,0,6,43,6,55,89,0,89,144
09/13/2010,DEC,IL,AGL,CE,Federal Contract Tower,0,10,12,0,22,0,0,39,9,48,0,10,51,9,70,99,7,106,176
09/14/2010,DEC,IL,AGL,CE,Federal Contract Tower,0,13,2,4,19,0,0,32,7,39,0,13,34,11,58,100,7,107,165
09/15/2010,DEC,IL,AGL,CE,Federal Contract Tower,0,13,10,2,25,0,0,18,14,32,0,13,28,16,57,16,4,20,77
09/16/2010,DEC,IL,AGL,CE,Federal Contract Tower,0,15,11,4,30,0,0,18,16,34,0,15,29,20,64,40,34,74,138
09/17/2010,DEC,IL,AGL,CE,Federal Contract Tower,0,14,12,0,26,0,0,36,5,41,0,14,48,5,67,53,2,55,122
09/18/2010,DEC,IL,AGL,CE,Federal Contract Tower,0,7,5,0,12,0,0,40,0,40,0,7,45,0,52,102,0,102,154
09/19/2010,DEC,IL,AGL,CE,Federal Contract Tower,0,8,4,0,12,0,0,29,0,29,0,8,33,0,41,53,0,53,94
09/20/2010,DEC,IL,AGL,CE,Federal Contract Tower,0,13,6,0,19,0,0,28,0,28,0,13,34,0,47,32,0,32,79
09/21/2010,DEC,IL,AGL,CE,Federal Contract Tower,0,12,11,5,28,0,0,21,2,23,0,12,32,7,51,39,0,39,90
09/22/2010,DEC,IL,AGL,CE,Federal Contract Tower,0,14,9,0,23,0,0,31,5,36,0,14,40,5,59,70,0,70,129
09/23/2010,DEC,IL,AGL,CE,Federal Contract Tower,0,9,12,2,23,0,0,25,4,29,0,9,37,6,52,64,4,68,120
09/24/2010,DEC,IL,AGL,CE,Federal Contract Tower,0,14,13,2,29,0,0,34,10,44,0,14,47,12,73,82,75,157,230
09/25/2010,DEC,IL,AGL,CE,Federal Contract Tower,0,9,21,1,31,0,0,55,1,56,0,9,76,2,87,86,0,86,173
09/26/2010,DEC,IL,AGL,CE,Federal Contract Tower,0,9,7,0,16,0,0,29,6,35,0,9,36,6,51,29,6,35,86
09/27/2010,DEC,IL,AGL,CE,Federal Contract Tower,0,13,10,0,23,0,0,30,0,30,0,13,40,0,53,42,0,42,95
09/28/2010,DEC,IL,AGL,CE,Federal Contract Tower,0,13,2,0,15,0,0,43,6,49,0,13,45,6,64,100,0,100,164
09/29/2010,DEC,IL,AGL,CE,Federal Contract Tower,0,12,7,2,21,0,0,43,8,51,0,12,50,10,72,47,20,67,139
09/30/2010,DEC,IL,AGL,CE,Federal Contract Tower,0,11,7,0,18,0,0,43,4,47,0,11,50,4,65,96,8,104,169
10/01/2010,DEC,IL,AGL,CE,Federal Contract Tower,0,12,7,1,20,0,0,50,8,58,0,12,57,9,78,75,6,81,159
10/02/2010,DEC,IL,AGL,CE,Federal Contract Tower,0,6,8,0,14,0,0,32,4,36,0,6,40,4,50,30,0,30,80
10/03/2010,DEC,IL,AGL,CE,Federal Contract Tower,0,10,3,0,13,0,0,47,8,55,0,10,50,8,68,46,6,52,120
10/04/2010,DEC,IL,AGL,CE,Federal Contract Tower,0,11,14,1,26,0,0,42,2,44,0,11,56,3,70,50,8,58,128
10/05/2010,DEC,IL,AGL,CE,Federal Contract Tower,0,11,22,0,33,0,0,31,14,45,0,11,53,14,78,92,18,110,188
10/06/2010,DEC,IL,AGL,CE,Federal Contract Tower,0,17,19,2,38,0,0,47,8,55,0,17,66,10,93,49,10,59,152
10/07/2010,DEC,IL,AGL,CE,Federal Contract Tower,0,11,9,0,20,0,0,37,26,63,0,11,46,26,83,87,36,123,206
10/08/2010,DEC,IL,AGL,CE,Federal Contract Tower,0,11,8,2,21,0,0,43,13,56,0,11,51,15,77,74,24,98,175
10/09/2010,DEC,IL,AGL,CE,Federal Contract Tower,0,6,9,0,15,0,0,59,7,66,0,6,68,7,81,45,0,45,126
10/10/2010,DEC,IL,AGL,CE,Federal Contract Tower,0,8,15,0,23,0,0,49,0,49,0,8,64,0,72,41,0,41,113
10/11/2010,DEC,IL,AGL,CE,Federal Contract Tower,0,11,15,0,26,0,0,37,0,37,0,11,52,0,63,62,0,62,125
10/12/2010,DEC,IL,AGL,CE,Federal Contract Tower,0,13,19,5,37,0,0,32,16,48,0,13,51,21,85,65,58,123,208
10/13/2010,DEC,IL,AGL,CE,Federal Contract Tower,0,15,15,2,32,0,0,38,12,50,0,15,53,14,82,49,22,71,153
10/14/2010,DEC,IL,AGL,CE,Federal Contract Tower,0,15,10,2,27,0,0,34,17,51,0,15,44,19,78,68,46,114,192
10/15/2010,DEC,IL,AGL,CE,Federal Contract Tower,0,13,9,1,23,0,0,39,10,49,0,13,48,11,72,50,34,84,156
10/16/2010,DEC,IL,AGL,CE,Federal Contract Tower,0,7,1,0,8,0,0,40,1,41,0,7,41,1,49,65,0,65,114
10/17/2010,DEC,IL,AGL,CE,Federal Contract Tower,0,10,6,0,16,0,0,53,0,53,0,10,59,0,69,56,0,56,125
10/18/2010,DEC,IL,AGL,CE,Federal Contract Tower,0,11,10,0,21,0,0,17,2,19,0,11,27,2,40,23,0,23,63
10/19/2010,DEC,IL,AGL,CE,Federal Contract Tower,0,13,16,1,30,0,0,26,16,42,0,13,42,17,72,34,48,82,154
10/20/2010,DEC,IL,AGL,CE,Federal Contract Tower,0,12,5,2,19,0,0,33,21,54,0,12,38,23,73,54,44,98,171
10/21/2010,DEC,IL,AGL,CE,Federal Contract Tower,0,12,12,1,25,0,0,33,29,62,0,12,45,30,87,58,87,145,232
10/22/2010,DEC,IL,AGL,CE,Federal Contract Tower,0,12,3,2,17,0,0,37,25,62,0,12,40,27,79,90,36,126,205
10/23/2010,DEC,IL,AGL,CE,Federal Contract Tower,0,5,3,0,8,0,0,38,4,42,0,5,41,4,50,71,10,81,131
10/24/2010,DEC,IL,AGL,CE,Federal Contract Tower,0,9,6,0,15,0,0,34,0,34,0,9,40,0,49,46,0,46,95
10/25/2010,DEC,IL,AGL,CE,Federal Contract Tower,0,11,7,2,20,0,0,22,6,28,0,11,29,8,48,28,0,28,76
10/26/2010,DEC,IL,AGL,CE,Federal Contract Tower,0,11,9,2,22,0,0,11,10,21,0,11,20,12,43,14,18,32,75
10/27/2010,DEC,IL,AGL,CE,Federal Contract Tower,0,12,7,0,19,0,0,25,14,39,0,12,32,14,58,44,26,70,128
10/28/2010,DEC,IL,AGL,CE,Federal Contract Tower,0,11,7,3,21,0,0,29,7,36,0,11,36,10,57,66,12,78,135
10/29/2010,DEC,IL,AGL,CE,Federal Contract Tower,0,12,10,0,22,0,0,31,8,39,0,12,41,8,61,72,12,84,145
10/30/2010,DEC,IL,AGL,CE,Federal Contract Tower,0,7,7,0,14,0,0,40,0,40,0,7,47,0,54,58,0,58,112
10/31/2010,DEC,IL,AGL,CE,Federal Contract Tower,0,10,5,0,15,0,0,38,0,38,0,10,43,0,53,61,0,61,114
11/01/2010,DEC,IL,AGL,CE,Federal Contract Tower,0,11,5,0,16,0,0,29,0,29,0,11,34,0,45,52,0,52,97
11/02/2010,DEC,IL,AGL,CE,Federal Contract Tower,0,13,12,0,25,0,0,29,26,55,0,13,41,26,80,68,33,101,181
11/03/2010,DEC,IL,AGL,CE,Federal Contract Tower,0,13,23,0,36,0,0,43,8,51,0,13,66,8,87,50,13,63,150
11/04/2010,DEC,IL,AGL,CE,Federal Contract Tower,0,16,15,1,32,0,0,30,22,52,0,16,45,23,84,71,59,130,214
11/05/2010,DEC,IL,AGL,CE,Federal Contract Tower,0,12,8,0,20,0,0,39,4,43,0,12,47,4,63,83,18,101,164
11/06/2010,DEC,IL,AGL,CE,Federal Contract Tower,0,9,11,0,20,0,0,46,2,48,0,9,57,2,68,57,2,59,127
11/07/2010,DEC,IL,AGL,CE,Federal Contract Tower,0,12,6,0,18,0,0,35,0,35,0,12,41,0,53,63,0,63,116
11/08/2010,DEC,IL,AGL,CE,Federal Contract Tower,0,11,1,2,14,0,0,46,6,52,0,11,47,8,66,48,11,59,125
11/09/2010,DEC,IL,AGL,CE,Federal Contract Tower,0,14,5,1,20,0,0,42,19,61,0,14,47,20,81,92,60,152,233
11/10/2010,DEC,IL,AGL,CE,Federal Contract Tower,0,12,18,0,30,0,0,42,19,61,0,12,60,19,91,51,12,63,154
11/11/2010,DEC,IL,AGL,CE,Federal Contract Tower,0,14,20,0,34,0,0,40,10,50,0,14,60,10,84,71,2,73,157
11/12/2010,DEC,IL,AGL,CE,Federal Contract Tower,0,13,6,0,19,0,0,37,6,43,0,13,43,6,62,101,6,107,169
11/13/2010,DEC,IL,AGL,CE,Federal Contract Tower,0,6,3,0,9,0,0,17,0,17,0,6,20,0,26,38,0,38,64
11/14/2010,DEC,IL,AGL,CE,Federal Contract Tower,0,11,5,0,16,0,0,29,0,29,0,11,34,0,45,82,0,82,127
11/15/2010,DEC,IL,AGL,CE,Federal Contract Tower,0,12,2,0,14,0,0,26,0,26,0,12,28,0,40,74,0,74,114
11/16/2010,DEC,IL,AGL,CE,Federal Contract Tower,0,13,8,3,24,0,0,30,16,46,0,13,38,19,70,69,98,167,237
11/17/2010,DEC,IL,AGL,CE,Federal Contract Tower,0,12,11,0,23,0,0,37,4,41,0,12,48,4,64,85,0,85,149
11/18/2010,DEC,IL,AGL,CE,Federal Contract Tower,0,13,7,0,20,0,0,32,13,45,0,13,39,13,65,73,45,118,183
11/19/2010,DEC,IL,AGL,CE,Federal Contract Tower,0,12,11,0,23,0,0,26,5,31,0,12,37,5,54,74,30,104,158
11/20/2010,DEC,IL,AGL,CE,Federal Contract Tower,0,6,4,0,10,0,0,4,0,4,0,6,8,0,14,8,0,8,22
11/21/2010,DEC,IL,AGL,CE,Federal Contract Tower,0,7,10,3,20,0,0,20,2,22,0,7,30,5,42,46,12,58,100
11/22/2010,DEC,IL,AGL,CE,Federal Contract Tower,0,8,11,0,19,0,0,16,6,22,0,8,27,6,41,23,52,75,116
11/23/2010,DEC,IL,AGL,CE,Federal Contract Tower,0,13,6,0,19,0,0,28,20,48,0,13,34,20,67,39,46,85,152
11/24/2010,DEC,IL,AGL,CE,Federal Contract Tower,0,13,2,0,15,0,0,3,0,3,0,13,5,0,18,4,0,4,22
11/25/2010,DEC,IL,AGL,CE,Federal Contract Tower,0,12,0,0,12,0,0,0,0,0,0,12,0,0,12,0,0,0,12
11/26/2010,DEC,IL,AGL,CE,Federal Contract Tower,0,14,8,0,22,0,0,40,0,40,0,14,48,0,62,63,0,63,125
11/27/2010,DEC,IL,AGL,CE,Federal Contract Tower,0,12,4,0,16,0,0,29,0,29,0,12,33,0,45,51,0,51,96
11/28/2010,DEC,IL,AGL,CE,Federal Contract Tower,0,8,7,0,15,0,0,33,0,33,0,8,40,0,48,55,0,55,103
11/29/2010,DEC,IL,AGL,CE,Federal Contract Tower,0,11,5,0,16,0,0,24,0,24,0,11,29,0,40,52,0,52,92
11/30/2010,DEC,IL,AGL,CE,Federal Contract Tower,0,12,7,1,20,0,0,15,19,34,0,12,22,20,54,26,60,86,140
12/01/2010,DEC,IL,AGL,CE,Federal Contract Tower,0,11,11,0,22,0,0,41,7,48,0,11,52,7,70,72,0,72,142
12/02/2010,DEC,IL,AGL,CE,Federal Contract Tower,0,13,3,0,16,0,0,27,14,41,0,13,30,14,57,61,30,91,148
12/03/2010,DEC,IL,AGL,CE,Federal Contract Tower,0,12,21,0,33,0,0,31,9,40,0,12,52,9,73,64,4,68,141
12/04/2010,DEC,IL,AGL,CE,Federal Contract Tower,0,8,1,1,10,0,0,3,1,4,0,8,4,2,14,0,0,0,14
12/05/2010,DEC,IL,AGL,CE,Federal Contract Tower,0,8,6,0,14,0,0,0,0,0,0,8,6,0,14,15,22,37,51
12/06/2010,DEC,IL,AGL,CE,Federal Contract Tower,0,11,7,0,18,0,0,17,0,17,0,11,24,0,35,39,0,39,74
12/07/2010,DEC,IL,AGL,CE,Federal Contract Tower,0,12,14,2,28,0,0,34,18,52,0,12,48,20,80,35,24,59,139
12/08/2010,DEC,IL,AGL,CE,Federal Contract Tower,0,12,10,0,22,0,0,33,4,37,0,12,43,4,59,80,0,80,139
12/09/2010,DEC,IL,AGL,CE,Federal Contract Tower,0,12,5,1,18,0,0,28,15,43,0,12,33,16,61,67,32,99,160
12/10/2010,DEC,IL,AGL,CE,Federal Contract Tower,0,12,9,1,22,0,0,38,4,42,0,12,47,5,64,88,12,100,164
12/11/2010,DEC,IL,AGL,CE,Federal Contract Tower,0,9,2,6,17,0,0,3,0,3,0,9,5,6,20,0,0,0,20
12/12/2010,DEC,IL,AGL,CE,Federal Contract Tower,0,6,0,2,8,0,0,0,0,0,0,6,0,2,8,0,0,0,8
12/13/2010,DEC,IL,AGL,CE,Federal Contract Tower,0,11,8,0,19,0,0,12,0,12,0,11,20,0,31,20,0,20,51
12/14/2010,DEC,IL,AGL,CE,Federal Contract Tower,0,15,1,2,18,0,0,33,14,47,0,15,34,16,65,40,18,58,123
12/15/2010,DEC,IL,AGL,CE,Federal Contract Tower,0,13,19,0,32,0,0,32,8,40,0,13,51,8,72,40,0,40,112
12/16/2010,DEC,IL,AGL,CE,Federal Contract Tower,0,7,10,0,17,0,0,6,2,8,0,7,16,2,25,0,0,0,25
12/17/2010,DEC,IL,AGL,CE,Federal Contract Tower,0,13,12,1,26,0,0,14,6,20,0,13,26,7,46,50,0,50,96
12/18/2010,DEC,IL,AGL,CE,Federal Contract Tower,0,13,0,0,13,0,0,17,5,22,0,13,17,5,35,38,14,52,87
12/19/2010,DEC,IL,AGL,CE,Federal Contract Tower,0,9,3,0,12,0,0,8,0,8,0,9,11,0,20,8,0,8,28
12/20/2010,DEC,IL,AGL,CE,Federal Contract Tower,0,9,5,2,16,0,0,5,3,8,0,9,10,5,24,2,18,20,44
12/21/2010,DEC,IL,AGL,CE,Federal Contract Tower,0,11,9,2,22,0,0,8,0,8,0,11,17,2,30,0,0,0,30
12/22/2010,DEC,IL,AGL,CE,Federal Contract Tower,0,14,1,6,21,0,0,7,20,27,0,14,8,26,48,20,88,108,156
12/23/2010,DEC,IL,AGL,CE,Federal Contract Tower,0,13,3,0,16,0,0,25,1,26,0,13,28,1,42,70,0,70,112
12/24/2010,DEC,IL,AGL,CE,Federal Contract Tower,0,12,5,0,17,0,0,5,0,5,0,12,10,0,22,12,0,12,34
12/25/2010,DEC,IL,AGL,CE,Federal Contract Tower,0,5,1,0,6,0,0,0,0,0,0,5,1,0,6,0,0,0,6
12/26/2010,DEC,IL,AGL,CE,Federal Contract Tower,0,8,0,0,8,0,0,18,0,18,0,8,18,0,26,22,0,22,48
12/27/2010,DEC,IL,AGL,CE,Federal Contract Tower,0,11,0,0,11,0,0,4,0,4,0,11,4,0,15,0,0,0,15
12/28/2010,DEC,IL,AGL,CE,Federal Contract Tower,0,13,4,0,17,0,0,31,4,35,0,13,35,4,52,44,16,60,112
12/29/2010,DEC,IL,AGL,CE,Federal Contract Tower,0,12,4,0,16,0,0,1,0,1,0,12,5,0,17,4,0,4,21
12/30/2010,DEC,IL,AGL,CE,Federal Contract Tower,0,10,2,0,12,0,0,14,0,14,0,10,16,0,26,64,0,64,90
12/31/2010,DEC,IL,AGL,CE,Federal Contract Tower,0,13,2,0,15,0,0,23,0,23,0,13,25,0,38,47,0,47,85
01/01/2011,DEC,IL,AGL,CE,Federal Contract Tower,0,6,0,0,6,0,0,16,0,16,0,6,16,0,22,22,0,22,44
01/02/2011,DEC,IL,AGL,CE,Federal Contract Tower,0,8,5,0,13,0,0,31,0,31,0,8,36,0,44,38,0,38,82
01/03/2011,DEC,IL,AGL,CE,Federal Contract Tower,0,11,4,0,15,0,0,24,9,33,0,11,28,9,48,48,44,92,140
01/04/2011,DEC,IL,AGL,CE,Federal Contract Tower,0,11,11,0,22,0,0,20,17,37,0,11,31,17,59,36,50,86,145
01/05/2011,DEC,IL,AGL,CE,Federal Contract Tower,0,14,2,0,16,0,0,35,8,43,0,14,37,8,59,66,20,86,145
01/06/2011,DEC,IL,AGL,CE,Federal Contract Tower,0,11,11,2,24,0,0,22,25,47,0,11,33,27,71,58,84,142,213
01/07/2011,DEC,IL,AGL,CE,Federal Contract Tower,0,12,9,6,27,0,0,12,14,26,0,12,21,20,53,17,39,56,109
01/08/2011,DEC,IL,AGL,CE,Federal Contract Tower,0,7,8,2,17,0,0,15,16,31,0,7,23,18,48,29,34,63,111
01/09/2011,DEC,IL,AGL,CE,Federal Contract Tower,0,8,4,0,12,0,0,33,10,43,0,8,37,10,55,29,10,39,94
01/10/2011,DEC,IL,AGL,CE,Federal Contract Tower,0,11,2,0,13,0,0,18,0,18,0,11,20,0,31,34,0,34,65
01/11/2011,DEC,IL,AGL,CE,Federal Contract Tower,0,10,4,0,14,0,0,0,0,0,0,10,4,0,14,0,0,0,14
01/12/2011,DEC,IL,AGL,CE,Federal Contract Tower,0,14,6,6,26,0,0,8,6,14,0,14,14,12,40,34,40,74,114
01/13/2011,DEC,IL,AGL,CE,Federal Contract Tower,0,12,15,4,31,0,0,24,16,40,0,12,39,20,71,70,68,138,209
01/14/2011,DEC,IL,AGL,CE,Federal Contract Tower,0,12,3,0,15,0,0,34,3,37,0,12,37,3,52,50,10,60,112
01/15/2011,DEC,IL,AGL,CE,Federal Contract Tower,0,12,6,0,18,0,0,13,0,13,0,12,19,0,31,40,0,40,71
01/16/2011,DEC,IL,AGL,CE,Federal Contract Tower,0,8,1,0,9,0,0,28,0,28,0,8,29,0,37,40,0,40,77
01/17/2011,DEC,IL,AGL,CE,Federal Contract Tower,0,9,2,0,11,0,0,13,4,17,0,9,15,4,28,31,22,53,81
01/18/2011,DEC,IL,AGL,CE,Federal Contract Tower,0,12,4,6,22,0,0,22,4,26,0,12,26,10,48,0,0,0,48
01/19/2011,DEC,IL,AGL,CE,Federal Contract Tower,0,12,6,2,20,0,0,0,0,0,0,12,6,2,20,0,0,0,20
01/20/2011,DEC,IL,AGL,CE,Federal Contract Tower,0,13,6,0,19,0,0,6,10,16,0,13,12,10,35,18,64,82,117
01/21/2011,DEC,IL,AGL,CE,Federal Contract Tower,0,14,5,1,20,0,0,14,5,19,0,14,19,6,39,26,32,58,97
01/22/2011,DEC,IL,AGL,CE,Federal Contract Tower,0,7,3,0,10,0,0,19,0,19,0,7,22,0,29,57,0,57,86
01/23/2011,DEC,IL,AGL,CE,Federal Contract Tower,0,6,2,0,8,0,0,21,0,21,0,6,23,0,29,47,0,47,76
01/24/2011,DEC,IL,AGL,CE,Federal Contract Tower,0,9,7,0,16,0,0,19,4,23,0,9,26,4,39,58,12,70,109
01/25/2011,DEC,IL,AGL,CE,Federal Contract Tower,0,14,7,0,21,0,0,14,0,14,0,14,21,0,35,22,0,22,57
01/26/2011,DEC,IL,AGL,CE,Federal Contract Tower,0,28,2,0,30,0,0,13,11,24,0,28,15,11,54,14,12,26,80
01/27/2011,DEC,IL,AGL,CE,Federal Contract Tower,0,12,10,2,24,0,0,9,23,32,0,12,19,25,56,19,93,112,168
01/28/2011,DEC,IL,AGL,CE,Federal Contract Tower,0,14,10,0,24,0,0,16,2,18,0,14,26,2,42,19,0,19,61
01/29/2011,DEC,IL,AGL,CE,Federal Contract Tower,0,10,2,0,12,0,0,23,0,23,0,10,25,0,35,40,0,40,75
01/30/2011,DEC,IL,AGL,CE,Federal Contract Tower,0,8,7,0,15,0,0,19,0,19,0,8,26,0,34,41,0,41,75
01/31/2011,DEC,IL,AGL,CE,Federal Contract Tower,0,7,5,2,14,0,0,15,2,17,0,7,20,4,31,48,0,48,79
02/01/2011,DEC,IL,AGL,CE,Federal Contract Tower,0,0,0,0,0,0,0,0,0,0,0,0,0,0,0,0,0,0,0
02/02/2011,DEC,IL,AGL,CE,Federal Contract Tower,0,9,3,0,12,0,0,2,0,2,0,9,5,0,14,0,0,0,14
02/03/2011,DEC,IL,AGL,CE,Federal Contract Tower,0,19,9,0,28,0,0,14,0,14,0,19,23,0,42,44,0,44,86
02/04/2011,DEC,IL,AGL,CE,Federal Contract Tower,0,18,9,0,27,0,0,29,15,44,0,18,38,15,71,43,40,83,154
02/05/2011,DEC,IL,AGL,CE,Federal Contract Tower,0,4,7,0,11,0,0,6,4,10,0,4,13,4,21,0,16,16,37
02/06/2011,DEC,IL,AGL,CE,Federal Contract Tower,0,8,2,0,10,0,0,4,0,4,0,8,6,0,14,7,0,7,21
02/07/2011,DEC,IL,AGL,CE,Federal Contract Tower,0,11,7,0,18,0,0,14,0,14,0,11,21,0,32,36,0,36,68
02/08/2011,DEC,IL,AGL,CE,Federal Contract Tower,0,12,8,4,24,0,0,27,7,34,0,12,35,11,58,42,10,52,110
02/09/2011,DEC,IL,AGL,CE,Federal Contract Tower,0,11,9,0,20,0,0,21,10,31,0,11,30,10,51,56,16,72,123
02/10/2011,DEC,IL,AGL,CE,Federal Contract Tower,0,13,7,1,21,0,0,24,24,48,0,13,31,25,69,52,78,130,199
02/11/2011,DEC,IL,AGL,CE,Federal Contract Tower,0,12,11,0,23,0,0,29,0,29,0,12,40,0,52,59,0,59,111
02/12/2011,DEC,IL,AGL,CE,Federal Contract Tower,0,6,2,0,8,0,0,27,0,27,0,6,29,0,35,31,0,31,66
02/13/2011,DEC,IL,AGL,CE,Federal Contract Tower,0,8,6,0,14,0,0,25,0,25,0,8,31,0,39,35,0,35,74
02/14/2011,DEC,IL,AGL,CE,Federal Contract Tower,0,11,4,1,16,0,0,27,6,33,0,11,31,7,49,46,0,46,95
02/15/2011,DEC,IL,AGL,CE,Federal Contract Tower,0,14,3,3,20,0,0,33,13,46,0,14,36,16,66,44,30,74,140
02/16/2011,DEC,IL,AGL,CE,Federal Contract Tower,0,12,12,4,28,0,0,31,8,39,0,12,43,12,67,56,20,76,143
02/17/2011,DEC,IL,AGL,CE,Federal Contract Tower,0,13,12,2,27,0,0,20,13,33,0,13,32,15,60,47,89,136,196
02/18/2011,DEC,IL,AGL,CE,Federal Contract Tower,0,12,13,0,25,0,0,34,0,34,0,12,47,0,59,58,0,58,117
02/19/2011,DEC,IL,AGL,CE,Federal Contract Tower,0,6,16,0,22,0,0,41,0,41,0,6,57,0,63,34,0,34,97
02/20/2011,DEC,IL,AGL,CE,Federal Contract Tower,0,7,3,0,10,0,0,14,0,14,0,7,17,0,24,28,0,28,52
02/21/2011,DEC,IL,AGL,CE,Federal Contract Tower,0,9,2,0,11,0,0,8,8,16,0,9,10,8,27,0,0,0,27
02/22/2011,DEC,IL,AGL,CE,Federal Contract Tower,0,9,9,2,20,0,0,19,27,46,0,9,28,29,66,52,62,114,180
02/23/2011,DEC,IL,AGL,CE,Federal Contract Tower,0,12,6,2,20,0,0,22,9,31,0,12,28,11,51,66,24,90,141
02/24/2011,DEC,IL,AGL,CE,Federal Contract Tower,0,13,9,5,27,0,0,6,9,15,0,13,15,14,42,12,49,61,103
02/25/2011,DEC,IL,AGL,CE,Federal Contract Tower,0,14,9,6,29,0,0,29,8,37,0,14,38,14,66,50,56,106,172
02/26/2011,DEC,IL,AGL,CE,Federal Contract Tower,0,14,2,0,16,0,0,14,0,14,0,14,16,0,30,22,0,22,52
02/27/2011,DEC,IL,AGL,CE,Federal Contract Tower,0,7,3,0,10,0,0,10,0,10,0,7,13,0,20,23,0,23,43
02/28/2011,DEC,IL,AGL,CE,Federal Contract Tower,0,9,13,4,26,0,0,40,13,53,0,9,53,17,79,71,12,83,162
03/01/2011,DEC,IL,AGL,CE,Federal Contract Tower,0,16,19,0,35,0,0,46,24,70,0,16,65,24,105,56,62,118,223
03/02/2011,DEC,IL,AGL,CE,Federal Contract Tower,0,17,18,9,44,0,0,33,13,46,0,17,51,22,90,60,26,86,176
03/03/2011,DEC,IL,AGL,CE,Federal Contract Tower,0,13,12,0,25,0,0,30,19,49,0,13,42,19,74,89,53,142,216
03/04/2011,DEC,IL,AGL,CE,Federal Contract Tower,0,15,9,3,27,0,0,22,10,32,0,15,31,13,59,55,8,63,122
03/05/2011,DEC,IL,AGL,CE,Federal Contract Tower,0,2,6,0,8,0,0,10,0,10,0,2,16,0,18,22,0,22,40
03/06/2011,DEC,IL,AGL,CE,Federal Contract Tower,0,8,4,0,12,0,0,25,0,25,0,8,29,0,37,72,0,72,109
03/07/2011,DEC,IL,AGL,CE,Federal Contract Tower,0,14,9,1,24,0,0,22,0,22,0,14,31,1,46,42,0,42,88
03/08/2011,DEC,IL,AGL,CE,Federal Contract Tower,0,13,11,2,26,0,0,22,20,42,0,13,33,22,68,24,66,90,158
03/09/2011,DEC,IL,AGL,CE,Federal Contract Tower,0,13,7,0,20,0,0,0,6,6,0,13,7,6,26,0,30,30,56
03/10/2011,DEC,IL,AGL,CE,Federal Contract Tower,0,13,18,0,31,0,0,12,18,30,0,13,30,18,61,44,56,100,161
03/11/2011,DEC,IL,AGL,CE,Federal Contract Tower,0,13,16,2,31,0,0,46,7,53,0,13,62,9,84,90,20,110,194
03/12/2011,DEC,IL,AGL,CE,Federal Contract Tower,0,6,0,0,6,0,0,45,2,47,0,6,45,2,53,72,0,72,125
03/13/2011,DEC,IL,AGL,CE,Federal Contract Tower,0,9,3,0,12,0,0,35,0,35,0,9,38,0,47,72,0,72,119
03/14/2011,DEC,IL,AGL,CE,Federal Contract Tower,0,7,2,2,11,0,0,32,5,37,0,7,34,7,48,58,6,64,112
03/15/2011,DEC,IL,AGL,CE,Federal Contract Tower,0,15,7,0,22,0,0,13,0,13,0,15,20,0,35,6,0,6,41
03/16/2011,DEC,IL,AGL,CE,Federal Contract Tower,0,11,14,0,25,0,0,42,1,43,0,11,56,1,68,66,0,66,134
03/17/2011,DEC,IL,AGL,CE,Federal Contract Tower,0,10,4,1,15,0,0,31,6,37,0,10,35,7,52,92,30,122,174
03/18/2011,DEC,IL,AGL,CE,Federal Contract Tower,0,12,13,1,26,0,0,24,11,35,0,12,37,12,61,59,64,123,184
03/19/2011,DEC,IL,AGL,CE,Federal Contract Tower,0,8,2,0,10,0,0,51,5,56,0,8,53,5,66,114,14,128,194
03/20/2011,DEC,IL,AGL,CE,Federal Contract Tower,0,8,5,0,13,0,0,23,0,23,0,8,28,0,36,53,0,53,89
03/21/2011,DEC,IL,AGL,CE,Federal Contract Tower,0,11,10,0,21,0,0,30,2,32,0,11,40,2,53,70,12,82,135
03/22/2011,DEC,IL,AGL,CE,Federal Contract Tower,0,12,6,4,22,0,0,29,15,44,0,12,35,19,66,56,50,106,172
03/23/2011,DEC,IL,AGL,CE,Federal Contract Tower,0,12,10,2,24,0,0,20,12,32,0,12,30,14,56,32,38,70,126
03/24/2011,DEC,IL,AGL,CE,Federal Contract Tower,0,12,5,1,18,0,0,18,17,35,0,12,23,18,53,42,25,67,120
03/25/2011,DEC,IL,AGL,CE,Federal Contract Tower,0,12,2,0,14,0,0,12,13,25,0,12,14,13,39,20,18,38,77
03/26/2011,DEC,IL,AGL,CE,Federal Contract Tower,0,6,4,0,10,0,0,34,0,34,0,6,38,0,44,66,0,66,110
03/27/2011,DEC,IL,AGL,CE,Federal Contract Tower,0,8,9,0,17,0,0,34,0,34,0,8,43,0,51,54,0,54,105
03/28/2011,DEC,IL,AGL,CE,Federal Contract Tower,0,11,7,4,22,0,0,42,7,49,0,11,49,11,71,66,16,82,153
03/29/2011,DEC,IL,AGL,CE,Federal Contract Tower,0,9,5,0,14,0,0,27,19,46,0,9,32,19,60,58,58,116,176
03/30/2011,DEC,IL,AGL,CE,Federal Contract Tower,0,12,9,4,25,0,0,46,3,49,0,12,55,7,74,58,0,58,132
03/31/2011,DEC,IL,AGL,CE,Federal Contract Tower,0,18,15,1,34,0,0,25,14,39,0,18,40,15,73,62,26,88,161
04/01/2011,DEC,IL,AGL,CE,Federal Contract Tower,0,12,5,0,17,0,0,14,16,30,0,12,19,16,47,30,62,92,139
04/02/2011,DEC,IL,AGL,CE,Federal Contract Tower,0,6,9,6,21,0,0,30,21,51,0,6,39,27,72,42,52,94,166
04/03/2011,DEC,IL,AGL,CE,Federal Contract Tower,0,9,2,0,11,0,0,7,0,7,0,9,9,0,18,12,0,12,30
04/04/2011,DEC,IL,AGL,CE,Federal Contract Tower,0,13,7,0,20,0,0,19,0,19,0,13,26,0,39,52,0,52,91
04/05/2011,DEC,IL,AGL,CE,Federal Contract Tower,0,12,8,0,20,0,0,27,25,52,0,12,35,25,72,64,58,122,194
04/06/2011,DEC,IL,AGL,CE,Federal Contract Tower,0,12,18,2,32,0,0,37,8,45,0,12,55,10,77,54,20,74,151
04/07/2011,DEC,IL,AGL,CE,Federal Contract Tower,0,12,8,5,25,0,0,25,20,45,0,12,33,25,70,54,21,75,145
04/08/2011,DEC,IL,AGL,CE,Federal Contract Tower,0,12,6,2,20,0,0,15,3,18,0,12,21,5,38,24,0,24,62
04/09/2011,DEC,IL,AGL,CE,Federal Contract Tower,0,8,8,0,16,0,0,28,0,28,0,8,36,0,44,70,0,70,114
04/10/2011,DEC,IL,AGL,CE,Federal Contract Tower,0,9,7,0,16,0,0,19,0,19,0,9,26,0,35,33,0,33,68
04/11/2011,DEC,IL,AGL,CE,Federal Contract Tower,0,11,9,6,26,0,0,22,8,30,0,11,31,14,56,64,26,90,146
04/12/2011,DEC,IL,AGL,CE,Federal Contract Tower,0,13,14,4,31,0,0,41,20,61,0,13,55,24,92,88,50,138,230
04/13/2011,DEC,IL,AGL,CE,Federal Contract Tower,0,14,20,3,37,0,0,29,13,42,0,14,49,16,79,70,40,110,189
04/14/2011,DEC,IL,AGL,CE,Federal Contract Tower,0,12,7,2,21,0,0,26,24,50,0,12,33,26,71,71,54,125,196
04/15/2011,DEC,IL,AGL,CE,Federal Contract Tower,0,8,3,0,11,0,0,2,0,2,0,8,5,0,13,6,0,6,19
04/16/2011,DEC,IL,AGL,CE,Federal Contract Tower,0,6,1,0,7,0,0,14,0,14,0,6,15,0,21,38,0,38,59
04/17/2011,DEC,IL,AGL,CE,Federal Contract Tower,0,10,6,0,16,0,0,32,4,36,0,10,38,4,52,72,0,72,124
04/18/2011,DEC,IL,AGL,CE,Federal Contract Tower,0,13,18,0,31,0,0,31,2,33,0,13,49,2,64,62,6,68,132
04/19/2011,DEC,IL,AGL,CE,Federal Contract Tower,0,10,18,2,30,0,0,13,0,13,0,10,31,2,43,44,0,44,87
04/20/2011,DEC,IL,AGL,CE,Federal Contract Tower,0,15,17,5,37,0,0,29,11,40,0,15,46,16,77,53,27,80,157
04/21/2011,DEC,IL,AGL,CE,Federal Contract Tower,0,14,29,5,48,0,0,39,24,63,0,14,68,29,111,66,57,123,234
04/22/2011,DEC,IL,AGL,CE,Federal Contract Tower,0,15,3,0,18,0,0,8,2,10,0,15,11,2,28,18,18,36,64
04/23/2011,DEC,IL,AGL,CE,Federal Contract Tower,0,8,2,0,10,0,0,35,0,35,0,8,37,0,45,72,0,72,117
04/24/2011,DEC,IL,AGL,CE,Federal Contract Tower,0,9,3,0,12,0,0,30,4,34,0,9,33,4,46,45,0,45,91
04/25/2011,DEC,IL,AGL,CE,Federal Contract Tower,0,16,4,0,20,0,0,14,0,14,0,16,18,0,34,58,0,58,92
04/26/2011,DEC,IL,AGL,CE,Federal Contract Tower,1,12,24,12,49,0,0,17,23,40,1,12,41,35,89,34,70,104,193
04/27/2011,DEC,IL,AGL,CE,Federal Contract Tower,0,13,7,7,27,0,0,13,8,21,0,13,20,15,48,26,28,54,102
04/28/2011,DEC,IL,AGL,CE,Federal Contract Tower,0,14,30,6,50,0,0,28,10,38,0,14,58,16,88,65,21,86,174
04/29/2011,DEC,IL,AGL,CE,Federal Contract Tower,0,12,14,0,26,0,0,35,10,45,0,12,49,10,71,66,30,96,167
04/30/2011,DEC,IL,AGL,CE,Federal Contract Tower,0,8,4,0,12,0,0,15,0,15,0,8,19,0,27,34,0,34,61
05/01/2011,DEC,IL,AGL,CE,Federal Contract Tower,0,8,10,0,18,0,0,30,0,30,0,8,40,0,48,90,0,90,138
05/02/2011,DEC,IL,AGL,CE,Federal Contract Tower,0,9,4,4,17,0,0,34,10,44,0,9,38,14,61,90,28,118,179
05/03/2011,DEC,IL,AGL,CE,Federal Contract Tower,0,13,17,6,36,0,0,32,23,55,0,13,49,29,91,48,110,158,249
05/04/2011,DEC,IL,AGL,CE,Federal Contract Tower,0,13,16,3,32,0,0,44,10,54,0,13,60,13,86,59,30,89,175
05/05/2011,DEC,IL,AGL,CE,Federal Contract Tower,0,16,18,2,36,0,0,24,18,42,0,16,42,20,78,57,106,163,241
05/06/2011,DEC,IL,AGL,CE,Federal Contract Tower,0,12,9,1,22,0,0,46,11,57,0,12,55,12,79,64,0,64,143
05/07/2011,DEC,IL,AGL,CE,Federal Contract Tower,0,8,1,0,9,0,0,22,13,35,0,8,23,13,44,70,12,82,126
05/08/2011,DEC,IL,AGL,CE,Federal Contract Tower,0,8,8,0,16,0,0,22,10,32,0,8,30,10,48,72,0,72,120
05/09/2011,DEC,IL,AGL,CE,Federal Contract Tower,0,13,9,11,33,0,0,33,8,41,0,13,42,19,74,70,12,82,156
05/10/2011,DEC,IL,AGL,CE,Federal Contract Tower,0,15,11,10,36,0,0,47,25,72,0,15,58,35,108,78,56,134,242
05/11/2011,DEC,IL,AGL,CE,Federal Contract Tower,0,13,23,8,44,0,0,43,9,52,0,13,66,17,96,160,10,170,266
05/12/2011,DEC,IL,AGL,CE,Federal Contract Tower,0,13,13,8,34,0,0,30,21,51,0,13,43,29,85,89,100,189,274
05/13/2011,DEC,IL,AGL,CE,Federal Contract Tower,0,10,14,2,26,0,0,28,20,48,0,10,42,22,74,48,12,60,134
05/14/2011,DEC,IL,AGL,CE,Federal Contract Tower,0,6,6,10,22,0,0,0,12,12,0,6,6,22,34,0,36,36,70
05/15/2011,DEC,IL,AGL,CE,Federal Contract Tower,0,6,16,14,36,0,0,3,0,3,0,6,19,14,39,0,12,12,51
05/16/2011,DEC,IL,AGL,CE,Federal Contract Tower,0,14,5,0,19,0,0,38,7,45,0,14,43,7,64,72,28,100,164
05/17/2011,DEC,IL,AGL,CE,Federal Contract Tower,0,13,30,6,49,0,0,32,20,52,0,13,62,26,101,68,50,118,219
05/18/2011,DEC,IL,AGL,CE,Federal Contract Tower,0,13,20,7,40,0,0,32,9,41,0,13,52,16,81,64,51,115,196
05/19/2011,DEC,IL,AGL,CE,Federal Contract Tower,0,11,19,3,33,0,0,31,19,50,0,11,50,22,83,63,71,134,217
05/20/2011,DEC,IL,AGL,CE,Federal Contract Tower,0,12,14,0,26,0,0,37,9,46,0,12,51,9,72,74,36,110,182
05/21/2011,DEC,IL,AGL,CE,Federal Contract Tower,0,6,4,0,10,0,0,122,8,130,0,6,126,8,140,53,0,53,193
05/22/2011,DEC,IL,AGL,CE,Federal Contract Tower,0,10,9,0,19,0,0,26,0,26,0,10,35,0,45,45,0,45,90
05/23/2011,DEC,IL,AGL,CE,Federal Contract Tower,0,11,15,9,35,0,0,24,8,32,0,11,39,17,67,50,28,78,145
05/24/2011,DEC,IL,AGL,CE,Federal Contract Tower,0,10,7,1,18,0,0,30,17,47,0,10,37,18,65,76,54,130,195
05/25/2011,DEC,IL,AGL,CE,Federal Contract Tower,0,9,2,1,12,0,0,11,5,16,0,9,13,6,28,18,17,35,63
05/26/2011,DEC,IL,AGL,CE,Federal Contract Tower,0,14,6,4,24,0,0,10,1,11,0,14,16,5,35,26,0,26,61
05/27/2011,DEC,IL,AGL,CE,Federal Contract Tower,0,12,15,0,27,0,0,22,0,22,0,12,37,0,49,56,0,56,105
05/28/2011,DEC,IL,AGL,CE,Federal Contract Tower,0,6,6,0,12,0,0,21,0,21,0,6,27,0,33,50,0,50,83
05/29/2011,DEC,IL,AGL,CE,Federal Contract Tower,0,7,2,0,9,0,0,31,0,31,0,7,33,0,40,66,0,66,106
05/30/2011,DEC,IL,AGL,CE,Federal Contract Tower,0,11,5,0,16,0,0,42,0,42,0,11,47,0,58,52,0,52,110
05/31/2011,DEC,IL,AGL,CE,Federal Contract Tower,0,11,10,1,22,0,0,32,6,38,0,11,42,7,60,73,26,99,159
06/01/2011,DEC,IL,AGL,CE,Federal Contract Tower,0,12,23,0,35,0,0,48,15,63,0,12,71,15,98,78,40,118,216
06/02/2011,DEC,IL,AGL,CE,Federal Contract Tower,0,12,12,0,24,0,0,23,11,34,0,12,35,11,58,34,18,52,110
06/03/2011,DEC,IL,AGL,CE,Federal Contract Tower,0,15,12,0,27,0,0,22,8,30,0,15,34,8,57,29,16,45,102
06/04/2011,DEC,IL,AGL,CE,Federal Contract Tower,1,4,10,0,15,0,0,27,23,50,1,4,37,23,65,60,18,78,143
06/05/2011,DEC,IL,AGL,CE,Federal Contract Tower,0,8,7,0,15,0,0,22,23,45,0,8,29,23,60,48,22,70,130
06/06/2011,DEC,IL,AGL,CE,Federal Contract Tower,0,12,11,0,23,0,0,33,5,38,0,12,44,5,61,76,8,84,145
06/07/2011,DEC,IL,AGL,CE,Federal Contract Tower,0,12,13,1,26,0,0,35,21,56,0,12,48,22,82,60,42,102,184
06/08/2011,DEC,IL,AGL,CE,Federal Contract Tower,0,16,16,0,32,0,0,28,14,42,0,16,44,14,74,89,30,119,193
06/09/2011,DEC,IL,AGL,CE,Federal Contract Tower,0,12,11,0,23,0,0,28,8,36,0,12,39,8,59,67,34,101,160
06/10/2011,DEC,IL,AGL,CE,Federal Contract Tower,0,10,16,0,26,0,0,22,5,27,0,10,38,5,53,62,28,90,143
06/11/2011,DEC,IL,AGL,CE,Federal Contract Tower,0,5,10,0,15,0,0,72,1,73,0,5,82,1,88,75,0,75,163
06/12/2011,DEC,IL,AGL,CE,Federal Contract Tower,0,8,12,0,20,0,0,45,0,45,0,8,57,0,65,78,0,78,143
06/13/2011,DEC,IL,AGL,CE,Federal Contract Tower,0,17,9,0,26,0,0,32,3,35,0,17,41,3,61,76,2,78,139
06/14/2011,DEC,IL,AGL,CE,Federal Contract Tower,0,12,11,0,23,0,0,32,6,38,0,12,43,6,61,72,4,76,137
06/15/2011,DEC,IL,AGL,CE,Federal Contract Tower,0,12,15,5,32,0,0,24,9,33,0,12,39,14,65,50,10,60,125
06/16/2011,DEC,IL,AGL,CE,Federal Contract Tower,0,13,14,1,28,0,0,35,5,40,0,13,49,6,68,85,0,85,153
06/17/2011,DEC,IL,AGL,CE,Federal Contract Tower,0,13,5,0,18,0,0,35,11,46,0,13,40,11,64,86,12,98,162
06/18/2011,DEC,IL,AGL,CE,Federal Contract Tower,0,9,2,1,12,0,0,30,2,32,0,9,32,3,44,70,6,76,120
06/19/2011,DEC,IL,AGL,CE,Federal Contract Tower,0,8,5,0,13,0,0,32,0,32,0,8,37,0,45,58,0,58,103
06/20/2011,DEC,IL,AGL,CE,Federal Contract Tower,0,16,4,0,20,0,0,27,4,31,0,16,31,4,51,62,32,94,145
06/21/2011,DEC,IL,AGL,CE,Federal Contract Tower,0,12,15,3,30,0,0,20,12,32,0,12,35,15,62,58,71,129,191
06/22/2011,DEC,IL,AGL,CE,Federal Contract Tower,0,14,12,8,34,0,0,18,7,25,0,14,30,15,59,45,18,63,122
06/23/2011,DEC,IL,AGL,CE,Federal Contract Tower,0,13,23,1,37,0,0,16,12,28,0,13,39,13,65,36,3,39,104
06/24/2011,DEC,IL,AGL,CE,Federal Contract Tower,0,12,13,4,29,0,0,24,5,29,0,12,37,9,58,78,10,88,146
06/25/2011,DEC,IL,AGL,CE,Federal Contract Tower,0,5,13,0,18,0,0,35,0,35,0,5,48,0,53,64,0,64,117
06/26/2011,DEC,IL,AGL,CE,Federal Contract Tower,0,8,5,0,13,0,0,28,0,28,0,8,33,0,41,108,0,108,149
06/27/2011,DEC,IL,AGL,CE,Federal Contract Tower,0,11,8,13,32,0,0,27,6,33,0,11,35,19,65,47,52,99,164
06/28/2011,DEC,IL,AGL,CE,Federal Contract Tower,0,14,20,4,38,0,0,50,18,68,0,14,70,22,106,90,47,137,243
06/29/2011,DEC,IL,AGL,CE,Federal Contract Tower,0,12,18,2,32,0,0,37,13,50,0,12,55,15,82,46,8,54,136
06/30/2011,DEC,IL,AGL,CE,Federal Contract Tower,0,11,21,2,34,0,0,32,15,47,0,11,53,17,81,52,32,84,165
07/01/2011,DEC,IL,AGL,CE,Federal Contract Tower,0,11,9,0,20,0,0,43,13,56,0,11,52,13,76,78,32,110,186
07/02/2011,DEC,IL,AGL,CE,Federal Contract Tower,0,5,2,0,7,0,0,37,0,37,0,5,39,0,44,74,0,74,118
07/03/2011,DEC,IL,AGL,CE,Federal Contract Tower,0,8,6,0,14,0,0,33,0,33,0,8,39,0,47,58,0,58,105
07/04/2011,DEC,IL,AGL,CE,Federal Contract Tower,0,11,0,2,13,0,0,30,0,30,0,11,30,2,43,64,0,64,107
07/05/2011,DEC,IL,AGL,CE,Federal Contract Tower,0,14,9,2,25,0,0,44,15,59,0,14,53,17,84,73,56,129,213
07/06/2011,DEC,IL,AGL,CE,Federal Contract Tower,0,12,7,2,21,0,0,24,11,35,0,12,31,13,56,24,25,49,105
07/07/2011,DEC,IL,AGL,CE,Federal Contract Tower,0,11,12,2,25,0,0,26,11,37,0,11,38,13,62,53,24,77,139
07/08/2011,DEC,IL,AGL,CE,Federal Contract Tower,0,12,18,5,35,0,0,40,12,52,0,12,58,17,87,82,18,100,187
07/09/2011,DEC,IL,AGL,CE,Federal Contract Tower,0,7,6,0,13,0,0,28,3,31,0,7,34,3,44,70,22,92,136
07/10/2011,DEC,IL,AGL,CE,Federal Contract Tower,0,8,3,0,11,0,0,33,0,33,0,8,36,0,44,90,0,90,134
07/11/2011,DEC,IL,AGL,CE,Federal Contract Tower,0,12,4,0,16,0,0,28,4,32,0,12,32,4,48,61,4,65,113
07/12/2011,DEC,IL,AGL,CE,Federal Contract Tower,0,13,6,12,31,0,0,30,18,48,0,13,36,30,79,47,57,104,183
07/13/2011,DEC,IL,AGL,CE,Federal Contract Tower,0,12,15,4,31,0,0,22,8,30,0,12,37,12,61,35,15,50,111
07/14/2011,DEC,IL,AGL,CE,Federal Contract Tower,0,11,13,4,28,0,0,24,12,36,0,11,37,16,64,53,42,95,159
07/15/2011,DEC,IL,AGL,CE,Federal Contract Tower,0,14,29,2,45,0,0,41,4,45,0,14,70,6,90,43,6,49,139
07/16/2011,DEC,IL,AGL,CE,Federal Contract Tower,0,5,5,0,10,0,0,37,0,37,0,5,42,0,47,74,0,74,121
07/17/2011,DEC,IL,AGL,CE,Federal Contract Tower,0,8,7,0,15,0,0,27,0,27,0,8,34,0,42,64,0,64,106
07/18/2011,DEC,IL,AGL,CE,Federal Contract Tower,0,11,6,8,25,0,0,44,6,50,0,11,50,14,75,69,24,93,168
07/19/2011,DEC,IL,AGL,CE,Federal Contract Tower,0,11,14,0,25,0,0,35,12,47,0,11,49,12,72,52,18,70,142
07/20/2011,DEC,IL,AGL,CE,Federal Contract Tower,0,14,17,3,34,0,0,28,10,38,0,14,45,13,72,26,7,33,105
07/21/2011,DEC,IL,AGL,CE,Federal Contract Tower,0,12,14,2,28,0,0,49,10,59,0,12,63,12,87,25,32,57,144
07/22/2011,DEC,IL,AGL,CE,Federal Contract Tower,0,12,6,2,20,0,0,30,5,35,0,12,36,7,55,43,16,59,114
07/23/2011,DEC,IL,AGL,CE,Federal Contract Tower,0,5,7,0,12,0,0,38,2,40,0,5,45,2,52,60,0,60,112
07/24/2011,DEC,IL,AGL,CE,Federal Contract Tower,0,10,8,0,18,0,0,30,0,30,0,10,38,0,48,82,0,82,130
07/25/2011,DEC,IL,AGL,CE,Federal Contract Tower,0,11,13,0,24,0,0,31,4,35,0,11,44,4,59,70,8,78,137
07/26/2011,DEC,IL,AGL,CE,Federal Contract Tower,0,12,12,3,27,0,0,35,14,49,0,12,47,17,76,21,48,69,145
07/27/2011,DEC,IL,AGL,CE,Federal Contract Tower,0,13,11,2,26,0,0,25,8,33,0,13,36,10,59,64,8,72,131
07/28/2011,DEC,IL,AGL,CE,Federal Contract Tower,0,10,14,7,31,0,0,31,11,42,0,10,45,18,73,87,17,104,177
07/29/2011,DEC,IL,AGL,CE,Federal Contract Tower,0,13,9,0,22,0,0,37,2,39,0,13,46,2,61,106,0,106,167
07/30/2011,DEC,IL,AGL,CE,Federal Contract Tower,0,5,14,0,19,0,0,44,5,49,0,5,58,5,68,68,0,68,136
07/31/2011,DEC,IL,AGL,CE,Federal Contract Tower,0,9,9,0,18,0,0,43,0,43,0,9,52,0,61,66,0,66,127
08/01/2011,DEC,IL,AGL,CE,Federal Contract Tower,0,11,9,1,21,0,0,39,2,41,0,11,48,3,62,52,0,52,114
08/02/2011,DEC,IL,AGL,CE,Federal Contract Tower,0,16,15,11,42,0,0,35,8,43,0,16,50,19,85,79,14,93,178
08/03/2011,DEC,IL,AGL,CE,Federal Contract Tower,0,13,6,0,19,0,0,34,2,36,0,13,40,2,55,32,4,36,91
08/04/2011,DEC,IL,AGL,CE,Federal Contract Tower,0,14,16,0,30,0,0,57,12,69,0,14,73,12,99,58,0,58,157
08/05/2011,DEC,IL,AGL,CE,Federal Contract Tower,0,13,8,0,21,0,0,33,6,39,0,13,41,6,60,65,10,75,135
08/06/2011,DEC,IL,AGL,CE,Federal Contract Tower,0,5,10,0,15,0,0,27,2,29,0,5,37,2,44,62,0,62,106
08/07/2011,DEC,IL,AGL,CE,Federal Contract Tower,0,6,5,2,13,0,0,27,2,29,0,6,32,4,42,84,4,88,130
08/08/2011,DEC,IL,AGL,CE,Federal Contract Tower,0,9,2,0,11,0,0,29,0,29,0,9,31,0,40,61,0,61,101
08/09/2011,DEC,IL,AGL,CE,Federal Contract Tower,0,13,22,0,35,0,0,33,8,41,0,13,55,8,76,69,6,75,151
08/10/2011,DEC,IL,AGL,CE,Federal Contract Tower,0,13,9,8,30,0,0,28,5,33,0,13,37,13,63,42,0,42,105
08/11/2011,DEC,IL,AGL,CE,Federal Contract Tower,0,14,15,0,29,0,0,23,8,31,0,14,38,8,60,36,16,52,112
08/12/2011,DEC,IL,AGL,CE,Federal Contract Tower,0,13,1,0,14,0,0,61,1,62,0,13,62,1,76,43,0,43,119
08/13/2011,DEC,IL,AGL,CE,Federal Contract Tower,0,8,2,0,10,0,0,29,2,31,0,8,31,2,41,92,26,118,159
08/14/2011,DEC,IL,AGL,CE,Federal Contract Tower,0,8,6,0,14,0,0,30,3,33,0,8,36,3,47,60,4,64,111
08/15/2011,DEC,IL,AGL,CE,Federal Contract Tower,0,11,16,2,29,0,0,31,2,33,0,11,47,4,62,50,3,53,115
08/16/2011,DEC,IL,AGL,CE,Federal Contract Tower,0,12,5,0,17,0,0,25,13,38,0,12,30,13,55,42,15,57,112
08/17/2011,DEC,IL,AGL,CE,Federal Contract Tower,0,12,16,1,29,0,0,14,6,20,0,12,30,7,49,27,10,37,86
08/18/2011,DEC,IL,AGL,CE,Federal Contract Tower,0,12,10,0,22,0,0,30,18,48,0,12,40,18,70,59,31,90,160
08/19/2011,DEC,IL,AGL,CE,Federal Contract Tower,0,14,7,2,23,0,0,30,5,35,0,14,37,7,58,46,0,46,104
08/20/2011,DEC,IL,AGL,CE,Federal Contract Tower,0,6,4,0,10,0,0,25,0,25,0,6,29,0,35,90,0,90,125
08/21/2011,DEC,IL,AGL,CE,Federal Contract Tower,0,10,8,0,18,0,0,34,0,34,0,10,42,0,52,84,0,84,136
08/22/2011,DEC,IL,AGL,CE,Federal Contract Tower,0,11,8,9,28,0,0,35,5,40,0,11,43,14,68,70,32,102,170
08/23/2011,DEC,IL,AGL,CE,Federal Contract Tower,0,19,10,2,31,0,0,35,14,49,0,19,45,16,80,45,41,86,166
08/24/2011,DEC,IL,AGL,CE,Federal Contract Tower,0,14,12,2,28,0,0,20,8,28,0,14,32,10,56,22,37,59,115
08/25/2011,DEC,IL,AGL,CE,Federal Contract Tower,0,23,15,0,38,0,0,21,8,29,0,23,36,8,67,38,18,56,123
08/26/2011,DEC,IL,AGL,CE,Federal Contract Tower,0,15,6,0,21,0,0,48,4,52,0,15,54,4,73,56,20,76,149
08/27/2011,DEC,IL,AGL,CE,Federal Contract Tower,0,5,12,0,17,0,0,32,4,36,0,5,44,4,53,86,10,96,149
08/28/2011,DEC,IL,AGL,CE,Federal Contract Tower,0,10,7,0,17,0,0,33,4,37,0,10,40,4,54,80,4,84,138
08/29/2011,DEC,IL,AGL,CE,Federal Contract Tower,0,12,24,0,36,0,0,33,10,43,0,12,57,10,79,71,4,75,154
08/30/2011,DEC,IL,AGL,CE,Federal Contract Tower,0,15,93,2,110,0,0,174,16,190,0,15,267,18,300,31,18,49,349
08/31/2011,DEC,IL,AGL,CE,Federal Contract Tower,0,12,65,6,83,0,0,144,9,153,0,12,209,15,236,35,2,37,273
09/01/2011,DEC,IL,AGL,CE,Federal Contract Tower,0,12,37,0,49,0,0,78,8,86,0,12,115,8,135,74,11,85,220
09/02/2011,DEC,IL,AGL,CE,Federal Contract Tower,0,15,11,2,28,0,0,50,0,50,0,15,61,2,78,68,0,68,146
09/03/2011,DEC,IL,AGL,CE,Federal Contract Tower,0,7,4,0,11,0,0,45,4,49,0,7,49,4,60,66,6,72,132
09/04/2011,DEC,IL,AGL,CE,Federal Contract Tower,0,8,1,0,9,0,0,27,0,27,0,8,28,0,36,70,0,70,106
09/05/2011,DEC,IL,AGL,CE,Federal Contract Tower,0,12,4,4,20,0,0,26,2,28,0,12,30,6,48,42,4,46,94
09/06/2011,DEC,IL,AGL,CE,Federal Contract Tower,0,13,4,11,28,0,0,20,21,41,0,13,24,32,69,39,35,74,143
09/07/2011,DEC,IL,AGL,CE,Federal Contract Tower,0,13,10,20,43,0,0,26,7,33,0,13,36,27,76,40,37,77,153
09/08/2011,DEC,IL,AGL,CE,Federal Contract Tower,0,12,9,4,25,0,0,26,11,37,0,12,35,15,62,52,23,75,137
09/09/2011,DEC,IL,AGL,CE,Federal Contract Tower,0,13,14,0,27,0,0,32,0,32,0,13,46,0,59,57,0,57,116
09/10/2011,DEC,IL,AGL,CE,Federal Contract Tower,0,5,7,0,12,0,0,63,2,65,0,5,70,2,77,50,0,50,127
09/11/2011,DEC,IL,AGL,CE,Federal Contract Tower,0,8,5,0,13,0,0,43,0,43,0,8,48,0,56,64,0,64,120
09/12/2011,DEC,IL,AGL,CE,Federal Contract Tower,0,11,13,0,24,0,0,33,3,36,0,11,46,3,60,68,4,72,132
09/13/2011,DEC,IL,AGL,CE,Federal Contract Tower,0,12,4,2,18,0,0,34,15,49,0,12,38,17,67,59,0,59,126
09/14/2011,DEC,IL,AGL,CE,Federal Contract Tower,0,12,14,4,30,0,0,13,7,20,0,12,27,11,50,18,24,42,92
09/15/2011,DEC,IL,AGL,CE,Federal Contract Tower,0,12,16,0,28,0,0,23,23,46,0,12,39,23,74,42,60,102,176
09/16/2011,DEC,IL,AGL,CE,Federal Contract Tower,0,16,11,5,32,0,0,42,15,57,0,16,53,20,89,50,22,72,161
09/17/2011,DEC,IL,AGL,CE,Federal Contract Tower,0,5,3,6,14,1,0,27,17,45,1,5,30,23,59,44,40,84,143
09/18/2011,DEC,IL,AGL,CE,Federal Contract Tower,0,9,7,8,24,0,0,20,22,42,0,9,27,30,66,33,30,63,129
09/19/2011,DEC,IL,AGL,CE,Federal Contract Tower,0,11,17,0,28,0,0,13,0,13,0,11,30,0,41,42,0,42,83
09/20/2011,DEC,IL,AGL,CE,Federal Contract Tower,0,9,22,2,33,0,0,22,8,30,0,9,44,10,63,57,10,67,130
09/21/2011,DEC,IL,AGL,CE,Federal Contract Tower,0,12,11,4,27,0,0,38,9,47,0,12,49,13,74,52,18,70,144
09/22/2011,DEC,IL,AGL,CE,Federal Contract Tower,0,12,16,2,30,0,0,44,13,57,0,12,60,15,87,97,4,101,188
09/23/2011,DEC,IL,AGL,CE,Federal Contract Tower,0,13,17,9,39,0,0,48,10,58,0,13,65,19,97,104,4,108,205
09/24/2011,DEC,IL,AGL,CE,Federal Contract Tower,0,5,8,0,13,0,0,38,0,38,0,5,46,0,51,76,0,76,127
09/25/2011,DEC,IL,AGL,CE,Federal Contract Tower,0,10,1,0,11,0,0,32,0,32,0,10,33,0,43,40,0,40,83
09/26/2011,DEC,IL,AGL,CE,Federal Contract Tower,0,11,20,3,34,0,0,10,3,13,0,11,30,6,47,20,5,25,72
09/27/2011,DEC,IL,AGL,CE,Federal Contract Tower,0,12,10,2,24,0,0,9,2,11,0,12,19,4,35,30,0,30,65
09/28/2011,DEC,IL,AGL,CE,Federal Contract Tower,0,11,11,0,22,0,0,34,6,40,0,11,45,6,62,82,2,84,146
09/29/2011,DEC,IL,AGL,CE,Federal Contract Tower,1,10,8,9,28,0,0,40,9,49,1,10,48,18,77,67,34,101,178
09/30/2011,DEC,IL,AGL,CE,Federal Contract Tower,0,14,10,2,26,0,0,43,5,48,0,14,53,7,74,64,6,70,144
10/01/2011,DEC,IL,AGL,CE,Federal Contract Tower,0,5,1,0,6,0,0,36,16,52,0,5,37,16,58,56,20,76,134
10/02/2011,DEC,IL,AGL,CE,Federal Contract Tower,0,10,7,0,17,0,0,41,20,61,0,10,48,20,78,64,23,87,165
10/03/2011,DEC,IL,AGL,CE,Federal Contract Tower,0,11,22,0,33,0,0,33,2,35,0,11,55,2,68,57,0,57,125
10/04/2011,DEC,IL,AGL,CE,Federal Contract Tower,0,11,13,0,24,0,0,36,8,44,0,11,49,8,68,62,48,110,178
10/05/2011,DEC,IL,AGL,CE,Federal Contract Tower,0,13,11,0,24,0,0,37,8,45,0,13,48,8,69,63,12,75,144
10/06/2011,DEC,IL,AGL,CE,Federal Contract Tower,0,12,13,0,25,0,0,29,3,32,0,12,42,3,57,78,9,87,144
10/07/2011,DEC,IL,AGL,CE,Federal Contract Tower,0,12,9,0,21,0,0,31,6,37,0,12,40,6,58,84,0,84,142
10/08/2011,DEC,IL,AGL,CE,Federal Contract Tower,0,5,6,0,11,0,0,0,0,0,0,5,6,0,11,60,0,60,71
10/09/2011,DEC,IL,AGL,CE,Federal Contract Tower,0,8,9,0,17,0,0,51,0,51,0,8,60,0,68,37,0,37,105
10/10/2011,DEC,IL,AGL,CE,Federal Contract Tower,0,11,14,0,25,0,0,34,0,34,0,11,48,0,59,48,0,48,107
10/11/2011,DEC,IL,AGL,CE,Federal Contract Tower,0,12,13,1,26,0,0,27,14,41,0,12,40,15,67,78,21,99,166
10/12/2011,DEC,IL,AGL,CE,Federal Contract Tower,0,16,19,0,35,0,0,33,2,35,0,16,52,2,70,77,0,77,147
10/13/2011,DEC,IL,AGL,CE,Federal Contract Tower,0,13,15,4,32,0,0,21,26,47,0,13,36,30,79,24,61,85,164
10/14/2011,DEC,IL,AGL,CE,Federal Contract Tower,1,10,6,1,18,0,0,24,8,32,1,10,30,9,50,58,17,75,125
10/15/2011,DEC,IL,AGL,CE,Federal Contract Tower,0,5,11,0,16,0,0,36,0,36,0,5,47,0,52,52,0,52,104
10/16/2011,DEC,IL,AGL,CE,Federal Contract Tower,0,8,9,0,17,0,0,37,0,37,0,8,46,0,54,55,0,55,109
10/17/2011,DEC,IL,AGL,CE,Federal Contract Tower,0,15,2,6,23,0,0,16,4,20,0,15,18,10,43,28,0,28,71
10/18/2011,DEC,IL,AGL,CE,Federal Contract Tower,0,12,10,6,28,0,0,16,24,40,0,12,26,30,68,46,40,86,154
10/19/2011,DEC,IL,AGL,CE,Federal Contract Tower,0,11,11,4,26,0,0,26,2,28,0,11,37,6,54,40,0,40,94
10/20/2011,DEC,IL,AGL,CE,Federal Contract Tower,0,14,11,0,25,0,0,25,27,52,0,14,36,27,77,48,46,94,171
10/21/2011,DEC,IL,AGL,CE,Federal Contract Tower,0,13,2,2,17,0,0,43,20,63,0,13,45,22,80,86,28,114,194
10/22/2011,DEC,IL,AGL,CE,Federal Contract Tower,0,5,3,0,8,0,0,50,1,51,0,5,53,1,59,101,2,103,162
10/23/2011,DEC,IL,AGL,CE,Federal Contract Tower,0,11,9,0,20,0,0,34,0,34,0,11,43,0,54,70,0,70,124
10/24/2011,DEC,IL,AGL,CE,Federal Contract Tower,0,11,8,1,20,0,0,32,2,34,0,11,40,3,54,63,3,66,120
10/25/2011,DEC,IL,AGL,CE,Federal Contract Tower,0,12,12,5,29,0,0,17,14,31,0,12,29,19,60,21,22,43,103
10/26/2011,DEC,IL,AGL,CE,Federal Contract Tower,0,13,6,6,25,0,0,1,0,1,0,13,7,6,26,0,0,0,26
10/27/2011,DEC,IL,AGL,CE,Federal Contract Tower,0,12,6,5,23,0,0,44,17,61,0,12,50,22,84,91,41,132,216
10/28/2011,DEC,IL,AGL,CE,Federal Contract Tower,2,14,13,0,29,0,0,33,4,37,2,14,46,4,66,62,10,72,138
10/29/2011,DEC,IL,AGL,CE,Federal Contract Tower,0,6,10,0,16,0,0,41,0,41,0,6,51,0,57,70,0,70,127
10/30/2011,DEC,IL,AGL,CE,Federal Contract Tower,0,10,2,0,12,0,0,19,0,19,0,10,21,0,31,33,0,33,64
10/31/2011,DEC,IL,AGL,CE,Federal Contract Tower,0,11,8,0,19,0,0,22,0,22,0,11,30,0,41,40,0,40,81
11/01/2011,DEC,IL,AGL,CE,Federal Contract Tower,0,13,13,4,30,0,0,26,10,36,0,13,39,14,66,56,34,90,156
11/02/2011,DEC,IL,AGL,CE,Federal Contract Tower,0,12,22,17,51,0,0,43,17,60,0,12,65,34,111,58,44,102,213
11/03/2011,DEC,IL,AGL,CE,Federal Contract Tower,0,11,16,17,44,0,0,0,24,24,0,11,16,41,68,0,60,60,128
11/04/2011,DEC,IL,AGL,CE,Federal Contract Tower,0,12,24,13,49,0,0,25,22,47,0,12,49,35,96,58,40,98,194
11/05/2011,DEC,IL,AGL,CE,Federal Contract Tower,0,5,12,0,17,0,0,35,24,59,0,5,47,24,76,71,56,127,203
11/06/2011,DEC,IL,AGL,CE,Federal Contract Tower,0,8,2,1,11,0,0,16,12,28,0,8,18,13,39,18,34,52,91
11/07/2011,DEC,IL,AGL,CE,Federal Contract Tower,0,13,10,7,30,0,0,0,0,0,0,13,10,7,30,0,0,0,30
11/08/2011,DEC,IL,AGL,CE,Federal Contract Tower,0,10,8,9,27,0,0,10,9,19,0,10,18,18,46,18,68,86,132
11/09/2011,DEC,IL,AGL,CE,Federal Contract Tower,0,13,3,4,20,0,0,20,4,24,0,13,23,8,44,31,30,61,105
11/10/2011,DEC,IL,AGL,CE,Federal Contract Tower,0,13,7,2,22,0,0,31,6,37,0,13,38,8,59,80,14,94,153
11/11/2011,DEC,IL,AGL,CE,Federal Contract Tower,0,16,4,0,20,0,0,28,0,28,0,16,32,0,48,76,0,76,124
11/12/2011,DEC,IL,AGL,CE,Federal Contract Tower,0,5,0,0,5,0,0,44,0,44,0,5,44,0,49,58,0,58,107
11/13/2011,DEC,IL,AGL,CE,Federal Contract Tower,0,8,6,0,14,0,0,19,0,19,0,8,25,0,33,43,0,43,76
11/14/2011,DEC,IL,AGL,CE,Federal Contract Tower,0,11,16,0,27,0,0,16,1,17,0,11,32,1,44,34,0,34,78
11/15/2011,DEC,IL,AGL,CE,Federal Contract Tower,0,12,14,0,26,0,0,16,0,16,0,12,30,0,42,29,0,29,71
11/16/2011,DEC,IL,AGL,CE,Federal Contract Tower,0,12,19,1,32,0,0,38,20,58,0,12,57,21,90,48,34,82,172
11/17/2011,DEC,IL,AGL,CE,Federal Contract Tower,0,12,10,3,25,0,0,17,24,41,0,12,27,27,66,40,74,114,180
11/18/2011,DEC,IL,AGL,CE,Federal Contract Tower,0,10,11,3,24,0,0,18,6,24,0,10,29,9,48,44,20,64,112
11/19/2011,DEC,IL,AGL,CE,Federal Contract Tower,0,7,1,0,8,0,0,25,2,27,0,7,26,2,35,44,0,44,79
11/20/2011,DEC,IL,AGL,CE,Federal Contract Tower,0,8,7,0,15,0,0,21,0,21,0,8,28,0,36,43,0,43,79
11/21/2011,DEC,IL,AGL,CE,Federal Contract Tower,0,11,19,14,44,0,0,6,2,8,0,11,25,16,52,34,14,48,100
11/22/2011,DEC,IL,AGL,CE,Federal Contract Tower,0,11,10,4,25,0,0,0,0,0,0,11,10,4,25,0,0,0,25
11/23/2011,DEC,IL,AGL,CE,Federal Contract Tower,0,16,3,6,25,0,0,20,0,20,0,16,23,6,45,38,0,38,83
11/24/2011,DEC,IL,AGL,CE,Federal Contract Tower,0,10,3,0,13,0,0,17,0,17,0,10,20,0,30,39,0,39,69
11/25/2011,DEC,IL,AGL,CE,Federal Contract Tower,0,13,1,0,14,0,0,26,0,26,0,13,27,0,40,78,0,78,118
11/26/2011,DEC,IL,AGL,CE,Federal Contract Tower,0,9,3,0,12,0,0,23,0,23,0,9,26,0,35,54,0,54,89
11/27/2011,DEC,IL,AGL,CE,Federal Contract Tower,0,11,5,0,16,0,0,10,0,10,0,11,15,0,26,12,0,12,38
11/28/2011,DEC,IL,AGL,CE,Federal Contract Tower,0,14,18,0,32,0,0,14,0,14,0,14,32,0,46,26,0,26,72
11/29/2011,DEC,IL,AGL,CE,Federal Contract Tower,0,14,17,0,31,0,0,9,18,27,0,14,26,18,58,15,40,55,113
11/30/2011,DEC,IL,AGL,CE,Federal Contract Tower,0,13,18,1,32,0,0,34,14,48,0,13,52,15,80,80,10,90,170
12/01/2011,DEC,IL,AGL,CE,Federal Contract Tower,0,13,10,2,25,0,0,27,6,33,0,13,37,8,58,93,28,121,179
12/02/2011,DEC,IL,AGL,CE,Federal Contract Tower,0,15,6,2,23,0,0,6,4,10,0,15,12,6,33,28,0,28,61
12/03/2011,DEC,IL,AGL,CE,Federal Contract Tower,0,5,8,4,17,0,0,32,4,36,0,5,40,8,53,66,10,76,129
12/04/2011,DEC,IL,AGL,CE,Federal Contract Tower,0,8,10,2,20,0,0,4,0,4,0,8,14,2,24,10,0,10,34
12/05/2011,DEC,IL,AGL,CE,Federal Contract Tower,0,14,6,2,22,0,0,10,4,14,0,14,16,6,36,22,18,40,76
12/06/2011,DEC,IL,AGL,CE,Federal Contract Tower,0,12,9,0,21,0,0,13,22,35,0,12,22,22,56,25,40,65,121
12/07/2011,DEC,IL,AGL,CE,Federal Contract Tower,0,13,15,0,28,0,0,30,1,31,0,13,45,1,59,62,0,62,121
12/08/2011,DEC,IL,AGL,CE,Federal Contract Tower,0,12,12,0,24,0,0,28,22,50,0,12,40,22,74,82,60,142,216
12/09/2011,DEC,IL,AGL,CE,Federal Contract Tower,0,13,14,1,28,0,0,16,20,36,0,13,30,21,64,60,100,160,224
12/10/2011,DEC,IL,AGL,CE,Federal Contract Tower,0,6,1,1,8,0,0,40,24,64,0,6,41,25,72,53,46,99,171
12/11/2011,DEC,IL,AGL,CE,Federal Contract Tower,0,12,2,0,14,0,0,37,3,40,0,12,39,3,54,65,4,69,123
12/12/2011,DEC,IL,AGL,CE,Federal Contract Tower,0,14,11,0,25,0,0,27,2,29,0,14,38,2,54,25,4,29,83
12/13/2011,DEC,IL,AGL,CE,Federal Contract Tower,0,15,6,4,25,0,0,7,2,9,0,15,13,6,34,9,4,13,47
12/14/2011,DEC,IL,AGL,CE,Federal Contract Tower,0,9,9,2,20,0,0,13,0,13,0,9,22,2,33,0,0,0,33
12/15/2011,DEC,IL,AGL,CE,Federal Contract Tower,0,12,6,1,19,0,0,16,15,31,0,12,22,16,50,28,48,76,126
12/16/2011,DEC,IL,AGL,CE,Federal Contract Tower,0,12,8,0,20,0,0,28,7,35,0,12,36,7,55,82,4,86,141
12/17/2011,DEC,IL,AGL,CE,Federal Contract Tower,0,5,7,0,12,0,0,32,0,32,0,5,39,0,44,63,0,63,107
12/18/2011,DEC,IL,AGL,CE,Federal Contract Tower,0,8,13,0,21,0,0,34,0,34,0,8,47,0,55,43,0,43,98
12/19/2011,DEC,IL,AGL,CE,Federal Contract Tower,0,10,15,6,31,0,0,21,12,33,0,10,36,18,64,50,32,82,146
12/20/2011,DEC,IL,AGL,CE,Federal Contract Tower,0,13,5,2,20,0,0,0,0,0,0,13,5,2,20,0,0,0,20
12/21/2011,DEC,IL,AGL,CE,Federal Contract Tower,0,11,6,6,23,0,0,12,9,21,0,11,18,15,44,36,62,98,142
12/22/2011,DEC,IL,AGL,CE,Federal Contract Tower,2,13,2,0,17,0,0,19,7,26,2,13,21,7,43,68,48,116,159
12/23/2011,DEC,IL,AGL,CE,Federal Contract Tower,0,13,3,0,16,0,0,33,2,35,0,13,36,2,51,62,18,80,131
12/24/2011,DEC,IL,AGL,CE,Federal Contract Tower,0,5,0,0,5,0,0,15,0,15,0,5,15,0,20,22,0,22,42
12/25/2011,DEC,IL,AGL,CE,Federal Contract Tower,0,6,1,0,7,0,0,9,0,9,0,6,10,0,16,6,0,6,22
12/26/2011,DEC,IL,AGL,CE,Federal Contract Tower,0,11,2,0,13,0,0,36,0,36,0,11,38,0,49,70,0,70,119
12/27/2011,DEC,IL,AGL,CE,Federal Contract Tower,0,14,1,0,15,0,0,15,0,15,0,14,16,0,30,48,0,48,78
12/28/2011,DEC,IL,AGL,CE,Federal Contract Tower,0,12,0,4,16,0,0,23,14,37,0,12,23,18,53,42,52,94,147
12/29/2011,DEC,IL,AGL,CE,Federal Contract Tower,0,11,9,0,20,0,0,25,10,35,0,11,34,10,55,63,38,101,156
12/30/2011,DEC,IL,AGL,CE,Federal Contract Tower,0,10,1,0,11,0,0,16,5,21,0,10,17,5,32,41,14,55,87
12/31/2011,DEC,IL,AGL,CE,Federal Contract Tower,0,5,0,0,5,0,0,13,0,13,0,5,13,0,18,28,0,28,46
01/01/2012,DEC,IL,AGL,CE,Federal Contract Tower,0,8,1,0,9,0,0,9,0,9,0,8,10,0,18,14,0,14,32
01/02/2012,DEC,IL,AGL,CE,Federal Contract Tower,0,13,2,0,15,0,0,15,9,24,0,13,17,9,39,41,40,81,120
01/03/2012,DEC,IL,AGL,CE,Federal Contract Tower,0,13,4,2,19,0,0,32,18,50,0,13,36,20,69,46,46,92,161
01/04/2012,DEC,IL,AGL,CE,Federal Contract Tower,0,13,8,5,26,0,0,32,16,48,0,13,40,21,74,65,57,122,196
01/05/2012,DEC,IL,AGL,CE,Federal Contract Tower,1,11,9,1,22,0,0,26,25,51,1,11,35,26,73,81,81,162,235
01/06/2012,DEC,IL,AGL,CE,Federal Contract Tower,1,11,12,2,26,0,0,30,20,50,1,11,42,22,76,44,44,88,164
01/07/2012,DEC,IL,AGL,CE,Federal Contract Tower,0,6,2,2,10,0,0,44,21,65,0,6,46,23,75,56,28,84,159
01/08/2012,DEC,IL,AGL,CE,Federal Contract Tower,0,9,7,2,18,0,0,26,16,42,0,9,33,18,60,10,19,29,89
01/09/2012,DEC,IL,AGL,CE,Federal Contract Tower,0,11,8,0,19,0,0,26,8,34,0,11,34,8,53,50,38,88,141
01/10/2012,DEC,IL,AGL,CE,Federal Contract Tower,0,12,13,1,26,0,0,31,29,60,0,12,44,30,86,18,80,98,184
01/11/2012,DEC,IL,AGL,CE,Federal Contract Tower,0,12,5,4,21,0,0,11,21,32,0,12,16,25,53,40,64,104,157
01/12/2012,DEC,IL,AGL,CE,Federal Contract Tower,0,12,9,0,21,0,0,0,0,0,0,12,9,0,21,0,0,0,21
01/13/2012,DEC,IL,AGL,CE,Federal Contract Tower,0,13,15,2,30,0,0,8,6,14,0,13,23,8,44,15,20,35,79
01/14/2012,DEC,IL,AGL,CE,Federal Contract Tower,0,5,4,0,9,0,0,4,0,4,0,5,8,0,13,7,0,7,20
01/15/2012,DEC,IL,AGL,CE,Federal Contract Tower,0,8,4,0,12,0,0,19,0,19,0,8,23,0,31,24,0,24,55
01/16/2012,DEC,IL,AGL,CE,Federal Contract Tower,0,11,3,0,14,0,0,19,9,28,0,11,22,9,42,44,10,54,96
01/17/2012,DEC,IL,AGL,CE,Federal Contract Tower,0,13,5,2,20,0,0,16,7,23,0,13,21,9,43,22,70,92,135
01/18/2012,DEC,IL,AGL,CE,Federal Contract Tower,0,12,9,5,26,0,0,28,24,52,0,12,37,29,78,34,56,90,168
01/19/2012,DEC,IL,AGL,CE,Federal Contract Tower,0,14,24,3,41,0,0,26,14,40,0,14,50,17,81,74,39,113,194
01/20/2012,DEC,IL,AGL,CE,Federal Contract Tower,0,8,4,4,16,0,0,24,4,28,0,8,28,8,44,67,30,97,141
01/21/2012,DEC,IL,AGL,CE,Federal Contract Tower,0,5,4,0,9,0,0,26,0,26,0,5,30,0,35,68,0,68,103
01/22/2012,DEC,IL,AGL,CE,Federal Contract Tower,0,6,4,0,10,0,0,0,0,0,0,6,4,0,10,0,0,0,10
01/23/2012,DEC,IL,AGL,CE,Federal Contract Tower,0,12,8,2,22,0,0,24,10,34,0,12,32,12,56,40,16,56,112
01/24/2012,DEC,IL,AGL,CE,Federal Contract Tower,0,13,13,2,28,0,0,18,21,39,0,13,31,23,67,32,60,92,159
01/25/2012,DEC,IL,AGL,CE,Federal Contract Tower,0,11,8,6,25,0,0,16,10,26,0,11,24,16,51,48,30,78,129
01/26/2012,DEC,IL,AGL,CE,Federal Contract Tower,0,10,10,4,24,0,0,0,0,0,0,10,10,4,24,0,0,0,24
01/27/2012,DEC,IL,AGL,CE,Federal Contract Tower,0,12,16,4,32,0,0,24,10,34,0,12,40,14,66,60,24,84,150
01/28/2012,DEC,IL,AGL,CE,Federal Contract Tower,1,6,11,2,20,0,0,23,1,24,1,6,34,3,44,84,8,92,136
01/29/2012,DEC,IL,AGL,CE,Federal Contract Tower,0,8,16,4,28,0,0,30,0,30,0,8,46,4,58,36,0,36,94
01/30/2012,DEC,IL,AGL,CE,Federal Contract Tower,0,13,6,4,23,0,0,45,13,58,0,13,51,17,81,82,40,122,203
01/31/2012,DEC,IL,AGL,CE,Federal Contract Tower,0,12,13,0,25,0,0,26,22,48,0,12,39,22,73,17,97,114,187
02/01/2012,DEC,IL,AGL,CE,Federal Contract Tower,0,14,7,0,21,0,0,23,6,29,0,14,30,6,50,60,30,90,140
02/02/2012,DEC,IL,AGL,CE,Federal Contract Tower,4,10,25,2,41,0,0,37,12,49,4,10,62,14,90,90,64,154,244
02/03/2012,DEC,IL,AGL,CE,Federal Contract Tower,0,12,13,1,26,0,0,28,4,32,0,12,41,5,58,103,26,129,187
02/04/2012,DEC,IL,AGL,CE,Federal Contract Tower,0,5,4,0,9,0,0,0,0,0,0,5,4,0,9,0,0,0,9
02/05/2012,DEC,IL,AGL,CE,Federal Contract Tower,0,8,6,0,14,0,0,22,2,24,0,8,28,2,38,28,7,35,73
02/06/2012,DEC,IL,AGL,CE,Federal Contract Tower,0,9,11,0,20,0,0,10,0,10,0,9,21,0,30,18,0,18,48
02/07/2012,DEC,IL,AGL,CE,Federal Contract Tower,0,13,4,0,17,0,0,8,17,25,0,13,12,17,42,0,48,48,90
02/08/2012,DEC,IL,AGL,CE,Federal Contract Tower,0,14,9,7,30,0,0,17,19,36,0,14,26,26,66,40,66,106,172
02/09/2012,DEC,IL,AGL,CE,Federal Contract Tower,0,12,0,3,15,0,0,24,30,54,0,12,24,33,69,55,87,142,211
02/10/2012,DEC,IL,AGL,CE,Federal Contract Tower,0,9,8,2,19,0,0,1,13,14,0,9,9,15,33,0,31,31,64
02/11/2012,DEC,IL,AGL,CE,Federal Contract Tower,2,4,6,0,12,0,0,21,16,37,2,4,27,16,49,62,10,72,121
02/12/2012,DEC,IL,AGL,CE,Federal Contract Tower,0,8,6,3,17,0,0,29,10,39,0,8,35,13,56,54,10,64,120
02/13/2012,DEC,IL,AGL,CE,Federal Contract Tower,0,11,9,6,26,0,0,15,10,25,0,11,24,16,51,20,44,64,115
02/14/2012,DEC,IL,AGL,CE,Federal Contract Tower,0,16,4,0,20,0,0,17,16,33,0,16,21,16,53,20,54,74,127
02/15/2012,DEC,IL,AGL,CE,Federal Contract Tower,0,14,17,8,39,0,0,0,8,8,0,14,17,16,47,0,28,28,75
02/16/2012,DEC,IL,AGL,CE,Federal Contract Tower,0,14,11,10,35,0,0,11,14,25,0,14,22,24,60,46,50,96,156
02/17/2012,DEC,IL,AGL,CE,Federal Contract Tower,0,14,8,2,24,0,0,36,6,42,0,14,44,8,66,52,18,70,136
02/18/2012,DEC,IL,AGL,CE,Federal Contract Tower,0,6,8,0,14,0,0,45,0,45,0,6,53,0,59,88,0,88,147
02/19/2012,DEC,IL,AGL,CE,Federal Contract Tower,0,9,9,0,18,0,0,62,0,62,0,9,71,0,80,30,0,30,110
02/20/2012,DEC,IL,AGL,CE,Federal Contract Tower,0,12,5,0,17,0,0,28,11,39,0,12,33,11,56,74,16,90,146
02/21/2012,DEC,IL,AGL,CE,Federal Contract Tower,0,13,7,2,22,0,0,16,25,41,0,13,23,27,63,38,90,128,191
02/22/2012,DEC,IL,AGL,CE,Federal Contract Tower,0,12,10,3,25,0,0,32,17,49,0,12,42,20,74,56,66,122,196
02/23/2012,DEC,IL,AGL,CE,Federal Contract Tower,0,10,7,9,26,0,0,23,18,41,0,10,30,27,67,48,54,102,169
02/24/2012,DEC,IL,AGL,CE,Federal Contract Tower,0,11,9,2,22,0,0,13,9,22,0,11,22,11,44,42,44,86,130
02/25/2012,DEC,IL,AGL,CE,Federal Contract Tower,0,6,6,2,14,0,0,20,0,20,0,6,26,2,34,47,0,47,81
02/26/2012,DEC,IL,AGL,CE,Federal Contract Tower,0,8,3,0,11,0,0,10,2,12,0,8,13,2,23,24,4,28,51
02/27/2012,DEC,IL,AGL,CE,Federal Contract Tower,0,12,11,2,25,0,0,23,6,29,0,12,34,8,54,52,0,52,106
02/28/2012,DEC,IL,AGL,CE,Federal Contract Tower,0,11,7,0,18,0,0,28,24,52,0,11,35,24,70,75,54,129,199
02/29/2012,DEC,IL,AGL,CE,Federal Contract Tower,0,12,9,6,27,0,0,22,9,31,0,12,31,15,58,24,48,72,130
03/01/2012,DEC,IL,AGL,CE,Federal Contract Tower,0,12,5,2,19,0,0,52,24,76,0,12,57,26,95,122,33,155,250
03/02/2012,DEC,IL,AGL,CE,Federal Contract Tower,0,14,7,0,21,0,0,8,2,10,0,14,15,2,31,32,8,40,71
03/03/2012,DEC,IL,AGL,CE,Federal Contract Tower,0,6,12,0,18,0,0,19,0,19,0,6,31,0,37,82,0,82,119
03/04/2012,DEC,IL,AGL,CE,Federal Contract Tower,0,8,5,2,15,0,0,26,0,26,0,8,31,2,41,24,0,24,65
03/05/2012,DEC,IL,AGL,CE,Federal Contract Tower,0,13,13,0,26,0,0,39,0,39,0,13,52,0,65,68,0,68,133
03/06/2012,DEC,IL,AGL,CE,Federal Contract Tower,0,13,14,5,32,0,0,21,28,49,0,13,35,33,81,28,54,82,163
03/07/2012,DEC,IL,AGL,CE,Federal Contract Tower,0,14,5,2,21,0,0,17,6,23,0,14,22,8,44,48,22,70,114
03/08/2012,DEC,IL,AGL,CE,Federal Contract Tower,0,12,20,2,34,0,0,25,16,41,0,12,45,18,75,67,42,109,184
03/09/2012,DEC,IL,AGL,CE,Federal Contract Tower,0,12,12,1,25,0,0,32,14,46,0,12,44,15,71,64,33,97,168
03/10/2012,DEC,IL,AGL,CE,Federal Contract Tower,0,5,7,0,12,0,0,39,10,49,0,5,46,10,61,78,0,78,139
03/11/2012,DEC,IL,AGL,CE,Federal Contract Tower,0,8,14,0,22,0,0,20,11,31,0,8,34,11,53,24,36,60,113
03/12/2012,DEC,IL,AGL,CE,Federal Contract Tower,0,11,10,7,28,0,0,19,10,29,0,11,29,17,57,29,38,67,124
03/13/2012,DEC,IL,AGL,CE,Federal Contract Tower,0,14,9,4,27,0,0,38,22,60,0,14,47,26,87,88,44,132,219
03/14/2012,DEC,IL,AGL,CE,Federal Contract Tower,0,12,18,2,32,0,0,20,24,44,0,12,38,26,76,60,38,98,174
03/15/2012,DEC,IL,AGL,CE,Federal Contract Tower,0,11,9,2,22,0,0,24,15,39,0,11,33,17,61,75,35,110,171
03/16/2012,DEC,IL,AGL,CE,Federal Contract Tower,0,16,7,6,29,0,0,28,10,38,0,16,35,16,67,94,28,122,189
03/17/2012,DEC,IL,AGL,CE,Federal Contract Tower,0,5,16,0,21,0,0,20,2,22,0,5,36,2,43,52,0,52,95
03/18/2012,DEC,IL,AGL,CE,Federal Contract Tower,0,8,4,0,12,0,0,31,0,31,0,8,35,0,43,48,0,48,91
03/19/2012,DEC,IL,AGL,CE,Federal Contract Tower,0,11,2,0,13,0,0,25,7,32,0,11,27,7,45,66,24,90,135
03/20/2012,DEC,IL,AGL,CE,Federal Contract Tower,0,14,9,2,25,0,0,22,22,44,0,14,31,24,69,51,58,109,178
03/21/2012,DEC,IL,AGL,CE,Federal Contract Tower,0,12,13,2,27,0,0,26,9,35,0,12,39,11,62,43,20,63,125
03/22/2012,DEC,IL,AGL,CE,Federal Contract Tower,0,12,11,4,27,0,0,23,14,37,0,12,34,18,64,23,67,90,154
03/23/2012,DEC,IL,AGL,CE,Federal Contract Tower,0,13,2,2,17,0,0,7,9,16,0,13,9,11,33,26,24,50,83
03/24/2012,DEC,IL,AGL,CE,Federal Contract Tower,0,5,3,0,8,0,0,21,0,21,0,5,24,0,29,51,0,51,80
03/25/2012,DEC,IL,AGL,CE,Federal Contract Tower,0,9,9,0,18,0,0,41,0,41,0,9,50,0,59,56,0,56,115
03/26/2012,DEC,IL,AGL,CE,Federal Contract Tower,0,13,15,2,30,0,0,29,10,39,0,13,44,12,69,70,40,110,179
03/27/2012,DEC,IL,AGL,CE,Federal Contract Tower,0,13,13,1,27,0,0,22,20,42,0,13,35,21,69,56,54,110,179
03/28/2012,DEC,IL,AGL,CE,Federal Contract Tower,0,13,21,0,34,0,0,31,11,42,0,13,52,11,76,54,32,86,162
03/29/2012,DEC,IL,AGL,CE,Federal Contract Tower,0,12,17,1,30,0,0,25,20,45,0,12,42,21,75,27,34,61,136
03/30/2012,DEC,IL,AGL,CE,Federal Contract Tower,0,10,8,0,18,0,0,18,7,25,0,10,26,7,43,37,8,45,88
03/31/2012,DEC,IL,AGL,CE,Federal Contract Tower,0,5,2,0,7,0,0,31,0,31,0,5,33,0,38,78,0,78,116
04/01/2012,DEC,IL,AGL,CE,Federal Contract Tower,0,8,6,0,14,0,0,33,0,33,0,8,39,0,47,47,0,47,94
04/02/2012,DEC,IL,AGL,CE,Federal Contract Tower,0,11,14,0,25,0,0,19,2,21,0,11,33,2,46,48,12,60,106
04/03/2012,DEC,IL,AGL,CE,Federal Contract Tower,0,17,4,2,23,0,0,12,18,30,0,17,16,20,53,40,48,88,141
04/04/2012,DEC,IL,AGL,CE,Federal Contract Tower,0,11,9,0,20,0,0,22,13,35,0,11,31,13,55,36,46,82,137
04/05/2012,DEC,IL,AGL,CE,Federal Contract Tower,0,15,12,0,27,0,0,23,16,39,0,15,35,16,66,56,39,95,161
04/06/2012,DEC,IL,AGL,CE,Federal Contract Tower,0,13,17,0,30,0,0,29,10,39,0,13,46,10,69,34,11,45,114
04/07/2012,DEC,IL,AGL,CE,Federal Contract Tower,0,5,5,0,10,0,0,34,0,34,0,5,39,0,44,74,0,74,118
04/08/2012,DEC,IL,AGL,CE,Federal Contract Tower,0,8,2,0,10,0,0,16,0,16,0,8,18,0,26,38,0,38,64
04/09/2012,DEC,IL,AGL,CE,Federal Contract Tower,0,12,18,2,32,0,0,21,12,33,0,12,39,14,65,43,36,79,144
04/10/2012,DEC,IL,AGL,CE,Federal Contract Tower,0,13,13,2,28,0,0,21,19,40,0,13,34,21,68,64,62,126,194
04/11/2012,DEC,IL,AGL,CE,Federal Contract Tower,0,13,23,6,42,0,0,29,18,47,0,13,52,24,89,45,28,73,162
04/12/2012,DEC,IL,AGL,CE,Federal Contract Tower,0,13,9,8,30,0,0,35,20,55,0,13,44,28,85,72,21,93,178
04/13/2012,DEC,IL,AGL,CE,Federal Contract Tower,0,12,30,1,43,0,0,10,12,22,0,12,40,13,65,13,8,21,86
04/14/2012,DEC,IL,AGL,CE,Federal Contract Tower,0,7,0,8,15,0,0,14,18,32,0,7,14,26,47,29,70,99,146
04/15/2012,DEC,IL,AGL,CE,Federal Contract Tower,0,8,6,4,18,0,0,16,17,33,0,8,22,21,51,36,22,58,109
04/16/2012,DEC,IL,AGL,CE,Federal Contract Tower,0,11,8,2,21,0,0,23,6,29,0,11,31,8,50,62,16,78,128
04/17/2012,DEC,IL,AGL,CE,Federal Contract Tower,0,12,11,1,24,0,0,31,12,43,0,12,42,13,67,88,34,122,189
04/18/2012,DEC,IL,AGL,CE,Federal Contract Tower,0,12,22,2,36,0,0,38,15,53,0,12,60,17,89,53,23,76,165
04/19/2012,DEC,IL,AGL,CE,Federal Contract Tower,0,13,18,4,35,0,0,35,20,55,0,13,53,24,90,64,26,90,180
04/20/2012,DEC,IL,AGL,CE,Federal Contract Tower,0,13,6,2,21,0,0,2,6,8,0,13,8,8,29,4,20,24,53
04/21/2012,DEC,IL,AGL,CE,Federal Contract Tower,0,6,15,0,21,0,0,33,0,33,0,6,48,0,54,54,0,54,108
04/22/2012,DEC,IL,AGL,CE,Federal Contract Tower,0,8,9,2,19,0,0,21,2,23,0,8,30,4,42,46,0,46,88
04/23/2012,DEC,IL,AGL,CE,Federal Contract Tower,0,11,16,3,30,0,0,26,4,30,0,11,42,7,60,66,12,78,138
04/24/2012,DEC,IL,AGL,CE,Federal Contract Tower,0,13,10,2,25,0,0,22,12,34,0,13,32,14,59,72,58,130,189
04/25/2012,DEC,IL,AGL,CE,Federal Contract Tower,0,12,11,0,23,0,0,21,8,29,0,12,32,8,52,42,24,66,118
04/26/2012,DEC,IL,AGL,CE,Federal Contract Tower,0,12,19,0,31,0,0,24,35,59,0,12,43,35,90,80,87,167,257
04/27/2012,DEC,IL,AGL,CE,Federal Contract Tower,0,14,6,0,20,0,0,11,16,27,0,14,17,16,47,39,12,51,98
04/28/2012,DEC,IL,AGL,CE,Federal Contract Tower,0,5,2,0,7,0,0,21,6,27,0,5,23,6,34,75,0,75,109
04/29/2012,DEC,IL,AGL,CE,Federal Contract Tower,0,6,3,0,9,0,0,0,0,0,0,6,3,0,9,0,0,0,9
04/30/2012,DEC,IL,AGL,CE,Federal Contract Tower,0,12,5,0,17,0,0,22,0,22,0,12,27,0,39,72,0,72,111
05/01/2012,DEC,IL,AGL,CE,Federal Contract Tower,0,13,21,2,36,0,0,21,2,23,0,13,42,4,59,80,6,86,145
05/02/2012,DEC,IL,AGL,CE,Federal Contract Tower,0,12,15,0,27,0,0,21,12,33,0,12,36,12,60,45,32,77,137
05/03/2012,DEC,IL,AGL,CE,Federal Contract Tower,0,13,22,2,37,0,0,27,15,42,0,13,49,17,79,36,25,61,140
05/04/2012,DEC,IL,AGL,CE,Federal Contract Tower,0,12,15,0,27,0,0,15,0,15,0,12,30,0,42,24,0,24,66
05/05/2012,DEC,IL,AGL,CE,Federal Contract Tower,0,6,6,0,12,0,0,25,3,28,0,6,31,3,40,56,0,56,96
05/06/2012,DEC,IL,AGL,CE,Federal Contract Tower,0,7,4,0,11,0,0,28,1,29,0,7,32,1,40,68,0,68,108
05/07/2012,DEC,IL,AGL,CE,Federal Contract Tower,0,13,5,1,19,0,0,19,9,28,0,13,24,10,47,46,26,72,119
05/08/2012,DEC,IL,AGL,CE,Federal Contract Tower,0,14,14,2,30,0,0,29,16,45,0,14,43,18,75,84,48,132,207
05/09/2012,DEC,IL,AGL,CE,Federal Contract Tower,0,12,15,2,29,0,0,24,9,33,0,12,39,11,62,44,30,74,136
05/10/2012,DEC,IL,AGL,CE,Federal Contract Tower,0,12,10,2,24,0,0,37,13,50,0,12,47,15,74,67,36,103,177
05/11/2012,DEC,IL,AGL,CE,Federal Contract Tower,0,12,12,2,26,0,0,27,8,35,0,12,39,10,61,50,11,61,122
05/12/2012,DEC,IL,AGL,CE,Federal Contract Tower,0,5,2,0,7,0,0,31,0,31,0,5,33,0,38,70,0,70,108
05/13/2012,DEC,IL,AGL,CE,Federal Contract Tower,0,8,11,0,19,0,0,34,0,34,0,8,45,0,53,68,0,68,121
05/14/2012,DEC,IL,AGL,CE,Federal Contract Tower,0,13,6,2,21,0,0,27,11,38,0,13,33,13,59,66,36,102,161
05/15/2012,DEC,IL,AGL,CE,Federal Contract Tower,0,14,16,2,32,0,0,30,13,43,0,14,46,15,75,72,34,106,181
05/16/2012,DEC,IL,AGL,CE,Federal Contract Tower,0,12,9,2,23,0,0,23,6,29,0,12,32,8,52,51,18,69,121
05/17/2012,DEC,IL,AGL,CE,Federal Contract Tower,0,12,13,8,33,0,0,30,16,46,0,12,43,24,79,46,24,70,149
05/18/2012,DEC,IL,AGL,CE,Federal Contract Tower,0,16,15,6,37,0,0,21,12,33,0,16,36,18,70,16,18,34,104
05/19/2012,DEC,IL,AGL,CE,Federal Contract Tower,0,7,10,0,17,0,0,95,29,124,0,7,105,29,141,36,100,136,277
05/20/2012,DEC,IL,AGL,CE,Federal Contract Tower,0,6,11,0,17,0,0,25,11,36,0,6,36,11,53,54,0,54,107
05/21/2012,DEC,IL,AGL,CE,Federal Contract Tower,0,12,9,0,21,0,0,24,11,35,0,12,33,11,56,58,19,77,133
05/22/2012,DEC,IL,AGL,CE,Federal Contract Tower,0,18,12,1,31,0,0,30,14,44,0,18,42,15,75,66,36,102,177
05/23/2012,DEC,IL,AGL,CE,Federal Contract Tower,0,12,13,5,30,0,0,34,13,47,0,12,47,18,77,54,20,74,151
05/24/2012,DEC,IL,AGL,CE,Federal Contract Tower,0,14,18,2,34,0,0,15,0,15,0,14,33,2,49,19,0,19,68
05/25/2012,DEC,IL,AGL,CE,Federal Contract Tower,1,12,10,15,38,0,0,28,3,31,1,12,38,18,69,24,18,42,111
05/26/2012,DEC,IL,AGL,CE,Federal Contract Tower,0,6,4,0,10,0,0,28,0,28,0,6,32,0,38,44,0,44,82
05/27/2012,DEC,IL,AGL,CE,Federal Contract Tower,0,8,1,0,9,0,0,19,0,19,0,8,20,0,28,36,0,36,64
05/28/2012,DEC,IL,AGL,CE,Federal Contract Tower,0,11,4,0,15,0,0,16,0,16,0,11,20,0,31,48,0,48,79
05/29/2012,DEC,IL,AGL,CE,Federal Contract Tower,0,12,12,2,26,0,0,24,11,35,0,12,36,13,61,52,33,85,146
05/30/2012,DEC,IL,AGL,CE,Federal Contract Tower,1,11,20,0,32,0,0,35,11,46,1,11,55,11,78,48,10,58,136
05/31/2012,DEC,IL,AGL,CE,Federal Contract Tower,0,7,8,4,19,0,0,7,9,16,0,7,15,13,35,28,50,78,113
06/01/2012,DEC,IL,AGL,CE,Federal Contract Tower,0,13,5,2,20,0,0,14,16,30,0,13,19,18,50,24,51,75,125
06/02/2012,DEC,IL,AGL,CE,Federal Contract Tower,0,5,8,1,14,0,0,31,9,40,0,5,39,10,54,28,14,42,96
06/03/2012,DEC,IL,AGL,CE,Federal Contract Tower,0,7,5,4,16,0,0,28,8,36,0,7,33,12,52,46,0,46,98
06/04/2012,DEC,IL,AGL,CE,Federal Contract Tower,0,12,10,4,26,0,0,21,7,28,0,12,31,11,54,63,33,96,150
06/05/2012,DEC,IL,AGL,CE,Federal Contract Tower,0,14,23,7,44,0,0,25,16,41,0,14,48,23,85,58,68,126,211
06/06/2012,DEC,IL,AGL,CE,Federal Contract Tower,0,13,8,4,25,0,0,27,11,38,0,13,35,15,63,34,12,46,109
06/07/2012,DEC,IL,AGL,CE,Federal Contract Tower,0,15,10,6,31,0,0,28,5,33,0,15,38,11,64,60,7,67,131
06/08/2012,DEC,IL,AGL,CE,Federal Contract Tower,0,13,18,1,32,0,0,39,7,46,0,13,57,8,78,19,8,27,105
06/09/2012,DEC,IL,AGL,CE,Federal Contract Tower,0,5,5,0,10,0,0,36,2,38,0,5,41,2,48,44,0,44,92
06/10/2012,DEC,IL,AGL,CE,Federal Contract Tower,0,8,7,0,15,0,0,21,0,21,0,8,28,0,36,34,0,34,70
06/11/2012,DEC,IL,AGL,CE,Federal Contract Tower,0,11,4,0,15,0,0,14,2,16,0,11,18,2,31,26,14,40,71
06/12/2012,DEC,IL,AGL,CE,Federal Contract Tower,0,15,18,0,33,0,0,27,16,43,0,15,45,16,76,46,50,96,172
06/13/2012,DEC,IL,AGL,CE,Federal Contract Tower,0,12,5,4,21,0,0,25,9,34,0,12,30,13,55,35,20,55,110
06/14/2012,DEC,IL,AGL,CE,Federal Contract Tower,0,12,16,3,31,0,0,24,11,35,0,12,40,14,66,50,4,54,120
06/15/2012,DEC,IL,AGL,CE,Federal Contract Tower,0,13,10,0,23,0,0,20,13,33,0,13,30,13,56,32,30,62,118
06/16/2012,DEC,IL,AGL,CE,Federal Contract Tower,0,5,3,0,8,0,0,45,2,47,0,5,48,2,55,28,0,28,83
06/17/2012,DEC,IL,AGL,CE,Federal Contract Tower,0,8,8,0,16,0,0,25,0,25,0,8,33,0,41,42,0,42,83
06/18/2012,DEC,IL,AGL,CE,Federal Contract Tower,0,13,6,1,20,0,0,16,6,22,0,13,22,7,42,26,16,42,84
06/19/2012,DEC,IL,AGL,CE,Federal Contract Tower,0,12,4,0,16,0,0,25,17,42,0,12,29,17,58,23,37,60,118
06/20/2012,DEC,IL,AGL,CE,Federal Contract Tower,0,12,6,2,20,0,0,20,5,25,0,12,26,7,45,30,8,38,83
06/21/2012,DEC,IL,AGL,CE,Federal Contract Tower,0,14,14,1,29,0,0,16,13,29,0,14,30,14,58,14,34,48,106
06/22/2012,DEC,IL,AGL,CE,Federal Contract Tower,0,12,6,2,20,0,0,49,7,56,0,12,55,9,76,51,28,79,155
06/23/2012,DEC,IL,AGL,CE,Federal Contract Tower,0,5,1,0,6,0,0,31,2,33,0,5,32,2,39,62,0,62,101
06/24/2012,DEC,IL,AGL,CE,Federal Contract Tower,0,8,6,0,14,0,0,20,5,25,0,8,26,5,39,46,18,64,103
06/25/2012,DEC,IL,AGL,CE,Federal Contract Tower,0,15,10,0,25,0,0,34,0,34,0,15,44,0,59,51,0,51,110
06/26/2012,DEC,IL,AGL,CE,Federal Contract Tower,0,13,13,2,28,0,0,31,42,73,0,13,44,44,101,32,47,79,180
06/27/2012,DEC,IL,AGL,CE,Federal Contract Tower,0,12,15,2,29,0,0,28,14,42,0,12,43,16,71,23,34,57,128
06/28/2012,DEC,IL,AGL,CE,Federal Contract Tower,0,12,14,4,30,0,0,19,8,27,0,12,33,12,57,45,26,71,128
06/29/2012,DEC,IL,AGL,CE,Federal Contract Tower,0,17,8,3,28,0,0,21,14,35,0,17,29,17,63,46,24,70,133
06/30/2012,DEC,IL,AGL,CE,Federal Contract Tower,0,5,4,0,9,0,0,19,0,19,0,5,23,0,28,58,0,58,86
07/01/2012,DEC,IL,AGL,CE,Federal Contract Tower,0,8,5,0,13,0,0,18,0,18,0,8,23,0,31,44,0,44,75
07/02/2012,DEC,IL,AGL,CE,Federal Contract Tower,0,12,5,0,17,0,0,21,5,26,0,12,26,5,43,39,15,54,97
07/03/2012,DEC,IL,AGL,CE,Federal Contract Tower,0,14,14,0,28,0,0,29,9,38,0,14,43,9,66,65,37,102,168
07/04/2012,DEC,IL,AGL,CE,Federal Contract Tower,0,8,3,0,11,0,0,14,0,14,0,8,17,0,25,14,0,14,39
07/05/2012,DEC,IL,AGL,CE,Federal Contract Tower,0,14,4,2,20,0,0,20,5,25,0,14,24,7,45,28,0,28,73
07/06/2012,DEC,IL,AGL,CE,Federal Contract Tower,0,12,6,0,18,0,0,18,0,18,0,12,24,0,36,39,0,39,75
07/07/2012,DEC,IL,AGL,CE,Federal Contract Tower,0,6,4,0,10,0,0,20,0,20,0,6,24,0,30,78,0,78,108
07/08/2012,DEC,IL,AGL,CE,Federal Contract Tower,0,10,8,0,18,0,0,22,2,24,0,10,30,2,42,48,0,48,90
07/09/2012,DEC,IL,AGL,CE,Federal Contract Tower,0,13,26,0,39,0,0,34,3,37,0,13,60,3,76,36,3,39,115
07/10/2012,DEC,IL,AGL,CE,Federal Contract Tower,0,12,9,4,25,0,0,23,15,38,0,12,32,19,63,50,38,88,151
07/11/2012,DEC,IL,AGL,CE,Federal Contract Tower,0,12,9,4,25,0,0,35,7,42,0,12,44,11,67,40,19,59,126
07/12/2012,DEC,IL,AGL,CE,Federal Contract Tower,0,12,17,1,30,0,0,23,6,29,0,12,40,7,59,66,18,84,143
07/13/2012,DEC,IL,AGL,CE,Federal Contract Tower,0,13,26,2,41,0,0,34,1,35,0,13,60,3,76,55,0,55,131
07/14/2012,DEC,IL,AGL,CE,Federal Contract Tower,0,5,4,2,11,0,0,25,7,32,0,5,29,9,43,70,4,74,117
07/15/2012,DEC,IL,AGL,CE,Federal Contract Tower,0,10,3,1,14,0,0,21,0,21,0,10,24,1,35,68,0,68,103
07/16/2012,DEC,IL,AGL,CE,Federal Contract Tower,0,11,11,0,22,0,0,28,0,28,0,11,39,0,50,59,0,59,109
07/17/2012,DEC,IL,AGL,CE,Federal Contract Tower,0,12,12,2,26,0,0,25,2,27,0,12,37,4,53,74,2,76,129
07/18/2012,DEC,IL,AGL,CE,Federal Contract Tower,0,12,8,2,22,0,0,20,3,23,0,12,28,5,45,28,3,31,76
07/19/2012,DEC,IL,AGL,CE,Federal Contract Tower,0,13,8,2,23,0,0,17,1,18,0,13,25,3,41,51,7,58,99
07/20/2012,DEC,IL,AGL,CE,Federal Contract Tower,0,15,8,3,26,0,0,20,3,23,0,15,28,6,49,66,11,77,126
07/21/2012,DEC,IL,AGL,CE,Federal Contract Tower,0,5,13,0,18,0,0,23,0,23,0,5,36,0,41,71,0,71,112
07/22/2012,DEC,IL,AGL,CE,Federal Contract Tower,0,8,2,0,10,0,0,29,0,29,0,8,31,0,39,56,0,56,95
07/23/2012,DEC,IL,AGL,CE,Federal Contract Tower,0,11,6,2,19,0,0,23,3,26,0,11,29,5,45,65,4,69,114
07/24/2012,DEC,IL,AGL,CE,Federal Contract Tower,0,12,20,2,34,0,0,22,5,27,0,12,42,7,61,35,14,49,110
07/25/2012,DEC,IL,AGL,CE,Federal Contract Tower,0,12,16,3,31,0,0,18,2,20,0,12,34,5,51,21,0,21,72
07/26/2012,DEC,IL,AGL,CE,Federal Contract Tower,0,13,8,0,21,0,0,29,8,37,0,13,37,8,58,68,11,79,137
07/27/2012,DEC,IL,AGL,CE,Federal Contract Tower,0,14,19,2,35,0,0,28,4,32,0,14,47,6,67,48,12,60,127
07/28/2012,DEC,IL,AGL,CE,Federal Contract Tower,0,5,0,0,5,0,0,30,0,30,0,5,30,0,35,64,0,64,99
07/29/2012,DEC,IL,AGL,CE,Federal Contract Tower,0,8,11,0,19,0,3,49,0,52,0,11,60,0,71,62,0,62,133
07/30/2012,DEC,IL,AGL,CE,Federal Contract Tower,0,11,7,2,20,0,0,37,2,39,0,11,44,4,59,51,2,53,112
07/31/2012,DEC,IL,AGL,CE,Federal Contract Tower,0,16,21,6,43,0,0,25,10,35,0,16,46,16,78,52,16,68,146
08/01/2012,DEC,IL,AGL,CE,Federal Contract Tower,0,16,10,2,28,0,0,44,7,51,0,16,54,9,79,73,27,100,179
08/02/2012,DEC,IL,AGL,CE,Federal Contract Tower,0,14,9,2,25,0,0,30,14,44,0,14,39,16,69,63,21,84,153
08/03/2012,DEC,IL,AGL,CE,Federal Contract Tower,0,13,8,6,27,0,0,33,11,44,0,13,41,17,71,62,16,78,149
08/04/2012,DEC,IL,AGL,CE,Federal Contract Tower,0,6,3,2,11,0,0,21,0,21,0,6,24,2,32,89,0,89,121
08/05/2012,DEC,IL,AGL,CE,Federal Contract Tower,0,8,9,2,19,0,0,23,2,25,0,8,32,4,44,63,10,73,117
08/06/2012,DEC,IL,AGL,CE,Federal Contract Tower,0,12,13,0,25,0,0,27,1,28,0,12,40,1,53,77,0,77,130
08/07/2012,DEC,IL,AGL,CE,Federal Contract Tower,0,15,14,2,31,0,0,37,24,61,0,15,51,26,92,44,95,139,231
08/08/2012,DEC,IL,AGL,CE,Federal Contract Tower,0,12,13,4,29,0,0,22,12,34,0,12,35,16,63,30,22,52,115
08/09/2012,DEC,IL,AGL,CE,Federal Contract Tower,0,12,15,0,27,0,0,14,18,32,0,12,29,18,59,30,32,62,121
08/10/2012,DEC,IL,AGL,CE,Federal Contract Tower,0,16,14,3,33,0,0,34,14,48,0,16,48,17,81,57,30,87,168
08/11/2012,DEC,IL,AGL,CE,Federal Contract Tower,0,7,3,0,10,0,0,25,4,29,0,7,28,4,39,50,0,50,89
08/12/2012,DEC,IL,AGL,CE,Federal Contract Tower,0,9,17,0,26,0,0,20,2,22,0,9,37,2,48,48,0,48,96
08/13/2012,DEC,IL,AGL,CE,Federal Contract Tower,0,13,9,2,24,0,0,24,11,35,0,13,33,13,59,69,32,101,160
08/14/2012,DEC,IL,AGL,CE,Federal Contract Tower,0,13,17,4,34,0,0,30,13,43,0,13,47,17,77,71,46,117,194
08/15/2012,DEC,IL,AGL,CE,Federal Contract Tower,0,14,18,0,32,0,0,28,3,31,0,14,46,3,63,56,2,58,121
08/16/2012,DEC,IL,AGL,CE,Federal Contract Tower,0,13,29,0,42,0,0,20,11,31,0,13,49,11,73,32,30,62,135
08/17/2012,DEC,IL,AGL,CE,Federal Contract Tower,0,11,10,2,23,0,0,22,21,43,0,11,32,23,66,31,48,79,145
08/18/2012,DEC,IL,AGL,CE,Federal Contract Tower,0,7,9,0,16,0,0,28,0,28,0,7,37,0,44,82,0,82,126
08/19/2012,DEC,IL,AGL,CE,Federal Contract Tower,0,10,10,0,20,0,0,22,0,22,0,10,32,0,42,68,0,68,110
08/20/2012,DEC,IL,AGL,CE,Federal Contract Tower,0,10,13,8,31,0,0,25,3,28,0,10,38,11,59,62,0,62,121
08/21/2012,DEC,IL,AGL,CE,Federal Contract Tower,0,11,8,8,27,0,0,25,17,42,0,11,33,25,69,71,33,104,173
08/22/2012,DEC,IL,AGL,CE,Federal Contract Tower,0,18,11,1,30,0,0,31,11,42,0,18,42,12,72,58,10,68,140
08/23/2012,DEC,IL,AGL,CE,Federal Contract Tower,0,12,10,2,24,0,0,22,22,44,0,12,32,24,68,42,32,74,142
08/24/2012,DEC,IL,AGL,CE,Federal Contract Tower,0,12,8,0,20,0,0,27,1,28,0,12,35,1,48,64,0,64,112
08/25/2012,DEC,IL,AGL,CE,Federal Contract Tower,0,5,9,0,14,0,0,30,16,46,0,5,39,16,60,53,4,57,117
08/26/2012,DEC,IL,AGL,CE,Federal Contract Tower,0,8,8,0,16,0,0,22,0,22,0,8,30,0,38,70,0,70,108
08/27/2012,DEC,IL,AGL,CE,Federal Contract Tower,0,11,7,4,22,0,0,21,6,27,0,11,28,10,49,46,12,58,107
08/28/2012,DEC,IL,AGL,CE,Federal Contract Tower,0,12,7,5,24,0,0,24,21,45,0,12,31,26,69,50,62,112,181
08/29/2012,DEC,IL,AGL,CE,Federal Contract Tower,0,13,18,2,33,0,0,17,6,23,0,13,35,8,56,28,20,48,104
08/30/2012,DEC,IL,AGL,CE,Federal Contract Tower,0,12,10,8,30,0,0,32,1,33,0,12,42,9,63,58,0,58,121
08/31/2012,DEC,IL,AGL,CE,Federal Contract Tower,0,13,5,0,18,0,0,19,0,19,0,13,24,0,37,32,0,32,69
09/01/2012,DEC,IL,AGL,CE,Federal Contract Tower,0,5,1,0,6,0,0,11,0,11,0,5,12,0,17,41,0,41,58
09/02/2012,DEC,IL,AGL,CE,Federal Contract Tower,0,8,1,1,10,0,0,10,1,11,0,8,11,2,21,83,0,83,104
09/03/2012,DEC,IL,AGL,CE,Federal Contract Tower,0,13,17,0,30,0,0,38,0,38,0,13,55,0,68,37,0,37,105
09/04/2012,DEC,IL,AGL,CE,Federal Contract Tower,0,12,18,5,35,0,0,16,11,27,0,12,34,16,62,60,12,72,134
09/05/2012,DEC,IL,AGL,CE,Federal Contract Tower,0,13,12,0,25,0,0,13,1,14,0,13,25,1,39,24,0,24,63
09/06/2012,DEC,IL,AGL,CE,Federal Contract Tower,0,12,5,3,20,0,0,20,28,48,0,12,25,31,68,43,30,73,141
09/07/2012,DEC,IL,AGL,CE,Federal Contract Tower,0,11,9,1,21,0,0,20,15,35,0,11,29,16,56,46,22,68,124
09/08/2012,DEC,IL,AGL,CE,Federal Contract Tower,0,9,6,18,33,0,0,28,11,39,0,9,34,29,72,50,34,84,156
09/09/2012,DEC,IL,AGL,CE,Federal Contract Tower,0,8,8,0,16,0,0,22,10,32,0,8,30,10,48,64,12,76,124
09/10/2012,DEC,IL,AGL,CE,Federal Contract Tower,0,11,12,21,44,0,0,22,6,28,0,11,34,27,72,52,28,80,152
09/11/2012,DEC,IL,AGL,CE,Federal Contract Tower,0,12,7,6,25,0,0,25,18,43,0,12,32,24,68,47,25,72,140
09/12/2012,DEC,IL,AGL,CE,Federal Contract Tower,0,15,19,2,36,0,0,23,4,27,0,15,42,6,63,44,0,44,107
09/13/2012,DEC,IL,AGL,CE,Federal Contract Tower,0,13,17,3,33,0,0,21,15,36,0,13,38,18,69,56,16,72,141
09/14/2012,DEC,IL,AGL,CE,Federal Contract Tower,0,13,14,2,29,0,0,22,9,31,0,13,36,11,60,62,16,78,138
09/15/2012,DEC,IL,AGL,CE,Federal Contract Tower,0,6,1,0,7,0,0,26,2,28,0,6,27,2,35,86,0,86,121
09/16/2012,DEC,IL,AGL,CE,Federal Contract Tower,0,8,7,0,15,0,0,38,0,38,0,8,45,0,53,45,0,45,98
09/17/2012,DEC,IL,AGL,CE,Federal Contract Tower,0,13,9,0,22,0,0,8,0,8,0,13,17,0,30,18,0,18,48
09/18/2012,DEC,IL,AGL,CE,Federal Contract Tower,0,13,10,3,26,0,0,15,23,38,0,13,25,26,64,24,12,36,100
09/19/2012,DEC,IL,AGL,CE,Federal Contract Tower,0,16,7,5,28,0,0,31,10,41,0,16,38,15,69,88,10,98,167
09/20/2012,DEC,IL,AGL,CE,Federal Contract Tower,0,15,18,3,36,0,0,31,14,45,0,15,49,17,81,65,57,122,203
09/21/2012,DEC,IL,AGL,CE,Federal Contract Tower,0,13,18,0,31,0,0,19,8,27,0,13,37,8,58,50,4,54,112
09/22/2012,DEC,IL,AGL,CE,Federal Contract Tower,0,8,4,0,12,0,0,30,0,30,0,8,34,0,42,39,0,39,81
09/23/2012,DEC,IL,AGL,CE,Federal Contract Tower,0,8,5,0,13,0,0,30,0,30,0,8,35,0,43,38,0,38,81
09/24/2012,DEC,IL,AGL,CE,Federal Contract Tower,0,12,17,1,30,0,0,29,6,35,0,12,46,7,65,21,9,30,95
09/25/2012,DEC,IL,AGL,CE,Federal Contract Tower,0,16,2,4,22,0,0,8,15,23,0,16,10,19,45,22,2,24,69
09/26/2012,DEC,IL,AGL,CE,Federal Contract Tower,0,18,15,2,35,0,0,23,0,23,0,18,38,2,58,50,0,50,108
09/27/2012,DEC,IL,AGL,CE,Federal Contract Tower,0,12,12,3,27,0,0,28,7,35,0,12,40,10,62,78,20,98,160
09/28/2012,DEC,IL,AGL,CE,Federal Contract Tower,0,12,12,5,29,0,0,29,4,33,0,12,41,9,62,74,14,88,150
09/29/2012,DEC,IL,AGL,CE,Federal Contract Tower,0,5,7,0,12,0,0,32,4,36,0,5,39,4,48,45,0,45,93
09/30/2012,DEC,IL,AGL,CE,Federal Contract Tower,0,8,7,0,15,0,0,39,0,39,0,8,46,0,54,49,0,49,103
10/01/2012,DEC,IL,AGL,CE,Federal Contract Tower,0,12,11,0,23,0,0,20,0,20,0,12,31,0,43,44,0,44,87
10/02/2012,DEC,IL,AGL,CE,Federal Contract Tower,0,13,15,4,32,0,0,14,18,32,0,13,29,22,64,24,18,42,106
10/03/2012,DEC,IL,AGL,CE,Federal Contract Tower,0,14,19,12,45,0,0,38,5,43,0,14,57,17,88,71,16,87,175
10/04/2012,DEC,IL,AGL,CE,Federal Contract Tower,0,12,14,4,30,0,0,27,10,37,0,12,41,14,67,76,15,91,158
10/05/2012,DEC,IL,AGL,CE,Federal Contract Tower,0,14,7,2,23,0,0,18,0,18,0,14,25,2,41,48,0,48,89
10/06/2012,DEC,IL,AGL,CE,Federal Contract Tower,0,7,7,2,16,0,0,26,0,26,0,7,33,2,42,53,0,53,95
10/07/2012,DEC,IL,AGL,CE,Federal Contract Tower,0,8,1,0,9,0,0,26,4,30,0,8,27,4,39,65,24,89,128
10/08/2012,DEC,IL,AGL,CE,Federal Contract Tower,0,12,4,0,16,0,0,23,0,23,0,12,27,0,39,50,0,50,89
10/09/2012,DEC,IL,AGL,CE,Federal Contract Tower,0,13,10,4,27,0,0,13,20,33,0,13,23,24,60,19,48,67,127
10/10/2012,DEC,IL,AGL,CE,Federal Contract Tower,0,12,7,2,21,0,0,22,7,29,0,12,29,9,50,48,14,62,112
10/11/2012,DEC,IL,AGL,CE,Federal Contract Tower,0,14,11,3,28,0,0,42,21,63,0,14,53,24,91,86,49,135,226
10/12/2012,DEC,IL,AGL,CE,Federal Contract Tower,0,12,16,2,30,0,0,27,21,48,0,12,43,23,78,67,39,106,184
10/13/2012,DEC,IL,AGL,CE,Federal Contract Tower,0,6,1,0,7,0,0,13,11,24,0,6,14,11,31,53,28,81,112
10/14/2012,DEC,IL,AGL,CE,Federal Contract Tower,0,7,4,2,13,0,0,9,13,22,0,7,13,15,35,15,56,71,106
10/15/2012,DEC,IL,AGL,CE,Federal Contract Tower,0,9,21,10,40,0,0,20,0,20,0,9,41,10,60,38,12,50,110
10/16/2012,DEC,IL,AGL,CE,Federal Contract Tower,0,13,12,4,29,0,0,13,15,28,0,13,25,19,57,24,25,49,106
10/17/2012,DEC,IL,AGL,CE,Federal Contract Tower,0,13,15,4,32,0,0,17,3,20,0,13,32,7,52,29,0,29,81
10/18/2012,DEC,IL,AGL,CE,Federal Contract Tower,0,12,12,4,28,0,0,22,5,27,0,12,34,9,55,49,0,49,104
10/19/2012,DEC,IL,AGL,CE,Federal Contract Tower,0,12,10,4,26,0,0,17,5,22,0,12,27,9,48,57,0,57,105
10/20/2012,DEC,IL,AGL,CE,Federal Contract Tower,0,5,15,1,21,0,0,31,2,33,0,5,46,3,54,62,0,62,116
10/21/2012,DEC,IL,AGL,CE,Federal Contract Tower,0,8,13,0,21,0,0,35,3,38,0,8,48,3,59,49,8,57,116
10/22/2012,DEC,IL,AGL,CE,Federal Contract Tower,0,9,7,2,18,0,0,14,6,20,0,9,21,8,38,22,3,25,63
10/23/2012,DEC,IL,AGL,CE,Federal Contract Tower,0,11,16,5,32,0,0,18,11,29,0,11,34,16,61,41,20,61,122
10/24/2012,DEC,IL,AGL,CE,Federal Contract Tower,0,11,16,2,29,0,0,31,8,39,0,11,47,10,68,72,10,82,150
10/25/2012,DEC,IL,AGL,CE,Federal Contract Tower,0,12,7,3,22,0,0,15,6,21,0,12,22,9,43,29,11,40,83
10/26/2012,DEC,IL,AGL,CE,Federal Contract Tower,0,13,10,2,25,0,0,22,8,30,0,13,32,10,55,66,28,94,149
10/27/2012,DEC,IL,AGL,CE,Federal Contract Tower,0,5,11,0,16,0,0,33,0,33,0,5,44,0,49,54,0,54,103
10/28/2012,DEC,IL,AGL,CE,Federal Contract Tower,0,9,8,0,17,0,0,23,0,23,0,9,31,0,40,56,0,56,96
10/29/2012,DEC,IL,AGL,CE,Federal Contract Tower,0,12,6,2,20,0,0,19,0,19,0,12,25,2,39,42,0,42,81
10/30/2012,DEC,IL,AGL,CE,Federal Contract Tower,0,9,10,3,22,0,0,10,17,27,0,9,20,20,49,18,36,54,103
10/31/2012,DEC,IL,AGL,CE,Federal Contract Tower,0,16,8,3,27,0,0,20,12,32,0,16,28,15,59,51,22,73,132
11/01/2012,DEC,IL,AGL,CE,Federal Contract Tower,0,12,21,5,38,0,0,24,15,39,0,12,45,20,77,68,65,133,210
11/02/2012,DEC,IL,AGL,CE,Federal Contract Tower,0,14,18,5,37,0,0,13,18,31,0,14,31,23,68,38,20,58,126
11/03/2012,DEC,IL,AGL,CE,Federal Contract Tower,0,5,2,0,7,0,0,13,13,26,0,5,15,13,33,23,40,63,96
11/04/2012,DEC,IL,AGL,CE,Federal Contract Tower,0,8,11,3,22,0,0,30,14,44,0,8,41,17,66,45,26,71,137
11/05/2012,DEC,IL,AGL,CE,Federal Contract Tower,0,12,3,2,17,0,0,15,4,19,0,12,18,6,36,28,4,32,68
11/06/2012,DEC,IL,AGL,CE,Federal Contract Tower,0,12,14,2,28,0,0,9,7,16,0,12,23,9,44,7,49,56,100
11/07/2012,DEC,IL,AGL,CE,Federal Contract Tower,0,12,6,2,20,0,0,15,0,15,0,12,21,2,35,30,0,30,65
11/08/2012,DEC,IL,AGL,CE,Federal Contract Tower,1,12,6,0,19,0,0,22,1,23,1,12,28,1,42,73,0,73,115
11/09/2012,DEC,IL,AGL,CE,Federal Contract Tower,0,14,11,1,26,0,0,22,20,42,0,14,33,21,68,47,20,67,135
11/10/2012,DEC,IL,AGL,CE,Federal Contract Tower,1,4,5,0,10,0,0,22,0,22,1,4,27,0,32,52,0,52,84
11/11/2012,DEC,IL,AGL,CE,Federal Contract Tower,0,8,5,0,13,0,0,12,0,12,0,8,17,0,25,12,0,12,37
11/12/2012,DEC,IL,AGL,CE,Federal Contract Tower,0,12,15,0,27,0,0,18,0,18,0,12,33,0,45,54,0,54,99
11/13/2012,DEC,IL,AGL,CE,Federal Contract Tower,0,14,18,3,35,0,0,19,11,30,0,14,37,14,65,40,12,52,117
11/14/2012,DEC,IL,AGL,CE,Federal Contract Tower,0,11,9,2,22,0,0,28,8,36,0,11,37,10,58,44,30,74,132
11/15/2012,DEC,IL,AGL,CE,Federal Contract Tower,0,12,12,4,28,0,0,26,14,40,0,12,38,18,68,82,44,126,194
11/16/2012,DEC,IL,AGL,CE,Federal Contract Tower,0,13,15,2,30,0,0,28,9,37,0,13,43,11,67,70,26,96,163
11/17/2012,DEC,IL,AGL,CE,Federal Contract Tower,0,5,2,0,7,0,0,31,0,31,0,5,33,0,38,90,0,90,128
11/18/2012,DEC,IL,AGL,CE,Federal Contract Tower,0,8,4,0,12,0,0,35,0,35,0,8,39,0,47,44,0,44,91
11/19/2012,DEC,IL,AGL,CE,Federal Contract Tower,0,11,12,6,29,0,0,15,1,16,0,11,27,7,45,40,8,48,93
11/20/2012,DEC,IL,AGL,CE,Federal Contract Tower,0,12,17,8,37,0,0,16,22,38,0,12,33,30,75,25,52,77,152
11/21/2012,DEC,IL,AGL,CE,Federal Contract Tower,0,13,7,0,20,0,0,16,0,16,0,13,23,0,36,38,0,38,74
11/22/2012,DEC,IL,AGL,CE,Federal Contract Tower,0,12,0,0,12,0,0,17,0,17,0,12,17,0,29,33,0,33,62
11/23/2012,DEC,IL,AGL,CE,Federal Contract Tower,0,14,2,0,16,0,0,19,0,19,0,14,21,0,35,46,0,46,81
11/24/2012,DEC,IL,AGL,CE,Federal Contract Tower,0,6,3,0,9,0,0,23,2,25,0,6,26,2,34,49,0,49,83
11/25/2012,DEC,IL,AGL,CE,Federal Contract Tower,0,11,6,0,17,0,0,22,0,22,0,11,28,0,39,40,0,40,79
11/26/2012,DEC,IL,AGL,CE,Federal Contract Tower,0,12,4,0,16,0,0,25,0,25,0,12,29,0,41,54,0,54,95
11/27/2012,DEC,IL,AGL,CE,Federal Contract Tower,0,16,6,3,25,0,0,24,19,43,0,16,30,22,68,46,16,62,130
11/28/2012,DEC,IL,AGL,CE,Federal Contract Tower,0,12,2,0,14,0,0,25,11,36,0,12,27,11,50,36,40,76,126
11/29/2012,DEC,IL,AGL,CE,Federal Contract Tower,0,14,15,5,34,0,0,22,22,44,0,14,37,27,78,55,63,118,196
11/30/2012,DEC,IL,AGL,CE,Federal Contract Tower,0,15,6,10,31,0,0,20,20,40,0,15,26,30,71,50,64,114,185
12/01/2012,DEC,IL,AGL,CE,Federal Contract Tower,0,5,6,2,13,0,0,23,0,23,0,5,29,2,36,65,0,65,101
12/02/2012,DEC,IL,AGL,CE,Federal Contract Tower,0,8,2,2,12,0,0,23,0,23,0,8,25,2,35,41,0,41,76
12/03/2012,DEC,IL,AGL,CE,Federal Contract Tower,0,16,15,4,35,0,0,14,0,14,0,16,29,4,49,23,0,23,72
12/04/2012,DEC,IL,AGL,CE,Federal Contract Tower,0,13,21,5,39,0,0,19,21,40,0,13,40,26,79,36,78,114,193
12/05/2012,DEC,IL,AGL,CE,Federal Contract Tower,0,12,11,7,30,0,0,28,9,37,0,12,39,16,67,46,7,53,120
12/06/2012,DEC,IL,AGL,CE,Federal Contract Tower,0,13,7,5,25,0,0,31,14,45,0,13,38,19,70,78,32,110,180
12/07/2012,DEC,IL,AGL,CE,Federal Contract Tower,0,13,14,2,29,0,0,4,0,4,0,13,18,2,33,0,0,0,33
12/08/2012,DEC,IL,AGL,CE,Federal Contract Tower,0,7,3,0,10,0,0,7,16,23,0,7,10,16,33,24,34,58,91
12/09/2012,DEC,IL,AGL,CE,Federal Contract Tower,0,8,9,0,17,0,0,0,0,0,0,8,9,0,17,0,0,0,17
12/10/2012,DEC,IL,AGL,CE,Federal Contract Tower,0,12,15,2,29,0,0,9,0,9,0,12,24,2,38,33,0,33,71
12/11/2012,DEC,IL,AGL,CE,Federal Contract Tower,0,13,13,3,29,0,0,18,34,52,0,13,31,37,81,52,16,68,149
12/12/2012,DEC,IL,AGL,CE,Federal Contract Tower,0,13,6,2,21,0,0,36,10,46,0,13,42,12,67,52,24,76,143
12/13/2012,DEC,IL,AGL,CE,Federal Contract Tower,0,13,6,3,22,0,0,38,24,62,0,13,44,27,84,59,62,121,205
12/14/2012,DEC,IL,AGL,CE,Federal Contract Tower,0,13,7,4,24,0,0,19,14,33,0,13,26,18,57,46,30,76,133
12/15/2012,DEC,IL,AGL,CE,Federal Contract Tower,0,5,7,0,12,0,0,5,4,9,0,5,12,4,21,0,0,0,21
12/16/2012,DEC,IL,AGL,CE,Federal Contract Tower,0,8,2,0,10,0,0,10,6,16,0,8,12,6,26,28,4,32,58
12/17/2012,DEC,IL,AGL,CE,Federal Contract Tower,0,14,7,6,27,0,0,9,0,9,0,14,16,6,36,7,0,7,43
12/18/2012,DEC,IL,AGL,CE,Federal Contract Tower,0,14,5,4,23,0,0,14,35,49,0,14,19,39,72,20,66,86,158
12/19/2012,DEC,IL,AGL,CE,Federal Contract Tower,0,17,10,6,33,0,0,10,10,20,0,17,20,16,53,38,20,58,111
12/20/2012,DEC,IL,AGL,CE,Federal Contract Tower,0,7,1,0,8,0,0,1,0,1,0,7,2,0,9,0,0,0,9
12/21/2012,DEC,IL,AGL,CE,Federal Contract Tower,0,14,2,0,16,0,0,20,0,20,0,14,22,0,36,44,0,44,80
12/22/2012,DEC,IL,AGL,CE,Federal Contract Tower,0,8,8,0,16,0,0,39,4,43,0,8,47,4,59,60,12,72,131
12/23/2012,DEC,IL,AGL,CE,Federal Contract Tower,0,11,2,0,13,0,0,46,0,46,0,11,48,0,59,44,0,44,103
12/24/2012,DEC,IL,AGL,CE,Federal Contract Tower,0,11,1,0,12,0,0,10,0,10,0,11,11,0,22,32,0,32,54
12/25/2012,DEC,IL,AGL,CE,Federal Contract Tower,0,11,4,0,15,0,0,15,0,15,0,11,19,0,30,34,0,34,64
12/26/2012,DEC,IL,AGL,CE,Federal Contract Tower,0,15,2,3,20,0,0,19,3,22,0,15,21,6,42,47,20,67,109
12/27/2012,DEC,IL,AGL,CE,Federal Contract Tower,0,13,4,2,19,0,0,16,9,25,0,13,20,11,44,33,50,83,127
12/28/2012,DEC,IL,AGL,CE,Federal Contract Tower,0,13,5,0,18,0,0,20,6,26,0,13,25,6,44,42,24,66,110
12/29/2012,DEC,IL,AGL,CE,Federal Contract Tower,0,6,1,0,7,0,0,13,0,13,0,6,14,0,20,22,0,22,42
12/30/2012,DEC,IL,AGL,CE,Federal Contract Tower,0,10,0,0,10,0,0,20,0,20,0,10,20,0,30,28,0,28,58
12/31/2012,DEC,IL,AGL,CE,Federal Contract Tower,0,9,0,0,9,0,0,11,0,11,0,9,11,0,20,18,0,18,38
01/01/2013,DEC,IL,AGL,CE,Federal Contract Tower,0,12,1,0,13,0,0,18,0,18,0,12,19,0,31,59,0,59,90
01/02/2013,DEC,IL,AGL,CE,Federal Contract Tower,0,13,3,2,18,0,0,19,12,31,0,13,22,14,49,28,50,78,127
01/03/2013,DEC,IL,AGL,CE,Federal Contract Tower,0,13,7,9,29,0,0,14,25,39,0,13,21,34,68,26,72,98,166
01/04/2013,DEC,IL,AGL,CE,Federal Contract Tower,0,12,5,6,23,0,0,25,27,52,0,12,30,33,75,42,44,86,161
01/05/2013,DEC,IL,AGL,CE,Federal Contract Tower,0,5,3,0,8,0,0,15,14,29,0,5,18,14,37,30,6,36,73
01/06/2013,DEC,IL,AGL,CE,Federal Contract Tower,0,8,6,2,16,0,0,9,2,11,0,8,15,4,27,18,0,18,45
01/07/2013,DEC,IL,AGL,CE,Federal Contract Tower,0,11,5,2,18,0,0,19,0,19,0,11,24,2,37,58,0,58,95
01/08/2013,DEC,IL,AGL,CE,Federal Contract Tower,0,13,6,2,21,0,0,26,18,44,0,13,32,20,65,43,54,97,162
01/09/2013,DEC,IL,AGL,CE,Federal Contract Tower,0,14,10,7,31,0,0,25,20,45,0,14,35,27,76,48,32,80,156
01/10/2013,DEC,IL,AGL,CE,Federal Contract Tower,0,14,3,2,19,0,0,7,0,7,0,14,10,2,26,23,0,23,49
01/11/2013,DEC,IL,AGL,CE,Federal Contract Tower,0,13,10,2,25,0,0,27,7,34,0,13,37,9,59,48,22,70,129
01/12/2013,DEC,IL,AGL,CE,Federal Contract Tower,0,5,3,0,8,0,0,23,2,25,0,5,26,2,33,22,0,22,55
01/13/2013,DEC,IL,AGL,CE,Federal Contract Tower,0,10,4,0,14,0,0,9,0,9,0,10,13,0,23,16,0,16,39
01/14/2013,DEC,IL,AGL,CE,Federal Contract Tower,0,11,6,2,19,0,0,24,11,35,0,11,30,13,54,50,0,50,104
01/15/2013,DEC,IL,AGL,CE,Federal Contract Tower,0,13,9,2,24,0,0,22,20,42,0,13,31,22,66,24,44,68,134
01/16/2013,DEC,IL,AGL,CE,Federal Contract Tower,0,12,10,7,29,0,0,23,20,43,0,12,33,27,72,38,36,74,146
01/17/2013,DEC,IL,AGL,CE,Federal Contract Tower,0,12,11,2,25,0,0,25,15,40,0,12,36,17,65,65,58,123,188
01/18/2013,DEC,IL,AGL,CE,Federal Contract Tower,0,12,8,6,26,0,0,20,5,25,0,12,28,11,51,40,14,54,105
01/19/2013,DEC,IL,AGL,CE,Federal Contract Tower,0,5,2,0,7,0,0,12,0,12,0,5,14,0,19,23,0,23,42
01/20/2013,DEC,IL,AGL,CE,Federal Contract Tower,0,8,0,0,8,0,0,12,0,12,0,8,12,0,20,78,0,78,98
01/21/2013,DEC,IL,AGL,CE,Federal Contract Tower,0,12,4,0,16,0,0,18,0,18,0,12,22,0,34,33,0,33,67
01/22/2013,DEC,IL,AGL,CE,Federal Contract Tower,0,11,4,4,19,0,0,23,24,47,0,11,27,28,66,46,64,110,176
01/23/2013,DEC,IL,AGL,CE,Federal Contract Tower,0,14,3,9,26,0,0,24,13,37,0,14,27,22,63,88,22,110,173
01/24/2013,DEC,IL,AGL,CE,Federal Contract Tower,0,14,9,11,34,0,0,18,15,33,0,14,27,26,67,78,41,119,186
01/25/2013,DEC,IL,AGL,CE,Federal Contract Tower,0,14,5,3,22,0,0,12,9,21,0,14,17,12,43,24,38,62,105
01/26/2013,DEC,IL,AGL,CE,Federal Contract Tower,0,5,14,0,19,0,0,37,2,39,0,5,51,2,58,103,0,103,161
01/27/2013,DEC,IL,AGL,CE,Federal Contract Tower,0,0,1,0,1,0,0,8,0,8,0,0,9,0,9,10,0,10,19
01/28/2013,DEC,IL,AGL,CE,Federal Contract Tower,0,18,16,6,40,0,0,16,0,16,0,18,32,6,56,30,0,30,86
01/29/2013,DEC,IL,AGL,CE,Federal Contract Tower,0,10,21,2,33,0,0,13,8,21,0,10,34,10,54,32,6,38,92
01/30/2013,DEC,IL,AGL,CE,Federal Contract Tower,0,12,4,5,21,0,0,8,12,20,0,12,12,17,41,24,38,62,103
01/31/2013,DEC,IL,AGL,CE,Federal Contract Tower,0,16,11,1,28,0,0,21,14,35,0,16,32,15,63,80,36,116,179
02/01/2013,DEC,IL,AGL,CE,Federal Contract Tower,0,13,14,2,29,0,0,21,12,33,0,13,35,14,62,50,21,71,133
02/02/2013,DEC,IL,AGL,CE,Federal Contract Tower,0,6,6,0,12,0,0,8,6,14,0,6,14,6,26,8,6,14,40
02/03/2013,DEC,IL,AGL,CE,Federal Contract Tower,0,8,12,2,22,0,0,13,4,17,0,8,25,6,39,35,4,39,78
02/04/2013,DEC,IL,AGL,CE,Federal Contract Tower,0,11,3,0,14,0,0,17,5,22,0,11,20,5,36,48,6,54,90
02/05/2013,DEC,IL,AGL,CE,Federal Contract Tower,0,12,18,3,33,0,0,22,24,46,0,12,40,27,79,27,68,95,174
02/06/2013,DEC,IL,AGL,CE,Federal Contract Tower,0,12,3,0,15,0,0,20,12,32,0,12,23,12,47,72,45,117,164
02/07/2013,DEC,IL,AGL,CE,Federal Contract Tower,0,11,7,0,18,0,0,9,3,12,0,11,16,3,30,25,0,25,55
02/08/2013,DEC,IL,AGL,CE,Federal Contract Tower,0,15,12,2,29,0,0,17,15,32,0,15,29,17,61,47,37,84,145
02/09/2013,DEC,IL,AGL,CE,Federal Contract Tower,0,5,5,4,14,0,0,23,10,33,0,5,28,14,47,46,4,50,97
02/10/2013,DEC,IL,AGL,CE,Federal Contract Tower,0,9,2,8,19,0,0,9,8,17,0,9,11,16,36,4,52,56,92
02/11/2013,DEC,IL,AGL,CE,Federal Contract Tower,0,12,6,22,40,0,0,17,10,27,0,12,23,32,67,52,14,66,133
02/12/2013,DEC,IL,AGL,CE,Federal Contract Tower,0,12,11,5,28,0,0,25,18,43,0,12,36,23,71,42,32,74,145
02/13/2013,DEC,IL,AGL,CE,Federal Contract Tower,0,16,8,2,26,0,0,18,12,30,0,16,26,14,56,32,50,82,138
02/14/2013,DEC,IL,AGL,CE,Federal Contract Tower,0,13,5,0,18,0,0,28,20,48,0,13,33,20,66,86,37,123,189
02/15/2013,DEC,IL,AGL,CE,Federal Contract Tower,0,12,12,0,24,0,0,21,8,29,0,12,33,8,53,41,12,53,106
02/16/2013,DEC,IL,AGL,CE,Federal Contract Tower,0,5,8,0,13,0,0,22,0,22,0,5,30,0,35,23,0,23,58
02/17/2013,DEC,IL,AGL,CE,Federal Contract Tower,0,10,5,2,17,0,0,35,0,35,0,10,40,2,52,39,0,39,91
02/18/2013,DEC,IL,AGL,CE,Federal Contract Tower,0,11,2,0,13,0,0,21,0,21,0,11,23,0,34,46,0,46,80
02/19/2013,DEC,IL,AGL,CE,Federal Contract Tower,0,13,7,0,20,0,0,20,15,35,0,13,27,15,55,32,45,77,132
02/20/2013,DEC,IL,AGL,CE,Federal Contract Tower,0,12,12,0,24,0,0,13,20,33,0,12,25,20,57,55,27,82,139
02/21/2013,DEC,IL,AGL,CE,Federal Contract Tower,0,7,10,0,17,0,0,11,11,22,0,7,21,11,39,37,32,69,108
02/22/2013,DEC,IL,AGL,CE,Federal Contract Tower,0,12,2,0,14,0,0,7,16,23,0,12,9,16,37,9,41,50,87
02/23/2013,DEC,IL,AGL,CE,Federal Contract Tower,0,7,5,0,12,0,0,22,0,22,0,7,27,0,34,42,0,42,76
02/24/2013,DEC,IL,AGL,CE,Federal Contract Tower,0,0,6,12,18,0,0,34,2,36,0,0,40,14,54,39,0,39,93
02/25/2013,DEC,IL,AGL,CE,Federal Contract Tower,0,11,9,0,20,0,0,23,16,39,0,11,32,16,59,58,32,90,149
02/26/2013,DEC,IL,AGL,CE,Federal Contract Tower,0,11,14,0,25,0,0,4,0,4,0,11,18,0,29,0,0,0,29
02/27/2013,DEC,IL,AGL,CE,Federal Contract Tower,0,11,4,0,15,0,0,3,0,3,0,11,7,0,18,14,0,14,32
02/28/2013,DEC,IL,AGL,CE,Federal Contract Tower,0,13,6,2,21,0,0,11,12,23,0,13,17,14,44,26,65,91,135
03/01/2013,DEC,IL,AGL,CE,Federal Contract Tower,0,13,5,2,20,0,0,13,2,15,0,13,18,4,35,45,4,49,84
03/02/2013,DEC,IL,AGL,CE,Federal Contract Tower,0,6,0,2,8,0,0,19,0,19,0,6,19,2,27,48,0,48,75
03/03/2013,DEC,IL,AGL,CE,Federal Contract Tower,0,10,7,2,19,0,0,28,0,28,0,10,35,2,47,70,0,70,117
03/04/2013,DEC,IL,AGL,CE,Federal Contract Tower,0,11,6,1,18,0,0,19,6,25,0,11,25,7,43,68,12,80,123
03/05/2013,DEC,IL,AGL,CE,Federal Contract Tower,0,8,7,0,15,0,0,13,0,13,0,8,20,0,28,31,0,31,59
03/06/2013,DEC,IL,AGL,CE,Federal Contract Tower,0,13,16,0,29,0,0,20,20,40,0,13,36,20,69,68,84,152,221
03/07/2013,DEC,IL,AGL,CE,Federal Contract Tower,0,13,13,4,30,0,0,25,24,49,0,13,38,28,79,66,65,131,210
03/08/2013,DEC,IL,AGL,CE,Federal Contract Tower,0,16,9,2,27,0,0,31,12,43,0,16,40,14,70,125,29,154,224
03/09/2013,DEC,IL,AGL,CE,Federal Contract Tower,0,6,9,0,15,0,0,22,6,28,0,6,31,6,43,44,0,44,87
03/10/2013,DEC,IL,AGL,CE,Federal Contract Tower,0,8,1,1,10,0,0,11,10,21,0,8,12,11,31,24,6,30,61
03/11/2013,DEC,IL,AGL,CE,Federal Contract Tower,0,12,4,2,18,0,0,16,19,35,0,12,20,21,53,21,48,69,122
03/12/2013,DEC,IL,AGL,CE,Federal Contract Tower,0,11,8,2,21,0,0,24,22,46,0,11,32,24,67,44,74,118,185
03/13/2013,DEC,IL,AGL,CE,Federal Contract Tower,0,12,16,9,37,0,0,34,31,65,0,12,50,40,102,57,66,123,225
03/14/2013,DEC,IL,AGL,CE,Federal Contract Tower,0,13,16,6,35,0,0,21,35,56,0,13,37,41,91,67,86,153,244
03/15/2013,DEC,IL,AGL,CE,Federal Contract Tower,0,12,11,6,29,0,0,26,16,42,0,12,37,22,71,62,38,100,171
03/16/2013,DEC,IL,AGL,CE,Federal Contract Tower,0,5,4,0,9,0,0,0,0,0,0,5,4,0,9,0,0,0,9
03/17/2013,DEC,IL,AGL,CE,Federal Contract Tower,0,8,5,0,13,0,0,23,0,23,0,8,28,0,36,53,0,53,89
03/18/2013,DEC,IL,AGL,CE,Federal Contract Tower,0,13,5,7,25,0,0,16,3,19,0,13,21,10,44,48,12,60,104
03/19/2013,DEC,IL,AGL,CE,Federal Contract Tower,0,15,10,3,28,0,0,29,23,52,0,15,39,26,80,72,58,130,210
03/20/2013,DEC,IL,AGL,CE,Federal Contract Tower,0,16,8,3,27,0,0,30,10,40,0,16,38,13,67,47,8,55,122
03/21/2013,DEC,IL,AGL,CE,Federal Contract Tower,0,13,7,3,23,0,0,37,19,56,0,13,44,22,79,120,15,135,214
03/22/2013,DEC,IL,AGL,CE,Federal Contract Tower,0,13,10,0,23,0,0,34,32,66,0,13,44,32,89,48,42,90,179
03/23/2013,DEC,IL,AGL,CE,Federal Contract Tower,0,6,2,0,8,0,0,34,15,49,0,6,36,15,57,78,12,90,147
03/24/2013,DEC,IL,AGL,CE,Federal Contract Tower,0,0,3,0,3,0,0,4,0,4,0,0,7,0,7,0,0,0,7
03/25/2013,DEC,IL,AGL,CE,Federal Contract Tower,0,8,8,0,16,0,0,11,2,13,0,8,19,2,29,6,0,6,35
03/26/2013,DEC,IL,AGL,CE,Federal Contract Tower,0,12,2,2,16,0,0,18,18,36,0,12,20,20,52,46,34,80,132
03/27/2013,DEC,IL,AGL,CE,Federal Contract Tower,0,11,7,2,20,0,0,33,11,44,0,11,40,13,64,88,14,102,166
03/28/2013,DEC,IL,AGL,CE,Federal Contract Tower,0,13,11,4,28,0,0,38,31,69,0,13,49,35,97,57,40,97,194
03/29/2013,DEC,IL,AGL,CE,Federal Contract Tower,0,13,2,2,17,0,0,23,6,29,0,13,25,8,46,46,0,46,92
03/30/2013,DEC,IL,AGL,CE,Federal Contract Tower,0,8,8,0,16,0,0,51,0,51,0,8,59,0,67,66,0,66,133
03/31/2013,DEC,IL,AGL,CE,Federal Contract Tower,0,8,6,0,14,0,0,22,0,22,0,8,28,0,36,28,0,28,64
04/01/2013,DEC,IL,AGL,CE,Federal Contract Tower,0,16,16,2,34,0,0,35,0,35,0,16,51,2,69,73,0,73,142
04/02/2013,DEC,IL,AGL,CE,Federal Contract Tower,0,11,8,2,21,0,0,30,21,51,0,11,38,23,72,115,26,141,213
04/03/2013,DEC,IL,AGL,CE,Federal Contract Tower,0,14,7,4,25,0,0,32,16,48,0,14,39,20,73,71,52,123,196
04/04/2013,DEC,IL,AGL,CE,Federal Contract Tower,0,12,10,6,28,0,0,29,24,53,0,12,39,30,81,85,39,124,205
04/05/2013,DEC,IL,AGL,CE,Federal Contract Tower,0,13,17,7,37,0,0,50,9,59,0,13,67,16,96,20,12,32,128
04/06/2013,DEC,IL,AGL,CE,Federal Contract Tower,0,5,6,2,13,0,0,15,6,21,0,5,21,8,34,26,0,26,60
04/07/2013,DEC,IL,AGL,CE,Federal Contract Tower,0,8,5,2,15,0,0,38,2,40,0,8,43,4,55,54,0,54,109
04/08/2013,DEC,IL,AGL,CE,Federal Contract Tower,0,13,10,3,26,0,0,24,12,36,0,13,34,15,62,60,38,98,160
04/09/2013,DEC,IL,AGL,CE,Federal Contract Tower,0,14,5,2,21,0,0,23,26,49,0,14,28,28,70,58,58,116,186
04/10/2013,DEC,IL,AGL,CE,Federal Contract Tower,0,8,2,2,12,0,0,13,4,17,0,8,15,6,29,34,6,40,69
04/11/2013,DEC,IL,AGL,CE,Federal Contract Tower,0,13,7,4,24,0,0,8,10,18,0,13,15,14,42,13,41,54,96
04/12/2013,DEC,IL,AGL,CE,Federal Contract Tower,0,12,10,12,34,0,0,18,14,32,0,12,28,26,66,16,18,34,100
04/13/2013,DEC,IL,AGL,CE,Federal Contract Tower,0,5,2,0,7,0,0,15,12,27,0,5,17,12,34,36,20,56,90
04/14/2013,DEC,IL,AGL,CE,Federal Contract Tower,0,10,7,0,17,0,0,20,0,20,0,10,27,0,37,50,0,50,87
04/15/2013,DEC,IL,AGL,CE,Federal Contract Tower,0,13,17,2,32,0,0,14,4,18,0,13,31,6,50,40,16,56,106
04/16/2013,DEC,IL,AGL,CE,Federal Contract Tower,0,12,7,4,23,0,0,10,2,12,0,12,17,6,35,44,10,54,89
04/17/2013,DEC,IL,AGL,CE,Federal Contract Tower,0,11,14,1,26,0,0,7,0,7,0,11,21,1,33,14,0,14,47
04/18/2013,DEC,IL,AGL,CE,Federal Contract Tower,0,10,4,0,14,0,0,0,0,0,0,10,4,0,14,0,0,0,14
04/19/2013,DEC,IL,AGL,CE,Federal Contract Tower,0,12,3,0,15,0,0,11,4,15,0,12,14,4,30,17,10,27,57
04/20/2013,DEC,IL,AGL,CE,Federal Contract Tower,0,5,1,0,6,0,0,33,0,33,0,5,34,0,39,76,0,76,115
04/21/2013,DEC,IL,AGL,CE,Federal Contract Tower,0,8,7,3,18,0,0,21,0,21,0,8,28,3,39,36,0,36,75
04/22/2013,DEC,IL,AGL,CE,Federal Contract Tower,0,13,12,13,38,0,0,30,7,37,0,13,42,20,75,50,20,70,145
04/23/2013,DEC,IL,AGL,CE,Federal Contract Tower,0,16,12,10,38,0,0,10,11,21,0,16,22,21,59,40,34,74,133
04/24/2013,DEC,IL,AGL,CE,Federal Contract Tower,0,16,20,4,40,0,0,18,9,27,0,16,38,13,67,25,30,55,122
04/25/2013,DEC,IL,AGL,CE,Federal Contract Tower,0,13,21,2,36,0,0,25,24,49,0,13,46,26,85,53,37,90,175
04/26/2013,DEC,IL,AGL,CE,Federal Contract Tower,0,12,2,2,16,0,0,19,10,29,0,12,21,12,45,26,17,43,88
04/27/2013,DEC,IL,AGL,CE,Federal Contract Tower,0,5,3,2,10,0,0,19,0,19,0,5,22,2,29,36,0,36,65
04/28/2013,DEC,IL,AGL,CE,Federal Contract Tower,0,8,10,3,21,0,0,5,0,5,0,8,15,3,26,18,0,18,44
04/29/2013,DEC,IL,AGL,CE,Federal Contract Tower,0,11,10,0,21,0,0,34,0,34,0,11,44,0,55,50,0,50,105
04/30/2013,DEC,IL,AGL,CE,Federal Contract Tower,0,12,11,2,25,0,0,28,24,52,0,12,39,26,77,58,52,110,187
05/01/2013,DEC,IL,AGL,CE,Federal Contract Tower,0,16,18,18,52,0,0,31,8,39,0,16,49,26,91,45,41,86,177
05/02/2013,DEC,IL,AGL,CE,Federal Contract Tower,0,11,19,1,31,0,0,17,16,33,0,11,36,17,64,38,38,76,140
05/03/2013,DEC,IL,AGL,CE,Federal Contract Tower,0,13,1,4,18,0,0,11,2,13,0,13,12,6,31,19,0,19,50
05/04/2013,DEC,IL,AGL,CE,Federal Contract Tower,0,5,7,6,18,0,0,7,13,20,0,5,14,19,38,18,62,80,118
05/05/2013,DEC,IL,AGL,CE,Federal Contract Tower,0,8,18,0,26,0,0,11,16,27,0,8,29,16,53,15,11,26,79
05/06/2013,DEC,IL,AGL,CE,Federal Contract Tower,0,13,14,2,29,0,0,23,11,34,0,13,37,13,63,44,32,76,139
05/07/2013,DEC,IL,AGL,CE,Federal Contract Tower,0,14,11,4,29,0,0,27,22,49,0,14,38,26,78,48,76,124,202
05/08/2013,DEC,IL,AGL,CE,Federal Contract Tower,0,12,21,5,38,0,0,44,17,61,0,12,65,22,99,38,58,96,195
05/09/2013,DEC,IL,AGL,CE,Federal Contract Tower,0,12,5,2,19,0,0,12,0,12,0,12,17,2,31,24,0,24,55
05/10/2013,DEC,IL,AGL,CE,Federal Contract Tower,0,14,13,2,29,0,0,12,0,12,0,14,25,2,41,30,0,30,71
05/11/2013,DEC,IL,AGL,CE,Federal Contract Tower,0,8,4,0,12,0,0,27,0,27,0,8,31,0,39,48,0,48,87
05/12/2013,DEC,IL,AGL,CE,Federal Contract Tower,0,8,6,2,16,0,0,26,0,26,0,8,32,2,42,52,0,52,94
05/13/2013,DEC,IL,AGL,CE,Federal Contract Tower,0,12,8,0,20,0,0,30,0,30,0,12,38,0,50,76,0,76,126
05/14/2013,DEC,IL,AGL,CE,Federal Contract Tower,0,13,15,2,30,0,0,26,30,56,0,13,41,32,86,66,42,108,194
05/15/2013,DEC,IL,AGL,CE,Federal Contract Tower,0,12,13,3,28,0,0,26,21,47,0,12,39,24,75,45,44,89,164
05/16/2013,DEC,IL,AGL,CE,Federal Contract Tower,0,14,15,4,33,0,0,19,12,31,0,14,34,16,64,61,21,82,146
05/17/2013,DEC,IL,AGL,CE,Federal Contract Tower,0,14,4,2,20,0,0,13,6,19,0,14,17,8,39,14,4,18,57
05/18/2013,DEC,IL,AGL,CE,Federal Contract Tower,0,5,3,0,8,0,0,28,0,28,0,5,31,0,36,78,0,78,114
05/19/2013,DEC,IL,AGL,CE,Federal Contract Tower,0,8,4,0,12,0,0,29,0,29,0,8,33,0,41,65,0,65,106
05/20/2013,DEC,IL,AGL,CE,Federal Contract Tower,0,11,24,3,38,0,0,21,8,29,0,11,45,11,67,56,36,92,159
05/21/2013,DEC,IL,AGL,CE,Federal Contract Tower,0,14,5,7,26,0,0,16,15,31,0,14,21,22,57,38,28,66,123
05/22/2013,DEC,IL,AGL,CE,Federal Contract Tower,0,13,28,4,45,0,0,28,5,33,0,13,56,9,78,41,8,49,127
05/23/2013,DEC,IL,AGL,CE,Federal Contract Tower,0,15,19,11,45,0,0,19,6,25,0,15,38,17,70,32,20,52,122
05/24/2013,DEC,IL,AGL,CE,Federal Contract Tower,0,13,29,2,44,0,0,29,0,29,0,13,58,2,73,30,0,30,103
05/25/2013,DEC,IL,AGL,CE,Federal Contract Tower,0,5,2,0,7,0,0,76,0,76,0,5,78,0,83,54,0,54,137
05/26/2013,DEC,IL,AGL,CE,Federal Contract Tower,0,8,2,0,10,0,0,24,0,24,0,8,26,0,34,82,0,82,116
05/27/2013,DEC,IL,AGL,CE,Federal Contract Tower,0,11,6,0,17,0,0,23,0,23,0,11,29,0,40,73,0,73,113
05/28/2013,DEC,IL,AGL,CE,Federal Contract Tower,0,12,15,5,32,0,0,25,16,41,0,12,40,21,73,95,88,183,256
05/29/2013,DEC,IL,AGL,CE,Federal Contract Tower,0,13,12,5,30,0,0,28,11,39,0,13,40,16,69,80,18,98,167
05/30/2013,DEC,IL,AGL,CE,Federal Contract Tower,0,12,2,2,16,0,0,20,18,38,0,12,22,20,54,63,39,102,156
05/31/2013,DEC,IL,AGL,CE,Federal Contract Tower,0,12,10,2,24,0,0,26,16,42,0,12,36,18,66,62,54,116,182
06/01/2013,DEC,IL,AGL,CE,Federal Contract Tower,0,7,8,0,15,0,0,15,15,30,0,7,23,15,45,46,34,80,125
06/02/2013,DEC,IL,AGL,CE,Federal Contract Tower,0,8,5,2,15,0,0,16,9,25,0,8,21,11,40,48,11,59,99
06/03/2013,DEC,IL,AGL,CE,Federal Contract Tower,0,11,13,1,25,0,0,35,10,45,0,11,48,11,70,77,15,92,162
06/04/2013,DEC,IL,AGL,CE,Federal Contract Tower,0,13,11,4,28,0,0,40,22,62,0,13,51,26,90,98,24,122,212
06/05/2013,DEC,IL,AGL,CE,Federal Contract Tower,0,13,12,7,32,0,0,20,12,32,0,13,32,19,64,34,25,59,123
06/06/2013,DEC,IL,AGL,CE,Federal Contract Tower,0,16,2,4,22,0,0,21,10,31,0,16,23,14,53,39,24,63,116
06/07/2013,DEC,IL,AGL,CE,Federal Contract Tower,0,15,5,1,21,0,0,26,6,32,0,15,31,7,53,60,3,63,116
06/08/2013,DEC,IL,AGL,CE,Federal Contract Tower,0,5,5,0,10,0,0,47,0,47,0,5,52,0,57,125,0,125,182
06/09/2013,DEC,IL,AGL,CE,Federal Contract Tower,0,8,4,0,12,0,0,27,1,28,0,8,31,1,40,54,0,54,94
06/10/2013,DEC,IL,AGL,CE,Federal Contract Tower,0,11,6,0,17,0,0,31,3,34,0,11,37,3,51,107,4,111,162
06/11/2013,DEC,IL,AGL,CE,Federal Contract Tower,0,12,18,2,32,0,0,30,16,46,0,12,48,18,78,77,44,121,199
06/12/2013,DEC,IL,AGL,CE,Federal Contract Tower,0,12,19,1,32,0,0,29,7,36,0,12,48,8,68,40,3,43,111
06/13/2013,DEC,IL,AGL,CE,Federal Contract Tower,0,22,9,3,34,0,0,25,17,42,0,22,34,20,76,22,46,68,144
06/14/2013,DEC,IL,AGL,CE,Federal Contract Tower,0,12,12,2,26,0,0,46,2,48,0,12,58,4,74,54,0,54,128
06/15/2013,DEC,IL,AGL,CE,Federal Contract Tower,0,5,7,0,12,0,0,25,0,25,0,5,32,0,37,77,0,77,114
06/16/2013,DEC,IL,AGL,CE,Federal Contract Tower,0,8,10,2,20,0,0,27,0,27,0,8,37,2,47,58,0,58,105
06/17/2013,DEC,IL,AGL,CE,Federal Contract Tower,0,12,12,5,29,0,0,25,13,38,0,12,37,18,67,41,38,79,146
06/18/2013,DEC,IL,AGL,CE,Federal Contract Tower,0,13,14,3,30,0,0,24,16,40,0,13,38,19,70,51,59,110,180
06/19/2013,DEC,IL,AGL,CE,Federal Contract Tower,0,12,9,7,28,0,0,36,11,47,0,12,45,18,75,56,32,88,163
06/20/2013,DEC,IL,AGL,CE,Federal Contract Tower,0,14,3,4,21,0,0,32,14,46,0,14,35,18,67,54,13,67,134
06/21/2013,DEC,IL,AGL,CE,Federal Contract Tower,0,13,16,2,31,0,0,29,7,36,0,13,45,9,67,46,20,66,133
06/22/2013,DEC,IL,AGL,CE,Federal Contract Tower,0,6,6,2,14,0,0,25,0,25,0,6,31,2,39,90,0,90,129
06/23/2013,DEC,IL,AGL,CE,Federal Contract Tower,0,8,11,0,19,0,0,32,0,32,0,8,43,0,51,93,0,93,144
06/24/2013,DEC,IL,AGL,CE,Federal Contract Tower,0,13,16,2,31,0,0,39,0,39,0,13,55,2,70,51,0,51,121
06/25/2013,DEC,IL,AGL,CE,Federal Contract Tower,0,11,7,14,32,0,0,25,7,32,0,11,32,21,64,48,24,72,136
06/26/2013,DEC,IL,AGL,CE,Federal Contract Tower,0,14,19,2,35,0,0,18,3,21,0,14,37,5,56,25,8,33,89
06/27/2013,DEC,IL,AGL,CE,Federal Contract Tower,0,14,13,6,33,0,0,24,20,44,0,14,37,26,77,74,72,146,223
06/28/2013,DEC,IL,AGL,CE,Federal Contract Tower,0,13,7,0,20,0,0,38,7,45,0,13,45,7,65,46,18,64,129
06/29/2013,DEC,IL,AGL,CE,Federal Contract Tower,0,5,1,0,6,0,0,25,0,25,0,5,26,0,31,66,0,66,97
06/30/2013,DEC,IL,AGL,CE,Federal Contract Tower,0,8,20,0,28,0,0,22,0,22,0,8,42,0,50,62,0,62,112
07/01/2013,DEC,IL,AGL,CE,Federal Contract Tower,0,12,5,1,18,0,0,22,18,40,0,12,27,19,58,36,30,66,124
07/02/2013,DEC,IL,AGL,CE,Federal Contract Tower,0,16,4,0,20,0,0,23,11,34,0,16,27,11,54,50,38,88,142
07/03/2013,DEC,IL,AGL,CE,Federal Contract Tower,0,13,5,2,20,0,0,20,0,20,0,13,25,2,40,56,0,56,96
07/04/2013,DEC,IL,AGL,CE,Federal Contract Tower,0,12,7,1,20,0,0,25,0,25,0,12,32,1,45,38,0,38,83
07/05/2013,DEC,IL,AGL,CE,Federal Contract Tower,0,13,6,0,19,0,0,21,0,21,0,13,27,0,40,62,0,62,102
07/06/2013,DEC,IL,AGL,CE,Federal Contract Tower,0,5,6,0,11,0,0,26,0,26,0,5,32,0,37,114,0,114,151
07/07/2013,DEC,IL,AGL,CE,Federal Contract Tower,0,8,8,0,16,0,0,37,0,37,0,8,45,0,53,78,0,78,131
07/08/2013,DEC,IL,AGL,CE,Federal Contract Tower,0,8,5,3,16,0,0,30,7,37,0,8,35,10,53,62,24,86,139
07/09/2013,DEC,IL,AGL,CE,Federal Contract Tower,0,12,8,3,23,0,0,27,23,50,0,12,35,26,73,33,46,79,152
07/10/2013,DEC,IL,AGL,CE,Federal Contract Tower,0,11,5,2,18,0,0,19,6,25,0,11,24,8,43,48,2,50,93
07/11/2013,DEC,IL,AGL,CE,Federal Contract Tower,0,13,14,5,32,0,0,27,17,44,0,13,41,22,76,72,34,106,182
07/12/2013,DEC,IL,AGL,CE,Federal Contract Tower,0,13,15,2,30,0,0,44,7,51,0,13,59,9,81,64,12,76,157
07/13/2013,DEC,IL,AGL,CE,Federal Contract Tower,0,5,6,3,14,0,0,56,2,58,0,5,62,5,72,74,8,82,154
07/14/2013,DEC,IL,AGL,CE,Federal Contract Tower,0,8,2,2,12,0,0,25,1,26,0,8,27,3,38,60,22,82,120
07/15/2013,DEC,IL,AGL,CE,Federal Contract Tower,0,14,13,2,29,0,0,31,0,31,0,14,44,2,60,73,0,73,133
07/16/2013,DEC,IL,AGL,CE,Federal Contract Tower,0,12,6,6,24,0,0,34,12,46,0,12,40,18,70,47,32,79,149
07/17/2013,DEC,IL,AGL,CE,Federal Contract Tower,0,12,14,5,31,0,0,35,10,45,0,12,49,15,76,76,21,97,173
07/18/2013,DEC,IL,AGL,CE,Federal Contract Tower,0,14,10,3,27,0,0,25,17,42,0,14,35,20,69,45,36,81,150
07/19/2013,DEC,IL,AGL,CE,Federal Contract Tower,0,11,11,0,22,0,0,32,5,37,0,11,43,5,59,65,11,76,135
07/20/2013,DEC,IL,AGL,CE,Federal Contract Tower,0,5,3,0,8,0,0,25,1,26,0,5,28,1,34,96,0,96,130
07/21/2013,DEC,IL,AGL,CE,Federal Contract Tower,0,8,8,2,18,0,0,18,0,18,0,8,26,2,36,72,0,72,108
07/22/2013,DEC,IL,AGL,CE,Federal Contract Tower,0,10,14,2,26,0,0,28,3,31,0,10,42,5,57,63,8,71,128
07/23/2013,DEC,IL,AGL,CE,Federal Contract Tower,0,13,14,4,31,0,0,41,10,51,0,13,55,14,82,71,12,83,165
07/24/2013,DEC,IL,AGL,CE,Federal Contract Tower,0,12,13,5,30,0,0,38,8,46,0,12,51,13,76,80,4,84,160
07/25/2013,DEC,IL,AGL,CE,Federal Contract Tower,0,15,11,4,30,0,0,25,25,50,0,15,36,29,80,38,48,86,166
07/26/2013,DEC,IL,AGL,CE,Federal Contract Tower,0,14,6,2,22,0,0,32,3,35,0,14,38,5,57,63,0,63,120
07/27/2013,DEC,IL,AGL,CE,Federal Contract Tower,0,6,9,0,15,0,0,34,0,34,0,6,43,0,49,108,0,108,157
07/28/2013,DEC,IL,AGL,CE,Federal Contract Tower,0,8,5,0,13,0,0,49,0,49,0,8,54,0,62,60,0,60,122
07/29/2013,DEC,IL,AGL,CE,Federal Contract Tower,0,11,22,4,37,0,0,36,4,40,0,11,58,8,77,52,14,66,143
07/30/2013,DEC,IL,AGL,CE,Federal Contract Tower,0,12,8,2,22,0,0,18,0,18,0,12,26,2,40,16,0,16,56
07/31/2013,DEC,IL,AGL,CE,Federal Contract Tower,0,13,12,2,27,0,0,4,0,4,0,13,16,2,31,0,0,0,31
08/01/2013,DEC,IL,AGL,CE,Federal Contract Tower,0,12,10,1,23,0,0,41,22,63,0,12,51,23,86,58,24,82,168
08/02/2013,DEC,IL,AGL,CE,Federal Contract Tower,0,12,19,0,31,0,0,38,8,46,0,12,57,8,77,56,3,59,136
08/03/2013,DEC,IL,AGL,CE,Federal Contract Tower,0,6,3,0,9,0,0,32,0,32,0,6,35,0,41,74,0,74,115
08/04/2013,DEC,IL,AGL,CE,Federal Contract Tower,0,8,12,2,22,0,0,28,0,28,0,8,40,2,50,76,0,76,126
08/05/2013,DEC,IL,AGL,CE,Federal Contract Tower,0,11,17,0,28,0,0,29,1,30,0,11,46,1,58,87,0,87,145
08/06/2013,DEC,IL,AGL,CE,Federal Contract Tower,0,12,17,0,29,0,0,21,24,45,0,12,38,24,74,24,30,54,128
08/07/2013,DEC,IL,AGL,CE,Federal Contract Tower,0,12,8,0,20,0,0,7,2,9,0,12,15,2,29,16,0,16,45
08/08/2013,DEC,IL,AGL,CE,Federal Contract Tower,0,13,15,0,28,0,0,3,20,23,0,13,18,20,51,0,48,48,99
08/09/2013,DEC,IL,AGL,CE,Federal Contract Tower,0,15,6,0,21,0,0,33,13,46,0,15,39,13,67,56,8,64,131
08/10/2013,DEC,IL,AGL,CE,Federal Contract Tower,0,5,8,0,13,0,0,36,0,36,0,5,44,0,49,64,0,64,113
08/11/2013,DEC,IL,AGL,CE,Federal Contract Tower,0,10,0,0,10,0,0,30,0,30,0,10,30,0,40,82,0,82,122
08/12/2013,DEC,IL,AGL,CE,Federal Contract Tower,0,16,4,2,22,0,0,28,1,29,0,16,32,3,51,35,0,35,86
08/13/2013,DEC,IL,AGL,CE,Federal Contract Tower,0,14,6,12,32,0,0,20,19,39,0,14,26,31,71,19,24,43,114
08/14/2013,DEC,IL,AGL,CE,Federal Contract Tower,0,12,1,6,19,0,2,43,17,62,0,14,44,23,81,64,20,84,165
08/15/2013,DEC,IL,AGL,CE,Federal Contract Tower,0,10,8,4,22,0,0,31,26,57,0,10,39,30,79,109,40,149,228
08/16/2013,DEC,IL,AGL,CE,Federal Contract Tower,0,12,10,3,25,0,0,20,19,39,0,12,30,22,64,54,44,98,162
08/17/2013,DEC,IL,AGL,CE,Federal Contract Tower,0,5,7,1,13,0,0,32,13,45,0,5,39,14,58,34,32,66,124
08/18/2013,DEC,IL,AGL,CE,Federal Contract Tower,0,8,12,4,24,0,0,30,7,37,0,8,42,11,61,33,14,47,108
08/19/2013,DEC,IL,AGL,CE,Federal Contract Tower,0,11,11,2,24,0,0,23,4,27,0,11,34,6,51,48,3,51,102
08/20/2013,DEC,IL,AGL,CE,Federal Contract Tower,0,10,22,4,36,0,0,20,24,44,0,10,42,28,80,32,59,91,171
08/21/2013,DEC,IL,AGL,CE,Federal Contract Tower,0,12,25,2,39,0,0,40,18,58,0,12,65,20,97,50,36,86,183
08/22/2013,DEC,IL,AGL,CE,Federal Contract Tower,0,16,14,4,34,0,0,36,29,65,0,16,50,33,99,73,54,127,226
08/23/2013,DEC,IL,AGL,CE,Federal Contract Tower,0,15,14,1,30,0,0,24,11,35,0,15,38,12,65,54,16,70,135
08/24/2013,DEC,IL,AGL,CE,Federal Contract Tower,0,5,7,0,12,0,0,31,2,33,0,5,38,2,45,39,0,39,84
08/25/2013,DEC,IL,AGL,CE,Federal Contract Tower,0,10,4,0,14,0,0,33,0,33,0,10,37,0,47,58,0,58,105
08/26/2013,DEC,IL,AGL,CE,Federal Contract Tower,0,13,26,2,41,0,0,21,10,31,0,13,47,12,72,14,5,19,91
08/27/2013,DEC,IL,AGL,CE,Federal Contract Tower,0,12,57,3,72,0,0,122,21,143,0,12,179,24,215,60,11,71,286
08/28/2013,DEC,IL,AGL,CE,Federal Contract Tower,0,12,74,3,89,0,0,116,20,136,0,12,190,23,225,39,26,65,290
08/29/2013,DEC,IL,AGL,CE,Federal Contract Tower,0,22,41,2,65,0,0,49,7,56,0,22,90,9,121,32,22,54,175
08/30/2013,DEC,IL,AGL,CE,Federal Contract Tower,0,10,4,2,16,0,0,27,3,30,0,10,31,5,46,62,8,70,116
08/31/2013,DEC,IL,AGL,CE,Federal Contract Tower,0,3,2,0,5,0,0,27,0,27,0,3,29,0,32,66,0,66,98
09/01/2013,DEC,IL,AGL,CE,Federal Contract Tower,0,8,4,0,12,0,0,16,0,16,0,8,20,0,28,64,0,64,92
09/02/2013,DEC,IL,AGL,CE,Federal Contract Tower,0,11,2,0,13,0,0,22,0,22,0,11,24,0,35,22,0,22,57
09/03/2013,DEC,IL,AGL,CE,Federal Contract Tower,0,13,7,9,29,0,0,27,18,45,0,13,34,27,74,38,36,74,148
09/04/2013,DEC,IL,AGL,CE,Federal Contract Tower,0,13,11,2,26,0,0,34,11,45,0,13,45,13,71,58,24,82,153
09/05/2013,DEC,IL,AGL,CE,Federal Contract Tower,0,12,6,3,21,0,0,28,20,48,0,12,34,23,69,88,62,150,219
09/06/2013,DEC,IL,AGL,CE,Federal Contract Tower,0,16,8,6,30,0,0,28,18,46,0,16,36,24,76,57,48,105,181
09/07/2013,DEC,IL,AGL,CE,Federal Contract Tower,0,6,5,3,14,0,0,25,18,43,0,6,30,21,57,73,63,136,193
09/08/2013,DEC,IL,AGL,CE,Federal Contract Tower,0,8,12,2,22,0,0,22,0,22,0,8,34,2,44,38,0,38,82
09/09/2013,DEC,IL,AGL,CE,Federal Contract Tower,0,11,4,8,23,0,0,21,4,25,0,11,25,12,48,26,4,30,78
09/10/2013,DEC,IL,AGL,CE,Federal Contract Tower,0,12,8,3,23,0,0,29,11,40,0,12,37,14,63,36,40,76,139
09/11/2013,DEC,IL,AGL,CE,Federal Contract Tower,0,12,11,6,29,0,0,26,22,48,0,12,37,28,77,60,34,94,171
09/12/2013,DEC,IL,AGL,CE,Federal Contract Tower,0,13,9,0,22,0,0,23,28,51,0,13,32,28,73,46,64,110,183
09/13/2013,DEC,IL,AGL,CE,Federal Contract Tower,0,12,7,8,27,0,0,25,10,35,0,12,32,18,62,58,38,96,158
09/14/2013,DEC,IL,AGL,CE,Federal Contract Tower,0,8,6,0,14,0,0,56,3,59,0,8,62,3,73,56,0,56,129
09/15/2013,DEC,IL,AGL,CE,Federal Contract Tower,0,11,7,0,18,0,0,38,0,38,0,11,45,0,56,29,0,29,85
09/16/2013,DEC,IL,AGL,CE,Federal Contract Tower,0,12,6,0,18,0,0,27,0,27,0,12,33,0,45,54,0,54,99
09/17/2013,DEC,IL,AGL,CE,Federal Contract Tower,0,10,12,0,22,0,0,20,4,24,0,10,32,4,46,30,7,37,83
09/18/2013,DEC,IL,AGL,CE,Federal Contract Tower,0,13,7,0,20,0,0,19,0,19,0,13,26,0,39,88,0,88,127
09/19/2013,DEC,IL,AGL,CE,Federal Contract Tower,0,13,12,4,29,0,0,34,11,45,0,13,46,15,74,77,27,104,178
09/20/2013,DEC,IL,AGL,CE,Federal Contract Tower,0,10,14,0,24,0,0,9,1,10,0,10,23,1,34,10,0,10,44
09/21/2013,DEC,IL,AGL,CE,Federal Contract Tower,0,5,4,0,9,0,0,67,0,67,0,5,71,0,76,63,0,63,139
09/22/2013,DEC,IL,AGL,CE,Federal Contract Tower,0,6,6,0,12,0,0,34,0,34,0,6,40,0,46,53,0,53,99
09/23/2013,DEC,IL,AGL,CE,Federal Contract Tower,0,9,11,2,22,0,0,33,0,33,0,9,44,2,55,42,0,42,97
09/24/2013,DEC,IL,AGL,CE,Federal Contract Tower,0,11,8,3,22,0,0,29,2,31,0,11,37,5,53,52,0,52,105
09/25/2013,DEC,IL,AGL,CE,Federal Contract Tower,0,15,22,0,37,0,0,28,6,34,0,15,50,6,71,46,20,66,137
09/26/2013,DEC,IL,AGL,CE,Federal Contract Tower,0,12,18,0,30,0,0,31,17,48,0,12,49,17,78,79,41,120,198
09/27/2013,DEC,IL,AGL,CE,Federal Contract Tower,0,14,16,0,30,0,0,28,4,32,0,14,44,4,62,70,9,79,141
09/28/2013,DEC,IL,AGL,CE,Federal Contract Tower,0,5,3,0,8,0,0,26,0,26,0,5,29,0,34,74,0,74,108
09/29/2013,DEC,IL,AGL,CE,Federal Contract Tower,0,11,7,1,19,0,0,33,1,34,0,11,40,2,53,57,0,57,110
09/30/2013,DEC,IL,AGL,CE,Federal Contract Tower,0,12,5,0,17,0,0,23,0,23,0,12,28,0,40,54,0,54,94
10/01/2013,DEC,IL,AGL,CE,Federal Contract Tower,0,13,13,0,26,0,0,22,0,22,0,13,35,0,48,43,0,43,91
10/02/2013,DEC,IL,AGL,CE,Federal Contract Tower,0,13,8,0,21,0,0,18,8,26,0,13,26,8,47,36,0,36,83
10/03/2013,DEC,IL,AGL,CE,Federal Contract Tower,0,12,14,0,26,0,0,25,5,30,0,12,39,5,56,72,0,72,128
10/04/2013,DEC,IL,AGL,CE,Federal Contract Tower,0,12,11,0,23,0,0,31,0,31,0,12,42,0,54,77,0,77,131
10/05/2013,DEC,IL,AGL,CE,Federal Contract Tower,0,8,2,0,10,0,0,20,0,20,0,8,22,0,30,63,0,63,93
10/06/2013,DEC,IL,AGL,CE,Federal Contract Tower,0,9,4,0,13,0,0,22,0,22,0,9,26,0,35,54,0,54,89
10/07/2013,DEC,IL,AGL,CE,Federal Contract Tower,0,13,18,0,31,0,0,20,0,20,0,13,38,0,51,37,0,37,88
10/08/2013,DEC,IL,AGL,CE,Federal Contract Tower,0,13,19,0,32,0,0,32,0,32,0,13,51,0,64,36,0,36,100
10/09/2013,DEC,IL,AGL,CE,Federal Contract Tower,0,16,13,0,29,0,0,25,0,25,0,16,38,0,54,50,0,50,104
10/10/2013,DEC,IL,AGL,CE,Federal Contract Tower,0,13,13,5,31,0,0,33,1,34,0,13,46,6,65,102,3,105,170
10/11/2013,DEC,IL,AGL,CE,Federal Contract Tower,0,13,13,0,26,0,0,33,0,33,0,13,46,0,59,81,0,81,140
10/12/2013,DEC,IL,AGL,CE,Federal Contract Tower,0,5,8,0,13,0,0,17,0,17,0,5,25,0,30,66,0,66,96
10/13/2013,DEC,IL,AGL,CE,Federal Contract Tower,0,10,4,0,14,0,0,33,0,33,0,10,37,0,47,56,0,56,103
10/14/2013,DEC,IL,AGL,CE,Federal Contract Tower,0,12,7,0,19,0,0,29,0,29,0,12,36,0,48,44,0,44,92
10/15/2013,DEC,IL,AGL,CE,Federal Contract Tower,0,12,6,0,18,0,0,10,0,10,0,12,16,0,28,28,0,28,56
10/16/2013,DEC,IL,AGL,CE,Federal Contract Tower,0,12,14,0,26,0,0,21,0,21,0,12,35,0,47,66,0,66,113
10/17/2013,DEC,IL,AGL,CE,Federal Contract Tower,0,13,14,0,27,0,0,36,0,36,0,13,50,0,63,81,0,81,144
10/18/2013,DEC,IL,AGL,CE,Federal Contract Tower,0,12,9,7,28,0,0,24,0,24,0,12,33,7,52,86,0,86,138
10/19/2013,DEC,IL,AGL,CE,Federal Contract Tower,0,5,7,0,12,0,0,27,0,27,0,5,34,0,39,83,0,83,122
10/20/2013,DEC,IL,AGL,CE,Federal Contract Tower,0,7,10,0,17,0,0,28,0,28,0,7,38,0,45,56,0,56,101
10/21/2013,DEC,IL,AGL,CE,Federal Contract Tower,0,13,9,2,24,0,0,25,5,30,0,13,34,7,54,60,24,84,138
10/22/2013,DEC,IL,AGL,CE,Federal Contract Tower,0,16,5,2,23,0,0,14,12,26,0,16,19,14,49,21,40,61,110
10/23/2013,DEC,IL,AGL,CE,Federal Contract Tower,0,12,15,7,34,0,0,38,10,48,0,12,53,17,82,23,29,52,134
10/24/2013,DEC,IL,AGL,CE,Federal Contract Tower,0,12,18,2,32,0,0,38,18,56,0,12,56,20,88,76,48,124,212
10/25/2013,DEC,IL,AGL,CE,Federal Contract Tower,0,13,14,4,31,0,0,23,14,37,0,13,37,18,68,60,48,108,176
10/26/2013,DEC,IL,AGL,CE,Federal Contract Tower,0,6,7,0,13,0,0,22,0,22,0,6,29,0,35,53,0,53,88
10/27/2013,DEC,IL,AGL,CE,Federal Contract Tower,0,8,3,0,11,0,0,23,0,23,0,8,26,0,34,42,0,42,76
10/28/2013,DEC,IL,AGL,CE,Federal Contract Tower,0,11,14,2,27,0,0,22,1,23,0,11,36,3,50,75,11,86,136
10/29/2013,DEC,IL,AGL,CE,Federal Contract Tower,0,15,12,6,33,0,0,22,20,42,0,15,34,26,75,46,68,114,189
10/30/2013,DEC,IL,AGL,CE,Federal Contract Tower,0,5,8,10,23,0,0,8,0,8,0,5,16,10,31,32,0,32,63
10/31/2013,DEC,IL,AGL,CE,Federal Contract Tower,0,12,10,6,28,0,0,3,0,3,0,12,13,6,31,30,28,58,89
11/01/2013,DEC,IL,AGL,CE,Federal Contract Tower,0,13,10,5,28,0,0,23,19,42,0,13,33,24,70,37,53,90,160
11/02/2013,DEC,IL,AGL,CE,Federal Contract Tower,0,5,4,2,11,0,0,20,12,32,0,5,24,14,43,32,32,64,107
11/03/2013,DEC,IL,AGL,CE,Federal Contract Tower,0,9,5,2,16,0,0,35,4,39,0,9,40,6,55,22,6,28,83
11/04/2013,DEC,IL,AGL,CE,Federal Contract Tower,0,12,3,0,15,0,0,21,8,29,0,12,24,8,44,55,22,77,121
11/05/2013,DEC,IL,AGL,CE,Federal Contract Tower,0,9,2,6,17,0,0,23,14,37,0,9,25,20,54,33,42,75,129
11/06/2013,DEC,IL,AGL,CE,Federal Contract Tower,0,13,10,0,23,0,0,8,0,8,0,13,18,0,31,40,0,40,71
11/07/2013,DEC,IL,AGL,CE,Federal Contract Tower,0,12,16,2,30,0,0,28,10,38,0,12,44,12,68,87,31,118,186
11/08/2013,DEC,IL,AGL,CE,Federal Contract Tower,0,12,14,2,28,0,0,28,4,32,0,12,42,6,60,43,2,45,105
11/09/2013,DEC,IL,AGL,CE,Federal Contract Tower,0,5,1,0,6,0,0,22,0,22,0,5,23,0,28,20,0,20,48
11/10/2013,DEC,IL,AGL,CE,Federal Contract Tower,0,8,5,0,13,0,0,34,0,34,0,8,39,0,47,54,0,54,101
11/11/2013,DEC,IL,AGL,CE,Federal Contract Tower,0,12,8,0,20,0,0,14,0,14,0,12,22,0,34,14,0,14,48
11/12/2013,DEC,IL,AGL,CE,Federal Contract Tower,0,16,10,3,29,0,0,23,19,42,0,16,33,22,71,41,58,99,170
11/13/2013,DEC,IL,AGL,CE,Federal Contract Tower,0,12,14,0,26,0,0,27,14,41,0,12,41,14,67,48,40,88,155
11/14/2013,DEC,IL,AGL,CE,Federal Contract Tower,0,12,6,2,20,0,0,25,9,34,0,12,31,11,54,93,43,136,190
11/15/2013,DEC,IL,AGL,CE,Federal Contract Tower,0,12,15,2,29,0,0,23,5,28,0,12,38,7,57,43,10,53,110
11/16/2013,DEC,IL,AGL,CE,Federal Contract Tower,0,5,0,0,5,0,0,5,0,5,0,5,5,0,10,12,0,12,22
11/17/2013,DEC,IL,AGL,CE,Federal Contract Tower,0,8,6,0,14,0,0,7,0,7,0,8,13,0,21,5,0,5,26
11/18/2013,DEC,IL,AGL,CE,Federal Contract Tower,0,11,9,2,22,0,0,22,0,22,0,11,31,2,44,62,0,62,106
11/19/2013,DEC,IL,AGL,CE,Federal Contract Tower,0,10,7,4,21,0,0,34,17,51,0,10,41,21,72,33,36,69,141
11/20/2013,DEC,IL,AGL,CE,Federal Contract Tower,0,14,12,1,27,0,0,24,8,32,0,14,36,9,59,62,38,100,159
11/21/2013,DEC,IL,AGL,CE,Federal Contract Tower,0,10,5,1,16,0,0,2,0,2,0,10,7,1,18,7,0,7,25
11/22/2013,DEC,IL,AGL,CE,Federal Contract Tower,0,12,11,0,23,0,0,14,0,14,0,12,25,0,37,39,0,39,76
11/23/2013,DEC,IL,AGL,CE,Federal Contract Tower,0,6,2,0,8,0,0,15,0,15,0,6,17,0,23,25,0,25,48
11/24/2013,DEC,IL,AGL,CE,Federal Contract Tower,0,0,8,10,18,0,0,44,1,45,0,0,52,11,63,20,0,20,83
11/25/2013,DEC,IL,AGL,CE,Federal Contract Tower,0,11,2,0,13,0,0,20,0,20,0,11,22,0,33,72,0,72,105
11/26/2013,DEC,IL,AGL,CE,Federal Contract Tower,0,16,2,4,22,0,0,27,20,47,0,16,29,24,69,41,48,89,158
11/27/2013,DEC,IL,AGL,CE,Federal Contract Tower,0,13,1,2,16,0,0,22,6,28,0,13,23,8,44,54,28,82,126
11/28/2013,DEC,IL,AGL,CE,Federal Contract Tower,0,8,3,0,11,0,0,20,0,20,0,8,23,0,31,77,0,77,108
11/29/2013,DEC,IL,AGL,CE,Federal Contract Tower,0,12,14,0,26,0,0,33,0,33,0,12,47,0,59,55,0,55,114
11/30/2013,DEC,IL,AGL,CE,Federal Contract Tower,0,7,5,2,14,0,0,30,0,30,0,7,35,2,44,28,0,28,72
12/01/2013,DEC,IL,AGL,CE,Federal Contract Tower,0,8,10,2,20,0,0,24,0,24,0,8,34,2,44,25,0,25,69
12/02/2013,DEC,IL,AGL,CE,Federal Contract Tower,0,13,6,0,19,0,0,19,6,25,0,13,25,6,44,47,28,75,119
12/03/2013,DEC,IL,AGL,CE,Federal Contract Tower,0,16,14,0,30,0,0,14,14,28,0,16,28,14,58,0,44,44,102
12/04/2013,DEC,IL,AGL,CE,Federal Contract Tower,0,18,8,2,28,0,0,10,8,18,0,18,18,10,46,46,30,76,122
12/05/2013,DEC,IL,AGL,CE,Federal Contract Tower,0,14,19,4,37,0,0,31,16,47,0,14,50,20,84,38,38,76,160
12/06/2013,DEC,IL,AGL,CE,Federal Contract Tower,0,14,11,0,25,0,0,17,7,24,0,14,28,7,49,32,24,56,105
12/07/2013,DEC,IL,AGL,CE,Federal Contract Tower,0,6,11,2,19,0,0,37,0,37,0,6,48,2,56,25,0,25,81
12/08/2013,DEC,IL,AGL,CE,Federal Contract Tower,0,6,4,0,10,0,0,5,0,5,0,6,9,0,15,0,0,0,15
12/09/2013,DEC,IL,AGL,CE,Federal Contract Tower,0,11,6,2,19,0,0,16,12,28,0,11,22,14,47,20,42,62,109
12/10/2013,DEC,IL,AGL,CE,Federal Contract Tower,0,12,8,0,20,0,0,19,20,39,0,12,27,20,59,17,38,55,114
12/11/2013,DEC,IL,AGL,CE,Federal Contract Tower,0,12,8,2,22,0,0,18,19,37,0,12,26,21,59,26,84,110,169
12/12/2013,DEC,IL,AGL,CE,Federal Contract Tower,0,13,11,2,26,0,0,22,19,41,0,13,33,21,67,57,48,105,172
12/13/2013,DEC,IL,AGL,CE,Federal Contract Tower,0,11,8,1,20,0,0,14,7,21,0,11,22,8,41,35,10,45,86
12/14/2013,DEC,IL,AGL,CE,Federal Contract Tower,0,5,0,0,5,0,0,0,0,0,0,5,0,0,5,0,0,0,5
12/15/2013,DEC,IL,AGL,CE,Federal Contract Tower,0,9,6,0,15,0,0,8,2,10,0,9,14,2,25,16,4,20,45
12/16/2013,DEC,IL,AGL,CE,Federal Contract Tower,0,11,4,0,15,0,0,0,0,0,0,11,4,0,15,0,0,0,15
12/17/2013,DEC,IL,AGL,CE,Federal Contract Tower,0,15,4,2,21,0,0,26,20,46,0,15,30,22,67,34,54,88,155
12/18/2013,DEC,IL,AGL,CE,Federal Contract Tower,0,17,15,11,43,0,0,21,12,33,0,17,36,23,76,42,44,86,162
12/19/2013,DEC,IL,AGL,CE,Federal Contract Tower,0,12,6,5,23,0,0,14,19,33,0,12,20,24,56,66,82,148,204
12/20/2013,DEC,IL,AGL,CE,Federal Contract Tower,0,15,6,2,23,0,0,12,9,21,0,15,18,11,44,43,48,91,135
12/21/2013,DEC,IL,AGL,CE,Federal Contract Tower,0,4,2,0,6,0,0,0,0,0,0,4,2,0,6,0,0,0,6
12/22/2013,DEC,IL,AGL,CE,Federal Contract Tower,0,8,1,0,9,0,0,3,0,3,0,8,4,0,12,8,0,8,20
12/23/2013,DEC,IL,AGL,CE,Federal Contract Tower,0,17,7,0,24,0,0,25,0,25,0,17,32,0,49,59,0,59,108
12/24/2013,DEC,IL,AGL,CE,Federal Contract Tower,0,13,8,0,21,0,0,26,4,30,0,13,34,4,51,51,0,51,102
12/25/2013,DEC,IL,AGL,CE,Federal Contract Tower,0,8,0,0,8,0,0,16,0,16,0,8,16,0,24,44,0,44,68
12/26/2013,DEC,IL,AGL,CE,Federal Contract Tower,0,17,3,2,22,0,0,30,0,30,0,17,33,2,52,71,0,71,123
12/27/2013,DEC,IL,AGL,CE,Federal Contract Tower,0,12,2,4,18,0,0,26,0,26,0,12,28,4,44,44,0,44,88
12/28/2013,DEC,IL,AGL,CE,Federal Contract Tower,0,5,12,0,17,0,0,32,0,32,0,5,44,0,49,44,0,44,93
12/29/2013,DEC,IL,AGL,CE,Federal Contract Tower,0,8,3,0,11,0,0,0,0,0,0,8,3,0,11,0,0,0,11
12/30/2013,DEC,IL,AGL,CE,Federal Contract Tower,0,9,1,3,13,0,0,35,0,35,0,9,36,3,48,78,0,78,126
12/31/2013,DEC,IL,AGL,CE,Federal Contract Tower,0,13,1,2,16,0,0,32,2,34,0,13,33,4,50,54,10,64,114
01/01/2014,DEC,IL,AGL,CE,Federal Contract Tower,0,14,1,0,15,0,0,22,0,22,0,14,23,0,37,30,0,30,67
01/02/2014,DEC,IL,AGL,CE,Federal Contract Tower,0,8,4,2,14,0,0,8,12,20,0,8,12,14,34,24,46,70,104
01/03/2014,DEC,IL,AGL,CE,Federal Contract Tower,0,14,1,0,15,0,0,21,0,21,0,14,22,0,36,39,0,39,75
01/04/2014,DEC,IL,AGL,CE,Federal Contract Tower,0,6,5,0,11,0,0,8,9,17,0,6,13,9,28,18,22,40,68
01/05/2014,DEC,IL,AGL,CE,Federal Contract Tower,0,0,0,0,0,0,0,0,0,0,0,0,0,0,0,0,0,0,0
01/06/2014,DEC,IL,AGL,CE,Federal Contract Tower,0,3,1,0,4,0,0,5,0,5,0,3,6,0,9,0,0,0,9
01/07/2014,DEC,IL,AGL,CE,Federal Contract Tower,0,11,0,2,13,0,0,23,8,31,0,11,23,10,44,37,10,47,91
01/08/2014,DEC,IL,AGL,CE,Federal Contract Tower,0,12,12,6,30,0,0,13,22,35,0,12,25,28,65,28,62,90,155
01/09/2014,DEC,IL,AGL,CE,Federal Contract Tower,0,13,2,4,19,0,0,9,8,17,0,13,11,12,36,22,27,49,85
01/10/2014,DEC,IL,AGL,CE,Federal Contract Tower,0,12,0,0,12,0,0,0,0,0,0,12,0,0,12,0,0,0,12
01/11/2014,DEC,IL,AGL,CE,Federal Contract Tower,0,4,4,0,8,0,0,8,10,18,0,4,12,10,26,18,45,63,89
01/12/2014,DEC,IL,AGL,CE,Federal Contract Tower,0,10,1,0,11,0,0,17,7,24,0,10,18,7,35,40,12,52,87
01/13/2014,DEC,IL,AGL,CE,Federal Contract Tower,0,11,8,5,24,0,0,30,28,58,0,11,38,33,82,35,44,79,161
01/14/2014,DEC,IL,AGL,CE,Federal Contract Tower,0,12,2,2,16,0,0,22,34,56,0,12,24,36,72,14,72,86,158
01/15/2014,DEC,IL,AGL,CE,Federal Contract Tower,0,12,6,2,20,0,0,15,41,56,0,12,21,43,76,22,78,100,176
01/16/2014,DEC,IL,AGL,CE,Federal Contract Tower,0,13,6,2,21,0,0,13,25,38,0,13,19,27,59,51,111,162,221
01/17/2014,DEC,IL,AGL,CE,Federal Contract Tower,0,11,6,2,19,0,0,19,6,25,0,11,25,8,44,44,16,60,104
01/18/2014,DEC,IL,AGL,CE,Federal Contract Tower,0,5,4,0,9,0,0,9,0,9,0,5,13,0,18,32,0,32,50
01/19/2014,DEC,IL,AGL,CE,Federal Contract Tower,0,4,2,0,6,0,0,19,1,20,0,4,21,1,26,70,0,70,96
01/20/2014,DEC,IL,AGL,CE,Federal Contract Tower,0,11,7,0,18,0,0,33,0,33,0,11,40,0,51,49,0,49,100
01/21/2014,DEC,IL,AGL,CE,Federal Contract Tower,0,10,4,0,14,0,0,21,0,21,0,10,25,0,35,44,0,44,79
01/22/2014,DEC,IL,AGL,CE,Federal Contract Tower,0,11,4,5,20,0,0,13,21,34,0,11,17,26,54,32,52,84,138
01/23/2014,DEC,IL,AGL,CE,Federal Contract Tower,0,9,5,3,17,0,0,22,19,41,0,9,27,22,58,60,33,93,151
01/24/2014,DEC,IL,AGL,CE,Federal Contract Tower,0,10,4,2,16,0,0,16,4,20,0,10,20,6,36,27,44,71,107
01/25/2014,DEC,IL,AGL,CE,Federal Contract Tower,0,8,1,0,9,0,0,13,0,13,0,8,14,0,22,13,0,13,35
01/26/2014,DEC,IL,AGL,CE,Federal Contract Tower,0,8,3,2,13,0,0,22,0,22,0,8,25,2,35,42,0,42,77
01/27/2014,DEC,IL,AGL,CE,Federal Contract Tower,0,8,6,2,16,0,0,28,0,28,0,8,34,2,44,58,0,58,102
01/28/2014,DEC,IL,AGL,CE,Federal Contract Tower,0,13,2,1,16,0,0,29,11,40,0,13,31,12,56,58,50,108,164
01/29/2014,DEC,IL,AGL,CE,Federal Contract Tower,0,12,6,8,26,0,0,27,19,46,0,12,33,27,72,39,44,83,155
01/30/2014,DEC,IL,AGL,CE,Federal Contract Tower,0,12,7,4,23,0,0,8,21,29,0,12,15,25,52,20,46,66,118
01/31/2014,DEC,IL,AGL,CE,Federal Contract Tower,0,10,8,0,18,0,0,2,4,6,0,10,10,4,24,4,22,26,50
02/01/2014,DEC,IL,AGL,CE,Federal Contract Tower,0,8,0,0,8,0,0,0,0,0,0,8,0,0,8,0,0,0,8
02/02/2014,DEC,IL,AGL,CE,Federal Contract Tower,0,8,1,0,9,0,0,16,2,18,0,8,17,2,27,47,12,59,86
02/03/2014,DEC,IL,AGL,CE,Federal Contract Tower,0,11,7,0,18,0,0,26,0,26,0,11,33,0,44,86,0,86,130
02/04/2014,DEC,IL,AGL,CE,Federal Contract Tower,0,9,7,0,16,0,0,15,6,21,0,9,22,6,37,36,12,48,85
02/05/2014,DEC,IL,AGL,CE,Federal Contract Tower,0,12,3,0,15,0,0,8,0,8,0,12,11,0,23,11,0,11,34
02/06/2014,DEC,IL,AGL,CE,Federal Contract Tower,0,12,2,0,14,0,0,19,19,38,0,12,21,19,52,33,43,76,128
02/07/2014,DEC,IL,AGL,CE,Federal Contract Tower,0,12,10,3,25,0,0,17,16,33,0,12,27,19,58,28,24,52,110
02/08/2014,DEC,IL,AGL,CE,Federal Contract Tower,0,5,0,2,7,0,0,14,10,24,0,5,14,12,31,41,20,61,92
02/09/2014,DEC,IL,AGL,CE,Federal Contract Tower,0,9,9,0,18,0,0,17,0,17,0,9,26,0,35,57,0,57,92
02/10/2014,DEC,IL,AGL,CE,Federal Contract Tower,0,12,7,4,23,0,0,14,21,35,0,12,21,25,58,38,80,118,176
02/11/2014,DEC,IL,AGL,CE,Federal Contract Tower,0,15,10,4,29,0,0,31,55,86,0,15,41,59,115,50,94,144,259
02/12/2014,DEC,IL,AGL,CE,Federal Contract Tower,0,12,17,11,40,0,0,23,12,35,0,12,40,23,75,39,51,90,165
02/13/2014,DEC,IL,AGL,CE,Federal Contract Tower,0,8,11,7,26,0,0,26,31,57,0,8,37,38,83,45,109,154,237
02/14/2014,DEC,IL,AGL,CE,Federal Contract Tower,0,8,4,4,16,0,0,1,0,1,0,8,5,4,17,0,0,0,17
02/15/2014,DEC,IL,AGL,CE,Federal Contract Tower,0,6,2,0,8,0,0,27,0,27,0,6,29,0,35,34,0,34,69
02/16/2014,DEC,IL,AGL,CE,Federal Contract Tower,0,10,2,0,12,0,0,18,0,18,0,10,20,0,30,36,0,36,66
02/17/2014,DEC,IL,AGL,CE,Federal Contract Tower,0,2,1,0,3,0,0,0,0,0,0,2,1,0,3,0,0,0,3
02/18/2014,DEC,IL,AGL,CE,Federal Contract Tower,0,12,8,7,27,0,0,21,27,48,0,12,29,34,75,41,58,99,174
02/19/2014,DEC,IL,AGL,CE,Federal Contract Tower,0,10,20,8,38,0,0,29,17,46,0,10,49,25,84,76,32,108,192
02/20/2014,DEC,IL,AGL,CE,Federal Contract Tower,0,9,12,2,23,0,0,8,11,19,0,9,20,13,42,8,50,58,100
02/21/2014,DEC,IL,AGL,CE,Federal Contract Tower,0,13,5,2,20,0,0,21,11,32,0,13,26,13,52,38,28,66,118
02/22/2014,DEC,IL,AGL,CE,Federal Contract Tower,0,6,0,0,6,0,0,46,5,51,0,6,46,5,57,69,12,81,138
02/23/2014,DEC,IL,AGL,CE,Federal Contract Tower,0,8,4,0,12,0,0,17,8,25,0,8,21,8,37,44,0,44,81
02/24/2014,DEC,IL,AGL,CE,Federal Contract Tower,0,11,2,3,16,0,0,24,10,34,0,11,26,13,50,62,20,82,132
02/25/2014,DEC,IL,AGL,CE,Federal Contract Tower,0,10,13,10,33,0,0,26,30,56,0,10,39,40,89,60,50,110,199
02/26/2014,DEC,IL,AGL,CE,Federal Contract Tower,0,14,9,4,27,0,0,26,8,34,0,14,35,12,61,37,18,55,116
02/27/2014,DEC,IL,AGL,CE,Federal Contract Tower,0,14,11,7,32,0,0,17,19,36,0,14,28,26,68,35,50,85,153
02/28/2014,DEC,IL,AGL,CE,Federal Contract Tower,0,10,5,2,17,0,0,15,5,20,0,10,20,7,37,32,35,67,104
03/01/2014,DEC,IL,AGL,CE,Federal Contract Tower,0,5,3,0,8,0,0,37,0,37,0,5,40,0,45,74,0,74,119
03/02/2014,DEC,IL,AGL,CE,Federal Contract Tower,0,2,3,0,5,0,0,12,0,12,0,2,15,0,17,34,0,34,51
03/03/2014,DEC,IL,AGL,CE,Federal Contract Tower,0,10,5,2,17,0,0,37,0,37,0,10,42,2,54,64,0,64,118
03/04/2014,DEC,IL,AGL,CE,Federal Contract Tower,0,13,5,6,24,0,0,23,23,46,0,13,28,29,70,56,64,120,190
03/05/2014,DEC,IL,AGL,CE,Federal Contract Tower,0,12,8,3,23,0,0,20,12,32,0,12,28,15,55,40,32,72,127
03/06/2014,DEC,IL,AGL,CE,Federal Contract Tower,0,12,3,9,24,0,0,19,22,41,0,12,22,31,65,61,46,107,172
03/07/2014,DEC,IL,AGL,CE,Federal Contract Tower,0,12,12,4,28,0,0,26,6,32,0,12,38,10,60,42,28,70,130
03/08/2014,DEC,IL,AGL,CE,Federal Contract Tower,0,5,4,0,9,0,0,33,0,33,0,5,37,0,42,46,0,46,88
03/09/2014,DEC,IL,AGL,CE,Federal Contract Tower,0,9,11,0,20,0,0,32,0,32,0,9,43,0,52,60,0,60,112
03/10/2014,DEC,IL,AGL,CE,Federal Contract Tower,0,10,9,6,25,0,0,24,10,34,0,10,33,16,59,46,40,86,145
03/11/2014,DEC,IL,AGL,CE,Federal Contract Tower,0,12,13,0,25,0,0,24,32,56,0,12,37,32,81,68,64,132,213
03/12/2014,DEC,IL,AGL,CE,Federal Contract Tower,0,11,1,8,20,0,0,17,6,23,0,11,18,14,43,25,19,44,87
03/13/2014,DEC,IL,AGL,CE,Federal Contract Tower,0,13,2,6,21,0,0,28,20,48,0,13,30,26,69,63,53,116,185
03/14/2014,DEC,IL,AGL,CE,Federal Contract Tower,0,9,4,6,19,0,0,24,5,29,0,9,28,11,48,18,10,28,76
03/15/2014,DEC,IL,AGL,CE,Federal Contract Tower,0,5,4,0,9,0,0,32,2,34,0,5,36,2,43,113,6,119,162
03/16/2014,DEC,IL,AGL,CE,Federal Contract Tower,0,8,7,0,15,0,0,23,0,23,0,8,30,0,38,37,0,37,75
03/17/2014,DEC,IL,AGL,CE,Federal Contract Tower,0,11,11,2,24,0,0,43,0,43,0,11,54,2,67,80,0,80,147
03/18/2014,DEC,IL,AGL,CE,Federal Contract Tower,0,12,7,6,25,0,0,25,21,46,0,12,32,27,71,48,60,108,179
03/19/2014,DEC,IL,AGL,CE,Federal Contract Tower,0,10,2,4,16,0,0,14,14,28,0,10,16,18,44,29,27,56,100
03/20/2014,DEC,IL,AGL,CE,Federal Contract Tower,0,12,5,4,21,0,0,30,25,55,0,12,35,29,76,66,51,117,193
03/21/2014,DEC,IL,AGL,CE,Federal Contract Tower,0,11,16,0,27,0,0,20,6,26,0,11,36,6,53,46,24,70,123
03/22/2014,DEC,IL,AGL,CE,Federal Contract Tower,0,6,2,0,8,0,0,18,8,26,0,6,20,8,34,48,12,60,94
03/23/2014,DEC,IL,AGL,CE,Federal Contract Tower,0,7,8,0,15,0,0,26,6,32,0,7,34,6,47,61,13,74,121
03/24/2014,DEC,IL,AGL,CE,Federal Contract Tower,0,11,6,2,19,0,0,34,10,44,0,11,40,12,63,48,34,82,145
03/25/2014,DEC,IL,AGL,CE,Federal Contract Tower,0,12,4,3,19,0,0,28,28,56,0,12,32,31,75,62,74,136,211
03/26/2014,DEC,IL,AGL,CE,Federal Contract Tower,0,12,2,0,14,0,0,30,20,50,0,12,32,20,64,27,34,61,125
03/27/2014,DEC,IL,AGL,CE,Federal Contract Tower,0,12,9,0,21,0,0,13,13,26,0,12,22,13,47,26,14,40,87
03/28/2014,DEC,IL,AGL,CE,Federal Contract Tower,0,14,22,2,38,0,0,15,5,20,0,14,37,7,58,34,4,38,96
03/29/2014,DEC,IL,AGL,CE,Federal Contract Tower,0,5,3,0,8,0,0,31,8,39,0,5,34,8,47,54,0,54,101
03/30/2014,DEC,IL,AGL,CE,Federal Contract Tower,0,11,6,1,18,0,0,38,3,41,0,11,44,4,59,60,0,60,119
03/31/2014,DEC,IL,AGL,CE,Federal Contract Tower,0,11,7,2,20,0,0,24,11,35,0,11,31,13,55,54,28,82,137
04/01/2014,DEC,IL,AGL,CE,Federal Contract Tower,0,12,13,2,27,0,0,28,19,47,0,12,41,21,74,66,64,130,204
04/02/2014,DEC,IL,AGL,CE,Federal Contract Tower,0,16,11,7,34,0,0,11,7,18,0,16,22,14,52,14,24,38,90
04/03/2014,DEC,IL,AGL,CE,Federal Contract Tower,0,11,4,19,34,0,0,0,2,2,0,11,4,21,36,0,4,4,40
04/04/2014,DEC,IL,AGL,CE,Federal Contract Tower,0,14,13,4,31,0,0,9,5,14,0,14,22,9,45,17,10,27,72
04/05/2014,DEC,IL,AGL,CE,Federal Contract Tower,0,6,13,0,19,0,0,47,0,47,0,6,60,0,66,74,0,74,140
04/06/2014,DEC,IL,AGL,CE,Federal Contract Tower,0,9,7,0,16,0,0,35,3,38,0,9,42,3,54,59,0,59,113
04/07/2014,DEC,IL,AGL,CE,Federal Contract Tower,0,13,6,2,21,0,0,17,26,43,0,13,23,28,64,36,50,86,150
04/08/2014,DEC,IL,AGL,CE,Federal Contract Tower,0,10,8,6,24,0,0,33,35,68,0,10,41,41,92,56,58,114,206
04/09/2014,DEC,IL,AGL,CE,Federal Contract Tower,0,13,4,3,20,0,0,29,14,43,0,13,33,17,63,41,36,77,140
04/10/2014,DEC,IL,AGL,CE,Federal Contract Tower,0,12,15,4,31,0,0,23,16,39,0,12,38,20,70,34,50,84,154
04/11/2014,DEC,IL,AGL,CE,Federal Contract Tower,0,13,12,1,26,0,0,29,8,37,0,13,41,9,63,32,14,46,109
04/12/2014,DEC,IL,AGL,CE,Federal Contract Tower,0,5,3,0,8,0,0,16,13,29,0,5,19,13,37,32,5,37,74
04/13/2014,DEC,IL,AGL,CE,Federal Contract Tower,0,8,0,0,8,0,0,17,1,18,0,8,17,1,26,30,0,30,56
04/14/2014,DEC,IL,AGL,CE,Federal Contract Tower,0,11,7,0,18,0,0,10,4,14,0,11,17,4,32,26,0,26,58
04/15/2014,DEC,IL,AGL,CE,Federal Contract Tower,0,12,4,4,20,0,0,37,21,58,0,12,41,25,78,42,68,110,188
04/16/2014,DEC,IL,AGL,CE,Federal Contract Tower,0,12,17,3,32,0,0,22,16,38,0,12,39,19,70,30,33,63,133
04/17/2014,DEC,IL,AGL,CE,Federal Contract Tower,0,16,11,6,33,0,0,36,24,60,0,16,47,30,93,54,85,139,232
04/18/2014,DEC,IL,AGL,CE,Federal Contract Tower,0,16,14,2,32,0,0,44,4,48,0,16,58,6,80,88,6,94,174
04/19/2014,DEC,IL,AGL,CE,Federal Contract Tower,0,6,9,1,16,0,0,35,0,35,0,6,44,1,51,48,0,48,99
04/20/2014,DEC,IL,AGL,CE,Federal Contract Tower,0,8,4,0,12,0,0,35,0,35,0,8,39,0,47,44,0,44,91
04/21/2014,DEC,IL,AGL,CE,Federal Contract Tower,0,11,3,2,16,0,0,21,12,33,0,11,24,14,49,56,44,100,149
04/22/2014,DEC,IL,AGL,CE,Federal Contract Tower,0,12,9,7,28,0,0,26,37,63,0,12,35,44,91,52,44,96,187
04/23/2014,DEC,IL,AGL,CE,Federal Contract Tower,0,12,13,2,27,0,0,27,10,37,0,12,40,12,64,67,18,85,149
04/24/2014,DEC,IL,AGL,CE,Federal Contract Tower,0,12,5,2,19,0,0,20,18,38,0,12,25,20,57,44,17,61,118
04/25/2014,DEC,IL,AGL,CE,Federal Contract Tower,0,16,9,2,27,0,0,24,2,26,0,16,33,4,53,53,0,53,106
04/26/2014,DEC,IL,AGL,CE,Federal Contract Tower,0,6,8,0,14,0,0,30,0,30,0,6,38,0,44,50,0,50,94
04/27/2014,DEC,IL,AGL,CE,Federal Contract Tower,0,5,2,0,7,0,0,28,0,28,0,5,30,0,35,68,0,68,103
04/28/2014,DEC,IL,AGL,CE,Federal Contract Tower,0,11,3,0,14,0,0,29,5,34,0,11,32,5,48,39,20,59,107
04/29/2014,DEC,IL,AGL,CE,Federal Contract Tower,0,12,8,6,26,0,0,21,30,51,0,12,29,36,77,71,85,156,233
04/30/2014,DEC,IL,AGL,CE,Federal Contract Tower,0,12,12,13,37,0,0,6,15,21,0,12,18,28,58,22,18,40,98
05/01/2014,DEC,IL,AGL,CE,Federal Contract Tower,0,18,14,7,39,0,0,23,14,37,0,18,37,21,76,61,16,77,153
05/02/2014,DEC,IL,AGL,CE,Federal Contract Tower,0,12,0,2,14,0,0,36,10,46,0,12,36,12,60,70,10,80,140
05/03/2014,DEC,IL,AGL,CE,Federal Contract Tower,0,5,11,0,16,0,0,29,6,35,0,5,40,6,51,84,12,96,147
05/04/2014,DEC,IL,AGL,CE,Federal Contract Tower,0,8,4,2,14,0,0,33,8,41,0,8,37,10,55,54,22,76,131
05/05/2014,DEC,IL,AGL,CE,Federal Contract Tower,0,11,6,2,19,0,0,30,9,39,0,11,36,11,58,57,40,97,155
05/06/2014,DEC,IL,AGL,CE,Federal Contract Tower,0,12,2,6,20,0,0,34,10,44,0,12,36,16,64,67,11,78,142
05/07/2014,DEC,IL,AGL,CE,Federal Contract Tower,0,12,8,4,24,0,0,21,10,31,0,12,29,14,55,26,22,48,103
05/08/2014,DEC,IL,AGL,CE,Federal Contract Tower,0,14,7,3,24,0,0,26,11,37,0,14,33,14,61,56,0,56,117
05/09/2014,DEC,IL,AGL,CE,Federal Contract Tower,0,12,4,0,16,0,0,26,6,32,0,12,30,6,48,36,6,42,90
05/10/2014,DEC,IL,AGL,CE,Federal Contract Tower,0,6,10,0,16,0,0,46,0,46,0,6,56,0,62,70,0,70,132
05/11/2014,DEC,IL,AGL,CE,Federal Contract Tower,0,6,8,0,14,0,0,35,0,35,0,6,43,0,49,48,0,48,97
05/12/2014,DEC,IL,AGL,CE,Federal Contract Tower,0,9,4,0,13,0,0,31,0,31,0,9,35,0,44,56,0,56,100
05/13/2014,DEC,IL,AGL,CE,Federal Contract Tower,0,12,21,4,37,0,0,10,11,21,0,12,31,15,58,21,23,44,102
05/14/2014,DEC,IL,AGL,CE,Federal Contract Tower,0,15,25,4,44,0,0,15,9,24,0,15,40,13,68,44,20,64,132
05/15/2014,DEC,IL,AGL,CE,Federal Contract Tower,0,13,7,2,22,0,0,22,12,34,0,13,29,14,56,27,16,43,99
05/16/2014,DEC,IL,AGL,CE,Federal Contract Tower,0,14,17,0,31,0,0,26,2,28,0,14,43,2,59,50,10,60,119
05/17/2014,DEC,IL,AGL,CE,Federal Contract Tower,0,7,6,1,14,0,0,46,3,49,0,7,52,4,63,88,0,88,151
05/18/2014,DEC,IL,AGL,CE,Federal Contract Tower,0,8,8,0,16,0,0,51,9,60,0,8,59,9,76,64,8,72,148
05/19/2014,DEC,IL,AGL,CE,Federal Contract Tower,0,11,15,3,29,0,0,28,5,33,0,11,43,8,62,46,14,60,122
05/20/2014,DEC,IL,AGL,CE,Federal Contract Tower,0,14,11,5,30,0,0,31,29,60,0,14,42,34,90,50,51,101,191
05/21/2014,DEC,IL,AGL,CE,Federal Contract Tower,0,13,11,2,26,0,0,23,22,45,0,13,34,24,71,40,45,85,156
05/22/2014,DEC,IL,AGL,CE,Federal Contract Tower,0,14,13,2,29,0,0,22,12,34,0,14,35,14,63,51,43,94,157
05/23/2014,DEC,IL,AGL,CE,Federal Contract Tower,0,10,9,0,19,0,0,36,3,39,0,10,45,3,58,45,0,45,103
05/24/2014,DEC,IL,AGL,CE,Federal Contract Tower,0,5,8,0,13,0,0,138,0,138,0,5,146,0,151,46,0,46,197
05/25/2014,DEC,IL,AGL,CE,Federal Contract Tower,0,8,6,0,14,0,0,26,0,26,0,8,32,0,40,70,0,70,110
05/26/2014,DEC,IL,AGL,CE,Federal Contract Tower,0,11,3,0,14,0,0,24,0,24,0,11,27,0,38,43,0,43,81
05/27/2014,DEC,IL,AGL,CE,Federal Contract Tower,0,14,11,1,26,0,0,18,19,37,0,14,29,20,63,39,36,75,138
05/28/2014,DEC,IL,AGL,CE,Federal Contract Tower,0,11,10,5,26,0,0,14,18,32,0,11,24,23,58,22,6,28,86
05/29/2014,DEC,IL,AGL,CE,Federal Contract Tower,0,10,19,0,29,0,0,17,3,20,0,10,36,3,49,43,0,43,92
05/30/2014,DEC,IL,AGL,CE,Federal Contract Tower,0,14,4,3,21,0,0,32,6,38,0,14,36,9,59,70,11,81,140
05/31/2014,DEC,IL,AGL,CE,Federal Contract Tower,0,6,3,0,9,0,0,33,0,33,0,6,36,0,42,52,0,52,94
06/01/2014,DEC,IL,AGL,CE,Federal Contract Tower,0,8,3,0,11,0,0,27,0,27,0,8,30,0,38,62,0,62,100
06/02/2014,DEC,IL,AGL,CE,Federal Contract Tower,0,12,7,2,21,0,0,22,10,32,0,12,29,12,53,44,12,56,109
06/03/2014,DEC,IL,AGL,CE,Federal Contract Tower,0,13,15,3,31,0,0,24,22,46,0,13,39,25,77,47,42,89,166
06/04/2014,DEC,IL,AGL,CE,Federal Contract Tower,0,22,8,8,38,0,0,14,7,21,0,22,22,15,59,21,26,47,106
06/05/2014,DEC,IL,AGL,CE,Federal Contract Tower,0,13,17,0,30,0,0,21,23,44,0,13,38,23,74,45,64,109,183
06/06/2014,DEC,IL,AGL,CE,Federal Contract Tower,0,12,13,0,25,0,0,39,12,51,0,12,52,12,76,58,24,82,158
06/07/2014,DEC,IL,AGL,CE,Federal Contract Tower,0,5,5,1,11,0,0,30,12,42,0,5,35,13,53,34,12,46,99
06/08/2014,DEC,IL,AGL,CE,Federal Contract Tower,0,8,5,0,13,0,0,24,1,25,0,8,29,1,38,94,0,94,132
06/09/2014,DEC,IL,AGL,CE,Federal Contract Tower,0,11,12,0,23,0,0,29,0,29,0,11,41,0,52,43,0,43,95
06/10/2014,DEC,IL,AGL,CE,Federal Contract Tower,0,13,11,2,26,0,0,8,0,8,0,13,19,2,34,12,0,12,46
06/11/2014,DEC,IL,AGL,CE,Federal Contract Tower,0,14,11,12,37,0,0,3,4,7,0,14,14,16,44,5,7,12,56
06/12/2014,DEC,IL,AGL,CE,Federal Contract Tower,0,13,9,2,24,0,0,19,4,23,0,13,28,6,47,48,6,54,101
06/13/2014,DEC,IL,AGL,CE,Federal Contract Tower,0,14,13,2,29,0,0,38,2,40,0,14,51,4,69,60,0,60,129
06/14/2014,DEC,IL,AGL,CE,Federal Contract Tower,0,7,11,0,18,0,0,44,0,44,0,7,55,0,62,72,0,72,134
06/15/2014,DEC,IL,AGL,CE,Federal Contract Tower,0,9,2,0,11,0,0,26,0,26,0,9,28,0,37,68,0,68,105
06/16/2014,DEC,IL,AGL,CE,Federal Contract Tower,0,13,7,0,20,0,0,24,10,34,0,13,31,10,54,90,30,120,174
06/17/2014,DEC,IL,AGL,CE,Federal Contract Tower,0,12,6,2,20,0,0,17,13,30,0,12,23,15,50,43,16,59,109
06/18/2014,DEC,IL,AGL,CE,Federal Contract Tower,0,11,8,2,21,0,0,16,9,25,0,11,24,11,46,25,3,28,74
06/19/2014,DEC,IL,AGL,CE,Federal Contract Tower,0,11,3,2,16,0,0,17,10,27,0,11,20,12,43,41,21,62,105
06/20/2014,DEC,IL,AGL,CE,Federal Contract Tower,0,12,9,0,21,0,0,31,1,32,0,12,40,1,53,54,0,54,107
06/21/2014,DEC,IL,AGL,CE,Federal Contract Tower,0,5,7,0,12,0,0,33,0,33,0,5,40,0,45,66,0,66,111
06/22/2014,DEC,IL,AGL,CE,Federal Contract Tower,0,9,4,0,13,0,0,28,0,28,0,9,32,0,41,65,0,65,106
06/23/2014,DEC,IL,AGL,CE,Federal Contract Tower,0,16,12,0,28,0,0,28,9,37,0,16,40,9,65,58,18,76,141
06/24/2014,DEC,IL,AGL,CE,Federal Contract Tower,0,10,11,8,29,0,0,22,19,41,0,10,33,27,70,61,109,170,240
06/25/2014,DEC,IL,AGL,CE,Federal Contract Tower,0,10,9,6,25,0,0,26,13,39,0,10,35,19,64,55,19,74,138
06/26/2014,DEC,IL,AGL,CE,Federal Contract Tower,0,12,6,3,21,0,0,21,20,41,0,12,27,23,62,36,50,86,148
06/27/2014,DEC,IL,AGL,CE,Federal Contract Tower,0,11,6,0,17,0,0,21,6,27,0,11,27,6,44,35,4,39,83
06/28/2014,DEC,IL,AGL,CE,Federal Contract Tower,0,7,2,0,9,0,0,24,0,24,0,7,26,0,33,80,0,80,113
06/29/2014,DEC,IL,AGL,CE,Federal Contract Tower,0,8,9,0,17,0,0,23,6,29,0,8,32,6,46,50,40,90,136
06/30/2014,DEC,IL,AGL,CE,Federal Contract Tower,0,11,7,4,22,0,0,27,8,35,0,11,34,12,57,42,12,54,111
07/01/2014,DEC,IL,AGL,CE,Federal Contract Tower,0,12,5,0,17,0,0,40,15,55,0,12,45,15,72,34,21,55,127
07/02/2014,DEC,IL,AGL,CE,Federal Contract Tower,0,12,5,0,17,0,0,31,8,39,0,12,36,8,56,60,0,60,116
07/03/2014,DEC,IL,AGL,CE,Federal Contract Tower,0,13,12,0,25,0,0,24,0,24,0,13,36,0,49,62,0,62,111
07/04/2014,DEC,IL,AGL,CE,Federal Contract Tower,0,9,5,0,14,0,0,38,0,38,0,9,43,0,52,43,0,43,95
07/05/2014,DEC,IL,AGL,CE,Federal Contract Tower,0,5,4,0,9,0,0,34,0,34,0,5,38,0,43,76,0,76,119
07/06/2014,DEC,IL,AGL,CE,Federal Contract Tower,0,8,8,0,16,0,0,28,0,28,0,8,36,0,44,86,0,86,130
07/07/2014,DEC,IL,AGL,CE,Federal Contract Tower,0,11,10,0,21,0,0,26,4,30,0,11,36,4,51,58,10,68,119
07/08/2014,DEC,IL,AGL,CE,Federal Contract Tower,0,12,6,4,22,0,0,21,28,49,0,12,27,32,71,28,43,71,142
07/09/2014,DEC,IL,AGL,CE,Federal Contract Tower,0,11,17,0,28,0,0,26,18,44,0,11,43,18,72,46,12,58,130
07/10/2014,DEC,IL,AGL,CE,Federal Contract Tower,0,11,12,4,27,0,0,31,16,47,0,11,43,20,74,44,50,94,168
07/11/2014,DEC,IL,AGL,CE,Federal Contract Tower,0,12,14,2,28,0,0,50,7,57,0,12,64,9,85,86,18,104,189
07/12/2014,DEC,IL,AGL,CE,Federal Contract Tower,0,7,3,0,10,0,0,31,23,54,0,7,34,23,64,36,56,92,156
07/13/2014,DEC,IL,AGL,CE,Federal Contract Tower,0,7,3,3,13,0,0,26,11,37,0,7,29,14,50,48,38,86,136
07/14/2014,DEC,IL,AGL,CE,Federal Contract Tower,0,8,4,2,14,0,0,23,8,31,0,8,27,10,45,43,14,57,102
07/15/2014,DEC,IL,AGL,CE,Federal Contract Tower,0,13,9,3,25,0,0,74,22,96,0,13,83,25,121,9,3,12,133
07/16/2014,DEC,IL,AGL,CE,Federal Contract Tower,0,12,9,3,24,0,0,19,15,34,0,12,28,18,58,18,44,62,120
07/17/2014,DEC,IL,AGL,CE,Federal Contract Tower,0,13,9,7,29,0,0,32,13,45,0,13,41,20,74,71,51,122,196
07/18/2014,DEC,IL,AGL,CE,Federal Contract Tower,0,12,8,0,20,0,0,29,2,31,0,12,37,2,51,68,0,68,119
07/19/2014,DEC,IL,AGL,CE,Federal Contract Tower,0,5,7,0,12,0,0,46,0,46,0,5,53,0,58,101,0,101,159
07/20/2014,DEC,IL,AGL,CE,Federal Contract Tower,0,8,1,0,9,0,0,32,4,36,0,8,33,4,45,62,22,84,129
07/21/2014,DEC,IL,AGL,CE,Federal Contract Tower,0,10,7,0,17,0,0,32,6,38,0,10,39,6,55,51,12,63,118
07/22/2014,DEC,IL,AGL,CE,Federal Contract Tower,0,12,11,0,23,0,0,23,20,43,0,12,34,20,66,39,31,70,136
07/23/2014,DEC,IL,AGL,CE,Federal Contract Tower,0,18,12,4,34,0,0,11,10,21,0,18,23,14,55,17,8,25,80
07/24/2014,DEC,IL,AGL,CE,Federal Contract Tower,0,17,13,12,42,0,0,28,19,47,0,17,41,31,89,48,40,88,177
07/25/2014,DEC,IL,AGL,CE,Federal Contract Tower,0,13,7,2,22,0,0,24,7,31,0,13,31,9,53,61,19,80,133
07/26/2014,DEC,IL,AGL,CE,Federal Contract Tower,0,5,6,0,11,0,0,26,8,34,0,5,32,8,45,59,30,89,134
07/27/2014,DEC,IL,AGL,CE,Federal Contract Tower,0,8,7,0,15,0,0,23,6,29,0,8,30,6,44,33,22,55,99
07/28/2014,DEC,IL,AGL,CE,Federal Contract Tower,0,14,16,2,32,0,0,34,6,40,0,14,50,8,72,36,4,40,112
07/29/2014,DEC,IL,AGL,CE,Federal Contract Tower,0,14,13,5,32,0,0,42,15,57,0,14,55,20,89,44,34,78,167
07/30/2014,DEC,IL,AGL,CE,Federal Contract Tower,0,12,16,3,31,0,0,44,2,46,0,12,60,5,77,64,0,64,141
07/31/2014,DEC,IL,AGL,CE,Federal Contract Tower,0,16,9,0,25,0,0,37,14,51,0,16,46,14,76,85,22,107,183
08/01/2014,DEC,IL,AGL,CE,Federal Contract Tower,0,15,11,2,28,0,0,32,14,46,0,15,43,16,74,73,20,93,167
08/02/2014,DEC,IL,AGL,CE,Federal Contract Tower,0,5,7,0,12,0,0,46,5,51,0,5,53,5,63,61,4,65,128
08/03/2014,DEC,IL,AGL,CE,Federal Contract Tower,0,12,13,1,26,0,0,31,1,32,0,12,44,2,58,39,0,39,97
08/04/2014,DEC,IL,AGL,CE,Federal Contract Tower,2,8,10,0,20,0,0,25,1,26,2,8,35,1,46,76,0,76,122
08/05/2014,DEC,IL,AGL,CE,Federal Contract Tower,0,12,9,1,22,0,0,31,23,54,0,12,40,24,76,51,93,144,220
08/06/2014,DEC,IL,AGL,CE,Federal Contract Tower,0,13,6,2,21,0,0,22,14,36,0,13,28,16,57,33,28,61,118
08/07/2014,DEC,IL,AGL,CE,Federal Contract Tower,0,13,7,0,20,0,0,18,4,22,0,13,25,4,42,53,5,58,100
08/08/2014,DEC,IL,AGL,CE,Federal Contract Tower,0,14,6,2,22,0,0,2,0,2,0,14,8,2,24,12,0,12,36
08/09/2014,DEC,IL,AGL,CE,Federal Contract Tower,0,5,9,3,17,0,0,18,22,40,0,5,27,25,57,28,35,63,120
08/10/2014,DEC,IL,AGL,CE,Federal Contract Tower,0,8,1,1,10,0,0,26,4,30,0,8,27,5,40,34,8,42,82
08/11/2014,DEC,IL,AGL,CE,Federal Contract Tower,0,13,11,6,30,0,0,15,0,15,0,13,26,6,45,20,4,24,69
08/12/2014,DEC,IL,AGL,CE,Federal Contract Tower,0,11,9,0,20,0,0,25,0,25,0,11,34,0,45,40,0,40,85
08/13/2014,DEC,IL,AGL,CE,Federal Contract Tower,0,12,9,0,21,0,0,30,2,32,0,12,39,2,53,62,0,62,115
08/14/2014,DEC,IL,AGL,CE,Federal Contract Tower,0,13,4,1,18,0,0,24,26,50,0,13,28,27,68,87,46,133,201
08/15/2014,DEC,IL,AGL,CE,Federal Contract Tower,0,14,5,0,19,0,0,34,9,43,0,14,39,9,62,52,32,84,146
08/16/2014,DEC,IL,AGL,CE,Federal Contract Tower,0,5,7,0,12,0,0,27,0,27,0,5,34,0,39,55,0,55,94
08/17/2014,DEC,IL,AGL,CE,Federal Contract Tower,0,8,2,0,10,0,0,15,0,15,0,8,17,0,25,22,0,22,47
08/18/2014,DEC,IL,AGL,CE,Federal Contract Tower,0,10,5,0,15,0,0,15,0,15,0,10,20,0,30,9,0,9,39
08/19/2014,DEC,IL,AGL,CE,Federal Contract Tower,0,15,5,1,21,0,0,23,21,44,0,15,28,22,65,48,46,94,159
08/20/2014,DEC,IL,AGL,CE,Federal Contract Tower,0,16,1,5,22,0,0,29,8,37,0,16,30,13,59,41,4,45,104
08/21/2014,DEC,IL,AGL,CE,Federal Contract Tower,0,10,3,2,15,0,0,31,12,43,0,10,34,14,58,75,22,97,155
08/22/2014,DEC,IL,AGL,CE,Federal Contract Tower,0,12,5,0,17,0,0,22,10,32,0,12,27,10,49,59,32,91,140
08/23/2014,DEC,IL,AGL,CE,Federal Contract Tower,0,5,10,0,15,0,0,15,4,19,0,5,25,4,34,42,20,62,96
08/24/2014,DEC,IL,AGL,CE,Federal Contract Tower,0,9,3,0,12,0,0,26,0,26,0,9,29,0,38,76,0,76,114
08/25/2014,DEC,IL,AGL,CE,Federal Contract Tower,0,10,8,0,18,0,0,21,2,23,0,10,29,2,41,34,6,40,81
08/26/2014,DEC,IL,AGL,CE,Federal Contract Tower,0,10,13,0,23,0,0,22,9,31,0,10,35,9,54,32,32,64,118
08/27/2014,DEC,IL,AGL,CE,Federal Contract Tower,0,12,19,2,33,0,0,25,11,36,0,12,44,13,69,43,10,53,122
08/28/2014,DEC,IL,AGL,CE,Federal Contract Tower,0,13,24,1,38,0,0,34,6,40,0,13,58,7,78,93,13,106,184
08/29/2014,DEC,IL,AGL,CE,Federal Contract Tower,0,12,11,0,23,0,0,31,6,37,0,12,42,6,60,69,18,87,147
08/30/2014,DEC,IL,AGL,CE,Federal Contract Tower,0,5,7,0,12,0,0,63,0,63,0,5,70,0,75,76,0,76,151
08/31/2014,DEC,IL,AGL,CE,Federal Contract Tower,0,10,8,0,18,0,0,23,0,23,0,10,31,0,41,43,0,43,84
09/01/2014,DEC,IL,AGL,CE,Federal Contract Tower,0,12,3,0,15,0,0,11,0,11,0,12,14,0,26,19,0,19,45
09/02/2014,DEC,IL,AGL,CE,Federal Contract Tower,0,13,12,4,29,0,0,9,9,18,0,13,21,13,47,13,14,27,74
09/03/2014,DEC,IL,AGL,CE,Federal Contract Tower,0,12,3,1,16,0,0,27,1,28,0,12,30,2,44,48,12,60,104
09/04/2014,DEC,IL,AGL,CE,Federal Contract Tower,0,1,12,14,27,0,0,25,10,35,0,1,37,24,62,70,22,92,154
09/05/2014,DEC,IL,AGL,CE,Federal Contract Tower,0,10,9,0,19,0,0,21,7,28,0,10,30,7,47,61,34,95,142
09/06/2014,DEC,IL,AGL,CE,Federal Contract Tower,0,6,3,0,9,0,0,31,6,37,0,6,34,6,46,41,18,59,105
09/07/2014,DEC,IL,AGL,CE,Federal Contract Tower,0,9,2,0,11,0,0,33,4,37,0,9,35,4,48,54,0,54,102
09/08/2014,DEC,IL,AGL,CE,Federal Contract Tower,0,11,9,0,20,0,0,25,4,29,0,11,34,4,49,34,4,38,87
09/09/2014,DEC,IL,AGL,CE,Federal Contract Tower,0,12,8,0,20,0,0,14,2,16,0,12,22,2,36,22,0,22,58
09/10/2014,DEC,IL,AGL,CE,Federal Contract Tower,0,12,1,0,13,0,0,18,0,18,0,12,19,0,31,50,0,50,81
09/11/2014,DEC,IL,AGL,CE,Federal Contract Tower,0,14,3,5,22,0,0,11,22,33,0,14,14,27,55,49,26,75,130
09/12/2014,DEC,IL,AGL,CE,Federal Contract Tower,0,11,5,2,18,0,0,35,11,46,0,11,40,13,64,50,36,86,150
09/13/2014,DEC,IL,AGL,CE,Federal Contract Tower,0,5,11,0,16,0,0,29,4,33,0,5,40,4,49,57,12,69,118
09/14/2014,DEC,IL,AGL,CE,Federal Contract Tower,0,8,4,0,12,0,0,38,0,38,0,8,42,0,50,70,0,70,120
09/15/2014,DEC,IL,AGL,CE,Federal Contract Tower,0,12,12,0,24,0,0,10,2,12,0,12,22,2,36,21,6,27,63
09/16/2014,DEC,IL,AGL,CE,Federal Contract Tower,0,14,2,6,22,0,0,23,1,24,0,14,25,7,46,49,10,59,105
09/17/2014,DEC,IL,AGL,CE,Federal Contract Tower,0,17,4,2,23,0,0,35,5,40,0,17,39,7,63,46,10,56,119
09/18/2014,DEC,IL,AGL,CE,Federal Contract Tower,0,15,8,0,23,0,0,27,10,37,0,15,35,10,60,83,20,103,163
09/19/2014,DEC,IL,AGL,CE,Federal Contract Tower,0,15,5,0,20,0,0,34,5,39,0,15,39,5,59,74,20,94,153
09/20/2014,DEC,IL,AGL,CE,Federal Contract Tower,0,5,2,0,7,0,0,73,0,73,0,5,75,0,80,44,0,44,124
09/21/2014,DEC,IL,AGL,CE,Federal Contract Tower,0,9,6,0,15,0,0,24,4,28,0,9,30,4,43,51,20,71,114
09/22/2014,DEC,IL,AGL,CE,Federal Contract Tower,0,15,12,0,27,0,0,24,0,24,0,15,36,0,51,73,0,73,124
09/23/2014,DEC,IL,AGL,CE,Federal Contract Tower,0,13,8,2,23,0,0,30,10,40,0,13,38,12,63,39,12,51,114
09/24/2014,DEC,IL,AGL,CE,Federal Contract Tower,0,13,10,0,23,0,0,32,1,33,0,13,42,1,56,68,0,68,124
09/25/2014,DEC,IL,AGL,CE,Federal Contract Tower,0,12,11,2,25,0,0,27,8,35,0,12,38,10,60,86,10,96,156
09/26/2014,DEC,IL,AGL,CE,Federal Contract Tower,0,5,17,0,22,0,1,39,0,40,0,6,56,0,62,121,0,121,183
09/27/2014,DEC,IL,AGL,CE,Federal Contract Tower,0,2,0,0,2,0,1,40,8,49,0,3,40,8,51,53,7,60,111
09/28/2014,DEC,IL,AGL,CE,Federal Contract Tower,0,6,8,0,14,0,0,36,6,42,0,6,44,6,56,49,12,61,117
09/29/2014,DEC,IL,AGL,CE,Federal Contract Tower,0,8,4,0,12,0,0,29,0,29,0,8,33,0,41,59,0,59,100
09/30/2014,DEC,IL,AGL,CE,Federal Contract Tower,0,12,17,2,31,0,0,17,0,17,0,12,34,2,48,26,0,26,74
10/01/2014,DEC,IL,AGL,CE,Federal Contract Tower,0,14,7,0,21,0,0,34,0,34,0,14,41,0,55,76,0,76,131
10/02/2014,DEC,IL,AGL,CE,Federal Contract Tower,0,12,5,0,17,0,0,22,0,22,0,12,27,0,39,40,0,40,79
10/03/2014,DEC,IL,AGL,CE,Federal Contract Tower,0,16,5,0,21,0,0,24,6,30,0,16,29,6,51,70,20,90,141
10/04/2014,DEC,IL,AGL,CE,Federal Contract Tower,0,5,5,0,10,0,0,27,0,27,0,5,32,0,37,54,0,54,91
10/05/2014,DEC,IL,AGL,CE,Federal Contract Tower,0,9,3,0,12,0,0,35,0,35,0,9,38,0,47,48,0,48,95
10/06/2014,DEC,IL,AGL,CE,Federal Contract Tower,0,13,8,0,21,0,0,27,0,27,0,13,35,0,48,51,0,51,99
10/07/2014,DEC,IL,AGL,CE,Federal Contract Tower,0,13,10,0,23,0,0,22,2,24,0,13,32,2,47,64,5,69,116
10/08/2014,DEC,IL,AGL,CE,Federal Contract Tower,0,12,5,0,17,0,0,32,8,40,0,12,37,8,57,62,0,62,119
10/09/2014,DEC,IL,AGL,CE,Federal Contract Tower,0,10,7,0,17,0,0,18,4,22,0,10,25,4,39,83,13,96,135
10/10/2014,DEC,IL,AGL,CE,Federal Contract Tower,0,14,10,0,24,0,0,22,0,22,0,14,32,0,46,78,0,78,124
10/11/2014,DEC,IL,AGL,CE,Federal Contract Tower,0,7,6,0,13,0,0,34,0,34,0,7,40,0,47,84,0,84,131
10/12/2014,DEC,IL,AGL,CE,Federal Contract Tower,0,8,8,0,16,0,0,21,0,21,0,8,29,0,37,51,0,51,88
10/13/2014,DEC,IL,AGL,CE,Federal Contract Tower,0,8,8,0,16,0,0,6,0,6,0,8,14,0,22,19,0,19,41
10/14/2014,DEC,IL,AGL,CE,Federal Contract Tower,0,13,11,0,24,0,0,10,0,10,0,13,21,0,34,21,0,21,55
10/15/2014,DEC,IL,AGL,CE,Federal Contract Tower,0,13,3,0,16,0,0,14,0,14,0,13,17,0,30,22,0,22,52
10/16/2014,DEC,IL,AGL,CE,Federal Contract Tower,0,14,8,0,22,0,0,29,4,33,0,14,37,4,55,83,0,83,138
10/17/2014,DEC,IL,AGL,CE,Federal Contract Tower,0,14,8,0,22,0,0,24,14,38,0,14,32,14,60,60,36,96,156
10/18/2014,DEC,IL,AGL,CE,Federal Contract Tower,0,5,4,0,9,0,0,17,15,32,0,5,21,15,41,47,29,76,117
10/19/2014,DEC,IL,AGL,CE,Federal Contract Tower,0,8,14,4,26,0,0,34,11,45,0,8,48,15,71,40,34,74,145
10/20/2014,DEC,IL,AGL,CE,Federal Contract Tower,0,15,14,0,29,0,0,20,4,24,0,15,34,4,53,32,32,64,117
10/21/2014,DEC,IL,AGL,CE,Federal Contract Tower,0,15,6,8,29,0,0,23,12,35,0,15,29,20,64,34,27,61,125
10/22/2014,DEC,IL,AGL,CE,Federal Contract Tower,0,10,5,0,15,0,0,25,2,27,0,10,30,2,42,56,0,56,98
10/23/2014,DEC,IL,AGL,CE,Federal Contract Tower,0,14,5,3,22,0,0,29,20,49,0,14,34,23,71,83,35,118,189
10/24/2014,DEC,IL,AGL,CE,Federal Contract Tower,0,20,20,0,40,0,0,24,8,32,0,20,44,8,72,60,6,66,138
10/25/2014,DEC,IL,AGL,CE,Federal Contract Tower,0,5,1,0,6,0,0,32,3,35,0,5,33,3,41,78,8,86,127
10/26/2014,DEC,IL,AGL,CE,Federal Contract Tower,0,8,3,0,11,0,0,27,0,27,0,8,30,0,38,66,0,66,104
10/27/2014,DEC,IL,AGL,CE,Federal Contract Tower,0,13,14,0,27,0,0,18,0,18,0,13,32,0,45,46,0,46,91
10/28/2014,DEC,IL,AGL,CE,Federal Contract Tower,0,13,14,2,29,0,0,13,17,30,0,13,27,19,59,33,68,101,160
10/29/2014,DEC,IL,AGL,CE,Federal Contract Tower,0,14,10,2,26,0,0,34,11,45,0,14,44,13,71,54,42,96,167
10/30/2014,DEC,IL,AGL,CE,Federal Contract Tower,0,12,17,2,31,0,0,24,16,40,0,12,41,18,71,40,72,112,183
10/31/2014,DEC,IL,AGL,CE,Federal Contract Tower,0,8,6,0,14,0,0,20,0,20,0,8,26,0,34,25,0,25,59
11/01/2014,DEC,IL,AGL,CE,Federal Contract Tower,0,7,2,0,9,0,0,20,21,41,0,7,22,21,50,36,42,78,128
11/02/2014,DEC,IL,AGL,CE,Federal Contract Tower,0,8,3,0,11,0,0,24,1,25,0,8,27,1,36,92,0,92,128
11/03/2014,DEC,IL,AGL,CE,Federal Contract Tower,0,12,4,0,16,0,0,15,4,19,0,12,19,4,35,41,14,55,90
11/04/2014,DEC,IL,AGL,CE,Federal Contract Tower,0,11,9,1,21,0,0,13,12,25,0,11,22,13,46,24,44,68,114
11/05/2014,DEC,IL,AGL,CE,Federal Contract Tower,0,10,9,3,22,0,0,24,14,38,0,10,33,17,60,58,30,88,148
11/06/2014,DEC,IL,AGL,CE,Federal Contract Tower,0,12,7,0,19,0,0,16,11,27,0,12,23,11,46,48,24,72,118
11/07/2014,DEC,IL,AGL,CE,Federal Contract Tower,0,12,5,0,17,0,0,25,6,31,0,12,30,6,48,45,24,69,117
11/08/2014,DEC,IL,AGL,CE,Federal Contract Tower,0,5,2,0,7,0,0,14,0,14,0,5,16,0,21,22,0,22,43
11/09/2014,DEC,IL,AGL,CE,Federal Contract Tower,0,8,10,0,18,0,0,29,0,29,0,8,39,0,47,33,0,33,80
11/10/2014,DEC,IL,AGL,CE,Federal Contract Tower,0,12,15,0,27,0,0,17,0,17,0,12,32,0,44,36,0,36,80
11/11/2014,DEC,IL,AGL,CE,Federal Contract Tower,0,14,1,0,15,0,0,17,0,17,0,14,18,0,32,31,0,31,63
11/12/2014,DEC,IL,AGL,CE,Federal Contract Tower,0,12,10,4,26,0,0,21,6,27,0,12,31,10,53,52,27,79,132
11/13/2014,DEC,IL,AGL,CE,Federal Contract Tower,0,12,10,9,31,0,0,19,9,28,0,12,29,18,59,57,45,102,161
11/14/2014,DEC,IL,AGL,CE,Federal Contract Tower,0,13,10,2,25,0,0,20,4,24,0,13,30,6,49,51,20,71,120
11/15/2014,DEC,IL,AGL,CE,Federal Contract Tower,0,5,2,0,7,0,0,21,0,21,0,5,23,0,28,28,0,28,56
11/16/2014,DEC,IL,AGL,CE,Federal Contract Tower,0,8,0,0,8,0,0,8,0,8,0,8,8,0,16,16,0,16,32
11/17/2014,DEC,IL,AGL,CE,Federal Contract Tower,0,17,21,0,38,0,0,22,7,29,0,17,43,7,67,38,6,44,111
11/18/2014,DEC,IL,AGL,CE,Federal Contract Tower,0,17,10,0,27,0,0,21,6,27,0,17,31,6,54,43,0,43,97
11/19/2014,DEC,IL,AGL,CE,Federal Contract Tower,0,10,5,10,25,0,0,22,12,34,0,10,27,22,59,47,6,53,112
11/20/2014,DEC,IL,AGL,CE,Federal Contract Tower,0,11,13,1,25,0,0,32,17,49,0,11,45,18,74,94,53,147,221
11/21/2014,DEC,IL,AGL,CE,Federal Contract Tower,0,14,10,0,24,0,0,25,7,32,0,14,35,7,56,63,18,81,137
11/22/2014,DEC,IL,AGL,CE,Federal Contract Tower,0,5,4,0,9,0,0,26,0,26,0,5,30,0,35,53,0,53,88
11/23/2014,DEC,IL,AGL,CE,Federal Contract Tower,0,8,8,0,16,0,0,11,0,11,0,8,19,0,27,21,0,21,48
11/24/2014,DEC,IL,AGL,CE,Federal Contract Tower,0,12,0,2,14,0,0,26,1,27,0,12,26,3,41,61,0,61,102
11/25/2014,DEC,IL,AGL,CE,Federal Contract Tower,0,14,6,0,20,0,0,23,35,58,0,14,29,35,78,63,25,88,166
11/26/2014,DEC,IL,AGL,CE,Federal Contract Tower,0,12,8,5,25,0,0,7,0,7,0,12,15,5,32,28,0,28,60
11/27/2014,DEC,IL,AGL,CE,Federal Contract Tower,0,11,0,0,11,0,0,5,0,5,0,11,5,0,16,30,0,30,46
11/28/2014,DEC,IL,AGL,CE,Federal Contract Tower,0,14,0,0,14,0,0,26,0,26,0,14,26,0,40,79,0,79,119
11/29/2014,DEC,IL,AGL,CE,Federal Contract Tower,0,5,5,0,10,0,0,16,0,16,0,5,21,0,26,44,0,44,70
11/30/2014,DEC,IL,AGL,CE,Federal Contract Tower,0,8,9,0,17,0,0,11,0,11,0,8,20,0,28,25,0,25,53
12/01/2014,DEC,IL,AGL,CE,Federal Contract Tower,0,12,14,0,26,0,0,20,4,24,0,12,34,4,50,50,6,56,106
12/02/2014,DEC,IL,AGL,CE,Federal Contract Tower,0,15,4,0,19,0,0,15,14,29,0,15,19,14,48,19,60,79,127
12/03/2014,DEC,IL,AGL,CE,Federal Contract Tower,0,15,20,0,35,0,0,19,18,37,0,15,39,18,72,54,56,110,182
12/04/2014,DEC,IL,AGL,CE,Federal Contract Tower,0,11,11,2,24,0,0,7,0,7,0,11,18,2,31,15,12,27,58
12/05/2014,DEC,IL,AGL,CE,Federal Contract Tower,0,12,2,0,14,0,0,0,0,0,0,12,2,0,14,0,0,0,14
12/06/2014,DEC,IL,AGL,CE,Federal Contract Tower,0,5,1,4,10,0,0,5,20,25,0,5,6,24,35,12,48,60,95
12/07/2014,DEC,IL,AGL,CE,Federal Contract Tower,0,8,7,0,15,0,0,20,0,20,0,8,27,0,35,32,0,32,67
12/08/2014,DEC,IL,AGL,CE,Federal Contract Tower,0,11,3,0,14,0,0,13,0,13,0,11,16,0,27,51,0,51,78
12/09/2014,DEC,IL,AGL,CE,Federal Contract Tower,0,17,7,0,24,0,0,20,19,39,0,17,27,19,63,38,80,118,181
12/10/2014,DEC,IL,AGL,CE,Federal Contract Tower,0,18,11,1,30,0,0,18,16,34,0,18,29,17,64,70,50,120,184
12/11/2014,DEC,IL,AGL,CE,Federal Contract Tower,0,11,15,4,30,0,0,24,25,49,0,11,39,29,79,63,74,137,216
12/12/2014,DEC,IL,AGL,CE,Federal Contract Tower,0,14,9,1,24,0,0,18,7,25,0,14,27,8,49,32,42,74,123
12/13/2014,DEC,IL,AGL,CE,Federal Contract Tower,0,9,3,0,12,0,0,18,7,25,0,9,21,7,37,48,6,54,91
12/14/2014,DEC,IL,AGL,CE,Federal Contract Tower,0,6,3,0,9,0,0,0,0,0,0,6,3,0,9,0,0,0,9
12/15/2014,DEC,IL,AGL,CE,Federal Contract Tower,0,13,10,0,23,0,0,0,0,0,0,13,10,0,23,0,0,0,23
12/16/2014,DEC,IL,AGL,CE,Federal Contract Tower,0,14,11,0,25,0,0,0,0,0,0,14,11,0,25,0,0,0,25
12/17/2014,DEC,IL,AGL,CE,Federal Contract Tower,0,18,8,10,36,0,0,9,14,23,0,18,17,24,59,16,40,56,115
12/18/2014,DEC,IL,AGL,CE,Federal Contract Tower,0,14,8,1,23,0,0,14,15,29,0,14,22,16,52,52,52,104,156
12/19/2014,DEC,IL,AGL,CE,Federal Contract Tower,0,13,12,4,29,0,0,30,6,36,0,13,42,10,65,88,21,109,174
12/20/2014,DEC,IL,AGL,CE,Federal Contract Tower,0,5,1,0,6,0,0,29,0,29,0,5,30,0,35,45,0,45,80
12/21/2014,DEC,IL,AGL,CE,Federal Contract Tower,0,11,1,0,12,0,0,19,0,19,0,11,20,0,31,46,0,46,77
12/22/2014,DEC,IL,AGL,CE,Federal Contract Tower,0,12,0,1,13,0,0,6,0,6,0,12,6,1,19,9,0,9,28
12/23/2014,DEC,IL,AGL,CE,Federal Contract Tower,0,19,10,2,31,0,0,34,8,42,0,19,44,10,73,76,0,76,149
12/24/2014,DEC,IL,AGL,CE,Federal Contract Tower,0,13,1,0,14,0,0,0,0,0,0,13,1,0,14,0,0,0,14
12/25/2014,DEC,IL,AGL,CE,Federal Contract Tower,0,11,2,0,13,0,0,23,0,23,0,11,25,0,36,68,0,68,104
12/26/2014,DEC,IL,AGL,CE,Federal Contract Tower,0,14,10,0,24,0,0,25,0,25,0,14,35,0,49,43,0,43,92
12/27/2014,DEC,IL,AGL,CE,Federal Contract Tower,0,7,4,0,11,0,0,3,0,3,0,7,7,0,14,0,0,0,14
12/28/2014,DEC,IL,AGL,CE,Federal Contract Tower,0,8,3,0,11,0,0,20,0,20,0,8,23,0,31,48,0,48,79
12/29/2014,DEC,IL,AGL,CE,Federal Contract Tower,0,11,0,0,11,0,0,30,0,30,0,11,30,0,41,54,0,54,95
12/30/2014,DEC,IL,AGL,CE,Federal Contract Tower,0,12,6,0,18,0,0,39,0,39,0,12,45,0,57,90,0,90,147
12/31/2014,DEC,IL,AGL,CE,Federal Contract Tower,0,11,3,0,14,0,0,41,0,41,0,11,44,0,55,56,0,56,111
01/01/2015,DEC,IL,AGL,CE,Federal Contract Tower,0,10,4,0,14,0,0,25,0,25,0,10,29,0,39,73,0,73,112
01/02/2015,DEC,IL,AGL,CE,Federal Contract Tower,0,12,3,0,15,0,0,29,0,29,0,12,32,0,44,58,0,58,102
01/03/2015,DEC,IL,AGL,CE,Federal Contract Tower,0,6,0,0,6,0,0,0,0,0,0,6,0,0,6,0,0,0,6
01/04/2015,DEC,IL,AGL,CE,Federal Contract Tower,0,6,3,0,9,0,0,6,0,6,0,6,9,0,15,13,0,13,28
01/05/2015,DEC,IL,AGL,CE,Federal Contract Tower,0,10,5,0,15,0,0,14,0,14,0,10,19,0,29,36,0,36,65
01/06/2015,DEC,IL,AGL,CE,Federal Contract Tower,0,10,4,1,15,0,0,22,6,28,0,10,26,7,43,56,0,56,99
01/07/2015,DEC,IL,AGL,CE,Federal Contract Tower,0,15,4,0,19,0,0,24,4,28,0,15,28,4,47,64,0,64,111
01/08/2015,DEC,IL,AGL,CE,Federal Contract Tower,0,11,0,0,11,0,0,15,0,15,0,11,15,0,26,10,0,10,36
01/09/2015,DEC,IL,AGL,CE,Federal Contract Tower,0,17,7,2,26,0,0,26,2,28,0,17,33,4,54,44,10,54,108
01/10/2015,DEC,IL,AGL,CE,Federal Contract Tower,0,6,6,6,18,0,0,22,22,44,0,6,28,28,62,43,49,92,154
01/11/2015,DEC,IL,AGL,CE,Federal Contract Tower,0,4,3,1,8,0,0,12,6,18,0,4,15,7,26,19,10,29,55
01/12/2015,DEC,IL,AGL,CE,Federal Contract Tower,0,11,8,0,19,0,0,22,0,22,0,11,30,0,41,70,0,70,111
01/13/2015,DEC,IL,AGL,CE,Federal Contract Tower,0,10,3,1,14,0,0,27,10,37,0,10,30,11,51,85,11,96,147
01/14/2015,DEC,IL,AGL,CE,Federal Contract Tower,0,11,11,0,22,0,0,32,8,40,0,11,43,8,62,76,20,96,158
01/15/2015,DEC,IL,AGL,CE,Federal Contract Tower,0,12,4,0,16,0,0,19,11,30,0,12,23,11,46,55,41,96,142
01/16/2015,DEC,IL,AGL,CE,Federal Contract Tower,0,12,6,0,18,0,0,26,7,33,0,12,32,7,51,42,22,64,115
01/17/2015,DEC,IL,AGL,CE,Federal Contract Tower,0,6,1,0,7,0,0,21,0,21,0,6,22,0,28,27,0,27,55
01/18/2015,DEC,IL,AGL,CE,Federal Contract Tower,0,9,3,0,12,0,0,20,0,20,0,9,23,0,32,31,0,31,63
01/19/2015,DEC,IL,AGL,CE,Federal Contract Tower,0,8,6,0,14,0,0,25,0,25,0,8,31,0,39,83,0,83,122
01/20/2015,DEC,IL,AGL,CE,Federal Contract Tower,0,13,12,1,26,0,0,29,9,38,0,13,41,10,64,91,7,98,162
01/21/2015,DEC,IL,AGL,CE,Federal Contract Tower,0,10,14,0,24,0,0,22,15,37,0,10,36,15,61,50,28,78,139
01/22/2015,DEC,IL,AGL,CE,Federal Contract Tower,0,9,10,0,19,0,0,13,11,24,0,9,23,11,43,44,58,102,145
01/23/2015,DEC,IL,AGL,CE,Federal Contract Tower,0,12,13,1,26,0,0,25,14,39,0,12,38,15,65,45,23,68,133
01/24/2015,DEC,IL,AGL,CE,Federal Contract Tower,0,5,3,0,8,0,0,24,2,26,0,5,27,2,34,38,0,38,72
01/25/2015,DEC,IL,AGL,CE,Federal Contract Tower,0,8,1,0,9,0,0,18,0,18,0,8,19,0,27,31,0,31,58
01/26/2015,DEC,IL,AGL,CE,Federal Contract Tower,0,9,5,0,14,0,0,18,6,24,0,9,23,6,38,22,32,54,92
01/27/2015,DEC,IL,AGL,CE,Federal Contract Tower,0,12,1,2,15,0,0,17,14,31,0,12,18,16,46,32,98,130,176
01/28/2015,DEC,IL,AGL,CE,Federal Contract Tower,0,7,10,4,21,0,0,25,17,42,0,7,35,21,63,76,59,135,198
01/29/2015,DEC,IL,AGL,CE,Federal Contract Tower,0,13,4,0,17,0,0,18,4,22,0,13,22,4,39,39,22,61,100
01/30/2015,DEC,IL,AGL,CE,Federal Contract Tower,0,11,6,3,20,0,0,21,5,26,0,11,27,8,46,61,26,87,133
01/31/2015,DEC,IL,AGL,CE,Federal Contract Tower,0,5,1,0,6,0,0,33,4,37,0,5,34,4,43,38,0,38,81
02/01/2015,DEC,IL,AGL,CE,Federal Contract Tower,0,4,0,0,4,0,0,0,0,0,0,4,0,0,4,0,0,0,4
02/02/2015,DEC,IL,AGL,CE,Federal Contract Tower,0,12,9,0,21,0,0,28,4,32,0,12,37,4,53,72,4,76,129
02/03/2015,DEC,IL,AGL,CE,Federal Contract Tower,0,11,4,8,23,0,0,31,19,50,0,11,35,27,73,48,66,114,187
02/04/2015,DEC,IL,AGL,CE,Federal Contract Tower,0,8,5,0,13,0,0,11,8,19,0,8,16,8,32,35,36,71,103
02/05/2015,DEC,IL,AGL,CE,Federal Contract Tower,0,13,12,1,26,0,0,28,9,37,0,13,40,10,63,63,29,92,155
02/06/2015,DEC,IL,AGL,CE,Federal Contract Tower,0,11,3,2,16,0,0,24,21,45,0,11,27,23,61,61,26,87,148
02/07/2015,DEC,IL,AGL,CE,Federal Contract Tower,0,5,5,0,10,0,0,32,8,40,0,5,37,8,50,92,7,99,149
02/08/2015,DEC,IL,AGL,CE,Federal Contract Tower,0,8,3,3,14,0,0,19,8,27,0,8,22,11,41,30,8,38,79
02/09/2015,DEC,IL,AGL,CE,Federal Contract Tower,2,10,9,0,21,0,0,0,0,0,2,10,9,0,21,0,0,0,21
02/10/2015,DEC,IL,AGL,CE,Federal Contract Tower,0,15,10,4,29,0,0,17,34,51,0,15,27,38,80,42,56,98,178
02/11/2015,DEC,IL,AGL,CE,Federal Contract Tower,0,16,0,0,16,0,0,16,13,29,0,16,16,13,45,38,34,72,117
02/12/2015,DEC,IL,AGL,CE,Federal Contract Tower,0,13,8,0,21,0,0,21,21,42,0,13,29,21,63,36,37,73,136
02/13/2015,DEC,IL,AGL,CE,Federal Contract Tower,0,14,3,1,18,0,0,19,2,21,0,14,22,3,39,28,7,35,74
02/14/2015,DEC,IL,AGL,CE,Federal Contract Tower,0,6,1,0,7,0,0,25,1,26,0,6,26,1,33,57,0,57,90
02/15/2015,DEC,IL,AGL,CE,Federal Contract Tower,0,7,2,0,9,0,0,19,2,21,0,7,21,2,30,39,0,39,69
02/16/2015,DEC,IL,AGL,CE,Federal Contract Tower,0,14,2,0,16,0,0,23,1,24,0,14,25,1,40,81,0,81,121
02/17/2015,DEC,IL,AGL,CE,Federal Contract Tower,0,14,3,2,19,0,0,21,26,47,0,14,24,28,66,38,122,160,226
02/18/2015,DEC,IL,AGL,CE,Federal Contract Tower,0,11,3,0,14,0,0,17,6,23,0,11,20,6,37,40,22,62,99
02/19/2015,DEC,IL,AGL,CE,Federal Contract Tower,0,11,11,0,22,0,0,21,2,23,0,11,32,2,45,64,4,68,113
02/20/2015,DEC,IL,AGL,CE,Federal Contract Tower,0,13,2,0,15,0,0,11,5,16,0,13,13,5,31,31,20,51,82
02/21/2015,DEC,IL,AGL,CE,Federal Contract Tower,0,2,2,0,4,0,0,15,4,19,0,2,17,4,23,67,0,67,90
02/22/2015,DEC,IL,AGL,CE,Federal Contract Tower,0,8,3,1,12,0,0,25,9,34,0,8,28,10,46,32,18,50,96
02/23/2015,DEC,IL,AGL,CE,Federal Contract Tower,0,8,6,3,17,0,0,25,12,37,0,8,31,15,54,63,16,79,133
02/24/2015,DEC,IL,AGL,CE,Federal Contract Tower,0,9,3,4,16,0,0,13,25,38,0,9,16,29,54,40,66,106,160
02/25/2015,DEC,IL,AGL,CE,Federal Contract Tower,0,9,16,8,33,0,0,27,13,40,0,9,43,21,73,44,34,78,151
02/26/2015,DEC,IL,AGL,CE,Federal Contract Tower,0,8,3,0,11,0,0,23,15,38,0,8,26,15,49,70,56,126,175
02/27/2015,DEC,IL,AGL,CE,Federal Contract Tower,0,13,2,0,15,0,0,17,3,20,0,13,19,3,35,70,7,77,112
02/28/2015,DEC,IL,AGL,CE,Federal Contract Tower,0,6,3,0,9,0,0,19,2,21,0,6,22,2,30,67,0,67,97
03/01/2015,DEC,IL,AGL,CE,Federal Contract Tower,0,9,2,0,11,0,0,9,0,9,0,9,11,0,20,0,0,0,20
03/02/2015,DEC,IL,AGL,CE,Federal Contract Tower,0,11,5,3,19,0,0,30,0,30,0,11,35,3,49,57,0,57,106
03/03/2015,DEC,IL,AGL,CE,Federal Contract Tower,0,6,9,0,15,0,0,0,0,0,0,6,9,0,15,0,0,0,15
03/04/2015,DEC,IL,AGL,CE,Federal Contract Tower,0,13,6,0,19,0,0,18,19,37,0,13,24,19,56,29,43,72,128
03/05/2015,DEC,IL,AGL,CE,Federal Contract Tower,0,11,5,3,19,0,0,29,29,58,0,11,34,32,77,42,82,124,201
03/06/2015,DEC,IL,AGL,CE,Federal Contract Tower,0,10,11,2,23,0,0,21,14,35,0,10,32,16,58,86,25,111,169
03/07/2015,DEC,IL,AGL,CE,Federal Contract Tower,0,4,6,0,10,0,0,30,0,30,0,4,36,0,40,58,0,58,98
03/08/2015,DEC,IL,AGL,CE,Federal Contract Tower,0,8,11,0,19,0,0,18,0,18,0,8,29,0,37,42,0,42,79
03/09/2015,DEC,IL,AGL,CE,Federal Contract Tower,0,9,4,14,27,0,0,11,16,27,0,9,15,30,54,32,73,105,159
03/10/2015,DEC,IL,AGL,CE,Federal Contract Tower,0,8,3,10,21,0,0,7,24,31,0,8,10,34,52,11,121,132,184
03/11/2015,DEC,IL,AGL,CE,Federal Contract Tower,0,7,2,6,15,0,0,38,20,58,0,7,40,26,73,92,39,131,204
03/12/2015,DEC,IL,AGL,CE,Federal Contract Tower,0,16,7,5,28,0,0,26,25,51,0,16,33,30,79,65,56,121,200
03/13/2015,DEC,IL,AGL,CE,Federal Contract Tower,0,13,9,2,24,0,0,10,0,10,0,13,19,2,34,25,0,25,59
03/14/2015,DEC,IL,AGL,CE,Federal Contract Tower,0,6,2,0,8,0,0,31,0,31,0,6,33,0,39,87,0,87,126
03/15/2015,DEC,IL,AGL,CE,Federal Contract Tower,0,8,8,0,16,0,0,74,0,74,0,8,82,0,90,60,0,60,150
03/16/2015,DEC,IL,AGL,CE,Federal Contract Tower,0,14,6,0,20,0,0,38,4,42,0,14,44,4,62,108,8,116,178
03/17/2015,DEC,IL,AGL,CE,Federal Contract Tower,0,14,4,6,24,0,0,21,17,38,0,14,25,23,62,54,64,118,180
03/18/2015,DEC,IL,AGL,CE,Federal Contract Tower,0,12,5,7,24,0,0,27,18,45,0,12,32,25,69,64,32,96,165
03/19/2015,DEC,IL,AGL,CE,Federal Contract Tower,0,13,8,8,29,0,0,18,23,41,0,13,26,31,70,40,44,84,154
03/20/2015,DEC,IL,AGL,CE,Federal Contract Tower,0,17,7,9,33,0,0,8,9,17,0,17,15,18,50,16,13,29,79
03/21/2015,DEC,IL,AGL,CE,Federal Contract Tower,0,7,18,0,25,0,0,52,4,56,0,7,70,4,81,70,0,70,151
03/22/2015,DEC,IL,AGL,CE,Federal Contract Tower,0,10,1,0,11,0,0,32,2,34,0,10,33,2,45,53,0,53,98
03/23/2015,DEC,IL,AGL,CE,Federal Contract Tower,0,5,10,0,15,0,0,23,6,29,0,5,33,6,44,54,28,82,126
03/24/2015,DEC,IL,AGL,CE,Federal Contract Tower,0,13,3,0,16,0,0,24,10,34,0,13,27,10,50,50,20,70,120
03/25/2015,DEC,IL,AGL,CE,Federal Contract Tower,0,12,17,4,33,0,0,10,4,14,0,12,27,8,47,34,14,48,95
03/26/2015,DEC,IL,AGL,CE,Federal Contract Tower,0,11,11,3,25,0,0,21,23,44,0,11,32,26,69,44,44,88,157
03/27/2015,DEC,IL,AGL,CE,Federal Contract Tower,2,10,5,2,19,0,0,33,5,38,2,10,38,7,57,98,0,98,155
03/28/2015,DEC,IL,AGL,CE,Federal Contract Tower,0,5,14,0,19,0,0,38,1,39,0,5,52,1,58,88,0,88,146
03/29/2015,DEC,IL,AGL,CE,Federal Contract Tower,0,8,12,0,20,0,0,28,5,33,0,8,40,5,53,51,14,65,118
03/30/2015,DEC,IL,AGL,CE,Federal Contract Tower,0,14,10,0,24,0,0,38,8,46,0,14,48,8,70,90,16,106,176
03/31/2015,DEC,IL,AGL,CE,Federal Contract Tower,0,17,8,0,25,0,0,34,21,55,0,17,42,21,80,67,42,109,189
04/01/2015,DEC,IL,AGL,CE,Federal Contract Tower,0,10,11,1,22,0,0,30,11,41,0,10,41,12,63,43,26,69,132
04/02/2015,DEC,IL,AGL,CE,Federal Contract Tower,0,15,9,2,26,0,0,19,13,32,0,15,28,15,58,46,19,65,123
04/03/2015,DEC,IL,AGL,CE,Federal Contract Tower,0,8,8,0,16,0,0,26,5,31,0,8,34,5,47,56,8,64,111
04/04/2015,DEC,IL,AGL,CE,Federal Contract Tower,0,6,1,0,7,0,0,33,0,33,0,6,34,0,40,92,0,92,132
04/05/2015,DEC,IL,AGL,CE,Federal Contract Tower,0,9,4,0,13,0,0,26,0,26,0,9,30,0,39,64,0,64,103
04/06/2015,DEC,IL,AGL,CE,Federal Contract Tower,0,8,10,0,18,0,0,26,16,42,0,8,36,16,60,58,72,130,190
04/07/2015,DEC,IL,AGL,CE,Federal Contract Tower,0,6,6,0,12,0,0,7,0,7,0,6,13,0,19,28,0,28,47
04/08/2015,DEC,IL,AGL,CE,Federal Contract Tower,0,14,11,4,29,0,0,20,7,27,0,14,31,11,56,42,24,66,122
04/09/2015,DEC,IL,AGL,CE,Federal Contract Tower,0,10,5,0,15,0,0,12,0,12,0,10,17,0,27,23,0,23,50
04/10/2015,DEC,IL,AGL,CE,Federal Contract Tower,0,15,9,0,24,0,0,19,10,29,0,15,28,10,53,36,30,66,119
04/11/2015,DEC,IL,AGL,CE,Federal Contract Tower,0,5,3,0,8,0,0,43,10,53,0,5,46,10,61,68,2,70,131
04/12/2015,DEC,IL,AGL,CE,Federal Contract Tower,0,8,2,2,12,0,0,27,7,34,0,8,29,9,46,39,0,39,85
04/13/2015,DEC,IL,AGL,CE,Federal Contract Tower,0,10,17,0,27,0,0,25,6,31,0,10,42,6,58,56,14,70,128
04/14/2015,DEC,IL,AGL,CE,Federal Contract Tower,0,12,7,8,27,0,0,33,25,58,0,12,40,33,85,46,72,118,203
04/15/2015,DEC,IL,AGL,CE,Federal Contract Tower,0,12,13,1,26,0,0,22,14,36,0,12,35,15,62,42,24,66,128
04/16/2015,DEC,IL,AGL,CE,Federal Contract Tower,0,17,19,3,39,0,0,15,24,39,0,17,34,27,78,28,43,71,149
04/17/2015,DEC,IL,AGL,CE,Federal Contract Tower,0,12,9,1,22,0,0,21,6,27,0,12,30,7,49,39,6,45,94
04/18/2015,DEC,IL,AGL,CE,Federal Contract Tower,0,5,1,0,6,0,0,27,0,27,0,5,28,0,33,60,0,60,93
04/19/2015,DEC,IL,AGL,CE,Federal Contract Tower,0,8,4,0,12,0,0,5,0,5,0,8,9,0,17,6,0,6,23
04/20/2015,DEC,IL,AGL,CE,Federal Contract Tower,0,8,9,4,21,0,0,23,12,35,0,8,32,16,56,52,18,70,126
04/21/2015,DEC,IL,AGL,CE,Federal Contract Tower,0,12,21,4,37,0,0,20,23,43,0,12,41,27,80,46,18,64,144
04/22/2015,DEC,IL,AGL,CE,Federal Contract Tower,0,11,11,3,25,0,0,24,20,44,0,11,35,23,69,33,18,51,120
04/23/2015,DEC,IL,AGL,CE,Federal Contract Tower,0,12,9,2,23,0,0,16,20,36,0,12,25,22,59,40,23,63,122
04/24/2015,DEC,IL,AGL,CE,Federal Contract Tower,0,12,9,1,22,0,0,19,9,28,0,12,28,10,50,52,22,74,124
04/25/2015,DEC,IL,AGL,CE,Federal Contract Tower,0,6,5,0,11,0,0,2,0,2,0,6,7,0,13,0,0,0,13
04/26/2015,DEC,IL,AGL,CE,Federal Contract Tower,0,8,1,0,9,0,0,32,0,32,0,8,33,0,41,54,0,54,95
04/27/2015,DEC,IL,AGL,CE,Federal Contract Tower,0,12,6,0,18,0,0,31,6,37,0,12,37,6,55,77,1,78,133
04/28/2015,DEC,IL,AGL,CE,Federal Contract Tower,0,9,10,3,22,0,0,27,20,47,0,9,37,23,69,91,66,157,226
04/29/2015,DEC,IL,AGL,CE,Federal Contract Tower,0,10,11,0,21,0,0,33,9,42,0,10,44,9,63,53,10,63,126
04/30/2015,DEC,IL,AGL,CE,Federal Contract Tower,0,12,8,4,24,0,0,18,14,32,0,12,26,18,56,70,34,104,160
05/01/2015,DEC,IL,AGL,CE,Federal Contract Tower,0,17,7,0,24,0,0,39,5,44,0,17,46,5,68,68,0,68,136
05/02/2015,DEC,IL,AGL,CE,Federal Contract Tower,0,5,1,0,6,0,0,29,16,45,0,5,30,16,51,60,78,138,189
05/03/2015,DEC,IL,AGL,CE,Federal Contract Tower,0,8,3,0,11,0,0,31,16,47,0,8,34,16,58,62,34,96,154
05/04/2015,DEC,IL,AGL,CE,Federal Contract Tower,0,13,5,2,20,0,0,27,7,34,0,13,32,9,54,53,12,65,119
05/05/2015,DEC,IL,AGL,CE,Federal Contract Tower,0,10,13,1,24,0,0,38,33,71,0,10,51,34,95,39,73,112,207
05/06/2015,DEC,IL,AGL,CE,Federal Contract Tower,0,13,18,0,31,0,0,32,6,38,0,13,50,6,69,48,6,54,123
05/07/2015,DEC,IL,AGL,CE,Federal Contract Tower,0,12,9,3,24,0,0,22,17,39,0,12,31,20,63,89,42,131,194
05/08/2015,DEC,IL,AGL,CE,Federal Contract Tower,0,11,13,0,24,0,0,20,2,22,0,11,33,2,46,36,0,36,82
05/09/2015,DEC,IL,AGL,CE,Federal Contract Tower,0,6,1,0,7,0,0,22,0,22,0,6,23,0,29,97,0,97,126
05/10/2015,DEC,IL,AGL,CE,Federal Contract Tower,0,10,9,0,19,0,0,23,0,23,0,10,32,0,42,52,0,52,94
05/11/2015,DEC,IL,AGL,CE,Federal Contract Tower,0,14,5,0,19,0,0,22,0,22,0,14,27,0,41,52,0,52,93
05/12/2015,DEC,IL,AGL,CE,Federal Contract Tower,0,17,11,0,28,0,0,20,18,38,0,17,31,18,66,61,62,123,189
05/13/2015,DEC,IL,AGL,CE,Federal Contract Tower,0,12,8,1,21,0,0,22,20,42,0,12,30,21,63,26,32,58,121
05/14/2015,DEC,IL,AGL,CE,Federal Contract Tower,0,13,6,5,24,0,0,14,15,29,0,13,20,20,53,46,24,70,123
05/15/2015,DEC,IL,AGL,CE,Federal Contract Tower,0,15,5,1,21,0,0,22,5,27,0,15,27,6,48,43,18,61,109
05/16/2015,DEC,IL,AGL,CE,Federal Contract Tower,0,7,4,0,11,0,0,20,0,20,0,7,24,0,31,72,0,72,103
05/17/2015,DEC,IL,AGL,CE,Federal Contract Tower,0,8,7,0,15,0,0,19,0,19,0,8,26,0,34,68,0,68,102
05/18/2015,DEC,IL,AGL,CE,Federal Contract Tower,0,11,8,0,19,0,0,26,9,35,0,11,34,9,54,37,36,73,127
05/19/2015,DEC,IL,AGL,CE,Federal Contract Tower,0,12,14,4,30,0,0,45,12,57,0,12,59,16,87,62,16,78,165
05/20/2015,DEC,IL,AGL,CE,Federal Contract Tower,0,14,7,1,22,0,0,18,11,29,0,14,25,12,51,41,14,55,106
05/21/2015,DEC,IL,AGL,CE,Federal Contract Tower,0,14,7,2,23,0,0,36,5,41,0,14,43,7,64,110,14,124,188
05/22/2015,DEC,IL,AGL,CE,Federal Contract Tower,0,15,8,0,23,0,0,38,0,38,0,15,46,0,61,52,0,52,113
05/23/2015,DEC,IL,AGL,CE,Federal Contract Tower,0,5,1,0,6,0,0,158,0,158,0,5,159,0,164,30,0,30,194
05/24/2015,DEC,IL,AGL,CE,Federal Contract Tower,0,8,2,0,10,0,0,25,0,25,0,8,27,0,35,64,0,64,99
05/25/2015,DEC,IL,AGL,CE,Federal Contract Tower,0,10,2,0,12,0,0,24,0,24,0,10,26,0,36,44,0,44,80
05/26/2015,DEC,IL,AGL,CE,Federal Contract Tower,0,12,8,4,24,0,0,21,27,48,0,12,29,31,72,28,57,85,157
05/27/2015,DEC,IL,AGL,CE,Federal Contract Tower,0,11,6,2,19,0,0,34,11,45,0,11,40,13,64,44,14,58,122
05/28/2015,DEC,IL,AGL,CE,Federal Contract Tower,0,15,4,4,23,0,0,34,16,50,0,15,38,20,73,98,18,116,189
05/29/2015,DEC,IL,AGL,CE,Federal Contract Tower,0,11,15,6,32,0,0,26,12,38,0,11,41,18,70,54,14,68,138
05/30/2015,DEC,IL,AGL,CE,Federal Contract Tower,0,5,2,0,7,0,0,21,0,21,0,5,23,0,28,50,0,50,78
05/31/2015,DEC,IL,AGL,CE,Federal Contract Tower,0,8,8,0,16,0,0,14,0,14,0,8,22,0,30,44,0,44,74
06/01/2015,DEC,IL,AGL,CE,Federal Contract Tower,0,11,15,5,31,0,0,24,9,33,0,11,39,14,64,73,28,101,165
06/02/2015,DEC,IL,AGL,CE,Federal Contract Tower,0,12,9,6,27,0,0,45,29,74,0,12,54,35,101,54,26,80,181
06/03/2015,DEC,IL,AGL,CE,Federal Contract Tower,0,13,5,2,20,0,0,23,8,31,0,13,28,10,51,14,11,25,76
06/04/2015,DEC,IL,AGL,CE,Federal Contract Tower,0,13,12,4,29,0,0,11,10,21,0,13,23,14,50,20,15,35,85
06/05/2015,DEC,IL,AGL,CE,Federal Contract Tower,0,12,14,0,26,0,0,25,6,31,0,12,39,6,57,56,0,56,113
06/06/2015,DEC,IL,AGL,CE,Federal Contract Tower,0,10,1,0,11,0,0,31,18,49,0,10,32,18,60,48,10,58,118
06/07/2015,DEC,IL,AGL,CE,Federal Contract Tower,0,6,2,0,8,0,0,20,0,20,0,6,22,0,28,58,0,58,86
06/08/2015,DEC,IL,AGL,CE,Federal Contract Tower,0,12,13,0,25,0,0,22,3,25,0,12,35,3,50,61,7,68,118
06/09/2015,DEC,IL,AGL,CE,Federal Contract Tower,0,24,14,7,45,0,0,32,12,44,0,24,46,19,89,42,33,75,164
06/10/2015,DEC,IL,AGL,CE,Federal Contract Tower,0,9,4,2,15,0,0,25,6,31,0,9,29,8,46,47,4,51,97
06/11/2015,DEC,IL,AGL,CE,Federal Contract Tower,0,13,10,1,24,0,0,22,3,25,0,13,32,4,49,60,0,60,109
06/12/2015,DEC,IL,AGL,CE,Federal Contract Tower,0,8,7,2,17,0,0,24,10,34,0,8,31,12,51,42,10,52,103
06/13/2015,DEC,IL,AGL,CE,Federal Contract Tower,0,8,11,0,19,0,0,36,0,36,0,8,47,0,55,80,0,80,135
06/14/2015,DEC,IL,AGL,CE,Federal Contract Tower,0,8,5,0,13,0,0,27,0,27,0,8,32,0,40,65,0,65,105
06/15/2015,DEC,IL,AGL,CE,Federal Contract Tower,0,8,10,0,18,0,0,22,2,24,0,8,32,2,42,78,6,84,126
06/16/2015,DEC,IL,AGL,CE,Federal Contract Tower,0,12,13,3,28,0,0,36,3,39,0,12,49,6,67,72,6,78,145
06/17/2015,DEC,IL,AGL,CE,Federal Contract Tower,0,13,8,19,40,0,0,42,4,46,0,13,50,23,86,22,2,24,110
06/18/2015,DEC,IL,AGL,CE,Federal Contract Tower,0,11,5,0,16,0,0,13,5,18,0,11,18,5,34,32,4,36,70
06/19/2015,DEC,IL,AGL,CE,Federal Contract Tower,0,16,14,0,30,0,0,18,0,18,0,16,32,0,48,30,0,30,78
06/20/2015,DEC,IL,AGL,CE,Federal Contract Tower,0,6,24,0,30,0,0,27,0,27,0,6,51,0,57,68,0,68,125
06/21/2015,DEC,IL,AGL,CE,Federal Contract Tower,0,10,4,0,14,0,0,34,0,34,0,10,38,0,48,60,0,60,108
06/22/2015,DEC,IL,AGL,CE,Federal Contract Tower,0,6,15,1,22,0,0,30,2,32,0,6,45,3,54,54,6,60,114
06/23/2015,DEC,IL,AGL,CE,Federal Contract Tower,0,10,19,4,33,0,0,43,19,62,0,10,62,23,95,56,23,79,174
06/24/2015,DEC,IL,AGL,CE,Federal Contract Tower,0,14,14,0,28,0,0,19,3,22,0,14,33,3,50,68,20,88,138
06/25/2015,DEC,IL,AGL,CE,Federal Contract Tower,0,10,4,5,19,0,0,25,10,35,0,10,29,15,54,74,16,90,144
06/26/2015,DEC,IL,AGL,CE,Federal Contract Tower,0,14,8,6,28,0,0,10,0,10,0,14,18,6,38,33,0,33,71
06/27/2015,DEC,IL,AGL,CE,Federal Contract Tower,0,5,7,0,12,0,0,54,0,54,0,5,61,0,66,118,0,118,184
06/28/2015,DEC,IL,AGL,CE,Federal Contract Tower,0,9,7,0,16,0,0,28,0,28,0,9,35,0,44,95,0,95,139
06/29/2015,DEC,IL,AGL,CE,Federal Contract Tower,0,13,9,2,24,0,0,20,9,29,0,13,29,11,53,42,31,73,126
06/30/2015,DEC,IL,AGL,CE,Federal Contract Tower,0,14,6,5,25,0,0,33,20,53,0,14,39,25,78,98,24,122,200
07/01/2015,DEC,IL,AGL,CE,Federal Contract Tower,0,16,9,1,26,0,0,13,11,24,0,16,22,12,50,8,25,33,83
07/02/2015,DEC,IL,AGL,CE,Federal Contract Tower,0,13,4,0,17,0,0,28,0,28,0,13,32,0,45,71,0,71,116
07/03/2015,DEC,IL,AGL,CE,Federal Contract Tower,0,11,3,0,14,0,0,32,0,32,0,11,35,0,46,67,0,67,113
07/04/2015,DEC,IL,AGL,CE,Federal Contract Tower,0,4,1,0,5,0,0,37,0,37,0,4,38,0,42,66,0,66,108
07/05/2015,DEC,IL,AGL,CE,Federal Contract Tower,0,7,10,0,17,0,0,45,0,45,0,7,55,0,62,50,0,50,112
07/06/2015,DEC,IL,AGL,CE,Federal Contract Tower,0,8,7,0,15,0,0,22,3,25,0,8,29,3,40,58,10,68,108
07/07/2015,DEC,IL,AGL,CE,Federal Contract Tower,0,13,6,0,19,0,0,11,12,23,0,13,17,12,42,16,14,30,72
07/08/2015,DEC,IL,AGL,CE,Federal Contract Tower,0,13,9,4,26,0,0,10,2,12,0,13,19,6,38,21,6,27,65
07/09/2015,DEC,IL,AGL,CE,Federal Contract Tower,0,12,4,2,18,0,0,2,4,6,0,12,6,6,24,4,16,20,44
07/10/2015,DEC,IL,AGL,CE,Federal Contract Tower,0,13,14,7,34,0,0,4,0,4,0,13,18,7,38,58,0,58,96
07/11/2015,DEC,IL,AGL,CE,Federal Contract Tower,0,5,7,0,12,0,0,27,8,35,0,5,34,8,47,52,30,82,129
07/12/2015,DEC,IL,AGL,CE,Federal Contract Tower,0,10,4,0,14,0,0,32,0,32,0,10,36,0,46,68,0,68,114
07/13/2015,DEC,IL,AGL,CE,Federal Contract Tower,0,10,13,2,25,0,0,30,4,34,0,10,43,6,59,75,14,89,148
07/14/2015,DEC,IL,AGL,CE,Federal Contract Tower,0,16,14,0,30,0,0,25,7,32,0,16,39,7,62,49,12,61,123
07/15/2015,DEC,IL,AGL,CE,Federal Contract Tower,0,0,13,7,20,0,0,36,3,39,0,0,49,10,59,46,0,46,105
07/16/2015,DEC,IL,AGL,CE,Federal Contract Tower,0,12,10,2,24,0,0,21,1,22,0,12,31,3,46,34,0,34,80
07/17/2015,DEC,IL,AGL,CE,Federal Contract Tower,0,13,7,2,22,0,0,36,4,40,0,13,43,6,62,90,0,90,152
07/18/2015,DEC,IL,AGL,CE,Federal Contract Tower,0,10,7,0,17,0,0,40,0,40,0,10,47,0,57,67,0,67,124
07/19/2015,DEC,IL,AGL,CE,Federal Contract Tower,0,8,14,0,22,0,0,32,0,32,0,8,46,0,54,68,0,68,122
07/20/2015,DEC,IL,AGL,CE,Federal Contract Tower,1,14,7,0,22,0,0,25,5,30,1,14,32,5,52,53,22,75,127
07/21/2015,DEC,IL,AGL,CE,Federal Contract Tower,0,15,18,2,35,0,0,38,20,58,0,15,56,22,93,52,30,82,175
07/22/2015,DEC,IL,AGL,CE,Federal Contract Tower,0,15,18,4,37,0,0,40,12,52,0,15,58,16,89,70,4,74,163
07/23/2015,DEC,IL,AGL,CE,Federal Contract Tower,0,13,16,2,31,0,0,40,8,48,0,13,56,10,79,76,12,88,167
07/24/2015,DEC,IL,AGL,CE,Federal Contract Tower,0,10,11,3,24,0,0,27,6,33,0,10,38,9,57,60,0,60,117
07/25/2015,DEC,IL,AGL,CE,Federal Contract Tower,0,6,5,0,11,0,0,28,7,35,0,6,33,7,46,54,24,78,124
07/26/2015,DEC,IL,AGL,CE,Federal Contract Tower,0,10,6,0,16,0,0,27,0,27,0,10,33,0,43,43,0,43,86
07/27/2015,DEC,IL,AGL,CE,Federal Contract Tower,0,9,10,6,25,0,0,25,2,27,0,9,35,8,52,19,7,26,78
07/28/2015,DEC,IL,AGL,CE,Federal Contract Tower,0,14,7,2,23,0,0,24,18,42,0,14,31,20,65,23,28,51,116
07/29/2015,DEC,IL,AGL,CE,Federal Contract Tower,0,13,15,1,29,0,0,28,5,33,0,13,43,6,62,56,16,72,134
07/30/2015,DEC,IL,AGL,CE,Federal Contract Tower,0,11,5,2,18,0,0,32,20,52,0,11,37,22,70,77,53,130,200
07/31/2015,DEC,IL,AGL,CE,Federal Contract Tower,0,10,7,0,17,0,0,24,21,45,0,10,31,21,62,56,38,94,156
08/01/2015,DEC,IL,AGL,CE,Federal Contract Tower,0,6,7,0,13,0,0,51,16,67,0,6,58,16,80,46,20,66,146
08/02/2015,DEC,IL,AGL,CE,Federal Contract Tower,0,8,3,0,11,0,0,32,5,37,0,8,35,5,48,36,10,46,94
08/03/2015,DEC,IL,AGL,CE,Federal Contract Tower,0,10,13,0,23,0,0,18,3,21,0,10,31,3,44,46,4,50,94
08/04/2015,DEC,IL,AGL,CE,Federal Contract Tower,0,14,11,4,29,0,0,23,18,41,0,14,34,22,70,52,16,68,138
08/05/2015,DEC,IL,AGL,CE,Federal Contract Tower,0,15,6,0,21,0,0,31,6,37,0,15,37,6,58,56,23,79,137
08/06/2015,DEC,IL,AGL,CE,Federal Contract Tower,0,11,18,1,30,0,0,27,18,45,0,11,45,19,75,40,46,86,161
08/07/2015,DEC,IL,AGL,CE,Federal Contract Tower,0,14,15,0,29,0,0,35,11,46,0,14,50,11,75,42,24,66,141
08/08/2015,DEC,IL,AGL,CE,Federal Contract Tower,0,7,4,0,11,0,0,38,4,42,0,7,42,4,53,42,6,48,101
08/09/2015,DEC,IL,AGL,CE,Federal Contract Tower,0,8,4,0,12,0,0,23,0,23,0,8,27,0,35,41,0,41,76
08/10/2015,DEC,IL,AGL,CE,Federal Contract Tower,0,11,12,0,23,0,0,9,5,14,0,11,21,5,37,24,20,44,81
08/11/2015,DEC,IL,AGL,CE,Federal Contract Tower,0,15,10,0,25,0,0,29,18,47,0,15,39,18,72,42,52,94,166
08/12/2015,DEC,IL,AGL,CE,Federal Contract Tower,0,15,6,4,25,0,0,41,10,51,0,15,47,14,76,58,2,60,136
08/13/2015,DEC,IL,AGL,CE,Federal Contract Tower,0,12,9,2,23,0,0,31,13,44,0,12,40,15,67,52,58,110,177
08/14/2015,DEC,IL,AGL,CE,Federal Contract Tower,0,14,5,2,21,0,0,34,15,49,0,14,39,17,70,52,22,74,144
08/15/2015,DEC,IL,AGL,CE,Federal Contract Tower,0,5,5,0,10,0,0,46,4,50,0,5,51,4,60,68,6,74,134
08/16/2015,DEC,IL,AGL,CE,Federal Contract Tower,0,11,3,0,14,0,0,37,3,40,0,11,40,3,54,47,15,62,116
08/17/2015,DEC,IL,AGL,CE,Federal Contract Tower,0,12,7,0,19,0,0,22,2,24,0,12,29,2,43,40,4,44,87
08/18/2015,DEC,IL,AGL,CE,Federal Contract Tower,0,10,7,5,22,0,0,18,14,32,0,10,25,19,54,14,28,42,96
08/19/2015,DEC,IL,AGL,CE,Federal Contract Tower,0,15,8,6,29,0,0,26,4,30,0,15,34,10,59,52,8,60,119
08/20/2015,DEC,IL,AGL,CE,Federal Contract Tower,0,18,6,0,24,0,0,27,31,58,0,18,33,31,82,72,46,118,200
08/21/2015,DEC,IL,AGL,CE,Federal Contract Tower,0,11,9,1,21,0,0,25,10,35,0,11,34,11,56,56,26,82,138
08/22/2015,DEC,IL,AGL,CE,Federal Contract Tower,0,5,1,0,6,0,0,23,6,29,0,5,24,6,35,39,10,49,84
08/23/2015,DEC,IL,AGL,CE,Federal Contract Tower,0,9,1,0,10,0,0,19,0,19,0,9,20,0,29,28,0,28,57
08/24/2015,DEC,IL,AGL,CE,Federal Contract Tower,0,15,7,0,22,0,0,25,3,28,0,15,32,3,50,46,4,50,100
08/25/2015,DEC,IL,AGL,CE,Federal Contract Tower,0,17,8,1,26,0,0,31,11,42,0,17,39,12,68,24,36,60,128
08/26/2015,DEC,IL,AGL,CE,Federal Contract Tower,0,11,8,6,25,0,0,37,11,48,0,11,45,17,73,73,10,83,156
08/27/2015,DEC,IL,AGL,CE,Federal Contract Tower,0,14,14,4,32,0,0,30,16,46,0,14,44,20,78,75,54,129,207
08/28/2015,DEC,IL,AGL,CE,Federal Contract Tower,0,17,19,2,38,0,0,36,8,44,0,17,55,10,82,50,24,74,156
08/29/2015,DEC,IL,AGL,CE,Federal Contract Tower,0,6,10,0,16,0,0,33,4,37,0,6,43,4,53,73,8,81,134
08/30/2015,DEC,IL,AGL,CE,Federal Contract Tower,0,10,14,0,24,0,0,36,0,36,0,10,50,0,60,42,0,42,102
08/31/2015,DEC,IL,AGL,CE,Federal Contract Tower,0,14,20,2,36,0,0,19,3,22,0,14,39,5,58,28,4,32,90
09/01/2015,DEC,IL,AGL,CE,Federal Contract Tower,0,19,68,2,89,0,0,37,34,71,0,19,105,36,160,2,42,44,204
09/02/2015,DEC,IL,AGL,CE,Federal Contract Tower,0,18,87,4,109,0,0,101,15,116,0,18,188,19,225,4,4,8,233
09/03/2015,DEC,IL,AGL,CE,Federal Contract Tower,0,13,47,0,60,0,0,76,22,98,0,13,123,22,158,46,6,52,210
09/04/2015,DEC,IL,AGL,CE,Federal Contract Tower,0,9,13,0,22,0,0,27,12,39,0,9,40,12,61,52,20,72,133
09/05/2015,DEC,IL,AGL,CE,Federal Contract Tower,0,5,9,0,14,0,0,5,0,5,0,5,14,0,19,42,0,42,61
09/06/2015,DEC,IL,AGL,CE,Federal Contract Tower,0,9,1,0,10,0,0,29,0,29,0,9,30,0,39,43,0,43,82
09/07/2015,DEC,IL,AGL,CE,Federal Contract Tower,0,12,6,0,18,0,0,17,0,17,0,12,23,0,35,25,0,25,60
09/08/2015,DEC,IL,AGL,CE,Federal Contract Tower,0,11,11,2,24,0,0,15,12,27,0,11,26,14,51,44,36,80,131
09/09/2015,DEC,IL,AGL,CE,Federal Contract Tower,0,13,6,1,20,0,0,33,1,34,0,13,39,2,54,60,0,60,114
09/10/2015,DEC,IL,AGL,CE,Federal Contract Tower,0,13,7,1,21,0,0,29,18,47,0,13,36,19,68,70,24,94,162
09/11/2015,DEC,IL,AGL,CE,Federal Contract Tower,0,12,8,1,21,0,0,23,8,31,0,12,31,9,52,52,36,88,140
09/12/2015,DEC,IL,AGL,CE,Federal Contract Tower,0,8,5,0,13,0,0,26,2,28,0,8,31,2,41,39,8,47,88
09/13/2015,DEC,IL,AGL,CE,Federal Contract Tower,0,9,6,0,15,0,0,34,0,34,0,9,40,0,49,46,0,46,95
09/14/2015,DEC,IL,AGL,CE,Federal Contract Tower,0,14,14,2,30,0,0,23,4,27,0,14,37,6,57,37,0,37,94
09/15/2015,DEC,IL,AGL,CE,Federal Contract Tower,0,12,15,2,29,0,0,24,2,26,0,12,39,4,55,27,8,35,90
09/16/2015,DEC,IL,AGL,CE,Federal Contract Tower,0,16,8,2,26,0,0,31,3,34,0,16,39,5,60,66,4,70,130
09/17/2015,DEC,IL,AGL,CE,Federal Contract Tower,0,19,10,7,36,0,0,26,7,33,0,19,36,14,69,62,10,72,141
09/18/2015,DEC,IL,AGL,CE,Federal Contract Tower,0,16,11,2,29,0,0,21,1,22,0,16,32,3,51,64,0,64,115
09/19/2015,DEC,IL,AGL,CE,Federal Contract Tower,0,6,3,0,9,0,0,87,0,87,0,6,90,0,96,64,0,64,160
09/20/2015,DEC,IL,AGL,CE,Federal Contract Tower,0,9,10,0,19,0,0,31,0,31,0,9,41,0,50,63,0,63,113
09/21/2015,DEC,IL,AGL,CE,Federal Contract Tower,0,10,8,0,18,0,0,23,0,23,0,10,31,0,41,24,0,24,65
09/23/2015,DEC,IL,AGL,CE,Federal Contract Tower,0,13,11,0,24,0,0,36,0,36,0,13,47,0,60,66,0,66,126
09/24/2015,DEC,IL,AGL,CE,Federal Contract Tower,0,15,11,5,31,0,0,26,5,31,0,15,37,10,62,52,12,64,126
09/25/2015,DEC,IL,AGL,CE,Federal Contract Tower,0,16,13,2,31,0,0,35,8,43,0,16,48,10,74,52,22,74,148
09/26/2015,DEC,IL,AGL,CE,Federal Contract Tower,0,5,2,0,7,0,0,21,4,25,0,5,23,4,32,83,8,91,123
09/27/2015,DEC,IL,AGL,CE,Federal Contract Tower,0,8,7,2,17,0,0,24,0,24,0,8,31,2,41,68,0,68,109
09/28/2015,DEC,IL,AGL,CE,Federal Contract Tower,0,13,15,0,28,0,0,19,2,21,0,13,34,2,49,40,0,40,89
09/29/2015,DEC,IL,AGL,CE,Federal Contract Tower,0,13,10,0,23,0,0,17,4,21,0,13,27,4,44,26,4,30,74
09/30/2015,DEC,IL,AGL,CE,Federal Contract Tower,0,13,6,2,21,0,0,34,0,34,0,13,40,2,55,62,0,62,117
10/01/2015,DEC,IL,AGL,CE,Federal Contract Tower,0,12,7,0,19,0,0,27,1,28,0,12,34,1,47,64,0,64,111
10/02/2015,DEC,IL,AGL,CE,Federal Contract Tower,0,12,18,0,30,0,0,24,4,28,0,12,42,4,58,66,6,72,130
10/03/2015,DEC,IL,AGL,CE,Federal Contract Tower,0,3,8,0,11,0,0,27,0,27,0,3,35,0,38,51,0,51,89
10/04/2015,DEC,IL,AGL,CE,Federal Contract Tower,0,8,11,0,19,0,0,17,0,17,0,8,28,0,36,45,0,45,81
10/05/2015,DEC,IL,AGL,CE,Federal Contract Tower,0,13,9,0,22,0,0,13,0,13,0,13,22,0,35,26,0,26,61
10/06/2015,DEC,IL,AGL,CE,Federal Contract Tower,0,15,11,2,28,0,0,24,2,26,0,15,35,4,54,44,8,52,106
10/07/2015,DEC,IL,AGL,CE,Federal Contract Tower,0,14,11,2,27,0,0,26,0,26,0,14,37,2,53,52,0,52,105
10/08/2015,DEC,IL,AGL,CE,Federal Contract Tower,0,12,19,2,33,0,0,31,7,38,0,12,50,9,71,80,4,84,155
10/09/2015,DEC,IL,AGL,CE,Federal Contract Tower,0,12,6,0,18,0,0,31,0,31,0,12,37,0,49,66,0,66,115
10/10/2015,DEC,IL,AGL,CE,Federal Contract Tower,0,5,6,0,11,0,0,48,0,48,0,5,54,0,59,53,0,53,112
10/11/2015,DEC,IL,AGL,CE,Federal Contract Tower,0,8,2,0,10,0,0,22,0,22,0,8,24,0,32,49,0,49,81
10/12/2015,DEC,IL,AGL,CE,Federal Contract Tower,0,12,9,0,21,0,0,22,0,22,0,12,31,0,43,30,0,30,73
10/13/2015,DEC,IL,AGL,CE,Federal Contract Tower,0,12,8,2,22,0,0,20,4,24,0,12,28,6,46,41,12,53,99
10/14/2015,DEC,IL,AGL,CE,Federal Contract Tower,0,12,8,2,22,0,0,27,2,29,0,12,35,4,51,70,0,70,121
10/15/2015,DEC,IL,AGL,CE,Federal Contract Tower,0,14,5,0,19,0,0,35,4,39,0,14,40,4,58,95,6,101,159
10/16/2015,DEC,IL,AGL,CE,Federal Contract Tower,0,13,13,2,28,0,0,24,6,30,0,13,37,8,58,56,18,74,132
10/17/2015,DEC,IL,AGL,CE,Federal Contract Tower,0,6,4,2,12,0,0,40,27,67,0,6,44,29,79,40,43,83,162
10/18/2015,DEC,IL,AGL,CE,Federal Contract Tower,0,12,3,0,15,0,0,33,0,33,0,12,36,0,48,40,0,40,88
10/19/2015,DEC,IL,AGL,CE,Federal Contract Tower,0,12,14,0,26,0,0,20,0,20,0,12,34,0,46,33,0,33,79
10/20/2015,DEC,IL,AGL,CE,Federal Contract Tower,0,12,12,2,26,0,0,23,0,23,0,12,35,2,49,30,0,30,79
10/21/2015,DEC,IL,AGL,CE,Federal Contract Tower,0,13,7,2,22,0,0,31,0,31,0,13,38,2,53,56,0,56,109
10/22/2015,DEC,IL,AGL,CE,Federal Contract Tower,0,11,14,0,25,0,0,24,1,25,0,11,38,1,50,56,0,56,106
10/23/2015,DEC,IL,AGL,CE,Federal Contract Tower,0,14,6,0,20,0,0,26,0,26,0,14,32,0,46,76,0,76,122
10/24/2015,DEC,IL,AGL,CE,Federal Contract Tower,0,7,6,0,13,0,0,26,3,29,0,7,32,3,42,38,4,42,84
10/25/2015,DEC,IL,AGL,CE,Federal Contract Tower,0,8,3,0,11,0,0,30,2,32,0,8,33,2,43,34,0,34,77
10/26/2015,DEC,IL,AGL,CE,Federal Contract Tower,0,11,11,0,22,0,0,32,0,32,0,11,43,0,54,56,0,56,110
10/27/2015,DEC,IL,AGL,CE,Federal Contract Tower,0,12,12,2,26,0,0,0,0,0,0,12,12,2,26,0,0,0,26
10/28/2015,DEC,IL,AGL,CE,Federal Contract Tower,0,14,12,2,28,0,0,1,8,9,0,14,13,10,37,0,32,32,69
10/29/2015,DEC,IL,AGL,CE,Federal Contract Tower,0,12,13,2,27,0,0,27,27,54,0,12,40,29,81,56,57,113,194
10/30/2015,DEC,IL,AGL,CE,Federal Contract Tower,0,15,3,0,18,0,0,40,6,46,0,15,43,6,64,44,10,54,118
10/31/2015,DEC,IL,AGL,CE,Federal Contract Tower,0,6,0,0,6,0,0,11,0,11,0,6,11,0,17,32,0,32,49
11/01/2015,DEC,IL,AGL,CE,Federal Contract Tower,0,6,12,0,18,0,0,29,0,29,0,6,41,0,47,30,0,30,77
11/02/2015,DEC,IL,AGL,CE,Federal Contract Tower,0,12,5,0,17,0,0,28,4,32,0,12,33,4,49,46,18,64,113
11/03/2015,DEC,IL,AGL,CE,Federal Contract Tower,1,6,6,1,14,0,0,0,0,0,1,6,6,1,14,0,0,0,14
11/04/2015,DEC,IL,AGL,CE,Federal Contract Tower,1,10,6,1,18,0,0,21,24,45,1,10,27,25,63,46,54,100,163
11/05/2015,DEC,IL,AGL,CE,Federal Contract Tower,0,12,13,4,29,0,0,17,12,29,0,12,30,16,58,41,28,69,127
11/06/2015,DEC,IL,AGL,CE,Federal Contract Tower,0,13,11,0,24,0,0,25,12,37,0,13,36,12,61,47,10,57,118
11/07/2015,DEC,IL,AGL,CE,Federal Contract Tower,0,12,4,0,16,0,0,32,24,56,0,12,36,24,72,18,56,74,146
11/08/2015,DEC,IL,AGL,CE,Federal Contract Tower,0,8,4,0,12,0,0,19,14,33,0,8,23,14,45,19,26,45,90
11/09/2015,DEC,IL,AGL,CE,Federal Contract Tower,0,10,7,0,17,0,0,28,0,28,0,10,35,0,45,60,0,60,105
11/10/2015,DEC,IL,AGL,CE,Federal Contract Tower,0,13,8,4,25,0,0,29,19,48,0,13,37,23,73,52,40,92,165
11/11/2015,DEC,IL,AGL,CE,Federal Contract Tower,0,12,3,0,15,0,0,16,0,16,0,12,19,0,31,46,0,46,77
11/12/2015,DEC,IL,AGL,CE,Federal Contract Tower,0,10,2,2,14,0,0,19,18,37,0,10,21,20,51,44,54,98,149
11/13/2015,DEC,IL,AGL,CE,Federal Contract Tower,0,15,11,1,27,0,0,18,13,31,0,15,29,14,58,40,17,57,115
11/14/2015,DEC,IL,AGL,CE,Federal Contract Tower,0,3,1,0,4,0,0,40,3,43,0,3,41,3,47,22,3,25,72
11/15/2015,DEC,IL,AGL,CE,Federal Contract Tower,0,8,3,0,11,0,0,33,3,36,0,8,36,3,47,16,8,24,71
11/16/2015,DEC,IL,AGL,CE,Federal Contract Tower,0,14,14,3,31,0,0,11,6,17,0,14,25,9,48,8,0,8,56
11/17/2015,DEC,IL,AGL,CE,Federal Contract Tower,0,14,6,0,20,0,0,12,4,16,0,14,18,4,36,0,0,0,36
11/18/2015,DEC,IL,AGL,CE,Federal Contract Tower,0,7,7,4,18,0,0,18,15,33,0,7,25,19,51,36,46,82,133
11/19/2015,DEC,IL,AGL,CE,Federal Contract Tower,0,12,6,2,20,0,0,22,25,47,0,12,28,27,67,42,53,95,162
11/20/2015,DEC,IL,AGL,CE,Federal Contract Tower,0,13,7,0,20,0,0,29,11,40,0,13,36,11,60,43,22,65,125
11/21/2015,DEC,IL,AGL,CE,Federal Contract Tower,0,4,0,0,4,0,0,0,0,0,0,4,0,0,4,0,0,0,4
11/22/2015,DEC,IL,AGL,CE,Federal Contract Tower,0,8,1,0,9,0,0,15,0,15,0,8,16,0,24,25,0,25,49
11/23/2015,DEC,IL,AGL,CE,Federal Contract Tower,0,12,9,2,23,0,0,29,0,29,0,12,38,2,52,60,0,60,112
11/24/2015,DEC,IL,AGL,CE,Federal Contract Tower,0,11,6,2,19,0,0,28,25,53,0,11,34,27,72,38,44,82,154
11/25/2015,DEC,IL,AGL,CE,Federal Contract Tower,0,14,4,2,20,0,0,21,14,35,0,14,25,16,55,32,18,50,105
11/26/2015,DEC,IL,AGL,CE,Federal Contract Tower,0,7,2,0,9,0,0,18,0,18,0,7,20,0,27,37,0,37,64
11/27/2015,DEC,IL,AGL,CE,Federal Contract Tower,0,15,4,0,19,0,0,0,0,0,0,15,4,0,19,0,0,0,19
11/28/2015,DEC,IL,AGL,CE,Federal Contract Tower,0,7,18,0,25,0,0,2,0,2,0,7,20,0,27,4,0,4,31
11/29/2015,DEC,IL,AGL,CE,Federal Contract Tower,0,6,2,0,8,0,0,15,0,15,0,6,17,0,23,38,0,38,61
11/30/2015,DEC,IL,AGL,CE,Federal Contract Tower,0,4,9,0,13,0,0,17,4,21,0,4,26,4,34,6,0,6,40
12/01/2015,DEC,IL,AGL,CE,Federal Contract Tower,0,13,12,2,27,0,0,30,33,63,0,13,42,35,90,54,48,102,192
12/02/2015,DEC,IL,AGL,CE,Federal Contract Tower,0,15,5,2,22,0,0,18,10,28,0,15,23,12,50,10,32,42,92
12/03/2015,DEC,IL,AGL,CE,Federal Contract Tower,0,9,7,2,18,0,0,2,0,2,0,9,9,2,20,12,0,12,32
12/04/2015,DEC,IL,AGL,CE,Federal Contract Tower,0,5,13,4,22,0,0,12,0,12,0,5,25,4,34,20,0,20,54
12/05/2015,DEC,IL,AGL,CE,Federal Contract Tower,0,4,0,2,6,0,0,4,16,20,0,4,4,18,26,16,50,66,92
12/06/2015,DEC,IL,AGL,CE,Federal Contract Tower,0,8,3,0,11,0,0,22,0,22,0,8,25,0,33,32,0,32,65
12/07/2015,DEC,IL,AGL,CE,Federal Contract Tower,0,8,8,2,18,0,0,0,0,0,0,8,8,2,18,0,0,0,18
12/08/2015,DEC,IL,AGL,CE,Federal Contract Tower,0,16,8,6,30,0,0,21,13,34,0,16,29,19,64,52,10,62,126
12/09/2015,DEC,IL,AGL,CE,Federal Contract Tower,0,10,8,2,20,0,0,31,9,40,0,10,39,11,60,55,18,73,133
12/10/2015,DEC,IL,AGL,CE,Federal Contract Tower,0,8,10,0,18,0,0,18,19,37,0,8,28,19,55,37,31,68,123
12/11/2015,DEC,IL,AGL,CE,Federal Contract Tower,0,12,17,2,31,0,0,25,0,25,0,12,42,2,56,38,0,38,94
12/12/2015,DEC,IL,AGL,CE,Federal Contract Tower,0,8,5,4,17,0,0,14,0,14,0,8,19,4,31,34,0,34,65
12/13/2015,DEC,IL,AGL,CE,Federal Contract Tower,0,8,1,0,9,0,0,16,0,16,0,8,17,0,25,24,0,24,49
12/14/2015,DEC,IL,AGL,CE,Federal Contract Tower,0,8,16,0,24,0,0,19,0,19,0,8,35,0,43,29,0,29,72
12/15/2015,DEC,IL,AGL,CE,Federal Contract Tower,0,13,10,5,28,0,0,6,0,6,0,13,16,5,34,14,0,14,48
12/16/2015,DEC,IL,AGL,CE,Federal Contract Tower,0,7,16,0,23,0,0,27,9,36,0,7,43,9,59,60,8,68,127
12/17/2015,DEC,IL,AGL,CE,Federal Contract Tower,0,14,14,3,31,0,0,18,9,27,0,14,32,12,58,53,34,87,145
12/18/2015,DEC,IL,AGL,CE,Federal Contract Tower,0,17,5,2,24,0,0,30,6,36,0,17,35,8,60,53,8,61,121
12/19/2015,DEC,IL,AGL,CE,Federal Contract Tower,0,6,0,0,6,0,0,40,0,40,0,6,40,0,46,50,0,50,96
12/20/2015,DEC,IL,AGL,CE,Federal Contract Tower,0,8,3,0,11,0,0,13,2,15,0,8,16,2,26,27,5,32,58
12/21/2015,DEC,IL,AGL,CE,Federal Contract Tower,0,10,2,1,13,0,0,16,0,16,0,10,18,1,29,37,0,37,66
12/22/2015,DEC,IL,AGL,CE,Federal Contract Tower,0,17,1,0,18,0,0,0,0,0,0,17,1,0,18,0,0,0,18
12/23/2015,DEC,IL,AGL,CE,Federal Contract Tower,0,12,11,0,23,0,0,6,0,6,0,12,17,0,29,7,0,7,36
12/24/2015,DEC,IL,AGL,CE,Federal Contract Tower,0,13,0,0,13,0,0,23,0,23,0,13,23,0,36,67,0,67,103
12/25/2015,DEC,IL,AGL,CE,Federal Contract Tower,0,9,8,0,17,0,0,21,0,21,0,9,29,0,38,31,0,31,69
12/26/2015,DEC,IL,AGL,CE,Federal Contract Tower,0,12,0,0,12,0,0,8,0,8,0,12,8,0,20,17,0,17,37
12/27/2015,DEC,IL,AGL,CE,Federal Contract Tower,0,4,3,0,7,0,0,13,0,13,0,4,16,0,20,24,0,24,44
12/28/2015,DEC,IL,AGL,CE,Federal Contract Tower,0,5,1,0,6,0,0,0,0,0,0,5,1,0,6,0,0,0,6
12/29/2015,DEC,IL,AGL,CE,Federal Contract Tower,0,8,12,0,20,0,0,7,0,7,0,8,19,0,27,14,0,14,41
12/30/2015,DEC,IL,AGL,CE,Federal Contract Tower,0,10,1,0,11,0,0,21,0,21,0,10,22,0,32,56,0,56,88
12/31/2015,DEC,IL,AGL,CE,Federal Contract Tower,0,12,4,0,16,0,0,24,0,24,0,12,28,0,40,65,0,65,105
01/01/2016,DEC,IL,AGL,CE,Federal Contract Tower,0,10,3,0,13,0,0,23,0,23,0,10,26,0,36,50,0,50,86
01/02/2016,DEC,IL,AGL,CE,Federal Contract Tower,0,7,3,0,10,0,0,36,3,39,0,7,39,3,49,24,0,24,73
01/03/2016,DEC,IL,AGL,CE,Federal Contract Tower,0,8,4,0,12,0,0,26,0,26,0,8,30,0,38,26,0,26,64
01/04/2016,DEC,IL,AGL,CE,Federal Contract Tower,0,8,3,0,11,0,0,31,0,31,0,8,34,0,42,60,0,60,102
01/05/2016,DEC,IL,AGL,CE,Federal Contract Tower,0,16,11,0,27,0,0,34,14,48,0,16,45,14,75,54,22,76,151
01/06/2016,DEC,IL,AGL,CE,Federal Contract Tower,0,11,7,0,18,0,0,27,0,27,0,11,34,0,45,70,0,70,115
01/07/2016,DEC,IL,AGL,CE,Federal Contract Tower,2,8,7,0,17,0,0,37,4,41,2,8,44,4,58,39,11,50,108
01/08/2016,DEC,IL,AGL,CE,Federal Contract Tower,0,12,6,0,18,0,0,13,0,13,0,12,19,0,31,32,0,32,63
01/09/2016,DEC,IL,AGL,CE,Federal Contract Tower,0,7,2,0,9,0,0,0,0,0,0,7,2,0,9,0,0,0,9
01/10/2016,DEC,IL,AGL,CE,Federal Contract Tower,0,8,0,0,8,0,0,11,26,37,0,8,11,26,45,24,100,124,169
01/11/2016,DEC,IL,AGL,CE,Federal Contract Tower,0,10,3,0,13,0,0,23,2,25,0,10,26,2,38,64,0,64,102
01/12/2016,DEC,IL,AGL,CE,Federal Contract Tower,0,14,11,3,28,0,0,16,25,41,0,14,27,28,69,25,60,85,154
01/13/2016,DEC,IL,AGL,CE,Federal Contract Tower,0,14,5,4,23,0,0,17,24,41,0,14,22,28,64,28,46,74,138
01/14/2016,DEC,IL,AGL,CE,Federal Contract Tower,0,13,5,3,21,0,0,24,25,49,0,13,29,28,70,64,77,141,211
01/15/2016,DEC,IL,AGL,CE,Federal Contract Tower,0,12,2,2,16,0,0,18,4,22,0,12,20,6,38,35,10,45,83
01/16/2016,DEC,IL,AGL,CE,Federal Contract Tower,0,10,3,0,13,0,0,16,0,16,0,10,19,0,29,32,0,32,61
01/17/2016,DEC,IL,AGL,CE,Federal Contract Tower,0,9,2,0,11,0,0,17,0,17,0,9,19,0,28,24,0,24,52
01/18/2016,DEC,IL,AGL,CE,Federal Contract Tower,0,14,2,0,16,0,0,24,0,24,0,14,26,0,40,48,0,48,88
01/19/2016,DEC,IL,AGL,CE,Federal Contract Tower,0,11,3,1,15,0,0,21,29,50,0,11,24,30,65,36,55,91,156
01/20/2016,DEC,IL,AGL,CE,Federal Contract Tower,0,14,12,0,26,0,0,17,23,40,0,14,29,23,66,34,44,78,144
01/21/2016,DEC,IL,AGL,CE,Federal Contract Tower,0,11,4,4,19,0,0,19,28,47,0,11,23,32,66,35,48,83,149
01/22/2016,DEC,IL,AGL,CE,Federal Contract Tower,0,13,13,2,28,0,0,17,10,27,0,13,30,12,55,36,23,59,114
01/23/2016,DEC,IL,AGL,CE,Federal Contract Tower,0,6,2,0,8,0,0,15,0,15,0,6,17,0,23,53,0,53,76
01/24/2016,DEC,IL,AGL,CE,Federal Contract Tower,0,8,0,0,8,0,0,18,0,18,0,8,18,0,26,25,0,25,51
01/26/2016,DEC,IL,AGL,CE,Federal Contract Tower,0,10,6,2,18,0,0,18,25,43,0,10,24,27,61,38,44,82,143
01/27/2016,DEC,IL,AGL,CE,Federal Contract Tower,0,10,5,2,17,0,0,22,19,41,0,10,27,21,58,46,48,94,152
01/28/2016,DEC,IL,AGL,CE,Federal Contract Tower,0,12,1,4,17,0,0,13,23,36,0,12,14,27,53,25,63,88,141
01/29/2016,DEC,IL,AGL,CE,Federal Contract Tower,0,11,3,0,14,0,0,26,12,38,0,11,29,12,52,71,33,104,156
01/30/2016,DEC,IL,AGL,CE,Federal Contract Tower,0,5,2,2,9,0,0,29,0,29,0,5,31,2,38,28,0,28,66
01/31/2016,DEC,IL,AGL,CE,Federal Contract Tower,0,9,2,0,11,0,0,24,1,25,0,9,26,1,36,40,0,40,76
02/01/2016,DEC,IL,AGL,CE,Federal Contract Tower,0,8,3,0,11,0,0,26,14,40,0,8,29,14,51,51,44,95,146
02/02/2016,DEC,IL,AGL,CE,Federal Contract Tower,0,9,5,0,14,0,0,0,0,0,0,9,5,0,14,0,0,0,14
02/03/2016,DEC,IL,AGL,CE,Federal Contract Tower,0,14,5,0,19,0,0,16,10,26,0,14,21,10,45,33,51,84,129
02/04/2016,DEC,IL,AGL,CE,Federal Contract Tower,0,11,7,0,18,0,0,29,24,53,0,11,36,24,71,54,50,104,175
02/05/2016,DEC,IL,AGL,CE,Federal Contract Tower,0,13,11,0,24,0,0,14,4,18,0,13,25,4,42,32,12,44,86
02/06/2016,DEC,IL,AGL,CE,Federal Contract Tower,0,6,3,1,10,0,0,37,11,48,0,6,40,12,58,68,12,80,138
02/07/2016,DEC,IL,AGL,CE,Federal Contract Tower,0,8,1,0,9,0,0,24,2,26,0,8,25,2,35,43,4,47,82
02/08/2016,DEC,IL,AGL,CE,Federal Contract Tower,0,12,1,0,13,0,0,3,0,3,0,12,4,0,16,14,0,14,30
02/09/2016,DEC,IL,AGL,CE,Federal Contract Tower,0,15,7,5,27,0,0,10,17,27,0,15,17,22,54,22,54,76,130
02/10/2016,DEC,IL,AGL,CE,Federal Contract Tower,0,13,8,3,24,0,0,19,12,31,0,13,27,15,55,40,32,72,127
02/11/2016,DEC,IL,AGL,CE,Federal Contract Tower,0,13,2,6,21,0,0,26,13,39,0,13,28,19,60,53,13,66,126
02/12/2016,DEC,IL,AGL,CE,Federal Contract Tower,0,12,7,0,19,0,0,8,0,8,0,12,15,0,27,15,0,15,42
02/13/2016,DEC,IL,AGL,CE,Federal Contract Tower,0,6,3,0,9,0,0,42,0,42,0,6,45,0,51,58,0,58,109
02/14/2016,DEC,IL,AGL,CE,Federal Contract Tower,0,6,2,0,8,0,0,5,0,5,0,6,7,0,13,4,0,4,17
02/15/2016,DEC,IL,AGL,CE,Federal Contract Tower,0,10,3,0,13,0,0,0,0,0,0,10,3,0,13,0,0,0,13
02/16/2016,DEC,IL,AGL,CE,Federal Contract Tower,0,9,4,0,13,0,0,17,14,31,0,9,21,14,44,42,34,76,120
02/17/2016,DEC,IL,AGL,CE,Federal Contract Tower,0,13,13,6,32,0,0,18,17,35,0,13,31,23,67,34,43,77,144
02/18/2016,DEC,IL,AGL,CE,Federal Contract Tower,0,13,11,3,27,0,0,20,24,44,0,13,31,27,71,27,24,51,122
02/19/2016,DEC,IL,AGL,CE,Federal Contract Tower,0,8,3,4,15,0,0,15,32,47,0,8,18,36,62,16,48,64,126
02/20/2016,DEC,IL,AGL,CE,Federal Contract Tower,0,7,8,0,15,0,0,39,13,52,0,7,47,13,67,64,3,67,134
02/21/2016,DEC,IL,AGL,CE,Federal Contract Tower,0,9,12,1,22,0,0,31,13,44,0,9,43,14,66,48,18,66,132
02/22/2016,DEC,IL,AGL,CE,Federal Contract Tower,0,12,7,0,19,0,0,21,13,34,0,12,28,13,53,42,32,74,127
02/23/2016,DEC,IL,AGL,CE,Federal Contract Tower,0,13,22,4,39,0,0,19,21,40,0,13,41,25,79,46,32,78,157
02/24/2016,DEC,IL,AGL,CE,Federal Contract Tower,0,3,1,0,4,0,0,0,0,0,0,3,1,0,4,0,0,0,4
02/25/2016,DEC,IL,AGL,CE,Federal Contract Tower,0,13,9,3,25,0,0,20,20,40,0,13,29,23,65,44,23,67,132
02/26/2016,DEC,IL,AGL,CE,Federal Contract Tower,0,10,7,2,19,0,0,15,8,23,0,10,22,10,42,15,11,26,68
02/27/2016,DEC,IL,AGL,CE,Federal Contract Tower,0,4,4,0,8,0,0,27,0,27,0,4,31,0,35,52,0,52,87
02/28/2016,DEC,IL,AGL,CE,Federal Contract Tower,0,8,0,2,10,0,0,16,0,16,0,8,16,2,26,9,0,9,35
02/29/2016,DEC,IL,AGL,CE,Federal Contract Tower,0,10,5,0,15,0,0,26,5,31,0,10,31,5,46,80,22,102,148
03/01/2016,DEC,IL,AGL,CE,Federal Contract Tower,0,12,7,3,22,0,0,0,23,23,0,12,7,26,45,0,84,84,129
03/02/2016,DEC,IL,AGL,CE,Federal Contract Tower,0,14,10,1,25,0,0,26,10,36,0,14,36,11,61,58,21,79,140
03/03/2016,DEC,IL,AGL,CE,Federal Contract Tower,0,13,5,1,19,0,0,0,0,0,0,13,5,1,19,0,0,0,19
03/04/2016,DEC,IL,AGL,CE,Federal Contract Tower,0,13,11,2,26,0,0,28,6,34,0,13,39,8,60,54,6,60,120
03/05/2016,DEC,IL,AGL,CE,Federal Contract Tower,0,8,4,0,12,0,0,14,27,41,0,8,18,27,53,24,58,82,135
03/06/2016,DEC,IL,AGL,CE,Federal Contract Tower,0,9,7,2,18,0,0,27,8,35,0,9,34,10,53,58,0,58,111
03/07/2016,DEC,IL,AGL,CE,Federal Contract Tower,0,8,3,4,15,0,0,27,0,27,0,8,30,4,42,43,0,43,85
03/08/2016,DEC,IL,AGL,CE,Federal Contract Tower,0,12,1,3,16,0,0,19,18,37,0,12,20,21,53,50,49,99,152
03/09/2016,DEC,IL,AGL,CE,Federal Contract Tower,0,12,5,5,22,0,0,16,14,30,0,12,21,19,52,39,43,82,134
03/10/2016,DEC,IL,AGL,CE,Federal Contract Tower,0,13,2,6,21,0,0,8,12,20,0,13,10,18,41,8,19,27,68
03/11/2016,DEC,IL,AGL,CE,Federal Contract Tower,0,13,15,2,30,0,0,28,12,40,0,13,43,14,70,38,10,48,118
03/12/2016,DEC,IL,AGL,CE,Federal Contract Tower,0,12,7,0,19,0,0,13,0,13,0,12,20,0,32,27,0,27,59
03/13/2016,DEC,IL,AGL,CE,Federal Contract Tower,0,8,3,0,11,0,0,3,0,3,0,8,6,0,14,17,0,17,31
03/14/2016,DEC,IL,AGL,CE,Federal Contract Tower,0,15,22,0,37,0,0,12,5,17,0,15,34,5,54,26,18,44,98
03/15/2016,DEC,IL,AGL,CE,Federal Contract Tower,0,11,9,5,25,0,0,30,25,55,0,11,39,30,80,50,42,92,172
03/16/2016,DEC,IL,AGL,CE,Federal Contract Tower,0,10,11,1,22,0,0,19,9,28,0,10,30,10,50,36,20,56,106
03/17/2016,DEC,IL,AGL,CE,Federal Contract Tower,0,13,11,4,28,0,0,22,16,38,0,13,33,20,66,50,20,70,136
03/18/2016,DEC,IL,AGL,CE,Federal Contract Tower,0,15,4,4,23,0,0,31,9,40,0,15,35,13,63,34,8,42,105
03/19/2016,DEC,IL,AGL,CE,Federal Contract Tower,0,5,6,0,11,0,0,21,0,21,0,5,27,0,32,33,0,33,65
03/20/2016,DEC,IL,AGL,CE,Federal Contract Tower,0,6,3,0,9,0,0,14,0,14,0,6,17,0,23,38,0,38,61
03/21/2016,DEC,IL,AGL,CE,Federal Contract Tower,0,13,5,2,20,0,0,26,10,36,0,13,31,12,56,54,36,90,146
03/22/2016,DEC,IL,AGL,CE,Federal Contract Tower,0,11,12,5,28,0,0,19,23,42,0,11,31,28,70,28,50,78,148
03/23/2016,DEC,IL,AGL,CE,Federal Contract Tower,0,12,12,3,27,0,0,21,13,34,0,12,33,16,61,47,30,77,138
03/24/2016,DEC,IL,AGL,CE,Federal Contract Tower,0,9,1,0,10,0,0,8,23,31,0,9,9,23,41,8,99,107,148
03/25/2016,DEC,IL,AGL,CE,Federal Contract Tower,0,13,7,0,20,0,0,35,8,43,0,13,42,8,63,46,10,56,119
03/26/2016,DEC,IL,AGL,CE,Federal Contract Tower,0,5,5,0,10,0,0,33,0,33,0,5,38,0,43,68,0,68,111
03/27/2016,DEC,IL,AGL,CE,Federal Contract Tower,0,8,8,0,16,0,0,15,0,15,0,8,23,0,31,41,0,41,72
03/28/2016,DEC,IL,AGL,CE,Federal Contract Tower,0,12,4,0,16,0,0,28,12,40,0,12,32,12,56,64,42,106,162
03/29/2016,DEC,IL,AGL,CE,Federal Contract Tower,0,12,4,4,20,0,0,20,31,51,0,12,24,35,71,32,48,80,151
03/30/2016,DEC,IL,AGL,CE,Federal Contract Tower,0,13,4,2,19,0,0,17,10,27,0,13,21,12,46,25,12,37,83
03/31/2016,DEC,IL,AGL,CE,Federal Contract Tower,12,7,0,1,20,0,0,15,32,47,12,7,15,33,67,15,90,105,172
04/01/2016,DEC,IL,AGL,CE,Federal Contract Tower,0,13,8,0,21,0,0,18,9,27,0,13,26,9,48,17,8,25,73
04/02/2016,DEC,IL,AGL,CE,Federal Contract Tower,0,5,6,0,11,0,0,11,7,18,0,5,17,7,29,5,17,22,51
04/03/2016,DEC,IL,AGL,CE,Federal Contract Tower,0,8,6,0,14,0,0,19,0,19,0,8,25,0,33,32,0,32,65
04/04/2016,DEC,IL,AGL,CE,Federal Contract Tower,0,11,12,4,27,0,0,21,10,31,0,11,33,14,58,46,40,86,144
04/05/2016,DEC,IL,AGL,CE,Federal Contract Tower,0,17,3,5,25,0,0,17,28,45,0,17,20,33,70,42,48,90,160
04/06/2016,DEC,IL,AGL,CE,Federal Contract Tower,0,12,18,12,42,0,0,17,8,25,0,12,35,20,67,23,12,35,102
04/07/2016,DEC,IL,AGL,CE,Federal Contract Tower,0,12,5,8,25,0,0,16,19,35,0,12,21,27,60,27,37,64,124
04/08/2016,DEC,IL,AGL,CE,Federal Contract Tower,0,14,5,4,23,0,0,11,5,16,0,14,16,9,39,23,9,32,71
04/09/2016,DEC,IL,AGL,CE,Federal Contract Tower,0,6,4,0,10,0,0,37,8,45,0,6,41,8,55,40,22,62,117
04/10/2016,DEC,IL,AGL,CE,Federal Contract Tower,0,8,8,0,16,0,0,18,2,20,0,8,26,2,36,41,4,45,81
04/11/2016,DEC,IL,AGL,CE,Federal Contract Tower,0,14,1,0,15,0,0,24,17,41,0,14,25,17,56,43,38,81,137
04/12/2016,DEC,IL,AGL,CE,Federal Contract Tower,0,16,3,5,24,0,0,22,19,41,0,16,25,24,65,36,32,68,133
04/13/2016,DEC,IL,AGL,CE,Federal Contract Tower,0,11,10,1,22,0,0,38,16,54,0,11,48,17,76,49,22,71,147
04/14/2016,DEC,IL,AGL,CE,Federal Contract Tower,0,13,13,1,27,0,0,25,21,46,0,13,38,22,73,55,26,81,154
04/15/2016,DEC,IL,AGL,CE,Federal Contract Tower,0,13,0,0,13,0,0,21,19,40,0,13,21,19,53,48,14,62,115
04/16/2016,DEC,IL,AGL,CE,Federal Contract Tower,0,5,2,0,7,0,0,36,20,56,0,5,38,20,63,44,16,60,123
04/17/2016,DEC,IL,AGL,CE,Federal Contract Tower,0,8,4,0,12,0,0,24,4,28,0,8,28,4,40,28,6,34,74
04/18/2016,DEC,IL,AGL,CE,Federal Contract Tower,0,12,7,2,21,0,0,23,10,33,0,12,30,12,54,58,22,80,134
04/19/2016,DEC,IL,AGL,CE,Federal Contract Tower,0,13,13,2,28,0,0,19,30,49,0,13,32,32,77,46,68,114,191
04/20/2016,DEC,IL,AGL,CE,Federal Contract Tower,0,11,8,4,23,0,0,19,16,35,0,11,27,20,58,40,24,64,122
04/21/2016,DEC,IL,AGL,CE,Federal Contract Tower,0,15,7,4,26,0,0,14,4,18,0,15,21,8,44,50,15,65,109
04/22/2016,DEC,IL,AGL,CE,Federal Contract Tower,0,14,16,0,30,0,0,12,7,19,0,14,28,7,49,21,14,35,84
04/23/2016,DEC,IL,AGL,CE,Federal Contract Tower,0,9,5,0,14,0,0,26,0,26,0,9,31,0,40,62,0,62,102
04/24/2016,DEC,IL,AGL,CE,Federal Contract Tower,0,11,7,0,18,0,0,31,0,31,0,11,38,0,49,56,0,56,105
04/25/2016,DEC,IL,AGL,CE,Federal Contract Tower,0,12,5,1,18,0,0,27,7,34,0,12,32,8,52,42,16,58,110
04/26/2016,DEC,IL,AGL,CE,Federal Contract Tower,0,12,7,3,22,0,0,26,30,56,0,12,33,33,78,35,44,79,157
04/27/2016,DEC,IL,AGL,CE,Federal Contract Tower,0,13,5,7,25,0,0,0,0,0,0,13,5,7,25,0,0,0,25
04/28/2016,DEC,IL,AGL,CE,Federal Contract Tower,0,14,6,0,20,0,0,22,18,40,0,14,28,18,60,28,32,60,120
04/29/2016,DEC,IL,AGL,CE,Federal Contract Tower,0,10,15,3,28,0,0,30,8,38,0,10,45,11,66,40,0,40,106
04/30/2016,DEC,IL,AGL,CE,Federal Contract Tower,0,7,14,1,22,0,0,0,0,0,0,7,14,1,22,0,0,0,22
05/01/2016,DEC,IL,AGL,CE,Federal Contract Tower,0,8,10,0,18,0,0,13,0,13,0,8,23,0,31,50,0,50,81
05/02/2016,DEC,IL,AGL,CE,Federal Contract Tower,0,11,8,9,28,0,0,16,1,17,0,11,24,10,45,29,29,58,103
05/03/2016,DEC,IL,AGL,CE,Federal Contract Tower,0,12,14,7,33,0,0,29,29,58,0,12,43,36,91,50,50,100,191
05/04/2016,DEC,IL,AGL,CE,Federal Contract Tower,0,13,5,2,20,0,0,17,16,33,0,13,22,18,53,27,22,49,102
05/05/2016,DEC,IL,AGL,CE,Federal Contract Tower,0,13,9,3,25,0,0,23,23,46,0,13,32,26,71,41,22,63,134
05/06/2016,DEC,IL,AGL,CE,Federal Contract Tower,0,13,5,0,18,0,0,24,6,30,0,13,29,6,48,45,12,57,105
05/07/2016,DEC,IL,AGL,CE,Federal Contract Tower,0,9,1,0,10,0,0,22,0,22,0,9,23,0,32,62,0,62,94
05/08/2016,DEC,IL,AGL,CE,Federal Contract Tower,0,7,6,0,13,0,0,29,3,32,0,7,35,3,45,54,10,64,109
05/09/2016,DEC,IL,AGL,CE,Federal Contract Tower,0,11,4,2,17,0,0,19,12,31,0,11,23,14,48,38,22,60,108
05/10/2016,DEC,IL,AGL,CE,Federal Contract Tower,0,11,4,4,19,0,0,16,22,38,0,11,20,26,57,35,52,87,144
05/11/2016,DEC,IL,AGL,CE,Federal Contract Tower,0,10,8,0,18,0,0,15,12,27,0,10,23,12,45,18,38,56,101
05/12/2016,DEC,IL,AGL,CE,Federal Contract Tower,0,12,9,3,24,0,0,7,14,21,0,12,16,17,45,6,34,40,85
05/13/2016,DEC,IL,AGL,CE,Federal Contract Tower,0,13,3,4,20,0,0,42,29,71,0,13,45,33,91,60,42,102,193
05/14/2016,DEC,IL,AGL,CE,Federal Contract Tower,0,5,3,0,8,0,0,20,27,47,0,5,23,27,55,34,38,72,127
05/15/2016,DEC,IL,AGL,CE,Federal Contract Tower,0,6,3,0,9,0,0,27,2,29,0,6,30,2,38,77,0,77,115
05/16/2016,DEC,IL,AGL,CE,Federal Contract Tower,0,11,4,0,15,0,0,28,11,39,0,11,32,11,54,43,28,71,125
05/17/2016,DEC,IL,AGL,CE,Federal Contract Tower,0,12,7,6,25,0,0,19,27,46,0,12,26,33,71,27,70,97,168
05/18/2016,DEC,IL,AGL,CE,Federal Contract Tower,0,14,15,2,31,0,0,36,8,44,0,14,51,10,75,59,12,71,146
05/19/2016,DEC,IL,AGL,CE,Federal Contract Tower,0,13,18,5,36,0,0,38,23,61,0,13,56,28,97,45,49,94,191
05/20/2016,DEC,IL,AGL,CE,Federal Contract Tower,0,18,14,1,33,0,0,25,14,39,0,18,39,15,72,48,30,78,150
05/21/2016,DEC,IL,AGL,CE,Federal Contract Tower,0,6,4,0,10,0,0,96,17,113,0,6,100,17,123,16,20,36,159
05/22/2016,DEC,IL,AGL,CE,Federal Contract Tower,0,6,3,2,11,0,0,37,0,37,0,6,40,2,48,72,0,72,120
05/23/2016,DEC,IL,AGL,CE,Federal Contract Tower,0,13,13,0,26,0,0,26,9,35,0,13,39,9,61,43,18,61,122
05/24/2016,DEC,IL,AGL,CE,Federal Contract Tower,0,13,17,0,30,0,0,24,23,47,0,13,41,23,77,37,30,67,144
05/25/2016,DEC,IL,AGL,CE,Federal Contract Tower,0,11,3,4,18,0,0,10,8,18,0,11,13,12,36,17,22,39,75
05/26/2016,DEC,IL,AGL,CE,Federal Contract Tower,0,14,9,0,23,0,0,21,18,39,0,14,30,18,62,38,16,54,116
05/27/2016,DEC,IL,AGL,CE,Federal Contract Tower,0,13,1,9,23,0,0,13,2,15,0,13,14,11,38,29,0,29,67
05/28/2016,DEC,IL,AGL,CE,Federal Contract Tower,0,6,1,0,7,0,0,26,0,26,0,6,27,0,33,50,0,50,83
05/29/2016,DEC,IL,AGL,CE,Federal Contract Tower,0,8,5,0,13,0,0,29,0,29,0,8,34,0,42,44,0,44,86
05/30/2016,DEC,IL,AGL,CE,Federal Contract Tower,0,12,2,0,14,0,0,29,0,29,0,12,31,0,43,35,0,35,78
05/31/2016,DEC,IL,AGL,CE,Federal Contract Tower,0,9,11,1,21,0,0,25,29,54,0,9,36,30,75,42,37,79,154
06/01/2016,DEC,IL,AGL,CE,Federal Contract Tower,0,15,4,3,22,0,0,13,5,18,0,15,17,8,40,14,16,30,70
06/02/2016,DEC,IL,AGL,CE,Federal Contract Tower,0,13,5,0,18,0,0,29,13,42,0,13,34,13,60,50,0,50,110
06/03/2016,DEC,IL,AGL,CE,Federal Contract Tower,2,13,2,0,17,0,0,32,14,46,2,13,34,14,63,66,14,80,143
06/04/2016,DEC,IL,AGL,CE,Federal Contract Tower,0,5,5,0,10,0,0,12,0,12,0,5,17,0,22,30,0,30,52
06/05/2016,DEC,IL,AGL,CE,Federal Contract Tower,0,8,6,2,16,0,0,24,15,39,0,8,30,17,55,42,24,66,121
06/06/2016,DEC,IL,AGL,CE,Federal Contract Tower,0,12,4,2,18,0,0,25,5,30,0,12,29,7,48,62,10,72,120
06/07/2016,DEC,IL,AGL,CE,Federal Contract Tower,0,13,16,2,31,0,0,26,10,36,0,13,42,12,67,39,26,65,132
06/08/2016,DEC,IL,AGL,CE,Federal Contract Tower,0,13,16,2,31,0,0,38,4,42,0,13,54,6,73,41,9,50,123
06/09/2016,DEC,IL,AGL,CE,Federal Contract Tower,0,15,3,3,21,0,0,15,8,23,0,15,18,11,44,25,0,25,69
06/10/2016,DEC,IL,AGL,CE,Federal Contract Tower,0,15,10,1,26,0,0,29,1,30,0,15,39,2,56,55,0,55,111
06/11/2016,DEC,IL,AGL,CE,Federal Contract Tower,0,5,2,0,7,0,0,26,20,46,0,5,28,20,53,58,22,80,133
06/12/2016,DEC,IL,AGL,CE,Federal Contract Tower,0,8,5,0,13,0,0,26,4,30,0,8,31,4,43,52,0,52,95
06/13/2016,DEC,IL,AGL,CE,Federal Contract Tower,0,12,5,3,20,0,0,22,3,25,0,12,27,6,45,46,6,52,97
06/14/2016,DEC,IL,AGL,CE,Federal Contract Tower,0,11,1,5,17,0,0,23,7,30,0,11,24,12,47,34,20,54,101
06/15/2016,DEC,IL,AGL,CE,Federal Contract Tower,0,13,4,0,17,0,0,18,4,22,0,13,22,4,39,33,4,37,76
06/16/2016,DEC,IL,AGL,CE,Federal Contract Tower,0,15,3,0,18,0,0,18,5,23,0,15,21,5,41,23,0,23,64
06/17/2016,DEC,IL,AGL,CE,Federal Contract Tower,0,15,4,0,19,0,0,29,7,36,0,15,33,7,55,73,0,73,128
06/18/2016,DEC,IL,AGL,CE,Federal Contract Tower,0,5,4,0,9,0,0,28,0,28,0,5,32,0,37,66,0,66,103
06/19/2016,DEC,IL,AGL,CE,Federal Contract Tower,0,8,5,0,13,0,0,27,0,27,0,8,32,0,40,48,0,48,88
06/20/2016,DEC,IL,AGL,CE,Federal Contract Tower,0,12,7,2,21,0,0,22,8,30,0,12,29,10,51,41,20,61,112
06/21/2016,DEC,IL,AGL,CE,Federal Contract Tower,0,13,7,2,22,0,0,36,15,51,0,13,43,17,73,40,20,60,133
06/22/2016,DEC,IL,AGL,CE,Federal Contract Tower,0,14,9,1,24,0,0,16,7,23,0,14,25,8,47,26,4,30,77
06/23/2016,DEC,IL,AGL,CE,Federal Contract Tower,0,12,13,0,25,0,0,19,5,24,0,12,32,5,49,36,0,36,85
06/24/2016,DEC,IL,AGL,CE,Federal Contract Tower,0,17,17,0,34,0,0,30,2,32,0,17,47,2,66,46,4,50,116
06/25/2016,DEC,IL,AGL,CE,Federal Contract Tower,0,6,0,0,6,0,0,34,1,35,0,6,34,1,41,50,0,50,91
06/26/2016,DEC,IL,AGL,CE,Federal Contract Tower,0,10,4,0,14,0,0,27,0,27,0,10,31,0,41,60,0,60,101
06/27/2016,DEC,IL,AGL,CE,Federal Contract Tower,0,12,21,3,36,0,0,29,6,35,0,12,50,9,71,44,19,63,134
06/28/2016,DEC,IL,AGL,CE,Federal Contract Tower,0,13,17,0,30,0,0,25,22,47,0,13,42,22,77,46,28,74,151
06/29/2016,DEC,IL,AGL,CE,Federal Contract Tower,0,15,12,2,29,0,0,27,9,36,0,15,39,11,65,27,14,41,106
06/30/2016,DEC,IL,AGL,CE,Federal Contract Tower,0,15,10,2,27,0,0,27,19,46,0,15,37,21,73,46,18,64,137
07/01/2016,DEC,IL,AGL,CE,Federal Contract Tower,0,14,9,0,23,0,0,25,0,25,0,14,34,0,48,60,0,60,108
07/02/2016,DEC,IL,AGL,CE,Federal Contract Tower,0,5,4,0,9,0,0,25,0,25,0,5,29,0,34,74,0,74,108
07/03/2016,DEC,IL,AGL,CE,Federal Contract Tower,0,6,2,0,8,0,0,0,0,0,0,6,2,0,8,0,0,0,8
07/04/2016,DEC,IL,AGL,CE,Federal Contract Tower,0,9,1,0,10,0,0,6,0,6,0,9,7,0,16,13,0,13,29
07/05/2016,DEC,IL,AGL,CE,Federal Contract Tower,0,12,8,4,24,0,0,33,21,54,0,12,41,25,78,32,54,86,164
07/06/2016,DEC,IL,AGL,CE,Federal Contract Tower,0,11,4,0,15,0,0,11,4,15,0,11,15,4,30,24,6,30,60
07/07/2016,DEC,IL,AGL,CE,Federal Contract Tower,0,13,5,0,18,0,0,13,0,13,0,13,18,0,31,14,0,14,45
07/08/2016,DEC,IL,AGL,CE,Federal Contract Tower,0,14,15,2,31,0,0,25,22,47,0,14,40,24,78,58,0,58,136
07/09/2016,DEC,IL,AGL,CE,Federal Contract Tower,1,7,3,1,12,0,0,29,30,59,1,7,32,31,71,53,51,104,175
07/10/2016,DEC,IL,AGL,CE,Federal Contract Tower,0,8,3,0,11,0,0,22,7,29,0,8,25,7,40,30,12,42,82
07/11/2016,DEC,IL,AGL,CE,Federal Contract Tower,0,13,4,0,17,0,0,30,7,37,0,13,34,7,54,43,14,57,111
07/12/2016,DEC,IL,AGL,CE,Federal Contract Tower,0,17,7,6,30,0,0,24,19,43,0,17,31,25,73,28,29,57,130
07/13/2016,DEC,IL,AGL,CE,Federal Contract Tower,0,12,6,1,19,0,0,13,8,21,0,12,19,9,40,25,12,37,77
07/14/2016,DEC,IL,AGL,CE,Federal Contract Tower,0,13,14,5,32,0,0,26,15,41,0,13,40,20,73,58,20,78,151
07/15/2016,DEC,IL,AGL,CE,Federal Contract Tower,0,15,7,0,22,0,0,28,8,36,0,15,35,8,58,63,16,79,137
07/16/2016,DEC,IL,AGL,CE,Federal Contract Tower,0,5,2,0,7,0,0,29,8,37,0,5,31,8,44,68,14,82,126
07/17/2016,DEC,IL,AGL,CE,Federal Contract Tower,0,7,2,0,9,0,0,25,0,25,0,7,27,0,34,68,0,68,102
07/18/2016,DEC,IL,AGL,CE,Federal Contract Tower,0,13,16,0,29,0,0,28,8,36,0,13,44,8,65,53,18,71,136
07/19/2016,DEC,IL,AGL,CE,Federal Contract Tower,0,14,8,0,22,0,0,27,17,44,0,14,35,17,66,40,41,81,147
07/20/2016,DEC,IL,AGL,CE,Federal Contract Tower,0,13,11,0,24,0,0,12,16,28,0,13,23,16,52,27,25,52,104
07/21/2016,DEC,IL,AGL,CE,Federal Contract Tower,0,14,9,0,23,0,0,22,20,42,0,14,31,20,65,42,20,62,127
07/22/2016,DEC,IL,AGL,CE,Federal Contract Tower,0,14,8,2,24,0,0,22,8,30,0,14,30,10,54,44,38,82,136
07/23/2016,DEC,IL,AGL,CE,Federal Contract Tower,0,5,10,0,15,0,0,31,0,31,0,5,41,0,46,84,0,84,130
07/24/2016,DEC,IL,AGL,CE,Federal Contract Tower,0,8,6,2,16,0,0,42,2,44,0,8,48,4,60,46,4,50,110
07/25/2016,DEC,IL,AGL,CE,Federal Contract Tower,0,17,13,2,32,0,0,28,2,30,0,17,41,4,62,19,0,19,81
07/26/2016,DEC,IL,AGL,CE,Federal Contract Tower,0,12,12,4,28,0,0,37,24,61,0,12,49,28,89,28,40,68,157
07/27/2016,DEC,IL,AGL,CE,Federal Contract Tower,0,11,13,1,25,0,0,27,12,39,0,11,40,13,64,55,15,70,134
07/28/2016,DEC,IL,AGL,CE,Federal Contract Tower,0,11,11,7,29,0,0,24,13,37,0,11,35,20,66,68,30,98,164
07/29/2016,DEC,IL,AGL,CE,Federal Contract Tower,0,11,9,2,22,0,0,27,20,47,0,11,36,22,69,30,36,66,135
07/30/2016,DEC,IL,AGL,CE,Federal Contract Tower,0,6,5,0,11,0,0,32,10,42,0,6,37,10,53,50,34,84,137
07/31/2016,DEC,IL,AGL,CE,Federal Contract Tower,0,12,5,0,17,0,0,30,0,30,0,12,35,0,47,42,0,42,89
08/01/2016,DEC,IL,AGL,CE,Federal Contract Tower,0,11,6,3,20,0,0,27,2,29,0,11,33,5,49,23,8,31,80
08/02/2016,DEC,IL,AGL,CE,Federal Contract Tower,0,13,9,2,24,0,0,16,10,26,0,13,25,12,50,32,8,40,90
08/03/2016,DEC,IL,AGL,CE,Federal Contract Tower,0,14,3,1,18,0,0,29,10,39,0,14,32,11,57,58,4,62,119
08/04/2016,DEC,IL,AGL,CE,Federal Contract Tower,0,12,5,3,20,0,0,24,8,32,0,12,29,11,52,42,5,47,99
08/05/2016,DEC,IL,AGL,CE,Federal Contract Tower,0,14,6,5,25,0,0,23,25,48,0,14,29,30,73,40,41,81,154
08/06/2016,DEC,IL,AGL,CE,Federal Contract Tower,0,5,3,1,9,0,0,24,25,49,0,5,27,26,58,39,33,72,130
08/07/2016,DEC,IL,AGL,CE,Federal Contract Tower,0,11,6,0,17,0,0,34,5,39,0,11,40,5,56,44,18,62,118
08/08/2016,DEC,IL,AGL,CE,Federal Contract Tower,0,12,19,3,34,0,0,25,7,32,0,12,44,10,66,21,30,51,117
08/09/2016,DEC,IL,AGL,CE,Federal Contract Tower,0,14,6,2,22,0,0,20,11,31,0,14,26,13,53,25,31,56,109
08/10/2016,DEC,IL,AGL,CE,Federal Contract Tower,0,13,2,1,16,0,0,21,5,26,0,13,23,6,42,44,6,50,92
08/11/2016,DEC,IL,AGL,CE,Federal Contract Tower,0,13,4,0,17,0,0,23,22,45,0,13,27,22,62,28,59,87,149
08/12/2016,DEC,IL,AGL,CE,Federal Contract Tower,0,12,5,2,19,0,0,22,12,34,0,12,27,14,53,42,42,84,137
08/13/2016,DEC,IL,AGL,CE,Federal Contract Tower,0,10,3,0,13,0,0,22,0,22,0,10,25,0,35,43,0,43,78
08/14/2016,DEC,IL,AGL,CE,Federal Contract Tower,0,9,2,0,11,0,0,30,0,30,0,9,32,0,41,69,0,69,110
08/15/2016,DEC,IL,AGL,CE,Federal Contract Tower,0,12,19,1,32,0,0,0,0,0,0,12,19,1,32,0,0,0,32
08/16/2016,DEC,IL,AGL,CE,Federal Contract Tower,0,15,5,2,22,0,0,16,6,22,0,15,21,8,44,45,22,67,111
08/17/2016,DEC,IL,AGL,CE,Federal Contract Tower,0,16,8,3,27,0,0,21,2,23,0,16,29,5,50,14,10,24,74
08/18/2016,DEC,IL,AGL,CE,Federal Contract Tower,0,11,9,3,23,0,0,28,11,39,0,11,37,14,62,29,18,47,109
08/19/2016,DEC,IL,AGL,CE,Federal Contract Tower,0,9,19,6,34,0,0,21,6,27,0,9,40,12,61,38,16,54,115
08/20/2016,DEC,IL,AGL,CE,Federal Contract Tower,0,6,2,0,8,0,0,24,4,28,0,6,26,4,36,41,8,49,85
08/21/2016,DEC,IL,AGL,CE,Federal Contract Tower,0,8,18,2,28,0,0,23,4,27,0,8,41,6,55,40,8,48,103
08/22/2016,DEC,IL,AGL,CE,Federal Contract Tower,0,10,8,2,20,0,0,45,5,50,0,10,53,7,70,20,8,28,98
08/23/2016,DEC,IL,AGL,CE,Federal Contract Tower,0,15,17,4,36,0,0,21,16,37,0,15,38,20,73,34,30,64,137
08/24/2016,DEC,IL,AGL,CE,Federal Contract Tower,0,11,8,2,21,0,0,14,8,22,0,11,22,10,43,50,8,58,101
08/25/2016,DEC,IL,AGL,CE,Federal Contract Tower,0,11,9,0,20,0,0,21,13,34,0,11,30,13,54,34,34,68,122
08/26/2016,DEC,IL,AGL,CE,Federal Contract Tower,0,13,13,0,26,0,0,35,0,35,0,13,48,0,61,66,0,66,127
08/27/2016,DEC,IL,AGL,CE,Federal Contract Tower,0,5,6,0,11,0,0,33,1,34,0,5,39,1,45,78,0,78,123
08/28/2016,DEC,IL,AGL,CE,Federal Contract Tower,0,8,1,0,9,0,0,30,0,30,0,8,31,0,39,47,0,47,86
08/29/2016,DEC,IL,AGL,CE,Federal Contract Tower,0,10,7,0,17,0,0,19,9,28,0,10,26,9,45,29,12,41,86
08/30/2016,DEC,IL,AGL,CE,Federal Contract Tower,0,13,3,0,16,0,0,15,3,18,0,13,18,3,34,28,0,28,62
08/31/2016,DEC,IL,AGL,CE,Federal Contract Tower,0,15,12,1,28,0,0,28,11,39,0,15,40,12,67,66,28,94,161
09/01/2016,DEC,IL,AGL,CE,Federal Contract Tower,0,11,11,2,24,0,0,24,33,57,0,11,35,35,81,45,51,96,177
09/02/2016,DEC,IL,AGL,CE,Federal Contract Tower,0,12,5,0,17,0,0,29,18,47,0,12,34,18,64,36,30,66,130
09/03/2016,DEC,IL,AGL,CE,Federal Contract Tower,0,5,3,0,8,0,0,36,0,36,0,5,39,0,44,55,0,55,99
09/04/2016,DEC,IL,AGL,CE,Federal Contract Tower,0,8,2,0,10,0,0,31,0,31,0,8,33,0,41,45,0,45,86
09/05/2016,DEC,IL,AGL,CE,Federal Contract Tower,0,12,6,0,18,0,0,27,0,27,0,12,33,0,45,24,0,24,69
09/06/2016,DEC,IL,AGL,CE,Federal Contract Tower,0,13,9,0,22,0,0,21,17,38,0,13,30,17,60,28,27,55,115
09/07/2016,DEC,IL,AGL,CE,Federal Contract Tower,0,14,8,2,24,0,0,25,13,38,0,14,33,15,62,56,0,56,118
09/08/2016,DEC,IL,AGL,CE,Federal Contract Tower,0,14,8,0,22,0,0,21,11,32,0,14,29,11,54,28,24,52,106
09/09/2016,DEC,IL,AGL,CE,Federal Contract Tower,0,16,5,2,23,0,0,23,15,38,0,16,28,17,61,38,20,58,119
09/10/2016,DEC,IL,AGL,CE,Federal Contract Tower,0,7,4,0,11,0,0,33,0,33,0,7,37,0,44,78,0,78,122
09/11/2016,DEC,IL,AGL,CE,Federal Contract Tower,0,9,3,2,14,0,0,41,0,41,0,9,44,2,55,61,0,61,116
09/12/2016,DEC,IL,AGL,CE,Federal Contract Tower,0,12,12,0,24,0,0,34,0,34,0,12,46,0,58,61,0,61,119
09/13/2016,DEC,IL,AGL,CE,Federal Contract Tower,0,15,11,5,31,0,0,26,22,48,0,15,37,27,79,50,34,84,163
09/14/2016,DEC,IL,AGL,CE,Federal Contract Tower,0,14,8,0,22,0,0,33,8,41,0,14,41,8,63,67,0,67,130
09/15/2016,DEC,IL,AGL,CE,Federal Contract Tower,0,16,5,0,21,0,0,21,9,30,0,16,26,9,51,74,26,100,151
09/16/2016,DEC,IL,AGL,CE,Federal Contract Tower,0,14,6,0,20,0,0,27,8,35,0,14,33,8,55,43,30,73,128
09/17/2016,DEC,IL,AGL,CE,Federal Contract Tower,0,7,5,0,12,0,0,31,0,31,0,7,36,0,43,52,0,52,95
09/18/2016,DEC,IL,AGL,CE,Federal Contract Tower,0,8,9,0,17,0,0,37,0,37,0,8,46,0,54,43,0,43,97
09/19/2016,DEC,IL,AGL,CE,Federal Contract Tower,0,12,4,0,16,0,0,24,0,24,0,12,28,0,40,48,0,48,88
09/20/2016,DEC,IL,AGL,CE,Federal Contract Tower,0,13,13,0,26,0,0,18,2,20,0,13,31,2,46,21,0,21,67
09/21/2016,DEC,IL,AGL,CE,Federal Contract Tower,0,13,9,0,22,0,0,29,4,33,0,13,38,4,55,43,0,43,98
09/22/2016,DEC,IL,AGL,CE,Federal Contract Tower,0,13,1,0,14,0,0,18,3,21,0,13,19,3,35,78,0,78,113
09/23/2016,DEC,IL,AGL,CE,Federal Contract Tower,0,16,13,0,29,0,0,22,14,36,0,16,35,14,65,40,32,72,137
09/24/2016,DEC,IL,AGL,CE,Federal Contract Tower,0,5,6,0,11,0,0,47,0,47,0,5,53,0,58,52,0,52,110
09/25/2016,DEC,IL,AGL,CE,Federal Contract Tower,0,8,7,0,15,0,0,28,0,28,0,8,35,0,43,42,0,42,85
09/26/2016,DEC,IL,AGL,CE,Federal Contract Tower,0,12,23,1,36,0,0,28,2,30,0,12,51,3,66,28,3,31,97
09/27/2016,DEC,IL,AGL,CE,Federal Contract Tower,0,16,4,0,20,0,0,16,6,22,0,16,20,6,42,19,6,25,67
09/28/2016,DEC,IL,AGL,CE,Federal Contract Tower,0,1,13,8,22,0,0,23,7,30,0,1,36,15,52,46,4,50,102
09/29/2016,DEC,IL,AGL,CE,Federal Contract Tower,0,11,5,0,16,0,0,18,2,20,0,11,23,2,36,38,0,38,74
09/30/2016,DEC,IL,AGL,CE,Federal Contract Tower,0,13,10,0,23,0,0,23,2,25,0,13,33,2,48,52,0,52,100
10/01/2016,DEC,IL,AGL,CE,Federal Contract Tower,0,5,3,0,8,0,0,26,4,30,0,5,29,4,38,39,18,57,95
10/02/2016,DEC,IL,AGL,CE,Federal Contract Tower,0,8,15,0,23,0,0,19,0,19,0,8,34,0,42,39,0,39,81
10/03/2016,DEC,IL,AGL,CE,Federal Contract Tower,0,8,6,1,15,0,0,22,4,26,0,8,28,5,41,50,8,58,99
10/04/2016,DEC,IL,AGL,CE,Federal Contract Tower,1,13,7,0,21,0,0,25,4,29,1,13,32,4,50,36,4,40,90
10/05/2016,DEC,IL,AGL,CE,Federal Contract Tower,0,1,13,11,25,0,0,24,7,31,0,1,37,18,56,40,12,52,108
10/06/2016,DEC,IL,AGL,CE,Federal Contract Tower,0,16,10,0,26,0,0,26,2,28,0,16,36,2,54,74,0,74,128
10/07/2016,DEC,IL,AGL,CE,Federal Contract Tower,0,12,11,0,23,0,0,32,0,32,0,12,43,0,55,70,0,70,125
10/08/2016,DEC,IL,AGL,CE,Federal Contract Tower,0,5,4,0,9,0,0,34,0,34,0,5,38,0,43,54,0,54,97
10/09/2016,DEC,IL,AGL,CE,Federal Contract Tower,0,10,17,0,27,0,0,31,4,35,0,10,48,4,62,48,4,52,114
10/10/2016,DEC,IL,AGL,CE,Federal Contract Tower,0,16,0,0,16,0,0,24,0,24,0,16,24,0,40,42,0,42,82
10/11/2016,DEC,IL,AGL,CE,Federal Contract Tower,0,13,4,0,17,0,0,20,2,22,0,13,24,2,39,38,6,44,83
10/12/2016,DEC,IL,AGL,CE,Federal Contract Tower,0,9,8,0,17,0,0,30,2,32,0,9,38,2,49,68,0,68,117
10/13/2016,DEC,IL,AGL,CE,Federal Contract Tower,0,13,14,0,27,0,0,24,8,32,0,13,38,8,59,38,14,52,111
10/14/2016,DEC,IL,AGL,CE,Federal Contract Tower,0,14,6,1,21,0,0,58,12,70,0,14,64,13,91,40,30,70,161
10/15/2016,DEC,IL,AGL,CE,Federal Contract Tower,0,7,19,3,29,0,0,34,3,37,0,7,53,6,66,19,7,26,92
10/16/2016,DEC,IL,AGL,CE,Federal Contract Tower,0,7,7,0,14,0,0,18,13,31,0,7,25,13,45,20,48,68,113
10/17/2016,DEC,IL,AGL,CE,Federal Contract Tower,0,13,6,0,19,0,0,17,3,20,0,13,23,3,39,28,24,52,91
10/18/2016,DEC,IL,AGL,CE,Federal Contract Tower,0,14,9,7,30,0,0,17,23,40,0,14,26,30,70,20,58,78,148
10/19/2016,DEC,IL,AGL,CE,Federal Contract Tower,0,13,5,0,18,0,0,24,3,27,0,13,29,3,45,50,0,50,95
10/20/2016,DEC,IL,AGL,CE,Federal Contract Tower,0,13,9,4,26,0,0,24,22,46,0,13,33,26,72,49,58,107,179
10/21/2016,DEC,IL,AGL,CE,Federal Contract Tower,0,13,2,0,15,0,0,30,12,42,0,13,32,12,57,46,38,84,141
10/22/2016,DEC,IL,AGL,CE,Federal Contract Tower,0,6,2,0,8,0,0,28,4,32,0,6,30,4,40,70,16,86,126
10/23/2016,DEC,IL,AGL,CE,Federal Contract Tower,0,8,9,0,17,0,0,30,0,30,0,8,39,0,47,60,0,60,107
10/24/2016,DEC,IL,AGL,CE,Federal Contract Tower,0,13,5,0,18,0,0,27,1,28,0,13,32,1,46,54,0,54,100
10/25/2016,DEC,IL,AGL,CE,Federal Contract Tower,0,13,12,2,27,0,0,26,22,48,0,13,38,24,75,46,38,84,159
10/26/2016,DEC,IL,AGL,CE,Federal Contract Tower,0,9,6,0,15,0,0,22,10,32,0,9,28,10,47,48,6,54,101
10/27/2016,DEC,IL,AGL,CE,Federal Contract Tower,0,15,13,1,29,0,0,16,22,38,0,15,29,23,67,40,38,78,145
10/28/2016,DEC,IL,AGL,CE,Federal Contract Tower,0,13,6,6,25,0,0,28,14,42,0,13,34,20,67,48,34,82,149
10/29/2016,DEC,IL,AGL,CE,Federal Contract Tower,0,6,7,0,13,0,0,24,7,31,0,6,31,7,44,60,12,72,116
10/30/2016,DEC,IL,AGL,CE,Federal Contract Tower,0,10,11,0,21,0,0,18,0,18,0,10,29,0,39,26,0,26,65
10/31/2016,DEC,IL,AGL,CE,Federal Contract Tower,0,11,7,5,23,0,0,25,6,31,0,11,32,11,54,48,0,48,102
11/01/2016,DEC,IL,AGL,CE,Federal Contract Tower,0,13,9,7,29,0,0,26,21,47,0,13,35,28,76,42,48,90,166
11/02/2016,DEC,IL,AGL,CE,Federal Contract Tower,0,11,6,6,23,0,0,24,11,35,0,11,30,17,58,36,34,70,128
11/03/2016,DEC,IL,AGL,CE,Federal Contract Tower,0,17,13,3,33,0,0,25,9,34,0,17,38,12,67,59,30,89,156
11/04/2016,DEC,IL,AGL,CE,Federal Contract Tower,0,16,2,7,25,0,0,27,20,47,0,16,29,27,72,33,54,87,159
11/05/2016,DEC,IL,AGL,CE,Federal Contract Tower,0,8,5,1,14,0,0,45,14,59,0,8,50,15,73,28,20,48,121
11/06/2016,DEC,IL,AGL,CE,Federal Contract Tower,0,8,4,2,14,0,0,27,5,32,0,8,31,7,46,36,6,42,88
11/07/2016,DEC,IL,AGL,CE,Federal Contract Tower,0,11,6,0,17,0,0,28,6,34,0,11,34,6,51,52,0,52,103
11/08/2016,DEC,IL,AGL,CE,Federal Contract Tower,0,14,9,8,31,0,0,28,12,40,0,14,37,20,71,58,68,126,197
11/09/2016,DEC,IL,AGL,CE,Federal Contract Tower,0,12,8,2,22,0,0,27,12,39,0,12,35,14,61,48,40,88,149
11/10/2016,DEC,IL,AGL,CE,Federal Contract Tower,0,13,8,4,25,0,0,25,16,41,0,13,33,20,66,44,40,84,150
11/11/2016,DEC,IL,AGL,CE,Federal Contract Tower,0,13,5,0,18,0,0,25,5,30,0,13,30,5,48,41,17,58,106
11/12/2016,DEC,IL,AGL,CE,Federal Contract Tower,0,5,4,0,9,0,0,26,0,26,0,5,30,0,35,44,0,44,79
11/13/2016,DEC,IL,AGL,CE,Federal Contract Tower,0,12,4,0,16,0,0,23,0,23,0,12,27,0,39,52,0,52,91
11/14/2016,DEC,IL,AGL,CE,Federal Contract Tower,0,15,5,0,20,0,0,29,1,30,0,15,34,1,50,56,4,60,110
11/15/2016,DEC,IL,AGL,CE,Federal Contract Tower,0,14,9,0,23,0,0,25,22,47,0,14,34,22,70,40,44,84,154
11/16/2016,DEC,IL,AGL,CE,Federal Contract Tower,0,13,13,1,27,0,0,25,4,29,0,13,38,5,56,71,37,108,164
11/17/2016,DEC,IL,AGL,CE,Federal Contract Tower,0,14,5,3,22,0,0,29,13,42,0,14,34,16,64,68,26,94,158
11/18/2016,DEC,IL,AGL,CE,Federal Contract Tower,0,13,5,2,20,0,0,21,8,29,0,13,26,10,49,42,18,60,109
11/19/2016,DEC,IL,AGL,CE,Federal Contract Tower,0,6,3,0,9,0,0,13,0,13,0,6,16,0,22,27,0,27,49
11/20/2016,DEC,IL,AGL,CE,Federal Contract Tower,1,8,5,0,14,0,0,31,0,31,1,8,36,0,45,41,0,41,86
11/21/2016,DEC,IL,AGL,CE,Federal Contract Tower,1,11,7,0,19,0,0,29,0,29,1,11,36,0,48,76,0,76,124
11/22/2016,DEC,IL,AGL,CE,Federal Contract Tower,0,13,6,0,19,0,0,26,18,44,0,13,32,18,63,82,34,116,179
11/23/2016,DEC,IL,AGL,CE,Federal Contract Tower,0,14,6,0,20,0,0,0,0,0,0,14,6,0,20,0,0,0,20
11/24/2016,DEC,IL,AGL,CE,Federal Contract Tower,0,10,1,0,11,0,0,16,0,16,0,10,17,0,27,33,0,33,60
11/25/2016,DEC,IL,AGL,CE,Federal Contract Tower,0,15,3,0,18,0,0,23,0,23,0,15,26,0,41,50,0,50,91
11/26/2016,DEC,IL,AGL,CE,Federal Contract Tower,0,6,2,0,8,0,0,37,0,37,0,6,39,0,45,62,0,62,107
11/27/2016,DEC,IL,AGL,CE,Federal Contract Tower,0,13,3,0,16,0,0,0,0,0,0,13,3,0,16,0,0,0,16
11/28/2016,DEC,IL,AGL,CE,Federal Contract Tower,0,14,3,0,17,0,0,7,3,10,0,14,10,3,27,28,0,28,55
11/29/2016,DEC,IL,AGL,CE,Federal Contract Tower,0,13,28,6,47,0,0,19,29,48,0,13,47,35,95,38,54,92,187
11/30/2016,DEC,IL,AGL,CE,Federal Contract Tower,0,13,8,2,23,0,0,21,16,37,0,13,29,18,60,32,60,92,152
12/01/2016,DEC,IL,AGL,CE,Federal Contract Tower,0,13,4,2,19,0,0,22,15,37,0,13,26,17,56,82,47,129,185
12/02/2016,DEC,IL,AGL,CE,Federal Contract Tower,0,13,7,2,22,0,0,23,7,30,0,13,30,9,52,40,20,60,112
12/03/2016,DEC,IL,AGL,CE,Federal Contract Tower,0,6,18,0,24,0,0,25,0,25,0,6,43,0,49,41,0,41,90
12/04/2016,DEC,IL,AGL,CE,Federal Contract Tower,0,6,0,0,6,0,0,6,0,6,0,6,6,0,12,14,0,14,26
12/05/2016,DEC,IL,AGL,CE,Federal Contract Tower,0,12,12,0,24,0,0,18,4,22,0,12,30,4,46,50,0,50,96
12/06/2016,DEC,IL,AGL,CE,Federal Contract Tower,0,13,5,0,18,0,0,22,10,32,0,13,27,10,50,46,36,82,132
12/07/2016,DEC,IL,AGL,CE,Federal Contract Tower,0,12,10,4,26,0,0,19,9,28,0,12,29,13,54,54,20,74,128
12/08/2016,DEC,IL,AGL,CE,Federal Contract Tower,0,15,7,0,22,0,0,19,6,25,0,15,26,6,47,39,14,53,100
12/09/2016,DEC,IL,AGL,CE,Federal Contract Tower,0,13,7,2,22,0,0,18,15,33,0,13,25,17,55,22,46,68,123
12/10/2016,DEC,IL,AGL,CE,Federal Contract Tower,0,8,4,6,18,0,0,17,18,35,0,8,21,24,53,26,14,40,93
12/11/2016,DEC,IL,AGL,CE,Federal Contract Tower,0,4,0,2,6,0,0,11,0,11,0,4,11,2,17,22,0,22,39
12/12/2016,DEC,IL,AGL,CE,Federal Contract Tower,0,15,5,0,20,0,0,23,3,26,0,15,28,3,46,42,0,42,88
12/13/2016,DEC,IL,AGL,CE,Federal Contract Tower,0,11,5,0,16,0,0,20,2,22,0,11,25,2,38,46,0,46,84
12/14/2016,DEC,IL,AGL,CE,Federal Contract Tower,0,13,2,1,16,0,0,28,9,37,0,13,30,10,53,66,16,82,135
12/15/2016,DEC,IL,AGL,CE,Federal Contract Tower,0,14,4,0,18,0,0,19,7,26,0,14,23,7,44,67,28,95,139
12/16/2016,DEC,IL,AGL,CE,Federal Contract Tower,0,17,1,0,18,0,0,17,7,24,0,17,18,7,42,36,10,46,88
12/17/2016,DEC,IL,AGL,CE,Federal Contract Tower,0,1,0,0,1,0,0,0,0,0,0,1,0,0,1,0,0,0,1
12/18/2016,DEC,IL,AGL,CE,Federal Contract Tower,0,7,2,0,9,0,0,0,0,0,0,7,2,0,9,0,0,0,9
12/19/2016,DEC,IL,AGL,CE,Federal Contract Tower,0,9,1,0,10,0,0,8,0,8,0,9,9,0,18,0,0,0,18
12/20/2016,DEC,IL,AGL,CE,Federal Contract Tower,0,14,6,0,20,0,0,21,7,28,0,14,27,7,48,21,5,26,74
12/21/2016,DEC,IL,AGL,CE,Federal Contract Tower,0,14,5,0,19,0,0,32,12,44,0,14,37,12,63,55,16,71,134
12/22/2016,DEC,IL,AGL,CE,Federal Contract Tower,0,13,2,0,15,0,0,21,11,32,0,13,23,11,47,47,30,77,124
12/23/2016,DEC,IL,AGL,CE,Federal Contract Tower,0,17,6,0,23,0,0,18,0,18,0,17,24,0,41,49,0,49,90
12/24/2016,DEC,IL,AGL,CE,Federal Contract Tower,0,6,1,0,7,0,0,0,0,0,0,6,1,0,7,0,0,0,7
12/25/2016,DEC,IL,AGL,CE,Federal Contract Tower,0,6,0,0,6,0,0,0,0,0,0,6,0,0,6,0,0,0,6
12/26/2016,DEC,IL,AGL,CE,Federal Contract Tower,0,13,5,0,18,0,0,25,0,25,0,13,30,0,43,58,0,58,101
12/27/2016,DEC,IL,AGL,CE,Federal Contract Tower,0,14,11,0,25,0,0,28,0,28,0,14,39,0,53,80,0,80,133
12/28/2016,DEC,IL,AGL,CE,Federal Contract Tower,0,15,3,0,18,0,0,28,10,38,0,15,31,10,56,70,20,90,146
12/29/2016,DEC,IL,AGL,CE,Federal Contract Tower,0,14,3,0,17,0,0,14,10,24,0,14,17,10,41,25,36,61,102
12/30/2016,DEC,IL,AGL,CE,Federal Contract Tower,0,13,1,0,14,0,0,26,5,31,0,13,27,5,45,38,10,48,93
12/31/2016,DEC,IL,AGL,CE,Federal Contract Tower,0,5,2,0,7,0,0,18,0,18,0,5,20,0,25,23,0,23,48
01/01/2017,DEC,IL,AGL,CE,Federal Contract Tower,0,8,8,0,16,0,0,15,0,15,0,8,23,0,31,18,0,18,49
01/02/2017,DEC,IL,AGL,CE,Federal Contract Tower,0,4,0,0,4,0,0,0,0,0,0,4,0,0,4,0,0,0,4
01/03/2017,DEC,IL,AGL,CE,Federal Contract Tower,0,11,4,6,21,0,0,0,0,0,0,11,4,6,21,0,0,0,21
01/04/2017,DEC,IL,AGL,CE,Federal Contract Tower,0,13,5,0,18,0,0,16,10,26,0,13,21,10,44,66,20,86,130
01/05/2017,DEC,IL,AGL,CE,Federal Contract Tower,0,12,9,2,23,0,0,12,21,33,0,12,21,23,56,26,58,84,140
01/06/2017,DEC,IL,AGL,CE,Federal Contract Tower,0,14,4,1,19,0,0,15,24,39,0,14,19,25,58,36,60,96,154
01/07/2017,DEC,IL,AGL,CE,Federal Contract Tower,0,6,4,7,17,0,0,23,7,30,0,6,27,14,47,32,15,47,94
01/08/2017,DEC,IL,AGL,CE,Federal Contract Tower,0,10,2,0,12,0,0,10,11,21,0,10,12,11,33,13,36,49,82
01/09/2017,DEC,IL,AGL,CE,Federal Contract Tower,0,12,3,0,15,0,0,23,4,27,0,12,26,4,42,52,8,60,102
01/10/2017,DEC,IL,AGL,CE,Federal Contract Tower,0,10,4,1,15,0,0,13,17,30,0,10,17,18,45,26,46,72,117
01/11/2017,DEC,IL,AGL,CE,Federal Contract Tower,0,9,7,2,18,0,0,8,0,8,0,9,15,2,26,14,0,14,40
01/12/2017,DEC,IL,AGL,CE,Federal Contract Tower,0,13,6,0,19,0,0,10,12,22,0,13,16,12,41,26,68,94,135
01/13/2017,DEC,IL,AGL,CE,Federal Contract Tower,0,7,10,1,18,0,0,17,13,30,0,7,27,14,48,57,28,85,133
01/14/2017,DEC,IL,AGL,CE,Federal Contract Tower,0,7,0,0,7,0,0,0,0,0,0,7,0,0,7,0,0,0,7
01/15/2017,DEC,IL,AGL,CE,Federal Contract Tower,0,7,3,0,10,0,0,11,0,11,0,7,14,0,21,24,0,24,45
01/16/2017,DEC,IL,AGL,CE,Federal Contract Tower,0,5,8,0,13,0,0,0,0,0,0,5,8,0,13,0,0,0,13
01/17/2017,DEC,IL,AGL,CE,Federal Contract Tower,0,11,3,5,19,0,0,1,14,15,0,11,4,19,34,0,66,66,100
01/18/2017,DEC,IL,AGL,CE,Federal Contract Tower,0,13,18,2,33,0,0,24,19,43,0,13,42,21,76,42,64,106,182
01/19/2017,DEC,IL,AGL,CE,Federal Contract Tower,0,11,3,0,14,0,0,5,17,22,0,11,8,17,36,15,81,96,132
01/20/2017,DEC,IL,AGL,CE,Federal Contract Tower,0,11,8,2,21,0,0,12,0,12,0,11,20,2,33,25,0,25,58
01/21/2017,DEC,IL,AGL,CE,Federal Contract Tower,0,5,8,0,13,0,0,41,2,43,0,5,49,2,56,54,6,60,116
01/22/2017,DEC,IL,AGL,CE,Federal Contract Tower,0,8,5,2,15,0,0,12,0,12,0,8,17,2,27,19,0,19,46
01/23/2017,DEC,IL,AGL,CE,Federal Contract Tower,0,14,16,0,30,0,0,15,0,15,0,14,31,0,45,34,0,34,79
01/24/2017,DEC,IL,AGL,CE,Federal Contract Tower,0,13,26,0,39,0,0,20,34,54,0,13,46,34,93,52,94,146,239
01/25/2017,DEC,IL,AGL,CE,Federal Contract Tower,0,13,6,5,24,0,0,16,18,34,0,13,22,23,58,32,23,55,113
01/26/2017,DEC,IL,AGL,CE,Federal Contract Tower,0,12,4,1,17,0,0,12,23,35,0,12,16,24,52,42,82,124,176
01/27/2017,DEC,IL,AGL,CE,Federal Contract Tower,0,12,3,4,19,0,0,21,5,26,0,12,24,9,45,79,20,99,144
01/28/2017,DEC,IL,AGL,CE,Federal Contract Tower,0,6,4,0,10,0,0,14,4,18,0,6,18,4,28,28,10,38,66
01/29/2017,DEC,IL,AGL,CE,Federal Contract Tower,0,8,1,0,9,0,0,18,0,18,0,8,19,0,27,31,0,31,58
01/30/2017,DEC,IL,AGL,CE,Federal Contract Tower,0,14,7,0,21,0,0,24,6,30,0,14,31,6,51,58,20,78,129
01/31/2017,DEC,IL,AGL,CE,Federal Contract Tower,0,13,5,4,22,0,0,29,23,52,0,13,34,27,74,66,52,118,192
02/01/2017,DEC,IL,AGL,CE,Federal Contract Tower,0,13,5,0,18,0,0,30,10,40,0,13,35,10,58,47,25,72,130
02/02/2017,DEC,IL,AGL,CE,Federal Contract Tower,0,13,8,6,27,0,0,35,22,57,0,13,43,28,84,49,28,77,161
02/03/2017,DEC,IL,AGL,CE,Federal Contract Tower,0,13,7,9,29,0,0,16,12,28,0,13,23,21,57,15,14,29,86
02/04/2017,DEC,IL,AGL,CE,Federal Contract Tower,0,5,5,0,10,0,0,32,0,32,0,5,37,0,42,66,0,66,108
02/05/2017,DEC,IL,AGL,CE,Federal Contract Tower,0,8,5,0,13,0,0,34,0,34,0,8,39,0,47,60,0,60,107
02/06/2017,DEC,IL,AGL,CE,Federal Contract Tower,0,11,0,0,11,0,0,0,0,0,0,11,0,0,11,0,0,0,11
02/07/2017,DEC,IL,AGL,CE,Federal Contract Tower,0,14,15,9,38,0,0,17,27,44,0,14,32,36,82,36,64,100,182
02/08/2017,DEC,IL,AGL,CE,Federal Contract Tower,0,13,2,0,15,0,10,3,0,13,0,23,5,0,28,19,9,28,56
02/09/2017,DEC,IL,AGL,CE,Federal Contract Tower,0,15,4,3,22,0,0,28,27,55,0,15,32,30,77,47,50,97,174
02/10/2017,DEC,IL,AGL,CE,Federal Contract Tower,0,15,5,3,23,0,0,11,16,27,0,15,16,19,50,26,36,62,112
02/11/2017,DEC,IL,AGL,CE,Federal Contract Tower,0,7,2,2,11,0,0,24,8,32,0,7,26,10,43,38,4,42,85
02/12/2017,DEC,IL,AGL,CE,Federal Contract Tower,0,8,4,0,12,0,0,26,12,38,0,8,30,12,50,36,20,56,106
02/13/2017,DEC,IL,AGL,CE,Federal Contract Tower,0,12,4,0,16,0,0,27,8,35,0,12,31,8,51,57,24,81,132
02/14/2017,DEC,IL,AGL,CE,Federal Contract Tower,0,14,5,0,19,0,0,33,18,51,0,14,38,18,70,46,46,92,162
02/15/2017,DEC,IL,AGL,CE,Federal Contract Tower,0,15,11,1,27,0,0,34,8,42,0,15,45,9,69,48,10,58,127
02/16/2017,DEC,IL,AGL,CE,Federal Contract Tower,0,13,9,6,28,0,0,33,16,49,0,13,42,22,77,66,30,96,173
02/17/2017,DEC,IL,AGL,CE,Federal Contract Tower,2,13,13,4,32,0,0,22,13,35,2,13,35,17,67,23,22,45,112
02/18/2017,DEC,IL,AGL,CE,Federal Contract Tower,0,11,6,0,17,0,0,52,0,52,0,11,58,0,69,60,0,60,129
02/20/2017,DEC,IL,AGL,CE,Federal Contract Tower,0,12,4,2,18,0,0,26,0,26,0,12,30,2,44,70,0,70,114
02/21/2017,DEC,IL,AGL,CE,Federal Contract Tower,0,13,12,2,27,0,0,19,26,45,0,13,31,28,72,50,56,106,178
02/22/2017,DEC,IL,AGL,CE,Federal Contract Tower,0,9,3,0,12,0,0,19,13,32,0,9,22,13,44,52,30,82,126
02/23/2017,DEC,IL,AGL,CE,Federal Contract Tower,0,13,6,6,25,0,0,7,12,19,0,13,13,18,44,10,30,40,84
02/24/2017,DEC,IL,AGL,CE,Federal Contract Tower,0,13,9,3,25,0,0,14,4,18,0,13,23,7,43,20,9,29,72
02/25/2017,DEC,IL,AGL,CE,Federal Contract Tower,0,5,3,0,8,0,0,25,0,25,0,5,28,0,33,60,0,60,93
02/26/2017,DEC,IL,AGL,CE,Federal Contract Tower,0,8,2,0,10,0,0,32,0,32,0,8,34,0,42,48,0,48,90
02/27/2017,DEC,IL,AGL,CE,Federal Contract Tower,0,12,3,0,15,0,0,32,7,39,0,12,35,7,54,62,18,80,134
02/28/2017,DEC,IL,AGL,CE,Federal Contract Tower,0,15,5,6,26,0,0,16,15,31,0,15,21,21,57,30,28,58,115
03/01/2017,DEC,IL,AGL,CE,Federal Contract Tower,0,14,12,3,29,0,0,18,10,28,0,14,30,13,57,24,28,52,109
03/02/2017,DEC,IL,AGL,CE,Federal Contract Tower,0,17,4,3,24,0,0,30,16,46,0,17,34,19,70,53,48,101,171
03/03/2017,DEC,IL,AGL,CE,Federal Contract Tower,0,15,14,5,34,0,0,22,13,35,0,15,36,18,69,26,38,64,133
03/04/2017,DEC,IL,AGL,CE,Federal Contract Tower,0,5,2,0,7,0,0,31,1,32,0,5,33,1,39,56,4,60,99
03/05/2017,DEC,IL,AGL,CE,Federal Contract Tower,0,8,1,2,11,0,0,20,0,20,0,8,21,2,31,34,0,34,65
03/06/2017,DEC,IL,AGL,CE,Federal Contract Tower,0,12,5,2,19,0,0,9,6,15,0,12,14,8,34,18,14,32,66
03/07/2017,DEC,IL,AGL,CE,Federal Contract Tower,0,16,4,3,23,0,1,27,29,57,0,17,31,32,80,36,54,90,170
03/08/2017,DEC,IL,AGL,CE,Federal Contract Tower,0,13,10,6,29,0,0,29,7,36,0,13,39,13,65,53,19,72,137
03/09/2017,DEC,IL,AGL,CE,Federal Contract Tower,0,15,7,2,24,0,0,39,19,58,0,15,46,21,82,39,53,92,174
03/10/2017,DEC,IL,AGL,CE,Federal Contract Tower,0,25,8,0,33,0,0,20,16,36,0,25,28,16,69,21,57,78,147
03/11/2017,DEC,IL,AGL,CE,Federal Contract Tower,0,6,1,0,7,0,0,29,5,34,0,6,30,5,41,68,0,68,109
03/12/2017,DEC,IL,AGL,CE,Federal Contract Tower,0,10,1,0,11,0,0,29,3,32,0,10,30,3,43,73,4,77,120
03/13/2017,DEC,IL,AGL,CE,Federal Contract Tower,0,9,3,0,12,0,0,0,0,0,0,9,3,0,12,0,0,0,12
03/14/2017,DEC,IL,AGL,CE,Federal Contract Tower,0,13,0,0,13,0,0,17,21,38,0,13,17,21,51,45,74,119,170
03/15/2017,DEC,IL,AGL,CE,Federal Contract Tower,0,13,9,6,28,0,0,22,7,29,0,13,31,13,57,45,16,61,118
03/16/2017,DEC,IL,AGL,CE,Federal Contract Tower,0,13,6,9,28,0,0,22,22,44,0,13,28,31,72,38,39,77,149
03/17/2017,DEC,IL,AGL,CE,Federal Contract Tower,0,13,5,2,20,0,0,12,7,19,0,13,17,9,39,28,14,42,81
03/18/2017,DEC,IL,AGL,CE,Federal Contract Tower,0,6,0,0,6,0,0,25,0,25,0,6,25,0,31,60,0,60,91
03/19/2017,DEC,IL,AGL,CE,Federal Contract Tower,0,9,8,0,17,0,0,27,0,27,0,9,35,0,44,64,0,64,108
03/20/2017,DEC,IL,AGL,CE,Federal Contract Tower,0,15,5,0,20,0,0,22,7,29,0,15,27,7,49,66,22,88,137
03/21/2017,DEC,IL,AGL,CE,Federal Contract Tower,0,13,4,5,22,0,0,27,22,49,0,13,31,27,71,52,40,92,163
03/22/2017,DEC,IL,AGL,CE,Federal Contract Tower,0,11,7,4,22,0,0,28,8,36,0,11,35,12,58,49,24,73,131
03/23/2017,DEC,IL,AGL,CE,Federal Contract Tower,0,16,7,1,24,0,0,23,14,37,0,16,30,15,61,43,20,63,124
03/24/2017,DEC,IL,AGL,CE,Federal Contract Tower,0,14,11,0,25,0,0,16,14,30,0,14,27,14,55,39,26,65,120
03/25/2017,DEC,IL,AGL,CE,Federal Contract Tower,0,5,5,0,10,0,0,15,0,15,0,5,20,0,25,19,0,19,44
03/26/2017,DEC,IL,AGL,CE,Federal Contract Tower,0,10,6,0,16,0,0,21,1,22,0,10,27,1,38,44,0,44,82
03/27/2017,DEC,IL,AGL,CE,Federal Contract Tower,0,11,7,2,20,0,0,17,6,23,0,11,24,8,43,30,12,42,85
03/28/2017,DEC,IL,AGL,CE,Federal Contract Tower,0,13,7,7,27,0,0,22,26,48,0,13,29,33,75,36,52,88,163
03/29/2017,DEC,IL,AGL,CE,Federal Contract Tower,0,12,8,6,26,0,0,17,7,24,0,12,25,13,50,32,18,50,100
03/30/2017,DEC,IL,AGL,CE,Federal Contract Tower,0,12,3,0,15,0,0,16,3,19,0,12,19,3,34,28,9,37,71
03/31/2017,DEC,IL,AGL,CE,Federal Contract Tower,0,14,7,5,26,0,0,0,6,6,0,14,7,11,32,0,0,0,32
04/01/2017,DEC,IL,AGL,CE,Federal Contract Tower,0,10,6,3,19,0,0,40,8,48,0,10,46,11,67,64,0,64,131
04/02/2017,DEC,IL,AGL,CE,Federal Contract Tower,0,10,8,0,18,0,0,30,0,30,0,10,38,0,48,56,0,56,104
04/03/2017,DEC,IL,AGL,CE,Federal Contract Tower,0,12,6,1,19,0,0,21,17,38,0,12,27,18,57,34,32,66,123
04/04/2017,DEC,IL,AGL,CE,Federal Contract Tower,0,13,10,3,26,0,0,24,21,45,0,13,34,24,71,58,34,92,163
04/05/2017,DEC,IL,AGL,CE,Federal Contract Tower,0,12,7,8,27,0,0,9,4,13,0,12,16,12,40,34,14,48,88
04/06/2017,DEC,IL,AGL,CE,Federal Contract Tower,0,12,10,3,25,0,0,24,5,29,0,12,34,8,54,44,10,54,108
04/07/2017,DEC,IL,AGL,CE,Federal Contract Tower,1,15,16,8,40,0,0,38,14,52,1,15,54,22,92,22,22,44,136
04/08/2017,DEC,IL,AGL,CE,Federal Contract Tower,0,6,3,0,9,0,0,31,10,41,0,6,34,10,50,52,0,52,102
04/09/2017,DEC,IL,AGL,CE,Federal Contract Tower,0,8,4,0,12,0,0,28,10,38,0,8,32,10,50,48,4,52,102
04/10/2017,DEC,IL,AGL,CE,Federal Contract Tower,0,8,5,0,13,0,0,19,11,30,0,8,24,11,43,32,30,62,105
04/11/2017,DEC,IL,AGL,CE,Federal Contract Tower,0,12,12,2,26,0,0,35,15,50,0,12,47,17,76,75,32,107,183
04/12/2017,DEC,IL,AGL,CE,Federal Contract Tower,0,17,6,1,24,0,0,31,13,44,0,17,37,14,68,45,40,85,153
04/13/2017,DEC,IL,AGL,CE,Federal Contract Tower,0,13,2,2,17,0,0,26,22,48,0,13,28,24,65,43,31,74,139
04/14/2017,DEC,IL,AGL,CE,Federal Contract Tower,0,13,8,0,21,0,0,12,7,19,0,13,20,7,40,16,22,38,78
04/15/2017,DEC,IL,AGL,CE,Federal Contract Tower,0,5,9,0,14,0,0,28,0,28,0,5,37,0,42,58,0,58,100
04/16/2017,DEC,IL,AGL,CE,Federal Contract Tower,0,8,6,0,14,0,0,16,0,16,0,8,22,0,30,53,0,53,83
04/17/2017,DEC,IL,AGL,CE,Federal Contract Tower,0,12,10,1,23,0,0,34,6,40,0,12,44,7,63,68,18,86,149
04/18/2017,DEC,IL,AGL,CE,Federal Contract Tower,0,13,1,4,18,0,0,49,19,68,0,13,50,23,86,54,44,98,184
04/19/2017,DEC,IL,AGL,CE,Federal Contract Tower,0,13,7,3,23,0,0,30,8,38,0,13,37,11,61,34,26,60,121
04/20/2017,DEC,IL,AGL,CE,Federal Contract Tower,0,11,13,0,24,0,0,24,19,43,0,11,37,19,67,29,32,61,128
04/21/2017,DEC,IL,AGL,CE,Federal Contract Tower,0,14,5,1,20,0,0,23,3,26,0,14,28,4,46,64,0,64,110
04/22/2017,DEC,IL,AGL,CE,Federal Contract Tower,0,5,7,0,12,0,0,4,0,4,0,5,11,0,16,46,0,46,62
04/23/2017,DEC,IL,AGL,CE,Federal Contract Tower,0,8,0,0,8,0,0,28,0,28,0,8,28,0,36,46,0,46,82
04/24/2017,DEC,IL,AGL,CE,Federal Contract Tower,0,15,6,3,24,0,0,25,10,35,0,15,31,13,59,50,22,72,131
04/25/2017,DEC,IL,AGL,CE,Federal Contract Tower,0,13,2,3,18,0,0,18,22,40,0,13,20,25,58,50,28,78,136
04/26/2017,DEC,IL,AGL,CE,Federal Contract Tower,0,11,7,1,19,0,0,14,8,22,0,11,21,9,41,32,18,50,91
04/27/2017,DEC,IL,AGL,CE,Federal Contract Tower,0,12,10,8,30,0,0,16,19,35,0,12,26,27,65,32,44,76,141
04/28/2017,DEC,IL,AGL,CE,Federal Contract Tower,0,15,5,7,27,0,0,12,0,12,0,15,17,7,39,17,0,17,56
04/29/2017,DEC,IL,AGL,CE,Federal Contract Tower,0,8,4,0,12,0,0,11,0,11,0,8,15,0,23,24,0,24,47
04/30/2017,DEC,IL,AGL,CE,Federal Contract Tower,0,9,0,0,9,0,0,16,0,16,0,9,16,0,25,34,0,34,59
05/01/2017,DEC,IL,AGL,CE,Federal Contract Tower,0,15,5,0,20,0,0,19,6,25,0,15,24,6,45,43,18,61,106
05/02/2017,DEC,IL,AGL,CE,Federal Contract Tower,0,13,14,3,30,0,0,17,19,36,0,13,31,22,66,33,50,83,149
05/03/2017,DEC,IL,AGL,CE,Federal Contract Tower,0,15,9,0,24,0,0,14,5,19,0,15,23,5,43,20,4,24,67
05/04/2017,DEC,IL,AGL,CE,Federal Contract Tower,0,13,11,2,26,0,0,0,0,0,0,13,11,2,26,0,0,0,26
05/05/2017,DEC,IL,AGL,CE,Federal Contract Tower,0,13,8,4,25,0,0,21,8,29,0,13,29,12,54,32,30,62,116
05/06/2017,DEC,IL,AGL,CE,Federal Contract Tower,0,7,6,0,13,0,0,37,20,57,0,7,43,20,70,50,36,86,156
05/07/2017,DEC,IL,AGL,CE,Federal Contract Tower,0,8,3,4,15,0,0,31,9,40,0,8,34,13,55,62,4,66,121
05/08/2017,DEC,IL,AGL,CE,Federal Contract Tower,0,12,11,1,24,0,0,42,7,49,0,12,53,8,73,39,6,45,118
05/09/2017,DEC,IL,AGL,CE,Federal Contract Tower,0,12,4,7,23,0,0,21,14,35,0,12,25,21,58,37,35,72,130
05/10/2017,DEC,IL,AGL,CE,Federal Contract Tower,0,16,17,2,35,0,0,14,9,23,0,16,31,11,58,15,10,25,83
05/11/2017,DEC,IL,AGL,CE,Federal Contract Tower,0,14,11,10,35,0,0,2,15,17,0,14,13,25,52,0,22,22,74
05/12/2017,DEC,IL,AGL,CE,Federal Contract Tower,0,11,14,5,30,0,0,55,2,57,0,11,69,7,87,88,0,88,175
05/13/2017,DEC,IL,AGL,CE,Federal Contract Tower,0,7,4,0,11,0,0,37,0,37,0,7,41,0,48,109,0,109,157
05/14/2017,DEC,IL,AGL,CE,Federal Contract Tower,0,8,3,0,11,0,0,28,7,35,0,8,31,7,46,50,12,62,108
05/15/2017,DEC,IL,AGL,CE,Federal Contract Tower,0,12,18,0,30,0,0,33,11,44,0,12,51,11,74,47,40,87,161
05/16/2017,DEC,IL,AGL,CE,Federal Contract Tower,0,14,6,0,20,0,0,24,23,47,0,14,30,23,67,40,17,57,124
05/17/2017,DEC,IL,AGL,CE,Federal Contract Tower,0,12,11,0,23,0,0,12,5,17,0,12,23,5,40,18,10,28,68
05/18/2017,DEC,IL,AGL,CE,Federal Contract Tower,0,13,8,2,23,0,0,18,7,25,0,13,26,9,48,26,18,44,92
05/19/2017,DEC,IL,AGL,CE,Federal Contract Tower,0,15,14,3,32,0,0,5,6,11,0,15,19,9,43,10,24,34,77
05/20/2017,DEC,IL,AGL,CE,Federal Contract Tower,0,4,3,0,7,0,0,8,2,10,0,4,11,2,17,0,12,12,29
05/21/2017,DEC,IL,AGL,CE,Federal Contract Tower,0,6,5,1,12,0,0,28,3,31,0,6,33,4,43,56,4,60,103
05/22/2017,DEC,IL,AGL,CE,Federal Contract Tower,0,12,7,0,19,0,0,41,7,48,0,12,48,7,67,54,14,68,135
05/23/2017,DEC,IL,AGL,CE,Federal Contract Tower,0,13,11,4,28,0,0,21,12,33,0,13,32,16,61,35,38,73,134
05/24/2017,DEC,IL,AGL,CE,Federal Contract Tower,0,14,10,4,28,0,0,11,4,15,0,14,21,8,43,17,14,31,74
05/25/2017,DEC,IL,AGL,CE,Federal Contract Tower,0,14,16,4,34,0,0,12,12,24,0,14,28,16,58,42,14,56,114
05/26/2017,DEC,IL,AGL,CE,Federal Contract Tower,0,15,7,3,25,0,0,27,9,36,0,15,34,12,61,56,0,56,117
05/27/2017,DEC,IL,AGL,CE,Federal Contract Tower,0,6,1,0,7,0,0,20,0,20,0,6,21,0,27,32,0,32,59
05/28/2017,DEC,IL,AGL,CE,Federal Contract Tower,0,10,2,0,12,0,0,21,0,21,0,10,23,0,33,54,0,54,87
05/29/2017,DEC,IL,AGL,CE,Federal Contract Tower,0,12,4,0,16,0,0,25,0,25,0,12,29,0,41,56,0,56,97
05/30/2017,DEC,IL,AGL,CE,Federal Contract Tower,0,12,15,3,30,0,0,24,11,35,0,12,39,14,65,46,29,75,140
05/31/2017,DEC,IL,AGL,CE,Federal Contract Tower,0,13,2,2,17,0,0,32,12,44,0,13,34,14,61,40,18,58,119
06/01/2017,DEC,IL,AGL,CE,Federal Contract Tower,0,16,16,6,38,0,0,22,9,31,0,16,38,15,69,47,16,63,132
06/02/2017,DEC,IL,AGL,CE,Federal Contract Tower,0,14,6,2,22,0,0,26,2,28,0,14,32,4,50,52,0,52,102
06/03/2017,DEC,IL,AGL,CE,Federal Contract Tower,0,5,3,0,8,0,0,106,0,106,0,5,109,0,114,32,0,32,146
06/04/2017,DEC,IL,AGL,CE,Federal Contract Tower,0,10,6,0,16,0,0,24,0,24,0,10,30,0,40,62,0,62,102
06/05/2017,DEC,IL,AGL,CE,Federal Contract Tower,0,12,8,2,22,0,0,30,10,40,0,12,38,12,62,63,28,91,153
06/06/2017,DEC,IL,AGL,CE,Federal Contract Tower,0,13,4,3,20,0,0,30,9,39,0,13,34,12,59,40,26,66,125
06/07/2017,DEC,IL,AGL,CE,Federal Contract Tower,0,14,10,2,26,0,0,21,6,27,0,14,31,8,53,34,10,44,97
06/08/2017,DEC,IL,AGL,CE,Federal Contract Tower,0,13,1,4,18,0,0,21,2,23,0,13,22,6,41,21,4,25,66
06/09/2017,DEC,IL,AGL,CE,Federal Contract Tower,0,12,9,0,21,0,0,21,2,23,0,12,30,2,44,49,8,57,101
06/10/2017,DEC,IL,AGL,CE,Federal Contract Tower,0,5,1,2,8,0,6,33,16,55,0,11,34,18,63,69,45,114,177
06/11/2017,DEC,IL,AGL,CE,Federal Contract Tower,0,7,3,0,10,0,7,32,0,39,0,14,35,0,49,69,0,69,118
06/12/2017,DEC,IL,AGL,CE,Federal Contract Tower,0,14,15,2,31,0,0,29,8,37,0,14,44,10,68,36,24,60,128
06/13/2017,DEC,IL,AGL,CE,Federal Contract Tower,0,14,5,2,21,0,0,23,17,40,0,14,28,19,61,59,28,87,148
06/14/2017,DEC,IL,AGL,CE,Federal Contract Tower,0,12,14,4,30,0,0,15,4,19,0,12,29,8,49,17,4,21,70
06/15/2017,DEC,IL,AGL,CE,Federal Contract Tower,0,14,3,2,19,0,0,28,0,28,0,14,31,2,47,56,0,56,103
06/16/2017,DEC,IL,AGL,CE,Federal Contract Tower,0,17,12,0,29,0,0,30,5,35,0,17,42,5,64,74,0,74,138
06/17/2017,DEC,IL,AGL,CE,Federal Contract Tower,0,8,5,0,13,0,0,30,9,39,0,8,35,9,52,66,16,82,134
06/18/2017,DEC,IL,AGL,CE,Federal Contract Tower,0,8,5,0,13,0,0,38,4,42,0,8,43,4,55,66,20,86,141
06/19/2017,DEC,IL,AGL,CE,Federal Contract Tower,0,11,10,3,24,0,0,35,1,36,0,11,45,4,60,86,0,86,146
06/20/2017,DEC,IL,AGL,CE,Federal Contract Tower,0,13,7,3,23,0,0,29,9,38,0,13,36,12,61,59,12,71,132
06/21/2017,DEC,IL,AGL,CE,Federal Contract Tower,0,16,2,7,25,0,0,31,0,31,0,16,33,7,56,33,10,43,99
06/22/2017,DEC,IL,AGL,CE,Federal Contract Tower,0,13,2,0,15,0,0,16,2,18,0,13,18,2,33,33,0,33,66
06/23/2017,DEC,IL,AGL,CE,Federal Contract Tower,0,14,4,2,20,0,0,20,0,20,0,14,24,2,40,58,0,58,98
06/24/2017,DEC,IL,AGL,CE,Federal Contract Tower,0,7,3,0,10,0,0,33,6,39,0,7,36,6,49,58,0,58,107
06/25/2017,DEC,IL,AGL,CE,Federal Contract Tower,0,10,4,1,15,0,0,25,1,26,0,10,29,2,41,53,0,53,94
06/26/2017,DEC,IL,AGL,CE,Federal Contract Tower,0,14,9,0,23,0,0,30,4,34,0,14,39,4,57,49,10,59,116
06/27/2017,DEC,IL,AGL,CE,Federal Contract Tower,0,14,10,0,24,0,0,37,12,49,0,14,47,12,73,47,16,63,136
06/28/2017,DEC,IL,AGL,CE,Federal Contract Tower,0,11,9,1,21,0,0,21,10,31,0,11,30,11,52,36,10,46,98
06/29/2017,DEC,IL,AGL,CE,Federal Contract Tower,0,11,10,0,21,0,0,16,7,23,0,11,26,7,44,44,6,50,94
06/30/2017,DEC,IL,AGL,CE,Federal Contract Tower,0,15,8,2,25,0,2,21,3,26,0,17,29,5,51,50,0,50,101
07/01/2017,DEC,IL,AGL,CE,Federal Contract Tower,0,8,5,0,13,0,0,42,3,45,0,8,47,3,58,64,0,64,122
07/02/2017,DEC,IL,AGL,CE,Federal Contract Tower,0,8,2,0,10,0,0,36,0,36,0,8,38,0,46,64,0,64,110
07/03/2017,DEC,IL,AGL,CE,Federal Contract Tower,0,12,6,0,18,0,0,31,0,31,0,12,37,0,49,78,0,78,127
07/05/2017,DEC,IL,AGL,CE,Federal Contract Tower,0,16,16,0,32,0,0,20,7,27,0,16,36,7,59,21,20,41,100
07/06/2017,DEC,IL,AGL,CE,Federal Contract Tower,0,19,4,3,26,0,0,18,19,37,0,19,22,22,63,56,18,74,137
07/07/2017,DEC,IL,AGL,CE,Federal Contract Tower,0,11,7,2,20,0,0,58,10,68,0,11,65,12,88,60,40,100,188
07/08/2017,DEC,IL,AGL,CE,Federal Contract Tower,0,6,5,0,11,0,0,44,16,60,0,6,49,16,71,48,30,78,149
07/09/2017,DEC,IL,AGL,CE,Federal Contract Tower,0,10,5,0,15,0,0,38,0,38,0,10,43,0,53,66,0,66,119
07/10/2017,DEC,IL,AGL,CE,Federal Contract Tower,0,8,1,2,11,0,0,26,13,39,0,8,27,15,50,27,22,49,99
07/11/2017,DEC,IL,AGL,CE,Federal Contract Tower,0,13,1,12,26,0,0,20,21,41,0,13,21,33,67,59,44,103,170
07/12/2017,DEC,IL,AGL,CE,Federal Contract Tower,0,14,13,3,30,0,0,26,8,34,0,14,39,11,64,34,9,43,107
07/13/2017,DEC,IL,AGL,CE,Federal Contract Tower,0,16,0,9,25,0,0,16,12,28,0,16,16,21,53,28,12,40,93
07/14/2017,DEC,IL,AGL,CE,Federal Contract Tower,0,14,11,0,25,0,0,28,11,39,0,14,39,11,64,28,22,50,114
07/15/2017,DEC,IL,AGL,CE,Federal Contract Tower,0,6,7,2,15,0,7,30,4,41,0,13,37,6,56,48,26,74,130
07/16/2017,DEC,IL,AGL,CE,Federal Contract Tower,0,10,4,0,14,0,9,22,0,31,0,19,26,0,45,58,0,58,103
07/17/2017,DEC,IL,AGL,CE,Federal Contract Tower,0,13,14,2,29,0,0,33,5,38,0,13,47,7,67,65,20,85,152
07/18/2017,DEC,IL,AGL,CE,Federal Contract Tower,0,14,4,4,22,0,0,21,13,34,0,14,25,17,56,44,53,97,153
07/19/2017,DEC,IL,AGL,CE,Federal Contract Tower,0,16,13,9,38,0,0,14,15,29,0,16,27,24,67,22,25,47,114
07/20/2017,DEC,IL,AGL,CE,Federal Contract Tower,0,14,5,6,25,0,0,17,14,31,0,14,22,20,56,19,43,62,118
07/21/2017,DEC,IL,AGL,CE,Federal Contract Tower,0,14,18,4,36,0,0,25,6,31,0,14,43,10,67,57,0,57,124
07/22/2017,DEC,IL,AGL,CE,Federal Contract Tower,0,6,9,2,17,0,0,30,0,30,0,6,39,2,47,68,0,68,115
07/23/2017,DEC,IL,AGL,CE,Federal Contract Tower,0,7,4,2,13,0,0,27,0,27,0,7,31,2,40,50,0,50,90
07/24/2017,DEC,IL,AGL,CE,Federal Contract Tower,0,12,8,2,22,0,0,28,4,32,0,12,36,6,54,47,21,68,122
07/25/2017,DEC,IL,AGL,CE,Federal Contract Tower,0,12,11,2,25,0,0,50,18,68,0,12,61,20,93,57,55,112,205
07/26/2017,DEC,IL,AGL,CE,Federal Contract Tower,0,14,8,2,24,0,0,15,21,36,0,14,23,23,60,12,39,51,111
07/27/2017,DEC,IL,AGL,CE,Federal Contract Tower,0,13,6,8,27,0,0,15,3,18,0,13,21,11,45,14,20,34,79
07/28/2017,DEC,IL,AGL,CE,Federal Contract Tower,0,14,8,18,40,0,0,27,3,30,0,14,35,21,70,49,0,49,119
07/29/2017,DEC,IL,AGL,CE,Federal Contract Tower,0,5,4,0,9,0,0,36,0,36,0,5,40,0,45,68,0,68,113
07/30/2017,DEC,IL,AGL,CE,Federal Contract Tower,0,10,6,0,16,0,0,26,0,26,0,10,32,0,42,56,0,56,98
07/31/2017,DEC,IL,AGL,CE,Federal Contract Tower,0,14,5,2,21,0,0,24,3,27,0,14,29,5,48,35,4,39,87
08/01/2017,DEC,IL,AGL,CE,Federal Contract Tower,0,14,5,0,19,0,0,18,17,35,0,14,23,17,54,16,36,52,106
08/02/2017,DEC,IL,AGL,CE,Federal Contract Tower,0,12,0,2,14,0,0,23,5,28,0,12,23,7,42,50,16,66,108
08/03/2017,DEC,IL,AGL,CE,Federal Contract Tower,0,12,3,2,17,0,0,20,8,28,0,12,23,10,45,53,31,84,129
08/04/2017,DEC,IL,AGL,CE,Federal Contract Tower,0,14,4,2,20,0,0,27,14,41,0,14,31,16,61,45,40,85,146
08/05/2017,DEC,IL,AGL,CE,Federal Contract Tower,0,6,3,0,9,0,1,35,1,37,0,7,38,1,46,62,0,62,108
08/06/2017,DEC,IL,AGL,CE,Federal Contract Tower,0,8,6,3,17,0,0,26,1,27,0,8,32,4,44,53,8,61,105
08/07/2017,DEC,IL,AGL,CE,Federal Contract Tower,0,16,0,2,18,0,0,16,7,23,0,16,16,9,41,48,28,76,117
08/08/2017,DEC,IL,AGL,CE,Federal Contract Tower,0,14,4,2,20,0,0,23,17,40,0,14,27,19,60,34,24,58,118
08/09/2017,DEC,IL,AGL,CE,Federal Contract Tower,0,13,6,7,26,0,0,26,0,26,0,13,32,7,52,58,0,58,110
08/10/2017,DEC,IL,AGL,CE,Federal Contract Tower,0,13,2,5,20,0,0,28,16,44,0,13,30,21,64,54,24,78,142
08/11/2017,DEC,IL,AGL,CE,Federal Contract Tower,0,12,6,2,20,0,0,28,10,38,0,12,34,12,58,56,22,78,136
08/12/2017,DEC,IL,AGL,CE,Federal Contract Tower,0,5,2,0,7,0,0,34,7,41,0,5,36,7,48,68,0,68,116
08/13/2017,DEC,IL,AGL,CE,Federal Contract Tower,0,8,10,3,21,0,6,25,11,42,0,14,35,14,63,50,19,69,132
08/14/2017,DEC,IL,AGL,CE,Federal Contract Tower,0,11,6,1,18,0,0,31,7,38,0,11,37,8,56,55,28,83,139
08/15/2017,DEC,IL,AGL,CE,Federal Contract Tower,0,14,4,4,22,0,0,21,16,37,0,14,25,20,59,47,6,53,112
08/16/2017,DEC,IL,AGL,CE,Federal Contract Tower,0,13,9,4,26,0,0,27,5,32,0,13,36,9,58,48,0,48,106
08/17/2017,DEC,IL,AGL,CE,Federal Contract Tower,0,14,10,6,30,0,0,37,28,65,0,14,47,34,95,59,38,97,192
08/18/2017,DEC,IL,AGL,CE,Federal Contract Tower,0,14,6,1,21,0,0,29,8,37,0,14,35,9,58,66,20,86,144
08/20/2017,DEC,IL,AGL,CE,Federal Contract Tower,0,9,5,0,14,0,0,28,1,29,0,9,33,1,43,41,0,41,84
08/21/2017,DEC,IL,AGL,CE,Federal Contract Tower,0,12,10,0,22,0,0,36,3,39,0,12,46,3,61,30,4,34,95
08/22/2017,DEC,IL,AGL,CE,Federal Contract Tower,0,13,7,6,26,0,0,20,7,27,0,13,27,13,53,30,26,56,109
08/23/2017,DEC,IL,AGL,CE,Federal Contract Tower,0,14,6,2,22,0,0,30,12,42,0,14,36,14,64,56,4,60,124
08/24/2017,DEC,IL,AGL,CE,Federal Contract Tower,0,12,6,3,21,0,0,34,11,45,0,12,40,14,66,46,16,62,128
08/25/2017,DEC,IL,AGL,CE,Federal Contract Tower,0,14,9,4,27,0,0,42,22,64,0,14,51,26,91,54,26,80,171
08/26/2017,DEC,IL,AGL,CE,Federal Contract Tower,0,7,3,0,10,0,0,23,6,29,0,7,26,6,39,48,12,60,99
08/27/2017,DEC,IL,AGL,CE,Federal Contract Tower,0,11,11,0,22,0,0,31,0,31,0,11,42,0,53,43,0,43,96
08/28/2017,DEC,IL,AGL,CE,Federal Contract Tower,0,14,16,0,30,0,0,19,0,19,0,14,35,0,49,23,0,23,72
08/29/2017,DEC,IL,AGL,CE,Federal Contract Tower,0,15,48,10,73,0,0,129,16,145,0,15,177,26,218,0,36,36,254
08/30/2017,DEC,IL,AGL,CE,Federal Contract Tower,0,19,70,2,91,0,0,241,4,245,0,19,311,6,336,0,0,0,336
08/31/2017,DEC,IL,AGL,CE,Federal Contract Tower,0,12,39,4,55,0,0,127,6,133,0,12,166,10,188,51,13,64,252
09/01/2017,DEC,IL,AGL,CE,Federal Contract Tower,0,15,5,0,20,0,0,23,17,40,0,15,28,17,60,30,42,72,132
09/02/2017,DEC,IL,AGL,CE,Federal Contract Tower,0,6,9,0,15,0,0,32,0,32,0,6,41,0,47,42,0,42,89
09/03/2017,DEC,IL,AGL,CE,Federal Contract Tower,0,8,0,0,8,0,0,34,0,34,0,8,34,0,42,68,0,68,110
09/04/2017,DEC,IL,AGL,CE,Federal Contract Tower,0,12,8,0,20,0,0,21,0,21,0,12,29,0,41,32,0,32,73
09/05/2017,DEC,IL,AGL,CE,Federal Contract Tower,0,12,10,6,28,0,0,20,10,30,0,12,30,16,58,32,26,58,116
09/06/2017,DEC,IL,AGL,CE,Federal Contract Tower,0,13,6,0,19,0,0,36,3,39,0,13,42,3,58,50,6,56,114
09/07/2017,DEC,IL,AGL,CE,Federal Contract Tower,0,14,9,4,27,0,0,25,34,59,0,14,34,38,86,55,47,102,188
09/08/2017,DEC,IL,AGL,CE,Federal Contract Tower,0,14,9,2,25,0,0,28,15,43,0,14,37,17,68,54,42,96,164
09/09/2017,DEC,IL,AGL,CE,Federal Contract Tower,0,6,8,2,16,0,0,38,7,45,0,6,46,9,61,40,31,71,132
09/10/2017,DEC,IL,AGL,CE,Federal Contract Tower,0,8,1,0,9,0,0,32,2,34,0,8,33,2,43,40,4,44,87
09/11/2017,DEC,IL,AGL,CE,Federal Contract Tower,0,12,3,0,15,0,0,45,0,45,0,12,48,0,60,36,0,36,96
09/12/2017,DEC,IL,AGL,CE,Federal Contract Tower,0,14,12,2,28,0,0,43,10,53,0,14,55,12,81,45,22,67,148
09/13/2017,DEC,IL,AGL,CE,Federal Contract Tower,0,16,7,8,31,0,0,21,5,26,0,16,28,13,57,40,24,64,121
09/14/2017,DEC,IL,AGL,CE,Federal Contract Tower,0,11,14,3,28,0,0,29,21,50,0,11,43,24,78,46,23,69,147
09/15/2017,DEC,IL,AGL,CE,Federal Contract Tower,0,12,13,5,30,0,0,29,10,39,0,12,42,15,69,56,18,74,143
09/16/2017,DEC,IL,AGL,CE,Federal Contract Tower,0,5,3,0,8,0,0,34,0,34,0,5,37,0,42,65,0,65,107
09/17/2017,DEC,IL,AGL,CE,Federal Contract Tower,0,8,5,2,15,0,1,28,0,29,0,9,33,2,44,69,0,69,113
09/18/2017,DEC,IL,AGL,CE,Federal Contract Tower,0,12,2,6,20,0,0,20,0,20,0,12,22,6,40,44,0,44,84
09/19/2017,DEC,IL,AGL,CE,Federal Contract Tower,0,14,19,4,37,0,0,14,2,16,0,14,33,6,53,28,0,28,81
09/20/2017,DEC,IL,AGL,CE,Federal Contract Tower,0,2,14,11,27,0,0,26,0,26,0,2,40,11,53,56,0,56,109
09/21/2017,DEC,IL,AGL,CE,Federal Contract Tower,0,13,4,0,17,0,0,16,8,24,0,13,20,8,41,34,0,34,75
09/22/2017,DEC,IL,AGL,CE,Federal Contract Tower,0,15,2,2,19,0,0,39,8,47,0,15,41,10,66,46,16,62,128
09/23/2017,DEC,IL,AGL,CE,Federal Contract Tower,0,7,4,0,11,0,0,30,10,40,0,7,34,10,51,56,18,74,125
09/24/2017,DEC,IL,AGL,CE,Federal Contract Tower,0,9,9,0,18,0,0,33,1,34,0,9,42,1,52,71,0,71,123
09/25/2017,DEC,IL,AGL,CE,Federal Contract Tower,0,12,4,0,16,0,0,19,1,20,0,12,23,1,36,25,0,25,61
09/26/2017,DEC,IL,AGL,CE,Federal Contract Tower,0,13,13,0,26,0,0,21,8,29,0,13,34,8,55,28,26,54,109
09/27/2017,DEC,IL,AGL,CE,Federal Contract Tower,0,14,14,0,28,0,0,16,9,25,0,14,30,9,53,39,5,44,97
09/28/2017,DEC,IL,AGL,CE,Federal Contract Tower,0,14,1,0,15,0,0,20,8,28,0,14,21,8,43,64,0,64,107
09/29/2017,DEC,IL,AGL,CE,Federal Contract Tower,0,17,14,0,31,0,0,28,13,41,0,17,42,13,72,42,38,80,152
09/30/2017,DEC,IL,AGL,CE,Federal Contract Tower,0,6,10,0,16,0,0,30,0,30,0,6,40,0,46,58,0,58,104
10/01/2017,DEC,IL,AGL,CE,Federal Contract Tower,0,8,2,0,10,0,0,33,0,33,0,8,35,0,43,46,0,46,89
10/02/2017,DEC,IL,AGL,CE,Federal Contract Tower,0,12,2,2,16,0,0,19,3,22,0,12,21,5,38,33,11,44,82
10/03/2017,DEC,IL,AGL,CE,Federal Contract Tower,0,16,10,0,26,0,0,13,0,13,0,16,23,0,39,30,0,30,69
10/04/2017,DEC,IL,AGL,CE,Federal Contract Tower,0,13,4,0,17,0,0,20,0,20,0,13,24,0,37,26,0,26,63
10/05/2017,DEC,IL,AGL,CE,Federal Contract Tower,0,13,23,5,41,0,0,0,2,2,0,13,23,7,43,0,8,8,51
10/06/2017,DEC,IL,AGL,CE,Federal Contract Tower,0,14,7,2,23,0,0,21,0,21,0,14,28,2,44,66,0,66,110
10/07/2017,DEC,IL,AGL,CE,Federal Contract Tower,0,6,3,0,9,0,0,26,1,27,0,6,29,1,36,46,0,46,82
10/08/2017,DEC,IL,AGL,CE,Federal Contract Tower,0,13,3,1,17,0,0,32,0,32,0,13,35,1,49,56,0,56,105
10/09/2017,DEC,IL,AGL,CE,Federal Contract Tower,0,10,6,0,16,0,0,16,0,16,0,10,22,0,32,32,0,32,64
10/10/2017,DEC,IL,AGL,CE,Federal Contract Tower,0,14,3,2,19,0,0,16,7,23,0,14,19,9,42,22,54,76,118
10/11/2017,DEC,IL,AGL,CE,Federal Contract Tower,0,13,11,0,24,0,0,0,0,0,0,13,11,0,24,0,0,0,24
10/12/2017,DEC,IL,AGL,CE,Federal Contract Tower,0,15,3,1,19,0,0,14,13,27,0,15,17,14,46,25,53,78,124
10/13/2017,DEC,IL,AGL,CE,Federal Contract Tower,0,13,7,3,23,0,0,31,19,50,0,13,38,22,73,34,42,76,149
10/14/2017,DEC,IL,AGL,CE,Federal Contract Tower,0,5,10,0,15,0,7,33,0,40,0,12,43,0,55,51,0,51,106
10/15/2017,DEC,IL,AGL,CE,Federal Contract Tower,0,8,2,0,10,0,0,24,0,24,0,8,26,0,34,52,0,52,86
10/16/2017,DEC,IL,AGL,CE,Federal Contract Tower,0,13,6,2,21,0,0,19,6,25,0,13,25,8,46,36,22,58,104
10/17/2017,DEC,IL,AGL,CE,Federal Contract Tower,0,14,3,4,21,0,0,26,16,42,0,14,29,20,63,46,56,102,165
10/18/2017,DEC,IL,AGL,CE,Federal Contract Tower,0,14,8,4,26,1,0,31,13,45,1,14,39,17,71,54,16,70,141
10/19/2017,DEC,IL,AGL,CE,Federal Contract Tower,0,13,9,2,24,0,0,31,25,56,0,13,40,27,80,65,52,117,197
10/20/2017,DEC,IL,AGL,CE,Federal Contract Tower,0,13,10,3,26,0,0,28,19,47,0,13,38,22,73,48,68,116,189
10/21/2017,DEC,IL,AGL,CE,Federal Contract Tower,0,8,1,0,9,0,0,21,9,30,0,8,22,9,39,61,10,71,110
10/22/2017,DEC,IL,AGL,CE,Federal Contract Tower,0,7,5,2,14,0,0,15,5,20,0,7,20,7,34,31,24,55,89
10/23/2017,DEC,IL,AGL,CE,Federal Contract Tower,0,13,9,4,26,0,0,15,2,17,0,13,24,6,43,52,0,52,95
10/24/2017,DEC,IL,AGL,CE,Federal Contract Tower,0,15,5,6,26,0,0,14,25,39,0,15,19,31,65,19,84,103,168
10/25/2017,DEC,IL,AGL,CE,Federal Contract Tower,0,14,11,5,30,0,0,37,12,49,0,14,48,17,79,60,18,78,157
10/26/2017,DEC,IL,AGL,CE,Federal Contract Tower,0,14,1,3,18,0,0,36,7,43,0,14,37,10,61,43,28,71,132
10/27/2017,DEC,IL,AGL,CE,Federal Contract Tower,0,14,2,2,18,0,0,24,10,34,0,14,26,12,52,47,34,81,133
10/28/2017,DEC,IL,AGL,CE,Federal Contract Tower,0,7,6,0,13,0,0,25,0,25,0,7,31,0,38,47,0,47,85
10/29/2017,DEC,IL,AGL,CE,Federal Contract Tower,0,8,3,0,11,0,0,23,0,23,0,8,26,0,34,44,0,44,78
10/30/2017,DEC,IL,AGL,CE,Federal Contract Tower,0,11,5,0,16,0,0,20,0,20,0,11,25,0,36,57,0,57,93
10/31/2017,DEC,IL,AGL,CE,Federal Contract Tower,0,14,2,3,19,0,0,22,8,30,0,14,24,11,49,50,0,50,99
11/01/2017,DEC,IL,AGL,CE,Federal Contract Tower,0,16,8,0,24,0,0,10,7,17,0,16,18,7,41,20,24,44,85
11/02/2017,DEC,IL,AGL,CE,Federal Contract Tower,0,13,15,11,39,0,0,6,4,10,0,13,21,15,49,24,40,64,113
11/03/2017,DEC,IL,AGL,CE,Federal Contract Tower,0,14,11,2,27,0,0,25,18,43,0,14,36,20,70,31,43,74,144
11/04/2017,DEC,IL,AGL,CE,Federal Contract Tower,0,6,1,0,7,0,0,0,0,0,0,6,1,0,7,0,0,0,7
11/05/2017,DEC,IL,AGL,CE,Federal Contract Tower,0,8,2,2,12,0,0,11,0,11,0,8,13,2,23,23,0,23,46
11/06/2017,DEC,IL,AGL,CE,Federal Contract Tower,0,16,2,4,22,0,0,21,2,23,0,16,23,6,45,48,12,60,105
11/07/2017,DEC,IL,AGL,CE,Federal Contract Tower,0,20,9,8,37,0,0,17,13,30,0,20,26,21,67,36,20,56,123
11/08/2017,DEC,IL,AGL,CE,Federal Contract Tower,0,21,12,4,37,0,0,25,12,37,0,21,37,16,74,63,22,85,159
11/09/2017,DEC,IL,AGL,CE,Federal Contract Tower,0,13,8,2,23,0,0,25,23,48,0,13,33,25,71,53,71,124,195
11/10/2017,DEC,IL,AGL,CE,Federal Contract Tower,0,14,5,0,19,0,0,25,6,31,0,14,30,6,50,45,12,57,107
11/11/2017,DEC,IL,AGL,CE,Federal Contract Tower,0,7,0,0,7,0,4,19,0,23,0,11,19,0,30,43,0,43,73
11/12/2017,DEC,IL,AGL,CE,Federal Contract Tower,0,9,2,0,11,0,0,10,4,14,0,9,12,4,25,23,6,29,54
11/13/2017,DEC,IL,AGL,CE,Federal Contract Tower,0,12,0,2,14,0,0,25,2,27,0,12,25,4,41,53,0,53,94
11/14/2017,DEC,IL,AGL,CE,Federal Contract Tower,0,13,6,2,21,0,0,24,14,38,0,13,30,16,59,36,32,68,127
11/15/2017,DEC,IL,AGL,CE,Federal Contract Tower,0,17,14,2,33,0,0,15,6,21,0,17,29,8,54,34,28,62,116
11/16/2017,DEC,IL,AGL,CE,Federal Contract Tower,0,15,13,5,33,0,0,20,15,35,0,15,33,20,68,56,44,100,168
11/17/2017,DEC,IL,AGL,CE,Federal Contract Tower,0,14,9,3,26,0,0,15,10,25,0,14,24,13,51,27,18,45,96
11/18/2017,DEC,IL,AGL,CE,Federal Contract Tower,0,15,0,0,15,0,0,7,0,7,0,15,7,0,22,15,0,15,37
11/20/2017,DEC,IL,AGL,CE,Federal Contract Tower,0,12,4,2,18,0,0,24,7,31,0,12,28,9,49,71,13,84,133
11/21/2017,DEC,IL,AGL,CE,Federal Contract Tower,0,19,8,1,28,0,0,21,23,44,0,19,29,24,72,46,26,72,144
11/22/2017,DEC,IL,AGL,CE,Federal Contract Tower,0,14,5,2,21,0,0,23,8,31,0,14,28,10,52,54,24,78,130
11/23/2017,DEC,IL,AGL,CE,Federal Contract Tower,0,11,1,0,12,0,0,18,0,18,0,11,19,0,30,48,0,48,78
11/24/2017,DEC,IL,AGL,CE,Federal Contract Tower,0,12,2,1,15,0,0,29,1,30,0,12,31,2,45,52,0,52,97
11/25/2017,DEC,IL,AGL,CE,Federal Contract Tower,0,7,2,1,10,0,0,31,0,31,0,7,33,1,41,30,0,30,71
11/26/2017,DEC,IL,AGL,CE,Federal Contract Tower,0,8,8,0,16,0,0,35,0,35,0,8,43,0,51,38,0,38,89
11/27/2017,DEC,IL,AGL,CE,Federal Contract Tower,0,14,3,0,17,0,0,33,8,41,0,14,36,8,58,60,0,60,118
11/28/2017,DEC,IL,AGL,CE,Federal Contract Tower,0,14,5,1,20,0,0,27,22,49,0,14,32,23,69,38,36,74,143
11/29/2017,DEC,IL,AGL,CE,Federal Contract Tower,0,14,4,2,20,0,0,26,14,40,0,14,30,16,60,50,40,90,150
11/30/2017,DEC,IL,AGL,CE,Federal Contract Tower,0,16,5,2,23,0,0,20,19,39,0,16,25,21,62,71,39,110,172
12/01/2017,DEC,IL,AGL,CE,Federal Contract Tower,0,15,9,2,26,0,0,36,8,44,0,15,45,10,70,55,32,87,157
12/02/2017,DEC,IL,AGL,CE,Federal Contract Tower,0,6,6,0,12,0,0,25,8,33,0,6,31,8,45,48,24,72,117
12/03/2017,DEC,IL,AGL,CE,Federal Contract Tower,0,9,7,2,18,0,0,35,0,35,0,9,42,2,53,28,0,28,81
12/04/2017,DEC,IL,AGL,CE,Federal Contract Tower,0,10,3,0,13,0,0,20,2,22,0,10,23,2,35,48,0,48,83
12/05/2017,DEC,IL,AGL,CE,Federal Contract Tower,0,14,3,0,17,0,0,23,12,35,0,14,26,12,52,30,32,62,114
12/06/2017,DEC,IL,AGL,CE,Federal Contract Tower,0,14,4,0,18,0,0,26,16,42,0,14,30,16,60,38,40,78,138
12/07/2017,DEC,IL,AGL,CE,Federal Contract Tower,0,16,10,0,26,0,0,22,8,30,0,16,32,8,56,67,14,81,137
12/08/2017,DEC,IL,AGL,CE,Federal Contract Tower,0,16,10,0,26,0,0,26,9,35,0,16,36,9,61,50,16,66,127
12/09/2017,DEC,IL,AGL,CE,Federal Contract Tower,0,7,4,0,11,0,0,21,0,21,0,7,25,0,32,60,0,60,92
12/10/2017,DEC,IL,AGL,CE,Federal Contract Tower,0,8,4,0,12,0,0,24,0,24,0,8,28,0,36,33,0,33,69
12/11/2017,DEC,IL,AGL,CE,Federal Contract Tower,0,10,5,0,15,0,0,23,0,23,0,10,28,0,38,40,0,40,78
12/12/2017,DEC,IL,AGL,CE,Federal Contract Tower,0,12,11,0,23,0,0,20,13,33,0,12,31,13,56,26,50,76,132
12/13/2017,DEC,IL,AGL,CE,Federal Contract Tower,0,15,8,0,23,0,0,23,10,33,0,15,31,10,56,40,24,64,120
12/14/2017,DEC,IL,AGL,CE,Federal Contract Tower,0,15,12,1,28,0,0,22,8,30,0,15,34,9,58,63,19,82,140
12/15/2017,DEC,IL,AGL,CE,Federal Contract Tower,0,17,9,0,26,0,0,26,6,32,0,17,35,6,58,47,18,65,123
12/16/2017,DEC,IL,AGL,CE,Federal Contract Tower,0,6,3,0,9,0,0,22,0,22,0,6,25,0,31,38,0,38,69
12/17/2017,DEC,IL,AGL,CE,Federal Contract Tower,0,7,10,0,17,0,0,18,0,18,0,7,28,0,35,44,0,44,79
12/18/2017,DEC,IL,AGL,CE,Federal Contract Tower,0,14,3,0,17,0,0,28,0,28,0,14,31,0,45,70,0,70,115
12/19/2017,DEC,IL,AGL,CE,Federal Contract Tower,0,9,4,0,13,0,0,28,4,32,0,9,32,4,45,28,4,32,77
12/20/2017,DEC,IL,AGL,CE,Federal Contract Tower,0,14,3,0,17,0,0,24,9,33,0,14,27,9,50,48,40,88,138
12/21/2017,DEC,IL,AGL,CE,Federal Contract Tower,0,14,7,0,21,0,0,18,8,26,0,14,25,8,47,72,29,101,148
12/22/2017,DEC,IL,AGL,CE,Federal Contract Tower,0,14,10,0,24,0,0,20,3,23,0,14,30,3,47,52,10,62,109
12/23/2017,DEC,IL,AGL,CE,Federal Contract Tower,0,6,0,0,6,0,0,17,0,17,0,6,17,0,23,36,0,36,59
12/24/2017,DEC,IL,AGL,CE,Federal Contract Tower,0,5,1,0,6,0,0,0,0,0,0,5,1,0,6,0,0,0,6
12/25/2017,DEC,IL,AGL,CE,Federal Contract Tower,0,11,0,0,11,0,0,17,0,17,0,11,17,0,28,42,0,42,70
12/26/2017,DEC,IL,AGL,CE,Federal Contract Tower,0,13,6,0,19,0,0,21,6,27,0,13,27,6,46,44,0,44,90
12/27/2017,DEC,IL,AGL,CE,Federal Contract Tower,0,16,7,0,23,0,1,21,8,30,0,17,28,8,53,48,12,60,113
12/28/2017,DEC,IL,AGL,CE,Federal Contract Tower,0,13,0,0,13,0,0,15,8,23,0,13,15,8,36,27,48,75,111
12/29/2017,DEC,IL,AGL,CE,Federal Contract Tower,0,11,3,0,14,0,0,9,3,12,0,11,12,3,26,21,6,27,53
12/30/2017,DEC,IL,AGL,CE,Federal Contract Tower,0,6,7,0,13,0,0,15,0,15,0,6,22,0,28,19,0,19,47
12/31/2017,DEC,IL,AGL,CE,Federal Contract Tower,0,7,1,0,8,0,0,13,0,13,0,7,14,0,21,18,0,18,39
01/01/2018,DEC,IL,AGL,CE,Federal Contract Tower,0,13,2,0,15,0,0,15,4,19,0,13,17,4,34,18,0,18,52
01/02/2018,DEC,IL,AGL,CE,Federal Contract Tower,0,12,5,0,17,0,0,21,0,21,0,12,26,0,38,28,0,28,66
01/03/2018,DEC,IL,AGL,CE,Federal Contract Tower,0,15,4,2,21,0,1,17,7,25,0,16,21,9,46,28,28,56,102
01/04/2018,DEC,IL,AGL,CE,Federal Contract Tower,0,13,0,0,13,0,0,23,15,38,0,13,23,15,51,41,32,73,124
01/05/2018,DEC,IL,AGL,CE,Federal Contract Tower,0,15,3,2,20,0,0,25,13,38,0,15,28,15,58,37,30,67,125
01/06/2018,DEC,IL,AGL,CE,Federal Contract Tower,0,6,4,0,10,0,0,21,0,21,0,6,25,0,31,43,0,43,74
01/07/2018,DEC,IL,AGL,CE,Federal Contract Tower,0,2,1,2,5,0,0,16,0,16,0,2,17,2,21,35,0,35,56
01/08/2018,DEC,IL,AGL,CE,Federal Contract Tower,0,11,0,2,13,0,0,8,0,8,0,11,8,2,21,0,44,44,65
01/09/2018,DEC,IL,AGL,CE,Federal Contract Tower,0,12,0,0,12,0,0,0,0,0,0,12,0,0,12,0,0,0,12
01/10/2018,DEC,IL,AGL,CE,Federal Contract Tower,0,10,3,6,19,0,0,3,8,11,0,10,6,14,30,4,34,38,68
01/11/2018,DEC,IL,AGL,CE,Federal Contract Tower,0,13,8,9,30,0,0,2,1,3,0,13,10,10,33,4,8,12,45
01/12/2018,DEC,IL,AGL,CE,Federal Contract Tower,0,13,7,0,20,0,0,19,2,21,0,13,26,2,41,36,0,36,77
01/13/2018,DEC,IL,AGL,CE,Federal Contract Tower,0,10,4,0,14,0,0,18,0,18,0,10,22,0,32,34,0,34,66
01/14/2018,DEC,IL,AGL,CE,Federal Contract Tower,0,7,6,0,13,0,0,20,0,20,0,7,26,0,33,33,0,33,66
01/15/2018,DEC,IL,AGL,CE,Federal Contract Tower,0,10,0,0,10,0,0,8,0,8,0,10,8,0,18,24,0,24,42
01/16/2018,DEC,IL,AGL,CE,Federal Contract Tower,0,16,4,0,20,0,0,17,24,41,0,16,21,24,61,9,72,81,142
01/17/2018,DEC,IL,AGL,CE,Federal Contract Tower,0,14,8,0,22,0,0,26,15,41,0,14,34,15,63,34,36,70,133
01/18/2018,DEC,IL,AGL,CE,Federal Contract Tower,0,14,9,2,25,0,0,22,22,44,0,14,31,24,69,43,54,97,166
01/19/2018,DEC,IL,AGL,CE,Federal Contract Tower,0,6,11,2,19,0,0,26,25,51,0,6,37,27,70,49,41,90,160
01/20/2018,DEC,IL,AGL,CE,Federal Contract Tower,0,6,6,0,12,0,0,15,0,15,0,6,21,0,27,33,0,33,60
01/21/2018,DEC,IL,AGL,CE,Federal Contract Tower,0,7,4,0,11,0,0,0,0,0,0,7,4,0,11,0,0,0,11
01/22/2018,DEC,IL,AGL,CE,Federal Contract Tower,0,8,7,0,15,0,0,21,6,27,0,8,28,6,42,50,0,50,92
01/23/2018,DEC,IL,AGL,CE,Federal Contract Tower,0,9,5,1,15,0,0,14,10,24,0,9,19,11,39,8,38,46,85
01/24/2018,DEC,IL,AGL,CE,Federal Contract Tower,0,13,4,2,19,0,0,22,15,37,0,13,26,17,56,44,38,82,138
01/25/2018,DEC,IL,AGL,CE,Federal Contract Tower,0,13,10,3,26,0,0,24,18,42,0,13,34,21,68,48,68,116,184
01/26/2018,DEC,IL,AGL,CE,Federal Contract Tower,0,14,4,3,21,0,0,16,13,29,0,14,20,16,50,39,44,83,133
01/27/2018,DEC,IL,AGL,CE,Federal Contract Tower,0,6,2,0,8,0,0,23,0,23,0,6,25,0,31,40,0,40,71
01/28/2018,DEC,IL,AGL,CE,Federal Contract Tower,0,7,3,0,10,0,0,29,0,29,0,7,32,0,39,72,0,72,111
01/29/2018,DEC,IL,AGL,CE,Federal Contract Tower,0,12,6,0,18,0,0,12,7,19,0,12,18,7,37,17,0,17,54
01/30/2018,DEC,IL,AGL,CE,Federal Contract Tower,0,13,8,0,21,0,0,32,21,53,0,13,40,21,74,86,25,111,185
01/31/2018,DEC,IL,AGL,CE,Federal Contract Tower,0,13,7,2,22,0,0,18,14,32,0,13,25,16,54,44,23,67,121
02/01/2018,DEC,IL,AGL,CE,Federal Contract Tower,0,11,5,3,19,0,0,21,22,43,0,11,26,25,62,47,24,71,133
02/02/2018,DEC,IL,AGL,CE,Federal Contract Tower,0,10,2,2,14,0,0,25,1,26,0,10,27,3,40,54,6,60,100
02/03/2018,DEC,IL,AGL,CE,Federal Contract Tower,0,5,5,0,10,0,0,32,2,34,0,5,37,2,44,44,0,44,88
02/04/2018,DEC,IL,AGL,CE,Federal Contract Tower,0,10,2,2,14,0,0,16,0,16,0,10,18,2,30,19,0,19,49
02/05/2018,DEC,IL,AGL,CE,Federal Contract Tower,0,8,4,0,12,0,0,21,11,32,0,8,25,11,44,53,24,77,121
02/06/2018,DEC,IL,AGL,CE,Federal Contract Tower,0,12,6,2,20,0,0,21,19,40,0,12,27,21,60,38,50,88,148
02/07/2018,DEC,IL,AGL,CE,Federal Contract Tower,0,14,6,0,20,0,0,17,12,29,0,14,23,12,49,35,23,58,107
02/08/2018,DEC,IL,AGL,CE,Federal Contract Tower,0,14,17,0,31,0,0,25,32,57,0,14,42,32,88,43,69,112,200
02/09/2018,DEC,IL,AGL,CE,Federal Contract Tower,0,11,6,2,19,0,0,14,5,19,0,11,20,7,38,23,12,35,73
02/10/2018,DEC,IL,AGL,CE,Federal Contract Tower,0,0,4,0,4,0,0,0,0,0,0,0,4,0,4,0,0,0,4
02/11/2018,DEC,IL,AGL,CE,Federal Contract Tower,0,8,0,0,8,0,0,8,0,8,0,8,8,0,16,0,0,0,16
02/12/2018,DEC,IL,AGL,CE,Federal Contract Tower,0,10,3,0,13,0,0,23,10,33,0,10,26,10,46,40,30,70,116
02/13/2018,DEC,IL,AGL,CE,Federal Contract Tower,0,21,11,1,33,0,0,29,20,49,0,21,40,21,82,56,54,110,192
02/14/2018,DEC,IL,AGL,CE,Federal Contract Tower,0,14,13,0,27,0,0,2,0,2,0,14,15,0,29,4,0,4,33
02/15/2018,DEC,IL,AGL,CE,Federal Contract Tower,0,15,9,6,30,0,0,13,17,30,0,15,22,23,60,25,64,89,149
02/16/2018,DEC,IL,AGL,CE,Federal Contract Tower,0,13,6,3,22,0,1,25,10,36,0,14,31,13,58,34,16,50,108
02/17/2018,DEC,IL,AGL,CE,Federal Contract Tower,0,7,1,0,8,0,1,6,0,7,0,8,7,0,15,10,0,10,25
02/18/2018,DEC,IL,AGL,CE,Federal Contract Tower,0,6,11,0,17,0,0,17,0,17,0,6,28,0,34,51,0,51,85
02/19/2018,DEC,IL,AGL,CE,Federal Contract Tower,0,13,3,0,16,0,0,21,0,21,0,13,24,0,37,38,0,38,75
02/20/2018,DEC,IL,AGL,CE,Federal Contract Tower,0,13,3,0,16,0,0,5,1,6,0,13,8,1,22,9,18,27,49
02/21/2018,DEC,IL,AGL,CE,Federal Contract Tower,0,13,6,0,19,0,0,16,8,24,0,13,22,8,43,29,42,71,114
02/22/2018,DEC,IL,AGL,CE,Federal Contract Tower,0,16,19,0,35,0,0,0,2,2,0,16,19,2,37,0,4,4,41
02/23/2018,DEC,IL,AGL,CE,Federal Contract Tower,0,14,9,2,25,0,0,7,4,11,0,14,16,6,36,23,15,38,74
02/24/2018,DEC,IL,AGL,CE,Federal Contract Tower,0,8,2,0,10,0,0,0,0,0,0,8,2,0,10,0,0,0,10
02/25/2018,DEC,IL,AGL,CE,Federal Contract Tower,0,4,8,0,12,0,2,28,0,30,0,6,36,0,42,51,0,51,93
02/26/2018,DEC,IL,AGL,CE,Federal Contract Tower,0,11,8,2,21,0,1,30,7,38,0,12,38,9,59,82,32,114,173
02/27/2018,DEC,IL,AGL,CE,Federal Contract Tower,0,12,8,1,21,0,1,33,28,62,0,13,41,29,83,71,58,129,212
02/28/2018,DEC,IL,AGL,CE,Federal Contract Tower,0,16,15,3,34,0,0,5,5,10,0,16,20,8,44,26,11,37,81
03/01/2018,DEC,IL,AGL,CE,Federal Contract Tower,0,23,19,0,42,0,0,6,9,15,0,23,25,9,57,14,41,55,112
03/02/2018,DEC,IL,AGL,CE,Federal Contract Tower,0,13,4,3,20,0,0,30,25,55,0,13,34,28,75,50,34,84,159
03/03/2018,DEC,IL,AGL,CE,Federal Contract Tower,0,7,3,0,10,0,0,27,2,29,0,7,30,2,39,72,0,72,111
03/04/2018,DEC,IL,AGL,CE,Federal Contract Tower,0,9,4,0,13,0,0,38,0,38,0,9,42,0,51,86,0,86,137
03/05/2018,DEC,IL,AGL,CE,Federal Contract Tower,0,13,8,0,21,0,0,14,11,25,0,13,22,11,46,22,36,58,104
03/06/2018,DEC,IL,AGL,CE,Federal Contract Tower,0,13,3,1,17,0,0,21,19,40,0,13,24,20,57,40,92,132,189
03/07/2018,DEC,IL,AGL,CE,Federal Contract Tower,0,11,7,0,18,0,0,30,19,49,0,11,37,19,67,33,62,95,162
03/08/2018,DEC,IL,AGL,CE,Federal Contract Tower,0,17,3,2,22,0,2,32,31,65,0,19,35,33,87,32,82,114,201
03/09/2018,DEC,IL,AGL,CE,Federal Contract Tower,1,16,3,1,21,0,0,40,15,55,1,16,43,16,76,50,42,92,168
03/10/2018,DEC,IL,AGL,CE,Federal Contract Tower,1,9,1,1,12,0,0,22,22,44,1,9,23,23,56,62,28,90,146
03/11/2018,DEC,IL,AGL,CE,Federal Contract Tower,0,8,2,0,10,0,0,19,32,51,0,8,21,32,61,10,56,66,127
03/12/2018,DEC,IL,AGL,CE,Federal Contract Tower,0,9,4,0,13,0,3,21,13,37,0,12,25,13,50,42,38,80,130
03/13/2018,DEC,IL,AGL,CE,Federal Contract Tower,0,12,2,7,21,0,1,18,18,37,0,13,20,25,58,34,54,88,146
03/14/2018,DEC,IL,AGL,CE,Federal Contract Tower,0,14,5,2,21,0,0,24,9,33,0,14,29,11,54,54,27,81,135
03/15/2018,DEC,IL,AGL,CE,Federal Contract Tower,0,12,6,0,18,0,0,27,27,54,0,12,33,27,72,42,35,77,149
03/16/2018,DEC,IL,AGL,CE,Federal Contract Tower,0,16,2,10,28,0,0,19,12,31,0,16,21,22,59,35,26,61,120
03/17/2018,DEC,IL,AGL,CE,Federal Contract Tower,0,11,5,0,16,0,0,11,0,11,0,11,16,0,27,9,0,9,36
03/18/2018,DEC,IL,AGL,CE,Federal Contract Tower,0,6,3,0,9,0,0,36,0,36,0,6,39,0,45,97,0,97,142
03/19/2018,DEC,IL,AGL,CE,Federal Contract Tower,0,10,2,5,17,0,0,25,10,35,0,10,27,15,52,44,27,71,123
03/20/2018,DEC,IL,AGL,CE,Federal Contract Tower,0,21,7,1,29,0,0,15,17,32,0,21,22,18,61,36,38,74,135
03/21/2018,DEC,IL,AGL,CE,Federal Contract Tower,0,14,6,1,21,0,0,30,11,41,0,14,36,12,62,34,30,64,126
03/22/2018,DEC,IL,AGL,CE,Federal Contract Tower,0,17,17,6,40,0,0,26,21,47,0,17,43,27,87,44,47,91,178
03/23/2018,DEC,IL,AGL,CE,Federal Contract Tower,0,11,3,3,17,0,3,22,6,31,0,14,25,9,48,36,24,60,108
03/24/2018,DEC,IL,AGL,CE,Federal Contract Tower,0,10,2,0,12,0,0,0,0,0,0,10,2,0,12,0,0,0,12
03/25/2018,DEC,IL,AGL,CE,Federal Contract Tower,0,12,3,0,15,0,0,20,0,20,0,12,23,0,35,51,0,51,86
03/26/2018,DEC,IL,AGL,CE,Federal Contract Tower,0,10,4,2,16,0,0,18,8,26,0,10,22,10,42,32,22,54,96
03/27/2018,DEC,IL,AGL,CE,Federal Contract Tower,0,17,6,1,24,0,0,0,16,16,0,17,6,17,40,0,53,53,93
03/28/2018,DEC,IL,AGL,CE,Federal Contract Tower,0,15,14,6,35,0,0,7,0,7,0,15,21,6,42,14,0,14,56
03/29/2018,DEC,IL,AGL,CE,Federal Contract Tower,0,14,9,5,28,0,0,9,18,27,0,14,18,23,55,18,86,104,159
03/30/2018,DEC,IL,AGL,CE,Federal Contract Tower,0,13,3,2,18,0,1,26,10,37,0,14,29,12,55,58,20,78,133
03/31/2018,DEC,IL,AGL,CE,Federal Contract Tower,0,11,0,0,11,0,0,20,0,20,0,11,20,0,31,38,0,38,69
04/01/2018,DEC,IL,AGL,CE,Federal Contract Tower,0,8,1,0,9,0,1,4,0,5,0,9,5,0,14,7,0,7,21
04/02/2018,DEC,IL,AGL,CE,Federal Contract Tower,0,12,5,1,18,0,0,20,13,33,0,12,25,14,51,26,60,86,137
04/03/2018,DEC,IL,AGL,CE,Federal Contract Tower,0,17,2,11,30,0,0,9,7,16,0,17,11,18,46,6,22,28,74
04/04/2018,DEC,IL,AGL,CE,Federal Contract Tower,0,13,2,4,19,0,0,23,16,39,0,13,25,20,58,30,56,86,144
04/05/2018,DEC,IL,AGL,CE,Federal Contract Tower,0,16,9,4,29,0,0,25,24,49,0,16,34,28,78,44,50,94,172
04/06/2018,DEC,IL,AGL,CE,Federal Contract Tower,0,10,12,1,23,0,2,21,8,31,0,12,33,9,54,34,27,61,115
04/07/2018,DEC,IL,AGL,CE,Federal Contract Tower,0,8,5,2,15,0,1,35,0,36,0,9,40,2,51,89,0,89,140
04/08/2018,DEC,IL,AGL,CE,Federal Contract Tower,0,6,10,2,18,0,0,25,0,25,0,6,35,2,43,66,0,66,109
04/09/2018,DEC,IL,AGL,CE,Federal Contract Tower,0,12,9,1,22,0,0,18,10,28,0,12,27,11,50,32,38,70,120
04/10/2018,DEC,IL,AGL,CE,Federal Contract Tower,0,14,10,4,28,0,0,41,18,59,0,14,51,22,87,72,65,137,224
04/11/2018,DEC,IL,AGL,CE,Federal Contract Tower,0,13,10,4,27,0,1,22,9,32,0,14,32,13,59,36,27,63,122
04/12/2018,DEC,IL,AGL,CE,Federal Contract Tower,0,14,6,2,22,0,0,24,22,46,0,14,30,24,68,36,34,70,138
04/13/2018,DEC,IL,AGL,CE,Federal Contract Tower,0,13,3,2,18,0,0,12,5,17,0,13,15,7,35,12,8,20,55
04/14/2018,DEC,IL,AGL,CE,Federal Contract Tower,0,8,0,0,8,0,0,10,30,40,0,8,10,30,48,21,52,73,121
04/15/2018,DEC,IL,AGL,CE,Federal Contract Tower,0,6,4,1,11,0,0,13,18,31,0,6,17,19,42,21,28,49,91
04/16/2018,DEC,IL,AGL,CE,Federal Contract Tower,0,12,2,0,14,0,0,23,10,33,0,12,25,10,47,32,28,60,107
04/17/2018,DEC,IL,AGL,CE,Federal Contract Tower,0,13,4,2,19,0,0,34,18,52,0,13,38,20,71,88,58,146,217
04/18/2018,DEC,IL,AGL,CE,Federal Contract Tower,0,13,7,2,22,0,1,17,7,25,0,14,24,9,47,30,46,76,123
04/19/2018,DEC,IL,AGL,CE,Federal Contract Tower,0,19,3,3,25,0,0,33,27,60,0,19,36,30,85,42,67,109,194
04/20/2018,DEC,IL,AGL,CE,Federal Contract Tower,0,15,4,0,19,0,0,36,1,37,0,15,40,1,56,66,0,66,122
04/21/2018,DEC,IL,AGL,CE,Federal Contract Tower,0,9,0,0,9,0,0,22,0,22,0,9,22,0,31,29,0,29,60
04/22/2018,DEC,IL,AGL,CE,Federal Contract Tower,0,8,13,0,21,0,0,24,0,24,0,8,37,0,45,55,0,55,100
04/23/2018,DEC,IL,AGL,CE,Federal Contract Tower,0,18,12,2,32,0,0,15,10,25,0,18,27,12,57,30,26,56,113
04/24/2018,DEC,IL,AGL,CE,Federal Contract Tower,0,13,4,3,20,0,0,26,22,48,0,13,30,25,68,38,44,82,150
04/25/2018,DEC,IL,AGL,CE,Federal Contract Tower,0,13,6,2,21,0,0,32,11,43,0,13,38,13,64,74,24,98,162
04/26/2018,DEC,IL,AGL,CE,Federal Contract Tower,0,15,4,0,19,0,0,21,15,36,0,15,25,15,55,42,38,80,135
04/27/2018,DEC,IL,AGL,CE,Federal Contract Tower,0,15,8,2,25,0,0,20,15,35,0,15,28,17,60,34,34,68,128
04/28/2018,DEC,IL,AGL,CE,Federal Contract Tower,0,7,6,0,13,0,0,19,0,19,0,7,25,0,32,38,0,38,70
04/29/2018,DEC,IL,AGL,CE,Federal Contract Tower,0,4,4,2,10,0,2,52,0,54,0,6,56,2,64,80,0,80,144
04/30/2018,DEC,IL,AGL,CE,Federal Contract Tower,0,16,3,2,21,0,2,27,3,32,0,18,30,5,53,55,10,65,118
05/01/2018,DEC,IL,AGL,CE,Federal Contract Tower,0,28,18,2,48,0,8,23,23,54,0,36,41,25,102,44,22,66,168
05/02/2018,DEC,IL,AGL,CE,Federal Contract Tower,0,13,3,2,18,0,0,19,6,25,0,13,22,8,43,24,8,32,75
05/03/2018,DEC,IL,AGL,CE,Federal Contract Tower,0,18,9,3,30,0,0,9,7,16,0,18,18,10,46,22,12,34,80
05/04/2018,DEC,IL,AGL,CE,Federal Contract Tower,0,16,7,2,25,0,0,33,2,35,0,16,40,4,60,46,16,62,122
05/05/2018,DEC,IL,AGL,CE,Federal Contract Tower,0,9,5,0,14,0,0,34,8,42,0,9,39,8,56,62,10,72,128
05/06/2018,DEC,IL,AGL,CE,Federal Contract Tower,0,9,1,2,12,0,0,27,14,41,0,9,28,16,53,36,24,60,113
05/07/2018,DEC,IL,AGL,CE,Federal Contract Tower,0,16,3,1,20,0,0,38,7,45,0,16,41,8,65,41,14,55,120
05/08/2018,DEC,IL,AGL,CE,Federal Contract Tower,0,12,8,2,22,0,1,22,28,51,0,13,30,30,73,29,50,79,152
05/09/2018,DEC,IL,AGL,CE,Federal Contract Tower,0,14,2,2,18,0,0,15,13,28,0,14,17,15,46,26,27,53,99
05/10/2018,DEC,IL,AGL,CE,Federal Contract Tower,0,13,12,0,25,0,1,39,13,53,0,14,51,13,78,62,16,78,156
05/11/2018,DEC,IL,AGL,CE,Federal Contract Tower,0,14,3,2,19,0,3,30,2,35,0,17,33,4,54,74,0,74,128
05/12/2018,DEC,IL,AGL,CE,Federal Contract Tower,0,8,3,0,11,0,0,30,0,30,0,8,33,0,41,60,0,60,101
05/13/2018,DEC,IL,AGL,CE,Federal Contract Tower,0,5,11,0,16,0,0,21,8,29,0,5,32,8,45,42,30,72,117
05/14/2018,DEC,IL,AGL,CE,Federal Contract Tower,0,9,3,2,14,0,0,26,10,36,0,9,29,12,50,48,22,70,120
05/15/2018,DEC,IL,AGL,CE,Federal Contract Tower,0,14,2,2,18,0,1,28,18,47,0,15,30,20,65,40,25,65,130
05/16/2018,DEC,IL,AGL,CE,Federal Contract Tower,0,13,8,3,24,0,1,31,6,38,0,14,39,9,62,37,16,53,115
05/17/2018,DEC,IL,AGL,CE,Federal Contract Tower,0,9,12,0,21,0,0,28,12,40,0,9,40,12,61,39,11,50,111
05/18/2018,DEC,IL,AGL,CE,Federal Contract Tower,0,13,12,4,29,0,0,29,29,58,0,13,41,33,87,38,68,106,193
05/19/2018,DEC,IL,AGL,CE,Federal Contract Tower,0,7,3,1,11,0,0,23,17,40,0,7,26,18,51,47,58,105,156
05/20/2018,DEC,IL,AGL,CE,Federal Contract Tower,0,8,5,2,15,0,0,29,9,38,0,8,34,11,53,38,10,48,101
05/21/2018,DEC,IL,AGL,CE,Federal Contract Tower,0,10,11,2,23,0,0,34,0,34,0,10,45,2,57,40,0,40,97
05/22/2018,DEC,IL,AGL,CE,Federal Contract Tower,0,13,8,4,25,0,0,25,8,33,0,13,33,12,58,45,22,67,125
05/23/2018,DEC,IL,AGL,CE,Federal Contract Tower,0,14,8,2,24,0,0,34,3,37,0,14,42,5,61,76,6,82,143
05/24/2018,DEC,IL,AGL,CE,Federal Contract Tower,0,12,6,2,20,0,0,23,7,30,0,12,29,9,50,23,0,23,73
05/25/2018,DEC,IL,AGL,CE,Federal Contract Tower,0,15,15,0,30,0,0,22,4,26,0,15,37,4,56,41,8,49,105
05/26/2018,DEC,IL,AGL,CE,Federal Contract Tower,0,10,3,0,13,0,0,28,5,33,0,10,31,5,46,62,28,90,136
05/27/2018,DEC,IL,AGL,CE,Federal Contract Tower,0,6,7,0,13,0,0,27,0,27,0,6,34,0,40,58,0,58,98
05/28/2018,DEC,IL,AGL,CE,Federal Contract Tower,0,14,1,0,15,0,0,28,0,28,0,14,29,0,43,45,0,45,88
05/29/2018,DEC,IL,AGL,CE,Federal Contract Tower,0,13,3,0,16,0,0,21,12,33,0,13,24,12,49,38,60,98,147
05/30/2018,DEC,IL,AGL,CE,Federal Contract Tower,0,11,3,0,14,0,0,25,8,33,0,11,28,8,47,55,13,68,115
06/01/2018,DEC,IL,AGL,CE,Federal Contract Tower,0,14,2,0,16,0,0,27,4,31,0,14,29,4,47,76,4,80,127
06/02/2018,DEC,IL,AGL,CE,Federal Contract Tower,0,8,1,2,11,0,0,71,10,81,0,8,72,12,92,104,16,120,212
06/03/2018,DEC,IL,AGL,CE,Federal Contract Tower,0,6,4,0,10,0,0,22,0,22,0,6,26,0,32,60,0,60,92
06/04/2018,DEC,IL,AGL,CE,Federal Contract Tower,0,13,6,2,21,0,0,32,7,39,0,13,38,9,60,47,16,63,123
06/05/2018,DEC,IL,AGL,CE,Federal Contract Tower,0,16,7,1,24,0,0,33,23,56,0,16,40,24,80,32,49,81,161
06/06/2018,DEC,IL,AGL,CE,Federal Contract Tower,0,14,9,2,25,0,0,21,13,34,0,14,30,15,59,32,26,58,117
06/07/2018,DEC,IL,AGL,CE,Federal Contract Tower,0,13,7,4,24,0,0,20,2,22,0,13,27,6,46,48,0,48,94
06/08/2018,DEC,IL,AGL,CE,Federal Contract Tower,0,11,2,10,23,0,0,32,2,34,0,11,34,12,57,32,8,40,97
06/09/2018,DEC,IL,AGL,CE,Federal Contract Tower,0,8,0,0,8,0,0,23,12,35,0,8,23,12,43,30,12,42,85
06/10/2018,DEC,IL,AGL,CE,Federal Contract Tower,0,4,6,0,10,0,0,21,0,21,0,4,27,0,31,48,0,48,79
06/11/2018,DEC,IL,AGL,CE,Federal Contract Tower,0,12,6,2,20,0,0,17,0,17,0,12,23,2,37,37,0,37,74
06/12/2018,DEC,IL,AGL,CE,Federal Contract Tower,0,14,7,2,23,0,0,24,3,27,0,14,31,5,50,45,8,53,103
06/13/2018,DEC,IL,AGL,CE,Federal Contract Tower,0,17,7,3,27,0,0,32,4,36,0,17,39,7,63,56,14,70,133
06/14/2018,DEC,IL,AGL,CE,Federal Contract Tower,0,11,12,0,23,0,0,28,3,31,0,11,40,3,54,43,13,56,110
06/15/2018,DEC,IL,AGL,CE,Federal Contract Tower,0,14,10,0,24,0,0,33,2,35,0,14,43,2,59,89,0,89,148
06/16/2018,DEC,IL,AGL,CE,Federal Contract Tower,0,8,9,0,17,0,0,27,9,36,0,8,36,9,53,58,16,74,127
06/17/2018,DEC,IL,AGL,CE,Federal Contract Tower,0,7,1,0,8,0,0,36,6,42,0,7,37,6,50,74,0,74,124
06/18/2018,DEC,IL,AGL,CE,Federal Contract Tower,0,12,7,2,21,0,0,28,9,37,0,12,35,11,58,43,14,57,115
06/19/2018,DEC,IL,AGL,CE,Federal Contract Tower,0,10,8,2,20,0,0,28,5,33,0,10,36,7,53,46,6,52,105
06/20/2018,DEC,IL,AGL,CE,Federal Contract Tower,0,14,19,2,35,0,0,21,8,29,0,14,40,10,64,18,7,25,89
06/21/2018,DEC,IL,AGL,CE,Federal Contract Tower,0,11,16,2,29,0,0,6,3,9,0,11,22,5,38,6,16,22,60
06/22/2018,DEC,IL,AGL,CE,Federal Contract Tower,0,17,8,0,25,0,0,20,0,20,0,17,28,0,45,22,0,22,67
06/23/2018,DEC,IL,AGL,CE,Federal Contract Tower,0,10,14,0,24,0,0,31,0,31,0,10,45,0,55,62,0,62,117
06/24/2018,DEC,IL,AGL,CE,Federal Contract Tower,0,8,9,0,17,0,0,37,0,37,0,8,46,0,54,62,0,62,116
06/25/2018,DEC,IL,AGL,CE,Federal Contract Tower,0,14,9,2,25,0,0,25,2,27,0,14,34,4,52,46,6,52,104
06/26/2018,DEC,IL,AGL,CE,Federal Contract Tower,0,11,5,0,16,0,0,26,6,32,0,11,31,6,48,34,10,44,92
06/27/2018,DEC,IL,AGL,CE,Federal Contract Tower,0,14,24,5,43,0,0,24,13,37,0,14,48,18,80,64,20,84,164
06/28/2018,DEC,IL,AGL,CE,Federal Contract Tower,0,14,9,0,23,0,0,23,6,29,0,14,32,6,52,50,32,82,134
06/29/2018,DEC,IL,AGL,CE,Federal Contract Tower,0,13,7,4,24,0,0,29,2,31,0,13,36,6,55,45,0,45,100
06/30/2018,DEC,IL,AGL,CE,Federal Contract Tower,0,7,6,0,13,0,0,32,0,32,0,7,38,0,45,69,0,69,114
07/01/2018,DEC,IL,AGL,CE,Federal Contract Tower,0,6,1,0,7,0,0,25,0,25,0,6,26,0,32,64,0,64,96
07/02/2018,DEC,IL,AGL,CE,Federal Contract Tower,0,12,2,5,19,0,0,26,7,33,0,12,28,12,52,49,21,70,122
07/03/2018,DEC,IL,AGL,CE,Federal Contract Tower,0,14,5,0,19,0,0,26,7,33,0,14,31,7,52,45,14,59,111
07/04/2018,DEC,IL,AGL,CE,Federal Contract Tower,0,9,2,0,11,0,0,10,2,12,0,9,12,2,23,25,0,25,48
07/05/2018,DEC,IL,AGL,CE,Federal Contract Tower,0,10,4,2,16,0,0,15,11,26,0,10,19,13,42,26,8,34,76
07/06/2018,DEC,IL,AGL,CE,Federal Contract Tower,0,15,7,0,22,0,0,31,3,34,0,15,38,3,56,32,0,32,88
07/07/2018,DEC,IL,AGL,CE,Federal Contract Tower,0,12,3,0,15,0,1,29,6,36,0,13,32,6,51,68,16,84,135
07/08/2018,DEC,IL,AGL,CE,Federal Contract Tower,0,9,3,3,15,0,0,30,10,40,0,9,33,13,55,40,20,60,115
07/09/2018,DEC,IL,AGL,CE,Federal Contract Tower,0,15,11,4,30,0,0,24,6,30,0,15,35,10,60,56,14,70,130
07/10/2018,DEC,IL,AGL,CE,Federal Contract Tower,0,14,6,2,22,0,0,22,19,41,0,14,28,21,63,33,61,94,157
07/11/2018,DEC,IL,AGL,CE,Federal Contract Tower,0,18,5,0,23,0,0,22,7,29,0,18,27,7,52,36,4,40,92
07/12/2018,DEC,IL,AGL,CE,Federal Contract Tower,0,13,4,3,20,0,1,19,8,28,0,14,23,11,48,25,0,25,73
07/14/2018,DEC,IL,AGL,CE,Federal Contract Tower,0,9,3,0,12,0,0,23,0,23,0,9,26,0,35,60,0,60,95
07/15/2018,DEC,IL,AGL,CE,Federal Contract Tower,0,7,5,0,12,0,2,22,0,24,0,9,27,0,36,68,0,68,104
07/16/2018,DEC,IL,AGL,CE,Federal Contract Tower,0,2,12,13,27,0,0,27,4,31,0,2,39,17,58,49,8,57,115
07/17/2018,DEC,IL,AGL,CE,Federal Contract Tower,0,13,19,2,34,0,0,33,18,51,0,13,52,20,85,56,23,79,164
07/18/2018,DEC,IL,AGL,CE,Federal Contract Tower,0,14,8,1,23,0,0,34,6,40,0,14,42,7,63,42,8,50,113
07/19/2018,DEC,IL,AGL,CE,Federal Contract Tower,0,13,12,1,26,0,0,16,15,31,0,13,28,16,57,20,20,40,97
07/20/2018,DEC,IL,AGL,CE,Federal Contract Tower,0,15,7,1,23,0,0,18,5,23,0,15,25,6,46,22,0,22,68
07/21/2018,DEC,IL,AGL,CE,Federal Contract Tower,0,10,6,2,18,0,0,29,0,29,0,10,35,2,47,50,0,50,97
07/22/2018,DEC,IL,AGL,CE,Federal Contract Tower,0,8,3,0,11,0,0,23,6,29,0,8,26,6,40,46,6,52,92
07/23/2018,DEC,IL,AGL,CE,Federal Contract Tower,0,14,3,2,19,0,0,36,9,45,0,14,39,11,64,37,23,60,124
07/24/2018,DEC,IL,AGL,CE,Federal Contract Tower,0,13,12,3,28,0,0,30,20,50,0,13,42,23,78,50,31,81,159
07/25/2018,DEC,IL,AGL,CE,Federal Contract Tower,0,13,10,2,25,0,0,26,13,39,0,13,36,15,64,26,15,41,105
07/26/2018,DEC,IL,AGL,CE,Federal Contract Tower,0,13,8,0,21,0,0,34,16,50,0,13,42,16,71,72,27,99,170
07/27/2018,DEC,IL,AGL,CE,Federal Contract Tower,0,13,15,1,29,0,0,28,5,33,0,13,43,6,62,50,0,50,112
07/28/2018,DEC,IL,AGL,CE,Federal Contract Tower,0,8,4,0,12,0,0,29,0,29,0,8,33,0,41,57,0,57,98
07/29/2018,DEC,IL,AGL,CE,Federal Contract Tower,0,8,4,2,14,0,0,20,0,20,0,8,24,2,34,47,0,47,81
07/30/2018,DEC,IL,AGL,CE,Federal Contract Tower,0,12,10,0,22,0,0,15,0,15,0,12,25,0,37,19,0,19,56
07/31/2018,DEC,IL,AGL,CE,Federal Contract Tower,0,15,6,2,23,0,0,19,22,41,0,15,25,24,64,19,53,72,136
08/01/2018,DEC,IL,AGL,CE,Federal Contract Tower,0,14,7,3,24,0,0,38,29,67,0,14,45,32,91,32,47,79,170
08/02/2018,DEC,IL,AGL,CE,Federal Contract Tower,0,13,11,4,28,0,0,33,26,59,0,13,44,30,87,120,4,124,211
08/03/2018,DEC,IL,AGL,CE,Federal Contract Tower,0,13,8,4,25,0,0,21,7,28,0,13,29,11,53,44,33,77,130
08/04/2018,DEC,IL,AGL,CE,Federal Contract Tower,0,7,6,1,14,0,0,24,4,28,0,7,30,5,42,56,10,66,108
08/05/2018,DEC,IL,AGL,CE,Federal Contract Tower,0,5,4,0,9,0,0,25,0,25,0,5,29,0,34,45,0,45,79
08/06/2018,DEC,IL,AGL,CE,Federal Contract Tower,0,14,7,9,30,0,0,21,7,28,0,14,28,16,58,32,34,66,124
08/07/2018,DEC,IL,AGL,CE,Federal Contract Tower,0,12,3,6,21,0,0,15,19,34,0,12,18,25,55,35,44,79,134
08/08/2018,DEC,IL,AGL,CE,Federal Contract Tower,0,14,3,4,21,0,0,21,7,28,0,14,24,11,49,44,16,60,109
08/09/2018,DEC,IL,AGL,CE,Federal Contract Tower,0,12,11,0,23,0,0,31,16,47,0,12,42,16,70,42,31,73,143
08/10/2018,DEC,IL,AGL,CE,Federal Contract Tower,0,13,0,1,14,0,0,21,15,36,0,13,21,16,50,42,32,74,124
08/11/2018,DEC,IL,AGL,CE,Federal Contract Tower,0,9,1,0,10,0,0,33,4,37,0,9,34,4,47,57,4,61,108
08/12/2018,DEC,IL,AGL,CE,Federal Contract Tower,0,5,10,2,17,0,0,23,2,25,0,5,33,4,42,45,6,51,93
08/13/2018,DEC,IL,AGL,CE,Federal Contract Tower,0,14,15,4,33,0,0,26,2,28,0,14,41,6,61,48,8,56,117
08/14/2018,DEC,IL,AGL,CE,Federal Contract Tower,0,14,5,0,19,0,0,20,14,34,0,14,25,14,53,32,16,48,101
08/15/2018,DEC,IL,AGL,CE,Federal Contract Tower,0,10,6,0,16,0,0,14,4,18,0,10,20,4,34,0,12,12,46
08/18/2018,DEC,IL,AGL,CE,Federal Contract Tower,0,10,7,0,17,0,0,25,6,31,0,10,32,6,48,124,0,124,172
08/19/2018,DEC,IL,AGL,CE,Federal Contract Tower,0,8,8,1,17,0,0,31,4,35,0,8,39,5,52,52,12,64,116
08/20/2018,DEC,IL,AGL,CE,Federal Contract Tower,0,10,0,2,12,0,0,17,6,23,0,10,17,8,35,50,18,68,103
08/21/2018,DEC,IL,AGL,CE,Federal Contract Tower,0,13,1,6,20,0,0,7,10,17,0,13,8,16,37,10,22,32,69
08/22/2018,DEC,IL,AGL,CE,Federal Contract Tower,0,14,7,3,24,0,0,31,7,38,0,14,38,10,62,48,8,56,118
08/23/2018,DEC,IL,AGL,CE,Federal Contract Tower,0,12,6,0,18,0,0,29,12,41,0,12,35,12,59,51,36,87,146
08/24/2018,DEC,IL,AGL,CE,Federal Contract Tower,0,12,2,2,16,0,0,11,8,19,0,12,13,10,35,28,18,46,81
08/25/2018,DEC,IL,AGL,CE,Federal Contract Tower,0,7,2,0,9,0,0,30,0,30,0,7,32,0,39,57,0,57,96
08/26/2018,DEC,IL,AGL,CE,Federal Contract Tower,0,6,6,0,12,0,0,30,4,34,0,6,36,4,46,53,8,61,107
08/27/2018,DEC,IL,AGL,CE,Federal Contract Tower,0,12,4,0,16,0,0,20,4,24,0,12,24,4,40,33,10,43,83
08/28/2018,DEC,IL,AGL,CE,Federal Contract Tower,0,13,4,3,20,0,0,25,22,47,0,13,29,25,67,46,52,98,165
08/29/2018,DEC,IL,AGL,CE,Federal Contract Tower,0,12,11,2,25,0,0,25,5,30,0,12,36,7,55,34,10,44,99
08/30/2018,DEC,IL,AGL,CE,Federal Contract Tower,0,13,9,4,26,0,0,23,17,40,0,13,32,21,66,40,36,76,142
08/31/2018,DEC,IL,AGL,CE,Federal Contract Tower,0,13,8,0,21,0,0,39,10,49,0,13,47,10,70,107,8,115,185
09/01/2018,DEC,IL,AGL,CE,Federal Contract Tower,0,8,2,0,10,0,0,29,0,29,0,8,31,0,39,49,0,49,88
09/02/2018,DEC,IL,AGL,CE,Federal Contract Tower,0,8,4,0,12,0,0,33,0,33,0,8,37,0,45,48,0,48,93
09/03/2018,DEC,IL,AGL,CE,Federal Contract Tower,0,10,3,0,13,0,0,24,0,24,0,10,27,0,37,54,0,54,91
09/04/2018,DEC,IL,AGL,CE,Federal Contract Tower,0,16,8,0,24,0,0,30,7,37,0,16,38,7,61,50,10,60,121
09/05/2018,DEC,IL,AGL,CE,Federal Contract Tower,0,12,9,0,21,0,0,30,12,42,0,12,39,12,63,64,10,74,137
09/06/2018,DEC,IL,AGL,CE,Federal Contract Tower,0,12,9,2,23,0,0,24,24,48,0,12,33,26,71,59,58,117,188
09/07/2018,DEC,IL,AGL,CE,Federal Contract Tower,0,18,6,2,26,0,0,5,0,5,0,18,11,2,31,32,0,32,63
09/08/2018,DEC,IL,AGL,CE,Federal Contract Tower,0,7,5,0,12,0,0,9,0,9,0,7,14,0,21,16,0,16,37
09/09/2018,DEC,IL,AGL,CE,Federal Contract Tower,0,8,3,2,13,0,0,22,7,29,0,8,25,9,42,44,18,62,104
09/10/2018,DEC,IL,AGL,CE,Federal Contract Tower,0,12,10,0,22,0,0,36,4,40,0,12,46,4,62,83,6,89,151
09/11/2018,DEC,IL,AGL,CE,Federal Contract Tower,0,17,11,4,32,0,0,39,18,57,0,17,50,22,89,49,73,122,211
09/12/2018,DEC,IL,AGL,CE,Federal Contract Tower,0,13,3,3,19,0,33,60,0,93,0,46,63,3,112,94,25,119,231
09/13/2018,DEC,IL,AGL,CE,Federal Contract Tower,0,11,6,0,17,0,0,45,24,69,0,11,51,24,86,65,38,103,189
09/14/2018,DEC,IL,AGL,CE,Federal Contract Tower,0,15,15,0,30,0,0,43,3,46,0,15,58,3,76,99,6,105,181
09/15/2018,DEC,IL,AGL,CE,Federal Contract Tower,0,7,7,0,14,0,0,21,15,36,0,7,28,15,50,54,28,82,132
09/16/2018,DEC,IL,AGL,CE,Federal Contract Tower,0,7,12,0,19,0,0,26,6,32,0,7,38,6,51,39,16,55,106
09/17/2018,DEC,IL,AGL,CE,Federal Contract Tower,0,14,14,0,28,0,0,23,0,23,0,14,37,0,51,44,0,44,95
09/18/2018,DEC,IL,AGL,CE,Federal Contract Tower,0,13,9,0,22,0,0,20,4,24,0,13,29,4,46,37,18,55,101
09/19/2018,DEC,IL,AGL,CE,Federal Contract Tower,0,13,2,0,15,0,0,23,7,30,0,13,25,7,45,35,14,49,94
09/20/2018,DEC,IL,AGL,CE,Federal Contract Tower,0,14,5,0,19,0,8,23,10,41,0,22,28,10,60,46,53,99,159
09/21/2018,DEC,IL,AGL,CE,Federal Contract Tower,0,20,3,0,23,0,0,22,8,30,0,20,25,8,53,46,28,74,127
09/22/2018,DEC,IL,AGL,CE,Federal Contract Tower,0,7,9,0,16,0,0,27,8,35,0,7,36,8,51,45,22,67,118
09/23/2018,DEC,IL,AGL,CE,Federal Contract Tower,0,6,8,0,14,0,0,32,0,32,0,6,40,0,46,50,0,50,96
09/24/2018,DEC,IL,AGL,CE,Federal Contract Tower,0,12,7,0,19,0,0,14,0,14,0,12,21,0,33,21,0,21,54
09/25/2018,DEC,IL,AGL,CE,Federal Contract Tower,0,17,9,3,29,0,0,12,8,20,0,17,21,11,49,18,21,39,88
09/26/2018,DEC,IL,AGL,CE,Federal Contract Tower,0,17,7,3,27,0,0,26,17,43,0,17,33,20,70,62,36,98,168
09/27/2018,DEC,IL,AGL,CE,Federal Contract Tower,0,13,12,0,25,0,0,28,17,45,0,13,40,17,70,100,16,116,186
09/28/2018,DEC,IL,AGL,CE,Federal Contract Tower,0,15,6,2,23,0,0,25,12,37,0,15,31,14,60,32,46,78,138
09/29/2018,DEC,IL,AGL,CE,Federal Contract Tower,0,12,5,0,17,0,0,25,0,25,0,12,30,0,42,70,0,70,112
09/30/2018,DEC,IL,AGL,CE,Federal Contract Tower,0,6,2,0,8,0,0,33,1,34,0,6,35,1,42,72,0,72,114
10/01/2018,DEC,IL,AGL,CE,Federal Contract Tower,0,16,8,2,26,0,0,26,10,36,0,16,34,12,62,66,18,84,146
10/02/2018,DEC,IL,AGL,CE,Federal Contract Tower,0,16,10,4,30,0,31,12,0,43,0,47,22,4,73,56,26,82,155
10/03/2018,DEC,IL,AGL,CE,Federal Contract Tower,0,15,7,0,22,0,0,21,7,28,0,15,28,7,50,49,12,61,111
10/04/2018,DEC,IL,AGL,CE,Federal Contract Tower,0,15,10,2,27,0,0,23,8,31,0,15,33,10,58,42,8,50,108
10/05/2018,DEC,IL,AGL,CE,Federal Contract Tower,0,15,0,0,15,0,0,22,6,28,0,15,22,6,43,42,18,60,103
10/06/2018,DEC,IL,AGL,CE,Federal Contract Tower,0,9,4,0,13,0,0,17,8,25,0,9,21,8,38,35,16,51,89
10/07/2018,DEC,IL,AGL,CE,Federal Contract Tower,0,12,1,0,13,0,0,20,3,23,0,12,21,3,36,38,14,52,88
10/08/2018,DEC,IL,AGL,CE,Federal Contract Tower,0,16,6,0,22,0,0,26,0,26,0,16,32,0,48,33,0,33,81
10/09/2018,DEC,IL,AGL,CE,Federal Contract Tower,2,17,4,2,25,0,0,20,12,32,2,17,24,14,57,42,16,58,115
10/10/2018,DEC,IL,AGL,CE,Federal Contract Tower,0,13,5,2,20,0,0,19,8,27,0,13,24,10,47,35,28,63,110
10/11/2018,DEC,IL,AGL,CE,Federal Contract Tower,0,14,7,6,27,0,0,22,20,42,0,14,29,26,69,48,39,87,156
10/12/2018,DEC,IL,AGL,CE,Federal Contract Tower,0,13,4,2,19,0,0,14,4,18,0,13,18,6,37,32,0,32,69
10/13/2018,DEC,IL,AGL,CE,Federal Contract Tower,0,8,2,2,12,0,0,21,13,34,0,8,23,15,46,61,20,81,127
10/14/2018,DEC,IL,AGL,CE,Federal Contract Tower,0,6,5,0,11,0,0,21,0,21,0,6,26,0,32,72,0,72,104
10/15/2018,DEC,IL,AGL,CE,Federal Contract Tower,0,12,1,4,17,0,0,20,6,26,0,12,21,10,43,46,22,68,111
10/16/2018,DEC,IL,AGL,CE,Federal Contract Tower,0,14,13,5,32,0,0,26,15,41,0,14,39,20,73,54,28,82,155
10/17/2018,DEC,IL,AGL,CE,Federal Contract Tower,0,13,9,1,23,0,0,22,5,27,0,13,31,6,50,54,0,54,104
10/18/2018,DEC,IL,AGL,CE,Federal Contract Tower,0,15,8,3,26,0,0,30,9,39,0,15,38,12,65,52,22,74,139
10/19/2018,DEC,IL,AGL,CE,Federal Contract Tower,0,16,5,1,22,0,0,24,11,35,0,16,29,12,57,56,18,74,131
10/20/2018,DEC,IL,AGL,CE,Federal Contract Tower,0,10,2,0,12,0,0,19,8,27,0,10,21,8,39,39,8,47,86
10/21/2018,DEC,IL,AGL,CE,Federal Contract Tower,0,7,9,0,16,0,0,33,3,36,0,7,42,3,52,53,14,67,119
10/22/2018,DEC,IL,AGL,CE,Federal Contract Tower,0,16,1,2,19,0,0,32,1,33,0,16,33,3,52,50,0,50,102
10/23/2018,DEC,IL,AGL,CE,Federal Contract Tower,0,16,8,2,26,0,0,29,16,45,0,16,37,18,71,52,34,86,157
10/24/2018,DEC,IL,AGL,CE,Federal Contract Tower,0,15,11,1,27,0,0,22,15,37,0,15,33,16,64,27,42,69,133
10/25/2018,DEC,IL,AGL,CE,Federal Contract Tower,0,13,5,1,19,0,0,20,13,33,0,13,25,14,52,30,36,66,118
10/26/2018,DEC,IL,AGL,CE,Federal Contract Tower,0,13,7,2,22,0,0,20,8,28,0,13,27,10,50,50,20,70,120
10/27/2018,DEC,IL,AGL,CE,Federal Contract Tower,0,6,1,0,7,0,12,20,5,37,0,18,21,5,44,34,16,50,94
10/28/2018,DEC,IL,AGL,CE,Federal Contract Tower,0,9,2,0,11,0,0,16,0,16,0,9,18,0,27,22,0,22,49
10/29/2018,DEC,IL,AGL,CE,Federal Contract Tower,0,14,10,0,24,0,0,30,39,69,0,14,40,39,93,40,6,46,139
10/30/2018,DEC,IL,AGL,CE,Federal Contract Tower,0,13,5,1,19,0,0,27,24,51,0,13,32,25,70,32,86,118,188
10/31/2018,DEC,IL,AGL,CE,Federal Contract Tower,0,13,5,2,20,0,0,13,4,17,0,13,18,6,37,48,26,74,111
11/01/2018,DEC,IL,AGL,CE,Federal Contract Tower,0,15,2,7,24,0,0,9,19,28,0,15,11,26,52,25,108,133,185
11/02/2018,DEC,IL,AGL,CE,Federal Contract Tower,0,17,18,4,39,0,0,27,14,41,0,17,45,18,80,46,29,75,155
11/03/2018,DEC,IL,AGL,CE,Federal Contract Tower,0,10,2,2,14,0,16,9,17,42,0,26,11,19,56,36,30,66,122
11/04/2018,DEC,IL,AGL,CE,Federal Contract Tower,0,8,1,2,11,0,0,8,0,8,0,8,9,2,19,19,0,19,38
11/05/2018,DEC,IL,AGL,CE,Federal Contract Tower,0,13,7,0,20,0,0,19,2,21,0,13,26,2,41,34,0,34,75
11/06/2018,DEC,IL,AGL,CE,Federal Contract Tower,0,14,7,1,22,0,1,20,30,51,0,15,27,31,73,31,46,77,150
11/07/2018,DEC,IL,AGL,CE,Federal Contract Tower,0,13,6,0,19,0,0,30,10,40,0,13,36,10,59,52,20,72,131
11/08/2018,DEC,IL,AGL,CE,Federal Contract Tower,0,12,6,0,18,0,0,19,10,29,0,12,25,10,47,55,54,109,156
11/09/2018,DEC,IL,AGL,CE,Federal Contract Tower,0,12,5,2,19,0,0,15,7,22,0,12,20,9,41,36,40,76,117
11/10/2018,DEC,IL,AGL,CE,Federal Contract Tower,0,10,6,0,16,0,14,28,0,42,0,24,34,0,58,52,0,52,110
11/11/2018,DEC,IL,AGL,CE,Federal Contract Tower,0,6,2,0,8,0,0,33,2,35,0,6,35,2,43,42,8,50,93
11/12/2018,DEC,IL,AGL,CE,Federal Contract Tower,0,10,8,0,18,0,0,20,0,20,0,10,28,0,38,28,0,28,66
11/13/2018,DEC,IL,AGL,CE,Federal Contract Tower,0,11,10,2,23,0,0,21,31,52,0,11,31,33,75,48,50,98,173
11/14/2018,DEC,IL,AGL,CE,Federal Contract Tower,0,17,13,2,32,0,0,23,17,40,0,17,36,19,72,56,30,86,158
11/15/2018,DEC,IL,AGL,CE,Federal Contract Tower,0,14,6,0,20,0,0,8,6,14,0,14,14,6,34,41,26,67,101
11/16/2018,DEC,IL,AGL,CE,Federal Contract Tower,0,20,9,5,34,0,0,10,0,10,0,20,19,5,44,35,0,35,79
11/17/2018,DEC,IL,AGL,CE,Federal Contract Tower,0,12,2,0,14,0,0,4,0,4,0,12,6,0,18,7,0,7,25
11/18/2018,DEC,IL,AGL,CE,Federal Contract Tower,0,9,3,3,15,0,0,5,0,5,0,9,8,3,20,12,0,12,32
11/19/2018,DEC,IL,AGL,CE,Federal Contract Tower,0,15,10,6,31,0,0,19,2,21,0,15,29,8,52,51,0,51,103
11/20/2018,DEC,IL,AGL,CE,Federal Contract Tower,0,16,4,0,20,0,0,33,24,57,0,16,37,24,77,41,44,85,162
11/21/2018,DEC,IL,AGL,CE,Federal Contract Tower,3,10,9,0,22,0,0,23,14,37,3,10,32,14,59,50,12,62,121
11/22/2018,DEC,IL,AGL,CE,Federal Contract Tower,0,12,5,0,17,0,0,21,0,21,0,12,26,0,38,36,0,36,74
11/23/2018,DEC,IL,AGL,CE,Federal Contract Tower,0,15,5,0,20,0,0,25,0,25,0,15,30,0,45,38,0,38,83
11/24/2018,DEC,IL,AGL,CE,Federal Contract Tower,0,10,6,0,16,0,0,27,0,27,0,10,33,0,43,36,0,36,79
11/25/2018,DEC,IL,AGL,CE,Federal Contract Tower,0,6,0,0,6,0,0,22,0,22,0,6,22,0,28,51,0,51,79
11/26/2018,DEC,IL,AGL,CE,Federal Contract Tower,0,8,2,2,12,0,0,15,4,19,0,8,17,6,31,29,20,49,80
11/27/2018,DEC,IL,AGL,CE,Federal Contract Tower,0,13,5,7,25,0,0,11,22,33,0,13,16,29,58,21,50,71,129
11/28/2018,DEC,IL,AGL,CE,Federal Contract Tower,0,13,5,2,20,0,0,24,5,29,0,13,29,7,49,62,26,88,137
11/29/2018,DEC,IL,AGL,CE,Federal Contract Tower,0,14,7,7,28,0,0,21,19,40,0,14,28,26,68,44,31,75,143
11/30/2018,DEC,IL,AGL,CE,Federal Contract Tower,0,16,6,8,30,1,0,21,7,29,1,16,27,15,59,33,18,51,110
12/01/2018,DEC,IL,AGL,CE,Federal Contract Tower,0,13,0,0,13,0,0,1,0,1,0,13,1,0,14,43,0,43,57
12/02/2018,DEC,IL,AGL,CE,Federal Contract Tower,0,4,3,2,9,0,0,17,0,17,0,4,20,2,26,43,0,43,69
12/03/2018,DEC,IL,AGL,CE,Federal Contract Tower,0,12,1,0,13,0,0,14,2,16,0,12,15,2,29,13,0,13,42
12/04/2018,DEC,IL,AGL,CE,Federal Contract Tower,0,6,6,0,12,0,0,16,21,37,0,6,22,21,49,16,66,82,131
12/05/2018,DEC,IL,AGL,CE,Federal Contract Tower,0,14,7,0,21,0,0,27,6,33,0,14,34,6,54,60,20,80,134
12/06/2018,DEC,IL,AGL,CE,Federal Contract Tower,0,15,7,0,22,0,0,20,10,30,0,15,27,10,52,30,38,68,120
12/07/2018,DEC,IL,AGL,CE,Federal Contract Tower,0,14,13,2,29,0,0,26,7,33,0,14,39,9,62,58,22,80,142
12/08/2018,DEC,IL,AGL,CE,Federal Contract Tower,0,10,0,0,10,0,0,21,2,23,0,10,21,2,33,37,0,37,70
12/09/2018,DEC,IL,AGL,CE,Federal Contract Tower,0,6,6,2,14,0,3,32,0,35,0,9,38,2,49,69,0,69,118
12/10/2018,DEC,IL,AGL,CE,Federal Contract Tower,0,11,3,0,14,0,0,14,6,20,0,11,17,6,34,31,0,31,65
12/11/2018,DEC,IL,AGL,CE,Federal Contract Tower,0,13,12,4,29,0,0,43,20,63,0,13,55,24,92,76,12,88,180
12/12/2018,DEC,IL,AGL,CE,Federal Contract Tower,0,16,11,1,28,0,0,24,8,32,0,16,35,9,60,74,36,110,170
12/13/2018,DEC,IL,AGL,CE,Federal Contract Tower,0,14,8,0,22,0,0,3,0,3,0,14,11,0,25,0,0,0,25
12/14/2018,DEC,IL,AGL,CE,Federal Contract Tower,0,16,9,0,25,0,0,0,0,0,0,16,9,0,25,0,0,0,25
12/15/2018,DEC,IL,AGL,CE,Federal Contract Tower,0,14,0,0,14,0,0,19,21,40,0,14,19,21,54,22,22,44,98
12/16/2018,DEC,IL,AGL,CE,Federal Contract Tower,0,6,3,0,9,0,0,35,0,35,0,6,38,0,44,52,0,52,96
12/17/2018,DEC,IL,AGL,CE,Federal Contract Tower,0,12,3,2,17,0,0,23,0,23,0,12,26,2,40,100,0,100,140
12/18/2018,DEC,IL,AGL,CE,Federal Contract Tower,0,14,6,4,24,0,0,36,24,60,0,14,42,28,84,50,50,100,184
12/19/2018,DEC,IL,AGL,CE,Federal Contract Tower,0,14,7,4,25,0,0,27,19,46,0,14,34,23,71,34,26,60,131
12/20/2018,DEC,IL,AGL,CE,Federal Contract Tower,0,14,12,2,28,0,0,8,0,8,0,14,20,2,36,0,0,0,36
12/21/2018,DEC,IL,AGL,CE,Federal Contract Tower,0,14,17,1,32,0,0,11,5,16,0,14,28,6,48,29,16,45,93
12/22/2018,DEC,IL,AGL,CE,Federal Contract Tower,0,18,2,0,20,0,0,22,0,22,0,18,24,0,42,55,0,55,97
12/23/2018,DEC,IL,AGL,CE,Federal Contract Tower,0,9,4,0,13,0,0,1,22,23,0,9,5,22,36,54,0,54,90
12/24/2018,DEC,IL,AGL,CE,Federal Contract Tower,0,13,0,0,13,0,0,18,0,18,0,13,18,0,31,41,0,41,72
12/25/2018,DEC,IL,AGL,CE,Federal Contract Tower,0,11,2,0,13,0,2,19,0,21,0,13,21,0,34,32,0,32,66
12/26/2018,DEC,IL,AGL,CE,Federal Contract Tower,0,18,3,2,23,0,2,17,9,28,0,20,20,11,51,56,22,78,129
12/27/2018,DEC,IL,AGL,CE,Federal Contract Tower,0,12,3,2,17,0,0,13,0,13,0,12,16,2,30,44,0,44,74
12/28/2018,DEC,IL,AGL,CE,Federal Contract Tower,0,12,1,1,14,0,0,21,4,25,0,12,22,5,39,52,18,70,109
12/29/2018,DEC,IL,AGL,CE,Federal Contract Tower,0,8,3,0,11,0,0,20,6,26,0,8,23,6,37,59,26,85,122
12/30/2018,DEC,IL,AGL,CE,Federal Contract Tower,0,8,3,0,11,0,0,22,0,22,0,8,25,0,33,33,0,33,66
12/31/2018,DEC,IL,AGL,CE,Federal Contract Tower,0,13,0,0,13,0,0,1,0,1,0,13,1,0,14,0,0,0,14
02/01/2019,DEC,IL,AGL,CE,Federal Contract Tower,0,11,0,4,15,0,0,18,8,26,0,11,18,12,41,41,38,79,120
02/02/2019,DEC,IL,AGL,CE,Federal Contract Tower,0,10,3,0,13,0,0,24,0,24,0,10,27,0,37,61,0,61,98
02/03/2019,DEC,IL,AGL,CE,Federal Contract Tower,0,6,1,0,7,0,0,23,0,23,0,6,24,0,30,51,0,51,81
02/04/2019,DEC,IL,AGL,CE,Federal Contract Tower,0,12,7,0,19,0,0,5,0,5,0,12,12,0,24,13,12,25,49
02/05/2019,DEC,IL,AGL,CE,Federal Contract Tower,0,11,4,4,19,0,0,0,0,0,0,11,4,4,19,0,0,0,19
02/06/2019,DEC,IL,AGL,CE,Federal Contract Tower,0,10,5,2,17,0,0,0,0,0,0,10,5,2,17,0,0,0,17
02/07/2019,DEC,IL,AGL,CE,Federal Contract Tower,0,9,2,0,11,0,0,0,6,6,0,9,2,6,17,0,34,34,51
02/08/2019,DEC,IL,AGL,CE,Federal Contract Tower,0,16,4,2,22,0,2,17,18,37,0,18,21,20,59,23,56,79,138
02/09/2019,DEC,IL,AGL,CE,Federal Contract Tower,0,9,3,2,14,0,0,29,9,38,0,9,32,11,52,62,12,74,126
02/10/2019,DEC,IL,AGL,CE,Federal Contract Tower,0,2,0,0,2,0,0,6,12,18,0,2,6,12,20,12,22,34,54
02/11/2019,DEC,IL,AGL,CE,Federal Contract Tower,0,13,5,0,18,0,0,0,0,0,0,13,5,0,18,0,0,0,18
02/12/2019,DEC,IL,AGL,CE,Federal Contract Tower,0,16,8,2,26,0,0,0,0,0,0,16,8,2,26,0,0,0,26
02/13/2019,DEC,IL,AGL,CE,Federal Contract Tower,0,13,10,3,26,0,0,27,17,44,0,13,37,20,70,68,36,104,174
02/14/2019,DEC,IL,AGL,CE,Federal Contract Tower,0,13,7,2,22,0,0,20,18,38,0,13,27,20,60,45,37,82,142
02/15/2019,DEC,IL,AGL,CE,Federal Contract Tower,0,14,7,0,21,0,0,20,11,31,0,14,27,11,52,38,28,66,118
02/16/2019,DEC,IL,AGL,CE,Federal Contract Tower,0,14,6,0,20,0,0,23,0,23,0,14,29,0,43,53,0,53,96
02/17/2019,DEC,IL,AGL,CE,Federal Contract Tower,0,5,1,0,6,0,0,0,0,0,0,5,1,0,6,0,0,0,6
02/18/2019,DEC,IL,AGL,CE,Federal Contract Tower,0,12,4,2,18,0,0,20,0,20,0,12,24,2,38,65,0,65,103
02/19/2019,DEC,IL,AGL,CE,Federal Contract Tower,0,12,6,2,20,0,0,16,21,37,0,12,22,23,57,46,44,90,147
02/20/2019,DEC,IL,AGL,CE,Federal Contract Tower,0,4,7,1,12,0,0,9,0,9,0,4,16,1,21,16,0,16,37
02/21/2019,DEC,IL,AGL,CE,Federal Contract Tower,0,15,9,7,31,0,0,29,21,50,0,15,38,28,81,63,49,112,193
02/22/2019,DEC,IL,AGL,CE,Federal Contract Tower,0,13,3,3,19,0,0,24,8,32,0,13,27,11,51,39,16,55,106
02/23/2019,DEC,IL,AGL,CE,Federal Contract Tower,0,9,4,0,13,0,0,0,0,0,0,9,4,0,13,0,0,0,13
02/24/2019,DEC,IL,AGL,CE,Federal Contract Tower,0,0,1,2,3,0,0,8,0,8,0,0,9,2,11,0,0,0,11
02/25/2019,DEC,IL,AGL,CE,Federal Contract Tower,0,12,7,1,20,0,0,33,4,37,0,12,40,5,57,64,12,76,133
02/26/2019,DEC,IL,AGL,CE,Federal Contract Tower,0,13,3,3,19,0,0,29,17,46,0,13,32,20,65,62,28,90,155
02/27/2019,DEC,IL,AGL,CE,Federal Contract Tower,0,14,1,4,19,0,0,19,10,29,0,14,20,14,48,32,26,58,106
02/28/2019,DEC,IL,AGL,CE,Federal Contract Tower,2,11,3,4,20,0,0,17,29,46,2,11,20,33,66,21,86,107,173
03/01/2019,DEC,IL,AGL,CE,Federal Contract Tower,0,14,9,2,25,0,0,33,7,40,0,14,42,9,65,63,22,85,150
03/02/2019,DEC,IL,AGL,CE,Federal Contract Tower,0,10,3,0,13,0,0,24,0,24,0,10,27,0,37,39,0,39,76
03/03/2019,DEC,IL,AGL,CE,Federal Contract Tower,0,4,2,2,8,0,0,7,0,7,0,4,9,2,15,3,0,3,18
03/04/2019,DEC,IL,AGL,CE,Federal Contract Tower,0,12,2,3,17,0,0,21,10,31,0,12,23,13,48,34,58,92,140
03/05/2019,DEC,IL,AGL,CE,Federal Contract Tower,0,13,7,10,30,0,0,15,19,34,0,13,22,29,64,28,92,120,184
03/06/2019,DEC,IL,AGL,CE,Federal Contract Tower,0,0,12,0,12,0,0,25,8,33,0,0,37,8,45,42,38,80,125
03/07/2019,DEC,IL,AGL,CE,Federal Contract Tower,0,13,5,1,19,0,0,7,3,10,0,13,12,4,29,8,10,18,47
03/08/2019,DEC,IL,AGL,CE,Federal Contract Tower,0,14,5,2,21,0,0,7,0,7,0,14,12,2,28,12,0,12,40
03/09/2019,DEC,IL,AGL,CE,Federal Contract Tower,0,1,1,0,2,0,0,5,0,5,0,1,6,0,7,0,0,0,7
03/10/2019,DEC,IL,AGL,CE,Federal Contract Tower,0,8,5,2,15,0,0,21,3,24,0,8,26,5,39,42,0,42,81
03/11/2019,DEC,IL,AGL,CE,Federal Contract Tower,0,12,5,0,17,0,2,24,4,30,0,14,29,4,47,57,18,75,122
03/12/2019,DEC,IL,AGL,CE,Federal Contract Tower,2,15,6,1,24,0,0,27,27,54,2,15,33,28,78,47,100,147,225
03/13/2019,DEC,IL,AGL,CE,Federal Contract Tower,0,14,2,3,19,0,0,30,7,37,0,14,32,10,56,49,21,70,126
03/14/2019,DEC,IL,AGL,CE,Federal Contract Tower,0,7,4,3,14,0,0,10,0,10,0,7,14,3,24,2,0,2,26
03/15/2019,DEC,IL,AGL,CE,Federal Contract Tower,0,15,0,2,17,0,2,15,8,25,0,17,15,10,42,22,20,42,84
03/16/2019,DEC,IL,AGL,CE,Federal Contract Tower,0,10,7,0,17,0,0,35,17,52,0,10,42,17,69,42,40,82,151
03/17/2019,DEC,IL,AGL,CE,Federal Contract Tower,0,7,5,2,14,0,0,21,10,31,0,7,26,12,45,48,16,64,109
03/18/2019,DEC,IL,AGL,CE,Federal Contract Tower,0,15,6,0,21,0,0,20,18,38,0,15,26,18,59,34,40,74,133
03/19/2019,DEC,IL,AGL,CE,Federal Contract Tower,0,14,13,2,29,0,0,25,18,43,0,14,38,20,72,38,52,90,162
03/20/2019,DEC,IL,AGL,CE,Federal Contract Tower,0,12,9,0,21,0,0,22,7,29,0,12,31,7,50,36,22,58,108
03/21/2019,DEC,IL,AGL,CE,Federal Contract Tower,0,14,6,3,23,0,0,20,28,48,0,14,26,31,71,22,54,76,147
03/23/2019,DEC,IL,AGL,CE,Federal Contract Tower,0,9,0,0,9,0,0,34,4,38,0,9,34,4,47,59,0,59,106
03/24/2019,DEC,IL,AGL,CE,Federal Contract Tower,0,5,3,0,8,0,0,14,0,14,0,5,17,0,22,24,0,24,46
03/25/2019,DEC,IL,AGL,CE,Federal Contract Tower,0,12,0,2,14,0,0,28,8,36,0,12,28,10,50,40,20,60,110
03/26/2019,DEC,IL,AGL,CE,Federal Contract Tower,0,14,10,4,28,0,0,41,20,61,0,14,51,24,89,92,40,132,221
03/27/2019,DEC,IL,AGL,CE,Federal Contract Tower,0,15,11,6,32,0,0,41,10,51,0,15,52,16,83,53,14,67,150
03/28/2019,DEC,IL,AGL,CE,Federal Contract Tower,0,13,6,5,24,0,0,16,20,36,0,13,22,25,60,22,102,124,184
03/29/2019,DEC,IL,AGL,CE,Federal Contract Tower,0,17,8,2,27,0,0,0,0,0,0,17,8,2,27,0,0,0,27
03/30/2019,DEC,IL,AGL,CE,Federal Contract Tower,0,0,10,0,10,0,0,8,0,8,0,0,18,0,18,0,0,0,18
03/31/2019,DEC,IL,AGL,CE,Federal Contract Tower,0,9,2,0,11,0,0,31,0,31,0,9,33,0,42,38,0,38,80
04/01/2019,DEC,IL,AGL,CE,Federal Contract Tower,0,15,5,2,22,0,0,24,7,31,0,15,29,9,53,52,30,82,135
04/02/2019,DEC,IL,AGL,CE,Federal Contract Tower,0,18,2,5,25,0,0,26,20,46,0,18,28,25,71,72,28,100,171
04/03/2019,DEC,IL,AGL,CE,Federal Contract Tower,0,15,8,5,28,0,0,41,6,47,0,15,49,11,75,40,10,50,125
04/04/2019,DEC,IL,AGL,CE,Federal Contract Tower,0,13,3,1,17,0,0,16,17,33,0,13,19,18,50,31,41,72,122
04/05/2019,DEC,IL,AGL,CE,Federal Contract Tower,0,16,16,2,34,0,0,4,0,4,0,16,20,2,38,8,0,8,46
04/06/2019,DEC,IL,AGL,CE,Federal Contract Tower,0,9,1,0,10,0,0,24,0,24,0,9,25,0,34,54,0,54,88
04/07/2019,DEC,IL,AGL,CE,Federal Contract Tower,0,8,5,2,15,0,0,20,0,20,0,8,25,2,35,36,0,36,71
04/08/2019,DEC,IL,AGL,CE,Federal Contract Tower,0,21,12,0,33,0,2,43,0,45,0,23,55,0,78,68,0,68,146
04/09/2019,DEC,IL,AGL,CE,Federal Contract Tower,10,19,2,3,34,0,9,38,11,58,10,28,40,14,92,72,16,88,180
04/10/2019,DEC,IL,AGL,CE,Federal Contract Tower,0,12,13,0,25,0,0,17,7,24,0,12,30,7,49,25,33,58,107
04/11/2019,DEC,IL,AGL,CE,Federal Contract Tower,0,12,6,6,24,0,3,12,17,32,0,15,18,23,56,9,59,68,124
04/12/2019,DEC,IL,AGL,CE,Federal Contract Tower,0,14,5,2,21,0,0,10,7,17,0,14,15,9,38,7,18,25,63
04/13/2019,DEC,IL,AGL,CE,Federal Contract Tower,1,10,11,0,22,0,0,36,0,36,1,10,47,0,58,66,0,66,124
04/14/2019,DEC,IL,AGL,CE,Federal Contract Tower,1,4,4,0,9,0,0,1,2,3,1,4,5,2,12,0,0,0,12
04/15/2019,DEC,IL,AGL,CE,Federal Contract Tower,0,12,8,2,22,0,0,23,13,36,0,12,31,15,58,40,20,60,118
04/16/2019,DEC,IL,AGL,CE,Federal Contract Tower,0,15,7,2,24,0,0,22,12,34,0,15,29,14,58,54,16,70,128
04/17/2019,DEC,IL,AGL,CE,Federal Contract Tower,0,17,11,0,28,0,0,25,12,37,0,17,36,12,65,34,16,50,115
04/18/2019,DEC,IL,AGL,CE,Federal Contract Tower,0,14,9,0,23,0,0,5,12,17,0,14,14,12,40,13,30,43,83
04/19/2019,DEC,IL,AGL,CE,Federal Contract Tower,0,10,7,6,23,0,0,2,5,7,0,10,9,11,30,0,18,18,48
04/20/2019,DEC,IL,AGL,CE,Federal Contract Tower,0,10,4,0,14,0,0,22,0,22,0,10,26,0,36,43,0,43,79
04/21/2019,DEC,IL,AGL,CE,Federal Contract Tower,0,6,7,0,13,0,0,28,0,28,0,6,35,0,41,26,0,26,67
05/01/2019,DEC,IL,AGL,CE,Federal Contract Tower,0,13,10,4,27,0,1,24,2,27,0,14,34,6,54,43,0,43,97
05/02/2019,DEC,IL,AGL,CE,Federal Contract Tower,0,14,11,3,28,0,0,1,0,1,0,14,12,3,29,0,0,0,29
05/03/2019,DEC,IL,AGL,CE,Federal Contract Tower,0,14,10,2,26,0,0,17,0,17,0,14,27,2,43,24,0,24,67
05/04/2019,DEC,IL,AGL,CE,Federal Contract Tower,0,10,9,0,19,0,0,22,6,28,0,10,31,6,47,46,14,60,107
05/05/2019,DEC,IL,AGL,CE,Federal Contract Tower,0,8,4,1,13,0,0,45,0,45,0,8,49,1,58,86,0,86,144
05/06/2019,DEC,IL,AGL,CE,Federal Contract Tower,0,12,13,0,25,0,30,4,0,34,0,42,17,0,59,43,14,57,116
05/07/2019,DEC,IL,AGL,CE,Federal Contract Tower,0,13,10,4,27,0,0,22,23,45,0,13,32,27,72,34,58,92,164
05/09/2019,DEC,IL,AGL,CE,Federal Contract Tower,0,13,10,4,27,0,0,12,13,25,0,13,22,17,52,24,46,70,122
05/10/2019,DEC,IL,AGL,CE,Federal Contract Tower,1,16,12,1,30,0,6,23,10,39,1,22,35,11,69,50,16,66,135
05/11/2019,DEC,IL,AGL,CE,Federal Contract Tower,0,8,4,0,12,0,0,20,6,26,0,8,24,6,38,54,12,66,104
05/12/2019,DEC,IL,AGL,CE,Federal Contract Tower,0,6,2,0,8,0,0,11,0,11,0,6,13,0,19,40,0,40,59
05/13/2019,DEC,IL,AGL,CE,Federal Contract Tower,0,12,6,0,18,0,0,34,9,43,0,12,40,9,61,76,22,98,159
05/14/2019,DEC,IL,AGL,CE,Federal Contract Tower,0,13,5,4,22,0,0,38,23,61,0,13,43,27,83,61,46,107,190
05/15/2019,DEC,IL,AGL,CE,Federal Contract Tower,0,22,4,0,26,0,0,24,4,28,0,22,28,4,54,45,0,45,99
05/16/2019,DEC,IL,AGL,CE,Federal Contract Tower,0,14,3,0,17,0,18,12,0,30,0,32,15,0,47,37,40,77,124
05/17/2019,DEC,IL,AGL,CE,Federal Contract Tower,0,11,4,3,18,0,2,25,16,43,0,13,29,19,61,42,42,84,145
05/18/2019,DEC,IL,AGL,CE,Federal Contract Tower,0,11,3,0,14,0,0,18,25,43,0,11,21,25,57,28,40,68,125
05/19/2019,DEC,IL,AGL,CE,Federal Contract Tower,0,10,14,0,24,0,0,18,4,22,0,10,32,4,46,34,0,34,80
05/20/2019,DEC,IL,AGL,CE,Federal Contract Tower,0,13,14,0,27,0,0,28,8,36,0,13,42,8,63,42,28,70,133
05/21/2019,DEC,IL,AGL,CE,Federal Contract Tower,0,15,4,5,24,0,0,21,20,41,0,15,25,25,65,34,53,87,152
05/22/2019,DEC,IL,AGL,CE,Federal Contract Tower,0,15,7,1,23,0,2,23,6,31,0,17,30,7,54,23,12,35,89
05/23/2019,DEC,IL,AGL,CE,Federal Contract Tower,0,15,13,0,28,0,1,22,15,38,0,16,35,15,66,34,28,62,128
05/24/2019,DEC,IL,AGL,CE,Federal Contract Tower,0,12,7,3,22,0,0,4,0,4,0,12,11,3,26,39,14,53,79
05/25/2019,DEC,IL,AGL,CE,Federal Contract Tower,0,8,1,1,10,0,0,26,0,26,0,8,27,1,36,52,0,52,88
05/26/2019,DEC,IL,AGL,CE,Federal Contract Tower,0,6,0,1,7,0,0,33,0,33,0,6,33,1,40,52,0,52,92
05/27/2019,DEC,IL,AGL,CE,Federal Contract Tower,0,10,3,0,13,0,0,25,8,33,0,10,28,8,46,54,18,72,118
05/28/2019,DEC,IL,AGL,CE,Federal Contract Tower,0,14,5,3,22,0,0,28,17,45,0,14,33,20,67,54,39,93,160
05/29/2019,DEC,IL,AGL,CE,Federal Contract Tower,0,13,7,5,25,0,0,14,8,22,0,13,21,13,47,26,17,43,90
05/30/2019,DEC,IL,AGL,CE,Federal Contract Tower,0,14,8,1,23,0,0,30,11,41,0,14,38,12,64,51,22,73,137
05/31/2019,DEC,IL,AGL,CE,Federal Contract Tower,0,15,12,2,29,0,0,56,4,60,0,15,68,6,89,115,0,115,204
06/01/2019,DEC,IL,AGL,CE,Federal Contract Tower,0,8,0,0,8,0,0,120,0,120,0,8,120,0,128,35,0,35,163
06/02/2019,DEC,IL,AGL,CE,Federal Contract Tower,0,6,5,0,11,0,0,35,0,35,0,6,40,0,46,58,0,58,104
06/03/2019,DEC,IL,AGL,CE,Federal Contract Tower,0,12,6,0,18,0,0,34,6,40,0,12,40,6,58,52,3,55,113
06/04/2019,DEC,IL,AGL,CE,Federal Contract Tower,0,14,9,0,23,0,0,25,20,45,0,14,34,20,68,40,21,61,129
06/05/2019,DEC,IL,AGL,CE,Federal Contract Tower,0,17,7,0,24,0,0,24,7,31,0,17,31,7,55,41,13,54,109
06/06/2019,DEC,IL,AGL,CE,Federal Contract Tower,0,16,12,0,28,0,0,27,6,33,0,16,39,6,61,18,1,19,80
06/07/2019,DEC,IL,AGL,CE,Federal Contract Tower,0,16,2,0,18,0,0,37,0,37,0,16,39,0,55,42,3,45,100
06/08/2019,DEC,IL,AGL,CE,Federal Contract Tower,0,10,4,0,14,0,0,22,15,37,0,10,26,15,51,48,19,67,118
06/09/2019,DEC,IL,AGL,CE,Federal Contract Tower,0,6,6,0,12,0,0,24,12,36,0,6,30,12,48,48,14,62,110
06/10/2019,DEC,IL,AGL,CE,Federal Contract Tower,0,12,5,1,18,0,0,4,0,4,0,12,9,1,22,46,20,66,88
06/11/2019,DEC,IL,AGL,CE,Federal Contract Tower,0,18,6,0,24,0,0,42,1,43,0,18,48,1,67,53,0,53,120
06/12/2019,DEC,IL,AGL,CE,Federal Contract Tower,0,9,4,0,13,0,0,16,2,18,0,9,20,2,31,23,0,23,54
06/13/2019,DEC,IL,AGL,CE,Federal Contract Tower,0,16,3,0,19,0,0,16,2,18,0,16,19,2,37,36,0,36,73
06/14/2019,DEC,IL,AGL,CE,Federal Contract Tower,0,13,8,1,22,0,0,25,0,25,0,13,33,1,47,35,1,36,83
06/15/2019,DEC,IL,AGL,CE,Federal Contract Tower,0,11,3,0,14,0,0,19,0,19,0,11,22,0,33,57,0,57,90
06/16/2019,DEC,IL,AGL,CE,Federal Contract Tower,0,8,4,0,12,0,0,30,0,30,0,8,34,0,42,61,0,61,103
06/17/2019,DEC,IL,AGL,CE,Federal Contract Tower,0,14,10,0,24,0,0,13,0,13,0,14,23,0,37,46,0,46,83
06/18/2019,DEC,IL,AGL,CE,Federal Contract Tower,0,15,12,0,27,0,0,21,9,30,0,15,33,9,57,37,10,47,104
06/19/2019,DEC,IL,AGL,CE,Federal Contract Tower,0,10,5,0,15,0,1,12,0,13,0,11,17,0,28,41,0,41,69
06/20/2019,DEC,IL,AGL,CE,Federal Contract Tower,0,13,8,0,21,0,0,21,10,31,0,13,29,10,52,24,0,24,76
06/21/2019,DEC,IL,AGL,CE,Federal Contract Tower,0,11,5,0,16,0,0,17,0,17,0,11,22,0,33,45,0,45,78
06/22/2019,DEC,IL,AGL,CE,Federal Contract Tower,0,10,3,0,13,0,0,25,0,25,0,10,28,0,38,63,0,63,101
06/23/2019,DEC,IL,AGL,CE,Federal Contract Tower,0,6,2,0,8,0,0,25,4,29,0,6,27,4,37,56,10,66,103
06/24/2019,DEC,IL,AGL,CE,Federal Contract Tower,0,17,2,2,21,0,0,18,5,23,0,17,20,7,44,52,34,86,130
06/25/2019,DEC,IL,AGL,CE,Federal Contract Tower,0,12,3,3,18,0,0,32,17,49,0,12,35,20,67,40,30,70,137
06/26/2019,DEC,IL,AGL,CE,Federal Contract Tower,1,12,7,4,24,0,0,28,5,33,1,12,35,9,57,35,8,43,100
06/27/2019,DEC,IL,AGL,CE,Federal Contract Tower,0,14,4,2,20,0,0,39,16,55,0,14,43,18,75,52,22,74,149
06/28/2019,DEC,IL,AGL,CE,Federal Contract Tower,0,14,4,0,18,0,0,25,3,28,0,14,29,3,46,61,0,61,107
06/29/2019,DEC,IL,AGL,CE,Federal Contract Tower,0,8,2,0,10,0,4,34,0,38,0,12,36,0,48,50,0,50,98
06/30/2019,DEC,IL,AGL,CE,Federal Contract Tower,0,5,11,0,16,0,0,36,2,38,0,5,47,2,54,51,0,51,105
07/01/2019,DEC,IL,AGL,CE,Federal Contract Tower,0,13,3,0,16,0,0,26,5,31,0,13,29,5,47,64,8,72,119
07/02/2019,DEC,IL,AGL,CE,Federal Contract Tower,0,11,2,0,13,0,0,22,12,34,0,11,24,12,47,38,37,75,122
07/03/2019,DEC,IL,AGL,CE,Federal Contract Tower,0,13,4,0,17,0,3,16,5,24,0,16,20,5,41,27,24,51,92
07/04/2019,DEC,IL,AGL,CE,Federal Contract Tower,0,12,4,0,16,0,0,17,4,21,0,12,21,4,37,19,3,22,59
07/05/2019,DEC,IL,AGL,CE,Federal Contract Tower,0,11,4,0,15,0,0,29,0,29,0,11,33,0,44,39,0,39,83
07/06/2019,DEC,IL,AGL,CE,Federal Contract Tower,0,11,5,0,16,0,0,25,0,25,0,11,30,0,41,58,0,58,99
07/07/2019,DEC,IL,AGL,CE,Federal Contract Tower,1,8,5,0,14,0,0,31,0,31,1,8,36,0,45,58,0,58,103
07/08/2019,DEC,IL,AGL,CE,Federal Contract Tower,2,13,5,0,20,0,0,32,5,37,2,13,37,5,57,42,17,59,116
07/09/2019,DEC,IL,AGL,CE,Federal Contract Tower,0,15,5,1,21,0,0,25,11,36,0,15,30,12,57,43,24,67,124
07/10/2019,DEC,IL,AGL,CE,Federal Contract Tower,0,15,9,0,24,0,3,24,3,30,0,18,33,3,54,30,0,30,84
07/11/2019,DEC,IL,AGL,CE,Federal Contract Tower,0,11,11,1,23,0,2,24,20,46,0,13,35,21,69,33,58,91,160
07/12/2019,DEC,IL,AGL,CE,Federal Contract Tower,0,15,7,0,22,0,0,35,10,45,0,15,42,10,67,47,22,69,136
07/13/2019,DEC,IL,AGL,CE,Federal Contract Tower,0,11,4,0,15,0,0,39,0,39,0,11,43,0,54,74,0,74,128
07/14/2019,DEC,IL,AGL,CE,Federal Contract Tower,0,5,6,0,11,0,0,30,0,30,0,5,36,0,41,58,0,58,99
07/15/2019,DEC,IL,AGL,CE,Federal Contract Tower,0,13,2,0,15,0,0,38,0,38,0,13,40,0,53,54,0,54,107
07/16/2019,DEC,IL,AGL,CE,Federal Contract Tower,0,13,4,0,17,0,0,20,4,24,0,13,24,4,41,35,8,43,84
07/17/2019,DEC,IL,AGL,CE,Federal Contract Tower,0,10,18,4,32,0,2,50,3,55,0,12,68,7,87,26,0,26,113
07/18/2019,DEC,IL,AGL,CE,Federal Contract Tower,0,14,8,2,24,0,0,36,13,49,0,14,44,15,73,28,34,62,135
07/19/2019,DEC,IL,AGL,CE,Federal Contract Tower,0,14,4,0,18,0,0,40,8,48,0,14,44,8,66,46,0,46,112
07/20/2019,DEC,IL,AGL,CE,Federal Contract Tower,0,10,7,0,17,0,0,44,0,44,0,10,51,0,61,52,0,52,113
07/21/2019,DEC,IL,AGL,CE,Federal Contract Tower,0,6,9,0,15,0,0,38,0,38,0,6,47,0,53,44,0,44,97
07/22/2019,DEC,IL,AGL,CE,Federal Contract Tower,0,13,8,1,22,0,0,69,8,77,0,13,77,9,99,22,16,38,137
07/23/2019,DEC,IL,AGL,CE,Federal Contract Tower,0,13,1,0,14,0,0,75,17,92,0,13,76,17,106,62,72,134,240
07/24/2019,DEC,IL,AGL,CE,Federal Contract Tower,0,13,8,0,21,0,0,95,7,102,0,13,103,7,123,19,19,38,161
07/25/2019,DEC,IL,AGL,CE,Federal Contract Tower,0,14,7,1,22,0,2,66,11,79,0,16,73,12,101,24,8,32,133
07/26/2019,DEC,IL,AGL,CE,Federal Contract Tower,0,14,8,0,22,0,0,93,8,101,0,14,101,8,123,37,5,42,165
07/27/2019,DEC,IL,AGL,CE,Federal Contract Tower,0,11,9,0,20,0,1,57,0,58,0,12,66,0,78,58,0,58,136
07/28/2019,DEC,IL,AGL,CE,Federal Contract Tower,0,6,5,0,11,0,0,78,1,79,0,6,83,1,90,27,0,27,117
07/29/2019,DEC,IL,AGL,CE,Federal Contract Tower,0,10,11,0,21,0,0,18,0,18,0,10,29,0,39,19,0,19,58
07/30/2019,DEC,IL,AGL,CE,Federal Contract Tower,0,17,4,2,23,0,0,76,21,97,0,17,80,23,120,52,18,70,190
07/31/2019,DEC,IL,AGL,CE,Federal Contract Tower,0,13,6,0,19,0,0,76,4,80,0,13,82,4,99,44,2,46,145
08/01/2019,DEC,IL,AGL,CE,Federal Contract Tower,0,13,5,0,18,0,0,55,16,71,0,13,60,16,89,51,0,51,140
08/02/2019,DEC,IL,AGL,CE,Federal Contract Tower,0,15,12,1,28,0,0,62,16,78,0,15,74,17,106,30,13,43,149
08/03/2019,DEC,IL,AGL,CE,Federal Contract Tower,0,9,8,0,17,0,0,63,2,65,0,9,71,2,82,39,0,39,121
08/04/2019,DEC,IL,AGL,CE,Federal Contract Tower,0,7,12,0,19,0,0,33,0,33,0,7,45,0,52,33,0,33,85
08/05/2019,DEC,IL,AGL,CE,Federal Contract Tower,0,11,6,0,17,0,0,32,7,39,0,11,38,7,56,39,17,56,112
08/06/2019,DEC,IL,AGL,CE,Federal Contract Tower,0,14,6,0,20,0,0,53,9,62,0,14,59,9,82,53,4,57,139
08/07/2019,DEC,IL,AGL,CE,Federal Contract Tower,0,13,1,1,15,0,0,45,12,57,0,13,46,13,72,54,24,78,150
08/08/2019,DEC,IL,AGL,CE,Federal Contract Tower,0,13,10,4,27,0,0,33,24,57,0,13,43,28,84,40,47,87,171
08/09/2019,DEC,IL,AGL,CE,Federal Contract Tower,0,16,2,0,18,0,0,55,9,64,0,16,57,9,82,50,22,72,154
08/10/2019,DEC,IL,AGL,CE,Federal Contract Tower,0,12,7,0,19,0,0,39,3,42,0,12,46,3,61,41,2,43,104
08/11/2019,DEC,IL,AGL,CE,Federal Contract Tower,0,6,7,0,13,0,0,29,0,29,0,6,36,0,42,44,0,44,86
08/12/2019,DEC,IL,AGL,CE,Federal Contract Tower,0,14,2,0,16,0,0,14,0,14,0,14,16,0,30,15,0,15,45
08/13/2019,DEC,IL,AGL,CE,Federal Contract Tower,0,16,0,0,16,0,0,24,12,36,0,16,24,12,52,18,18,36,88
08/14/2019,DEC,IL,AGL,CE,Federal Contract Tower,0,14,2,2,18,0,0,42,3,45,0,14,44,5,63,49,14,63,126
08/15/2019,DEC,IL,AGL,CE,Federal Contract Tower,0,13,7,1,21,0,0,30,17,47,0,13,37,18,68,59,26,85,153
08/16/2019,DEC,IL,AGL,CE,Federal Contract Tower,0,15,12,2,29,0,0,26,15,41,0,15,38,17,70,72,24,96,166
08/17/2019,DEC,IL,AGL,CE,Federal Contract Tower,0,9,6,0,15,0,0,23,0,23,0,9,29,0,38,39,0,39,77
08/18/2019,DEC,IL,AGL,CE,Federal Contract Tower,0,7,2,0,9,0,0,23,1,24,0,7,25,1,33,60,0,60,93
08/19/2019,DEC,IL,AGL,CE,Federal Contract Tower,0,13,6,0,19,0,2,26,9,37,0,15,32,9,56,46,12,58,114
08/20/2019,DEC,IL,AGL,CE,Federal Contract Tower,0,13,3,3,19,0,3,19,7,29,0,16,22,10,48,21,8,29,77
08/21/2019,DEC,IL,AGL,CE,Federal Contract Tower,0,12,16,0,28,0,0,32,1,33,0,12,48,1,61,67,0,67,128
08/22/2019,DEC,IL,AGL,CE,Federal Contract Tower,0,14,9,6,29,0,1,29,25,55,0,15,38,31,84,55,61,116,200
08/23/2019,DEC,IL,AGL,CE,Federal Contract Tower,0,16,11,0,27,0,0,39,15,54,0,16,50,15,81,60,20,80,161
08/24/2019,DEC,IL,AGL,CE,Federal Contract Tower,0,10,6,0,16,0,0,33,11,44,0,10,39,11,60,35,38,73,133
08/25/2019,DEC,IL,AGL,CE,Federal Contract Tower,0,8,7,0,15,0,0,25,3,28,0,8,32,3,43,47,20,67,110
08/26/2019,DEC,IL,AGL,CE,Federal Contract Tower,0,14,17,0,31,0,0,14,0,14,0,14,31,0,45,18,0,18,63
08/27/2019,DEC,IL,AGL,CE,Federal Contract Tower,0,15,51,0,66,0,1,58,9,68,0,16,109,9,134,27,2,29,163
08/28/2019,DEC,IL,AGL,CE,Federal Contract Tower,0,13,59,0,72,0,0,114,9,123,0,13,173,9,195,28,6,34,229
08/29/2019,DEC,IL,AGL,CE,Federal Contract Tower,0,14,24,1,39,0,0,71,18,89,0,14,95,19,128,60,36,96,224
08/30/2019,DEC,IL,AGL,CE,Federal Contract Tower,0,13,11,0,24,0,0,32,12,44,0,13,43,12,68,46,30,76,144
08/31/2019,DEC,IL,AGL,CE,Federal Contract Tower,0,10,2,0,12,0,0,26,4,30,0,10,28,4,42,51,0,51,93
09/01/2019,DEC,IL,AGL,CE,Federal Contract Tower,0,9,5,0,14,0,0,32,0,32,0,9,37,0,46,62,0,62,108
09/02/2019,DEC,IL,AGL,CE,Federal Contract Tower,0,12,6,0,18,0,0,15,0,15,0,12,21,0,33,21,0,21,54
09/03/2019,DEC,IL,AGL,CE,Federal Contract Tower,0,15,6,0,21,0,0,21,13,34,0,15,27,13,55,28,30,58,113
09/04/2019,DEC,IL,AGL,CE,Federal Contract Tower,0,15,3,1,19,0,0,35,2,37,0,15,38,3,56,54,0,54,110
09/05/2019,DEC,IL,AGL,CE,Federal Contract Tower,0,11,3,0,14,0,1,31,18,50,0,12,34,18,64,57,28,85,149
09/06/2019,DEC,IL,AGL,CE,Federal Contract Tower,0,11,6,2,19,0,0,25,14,39,0,11,31,16,58,32,26,58,116
09/07/2019,DEC,IL,AGL,CE,Federal Contract Tower,0,10,5,0,15,0,0,55,0,55,0,10,60,0,70,51,0,51,121
09/08/2019,DEC,IL,AGL,CE,Federal Contract Tower,0,6,5,2,13,0,0,26,0,26,0,6,31,2,39,38,0,38,77
09/09/2019,DEC,IL,AGL,CE,Federal Contract Tower,0,10,3,0,13,0,1,23,0,24,0,11,26,0,37,38,0,38,75
09/10/2019,DEC,IL,AGL,CE,Federal Contract Tower,0,14,1,2,17,0,0,16,10,26,0,14,17,12,43,55,9,64,107
09/11/2019,DEC,IL,AGL,CE,Federal Contract Tower,0,17,2,2,21,0,0,52,12,64,0,17,54,14,85,35,20,55,140
09/12/2019,DEC,IL,AGL,CE,Federal Contract Tower,0,12,4,4,20,0,0,21,16,37,0,12,25,20,57,47,18,65,122
09/13/2019,DEC,IL,AGL,CE,Federal Contract Tower,0,13,5,1,19,0,0,32,8,40,0,13,37,9,59,36,32,68,127
09/14/2019,DEC,IL,AGL,CE,Federal Contract Tower,0,10,9,0,19,0,0,31,0,31,0,10,40,0,50,68,0,68,118
09/15/2019,DEC,IL,AGL,CE,Federal Contract Tower,0,6,1,0,7,0,0,25,0,25,0,6,26,0,32,40,0,40,72
09/16/2019,DEC,IL,AGL,CE,Federal Contract Tower,0,11,4,0,15,0,1,39,0,40,0,12,43,0,55,48,0,48,103
09/17/2019,DEC,IL,AGL,CE,Federal Contract Tower,0,15,10,1,26,0,0,34,6,40,0,15,44,7,66,45,4,49,115
09/18/2019,DEC,IL,AGL,CE,Federal Contract Tower,0,12,2,0,14,0,0,22,3,25,0,12,24,3,39,53,4,57,96
09/19/2019,DEC,IL,AGL,CE,Federal Contract Tower,0,13,11,0,24,0,8,28,10,46,0,21,39,10,70,67,7,74,144
09/20/2019,DEC,IL,AGL,CE,Federal Contract Tower,0,12,2,0,14,0,0,33,7,40,0,12,35,7,54,58,16,74,128
09/21/2019,DEC,IL,AGL,CE,Federal Contract Tower,0,9,2,0,11,0,0,25,20,45,0,9,27,20,56,38,16,54,110
09/22/2019,DEC,IL,AGL,CE,Federal Contract Tower,0,7,6,0,13,0,1,27,0,28,0,8,33,0,41,35,0,35,76
09/23/2019,DEC,IL,AGL,CE,Federal Contract Tower,0,14,7,0,21,0,2,26,0,28,0,16,33,0,49,42,0,42,91
09/24/2019,DEC,IL,AGL,CE,Federal Contract Tower,1,13,9,0,23,0,0,22,4,26,1,13,31,4,49,39,24,63,112
09/25/2019,DEC,IL,AGL,CE,Federal Contract Tower,0,14,15,0,29,0,0,31,0,31,0,14,46,0,60,52,0,52,112
09/26/2019,DEC,IL,AGL,CE,Federal Contract Tower,0,13,1,0,14,0,0,24,8,32,0,13,25,8,46,73,0,73,119
09/27/2019,DEC,IL,AGL,CE,Federal Contract Tower,0,9,3,0,12,0,0,26,8,34,0,9,29,8,46,46,20,66,112
09/28/2019,DEC,IL,AGL,CE,Federal Contract Tower,0,10,8,0,18,0,0,41,0,41,0,10,49,0,59,51,0,51,110
09/29/2019,DEC,IL,AGL,CE,Federal Contract Tower,0,6,1,0,7,0,0,30,0,30,0,6,31,0,37,41,0,41,78
09/30/2019,DEC,IL,AGL,CE,Federal Contract Tower,0,12,6,0,18,0,0,28,3,31,0,12,34,3,49,46,6,52,101
10/01/2019,DEC,IL,AGL,CE,Federal Contract Tower,0,13,11,4,28,0,0,22,5,27,0,13,33,9,55,26,11,37,92
10/02/2019,DEC,IL,AGL,CE,Federal Contract Tower,0,13,1,0,14,0,0,30,11,41,0,13,31,11,55,52,4,56,111
10/03/2019,DEC,IL,AGL,CE,Federal Contract Tower,0,14,14,0,28,0,0,35,8,43,0,14,49,8,71,32,12,44,115
10/04/2019,DEC,IL,AGL,CE,Federal Contract Tower,0,14,10,0,24,0,0,36,0,36,0,14,46,0,60,48,0,48,108
10/05/2019,DEC,IL,AGL,CE,Federal Contract Tower,0,9,6,0,15,0,0,22,0,22,0,9,28,0,37,36,0,36,73
10/06/2019,DEC,IL,AGL,CE,Federal Contract Tower,0,6,8,10,24,0,0,29,1,30,0,6,37,11,54,76,8,84,138
10/07/2019,DEC,IL,AGL,CE,Federal Contract Tower,0,14,1,0,15,0,0,24,0,24,0,14,25,0,39,24,0,24,63
10/08/2019,DEC,IL,AGL,CE,Federal Contract Tower,0,12,10,0,22,0,0,41,18,59,0,12,51,18,81,24,52,76,157
10/09/2019,DEC,IL,AGL,CE,Federal Contract Tower,0,13,7,0,20,0,0,28,2,30,0,13,35,2,50,65,12,77,127
10/10/2019,DEC,IL,AGL,CE,Federal Contract Tower,0,12,12,1,25,0,1,22,26,49,0,13,34,27,74,47,46,93,167
10/11/2019,DEC,IL,AGL,CE,Federal Contract Tower,0,13,5,5,23,0,0,13,0,13,0,13,18,5,36,30,0,30,66
10/12/2019,DEC,IL,AGL,CE,Federal Contract Tower,1,9,5,0,15,0,0,36,6,42,1,9,41,6,57,50,20,70,127
10/13/2019,DEC,IL,AGL,CE,Federal Contract Tower,0,7,10,0,17,0,0,35,1,36,0,7,45,1,53,53,0,53,106
10/14/2019,DEC,IL,AGL,CE,Federal Contract Tower,0,14,9,0,23,0,0,33,0,33,0,14,42,0,56,51,0,51,107
10/15/2019,DEC,IL,AGL,CE,Federal Contract Tower,0,14,11,9,34,0,0,23,4,27,0,14,34,13,61,31,12,43,104
10/16/2019,DEC,IL,AGL,CE,Federal Contract Tower,0,17,10,1,28,0,0,29,7,36,0,17,39,8,64,44,4,48,112
10/17/2019,DEC,IL,AGL,CE,Federal Contract Tower,0,13,3,0,16,0,0,28,16,44,0,13,31,16,60,80,34,114,174
10/18/2019,DEC,IL,AGL,CE,Federal Contract Tower,0,13,5,0,18,0,0,29,10,39,0,13,34,10,57,68,19,87,144
10/19/2019,DEC,IL,AGL,CE,Federal Contract Tower,0,8,12,4,24,0,0,32,17,49,0,8,44,21,73,47,21,68,141
10/20/2019,DEC,IL,AGL,CE,Federal Contract Tower,0,6,9,0,15,0,0,23,6,29,0,6,32,6,44,38,14,52,96
10/21/2019,DEC,IL,AGL,CE,Federal Contract Tower,0,12,7,0,19,0,1,16,0,17,0,13,23,0,36,20,0,20,56
10/22/2019,DEC,IL,AGL,CE,Federal Contract Tower,0,15,2,0,17,0,0,21,10,31,0,15,23,10,48,33,30,63,111
10/23/2019,DEC,IL,AGL,CE,Federal Contract Tower,0,13,2,1,16,0,0,27,6,33,0,13,29,7,49,67,0,67,116
10/24/2019,DEC,IL,AGL,CE,Federal Contract Tower,0,13,11,1,25,0,0,23,12,35,0,13,34,13,60,74,45,119,179
10/25/2019,DEC,IL,AGL,CE,Federal Contract Tower,0,12,10,4,26,0,0,35,9,44,0,12,45,13,70,50,20,70,140
10/26/2019,DEC,IL,AGL,CE,Federal Contract Tower,0,9,4,0,13,0,0,3,0,3,0,9,7,0,16,0,0,0,16
10/27/2019,DEC,IL,AGL,CE,Federal Contract Tower,0,7,7,0,14,0,1,39,0,40,0,8,46,0,54,56,0,56,110
10/28/2019,DEC,IL,AGL,CE,Federal Contract Tower,0,12,5,0,17,0,0,0,0,0,0,12,5,0,17,0,0,0,17
10/29/2019,DEC,IL,AGL,CE,Federal Contract Tower,0,13,8,0,21,0,0,0,11,11,0,13,8,11,32,0,44,44,76
10/30/2019,DEC,IL,AGL,CE,Federal Contract Tower,0,14,9,0,23,0,0,0,0,0,0,14,9,0,23,0,0,0,23
10/31/2019,DEC,IL,AGL,CE,Federal Contract Tower,0,12,1,0,13,0,0,6,0,6,0,12,7,0,19,18,0,18,37
11/01/2019,DEC,IL,AGL,CE,Federal Contract Tower,0,13,7,2,22,0,0,36,5,41,0,13,43,7,63,70,28,98,161
11/02/2019,DEC,IL,AGL,CE,Federal Contract Tower,0,10,7,0,17,0,0,15,22,37,0,10,22,22,54,22,28,50,104
11/03/2019,DEC,IL,AGL,CE,Federal Contract Tower,0,6,0,0,6,0,0,21,7,28,0,6,21,7,34,54,14,68,102
11/04/2019,DEC,IL,AGL,CE,Federal Contract Tower,0,12,2,0,14,0,0,27,2,29,0,12,29,2,43,57,4,61,104
11/05/2019,DEC,IL,AGL,CE,Federal Contract Tower,0,13,4,2,19,0,0,46,19,65,0,13,50,21,84,67,30,97,181
11/06/2019,DEC,IL,AGL,CE,Federal Contract Tower,0,13,6,0,19,0,0,24,4,28,0,13,30,4,47,50,8,58,105
11/07/2019,DEC,IL,AGL,CE,Federal Contract Tower,0,27,3,5,35,0,0,22,21,43,0,27,25,26,78,50,57,107,185
11/08/2019,DEC,IL,AGL,CE,Federal Contract Tower,0,15,2,0,17,0,0,19,10,29,0,15,21,10,46,56,16,72,118
11/09/2019,DEC,IL,AGL,CE,Federal Contract Tower,0,14,3,0,17,0,0,9,0,9,0,14,12,0,26,43,0,43,69
11/10/2019,DEC,IL,AGL,CE,Federal Contract Tower,0,9,6,0,15,0,0,34,4,38,0,9,40,4,53,109,12,121,174
11/11/2019,DEC,IL,AGL,CE,Federal Contract Tower,0,3,1,0,4,0,0,0,0,0,0,3,1,0,4,0,0,0,4
11/12/2019,DEC,IL,AGL,CE,Federal Contract Tower,0,17,2,0,19,0,0,14,8,22,0,17,16,8,41,16,12,28,69
11/13/2019,DEC,IL,AGL,CE,Federal Contract Tower,0,13,6,0,19,0,21,8,0,29,0,34,14,0,48,24,40,64,112
11/14/2019,DEC,IL,AGL,CE,Federal Contract Tower,0,14,3,0,17,0,0,16,16,32,0,14,19,16,49,47,54,101,150
11/15/2019,DEC,IL,AGL,CE,Federal Contract Tower,0,14,2,0,16,0,0,36,15,51,0,14,38,15,67,34,16,50,117
11/16/2019,DEC,IL,AGL,CE,Federal Contract Tower,0,11,5,0,16,0,0,26,0,26,0,11,31,0,42,74,0,74,116
11/17/2019,DEC,IL,AGL,CE,Federal Contract Tower,0,6,1,0,7,0,0,10,0,10,0,6,11,0,17,53,0,53,70
11/18/2019,DEC,IL,AGL,CE,Federal Contract Tower,0,12,3,0,15,0,0,19,10,29,0,12,22,10,44,26,40,66,110
11/19/2019,DEC,IL,AGL,CE,Federal Contract Tower,0,15,7,0,22,0,0,18,18,36,0,15,25,18,58,9,58,67,125
11/20/2019,DEC,IL,AGL,CE,Federal Contract Tower,0,13,9,1,23,0,0,25,21,46,0,13,34,22,69,42,64,106,175
11/21/2019,DEC,IL,AGL,CE,Federal Contract Tower,0,17,5,1,23,0,0,16,20,36,0,17,21,21,59,30,48,78,137
11/22/2019,DEC,IL,AGL,CE,Federal Contract Tower,0,15,10,0,25,0,2,25,10,37,0,17,35,10,62,27,34,61,123
11/23/2019,DEC,IL,AGL,CE,Federal Contract Tower,0,11,0,0,11,0,0,11,0,11,0,11,11,0,22,19,0,19,41
11/24/2019,DEC,IL,AGL,CE,Federal Contract Tower,0,7,0,0,7,0,0,36,0,36,0,7,36,0,43,42,0,42,85
11/25/2019,DEC,IL,AGL,CE,Federal Contract Tower,0,12,3,0,15,0,0,34,15,49,0,12,37,15,64,55,0,55,119
11/26/2019,DEC,IL,AGL,CE,Federal Contract Tower,0,15,6,0,21,0,0,18,18,36,0,15,24,18,57,34,56,90,147
11/27/2019,DEC,IL,AGL,CE,Federal Contract Tower,0,11,3,0,14,0,0,18,6,24,0,11,21,6,38,42,22,64,102
11/28/2019,DEC,IL,AGL,CE,Federal Contract Tower,0,12,2,0,14,0,0,20,0,20,0,12,22,0,34,40,0,40,74
11/29/2019,DEC,IL,AGL,CE,Federal Contract Tower,0,13,0,0,13,0,0,25,0,25,0,13,25,0,38,65,0,65,103
11/30/2019,DEC,IL,AGL,CE,Federal Contract Tower,0,10,1,0,11,0,0,0,0,0,0,10,1,0,11,0,0,0,11
12/01/2019,DEC,IL,AGL,CE,Federal Contract Tower,0,6,2,0,8,0,0,13,0,13,0,6,15,0,21,19,0,19,40
12/02/2019,DEC,IL,AGL,CE,Federal Contract Tower,0,13,3,0,16,0,0,18,7,25,0,13,21,7,41,35,0,35,76
12/03/2019,DEC,IL,AGL,CE,Federal Contract Tower,0,13,5,0,18,0,3,27,24,54,0,16,32,24,72,48,48,96,168
12/04/2019,DEC,IL,AGL,CE,Federal Contract Tower,0,13,4,0,17,0,0,35,10,45,0,13,39,10,62,42,38,80,142
12/05/2019,DEC,IL,AGL,CE,Federal Contract Tower,0,14,15,2,31,0,0,31,25,56,0,14,46,27,87,50,48,98,185
12/06/2019,DEC,IL,AGL,CE,Federal Contract Tower,0,15,5,2,22,0,0,25,8,33,0,15,30,10,55,33,20,53,108
12/07/2019,DEC,IL,AGL,CE,Federal Contract Tower,0,10,0,0,10,0,1,36,0,37,0,11,36,0,47,64,0,64,111
12/08/2019,DEC,IL,AGL,CE,Federal Contract Tower,0,6,14,0,20,0,0,28,0,28,0,6,42,0,48,23,0,23,71
12/09/2019,DEC,IL,AGL,CE,Federal Contract Tower,0,14,12,0,26,0,0,0,0,0,0,14,12,0,26,0,0,0,26
12/10/2019,DEC,IL,AGL,CE,Federal Contract Tower,3,12,6,0,21,0,0,31,18,49,3,12,37,18,70,48,62,110,180
12/11/2019,DEC,IL,AGL,CE,Federal Contract Tower,0,14,5,0,19,0,0,20,18,38,0,14,25,18,57,54,26,80,137
12/12/2019,DEC,IL,AGL,CE,Federal Contract Tower,0,11,7,3,21,0,0,25,12,37,0,11,32,15,58,43,47,90,148
12/13/2019,DEC,IL,AGL,CE,Federal Contract Tower,0,13,4,2,19,0,0,23,15,38,0,13,27,17,57,23,37,60,117
12/14/2019,DEC,IL,AGL,CE,Federal Contract Tower,0,10,4,0,14,0,0,8,16,24,0,10,12,16,38,23,74,97,135
12/15/2019,DEC,IL,AGL,CE,Federal Contract Tower,0,8,5,0,13,0,0,8,3,11,0,8,13,3,24,11,19,30,54
12/16/2019,DEC,IL,AGL,CE,Federal Contract Tower,0,15,0,0,15,0,0,0,0,0,0,15,0,0,15,0,0,0,15
12/17/2019,DEC,IL,AGL,CE,Federal Contract Tower,0,17,6,3,26,0,0,6,3,9,0,17,12,6,35,0,0,0,35
12/18/2019,DEC,IL,AGL,CE,Federal Contract Tower,0,16,9,4,29,0,0,30,21,51,0,16,39,25,80,63,30,93,173
12/19/2019,DEC,IL,AGL,CE,Federal Contract Tower,0,14,7,0,21,0,0,21,17,38,0,14,28,17,59,32,32,64,123
12/20/2019,DEC,IL,AGL,CE,Federal Contract Tower,0,14,9,4,27,0,0,29,7,36,0,14,38,11,63,39,28,67,130
12/21/2019,DEC,IL,AGL,CE,Federal Contract Tower,0,10,3,0,13,0,0,22,0,22,0,10,25,0,35,36,0,36,71
12/22/2019,DEC,IL,AGL,CE,Federal Contract Tower,0,6,2,0,8,0,0,22,0,22,0,6,24,0,30,42,0,42,72
12/23/2019,DEC,IL,AGL,CE,Federal Contract Tower,0,12,3,1,16,0,0,23,14,37,0,12,26,15,53,34,24,58,111
12/24/2019,DEC,IL,AGL,CE,Federal Contract Tower,0,12,0,0,12,0,0,29,2,31,0,12,29,2,43,50,0,50,93
12/25/2019,DEC,IL,AGL,CE,Federal Contract Tower,0,14,2,0,16,0,0,21,0,21,0,14,23,0,37,42,0,42,79
12/26/2019,DEC,IL,AGL,CE,Federal Contract Tower,0,14,9,0,23,0,0,25,4,29,0,14,34,4,52,49,12,61,113
12/27/2019,DEC,IL,AGL,CE,Federal Contract Tower,0,15,6,3,24,0,0,14,3,17,0,15,20,6,41,27,12,39,80
12/28/2019,DEC,IL,AGL,CE,Federal Contract Tower,0,14,4,0,18,0,0,0,0,0,0,14,4,0,18,0,0,0,18
12/29/2019,DEC,IL,AGL,CE,Federal Contract Tower,0,6,1,0,7,0,0,11,0,11,0,6,12,0,18,50,0,50,68
12/30/2019,DEC,IL,AGL,CE,Federal Contract Tower,0,10,2,0,12,0,0,10,8,18,0,10,12,8,30,32,0,32,62
12/31/2019,DEC,IL,AGL,CE,Federal Contract Tower,0,14,1,0,15,0,0,22,4,26,0,14,23,4,41,36,0,36,77
01/01/2020,DEC,IL,AGL,CE,Federal Contract Tower,0,12,3,0,15,0,0,30,0,30,0,12,33,0,45,66,0,66,111
01/02/2020,DEC,IL,AGL,CE,Federal Contract Tower,0,18,2,0,20,0,0,18,9,27,0,18,20,9,47,54,24,78,125
01/03/2020,DEC,IL,AGL,CE,Federal Contract Tower,0,16,4,2,22,0,0,6,0,6,0,16,10,2,28,12,0,12,40
01/04/2020,DEC,IL,AGL,CE,Federal Contract Tower,0,12,0,0,12,0,0,5,0,5,0,12,5,0,17,34,0,34,51
01/05/2020,DEC,IL,AGL,CE,Federal Contract Tower,0,5,8,0,13,0,1,17,0,18,0,6,25,0,31,52,0,52,83
01/06/2020,DEC,IL,AGL,CE,Federal Contract Tower,0,14,3,0,17,0,0,31,1,32,0,14,34,1,49,78,0,78,127
01/07/2020,DEC,IL,AGL,CE,Federal Contract Tower,0,15,4,0,19,0,0,37,29,66,0,15,41,29,85,38,52,90,175
01/08/2020,DEC,IL,AGL,CE,Federal Contract Tower,0,12,6,0,18,0,2,27,15,44,0,14,33,15,62,46,30,76,138
01/09/2020,DEC,IL,AGL,CE,Federal Contract Tower,0,15,4,0,19,0,1,13,13,27,0,16,17,13,46,16,31,47,93
01/10/2020,DEC,IL,AGL,CE,Federal Contract Tower,0,14,10,0,24,0,0,4,0,4,0,14,14,0,28,17,0,17,45
01/11/2020,DEC,IL,AGL,CE,Federal Contract Tower,0,8,0,0,8,0,0,0,0,0,0,8,0,0,8,0,0,0,8
01/12/2020,DEC,IL,AGL,CE,Federal Contract Tower,0,8,2,0,10,0,0,4,0,4,0,8,6,0,14,8,0,8,22
01/13/2020,DEC,IL,AGL,CE,Federal Contract Tower,0,12,3,0,15,0,0,17,0,17,0,12,20,0,32,33,0,33,65
01/14/2020,DEC,IL,AGL,CE,Federal Contract Tower,0,13,5,1,19,0,0,3,6,9,0,13,8,7,28,8,32,40,68
01/15/2020,DEC,IL,AGL,CE,Federal Contract Tower,0,12,13,3,28,0,0,0,0,0,0,12,13,3,28,0,0,0,28
01/16/2020,DEC,IL,AGL,CE,Federal Contract Tower,0,14,9,2,25,0,0,22,20,42,0,14,31,22,67,47,44,91,158
01/17/2020,DEC,IL,AGL,CE,Federal Contract Tower,0,7,2,0,9,0,0,18,6,24,0,7,20,6,33,31,18,49,82
01/18/2020,DEC,IL,AGL,CE,Federal Contract Tower,0,8,0,0,8,0,0,2,0,2,0,8,2,0,10,0,0,0,10
01/19/2020,DEC,IL,AGL,CE,Federal Contract Tower,0,6,1,0,7,0,0,10,0,10,0,6,11,0,17,20,0,20,37
01/20/2020,DEC,IL,AGL,CE,Federal Contract Tower,0,14,2,0,16,0,0,17,0,17,0,14,19,0,33,17,0,17,50
01/21/2020,DEC,IL,AGL,CE,Federal Contract Tower,0,15,3,4,22,0,1,24,9,34,0,16,27,13,56,35,13,48,104
01/22/2020,DEC,IL,AGL,CE,Federal Contract Tower,0,13,1,1,15,0,0,37,13,50,0,13,38,14,65,40,28,68,133
01/23/2020,DEC,IL,AGL,CE,Federal Contract Tower,0,10,2,0,12,0,0,0,0,0,0,10,2,0,12,0,0,0,12
01/24/2020,DEC,IL,AGL,CE,Federal Contract Tower,0,12,4,0,16,0,0,0,0,0,0,12,4,0,16,0,0,0,16
01/25/2020,DEC,IL,AGL,CE,Federal Contract Tower,0,10,0,0,10,0,0,8,0,8,0,10,8,0,18,21,0,21,39
01/26/2020,DEC,IL,AGL,CE,Federal Contract Tower,0,7,9,0,16,0,0,24,4,28,0,7,33,4,44,36,0,36,80
01/27/2020,DEC,IL,AGL,CE,Federal Contract Tower,0,17,4,0,21,0,0,0,0,0,0,17,4,0,21,0,0,0,21
01/28/2020,DEC,IL,AGL,CE,Federal Contract Tower,0,21,3,0,24,0,0,3,0,3,0,21,6,0,27,34,0,34,61
01/29/2020,DEC,IL,AGL,CE,Federal Contract Tower,0,16,1,0,17,0,0,20,10,30,0,16,21,10,47,31,16,47,94
01/30/2020,DEC,IL,AGL,CE,Federal Contract Tower,0,17,3,0,20,0,0,22,20,42,0,17,25,20,62,39,26,65,127
01/31/2020,DEC,IL,AGL,CE,Federal Contract Tower,0,24,0,0,24,0,0,7,3,10,0,24,7,3,34,15,8,23,57
02/01/2020,DEC,IL,AGL,CE,Federal Contract Tower,0,9,5,0,14,0,0,0,6,6,0,9,5,6,20,0,0,0,20
02/02/2020,DEC,IL,AGL,CE,Federal Contract Tower,0,7,9,0,16,0,0,44,0,44,0,7,53,0,60,52,0,52,112
02/03/2020,DEC,IL,AGL,CE,Federal Contract Tower,0,10,2,2,14,0,1,32,10,43,0,11,34,12,57,42,18,60,117
02/04/2020,DEC,IL,AGL,CE,Federal Contract Tower,0,14,2,0,16,0,0,11,6,17,0,14,13,6,33,20,12,32,65
02/06/2020,DEC,IL,AGL,CE,Federal Contract Tower,0,15,2,0,17,0,0,5,16,21,0,15,7,16,38,8,83,91,129
02/07/2020,DEC,IL,AGL,CE,Federal Contract Tower,0,15,1,0,16,0,0,17,5,22,0,15,18,5,38,27,4,31,69
02/08/2020,DEC,IL,AGL,CE,Federal Contract Tower,0,11,12,0,23,0,0,1,16,17,0,11,13,16,40,0,44,44,84
02/09/2020,DEC,IL,AGL,CE,Federal Contract Tower,0,6,2,1,9,0,0,7,2,9,0,6,9,3,18,16,0,16,34
02/10/2020,DEC,IL,AGL,CE,Federal Contract Tower,0,10,0,0,10,0,0,17,4,21,0,10,17,4,31,34,12,46,77
02/11/2020,DEC,IL,AGL,CE,Federal Contract Tower,0,15,4,6,25,0,0,39,16,55,0,15,43,22,80,48,34,82,162
02/13/2020,DEC,IL,AGL,CE,Federal Contract Tower,0,17,1,2,20,0,0,3,2,5,0,17,4,4,25,4,11,15,40
02/14/2020,DEC,IL,AGL,CE,Federal Contract Tower,0,14,4,1,19,0,1,18,8,27,0,15,22,9,46,34,14,48,94
02/15/2020,DEC,IL,AGL,CE,Federal Contract Tower,0,9,1,0,10,0,0,22,4,26,0,9,23,4,36,48,0,48,84
02/16/2020,DEC,IL,AGL,CE,Federal Contract Tower,0,7,6,0,13,0,0,24,0,24,0,7,30,0,37,46,0,46,83
02/17/2020,DEC,IL,AGL,CE,Federal Contract Tower,0,12,14,2,28,0,0,8,4,12,0,12,22,6,40,22,0,22,62
02/18/2020,DEC,IL,AGL,CE,Federal Contract Tower,0,17,4,0,21,0,0,29,12,41,0,17,33,12,62,52,32,84,146
02/19/2020,DEC,IL,AGL,CE,Federal Contract Tower,0,12,6,2,20,0,0,32,12,44,0,12,38,14,64,32,32,64,128
02/20/2020,DEC,IL,AGL,CE,Federal Contract Tower,0,13,5,3,21,0,0,24,17,41,0,13,29,20,62,43,56,99,161
02/21/2020,DEC,IL,AGL,CE,Federal Contract Tower,0,14,9,1,24,0,1,26,3,30,0,15,35,4,54,36,8,44,98
02/22/2020,DEC,IL,AGL,CE,Federal Contract Tower,0,9,11,0,20,0,1,31,1,33,0,10,42,1,53,54,0,54,107
02/23/2020,DEC,IL,AGL,CE,Federal Contract Tower,0,8,3,0,11,0,0,27,0,27,0,8,30,0,38,76,0,76,114
02/24/2020,DEC,IL,AGL,CE,Federal Contract Tower,0,13,10,0,23,0,0,0,0,0,0,13,10,0,23,0,0,0,23
02/25/2020,DEC,IL,AGL,CE,Federal Contract Tower,2,8,3,0,13,0,0,0,0,0,2,8,3,0,13,0,0,0,13
02/26/2020,DEC,IL,AGL,CE,Federal Contract Tower,0,13,4,0,17,0,0,9,6,15,0,13,13,6,32,42,33,75,107
02/27/2020,DEC,IL,AGL,CE,Federal Contract Tower,0,12,5,0,17,0,0,18,15,33,0,12,23,15,50,43,61,104,154
02/28/2020,DEC,IL,AGL,CE,Federal Contract Tower,0,15,4,0,19,0,1,13,13,27,0,16,17,13,46,29,18,47,93
02/29/2020,DEC,IL,AGL,CE,Federal Contract Tower,0,10,0,0,10,0,0,31,0,31,0,10,31,0,41,84,0,84,125
03/01/2020,DEC,IL,AGL,CE,Federal Contract Tower,0,5,10,0,15,0,1,22,0,23,0,6,32,0,38,40,0,40,78
03/02/2020,DEC,IL,AGL,CE,Federal Contract Tower,0,16,7,0,23,0,1,31,7,39,0,17,38,7,62,56,16,72,134
03/03/2020,DEC,IL,AGL,CE,Federal Contract Tower,0,14,6,4,24,0,0,31,11,42,0,14,37,15,66,53,56,109,175
03/04/2020,DEC,IL,AGL,CE,Federal Contract Tower,0,11,15,0,26,0,3,36,7,46,0,14,51,7,72,52,13,65,137
03/05/2020,DEC,IL,AGL,CE,Federal Contract Tower,3,2,4,0,9,0,1,23,8,32,3,3,27,8,41,31,24,55,96
03/06/2020,DEC,IL,AGL,CE,Federal Contract Tower,3,1,4,0,8,0,0,21,11,32,3,1,25,11,40,29,16,45,85
03/07/2020,DEC,IL,AGL,CE,Federal Contract Tower,1,2,2,0,5,0,0,34,0,34,1,2,36,0,39,82,0,82,121
03/08/2020,DEC,IL,AGL,CE,Federal Contract Tower,4,3,8,0,15,0,0,23,2,25,4,3,31,2,40,21,0,21,61
03/09/2020,DEC,IL,AGL,CE,Federal Contract Tower,4,1,0,0,5,0,0,16,0,16,4,1,16,0,21,34,0,34,55
03/10/2020,DEC,IL,AGL,CE,Federal Contract Tower,2,2,0,11,15,0,0,0,0,0,2,2,0,11,15,0,0,0,15
03/11/2020,DEC,IL,AGL,CE,Federal Contract Tower,4,0,1,4,9,0,0,13,3,16,4,0,14,7,25,34,16,50,75
03/13/2020,DEC,IL,AGL,CE,Federal Contract Tower,3,2,4,1,10,0,0,23,5,28,3,2,27,6,38,44,16,60,98
03/14/2020,DEC,IL,AGL,CE,Federal Contract Tower,1,2,0,0,3,0,0,13,10,23,1,2,13,10,26,20,0,20,46
03/15/2020,DEC,IL,AGL,CE,Federal Contract Tower,3,0,11,0,14,0,0,18,0,18,3,0,29,0,32,40,0,40,72
03/16/2020,DEC,IL,AGL,CE,Federal Contract Tower,4,3,2,0,9,0,0,17,0,17,4,3,19,0,26,44,0,44,70
03/17/2020,DEC,IL,AGL,CE,Federal Contract Tower,1,1,6,0,8,0,0,33,8,41,1,1,39,8,49,50,16,66,115
03/18/2020,DEC,IL,AGL,CE,Federal Contract Tower,3,1,3,2,9,0,0,8,0,8,3,1,11,2,17,7,0,7,24
03/19/2020,DEC,IL,AGL,CE,Federal Contract Tower,3,3,0,0,6,0,0,0,0,0,3,3,0,0,6,0,0,0,6
03/20/2020,DEC,IL,AGL,CE,Federal Contract Tower,3,2,0,0,5,0,0,7,0,7,3,2,7,0,12,16,0,16,28
03/21/2020,DEC,IL,AGL,CE,Federal Contract Tower,1,5,12,0,18,0,0,17,0,17,1,5,29,0,35,30,0,30,65
03/22/2020,DEC,IL,AGL,CE,Federal Contract Tower,1,1,0,0,2,0,0,5,0,5,1,1,5,0,7,10,0,10,17
03/23/2020,DEC,IL,AGL,CE,Federal Contract Tower,2,2,0,0,4,0,0,4,0,4,2,2,4,0,8,50,0,50,58
03/24/2020,DEC,IL,AGL,CE,Federal Contract Tower,0,3,2,0,5,0,0,4,0,4,0,3,6,0,9,22,0,22,31
03/25/2020,DEC,IL,AGL,CE,Federal Contract Tower,4,2,4,3,13,0,0,18,0,18,4,2,22,3,31,33,0,33,64
03/26/2020,DEC,IL,AGL,CE,Federal Contract Tower,4,2,1,0,7,0,0,18,0,18,4,2,19,0,25,51,0,51,76
03/27/2020,DEC,IL,AGL,CE,Federal Contract Tower,3,1,3,2,9,0,0,0,0,0,3,1,3,2,9,0,0,0,9
03/28/2020,DEC,IL,AGL,CE,Federal Contract Tower,2,2,8,0,12,0,0,16,0,16,2,2,24,0,28,41,0,41,69
03/29/2020,DEC,IL,AGL,CE,Federal Contract Tower,4,2,2,0,8,0,0,14,0,14,4,2,16,0,22,26,0,26,48
03/30/2020,DEC,IL,AGL,CE,Federal Contract Tower,5,2,2,0,9,0,0,42,0,42,5,2,44,0,51,62,0,62,113
03/31/2020,DEC,IL,AGL,CE,Federal Contract Tower,4,1,10,0,15,0,0,32,0,32,4,1,42,0,47,50,0,50,97
04/01/2020,DEC,IL,AGL,CE,Federal Contract Tower,4,0,0,0,4,0,0,46,0,46,4,0,46,0,50,47,0,47,97
04/02/2020,DEC,IL,AGL,CE,Federal Contract Tower,4,3,6,0,13,0,0,42,0,42,4,3,48,0,55,53,0,53,108
04/03/2020,DEC,IL,AGL,CE,Federal Contract Tower,5,0,2,2,9,0,0,29,0,29,5,0,31,2,38,28,0,28,66
04/04/2020,DEC,IL,AGL,CE,Federal Contract Tower,2,1,6,0,9,0,0,7,0,7,2,1,13,0,16,22,0,22,38
04/05/2020,DEC,IL,AGL,CE,Federal Contract Tower,4,0,3,0,7,0,0,40,0,40,4,0,43,0,47,60,0,60,107
04/06/2020,DEC,IL,AGL,CE,Federal Contract Tower,4,0,2,3,9,0,0,16,8,24,4,0,18,11,33,44,3,47,80
04/07/2020,DEC,IL,AGL,CE,Federal Contract Tower,2,1,4,5,12,0,0,24,3,27,2,1,28,8,39,62,8,70,109
04/08/2020,DEC,IL,AGL,CE,Federal Contract Tower,3,1,2,2,8,0,0,23,0,23,3,1,25,2,31,39,0,39,70
04/09/2020,DEC,IL,AGL,CE,Federal Contract Tower,3,4,2,0,9,0,0,20,1,21,3,4,22,1,30,40,0,40,70
04/10/2020,DEC,IL,AGL,CE,Federal Contract Tower,4,2,0,4,10,0,0,22,0,22,4,2,22,4,32,23,0,23,55
04/11/2020,DEC,IL,AGL,CE,Federal Contract Tower,2,1,0,0,3,0,1,20,2,23,2,2,20,2,26,21,0,21,47
04/12/2020,DEC,IL,AGL,CE,Federal Contract Tower,4,0,0,0,4,0,0,9,0,9,4,0,9,0,13,6,0,6,19
04/13/2020,DEC,IL,AGL,CE,Federal Contract Tower,4,0,0,0,4,0,0,15,0,15,4,0,15,0,19,18,0,18,37
04/14/2020,DEC,IL,AGL,CE,Federal Contract Tower,2,1,0,0,3,0,0,18,2,20,2,1,18,2,23,38,26,64,87
04/15/2020,DEC,IL,AGL,CE,Federal Contract Tower,4,1,3,2,10,0,0,24,1,25,4,1,27,3,35,26,10,36,71
04/16/2020,DEC,IL,AGL,CE,Federal Contract Tower,4,5,0,0,9,0,0,20,0,20,4,5,20,0,29,31,0,31,60
04/17/2020,DEC,IL,AGL,CE,Federal Contract Tower,4,1,2,2,9,0,0,8,0,8,4,1,10,2,17,16,0,16,33
04/18/2020,DEC,IL,AGL,CE,Federal Contract Tower,2,2,0,0,4,0,0,16,0,16,2,2,16,0,20,31,0,31,51
04/19/2020,DEC,IL,AGL,CE,Federal Contract Tower,4,0,5,0,9,0,0,20,0,20,4,0,25,0,29,48,0,48,77
04/20/2020,DEC,IL,AGL,CE,Federal Contract Tower,0,4,0,0,4,0,0,19,0,19,0,4,19,0,23,12,0,12,35
04/21/2020,DEC,IL,AGL,CE,Federal Contract Tower,2,4,3,2,11,0,0,15,7,22,2,4,18,9,33,12,0,12,45
04/22/2020,DEC,IL,AGL,CE,Federal Contract Tower,4,1,4,2,11,0,0,11,2,13,4,1,15,4,24,28,0,28,52
04/23/2020,DEC,IL,AGL,CE,Federal Contract Tower,4,1,2,0,7,0,0,8,0,8,4,1,10,0,15,17,0,17,32
04/24/2020,DEC,IL,AGL,CE,Federal Contract Tower,4,0,2,0,6,0,0,7,0,7,4,0,9,0,13,11,0,11,24
04/25/2020,DEC,IL,AGL,CE,Federal Contract Tower,2,4,4,0,10,0,0,0,0,0,2,4,4,0,10,0,0,0,10
04/26/2020,DEC,IL,AGL,CE,Federal Contract Tower,4,0,14,0,18,0,0,28,0,28,4,0,42,0,46,40,0,40,86
04/27/2020,DEC,IL,AGL,CE,Federal Contract Tower,4,3,0,0,7,0,0,21,0,21,4,3,21,0,28,29,0,29,57
04/28/2020,DEC,IL,AGL,CE,Federal Contract Tower,2,3,0,0,5,0,0,15,0,15,2,3,15,0,20,23,0,23,43
04/29/2020,DEC,IL,AGL,CE,Federal Contract Tower,4,4,0,2,10,0,0,4,0,4,4,4,4,2,14,4,0,4,18
04/30/2020,DEC,IL,AGL,CE,Federal Contract Tower,2,5,1,2,10,0,0,6,2,8,2,5,7,4,18,7,0,7,25
05/01/2020,DEC,IL,AGL,CE,Federal Contract Tower,2,1,8,0,11,0,0,25,0,25,2,1,33,0,36,7,0,7,43
05/02/2020,DEC,IL,AGL,CE,Federal Contract Tower,2,1,2,0,5,0,0,30,0,30,2,1,32,0,35,42,0,42,77
05/03/2020,DEC,IL,AGL,CE,Federal Contract Tower,3,0,1,0,4,0,0,14,0,14,3,0,15,0,18,22,0,22,40
05/04/2020,DEC,IL,AGL,CE,Federal Contract Tower,3,1,0,0,4,0,0,17,2,19,3,1,17,2,23,16,0,16,39
05/05/2020,DEC,IL,AGL,CE,Federal Contract Tower,0,1,6,2,9,0,0,0,3,3,0,1,6,5,12,19,0,19,31
05/06/2020,DEC,IL,AGL,CE,Federal Contract Tower,2,8,0,4,14,0,0,10,0,10,2,8,10,4,24,12,0,12,36
05/07/2020,DEC,IL,AGL,CE,Federal Contract Tower,2,1,0,0,3,0,0,13,8,21,2,1,13,8,24,19,26,45,69
05/08/2020,DEC,IL,AGL,CE,Federal Contract Tower,3,2,0,0,5,0,0,9,0,9,3,2,9,0,14,7,0,7,21
05/09/2020,DEC,IL,AGL,CE,Federal Contract Tower,2,3,1,0,6,0,0,33,0,33,2,3,34,0,39,50,0,50,89
05/10/2020,DEC,IL,AGL,CE,Federal Contract Tower,3,2,0,0,5,0,0,8,0,8,3,2,8,0,13,6,0,6,19
05/11/2020,DEC,IL,AGL,CE,Federal Contract Tower,2,0,2,2,6,0,0,19,0,19,2,0,21,2,25,33,0,33,58
05/12/2020,DEC,IL,AGL,CE,Federal Contract Tower,2,1,0,2,5,0,0,26,10,36,2,1,26,12,41,21,7,28,69
05/13/2020,DEC,IL,AGL,CE,Federal Contract Tower,2,2,0,0,4,0,0,11,6,17,2,2,11,6,21,34,14,48,69
05/14/2020,DEC,IL,AGL,CE,Federal Contract Tower,2,1,0,0,3,0,0,6,4,10,2,1,6,4,13,15,0,15,28
05/15/2020,DEC,IL,AGL,CE,Federal Contract Tower,2,1,0,0,3,0,0,11,3,14,2,1,11,3,17,30,18,48,65
05/16/2020,DEC,IL,AGL,CE,Federal Contract Tower,2,2,8,0,12,0,0,22,2,24,2,2,30,2,36,28,4,32,68
05/17/2020,DEC,IL,AGL,CE,Federal Contract Tower,0,2,0,0,2,0,0,4,0,4,0,2,4,0,6,16,0,16,22
05/18/2020,DEC,IL,AGL,CE,Federal Contract Tower,2,0,3,0,5,0,0,13,0,13,2,0,16,0,18,22,0,22,40
05/19/2020,DEC,IL,AGL,CE,Federal Contract Tower,2,1,9,0,12,0,0,6,2,8,2,1,15,2,20,11,38,49,69
05/20/2020,DEC,IL,AGL,CE,Federal Contract Tower,2,2,3,4,11,0,0,10,0,10,2,2,13,4,21,12,0,12,33
05/21/2020,DEC,IL,AGL,CE,Federal Contract Tower,2,1,1,12,16,0,0,26,21,47,2,1,27,33,63,59,60,119,182
05/22/2020,DEC,IL,AGL,CE,Federal Contract Tower,2,1,4,0,7,0,0,46,0,46,2,1,50,0,53,70,0,70,123
05/23/2020,DEC,IL,AGL,CE,Federal Contract Tower,2,1,1,0,4,0,1,33,0,34,2,2,34,0,38,34,0,34,72
05/24/2020,DEC,IL,AGL,CE,Federal Contract Tower,2,0,8,0,10,0,0,21,0,21,2,0,29,0,31,34,0,34,65
05/25/2020,DEC,IL,AGL,CE,Federal Contract Tower,2,0,2,0,4,0,0,24,0,24,2,0,26,0,28,33,0,33,61
05/26/2020,DEC,IL,AGL,CE,Federal Contract Tower,2,1,1,0,4,0,0,20,3,23,2,1,21,3,27,48,11,59,86
05/27/2020,DEC,IL,AGL,CE,Federal Contract Tower,2,1,8,2,13,0,0,19,3,22,2,1,27,5,35,14,5,19,54
05/28/2020,DEC,IL,AGL,CE,Federal Contract Tower,2,5,2,0,9,0,0,14,9,23,2,5,16,9,32,44,48,92,124
05/29/2020,DEC,IL,AGL,CE,Federal Contract Tower,3,2,6,1,12,0,0,39,2,41,3,2,45,3,53,61,0,61,114
05/30/2020,DEC,IL,AGL,CE,Federal Contract Tower,2,2,0,1,5,0,0,30,1,31,2,2,30,2,36,63,14,77,113
05/31/2020,DEC,IL,AGL,CE,Federal Contract Tower,0,2,8,0,10,0,0,38,0,38,0,2,46,0,48,58,0,58,106
06/01/2020,DEC,IL,AGL,CE,Federal Contract Tower,2,1,2,0,5,0,0,23,0,23,2,1,25,0,28,50,0,50,78
06/02/2020,DEC,IL,AGL,CE,Federal Contract Tower,2,3,2,2,9,0,0,19,5,24,2,3,21,7,33,39,9,48,81
06/03/2020,DEC,IL,AGL,CE,Federal Contract Tower,2,1,1,0,4,0,0,10,3,13,2,1,11,3,17,33,11,44,61
06/04/2020,DEC,IL,AGL,CE,Federal Contract Tower,2,5,0,0,7,0,0,20,7,27,2,5,20,7,34,22,10,32,66
06/05/2020,DEC,IL,AGL,CE,Federal Contract Tower,2,1,0,2,5,0,0,14,0,14,2,1,14,2,19,33,0,33,52
06/06/2020,DEC,IL,AGL,CE,Federal Contract Tower,2,3,3,0,8,0,0,33,0,33,2,3,36,0,41,54,0,54,95
06/07/2020,DEC,IL,AGL,CE,Federal Contract Tower,2,0,6,4,12,0,0,25,2,27,2,0,31,6,39,40,8,48,87
06/08/2020,DEC,IL,AGL,CE,Federal Contract Tower,2,2,1,0,5,0,0,85,0,85,2,2,86,0,90,38,0,38,128
06/09/2020,DEC,IL,AGL,CE,Federal Contract Tower,2,4,0,0,6,0,0,8,0,8,2,4,8,0,14,8,0,8,22
06/10/2020,DEC,IL,AGL,CE,Federal Contract Tower,2,2,2,2,8,0,0,10,6,16,2,2,12,8,24,16,23,39,63
06/11/2020,DEC,IL,AGL,CE,Federal Contract Tower,2,3,3,2,10,0,1,24,5,30,2,4,27,7,40,52,0,52,92
06/12/2020,DEC,IL,AGL,CE,Federal Contract Tower,2,3,1,0,6,0,0,30,0,30,2,3,31,0,36,50,0,50,86
06/13/2020,DEC,IL,AGL,CE,Federal Contract Tower,2,3,1,0,6,0,1,25,0,26,2,4,26,0,32,42,0,42,74
06/14/2020,DEC,IL,AGL,CE,Federal Contract Tower,2,0,0,0,2,0,0,21,0,21,2,0,21,0,23,46,0,46,69
06/15/2020,DEC,IL,AGL,CE,Federal Contract Tower,2,1,2,0,5,0,0,29,0,29,2,1,31,0,34,44,0,44,78
06/16/2020,DEC,IL,AGL,CE,Federal Contract Tower,2,4,2,0,8,0,0,44,9,53,2,4,46,9,61,29,29,58,119
06/17/2020,DEC,IL,AGL,CE,Federal Contract Tower,2,3,6,2,13,0,0,28,7,35,2,3,34,9,48,59,7,66,114
06/18/2020,DEC,IL,AGL,CE,Federal Contract Tower,2,1,5,1,9,0,0,23,3,26,2,1,28,4,35,54,4,58,93
06/19/2020,DEC,IL,AGL,CE,Federal Contract Tower,2,1,1,0,4,0,0,35,0,35,2,1,36,0,39,63,0,63,102
06/20/2020,DEC,IL,AGL,CE,Federal Contract Tower,0,4,1,0,5,0,0,20,0,20,0,4,21,0,25,33,0,33,58
06/21/2020,DEC,IL,AGL,CE,Federal Contract Tower,2,2,0,0,4,0,0,19,0,19,2,2,19,0,23,39,0,39,62
06/22/2020,DEC,IL,AGL,CE,Federal Contract Tower,2,0,6,0,8,0,0,26,1,27,2,0,32,1,35,74,3,77,112
06/23/2020,DEC,IL,AGL,CE,Federal Contract Tower,2,2,11,0,15,0,0,44,4,48,2,2,55,4,63,118,6,124,187
06/24/2020,DEC,IL,AGL,CE,Federal Contract Tower,2,2,0,0,4,0,0,27,8,35,2,2,27,8,39,34,8,42,81
06/25/2020,DEC,IL,AGL,CE,Federal Contract Tower,2,1,5,0,8,0,0,27,10,37,2,1,32,10,45,42,4,46,91
06/26/2020,DEC,IL,AGL,CE,Federal Contract Tower,2,1,2,0,5,0,0,20,3,23,2,1,22,3,28,37,0,37,65
06/27/2020,DEC,IL,AGL,CE,Federal Contract Tower,2,1,2,0,5,0,0,12,0,12,2,1,14,0,17,26,0,26,43
06/28/2020,DEC,IL,AGL,CE,Federal Contract Tower,2,0,6,0,8,0,0,20,0,20,2,0,26,0,28,95,0,95,123
06/29/2020,DEC,IL,AGL,CE,Federal Contract Tower,2,0,1,0,3,0,0,36,0,36,2,0,37,0,39,45,0,45,84
06/30/2020,DEC,IL,AGL,CE,Federal Contract Tower,2,3,0,0,5,0,0,24,8,32,2,3,24,8,37,43,12,55,92
07/01/2020,DEC,IL,AGL,CE,Federal Contract Tower,2,7,2,4,15,0,0,24,6,30,2,7,26,10,45,27,22,49,94
07/02/2020,DEC,IL,AGL,CE,Federal Contract Tower,2,1,6,0,9,0,0,19,2,21,2,1,25,2,30,39,0,39,69
07/03/2020,DEC,IL,AGL,CE,Federal Contract Tower,2,3,3,0,8,0,0,27,0,27,2,3,30,0,35,42,0,42,77
07/04/2020,DEC,IL,AGL,CE,Federal Contract Tower,2,0,0,0,2,0,0,31,0,31,2,0,31,0,33,44,0,44,77
07/05/2020,DEC,IL,AGL,CE,Federal Contract Tower,2,0,1,0,3,0,0,25,0,25,2,0,26,0,28,46,0,46,74
07/06/2020,DEC,IL,AGL,CE,Federal Contract Tower,3,0,2,0,5,0,0,35,0,35,3,0,37,0,40,45,0,45,85
07/07/2020,DEC,IL,AGL,CE,Federal Contract Tower,1,1,4,0,6,0,0,35,2,37,1,1,39,2,43,33,10,43,86
07/08/2020,DEC,IL,AGL,CE,Federal Contract Tower,4,3,4,1,12,0,0,20,4,24,4,3,24,5,36,20,0,20,56
07/09/2020,DEC,IL,AGL,CE,Federal Contract Tower,4,2,3,0,9,0,0,24,1,25,4,2,27,1,34,32,0,32,66
07/10/2020,DEC,IL,AGL,CE,Federal Contract Tower,2,1,4,3,10,0,0,21,3,24,2,1,25,6,34,85,0,85,119
07/11/2020,DEC,IL,AGL,CE,Federal Contract Tower,2,0,2,0,4,0,0,29,0,29,2,0,31,0,33,56,0,56,89
07/12/2020,DEC,IL,AGL,CE,Federal Contract Tower,3,1,3,1,8,0,0,56,2,58,3,1,59,3,66,42,4,46,112
07/13/2020,DEC,IL,AGL,CE,Federal Contract Tower,4,0,1,0,5,0,0,136,0,136,4,0,137,0,141,58,0,58,199
07/14/2020,DEC,IL,AGL,CE,Federal Contract Tower,2,1,7,0,10,0,0,122,6,128,2,1,129,6,138,30,4,34,172
07/15/2020,DEC,IL,AGL,CE,Federal Contract Tower,4,2,1,0,7,0,0,65,5,70,4,2,66,5,77,8,0,8,85
07/16/2020,DEC,IL,AGL,CE,Federal Contract Tower,4,2,8,0,14,0,0,73,7,80,4,2,81,7,94,46,4,50,144
07/17/2020,DEC,IL,AGL,CE,Federal Contract Tower,4,1,5,0,10,0,0,67,1,68,4,1,72,1,78,67,0,67,145
07/18/2020,DEC,IL,AGL,CE,Federal Contract Tower,2,1,6,0,9,0,1,61,0,62,2,2,67,0,71,47,0,47,118
07/19/2020,DEC,IL,AGL,CE,Federal Contract Tower,4,0,5,0,9,0,0,58,1,59,4,0,63,1,68,32,0,32,100
07/20/2020,DEC,IL,AGL,CE,Federal Contract Tower,4,0,3,5,12,0,0,155,5,160,4,0,158,10,172,36,16,52,224
07/21/2020,DEC,IL,AGL,CE,Federal Contract Tower,2,1,3,2,8,0,0,55,1,56,2,1,58,3,64,14,0,14,78
07/22/2020,DEC,IL,AGL,CE,Federal Contract Tower,4,1,10,1,16,0,0,80,3,83,4,1,90,4,99,22,8,30,129
07/23/2020,DEC,IL,AGL,CE,Federal Contract Tower,4,1,8,1,14,0,0,58,11,69,4,1,66,12,83,39,17,56,139
07/24/2020,DEC,IL,AGL,CE,Federal Contract Tower,2,2,6,3,13,0,0,61,2,63,2,2,67,5,76,38,6,44,120
07/25/2020,DEC,IL,AGL,CE,Federal Contract Tower,2,1,1,0,4,0,1,74,0,75,2,2,75,0,79,26,0,26,105
07/26/2020,DEC,IL,AGL,CE,Federal Contract Tower,4,2,10,0,16,0,0,43,1,44,4,2,53,1,60,48,0,48,108
07/27/2020,DEC,IL,AGL,CE,Federal Contract Tower,5,0,4,0,9,0,0,36,0,36,5,0,40,0,45,11,0,11,56
07/28/2020,DEC,IL,AGL,CE,Federal Contract Tower,2,4,3,0,9,0,0,59,0,59,2,4,62,0,68,26,0,26,94
07/29/2020,DEC,IL,AGL,CE,Federal Contract Tower,5,1,13,0,19,0,0,60,0,60,5,1,73,0,79,54,0,54,133
07/30/2020,DEC,IL,AGL,CE,Federal Contract Tower,3,5,3,0,11,0,0,13,0,13,3,5,16,0,24,28,0,28,52
07/31/2020,DEC,IL,AGL,CE,Federal Contract Tower,4,1,0,1,6,0,0,29,2,31,4,1,29,3,37,36,12,48,85
08/01/2020,DEC,IL,AGL,CE,Federal Contract Tower,2,2,3,0,7,0,0,18,2,20,2,2,21,2,27,49,2,51,78
08/02/2020,DEC,IL,AGL,CE,Federal Contract Tower,4,0,10,0,14,0,0,84,0,84,4,0,94,0,98,36,0,36,134
08/03/2020,DEC,IL,AGL,CE,Federal Contract Tower,4,1,2,0,7,0,0,22,0,22,4,1,24,0,29,20,0,20,49
08/04/2020,DEC,IL,AGL,CE,Federal Contract Tower,2,1,3,0,6,0,0,45,2,47,2,1,48,2,53,21,0,21,74
08/05/2020,DEC,IL,AGL,CE,Federal Contract Tower,4,1,3,0,8,0,0,63,2,65,4,1,66,2,73,52,8,60,133
08/06/2020,DEC,IL,AGL,CE,Federal Contract Tower,4,0,0,0,4,0,0,65,2,67,4,0,65,2,71,24,0,24,95
08/07/2020,DEC,IL,AGL,CE,Federal Contract Tower,4,3,4,0,11,0,0,52,1,53,4,3,56,1,64,44,0,44,108
08/08/2020,DEC,IL,AGL,CE,Federal Contract Tower,2,2,0,0,4,0,0,50,1,51,2,2,50,1,55,58,4,62,117
08/09/2020,DEC,IL,AGL,CE,Federal Contract Tower,4,0,1,0,5,0,0,41,0,41,4,0,42,0,46,38,0,38,84
08/10/2020,DEC,IL,AGL,CE,Federal Contract Tower,3,0,1,10,14,0,0,22,2,24,3,0,23,12,38,24,10,34,72
08/11/2020,DEC,IL,AGL,CE,Federal Contract Tower,1,4,7,0,12,0,0,23,0,23,1,4,30,0,35,12,0,12,47
08/12/2020,DEC,IL,AGL,CE,Federal Contract Tower,4,6,3,0,13,0,0,39,0,39,4,6,42,0,52,74,0,74,126
08/13/2020,DEC,IL,AGL,CE,Federal Contract Tower,4,2,1,0,7,0,0,37,0,37,4,2,38,0,44,56,0,56,100
08/14/2020,DEC,IL,AGL,CE,Federal Contract Tower,4,1,4,3,12,0,0,37,1,38,4,1,41,4,50,30,6,36,86
08/15/2020,DEC,IL,AGL,CE,Federal Contract Tower,2,1,1,0,4,0,0,33,5,38,2,1,34,5,42,61,4,65,107
08/16/2020,DEC,IL,AGL,CE,Federal Contract Tower,4,0,1,0,5,0,0,32,0,32,4,0,33,0,37,57,0,57,94
08/17/2020,DEC,IL,AGL,CE,Federal Contract Tower,4,3,2,0,9,0,0,29,8,37,4,3,31,8,46,23,8,31,77
08/18/2020,DEC,IL,AGL,CE,Federal Contract Tower,2,5,0,4,11,0,0,35,7,42,2,5,35,11,53,20,26,46,99
08/19/2020,DEC,IL,AGL,CE,Federal Contract Tower,4,3,7,2,16,0,0,25,2,27,4,3,32,4,43,46,2,48,91
08/20/2020,DEC,IL,AGL,CE,Federal Contract Tower,4,1,2,2,9,0,0,48,3,51,4,1,50,5,60,38,8,46,106
08/21/2020,DEC,IL,AGL,CE,Federal Contract Tower,4,1,3,0,8,0,0,30,12,42,4,1,33,12,50,26,68,94,144
08/22/2020,DEC,IL,AGL,CE,Federal Contract Tower,2,2,2,0,6,0,0,29,1,30,2,2,31,1,36,52,3,55,91
08/23/2020,DEC,IL,AGL,CE,Federal Contract Tower,4,0,2,0,6,0,0,30,0,30,4,0,32,0,36,29,0,29,65
08/24/2020,DEC,IL,AGL,CE,Federal Contract Tower,4,0,0,0,4,0,0,26,0,26,4,0,26,0,30,25,0,25,55
08/25/2020,DEC,IL,AGL,CE,Federal Contract Tower,2,1,2,0,5,0,0,32,17,49,2,1,34,17,54,43,28,71,125
08/26/2020,DEC,IL,AGL,CE,Federal Contract Tower,4,1,2,0,7,0,0,34,2,36,4,1,36,2,43,56,0,56,99
08/27/2020,DEC,IL,AGL,CE,Federal Contract Tower,4,1,1,4,10,0,0,18,15,33,4,1,19,19,43,37,52,89,132
08/28/2020,DEC,IL,AGL,CE,Federal Contract Tower,4,1,4,0,9,0,1,57,1,59,4,2,61,1,68,44,0,44,112
08/29/2020,DEC,IL,AGL,CE,Federal Contract Tower,2,2,8,0,12,0,0,34,0,34,2,2,42,0,46,58,0,58,104
08/30/2020,DEC,IL,AGL,CE,Federal Contract Tower,4,0,3,0,7,0,0,33,0,33,4,0,36,0,40,42,0,42,82
08/31/2020,DEC,IL,AGL,CE,Federal Contract Tower,4,0,8,4,16,0,0,30,2,32,4,0,38,6,48,24,4,28,76
09/01/2020,DEC,IL,AGL,CE,Federal Contract Tower,2,3,8,2,15,0,0,19,0,19,2,3,27,2,34,16,0,16,50
09/02/2020,DEC,IL,AGL,CE,Federal Contract Tower,4,1,12,0,17,0,0,33,0,33,4,1,45,0,50,62,0,62,112
09/03/2020,DEC,IL,AGL,CE,Federal Contract Tower,4,3,2,1,10,0,0,26,4,30,4,3,28,5,40,66,33,99,139
09/04/2020,DEC,IL,AGL,CE,Federal Contract Tower,4,1,9,2,16,0,0,27,0,27,4,1,36,2,43,56,0,56,99
09/05/2020,DEC,IL,AGL,CE,Federal Contract Tower,1,2,0,0,3,0,0,31,1,32,1,2,31,1,35,37,0,37,72
09/06/2020,DEC,IL,AGL,CE,Federal Contract Tower,2,0,12,0,14,0,0,22,0,22,2,0,34,0,36,43,0,43,79
09/07/2020,DEC,IL,AGL,CE,Federal Contract Tower,4,4,5,0,13,0,0,17,1,18,4,4,22,1,31,10,0,10,41
09/08/2020,DEC,IL,AGL,CE,Federal Contract Tower,2,1,1,0,4,0,0,8,3,11,2,1,9,3,15,23,0,23,38
09/09/2020,DEC,IL,AGL,CE,Federal Contract Tower,4,1,9,1,15,0,0,24,0,24,4,1,33,1,39,30,0,30,69
09/10/2020,DEC,IL,AGL,CE,Federal Contract Tower,4,4,6,2,16,0,0,17,0,17,4,4,23,2,33,0,0,0,33
09/11/2020,DEC,IL,AGL,CE,Federal Contract Tower,4,2,0,0,6,0,0,32,0,32,4,2,32,0,38,24,0,24,62
09/12/2020,DEC,IL,AGL,CE,Federal Contract Tower,2,2,3,0,7,0,0,0,0,0,2,2,3,0,7,0,0,0,7
09/13/2020,DEC,IL,AGL,CE,Federal Contract Tower,4,0,9,2,15,0,0,29,4,33,4,0,38,6,48,41,4,45,93
09/14/2020,DEC,IL,AGL,CE,Federal Contract Tower,4,3,4,3,14,0,0,29,2,31,4,3,33,5,45,31,0,31,76
09/15/2020,DEC,IL,AGL,CE,Federal Contract Tower,2,2,0,1,5,0,0,33,1,34,2,2,33,2,39,49,4,53,92
09/16/2020,DEC,IL,AGL,CE,Federal Contract Tower,4,3,5,1,13,0,0,38,11,49,4,3,43,12,62,39,2,41,103
09/17/2020,DEC,IL,AGL,CE,Federal Contract Tower,4,1,8,4,17,0,0,30,9,39,4,1,38,13,56,57,0,57,113
09/18/2020,DEC,IL,AGL,CE,Federal Contract Tower,4,1,0,0,5,0,0,25,6,31,4,1,25,6,36,41,4,45,81
09/19/2020,DEC,IL,AGL,CE,Federal Contract Tower,2,2,3,0,7,0,0,41,2,43,2,2,44,2,50,34,10,44,94
09/20/2020,DEC,IL,AGL,CE,Federal Contract Tower,4,2,7,0,13,0,0,40,0,40,4,2,47,0,53,36,0,36,89
09/21/2020,DEC,IL,AGL,CE,Federal Contract Tower,4,0,4,10,18,0,0,30,4,34,4,0,34,14,52,33,40,73,125
09/22/2020,DEC,IL,AGL,CE,Federal Contract Tower,1,1,2,2,6,0,0,26,2,28,1,1,28,4,34,49,5,54,88
09/23/2020,DEC,IL,AGL,CE,Federal Contract Tower,3,4,14,3,24,0,0,27,24,51,3,4,41,27,75,61,54,115,190
09/24/2020,DEC,IL,AGL,CE,Federal Contract Tower,4,3,2,0,9,0,0,25,6,31,4,3,27,6,40,46,1,47,87
09/25/2020,DEC,IL,AGL,CE,Federal Contract Tower,4,2,6,2,14,0,0,38,0,38,4,2,44,2,52,68,0,68,120
09/26/2020,DEC,IL,AGL,CE,Federal Contract Tower,2,3,12,0,17,0,0,24,0,24,2,3,36,0,41,42,0,42,83
09/27/2020,DEC,IL,AGL,CE,Federal Contract Tower,4,2,15,0,21,0,0,28,0,28,4,2,43,0,49,55,0,55,104
09/28/2020,DEC,IL,AGL,CE,Federal Contract Tower,4,1,12,0,17,0,0,16,1,17,4,1,28,1,34,24,4,28,62
09/29/2020,DEC,IL,AGL,CE,Federal Contract Tower,2,1,8,2,13,0,0,28,2,30,2,1,36,4,43,39,7,46,89
09/30/2020,DEC,IL,AGL,CE,Federal Contract Tower,4,5,2,2,13,0,0,25,1,26,4,5,27,3,39,54,0,54,93
10/01/2020,DEC,IL,AGL,CE,Federal Contract Tower,4,2,2,0,8,0,0,30,5,35,4,2,32,5,43,60,16,76,119
10/02/2020,DEC,IL,AGL,CE,Federal Contract Tower,4,3,1,0,8,0,0,25,0,25,4,3,26,0,33,72,0,72,105
10/03/2020,DEC,IL,AGL,CE,Federal Contract Tower,2,1,4,0,7,0,0,29,0,29,2,1,33,0,36,53,0,53,89
10/04/2020,DEC,IL,AGL,CE,Federal Contract Tower,4,0,10,0,14,0,0,22,0,22,4,0,32,0,36,44,0,44,80
10/05/2020,DEC,IL,AGL,CE,Federal Contract Tower,4,0,1,2,7,0,0,20,1,21,4,0,21,3,28,29,8,37,65
10/06/2020,DEC,IL,AGL,CE,Federal Contract Tower,2,2,1,10,15,0,0,15,10,25,2,2,16,20,40,26,36,62,102
10/07/2020,DEC,IL,AGL,CE,Federal Contract Tower,4,3,3,2,12,0,0,31,0,31,4,3,34,2,43,62,0,62,105
10/08/2020,DEC,IL,AGL,CE,Federal Contract Tower,3,1,2,7,13,0,0,27,0,27,3,1,29,7,40,49,0,49,89
10/09/2020,DEC,IL,AGL,CE,Federal Contract Tower,6,1,5,2,14,0,0,30,0,30,6,1,35,2,44,57,0,57,101
10/10/2020,DEC,IL,AGL,CE,Federal Contract Tower,2,1,3,0,6,0,0,36,0,36,2,1,39,0,42,47,0,47,89
10/11/2020,DEC,IL,AGL,CE,Federal Contract Tower,4,0,8,0,12,0,0,31,0,31,4,0,39,0,43,45,0,45,88
10/12/2020,DEC,IL,AGL,CE,Federal Contract Tower,4,0,5,0,9,0,0,13,0,13,4,0,18,0,22,25,0,25,47
10/13/2020,DEC,IL,AGL,CE,Federal Contract Tower,2,1,2,1,6,0,0,18,7,25,2,1,20,8,31,33,8,41,72
10/14/2020,DEC,IL,AGL,CE,Federal Contract Tower,4,1,0,5,10,0,0,19,5,24,4,1,19,10,34,26,10,36,70
10/15/2020,DEC,IL,AGL,CE,Federal Contract Tower,4,2,1,3,10,0,0,24,11,35,4,2,25,14,45,57,10,67,112
10/16/2020,DEC,IL,AGL,CE,Federal Contract Tower,4,5,1,0,10,0,0,26,9,35,4,5,27,9,45,46,36,82,127
10/17/2020,DEC,IL,AGL,CE,Federal Contract Tower,2,1,5,0,8,0,0,21,0,21,2,1,26,0,29,33,0,33,62
10/18/2020,DEC,IL,AGL,CE,Federal Contract Tower,4,2,5,0,11,0,0,23,3,26,4,2,28,3,37,34,0,34,71
10/19/2020,DEC,IL,AGL,CE,Federal Contract Tower,4,1,1,0,6,0,0,14,0,14,4,1,15,0,20,25,0,25,45
10/20/2020,DEC,IL,AGL,CE,Federal Contract Tower,2,5,2,3,12,0,0,13,2,15,2,5,15,5,27,23,0,23,50
10/21/2020,DEC,IL,AGL,CE,Federal Contract Tower,4,2,6,1,13,0,0,6,0,6,4,2,12,1,19,0,0,0,19
10/22/2020,DEC,IL,AGL,CE,Federal Contract Tower,4,1,5,2,12,0,0,25,22,47,4,1,30,24,59,53,56,109,168
10/23/2020,DEC,IL,AGL,CE,Federal Contract Tower,4,1,1,2,8,0,0,5,0,5,4,1,6,2,13,34,0,34,47
10/24/2020,DEC,IL,AGL,CE,Federal Contract Tower,2,2,3,2,9,0,0,15,12,27,2,2,18,14,36,16,15,31,67
10/25/2020,DEC,IL,AGL,CE,Federal Contract Tower,4,0,2,0,6,0,0,19,0,19,4,0,21,0,25,66,0,66,91
10/26/2020,DEC,IL,AGL,CE,Federal Contract Tower,2,1,2,8,13,0,0,3,0,3,2,1,5,8,16,9,0,9,25
10/27/2020,DEC,IL,AGL,CE,Federal Contract Tower,2,1,2,2,7,0,0,0,0,0,2,1,2,2,7,0,0,0,7
10/28/2020,DEC,IL,AGL,CE,Federal Contract Tower,4,1,3,6,14,0,0,28,0,28,4,1,31,6,42,54,0,54,96
10/29/2020,DEC,IL,AGL,CE,Federal Contract Tower,4,1,0,5,10,0,0,13,12,25,4,1,13,17,35,27,62,89,124
10/30/2020,DEC,IL,AGL,CE,Federal Contract Tower,4,1,6,5,16,0,0,27,1,28,4,1,33,6,44,48,4,52,96
10/31/2020,DEC,IL,AGL,CE,Federal Contract Tower,2,3,5,0,10,0,0,19,0,19,2,3,24,0,29,39,0,39,68
11/01/2020,DEC,IL,AGL,CE,Federal Contract Tower,4,3,0,0,7,0,0,14,0,14,4,3,14,0,21,22,0,22,43
11/02/2020,DEC,IL,AGL,CE,Federal Contract Tower,4,0,2,0,6,0,0,25,0,25,4,0,27,0,31,40,0,40,71
11/03/2020,DEC,IL,AGL,CE,Federal Contract Tower,2,1,6,4,13,0,0,23,10,33,2,1,29,14,46,58,31,89,135
11/04/2020,DEC,IL,AGL,CE,Federal Contract Tower,4,4,2,2,12,0,0,34,4,38,4,4,36,6,50,52,10,62,112
11/05/2020,DEC,IL,AGL,CE,Federal Contract Tower,4,0,2,0,6,0,0,34,12,46,4,0,36,12,52,52,22,74,126
11/06/2020,DEC,IL,AGL,CE,Federal Contract Tower,4,0,2,2,8,0,0,23,10,33,4,0,25,12,41,49,10,59,100
11/07/2020,DEC,IL,AGL,CE,Federal Contract Tower,2,2,4,0,8,0,0,14,10,24,2,2,18,10,32,30,6,36,68
11/08/2020,DEC,IL,AGL,CE,Federal Contract Tower,4,2,3,0,9,0,0,14,0,14,4,2,17,0,23,37,0,37,60
11/09/2020,DEC,IL,AGL,CE,Federal Contract Tower,4,0,2,0,6,0,0,21,8,29,4,0,23,8,35,36,18,54,89
11/10/2020,DEC,IL,AGL,CE,Federal Contract Tower,2,3,6,4,15,0,0,14,2,16,2,3,20,6,31,16,0,16,47
11/11/2020,DEC,IL,AGL,CE,Federal Contract Tower,5,1,2,0,8,0,0,33,2,35,5,1,35,2,43,58,0,58,101
11/12/2020,DEC,IL,AGL,CE,Federal Contract Tower,6,1,2,2,11,0,0,20,9,29,6,1,22,11,40,42,26,68,108
11/13/2020,DEC,IL,AGL,CE,Federal Contract Tower,4,1,6,2,13,0,0,27,1,28,4,1,33,3,41,42,4,46,87
11/14/2020,DEC,IL,AGL,CE,Federal Contract Tower,2,4,0,0,6,0,0,10,0,10,2,4,10,0,16,18,0,18,34
11/15/2020,DEC,IL,AGL,CE,Federal Contract Tower,4,2,0,0,6,0,0,7,0,7,4,2,7,0,13,9,0,9,22
11/16/2020,DEC,IL,AGL,CE,Federal Contract Tower,4,0,4,1,9,0,0,29,6,35,4,0,33,7,44,52,0,52,96
11/17/2020,DEC,IL,AGL,CE,Federal Contract Tower,2,5,4,1,12,0,0,21,0,21,2,5,25,1,33,46,0,46,79
11/18/2020,DEC,IL,AGL,CE,Federal Contract Tower,4,3,2,0,9,0,0,23,0,23,4,3,25,0,32,40,0,40,72
11/19/2020,DEC,IL,AGL,CE,Federal Contract Tower,4,1,0,0,5,0,0,26,0,26,4,1,26,0,31,25,0,25,56
11/20/2020,DEC,IL,AGL,CE,Federal Contract Tower,4,1,10,0,15,0,0,27,0,27,4,1,37,0,42,53,0,53,95
11/21/2020,DEC,IL,AGL,CE,Federal Contract Tower,2,2,5,0,9,0,0,14,0,14,2,2,19,0,23,22,0,22,45
11/22/2020,DEC,IL,AGL,CE,Federal Contract Tower,4,0,8,0,12,0,0,8,0,8,4,0,16,0,20,17,0,17,37
11/23/2020,DEC,IL,AGL,CE,Federal Contract Tower,4,0,4,2,10,0,0,25,1,26,4,0,29,3,36,38,0,38,74
11/24/2020,DEC,IL,AGL,CE,Federal Contract Tower,4,1,1,2,8,0,0,13,6,19,4,1,14,8,27,14,20,34,61
11/25/2020,DEC,IL,AGL,CE,Federal Contract Tower,8,1,5,0,14,0,0,0,0,0,8,1,5,0,14,0,0,0,14
11/26/2020,DEC,IL,AGL,CE,Federal Contract Tower,3,0,8,0,11,0,0,5,0,5,3,0,13,0,16,0,0,0,16
11/27/2020,DEC,IL,AGL,CE,Federal Contract Tower,4,1,5,0,10,0,0,19,0,19,4,1,24,0,29,44,0,44,73
11/28/2020,DEC,IL,AGL,CE,Federal Contract Tower,4,2,1,0,7,0,0,45,0,45,4,2,46,0,52,40,0,40,92
11/29/2020,DEC,IL,AGL,CE,Federal Contract Tower,4,0,4,0,8,0,0,20,0,20,4,0,24,0,28,51,0,51,79
11/30/2020,DEC,IL,AGL,CE,Federal Contract Tower,4,0,2,4,10,0,0,14,4,18,4,0,16,8,28,9,3,12,40
12/01/2020,DEC,IL,AGL,CE,Federal Contract Tower,2,5,2,0,9,0,0,21,25,46,2,5,23,25,55,23,48,71,126
12/02/2020,DEC,IL,AGL,CE,Federal Contract Tower,4,2,0,2,8,0,0,30,14,44,4,2,30,16,52,82,40,122,174
12/03/2020,DEC,IL,AGL,CE,Federal Contract Tower,4,3,3,0,10,0,0,26,6,32,4,3,29,6,42,48,43,91,133
12/04/2020,DEC,IL,AGL,CE,Federal Contract Tower,4,3,1,2,10,0,0,19,4,23,4,3,20,6,33,37,20,57,90
12/05/2020,DEC,IL,AGL,CE,Federal Contract Tower,2,9,0,0,11,0,0,19,0,19,2,9,19,0,30,36,0,36,66
12/06/2020,DEC,IL,AGL,CE,Federal Contract Tower,4,2,10,0,16,0,0,18,0,18,4,2,28,0,34,29,0,29,63
12/07/2020,DEC,IL,AGL,CE,Federal Contract Tower,4,6,1,6,17,0,0,20,6,26,4,6,21,12,43,31,6,37,80
12/08/2020,DEC,IL,AGL,CE,Federal Contract Tower,2,3,1,2,8,0,0,13,5,18,2,3,14,7,26,24,10,34,60
12/09/2020,DEC,IL,AGL,CE,Federal Contract Tower,4,6,0,3,13,0,0,24,1,25,4,6,24,4,38,63,16,79,117
12/10/2020,DEC,IL,AGL,CE,Federal Contract Tower,4,2,5,0,11,0,0,19,23,42,4,2,24,23,53,38,29,67,120
12/11/2020,DEC,IL,AGL,CE,Federal Contract Tower,4,1,0,1,6,0,0,19,12,31,4,1,19,13,37,45,43,88,125
12/12/2020,DEC,IL,AGL,CE,Federal Contract Tower,2,3,8,0,13,0,0,0,0,0,2,3,8,0,13,0,0,0,13
12/13/2020,DEC,IL,AGL,CE,Federal Contract Tower,4,1,15,0,20,0,0,15,10,25,4,1,30,10,45,30,36,66,111
12/14/2020,DEC,IL,AGL,CE,Federal Contract Tower,4,2,1,1,8,0,0,19,0,19,4,2,20,1,27,71,0,71,98
12/15/2020,DEC,IL,AGL,CE,Federal Contract Tower,2,2,0,9,13,0,0,28,15,43,2,2,28,24,56,32,54,86,142
12/16/2020,DEC,IL,AGL,CE,Federal Contract Tower,4,2,1,5,12,0,0,0,4,4,4,2,1,9,16,0,0,0,16
12/17/2020,DEC,IL,AGL,CE,Federal Contract Tower,4,4,10,0,18,0,0,21,10,31,4,4,31,10,49,51,38,89,138
12/18/2020,DEC,IL,AGL,CE,Federal Contract Tower,4,2,5,0,11,0,0,22,6,28,4,2,27,6,39,37,28,65,104
12/19/2020,DEC,IL,AGL,CE,Federal Contract Tower,2,4,0,0,6,0,0,16,0,16,2,4,16,0,22,28,0,28,50
12/20/2020,DEC,IL,AGL,CE,Federal Contract Tower,4,0,6,0,10,0,0,23,0,23,4,0,29,0,33,40,0,40,73
12/21/2020,DEC,IL,AGL,CE,Federal Contract Tower,4,0,2,0,6,0,0,10,0,10,4,0,12,0,16,9,0,9,25
12/22/2020,DEC,IL,AGL,CE,Federal Contract Tower,4,2,2,2,10,0,0,34,9,43,4,2,36,11,53,38,34,72,125
12/23/2020,DEC,IL,AGL,CE,Federal Contract Tower,4,3,0,0,7,0,0,9,0,9,4,3,9,0,16,30,0,30,46
12/24/2020,DEC,IL,AGL,CE,Federal Contract Tower,2,2,0,0,4,0,0,12,0,12,2,2,12,0,16,14,0,14,30
12/25/2020,DEC,IL,AGL,CE,Federal Contract Tower,2,0,0,0,2,0,0,20,0,20,2,0,20,0,22,24,0,24,46
12/26/2020,DEC,IL,AGL,CE,Federal Contract Tower,4,3,0,0,7,0,0,21,0,21,4,3,21,0,28,38,0,38,66
12/27/2020,DEC,IL,AGL,CE,Federal Contract Tower,4,2,4,0,10,0,0,19,0,19,4,2,23,0,29,30,0,30,59
12/28/2020,DEC,IL,AGL,CE,Federal Contract Tower,4,0,2,0,6,0,0,19,4,23,4,0,21,4,29,38,0,38,67
12/29/2020,DEC,IL,AGL,CE,Federal Contract Tower,4,2,0,3,9,0,0,11,18,29,4,2,11,21,38,22,62,84,122
12/30/2020,DEC,IL,AGL,CE,Federal Contract Tower,4,2,4,0,10,0,0,10,0,10,4,2,14,0,20,24,0,24,44
12/31/2020,DEC,IL,AGL,CE,Federal Contract Tower,2,1,6,0,9,0,0,11,0,11,2,1,17,0,20,22,0,22,42
01/01/2021,DEC,IL,AGL,CE,Federal Contract Tower,1,0,0,0,1,0,0,0,0,0,1,0,0,0,1,0,0,0,1
01/02/2021,DEC,IL,AGL,CE,Federal Contract Tower,7,0,2,0,9,0,0,0,0,0,7,0,2,0,9,0,0,0,9
01/03/2021,DEC,IL,AGL,CE,Federal Contract Tower,3,0,1,0,4,0,0,0,0,0,3,0,1,0,4,0,0,0,4
01/04/2021,DEC,IL,AGL,CE,Federal Contract Tower,2,3,0,0,5,0,0,0,0,0,2,3,0,0,5,0,0,0,5
01/05/2021,DEC,IL,AGL,CE,Federal Contract Tower,0,4,5,0,9,0,0,0,0,0,0,4,5,0,9,0,0,0,9
01/06/2021,DEC,IL,AGL,CE,Federal Contract Tower,3,0,2,0,5,0,0,12,0,12,3,0,14,0,17,36,0,36,53
01/07/2021,DEC,IL,AGL,CE,Federal Contract Tower,3,3,3,0,9,0,0,17,11,28,3,3,20,11,37,32,39,71,108
01/08/2021,DEC,IL,AGL,CE,Federal Contract Tower,4,4,7,2,17,0,0,20,1,21,4,4,27,3,38,32,0,32,70
01/09/2021,DEC,IL,AGL,CE,Federal Contract Tower,2,2,6,0,10,0,0,12,4,16,2,2,18,4,26,26,11,37,63
01/10/2021,DEC,IL,AGL,CE,Federal Contract Tower,3,0,2,0,5,0,0,6,2,8,3,0,8,2,13,6,14,20,33
01/11/2021,DEC,IL,AGL,CE,Federal Contract Tower,5,0,2,0,7,0,0,16,0,16,5,0,18,0,23,32,0,32,55
01/12/2021,DEC,IL,AGL,CE,Federal Contract Tower,2,1,2,2,7,0,0,35,0,35,2,1,37,2,42,46,0,46,88
01/13/2021,DEC,IL,AGL,CE,Federal Contract Tower,4,1,4,2,11,0,0,36,0,36,4,1,40,2,47,58,0,58,105
01/14/2021,DEC,IL,AGL,CE,Federal Contract Tower,4,1,5,0,10,0,0,12,6,18,4,1,17,6,28,28,63,91,119
01/15/2021,DEC,IL,AGL,CE,Federal Contract Tower,4,1,4,0,9,0,0,8,0,8,4,1,12,0,17,16,0,16,33
01/16/2021,DEC,IL,AGL,CE,Federal Contract Tower,2,4,2,0,8,0,0,0,0,0,2,4,2,0,8,0,0,0,8
01/17/2021,DEC,IL,AGL,CE,Federal Contract Tower,0,0,4,0,4,0,0,9,0,9,0,0,13,0,13,16,0,16,29
01/18/2021,DEC,IL,AGL,CE,Federal Contract Tower,0,2,6,0,8,0,0,27,0,27,0,2,33,0,35,60,0,60,95
01/19/2021,DEC,IL,AGL,CE,Federal Contract Tower,2,1,3,0,6,0,0,34,21,55,2,1,37,21,61,62,22,84,145
01/20/2021,DEC,IL,AGL,CE,Federal Contract Tower,6,1,11,0,18,0,0,30,12,42,6,1,41,12,60,38,42,80,140
01/21/2021,DEC,IL,AGL,CE,Federal Contract Tower,4,0,18,0,22,0,0,26,14,40,4,0,44,14,62,46,36,82,144
01/22/2021,DEC,IL,AGL,CE,Federal Contract Tower,5,3,7,2,17,0,0,23,8,31,5,3,30,10,48,50,12,62,110
01/23/2021,DEC,IL,AGL,CE,Federal Contract Tower,2,1,9,0,12,0,0,30,0,30,2,1,39,0,42,28,0,28,70
01/24/2021,DEC,IL,AGL,CE,Federal Contract Tower,4,0,4,2,10,0,0,14,0,14,4,0,18,2,24,22,0,22,46
01/25/2021,DEC,IL,AGL,CE,Federal Contract Tower,4,0,0,0,4,0,0,3,0,3,4,0,3,0,7,5,0,5,12
01/26/2021,DEC,IL,AGL,CE,Federal Contract Tower,1,0,4,0,5,0,0,6,0,6,1,0,10,0,11,0,0,0,11
01/27/2021,DEC,IL,AGL,CE,Federal Contract Tower,4,1,2,1,8,0,0,8,4,12,4,1,10,5,20,10,22,32,52
01/28/2021,DEC,IL,AGL,CE,Federal Contract Tower,4,1,4,10,19,0,0,17,16,33,4,1,21,26,52,50,62,112,164
01/29/2021,DEC,IL,AGL,CE,Federal Contract Tower,4,1,9,2,16,0,0,42,7,49,4,1,51,9,65,30,20,50,115
01/30/2021,DEC,IL,AGL,CE,Federal Contract Tower,2,2,0,0,4,0,0,14,0,14,2,2,14,0,18,13,0,13,31
01/31/2021,DEC,IL,AGL,CE,Federal Contract Tower,1,0,0,0,1,0,0,0,0,0,1,0,0,0,1,0,0,0,1
02/01/2021,DEC,IL,AGL,CE,Federal Contract Tower,4,0,3,0,7,0,0,26,10,36,4,0,29,10,43,28,16,44,87
02/02/2021,DEC,IL,AGL,CE,Federal Contract Tower,2,1,13,0,16,0,0,24,10,34,2,1,37,10,50,34,32,66,116
02/03/2021,DEC,IL,AGL,CE,Federal Contract Tower,4,1,6,2,13,0,0,34,11,45,4,1,40,13,58,38,23,61,119
02/04/2021,DEC,IL,AGL,CE,Federal Contract Tower,4,1,0,0,5,0,0,8,0,8,4,1,8,0,13,12,0,12,25
02/05/2021,DEC,IL,AGL,CE,Federal Contract Tower,3,2,1,0,6,0,0,9,20,29,3,2,10,20,35,10,32,42,77
02/06/2021,DEC,IL,AGL,CE,Federal Contract Tower,2,2,2,0,6,0,0,31,11,42,2,2,33,11,48,40,10,50,98
02/08/2021,DEC,IL,AGL,CE,Federal Contract Tower,4,2,2,0,8,0,0,6,0,6,4,2,8,0,14,40,0,40,54
02/09/2021,DEC,IL,AGL,CE,Federal Contract Tower,2,3,1,0,6,0,0,15,16,31,2,3,16,16,37,22,30,52,89
02/10/2021,DEC,IL,AGL,CE,Federal Contract Tower,4,1,1,2,8,0,0,11,2,13,4,1,12,4,21,32,12,44,65
02/11/2021,DEC,IL,AGL,CE,Federal Contract Tower,4,2,1,0,7,0,0,15,9,24,4,2,16,9,31,70,13,83,114
02/12/2021,DEC,IL,AGL,CE,Federal Contract Tower,4,4,10,0,18,0,0,15,0,15,4,4,25,0,33,27,0,27,60
02/13/2021,DEC,IL,AGL,CE,Federal Contract Tower,2,4,0,0,6,0,0,14,0,14,2,4,14,0,20,12,0,12,32
02/14/2021,DEC,IL,AGL,CE,Federal Contract Tower,4,0,0,0,4,0,0,19,0,19,4,0,19,0,23,36,0,36,59
02/15/2021,DEC,IL,AGL,CE,Federal Contract Tower,0,0,0,0,0,0,0,0,0,0,0,0,0,0,0,0,0,0,0
02/16/2021,DEC,IL,AGL,CE,Federal Contract Tower,2,2,1,3,8,0,0,13,2,15,2,2,14,5,23,32,12,44,67
02/17/2021,DEC,IL,AGL,CE,Federal Contract Tower,4,1,0,4,9,0,0,11,0,11,4,1,11,4,20,19,0,19,39
02/18/2021,DEC,IL,AGL,CE,Federal Contract Tower,3,2,0,0,5,0,0,9,16,25,3,2,9,16,30,24,16,40,70
02/19/2021,DEC,IL,AGL,CE,Federal Contract Tower,4,1,1,9,15,0,0,25,1,26,4,1,26,10,41,108,4,112,153
02/20/2021,DEC,IL,AGL,CE,Federal Contract Tower,2,2,4,0,8,0,0,39,0,39,2,2,43,0,47,69,0,69,116
02/21/2021,DEC,IL,AGL,CE,Federal Contract Tower,4,0,4,2,10,0,0,24,0,24,4,0,28,2,34,28,0,28,62
02/22/2021,DEC,IL,AGL,CE,Federal Contract Tower,4,0,4,0,8,0,0,20,0,20,4,0,24,0,28,38,0,38,66
02/23/2021,DEC,IL,AGL,CE,Federal Contract Tower,2,4,5,2,13,0,0,25,11,36,2,4,30,13,49,51,22,73,122
02/24/2021,DEC,IL,AGL,CE,Federal Contract Tower,4,3,6,2,15,0,0,29,19,48,4,3,35,21,63,20,43,63,126
02/25/2021,DEC,IL,AGL,CE,Federal Contract Tower,4,1,2,1,8,0,0,21,16,37,4,1,23,17,45,38,18,56,101
02/26/2021,DEC,IL,AGL,CE,Federal Contract Tower,4,1,3,0,8,0,0,19,0,19,4,1,22,0,27,42,0,42,69
02/27/2021,DEC,IL,AGL,CE,Federal Contract Tower,2,6,12,0,20,0,0,38,0,38,2,6,50,0,58,70,0,70,128
02/28/2021,DEC,IL,AGL,CE,Federal Contract Tower,4,2,22,0,28,0,0,18,0,18,4,2,40,0,46,39,0,39,85
03/01/2021,DEC,IL,AGL,CE,Federal Contract Tower,4,0,5,0,9,0,0,26,15,41,4,0,31,15,50,42,60,102,152
03/02/2021,DEC,IL,AGL,CE,Federal Contract Tower,2,5,2,2,11,0,0,32,11,43,2,5,34,13,54,56,24,80,134
03/03/2021,DEC,IL,AGL,CE,Federal Contract Tower,4,1,2,2,9,0,0,31,4,35,4,1,33,6,44,59,4,63,107
03/04/2021,DEC,IL,AGL,CE,Federal Contract Tower,4,3,5,0,12,0,0,16,22,38,4,3,21,22,50,30,48,78,128
03/05/2021,DEC,IL,AGL,CE,Federal Contract Tower,4,1,3,0,8,0,0,18,5,23,4,1,21,5,31,34,26,60,91
03/06/2021,DEC,IL,AGL,CE,Federal Contract Tower,2,2,4,0,8,0,0,24,0,24,2,2,28,0,32,28,0,28,60
03/07/2021,DEC,IL,AGL,CE,Federal Contract Tower,4,2,6,0,12,0,0,36,0,36,4,2,42,0,48,42,0,42,90
03/08/2021,DEC,IL,AGL,CE,Federal Contract Tower,4,2,2,2,10,0,0,21,8,29,4,2,23,10,39,60,24,84,123
03/09/2021,DEC,IL,AGL,CE,Federal Contract Tower,2,6,2,4,14,0,1,25,13,39,2,7,27,17,53,58,28,86,139
03/10/2021,DEC,IL,AGL,CE,Federal Contract Tower,4,1,4,2,11,0,0,14,9,23,4,1,18,11,34,20,20,40,74
03/11/2021,DEC,IL,AGL,CE,Federal Contract Tower,4,1,4,2,11,0,0,17,10,27,4,1,21,12,38,49,20,69,107
03/12/2021,DEC,IL,AGL,CE,Federal Contract Tower,4,1,2,7,14,0,0,26,17,43,4,1,28,24,57,68,42,110,167
03/13/2021,DEC,IL,AGL,CE,Federal Contract Tower,2,4,0,0,6,0,0,34,3,37,2,4,34,3,43,32,0,32,75
03/14/2021,DEC,IL,AGL,CE,Federal Contract Tower,4,0,2,0,6,0,0,25,0,25,4,0,27,0,31,35,0,35,66
03/15/2021,DEC,IL,AGL,CE,Federal Contract Tower,4,0,0,2,6,0,0,11,4,15,4,0,11,6,21,18,8,26,47
03/16/2021,DEC,IL,AGL,CE,Federal Contract Tower,2,1,2,2,7,0,0,0,0,0,2,1,2,2,7,14,0,14,21
03/17/2021,DEC,IL,AGL,CE,Federal Contract Tower,4,3,4,0,11,0,0,0,0,0,4,3,4,0,11,0,0,0,11
03/18/2021,DEC,IL,AGL,CE,Federal Contract Tower,2,0,4,0,6,0,0,2,0,2,2,0,6,0,8,0,0,0,8
03/19/2021,DEC,IL,AGL,CE,Federal Contract Tower,4,3,4,0,11,0,0,16,5,21,4,3,20,5,32,45,7,52,84
03/20/2021,DEC,IL,AGL,CE,Federal Contract Tower,2,5,12,0,19,0,0,32,0,32,2,5,44,0,51,58,0,58,109
03/21/2021,DEC,IL,AGL,CE,Federal Contract Tower,4,0,9,0,13,0,0,29,0,29,4,0,38,0,42,46,0,46,88
03/22/2021,DEC,IL,AGL,CE,Federal Contract Tower,4,0,2,2,8,0,0,30,5,35,4,0,32,7,43,44,16,60,103
03/23/2021,DEC,IL,AGL,CE,Federal Contract Tower,2,3,0,0,5,0,0,22,12,34,2,3,22,12,39,36,36,72,111
03/24/2021,DEC,IL,AGL,CE,Federal Contract Tower,4,1,10,0,15,0,0,26,10,36,4,1,36,10,51,68,21,89,140
03/25/2021,DEC,IL,AGL,CE,Federal Contract Tower,4,2,0,1,7,0,0,9,15,24,4,2,9,16,31,12,36,48,79
03/26/2021,DEC,IL,AGL,CE,Federal Contract Tower,4,1,3,4,12,0,0,14,4,18,4,1,17,8,30,36,4,40,70
03/27/2021,DEC,IL,AGL,CE,Federal Contract Tower,1,4,6,0,11,0,0,30,0,30,1,4,36,0,41,48,0,48,89
03/28/2021,DEC,IL,AGL,CE,Federal Contract Tower,3,0,2,0,5,0,0,18,0,18,3,0,20,0,23,20,0,20,43
03/29/2021,DEC,IL,AGL,CE,Federal Contract Tower,4,0,2,0,6,0,0,22,12,34,4,0,24,12,40,46,16,62,102
03/30/2021,DEC,IL,AGL,CE,Federal Contract Tower,2,6,0,0,8,0,0,20,15,35,2,6,20,15,43,18,50,68,111
03/31/2021,DEC,IL,AGL,CE,Federal Contract Tower,4,2,2,0,8,0,0,31,4,35,4,2,33,4,43,29,28,57,100
04/01/2021,DEC,IL,AGL,CE,Federal Contract Tower,4,4,9,1,18,0,0,35,21,56,4,4,44,22,74,36,45,81,155
04/02/2021,DEC,IL,AGL,CE,Federal Contract Tower,4,2,4,0,10,0,0,28,10,38,4,2,32,10,48,36,4,40,88
04/03/2021,DEC,IL,AGL,CE,Federal Contract Tower,2,2,1,0,5,0,0,25,0,25,2,2,26,0,30,48,0,48,78
04/04/2021,DEC,IL,AGL,CE,Federal Contract Tower,4,0,0,0,4,0,0,23,0,23,4,0,23,0,27,42,0,42,69
04/05/2021,DEC,IL,AGL,CE,Federal Contract Tower,4,0,3,0,7,0,0,25,0,25,4,0,28,0,32,58,0,58,90
04/06/2021,DEC,IL,AGL,CE,Federal Contract Tower,2,3,5,2,12,0,0,22,13,35,2,3,27,15,47,42,22,64,111
04/07/2021,DEC,IL,AGL,CE,Federal Contract Tower,4,1,7,2,14,0,0,24,6,30,4,1,31,8,44,34,22,56,100
04/08/2021,DEC,IL,AGL,CE,Federal Contract Tower,4,5,6,0,15,0,0,17,16,33,4,5,23,16,48,26,36,62,110
04/09/2021,DEC,IL,AGL,CE,Federal Contract Tower,4,2,5,4,15,0,0,22,0,22,4,2,27,4,37,58,0,58,95
04/10/2021,DEC,IL,AGL,CE,Federal Contract Tower,2,5,2,0,9,0,0,12,0,12,2,5,14,0,21,10,0,10,31
04/11/2021,DEC,IL,AGL,CE,Federal Contract Tower,3,1,5,2,11,0,0,0,0,0,3,1,5,2,11,0,0,0,11
04/12/2021,DEC,IL,AGL,CE,Federal Contract Tower,4,0,1,4,9,0,0,29,5,34,4,0,30,9,43,60,12,72,115
04/13/2021,DEC,IL,AGL,CE,Federal Contract Tower,2,1,3,1,7,0,0,28,19,47,2,1,31,20,54,36,34,70,124
04/14/2021,DEC,IL,AGL,CE,Federal Contract Tower,4,1,5,0,10,0,0,27,7,34,4,1,32,7,44,38,11,49,93
04/15/2021,DEC,IL,AGL,CE,Federal Contract Tower,4,1,3,1,9,0,0,26,24,50,4,1,29,25,59,37,35,72,131
04/16/2021,DEC,IL,AGL,CE,Federal Contract Tower,4,1,1,1,7,0,0,32,5,37,4,1,33,6,44,36,7,43,87
04/17/2021,DEC,IL,AGL,CE,Federal Contract Tower,2,4,6,0,12,0,0,14,0,14,2,4,20,0,26,26,0,26,52
04/18/2021,DEC,IL,AGL,CE,Federal Contract Tower,4,2,4,0,10,0,0,23,0,23,4,2,27,0,33,36,0,36,69
04/19/2021,DEC,IL,AGL,CE,Federal Contract Tower,4,0,1,0,5,0,0,21,1,22,4,0,22,1,27,30,0,30,57
04/20/2021,DEC,IL,AGL,CE,Federal Contract Tower,1,1,2,0,4,0,0,0,0,0,1,1,2,0,4,0,0,0,4
04/21/2021,DEC,IL,AGL,CE,Federal Contract Tower,4,3,5,4,16,0,0,22,17,39,4,3,27,21,55,45,24,69,124
04/22/2021,DEC,IL,AGL,CE,Federal Contract Tower,4,1,7,0,12,0,0,25,20,45,4,1,32,20,57,43,28,71,128
04/23/2021,DEC,IL,AGL,CE,Federal Contract Tower,4,1,0,1,6,0,0,21,24,45,4,1,21,25,51,40,52,92,143
04/24/2021,DEC,IL,AGL,CE,Federal Contract Tower,2,3,4,0,9,0,0,24,5,29,2,3,28,5,38,40,0,40,78
04/25/2021,DEC,IL,AGL,CE,Federal Contract Tower,4,2,2,0,8,0,0,31,9,40,4,2,33,9,48,48,14,62,110
04/27/2021,DEC,IL,AGL,CE,Federal Contract Tower,2,1,2,2,7,0,0,28,28,56,2,1,30,30,63,26,46,72,135
04/28/2021,DEC,IL,AGL,CE,Federal Contract Tower,4,2,2,0,8,0,0,10,0,10,4,2,12,0,18,20,0,20,38
05/01/2021,DEC,IL,AGL,CE,Federal Contract Tower,2,2,4,0,8,0,0,21,8,29,2,2,25,8,37,36,10,46,83
05/02/2021,DEC,IL,AGL,CE,Federal Contract Tower,4,0,2,0,6,0,0,20,4,24,4,0,22,4,30,30,0,30,60
05/03/2021,DEC,IL,AGL,CE,Federal Contract Tower,4,2,2,0,8,0,0,7,0,7,4,2,9,0,15,14,0,14,29
05/04/2021,DEC,IL,AGL,CE,Federal Contract Tower,1,1,0,4,6,0,0,3,0,3,1,1,3,4,9,4,0,4,13
07/01/2021,DEC,IL,AGL,CE,Federal Contract Tower,4,1,6,2,13,0,0,18,13,31,4,1,24,15,44,22,14,36,80
07/02/2021,DEC,IL,AGL,CE,Federal Contract Tower,4,3,0,0,7,0,0,47,0,47,4,3,47,0,54,30,0,30,84
07/03/2021,DEC,IL,AGL,CE,Federal Contract Tower,1,7,4,0,12,0,0,39,0,39,1,7,43,0,51,60,0,60,111
07/04/2021,DEC,IL,AGL,CE,Federal Contract Tower,3,0,0,0,3,0,0,23,0,23,3,0,23,0,26,50,0,50,76
07/05/2021,DEC,IL,AGL,CE,Federal Contract Tower,3,2,0,0,5,0,0,48,0,48,3,2,48,0,53,48,0,48,101
07/06/2021,DEC,IL,AGL,CE,Federal Contract Tower,1,2,2,2,7,0,0,93,13,106,1,2,95,15,113,67,36,103,216
07/07/2021,DEC,IL,AGL,CE,Federal Contract Tower,3,5,5,0,13,0,0,102,8,110,3,5,107,8,123,36,4,40,163
07/08/2021,DEC,IL,AGL,CE,Federal Contract Tower,3,6,10,0,19,0,0,108,17,125,3,6,118,17,144,51,26,77,221
07/09/2021,DEC,IL,AGL,CE,Federal Contract Tower,4,7,12,2,25,0,0,144,4,148,4,7,156,6,173,36,10,46,219
07/10/2021,DEC,IL,AGL,CE,Federal Contract Tower,2,2,3,0,7,0,0,55,0,55,2,2,58,0,62,34,0,34,96
07/11/2021,DEC,IL,AGL,CE,Federal Contract Tower,4,3,6,2,15,0,0,105,0,105,4,3,111,2,120,20,0,20,140
07/12/2021,DEC,IL,AGL,CE,Federal Contract Tower,4,7,3,0,14,0,0,40,0,40,4,7,43,0,54,33,0,33,87
07/13/2021,DEC,IL,AGL,CE,Federal Contract Tower,2,1,10,2,15,0,0,148,2,150,2,1,158,4,165,27,0,27,192
07/14/2021,DEC,IL,AGL,CE,Federal Contract Tower,3,1,14,6,24,0,0,177,4,181,3,1,191,10,205,10,11,21,226
07/15/2021,DEC,IL,AGL,CE,Federal Contract Tower,4,3,2,2,11,0,0,115,0,115,4,3,117,2,126,8,0,8,134
07/16/2021,DEC,IL,AGL,CE,Federal Contract Tower,4,1,6,2,13,0,0,80,0,80,4,1,86,2,93,7,0,7,100
07/17/2021,DEC,IL,AGL,CE,Federal Contract Tower,2,2,0,0,4,0,0,218,0,218,2,2,218,0,222,28,0,28,250
07/18/2021,DEC,IL,AGL,CE,Federal Contract Tower,2,2,4,0,8,0,0,135,0,135,2,2,139,0,143,38,0,38,181
07/19/2021,DEC,IL,AGL,CE,Federal Contract Tower,4,0,5,2,11,0,0,188,2,190,4,0,193,4,201,42,0,42,243
07/20/2021,DEC,IL,AGL,CE,Federal Contract Tower,2,1,7,7,17,0,0,181,6,187,2,1,188,13,204,34,25,59,263
07/21/2021,DEC,IL,AGL,CE,Federal Contract Tower,4,5,3,2,14,0,0,126,7,133,4,5,129,9,147,14,0,14,161
07/22/2021,DEC,IL,AGL,CE,Federal Contract Tower,4,3,4,2,13,0,0,142,10,152,4,3,146,12,165,24,14,38,203
07/23/2021,DEC,IL,AGL,CE,Federal Contract Tower,4,5,8,0,17,0,0,122,5,127,4,5,130,5,144,17,4,21,165
07/24/2021,DEC,IL,AGL,CE,Federal Contract Tower,1,2,5,0,8,0,0,81,0,81,1,2,86,0,89,26,0,26,115
07/25/2021,DEC,IL,AGL,CE,Federal Contract Tower,3,0,7,0,10,0,0,146,0,146,3,0,153,0,156,24,0,24,180
07/26/2021,DEC,IL,AGL,CE,Federal Contract Tower,3,0,8,0,11,0,0,135,4,139,3,0,143,4,150,10,3,13,163
07/27/2021,DEC,IL,AGL,CE,Federal Contract Tower,1,1,2,1,5,0,0,153,21,174,1,1,155,22,179,16,7,23,202
07/28/2021,DEC,IL,AGL,CE,Federal Contract Tower,4,1,2,2,9,0,0,149,5,154,4,1,151,7,163,11,3,14,177
07/29/2021,DEC,IL,AGL,CE,Federal Contract Tower,4,1,4,2,11,0,0,13,11,24,4,1,17,13,35,12,20,32,67
07/30/2021,DEC,IL,AGL,CE,Federal Contract Tower,4,1,13,0,18,0,0,61,8,69,4,1,74,8,87,26,8,34,121
07/31/2021,DEC,IL,AGL,CE,Federal Contract Tower,2,2,3,0,7,0,0,69,0,69,2,2,72,0,76,30,0,30,106
08/01/2021,DEC,IL,AGL,CE,Federal Contract Tower,4,0,10,0,14,0,0,83,0,83,4,0,93,0,97,22,0,22,119
08/02/2021,DEC,IL,AGL,CE,Federal Contract Tower,4,6,2,0,12,0,0,65,2,67,4,6,67,2,79,11,8,19,98
08/03/2021,DEC,IL,AGL,CE,Federal Contract Tower,2,5,5,0,12,0,0,52,15,67,2,5,57,15,79,46,38,84,163
08/04/2021,DEC,IL,AGL,CE,Federal Contract Tower,4,2,2,2,10,0,0,44,6,50,4,2,46,8,60,52,16,68,128
08/05/2021,DEC,IL,AGL,CE,Federal Contract Tower,4,2,7,1,14,0,0,57,19,76,4,2,64,20,90,36,36,72,162
08/06/2021,DEC,IL,AGL,CE,Federal Contract Tower,3,1,1,0,5,0,0,33,16,49,3,1,34,16,54,46,36,82,136
08/07/2021,DEC,IL,AGL,CE,Federal Contract Tower,3,6,3,0,12,0,0,34,6,40,3,6,37,6,52,20,6,26,78
08/08/2021,DEC,IL,AGL,CE,Federal Contract Tower,3,1,0,0,4,0,0,32,0,32,3,1,32,0,36,49,0,49,85
08/09/2021,DEC,IL,AGL,CE,Federal Contract Tower,1,7,2,2,12,0,0,19,0,19,1,7,21,2,31,53,0,53,84
08/10/2021,DEC,IL,AGL,CE,Federal Contract Tower,0,1,8,2,11,0,0,35,20,55,0,1,43,22,66,66,22,88,154
08/11/2021,DEC,IL,AGL,CE,Federal Contract Tower,3,1,2,4,10,0,0,23,4,27,3,1,25,8,37,19,0,19,56
08/12/2021,DEC,IL,AGL,CE,Federal Contract Tower,3,1,6,0,10,0,0,21,11,32,3,1,27,11,42,10,40,50,92
08/13/2021,DEC,IL,AGL,CE,Federal Contract Tower,4,1,2,0,7,0,0,33,7,40,4,1,35,7,47,14,20,34,81
08/14/2021,DEC,IL,AGL,CE,Federal Contract Tower,1,2,4,0,7,0,0,67,0,67,1,2,71,0,74,38,0,38,112
08/15/2021,DEC,IL,AGL,CE,Federal Contract Tower,4,0,1,0,5,0,0,40,1,41,4,0,41,1,46,20,0,20,66
08/16/2021,DEC,IL,AGL,CE,Federal Contract Tower,4,0,2,7,13,0,0,21,14,35,4,0,23,21,48,37,10,47,95
08/17/2021,DEC,IL,AGL,CE,Federal Contract Tower,2,1,3,2,8,0,0,26,28,54,2,1,29,30,62,35,12,47,109
08/18/2021,DEC,IL,AGL,CE,Federal Contract Tower,2,3,2,2,9,0,0,32,13,45,2,3,34,15,54,52,4,56,110
08/19/2021,DEC,IL,AGL,CE,Federal Contract Tower,3,2,5,6,16,0,0,35,24,59,3,2,40,30,75,30,42,72,147
08/20/2021,DEC,IL,AGL,CE,Federal Contract Tower,4,4,4,2,14,0,0,36,11,47,4,4,40,13,61,42,20,62,123
08/21/2021,DEC,IL,AGL,CE,Federal Contract Tower,1,1,1,0,3,0,0,24,2,26,1,1,25,2,29,29,4,33,62
08/22/2021,DEC,IL,AGL,CE,Federal Contract Tower,4,0,14,0,18,0,0,38,1,39,4,0,52,1,57,34,2,36,93
08/23/2021,DEC,IL,AGL,CE,Federal Contract Tower,4,0,0,2,6,0,0,15,0,15,4,0,15,2,21,28,0,28,49
08/24/2021,DEC,IL,AGL,CE,Federal Contract Tower,2,1,9,0,12,0,0,61,13,74,2,1,70,13,86,59,14,73,159
08/25/2021,DEC,IL,AGL,CE,Federal Contract Tower,2,5,1,2,10,0,0,37,2,39,2,5,38,4,49,37,4,41,90
08/26/2021,DEC,IL,AGL,CE,Federal Contract Tower,0,2,2,2,6,0,0,27,1,28,0,2,29,3,34,32,0,32,66
08/27/2021,DEC,IL,AGL,CE,Federal Contract Tower,4,2,6,3,15,0,0,39,8,47,4,2,45,11,62,38,10,48,110
08/28/2021,DEC,IL,AGL,CE,Federal Contract Tower,2,2,1,2,7,0,0,44,5,49,2,2,45,7,56,35,22,57,113
08/29/2021,DEC,IL,AGL,CE,Federal Contract Tower,3,1,2,0,6,0,0,25,12,37,3,1,27,12,43,28,4,32,75
08/30/2021,DEC,IL,AGL,CE,Federal Contract Tower,4,2,5,2,13,0,0,18,7,25,4,2,23,9,38,32,8,40,78
08/31/2021,DEC,IL,AGL,CE,Federal Contract Tower,2,13,32,3,50,0,0,41,11,52,2,13,73,14,102,14,18,32,134
09/01/2021,DEC,IL,AGL,CE,Federal Contract Tower,3,8,49,8,68,0,0,99,8,107,3,8,148,16,175,26,12,38,213
09/02/2021,DEC,IL,AGL,CE,Federal Contract Tower,4,2,17,4,27,0,0,73,11,84,4,2,90,15,111,46,33,79,190
09/03/2021,DEC,IL,AGL,CE,Federal Contract Tower,4,3,6,1,14,0,0,50,0,50,4,3,56,1,64,81,0,81,145
09/04/2021,DEC,IL,AGL,CE,Federal Contract Tower,2,9,8,0,19,0,0,12,0,12,2,9,20,0,31,10,0,10,41
09/05/2021,DEC,IL,AGL,CE,Federal Contract Tower,4,2,3,0,9,0,0,39,0,39,4,2,42,0,48,42,0,42,90
09/06/2021,DEC,IL,AGL,CE,Federal Contract Tower,4,0,3,0,7,0,0,29,0,29,4,0,32,0,36,38,0,38,74
09/07/2021,DEC,IL,AGL,CE,Federal Contract Tower,1,5,4,0,10,0,0,29,10,39,1,5,33,10,49,32,6,38,87
09/08/2021,DEC,IL,AGL,CE,Federal Contract Tower,3,5,4,4,16,0,0,23,13,36,3,5,27,17,52,22,8,30,82
09/09/2021,DEC,IL,AGL,CE,Federal Contract Tower,4,2,13,4,23,0,0,25,24,49,4,2,38,28,72,38,42,80,152
09/10/2021,DEC,IL,AGL,CE,Federal Contract Tower,2,5,2,0,9,0,0,38,5,43,2,5,40,5,52,64,0,64,116
09/11/2021,DEC,IL,AGL,CE,Federal Contract Tower,2,3,0,2,7,0,0,29,23,52,2,3,29,25,59,44,46,90,149
09/12/2021,DEC,IL,AGL,CE,Federal Contract Tower,3,0,5,0,8,0,0,36,0,36,3,0,41,0,44,37,0,37,81
09/13/2021,DEC,IL,AGL,CE,Federal Contract Tower,4,2,4,2,12,0,0,32,4,36,4,2,36,6,48,34,26,60,108
09/14/2021,DEC,IL,AGL,CE,Federal Contract Tower,2,7,2,1,12,0,0,13,17,30,2,7,15,18,42,23,36,59,101
09/15/2021,DEC,IL,AGL,CE,Federal Contract Tower,3,1,2,1,7,0,0,51,4,55,3,1,53,5,62,52,0,52,114
09/16/2021,DEC,IL,AGL,CE,Federal Contract Tower,3,2,10,2,17,0,0,41,17,58,3,2,51,19,75,43,28,71,146
09/17/2021,DEC,IL,AGL,CE,Federal Contract Tower,3,1,11,2,17,0,0,37,0,37,3,1,48,2,54,50,0,50,104
09/18/2021,DEC,IL,AGL,CE,Federal Contract Tower,2,2,2,0,6,0,0,31,1,32,2,2,33,1,38,56,0,56,94
09/19/2021,DEC,IL,AGL,CE,Federal Contract Tower,4,0,10,0,14,0,0,34,0,34,4,0,44,0,48,54,0,54,102
09/20/2021,DEC,IL,AGL,CE,Federal Contract Tower,3,2,8,2,15,0,0,13,0,13,3,2,21,2,28,34,0,34,62
09/21/2021,DEC,IL,AGL,CE,Federal Contract Tower,1,7,12,3,23,0,0,1,8,9,1,7,13,11,32,0,36,36,68
09/22/2021,DEC,IL,AGL,CE,Federal Contract Tower,3,2,1,0,6,0,0,29,4,33,3,2,30,4,39,53,0,53,92
09/23/2021,DEC,IL,AGL,CE,Federal Contract Tower,4,1,2,0,7,0,0,30,18,48,4,1,32,18,55,68,40,108,163
09/24/2021,DEC,IL,AGL,CE,Federal Contract Tower,4,2,3,2,11,0,0,33,4,37,4,2,36,6,48,72,0,72,120
09/25/2021,DEC,IL,AGL,CE,Federal Contract Tower,2,6,8,0,16,0,0,35,1,36,2,6,43,1,52,54,0,54,106
09/26/2021,DEC,IL,AGL,CE,Federal Contract Tower,3,0,0,0,3,0,0,28,0,28,3,0,28,0,31,56,0,56,87
09/27/2021,DEC,IL,AGL,CE,Federal Contract Tower,3,0,8,0,11,0,0,20,0,20,3,0,28,0,31,31,0,31,62
09/28/2021,DEC,IL,AGL,CE,Federal Contract Tower,2,3,2,1,8,0,0,26,5,31,2,3,28,6,39,28,0,28,67
09/29/2021,DEC,IL,AGL,CE,Federal Contract Tower,4,2,1,2,9,0,0,33,1,34,4,2,34,3,43,65,0,65,108
09/30/2021,DEC,IL,AGL,CE,Federal Contract Tower,4,5,0,0,9,0,0,20,6,26,4,5,20,6,35,54,36,90,125
10/01/2021,DEC,IL,AGL,CE,Federal Contract Tower,4,3,0,2,9,0,0,28,20,48,4,3,28,22,57,40,30,70,127
10/02/2021,DEC,IL,AGL,CE,Federal Contract Tower,1,2,2,0,5,0,0,20,0,20,1,2,22,0,25,19,0,19,44
10/03/2021,DEC,IL,AGL,CE,Federal Contract Tower,2,0,7,6,15,0,0,20,0,20,2,0,27,6,35,67,0,67,102
10/04/2021,DEC,IL,AGL,CE,Federal Contract Tower,2,1,6,2,11,0,0,19,1,20,2,1,25,3,31,35,0,35,66
10/05/2021,DEC,IL,AGL,CE,Federal Contract Tower,2,2,8,1,13,0,0,12,3,15,2,2,20,4,28,21,34,55,83
10/06/2021,DEC,IL,AGL,CE,Federal Contract Tower,3,4,8,0,15,0,0,16,0,16,3,4,24,0,31,33,0,33,64
10/07/2021,DEC,IL,AGL,CE,Federal Contract Tower,3,1,4,0,8,0,0,25,4,29,3,1,29,4,37,42,6,48,85
10/08/2021,DEC,IL,AGL,CE,Federal Contract Tower,4,1,8,0,13,0,0,19,0,19,4,1,27,0,32,38,0,38,70
10/09/2021,DEC,IL,AGL,CE,Federal Contract Tower,2,2,2,0,6,0,0,28,0,28,2,2,30,0,34,50,0,50,84
10/10/2021,DEC,IL,AGL,CE,Federal Contract Tower,4,0,3,0,7,0,0,30,0,30,4,0,33,0,37,39,0,39,76
10/11/2021,DEC,IL,AGL,CE,Federal Contract Tower,4,0,2,2,8,0,0,9,0,9,4,0,11,2,17,15,0,15,32
10/12/2021,DEC,IL,AGL,CE,Federal Contract Tower,1,2,7,2,12,0,0,28,4,32,1,2,35,6,44,37,10,47,91
10/13/2021,DEC,IL,AGL,CE,Federal Contract Tower,4,3,6,2,15,0,0,20,8,28,4,3,26,10,43,46,0,46,89
10/14/2021,DEC,IL,AGL,CE,Federal Contract Tower,6,2,5,0,13,0,0,13,16,29,6,2,18,16,42,16,52,68,110
10/15/2021,DEC,IL,AGL,CE,Federal Contract Tower,4,0,10,3,17,0,0,23,4,27,4,0,33,7,44,32,4,36,80
10/16/2021,DEC,IL,AGL,CE,Federal Contract Tower,2,2,2,0,6,0,0,31,0,31,2,2,33,0,37,41,0,41,78
10/17/2021,DEC,IL,AGL,CE,Federal Contract Tower,4,3,5,0,12,0,0,45,0,45,4,3,50,0,57,34,0,34,91
10/18/2021,DEC,IL,AGL,CE,Federal Contract Tower,4,2,6,6,18,0,0,36,1,37,4,2,42,7,55,62,3,65,120
10/19/2021,DEC,IL,AGL,CE,Federal Contract Tower,2,1,5,2,10,0,0,20,7,27,2,1,25,9,37,42,27,69,106
10/20/2021,DEC,IL,AGL,CE,Federal Contract Tower,4,1,5,1,11,0,0,29,18,47,4,1,34,19,58,46,3,49,107
10/21/2021,DEC,IL,AGL,CE,Federal Contract Tower,3,1,1,1,6,0,0,11,17,28,3,1,12,18,34,12,14,26,60
10/22/2021,DEC,IL,AGL,CE,Federal Contract Tower,2,1,4,2,9,0,0,28,3,31,2,1,32,5,40,52,14,66,106
10/23/2021,DEC,IL,AGL,CE,Federal Contract Tower,1,3,3,1,8,0,0,30,15,45,1,3,33,16,53,56,62,118,171
10/24/2021,DEC,IL,AGL,CE,Federal Contract Tower,3,1,3,0,7,0,0,5,0,5,3,1,8,0,12,7,0,7,19
10/25/2021,DEC,IL,AGL,CE,Federal Contract Tower,1,0,6,0,7,0,0,7,3,10,1,0,13,3,17,11,16,27,44
10/26/2021,DEC,IL,AGL,CE,Federal Contract Tower,1,5,2,2,10,0,0,22,11,33,1,5,24,13,43,18,24,42,85
10/27/2021,DEC,IL,AGL,CE,Federal Contract Tower,4,1,6,0,11,0,0,27,1,28,4,1,33,1,39,50,4,54,93
10/28/2021,DEC,IL,AGL,CE,Federal Contract Tower,4,1,7,2,14,0,0,0,0,0,4,1,7,2,14,0,0,0,14
10/29/2021,DEC,IL,AGL,CE,Federal Contract Tower,2,1,8,0,11,0,0,0,0,0,2,1,8,0,11,0,0,0,11
10/30/2021,DEC,IL,AGL,CE,Federal Contract Tower,2,2,4,0,8,0,0,17,0,17,2,2,21,0,25,55,0,55,80
10/31/2021,DEC,IL,AGL,CE,Federal Contract Tower,3,2,8,0,13,0,0,24,0,24,3,2,32,0,37,32,0,32,69
11/01/2021,DEC,IL,AGL,CE,Federal Contract Tower,5,0,4,2,11,0,0,29,0,29,5,0,33,2,40,43,0,43,83
11/02/2021,DEC,IL,AGL,CE,Federal Contract Tower,2,2,4,0,8,0,0,17,24,41,2,2,21,24,49,22,46,68,117
11/03/2021,DEC,IL,AGL,CE,Federal Contract Tower,4,4,3,4,15,0,0,21,8,29,4,4,24,12,44,32,30,62,106
11/04/2021,DEC,IL,AGL,CE,Federal Contract Tower,4,7,3,0,14,0,0,22,8,30,4,7,25,8,44,46,20,66,110
11/05/2021,DEC,IL,AGL,CE,Federal Contract Tower,3,1,9,0,13,0,0,30,2,32,3,1,39,2,45,48,6,54,99
11/06/2021,DEC,IL,AGL,CE,Federal Contract Tower,2,4,6,0,12,0,0,32,6,38,2,4,38,6,50,36,6,42,92
11/07/2021,DEC,IL,AGL,CE,Federal Contract Tower,4,0,6,1,11,0,0,29,0,29,4,0,35,1,40,41,0,41,81
11/08/2021,DEC,IL,AGL,CE,Federal Contract Tower,4,0,4,0,8,0,0,25,2,27,4,0,29,2,35,43,0,43,78
11/09/2021,DEC,IL,AGL,CE,Federal Contract Tower,2,1,2,6,11,0,0,28,18,46,2,1,30,24,57,48,60,108,165
11/10/2021,DEC,IL,AGL,CE,Federal Contract Tower,4,0,8,5,17,0,0,17,3,20,4,0,25,8,37,54,8,62,99
11/11/2021,DEC,IL,AGL,CE,Federal Contract Tower,4,1,8,0,13,0,0,22,0,22,4,1,30,0,35,30,0,30,65
11/12/2021,DEC,IL,AGL,CE,Federal Contract Tower,4,1,0,0,5,0,0,24,0,24,4,1,24,0,29,43,0,43,72
11/13/2021,DEC,IL,AGL,CE,Federal Contract Tower,2,1,4,0,7,0,0,11,0,11,2,1,15,0,18,54,0,54,72
11/14/2021,DEC,IL,AGL,CE,Federal Contract Tower,3,1,2,2,8,0,0,8,0,8,3,1,10,2,16,8,0,8,24
11/15/2021,DEC,IL,AGL,CE,Federal Contract Tower,4,5,1,0,10,0,0,25,5,30,4,5,26,5,40,43,0,43,83
11/16/2021,DEC,IL,AGL,CE,Federal Contract Tower,2,2,2,0,6,0,0,21,0,21,2,2,23,0,27,30,0,30,57
11/17/2021,DEC,IL,AGL,CE,Federal Contract Tower,4,1,1,2,8,0,0,22,0,22,4,1,23,2,30,30,0,30,60
11/18/2021,DEC,IL,AGL,CE,Federal Contract Tower,3,3,1,0,7,0,0,23,4,27,3,3,24,4,34,36,0,36,70
11/19/2021,DEC,IL,AGL,CE,Federal Contract Tower,5,3,1,0,9,0,0,22,5,27,5,3,23,5,36,47,0,47,83
11/20/2021,DEC,IL,AGL,CE,Federal Contract Tower,2,6,4,0,12,0,0,34,6,40,2,6,38,6,52,63,0,63,115
11/21/2021,DEC,IL,AGL,CE,Federal Contract Tower,4,2,3,0,9,0,0,18,4,22,4,2,21,4,31,34,14,48,79
11/22/2021,DEC,IL,AGL,CE,Federal Contract Tower,6,0,3,0,9,0,0,29,12,41,6,0,32,12,50,53,8,61,111
11/23/2021,DEC,IL,AGL,CE,Federal Contract Tower,4,2,3,0,9,0,0,37,13,50,4,2,40,13,59,56,0,56,115
11/24/2021,DEC,IL,AGL,CE,Federal Contract Tower,4,3,0,2,9,0,1,23,0,24,4,4,23,2,33,34,0,34,67
11/25/2021,DEC,IL,AGL,CE,Federal Contract Tower,2,0,1,0,3,0,0,12,0,12,2,0,13,0,15,0,0,0,15
11/26/2021,DEC,IL,AGL,CE,Federal Contract Tower,1,5,1,0,7,0,0,21,0,21,1,5,22,0,28,37,0,37,65
11/27/2021,DEC,IL,AGL,CE,Federal Contract Tower,4,1,7,0,12,0,0,20,0,20,4,1,27,0,32,30,0,30,62
11/28/2021,DEC,IL,AGL,CE,Federal Contract Tower,4,0,7,0,11,0,0,26,0,26,4,0,33,0,37,36,0,36,73
11/29/2021,DEC,IL,AGL,CE,Federal Contract Tower,3,0,1,0,4,0,0,12,0,12,3,0,13,0,16,21,0,21,37
11/30/2021,DEC,IL,AGL,CE,Federal Contract Tower,3,1,5,0,9,0,0,24,4,28,3,1,29,4,37,62,0,62,99
12/01/2021,DEC,IL,AGL,CE,Federal Contract Tower,4,6,1,0,11,0,0,23,4,27,4,6,24,4,38,46,8,54,92
12/02/2021,DEC,IL,AGL,CE,Federal Contract Tower,4,2,3,0,9,0,0,28,0,28,4,2,31,0,37,43,0,43,80
12/03/2021,DEC,IL,AGL,CE,Federal Contract Tower,5,2,5,0,12,0,0,39,0,39,5,2,44,0,51,40,0,40,91
12/04/2021,DEC,IL,AGL,CE,Federal Contract Tower,2,3,2,0,7,0,0,18,0,18,2,3,20,0,25,24,0,24,49
12/05/2021,DEC,IL,AGL,CE,Federal Contract Tower,4,0,10,0,14,0,0,5,0,5,4,0,15,0,19,4,0,4,23
12/06/2021,DEC,IL,AGL,CE,Federal Contract Tower,4,3,4,3,14,0,0,9,0,9,4,3,13,3,23,4,0,4,27
12/07/2021,DEC,IL,AGL,CE,Federal Contract Tower,1,1,2,0,4,0,1,26,16,43,1,2,28,16,47,32,54,86,133
12/08/2021,DEC,IL,AGL,CE,Federal Contract Tower,4,3,6,0,13,0,0,34,5,39,4,3,40,5,52,69,3,72,124
12/09/2021,DEC,IL,AGL,CE,Federal Contract Tower,4,2,4,0,10,0,0,22,10,32,4,2,26,10,42,22,11,33,75
12/10/2021,DEC,IL,AGL,CE,Federal Contract Tower,3,1,2,0,6,0,0,0,0,0,3,1,2,0,6,0,0,0,6
12/11/2021,DEC,IL,AGL,CE,Federal Contract Tower,1,3,0,0,4,0,0,8,0,8,1,3,8,0,12,14,0,14,26
12/12/2021,DEC,IL,AGL,CE,Federal Contract Tower,4,2,2,0,8,0,0,15,0,15,4,2,17,0,23,16,0,16,39
12/13/2021,DEC,IL,AGL,CE,Federal Contract Tower,4,2,2,1,9,0,0,21,2,23,4,2,23,3,32,36,0,36,68
12/14/2021,DEC,IL,AGL,CE,Federal Contract Tower,2,4,2,7,15,0,0,31,30,61,2,4,33,37,76,51,78,129,205
12/15/2021,DEC,IL,AGL,CE,Federal Contract Tower,3,4,1,0,8,0,0,12,1,13,3,4,13,1,21,22,3,25,46
12/16/2021,DEC,IL,AGL,CE,Federal Contract Tower,4,2,1,2,9,0,0,33,11,44,4,2,34,13,53,33,16,49,102
12/17/2021,DEC,IL,AGL,CE,Federal Contract Tower,4,2,9,2,17,0,0,19,0,19,4,2,28,2,36,28,0,28,64
12/18/2021,DEC,IL,AGL,CE,Federal Contract Tower,2,4,3,0,9,0,0,2,0,2,2,4,5,0,11,5,0,5,16
12/19/2021,DEC,IL,AGL,CE,Federal Contract Tower,4,2,3,0,9,0,0,21,0,21,4,2,24,0,30,16,0,16,46
12/20/2021,DEC,IL,AGL,CE,Federal Contract Tower,3,7,3,2,15,0,0,21,1,22,3,7,24,3,37,33,0,33,70
12/21/2021,DEC,IL,AGL,CE,Federal Contract Tower,2,6,4,1,13,0,0,27,6,33,2,6,31,7,46,62,2,64,110
12/22/2021,DEC,IL,AGL,CE,Federal Contract Tower,4,2,6,2,14,0,0,37,0,37,4,2,43,2,51,51,0,51,102
12/23/2021,DEC,IL,AGL,CE,Federal Contract Tower,4,4,2,0,10,0,0,28,0,28,4,4,30,0,38,27,0,27,65
12/24/2021,DEC,IL,AGL,CE,Federal Contract Tower,4,2,0,0,6,0,0,9,0,9,4,2,9,0,15,8,0,8,23
12/25/2021,DEC,IL,AGL,CE,Federal Contract Tower,2,0,0,0,2,0,0,0,0,0,2,0,0,0,2,0,0,0,2
12/26/2021,DEC,IL,AGL,CE,Federal Contract Tower,3,0,4,0,7,0,0,0,0,0,3,0,4,0,7,0,0,0,7
12/27/2021,DEC,IL,AGL,CE,Federal Contract Tower,2,5,8,0,15,0,0,6,0,6,2,5,14,0,21,32,0,32,53
12/28/2021,DEC,IL,AGL,CE,Federal Contract Tower,1,5,3,0,9,0,0,0,0,0,1,5,3,0,9,0,0,0,9
12/29/2021,DEC,IL,AGL,CE,Federal Contract Tower,0,4,3,0,7,0,0,9,0,9,0,4,12,0,16,18,0,18,34
12/30/2021,DEC,IL,AGL,CE,Federal Contract Tower,1,2,3,0,6,0,0,7,0,7,1,2,10,0,13,19,0,19,32
12/31/2021,DEC,IL,AGL,CE,Federal Contract Tower,3,1,0,0,4,0,0,0,0,0,3,1,0,0,4,0,0,0,4
01/01/2022,DEC,IL,AGL,CE,Federal Contract Tower,0,0,0,0,0,0,0,0,0,0,0,0,0,0,0,0,0,0,0
01/02/2022,DEC,IL,AGL,CE,Federal Contract Tower,1,0,0,0,1,0,0,2,0,2,1,0,2,0,3,6,0,6,9
01/03/2022,DEC,IL,AGL,CE,Federal Contract Tower,0,1,2,0,3,0,0,23,1,24,0,1,25,1,27,42,0,42,69
01/04/2022,DEC,IL,AGL,CE,Federal Contract Tower,2,6,4,0,12,0,0,25,3,28,2,6,29,3,40,20,0,20,60
01/05/2022,DEC,IL,AGL,CE,Federal Contract Tower,2,4,0,0,6,0,0,20,0,20,2,4,20,0,26,28,0,28,54
01/06/2022,DEC,IL,AGL,CE,Federal Contract Tower,2,5,0,0,7,0,0,29,0,29,2,5,29,0,36,53,0,53,89
01/07/2022,DEC,IL,AGL,CE,Federal Contract Tower,2,1,1,0,4,0,0,30,0,30,2,1,31,0,34,37,0,37,71
01/08/2022,DEC,IL,AGL,CE,Federal Contract Tower,0,0,8,0,8,0,0,11,0,11,0,0,19,0,19,19,0,19,38
01/09/2022,DEC,IL,AGL,CE,Federal Contract Tower,1,0,0,0,1,0,0,7,0,7,1,0,7,0,8,13,0,13,21
01/10/2022,DEC,IL,AGL,CE,Federal Contract Tower,3,4,0,0,7,0,0,10,0,10,3,4,10,0,17,18,0,18,35
01/11/2022,DEC,IL,AGL,CE,Federal Contract Tower,1,6,0,0,7,0,0,27,0,27,1,6,27,0,34,50,0,50,84
01/12/2022,DEC,IL,AGL,CE,Federal Contract Tower,5,2,2,4,13,0,0,26,4,30,5,2,28,8,43,49,22,71,114
01/13/2022,DEC,IL,AGL,CE,Federal Contract Tower,3,2,5,3,13,0,0,21,23,44,3,2,26,26,57,40,66,106,163
01/14/2022,DEC,IL,AGL,CE,Federal Contract Tower,2,0,0,2,4,0,0,3,0,3,2,0,3,2,7,9,0,9,16
01/15/2022,DEC,IL,AGL,CE,Federal Contract Tower,2,2,0,0,4,0,0,12,0,12,2,2,12,0,16,19,0,19,35
01/16/2022,DEC,IL,AGL,CE,Federal Contract Tower,3,0,5,0,8,0,0,28,0,28,3,0,33,0,36,33,0,33,69
01/17/2022,DEC,IL,AGL,CE,Federal Contract Tower,4,1,2,0,7,0,0,13,1,14,4,1,15,1,21,3,0,3,24
01/18/2022,DEC,IL,AGL,CE,Federal Contract Tower,2,2,3,0,7,0,0,18,15,33,2,2,21,15,40,26,22,48,88
01/19/2022,DEC,IL,AGL,CE,Federal Contract Tower,4,1,1,0,6,0,0,29,2,31,4,1,30,2,37,41,3,44,81
01/20/2022,DEC,IL,AGL,CE,Federal Contract Tower,4,3,2,1,10,0,0,26,2,28,4,3,28,3,38,43,7,50,88
01/21/2022,DEC,IL,AGL,CE,Federal Contract Tower,4,2,3,0,9,0,0,29,1,30,4,2,32,1,39,43,4,47,86
01/22/2022,DEC,IL,AGL,CE,Federal Contract Tower,2,2,2,0,6,0,0,19,0,19,2,2,21,0,25,33,0,33,58
01/23/2022,DEC,IL,AGL,CE,Federal Contract Tower,4,0,2,3,9,0,0,18,0,18,4,0,20,3,27,29,0,29,56
01/24/2022,DEC,IL,AGL,CE,Federal Contract Tower,2,2,0,0,4,0,0,9,1,10,2,2,9,1,14,26,0,26,40
01/25/2022,DEC,IL,AGL,CE,Federal Contract Tower,3,2,2,1,8,0,0,19,22,41,3,2,21,23,49,36,36,72,121
01/26/2022,DEC,IL,AGL,CE,Federal Contract Tower,3,2,0,2,7,0,0,28,1,29,3,2,28,3,36,57,0,57,93
01/27/2022,DEC,IL,AGL,CE,Federal Contract Tower,4,1,2,0,7,0,0,13,9,22,4,1,15,9,29,16,15,31,60
01/28/2022,DEC,IL,AGL,CE,Federal Contract Tower,2,2,0,2,6,0,0,5,0,5,2,2,5,2,11,0,0,0,11
01/29/2022,DEC,IL,AGL,CE,Federal Contract Tower,2,2,2,0,6,0,0,16,0,16,2,2,18,0,22,33,0,33,55
01/30/2022,DEC,IL,AGL,CE,Federal Contract Tower,4,0,2,0,6,0,0,16,0,16,4,0,18,0,22,24,0,24,46
01/31/2022,DEC,IL,AGL,CE,Federal Contract Tower,3,4,1,2,10,0,0,12,0,12,3,4,13,2,22,30,0,30,52
02/01/2022,DEC,IL,AGL,CE,Federal Contract Tower,2,3,4,0,9,0,0,18,1,19,2,3,22,1,28,12,0,12,40
02/02/2022,DEC,IL,AGL,CE,Federal Contract Tower,0,0,0,0,0,0,0,0,0,0,0,0,0,0,0,0,0,0,0
02/03/2022,DEC,IL,AGL,CE,Federal Contract Tower,0,0,0,0,0,0,0,0,0,0,0,0,0,0,0,0,0,0,0
02/04/2022,DEC,IL,AGL,CE,Federal Contract Tower,4,0,0,0,4,0,0,10,0,10,4,0,10,0,14,0,0,0,14
02/05/2022,DEC,IL,AGL,CE,Federal Contract Tower,2,2,0,0,4,0,0,14,10,24,2,2,14,10,28,20,8,28,56
02/06/2022,DEC,IL,AGL,CE,Federal Contract Tower,4,0,1,8,13,0,0,9,14,23,4,0,10,22,36,20,14,34,70
02/07/2022,DEC,IL,AGL,CE,Federal Contract Tower,4,1,0,0,5,0,0,17,0,17,4,1,17,0,22,32,0,32,54
02/08/2022,DEC,IL,AGL,CE,Federal Contract Tower,2,5,2,0,9,0,0,23,14,37,2,5,25,14,46,26,22,48,94
02/09/2022,DEC,IL,AGL,CE,Federal Contract Tower,4,2,0,6,12,0,0,29,12,41,4,2,29,18,53,43,67,110,163
02/10/2022,DEC,IL,AGL,CE,Federal Contract Tower,4,2,4,0,10,0,0,13,22,35,4,2,17,22,45,20,56,76,121
02/11/2022,DEC,IL,AGL,CE,Federal Contract Tower,4,4,8,0,16,0,0,9,0,9,4,4,17,0,25,13,0,13,38
02/12/2022,DEC,IL,AGL,CE,Federal Contract Tower,2,11,0,0,13,0,0,9,0,9,2,11,9,0,22,15,0,15,37
02/13/2022,DEC,IL,AGL,CE,Federal Contract Tower,4,3,3,1,11,0,0,9,0,9,4,3,12,1,20,4,0,4,24
02/14/2022,DEC,IL,AGL,CE,Federal Contract Tower,5,5,3,0,13,0,0,17,0,17,5,5,20,0,30,62,0,62,92
02/15/2022,DEC,IL,AGL,CE,Federal Contract Tower,2,4,3,5,14,0,0,23,14,37,2,4,26,19,51,42,42,84,135
02/16/2022,DEC,IL,AGL,CE,Federal Contract Tower,3,5,0,2,10,0,0,16,0,16,3,5,16,2,26,24,0,24,50
02/17/2022,DEC,IL,AGL,CE,Federal Contract Tower,0,2,0,0,2,0,0,0,0,0,0,2,0,0,2,0,0,0,2
02/18/2022,DEC,IL,AGL,CE,Federal Contract Tower,3,0,0,0,3,0,0,13,0,13,3,0,13,0,16,18,0,18,34
02/19/2022,DEC,IL,AGL,CE,Federal Contract Tower,2,5,5,0,12,0,0,27,0,27,2,5,32,0,39,48,0,48,87
02/20/2022,DEC,IL,AGL,CE,Federal Contract Tower,4,0,1,0,5,0,0,13,0,13,4,0,14,0,18,30,0,30,48
02/21/2022,DEC,IL,AGL,CE,Federal Contract Tower,4,3,6,0,13,0,0,18,0,18,4,3,24,0,31,39,0,39,70
02/22/2022,DEC,IL,AGL,CE,Federal Contract Tower,2,4,0,0,6,0,0,14,14,28,2,4,14,14,34,22,46,68,102
02/23/2022,DEC,IL,AGL,CE,Federal Contract Tower,3,2,5,1,11,0,0,12,1,13,3,2,17,2,24,28,3,31,55
02/24/2022,DEC,IL,AGL,CE,Federal Contract Tower,3,2,0,0,5,0,0,0,0,0,3,2,0,0,5,0,0,0,5
02/25/2022,DEC,IL,AGL,CE,Federal Contract Tower,3,0,8,0,11,0,0,6,2,8,3,0,14,2,19,0,0,0,19
02/26/2022,DEC,IL,AGL,CE,Federal Contract Tower,2,2,6,0,10,0,0,42,0,42,2,2,48,0,52,46,0,46,98
02/27/2022,DEC,IL,AGL,CE,Federal Contract Tower,4,0,19,0,23,0,0,23,0,23,4,0,42,0,46,39,0,39,85
02/28/2022,DEC,IL,AGL,CE,Federal Contract Tower,4,4,0,0,8,0,0,21,2,23,4,4,21,2,31,42,0,42,73
03/01/2022,DEC,IL,AGL,CE,Federal Contract Tower,1,4,0,1,6,0,0,16,19,35,1,4,16,20,41,24,66,90,131
03/02/2022,DEC,IL,AGL,CE,Federal Contract Tower,4,1,10,0,15,0,0,57,0,57,4,1,67,0,72,34,0,34,106
03/03/2022,DEC,IL,AGL,CE,Federal Contract Tower,4,2,9,2,17,0,0,44,6,50,4,2,53,8,67,70,10,80,147
03/04/2022,DEC,IL,AGL,CE,Federal Contract Tower,3,2,2,3,10,0,0,48,2,50,3,2,50,5,60,48,9,57,117
03/05/2022,DEC,IL,AGL,CE,Federal Contract Tower,2,4,0,0,6,0,0,22,0,22,2,4,22,0,28,27,0,27,55
03/06/2022,DEC,IL,AGL,CE,Federal Contract Tower,4,1,19,0,24,0,0,23,2,25,4,1,42,2,49,24,8,32,81
03/07/2022,DEC,IL,AGL,CE,Federal Contract Tower,4,2,4,4,14,0,0,10,0,10,4,2,14,4,24,17,0,17,41
03/08/2022,DEC,IL,AGL,CE,Federal Contract Tower,1,3,4,4,12,0,0,20,17,37,1,3,24,21,49,42,46,88,137
03/09/2022,DEC,IL,AGL,CE,Federal Contract Tower,3,2,7,0,12,0,0,46,1,47,3,2,53,1,59,58,2,60,119
03/10/2022,DEC,IL,AGL,CE,Federal Contract Tower,3,1,3,1,8,0,0,21,18,39,3,1,24,19,47,18,64,82,129
03/11/2022,DEC,IL,AGL,CE,Federal Contract Tower,4,4,8,0,16,2,0,19,0,21,6,4,27,0,37,37,0,37,74
03/12/2022,DEC,IL,AGL,CE,Federal Contract Tower,2,6,0,0,8,0,0,25,2,27,2,6,25,2,35,22,16,38,73
03/13/2022,DEC,IL,AGL,CE,Federal Contract Tower,3,2,2,0,7,0,0,20,1,21,3,2,22,1,28,24,4,28,56
03/14/2022,DEC,IL,AGL,CE,Federal Contract Tower,4,0,2,0,6,0,0,8,5,13,4,0,10,5,19,0,0,0,19
03/15/2022,DEC,IL,AGL,CE,Federal Contract Tower,2,1,4,3,10,0,0,30,18,48,2,1,34,21,58,34,50,84,142
03/16/2022,DEC,IL,AGL,CE,Federal Contract Tower,3,2,12,3,20,0,0,30,0,30,3,2,42,3,50,66,0,66,116
03/17/2022,DEC,IL,AGL,CE,Federal Contract Tower,4,2,0,1,7,0,0,5,0,5,4,2,5,1,12,42,72,114,126
03/18/2022,DEC,IL,AGL,CE,Federal Contract Tower,4,5,1,0,10,0,0,11,0,11,4,5,12,0,21,5,0,5,26
03/19/2022,DEC,IL,AGL,CE,Federal Contract Tower,2,7,0,0,9,0,0,18,0,18,2,7,18,0,27,34,0,34,61
03/20/2022,DEC,IL,AGL,CE,Federal Contract Tower,5,1,0,0,6,0,0,44,0,44,5,1,44,0,50,78,0,78,128
03/21/2022,DEC,IL,AGL,CE,Federal Contract Tower,5,0,0,2,7,0,0,24,0,24,5,0,24,2,31,32,0,32,63
03/22/2022,DEC,IL,AGL,CE,Federal Contract Tower,2,2,0,2,6,0,0,4,2,6,2,2,4,4,12,0,4,4,16
03/23/2022,DEC,IL,AGL,CE,Federal Contract Tower,4,8,2,0,14,0,0,0,0,0,4,8,2,0,14,0,0,0,14
03/24/2022,DEC,IL,AGL,CE,Federal Contract Tower,4,2,16,0,22,0,0,10,9,19,4,2,26,9,41,15,18,33,74
03/25/2022,DEC,IL,AGL,CE,Federal Contract Tower,4,5,2,3,14,0,0,7,6,13,4,5,9,9,27,16,13,29,56
03/26/2022,DEC,IL,AGL,CE,Federal Contract Tower,0,0,1,0,1,0,0,16,0,16,0,0,17,0,17,44,0,44,61
03/27/2022,DEC,IL,AGL,CE,Federal Contract Tower,2,0,7,0,9,0,0,25,0,25,2,0,32,0,34,40,0,40,74
03/28/2022,DEC,IL,AGL,CE,Federal Contract Tower,4,0,1,5,10,0,0,26,0,26,4,0,27,5,36,76,0,76,112
03/29/2022,DEC,IL,AGL,CE,Federal Contract Tower,2,1,4,2,9,0,0,7,26,33,2,1,11,28,42,0,48,48,90
03/30/2022,DEC,IL,AGL,CE,Federal Contract Tower,4,2,2,0,8,0,0,7,3,10,4,2,9,3,18,15,12,27,45
03/31/2022,DEC,IL,AGL,CE,Federal Contract Tower,4,4,0,3,11,0,0,14,5,19,4,4,14,8,30,21,22,43,73
04/01/2022,DEC,IL,AGL,CE,Federal Contract Tower,2,2,0,0,4,0,0,29,0,29,2,2,29,0,33,39,0,39,72
04/02/2022,DEC,IL,AGL,CE,Federal Contract Tower,2,4,0,0,6,0,0,22,0,22,2,4,22,0,28,25,0,25,53
04/03/2022,DEC,IL,AGL,CE,Federal Contract Tower,8,1,0,0,9,0,0,27,0,27,8,1,27,0,36,49,0,49,85
04/04/2022,DEC,IL,AGL,CE,Federal Contract Tower,8,1,0,1,10,0,0,10,6,16,8,1,10,7,26,14,4,18,44
04/05/2022,DEC,IL,AGL,CE,Federal Contract Tower,6,7,2,1,16,0,0,0,2,2,6,7,2,3,18,0,0,0,18
04/06/2022,DEC,IL,AGL,CE,Federal Contract Tower,8,1,4,0,13,0,0,19,0,19,8,1,23,0,32,48,0,48,80
04/07/2022,DEC,IL,AGL,CE,Federal Contract Tower,8,5,2,0,15,0,0,15,12,27,8,5,17,12,42,9,35,44,86
04/08/2022,DEC,IL,AGL,CE,Federal Contract Tower,8,1,10,0,19,0,0,10,2,12,8,1,20,2,31,16,4,20,51
04/09/2022,DEC,IL,AGL,CE,Federal Contract Tower,4,2,1,0,7,0,0,53,0,53,4,2,54,0,60,50,0,50,110
04/10/2022,DEC,IL,AGL,CE,Federal Contract Tower,8,3,1,0,12,0,0,15,0,15,8,3,16,0,27,11,0,11,38
04/11/2022,DEC,IL,AGL,CE,Federal Contract Tower,8,5,2,0,15,0,0,14,4,18,8,5,16,4,33,8,0,8,41
04/12/2022,DEC,IL,AGL,CE,Federal Contract Tower,8,3,5,2,18,0,0,12,12,24,8,3,17,14,42,0,22,22,64
04/13/2022,DEC,IL,AGL,CE,Federal Contract Tower,10,2,0,2,14,0,0,9,4,13,10,2,9,6,27,12,0,12,39
04/14/2022,DEC,IL,AGL,CE,Federal Contract Tower,6,4,1,3,14,0,0,31,18,49,6,4,32,21,63,43,21,64,127
04/15/2022,DEC,IL,AGL,CE,Federal Contract Tower,8,3,4,0,15,0,0,26,3,29,8,3,30,3,44,33,12,45,89
04/16/2022,DEC,IL,AGL,CE,Federal Contract Tower,4,4,8,0,16,0,0,40,0,40,4,4,48,0,56,72,0,72,128
04/17/2022,DEC,IL,AGL,CE,Federal Contract Tower,8,0,3,2,13,0,0,18,0,18,8,0,21,2,31,9,0,9,40
04/18/2022,DEC,IL,AGL,CE,Federal Contract Tower,6,1,8,0,15,0,0,12,0,12,6,1,20,0,27,8,0,8,35
04/19/2022,DEC,IL,AGL,CE,Federal Contract Tower,8,4,3,1,16,0,0,37,7,44,8,4,40,8,60,54,0,54,114
04/20/2022,DEC,IL,AGL,CE,Federal Contract Tower,8,2,4,3,17,0,0,19,1,20,8,2,23,4,37,26,3,29,66
04/21/2022,DEC,IL,AGL,CE,Federal Contract Tower,8,2,8,2,20,0,0,29,2,31,8,2,37,4,51,53,3,56,107
04/22/2022,DEC,IL,AGL,CE,Federal Contract Tower,8,1,5,0,14,0,0,15,0,15,8,1,20,0,29,28,0,28,57
04/23/2022,DEC,IL,AGL,CE,Federal Contract Tower,4,1,12,0,17,0,0,19,9,28,4,1,31,9,45,19,8,27,72
04/24/2022,DEC,IL,AGL,CE,Federal Contract Tower,8,0,2,3,13,0,0,4,0,4,8,0,6,3,17,7,0,7,24
04/25/2022,DEC,IL,AGL,CE,Federal Contract Tower,8,0,4,2,14,0,0,22,6,28,8,0,26,8,42,43,0,43,85
04/26/2022,DEC,IL,AGL,CE,Federal Contract Tower,8,4,4,1,17,0,0,36,0,36,8,4,40,1,53,40,0,40,93
04/27/2022,DEC,IL,AGL,CE,Federal Contract Tower,8,2,4,0,14,0,0,39,2,41,8,2,43,2,55,73,6,79,134
04/28/2022,DEC,IL,AGL,CE,Federal Contract Tower,8,6,3,2,19,0,0,26,4,30,8,6,29,6,49,31,2,33,82
04/29/2022,DEC,IL,AGL,CE,Federal Contract Tower,8,4,6,2,20,0,0,17,0,17,8,4,23,2,37,51,0,51,88
04/30/2022,DEC,IL,AGL,CE,Federal Contract Tower,4,1,1,0,6,0,0,8,0,8,4,1,9,0,14,12,0,12,26
05/01/2022,DEC,IL,AGL,CE,Federal Contract Tower,8,6,1,0,15,0,0,16,0,16,8,6,17,0,31,15,0,15,46
05/02/2022,DEC,IL,AGL,CE,Federal Contract Tower,8,2,2,0,12,0,0,19,3,22,8,2,21,3,34,29,4,33,67
05/03/2022,DEC,IL,AGL,CE,Federal Contract Tower,8,4,5,0,17,0,0,3,0,3,8,4,8,0,20,0,0,0,20
05/04/2022,DEC,IL,AGL,CE,Federal Contract Tower,8,1,13,5,27,0,0,20,0,20,8,1,33,5,47,37,0,37,84
05/05/2022,DEC,IL,AGL,CE,Federal Contract Tower,8,1,2,0,11,0,0,4,0,4,8,1,6,0,15,12,0,12,27
05/06/2022,DEC,IL,AGL,CE,Federal Contract Tower,8,3,3,0,14,0,0,0,0,0,8,3,3,0,14,0,0,0,14
05/07/2022,DEC,IL,AGL,CE,Federal Contract Tower,4,4,1,0,9,0,0,28,0,28,4,4,29,0,37,43,0,43,80
05/08/2022,DEC,IL,AGL,CE,Federal Contract Tower,8,2,3,0,13,0,0,15,0,15,8,2,18,0,28,29,0,29,57
05/09/2022,DEC,IL,AGL,CE,Federal Contract Tower,9,0,4,3,16,0,0,14,3,17,9,0,18,6,33,22,18,40,73
05/10/2022,DEC,IL,AGL,CE,Federal Contract Tower,4,3,0,0,7,0,0,38,17,55,4,3,38,17,62,46,17,63,125
05/11/2022,DEC,IL,AGL,CE,Federal Contract Tower,8,3,3,0,14,0,0,28,5,33,8,3,31,5,47,32,4,36,83
05/12/2022,DEC,IL,AGL,CE,Federal Contract Tower,6,1,1,1,9,0,0,43,4,47,6,1,44,5,56,0,0,0,56
05/13/2022,DEC,IL,AGL,CE,Federal Contract Tower,10,5,7,2,24,0,0,28,1,29,10,5,35,3,53,50,1,51,104
05/14/2022,DEC,IL,AGL,CE,Federal Contract Tower,4,3,1,0,8,0,0,26,0,26,4,3,27,0,34,38,0,38,72
05/15/2022,DEC,IL,AGL,CE,Federal Contract Tower,7,2,0,0,9,0,0,32,0,32,7,2,32,0,41,36,0,36,77
05/16/2022,DEC,IL,AGL,CE,Federal Contract Tower,9,1,7,0,17,0,1,16,0,17,9,2,23,0,34,35,0,35,69
05/17/2022,DEC,IL,AGL,CE,Federal Contract Tower,4,6,8,2,20,0,0,33,17,50,4,6,41,19,70,55,57,112,182
05/18/2022,DEC,IL,AGL,CE,Federal Contract Tower,8,2,3,4,17,0,0,13,0,13,8,2,16,4,30,35,0,35,65
05/19/2022,DEC,IL,AGL,CE,Federal Contract Tower,7,3,1,1,12,0,0,21,11,32,7,3,22,12,44,16,8,24,68
05/20/2022,DEC,IL,AGL,CE,Federal Contract Tower,10,6,2,0,18,0,0,9,6,15,10,6,11,6,33,6,28,34,67
05/21/2022,DEC,IL,AGL,CE,Federal Contract Tower,4,1,2,0,7,0,0,0,0,0,4,1,2,0,7,0,0,0,7
05/22/2022,DEC,IL,AGL,CE,Federal Contract Tower,8,0,0,0,8,0,0,48,4,52,8,0,48,4,60,42,4,46,106
05/23/2022,DEC,IL,AGL,CE,Federal Contract Tower,8,6,0,2,16,0,3,42,1,46,8,9,42,3,62,56,0,56,118
05/24/2022,DEC,IL,AGL,CE,Federal Contract Tower,4,1,0,1,6,0,0,29,12,41,4,1,29,13,47,21,25,46,93
05/25/2022,DEC,IL,AGL,CE,Federal Contract Tower,10,5,8,4,27,0,0,14,4,18,10,5,22,8,45,11,4,15,60
05/26/2022,DEC,IL,AGL,CE,Federal Contract Tower,7,1,7,1,16,0,0,7,7,14,7,1,14,8,30,16,21,37,67
05/27/2022,DEC,IL,AGL,CE,Federal Contract Tower,9,1,0,0,10,0,0,2,0,2,9,1,2,0,12,0,0,0,12
05/28/2022,DEC,IL,AGL,CE,Federal Contract Tower,4,2,5,0,11,0,0,30,0,30,4,2,35,0,41,25,0,25,66
05/29/2022,DEC,IL,AGL,CE,Federal Contract Tower,9,2,0,0,11,0,0,20,0,20,9,2,20,0,31,32,0,32,63
05/30/2022,DEC,IL,AGL,CE,Federal Contract Tower,9,5,3,0,17,0,0,21,0,21,9,5,24,0,38,20,0,20,58
05/31/2022,DEC,IL,AGL,CE,Federal Contract Tower,4,1,6,0,11,0,0,25,0,25,4,1,31,0,36,32,0,32,68
06/01/2022,DEC,IL,AGL,CE,Federal Contract Tower,3,8,0,0,11,0,0,20,2,22,3,8,20,2,33,23,7,30,63
06/02/2022,DEC,IL,AGL,CE,Federal Contract Tower,8,5,5,0,18,0,0,34,10,44,8,5,39,10,62,51,13,64,126
06/03/2022,DEC,IL,AGL,CE,Federal Contract Tower,8,6,6,2,22,0,0,41,11,52,8,6,47,13,74,60,14,74,148
06/04/2022,DEC,IL,AGL,CE,Federal Contract Tower,4,1,4,0,9,0,0,101,0,101,4,1,105,0,110,21,0,21,131
06/05/2022,DEC,IL,AGL,CE,Federal Contract Tower,8,2,3,2,15,0,0,24,0,24,8,2,27,2,39,28,10,38,77
06/06/2022,DEC,IL,AGL,CE,Federal Contract Tower,8,0,12,0,20,0,0,14,1,15,8,0,26,1,35,37,0,37,72
06/07/2022,DEC,IL,AGL,CE,Federal Contract Tower,4,1,6,3,14,0,0,31,9,40,4,1,37,12,54,74,4,78,132
06/08/2022,DEC,IL,AGL,CE,Federal Contract Tower,8,7,0,2,17,0,7,2,0,9,8,14,2,2,26,7,4,11,37
06/09/2022,DEC,IL,AGL,CE,Federal Contract Tower,8,3,3,4,18,0,0,46,7,53,8,3,49,11,71,26,13,39,110
06/10/2022,DEC,IL,AGL,CE,Federal Contract Tower,9,1,6,0,16,0,0,9,6,15,9,1,15,6,31,16,8,24,55
06/11/2022,DEC,IL,AGL,CE,Federal Contract Tower,4,1,2,0,7,0,0,25,0,25,4,1,27,0,32,40,0,40,72
06/12/2022,DEC,IL,AGL,CE,Federal Contract Tower,7,1,3,0,11,0,0,24,0,24,7,1,27,0,35,38,0,38,73
06/13/2022,DEC,IL,AGL,CE,Federal Contract Tower,0,8,4,0,12,0,0,26,6,32,0,8,30,6,44,34,4,38,82
06/14/2022,DEC,IL,AGL,CE,Federal Contract Tower,4,1,6,0,11,0,0,18,9,27,4,1,24,9,38,18,26,44,82
06/15/2022,DEC,IL,AGL,CE,Federal Contract Tower,9,1,1,0,11,0,0,22,2,24,9,1,23,2,35,49,0,49,84
06/16/2022,DEC,IL,AGL,CE,Federal Contract Tower,8,1,6,2,17,0,0,18,7,25,8,1,24,9,42,9,0,9,51
06/17/2022,DEC,IL,AGL,CE,Federal Contract Tower,8,1,3,2,14,0,0,6,2,8,8,1,9,4,22,6,10,16,38
06/18/2022,DEC,IL,AGL,CE,Federal Contract Tower,4,1,0,1,6,0,0,23,0,23,4,1,23,1,29,28,0,28,57
06/19/2022,DEC,IL,AGL,CE,Federal Contract Tower,5,0,7,0,12,0,0,17,0,17,5,0,24,0,29,0,11,11,40
06/20/2022,DEC,IL,AGL,CE,Federal Contract Tower,8,2,3,0,13,0,0,33,0,33,8,2,36,0,46,37,0,37,83
06/21/2022,DEC,IL,AGL,CE,Federal Contract Tower,4,3,6,0,13,0,0,21,0,21,4,3,27,0,34,22,0,22,56
06/22/2022,DEC,IL,AGL,CE,Federal Contract Tower,8,2,2,1,13,0,0,32,15,47,8,2,34,16,60,62,28,90,150
06/23/2022,DEC,IL,AGL,CE,Federal Contract Tower,8,1,4,0,13,0,0,25,8,33,8,1,29,8,46,38,6,44,90
06/24/2022,DEC,IL,AGL,CE,Federal Contract Tower,8,1,4,2,15,0,0,27,3,30,8,1,31,5,45,36,0,36,81
06/25/2022,DEC,IL,AGL,CE,Federal Contract Tower,4,1,3,0,8,0,0,17,0,17,4,1,20,0,25,12,0,12,37
06/26/2022,DEC,IL,AGL,CE,Federal Contract Tower,8,2,5,0,15,0,0,3,0,3,8,2,8,0,18,0,0,0,18
06/27/2022,DEC,IL,AGL,CE,Federal Contract Tower,8,0,6,2,16,0,0,30,7,37,8,0,36,9,53,37,23,60,113
06/28/2022,DEC,IL,AGL,CE,Federal Contract Tower,4,3,12,2,21,0,0,29,15,44,4,3,41,17,65,61,20,81,146
06/29/2022,DEC,IL,AGL,CE,Federal Contract Tower,8,2,4,2,16,0,0,30,8,38,8,2,34,10,54,45,15,60,114
06/30/2022,DEC,IL,AGL,CE,Federal Contract Tower,8,3,0,4,15,0,0,44,3,47,8,3,44,7,62,30,2,32,94
07/01/2022,DEC,IL,AGL,CE,Federal Contract Tower,8,1,3,0,12,0,0,17,0,17,8,1,20,0,29,20,0,20,49
07/02/2022,DEC,IL,AGL,CE,Federal Contract Tower,4,2,4,0,10,0,0,6,0,6,4,2,10,0,16,10,0,10,26
07/03/2022,DEC,IL,AGL,CE,Federal Contract Tower,8,2,0,0,10,0,0,22,0,22,8,2,22,0,32,6,0,6,38
07/04/2022,DEC,IL,AGL,CE,Federal Contract Tower,8,0,2,0,10,0,0,27,0,27,8,0,29,0,37,41,0,41,78
07/05/2022,DEC,IL,AGL,CE,Federal Contract Tower,4,2,2,0,8,0,0,23,5,28,4,2,25,5,36,28,3,31,67
07/06/2022,DEC,IL,AGL,CE,Federal Contract Tower,8,1,1,2,12,0,0,30,4,34,8,1,31,6,46,51,14,65,111
07/07/2022,DEC,IL,AGL,CE,Federal Contract Tower,8,6,12,0,26,0,0,5,0,5,8,6,17,0,31,10,0,10,41
07/08/2022,DEC,IL,AGL,CE,Federal Contract Tower,7,5,3,1,16,0,0,33,0,33,7,5,36,1,49,10,0,10,59
07/09/2022,DEC,IL,AGL,CE,Federal Contract Tower,6,1,6,0,13,0,0,12,4,16,6,1,18,4,29,10,0,10,39
07/10/2022,DEC,IL,AGL,CE,Federal Contract Tower,8,0,3,0,11,0,0,98,0,98,8,0,101,0,109,30,0,30,139
07/11/2022,DEC,IL,AGL,CE,Federal Contract Tower,9,2,5,1,17,0,0,94,4,98,9,2,99,5,115,28,14,42,157
07/12/2022,DEC,IL,AGL,CE,Federal Contract Tower,4,2,6,6,18,0,0,119,5,124,4,2,125,11,142,38,12,50,192
07/13/2022,DEC,IL,AGL,CE,Federal Contract Tower,8,1,5,2,16,0,0,111,6,117,8,1,116,8,133,16,23,39,172
07/14/2022,DEC,IL,AGL,CE,Federal Contract Tower,8,6,2,0,16,0,3,123,3,129,8,9,125,3,145,20,0,20,165
07/15/2022,DEC,IL,AGL,CE,Federal Contract Tower,8,3,0,0,11,0,0,65,0,65,8,3,65,0,76,25,0,25,101
07/16/2022,DEC,IL,AGL,CE,Federal Contract Tower,4,2,0,0,6,0,0,171,0,171,4,2,171,0,177,44,0,44,221
07/17/2022,DEC,IL,AGL,CE,Federal Contract Tower,7,0,3,0,10,0,0,10,0,10,7,0,13,0,20,0,0,0,20
07/18/2022,DEC,IL,AGL,CE,Federal Contract Tower,8,2,8,2,20,0,0,155,0,155,8,2,163,2,175,22,0,22,197
07/19/2022,DEC,IL,AGL,CE,Federal Contract Tower,4,1,3,0,8,0,0,182,7,189,4,1,185,7,197,28,0,28,225
07/20/2022,DEC,IL,AGL,CE,Federal Contract Tower,8,1,3,1,13,0,0,54,3,57,8,1,57,4,70,36,4,40,110
07/21/2022,DEC,IL,AGL,CE,Federal Contract Tower,8,4,4,1,17,0,0,152,4,156,8,4,156,5,173,30,0,30,203
07/22/2022,DEC,IL,AGL,CE,Federal Contract Tower,8,2,1,0,11,0,0,124,0,124,8,2,125,0,135,15,0,15,150
07/23/2022,DEC,IL,AGL,CE,Federal Contract Tower,4,3,5,0,12,0,0,86,0,86,4,3,91,0,98,30,0,30,128
07/24/2022,DEC,IL,AGL,CE,Federal Contract Tower,8,0,2,0,10,0,0,20,0,20,8,0,22,0,30,24,0,24,54
07/25/2022,DEC,IL,AGL,CE,Federal Contract Tower,8,4,5,4,21,0,0,158,4,162,8,4,163,8,183,48,12,60,243
07/26/2022,DEC,IL,AGL,CE,Federal Contract Tower,4,1,9,2,16,0,0,14,0,14,4,1,23,2,30,0,0,0,30
07/27/2022,DEC,IL,AGL,CE,Federal Contract Tower,8,1,4,4,17,0,0,63,10,73,8,1,67,14,90,28,5,33,123
07/28/2022,DEC,IL,AGL,CE,Federal Contract Tower,8,4,2,1,15,0,0,107,8,115,8,4,109,9,130,16,20,36,166
07/29/2022,DEC,IL,AGL,CE,Federal Contract Tower,8,4,2,0,14,0,0,111,7,118,8,4,113,7,132,36,20,56,188
07/30/2022,DEC,IL,AGL,CE,Federal Contract Tower,4,1,3,0,8,0,0,0,0,0,4,1,3,0,8,24,0,24,32
07/31/2022,DEC,IL,AGL,CE,Federal Contract Tower,8,4,4,0,16,0,0,76,0,76,8,4,80,0,92,32,0,32,124
08/01/2022,DEC,IL,AGL,CE,Federal Contract Tower,8,0,11,2,21,0,0,22,0,22,8,0,33,2,43,40,0,40,83
08/02/2022,DEC,IL,AGL,CE,Federal Contract Tower,3,2,4,0,9,0,0,41,2,43,3,2,45,2,52,7,0,7,59
08/03/2022,DEC,IL,AGL,CE,Federal Contract Tower,8,6,0,0,14,0,0,44,1,45,8,6,44,1,59,20,0,20,79
08/04/2022,DEC,IL,AGL,CE,Federal Contract Tower,7,3,6,2,18,0,0,108,0,108,7,3,114,2,126,20,0,20,146
08/05/2022,DEC,IL,AGL,CE,Federal Contract Tower,8,3,3,0,14,0,0,55,1,56,8,3,58,1,70,0,0,0,70
08/06/2022,DEC,IL,AGL,CE,Federal Contract Tower,3,1,3,0,7,0,0,68,0,68,3,1,71,0,75,5,0,5,80
08/07/2022,DEC,IL,AGL,CE,Federal Contract Tower,4,2,4,0,10,0,0,68,2,70,4,2,72,2,80,30,0,30,110
08/08/2022,DEC,IL,AGL,CE,Federal Contract Tower,8,0,8,0,16,0,0,34,0,34,8,0,42,0,50,27,0,27,77
08/09/2022,DEC,IL,AGL,CE,Federal Contract Tower,4,1,5,0,10,0,0,28,2,30,4,1,33,2,40,41,0,41,81
08/10/2022,DEC,IL,AGL,CE,Federal Contract Tower,8,2,4,2,16,0,0,46,4,50,8,2,50,6,66,32,12,44,110
08/11/2022,DEC,IL,AGL,CE,Federal Contract Tower,8,1,3,0,12,0,0,56,2,58,8,1,59,2,70,28,0,28,98
08/12/2022,DEC,IL,AGL,CE,Federal Contract Tower,8,1,3,2,14,0,0,25,1,26,8,1,28,3,40,38,0,38,78
08/13/2022,DEC,IL,AGL,CE,Federal Contract Tower,4,1,2,1,8,0,0,27,1,28,4,1,29,2,36,36,5,41,77
08/14/2022,DEC,IL,AGL,CE,Federal Contract Tower,8,0,10,0,18,0,0,13,3,16,8,0,23,3,34,0,0,0,34
08/15/2022,DEC,IL,AGL,CE,Federal Contract Tower,8,0,3,0,11,0,0,23,0,23,8,0,26,0,34,40,0,40,74
08/16/2022,DEC,IL,AGL,CE,Federal Contract Tower,4,4,3,3,14,0,0,45,4,49,4,4,48,7,63,91,23,114,177
08/17/2022,DEC,IL,AGL,CE,Federal Contract Tower,7,4,6,0,17,0,0,49,2,51,7,4,55,2,68,81,0,81,149
08/18/2022,DEC,IL,AGL,CE,Federal Contract Tower,9,4,12,2,27,0,0,30,6,36,9,4,42,8,63,48,0,48,111
08/19/2022,DEC,IL,AGL,CE,Federal Contract Tower,7,4,4,0,15,0,0,30,0,30,7,4,34,0,45,8,0,8,53
08/20/2022,DEC,IL,AGL,CE,Federal Contract Tower,3,5,2,0,10,0,0,4,2,6,3,5,6,2,16,0,0,0,16
08/21/2022,DEC,IL,AGL,CE,Federal Contract Tower,7,2,3,0,12,0,0,22,0,22,7,2,25,0,34,34,0,34,68
08/22/2022,DEC,IL,AGL,CE,Federal Contract Tower,8,0,8,4,20,0,0,41,1,42,8,0,49,5,62,39,5,44,106
08/23/2022,DEC,IL,AGL,CE,Federal Contract Tower,4,2,8,3,17,0,0,61,9,70,4,2,69,12,87,28,20,48,135
08/24/2022,DEC,IL,AGL,CE,Federal Contract Tower,7,1,1,0,9,0,0,46,3,49,7,1,47,3,58,21,0,21,79
08/25/2022,DEC,IL,AGL,CE,Federal Contract Tower,8,1,3,0,12,0,0,41,2,43,8,1,44,2,55,22,16,38,93
08/26/2022,DEC,IL,AGL,CE,Federal Contract Tower,8,1,4,0,13,0,0,19,0,19,8,1,23,0,32,18,0,18,50
08/27/2022,DEC,IL,AGL,CE,Federal Contract Tower,4,1,4,0,9,0,0,24,0,24,4,1,28,0,33,14,0,14,47
08/28/2022,DEC,IL,AGL,CE,Federal Contract Tower,6,2,10,0,18,0,0,19,0,19,6,2,29,0,37,12,0,12,49
08/29/2022,DEC,IL,AGL,CE,Federal Contract Tower,2,2,4,0,8,0,0,25,2,27,2,2,29,2,35,32,0,32,67
08/30/2022,DEC,IL,AGL,CE,Federal Contract Tower,3,3,1,5,12,0,0,37,18,55,3,3,38,23,67,42,24,66,133
08/31/2022,DEC,IL,AGL,CE,Federal Contract Tower,8,1,6,1,16,0,0,59,1,60,8,1,65,2,76,43,0,43,119
09/01/2022,DEC,IL,AGL,CE,Federal Contract Tower,8,5,3,0,16,0,0,42,2,44,8,5,45,2,60,50,0,50,110
09/02/2022,DEC,IL,AGL,CE,Federal Contract Tower,8,4,1,0,13,0,0,22,0,22,8,4,23,0,35,25,0,25,60
09/03/2022,DEC,IL,AGL,CE,Federal Contract Tower,4,3,2,0,9,0,0,15,0,15,4,3,17,0,24,24,0,24,48
09/04/2022,DEC,IL,AGL,CE,Federal Contract Tower,8,0,3,0,11,0,0,14,0,14,8,0,17,0,25,12,0,12,37
09/05/2022,DEC,IL,AGL,CE,Federal Contract Tower,8,0,16,0,24,0,0,13,0,13,8,0,29,0,37,16,0,16,53
09/06/2022,DEC,IL,AGL,CE,Federal Contract Tower,4,6,13,2,25,0,0,14,16,30,4,6,27,18,55,54,36,90,145
09/07/2022,DEC,IL,AGL,CE,Federal Contract Tower,9,4,1,0,14,0,0,43,6,49,9,4,44,6,63,27,8,35,98
09/08/2022,DEC,IL,AGL,CE,Federal Contract Tower,8,8,2,0,18,0,0,34,8,42,8,8,36,8,60,15,6,21,81
09/09/2022,DEC,IL,AGL,CE,Federal Contract Tower,8,3,2,2,15,0,0,33,5,38,8,3,35,7,53,48,0,48,101
09/10/2022,DEC,IL,AGL,CE,Federal Contract Tower,4,4,2,0,10,0,0,30,5,35,4,4,32,5,45,26,0,26,71
09/11/2022,DEC,IL,AGL,CE,Federal Contract Tower,8,3,2,0,13,0,0,8,0,8,8,3,10,0,21,12,0,12,33
09/12/2022,DEC,IL,AGL,CE,Federal Contract Tower,6,0,8,2,16,0,0,25,0,25,6,0,33,2,41,47,0,47,88
09/13/2022,DEC,IL,AGL,CE,Federal Contract Tower,6,1,3,0,10,0,0,25,17,42,6,1,28,17,52,28,10,38,90
09/14/2022,DEC,IL,AGL,CE,Federal Contract Tower,8,3,4,2,17,0,0,40,6,46,8,3,44,8,63,14,0,14,77
09/15/2022,DEC,IL,AGL,CE,Federal Contract Tower,8,1,5,2,16,0,0,15,6,21,8,1,20,8,37,14,3,17,54
09/16/2022,DEC,IL,AGL,CE,Federal Contract Tower,8,2,5,2,17,0,0,26,0,26,8,2,31,2,43,32,0,32,75
09/17/2022,DEC,IL,AGL,CE,Federal Contract Tower,6,4,2,0,12,0,0,25,6,31,6,4,27,6,43,10,8,18,61
09/18/2022,DEC,IL,AGL,CE,Federal Contract Tower,8,0,7,0,15,0,0,11,2,13,8,0,18,2,28,22,0,22,50
09/19/2022,DEC,IL,AGL,CE,Federal Contract Tower,8,1,3,0,12,0,0,22,0,22,8,1,25,0,34,68,0,68,102
09/20/2022,DEC,IL,AGL,CE,Federal Contract Tower,4,3,8,0,15,0,0,32,2,34,4,3,40,2,49,25,8,33,82
09/21/2022,DEC,IL,AGL,CE,Federal Contract Tower,7,3,1,4,15,0,0,27,5,32,7,3,28,9,47,20,2,22,69
09/22/2022,DEC,IL,AGL,CE,Federal Contract Tower,8,5,1,0,14,0,0,17,13,30,8,5,18,13,44,12,34,46,90
09/23/2022,DEC,IL,AGL,CE,Federal Contract Tower,6,1,4,2,13,0,0,23,0,23,6,1,27,2,36,25,0,25,61
09/24/2022,DEC,IL,AGL,CE,Federal Contract Tower,4,1,4,0,9,0,0,32,1,33,4,1,36,1,42,54,0,54,96
09/25/2022,DEC,IL,AGL,CE,Federal Contract Tower,6,1,3,0,10,0,0,35,0,35,6,1,38,0,45,46,0,46,91
09/26/2022,DEC,IL,AGL,CE,Federal Contract Tower,6,5,0,0,11,0,0,27,0,27,6,5,27,0,38,38,0,38,76
09/27/2022,DEC,IL,AGL,CE,Federal Contract Tower,6,3,0,0,9,0,0,34,0,34,6,3,34,0,43,24,0,24,67
09/28/2022,DEC,IL,AGL,CE,Federal Contract Tower,8,1,4,0,13,0,0,24,0,24,8,1,28,0,37,35,0,35,72
09/29/2022,DEC,IL,AGL,CE,Federal Contract Tower,9,1,7,0,17,0,0,17,0,17,9,1,24,0,34,21,0,21,55
09/30/2022,DEC,IL,AGL,CE,Federal Contract Tower,8,3,1,0,12,0,0,10,0,10,8,3,11,0,22,6,0,6,28
10/01/2022,DEC,IL,AGL,CE,Federal Contract Tower,7,1,4,0,12,0,0,15,0,15,7,1,19,0,27,26,0,26,53
10/02/2022,DEC,IL,AGL,CE,Federal Contract Tower,8,0,0,0,8,0,0,15,0,15,8,0,15,0,23,22,0,22,45
10/03/2022,DEC,IL,AGL,CE,Federal Contract Tower,6,4,6,2,18,0,0,35,0,35,6,4,41,2,53,61,0,61,114
10/04/2022,DEC,IL,AGL,CE,Federal Contract Tower,3,3,1,0,7,0,0,29,4,33,3,3,30,4,40,28,12,40,80
10/05/2022,DEC,IL,AGL,CE,Federal Contract Tower,7,3,9,0,19,0,0,32,2,34,7,3,41,2,53,23,6,29,82
10/06/2022,DEC,IL,AGL,CE,Federal Contract Tower,6,1,0,0,7,0,0,19,4,23,6,1,19,4,30,15,0,15,45
10/07/2022,DEC,IL,AGL,CE,Federal Contract Tower,6,3,2,0,11,0,0,33,0,33,6,3,35,0,44,42,0,42,86
10/08/2022,DEC,IL,AGL,CE,Federal Contract Tower,2,3,1,0,6,0,0,20,0,20,2,3,21,0,26,24,0,24,50
10/09/2022,DEC,IL,AGL,CE,Federal Contract Tower,6,0,4,0,10,0,0,32,2,34,6,0,36,2,44,15,2,17,61
10/10/2022,DEC,IL,AGL,CE,Federal Contract Tower,6,0,5,0,11,0,0,28,0,28,6,0,33,0,39,18,0,18,57
10/11/2022,DEC,IL,AGL,CE,Federal Contract Tower,2,1,0,2,5,0,0,11,17,28,2,1,11,19,33,18,8,26,59
10/12/2022,DEC,IL,AGL,CE,Federal Contract Tower,6,1,1,2,10,0,0,13,2,15,6,1,14,4,25,20,0,20,45
10/13/2022,DEC,IL,AGL,CE,Federal Contract Tower,6,1,4,0,11,0,0,12,8,20,6,1,16,8,31,11,17,28,59
10/14/2022,DEC,IL,AGL,CE,Federal Contract Tower,11,1,2,0,14,0,0,16,0,16,11,1,18,0,30,22,0,22,52
10/15/2022,DEC,IL,AGL,CE,Federal Contract Tower,4,3,1,1,9,0,0,12,0,12,4,3,13,1,21,6,0,6,27
10/16/2022,DEC,IL,AGL,CE,Federal Contract Tower,8,0,2,0,10,0,0,36,0,36,8,0,38,0,46,28,0,28,74
10/17/2022,DEC,IL,AGL,CE,Federal Contract Tower,6,1,4,2,13,0,0,25,0,25,6,1,29,2,38,22,0,22,60
10/18/2022,DEC,IL,AGL,CE,Federal Contract Tower,4,4,6,1,15,0,0,20,9,29,4,4,26,10,44,25,14,39,83
10/19/2022,DEC,IL,AGL,CE,Federal Contract Tower,6,3,3,1,13,0,0,23,3,26,6,3,26,4,39,19,4,23,62
10/20/2022,DEC,IL,AGL,CE,Federal Contract Tower,6,3,2,1,12,0,0,21,4,25,6,3,23,5,37,16,14,30,67
10/21/2022,DEC,IL,AGL,CE,Federal Contract Tower,6,4,2,2,14,0,0,8,6,14,6,4,10,8,28,12,0,12,40
10/22/2022,DEC,IL,AGL,CE,Federal Contract Tower,4,1,0,0,5,0,0,12,4,16,4,1,12,4,21,12,0,12,33
10/23/2022,DEC,IL,AGL,CE,Federal Contract Tower,6,3,2,0,11,0,0,11,6,17,6,3,13,6,28,12,2,14,42
10/24/2022,DEC,IL,AGL,CE,Federal Contract Tower,6,0,8,0,14,0,0,23,10,33,6,0,31,10,47,19,12,31,78
10/25/2022,DEC,IL,AGL,CE,Federal Contract Tower,2,5,4,0,11,0,0,9,0,9,2,5,13,0,20,9,0,9,29
10/26/2022,DEC,IL,AGL,CE,Federal Contract Tower,6,1,2,0,9,0,0,31,13,44,6,1,33,13,53,27,8,35,88
10/27/2022,DEC,IL,AGL,CE,Federal Contract Tower,6,4,2,0,12,0,0,35,12,47,6,4,37,12,59,24,24,48,107
10/28/2022,DEC,IL,AGL,CE,Federal Contract Tower,6,6,2,4,18,0,0,9,0,9,6,6,11,4,27,10,0,10,37
10/29/2022,DEC,IL,AGL,CE,Federal Contract Tower,4,3,0,0,7,0,0,22,0,22,4,3,22,0,29,34,0,34,63
10/30/2022,DEC,IL,AGL,CE,Federal Contract Tower,2,1,1,0,4,0,0,0,0,0,2,1,1,0,4,0,0,0,4
10/31/2022,DEC,IL,AGL,CE,Federal Contract Tower,6,1,6,0,13,0,0,0,0,0,6,1,6,0,13,0,0,0,13
11/01/2022,DEC,IL,AGL,CE,Federal Contract Tower,5,2,6,3,16,0,0,24,4,28,5,2,30,7,44,46,12,58,102
11/02/2022,DEC,IL,AGL,CE,Federal Contract Tower,6,3,2,0,11,0,0,23,1,24,6,3,25,1,35,24,0,24,59
11/03/2022,DEC,IL,AGL,CE,Federal Contract Tower,6,3,4,2,15,0,0,9,6,15,6,3,13,8,30,0,0,0,30
11/04/2022,DEC,IL,AGL,CE,Federal Contract Tower,6,3,2,2,13,0,0,10,0,10,6,3,12,2,23,6,0,6,29
11/05/2022,DEC,IL,AGL,CE,Federal Contract Tower,2,0,0,0,2,0,0,0,2,2,2,0,0,2,4,0,0,0,4
11/06/2022,DEC,IL,AGL,CE,Federal Contract Tower,6,0,1,0,7,0,0,15,0,15,6,0,16,0,22,26,0,26,48
11/07/2022,DEC,IL,AGL,CE,Federal Contract Tower,6,3,0,0,9,0,0,17,4,21,6,3,17,4,30,9,0,9,39
11/08/2022,DEC,IL,AGL,CE,Federal Contract Tower,7,3,2,2,14,0,0,20,4,24,7,3,22,6,38,19,0,19,57
11/09/2022,DEC,IL,AGL,CE,Federal Contract Tower,3,5,5,2,15,0,0,23,21,44,3,5,28,23,59,10,10,20,79
11/10/2022,DEC,IL,AGL,CE,Federal Contract Tower,6,1,4,2,13,0,0,23,4,27,6,1,27,6,40,18,36,54,94
11/11/2022,DEC,IL,AGL,CE,Federal Contract Tower,6,1,2,0,9,0,0,7,2,9,6,1,9,2,18,13,0,13,31
11/12/2022,DEC,IL,AGL,CE,Federal Contract Tower,6,4,4,0,14,0,0,6,0,6,6,4,10,0,20,0,0,0,20
11/13/2022,DEC,IL,AGL,CE,Federal Contract Tower,5,5,1,0,11,0,0,27,0,27,5,5,28,0,38,32,0,32,70
11/14/2022,DEC,IL,AGL,CE,Federal Contract Tower,6,2,5,2,15,0,0,21,0,21,6,2,26,2,36,31,0,31,67
11/15/2022,DEC,IL,AGL,CE,Federal Contract Tower,6,3,2,2,13,0,0,0,0,0,6,3,2,2,13,0,0,0,13
11/16/2022,DEC,IL,AGL,CE,Federal Contract Tower,6,5,0,2,13,0,0,5,0,5,6,5,5,2,18,9,0,9,27
11/17/2022,DEC,IL,AGL,CE,Federal Contract Tower,6,1,0,2,9,0,0,13,13,26,6,1,13,15,35,9,16,25,60
11/18/2022,DEC,IL,AGL,CE,Federal Contract Tower,6,3,0,0,9,0,0,9,2,11,6,3,9,2,20,6,0,6,26
11/19/2022,DEC,IL,AGL,CE,Federal Contract Tower,6,1,0,0,7,0,0,10,0,10,6,1,10,0,17,0,0,0,17
11/20/2022,DEC,IL,AGL,CE,Federal Contract Tower,6,0,2,0,8,0,0,37,0,37,6,0,39,0,45,50,0,50,95
11/21/2022,DEC,IL,AGL,CE,Federal Contract Tower,6,2,1,0,9,0,0,19,2,21,6,2,20,2,30,12,0,12,42
11/22/2022,DEC,IL,AGL,CE,Federal Contract Tower,6,3,2,1,12,0,0,23,15,38,6,3,25,16,50,14,4,18,68
11/23/2022,DEC,IL,AGL,CE,Federal Contract Tower,6,1,5,0,12,0,0,24,0,24,6,1,29,0,36,18,0,18,54
11/24/2022,DEC,IL,AGL,CE,Federal Contract Tower,6,0,2,0,8,0,0,2,0,2,6,0,4,0,10,10,0,10,20
11/25/2022,DEC,IL,AGL,CE,Federal Contract Tower,6,2,0,0,8,0,0,2,0,2,6,2,2,0,10,0,0,0,10
11/26/2022,DEC,IL,AGL,CE,Federal Contract Tower,6,0,3,0,9,0,0,37,0,37,6,0,40,0,46,38,0,38,84
11/27/2022,DEC,IL,AGL,CE,Federal Contract Tower,6,0,4,0,10,0,0,6,0,6,6,0,10,0,16,22,0,22,38
11/28/2022,DEC,IL,AGL,CE,Federal Contract Tower,6,0,7,0,13,0,0,7,2,9,6,0,14,2,22,13,0,13,35
11/29/2022,DEC,IL,AGL,CE,Federal Contract Tower,7,2,3,1,13,0,0,5,4,9,7,2,8,5,22,6,6,12,34
11/30/2022,DEC,IL,AGL,CE,Federal Contract Tower,7,5,0,2,14,0,0,9,7,16,7,5,9,9,30,0,10,10,40
12/01/2022,DEC,IL,AGL,CE,Federal Contract Tower,6,4,0,0,10,0,0,17,8,25,6,4,17,8,35,19,0,19,54
12/02/2022,DEC,IL,AGL,CE,Federal Contract Tower,6,4,0,0,10,0,0,3,2,5,6,4,3,2,15,0,0,0,15
12/03/2022,DEC,IL,AGL,CE,Federal Contract Tower,6,3,5,0,14,0,2,17,0,19,6,5,22,0,33,18,0,18,51
12/04/2022,DEC,IL,AGL,CE,Federal Contract Tower,6,2,0,0,8,0,0,30,1,31,6,2,30,1,39,54,0,54,93
12/05/2022,DEC,IL,AGL,CE,Federal Contract Tower,6,6,6,0,18,0,0,4,5,9,6,6,10,5,27,20,20,40,67
12/06/2022,DEC,IL,AGL,CE,Federal Contract Tower,4,2,4,0,10,0,0,0,0,0,4,2,4,0,10,0,0,0,10
12/07/2022,DEC,IL,AGL,CE,Federal Contract Tower,5,2,5,2,14,0,0,3,0,3,5,2,8,2,17,2,0,2,19
12/08/2022,DEC,IL,AGL,CE,Federal Contract Tower,6,1,0,1,8,0,0,0,3,3,6,1,0,4,11,0,6,6,17
12/09/2022,DEC,IL,AGL,CE,Federal Contract Tower,6,5,6,2,19,0,0,0,0,0,6,5,6,2,19,0,0,0,19
12/10/2022,DEC,IL,AGL,CE,Federal Contract Tower,4,0,4,0,8,0,0,0,0,0,4,0,4,0,8,0,0,0,8
12/11/2022,DEC,IL,AGL,CE,Federal Contract Tower,6,0,0,2,8,0,0,6,0,6,6,0,6,2,14,52,0,52,66
12/12/2022,DEC,IL,AGL,CE,Federal Contract Tower,5,1,0,2,8,0,0,16,0,16,5,1,16,2,24,56,0,56,80
12/13/2022,DEC,IL,AGL,CE,Federal Contract Tower,4,4,6,3,17,0,0,6,6,12,4,4,12,9,29,0,20,20,49
12/14/2022,DEC,IL,AGL,CE,Federal Contract Tower,6,1,0,1,8,0,0,0,0,0,6,1,0,1,8,0,0,0,8
12/15/2022,DEC,IL,AGL,CE,Federal Contract Tower,5,1,0,2,8,0,0,8,7,15,5,1,8,9,23,4,20,24,47
12/16/2022,DEC,IL,AGL,CE,Federal Contract Tower,6,3,4,2,15,0,0,8,5,13,6,3,12,7,28,10,33,43,71
12/17/2022,DEC,IL,AGL,CE,Federal Contract Tower,4,6,5,0,15,0,0,10,0,10,4,6,15,0,25,8,0,8,33
12/18/2022,DEC,IL,AGL,CE,Federal Contract Tower,6,0,2,0,8,0,0,10,0,10,6,0,12,0,18,28,0,28,46
12/19/2022,DEC,IL,AGL,CE,Federal Contract Tower,6,4,4,4,18,0,0,19,9,28,6,4,23,13,46,11,0,11,57
12/20/2022,DEC,IL,AGL,CE,Federal Contract Tower,4,5,4,4,17,0,0,28,14,42,4,5,32,18,59,21,10,31,90
12/21/2022,DEC,IL,AGL,CE,Federal Contract Tower,7,2,2,0,11,0,0,0,1,1,7,2,2,1,12,0,0,0,12
12/22/2022,DEC,IL,AGL,CE,Federal Contract Tower,2,1,0,0,3,0,0,2,0,2,2,1,2,0,5,2,0,2,7
12/23/2022,DEC,IL,AGL,CE,Federal Contract Tower,4,0,0,0,4,0,0,0,0,0,4,0,0,0,4,0,0,0,4
12/24/2022,DEC,IL,AGL,CE,Federal Contract Tower,0,0,0,0,0,0,0,6,0,6,0,0,6,0,6,0,0,0,6
12/25/2022,DEC,IL,AGL,CE,Federal Contract Tower,0,0,0,0,0,0,0,5,0,5,0,0,5,0,5,12,0,12,17
12/26/2022,DEC,IL,AGL,CE,Federal Contract Tower,4,5,4,0,13,0,0,0,0,0,4,5,4,0,13,0,0,0,13
12/27/2022,DEC,IL,AGL,CE,Federal Contract Tower,4,2,0,2,8,0,0,14,2,16,4,2,14,4,24,32,0,32,56
12/28/2022,DEC,IL,AGL,CE,Federal Contract Tower,6,1,2,0,9,0,0,14,0,14,6,1,16,0,23,12,0,12,35
12/29/2022,DEC,IL,AGL,CE,Federal Contract Tower,6,3,2,0,11,0,0,5,0,5,6,3,7,0,16,3,0,3,19
12/30/2022,DEC,IL,AGL,CE,Federal Contract Tower,6,1,2,0,9,0,0,4,0,4,6,1,6,0,13,0,0,0,13
12/31/2022,DEC,IL,AGL,CE,Federal Contract Tower,4,1,8,0,13,0,0,21,0,21,4,1,29,0,34,44,0,44,78
01/01/2023,DEC,IL,AGL,CE,Federal Contract Tower,6,2,1,0,9,0,0,2,0,2,6,2,3,0,11,0,0,0,11
01/02/2023,DEC,IL,AGL,CE,Federal Contract Tower,4,0,2,0,6,0,0,0,0,0,4,0,2,0,6,0,0,0,6
01/03/2023,DEC,IL,AGL,CE,Federal Contract Tower,4,1,4,0,9,0,0,2,2,4,4,1,6,2,13,0,0,0,13
01/04/2023,DEC,IL,AGL,CE,Federal Contract Tower,6,2,2,0,10,0,0,8,10,18,6,2,10,10,28,23,8,31,59
01/05/2023,DEC,IL,AGL,CE,Federal Contract Tower,6,1,2,0,9,0,0,5,15,20,6,1,7,15,29,13,44,57,86
01/06/2023,DEC,IL,AGL,CE,Federal Contract Tower,6,1,8,0,15,0,0,20,0,20,6,1,28,0,35,66,0,66,101
01/07/2023,DEC,IL,AGL,CE,Federal Contract Tower,4,1,14,0,19,0,0,27,2,29,4,1,41,2,48,48,0,48,96
01/08/2023,DEC,IL,AGL,CE,Federal Contract Tower,5,0,2,0,7,0,0,2,0,2,5,0,4,0,9,0,0,0,9
01/09/2023,DEC,IL,AGL,CE,Federal Contract Tower,6,0,1,0,7,0,0,29,0,29,6,0,30,0,36,14,0,14,50
01/10/2023,DEC,IL,AGL,CE,Federal Contract Tower,4,3,2,0,9,0,0,46,10,56,4,3,48,10,65,34,0,34,99
01/11/2023,DEC,IL,AGL,CE,Federal Contract Tower,6,1,1,1,9,0,0,0,3,3,6,1,1,4,12,0,0,0,12
01/12/2023,DEC,IL,AGL,CE,Federal Contract Tower,4,4,0,0,8,0,0,2,9,11,4,4,2,9,19,4,24,28,47
01/13/2023,DEC,IL,AGL,CE,Federal Contract Tower,6,6,0,0,12,0,0,4,2,6,6,6,4,2,18,0,0,0,18
01/14/2023,DEC,IL,AGL,CE,Federal Contract Tower,3,2,1,0,6,0,0,19,0,19,3,2,20,0,25,32,0,32,57
01/15/2023,DEC,IL,AGL,CE,Federal Contract Tower,6,0,2,0,8,0,0,13,0,13,6,0,15,0,21,12,0,12,33
01/16/2023,DEC,IL,AGL,CE,Federal Contract Tower,6,0,2,0,8,0,0,0,0,0,6,0,2,0,8,0,0,0,8
01/17/2023,DEC,IL,AGL,CE,Federal Contract Tower,4,3,0,1,8,0,0,5,17,22,4,3,5,18,30,0,14,14,44
01/18/2023,DEC,IL,AGL,CE,Federal Contract Tower,6,3,6,0,15,0,0,0,0,0,6,3,6,0,15,0,0,0,15
01/19/2023,DEC,IL,AGL,CE,Federal Contract Tower,6,6,0,0,12,0,0,6,0,6,6,6,6,0,18,7,0,7,25
01/20/2023,DEC,IL,AGL,CE,Federal Contract Tower,5,1,2,0,8,0,0,15,4,19,5,1,17,4,27,32,0,32,59
01/21/2023,DEC,IL,AGL,CE,Federal Contract Tower,4,1,2,0,7,0,0,10,0,10,4,1,12,0,17,34,0,34,51
01/22/2023,DEC,IL,AGL,CE,Federal Contract Tower,6,0,0,0,6,0,0,0,0,0,6,0,0,0,6,0,0,0,6
01/23/2023,DEC,IL,AGL,CE,Federal Contract Tower,6,0,0,0,6,0,0,13,0,13,6,0,13,0,19,23,0,23,42
01/24/2023,DEC,IL,AGL,CE,Federal Contract Tower,4,1,1,0,6,0,0,21,16,37,4,1,22,16,43,18,14,32,75
01/25/2023,DEC,IL,AGL,CE,Federal Contract Tower,6,1,1,0,8,0,0,0,0,0,6,1,1,0,8,0,0,0,8
01/26/2023,DEC,IL,AGL,CE,Federal Contract Tower,6,2,0,0,8,0,0,11,10,21,6,2,11,10,29,11,4,15,44
01/27/2023,DEC,IL,AGL,CE,Federal Contract Tower,6,0,3,0,9,0,0,21,14,35,6,0,24,14,44,35,16,51,95
01/28/2023,DEC,IL,AGL,CE,Federal Contract Tower,4,0,2,0,6,0,0,21,0,21,4,0,23,0,27,38,0,38,65
01/29/2023,DEC,IL,AGL,CE,Federal Contract Tower,8,0,0,0,8,0,0,0,0,0,8,0,0,0,8,0,0,0,8
01/30/2023,DEC,IL,AGL,CE,Federal Contract Tower,3,4,0,0,7,0,0,10,2,12,3,4,10,2,19,9,4,13,32
01/31/2023,DEC,IL,AGL,CE,Federal Contract Tower,5,0,2,2,9,0,0,22,10,32,5,0,24,12,41,25,20,45,86
02/01/2023,DEC,IL,AGL,CE,Federal Contract Tower,5,3,2,0,10,0,0,12,10,22,5,3,14,10,32,20,8,28,60
02/02/2023,DEC,IL,AGL,CE,Federal Contract Tower,7,6,1,0,14,0,0,16,6,22,7,6,17,6,36,18,6,24,60
02/03/2023,DEC,IL,AGL,CE,Federal Contract Tower,6,1,0,0,7,0,0,27,16,43,6,1,27,16,50,16,34,50,100
02/04/2023,DEC,IL,AGL,CE,Federal Contract Tower,3,1,0,0,4,0,0,18,16,34,3,1,18,16,38,22,36,58,96
02/05/2023,DEC,IL,AGL,CE,Federal Contract Tower,6,0,0,0,6,0,0,15,13,28,6,0,15,13,34,22,44,66,100
02/06/2023,DEC,IL,AGL,CE,Federal Contract Tower,6,2,4,0,12,0,0,4,0,4,6,2,8,0,16,12,0,12,28
02/07/2023,DEC,IL,AGL,CE,Federal Contract Tower,4,5,2,0,11,0,0,17,7,24,4,5,19,7,35,22,8,30,65
02/08/2023,DEC,IL,AGL,CE,Federal Contract Tower,6,1,0,2,9,0,0,11,2,13,6,1,11,4,22,22,4,26,48
02/09/2023,DEC,IL,AGL,CE,Federal Contract Tower,5,1,0,2,8,0,0,6,9,15,5,1,6,11,23,8,0,8,31
02/10/2023,DEC,IL,AGL,CE,Federal Contract Tower,6,4,4,0,14,0,0,24,48,72,6,4,28,48,86,26,0,26,112
02/11/2023,DEC,IL,AGL,CE,Federal Contract Tower,4,1,4,0,9,0,0,32,0,32,4,1,36,0,41,86,0,86,127
02/12/2023,DEC,IL,AGL,CE,Federal Contract Tower,6,0,2,0,8,0,0,38,0,38,6,0,40,0,46,92,0,92,138
02/13/2023,DEC,IL,AGL,CE,Federal Contract Tower,6,0,2,0,8,0,0,17,5,22,6,0,19,5,30,34,0,34,64
02/14/2023,DEC,IL,AGL,CE,Federal Contract Tower,4,1,1,0,6,0,0,4,4,8,4,1,5,4,14,0,6,6,20
02/15/2023,DEC,IL,AGL,CE,Federal Contract Tower,6,3,1,5,15,0,0,5,5,10,6,3,6,10,25,0,28,28,53
02/16/2023,DEC,IL,AGL,CE,Federal Contract Tower,1,4,0,0,5,0,0,0,0,0,1,4,0,0,5,0,0,0,5
02/17/2023,DEC,IL,AGL,CE,Federal Contract Tower,6,5,3,0,14,0,0,22,0,22,6,5,25,0,36,20,0,20,56
02/18/2023,DEC,IL,AGL,CE,Federal Contract Tower,4,1,2,0,7,0,1,22,0,23,4,2,24,0,30,35,0,35,65
02/19/2023,DEC,IL,AGL,CE,Federal Contract Tower,6,0,2,0,8,0,0,15,0,15,6,0,17,0,23,25,0,25,48
02/20/2023,DEC,IL,AGL,CE,Federal Contract Tower,8,0,2,0,10,0,0,38,0,38,8,0,40,0,48,69,0,69,117
02/21/2023,DEC,IL,AGL,CE,Federal Contract Tower,4,1,4,8,17,0,0,22,12,34,4,1,26,20,51,31,25,56,107
02/22/2023,DEC,IL,AGL,CE,Federal Contract Tower,6,1,2,0,9,0,0,0,0,0,6,1,2,0,9,0,0,0,9
02/23/2023,DEC,IL,AGL,CE,Federal Contract Tower,6,1,3,4,14,0,0,15,10,25,6,1,18,14,39,18,4,22,61
02/24/2023,DEC,IL,AGL,CE,Federal Contract Tower,6,2,3,1,12,0,0,15,1,16,6,2,18,2,28,30,0,30,58
02/25/2023,DEC,IL,AGL,CE,Federal Contract Tower,4,1,3,0,8,0,0,13,0,13,4,1,16,0,21,42,0,42,63
02/26/2023,DEC,IL,AGL,CE,Federal Contract Tower,6,0,1,0,7,0,0,34,0,34,6,0,35,0,41,70,0,70,111
02/27/2023,DEC,IL,AGL,CE,Federal Contract Tower,8,0,0,4,12,0,0,8,0,8,8,0,8,4,20,11,0,11,31
02/28/2023,DEC,IL,AGL,CE,Federal Contract Tower,4,6,6,5,21,0,0,14,14,28,4,6,20,19,49,27,12,39,88
03/01/2023,DEC,IL,AGL,CE,Federal Contract Tower,6,2,7,0,15,0,0,27,3,30,6,2,34,3,45,12,6,18,63
03/02/2023,DEC,IL,AGL,CE,Federal Contract Tower,6,1,10,4,21,0,0,22,13,35,6,1,32,17,56,22,7,29,85
03/03/2023,DEC,IL,AGL,CE,Federal Contract Tower,6,1,1,0,8,0,0,6,0,6,6,1,7,0,14,4,0,4,18
03/04/2023,DEC,IL,AGL,CE,Federal Contract Tower,4,2,8,0,14,0,0,37,4,41,4,2,45,4,55,14,0,14,69
03/05/2023,DEC,IL,AGL,CE,Federal Contract Tower,6,2,2,0,10,0,0,23,2,25,6,2,25,2,35,8,20,28,63
03/06/2023,DEC,IL,AGL,CE,Federal Contract Tower,5,0,9,0,14,0,0,11,1,12,5,0,20,1,26,3,0,3,29
03/07/2023,DEC,IL,AGL,CE,Federal Contract Tower,4,8,1,0,13,0,0,18,15,33,4,8,19,15,46,18,8,26,72
03/08/2023,DEC,IL,AGL,CE,Federal Contract Tower,5,2,0,2,9,0,0,27,4,31,5,2,27,6,40,0,0,0,40
03/09/2023,DEC,IL,AGL,CE,Federal Contract Tower,5,0,0,3,8,0,0,12,4,16,5,0,12,7,24,16,10,26,50
03/10/2023,DEC,IL,AGL,CE,Federal Contract Tower,6,1,0,0,7,0,0,9,4,13,6,1,9,4,20,22,0,22,42
03/11/2023,DEC,IL,AGL,CE,Federal Contract Tower,4,1,5,0,10,0,0,9,3,12,4,1,14,3,22,14,0,14,36
03/12/2023,DEC,IL,AGL,CE,Federal Contract Tower,6,0,1,2,9,0,0,0,0,0,6,0,1,2,9,0,0,0,9
03/13/2023,DEC,IL,AGL,CE,Federal Contract Tower,6,0,0,0,6,0,0,2,0,2,6,0,2,0,8,0,0,0,8
03/14/2023,DEC,IL,AGL,CE,Federal Contract Tower,4,1,1,3,9,0,0,27,7,34,4,1,28,10,43,35,0,35,78
03/15/2023,DEC,IL,AGL,CE,Federal Contract Tower,6,3,2,1,12,0,0,28,6,34,6,3,30,7,46,12,0,12,58
03/16/2023,DEC,IL,AGL,CE,Federal Contract Tower,6,0,7,1,14,0,0,9,6,15,6,0,16,7,29,16,20,36,65
03/17/2023,DEC,IL,AGL,CE,Federal Contract Tower,6,1,1,2,10,0,0,12,0,12,6,1,13,2,22,24,0,24,46
03/18/2023,DEC,IL,AGL,CE,Federal Contract Tower,4,0,1,0,5,0,0,3,0,3,4,0,4,0,8,7,0,7,15
03/19/2023,DEC,IL,AGL,CE,Federal Contract Tower,6,0,5,0,11,0,0,24,0,24,6,0,29,0,35,24,0,24,59
03/20/2023,DEC,IL,AGL,CE,Federal Contract Tower,6,1,6,1,14,0,0,7,2,9,6,1,13,3,23,10,0,10,33
03/21/2023,DEC,IL,AGL,CE,Federal Contract Tower,4,3,1,2,10,0,0,7,7,14,4,3,8,9,24,6,44,50,74
03/22/2023,DEC,IL,AGL,CE,Federal Contract Tower,6,2,0,1,9,0,0,0,0,0,6,2,0,1,9,0,0,0,9
03/23/2023,DEC,IL,AGL,CE,Federal Contract Tower,6,1,3,2,12,0,0,0,21,21,6,1,3,23,33,0,52,52,85
03/24/2023,DEC,IL,AGL,CE,Federal Contract Tower,5,1,4,0,10,0,0,0,0,0,5,1,4,0,10,0,0,0,10
03/25/2023,DEC,IL,AGL,CE,Federal Contract Tower,4,1,4,0,9,0,0,0,0,0,4,1,4,0,9,0,0,0,9
03/26/2023,DEC,IL,AGL,CE,Federal Contract Tower,6,0,5,2,13,0,0,19,0,19,6,0,24,2,32,12,0,12,44
03/27/2023,DEC,IL,AGL,CE,Federal Contract Tower,6,0,3,3,12,0,0,13,1,14,6,0,16,4,26,15,3,18,44
03/28/2023,DEC,IL,AGL,CE,Federal Contract Tower,4,1,2,2,9,0,0,33,13,46,4,1,35,15,55,10,18,28,83
03/29/2023,DEC,IL,AGL,CE,Federal Contract Tower,6,1,1,0,8,0,0,29,14,43,6,1,30,14,51,41,24,65,116
03/30/2023,DEC,IL,AGL,CE,Federal Contract Tower,6,0,1,2,9,0,0,31,15,46,6,0,32,17,55,22,46,68,123
03/31/2023,DEC,IL,AGL,CE,Federal Contract Tower,2,1,0,0,3,0,0,6,0,6,2,1,6,0,9,0,0,0,9
04/01/2023,DEC,IL,AGL,CE,Federal Contract Tower,2,3,2,0,7,0,0,0,0,0,2,3,2,0,7,0,0,0,7
04/02/2023,DEC,IL,AGL,CE,Federal Contract Tower,6,0,4,0,10,0,0,26,0,26,6,0,30,0,36,26,0,26,62
04/03/2023,DEC,IL,AGL,CE,Federal Contract Tower,6,0,1,2,9,0,0,20,0,20,6,0,21,2,29,10,0,10,39
04/04/2023,DEC,IL,AGL,CE,Federal Contract Tower,2,5,5,0,12,0,0,0,8,8,2,5,5,8,20,0,40,40,60
04/05/2023,DEC,IL,AGL,CE,Federal Contract Tower,6,2,0,0,8,0,0,8,0,8,6,2,8,0,16,28,0,28,44
04/06/2023,DEC,IL,AGL,CE,Federal Contract Tower,7,2,6,0,15,0,0,30,11,41,7,2,36,11,56,51,20,71,127
04/07/2023,DEC,IL,AGL,CE,Federal Contract Tower,6,2,3,0,11,0,0,18,2,20,6,2,21,2,31,12,0,12,43
04/08/2023,DEC,IL,AGL,CE,Federal Contract Tower,4,0,3,0,7,0,0,31,0,31,4,0,34,0,38,14,0,14,52
04/09/2023,DEC,IL,AGL,CE,Federal Contract Tower,6,2,3,0,11,0,0,23,0,23,6,2,26,0,34,12,0,12,46
04/10/2023,DEC,IL,AGL,CE,Federal Contract Tower,6,3,1,0,10,0,0,27,0,27,6,3,28,0,37,6,0,6,43
04/11/2023,DEC,IL,AGL,CE,Federal Contract Tower,4,5,6,0,15,0,0,19,11,30,4,5,25,11,45,8,0,8,53
04/12/2023,DEC,IL,AGL,CE,Federal Contract Tower,6,3,5,0,14,0,0,32,11,43,6,3,37,11,57,36,48,84,141
04/13/2023,DEC,IL,AGL,CE,Federal Contract Tower,5,2,4,1,12,0,0,45,16,61,5,2,49,17,73,65,22,87,160
04/14/2023,DEC,IL,AGL,CE,Federal Contract Tower,5,1,1,2,9,0,0,28,17,45,5,1,29,19,54,24,54,78,132
04/15/2023,DEC,IL,AGL,CE,Federal Contract Tower,5,1,1,0,7,0,0,39,0,39,5,1,40,0,46,49,0,49,95
04/16/2023,DEC,IL,AGL,CE,Federal Contract Tower,6,1,1,0,8,0,0,9,0,9,6,1,10,0,17,13,0,13,30
04/17/2023,DEC,IL,AGL,CE,Federal Contract Tower,6,0,1,0,7,0,0,9,0,9,6,0,10,0,16,8,0,8,24
04/18/2023,DEC,IL,AGL,CE,Federal Contract Tower,3,4,4,3,14,0,0,35,24,59,3,4,39,27,73,18,52,70,143
04/19/2023,DEC,IL,AGL,CE,Federal Contract Tower,6,1,4,2,13,0,0,19,13,32,6,1,23,15,45,10,84,94,139
04/20/2023,DEC,IL,AGL,CE,Federal Contract Tower,4,2,4,2,12,0,0,17,13,30,4,2,21,15,42,18,17,35,77
04/21/2023,DEC,IL,AGL,CE,Federal Contract Tower,5,0,5,2,12,0,0,16,14,30,5,0,21,16,42,32,0,32,74
04/22/2023,DEC,IL,AGL,CE,Federal Contract Tower,4,3,5,0,12,0,0,8,3,11,4,3,13,3,23,18,0,18,41
04/23/2023,DEC,IL,AGL,CE,Federal Contract Tower,6,4,3,0,13,0,0,16,0,16,6,4,19,0,29,36,0,36,65
04/24/2023,DEC,IL,AGL,CE,Federal Contract Tower,6,2,5,2,15,0,0,34,0,34,6,2,39,2,49,38,0,38,87
04/25/2023,DEC,IL,AGL,CE,Federal Contract Tower,4,1,0,0,5,0,0,9,5,14,4,1,9,5,19,6,26,32,51
04/26/2023,DEC,IL,AGL,CE,Federal Contract Tower,6,2,2,3,13,0,0,21,14,35,6,2,23,17,48,36,10,46,94
04/27/2023,DEC,IL,AGL,CE,Federal Contract Tower,5,1,9,1,16,0,0,33,19,52,5,1,42,20,68,39,12,51,119
04/28/2023,DEC,IL,AGL,CE,Federal Contract Tower,5,3,6,1,15,0,4,25,11,40,5,7,31,12,55,40,12,52,107
04/29/2023,DEC,IL,AGL,CE,Federal Contract Tower,4,1,1,0,6,0,0,13,0,13,4,1,14,0,19,28,0,28,47
04/30/2023,DEC,IL,AGL,CE,Federal Contract Tower,6,0,3,0,9,0,0,5,0,5,6,0,8,0,14,6,0,6,20
05/01/2023,DEC,IL,AGL,CE,Federal Contract Tower,6,2,0,0,8,0,0,2,0,2,6,2,2,0,10,0,0,0,10
05/02/2023,DEC,IL,AGL,CE,Federal Contract Tower,4,1,1,6,12,0,0,17,4,21,4,1,18,10,33,18,6,24,57
05/03/2023,DEC,IL,AGL,CE,Federal Contract Tower,6,1,2,1,10,0,0,35,0,35,6,1,37,1,45,30,0,30,75
05/04/2023,DEC,IL,AGL,CE,Federal Contract Tower,5,1,3,6,15,0,0,32,0,32,5,1,35,6,47,47,0,47,94
05/05/2023,DEC,IL,AGL,CE,Federal Contract Tower,5,2,1,4,12,0,0,33,12,45,5,2,34,16,57,14,46,60,117
05/06/2023,DEC,IL,AGL,CE,Federal Contract Tower,4,5,0,0,9,0,0,7,6,13,4,5,7,6,22,38,0,38,60
05/07/2023,DEC,IL,AGL,CE,Federal Contract Tower,6,3,2,0,11,0,0,5,0,5,6,3,7,0,16,0,0,0,16
05/08/2023,DEC,IL,AGL,CE,Federal Contract Tower,6,2,4,4,16,0,0,2,4,6,6,2,6,8,22,0,5,5,27
05/09/2023,DEC,IL,AGL,CE,Federal Contract Tower,5,6,9,4,24,0,0,40,4,44,5,6,49,8,68,48,0,48,116
05/10/2023,DEC,IL,AGL,CE,Federal Contract Tower,7,3,4,0,14,0,0,24,2,26,7,3,28,2,40,13,0,13,53
05/11/2023,DEC,IL,AGL,CE,Federal Contract Tower,3,1,0,4,8,0,0,42,11,53,3,1,42,15,61,51,0,51,112
05/12/2023,DEC,IL,AGL,CE,Federal Contract Tower,5,1,10,3,19,0,0,18,0,18,5,1,28,3,37,16,0,16,53
05/13/2023,DEC,IL,AGL,CE,Federal Contract Tower,4,0,6,0,10,0,0,12,0,12,4,0,18,0,22,28,0,28,50
05/14/2023,DEC,IL,AGL,CE,Federal Contract Tower,6,1,8,0,15,0,0,4,1,5,6,1,12,1,20,4,6,10,30
05/15/2023,DEC,IL,AGL,CE,Federal Contract Tower,5,4,5,6,20,0,0,28,0,28,5,4,33,6,48,30,0,30,78
05/17/2023,DEC,IL,AGL,CE,Federal Contract Tower,6,6,4,0,16,0,0,51,5,56,6,6,55,5,72,61,4,65,137
05/18/2023,DEC,IL,AGL,CE,Federal Contract Tower,6,2,7,2,17,0,0,47,15,62,6,2,54,17,79,49,34,83,162
05/19/2023,DEC,IL,AGL,CE,Federal Contract Tower,6,5,3,3,17,0,0,17,8,25,6,5,20,11,42,19,10,29,71
05/20/2023,DEC,IL,AGL,CE,Federal Contract Tower,4,2,4,0,10,0,0,33,15,48,4,2,37,15,58,30,28,58,116
05/21/2023,DEC,IL,AGL,CE,Federal Contract Tower,6,6,9,0,21,0,0,47,6,53,6,6,56,6,74,32,0,32,106
05/22/2023,DEC,IL,AGL,CE,Federal Contract Tower,6,5,6,2,19,0,0,27,2,29,6,5,33,4,48,56,0,56,104
05/23/2023,DEC,IL,AGL,CE,Federal Contract Tower,4,5,1,9,19,0,0,56,9,65,4,5,57,18,84,56,24,80,164
05/24/2023,DEC,IL,AGL,CE,Federal Contract Tower,6,8,6,10,30,0,0,45,3,48,6,8,51,13,78,106,8,114,192
05/25/2023,DEC,IL,AGL,CE,Federal Contract Tower,6,4,2,3,15,0,0,28,17,45,6,4,30,20,60,40,32,72,132
05/26/2023,DEC,IL,AGL,CE,Federal Contract Tower,5,2,5,0,12,0,0,21,0,21,5,2,26,0,33,22,0,22,55
05/27/2023,DEC,IL,AGL,CE,Federal Contract Tower,4,1,2,0,7,0,0,12,0,12,4,1,14,0,19,0,0,0,19
05/28/2023,DEC,IL,AGL,CE,Federal Contract Tower,6,3,3,0,12,0,0,11,0,11,6,3,14,0,23,12,0,12,35
05/29/2023,DEC,IL,AGL,CE,Federal Contract Tower,5,2,0,0,7,0,0,22,0,22,5,2,22,0,29,32,0,32,61
05/30/2023,DEC,IL,AGL,CE,Federal Contract Tower,4,6,6,1,17,0,0,33,10,43,4,6,39,11,60,36,8,44,104
05/31/2023,DEC,IL,AGL,CE,Federal Contract Tower,6,1,4,0,11,0,0,38,4,42,6,1,42,4,53,95,30,125,178
06/01/2023,DEC,IL,AGL,CE,Federal Contract Tower,4,2,7,2,15,0,0,34,11,45,4,2,41,13,60,51,34,85,145
06/02/2023,DEC,IL,AGL,CE,Federal Contract Tower,6,2,4,4,16,0,0,33,2,35,6,2,37,6,51,60,0,60,111
06/03/2023,DEC,IL,AGL,CE,Federal Contract Tower,5,1,13,0,19,0,0,100,12,112,5,1,113,12,131,92,8,100,231
06/04/2023,DEC,IL,AGL,CE,Federal Contract Tower,5,0,4,4,13,0,0,24,7,31,5,0,28,11,44,30,4,34,78
06/05/2023,DEC,IL,AGL,CE,Federal Contract Tower,7,1,3,2,13,0,0,11,4,15,7,1,14,6,28,14,0,14,42
06/06/2023,DEC,IL,AGL,CE,Federal Contract Tower,4,2,0,2,8,0,0,26,8,34,4,2,26,10,42,56,14,70,112
06/07/2023,DEC,IL,AGL,CE,Federal Contract Tower,6,3,1,2,12,0,0,19,11,30,6,3,20,13,42,32,12,44,86
06/08/2023,DEC,IL,AGL,CE,Federal Contract Tower,6,1,3,0,10,0,0,51,11,62,6,1,54,11,72,110,4,114,186
06/09/2023,DEC,IL,AGL,CE,Federal Contract Tower,6,3,3,0,12,0,0,27,11,38,6,3,30,11,50,26,0,26,76
06/10/2023,DEC,IL,AGL,CE,Federal Contract Tower,4,1,1,0,6,0,0,24,11,35,4,1,25,11,41,4,10,14,55
06/11/2023,DEC,IL,AGL,CE,Federal Contract Tower,6,0,3,0,9,0,0,0,0,0,6,0,3,0,9,0,0,0,9
06/12/2023,DEC,IL,AGL,CE,Federal Contract Tower,5,4,2,11,22,0,0,11,5,16,5,4,13,16,38,32,8,40,78
06/13/2023,DEC,IL,AGL,CE,Federal Contract Tower,4,4,1,0,9,0,0,16,15,31,4,4,17,15,40,22,0,22,62
06/14/2023,DEC,IL,AGL,CE,Federal Contract Tower,6,4,5,3,18,0,0,37,9,46,6,4,42,12,64,32,26,58,122
06/15/2023,DEC,IL,AGL,CE,Federal Contract Tower,6,1,5,6,18,0,0,28,25,53,6,1,33,31,71,36,34,70,141
06/16/2023,DEC,IL,AGL,CE,Federal Contract Tower,4,1,1,2,8,0,0,16,7,23,4,1,17,9,31,20,20,40,71
06/17/2023,DEC,IL,AGL,CE,Federal Contract Tower,4,1,2,0,7,0,0,23,0,23,4,1,25,0,30,42,0,42,72
06/18/2023,DEC,IL,AGL,CE,Federal Contract Tower,6,0,0,0,6,0,0,6,0,6,6,0,6,0,12,0,0,0,12
06/19/2023,DEC,IL,AGL,CE,Federal Contract Tower,6,0,1,0,7,0,0,27,2,29,6,0,28,2,36,74,0,74,110
06/20/2023,DEC,IL,AGL,CE,Federal Contract Tower,4,2,6,0,12,0,0,42,1,43,4,2,48,1,55,67,4,71,126
06/21/2023,DEC,IL,AGL,CE,Federal Contract Tower,6,3,4,0,13,0,0,33,5,38,6,3,37,5,51,43,4,47,98
06/22/2023,DEC,IL,AGL,CE,Federal Contract Tower,6,7,7,0,20,0,0,37,20,57,6,7,44,20,77,44,31,75,152
06/23/2023,DEC,IL,AGL,CE,Federal Contract Tower,6,5,10,0,21,0,0,36,2,38,6,5,46,2,59,74,3,77,136
06/24/2023,DEC,IL,AGL,CE,Federal Contract Tower,4,3,0,0,7,0,0,15,0,15,4,3,15,0,22,35,0,35,57
06/25/2023,DEC,IL,AGL,CE,Federal Contract Tower,6,0,1,0,7,0,0,5,1,6,6,0,6,1,13,0,0,0,13
06/26/2023,DEC,IL,AGL,CE,Federal Contract Tower,4,0,6,0,10,0,0,27,0,27,4,0,33,0,37,41,0,41,78
06/27/2023,DEC,IL,AGL,CE,Federal Contract Tower,4,1,5,1,11,0,0,24,10,34,4,1,29,11,45,19,0,19,64
06/28/2023,DEC,IL,AGL,CE,Federal Contract Tower,6,1,5,1,13,0,0,0,0,0,6,1,5,1,13,0,0,0,13
06/29/2023,DEC,IL,AGL,CE,Federal Contract Tower,4,1,2,1,8,0,0,20,1,21,4,1,22,2,29,16,0,16,45
06/30/2023,DEC,IL,AGL,CE,Federal Contract Tower,4,1,4,0,9,0,0,32,0,32,4,1,36,0,41,38,0,38,79
07/01/2023,DEC,IL,AGL,CE,Federal Contract Tower,2,2,5,8,17,0,0,13,0,13,2,2,18,8,30,17,0,17,47
07/03/2023,DEC,IL,AGL,CE,Federal Contract Tower,6,0,0,0,6,0,0,40,0,40,6,0,40,0,46,71,0,71,117
07/04/2023,DEC,IL,AGL,CE,Federal Contract Tower,4,0,3,0,7,0,0,18,0,18,4,0,21,0,25,22,0,22,47
07/05/2023,DEC,IL,AGL,CE,Federal Contract Tower,4,2,6,2,14,0,0,34,0,34,4,2,40,2,48,41,0,41,89
07/06/2023,DEC,IL,AGL,CE,Federal Contract Tower,6,2,3,1,12,0,0,52,10,62,6,2,55,11,74,38,0,38,112
07/07/2023,DEC,IL,AGL,CE,Federal Contract Tower,8,1,2,2,13,0,0,129,4,133,8,1,131,6,146,30,10,40,186
07/08/2023,DEC,IL,AGL,CE,Federal Contract Tower,4,1,4,1,10,0,0,79,0,79,4,1,83,1,89,10,0,10,99
07/09/2023,DEC,IL,AGL,CE,Federal Contract Tower,5,0,2,0,7,0,0,108,1,109,5,0,110,1,116,28,0,28,144
07/10/2023,DEC,IL,AGL,CE,Federal Contract Tower,6,0,1,0,7,0,0,166,0,166,6,0,167,0,173,76,0,76,249
07/11/2023,DEC,IL,AGL,CE,Federal Contract Tower,5,1,3,2,11,0,0,192,11,203,5,1,195,13,214,63,24,87,301
07/12/2023,DEC,IL,AGL,CE,Federal Contract Tower,4,1,3,0,8,0,0,122,2,124,4,1,125,2,132,18,0,18,150
07/13/2023,DEC,IL,AGL,CE,Federal Contract Tower,6,1,3,0,10,0,0,136,6,142,6,1,139,6,152,21,0,21,173
07/14/2023,DEC,IL,AGL,CE,Federal Contract Tower,6,4,7,0,17,0,0,138,12,150,6,4,145,12,167,14,40,54,221
07/15/2023,DEC,IL,AGL,CE,Federal Contract Tower,4,4,0,0,8,0,0,103,19,122,4,4,103,19,130,27,18,45,175
07/16/2023,DEC,IL,AGL,CE,Federal Contract Tower,6,2,2,0,10,0,0,37,4,41,6,2,39,4,51,27,0,27,78
07/17/2023,DEC,IL,AGL,CE,Federal Contract Tower,6,0,2,2,10,0,0,149,9,158,6,0,151,11,168,43,0,43,211
07/18/2023,DEC,IL,AGL,CE,Federal Contract Tower,2,2,4,2,10,0,0,121,2,123,2,2,125,4,133,38,0,38,171
07/19/2023,DEC,IL,AGL,CE,Federal Contract Tower,5,1,2,0,8,0,0,117,6,123,5,1,119,6,131,32,0,32,163
07/20/2023,DEC,IL,AGL,CE,Federal Contract Tower,8,1,4,0,13,0,0,44,3,47,8,1,48,3,60,16,0,16,76
07/21/2023,DEC,IL,AGL,CE,Federal Contract Tower,6,4,1,0,11,0,0,106,1,107,6,4,107,1,118,42,0,42,160
07/22/2023,DEC,IL,AGL,CE,Federal Contract Tower,3,3,7,0,13,0,0,126,0,126,3,3,133,0,139,24,0,24,163
07/23/2023,DEC,IL,AGL,CE,Federal Contract Tower,9,0,1,0,10,0,0,101,0,101,9,0,102,0,111,24,0,24,135
07/24/2023,DEC,IL,AGL,CE,Federal Contract Tower,6,2,0,0,8,0,0,114,0,114,6,2,114,0,122,50,0,50,172
07/25/2023,DEC,IL,AGL,CE,Federal Contract Tower,4,1,8,7,20,0,0,72,14,86,4,1,80,21,106,0,28,28,134
07/26/2023,DEC,IL,AGL,CE,Federal Contract Tower,5,5,2,4,16,0,0,12,0,12,5,5,14,4,28,17,6,23,51
07/27/2023,DEC,IL,AGL,CE,Federal Contract Tower,6,7,9,7,29,0,0,76,1,77,6,7,85,8,106,26,11,37,143
07/28/2023,DEC,IL,AGL,CE,Federal Contract Tower,6,1,5,0,12,0,0,55,0,55,6,1,60,0,67,26,0,26,93
07/29/2023,DEC,IL,AGL,CE,Federal Contract Tower,4,5,3,0,12,0,0,64,0,64,4,5,67,0,76,15,0,15,91
07/30/2023,DEC,IL,AGL,CE,Federal Contract Tower,6,2,3,0,11,0,0,65,0,65,6,2,68,0,76,36,0,36,112
07/31/2023,DEC,IL,AGL,CE,Federal Contract Tower,6,1,2,4,13,0,0,84,7,91,6,1,86,11,104,59,6,65,169
08/01/2023,DEC,IL,AGL,CE,Federal Contract Tower,7,9,4,0,20,0,0,26,10,36,7,9,30,10,56,32,22,54,110
08/02/2023,DEC,IL,AGL,CE,Federal Contract Tower,6,1,4,0,11,0,0,22,2,24,6,1,26,2,35,25,0,25,60
08/03/2023,DEC,IL,AGL,CE,Federal Contract Tower,7,5,11,1,24,0,0,25,14,39,7,5,36,15,63,40,20,60,123
08/04/2023,DEC,IL,AGL,CE,Federal Contract Tower,6,2,5,0,13,0,0,30,6,36,6,2,35,6,49,20,0,20,69
08/05/2023,DEC,IL,AGL,CE,Federal Contract Tower,3,1,1,0,5,0,0,10,0,10,3,1,11,0,15,25,0,25,40
08/06/2023,DEC,IL,AGL,CE,Federal Contract Tower,7,3,0,0,10,0,0,17,2,19,7,3,17,2,29,28,0,28,57
08/07/2023,DEC,IL,AGL,CE,Federal Contract Tower,5,2,4,0,11,0,0,24,0,24,5,2,28,0,35,34,0,34,69
08/08/2023,DEC,IL,AGL,CE,Federal Contract Tower,4,1,2,0,7,0,0,26,3,29,4,1,28,3,36,30,0,30,66
08/09/2023,DEC,IL,AGL,CE,Federal Contract Tower,6,1,3,0,10,0,0,23,10,33,6,1,26,10,43,47,32,79,122
08/10/2023,DEC,IL,AGL,CE,Federal Contract Tower,6,3,2,1,12,0,0,49,3,52,6,3,51,4,64,67,3,70,134
08/11/2023,DEC,IL,AGL,CE,Federal Contract Tower,6,1,1,0,8,0,0,24,2,26,6,1,25,2,34,18,3,21,55
08/12/2023,DEC,IL,AGL,CE,Federal Contract Tower,4,1,4,0,9,0,0,42,0,42,4,1,46,0,51,66,0,66,117
08/13/2023,DEC,IL,AGL,CE,Federal Contract Tower,6,0,9,0,15,0,0,24,0,24,6,0,33,0,39,36,0,36,75
08/15/2023,DEC,IL,AGL,CE,Federal Contract Tower,4,2,4,1,11,0,0,45,16,61,4,2,49,17,72,58,20,78,150
08/16/2023,DEC,IL,AGL,CE,Federal Contract Tower,6,1,0,2,9,0,0,64,3,67,6,1,64,5,76,58,3,61,137
08/17/2023,DEC,IL,AGL,CE,Federal Contract Tower,5,1,1,0,7,0,0,27,10,37,5,1,28,10,44,28,19,47,91
08/18/2023,DEC,IL,AGL,CE,Federal Contract Tower,6,5,4,0,15,0,0,74,4,78,6,5,78,4,93,28,2,30,123
08/19/2023,DEC,IL,AGL,CE,Federal Contract Tower,4,1,4,0,9,0,0,24,0,24,4,1,28,0,33,37,0,37,70
08/20/2023,DEC,IL,AGL,CE,Federal Contract Tower,7,1,2,0,10,0,0,32,0,32,7,1,34,0,42,36,0,36,78
08/21/2023,DEC,IL,AGL,CE,Federal Contract Tower,6,2,7,4,19,0,0,42,1,43,6,2,49,5,62,51,6,57,119
08/22/2023,DEC,IL,AGL,CE,Federal Contract Tower,4,3,2,2,11,0,0,51,3,54,4,3,53,5,65,42,10,52,117
08/23/2023,DEC,IL,AGL,CE,Federal Contract Tower,5,1,1,9,16,0,0,32,5,37,5,1,33,14,53,32,18,50,103
08/24/2023,DEC,IL,AGL,CE,Federal Contract Tower,5,1,5,0,11,0,0,25,8,33,5,1,30,8,44,29,9,38,82
08/25/2023,DEC,IL,AGL,CE,Federal Contract Tower,5,2,3,0,10,0,0,22,8,30,5,2,25,8,40,6,0,6,46
08/26/2023,DEC,IL,AGL,CE,Federal Contract Tower,5,2,1,0,8,0,0,24,6,30,5,2,25,6,38,19,4,23,61
08/27/2023,DEC,IL,AGL,CE,Federal Contract Tower,6,1,12,1,20,0,0,21,9,30,6,1,33,10,50,54,0,54,104
08/28/2023,DEC,IL,AGL,CE,Federal Contract Tower,6,7,13,6,32,0,0,80,6,86,6,7,93,12,118,106,12,118,236
08/29/2023,DEC,IL,AGL,CE,Federal Contract Tower,4,15,29,0,48,0,0,93,10,103,4,15,122,10,151,16,0,16,167
08/30/2023,DEC,IL,AGL,CE,Federal Contract Tower,5,13,36,0,54,0,0,89,5,94,5,13,125,5,148,16,0,16,164
08/31/2023,DEC,IL,AGL,CE,Federal Contract Tower,7,5,33,0,45,0,0,104,10,114,7,5,137,10,159,42,0,42,201
