01/01/2000,DET,MI,AGL,CE,Federal Contract Tower,3,3,11,0,17,9,0,233,0,242,12,3,244,0,259,78,0,78,337
01/02/2000,DET,MI,AGL,CE,Federal Contract Tower,11,9,28,0,48,6,1,196,4,207,17,10,224,4,255,60,0,60,315
01/03/2000,DET,MI,AGL,CE,Federal Contract Tower,21,17,53,0,91,6,18,203,0,227,27,35,256,0,318,94,0,94,412
01/04/2000,DET,MI,AGL,CE,Federal Contract Tower,23,18,58,0,99,4,9,77,0,90,27,27,135,0,189,32,0,32,221
01/05/2000,DET,MI,AGL,CE,Federal Contract Tower,21,16,22,0,59,8,7,0,4,19,29,23,22,4,78,90,0,90,168
01/06/2000,DET,MI,AGL,CE,Federal Contract Tower,28,22,67,0,117,1,4,174,0,179,29,26,241,0,296,72,0,72,368
01/07/2000,DET,MI,AGL,CE,Federal Contract Tower,26,21,64,0,111,0,19,233,0,252,26,40,297,0,363,146,0,146,509
01/08/2000,DET,MI,AGL,CE,Federal Contract Tower,12,6,45,0,63,0,0,231,0,231,12,6,276,0,294,94,0,94,388
01/09/2000,DET,MI,AGL,CE,Federal Contract Tower,13,7,31,0,51,0,0,200,0,200,13,7,231,0,251,92,0,92,343
01/10/2000,DET,MI,AGL,CE,Federal Contract Tower,20,14,51,0,85,10,0,177,6,193,30,14,228,6,278,46,0,46,324
01/11/2000,DET,MI,AGL,CE,Federal Contract Tower,23,18,58,0,99,9,0,167,0,176,32,18,225,0,275,48,0,48,323
01/12/2000,DET,MI,AGL,CE,Federal Contract Tower,13,18,58,0,89,0,13,179,0,192,13,31,237,0,281,88,0,88,369
01/13/2000,DET,MI,AGL,CE,Federal Contract Tower,12,20,64,0,96,0,0,152,4,156,12,20,216,4,252,68,0,68,320
01/14/2000,DET,MI,AGL,CE,Federal Contract Tower,16,22,68,0,106,0,14,157,0,171,16,36,225,0,277,104,0,104,381
01/15/2000,DET,MI,AGL,CE,Federal Contract Tower,12,4,35,0,51,0,0,227,2,229,12,4,262,2,280,14,0,14,294
01/16/2000,DET,MI,AGL,CE,Federal Contract Tower,12,6,32,0,50,0,0,155,4,159,12,6,187,4,209,26,0,26,235
01/17/2000,DET,MI,AGL,CE,Federal Contract Tower,15,10,36,0,61,6,0,158,0,164,21,10,194,0,225,90,0,90,315
01/18/2000,DET,MI,AGL,CE,Federal Contract Tower,22,18,62,0,102,0,13,118,0,131,22,31,180,0,233,38,0,38,271
01/19/2000,DET,MI,AGL,CE,Federal Contract Tower,16,25,82,0,123,0,13,99,5,117,16,38,181,5,240,64,0,64,304
01/20/2000,DET,MI,AGL,CE,Federal Contract Tower,16,16,53,0,85,0,8,97,2,107,16,24,150,2,192,118,0,118,310
01/21/2000,DET,MI,AGL,CE,Federal Contract Tower,19,18,59,0,96,0,7,124,0,131,19,25,183,0,227,164,0,164,391
01/22/2000,DET,MI,AGL,CE,Federal Contract Tower,6,4,18,0,28,5,0,131,0,136,11,4,149,0,164,48,0,48,212
01/23/2000,DET,MI,AGL,CE,Federal Contract Tower,8,4,19,0,31,6,0,78,0,84,14,4,97,0,115,48,0,48,163
01/24/2000,DET,MI,AGL,CE,Federal Contract Tower,17,13,46,0,76,0,15,218,4,237,17,28,264,4,313,78,0,78,391
01/25/2000,DET,MI,AGL,CE,Federal Contract Tower,12,12,40,0,64,0,14,98,0,112,12,26,138,0,176,2,0,2,178
01/26/2000,DET,MI,AGL,CE,Federal Contract Tower,20,22,73,0,115,0,10,136,0,146,20,32,209,0,261,128,0,128,389
01/27/2000,DET,MI,AGL,CE,Federal Contract Tower,22,17,57,0,96,0,13,103,3,119,22,30,160,3,215,76,0,76,291
01/28/2000,DET,MI,AGL,CE,Federal Contract Tower,17,12,43,0,72,1,21,93,0,115,18,33,136,0,187,86,0,86,273
01/29/2000,DET,MI,AGL,CE,Federal Contract Tower,8,2,20,0,30,6,0,116,0,122,14,2,136,0,152,116,0,116,268
01/30/2000,DET,MI,AGL,CE,Federal Contract Tower,6,5,18,0,29,7,0,44,0,51,13,5,62,0,80,14,0,14,94
01/31/2000,DET,MI,AGL,CE,Federal Contract Tower,18,14,47,0,79,2,12,229,0,243,20,26,276,0,322,38,0,38,360
02/01/2000,DET,MI,AGL,CE,Federal Contract Tower,19,16,61,0,96,0,0,159,2,161,19,16,220,2,257,6,2,8,265
02/02/2000,DET,MI,AGL,CE,Federal Contract Tower,18,21,60,0,99,0,2,100,8,110,18,23,160,8,209,34,8,42,251
02/03/2000,DET,MI,AGL,CE,Federal Contract Tower,17,23,80,0,120,0,0,118,0,118,17,23,198,0,238,62,0,62,300
02/04/2000,DET,MI,AGL,CE,Federal Contract Tower,17,16,47,0,80,2,0,32,0,34,19,16,79,0,114,60,0,60,174
02/05/2000,DET,MI,AGL,CE,Federal Contract Tower,9,9,27,0,45,6,0,25,0,31,15,9,52,0,76,26,0,26,102
02/06/2000,DET,MI,AGL,CE,Federal Contract Tower,8,8,23,0,39,1,1,264,0,266,9,9,287,0,305,86,0,86,391
02/07/2000,DET,MI,AGL,CE,Federal Contract Tower,18,17,51,0,86,6,1,223,0,230,24,18,274,0,316,70,0,70,386
02/08/2000,DET,MI,AGL,CE,Federal Contract Tower,15,18,54,0,87,0,7,209,8,224,15,25,263,8,311,92,4,96,407
02/09/2000,DET,MI,AGL,CE,Federal Contract Tower,13,17,48,0,78,0,7,196,0,203,13,24,244,0,281,64,0,64,345
02/10/2000,DET,MI,AGL,CE,Federal Contract Tower,8,17,49,0,74,0,18,49,8,75,8,35,98,8,149,66,0,66,215
02/11/2000,DET,MI,AGL,CE,Federal Contract Tower,13,16,46,0,75,0,5,192,0,197,13,21,238,0,272,196,0,196,468
02/12/2000,DET,MI,AGL,CE,Federal Contract Tower,6,7,20,0,33,0,1,145,6,152,6,8,165,6,185,54,0,54,239
02/13/2000,DET,MI,AGL,CE,Federal Contract Tower,4,4,12,0,20,0,0,60,0,60,4,4,72,0,80,122,0,122,202
02/14/2000,DET,MI,AGL,CE,Federal Contract Tower,12,15,43,0,70,0,5,215,6,226,12,20,258,6,296,62,0,62,358
02/15/2000,DET,MI,AGL,CE,Federal Contract Tower,13,12,39,1,65,0,0,245,1,246,13,12,284,2,311,54,2,56,367
02/16/2000,DET,MI,AGL,CE,Federal Contract Tower,14,15,48,0,77,0,10,247,0,257,14,25,295,0,334,68,0,68,402
02/17/2000,DET,MI,AGL,CE,Federal Contract Tower,22,21,64,1,108,0,11,128,1,140,22,32,192,2,248,220,0,220,468
02/18/2000,DET,MI,AGL,CE,Federal Contract Tower,9,9,28,0,46,0,7,1,0,8,9,16,29,0,54,26,0,26,80
02/19/2000,DET,MI,AGL,CE,Federal Contract Tower,9,7,27,0,43,1,0,65,0,66,10,7,92,0,109,26,0,26,135
02/20/2000,DET,MI,AGL,CE,Federal Contract Tower,6,6,19,0,31,7,3,87,2,99,13,9,106,2,130,94,0,94,224
02/21/2000,DET,MI,AGL,CE,Federal Contract Tower,18,16,52,0,86,4,3,234,0,241,22,19,286,0,327,128,0,128,455
02/22/2000,DET,MI,AGL,CE,Federal Contract Tower,20,18,56,0,94,3,11,128,4,146,23,29,184,4,240,66,0,66,306
02/23/2000,DET,MI,AGL,CE,Federal Contract Tower,21,21,66,0,108,0,13,172,0,185,21,34,238,0,293,120,0,120,413
02/24/2000,DET,MI,AGL,CE,Federal Contract Tower,15,24,75,0,114,0,19,124,0,143,15,43,199,0,257,126,0,126,383
02/25/2000,DET,MI,AGL,CE,Federal Contract Tower,23,22,67,0,112,0,13,43,4,60,23,35,110,4,172,92,0,92,264
02/26/2000,DET,MI,AGL,CE,Federal Contract Tower,10,9,28,0,47,4,1,131,4,140,14,10,159,4,187,134,0,134,321
02/27/2000,DET,MI,AGL,CE,Federal Contract Tower,3,2,9,0,14,11,2,94,0,107,14,4,103,0,121,58,0,58,179
02/28/2000,DET,MI,AGL,CE,Federal Contract Tower,17,16,50,0,83,3,1,182,2,188,20,17,232,2,271,88,0,88,359
02/29/2000,DET,MI,AGL,CE,Federal Contract Tower,19,18,56,0,93,3,4,88,1,96,22,22,144,1,189,50,0,50,239
03/01/2000,DET,MI,AGL,CE,Federal Contract Tower,21,17,47,0,85,2,7,156,2,167,23,24,203,2,252,132,0,132,384
03/02/2000,DET,MI,AGL,CE,Federal Contract Tower,23,19,52,0,94,5,19,191,10,225,28,38,243,10,319,128,0,128,447
03/03/2000,DET,MI,AGL,CE,Federal Contract Tower,19,17,46,0,82,6,5,257,12,280,25,22,303,12,362,108,0,108,470
03/04/2000,DET,MI,AGL,CE,Federal Contract Tower,7,1,19,0,27,6,0,227,0,233,13,1,246,0,260,186,0,186,446
03/05/2000,DET,MI,AGL,CE,Federal Contract Tower,8,5,22,0,35,0,0,266,0,266,8,5,288,0,301,148,0,148,449
03/06/2000,DET,MI,AGL,CE,Federal Contract Tower,16,17,47,0,80,0,5,340,4,349,16,22,387,4,429,122,0,122,551
03/07/2000,DET,MI,AGL,CE,Federal Contract Tower,21,16,60,0,97,0,0,324,2,326,21,16,384,2,423,168,0,168,591
03/08/2000,DET,MI,AGL,CE,Federal Contract Tower,22,28,78,0,128,0,8,141,2,151,22,36,219,2,279,194,0,194,473
03/09/2000,DET,MI,AGL,CE,Federal Contract Tower,25,25,67,0,117,0,9,182,0,191,25,34,249,0,308,162,0,162,470
03/10/2000,DET,MI,AGL,CE,Federal Contract Tower,25,20,55,0,100,1,8,128,0,137,26,28,183,0,237,58,0,58,295
03/11/2000,DET,MI,AGL,CE,Federal Contract Tower,12,7,24,0,43,4,0,215,0,219,16,7,239,0,262,184,0,184,446
03/12/2000,DET,MI,AGL,CE,Federal Contract Tower,11,5,23,0,39,8,0,268,0,276,19,5,291,0,315,184,0,184,499
03/13/2000,DET,MI,AGL,CE,Federal Contract Tower,28,13,60,0,101,3,0,125,8,136,31,13,185,8,237,12,0,12,249
03/14/2000,DET,MI,AGL,CE,Federal Contract Tower,29,23,63,0,115,1,8,153,2,164,30,31,216,2,279,102,0,102,381
03/15/2000,DET,MI,AGL,CE,Federal Contract Tower,28,21,61,0,110,2,7,69,0,78,30,28,130,0,188,76,0,76,264
03/16/2000,DET,MI,AGL,CE,Federal Contract Tower,30,25,71,0,126,0,14,110,0,124,30,39,181,0,250,60,0,60,310
03/17/2000,DET,MI,AGL,CE,Federal Contract Tower,25,23,65,0,113,0,39,146,0,185,25,62,211,0,298,144,0,144,442
03/18/2000,DET,MI,AGL,CE,Federal Contract Tower,11,8,23,1,43,5,3,304,1,313,16,11,327,2,356,168,0,168,524
03/19/2000,DET,MI,AGL,CE,Federal Contract Tower,9,6,18,1,34,5,0,94,1,100,14,6,112,2,134,84,0,84,218
03/20/2000,DET,MI,AGL,CE,Federal Contract Tower,27,19,59,0,105,4,0,185,0,189,31,19,244,0,294,110,0,110,404
03/21/2000,DET,MI,AGL,CE,Federal Contract Tower,28,24,68,0,120,0,28,33,0,61,28,52,101,0,181,32,0,32,213
03/22/2000,DET,MI,AGL,CE,Federal Contract Tower,22,27,77,0,126,0,7,151,2,160,22,34,228,2,286,162,0,162,448
03/23/2000,DET,MI,AGL,CE,Federal Contract Tower,21,24,68,0,113,0,9,176,2,187,21,33,244,2,300,192,0,192,492
03/24/2000,DET,MI,AGL,CE,Federal Contract Tower,23,19,56,0,98,0,15,174,2,191,23,34,230,2,289,178,0,178,467
03/25/2000,DET,MI,AGL,CE,Federal Contract Tower,12,9,27,0,48,5,8,43,2,58,17,17,70,2,106,60,2,62,168
03/26/2000,DET,MI,AGL,CE,Federal Contract Tower,13,8,30,0,51,7,0,273,2,282,20,8,303,2,333,124,0,124,457
03/27/2000,DET,MI,AGL,CE,Federal Contract Tower,25,10,54,0,89,6,0,201,0,207,31,10,255,0,296,102,0,102,398
03/28/2000,DET,MI,AGL,CE,Federal Contract Tower,23,18,52,0,93,7,0,89,1,97,30,18,141,1,190,80,0,80,270
03/29/2000,DET,MI,AGL,CE,Federal Contract Tower,27,24,69,0,120,0,5,129,3,137,27,29,198,3,257,142,0,142,399
03/30/2000,DET,MI,AGL,CE,Federal Contract Tower,16,20,58,0,94,0,13,157,0,170,16,33,215,0,264,158,0,158,422
03/31/2000,DET,MI,AGL,CE,Federal Contract Tower,21,16,47,0,84,6,3,209,0,218,27,19,256,0,302,94,0,94,396
04/01/2000,DET,MI,AGL,CE,Federal Contract Tower,11,5,29,0,45,8,0,368,0,376,19,5,397,0,421,186,0,186,607
04/02/2000,DET,MI,AGL,CE,Federal Contract Tower,16,7,39,0,62,2,0,177,0,179,18,7,216,0,241,144,0,144,385
04/03/2000,DET,MI,AGL,CE,Federal Contract Tower,26,19,58,0,103,4,1,273,6,284,30,20,331,6,387,144,0,144,531
04/04/2000,DET,MI,AGL,CE,Federal Contract Tower,25,19,57,0,101,1,16,299,4,320,26,35,356,4,421,146,0,146,567
04/05/2000,DET,MI,AGL,CE,Federal Contract Tower,21,10,48,0,79,3,0,217,2,222,24,10,265,2,301,150,0,150,451
04/06/2000,DET,MI,AGL,CE,Federal Contract Tower,24,18,53,0,95,6,5,235,3,249,30,23,288,3,344,150,0,150,494
04/07/2000,DET,MI,AGL,CE,Federal Contract Tower,17,13,37,0,67,5,7,159,4,175,22,20,196,4,242,68,0,68,310
04/08/2000,DET,MI,AGL,CE,Federal Contract Tower,3,4,11,0,18,0,2,261,2,265,3,6,272,2,283,148,0,148,431
04/09/2000,DET,MI,AGL,CE,Federal Contract Tower,7,4,22,0,33,0,0,195,2,197,7,4,217,2,230,56,0,56,286
04/10/2000,DET,MI,AGL,CE,Federal Contract Tower,20,15,44,0,79,4,13,224,0,241,24,28,268,0,320,102,0,102,422
04/11/2000,DET,MI,AGL,CE,Federal Contract Tower,20,15,45,0,80,4,28,146,0,178,24,43,191,0,258,40,0,40,298
04/12/2000,DET,MI,AGL,CE,Federal Contract Tower,20,18,54,0,92,0,13,247,4,264,20,31,301,4,356,164,0,164,520
04/13/2000,DET,MI,AGL,CE,Federal Contract Tower,18,18,56,1,93,0,4,181,1,186,18,22,237,2,279,174,0,174,453
04/14/2000,DET,MI,AGL,CE,Federal Contract Tower,22,20,62,1,105,0,5,219,1,225,22,25,281,2,330,102,0,102,432
04/15/2000,DET,MI,AGL,CE,Federal Contract Tower,11,7,24,1,43,0,8,283,1,292,11,15,307,2,335,186,0,186,521
04/16/2000,DET,MI,AGL,CE,Federal Contract Tower,11,6,29,1,47,0,0,178,1,179,11,6,207,2,226,124,0,124,350
04/17/2000,DET,MI,AGL,CE,Federal Contract Tower,23,16,50,1,90,1,7,81,5,94,24,23,131,6,184,94,0,94,278
04/18/2000,DET,MI,AGL,CE,Federal Contract Tower,17,20,64,0,101,0,10,128,4,142,17,30,192,4,243,114,0,114,357
04/19/2000,DET,MI,AGL,CE,Federal Contract Tower,9,18,59,0,86,0,23,87,0,110,9,41,146,0,196,116,0,116,312
04/20/2000,DET,MI,AGL,CE,Federal Contract Tower,11,11,38,0,60,0,27,50,0,77,11,38,88,0,137,142,0,142,279
04/21/2000,DET,MI,AGL,CE,Federal Contract Tower,17,14,47,0,78,0,4,65,4,73,17,18,112,4,151,138,0,138,289
04/22/2000,DET,MI,AGL,CE,Federal Contract Tower,9,3,23,0,35,11,0,250,2,263,20,3,273,2,298,158,0,158,456
04/23/2000,DET,MI,AGL,CE,Federal Contract Tower,11,7,27,0,45,8,0,275,0,283,19,7,302,0,328,160,0,160,488
04/24/2000,DET,MI,AGL,CE,Federal Contract Tower,17,4,38,0,59,3,0,130,3,136,20,4,168,3,195,64,0,64,259
04/25/2000,DET,MI,AGL,CE,Federal Contract Tower,22,15,49,0,86,4,5,111,3,123,26,20,160,3,209,70,0,70,279
04/26/2000,DET,MI,AGL,CE,Federal Contract Tower,18,12,41,0,71,4,12,140,0,156,22,24,181,0,227,74,0,74,301
04/27/2000,DET,MI,AGL,CE,Federal Contract Tower,22,16,52,0,90,0,7,289,4,300,22,23,341,4,390,166,0,166,556
04/28/2000,DET,MI,AGL,CE,Federal Contract Tower,21,16,53,0,90,0,6,242,4,252,21,22,295,4,342,108,0,108,450
04/29/2000,DET,MI,AGL,CE,Federal Contract Tower,11,3,24,0,38,3,0,307,0,310,14,3,331,0,348,172,0,172,520
04/30/2000,DET,MI,AGL,CE,Federal Contract Tower,11,8,26,0,45,2,0,289,2,293,13,8,315,2,338,232,0,232,570
05/01/2000,DET,MI,AGL,CE,Federal Contract Tower,11,14,48,0,73,0,4,321,6,331,11,18,369,6,404,188,0,188,592
05/02/2000,DET,MI,AGL,CE,Federal Contract Tower,11,20,64,0,95,0,16,326,2,344,11,36,390,2,439,172,0,172,611
05/03/2000,DET,MI,AGL,CE,Federal Contract Tower,4,16,53,0,73,0,6,317,6,329,4,22,370,6,402,174,0,174,576
05/04/2000,DET,MI,AGL,CE,Federal Contract Tower,9,18,62,0,89,0,10,313,0,323,9,28,375,0,412,188,0,188,600
05/05/2000,DET,MI,AGL,CE,Federal Contract Tower,0,0,0,0,0,15,45,391,0,451,15,45,391,0,451,172,0,172,623
05/06/2000,DET,MI,AGL,CE,Federal Contract Tower,6,6,24,0,36,0,3,409,0,412,6,9,433,0,448,174,0,174,622
05/07/2000,DET,MI,AGL,CE,Federal Contract Tower,5,3,21,0,29,0,0,347,0,347,5,3,368,0,376,146,0,146,522
05/08/2000,DET,MI,AGL,CE,Federal Contract Tower,0,0,0,0,0,14,27,429,0,470,14,27,429,0,470,164,0,164,634
05/09/2000,DET,MI,AGL,CE,Federal Contract Tower,15,20,62,0,97,0,14,268,4,286,15,34,330,4,383,164,0,164,547
05/10/2000,DET,MI,AGL,CE,Federal Contract Tower,13,27,85,0,125,0,23,231,4,258,13,50,316,4,383,172,0,172,555
05/11/2000,DET,MI,AGL,CE,Federal Contract Tower,14,24,73,0,111,0,18,314,2,334,14,42,387,2,445,146,0,146,591
05/12/2000,DET,MI,AGL,CE,Federal Contract Tower,18,19,61,0,98,0,29,287,0,316,18,48,348,0,414,164,0,164,578
05/13/2000,DET,MI,AGL,CE,Federal Contract Tower,9,6,30,0,45,8,0,297,0,305,17,6,327,0,350,168,0,168,518
05/14/2000,DET,MI,AGL,CE,Federal Contract Tower,9,2,29,0,40,9,0,222,2,233,18,2,251,2,273,76,0,76,349
05/15/2000,DET,MI,AGL,CE,Federal Contract Tower,14,16,48,0,78,4,0,349,1,354,18,16,397,1,432,176,0,176,608
05/16/2000,DET,MI,AGL,CE,Federal Contract Tower,20,23,71,0,114,0,7,293,7,307,20,30,364,7,421,84,0,84,505
05/17/2000,DET,MI,AGL,CE,Federal Contract Tower,15,22,66,0,103,0,28,215,4,247,15,50,281,4,350,142,0,142,492
05/18/2000,DET,MI,AGL,CE,Federal Contract Tower,12,13,46,0,71,1,0,54,0,55,13,13,100,0,126,52,0,52,178
05/19/2000,DET,MI,AGL,CE,Federal Contract Tower,16,22,70,1,109,0,22,209,3,234,16,44,279,4,343,82,0,82,425
05/20/2000,DET,MI,AGL,CE,Federal Contract Tower,8,9,30,1,48,6,0,457,7,470,14,9,487,8,518,296,0,296,814
05/21/2000,DET,MI,AGL,CE,Federal Contract Tower,6,3,23,1,33,8,0,512,0,520,14,3,535,1,553,226,0,226,779
05/22/2000,DET,MI,AGL,CE,Federal Contract Tower,13,16,49,0,78,3,14,244,0,261,16,30,293,0,339,106,0,106,445
05/23/2000,DET,MI,AGL,CE,Federal Contract Tower,20,21,73,0,114,0,0,267,0,267,20,21,340,0,381,216,0,216,597
05/24/2000,DET,MI,AGL,CE,Federal Contract Tower,14,17,54,0,85,1,16,293,0,310,15,33,347,0,395,128,0,128,523
05/25/2000,DET,MI,AGL,CE,Federal Contract Tower,13,15,49,0,77,4,8,268,0,280,17,23,317,0,357,77,0,77,434
05/26/2000,DET,MI,AGL,CE,Federal Contract Tower,14,18,58,0,90,0,17,356,0,373,14,35,414,0,463,184,0,184,647
05/27/2000,DET,MI,AGL,CE,Federal Contract Tower,5,6,19,0,30,8,0,210,0,218,13,6,229,0,248,64,0,64,312
05/28/2000,DET,MI,AGL,CE,Federal Contract Tower,9,6,33,0,48,3,0,203,0,206,12,6,236,0,254,104,0,104,358
05/29/2000,DET,MI,AGL,CE,Federal Contract Tower,10,11,37,0,58,6,0,362,36,404,16,11,399,36,462,218,0,218,680
05/30/2000,DET,MI,AGL,CE,Federal Contract Tower,17,20,64,0,101,3,6,162,5,176,20,26,226,5,277,126,0,126,403
05/31/2000,DET,MI,AGL,CE,Federal Contract Tower,17,21,64,0,102,0,9,83,0,92,17,30,147,0,194,114,6,120,314
06/01/2000,DET,MI,AGL,CE,Federal Contract Tower,18,26,66,0,110,1,10,355,0,366,19,36,421,0,476,134,0,134,610
06/02/2000,DET,MI,AGL,CE,Federal Contract Tower,14,19,49,0,82,1,24,402,0,427,15,43,451,0,509,184,0,184,693
06/03/2000,DET,MI,AGL,CE,Federal Contract Tower,9,12,32,0,53,4,12,379,12,407,13,24,411,12,460,160,0,160,620
06/04/2000,DET,MI,AGL,CE,Federal Contract Tower,11,11,39,0,61,5,0,493,4,502,16,11,532,4,563,240,0,240,803
06/05/2000,DET,MI,AGL,CE,Federal Contract Tower,17,24,58,0,99,1,3,331,14,349,18,27,389,14,448,178,0,178,626
06/06/2000,DET,MI,AGL,CE,Federal Contract Tower,15,25,59,0,99,0,14,320,0,334,15,39,379,0,433,174,0,174,607
06/07/2000,DET,MI,AGL,CE,Federal Contract Tower,15,31,72,0,118,0,21,251,0,272,15,52,323,0,390,180,2,182,572
06/08/2000,DET,MI,AGL,CE,Federal Contract Tower,18,34,82,0,134,0,32,266,0,298,18,66,348,0,432,146,0,146,578
06/09/2000,DET,MI,AGL,CE,Federal Contract Tower,11,24,57,0,92,0,29,330,2,361,11,53,387,2,453,138,0,138,591
06/10/2000,DET,MI,AGL,CE,Federal Contract Tower,6,8,20,0,34,6,9,403,4,422,12,17,423,4,456,166,0,166,622
06/11/2000,DET,MI,AGL,CE,Federal Contract Tower,15,22,53,0,90,0,25,321,0,346,15,47,374,0,436,138,0,138,574
06/12/2000,DET,MI,AGL,CE,Federal Contract Tower,12,21,52,0,85,0,1,278,4,283,12,22,330,4,368,196,0,196,564
06/13/2000,DET,MI,AGL,CE,Federal Contract Tower,10,24,58,0,92,0,22,72,0,94,10,46,130,0,186,30,2,32,218
06/14/2000,DET,MI,AGL,CE,Federal Contract Tower,13,18,43,0,74,3,33,78,4,118,16,51,121,4,192,20,0,20,212
06/15/2000,DET,MI,AGL,CE,Federal Contract Tower,16,29,71,0,116,0,32,350,2,384,16,61,421,2,500,156,0,156,656
06/16/2000,DET,MI,AGL,CE,Federal Contract Tower,16,25,59,1,101,0,30,450,1,481,16,55,509,2,582,134,2,136,718
06/17/2000,DET,MI,AGL,CE,Federal Contract Tower,8,14,31,0,53,7,8,371,0,386,15,22,402,0,439,174,0,174,613
06/18/2000,DET,MI,AGL,CE,Federal Contract Tower,10,6,39,0,55,5,0,339,12,356,15,6,378,12,411,397,0,397,808
06/19/2000,DET,MI,AGL,CE,Federal Contract Tower,14,20,54,0,88,0,0,286,7,293,14,20,340,7,381,208,0,208,589
06/20/2000,DET,MI,AGL,CE,Federal Contract Tower,9,24,59,0,92,0,13,195,0,208,9,37,254,0,300,66,0,66,366
06/21/2000,DET,MI,AGL,CE,Federal Contract Tower,11,27,66,0,104,0,17,97,0,114,11,44,163,0,218,80,2,82,300
06/22/2000,DET,MI,AGL,CE,Federal Contract Tower,16,33,81,0,130,0,29,326,8,363,16,62,407,8,493,94,0,94,587
06/23/2000,DET,MI,AGL,CE,Federal Contract Tower,16,26,61,0,103,2,15,375,2,394,18,41,436,2,497,176,0,176,673
06/24/2000,DET,MI,AGL,CE,Federal Contract Tower,7,11,27,0,45,9,0,275,4,288,16,11,302,4,333,166,0,166,499
06/25/2000,DET,MI,AGL,CE,Federal Contract Tower,7,7,28,0,42,5,0,270,2,277,12,7,298,2,319,158,0,158,477
06/26/2000,DET,MI,AGL,CE,Federal Contract Tower,16,26,61,0,103,0,2,169,4,175,16,28,230,4,278,114,0,114,392
06/27/2000,DET,MI,AGL,CE,Federal Contract Tower,14,21,53,0,88,2,3,170,0,175,16,24,223,0,263,176,6,182,445
06/28/2000,DET,MI,AGL,CE,Federal Contract Tower,17,26,63,0,106,0,14,289,0,303,17,40,352,0,409,538,17,555,964
06/29/2000,DET,MI,AGL,CE,Federal Contract Tower,15,29,70,0,114,0,38,329,6,373,15,67,399,6,487,128,0,128,615
06/30/2000,DET,MI,AGL,CE,Federal Contract Tower,17,27,65,0,109,3,16,386,2,407,20,43,451,2,516,178,0,178,694
07/01/2000,DET,MI,AGL,CE,Federal Contract Tower,14,19,62,0,95,0,16,55,0,71,14,35,117,0,166,70,0,70,236
07/02/2000,DET,MI,AGL,CE,Federal Contract Tower,5,2,20,0,27,2,0,301,2,305,7,2,321,2,332,124,0,124,456
07/03/2000,DET,MI,AGL,CE,Federal Contract Tower,8,8,34,0,50,0,0,339,0,339,8,8,373,0,389,178,4,182,571
07/04/2000,DET,MI,AGL,CE,Federal Contract Tower,6,2,23,0,31,2,0,318,2,322,8,2,341,2,353,140,0,140,493
07/05/2000,DET,MI,AGL,CE,Federal Contract Tower,7,14,46,0,67,0,16,333,4,353,7,30,379,4,420,138,0,138,558
07/06/2000,DET,MI,AGL,CE,Federal Contract Tower,11,13,41,0,65,2,17,335,6,360,13,30,376,6,425,156,0,156,581
07/07/2000,DET,MI,AGL,CE,Federal Contract Tower,10,15,46,0,71,0,18,326,2,346,10,33,372,2,417,184,0,184,601
07/08/2000,DET,MI,AGL,CE,Federal Contract Tower,8,8,28,0,44,4,3,221,4,232,12,11,249,4,276,152,0,152,428
07/09/2000,DET,MI,AGL,CE,Federal Contract Tower,9,7,35,0,51,3,0,313,2,318,12,7,348,2,369,224,0,224,593
07/10/2000,DET,MI,AGL,CE,Federal Contract Tower,10,12,38,0,60,2,2,339,4,347,12,14,377,4,407,168,0,168,575
07/11/2000,DET,MI,AGL,CE,Federal Contract Tower,14,22,66,0,102,0,32,327,0,359,14,54,393,0,461,170,4,174,635
07/12/2000,DET,MI,AGL,CE,Federal Contract Tower,12,23,70,0,105,0,30,328,4,362,12,53,398,4,467,178,0,178,645
07/13/2000,DET,MI,AGL,CE,Federal Contract Tower,12,21,66,0,99,0,23,334,6,363,12,44,400,6,462,162,0,162,624
07/14/2000,DET,MI,AGL,CE,Federal Contract Tower,9,16,49,0,74,0,15,358,4,377,9,31,407,4,451,112,0,112,563
07/15/2000,DET,MI,AGL,CE,Federal Contract Tower,10,7,36,0,53,7,0,310,9,326,17,7,346,9,379,164,0,164,543
07/16/2000,DET,MI,AGL,CE,Federal Contract Tower,8,3,31,0,42,3,0,268,4,275,11,3,299,4,317,106,0,106,423
07/17/2000,DET,MI,AGL,CE,Federal Contract Tower,14,17,52,0,83,7,1,293,4,305,21,18,345,4,388,168,0,168,556
07/18/2000,DET,MI,AGL,CE,Federal Contract Tower,18,26,82,0,126,0,24,142,0,166,18,50,224,0,292,165,4,169,461
07/19/2000,DET,MI,AGL,CE,Federal Contract Tower,14,18,56,1,89,2,31,245,1,279,16,49,301,2,368,148,0,148,516
07/20/2000,DET,MI,AGL,CE,Federal Contract Tower,18,24,75,0,117,0,25,259,6,290,18,49,334,6,407,158,0,158,565
07/21/2000,DET,MI,AGL,CE,Federal Contract Tower,15,20,62,0,97,3,23,342,0,368,18,43,404,0,465,108,4,112,577
07/22/2000,DET,MI,AGL,CE,Federal Contract Tower,4,2,16,0,22,8,0,216,2,226,12,2,232,2,248,110,0,110,358
07/23/2000,DET,MI,AGL,CE,Federal Contract Tower,8,6,36,0,50,6,0,351,6,363,14,6,387,6,413,162,0,162,575
07/24/2000,DET,MI,AGL,CE,Federal Contract Tower,15,22,67,0,104,0,14,213,0,227,15,36,280,0,331,176,0,176,507
07/25/2000,DET,MI,AGL,CE,Federal Contract Tower,11,23,74,0,108,0,32,113,2,147,11,55,187,2,255,232,0,232,487
07/26/2000,DET,MI,AGL,CE,Federal Contract Tower,10,25,79,0,114,0,26,155,2,183,10,51,234,2,297,102,0,102,399
07/27/2000,DET,MI,AGL,CE,Federal Contract Tower,17,22,70,0,109,0,38,285,2,325,17,60,355,2,434,148,0,148,582
07/28/2000,DET,MI,AGL,CE,Federal Contract Tower,14,21,67,0,102,0,11,276,4,291,14,32,343,4,393,88,0,88,481
07/29/2000,DET,MI,AGL,CE,Federal Contract Tower,8,10,34,0,52,3,0,120,0,123,11,10,154,0,175,44,0,44,219
07/30/2000,DET,MI,AGL,CE,Federal Contract Tower,10,10,41,0,61,0,0,87,0,87,10,10,128,0,148,10,0,10,158
07/31/2000,DET,MI,AGL,CE,Federal Contract Tower,13,20,76,0,109,0,0,84,3,87,13,20,160,3,196,150,0,150,346
08/01/2000,DET,MI,AGL,CE,Federal Contract Tower,14,28,53,0,95,0,7,261,0,268,14,35,314,0,363,164,0,164,527
08/02/2000,DET,MI,AGL,CE,Federal Contract Tower,14,30,60,0,104,0,10,260,4,274,14,40,320,4,378,130,0,130,508
08/03/2000,DET,MI,AGL,CE,Federal Contract Tower,13,42,80,0,135,0,33,281,6,320,13,75,361,6,455,132,0,132,587
08/04/2000,DET,MI,AGL,CE,Federal Contract Tower,14,31,61,0,106,0,31,360,22,413,14,62,421,22,519,164,0,164,683
08/05/2000,DET,MI,AGL,CE,Federal Contract Tower,11,19,37,0,67,6,4,308,6,324,17,23,345,6,391,192,0,192,583
08/06/2000,DET,MI,AGL,CE,Federal Contract Tower,9,6,30,0,45,4,0,159,2,165,13,6,189,2,210,70,0,70,280
08/07/2000,DET,MI,AGL,CE,Federal Contract Tower,13,23,44,0,80,6,12,337,0,355,19,35,381,0,435,164,4,168,603
08/08/2000,DET,MI,AGL,CE,Federal Contract Tower,15,31,60,0,106,0,28,230,0,258,15,59,290,0,364,72,0,72,436
08/09/2000,DET,MI,AGL,CE,Federal Contract Tower,14,30,57,0,101,0,23,272,2,297,14,53,329,2,398,160,0,160,558
08/10/2000,DET,MI,AGL,CE,Federal Contract Tower,20,38,75,0,133,0,39,412,8,459,20,77,487,8,592,196,0,196,788
08/11/2000,DET,MI,AGL,CE,Federal Contract Tower,13,27,52,0,92,0,16,287,2,305,13,43,339,2,397,112,0,112,509
08/12/2000,DET,MI,AGL,CE,Federal Contract Tower,8,6,25,0,39,10,0,289,6,305,18,6,314,6,344,160,0,160,504
08/13/2000,DET,MI,AGL,CE,Federal Contract Tower,7,0,24,0,31,7,0,286,2,295,14,0,310,2,326,164,0,164,490
08/14/2000,DET,MI,AGL,CE,Federal Contract Tower,12,23,46,0,81,0,0,192,0,192,12,23,238,0,273,120,0,120,393
08/15/2000,DET,MI,AGL,CE,Federal Contract Tower,18,33,63,0,114,1,17,257,0,275,19,50,320,0,389,46,0,46,435
08/16/2000,DET,MI,AGL,CE,Federal Contract Tower,17,33,65,1,116,0,26,271,5,302,17,59,336,6,418,166,0,166,584
08/17/2000,DET,MI,AGL,CE,Federal Contract Tower,16,31,59,0,106,3,21,323,0,347,19,52,382,0,453,124,0,124,577
08/18/2000,DET,MI,AGL,CE,Federal Contract Tower,17,41,79,0,137,0,14,208,0,222,17,55,287,0,359,128,0,128,487
08/19/2000,DET,MI,AGL,CE,Federal Contract Tower,6,16,36,0,58,0,0,302,4,306,6,16,338,4,364,156,0,156,520
08/20/2000,DET,MI,AGL,CE,Federal Contract Tower,8,4,29,0,41,11,0,310,0,321,19,4,339,0,362,90,2,92,454
08/21/2000,DET,MI,AGL,CE,Federal Contract Tower,12,24,46,0,82,5,8,174,0,187,17,32,220,0,269,136,0,136,405
08/22/2000,DET,MI,AGL,CE,Federal Contract Tower,17,33,64,0,114,2,7,323,0,332,19,40,387,0,446,148,0,148,594
08/23/2000,DET,MI,AGL,CE,Federal Contract Tower,18,35,69,0,122,0,20,264,0,284,18,55,333,0,406,98,0,98,504
08/24/2000,DET,MI,AGL,CE,Federal Contract Tower,19,36,69,0,124,0,50,261,0,311,19,86,330,0,435,46,0,46,481
08/25/2000,DET,MI,AGL,CE,Federal Contract Tower,18,43,86,0,147,0,58,201,4,263,18,101,287,4,410,146,0,146,556
08/26/2000,DET,MI,AGL,CE,Federal Contract Tower,7,15,28,0,50,7,9,93,2,111,14,24,121,2,161,60,0,60,221
08/27/2000,DET,MI,AGL,CE,Federal Contract Tower,8,8,32,0,48,0,0,78,4,82,8,8,110,4,130,50,0,50,180
08/28/2000,DET,MI,AGL,CE,Federal Contract Tower,15,29,57,0,101,3,1,277,4,285,18,30,334,4,386,100,0,100,486
08/29/2000,DET,MI,AGL,CE,Federal Contract Tower,22,40,78,0,140,0,41,216,2,259,22,81,294,2,399,64,0,64,463
08/30/2000,DET,MI,AGL,CE,Federal Contract Tower,9,29,58,0,96,0,30,269,4,303,9,59,327,4,399,82,0,82,481
08/31/2000,DET,MI,AGL,CE,Federal Contract Tower,15,38,75,0,128,0,38,244,0,282,15,76,319,0,410,58,0,58,468
09/01/2000,DET,MI,AGL,CE,Federal Contract Tower,14,29,73,0,116,6,22,288,4,320,20,51,361,4,436,168,0,168,604
09/02/2000,DET,MI,AGL,CE,Federal Contract Tower,6,8,31,0,45,10,0,410,2,422,16,8,441,2,467,122,0,122,589
09/03/2000,DET,MI,AGL,CE,Federal Contract Tower,6,14,32,0,52,12,20,338,0,370,18,34,370,0,422,124,0,124,546
09/04/2000,DET,MI,AGL,CE,Federal Contract Tower,7,13,37,0,57,11,0,355,0,366,18,13,392,0,423,158,0,158,581
09/05/2000,DET,MI,AGL,CE,Federal Contract Tower,10,20,51,0,81,6,0,327,2,335,16,20,378,2,416,148,0,148,564
09/06/2000,DET,MI,AGL,CE,Federal Contract Tower,12,27,63,0,102,4,41,296,2,343,16,68,359,2,445,114,0,114,559
09/07/2000,DET,MI,AGL,CE,Federal Contract Tower,12,29,65,0,106,7,32,294,2,335,19,61,359,2,441,158,10,168,609
09/08/2000,DET,MI,AGL,CE,Federal Contract Tower,12,26,62,0,100,5,14,313,0,332,17,40,375,0,432,118,0,118,550
09/09/2000,DET,MI,AGL,CE,Federal Contract Tower,7,15,36,0,58,6,13,281,6,306,13,28,317,6,364,192,0,192,556
09/10/2000,DET,MI,AGL,CE,Federal Contract Tower,6,7,29,0,42,4,0,299,2,305,10,7,328,2,347,120,2,122,469
09/11/2000,DET,MI,AGL,CE,Federal Contract Tower,9,20,46,0,75,3,6,108,0,117,12,26,154,0,192,46,0,46,238
09/12/2000,DET,MI,AGL,CE,Federal Contract Tower,13,33,76,0,122,0,14,265,6,285,13,47,341,6,407,154,0,154,561
09/13/2000,DET,MI,AGL,CE,Federal Contract Tower,14,33,75,0,122,11,15,301,2,329,25,48,376,2,451,124,0,124,575
09/14/2000,DET,MI,AGL,CE,Federal Contract Tower,14,33,77,0,124,0,24,271,6,301,14,57,348,6,425,148,0,148,573
09/15/2000,DET,MI,AGL,CE,Federal Contract Tower,12,26,62,0,100,5,16,200,10,231,17,42,262,10,331,116,0,116,447
09/16/2000,DET,MI,AGL,CE,Federal Contract Tower,5,14,31,1,51,8,42,327,0,377,13,56,358,1,428,156,0,156,584
09/17/2000,DET,MI,AGL,CE,Federal Contract Tower,4,4,25,0,33,8,0,205,0,213,12,4,230,0,246,102,0,102,348
09/18/2000,DET,MI,AGL,CE,Federal Contract Tower,0,24,55,0,79,0,31,320,0,351,0,55,375,0,430,122,0,122,552
09/19/2000,DET,MI,AGL,CE,Federal Contract Tower,0,23,54,0,77,0,5,191,0,196,0,28,245,0,273,160,0,160,433
09/20/2000,DET,MI,AGL,CE,Federal Contract Tower,0,29,66,0,95,0,47,231,4,282,0,76,297,4,377,78,0,78,455
09/21/2000,DET,MI,AGL,CE,Federal Contract Tower,0,24,55,0,79,0,36,242,0,278,0,60,297,0,357,80,0,80,437
09/22/2000,DET,MI,AGL,CE,Federal Contract Tower,0,19,45,0,64,0,22,115,1,138,0,41,160,1,202,116,0,116,318
09/23/2000,DET,MI,AGL,CE,Federal Contract Tower,0,14,34,0,48,0,21,324,0,345,0,35,358,0,393,220,0,220,613
09/24/2000,DET,MI,AGL,CE,Federal Contract Tower,0,10,25,0,35,0,9,267,0,276,0,19,292,0,311,160,0,160,471
09/25/2000,DET,MI,AGL,CE,Federal Contract Tower,0,16,40,0,56,0,4,70,0,74,0,20,110,0,130,86,0,86,216
09/26/2000,DET,MI,AGL,CE,Federal Contract Tower,0,23,55,0,78,0,46,272,0,318,0,69,327,0,396,94,0,94,490
09/27/2000,DET,MI,AGL,CE,Federal Contract Tower,0,30,70,0,100,0,29,281,0,310,0,59,351,0,410,178,0,178,588
09/28/2000,DET,MI,AGL,CE,Federal Contract Tower,0,20,47,0,67,0,38,216,0,254,0,58,263,0,321,132,0,132,453
09/29/2000,DET,MI,AGL,CE,Federal Contract Tower,0,0,0,0,0,0,36,222,0,258,0,36,222,0,258,96,0,96,354
09/30/2000,DET,MI,AGL,CE,Federal Contract Tower,0,7,18,0,25,0,3,192,2,197,0,10,210,2,222,83,0,83,305
10/01/2000,DET,MI,AGL,CE,Federal Contract Tower,0,5,21,0,26,0,0,306,2,308,0,5,327,2,334,142,0,142,476
10/02/2000,DET,MI,AGL,CE,Federal Contract Tower,0,17,51,0,68,0,11,289,4,304,0,28,340,4,372,200,0,200,572
10/03/2000,DET,MI,AGL,CE,Federal Contract Tower,0,17,50,0,67,0,36,299,0,335,0,53,349,0,402,142,0,142,544
10/04/2000,DET,MI,AGL,CE,Federal Contract Tower,0,20,61,0,81,0,24,221,0,245,0,44,282,0,326,164,0,164,490
10/05/2000,DET,MI,AGL,CE,Federal Contract Tower,0,26,79,0,105,0,4,224,0,228,0,30,303,0,333,114,0,114,447
10/06/2000,DET,MI,AGL,CE,Federal Contract Tower,0,25,74,0,99,0,52,233,0,285,0,77,307,0,384,138,0,138,522
10/07/2000,DET,MI,AGL,CE,Federal Contract Tower,0,6,27,0,33,0,0,253,0,253,0,6,280,0,286,86,0,86,372
10/08/2000,DET,MI,AGL,CE,Federal Contract Tower,0,4,15,0,19,0,0,230,4,234,0,4,245,4,253,114,0,114,367
10/09/2000,DET,MI,AGL,CE,Federal Contract Tower,0,17,50,0,67,0,27,317,2,346,0,44,367,2,413,154,0,154,567
10/10/2000,DET,MI,AGL,CE,Federal Contract Tower,0,20,59,0,79,0,19,338,2,359,0,39,397,2,438,88,0,88,526
10/11/2000,DET,MI,AGL,CE,Federal Contract Tower,0,23,67,0,90,0,33,234,0,267,0,56,301,0,357,66,0,66,423
10/12/2000,DET,MI,AGL,CE,Federal Contract Tower,0,22,64,0,86,0,3,181,0,184,0,25,245,0,270,148,0,148,418
10/13/2000,DET,MI,AGL,CE,Federal Contract Tower,0,19,59,0,78,0,40,213,0,253,0,59,272,0,331,192,0,192,523
10/14/2000,DET,MI,AGL,CE,Federal Contract Tower,0,8,25,0,33,0,1,265,0,266,0,9,290,0,299,70,0,70,369
10/15/2000,DET,MI,AGL,CE,Federal Contract Tower,0,8,33,1,42,0,0,363,5,368,0,8,396,6,410,70,0,70,480
10/16/2000,DET,MI,AGL,CE,Federal Contract Tower,0,21,71,0,92,0,0,267,0,267,0,21,338,0,359,84,0,84,443
10/17/2000,DET,MI,AGL,CE,Federal Contract Tower,0,20,62,0,82,0,13,186,0,199,0,33,248,0,281,58,0,58,339
10/18/2000,DET,MI,AGL,CE,Federal Contract Tower,0,27,86,0,113,0,29,326,0,355,0,56,412,0,468,114,0,114,582
10/19/2000,DET,MI,AGL,CE,Federal Contract Tower,0,22,68,0,90,0,22,306,0,328,0,44,374,0,418,90,0,90,508
10/20/2000,DET,MI,AGL,CE,Federal Contract Tower,0,20,63,0,83,0,10,275,2,287,0,30,338,2,370,140,0,140,510
10/21/2000,DET,MI,AGL,CE,Federal Contract Tower,0,7,32,0,39,0,0,103,0,103,0,7,135,0,142,150,0,150,292
10/22/2000,DET,MI,AGL,CE,Federal Contract Tower,0,5,24,0,29,0,0,160,0,160,0,5,184,0,189,66,0,66,255
10/23/2000,DET,MI,AGL,CE,Federal Contract Tower,0,19,62,0,81,0,0,83,0,83,0,19,145,0,164,116,0,116,280
10/24/2000,DET,MI,AGL,CE,Federal Contract Tower,0,27,84,0,111,0,16,233,4,253,0,43,317,4,364,128,0,128,492
10/25/2000,DET,MI,AGL,CE,Federal Contract Tower,0,35,110,0,145,0,67,118,0,185,0,102,228,0,330,54,0,54,384
10/26/2000,DET,MI,AGL,CE,Federal Contract Tower,0,19,61,0,80,0,14,39,2,55,0,33,100,2,135,0,0,0,135
10/27/2000,DET,MI,AGL,CE,Federal Contract Tower,0,23,72,0,95,0,24,42,2,68,0,47,114,2,163,116,0,116,279
10/28/2000,DET,MI,AGL,CE,Federal Contract Tower,0,9,34,0,43,0,0,96,3,99,0,9,130,3,142,60,0,60,202
10/29/2000,DET,MI,AGL,CE,Federal Contract Tower,0,11,35,0,46,0,3,135,0,138,0,14,170,0,184,115,0,115,299
10/30/2000,DET,MI,AGL,CE,Federal Contract Tower,0,14,45,0,59,0,0,171,4,175,0,14,216,4,234,121,0,121,355
10/31/2000,DET,MI,AGL,CE,Federal Contract Tower,0,17,54,0,71,0,29,95,0,124,0,46,149,0,195,32,0,32,227
11/01/2000,DET,MI,AGL,CE,Federal Contract Tower,1,19,60,0,80,1,2,318,4,325,2,21,378,4,405,198,0,198,603
11/02/2000,DET,MI,AGL,CE,Federal Contract Tower,0,25,79,0,104,0,40,197,2,239,0,65,276,2,343,32,0,32,375
11/03/2000,DET,MI,AGL,CE,Federal Contract Tower,0,22,69,0,91,0,7,260,2,269,0,29,329,2,360,126,0,126,486
11/04/2000,DET,MI,AGL,CE,Federal Contract Tower,1,8,26,0,35,0,1,304,0,305,1,9,330,0,340,146,0,146,486
11/05/2000,DET,MI,AGL,CE,Federal Contract Tower,0,13,37,0,50,0,3,283,8,294,0,16,320,8,344,124,0,124,468
11/06/2000,DET,MI,AGL,CE,Federal Contract Tower,0,16,48,0,64,0,1,264,0,265,0,17,312,0,329,146,0,146,475
11/07/2000,DET,MI,AGL,CE,Federal Contract Tower,0,18,53,0,71,0,16,244,0,260,0,34,297,0,331,68,0,68,399
11/08/2000,DET,MI,AGL,CE,Federal Contract Tower,0,24,74,0,98,0,21,287,0,308,0,45,361,0,406,168,0,168,574
11/09/2000,DET,MI,AGL,CE,Federal Contract Tower,0,16,47,0,63,0,5,257,0,262,0,21,304,0,325,64,0,64,389
11/10/2000,DET,MI,AGL,CE,Federal Contract Tower,0,20,62,0,82,1,9,260,0,270,1,29,322,0,352,114,0,114,466
11/11/2000,DET,MI,AGL,CE,Federal Contract Tower,0,3,17,0,20,0,0,203,6,209,0,3,220,6,229,86,0,86,315
11/12/2000,DET,MI,AGL,CE,Federal Contract Tower,0,10,28,0,38,0,6,329,0,335,0,16,357,0,373,78,0,78,451
11/13/2000,DET,MI,AGL,CE,Federal Contract Tower,0,16,49,0,65,0,11,77,0,88,0,27,126,0,153,4,0,4,157
11/14/2000,DET,MI,AGL,CE,Federal Contract Tower,0,21,67,1,89,0,15,294,5,314,0,36,361,6,403,146,0,146,549
11/15/2000,DET,MI,AGL,CE,Federal Contract Tower,0,17,55,1,73,0,21,292,5,318,0,38,347,6,391,60,0,60,451
11/16/2000,DET,MI,AGL,CE,Federal Contract Tower,0,15,50,0,65,0,10,272,2,284,0,25,322,2,349,94,0,94,443
11/17/2000,DET,MI,AGL,CE,Federal Contract Tower,0,14,46,0,60,0,14,94,0,108,0,28,140,0,168,84,0,84,252
11/18/2000,DET,MI,AGL,CE,Federal Contract Tower,0,6,19,0,25,0,19,331,0,350,0,25,350,0,375,132,0,132,507
11/19/2000,DET,MI,AGL,CE,Federal Contract Tower,0,4,15,0,19,0,17,159,0,176,0,21,174,0,195,68,0,68,263
11/20/2000,DET,MI,AGL,CE,Federal Contract Tower,0,10,36,0,46,0,0,121,6,127,0,10,157,6,173,12,0,12,185
11/21/2000,DET,MI,AGL,CE,Federal Contract Tower,0,24,79,0,103,0,14,248,2,264,0,38,327,2,367,82,0,82,449
11/22/2000,DET,MI,AGL,CE,Federal Contract Tower,0,17,56,0,73,0,20,243,0,263,0,37,299,0,336,122,0,122,458
11/23/2000,DET,MI,AGL,CE,Federal Contract Tower,0,2,8,0,10,0,7,336,2,345,0,9,344,2,355,194,0,194,549
11/24/2000,DET,MI,AGL,CE,Federal Contract Tower,0,6,19,0,25,0,1,245,4,250,0,7,264,4,275,82,0,82,357
11/25/2000,DET,MI,AGL,CE,Federal Contract Tower,0,8,25,0,33,0,7,149,6,162,0,15,174,6,195,80,0,80,275
11/26/2000,DET,MI,AGL,CE,Federal Contract Tower,0,5,18,0,23,0,1,10,0,11,0,6,28,0,34,2,0,2,36
11/27/2000,DET,MI,AGL,CE,Federal Contract Tower,0,17,57,0,74,0,12,142,4,158,0,29,199,4,232,98,0,98,330
11/28/2000,DET,MI,AGL,CE,Federal Contract Tower,0,17,55,0,72,0,13,143,4,160,0,30,198,4,232,48,0,48,280
11/29/2000,DET,MI,AGL,CE,Federal Contract Tower,0,16,52,0,68,0,8,59,0,67,0,24,111,0,135,40,0,40,175
11/30/2000,DET,MI,AGL,CE,Federal Contract Tower,0,17,55,0,72,0,7,110,0,117,0,24,165,0,189,40,0,40,229
12/01/2000,DET,MI,AGL,CE,Federal Contract Tower,0,14,35,0,49,0,6,255,2,263,0,20,290,2,312,62,0,62,374
12/02/2000,DET,MI,AGL,CE,Federal Contract Tower,0,5,108,0,113,0,0,32,4,36,0,5,140,4,149,74,0,74,223
12/03/2000,DET,MI,AGL,CE,Federal Contract Tower,0,8,26,0,34,0,0,169,0,169,0,8,195,0,203,74,0,74,277
12/04/2000,DET,MI,AGL,CE,Federal Contract Tower,0,14,36,0,50,0,15,155,2,172,0,29,191,2,222,64,0,64,286
12/05/2000,DET,MI,AGL,CE,Federal Contract Tower,0,18,46,0,64,0,14,140,10,164,0,32,186,10,228,22,0,22,250
12/06/2000,DET,MI,AGL,CE,Federal Contract Tower,0,18,47,0,65,0,28,150,6,184,0,46,197,6,249,42,0,42,291
12/07/2000,DET,MI,AGL,CE,Federal Contract Tower,0,17,45,0,62,0,7,45,4,56,0,24,90,4,118,0,0,0,118
12/08/2000,DET,MI,AGL,CE,Federal Contract Tower,0,16,43,0,59,0,14,262,0,276,0,30,305,0,335,70,0,70,405
12/09/2000,DET,MI,AGL,CE,Federal Contract Tower,0,29,78,0,107,0,4,188,0,192,0,33,266,0,299,66,0,66,365
12/10/2000,DET,MI,AGL,CE,Federal Contract Tower,0,6,16,1,23,0,0,237,1,238,0,6,253,2,261,78,0,78,339
12/11/2000,DET,MI,AGL,CE,Federal Contract Tower,0,7,21,0,28,0,7,284,0,291,0,14,305,0,319,76,0,76,395
12/12/2000,DET,MI,AGL,CE,Federal Contract Tower,0,11,30,1,42,0,24,155,3,182,0,35,185,4,224,78,0,78,302
12/13/2000,DET,MI,AGL,CE,Federal Contract Tower,0,17,48,1,66,0,32,149,3,184,0,49,197,4,250,14,0,14,264
12/14/2000,DET,MI,AGL,CE,Federal Contract Tower,0,15,41,1,57,0,7,168,1,176,0,22,209,2,233,46,0,46,279
12/15/2000,DET,MI,AGL,CE,Federal Contract Tower,0,24,65,1,90,0,34,260,3,297,0,58,325,4,387,84,0,84,471
12/16/2000,DET,MI,AGL,CE,Federal Contract Tower,0,2,8,0,10,0,16,286,0,302,0,18,294,0,312,46,0,46,358
12/17/2000,DET,MI,AGL,CE,Federal Contract Tower,0,4,12,0,16,0,30,237,4,271,0,34,249,4,287,34,0,34,321
12/18/2000,DET,MI,AGL,CE,Federal Contract Tower,0,15,41,0,56,0,16,138,2,156,0,31,179,2,212,48,0,48,260
12/19/2000,DET,MI,AGL,CE,Federal Contract Tower,0,15,41,0,56,0,21,162,0,183,0,36,203,0,239,20,4,24,263
12/20/2000,DET,MI,AGL,CE,Federal Contract Tower,0,15,41,0,56,0,13,191,0,204,0,28,232,0,260,82,0,82,342
12/21/2000,DET,MI,AGL,CE,Federal Contract Tower,0,12,33,0,45,0,10,150,0,160,0,22,183,0,205,60,0,60,265
12/22/2000,DET,MI,AGL,CE,Federal Contract Tower,0,11,32,0,43,0,12,156,4,172,0,23,188,4,215,26,0,26,241
12/23/2000,DET,MI,AGL,CE,Federal Contract Tower,0,11,30,0,41,0,14,206,0,220,0,25,236,0,261,72,0,72,333
12/24/2000,DET,MI,AGL,CE,Federal Contract Tower,0,0,6,0,6,0,0,8,0,8,0,0,14,0,14,8,0,8,22
12/25/2000,DET,MI,AGL,CE,Federal Contract Tower,0,0,3,0,3,0,0,23,6,29,0,0,26,6,32,4,0,4,36
12/26/2000,DET,MI,AGL,CE,Federal Contract Tower,0,1,19,0,20,0,0,39,0,39,0,1,58,0,59,10,0,10,69
12/27/2000,DET,MI,AGL,CE,Federal Contract Tower,0,8,25,0,33,0,9,34,2,45,0,17,59,2,78,0,0,0,78
12/28/2000,DET,MI,AGL,CE,Federal Contract Tower,0,7,22,0,29,0,12,155,4,171,0,19,177,4,200,58,0,58,258
12/29/2000,DET,MI,AGL,CE,Federal Contract Tower,0,8,24,0,32,0,3,6,0,9,0,11,30,0,41,4,0,4,45
12/30/2000,DET,MI,AGL,CE,Federal Contract Tower,0,2,1,0,3,0,2,0,4,6,0,4,1,4,9,4,4,8,17
12/31/2000,DET,MI,AGL,CE,Federal Contract Tower,0,2,6,0,8,0,2,28,4,34,0,4,34,4,42,10,0,10,52
01/01/2001,DET,MI,AGL,CE,Federal Contract Tower,0,0,4,0,4,0,4,287,0,291,0,4,291,0,295,56,0,56,351
01/02/2001,DET,MI,AGL,CE,Federal Contract Tower,0,8,19,1,28,0,9,152,15,176,0,17,171,16,204,76,0,76,280
01/03/2001,DET,MI,AGL,CE,Federal Contract Tower,0,9,19,0,28,0,6,145,0,151,0,15,164,0,179,30,0,30,209
01/04/2001,DET,MI,AGL,CE,Federal Contract Tower,0,13,31,0,44,0,4,153,0,157,0,17,184,0,201,86,0,86,287
01/05/2001,DET,MI,AGL,CE,Federal Contract Tower,0,14,34,1,49,0,5,156,1,162,0,19,190,2,211,78,0,78,289
01/06/2001,DET,MI,AGL,CE,Federal Contract Tower,0,4,13,0,17,0,0,242,0,242,0,4,255,0,259,128,0,128,387
01/07/2001,DET,MI,AGL,CE,Federal Contract Tower,0,0,9,0,9,0,0,243,0,243,0,0,252,0,252,54,0,54,306
01/08/2001,DET,MI,AGL,CE,Federal Contract Tower,0,10,28,0,38,0,19,191,0,210,0,29,219,0,248,68,0,68,316
01/09/2001,DET,MI,AGL,CE,Federal Contract Tower,0,16,43,1,60,0,19,203,5,227,0,35,246,6,287,14,0,14,301
01/10/2001,DET,MI,AGL,CE,Federal Contract Tower,0,16,41,0,57,0,19,154,0,173,0,35,195,0,230,54,0,54,284
01/11/2001,DET,MI,AGL,CE,Federal Contract Tower,0,22,57,1,80,0,3,242,1,246,0,25,299,2,326,98,0,98,424
01/12/2001,DET,MI,AGL,CE,Federal Contract Tower,0,26,78,0,104,0,0,186,0,186,0,26,264,0,290,116,0,116,406
01/13/2001,DET,MI,AGL,CE,Federal Contract Tower,0,6,31,0,37,0,0,132,0,132,0,6,163,0,169,84,0,84,253
01/14/2001,DET,MI,AGL,CE,Federal Contract Tower,0,3,11,0,14,0,4,257,0,261,0,7,268,0,275,128,0,128,403
01/15/2001,DET,MI,AGL,CE,Federal Contract Tower,0,12,32,0,44,0,3,196,2,201,0,15,228,2,245,36,0,36,281
01/16/2001,DET,MI,AGL,CE,Federal Contract Tower,0,16,41,0,57,0,20,135,8,163,0,36,176,8,220,22,0,22,242
01/17/2001,DET,MI,AGL,CE,Federal Contract Tower,0,21,54,0,75,0,20,169,0,189,0,41,223,0,264,58,0,58,322
01/18/2001,DET,MI,AGL,CE,Federal Contract Tower,0,26,67,0,93,0,5,133,6,144,0,31,200,6,237,106,0,106,343
01/19/2001,DET,MI,AGL,CE,Federal Contract Tower,0,21,55,0,76,0,11,125,0,136,0,32,180,0,212,182,0,182,394
01/20/2001,DET,MI,AGL,CE,Federal Contract Tower,0,7,20,0,27,0,0,196,0,196,0,7,216,0,223,78,0,78,301
01/21/2001,DET,MI,AGL,CE,Federal Contract Tower,0,9,23,0,32,0,0,154,0,154,0,9,177,0,186,124,0,124,310
01/22/2001,DET,MI,AGL,CE,Federal Contract Tower,0,20,51,0,71,0,6,177,12,195,0,26,228,12,266,84,0,84,350
01/23/2001,DET,MI,AGL,CE,Federal Contract Tower,0,16,42,0,58,0,10,160,0,170,0,26,202,0,228,60,0,60,288
01/24/2001,DET,MI,AGL,CE,Federal Contract Tower,0,20,54,0,74,0,26,127,0,153,0,46,181,0,227,44,0,44,271
01/25/2001,DET,MI,AGL,CE,Federal Contract Tower,0,19,51,0,70,0,17,109,6,132,0,36,160,6,202,146,0,146,348
01/26/2001,DET,MI,AGL,CE,Federal Contract Tower,0,20,54,0,74,0,19,49,0,68,0,39,103,0,142,16,0,16,158
01/27/2001,DET,MI,AGL,CE,Federal Contract Tower,0,4,13,0,17,0,2,138,10,150,0,6,151,10,167,98,0,98,265
01/28/2001,DET,MI,AGL,CE,Federal Contract Tower,0,6,17,0,23,0,8,118,6,132,0,14,135,6,155,98,0,98,253
01/29/2001,DET,MI,AGL,CE,Federal Contract Tower,0,16,41,0,57,0,20,49,0,69,0,36,90,0,126,22,0,22,148
01/30/2001,DET,MI,AGL,CE,Federal Contract Tower,0,18,48,0,66,0,30,75,0,105,0,48,123,0,171,0,0,0,171
01/31/2001,DET,MI,AGL,CE,Federal Contract Tower,0,17,46,0,63,0,16,72,2,90,0,33,118,2,153,12,0,12,165
02/01/2001,DET,MI,AGL,CE,Federal Contract Tower,0,21,49,0,70,0,11,179,4,194,0,32,228,4,264,164,0,164,428
02/02/2001,DET,MI,AGL,CE,Federal Contract Tower,0,14,30,0,44,0,6,259,0,265,0,20,289,0,309,140,0,140,449
02/03/2001,DET,MI,AGL,CE,Federal Contract Tower,0,5,11,0,16,0,0,262,2,264,0,5,273,2,280,68,0,68,348
02/04/2001,DET,MI,AGL,CE,Federal Contract Tower,0,8,21,0,29,0,0,243,0,243,0,8,264,0,272,168,0,168,440
02/05/2001,DET,MI,AGL,CE,Federal Contract Tower,0,6,23,0,29,0,0,136,0,136,0,6,159,0,165,82,0,82,247
02/06/2001,DET,MI,AGL,CE,Federal Contract Tower,0,16,36,0,52,0,4,154,0,158,0,20,190,0,210,40,0,40,250
02/07/2001,DET,MI,AGL,CE,Federal Contract Tower,0,17,38,0,55,0,8,192,0,200,0,25,230,0,255,86,0,86,341
02/08/2001,DET,MI,AGL,CE,Federal Contract Tower,0,12,28,0,40,0,8,192,0,200,0,20,220,0,240,56,0,56,296
02/09/2001,DET,MI,AGL,CE,Federal Contract Tower,0,14,32,0,46,0,12,138,4,154,0,26,170,4,200,96,0,96,296
02/10/2001,DET,MI,AGL,CE,Federal Contract Tower,0,3,7,0,10,0,1,77,6,84,0,4,84,6,94,124,0,124,218
02/11/2001,DET,MI,AGL,CE,Federal Contract Tower,0,5,41,0,46,0,0,248,8,256,0,5,289,8,302,264,0,264,566
02/12/2001,DET,MI,AGL,CE,Federal Contract Tower,0,14,35,0,49,0,8,176,2,186,0,22,211,2,235,68,0,68,303
02/13/2001,DET,MI,AGL,CE,Federal Contract Tower,0,11,27,0,38,0,19,237,0,256,0,30,264,0,294,60,0,60,354
02/14/2001,DET,MI,AGL,CE,Federal Contract Tower,0,13,34,0,47,0,5,140,0,145,0,18,174,0,192,88,0,88,280
02/15/2001,DET,MI,AGL,CE,Federal Contract Tower,0,15,46,0,61,0,0,84,6,90,0,15,130,6,151,170,0,170,321
02/16/2001,DET,MI,AGL,CE,Federal Contract Tower,0,17,41,0,58,0,13,55,0,68,0,30,96,0,126,58,0,58,184
02/17/2001,DET,MI,AGL,CE,Federal Contract Tower,0,4,10,0,14,0,1,54,0,55,0,5,64,0,69,38,0,38,107
02/18/2001,DET,MI,AGL,CE,Federal Contract Tower,0,4,11,0,15,0,2,199,2,203,0,6,210,2,218,112,0,112,330
02/19/2001,DET,MI,AGL,CE,Federal Contract Tower,0,11,28,0,39,0,7,72,0,79,0,18,100,0,118,14,0,14,132
02/20/2001,DET,MI,AGL,CE,Federal Contract Tower,0,13,31,0,44,0,5,147,0,152,0,18,178,0,196,178,0,178,374
02/21/2001,DET,MI,AGL,CE,Federal Contract Tower,0,13,31,0,44,0,15,113,2,130,0,28,144,2,174,120,0,120,294
02/22/2001,DET,MI,AGL,CE,Federal Contract Tower,0,13,41,0,54,0,0,49,0,49,0,13,90,0,103,120,0,120,223
02/23/2001,DET,MI,AGL,CE,Federal Contract Tower,0,15,36,0,51,0,11,108,0,119,0,26,144,0,170,56,0,56,226
02/24/2001,DET,MI,AGL,CE,Federal Contract Tower,0,4,10,0,14,0,0,7,0,7,0,4,17,0,21,40,0,40,61
02/25/2001,DET,MI,AGL,CE,Federal Contract Tower,0,3,10,0,13,0,0,95,0,95,0,3,105,0,108,4,0,4,112
02/26/2001,DET,MI,AGL,CE,Federal Contract Tower,0,11,28,0,39,0,2,208,8,218,0,13,236,8,257,42,8,50,307
02/27/2001,DET,MI,AGL,CE,Federal Contract Tower,0,15,39,0,54,0,23,253,0,276,0,38,292,0,330,39,0,39,369
02/28/2001,DET,MI,AGL,CE,Federal Contract Tower,0,18,46,0,64,0,7,141,0,148,0,25,187,0,212,32,0,32,244
03/01/2001,DET,MI,AGL,CE,Federal Contract Tower,0,14,37,0,51,1,2,184,2,189,1,16,221,2,240,146,0,146,386
03/02/2001,DET,MI,AGL,CE,Federal Contract Tower,0,14,38,0,52,0,11,121,2,134,0,25,159,2,186,76,0,76,262
03/03/2001,DET,MI,AGL,CE,Federal Contract Tower,0,2,17,0,19,0,0,213,0,213,0,2,230,0,232,174,0,174,406
03/04/2001,DET,MI,AGL,CE,Federal Contract Tower,0,6,16,0,22,0,2,194,0,196,0,8,210,0,218,144,0,144,362
03/05/2001,DET,MI,AGL,CE,Federal Contract Tower,0,15,38,0,53,0,2,314,2,318,0,17,352,2,371,174,0,174,545
03/06/2001,DET,MI,AGL,CE,Federal Contract Tower,0,16,43,0,59,0,13,253,18,284,0,29,296,18,343,88,0,88,431
03/07/2001,DET,MI,AGL,CE,Federal Contract Tower,0,17,47,0,64,0,8,221,2,231,0,25,268,2,295,46,0,46,341
03/08/2001,DET,MI,AGL,CE,Federal Contract Tower,0,18,79,0,97,0,0,71,2,73,0,18,150,2,170,150,0,150,320
03/09/2001,DET,MI,AGL,CE,Federal Contract Tower,0,17,45,0,62,0,9,80,2,91,0,26,125,2,153,44,0,44,197
03/10/2001,DET,MI,AGL,CE,Federal Contract Tower,0,5,23,0,28,0,0,109,4,113,0,5,132,4,141,102,0,102,243
03/11/2001,DET,MI,AGL,CE,Federal Contract Tower,0,4,11,0,15,0,1,170,2,173,0,5,181,2,188,84,0,84,272
03/12/2001,DET,MI,AGL,CE,Federal Contract Tower,0,10,68,0,78,0,0,43,0,43,0,10,111,0,121,26,0,26,147
03/13/2001,DET,MI,AGL,CE,Federal Contract Tower,0,15,43,0,58,0,0,100,0,100,0,15,143,0,158,56,0,56,214
03/14/2001,DET,MI,AGL,CE,Federal Contract Tower,0,16,41,0,57,0,4,110,0,114,0,20,151,0,171,68,0,68,239
03/15/2001,DET,MI,AGL,CE,Federal Contract Tower,0,23,62,0,85,0,9,120,2,131,0,32,182,2,216,146,0,146,362
03/16/2001,DET,MI,AGL,CE,Federal Contract Tower,0,15,41,0,56,0,13,24,0,37,0,28,65,0,93,42,0,42,135
03/17/2001,DET,MI,AGL,CE,Federal Contract Tower,0,1,11,0,12,0,0,266,0,266,0,1,277,0,278,112,0,112,390
03/18/2001,DET,MI,AGL,CE,Federal Contract Tower,0,4,11,0,15,0,0,224,4,228,0,4,235,4,243,230,0,230,473
03/19/2001,DET,MI,AGL,CE,Federal Contract Tower,0,12,36,0,48,0,2,190,0,192,0,14,226,0,240,118,0,118,358
03/20/2001,DET,MI,AGL,CE,Federal Contract Tower,0,17,48,0,65,0,16,202,4,222,0,33,250,4,287,68,0,68,355
03/21/2001,DET,MI,AGL,CE,Federal Contract Tower,0,18,51,0,69,0,6,127,4,137,0,24,178,4,206,110,0,110,316
03/22/2001,DET,MI,AGL,CE,Federal Contract Tower,0,9,37,0,46,0,0,105,0,105,0,9,142,0,151,106,0,106,257
03/23/2001,DET,MI,AGL,CE,Federal Contract Tower,0,8,28,0,36,0,0,140,2,142,0,8,168,2,178,176,0,176,354
03/24/2001,DET,MI,AGL,CE,Federal Contract Tower,0,3,13,0,16,0,0,108,0,108,0,3,121,0,124,42,0,42,166
03/25/2001,DET,MI,AGL,CE,Federal Contract Tower,0,3,16,0,19,0,0,117,0,117,0,3,133,0,136,86,0,86,222
03/26/2001,DET,MI,AGL,CE,Federal Contract Tower,0,12,34,0,46,0,2,139,0,141,0,14,173,0,187,114,0,114,301
03/27/2001,DET,MI,AGL,CE,Federal Contract Tower,0,12,35,0,47,0,11,85,2,98,0,23,120,2,145,42,0,42,187
03/28/2001,DET,MI,AGL,CE,Federal Contract Tower,0,15,43,0,58,0,3,113,0,116,0,18,156,0,174,120,0,120,294
03/29/2001,DET,MI,AGL,CE,Federal Contract Tower,0,19,56,0,75,0,11,52,0,63,0,30,108,0,138,56,0,56,194
03/30/2001,DET,MI,AGL,CE,Federal Contract Tower,0,15,43,0,58,0,8,72,0,80,0,23,115,0,138,74,0,74,212
03/31/2001,DET,MI,AGL,CE,Federal Contract Tower,0,11,31,0,42,0,14,148,0,162,0,25,179,0,204,76,0,76,280
04/01/2001,DET,MI,AGL,CE,Federal Contract Tower,0,0,13,0,13,0,2,61,4,67,0,2,74,4,80,0,0,0,80
04/02/2001,DET,MI,AGL,CE,Federal Contract Tower,0,12,21,0,33,0,7,260,0,267,0,19,281,0,300,54,0,54,354
04/03/2001,DET,MI,AGL,CE,Federal Contract Tower,0,11,39,0,50,0,8,442,10,460,0,19,481,10,510,368,0,368,878
04/04/2001,DET,MI,AGL,CE,Federal Contract Tower,0,20,45,0,65,0,8,115,7,130,0,28,160,7,195,150,0,150,345
04/05/2001,DET,MI,AGL,CE,Federal Contract Tower,0,27,55,0,82,0,15,68,0,83,0,42,123,0,165,58,0,58,223
04/06/2001,DET,MI,AGL,CE,Federal Contract Tower,0,24,53,3,80,0,5,158,1,164,0,29,211,4,244,72,0,72,316
04/07/2001,DET,MI,AGL,CE,Federal Contract Tower,0,5,24,1,30,0,6,78,1,85,0,11,102,2,115,62,0,62,177
04/08/2001,DET,MI,AGL,CE,Federal Contract Tower,0,0,12,0,12,0,7,136,0,143,0,7,148,0,155,102,0,102,257
04/09/2001,DET,MI,AGL,CE,Federal Contract Tower,0,9,42,0,51,0,10,104,0,114,0,19,146,0,165,72,0,72,237
04/10/2001,DET,MI,AGL,CE,Federal Contract Tower,0,12,60,0,72,0,4,55,0,59,0,16,115,0,131,28,0,28,159
04/11/2001,DET,MI,AGL,CE,Federal Contract Tower,0,34,50,0,84,0,1,70,2,73,0,35,120,2,157,30,0,30,187
04/12/2001,DET,MI,AGL,CE,Federal Contract Tower,0,31,34,0,65,0,6,50,2,58,0,37,84,2,123,0,0,0,123
04/13/2001,DET,MI,AGL,CE,Federal Contract Tower,0,8,31,0,39,0,0,119,0,119,0,8,150,0,158,88,0,88,246
04/14/2001,DET,MI,AGL,CE,Federal Contract Tower,0,7,16,0,23,0,0,122,0,122,0,7,138,0,145,142,0,142,287
04/15/2001,DET,MI,AGL,CE,Federal Contract Tower,0,1,23,0,24,0,0,24,0,24,0,1,47,0,48,30,0,30,78
04/16/2001,DET,MI,AGL,CE,Federal Contract Tower,0,10,38,0,48,0,1,57,1,59,0,11,95,1,107,72,0,72,179
04/17/2001,DET,MI,AGL,CE,Federal Contract Tower,0,29,40,0,69,0,1,44,2,47,0,30,84,2,116,70,0,70,186
04/18/2001,DET,MI,AGL,CE,Federal Contract Tower,0,40,50,0,90,0,0,130,4,134,0,40,180,4,224,120,0,120,344
04/19/2001,DET,MI,AGL,CE,Federal Contract Tower,0,21,60,0,81,0,30,85,4,119,0,51,145,4,200,28,0,28,228
04/20/2001,DET,MI,AGL,CE,Federal Contract Tower,0,24,77,0,101,0,6,79,0,85,0,30,156,0,186,60,0,60,246
04/21/2001,DET,MI,AGL,CE,Federal Contract Tower,0,3,29,0,32,0,0,18,2,20,0,3,47,2,52,24,0,24,76
04/22/2001,DET,MI,AGL,CE,Federal Contract Tower,0,1,26,0,27,0,0,50,0,50,0,1,76,0,77,143,0,143,220
04/23/2001,DET,MI,AGL,CE,Federal Contract Tower,0,5,15,0,20,0,2,64,0,66,0,7,79,0,86,0,0,0,86
04/24/2001,DET,MI,AGL,CE,Federal Contract Tower,0,18,35,0,53,0,4,75,2,81,0,22,110,2,134,70,0,70,204
04/25/2001,DET,MI,AGL,CE,Federal Contract Tower,0,30,40,0,70,0,8,200,0,208,0,38,240,0,278,160,0,160,438
04/26/2001,DET,MI,AGL,CE,Federal Contract Tower,0,36,47,0,83,0,4,112,0,116,0,40,159,0,199,50,0,50,249
04/27/2001,DET,MI,AGL,CE,Federal Contract Tower,0,38,50,0,88,0,13,115,0,128,0,51,165,0,216,78,0,78,294
04/28/2001,DET,MI,AGL,CE,Federal Contract Tower,0,4,21,0,25,0,0,101,1,102,0,4,122,1,127,92,0,92,219
04/29/2001,DET,MI,AGL,CE,Federal Contract Tower,0,3,17,0,20,0,0,202,3,205,0,3,219,3,225,124,0,124,349
04/30/2001,DET,MI,AGL,CE,Federal Contract Tower,0,13,31,0,44,0,4,113,1,118,0,17,144,1,162,111,0,111,273
05/01/2001,DET,MI,AGL,CE,Federal Contract Tower,0,26,60,0,86,0,3,120,2,125,0,29,180,2,211,90,0,90,301
05/02/2001,DET,MI,AGL,CE,Federal Contract Tower,0,20,50,0,70,0,3,110,0,113,0,23,160,0,183,102,0,102,285
05/03/2001,DET,MI,AGL,CE,Federal Contract Tower,0,20,46,0,66,0,2,130,0,132,0,22,176,0,198,88,0,88,286
05/04/2001,DET,MI,AGL,CE,Federal Contract Tower,0,13,55,0,68,0,7,56,0,63,0,20,111,0,131,40,0,40,171
05/05/2001,DET,MI,AGL,CE,Federal Contract Tower,0,8,26,0,34,0,0,62,4,66,0,8,88,4,100,74,0,74,174
05/06/2001,DET,MI,AGL,CE,Federal Contract Tower,0,4,25,0,29,0,5,74,0,79,0,9,99,0,108,44,0,44,152
05/07/2001,DET,MI,AGL,CE,Federal Contract Tower,0,7,34,0,41,0,4,65,0,69,0,11,99,0,110,69,0,69,179
05/08/2001,DET,MI,AGL,CE,Federal Contract Tower,0,17,41,0,58,0,4,131,1,136,0,21,172,1,194,42,0,42,236
05/09/2001,DET,MI,AGL,CE,Federal Contract Tower,0,18,40,0,58,0,0,120,0,120,0,18,160,0,178,125,0,125,303
05/10/2001,DET,MI,AGL,CE,Federal Contract Tower,0,27,43,0,70,0,0,48,0,48,0,27,91,0,118,74,0,74,192
05/11/2001,DET,MI,AGL,CE,Federal Contract Tower,0,13,36,0,49,0,2,84,0,86,0,15,120,0,135,75,0,75,210
05/12/2001,DET,MI,AGL,CE,Federal Contract Tower,0,7,22,0,29,0,0,137,2,139,0,7,159,2,168,128,0,128,296
05/13/2001,DET,MI,AGL,CE,Federal Contract Tower,0,2,12,0,14,0,1,90,0,91,0,3,102,0,105,104,0,104,209
05/14/2001,DET,MI,AGL,CE,Federal Contract Tower,0,7,33,0,40,0,2,75,4,81,0,9,108,4,121,66,0,66,187
05/15/2001,DET,MI,AGL,CE,Federal Contract Tower,0,20,60,0,80,0,0,30,2,32,0,20,90,2,112,30,0,30,142
05/16/2001,DET,MI,AGL,CE,Federal Contract Tower,0,23,49,0,72,0,1,66,0,67,0,24,115,0,139,0,0,0,139
05/17/2001,DET,MI,AGL,CE,Federal Contract Tower,0,22,67,0,89,0,7,171,0,178,0,29,238,0,267,126,0,126,393
05/18/2001,DET,MI,AGL,CE,Federal Contract Tower,0,18,30,0,48,0,8,134,2,144,0,26,164,2,192,64,0,64,256
05/19/2001,DET,MI,AGL,CE,Federal Contract Tower,0,7,31,0,38,0,0,145,3,148,0,7,176,3,186,110,0,110,296
05/20/2001,DET,MI,AGL,CE,Federal Contract Tower,0,2,19,0,21,0,0,204,6,210,0,2,223,6,231,241,2,243,474
05/21/2001,DET,MI,AGL,CE,Federal Contract Tower,0,10,31,0,41,0,0,47,2,49,0,10,78,2,90,0,0,0,90
05/22/2001,DET,MI,AGL,CE,Federal Contract Tower,0,21,40,0,61,0,0,120,2,122,0,21,160,2,183,190,0,190,373
05/23/2001,DET,MI,AGL,CE,Federal Contract Tower,0,13,62,0,75,0,0,72,2,74,0,13,134,2,149,110,0,110,259
05/24/2001,DET,MI,AGL,CE,Federal Contract Tower,0,22,45,0,67,0,2,184,2,188,0,24,229,2,255,123,0,123,378
05/25/2001,DET,MI,AGL,CE,Federal Contract Tower,0,16,58,0,74,0,14,60,8,82,0,30,118,8,156,24,0,24,180
05/26/2001,DET,MI,AGL,CE,Federal Contract Tower,0,8,16,0,24,0,0,39,4,43,0,8,55,4,67,82,0,82,149
05/27/2001,DET,MI,AGL,CE,Federal Contract Tower,0,4,29,0,33,0,0,13,0,13,0,4,42,0,46,4,0,4,50
05/28/2001,DET,MI,AGL,CE,Federal Contract Tower,0,0,32,0,32,0,0,67,10,77,0,0,99,10,109,116,0,116,225
05/29/2001,DET,MI,AGL,CE,Federal Contract Tower,0,28,45,0,73,0,0,95,2,97,0,28,140,2,170,90,0,90,260
05/30/2001,DET,MI,AGL,CE,Federal Contract Tower,0,23,50,0,73,0,2,108,0,110,0,25,158,0,183,175,0,175,358
05/31/2001,DET,MI,AGL,CE,Federal Contract Tower,0,25,52,0,77,0,1,149,0,150,0,26,201,0,227,172,0,172,399
06/01/2001,DET,MI,AGL,CE,Federal Contract Tower,0,13,37,0,50,0,1,22,2,25,0,14,59,2,75,0,0,0,75
06/02/2001,DET,MI,AGL,CE,Federal Contract Tower,0,6,25,0,31,0,0,43,0,43,0,6,68,0,74,64,0,64,138
06/03/2001,DET,MI,AGL,CE,Federal Contract Tower,0,7,37,0,44,0,0,46,0,46,0,7,83,0,90,12,0,12,102
06/04/2001,DET,MI,AGL,CE,Federal Contract Tower,0,13,43,2,58,0,1,96,0,97,0,14,139,2,155,85,0,85,240
06/05/2001,DET,MI,AGL,CE,Federal Contract Tower,0,12,50,2,64,0,0,154,0,154,0,12,204,2,218,230,0,230,448
06/06/2001,DET,MI,AGL,CE,Federal Contract Tower,0,17,40,0,57,0,0,124,0,124,0,17,164,0,181,157,0,157,338
06/07/2001,DET,MI,AGL,CE,Federal Contract Tower,0,26,70,0,96,0,0,163,4,167,0,26,233,4,263,151,0,151,414
06/08/2001,DET,MI,AGL,CE,Federal Contract Tower,0,22,54,0,76,0,6,110,2,118,0,28,164,2,194,214,0,214,408
06/09/2001,DET,MI,AGL,CE,Federal Contract Tower,0,0,28,0,28,0,0,168,2,170,0,0,196,2,198,108,0,108,306
06/10/2001,DET,MI,AGL,CE,Federal Contract Tower,0,3,30,0,33,0,0,107,0,107,0,3,137,0,140,40,0,40,180
06/11/2001,DET,MI,AGL,CE,Federal Contract Tower,0,9,36,0,45,0,1,111,0,112,0,10,147,0,157,124,0,124,281
06/12/2001,DET,MI,AGL,CE,Federal Contract Tower,0,20,50,0,70,0,0,80,2,82,0,20,130,2,152,80,0,80,232
06/13/2001,DET,MI,AGL,CE,Federal Contract Tower,0,19,40,0,59,0,6,117,2,125,0,25,157,2,184,97,0,97,281
06/14/2001,DET,MI,AGL,CE,Federal Contract Tower,0,28,66,0,94,0,5,75,6,86,0,33,141,6,180,108,0,108,288
06/15/2001,DET,MI,AGL,CE,Federal Contract Tower,0,22,54,0,76,0,0,89,8,97,0,22,143,8,173,74,0,74,247
06/16/2001,DET,MI,AGL,CE,Federal Contract Tower,0,8,18,0,26,0,2,204,2,208,0,10,222,2,234,310,0,310,544
06/17/2001,DET,MI,AGL,CE,Federal Contract Tower,0,6,40,0,46,0,0,169,2,171,0,6,209,2,217,284,0,284,501
06/18/2001,DET,MI,AGL,CE,Federal Contract Tower,0,9,55,0,64,0,2,83,0,85,0,11,138,0,149,42,0,42,191
06/19/2001,DET,MI,AGL,CE,Federal Contract Tower,0,23,50,0,73,0,0,90,2,92,0,23,140,2,165,90,0,90,255
06/20/2001,DET,MI,AGL,CE,Federal Contract Tower,0,57,54,0,111,0,5,106,14,125,0,62,160,14,236,64,0,64,300
06/21/2001,DET,MI,AGL,CE,Federal Contract Tower,0,21,49,0,70,0,3,95,6,104,0,24,144,6,174,140,0,140,314
06/22/2001,DET,MI,AGL,CE,Federal Contract Tower,0,25,38,0,63,0,4,91,4,99,0,29,129,4,162,68,0,68,230
06/23/2001,DET,MI,AGL,CE,Federal Contract Tower,0,21,33,0,54,0,1,159,10,170,0,22,192,10,224,104,0,104,328
06/24/2001,DET,MI,AGL,CE,Federal Contract Tower,0,7,29,0,36,0,0,153,4,157,0,7,182,4,193,42,0,42,235
06/25/2001,DET,MI,AGL,CE,Federal Contract Tower,0,11,44,2,57,0,3,132,8,143,0,14,176,10,200,72,0,72,272
06/26/2001,DET,MI,AGL,CE,Federal Contract Tower,0,28,48,0,76,0,0,146,6,152,0,28,194,6,228,106,0,106,334
06/27/2001,DET,MI,AGL,CE,Federal Contract Tower,0,32,40,0,72,0,2,220,4,226,0,34,260,4,298,200,0,200,498
06/28/2001,DET,MI,AGL,CE,Federal Contract Tower,0,21,52,0,73,0,8,115,1,124,0,29,167,1,197,75,0,75,272
06/29/2001,DET,MI,AGL,CE,Federal Contract Tower,0,27,61,0,88,0,4,165,0,169,0,31,226,0,257,100,0,100,357
06/30/2001,DET,MI,AGL,CE,Federal Contract Tower,0,9,31,0,40,0,0,145,0,145,0,9,176,0,185,37,0,37,222
07/01/2001,DET,MI,AGL,CE,Federal Contract Tower,0,6,25,0,31,0,0,22,0,22,0,6,47,0,53,18,0,18,71
07/02/2001,DET,MI,AGL,CE,Federal Contract Tower,0,3,31,0,34,0,0,81,4,85,0,3,112,4,119,154,0,154,273
07/03/2001,DET,MI,AGL,CE,Federal Contract Tower,0,16,48,0,64,0,0,67,0,67,0,16,115,0,131,120,0,120,251
07/04/2001,DET,MI,AGL,CE,Federal Contract Tower,0,7,11,0,18,0,0,60,12,72,0,7,71,12,90,85,0,85,175
07/05/2001,DET,MI,AGL,CE,Federal Contract Tower,0,12,28,0,40,0,4,154,2,160,0,16,182,2,200,103,0,103,303
07/06/2001,DET,MI,AGL,CE,Federal Contract Tower,0,28,48,0,76,0,15,231,6,252,0,43,279,6,328,54,0,54,382
07/07/2001,DET,MI,AGL,CE,Federal Contract Tower,0,3,13,0,16,0,1,61,0,62,0,4,74,0,78,12,0,12,90
07/08/2001,DET,MI,AGL,CE,Federal Contract Tower,0,5,37,0,42,0,1,106,2,109,0,6,143,2,151,58,0,58,209
07/09/2001,DET,MI,AGL,CE,Federal Contract Tower,0,2,25,0,27,0,2,85,2,89,0,4,110,2,116,60,0,60,176
07/10/2001,DET,MI,AGL,CE,Federal Contract Tower,0,12,43,0,55,0,3,72,4,79,0,15,115,4,134,127,0,127,261
07/11/2001,DET,MI,AGL,CE,Federal Contract Tower,0,11,53,0,64,0,3,183,0,186,0,14,236,0,250,121,0,121,371
07/12/2001,DET,MI,AGL,CE,Federal Contract Tower,0,12,40,0,52,0,0,142,14,156,0,12,182,14,208,102,0,102,310
07/13/2001,DET,MI,AGL,CE,Federal Contract Tower,0,12,40,0,52,0,0,124,3,127,0,12,164,3,179,134,0,134,313
07/14/2001,DET,MI,AGL,CE,Federal Contract Tower,0,4,22,0,26,0,0,143,3,146,0,4,165,3,172,66,0,66,238
07/15/2001,DET,MI,AGL,CE,Federal Contract Tower,0,11,27,0,38,0,0,160,2,162,0,11,187,2,200,164,0,164,364
07/16/2001,DET,MI,AGL,CE,Federal Contract Tower,0,20,55,0,75,0,4,125,2,131,0,24,180,2,206,156,0,156,362
07/17/2001,DET,MI,AGL,CE,Federal Contract Tower,0,26,33,0,59,0,2,84,3,89,0,28,117,3,148,87,0,87,235
07/18/2001,DET,MI,AGL,CE,Federal Contract Tower,0,23,59,0,82,0,0,53,11,64,0,23,112,11,146,98,0,98,244
07/19/2001,DET,MI,AGL,CE,Federal Contract Tower,0,20,65,0,85,0,7,156,8,171,0,27,221,8,256,139,0,139,395
07/20/2001,DET,MI,AGL,CE,Federal Contract Tower,0,13,42,0,55,0,0,97,9,106,0,13,139,9,161,196,0,196,357
07/21/2001,DET,MI,AGL,CE,Federal Contract Tower,0,1,32,0,33,0,0,103,4,107,0,1,135,4,140,180,0,180,320
07/22/2001,DET,MI,AGL,CE,Federal Contract Tower,0,3,31,0,34,0,1,108,10,119,0,4,139,10,153,131,0,131,284
07/23/2001,DET,MI,AGL,CE,Federal Contract Tower,0,19,45,0,64,0,0,53,2,55,0,19,98,2,119,70,0,70,189
07/24/2001,DET,MI,AGL,CE,Federal Contract Tower,0,21,46,0,67,0,3,64,4,71,0,24,110,4,138,124,0,124,262
07/25/2001,DET,MI,AGL,CE,Federal Contract Tower,0,16,66,0,82,0,1,99,4,104,0,17,165,4,186,91,0,91,277
07/26/2001,DET,MI,AGL,CE,Federal Contract Tower,0,24,50,0,74,0,11,97,3,111,0,35,147,3,185,124,0,124,309
07/27/2001,DET,MI,AGL,CE,Federal Contract Tower,0,17,40,0,57,0,4,213,4,221,0,21,253,4,278,100,0,100,378
07/28/2001,DET,MI,AGL,CE,Federal Contract Tower,0,7,38,0,45,0,4,94,0,98,0,11,132,0,143,100,0,100,243
07/29/2001,DET,MI,AGL,CE,Federal Contract Tower,0,1,28,0,29,0,0,84,2,86,0,1,112,2,115,48,0,48,163
07/30/2001,DET,MI,AGL,CE,Federal Contract Tower,0,10,60,0,70,0,0,66,2,68,0,10,126,2,138,150,0,150,288
07/31/2001,DET,MI,AGL,CE,Federal Contract Tower,0,20,41,0,61,0,7,98,14,119,0,27,139,14,180,182,0,182,362
08/01/2001,DET,MI,AGL,CE,Federal Contract Tower,0,17,35,0,52,0,10,139,4,153,0,27,174,4,205,144,0,144,349
08/02/2001,DET,MI,AGL,CE,Federal Contract Tower,0,13,37,0,50,0,4,52,0,56,0,17,89,0,106,138,0,138,244
08/03/2001,DET,MI,AGL,CE,Federal Contract Tower,0,15,42,0,57,0,2,122,2,126,0,17,164,2,183,80,0,80,263
08/04/2001,DET,MI,AGL,CE,Federal Contract Tower,0,6,16,0,22,0,0,150,2,152,0,6,166,2,174,52,0,52,226
08/05/2001,DET,MI,AGL,CE,Federal Contract Tower,0,6,21,0,27,0,0,151,3,154,0,6,172,3,181,96,0,96,277
08/06/2001,DET,MI,AGL,CE,Federal Contract Tower,0,12,50,0,62,0,1,114,2,117,0,13,164,2,179,180,0,180,359
08/07/2001,DET,MI,AGL,CE,Federal Contract Tower,0,13,50,0,63,0,3,76,0,79,0,16,126,0,142,196,0,196,338
08/08/2001,DET,MI,AGL,CE,Federal Contract Tower,0,19,39,0,58,0,10,178,2,190,0,29,217,2,248,94,0,94,342
08/09/2001,DET,MI,AGL,CE,Federal Contract Tower,0,10,13,0,23,0,0,46,0,46,0,10,59,0,69,108,0,108,177
08/10/2001,DET,MI,AGL,CE,Federal Contract Tower,0,21,39,0,60,0,0,111,2,113,0,21,150,2,173,176,0,176,349
08/11/2001,DET,MI,AGL,CE,Federal Contract Tower,0,2,17,2,21,0,0,87,0,87,0,2,104,2,108,34,0,34,142
08/12/2001,DET,MI,AGL,CE,Federal Contract Tower,0,3,21,0,24,0,1,100,5,106,0,4,121,5,130,78,0,78,208
08/13/2001,DET,MI,AGL,CE,Federal Contract Tower,0,10,30,0,40,0,0,90,0,90,0,10,120,0,130,110,0,110,240
08/14/2001,DET,MI,AGL,CE,Federal Contract Tower,0,19,37,0,56,0,0,111,6,117,0,19,148,6,173,104,0,104,277
08/15/2001,DET,MI,AGL,CE,Federal Contract Tower,0,19,42,0,61,0,8,162,0,170,0,27,204,0,231,64,0,64,295
08/16/2001,DET,MI,AGL,CE,Federal Contract Tower,0,32,53,0,85,0,5,31,4,40,0,37,84,4,125,36,0,36,161
08/17/2001,DET,MI,AGL,CE,Federal Contract Tower,0,14,62,0,76,0,8,82,0,90,0,22,144,0,166,28,0,28,194
08/18/2001,DET,MI,AGL,CE,Federal Contract Tower,0,8,34,0,42,0,0,96,0,96,0,8,130,0,138,72,0,72,210
08/19/2001,DET,MI,AGL,CE,Federal Contract Tower,0,4,24,0,28,0,0,67,0,67,0,4,91,0,95,64,0,64,159
08/20/2001,DET,MI,AGL,CE,Federal Contract Tower,0,10,40,0,50,0,0,76,2,78,0,10,116,2,128,90,0,90,218
08/21/2001,DET,MI,AGL,CE,Federal Contract Tower,0,24,55,0,79,0,5,115,4,124,0,29,170,4,203,92,0,92,295
08/22/2001,DET,MI,AGL,CE,Federal Contract Tower,0,35,54,0,89,0,11,53,6,70,0,46,107,6,159,58,0,58,217
08/23/2001,DET,MI,AGL,CE,Federal Contract Tower,0,27,74,0,101,0,10,156,8,174,0,37,230,8,275,80,0,80,355
08/24/2001,DET,MI,AGL,CE,Federal Contract Tower,0,23,63,0,86,0,9,182,0,191,0,32,245,0,277,80,0,80,357
08/25/2001,DET,MI,AGL,CE,Federal Contract Tower,0,4,29,0,33,0,4,76,0,80,0,8,105,0,113,44,0,44,157
08/26/2001,DET,MI,AGL,CE,Federal Contract Tower,0,16,31,0,47,0,1,24,0,25,0,17,55,0,72,78,0,78,150
08/27/2001,DET,MI,AGL,CE,Federal Contract Tower,0,5,45,0,50,0,0,75,0,75,0,5,120,0,125,76,0,76,201
08/28/2001,DET,MI,AGL,CE,Federal Contract Tower,0,21,46,0,67,0,2,72,2,76,0,23,118,2,143,66,0,66,209
08/29/2001,DET,MI,AGL,CE,Federal Contract Tower,0,17,67,1,85,0,0,116,5,121,0,17,183,6,206,136,0,136,342
08/30/2001,DET,MI,AGL,CE,Federal Contract Tower,0,16,75,0,91,0,0,61,6,67,0,16,136,6,158,58,0,58,216
08/31/2001,DET,MI,AGL,CE,Federal Contract Tower,0,23,45,0,68,0,6,108,4,118,0,29,153,4,186,42,0,42,228
09/01/2001,DET,MI,AGL,CE,Federal Contract Tower,0,4,18,0,22,0,0,157,0,157,0,4,175,0,179,146,0,146,325
09/02/2001,DET,MI,AGL,CE,Federal Contract Tower,0,2,24,0,26,0,0,136,0,136,0,2,160,0,162,120,0,120,282
09/03/2001,DET,MI,AGL,CE,Federal Contract Tower,0,7,32,0,39,0,2,125,4,131,0,9,157,4,170,134,0,134,304
09/04/2001,DET,MI,AGL,CE,Federal Contract Tower,0,4,26,0,30,0,0,133,0,133,0,4,159,0,163,58,0,58,221
09/05/2001,DET,MI,AGL,CE,Federal Contract Tower,0,16,37,0,53,0,2,138,0,140,0,18,175,0,193,34,0,34,227
09/06/2001,DET,MI,AGL,CE,Federal Contract Tower,0,20,45,0,65,0,0,99,0,99,0,20,144,0,164,46,0,46,210
09/07/2001,DET,MI,AGL,CE,Federal Contract Tower,0,13,31,0,44,0,4,51,0,55,0,17,82,0,99,42,0,42,141
09/08/2001,DET,MI,AGL,CE,Federal Contract Tower,0,4,17,0,21,0,3,38,0,41,0,7,55,0,62,42,0,42,104
09/09/2001,DET,MI,AGL,CE,Federal Contract Tower,0,6,19,0,25,0,2,21,0,23,0,8,40,0,48,30,0,30,78
09/10/2001,DET,MI,AGL,CE,Federal Contract Tower,0,16,30,1,47,0,0,58,1,59,0,16,88,2,106,90,0,90,196
09/11/2001,DET,MI,AGL,CE,Federal Contract Tower,0,7,4,0,11,0,0,37,0,37,0,7,41,0,48,0,0,0,48
09/12/2001,DET,MI,AGL,CE,Federal Contract Tower,0,0,0,0,0,0,0,0,0,0,0,0,0,0,0,0,0,0,0
09/13/2001,DET,MI,AGL,CE,Federal Contract Tower,0,14,0,0,14,0,0,0,1,1,0,14,0,1,15,0,0,0,15
09/14/2001,DET,MI,AGL,CE,Federal Contract Tower,0,10,6,0,16,0,0,3,0,3,0,10,9,0,19,0,0,0,19
09/15/2001,DET,MI,AGL,CE,Federal Contract Tower,0,11,25,0,36,0,0,12,2,14,0,11,37,2,50,0,0,0,50
09/16/2001,DET,MI,AGL,CE,Federal Contract Tower,0,15,63,0,78,0,0,0,10,10,0,15,63,10,88,10,0,10,98
09/17/2001,DET,MI,AGL,CE,Federal Contract Tower,0,14,35,0,49,0,0,6,2,8,0,14,41,2,57,0,0,0,57
09/18/2001,DET,MI,AGL,CE,Federal Contract Tower,0,12,46,0,58,0,0,0,6,6,0,12,46,6,64,0,0,0,64
09/19/2001,DET,MI,AGL,CE,Federal Contract Tower,0,17,41,0,58,0,4,0,6,10,0,21,41,6,68,0,0,0,68
09/20/2001,DET,MI,AGL,CE,Federal Contract Tower,0,18,66,0,84,0,1,15,0,16,0,19,81,0,100,6,0,6,106
09/21/2001,DET,MI,AGL,CE,Federal Contract Tower,0,39,35,0,74,0,16,27,0,43,0,55,62,0,117,0,0,0,117
09/22/2001,DET,MI,AGL,CE,Federal Contract Tower,0,11,29,0,40,0,2,117,2,121,0,13,146,2,161,139,0,139,300
09/23/2001,DET,MI,AGL,CE,Federal Contract Tower,0,6,31,0,37,0,0,19,2,21,0,6,50,2,58,60,0,60,118
09/24/2001,DET,MI,AGL,CE,Federal Contract Tower,0,12,44,0,56,0,0,0,4,4,0,12,44,4,60,4,0,4,64
09/25/2001,DET,MI,AGL,CE,Federal Contract Tower,0,22,47,0,69,0,0,12,2,14,0,22,59,2,83,10,0,10,93
09/26/2001,DET,MI,AGL,CE,Federal Contract Tower,0,22,44,0,66,0,0,34,4,38,0,22,78,4,104,44,4,48,152
09/27/2001,DET,MI,AGL,CE,Federal Contract Tower,0,17,43,0,60,0,0,45,4,49,0,17,88,4,109,26,0,26,135
09/28/2001,DET,MI,AGL,CE,Federal Contract Tower,0,22,34,0,56,0,0,47,7,54,0,22,81,7,110,38,0,38,148
09/29/2001,DET,MI,AGL,CE,Federal Contract Tower,0,5,39,0,44,0,0,78,1,79,0,5,117,1,123,60,0,60,183
09/30/2001,DET,MI,AGL,CE,Federal Contract Tower,0,13,45,0,58,0,0,125,0,125,0,13,170,0,183,90,0,90,273
10/01/2001,DET,MI,AGL,CE,Federal Contract Tower,0,19,33,1,53,0,0,66,0,66,0,19,99,1,119,42,1,43,162
10/02/2001,DET,MI,AGL,CE,Federal Contract Tower,0,23,56,0,79,0,5,48,0,53,0,28,104,0,132,48,0,48,180
10/03/2001,DET,MI,AGL,CE,Federal Contract Tower,0,16,44,0,60,0,4,54,0,58,0,20,98,0,118,19,6,25,143
10/04/2001,DET,MI,AGL,CE,Federal Contract Tower,0,30,55,4,89,0,5,80,6,91,0,35,135,10,180,86,0,86,266
10/05/2001,DET,MI,AGL,CE,Federal Contract Tower,0,17,20,0,37,0,0,17,0,17,0,17,37,0,54,0,0,0,54
10/06/2001,DET,MI,AGL,CE,Federal Contract Tower,0,0,8,1,9,0,8,28,0,36,0,8,36,1,45,47,0,47,92
10/07/2001,DET,MI,AGL,CE,Federal Contract Tower,0,8,31,0,39,0,0,55,0,55,0,8,86,0,94,80,0,80,174
10/08/2001,DET,MI,AGL,CE,Federal Contract Tower,0,14,43,6,63,0,12,97,0,109,0,26,140,6,172,46,0,46,218
10/09/2001,DET,MI,AGL,CE,Federal Contract Tower,0,27,57,2,86,0,1,128,2,131,0,28,185,4,217,48,0,48,265
10/10/2001,DET,MI,AGL,CE,Federal Contract Tower,0,30,32,2,64,0,2,39,2,43,0,32,71,4,107,14,0,14,121
10/11/2001,DET,MI,AGL,CE,Federal Contract Tower,0,22,39,0,61,0,1,17,4,22,0,23,56,4,83,52,0,52,135
10/12/2001,DET,MI,AGL,CE,Federal Contract Tower,0,23,38,0,61,0,2,15,0,17,0,25,53,0,78,18,0,18,96
10/13/2001,DET,MI,AGL,CE,Federal Contract Tower,0,5,22,0,27,0,0,3,0,3,0,5,25,0,30,38,0,38,68
10/14/2001,DET,MI,AGL,CE,Federal Contract Tower,0,9,40,0,49,0,0,22,4,26,0,9,62,4,75,84,0,84,159
10/15/2001,DET,MI,AGL,CE,Federal Contract Tower,0,11,56,8,75,0,0,27,0,27,0,11,83,8,102,25,0,25,127
10/16/2001,DET,MI,AGL,CE,Federal Contract Tower,0,12,38,2,52,0,1,4,2,7,0,13,42,4,59,0,0,0,59
10/17/2001,DET,MI,AGL,CE,Federal Contract Tower,0,22,52,0,74,0,0,58,0,58,0,22,110,0,132,32,0,32,164
10/18/2001,DET,MI,AGL,CE,Federal Contract Tower,0,29,57,0,86,0,0,34,1,35,0,29,91,1,121,22,0,22,143
10/19/2001,DET,MI,AGL,CE,Federal Contract Tower,0,16,34,0,50,0,0,56,0,56,0,16,90,0,106,38,0,38,144
10/20/2001,DET,MI,AGL,CE,Federal Contract Tower,0,6,30,0,36,0,0,56,2,58,0,6,86,2,94,70,0,70,164
10/21/2001,DET,MI,AGL,CE,Federal Contract Tower,0,1,37,0,38,0,0,31,2,33,0,1,68,2,71,80,0,80,151
10/22/2001,DET,MI,AGL,CE,Federal Contract Tower,0,17,44,6,67,0,0,91,0,91,0,17,135,6,158,58,0,58,216
10/23/2001,DET,MI,AGL,CE,Federal Contract Tower,0,13,38,1,52,0,3,45,3,51,0,16,83,4,103,0,0,0,103
10/24/2001,DET,MI,AGL,CE,Federal Contract Tower,0,22,43,0,65,0,0,35,0,35,0,22,78,0,100,6,0,6,106
10/25/2001,DET,MI,AGL,CE,Federal Contract Tower,0,16,26,0,42,0,0,13,0,13,0,16,39,0,55,2,0,2,57
10/26/2001,DET,MI,AGL,CE,Federal Contract Tower,0,19,38,0,57,0,0,10,0,10,0,19,48,0,67,32,0,32,99
10/27/2001,DET,MI,AGL,CE,Federal Contract Tower,0,5,19,0,24,0,0,33,0,33,0,5,52,0,57,30,0,30,87
10/28/2001,DET,MI,AGL,CE,Federal Contract Tower,0,5,37,5,47,0,0,136,0,136,0,5,173,5,183,166,0,166,349
10/29/2001,DET,MI,AGL,CE,Federal Contract Tower,0,15,35,2,52,0,0,76,0,76,0,15,111,2,128,14,0,14,142
10/30/2001,DET,MI,AGL,CE,Federal Contract Tower,0,26,51,0,77,0,0,52,2,54,0,26,103,2,131,4,0,4,135
10/31/2001,DET,MI,AGL,CE,Federal Contract Tower,0,25,25,0,50,0,0,53,0,53,0,25,78,0,103,30,0,30,133
11/01/2001,DET,MI,AGL,CE,Federal Contract Tower,0,26,35,0,61,0,0,54,4,58,0,26,89,4,119,0,0,0,119
11/02/2001,DET,MI,AGL,CE,Federal Contract Tower,0,24,42,0,66,0,0,31,0,31,0,24,73,0,97,30,0,30,127
11/03/2001,DET,MI,AGL,CE,Federal Contract Tower,0,12,20,0,32,0,4,110,0,114,0,16,130,0,146,70,0,70,216
11/04/2001,DET,MI,AGL,CE,Federal Contract Tower,0,11,29,3,43,0,0,87,0,87,0,11,116,3,130,52,0,52,182
11/05/2001,DET,MI,AGL,CE,Federal Contract Tower,0,13,24,0,37,0,0,105,2,107,0,13,129,2,144,54,0,54,198
11/06/2001,DET,MI,AGL,CE,Federal Contract Tower,0,26,39,0,65,0,0,113,6,119,0,26,152,6,184,16,0,16,200
11/07/2001,DET,MI,AGL,CE,Federal Contract Tower,0,27,46,0,73,0,0,79,0,79,0,27,125,0,152,28,0,28,180
11/08/2001,DET,MI,AGL,CE,Federal Contract Tower,0,37,28,0,65,0,0,37,6,43,0,37,65,6,108,10,0,10,118
11/09/2001,DET,MI,AGL,CE,Federal Contract Tower,0,27,48,0,75,0,0,100,0,100,0,27,148,0,175,27,0,27,202
11/10/2001,DET,MI,AGL,CE,Federal Contract Tower,0,10,25,0,35,0,0,49,8,57,0,10,74,8,92,64,0,64,156
11/11/2001,DET,MI,AGL,CE,Federal Contract Tower,0,6,30,0,36,0,0,100,0,100,0,6,130,0,136,47,0,47,183
11/12/2001,DET,MI,AGL,CE,Federal Contract Tower,0,14,38,0,52,0,5,54,2,61,0,19,92,2,113,76,0,76,189
11/13/2001,DET,MI,AGL,CE,Federal Contract Tower,0,30,37,0,67,0,0,74,7,81,0,30,111,7,148,65,0,65,213
11/14/2001,DET,MI,AGL,CE,Federal Contract Tower,0,31,64,0,95,0,3,15,2,20,0,34,79,2,115,56,0,56,171
11/15/2001,DET,MI,AGL,CE,Federal Contract Tower,0,54,45,0,99,0,2,62,0,64,0,56,107,0,163,22,0,22,185
11/16/2001,DET,MI,AGL,CE,Federal Contract Tower,0,18,49,0,67,0,3,70,0,73,0,21,119,0,140,46,0,46,186
11/17/2001,DET,MI,AGL,CE,Federal Contract Tower,0,7,25,0,32,0,0,73,4,77,0,7,98,4,109,50,0,50,159
11/18/2001,DET,MI,AGL,CE,Federal Contract Tower,0,4,28,0,32,0,0,28,0,28,0,4,56,0,60,0,0,0,60
11/19/2001,DET,MI,AGL,CE,Federal Contract Tower,0,8,36,0,44,0,0,55,4,59,0,8,91,4,103,2,0,2,105
11/20/2001,DET,MI,AGL,CE,Federal Contract Tower,0,20,38,0,58,0,0,40,4,44,0,20,78,4,102,64,0,64,166
11/21/2001,DET,MI,AGL,CE,Federal Contract Tower,0,15,42,0,57,0,5,62,2,69,0,20,104,2,126,40,0,40,166
11/22/2001,DET,MI,AGL,CE,Federal Contract Tower,0,5,12,0,17,0,0,53,0,53,0,5,65,0,70,6,0,6,76
11/23/2001,DET,MI,AGL,CE,Federal Contract Tower,0,4,11,0,15,0,5,93,2,100,0,9,104,2,115,26,0,26,141
11/24/2001,DET,MI,AGL,CE,Federal Contract Tower,0,9,10,0,19,0,0,30,2,32,0,9,40,2,51,40,0,40,91
11/25/2001,DET,MI,AGL,CE,Federal Contract Tower,0,8,38,0,46,0,0,25,0,25,0,8,63,0,71,0,0,0,71
11/26/2001,DET,MI,AGL,CE,Federal Contract Tower,0,16,38,0,54,0,3,74,4,81,0,19,112,4,135,87,0,87,222
11/27/2001,DET,MI,AGL,CE,Federal Contract Tower,0,24,39,0,63,0,0,41,4,45,0,24,80,4,108,0,0,0,108
11/28/2001,DET,MI,AGL,CE,Federal Contract Tower,0,22,32,0,54,0,0,6,0,6,0,22,38,0,60,4,0,4,64
11/29/2001,DET,MI,AGL,CE,Federal Contract Tower,0,31,39,0,70,0,0,10,0,10,0,31,49,0,80,0,0,0,80
11/30/2001,DET,MI,AGL,CE,Federal Contract Tower,0,14,33,0,47,0,2,9,0,11,0,16,42,0,58,26,0,26,84
12/01/2001,DET,MI,AGL,CE,Federal Contract Tower,0,3,19,0,22,0,0,23,0,23,0,3,42,0,45,46,0,46,91
12/02/2001,DET,MI,AGL,CE,Federal Contract Tower,0,6,29,1,36,0,0,81,1,82,0,6,110,2,118,50,0,50,168
12/03/2001,DET,MI,AGL,CE,Federal Contract Tower,0,14,42,0,56,0,0,60,1,61,0,14,102,1,117,40,0,40,157
12/04/2001,DET,MI,AGL,CE,Federal Contract Tower,0,16,29,0,45,0,0,45,0,45,0,16,74,0,90,27,0,27,117
12/05/2001,DET,MI,AGL,CE,Federal Contract Tower,0,18,48,0,66,0,0,54,4,58,0,18,102,4,124,70,0,70,194
12/06/2001,DET,MI,AGL,CE,Federal Contract Tower,0,24,52,0,76,0,0,101,6,107,0,24,153,6,183,16,0,16,199
12/07/2001,DET,MI,AGL,CE,Federal Contract Tower,0,20,45,0,65,0,2,34,0,36,0,22,79,0,101,40,0,40,141
12/08/2001,DET,MI,AGL,CE,Federal Contract Tower,0,6,50,0,56,0,2,36,2,40,0,8,86,2,96,60,0,60,156
12/09/2001,DET,MI,AGL,CE,Federal Contract Tower,0,8,33,0,41,0,2,96,0,98,0,10,129,0,139,61,0,61,200
12/10/2001,DET,MI,AGL,CE,Federal Contract Tower,0,25,45,0,70,0,12,104,0,116,0,37,149,0,186,50,0,50,236
12/11/2001,DET,MI,AGL,CE,Federal Contract Tower,0,28,52,0,80,0,0,127,2,129,0,28,179,2,209,62,0,62,271
12/12/2001,DET,MI,AGL,CE,Federal Contract Tower,0,45,49,0,94,0,2,36,2,40,0,47,85,2,134,5,0,5,139
12/13/2001,DET,MI,AGL,CE,Federal Contract Tower,0,26,49,0,75,0,0,34,0,34,0,26,83,0,109,6,0,6,115
12/14/2001,DET,MI,AGL,CE,Federal Contract Tower,0,35,35,0,70,0,3,22,0,25,0,38,57,0,95,2,0,2,97
12/15/2001,DET,MI,AGL,CE,Federal Contract Tower,0,13,35,0,48,0,0,13,0,13,0,13,48,0,61,95,0,95,156
12/16/2001,DET,MI,AGL,CE,Federal Contract Tower,0,8,11,0,19,0,0,35,0,35,0,8,46,0,54,46,0,46,100
12/17/2001,DET,MI,AGL,CE,Federal Contract Tower,0,9,37,5,51,0,5,15,3,23,0,14,52,8,74,0,0,0,74
12/18/2001,DET,MI,AGL,CE,Federal Contract Tower,0,23,27,0,50,0,1,50,3,54,0,24,77,3,104,41,0,41,145
12/19/2001,DET,MI,AGL,CE,Federal Contract Tower,0,35,44,0,79,0,2,53,4,59,0,37,97,4,138,28,0,28,166
12/20/2001,DET,MI,AGL,CE,Federal Contract Tower,0,24,40,0,64,0,3,43,0,46,0,27,83,0,110,24,0,24,134
12/21/2001,DET,MI,AGL,CE,Federal Contract Tower,0,23,48,0,71,0,2,83,0,85,0,25,131,0,156,82,0,82,238
12/22/2001,DET,MI,AGL,CE,Federal Contract Tower,0,10,20,0,30,0,0,80,4,84,0,10,100,4,114,130,0,130,244
12/23/2001,DET,MI,AGL,CE,Federal Contract Tower,0,4,12,0,16,0,0,13,0,13,0,4,25,0,29,10,0,10,39
12/24/2001,DET,MI,AGL,CE,Federal Contract Tower,0,5,12,0,17,0,1,17,0,18,0,6,29,0,35,24,0,24,59
12/25/2001,DET,MI,AGL,CE,Federal Contract Tower,0,5,1,0,6,0,0,2,0,2,0,5,3,0,8,0,0,0,8
12/26/2001,DET,MI,AGL,CE,Federal Contract Tower,0,4,31,0,35,0,0,46,0,46,0,4,77,0,81,40,0,40,121
12/27/2001,DET,MI,AGL,CE,Federal Contract Tower,0,8,22,0,30,0,3,18,0,21,0,11,40,0,51,0,0,0,51
12/28/2001,DET,MI,AGL,CE,Federal Contract Tower,0,11,20,0,31,0,0,30,2,32,0,11,50,2,63,20,0,20,83
12/29/2001,DET,MI,AGL,CE,Federal Contract Tower,0,2,15,0,17,0,0,35,0,35,0,2,50,0,52,2,0,2,54
12/30/2001,DET,MI,AGL,CE,Federal Contract Tower,0,0,8,0,8,0,0,17,2,19,0,0,25,2,27,22,0,22,49
12/31/2001,DET,MI,AGL,CE,Federal Contract Tower,0,2,16,0,18,0,0,35,0,35,0,2,51,0,53,22,0,22,75
01/01/2002,DET,MI,AGL,CE,Federal Contract Tower,0,1,17,0,18,0,1,42,0,43,0,2,59,0,61,30,0,30,91
01/02/2002,DET,MI,AGL,CE,Federal Contract Tower,0,1,15,0,16,0,2,117,2,121,0,3,132,2,137,32,0,32,169
01/03/2002,DET,MI,AGL,CE,Federal Contract Tower,0,25,22,0,47,0,1,80,1,82,0,26,102,1,129,62,0,62,191
01/04/2002,DET,MI,AGL,CE,Federal Contract Tower,0,19,26,0,45,0,1,104,0,105,0,20,130,0,150,44,0,44,194
01/05/2002,DET,MI,AGL,CE,Federal Contract Tower,0,1,38,0,39,0,1,78,4,83,0,2,116,4,122,88,0,88,210
01/06/2002,DET,MI,AGL,CE,Federal Contract Tower,0,1,29,1,31,0,2,7,1,10,0,3,36,2,41,0,0,0,41
01/07/2002,DET,MI,AGL,CE,Federal Contract Tower,0,13,20,0,33,0,0,45,7,52,0,13,65,7,85,27,0,27,112
01/08/2002,DET,MI,AGL,CE,Federal Contract Tower,0,22,31,0,53,0,3,51,0,54,0,25,82,0,107,50,0,50,157
01/09/2002,DET,MI,AGL,CE,Federal Contract Tower,0,19,51,0,70,0,4,30,0,34,0,23,81,0,104,12,0,12,116
01/10/2002,DET,MI,AGL,CE,Federal Contract Tower,0,25,84,0,109,0,0,114,5,119,0,25,198,5,228,92,0,92,320
01/11/2002,DET,MI,AGL,CE,Federal Contract Tower,0,23,65,2,90,0,0,81,2,83,0,23,146,4,173,114,0,114,287
01/12/2002,DET,MI,AGL,CE,Federal Contract Tower,0,9,40,0,49,0,0,47,1,48,0,9,87,1,97,59,0,59,156
01/13/2002,DET,MI,AGL,CE,Federal Contract Tower,0,6,38,2,46,0,0,92,2,94,0,6,130,4,140,48,0,48,188
01/14/2002,DET,MI,AGL,CE,Federal Contract Tower,0,7,35,0,42,0,0,50,0,50,0,7,85,0,92,66,0,66,158
01/15/2002,DET,MI,AGL,CE,Federal Contract Tower,0,14,76,3,93,0,0,32,0,32,0,14,108,3,125,5,0,5,130
01/16/2002,DET,MI,AGL,CE,Federal Contract Tower,0,31,69,0,100,0,0,56,0,56,0,31,125,0,156,36,0,36,192
01/17/2002,DET,MI,AGL,CE,Federal Contract Tower,0,22,41,0,63,0,4,41,5,50,0,26,82,5,113,112,0,112,225
01/18/2002,DET,MI,AGL,CE,Federal Contract Tower,0,20,50,0,70,0,0,60,0,60,0,20,110,0,130,154,0,154,284
01/19/2002,DET,MI,AGL,CE,Federal Contract Tower,0,2,29,0,31,0,0,52,2,54,0,2,81,2,85,68,0,68,153
01/20/2002,DET,MI,AGL,CE,Federal Contract Tower,0,0,24,0,24,0,0,56,0,56,0,0,80,0,80,50,0,50,130
01/21/2002,DET,MI,AGL,CE,Federal Contract Tower,0,10,22,0,32,0,0,49,1,50,0,10,71,1,82,72,0,72,154
01/22/2002,DET,MI,AGL,CE,Federal Contract Tower,0,14,43,0,57,0,0,76,6,82,0,14,119,6,139,24,0,24,163
01/23/2002,DET,MI,AGL,CE,Federal Contract Tower,0,14,31,0,45,0,0,31,0,31,0,14,62,0,76,0,0,0,76
01/24/2002,DET,MI,AGL,CE,Federal Contract Tower,1,18,39,0,58,0,0,49,2,51,1,18,88,2,109,0,0,0,109
01/25/2002,DET,MI,AGL,CE,Federal Contract Tower,0,20,40,0,60,0,0,116,0,116,0,20,156,0,176,184,0,184,360
01/26/2002,DET,MI,AGL,CE,Federal Contract Tower,1,2,23,0,26,0,0,92,0,92,1,2,115,0,118,100,0,100,218
01/27/2002,DET,MI,AGL,CE,Federal Contract Tower,0,3,24,0,27,0,1,85,0,86,0,4,109,0,113,88,0,88,201
01/28/2002,DET,MI,AGL,CE,Federal Contract Tower,0,14,42,2,58,0,0,122,0,122,0,14,164,2,180,42,2,44,224
01/29/2002,DET,MI,AGL,CE,Federal Contract Tower,0,15,28,0,43,0,0,12,6,18,0,15,40,6,61,0,0,0,61
01/30/2002,DET,MI,AGL,CE,Federal Contract Tower,0,16,19,0,35,0,0,5,0,5,0,16,24,0,40,0,0,0,40
01/31/2002,DET,MI,AGL,CE,Federal Contract Tower,0,9,9,0,18,0,0,0,0,0,0,9,9,0,18,0,0,0,18
02/01/2002,DET,MI,AGL,CE,Federal Contract Tower,0,10,20,0,30,0,0,10,0,10,0,10,30,0,40,20,0,20,60
02/02/2002,DET,MI,AGL,CE,Federal Contract Tower,0,3,18,0,21,0,0,44,0,44,0,3,62,0,65,43,0,43,108
02/03/2002,DET,MI,AGL,CE,Federal Contract Tower,0,2,12,0,14,0,0,56,2,58,0,2,68,2,72,86,0,86,158
02/04/2002,DET,MI,AGL,CE,Federal Contract Tower,0,14,28,0,42,0,0,58,9,67,0,14,86,9,109,26,0,26,135
02/05/2002,DET,MI,AGL,CE,Federal Contract Tower,0,21,35,0,56,0,10,63,8,81,0,31,98,8,137,22,0,22,159
02/06/2002,DET,MI,AGL,CE,Federal Contract Tower,0,16,26,0,42,0,0,95,0,95,0,16,121,0,137,54,0,54,191
02/07/2002,DET,MI,AGL,CE,Federal Contract Tower,0,18,34,0,52,0,0,100,0,100,0,18,134,0,152,30,0,30,182
02/08/2002,DET,MI,AGL,CE,Federal Contract Tower,0,28,40,0,68,0,3,110,2,115,0,31,150,2,183,52,0,52,235
02/09/2002,DET,MI,AGL,CE,Federal Contract Tower,0,0,28,0,28,0,0,55,2,57,0,0,83,2,85,97,0,97,182
02/10/2002,DET,MI,AGL,CE,Federal Contract Tower,0,1,22,1,24,0,0,12,3,15,0,1,34,4,39,12,0,12,51
02/11/2002,DET,MI,AGL,CE,Federal Contract Tower,0,9,40,0,49,0,0,104,0,104,0,9,144,0,153,55,0,55,208
02/12/2002,DET,MI,AGL,CE,Federal Contract Tower,0,17,39,0,56,0,1,74,10,85,0,18,113,10,141,0,0,0,141
02/13/2002,DET,MI,AGL,CE,Federal Contract Tower,0,15,23,0,38,0,0,66,0,66,0,15,89,0,104,18,0,18,122
02/14/2002,DET,MI,AGL,CE,Federal Contract Tower,0,29,36,0,65,0,2,37,2,41,0,31,73,2,106,42,0,42,148
02/15/2002,DET,MI,AGL,CE,Federal Contract Tower,0,11,30,0,41,0,0,30,0,30,0,11,60,0,71,46,0,46,117
02/16/2002,DET,MI,AGL,CE,Federal Contract Tower,0,4,6,0,10,0,0,7,0,7,0,4,13,0,17,0,0,0,17
02/17/2002,DET,MI,AGL,CE,Federal Contract Tower,0,4,24,0,28,0,0,140,7,147,0,4,164,7,175,38,0,38,213
02/18/2002,DET,MI,AGL,CE,Federal Contract Tower,0,14,36,0,50,0,0,115,0,115,0,14,151,0,165,88,0,88,253
02/19/2002,DET,MI,AGL,CE,Federal Contract Tower,0,19,31,0,50,0,0,41,0,41,0,19,72,0,91,56,0,56,147
02/20/2002,DET,MI,AGL,CE,Federal Contract Tower,0,11,39,0,50,0,0,17,0,17,0,11,56,0,67,9,0,9,76
02/21/2002,DET,MI,AGL,CE,Federal Contract Tower,0,22,30,0,52,0,0,20,0,20,0,22,50,0,72,40,0,40,112
02/22/2002,DET,MI,AGL,CE,Federal Contract Tower,0,22,39,0,61,0,3,97,0,100,0,25,136,0,161,62,0,62,223
02/23/2002,DET,MI,AGL,CE,Federal Contract Tower,0,7,37,0,44,0,11,128,6,145,0,18,165,6,189,108,0,108,297
02/24/2002,DET,MI,AGL,CE,Federal Contract Tower,0,11,12,0,23,0,0,86,4,90,0,11,98,4,113,103,0,103,216
02/25/2002,DET,MI,AGL,CE,Federal Contract Tower,0,7,28,0,35,0,0,68,7,75,0,7,96,7,110,88,0,88,198
02/26/2002,DET,MI,AGL,CE,Federal Contract Tower,0,12,19,0,31,0,3,6,0,9,0,15,25,0,40,0,0,0,40
02/27/2002,DET,MI,AGL,CE,Federal Contract Tower,0,13,24,0,37,0,2,14,6,22,0,15,38,6,59,26,0,26,85
02/28/2002,DET,MI,AGL,CE,Federal Contract Tower,0,25,65,0,90,0,0,67,2,69,0,25,132,2,159,60,0,60,219
03/01/2002,DET,MI,AGL,CE,Federal Contract Tower,0,10,31,0,41,0,1,105,0,106,0,11,136,0,147,94,0,94,241
03/02/2002,DET,MI,AGL,CE,Federal Contract Tower,0,0,7,0,7,0,0,23,4,27,0,0,30,4,34,33,0,33,67
03/03/2002,DET,MI,AGL,CE,Federal Contract Tower,0,4,11,0,15,0,0,9,2,11,0,4,20,2,26,5,0,5,31
03/04/2002,DET,MI,AGL,CE,Federal Contract Tower,0,16,61,0,77,0,1,46,0,47,0,17,107,0,124,18,0,18,142
03/05/2002,DET,MI,AGL,CE,Federal Contract Tower,0,25,52,0,77,0,1,61,0,62,0,26,113,0,139,24,0,24,163
03/06/2002,DET,MI,AGL,CE,Federal Contract Tower,0,11,51,0,62,0,0,61,7,68,0,11,112,7,130,52,0,52,182
03/07/2002,DET,MI,AGL,CE,Federal Contract Tower,0,28,90,0,118,0,0,26,6,32,0,28,116,6,150,130,0,130,280
03/08/2002,DET,MI,AGL,CE,Federal Contract Tower,0,18,25,0,43,0,0,76,0,76,0,18,101,0,119,0,0,0,119
03/09/2002,DET,MI,AGL,CE,Federal Contract Tower,0,5,6,0,11,0,1,24,0,25,0,6,30,0,36,0,0,0,36
03/10/2002,DET,MI,AGL,CE,Federal Contract Tower,0,2,9,0,11,0,0,6,0,6,0,2,15,0,17,2,0,2,19
03/11/2002,DET,MI,AGL,CE,Federal Contract Tower,0,20,23,0,43,0,2,73,4,79,0,22,96,4,122,36,0,36,158
03/12/2002,DET,MI,AGL,CE,Federal Contract Tower,0,25,49,0,74,0,0,119,7,126,0,25,168,7,200,62,0,62,262
03/13/2002,DET,MI,AGL,CE,Federal Contract Tower,0,17,53,0,70,0,0,84,1,85,0,17,137,1,155,56,0,56,211
03/14/2002,DET,MI,AGL,CE,Federal Contract Tower,0,30,40,0,70,0,0,70,6,76,0,30,110,6,146,90,0,90,236
03/15/2002,DET,MI,AGL,CE,Federal Contract Tower,0,20,30,0,50,0,3,74,4,81,0,23,104,4,131,71,0,71,202
03/16/2002,DET,MI,AGL,CE,Federal Contract Tower,0,9,27,0,36,0,2,89,6,97,0,11,116,6,133,64,0,64,197
03/17/2002,DET,MI,AGL,CE,Federal Contract Tower,0,5,15,0,20,0,0,54,4,58,0,5,69,4,78,38,0,38,116
03/18/2002,DET,MI,AGL,CE,Federal Contract Tower,0,17,25,0,42,0,8,55,7,70,0,25,80,7,112,32,0,32,144
03/19/2002,DET,MI,AGL,CE,Federal Contract Tower,0,22,40,0,62,0,0,49,0,49,0,22,89,0,111,22,0,22,133
03/20/2002,DET,MI,AGL,CE,Federal Contract Tower,0,16,40,0,56,0,2,54,0,56,0,18,94,0,112,33,0,33,145
03/21/2002,DET,MI,AGL,CE,Federal Contract Tower,0,22,38,0,60,0,0,52,0,52,0,22,90,0,112,66,0,66,178
03/22/2002,DET,MI,AGL,CE,Federal Contract Tower,0,16,35,0,51,0,5,50,0,55,0,21,85,0,106,44,0,44,150
03/23/2002,DET,MI,AGL,CE,Federal Contract Tower,0,1,15,0,16,0,1,55,2,58,0,2,70,2,74,10,0,10,84
03/24/2002,DET,MI,AGL,CE,Federal Contract Tower,0,1,30,0,31,0,0,93,8,101,0,1,123,8,132,184,0,184,316
03/25/2002,DET,MI,AGL,CE,Federal Contract Tower,0,6,37,0,43,0,0,6,0,6,0,6,43,0,49,21,0,21,70
03/26/2002,DET,MI,AGL,CE,Federal Contract Tower,0,7,34,0,41,0,0,12,0,12,0,7,46,0,53,10,0,10,63
03/27/2002,DET,MI,AGL,CE,Federal Contract Tower,0,20,38,0,58,0,2,76,0,78,0,22,114,0,136,64,0,64,200
03/28/2002,DET,MI,AGL,CE,Federal Contract Tower,0,17,40,0,57,0,0,88,6,94,0,17,128,6,151,106,0,106,257
03/29/2002,DET,MI,AGL,CE,Federal Contract Tower,0,4,35,0,39,0,0,57,4,61,0,4,92,4,100,10,0,10,110
03/30/2002,DET,MI,AGL,CE,Federal Contract Tower,0,0,31,0,31,0,1,63,6,70,0,1,94,6,101,66,0,66,167
03/31/2002,DET,MI,AGL,CE,Federal Contract Tower,0,2,18,0,20,0,0,52,4,56,0,2,70,4,76,47,0,47,123
04/01/2002,DET,MI,AGL,CE,Federal Contract Tower,0,10,26,0,36,0,0,53,0,53,0,10,79,0,89,72,0,72,161
04/02/2002,DET,MI,AGL,CE,Federal Contract Tower,0,15,32,2,49,0,0,6,0,6,0,15,38,2,55,2,0,2,57
04/03/2002,DET,MI,AGL,CE,Federal Contract Tower,0,16,29,0,45,0,1,55,2,58,0,17,84,2,103,51,0,51,154
04/04/2002,DET,MI,AGL,CE,Federal Contract Tower,0,27,36,0,63,0,0,66,4,70,0,27,102,4,133,146,0,146,279
04/05/2002,DET,MI,AGL,CE,Federal Contract Tower,0,8,48,0,56,0,0,412,12,424,0,8,460,12,480,321,0,321,801
04/06/2002,DET,MI,AGL,CE,Federal Contract Tower,0,2,29,0,31,0,0,148,6,154,0,2,177,6,185,123,0,123,308
04/07/2002,DET,MI,AGL,CE,Federal Contract Tower,0,5,24,0,29,0,0,121,6,127,0,5,145,6,156,59,0,59,215
04/08/2002,DET,MI,AGL,CE,Federal Contract Tower,0,19,36,0,55,0,0,63,6,69,0,19,99,6,124,38,0,38,162
04/09/2002,DET,MI,AGL,CE,Federal Contract Tower,0,20,56,0,76,0,9,83,0,92,0,29,139,0,168,112,0,112,280
04/10/2002,DET,MI,AGL,CE,Federal Contract Tower,0,28,46,0,74,0,6,99,0,105,0,34,145,0,179,86,0,86,265
04/11/2002,DET,MI,AGL,CE,Federal Contract Tower,0,25,60,0,85,0,0,166,8,174,0,25,226,8,259,210,0,210,469
04/12/2002,DET,MI,AGL,CE,Federal Contract Tower,0,10,41,0,51,0,0,44,8,52,0,10,85,8,103,10,0,10,113
04/13/2002,DET,MI,AGL,CE,Federal Contract Tower,0,1,19,1,21,0,0,86,6,92,0,1,105,7,113,98,0,98,211
04/14/2002,DET,MI,AGL,CE,Federal Contract Tower,0,4,32,0,36,0,0,7,0,7,0,4,39,0,43,34,0,34,77
04/15/2002,DET,MI,AGL,CE,Federal Contract Tower,0,11,37,2,50,0,3,33,0,36,0,14,70,2,86,36,0,36,122
04/16/2002,DET,MI,AGL,CE,Federal Contract Tower,0,16,54,0,70,0,0,93,5,98,0,16,147,5,168,72,0,72,240
04/17/2002,DET,MI,AGL,CE,Federal Contract Tower,0,17,40,0,57,0,0,58,4,62,0,17,98,4,119,140,0,140,259
04/18/2002,DET,MI,AGL,CE,Federal Contract Tower,0,21,32,0,53,0,2,53,4,59,0,23,85,4,112,93,0,93,205
04/19/2002,DET,MI,AGL,CE,Federal Contract Tower,0,19,43,0,62,0,3,149,8,160,0,22,192,8,222,37,0,37,259
04/20/2002,DET,MI,AGL,CE,Federal Contract Tower,0,3,25,0,28,0,0,142,10,152,0,3,167,10,180,86,0,86,266
04/21/2002,DET,MI,AGL,CE,Federal Contract Tower,0,0,24,0,24,0,0,40,4,44,0,0,64,4,68,60,0,60,128
04/22/2002,DET,MI,AGL,CE,Federal Contract Tower,0,16,52,0,68,0,1,11,7,19,0,17,63,7,87,2,0,2,89
04/23/2002,DET,MI,AGL,CE,Federal Contract Tower,0,16,32,0,48,0,1,92,3,96,0,17,124,3,144,102,0,102,246
04/24/2002,DET,MI,AGL,CE,Federal Contract Tower,0,30,35,0,65,0,0,81,4,85,0,30,116,4,150,90,0,90,240
04/25/2002,DET,MI,AGL,CE,Federal Contract Tower,0,22,72,0,94,0,7,42,0,49,0,29,114,0,143,33,0,33,176
04/26/2002,DET,MI,AGL,CE,Federal Contract Tower,0,17,36,0,53,0,6,196,0,202,0,23,232,0,255,142,0,142,397
04/27/2002,DET,MI,AGL,CE,Federal Contract Tower,0,2,18,0,20,0,0,130,5,135,0,2,148,5,155,55,0,55,210
04/28/2002,DET,MI,AGL,CE,Federal Contract Tower,0,18,20,0,38,0,0,0,0,0,0,18,20,0,38,2,0,2,40
04/29/2002,DET,MI,AGL,CE,Federal Contract Tower,0,23,25,2,50,0,0,41,0,41,0,23,66,2,91,26,0,26,117
04/30/2002,DET,MI,AGL,CE,Federal Contract Tower,0,12,34,0,46,0,0,137,0,137,0,12,171,0,183,42,0,42,225
05/01/2002,DET,MI,AGL,CE,Federal Contract Tower,0,17,40,4,61,0,0,90,0,90,0,17,130,4,151,126,0,126,277
05/02/2002,DET,MI,AGL,CE,Federal Contract Tower,0,19,42,0,61,0,3,75,6,84,0,22,117,6,145,48,0,48,193
05/03/2002,DET,MI,AGL,CE,Federal Contract Tower,0,20,43,2,65,0,4,199,10,213,0,24,242,12,278,121,0,121,399
05/04/2002,DET,MI,AGL,CE,Federal Contract Tower,0,15,30,0,45,0,5,177,0,182,0,20,207,0,227,60,0,60,287
05/05/2002,DET,MI,AGL,CE,Federal Contract Tower,0,6,23,1,30,0,1,154,2,157,0,7,177,3,187,28,0,28,215
05/06/2002,DET,MI,AGL,CE,Federal Contract Tower,0,15,31,0,46,0,0,61,0,61,0,15,92,0,107,12,0,12,119
05/07/2002,DET,MI,AGL,CE,Federal Contract Tower,0,49,33,2,84,0,1,40,0,41,0,50,73,2,125,40,0,40,165
05/08/2002,DET,MI,AGL,CE,Federal Contract Tower,0,40,65,0,105,0,0,61,2,63,0,40,126,2,168,60,0,60,228
05/09/2002,DET,MI,AGL,CE,Federal Contract Tower,0,27,38,0,65,0,6,46,0,52,0,33,84,0,117,0,0,0,117
05/10/2002,DET,MI,AGL,CE,Federal Contract Tower,0,24,51,0,75,0,5,128,2,135,0,29,179,2,210,4,0,4,214
05/11/2002,DET,MI,AGL,CE,Federal Contract Tower,0,6,37,0,43,0,0,138,8,146,0,6,175,8,189,62,0,62,251
05/12/2002,DET,MI,AGL,CE,Federal Contract Tower,0,3,18,1,22,0,0,1,0,1,0,3,19,1,23,0,0,0,23
05/13/2002,DET,MI,AGL,CE,Federal Contract Tower,0,22,44,0,66,0,0,38,4,42,0,22,82,4,108,28,0,28,136
05/14/2002,DET,MI,AGL,CE,Federal Contract Tower,0,14,45,2,61,0,1,79,3,83,0,15,124,5,144,30,0,30,174
05/15/2002,DET,MI,AGL,CE,Federal Contract Tower,0,26,65,0,91,0,0,149,4,153,0,26,214,4,244,140,0,140,384
05/16/2002,DET,MI,AGL,CE,Federal Contract Tower,0,14,39,0,53,0,3,73,2,78,0,17,112,2,131,13,0,13,144
05/17/2002,DET,MI,AGL,CE,Federal Contract Tower,0,27,52,0,79,0,7,149,4,160,0,34,201,4,239,157,0,157,396
05/18/2002,DET,MI,AGL,CE,Federal Contract Tower,0,8,27,0,35,0,0,121,4,125,0,8,148,4,160,258,0,258,418
05/19/2002,DET,MI,AGL,CE,Federal Contract Tower,0,5,31,0,36,0,1,136,4,141,0,6,167,4,177,332,0,332,509
05/20/2002,DET,MI,AGL,CE,Federal Contract Tower,0,18,41,0,59,0,3,77,0,80,0,21,118,0,139,40,0,40,179
05/21/2002,DET,MI,AGL,CE,Federal Contract Tower,0,21,64,0,85,0,0,87,3,90,0,21,151,3,175,96,0,96,271
05/22/2002,DET,MI,AGL,CE,Federal Contract Tower,0,34,60,0,94,0,0,100,8,108,0,34,160,8,202,80,0,80,282
05/23/2002,DET,MI,AGL,CE,Federal Contract Tower,0,22,52,0,74,0,3,106,6,115,0,25,158,6,189,0,0,0,189
05/24/2002,DET,MI,AGL,CE,Federal Contract Tower,0,19,42,0,61,0,3,137,4,144,0,22,179,4,205,18,0,18,223
05/25/2002,DET,MI,AGL,CE,Federal Contract Tower,0,3,21,0,24,0,0,32,4,36,0,3,53,4,60,8,0,8,68
05/26/2002,DET,MI,AGL,CE,Federal Contract Tower,0,0,31,0,31,0,0,95,0,95,0,0,126,0,126,42,0,42,168
05/27/2002,DET,MI,AGL,CE,Federal Contract Tower,0,3,42,0,45,0,0,82,0,82,0,3,124,0,127,128,0,128,255
05/28/2002,DET,MI,AGL,CE,Federal Contract Tower,0,10,38,0,48,0,0,67,6,73,0,10,105,6,121,70,0,70,191
05/29/2002,DET,MI,AGL,CE,Federal Contract Tower,0,18,46,2,66,0,0,50,2,52,0,18,96,4,118,50,0,50,168
05/30/2002,DET,MI,AGL,CE,Federal Contract Tower,0,17,51,0,68,0,5,43,0,48,0,22,94,0,116,34,0,34,150
05/31/2002,DET,MI,AGL,CE,Federal Contract Tower,0,32,57,0,89,0,3,186,2,191,0,35,243,2,280,26,0,26,306
06/01/2002,DET,MI,AGL,CE,Federal Contract Tower,0,7,32,0,39,0,0,171,6,177,0,7,203,6,216,74,0,74,290
06/02/2002,DET,MI,AGL,CE,Federal Contract Tower,0,10,29,0,39,0,1,174,10,185,0,11,203,10,224,52,0,52,276
06/03/2002,DET,MI,AGL,CE,Federal Contract Tower,0,6,28,0,34,0,0,42,0,42,0,6,70,0,76,22,0,22,98
06/04/2002,DET,MI,AGL,CE,Federal Contract Tower,0,14,30,0,44,0,2,51,3,56,0,16,81,3,100,0,0,0,100
06/05/2002,DET,MI,AGL,CE,Federal Contract Tower,0,34,60,0,94,0,0,30,0,30,0,34,90,0,124,78,0,78,202
06/06/2002,DET,MI,AGL,CE,Federal Contract Tower,0,34,62,0,96,0,10,157,2,169,0,44,219,2,265,108,0,108,373
06/07/2002,DET,MI,AGL,CE,Federal Contract Tower,0,23,53,0,76,0,18,168,6,192,0,41,221,6,268,96,0,96,364
06/08/2002,DET,MI,AGL,CE,Federal Contract Tower,0,12,26,0,38,0,3,167,4,174,0,15,193,4,212,48,0,48,260
06/09/2002,DET,MI,AGL,CE,Federal Contract Tower,0,0,23,0,23,0,0,114,0,114,0,0,137,0,137,66,0,66,203
06/10/2002,DET,MI,AGL,CE,Federal Contract Tower,0,10,45,0,55,0,0,68,10,78,0,10,113,10,133,90,0,90,223
06/11/2002,DET,MI,AGL,CE,Federal Contract Tower,0,15,40,0,55,0,0,58,6,64,0,15,98,6,119,50,0,50,169
06/12/2002,DET,MI,AGL,CE,Federal Contract Tower,0,30,78,1,109,0,4,84,11,99,0,34,162,12,208,42,0,42,250
06/13/2002,DET,MI,AGL,CE,Federal Contract Tower,0,29,79,1,109,0,6,118,11,135,0,35,197,12,244,104,0,104,348
06/14/2002,DET,MI,AGL,CE,Federal Contract Tower,0,28,66,2,96,0,7,48,0,55,0,35,114,2,151,36,0,36,187
06/15/2002,DET,MI,AGL,CE,Federal Contract Tower,0,2,20,0,22,0,0,22,8,30,0,2,42,8,52,26,0,26,78
06/16/2002,DET,MI,AGL,CE,Federal Contract Tower,0,14,20,0,34,0,0,58,1,59,0,14,78,1,93,22,0,22,115
06/17/2002,DET,MI,AGL,CE,Federal Contract Tower,0,17,38,0,55,0,4,74,3,81,0,21,112,3,136,210,0,210,346
06/18/2002,DET,MI,AGL,CE,Federal Contract Tower,0,40,44,0,84,0,1,116,6,123,0,41,160,6,207,156,0,156,363
06/19/2002,DET,MI,AGL,CE,Federal Contract Tower,0,40,50,2,92,0,9,139,14,162,0,49,189,16,254,64,0,64,318
06/20/2002,DET,MI,AGL,CE,Federal Contract Tower,0,30,55,2,87,0,10,120,8,138,0,40,175,10,225,73,0,73,298
06/21/2002,DET,MI,AGL,CE,Federal Contract Tower,0,29,54,0,83,0,4,95,0,99,0,33,149,0,182,6,0,6,188
06/22/2002,DET,MI,AGL,CE,Federal Contract Tower,0,8,23,0,31,0,0,45,2,47,0,8,68,2,78,66,0,66,144
06/23/2002,DET,MI,AGL,CE,Federal Contract Tower,0,10,24,0,34,0,0,56,0,56,0,10,80,0,90,22,0,22,112
06/24/2002,DET,MI,AGL,CE,Federal Contract Tower,0,10,32,0,42,0,2,106,0,108,0,12,138,0,150,74,0,74,224
06/25/2002,DET,MI,AGL,CE,Federal Contract Tower,0,30,35,0,65,0,12,81,6,99,0,42,116,6,164,130,0,130,294
06/26/2002,DET,MI,AGL,CE,Federal Contract Tower,0,34,50,1,85,0,2,85,10,97,0,36,135,11,182,20,0,20,202
06/27/2002,DET,MI,AGL,CE,Federal Contract Tower,0,40,58,0,98,0,5,225,24,254,0,45,283,24,352,320,0,320,672
06/28/2002,DET,MI,AGL,CE,Federal Contract Tower,0,26,36,1,63,0,0,208,34,242,0,26,244,35,305,68,0,68,373
06/29/2002,DET,MI,AGL,CE,Federal Contract Tower,0,4,41,0,45,0,4,146,0,150,0,8,187,0,195,56,0,56,251
06/30/2002,DET,MI,AGL,CE,Federal Contract Tower,0,15,21,0,36,0,0,76,4,80,0,15,97,4,116,38,0,38,154
07/01/2002,DET,MI,AGL,CE,Federal Contract Tower,0,12,36,0,48,0,0,37,5,42,0,12,73,5,90,49,0,49,139
07/02/2002,DET,MI,AGL,CE,Federal Contract Tower,0,18,34,0,52,0,0,68,0,68,0,18,102,0,120,70,0,70,190
07/03/2002,DET,MI,AGL,CE,Federal Contract Tower,0,21,41,0,62,0,5,143,4,152,0,26,184,4,214,78,0,78,292
07/04/2002,DET,MI,AGL,CE,Federal Contract Tower,0,4,12,0,16,0,2,93,6,101,0,6,105,6,117,6,0,6,123
07/05/2002,DET,MI,AGL,CE,Federal Contract Tower,0,3,17,0,20,0,0,128,7,135,0,3,145,7,155,104,0,104,259
07/06/2002,DET,MI,AGL,CE,Federal Contract Tower,0,1,19,0,20,0,0,131,0,131,0,1,150,0,151,94,0,94,245
07/07/2002,DET,MI,AGL,CE,Federal Contract Tower,0,6,26,0,32,0,2,124,0,126,0,8,150,0,158,18,0,18,176
07/08/2002,DET,MI,AGL,CE,Federal Contract Tower,0,4,48,0,52,0,0,91,1,92,0,4,139,1,144,46,0,46,190
07/09/2002,DET,MI,AGL,CE,Federal Contract Tower,0,24,35,2,61,0,0,45,0,45,0,24,80,2,106,60,0,60,166
07/10/2002,DET,MI,AGL,CE,Federal Contract Tower,0,17,43,0,60,0,1,117,2,120,0,18,160,2,180,64,0,64,244
07/11/2002,DET,MI,AGL,CE,Federal Contract Tower,0,14,32,0,46,0,2,140,6,148,0,16,172,6,194,42,0,42,236
07/12/2002,DET,MI,AGL,CE,Federal Contract Tower,0,16,41,0,57,0,0,185,3,188,0,16,226,3,245,132,0,132,377
07/13/2002,DET,MI,AGL,CE,Federal Contract Tower,0,2,17,0,19,0,0,147,2,149,0,2,164,2,168,148,0,148,316
07/14/2002,DET,MI,AGL,CE,Federal Contract Tower,0,1,28,0,29,0,0,102,0,102,0,1,130,0,131,162,0,162,293
07/15/2002,DET,MI,AGL,CE,Federal Contract Tower,0,11,21,0,32,0,4,82,6,92,0,15,103,6,124,60,0,60,184
07/16/2002,DET,MI,AGL,CE,Federal Contract Tower,0,14,38,0,52,0,1,78,6,85,0,15,116,6,137,72,0,72,209
07/17/2002,DET,MI,AGL,CE,Federal Contract Tower,0,25,43,0,68,0,3,107,4,114,0,28,150,4,182,50,0,50,232
07/18/2002,DET,MI,AGL,CE,Federal Contract Tower,0,18,44,0,62,0,11,99,8,118,0,29,143,8,180,33,0,33,213
07/19/2002,DET,MI,AGL,CE,Federal Contract Tower,0,17,39,0,56,0,1,127,7,135,0,18,166,7,191,76,0,76,267
07/20/2002,DET,MI,AGL,CE,Federal Contract Tower,0,7,34,0,41,0,0,118,1,119,0,7,152,1,160,95,0,95,255
07/21/2002,DET,MI,AGL,CE,Federal Contract Tower,0,6,41,0,47,0,0,41,7,48,0,6,82,7,95,32,0,32,127
07/22/2002,DET,MI,AGL,CE,Federal Contract Tower,0,13,40,0,53,0,0,58,2,60,0,13,98,2,113,45,0,45,158
07/23/2002,DET,MI,AGL,CE,Federal Contract Tower,0,21,60,0,81,0,0,86,4,90,0,21,146,4,171,96,0,96,267
07/24/2002,DET,MI,AGL,CE,Federal Contract Tower,0,21,42,0,63,0,3,120,4,127,0,24,162,4,190,56,0,56,246
07/25/2002,DET,MI,AGL,CE,Federal Contract Tower,0,24,56,0,80,0,8,144,2,154,0,32,200,2,234,44,0,44,278
07/26/2002,DET,MI,AGL,CE,Federal Contract Tower,0,32,44,2,78,0,11,99,0,110,0,43,143,2,188,18,0,18,206
07/27/2002,DET,MI,AGL,CE,Federal Contract Tower,0,7,23,0,30,0,0,45,0,45,0,7,68,0,75,40,0,40,115
07/28/2002,DET,MI,AGL,CE,Federal Contract Tower,0,3,33,0,36,0,0,20,0,20,0,3,53,0,56,0,0,0,56
07/29/2002,DET,MI,AGL,CE,Federal Contract Tower,0,11,47,0,58,0,0,42,2,44,0,11,89,2,102,20,0,20,122
07/30/2002,DET,MI,AGL,CE,Federal Contract Tower,0,18,65,0,83,0,0,87,4,91,0,18,152,4,174,76,0,76,250
07/31/2002,DET,MI,AGL,CE,Federal Contract Tower,0,20,45,0,65,0,8,149,4,161,0,28,194,4,226,62,0,62,288
08/01/2002,DET,MI,AGL,CE,Federal Contract Tower,0,17,46,0,63,0,4,86,2,92,0,21,132,2,155,50,0,50,205
08/02/2002,DET,MI,AGL,CE,Federal Contract Tower,0,24,31,0,55,0,2,118,1,121,0,26,149,1,176,22,0,22,198
08/03/2002,DET,MI,AGL,CE,Federal Contract Tower,0,7,22,0,29,0,0,125,0,125,0,7,147,0,154,48,0,48,202
08/04/2002,DET,MI,AGL,CE,Federal Contract Tower,0,3,31,0,34,0,2,62,2,66,0,5,93,2,100,46,0,46,146
08/05/2002,DET,MI,AGL,CE,Federal Contract Tower,0,10,40,0,50,0,0,80,0,80,0,10,120,0,130,62,0,62,192
08/06/2002,DET,MI,AGL,CE,Federal Contract Tower,0,22,52,0,74,0,3,131,4,138,0,25,183,4,212,35,0,35,247
08/07/2002,DET,MI,AGL,CE,Federal Contract Tower,0,27,35,0,62,0,5,148,6,159,0,32,183,6,221,78,0,78,299
08/08/2002,DET,MI,AGL,CE,Federal Contract Tower,0,18,42,0,60,0,1,168,2,171,0,19,210,2,231,118,0,118,349
08/09/2002,DET,MI,AGL,CE,Federal Contract Tower,0,20,39,0,59,0,4,139,0,143,0,24,178,0,202,104,0,104,306
08/10/2002,DET,MI,AGL,CE,Federal Contract Tower,0,4,13,0,17,0,0,122,0,122,0,4,135,0,139,30,0,30,169
08/11/2002,DET,MI,AGL,CE,Federal Contract Tower,0,5,29,0,34,0,1,132,0,133,0,6,161,0,167,42,0,42,209
08/12/2002,DET,MI,AGL,CE,Federal Contract Tower,0,19,40,0,59,0,0,40,0,40,0,19,80,0,99,60,0,60,159
08/13/2002,DET,MI,AGL,CE,Federal Contract Tower,0,10,36,0,46,0,0,46,0,46,0,10,82,0,92,24,0,24,116
08/14/2002,DET,MI,AGL,CE,Federal Contract Tower,0,22,47,0,69,0,0,73,0,73,0,22,120,0,142,25,0,25,167
08/15/2002,DET,MI,AGL,CE,Federal Contract Tower,0,17,52,2,71,0,6,58,0,64,0,23,110,2,135,26,0,26,161
08/16/2002,DET,MI,AGL,CE,Federal Contract Tower,0,24,36,0,60,0,4,51,2,57,0,28,87,2,117,28,0,28,145
08/17/2002,DET,MI,AGL,CE,Federal Contract Tower,0,5,24,0,29,0,0,66,0,66,0,5,90,0,95,6,0,6,101
08/18/2002,DET,MI,AGL,CE,Federal Contract Tower,0,4,29,0,33,0,0,111,2,113,0,4,140,2,146,47,0,47,193
08/19/2002,DET,MI,AGL,CE,Federal Contract Tower,0,10,45,0,55,0,0,35,0,35,0,10,80,0,90,60,0,60,150
08/20/2002,DET,MI,AGL,CE,Federal Contract Tower,0,30,44,0,74,0,1,105,5,111,0,31,149,5,185,80,0,80,265
08/21/2002,DET,MI,AGL,CE,Federal Contract Tower,0,21,53,0,74,0,7,175,2,184,0,28,228,2,258,86,0,86,344
08/22/2002,DET,MI,AGL,CE,Federal Contract Tower,0,30,46,0,76,0,3,18,0,21,0,33,64,0,97,20,0,20,117
08/23/2002,DET,MI,AGL,CE,Federal Contract Tower,0,23,56,0,79,0,3,11,0,14,0,26,67,0,93,0,0,0,93
08/24/2002,DET,MI,AGL,CE,Federal Contract Tower,0,3,54,0,57,0,0,133,0,133,0,3,187,0,190,24,0,24,214
08/25/2002,DET,MI,AGL,CE,Federal Contract Tower,0,4,27,0,31,0,0,158,0,158,0,4,185,0,189,43,0,43,232
08/26/2002,DET,MI,AGL,CE,Federal Contract Tower,0,15,50,2,67,0,0,86,0,86,0,15,136,2,153,60,0,60,213
08/27/2002,DET,MI,AGL,CE,Federal Contract Tower,0,26,35,0,61,0,5,89,0,94,0,31,124,0,155,44,0,44,199
08/28/2002,DET,MI,AGL,CE,Federal Contract Tower,0,31,60,2,93,0,8,128,1,137,0,39,188,3,230,40,0,40,270
08/29/2002,DET,MI,AGL,CE,Federal Contract Tower,0,21,68,0,89,0,3,127,0,130,0,24,195,0,219,36,0,36,255
08/30/2002,DET,MI,AGL,CE,Federal Contract Tower,0,14,36,0,50,0,5,115,0,120,0,19,151,0,170,12,0,12,182
08/31/2002,DET,MI,AGL,CE,Federal Contract Tower,0,3,32,0,35,0,0,158,7,165,0,3,190,7,200,38,0,38,238
09/01/2002,DET,MI,AGL,CE,Federal Contract Tower,0,2,13,0,15,0,1,139,2,142,0,3,152,2,157,16,0,16,173
09/02/2002,DET,MI,AGL,CE,Federal Contract Tower,0,10,50,0,60,0,0,90,0,90,0,10,140,0,150,116,0,116,266
09/03/2002,DET,MI,AGL,CE,Federal Contract Tower,0,23,26,0,49,0,3,45,8,56,0,26,71,8,105,30,0,30,135
09/04/2002,DET,MI,AGL,CE,Federal Contract Tower,2,21,53,0,76,0,5,174,6,185,2,26,227,6,261,109,0,109,370
09/05/2002,DET,MI,AGL,CE,Federal Contract Tower,0,28,34,0,62,0,17,94,0,111,0,45,128,0,173,20,0,20,193
09/06/2002,DET,MI,AGL,CE,Federal Contract Tower,0,19,30,2,51,0,2,172,5,179,0,21,202,7,230,72,0,72,302
09/07/2002,DET,MI,AGL,CE,Federal Contract Tower,0,13,16,0,29,0,2,114,8,124,0,15,130,8,153,8,0,8,161
09/08/2002,DET,MI,AGL,CE,Federal Contract Tower,0,9,24,0,33,0,2,146,10,158,0,11,170,10,191,38,0,38,229
09/09/2002,DET,MI,AGL,CE,Federal Contract Tower,0,13,50,2,65,0,0,70,12,82,0,13,120,14,147,96,0,96,243
09/10/2002,DET,MI,AGL,CE,Federal Contract Tower,0,15,33,3,51,0,0,75,5,80,0,15,108,8,131,50,0,50,181
09/11/2002,DET,MI,AGL,CE,Federal Contract Tower,0,28,44,0,72,0,25,140,4,169,0,53,184,4,241,77,0,77,318
09/12/2002,DET,MI,AGL,CE,Federal Contract Tower,0,12,40,0,52,0,3,106,3,112,0,15,146,3,164,100,0,100,264
09/13/2002,DET,MI,AGL,CE,Federal Contract Tower,0,20,49,0,69,0,4,126,2,132,0,24,175,2,201,46,0,46,247
09/14/2002,DET,MI,AGL,CE,Federal Contract Tower,0,5,28,0,33,0,1,125,0,126,0,6,153,0,159,48,0,48,207
09/15/2002,DET,MI,AGL,CE,Federal Contract Tower,0,6,31,0,37,0,1,37,0,38,0,7,68,0,75,30,0,30,105
09/16/2002,DET,MI,AGL,CE,Federal Contract Tower,0,14,24,0,38,0,3,104,4,111,0,17,128,4,149,97,0,97,246
09/17/2002,DET,MI,AGL,CE,Federal Contract Tower,0,26,43,0,69,0,0,231,8,239,0,26,274,8,308,72,0,72,380
09/18/2002,DET,MI,AGL,CE,Federal Contract Tower,0,22,40,0,62,0,3,140,7,150,0,25,180,7,212,50,0,50,262
09/19/2002,DET,MI,AGL,CE,Federal Contract Tower,0,12,47,0,59,0,3,128,2,133,0,15,175,2,192,62,0,62,254
09/20/2002,DET,MI,AGL,CE,Federal Contract Tower,0,19,47,0,66,0,0,32,8,40,0,19,79,8,106,18,0,18,124
09/21/2002,DET,MI,AGL,CE,Federal Contract Tower,0,10,36,0,46,0,0,141,16,157,0,10,177,16,203,20,0,20,223
09/22/2002,DET,MI,AGL,CE,Federal Contract Tower,0,5,55,0,60,0,2,135,35,172,0,7,190,35,232,44,0,44,276
09/23/2002,DET,MI,AGL,CE,Federal Contract Tower,0,20,56,0,76,0,6,205,10,221,0,26,261,10,297,85,0,85,382
09/24/2002,DET,MI,AGL,CE,Federal Contract Tower,0,31,38,1,70,0,5,226,6,237,0,36,264,7,307,62,0,62,369
09/25/2002,DET,MI,AGL,CE,Federal Contract Tower,0,20,33,0,53,0,6,204,0,210,0,26,237,0,263,111,0,111,374
09/26/2002,DET,MI,AGL,CE,Federal Contract Tower,0,30,36,0,66,0,5,118,0,123,0,35,154,0,189,48,0,48,237
09/27/2002,DET,MI,AGL,CE,Federal Contract Tower,4,20,53,0,77,0,2,28,0,30,4,22,81,0,107,62,0,62,169
09/28/2002,DET,MI,AGL,CE,Federal Contract Tower,0,3,23,0,26,0,0,224,8,232,0,3,247,8,258,46,0,46,304
09/29/2002,DET,MI,AGL,CE,Federal Contract Tower,0,10,40,0,50,0,0,90,0,90,0,10,130,0,140,102,0,102,242
09/30/2002,DET,MI,AGL,CE,Federal Contract Tower,0,1,29,0,30,0,0,80,6,86,0,1,109,6,116,84,0,84,200
10/01/2002,DET,MI,AGL,CE,Federal Contract Tower,0,11,36,0,47,0,3,87,0,90,0,14,123,0,137,35,0,35,172
10/02/2002,DET,MI,AGL,CE,Federal Contract Tower,2,20,51,0,73,0,0,119,0,119,2,20,170,0,192,48,0,48,240
10/03/2002,DET,MI,AGL,CE,Federal Contract Tower,4,29,64,0,97,0,5,46,0,51,4,34,110,0,148,8,0,8,156
10/04/2002,DET,MI,AGL,CE,Federal Contract Tower,0,20,31,0,51,0,1,33,4,38,0,21,64,4,89,0,0,0,89
10/05/2002,DET,MI,AGL,CE,Federal Contract Tower,0,2,33,0,35,0,0,149,2,151,0,2,182,2,186,68,0,68,254
10/06/2002,DET,MI,AGL,CE,Federal Contract Tower,0,10,20,0,30,0,0,120,0,120,0,10,140,0,150,160,0,160,310
10/07/2002,DET,MI,AGL,CE,Federal Contract Tower,0,15,49,0,64,0,10,71,1,82,0,25,120,1,146,94,0,94,240
10/08/2002,DET,MI,AGL,CE,Federal Contract Tower,0,22,53,0,75,0,12,97,4,113,0,34,150,4,188,22,0,22,210
10/09/2002,DET,MI,AGL,CE,Federal Contract Tower,0,31,27,0,58,0,0,202,0,202,0,31,229,0,260,130,0,130,390
10/10/2002,DET,MI,AGL,CE,Federal Contract Tower,0,24,43,0,67,0,3,157,4,164,0,27,200,4,231,20,0,20,251
10/11/2002,DET,MI,AGL,CE,Federal Contract Tower,0,17,34,0,51,0,2,198,4,204,0,19,232,4,255,56,0,56,311
10/12/2002,DET,MI,AGL,CE,Federal Contract Tower,0,5,37,0,42,0,3,92,6,101,0,8,129,6,143,24,0,24,167
10/13/2002,DET,MI,AGL,CE,Federal Contract Tower,0,10,30,0,40,0,0,150,6,156,0,10,180,6,196,90,0,90,286
10/14/2002,DET,MI,AGL,CE,Federal Contract Tower,0,9,33,0,42,0,0,95,15,110,0,9,128,15,152,80,0,80,232
10/15/2002,DET,MI,AGL,CE,Federal Contract Tower,0,12,35,2,49,0,3,125,10,138,0,15,160,12,187,22,0,22,209
10/16/2002,DET,MI,AGL,CE,Federal Contract Tower,0,28,32,0,60,0,4,65,4,73,0,32,97,4,133,43,0,43,176
10/17/2002,DET,MI,AGL,CE,Federal Contract Tower,0,27,60,0,87,0,5,155,20,180,0,32,215,20,267,112,0,112,379
10/18/2002,DET,MI,AGL,CE,Federal Contract Tower,0,17,33,0,50,0,2,172,10,184,0,19,205,10,234,32,0,32,266
10/19/2002,DET,MI,AGL,CE,Federal Contract Tower,0,5,32,0,37,0,0,105,6,111,0,5,137,6,148,56,0,56,204
10/20/2002,DET,MI,AGL,CE,Federal Contract Tower,0,14,40,0,54,0,0,180,30,210,0,14,220,30,264,130,0,130,394
10/21/2002,DET,MI,AGL,CE,Federal Contract Tower,0,18,32,0,50,0,0,112,19,131,0,18,144,19,181,106,0,106,287
10/22/2002,DET,MI,AGL,CE,Federal Contract Tower,0,17,30,0,47,0,3,61,10,74,0,20,91,10,121,67,0,67,188
10/23/2002,DET,MI,AGL,CE,Federal Contract Tower,0,18,40,0,58,0,16,93,6,115,0,34,133,6,173,42,0,42,215
10/24/2002,DET,MI,AGL,CE,Federal Contract Tower,0,24,70,0,94,0,4,68,2,74,0,28,138,2,168,38,0,38,206
10/25/2002,DET,MI,AGL,CE,Federal Contract Tower,0,23,45,0,68,0,1,51,4,56,0,24,96,4,124,8,0,8,132
10/26/2002,DET,MI,AGL,CE,Federal Contract Tower,0,9,17,2,28,0,0,43,2,45,0,9,60,4,73,68,0,68,141
10/27/2002,DET,MI,AGL,CE,Federal Contract Tower,0,10,25,0,35,0,0,147,4,151,0,10,172,4,186,170,0,170,356
10/28/2002,DET,MI,AGL,CE,Federal Contract Tower,0,16,41,2,59,0,1,68,12,81,0,17,109,14,140,22,0,22,162
10/29/2002,DET,MI,AGL,CE,Federal Contract Tower,0,24,30,0,54,0,1,103,4,108,0,25,133,4,162,22,0,22,184
10/30/2002,DET,MI,AGL,CE,Federal Contract Tower,0,15,21,2,38,0,1,137,2,140,0,16,158,4,178,31,0,31,209
10/31/2002,DET,MI,AGL,CE,Federal Contract Tower,0,19,26,2,47,0,2,146,0,148,0,21,172,2,195,32,0,32,227
11/01/2002,DET,MI,AGL,CE,Federal Contract Tower,0,21,40,0,61,0,2,144,4,150,0,23,184,4,211,10,0,10,221
11/02/2002,DET,MI,AGL,CE,Federal Contract Tower,0,6,23,0,29,0,3,121,4,128,0,9,144,4,157,42,0,42,199
11/03/2002,DET,MI,AGL,CE,Federal Contract Tower,0,7,30,0,37,0,0,142,4,146,0,7,172,4,183,160,0,160,343
11/04/2002,DET,MI,AGL,CE,Federal Contract Tower,2,10,26,0,38,0,0,65,4,69,2,10,91,4,107,16,0,16,123
11/05/2002,DET,MI,AGL,CE,Federal Contract Tower,0,16,24,0,40,0,0,64,4,68,0,16,88,4,108,52,0,52,160
11/06/2002,DET,MI,AGL,CE,Federal Contract Tower,0,23,38,0,61,0,0,52,2,54,0,23,90,2,115,26,0,26,141
11/07/2002,DET,MI,AGL,CE,Federal Contract Tower,1,20,44,0,65,0,2,98,0,100,1,22,142,0,165,26,0,26,191
11/08/2002,DET,MI,AGL,CE,Federal Contract Tower,1,17,29,0,47,0,2,59,0,61,1,19,88,0,108,10,0,10,118
11/09/2002,DET,MI,AGL,CE,Federal Contract Tower,0,5,8,0,13,0,0,90,12,102,0,5,98,12,115,52,0,52,167
11/10/2002,DET,MI,AGL,CE,Federal Contract Tower,0,0,27,0,27,0,0,17,0,17,0,0,44,0,44,44,0,44,88
11/11/2002,DET,MI,AGL,CE,Federal Contract Tower,0,19,29,0,48,0,0,72,0,72,0,19,101,0,120,50,0,50,170
11/12/2002,DET,MI,AGL,CE,Federal Contract Tower,0,27,46,0,73,0,0,82,1,83,0,27,128,1,156,95,0,95,251
11/13/2002,DET,MI,AGL,CE,Federal Contract Tower,0,16,49,0,65,0,7,74,0,81,0,23,123,0,146,66,0,66,212
11/14/2002,DET,MI,AGL,CE,Federal Contract Tower,0,35,62,0,97,0,4,31,4,39,0,39,93,4,136,4,0,4,140
11/15/2002,DET,MI,AGL,CE,Federal Contract Tower,0,20,25,0,45,0,4,83,0,87,0,24,108,0,132,4,0,4,136
11/16/2002,DET,MI,AGL,CE,Federal Contract Tower,0,5,10,0,15,0,0,56,0,56,0,5,66,0,71,46,0,46,117
11/17/2002,DET,MI,AGL,CE,Federal Contract Tower,0,15,30,0,45,0,0,60,0,60,0,15,90,0,105,70,0,70,175
11/18/2002,DET,MI,AGL,CE,Federal Contract Tower,0,11,39,0,50,0,0,54,2,56,0,11,93,2,106,72,0,72,178
11/19/2002,DET,MI,AGL,CE,Federal Contract Tower,0,22,40,0,62,0,0,78,0,78,0,22,118,0,140,2,0,2,142
11/20/2002,DET,MI,AGL,CE,Federal Contract Tower,0,13,37,0,50,0,2,70,2,74,0,15,107,2,124,43,0,43,167
11/21/2002,DET,MI,AGL,CE,Federal Contract Tower,0,25,61,0,86,0,2,42,10,54,0,27,103,10,140,0,0,0,140
11/22/2002,DET,MI,AGL,CE,Federal Contract Tower,0,18,34,0,52,0,2,51,4,57,0,20,85,4,109,16,0,16,125
11/23/2002,DET,MI,AGL,CE,Federal Contract Tower,0,6,28,0,34,0,1,71,6,78,0,7,99,6,112,43,0,43,155
11/24/2002,DET,MI,AGL,CE,Federal Contract Tower,0,5,20,0,25,0,0,53,3,56,0,5,73,3,81,38,0,38,119
11/25/2002,DET,MI,AGL,CE,Federal Contract Tower,0,6,34,0,40,0,0,101,4,105,0,6,135,4,145,60,0,60,205
11/26/2002,DET,MI,AGL,CE,Federal Contract Tower,0,20,45,0,65,0,0,72,10,82,0,20,117,10,147,18,0,18,165
11/27/2002,DET,MI,AGL,CE,Federal Contract Tower,0,20,24,0,44,0,2,126,0,128,0,22,150,0,172,72,0,72,244
11/28/2002,DET,MI,AGL,CE,Federal Contract Tower,0,11,11,0,22,0,2,97,0,99,0,13,108,0,121,200,0,200,321
11/29/2002,DET,MI,AGL,CE,Federal Contract Tower,0,2,14,0,16,0,0,34,0,34,0,2,48,0,50,0,0,0,50
11/30/2002,DET,MI,AGL,CE,Federal Contract Tower,0,5,2,0,7,0,0,23,0,23,0,5,25,0,30,20,0,20,50
12/01/2002,DET,MI,AGL,CE,Federal Contract Tower,0,8,20,0,28,0,0,80,0,80,0,8,100,0,108,50,0,50,158
12/02/2002,DET,MI,AGL,CE,Federal Contract Tower,0,11,24,0,35,0,0,29,4,33,0,11,53,4,68,0,0,0,68
12/03/2002,DET,MI,AGL,CE,Federal Contract Tower,0,24,34,0,58,0,8,78,0,86,0,32,112,0,144,2,0,2,146
12/04/2002,DET,MI,AGL,CE,Federal Contract Tower,0,25,35,0,60,0,8,75,2,85,0,33,110,2,145,6,0,6,151
12/05/2002,DET,MI,AGL,CE,Federal Contract Tower,0,29,30,0,59,0,4,84,2,90,0,33,114,2,149,34,0,34,183
12/06/2002,DET,MI,AGL,CE,Federal Contract Tower,0,18,36,0,54,0,0,89,5,94,0,18,125,5,148,40,0,40,188
12/07/2002,DET,MI,AGL,CE,Federal Contract Tower,0,2,30,0,32,0,0,68,2,70,0,2,98,2,102,14,0,14,116
12/08/2002,DET,MI,AGL,CE,Federal Contract Tower,0,4,17,0,21,0,0,76,2,78,0,4,93,2,99,38,0,38,137
12/09/2002,DET,MI,AGL,CE,Federal Contract Tower,0,13,56,0,69,0,0,100,6,106,0,13,156,6,175,14,0,14,189
12/10/2002,DET,MI,AGL,CE,Federal Contract Tower,0,24,36,0,60,0,1,88,0,89,0,25,124,0,149,72,0,72,221
12/11/2002,DET,MI,AGL,CE,Federal Contract Tower,0,19,41,0,60,0,6,115,14,135,0,25,156,14,195,50,0,50,245
12/12/2002,DET,MI,AGL,CE,Federal Contract Tower,0,22,58,0,80,0,0,97,8,105,0,22,155,8,185,6,0,6,191
12/13/2002,DET,MI,AGL,CE,Federal Contract Tower,0,15,38,0,53,0,0,3,0,3,0,15,41,0,56,0,0,0,56
12/14/2002,DET,MI,AGL,CE,Federal Contract Tower,0,3,30,0,33,0,0,40,0,40,0,3,70,0,73,80,0,80,153
12/15/2002,DET,MI,AGL,CE,Federal Contract Tower,0,6,28,0,34,0,0,68,2,70,0,6,96,2,104,74,0,74,178
12/16/2002,DET,MI,AGL,CE,Federal Contract Tower,4,23,36,0,63,0,3,54,0,57,4,26,90,0,120,28,0,28,148
12/17/2002,DET,MI,AGL,CE,Federal Contract Tower,0,15,48,0,63,0,2,72,4,78,0,17,120,4,141,2,0,2,143
12/18/2002,DET,MI,AGL,CE,Federal Contract Tower,0,22,52,0,74,0,6,76,4,86,0,28,128,4,160,28,0,28,188
12/19/2002,DET,MI,AGL,CE,Federal Contract Tower,2,20,43,0,65,0,0,5,8,13,2,20,48,8,78,0,0,0,78
12/20/2002,DET,MI,AGL,CE,Federal Contract Tower,0,15,23,0,38,0,0,23,2,25,0,15,46,2,63,18,0,18,81
12/21/2002,DET,MI,AGL,CE,Federal Contract Tower,0,7,15,0,22,0,0,25,6,31,0,7,40,6,53,40,0,40,93
12/22/2002,DET,MI,AGL,CE,Federal Contract Tower,0,5,7,0,12,0,0,31,2,33,0,5,38,2,45,40,0,40,85
12/23/2002,DET,MI,AGL,CE,Federal Contract Tower,0,9,16,0,25,0,0,50,2,52,0,9,66,2,77,66,0,66,143
12/24/2002,DET,MI,AGL,CE,Federal Contract Tower,0,9,6,0,15,0,1,51,4,56,0,10,57,4,71,40,0,40,111
12/25/2002,DET,MI,AGL,CE,Federal Contract Tower,0,3,1,0,4,0,4,4,0,8,0,7,5,0,12,0,0,0,12
12/26/2002,DET,MI,AGL,CE,Federal Contract Tower,0,12,25,0,37,0,0,50,4,54,0,12,75,4,91,14,0,14,105
12/27/2002,DET,MI,AGL,CE,Federal Contract Tower,0,16,16,0,32,0,0,37,0,37,0,16,53,0,69,48,0,48,117
12/28/2002,DET,MI,AGL,CE,Federal Contract Tower,0,7,25,0,32,0,0,15,0,15,0,7,40,0,47,50,0,50,97
12/29/2002,DET,MI,AGL,CE,Federal Contract Tower,0,7,11,0,18,0,0,80,2,82,0,7,91,2,100,64,0,64,164
12/30/2002,DET,MI,AGL,CE,Federal Contract Tower,0,4,13,0,17,0,1,15,0,16,0,5,28,0,33,0,0,0,33
12/31/2002,DET,MI,AGL,CE,Federal Contract Tower,0,10,14,0,24,0,0,49,0,49,0,10,63,0,73,44,0,44,117
01/01/2003,DET,MI,AGL,CE,Federal Contract Tower,0,5,11,0,16,0,0,45,0,45,0,5,56,0,61,74,0,74,135
01/02/2003,DET,MI,AGL,CE,Federal Contract Tower,0,8,5,0,13,0,0,42,12,54,0,8,47,12,67,54,0,54,121
01/03/2003,DET,MI,AGL,CE,Federal Contract Tower,0,17,15,0,32,0,0,97,10,107,0,17,112,10,139,2,0,2,141
01/04/2003,DET,MI,AGL,CE,Federal Contract Tower,0,3,20,0,23,0,0,78,4,82,0,3,98,4,105,146,0,146,251
01/05/2003,DET,MI,AGL,CE,Federal Contract Tower,0,2,18,0,20,0,3,114,10,127,0,5,132,10,147,122,0,122,269
01/06/2003,DET,MI,AGL,CE,Federal Contract Tower,0,12,31,0,43,0,3,20,0,23,0,15,51,0,66,6,0,6,72
01/07/2003,DET,MI,AGL,CE,Federal Contract Tower,0,9,27,0,36,0,0,59,2,61,0,9,86,2,97,22,0,22,119
01/08/2003,DET,MI,AGL,CE,Federal Contract Tower,0,18,54,0,72,0,0,214,2,216,0,18,268,2,288,66,0,66,354
01/09/2003,DET,MI,AGL,CE,Federal Contract Tower,0,38,49,0,87,0,6,161,2,169,0,44,210,2,256,42,0,42,298
01/10/2003,DET,MI,AGL,CE,Federal Contract Tower,0,13,48,0,61,0,4,115,0,119,0,17,163,0,180,0,0,0,180
01/11/2003,DET,MI,AGL,CE,Federal Contract Tower,0,7,50,2,59,0,0,0,0,0,0,7,50,2,59,46,0,46,105
01/12/2003,DET,MI,AGL,CE,Federal Contract Tower,0,7,24,0,31,0,0,127,6,133,0,7,151,6,164,54,0,54,218
01/13/2003,DET,MI,AGL,CE,Federal Contract Tower,0,20,40,0,60,0,4,42,4,50,0,24,82,4,110,8,0,8,118
01/14/2003,DET,MI,AGL,CE,Federal Contract Tower,2,22,39,0,63,0,4,92,0,96,2,26,131,0,159,30,0,30,189
01/15/2003,DET,MI,AGL,CE,Federal Contract Tower,2,26,60,0,88,0,0,155,0,155,2,26,215,0,243,44,0,44,287
01/16/2003,DET,MI,AGL,CE,Federal Contract Tower,0,23,46,0,69,0,4,131,8,143,0,27,177,8,212,46,0,46,258
01/17/2003,DET,MI,AGL,CE,Federal Contract Tower,5,20,39,0,64,0,0,179,4,183,5,20,218,4,247,12,0,12,259
01/18/2003,DET,MI,AGL,CE,Federal Contract Tower,0,12,30,0,42,0,0,100,6,106,0,12,130,6,148,160,0,160,308
01/19/2003,DET,MI,AGL,CE,Federal Contract Tower,0,12,25,0,37,0,7,40,6,53,0,19,65,6,90,54,0,54,144
01/20/2003,DET,MI,AGL,CE,Federal Contract Tower,0,12,32,0,44,0,1,96,2,99,0,13,128,2,143,20,0,20,163
01/21/2003,DET,MI,AGL,CE,Federal Contract Tower,0,15,33,0,48,0,0,67,6,73,0,15,100,6,121,18,0,18,139
01/22/2003,DET,MI,AGL,CE,Federal Contract Tower,0,15,45,0,60,0,0,123,2,125,0,15,168,2,185,30,0,30,215
01/23/2003,DET,MI,AGL,CE,Federal Contract Tower,2,22,31,0,55,0,0,121,4,125,2,22,152,4,180,0,0,0,180
01/24/2003,DET,MI,AGL,CE,Federal Contract Tower,0,30,35,0,65,0,0,55,4,59,0,30,90,4,124,150,0,150,274
01/25/2003,DET,MI,AGL,CE,Federal Contract Tower,0,0,15,0,15,0,0,35,4,39,0,0,50,4,54,40,0,40,94
01/26/2003,DET,MI,AGL,CE,Federal Contract Tower,0,1,17,0,18,0,0,73,10,83,0,1,90,10,101,52,0,52,153
01/27/2003,DET,MI,AGL,CE,Federal Contract Tower,0,6,43,0,49,0,8,137,4,149,0,14,180,4,198,18,0,18,216
01/28/2003,DET,MI,AGL,CE,Federal Contract Tower,0,22,37,0,59,0,2,95,2,99,0,24,132,2,158,12,0,12,170
01/29/2003,DET,MI,AGL,CE,Federal Contract Tower,0,12,22,0,34,0,0,128,0,128,0,12,150,0,162,12,0,12,174
01/30/2003,DET,MI,AGL,CE,Federal Contract Tower,2,18,44,0,64,0,0,135,4,139,2,18,179,4,203,16,0,16,219
01/31/2003,DET,MI,AGL,CE,Federal Contract Tower,0,14,30,0,44,0,0,30,0,30,0,14,60,0,74,70,0,70,144
02/01/2003,DET,MI,AGL,CE,Federal Contract Tower,0,4,13,0,17,0,0,25,0,25,0,4,38,0,42,26,0,26,68
02/02/2003,DET,MI,AGL,CE,Federal Contract Tower,0,1,9,0,10,0,0,36,4,40,0,1,45,4,50,50,0,50,100
02/03/2003,DET,MI,AGL,CE,Federal Contract Tower,4,3,22,0,29,0,2,37,4,43,4,5,59,4,72,18,0,18,90
02/04/2003,DET,MI,AGL,CE,Federal Contract Tower,2,18,15,0,35,0,1,33,2,36,2,19,48,2,71,0,0,0,71
02/05/2003,DET,MI,AGL,CE,Federal Contract Tower,0,20,33,0,53,0,0,160,6,166,0,20,193,6,219,54,0,54,273
02/06/2003,DET,MI,AGL,CE,Federal Contract Tower,0,19,27,0,46,0,0,75,4,79,0,19,102,4,125,7,0,7,132
02/07/2003,DET,MI,AGL,CE,Federal Contract Tower,0,20,35,0,55,0,0,80,6,86,0,20,115,6,141,98,0,98,239
02/08/2003,DET,MI,AGL,CE,Federal Contract Tower,0,6,24,0,30,0,0,13,18,31,0,6,37,18,61,40,0,40,101
02/09/2003,DET,MI,AGL,CE,Federal Contract Tower,0,2,20,0,22,0,0,93,6,99,0,2,113,6,121,98,0,98,219
02/10/2003,DET,MI,AGL,CE,Federal Contract Tower,0,7,21,0,28,0,3,53,4,60,0,10,74,4,88,0,0,0,88
02/11/2003,DET,MI,AGL,CE,Federal Contract Tower,2,28,34,0,64,0,1,98,12,111,2,29,132,12,175,42,0,42,217
02/12/2003,DET,MI,AGL,CE,Federal Contract Tower,4,30,21,0,55,0,2,103,8,113,4,32,124,8,168,8,0,8,176
02/13/2003,DET,MI,AGL,CE,Federal Contract Tower,8,30,38,0,76,0,0,63,10,73,8,30,101,10,149,6,0,6,155
02/14/2003,DET,MI,AGL,CE,Federal Contract Tower,2,20,30,0,52,0,0,78,12,90,2,20,108,12,142,126,0,126,268
02/15/2003,DET,MI,AGL,CE,Federal Contract Tower,0,3,17,0,20,0,0,63,10,73,0,3,80,10,93,64,0,64,157
02/16/2003,DET,MI,AGL,CE,Federal Contract Tower,0,4,13,0,17,0,0,48,0,48,0,4,61,0,65,0,0,0,65
02/17/2003,DET,MI,AGL,CE,Federal Contract Tower,0,5,22,0,27,0,1,35,0,36,0,6,57,0,63,0,0,0,63
02/18/2003,DET,MI,AGL,CE,Federal Contract Tower,0,15,34,0,49,0,0,62,6,68,0,15,96,6,117,0,0,0,117
02/19/2003,DET,MI,AGL,CE,Federal Contract Tower,0,22,21,0,43,0,0,152,10,162,0,22,173,10,205,10,0,10,215
02/20/2003,DET,MI,AGL,CE,Federal Contract Tower,0,20,22,0,42,0,6,140,12,158,0,26,162,12,200,72,0,72,272
02/21/2003,DET,MI,AGL,CE,Federal Contract Tower,0,10,40,0,50,0,0,134,6,140,0,10,174,6,190,100,0,100,290
02/22/2003,DET,MI,AGL,CE,Federal Contract Tower,2,16,12,0,30,0,1,18,6,25,2,17,30,6,55,0,0,0,55
02/23/2003,DET,MI,AGL,CE,Federal Contract Tower,0,2,12,0,14,0,0,41,2,43,0,2,53,2,57,10,0,10,67
02/24/2003,DET,MI,AGL,CE,Federal Contract Tower,2,11,23,1,37,0,3,71,3,77,2,14,94,4,114,2,0,2,116
02/25/2003,DET,MI,AGL,CE,Federal Contract Tower,0,13,53,0,66,0,1,107,4,112,0,14,160,4,178,44,0,44,222
02/26/2003,DET,MI,AGL,CE,Federal Contract Tower,0,25,25,0,50,0,1,170,4,175,0,26,195,4,225,98,0,98,323
02/27/2003,DET,MI,AGL,CE,Federal Contract Tower,0,28,40,0,68,0,2,78,10,90,0,30,118,10,158,78,0,78,236
02/28/2003,DET,MI,AGL,CE,Federal Contract Tower,2,12,30,0,44,0,0,116,6,122,2,12,146,6,166,96,0,96,262
03/01/2003,DET,MI,AGL,CE,Federal Contract Tower,0,2,29,0,31,0,0,11,0,11,0,2,40,0,42,30,0,30,72
03/02/2003,DET,MI,AGL,CE,Federal Contract Tower,0,6,22,0,28,0,0,38,2,40,0,6,60,2,68,0,0,0,68
03/03/2003,DET,MI,AGL,CE,Federal Contract Tower,2,12,44,0,58,0,1,72,10,83,2,13,116,10,141,42,0,42,183
03/04/2003,DET,MI,AGL,CE,Federal Contract Tower,0,18,39,0,57,0,0,33,8,41,0,18,72,8,98,38,0,38,136
03/05/2003,DET,MI,AGL,CE,Federal Contract Tower,0,17,34,0,51,0,0,90,2,92,0,17,124,2,143,182,0,182,325
03/06/2003,DET,MI,AGL,CE,Federal Contract Tower,0,30,49,0,79,0,4,102,4,110,0,34,151,4,189,171,0,171,360
03/07/2003,DET,MI,AGL,CE,Federal Contract Tower,0,20,29,0,49,0,0,81,2,83,0,20,110,2,132,140,0,140,272
03/08/2003,DET,MI,AGL,CE,Federal Contract Tower,0,2,14,0,16,0,0,28,1,29,0,2,42,1,45,124,0,124,169
03/09/2003,DET,MI,AGL,CE,Federal Contract Tower,0,2,10,0,12,0,0,105,2,107,0,2,115,2,119,60,0,60,179
03/10/2003,DET,MI,AGL,CE,Federal Contract Tower,0,8,23,0,31,0,0,121,2,123,0,8,144,2,154,106,0,106,260
03/11/2003,DET,MI,AGL,CE,Federal Contract Tower,2,12,17,0,31,0,0,102,6,108,2,12,119,6,139,60,0,60,199
03/12/2003,DET,MI,AGL,CE,Federal Contract Tower,2,12,36,0,50,0,1,114,0,115,2,13,150,0,165,50,0,50,215
03/13/2003,DET,MI,AGL,CE,Federal Contract Tower,0,18,34,0,52,0,2,39,2,43,0,20,73,2,95,66,0,66,161
03/14/2003,DET,MI,AGL,CE,Federal Contract Tower,0,20,42,0,62,0,0,98,2,100,0,20,140,2,162,170,0,170,332
03/15/2003,DET,MI,AGL,CE,Federal Contract Tower,0,7,21,0,28,0,0,128,0,128,0,7,149,0,156,168,0,168,324
03/16/2003,DET,MI,AGL,CE,Federal Contract Tower,0,0,30,0,30,0,0,140,6,146,0,0,170,6,176,140,0,140,316
03/17/2003,DET,MI,AGL,CE,Federal Contract Tower,0,21,30,0,51,0,0,101,8,109,0,21,131,8,160,90,0,90,250
03/18/2003,DET,MI,AGL,CE,Federal Contract Tower,0,23,28,0,51,0,2,77,18,97,0,25,105,18,148,72,0,72,220
03/19/2003,DET,MI,AGL,CE,Federal Contract Tower,0,20,45,0,65,0,5,53,7,65,0,25,98,7,130,74,0,74,204
03/20/2003,DET,MI,AGL,CE,Federal Contract Tower,0,26,50,0,76,0,0,102,18,120,0,26,152,18,196,170,0,170,366
03/21/2003,DET,MI,AGL,CE,Federal Contract Tower,0,25,38,0,63,0,1,114,18,133,0,26,152,18,196,170,0,170,366
03/22/2003,DET,MI,AGL,CE,Federal Contract Tower,0,2,14,0,16,0,0,69,4,73,0,2,83,4,89,84,0,84,173
03/23/2003,DET,MI,AGL,CE,Federal Contract Tower,0,9,20,0,29,0,0,116,9,125,0,9,136,9,154,139,0,139,293
03/24/2003,DET,MI,AGL,CE,Federal Contract Tower,0,7,30,2,39,0,1,122,8,131,0,8,152,10,170,81,0,81,251
03/25/2003,DET,MI,AGL,CE,Federal Contract Tower,0,19,35,0,54,0,1,165,14,180,0,20,200,14,234,106,0,106,340
03/26/2003,DET,MI,AGL,CE,Federal Contract Tower,0,17,52,0,69,0,0,89,14,103,0,17,141,14,172,66,0,66,238
03/27/2003,DET,MI,AGL,CE,Federal Contract Tower,0,12,30,0,42,0,0,72,6,78,0,12,102,6,120,148,0,148,268
03/28/2003,DET,MI,AGL,CE,Federal Contract Tower,0,10,30,2,42,0,3,55,4,62,0,13,85,6,104,46,0,46,150
03/29/2003,DET,MI,AGL,CE,Federal Contract Tower,0,7,12,0,19,0,0,65,2,67,0,7,77,2,86,62,0,62,148
03/30/2003,DET,MI,AGL,CE,Federal Contract Tower,0,3,23,0,26,0,0,52,0,52,0,3,75,0,78,76,0,76,154
03/31/2003,DET,MI,AGL,CE,Federal Contract Tower,0,10,26,1,37,0,0,123,17,140,0,10,149,18,177,58,0,58,235
04/01/2003,DET,MI,AGL,CE,Federal Contract Tower,2,14,29,0,45,0,5,136,10,151,2,19,165,10,196,100,0,100,296
04/02/2003,DET,MI,AGL,CE,Federal Contract Tower,0,12,35,0,47,0,5,68,5,78,0,17,103,5,125,139,0,139,264
04/03/2003,DET,MI,AGL,CE,Federal Contract Tower,0,18,46,0,64,0,0,34,10,44,0,18,80,10,108,146,0,146,254
04/04/2003,DET,MI,AGL,CE,Federal Contract Tower,2,13,13,0,28,0,2,15,6,23,2,15,28,6,51,20,0,20,71
04/05/2003,DET,MI,AGL,CE,Federal Contract Tower,0,0,14,0,14,0,0,15,4,19,0,0,29,4,33,10,0,10,43
04/06/2003,DET,MI,AGL,CE,Federal Contract Tower,0,1,25,0,26,0,0,42,6,48,0,1,67,6,74,82,0,82,156
04/07/2003,DET,MI,AGL,CE,Federal Contract Tower,0,4,11,0,15,0,0,3,0,3,0,4,14,0,18,0,0,0,18
04/08/2003,DET,MI,AGL,CE,Federal Contract Tower,0,8,38,0,46,0,0,47,8,55,0,8,85,8,101,0,0,0,101
04/09/2003,DET,MI,AGL,CE,Federal Contract Tower,0,20,38,0,58,0,5,96,5,106,0,25,134,5,164,75,0,75,239
04/10/2003,DET,MI,AGL,CE,Federal Contract Tower,0,31,30,0,61,0,0,120,4,124,0,31,150,4,185,100,0,100,285
04/11/2003,DET,MI,AGL,CE,Federal Contract Tower,2,17,29,0,48,0,4,104,7,115,2,21,133,7,163,116,0,116,279
04/12/2003,DET,MI,AGL,CE,Federal Contract Tower,0,4,23,0,27,0,0,89,6,95,0,4,112,6,122,26,0,26,148
04/13/2003,DET,MI,AGL,CE,Federal Contract Tower,0,3,8,0,11,0,0,157,8,165,0,3,165,8,176,175,0,175,351
04/14/2003,DET,MI,AGL,CE,Federal Contract Tower,0,5,22,0,27,0,0,118,8,126,0,5,140,8,153,72,0,72,225
04/15/2003,DET,MI,AGL,CE,Federal Contract Tower,0,18,40,0,58,0,0,108,6,114,0,18,148,6,172,16,0,16,188
04/16/2003,DET,MI,AGL,CE,Federal Contract Tower,0,20,20,0,40,0,5,78,4,87,0,25,98,4,127,46,0,46,173
04/17/2003,DET,MI,AGL,CE,Federal Contract Tower,0,18,35,0,53,0,0,75,6,81,0,18,110,6,134,128,0,128,262
04/18/2003,DET,MI,AGL,CE,Federal Contract Tower,0,14,24,0,38,0,1,42,0,43,0,15,66,0,81,22,0,22,103
04/19/2003,DET,MI,AGL,CE,Federal Contract Tower,0,4,14,0,18,0,0,66,0,66,0,4,80,0,84,72,0,72,156
04/20/2003,DET,MI,AGL,CE,Federal Contract Tower,0,9,8,0,17,0,0,19,0,19,0,9,27,0,36,14,0,14,50
04/21/2003,DET,MI,AGL,CE,Federal Contract Tower,0,13,30,0,43,0,2,73,0,75,0,15,103,0,118,40,0,40,158
04/22/2003,DET,MI,AGL,CE,Federal Contract Tower,0,26,24,0,50,0,1,86,0,87,0,27,110,0,137,30,0,30,167
04/23/2003,DET,MI,AGL,CE,Federal Contract Tower,0,11,25,0,36,0,0,70,0,70,0,11,95,0,106,55,0,55,161
04/24/2003,DET,MI,AGL,CE,Federal Contract Tower,0,20,40,0,60,0,0,96,0,96,0,20,136,0,156,147,0,147,303
04/25/2003,DET,MI,AGL,CE,Federal Contract Tower,0,20,30,0,50,0,0,116,0,116,0,20,146,0,166,192,0,192,358
04/26/2003,DET,MI,AGL,CE,Federal Contract Tower,0,4,16,0,20,0,0,123,10,133,0,4,139,10,153,100,0,100,253
04/27/2003,DET,MI,AGL,CE,Federal Contract Tower,0,7,35,0,42,0,0,84,0,84,0,7,119,0,126,138,0,138,264
04/28/2003,DET,MI,AGL,CE,Federal Contract Tower,0,16,29,0,45,0,0,61,2,63,0,16,90,2,108,58,0,58,166
04/29/2003,DET,MI,AGL,CE,Federal Contract Tower,0,13,41,2,56,0,0,50,0,50,0,13,91,2,106,72,0,72,178
04/30/2003,DET,MI,AGL,CE,Federal Contract Tower,0,17,36,0,53,0,0,30,0,30,0,17,66,0,83,29,0,29,112
05/01/2003,DET,MI,AGL,CE,Federal Contract Tower,0,20,40,0,60,0,0,54,0,54,0,20,94,0,114,106,0,106,220
05/02/2003,DET,MI,AGL,CE,Federal Contract Tower,0,22,40,0,62,0,4,64,0,68,0,26,104,0,130,132,0,132,262
05/03/2003,DET,MI,AGL,CE,Federal Contract Tower,0,7,25,0,32,0,0,129,2,131,0,7,154,2,163,118,0,118,281
05/04/2003,DET,MI,AGL,CE,Federal Contract Tower,0,5,33,0,38,0,3,141,0,144,0,8,174,0,182,88,0,88,270
05/05/2003,DET,MI,AGL,CE,Federal Contract Tower,0,17,18,0,35,0,0,39,0,39,0,17,57,0,74,0,0,0,74
05/06/2003,DET,MI,AGL,CE,Federal Contract Tower,0,23,36,0,59,0,2,104,2,108,0,25,140,2,167,94,0,94,261
05/07/2003,DET,MI,AGL,CE,Federal Contract Tower,0,9,37,0,46,0,0,27,2,29,0,9,64,2,75,22,0,22,97
05/08/2003,DET,MI,AGL,CE,Federal Contract Tower,0,42,54,0,96,0,0,62,4,66,0,42,116,4,162,150,0,150,312
05/09/2003,DET,MI,AGL,CE,Federal Contract Tower,0,16,28,0,44,0,1,34,0,35,0,17,62,0,79,74,0,74,153
05/10/2003,DET,MI,AGL,CE,Federal Contract Tower,0,7,17,0,24,0,0,50,0,50,0,7,67,0,74,98,0,98,172
05/11/2003,DET,MI,AGL,CE,Federal Contract Tower,0,0,6,0,6,0,0,12,0,12,0,0,18,0,18,0,0,0,18
05/12/2003,DET,MI,AGL,CE,Federal Contract Tower,0,9,21,0,30,0,1,44,4,49,0,10,65,4,79,14,0,14,93
05/13/2003,DET,MI,AGL,CE,Federal Contract Tower,0,30,47,0,77,0,2,95,2,99,0,32,142,2,176,40,0,40,216
05/14/2003,DET,MI,AGL,CE,Federal Contract Tower,0,21,50,0,71,0,0,112,12,124,0,21,162,12,195,174,0,174,369
05/15/2003,DET,MI,AGL,CE,Federal Contract Tower,0,17,51,0,68,0,0,41,0,41,0,17,92,0,109,50,0,50,159
05/16/2003,DET,MI,AGL,CE,Federal Contract Tower,0,17,56,0,73,0,0,38,0,38,0,17,94,0,111,22,0,22,133
05/17/2003,DET,MI,AGL,CE,Federal Contract Tower,0,3,20,0,23,0,15,109,0,124,0,18,129,0,147,132,0,132,279
05/18/2003,DET,MI,AGL,CE,Federal Contract Tower,0,2,34,0,36,0,0,260,4,264,0,2,294,4,300,280,0,280,580
05/19/2003,DET,MI,AGL,CE,Federal Contract Tower,0,5,24,0,29,0,2,154,0,156,0,7,178,0,185,16,0,16,201
05/20/2003,DET,MI,AGL,CE,Federal Contract Tower,0,15,50,0,65,0,0,24,0,24,0,15,74,0,89,26,0,26,115
05/21/2003,DET,MI,AGL,CE,Federal Contract Tower,0,28,46,0,74,0,0,100,10,110,0,28,146,10,184,132,0,132,316
05/22/2003,DET,MI,AGL,CE,Federal Contract Tower,0,20,56,0,76,0,0,96,0,96,0,20,152,0,172,84,0,84,256
05/23/2003,DET,MI,AGL,CE,Federal Contract Tower,0,14,45,0,59,0,0,107,10,117,0,14,152,10,176,36,0,36,212
05/24/2003,DET,MI,AGL,CE,Federal Contract Tower,0,0,33,0,33,0,0,80,16,96,0,0,113,16,129,28,0,28,157
05/25/2003,DET,MI,AGL,CE,Federal Contract Tower,0,4,29,0,33,0,3,124,4,131,0,7,153,4,164,66,0,66,230
05/26/2003,DET,MI,AGL,CE,Federal Contract Tower,0,5,32,0,37,0,0,165,51,216,0,5,197,51,253,110,0,110,363
05/27/2003,DET,MI,AGL,CE,Federal Contract Tower,0,11,25,0,36,0,1,51,0,52,0,12,76,0,88,56,0,56,144
05/28/2003,DET,MI,AGL,CE,Federal Contract Tower,4,18,35,0,57,0,0,57,4,61,4,18,92,4,118,96,0,96,214
05/29/2003,DET,MI,AGL,CE,Federal Contract Tower,0,15,36,0,51,0,0,59,2,61,0,15,95,2,112,84,0,84,196
05/30/2003,DET,MI,AGL,CE,Federal Contract Tower,2,13,42,0,57,0,4,60,4,68,2,17,102,4,125,20,0,20,145
05/31/2003,DET,MI,AGL,CE,Federal Contract Tower,0,6,18,0,24,0,0,18,2,20,0,6,36,2,44,30,0,30,74
06/01/2003,DET,MI,AGL,CE,Federal Contract Tower,0,14,37,0,51,0,0,195,4,199,0,14,232,4,250,70,0,70,320
06/02/2003,DET,MI,AGL,CE,Federal Contract Tower,0,3,30,0,33,0,0,112,12,124,0,3,142,12,157,116,0,116,273
06/03/2003,DET,MI,AGL,CE,Federal Contract Tower,0,10,44,0,54,0,1,32,10,43,0,11,76,10,97,32,0,32,129
06/04/2003,DET,MI,AGL,CE,Federal Contract Tower,0,30,56,0,86,0,0,14,2,16,0,30,70,2,102,50,0,50,152
06/05/2003,DET,MI,AGL,CE,Federal Contract Tower,0,23,42,0,65,0,0,43,0,43,0,23,85,0,108,40,0,40,148
06/06/2003,DET,MI,AGL,CE,Federal Contract Tower,0,8,36,0,44,0,3,91,2,96,0,11,127,2,140,36,0,36,176
06/07/2003,DET,MI,AGL,CE,Federal Contract Tower,0,7,17,0,24,0,0,96,4,100,0,7,113,4,124,90,0,90,214
06/08/2003,DET,MI,AGL,CE,Federal Contract Tower,0,11,27,0,38,0,0,93,0,93,0,11,120,0,131,168,0,168,299
06/09/2003,DET,MI,AGL,CE,Federal Contract Tower,0,11,32,0,43,0,1,138,8,147,0,12,170,8,190,32,0,32,222
06/10/2003,DET,MI,AGL,CE,Federal Contract Tower,0,34,25,0,59,0,1,62,0,63,0,35,87,0,122,54,0,54,176
06/11/2003,DET,MI,AGL,CE,Federal Contract Tower,0,20,40,0,60,0,0,70,10,80,0,20,110,10,140,115,0,115,255
06/12/2003,DET,MI,AGL,CE,Federal Contract Tower,0,22,61,0,83,0,0,17,0,17,0,22,78,0,100,2,0,2,102
06/13/2003,DET,MI,AGL,CE,Federal Contract Tower,0,10,48,0,58,0,3,70,2,75,0,13,118,2,133,18,0,18,151
06/14/2003,DET,MI,AGL,CE,Federal Contract Tower,0,4,35,0,39,0,0,137,0,137,0,4,172,0,176,82,0,82,258
06/15/2003,DET,MI,AGL,CE,Federal Contract Tower,0,2,27,0,29,0,0,99,0,99,0,2,126,0,128,36,0,36,164
06/16/2003,DET,MI,AGL,CE,Federal Contract Tower,0,9,33,0,42,0,0,130,6,136,0,9,163,6,178,50,0,50,228
06/17/2003,DET,MI,AGL,CE,Federal Contract Tower,2,29,58,0,89,0,0,60,1,61,2,29,118,1,150,71,0,71,221
06/18/2003,DET,MI,AGL,CE,Federal Contract Tower,0,30,40,0,70,0,0,86,6,92,0,30,126,6,162,60,0,60,222
06/19/2003,DET,MI,AGL,CE,Federal Contract Tower,2,29,34,2,67,0,0,69,6,75,2,29,103,8,142,22,0,22,164
06/20/2003,DET,MI,AGL,CE,Federal Contract Tower,0,17,43,0,60,0,3,119,2,124,0,20,162,2,184,66,0,66,250
06/21/2003,DET,MI,AGL,CE,Federal Contract Tower,0,7,11,0,18,0,1,99,0,100,0,8,110,0,118,44,0,44,162
06/22/2003,DET,MI,AGL,CE,Federal Contract Tower,0,3,19,0,22,0,0,124,0,124,0,3,143,0,146,28,0,28,174
06/23/2003,DET,MI,AGL,CE,Federal Contract Tower,0,13,21,0,34,0,0,145,0,145,0,13,166,0,179,76,0,76,255
06/24/2003,DET,MI,AGL,CE,Federal Contract Tower,0,29,47,2,78,0,3,97,4,104,0,32,144,6,182,47,0,47,229
06/25/2003,DET,MI,AGL,CE,Federal Contract Tower,2,28,44,0,74,0,0,136,6,142,2,28,180,6,216,186,0,186,402
06/26/2003,DET,MI,AGL,CE,Federal Contract Tower,0,21,43,0,64,0,5,54,0,59,0,26,97,0,123,18,0,18,141
06/27/2003,DET,MI,AGL,CE,Federal Contract Tower,0,18,28,0,46,0,2,136,2,140,0,20,164,2,186,100,0,100,286
06/28/2003,DET,MI,AGL,CE,Federal Contract Tower,0,9,16,0,25,0,0,73,6,79,0,9,89,6,104,24,0,24,128
06/29/2003,DET,MI,AGL,CE,Federal Contract Tower,0,8,20,0,28,0,0,96,4,100,0,8,116,4,128,44,0,44,172
06/30/2003,DET,MI,AGL,CE,Federal Contract Tower,0,5,21,0,26,0,0,123,2,125,0,5,144,2,151,68,0,68,219
07/01/2003,DET,MI,AGL,CE,Federal Contract Tower,0,9,35,0,44,0,1,87,10,98,0,10,122,10,142,117,0,117,259
07/02/2003,DET,MI,AGL,CE,Federal Contract Tower,0,26,38,2,66,0,0,146,10,156,0,26,184,12,222,198,0,198,420
07/03/2003,DET,MI,AGL,CE,Federal Contract Tower,0,21,29,0,50,0,13,116,6,135,0,34,145,6,185,82,0,82,267
07/04/2003,DET,MI,AGL,CE,Federal Contract Tower,0,11,16,0,27,0,2,120,4,126,0,13,136,4,153,34,0,34,187
07/05/2003,DET,MI,AGL,CE,Federal Contract Tower,0,3,15,0,18,0,0,28,4,32,0,3,43,4,50,67,0,67,117
07/06/2003,DET,MI,AGL,CE,Federal Contract Tower,0,1,22,0,23,0,0,94,2,96,0,1,116,2,119,34,0,34,153
07/07/2003,DET,MI,AGL,CE,Federal Contract Tower,1,15,31,0,47,0,2,56,1,59,1,17,87,1,106,41,0,41,147
07/08/2003,DET,MI,AGL,CE,Federal Contract Tower,1,20,35,0,56,0,6,67,4,77,1,26,102,4,133,150,0,150,283
07/09/2003,DET,MI,AGL,CE,Federal Contract Tower,0,28,41,0,69,0,0,86,0,86,0,28,127,0,155,94,0,94,249
07/10/2003,DET,MI,AGL,CE,Federal Contract Tower,0,29,40,0,69,0,0,56,4,60,0,29,96,4,129,8,0,8,137
07/11/2003,DET,MI,AGL,CE,Federal Contract Tower,0,16,42,0,58,0,5,79,0,84,0,21,121,0,142,8,0,8,150
07/12/2003,DET,MI,AGL,CE,Federal Contract Tower,0,5,24,0,29,0,0,117,0,117,0,5,141,0,146,134,0,134,280
07/13/2003,DET,MI,AGL,CE,Federal Contract Tower,0,10,23,0,33,0,1,334,2,337,0,11,357,2,370,102,0,102,472
07/14/2003,DET,MI,AGL,CE,Federal Contract Tower,0,15,23,0,38,0,4,130,4,138,0,19,153,4,176,146,0,146,322
07/15/2003,DET,MI,AGL,CE,Federal Contract Tower,0,24,32,0,56,0,0,94,4,98,0,24,126,4,154,124,0,124,278
07/16/2003,DET,MI,AGL,CE,Federal Contract Tower,0,28,35,0,63,0,4,130,2,136,0,32,165,2,199,80,0,80,279
07/17/2003,DET,MI,AGL,CE,Federal Contract Tower,0,21,55,0,76,0,8,149,2,159,0,29,204,2,235,50,0,50,285
07/18/2003,DET,MI,AGL,CE,Federal Contract Tower,0,21,36,0,57,0,0,120,2,122,0,21,156,2,179,22,0,22,201
07/19/2003,DET,MI,AGL,CE,Federal Contract Tower,0,2,22,0,24,0,0,206,0,206,0,2,228,0,230,96,0,96,326
07/20/2003,DET,MI,AGL,CE,Federal Contract Tower,0,6,17,0,23,0,0,111,0,111,0,6,128,0,134,42,0,42,176
07/21/2003,DET,MI,AGL,CE,Federal Contract Tower,2,10,34,2,48,0,1,41,22,64,2,11,75,24,112,38,0,38,150
07/22/2003,DET,MI,AGL,CE,Federal Contract Tower,0,12,42,0,54,0,14,90,4,108,0,26,132,4,162,82,0,82,244
07/23/2003,DET,MI,AGL,CE,Federal Contract Tower,0,15,45,0,60,0,0,81,4,85,0,15,126,4,145,58,0,58,203
07/24/2003,DET,MI,AGL,CE,Federal Contract Tower,0,17,52,1,70,0,1,86,5,92,0,18,138,6,162,46,0,46,208
07/25/2003,DET,MI,AGL,CE,Federal Contract Tower,0,18,46,0,64,0,0,154,2,156,0,18,200,2,220,52,0,52,272
07/26/2003,DET,MI,AGL,CE,Federal Contract Tower,0,12,18,1,31,0,0,44,3,47,0,12,62,4,78,28,0,28,106
07/27/2003,DET,MI,AGL,CE,Federal Contract Tower,0,5,26,0,31,0,0,72,2,74,0,5,98,2,105,10,0,10,115
07/28/2003,DET,MI,AGL,CE,Federal Contract Tower,0,11,28,0,39,0,4,219,8,231,0,15,247,8,270,128,0,128,398
07/29/2003,DET,MI,AGL,CE,Federal Contract Tower,0,16,60,4,80,0,0,100,6,106,0,16,160,10,186,196,0,196,382
07/30/2003,DET,MI,AGL,CE,Federal Contract Tower,0,22,46,0,68,0,23,78,10,111,0,45,124,10,179,122,0,122,301
07/31/2003,DET,MI,AGL,CE,Federal Contract Tower,0,25,52,0,77,0,5,96,2,103,0,30,148,2,180,38,0,38,218
08/01/2003,DET,MI,AGL,CE,Federal Contract Tower,2,11,36,0,49,0,2,52,0,54,2,13,88,0,103,2,0,2,105
08/02/2003,DET,MI,AGL,CE,Federal Contract Tower,0,9,27,0,36,0,0,20,0,20,0,9,47,0,56,100,0,100,156
08/03/2003,DET,MI,AGL,CE,Federal Contract Tower,0,4,26,0,30,0,0,42,0,42,0,4,68,0,72,38,0,38,110
08/04/2003,DET,MI,AGL,CE,Federal Contract Tower,0,4,21,0,25,0,0,168,8,176,0,4,189,8,201,46,0,46,247
08/05/2003,DET,MI,AGL,CE,Federal Contract Tower,2,31,52,1,86,0,1,44,13,58,2,32,96,14,144,128,0,128,272
08/06/2003,DET,MI,AGL,CE,Federal Contract Tower,2,18,39,0,59,0,4,53,8,65,2,22,92,8,124,66,0,66,190
08/07/2003,DET,MI,AGL,CE,Federal Contract Tower,0,27,41,0,68,0,1,107,4,112,0,28,148,4,180,66,0,66,246
08/08/2003,DET,MI,AGL,CE,Federal Contract Tower,0,19,45,0,64,0,3,87,10,100,0,22,132,10,164,46,0,46,210
08/09/2003,DET,MI,AGL,CE,Federal Contract Tower,0,8,32,0,40,0,0,131,0,131,0,8,163,0,171,60,0,60,231
08/10/2003,DET,MI,AGL,CE,Federal Contract Tower,0,1,45,0,46,0,0,166,2,168,0,1,211,2,214,64,0,64,278
08/11/2003,DET,MI,AGL,CE,Federal Contract Tower,0,23,35,0,58,0,11,145,2,158,0,34,180,2,216,118,0,118,334
08/12/2003,DET,MI,AGL,CE,Federal Contract Tower,2,32,52,0,86,0,0,50,4,54,2,32,102,4,140,98,0,98,238
08/13/2003,DET,MI,AGL,CE,Federal Contract Tower,2,32,31,0,65,0,5,55,4,64,2,37,86,4,129,78,0,78,207
08/14/2003,DET,MI,AGL,CE,Federal Contract Tower,0,17,37,0,54,0,3,105,4,112,0,20,142,4,166,14,0,14,180
08/15/2003,DET,MI,AGL,CE,Federal Contract Tower,3,7,20,0,30,0,4,126,0,130,3,11,146,0,160,10,0,10,170
08/16/2003,DET,MI,AGL,CE,Federal Contract Tower,2,0,21,0,23,0,0,80,0,80,2,0,101,0,103,28,0,28,131
08/17/2003,DET,MI,AGL,CE,Federal Contract Tower,0,0,27,0,27,0,0,264,0,264,0,0,291,0,291,102,0,102,393
08/18/2003,DET,MI,AGL,CE,Federal Contract Tower,0,9,32,0,41,0,4,148,0,152,0,13,180,0,193,138,0,138,331
08/19/2003,DET,MI,AGL,CE,Federal Contract Tower,0,40,44,0,84,0,0,120,0,120,0,40,164,0,204,198,0,198,402
08/20/2003,DET,MI,AGL,CE,Federal Contract Tower,2,18,38,0,58,0,6,114,4,124,2,24,152,4,182,88,0,88,270
08/21/2003,DET,MI,AGL,CE,Federal Contract Tower,2,23,23,0,48,0,1,67,0,68,2,24,90,0,116,52,0,52,168
08/22/2003,DET,MI,AGL,CE,Federal Contract Tower,0,32,36,0,68,0,6,176,8,190,0,38,212,8,258,98,0,98,356
08/23/2003,DET,MI,AGL,CE,Federal Contract Tower,0,3,26,0,29,0,2,187,0,189,0,5,213,0,218,184,0,184,402
08/24/2003,DET,MI,AGL,CE,Federal Contract Tower,0,14,22,0,36,0,0,161,6,167,0,14,183,6,203,116,0,116,319
08/25/2003,DET,MI,AGL,CE,Federal Contract Tower,0,9,30,2,41,0,13,126,2,141,0,22,156,4,182,82,0,82,264
08/26/2003,DET,MI,AGL,CE,Federal Contract Tower,0,16,54,2,72,0,0,50,6,56,0,16,104,8,128,120,0,120,248
08/27/2003,DET,MI,AGL,CE,Federal Contract Tower,0,28,63,0,91,0,7,75,0,82,0,35,138,0,173,90,0,90,263
08/28/2003,DET,MI,AGL,CE,Federal Contract Tower,0,26,52,0,78,0,4,137,0,141,0,30,189,0,219,144,0,144,363
08/29/2003,DET,MI,AGL,CE,Federal Contract Tower,2,18,39,0,59,0,4,86,0,90,2,22,125,0,149,58,0,58,207
08/30/2003,DET,MI,AGL,CE,Federal Contract Tower,0,2,22,0,24,0,0,96,0,96,0,2,118,0,120,104,0,104,224
08/31/2003,DET,MI,AGL,CE,Federal Contract Tower,0,2,20,0,22,0,2,165,4,171,0,4,185,4,193,88,0,88,281
09/01/2003,DET,MI,AGL,CE,Federal Contract Tower,0,6,40,0,46,0,0,24,2,26,0,6,64,2,72,60,0,60,132
09/02/2003,DET,MI,AGL,CE,Federal Contract Tower,0,3,23,0,26,0,2,73,0,75,0,5,96,0,101,102,0,102,203
09/03/2003,DET,MI,AGL,CE,Federal Contract Tower,0,19,30,0,49,0,0,79,2,81,0,19,109,2,130,80,0,80,210
09/04/2003,DET,MI,AGL,CE,Federal Contract Tower,0,31,42,0,73,0,4,86,4,94,0,35,128,4,167,90,0,90,257
09/05/2003,DET,MI,AGL,CE,Federal Contract Tower,0,17,38,0,55,0,2,88,4,94,0,19,126,4,149,48,0,48,197
09/06/2003,DET,MI,AGL,CE,Federal Contract Tower,0,6,24,0,30,0,0,162,0,162,0,6,186,0,192,66,0,66,258
09/07/2003,DET,MI,AGL,CE,Federal Contract Tower,0,11,27,0,38,0,2,178,6,186,0,13,205,6,224,46,0,46,270
09/08/2003,DET,MI,AGL,CE,Federal Contract Tower,0,4,50,0,54,0,0,40,2,42,0,4,90,2,96,104,0,104,200
09/09/2003,DET,MI,AGL,CE,Federal Contract Tower,0,21,52,0,73,0,3,76,4,83,0,24,128,4,156,140,0,140,296
09/10/2003,DET,MI,AGL,CE,Federal Contract Tower,4,20,44,0,68,0,1,78,6,85,4,21,122,6,153,90,0,90,243
09/11/2003,DET,MI,AGL,CE,Federal Contract Tower,0,17,37,0,54,0,0,57,0,57,0,17,94,0,111,100,0,100,211
09/12/2003,DET,MI,AGL,CE,Federal Contract Tower,3,21,44,0,68,0,0,102,8,110,3,21,146,8,178,138,0,138,316
09/13/2003,DET,MI,AGL,CE,Federal Contract Tower,3,7,26,0,36,0,0,246,0,246,3,7,272,0,282,152,0,152,434
09/14/2003,DET,MI,AGL,CE,Federal Contract Tower,0,9,25,0,34,0,1,159,4,164,0,10,184,4,198,35,0,35,233
09/15/2003,DET,MI,AGL,CE,Federal Contract Tower,0,18,40,0,58,0,0,80,0,80,0,18,120,0,138,136,0,136,274
09/16/2003,DET,MI,AGL,CE,Federal Contract Tower,2,24,34,0,60,0,0,110,0,110,2,24,144,0,170,128,0,128,298
09/17/2003,DET,MI,AGL,CE,Federal Contract Tower,0,22,47,0,69,0,0,105,0,105,0,22,152,0,174,194,0,194,368
09/18/2003,DET,MI,AGL,CE,Federal Contract Tower,0,20,36,0,56,0,0,106,4,110,0,20,142,4,166,42,0,42,208
09/19/2003,DET,MI,AGL,CE,Federal Contract Tower,4,17,48,0,69,0,8,71,4,83,4,25,119,4,152,22,0,22,174
09/20/2003,DET,MI,AGL,CE,Federal Contract Tower,0,4,20,0,24,0,2,111,0,113,0,6,131,0,137,178,0,178,315
09/21/2003,DET,MI,AGL,CE,Federal Contract Tower,0,5,28,0,33,0,4,167,0,171,0,9,195,0,204,70,0,70,274
09/22/2003,DET,MI,AGL,CE,Federal Contract Tower,0,18,46,0,64,0,0,30,2,32,0,18,76,2,96,4,0,4,100
09/23/2003,DET,MI,AGL,CE,Federal Contract Tower,0,22,59,0,81,0,0,56,0,56,0,22,115,0,137,104,0,104,241
09/24/2003,DET,MI,AGL,CE,Federal Contract Tower,0,20,28,0,48,0,3,72,2,77,0,23,100,2,125,18,0,18,143
09/25/2003,DET,MI,AGL,CE,Federal Contract Tower,2,27,38,0,67,0,2,68,2,72,2,29,106,2,139,74,0,74,213
09/26/2003,DET,MI,AGL,CE,Federal Contract Tower,0,14,26,0,40,0,0,214,4,218,0,14,240,4,258,182,0,182,440
09/27/2003,DET,MI,AGL,CE,Federal Contract Tower,0,8,20,0,28,0,0,52,0,52,0,8,72,0,80,10,0,10,90
09/28/2003,DET,MI,AGL,CE,Federal Contract Tower,0,13,32,0,45,0,12,169,12,193,0,25,201,12,238,116,0,116,354
09/29/2003,DET,MI,AGL,CE,Federal Contract Tower,0,14,45,0,59,0,0,85,10,95,0,14,130,10,154,160,0,160,314
09/30/2003,DET,MI,AGL,CE,Federal Contract Tower,0,29,44,0,73,0,4,75,10,89,0,33,119,10,162,52,0,52,214
10/01/2003,DET,MI,AGL,CE,Federal Contract Tower,0,18,40,0,58,0,1,100,4,105,0,19,140,4,163,42,0,42,205
10/02/2003,DET,MI,AGL,CE,Federal Contract Tower,0,22,49,0,71,0,8,62,2,72,0,30,111,2,143,48,0,48,191
10/03/2003,DET,MI,AGL,CE,Federal Contract Tower,1,17,37,0,55,1,2,34,2,39,2,19,71,2,94,0,0,0,94
10/04/2003,DET,MI,AGL,CE,Federal Contract Tower,0,4,16,0,20,0,0,112,4,116,0,4,128,4,136,94,0,94,230
10/05/2003,DET,MI,AGL,CE,Federal Contract Tower,0,7,15,0,22,0,3,209,6,218,0,10,224,6,240,114,0,114,354
10/06/2003,DET,MI,AGL,CE,Federal Contract Tower,0,18,38,0,56,0,6,102,6,114,0,24,140,6,170,180,0,180,350
10/07/2003,DET,MI,AGL,CE,Federal Contract Tower,0,14,33,0,47,0,0,89,8,97,0,14,122,8,144,90,0,90,234
10/08/2003,DET,MI,AGL,CE,Federal Contract Tower,0,16,35,0,51,0,0,125,8,133,0,16,160,8,184,96,0,96,280
10/09/2003,DET,MI,AGL,CE,Federal Contract Tower,1,17,44,0,62,1,0,145,0,146,2,17,189,0,208,120,0,120,328
10/10/2003,DET,MI,AGL,CE,Federal Contract Tower,1,26,54,0,81,1,3,70,2,76,2,29,124,2,157,68,0,68,225
10/11/2003,DET,MI,AGL,CE,Federal Contract Tower,0,9,18,0,27,0,5,150,0,155,0,14,168,0,182,104,0,104,286
10/12/2003,DET,MI,AGL,CE,Federal Contract Tower,0,7,16,0,23,0,6,278,0,284,0,13,294,0,307,132,0,132,439
10/13/2003,DET,MI,AGL,CE,Federal Contract Tower,0,24,49,0,73,0,0,137,4,141,0,24,186,4,214,216,0,216,430
10/14/2003,DET,MI,AGL,CE,Federal Contract Tower,0,18,39,0,57,0,2,21,2,25,0,20,60,2,82,50,0,50,132
10/15/2003,DET,MI,AGL,CE,Federal Contract Tower,0,19,40,1,60,0,3,74,3,80,0,22,114,4,140,36,0,36,176
10/16/2003,DET,MI,AGL,CE,Federal Contract Tower,0,17,35,0,52,0,0,116,0,116,0,17,151,0,168,56,0,56,224
10/17/2003,DET,MI,AGL,CE,Federal Contract Tower,0,18,39,1,58,2,8,110,1,121,2,26,149,2,179,54,0,54,233
10/18/2003,DET,MI,AGL,CE,Federal Contract Tower,0,2,13,1,16,0,0,119,3,122,0,2,132,4,138,100,0,100,238
10/19/2003,DET,MI,AGL,CE,Federal Contract Tower,0,10,21,0,31,0,3,225,6,234,0,13,246,6,265,162,0,162,427
10/20/2003,DET,MI,AGL,CE,Federal Contract Tower,0,12,38,0,50,0,0,86,4,90,0,12,124,4,140,174,0,174,314
10/21/2003,DET,MI,AGL,CE,Federal Contract Tower,0,20,44,0,64,0,0,46,2,48,0,20,90,2,112,24,0,24,136
10/22/2003,DET,MI,AGL,CE,Federal Contract Tower,0,23,50,0,73,0,0,100,4,104,0,23,150,4,177,28,0,28,205
10/23/2003,DET,MI,AGL,CE,Federal Contract Tower,0,17,37,0,54,2,1,71,0,74,2,18,108,0,128,56,0,56,184
10/24/2003,DET,MI,AGL,CE,Federal Contract Tower,0,16,34,0,50,2,5,94,0,101,2,21,128,0,151,60,0,60,211
10/25/2003,DET,MI,AGL,CE,Federal Contract Tower,0,6,15,0,21,0,0,24,4,28,0,6,39,4,49,30,0,30,79
10/26/2003,DET,MI,AGL,CE,Federal Contract Tower,0,20,44,0,64,0,8,82,6,96,0,28,126,6,160,190,0,190,350
10/27/2003,DET,MI,AGL,CE,Federal Contract Tower,0,15,33,0,48,0,0,52,2,54,0,15,85,2,102,92,0,92,194
10/28/2003,DET,MI,AGL,CE,Federal Contract Tower,0,14,31,0,45,0,0,29,2,31,0,14,60,2,76,54,0,54,130
10/29/2003,DET,MI,AGL,CE,Federal Contract Tower,0,20,46,0,66,0,0,4,0,4,0,20,50,0,70,80,0,80,150
10/30/2003,DET,MI,AGL,CE,Federal Contract Tower,0,16,34,0,50,2,0,276,6,284,2,16,310,6,334,108,0,108,442
10/31/2003,DET,MI,AGL,CE,Federal Contract Tower,0,13,29,0,42,0,2,133,0,135,0,15,162,0,177,56,0,56,233
11/01/2003,DET,MI,AGL,CE,Federal Contract Tower,0,9,22,0,31,0,3,177,6,186,0,12,199,6,217,118,0,118,335
11/02/2003,DET,MI,AGL,CE,Federal Contract Tower,0,10,28,0,38,0,0,42,0,42,0,10,70,0,80,90,0,90,170
11/03/2003,DET,MI,AGL,CE,Federal Contract Tower,0,9,35,0,44,0,0,43,4,47,0,9,78,4,91,16,0,16,107
11/04/2003,DET,MI,AGL,CE,Federal Contract Tower,0,22,55,0,77,0,0,80,0,80,0,22,135,0,157,68,0,68,225
11/05/2003,DET,MI,AGL,CE,Federal Contract Tower,0,16,36,0,52,0,0,60,2,62,0,16,96,2,114,92,0,92,206
11/06/2003,DET,MI,AGL,CE,Federal Contract Tower,0,15,37,0,52,0,0,139,6,145,0,15,176,6,197,114,0,114,311
11/07/2003,DET,MI,AGL,CE,Federal Contract Tower,0,15,33,0,48,0,5,145,5,155,0,20,178,5,203,30,0,30,233
11/08/2003,DET,MI,AGL,CE,Federal Contract Tower,0,8,17,0,25,2,2,209,4,217,2,10,226,4,242,110,0,110,352
11/09/2003,DET,MI,AGL,CE,Federal Contract Tower,0,14,32,0,46,0,6,178,10,194,0,20,210,10,240,208,0,208,448
11/10/2003,DET,MI,AGL,CE,Federal Contract Tower,0,12,42,0,54,0,0,57,8,65,0,12,99,8,119,85,0,85,204
11/11/2003,DET,MI,AGL,CE,Federal Contract Tower,0,17,39,0,56,0,1,23,0,24,0,18,62,0,80,46,0,46,126
11/12/2003,DET,MI,AGL,CE,Federal Contract Tower,0,18,42,0,60,0,8,25,0,33,0,26,67,0,93,18,0,18,111
11/13/2003,DET,MI,AGL,CE,Federal Contract Tower,0,16,37,0,53,2,19,51,0,72,2,35,88,0,125,2,0,2,127
11/14/2003,DET,MI,AGL,CE,Federal Contract Tower,0,15,37,1,53,0,6,57,1,64,0,21,94,2,117,19,0,19,136
11/15/2003,DET,MI,AGL,CE,Federal Contract Tower,0,10,26,1,37,0,0,135,3,138,0,10,161,4,175,70,0,70,245
11/16/2003,DET,MI,AGL,CE,Federal Contract Tower,0,10,36,0,46,0,0,14,0,14,0,10,50,0,60,65,0,65,125
11/17/2003,DET,MI,AGL,CE,Federal Contract Tower,0,16,38,0,54,0,1,62,4,67,0,17,100,4,121,106,0,106,227
11/18/2003,DET,MI,AGL,CE,Federal Contract Tower,0,14,35,0,49,0,4,37,4,45,0,18,72,4,94,20,0,20,114
11/19/2003,DET,MI,AGL,CE,Federal Contract Tower,0,17,42,0,59,0,9,78,2,89,0,26,120,2,148,130,0,130,278
11/20/2003,DET,MI,AGL,CE,Federal Contract Tower,0,16,38,0,54,0,0,102,0,102,0,16,140,0,156,72,0,72,228
11/21/2003,DET,MI,AGL,CE,Federal Contract Tower,0,17,41,0,58,0,5,179,8,192,0,22,220,8,250,72,0,72,322
11/22/2003,DET,MI,AGL,CE,Federal Contract Tower,0,7,24,0,31,0,0,95,4,99,0,7,119,4,130,119,0,119,249
11/23/2003,DET,MI,AGL,CE,Federal Contract Tower,0,5,13,0,18,0,4,188,4,196,0,9,201,4,214,214,4,218,432
11/24/2003,DET,MI,AGL,CE,Federal Contract Tower,0,11,29,0,40,0,9,15,2,26,0,20,44,2,66,18,0,18,84
11/25/2003,DET,MI,AGL,CE,Federal Contract Tower,0,14,43,0,57,0,0,92,8,100,0,14,135,8,157,128,0,128,285
11/26/2003,DET,MI,AGL,CE,Federal Contract Tower,0,15,36,0,51,0,6,140,2,148,0,21,176,2,199,102,0,102,301
11/27/2003,DET,MI,AGL,CE,Federal Contract Tower,0,7,22,0,29,0,0,1,0,1,0,7,23,0,30,0,0,0,30
11/28/2003,DET,MI,AGL,CE,Federal Contract Tower,0,5,15,0,20,0,2,37,0,39,0,7,52,0,59,0,0,0,59
11/29/2003,DET,MI,AGL,CE,Federal Contract Tower,0,7,19,0,26,0,1,29,5,35,0,8,48,5,61,24,0,24,85
11/30/2003,DET,MI,AGL,CE,Federal Contract Tower,0,18,48,0,66,0,0,92,6,98,0,18,140,6,164,130,0,130,294
12/01/2003,DET,MI,AGL,CE,Federal Contract Tower,0,17,39,0,56,0,5,29,0,34,0,22,68,0,90,0,0,0,90
12/02/2003,DET,MI,AGL,CE,Federal Contract Tower,0,12,43,0,55,0,0,99,2,101,0,12,142,2,156,60,0,60,216
12/03/2003,DET,MI,AGL,CE,Federal Contract Tower,0,20,45,0,65,0,3,98,0,101,0,23,143,0,166,62,0,62,228
12/04/2003,DET,MI,AGL,CE,Federal Contract Tower,0,16,37,0,53,0,2,57,2,61,0,18,94,2,114,16,0,16,130
12/05/2003,DET,MI,AGL,CE,Federal Contract Tower,0,13,31,0,44,0,4,61,4,69,0,17,92,4,113,0,0,0,113
12/06/2003,DET,MI,AGL,CE,Federal Contract Tower,0,4,24,0,28,0,0,125,2,127,0,4,149,2,155,104,0,104,259
12/07/2003,DET,MI,AGL,CE,Federal Contract Tower,0,13,36,0,49,0,0,174,6,180,0,13,210,6,229,198,0,198,427
12/08/2003,DET,MI,AGL,CE,Federal Contract Tower,0,10,35,0,45,0,0,74,4,78,0,10,109,4,123,54,0,54,177
12/09/2003,DET,MI,AGL,CE,Federal Contract Tower,0,19,42,0,61,0,1,12,2,15,0,20,54,2,76,0,0,0,76
12/10/2003,DET,MI,AGL,CE,Federal Contract Tower,0,17,34,0,51,0,3,0,2,5,0,20,34,2,56,10,0,10,66
12/11/2003,DET,MI,AGL,CE,Federal Contract Tower,0,16,33,0,49,0,3,25,6,34,0,19,58,6,83,0,0,0,83
12/12/2003,DET,MI,AGL,CE,Federal Contract Tower,0,20,49,0,69,0,0,155,0,155,0,20,204,0,224,26,0,26,250
12/13/2003,DET,MI,AGL,CE,Federal Contract Tower,0,9,23,0,32,0,0,210,2,212,0,9,233,2,244,118,0,118,362
12/14/2003,DET,MI,AGL,CE,Federal Contract Tower,0,4,20,0,24,0,0,10,4,14,0,4,30,4,38,20,0,20,58
12/15/2003,DET,MI,AGL,CE,Federal Contract Tower,0,24,54,0,78,0,13,35,8,56,0,37,89,8,134,38,0,38,172
12/16/2003,DET,MI,AGL,CE,Federal Contract Tower,0,18,41,0,59,2,3,62,0,67,2,21,103,0,126,6,0,6,132
12/17/2003,DET,MI,AGL,CE,Federal Contract Tower,0,20,48,0,68,2,0,57,0,59,2,20,105,0,127,22,0,22,149
12/18/2003,DET,MI,AGL,CE,Federal Contract Tower,0,22,52,0,74,2,2,61,4,69,2,24,113,4,143,8,0,8,151
12/19/2003,DET,MI,AGL,CE,Federal Contract Tower,0,12,29,0,41,0,9,87,2,98,0,21,116,2,139,12,0,12,151
12/20/2003,DET,MI,AGL,CE,Federal Contract Tower,0,8,20,0,28,0,3,148,2,153,0,11,168,2,181,118,0,118,299
12/21/2003,DET,MI,AGL,CE,Federal Contract Tower,0,5,12,0,17,0,2,72,4,78,0,7,84,4,95,64,0,64,159
12/22/2003,DET,MI,AGL,CE,Federal Contract Tower,0,11,25,0,36,0,2,81,6,89,0,13,106,6,125,28,0,28,153
12/23/2003,DET,MI,AGL,CE,Federal Contract Tower,0,10,23,0,33,0,4,39,0,43,0,14,62,0,76,0,0,0,76
12/24/2003,DET,MI,AGL,CE,Federal Contract Tower,0,5,12,0,17,0,6,30,6,42,0,11,42,6,59,6,0,6,65
12/25/2003,DET,MI,AGL,CE,Federal Contract Tower,0,3,10,0,13,0,5,3,0,8,0,8,13,0,21,0,0,0,21
12/26/2003,DET,MI,AGL,CE,Federal Contract Tower,0,12,29,0,41,0,1,177,8,186,0,13,206,8,227,104,0,104,331
12/27/2003,DET,MI,AGL,CE,Federal Contract Tower,0,10,25,0,35,0,0,145,8,153,0,10,170,8,188,194,0,194,382
12/28/2003,DET,MI,AGL,CE,Federal Contract Tower,0,7,16,0,23,0,3,96,8,107,0,10,112,8,130,74,0,74,204
12/29/2003,DET,MI,AGL,CE,Federal Contract Tower,0,7,17,0,24,0,3,15,0,18,0,10,32,0,42,0,0,0,42
12/30/2003,DET,MI,AGL,CE,Federal Contract Tower,0,7,17,0,24,0,0,47,2,49,0,7,64,2,73,10,0,10,83
12/31/2003,DET,MI,AGL,CE,Federal Contract Tower,0,3,10,0,13,0,3,128,6,137,0,6,138,6,150,34,0,34,184
01/01/2004,DET,MI,AGL,CE,Federal Contract Tower,0,1,7,0,8,0,5,113,4,122,0,6,120,4,130,78,0,78,208
01/02/2004,DET,MI,AGL,CE,Federal Contract Tower,0,4,15,0,19,0,0,55,4,59,0,4,70,4,78,28,0,28,106
01/03/2004,DET,MI,AGL,CE,Federal Contract Tower,0,8,16,0,24,0,2,86,6,94,0,10,102,6,118,220,0,220,338
01/04/2004,DET,MI,AGL,CE,Federal Contract Tower,0,6,13,0,19,0,0,14,6,20,0,6,27,6,39,10,0,10,49
01/05/2004,DET,MI,AGL,CE,Federal Contract Tower,0,11,23,0,34,0,7,42,0,49,0,18,65,0,83,0,0,0,83
01/06/2004,DET,MI,AGL,CE,Federal Contract Tower,0,18,37,1,56,2,5,28,1,36,2,23,65,2,92,4,0,4,96
01/07/2004,DET,MI,AGL,CE,Federal Contract Tower,1,28,64,1,94,0,13,47,3,63,1,41,111,4,157,0,0,0,157
01/08/2004,DET,MI,AGL,CE,Federal Contract Tower,0,30,68,1,99,0,6,128,3,137,0,36,196,4,236,132,0,132,368
01/09/2004,DET,MI,AGL,CE,Federal Contract Tower,0,27,56,1,84,0,4,188,7,199,0,31,244,8,283,172,0,172,455
01/10/2004,DET,MI,AGL,CE,Federal Contract Tower,0,0,34,0,34,0,0,78,4,82,0,0,112,4,116,150,0,150,266
01/11/2004,DET,MI,AGL,CE,Federal Contract Tower,0,10,30,0,40,0,0,26,0,26,0,10,56,0,66,26,0,26,92
01/12/2004,DET,MI,AGL,CE,Federal Contract Tower,0,16,36,0,52,0,0,52,8,60,0,16,88,8,112,4,0,4,116
01/13/2004,DET,MI,AGL,CE,Federal Contract Tower,0,23,49,0,72,0,5,60,6,71,0,28,109,6,143,52,0,52,195
01/14/2004,DET,MI,AGL,CE,Federal Contract Tower,0,12,28,0,40,0,0,24,0,24,0,12,52,0,64,0,0,0,64
01/15/2004,DET,MI,AGL,CE,Federal Contract Tower,2,22,50,0,74,1,0,124,0,125,3,22,174,0,199,54,0,54,253
01/16/2004,DET,MI,AGL,CE,Federal Contract Tower,0,19,42,0,61,0,2,112,4,118,0,21,154,4,179,60,0,60,239
01/17/2004,DET,MI,AGL,CE,Federal Contract Tower,0,4,10,0,14,0,0,10,0,10,0,4,20,0,24,20,0,20,44
01/18/2004,DET,MI,AGL,CE,Federal Contract Tower,0,3,14,0,17,0,0,40,8,48,0,3,54,8,65,32,0,32,97
01/19/2004,DET,MI,AGL,CE,Federal Contract Tower,0,5,22,0,27,0,0,52,0,52,0,5,74,0,79,20,0,20,99
01/20/2004,DET,MI,AGL,CE,Federal Contract Tower,0,17,37,0,54,0,4,70,2,76,0,21,107,2,130,70,0,70,200
01/21/2004,DET,MI,AGL,CE,Federal Contract Tower,0,14,34,0,48,0,0,69,2,71,0,14,103,2,119,42,0,42,161
01/22/2004,DET,MI,AGL,CE,Federal Contract Tower,0,12,26,0,38,1,6,56,8,71,1,18,82,8,109,26,0,26,135
01/23/2004,DET,MI,AGL,CE,Federal Contract Tower,0,15,34,0,49,4,8,83,6,101,4,23,117,6,150,56,0,56,206
01/24/2004,DET,MI,AGL,CE,Federal Contract Tower,0,2,17,0,19,0,0,59,4,63,0,2,76,4,82,80,0,80,162
01/25/2004,DET,MI,AGL,CE,Federal Contract Tower,0,1,9,0,10,0,0,51,6,57,0,1,60,6,67,64,0,64,131
01/26/2004,DET,MI,AGL,CE,Federal Contract Tower,0,9,19,0,28,0,2,19,2,23,0,11,38,2,51,0,0,0,51
01/27/2004,DET,MI,AGL,CE,Federal Contract Tower,0,4,11,0,15,0,5,6,0,11,0,9,17,0,26,0,0,0,26
01/28/2004,DET,MI,AGL,CE,Federal Contract Tower,0,14,31,0,45,0,8,92,0,100,0,22,123,0,145,22,0,22,167
01/29/2004,DET,MI,AGL,CE,Federal Contract Tower,0,20,44,0,64,6,2,58,6,72,6,22,102,6,136,70,0,70,206
01/30/2004,DET,MI,AGL,CE,Federal Contract Tower,0,15,34,0,49,2,0,106,6,114,2,15,140,6,163,60,0,60,223
01/31/2004,DET,MI,AGL,CE,Federal Contract Tower,0,4,26,0,30,0,0,52,0,52,0,4,78,0,82,72,0,72,154
02/01/2004,DET,MI,AGL,CE,Federal Contract Tower,0,2,11,0,13,0,0,75,0,75,0,2,86,0,88,89,0,89,177
02/02/2004,DET,MI,AGL,CE,Federal Contract Tower,0,6,16,0,22,0,2,70,0,72,0,8,86,0,94,12,0,12,106
02/03/2004,DET,MI,AGL,CE,Federal Contract Tower,0,10,26,0,36,0,9,26,0,35,0,19,52,0,71,0,0,0,71
02/04/2004,DET,MI,AGL,CE,Federal Contract Tower,0,13,39,0,52,0,0,105,0,105,0,13,144,0,157,142,0,142,299
02/05/2004,DET,MI,AGL,CE,Federal Contract Tower,1,14,30,0,45,0,7,65,6,78,1,21,95,6,123,10,0,10,133
02/06/2004,DET,MI,AGL,CE,Federal Contract Tower,1,13,29,0,43,5,0,84,4,93,6,13,113,4,136,48,0,48,184
02/07/2004,DET,MI,AGL,CE,Federal Contract Tower,1,4,12,0,17,1,0,63,4,68,2,4,75,4,85,81,0,81,166
02/08/2004,DET,MI,AGL,CE,Federal Contract Tower,0,7,19,0,26,0,0,64,7,71,0,7,83,7,97,126,0,126,223
02/09/2004,DET,MI,AGL,CE,Federal Contract Tower,0,12,26,0,38,0,4,48,10,62,0,16,74,10,100,10,0,10,110
02/10/2004,DET,MI,AGL,CE,Federal Contract Tower,0,15,33,0,48,0,2,58,4,64,0,17,91,4,112,22,0,22,134
02/11/2004,DET,MI,AGL,CE,Federal Contract Tower,0,15,31,0,46,0,3,130,0,133,0,18,161,0,179,202,0,202,381
02/12/2004,DET,MI,AGL,CE,Federal Contract Tower,0,14,29,0,43,0,4,79,6,89,0,18,108,6,132,56,0,56,188
02/13/2004,DET,MI,AGL,CE,Federal Contract Tower,0,9,19,0,28,0,10,87,6,103,0,19,106,6,131,49,0,49,180
02/14/2004,DET,MI,AGL,CE,Federal Contract Tower,0,10,27,1,38,0,0,69,5,74,0,10,96,6,112,193,0,193,305
02/15/2004,DET,MI,AGL,CE,Federal Contract Tower,0,2,11,1,14,0,0,65,3,68,0,2,76,4,82,90,0,90,172
02/16/2004,DET,MI,AGL,CE,Federal Contract Tower,0,11,24,0,35,0,7,58,8,73,0,18,82,8,108,100,0,100,208
02/17/2004,DET,MI,AGL,CE,Federal Contract Tower,0,10,24,0,34,0,6,123,2,131,0,16,147,2,165,108,0,108,273
02/18/2004,DET,MI,AGL,CE,Federal Contract Tower,0,21,45,0,66,2,5,93,0,100,2,26,138,0,166,80,0,80,246
02/19/2004,DET,MI,AGL,CE,Federal Contract Tower,0,17,38,0,55,1,0,85,6,92,1,17,123,6,147,86,0,86,233
02/20/2004,DET,MI,AGL,CE,Federal Contract Tower,0,10,23,0,33,1,2,37,6,46,1,12,60,6,79,60,0,60,139
02/21/2004,DET,MI,AGL,CE,Federal Contract Tower,0,3,11,0,14,2,0,12,6,20,2,3,23,6,34,50,0,50,84
02/22/2004,DET,MI,AGL,CE,Federal Contract Tower,0,9,24,0,33,0,0,106,8,114,0,9,130,8,147,154,0,154,301
02/23/2004,DET,MI,AGL,CE,Federal Contract Tower,0,11,24,0,35,2,3,26,6,37,2,14,50,6,72,52,0,52,124
02/24/2004,DET,MI,AGL,CE,Federal Contract Tower,0,13,29,0,42,0,2,77,6,85,0,15,106,6,127,46,0,46,173
02/25/2004,DET,MI,AGL,CE,Federal Contract Tower,0,17,47,0,64,0,0,117,4,121,0,17,164,4,185,200,0,200,385
02/26/2004,DET,MI,AGL,CE,Federal Contract Tower,0,18,40,0,58,0,2,132,8,142,0,20,172,8,200,156,0,156,356
02/27/2004,DET,MI,AGL,CE,Federal Contract Tower,0,24,51,0,75,0,2,139,18,159,0,26,190,18,234,220,0,220,454
02/28/2004,DET,MI,AGL,CE,Federal Contract Tower,0,6,15,0,21,0,2,85,4,91,0,8,100,4,112,226,0,226,338
02/29/2004,DET,MI,AGL,CE,Federal Contract Tower,0,7,22,0,29,0,0,120,6,126,0,7,142,6,155,166,0,166,321
03/01/2004,DET,MI,AGL,CE,Federal Contract Tower,0,10,33,0,43,0,11,62,6,79,0,21,95,6,122,6,0,6,128
03/02/2004,DET,MI,AGL,CE,Federal Contract Tower,0,10,29,0,39,0,2,67,10,79,0,12,96,10,118,28,0,28,146
03/03/2004,DET,MI,AGL,CE,Federal Contract Tower,0,13,45,0,58,0,0,56,4,60,0,13,101,4,118,122,0,122,240
03/04/2004,DET,MI,AGL,CE,Federal Contract Tower,1,14,44,0,59,1,0,98,8,107,2,14,142,8,166,92,0,92,258
03/05/2004,DET,MI,AGL,CE,Federal Contract Tower,0,7,20,0,27,0,1,29,10,40,0,8,49,10,67,57,0,57,124
03/06/2004,DET,MI,AGL,CE,Federal Contract Tower,0,4,13,0,17,0,2,27,6,35,0,6,40,6,52,74,0,74,126
03/07/2004,DET,MI,AGL,CE,Federal Contract Tower,0,3,8,0,11,0,0,39,6,45,0,3,47,6,56,16,0,16,72
03/08/2004,DET,MI,AGL,CE,Federal Contract Tower,0,9,42,0,51,0,0,56,2,58,0,9,98,2,109,18,0,18,127
03/09/2004,DET,MI,AGL,CE,Federal Contract Tower,1,9,50,0,60,0,0,98,4,102,1,9,148,4,162,66,0,66,228
03/10/2004,DET,MI,AGL,CE,Federal Contract Tower,0,17,50,0,67,0,6,152,6,164,0,23,202,6,231,148,0,148,379
03/11/2004,DET,MI,AGL,CE,Federal Contract Tower,0,19,56,0,75,0,2,63,4,69,0,21,119,4,144,56,0,56,200
03/12/2004,DET,MI,AGL,CE,Federal Contract Tower,1,13,42,0,56,1,0,52,6,59,2,13,94,6,115,105,0,105,220
03/13/2004,DET,MI,AGL,CE,Federal Contract Tower,0,0,16,0,16,0,0,116,6,122,0,0,132,6,138,198,0,198,336
03/14/2004,DET,MI,AGL,CE,Federal Contract Tower,0,4,14,0,18,0,3,6,0,9,0,7,20,0,27,0,0,0,27
03/15/2004,DET,MI,AGL,CE,Federal Contract Tower,0,8,22,0,30,0,1,57,4,62,0,9,79,4,92,24,0,24,116
03/16/2004,DET,MI,AGL,CE,Federal Contract Tower,0,7,22,0,29,0,8,20,0,28,0,15,42,0,57,0,0,0,57
03/17/2004,DET,MI,AGL,CE,Federal Contract Tower,0,12,36,0,48,0,8,11,0,19,0,20,47,0,67,32,0,32,99
03/18/2004,DET,MI,AGL,CE,Federal Contract Tower,0,15,43,0,58,0,7,62,4,73,0,22,105,4,131,38,0,38,169
03/19/2004,DET,MI,AGL,CE,Federal Contract Tower,0,18,52,0,70,6,11,23,8,48,6,29,75,8,118,110,0,110,228
03/20/2004,DET,MI,AGL,CE,Federal Contract Tower,0,5,15,0,20,0,0,14,0,14,0,5,29,0,34,26,0,26,60
03/21/2004,DET,MI,AGL,CE,Federal Contract Tower,0,0,17,0,17,0,0,71,4,75,0,0,88,4,92,72,0,72,164
03/22/2004,DET,MI,AGL,CE,Federal Contract Tower,0,4,25,0,29,2,0,123,4,129,2,4,148,4,158,122,0,122,280
03/23/2004,DET,MI,AGL,CE,Federal Contract Tower,0,12,35,0,47,0,3,93,6,102,0,15,128,6,149,240,0,240,389
03/24/2004,DET,MI,AGL,CE,Federal Contract Tower,0,12,37,0,49,2,0,23,0,25,2,12,60,0,74,0,0,0,74
03/25/2004,DET,MI,AGL,CE,Federal Contract Tower,0,15,45,0,60,1,1,105,6,113,1,16,150,6,173,66,0,66,239
03/26/2004,DET,MI,AGL,CE,Federal Contract Tower,0,12,37,0,49,0,6,62,4,72,0,18,99,4,121,104,0,104,225
03/27/2004,DET,MI,AGL,CE,Federal Contract Tower,0,6,29,0,35,0,0,82,8,90,0,6,111,8,125,158,0,158,283
03/28/2004,DET,MI,AGL,CE,Federal Contract Tower,0,5,24,0,29,0,0,70,4,74,0,5,94,4,103,54,0,54,157
03/29/2004,DET,MI,AGL,CE,Federal Contract Tower,0,11,32,0,43,0,3,41,6,50,0,14,73,6,93,20,0,20,113
03/30/2004,DET,MI,AGL,CE,Federal Contract Tower,0,10,29,0,39,0,1,39,0,40,0,11,68,0,79,6,0,6,85
03/31/2004,DET,MI,AGL,CE,Federal Contract Tower,0,13,39,0,52,0,3,79,8,90,0,16,118,8,142,40,0,40,182
04/01/2004,DET,MI,AGL,CE,Federal Contract Tower,1,14,39,0,54,0,1,92,6,99,1,15,131,6,153,66,0,66,219
04/02/2004,DET,MI,AGL,CE,Federal Contract Tower,0,15,45,0,60,0,0,91,6,97,0,15,136,6,157,130,0,130,287
04/03/2004,DET,MI,AGL,CE,Federal Contract Tower,0,6,27,0,33,0,0,113,17,130,0,6,140,17,163,208,0,208,371
04/04/2004,DET,MI,AGL,CE,Federal Contract Tower,0,4,23,0,27,0,0,38,4,42,0,4,61,4,69,46,0,46,115
04/05/2004,DET,MI,AGL,CE,Federal Contract Tower,0,7,28,0,35,0,0,97,6,103,0,7,125,6,138,46,0,46,184
04/06/2004,DET,MI,AGL,CE,Federal Contract Tower,0,13,37,0,50,0,3,51,8,62,0,16,88,8,112,30,0,30,142
04/07/2004,DET,MI,AGL,CE,Federal Contract Tower,1,21,56,0,78,1,1,130,4,136,2,22,186,4,214,154,0,154,368
04/08/2004,DET,MI,AGL,CE,Federal Contract Tower,0,18,51,0,69,0,0,152,12,164,0,18,203,12,233,116,0,116,349
04/09/2004,DET,MI,AGL,CE,Federal Contract Tower,0,10,27,0,37,0,2,98,6,106,0,12,125,6,143,178,0,178,321
04/10/2004,DET,MI,AGL,CE,Federal Contract Tower,0,6,18,0,24,0,3,112,10,125,0,9,130,10,149,186,0,186,335
04/11/2004,DET,MI,AGL,CE,Federal Contract Tower,0,4,13,0,17,0,4,40,6,50,0,8,53,6,67,26,0,26,93
04/12/2004,DET,MI,AGL,CE,Federal Contract Tower,0,3,16,0,19,0,0,104,0,104,0,3,120,0,123,36,0,36,159
04/13/2004,DET,MI,AGL,CE,Federal Contract Tower,0,11,35,0,46,0,0,52,0,52,0,11,87,0,98,42,0,42,140
04/14/2004,DET,MI,AGL,CE,Federal Contract Tower,0,12,33,0,45,0,12,127,10,149,0,24,160,10,194,106,0,106,300
04/15/2004,DET,MI,AGL,CE,Federal Contract Tower,0,19,52,0,71,0,3,102,10,115,0,22,154,10,186,164,0,164,350
04/16/2004,DET,MI,AGL,CE,Federal Contract Tower,0,10,27,1,38,0,4,59,1,64,0,14,86,2,102,70,0,70,172
04/17/2004,DET,MI,AGL,CE,Federal Contract Tower,0,5,23,1,29,0,0,90,1,91,0,5,113,2,120,132,0,132,252
04/18/2004,DET,MI,AGL,CE,Federal Contract Tower,0,2,11,0,13,0,0,53,6,59,0,2,64,6,72,80,0,80,152
04/19/2004,DET,MI,AGL,CE,Federal Contract Tower,0,11,30,0,41,0,4,56,14,74,0,15,86,14,115,0,0,0,115
04/20/2004,DET,MI,AGL,CE,Federal Contract Tower,0,9,27,0,36,2,4,48,0,54,2,13,75,0,90,26,0,26,116
04/21/2004,DET,MI,AGL,CE,Federal Contract Tower,0,13,36,0,49,0,5,117,4,126,0,18,153,4,175,20,0,20,195
04/22/2004,DET,MI,AGL,CE,Federal Contract Tower,0,24,66,0,90,0,6,94,6,106,0,30,160,6,196,210,0,210,406
04/23/2004,DET,MI,AGL,CE,Federal Contract Tower,0,14,40,0,54,0,10,94,8,112,0,24,134,8,166,84,0,84,250
04/24/2004,DET,MI,AGL,CE,Federal Contract Tower,0,12,32,0,44,4,4,104,10,122,4,16,136,10,166,82,0,82,248
04/25/2004,DET,MI,AGL,CE,Federal Contract Tower,0,4,22,0,26,0,0,24,4,28,0,4,46,4,54,8,0,8,62
04/26/2004,DET,MI,AGL,CE,Federal Contract Tower,0,9,27,0,36,0,0,35,4,39,0,9,62,4,75,10,0,10,85
04/27/2004,DET,MI,AGL,CE,Federal Contract Tower,0,19,51,0,70,2,3,44,20,69,2,22,95,20,139,20,0,20,159
04/28/2004,DET,MI,AGL,CE,Federal Contract Tower,0,19,54,0,73,4,8,125,6,143,4,27,179,6,216,74,0,74,290
04/29/2004,DET,MI,AGL,CE,Federal Contract Tower,0,18,53,0,71,0,0,77,6,83,0,18,130,6,154,128,0,128,282
04/30/2004,DET,MI,AGL,CE,Federal Contract Tower,0,11,32,0,43,0,1,52,10,63,0,12,84,10,106,42,0,42,148
05/01/2004,DET,MI,AGL,CE,Federal Contract Tower,0,2,24,0,26,0,0,42,6,48,0,2,66,6,74,26,0,26,100
05/02/2004,DET,MI,AGL,CE,Federal Contract Tower,0,4,23,0,27,0,0,34,8,42,0,4,57,8,69,30,0,30,99
05/03/2004,DET,MI,AGL,CE,Federal Contract Tower,0,6,23,0,29,0,0,52,4,56,0,6,75,4,85,28,0,28,113
05/04/2004,DET,MI,AGL,CE,Federal Contract Tower,0,14,40,0,54,0,6,43,4,53,0,20,83,4,107,62,0,62,169
05/05/2004,DET,MI,AGL,CE,Federal Contract Tower,1,19,52,0,72,1,6,208,10,225,2,25,260,10,297,202,0,202,499
05/06/2004,DET,MI,AGL,CE,Federal Contract Tower,0,20,55,0,75,0,0,95,14,109,0,20,150,14,184,186,0,186,370
05/07/2004,DET,MI,AGL,CE,Federal Contract Tower,1,12,35,0,48,1,2,87,18,108,2,14,122,18,156,136,0,136,292
05/08/2004,DET,MI,AGL,CE,Federal Contract Tower,0,7,24,0,31,0,0,72,4,76,0,7,96,4,107,102,0,102,209
05/09/2004,DET,MI,AGL,CE,Federal Contract Tower,0,2,16,0,18,0,0,65,4,69,0,2,81,4,87,92,0,92,179
05/10/2004,DET,MI,AGL,CE,Federal Contract Tower,0,12,35,0,47,0,1,89,14,104,0,13,124,14,151,16,0,16,167
05/11/2004,DET,MI,AGL,CE,Federal Contract Tower,0,15,41,0,56,0,3,69,4,76,0,18,110,4,132,60,0,60,192
05/12/2004,DET,MI,AGL,CE,Federal Contract Tower,0,15,39,0,54,4,7,85,14,110,4,22,124,14,164,176,0,176,340
05/13/2004,DET,MI,AGL,CE,Federal Contract Tower,0,17,46,0,63,0,6,44,4,54,0,23,90,4,117,130,0,130,247
05/14/2004,DET,MI,AGL,CE,Federal Contract Tower,0,16,42,0,58,0,9,50,0,59,0,25,92,0,117,32,0,32,149
05/15/2004,DET,MI,AGL,CE,Federal Contract Tower,0,9,26,1,36,0,0,49,1,50,0,9,75,2,86,186,0,186,272
05/16/2004,DET,MI,AGL,CE,Federal Contract Tower,0,8,28,1,37,0,0,220,3,223,0,8,248,4,260,260,0,260,520
05/17/2004,DET,MI,AGL,CE,Federal Contract Tower,0,6,17,0,23,0,3,77,2,82,0,9,94,2,105,26,0,26,131
05/18/2004,DET,MI,AGL,CE,Federal Contract Tower,0,14,42,0,56,0,3,92,8,103,0,17,134,8,159,144,0,144,303
05/19/2004,DET,MI,AGL,CE,Federal Contract Tower,0,24,67,0,91,2,5,195,8,210,2,29,262,8,301,240,0,240,541
05/20/2004,DET,MI,AGL,CE,Federal Contract Tower,0,15,48,0,63,0,0,78,10,88,0,15,126,10,151,190,0,190,341
05/21/2004,DET,MI,AGL,CE,Federal Contract Tower,0,11,34,0,45,0,3,61,12,76,0,14,95,12,121,46,0,46,167
05/22/2004,DET,MI,AGL,CE,Federal Contract Tower,0,2,15,0,17,0,0,39,2,41,0,2,54,2,58,102,0,102,160
05/23/2004,DET,MI,AGL,CE,Federal Contract Tower,0,5,18,0,23,0,0,10,2,12,0,5,28,2,35,48,0,48,83
05/24/2004,DET,MI,AGL,CE,Federal Contract Tower,0,11,45,0,56,0,0,106,12,118,0,11,151,12,174,24,0,24,198
05/25/2004,DET,MI,AGL,CE,Federal Contract Tower,0,15,45,0,60,0,5,68,2,75,0,20,113,2,135,52,0,52,187
05/26/2004,DET,MI,AGL,CE,Federal Contract Tower,0,20,65,0,85,0,0,198,8,206,0,20,263,8,291,160,0,160,451
05/27/2004,DET,MI,AGL,CE,Federal Contract Tower,0,18,51,0,69,0,3,35,8,46,0,21,86,8,115,105,0,105,220
05/28/2004,DET,MI,AGL,CE,Federal Contract Tower,0,14,39,0,53,0,0,62,8,70,0,14,101,8,123,64,0,64,187
05/29/2004,DET,MI,AGL,CE,Federal Contract Tower,0,6,18,0,24,0,0,148,4,152,0,6,166,4,176,122,0,122,298
05/30/2004,DET,MI,AGL,CE,Federal Contract Tower,0,6,20,0,26,0,6,16,4,26,0,12,36,4,52,10,0,10,62
05/31/2004,DET,MI,AGL,CE,Federal Contract Tower,0,7,21,0,28,0,0,77,0,77,0,7,98,0,105,32,0,32,137
06/01/2004,DET,MI,AGL,CE,Federal Contract Tower,0,15,38,0,53,0,3,98,4,105,0,18,136,4,158,62,0,62,220
06/02/2004,DET,MI,AGL,CE,Federal Contract Tower,0,21,51,0,72,0,5,116,8,129,0,26,167,8,201,88,0,88,289
06/03/2004,DET,MI,AGL,CE,Federal Contract Tower,0,18,48,0,66,0,0,82,6,88,0,18,130,6,154,260,0,260,414
06/04/2004,DET,MI,AGL,CE,Federal Contract Tower,0,21,48,0,69,0,5,74,0,79,0,26,122,0,148,98,0,98,246
06/05/2004,DET,MI,AGL,CE,Federal Contract Tower,0,4,14,0,18,0,0,104,4,108,0,4,118,4,126,128,0,128,254
06/06/2004,DET,MI,AGL,CE,Federal Contract Tower,0,2,18,0,20,0,0,117,4,121,0,2,135,4,141,82,0,82,223
06/07/2004,DET,MI,AGL,CE,Federal Contract Tower,0,15,35,0,50,0,0,118,4,122,0,15,153,4,172,168,0,168,340
06/08/2004,DET,MI,AGL,CE,Federal Contract Tower,0,18,42,0,60,0,1,106,8,115,0,19,148,8,175,84,0,84,259
06/09/2004,DET,MI,AGL,CE,Federal Contract Tower,0,18,41,0,59,0,2,79,4,85,0,20,120,4,144,90,0,90,234
06/10/2004,DET,MI,AGL,CE,Federal Contract Tower,0,23,53,0,76,0,5,60,6,71,0,28,113,6,147,0,0,0,147
06/11/2004,DET,MI,AGL,CE,Federal Contract Tower,1,11,29,0,41,1,0,41,4,46,2,11,70,4,87,6,0,6,93
06/12/2004,DET,MI,AGL,CE,Federal Contract Tower,1,4,11,0,16,1,0,78,2,81,2,4,89,2,97,106,0,106,203
06/13/2004,DET,MI,AGL,CE,Federal Contract Tower,0,6,20,0,26,0,0,72,4,76,0,6,92,4,102,162,0,162,264
06/14/2004,DET,MI,AGL,CE,Federal Contract Tower,0,15,34,0,49,0,1,82,2,85,0,16,116,2,134,138,0,138,272
06/15/2004,DET,MI,AGL,CE,Federal Contract Tower,0,17,39,0,56,0,5,198,10,213,0,22,237,10,269,152,0,152,421
06/16/2004,DET,MI,AGL,CE,Federal Contract Tower,0,19,45,0,64,0,6,70,10,86,0,25,115,10,150,130,0,130,280
06/17/2004,DET,MI,AGL,CE,Federal Contract Tower,0,26,63,0,89,0,0,59,14,73,0,26,122,14,162,74,0,74,236
06/18/2004,DET,MI,AGL,CE,Federal Contract Tower,0,11,31,1,43,2,0,125,1,128,2,11,156,2,171,74,0,74,245
06/19/2004,DET,MI,AGL,CE,Federal Contract Tower,0,10,26,1,37,2,0,99,3,104,2,10,125,4,141,42,0,42,183
06/20/2004,DET,MI,AGL,CE,Federal Contract Tower,0,6,15,0,21,0,0,143,2,145,0,6,158,2,166,68,0,68,234
06/21/2004,DET,MI,AGL,CE,Federal Contract Tower,0,9,24,0,33,0,0,44,2,46,0,9,68,2,79,40,0,40,119
06/22/2004,DET,MI,AGL,CE,Federal Contract Tower,0,17,40,0,57,0,1,122,6,129,0,18,162,6,186,82,0,82,268
06/23/2004,DET,MI,AGL,CE,Federal Contract Tower,0,20,46,0,66,1,5,124,12,142,1,25,170,12,208,370,0,370,578
06/24/2004,DET,MI,AGL,CE,Federal Contract Tower,0,18,43,0,61,0,8,107,4,119,0,26,150,4,180,72,0,72,252
06/25/2004,DET,MI,AGL,CE,Federal Contract Tower,0,23,54,0,77,2,10,131,10,153,2,33,185,10,230,78,0,78,308
06/26/2004,DET,MI,AGL,CE,Federal Contract Tower,0,2,19,0,21,0,0,96,0,96,0,2,115,0,117,46,0,46,163
06/27/2004,DET,MI,AGL,CE,Federal Contract Tower,0,3,21,0,24,0,0,177,0,177,0,3,198,0,201,54,0,54,255
06/28/2004,DET,MI,AGL,CE,Federal Contract Tower,0,18,43,0,61,2,12,116,8,138,2,30,159,8,199,132,0,132,331
06/29/2004,DET,MI,AGL,CE,Federal Contract Tower,0,19,45,0,64,0,9,193,8,210,0,28,238,8,274,124,0,124,398
06/30/2004,DET,MI,AGL,CE,Federal Contract Tower,1,26,64,0,91,5,0,112,6,123,6,26,176,6,214,160,0,160,374
07/01/2004,DET,MI,AGL,CE,Federal Contract Tower,1,23,52,0,76,3,4,135,10,152,4,27,187,10,228,146,0,146,374
07/02/2004,DET,MI,AGL,CE,Federal Contract Tower,0,15,31,0,46,0,11,129,8,148,0,26,160,8,194,185,0,185,379
07/03/2004,DET,MI,AGL,CE,Federal Contract Tower,0,0,6,0,6,0,0,106,4,110,0,0,112,4,116,187,0,187,303
07/04/2004,DET,MI,AGL,CE,Federal Contract Tower,0,2,10,0,12,0,0,39,2,41,0,2,49,2,53,23,0,23,76
07/05/2004,DET,MI,AGL,CE,Federal Contract Tower,0,4,21,0,25,0,0,118,0,118,0,4,139,0,143,231,0,231,374
07/06/2004,DET,MI,AGL,CE,Federal Contract Tower,0,14,31,0,45,0,7,105,4,116,0,21,136,4,161,156,0,156,317
07/07/2004,DET,MI,AGL,CE,Federal Contract Tower,1,30,65,0,96,1,4,46,10,61,2,34,111,10,157,94,0,94,251
07/08/2004,DET,MI,AGL,CE,Federal Contract Tower,1,26,55,0,82,0,12,103,4,119,1,38,158,4,201,186,0,186,387
07/09/2004,DET,MI,AGL,CE,Federal Contract Tower,1,25,54,0,80,0,10,143,8,161,1,35,197,8,241,130,0,130,371
07/10/2004,DET,MI,AGL,CE,Federal Contract Tower,0,8,19,0,27,0,1,96,0,97,0,9,115,0,124,74,0,74,198
07/11/2004,DET,MI,AGL,CE,Federal Contract Tower,1,7,31,0,39,0,0,177,10,187,1,7,208,10,226,148,0,148,374
07/12/2004,DET,MI,AGL,CE,Federal Contract Tower,0,12,27,0,39,0,1,70,0,71,0,13,97,0,110,23,0,23,133
07/13/2004,DET,MI,AGL,CE,Federal Contract Tower,0,14,33,0,47,0,0,109,6,115,0,14,142,6,162,122,0,122,284
07/14/2004,DET,MI,AGL,CE,Federal Contract Tower,0,12,31,0,43,0,0,104,4,108,0,12,135,4,151,208,0,208,359
07/15/2004,DET,MI,AGL,CE,Federal Contract Tower,0,14,29,0,43,0,3,95,4,102,0,17,124,4,145,137,0,137,282
07/16/2004,DET,MI,AGL,CE,Federal Contract Tower,0,10,21,1,32,0,3,103,7,113,0,13,124,8,145,208,0,208,353
07/17/2004,DET,MI,AGL,CE,Federal Contract Tower,0,7,16,1,24,0,0,68,1,69,0,7,84,2,93,227,0,227,320
07/18/2004,DET,MI,AGL,CE,Federal Contract Tower,0,6,20,1,27,0,0,90,7,97,0,6,110,8,124,132,0,132,256
07/19/2004,DET,MI,AGL,CE,Federal Contract Tower,0,13,34,0,47,0,0,120,0,120,0,13,154,0,167,150,0,150,317
07/20/2004,DET,MI,AGL,CE,Federal Contract Tower,0,20,47,0,67,0,0,101,4,105,0,20,148,4,172,117,0,117,289
07/21/2004,DET,MI,AGL,CE,Federal Contract Tower,0,16,35,0,51,0,3,108,5,116,0,19,143,5,167,100,0,100,267
07/22/2004,DET,MI,AGL,CE,Federal Contract Tower,0,20,43,0,63,0,11,36,2,49,0,31,79,2,112,84,0,84,196
07/23/2004,DET,MI,AGL,CE,Federal Contract Tower,0,20,44,0,64,0,10,90,10,110,0,30,134,10,174,94,0,94,268
07/24/2004,DET,MI,AGL,CE,Federal Contract Tower,0,7,15,0,22,0,1,133,4,138,0,8,148,4,160,130,0,130,290
07/25/2004,DET,MI,AGL,CE,Federal Contract Tower,0,10,24,0,34,0,2,128,0,130,0,12,152,0,164,71,0,71,235
07/26/2004,DET,MI,AGL,CE,Federal Contract Tower,0,14,40,0,54,0,0,98,4,102,0,14,138,4,156,72,0,72,228
07/27/2004,DET,MI,AGL,CE,Federal Contract Tower,0,11,39,0,50,2,0,85,0,87,2,11,124,0,137,2,0,2,139
07/28/2004,DET,MI,AGL,CE,Federal Contract Tower,0,12,44,0,56,2,0,128,14,144,2,12,172,14,200,239,0,239,439
07/29/2004,DET,MI,AGL,CE,Federal Contract Tower,0,19,43,0,62,0,3,124,4,131,0,22,167,4,193,190,0,190,383
07/30/2004,DET,MI,AGL,CE,Federal Contract Tower,0,16,36,0,52,2,7,41,0,50,2,23,77,0,102,56,0,56,158
07/31/2004,DET,MI,AGL,CE,Federal Contract Tower,0,11,25,0,36,0,1,64,2,67,0,12,89,2,103,66,0,66,169
08/01/2004,DET,MI,AGL,CE,Federal Contract Tower,0,9,19,0,28,0,7,162,4,173,0,16,181,4,201,28,0,28,229
08/02/2004,DET,MI,AGL,CE,Federal Contract Tower,0,14,34,0,48,0,0,141,4,145,0,14,175,4,193,208,0,208,401
08/03/2004,DET,MI,AGL,CE,Federal Contract Tower,0,19,36,0,55,0,2,118,8,128,0,21,154,8,183,230,0,230,413
08/04/2004,DET,MI,AGL,CE,Federal Contract Tower,0,20,38,0,58,0,6,41,0,47,0,26,79,0,105,53,0,53,158
08/05/2004,DET,MI,AGL,CE,Federal Contract Tower,1,20,43,0,64,1,0,81,2,84,2,20,124,2,148,130,0,130,278
08/06/2004,DET,MI,AGL,CE,Federal Contract Tower,0,15,33,0,48,0,0,63,2,65,0,15,96,2,113,173,0,173,286
08/07/2004,DET,MI,AGL,CE,Federal Contract Tower,0,6,12,0,18,0,4,175,4,183,0,10,187,4,201,70,0,70,271
08/08/2004,DET,MI,AGL,CE,Federal Contract Tower,0,2,13,0,15,0,0,156,0,156,0,2,169,0,171,14,0,14,185
08/09/2004,DET,MI,AGL,CE,Federal Contract Tower,0,17,31,0,48,0,0,77,4,81,0,17,108,4,129,83,0,83,212
08/10/2004,DET,MI,AGL,CE,Federal Contract Tower,0,20,40,0,60,0,0,67,2,69,0,20,107,2,129,142,0,142,271
08/11/2004,DET,MI,AGL,CE,Federal Contract Tower,0,26,48,0,74,0,7,67,0,74,0,33,115,0,148,230,0,230,378
08/12/2004,DET,MI,AGL,CE,Federal Contract Tower,0,16,41,1,58,0,0,71,5,76,0,16,112,6,134,82,0,82,216
08/13/2004,DET,MI,AGL,CE,Federal Contract Tower,0,15,31,1,47,0,5,59,1,65,0,20,90,2,112,129,0,129,241
08/14/2004,DET,MI,AGL,CE,Federal Contract Tower,0,5,10,0,15,0,2,172,0,174,0,7,182,0,189,112,0,112,301
08/15/2004,DET,MI,AGL,CE,Federal Contract Tower,0,14,28,0,42,0,4,240,0,244,0,18,268,0,286,36,0,36,322
08/16/2004,DET,MI,AGL,CE,Federal Contract Tower,0,16,32,0,48,0,1,111,0,112,0,17,143,0,160,125,0,125,285
08/17/2004,DET,MI,AGL,CE,Federal Contract Tower,0,21,43,0,64,0,2,99,6,107,0,23,142,6,171,172,0,172,343
08/18/2004,DET,MI,AGL,CE,Federal Contract Tower,0,27,55,0,82,0,6,31,8,45,0,33,86,8,127,127,0,127,254
08/19/2004,DET,MI,AGL,CE,Federal Contract Tower,0,21,43,0,64,0,0,64,0,64,0,21,107,0,128,94,0,94,222
08/20/2004,DET,MI,AGL,CE,Federal Contract Tower,0,19,39,0,58,0,11,39,0,50,0,30,78,0,108,74,0,74,182
08/21/2004,DET,MI,AGL,CE,Federal Contract Tower,0,10,20,0,30,0,0,230,0,230,0,10,250,0,260,116,0,116,376
08/22/2004,DET,MI,AGL,CE,Federal Contract Tower,0,6,20,0,26,0,0,157,0,157,0,6,177,0,183,94,0,94,277
08/23/2004,DET,MI,AGL,CE,Federal Contract Tower,0,12,32,0,44,2,0,116,4,122,2,12,148,4,166,137,0,137,303
08/24/2004,DET,MI,AGL,CE,Federal Contract Tower,0,23,52,0,75,0,0,118,4,122,0,23,170,4,197,252,0,252,449
08/25/2004,DET,MI,AGL,CE,Federal Contract Tower,0,25,51,0,76,0,2,65,4,71,0,27,116,4,147,124,0,124,271
08/26/2004,DET,MI,AGL,CE,Federal Contract Tower,0,26,52,0,78,4,6,61,4,75,4,32,113,4,153,89,0,89,242
08/27/2004,DET,MI,AGL,CE,Federal Contract Tower,0,24,48,0,72,0,13,25,6,44,0,37,73,6,116,77,0,77,193
08/28/2004,DET,MI,AGL,CE,Federal Contract Tower,0,10,20,0,30,0,2,5,0,7,0,12,25,0,37,0,0,0,37
08/29/2004,DET,MI,AGL,CE,Federal Contract Tower,0,11,36,0,47,0,0,48,0,48,0,11,84,0,95,52,0,52,147
08/30/2004,DET,MI,AGL,CE,Federal Contract Tower,0,18,37,0,55,0,2,60,8,70,0,20,97,8,125,30,0,30,155
08/31/2004,DET,MI,AGL,CE,Federal Contract Tower,0,19,37,0,56,0,8,80,10,98,0,27,117,10,154,161,0,161,315
09/01/2004,DET,MI,AGL,CE,Federal Contract Tower,1,25,59,0,85,0,7,87,0,94,1,32,146,0,179,113,0,113,292
09/02/2004,DET,MI,AGL,CE,Federal Contract Tower,0,21,47,0,68,0,7,75,2,84,0,28,122,2,152,173,0,173,325
09/03/2004,DET,MI,AGL,CE,Federal Contract Tower,0,20,44,0,64,0,6,76,0,82,0,26,120,0,146,129,4,133,279
09/04/2004,DET,MI,AGL,CE,Federal Contract Tower,0,8,18,0,26,0,0,40,0,40,0,8,58,0,66,18,0,18,84
09/05/2004,DET,MI,AGL,CE,Federal Contract Tower,0,7,16,0,23,0,3,84,2,89,0,10,100,2,112,92,0,92,204
09/06/2004,DET,MI,AGL,CE,Federal Contract Tower,0,13,29,0,42,0,5,62,0,67,0,18,91,0,109,116,0,116,225
09/07/2004,DET,MI,AGL,CE,Federal Contract Tower,0,18,39,0,57,0,3,76,0,79,0,21,115,0,136,227,0,227,363
09/08/2004,DET,MI,AGL,CE,Federal Contract Tower,0,26,57,0,83,0,6,58,4,68,0,32,115,4,151,106,0,106,257
09/09/2004,DET,MI,AGL,CE,Federal Contract Tower,0,21,54,0,75,0,0,67,0,67,0,21,121,0,142,161,0,161,303
09/10/2004,DET,MI,AGL,CE,Federal Contract Tower,0,20,43,0,63,0,3,105,6,114,0,23,148,6,177,287,4,291,468
09/11/2004,DET,MI,AGL,CE,Federal Contract Tower,0,4,18,0,22,0,0,255,0,255,0,4,273,0,277,131,0,131,408
09/12/2004,DET,MI,AGL,CE,Federal Contract Tower,0,7,28,0,35,0,0,257,2,259,0,7,285,2,294,120,6,126,420
09/13/2004,DET,MI,AGL,CE,Federal Contract Tower,0,9,29,0,38,0,0,71,0,71,0,9,100,0,109,112,0,112,221
09/14/2004,DET,MI,AGL,CE,Federal Contract Tower,0,21,47,0,68,0,0,106,4,110,0,21,153,4,178,149,0,149,327
09/15/2004,DET,MI,AGL,CE,Federal Contract Tower,2,26,58,0,86,2,0,94,10,106,4,26,152,10,192,199,0,199,391
09/16/2004,DET,MI,AGL,CE,Federal Contract Tower,1,12,51,0,64,3,0,98,2,103,4,12,149,2,167,90,0,90,257
09/17/2004,DET,MI,AGL,CE,Federal Contract Tower,1,25,56,0,82,1,2,106,2,111,2,27,162,2,193,97,0,97,290
09/18/2004,DET,MI,AGL,CE,Federal Contract Tower,0,5,25,0,30,2,0,92,0,94,2,5,117,0,124,153,0,153,277
09/19/2004,DET,MI,AGL,CE,Federal Contract Tower,0,14,34,0,48,0,0,155,0,155,0,14,189,0,203,74,0,74,277
09/20/2004,DET,MI,AGL,CE,Federal Contract Tower,0,3,29,0,32,0,0,93,6,99,0,3,122,6,131,159,0,159,290
09/21/2004,DET,MI,AGL,CE,Federal Contract Tower,0,21,49,0,70,0,0,95,8,103,0,21,144,8,173,128,0,128,301
09/22/2004,DET,MI,AGL,CE,Federal Contract Tower,1,25,57,0,83,1,21,53,14,89,2,46,110,14,172,136,0,136,308
09/23/2004,DET,MI,AGL,CE,Federal Contract Tower,1,21,47,0,69,1,7,46,0,54,2,28,93,0,123,94,0,94,217
09/24/2004,DET,MI,AGL,CE,Federal Contract Tower,1,27,59,0,87,3,5,70,4,82,4,32,129,4,169,109,0,109,278
09/25/2004,DET,MI,AGL,CE,Federal Contract Tower,0,14,30,0,44,6,1,111,0,118,6,15,141,0,162,224,0,224,386
09/26/2004,DET,MI,AGL,CE,Federal Contract Tower,0,14,30,0,44,0,4,111,6,121,0,18,141,6,165,264,0,264,429
09/27/2004,DET,MI,AGL,CE,Federal Contract Tower,0,7,23,0,30,0,0,133,8,141,0,7,156,8,171,122,0,122,293
09/28/2004,DET,MI,AGL,CE,Federal Contract Tower,1,27,59,0,87,1,7,58,2,68,2,34,117,2,155,90,0,90,245
09/29/2004,DET,MI,AGL,CE,Federal Contract Tower,1,21,47,0,69,1,2,83,0,86,2,23,130,0,155,106,0,106,261
09/30/2004,DET,MI,AGL,CE,Federal Contract Tower,1,17,40,0,58,1,8,108,0,117,2,25,148,0,175,166,0,166,341
10/01/2004,DET,MI,AGL,CE,Federal Contract Tower,0,11,27,0,38,0,0,76,0,76,0,11,103,0,114,133,0,133,247
10/02/2004,DET,MI,AGL,CE,Federal Contract Tower,0,4,23,0,27,0,0,46,0,46,0,4,69,0,73,182,0,182,255
10/03/2004,DET,MI,AGL,CE,Federal Contract Tower,0,5,28,0,33,0,2,114,0,116,0,7,142,0,149,180,0,180,329
10/04/2004,DET,MI,AGL,CE,Federal Contract Tower,0,15,38,0,53,0,0,49,8,57,0,15,87,8,110,79,0,79,189
10/05/2004,DET,MI,AGL,CE,Federal Contract Tower,0,16,53,0,69,0,0,67,2,69,0,16,120,2,138,176,0,176,314
10/06/2004,DET,MI,AGL,CE,Federal Contract Tower,2,13,50,0,65,0,0,55,0,55,2,13,105,0,120,80,0,80,200
10/07/2004,DET,MI,AGL,CE,Federal Contract Tower,6,25,51,0,82,0,17,94,4,115,6,42,145,4,197,109,0,109,306
10/08/2004,DET,MI,AGL,CE,Federal Contract Tower,2,23,33,0,58,0,3,56,0,59,2,26,89,0,117,75,0,75,192
10/09/2004,DET,MI,AGL,CE,Federal Contract Tower,2,14,19,0,35,0,0,41,0,41,2,14,60,0,76,40,0,40,116
10/10/2004,DET,MI,AGL,CE,Federal Contract Tower,0,4,25,0,29,0,0,200,0,200,0,4,225,0,229,230,0,230,459
10/11/2004,DET,MI,AGL,CE,Federal Contract Tower,2,19,43,0,64,0,0,78,0,78,2,19,121,0,142,156,0,156,298
10/12/2004,DET,MI,AGL,CE,Federal Contract Tower,2,19,54,0,75,0,1,82,6,89,2,20,136,6,164,140,0,140,304
10/13/2004,DET,MI,AGL,CE,Federal Contract Tower,0,16,44,0,60,0,4,59,4,67,0,20,103,4,127,143,0,143,270
10/14/2004,DET,MI,AGL,CE,Federal Contract Tower,1,19,48,0,68,0,4,62,4,70,1,23,110,4,138,18,0,18,156
10/15/2004,DET,MI,AGL,CE,Federal Contract Tower,1,19,31,0,51,0,0,6,0,6,1,19,37,0,57,4,0,4,61
10/16/2004,DET,MI,AGL,CE,Federal Contract Tower,0,1,23,0,24,0,0,7,0,7,0,1,30,0,31,0,0,0,31
10/17/2004,DET,MI,AGL,CE,Federal Contract Tower,0,9,35,0,44,0,0,50,0,50,0,9,85,0,94,0,0,0,94
10/18/2004,DET,MI,AGL,CE,Federal Contract Tower,0,15,40,0,55,0,0,77,12,89,0,15,117,12,144,57,0,57,201
10/19/2004,DET,MI,AGL,CE,Federal Contract Tower,0,14,28,0,42,0,1,12,6,19,0,15,40,6,61,27,0,27,88
10/20/2004,DET,MI,AGL,CE,Federal Contract Tower,0,15,33,0,48,0,0,17,0,17,0,15,50,0,65,92,0,92,157
10/21/2004,DET,MI,AGL,CE,Federal Contract Tower,0,42,54,0,96,0,2,34,2,38,0,44,88,2,134,20,0,20,154
10/22/2004,DET,MI,AGL,CE,Federal Contract Tower,0,23,32,0,55,0,0,24,0,24,0,23,56,0,79,48,0,48,127
10/23/2004,DET,MI,AGL,CE,Federal Contract Tower,0,11,8,0,19,0,0,24,4,28,0,11,32,4,47,48,0,48,95
10/24/2004,DET,MI,AGL,CE,Federal Contract Tower,0,14,33,0,47,0,0,57,4,61,0,14,90,4,108,56,0,56,164
10/25/2004,DET,MI,AGL,CE,Federal Contract Tower,0,15,37,0,52,0,1,111,0,112,0,16,148,0,164,128,0,128,292
10/26/2004,DET,MI,AGL,CE,Federal Contract Tower,1,18,58,0,77,0,0,2,2,4,1,18,60,2,81,3,0,3,84
10/27/2004,DET,MI,AGL,CE,Federal Contract Tower,0,38,46,0,84,0,2,30,2,34,0,40,76,2,118,96,0,96,214
10/28/2004,DET,MI,AGL,CE,Federal Contract Tower,10,32,49,0,91,0,7,98,4,109,10,39,147,4,200,116,0,116,316
10/29/2004,DET,MI,AGL,CE,Federal Contract Tower,5,38,38,0,81,0,0,1,2,3,5,38,39,2,84,0,0,0,84
10/30/2004,DET,MI,AGL,CE,Federal Contract Tower,1,17,21,0,39,0,0,25,10,35,1,17,46,10,74,9,0,9,83
10/31/2004,DET,MI,AGL,CE,Federal Contract Tower,0,9,17,0,26,0,0,81,2,83,0,9,98,2,109,2,0,2,111
11/01/2004,DET,MI,AGL,CE,Federal Contract Tower,0,14,27,0,41,0,0,61,4,65,0,14,88,4,106,109,0,109,215
11/02/2004,DET,MI,AGL,CE,Federal Contract Tower,3,8,30,0,41,0,0,3,0,3,3,8,33,0,44,2,0,2,46
11/03/2004,DET,MI,AGL,CE,Federal Contract Tower,0,24,46,0,70,0,0,56,10,66,0,24,102,10,136,110,0,110,246
11/04/2004,DET,MI,AGL,CE,Federal Contract Tower,0,17,49,0,66,0,0,15,0,15,0,17,64,0,81,8,0,8,89
11/05/2004,DET,MI,AGL,CE,Federal Contract Tower,0,13,35,0,48,0,0,30,8,38,0,13,65,8,86,90,0,90,176
11/06/2004,DET,MI,AGL,CE,Federal Contract Tower,0,4,16,0,20,0,1,147,0,148,0,5,163,0,168,84,0,84,252
11/07/2004,DET,MI,AGL,CE,Federal Contract Tower,0,18,29,0,47,0,0,84,4,88,0,18,113,4,135,60,0,60,195
11/08/2004,DET,MI,AGL,CE,Federal Contract Tower,2,18,38,0,58,0,0,81,8,89,2,18,119,8,147,31,0,31,178
11/09/2004,DET,MI,AGL,CE,Federal Contract Tower,0,21,52,0,73,0,1,71,0,72,0,22,123,0,145,162,0,162,307
11/10/2004,DET,MI,AGL,CE,Federal Contract Tower,4,27,35,0,66,0,0,67,2,69,4,27,102,2,135,128,0,128,263
11/11/2004,DET,MI,AGL,CE,Federal Contract Tower,0,30,36,0,66,0,0,95,8,103,0,30,131,8,169,101,0,101,270
11/12/2004,DET,MI,AGL,CE,Federal Contract Tower,0,9,27,0,36,0,0,69,8,77,0,9,96,8,113,64,0,64,177
11/13/2004,DET,MI,AGL,CE,Federal Contract Tower,0,4,7,0,11,0,6,178,0,184,0,10,185,0,195,140,0,140,335
11/14/2004,DET,MI,AGL,CE,Federal Contract Tower,0,11,23,0,34,0,1,168,0,169,0,12,191,0,203,216,0,216,419
11/15/2004,DET,MI,AGL,CE,Federal Contract Tower,0,4,22,0,26,0,0,87,2,89,0,4,109,2,115,105,0,105,220
11/16/2004,DET,MI,AGL,CE,Federal Contract Tower,2,17,35,0,54,0,0,41,4,45,2,17,76,4,99,45,0,45,144
11/17/2004,DET,MI,AGL,CE,Federal Contract Tower,0,29,50,0,79,0,0,0,0,0,0,29,50,0,79,12,0,12,91
11/18/2004,DET,MI,AGL,CE,Federal Contract Tower,2,25,44,0,71,0,0,54,0,54,2,25,98,0,125,110,0,110,235
11/19/2004,DET,MI,AGL,CE,Federal Contract Tower,0,17,35,0,52,0,1,4,0,5,0,18,39,0,57,2,0,2,59
11/20/2004,DET,MI,AGL,CE,Federal Contract Tower,0,6,19,0,25,0,0,43,0,43,0,6,62,0,68,0,0,0,68
11/21/2004,DET,MI,AGL,CE,Federal Contract Tower,0,3,9,0,12,0,0,66,0,66,0,3,75,0,78,224,0,224,302
11/22/2004,DET,MI,AGL,CE,Federal Contract Tower,2,12,18,0,32,0,0,79,16,95,2,12,97,16,127,109,0,109,236
11/23/2004,DET,MI,AGL,CE,Federal Contract Tower,0,18,61,0,79,0,0,43,0,43,0,18,104,0,122,16,0,16,138
11/24/2004,DET,MI,AGL,CE,Federal Contract Tower,0,14,31,0,45,0,2,34,4,40,0,16,65,4,85,0,0,0,85
11/25/2004,DET,MI,AGL,CE,Federal Contract Tower,0,6,8,0,14,0,0,62,2,64,0,6,70,2,78,103,0,103,181
11/26/2004,DET,MI,AGL,CE,Federal Contract Tower,0,0,13,0,13,0,2,110,2,114,0,2,123,2,127,22,0,22,149
11/27/2004,DET,MI,AGL,CE,Federal Contract Tower,0,2,4,0,6,0,0,121,8,129,0,2,125,8,135,172,0,172,307
11/28/2004,DET,MI,AGL,CE,Federal Contract Tower,0,2,23,0,25,0,0,158,8,166,0,2,181,8,191,298,0,298,489
11/29/2004,DET,MI,AGL,CE,Federal Contract Tower,0,23,29,0,52,0,0,53,0,53,0,23,82,0,105,86,0,86,191
11/30/2004,DET,MI,AGL,CE,Federal Contract Tower,0,28,38,2,68,0,0,41,0,41,0,28,79,2,109,4,0,4,113
12/01/2004,DET,MI,AGL,CE,Federal Contract Tower,0,31,36,0,67,0,0,41,2,43,0,31,77,2,110,0,0,0,110
12/02/2004,DET,MI,AGL,CE,Federal Contract Tower,2,22,46,0,70,0,0,72,4,76,2,22,118,4,146,34,0,34,180
12/03/2004,DET,MI,AGL,CE,Federal Contract Tower,0,20,27,0,47,0,3,103,2,108,0,23,130,2,155,148,0,148,303
12/04/2004,DET,MI,AGL,CE,Federal Contract Tower,0,7,8,0,15,0,0,156,0,156,0,7,164,0,171,244,0,244,415
12/05/2004,DET,MI,AGL,CE,Federal Contract Tower,0,8,48,0,56,0,1,173,6,180,0,9,221,6,236,315,0,315,551
12/06/2004,DET,MI,AGL,CE,Federal Contract Tower,0,14,18,2,34,0,0,2,2,4,0,14,20,4,38,0,0,0,38
12/07/2004,DET,MI,AGL,CE,Federal Contract Tower,0,26,21,0,47,0,0,8,0,8,0,26,29,0,55,104,0,104,159
12/08/2004,DET,MI,AGL,CE,Federal Contract Tower,0,25,36,0,61,0,9,93,0,102,0,34,129,0,163,60,0,60,223
12/09/2004,DET,MI,AGL,CE,Federal Contract Tower,0,18,34,0,52,0,1,126,2,129,0,19,160,2,181,56,0,56,237
12/10/2004,DET,MI,AGL,CE,Federal Contract Tower,2,20,13,0,35,0,0,6,0,6,2,20,19,0,41,0,0,0,41
12/11/2004,DET,MI,AGL,CE,Federal Contract Tower,0,6,21,0,27,0,0,88,4,92,0,6,109,4,119,134,0,134,253
12/12/2004,DET,MI,AGL,CE,Federal Contract Tower,0,6,8,0,14,0,0,0,0,0,0,6,8,0,14,0,0,0,14
12/13/2004,DET,MI,AGL,CE,Federal Contract Tower,0,9,19,2,30,0,1,26,6,33,0,10,45,8,63,8,0,8,71
12/14/2004,DET,MI,AGL,CE,Federal Contract Tower,4,23,37,0,64,0,1,78,8,87,4,24,115,8,151,45,0,45,196
12/15/2004,DET,MI,AGL,CE,Federal Contract Tower,2,29,40,0,71,0,0,79,2,81,2,29,119,2,152,35,0,35,187
12/16/2004,DET,MI,AGL,CE,Federal Contract Tower,3,30,59,0,92,0,0,41,6,47,3,30,100,6,139,16,0,16,155
12/17/2004,DET,MI,AGL,CE,Federal Contract Tower,0,19,27,2,48,0,1,111,7,119,0,20,138,9,167,92,0,92,259
12/18/2004,DET,MI,AGL,CE,Federal Contract Tower,0,5,4,0,9,0,0,84,4,88,0,5,88,4,97,154,0,154,251
12/19/2004,DET,MI,AGL,CE,Federal Contract Tower,0,3,22,0,25,0,0,60,2,62,0,3,82,2,87,150,0,150,237
12/20/2004,DET,MI,AGL,CE,Federal Contract Tower,2,3,25,0,30,0,1,48,4,53,2,4,73,4,83,2,0,2,85
12/21/2004,DET,MI,AGL,CE,Federal Contract Tower,3,16,37,0,56,0,3,95,4,102,3,19,132,4,158,0,2,2,160
12/22/2004,DET,MI,AGL,CE,Federal Contract Tower,0,14,26,0,40,0,2,52,0,54,0,16,78,0,94,42,0,42,136
12/23/2004,DET,MI,AGL,CE,Federal Contract Tower,3,6,5,0,14,0,0,17,0,17,3,6,22,0,31,0,0,0,31
12/24/2004,DET,MI,AGL,CE,Federal Contract Tower,0,8,14,0,22,0,0,51,0,51,0,8,65,0,73,14,0,14,87
12/25/2004,DET,MI,AGL,CE,Federal Contract Tower,0,6,6,0,12,0,0,17,0,17,0,6,23,0,29,28,0,28,57
12/26/2004,DET,MI,AGL,CE,Federal Contract Tower,0,4,22,0,26,0,0,34,8,42,0,4,56,8,68,0,0,0,68
12/27/2004,DET,MI,AGL,CE,Federal Contract Tower,0,9,23,0,32,0,0,23,4,27,0,9,46,4,59,22,0,22,81
12/28/2004,DET,MI,AGL,CE,Federal Contract Tower,0,15,14,0,29,0,2,66,4,72,0,17,80,4,101,190,0,190,291
12/29/2004,DET,MI,AGL,CE,Federal Contract Tower,0,12,18,0,30,0,0,17,0,17,0,12,35,0,47,0,0,0,47
12/30/2004,DET,MI,AGL,CE,Federal Contract Tower,0,9,12,0,21,0,0,15,6,21,0,9,27,6,42,37,0,37,79
12/31/2004,DET,MI,AGL,CE,Federal Contract Tower,0,8,3,0,11,0,0,61,0,61,0,8,64,0,72,0,0,0,72
01/01/2005,DET,MI,AGL,CE,Federal Contract Tower,0,4,8,0,12,0,0,237,0,237,0,4,245,0,249,156,0,156,405
01/02/2005,DET,MI,AGL,CE,Federal Contract Tower,0,3,28,0,31,0,0,0,0,0,0,3,28,0,31,0,0,0,31
01/03/2005,DET,MI,AGL,CE,Federal Contract Tower,0,14,20,2,36,0,0,9,2,11,0,14,29,4,47,0,0,0,47
01/04/2005,DET,MI,AGL,CE,Federal Contract Tower,0,14,27,0,41,0,0,23,0,23,0,14,50,0,64,14,0,14,78
01/05/2005,DET,MI,AGL,CE,Federal Contract Tower,0,13,10,0,23,0,0,0,2,2,0,13,10,2,25,0,0,0,25
01/06/2005,DET,MI,AGL,CE,Federal Contract Tower,0,8,9,0,17,0,0,7,0,7,0,8,16,0,24,0,0,0,24
01/07/2005,DET,MI,AGL,CE,Federal Contract Tower,2,18,28,0,48,0,2,44,4,50,2,20,72,4,98,114,0,114,212
01/08/2005,DET,MI,AGL,CE,Federal Contract Tower,0,1,11,0,12,0,0,35,0,35,0,1,46,0,47,126,0,126,173
01/09/2005,DET,MI,AGL,CE,Federal Contract Tower,0,0,27,0,27,0,0,34,0,34,0,0,61,0,61,112,0,112,173
01/10/2005,DET,MI,AGL,CE,Federal Contract Tower,3,20,33,0,56,0,0,64,2,66,3,20,97,2,122,68,0,68,190
01/11/2005,DET,MI,AGL,CE,Federal Contract Tower,1,29,24,0,54,0,0,9,0,9,1,29,33,0,63,70,0,70,133
01/12/2005,DET,MI,AGL,CE,Federal Contract Tower,0,18,49,0,67,0,3,51,0,54,0,21,100,0,121,0,0,0,121
01/13/2005,DET,MI,AGL,CE,Federal Contract Tower,0,29,79,0,108,0,0,8,0,8,0,29,87,0,116,6,0,6,122
01/14/2005,DET,MI,AGL,CE,Federal Contract Tower,2,13,55,0,70,0,3,92,8,103,2,16,147,8,173,156,0,156,329
01/15/2005,DET,MI,AGL,CE,Federal Contract Tower,0,7,35,0,42,0,0,149,0,149,0,7,184,0,191,206,0,206,397
01/16/2005,DET,MI,AGL,CE,Federal Contract Tower,0,1,20,0,21,0,0,35,0,35,0,1,55,0,56,52,0,52,108
01/17/2005,DET,MI,AGL,CE,Federal Contract Tower,0,11,39,0,50,0,1,52,4,57,0,12,91,4,107,142,0,142,249
01/18/2005,DET,MI,AGL,CE,Federal Contract Tower,0,13,19,0,32,0,1,57,6,64,0,14,76,6,96,8,0,8,104
01/19/2005,DET,MI,AGL,CE,Federal Contract Tower,0,17,33,0,50,0,0,14,0,14,0,17,47,0,64,8,0,8,72
01/20/2005,DET,MI,AGL,CE,Federal Contract Tower,0,17,47,0,64,0,0,40,2,42,0,17,87,2,106,22,0,22,128
01/21/2005,DET,MI,AGL,CE,Federal Contract Tower,0,21,36,0,57,0,0,77,4,81,0,21,113,4,138,162,0,162,300
01/22/2005,DET,MI,AGL,CE,Federal Contract Tower,0,4,6,0,10,0,0,0,0,0,0,4,6,0,10,0,0,0,10
01/23/2005,DET,MI,AGL,CE,Federal Contract Tower,0,4,16,0,20,0,0,24,0,24,0,4,40,0,44,90,0,90,134
01/24/2005,DET,MI,AGL,CE,Federal Contract Tower,0,6,27,0,33,0,2,53,0,55,0,8,80,0,88,54,0,54,142
01/25/2005,DET,MI,AGL,CE,Federal Contract Tower,0,21,34,0,55,0,0,47,2,49,0,21,81,2,104,46,0,46,150
01/26/2005,DET,MI,AGL,CE,Federal Contract Tower,0,19,35,0,54,0,0,41,2,43,0,19,76,2,97,2,0,2,99
01/27/2005,DET,MI,AGL,CE,Federal Contract Tower,2,8,21,0,31,0,2,79,0,81,2,10,100,0,112,34,0,34,146
01/28/2005,DET,MI,AGL,CE,Federal Contract Tower,2,8,22,0,32,0,2,75,4,81,2,10,97,4,113,153,0,153,266
01/29/2005,DET,MI,AGL,CE,Federal Contract Tower,0,5,30,0,35,0,0,58,0,58,0,5,88,0,93,234,0,234,327
01/30/2005,DET,MI,AGL,CE,Federal Contract Tower,0,6,25,0,31,0,0,95,0,95,0,6,120,0,126,174,0,174,300
01/31/2005,DET,MI,AGL,CE,Federal Contract Tower,0,10,27,0,37,0,6,47,2,55,0,16,74,2,92,76,0,76,168
02/01/2005,DET,MI,AGL,CE,Federal Contract Tower,0,17,34,0,51,0,0,55,0,55,0,17,89,0,106,30,0,30,136
02/02/2005,DET,MI,AGL,CE,Federal Contract Tower,0,20,29,0,49,0,0,5,0,5,0,20,34,0,54,0,0,0,54
02/03/2005,DET,MI,AGL,CE,Federal Contract Tower,2,14,41,0,57,0,0,75,0,75,2,14,116,0,132,198,0,198,330
02/04/2005,DET,MI,AGL,CE,Federal Contract Tower,2,16,35,0,53,0,0,129,4,133,2,16,164,4,186,156,0,156,342
02/05/2005,DET,MI,AGL,CE,Federal Contract Tower,0,2,20,0,22,0,0,32,0,32,0,2,52,0,54,82,0,82,136
02/06/2005,DET,MI,AGL,CE,Federal Contract Tower,0,4,20,0,24,0,0,59,12,71,0,4,79,12,95,120,0,120,215
02/07/2005,DET,MI,AGL,CE,Federal Contract Tower,0,3,24,2,29,0,0,27,8,35,0,3,51,10,64,4,0,4,68
02/08/2005,DET,MI,AGL,CE,Federal Contract Tower,0,19,29,0,48,0,0,1,8,9,0,19,30,8,57,0,0,0,57
02/09/2005,DET,MI,AGL,CE,Federal Contract Tower,0,17,26,0,43,0,0,67,0,67,0,17,93,0,110,0,0,0,110
02/10/2005,DET,MI,AGL,CE,Federal Contract Tower,0,20,35,2,57,0,1,118,6,125,0,21,153,8,182,38,0,38,220
02/11/2005,DET,MI,AGL,CE,Federal Contract Tower,0,13,24,0,37,0,0,90,4,94,0,13,114,4,131,72,0,72,203
02/12/2005,DET,MI,AGL,CE,Federal Contract Tower,0,5,23,0,28,0,0,76,6,82,0,5,99,6,110,230,0,230,340
02/13/2005,DET,MI,AGL,CE,Federal Contract Tower,0,5,13,0,18,0,0,58,0,58,0,5,71,0,76,88,0,88,164
02/14/2005,DET,MI,AGL,CE,Federal Contract Tower,0,4,14,2,20,0,0,24,4,28,0,4,38,6,48,4,0,4,52
02/15/2005,DET,MI,AGL,CE,Federal Contract Tower,0,17,29,0,46,0,0,39,6,45,0,17,68,6,91,4,0,4,95
02/16/2005,DET,MI,AGL,CE,Federal Contract Tower,0,21,27,0,48,0,0,49,2,51,0,21,76,2,99,22,0,22,121
02/17/2005,DET,MI,AGL,CE,Federal Contract Tower,0,17,23,0,40,0,0,70,2,72,0,17,93,2,112,108,0,108,220
02/18/2005,DET,MI,AGL,CE,Federal Contract Tower,0,13,25,0,38,0,0,113,0,113,0,13,138,0,151,180,0,180,331
02/19/2005,DET,MI,AGL,CE,Federal Contract Tower,0,3,19,0,22,0,1,86,0,87,0,4,105,0,109,286,0,286,395
02/20/2005,DET,MI,AGL,CE,Federal Contract Tower,0,4,5,0,9,0,0,0,0,0,0,4,5,0,9,0,0,0,9
02/21/2005,DET,MI,AGL,CE,Federal Contract Tower,0,12,33,0,45,0,0,34,0,34,0,12,67,0,79,10,0,10,89
02/22/2005,DET,MI,AGL,CE,Federal Contract Tower,0,13,47,0,60,0,2,25,0,27,0,15,72,0,87,0,0,0,87
02/23/2005,DET,MI,AGL,CE,Federal Contract Tower,0,29,29,0,58,0,0,74,2,76,0,29,103,2,134,70,0,70,204
02/24/2005,DET,MI,AGL,CE,Federal Contract Tower,0,19,47,0,66,0,0,131,4,135,0,19,178,4,201,100,0,100,301
02/25/2005,DET,MI,AGL,CE,Federal Contract Tower,0,21,35,1,57,0,0,26,1,27,0,21,61,2,84,0,0,0,84
02/26/2005,DET,MI,AGL,CE,Federal Contract Tower,0,12,18,0,30,0,1,92,0,93,0,13,110,0,123,198,0,198,321
02/27/2005,DET,MI,AGL,CE,Federal Contract Tower,0,3,10,0,13,0,0,84,0,84,0,3,94,0,97,164,0,164,261
02/28/2005,DET,MI,AGL,CE,Federal Contract Tower,0,15,27,2,44,0,0,28,6,34,0,15,55,8,78,0,0,0,78
03/01/2005,DET,MI,AGL,CE,Federal Contract Tower,0,8,22,0,30,0,0,23,0,23,0,8,45,0,53,0,0,0,53
03/02/2005,DET,MI,AGL,CE,Federal Contract Tower,0,21,25,0,46,0,0,22,0,22,0,21,47,0,68,22,0,22,90
03/03/2005,DET,MI,AGL,CE,Federal Contract Tower,0,23,22,0,45,0,0,89,6,95,0,23,111,6,140,178,0,178,318
03/04/2005,DET,MI,AGL,CE,Federal Contract Tower,4,19,27,0,50,0,4,121,0,125,4,23,148,0,175,164,0,164,339
03/05/2005,DET,MI,AGL,CE,Federal Contract Tower,4,1,17,0,22,0,3,146,0,149,4,4,163,0,171,206,0,206,377
03/06/2005,DET,MI,AGL,CE,Federal Contract Tower,0,4,13,0,17,0,0,69,11,80,0,4,82,11,97,166,0,166,263
03/07/2005,DET,MI,AGL,CE,Federal Contract Tower,0,3,31,0,34,0,0,61,4,65,0,3,92,4,99,24,0,24,123
03/08/2005,DET,MI,AGL,CE,Federal Contract Tower,0,17,36,0,53,0,0,60,4,64,0,17,96,4,117,14,0,14,131
03/09/2005,DET,MI,AGL,CE,Federal Contract Tower,0,15,36,0,51,0,0,66,4,70,0,15,102,4,121,62,0,62,183
03/10/2005,DET,MI,AGL,CE,Federal Contract Tower,0,16,22,0,38,0,2,72,4,78,0,18,94,4,116,14,0,14,130
03/11/2005,DET,MI,AGL,CE,Federal Contract Tower,0,15,28,0,43,0,0,193,8,201,0,15,221,8,244,86,0,86,330
03/12/2005,DET,MI,AGL,CE,Federal Contract Tower,0,3,19,0,22,0,0,63,2,65,0,3,82,2,87,186,0,186,273
03/13/2005,DET,MI,AGL,CE,Federal Contract Tower,0,0,25,0,25,0,1,117,0,118,0,1,142,0,143,204,0,204,347
03/14/2005,DET,MI,AGL,CE,Federal Contract Tower,0,16,28,2,46,0,0,43,8,51,0,16,71,10,97,58,0,58,155
03/15/2005,DET,MI,AGL,CE,Federal Contract Tower,0,17,30,0,47,0,2,72,0,74,0,19,102,0,121,102,6,108,229
03/16/2005,DET,MI,AGL,CE,Federal Contract Tower,0,11,29,5,45,0,0,97,15,112,0,11,126,20,157,98,0,98,255
03/17/2005,DET,MI,AGL,CE,Federal Contract Tower,2,11,26,0,39,0,0,116,10,126,2,11,142,10,165,120,0,120,285
03/18/2005,DET,MI,AGL,CE,Federal Contract Tower,0,20,34,0,54,0,0,29,4,33,0,20,63,4,87,122,0,122,209
03/19/2005,DET,MI,AGL,CE,Federal Contract Tower,2,4,9,0,15,0,0,25,0,25,2,4,34,0,40,140,0,140,180
03/20/2005,DET,MI,AGL,CE,Federal Contract Tower,0,4,12,0,16,0,0,14,0,14,0,4,26,0,30,0,0,0,30
03/21/2005,DET,MI,AGL,CE,Federal Contract Tower,2,6,25,0,33,0,0,73,6,79,2,6,98,6,112,24,0,24,136
03/22/2005,DET,MI,AGL,CE,Federal Contract Tower,0,7,30,0,37,0,0,80,0,80,0,7,110,0,117,100,0,100,217
03/23/2005,DET,MI,AGL,CE,Federal Contract Tower,0,29,22,0,51,0,0,35,0,35,0,29,57,0,86,16,0,16,102
03/24/2005,DET,MI,AGL,CE,Federal Contract Tower,0,20,33,0,53,0,0,144,10,154,0,20,177,10,207,180,0,180,387
03/25/2005,DET,MI,AGL,CE,Federal Contract Tower,0,8,16,0,24,0,0,77,4,81,0,8,93,4,105,208,0,208,313
03/26/2005,DET,MI,AGL,CE,Federal Contract Tower,0,3,21,0,24,0,0,94,0,94,0,3,115,0,118,188,0,188,306
03/27/2005,DET,MI,AGL,CE,Federal Contract Tower,0,0,13,0,13,0,0,70,0,70,0,0,83,0,83,138,0,138,221
03/28/2005,DET,MI,AGL,CE,Federal Contract Tower,0,4,32,0,36,0,0,91,8,99,0,4,123,8,135,59,0,59,194
03/29/2005,DET,MI,AGL,CE,Federal Contract Tower,0,13,36,0,49,0,1,103,18,122,0,14,139,18,171,48,0,48,219
03/30/2005,DET,MI,AGL,CE,Federal Contract Tower,2,16,34,0,52,0,0,116,8,124,2,16,150,8,176,116,0,116,292
03/31/2005,DET,MI,AGL,CE,Federal Contract Tower,0,9,17,0,26,0,0,66,8,74,0,9,83,8,100,0,0,0,100
04/01/2005,DET,MI,AGL,CE,Federal Contract Tower,0,11,31,0,42,0,0,77,0,77,0,11,108,0,119,100,0,100,219
04/02/2005,DET,MI,AGL,CE,Federal Contract Tower,0,12,18,0,30,0,0,54,0,54,0,12,72,0,84,94,0,94,178
04/03/2005,DET,MI,AGL,CE,Federal Contract Tower,0,16,36,0,52,0,0,42,6,48,0,16,78,6,100,46,0,46,146
04/04/2005,DET,MI,AGL,CE,Federal Contract Tower,0,10,30,0,40,0,0,91,8,99,0,10,121,8,139,73,0,73,212
04/05/2005,DET,MI,AGL,CE,Federal Contract Tower,0,27,16,0,43,0,0,100,0,100,0,27,116,0,143,74,0,74,217
04/06/2005,DET,MI,AGL,CE,Federal Contract Tower,0,19,17,0,36,0,1,92,2,95,0,20,109,2,131,59,0,59,190
04/07/2005,DET,MI,AGL,CE,Federal Contract Tower,0,22,32,0,54,0,1,79,10,90,0,23,111,10,144,62,0,62,206
04/08/2005,DET,MI,AGL,CE,Federal Contract Tower,0,27,40,0,67,0,0,77,0,77,0,27,117,0,144,140,0,140,284
04/09/2005,DET,MI,AGL,CE,Federal Contract Tower,0,4,24,0,28,0,0,139,0,139,0,4,163,0,167,306,0,306,473
04/10/2005,DET,MI,AGL,CE,Federal Contract Tower,0,4,26,0,30,0,2,140,4,146,0,6,166,4,176,198,0,198,374
04/11/2005,DET,MI,AGL,CE,Federal Contract Tower,2,8,28,0,38,0,0,93,4,97,2,8,121,4,135,16,0,16,151
04/12/2005,DET,MI,AGL,CE,Federal Contract Tower,0,17,38,0,55,0,0,95,18,113,0,17,133,18,168,98,0,98,266
04/13/2005,DET,MI,AGL,CE,Federal Contract Tower,0,24,52,0,76,0,2,91,7,100,0,26,143,7,176,182,0,182,358
04/14/2005,DET,MI,AGL,CE,Federal Contract Tower,0,11,34,0,45,0,0,123,10,133,0,11,157,10,178,154,0,154,332
04/15/2005,DET,MI,AGL,CE,Federal Contract Tower,2,21,39,0,62,0,8,87,2,97,2,29,126,2,159,196,0,196,355
04/16/2005,DET,MI,AGL,CE,Federal Contract Tower,0,4,23,0,27,0,0,112,0,112,0,4,135,0,139,232,0,232,371
04/17/2005,DET,MI,AGL,CE,Federal Contract Tower,0,2,20,0,22,0,0,81,0,81,0,2,101,0,103,94,0,94,197
04/18/2005,DET,MI,AGL,CE,Federal Contract Tower,0,12,19,0,31,0,1,75,4,80,0,13,94,4,111,62,0,62,173
04/19/2005,DET,MI,AGL,CE,Federal Contract Tower,0,6,36,0,42,0,2,79,0,81,0,8,115,0,123,80,0,80,203
04/20/2005,DET,MI,AGL,CE,Federal Contract Tower,2,11,37,0,50,0,2,71,10,83,2,13,108,10,133,110,0,110,243
04/21/2005,DET,MI,AGL,CE,Federal Contract Tower,0,7,48,0,55,0,1,176,0,177,0,8,224,0,232,140,0,140,372
04/22/2005,DET,MI,AGL,CE,Federal Contract Tower,0,9,26,0,35,0,0,56,0,56,0,9,82,0,91,42,0,42,133
04/23/2005,DET,MI,AGL,CE,Federal Contract Tower,2,17,22,0,41,0,0,1,0,1,2,17,23,0,42,0,0,0,42
04/24/2005,DET,MI,AGL,CE,Federal Contract Tower,0,9,8,0,17,0,0,1,0,1,0,9,9,0,18,0,0,0,18
04/25/2005,DET,MI,AGL,CE,Federal Contract Tower,0,9,19,0,28,0,0,34,2,36,0,9,53,2,64,2,0,2,66
04/26/2005,DET,MI,AGL,CE,Federal Contract Tower,0,16,43,0,59,0,1,38,0,39,0,17,81,0,98,0,0,0,98
04/27/2005,DET,MI,AGL,CE,Federal Contract Tower,0,15,43,0,58,0,0,62,4,66,0,15,105,4,124,96,0,96,220
04/28/2005,DET,MI,AGL,CE,Federal Contract Tower,0,14,30,0,44,0,1,124,4,129,0,15,154,4,173,130,0,130,303
04/29/2005,DET,MI,AGL,CE,Federal Contract Tower,0,8,31,0,39,0,1,111,6,118,0,9,142,6,157,142,0,142,299
04/30/2005,DET,MI,AGL,CE,Federal Contract Tower,0,6,16,0,22,0,0,74,4,78,0,6,90,4,100,80,0,80,180
05/01/2005,DET,MI,AGL,CE,Federal Contract Tower,0,8,15,0,23,0,2,89,6,97,0,10,104,6,120,59,0,59,179
05/02/2005,DET,MI,AGL,CE,Federal Contract Tower,0,8,27,0,35,0,2,46,10,58,0,10,73,10,93,22,0,22,115
05/03/2005,DET,MI,AGL,CE,Federal Contract Tower,0,16,28,2,46,0,0,65,1,66,0,16,93,3,112,122,0,122,234
05/04/2005,DET,MI,AGL,CE,Federal Contract Tower,0,13,31,0,44,0,0,132,4,136,0,13,163,4,180,50,0,50,230
05/05/2005,DET,MI,AGL,CE,Federal Contract Tower,0,12,41,0,53,0,2,166,14,182,0,14,207,14,235,88,0,88,323
05/06/2005,DET,MI,AGL,CE,Federal Contract Tower,4,13,35,0,52,0,0,109,0,109,4,13,144,0,161,182,0,182,343
05/07/2005,DET,MI,AGL,CE,Federal Contract Tower,0,0,14,0,14,0,0,132,0,132,0,0,146,0,146,198,0,198,344
05/08/2005,DET,MI,AGL,CE,Federal Contract Tower,0,2,12,0,14,0,0,58,4,62,0,2,70,4,76,128,0,128,204
05/09/2005,DET,MI,AGL,CE,Federal Contract Tower,0,6,23,0,29,0,1,83,0,84,0,7,106,0,113,78,0,78,191
05/10/2005,DET,MI,AGL,CE,Federal Contract Tower,0,18,31,0,49,0,7,99,8,114,0,25,130,8,163,126,0,126,289
05/11/2005,DET,MI,AGL,CE,Federal Contract Tower,0,15,42,0,57,0,1,93,0,94,0,16,135,0,151,20,0,20,171
05/12/2005,DET,MI,AGL,CE,Federal Contract Tower,0,10,27,0,37,0,3,82,12,97,0,13,109,12,134,132,0,132,266
05/13/2005,DET,MI,AGL,CE,Federal Contract Tower,0,8,20,0,28,0,0,94,8,102,0,8,114,8,130,64,0,64,194
05/14/2005,DET,MI,AGL,CE,Federal Contract Tower,0,9,9,0,18,0,0,45,7,52,0,9,54,7,70,52,0,52,122
05/15/2005,DET,MI,AGL,CE,Federal Contract Tower,0,5,15,0,20,0,0,348,4,352,0,5,363,4,372,94,0,94,466
05/16/2005,DET,MI,AGL,CE,Federal Contract Tower,0,11,25,0,36,0,0,94,6,100,0,11,119,6,136,62,0,62,198
05/17/2005,DET,MI,AGL,CE,Federal Contract Tower,0,15,56,0,71,0,0,109,0,109,0,15,165,0,180,134,0,134,314
05/18/2005,DET,MI,AGL,CE,Federal Contract Tower,0,12,50,0,62,0,0,181,2,183,0,12,231,2,245,110,0,110,355
05/19/2005,DET,MI,AGL,CE,Federal Contract Tower,2,12,51,0,65,0,3,119,8,130,2,15,170,8,195,121,0,121,316
05/20/2005,DET,MI,AGL,CE,Federal Contract Tower,0,8,37,0,45,0,1,136,0,137,0,9,173,0,182,122,0,122,304
05/21/2005,DET,MI,AGL,CE,Federal Contract Tower,0,7,13,0,20,0,1,105,0,106,0,8,118,0,126,92,0,92,218
05/22/2005,DET,MI,AGL,CE,Federal Contract Tower,0,4,18,0,22,0,0,36,0,36,0,4,54,0,58,38,0,38,96
05/23/2005,DET,MI,AGL,CE,Federal Contract Tower,0,7,49,2,58,0,0,17,1,18,0,7,66,3,76,16,0,16,92
05/24/2005,DET,MI,AGL,CE,Federal Contract Tower,0,18,40,0,58,0,0,90,6,96,0,18,130,6,154,66,0,66,220
05/25/2005,DET,MI,AGL,CE,Federal Contract Tower,0,13,27,0,40,0,0,82,0,82,0,13,109,0,122,102,0,102,224
05/26/2005,DET,MI,AGL,CE,Federal Contract Tower,0,14,51,0,65,0,2,88,10,100,0,16,139,10,165,116,0,116,281
05/27/2005,DET,MI,AGL,CE,Federal Contract Tower,0,8,45,0,53,0,0,47,0,47,0,8,92,0,100,80,0,80,180
05/28/2005,DET,MI,AGL,CE,Federal Contract Tower,0,6,20,0,26,0,0,73,2,75,0,6,93,2,101,90,0,90,191
05/29/2005,DET,MI,AGL,CE,Federal Contract Tower,0,2,21,0,23,0,0,74,0,74,0,2,95,0,97,84,0,84,181
05/30/2005,DET,MI,AGL,CE,Federal Contract Tower,0,1,30,0,31,0,0,114,14,128,0,1,144,14,159,68,0,68,227
05/31/2005,DET,MI,AGL,CE,Federal Contract Tower,0,12,36,0,48,0,0,98,4,102,0,12,134,4,150,86,0,86,236
06/01/2005,DET,MI,AGL,CE,Federal Contract Tower,0,3,26,0,29,0,0,132,0,132,0,3,158,0,161,156,0,156,317
06/02/2005,DET,MI,AGL,CE,Federal Contract Tower,0,16,40,0,56,0,0,124,4,128,0,16,164,4,184,164,0,164,348
06/03/2005,DET,MI,AGL,CE,Federal Contract Tower,0,4,46,0,50,0,0,57,6,63,0,4,103,6,113,54,0,54,167
06/04/2005,DET,MI,AGL,CE,Federal Contract Tower,0,2,30,0,32,0,0,72,0,72,0,2,102,0,104,78,0,78,182
06/05/2005,DET,MI,AGL,CE,Federal Contract Tower,0,4,22,0,26,0,1,76,12,89,0,5,98,12,115,80,0,80,195
06/06/2005,DET,MI,AGL,CE,Federal Contract Tower,0,9,31,0,40,0,1,75,10,86,0,10,106,10,126,10,0,10,136
06/07/2005,DET,MI,AGL,CE,Federal Contract Tower,0,14,38,0,52,0,2,145,0,147,0,16,183,0,199,74,0,74,273
06/08/2005,DET,MI,AGL,CE,Federal Contract Tower,0,17,34,0,51,0,3,125,2,130,0,20,159,2,181,100,0,100,281
06/09/2005,DET,MI,AGL,CE,Federal Contract Tower,0,18,42,0,60,0,0,97,4,101,0,18,139,4,161,133,0,133,294
06/10/2005,DET,MI,AGL,CE,Federal Contract Tower,0,13,24,0,37,0,0,59,0,59,0,13,83,0,96,52,0,52,148
06/11/2005,DET,MI,AGL,CE,Federal Contract Tower,0,12,17,0,29,0,0,95,0,95,0,12,112,0,124,150,0,150,274
06/12/2005,DET,MI,AGL,CE,Federal Contract Tower,0,6,22,0,28,0,0,73,4,77,0,6,95,4,105,144,0,144,249
06/13/2005,DET,MI,AGL,CE,Federal Contract Tower,0,5,43,0,48,0,0,86,8,94,0,5,129,8,142,20,0,20,162
06/14/2005,DET,MI,AGL,CE,Federal Contract Tower,0,19,24,0,43,0,1,83,12,96,0,20,107,12,139,46,0,46,185
06/15/2005,DET,MI,AGL,CE,Federal Contract Tower,0,13,36,0,49,0,0,64,0,64,0,13,100,0,113,76,0,76,189
06/16/2005,DET,MI,AGL,CE,Federal Contract Tower,2,18,50,0,70,0,0,81,4,85,2,18,131,4,155,174,0,174,329
06/17/2005,DET,MI,AGL,CE,Federal Contract Tower,2,9,27,0,38,0,2,77,0,79,2,11,104,0,117,104,0,104,221
06/18/2005,DET,MI,AGL,CE,Federal Contract Tower,2,5,21,0,28,0,0,86,4,90,2,5,107,4,118,108,0,108,226
06/19/2005,DET,MI,AGL,CE,Federal Contract Tower,0,6,21,0,27,0,0,100,14,114,0,6,121,14,141,94,0,94,235
06/20/2005,DET,MI,AGL,CE,Federal Contract Tower,0,8,14,0,22,0,3,129,6,138,0,11,143,6,160,158,0,158,318
06/21/2005,DET,MI,AGL,CE,Federal Contract Tower,0,14,26,0,40,0,1,117,2,120,0,15,143,2,160,92,0,92,252
06/22/2005,DET,MI,AGL,CE,Federal Contract Tower,0,23,57,0,80,0,3,131,2,136,0,26,188,2,216,116,0,116,332
06/23/2005,DET,MI,AGL,CE,Federal Contract Tower,0,30,49,0,79,0,3,128,4,135,0,33,177,4,214,234,0,234,448
06/24/2005,DET,MI,AGL,CE,Federal Contract Tower,0,28,26,0,54,0,3,113,3,119,0,31,139,3,173,58,0,58,231
06/25/2005,DET,MI,AGL,CE,Federal Contract Tower,2,14,20,0,36,0,2,73,2,77,2,16,93,2,113,138,0,138,251
06/26/2005,DET,MI,AGL,CE,Federal Contract Tower,0,13,32,0,45,0,2,100,0,102,0,15,132,0,147,34,0,34,181
06/27/2005,DET,MI,AGL,CE,Federal Contract Tower,0,19,38,0,57,0,0,94,8,102,0,19,132,8,159,52,0,52,211
06/28/2005,DET,MI,AGL,CE,Federal Contract Tower,0,12,24,0,36,0,0,77,0,77,0,12,101,0,113,108,0,108,221
06/29/2005,DET,MI,AGL,CE,Federal Contract Tower,0,28,23,0,51,0,2,169,8,179,0,30,192,8,230,126,0,126,356
06/30/2005,DET,MI,AGL,CE,Federal Contract Tower,0,0,0,0,0,0,6,28,0,34,0,6,28,0,34,0,0,0,34
07/01/2005,DET,MI,AGL,CE,Federal Contract Tower,1,17,32,0,50,0,1,73,2,76,1,18,105,2,126,58,0,58,184
07/02/2005,DET,MI,AGL,CE,Federal Contract Tower,0,4,13,0,17,0,0,113,2,115,0,4,126,2,132,48,0,48,180
07/03/2005,DET,MI,AGL,CE,Federal Contract Tower,0,2,8,0,10,0,0,87,0,87,0,2,95,0,97,72,0,72,169
07/04/2005,DET,MI,AGL,CE,Federal Contract Tower,0,0,18,0,18,0,0,95,14,109,0,0,113,14,127,8,0,8,135
07/05/2005,DET,MI,AGL,CE,Federal Contract Tower,0,7,35,0,42,0,1,65,20,86,0,8,100,20,128,34,0,34,162
07/06/2005,DET,MI,AGL,CE,Federal Contract Tower,0,10,25,0,35,0,5,39,0,44,0,15,64,0,79,38,0,38,117
07/07/2005,DET,MI,AGL,CE,Federal Contract Tower,0,15,35,0,50,0,2,99,6,107,0,17,134,6,157,30,0,30,187
07/08/2005,DET,MI,AGL,CE,Federal Contract Tower,0,16,15,0,31,0,0,90,22,112,0,16,105,22,143,72,0,72,215
07/09/2005,DET,MI,AGL,CE,Federal Contract Tower,0,0,18,0,18,0,0,157,24,181,0,0,175,24,199,140,0,140,339
07/10/2005,DET,MI,AGL,CE,Federal Contract Tower,0,4,26,0,30,0,0,134,78,212,0,4,160,78,242,40,0,40,282
07/11/2005,DET,MI,AGL,CE,Federal Contract Tower,0,9,34,0,43,0,0,188,64,252,0,9,222,64,295,136,0,136,431
07/12/2005,DET,MI,AGL,CE,Federal Contract Tower,0,25,69,0,94,0,4,174,28,206,0,29,243,28,300,106,0,106,406
07/13/2005,DET,MI,AGL,CE,Federal Contract Tower,0,11,65,0,76,0,1,84,6,91,0,12,149,6,167,134,0,134,301
07/14/2005,DET,MI,AGL,CE,Federal Contract Tower,0,8,42,0,50,0,0,49,4,53,0,8,91,4,103,97,0,97,200
07/15/2005,DET,MI,AGL,CE,Federal Contract Tower,0,13,37,0,50,0,0,40,0,40,0,13,77,0,90,68,0,68,158
07/16/2005,DET,MI,AGL,CE,Federal Contract Tower,0,0,15,0,15,0,0,35,0,35,0,0,50,0,50,52,0,52,102
07/17/2005,DET,MI,AGL,CE,Federal Contract Tower,0,11,14,0,25,0,1,54,0,55,0,12,68,0,80,74,0,74,154
07/18/2005,DET,MI,AGL,CE,Federal Contract Tower,0,22,13,0,35,0,4,52,0,56,0,26,65,0,91,70,0,70,161
07/19/2005,DET,MI,AGL,CE,Federal Contract Tower,0,15,28,0,43,0,2,87,2,91,0,17,115,2,134,184,0,184,318
07/20/2005,DET,MI,AGL,CE,Federal Contract Tower,0,12,45,0,57,0,3,84,12,99,0,15,129,12,156,140,0,140,296
07/21/2005,DET,MI,AGL,CE,Federal Contract Tower,0,12,28,0,40,0,0,29,0,29,0,12,57,0,69,70,0,70,139
07/22/2005,DET,MI,AGL,CE,Federal Contract Tower,0,12,38,0,50,0,2,81,16,99,0,14,119,16,149,26,0,26,175
07/23/2005,DET,MI,AGL,CE,Federal Contract Tower,0,8,18,0,26,0,0,78,0,78,0,8,96,0,104,56,0,56,160
07/24/2005,DET,MI,AGL,CE,Federal Contract Tower,0,3,11,0,14,0,0,21,4,25,0,3,32,4,39,28,0,28,67
07/25/2005,DET,MI,AGL,CE,Federal Contract Tower,0,12,30,0,42,0,0,87,0,87,0,12,117,0,129,106,0,106,235
07/26/2005,DET,MI,AGL,CE,Federal Contract Tower,0,12,23,0,35,0,0,43,4,47,0,12,66,4,82,14,0,14,96
07/27/2005,DET,MI,AGL,CE,Federal Contract Tower,0,15,40,0,55,0,0,76,0,76,0,15,116,0,131,138,0,138,269
07/28/2005,DET,MI,AGL,CE,Federal Contract Tower,0,16,24,0,40,0,0,74,8,82,0,16,98,8,122,96,0,96,218
07/29/2005,DET,MI,AGL,CE,Federal Contract Tower,0,8,22,0,30,0,2,53,4,59,0,10,75,4,89,72,0,72,161
07/30/2005,DET,MI,AGL,CE,Federal Contract Tower,0,9,17,0,26,0,4,129,0,133,0,13,146,0,159,124,0,124,283
07/31/2005,DET,MI,AGL,CE,Federal Contract Tower,0,7,24,0,31,0,0,59,12,71,0,7,83,12,102,28,0,28,130
08/01/2005,DET,MI,AGL,CE,Federal Contract Tower,0,17,22,0,39,0,1,104,4,109,0,18,126,4,148,128,0,128,276
08/02/2005,DET,MI,AGL,CE,Federal Contract Tower,2,20,33,0,55,0,2,85,12,99,2,22,118,12,154,108,0,108,262
08/03/2005,DET,MI,AGL,CE,Federal Contract Tower,0,16,51,0,67,0,0,56,0,56,0,16,107,0,123,132,0,132,255
08/04/2005,DET,MI,AGL,CE,Federal Contract Tower,0,40,33,0,73,0,0,53,2,55,0,40,86,2,128,62,0,62,190
08/05/2005,DET,MI,AGL,CE,Federal Contract Tower,0,25,43,0,68,0,2,90,0,92,0,27,133,0,160,18,0,18,178
08/06/2005,DET,MI,AGL,CE,Federal Contract Tower,0,5,17,0,22,0,0,116,2,118,0,5,133,2,140,56,0,56,196
08/07/2005,DET,MI,AGL,CE,Federal Contract Tower,0,5,42,0,47,0,0,106,0,106,0,5,148,0,153,54,0,54,207
08/08/2005,DET,MI,AGL,CE,Federal Contract Tower,0,18,28,0,46,0,1,121,8,130,0,19,149,8,176,192,0,192,368
08/09/2005,DET,MI,AGL,CE,Federal Contract Tower,0,19,34,0,53,0,2,108,8,118,0,21,142,8,171,90,0,90,261
08/10/2005,DET,MI,AGL,CE,Federal Contract Tower,0,16,67,0,83,0,0,94,0,94,0,16,161,0,177,184,0,184,361
08/11/2005,DET,MI,AGL,CE,Federal Contract Tower,0,19,39,0,58,0,1,49,0,50,0,20,88,0,108,54,0,54,162
08/12/2005,DET,MI,AGL,CE,Federal Contract Tower,0,9,32,0,41,0,0,58,0,58,0,9,90,0,99,88,0,88,187
08/13/2005,DET,MI,AGL,CE,Federal Contract Tower,0,15,12,0,27,0,1,148,0,149,0,16,160,0,176,94,0,94,270
08/14/2005,DET,MI,AGL,CE,Federal Contract Tower,0,4,24,0,28,0,0,103,8,111,0,4,127,8,139,126,0,126,265
08/15/2005,DET,MI,AGL,CE,Federal Contract Tower,2,12,22,0,36,0,0,131,0,131,2,12,153,0,167,186,0,186,353
08/16/2005,DET,MI,AGL,CE,Federal Contract Tower,0,28,36,0,64,0,1,135,4,140,0,29,171,4,204,128,0,128,332
08/17/2005,DET,MI,AGL,CE,Federal Contract Tower,0,15,43,0,58,0,0,89,0,89,0,15,132,0,147,140,0,140,287
08/18/2005,DET,MI,AGL,CE,Federal Contract Tower,2,18,42,0,62,0,1,70,0,71,2,19,112,0,133,158,0,158,291
08/19/2005,DET,MI,AGL,CE,Federal Contract Tower,0,23,40,0,63,0,3,66,0,69,0,26,106,0,132,24,0,24,156
08/20/2005,DET,MI,AGL,CE,Federal Contract Tower,0,14,21,0,35,0,0,74,0,74,0,14,95,0,109,28,0,28,137
08/21/2005,DET,MI,AGL,CE,Federal Contract Tower,0,16,24,0,40,0,0,125,4,129,0,16,149,4,169,42,0,42,211
08/22/2005,DET,MI,AGL,CE,Federal Contract Tower,0,7,37,1,45,0,0,103,4,107,0,7,140,5,152,124,0,124,276
08/23/2005,DET,MI,AGL,CE,Federal Contract Tower,0,5,45,0,50,0,0,110,0,110,0,5,155,0,160,122,0,122,282
08/24/2005,DET,MI,AGL,CE,Federal Contract Tower,0,15,29,0,44,0,3,94,0,97,0,18,123,0,141,190,0,190,331
08/25/2005,DET,MI,AGL,CE,Federal Contract Tower,1,43,53,1,98,1,3,64,0,68,2,46,117,1,166,136,0,136,302
08/26/2005,DET,MI,AGL,CE,Federal Contract Tower,0,23,31,0,54,0,0,43,0,43,0,23,74,0,97,72,0,72,169
08/27/2005,DET,MI,AGL,CE,Federal Contract Tower,0,11,14,0,25,0,0,27,0,27,0,11,41,0,52,14,0,14,66
08/28/2005,DET,MI,AGL,CE,Federal Contract Tower,0,4,27,0,31,0,1,153,3,157,0,5,180,3,188,166,0,166,354
08/29/2005,DET,MI,AGL,CE,Federal Contract Tower,2,13,24,0,39,0,1,86,0,87,2,14,110,0,126,76,0,76,202
08/30/2005,DET,MI,AGL,CE,Federal Contract Tower,0,17,48,0,65,0,0,17,0,17,0,17,65,0,82,44,0,44,126
08/31/2005,DET,MI,AGL,CE,Federal Contract Tower,0,18,41,0,59,0,1,45,2,48,0,19,86,2,107,122,0,122,229
09/01/2005,DET,MI,AGL,CE,Federal Contract Tower,0,21,39,0,60,0,6,84,0,90,0,27,123,0,150,12,0,12,162
09/02/2005,DET,MI,AGL,CE,Federal Contract Tower,0,11,40,0,51,0,1,90,8,99,0,12,130,8,150,44,0,44,194
09/03/2005,DET,MI,AGL,CE,Federal Contract Tower,0,5,15,0,20,0,0,129,0,129,0,5,144,0,149,72,0,72,221
09/04/2005,DET,MI,AGL,CE,Federal Contract Tower,0,1,15,0,16,0,0,126,0,126,0,1,141,0,142,114,0,114,256
09/05/2005,DET,MI,AGL,CE,Federal Contract Tower,0,6,42,0,48,0,1,98,16,115,0,7,140,16,163,134,0,134,297
09/06/2005,DET,MI,AGL,CE,Federal Contract Tower,2,15,24,0,41,0,0,87,8,95,2,15,111,8,136,150,0,150,286
09/07/2005,DET,MI,AGL,CE,Federal Contract Tower,2,11,34,0,47,0,1,56,8,65,2,12,90,8,112,102,0,102,214
09/08/2005,DET,MI,AGL,CE,Federal Contract Tower,0,12,41,0,53,0,4,52,0,56,0,16,93,0,109,28,0,28,137
09/09/2005,DET,MI,AGL,CE,Federal Contract Tower,0,12,32,0,44,0,1,184,0,185,0,13,216,0,229,44,0,44,273
09/10/2005,DET,MI,AGL,CE,Federal Contract Tower,0,6,24,0,30,0,1,155,0,156,0,7,179,0,186,248,0,248,434
09/11/2005,DET,MI,AGL,CE,Federal Contract Tower,0,8,26,0,34,0,0,159,0,159,0,8,185,0,193,156,0,156,349
09/12/2005,DET,MI,AGL,CE,Federal Contract Tower,0,13,37,0,50,0,0,102,2,104,0,13,139,2,154,130,0,130,284
09/13/2005,DET,MI,AGL,CE,Federal Contract Tower,0,15,30,0,45,0,1,121,0,122,0,16,151,0,167,180,0,180,347
09/14/2005,DET,MI,AGL,CE,Federal Contract Tower,0,29,46,0,75,0,0,84,0,84,0,29,130,0,159,124,0,124,283
09/15/2005,DET,MI,AGL,CE,Federal Contract Tower,2,23,27,0,52,0,3,72,10,85,2,26,99,10,137,52,0,52,189
09/16/2005,DET,MI,AGL,CE,Federal Contract Tower,0,27,41,0,68,0,0,53,0,53,0,27,94,0,121,0,0,0,121
09/17/2005,DET,MI,AGL,CE,Federal Contract Tower,0,9,29,0,38,0,1,67,0,68,0,10,96,0,106,70,0,70,176
09/18/2005,DET,MI,AGL,CE,Federal Contract Tower,0,9,24,0,33,0,0,126,6,132,0,9,150,6,165,76,0,76,241
09/19/2005,DET,MI,AGL,CE,Federal Contract Tower,4,10,22,0,36,0,0,72,18,90,4,10,94,18,126,66,0,66,192
09/20/2005,DET,MI,AGL,CE,Federal Contract Tower,4,26,43,0,73,0,5,96,6,107,4,31,139,6,180,208,0,208,388
09/21/2005,DET,MI,AGL,CE,Federal Contract Tower,2,13,29,0,44,0,2,94,10,106,2,15,123,10,150,152,0,152,302
09/22/2005,DET,MI,AGL,CE,Federal Contract Tower,0,36,48,0,84,0,2,35,4,41,0,38,83,4,125,30,0,30,155
09/23/2005,DET,MI,AGL,CE,Federal Contract Tower,0,36,43,0,79,0,0,103,6,109,0,36,146,6,188,108,0,108,296
09/24/2005,DET,MI,AGL,CE,Federal Contract Tower,2,11,10,0,23,0,0,111,0,111,2,11,121,0,134,78,0,78,212
09/25/2005,DET,MI,AGL,CE,Federal Contract Tower,0,8,23,0,31,0,0,56,0,56,0,8,79,0,87,114,0,114,201
09/26/2005,DET,MI,AGL,CE,Federal Contract Tower,0,13,37,0,50,0,1,42,0,43,0,14,79,0,93,54,0,54,147
09/27/2005,DET,MI,AGL,CE,Federal Contract Tower,0,21,49,0,70,0,2,120,0,122,0,23,169,0,192,202,0,202,394
09/28/2005,DET,MI,AGL,CE,Federal Contract Tower,4,20,30,0,54,0,4,85,0,89,4,24,115,0,143,158,0,158,301
09/29/2005,DET,MI,AGL,CE,Federal Contract Tower,0,16,55,0,71,0,3,54,0,57,0,19,109,0,128,10,0,10,138
09/30/2005,DET,MI,AGL,CE,Federal Contract Tower,0,26,29,0,55,0,1,68,2,71,0,27,97,2,126,18,0,18,144
10/01/2005,DET,MI,AGL,CE,Federal Contract Tower,0,3,20,0,23,0,0,80,0,80,0,3,100,0,103,82,0,82,185
10/02/2005,DET,MI,AGL,CE,Federal Contract Tower,0,5,34,0,39,0,0,158,0,158,0,5,192,0,197,216,0,216,413
10/03/2005,DET,MI,AGL,CE,Federal Contract Tower,0,11,21,0,32,0,0,71,0,71,0,11,92,0,103,90,0,90,193
10/04/2005,DET,MI,AGL,CE,Federal Contract Tower,0,20,48,0,68,0,0,86,6,92,0,20,134,6,160,178,0,178,338
10/05/2005,DET,MI,AGL,CE,Federal Contract Tower,2,11,34,0,47,0,2,79,2,83,2,13,113,2,130,182,0,182,312
10/06/2005,DET,MI,AGL,CE,Federal Contract Tower,0,38,35,0,73,0,3,74,4,81,0,41,109,4,154,116,0,116,270
10/07/2005,DET,MI,AGL,CE,Federal Contract Tower,0,20,30,0,50,0,1,57,10,68,0,21,87,10,118,66,0,66,184
10/08/2005,DET,MI,AGL,CE,Federal Contract Tower,0,10,13,0,23,0,0,117,0,117,0,10,130,0,140,108,0,108,248
10/09/2005,DET,MI,AGL,CE,Federal Contract Tower,0,3,33,0,36,0,0,106,0,106,0,3,139,0,142,176,0,176,318
10/10/2005,DET,MI,AGL,CE,Federal Contract Tower,0,22,40,0,62,0,2,34,0,36,0,24,74,0,98,192,0,192,290
10/11/2005,DET,MI,AGL,CE,Federal Contract Tower,0,13,29,0,42,0,0,30,0,30,0,13,59,0,72,90,0,90,162
10/12/2005,DET,MI,AGL,CE,Federal Contract Tower,0,13,33,0,46,0,0,22,6,28,0,13,55,6,74,10,0,10,84
10/13/2005,DET,MI,AGL,CE,Federal Contract Tower,0,14,36,0,50,0,1,54,0,55,0,15,90,0,105,40,0,40,145
10/14/2005,DET,MI,AGL,CE,Federal Contract Tower,6,14,49,0,69,0,0,79,0,79,6,14,128,0,148,58,0,58,206
10/15/2005,DET,MI,AGL,CE,Federal Contract Tower,0,11,30,0,41,0,0,53,0,53,0,11,83,0,94,20,0,20,114
10/16/2005,DET,MI,AGL,CE,Federal Contract Tower,0,12,32,0,44,0,0,100,0,100,0,12,132,0,144,122,0,122,266
10/17/2005,DET,MI,AGL,CE,Federal Contract Tower,0,1,24,0,25,0,2,89,18,109,0,3,113,18,134,94,0,94,228
10/18/2005,DET,MI,AGL,CE,Federal Contract Tower,0,10,29,0,39,0,3,87,2,92,0,13,116,2,131,148,0,148,279
10/19/2005,DET,MI,AGL,CE,Federal Contract Tower,0,15,43,0,58,0,0,66,4,70,0,15,109,4,128,94,0,94,222
10/20/2005,DET,MI,AGL,CE,Federal Contract Tower,0,12,50,0,62,0,6,81,6,93,0,18,131,6,155,0,0,0,155
10/21/2005,DET,MI,AGL,CE,Federal Contract Tower,0,22,26,0,48,0,2,80,2,84,0,24,106,2,132,24,0,24,156
10/22/2005,DET,MI,AGL,CE,Federal Contract Tower,0,1,13,0,14,0,1,60,0,61,0,2,73,0,75,34,0,34,109
10/23/2005,DET,MI,AGL,CE,Federal Contract Tower,2,7,25,0,34,0,0,81,2,83,2,7,106,2,117,112,0,112,229
10/24/2005,DET,MI,AGL,CE,Federal Contract Tower,2,17,37,0,56,0,2,45,8,55,2,19,82,8,111,86,0,86,197
10/25/2005,DET,MI,AGL,CE,Federal Contract Tower,0,11,22,0,33,0,4,49,0,53,0,15,71,0,86,88,0,88,174
10/26/2005,DET,MI,AGL,CE,Federal Contract Tower,2,20,45,0,67,0,2,76,2,80,2,22,121,2,147,94,0,94,241
10/27/2005,DET,MI,AGL,CE,Federal Contract Tower,4,25,37,0,66,0,1,77,0,78,4,26,114,0,144,50,0,50,194
10/28/2005,DET,MI,AGL,CE,Federal Contract Tower,0,11,25,2,38,0,0,95,4,99,0,11,120,6,137,28,0,28,165
10/29/2005,DET,MI,AGL,CE,Federal Contract Tower,0,7,18,0,25,0,0,129,0,129,0,7,147,0,154,102,0,102,256
10/30/2005,DET,MI,AGL,CE,Federal Contract Tower,0,10,35,0,45,0,0,125,0,125,0,10,160,0,170,162,0,162,332
10/31/2005,DET,MI,AGL,CE,Federal Contract Tower,0,8,27,2,37,0,1,59,2,62,0,9,86,4,99,112,0,112,211
11/01/2005,DET,MI,AGL,CE,Federal Contract Tower,2,13,16,0,31,0,0,75,6,81,2,13,91,6,112,88,0,88,200
11/02/2005,DET,MI,AGL,CE,Federal Contract Tower,0,22,53,2,77,0,0,102,16,118,0,22,155,18,195,62,0,62,257
11/03/2005,DET,MI,AGL,CE,Federal Contract Tower,4,12,32,0,48,0,0,82,4,86,4,12,114,4,134,46,0,46,180
11/04/2005,DET,MI,AGL,CE,Federal Contract Tower,0,13,23,0,36,0,0,66,2,68,0,13,89,2,104,8,0,8,112
11/05/2005,DET,MI,AGL,CE,Federal Contract Tower,0,6,14,0,20,0,2,44,0,46,0,8,58,0,66,148,0,148,214
11/06/2005,DET,MI,AGL,CE,Federal Contract Tower,0,4,11,0,15,0,0,1,4,5,0,4,12,4,20,0,0,0,20
11/07/2005,DET,MI,AGL,CE,Federal Contract Tower,2,13,31,0,46,0,2,90,8,100,2,15,121,8,146,114,0,114,260
11/08/2005,DET,MI,AGL,CE,Federal Contract Tower,0,8,39,0,47,0,4,75,4,83,0,12,114,4,130,130,0,130,260
11/09/2005,DET,MI,AGL,CE,Federal Contract Tower,0,14,25,0,39,0,0,21,0,21,0,14,46,0,60,0,0,0,60
11/10/2005,DET,MI,AGL,CE,Federal Contract Tower,1,7,44,0,52,0,0,88,4,92,1,7,132,4,144,6,0,6,150
11/11/2005,DET,MI,AGL,CE,Federal Contract Tower,1,11,33,0,45,0,1,109,12,122,1,12,142,12,167,68,0,68,235
11/12/2005,DET,MI,AGL,CE,Federal Contract Tower,0,2,16,0,18,0,1,83,6,90,0,3,99,6,108,42,0,42,150
11/13/2005,DET,MI,AGL,CE,Federal Contract Tower,0,11,11,0,22,0,0,16,0,16,0,11,27,0,38,2,0,2,40
11/14/2005,DET,MI,AGL,CE,Federal Contract Tower,0,7,32,0,39,0,0,78,2,80,0,7,110,2,119,132,0,132,251
11/15/2005,DET,MI,AGL,CE,Federal Contract Tower,0,11,14,0,25,0,0,5,0,5,0,11,19,0,30,0,0,0,30
11/16/2005,DET,MI,AGL,CE,Federal Contract Tower,0,9,25,0,34,0,1,31,4,36,0,10,56,4,70,0,0,0,70
11/17/2005,DET,MI,AGL,CE,Federal Contract Tower,0,10,42,0,52,0,4,41,2,47,0,14,83,2,99,10,0,10,109
11/18/2005,DET,MI,AGL,CE,Federal Contract Tower,0,5,26,0,31,0,0,76,2,78,0,5,102,2,109,16,0,16,125
11/19/2005,DET,MI,AGL,CE,Federal Contract Tower,0,3,4,0,7,0,1,102,0,103,0,4,106,0,110,180,0,180,290
11/20/2005,DET,MI,AGL,CE,Federal Contract Tower,0,8,10,0,18,0,1,66,0,67,0,9,76,0,85,184,0,184,269
11/21/2005,DET,MI,AGL,CE,Federal Contract Tower,0,7,35,0,42,0,0,26,2,28,0,7,61,2,70,100,0,100,170
11/22/2005,DET,MI,AGL,CE,Federal Contract Tower,0,13,29,0,42,0,1,34,8,43,0,14,63,8,85,82,0,82,167
11/23/2005,DET,MI,AGL,CE,Federal Contract Tower,0,7,23,0,30,0,0,27,0,27,0,7,50,0,57,0,0,0,57
11/24/2005,DET,MI,AGL,CE,Federal Contract Tower,0,3,14,0,17,0,0,7,0,7,0,3,21,0,24,8,0,8,32
11/25/2005,DET,MI,AGL,CE,Federal Contract Tower,0,4,5,0,9,0,0,36,0,36,0,4,41,0,45,2,0,2,47
11/26/2005,DET,MI,AGL,CE,Federal Contract Tower,0,2,8,0,10,0,0,107,0,107,0,2,115,0,117,156,0,156,273
11/27/2005,DET,MI,AGL,CE,Federal Contract Tower,0,0,18,0,18,0,0,9,0,9,0,0,27,0,27,14,0,14,41
11/28/2005,DET,MI,AGL,CE,Federal Contract Tower,0,16,28,3,47,0,1,63,9,73,0,17,91,12,120,118,0,118,238
11/29/2005,DET,MI,AGL,CE,Federal Contract Tower,0,16,24,0,40,0,1,53,8,62,0,17,77,8,102,0,0,0,102
11/30/2005,DET,MI,AGL,CE,Federal Contract Tower,2,19,53,0,74,0,1,51,2,54,2,20,104,2,128,44,0,44,172
12/01/2005,DET,MI,AGL,CE,Federal Contract Tower,0,17,42,0,59,0,3,27,4,34,0,20,69,4,93,80,0,80,173
12/02/2005,DET,MI,AGL,CE,Federal Contract Tower,0,11,34,0,45,0,1,20,4,25,0,12,54,4,70,0,0,0,70
12/03/2005,DET,MI,AGL,CE,Federal Contract Tower,0,15,17,0,32,0,0,107,2,109,0,15,124,2,141,108,0,108,249
12/04/2005,DET,MI,AGL,CE,Federal Contract Tower,0,8,25,0,33,0,0,51,4,55,0,8,76,4,88,148,0,148,236
12/05/2005,DET,MI,AGL,CE,Federal Contract Tower,0,16,31,0,47,0,0,54,6,60,0,16,85,6,107,48,0,48,155
12/06/2005,DET,MI,AGL,CE,Federal Contract Tower,2,20,25,0,47,0,1,56,2,59,2,21,81,2,106,104,0,104,210
12/07/2005,DET,MI,AGL,CE,Federal Contract Tower,0,20,38,0,58,0,1,65,0,66,0,21,103,0,124,44,0,44,168
12/08/2005,DET,MI,AGL,CE,Federal Contract Tower,2,18,29,6,55,0,1,64,4,69,2,19,93,10,124,50,0,50,174
12/09/2005,DET,MI,AGL,CE,Federal Contract Tower,0,10,13,0,23,0,0,16,0,16,0,10,29,0,39,10,0,10,49
12/10/2005,DET,MI,AGL,CE,Federal Contract Tower,2,4,4,0,10,0,0,75,0,75,2,4,79,0,85,72,0,72,157
12/11/2005,DET,MI,AGL,CE,Federal Contract Tower,0,1,9,0,10,0,2,0,0,2,0,3,9,0,12,0,0,0,12
12/12/2005,DET,MI,AGL,CE,Federal Contract Tower,0,9,36,0,45,0,0,52,8,60,0,9,88,8,105,56,0,56,161
12/13/2005,DET,MI,AGL,CE,Federal Contract Tower,0,13,27,0,40,0,0,37,0,37,0,13,64,0,77,60,0,60,137
12/14/2005,DET,MI,AGL,CE,Federal Contract Tower,0,23,38,0,61,0,2,42,2,46,0,25,80,2,107,0,0,0,107
12/15/2005,DET,MI,AGL,CE,Federal Contract Tower,0,7,25,0,32,0,0,0,0,0,0,7,25,0,32,0,0,0,32
12/16/2005,DET,MI,AGL,CE,Federal Contract Tower,0,10,15,0,25,0,0,23,4,27,0,10,38,4,52,2,0,2,54
12/17/2005,DET,MI,AGL,CE,Federal Contract Tower,2,6,11,0,19,0,0,22,0,22,2,6,33,0,41,26,0,26,67
12/18/2005,DET,MI,AGL,CE,Federal Contract Tower,0,3,18,0,21,0,0,65,0,65,0,3,83,0,86,114,0,114,200
12/19/2005,DET,MI,AGL,CE,Federal Contract Tower,0,9,10,0,19,0,0,71,6,77,0,9,81,6,96,102,0,102,198
12/20/2005,DET,MI,AGL,CE,Federal Contract Tower,0,7,37,0,44,0,0,38,0,38,0,7,75,0,82,6,0,6,88
12/21/2005,DET,MI,AGL,CE,Federal Contract Tower,0,16,37,0,53,0,0,38,0,38,0,16,75,0,91,58,0,58,149
12/22/2005,DET,MI,AGL,CE,Federal Contract Tower,0,9,22,0,31,0,0,14,2,16,0,9,36,2,47,4,0,4,51
12/23/2005,DET,MI,AGL,CE,Federal Contract Tower,0,8,17,0,25,0,0,66,0,66,0,8,83,0,91,54,0,54,145
12/24/2005,DET,MI,AGL,CE,Federal Contract Tower,0,4,8,0,12,0,0,39,0,39,0,4,47,0,51,26,0,26,77
12/25/2005,DET,MI,AGL,CE,Federal Contract Tower,0,2,0,0,2,0,0,0,0,0,0,2,0,0,2,0,0,0,2
12/26/2005,DET,MI,AGL,CE,Federal Contract Tower,0,9,31,0,40,0,0,15,0,15,0,9,46,0,55,90,0,90,145
12/27/2005,DET,MI,AGL,CE,Federal Contract Tower,0,2,20,0,22,0,0,15,2,17,0,2,35,2,39,44,0,44,83
12/28/2005,DET,MI,AGL,CE,Federal Contract Tower,0,6,16,0,22,0,0,21,2,23,0,6,37,2,45,48,0,48,93
12/29/2005,DET,MI,AGL,CE,Federal Contract Tower,0,7,12,0,19,0,0,14,2,16,0,7,26,2,35,12,0,12,47
12/30/2005,DET,MI,AGL,CE,Federal Contract Tower,0,2,9,0,11,0,0,65,0,65,0,2,74,0,76,138,0,138,214
12/31/2005,DET,MI,AGL,CE,Federal Contract Tower,0,2,4,0,6,0,0,0,0,0,0,2,4,0,6,0,0,0,6
01/01/2006,DET,MI,AGL,CE,Federal Contract Tower,0,8,13,0,21,0,0,71,2,73,0,8,84,2,94,36,0,36,130
01/02/2006,DET,MI,AGL,CE,Federal Contract Tower,0,0,9,0,9,0,0,20,10,30,0,0,29,10,39,42,0,42,81
01/03/2006,DET,MI,AGL,CE,Federal Contract Tower,0,7,13,0,20,0,0,16,0,16,0,7,29,0,36,20,0,20,56
01/04/2006,DET,MI,AGL,CE,Federal Contract Tower,0,3,19,0,22,0,0,0,0,0,0,3,19,0,22,0,0,0,22
01/05/2006,DET,MI,AGL,CE,Federal Contract Tower,0,7,26,0,33,0,0,12,0,12,0,7,38,0,45,26,0,26,71
01/06/2006,DET,MI,AGL,CE,Federal Contract Tower,0,18,22,4,44,0,1,114,8,123,0,19,136,12,167,118,4,122,289
01/07/2006,DET,MI,AGL,CE,Federal Contract Tower,0,4,7,0,11,0,0,33,0,33,0,4,40,0,44,0,0,0,44
01/08/2006,DET,MI,AGL,CE,Federal Contract Tower,0,4,28,0,32,0,0,69,2,71,0,4,97,2,103,144,0,144,247
01/09/2006,DET,MI,AGL,CE,Federal Contract Tower,0,5,28,0,33,0,0,74,16,90,0,5,102,16,123,86,0,86,209
01/10/2006,DET,MI,AGL,CE,Federal Contract Tower,0,14,33,3,50,0,0,124,4,128,0,14,157,7,178,126,0,126,304
01/11/2006,DET,MI,AGL,CE,Federal Contract Tower,0,26,43,0,69,0,1,50,0,51,0,27,93,0,120,38,0,38,158
01/12/2006,DET,MI,AGL,CE,Federal Contract Tower,0,15,67,0,82,0,0,131,16,147,0,15,198,16,229,116,0,116,345
01/13/2006,DET,MI,AGL,CE,Federal Contract Tower,0,6,31,0,37,0,0,43,0,43,0,6,74,0,80,0,0,0,80
01/14/2006,DET,MI,AGL,CE,Federal Contract Tower,0,10,29,0,39,0,0,48,0,48,0,10,77,0,87,88,0,88,175
01/15/2006,DET,MI,AGL,CE,Federal Contract Tower,0,8,11,0,19,0,0,116,8,124,0,8,127,8,143,180,0,180,323
01/16/2006,DET,MI,AGL,CE,Federal Contract Tower,0,2,26,0,28,0,0,57,4,61,0,2,83,4,89,88,0,88,177
01/17/2006,DET,MI,AGL,CE,Federal Contract Tower,0,13,40,0,53,0,0,24,0,24,0,13,64,0,77,0,0,0,77
01/18/2006,DET,MI,AGL,CE,Federal Contract Tower,0,6,31,0,37,0,0,8,0,8,0,6,39,0,45,0,0,0,45
01/19/2006,DET,MI,AGL,CE,Federal Contract Tower,0,12,31,0,43,0,0,44,10,54,0,12,75,10,97,48,0,48,145
01/20/2006,DET,MI,AGL,CE,Federal Contract Tower,0,7,34,0,41,0,0,72,0,72,0,7,106,0,113,74,0,74,187
01/21/2006,DET,MI,AGL,CE,Federal Contract Tower,0,5,7,0,12,0,0,62,4,66,0,5,69,4,78,184,0,184,262
01/22/2006,DET,MI,AGL,CE,Federal Contract Tower,0,7,30,0,37,0,0,129,0,129,0,7,159,0,166,208,0,208,374
01/23/2006,DET,MI,AGL,CE,Federal Contract Tower,0,7,25,0,32,0,0,69,10,79,0,7,94,10,111,50,0,50,161
01/24/2006,DET,MI,AGL,CE,Federal Contract Tower,0,10,13,0,23,0,0,48,2,50,0,10,61,2,73,0,0,0,73
01/25/2006,DET,MI,AGL,CE,Federal Contract Tower,2,7,18,0,27,0,0,53,10,63,2,7,71,10,90,66,0,66,156
01/26/2006,DET,MI,AGL,CE,Federal Contract Tower,0,13,34,0,47,0,0,118,2,120,0,13,152,2,167,26,0,26,193
01/27/2006,DET,MI,AGL,CE,Federal Contract Tower,0,6,9,0,15,0,0,130,4,134,0,6,139,4,149,78,0,78,227
01/28/2006,DET,MI,AGL,CE,Federal Contract Tower,0,0,21,0,21,0,0,80,2,82,0,0,101,2,103,216,0,216,319
01/29/2006,DET,MI,AGL,CE,Federal Contract Tower,0,4,16,0,20,0,0,37,0,37,0,4,53,0,57,0,0,0,57
01/30/2006,DET,MI,AGL,CE,Federal Contract Tower,0,9,19,0,28,0,1,74,4,79,0,10,93,4,107,92,0,92,199
01/31/2006,DET,MI,AGL,CE,Federal Contract Tower,0,16,28,0,44,0,1,62,8,71,0,17,90,8,115,36,0,36,151
02/01/2006,DET,MI,AGL,CE,Federal Contract Tower,0,17,52,0,69,0,0,106,28,134,0,17,158,28,203,2,0,2,205
02/02/2006,DET,MI,AGL,CE,Federal Contract Tower,0,19,54,1,74,0,0,136,106,242,0,19,190,107,316,86,0,86,402
02/03/2006,DET,MI,AGL,CE,Federal Contract Tower,0,25,27,0,52,0,0,239,121,360,0,25,266,121,412,94,0,94,506
02/04/2006,DET,MI,AGL,CE,Federal Contract Tower,0,6,23,1,30,0,0,19,0,19,0,6,42,1,49,0,0,0,49
02/05/2006,DET,MI,AGL,CE,Federal Contract Tower,2,4,55,0,61,0,0,250,130,380,2,4,305,130,441,272,0,272,713
02/06/2006,DET,MI,AGL,CE,Federal Contract Tower,0,26,60,1,87,0,0,95,12,107,0,26,155,13,194,102,0,102,296
02/07/2006,DET,MI,AGL,CE,Federal Contract Tower,0,13,21,1,35,0,2,83,0,85,0,15,104,1,120,84,2,86,206
02/08/2006,DET,MI,AGL,CE,Federal Contract Tower,0,5,32,0,37,0,0,71,0,71,0,5,103,0,108,66,0,66,174
02/09/2006,DET,MI,AGL,CE,Federal Contract Tower,0,14,36,0,50,0,0,71,0,71,0,14,107,0,121,78,0,78,199
02/10/2006,DET,MI,AGL,CE,Federal Contract Tower,0,4,30,0,34,0,0,31,0,31,0,4,61,0,65,120,0,120,185
02/11/2006,DET,MI,AGL,CE,Federal Contract Tower,0,2,13,2,17,0,0,4,2,6,0,2,17,4,23,0,0,0,23
02/12/2006,DET,MI,AGL,CE,Federal Contract Tower,0,2,21,0,23,0,0,72,2,74,0,2,93,2,97,124,0,124,221
02/13/2006,DET,MI,AGL,CE,Federal Contract Tower,0,8,22,0,30,0,0,74,4,78,0,8,96,4,108,58,0,58,166
02/14/2006,DET,MI,AGL,CE,Federal Contract Tower,0,12,19,0,31,0,0,55,0,55,0,12,74,0,86,80,0,80,166
02/15/2006,DET,MI,AGL,CE,Federal Contract Tower,0,8,33,0,41,0,0,78,8,86,0,8,111,8,127,34,0,34,161
02/16/2006,DET,MI,AGL,CE,Federal Contract Tower,0,5,24,0,29,0,0,0,0,0,0,5,24,0,29,0,0,0,29
02/17/2006,DET,MI,AGL,CE,Federal Contract Tower,0,15,10,0,25,0,0,63,6,69,0,15,73,6,94,116,0,116,210
02/18/2006,DET,MI,AGL,CE,Federal Contract Tower,0,4,19,0,23,0,0,94,0,94,0,4,113,0,117,176,0,176,293
02/19/2006,DET,MI,AGL,CE,Federal Contract Tower,0,1,16,0,17,0,2,46,0,48,0,3,62,0,65,80,0,80,145
02/20/2006,DET,MI,AGL,CE,Federal Contract Tower,0,2,31,0,33,0,0,53,0,53,0,2,84,0,86,62,0,62,148
02/21/2006,DET,MI,AGL,CE,Federal Contract Tower,2,13,22,0,37,0,0,76,2,78,2,13,98,2,115,48,0,48,163
02/22/2006,DET,MI,AGL,CE,Federal Contract Tower,0,5,31,0,36,0,0,103,4,107,0,5,134,4,143,38,0,38,181
02/23/2006,DET,MI,AGL,CE,Federal Contract Tower,1,7,26,0,34,0,9,77,8,94,1,16,103,8,128,20,0,20,148
02/24/2006,DET,MI,AGL,CE,Federal Contract Tower,0,5,24,0,29,0,1,101,0,102,0,6,125,0,131,94,0,94,225
02/25/2006,DET,MI,AGL,CE,Federal Contract Tower,0,2,9,0,11,0,0,95,2,97,0,2,104,2,108,128,0,128,236
02/26/2006,DET,MI,AGL,CE,Federal Contract Tower,0,3,24,0,27,0,0,99,4,103,0,3,123,4,130,104,0,104,234
02/27/2006,DET,MI,AGL,CE,Federal Contract Tower,0,6,21,0,27,0,0,76,0,76,0,6,97,0,103,16,0,16,119
02/28/2006,DET,MI,AGL,CE,Federal Contract Tower,1,18,15,0,34,0,0,93,0,93,1,18,108,0,127,72,0,72,199
03/01/2006,DET,MI,AGL,CE,Federal Contract Tower,0,11,44,0,55,0,0,97,0,97,0,11,141,0,152,64,0,64,216
03/02/2006,DET,MI,AGL,CE,Federal Contract Tower,0,11,8,1,20,0,0,34,3,37,0,11,42,4,57,0,0,0,57
03/03/2006,DET,MI,AGL,CE,Federal Contract Tower,2,5,34,0,41,0,0,101,2,103,2,5,135,2,144,110,0,110,254
03/04/2006,DET,MI,AGL,CE,Federal Contract Tower,0,3,34,0,37,0,0,149,2,151,0,3,183,2,188,224,0,224,412
03/05/2006,DET,MI,AGL,CE,Federal Contract Tower,0,5,11,0,16,0,0,105,8,113,0,5,116,8,129,130,0,130,259
03/06/2006,DET,MI,AGL,CE,Federal Contract Tower,0,13,18,0,31,0,0,71,2,73,0,13,89,2,104,70,0,70,174
03/07/2006,DET,MI,AGL,CE,Federal Contract Tower,0,12,20,0,32,0,0,112,4,116,0,12,132,4,148,84,0,84,232
03/08/2006,DET,MI,AGL,CE,Federal Contract Tower,0,6,25,0,31,0,0,51,6,57,0,6,76,6,88,2,0,2,90
03/09/2006,DET,MI,AGL,CE,Federal Contract Tower,2,8,27,0,37,0,0,40,4,44,2,8,67,4,81,102,0,102,183
03/10/2006,DET,MI,AGL,CE,Federal Contract Tower,0,7,15,0,22,0,0,65,2,67,0,7,80,2,89,152,0,152,241
03/11/2006,DET,MI,AGL,CE,Federal Contract Tower,0,9,9,0,18,0,1,91,0,92,0,10,100,0,110,162,0,162,272
03/12/2006,DET,MI,AGL,CE,Federal Contract Tower,0,9,18,0,27,0,0,42,0,42,0,9,60,0,69,110,0,110,179
03/13/2006,DET,MI,AGL,CE,Federal Contract Tower,0,1,22,0,23,0,0,24,0,24,0,1,46,0,47,0,0,0,47
03/14/2006,DET,MI,AGL,CE,Federal Contract Tower,0,11,29,0,40,0,0,41,0,41,0,11,70,0,81,2,0,2,83
03/15/2006,DET,MI,AGL,CE,Federal Contract Tower,0,6,29,2,37,0,0,45,4,49,0,6,74,6,86,4,0,4,90
03/16/2006,DET,MI,AGL,CE,Federal Contract Tower,0,7,15,0,22,0,1,85,4,90,0,8,100,4,112,108,0,108,220
03/17/2006,DET,MI,AGL,CE,Federal Contract Tower,0,8,33,0,41,0,0,156,0,156,0,8,189,0,197,126,0,126,323
03/18/2006,DET,MI,AGL,CE,Federal Contract Tower,0,4,19,0,23,0,2,106,0,108,0,6,125,0,131,182,0,182,313
03/19/2006,DET,MI,AGL,CE,Federal Contract Tower,0,3,15,0,18,0,0,117,0,117,0,3,132,0,135,196,0,196,331
03/20/2006,DET,MI,AGL,CE,Federal Contract Tower,0,3,14,0,17,0,0,77,2,79,0,3,91,2,96,78,0,78,174
03/21/2006,DET,MI,AGL,CE,Federal Contract Tower,0,13,18,0,31,0,1,79,6,86,0,14,97,6,117,22,0,22,139
03/22/2006,DET,MI,AGL,CE,Federal Contract Tower,1,0,25,0,26,0,0,58,2,60,1,0,83,2,86,6,0,6,92
03/23/2006,DET,MI,AGL,CE,Federal Contract Tower,1,15,26,0,42,0,0,102,0,102,1,15,128,0,144,98,0,98,242
03/24/2006,DET,MI,AGL,CE,Federal Contract Tower,0,13,42,0,55,0,0,103,0,103,0,13,145,0,158,118,0,118,276
03/25/2006,DET,MI,AGL,CE,Federal Contract Tower,0,1,12,0,13,0,0,12,0,12,0,1,24,0,25,70,0,70,95
03/26/2006,DET,MI,AGL,CE,Federal Contract Tower,0,1,16,0,17,0,0,112,0,112,0,1,128,0,129,168,0,168,297
03/27/2006,DET,MI,AGL,CE,Federal Contract Tower,0,13,32,0,45,0,0,89,0,89,0,13,121,0,134,68,0,68,202
03/28/2006,DET,MI,AGL,CE,Federal Contract Tower,2,20,16,0,38,0,0,82,32,114,2,20,98,32,152,50,0,50,202
03/29/2006,DET,MI,AGL,CE,Federal Contract Tower,0,14,32,0,46,0,0,111,12,123,0,14,143,12,169,100,0,100,269
03/30/2006,DET,MI,AGL,CE,Federal Contract Tower,0,15,31,0,46,0,0,139,4,143,0,15,170,4,189,118,0,118,307
03/31/2006,DET,MI,AGL,CE,Federal Contract Tower,0,14,15,0,29,0,2,80,6,88,0,16,95,6,117,110,0,110,227
04/01/2006,DET,MI,AGL,CE,Federal Contract Tower,4,1,11,0,16,0,0,52,0,52,4,1,63,0,68,122,0,122,190
04/02/2006,DET,MI,AGL,CE,Federal Contract Tower,0,8,23,0,31,0,0,102,6,108,0,8,125,6,139,166,0,166,305
04/03/2006,DET,MI,AGL,CE,Federal Contract Tower,0,13,22,0,35,0,1,34,0,35,0,14,56,0,70,0,0,0,70
04/04/2006,DET,MI,AGL,CE,Federal Contract Tower,0,23,28,0,51,0,3,78,2,83,0,26,106,2,134,42,0,42,176
04/05/2006,DET,MI,AGL,CE,Federal Contract Tower,0,14,32,0,46,0,0,76,6,82,0,14,108,6,128,34,0,34,162
04/06/2006,DET,MI,AGL,CE,Federal Contract Tower,0,14,34,0,48,0,0,106,4,110,0,14,140,4,158,146,0,146,304
04/07/2006,DET,MI,AGL,CE,Federal Contract Tower,0,11,27,0,38,0,2,45,0,47,0,13,72,0,85,84,0,84,169
04/08/2006,DET,MI,AGL,CE,Federal Contract Tower,0,8,16,0,24,0,0,199,0,199,0,8,215,0,223,146,0,146,369
04/09/2006,DET,MI,AGL,CE,Federal Contract Tower,0,2,20,0,22,0,15,97,0,112,0,17,117,0,134,74,0,74,208
04/10/2006,DET,MI,AGL,CE,Federal Contract Tower,0,3,22,0,25,0,1,161,2,164,0,4,183,2,189,134,0,134,323
04/11/2006,DET,MI,AGL,CE,Federal Contract Tower,0,9,17,0,26,0,0,79,2,81,0,9,96,2,107,22,0,22,129
04/12/2006,DET,MI,AGL,CE,Federal Contract Tower,0,3,34,0,37,0,0,45,7,52,0,3,79,7,89,144,0,144,233
04/13/2006,DET,MI,AGL,CE,Federal Contract Tower,0,8,29,0,37,0,1,100,0,101,0,9,129,0,138,148,0,148,286
04/14/2006,DET,MI,AGL,CE,Federal Contract Tower,0,1,22,0,23,0,0,108,0,108,0,1,130,0,131,110,0,110,241
04/15/2006,DET,MI,AGL,CE,Federal Contract Tower,0,3,16,0,19,0,0,125,0,125,0,3,141,0,144,234,0,234,378
04/16/2006,DET,MI,AGL,CE,Federal Contract Tower,0,1,4,0,5,0,0,50,0,50,0,1,54,0,55,82,0,82,137
04/17/2006,DET,MI,AGL,CE,Federal Contract Tower,0,4,24,0,28,0,0,64,6,70,0,4,88,6,98,56,0,56,154
04/18/2006,DET,MI,AGL,CE,Federal Contract Tower,0,10,22,0,32,0,0,106,12,118,0,10,128,12,150,66,0,66,216
04/19/2006,DET,MI,AGL,CE,Federal Contract Tower,0,15,28,0,43,0,0,142,6,148,0,15,170,6,191,166,0,166,357
04/20/2006,DET,MI,AGL,CE,Federal Contract Tower,0,11,34,0,45,0,0,119,4,123,0,11,153,4,168,192,0,192,360
04/21/2006,DET,MI,AGL,CE,Federal Contract Tower,0,6,30,0,36,0,0,93,0,93,0,6,123,0,129,196,0,196,325
04/22/2006,DET,MI,AGL,CE,Federal Contract Tower,0,1,25,0,26,0,0,91,0,91,0,1,116,0,117,146,0,146,263
04/23/2006,DET,MI,AGL,CE,Federal Contract Tower,0,8,34,0,42,0,1,28,2,31,0,9,62,2,73,50,0,50,123
04/24/2006,DET,MI,AGL,CE,Federal Contract Tower,0,10,39,0,49,0,2,71,6,79,0,12,110,6,128,78,0,78,206
04/25/2006,DET,MI,AGL,CE,Federal Contract Tower,1,20,31,0,52,1,0,62,4,67,2,20,93,4,119,26,0,26,145
04/26/2006,DET,MI,AGL,CE,Federal Contract Tower,0,21,32,0,53,0,0,138,10,148,0,21,170,10,201,166,0,166,367
04/27/2006,DET,MI,AGL,CE,Federal Contract Tower,0,19,31,0,50,0,0,88,2,90,0,19,119,2,140,180,0,180,320
04/28/2006,DET,MI,AGL,CE,Federal Contract Tower,0,15,26,0,41,0,1,100,10,111,0,16,126,10,152,162,0,162,314
04/29/2006,DET,MI,AGL,CE,Federal Contract Tower,0,0,18,0,18,0,0,115,0,115,0,0,133,0,133,162,0,162,295
04/30/2006,DET,MI,AGL,CE,Federal Contract Tower,0,1,18,0,19,0,0,78,0,78,0,1,96,0,97,82,0,82,179
05/01/2006,DET,MI,AGL,CE,Federal Contract Tower,0,11,15,0,26,0,0,74,0,74,0,11,89,0,100,68,0,68,168
05/02/2006,DET,MI,AGL,CE,Federal Contract Tower,0,6,24,0,30,0,0,25,18,43,0,6,49,18,73,14,0,14,87
05/03/2006,DET,MI,AGL,CE,Federal Contract Tower,0,12,33,0,45,0,0,79,0,79,0,12,112,0,124,70,0,70,194
05/04/2006,DET,MI,AGL,CE,Federal Contract Tower,0,8,37,0,45,0,0,104,2,106,0,8,141,2,151,76,0,76,227
05/05/2006,DET,MI,AGL,CE,Federal Contract Tower,0,4,36,0,40,0,0,82,10,92,0,4,118,10,132,160,0,160,292
05/06/2006,DET,MI,AGL,CE,Federal Contract Tower,0,0,18,0,18,0,0,83,10,93,0,0,101,10,111,106,0,106,217
05/07/2006,DET,MI,AGL,CE,Federal Contract Tower,0,6,21,0,27,0,0,69,0,69,0,6,90,0,96,64,0,64,160
05/08/2006,DET,MI,AGL,CE,Federal Contract Tower,0,5,29,0,34,0,1,64,2,67,0,6,93,2,101,90,0,90,191
05/09/2006,DET,MI,AGL,CE,Federal Contract Tower,0,4,23,0,27,0,0,100,4,104,0,4,123,4,131,62,0,62,193
05/10/2006,DET,MI,AGL,CE,Federal Contract Tower,0,11,32,0,43,0,1,124,0,125,0,12,156,0,168,115,0,115,283
05/11/2006,DET,MI,AGL,CE,Federal Contract Tower,0,20,9,0,29,0,0,43,0,43,0,20,52,0,72,18,0,18,90
05/12/2006,DET,MI,AGL,CE,Federal Contract Tower,0,10,28,0,38,0,0,34,6,40,0,10,62,6,78,0,0,0,78
05/13/2006,DET,MI,AGL,CE,Federal Contract Tower,0,4,22,0,26,0,0,93,2,95,0,4,115,2,121,106,0,106,227
05/14/2006,DET,MI,AGL,CE,Federal Contract Tower,0,2,17,0,19,0,0,23,10,33,0,2,40,10,52,0,2,2,54
05/15/2006,DET,MI,AGL,CE,Federal Contract Tower,0,7,34,0,41,0,0,16,2,18,0,7,50,2,59,0,0,0,59
05/16/2006,DET,MI,AGL,CE,Federal Contract Tower,0,5,33,0,38,0,0,35,10,45,0,5,68,10,83,26,0,26,109
05/17/2006,DET,MI,AGL,CE,Federal Contract Tower,0,23,39,0,62,0,0,99,6,105,0,23,138,6,167,122,0,122,289
05/18/2006,DET,MI,AGL,CE,Federal Contract Tower,0,13,36,0,49,0,0,100,24,124,0,13,136,24,173,162,0,162,335
05/19/2006,DET,MI,AGL,CE,Federal Contract Tower,2,15,41,0,58,0,0,96,8,104,2,15,137,8,162,130,0,130,292
05/20/2006,DET,MI,AGL,CE,Federal Contract Tower,2,2,19,0,23,0,0,120,14,134,2,2,139,14,157,162,0,162,319
05/21/2006,DET,MI,AGL,CE,Federal Contract Tower,0,7,35,0,42,0,0,72,0,72,0,7,107,0,114,210,0,210,324
05/22/2006,DET,MI,AGL,CE,Federal Contract Tower,0,9,25,0,34,0,1,106,4,111,0,10,131,4,145,72,0,72,217
05/23/2006,DET,MI,AGL,CE,Federal Contract Tower,0,13,22,0,35,0,0,112,8,120,0,13,134,8,155,62,0,62,217
05/24/2006,DET,MI,AGL,CE,Federal Contract Tower,0,13,23,0,36,0,0,118,0,118,0,13,141,0,154,168,0,168,322
05/25/2006,DET,MI,AGL,CE,Federal Contract Tower,0,11,20,0,31,0,0,101,2,103,0,11,121,2,134,116,0,116,250
05/26/2006,DET,MI,AGL,CE,Federal Contract Tower,0,5,23,0,28,0,0,79,2,81,0,5,102,2,109,134,0,134,243
05/27/2006,DET,MI,AGL,CE,Federal Contract Tower,0,5,31,0,36,0,0,99,8,107,0,5,130,8,143,154,0,154,297
05/28/2006,DET,MI,AGL,CE,Federal Contract Tower,0,2,8,0,10,0,0,55,4,59,0,2,63,4,69,0,0,0,69
05/29/2006,DET,MI,AGL,CE,Federal Contract Tower,0,5,23,0,28,0,0,71,12,83,0,5,94,12,111,40,0,40,151
05/30/2006,DET,MI,AGL,CE,Federal Contract Tower,0,20,25,0,45,0,1,22,12,35,0,21,47,12,80,38,0,38,118
05/31/2006,DET,MI,AGL,CE,Federal Contract Tower,0,10,36,0,46,0,0,67,0,67,0,10,103,0,113,152,0,152,265
06/01/2006,DET,MI,AGL,CE,Federal Contract Tower,0,15,42,0,57,0,0,108,10,118,0,15,150,10,175,146,0,146,321
06/02/2006,DET,MI,AGL,CE,Federal Contract Tower,2,11,47,0,60,0,0,105,4,109,2,11,152,4,169,180,0,180,349
06/03/2006,DET,MI,AGL,CE,Federal Contract Tower,0,1,28,0,29,0,0,85,20,105,0,1,113,20,134,122,0,122,256
06/04/2006,DET,MI,AGL,CE,Federal Contract Tower,0,4,29,0,33,0,2,145,0,147,0,6,174,0,180,0,0,0,180
06/05/2006,DET,MI,AGL,CE,Federal Contract Tower,0,5,29,0,34,0,0,97,12,109,0,5,126,12,143,90,0,90,233
06/06/2006,DET,MI,AGL,CE,Federal Contract Tower,0,3,36,0,39,0,0,122,4,126,0,3,158,4,165,172,0,172,337
06/07/2006,DET,MI,AGL,CE,Federal Contract Tower,0,10,16,0,26,0,0,109,4,113,0,10,125,4,139,130,0,130,269
06/08/2006,DET,MI,AGL,CE,Federal Contract Tower,2,19,35,0,56,0,0,112,8,120,2,19,147,8,176,180,0,180,356
06/09/2006,DET,MI,AGL,CE,Federal Contract Tower,0,10,36,0,46,0,0,86,0,86,0,10,122,0,132,164,0,164,296
06/10/2006,DET,MI,AGL,CE,Federal Contract Tower,0,6,19,0,25,0,0,143,6,149,0,6,162,6,174,186,0,186,360
06/11/2006,DET,MI,AGL,CE,Federal Contract Tower,0,2,19,0,21,0,0,101,0,101,0,2,120,0,122,74,0,74,196
06/12/2006,DET,MI,AGL,CE,Federal Contract Tower,2,6,28,0,36,0,0,95,10,105,2,6,123,10,141,42,0,42,183
06/13/2006,DET,MI,AGL,CE,Federal Contract Tower,0,11,25,0,36,0,1,119,2,122,0,12,144,2,158,162,0,162,320
06/14/2006,DET,MI,AGL,CE,Federal Contract Tower,0,19,31,0,50,0,0,128,14,142,0,19,159,14,192,141,0,141,333
06/15/2006,DET,MI,AGL,CE,Federal Contract Tower,0,16,41,0,57,0,0,136,6,142,0,16,177,6,199,212,0,212,411
06/16/2006,DET,MI,AGL,CE,Federal Contract Tower,0,5,33,0,38,0,0,77,4,81,0,5,110,4,119,68,0,68,187
06/17/2006,DET,MI,AGL,CE,Federal Contract Tower,0,2,19,0,21,0,0,84,2,86,0,2,103,2,107,162,0,162,269
06/18/2006,DET,MI,AGL,CE,Federal Contract Tower,0,9,25,0,34,0,0,64,8,72,0,9,89,8,106,12,0,12,118
06/19/2006,DET,MI,AGL,CE,Federal Contract Tower,0,7,33,0,40,0,0,38,0,38,0,7,71,0,78,0,0,0,78
06/20/2006,DET,MI,AGL,CE,Federal Contract Tower,0,13,23,0,36,0,0,112,0,112,0,13,135,0,148,190,0,190,338
06/21/2006,DET,MI,AGL,CE,Federal Contract Tower,0,10,21,0,31,0,1,92,2,95,0,11,113,2,126,42,0,42,168
06/22/2006,DET,MI,AGL,CE,Federal Contract Tower,2,21,32,0,55,0,0,125,8,133,2,21,157,8,188,206,0,206,394
06/23/2006,DET,MI,AGL,CE,Federal Contract Tower,0,16,36,0,52,0,0,99,6,105,0,16,135,6,157,140,0,140,297
06/24/2006,DET,MI,AGL,CE,Federal Contract Tower,0,9,22,0,31,0,0,107,6,113,0,9,129,6,144,120,0,120,264
06/25/2006,DET,MI,AGL,CE,Federal Contract Tower,0,9,29,0,38,0,0,132,2,134,0,9,161,2,172,70,0,70,242
06/26/2006,DET,MI,AGL,CE,Federal Contract Tower,0,7,32,0,39,0,0,58,0,58,0,7,90,0,97,22,0,22,119
06/27/2006,DET,MI,AGL,CE,Federal Contract Tower,0,15,44,0,59,0,0,70,20,90,0,15,114,20,149,64,0,64,213
06/28/2006,DET,MI,AGL,CE,Federal Contract Tower,2,11,34,0,47,0,0,214,4,218,2,11,248,4,265,196,0,196,461
06/29/2006,DET,MI,AGL,CE,Federal Contract Tower,2,10,45,0,57,0,2,132,6,140,2,12,177,6,197,202,0,202,399
06/30/2006,DET,MI,AGL,CE,Federal Contract Tower,0,11,38,0,49,0,0,104,0,104,0,11,142,0,153,138,0,138,291
07/01/2006,DET,MI,AGL,CE,Federal Contract Tower,0,1,15,0,16,0,0,108,0,108,0,1,123,0,124,90,0,90,214
07/02/2006,DET,MI,AGL,CE,Federal Contract Tower,0,2,15,0,17,0,0,53,0,53,0,2,68,0,70,74,0,74,144
07/03/2006,DET,MI,AGL,CE,Federal Contract Tower,0,2,10,0,12,0,0,54,0,54,0,2,64,0,66,52,0,52,118
07/04/2006,DET,MI,AGL,CE,Federal Contract Tower,0,3,6,0,9,0,0,104,0,104,0,3,110,0,113,194,0,194,307
07/05/2006,DET,MI,AGL,CE,Federal Contract Tower,0,7,21,0,28,0,0,141,14,155,0,7,162,14,183,204,0,204,387
07/06/2006,DET,MI,AGL,CE,Federal Contract Tower,0,8,25,0,33,0,0,145,8,153,0,8,170,8,186,188,0,188,374
07/07/2006,DET,MI,AGL,CE,Federal Contract Tower,0,10,19,0,29,0,0,131,8,139,0,10,150,8,168,124,0,124,292
07/08/2006,DET,MI,AGL,CE,Federal Contract Tower,0,2,8,0,10,0,0,133,14,147,0,2,141,14,157,156,0,156,313
07/09/2006,DET,MI,AGL,CE,Federal Contract Tower,0,5,19,0,24,0,0,80,4,84,0,5,99,4,108,84,0,84,192
07/10/2006,DET,MI,AGL,CE,Federal Contract Tower,0,3,33,0,36,0,0,72,6,78,0,3,105,6,114,42,0,42,156
07/11/2006,DET,MI,AGL,CE,Federal Contract Tower,0,10,21,0,31,0,0,66,0,66,0,10,87,0,97,0,0,0,97
07/12/2006,DET,MI,AGL,CE,Federal Contract Tower,0,10,34,0,44,0,0,168,20,188,0,10,202,20,232,211,0,211,443
07/13/2006,DET,MI,AGL,CE,Federal Contract Tower,0,20,35,0,55,0,1,157,0,158,0,21,192,0,213,200,0,200,413
07/14/2006,DET,MI,AGL,CE,Federal Contract Tower,0,4,34,0,38,0,0,136,14,150,0,4,170,14,188,112,0,112,300
07/15/2006,DET,MI,AGL,CE,Federal Contract Tower,0,1,25,0,26,0,0,140,6,146,0,1,165,6,172,110,0,110,282
07/16/2006,DET,MI,AGL,CE,Federal Contract Tower,0,7,16,0,23,0,1,140,8,149,0,8,156,8,172,120,0,120,292
07/17/2006,DET,MI,AGL,CE,Federal Contract Tower,0,18,24,0,42,0,2,63,0,65,0,20,87,0,107,16,0,16,123
07/18/2006,DET,MI,AGL,CE,Federal Contract Tower,0,17,20,0,37,0,0,110,16,126,0,17,130,16,163,228,0,228,391
07/19/2006,DET,MI,AGL,CE,Federal Contract Tower,0,12,32,0,44,0,0,145,6,151,0,12,177,6,195,140,0,140,335
07/20/2006,DET,MI,AGL,CE,Federal Contract Tower,0,4,39,0,43,0,0,53,2,55,0,4,92,2,98,84,0,84,182
07/21/2006,DET,MI,AGL,CE,Federal Contract Tower,0,9,40,0,49,0,0,108,4,112,0,9,148,4,161,124,0,124,285
07/22/2006,DET,MI,AGL,CE,Federal Contract Tower,0,2,11,0,13,0,2,87,2,91,0,4,98,2,104,70,0,70,174
07/23/2006,DET,MI,AGL,CE,Federal Contract Tower,0,0,20,0,20,0,0,107,0,107,0,0,127,0,127,110,0,110,237
07/24/2006,DET,MI,AGL,CE,Federal Contract Tower,0,15,27,2,44,0,2,68,2,72,0,17,95,4,116,19,0,19,135
07/25/2006,DET,MI,AGL,CE,Federal Contract Tower,0,10,39,0,49,0,0,81,0,81,0,10,120,0,130,208,0,208,338
07/26/2006,DET,MI,AGL,CE,Federal Contract Tower,0,5,32,0,37,0,1,121,8,130,0,6,153,8,167,112,0,112,279
07/27/2006,DET,MI,AGL,CE,Federal Contract Tower,0,5,56,0,61,0,0,100,0,100,0,5,156,0,161,94,0,94,255
07/28/2006,DET,MI,AGL,CE,Federal Contract Tower,0,16,28,0,44,0,0,110,4,114,0,16,138,4,158,144,0,144,302
07/29/2006,DET,MI,AGL,CE,Federal Contract Tower,0,2,22,0,24,0,1,81,0,82,0,3,103,0,106,116,0,116,222
07/30/2006,DET,MI,AGL,CE,Federal Contract Tower,0,3,32,0,35,0,0,79,2,81,0,3,111,2,116,86,0,86,202
07/31/2006,DET,MI,AGL,CE,Federal Contract Tower,0,7,30,0,37,0,0,91,0,91,0,7,121,0,128,90,0,90,218
08/01/2006,DET,MI,AGL,CE,Federal Contract Tower,0,15,26,0,41,0,0,167,4,171,0,15,193,4,212,152,0,152,364
08/02/2006,DET,MI,AGL,CE,Federal Contract Tower,0,6,36,0,42,0,0,116,12,128,0,6,152,12,170,229,0,229,399
08/03/2006,DET,MI,AGL,CE,Federal Contract Tower,0,8,27,0,35,0,0,76,8,84,0,8,103,8,119,28,0,28,147
08/04/2006,DET,MI,AGL,CE,Federal Contract Tower,0,1,14,0,15,0,0,153,6,159,0,1,167,6,174,106,0,106,280
08/05/2006,DET,MI,AGL,CE,Federal Contract Tower,0,0,21,0,21,0,0,103,4,107,0,0,124,4,128,48,0,48,176
08/06/2006,DET,MI,AGL,CE,Federal Contract Tower,0,1,25,0,26,0,0,68,2,70,0,1,93,2,96,10,0,10,106
08/07/2006,DET,MI,AGL,CE,Federal Contract Tower,0,10,26,0,36,0,0,92,4,96,0,10,118,4,132,168,0,168,300
08/08/2006,DET,MI,AGL,CE,Federal Contract Tower,0,10,37,0,47,0,0,131,0,131,0,10,168,0,178,106,0,106,284
08/09/2006,DET,MI,AGL,CE,Federal Contract Tower,0,9,42,0,51,0,0,142,8,150,0,9,184,8,201,182,0,182,383
08/10/2006,DET,MI,AGL,CE,Federal Contract Tower,0,7,26,0,33,0,0,129,14,143,0,7,155,14,176,128,0,128,304
08/11/2006,DET,MI,AGL,CE,Federal Contract Tower,0,5,24,0,29,0,7,99,2,108,0,12,123,2,137,136,0,136,273
08/12/2006,DET,MI,AGL,CE,Federal Contract Tower,0,1,22,0,23,0,2,108,10,120,0,3,130,10,143,134,0,134,277
08/13/2006,DET,MI,AGL,CE,Federal Contract Tower,0,2,10,0,12,0,0,91,2,93,0,2,101,2,105,54,0,54,159
08/14/2006,DET,MI,AGL,CE,Federal Contract Tower,4,7,32,0,43,0,0,77,0,77,4,7,109,0,120,44,0,44,164
08/15/2006,DET,MI,AGL,CE,Federal Contract Tower,0,7,28,0,35,0,0,154,10,164,0,7,182,10,199,228,0,228,427
08/16/2006,DET,MI,AGL,CE,Federal Contract Tower,2,17,44,0,63,0,0,139,0,139,2,17,183,0,202,222,0,222,424
08/17/2006,DET,MI,AGL,CE,Federal Contract Tower,0,12,40,0,52,0,0,149,6,155,0,12,189,6,207,198,0,198,405
08/18/2006,DET,MI,AGL,CE,Federal Contract Tower,2,2,33,0,37,0,0,76,4,80,2,2,109,4,117,80,0,80,197
08/19/2006,DET,MI,AGL,CE,Federal Contract Tower,0,0,24,0,24,0,0,17,0,17,0,0,41,0,41,0,0,0,41
08/20/2006,DET,MI,AGL,CE,Federal Contract Tower,0,5,17,0,22,0,0,62,0,62,0,5,79,0,84,6,0,6,90
08/21/2006,DET,MI,AGL,CE,Federal Contract Tower,0,7,21,0,28,0,1,141,0,142,0,8,162,0,170,114,0,114,284
08/22/2006,DET,MI,AGL,CE,Federal Contract Tower,0,14,31,0,45,0,0,150,0,150,0,14,181,0,195,226,0,226,421
08/23/2006,DET,MI,AGL,CE,Federal Contract Tower,0,11,30,0,41,0,0,150,8,158,0,11,180,8,199,194,0,194,393
08/24/2006,DET,MI,AGL,CE,Federal Contract Tower,0,20,34,0,54,0,0,76,0,76,0,20,110,0,130,84,0,84,214
08/25/2006,DET,MI,AGL,CE,Federal Contract Tower,2,19,53,2,76,0,0,67,6,73,2,19,120,8,149,56,0,56,205
08/26/2006,DET,MI,AGL,CE,Federal Contract Tower,2,5,15,0,22,0,0,26,4,30,2,5,41,4,52,42,0,42,94
08/27/2006,DET,MI,AGL,CE,Federal Contract Tower,0,7,24,0,31,0,0,19,0,19,0,7,43,0,50,6,0,6,56
08/28/2006,DET,MI,AGL,CE,Federal Contract Tower,2,10,18,0,30,0,0,92,2,94,2,10,110,2,124,80,0,80,204
08/29/2006,DET,MI,AGL,CE,Federal Contract Tower,0,9,31,0,40,0,6,112,8,126,0,15,143,8,166,114,20,134,300
08/30/2006,DET,MI,AGL,CE,Federal Contract Tower,1,12,45,0,58,0,0,146,4,150,1,12,191,4,208,198,0,198,406
08/31/2006,DET,MI,AGL,CE,Federal Contract Tower,4,12,41,0,57,0,0,120,0,120,4,12,161,0,177,173,0,173,350
09/01/2006,DET,MI,AGL,CE,Federal Contract Tower,0,4,29,0,33,0,0,123,4,127,0,4,152,4,160,144,0,144,304
09/02/2006,DET,MI,AGL,CE,Federal Contract Tower,0,4,11,0,15,0,0,37,2,39,0,4,48,2,54,88,0,88,142
09/03/2006,DET,MI,AGL,CE,Federal Contract Tower,0,6,15,0,21,0,0,52,0,52,0,6,67,0,73,72,0,72,145
09/04/2006,DET,MI,AGL,CE,Federal Contract Tower,0,7,36,0,43,0,0,117,0,117,0,7,153,0,160,150,0,150,310
09/05/2006,DET,MI,AGL,CE,Federal Contract Tower,0,7,18,0,25,0,0,154,10,164,0,7,172,10,189,226,0,226,415
09/06/2006,DET,MI,AGL,CE,Federal Contract Tower,0,7,41,0,48,0,0,119,8,127,0,7,160,8,175,122,0,122,297
09/07/2006,DET,MI,AGL,CE,Federal Contract Tower,3,15,36,0,54,0,0,111,10,121,3,15,147,10,175,128,0,128,303
09/08/2006,DET,MI,AGL,CE,Federal Contract Tower,9,9,31,0,49,0,1,130,8,139,9,10,161,8,188,74,0,74,262
09/09/2006,DET,MI,AGL,CE,Federal Contract Tower,3,2,17,0,22,0,0,60,8,68,3,2,77,8,90,78,0,78,168
09/10/2006,DET,MI,AGL,CE,Federal Contract Tower,0,5,19,0,24,0,0,40,8,48,0,5,59,8,72,32,0,32,104
09/11/2006,DET,MI,AGL,CE,Federal Contract Tower,2,8,23,0,33,0,1,90,2,93,2,9,113,2,126,126,0,126,252
09/12/2006,DET,MI,AGL,CE,Federal Contract Tower,0,15,39,0,54,0,0,29,8,37,0,15,68,8,91,0,0,0,91
09/13/2006,DET,MI,AGL,CE,Federal Contract Tower,0,17,39,0,56,0,0,88,0,88,0,17,127,0,144,132,0,132,276
09/14/2006,DET,MI,AGL,CE,Federal Contract Tower,4,19,40,0,63,0,0,86,10,96,4,19,126,10,159,94,0,94,253
09/15/2006,DET,MI,AGL,CE,Federal Contract Tower,3,16,39,0,58,0,0,112,4,116,3,16,151,4,174,100,0,100,274
09/16/2006,DET,MI,AGL,CE,Federal Contract Tower,0,2,24,0,26,0,0,56,4,60,0,2,80,4,86,126,0,126,212
09/17/2006,DET,MI,AGL,CE,Federal Contract Tower,0,1,35,0,36,0,0,47,0,47,0,1,82,0,83,44,0,44,127
09/18/2006,DET,MI,AGL,CE,Federal Contract Tower,0,8,18,0,26,0,0,52,0,52,0,8,70,0,78,100,0,100,178
09/19/2006,DET,MI,AGL,CE,Federal Contract Tower,0,16,48,0,64,0,0,101,22,123,0,16,149,22,187,182,0,182,369
09/20/2006,DET,MI,AGL,CE,Federal Contract Tower,0,9,36,0,45,0,0,124,8,132,0,9,160,8,177,142,0,142,319
09/21/2006,DET,MI,AGL,CE,Federal Contract Tower,0,6,34,0,40,0,0,95,6,101,0,6,129,6,141,128,1,129,270
09/22/2006,DET,MI,AGL,CE,Federal Contract Tower,1,12,37,0,50,0,0,104,6,110,1,12,141,6,160,148,0,148,308
09/23/2006,DET,MI,AGL,CE,Federal Contract Tower,0,5,18,0,23,0,0,10,4,14,0,5,28,4,37,4,0,4,41
09/24/2006,DET,MI,AGL,CE,Federal Contract Tower,0,8,29,0,37,0,1,31,0,32,0,9,60,0,69,0,0,0,69
09/25/2006,DET,MI,AGL,CE,Federal Contract Tower,4,4,20,0,28,0,0,80,1,81,4,4,100,1,109,76,0,76,185
09/26/2006,DET,MI,AGL,CE,Federal Contract Tower,12,14,24,0,50,1,1,163,8,173,13,15,187,8,223,178,0,178,401
09/27/2006,DET,MI,AGL,CE,Federal Contract Tower,4,11,42,0,57,0,0,84,6,90,4,11,126,6,147,130,0,130,277
09/28/2006,DET,MI,AGL,CE,Federal Contract Tower,0,13,44,0,57,0,0,75,0,75,0,13,119,0,132,112,0,112,244
09/29/2006,DET,MI,AGL,CE,Federal Contract Tower,3,16,42,0,61,0,0,104,10,114,3,16,146,10,175,112,0,112,287
09/30/2006,DET,MI,AGL,CE,Federal Contract Tower,5,4,18,0,27,0,3,10,2,15,5,7,28,2,42,0,0,0,42
10/01/2006,DET,MI,AGL,CE,Federal Contract Tower,0,1,20,0,21,0,0,58,0,58,0,1,78,0,79,74,0,74,153
10/02/2006,DET,MI,AGL,CE,Federal Contract Tower,4,6,22,0,32,0,0,74,3,77,4,6,96,3,109,160,0,160,269
10/03/2006,DET,MI,AGL,CE,Federal Contract Tower,0,11,34,0,45,0,0,89,4,93,0,11,123,4,138,144,0,144,282
10/04/2006,DET,MI,AGL,CE,Federal Contract Tower,4,12,38,0,54,0,0,43,2,45,4,12,81,2,99,78,0,78,177
10/05/2006,DET,MI,AGL,CE,Federal Contract Tower,0,14,32,0,46,0,0,122,0,122,0,14,154,0,168,110,0,110,278
10/06/2006,DET,MI,AGL,CE,Federal Contract Tower,2,5,42,1,50,0,0,161,3,164,2,5,203,4,214,136,0,136,350
10/07/2006,DET,MI,AGL,CE,Federal Contract Tower,0,8,29,0,37,0,1,83,0,84,0,9,112,0,121,124,0,124,245
10/08/2006,DET,MI,AGL,CE,Federal Contract Tower,0,6,21,0,27,0,0,127,0,127,0,6,148,0,154,154,0,154,308
10/09/2006,DET,MI,AGL,CE,Federal Contract Tower,4,4,38,0,46,0,0,118,0,118,4,4,156,0,164,176,0,176,340
10/10/2006,DET,MI,AGL,CE,Federal Contract Tower,0,14,37,0,51,0,0,94,2,96,0,14,131,2,147,170,0,170,317
10/11/2006,DET,MI,AGL,CE,Federal Contract Tower,2,6,41,0,49,0,0,75,0,75,2,6,116,0,124,106,0,106,230
10/12/2006,DET,MI,AGL,CE,Federal Contract Tower,0,9,22,1,32,0,1,69,2,72,0,10,91,3,104,46,0,46,150
10/13/2006,DET,MI,AGL,CE,Federal Contract Tower,5,12,21,1,39,0,1,84,4,89,5,13,105,5,128,80,0,80,208
10/14/2006,DET,MI,AGL,CE,Federal Contract Tower,0,7,20,0,27,0,0,68,4,72,0,7,88,4,99,218,0,218,317
10/15/2006,DET,MI,AGL,CE,Federal Contract Tower,0,3,34,0,37,0,0,116,0,116,0,3,150,0,153,150,0,150,303
10/16/2006,DET,MI,AGL,CE,Federal Contract Tower,2,10,38,0,50,0,0,92,12,104,2,10,130,12,154,190,0,190,344
10/17/2006,DET,MI,AGL,CE,Federal Contract Tower,0,18,45,0,63,0,0,29,2,31,0,18,74,2,94,44,0,44,138
10/18/2006,DET,MI,AGL,CE,Federal Contract Tower,4,5,42,0,51,0,0,117,12,129,4,5,159,12,180,170,0,170,350
10/19/2006,DET,MI,AGL,CE,Federal Contract Tower,2,10,30,0,42,0,0,82,6,88,2,10,112,6,130,50,0,50,180
10/20/2006,DET,MI,AGL,CE,Federal Contract Tower,0,9,35,0,44,0,1,69,8,78,0,10,104,8,122,80,0,80,202
10/21/2006,DET,MI,AGL,CE,Federal Contract Tower,0,15,41,0,56,0,0,99,8,107,0,15,140,8,163,174,0,174,337
10/22/2006,DET,MI,AGL,CE,Federal Contract Tower,0,16,53,0,69,0,1,67,14,82,0,17,120,14,151,100,0,100,251
10/23/2006,DET,MI,AGL,CE,Federal Contract Tower,2,20,39,0,61,0,0,71,0,71,2,20,110,0,132,114,0,114,246
10/24/2006,DET,MI,AGL,CE,Federal Contract Tower,0,16,47,2,65,0,0,103,18,121,0,16,150,20,186,126,0,126,312
10/25/2006,DET,MI,AGL,CE,Federal Contract Tower,2,11,35,0,48,0,0,91,4,95,2,11,126,4,143,102,0,102,245
10/26/2006,DET,MI,AGL,CE,Federal Contract Tower,0,9,25,0,34,0,0,88,4,92,0,9,113,4,126,56,0,56,182
10/27/2006,DET,MI,AGL,CE,Federal Contract Tower,0,7,25,0,32,0,0,18,2,20,0,7,43,2,52,2,0,2,54
10/28/2006,DET,MI,AGL,CE,Federal Contract Tower,0,5,23,0,28,0,0,1,0,1,0,5,24,0,29,0,0,0,29
10/29/2006,DET,MI,AGL,CE,Federal Contract Tower,0,2,14,0,16,0,0,42,4,46,0,2,56,4,62,52,0,52,114
10/30/2006,DET,MI,AGL,CE,Federal Contract Tower,4,8,21,0,33,0,0,136,14,150,4,8,157,14,183,150,0,150,333
10/31/2006,DET,MI,AGL,CE,Federal Contract Tower,0,10,32,0,42,0,1,115,12,128,0,11,147,12,170,106,0,106,276
11/01/2006,DET,MI,AGL,CE,Federal Contract Tower,5,12,40,0,57,0,0,116,18,134,5,12,156,18,191,144,0,144,335
11/02/2006,DET,MI,AGL,CE,Federal Contract Tower,0,12,29,0,41,0,2,75,6,83,0,14,104,6,124,58,0,58,182
11/03/2006,DET,MI,AGL,CE,Federal Contract Tower,0,5,36,0,41,0,0,62,2,64,0,5,98,2,105,64,0,64,169
11/04/2006,DET,MI,AGL,CE,Federal Contract Tower,0,5,24,0,29,0,0,82,12,94,0,5,106,12,123,28,0,28,151
11/05/2006,DET,MI,AGL,CE,Federal Contract Tower,0,2,19,0,21,0,0,56,0,56,0,2,75,0,77,36,0,36,113
11/06/2006,DET,MI,AGL,CE,Federal Contract Tower,4,12,23,0,39,0,0,124,10,134,4,12,147,10,173,120,0,120,293
11/07/2006,DET,MI,AGL,CE,Federal Contract Tower,0,7,18,0,25,0,0,22,0,22,0,7,40,0,47,0,0,0,47
11/08/2006,DET,MI,AGL,CE,Federal Contract Tower,2,11,38,0,51,0,0,73,10,83,2,11,111,10,134,108,0,108,242
11/09/2006,DET,MI,AGL,CE,Federal Contract Tower,0,12,34,0,46,0,2,98,6,106,0,14,132,6,152,82,0,82,234
11/10/2006,DET,MI,AGL,CE,Federal Contract Tower,2,9,26,0,37,0,0,74,0,74,2,9,100,0,111,32,0,32,143
11/11/2006,DET,MI,AGL,CE,Federal Contract Tower,0,4,2,0,6,0,0,3,4,7,0,4,5,4,13,8,0,8,21
11/12/2006,DET,MI,AGL,CE,Federal Contract Tower,0,12,29,0,41,0,0,91,0,91,0,12,120,0,132,120,0,120,252
11/13/2006,DET,MI,AGL,CE,Federal Contract Tower,4,13,27,0,44,0,0,64,8,72,4,13,91,8,116,156,0,156,272
11/14/2006,DET,MI,AGL,CE,Federal Contract Tower,0,7,28,0,35,0,0,100,32,132,0,7,128,32,167,160,0,160,327
11/15/2006,DET,MI,AGL,CE,Federal Contract Tower,2,6,34,0,42,0,0,93,14,107,2,6,127,14,149,102,0,102,251
11/16/2006,DET,MI,AGL,CE,Federal Contract Tower,0,14,28,0,42,0,0,18,4,22,0,14,46,4,64,4,0,4,68
11/17/2006,DET,MI,AGL,CE,Federal Contract Tower,1,15,25,0,41,0,0,54,0,54,1,15,79,0,95,52,0,52,147
11/18/2006,DET,MI,AGL,CE,Federal Contract Tower,0,8,15,0,23,0,0,20,4,24,0,8,35,4,47,24,0,24,71
11/19/2006,DET,MI,AGL,CE,Federal Contract Tower,0,3,12,0,15,0,0,125,6,131,0,3,137,6,146,130,0,130,276
11/20/2006,DET,MI,AGL,CE,Federal Contract Tower,4,12,34,0,50,0,0,60,10,70,4,12,94,10,120,114,0,114,234
11/21/2006,DET,MI,AGL,CE,Federal Contract Tower,0,19,32,0,51,0,4,104,16,124,0,23,136,16,175,134,0,134,309
11/22/2006,DET,MI,AGL,CE,Federal Contract Tower,4,20,50,0,74,0,0,132,4,136,4,20,182,4,210,72,0,72,282
11/23/2006,DET,MI,AGL,CE,Federal Contract Tower,4,2,6,0,12,0,0,34,6,40,4,2,40,6,52,40,0,40,92
11/24/2006,DET,MI,AGL,CE,Federal Contract Tower,0,2,10,0,12,0,0,41,2,43,0,2,51,2,55,30,0,30,85
11/25/2006,DET,MI,AGL,CE,Federal Contract Tower,0,5,12,0,17,0,0,87,4,91,0,5,99,4,108,78,0,78,186
11/26/2006,DET,MI,AGL,CE,Federal Contract Tower,0,5,11,0,16,0,0,128,4,132,0,5,139,4,148,168,0,168,316
11/27/2006,DET,MI,AGL,CE,Federal Contract Tower,6,5,29,0,40,0,0,110,4,114,6,5,139,4,154,166,0,166,320
11/28/2006,DET,MI,AGL,CE,Federal Contract Tower,2,10,25,0,37,0,0,87,6,93,2,10,112,6,130,94,0,94,224
11/29/2006,DET,MI,AGL,CE,Federal Contract Tower,2,17,35,0,54,0,0,84,12,96,2,17,119,12,150,86,0,86,236
11/30/2006,DET,MI,AGL,CE,Federal Contract Tower,0,13,15,0,28,0,3,17,2,22,0,16,32,2,50,0,0,0,50
12/01/2006,DET,MI,AGL,CE,Federal Contract Tower,0,10,12,0,22,0,0,9,0,9,0,10,21,0,31,0,0,0,31
12/02/2006,DET,MI,AGL,CE,Federal Contract Tower,2,7,12,0,21,0,0,64,0,64,2,7,76,0,85,36,0,36,121
12/03/2006,DET,MI,AGL,CE,Federal Contract Tower,0,6,6,0,12,0,0,92,4,96,0,6,98,4,108,142,0,142,250
12/04/2006,DET,MI,AGL,CE,Federal Contract Tower,4,10,32,0,46,0,0,71,0,71,4,10,103,0,117,116,0,116,233
12/05/2006,DET,MI,AGL,CE,Federal Contract Tower,0,10,24,0,34,0,2,107,4,113,0,12,131,4,147,108,0,108,255
12/06/2006,DET,MI,AGL,CE,Federal Contract Tower,0,8,31,0,39,0,0,77,2,79,0,8,108,2,118,76,0,76,194
12/07/2006,DET,MI,AGL,CE,Federal Contract Tower,0,13,12,0,25,0,0,54,8,62,0,13,66,8,87,0,0,0,87
12/08/2006,DET,MI,AGL,CE,Federal Contract Tower,0,15,26,0,41,0,0,57,2,59,0,15,83,2,100,4,0,4,104
12/09/2006,DET,MI,AGL,CE,Federal Contract Tower,0,4,9,0,13,0,2,52,0,54,0,6,61,0,67,88,0,88,155
12/10/2006,DET,MI,AGL,CE,Federal Contract Tower,0,5,14,0,19,0,0,112,2,114,0,5,126,2,133,182,0,182,315
12/11/2006,DET,MI,AGL,CE,Federal Contract Tower,0,14,47,0,61,0,1,84,0,85,0,15,131,0,146,152,0,152,298
12/12/2006,DET,MI,AGL,CE,Federal Contract Tower,0,16,33,0,49,0,0,89,18,107,0,16,122,18,156,88,0,88,244
12/13/2006,DET,MI,AGL,CE,Federal Contract Tower,4,9,35,0,48,0,1,101,0,102,4,10,136,0,150,72,0,72,222
12/14/2006,DET,MI,AGL,CE,Federal Contract Tower,1,17,33,0,51,1,0,59,10,70,2,17,92,10,121,58,0,58,179
12/15/2006,DET,MI,AGL,CE,Federal Contract Tower,4,10,33,0,47,0,0,69,2,71,4,10,102,2,118,56,0,56,174
12/16/2006,DET,MI,AGL,CE,Federal Contract Tower,0,2,13,0,15,0,0,103,0,103,0,2,116,0,118,56,0,56,174
12/17/2006,DET,MI,AGL,CE,Federal Contract Tower,0,3,20,0,23,0,0,64,0,64,0,3,84,0,87,150,0,150,237
12/18/2006,DET,MI,AGL,CE,Federal Contract Tower,4,11,33,0,48,0,0,94,4,98,4,11,127,4,146,118,0,118,264
12/19/2006,DET,MI,AGL,CE,Federal Contract Tower,4,15,20,0,39,2,44,49,4,99,6,59,69,4,138,110,0,110,248
12/20/2006,DET,MI,AGL,CE,Federal Contract Tower,2,7,24,0,33,0,0,100,4,104,2,7,124,4,137,68,0,68,205
12/21/2006,DET,MI,AGL,CE,Federal Contract Tower,2,12,16,0,30,0,0,36,9,45,2,12,52,9,75,80,0,80,155
12/22/2006,DET,MI,AGL,CE,Federal Contract Tower,0,9,11,0,20,0,0,4,0,4,0,9,15,0,24,0,0,0,24
12/23/2006,DET,MI,AGL,CE,Federal Contract Tower,0,1,13,0,14,0,0,4,0,4,0,1,17,0,18,0,0,0,18
12/24/2006,DET,MI,AGL,CE,Federal Contract Tower,0,3,13,0,16,0,0,80,8,88,0,3,93,8,104,174,0,174,278
12/25/2006,DET,MI,AGL,CE,Federal Contract Tower,0,6,4,0,10,0,0,0,0,0,0,6,4,0,10,0,0,0,10
12/26/2006,DET,MI,AGL,CE,Federal Contract Tower,0,4,25,0,29,0,0,49,6,55,0,4,74,6,84,96,0,96,180
12/27/2006,DET,MI,AGL,CE,Federal Contract Tower,0,3,15,0,18,0,0,84,0,84,0,3,99,0,102,110,0,110,212
12/28/2006,DET,MI,AGL,CE,Federal Contract Tower,0,4,9,0,13,0,0,35,8,43,0,4,44,8,56,14,0,14,70
12/29/2006,DET,MI,AGL,CE,Federal Contract Tower,0,5,12,0,17,0,0,15,0,15,0,5,27,0,32,46,0,46,78
12/30/2006,DET,MI,AGL,CE,Federal Contract Tower,0,4,10,0,14,0,0,71,0,71,0,4,81,0,85,128,0,128,213
12/31/2006,DET,MI,AGL,CE,Federal Contract Tower,0,3,3,0,6,0,0,51,6,57,0,3,54,6,63,0,0,0,63
01/01/2007,DET,MI,AGL,CE,Federal Contract Tower,0,1,13,0,14,0,0,21,0,21,0,1,34,0,35,46,0,46,81
01/02/2007,DET,MI,AGL,CE,Federal Contract Tower,2,11,24,0,37,0,1,92,0,93,2,12,116,0,130,76,0,76,206
01/03/2007,DET,MI,AGL,CE,Federal Contract Tower,2,1,16,2,21,0,0,89,10,99,2,1,105,12,120,38,10,48,168
01/04/2007,DET,MI,AGL,CE,Federal Contract Tower,0,13,31,2,46,0,1,71,8,80,0,14,102,10,126,32,0,32,158
01/05/2007,DET,MI,AGL,CE,Federal Contract Tower,0,8,20,0,28,0,3,24,4,31,0,11,44,4,59,20,0,20,79
01/06/2007,DET,MI,AGL,CE,Federal Contract Tower,0,5,16,0,21,0,0,43,0,43,0,5,59,0,64,86,0,86,150
01/07/2007,DET,MI,AGL,CE,Federal Contract Tower,0,10,20,0,30,0,0,54,0,54,0,10,74,0,84,116,0,116,200
01/08/2007,DET,MI,AGL,CE,Federal Contract Tower,0,15,36,0,51,0,0,91,12,103,0,15,127,12,154,102,0,102,256
01/09/2007,DET,MI,AGL,CE,Federal Contract Tower,0,18,26,0,44,0,0,87,4,91,0,18,113,4,135,74,0,74,209
01/10/2007,DET,MI,AGL,CE,Federal Contract Tower,0,23,54,0,77,0,0,131,12,143,0,23,185,12,220,98,0,98,318
01/11/2007,DET,MI,AGL,CE,Federal Contract Tower,0,20,53,0,73,0,0,68,26,94,0,20,121,26,167,64,0,64,231
01/12/2007,DET,MI,AGL,CE,Federal Contract Tower,0,12,30,0,42,0,0,29,6,35,0,12,59,6,77,4,0,4,81
01/13/2007,DET,MI,AGL,CE,Federal Contract Tower,0,4,15,0,19,0,0,66,0,66,0,4,81,0,85,144,0,144,229
01/14/2007,DET,MI,AGL,CE,Federal Contract Tower,0,0,5,0,5,0,0,62,0,62,0,0,67,0,67,72,0,72,139
01/15/2007,DET,MI,AGL,CE,Federal Contract Tower,0,9,18,0,27,0,0,89,4,93,0,9,107,4,120,78,0,78,198
01/16/2007,DET,MI,AGL,CE,Federal Contract Tower,0,17,16,0,33,0,0,102,6,108,0,17,118,6,141,88,0,88,229
01/17/2007,DET,MI,AGL,CE,Federal Contract Tower,0,14,36,2,52,0,1,84,18,103,0,15,120,20,155,64,0,64,219
01/18/2007,DET,MI,AGL,CE,Federal Contract Tower,0,10,20,2,32,0,0,28,6,34,0,10,48,8,66,28,0,28,94
01/19/2007,DET,MI,AGL,CE,Federal Contract Tower,0,11,19,0,30,0,0,34,10,44,0,11,53,10,74,0,0,0,74
01/20/2007,DET,MI,AGL,CE,Federal Contract Tower,0,5,20,0,25,0,0,139,2,141,0,5,159,2,166,212,0,212,378
01/21/2007,DET,MI,AGL,CE,Federal Contract Tower,0,7,11,0,18,0,0,103,0,103,0,7,114,0,121,82,0,82,203
01/22/2007,DET,MI,AGL,CE,Federal Contract Tower,0,7,23,0,30,0,0,63,8,71,0,7,86,8,101,52,0,52,153
01/23/2007,DET,MI,AGL,CE,Federal Contract Tower,0,8,15,1,24,0,0,90,8,98,0,8,105,9,122,46,0,46,168
01/24/2007,DET,MI,AGL,CE,Federal Contract Tower,0,5,35,0,40,0,0,25,14,39,0,5,60,14,79,32,0,32,111
01/25/2007,DET,MI,AGL,CE,Federal Contract Tower,0,14,27,0,41,0,0,70,2,72,0,14,97,2,113,14,0,14,127
01/26/2007,DET,MI,AGL,CE,Federal Contract Tower,0,7,13,0,20,0,0,33,0,33,0,7,46,0,53,0,0,0,53
01/27/2007,DET,MI,AGL,CE,Federal Contract Tower,0,1,13,0,14,0,0,112,2,114,0,1,125,2,128,245,0,245,373
01/28/2007,DET,MI,AGL,CE,Federal Contract Tower,0,0,9,0,9,0,0,100,0,100,0,0,109,0,109,96,0,96,205
01/29/2007,DET,MI,AGL,CE,Federal Contract Tower,0,5,21,0,26,0,0,100,8,108,0,5,121,8,134,168,0,168,302
01/30/2007,DET,MI,AGL,CE,Federal Contract Tower,0,7,18,0,25,0,0,60,2,62,0,7,78,2,87,24,0,24,111
01/31/2007,DET,MI,AGL,CE,Federal Contract Tower,6,13,28,0,47,0,0,57,2,59,6,13,85,2,106,42,0,42,148
02/01/2007,DET,MI,AGL,CE,Federal Contract Tower,0,13,18,0,31,0,2,40,2,44,0,15,58,2,75,0,0,0,75
02/02/2007,DET,MI,AGL,CE,Federal Contract Tower,0,11,21,0,32,0,0,89,0,89,0,11,110,0,121,2,0,2,123
02/03/2007,DET,MI,AGL,CE,Federal Contract Tower,0,2,1,0,3,0,0,36,0,36,0,2,37,0,39,0,0,0,39
02/04/2007,DET,MI,AGL,CE,Federal Contract Tower,0,2,8,0,10,0,0,51,0,51,0,2,59,0,61,0,0,0,61
02/05/2007,DET,MI,AGL,CE,Federal Contract Tower,0,7,23,0,30,0,0,79,0,79,0,7,102,0,109,104,0,104,213
02/06/2007,DET,MI,AGL,CE,Federal Contract Tower,0,8,16,0,24,0,0,79,10,89,0,8,95,10,113,54,0,54,167
02/07/2007,DET,MI,AGL,CE,Federal Contract Tower,0,4,28,0,32,0,0,49,0,49,0,4,77,0,81,20,0,20,101
02/08/2007,DET,MI,AGL,CE,Federal Contract Tower,0,12,20,0,32,0,3,68,4,75,0,15,88,4,107,4,0,4,111
02/09/2007,DET,MI,AGL,CE,Federal Contract Tower,0,15,27,0,42,0,4,110,4,118,0,19,137,4,160,152,0,152,312
02/10/2007,DET,MI,AGL,CE,Federal Contract Tower,4,2,12,0,18,0,0,81,2,83,4,2,93,2,101,170,0,170,271
02/11/2007,DET,MI,AGL,CE,Federal Contract Tower,2,1,8,1,12,0,0,76,1,77,2,1,84,2,89,136,0,136,225
02/12/2007,DET,MI,AGL,CE,Federal Contract Tower,0,1,30,0,31,0,0,77,4,81,0,1,107,4,112,68,0,68,180
02/13/2007,DET,MI,AGL,CE,Federal Contract Tower,0,3,7,0,10,0,1,50,2,53,0,4,57,2,63,14,0,14,77
02/14/2007,DET,MI,AGL,CE,Federal Contract Tower,0,3,9,0,12,0,1,29,8,38,0,4,38,8,50,0,0,0,50
02/15/2007,DET,MI,AGL,CE,Federal Contract Tower,0,9,20,0,29,0,0,54,2,56,0,9,74,2,85,28,0,28,113
02/16/2007,DET,MI,AGL,CE,Federal Contract Tower,0,7,10,0,17,0,1,76,2,79,0,8,86,2,96,10,0,10,106
02/17/2007,DET,MI,AGL,CE,Federal Contract Tower,0,1,9,0,10,0,0,13,4,17,0,1,22,4,27,24,0,24,51
02/18/2007,DET,MI,AGL,CE,Federal Contract Tower,0,0,18,0,18,0,0,48,8,56,0,0,66,8,74,76,0,76,150
02/19/2007,DET,MI,AGL,CE,Federal Contract Tower,4,2,23,0,29,0,0,47,2,49,4,2,70,2,78,72,0,72,150
02/20/2007,DET,MI,AGL,CE,Federal Contract Tower,2,18,22,0,42,0,0,68,10,78,2,18,90,10,120,76,0,76,196
02/21/2007,DET,MI,AGL,CE,Federal Contract Tower,0,7,21,0,28,0,1,23,4,28,0,8,44,4,56,0,0,0,56
02/22/2007,DET,MI,AGL,CE,Federal Contract Tower,0,15,34,0,49,0,2,47,8,57,0,17,81,8,106,8,0,8,114
02/23/2007,DET,MI,AGL,CE,Federal Contract Tower,2,6,15,0,23,0,1,60,6,67,2,7,75,6,90,10,0,10,100
02/24/2007,DET,MI,AGL,CE,Federal Contract Tower,0,4,6,0,10,0,0,83,4,87,0,4,89,4,97,68,0,68,165
02/25/2007,DET,MI,AGL,CE,Federal Contract Tower,0,0,10,0,10,0,0,0,0,0,0,0,10,0,10,0,0,0,10
02/26/2007,DET,MI,AGL,CE,Federal Contract Tower,2,1,16,0,19,0,0,14,0,14,2,1,30,0,33,32,0,32,65
02/27/2007,DET,MI,AGL,CE,Federal Contract Tower,4,10,26,0,40,0,0,82,2,84,4,10,108,2,124,110,0,110,234
02/28/2007,DET,MI,AGL,CE,Federal Contract Tower,4,12,35,0,51,0,2,56,8,66,4,14,91,8,117,104,0,104,221
03/01/2007,DET,MI,AGL,CE,Federal Contract Tower,0,9,20,0,29,0,0,8,0,8,0,9,28,0,37,0,0,0,37
03/02/2007,DET,MI,AGL,CE,Federal Contract Tower,0,6,19,0,25,0,0,6,0,6,0,6,25,0,31,0,0,0,31
03/03/2007,DET,MI,AGL,CE,Federal Contract Tower,0,2,6,0,8,0,0,28,2,30,0,2,34,2,38,0,0,0,38
03/04/2007,DET,MI,AGL,CE,Federal Contract Tower,0,0,20,0,20,0,0,22,0,22,0,0,42,0,42,88,0,88,130
03/05/2007,DET,MI,AGL,CE,Federal Contract Tower,4,15,21,0,40,0,0,91,6,97,4,15,112,6,137,0,0,0,137
03/06/2007,DET,MI,AGL,CE,Federal Contract Tower,6,16,27,0,49,0,2,95,12,109,6,18,122,12,158,90,0,90,248
03/07/2007,DET,MI,AGL,CE,Federal Contract Tower,2,8,16,2,28,0,0,45,14,59,2,8,61,16,87,10,12,22,109
03/08/2007,DET,MI,AGL,CE,Federal Contract Tower,0,16,34,0,50,0,2,92,8,102,0,18,126,8,152,48,0,48,200
03/09/2007,DET,MI,AGL,CE,Federal Contract Tower,2,10,19,0,31,0,9,99,2,110,2,19,118,2,141,8,0,8,149
03/10/2007,DET,MI,AGL,CE,Federal Contract Tower,0,1,5,0,6,0,0,69,8,77,0,1,74,8,83,100,0,100,183
03/11/2007,DET,MI,AGL,CE,Federal Contract Tower,0,8,20,0,28,0,0,110,6,116,0,8,130,6,144,210,0,210,354
03/12/2007,DET,MI,AGL,CE,Federal Contract Tower,0,3,24,0,27,0,0,31,6,37,0,3,55,6,64,66,0,66,130
03/13/2007,DET,MI,AGL,CE,Federal Contract Tower,11,14,29,0,54,0,1,110,6,117,11,15,139,6,171,138,0,138,309
03/14/2007,DET,MI,AGL,CE,Federal Contract Tower,9,8,20,0,37,0,0,61,10,71,9,8,81,10,108,18,0,18,126
03/15/2007,DET,MI,AGL,CE,Federal Contract Tower,9,7,20,0,36,0,0,66,2,68,9,7,86,2,104,6,0,6,110
03/16/2007,DET,MI,AGL,CE,Federal Contract Tower,7,13,31,0,51,0,2,93,6,101,7,15,124,6,152,30,0,30,182
03/17/2007,DET,MI,AGL,CE,Federal Contract Tower,0,1,15,0,16,0,0,123,0,123,0,1,138,0,139,118,0,118,257
03/18/2007,DET,MI,AGL,CE,Federal Contract Tower,0,2,27,0,29,0,0,123,10,133,0,2,150,10,162,218,0,218,380
03/19/2007,DET,MI,AGL,CE,Federal Contract Tower,0,8,12,0,20,0,0,50,4,54,0,8,62,4,74,0,0,0,74
03/20/2007,DET,MI,AGL,CE,Federal Contract Tower,0,8,28,0,36,0,0,110,0,110,0,8,138,0,146,94,0,94,240
03/21/2007,DET,MI,AGL,CE,Federal Contract Tower,0,4,9,0,13,0,0,29,2,31,0,4,38,2,44,0,0,0,44
03/22/2007,DET,MI,AGL,CE,Federal Contract Tower,0,16,18,0,34,0,0,70,0,70,0,16,88,0,104,50,0,50,154
03/23/2007,DET,MI,AGL,CE,Federal Contract Tower,0,9,29,0,38,0,0,82,6,88,0,9,111,6,126,6,0,6,132
03/24/2007,DET,MI,AGL,CE,Federal Contract Tower,0,3,28,0,31,0,0,29,0,29,0,3,57,0,60,128,0,128,188
03/25/2007,DET,MI,AGL,CE,Federal Contract Tower,0,4,21,0,25,0,0,65,0,65,0,4,86,0,90,126,0,126,216
03/26/2007,DET,MI,AGL,CE,Federal Contract Tower,0,6,24,0,30,0,0,134,6,140,0,6,158,6,170,148,0,148,318
03/27/2007,DET,MI,AGL,CE,Federal Contract Tower,0,7,20,0,27,0,0,42,2,44,0,7,62,2,71,38,0,38,109
03/28/2007,DET,MI,AGL,CE,Federal Contract Tower,0,8,26,0,34,0,0,89,0,89,0,8,115,0,123,0,0,0,123
03/29/2007,DET,MI,AGL,CE,Federal Contract Tower,2,14,32,0,48,0,0,87,10,97,2,14,119,10,145,34,0,34,179
03/30/2007,DET,MI,AGL,CE,Federal Contract Tower,0,14,16,0,30,0,0,113,8,121,0,14,129,8,151,144,0,144,295
03/31/2007,DET,MI,AGL,CE,Federal Contract Tower,0,11,17,0,28,0,0,93,4,97,0,11,110,4,125,130,0,130,255
04/01/2007,DET,MI,AGL,CE,Federal Contract Tower,0,5,17,0,22,0,0,110,4,114,0,5,127,4,136,144,0,144,280
04/02/2007,DET,MI,AGL,CE,Federal Contract Tower,0,5,16,0,21,0,0,113,16,129,0,5,129,16,150,128,0,128,278
04/03/2007,DET,MI,AGL,CE,Federal Contract Tower,0,4,15,0,19,0,0,77,5,82,0,4,92,5,101,116,0,116,217
04/04/2007,DET,MI,AGL,CE,Federal Contract Tower,0,6,17,0,23,0,0,35,0,35,0,6,52,0,58,2,0,2,60
04/05/2007,DET,MI,AGL,CE,Federal Contract Tower,0,7,29,0,36,0,0,26,0,26,0,7,55,0,62,4,0,4,66
04/06/2007,DET,MI,AGL,CE,Federal Contract Tower,0,4,12,0,16,0,0,120,14,134,0,4,132,14,150,90,0,90,240
04/07/2007,DET,MI,AGL,CE,Federal Contract Tower,0,7,14,0,21,0,0,28,0,28,0,7,42,0,49,44,0,44,93
04/08/2007,DET,MI,AGL,CE,Federal Contract Tower,0,3,11,0,14,0,0,49,2,51,0,3,60,2,65,88,0,88,153
04/09/2007,DET,MI,AGL,CE,Federal Contract Tower,0,9,28,0,37,0,0,79,2,81,0,9,107,2,118,162,0,162,280
04/10/2007,DET,MI,AGL,CE,Federal Contract Tower,2,12,12,0,26,0,0,84,6,90,2,12,96,6,116,124,0,124,240
04/11/2007,DET,MI,AGL,CE,Federal Contract Tower,0,9,11,0,20,0,0,17,0,17,0,9,28,0,37,2,0,2,39
04/12/2007,DET,MI,AGL,CE,Federal Contract Tower,0,9,20,0,29,0,4,36,4,44,0,13,56,4,73,4,0,4,77
04/13/2007,DET,MI,AGL,CE,Federal Contract Tower,0,5,16,0,21,0,0,70,0,70,0,5,86,0,91,10,0,10,101
04/14/2007,DET,MI,AGL,CE,Federal Contract Tower,0,2,14,0,16,0,4,55,0,59,0,6,69,0,75,98,0,98,173
04/15/2007,DET,MI,AGL,CE,Federal Contract Tower,0,7,15,0,22,0,0,79,4,83,0,7,94,4,105,140,0,140,245
04/16/2007,DET,MI,AGL,CE,Federal Contract Tower,0,4,23,0,27,0,0,85,6,91,0,4,108,6,118,84,0,84,202
04/17/2007,DET,MI,AGL,CE,Federal Contract Tower,0,14,20,0,34,0,2,87,2,91,0,16,107,2,125,92,0,92,217
04/18/2007,DET,MI,AGL,CE,Federal Contract Tower,0,16,31,0,47,0,0,51,2,53,0,16,82,2,100,46,0,46,146
04/19/2007,DET,MI,AGL,CE,Federal Contract Tower,0,22,29,0,51,0,0,98,2,100,0,22,127,2,151,68,0,68,219
04/20/2007,DET,MI,AGL,CE,Federal Contract Tower,2,6,21,0,29,0,0,128,16,144,2,6,149,16,173,142,0,142,315
04/21/2007,DET,MI,AGL,CE,Federal Contract Tower,2,4,10,0,16,0,6,104,8,118,2,10,114,8,134,154,0,154,288
04/22/2007,DET,MI,AGL,CE,Federal Contract Tower,0,2,11,0,13,0,0,123,4,127,0,2,134,4,140,178,0,178,318
04/23/2007,DET,MI,AGL,CE,Federal Contract Tower,0,8,15,0,23,0,0,101,4,105,0,8,116,4,128,76,1,77,205
04/24/2007,DET,MI,AGL,CE,Federal Contract Tower,2,12,23,0,37,0,0,73,6,79,2,12,96,6,116,124,0,124,240
04/25/2007,DET,MI,AGL,CE,Federal Contract Tower,0,9,20,0,29,0,0,32,4,36,0,9,52,4,65,4,0,4,69
04/26/2007,DET,MI,AGL,CE,Federal Contract Tower,0,5,22,0,27,0,0,11,0,11,0,5,33,0,38,0,0,0,38
04/27/2007,DET,MI,AGL,CE,Federal Contract Tower,0,14,17,0,31,0,0,128,10,138,0,14,145,10,169,164,0,164,333
04/28/2007,DET,MI,AGL,CE,Federal Contract Tower,0,6,9,0,15,0,0,116,0,116,0,6,125,0,131,172,0,172,303
04/29/2007,DET,MI,AGL,CE,Federal Contract Tower,0,6,18,1,25,0,0,97,3,100,0,6,115,4,125,132,0,132,257
04/30/2007,DET,MI,AGL,CE,Federal Contract Tower,0,12,22,0,34,0,0,97,4,101,0,12,119,4,135,110,0,110,245
05/01/2007,DET,MI,AGL,CE,Federal Contract Tower,0,9,30,0,39,0,0,46,4,50,0,9,76,4,89,40,0,40,129
05/02/2007,DET,MI,AGL,CE,Federal Contract Tower,0,5,45,0,50,0,0,75,0,75,0,5,120,0,125,54,0,54,179
05/03/2007,DET,MI,AGL,CE,Federal Contract Tower,2,9,30,0,41,0,3,126,0,129,2,12,156,0,170,84,0,84,254
05/04/2007,DET,MI,AGL,CE,Federal Contract Tower,0,18,35,0,53,0,1,184,10,195,0,19,219,10,248,162,0,162,410
05/05/2007,DET,MI,AGL,CE,Federal Contract Tower,0,9,18,0,27,0,0,132,0,132,0,9,150,0,159,152,0,152,311
05/06/2007,DET,MI,AGL,CE,Federal Contract Tower,0,3,14,1,18,0,0,91,6,97,0,3,105,7,115,136,0,136,251
05/07/2007,DET,MI,AGL,CE,Federal Contract Tower,1,8,20,1,30,0,0,88,8,96,1,8,108,9,126,102,0,102,228
05/08/2007,DET,MI,AGL,CE,Federal Contract Tower,0,20,22,0,42,0,0,79,2,81,0,20,101,2,123,42,0,42,165
05/09/2007,DET,MI,AGL,CE,Federal Contract Tower,0,13,28,0,41,0,0,29,0,29,0,13,57,0,70,10,0,10,80
05/10/2007,DET,MI,AGL,CE,Federal Contract Tower,0,12,27,0,39,0,3,150,2,155,0,15,177,2,194,208,0,208,402
05/11/2007,DET,MI,AGL,CE,Federal Contract Tower,0,25,23,0,48,0,2,164,0,166,0,27,187,0,214,276,0,276,490
05/12/2007,DET,MI,AGL,CE,Federal Contract Tower,0,6,16,0,22,0,0,103,2,105,0,6,119,2,127,158,0,158,285
05/13/2007,DET,MI,AGL,CE,Federal Contract Tower,0,0,11,0,11,0,0,104,4,108,0,0,115,4,119,152,0,152,271
05/14/2007,DET,MI,AGL,CE,Federal Contract Tower,4,7,15,0,26,0,0,87,8,95,4,7,102,8,121,88,0,88,209
05/15/2007,DET,MI,AGL,CE,Federal Contract Tower,0,14,23,0,37,0,0,43,6,49,0,14,66,6,86,4,0,4,90
05/16/2007,DET,MI,AGL,CE,Federal Contract Tower,2,12,35,0,49,0,2,69,4,75,2,14,104,4,124,50,0,50,174
05/17/2007,DET,MI,AGL,CE,Federal Contract Tower,0,12,36,0,48,0,2,54,15,71,0,14,90,15,119,22,0,22,141
05/18/2007,DET,MI,AGL,CE,Federal Contract Tower,0,13,33,0,46,0,1,179,8,188,0,14,212,8,234,212,0,212,446
05/19/2007,DET,MI,AGL,CE,Federal Contract Tower,0,10,29,0,39,0,0,107,16,123,0,10,136,16,162,172,0,172,334
05/20/2007,DET,MI,AGL,CE,Federal Contract Tower,0,3,18,0,21,0,1,52,4,57,0,4,70,4,78,222,0,222,300
05/21/2007,DET,MI,AGL,CE,Federal Contract Tower,0,12,22,0,34,0,0,92,6,98,0,12,114,6,132,122,0,122,254
05/22/2007,DET,MI,AGL,CE,Federal Contract Tower,0,15,26,0,41,0,0,79,8,87,0,15,105,8,128,52,0,52,180
05/23/2007,DET,MI,AGL,CE,Federal Contract Tower,0,22,36,0,58,0,1,176,4,181,0,23,212,4,239,70,0,70,309
05/24/2007,DET,MI,AGL,CE,Federal Contract Tower,0,15,31,0,46,0,1,172,2,175,0,16,203,2,221,216,0,216,437
05/25/2007,DET,MI,AGL,CE,Federal Contract Tower,2,7,19,0,28,0,0,197,0,197,2,7,216,0,225,130,0,130,355
05/26/2007,DET,MI,AGL,CE,Federal Contract Tower,0,2,15,0,17,0,0,85,4,89,0,2,100,4,106,110,0,110,216
05/27/2007,DET,MI,AGL,CE,Federal Contract Tower,0,3,11,0,14,0,0,44,0,44,0,3,55,0,58,24,0,24,82
05/28/2007,DET,MI,AGL,CE,Federal Contract Tower,0,0,27,0,27,0,0,140,10,150,0,0,167,10,177,46,0,46,223
05/29/2007,DET,MI,AGL,CE,Federal Contract Tower,0,21,26,0,47,0,0,77,12,89,0,21,103,12,136,114,0,114,250
05/30/2007,DET,MI,AGL,CE,Federal Contract Tower,0,5,27,0,32,0,0,83,14,97,0,5,110,14,129,24,0,24,153
05/31/2007,DET,MI,AGL,CE,Federal Contract Tower,2,9,15,0,26,0,1,205,8,214,2,10,220,8,240,184,0,184,424
06/01/2007,DET,MI,AGL,CE,Federal Contract Tower,0,5,40,0,45,0,0,137,12,149,0,5,177,12,194,184,0,184,378
06/02/2007,DET,MI,AGL,CE,Federal Contract Tower,0,2,13,0,15,0,1,92,10,103,0,3,105,10,118,140,0,140,258
06/03/2007,DET,MI,AGL,CE,Federal Contract Tower,0,3,17,0,20,0,0,48,0,48,0,3,65,0,68,60,0,60,128
06/04/2007,DET,MI,AGL,CE,Federal Contract Tower,0,6,29,0,35,0,0,73,0,73,0,6,102,0,108,20,0,20,128
06/05/2007,DET,MI,AGL,CE,Federal Contract Tower,0,16,29,1,46,0,0,57,3,60,0,16,86,4,106,12,0,12,118
06/06/2007,DET,MI,AGL,CE,Federal Contract Tower,0,8,21,0,29,0,0,122,4,126,0,8,143,4,155,78,0,78,233
06/07/2007,DET,MI,AGL,CE,Federal Contract Tower,0,13,24,0,37,0,0,203,2,205,0,13,227,2,242,148,0,148,390
06/08/2007,DET,MI,AGL,CE,Federal Contract Tower,0,4,21,0,25,0,0,159,8,167,0,4,180,8,192,202,0,202,394
06/09/2007,DET,MI,AGL,CE,Federal Contract Tower,0,9,24,0,33,0,0,181,9,190,0,9,205,9,223,194,0,194,417
06/10/2007,DET,MI,AGL,CE,Federal Contract Tower,0,3,20,0,23,0,0,106,6,112,0,3,126,6,135,78,0,78,213
06/11/2007,DET,MI,AGL,CE,Federal Contract Tower,0,6,22,0,28,0,0,94,2,96,0,6,116,2,124,68,0,68,192
06/12/2007,DET,MI,AGL,CE,Federal Contract Tower,0,10,34,0,44,0,1,103,63,167,0,11,137,63,211,12,0,12,223
06/13/2007,DET,MI,AGL,CE,Federal Contract Tower,0,17,37,0,54,0,0,130,38,168,0,17,167,38,222,46,0,46,268
06/14/2007,DET,MI,AGL,CE,Federal Contract Tower,0,17,71,0,88,0,5,168,24,197,0,22,239,24,285,210,0,210,495
06/15/2007,DET,MI,AGL,CE,Federal Contract Tower,0,13,39,0,52,0,1,161,2,164,0,14,200,2,216,220,0,220,436
06/16/2007,DET,MI,AGL,CE,Federal Contract Tower,0,0,16,0,16,0,0,191,6,197,0,0,207,6,213,232,0,232,445
06/17/2007,DET,MI,AGL,CE,Federal Contract Tower,0,6,22,0,28,0,0,70,0,70,0,6,92,0,98,66,0,66,164
06/18/2007,DET,MI,AGL,CE,Federal Contract Tower,0,5,24,0,29,0,0,57,6,63,0,5,81,6,92,60,0,60,152
06/19/2007,DET,MI,AGL,CE,Federal Contract Tower,0,6,12,0,18,0,0,25,4,29,0,6,37,4,47,24,0,24,71
06/20/2007,DET,MI,AGL,CE,Federal Contract Tower,0,15,29,0,44,0,0,96,0,96,0,15,125,0,140,86,0,86,226
06/21/2007,DET,MI,AGL,CE,Federal Contract Tower,0,31,32,0,63,0,1,196,12,209,0,32,228,12,272,182,2,184,456
06/22/2007,DET,MI,AGL,CE,Federal Contract Tower,4,21,22,0,47,0,0,164,20,184,4,21,186,20,231,134,0,134,365
06/23/2007,DET,MI,AGL,CE,Federal Contract Tower,0,25,21,0,46,0,0,124,6,130,0,25,145,6,176,158,0,158,334
06/24/2007,DET,MI,AGL,CE,Federal Contract Tower,0,15,15,0,30,0,0,98,12,110,0,15,113,12,140,124,0,124,264
06/25/2007,DET,MI,AGL,CE,Federal Contract Tower,0,27,33,0,60,0,1,85,4,90,0,28,118,4,150,94,0,94,244
06/26/2007,DET,MI,AGL,CE,Federal Contract Tower,2,17,35,0,54,0,1,89,0,90,2,18,124,0,144,72,0,72,216
06/27/2007,DET,MI,AGL,CE,Federal Contract Tower,4,19,26,0,49,0,1,155,6,162,4,20,181,6,211,86,0,86,297
06/28/2007,DET,MI,AGL,CE,Federal Contract Tower,0,23,28,0,51,0,2,215,10,227,0,25,243,10,278,180,0,180,458
06/29/2007,DET,MI,AGL,CE,Federal Contract Tower,0,24,41,0,65,0,0,100,12,112,0,24,141,12,177,110,0,110,287
06/30/2007,DET,MI,AGL,CE,Federal Contract Tower,0,18,12,0,30,0,1,66,2,69,0,19,78,2,99,116,0,116,215
07/01/2007,DET,MI,AGL,CE,Federal Contract Tower,0,5,25,0,30,0,0,75,0,75,0,5,100,0,105,36,0,36,141
07/02/2007,DET,MI,AGL,CE,Federal Contract Tower,0,8,19,0,27,0,0,100,6,106,0,8,119,6,133,18,0,18,151
07/03/2007,DET,MI,AGL,CE,Federal Contract Tower,0,6,24,0,30,0,0,98,0,98,0,6,122,0,128,44,0,44,172
07/04/2007,DET,MI,AGL,CE,Federal Contract Tower,0,0,8,0,8,0,0,58,8,66,0,0,66,8,74,68,0,68,142
07/05/2007,DET,MI,AGL,CE,Federal Contract Tower,2,9,16,0,27,0,2,136,4,142,2,11,152,4,169,178,0,178,347
07/06/2007,DET,MI,AGL,CE,Federal Contract Tower,4,17,21,0,42,0,0,90,2,92,4,17,111,2,134,140,0,140,274
07/07/2007,DET,MI,AGL,CE,Federal Contract Tower,0,10,12,0,22,0,0,125,4,129,0,10,137,4,151,156,0,156,307
07/08/2007,DET,MI,AGL,CE,Federal Contract Tower,0,6,37,0,43,0,0,75,10,85,0,6,112,10,128,76,0,76,204
07/09/2007,DET,MI,AGL,CE,Federal Contract Tower,0,1,18,0,19,0,0,68,10,78,0,1,86,10,97,44,0,44,141
07/10/2007,DET,MI,AGL,CE,Federal Contract Tower,0,10,35,0,45,0,3,82,4,89,0,13,117,4,134,58,0,58,192
07/11/2007,DET,MI,AGL,CE,Federal Contract Tower,0,11,15,0,26,0,3,172,6,181,0,14,187,6,207,162,0,162,369
07/12/2007,DET,MI,AGL,CE,Federal Contract Tower,0,12,32,0,44,0,0,103,8,111,0,12,135,8,155,200,0,200,355
07/13/2007,DET,MI,AGL,CE,Federal Contract Tower,0,5,26,1,32,0,1,89,3,93,0,6,115,4,125,126,12,138,263
07/14/2007,DET,MI,AGL,CE,Federal Contract Tower,0,4,13,0,17,0,0,70,0,70,0,4,83,0,87,118,0,118,205
07/15/2007,DET,MI,AGL,CE,Federal Contract Tower,0,4,16,0,20,0,0,135,4,139,0,4,151,4,159,176,0,176,335
07/16/2007,DET,MI,AGL,CE,Federal Contract Tower,0,11,36,0,47,0,1,79,0,80,0,12,115,0,127,78,0,78,205
07/17/2007,DET,MI,AGL,CE,Federal Contract Tower,0,6,27,0,33,0,1,63,14,78,0,7,90,14,111,34,0,34,145
07/18/2007,DET,MI,AGL,CE,Federal Contract Tower,0,5,23,0,28,0,0,129,6,135,0,5,152,6,163,78,20,98,261
07/19/2007,DET,MI,AGL,CE,Federal Contract Tower,0,18,23,0,41,0,0,132,4,136,0,18,155,4,177,164,0,164,341
07/20/2007,DET,MI,AGL,CE,Federal Contract Tower,0,12,29,0,41,0,4,126,0,130,0,16,155,0,171,156,0,156,327
07/21/2007,DET,MI,AGL,CE,Federal Contract Tower,0,8,12,0,20,0,0,137,0,137,0,8,149,0,157,154,0,154,311
07/22/2007,DET,MI,AGL,CE,Federal Contract Tower,0,4,8,0,12,0,0,92,0,92,0,4,100,0,104,78,0,78,182
07/23/2007,DET,MI,AGL,CE,Federal Contract Tower,0,5,22,0,27,0,3,127,4,134,0,8,149,4,161,42,0,42,203
07/24/2007,DET,MI,AGL,CE,Federal Contract Tower,0,16,28,0,44,0,0,133,4,137,0,16,161,4,181,42,0,42,223
07/25/2007,DET,MI,AGL,CE,Federal Contract Tower,0,4,35,0,39,0,0,154,0,154,0,4,189,0,193,162,0,162,355
07/26/2007,DET,MI,AGL,CE,Federal Contract Tower,0,16,43,0,59,0,0,123,4,127,0,16,166,4,186,168,0,168,354
07/27/2007,DET,MI,AGL,CE,Federal Contract Tower,0,13,37,0,50,0,0,73,4,77,0,13,110,4,127,98,0,98,225
07/28/2007,DET,MI,AGL,CE,Federal Contract Tower,0,11,25,0,36,0,0,83,0,83,0,11,108,0,119,118,0,118,237
07/29/2007,DET,MI,AGL,CE,Federal Contract Tower,0,5,20,0,25,0,0,85,0,85,0,5,105,0,110,36,0,36,146
07/30/2007,DET,MI,AGL,CE,Federal Contract Tower,0,11,29,0,40,0,0,77,8,85,0,11,106,8,125,80,0,80,205
07/31/2007,DET,MI,AGL,CE,Federal Contract Tower,0,7,26,2,35,0,0,86,14,100,0,7,112,16,135,14,2,16,151
08/01/2007,DET,MI,AGL,CE,Federal Contract Tower,0,10,24,0,34,0,0,157,16,173,0,10,181,16,207,178,0,178,385
08/02/2007,DET,MI,AGL,CE,Federal Contract Tower,0,11,20,0,31,0,1,168,8,177,0,12,188,8,208,176,0,176,384
08/03/2007,DET,MI,AGL,CE,Federal Contract Tower,0,13,21,0,34,0,0,113,0,113,0,13,134,0,147,130,0,130,277
08/04/2007,DET,MI,AGL,CE,Federal Contract Tower,0,5,20,0,25,0,0,92,0,92,0,5,112,0,117,146,0,146,263
08/05/2007,DET,MI,AGL,CE,Federal Contract Tower,0,4,24,0,28,0,0,23,4,27,0,4,47,4,55,48,0,48,103
08/06/2007,DET,MI,AGL,CE,Federal Contract Tower,0,6,24,0,30,0,0,40,0,40,0,6,64,0,70,32,0,32,102
08/07/2007,DET,MI,AGL,CE,Federal Contract Tower,0,11,19,0,30,0,0,71,0,71,0,11,90,0,101,0,0,0,101
08/08/2007,DET,MI,AGL,CE,Federal Contract Tower,0,6,37,0,43,0,0,147,6,153,0,6,184,6,196,166,0,166,362
08/09/2007,DET,MI,AGL,CE,Federal Contract Tower,0,17,39,0,56,0,0,55,0,55,0,17,94,0,111,86,0,86,197
08/10/2007,DET,MI,AGL,CE,Federal Contract Tower,0,20,38,0,58,0,3,123,4,130,0,23,161,4,188,129,0,129,317
08/11/2007,DET,MI,AGL,CE,Federal Contract Tower,0,14,16,0,30,0,0,107,0,107,0,14,123,0,137,182,0,182,319
08/12/2007,DET,MI,AGL,CE,Federal Contract Tower,0,5,16,0,21,0,0,73,0,73,0,5,89,0,94,64,0,64,158
08/13/2007,DET,MI,AGL,CE,Federal Contract Tower,0,6,23,0,29,0,0,79,0,79,0,6,102,0,108,74,0,74,182
08/14/2007,DET,MI,AGL,CE,Federal Contract Tower,0,13,19,0,32,0,2,87,4,93,0,15,106,4,125,44,0,44,169
08/15/2007,DET,MI,AGL,CE,Federal Contract Tower,0,10,37,0,47,0,0,121,6,127,0,10,158,6,174,208,0,208,382
08/16/2007,DET,MI,AGL,CE,Federal Contract Tower,0,15,50,0,65,0,2,172,0,174,0,17,222,0,239,164,0,164,403
08/17/2007,DET,MI,AGL,CE,Federal Contract Tower,0,8,28,0,36,0,1,110,2,113,0,9,138,2,149,80,0,80,229
08/18/2007,DET,MI,AGL,CE,Federal Contract Tower,0,10,15,0,25,0,0,101,0,101,0,10,116,0,126,110,0,110,236
08/19/2007,DET,MI,AGL,CE,Federal Contract Tower,0,7,29,0,36,0,0,19,0,19,0,7,48,0,55,12,0,12,67
08/20/2007,DET,MI,AGL,CE,Federal Contract Tower,0,6,21,0,27,0,0,0,0,0,0,6,21,0,27,0,0,0,27
08/21/2007,DET,MI,AGL,CE,Federal Contract Tower,0,11,44,0,55,0,0,72,0,72,0,11,116,0,127,52,0,52,179
08/22/2007,DET,MI,AGL,CE,Federal Contract Tower,0,4,35,0,39,0,0,124,2,126,0,4,159,2,165,164,0,164,329
08/23/2007,DET,MI,AGL,CE,Federal Contract Tower,0,11,46,0,57,0,1,109,2,112,0,12,155,2,169,148,0,148,317
08/24/2007,DET,MI,AGL,CE,Federal Contract Tower,1,13,39,0,53,0,0,78,6,84,1,13,117,6,137,134,0,134,271
08/25/2007,DET,MI,AGL,CE,Federal Contract Tower,0,2,13,0,15,0,0,22,0,22,0,2,35,0,37,88,0,88,125
08/26/2007,DET,MI,AGL,CE,Federal Contract Tower,0,0,21,0,21,0,0,89,0,89,0,0,110,0,110,58,0,58,168
08/27/2007,DET,MI,AGL,CE,Federal Contract Tower,0,7,22,0,29,0,0,126,6,132,0,7,148,6,161,46,0,46,207
08/28/2007,DET,MI,AGL,CE,Federal Contract Tower,0,14,24,0,38,0,1,203,6,210,0,15,227,6,248,170,0,170,418
08/29/2007,DET,MI,AGL,CE,Federal Contract Tower,0,10,42,0,52,0,0,137,0,137,0,10,179,0,189,174,0,174,363
08/30/2007,DET,MI,AGL,CE,Federal Contract Tower,0,18,40,0,58,0,2,124,14,140,0,20,164,14,198,90,0,90,288
08/31/2007,DET,MI,AGL,CE,Federal Contract Tower,0,6,26,0,32,0,1,99,6,106,0,7,125,6,138,155,0,155,293
09/01/2007,DET,MI,AGL,CE,Federal Contract Tower,0,4,19,0,23,0,0,100,0,100,0,4,119,0,123,84,0,84,207
09/02/2007,DET,MI,AGL,CE,Federal Contract Tower,0,11,19,0,30,0,0,115,0,115,0,11,134,0,145,52,0,52,197
09/03/2007,DET,MI,AGL,CE,Federal Contract Tower,0,4,15,0,19,0,0,117,0,117,0,4,132,0,136,38,0,38,174
09/04/2007,DET,MI,AGL,CE,Federal Contract Tower,0,11,19,0,30,0,0,162,4,166,0,11,181,4,196,122,0,122,318
09/05/2007,DET,MI,AGL,CE,Federal Contract Tower,0,29,43,0,72,0,2,120,0,122,0,31,163,0,194,158,0,158,352
09/06/2007,DET,MI,AGL,CE,Federal Contract Tower,0,15,25,0,40,0,0,86,8,94,0,15,111,8,134,70,0,70,204
09/07/2007,DET,MI,AGL,CE,Federal Contract Tower,0,9,11,0,20,0,1,51,2,54,0,10,62,2,74,64,0,64,138
09/08/2007,DET,MI,AGL,CE,Federal Contract Tower,0,2,14,0,16,0,0,84,0,84,0,2,98,0,100,142,0,142,242
09/09/2007,DET,MI,AGL,CE,Federal Contract Tower,0,7,23,0,30,0,0,57,0,57,0,7,80,0,87,50,0,50,137
09/10/2007,DET,MI,AGL,CE,Federal Contract Tower,0,7,26,0,33,0,1,54,2,57,0,8,80,2,90,22,0,22,112
09/11/2007,DET,MI,AGL,CE,Federal Contract Tower,0,13,29,0,42,0,0,64,0,64,0,13,93,0,106,8,0,8,114
09/12/2007,DET,MI,AGL,CE,Federal Contract Tower,0,9,36,0,45,0,0,68,0,68,0,9,104,0,113,164,0,164,277
09/13/2007,DET,MI,AGL,CE,Federal Contract Tower,0,11,35,0,46,0,0,91,4,95,0,11,126,4,141,136,0,136,277
09/14/2007,DET,MI,AGL,CE,Federal Contract Tower,0,19,26,5,50,0,0,62,6,68,0,19,88,11,118,72,10,82,200
09/15/2007,DET,MI,AGL,CE,Federal Contract Tower,0,13,18,0,31,0,0,86,4,90,0,13,104,4,121,80,0,80,201
09/16/2007,DET,MI,AGL,CE,Federal Contract Tower,0,7,20,0,27,0,0,90,2,92,0,7,110,2,119,80,0,80,199
09/17/2007,DET,MI,AGL,CE,Federal Contract Tower,0,7,29,0,36,0,0,77,0,77,0,7,106,0,113,62,0,62,175
09/18/2007,DET,MI,AGL,CE,Federal Contract Tower,0,3,48,0,51,0,0,155,2,157,0,3,203,2,208,188,0,188,396
09/19/2007,DET,MI,AGL,CE,Federal Contract Tower,4,19,53,0,76,0,0,109,0,109,4,19,162,0,185,136,0,136,321
09/20/2007,DET,MI,AGL,CE,Federal Contract Tower,0,21,28,0,49,0,0,92,0,92,0,21,120,0,141,92,0,92,233
09/21/2007,DET,MI,AGL,CE,Federal Contract Tower,0,18,23,0,41,0,0,84,0,84,0,18,107,0,125,92,0,92,217
09/22/2007,DET,MI,AGL,CE,Federal Contract Tower,0,2,11,0,13,0,0,88,8,96,0,2,99,8,109,80,0,80,189
09/23/2007,DET,MI,AGL,CE,Federal Contract Tower,0,6,26,0,32,0,0,88,4,92,0,6,114,4,124,74,0,74,198
09/24/2007,DET,MI,AGL,CE,Federal Contract Tower,0,10,26,0,36,0,0,116,0,116,0,10,142,0,152,20,0,20,172
09/25/2007,DET,MI,AGL,CE,Federal Contract Tower,0,5,22,0,27,0,0,137,2,139,0,5,159,2,166,128,0,128,294
09/26/2007,DET,MI,AGL,CE,Federal Contract Tower,0,7,40,0,47,0,0,38,0,38,0,7,78,0,85,62,0,62,147
09/27/2007,DET,MI,AGL,CE,Federal Contract Tower,0,15,25,0,40,0,0,83,4,87,0,15,108,4,127,84,0,84,211
09/28/2007,DET,MI,AGL,CE,Federal Contract Tower,0,11,45,0,56,0,0,77,0,77,0,11,122,0,133,62,0,62,195
09/29/2007,DET,MI,AGL,CE,Federal Contract Tower,0,1,19,0,20,0,0,75,0,75,0,1,94,0,95,92,0,92,187
09/30/2007,DET,MI,AGL,CE,Federal Contract Tower,0,5,24,0,29,0,0,89,0,89,0,5,113,0,118,82,0,82,200
10/01/2007,DET,MI,AGL,CE,Federal Contract Tower,0,5,31,0,36,0,1,30,0,31,0,6,61,0,67,8,0,8,75
10/02/2007,DET,MI,AGL,CE,Federal Contract Tower,1,6,10,0,17,1,0,101,0,102,2,6,111,0,119,144,0,144,263
10/03/2007,DET,MI,AGL,CE,Federal Contract Tower,0,0,34,0,34,0,0,94,4,98,0,0,128,4,132,136,0,136,268
10/04/2007,DET,MI,AGL,CE,Federal Contract Tower,0,8,44,0,52,0,0,87,2,89,0,8,131,2,141,116,0,116,257
10/05/2007,DET,MI,AGL,CE,Federal Contract Tower,0,12,32,0,44,0,0,75,0,75,0,12,107,0,119,100,0,100,219
10/06/2007,DET,MI,AGL,CE,Federal Contract Tower,0,7,11,2,20,0,0,53,4,57,0,7,64,6,77,42,0,42,119
10/07/2007,DET,MI,AGL,CE,Federal Contract Tower,0,8,11,0,19,0,1,65,2,68,0,9,76,2,87,94,0,94,181
10/08/2007,DET,MI,AGL,CE,Federal Contract Tower,0,8,16,0,24,0,0,56,0,56,0,8,72,0,80,30,0,30,110
10/09/2007,DET,MI,AGL,CE,Federal Contract Tower,0,16,20,0,36,0,6,150,0,156,0,22,170,0,192,142,0,142,334
10/10/2007,DET,MI,AGL,CE,Federal Contract Tower,0,9,43,0,52,0,0,104,4,108,0,9,147,4,160,136,0,136,296
10/11/2007,DET,MI,AGL,CE,Federal Contract Tower,0,4,35,0,39,0,0,45,6,51,0,4,80,6,90,66,0,66,156
10/12/2007,DET,MI,AGL,CE,Federal Contract Tower,0,3,35,0,38,0,0,64,6,70,0,3,99,6,108,78,0,78,186
10/13/2007,DET,MI,AGL,CE,Federal Contract Tower,0,7,13,0,20,0,0,53,5,58,0,7,66,5,78,70,0,70,148
10/14/2007,DET,MI,AGL,CE,Federal Contract Tower,0,6,20,0,26,0,0,70,0,70,0,6,90,0,96,80,0,80,176
10/15/2007,DET,MI,AGL,CE,Federal Contract Tower,0,4,21,0,25,0,0,46,0,46,0,4,67,0,71,14,0,14,85
10/16/2007,DET,MI,AGL,CE,Federal Contract Tower,0,12,25,0,37,0,0,167,8,175,0,12,192,8,212,154,0,154,366
10/17/2007,DET,MI,AGL,CE,Federal Contract Tower,0,2,36,0,38,0,0,110,4,114,0,2,146,4,152,146,0,146,298
10/18/2007,DET,MI,AGL,CE,Federal Contract Tower,0,19,45,0,64,0,0,42,4,46,0,19,87,4,110,32,0,32,142
10/19/2007,DET,MI,AGL,CE,Federal Contract Tower,0,2,20,0,22,0,1,25,0,26,0,3,45,0,48,20,0,20,68
10/20/2007,DET,MI,AGL,CE,Federal Contract Tower,0,10,18,0,28,0,0,20,2,22,0,10,38,2,50,34,0,34,84
10/21/2007,DET,MI,AGL,CE,Federal Contract Tower,0,9,19,0,28,0,0,53,0,53,0,9,72,0,81,0,0,0,81
10/22/2007,DET,MI,AGL,CE,Federal Contract Tower,0,0,18,0,18,0,0,156,0,156,0,0,174,0,174,158,0,158,332
10/23/2007,DET,MI,AGL,CE,Federal Contract Tower,0,11,30,0,41,0,1,95,4,100,0,12,125,4,141,114,0,114,255
10/24/2007,DET,MI,AGL,CE,Federal Contract Tower,0,9,30,0,39,0,0,83,2,85,0,9,113,2,124,120,0,120,244
10/25/2007,DET,MI,AGL,CE,Federal Contract Tower,0,14,16,0,30,0,2,104,0,106,0,16,120,0,136,108,0,108,244
10/26/2007,DET,MI,AGL,CE,Federal Contract Tower,0,10,34,0,44,0,1,13,4,18,0,11,47,4,62,0,0,0,62
10/27/2007,DET,MI,AGL,CE,Federal Contract Tower,0,6,15,0,21,0,0,3,0,3,0,6,18,0,24,0,0,0,24
10/28/2007,DET,MI,AGL,CE,Federal Contract Tower,0,9,24,0,33,0,0,93,0,93,0,9,117,0,126,84,0,84,210
10/29/2007,DET,MI,AGL,CE,Federal Contract Tower,0,12,22,0,34,0,0,152,0,152,0,12,174,0,186,118,0,118,304
10/30/2007,DET,MI,AGL,CE,Federal Contract Tower,0,14,30,0,44,0,0,101,8,109,0,14,131,8,153,132,0,132,285
10/31/2007,DET,MI,AGL,CE,Federal Contract Tower,0,2,25,0,27,0,0,57,0,57,0,2,82,0,84,82,0,82,166
11/01/2007,DET,MI,AGL,CE,Federal Contract Tower,0,17,30,0,47,0,1,56,0,57,0,18,86,0,104,52,0,52,156
11/02/2007,DET,MI,AGL,CE,Federal Contract Tower,0,18,20,0,38,0,0,66,0,66,0,18,86,0,104,90,0,90,194
11/03/2007,DET,MI,AGL,CE,Federal Contract Tower,0,7,14,0,21,0,0,66,0,66,0,7,80,0,87,14,0,14,101
11/04/2007,DET,MI,AGL,CE,Federal Contract Tower,0,12,18,0,30,0,1,72,0,73,0,13,90,0,103,134,0,134,237
11/05/2007,DET,MI,AGL,CE,Federal Contract Tower,0,7,16,0,23,0,0,89,0,89,0,7,105,0,112,106,0,106,218
11/06/2007,DET,MI,AGL,CE,Federal Contract Tower,0,6,33,0,39,0,0,96,0,96,0,6,129,0,135,118,0,118,253
11/07/2007,DET,MI,AGL,CE,Federal Contract Tower,0,7,23,2,32,0,0,56,0,56,0,7,79,2,88,90,0,90,178
11/08/2007,DET,MI,AGL,CE,Federal Contract Tower,0,21,21,0,42,0,1,79,0,80,0,22,100,0,122,74,0,74,196
11/09/2007,DET,MI,AGL,CE,Federal Contract Tower,0,9,23,0,32,0,0,73,0,73,0,9,96,0,105,106,0,106,211
11/10/2007,DET,MI,AGL,CE,Federal Contract Tower,0,2,0,0,2,0,0,64,2,66,0,2,64,2,68,104,0,104,172
11/11/2007,DET,MI,AGL,CE,Federal Contract Tower,0,8,15,0,23,0,0,24,0,24,0,8,39,0,47,20,0,20,67
11/12/2007,DET,MI,AGL,CE,Federal Contract Tower,0,18,28,0,46,0,0,112,0,112,0,18,140,0,158,114,0,114,272
11/13/2007,DET,MI,AGL,CE,Federal Contract Tower,0,8,30,0,38,0,0,113,0,113,0,8,143,0,151,108,0,108,259
11/14/2007,DET,MI,AGL,CE,Federal Contract Tower,0,10,17,0,27,0,2,57,0,59,0,12,74,0,86,80,0,80,166
11/15/2007,DET,MI,AGL,CE,Federal Contract Tower,0,9,10,0,19,0,3,40,0,43,0,12,50,0,62,64,0,64,126
11/16/2007,DET,MI,AGL,CE,Federal Contract Tower,0,9,17,0,26,0,0,60,0,60,0,9,77,0,86,68,0,68,154
11/17/2007,DET,MI,AGL,CE,Federal Contract Tower,0,5,15,0,20,0,0,10,0,10,0,5,25,0,30,2,0,2,32
11/18/2007,DET,MI,AGL,CE,Federal Contract Tower,0,14,15,0,29,0,0,95,0,95,0,14,110,0,124,90,0,90,214
11/19/2007,DET,MI,AGL,CE,Federal Contract Tower,0,2,13,1,16,0,1,145,0,146,0,3,158,1,162,126,2,128,290
11/20/2007,DET,MI,AGL,CE,Federal Contract Tower,0,10,35,0,45,0,0,77,0,77,0,10,112,0,122,106,0,106,228
11/21/2007,DET,MI,AGL,CE,Federal Contract Tower,0,4,13,0,17,0,0,8,0,8,0,4,21,0,25,54,0,54,79
11/22/2007,DET,MI,AGL,CE,Federal Contract Tower,0,2,12,0,14,0,0,57,0,57,0,2,69,0,71,58,0,58,129
11/23/2007,DET,MI,AGL,CE,Federal Contract Tower,0,1,12,0,13,0,0,78,0,78,0,1,90,0,91,98,0,98,189
11/24/2007,DET,MI,AGL,CE,Federal Contract Tower,0,3,14,0,17,0,0,41,0,41,0,3,55,0,58,18,0,18,76
11/25/2007,DET,MI,AGL,CE,Federal Contract Tower,0,3,20,0,23,0,0,61,0,61,0,3,81,0,84,64,0,64,148
11/26/2007,DET,MI,AGL,CE,Federal Contract Tower,0,7,28,0,35,0,0,70,0,70,0,7,98,0,105,76,0,76,181
11/27/2007,DET,MI,AGL,CE,Federal Contract Tower,0,8,24,0,32,0,0,31,0,31,0,8,55,0,63,96,0,96,159
11/28/2007,DET,MI,AGL,CE,Federal Contract Tower,0,9,21,0,30,0,0,38,0,38,0,9,59,0,68,58,0,58,126
11/29/2007,DET,MI,AGL,CE,Federal Contract Tower,0,7,17,0,24,0,0,60,0,60,0,7,77,0,84,80,0,80,164
11/30/2007,DET,MI,AGL,CE,Federal Contract Tower,0,8,22,0,30,0,0,29,0,29,0,8,51,0,59,44,0,44,103
12/01/2007,DET,MI,AGL,CE,Federal Contract Tower,0,2,18,0,20,0,0,43,0,43,0,2,61,0,63,104,0,104,167
12/02/2007,DET,MI,AGL,CE,Federal Contract Tower,0,3,15,0,18,0,0,0,0,0,0,3,15,0,18,0,0,0,18
12/03/2007,DET,MI,AGL,CE,Federal Contract Tower,0,10,12,0,22,0,0,99,0,99,0,10,111,0,121,58,0,58,179
12/04/2007,DET,MI,AGL,CE,Federal Contract Tower,0,12,21,0,33,0,0,34,0,34,0,12,55,0,67,100,0,100,167
12/05/2007,DET,MI,AGL,CE,Federal Contract Tower,0,9,29,0,38,0,0,17,0,17,0,9,46,0,55,94,0,94,149
12/06/2007,DET,MI,AGL,CE,Federal Contract Tower,0,17,35,0,52,0,0,69,0,69,0,17,104,0,121,90,0,90,211
12/07/2007,DET,MI,AGL,CE,Federal Contract Tower,0,15,18,0,33,0,0,27,0,27,0,15,45,0,60,48,0,48,108
12/08/2007,DET,MI,AGL,CE,Federal Contract Tower,0,4,13,0,17,0,0,60,0,60,0,4,73,0,77,136,0,136,213
12/09/2007,DET,MI,AGL,CE,Federal Contract Tower,0,5,7,0,12,0,0,0,0,0,0,5,7,0,12,0,0,0,12
12/10/2007,DET,MI,AGL,CE,Federal Contract Tower,0,4,15,0,19,0,1,114,0,115,0,5,129,0,134,80,0,80,214
12/11/2007,DET,MI,AGL,CE,Federal Contract Tower,0,10,21,0,31,0,0,5,0,5,0,10,26,0,36,0,0,0,36
12/12/2007,DET,MI,AGL,CE,Federal Contract Tower,0,22,34,0,56,0,0,56,0,56,0,22,90,0,112,110,0,110,222
12/13/2007,DET,MI,AGL,CE,Federal Contract Tower,0,16,22,0,38,0,0,28,0,28,0,16,50,0,66,52,0,52,118
12/14/2007,DET,MI,AGL,CE,Federal Contract Tower,0,16,22,0,38,0,0,27,0,27,0,16,49,0,65,52,0,52,117
12/15/2007,DET,MI,AGL,CE,Federal Contract Tower,0,6,15,0,21,0,0,13,0,13,0,6,28,0,34,66,0,66,100
12/16/2007,DET,MI,AGL,CE,Federal Contract Tower,0,2,3,0,5,0,0,0,0,0,0,2,3,0,5,0,0,0,5
12/17/2007,DET,MI,AGL,CE,Federal Contract Tower,0,7,26,0,33,0,0,79,0,79,0,7,105,0,112,100,0,100,212
12/18/2007,DET,MI,AGL,CE,Federal Contract Tower,0,14,25,0,39,0,0,33,0,33,0,14,58,0,72,92,0,92,164
12/19/2007,DET,MI,AGL,CE,Federal Contract Tower,0,11,28,0,39,0,0,28,0,28,0,11,56,0,67,90,0,90,157
12/20/2007,DET,MI,AGL,CE,Federal Contract Tower,0,10,35,0,45,0,0,56,0,56,0,10,91,0,101,122,0,122,223
12/21/2007,DET,MI,AGL,CE,Federal Contract Tower,0,9,17,0,26,0,0,16,0,16,0,9,33,0,42,64,0,64,106
12/22/2007,DET,MI,AGL,CE,Federal Contract Tower,0,6,5,0,11,0,0,15,0,15,0,6,20,0,26,88,0,88,114
12/23/2007,DET,MI,AGL,CE,Federal Contract Tower,0,4,5,0,9,0,0,0,0,0,0,4,5,0,9,0,0,0,9
12/24/2007,DET,MI,AGL,CE,Federal Contract Tower,0,3,9,0,12,0,0,20,0,20,0,3,29,0,32,84,0,84,116
12/25/2007,DET,MI,AGL,CE,Federal Contract Tower,0,3,2,0,5,0,0,5,0,5,0,3,7,0,10,38,0,38,48
12/26/2007,DET,MI,AGL,CE,Federal Contract Tower,0,10,30,0,40,0,0,29,0,29,0,10,59,0,69,124,0,124,193
12/27/2007,DET,MI,AGL,CE,Federal Contract Tower,0,14,13,0,27,0,1,7,0,8,0,15,20,0,35,0,0,0,35
12/28/2007,DET,MI,AGL,CE,Federal Contract Tower,0,2,9,0,11,0,0,8,0,8,0,2,17,0,19,30,0,30,49
12/29/2007,DET,MI,AGL,CE,Federal Contract Tower,0,5,2,0,7,0,0,10,0,10,0,5,12,0,17,46,0,46,63
12/30/2007,DET,MI,AGL,CE,Federal Contract Tower,0,3,9,0,12,0,0,44,0,44,0,3,53,0,56,84,0,84,140
12/31/2007,DET,MI,AGL,CE,Federal Contract Tower,0,2,7,0,9,0,0,25,0,25,0,2,32,0,34,0,0,0,34
01/01/2008,DET,MI,AGL,CE,Federal Contract Tower,0,0,1,0,1,0,0,0,0,0,0,0,1,0,1,0,0,0,1
01/02/2008,DET,MI,AGL,CE,Federal Contract Tower,0,4,19,0,23,0,0,23,0,23,0,4,42,0,46,102,0,102,148
01/03/2008,DET,MI,AGL,CE,Federal Contract Tower,0,6,11,0,17,0,0,26,0,26,0,6,37,0,43,0,0,0,43
01/04/2008,DET,MI,AGL,CE,Federal Contract Tower,0,3,17,0,20,0,0,23,0,23,0,3,40,0,43,22,0,22,65
01/05/2008,DET,MI,AGL,CE,Federal Contract Tower,0,0,4,0,4,0,0,2,0,2,0,0,6,0,6,0,0,0,6
01/06/2008,DET,MI,AGL,CE,Federal Contract Tower,0,0,7,0,7,0,0,3,0,3,0,0,10,0,10,0,0,0,10
01/07/2008,DET,MI,AGL,CE,Federal Contract Tower,0,2,38,0,40,0,0,35,0,35,0,2,73,0,75,58,0,58,133
01/08/2008,DET,MI,AGL,CE,Federal Contract Tower,0,13,17,0,30,0,0,14,0,14,0,13,31,0,44,32,0,32,76
01/09/2008,DET,MI,AGL,CE,Federal Contract Tower,0,4,9,0,13,0,0,47,0,47,0,4,56,0,60,78,0,78,138
01/10/2008,DET,MI,AGL,CE,Federal Contract Tower,0,11,26,0,37,0,1,30,0,31,0,12,56,0,68,80,0,80,148
01/11/2008,DET,MI,AGL,CE,Federal Contract Tower,0,4,14,0,18,0,0,6,0,6,0,4,20,0,24,0,0,0,24
01/12/2008,DET,MI,AGL,CE,Federal Contract Tower,0,9,25,0,34,0,0,70,0,70,0,9,95,0,104,160,0,160,264
01/13/2008,DET,MI,AGL,CE,Federal Contract Tower,0,6,17,0,23,0,1,90,0,91,0,7,107,0,114,104,0,104,218
01/14/2008,DET,MI,AGL,CE,Federal Contract Tower,0,6,30,0,36,0,0,17,0,17,0,6,47,0,53,50,0,50,103
01/15/2008,DET,MI,AGL,CE,Federal Contract Tower,0,4,34,0,38,0,0,21,0,21,0,4,55,0,59,36,0,36,95
01/16/2008,DET,MI,AGL,CE,Federal Contract Tower,0,18,60,0,78,0,0,63,0,63,0,18,123,0,141,104,0,104,245
01/17/2008,DET,MI,AGL,CE,Federal Contract Tower,0,6,54,0,60,0,0,12,0,12,0,6,66,0,72,0,0,0,72
01/18/2008,DET,MI,AGL,CE,Federal Contract Tower,0,5,46,0,51,0,0,2,0,2,0,5,48,0,53,36,0,36,89
01/19/2008,DET,MI,AGL,CE,Federal Contract Tower,0,6,6,0,12,0,0,6,0,6,0,6,12,0,18,0,0,0,18
01/20/2008,DET,MI,AGL,CE,Federal Contract Tower,0,2,13,0,15,0,0,0,0,0,0,2,13,0,15,0,0,0,15
01/21/2008,DET,MI,AGL,CE,Federal Contract Tower,0,0,24,0,24,0,0,68,0,68,0,0,92,0,92,84,0,84,176
01/22/2008,DET,MI,AGL,CE,Federal Contract Tower,0,10,14,2,26,0,1,5,0,6,0,11,19,2,32,0,0,0,32
01/23/2008,DET,MI,AGL,CE,Federal Contract Tower,0,9,18,0,27,0,0,25,0,25,0,9,43,0,52,46,0,46,98
01/24/2008,DET,MI,AGL,CE,Federal Contract Tower,0,9,31,0,40,0,0,13,0,13,0,9,44,0,53,8,0,8,61
01/25/2008,DET,MI,AGL,CE,Federal Contract Tower,0,3,20,0,23,0,0,31,0,31,0,3,51,0,54,34,0,34,88
01/26/2008,DET,MI,AGL,CE,Federal Contract Tower,0,7,15,2,24,0,0,0,0,0,0,7,15,2,24,2,0,2,26
01/27/2008,DET,MI,AGL,CE,Federal Contract Tower,0,0,15,0,15,0,0,2,0,2,0,0,17,0,17,2,0,2,19
01/28/2008,DET,MI,AGL,CE,Federal Contract Tower,0,8,20,0,28,0,0,15,0,15,0,8,35,0,43,66,0,66,109
01/29/2008,DET,MI,AGL,CE,Federal Contract Tower,0,11,10,0,21,0,0,19,0,19,0,11,29,0,40,24,0,24,64
01/30/2008,DET,MI,AGL,CE,Federal Contract Tower,0,7,13,0,20,0,0,25,0,25,0,7,38,0,45,0,0,0,45
01/31/2008,DET,MI,AGL,CE,Federal Contract Tower,0,12,23,0,35,0,1,20,0,21,0,13,43,0,56,8,0,8,64
02/01/2008,DET,MI,AGL,CE,Federal Contract Tower,0,4,11,0,15,0,0,0,0,0,0,4,11,0,15,0,0,0,15
02/02/2008,DET,MI,AGL,CE,Federal Contract Tower,0,0,11,0,11,0,0,7,0,7,0,0,18,0,18,64,0,64,82
02/03/2008,DET,MI,AGL,CE,Federal Contract Tower,0,3,4,0,7,0,0,28,0,28,0,3,32,0,35,56,0,56,91
02/04/2008,DET,MI,AGL,CE,Federal Contract Tower,0,5,20,0,25,0,0,0,0,0,0,5,20,0,25,0,0,0,25
02/05/2008,DET,MI,AGL,CE,Federal Contract Tower,0,7,20,0,27,0,0,11,0,11,0,7,31,0,38,0,0,0,38
02/06/2008,DET,MI,AGL,CE,Federal Contract Tower,0,2,11,0,13,0,0,0,0,0,0,2,11,0,13,0,0,0,13
02/07/2008,DET,MI,AGL,CE,Federal Contract Tower,0,10,26,0,36,0,0,3,0,3,0,10,29,0,39,0,0,0,39
02/08/2008,DET,MI,AGL,CE,Federal Contract Tower,0,7,24,0,31,0,0,0,0,0,0,7,24,0,31,0,0,0,31
02/09/2008,DET,MI,AGL,CE,Federal Contract Tower,0,3,8,0,11,0,0,2,0,2,0,3,10,0,13,0,0,0,13
02/10/2008,DET,MI,AGL,CE,Federal Contract Tower,0,0,4,0,4,0,0,7,0,7,0,0,11,0,11,0,0,0,11
02/11/2008,DET,MI,AGL,CE,Federal Contract Tower,0,12,19,0,31,0,0,26,0,26,0,12,45,0,57,58,0,58,115
02/12/2008,DET,MI,AGL,CE,Federal Contract Tower,0,4,2,0,6,0,0,1,0,1,0,4,3,0,7,0,0,0,7
02/13/2008,DET,MI,AGL,CE,Federal Contract Tower,0,1,19,0,20,0,0,36,0,36,0,1,55,0,56,64,0,64,120
02/14/2008,DET,MI,AGL,CE,Federal Contract Tower,0,8,13,0,21,0,1,32,0,33,0,9,45,0,54,0,0,0,54
02/15/2008,DET,MI,AGL,CE,Federal Contract Tower,0,8,18,0,26,0,0,45,0,45,0,8,63,0,71,30,0,30,101
02/16/2008,DET,MI,AGL,CE,Federal Contract Tower,0,3,15,0,18,0,0,112,0,112,0,3,127,0,130,152,0,152,282
02/17/2008,DET,MI,AGL,CE,Federal Contract Tower,0,0,9,0,9,0,0,39,0,39,0,0,48,0,48,68,0,68,116
02/18/2008,DET,MI,AGL,CE,Federal Contract Tower,0,10,15,0,25,0,0,25,0,25,0,10,40,0,50,76,0,76,126
02/19/2008,DET,MI,AGL,CE,Federal Contract Tower,0,7,16,0,23,0,0,44,0,44,0,7,60,0,67,54,0,54,121
02/20/2008,DET,MI,AGL,CE,Federal Contract Tower,0,5,31,0,36,0,2,30,0,32,0,7,61,0,68,80,0,80,148
02/21/2008,DET,MI,AGL,CE,Federal Contract Tower,0,3,25,0,28,0,0,27,0,27,0,3,52,0,55,14,0,14,69
02/22/2008,DET,MI,AGL,CE,Federal Contract Tower,0,6,17,0,23,0,0,54,0,54,0,6,71,0,77,60,0,60,137
02/23/2008,DET,MI,AGL,CE,Federal Contract Tower,0,1,8,0,9,0,0,130,0,130,0,1,138,0,139,136,0,136,275
02/24/2008,DET,MI,AGL,CE,Federal Contract Tower,0,4,32,0,36,0,0,86,0,86,0,4,118,0,122,154,0,154,276
02/25/2008,DET,MI,AGL,CE,Federal Contract Tower,0,1,21,0,22,0,0,8,0,8,0,1,29,0,30,70,0,70,100
02/26/2008,DET,MI,AGL,CE,Federal Contract Tower,0,0,10,0,10,0,0,9,0,9,0,0,19,0,19,0,0,0,19
02/27/2008,DET,MI,AGL,CE,Federal Contract Tower,0,6,28,0,34,0,0,50,0,50,0,6,78,0,84,96,0,96,180
02/28/2008,DET,MI,AGL,CE,Federal Contract Tower,0,7,25,0,32,0,0,32,0,32,0,7,57,0,64,34,0,34,98
02/29/2008,DET,MI,AGL,CE,Federal Contract Tower,0,0,8,0,8,0,0,5,0,5,0,0,13,0,13,0,0,0,13
03/01/2008,DET,MI,AGL,CE,Federal Contract Tower,0,2,13,0,15,0,0,106,0,106,0,2,119,0,121,130,0,130,251
03/02/2008,DET,MI,AGL,CE,Federal Contract Tower,0,3,14,0,17,0,0,62,0,62,0,3,76,0,79,98,0,98,177
03/03/2008,DET,MI,AGL,CE,Federal Contract Tower,0,4,24,0,28,0,0,30,0,30,0,4,54,0,58,50,0,50,108
03/04/2008,DET,MI,AGL,CE,Federal Contract Tower,0,3,16,0,19,0,0,45,0,45,0,3,61,0,64,44,0,44,108
03/05/2008,DET,MI,AGL,CE,Federal Contract Tower,0,8,22,0,30,0,0,26,0,26,0,8,48,0,56,38,0,38,94
03/06/2008,DET,MI,AGL,CE,Federal Contract Tower,0,11,20,0,31,0,0,29,0,29,0,11,49,0,60,56,0,56,116
03/07/2008,DET,MI,AGL,CE,Federal Contract Tower,0,0,15,0,15,0,0,8,0,8,0,0,23,0,23,2,0,2,25
03/08/2008,DET,MI,AGL,CE,Federal Contract Tower,0,1,3,0,4,0,0,2,0,2,0,1,5,0,6,0,0,0,6
03/09/2008,DET,MI,AGL,CE,Federal Contract Tower,0,2,19,0,21,0,0,102,0,102,0,2,121,0,123,158,0,158,281
03/10/2008,DET,MI,AGL,CE,Federal Contract Tower,0,5,22,0,27,0,0,40,0,40,0,5,62,0,67,60,0,60,127
03/11/2008,DET,MI,AGL,CE,Federal Contract Tower,0,5,10,0,15,0,0,45,0,45,0,5,55,0,60,60,0,60,120
03/12/2008,DET,MI,AGL,CE,Federal Contract Tower,0,8,26,0,34,0,2,51,0,53,0,10,77,0,87,150,0,150,237
03/13/2008,DET,MI,AGL,CE,Federal Contract Tower,0,15,17,0,32,0,2,37,0,39,0,17,54,0,71,38,0,38,109
03/14/2008,DET,MI,AGL,CE,Federal Contract Tower,0,7,16,0,23,0,1,89,0,90,0,8,105,0,113,146,0,146,259
03/15/2008,DET,MI,AGL,CE,Federal Contract Tower,0,8,7,0,15,0,0,150,0,150,0,8,157,0,165,234,0,234,399
03/16/2008,DET,MI,AGL,CE,Federal Contract Tower,0,6,15,0,21,0,0,103,0,103,0,6,118,0,124,152,0,152,276
03/17/2008,DET,MI,AGL,CE,Federal Contract Tower,0,5,16,0,21,0,0,90,0,90,0,5,106,0,111,124,0,124,235
03/18/2008,DET,MI,AGL,CE,Federal Contract Tower,0,9,16,0,25,0,0,17,0,17,0,9,33,0,42,0,0,0,42
03/19/2008,DET,MI,AGL,CE,Federal Contract Tower,0,2,7,0,9,0,0,8,0,8,0,2,15,0,17,2,0,2,19
03/20/2008,DET,MI,AGL,CE,Federal Contract Tower,0,7,20,0,27,0,0,33,0,33,0,7,53,0,60,24,0,24,84
03/21/2008,DET,MI,AGL,CE,Federal Contract Tower,0,3,9,0,12,0,0,13,0,13,0,3,22,0,25,0,0,0,25
03/22/2008,DET,MI,AGL,CE,Federal Contract Tower,0,0,9,0,9,0,0,36,0,36,0,0,45,0,45,0,0,0,45
03/23/2008,DET,MI,AGL,CE,Federal Contract Tower,0,4,7,0,11,0,0,123,0,123,0,4,130,0,134,160,0,160,294
03/24/2008,DET,MI,AGL,CE,Federal Contract Tower,0,0,18,0,18,0,0,38,0,38,0,0,56,0,56,98,0,98,154
03/25/2008,DET,MI,AGL,CE,Federal Contract Tower,0,5,16,0,21,0,0,22,0,22,0,5,38,0,43,40,0,40,83
03/26/2008,DET,MI,AGL,CE,Federal Contract Tower,0,5,16,0,21,0,0,31,0,31,0,5,47,0,52,104,0,104,156
03/27/2008,DET,MI,AGL,CE,Federal Contract Tower,0,13,12,0,25,0,0,5,0,5,0,13,17,0,30,0,0,0,30
03/28/2008,DET,MI,AGL,CE,Federal Contract Tower,0,22,27,0,49,0,0,57,0,57,0,22,84,0,106,70,0,70,176
03/29/2008,DET,MI,AGL,CE,Federal Contract Tower,0,11,13,0,24,0,0,169,0,169,0,11,182,0,193,168,0,168,361
03/30/2008,DET,MI,AGL,CE,Federal Contract Tower,0,12,60,0,72,0,0,114,0,114,0,12,174,0,186,136,0,136,322
03/31/2008,DET,MI,AGL,CE,Federal Contract Tower,2,9,23,0,34,0,2,1,0,3,2,11,24,0,37,28,0,28,65
04/01/2008,DET,MI,AGL,CE,Federal Contract Tower,0,3,9,0,12,0,0,31,0,31,0,3,40,0,43,30,0,30,73
04/02/2008,DET,MI,AGL,CE,Federal Contract Tower,0,8,23,0,31,0,0,76,0,76,0,8,99,0,107,130,0,130,237
04/03/2008,DET,MI,AGL,CE,Federal Contract Tower,2,7,24,0,33,0,3,35,0,38,2,10,59,0,71,70,0,70,141
04/04/2008,DET,MI,AGL,CE,Federal Contract Tower,0,2,16,0,18,0,0,1,0,1,0,2,17,0,19,0,0,0,19
04/05/2008,DET,MI,AGL,CE,Federal Contract Tower,0,2,16,0,18,0,0,154,0,154,0,2,170,0,172,126,0,126,298
04/06/2008,DET,MI,AGL,CE,Federal Contract Tower,0,0,20,0,20,0,0,88,0,88,0,0,108,0,108,140,0,140,248
04/07/2008,DET,MI,AGL,CE,Federal Contract Tower,0,2,11,0,13,0,0,58,0,58,0,2,69,0,71,58,0,58,129
04/08/2008,DET,MI,AGL,CE,Federal Contract Tower,0,7,28,0,35,0,1,38,0,39,0,8,66,0,74,108,0,108,182
04/09/2008,DET,MI,AGL,CE,Federal Contract Tower,2,10,15,0,27,0,0,12,0,12,2,10,27,0,39,22,0,22,61
04/10/2008,DET,MI,AGL,CE,Federal Contract Tower,0,7,21,0,28,0,0,30,0,30,0,7,51,0,58,40,0,40,98
04/11/2008,DET,MI,AGL,CE,Federal Contract Tower,0,1,20,0,21,0,0,28,0,28,0,1,48,0,49,0,0,0,49
04/12/2008,DET,MI,AGL,CE,Federal Contract Tower,0,6,15,0,21,0,0,60,0,60,0,6,75,0,81,108,0,108,189
04/13/2008,DET,MI,AGL,CE,Federal Contract Tower,0,2,17,0,19,0,0,73,0,73,0,2,90,0,92,96,0,96,188
04/14/2008,DET,MI,AGL,CE,Federal Contract Tower,0,9,35,0,44,0,0,53,0,53,0,9,88,0,97,86,0,86,183
04/15/2008,DET,MI,AGL,CE,Federal Contract Tower,0,3,26,0,29,0,2,36,0,38,0,5,62,0,67,110,0,110,177
04/16/2008,DET,MI,AGL,CE,Federal Contract Tower,0,2,14,0,16,0,0,35,0,35,0,2,49,0,51,52,0,52,103
04/17/2008,DET,MI,AGL,CE,Federal Contract Tower,0,9,36,0,45,0,1,82,0,83,0,10,118,0,128,136,0,136,264
04/18/2008,DET,MI,AGL,CE,Federal Contract Tower,0,4,12,0,16,0,0,140,2,142,0,4,152,2,158,148,0,148,306
04/19/2008,DET,MI,AGL,CE,Federal Contract Tower,0,0,17,0,17,0,0,131,0,131,0,0,148,0,148,212,0,212,360
04/20/2008,DET,MI,AGL,CE,Federal Contract Tower,0,6,13,0,19,0,0,104,0,104,0,6,117,0,123,124,0,124,247
04/21/2008,DET,MI,AGL,CE,Federal Contract Tower,0,3,14,0,17,0,0,62,0,62,0,3,76,0,79,132,0,132,211
04/22/2008,DET,MI,AGL,CE,Federal Contract Tower,0,11,23,2,36,0,1,50,2,53,0,12,73,4,89,154,0,154,243
04/23/2008,DET,MI,AGL,CE,Federal Contract Tower,0,9,27,0,36,0,4,58,0,62,0,13,85,0,98,36,0,36,134
04/24/2008,DET,MI,AGL,CE,Federal Contract Tower,0,11,14,0,25,0,0,63,0,63,0,11,77,0,88,58,0,58,146
04/25/2008,DET,MI,AGL,CE,Federal Contract Tower,0,5,20,0,25,0,0,83,0,83,0,5,103,0,108,150,0,150,258
04/26/2008,DET,MI,AGL,CE,Federal Contract Tower,0,4,7,0,11,0,0,131,0,131,0,4,138,0,142,112,0,112,254
04/27/2008,DET,MI,AGL,CE,Federal Contract Tower,0,6,21,0,27,0,1,110,0,111,0,7,131,0,138,142,0,142,280
04/28/2008,DET,MI,AGL,CE,Federal Contract Tower,0,2,24,0,26,0,0,45,0,45,0,2,69,0,71,54,0,54,125
04/29/2008,DET,MI,AGL,CE,Federal Contract Tower,0,4,23,0,27,0,2,53,0,55,0,6,76,0,82,56,0,56,138
04/30/2008,DET,MI,AGL,CE,Federal Contract Tower,0,5,21,0,26,0,0,69,0,69,0,5,90,0,95,86,0,86,181
05/01/2008,DET,MI,AGL,CE,Federal Contract Tower,0,10,24,0,34,0,0,33,0,33,0,10,57,0,67,18,0,18,85
05/02/2008,DET,MI,AGL,CE,Federal Contract Tower,0,4,19,0,23,0,0,126,0,126,0,4,145,0,149,118,0,118,267
05/03/2008,DET,MI,AGL,CE,Federal Contract Tower,0,8,16,0,24,0,0,78,0,78,0,8,94,0,102,194,0,194,296
05/04/2008,DET,MI,AGL,CE,Federal Contract Tower,0,3,26,0,29,0,0,88,0,88,0,3,114,0,117,180,0,180,297
05/05/2008,DET,MI,AGL,CE,Federal Contract Tower,0,15,26,0,41,0,0,48,0,48,0,15,74,0,89,92,0,92,181
05/06/2008,DET,MI,AGL,CE,Federal Contract Tower,0,7,22,0,29,0,3,49,0,52,0,10,71,0,81,44,0,44,125
05/07/2008,DET,MI,AGL,CE,Federal Contract Tower,0,6,21,0,27,0,0,17,0,17,0,6,38,0,44,0,0,0,44
05/08/2008,DET,MI,AGL,CE,Federal Contract Tower,0,14,20,0,34,0,1,59,0,60,0,15,79,0,94,54,0,54,148
05/09/2008,DET,MI,AGL,CE,Federal Contract Tower,0,5,22,0,27,0,0,133,0,133,0,5,155,0,160,96,0,96,256
05/10/2008,DET,MI,AGL,CE,Federal Contract Tower,0,2,23,0,25,0,0,135,0,135,0,2,158,0,160,164,0,164,324
05/11/2008,DET,MI,AGL,CE,Federal Contract Tower,0,3,15,0,18,0,0,53,0,53,0,3,68,0,71,62,0,62,133
05/12/2008,DET,MI,AGL,CE,Federal Contract Tower,0,6,20,0,26,0,0,35,0,35,0,6,55,0,61,74,0,74,135
05/13/2008,DET,MI,AGL,CE,Federal Contract Tower,0,4,22,0,26,0,0,45,0,45,0,4,67,0,71,94,0,94,165
05/14/2008,DET,MI,AGL,CE,Federal Contract Tower,0,1,30,0,31,0,0,6,0,6,0,1,36,0,37,0,0,0,37
05/15/2008,DET,MI,AGL,CE,Federal Contract Tower,0,5,23,0,28,0,1,82,0,83,0,6,105,0,111,60,0,60,171
05/16/2008,DET,MI,AGL,CE,Federal Contract Tower,0,6,14,0,20,0,0,115,0,115,0,6,129,0,135,100,0,100,235
05/17/2008,DET,MI,AGL,CE,Federal Contract Tower,0,2,6,0,8,0,0,64,0,64,0,2,70,0,72,168,0,168,240
05/18/2008,DET,MI,AGL,CE,Federal Contract Tower,0,4,6,0,10,0,0,39,0,39,0,4,45,0,49,170,0,170,219
05/19/2008,DET,MI,AGL,CE,Federal Contract Tower,0,7,23,0,30,0,0,32,0,32,0,7,55,0,62,68,0,68,130
05/20/2008,DET,MI,AGL,CE,Federal Contract Tower,0,11,33,0,44,0,1,56,0,57,0,12,89,0,101,68,0,68,169
05/21/2008,DET,MI,AGL,CE,Federal Contract Tower,0,5,25,0,30,0,0,36,0,36,0,5,61,0,66,14,0,14,80
05/22/2008,DET,MI,AGL,CE,Federal Contract Tower,0,6,17,0,23,0,0,58,0,58,0,6,75,0,81,58,0,58,139
05/23/2008,DET,MI,AGL,CE,Federal Contract Tower,0,3,18,0,21,0,0,121,0,121,0,3,139,0,142,148,0,148,290
05/24/2008,DET,MI,AGL,CE,Federal Contract Tower,0,13,23,0,36,0,0,141,0,141,0,13,164,0,177,166,0,166,343
05/25/2008,DET,MI,AGL,CE,Federal Contract Tower,0,8,28,0,36,0,0,100,0,100,0,8,128,0,136,168,0,168,304
05/26/2008,DET,MI,AGL,CE,Federal Contract Tower,0,8,27,0,35,0,0,50,0,50,0,8,77,0,85,114,0,114,199
05/27/2008,DET,MI,AGL,CE,Federal Contract Tower,2,14,33,0,49,0,0,48,0,48,2,14,81,0,97,94,0,94,191
05/28/2008,DET,MI,AGL,CE,Federal Contract Tower,0,0,31,0,31,0,0,46,0,46,0,0,77,0,77,198,0,198,275
05/29/2008,DET,MI,AGL,CE,Federal Contract Tower,0,6,19,0,25,0,0,153,2,155,0,6,172,2,180,216,0,216,396
05/30/2008,DET,MI,AGL,CE,Federal Contract Tower,0,3,29,0,32,0,0,126,0,126,0,3,155,0,158,138,0,138,296
05/31/2008,DET,MI,AGL,CE,Federal Contract Tower,0,5,61,0,66,0,0,185,0,185,0,5,246,0,251,214,0,214,465
06/01/2008,DET,MI,AGL,CE,Federal Contract Tower,0,1,72,0,73,0,0,196,0,196,0,1,268,0,269,197,0,197,466
06/02/2008,DET,MI,AGL,CE,Federal Contract Tower,0,17,34,0,51,0,0,73,0,73,0,17,107,0,124,36,0,36,160
06/03/2008,DET,MI,AGL,CE,Federal Contract Tower,0,5,38,0,43,0,0,9,0,9,0,5,47,0,52,14,0,14,66
06/04/2008,DET,MI,AGL,CE,Federal Contract Tower,0,4,21,0,25,0,0,0,0,0,0,4,21,0,25,0,0,0,25
06/05/2008,DET,MI,AGL,CE,Federal Contract Tower,0,9,36,0,45,0,0,150,0,150,0,9,186,0,195,122,0,122,317
06/06/2008,DET,MI,AGL,CE,Federal Contract Tower,0,8,28,0,36,0,0,120,0,120,0,8,148,0,156,196,0,196,352
06/07/2008,DET,MI,AGL,CE,Federal Contract Tower,0,6,18,0,24,0,0,36,0,36,0,6,54,0,60,128,0,128,188
06/08/2008,DET,MI,AGL,CE,Federal Contract Tower,0,3,13,0,16,0,0,20,0,20,0,3,33,0,36,58,0,58,94
06/09/2008,DET,MI,AGL,CE,Federal Contract Tower,2,4,21,0,27,0,0,38,0,38,2,4,59,0,65,60,0,60,125
06/10/2008,DET,MI,AGL,CE,Federal Contract Tower,0,6,29,0,35,0,0,30,0,30,0,6,59,0,65,68,0,68,133
06/11/2008,DET,MI,AGL,CE,Federal Contract Tower,0,7,26,0,33,0,0,61,0,61,0,7,87,0,94,136,0,136,230
06/12/2008,DET,MI,AGL,CE,Federal Contract Tower,0,15,36,0,51,0,1,97,0,98,0,16,133,0,149,124,0,124,273
06/13/2008,DET,MI,AGL,CE,Federal Contract Tower,0,9,30,0,39,0,0,42,0,42,0,9,72,0,81,86,0,86,167
06/14/2008,DET,MI,AGL,CE,Federal Contract Tower,0,13,25,0,38,0,0,53,0,53,0,13,78,0,91,116,0,116,207
06/15/2008,DET,MI,AGL,CE,Federal Contract Tower,0,3,15,0,18,0,0,33,0,33,0,3,48,0,51,80,0,80,131
06/16/2008,DET,MI,AGL,CE,Federal Contract Tower,0,8,22,0,30,0,0,48,0,48,0,8,70,0,78,62,0,62,140
06/17/2008,DET,MI,AGL,CE,Federal Contract Tower,0,6,32,0,38,0,0,19,0,19,0,6,51,0,57,36,0,36,93
06/18/2008,DET,MI,AGL,CE,Federal Contract Tower,0,7,19,0,26,0,1,75,0,76,0,8,94,0,102,4,0,4,106
06/19/2008,DET,MI,AGL,CE,Federal Contract Tower,0,16,28,0,44,0,0,108,0,108,0,16,136,0,152,134,0,134,286
06/20/2008,DET,MI,AGL,CE,Federal Contract Tower,0,10,35,0,45,0,0,96,0,96,0,10,131,0,141,140,0,140,281
06/21/2008,DET,MI,AGL,CE,Federal Contract Tower,0,2,16,0,18,0,1,76,0,77,0,3,92,0,95,96,0,96,191
06/22/2008,DET,MI,AGL,CE,Federal Contract Tower,0,2,13,0,15,0,0,66,0,66,0,2,79,0,81,96,0,96,177
06/23/2008,DET,MI,AGL,CE,Federal Contract Tower,0,8,30,0,38,0,0,45,0,45,0,8,75,0,83,126,0,126,209
06/24/2008,DET,MI,AGL,CE,Federal Contract Tower,0,8,25,0,33,0,1,62,0,63,0,9,87,0,96,62,0,62,158
06/25/2008,DET,MI,AGL,CE,Federal Contract Tower,0,7,28,0,35,0,1,25,0,26,0,8,53,0,61,18,0,18,79
06/26/2008,DET,MI,AGL,CE,Federal Contract Tower,0,7,16,0,23,0,0,88,0,88,0,7,104,0,111,126,0,126,237
06/27/2008,DET,MI,AGL,CE,Federal Contract Tower,0,14,38,0,52,0,0,78,0,78,0,14,116,0,130,126,0,126,256
06/28/2008,DET,MI,AGL,CE,Federal Contract Tower,0,2,17,0,19,0,0,62,0,62,0,2,79,0,81,114,0,114,195
06/29/2008,DET,MI,AGL,CE,Federal Contract Tower,0,7,25,0,32,0,0,23,0,23,0,7,48,0,55,48,0,48,103
06/30/2008,DET,MI,AGL,CE,Federal Contract Tower,0,3,29,0,32,0,0,34,0,34,0,3,63,0,66,48,0,48,114
07/01/2008,DET,MI,AGL,CE,Federal Contract Tower,0,5,22,0,27,0,0,79,0,79,0,5,101,0,106,100,0,100,206
07/02/2008,DET,MI,AGL,CE,Federal Contract Tower,0,2,17,0,19,0,0,26,0,26,0,2,43,0,45,0,0,0,45
07/03/2008,DET,MI,AGL,CE,Federal Contract Tower,0,4,28,0,32,0,0,50,0,50,0,4,78,0,82,118,0,118,200
07/04/2008,DET,MI,AGL,CE,Federal Contract Tower,0,6,13,0,19,0,0,57,0,57,0,6,70,0,76,112,0,112,188
07/05/2008,DET,MI,AGL,CE,Federal Contract Tower,0,1,15,0,16,0,0,49,0,49,0,1,64,0,65,132,0,132,197
07/06/2008,DET,MI,AGL,CE,Federal Contract Tower,0,4,17,0,21,0,0,64,0,64,0,4,81,0,85,104,0,104,189
07/07/2008,DET,MI,AGL,CE,Federal Contract Tower,0,3,26,0,29,0,0,28,0,28,0,3,54,0,57,0,0,0,57
07/08/2008,DET,MI,AGL,CE,Federal Contract Tower,0,4,19,0,23,0,0,31,0,31,0,4,50,0,54,2,0,2,56
07/09/2008,DET,MI,AGL,CE,Federal Contract Tower,0,10,19,0,29,0,0,36,0,36,0,10,55,0,65,38,0,38,103
07/10/2008,DET,MI,AGL,CE,Federal Contract Tower,0,7,17,0,24,0,0,53,0,53,0,7,70,0,77,128,0,128,205
07/11/2008,DET,MI,AGL,CE,Federal Contract Tower,0,11,25,0,36,0,0,52,2,54,0,11,77,2,90,202,10,212,302
07/12/2008,DET,MI,AGL,CE,Federal Contract Tower,0,4,19,0,23,0,0,30,0,30,0,4,49,0,53,92,0,92,145
07/13/2008,DET,MI,AGL,CE,Federal Contract Tower,0,6,13,0,19,0,0,57,0,57,0,6,70,0,76,82,0,82,158
07/14/2008,DET,MI,AGL,CE,Federal Contract Tower,0,7,18,0,25,0,2,65,0,67,0,9,83,0,92,112,0,112,204
07/15/2008,DET,MI,AGL,CE,Federal Contract Tower,0,8,26,0,34,0,0,61,0,61,0,8,87,0,95,84,0,84,179
07/16/2008,DET,MI,AGL,CE,Federal Contract Tower,0,9,24,0,33,0,0,64,0,64,0,9,88,0,97,172,0,172,269
07/17/2008,DET,MI,AGL,CE,Federal Contract Tower,0,18,20,0,38,0,0,59,0,59,0,18,79,0,97,136,0,136,233
07/18/2008,DET,MI,AGL,CE,Federal Contract Tower,0,15,20,0,35,0,0,50,0,50,0,15,70,0,85,138,0,138,223
07/19/2008,DET,MI,AGL,CE,Federal Contract Tower,0,3,9,0,12,0,0,36,0,36,0,3,45,0,48,92,0,92,140
07/20/2008,DET,MI,AGL,CE,Federal Contract Tower,0,7,13,0,20,0,0,28,0,28,0,7,41,0,48,80,0,80,128
07/21/2008,DET,MI,AGL,CE,Federal Contract Tower,0,9,16,0,25,0,0,23,6,29,0,9,39,6,54,10,0,10,64
07/22/2008,DET,MI,AGL,CE,Federal Contract Tower,0,10,19,0,29,0,2,31,0,33,0,12,50,0,62,34,0,34,96
07/23/2008,DET,MI,AGL,CE,Federal Contract Tower,0,7,26,0,33,0,0,37,2,39,0,7,63,2,72,40,0,40,112
07/24/2008,DET,MI,AGL,CE,Federal Contract Tower,0,10,18,0,28,0,0,59,0,59,0,10,77,0,87,102,0,102,189
07/25/2008,DET,MI,AGL,CE,Federal Contract Tower,0,6,29,0,35,0,0,49,0,49,0,6,78,0,84,114,0,114,198
07/26/2008,DET,MI,AGL,CE,Federal Contract Tower,0,8,12,0,20,0,0,60,0,60,0,8,72,0,80,178,0,178,258
07/27/2008,DET,MI,AGL,CE,Federal Contract Tower,0,7,22,0,29,0,0,61,0,61,0,7,83,0,90,80,0,80,170
07/28/2008,DET,MI,AGL,CE,Federal Contract Tower,0,5,29,0,34,0,0,28,0,28,0,5,57,0,62,40,0,40,102
07/29/2008,DET,MI,AGL,CE,Federal Contract Tower,0,4,31,0,35,0,0,52,0,52,0,4,83,0,87,62,0,62,149
07/30/2008,DET,MI,AGL,CE,Federal Contract Tower,0,2,15,1,18,0,0,61,0,61,0,2,76,1,79,126,0,126,205
07/31/2008,DET,MI,AGL,CE,Federal Contract Tower,0,10,32,0,42,0,0,73,0,73,0,10,105,0,115,116,0,116,231
08/01/2008,DET,MI,AGL,CE,Federal Contract Tower,0,8,21,0,29,0,0,54,0,54,0,8,75,0,83,92,0,92,175
08/02/2008,DET,MI,AGL,CE,Federal Contract Tower,0,13,18,0,31,0,0,51,0,51,0,13,69,0,82,130,0,130,212
08/03/2008,DET,MI,AGL,CE,Federal Contract Tower,0,10,19,0,29,0,2,59,0,61,0,12,78,0,90,58,0,58,148
08/04/2008,DET,MI,AGL,CE,Federal Contract Tower,0,5,18,0,23,0,0,44,0,44,0,5,62,0,67,44,0,44,111
08/05/2008,DET,MI,AGL,CE,Federal Contract Tower,0,8,9,0,17,0,0,42,0,42,0,8,51,0,59,74,0,74,133
08/06/2008,DET,MI,AGL,CE,Federal Contract Tower,0,8,19,0,27,0,0,51,0,51,0,8,70,0,78,98,28,126,204
08/07/2008,DET,MI,AGL,CE,Federal Contract Tower,0,12,33,0,45,0,0,65,0,65,0,12,98,0,110,130,0,130,240
08/08/2008,DET,MI,AGL,CE,Federal Contract Tower,0,12,26,0,38,0,1,47,0,48,0,13,73,0,86,94,0,94,180
08/09/2008,DET,MI,AGL,CE,Federal Contract Tower,0,0,20,0,20,0,0,43,0,43,0,0,63,0,63,96,0,96,159
08/10/2008,DET,MI,AGL,CE,Federal Contract Tower,0,3,18,0,21,0,0,33,0,33,0,3,51,0,54,82,0,82,136
08/11/2008,DET,MI,AGL,CE,Federal Contract Tower,0,4,26,0,30,0,1,43,0,44,0,5,69,0,74,36,0,36,110
08/12/2008,DET,MI,AGL,CE,Federal Contract Tower,0,13,27,0,40,0,0,64,0,64,0,13,91,0,104,32,0,32,136
08/13/2008,DET,MI,AGL,CE,Federal Contract Tower,0,10,37,0,47,0,5,37,0,42,0,15,74,0,89,116,0,116,205
08/14/2008,DET,MI,AGL,CE,Federal Contract Tower,0,14,25,0,39,0,0,57,0,57,0,14,82,0,96,132,0,132,228
08/15/2008,DET,MI,AGL,CE,Federal Contract Tower,0,9,23,0,32,0,0,21,0,21,0,9,44,0,53,78,0,78,131
08/16/2008,DET,MI,AGL,CE,Federal Contract Tower,0,1,18,0,19,0,0,50,0,50,0,1,68,0,69,94,0,94,163
08/17/2008,DET,MI,AGL,CE,Federal Contract Tower,0,2,16,0,18,0,0,55,0,55,0,2,71,0,73,58,0,58,131
08/18/2008,DET,MI,AGL,CE,Federal Contract Tower,0,4,22,0,26,0,0,45,0,45,0,4,67,0,71,100,0,100,171
08/20/2008,DET,MI,AGL,CE,Federal Contract Tower,0,5,18,0,23,0,0,56,0,56,0,5,74,0,79,106,0,106,185
08/21/2008,DET,MI,AGL,CE,Federal Contract Tower,0,8,30,0,38,0,0,109,0,109,0,8,139,0,147,154,0,154,301
08/22/2008,DET,MI,AGL,CE,Federal Contract Tower,0,10,29,0,39,0,0,39,0,39,0,10,68,0,78,124,0,124,202
08/23/2008,DET,MI,AGL,CE,Federal Contract Tower,0,3,10,0,13,0,0,14,0,14,0,3,24,0,27,42,0,42,69
08/24/2008,DET,MI,AGL,CE,Federal Contract Tower,0,5,14,0,19,0,0,29,4,33,0,5,43,4,52,46,0,46,98
08/25/2008,DET,MI,AGL,CE,Federal Contract Tower,0,2,19,0,21,0,0,42,0,42,0,2,61,0,63,54,0,54,117
08/26/2008,DET,MI,AGL,CE,Federal Contract Tower,0,15,22,0,37,0,0,64,0,64,0,15,86,0,101,64,0,64,165
08/27/2008,DET,MI,AGL,CE,Federal Contract Tower,0,6,29,0,35,0,0,77,0,77,0,6,106,0,112,102,0,102,214
08/28/2008,DET,MI,AGL,CE,Federal Contract Tower,0,11,41,0,52,0,0,59,0,59,0,11,100,0,111,122,0,122,233
08/29/2008,DET,MI,AGL,CE,Federal Contract Tower,0,6,29,0,35,0,0,35,2,37,0,6,64,2,72,74,0,74,146
08/30/2008,DET,MI,AGL,CE,Federal Contract Tower,0,2,20,0,22,0,0,84,0,84,0,2,104,0,106,122,0,122,228
08/31/2008,DET,MI,AGL,CE,Federal Contract Tower,0,2,15,0,17,0,0,61,0,61,0,2,76,0,78,92,0,92,170
09/01/2008,DET,MI,AGL,CE,Federal Contract Tower,0,7,19,0,26,0,0,110,0,110,0,7,129,0,136,184,0,184,320
09/02/2008,DET,MI,AGL,CE,Federal Contract Tower,0,5,11,4,20,0,0,88,0,88,0,5,99,4,108,106,0,106,214
09/03/2008,DET,MI,AGL,CE,Federal Contract Tower,0,2,36,0,38,0,0,95,0,95,0,2,131,0,133,154,0,154,287
09/04/2008,DET,MI,AGL,CE,Federal Contract Tower,0,10,20,0,30,0,0,85,2,87,0,10,105,2,117,178,0,178,295
09/05/2008,DET,MI,AGL,CE,Federal Contract Tower,0,14,23,0,37,0,0,48,0,48,0,14,71,0,85,78,0,78,163
09/06/2008,DET,MI,AGL,CE,Federal Contract Tower,0,3,13,0,16,0,0,54,0,54,0,3,67,0,70,120,0,120,190
09/07/2008,DET,MI,AGL,CE,Federal Contract Tower,0,5,5,0,10,0,0,46,0,46,0,5,51,0,56,40,0,40,96
09/08/2008,DET,MI,AGL,CE,Federal Contract Tower,0,4,22,0,26,0,0,80,0,80,0,4,102,0,106,160,0,160,266
09/09/2008,DET,MI,AGL,CE,Federal Contract Tower,0,8,20,0,28,0,0,78,0,78,0,8,98,0,106,176,0,176,282
09/10/2008,DET,MI,AGL,CE,Federal Contract Tower,0,5,19,0,24,0,0,71,0,71,0,5,90,0,95,184,0,184,279
09/11/2008,DET,MI,AGL,CE,Federal Contract Tower,0,12,32,0,44,0,0,91,0,91,0,12,123,0,135,140,0,140,275
09/12/2008,DET,MI,AGL,CE,Federal Contract Tower,0,2,22,0,24,0,0,16,0,16,0,2,38,0,40,0,0,0,40
09/13/2008,DET,MI,AGL,CE,Federal Contract Tower,0,4,16,0,20,0,0,0,0,0,0,4,16,0,20,0,0,0,20
09/14/2008,DET,MI,AGL,CE,Federal Contract Tower,0,7,16,0,23,0,0,24,0,24,0,7,40,0,47,58,0,58,105
09/15/2008,DET,MI,AGL,CE,Federal Contract Tower,0,6,14,0,20,0,0,91,0,91,0,6,105,0,111,190,0,190,301
09/16/2008,DET,MI,AGL,CE,Federal Contract Tower,0,11,21,0,32,0,0,63,0,63,0,11,84,0,95,136,0,136,231
09/17/2008,DET,MI,AGL,CE,Federal Contract Tower,0,7,29,0,36,0,1,73,0,74,0,8,102,0,110,124,0,124,234
09/18/2008,DET,MI,AGL,CE,Federal Contract Tower,2,9,24,0,35,0,0,112,0,112,2,9,136,0,147,166,0,166,313
09/19/2008,DET,MI,AGL,CE,Federal Contract Tower,0,12,27,0,39,0,2,66,0,68,0,14,93,0,107,124,0,124,231
09/20/2008,DET,MI,AGL,CE,Federal Contract Tower,0,2,15,0,17,0,0,60,0,60,0,2,75,0,77,174,0,174,251
09/21/2008,DET,MI,AGL,CE,Federal Contract Tower,0,5,21,0,26,0,0,78,0,78,0,5,99,0,104,154,0,154,258
09/22/2008,DET,MI,AGL,CE,Federal Contract Tower,0,6,21,0,27,0,0,66,0,66,0,6,87,0,93,76,0,76,169
09/23/2008,DET,MI,AGL,CE,Federal Contract Tower,0,5,14,0,19,0,0,123,0,123,0,5,137,0,142,132,0,132,274
09/24/2008,DET,MI,AGL,CE,Federal Contract Tower,0,12,39,2,53,0,1,85,0,86,0,13,124,2,139,144,0,144,283
09/25/2008,DET,MI,AGL,CE,Federal Contract Tower,0,5,29,4,38,0,0,59,0,59,0,5,88,4,97,146,0,146,243
09/26/2008,DET,MI,AGL,CE,Federal Contract Tower,0,10,22,0,32,0,0,70,0,70,0,10,92,0,102,110,0,110,212
09/27/2008,DET,MI,AGL,CE,Federal Contract Tower,0,2,14,0,16,0,0,35,0,35,0,2,49,0,51,66,0,66,117
09/28/2008,DET,MI,AGL,CE,Federal Contract Tower,0,6,16,0,22,0,0,66,0,66,0,6,82,0,88,154,0,154,242
09/29/2008,DET,MI,AGL,CE,Federal Contract Tower,0,5,19,0,24,0,0,97,0,97,0,5,116,0,121,186,0,186,307
09/30/2008,DET,MI,AGL,CE,Federal Contract Tower,0,6,9,0,15,0,1,70,0,71,0,7,79,0,86,130,0,130,216
10/01/2008,DET,MI,AGL,CE,Federal Contract Tower,0,20,30,0,50,0,2,95,0,97,0,22,125,0,147,122,0,122,269
10/02/2008,DET,MI,AGL,CE,Federal Contract Tower,0,14,13,0,27,0,0,45,0,45,0,14,58,0,72,70,0,70,142
10/03/2008,DET,MI,AGL,CE,Federal Contract Tower,0,7,16,0,23,0,0,65,0,65,0,7,81,0,88,138,0,138,226
10/04/2008,DET,MI,AGL,CE,Federal Contract Tower,0,4,16,0,20,0,0,87,0,87,0,4,103,0,107,146,0,146,253
10/05/2008,DET,MI,AGL,CE,Federal Contract Tower,0,5,12,0,17,0,0,97,0,97,0,5,109,0,114,214,0,214,328
10/06/2008,DET,MI,AGL,CE,Federal Contract Tower,0,2,11,0,13,0,0,97,0,97,0,2,108,0,110,176,0,176,286
10/07/2008,DET,MI,AGL,CE,Federal Contract Tower,0,3,9,0,12,0,0,109,0,109,0,3,118,0,121,198,0,198,319
10/08/2008,DET,MI,AGL,CE,Federal Contract Tower,0,4,22,0,26,0,0,89,0,89,0,4,111,0,115,102,0,102,217
10/09/2008,DET,MI,AGL,CE,Federal Contract Tower,0,4,33,0,37,0,0,35,0,35,0,4,68,0,72,116,0,116,188
10/10/2008,DET,MI,AGL,CE,Federal Contract Tower,0,18,18,0,36,0,0,63,0,63,0,18,81,0,99,138,0,138,237
10/11/2008,DET,MI,AGL,CE,Federal Contract Tower,0,1,9,0,10,0,0,64,0,64,0,1,73,0,74,100,0,100,174
10/12/2008,DET,MI,AGL,CE,Federal Contract Tower,0,3,13,0,16,0,0,92,0,92,0,3,105,0,108,146,0,146,254
10/13/2008,DET,MI,AGL,CE,Federal Contract Tower,0,4,17,0,21,0,0,89,0,89,0,4,106,0,110,208,0,208,318
10/14/2008,DET,MI,AGL,CE,Federal Contract Tower,0,14,21,0,35,0,0,123,0,123,0,14,144,0,158,194,0,194,352
10/15/2008,DET,MI,AGL,CE,Federal Contract Tower,2,11,46,2,61,0,0,142,0,142,2,11,188,2,203,168,0,168,371
10/16/2008,DET,MI,AGL,CE,Federal Contract Tower,0,7,33,0,40,0,0,52,0,52,0,7,85,0,92,90,0,90,182
10/17/2008,DET,MI,AGL,CE,Federal Contract Tower,0,6,31,0,37,0,1,41,0,42,0,7,72,0,79,120,0,120,199
10/18/2008,DET,MI,AGL,CE,Federal Contract Tower,0,1,7,0,8,0,0,50,0,50,0,1,57,0,58,90,0,90,148
10/19/2008,DET,MI,AGL,CE,Federal Contract Tower,0,10,8,0,18,0,0,101,0,101,0,10,109,0,119,198,0,198,317
10/20/2008,DET,MI,AGL,CE,Federal Contract Tower,0,5,15,0,20,0,0,71,0,71,0,5,86,0,91,158,0,158,249
10/21/2008,DET,MI,AGL,CE,Federal Contract Tower,0,8,21,0,29,0,0,120,0,120,0,8,141,0,149,150,0,150,299
10/22/2008,DET,MI,AGL,CE,Federal Contract Tower,0,6,38,2,46,0,0,116,0,116,0,6,154,2,162,136,0,136,298
10/23/2008,DET,MI,AGL,CE,Federal Contract Tower,0,10,35,0,45,0,0,95,0,95,0,10,130,0,140,108,0,108,248
10/24/2008,DET,MI,AGL,CE,Federal Contract Tower,0,9,34,0,43,0,0,53,0,53,0,9,87,0,96,92,0,92,188
10/25/2008,DET,MI,AGL,CE,Federal Contract Tower,0,4,19,0,23,0,0,37,0,37,0,4,56,0,60,88,0,88,148
10/26/2008,DET,MI,AGL,CE,Federal Contract Tower,0,1,20,0,21,0,0,65,0,65,0,1,85,0,86,164,0,164,250
10/27/2008,DET,MI,AGL,CE,Federal Contract Tower,0,9,27,0,36,0,0,41,0,41,0,9,68,0,77,84,0,84,161
10/28/2008,DET,MI,AGL,CE,Federal Contract Tower,0,9,15,0,24,0,0,81,0,81,0,9,96,0,105,162,2,164,269
10/29/2008,DET,MI,AGL,CE,Federal Contract Tower,0,2,35,0,37,0,0,93,0,93,0,2,128,0,130,134,0,134,264
10/30/2008,DET,MI,AGL,CE,Federal Contract Tower,0,21,37,0,58,0,0,83,0,83,0,21,120,0,141,138,0,138,279
10/31/2008,DET,MI,AGL,CE,Federal Contract Tower,0,4,23,0,27,0,0,61,0,61,0,4,84,0,88,102,0,102,190
11/01/2008,DET,MI,AGL,CE,Federal Contract Tower,0,1,10,0,11,0,0,47,0,47,0,1,57,0,58,190,0,190,248
11/02/2008,DET,MI,AGL,CE,Federal Contract Tower,0,5,14,0,19,0,0,73,0,73,0,5,87,0,92,188,2,190,282
11/03/2008,DET,MI,AGL,CE,Federal Contract Tower,0,1,10,0,11,0,0,66,0,66,0,1,76,0,77,108,0,108,185
11/04/2008,DET,MI,AGL,CE,Federal Contract Tower,0,6,13,0,19,0,2,31,0,33,0,8,44,0,52,0,0,0,52
11/05/2008,DET,MI,AGL,CE,Federal Contract Tower,0,6,28,0,34,0,0,78,0,78,0,6,106,0,112,154,0,154,266
11/06/2008,DET,MI,AGL,CE,Federal Contract Tower,0,9,40,0,49,0,0,104,0,104,0,9,144,0,153,122,0,122,275
11/07/2008,DET,MI,AGL,CE,Federal Contract Tower,0,8,21,0,29,0,0,44,0,44,0,8,65,0,73,112,0,112,185
11/08/2008,DET,MI,AGL,CE,Federal Contract Tower,0,1,8,0,9,0,0,27,0,27,0,1,35,0,36,22,0,22,58
11/09/2008,DET,MI,AGL,CE,Federal Contract Tower,0,4,11,0,15,0,0,91,0,91,0,4,102,0,106,126,0,126,232
11/10/2008,DET,MI,AGL,CE,Federal Contract Tower,0,4,11,0,15,0,0,105,0,105,0,4,116,0,120,202,0,202,322
11/11/2008,DET,MI,AGL,CE,Federal Contract Tower,0,9,19,0,28,0,0,85,0,85,0,9,104,0,113,192,0,192,305
11/12/2008,DET,MI,AGL,CE,Federal Contract Tower,0,3,14,0,17,0,0,46,0,46,0,3,60,0,63,90,0,90,153
11/13/2008,DET,MI,AGL,CE,Federal Contract Tower,0,1,20,0,21,0,0,9,0,9,0,1,29,0,30,56,0,56,86
11/14/2008,DET,MI,AGL,CE,Federal Contract Tower,0,6,27,0,33,0,0,2,0,2,0,6,29,0,35,0,0,0,35
11/15/2008,DET,MI,AGL,CE,Federal Contract Tower,0,2,5,0,7,0,0,0,0,0,0,2,5,0,7,0,0,0,7
11/16/2008,DET,MI,AGL,CE,Federal Contract Tower,0,7,7,0,14,0,0,16,0,16,0,7,23,0,30,16,0,16,46
11/17/2008,DET,MI,AGL,CE,Federal Contract Tower,0,8,11,0,19,0,0,47,0,47,0,8,58,0,66,154,0,154,220
11/18/2008,DET,MI,AGL,CE,Federal Contract Tower,0,6,26,0,32,0,0,92,0,92,0,6,118,0,124,138,0,138,262
11/19/2008,DET,MI,AGL,CE,Federal Contract Tower,0,15,19,0,34,0,0,64,0,64,0,15,83,0,98,76,0,76,174
11/20/2008,DET,MI,AGL,CE,Federal Contract Tower,0,2,17,0,19,0,0,40,0,40,0,2,57,0,59,132,0,132,191
11/21/2008,DET,MI,AGL,CE,Federal Contract Tower,0,2,14,0,16,0,0,35,0,35,0,2,49,0,51,104,0,104,155
11/22/2008,DET,MI,AGL,CE,Federal Contract Tower,0,1,10,0,11,0,0,72,0,72,0,1,82,0,83,110,0,110,193
11/23/2008,DET,MI,AGL,CE,Federal Contract Tower,0,5,11,0,16,0,0,67,0,67,0,5,78,0,83,190,0,190,273
11/24/2008,DET,MI,AGL,CE,Federal Contract Tower,0,1,7,0,8,0,0,62,0,62,0,1,69,0,70,0,0,0,70
11/25/2008,DET,MI,AGL,CE,Federal Contract Tower,0,6,12,0,18,0,90,0,0,90,0,96,12,0,108,104,0,104,212
11/26/2008,DET,MI,AGL,CE,Federal Contract Tower,0,5,19,0,24,0,0,87,0,87,0,5,106,0,111,96,0,96,207
11/27/2008,DET,MI,AGL,CE,Federal Contract Tower,0,6,5,0,11,0,0,84,0,84,0,6,89,0,95,136,0,136,231
11/28/2008,DET,MI,AGL,CE,Federal Contract Tower,0,0,8,0,8,0,0,38,0,38,0,0,46,0,46,0,0,0,46
11/29/2008,DET,MI,AGL,CE,Federal Contract Tower,0,2,14,0,16,0,0,96,0,96,0,2,110,0,112,126,0,126,238
11/30/2008,DET,MI,AGL,CE,Federal Contract Tower,0,5,15,0,20,0,0,8,0,8,0,5,23,0,28,0,0,0,28
12/01/2008,DET,MI,AGL,CE,Federal Contract Tower,0,5,5,0,10,0,0,54,0,54,0,5,59,0,64,142,0,142,206
12/02/2008,DET,MI,AGL,CE,Federal Contract Tower,0,6,20,0,26,0,0,79,0,79,0,6,99,0,105,106,0,106,211
12/03/2008,DET,MI,AGL,CE,Federal Contract Tower,0,15,33,0,48,0,0,54,0,54,0,15,87,0,102,134,0,134,236
12/04/2008,DET,MI,AGL,CE,Federal Contract Tower,0,11,22,0,33,0,0,39,0,39,0,11,61,0,72,88,0,88,160
12/05/2008,DET,MI,AGL,CE,Federal Contract Tower,0,9,16,1,26,0,10,0,0,10,0,19,16,1,36,46,0,46,82
12/06/2008,DET,MI,AGL,CE,Federal Contract Tower,0,6,4,2,12,0,0,1,0,1,0,6,5,2,13,0,0,0,13
12/07/2008,DET,MI,AGL,CE,Federal Contract Tower,0,2,7,0,9,0,0,73,0,73,0,2,80,0,82,142,0,142,224
12/08/2008,DET,MI,AGL,CE,Federal Contract Tower,0,0,11,0,11,0,0,57,0,57,0,0,68,0,68,92,0,92,160
12/09/2008,DET,MI,AGL,CE,Federal Contract Tower,0,6,12,0,18,0,0,35,0,35,0,6,47,0,53,72,0,72,125
12/10/2008,DET,MI,AGL,CE,Federal Contract Tower,0,2,20,0,22,0,0,53,0,53,0,2,73,0,75,102,0,102,177
12/11/2008,DET,MI,AGL,CE,Federal Contract Tower,0,11,21,0,32,0,0,48,0,48,0,11,69,0,80,150,0,150,230
12/12/2008,DET,MI,AGL,CE,Federal Contract Tower,0,16,15,0,31,0,0,16,0,16,0,16,31,0,47,64,0,64,111
12/13/2008,DET,MI,AGL,CE,Federal Contract Tower,0,1,12,0,13,0,0,44,0,44,0,1,56,0,57,156,0,156,213
12/14/2008,DET,MI,AGL,CE,Federal Contract Tower,0,2,7,0,9,0,0,58,0,58,0,2,65,0,67,140,0,140,207
12/15/2008,DET,MI,AGL,CE,Federal Contract Tower,0,1,11,0,12,0,0,65,0,65,0,1,76,0,77,122,0,122,199
12/16/2008,DET,MI,AGL,CE,Federal Contract Tower,0,2,29,0,31,0,0,63,0,63,0,2,92,0,94,82,0,82,176
12/17/2008,DET,MI,AGL,CE,Federal Contract Tower,0,2,23,0,25,0,0,25,0,25,0,2,48,0,50,70,0,70,120
12/18/2008,DET,MI,AGL,CE,Federal Contract Tower,0,5,21,0,26,0,0,34,0,34,0,5,55,0,60,60,0,60,120
12/19/2008,DET,MI,AGL,CE,Federal Contract Tower,0,0,6,0,6,0,4,0,0,4,0,4,6,0,10,2,0,2,12
12/20/2008,DET,MI,AGL,CE,Federal Contract Tower,0,3,12,0,15,0,0,20,0,20,0,3,32,0,35,8,0,8,43
12/21/2008,DET,MI,AGL,CE,Federal Contract Tower,0,0,3,0,3,0,0,45,0,45,0,0,48,0,48,98,0,98,146
12/22/2008,DET,MI,AGL,CE,Federal Contract Tower,0,3,8,0,11,0,0,48,0,48,0,3,56,0,59,136,0,136,195
12/23/2008,DET,MI,AGL,CE,Federal Contract Tower,0,0,12,0,12,0,0,26,0,26,0,0,38,0,38,18,0,18,56
12/24/2008,DET,MI,AGL,CE,Federal Contract Tower,0,0,1,0,1,0,0,10,0,10,0,0,11,0,11,46,0,46,57
12/25/2008,DET,MI,AGL,CE,Federal Contract Tower,0,2,3,0,5,0,0,8,0,8,0,2,11,0,13,12,0,12,25
12/26/2008,DET,MI,AGL,CE,Federal Contract Tower,0,3,11,0,14,0,0,9,0,9,0,3,20,0,23,0,0,0,23
12/27/2008,DET,MI,AGL,CE,Federal Contract Tower,0,9,9,0,18,0,0,32,0,32,0,9,41,0,50,74,0,74,124
12/28/2008,DET,MI,AGL,CE,Federal Contract Tower,0,6,5,0,11,0,0,50,0,50,0,6,55,0,61,136,0,136,197
12/29/2008,DET,MI,AGL,CE,Federal Contract Tower,0,3,8,0,11,0,0,54,0,54,0,3,62,0,65,128,0,128,193
12/30/2008,DET,MI,AGL,CE,Federal Contract Tower,0,4,16,0,20,0,0,73,0,73,0,4,89,0,93,86,0,86,179
12/31/2008,DET,MI,AGL,CE,Federal Contract Tower,0,3,4,0,7,0,0,17,0,17,0,3,21,0,24,86,0,86,110
01/01/2009,DET,MI,AGL,CE,Federal Contract Tower,0,2,5,0,7,0,0,16,0,16,0,2,21,0,23,78,0,78,101
01/02/2009,DET,MI,AGL,CE,Federal Contract Tower,0,1,6,0,7,0,0,49,0,49,0,1,55,0,56,70,0,70,126
01/03/2009,DET,MI,AGL,CE,Federal Contract Tower,0,5,9,0,14,0,0,68,0,68,0,5,77,0,82,230,0,230,312
01/04/2009,DET,MI,AGL,CE,Federal Contract Tower,0,4,13,0,17,0,0,9,0,9,0,4,22,0,26,4,0,4,30
01/05/2009,DET,MI,AGL,CE,Federal Contract Tower,0,0,8,0,8,0,0,62,0,62,0,0,70,0,70,118,0,118,188
01/06/2009,DET,MI,AGL,CE,Federal Contract Tower,0,4,20,0,24,0,0,42,0,42,0,4,62,0,66,66,0,66,132
01/07/2009,DET,MI,AGL,CE,Federal Contract Tower,0,0,6,0,6,0,0,0,0,0,0,0,6,0,6,0,0,0,6
01/08/2009,DET,MI,AGL,CE,Federal Contract Tower,0,5,18,0,23,0,0,46,0,46,0,5,64,0,69,78,0,78,147
01/09/2009,DET,MI,AGL,CE,Federal Contract Tower,0,6,10,0,16,0,0,19,0,19,0,6,29,0,35,38,0,38,73
01/10/2009,DET,MI,AGL,CE,Federal Contract Tower,0,0,3,0,3,0,0,0,0,0,0,0,3,0,3,0,0,0,3
01/11/2009,DET,MI,AGL,CE,Federal Contract Tower,0,6,13,0,19,0,0,53,0,53,0,6,66,0,72,178,0,178,250
01/12/2009,DET,MI,AGL,CE,Federal Contract Tower,0,8,15,0,23,0,0,75,0,75,0,8,90,0,98,130,0,130,228
01/13/2009,DET,MI,AGL,CE,Federal Contract Tower,0,3,1,0,4,0,0,25,0,25,0,3,26,0,29,50,0,50,79
01/14/2009,DET,MI,AGL,CE,Federal Contract Tower,0,4,19,0,23,0,0,16,0,16,0,4,35,0,39,26,0,26,65
01/15/2009,DET,MI,AGL,CE,Federal Contract Tower,0,2,28,0,30,0,0,29,0,29,0,2,57,0,59,66,0,66,125
01/16/2009,DET,MI,AGL,CE,Federal Contract Tower,0,2,13,0,15,0,0,60,0,60,0,2,73,0,75,114,2,116,191
01/17/2009,DET,MI,AGL,CE,Federal Contract Tower,0,0,8,0,8,0,0,0,0,0,0,0,8,0,8,0,0,0,8
01/18/2009,DET,MI,AGL,CE,Federal Contract Tower,0,0,6,0,6,0,0,52,0,52,0,0,58,0,58,134,0,134,192
01/19/2009,DET,MI,AGL,CE,Federal Contract Tower,0,2,16,0,18,0,0,82,0,82,0,2,98,0,100,114,0,114,214
01/20/2009,DET,MI,AGL,CE,Federal Contract Tower,0,2,14,0,16,0,0,49,0,49,0,2,63,0,65,102,0,102,167
01/21/2009,DET,MI,AGL,CE,Federal Contract Tower,0,3,14,0,17,0,0,25,0,25,0,3,39,0,42,104,0,104,146
01/22/2009,DET,MI,AGL,CE,Federal Contract Tower,0,5,21,0,26,0,0,34,0,34,0,5,55,0,60,130,0,130,190
01/23/2009,DET,MI,AGL,CE,Federal Contract Tower,0,2,7,0,9,0,0,46,0,46,0,2,53,0,55,164,0,164,219
01/24/2009,DET,MI,AGL,CE,Federal Contract Tower,0,1,10,0,11,0,1,52,0,53,0,2,62,0,64,150,0,150,214
01/25/2009,DET,MI,AGL,CE,Federal Contract Tower,0,4,12,0,16,0,0,69,0,69,0,4,81,0,85,188,0,188,273
01/26/2009,DET,MI,AGL,CE,Federal Contract Tower,0,6,17,2,25,0,0,90,0,90,0,6,107,2,115,150,0,150,265
01/27/2009,DET,MI,AGL,CE,Federal Contract Tower,0,1,7,0,8,0,0,33,0,33,0,1,40,0,41,114,0,114,155
01/28/2009,DET,MI,AGL,CE,Federal Contract Tower,0,1,8,0,9,0,0,15,2,17,0,1,23,2,26,2,0,2,28
01/29/2009,DET,MI,AGL,CE,Federal Contract Tower,0,8,13,0,21,0,0,26,0,26,0,8,39,0,47,92,0,92,139
01/30/2009,DET,MI,AGL,CE,Federal Contract Tower,0,9,11,0,20,0,0,32,0,32,0,9,43,0,52,82,0,82,134
01/31/2009,DET,MI,AGL,CE,Federal Contract Tower,0,0,1,0,1,0,0,62,0,62,0,0,63,0,63,118,0,118,181
02/01/2009,DET,MI,AGL,CE,Federal Contract Tower,0,2,9,0,11,0,0,99,0,99,0,2,108,0,110,242,0,242,352
02/02/2009,DET,MI,AGL,CE,Federal Contract Tower,0,2,18,0,20,0,0,85,0,85,0,2,103,0,105,126,0,126,231
02/03/2009,DET,MI,AGL,CE,Federal Contract Tower,0,2,0,0,2,0,0,59,0,59,0,2,59,0,61,106,0,106,167
02/04/2009,DET,MI,AGL,CE,Federal Contract Tower,0,2,11,0,13,0,0,28,0,28,0,2,39,0,41,92,0,92,133
02/05/2009,DET,MI,AGL,CE,Federal Contract Tower,0,2,13,0,15,0,0,53,0,53,0,2,66,0,68,108,0,108,176
02/06/2009,DET,MI,AGL,CE,Federal Contract Tower,0,3,11,0,14,0,0,30,0,30,0,3,41,0,44,140,0,140,184
02/07/2009,DET,MI,AGL,CE,Federal Contract Tower,0,0,1,0,1,0,0,55,0,55,0,0,56,0,56,112,0,112,168
02/08/2009,DET,MI,AGL,CE,Federal Contract Tower,0,1,5,0,6,0,0,71,0,71,0,1,76,0,77,212,0,212,289
02/09/2009,DET,MI,AGL,CE,Federal Contract Tower,0,2,18,0,20,0,0,60,0,60,0,2,78,0,80,130,0,130,210
02/10/2009,DET,MI,AGL,CE,Federal Contract Tower,0,5,24,0,29,0,0,39,0,39,0,5,63,0,68,90,0,90,158
02/11/2009,DET,MI,AGL,CE,Federal Contract Tower,0,4,19,0,23,0,0,11,0,11,0,4,30,0,34,0,0,0,34
02/12/2009,DET,MI,AGL,CE,Federal Contract Tower,0,7,17,0,24,0,0,31,0,31,0,7,48,0,55,50,0,50,105
02/13/2009,DET,MI,AGL,CE,Federal Contract Tower,0,3,5,0,8,0,0,54,0,54,0,3,59,0,62,128,0,128,190
02/14/2009,DET,MI,AGL,CE,Federal Contract Tower,0,4,10,0,14,0,0,44,0,44,0,4,54,0,58,148,0,148,206
02/15/2009,DET,MI,AGL,CE,Federal Contract Tower,0,2,6,0,8,0,0,75,0,75,0,2,81,0,83,204,0,204,287
02/16/2009,DET,MI,AGL,CE,Federal Contract Tower,0,2,10,0,12,0,0,63,0,63,0,2,73,0,75,118,0,118,193
02/17/2009,DET,MI,AGL,CE,Federal Contract Tower,0,7,15,0,22,0,0,35,0,35,0,7,50,0,57,94,0,94,151
02/18/2009,DET,MI,AGL,CE,Federal Contract Tower,0,9,9,0,18,0,0,12,0,12,0,9,21,0,30,40,0,40,70
02/19/2009,DET,MI,AGL,CE,Federal Contract Tower,0,1,6,0,7,0,0,9,2,11,0,1,15,2,18,2,0,2,20
02/20/2009,DET,MI,AGL,CE,Federal Contract Tower,0,6,5,0,11,0,0,14,0,14,0,6,19,0,25,18,0,18,43
02/21/2009,DET,MI,AGL,CE,Federal Contract Tower,0,3,1,0,4,0,0,15,0,15,0,3,16,0,19,60,0,60,79
02/22/2009,DET,MI,AGL,CE,Federal Contract Tower,0,4,9,0,13,0,0,61,0,61,0,4,70,0,74,190,0,190,264
02/23/2009,DET,MI,AGL,CE,Federal Contract Tower,0,1,11,0,12,0,0,40,0,40,0,1,51,0,52,112,0,112,164
02/24/2009,DET,MI,AGL,CE,Federal Contract Tower,0,2,16,0,18,0,0,47,3,50,0,2,63,3,68,130,0,130,198
02/25/2009,DET,MI,AGL,CE,Federal Contract Tower,0,12,17,0,29,0,0,51,0,51,0,12,68,0,80,104,0,104,184
02/26/2009,DET,MI,AGL,CE,Federal Contract Tower,0,5,13,0,18,0,0,12,0,12,0,5,25,0,30,20,0,20,50
02/27/2009,DET,MI,AGL,CE,Federal Contract Tower,0,0,14,0,14,0,1,3,0,4,0,1,17,0,18,0,0,0,18
02/28/2009,DET,MI,AGL,CE,Federal Contract Tower,0,8,7,0,15,0,0,58,0,58,0,8,65,0,73,144,0,144,217
03/01/2009,DET,MI,AGL,CE,Federal Contract Tower,0,1,8,0,9,0,0,41,0,41,0,1,49,0,50,174,0,174,224
03/02/2009,DET,MI,AGL,CE,Federal Contract Tower,0,4,13,0,17,0,0,46,0,46,0,4,59,0,63,162,0,162,225
03/03/2009,DET,MI,AGL,CE,Federal Contract Tower,0,2,6,0,8,0,1,26,0,27,0,3,32,0,35,78,0,78,113
03/04/2009,DET,MI,AGL,CE,Federal Contract Tower,0,4,5,0,9,0,0,39,0,39,0,4,44,0,48,180,0,180,228
03/05/2009,DET,MI,AGL,CE,Federal Contract Tower,0,4,13,0,17,0,12,35,0,47,0,16,48,0,64,58,0,58,122
03/06/2009,DET,MI,AGL,CE,Federal Contract Tower,0,3,11,0,14,0,0,1,0,1,0,3,12,0,15,18,0,18,33
03/07/2009,DET,MI,AGL,CE,Federal Contract Tower,0,0,17,0,17,0,0,0,0,0,0,0,17,0,17,0,0,0,17
03/08/2009,DET,MI,AGL,CE,Federal Contract Tower,0,0,6,0,6,0,0,0,0,0,0,0,6,0,6,0,0,0,6
03/09/2009,DET,MI,AGL,CE,Federal Contract Tower,0,5,14,0,19,0,0,47,0,47,0,5,61,0,66,118,0,118,184
03/10/2009,DET,MI,AGL,CE,Federal Contract Tower,0,4,16,0,20,0,0,14,0,14,0,4,30,0,34,0,0,0,34
03/11/2009,DET,MI,AGL,CE,Federal Contract Tower,0,3,8,0,11,0,0,31,0,31,0,3,39,0,42,42,0,42,84
03/12/2009,DET,MI,AGL,CE,Federal Contract Tower,0,9,15,0,24,0,0,13,0,13,0,9,28,0,37,90,0,90,127
03/13/2009,DET,MI,AGL,CE,Federal Contract Tower,0,7,12,0,19,0,0,63,0,63,0,7,75,0,82,234,0,234,316
03/14/2009,DET,MI,AGL,CE,Federal Contract Tower,0,0,5,0,5,0,1,71,0,72,0,1,76,0,77,158,0,158,235
03/15/2009,DET,MI,AGL,CE,Federal Contract Tower,0,4,12,0,16,0,0,90,0,90,0,4,102,0,106,192,0,192,298
03/16/2009,DET,MI,AGL,CE,Federal Contract Tower,0,5,26,0,31,0,0,53,0,53,0,5,79,0,84,142,0,142,226
03/17/2009,DET,MI,AGL,CE,Federal Contract Tower,0,5,11,0,16,0,0,46,0,46,0,5,57,0,62,96,0,96,158
03/18/2009,DET,MI,AGL,CE,Federal Contract Tower,0,0,10,0,10,0,2,57,0,59,0,2,67,0,69,84,0,84,153
03/19/2009,DET,MI,AGL,CE,Federal Contract Tower,0,7,7,0,14,0,0,39,0,39,0,7,46,0,53,140,0,140,193
03/20/2009,DET,MI,AGL,CE,Federal Contract Tower,0,0,15,0,15,0,0,66,0,66,0,0,81,0,81,186,4,190,271
03/21/2009,DET,MI,AGL,CE,Federal Contract Tower,0,4,7,0,11,0,0,59,0,59,0,4,66,0,70,234,0,234,304
03/22/2009,DET,MI,AGL,CE,Federal Contract Tower,0,4,12,0,16,0,0,9,0,9,0,4,21,0,25,0,0,0,25
03/23/2009,DET,MI,AGL,CE,Federal Contract Tower,0,0,6,0,6,0,0,60,0,60,0,0,66,0,66,134,0,134,200
03/24/2009,DET,MI,AGL,CE,Federal Contract Tower,0,5,15,0,20,0,0,63,0,63,0,5,78,0,83,80,0,80,163
03/25/2009,DET,MI,AGL,CE,Federal Contract Tower,0,0,13,0,13,0,0,28,0,28,0,0,41,0,41,44,0,44,85
03/26/2009,DET,MI,AGL,CE,Federal Contract Tower,0,1,9,0,10,0,1,26,0,27,0,2,35,0,37,112,0,112,149
03/27/2009,DET,MI,AGL,CE,Federal Contract Tower,0,2,4,0,6,0,0,42,0,42,0,2,46,0,48,226,0,226,274
03/28/2009,DET,MI,AGL,CE,Federal Contract Tower,0,4,1,0,5,0,0,70,0,70,0,4,71,0,75,246,0,246,321
03/29/2009,DET,MI,AGL,CE,Federal Contract Tower,0,2,9,0,11,0,0,28,0,28,0,2,37,0,39,100,0,100,139
03/30/2009,DET,MI,AGL,CE,Federal Contract Tower,0,1,16,0,17,0,0,49,0,49,0,1,65,0,66,132,0,132,198
03/31/2009,DET,MI,AGL,CE,Federal Contract Tower,0,2,18,0,20,0,0,70,0,70,0,2,88,0,90,94,0,94,184
04/01/2009,DET,MI,AGL,CE,Federal Contract Tower,0,6,16,0,22,0,0,31,1,32,0,6,47,1,54,38,0,38,92
04/02/2009,DET,MI,AGL,CE,Federal Contract Tower,0,4,25,0,29,0,0,27,0,27,0,4,52,0,56,58,0,58,114
04/03/2009,DET,MI,AGL,CE,Federal Contract Tower,0,12,47,0,59,0,0,19,6,25,0,12,66,6,84,0,0,0,84
04/04/2009,DET,MI,AGL,CE,Federal Contract Tower,0,45,64,0,109,0,0,86,21,107,0,45,150,21,216,196,0,196,412
04/05/2009,DET,MI,AGL,CE,Federal Contract Tower,0,31,67,0,98,0,0,73,4,77,0,31,140,4,175,132,0,132,307
04/06/2009,DET,MI,AGL,CE,Federal Contract Tower,0,19,35,0,54,0,0,0,0,0,0,19,35,0,54,0,0,0,54
04/07/2009,DET,MI,AGL,CE,Federal Contract Tower,0,27,58,0,85,0,0,43,0,43,0,27,101,0,128,70,0,70,198
04/08/2009,DET,MI,AGL,CE,Federal Contract Tower,0,6,13,0,19,0,0,50,0,50,0,6,63,0,69,56,0,56,125
04/09/2009,DET,MI,AGL,CE,Federal Contract Tower,0,9,17,0,26,0,0,38,0,38,0,9,55,0,64,106,0,106,170
04/10/2009,DET,MI,AGL,CE,Federal Contract Tower,0,4,7,0,11,0,0,55,0,55,0,4,62,0,66,192,0,192,258
04/11/2009,DET,MI,AGL,CE,Federal Contract Tower,0,2,9,0,11,0,0,65,0,65,0,2,74,0,76,198,0,198,274
04/12/2009,DET,MI,AGL,CE,Federal Contract Tower,0,0,0,0,0,0,0,62,0,62,0,0,62,0,62,210,0,210,272
04/13/2009,DET,MI,AGL,CE,Federal Contract Tower,0,2,12,0,14,0,0,55,0,55,0,2,67,0,69,98,0,98,167
04/14/2009,DET,MI,AGL,CE,Federal Contract Tower,0,2,5,0,7,0,2,44,0,46,0,4,49,0,53,64,0,64,117
04/15/2009,DET,MI,AGL,CE,Federal Contract Tower,0,1,12,0,13,0,0,36,0,36,0,1,48,0,49,30,0,30,79
04/16/2009,DET,MI,AGL,CE,Federal Contract Tower,0,3,25,0,28,0,0,24,0,24,0,3,49,0,52,14,0,14,66
04/17/2009,DET,MI,AGL,CE,Federal Contract Tower,0,4,20,0,24,0,0,70,0,70,0,4,90,0,94,0,226,226,320
04/18/2009,DET,MI,AGL,CE,Federal Contract Tower,0,0,7,0,7,0,0,68,0,68,0,0,75,0,75,184,0,184,259
04/19/2009,DET,MI,AGL,CE,Federal Contract Tower,0,2,14,0,16,0,0,55,0,55,0,2,69,0,71,144,0,144,215
04/20/2009,DET,MI,AGL,CE,Federal Contract Tower,0,1,13,0,14,0,0,0,0,0,0,1,13,0,14,0,0,0,14
04/21/2009,DET,MI,AGL,CE,Federal Contract Tower,0,7,14,0,21,0,0,56,0,56,0,7,70,0,77,86,0,86,163
04/22/2009,DET,MI,AGL,CE,Federal Contract Tower,0,4,39,0,43,0,0,46,0,46,0,4,85,0,89,38,0,38,127
04/23/2009,DET,MI,AGL,CE,Federal Contract Tower,0,9,7,0,16,0,1,64,0,65,0,10,71,0,81,72,0,72,153
04/24/2009,DET,MI,AGL,CE,Federal Contract Tower,0,3,10,0,13,0,0,65,0,65,0,3,75,0,78,168,0,168,246
04/25/2009,DET,MI,AGL,CE,Federal Contract Tower,0,3,9,0,12,0,0,70,0,70,0,3,79,0,82,186,0,186,268
04/26/2009,DET,MI,AGL,CE,Federal Contract Tower,0,4,10,0,14,0,0,63,0,63,0,4,73,0,77,148,0,148,225
04/27/2009,DET,MI,AGL,CE,Federal Contract Tower,0,2,11,0,13,0,0,43,0,43,0,2,54,0,56,110,0,110,166
04/28/2009,DET,MI,AGL,CE,Federal Contract Tower,0,8,27,0,35,0,0,62,0,62,0,8,89,0,97,56,0,56,153
04/29/2009,DET,MI,AGL,CE,Federal Contract Tower,0,5,15,0,20,0,0,53,3,56,0,5,68,3,76,44,0,44,120
04/30/2009,DET,MI,AGL,CE,Federal Contract Tower,0,2,12,0,14,0,0,0,0,0,0,2,12,0,14,6,0,6,20
05/01/2009,DET,MI,AGL,CE,Federal Contract Tower,0,6,18,0,24,0,0,42,2,44,0,6,60,2,68,182,0,182,250
05/02/2009,DET,MI,AGL,CE,Federal Contract Tower,0,0,5,0,5,0,0,102,0,102,0,0,107,0,107,244,0,244,351
05/03/2009,DET,MI,AGL,CE,Federal Contract Tower,0,16,0,0,16,0,0,76,0,76,0,16,76,0,92,156,0,156,248
05/04/2009,DET,MI,AGL,CE,Federal Contract Tower,0,4,11,0,15,0,0,74,0,74,0,4,85,0,89,82,0,82,171
05/05/2009,DET,MI,AGL,CE,Federal Contract Tower,0,4,16,0,20,0,0,62,2,64,0,4,78,2,84,100,0,100,184
05/06/2009,DET,MI,AGL,CE,Federal Contract Tower,0,7,11,0,18,0,0,32,0,32,0,7,43,0,50,36,0,36,86
05/07/2009,DET,MI,AGL,CE,Federal Contract Tower,0,5,12,0,17,0,0,25,0,25,0,5,37,0,42,0,0,0,42
05/08/2009,DET,MI,AGL,CE,Federal Contract Tower,0,2,18,0,20,0,0,65,0,65,0,2,83,0,85,202,0,202,287
05/09/2009,DET,MI,AGL,CE,Federal Contract Tower,0,1,7,0,8,0,100,0,0,100,0,101,7,0,108,160,0,160,268
05/10/2009,DET,MI,AGL,CE,Federal Contract Tower,0,2,18,0,20,0,0,54,0,54,0,2,72,0,74,128,0,128,202
05/11/2009,DET,MI,AGL,CE,Federal Contract Tower,0,7,10,0,17,0,0,64,0,64,0,7,74,0,81,152,0,152,233
05/12/2009,DET,MI,AGL,CE,Federal Contract Tower,0,2,27,0,29,0,0,120,0,120,0,2,147,0,149,78,0,78,227
05/13/2009,DET,MI,AGL,CE,Federal Contract Tower,0,6,23,0,29,0,0,68,0,68,0,6,91,0,97,80,0,80,177
05/14/2009,DET,MI,AGL,CE,Federal Contract Tower,0,4,15,0,19,0,0,58,0,58,0,4,73,0,77,182,0,182,259
05/15/2009,DET,MI,AGL,CE,Federal Contract Tower,0,4,27,0,31,0,0,101,0,101,0,4,128,0,132,156,0,156,288
05/16/2009,DET,MI,AGL,CE,Federal Contract Tower,0,2,10,0,12,0,0,86,0,86,0,2,96,0,98,166,0,166,264
05/17/2009,DET,MI,AGL,CE,Federal Contract Tower,0,7,18,0,25,0,0,56,0,56,0,7,74,0,81,162,0,162,243
05/18/2009,DET,MI,AGL,CE,Federal Contract Tower,0,1,19,0,20,0,0,55,0,55,0,1,74,0,75,122,0,122,197
05/19/2009,DET,MI,AGL,CE,Federal Contract Tower,0,16,16,0,32,0,0,82,0,82,0,16,98,0,114,100,0,100,214
05/20/2009,DET,MI,AGL,CE,Federal Contract Tower,0,7,28,0,35,0,0,61,0,61,0,7,89,0,96,130,0,130,226
05/21/2009,DET,MI,AGL,CE,Federal Contract Tower,0,4,11,0,15,0,0,75,0,75,0,4,86,0,90,170,0,170,260
05/22/2009,DET,MI,AGL,CE,Federal Contract Tower,0,4,24,0,28,0,0,101,0,101,0,4,125,0,129,202,0,202,331
05/23/2009,DET,MI,AGL,CE,Federal Contract Tower,0,0,13,0,13,0,0,96,0,96,0,0,109,0,109,190,0,190,299
05/24/2009,DET,MI,AGL,CE,Federal Contract Tower,0,4,13,0,17,0,0,69,0,69,0,4,82,0,86,108,0,108,194
05/25/2009,DET,MI,AGL,CE,Federal Contract Tower,0,0,15,0,15,0,0,35,0,35,0,0,50,0,50,50,0,50,100
05/26/2009,DET,MI,AGL,CE,Federal Contract Tower,0,7,20,0,27,0,0,74,0,74,0,7,94,0,101,152,0,152,253
05/27/2009,DET,MI,AGL,CE,Federal Contract Tower,0,5,22,0,27,0,0,9,0,9,0,5,31,0,36,0,0,0,36
05/28/2009,DET,MI,AGL,CE,Federal Contract Tower,0,3,16,0,19,0,0,55,0,55,0,3,71,0,74,172,0,172,246
05/29/2009,DET,MI,AGL,CE,Federal Contract Tower,0,8,19,0,27,0,0,101,0,101,0,8,120,0,128,216,0,216,344
05/30/2009,DET,MI,AGL,CE,Federal Contract Tower,0,8,18,0,26,0,0,65,0,65,0,8,83,0,91,196,0,196,287
05/31/2009,DET,MI,AGL,CE,Federal Contract Tower,0,7,23,0,30,0,0,52,0,52,0,7,75,0,82,124,0,124,206
06/01/2009,DET,MI,AGL,CE,Federal Contract Tower,0,6,19,0,25,0,0,31,0,31,0,6,50,0,56,28,0,28,84
06/02/2009,DET,MI,AGL,CE,Federal Contract Tower,0,1,10,0,11,0,0,66,0,66,0,1,76,0,77,154,0,154,231
06/03/2009,DET,MI,AGL,CE,Federal Contract Tower,0,0,22,0,22,0,0,36,0,36,0,0,58,0,58,144,0,144,202
06/04/2009,DET,MI,AGL,CE,Federal Contract Tower,0,5,24,0,29,0,0,85,0,85,0,5,109,0,114,250,0,250,364
06/05/2009,DET,MI,AGL,CE,Federal Contract Tower,0,0,31,0,31,0,0,120,0,120,0,0,151,0,151,248,0,248,399
06/06/2009,DET,MI,AGL,CE,Federal Contract Tower,0,12,28,0,40,0,0,70,0,70,0,12,98,0,110,112,0,112,222
06/07/2009,DET,MI,AGL,CE,Federal Contract Tower,0,10,34,0,44,0,0,52,0,52,0,10,86,0,96,158,0,158,254
06/08/2009,DET,MI,AGL,CE,Federal Contract Tower,0,1,17,0,18,0,0,41,0,41,0,1,58,0,59,0,0,0,59
06/09/2009,DET,MI,AGL,CE,Federal Contract Tower,0,2,17,0,19,0,0,78,0,78,0,2,95,0,97,214,0,214,311
06/10/2009,DET,MI,AGL,CE,Federal Contract Tower,0,1,19,0,20,0,1,61,0,62,0,2,80,0,82,136,0,136,218
06/11/2009,DET,MI,AGL,CE,Federal Contract Tower,0,0,21,0,21,0,0,52,0,52,0,0,73,0,73,156,0,156,229
06/12/2009,DET,MI,AGL,CE,Federal Contract Tower,0,16,48,0,64,0,0,91,0,91,0,16,139,0,155,148,0,148,303
06/13/2009,DET,MI,AGL,CE,Federal Contract Tower,0,14,50,0,64,0,0,102,0,102,0,14,152,0,166,164,0,164,330
06/14/2009,DET,MI,AGL,CE,Federal Contract Tower,0,10,36,0,46,0,0,62,0,62,0,10,98,0,108,204,0,204,312
06/15/2009,DET,MI,AGL,CE,Federal Contract Tower,0,10,21,0,31,0,0,52,0,52,0,10,73,0,83,156,0,156,239
06/16/2009,DET,MI,AGL,CE,Federal Contract Tower,0,4,23,0,27,0,0,120,0,120,0,4,143,0,147,170,0,170,317
06/17/2009,DET,MI,AGL,CE,Federal Contract Tower,0,2,31,0,33,0,0,8,0,8,0,2,39,0,41,36,0,36,77
06/18/2009,DET,MI,AGL,CE,Federal Contract Tower,0,4,23,0,27,0,0,122,0,122,0,4,145,0,149,238,0,238,387
06/19/2009,DET,MI,AGL,CE,Federal Contract Tower,0,2,18,0,20,0,0,81,0,81,0,2,99,0,101,172,0,172,273
06/20/2009,DET,MI,AGL,CE,Federal Contract Tower,0,0,12,0,12,0,0,90,0,90,0,0,102,0,102,124,0,124,226
06/21/2009,DET,MI,AGL,CE,Federal Contract Tower,0,2,13,0,15,0,0,59,0,59,0,2,72,0,74,208,0,208,282
06/22/2009,DET,MI,AGL,CE,Federal Contract Tower,0,1,19,0,20,0,0,61,0,61,0,1,80,0,81,118,0,118,199
06/23/2009,DET,MI,AGL,CE,Federal Contract Tower,0,9,22,0,31,0,0,135,0,135,0,9,157,0,166,220,0,220,386
06/24/2009,DET,MI,AGL,CE,Federal Contract Tower,0,6,25,0,31,0,0,140,0,140,0,6,165,0,171,68,0,68,239
06/25/2009,DET,MI,AGL,CE,Federal Contract Tower,0,2,13,0,15,0,0,91,0,91,0,2,104,0,106,150,0,150,256
06/26/2009,DET,MI,AGL,CE,Federal Contract Tower,0,5,20,0,25,0,0,106,0,106,0,5,126,0,131,250,0,250,381
06/27/2009,DET,MI,AGL,CE,Federal Contract Tower,0,3,5,0,8,0,0,59,0,59,0,3,64,0,67,150,0,150,217
06/28/2009,DET,MI,AGL,CE,Federal Contract Tower,0,0,10,0,10,0,0,34,0,34,0,0,44,0,44,88,0,88,132
06/29/2009,DET,MI,AGL,CE,Federal Contract Tower,0,2,10,0,12,0,0,96,0,96,0,2,106,0,108,140,0,140,248
06/30/2009,DET,MI,AGL,CE,Federal Contract Tower,0,5,11,0,16,0,0,53,0,53,0,5,64,0,69,56,0,56,125
07/01/2009,DET,MI,AGL,CE,Federal Contract Tower,0,10,12,0,22,0,0,55,0,55,0,10,67,0,77,86,0,86,163
07/02/2009,DET,MI,AGL,CE,Federal Contract Tower,0,8,16,0,24,0,0,84,0,84,0,8,100,0,108,142,0,142,250
07/03/2009,DET,MI,AGL,CE,Federal Contract Tower,0,0,18,0,18,0,0,70,0,70,0,0,88,0,88,160,0,160,248
07/04/2009,DET,MI,AGL,CE,Federal Contract Tower,0,0,4,0,4,0,0,48,0,48,0,0,52,0,52,86,0,86,138
07/05/2009,DET,MI,AGL,CE,Federal Contract Tower,0,2,11,0,13,0,0,41,0,41,0,2,52,0,54,98,0,98,152
07/06/2009,DET,MI,AGL,CE,Federal Contract Tower,0,0,8,0,8,0,0,81,0,81,0,0,89,0,89,182,0,182,271
07/07/2009,DET,MI,AGL,CE,Federal Contract Tower,0,4,12,0,16,0,2,34,0,36,0,6,46,0,52,58,0,58,110
07/08/2009,DET,MI,AGL,CE,Federal Contract Tower,0,4,10,0,14,0,0,73,0,73,0,4,83,0,87,192,0,192,279
07/09/2009,DET,MI,AGL,CE,Federal Contract Tower,0,11,18,0,29,0,0,113,0,113,0,11,131,0,142,168,0,168,310
07/10/2009,DET,MI,AGL,CE,Federal Contract Tower,0,1,21,0,22,0,0,70,0,70,0,1,91,0,92,220,0,220,312
07/11/2009,DET,MI,AGL,CE,Federal Contract Tower,0,6,12,0,18,0,0,62,0,62,0,6,74,0,80,130,0,130,210
07/12/2009,DET,MI,AGL,CE,Federal Contract Tower,0,4,22,0,26,0,1,51,0,52,0,5,73,0,78,88,0,88,166
07/13/2009,DET,MI,AGL,CE,Federal Contract Tower,0,0,10,0,10,0,0,73,0,73,0,0,83,0,83,112,0,112,195
07/14/2009,DET,MI,AGL,CE,Federal Contract Tower,0,2,7,0,9,0,0,51,0,51,0,2,58,0,60,18,0,18,78
07/15/2009,DET,MI,AGL,CE,Federal Contract Tower,0,2,26,0,28,0,0,146,0,146,0,2,172,0,174,233,0,233,407
07/16/2009,DET,MI,AGL,CE,Federal Contract Tower,0,6,21,0,27,0,0,108,0,108,0,6,129,0,135,248,0,248,383
07/17/2009,DET,MI,AGL,CE,Federal Contract Tower,0,7,14,2,23,0,0,76,0,76,0,7,90,2,99,134,0,134,233
07/18/2009,DET,MI,AGL,CE,Federal Contract Tower,0,4,11,0,15,0,0,74,0,74,0,4,85,0,89,200,0,200,289
07/19/2009,DET,MI,AGL,CE,Federal Contract Tower,0,4,14,0,18,0,0,33,0,33,0,4,47,0,51,72,0,72,123
07/20/2009,DET,MI,AGL,CE,Federal Contract Tower,0,9,14,0,23,0,0,101,0,101,0,9,115,0,124,126,0,126,250
07/21/2009,DET,MI,AGL,CE,Federal Contract Tower,0,8,25,0,33,0,0,58,0,58,0,8,83,0,91,104,0,104,195
07/22/2009,DET,MI,AGL,CE,Federal Contract Tower,0,2,21,0,23,0,2,92,0,94,0,4,113,0,117,208,0,208,325
07/23/2009,DET,MI,AGL,CE,Federal Contract Tower,0,8,26,2,36,0,0,87,0,87,0,8,113,2,123,148,0,148,271
07/24/2009,DET,MI,AGL,CE,Federal Contract Tower,0,2,18,0,20,0,0,62,0,62,0,2,80,0,82,188,0,188,270
07/25/2009,DET,MI,AGL,CE,Federal Contract Tower,0,2,12,2,16,0,0,68,0,68,0,2,80,2,84,126,0,126,210
07/26/2009,DET,MI,AGL,CE,Federal Contract Tower,0,4,7,2,13,0,0,49,0,49,0,4,56,2,62,110,0,110,172
07/27/2009,DET,MI,AGL,CE,Federal Contract Tower,0,4,16,0,20,0,1,109,0,110,0,5,125,0,130,142,0,142,272
07/28/2009,DET,MI,AGL,CE,Federal Contract Tower,0,8,25,2,35,0,0,45,0,45,0,8,70,2,80,90,0,90,170
07/29/2009,DET,MI,AGL,CE,Federal Contract Tower,0,5,22,0,27,0,0,90,0,90,0,5,112,0,117,206,0,206,323
07/30/2009,DET,MI,AGL,CE,Federal Contract Tower,0,3,26,1,30,0,0,130,0,130,0,3,156,1,160,252,0,252,412
07/31/2009,DET,MI,AGL,CE,Federal Contract Tower,0,4,10,0,14,0,0,79,0,79,0,4,89,0,93,132,0,132,225
08/01/2009,DET,MI,AGL,CE,Federal Contract Tower,0,0,16,0,16,0,0,78,0,78,0,0,94,0,94,134,0,134,228
08/02/2009,DET,MI,AGL,CE,Federal Contract Tower,0,0,12,0,12,0,0,32,0,32,0,0,44,0,44,60,0,60,104
08/03/2009,DET,MI,AGL,CE,Federal Contract Tower,0,7,16,0,23,0,0,64,0,64,0,7,80,0,87,148,0,148,235
08/04/2009,DET,MI,AGL,CE,Federal Contract Tower,0,2,19,0,21,0,0,55,0,55,0,2,74,0,76,136,0,136,212
08/05/2009,DET,MI,AGL,CE,Federal Contract Tower,0,5,20,0,25,0,0,92,0,92,0,5,112,0,117,200,0,200,317
08/06/2009,DET,MI,AGL,CE,Federal Contract Tower,0,8,14,0,22,0,0,109,0,109,0,8,123,0,131,212,0,212,343
08/07/2009,DET,MI,AGL,CE,Federal Contract Tower,0,8,16,0,24,0,0,76,0,76,0,8,92,0,100,150,0,150,250
08/08/2009,DET,MI,AGL,CE,Federal Contract Tower,0,3,4,0,7,0,0,16,0,16,0,3,20,0,23,0,0,0,23
08/09/2009,DET,MI,AGL,CE,Federal Contract Tower,0,5,15,0,20,0,0,42,0,42,0,5,57,0,62,74,0,74,136
08/10/2009,DET,MI,AGL,CE,Federal Contract Tower,0,5,17,0,22,0,0,74,0,74,0,5,91,0,96,126,0,126,222
08/11/2009,DET,MI,AGL,CE,Federal Contract Tower,0,5,18,0,23,0,0,45,0,45,0,5,63,0,68,36,0,36,104
08/12/2009,DET,MI,AGL,CE,Federal Contract Tower,0,6,18,0,24,0,0,130,0,130,0,6,148,0,154,226,0,226,380
08/13/2009,DET,MI,AGL,CE,Federal Contract Tower,0,3,19,0,22,0,0,72,0,72,0,3,91,0,94,136,0,136,230
08/14/2009,DET,MI,AGL,CE,Federal Contract Tower,0,3,17,0,20,0,0,86,0,86,0,3,103,0,106,166,0,166,272
08/15/2009,DET,MI,AGL,CE,Federal Contract Tower,0,4,16,0,20,0,0,101,0,101,0,4,117,0,121,174,0,174,295
08/16/2009,DET,MI,AGL,CE,Federal Contract Tower,0,2,13,0,15,0,0,56,0,56,0,2,69,0,71,90,0,90,161
08/17/2009,DET,MI,AGL,CE,Federal Contract Tower,0,4,21,0,25,0,0,72,0,72,0,4,93,0,97,126,0,126,223
08/18/2009,DET,MI,AGL,CE,Federal Contract Tower,0,4,26,0,30,0,0,49,0,49,0,4,75,0,79,104,0,104,183
08/19/2009,DET,MI,AGL,CE,Federal Contract Tower,0,4,16,0,20,0,0,89,0,89,0,4,105,0,109,224,0,224,333
08/20/2009,DET,MI,AGL,CE,Federal Contract Tower,0,7,18,0,25,0,0,89,0,89,0,7,107,0,114,110,0,110,224
08/21/2009,DET,MI,AGL,CE,Federal Contract Tower,0,2,14,0,16,0,0,60,0,60,0,2,74,0,76,104,0,104,180
08/22/2009,DET,MI,AGL,CE,Federal Contract Tower,0,5,14,0,19,0,0,49,0,49,0,5,63,0,68,124,0,124,192
08/23/2009,DET,MI,AGL,CE,Federal Contract Tower,0,7,16,0,23,0,0,55,0,55,0,7,71,0,78,52,0,52,130
08/24/2009,DET,MI,AGL,CE,Federal Contract Tower,0,0,13,0,13,0,0,30,0,30,0,0,43,0,43,36,0,36,79
08/25/2009,DET,MI,AGL,CE,Federal Contract Tower,0,2,20,0,22,0,0,59,0,59,0,2,79,0,81,84,0,84,165
08/26/2009,DET,MI,AGL,CE,Federal Contract Tower,0,2,22,0,24,0,0,99,0,99,0,2,121,0,123,144,0,144,267
08/27/2009,DET,MI,AGL,CE,Federal Contract Tower,0,4,22,0,26,0,0,53,0,53,0,4,75,0,79,128,0,128,207
08/28/2009,DET,MI,AGL,CE,Federal Contract Tower,0,4,5,0,9,0,0,28,0,28,0,4,33,0,37,54,0,54,91
08/29/2009,DET,MI,AGL,CE,Federal Contract Tower,0,2,9,0,11,0,0,38,0,38,0,2,47,0,49,80,0,80,129
08/30/2009,DET,MI,AGL,CE,Federal Contract Tower,0,3,8,0,11,0,0,76,0,76,0,3,84,0,87,120,0,120,207
08/31/2009,DET,MI,AGL,CE,Federal Contract Tower,0,6,16,0,22,0,1,58,2,61,0,7,74,2,83,66,0,66,149
09/01/2009,DET,MI,AGL,CE,Federal Contract Tower,0,2,15,0,17,0,0,83,0,83,0,2,98,0,100,176,0,176,276
09/02/2009,DET,MI,AGL,CE,Federal Contract Tower,0,7,18,0,25,0,2,69,0,71,0,9,87,0,96,126,0,126,222
09/03/2009,DET,MI,AGL,CE,Federal Contract Tower,0,8,25,0,33,0,0,72,0,72,0,8,97,0,105,230,0,230,335
09/04/2009,DET,MI,AGL,CE,Federal Contract Tower,0,1,21,0,22,0,0,59,0,59,0,1,80,0,81,96,0,96,177
09/05/2009,DET,MI,AGL,CE,Federal Contract Tower,0,3,12,0,15,0,0,33,0,33,0,3,45,0,48,46,0,46,94
09/06/2009,DET,MI,AGL,CE,Federal Contract Tower,0,0,12,0,12,0,0,42,0,42,0,0,54,0,54,24,0,24,78
09/07/2009,DET,MI,AGL,CE,Federal Contract Tower,0,0,8,0,8,0,0,36,0,36,0,0,44,0,44,48,0,48,92
09/08/2009,DET,MI,AGL,CE,Federal Contract Tower,0,10,11,0,21,0,0,59,0,59,0,10,70,0,80,0,0,0,80
09/09/2009,DET,MI,AGL,CE,Federal Contract Tower,0,3,15,0,18,0,0,65,0,65,0,3,80,0,83,82,0,82,165
09/10/2009,DET,MI,AGL,CE,Federal Contract Tower,0,8,22,0,30,0,0,59,0,59,0,8,81,0,89,134,0,134,223
09/11/2009,DET,MI,AGL,CE,Federal Contract Tower,0,2,15,0,17,0,0,58,0,58,0,2,73,0,75,106,0,106,181
09/12/2009,DET,MI,AGL,CE,Federal Contract Tower,0,2,11,0,13,0,0,49,0,49,0,2,60,0,62,70,0,70,132
09/13/2009,DET,MI,AGL,CE,Federal Contract Tower,0,2,11,0,13,0,0,64,0,64,0,2,75,0,77,64,0,64,141
09/14/2009,DET,MI,AGL,CE,Federal Contract Tower,0,4,16,0,20,0,0,29,0,29,0,4,45,0,49,64,0,64,113
09/15/2009,DET,MI,AGL,CE,Federal Contract Tower,0,2,21,0,23,0,0,81,0,81,0,2,102,0,104,164,0,164,268
09/16/2009,DET,MI,AGL,CE,Federal Contract Tower,0,12,24,0,36,0,1,96,0,97,0,13,120,0,133,156,0,156,289
09/17/2009,DET,MI,AGL,CE,Federal Contract Tower,0,17,48,0,65,0,0,82,0,82,0,17,130,0,147,176,0,176,323
09/18/2009,DET,MI,AGL,CE,Federal Contract Tower,0,2,9,0,11,0,0,7,0,7,0,2,16,0,18,8,0,8,26
09/19/2009,DET,MI,AGL,CE,Federal Contract Tower,0,9,14,0,23,0,0,69,0,69,0,9,83,0,92,140,0,140,232
09/20/2009,DET,MI,AGL,CE,Federal Contract Tower,0,11,19,0,30,0,0,44,0,44,0,11,63,0,74,76,0,76,150
09/21/2009,DET,MI,AGL,CE,Federal Contract Tower,0,3,21,0,24,0,0,44,0,44,0,3,65,0,68,34,0,34,102
09/22/2009,DET,MI,AGL,CE,Federal Contract Tower,0,3,17,0,20,0,0,87,0,87,0,3,104,0,107,132,0,132,239
09/23/2009,DET,MI,AGL,CE,Federal Contract Tower,0,7,26,0,33,0,0,90,0,90,0,7,116,0,123,168,0,168,291
09/24/2009,DET,MI,AGL,CE,Federal Contract Tower,0,8,37,1,46,0,0,81,0,81,0,8,118,1,127,132,2,134,261
09/25/2009,DET,MI,AGL,CE,Federal Contract Tower,0,5,9,0,14,0,0,43,0,43,0,5,52,0,57,92,0,92,149
09/26/2009,DET,MI,AGL,CE,Federal Contract Tower,0,4,7,0,11,0,0,32,0,32,0,4,39,0,43,40,0,40,83
09/27/2009,DET,MI,AGL,CE,Federal Contract Tower,0,4,19,0,23,0,0,39,0,39,0,4,58,0,62,40,0,40,102
09/28/2009,DET,MI,AGL,CE,Federal Contract Tower,0,2,17,2,21,0,0,15,2,17,0,2,32,4,38,0,22,22,60
09/29/2009,DET,MI,AGL,CE,Federal Contract Tower,0,1,19,0,20,0,0,52,2,54,0,1,71,2,74,124,0,124,198
09/30/2009,DET,MI,AGL,CE,Federal Contract Tower,0,2,22,0,24,0,0,93,0,93,0,2,115,0,117,148,0,148,265
10/01/2009,DET,MI,AGL,CE,Federal Contract Tower,0,8,25,0,33,0,0,91,0,91,0,8,116,0,124,198,0,198,322
10/02/2009,DET,MI,AGL,CE,Federal Contract Tower,0,5,10,0,15,0,0,45,0,45,0,5,55,0,60,104,0,104,164
10/03/2009,DET,MI,AGL,CE,Federal Contract Tower,0,1,10,0,11,0,0,84,0,84,0,1,94,0,95,160,0,160,255
10/04/2009,DET,MI,AGL,CE,Federal Contract Tower,0,1,16,0,17,0,0,43,0,43,0,1,59,0,60,50,0,50,110
10/05/2009,DET,MI,AGL,CE,Federal Contract Tower,0,7,26,0,33,0,0,61,0,61,0,7,87,0,94,54,0,54,148
10/06/2009,DET,MI,AGL,CE,Federal Contract Tower,0,9,26,0,35,0,1,90,0,91,0,10,116,0,126,130,0,130,256
10/07/2009,DET,MI,AGL,CE,Federal Contract Tower,0,2,33,0,35,0,0,103,0,103,0,2,136,0,138,198,0,198,336
10/08/2009,DET,MI,AGL,CE,Federal Contract Tower,0,6,34,0,40,0,0,57,0,57,0,6,91,0,97,88,0,88,185
10/09/2009,DET,MI,AGL,CE,Federal Contract Tower,0,4,18,0,22,0,0,42,0,42,0,4,60,0,64,76,0,76,140
10/10/2009,DET,MI,AGL,CE,Federal Contract Tower,0,1,8,0,9,0,0,125,0,125,0,1,133,0,134,92,0,92,226
10/11/2009,DET,MI,AGL,CE,Federal Contract Tower,0,8,25,0,33,0,0,54,0,54,0,8,79,0,87,96,0,96,183
10/12/2009,DET,MI,AGL,CE,Federal Contract Tower,0,3,6,0,9,0,0,51,0,51,0,3,57,0,60,88,0,88,148
10/13/2009,DET,MI,AGL,CE,Federal Contract Tower,0,4,13,4,21,0,0,75,0,75,0,4,88,4,96,166,0,166,262
10/14/2009,DET,MI,AGL,CE,Federal Contract Tower,0,6,22,0,28,0,0,90,0,90,0,6,112,0,118,184,0,184,302
10/15/2009,DET,MI,AGL,CE,Federal Contract Tower,0,10,24,0,34,0,0,63,0,63,0,10,87,0,97,156,0,156,253
10/16/2009,DET,MI,AGL,CE,Federal Contract Tower,0,4,23,0,27,0,0,48,0,48,0,4,71,0,75,124,0,124,199
10/17/2009,DET,MI,AGL,CE,Federal Contract Tower,0,3,28,0,31,0,0,91,0,91,0,3,119,0,122,216,0,216,338
10/18/2009,DET,MI,AGL,CE,Federal Contract Tower,0,4,14,0,18,0,0,46,0,46,0,4,60,0,64,82,0,82,146
10/19/2009,DET,MI,AGL,CE,Federal Contract Tower,0,5,6,0,11,0,0,80,0,80,0,5,86,0,91,140,0,140,231
10/20/2009,DET,MI,AGL,CE,Federal Contract Tower,0,13,24,0,37,0,0,85,0,85,0,13,109,0,122,132,0,132,254
10/21/2009,DET,MI,AGL,CE,Federal Contract Tower,0,11,14,0,25,0,1,13,0,14,0,12,27,0,39,0,0,0,39
10/22/2009,DET,MI,AGL,CE,Federal Contract Tower,0,6,16,0,22,0,1,64,0,65,0,7,80,0,87,100,0,100,187
10/23/2009,DET,MI,AGL,CE,Federal Contract Tower,0,7,14,0,21,0,0,19,0,19,0,7,33,0,40,18,0,18,58
10/24/2009,DET,MI,AGL,CE,Federal Contract Tower,0,0,11,0,11,0,0,17,0,17,0,0,28,0,28,42,0,42,70
10/25/2009,DET,MI,AGL,CE,Federal Contract Tower,0,0,20,0,20,0,0,66,0,66,0,0,86,0,86,80,0,80,166
10/26/2009,DET,MI,AGL,CE,Federal Contract Tower,0,1,3,0,4,0,0,64,0,64,0,1,67,0,68,206,0,206,274
10/27/2009,DET,MI,AGL,CE,Federal Contract Tower,0,0,18,0,18,0,0,74,0,74,0,0,92,0,92,162,0,162,254
10/28/2009,DET,MI,AGL,CE,Federal Contract Tower,0,2,14,0,16,0,0,56,0,56,0,2,70,0,72,102,0,102,174
10/29/2009,DET,MI,AGL,CE,Federal Contract Tower,0,2,30,0,32,0,0,38,0,38,0,2,68,0,70,116,0,116,186
10/30/2009,DET,MI,AGL,CE,Federal Contract Tower,0,3,17,0,20,0,0,53,0,53,0,3,70,0,73,64,0,64,137
10/31/2009,DET,MI,AGL,CE,Federal Contract Tower,0,3,10,0,13,0,0,79,0,79,0,3,89,0,92,132,0,132,224
11/01/2009,DET,MI,AGL,CE,Federal Contract Tower,0,7,18,0,25,0,0,99,0,99,0,7,117,0,124,54,0,54,178
11/02/2009,DET,MI,AGL,CE,Federal Contract Tower,0,0,12,0,12,0,0,84,0,84,0,0,96,0,96,150,0,150,246
11/03/2009,DET,MI,AGL,CE,Federal Contract Tower,0,5,23,0,28,0,0,95,0,95,0,5,118,0,123,210,0,210,333
11/04/2009,DET,MI,AGL,CE,Federal Contract Tower,0,2,15,0,17,0,0,70,0,70,0,2,85,0,87,128,0,128,215
11/05/2009,DET,MI,AGL,CE,Federal Contract Tower,0,4,22,0,26,0,0,64,0,64,0,4,86,0,90,112,0,112,202
11/06/2009,DET,MI,AGL,CE,Federal Contract Tower,0,1,18,2,21,0,0,55,0,55,0,1,73,2,76,132,0,132,208
11/07/2009,DET,MI,AGL,CE,Federal Contract Tower,0,4,3,0,7,0,0,74,0,74,0,4,77,0,81,116,0,116,197
11/08/2009,DET,MI,AGL,CE,Federal Contract Tower,0,0,11,0,11,0,0,75,0,75,0,0,86,0,86,92,0,92,178
11/09/2009,DET,MI,AGL,CE,Federal Contract Tower,0,0,21,0,21,0,0,56,0,56,0,0,77,0,77,136,0,136,213
11/10/2009,DET,MI,AGL,CE,Federal Contract Tower,0,4,24,0,28,0,0,86,0,86,0,4,110,0,114,206,0,206,320
11/11/2009,DET,MI,AGL,CE,Federal Contract Tower,0,2,22,0,24,0,0,67,0,67,0,2,89,0,91,172,0,172,263
11/12/2009,DET,MI,AGL,CE,Federal Contract Tower,0,3,26,1,30,0,0,54,0,54,0,3,80,1,84,96,0,96,180
11/13/2009,DET,MI,AGL,CE,Federal Contract Tower,0,6,22,0,28,0,0,62,0,62,0,6,84,0,90,96,0,96,186
11/14/2009,DET,MI,AGL,CE,Federal Contract Tower,0,0,14,0,14,0,0,60,0,60,0,0,74,0,74,114,0,114,188
11/15/2009,DET,MI,AGL,CE,Federal Contract Tower,0,3,8,0,11,0,0,88,0,88,0,3,96,0,99,150,0,150,249
11/16/2009,DET,MI,AGL,CE,Federal Contract Tower,0,1,11,0,12,0,0,72,0,72,0,1,83,0,84,176,0,176,260
11/17/2009,DET,MI,AGL,CE,Federal Contract Tower,0,11,30,0,41,0,0,4,3,7,0,11,34,3,48,0,0,0,48
11/18/2009,DET,MI,AGL,CE,Federal Contract Tower,0,10,14,0,24,0,0,60,0,60,0,10,74,0,84,152,0,152,236
11/19/2009,DET,MI,AGL,CE,Federal Contract Tower,0,8,35,1,44,0,0,63,0,63,0,8,98,1,107,92,0,92,199
11/20/2009,DET,MI,AGL,CE,Federal Contract Tower,0,3,22,0,25,0,0,44,0,44,0,3,66,0,69,86,0,86,155
11/21/2009,DET,MI,AGL,CE,Federal Contract Tower,0,0,9,0,9,0,0,48,0,48,0,0,57,0,57,102,0,102,159
11/22/2009,DET,MI,AGL,CE,Federal Contract Tower,0,0,12,0,12,0,0,50,0,50,0,0,62,0,62,24,0,24,86
11/23/2009,DET,MI,AGL,CE,Federal Contract Tower,0,3,12,0,15,0,0,71,0,71,0,3,83,0,86,130,0,130,216
11/24/2009,DET,MI,AGL,CE,Federal Contract Tower,0,5,29,2,36,0,0,71,0,71,0,5,100,2,107,154,0,154,261
11/25/2009,DET,MI,AGL,CE,Federal Contract Tower,0,6,16,0,22,0,0,72,0,72,0,6,88,0,94,170,0,170,264
11/26/2009,DET,MI,AGL,CE,Federal Contract Tower,0,1,7,0,8,0,0,42,0,42,0,1,49,0,50,86,0,86,136
11/27/2009,DET,MI,AGL,CE,Federal Contract Tower,0,3,0,0,3,0,0,16,0,16,0,3,16,0,19,36,0,36,55
11/28/2009,DET,MI,AGL,CE,Federal Contract Tower,0,1,21,0,22,0,0,77,0,77,0,1,98,0,99,104,0,104,203
11/29/2009,DET,MI,AGL,CE,Federal Contract Tower,0,1,19,0,20,0,0,51,0,51,0,1,70,0,71,158,0,158,229
11/30/2009,DET,MI,AGL,CE,Federal Contract Tower,0,3,17,0,20,0,0,69,0,69,0,3,86,0,89,102,0,102,191
12/01/2009,DET,MI,AGL,CE,Federal Contract Tower,0,4,17,0,21,0,0,75,0,75,0,4,92,0,96,164,0,164,260
12/02/2009,DET,MI,AGL,CE,Federal Contract Tower,0,8,6,0,14,0,0,68,0,68,0,8,74,0,82,122,0,122,204
12/03/2009,DET,MI,AGL,CE,Federal Contract Tower,0,10,18,0,28,0,0,51,0,51,0,10,69,0,79,88,0,88,167
12/04/2009,DET,MI,AGL,CE,Federal Contract Tower,0,3,12,0,15,0,0,47,0,47,0,3,59,0,62,76,0,76,138
12/05/2009,DET,MI,AGL,CE,Federal Contract Tower,0,4,14,0,18,0,0,68,0,68,0,4,82,0,86,94,0,94,180
12/06/2009,DET,MI,AGL,CE,Federal Contract Tower,0,4,8,0,12,0,0,57,4,61,0,4,65,4,73,76,0,76,149
12/07/2009,DET,MI,AGL,CE,Federal Contract Tower,0,4,14,0,18,0,0,50,6,56,0,4,64,6,74,78,0,78,152
12/08/2009,DET,MI,AGL,CE,Federal Contract Tower,0,3,16,0,19,0,0,65,0,65,0,3,81,0,84,100,0,100,184
12/09/2009,DET,MI,AGL,CE,Federal Contract Tower,0,0,3,0,3,0,0,35,0,35,0,0,38,0,38,98,0,98,136
12/10/2009,DET,MI,AGL,CE,Federal Contract Tower,0,2,13,0,15,0,0,40,0,40,0,2,53,0,55,62,0,62,117
12/11/2009,DET,MI,AGL,CE,Federal Contract Tower,0,3,3,0,6,0,0,10,0,10,0,3,13,0,16,50,0,50,66
12/12/2009,DET,MI,AGL,CE,Federal Contract Tower,0,1,9,0,10,0,0,61,0,61,0,1,70,0,71,116,0,116,187
12/13/2009,DET,MI,AGL,CE,Federal Contract Tower,0,6,6,0,12,0,0,70,0,70,0,6,76,0,82,202,0,202,284
12/14/2009,DET,MI,AGL,CE,Federal Contract Tower,0,5,14,0,19,0,0,57,0,57,0,5,71,0,76,92,0,92,168
12/15/2009,DET,MI,AGL,CE,Federal Contract Tower,0,4,17,0,21,0,0,51,2,53,0,4,68,2,74,146,0,146,220
12/16/2009,DET,MI,AGL,CE,Federal Contract Tower,0,7,21,0,28,0,0,56,0,56,0,7,77,0,84,106,2,108,192
12/17/2009,DET,MI,AGL,CE,Federal Contract Tower,0,6,12,0,18,0,0,38,0,38,0,6,50,0,56,44,0,44,100
12/18/2009,DET,MI,AGL,CE,Federal Contract Tower,0,6,6,0,12,0,0,64,0,64,0,6,70,0,76,104,0,104,180
12/19/2009,DET,MI,AGL,CE,Federal Contract Tower,0,1,12,0,13,0,0,0,0,0,0,1,12,0,13,0,0,0,13
12/20/2009,DET,MI,AGL,CE,Federal Contract Tower,0,2,6,0,8,0,0,60,0,60,0,2,66,0,68,144,0,144,212
12/21/2009,DET,MI,AGL,CE,Federal Contract Tower,0,2,6,0,8,0,0,51,0,51,0,2,57,0,59,124,0,124,183
12/22/2009,DET,MI,AGL,CE,Federal Contract Tower,0,6,22,0,28,0,0,46,0,46,0,6,68,0,74,116,0,116,190
12/23/2009,DET,MI,AGL,CE,Federal Contract Tower,0,2,14,0,16,0,0,61,2,63,0,2,75,2,79,100,0,100,179
12/24/2009,DET,MI,AGL,CE,Federal Contract Tower,0,4,3,0,7,0,0,24,0,24,0,4,27,0,31,28,0,28,59
12/25/2009,DET,MI,AGL,CE,Federal Contract Tower,0,0,2,0,2,0,0,10,0,10,0,0,12,0,12,0,4,4,16
12/26/2009,DET,MI,AGL,CE,Federal Contract Tower,0,3,16,0,19,0,0,31,0,31,0,3,47,0,50,0,46,46,96
12/27/2009,DET,MI,AGL,CE,Federal Contract Tower,0,8,10,0,18,0,0,48,0,48,0,8,58,0,66,152,0,152,218
12/28/2009,DET,MI,AGL,CE,Federal Contract Tower,0,4,3,0,7,0,0,43,0,43,0,4,46,0,50,68,0,68,118
12/29/2009,DET,MI,AGL,CE,Federal Contract Tower,0,4,7,0,11,0,0,32,0,32,0,4,39,0,43,76,0,76,119
12/30/2009,DET,MI,AGL,CE,Federal Contract Tower,0,6,4,0,10,0,2,44,0,46,0,8,48,0,56,100,0,100,156
12/31/2009,DET,MI,AGL,CE,Federal Contract Tower,0,1,1,0,2,0,0,5,0,5,0,1,6,0,7,0,0,0,7
01/01/2010,DET,MI,AGL,CE,Federal Contract Tower,0,1,3,0,4,0,0,37,0,37,0,1,40,0,41,18,0,18,59
01/02/2010,DET,MI,AGL,CE,Federal Contract Tower,0,2,7,0,9,0,0,22,0,22,0,2,29,0,31,0,0,0,31
01/03/2010,DET,MI,AGL,CE,Federal Contract Tower,0,1,9,0,10,0,0,33,0,33,0,1,42,0,43,2,0,2,45
01/04/2010,DET,MI,AGL,CE,Federal Contract Tower,0,2,12,0,14,0,0,56,0,56,0,2,68,0,70,72,0,72,142
01/05/2010,DET,MI,AGL,CE,Federal Contract Tower,0,0,7,0,7,0,0,41,0,41,0,0,48,0,48,110,0,110,158
01/06/2010,DET,MI,AGL,CE,Federal Contract Tower,0,4,8,0,12,0,0,50,0,50,0,4,58,0,62,82,0,82,144
01/07/2010,DET,MI,AGL,CE,Federal Contract Tower,0,3,20,0,23,0,2,20,0,22,0,5,40,0,45,26,0,26,71
01/08/2010,DET,MI,AGL,CE,Federal Contract Tower,0,0,5,0,5,0,0,38,0,38,0,0,43,0,43,0,0,0,43
01/09/2010,DET,MI,AGL,CE,Federal Contract Tower,0,2,11,0,13,0,0,25,0,25,0,2,36,0,38,54,0,54,92
01/10/2010,DET,MI,AGL,CE,Federal Contract Tower,0,0,6,0,6,0,0,54,0,54,0,0,60,0,60,38,0,38,98
01/11/2010,DET,MI,AGL,CE,Federal Contract Tower,0,3,16,0,19,0,0,47,0,47,0,3,63,0,66,40,0,40,106
01/12/2010,DET,MI,AGL,CE,Federal Contract Tower,0,11,9,0,20,0,0,51,0,51,0,11,60,0,71,138,0,138,209
01/13/2010,DET,MI,AGL,CE,Federal Contract Tower,0,12,28,0,40,0,2,51,2,55,0,14,79,2,95,104,0,104,199
01/14/2010,DET,MI,AGL,CE,Federal Contract Tower,0,11,45,0,56,0,0,56,0,56,0,11,101,0,112,84,0,84,196
01/15/2010,DET,MI,AGL,CE,Federal Contract Tower,0,4,21,0,25,0,0,22,0,22,0,4,43,0,47,54,0,54,101
01/16/2010,DET,MI,AGL,CE,Federal Contract Tower,0,6,21,0,27,0,0,20,0,20,0,6,41,0,47,94,0,94,141
01/17/2010,DET,MI,AGL,CE,Federal Contract Tower,0,1,9,0,10,0,0,42,0,42,0,1,51,0,52,110,0,110,162
01/18/2010,DET,MI,AGL,CE,Federal Contract Tower,0,3,19,0,22,0,0,59,0,59,0,3,78,0,81,88,0,88,169
01/19/2010,DET,MI,AGL,CE,Federal Contract Tower,0,8,8,0,16,0,0,55,0,55,0,8,63,0,71,138,0,138,209
01/20/2010,DET,MI,AGL,CE,Federal Contract Tower,0,9,19,0,28,0,0,61,0,61,0,9,80,0,89,114,0,114,203
01/21/2010,DET,MI,AGL,CE,Federal Contract Tower,0,2,13,0,15,0,0,41,0,41,0,2,54,0,56,80,0,80,136
01/22/2010,DET,MI,AGL,CE,Federal Contract Tower,0,2,7,0,9,0,0,43,0,43,0,2,50,0,52,72,0,72,124
01/23/2010,DET,MI,AGL,CE,Federal Contract Tower,0,0,8,0,8,0,0,47,0,47,0,0,55,0,55,36,0,36,91
01/24/2010,DET,MI,AGL,CE,Federal Contract Tower,0,0,5,0,5,0,0,55,0,55,0,0,60,0,60,104,0,104,164
01/25/2010,DET,MI,AGL,CE,Federal Contract Tower,0,0,7,0,7,0,0,48,0,48,0,0,55,0,55,110,0,110,165
01/26/2010,DET,MI,AGL,CE,Federal Contract Tower,0,1,11,0,12,0,0,13,0,13,0,1,24,0,25,36,0,36,61
01/27/2010,DET,MI,AGL,CE,Federal Contract Tower,0,1,6,0,7,0,0,43,0,43,0,1,49,0,50,94,0,94,144
01/28/2010,DET,MI,AGL,CE,Federal Contract Tower,0,7,17,0,24,0,0,36,0,36,0,7,53,0,60,76,0,76,136
01/29/2010,DET,MI,AGL,CE,Federal Contract Tower,0,2,10,0,12,0,0,39,0,39,0,2,49,0,51,90,0,90,141
01/30/2010,DET,MI,AGL,CE,Federal Contract Tower,0,6,3,0,9,0,0,49,0,49,0,6,52,0,58,58,0,58,116
01/31/2010,DET,MI,AGL,CE,Federal Contract Tower,0,3,8,0,11,0,0,57,0,57,0,3,65,0,68,146,0,146,214
02/01/2010,DET,MI,AGL,CE,Federal Contract Tower,0,4,8,0,12,0,0,68,0,68,0,4,76,0,80,104,0,104,184
02/02/2010,DET,MI,AGL,CE,Federal Contract Tower,0,1,15,0,16,0,0,45,0,45,0,1,60,0,61,70,0,70,131
02/03/2010,DET,MI,AGL,CE,Federal Contract Tower,0,4,16,0,20,0,0,48,0,48,0,4,64,0,68,84,0,84,152
02/04/2010,DET,MI,AGL,CE,Federal Contract Tower,0,7,26,0,33,0,0,44,0,44,0,7,70,0,77,36,0,36,113
02/05/2010,DET,MI,AGL,CE,Federal Contract Tower,0,3,17,0,20,0,0,50,0,50,0,3,67,0,70,72,0,72,142
02/06/2010,DET,MI,AGL,CE,Federal Contract Tower,0,0,15,0,15,0,0,35,0,35,0,0,50,0,50,72,0,72,122
02/07/2010,DET,MI,AGL,CE,Federal Contract Tower,0,0,20,0,20,0,0,68,0,68,0,0,88,0,88,72,0,72,160
02/08/2010,DET,MI,AGL,CE,Federal Contract Tower,0,4,5,0,9,0,0,45,0,45,0,4,50,0,54,106,0,106,160
02/09/2010,DET,MI,AGL,CE,Federal Contract Tower,0,0,5,0,5,0,0,2,0,2,0,0,7,0,7,0,0,0,7
02/10/2010,DET,MI,AGL,CE,Federal Contract Tower,0,2,8,0,10,0,0,0,0,0,0,2,8,0,10,0,0,0,10
02/11/2010,DET,MI,AGL,CE,Federal Contract Tower,0,6,15,0,21,0,0,64,0,64,0,6,79,0,85,46,0,46,131
02/12/2010,DET,MI,AGL,CE,Federal Contract Tower,0,7,13,0,20,0,0,55,0,55,0,7,68,0,75,66,0,66,141
02/13/2010,DET,MI,AGL,CE,Federal Contract Tower,0,3,26,0,29,0,0,62,0,62,0,3,88,0,91,140,0,140,231
02/14/2010,DET,MI,AGL,CE,Federal Contract Tower,0,3,4,0,7,0,0,46,0,46,0,3,50,0,53,70,0,70,123
02/15/2010,DET,MI,AGL,CE,Federal Contract Tower,0,8,11,0,19,0,0,50,0,50,0,8,61,0,69,90,0,90,159
02/16/2010,DET,MI,AGL,CE,Federal Contract Tower,0,1,16,2,19,0,0,34,0,34,0,1,50,2,53,76,2,78,131
02/17/2010,DET,MI,AGL,CE,Federal Contract Tower,0,12,8,0,20,0,0,26,0,26,0,12,34,0,46,76,0,76,122
02/18/2010,DET,MI,AGL,CE,Federal Contract Tower,0,8,13,0,21,0,0,68,0,68,0,8,81,0,89,80,0,80,169
02/19/2010,DET,MI,AGL,CE,Federal Contract Tower,0,4,16,0,20,0,0,58,0,58,0,4,74,0,78,100,0,100,178
02/20/2010,DET,MI,AGL,CE,Federal Contract Tower,0,1,7,0,8,0,0,80,0,80,0,1,87,0,88,96,0,96,184
02/21/2010,DET,MI,AGL,CE,Federal Contract Tower,0,2,17,0,19,0,0,71,0,71,0,2,88,0,90,138,0,138,228
02/22/2010,DET,MI,AGL,CE,Federal Contract Tower,0,5,4,0,9,0,0,35,0,35,0,5,39,0,44,62,0,62,106
02/23/2010,DET,MI,AGL,CE,Federal Contract Tower,0,4,10,0,14,0,0,33,0,33,0,4,43,0,47,80,0,80,127
02/24/2010,DET,MI,AGL,CE,Federal Contract Tower,0,1,4,0,5,0,0,13,0,13,0,1,17,0,18,6,0,6,24
02/25/2010,DET,MI,AGL,CE,Federal Contract Tower,0,8,13,0,21,0,0,61,0,61,0,8,74,0,82,118,0,118,200
02/26/2010,DET,MI,AGL,CE,Federal Contract Tower,0,4,4,0,8,0,0,0,0,0,0,4,4,0,8,0,0,0,8
02/27/2010,DET,MI,AGL,CE,Federal Contract Tower,0,0,1,0,1,0,0,45,0,45,0,0,46,0,46,84,0,84,130
02/28/2010,DET,MI,AGL,CE,Federal Contract Tower,0,2,8,0,10,0,0,50,0,50,0,2,58,0,60,80,0,80,140
03/01/2010,DET,MI,AGL,CE,Federal Contract Tower,0,4,12,0,16,0,0,48,0,48,0,4,60,0,64,118,0,118,182
03/02/2010,DET,MI,AGL,CE,Federal Contract Tower,0,0,14,0,14,0,0,42,0,42,0,0,56,0,56,118,0,118,174
03/03/2010,DET,MI,AGL,CE,Federal Contract Tower,0,2,13,0,15,0,0,46,0,46,0,2,59,0,61,54,0,54,115
03/04/2010,DET,MI,AGL,CE,Federal Contract Tower,0,4,16,0,20,0,0,71,0,71,0,4,87,0,91,114,0,114,205
03/05/2010,DET,MI,AGL,CE,Federal Contract Tower,0,8,18,0,26,0,1,68,0,69,0,9,86,0,95,88,0,88,183
03/06/2010,DET,MI,AGL,CE,Federal Contract Tower,0,0,6,0,6,0,0,79,0,79,0,0,85,0,85,190,0,190,275
03/07/2010,DET,MI,AGL,CE,Federal Contract Tower,0,2,13,0,15,0,0,68,0,68,0,2,81,0,83,154,0,154,237
03/08/2010,DET,MI,AGL,CE,Federal Contract Tower,0,4,11,0,15,0,0,61,0,61,0,4,72,0,76,118,0,118,194
03/09/2010,DET,MI,AGL,CE,Federal Contract Tower,0,2,24,2,28,0,0,55,0,55,0,2,79,2,83,102,0,102,185
03/10/2010,DET,MI,AGL,CE,Federal Contract Tower,0,7,15,0,22,0,0,48,0,48,0,7,63,0,70,88,0,88,158
03/11/2010,DET,MI,AGL,CE,Federal Contract Tower,0,1,12,0,13,0,0,77,0,77,0,1,89,0,90,132,0,132,222
03/12/2010,DET,MI,AGL,CE,Federal Contract Tower,0,1,17,0,18,0,1,26,0,27,0,2,43,0,45,0,0,0,45
03/13/2010,DET,MI,AGL,CE,Federal Contract Tower,0,2,4,0,6,0,0,36,0,36,0,2,40,0,42,134,0,134,176
03/14/2010,DET,MI,AGL,CE,Federal Contract Tower,0,4,7,0,11,0,0,62,0,62,0,4,69,0,73,128,0,128,201
03/15/2010,DET,MI,AGL,CE,Federal Contract Tower,0,6,12,0,18,0,0,47,0,47,0,6,59,0,65,114,0,114,179
03/16/2010,DET,MI,AGL,CE,Federal Contract Tower,0,4,10,1,15,0,0,37,0,37,0,4,47,1,52,74,0,74,126
03/17/2010,DET,MI,AGL,CE,Federal Contract Tower,0,0,13,0,13,0,0,49,0,49,0,0,62,0,62,150,0,150,212
03/18/2010,DET,MI,AGL,CE,Federal Contract Tower,0,4,13,0,17,0,0,74,0,74,0,4,87,0,91,116,0,116,207
03/19/2010,DET,MI,AGL,CE,Federal Contract Tower,0,5,25,0,30,0,0,72,0,72,0,5,97,0,102,62,0,62,164
03/20/2010,DET,MI,AGL,CE,Federal Contract Tower,0,7,4,0,11,0,2,89,0,91,0,9,93,0,102,154,0,154,256
03/21/2010,DET,MI,AGL,CE,Federal Contract Tower,0,0,6,0,6,0,0,54,0,54,0,0,60,0,60,174,0,174,234
03/22/2010,DET,MI,AGL,CE,Federal Contract Tower,0,2,10,0,12,0,0,44,0,44,0,2,54,0,56,114,0,114,170
03/23/2010,DET,MI,AGL,CE,Federal Contract Tower,0,6,14,0,20,0,0,42,0,42,0,6,56,0,62,80,0,80,142
03/24/2010,DET,MI,AGL,CE,Federal Contract Tower,0,2,19,0,21,0,0,65,0,65,0,2,84,0,86,116,0,116,202
03/25/2010,DET,MI,AGL,CE,Federal Contract Tower,0,3,13,0,16,0,0,62,0,62,0,3,75,0,78,132,0,132,210
03/26/2010,DET,MI,AGL,CE,Federal Contract Tower,0,1,10,0,11,0,0,77,0,77,0,1,87,0,88,104,0,104,192
03/27/2010,DET,MI,AGL,CE,Federal Contract Tower,0,0,8,0,8,0,0,53,0,53,0,0,61,0,61,126,0,126,187
03/28/2010,DET,MI,AGL,CE,Federal Contract Tower,0,0,10,0,10,0,0,39,0,39,0,0,49,0,49,70,0,70,119
03/29/2010,DET,MI,AGL,CE,Federal Contract Tower,0,5,17,0,22,0,0,37,0,37,0,5,54,0,59,104,0,104,163
03/30/2010,DET,MI,AGL,CE,Federal Contract Tower,0,2,13,0,15,0,0,40,0,40,0,2,53,0,55,76,0,76,131
03/31/2010,DET,MI,AGL,CE,Federal Contract Tower,0,5,21,0,26,0,0,57,0,57,0,5,78,0,83,60,0,60,143
04/01/2010,DET,MI,AGL,CE,Federal Contract Tower,0,12,9,0,21,0,0,81,0,81,0,12,90,0,102,154,0,154,256
04/02/2010,DET,MI,AGL,CE,Federal Contract Tower,0,1,11,0,12,0,0,70,0,70,0,1,81,0,82,120,0,120,202
04/03/2010,DET,MI,AGL,CE,Federal Contract Tower,0,4,12,0,16,0,2,50,0,52,0,6,62,0,68,74,0,74,142
04/04/2010,DET,MI,AGL,CE,Federal Contract Tower,0,3,9,0,12,0,0,57,0,57,0,3,66,0,69,162,0,162,231
04/05/2010,DET,MI,AGL,CE,Federal Contract Tower,0,3,14,0,17,0,0,26,0,26,0,3,40,0,43,76,0,76,119
04/06/2010,DET,MI,AGL,CE,Federal Contract Tower,0,10,21,0,31,0,0,50,0,50,0,10,71,0,81,72,0,72,153
04/07/2010,DET,MI,AGL,CE,Federal Contract Tower,0,0,11,0,11,0,0,69,0,69,0,0,80,0,80,90,0,90,170
04/08/2010,DET,MI,AGL,CE,Federal Contract Tower,0,6,24,0,30,0,0,78,0,78,0,6,102,0,108,110,0,110,218
04/09/2010,DET,MI,AGL,CE,Federal Contract Tower,0,5,24,0,29,0,0,95,0,95,0,5,119,0,124,108,0,108,232
04/10/2010,DET,MI,AGL,CE,Federal Contract Tower,0,4,28,0,32,0,0,103,0,103,0,4,131,0,135,216,0,216,351
04/11/2010,DET,MI,AGL,CE,Federal Contract Tower,0,2,18,0,20,0,0,69,0,69,0,2,87,0,89,142,0,142,231
04/12/2010,DET,MI,AGL,CE,Federal Contract Tower,0,4,14,0,18,0,0,32,0,32,0,4,46,0,50,76,0,76,126
04/13/2010,DET,MI,AGL,CE,Federal Contract Tower,0,10,24,0,34,0,1,50,0,51,0,11,74,0,85,68,0,68,153
04/14/2010,DET,MI,AGL,CE,Federal Contract Tower,0,2,28,0,30,0,0,84,0,84,0,2,112,0,114,182,0,182,296
04/15/2010,DET,MI,AGL,CE,Federal Contract Tower,0,3,18,0,21,0,0,48,0,48,0,3,66,0,69,88,0,88,157
04/16/2010,DET,MI,AGL,CE,Federal Contract Tower,0,1,10,0,11,0,0,52,0,52,0,1,62,0,63,98,0,98,161
04/17/2010,DET,MI,AGL,CE,Federal Contract Tower,0,5,10,0,15,0,0,88,0,88,0,5,98,0,103,98,0,98,201
04/18/2010,DET,MI,AGL,CE,Federal Contract Tower,0,2,16,0,18,0,2,60,0,62,0,4,76,0,80,120,0,120,200
04/19/2010,DET,MI,AGL,CE,Federal Contract Tower,0,3,35,0,38,0,2,31,0,33,0,5,66,0,71,56,0,56,127
04/20/2010,DET,MI,AGL,CE,Federal Contract Tower,0,6,12,0,18,0,0,51,0,51,0,6,63,0,69,128,0,128,197
04/21/2010,DET,MI,AGL,CE,Federal Contract Tower,0,1,23,0,24,0,0,71,0,71,0,1,94,0,95,118,0,118,213
04/22/2010,DET,MI,AGL,CE,Federal Contract Tower,0,7,13,0,20,0,0,59,0,59,0,7,72,0,79,82,0,82,161
04/23/2010,DET,MI,AGL,CE,Federal Contract Tower,0,4,16,0,20,0,0,66,2,68,0,4,82,2,88,140,0,140,228
04/24/2010,DET,MI,AGL,CE,Federal Contract Tower,0,9,10,0,19,0,0,65,0,65,0,9,75,0,84,108,0,108,192
04/25/2010,DET,MI,AGL,CE,Federal Contract Tower,0,4,14,0,18,0,0,19,0,19,0,4,33,0,37,44,0,44,81
04/26/2010,DET,MI,AGL,CE,Federal Contract Tower,0,8,8,0,16,0,1,33,0,34,0,9,41,0,50,60,0,60,110
04/27/2010,DET,MI,AGL,CE,Federal Contract Tower,0,1,20,0,21,0,0,35,0,35,0,1,55,0,56,76,0,76,132
04/28/2010,DET,MI,AGL,CE,Federal Contract Tower,0,8,14,0,22,0,0,55,0,55,0,8,69,0,77,82,16,98,175
04/29/2010,DET,MI,AGL,CE,Federal Contract Tower,0,6,21,0,27,0,0,37,0,37,0,6,58,0,64,90,0,90,154
04/30/2010,DET,MI,AGL,CE,Federal Contract Tower,0,6,21,0,27,0,0,47,0,47,0,6,68,0,74,168,0,168,242
05/01/2010,DET,MI,AGL,CE,Federal Contract Tower,0,4,15,0,19,0,0,38,0,38,0,4,53,0,57,6,0,6,63
05/02/2010,DET,MI,AGL,CE,Federal Contract Tower,0,4,16,0,20,0,0,39,0,39,0,4,55,0,59,68,0,68,127
05/03/2010,DET,MI,AGL,CE,Federal Contract Tower,0,7,20,0,27,0,0,44,4,48,0,7,64,4,75,106,0,106,181
05/04/2010,DET,MI,AGL,CE,Federal Contract Tower,0,8,24,0,32,0,2,38,0,40,0,10,62,0,72,78,0,78,150
05/05/2010,DET,MI,AGL,CE,Federal Contract Tower,0,16,35,0,51,0,0,66,0,66,0,16,101,0,117,140,0,140,257
05/06/2010,DET,MI,AGL,CE,Federal Contract Tower,0,4,42,0,46,0,0,85,0,85,0,4,127,0,131,132,0,132,263
05/07/2010,DET,MI,AGL,CE,Federal Contract Tower,0,4,25,0,29,0,0,55,0,55,0,4,80,0,84,20,0,20,104
05/08/2010,DET,MI,AGL,CE,Federal Contract Tower,0,1,3,0,4,0,0,18,0,18,0,1,21,0,22,0,0,0,22
05/09/2010,DET,MI,AGL,CE,Federal Contract Tower,0,2,14,0,16,0,0,57,0,57,0,2,71,0,73,136,0,136,209
05/10/2010,DET,MI,AGL,CE,Federal Contract Tower,0,0,17,0,17,0,0,43,0,43,0,0,60,0,60,66,0,66,126
05/11/2010,DET,MI,AGL,CE,Federal Contract Tower,0,1,13,0,14,0,0,4,0,4,0,1,17,0,18,0,0,0,18
05/12/2010,DET,MI,AGL,CE,Federal Contract Tower,0,2,18,0,20,0,0,107,0,107,0,2,125,0,127,130,0,130,257
05/13/2010,DET,MI,AGL,CE,Federal Contract Tower,0,2,23,0,25,0,0,2,0,2,0,2,25,0,27,0,0,0,27
05/14/2010,DET,MI,AGL,CE,Federal Contract Tower,0,4,12,0,16,0,0,64,0,64,0,4,76,0,80,156,0,156,236
05/15/2010,DET,MI,AGL,CE,Federal Contract Tower,0,0,10,0,10,0,0,79,0,79,0,0,89,0,89,166,0,166,255
05/16/2010,DET,MI,AGL,CE,Federal Contract Tower,0,0,7,0,7,0,0,88,0,88,0,0,95,0,95,246,0,246,341
05/17/2010,DET,MI,AGL,CE,Federal Contract Tower,0,6,11,0,17,0,0,40,0,40,0,6,51,0,57,92,0,92,149
05/18/2010,DET,MI,AGL,CE,Federal Contract Tower,0,4,14,0,18,0,0,52,2,54,0,4,66,2,72,100,4,104,176
05/19/2010,DET,MI,AGL,CE,Federal Contract Tower,0,6,24,0,30,0,0,48,0,48,0,6,72,0,78,64,0,64,142
05/20/2010,DET,MI,AGL,CE,Federal Contract Tower,0,15,15,0,30,0,0,61,0,61,0,15,76,0,91,124,0,124,215
05/21/2010,DET,MI,AGL,CE,Federal Contract Tower,0,6,17,0,23,0,0,72,0,72,0,6,89,0,95,156,0,156,251
05/22/2010,DET,MI,AGL,CE,Federal Contract Tower,0,4,7,0,11,0,0,83,0,83,0,4,90,0,94,112,0,112,206
05/23/2010,DET,MI,AGL,CE,Federal Contract Tower,0,4,28,0,32,0,0,66,0,66,0,4,94,0,98,140,0,140,238
05/24/2010,DET,MI,AGL,CE,Federal Contract Tower,0,3,15,0,18,0,0,53,1,54,0,3,68,1,72,74,0,74,146
05/25/2010,DET,MI,AGL,CE,Federal Contract Tower,0,6,19,0,25,0,0,57,0,57,0,6,76,0,82,50,0,50,132
05/26/2010,DET,MI,AGL,CE,Federal Contract Tower,0,4,16,0,20,0,0,95,0,95,0,4,111,0,115,134,0,134,249
05/27/2010,DET,MI,AGL,CE,Federal Contract Tower,0,0,24,0,24,0,5,62,4,71,0,5,86,4,95,112,8,120,215
05/28/2010,DET,MI,AGL,CE,Federal Contract Tower,0,0,12,0,12,0,0,65,0,65,0,0,77,0,77,190,0,190,267
05/29/2010,DET,MI,AGL,CE,Federal Contract Tower,0,1,14,0,15,0,0,95,0,95,0,1,109,0,110,200,0,200,310
05/30/2010,DET,MI,AGL,CE,Federal Contract Tower,0,3,6,0,9,0,0,58,0,58,0,3,64,0,67,112,0,112,179
05/31/2010,DET,MI,AGL,CE,Federal Contract Tower,0,0,10,0,10,0,0,19,8,27,0,0,29,8,37,36,0,36,73
06/01/2010,DET,MI,AGL,CE,Federal Contract Tower,0,3,21,0,24,0,0,44,0,44,0,3,65,0,68,70,0,70,138
06/02/2010,DET,MI,AGL,CE,Federal Contract Tower,0,2,19,0,21,0,0,15,0,15,0,2,34,0,36,0,0,0,36
06/03/2010,DET,MI,AGL,CE,Federal Contract Tower,0,6,20,0,26,0,5,39,0,44,0,11,59,0,70,108,0,108,178
06/04/2010,DET,MI,AGL,CE,Federal Contract Tower,0,4,28,0,32,0,0,84,0,84,0,4,112,0,116,162,0,162,278
06/05/2010,DET,MI,AGL,CE,Federal Contract Tower,0,0,23,0,23,0,0,72,0,72,0,0,95,0,95,196,0,196,291
06/06/2010,DET,MI,AGL,CE,Federal Contract Tower,0,9,17,0,26,0,0,48,0,48,0,9,65,0,74,94,0,94,168
06/07/2010,DET,MI,AGL,CE,Federal Contract Tower,0,10,26,0,36,0,0,48,0,48,0,10,74,0,84,74,0,74,158
06/08/2010,DET,MI,AGL,CE,Federal Contract Tower,0,1,32,0,33,0,0,71,0,71,0,1,103,0,104,106,0,106,210
06/09/2010,DET,MI,AGL,CE,Federal Contract Tower,0,1,16,0,17,0,0,75,0,75,0,1,91,0,92,168,0,168,260
06/10/2010,DET,MI,AGL,CE,Federal Contract Tower,0,10,27,0,37,0,0,92,0,92,0,10,119,0,129,228,0,228,357
06/11/2010,DET,MI,AGL,CE,Federal Contract Tower,0,6,22,0,28,0,0,106,0,106,0,6,128,0,134,176,0,176,310
06/12/2010,DET,MI,AGL,CE,Federal Contract Tower,0,10,12,0,22,0,0,65,0,65,0,10,77,0,87,130,0,130,217
06/13/2010,DET,MI,AGL,CE,Federal Contract Tower,0,4,19,0,23,0,0,58,0,58,0,4,77,0,81,94,0,94,175
06/14/2010,DET,MI,AGL,CE,Federal Contract Tower,0,6,7,0,13,0,2,41,0,43,0,8,48,0,56,64,0,64,120
06/15/2010,DET,MI,AGL,CE,Federal Contract Tower,0,0,8,0,8,0,0,88,0,88,0,0,96,0,96,168,0,168,264
06/16/2010,DET,MI,AGL,CE,Federal Contract Tower,0,3,16,0,19,0,0,60,0,60,0,3,76,0,79,150,0,150,229
06/17/2010,DET,MI,AGL,CE,Federal Contract Tower,0,4,12,0,16,0,0,91,0,91,0,4,103,0,107,156,0,156,263
06/18/2010,DET,MI,AGL,CE,Federal Contract Tower,0,4,16,0,20,0,0,96,0,96,0,4,112,0,116,212,0,212,328
06/19/2010,DET,MI,AGL,CE,Federal Contract Tower,0,1,7,0,8,0,0,112,0,112,0,1,119,0,120,194,0,194,314
06/20/2010,DET,MI,AGL,CE,Federal Contract Tower,0,3,14,0,17,0,0,57,0,57,0,3,71,0,74,126,0,126,200
06/21/2010,DET,MI,AGL,CE,Federal Contract Tower,0,0,21,2,23,0,0,51,0,51,0,0,72,2,74,180,0,180,254
06/22/2010,DET,MI,AGL,CE,Federal Contract Tower,0,6,22,0,28,0,0,96,0,96,0,6,118,0,124,180,0,180,304
06/23/2010,DET,MI,AGL,CE,Federal Contract Tower,0,2,7,0,9,0,0,63,0,63,0,2,70,0,72,112,0,112,184
06/24/2010,DET,MI,AGL,CE,Federal Contract Tower,0,6,17,0,23,0,0,82,0,82,0,6,99,0,105,180,0,180,285
06/25/2010,DET,MI,AGL,CE,Federal Contract Tower,3,15,0,0,18,0,0,96,0,96,3,15,96,0,114,238,0,238,352
06/26/2010,DET,MI,AGL,CE,Federal Contract Tower,0,0,9,0,9,0,0,71,0,71,0,0,80,0,80,138,0,138,218
06/27/2010,DET,MI,AGL,CE,Federal Contract Tower,0,2,18,0,20,0,0,46,0,46,0,2,64,0,66,96,0,96,162
06/28/2010,DET,MI,AGL,CE,Federal Contract Tower,0,4,4,0,8,0,0,33,0,33,0,4,37,0,41,78,0,78,119
06/29/2010,DET,MI,AGL,CE,Federal Contract Tower,0,13,17,0,30,0,0,82,0,82,0,13,99,0,112,178,0,178,290
06/30/2010,DET,MI,AGL,CE,Federal Contract Tower,0,4,30,0,34,0,0,63,0,63,0,4,93,0,97,136,0,136,233
07/01/2010,DET,MI,AGL,CE,Federal Contract Tower,0,9,26,0,35,0,0,74,0,74,0,9,100,0,109,216,0,216,325
07/02/2010,DET,MI,AGL,CE,Federal Contract Tower,0,7,12,0,19,0,0,91,0,91,0,7,103,0,110,196,0,196,306
07/03/2010,DET,MI,AGL,CE,Federal Contract Tower,0,3,2,0,5,0,0,71,0,71,0,3,73,0,76,162,0,162,238
07/04/2010,DET,MI,AGL,CE,Federal Contract Tower,0,1,11,0,12,0,0,30,0,30,0,1,41,0,42,60,0,60,102
07/05/2010,DET,MI,AGL,CE,Federal Contract Tower,0,7,15,0,22,0,0,39,0,39,0,7,54,0,61,6,0,6,67
07/06/2010,DET,MI,AGL,CE,Federal Contract Tower,0,4,9,0,13,0,0,34,0,34,0,4,43,0,47,10,0,10,57
07/07/2010,DET,MI,AGL,CE,Federal Contract Tower,0,2,5,0,7,0,0,35,0,35,0,2,40,0,42,4,0,4,46
07/08/2010,DET,MI,AGL,CE,Federal Contract Tower,0,5,9,0,14,0,0,100,0,100,0,5,109,0,114,234,0,234,348
07/09/2010,DET,MI,AGL,CE,Federal Contract Tower,0,2,20,0,22,0,0,67,0,67,0,2,87,0,89,124,0,124,213
07/10/2010,DET,MI,AGL,CE,Federal Contract Tower,0,2,12,0,14,0,0,63,0,63,0,2,75,0,77,166,0,166,243
07/11/2010,DET,MI,AGL,CE,Federal Contract Tower,0,4,15,0,19,0,0,108,0,108,0,4,123,0,127,172,0,172,299
07/12/2010,DET,MI,AGL,CE,Federal Contract Tower,0,8,7,0,15,0,0,31,0,31,0,8,38,0,46,54,0,54,100
07/13/2010,DET,MI,AGL,CE,Federal Contract Tower,0,5,14,0,19,0,0,81,0,81,0,5,95,0,100,174,0,174,274
07/14/2010,DET,MI,AGL,CE,Federal Contract Tower,0,3,12,0,15,0,0,81,0,81,0,3,93,0,96,222,0,222,318
07/15/2010,DET,MI,AGL,CE,Federal Contract Tower,0,0,4,20,24,0,0,55,0,55,0,0,59,20,79,128,0,128,207
07/16/2010,DET,MI,AGL,CE,Federal Contract Tower,0,4,12,0,16,0,0,53,0,53,0,4,65,0,69,76,0,76,145
07/17/2010,DET,MI,AGL,CE,Federal Contract Tower,0,6,18,0,24,0,0,41,0,41,0,6,59,0,65,106,0,106,171
07/18/2010,DET,MI,AGL,CE,Federal Contract Tower,0,3,19,0,22,0,0,34,0,34,0,3,53,0,56,80,0,80,136
07/19/2010,DET,MI,AGL,CE,Federal Contract Tower,0,0,22,0,22,0,0,42,0,42,0,0,64,0,64,44,0,44,108
07/20/2010,DET,MI,AGL,CE,Federal Contract Tower,0,10,17,0,27,0,0,60,0,60,0,10,77,0,87,186,0,186,273
07/21/2010,DET,MI,AGL,CE,Federal Contract Tower,0,6,27,0,33,0,0,56,0,56,0,6,83,0,89,68,0,68,157
07/22/2010,DET,MI,AGL,CE,Federal Contract Tower,0,10,19,0,29,0,0,70,0,70,0,10,89,0,99,126,0,126,225
07/23/2010,DET,MI,AGL,CE,Federal Contract Tower,0,3,24,0,27,0,0,88,0,88,0,3,112,0,115,150,0,150,265
07/24/2010,DET,MI,AGL,CE,Federal Contract Tower,0,5,8,0,13,0,0,72,0,72,0,5,80,0,85,128,0,128,213
07/25/2010,DET,MI,AGL,CE,Federal Contract Tower,0,3,27,0,30,0,0,59,0,59,0,3,86,0,89,80,0,80,169
07/26/2010,DET,MI,AGL,CE,Federal Contract Tower,0,10,13,0,23,0,0,63,0,63,0,10,76,0,86,162,0,162,248
07/27/2010,DET,MI,AGL,CE,Federal Contract Tower,0,3,19,0,22,0,1,45,0,46,0,4,64,0,68,84,0,84,152
07/28/2010,DET,MI,AGL,CE,Federal Contract Tower,0,5,18,0,23,0,0,65,1,66,0,5,83,1,89,140,0,140,229
07/29/2010,DET,MI,AGL,CE,Federal Contract Tower,0,8,11,0,19,0,0,87,0,87,0,8,98,0,106,168,0,168,274
07/30/2010,DET,MI,AGL,CE,Federal Contract Tower,0,6,12,0,18,0,0,27,0,27,0,6,39,0,45,0,0,0,45
07/31/2010,DET,MI,AGL,CE,Federal Contract Tower,0,2,11,0,13,0,0,75,0,75,0,2,86,0,88,164,0,164,252
08/01/2010,DET,MI,AGL,CE,Federal Contract Tower,0,5,23,0,28,0,0,58,0,58,0,5,81,0,86,66,0,66,152
08/02/2010,DET,MI,AGL,CE,Federal Contract Tower,0,3,19,0,22,0,0,55,0,55,0,3,74,0,77,100,0,100,177
08/03/2010,DET,MI,AGL,CE,Federal Contract Tower,0,7,16,0,23,0,0,40,0,40,0,7,56,0,63,78,0,78,141
08/04/2010,DET,MI,AGL,CE,Federal Contract Tower,0,7,15,0,22,0,0,107,0,107,0,7,122,0,129,162,0,162,291
08/05/2010,DET,MI,AGL,CE,Federal Contract Tower,0,11,25,0,36,0,0,64,0,64,0,11,89,0,100,176,0,176,276
08/06/2010,DET,MI,AGL,CE,Federal Contract Tower,2,2,26,0,30,0,0,64,0,64,2,2,90,0,94,162,0,162,256
08/07/2010,DET,MI,AGL,CE,Federal Contract Tower,0,1,18,0,19,0,0,61,0,61,0,1,79,0,80,156,0,156,236
08/08/2010,DET,MI,AGL,CE,Federal Contract Tower,0,7,17,0,24,0,0,55,0,55,0,7,72,0,79,68,0,68,147
08/09/2010,DET,MI,AGL,CE,Federal Contract Tower,0,8,17,0,25,0,0,46,0,46,0,8,63,0,71,154,0,154,225
08/10/2010,DET,MI,AGL,CE,Federal Contract Tower,0,10,24,0,34,0,0,33,0,33,0,10,57,0,67,50,0,50,117
08/11/2010,DET,MI,AGL,CE,Federal Contract Tower,0,3,27,0,30,0,0,83,0,83,0,3,110,0,113,156,0,156,269
08/12/2010,DET,MI,AGL,CE,Federal Contract Tower,0,7,20,0,27,0,0,78,0,78,0,7,98,0,105,144,0,144,249
08/13/2010,DET,MI,AGL,CE,Federal Contract Tower,0,2,28,0,30,0,0,71,0,71,0,2,99,0,101,178,0,178,279
08/14/2010,DET,MI,AGL,CE,Federal Contract Tower,0,0,12,0,12,0,0,57,0,57,0,0,69,0,69,52,0,52,121
08/15/2010,DET,MI,AGL,CE,Federal Contract Tower,0,1,18,0,19,0,0,36,0,36,0,1,54,0,55,4,0,4,59
08/16/2010,DET,MI,AGL,CE,Federal Contract Tower,0,7,7,0,14,0,0,55,0,55,0,7,62,0,69,146,0,146,215
08/17/2010,DET,MI,AGL,CE,Federal Contract Tower,0,4,11,0,15,0,0,38,0,38,0,4,49,0,53,64,0,64,117
08/18/2010,DET,MI,AGL,CE,Federal Contract Tower,0,5,11,0,16,0,0,89,0,89,0,5,100,0,105,192,0,192,297
08/19/2010,DET,MI,AGL,CE,Federal Contract Tower,0,13,0,0,13,0,0,85,0,85,0,13,85,0,98,146,0,146,244
08/20/2010,DET,MI,AGL,CE,Federal Contract Tower,0,2,22,0,24,0,0,53,0,53,0,2,75,0,77,112,0,112,189
08/21/2010,DET,MI,AGL,CE,Federal Contract Tower,0,2,9,0,11,0,0,45,0,45,0,2,54,0,56,80,0,80,136
08/22/2010,DET,MI,AGL,CE,Federal Contract Tower,0,0,18,0,18,0,0,43,0,43,0,0,61,0,61,66,0,66,127
08/23/2010,DET,MI,AGL,CE,Federal Contract Tower,0,8,24,0,32,0,0,60,0,60,0,8,84,0,92,174,0,174,266
08/24/2010,DET,MI,AGL,CE,Federal Contract Tower,0,4,22,0,26,0,0,34,0,34,0,4,56,0,60,64,0,64,124
08/25/2010,DET,MI,AGL,CE,Federal Contract Tower,0,3,18,0,21,0,0,90,2,92,0,3,108,2,113,188,0,188,301
08/26/2010,DET,MI,AGL,CE,Federal Contract Tower,0,6,15,3,24,0,0,75,0,75,0,6,90,3,99,188,0,188,287
08/27/2010,DET,MI,AGL,CE,Federal Contract Tower,0,4,34,1,39,0,2,61,0,63,0,6,95,1,102,140,0,140,242
08/28/2010,DET,MI,AGL,CE,Federal Contract Tower,0,3,11,0,14,0,0,65,0,65,0,3,76,0,79,100,0,100,179
08/29/2010,DET,MI,AGL,CE,Federal Contract Tower,0,8,27,0,35,0,0,60,0,60,0,8,87,0,95,88,0,88,183
08/30/2010,DET,MI,AGL,CE,Federal Contract Tower,0,20,41,0,61,0,0,57,0,57,0,20,98,0,118,142,0,142,260
08/31/2010,DET,MI,AGL,CE,Federal Contract Tower,0,2,20,0,22,0,0,41,0,41,0,2,61,0,63,36,0,36,99
09/01/2010,DET,MI,AGL,CE,Federal Contract Tower,0,3,13,0,16,0,0,88,0,88,0,3,101,0,104,170,0,170,274
09/02/2010,DET,MI,AGL,CE,Federal Contract Tower,0,11,24,0,35,0,0,100,0,100,0,11,124,0,135,168,0,168,303
09/03/2010,DET,MI,AGL,CE,Federal Contract Tower,0,10,14,0,24,0,0,66,0,66,0,10,80,0,90,128,0,128,218
09/04/2010,DET,MI,AGL,CE,Federal Contract Tower,0,9,15,0,24,0,0,44,0,44,0,9,59,0,68,124,0,124,192
09/05/2010,DET,MI,AGL,CE,Federal Contract Tower,0,5,9,0,14,0,0,46,0,46,0,5,55,0,60,82,0,82,142
09/06/2010,DET,MI,AGL,CE,Federal Contract Tower,0,5,13,0,18,0,0,43,0,43,0,5,56,0,61,68,0,68,129
09/07/2010,DET,MI,AGL,CE,Federal Contract Tower,0,2,3,0,5,0,0,33,0,33,0,2,36,0,38,2,0,2,40
09/08/2010,DET,MI,AGL,CE,Federal Contract Tower,0,3,14,0,17,0,0,86,0,86,0,3,100,0,103,166,0,166,269
09/09/2010,DET,MI,AGL,CE,Federal Contract Tower,0,5,27,0,32,0,0,70,0,70,0,5,97,0,102,128,0,128,230
09/10/2010,DET,MI,AGL,CE,Federal Contract Tower,0,0,16,0,16,0,0,70,0,70,0,0,86,0,86,220,0,220,306
09/11/2010,DET,MI,AGL,CE,Federal Contract Tower,0,7,16,0,23,0,0,61,0,61,0,7,77,0,84,110,0,110,194
09/12/2010,DET,MI,AGL,CE,Federal Contract Tower,0,5,20,0,25,0,0,89,0,89,0,5,109,0,114,154,0,154,268
09/13/2010,DET,MI,AGL,CE,Federal Contract Tower,0,3,0,0,3,0,0,66,0,66,0,3,66,0,69,102,0,102,171
09/14/2010,DET,MI,AGL,CE,Federal Contract Tower,0,5,26,0,31,0,0,61,0,61,0,5,87,0,92,172,0,172,264
09/15/2010,DET,MI,AGL,CE,Federal Contract Tower,0,2,20,0,22,0,0,67,0,67,0,2,87,0,89,152,0,152,241
09/16/2010,DET,MI,AGL,CE,Federal Contract Tower,0,4,23,0,27,0,0,25,0,25,0,4,48,0,52,62,0,62,114
09/17/2010,DET,MI,AGL,CE,Federal Contract Tower,0,5,23,0,28,0,0,53,0,53,0,5,76,0,81,150,0,150,231
09/18/2010,DET,MI,AGL,CE,Federal Contract Tower,0,7,10,0,17,0,0,70,0,70,0,7,80,0,87,142,0,142,229
09/19/2010,DET,MI,AGL,CE,Federal Contract Tower,0,12,17,0,29,0,0,66,0,66,0,12,83,0,95,144,0,144,239
09/20/2010,DET,MI,AGL,CE,Federal Contract Tower,0,2,12,0,14,0,0,28,0,28,0,2,40,0,42,10,0,10,52
09/21/2010,DET,MI,AGL,CE,Federal Contract Tower,0,12,22,0,34,0,1,76,0,77,0,13,98,0,111,162,0,162,273
09/22/2010,DET,MI,AGL,CE,Federal Contract Tower,0,2,20,0,22,0,0,63,0,63,0,2,83,0,85,158,0,158,243
09/23/2010,DET,MI,AGL,CE,Federal Contract Tower,0,14,24,0,38,0,0,58,0,58,0,14,82,0,96,132,0,132,228
09/24/2010,DET,MI,AGL,CE,Federal Contract Tower,0,5,16,0,21,0,2,26,0,28,0,7,42,0,49,72,0,72,121
09/25/2010,DET,MI,AGL,CE,Federal Contract Tower,0,5,11,0,16,0,0,30,2,32,0,5,41,2,48,42,4,46,94
09/26/2010,DET,MI,AGL,CE,Federal Contract Tower,0,0,14,0,14,0,0,85,0,85,0,0,99,0,99,182,0,182,281
09/27/2010,DET,MI,AGL,CE,Federal Contract Tower,0,1,5,0,6,0,5,67,0,72,0,6,72,0,78,168,0,168,246
09/28/2010,DET,MI,AGL,CE,Federal Contract Tower,0,7,18,0,25,0,2,46,0,48,0,9,64,0,73,20,0,20,93
09/29/2010,DET,MI,AGL,CE,Federal Contract Tower,0,3,26,0,29,0,1,76,0,77,0,4,102,0,106,124,0,124,230
09/30/2010,DET,MI,AGL,CE,Federal Contract Tower,0,6,12,0,18,0,0,61,0,61,0,6,73,0,79,140,0,140,219
10/01/2010,DET,MI,AGL,CE,Federal Contract Tower,0,1,19,0,20,0,0,49,0,49,0,1,68,0,69,132,0,132,201
10/02/2010,DET,MI,AGL,CE,Federal Contract Tower,0,3,5,0,8,0,0,15,0,15,0,3,20,0,23,46,0,46,69
10/03/2010,DET,MI,AGL,CE,Federal Contract Tower,0,3,12,0,15,0,0,48,0,48,0,3,60,0,63,6,0,6,69
10/04/2010,DET,MI,AGL,CE,Federal Contract Tower,0,2,6,0,8,0,1,54,0,55,0,3,60,0,63,128,0,128,191
10/05/2010,DET,MI,AGL,CE,Federal Contract Tower,0,5,13,0,18,0,0,65,0,65,0,5,78,0,83,118,0,118,201
10/06/2010,DET,MI,AGL,CE,Federal Contract Tower,0,12,14,0,26,0,0,77,0,77,0,12,91,0,103,126,0,126,229
10/07/2010,DET,MI,AGL,CE,Federal Contract Tower,0,10,50,0,60,0,0,47,0,47,0,10,97,0,107,112,0,112,219
10/08/2010,DET,MI,AGL,CE,Federal Contract Tower,0,3,23,0,26,0,0,47,0,47,0,3,70,0,73,88,0,88,161
10/09/2010,DET,MI,AGL,CE,Federal Contract Tower,0,3,21,0,24,0,0,55,0,55,0,3,76,0,79,112,0,112,191
10/10/2010,DET,MI,AGL,CE,Federal Contract Tower,0,4,17,0,21,0,0,81,0,81,0,4,98,0,102,166,0,166,268
10/11/2010,DET,MI,AGL,CE,Federal Contract Tower,0,4,10,0,14,0,1,59,0,60,0,5,69,0,74,170,0,170,244
10/12/2010,DET,MI,AGL,CE,Federal Contract Tower,0,5,16,0,21,0,0,69,0,69,0,5,85,0,90,140,0,140,230
10/13/2010,DET,MI,AGL,CE,Federal Contract Tower,0,4,9,0,13,0,0,66,0,66,0,4,75,0,79,124,0,124,203
10/14/2010,DET,MI,AGL,CE,Federal Contract Tower,0,10,26,0,36,0,0,56,0,56,0,10,82,0,92,124,0,124,216
10/15/2010,DET,MI,AGL,CE,Federal Contract Tower,0,11,25,0,36,0,0,54,0,54,0,11,79,0,90,112,0,112,202
10/16/2010,DET,MI,AGL,CE,Federal Contract Tower,0,7,8,0,15,0,0,55,0,55,0,7,63,0,70,62,0,62,132
10/17/2010,DET,MI,AGL,CE,Federal Contract Tower,0,10,19,0,29,0,0,77,0,77,0,10,96,0,106,168,0,168,274
10/18/2010,DET,MI,AGL,CE,Federal Contract Tower,0,4,22,0,26,0,2,68,0,70,0,6,90,0,96,148,0,148,244
10/19/2010,DET,MI,AGL,CE,Federal Contract Tower,0,4,19,0,23,0,2,70,0,72,0,6,89,0,95,198,0,198,293
10/20/2010,DET,MI,AGL,CE,Federal Contract Tower,0,2,18,0,20,0,0,77,0,77,0,2,95,0,97,116,0,116,213
10/21/2010,DET,MI,AGL,CE,Federal Contract Tower,0,12,10,0,22,0,0,63,0,63,0,12,73,0,85,124,0,124,209
10/22/2010,DET,MI,AGL,CE,Federal Contract Tower,0,5,14,0,19,0,0,47,0,47,0,5,61,0,66,90,0,90,156
10/23/2010,DET,MI,AGL,CE,Federal Contract Tower,0,3,4,0,7,0,0,40,0,40,0,3,44,0,47,90,0,90,137
10/24/2010,DET,MI,AGL,CE,Federal Contract Tower,0,5,12,0,17,0,0,97,0,97,0,5,109,0,114,168,0,168,282
10/25/2010,DET,MI,AGL,CE,Federal Contract Tower,0,4,11,0,15,0,0,61,0,61,0,4,72,0,76,182,0,182,258
10/26/2010,DET,MI,AGL,CE,Federal Contract Tower,0,2,4,0,6,0,0,30,0,30,0,2,34,0,36,78,0,78,114
10/27/2010,DET,MI,AGL,CE,Federal Contract Tower,0,1,8,0,9,0,0,75,0,75,0,1,83,0,84,100,0,100,184
10/28/2010,DET,MI,AGL,CE,Federal Contract Tower,0,8,16,0,24,0,0,54,0,54,0,8,70,0,78,120,0,120,198
10/29/2010,DET,MI,AGL,CE,Federal Contract Tower,0,9,19,0,28,0,1,63,5,69,0,10,82,5,97,122,18,140,237
10/30/2010,DET,MI,AGL,CE,Federal Contract Tower,0,7,7,0,14,0,0,89,10,99,0,7,96,10,113,82,0,82,195
10/31/2010,DET,MI,AGL,CE,Federal Contract Tower,0,5,23,0,28,0,0,72,0,72,0,5,95,0,100,52,0,52,152
11/01/2010,DET,MI,AGL,CE,Federal Contract Tower,0,9,23,0,32,0,1,62,0,63,0,10,85,0,95,172,0,172,267
11/02/2010,DET,MI,AGL,CE,Federal Contract Tower,0,3,8,0,11,0,1,80,0,81,0,4,88,0,92,152,0,152,244
11/03/2010,DET,MI,AGL,CE,Federal Contract Tower,0,1,18,0,19,0,0,68,2,70,0,1,86,2,89,150,0,150,239
11/04/2010,DET,MI,AGL,CE,Federal Contract Tower,0,8,17,0,25,0,0,62,0,62,0,8,79,0,87,148,0,148,235
11/05/2010,DET,MI,AGL,CE,Federal Contract Tower,0,4,12,0,16,0,0,41,0,41,0,4,53,0,57,88,0,88,145
11/06/2010,DET,MI,AGL,CE,Federal Contract Tower,0,8,4,1,13,0,2,57,0,59,0,10,61,1,72,78,0,78,150
11/07/2010,DET,MI,AGL,CE,Federal Contract Tower,0,13,11,0,24,0,0,71,0,71,0,13,82,0,95,162,0,162,257
11/08/2010,DET,MI,AGL,CE,Federal Contract Tower,0,2,16,0,18,0,0,42,0,42,0,2,58,0,60,20,0,20,80
11/09/2010,DET,MI,AGL,CE,Federal Contract Tower,0,9,18,0,27,0,1,74,4,79,0,10,92,4,106,178,0,178,284
11/10/2010,DET,MI,AGL,CE,Federal Contract Tower,0,6,9,0,15,0,0,51,0,51,0,6,60,0,66,110,0,110,176
11/11/2010,DET,MI,AGL,CE,Federal Contract Tower,0,11,21,0,32,0,0,70,0,70,0,11,91,0,102,162,0,162,264
11/12/2010,DET,MI,AGL,CE,Federal Contract Tower,0,1,16,0,17,0,0,25,0,25,0,1,41,0,42,52,0,52,94
11/13/2010,DET,MI,AGL,CE,Federal Contract Tower,0,8,10,0,18,0,0,39,0,39,0,8,49,0,57,54,0,54,111
11/14/2010,DET,MI,AGL,CE,Federal Contract Tower,0,13,10,0,23,0,1,36,0,37,0,14,46,0,60,116,4,120,180
11/15/2010,DET,MI,AGL,CE,Federal Contract Tower,0,7,8,0,15,0,0,73,0,73,0,7,81,0,88,206,0,206,294
11/16/2010,DET,MI,AGL,CE,Federal Contract Tower,0,5,14,0,19,0,72,0,0,72,0,77,14,0,91,96,0,96,187
11/17/2010,DET,MI,AGL,CE,Federal Contract Tower,0,6,14,0,20,0,0,56,0,56,0,6,70,0,76,132,0,132,208
11/18/2010,DET,MI,AGL,CE,Federal Contract Tower,0,12,23,0,35,0,0,44,0,44,0,12,67,0,79,90,0,90,169
11/19/2010,DET,MI,AGL,CE,Federal Contract Tower,0,2,22,0,24,0,1,72,0,73,0,3,94,0,97,78,0,78,175
11/20/2010,DET,MI,AGL,CE,Federal Contract Tower,0,4,6,0,10,0,0,98,0,98,0,4,104,0,108,232,0,232,340
11/21/2010,DET,MI,AGL,CE,Federal Contract Tower,0,5,10,0,15,0,0,21,0,21,0,5,31,0,36,0,0,0,36
11/22/2010,DET,MI,AGL,CE,Federal Contract Tower,0,3,8,0,11,0,0,21,0,21,0,3,29,0,32,0,0,0,32
11/23/2010,DET,MI,AGL,CE,Federal Contract Tower,0,1,7,0,8,0,0,65,0,65,0,1,72,0,73,128,0,128,201
11/24/2010,DET,MI,AGL,CE,Federal Contract Tower,0,3,23,0,26,0,0,58,0,58,0,3,81,0,84,100,0,100,184
11/25/2010,DET,MI,AGL,CE,Federal Contract Tower,0,6,7,0,13,0,0,25,0,25,0,6,32,0,38,66,0,66,104
11/26/2010,DET,MI,AGL,CE,Federal Contract Tower,0,3,6,0,9,0,0,29,0,29,0,3,35,0,38,54,0,54,92
11/27/2010,DET,MI,AGL,CE,Federal Contract Tower,0,6,3,0,9,0,0,64,0,64,0,6,67,0,73,182,0,182,255
11/28/2010,DET,MI,AGL,CE,Federal Contract Tower,0,3,17,0,20,0,0,56,0,56,0,3,73,0,76,232,0,232,308
11/29/2010,DET,MI,AGL,CE,Federal Contract Tower,0,1,8,0,9,0,0,54,0,54,0,1,62,0,63,132,0,132,195
11/30/2010,DET,MI,AGL,CE,Federal Contract Tower,0,9,18,0,27,0,0,43,2,45,0,9,61,2,72,14,0,14,86
12/01/2010,DET,MI,AGL,CE,Federal Contract Tower,0,4,10,0,14,0,0,59,0,59,0,4,69,0,73,140,0,140,213
12/02/2010,DET,MI,AGL,CE,Federal Contract Tower,0,4,11,0,15,0,0,37,0,37,0,4,48,0,52,74,0,74,126
12/03/2010,DET,MI,AGL,CE,Federal Contract Tower,0,7,17,0,24,0,0,55,0,55,0,7,72,0,79,118,0,118,197
12/04/2010,DET,MI,AGL,CE,Federal Contract Tower,0,5,15,0,20,0,0,86,0,86,0,5,101,0,106,180,0,180,286
12/05/2010,DET,MI,AGL,CE,Federal Contract Tower,0,8,19,0,27,0,0,36,0,36,0,8,55,0,63,42,0,42,105
12/06/2010,DET,MI,AGL,CE,Federal Contract Tower,0,5,13,0,18,0,0,49,3,52,0,5,62,3,70,52,0,52,122
12/07/2010,DET,MI,AGL,CE,Federal Contract Tower,0,4,15,0,19,0,0,93,0,93,0,4,108,0,112,136,0,136,248
12/08/2010,DET,MI,AGL,CE,Federal Contract Tower,0,4,12,0,16,0,0,41,0,41,0,4,53,0,57,92,0,92,149
12/09/2010,DET,MI,AGL,CE,Federal Contract Tower,0,12,13,0,25,0,0,52,0,52,0,12,65,0,77,110,0,110,187
12/10/2010,DET,MI,AGL,CE,Federal Contract Tower,0,6,8,0,14,0,0,34,0,34,0,6,42,0,48,58,0,58,106
12/11/2010,DET,MI,AGL,CE,Federal Contract Tower,0,2,4,0,6,0,0,74,0,74,0,2,78,0,80,196,0,196,276
12/12/2010,DET,MI,AGL,CE,Federal Contract Tower,0,0,3,0,3,0,0,0,0,0,0,0,3,0,3,0,0,0,3
12/13/2010,DET,MI,AGL,CE,Federal Contract Tower,0,7,14,0,21,0,4,17,0,21,0,11,31,0,42,0,0,0,42
12/14/2010,DET,MI,AGL,CE,Federal Contract Tower,0,6,26,0,32,0,0,59,0,59,0,6,85,0,91,0,0,0,91
12/15/2010,DET,MI,AGL,CE,Federal Contract Tower,0,5,22,2,29,0,0,46,0,46,0,5,68,2,75,68,0,68,143
12/16/2010,DET,MI,AGL,CE,Federal Contract Tower,4,8,23,0,35,0,0,46,0,46,4,8,69,0,81,120,0,120,201
12/17/2010,DET,MI,AGL,CE,Federal Contract Tower,0,2,10,0,12,0,0,31,0,31,0,2,41,0,43,72,0,72,115
12/18/2010,DET,MI,AGL,CE,Federal Contract Tower,0,8,4,0,12,0,0,33,0,33,0,8,37,0,45,80,0,80,125
12/19/2010,DET,MI,AGL,CE,Federal Contract Tower,0,4,3,0,7,0,0,58,0,58,0,4,61,0,65,92,0,92,157
12/20/2010,DET,MI,AGL,CE,Federal Contract Tower,0,4,19,0,23,0,0,49,0,49,0,4,68,0,72,108,0,108,180
12/21/2010,DET,MI,AGL,CE,Federal Contract Tower,0,3,14,0,17,0,0,75,0,75,0,3,89,0,92,130,0,130,222
12/22/2010,DET,MI,AGL,CE,Federal Contract Tower,0,0,14,0,14,0,0,48,0,48,0,0,62,0,62,78,0,78,140
12/23/2010,DET,MI,AGL,CE,Federal Contract Tower,0,1,12,0,13,0,1,57,0,58,0,2,69,0,71,108,0,108,179
12/24/2010,DET,MI,AGL,CE,Federal Contract Tower,0,0,3,0,3,0,0,39,0,39,0,0,42,0,42,76,0,76,118
12/25/2010,DET,MI,AGL,CE,Federal Contract Tower,0,0,0,0,0,0,0,0,0,0,0,0,0,0,0,0,0,0,0
12/26/2010,DET,MI,AGL,CE,Federal Contract Tower,0,4,11,0,15,0,0,32,0,32,0,4,43,0,47,44,0,44,91
12/27/2010,DET,MI,AGL,CE,Federal Contract Tower,0,2,8,0,10,0,0,56,0,56,0,2,64,0,66,22,0,22,88
12/28/2010,DET,MI,AGL,CE,Federal Contract Tower,0,2,14,0,16,0,0,37,0,37,0,2,51,0,53,74,0,74,127
12/29/2010,DET,MI,AGL,CE,Federal Contract Tower,0,2,19,0,21,0,0,38,0,38,0,2,57,0,59,68,0,68,127
12/30/2010,DET,MI,AGL,CE,Federal Contract Tower,0,6,4,0,10,0,0,42,0,42,0,6,46,0,52,82,0,82,134
12/31/2010,DET,MI,AGL,CE,Federal Contract Tower,0,0,4,0,4,0,0,26,0,26,0,0,30,0,30,48,0,48,78
01/01/2011,DET,MI,AGL,CE,Federal Contract Tower,0,5,10,0,15,0,0,53,0,53,0,5,63,0,68,92,0,92,160
01/02/2011,DET,MI,AGL,CE,Federal Contract Tower,0,6,19,0,25,0,4,22,0,26,0,10,41,0,51,0,8,8,59
01/03/2011,DET,MI,AGL,CE,Federal Contract Tower,0,0,10,2,12,0,0,58,4,62,0,0,68,6,74,84,0,84,158
01/04/2011,DET,MI,AGL,CE,Federal Contract Tower,0,0,6,0,6,0,0,52,0,52,0,0,58,0,58,116,0,116,174
01/05/2011,DET,MI,AGL,CE,Federal Contract Tower,0,2,12,2,16,0,0,50,0,50,0,2,62,2,66,122,0,122,188
01/06/2011,DET,MI,AGL,CE,Federal Contract Tower,0,7,15,0,22,0,0,27,0,27,0,7,42,0,49,52,0,52,101
01/07/2011,DET,MI,AGL,CE,Federal Contract Tower,0,3,10,0,13,0,0,9,2,11,0,3,19,2,24,18,4,22,46
01/08/2011,DET,MI,AGL,CE,Federal Contract Tower,0,0,3,0,3,0,0,80,0,80,0,0,83,0,83,168,0,168,251
01/09/2011,DET,MI,AGL,CE,Federal Contract Tower,0,5,18,4,27,0,0,69,0,69,0,5,87,4,96,126,0,126,222
01/10/2011,DET,MI,AGL,CE,Federal Contract Tower,0,14,15,0,29,0,0,85,0,85,0,14,100,0,114,100,0,100,214
01/11/2011,DET,MI,AGL,CE,Federal Contract Tower,0,3,11,2,16,0,0,11,0,11,0,3,22,2,27,0,0,0,27
01/12/2011,DET,MI,AGL,CE,Federal Contract Tower,0,7,32,0,39,0,0,37,0,37,0,7,69,0,76,68,0,68,144
01/13/2011,DET,MI,AGL,CE,Federal Contract Tower,0,4,39,0,43,0,0,52,0,52,0,4,91,0,95,70,0,70,165
01/14/2011,DET,MI,AGL,CE,Federal Contract Tower,0,3,16,0,19,0,0,62,0,62,0,3,78,0,81,124,0,124,205
01/15/2011,DET,MI,AGL,CE,Federal Contract Tower,0,1,3,0,4,0,0,52,0,52,0,1,55,0,56,100,0,100,156
01/16/2011,DET,MI,AGL,CE,Federal Contract Tower,0,3,6,0,9,0,0,15,0,15,0,3,21,0,24,40,0,40,64
01/17/2011,DET,MI,AGL,CE,Federal Contract Tower,0,3,9,0,12,0,0,39,0,39,0,3,48,0,51,116,0,116,167
01/18/2011,DET,MI,AGL,CE,Federal Contract Tower,0,2,1,1,4,0,0,33,0,33,0,2,34,1,37,36,0,36,73
01/19/2011,DET,MI,AGL,CE,Federal Contract Tower,0,3,12,0,15,0,0,44,0,44,0,3,56,0,59,74,0,74,133
01/20/2011,DET,MI,AGL,CE,Federal Contract Tower,0,6,12,0,18,0,0,17,0,17,0,6,29,0,35,64,0,64,99
01/21/2011,DET,MI,AGL,CE,Federal Contract Tower,0,0,15,0,15,0,0,73,0,73,0,0,88,0,88,142,0,142,230
01/22/2011,DET,MI,AGL,CE,Federal Contract Tower,0,4,15,0,19,0,0,71,0,71,0,4,86,0,90,100,0,100,190
01/23/2011,DET,MI,AGL,CE,Federal Contract Tower,0,5,12,0,17,0,0,51,2,53,0,5,63,2,70,174,0,174,244
01/24/2011,DET,MI,AGL,CE,Federal Contract Tower,0,4,13,1,18,0,0,61,0,61,0,4,74,1,79,54,0,54,133
01/25/2011,DET,MI,AGL,CE,Federal Contract Tower,0,10,12,0,22,0,0,57,0,57,0,10,69,0,79,134,0,134,213
01/26/2011,DET,MI,AGL,CE,Federal Contract Tower,0,10,14,0,24,0,0,30,0,30,0,10,44,0,54,58,0,58,112
01/27/2011,DET,MI,AGL,CE,Federal Contract Tower,0,6,16,0,22,0,0,48,0,48,0,6,64,0,70,50,0,50,120
01/28/2011,DET,MI,AGL,CE,Federal Contract Tower,0,6,8,0,14,0,0,23,0,23,0,6,31,0,37,64,0,64,101
01/29/2011,DET,MI,AGL,CE,Federal Contract Tower,0,0,6,0,6,0,0,44,0,44,0,0,50,0,50,88,0,88,138
01/30/2011,DET,MI,AGL,CE,Federal Contract Tower,0,7,9,0,16,0,0,40,0,40,0,7,49,0,56,136,0,136,192
01/31/2011,DET,MI,AGL,CE,Federal Contract Tower,0,9,19,0,28,0,0,46,4,50,0,9,65,4,78,82,0,82,160
02/01/2011,DET,MI,AGL,CE,Federal Contract Tower,0,3,9,0,12,0,0,30,0,30,0,3,39,0,42,52,0,52,94
02/02/2011,DET,MI,AGL,CE,Federal Contract Tower,0,0,0,0,0,0,0,0,0,0,0,0,0,0,0,0,0,0,0
02/03/2011,DET,MI,AGL,CE,Federal Contract Tower,0,2,12,0,14,0,0,15,0,15,0,2,27,0,29,30,0,30,59
02/04/2011,DET,MI,AGL,CE,Federal Contract Tower,0,5,7,0,12,0,0,42,2,44,0,5,49,2,56,52,10,62,118
02/05/2011,DET,MI,AGL,CE,Federal Contract Tower,0,0,4,0,4,0,0,43,0,43,0,0,47,0,47,98,0,98,145
02/06/2011,DET,MI,AGL,CE,Federal Contract Tower,0,1,7,0,8,0,0,42,0,42,0,1,49,0,50,68,0,68,118
02/07/2011,DET,MI,AGL,CE,Federal Contract Tower,0,0,14,0,14,0,0,48,0,48,0,0,62,0,62,128,0,128,190
02/08/2011,DET,MI,AGL,CE,Federal Contract Tower,0,5,22,0,27,0,0,58,2,60,0,5,80,2,87,124,0,124,211
02/09/2011,DET,MI,AGL,CE,Federal Contract Tower,0,4,15,0,19,0,0,38,0,38,0,4,53,0,57,82,0,82,139
02/10/2011,DET,MI,AGL,CE,Federal Contract Tower,0,2,10,0,12,0,0,22,2,24,0,2,32,2,36,44,0,44,80
02/11/2011,DET,MI,AGL,CE,Federal Contract Tower,0,0,10,0,10,0,0,39,0,39,0,0,49,0,49,50,0,50,99
02/12/2011,DET,MI,AGL,CE,Federal Contract Tower,0,2,6,0,8,0,0,79,0,79,0,2,85,0,87,140,0,140,227
02/13/2011,DET,MI,AGL,CE,Federal Contract Tower,0,6,10,0,16,0,0,39,0,39,0,6,49,0,55,154,0,154,209
02/14/2011,DET,MI,AGL,CE,Federal Contract Tower,0,4,7,0,11,0,0,42,0,42,0,4,49,0,53,96,0,96,149
02/15/2011,DET,MI,AGL,CE,Federal Contract Tower,0,9,22,0,31,0,0,53,0,53,0,9,75,0,84,132,0,132,216
02/16/2011,DET,MI,AGL,CE,Federal Contract Tower,0,4,15,0,19,0,0,48,0,48,0,4,63,0,67,138,0,138,205
02/17/2011,DET,MI,AGL,CE,Federal Contract Tower,0,4,19,0,23,0,0,48,0,48,0,4,67,0,71,78,2,80,151
02/18/2011,DET,MI,AGL,CE,Federal Contract Tower,0,3,19,0,22,0,0,82,0,82,0,3,101,0,104,108,0,108,212
02/19/2011,DET,MI,AGL,CE,Federal Contract Tower,0,6,5,0,11,0,0,96,0,96,0,6,101,0,107,156,0,156,263
02/20/2011,DET,MI,AGL,CE,Federal Contract Tower,0,0,19,0,19,0,0,9,0,9,0,0,28,0,28,14,0,14,42
02/21/2011,DET,MI,AGL,CE,Federal Contract Tower,0,3,7,0,10,0,0,17,0,17,0,3,24,0,27,0,0,0,27
02/22/2011,DET,MI,AGL,CE,Federal Contract Tower,0,6,14,0,20,0,0,32,0,32,0,6,46,0,52,86,0,86,138
02/23/2011,DET,MI,AGL,CE,Federal Contract Tower,0,7,19,0,26,0,0,40,0,40,0,7,59,0,66,106,0,106,172
02/24/2011,DET,MI,AGL,CE,Federal Contract Tower,0,8,22,0,30,0,0,32,0,32,0,8,54,0,62,66,0,66,128
02/25/2011,DET,MI,AGL,CE,Federal Contract Tower,0,3,5,0,8,0,0,66,0,66,0,3,71,0,74,106,0,106,180
02/26/2011,DET,MI,AGL,CE,Federal Contract Tower,0,1,12,0,13,0,0,1,0,1,0,1,13,0,14,16,0,16,30
02/27/2011,DET,MI,AGL,CE,Federal Contract Tower,0,2,4,0,6,0,0,56,0,56,0,2,60,0,62,104,0,104,166
02/28/2011,DET,MI,AGL,CE,Federal Contract Tower,0,3,9,0,12,0,2,68,0,70,0,5,77,0,82,142,0,142,224
03/01/2011,DET,MI,AGL,CE,Federal Contract Tower,0,1,5,0,6,0,0,54,0,54,0,1,59,0,60,164,0,164,224
03/02/2011,DET,MI,AGL,CE,Federal Contract Tower,0,1,19,0,20,0,0,52,0,52,0,1,71,0,72,132,0,132,204
03/03/2011,DET,MI,AGL,CE,Federal Contract Tower,0,4,16,0,20,0,0,55,0,55,0,4,71,0,75,136,0,136,211
03/04/2011,DET,MI,AGL,CE,Federal Contract Tower,0,1,10,0,11,0,0,72,0,72,0,1,82,0,83,128,0,128,211
03/05/2011,DET,MI,AGL,CE,Federal Contract Tower,0,1,7,0,8,0,0,49,0,49,0,1,56,0,57,74,0,74,131
03/06/2011,DET,MI,AGL,CE,Federal Contract Tower,0,2,9,0,11,0,0,49,0,49,0,2,58,0,60,168,0,168,228
03/07/2011,DET,MI,AGL,CE,Federal Contract Tower,0,2,11,0,13,0,5,51,0,56,0,7,62,0,69,124,0,124,193
03/08/2011,DET,MI,AGL,CE,Federal Contract Tower,0,9,21,0,30,0,0,53,0,53,0,9,74,0,83,130,0,130,213
03/09/2011,DET,MI,AGL,CE,Federal Contract Tower,0,0,17,0,17,0,0,17,0,17,0,0,34,0,34,48,0,48,82
03/10/2011,DET,MI,AGL,CE,Federal Contract Tower,0,7,8,0,15,0,0,87,0,87,0,7,95,0,102,128,0,128,230
03/11/2011,DET,MI,AGL,CE,Federal Contract Tower,0,0,16,0,16,0,0,53,0,53,0,0,69,0,69,134,0,134,203
03/12/2011,DET,MI,AGL,CE,Federal Contract Tower,0,0,14,0,14,0,0,52,0,52,0,0,66,0,66,140,0,140,206
03/13/2011,DET,MI,AGL,CE,Federal Contract Tower,0,0,14,0,14,0,0,57,0,57,0,0,71,0,71,148,0,148,219
03/14/2011,DET,MI,AGL,CE,Federal Contract Tower,0,0,13,0,13,0,0,62,0,62,0,0,75,0,75,134,0,134,209
03/15/2011,DET,MI,AGL,CE,Federal Contract Tower,0,5,5,0,10,0,0,36,0,36,0,5,41,0,46,94,0,94,140
03/16/2011,DET,MI,AGL,CE,Federal Contract Tower,0,7,17,0,24,0,0,31,0,31,0,7,48,0,55,86,0,86,141
03/17/2011,DET,MI,AGL,CE,Federal Contract Tower,0,7,11,0,18,0,0,103,2,105,0,7,114,2,123,148,6,154,277
03/18/2011,DET,MI,AGL,CE,Federal Contract Tower,0,3,20,0,23,0,5,54,0,59,0,8,74,0,82,124,0,124,206
03/19/2011,DET,MI,AGL,CE,Federal Contract Tower,0,5,8,0,13,0,0,96,0,96,0,5,104,0,109,120,0,120,229
03/20/2011,DET,MI,AGL,CE,Federal Contract Tower,0,9,12,0,21,0,0,52,0,52,0,9,64,0,73,152,0,152,225
03/21/2011,DET,MI,AGL,CE,Federal Contract Tower,0,4,28,3,35,0,0,24,0,24,0,4,52,3,59,120,0,120,179
03/22/2011,DET,MI,AGL,CE,Federal Contract Tower,0,5,16,0,21,0,0,43,0,43,0,5,59,0,64,86,0,86,150
03/23/2011,DET,MI,AGL,CE,Federal Contract Tower,0,5,15,0,20,0,0,15,0,15,0,5,30,0,35,22,0,22,57
03/24/2011,DET,MI,AGL,CE,Federal Contract Tower,0,8,20,0,28,0,0,62,2,64,0,8,82,2,92,150,4,154,246
03/25/2011,DET,MI,AGL,CE,Federal Contract Tower,0,0,18,2,20,0,0,57,0,57,0,0,75,2,77,138,0,138,215
03/26/2011,DET,MI,AGL,CE,Federal Contract Tower,0,4,12,0,16,0,6,70,0,76,0,10,82,0,92,86,0,86,178
03/27/2011,DET,MI,AGL,CE,Federal Contract Tower,0,4,14,0,18,0,0,88,2,90,0,4,102,2,108,174,0,174,282
03/28/2011,DET,MI,AGL,CE,Federal Contract Tower,0,1,19,0,20,0,1,55,0,56,0,2,74,0,76,126,0,126,202
03/29/2011,DET,MI,AGL,CE,Federal Contract Tower,0,4,12,0,16,0,0,52,0,52,0,4,64,0,68,122,0,122,190
03/30/2011,DET,MI,AGL,CE,Federal Contract Tower,0,2,22,0,24,0,0,48,0,48,0,2,70,0,72,62,0,62,134
03/31/2011,DET,MI,AGL,CE,Federal Contract Tower,0,3,8,0,11,0,0,90,0,90,0,3,98,0,101,158,8,166,267
04/01/2011,DET,MI,AGL,CE,Federal Contract Tower,0,2,20,0,22,0,3,47,0,50,0,5,67,0,72,148,0,148,220
04/02/2011,DET,MI,AGL,CE,Federal Contract Tower,0,2,6,0,8,0,0,39,0,39,0,2,45,0,47,106,0,106,153
04/03/2011,DET,MI,AGL,CE,Federal Contract Tower,0,7,7,0,14,0,0,79,0,79,0,7,86,0,93,104,0,104,197
04/04/2011,DET,MI,AGL,CE,Federal Contract Tower,0,1,5,0,6,0,0,53,0,53,0,1,58,0,59,102,0,102,161
04/05/2011,DET,MI,AGL,CE,Federal Contract Tower,0,6,18,0,24,0,0,47,2,49,0,6,65,2,73,98,8,106,179
04/06/2011,DET,MI,AGL,CE,Federal Contract Tower,0,6,20,0,26,0,0,30,0,30,0,6,50,0,56,50,0,50,106
04/07/2011,DET,MI,AGL,CE,Federal Contract Tower,0,7,27,0,34,0,0,47,0,47,0,7,74,0,81,90,0,90,171
04/08/2011,DET,MI,AGL,CE,Federal Contract Tower,0,6,21,0,27,0,0,46,0,46,0,6,67,0,73,108,0,108,181
04/09/2011,DET,MI,AGL,CE,Federal Contract Tower,0,11,16,0,27,0,4,78,0,82,0,15,94,0,109,212,0,212,321
04/10/2011,DET,MI,AGL,CE,Federal Contract Tower,0,4,15,0,19,0,0,52,0,52,0,4,67,0,71,86,0,86,157
04/11/2011,DET,MI,AGL,CE,Federal Contract Tower,0,4,6,0,10,0,0,50,0,50,0,4,56,0,60,110,0,110,170
04/12/2011,DET,MI,AGL,CE,Federal Contract Tower,0,15,28,0,43,0,0,57,0,57,0,15,85,0,100,126,0,126,226
04/13/2011,DET,MI,AGL,CE,Federal Contract Tower,0,6,24,0,30,0,0,66,0,66,0,6,90,0,96,68,0,68,164
04/14/2011,DET,MI,AGL,CE,Federal Contract Tower,0,11,29,0,40,0,0,80,0,80,0,11,109,0,120,162,0,162,282
04/15/2011,DET,MI,AGL,CE,Federal Contract Tower,0,1,9,0,10,0,0,52,0,52,0,1,61,0,62,128,0,128,190
04/16/2011,DET,MI,AGL,CE,Federal Contract Tower,0,1,5,0,6,0,3,59,0,62,0,4,64,0,68,158,0,158,226
04/17/2011,DET,MI,AGL,CE,Federal Contract Tower,0,0,10,0,10,0,0,52,0,52,0,0,62,0,62,144,0,144,206
04/18/2011,DET,MI,AGL,CE,Federal Contract Tower,0,4,11,0,15,0,0,49,0,49,0,4,60,0,64,94,0,94,158
04/19/2011,DET,MI,AGL,CE,Federal Contract Tower,0,9,17,0,26,0,3,27,4,34,0,12,44,4,60,56,4,60,120
04/20/2011,DET,MI,AGL,CE,Federal Contract Tower,0,4,11,0,15,0,0,40,0,40,0,4,51,0,55,48,0,48,103
04/21/2011,DET,MI,AGL,CE,Federal Contract Tower,0,10,10,0,20,0,0,61,0,61,0,10,71,0,81,174,0,174,255
04/22/2011,DET,MI,AGL,CE,Federal Contract Tower,0,0,4,0,4,0,0,47,0,47,0,0,51,0,51,126,0,126,177
04/23/2011,DET,MI,AGL,CE,Federal Contract Tower,0,0,5,0,5,0,0,37,0,37,0,0,42,0,42,178,0,178,220
04/24/2011,DET,MI,AGL,CE,Federal Contract Tower,0,4,9,0,13,0,0,63,0,63,0,4,72,0,76,94,0,94,170
04/25/2011,DET,MI,AGL,CE,Federal Contract Tower,0,2,13,0,15,0,0,34,0,34,0,2,47,0,49,70,0,70,119
04/26/2011,DET,MI,AGL,CE,Federal Contract Tower,0,7,17,0,24,0,0,56,0,56,0,7,73,0,80,80,0,80,160
04/27/2011,DET,MI,AGL,CE,Federal Contract Tower,0,5,8,0,13,0,0,32,0,32,0,5,40,0,45,32,0,32,77
04/28/2011,DET,MI,AGL,CE,Federal Contract Tower,0,5,19,0,24,0,0,58,0,58,0,5,77,0,82,166,0,166,248
04/29/2011,DET,MI,AGL,CE,Federal Contract Tower,0,5,27,0,32,0,3,88,0,91,0,8,115,0,123,150,0,150,273
04/30/2011,DET,MI,AGL,CE,Federal Contract Tower,0,1,10,0,11,0,0,77,0,77,0,1,87,0,88,136,0,136,224
05/01/2011,DET,MI,AGL,CE,Federal Contract Tower,0,4,10,0,14,0,0,52,0,52,0,4,62,0,66,150,0,150,216
05/02/2011,DET,MI,AGL,CE,Federal Contract Tower,0,0,16,0,16,0,0,49,0,49,0,0,65,0,65,102,18,120,185
05/03/2011,DET,MI,AGL,CE,Federal Contract Tower,0,8,7,0,15,0,0,20,0,20,0,8,27,0,35,48,0,48,83
05/04/2011,DET,MI,AGL,CE,Federal Contract Tower,0,6,26,2,34,0,0,56,0,56,0,6,82,2,90,96,0,96,186
05/05/2011,DET,MI,AGL,CE,Federal Contract Tower,0,2,27,2,31,0,0,59,0,59,0,2,86,2,90,144,0,144,234
05/06/2011,DET,MI,AGL,CE,Federal Contract Tower,0,1,29,0,30,0,0,60,0,60,0,1,89,0,90,136,0,136,226
05/07/2011,DET,MI,AGL,CE,Federal Contract Tower,0,1,14,0,15,0,0,83,0,83,0,1,97,0,98,150,0,150,248
05/08/2011,DET,MI,AGL,CE,Federal Contract Tower,0,2,12,0,14,0,0,71,0,71,0,2,83,0,85,166,0,166,251
05/09/2011,DET,MI,AGL,CE,Federal Contract Tower,0,3,28,0,31,0,0,51,0,51,0,3,79,0,82,92,0,92,174
05/10/2011,DET,MI,AGL,CE,Federal Contract Tower,0,4,25,0,29,0,0,45,0,45,0,4,70,0,74,76,0,76,150
05/11/2011,DET,MI,AGL,CE,Federal Contract Tower,0,14,18,0,32,0,0,80,0,80,0,14,98,0,112,174,0,174,286
05/12/2011,DET,MI,AGL,CE,Federal Contract Tower,0,6,11,0,17,0,0,56,0,56,0,6,67,0,73,124,0,124,197
05/13/2011,DET,MI,AGL,CE,Federal Contract Tower,0,0,33,2,35,0,0,69,0,69,0,0,102,2,104,166,0,166,270
05/14/2011,DET,MI,AGL,CE,Federal Contract Tower,0,4,14,0,18,0,0,29,0,29,0,4,43,0,47,140,0,140,187
05/15/2011,DET,MI,AGL,CE,Federal Contract Tower,0,3,17,0,20,0,0,40,0,40,0,3,57,0,60,76,0,76,136
05/16/2011,DET,MI,AGL,CE,Federal Contract Tower,0,4,18,0,22,0,0,32,0,32,0,4,50,0,54,76,0,76,130
05/17/2011,DET,MI,AGL,CE,Federal Contract Tower,0,8,24,0,32,0,0,44,0,44,0,8,68,0,76,72,0,72,148
05/18/2011,DET,MI,AGL,CE,Federal Contract Tower,0,8,25,0,33,0,0,87,0,87,0,8,112,0,120,162,0,162,282
05/19/2011,DET,MI,AGL,CE,Federal Contract Tower,0,14,17,0,31,0,0,58,0,58,0,14,75,0,89,106,0,106,195
05/20/2011,DET,MI,AGL,CE,Federal Contract Tower,0,1,26,0,27,0,0,63,0,63,0,1,89,0,90,208,0,208,298
05/21/2011,DET,MI,AGL,CE,Federal Contract Tower,0,0,11,0,11,0,0,69,0,69,0,0,80,0,80,158,0,158,238
05/22/2011,DET,MI,AGL,CE,Federal Contract Tower,0,0,24,0,24,0,0,66,0,66,0,0,90,0,90,140,0,140,230
05/23/2011,DET,MI,AGL,CE,Federal Contract Tower,0,0,13,0,13,0,0,24,0,24,0,0,37,0,37,44,0,44,81
05/24/2011,DET,MI,AGL,CE,Federal Contract Tower,0,8,23,0,31,0,0,59,0,59,0,8,82,0,90,100,0,100,190
05/25/2011,DET,MI,AGL,CE,Federal Contract Tower,0,9,19,0,28,0,0,21,0,21,0,9,40,0,49,0,0,0,49
05/26/2011,DET,MI,AGL,CE,Federal Contract Tower,0,15,22,0,37,0,0,29,0,29,0,15,51,0,66,84,0,84,150
05/27/2011,DET,MI,AGL,CE,Federal Contract Tower,0,6,17,0,23,0,0,0,0,0,0,6,17,0,23,0,0,0,23
05/28/2011,DET,MI,AGL,CE,Federal Contract Tower,0,0,9,0,9,0,4,44,0,48,0,4,53,0,57,132,0,132,189
05/29/2011,DET,MI,AGL,CE,Federal Contract Tower,0,3,11,0,14,0,0,44,0,44,0,3,55,0,58,138,0,138,196
05/30/2011,DET,MI,AGL,CE,Federal Contract Tower,0,6,14,0,20,0,4,81,0,85,0,10,95,0,105,126,0,126,231
05/31/2011,DET,MI,AGL,CE,Federal Contract Tower,0,5,12,0,17,0,2,42,0,44,0,7,54,0,61,26,0,26,87
06/01/2011,DET,MI,AGL,CE,Federal Contract Tower,0,3,18,0,21,0,0,98,0,98,0,3,116,0,119,104,0,104,223
06/02/2011,DET,MI,AGL,CE,Federal Contract Tower,0,8,23,0,31,0,48,0,0,48,0,56,23,0,79,126,0,126,205
06/03/2011,DET,MI,AGL,CE,Federal Contract Tower,0,3,26,0,29,0,0,56,0,56,0,3,82,0,85,118,0,118,203
06/04/2011,DET,MI,AGL,CE,Federal Contract Tower,0,0,11,0,11,0,0,67,0,67,0,0,78,0,78,128,0,128,206
06/05/2011,DET,MI,AGL,CE,Federal Contract Tower,0,4,16,0,20,0,0,68,0,68,0,4,84,0,88,128,0,128,216
06/06/2011,DET,MI,AGL,CE,Federal Contract Tower,0,6,9,0,15,0,0,45,0,45,0,6,54,0,60,100,0,100,160
06/07/2011,DET,MI,AGL,CE,Federal Contract Tower,0,5,12,0,17,0,0,42,0,42,0,5,54,0,59,72,0,72,131
06/08/2011,DET,MI,AGL,CE,Federal Contract Tower,0,0,18,0,18,0,0,51,0,51,0,0,69,0,69,102,0,102,171
06/09/2011,DET,MI,AGL,CE,Federal Contract Tower,0,8,29,0,37,0,0,36,0,36,0,8,65,0,73,118,0,118,191
06/10/2011,DET,MI,AGL,CE,Federal Contract Tower,0,1,15,0,16,0,0,19,0,19,0,1,34,0,35,58,0,58,93
06/11/2011,DET,MI,AGL,CE,Federal Contract Tower,0,5,11,0,16,0,0,48,0,48,0,5,59,0,64,100,0,100,164
06/12/2011,DET,MI,AGL,CE,Federal Contract Tower,0,7,24,0,31,0,0,98,0,98,0,7,122,0,129,178,0,178,307
06/13/2011,DET,MI,AGL,CE,Federal Contract Tower,0,6,21,0,27,0,0,53,0,53,0,6,74,0,80,106,4,110,190
06/14/2011,DET,MI,AGL,CE,Federal Contract Tower,0,5,22,0,27,0,0,50,0,50,0,5,72,0,77,112,0,112,189
06/15/2011,DET,MI,AGL,CE,Federal Contract Tower,0,2,29,0,31,0,0,38,0,38,0,2,67,0,69,128,0,128,197
06/16/2011,DET,MI,AGL,CE,Federal Contract Tower,0,4,38,0,42,0,1,19,2,22,0,5,57,2,64,90,0,90,154
06/17/2011,DET,MI,AGL,CE,Federal Contract Tower,0,3,15,0,18,0,0,32,0,32,0,3,47,0,50,60,0,60,110
06/18/2011,DET,MI,AGL,CE,Federal Contract Tower,0,1,6,0,7,0,0,59,0,59,0,1,65,0,66,102,0,102,168
06/19/2011,DET,MI,AGL,CE,Federal Contract Tower,0,3,9,0,12,0,0,53,0,53,0,3,62,0,65,106,0,106,171
06/20/2011,DET,MI,AGL,CE,Federal Contract Tower,0,5,18,0,23,0,0,48,0,48,0,5,66,0,71,122,0,122,193
06/21/2011,DET,MI,AGL,CE,Federal Contract Tower,0,4,12,0,16,0,0,35,0,35,0,4,47,0,51,46,0,46,97
06/22/2011,DET,MI,AGL,CE,Federal Contract Tower,0,6,21,0,27,0,0,63,0,63,0,6,84,0,90,156,0,156,246
06/23/2011,DET,MI,AGL,CE,Federal Contract Tower,0,8,29,0,37,0,0,52,0,52,0,8,81,0,89,118,2,120,209
06/24/2011,DET,MI,AGL,CE,Federal Contract Tower,0,0,15,0,15,0,1,30,0,31,0,1,45,0,46,12,0,12,58
06/25/2011,DET,MI,AGL,CE,Federal Contract Tower,0,4,6,0,10,0,0,58,0,58,0,4,64,0,68,126,0,126,194
06/26/2011,DET,MI,AGL,CE,Federal Contract Tower,0,4,18,0,22,0,0,39,0,39,0,4,57,0,61,86,0,86,147
06/27/2011,DET,MI,AGL,CE,Federal Contract Tower,0,4,17,0,21,0,0,79,0,79,0,4,96,0,100,172,0,172,272
06/28/2011,DET,MI,AGL,CE,Federal Contract Tower,0,5,20,0,25,0,0,66,0,66,0,5,86,0,91,100,0,100,191
06/29/2011,DET,MI,AGL,CE,Federal Contract Tower,0,6,22,0,28,0,0,44,0,44,0,6,66,0,72,118,0,118,190
06/30/2011,DET,MI,AGL,CE,Federal Contract Tower,0,8,27,0,35,0,1,61,0,62,0,9,88,0,97,128,0,128,225
07/01/2011,DET,MI,AGL,CE,Federal Contract Tower,0,6,17,0,23,0,0,73,0,73,0,6,90,0,96,106,0,106,202
07/02/2011,DET,MI,AGL,CE,Federal Contract Tower,0,0,8,0,8,0,0,36,0,36,0,0,44,0,44,84,0,84,128
07/03/2011,DET,MI,AGL,CE,Federal Contract Tower,0,1,10,0,11,0,0,35,0,35,0,1,45,0,46,82,0,82,128
07/04/2011,DET,MI,AGL,CE,Federal Contract Tower,0,2,8,0,10,0,0,27,0,27,0,2,35,0,37,42,0,42,79
07/05/2011,DET,MI,AGL,CE,Federal Contract Tower,0,4,18,0,22,0,0,61,0,61,0,4,79,0,83,128,0,128,211
07/06/2011,DET,MI,AGL,CE,Federal Contract Tower,0,2,32,0,34,0,0,35,0,35,0,2,67,0,69,114,0,114,183
07/07/2011,DET,MI,AGL,CE,Federal Contract Tower,0,11,15,0,26,0,1,69,0,70,0,12,84,0,96,76,0,76,172
07/08/2011,DET,MI,AGL,CE,Federal Contract Tower,0,11,15,0,26,0,0,71,2,73,0,11,86,2,99,126,0,126,225
07/09/2011,DET,MI,AGL,CE,Federal Contract Tower,0,1,10,0,11,0,0,69,0,69,0,1,79,0,80,124,0,124,204
07/10/2011,DET,MI,AGL,CE,Federal Contract Tower,0,9,12,0,21,0,0,111,0,111,0,9,123,0,132,166,0,166,298
07/11/2011,DET,MI,AGL,CE,Federal Contract Tower,0,7,12,0,19,0,0,30,0,30,0,7,42,0,49,68,0,68,117
07/12/2011,DET,MI,AGL,CE,Federal Contract Tower,0,8,9,0,17,0,0,57,0,57,0,8,66,0,74,124,0,124,198
07/13/2011,DET,MI,AGL,CE,Federal Contract Tower,0,9,17,0,26,0,0,52,0,52,0,9,69,0,78,114,0,114,192
07/14/2011,DET,MI,AGL,CE,Federal Contract Tower,0,4,19,0,23,0,0,56,0,56,0,4,75,0,79,66,0,66,145
07/15/2011,DET,MI,AGL,CE,Federal Contract Tower,0,4,17,0,21,0,1,47,0,48,0,5,64,0,69,54,0,54,123
07/16/2011,DET,MI,AGL,CE,Federal Contract Tower,0,3,11,0,14,0,0,47,0,47,0,3,58,0,61,114,0,114,175
07/17/2011,DET,MI,AGL,CE,Federal Contract Tower,0,3,18,3,24,0,0,40,1,41,0,3,58,4,65,88,0,88,153
07/18/2011,DET,MI,AGL,CE,Federal Contract Tower,0,10,16,0,26,0,2,34,0,36,0,12,50,0,62,100,0,100,162
07/19/2011,DET,MI,AGL,CE,Federal Contract Tower,0,6,19,0,25,0,0,44,0,44,0,6,63,0,69,160,0,160,229
07/20/2011,DET,MI,AGL,CE,Federal Contract Tower,0,8,14,0,22,0,1,37,0,38,0,9,51,0,60,80,0,80,140
07/21/2011,DET,MI,AGL,CE,Federal Contract Tower,0,6,17,0,23,0,3,35,0,38,0,9,52,0,61,78,0,78,139
07/22/2011,DET,MI,AGL,CE,Federal Contract Tower,0,3,25,0,28,0,0,69,0,69,0,3,94,0,97,94,0,94,191
07/23/2011,DET,MI,AGL,CE,Federal Contract Tower,0,12,11,0,23,0,0,64,0,64,0,12,75,0,87,126,0,126,213
07/24/2011,DET,MI,AGL,CE,Federal Contract Tower,0,5,15,0,20,0,2,44,0,46,0,7,59,0,66,92,0,92,158
07/25/2011,DET,MI,AGL,CE,Federal Contract Tower,0,9,15,0,24,0,0,44,0,44,0,9,59,0,68,86,0,86,154
07/26/2011,DET,MI,AGL,CE,Federal Contract Tower,0,5,14,0,19,0,0,62,0,62,0,5,76,0,81,104,0,104,185
07/27/2011,DET,MI,AGL,CE,Federal Contract Tower,0,9,21,0,30,0,0,34,0,34,0,9,55,0,64,74,0,74,138
07/28/2011,DET,MI,AGL,CE,Federal Contract Tower,0,7,18,0,25,0,0,54,0,54,0,7,72,0,79,114,0,114,193
07/29/2011,DET,MI,AGL,CE,Federal Contract Tower,0,6,11,0,17,0,0,47,0,47,0,6,58,0,64,70,0,70,134
07/30/2011,DET,MI,AGL,CE,Federal Contract Tower,0,5,22,0,27,0,0,65,0,65,0,5,87,0,92,134,0,134,226
07/31/2011,DET,MI,AGL,CE,Federal Contract Tower,0,12,8,0,20,0,0,39,0,39,0,12,47,0,59,80,0,80,139
08/01/2011,DET,MI,AGL,CE,Federal Contract Tower,0,3,15,0,18,0,0,41,0,41,0,3,56,0,59,52,0,52,111
08/02/2011,DET,MI,AGL,CE,Federal Contract Tower,0,7,17,0,24,0,0,57,0,57,0,7,74,0,81,122,0,122,203
08/03/2011,DET,MI,AGL,CE,Federal Contract Tower,0,5,24,0,29,0,0,45,0,45,0,5,69,0,74,58,0,58,132
08/04/2011,DET,MI,AGL,CE,Federal Contract Tower,0,9,23,0,32,0,0,32,0,32,0,9,55,0,64,62,0,62,126
08/05/2011,DET,MI,AGL,CE,Federal Contract Tower,0,3,22,0,25,0,0,80,0,80,0,3,102,0,105,108,0,108,213
08/06/2011,DET,MI,AGL,CE,Federal Contract Tower,0,10,13,0,23,0,0,55,0,55,0,10,68,0,78,148,0,148,226
08/07/2011,DET,MI,AGL,CE,Federal Contract Tower,0,9,8,0,17,0,0,46,0,46,0,9,54,0,63,108,0,108,171
08/08/2011,DET,MI,AGL,CE,Federal Contract Tower,0,7,9,0,16,0,0,30,0,30,0,7,39,0,46,82,0,82,128
08/09/2011,DET,MI,AGL,CE,Federal Contract Tower,0,8,16,0,24,0,0,45,0,45,0,8,61,0,69,116,0,116,185
08/10/2011,DET,MI,AGL,CE,Federal Contract Tower,0,6,20,0,26,0,0,50,0,50,0,6,70,0,76,102,0,102,178
08/11/2011,DET,MI,AGL,CE,Federal Contract Tower,0,7,26,0,33,0,0,59,0,59,0,7,85,0,92,200,0,200,292
08/12/2011,DET,MI,AGL,CE,Federal Contract Tower,0,7,11,0,18,0,0,69,0,69,0,7,80,0,87,128,0,128,215
08/13/2011,DET,MI,AGL,CE,Federal Contract Tower,0,6,9,0,15,0,1,54,0,55,0,7,63,0,70,144,0,144,214
08/14/2011,DET,MI,AGL,CE,Federal Contract Tower,0,6,12,0,18,0,0,32,0,32,0,6,44,0,50,78,0,78,128
08/15/2011,DET,MI,AGL,CE,Federal Contract Tower,0,4,8,0,12,0,0,38,0,38,0,4,46,0,50,58,0,58,108
08/16/2011,DET,MI,AGL,CE,Federal Contract Tower,0,3,12,0,15,0,0,44,0,44,0,3,56,0,59,128,0,128,187
08/17/2011,DET,MI,AGL,CE,Federal Contract Tower,0,8,12,0,20,0,1,42,0,43,0,9,54,0,63,84,0,84,147
08/18/2011,DET,MI,AGL,CE,Federal Contract Tower,0,9,28,0,37,0,0,31,0,31,0,9,59,0,68,82,0,82,150
08/19/2011,DET,MI,AGL,CE,Federal Contract Tower,0,9,17,0,26,0,0,60,0,60,0,9,77,0,86,72,0,72,158
08/20/2011,DET,MI,AGL,CE,Federal Contract Tower,0,11,9,0,20,0,0,55,0,55,0,11,64,0,75,100,0,100,175
08/21/2011,DET,MI,AGL,CE,Federal Contract Tower,0,1,19,0,20,0,0,41,0,41,0,1,60,0,61,84,0,84,145
08/22/2011,DET,MI,AGL,CE,Federal Contract Tower,0,7,20,0,27,0,0,53,0,53,0,7,73,0,80,120,0,120,200
08/23/2011,DET,MI,AGL,CE,Federal Contract Tower,0,5,11,0,16,0,0,38,0,38,0,5,49,0,54,102,0,102,156
08/24/2011,DET,MI,AGL,CE,Federal Contract Tower,0,6,17,0,23,0,1,29,0,30,0,7,46,0,53,50,0,50,103
08/25/2011,DET,MI,AGL,CE,Federal Contract Tower,0,7,27,0,34,0,0,55,0,55,0,7,82,0,89,76,0,76,165
08/26/2011,DET,MI,AGL,CE,Federal Contract Tower,0,3,21,0,24,0,1,64,0,65,0,4,85,0,89,116,0,116,205
08/27/2011,DET,MI,AGL,CE,Federal Contract Tower,0,3,7,0,10,0,0,40,0,40,0,3,47,0,50,102,0,102,152
08/28/2011,DET,MI,AGL,CE,Federal Contract Tower,0,0,17,0,17,0,0,58,0,58,0,0,75,0,75,52,0,52,127
08/29/2011,DET,MI,AGL,CE,Federal Contract Tower,0,5,18,0,23,0,0,45,0,45,0,5,63,0,68,46,0,46,114
08/30/2011,DET,MI,AGL,CE,Federal Contract Tower,0,8,16,0,24,0,2,31,0,33,0,10,47,0,57,84,0,84,141
08/31/2011,DET,MI,AGL,CE,Federal Contract Tower,0,3,16,0,19,0,2,36,0,38,0,5,52,0,57,86,0,86,143
09/01/2011,DET,MI,AGL,CE,Federal Contract Tower,0,6,18,0,24,0,0,55,0,55,0,6,73,0,79,88,0,88,167
09/02/2011,DET,MI,AGL,CE,Federal Contract Tower,0,4,18,0,22,0,0,42,0,42,0,4,60,0,64,98,0,98,162
09/03/2011,DET,MI,AGL,CE,Federal Contract Tower,0,2,10,0,12,0,0,38,0,38,0,2,48,0,50,92,0,92,142
09/04/2011,DET,MI,AGL,CE,Federal Contract Tower,0,5,1,0,6,0,0,38,0,38,0,5,39,0,44,28,0,28,72
09/05/2011,DET,MI,AGL,CE,Federal Contract Tower,0,6,18,0,24,0,0,28,0,28,0,6,46,0,52,100,0,100,152
09/06/2011,DET,MI,AGL,CE,Federal Contract Tower,0,6,6,0,12,0,0,34,0,34,0,6,40,0,46,68,0,68,114
09/07/2011,DET,MI,AGL,CE,Federal Contract Tower,0,0,18,0,18,0,0,11,0,11,0,0,29,0,29,0,0,0,29
09/08/2011,DET,MI,AGL,CE,Federal Contract Tower,0,18,33,0,51,0,0,34,0,34,0,18,67,0,85,0,0,0,85
09/09/2011,DET,MI,AGL,CE,Federal Contract Tower,0,5,21,0,26,0,0,41,0,41,0,5,62,0,67,78,0,78,145
09/10/2011,DET,MI,AGL,CE,Federal Contract Tower,0,3,9,0,12,0,0,16,0,16,0,3,25,0,28,34,0,34,62
09/11/2011,DET,MI,AGL,CE,Federal Contract Tower,0,5,11,0,16,0,0,47,0,47,0,5,58,0,63,92,0,92,155
09/12/2011,DET,MI,AGL,CE,Federal Contract Tower,0,5,21,0,26,0,0,52,0,52,0,5,73,0,78,122,0,122,200
09/13/2011,DET,MI,AGL,CE,Federal Contract Tower,0,11,6,0,17,0,1,21,0,22,0,12,27,0,39,8,0,8,47
09/14/2011,DET,MI,AGL,CE,Federal Contract Tower,0,8,18,0,26,0,1,40,0,41,0,9,58,0,67,4,0,4,71
09/15/2011,DET,MI,AGL,CE,Federal Contract Tower,0,6,20,0,26,0,0,68,0,68,0,6,88,0,94,52,0,52,146
09/16/2011,DET,MI,AGL,CE,Federal Contract Tower,0,1,28,0,29,0,2,43,0,45,0,3,71,0,74,78,0,78,152
09/17/2011,DET,MI,AGL,CE,Federal Contract Tower,0,1,19,0,20,0,0,61,0,61,0,1,80,0,81,144,0,144,225
09/18/2011,DET,MI,AGL,CE,Federal Contract Tower,0,2,13,0,15,0,0,44,0,44,0,2,57,0,59,38,0,38,97
09/19/2011,DET,MI,AGL,CE,Federal Contract Tower,0,7,19,0,26,0,0,29,0,29,0,7,48,0,55,64,0,64,119
09/20/2011,DET,MI,AGL,CE,Federal Contract Tower,0,11,32,0,43,0,1,41,0,42,0,12,73,0,85,104,0,104,189
09/21/2011,DET,MI,AGL,CE,Federal Contract Tower,0,11,24,0,35,0,0,31,0,31,0,11,55,0,66,0,0,0,66
09/22/2011,DET,MI,AGL,CE,Federal Contract Tower,0,10,21,0,31,0,0,57,0,57,0,10,78,0,88,116,0,116,204
09/23/2011,DET,MI,AGL,CE,Federal Contract Tower,0,8,24,0,32,0,0,33,0,33,0,8,57,0,65,42,0,42,107
09/24/2011,DET,MI,AGL,CE,Federal Contract Tower,0,1,17,0,18,0,2,35,0,37,0,3,52,0,55,88,0,88,143
09/25/2011,DET,MI,AGL,CE,Federal Contract Tower,0,5,9,0,14,0,0,26,0,26,0,5,35,0,40,26,0,26,66
09/26/2011,DET,MI,AGL,CE,Federal Contract Tower,0,4,19,0,23,0,0,39,0,39,0,4,58,0,62,104,0,104,166
09/27/2011,DET,MI,AGL,CE,Federal Contract Tower,0,6,13,0,19,0,0,29,0,29,0,6,42,0,48,36,0,36,84
09/28/2011,DET,MI,AGL,CE,Federal Contract Tower,0,4,16,0,20,0,0,48,0,48,0,4,64,0,68,38,0,38,106
09/29/2011,DET,MI,AGL,CE,Federal Contract Tower,0,2,32,0,34,0,0,35,0,35,0,2,67,0,69,84,0,84,153
09/30/2011,DET,MI,AGL,CE,Federal Contract Tower,0,3,12,0,15,0,0,38,0,38,0,3,50,0,53,78,0,78,131
10/01/2011,DET,MI,AGL,CE,Federal Contract Tower,0,2,12,0,14,0,2,35,0,37,0,4,47,0,51,84,0,84,135
10/02/2011,DET,MI,AGL,CE,Federal Contract Tower,0,7,16,0,23,0,0,36,0,36,0,7,52,0,59,50,0,50,109
10/03/2011,DET,MI,AGL,CE,Federal Contract Tower,0,4,17,0,21,0,0,40,0,40,0,4,57,0,61,100,0,100,161
10/04/2011,DET,MI,AGL,CE,Federal Contract Tower,0,8,25,0,33,0,0,42,0,42,0,8,67,0,75,62,0,62,137
10/05/2011,DET,MI,AGL,CE,Federal Contract Tower,0,4,24,0,28,0,0,64,0,64,0,4,88,0,92,4,0,4,96
10/06/2011,DET,MI,AGL,CE,Federal Contract Tower,0,3,28,0,31,0,0,73,0,73,0,3,101,0,104,100,0,100,204
10/07/2011,DET,MI,AGL,CE,Federal Contract Tower,0,7,23,0,30,0,0,44,0,44,0,7,67,0,74,96,0,96,170
10/08/2011,DET,MI,AGL,CE,Federal Contract Tower,0,7,4,0,11,0,0,46,0,46,0,7,50,0,57,114,0,114,171
10/09/2011,DET,MI,AGL,CE,Federal Contract Tower,0,7,14,0,21,0,0,92,0,92,0,7,106,0,113,116,0,116,229
10/10/2011,DET,MI,AGL,CE,Federal Contract Tower,0,6,26,0,32,0,0,69,0,69,0,6,95,0,101,82,0,82,183
10/11/2011,DET,MI,AGL,CE,Federal Contract Tower,0,16,53,0,69,0,0,62,0,62,0,16,115,0,131,98,0,98,229
10/12/2011,DET,MI,AGL,CE,Federal Contract Tower,0,23,38,0,61,0,0,39,0,39,0,23,77,0,100,48,0,48,148
10/13/2011,DET,MI,AGL,CE,Federal Contract Tower,0,19,29,0,48,0,0,39,0,39,0,19,68,0,87,48,0,48,135
10/14/2011,DET,MI,AGL,CE,Federal Contract Tower,0,0,14,0,14,0,4,21,0,25,0,4,35,0,39,0,0,0,39
10/15/2011,DET,MI,AGL,CE,Federal Contract Tower,0,6,8,0,14,0,0,21,0,21,0,6,29,0,35,34,0,34,69
10/16/2011,DET,MI,AGL,CE,Federal Contract Tower,0,3,10,0,13,0,0,49,0,49,0,3,59,0,62,114,0,114,176
10/17/2011,DET,MI,AGL,CE,Federal Contract Tower,0,10,20,0,30,0,0,38,0,38,0,10,58,0,68,110,0,110,178
10/18/2011,DET,MI,AGL,CE,Federal Contract Tower,0,2,12,0,14,0,0,53,0,53,0,2,65,0,67,92,0,92,159
10/19/2011,DET,MI,AGL,CE,Federal Contract Tower,0,5,18,0,23,0,0,38,0,38,0,5,56,0,61,0,0,0,61
10/20/2011,DET,MI,AGL,CE,Federal Contract Tower,0,2,11,0,13,0,0,16,0,16,0,2,27,0,29,24,0,24,53
10/21/2011,DET,MI,AGL,CE,Federal Contract Tower,0,5,32,0,37,0,0,39,0,39,0,5,71,0,76,58,0,58,134
10/22/2011,DET,MI,AGL,CE,Federal Contract Tower,0,5,10,0,15,0,0,43,0,43,0,5,53,0,58,74,0,74,132
10/23/2011,DET,MI,AGL,CE,Federal Contract Tower,0,13,18,2,33,0,0,57,0,57,0,13,75,2,90,160,0,160,250
10/24/2011,DET,MI,AGL,CE,Federal Contract Tower,0,4,7,0,11,0,1,29,0,30,0,5,36,0,41,74,0,74,115
10/25/2011,DET,MI,AGL,CE,Federal Contract Tower,0,9,7,0,16,0,5,50,0,55,0,14,57,0,71,88,0,88,159
10/26/2011,DET,MI,AGL,CE,Federal Contract Tower,0,4,18,0,22,0,0,56,0,56,0,4,74,0,78,88,0,88,166
10/27/2011,DET,MI,AGL,CE,Federal Contract Tower,0,5,10,0,15,0,1,33,0,34,0,6,43,0,49,74,0,74,123
10/28/2011,DET,MI,AGL,CE,Federal Contract Tower,0,14,25,0,39,0,0,53,0,53,0,14,78,0,92,50,0,50,142
10/29/2011,DET,MI,AGL,CE,Federal Contract Tower,0,6,7,0,13,0,0,66,0,66,0,6,73,0,79,68,0,68,147
10/30/2011,DET,MI,AGL,CE,Federal Contract Tower,0,11,14,0,25,0,0,64,0,64,0,11,78,0,89,162,0,162,251
10/31/2011,DET,MI,AGL,CE,Federal Contract Tower,0,7,7,0,14,0,3,33,0,36,0,10,40,0,50,56,0,56,106
11/01/2011,DET,MI,AGL,CE,Federal Contract Tower,0,12,14,0,26,0,1,51,0,52,0,13,65,0,78,140,2,142,220
11/02/2011,DET,MI,AGL,CE,Federal Contract Tower,0,12,14,0,26,0,2,60,0,62,0,14,74,0,88,114,0,114,202
11/03/2011,DET,MI,AGL,CE,Federal Contract Tower,0,15,20,0,35,0,0,50,0,50,0,15,70,0,85,88,0,88,173
11/04/2011,DET,MI,AGL,CE,Federal Contract Tower,0,5,17,2,24,0,1,56,0,57,0,6,73,2,81,130,0,130,211
11/05/2011,DET,MI,AGL,CE,Federal Contract Tower,0,5,13,0,18,0,0,43,0,43,0,5,56,0,61,128,0,128,189
11/06/2011,DET,MI,AGL,CE,Federal Contract Tower,0,13,14,0,27,0,0,52,0,52,0,13,66,0,79,166,0,166,245
11/07/2011,DET,MI,AGL,CE,Federal Contract Tower,0,4,12,0,16,0,0,16,0,16,0,4,28,0,32,54,0,54,86
11/08/2011,DET,MI,AGL,CE,Federal Contract Tower,0,12,22,0,34,0,0,26,0,26,0,12,48,0,60,4,0,4,64
11/09/2011,DET,MI,AGL,CE,Federal Contract Tower,0,6,15,0,21,0,0,59,0,59,0,6,74,0,80,112,0,112,192
11/10/2011,DET,MI,AGL,CE,Federal Contract Tower,0,7,17,0,24,0,0,42,0,42,0,7,59,0,66,58,0,58,124
11/11/2011,DET,MI,AGL,CE,Federal Contract Tower,0,0,16,0,16,0,0,32,0,32,0,0,48,0,48,70,0,70,118
11/12/2011,DET,MI,AGL,CE,Federal Contract Tower,0,1,10,0,11,0,1,52,0,53,0,2,62,0,64,92,0,92,156
11/13/2011,DET,MI,AGL,CE,Federal Contract Tower,0,2,9,0,11,0,0,15,0,15,0,2,24,0,26,10,0,10,36
11/14/2011,DET,MI,AGL,CE,Federal Contract Tower,0,8,8,0,16,0,1,19,0,20,0,9,27,0,36,0,0,0,36
11/15/2011,DET,MI,AGL,CE,Federal Contract Tower,0,4,16,0,20,0,4,58,0,62,0,8,74,0,82,128,0,128,210
11/16/2011,DET,MI,AGL,CE,Federal Contract Tower,0,2,9,0,11,0,0,56,0,56,0,2,65,0,67,64,0,64,131
11/17/2011,DET,MI,AGL,CE,Federal Contract Tower,0,4,21,0,25,0,0,42,0,42,0,4,63,0,67,88,0,88,155
11/18/2011,DET,MI,AGL,CE,Federal Contract Tower,0,7,23,0,30,0,0,48,0,48,0,7,71,0,78,98,0,98,176
11/19/2011,DET,MI,AGL,CE,Federal Contract Tower,0,7,3,0,10,0,0,50,0,50,0,7,53,0,60,72,0,72,132
11/20/2011,DET,MI,AGL,CE,Federal Contract Tower,0,13,15,0,28,0,0,49,0,49,0,13,64,0,77,118,0,118,195
11/21/2011,DET,MI,AGL,CE,Federal Contract Tower,0,3,11,0,14,0,2,20,0,22,0,5,31,0,36,136,0,136,172
11/22/2011,DET,MI,AGL,CE,Federal Contract Tower,0,8,16,0,24,0,0,30,0,30,0,8,46,0,54,48,10,58,112
11/23/2011,DET,MI,AGL,CE,Federal Contract Tower,0,4,17,0,21,0,0,52,0,52,0,4,69,0,73,158,0,158,231
11/24/2011,DET,MI,AGL,CE,Federal Contract Tower,0,12,12,0,24,0,0,16,0,16,0,12,28,0,40,24,0,24,64
11/25/2011,DET,MI,AGL,CE,Federal Contract Tower,0,4,5,0,9,0,0,48,0,48,0,4,53,0,57,58,0,58,115
11/26/2011,DET,MI,AGL,CE,Federal Contract Tower,0,1,6,0,7,0,0,31,0,31,0,1,37,0,38,60,0,60,98
11/27/2011,DET,MI,AGL,CE,Federal Contract Tower,0,6,20,0,26,0,0,44,0,44,0,6,64,0,70,42,0,42,112
11/28/2011,DET,MI,AGL,CE,Federal Contract Tower,0,8,12,0,20,0,1,38,0,39,0,9,50,0,59,110,0,110,169
11/29/2011,DET,MI,AGL,CE,Federal Contract Tower,0,2,9,0,11,0,0,31,0,31,0,2,40,0,42,0,0,0,42
11/30/2011,DET,MI,AGL,CE,Federal Contract Tower,0,5,11,0,16,0,0,41,0,41,0,5,52,0,57,52,0,52,109
12/01/2011,DET,MI,AGL,CE,Federal Contract Tower,0,5,18,0,23,0,0,33,0,33,0,5,51,0,56,60,0,60,116
12/02/2011,DET,MI,AGL,CE,Federal Contract Tower,0,7,17,0,24,0,0,41,2,43,0,7,58,2,67,156,0,156,223
12/03/2011,DET,MI,AGL,CE,Federal Contract Tower,0,5,18,0,23,0,0,41,0,41,0,5,59,0,64,92,0,92,156
12/04/2011,DET,MI,AGL,CE,Federal Contract Tower,0,2,5,0,7,0,0,4,0,4,0,2,9,0,11,0,0,0,11
12/05/2011,DET,MI,AGL,CE,Federal Contract Tower,0,6,21,0,27,0,0,29,0,29,0,6,50,0,56,84,0,84,140
12/06/2011,DET,MI,AGL,CE,Federal Contract Tower,0,10,10,0,20,0,0,38,0,38,0,10,48,0,58,22,0,22,80
12/07/2011,DET,MI,AGL,CE,Federal Contract Tower,0,9,19,0,28,0,0,61,0,61,0,9,80,0,89,162,0,162,251
12/08/2011,DET,MI,AGL,CE,Federal Contract Tower,0,12,18,0,30,0,18,45,0,63,0,30,63,0,93,104,0,104,197
12/09/2011,DET,MI,AGL,CE,Federal Contract Tower,0,7,8,0,15,0,0,16,0,16,0,7,24,0,31,24,0,24,55
12/10/2011,DET,MI,AGL,CE,Federal Contract Tower,0,2,14,0,16,0,0,37,0,37,0,2,51,0,53,72,0,72,125
12/11/2011,DET,MI,AGL,CE,Federal Contract Tower,0,4,18,0,22,0,0,26,0,26,0,4,44,0,48,86,0,86,134
12/12/2011,DET,MI,AGL,CE,Federal Contract Tower,0,7,14,0,21,0,3,50,0,53,0,10,64,0,74,72,0,72,146
12/13/2011,DET,MI,AGL,CE,Federal Contract Tower,0,8,9,0,17,0,0,68,0,68,0,8,77,0,85,132,0,132,217
12/14/2011,DET,MI,AGL,CE,Federal Contract Tower,0,9,13,0,22,0,0,27,0,27,0,9,40,0,49,0,0,0,49
12/15/2011,DET,MI,AGL,CE,Federal Contract Tower,0,5,20,0,25,0,0,16,0,16,0,5,36,0,41,40,0,40,81
12/16/2011,DET,MI,AGL,CE,Federal Contract Tower,0,6,17,0,23,0,0,46,0,46,0,6,63,0,69,68,0,68,137
12/17/2011,DET,MI,AGL,CE,Federal Contract Tower,0,5,5,0,10,0,0,35,0,35,0,5,40,0,45,58,0,58,103
12/18/2011,DET,MI,AGL,CE,Federal Contract Tower,0,2,8,0,10,0,1,37,0,38,0,3,45,0,48,76,0,76,124
12/19/2011,DET,MI,AGL,CE,Federal Contract Tower,0,5,9,0,14,0,1,34,0,35,0,6,43,0,49,60,0,60,109
12/20/2011,DET,MI,AGL,CE,Federal Contract Tower,0,2,17,0,19,0,0,65,0,65,0,2,82,0,84,144,0,144,228
12/21/2011,DET,MI,AGL,CE,Federal Contract Tower,0,3,4,0,7,0,0,13,0,13,0,3,17,0,20,0,0,0,20
12/22/2011,DET,MI,AGL,CE,Federal Contract Tower,0,11,12,0,23,0,0,33,0,33,0,11,45,0,56,60,0,60,116
12/23/2011,DET,MI,AGL,CE,Federal Contract Tower,0,2,8,0,10,0,0,34,0,34,0,2,42,0,44,88,0,88,132
12/24/2011,DET,MI,AGL,CE,Federal Contract Tower,0,3,8,0,11,0,0,39,0,39,0,3,47,0,50,106,0,106,156
12/25/2011,DET,MI,AGL,CE,Federal Contract Tower,0,3,5,0,8,0,5,4,0,9,0,8,9,0,17,2,0,2,19
12/26/2011,DET,MI,AGL,CE,Federal Contract Tower,0,3,12,0,15,0,0,34,0,34,0,3,46,0,49,42,0,42,91
12/27/2011,DET,MI,AGL,CE,Federal Contract Tower,0,5,4,0,9,0,0,23,0,23,0,5,27,0,32,0,0,0,32
12/28/2011,DET,MI,AGL,CE,Federal Contract Tower,0,2,11,0,13,0,0,32,0,32,0,2,43,0,45,64,0,64,109
12/29/2011,DET,MI,AGL,CE,Federal Contract Tower,0,0,4,0,4,0,0,28,0,28,0,0,32,0,32,56,0,56,88
12/30/2011,DET,MI,AGL,CE,Federal Contract Tower,0,3,4,0,7,0,0,6,0,6,0,3,10,0,13,46,0,46,59
12/31/2011,DET,MI,AGL,CE,Federal Contract Tower,0,2,4,0,6,0,0,56,0,56,0,2,60,0,62,284,0,284,346
01/01/2012,DET,MI,AGL,CE,Federal Contract Tower,0,1,1,0,2,0,2,15,0,17,0,3,16,0,19,40,0,40,59
01/02/2012,DET,MI,AGL,CE,Federal Contract Tower,0,7,9,0,16,0,0,19,0,19,0,7,28,0,35,40,0,40,75
01/03/2012,DET,MI,AGL,CE,Federal Contract Tower,0,0,8,0,8,0,1,29,0,30,0,1,37,0,38,92,0,92,130
01/04/2012,DET,MI,AGL,CE,Federal Contract Tower,0,7,14,0,21,0,0,19,0,19,0,7,33,0,40,14,0,14,54
01/05/2012,DET,MI,AGL,CE,Federal Contract Tower,0,6,17,1,24,0,2,57,4,63,0,8,74,5,87,114,2,116,203
01/06/2012,DET,MI,AGL,CE,Federal Contract Tower,0,2,18,2,22,0,0,53,0,53,0,2,71,2,75,118,0,118,193
01/07/2012,DET,MI,AGL,CE,Federal Contract Tower,0,2,5,1,8,0,0,65,0,65,0,2,70,1,73,116,0,116,189
01/08/2012,DET,MI,AGL,CE,Federal Contract Tower,0,5,13,0,18,0,1,62,0,63,0,6,75,0,81,130,0,130,211
01/09/2012,DET,MI,AGL,CE,Federal Contract Tower,0,9,16,0,25,0,2,39,0,41,0,11,55,0,66,20,0,20,86
01/10/2012,DET,MI,AGL,CE,Federal Contract Tower,0,3,11,0,14,0,0,39,0,39,0,3,50,0,53,59,0,59,112
01/11/2012,DET,MI,AGL,CE,Federal Contract Tower,0,16,48,0,64,0,0,56,0,56,0,16,104,0,120,118,0,118,238
01/12/2012,DET,MI,AGL,CE,Federal Contract Tower,0,9,33,0,42,0,0,32,0,32,0,9,65,0,74,40,0,40,114
01/13/2012,DET,MI,AGL,CE,Federal Contract Tower,0,4,10,0,14,0,0,1,0,1,0,4,11,0,15,0,4,4,19
01/14/2012,DET,MI,AGL,CE,Federal Contract Tower,0,3,13,0,16,0,0,22,0,22,0,3,35,0,38,42,0,42,80
01/15/2012,DET,MI,AGL,CE,Federal Contract Tower,0,3,11,1,15,0,0,38,0,38,0,3,49,1,53,106,0,106,159
01/16/2012,DET,MI,AGL,CE,Federal Contract Tower,0,5,18,2,25,0,0,24,0,24,0,5,42,2,49,8,8,16,65
01/17/2012,DET,MI,AGL,CE,Federal Contract Tower,0,4,9,0,13,0,0,27,0,27,0,4,36,0,40,0,0,0,40
01/18/2012,DET,MI,AGL,CE,Federal Contract Tower,0,3,18,2,23,0,1,43,0,44,0,4,61,2,67,102,0,102,169
01/19/2012,DET,MI,AGL,CE,Federal Contract Tower,0,2,12,0,14,0,0,21,0,21,0,2,33,0,35,0,0,0,35
01/20/2012,DET,MI,AGL,CE,Federal Contract Tower,0,6,17,0,23,0,2,30,0,32,0,8,47,0,55,44,0,44,99
01/21/2012,DET,MI,AGL,CE,Federal Contract Tower,0,1,11,0,12,0,0,53,0,53,0,1,64,0,65,124,0,124,189
01/22/2012,DET,MI,AGL,CE,Federal Contract Tower,0,2,1,0,3,0,0,31,0,31,0,2,32,0,34,78,0,78,112
01/23/2012,DET,MI,AGL,CE,Federal Contract Tower,0,2,9,0,11,0,0,15,0,15,0,2,24,0,26,0,0,0,26
01/24/2012,DET,MI,AGL,CE,Federal Contract Tower,0,2,10,0,12,0,0,34,0,34,0,2,44,0,46,56,0,56,102
01/25/2012,DET,MI,AGL,CE,Federal Contract Tower,0,4,9,1,14,0,0,28,4,32,0,4,37,5,46,44,0,44,90
01/26/2012,DET,MI,AGL,CE,Federal Contract Tower,0,6,8,0,14,0,0,6,0,6,0,6,14,0,20,0,0,0,20
01/27/2012,DET,MI,AGL,CE,Federal Contract Tower,0,1,19,0,20,0,0,31,0,31,0,1,50,0,51,32,0,32,83
01/28/2012,DET,MI,AGL,CE,Federal Contract Tower,0,0,1,0,1,0,0,62,0,62,0,0,63,0,63,100,0,100,163
01/29/2012,DET,MI,AGL,CE,Federal Contract Tower,0,0,3,0,3,0,0,1,0,1,0,0,4,0,4,20,0,20,24
01/30/2012,DET,MI,AGL,CE,Federal Contract Tower,0,2,14,0,16,0,0,14,0,14,0,2,28,0,30,6,0,6,36
01/31/2012,DET,MI,AGL,CE,Federal Contract Tower,0,0,12,0,12,0,2,33,0,35,0,2,45,0,47,0,0,0,47
02/01/2012,DET,MI,AGL,CE,Federal Contract Tower,0,5,12,0,17,0,1,32,0,33,0,6,44,0,50,58,0,58,108
02/02/2012,DET,MI,AGL,CE,Federal Contract Tower,0,7,18,0,25,0,0,29,0,29,0,7,47,0,54,60,0,60,114
02/03/2012,DET,MI,AGL,CE,Federal Contract Tower,0,3,13,0,16,0,4,33,0,37,0,7,46,0,53,66,0,66,119
02/04/2012,DET,MI,AGL,CE,Federal Contract Tower,0,0,3,0,3,0,0,61,0,61,0,0,64,0,64,144,0,144,208
02/05/2012,DET,MI,AGL,CE,Federal Contract Tower,0,2,7,0,9,0,0,48,0,48,0,2,55,0,57,62,0,62,119
02/06/2012,DET,MI,AGL,CE,Federal Contract Tower,0,4,15,0,19,0,0,54,0,54,0,4,69,0,73,72,0,72,145
02/07/2012,DET,MI,AGL,CE,Federal Contract Tower,0,6,16,0,22,0,0,36,0,36,0,6,52,0,58,44,0,44,102
02/08/2012,DET,MI,AGL,CE,Federal Contract Tower,0,4,15,0,19,0,0,50,0,50,0,4,65,0,69,132,0,132,201
02/09/2012,DET,MI,AGL,CE,Federal Contract Tower,0,2,19,0,21,0,0,39,0,39,0,2,58,0,60,90,0,90,150
02/10/2012,DET,MI,AGL,CE,Federal Contract Tower,0,6,5,0,11,0,0,17,0,17,0,6,22,0,28,62,0,62,90
02/11/2012,DET,MI,AGL,CE,Federal Contract Tower,0,3,2,0,5,0,0,6,0,6,0,3,8,0,11,10,0,10,21
02/12/2012,DET,MI,AGL,CE,Federal Contract Tower,0,2,14,0,16,0,0,22,0,22,0,2,36,0,38,8,0,8,46
02/13/2012,DET,MI,AGL,CE,Federal Contract Tower,0,5,13,0,18,0,1,32,0,33,0,6,45,0,51,42,3,45,96
02/14/2012,DET,MI,AGL,CE,Federal Contract Tower,0,7,7,0,14,0,0,36,0,36,0,7,43,0,50,46,0,46,96
02/15/2012,DET,MI,AGL,CE,Federal Contract Tower,0,5,18,0,23,0,0,25,0,25,0,5,43,0,48,44,0,44,92
02/16/2012,DET,MI,AGL,CE,Federal Contract Tower,0,8,16,0,24,0,0,19,0,19,0,8,35,0,43,0,0,0,43
02/17/2012,DET,MI,AGL,CE,Federal Contract Tower,0,4,16,0,20,0,0,45,0,45,0,4,61,0,65,86,0,86,151
02/18/2012,DET,MI,AGL,CE,Federal Contract Tower,0,1,4,0,5,0,1,33,0,34,0,2,37,0,39,64,0,64,103
02/19/2012,DET,MI,AGL,CE,Federal Contract Tower,0,4,12,0,16,0,0,33,0,33,0,4,45,0,49,14,0,14,63
02/20/2012,DET,MI,AGL,CE,Federal Contract Tower,0,8,13,0,21,0,3,35,0,38,0,11,48,0,59,112,16,128,187
02/21/2012,DET,MI,AGL,CE,Federal Contract Tower,0,5,13,0,18,0,2,9,0,11,0,7,22,0,29,0,0,0,29
02/22/2012,DET,MI,AGL,CE,Federal Contract Tower,0,14,22,0,36,0,24,38,0,62,0,38,60,0,98,72,0,72,170
02/23/2012,DET,MI,AGL,CE,Federal Contract Tower,0,8,13,0,21,0,0,34,0,34,0,8,47,0,55,64,0,64,119
02/24/2012,DET,MI,AGL,CE,Federal Contract Tower,0,2,5,0,7,0,0,30,0,30,0,2,35,0,37,0,0,0,37
02/25/2012,DET,MI,AGL,CE,Federal Contract Tower,0,2,7,0,9,0,0,44,0,44,0,2,51,0,53,104,0,104,157
02/26/2012,DET,MI,AGL,CE,Federal Contract Tower,0,4,12,1,17,0,0,32,0,32,0,4,44,1,49,32,22,54,103
02/27/2012,DET,MI,AGL,CE,Federal Contract Tower,0,4,12,0,16,0,0,26,0,26,0,4,38,0,42,0,0,0,42
02/28/2012,DET,MI,AGL,CE,Federal Contract Tower,0,14,10,0,24,0,0,32,0,32,0,14,42,0,56,90,0,90,146
02/29/2012,DET,MI,AGL,CE,Federal Contract Tower,0,7,7,0,14,0,0,1,0,1,0,7,8,0,15,0,0,0,15
03/01/2012,DET,MI,AGL,CE,Federal Contract Tower,0,5,12,0,17,0,0,23,0,23,0,5,35,0,40,84,0,84,124
03/02/2012,DET,MI,AGL,CE,Federal Contract Tower,0,2,6,0,8,0,0,12,0,12,0,2,18,0,20,38,0,38,58
03/03/2012,DET,MI,AGL,CE,Federal Contract Tower,0,0,4,0,4,0,0,33,0,33,0,0,37,0,37,80,0,80,117
03/04/2012,DET,MI,AGL,CE,Federal Contract Tower,0,7,12,0,19,0,0,25,0,25,0,7,37,0,44,26,0,26,70
03/05/2012,DET,MI,AGL,CE,Federal Contract Tower,0,3,8,0,11,0,0,51,0,51,0,3,59,0,62,116,0,116,178
03/06/2012,DET,MI,AGL,CE,Federal Contract Tower,0,1,11,0,12,0,2,27,0,29,0,3,38,0,41,46,0,46,87
03/07/2012,DET,MI,AGL,CE,Federal Contract Tower,0,6,9,0,15,0,3,11,0,14,0,9,20,0,29,0,0,0,29
03/08/2012,DET,MI,AGL,CE,Federal Contract Tower,0,7,15,0,22,0,0,20,0,20,0,7,35,0,42,36,0,36,78
03/09/2012,DET,MI,AGL,CE,Federal Contract Tower,0,4,19,0,23,0,0,48,0,48,0,4,67,0,71,98,0,98,169
03/10/2012,DET,MI,AGL,CE,Federal Contract Tower,0,1,10,0,11,0,2,38,0,40,0,3,48,0,51,94,0,94,145
03/11/2012,DET,MI,AGL,CE,Federal Contract Tower,0,6,5,0,11,0,0,54,0,54,0,6,59,0,65,136,0,136,201
03/12/2012,DET,MI,AGL,CE,Federal Contract Tower,0,6,10,0,16,0,1,38,0,39,0,7,48,0,55,78,2,80,135
03/13/2012,DET,MI,AGL,CE,Federal Contract Tower,0,1,18,0,19,0,0,40,0,40,0,1,58,0,59,100,0,100,159
03/14/2012,DET,MI,AGL,CE,Federal Contract Tower,0,1,15,0,16,0,0,41,0,41,0,1,56,0,57,48,0,48,105
03/15/2012,DET,MI,AGL,CE,Federal Contract Tower,0,5,6,0,11,0,0,9,0,9,0,5,15,0,20,34,0,34,54
03/16/2012,DET,MI,AGL,CE,Federal Contract Tower,0,3,13,0,16,0,0,39,0,39,0,3,52,0,55,86,0,86,141
03/17/2012,DET,MI,AGL,CE,Federal Contract Tower,0,2,8,0,10,0,1,69,0,70,0,3,77,0,80,176,0,176,256
03/18/2012,DET,MI,AGL,CE,Federal Contract Tower,0,2,11,0,13,0,0,56,0,56,0,2,67,0,69,110,0,110,179
03/19/2012,DET,MI,AGL,CE,Federal Contract Tower,0,3,18,0,21,0,0,45,0,45,0,3,63,0,66,126,0,126,192
03/20/2012,DET,MI,AGL,CE,Federal Contract Tower,0,10,16,0,26,0,0,46,0,46,0,10,62,0,72,106,0,106,178
03/21/2012,DET,MI,AGL,CE,Federal Contract Tower,0,2,10,0,12,0,0,64,0,64,0,2,74,0,76,112,0,112,188
03/22/2012,DET,MI,AGL,CE,Federal Contract Tower,0,0,11,0,11,0,0,23,0,23,0,0,34,0,34,50,0,50,84
03/23/2012,DET,MI,AGL,CE,Federal Contract Tower,0,0,6,0,6,0,0,62,0,62,0,0,68,0,68,156,0,156,224
03/24/2012,DET,MI,AGL,CE,Federal Contract Tower,0,4,13,0,17,0,0,12,0,12,0,4,25,0,29,12,0,12,41
03/25/2012,DET,MI,AGL,CE,Federal Contract Tower,0,0,8,0,8,0,1,62,0,63,0,1,70,0,71,122,0,122,193
03/26/2012,DET,MI,AGL,CE,Federal Contract Tower,0,16,0,0,16,0,2,44,0,46,0,18,44,0,62,108,0,108,170
03/27/2012,DET,MI,AGL,CE,Federal Contract Tower,0,4,19,0,23,0,0,39,0,39,0,4,58,0,62,84,0,84,146
03/28/2012,DET,MI,AGL,CE,Federal Contract Tower,0,5,15,0,20,0,0,48,0,48,0,5,63,0,68,84,0,84,152
03/29/2012,DET,MI,AGL,CE,Federal Contract Tower,0,8,13,0,21,0,0,31,0,31,0,8,44,0,52,106,0,106,158
03/30/2012,DET,MI,AGL,CE,Federal Contract Tower,0,1,7,0,8,0,0,17,0,17,0,1,24,0,25,24,0,24,49
03/31/2012,DET,MI,AGL,CE,Federal Contract Tower,0,3,13,0,16,0,2,41,0,43,0,5,54,0,59,122,0,122,181
04/01/2012,DET,MI,AGL,CE,Federal Contract Tower,0,0,9,0,9,0,0,56,0,56,0,0,65,0,65,72,0,72,137
04/02/2012,DET,MI,AGL,CE,Federal Contract Tower,0,2,5,0,7,0,0,39,0,39,0,2,44,0,46,56,0,56,102
04/03/2012,DET,MI,AGL,CE,Federal Contract Tower,0,9,12,0,21,0,0,14,0,14,0,9,26,0,35,82,0,82,117
04/04/2012,DET,MI,AGL,CE,Federal Contract Tower,0,0,17,0,17,0,0,49,0,49,0,0,66,0,66,156,0,156,222
04/05/2012,DET,MI,AGL,CE,Federal Contract Tower,0,10,27,0,37,0,0,61,0,61,0,10,88,0,98,222,0,222,320
04/06/2012,DET,MI,AGL,CE,Federal Contract Tower,0,2,7,0,9,0,2,54,0,56,0,4,61,0,65,120,8,128,193
04/07/2012,DET,MI,AGL,CE,Federal Contract Tower,0,2,9,0,11,0,1,44,0,45,0,3,53,0,56,105,0,105,161
04/08/2012,DET,MI,AGL,CE,Federal Contract Tower,0,1,6,0,7,0,0,35,0,35,0,1,41,0,42,74,0,74,116
04/09/2012,DET,MI,AGL,CE,Federal Contract Tower,0,8,8,0,16,0,2,35,0,37,0,10,43,0,53,66,0,66,119
04/10/2012,DET,MI,AGL,CE,Federal Contract Tower,0,7,15,3,25,0,0,22,0,22,0,7,37,3,47,46,0,46,93
04/11/2012,DET,MI,AGL,CE,Federal Contract Tower,0,7,17,3,27,0,0,33,0,33,0,7,50,3,60,96,0,96,156
04/12/2012,DET,MI,AGL,CE,Federal Contract Tower,0,4,20,0,24,0,0,52,0,52,0,4,72,0,76,112,0,112,188
04/13/2012,DET,MI,AGL,CE,Federal Contract Tower,0,3,10,2,15,0,0,59,0,59,0,3,69,2,74,132,0,132,206
04/14/2012,DET,MI,AGL,CE,Federal Contract Tower,0,0,8,0,8,0,0,33,0,33,0,0,41,0,41,80,0,80,121
04/15/2012,DET,MI,AGL,CE,Federal Contract Tower,0,6,10,0,16,0,0,39,0,39,0,6,49,0,55,0,0,0,55
04/16/2012,DET,MI,AGL,CE,Federal Contract Tower,0,1,3,0,4,0,0,19,0,19,0,1,22,0,23,20,0,20,43
04/17/2012,DET,MI,AGL,CE,Federal Contract Tower,0,7,22,3,32,0,0,28,1,29,0,7,50,4,61,68,0,68,129
04/18/2012,DET,MI,AGL,CE,Federal Contract Tower,0,10,26,0,36,0,0,27,0,27,0,10,53,0,63,34,0,34,97
04/19/2012,DET,MI,AGL,CE,Federal Contract Tower,0,4,14,0,18,0,0,67,0,67,0,4,81,0,85,178,0,178,263
04/20/2012,DET,MI,AGL,CE,Federal Contract Tower,0,10,28,2,40,0,1,30,0,31,0,11,58,2,71,90,0,90,161
04/21/2012,DET,MI,AGL,CE,Federal Contract Tower,0,2,9,0,11,0,2,71,0,73,0,4,80,0,84,130,0,130,214
04/22/2012,DET,MI,AGL,CE,Federal Contract Tower,0,3,11,0,14,0,0,49,0,49,0,3,60,0,63,72,0,72,135
04/23/2012,DET,MI,AGL,CE,Federal Contract Tower,0,7,18,0,25,0,4,24,2,30,0,11,42,2,55,8,0,8,63
04/24/2012,DET,MI,AGL,CE,Federal Contract Tower,0,6,17,0,23,0,2,49,0,51,0,8,66,0,74,98,0,98,172
04/25/2012,DET,MI,AGL,CE,Federal Contract Tower,0,10,15,1,26,0,0,46,0,46,0,10,61,1,72,116,0,116,188
04/26/2012,DET,MI,AGL,CE,Federal Contract Tower,0,8,20,0,28,0,0,30,0,30,0,8,50,0,58,118,0,118,176
04/27/2012,DET,MI,AGL,CE,Federal Contract Tower,0,7,13,0,20,0,0,48,0,48,0,7,61,0,68,92,0,92,160
04/28/2012,DET,MI,AGL,CE,Federal Contract Tower,0,1,6,0,7,0,2,28,0,30,0,3,34,0,37,78,0,78,115
04/29/2012,DET,MI,AGL,CE,Federal Contract Tower,0,4,10,0,14,0,0,60,0,60,0,4,70,0,74,138,0,138,212
04/30/2012,DET,MI,AGL,CE,Federal Contract Tower,0,2,9,0,11,0,0,33,2,35,0,2,42,2,46,38,0,38,84
05/01/2012,DET,MI,AGL,CE,Federal Contract Tower,0,2,10,2,14,0,0,33,0,33,0,2,43,2,47,184,0,184,231
05/02/2012,DET,MI,AGL,CE,Federal Contract Tower,0,5,19,0,24,0,0,25,0,25,0,5,44,0,49,38,0,38,87
05/03/2012,DET,MI,AGL,CE,Federal Contract Tower,0,2,18,0,20,0,0,29,0,29,0,2,47,0,49,102,0,102,151
05/04/2012,DET,MI,AGL,CE,Federal Contract Tower,0,2,23,0,25,0,0,42,0,42,0,2,65,0,67,130,0,130,197
05/05/2012,DET,MI,AGL,CE,Federal Contract Tower,0,2,8,0,10,0,0,63,0,63,0,2,71,0,73,144,0,144,217
05/06/2012,DET,MI,AGL,CE,Federal Contract Tower,0,0,12,0,12,0,0,64,0,64,0,0,76,0,76,128,0,128,204
05/07/2012,DET,MI,AGL,CE,Federal Contract Tower,0,2,13,0,15,0,1,22,0,23,0,3,35,0,38,70,0,70,108
05/08/2012,DET,MI,AGL,CE,Federal Contract Tower,0,6,21,0,27,0,1,33,0,34,0,7,54,0,61,80,0,80,141
05/09/2012,DET,MI,AGL,CE,Federal Contract Tower,0,0,24,0,24,0,1,34,0,35,0,1,58,0,59,46,0,46,105
05/10/2012,DET,MI,AGL,CE,Federal Contract Tower,0,4,15,0,19,0,0,47,0,47,0,4,62,0,66,114,0,114,180
05/11/2012,DET,MI,AGL,CE,Federal Contract Tower,0,8,18,0,26,0,2,51,0,53,0,10,69,0,79,134,0,134,213
05/12/2012,DET,MI,AGL,CE,Federal Contract Tower,0,7,14,0,21,0,1,64,0,65,0,8,78,0,86,112,0,112,198
05/13/2012,DET,MI,AGL,CE,Federal Contract Tower,0,2,12,0,14,0,0,54,0,54,0,2,66,0,68,98,0,98,166
05/14/2012,DET,MI,AGL,CE,Federal Contract Tower,0,8,12,0,20,0,0,41,0,41,0,8,53,0,61,98,0,98,159
05/15/2012,DET,MI,AGL,CE,Federal Contract Tower,0,8,20,0,28,0,0,45,0,45,0,8,65,0,73,66,0,66,139
05/16/2012,DET,MI,AGL,CE,Federal Contract Tower,0,6,14,2,22,0,0,32,0,32,0,6,46,2,54,42,0,42,96
05/17/2012,DET,MI,AGL,CE,Federal Contract Tower,0,3,23,0,26,0,0,47,2,49,0,3,70,2,75,128,0,128,203
05/18/2012,DET,MI,AGL,CE,Federal Contract Tower,0,4,18,0,22,0,2,69,0,71,0,6,87,0,93,134,0,134,227
05/19/2012,DET,MI,AGL,CE,Federal Contract Tower,0,6,7,0,13,0,0,51,0,51,0,6,58,0,64,82,0,82,146
05/20/2012,DET,MI,AGL,CE,Federal Contract Tower,0,3,13,0,16,0,1,82,2,85,0,4,95,2,101,98,0,98,199
05/21/2012,DET,MI,AGL,CE,Federal Contract Tower,0,2,17,0,19,0,0,45,2,47,0,2,62,2,66,66,0,66,132
05/22/2012,DET,MI,AGL,CE,Federal Contract Tower,0,11,16,0,27,0,0,49,0,49,0,11,65,0,76,104,0,104,180
05/23/2012,DET,MI,AGL,CE,Federal Contract Tower,0,11,37,0,48,0,0,41,0,41,0,11,78,0,89,76,0,76,165
05/24/2012,DET,MI,AGL,CE,Federal Contract Tower,0,14,20,0,34,0,0,36,0,36,0,14,56,0,70,94,0,94,164
05/25/2012,DET,MI,AGL,CE,Federal Contract Tower,0,2,13,0,15,0,0,46,0,46,0,2,59,0,61,86,0,86,147
05/26/2012,DET,MI,AGL,CE,Federal Contract Tower,0,0,10,0,10,0,0,33,0,33,0,0,43,0,43,98,0,98,141
05/27/2012,DET,MI,AGL,CE,Federal Contract Tower,0,1,16,0,17,0,1,41,0,42,0,2,57,0,59,114,0,114,173
05/28/2012,DET,MI,AGL,CE,Federal Contract Tower,0,1,13,0,14,0,0,29,0,29,0,1,42,0,43,74,0,74,117
05/29/2012,DET,MI,AGL,CE,Federal Contract Tower,0,3,11,0,14,0,0,35,0,35,0,3,46,0,49,82,0,82,131
05/30/2012,DET,MI,AGL,CE,Federal Contract Tower,0,8,14,0,22,0,0,39,0,39,0,8,53,0,61,82,0,82,143
05/31/2012,DET,MI,AGL,CE,Federal Contract Tower,0,10,17,0,27,0,0,65,2,67,0,10,82,2,94,124,0,124,218
06/01/2012,DET,MI,AGL,CE,Federal Contract Tower,0,9,23,0,32,0,0,31,0,31,0,9,54,0,63,4,0,4,67
06/02/2012,DET,MI,AGL,CE,Federal Contract Tower,0,7,12,0,19,0,0,83,0,83,0,7,95,0,102,194,0,194,296
06/03/2012,DET,MI,AGL,CE,Federal Contract Tower,0,17,23,0,40,0,0,73,0,73,0,17,96,0,113,236,0,236,349
06/04/2012,DET,MI,AGL,CE,Federal Contract Tower,0,6,20,0,26,0,0,27,0,27,0,6,47,0,53,22,0,22,75
06/05/2012,DET,MI,AGL,CE,Federal Contract Tower,0,3,18,0,21,0,0,54,0,54,0,3,72,0,75,164,0,164,239
06/06/2012,DET,MI,AGL,CE,Federal Contract Tower,0,7,23,0,30,0,0,57,0,57,0,7,80,0,87,72,0,72,159
06/07/2012,DET,MI,AGL,CE,Federal Contract Tower,0,3,20,0,23,0,0,71,0,71,0,3,91,0,94,78,0,78,172
06/08/2012,DET,MI,AGL,CE,Federal Contract Tower,0,9,14,0,23,0,0,60,0,60,0,9,74,0,83,138,0,138,221
06/09/2012,DET,MI,AGL,CE,Federal Contract Tower,0,3,4,0,7,0,0,115,0,115,0,3,119,0,122,222,0,222,344
06/10/2012,DET,MI,AGL,CE,Federal Contract Tower,0,13,6,0,19,0,0,69,0,69,0,13,75,0,88,172,0,172,260
06/11/2012,DET,MI,AGL,CE,Federal Contract Tower,0,7,13,0,20,0,0,20,0,20,0,7,33,0,40,36,0,36,76
06/12/2012,DET,MI,AGL,CE,Federal Contract Tower,0,13,26,0,39,0,0,45,0,45,0,13,71,0,84,92,0,92,176
06/13/2012,DET,MI,AGL,CE,Federal Contract Tower,0,7,29,0,36,0,0,49,0,49,0,7,78,0,85,128,0,128,213
06/14/2012,DET,MI,AGL,CE,Federal Contract Tower,0,2,32,0,34,0,2,72,0,74,0,4,104,0,108,170,0,170,278
06/15/2012,DET,MI,AGL,CE,Federal Contract Tower,0,6,23,0,29,0,0,50,0,50,0,6,73,0,79,182,0,182,261
06/16/2012,DET,MI,AGL,CE,Federal Contract Tower,0,2,10,0,12,0,0,79,0,79,0,2,89,0,91,146,0,146,237
06/17/2012,DET,MI,AGL,CE,Federal Contract Tower,0,1,8,0,9,0,0,32,0,32,0,1,40,0,41,34,0,34,75
06/18/2012,DET,MI,AGL,CE,Federal Contract Tower,0,13,11,0,24,0,0,31,0,31,0,13,42,0,55,46,0,46,101
06/19/2012,DET,MI,AGL,CE,Federal Contract Tower,0,6,28,0,34,0,0,29,0,29,0,6,57,0,63,26,0,26,89
06/20/2012,DET,MI,AGL,CE,Federal Contract Tower,0,4,9,2,15,0,0,49,0,49,0,4,58,2,64,146,0,146,210
06/21/2012,DET,MI,AGL,CE,Federal Contract Tower,0,6,22,2,30,0,1,40,0,41,0,7,62,2,71,128,0,128,199
06/22/2012,DET,MI,AGL,CE,Federal Contract Tower,0,4,22,0,26,0,0,64,0,64,0,4,86,0,90,124,0,124,214
06/23/2012,DET,MI,AGL,CE,Federal Contract Tower,0,7,7,0,14,0,2,85,0,87,0,9,92,0,101,148,0,148,249
06/24/2012,DET,MI,AGL,CE,Federal Contract Tower,0,1,11,0,12,0,1,47,0,48,0,2,58,0,60,62,0,62,122
06/25/2012,DET,MI,AGL,CE,Federal Contract Tower,0,2,14,0,16,0,24,86,0,110,0,26,100,0,126,64,0,64,190
06/26/2012,DET,MI,AGL,CE,Federal Contract Tower,0,3,17,0,20,0,0,38,0,38,0,3,55,0,58,36,0,36,94
06/27/2012,DET,MI,AGL,CE,Federal Contract Tower,0,5,21,0,26,0,0,60,0,60,0,5,81,0,86,124,0,124,210
06/28/2012,DET,MI,AGL,CE,Federal Contract Tower,0,9,22,0,31,0,0,50,0,50,0,9,72,0,81,128,0,128,209
06/29/2012,DET,MI,AGL,CE,Federal Contract Tower,0,8,16,0,24,0,2,0,0,2,0,10,16,0,26,126,0,126,152
06/30/2012,DET,MI,AGL,CE,Federal Contract Tower,0,0,8,0,8,0,0,57,0,57,0,0,65,0,65,164,0,164,229
07/01/2012,DET,MI,AGL,CE,Federal Contract Tower,0,6,9,0,15,0,0,39,0,39,0,6,48,0,54,76,0,76,130
07/02/2012,DET,MI,AGL,CE,Federal Contract Tower,0,4,8,0,12,0,0,35,0,35,0,4,43,0,47,136,0,136,183
07/03/2012,DET,MI,AGL,CE,Federal Contract Tower,0,2,4,0,6,0,0,25,0,25,0,2,29,0,31,34,0,34,65
07/04/2012,DET,MI,AGL,CE,Federal Contract Tower,0,2,11,0,13,0,0,60,0,60,0,2,71,0,73,130,0,130,203
07/05/2012,DET,MI,AGL,CE,Federal Contract Tower,0,4,10,0,14,0,1,25,0,26,0,5,35,0,40,44,0,44,84
07/06/2012,DET,MI,AGL,CE,Federal Contract Tower,0,6,18,0,24,0,0,58,0,58,0,6,76,0,82,137,0,137,219
07/07/2012,DET,MI,AGL,CE,Federal Contract Tower,0,7,9,0,16,0,0,62,0,62,0,7,71,0,78,150,0,150,228
07/08/2012,DET,MI,AGL,CE,Federal Contract Tower,0,12,16,0,28,0,0,107,0,107,0,12,123,0,135,78,0,78,213
07/09/2012,DET,MI,AGL,CE,Federal Contract Tower,0,2,14,0,16,0,0,26,0,26,0,2,40,0,42,82,0,82,124
07/10/2012,DET,MI,AGL,CE,Federal Contract Tower,0,11,18,0,29,0,1,45,0,46,0,12,63,0,75,164,0,164,239
07/11/2012,DET,MI,AGL,CE,Federal Contract Tower,0,3,14,0,17,0,1,55,0,56,0,4,69,0,73,168,0,168,241
07/12/2012,DET,MI,AGL,CE,Federal Contract Tower,0,3,27,0,30,0,1,83,0,84,0,4,110,0,114,162,0,162,276
07/13/2012,DET,MI,AGL,CE,Federal Contract Tower,0,6,13,2,21,0,1,62,0,63,0,7,75,2,84,118,0,118,202
07/14/2012,DET,MI,AGL,CE,Federal Contract Tower,0,7,10,0,17,0,0,83,0,83,0,7,93,0,100,120,0,120,220
07/15/2012,DET,MI,AGL,CE,Federal Contract Tower,0,3,16,0,19,0,0,67,0,67,0,3,83,0,86,104,0,104,190
07/16/2012,DET,MI,AGL,CE,Federal Contract Tower,0,2,12,0,14,2,0,33,0,35,2,2,45,0,49,76,0,76,125
07/17/2012,DET,MI,AGL,CE,Federal Contract Tower,0,3,14,0,17,0,1,36,0,37,0,4,50,0,54,76,0,76,130
07/18/2012,DET,MI,AGL,CE,Federal Contract Tower,0,8,6,0,14,0,0,41,0,41,0,8,47,0,55,140,0,140,195
07/19/2012,DET,MI,AGL,CE,Federal Contract Tower,0,7,30,2,39,0,0,11,0,11,0,7,41,2,50,28,0,28,78
07/20/2012,DET,MI,AGL,CE,Federal Contract Tower,0,3,14,0,17,0,0,78,0,78,0,3,92,0,95,148,0,148,243
07/21/2012,DET,MI,AGL,CE,Federal Contract Tower,0,2,14,0,16,0,0,81,0,81,0,2,95,0,97,114,0,114,211
07/22/2012,DET,MI,AGL,CE,Federal Contract Tower,0,8,26,0,34,0,0,62,0,62,0,8,88,0,96,28,0,28,124
07/23/2012,DET,MI,AGL,CE,Federal Contract Tower,0,14,4,0,18,0,1,32,0,33,0,15,36,0,51,38,0,38,89
07/24/2012,DET,MI,AGL,CE,Federal Contract Tower,0,5,15,0,20,0,0,52,0,52,0,5,67,0,72,126,0,126,198
07/25/2012,DET,MI,AGL,CE,Federal Contract Tower,0,6,30,0,36,0,4,41,0,45,0,10,71,0,81,92,0,92,173
07/26/2012,DET,MI,AGL,CE,Federal Contract Tower,0,7,30,0,37,0,0,33,0,33,0,7,63,0,70,6,0,6,76
07/27/2012,DET,MI,AGL,CE,Federal Contract Tower,0,7,21,0,28,0,0,72,0,72,0,7,93,0,100,94,0,94,194
07/28/2012,DET,MI,AGL,CE,Federal Contract Tower,0,4,21,0,25,0,0,55,0,55,0,4,76,0,80,114,0,114,194
07/29/2012,DET,MI,AGL,CE,Federal Contract Tower,0,8,14,0,22,0,0,55,0,55,0,8,69,0,77,66,0,66,143
07/30/2012,DET,MI,AGL,CE,Federal Contract Tower,0,4,5,0,9,0,2,18,0,20,0,6,23,0,29,48,0,48,77
07/31/2012,DET,MI,AGL,CE,Federal Contract Tower,0,3,9,0,12,0,0,41,0,41,0,3,50,0,53,94,0,94,147
08/01/2012,DET,MI,AGL,CE,Federal Contract Tower,0,5,18,0,23,0,0,51,0,51,0,5,69,0,74,90,0,90,164
08/02/2012,DET,MI,AGL,CE,Federal Contract Tower,0,8,26,0,34,0,1,60,0,61,0,9,86,0,95,134,0,134,229
08/03/2012,DET,MI,AGL,CE,Federal Contract Tower,0,4,22,0,26,0,0,80,0,80,0,4,102,0,106,166,0,166,272
08/04/2012,DET,MI,AGL,CE,Federal Contract Tower,0,3,16,0,19,0,0,61,0,61,0,3,77,0,80,100,0,100,180
08/05/2012,DET,MI,AGL,CE,Federal Contract Tower,0,8,14,0,22,0,0,34,0,34,0,8,48,0,56,46,0,46,102
08/06/2012,DET,MI,AGL,CE,Federal Contract Tower,0,3,22,0,25,0,0,46,0,46,0,3,68,0,71,46,0,46,117
08/07/2012,DET,MI,AGL,CE,Federal Contract Tower,0,16,22,0,38,0,0,50,0,50,0,16,72,0,88,94,0,94,182
08/08/2012,DET,MI,AGL,CE,Federal Contract Tower,0,5,20,0,25,0,3,49,0,52,0,8,69,0,77,100,0,100,177
08/09/2012,DET,MI,AGL,CE,Federal Contract Tower,0,5,21,0,26,0,0,13,0,13,0,5,34,0,39,16,0,16,55
08/10/2012,DET,MI,AGL,CE,Federal Contract Tower,0,5,16,0,21,0,0,43,0,43,0,5,59,0,64,34,0,34,98
08/11/2012,DET,MI,AGL,CE,Federal Contract Tower,0,3,6,0,9,0,0,5,0,5,0,3,11,0,14,32,0,32,46
08/12/2012,DET,MI,AGL,CE,Federal Contract Tower,0,2,15,0,17,0,0,51,0,51,0,2,66,0,68,100,0,100,168
08/13/2012,DET,MI,AGL,CE,Federal Contract Tower,0,0,14,1,15,0,0,14,0,14,0,0,28,1,29,30,0,30,59
08/14/2012,DET,MI,AGL,CE,Federal Contract Tower,0,6,16,0,22,0,0,48,3,51,0,6,64,3,73,92,0,92,165
08/15/2012,DET,MI,AGL,CE,Federal Contract Tower,0,4,19,0,23,0,0,50,0,50,0,4,69,0,73,90,0,90,163
08/16/2012,DET,MI,AGL,CE,Federal Contract Tower,0,9,25,0,34,0,0,39,0,39,0,9,64,0,73,100,0,100,173
08/17/2012,DET,MI,AGL,CE,Federal Contract Tower,0,3,24,0,27,0,0,55,0,55,0,3,79,0,82,118,0,118,200
08/18/2012,DET,MI,AGL,CE,Federal Contract Tower,0,3,28,0,31,0,0,51,0,51,0,3,79,0,82,78,0,78,160
08/19/2012,DET,MI,AGL,CE,Federal Contract Tower,0,2,23,0,25,0,0,39,0,39,0,2,62,0,64,80,0,80,144
08/20/2012,DET,MI,AGL,CE,Federal Contract Tower,0,4,4,0,8,0,0,17,0,17,0,4,21,0,25,68,0,68,93
08/21/2012,DET,MI,AGL,CE,Federal Contract Tower,0,8,18,0,26,0,0,48,0,48,0,8,66,0,74,128,0,128,202
08/22/2012,DET,MI,AGL,CE,Federal Contract Tower,0,1,24,0,25,0,0,53,0,53,0,1,77,0,78,126,0,126,204
08/23/2012,DET,MI,AGL,CE,Federal Contract Tower,0,5,27,0,32,0,0,72,0,72,0,5,99,0,104,170,0,170,274
08/24/2012,DET,MI,AGL,CE,Federal Contract Tower,0,11,15,0,26,0,0,88,0,88,0,11,103,0,114,164,0,164,278
08/25/2012,DET,MI,AGL,CE,Federal Contract Tower,0,3,16,0,19,0,0,49,0,49,0,3,65,0,68,72,0,72,140
08/26/2012,DET,MI,AGL,CE,Federal Contract Tower,0,2,13,0,15,0,0,34,0,34,0,2,47,0,49,36,0,36,85
08/27/2012,DET,MI,AGL,CE,Federal Contract Tower,0,2,18,0,20,0,0,15,0,15,0,2,33,0,35,42,0,42,77
08/28/2012,DET,MI,AGL,CE,Federal Contract Tower,0,3,15,0,18,0,0,37,0,37,0,3,52,0,55,164,0,164,219
08/29/2012,DET,MI,AGL,CE,Federal Contract Tower,0,5,10,0,15,0,0,51,0,51,0,5,61,0,66,104,0,104,170
08/30/2012,DET,MI,AGL,CE,Federal Contract Tower,0,10,21,0,31,0,0,69,0,69,0,10,90,0,100,174,0,174,274
08/31/2012,DET,MI,AGL,CE,Federal Contract Tower,0,10,17,0,27,0,0,50,0,50,0,10,67,0,77,86,0,86,163
09/01/2012,DET,MI,AGL,CE,Federal Contract Tower,0,6,10,0,16,0,0,44,0,44,0,6,54,0,60,102,0,102,162
09/02/2012,DET,MI,AGL,CE,Federal Contract Tower,0,3,4,0,7,0,0,30,0,30,0,3,34,0,37,38,0,38,75
09/03/2012,DET,MI,AGL,CE,Federal Contract Tower,0,4,12,0,16,0,0,24,0,24,0,4,36,0,40,24,0,24,64
09/04/2012,DET,MI,AGL,CE,Federal Contract Tower,0,4,16,0,20,0,0,51,0,51,0,4,67,0,71,124,0,124,195
09/05/2012,DET,MI,AGL,CE,Federal Contract Tower,0,11,28,0,39,0,0,34,0,34,0,11,62,0,73,70,0,70,143
09/06/2012,DET,MI,AGL,CE,Federal Contract Tower,0,5,31,2,38,0,0,60,0,60,0,5,91,2,98,124,0,124,222
09/07/2012,DET,MI,AGL,CE,Federal Contract Tower,0,7,27,1,35,0,0,69,0,69,0,7,96,1,104,114,0,114,218
09/08/2012,DET,MI,AGL,CE,Federal Contract Tower,0,2,14,2,18,0,0,41,0,41,0,2,55,2,59,74,4,78,137
09/09/2012,DET,MI,AGL,CE,Federal Contract Tower,0,2,23,0,25,0,0,82,2,84,0,2,105,2,109,74,2,76,185
09/10/2012,DET,MI,AGL,CE,Federal Contract Tower,0,11,6,0,17,0,0,27,0,27,0,11,33,0,44,48,0,48,92
09/11/2012,DET,MI,AGL,CE,Federal Contract Tower,0,13,19,0,32,0,0,53,0,53,0,13,72,0,85,111,0,111,196
09/12/2012,DET,MI,AGL,CE,Federal Contract Tower,0,6,17,0,23,0,0,67,0,67,0,6,84,0,90,164,0,164,254
09/13/2012,DET,MI,AGL,CE,Federal Contract Tower,0,12,24,0,36,0,0,61,0,61,0,12,85,0,97,178,0,178,275
09/14/2012,DET,MI,AGL,CE,Federal Contract Tower,0,11,16,0,27,0,0,67,0,67,0,11,83,0,94,110,0,110,204
09/15/2012,DET,MI,AGL,CE,Federal Contract Tower,0,3,21,1,25,0,0,50,0,50,0,3,71,1,75,56,0,56,131
09/16/2012,DET,MI,AGL,CE,Federal Contract Tower,0,6,17,0,23,0,1,19,0,20,0,7,36,0,43,36,0,36,79
09/17/2012,DET,MI,AGL,CE,Federal Contract Tower,0,6,15,0,21,0,0,51,0,51,0,6,66,0,72,164,0,164,236
09/18/2012,DET,MI,AGL,CE,Federal Contract Tower,0,8,17,0,25,0,0,48,0,48,0,8,65,0,73,134,0,134,207
09/19/2012,DET,MI,AGL,CE,Federal Contract Tower,0,11,20,0,31,0,3,68,0,71,0,14,88,0,102,192,0,192,294
09/20/2012,DET,MI,AGL,CE,Federal Contract Tower,0,11,41,0,52,0,0,57,0,57,0,11,98,0,109,116,0,116,225
09/21/2012,DET,MI,AGL,CE,Federal Contract Tower,0,9,16,0,25,0,0,48,0,48,0,9,64,0,73,84,0,84,157
09/22/2012,DET,MI,AGL,CE,Federal Contract Tower,0,4,7,0,11,0,0,37,0,37,0,4,44,0,48,134,0,134,182
09/23/2012,DET,MI,AGL,CE,Federal Contract Tower,0,4,18,0,22,0,0,37,0,37,0,4,55,0,59,60,0,60,119
09/24/2012,DET,MI,AGL,CE,Federal Contract Tower,0,3,15,0,18,0,0,45,0,45,0,3,60,0,63,126,0,126,189
09/25/2012,DET,MI,AGL,CE,Federal Contract Tower,0,6,16,0,22,0,0,51,0,51,0,6,67,0,73,126,0,126,199
09/26/2012,DET,MI,AGL,CE,Federal Contract Tower,0,6,12,0,18,0,0,59,0,59,0,6,71,0,77,90,0,90,167
09/27/2012,DET,MI,AGL,CE,Federal Contract Tower,0,10,22,0,32,0,0,65,0,65,0,10,87,0,97,136,0,136,233
09/28/2012,DET,MI,AGL,CE,Federal Contract Tower,0,5,10,0,15,0,0,47,0,47,0,5,57,0,62,112,0,112,174
09/29/2012,DET,MI,AGL,CE,Federal Contract Tower,0,4,19,0,23,0,0,39,0,39,0,4,58,0,62,96,0,96,158
09/30/2012,DET,MI,AGL,CE,Federal Contract Tower,0,3,22,0,25,0,0,30,0,30,0,3,52,0,55,24,0,24,79
10/01/2012,DET,MI,AGL,CE,Federal Contract Tower,0,12,14,0,26,0,0,52,0,52,0,12,66,0,78,120,18,138,216
10/02/2012,DET,MI,AGL,CE,Federal Contract Tower,0,6,16,0,22,0,0,59,0,59,0,6,75,0,81,144,0,144,225
10/03/2012,DET,MI,AGL,CE,Federal Contract Tower,0,7,23,0,30,0,0,44,0,44,0,7,67,0,74,82,0,82,156
10/04/2012,DET,MI,AGL,CE,Federal Contract Tower,0,10,18,0,28,0,0,59,0,59,0,10,77,0,87,150,0,150,237
10/05/2012,DET,MI,AGL,CE,Federal Contract Tower,0,7,16,0,23,0,0,41,0,41,0,7,57,0,64,106,0,106,170
10/06/2012,DET,MI,AGL,CE,Federal Contract Tower,0,5,21,0,26,0,0,28,8,36,0,5,49,8,62,64,8,72,134
10/07/2012,DET,MI,AGL,CE,Federal Contract Tower,0,2,13,0,15,0,0,30,0,30,0,2,43,0,45,70,0,70,115
10/08/2012,DET,MI,AGL,CE,Federal Contract Tower,0,1,7,0,8,0,0,46,0,46,0,1,53,0,54,144,0,144,198
10/09/2012,DET,MI,AGL,CE,Federal Contract Tower,0,1,13,0,14,0,0,60,0,60,0,1,73,0,74,108,0,108,182
10/10/2012,DET,MI,AGL,CE,Federal Contract Tower,0,8,20,0,28,0,0,60,0,60,0,8,80,0,88,116,0,116,204
10/11/2012,DET,MI,AGL,CE,Federal Contract Tower,0,7,25,0,32,0,0,71,0,71,0,7,96,0,103,128,0,128,231
10/12/2012,DET,MI,AGL,CE,Federal Contract Tower,0,3,12,0,15,0,0,52,0,52,0,3,64,0,67,124,0,124,191
10/13/2012,DET,MI,AGL,CE,Federal Contract Tower,0,1,13,0,14,0,0,16,4,20,0,1,29,4,34,20,0,20,54
10/14/2012,DET,MI,AGL,CE,Federal Contract Tower,0,7,5,0,12,0,0,6,0,6,0,7,11,0,18,0,0,0,18
10/15/2012,DET,MI,AGL,CE,Federal Contract Tower,0,2,13,0,15,0,0,53,0,53,0,2,66,0,68,116,0,116,184
10/16/2012,DET,MI,AGL,CE,Federal Contract Tower,0,5,20,0,25,0,0,76,0,76,0,5,96,0,101,166,0,166,267
10/17/2012,DET,MI,AGL,CE,Federal Contract Tower,0,10,33,0,43,0,0,66,0,66,0,10,99,0,109,140,0,140,249
10/18/2012,DET,MI,AGL,CE,Federal Contract Tower,0,13,22,0,35,0,0,57,0,57,0,13,79,0,92,58,0,58,150
10/19/2012,DET,MI,AGL,CE,Federal Contract Tower,0,6,16,0,22,0,0,43,0,43,0,6,59,0,65,114,1,115,180
10/20/2012,DET,MI,AGL,CE,Federal Contract Tower,0,2,4,0,6,0,0,32,0,32,0,2,36,0,38,74,0,74,112
10/21/2012,DET,MI,AGL,CE,Federal Contract Tower,0,8,13,0,21,0,0,51,0,51,0,8,64,0,72,72,0,72,144
10/22/2012,DET,MI,AGL,CE,Federal Contract Tower,0,1,20,0,21,0,0,44,0,44,0,1,64,0,65,190,0,190,255
10/23/2012,DET,MI,AGL,CE,Federal Contract Tower,0,1,15,0,16,0,0,39,0,39,0,1,54,0,55,84,0,84,139
10/24/2012,DET,MI,AGL,CE,Federal Contract Tower,0,7,17,1,25,0,0,65,1,66,0,7,82,2,91,126,0,126,217
10/25/2012,DET,MI,AGL,CE,Federal Contract Tower,0,5,16,0,21,0,0,63,0,63,0,5,79,0,84,44,0,44,128
10/26/2012,DET,MI,AGL,CE,Federal Contract Tower,0,2,20,0,22,0,0,53,0,53,0,2,73,0,75,94,0,94,169
10/27/2012,DET,MI,AGL,CE,Federal Contract Tower,0,15,25,0,40,0,0,110,4,114,0,15,135,4,154,154,0,154,308
10/28/2012,DET,MI,AGL,CE,Federal Contract Tower,0,16,42,0,58,0,0,65,2,67,0,16,107,2,125,38,0,38,163
10/29/2012,DET,MI,AGL,CE,Federal Contract Tower,0,7,34,0,41,0,0,51,0,51,0,7,85,0,92,80,0,80,172
10/30/2012,DET,MI,AGL,CE,Federal Contract Tower,0,6,18,0,24,0,0,53,0,53,0,6,71,0,77,126,0,126,203
10/31/2012,DET,MI,AGL,CE,Federal Contract Tower,0,10,15,0,25,0,0,45,0,45,0,10,60,0,70,58,0,58,128
11/01/2012,DET,MI,AGL,CE,Federal Contract Tower,0,3,10,0,13,0,0,69,0,69,0,3,79,0,82,124,0,124,206
11/02/2012,DET,MI,AGL,CE,Federal Contract Tower,0,3,12,0,15,0,1,39,0,40,0,4,51,0,55,118,0,118,173
11/03/2012,DET,MI,AGL,CE,Federal Contract Tower,0,4,12,0,16,0,0,49,0,49,0,4,61,0,65,66,0,66,131
11/04/2012,DET,MI,AGL,CE,Federal Contract Tower,0,3,19,0,22,0,0,23,0,23,0,3,42,0,45,30,0,30,75
11/05/2012,DET,MI,AGL,CE,Federal Contract Tower,0,1,7,0,8,0,0,42,0,42,0,1,49,0,50,88,0,88,138
11/06/2012,DET,MI,AGL,CE,Federal Contract Tower,0,6,22,0,28,0,0,38,0,38,0,6,60,0,66,132,0,132,198
11/07/2012,DET,MI,AGL,CE,Federal Contract Tower,0,8,26,0,34,0,0,62,0,62,0,8,88,0,96,76,0,76,172
11/08/2012,DET,MI,AGL,CE,Federal Contract Tower,0,9,26,0,35,0,2,85,0,87,0,11,111,0,122,184,4,188,310
11/09/2012,DET,MI,AGL,CE,Federal Contract Tower,0,10,30,0,40,0,0,47,0,47,0,10,77,0,87,86,0,86,173
11/10/2012,DET,MI,AGL,CE,Federal Contract Tower,0,3,15,0,18,0,0,44,0,44,0,3,59,0,62,84,0,84,146
11/11/2012,DET,MI,AGL,CE,Federal Contract Tower,0,2,16,0,18,0,0,56,0,56,0,2,72,0,74,106,0,106,180
11/12/2012,DET,MI,AGL,CE,Federal Contract Tower,0,4,16,0,20,0,0,41,0,41,0,4,57,0,61,82,0,82,143
11/13/2012,DET,MI,AGL,CE,Federal Contract Tower,0,13,23,0,36,0,0,51,0,51,0,13,74,0,87,110,0,110,197
11/14/2012,DET,MI,AGL,CE,Federal Contract Tower,0,6,16,0,22,0,0,54,0,54,0,6,70,0,76,86,0,86,162
11/15/2012,DET,MI,AGL,CE,Federal Contract Tower,0,16,15,0,31,0,0,54,0,54,0,16,69,0,85,156,0,156,241
11/16/2012,DET,MI,AGL,CE,Federal Contract Tower,0,5,35,0,40,0,0,56,0,56,0,5,91,0,96,118,0,118,214
11/17/2012,DET,MI,AGL,CE,Federal Contract Tower,0,1,13,0,14,0,0,46,0,46,0,1,59,0,60,108,0,108,168
11/18/2012,DET,MI,AGL,CE,Federal Contract Tower,0,3,10,0,13,0,0,41,0,41,0,3,51,0,54,112,0,112,166
11/19/2012,DET,MI,AGL,CE,Federal Contract Tower,0,1,10,0,11,0,29,0,0,29,0,30,10,0,40,132,12,144,184
11/20/2012,DET,MI,AGL,CE,Federal Contract Tower,0,6,15,0,21,0,1,62,0,63,0,7,77,0,84,86,0,86,170
11/21/2012,DET,MI,AGL,CE,Federal Contract Tower,0,9,17,0,26,0,0,67,0,67,0,9,84,0,93,160,0,160,253
11/22/2012,DET,MI,AGL,CE,Federal Contract Tower,0,6,10,0,16,0,0,42,0,42,0,6,52,0,58,56,0,56,114
11/23/2012,DET,MI,AGL,CE,Federal Contract Tower,0,6,3,0,9,0,0,8,0,8,0,6,11,0,17,22,0,22,39
11/24/2012,DET,MI,AGL,CE,Federal Contract Tower,0,2,12,0,14,0,0,22,0,22,0,2,34,0,36,0,0,0,36
11/25/2012,DET,MI,AGL,CE,Federal Contract Tower,0,4,17,0,21,0,0,48,0,48,0,4,65,0,69,100,0,100,169
11/26/2012,DET,MI,AGL,CE,Federal Contract Tower,0,1,18,0,19,0,0,23,0,23,0,1,41,0,42,102,0,102,144
11/27/2012,DET,MI,AGL,CE,Federal Contract Tower,0,3,10,0,13,0,0,68,0,68,0,3,78,0,81,126,0,126,207
11/28/2012,DET,MI,AGL,CE,Federal Contract Tower,0,9,18,0,27,0,0,63,0,63,0,9,81,0,90,130,0,130,220
11/29/2012,DET,MI,AGL,CE,Federal Contract Tower,0,4,22,0,26,0,0,66,0,66,0,4,88,0,92,100,0,100,192
11/30/2012,DET,MI,AGL,CE,Federal Contract Tower,0,4,30,0,34,0,0,23,0,23,0,4,53,0,57,52,0,52,109
12/01/2012,DET,MI,AGL,CE,Federal Contract Tower,0,2,25,0,27,0,0,68,0,68,0,2,93,0,95,174,0,174,269
12/02/2012,DET,MI,AGL,CE,Federal Contract Tower,0,2,17,0,19,0,0,48,0,48,0,2,65,0,67,92,0,92,159
12/03/2012,DET,MI,AGL,CE,Federal Contract Tower,0,1,6,0,7,0,0,14,0,14,0,1,20,0,21,36,0,36,57
12/04/2012,DET,MI,AGL,CE,Federal Contract Tower,0,4,24,0,28,0,0,71,0,71,0,4,95,0,99,154,0,154,253
12/05/2012,DET,MI,AGL,CE,Federal Contract Tower,0,6,16,0,22,0,0,48,0,48,0,6,64,0,70,92,0,92,162
12/06/2012,DET,MI,AGL,CE,Federal Contract Tower,0,4,16,0,20,0,0,54,0,54,0,4,70,0,74,94,0,94,168
12/07/2012,DET,MI,AGL,CE,Federal Contract Tower,0,3,16,0,19,0,4,1,0,5,0,7,17,0,24,0,0,0,24
12/08/2012,DET,MI,AGL,CE,Federal Contract Tower,0,5,14,0,19,0,0,12,0,12,0,5,26,0,31,110,0,110,141
12/09/2012,DET,MI,AGL,CE,Federal Contract Tower,0,4,10,0,14,0,0,22,0,22,0,4,32,0,36,50,0,50,86
12/10/2012,DET,MI,AGL,CE,Federal Contract Tower,0,4,18,0,22,0,0,24,0,24,0,4,42,0,46,12,32,44,90
12/11/2012,DET,MI,AGL,CE,Federal Contract Tower,0,12,12,0,24,0,0,57,0,57,0,12,69,0,81,92,0,92,173
12/12/2012,DET,MI,AGL,CE,Federal Contract Tower,0,7,19,0,26,0,0,71,0,71,0,7,90,0,97,142,0,142,239
12/13/2012,DET,MI,AGL,CE,Federal Contract Tower,0,5,23,0,28,0,0,50,0,50,0,5,73,0,78,68,0,68,146
12/14/2012,DET,MI,AGL,CE,Federal Contract Tower,0,7,15,0,22,0,0,47,0,47,0,7,62,0,69,146,2,148,217
12/15/2012,DET,MI,AGL,CE,Federal Contract Tower,0,6,7,0,13,0,0,18,0,18,0,6,25,0,31,32,0,32,63
12/16/2012,DET,MI,AGL,CE,Federal Contract Tower,0,8,8,0,16,0,0,42,0,42,0,8,50,0,58,78,0,78,136
12/17/2012,DET,MI,AGL,CE,Federal Contract Tower,0,5,22,0,27,0,0,43,0,43,0,5,65,0,70,102,0,102,172
12/18/2012,DET,MI,AGL,CE,Federal Contract Tower,0,6,20,0,26,0,0,62,0,62,0,6,82,0,88,86,0,86,174
12/19/2012,DET,MI,AGL,CE,Federal Contract Tower,0,10,20,0,30,0,0,50,0,50,0,10,70,0,80,94,0,94,174
12/20/2012,DET,MI,AGL,CE,Federal Contract Tower,0,3,13,0,16,0,2,10,0,12,0,5,23,0,28,0,0,0,28
12/21/2012,DET,MI,AGL,CE,Federal Contract Tower,0,1,9,0,10,0,0,0,0,0,0,1,9,0,10,0,0,0,10
12/22/2012,DET,MI,AGL,CE,Federal Contract Tower,0,6,17,0,23,0,0,26,0,26,0,6,43,0,49,68,0,68,117
12/23/2012,DET,MI,AGL,CE,Federal Contract Tower,0,3,9,0,12,0,0,79,0,79,0,3,88,0,91,108,0,108,199
12/24/2012,DET,MI,AGL,CE,Federal Contract Tower,0,0,1,0,1,0,0,30,0,30,0,0,31,0,31,62,0,62,93
12/25/2012,DET,MI,AGL,CE,Federal Contract Tower,0,0,0,0,0,0,0,0,0,0,0,0,0,0,0,0,0,0,0
12/26/2012,DET,MI,AGL,CE,Federal Contract Tower,0,0,1,0,1,0,0,0,0,0,0,0,1,0,1,0,0,0,1
12/27/2012,DET,MI,AGL,CE,Federal Contract Tower,0,4,7,0,11,0,0,0,0,0,0,4,7,0,11,0,0,0,11
12/28/2012,DET,MI,AGL,CE,Federal Contract Tower,0,3,8,0,11,0,0,22,0,22,0,3,30,0,33,92,0,92,125
12/29/2012,DET,MI,AGL,CE,Federal Contract Tower,0,1,3,0,4,0,0,1,0,1,0,1,4,0,5,0,0,0,5
12/30/2012,DET,MI,AGL,CE,Federal Contract Tower,0,1,8,0,9,0,0,30,0,30,0,1,38,0,39,98,0,98,137
12/31/2012,DET,MI,AGL,CE,Federal Contract Tower,0,4,8,0,12,0,0,29,0,29,0,4,37,0,41,66,0,66,107
01/01/2013,DET,MI,AGL,CE,Federal Contract Tower,0,3,7,0,10,0,0,19,0,19,0,3,26,0,29,48,0,48,77
01/02/2013,DET,MI,AGL,CE,Federal Contract Tower,0,4,17,0,21,0,0,22,0,22,0,4,39,0,43,52,0,52,95
01/03/2013,DET,MI,AGL,CE,Federal Contract Tower,0,0,15,0,15,0,1,19,0,20,0,1,34,0,35,0,0,0,35
01/04/2013,DET,MI,AGL,CE,Federal Contract Tower,0,6,9,0,15,0,0,21,2,23,0,6,30,2,38,48,0,48,86
01/05/2013,DET,MI,AGL,CE,Federal Contract Tower,0,4,12,0,16,0,0,32,0,32,0,4,44,0,48,82,0,82,130
01/06/2013,DET,MI,AGL,CE,Federal Contract Tower,0,2,3,0,5,0,0,0,0,0,0,2,3,0,5,0,0,0,5
01/07/2013,DET,MI,AGL,CE,Federal Contract Tower,0,6,9,0,15,0,0,2,0,2,0,6,11,0,17,2,0,2,19
01/08/2013,DET,MI,AGL,CE,Federal Contract Tower,0,2,17,0,19,0,0,53,0,53,0,2,70,0,72,140,0,140,212
01/09/2013,DET,MI,AGL,CE,Federal Contract Tower,0,4,16,0,20,0,0,36,0,36,0,4,52,0,56,58,0,58,114
01/10/2013,DET,MI,AGL,CE,Federal Contract Tower,0,0,10,2,12,0,0,58,0,58,0,0,68,2,70,114,0,114,184
01/11/2013,DET,MI,AGL,CE,Federal Contract Tower,0,0,8,0,8,0,0,15,0,15,0,0,23,0,23,18,0,18,41
01/12/2013,DET,MI,AGL,CE,Federal Contract Tower,0,0,12,0,12,0,0,36,0,36,0,0,48,0,48,46,0,46,94
01/13/2013,DET,MI,AGL,CE,Federal Contract Tower,0,1,8,0,9,0,0,27,0,27,0,1,35,0,36,34,0,34,70
01/14/2013,DET,MI,AGL,CE,Federal Contract Tower,0,13,36,2,51,0,0,40,0,40,0,13,76,2,91,78,0,78,169
01/15/2013,DET,MI,AGL,CE,Federal Contract Tower,0,12,22,2,36,0,1,50,0,51,0,13,72,2,87,94,0,94,181
01/16/2013,DET,MI,AGL,CE,Federal Contract Tower,0,9,32,0,41,0,0,53,0,53,0,9,85,0,94,94,0,94,188
01/17/2013,DET,MI,AGL,CE,Federal Contract Tower,0,4,25,0,29,0,0,29,0,29,0,4,54,0,58,36,0,36,94
01/18/2013,DET,MI,AGL,CE,Federal Contract Tower,0,7,16,0,23,0,1,19,0,20,0,8,35,0,43,4,0,4,47
01/19/2013,DET,MI,AGL,CE,Federal Contract Tower,0,5,10,0,15,0,0,26,0,26,0,5,36,0,41,16,10,26,67
01/20/2013,DET,MI,AGL,CE,Federal Contract Tower,0,0,14,0,14,0,0,28,0,28,0,0,42,0,42,102,0,102,144
01/21/2013,DET,MI,AGL,CE,Federal Contract Tower,0,4,19,0,23,0,0,20,0,20,0,4,39,0,43,22,0,22,65
01/22/2013,DET,MI,AGL,CE,Federal Contract Tower,0,6,8,1,15,0,0,49,0,49,0,6,57,1,64,112,0,112,176
01/23/2013,DET,MI,AGL,CE,Federal Contract Tower,0,6,18,0,24,0,0,32,0,32,0,6,50,0,56,60,0,60,116
01/24/2013,DET,MI,AGL,CE,Federal Contract Tower,0,8,29,2,39,0,0,45,0,45,0,8,74,2,84,118,0,118,202
01/25/2013,DET,MI,AGL,CE,Federal Contract Tower,0,1,14,0,15,0,0,14,0,14,0,1,28,0,29,36,0,36,65
01/26/2013,DET,MI,AGL,CE,Federal Contract Tower,0,1,13,0,14,0,0,51,0,51,0,1,64,0,65,126,0,126,191
01/27/2013,DET,MI,AGL,CE,Federal Contract Tower,0,2,17,0,19,0,0,42,0,42,0,2,59,0,61,114,0,114,175
01/28/2013,DET,MI,AGL,CE,Federal Contract Tower,0,0,8,0,8,0,0,0,0,0,0,0,8,0,8,0,0,0,8
01/29/2013,DET,MI,AGL,CE,Federal Contract Tower,0,1,7,0,8,0,0,0,0,0,0,1,7,0,8,0,0,0,8
01/30/2013,DET,MI,AGL,CE,Federal Contract Tower,0,9,5,0,14,0,0,12,0,12,0,9,17,0,26,28,0,28,54
01/31/2013,DET,MI,AGL,CE,Federal Contract Tower,0,2,8,2,12,0,0,31,0,31,0,2,39,2,43,68,0,68,111
02/01/2013,DET,MI,AGL,CE,Federal Contract Tower,0,3,20,0,23,0,0,22,0,22,0,3,42,0,45,56,0,56,101
02/02/2013,DET,MI,AGL,CE,Federal Contract Tower,0,2,4,0,6,0,0,9,0,9,0,2,13,0,15,0,0,0,15
02/03/2013,DET,MI,AGL,CE,Federal Contract Tower,0,3,9,0,12,0,0,30,0,30,0,3,39,0,42,85,0,85,127
02/04/2013,DET,MI,AGL,CE,Federal Contract Tower,0,0,9,0,9,0,0,5,0,5,0,0,14,0,14,0,0,0,14
02/05/2013,DET,MI,AGL,CE,Federal Contract Tower,0,0,21,0,21,0,0,22,0,22,0,0,43,0,43,0,0,0,43
02/06/2013,DET,MI,AGL,CE,Federal Contract Tower,0,4,22,0,26,0,0,36,0,36,0,4,58,0,62,56,0,56,118
02/07/2013,DET,MI,AGL,CE,Federal Contract Tower,0,12,10,0,22,0,0,32,4,36,0,12,42,4,58,62,4,66,124
02/08/2013,DET,MI,AGL,CE,Federal Contract Tower,0,4,14,0,18,0,0,11,0,11,0,4,25,0,29,0,0,0,29
02/09/2013,DET,MI,AGL,CE,Federal Contract Tower,0,1,8,0,9,0,0,32,0,32,0,1,40,0,41,70,0,70,111
02/10/2013,DET,MI,AGL,CE,Federal Contract Tower,0,4,10,0,14,0,0,28,0,28,0,4,38,0,42,110,0,110,152
02/11/2013,DET,MI,AGL,CE,Federal Contract Tower,0,4,9,0,13,0,0,22,0,22,0,4,31,0,35,8,0,8,43
02/12/2013,DET,MI,AGL,CE,Federal Contract Tower,0,6,15,0,21,0,0,57,0,57,0,6,72,0,78,96,0,96,174
02/13/2013,DET,MI,AGL,CE,Federal Contract Tower,0,8,17,0,25,0,0,50,0,50,0,8,67,0,75,102,0,102,177
02/14/2013,DET,MI,AGL,CE,Federal Contract Tower,0,5,16,0,21,0,0,21,0,21,0,5,37,0,42,34,0,34,76
02/15/2013,DET,MI,AGL,CE,Federal Contract Tower,0,2,12,0,14,0,0,33,0,33,0,2,45,0,47,70,0,70,117
02/16/2013,DET,MI,AGL,CE,Federal Contract Tower,0,0,5,0,5,0,0,18,0,18,0,0,23,0,23,48,0,48,71
02/17/2013,DET,MI,AGL,CE,Federal Contract Tower,0,0,6,0,6,0,0,36,0,36,0,0,42,0,42,92,0,92,134
02/18/2013,DET,MI,AGL,CE,Federal Contract Tower,0,5,9,0,14,0,0,48,0,48,0,5,57,0,62,96,0,96,158
02/19/2013,DET,MI,AGL,CE,Federal Contract Tower,0,1,11,0,12,0,0,42,0,42,0,1,53,0,54,90,0,90,144
02/20/2013,DET,MI,AGL,CE,Federal Contract Tower,0,2,10,0,12,0,0,32,0,32,0,2,42,0,44,66,0,66,110
02/21/2013,DET,MI,AGL,CE,Federal Contract Tower,0,4,17,0,21,0,0,34,0,34,0,4,51,0,55,154,0,154,209
02/22/2013,DET,MI,AGL,CE,Federal Contract Tower,0,2,9,1,12,0,0,3,0,3,0,2,12,1,15,0,0,0,15
02/23/2013,DET,MI,AGL,CE,Federal Contract Tower,0,0,3,0,3,0,0,22,0,22,0,0,25,0,25,88,0,88,113
02/24/2013,DET,MI,AGL,CE,Federal Contract Tower,0,3,4,0,7,0,0,34,0,34,0,3,38,0,41,118,0,118,159
02/25/2013,DET,MI,AGL,CE,Federal Contract Tower,0,0,8,0,8,0,0,61,0,61,0,0,69,0,69,118,0,118,187
02/26/2013,DET,MI,AGL,CE,Federal Contract Tower,0,0,7,0,7,0,0,37,0,37,0,0,44,0,44,46,0,46,90
02/27/2013,DET,MI,AGL,CE,Federal Contract Tower,0,5,11,0,16,0,0,7,0,7,0,5,18,0,23,0,0,0,23
02/28/2013,DET,MI,AGL,CE,Federal Contract Tower,0,8,11,0,19,0,0,35,0,35,0,8,46,0,54,90,0,90,144
03/01/2013,DET,MI,AGL,CE,Federal Contract Tower,0,1,10,0,11,0,0,51,0,51,0,1,61,0,62,74,0,74,136
03/02/2013,DET,MI,AGL,CE,Federal Contract Tower,0,2,5,1,8,0,0,26,0,26,0,2,31,1,34,138,0,138,172
03/03/2013,DET,MI,AGL,CE,Federal Contract Tower,0,6,11,0,17,0,0,29,0,29,0,6,40,0,46,110,0,110,156
03/04/2013,DET,MI,AGL,CE,Federal Contract Tower,0,0,21,0,21,0,0,45,10,55,0,0,66,10,76,104,12,116,192
03/05/2013,DET,MI,AGL,CE,Federal Contract Tower,0,3,16,2,21,0,0,33,0,33,0,3,49,2,54,40,0,40,94
03/06/2013,DET,MI,AGL,CE,Federal Contract Tower,0,5,17,0,22,0,0,54,0,54,0,5,71,0,76,114,0,114,190
03/07/2013,DET,MI,AGL,CE,Federal Contract Tower,0,2,16,0,18,0,0,28,2,30,0,2,44,2,48,122,0,122,170
03/08/2013,DET,MI,AGL,CE,Federal Contract Tower,0,4,15,0,19,0,1,32,0,33,0,5,47,0,52,118,0,118,170
03/09/2013,DET,MI,AGL,CE,Federal Contract Tower,0,3,11,0,14,0,0,51,0,51,0,3,62,0,65,164,6,170,235
03/10/2013,DET,MI,AGL,CE,Federal Contract Tower,0,1,8,0,9,0,0,71,0,71,0,1,79,0,80,196,0,196,276
03/11/2013,DET,MI,AGL,CE,Federal Contract Tower,0,4,13,0,17,0,0,28,0,28,0,4,41,0,45,38,0,38,83
03/12/2013,DET,MI,AGL,CE,Federal Contract Tower,0,3,12,0,15,0,0,43,0,43,0,3,55,0,58,72,0,72,130
03/13/2013,DET,MI,AGL,CE,Federal Contract Tower,0,1,7,0,8,0,0,31,1,32,0,1,38,1,40,96,0,96,136
03/14/2013,DET,MI,AGL,CE,Federal Contract Tower,0,4,19,0,23,0,0,38,0,38,0,4,57,0,61,102,0,102,163
03/15/2013,DET,MI,AGL,CE,Federal Contract Tower,0,2,11,0,13,0,0,59,2,61,0,2,70,2,74,92,4,96,170
03/16/2013,DET,MI,AGL,CE,Federal Contract Tower,0,6,10,0,16,0,0,10,0,10,0,6,20,0,26,0,0,0,26
03/17/2013,DET,MI,AGL,CE,Federal Contract Tower,0,4,12,0,16,0,0,48,0,48,0,4,60,0,64,128,0,128,192
03/18/2013,DET,MI,AGL,CE,Federal Contract Tower,0,3,8,0,11,0,0,44,0,44,0,3,52,0,55,0,0,0,55
03/19/2013,DET,MI,AGL,CE,Federal Contract Tower,0,7,14,0,21,0,0,34,0,34,0,7,48,0,55,32,0,32,87
03/20/2013,DET,MI,AGL,CE,Federal Contract Tower,0,7,16,0,23,0,0,57,0,57,0,7,73,0,80,86,0,86,166
03/21/2013,DET,MI,AGL,CE,Federal Contract Tower,0,3,16,0,19,0,0,37,0,37,0,3,53,0,56,50,0,50,106
03/22/2013,DET,MI,AGL,CE,Federal Contract Tower,0,2,14,0,16,0,0,45,0,45,0,2,59,0,61,136,0,136,197
03/23/2013,DET,MI,AGL,CE,Federal Contract Tower,0,0,4,0,4,0,0,38,0,38,0,0,42,0,42,130,0,130,172
03/24/2013,DET,MI,AGL,CE,Federal Contract Tower,0,1,14,0,15,0,0,42,0,42,0,1,56,0,57,118,0,118,175
03/25/2013,DET,MI,AGL,CE,Federal Contract Tower,0,3,9,0,12,0,0,40,0,40,0,3,49,0,52,52,0,52,104
03/26/2013,DET,MI,AGL,CE,Federal Contract Tower,0,6,4,0,10,0,0,19,0,19,0,6,23,0,29,74,0,74,103
03/27/2013,DET,MI,AGL,CE,Federal Contract Tower,0,14,14,0,28,0,0,50,0,50,0,14,64,0,78,120,0,120,198
03/28/2013,DET,MI,AGL,CE,Federal Contract Tower,0,6,11,0,17,0,0,36,0,36,0,6,47,0,53,124,2,126,179
03/29/2013,DET,MI,AGL,CE,Federal Contract Tower,0,2,5,0,7,0,0,48,0,48,0,2,53,0,55,96,0,96,151
03/30/2013,DET,MI,AGL,CE,Federal Contract Tower,0,2,9,2,13,0,0,44,0,44,0,2,53,2,57,116,12,128,185
03/31/2013,DET,MI,AGL,CE,Federal Contract Tower,0,0,3,0,3,0,0,36,0,36,0,0,39,0,39,60,0,60,99
04/01/2013,DET,MI,AGL,CE,Federal Contract Tower,0,3,12,0,15,0,0,48,0,48,0,3,60,0,63,46,0,46,109
04/02/2013,DET,MI,AGL,CE,Federal Contract Tower,0,3,7,0,10,0,0,27,0,27,0,3,34,0,37,66,0,66,103
04/03/2013,DET,MI,AGL,CE,Federal Contract Tower,0,3,7,0,10,0,0,36,0,36,0,3,43,0,46,66,0,66,112
04/04/2013,DET,MI,AGL,CE,Federal Contract Tower,0,7,11,0,18,0,0,42,0,42,0,7,53,0,60,14,0,14,74
04/05/2013,DET,MI,AGL,CE,Federal Contract Tower,0,3,11,0,14,0,0,48,0,48,0,3,59,0,62,240,0,240,302
04/06/2013,DET,MI,AGL,CE,Federal Contract Tower,0,4,12,0,16,0,0,28,0,28,0,4,40,0,44,134,0,134,178
04/07/2013,DET,MI,AGL,CE,Federal Contract Tower,0,6,21,0,27,0,0,47,0,47,0,6,68,0,74,114,0,114,188
04/08/2013,DET,MI,AGL,CE,Federal Contract Tower,0,2,7,0,9,0,0,38,0,38,0,2,45,0,47,74,0,74,121
04/09/2013,DET,MI,AGL,CE,Federal Contract Tower,0,8,12,0,20,0,0,34,0,34,0,8,46,0,54,92,0,92,146
04/10/2013,DET,MI,AGL,CE,Federal Contract Tower,0,7,20,0,27,0,0,22,4,26,0,7,42,4,53,40,10,50,103
04/11/2013,DET,MI,AGL,CE,Federal Contract Tower,0,6,18,0,24,0,0,13,0,13,0,6,31,0,37,42,0,42,79
04/12/2013,DET,MI,AGL,CE,Federal Contract Tower,0,2,14,0,16,0,0,5,0,5,0,2,19,0,21,0,0,0,21
04/13/2013,DET,MI,AGL,CE,Federal Contract Tower,0,4,10,0,14,0,0,42,0,42,0,4,52,0,56,118,1,119,175
04/14/2013,DET,MI,AGL,CE,Federal Contract Tower,0,6,7,0,13,0,0,60,0,60,0,6,67,0,73,136,0,136,209
04/15/2013,DET,MI,AGL,CE,Federal Contract Tower,0,6,13,0,19,0,2,42,0,44,0,8,55,0,63,120,0,120,183
04/16/2013,DET,MI,AGL,CE,Federal Contract Tower,0,10,10,0,20,0,0,47,0,47,0,10,57,0,67,94,0,94,161
04/17/2013,DET,MI,AGL,CE,Federal Contract Tower,0,0,13,0,13,0,0,44,0,44,0,0,57,0,57,82,0,82,139
04/18/2013,DET,MI,AGL,CE,Federal Contract Tower,0,2,9,0,11,0,0,11,0,11,0,2,20,0,22,0,4,4,26
04/19/2013,DET,MI,AGL,CE,Federal Contract Tower,0,8,8,0,16,0,0,14,0,14,0,8,22,0,30,20,0,20,50
04/20/2013,DET,MI,AGL,CE,Federal Contract Tower,0,3,3,0,6,0,0,38,0,38,0,3,41,0,44,118,0,118,162
04/21/2013,DET,MI,AGL,CE,Federal Contract Tower,0,2,6,0,8,0,0,54,0,54,0,2,60,0,62,112,0,112,174
04/22/2013,DET,MI,AGL,CE,Federal Contract Tower,0,4,4,0,8,0,0,35,0,35,0,4,39,0,43,126,0,126,169
04/23/2013,DET,MI,AGL,CE,Federal Contract Tower,0,10,14,0,24,0,0,37,2,39,0,10,51,2,63,134,30,164,227
04/24/2013,DET,MI,AGL,CE,Federal Contract Tower,0,6,16,0,22,0,0,26,0,26,0,6,42,0,48,34,0,34,82
04/25/2013,DET,MI,AGL,CE,Federal Contract Tower,0,5,22,0,27,0,2,46,0,48,0,7,68,0,75,110,0,110,185
04/26/2013,DET,MI,AGL,CE,Federal Contract Tower,0,4,14,0,18,0,0,34,0,34,0,4,48,0,52,182,0,182,234
04/27/2013,DET,MI,AGL,CE,Federal Contract Tower,0,0,15,0,15,0,0,46,0,46,0,0,61,0,61,162,0,162,223
04/28/2013,DET,MI,AGL,CE,Federal Contract Tower,0,7,14,0,21,0,0,21,0,21,0,7,35,0,42,72,0,72,114
04/29/2013,DET,MI,AGL,CE,Federal Contract Tower,0,4,10,0,14,0,0,43,0,43,0,4,53,0,57,117,2,119,176
04/30/2013,DET,MI,AGL,CE,Federal Contract Tower,0,3,26,0,29,0,0,52,0,52,0,3,78,0,81,132,0,132,213
05/01/2013,DET,MI,AGL,CE,Federal Contract Tower,0,2,23,0,25,0,0,52,0,52,0,2,75,0,77,154,0,154,231
05/02/2013,DET,MI,AGL,CE,Federal Contract Tower,0,7,17,0,24,0,0,89,2,91,0,7,106,2,115,178,0,178,293
05/03/2013,DET,MI,AGL,CE,Federal Contract Tower,0,3,25,0,28,0,0,60,0,60,0,3,85,0,88,144,0,144,232
05/04/2013,DET,MI,AGL,CE,Federal Contract Tower,0,6,15,0,21,0,0,94,2,96,0,6,109,2,117,202,0,202,319
05/05/2013,DET,MI,AGL,CE,Federal Contract Tower,0,2,13,0,15,0,0,61,0,61,0,2,74,0,76,114,0,114,190
05/06/2013,DET,MI,AGL,CE,Federal Contract Tower,0,1,10,0,11,0,0,31,0,31,0,1,41,0,42,80,0,80,122
05/07/2013,DET,MI,AGL,CE,Federal Contract Tower,0,4,18,0,22,0,0,44,0,44,0,4,62,0,66,104,0,104,170
05/08/2013,DET,MI,AGL,CE,Federal Contract Tower,0,10,30,0,40,0,0,39,0,39,0,10,69,0,79,68,10,78,157
05/09/2013,DET,MI,AGL,CE,Federal Contract Tower,0,14,29,0,43,0,0,45,4,49,0,14,74,4,92,112,0,112,204
05/10/2013,DET,MI,AGL,CE,Federal Contract Tower,0,8,9,0,17,0,0,41,0,41,0,8,50,0,58,126,0,126,184
05/11/2013,DET,MI,AGL,CE,Federal Contract Tower,0,9,9,1,19,0,0,40,1,41,0,9,49,2,60,72,0,72,132
05/12/2013,DET,MI,AGL,CE,Federal Contract Tower,0,7,10,0,17,0,0,56,0,56,0,7,66,0,73,50,0,50,123
05/13/2013,DET,MI,AGL,CE,Federal Contract Tower,0,3,16,0,19,0,2,30,0,32,0,5,46,0,51,96,0,96,147
05/14/2013,DET,MI,AGL,CE,Federal Contract Tower,0,4,20,0,24,0,5,23,0,28,0,9,43,0,52,112,0,112,164
05/15/2013,DET,MI,AGL,CE,Federal Contract Tower,0,9,40,0,49,0,0,45,0,45,0,9,85,0,94,88,0,88,182
05/16/2013,DET,MI,AGL,CE,Federal Contract Tower,0,9,32,0,41,0,0,50,0,50,0,9,82,0,91,162,0,162,253
05/17/2013,DET,MI,AGL,CE,Federal Contract Tower,0,6,17,0,23,0,0,43,0,43,0,6,60,0,66,130,3,133,199
05/18/2013,DET,MI,AGL,CE,Federal Contract Tower,0,2,10,0,12,0,0,68,0,68,0,2,78,0,80,134,0,134,214
05/19/2013,DET,MI,AGL,CE,Federal Contract Tower,0,0,18,0,18,0,0,168,0,168,0,0,186,0,186,74,0,74,260
05/20/2013,DET,MI,AGL,CE,Federal Contract Tower,0,5,12,0,17,0,0,38,0,38,0,5,50,0,55,88,0,88,143
05/21/2013,DET,MI,AGL,CE,Federal Contract Tower,0,7,14,0,21,0,0,33,0,33,0,7,47,0,54,50,0,50,104
05/22/2013,DET,MI,AGL,CE,Federal Contract Tower,0,5,15,0,20,0,0,29,0,29,0,5,44,0,49,44,0,44,93
05/23/2013,DET,MI,AGL,CE,Federal Contract Tower,0,8,24,0,32,0,0,28,0,28,0,8,52,0,60,102,0,102,162
05/24/2013,DET,MI,AGL,CE,Federal Contract Tower,0,8,23,0,31,0,0,41,0,41,0,8,64,0,72,146,28,174,246
05/25/2013,DET,MI,AGL,CE,Federal Contract Tower,0,3,7,0,10,0,0,67,0,67,0,3,74,0,77,168,0,168,245
05/26/2013,DET,MI,AGL,CE,Federal Contract Tower,0,3,8,0,11,0,0,77,0,77,0,3,85,0,88,66,0,66,154
05/27/2013,DET,MI,AGL,CE,Federal Contract Tower,0,5,22,0,27,0,0,44,0,44,0,5,66,0,71,68,0,68,139
05/28/2013,DET,MI,AGL,CE,Federal Contract Tower,0,1,10,0,11,0,0,29,0,29,0,1,39,0,40,32,0,32,72
05/29/2013,DET,MI,AGL,CE,Federal Contract Tower,0,8,21,0,29,0,0,42,0,42,0,8,63,0,71,50,0,50,121
05/30/2013,DET,MI,AGL,CE,Federal Contract Tower,0,4,32,0,36,0,0,59,0,59,0,4,91,0,95,122,0,122,217
05/31/2013,DET,MI,AGL,CE,Federal Contract Tower,0,4,21,0,25,0,0,42,0,42,0,4,63,0,67,122,0,122,189
06/01/2013,DET,MI,AGL,CE,Federal Contract Tower,0,4,12,0,16,0,0,100,0,100,0,4,112,0,116,242,0,242,358
06/02/2013,DET,MI,AGL,CE,Federal Contract Tower,0,1,26,0,27,0,0,92,0,92,0,1,118,0,119,134,0,134,253
06/03/2013,DET,MI,AGL,CE,Federal Contract Tower,0,6,33,0,39,0,0,72,0,72,0,6,105,0,111,174,0,174,285
06/04/2013,DET,MI,AGL,CE,Federal Contract Tower,0,8,14,0,22,0,0,38,0,38,0,8,52,0,60,64,0,64,124
06/05/2013,DET,MI,AGL,CE,Federal Contract Tower,0,5,23,0,28,0,0,51,0,51,0,5,74,0,79,60,0,60,139
06/06/2013,DET,MI,AGL,CE,Federal Contract Tower,0,5,19,0,24,0,0,32,0,32,0,5,51,0,56,28,0,28,84
06/07/2013,DET,MI,AGL,CE,Federal Contract Tower,0,7,16,0,23,0,0,57,0,57,0,7,73,0,80,142,0,142,222
06/08/2013,DET,MI,AGL,CE,Federal Contract Tower,0,6,10,0,16,0,0,69,0,69,0,6,79,0,85,152,0,152,237
06/09/2013,DET,MI,AGL,CE,Federal Contract Tower,0,9,17,0,26,0,0,66,0,66,0,9,83,0,92,74,0,74,166
06/10/2013,DET,MI,AGL,CE,Federal Contract Tower,0,4,12,0,16,0,0,23,1,24,0,4,35,1,40,36,0,36,76
06/11/2013,DET,MI,AGL,CE,Federal Contract Tower,0,8,9,0,17,0,0,35,2,37,0,8,44,2,54,98,2,100,154
06/12/2013,DET,MI,AGL,CE,Federal Contract Tower,0,4,12,0,16,0,1,26,2,29,0,5,38,2,45,58,4,62,107
06/13/2013,DET,MI,AGL,CE,Federal Contract Tower,0,1,27,0,28,0,0,62,0,62,0,1,89,0,90,172,0,172,262
06/14/2013,DET,MI,AGL,CE,Federal Contract Tower,0,4,20,0,24,0,0,54,0,54,0,4,74,0,78,160,0,160,238
06/15/2013,DET,MI,AGL,CE,Federal Contract Tower,0,3,12,0,15,0,0,74,0,74,0,3,86,0,89,198,0,198,287
06/16/2013,DET,MI,AGL,CE,Federal Contract Tower,0,8,9,0,17,0,0,96,0,96,0,8,105,0,113,88,0,88,201
06/17/2013,DET,MI,AGL,CE,Federal Contract Tower,0,7,21,0,28,0,1,46,0,47,0,8,67,0,75,72,0,72,147
06/18/2013,DET,MI,AGL,CE,Federal Contract Tower,0,8,14,1,23,0,0,32,0,32,0,8,46,1,55,76,0,76,131
06/19/2013,DET,MI,AGL,CE,Federal Contract Tower,0,2,24,0,26,0,0,49,0,49,0,2,73,0,75,98,2,100,175
06/20/2013,DET,MI,AGL,CE,Federal Contract Tower,0,7,29,0,36,0,0,56,2,58,0,7,85,2,94,176,0,176,270
06/21/2013,DET,MI,AGL,CE,Federal Contract Tower,0,7,31,0,38,0,0,55,0,55,0,7,86,0,93,122,0,122,215
06/22/2013,DET,MI,AGL,CE,Federal Contract Tower,0,1,9,0,10,0,0,52,0,52,0,1,61,0,62,96,0,96,158
06/23/2013,DET,MI,AGL,CE,Federal Contract Tower,0,3,16,0,19,0,0,72,0,72,0,3,88,0,91,116,0,116,207
06/24/2013,DET,MI,AGL,CE,Federal Contract Tower,0,2,22,0,24,0,2,95,5,102,0,4,117,5,126,152,0,152,278
06/25/2013,DET,MI,AGL,CE,Federal Contract Tower,0,10,17,0,27,0,0,45,2,47,0,10,62,2,74,102,0,102,176
06/26/2013,DET,MI,AGL,CE,Federal Contract Tower,0,4,20,0,24,0,0,42,0,42,0,4,62,0,66,76,0,76,142
06/27/2013,DET,MI,AGL,CE,Federal Contract Tower,0,1,34,0,35,0,0,38,0,38,0,1,72,0,73,90,0,90,163
06/28/2013,DET,MI,AGL,CE,Federal Contract Tower,0,7,17,0,24,0,0,45,0,45,0,7,62,0,69,96,0,96,165
06/29/2013,DET,MI,AGL,CE,Federal Contract Tower,0,1,19,0,20,0,0,64,0,64,0,1,83,0,84,126,0,126,210
06/30/2013,DET,MI,AGL,CE,Federal Contract Tower,0,2,11,0,13,0,0,52,0,52,0,2,63,0,65,104,0,104,169
07/01/2013,DET,MI,AGL,CE,Federal Contract Tower,0,2,12,0,14,0,0,21,0,21,0,2,33,0,35,0,0,0,35
07/02/2013,DET,MI,AGL,CE,Federal Contract Tower,0,3,14,0,17,0,0,31,0,31,0,3,45,0,48,56,0,56,104
07/03/2013,DET,MI,AGL,CE,Federal Contract Tower,0,4,14,0,18,0,0,51,0,51,0,4,65,0,69,130,0,130,199
07/04/2013,DET,MI,AGL,CE,Federal Contract Tower,0,0,1,0,1,0,0,49,0,49,0,0,50,0,50,146,0,146,196
07/05/2013,DET,MI,AGL,CE,Federal Contract Tower,0,0,4,0,4,0,0,56,0,56,0,0,60,0,60,168,0,168,228
07/06/2013,DET,MI,AGL,CE,Federal Contract Tower,0,0,1,0,1,0,0,58,0,58,0,0,59,0,59,156,0,156,215
07/07/2013,DET,MI,AGL,CE,Federal Contract Tower,0,6,17,0,23,0,0,35,0,35,0,6,52,0,58,58,0,58,116
07/08/2013,DET,MI,AGL,CE,Federal Contract Tower,0,6,9,0,15,0,0,24,0,24,0,6,33,0,39,0,0,0,39
07/09/2013,DET,MI,AGL,CE,Federal Contract Tower,0,2,20,0,22,0,0,26,0,26,0,2,46,0,48,42,0,42,90
07/10/2013,DET,MI,AGL,CE,Federal Contract Tower,0,3,3,0,6,0,0,67,0,67,0,3,70,0,73,166,0,166,239
07/11/2013,DET,MI,AGL,CE,Federal Contract Tower,0,3,19,0,22,0,0,57,0,57,0,3,76,0,79,194,0,194,273
07/12/2013,DET,MI,AGL,CE,Federal Contract Tower,0,11,22,0,33,0,0,73,0,73,0,11,95,0,106,160,0,160,266
07/13/2013,DET,MI,AGL,CE,Federal Contract Tower,0,4,11,0,15,0,0,62,0,62,0,4,73,0,77,151,0,151,228
07/14/2013,DET,MI,AGL,CE,Federal Contract Tower,0,6,20,0,26,0,0,105,0,105,0,6,125,0,131,156,0,156,287
07/15/2013,DET,MI,AGL,CE,Federal Contract Tower,0,8,16,0,24,0,0,22,0,22,0,8,38,0,46,24,0,24,70
07/16/2013,DET,MI,AGL,CE,Federal Contract Tower,0,5,24,0,29,0,1,49,0,50,0,6,73,0,79,128,0,128,207
07/17/2013,DET,MI,AGL,CE,Federal Contract Tower,0,7,19,0,26,0,0,40,4,44,0,7,59,4,70,86,0,86,156
07/18/2013,DET,MI,AGL,CE,Federal Contract Tower,0,6,20,1,27,0,0,53,0,53,0,6,73,1,80,148,0,148,228
07/19/2013,DET,MI,AGL,CE,Federal Contract Tower,0,8,12,0,20,0,0,53,0,53,0,8,65,0,73,114,0,114,187
07/20/2013,DET,MI,AGL,CE,Federal Contract Tower,0,9,12,0,21,0,1,76,0,77,0,10,88,0,98,180,0,180,278
07/21/2013,DET,MI,AGL,CE,Federal Contract Tower,0,7,29,0,36,0,0,86,0,86,0,7,115,0,122,96,0,96,218
07/22/2013,DET,MI,AGL,CE,Federal Contract Tower,0,3,13,0,16,0,0,48,0,48,0,3,61,0,64,26,0,26,90
07/23/2013,DET,MI,AGL,CE,Federal Contract Tower,0,8,25,0,33,0,1,25,0,26,0,9,50,0,59,40,0,40,99
07/24/2013,DET,MI,AGL,CE,Federal Contract Tower,0,2,28,0,30,0,0,44,0,44,0,2,72,0,74,112,0,112,186
07/25/2013,DET,MI,AGL,CE,Federal Contract Tower,0,20,32,0,52,0,0,50,0,50,0,20,82,0,102,134,0,134,236
07/26/2013,DET,MI,AGL,CE,Federal Contract Tower,0,5,21,0,26,0,0,67,0,67,0,5,88,0,93,134,0,134,227
07/27/2013,DET,MI,AGL,CE,Federal Contract Tower,0,4,16,0,20,0,0,41,0,41,0,4,57,0,61,92,0,92,153
07/28/2013,DET,MI,AGL,CE,Federal Contract Tower,0,9,26,0,35,0,0,57,0,57,0,9,83,0,92,60,0,60,152
07/29/2013,DET,MI,AGL,CE,Federal Contract Tower,0,6,19,0,25,0,0,21,0,21,0,6,40,0,46,58,0,58,104
07/30/2013,DET,MI,AGL,CE,Federal Contract Tower,0,10,19,0,29,0,0,29,0,29,0,10,48,0,58,48,0,48,106
07/31/2013,DET,MI,AGL,CE,Federal Contract Tower,0,4,23,2,29,0,0,39,0,39,0,4,62,2,68,28,0,28,96
08/01/2013,DET,MI,AGL,CE,Federal Contract Tower,0,15,14,0,29,0,0,39,0,39,0,15,53,0,68,106,0,106,174
08/02/2013,DET,MI,AGL,CE,Federal Contract Tower,0,6,27,0,33,0,4,56,26,86,0,10,83,26,119,72,0,72,191
08/03/2013,DET,MI,AGL,CE,Federal Contract Tower,0,3,7,0,10,0,2,76,0,78,0,5,83,0,88,240,0,240,328
08/04/2013,DET,MI,AGL,CE,Federal Contract Tower,0,4,23,0,27,0,0,64,0,64,0,4,87,0,91,110,0,110,201
08/05/2013,DET,MI,AGL,CE,Federal Contract Tower,0,4,10,0,14,0,0,32,0,32,0,4,42,0,46,30,0,30,76
08/06/2013,DET,MI,AGL,CE,Federal Contract Tower,0,9,18,0,27,0,0,24,0,24,0,9,42,0,51,58,0,58,109
08/07/2013,DET,MI,AGL,CE,Federal Contract Tower,0,5,17,0,22,0,0,50,0,50,0,5,67,0,72,108,0,108,180
08/08/2013,DET,MI,AGL,CE,Federal Contract Tower,0,3,18,0,21,0,0,40,0,40,0,3,58,0,61,84,0,84,145
08/09/2013,DET,MI,AGL,CE,Federal Contract Tower,0,4,22,0,26,0,0,53,0,53,0,4,75,0,79,148,0,148,227
08/10/2013,DET,MI,AGL,CE,Federal Contract Tower,0,9,14,0,23,0,0,56,0,56,0,9,70,0,79,116,0,116,195
08/11/2013,DET,MI,AGL,CE,Federal Contract Tower,0,6,14,0,20,0,0,94,0,94,0,6,108,0,114,96,0,96,210
08/12/2013,DET,MI,AGL,CE,Federal Contract Tower,0,4,24,0,28,0,0,10,0,10,0,4,34,0,38,0,0,0,38
08/13/2013,DET,MI,AGL,CE,Federal Contract Tower,0,5,14,0,19,0,0,28,0,28,0,5,42,0,47,14,0,14,61
08/14/2013,DET,MI,AGL,CE,Federal Contract Tower,0,8,28,0,36,0,0,67,0,67,0,8,95,0,103,162,0,162,265
08/15/2013,DET,MI,AGL,CE,Federal Contract Tower,0,5,13,5,23,0,0,44,0,44,0,5,57,5,67,154,0,154,221
08/16/2013,DET,MI,AGL,CE,Federal Contract Tower,0,4,32,0,36,0,0,59,2,61,0,4,91,2,97,116,0,116,213
08/17/2013,DET,MI,AGL,CE,Federal Contract Tower,0,3,14,0,17,0,0,60,0,60,0,3,74,0,77,118,0,118,195
08/18/2013,DET,MI,AGL,CE,Federal Contract Tower,0,4,23,0,27,0,0,78,0,78,0,4,101,0,105,120,0,120,225
08/19/2013,DET,MI,AGL,CE,Federal Contract Tower,0,3,14,0,17,0,0,39,0,39,0,3,53,0,56,78,0,78,134
08/20/2013,DET,MI,AGL,CE,Federal Contract Tower,0,8,19,0,27,0,0,39,0,39,0,8,58,0,66,76,0,76,142
08/21/2013,DET,MI,AGL,CE,Federal Contract Tower,0,4,8,0,12,0,0,47,0,47,0,4,55,0,59,124,0,124,183
08/22/2013,DET,MI,AGL,CE,Federal Contract Tower,0,16,22,0,38,0,0,68,0,68,0,16,90,0,106,156,0,156,262
08/23/2013,DET,MI,AGL,CE,Federal Contract Tower,0,12,19,0,31,0,0,66,0,66,0,12,85,0,97,146,0,146,243
08/24/2013,DET,MI,AGL,CE,Federal Contract Tower,0,3,13,0,16,0,0,72,0,72,0,3,85,0,88,126,0,126,214
08/25/2013,DET,MI,AGL,CE,Federal Contract Tower,0,9,22,0,31,0,0,46,0,46,0,9,68,0,77,106,0,106,183
08/26/2013,DET,MI,AGL,CE,Federal Contract Tower,0,7,21,0,28,0,0,29,0,29,0,7,50,0,57,30,0,30,87
08/27/2013,DET,MI,AGL,CE,Federal Contract Tower,0,12,20,0,32,0,0,61,0,61,0,12,81,0,93,96,0,96,189
08/28/2013,DET,MI,AGL,CE,Federal Contract Tower,0,10,23,0,33,0,0,39,0,39,0,10,62,0,72,92,0,92,164
08/29/2013,DET,MI,AGL,CE,Federal Contract Tower,0,14,14,0,28,0,0,71,0,71,0,14,85,0,99,212,0,212,311
08/30/2013,DET,MI,AGL,CE,Federal Contract Tower,0,11,23,0,34,0,0,73,0,73,0,11,96,0,107,206,0,206,313
08/31/2013,DET,MI,AGL,CE,Federal Contract Tower,0,8,2,0,10,0,0,42,0,42,0,8,44,0,52,90,0,90,142
09/01/2013,DET,MI,AGL,CE,Federal Contract Tower,0,8,9,0,17,0,0,19,0,19,0,8,28,0,36,30,0,30,66
09/02/2013,DET,MI,AGL,CE,Federal Contract Tower,0,5,16,0,21,0,1,38,0,39,0,6,54,0,60,48,0,48,108
09/03/2013,DET,MI,AGL,CE,Federal Contract Tower,0,9,22,0,31,0,0,44,0,44,0,9,66,0,75,186,0,186,261
09/04/2013,DET,MI,AGL,CE,Federal Contract Tower,0,7,10,0,17,0,0,34,0,34,0,7,44,0,51,122,0,122,173
09/05/2013,DET,MI,AGL,CE,Federal Contract Tower,0,8,9,0,17,0,0,60,0,60,0,8,69,0,77,136,0,136,213
09/06/2013,DET,MI,AGL,CE,Federal Contract Tower,0,8,18,0,26,0,0,62,0,62,0,8,80,0,88,164,0,164,252
09/07/2013,DET,MI,AGL,CE,Federal Contract Tower,0,0,12,0,12,0,0,71,0,71,0,0,83,0,83,132,0,132,215
09/08/2013,DET,MI,AGL,CE,Federal Contract Tower,0,6,23,0,29,0,0,96,0,96,0,6,119,0,125,86,0,86,211
09/09/2013,DET,MI,AGL,CE,Federal Contract Tower,0,6,11,0,17,0,0,40,0,40,0,6,51,0,57,64,0,64,121
09/10/2013,DET,MI,AGL,CE,Federal Contract Tower,0,4,13,0,17,0,0,43,0,43,0,4,56,0,60,64,0,64,124
09/11/2013,DET,MI,AGL,CE,Federal Contract Tower,0,4,22,0,26,0,0,47,0,47,0,4,69,0,73,132,0,132,205
09/12/2013,DET,MI,AGL,CE,Federal Contract Tower,0,8,24,0,32,0,0,90,0,90,0,8,114,0,122,130,0,130,252
09/13/2013,DET,MI,AGL,CE,Federal Contract Tower,0,4,11,0,15,0,0,63,0,63,0,4,74,0,78,142,0,142,220
09/14/2013,DET,MI,AGL,CE,Federal Contract Tower,0,7,11,0,18,0,0,57,0,57,0,7,68,0,75,114,0,114,189
09/15/2013,DET,MI,AGL,CE,Federal Contract Tower,0,5,11,0,16,0,0,51,0,51,0,5,62,0,67,64,0,64,131
09/16/2013,DET,MI,AGL,CE,Federal Contract Tower,0,4,19,0,23,0,0,26,0,26,0,4,45,0,49,62,0,62,111
09/17/2013,DET,MI,AGL,CE,Federal Contract Tower,0,7,21,0,28,0,0,50,0,50,0,7,71,0,78,104,0,104,182
09/18/2013,DET,MI,AGL,CE,Federal Contract Tower,0,5,15,0,20,0,0,41,0,41,0,5,56,0,61,136,0,136,197
09/19/2013,DET,MI,AGL,CE,Federal Contract Tower,0,8,25,0,33,0,0,70,0,70,0,8,95,0,103,160,0,160,263
09/20/2013,DET,MI,AGL,CE,Federal Contract Tower,0,4,15,0,19,0,0,65,0,65,0,4,80,0,84,174,0,174,258
09/21/2013,DET,MI,AGL,CE,Federal Contract Tower,0,4,16,0,20,0,0,73,0,73,0,4,89,0,93,142,0,142,235
09/22/2013,DET,MI,AGL,CE,Federal Contract Tower,0,8,24,0,32,0,0,54,0,54,0,8,78,0,86,106,0,106,192
09/23/2013,DET,MI,AGL,CE,Federal Contract Tower,0,6,20,0,26,0,0,24,2,26,0,6,44,2,52,76,6,82,134
09/24/2013,DET,MI,AGL,CE,Federal Contract Tower,1,2,13,0,16,0,2,37,0,39,1,4,50,0,55,88,0,88,143
09/25/2013,DET,MI,AGL,CE,Federal Contract Tower,0,10,18,0,28,0,1,45,0,46,0,11,63,0,74,162,0,162,236
09/26/2013,DET,MI,AGL,CE,Federal Contract Tower,0,7,17,0,24,0,0,66,0,66,0,7,83,0,90,158,0,158,248
09/27/2013,DET,MI,AGL,CE,Federal Contract Tower,0,6,21,0,27,0,0,68,0,68,0,6,89,0,95,130,0,130,225
09/28/2013,DET,MI,AGL,CE,Federal Contract Tower,0,3,17,0,20,0,0,70,6,76,0,3,87,6,96,138,0,138,234
09/29/2013,DET,MI,AGL,CE,Federal Contract Tower,0,2,31,0,33,0,0,20,0,20,0,2,51,0,53,38,0,38,91
09/30/2013,DET,MI,AGL,CE,Federal Contract Tower,0,5,18,1,24,0,0,27,0,27,0,5,45,1,51,26,0,26,77
10/01/2013,DET,MI,AGL,CE,Federal Contract Tower,0,6,25,0,31,0,0,53,0,53,0,6,78,0,84,152,0,152,236
10/02/2013,DET,MI,AGL,CE,Federal Contract Tower,0,3,20,0,23,0,0,78,0,78,0,3,98,0,101,182,0,182,283
10/03/2013,DET,MI,AGL,CE,Federal Contract Tower,0,5,20,0,25,0,0,52,0,52,0,5,72,0,77,118,0,118,195
10/04/2013,DET,MI,AGL,CE,Federal Contract Tower,0,5,12,0,17,0,0,72,0,72,0,5,84,0,89,132,0,132,221
10/05/2013,DET,MI,AGL,CE,Federal Contract Tower,0,3,5,6,14,0,0,37,0,37,0,3,42,6,51,72,0,72,123
10/06/2013,DET,MI,AGL,CE,Federal Contract Tower,0,4,9,0,13,0,0,21,0,21,0,4,30,0,34,12,0,12,46
10/07/2013,DET,MI,AGL,CE,Federal Contract Tower,0,4,17,0,21,0,0,26,0,26,0,4,43,0,47,0,0,0,47
10/08/2013,DET,MI,AGL,CE,Federal Contract Tower,0,4,22,0,26,0,0,60,0,60,0,4,82,0,86,108,0,108,194
10/09/2013,DET,MI,AGL,CE,Federal Contract Tower,0,9,10,0,19,0,0,56,0,56,0,9,66,0,75,144,0,144,219
10/10/2013,DET,MI,AGL,CE,Federal Contract Tower,0,0,16,0,16,0,0,50,0,50,0,0,66,0,66,122,0,122,188
10/11/2013,DET,MI,AGL,CE,Federal Contract Tower,0,1,23,0,24,0,0,54,4,58,0,1,77,4,82,130,0,130,212
10/12/2013,DET,MI,AGL,CE,Federal Contract Tower,0,7,9,0,16,0,0,61,0,61,0,7,70,0,77,124,0,124,201
10/13/2013,DET,MI,AGL,CE,Federal Contract Tower,0,2,9,0,11,0,0,33,2,35,0,2,42,2,46,120,0,120,166
10/14/2013,DET,MI,AGL,CE,Federal Contract Tower,0,10,4,0,14,0,0,30,0,30,0,10,34,0,44,46,0,46,90
10/15/2013,DET,MI,AGL,CE,Federal Contract Tower,0,4,25,0,29,0,0,52,0,52,0,4,77,0,81,128,0,128,209
10/16/2013,DET,MI,AGL,CE,Federal Contract Tower,0,2,24,0,26,0,1,72,0,73,0,3,96,0,99,178,0,178,277
10/17/2013,DET,MI,AGL,CE,Federal Contract Tower,0,9,23,0,32,0,0,71,0,71,0,9,94,0,103,58,0,58,161
10/18/2013,DET,MI,AGL,CE,Federal Contract Tower,0,2,16,0,18,0,0,62,0,62,0,2,78,0,80,126,0,126,206
10/19/2013,DET,MI,AGL,CE,Federal Contract Tower,0,4,15,0,19,0,0,25,2,27,0,4,40,2,46,60,2,62,108
10/20/2013,DET,MI,AGL,CE,Federal Contract Tower,0,14,18,0,32,0,0,58,0,58,0,14,76,0,90,48,0,48,138
10/21/2013,DET,MI,AGL,CE,Federal Contract Tower,0,4,16,0,20,0,0,49,0,49,0,4,65,0,69,48,0,48,117
10/22/2013,DET,MI,AGL,CE,Federal Contract Tower,0,3,7,0,10,0,0,42,0,42,0,3,49,0,52,126,0,126,178
10/23/2013,DET,MI,AGL,CE,Federal Contract Tower,0,11,18,0,29,0,0,71,0,71,0,11,89,0,100,150,0,150,250
10/24/2013,DET,MI,AGL,CE,Federal Contract Tower,0,15,6,1,22,0,0,65,0,65,0,15,71,1,87,118,0,118,205
10/25/2013,DET,MI,AGL,CE,Federal Contract Tower,0,3,16,0,19,0,0,45,0,45,0,3,61,0,64,86,0,86,150
10/26/2013,DET,MI,AGL,CE,Federal Contract Tower,0,6,17,0,23,0,0,25,0,25,0,6,42,0,48,38,0,38,86
10/27/2013,DET,MI,AGL,CE,Federal Contract Tower,0,3,20,0,23,0,0,29,0,29,0,3,49,0,52,18,0,18,70
10/28/2013,DET,MI,AGL,CE,Federal Contract Tower,0,6,19,0,25,0,0,47,0,47,0,6,66,0,72,110,0,110,182
10/29/2013,DET,MI,AGL,CE,Federal Contract Tower,0,5,16,0,21,0,0,41,0,41,0,5,57,0,62,120,0,120,182
10/30/2013,DET,MI,AGL,CE,Federal Contract Tower,0,8,23,0,31,0,0,90,0,90,0,8,113,0,121,202,0,202,323
10/31/2013,DET,MI,AGL,CE,Federal Contract Tower,0,1,15,0,16,0,0,13,0,13,0,1,28,0,29,0,0,0,29
11/01/2013,DET,MI,AGL,CE,Federal Contract Tower,0,1,14,0,15,0,0,36,0,36,0,1,50,0,51,68,0,68,119
11/02/2013,DET,MI,AGL,CE,Federal Contract Tower,0,2,9,0,11,0,0,17,0,17,0,2,26,0,28,36,0,36,64
11/03/2013,DET,MI,AGL,CE,Federal Contract Tower,0,5,14,0,19,0,0,57,0,57,0,5,71,0,76,46,0,46,122
11/04/2013,DET,MI,AGL,CE,Federal Contract Tower,0,1,33,0,34,0,0,29,0,29,0,1,62,0,63,74,0,74,137
11/05/2013,DET,MI,AGL,CE,Federal Contract Tower,0,3,14,0,17,0,1,25,0,26,0,4,39,0,43,106,0,106,149
11/06/2013,DET,MI,AGL,CE,Federal Contract Tower,0,7,14,0,21,0,0,42,0,42,0,7,56,0,63,74,2,76,139
11/07/2013,DET,MI,AGL,CE,Federal Contract Tower,0,8,14,0,22,0,0,62,2,64,0,8,76,2,86,98,0,98,184
11/08/2013,DET,MI,AGL,CE,Federal Contract Tower,0,5,24,0,29,0,0,44,0,44,0,5,68,0,73,116,0,116,189
11/09/2013,DET,MI,AGL,CE,Federal Contract Tower,0,4,10,0,14,0,0,35,0,35,0,4,45,0,49,26,0,26,75
11/10/2013,DET,MI,AGL,CE,Federal Contract Tower,0,7,11,0,18,0,0,29,0,29,0,7,40,0,47,26,0,26,73
11/11/2013,DET,MI,AGL,CE,Federal Contract Tower,0,5,13,0,18,0,0,18,0,18,0,5,31,0,36,26,0,26,62
11/12/2013,DET,MI,AGL,CE,Federal Contract Tower,0,7,15,0,22,0,0,45,0,45,0,7,60,0,67,108,0,108,175
11/13/2013,DET,MI,AGL,CE,Federal Contract Tower,0,1,16,0,17,0,0,53,0,53,0,1,69,0,70,120,0,120,190
11/14/2013,DET,MI,AGL,CE,Federal Contract Tower,0,3,24,0,27,0,0,60,0,60,0,3,84,0,87,112,0,112,199
11/15/2013,DET,MI,AGL,CE,Federal Contract Tower,0,2,21,0,23,0,2,59,0,61,0,4,80,0,84,118,0,118,202
11/16/2013,DET,MI,AGL,CE,Federal Contract Tower,0,2,7,0,9,0,0,40,0,40,0,2,47,0,49,0,0,0,49
11/17/2013,DET,MI,AGL,CE,Federal Contract Tower,0,2,11,0,13,0,0,1,0,1,0,2,12,0,14,0,0,0,14
11/18/2013,DET,MI,AGL,CE,Federal Contract Tower,0,2,9,0,11,0,0,0,0,0,0,2,9,0,11,12,0,12,23
11/19/2013,DET,MI,AGL,CE,Federal Contract Tower,0,6,23,0,29,0,0,35,0,35,0,6,58,0,64,126,4,130,194
11/20/2013,DET,MI,AGL,CE,Federal Contract Tower,0,7,27,0,34,0,0,43,0,43,0,7,70,0,77,82,0,82,159
11/21/2013,DET,MI,AGL,CE,Federal Contract Tower,0,4,15,0,19,0,0,59,0,59,0,4,74,0,78,100,0,100,178
11/22/2013,DET,MI,AGL,CE,Federal Contract Tower,0,9,14,0,23,0,0,25,0,25,0,9,39,0,48,0,0,0,48
11/23/2013,DET,MI,AGL,CE,Federal Contract Tower,0,3,5,0,8,0,0,24,0,24,0,3,29,0,32,26,0,26,58
11/24/2013,DET,MI,AGL,CE,Federal Contract Tower,0,15,8,0,23,0,0,22,0,22,0,15,30,0,45,4,0,4,49
11/25/2013,DET,MI,AGL,CE,Federal Contract Tower,0,0,12,0,12,0,0,9,0,9,0,0,21,0,21,0,0,0,21
11/26/2013,DET,MI,AGL,CE,Federal Contract Tower,0,0,18,0,18,0,0,26,0,26,0,0,44,0,44,128,0,128,172
11/27/2013,DET,MI,AGL,CE,Federal Contract Tower,0,0,20,0,20,0,2,51,0,53,0,2,71,0,73,64,0,64,137
11/28/2013,DET,MI,AGL,CE,Federal Contract Tower,0,2,9,0,11,0,0,49,0,49,0,2,58,0,60,62,0,62,122
11/29/2013,DET,MI,AGL,CE,Federal Contract Tower,0,1,11,0,12,0,0,30,0,30,0,1,41,0,42,94,0,94,136
11/30/2013,DET,MI,AGL,CE,Federal Contract Tower,0,5,14,0,19,0,0,46,0,46,0,5,60,0,65,0,0,0,65
12/01/2013,DET,MI,AGL,CE,Federal Contract Tower,0,1,12,0,13,0,0,20,0,20,0,1,32,0,33,18,0,18,51
12/02/2013,DET,MI,AGL,CE,Federal Contract Tower,0,9,12,0,21,0,0,35,0,35,0,9,47,0,56,108,0,108,164
12/03/2013,DET,MI,AGL,CE,Federal Contract Tower,0,3,10,0,13,0,0,25,0,25,0,3,35,0,38,0,0,0,38
12/04/2013,DET,MI,AGL,CE,Federal Contract Tower,0,3,13,0,16,0,0,35,0,35,0,3,48,0,51,46,0,46,97
12/05/2013,DET,MI,AGL,CE,Federal Contract Tower,0,5,16,0,21,0,0,45,0,45,0,5,61,0,66,96,0,96,162
12/06/2013,DET,MI,AGL,CE,Federal Contract Tower,0,6,14,0,20,0,0,41,0,41,0,6,55,0,61,94,0,94,155
12/07/2013,DET,MI,AGL,CE,Federal Contract Tower,0,8,7,0,15,0,0,37,0,37,0,8,44,0,52,80,0,80,132
12/08/2013,DET,MI,AGL,CE,Federal Contract Tower,0,3,6,0,9,0,0,14,0,14,0,3,20,0,23,0,0,0,23
12/09/2013,DET,MI,AGL,CE,Federal Contract Tower,0,9,6,0,15,0,0,18,0,18,0,9,24,0,33,0,0,0,33
12/10/2013,DET,MI,AGL,CE,Federal Contract Tower,0,3,23,0,26,0,0,26,0,26,0,3,49,0,52,0,0,0,52
12/11/2013,DET,MI,AGL,CE,Federal Contract Tower,0,0,14,0,14,0,0,18,0,18,0,0,32,0,32,34,0,34,66
12/12/2013,DET,MI,AGL,CE,Federal Contract Tower,0,0,14,0,14,0,0,33,4,37,0,0,47,4,51,44,0,44,95
12/13/2013,DET,MI,AGL,CE,Federal Contract Tower,0,1,14,0,15,0,0,53,0,53,0,1,67,0,68,96,0,96,164
12/14/2013,DET,MI,AGL,CE,Federal Contract Tower,0,0,4,0,4,0,0,0,0,0,0,0,4,0,4,0,0,0,4
12/15/2013,DET,MI,AGL,CE,Federal Contract Tower,0,1,13,0,14,0,0,0,0,0,0,1,13,0,14,0,0,0,14
12/16/2013,DET,MI,AGL,CE,Federal Contract Tower,0,5,9,0,14,0,0,4,0,4,0,5,13,0,18,28,0,28,46
12/17/2013,DET,MI,AGL,CE,Federal Contract Tower,0,3,14,0,17,0,0,5,0,5,0,3,19,0,22,0,0,0,22
12/18/2013,DET,MI,AGL,CE,Federal Contract Tower,0,6,21,0,27,0,0,49,0,49,0,6,70,0,76,114,0,114,190
12/19/2013,DET,MI,AGL,CE,Federal Contract Tower,0,6,10,0,16,0,0,36,0,36,0,6,46,0,52,84,0,84,136
12/20/2013,DET,MI,AGL,CE,Federal Contract Tower,0,0,15,0,15,0,0,5,0,5,0,0,20,0,20,0,0,0,20
12/21/2013,DET,MI,AGL,CE,Federal Contract Tower,0,0,4,0,4,0,0,0,0,0,0,0,4,0,4,0,0,0,4
12/22/2013,DET,MI,AGL,CE,Federal Contract Tower,0,2,3,0,5,0,0,0,0,0,0,2,3,0,5,8,0,8,13
12/23/2013,DET,MI,AGL,CE,Federal Contract Tower,0,4,9,0,13,0,0,26,0,26,0,4,35,0,39,68,0,68,107
12/24/2013,DET,MI,AGL,CE,Federal Contract Tower,0,3,1,0,4,0,0,12,0,12,0,3,13,0,16,6,0,6,22
12/25/2013,DET,MI,AGL,CE,Federal Contract Tower,0,0,3,0,3,0,0,0,0,0,0,0,3,0,3,0,0,0,3
12/26/2013,DET,MI,AGL,CE,Federal Contract Tower,0,7,8,0,15,0,0,18,0,18,0,7,26,0,33,48,0,48,81
12/27/2013,DET,MI,AGL,CE,Federal Contract Tower,0,4,6,0,10,0,0,35,0,35,0,4,41,0,45,70,0,70,115
12/28/2013,DET,MI,AGL,CE,Federal Contract Tower,0,4,11,0,15,0,0,22,0,22,0,4,33,0,37,50,0,50,87
12/29/2013,DET,MI,AGL,CE,Federal Contract Tower,0,4,4,0,8,0,0,33,0,33,0,4,37,0,41,0,0,0,41
12/30/2013,DET,MI,AGL,CE,Federal Contract Tower,0,2,5,0,7,0,0,19,0,19,0,2,24,0,26,90,0,90,116
12/31/2013,DET,MI,AGL,CE,Federal Contract Tower,0,6,0,0,6,0,0,16,0,16,0,6,16,0,22,46,0,46,68
01/01/2014,DET,MI,AGL,CE,Federal Contract Tower,0,7,0,0,7,0,0,0,0,0,0,7,0,0,7,0,0,0,7
01/02/2014,DET,MI,AGL,CE,Federal Contract Tower,0,3,2,0,5,0,0,0,0,0,0,3,2,0,5,0,0,0,5
01/03/2014,DET,MI,AGL,CE,Federal Contract Tower,0,2,17,0,19,0,0,41,0,41,0,2,58,0,60,104,0,104,164
01/04/2014,DET,MI,AGL,CE,Federal Contract Tower,0,0,7,0,7,0,0,7,0,7,0,0,14,0,14,0,0,0,14
01/05/2014,DET,MI,AGL,CE,Federal Contract Tower,0,0,9,0,9,0,0,0,0,0,0,0,9,0,9,0,0,0,9
01/06/2014,DET,MI,AGL,CE,Federal Contract Tower,0,2,3,0,5,0,0,0,0,0,0,2,3,0,5,0,0,0,5
01/07/2014,DET,MI,AGL,CE,Federal Contract Tower,0,6,9,0,15,0,0,2,0,2,0,6,11,0,17,2,0,2,19
01/08/2014,DET,MI,AGL,CE,Federal Contract Tower,0,6,16,0,22,0,0,49,0,49,0,6,65,0,71,96,0,96,167
01/09/2014,DET,MI,AGL,CE,Federal Contract Tower,0,7,9,0,16,0,0,17,0,17,0,7,26,0,33,0,0,0,33
01/10/2014,DET,MI,AGL,CE,Federal Contract Tower,0,2,7,0,9,0,0,0,0,0,0,2,7,0,9,0,0,0,9
01/11/2014,DET,MI,AGL,CE,Federal Contract Tower,0,4,1,0,5,0,0,0,0,0,0,4,1,0,5,0,0,0,5
01/12/2014,DET,MI,AGL,CE,Federal Contract Tower,0,6,5,0,11,0,0,14,0,14,0,6,19,0,25,0,0,0,25
01/13/2014,DET,MI,AGL,CE,Federal Contract Tower,0,6,27,0,33,0,0,17,0,17,0,6,44,0,50,46,0,46,96
01/14/2014,DET,MI,AGL,CE,Federal Contract Tower,0,4,19,0,23,0,0,36,0,36,0,4,55,0,59,64,0,64,123
01/15/2014,DET,MI,AGL,CE,Federal Contract Tower,0,9,34,0,43,0,0,48,0,48,0,9,82,0,91,70,0,70,161
01/16/2014,DET,MI,AGL,CE,Federal Contract Tower,0,7,25,0,32,0,0,33,0,33,0,7,58,0,65,0,0,0,65
01/17/2014,DET,MI,AGL,CE,Federal Contract Tower,0,5,19,4,28,0,0,27,0,27,0,5,46,4,55,0,0,0,55
01/18/2014,DET,MI,AGL,CE,Federal Contract Tower,0,1,9,0,10,0,0,15,0,15,0,1,24,0,25,24,0,24,49
01/19/2014,DET,MI,AGL,CE,Federal Contract Tower,0,0,8,0,8,0,0,5,0,5,0,0,13,0,13,0,0,0,13
01/20/2014,DET,MI,AGL,CE,Federal Contract Tower,0,3,9,0,12,0,0,27,0,27,0,3,36,0,39,68,0,68,107
01/21/2014,DET,MI,AGL,CE,Federal Contract Tower,0,5,15,0,20,0,0,44,0,44,0,5,59,0,64,68,0,68,132
01/22/2014,DET,MI,AGL,CE,Federal Contract Tower,0,2,17,0,19,0,0,19,0,19,0,2,36,0,38,26,0,26,64
01/23/2014,DET,MI,AGL,CE,Federal Contract Tower,0,1,18,0,19,0,0,33,0,33,0,1,51,0,52,92,0,92,144
01/24/2014,DET,MI,AGL,CE,Federal Contract Tower,0,3,10,4,17,0,0,20,0,20,0,3,30,4,37,36,0,36,73
01/25/2014,DET,MI,AGL,CE,Federal Contract Tower,0,1,6,0,7,0,0,8,0,8,0,1,14,0,15,24,0,24,39
01/26/2014,DET,MI,AGL,CE,Federal Contract Tower,0,3,9,0,12,0,0,3,0,3,0,3,12,0,15,0,0,0,15
01/27/2014,DET,MI,AGL,CE,Federal Contract Tower,0,1,7,0,8,0,0,0,0,0,0,1,7,0,8,0,0,0,8
01/28/2014,DET,MI,AGL,CE,Federal Contract Tower,0,0,13,0,13,0,0,38,0,38,0,0,51,0,51,64,0,64,115
01/29/2014,DET,MI,AGL,CE,Federal Contract Tower,0,4,8,0,12,0,0,17,0,17,0,4,25,0,29,0,0,0,29
01/30/2014,DET,MI,AGL,CE,Federal Contract Tower,0,4,14,0,18,0,0,40,0,40,0,4,54,0,58,84,0,84,142
01/31/2014,DET,MI,AGL,CE,Federal Contract Tower,0,2,8,2,12,0,0,31,0,31,0,2,39,2,43,68,0,68,111
02/01/2014,DET,MI,AGL,CE,Federal Contract Tower,0,0,4,0,4,0,0,0,0,0,0,0,4,0,4,0,0,0,4
02/02/2014,DET,MI,AGL,CE,Federal Contract Tower,0,1,5,0,6,0,0,6,0,6,0,1,11,0,12,0,0,0,12
02/03/2014,DET,MI,AGL,CE,Federal Contract Tower,0,4,19,0,23,0,0,12,0,12,0,4,31,0,35,12,0,12,47
02/04/2014,DET,MI,AGL,CE,Federal Contract Tower,0,1,12,0,13,0,0,26,0,26,0,1,38,0,39,0,0,0,39
02/05/2014,DET,MI,AGL,CE,Federal Contract Tower,0,0,6,0,6,0,0,22,0,22,0,0,28,0,28,0,0,0,28
02/06/2014,DET,MI,AGL,CE,Federal Contract Tower,0,6,16,0,22,0,0,18,2,20,0,6,34,2,42,0,2,2,44
02/07/2014,DET,MI,AGL,CE,Federal Contract Tower,0,1,11,0,12,0,0,26,0,26,0,1,37,0,38,44,0,44,82
02/08/2014,DET,MI,AGL,CE,Federal Contract Tower,0,1,0,0,1,0,0,18,0,18,0,1,18,0,19,48,0,48,67
02/09/2014,DET,MI,AGL,CE,Federal Contract Tower,0,0,2,0,2,0,0,14,0,14,0,0,16,0,16,0,0,0,16
02/10/2014,DET,MI,AGL,CE,Federal Contract Tower,0,4,10,0,14,0,0,15,0,15,0,4,25,0,29,0,0,0,29
02/11/2014,DET,MI,AGL,CE,Federal Contract Tower,0,4,11,0,15,0,0,32,0,32,0,4,43,0,47,0,0,0,47
02/12/2014,DET,MI,AGL,CE,Federal Contract Tower,0,6,7,0,13,0,0,14,0,14,0,6,21,0,27,0,0,0,27
02/13/2014,DET,MI,AGL,CE,Federal Contract Tower,0,3,17,0,20,0,0,13,0,13,0,3,30,0,33,10,0,10,43
02/14/2014,DET,MI,AGL,CE,Federal Contract Tower,0,4,4,0,8,0,0,2,0,2,0,4,6,0,10,0,0,0,10
02/15/2014,DET,MI,AGL,CE,Federal Contract Tower,0,4,8,0,12,0,0,21,0,21,0,4,29,0,33,10,0,10,43
02/16/2014,DET,MI,AGL,CE,Federal Contract Tower,0,1,6,0,7,0,0,19,0,19,0,1,25,0,26,0,0,0,26
02/17/2014,DET,MI,AGL,CE,Federal Contract Tower,0,7,12,0,19,0,0,8,0,8,0,7,20,0,27,0,0,0,27
02/18/2014,DET,MI,AGL,CE,Federal Contract Tower,0,2,20,0,22,0,0,35,0,35,0,2,55,0,57,0,0,0,57
02/19/2014,DET,MI,AGL,CE,Federal Contract Tower,0,11,20,0,31,0,0,39,2,41,0,11,59,2,72,98,12,110,182
02/20/2014,DET,MI,AGL,CE,Federal Contract Tower,0,1,7,0,8,0,0,8,0,8,0,1,15,0,16,0,0,0,16
02/21/2014,DET,MI,AGL,CE,Federal Contract Tower,0,8,4,0,12,0,0,12,0,12,0,8,16,0,24,36,0,36,60
02/22/2014,DET,MI,AGL,CE,Federal Contract Tower,0,3,16,0,19,0,0,55,0,55,0,3,71,0,74,136,0,136,210
02/23/2014,DET,MI,AGL,CE,Federal Contract Tower,0,5,5,0,10,0,0,31,0,31,0,5,36,0,41,100,0,100,141
02/24/2014,DET,MI,AGL,CE,Federal Contract Tower,0,1,7,2,10,0,0,21,0,21,0,1,28,2,31,0,0,0,31
02/25/2014,DET,MI,AGL,CE,Federal Contract Tower,0,1,17,0,18,0,0,37,0,37,0,1,54,0,55,54,0,54,109
02/26/2014,DET,MI,AGL,CE,Federal Contract Tower,0,5,21,0,26,0,0,37,0,37,0,5,58,0,63,80,0,80,143
02/27/2014,DET,MI,AGL,CE,Federal Contract Tower,0,4,10,0,14,0,0,1,0,1,0,4,11,0,15,0,0,0,15
02/28/2014,DET,MI,AGL,CE,Federal Contract Tower,0,0,16,0,16,0,0,44,0,44,0,0,60,0,60,80,0,80,140
03/01/2014,DET,MI,AGL,CE,Federal Contract Tower,0,0,10,0,10,0,0,20,0,20,0,0,30,0,30,42,0,42,72
03/02/2014,DET,MI,AGL,CE,Federal Contract Tower,0,0,9,0,9,0,0,9,12,21,0,0,18,12,30,0,0,0,30
03/03/2014,DET,MI,AGL,CE,Federal Contract Tower,0,4,7,2,13,0,3,11,0,14,0,7,18,2,27,0,0,0,27
03/04/2014,DET,MI,AGL,CE,Federal Contract Tower,0,2,17,0,19,0,0,23,0,23,0,2,40,0,42,38,0,38,80
03/05/2014,DET,MI,AGL,CE,Federal Contract Tower,0,3,14,0,17,0,0,20,2,22,0,3,34,2,39,46,28,74,113
03/06/2014,DET,MI,AGL,CE,Federal Contract Tower,0,3,14,0,17,0,2,41,0,43,0,5,55,0,60,74,0,74,134
03/07/2014,DET,MI,AGL,CE,Federal Contract Tower,0,5,17,0,22,0,0,36,0,36,0,5,53,0,58,68,0,68,126
03/08/2014,DET,MI,AGL,CE,Federal Contract Tower,0,0,10,0,10,0,0,28,0,28,0,0,38,0,38,86,0,86,124
03/09/2014,DET,MI,AGL,CE,Federal Contract Tower,0,4,15,0,19,0,0,34,0,34,0,4,49,0,53,102,0,102,155
03/10/2014,DET,MI,AGL,CE,Federal Contract Tower,0,4,9,0,13,0,0,29,0,29,0,4,38,0,42,56,0,56,98
03/11/2014,DET,MI,AGL,CE,Federal Contract Tower,0,5,13,0,18,0,0,45,0,45,0,5,58,0,63,110,0,110,173
03/12/2014,DET,MI,AGL,CE,Federal Contract Tower,0,6,1,0,7,0,0,3,0,3,0,6,4,0,10,0,0,0,10
03/13/2014,DET,MI,AGL,CE,Federal Contract Tower,0,3,8,0,11,0,0,32,0,32,0,3,40,0,43,74,0,74,117
03/14/2014,DET,MI,AGL,CE,Federal Contract Tower,0,8,19,0,27,0,0,34,0,34,0,8,53,0,61,48,0,48,109
03/15/2014,DET,MI,AGL,CE,Federal Contract Tower,0,18,7,0,25,0,0,30,0,30,0,18,37,0,55,90,0,90,145
03/16/2014,DET,MI,AGL,CE,Federal Contract Tower,0,3,8,2,13,0,0,34,0,34,0,3,42,2,47,134,0,134,181
03/17/2014,DET,MI,AGL,CE,Federal Contract Tower,0,2,24,0,26,0,0,23,0,23,0,2,47,0,49,12,0,12,61
03/18/2014,DET,MI,AGL,CE,Federal Contract Tower,0,10,10,0,20,0,0,55,0,55,0,10,65,0,75,140,0,140,215
03/19/2014,DET,MI,AGL,CE,Federal Contract Tower,0,0,8,0,8,0,0,24,0,24,0,0,32,0,32,40,0,40,72
03/20/2014,DET,MI,AGL,CE,Federal Contract Tower,0,5,24,0,29,0,0,52,0,52,0,5,76,0,81,82,0,82,163
03/21/2014,DET,MI,AGL,CE,Federal Contract Tower,0,0,17,0,17,0,0,47,0,47,0,0,64,0,64,38,0,38,102
03/22/2014,DET,MI,AGL,CE,Federal Contract Tower,0,0,9,0,9,0,0,39,0,39,0,0,48,0,48,50,0,50,98
03/23/2014,DET,MI,AGL,CE,Federal Contract Tower,0,2,6,0,8,0,0,38,0,38,0,2,44,0,46,136,0,136,182
03/24/2014,DET,MI,AGL,CE,Federal Contract Tower,0,6,7,0,13,0,0,25,0,25,0,6,32,0,38,0,0,0,38
03/25/2014,DET,MI,AGL,CE,Federal Contract Tower,0,3,7,0,10,0,0,49,0,49,0,3,56,0,59,100,0,100,159
03/26/2014,DET,MI,AGL,CE,Federal Contract Tower,0,4,14,0,18,0,0,36,6,42,0,4,50,6,60,79,0,79,139
03/27/2014,DET,MI,AGL,CE,Federal Contract Tower,0,8,15,0,23,0,0,29,6,35,0,8,44,6,58,58,6,64,122
03/28/2014,DET,MI,AGL,CE,Federal Contract Tower,0,5,16,1,22,0,0,30,1,31,0,5,46,2,53,24,0,24,77
03/29/2014,DET,MI,AGL,CE,Federal Contract Tower,0,8,10,0,18,0,0,53,0,53,0,8,63,0,71,138,0,138,209
03/30/2014,DET,MI,AGL,CE,Federal Contract Tower,0,3,25,0,28,0,2,58,4,64,0,5,83,4,92,108,0,108,200
03/31/2014,DET,MI,AGL,CE,Federal Contract Tower,0,5,27,0,32,0,0,58,0,58,0,5,85,0,90,168,0,168,258
04/01/2014,DET,MI,AGL,CE,Federal Contract Tower,0,2,2,0,4,0,0,28,0,28,0,2,30,0,32,48,0,48,80
04/02/2014,DET,MI,AGL,CE,Federal Contract Tower,0,6,5,0,11,0,0,22,0,22,0,6,27,0,33,24,0,24,57
04/03/2014,DET,MI,AGL,CE,Federal Contract Tower,0,3,9,0,12,0,0,36,0,36,0,3,45,0,48,58,0,58,106
04/04/2014,DET,MI,AGL,CE,Federal Contract Tower,0,0,6,0,6,0,0,22,12,34,0,0,28,12,40,84,0,84,124
04/05/2014,DET,MI,AGL,CE,Federal Contract Tower,0,5,8,0,13,0,5,35,0,40,0,10,43,0,53,130,0,130,183
04/06/2014,DET,MI,AGL,CE,Federal Contract Tower,0,3,11,0,14,0,0,48,0,48,0,3,59,0,62,158,0,158,220
04/07/2014,DET,MI,AGL,CE,Federal Contract Tower,0,3,6,0,9,0,0,26,4,30,0,3,32,4,39,0,0,0,39
04/08/2014,DET,MI,AGL,CE,Federal Contract Tower,0,10,14,0,24,0,0,40,2,42,0,10,54,2,66,92,0,92,158
04/09/2014,DET,MI,AGL,CE,Federal Contract Tower,0,13,17,0,30,0,0,13,0,13,0,13,30,0,43,0,0,0,43
04/10/2014,DET,MI,AGL,CE,Federal Contract Tower,0,13,17,0,30,0,0,13,0,13,0,13,30,0,43,0,0,0,43
04/11/2014,DET,MI,AGL,CE,Federal Contract Tower,0,8,10,0,18,0,0,53,0,53,0,8,63,0,71,158,0,158,229
04/12/2014,DET,MI,AGL,CE,Federal Contract Tower,0,7,7,0,14,0,4,37,0,41,0,11,44,0,55,164,0,164,219
04/13/2014,DET,MI,AGL,CE,Federal Contract Tower,0,2,9,0,11,0,0,34,0,34,0,2,43,0,45,104,0,104,149
04/14/2014,DET,MI,AGL,CE,Federal Contract Tower,0,2,9,0,11,0,0,33,0,33,0,2,42,0,44,0,0,0,44
04/15/2014,DET,MI,AGL,CE,Federal Contract Tower,0,3,17,0,20,0,0,20,0,20,0,3,37,0,40,48,0,48,88
04/16/2014,DET,MI,AGL,CE,Federal Contract Tower,0,4,16,0,20,0,0,14,1,15,0,4,30,1,35,28,0,28,63
04/17/2014,DET,MI,AGL,CE,Federal Contract Tower,0,4,21,0,25,0,0,45,0,45,0,4,66,0,70,88,0,88,158
04/18/2014,DET,MI,AGL,CE,Federal Contract Tower,0,7,17,0,24,0,0,33,2,35,0,7,50,2,59,22,0,22,81
04/19/2014,DET,MI,AGL,CE,Federal Contract Tower,0,0,10,0,10,0,0,44,0,44,0,0,54,0,54,124,0,124,178
04/20/2014,DET,MI,AGL,CE,Federal Contract Tower,0,4,8,1,13,0,0,45,0,45,0,4,53,1,58,42,0,42,100
04/21/2014,DET,MI,AGL,CE,Federal Contract Tower,0,6,12,0,18,0,0,51,0,51,0,6,63,0,69,116,0,116,185
04/22/2014,DET,MI,AGL,CE,Federal Contract Tower,0,6,8,0,14,0,2,27,0,29,0,8,35,0,43,38,0,38,81
04/23/2014,DET,MI,AGL,CE,Federal Contract Tower,0,7,22,0,29,0,0,32,2,34,0,7,54,2,63,32,0,32,95
04/24/2014,DET,MI,AGL,CE,Federal Contract Tower,0,12,17,1,30,0,0,39,0,39,0,12,56,1,69,76,0,76,145
04/25/2014,DET,MI,AGL,CE,Federal Contract Tower,0,8,27,1,36,0,0,34,0,34,0,8,61,1,70,86,0,86,156
04/26/2014,DET,MI,AGL,CE,Federal Contract Tower,0,7,4,1,12,0,0,23,0,23,0,7,27,1,35,132,0,132,167
04/27/2014,DET,MI,AGL,CE,Federal Contract Tower,0,6,14,0,20,0,0,53,0,53,0,6,67,0,73,88,0,88,161
04/28/2014,DET,MI,AGL,CE,Federal Contract Tower,0,2,9,0,11,0,0,26,2,28,0,2,35,2,39,18,0,18,57
04/29/2014,DET,MI,AGL,CE,Federal Contract Tower,0,1,8,3,12,0,2,38,0,40,0,3,46,3,52,62,0,62,114
04/30/2014,DET,MI,AGL,CE,Federal Contract Tower,0,5,22,1,28,0,0,37,0,37,0,5,59,1,65,104,0,104,169
05/01/2014,DET,MI,AGL,CE,Federal Contract Tower,0,5,5,0,10,0,0,27,0,27,0,5,32,0,37,58,0,58,95
05/02/2014,DET,MI,AGL,CE,Federal Contract Tower,0,6,8,2,16,0,0,45,0,45,0,6,53,2,61,92,0,92,153
05/03/2014,DET,MI,AGL,CE,Federal Contract Tower,0,1,2,2,5,0,0,43,0,43,0,1,45,2,48,152,0,152,200
05/04/2014,DET,MI,AGL,CE,Federal Contract Tower,0,5,4,4,13,0,0,41,0,41,0,5,45,4,54,156,0,156,210
05/05/2014,DET,MI,AGL,CE,Federal Contract Tower,0,6,11,1,18,0,0,29,2,31,0,6,40,3,49,0,8,8,57
05/06/2014,DET,MI,AGL,CE,Federal Contract Tower,0,6,13,0,19,0,0,60,0,60,0,6,73,0,79,126,0,126,205
05/07/2014,DET,MI,AGL,CE,Federal Contract Tower,0,8,17,0,25,0,0,45,0,45,0,8,62,0,70,78,0,78,148
05/08/2014,DET,MI,AGL,CE,Federal Contract Tower,0,5,21,0,26,0,0,45,0,45,0,5,66,0,71,96,0,96,167
05/09/2014,DET,MI,AGL,CE,Federal Contract Tower,0,5,12,0,17,0,2,24,0,26,0,7,36,0,43,48,0,48,91
05/10/2014,DET,MI,AGL,CE,Federal Contract Tower,0,4,5,0,9,0,0,33,0,33,0,4,38,0,42,174,0,174,216
05/11/2014,DET,MI,AGL,CE,Federal Contract Tower,0,0,14,0,14,0,0,54,0,54,0,0,68,0,68,132,0,132,200
05/12/2014,DET,MI,AGL,CE,Federal Contract Tower,0,8,17,0,25,0,0,45,0,45,0,8,62,0,70,78,0,78,148
05/13/2014,DET,MI,AGL,CE,Federal Contract Tower,0,9,8,0,17,0,0,28,0,28,0,9,36,0,45,0,0,0,45
05/14/2014,DET,MI,AGL,CE,Federal Contract Tower,0,5,14,0,19,0,0,23,0,23,0,5,37,0,42,48,0,48,90
05/15/2014,DET,MI,AGL,CE,Federal Contract Tower,0,6,18,0,24,0,0,20,0,20,0,6,38,0,44,48,0,48,92
05/16/2014,DET,MI,AGL,CE,Federal Contract Tower,0,7,10,0,17,0,0,33,0,33,0,7,43,0,50,82,0,82,132
05/17/2014,DET,MI,AGL,CE,Federal Contract Tower,0,5,9,3,17,0,0,49,0,49,0,5,58,3,66,132,0,132,198
05/18/2014,DET,MI,AGL,CE,Federal Contract Tower,0,8,15,1,24,0,0,85,0,85,0,8,100,1,109,114,0,114,223
05/19/2014,DET,MI,AGL,CE,Federal Contract Tower,0,3,12,0,15,0,0,55,0,55,0,3,67,0,70,144,0,144,214
05/20/2014,DET,MI,AGL,CE,Federal Contract Tower,0,9,19,0,28,0,0,60,0,60,0,9,79,0,88,74,0,74,162
05/21/2014,DET,MI,AGL,CE,Federal Contract Tower,0,8,15,1,24,0,0,26,0,26,0,8,41,1,50,32,0,32,82
05/22/2014,DET,MI,AGL,CE,Federal Contract Tower,0,13,25,1,39,0,0,29,4,33,0,13,54,5,72,68,0,68,140
05/23/2014,DET,MI,AGL,CE,Federal Contract Tower,0,10,12,1,23,0,0,56,0,56,0,10,68,1,79,140,0,140,219
05/24/2014,DET,MI,AGL,CE,Federal Contract Tower,0,4,10,0,14,0,0,62,0,62,0,4,72,0,76,190,0,190,266
05/25/2014,DET,MI,AGL,CE,Federal Contract Tower,0,4,10,0,14,0,1,59,0,60,0,5,69,0,74,74,0,74,148
05/26/2014,DET,MI,AGL,CE,Federal Contract Tower,0,5,11,0,16,0,0,54,0,54,0,5,65,0,70,106,0,106,176
05/27/2014,DET,MI,AGL,CE,Federal Contract Tower,0,6,5,0,11,0,0,24,0,24,0,6,29,0,35,60,0,60,95
05/28/2014,DET,MI,AGL,CE,Federal Contract Tower,0,11,22,5,38,0,0,9,2,11,0,11,31,7,49,14,12,26,75
05/29/2014,DET,MI,AGL,CE,Federal Contract Tower,0,11,28,0,39,0,0,52,0,52,0,11,80,0,91,108,0,108,199
05/30/2014,DET,MI,AGL,CE,Federal Contract Tower,0,11,14,0,25,0,0,60,2,62,0,11,74,2,87,146,0,146,233
05/31/2014,DET,MI,AGL,CE,Federal Contract Tower,0,6,13,0,19,0,0,83,0,83,0,6,96,0,102,168,0,168,270
06/01/2014,DET,MI,AGL,CE,Federal Contract Tower,0,12,23,0,35,0,0,109,0,109,0,12,132,0,144,198,0,198,342
06/02/2014,DET,MI,AGL,CE,Federal Contract Tower,0,5,12,0,17,0,0,23,0,23,0,5,35,0,40,48,0,48,88
06/03/2014,DET,MI,AGL,CE,Federal Contract Tower,0,3,24,0,27,0,0,32,2,34,0,3,56,2,61,18,6,24,85
06/04/2014,DET,MI,AGL,CE,Federal Contract Tower,0,2,28,0,30,0,0,18,0,18,0,2,46,0,48,0,0,0,48
06/05/2014,DET,MI,AGL,CE,Federal Contract Tower,0,8,22,0,30,0,0,41,1,42,0,8,63,1,72,28,0,28,100
06/06/2014,DET,MI,AGL,CE,Federal Contract Tower,0,12,15,0,27,0,0,39,0,39,0,12,54,0,66,134,0,134,200
06/07/2014,DET,MI,AGL,CE,Federal Contract Tower,0,4,12,0,16,0,0,57,0,57,0,4,69,0,73,108,0,108,181
06/08/2014,DET,MI,AGL,CE,Federal Contract Tower,0,3,15,0,18,0,0,30,0,30,0,3,45,0,48,0,0,0,48
06/09/2014,DET,MI,AGL,CE,Federal Contract Tower,0,12,19,0,31,0,0,32,0,32,0,12,51,0,63,62,0,62,125
06/10/2014,DET,MI,AGL,CE,Federal Contract Tower,0,8,32,0,40,0,0,35,0,35,0,8,67,0,75,102,0,102,177
06/11/2014,DET,MI,AGL,CE,Federal Contract Tower,0,2,24,0,26,0,0,12,0,12,0,2,36,0,38,22,0,22,60
06/12/2014,DET,MI,AGL,CE,Federal Contract Tower,0,13,16,0,29,0,0,23,0,23,0,13,39,0,52,16,14,30,82
06/13/2014,DET,MI,AGL,CE,Federal Contract Tower,0,8,17,0,25,0,0,31,0,31,0,8,48,0,56,148,0,148,204
06/14/2014,DET,MI,AGL,CE,Federal Contract Tower,0,4,11,0,15,0,0,57,0,57,0,4,68,0,72,148,0,148,220
06/15/2014,DET,MI,AGL,CE,Federal Contract Tower,0,6,16,0,22,0,0,64,0,64,0,6,80,0,86,89,0,89,175
06/16/2014,DET,MI,AGL,CE,Federal Contract Tower,0,6,16,0,22,0,0,38,0,38,0,6,54,0,60,80,0,80,140
06/17/2014,DET,MI,AGL,CE,Federal Contract Tower,0,10,15,0,25,0,0,15,0,15,0,10,30,0,40,0,0,0,40
06/18/2014,DET,MI,AGL,CE,Federal Contract Tower,0,17,0,0,17,0,0,4,0,4,0,17,4,0,21,0,0,0,21
06/19/2014,DET,MI,AGL,CE,Federal Contract Tower,0,3,46,1,50,0,0,38,4,42,0,3,84,5,92,124,0,124,216
06/20/2014,DET,MI,AGL,CE,Federal Contract Tower,0,0,11,0,11,0,0,34,0,34,0,0,45,0,45,112,0,112,157
06/21/2014,DET,MI,AGL,CE,Federal Contract Tower,0,4,8,0,12,0,0,86,0,86,0,4,94,0,98,188,0,188,286
06/22/2014,DET,MI,AGL,CE,Federal Contract Tower,0,0,12,0,12,61,0,0,0,61,61,0,12,0,73,110,0,110,183
06/23/2014,DET,MI,AGL,CE,Federal Contract Tower,0,2,15,0,17,0,0,93,0,93,0,2,108,0,110,102,0,102,212
06/24/2014,DET,MI,AGL,CE,Federal Contract Tower,0,1,5,0,6,0,0,10,0,10,0,1,15,0,16,74,0,74,90
06/25/2014,DET,MI,AGL,CE,Federal Contract Tower,0,5,22,0,27,0,0,29,0,29,0,5,51,0,56,40,0,40,96
06/26/2014,DET,MI,AGL,CE,Federal Contract Tower,0,9,17,0,26,0,0,69,0,69,0,9,86,0,95,134,0,134,229
06/27/2014,DET,MI,AGL,CE,Federal Contract Tower,0,2,19,0,21,0,0,75,0,75,0,2,94,0,96,204,0,204,300
06/28/2014,DET,MI,AGL,CE,Federal Contract Tower,0,8,14,0,22,0,0,64,2,66,0,8,78,2,88,92,0,92,180
06/29/2014,DET,MI,AGL,CE,Federal Contract Tower,0,4,9,0,13,0,0,36,0,36,0,4,45,0,49,72,0,72,121
06/30/2014,DET,MI,AGL,CE,Federal Contract Tower,0,9,26,0,35,0,0,42,0,42,0,9,68,0,77,100,0,100,177
07/01/2014,DET,MI,AGL,CE,Federal Contract Tower,0,3,15,0,18,0,0,34,0,34,0,3,49,0,52,64,0,64,116
07/02/2014,DET,MI,AGL,CE,Federal Contract Tower,0,0,16,0,16,0,0,45,0,45,0,0,61,0,61,136,0,136,197
07/03/2014,DET,MI,AGL,CE,Federal Contract Tower,0,7,20,0,27,0,0,29,0,29,0,7,49,0,56,16,0,16,72
07/04/2014,DET,MI,AGL,CE,Federal Contract Tower,0,0,8,0,8,0,0,29,0,29,0,0,37,0,37,156,0,156,193
07/05/2014,DET,MI,AGL,CE,Federal Contract Tower,0,2,1,0,3,0,0,45,0,45,0,2,46,0,48,122,0,122,170
07/06/2014,DET,MI,AGL,CE,Federal Contract Tower,0,3,26,0,29,0,0,68,0,68,0,3,94,0,97,10,0,10,107
07/07/2014,DET,MI,AGL,CE,Federal Contract Tower,0,12,19,0,31,0,0,46,0,46,0,12,65,0,77,34,6,40,117
07/08/2014,DET,MI,AGL,CE,Federal Contract Tower,0,6,8,0,14,0,0,19,2,21,0,6,27,2,35,22,0,22,57
07/09/2014,DET,MI,AGL,CE,Federal Contract Tower,0,6,25,0,31,0,0,78,2,80,0,6,103,2,111,122,0,122,233
07/10/2014,DET,MI,AGL,CE,Federal Contract Tower,0,13,29,0,42,0,0,75,0,75,0,13,104,0,117,104,0,104,221
07/11/2014,DET,MI,AGL,CE,Federal Contract Tower,0,3,20,2,25,0,0,48,0,48,0,3,68,2,73,156,0,156,229
07/12/2014,DET,MI,AGL,CE,Federal Contract Tower,0,0,12,0,12,0,0,66,0,66,0,0,78,0,78,178,0,178,256
07/13/2014,DET,MI,AGL,CE,Federal Contract Tower,0,3,11,0,14,0,0,80,0,80,0,3,91,0,94,196,0,196,290
07/14/2014,DET,MI,AGL,CE,Federal Contract Tower,0,10,18,0,28,0,0,33,0,33,0,10,51,0,61,52,0,52,113
07/15/2014,DET,MI,AGL,CE,Federal Contract Tower,0,8,22,0,30,0,0,40,0,40,0,8,62,0,70,78,0,78,148
07/16/2014,DET,MI,AGL,CE,Federal Contract Tower,0,4,16,0,20,0,1,40,0,41,0,5,56,0,61,74,0,74,135
07/17/2014,DET,MI,AGL,CE,Federal Contract Tower,0,11,22,0,33,0,0,48,0,48,0,11,70,0,81,98,0,98,179
07/18/2014,DET,MI,AGL,CE,Federal Contract Tower,0,6,18,0,24,0,0,51,0,51,0,6,69,0,75,176,0,176,251
07/19/2014,DET,MI,AGL,CE,Federal Contract Tower,0,3,18,0,21,0,0,54,0,54,0,3,72,0,75,116,0,116,191
07/20/2014,DET,MI,AGL,CE,Federal Contract Tower,0,3,14,0,17,0,0,45,0,45,0,3,59,0,62,0,0,0,62
07/21/2014,DET,MI,AGL,CE,Federal Contract Tower,0,10,10,0,20,0,1,41,0,42,0,11,51,0,62,98,0,98,160
07/22/2014,DET,MI,AGL,CE,Federal Contract Tower,0,4,15,0,19,0,0,24,0,24,0,4,39,0,43,34,0,34,77
07/23/2014,DET,MI,AGL,CE,Federal Contract Tower,0,4,12,0,16,0,0,36,2,38,0,4,48,2,54,124,0,124,178
07/24/2014,DET,MI,AGL,CE,Federal Contract Tower,0,6,37,0,43,0,0,54,0,54,0,6,91,0,97,156,0,156,253
07/25/2014,DET,MI,AGL,CE,Federal Contract Tower,0,9,23,0,32,0,0,87,0,87,0,9,110,0,119,218,0,218,337
07/26/2014,DET,MI,AGL,CE,Federal Contract Tower,0,1,12,0,13,0,0,57,0,57,0,1,69,0,70,98,0,98,168
07/27/2014,DET,MI,AGL,CE,Federal Contract Tower,0,6,15,0,21,0,0,35,0,35,0,6,50,0,56,56,0,56,112
07/28/2014,DET,MI,AGL,CE,Federal Contract Tower,0,8,19,1,28,0,0,27,0,27,0,8,46,1,55,34,0,34,89
07/29/2014,DET,MI,AGL,CE,Federal Contract Tower,0,19,29,0,48,0,0,45,0,45,0,19,74,0,93,74,0,74,167
07/30/2014,DET,MI,AGL,CE,Federal Contract Tower,0,8,20,0,28,0,0,47,0,47,0,8,67,0,75,128,0,128,203
07/31/2014,DET,MI,AGL,CE,Federal Contract Tower,0,15,21,0,36,0,0,51,0,51,0,15,72,0,87,150,0,150,237
08/01/2014,DET,MI,AGL,CE,Federal Contract Tower,0,14,25,0,39,0,0,40,4,44,0,14,65,4,83,80,0,80,163
08/02/2014,DET,MI,AGL,CE,Federal Contract Tower,0,3,16,0,19,0,0,69,0,69,0,3,85,0,88,108,0,108,196
08/03/2014,DET,MI,AGL,CE,Federal Contract Tower,0,9,18,0,27,0,0,91,0,91,0,9,109,0,118,56,0,56,174
08/04/2014,DET,MI,AGL,CE,Federal Contract Tower,0,3,10,0,13,0,0,21,0,21,0,3,31,0,34,26,0,26,60
08/05/2014,DET,MI,AGL,CE,Federal Contract Tower,0,4,16,0,20,0,0,42,0,42,0,4,58,0,62,86,0,86,148
08/06/2014,DET,MI,AGL,CE,Federal Contract Tower,0,9,22,0,31,0,0,43,0,43,0,9,65,0,74,154,0,154,228
08/07/2014,DET,MI,AGL,CE,Federal Contract Tower,0,9,21,0,30,0,1,36,0,37,0,10,57,0,67,162,0,162,229
08/08/2014,DET,MI,AGL,CE,Federal Contract Tower,0,2,16,0,18,0,0,56,0,56,0,2,72,0,74,78,0,78,152
08/09/2014,DET,MI,AGL,CE,Federal Contract Tower,0,7,5,0,12,0,0,64,0,64,0,7,69,0,76,110,0,110,186
08/10/2014,DET,MI,AGL,CE,Federal Contract Tower,0,3,19,0,22,0,0,103,0,103,0,3,122,0,125,162,0,162,287
08/11/2014,DET,MI,AGL,CE,Federal Contract Tower,0,3,16,0,19,0,0,16,0,16,0,3,32,0,35,0,0,0,35
08/12/2014,DET,MI,AGL,CE,Federal Contract Tower,0,6,29,0,35,0,0,1,0,1,0,6,30,0,36,0,0,0,36
08/13/2014,DET,MI,AGL,CE,Federal Contract Tower,0,13,24,0,37,0,0,59,0,59,0,13,83,0,96,94,0,94,190
08/14/2014,DET,MI,AGL,CE,Federal Contract Tower,0,0,38,0,38,0,0,65,0,65,0,0,103,0,103,150,0,150,253
08/15/2014,DET,MI,AGL,CE,Federal Contract Tower,0,12,31,0,43,0,0,69,0,69,0,12,100,0,112,114,0,114,226
08/16/2014,DET,MI,AGL,CE,Federal Contract Tower,0,6,5,0,11,0,0,46,0,46,0,6,51,0,57,72,0,72,129
08/17/2014,DET,MI,AGL,CE,Federal Contract Tower,0,8,20,0,28,0,0,52,2,54,0,8,72,2,82,102,0,102,184
08/18/2014,DET,MI,AGL,CE,Federal Contract Tower,0,8,53,0,61,0,0,54,0,54,0,8,107,0,115,92,0,92,207
08/19/2014,DET,MI,AGL,CE,Federal Contract Tower,0,7,19,0,26,0,0,23,0,23,0,7,42,0,49,54,0,54,103
08/20/2014,DET,MI,AGL,CE,Federal Contract Tower,0,6,16,0,22,0,0,23,0,23,0,6,39,0,45,0,0,0,45
08/21/2014,DET,MI,AGL,CE,Federal Contract Tower,0,13,20,0,33,0,0,23,0,23,0,13,43,0,56,110,0,110,166
08/22/2014,DET,MI,AGL,CE,Federal Contract Tower,0,9,20,0,29,0,0,55,0,55,0,9,75,0,84,88,0,88,172
08/23/2014,DET,MI,AGL,CE,Federal Contract Tower,0,3,16,0,19,0,0,53,0,53,0,3,69,0,72,86,0,86,158
08/24/2014,DET,MI,AGL,CE,Federal Contract Tower,0,6,14,0,20,0,0,49,0,49,0,6,63,0,69,36,0,36,105
08/25/2014,DET,MI,AGL,CE,Federal Contract Tower,0,3,11,0,14,0,0,51,0,51,0,3,62,0,65,26,0,26,91
08/26/2014,DET,MI,AGL,CE,Federal Contract Tower,0,4,17,0,21,0,0,11,0,11,0,4,28,0,32,22,0,22,54
08/27/2014,DET,MI,AGL,CE,Federal Contract Tower,0,4,22,0,26,0,0,43,0,43,0,4,65,0,69,118,0,118,187
08/28/2014,DET,MI,AGL,CE,Federal Contract Tower,0,12,15,0,27,0,0,40,0,40,0,12,55,0,67,118,0,118,185
08/29/2014,DET,MI,AGL,CE,Federal Contract Tower,0,4,16,0,20,0,0,54,0,54,0,4,70,0,74,36,0,36,110
08/30/2014,DET,MI,AGL,CE,Federal Contract Tower,0,1,5,0,6,0,0,66,0,66,0,1,71,0,72,96,0,96,168
08/31/2014,DET,MI,AGL,CE,Federal Contract Tower,0,2,5,0,7,0,0,23,0,23,0,2,28,0,30,54,0,54,84
09/01/2014,DET,MI,AGL,CE,Federal Contract Tower,0,4,12,0,16,0,0,8,0,8,0,4,20,0,24,0,0,0,24
09/02/2014,DET,MI,AGL,CE,Federal Contract Tower,0,7,20,0,27,0,0,17,0,17,0,7,37,0,44,48,0,48,92
09/03/2014,DET,MI,AGL,CE,Federal Contract Tower,0,6,24,0,30,0,0,19,0,19,0,6,43,0,49,28,0,28,77
09/04/2014,DET,MI,AGL,CE,Federal Contract Tower,0,2,30,0,32,0,0,36,0,36,0,2,66,0,68,118,0,118,186
09/05/2014,DET,MI,AGL,CE,Federal Contract Tower,0,6,20,0,26,0,0,41,0,41,0,6,61,0,67,120,0,120,187
09/06/2014,DET,MI,AGL,CE,Federal Contract Tower,0,1,10,0,11,0,0,42,0,42,0,1,52,0,53,0,0,0,53
09/07/2014,DET,MI,AGL,CE,Federal Contract Tower,0,5,9,0,14,0,0,37,0,37,0,5,46,0,51,0,0,0,51
09/08/2014,DET,MI,AGL,CE,Federal Contract Tower,0,15,34,0,49,0,0,54,0,54,0,15,88,0,103,16,0,16,119
09/09/2014,DET,MI,AGL,CE,Federal Contract Tower,0,9,33,0,42,0,0,43,0,43,0,9,76,0,85,76,0,76,161
09/10/2014,DET,MI,AGL,CE,Federal Contract Tower,0,0,10,0,10,0,0,5,0,5,0,0,15,0,15,0,0,0,15
09/11/2014,DET,MI,AGL,CE,Federal Contract Tower,0,6,21,0,27,0,0,37,2,39,0,6,58,2,66,86,0,86,152
09/12/2014,DET,MI,AGL,CE,Federal Contract Tower,0,6,32,0,38,0,0,54,0,54,0,6,86,0,92,98,0,98,190
09/13/2014,DET,MI,AGL,CE,Federal Contract Tower,0,2,10,0,12,0,0,54,0,54,0,2,64,0,66,92,0,92,158
09/14/2014,DET,MI,AGL,CE,Federal Contract Tower,0,2,10,0,12,0,0,86,0,86,0,2,96,0,98,110,0,110,208
09/15/2014,DET,MI,AGL,CE,Federal Contract Tower,0,7,13,0,20,0,0,26,0,26,0,7,39,0,46,20,0,20,66
09/16/2014,DET,MI,AGL,CE,Federal Contract Tower,0,9,23,2,34,0,1,47,0,48,0,10,70,2,82,68,0,68,150
09/17/2014,DET,MI,AGL,CE,Federal Contract Tower,0,7,30,0,37,0,0,50,0,50,0,7,80,0,87,122,0,122,209
09/18/2014,DET,MI,AGL,CE,Federal Contract Tower,0,13,33,0,46,0,0,50,0,50,0,13,83,0,96,64,0,64,160
09/19/2014,DET,MI,AGL,CE,Federal Contract Tower,0,8,17,0,25,0,0,75,1,76,0,8,92,1,101,176,0,176,277
09/20/2014,DET,MI,AGL,CE,Federal Contract Tower,0,10,8,0,18,0,0,53,0,53,0,10,61,0,71,118,0,118,189
09/21/2014,DET,MI,AGL,CE,Federal Contract Tower,0,11,19,0,30,0,0,29,0,29,0,11,48,0,59,46,0,46,105
09/22/2014,DET,MI,AGL,CE,Federal Contract Tower,0,9,22,0,31,0,0,41,0,41,0,9,63,0,72,80,6,86,158
09/23/2014,DET,MI,AGL,CE,Federal Contract Tower,0,17,21,0,38,0,0,42,0,42,0,17,63,0,80,46,0,46,126
09/24/2014,DET,MI,AGL,CE,Federal Contract Tower,0,3,19,0,22,0,0,42,0,42,0,3,61,0,64,120,0,120,184
09/25/2014,DET,MI,AGL,CE,Federal Contract Tower,0,2,24,0,26,0,0,68,0,68,0,2,92,0,94,138,0,138,232
09/26/2014,DET,MI,AGL,CE,Federal Contract Tower,0,7,17,2,26,0,0,44,0,44,0,7,61,2,70,120,0,120,190
09/27/2014,DET,MI,AGL,CE,Federal Contract Tower,0,1,8,0,9,0,0,45,0,45,0,1,53,0,54,92,0,92,146
09/28/2014,DET,MI,AGL,CE,Federal Contract Tower,0,6,23,0,29,0,0,60,0,60,0,6,83,0,89,44,0,44,133
09/29/2014,DET,MI,AGL,CE,Federal Contract Tower,0,0,2,14,16,0,0,24,0,24,0,0,26,14,40,68,0,68,108
09/30/2014,DET,MI,AGL,CE,Federal Contract Tower,0,0,14,0,14,0,0,34,0,34,0,0,48,0,48,70,0,70,118
10/01/2014,DET,MI,AGL,CE,Federal Contract Tower,0,3,16,0,19,0,0,32,0,32,0,3,48,0,51,84,0,84,135
10/02/2014,DET,MI,AGL,CE,Federal Contract Tower,0,7,17,0,24,0,0,43,2,45,0,7,60,2,69,100,0,100,169
10/03/2014,DET,MI,AGL,CE,Federal Contract Tower,0,7,8,0,15,0,2,21,0,23,0,9,29,0,38,0,0,0,38
10/04/2014,DET,MI,AGL,CE,Federal Contract Tower,0,2,9,0,11,0,2,25,0,27,0,4,34,0,38,0,0,0,38
10/05/2014,DET,MI,AGL,CE,Federal Contract Tower,0,2,21,0,23,0,0,25,0,25,0,2,46,0,48,0,0,0,48
10/06/2014,DET,MI,AGL,CE,Federal Contract Tower,0,0,14,0,14,0,0,22,0,22,0,0,36,0,36,20,0,20,56
10/07/2014,DET,MI,AGL,CE,Federal Contract Tower,0,0,15,0,15,0,0,19,0,19,0,0,34,0,34,8,0,8,42
10/08/2014,DET,MI,AGL,CE,Federal Contract Tower,0,8,27,0,35,0,0,41,0,41,0,8,68,0,76,112,0,112,188
10/09/2014,DET,MI,AGL,CE,Federal Contract Tower,0,8,22,0,30,0,0,66,0,66,0,8,88,0,96,92,0,92,188
10/10/2014,DET,MI,AGL,CE,Federal Contract Tower,2,3,8,0,13,0,0,58,0,58,2,3,66,0,71,116,0,116,187
10/11/2014,DET,MI,AGL,CE,Federal Contract Tower,0,7,8,0,15,0,0,58,0,58,0,7,66,0,73,124,0,124,197
10/12/2014,DET,MI,AGL,CE,Federal Contract Tower,0,3,11,0,14,0,0,85,0,85,0,3,96,0,99,104,0,104,203
10/13/2014,DET,MI,AGL,CE,Federal Contract Tower,0,3,24,0,27,0,0,10,0,10,0,3,34,0,37,0,0,0,37
10/14/2014,DET,MI,AGL,CE,Federal Contract Tower,0,10,7,0,17,0,2,28,0,30,0,12,35,0,47,58,0,58,105
10/15/2014,DET,MI,AGL,CE,Federal Contract Tower,0,11,21,0,32,0,0,28,0,28,0,11,49,0,60,160,0,160,220
10/16/2014,DET,MI,AGL,CE,Federal Contract Tower,0,2,19,0,21,0,0,53,0,53,0,2,72,0,74,102,0,102,176
10/17/2014,DET,MI,AGL,CE,Federal Contract Tower,0,9,12,2,23,0,0,48,0,48,0,9,60,2,71,96,0,96,167
10/18/2014,DET,MI,AGL,CE,Federal Contract Tower,0,2,11,0,13,0,0,42,0,42,0,2,53,0,55,90,0,90,145
10/19/2014,DET,MI,AGL,CE,Federal Contract Tower,0,7,17,0,24,0,0,47,0,47,0,7,64,0,71,26,0,26,97
10/20/2014,DET,MI,AGL,CE,Federal Contract Tower,0,8,19,0,27,0,1,9,0,10,0,9,28,0,37,0,0,0,37
10/21/2014,DET,MI,AGL,CE,Federal Contract Tower,0,1,26,0,27,0,0,10,0,10,0,1,36,0,37,0,2,2,39
10/22/2014,DET,MI,AGL,CE,Federal Contract Tower,0,14,21,0,35,0,0,44,0,44,0,14,65,0,79,144,0,144,223
10/23/2014,DET,MI,AGL,CE,Federal Contract Tower,0,8,24,0,32,0,0,69,0,69,0,8,93,0,101,134,0,134,235
10/24/2014,DET,MI,AGL,CE,Federal Contract Tower,0,7,16,0,23,0,0,76,0,76,0,7,92,0,99,162,0,162,261
10/25/2014,DET,MI,AGL,CE,Federal Contract Tower,0,2,4,0,6,0,0,42,0,42,0,2,46,0,48,76,0,76,124
10/26/2014,DET,MI,AGL,CE,Federal Contract Tower,0,2,12,2,16,0,0,39,0,39,0,2,51,2,55,20,0,20,75
10/27/2014,DET,MI,AGL,CE,Federal Contract Tower,0,4,14,0,18,0,0,18,0,18,0,4,32,0,36,14,0,14,50
10/28/2014,DET,MI,AGL,CE,Federal Contract Tower,0,6,11,0,17,0,0,5,0,5,0,6,16,0,22,34,0,34,56
10/29/2014,DET,MI,AGL,CE,Federal Contract Tower,0,3,20,0,23,0,0,36,0,36,0,3,56,0,59,134,0,134,193
10/30/2014,DET,MI,AGL,CE,Federal Contract Tower,0,6,17,0,23,0,0,60,0,60,0,6,77,0,83,108,0,108,191
10/31/2014,DET,MI,AGL,CE,Federal Contract Tower,0,3,15,0,18,0,0,18,0,18,0,3,33,0,36,0,0,0,36
11/01/2014,DET,MI,AGL,CE,Federal Contract Tower,0,7,15,0,22,0,0,37,2,39,0,7,52,2,61,92,0,92,153
11/02/2014,DET,MI,AGL,CE,Federal Contract Tower,0,2,14,0,16,0,0,43,0,43,0,2,57,0,59,82,0,82,141
11/03/2014,DET,MI,AGL,CE,Federal Contract Tower,0,0,4,12,16,0,0,33,0,33,0,0,37,12,49,44,0,44,93
11/04/2014,DET,MI,AGL,CE,Federal Contract Tower,0,9,23,2,34,0,0,16,0,16,0,9,39,2,50,52,0,52,102
11/05/2014,DET,MI,AGL,CE,Federal Contract Tower,0,4,22,1,27,0,0,42,1,43,0,4,64,2,70,90,0,90,160
11/06/2014,DET,MI,AGL,CE,Federal Contract Tower,0,8,12,0,20,0,0,39,0,39,0,8,51,0,59,38,0,38,97
11/07/2014,DET,MI,AGL,CE,Federal Contract Tower,0,4,20,1,25,0,0,68,1,69,0,4,88,2,94,142,0,142,236
11/08/2014,DET,MI,AGL,CE,Federal Contract Tower,0,6,9,1,16,0,0,62,0,62,0,6,71,1,78,96,0,96,174
11/09/2014,DET,MI,AGL,CE,Federal Contract Tower,0,3,8,0,11,0,0,23,0,23,0,3,31,0,34,30,0,30,64
11/10/2014,DET,MI,AGL,CE,Federal Contract Tower,0,2,7,0,9,0,0,26,0,26,0,2,33,0,35,44,0,44,79
11/11/2014,DET,MI,AGL,CE,Federal Contract Tower,0,9,19,0,28,0,0,33,0,33,0,9,52,0,61,58,0,58,119
11/12/2014,DET,MI,AGL,CE,Federal Contract Tower,0,6,15,0,21,0,0,52,0,52,0,6,67,0,73,98,0,98,171
11/13/2014,DET,MI,AGL,CE,Federal Contract Tower,0,4,11,0,15,0,0,39,0,39,0,4,50,0,54,86,0,86,140
11/14/2014,DET,MI,AGL,CE,Federal Contract Tower,0,5,21,2,28,0,0,52,1,53,0,5,73,3,81,76,10,86,167
11/15/2014,DET,MI,AGL,CE,Federal Contract Tower,0,0,7,2,9,0,0,32,0,32,0,0,39,2,41,60,4,64,105
11/16/2014,DET,MI,AGL,CE,Federal Contract Tower,0,7,8,2,17,0,0,9,0,9,0,7,17,2,26,2,0,2,28
11/17/2014,DET,MI,AGL,CE,Federal Contract Tower,0,3,18,2,23,0,0,0,0,0,0,3,18,2,23,0,0,0,23
11/18/2014,DET,MI,AGL,CE,Federal Contract Tower,0,3,12,3,18,0,0,40,0,40,0,3,52,3,58,80,0,80,138
11/19/2014,DET,MI,AGL,CE,Federal Contract Tower,0,4,14,1,19,0,0,5,0,5,0,4,19,1,24,0,0,0,24
11/20/2014,DET,MI,AGL,CE,Federal Contract Tower,0,6,11,0,17,0,0,0,0,0,0,6,11,0,17,0,0,0,17
11/21/2014,DET,MI,AGL,CE,Federal Contract Tower,0,4,17,0,21,0,1,32,0,33,0,5,49,0,54,82,0,82,136
11/22/2014,DET,MI,AGL,CE,Federal Contract Tower,0,0,6,0,6,0,0,0,0,0,0,0,6,0,6,0,0,0,6
11/23/2014,DET,MI,AGL,CE,Federal Contract Tower,0,2,13,0,15,0,0,8,0,8,0,2,21,0,23,18,0,18,41
11/24/2014,DET,MI,AGL,CE,Federal Contract Tower,0,0,4,0,4,0,0,20,0,20,0,0,24,0,24,104,0,104,128
11/25/2014,DET,MI,AGL,CE,Federal Contract Tower,0,8,8,0,16,0,0,40,0,40,0,8,48,0,56,104,0,104,160
11/26/2014,DET,MI,AGL,CE,Federal Contract Tower,0,5,19,0,24,0,0,50,0,50,0,5,69,0,74,84,0,84,158
11/27/2014,DET,MI,AGL,CE,Federal Contract Tower,0,1,11,0,12,0,0,46,0,46,0,1,57,0,58,138,0,138,196
11/28/2014,DET,MI,AGL,CE,Federal Contract Tower,0,10,9,0,19,0,0,43,0,43,0,10,52,0,62,126,0,126,188
11/29/2014,DET,MI,AGL,CE,Federal Contract Tower,0,7,8,0,15,0,0,35,0,35,0,7,43,0,50,58,0,58,108
11/30/2014,DET,MI,AGL,CE,Federal Contract Tower,0,5,12,0,17,0,0,5,0,5,0,5,17,0,22,18,0,18,40
12/01/2014,DET,MI,AGL,CE,Federal Contract Tower,0,3,13,0,16,0,0,29,0,29,0,3,42,0,45,98,0,98,143
12/02/2014,DET,MI,AGL,CE,Federal Contract Tower,0,1,3,0,4,0,0,18,0,18,0,1,21,0,22,60,0,60,82
12/03/2014,DET,MI,AGL,CE,Federal Contract Tower,0,2,20,0,22,0,0,46,0,46,0,2,66,0,68,108,0,108,176
12/04/2014,DET,MI,AGL,CE,Federal Contract Tower,0,7,11,2,20,0,0,69,0,69,0,7,80,2,89,130,0,130,219
12/05/2014,DET,MI,AGL,CE,Federal Contract Tower,0,9,11,0,20,0,0,32,0,32,0,9,43,0,52,74,0,74,126
12/06/2014,DET,MI,AGL,CE,Federal Contract Tower,0,2,16,0,18,0,0,37,0,37,0,2,53,0,55,108,0,108,163
12/07/2014,DET,MI,AGL,CE,Federal Contract Tower,0,12,8,0,20,0,0,25,0,25,0,12,33,0,45,82,0,82,127
12/08/2014,DET,MI,AGL,CE,Federal Contract Tower,0,5,5,0,10,0,0,5,0,5,0,5,10,0,15,44,0,44,59
12/09/2014,DET,MI,AGL,CE,Federal Contract Tower,0,2,12,0,14,0,0,22,0,22,0,2,34,0,36,90,0,90,126
12/10/2014,DET,MI,AGL,CE,Federal Contract Tower,0,8,15,0,23,0,0,34,0,34,0,8,49,0,57,8,0,8,65
12/11/2014,DET,MI,AGL,CE,Federal Contract Tower,0,3,16,0,19,0,0,47,0,47,0,3,63,0,66,74,0,74,140
12/12/2014,DET,MI,AGL,CE,Federal Contract Tower,0,8,18,0,26,0,0,28,2,30,0,8,46,2,56,60,8,68,124
12/13/2014,DET,MI,AGL,CE,Federal Contract Tower,0,1,7,0,8,0,0,0,0,0,0,1,7,0,8,0,0,0,8
12/14/2014,DET,MI,AGL,CE,Federal Contract Tower,0,3,16,0,19,0,0,8,0,8,0,3,24,0,27,0,0,0,27
12/15/2014,DET,MI,AGL,CE,Federal Contract Tower,0,2,24,0,26,0,0,14,0,14,0,2,38,0,40,26,0,26,66
12/16/2014,DET,MI,AGL,CE,Federal Contract Tower,0,8,22,0,30,0,0,0,0,0,0,8,22,0,30,0,0,0,30
12/17/2014,DET,MI,AGL,CE,Federal Contract Tower,0,2,15,0,17,0,1,26,2,29,0,3,41,2,46,0,0,0,46
12/18/2014,DET,MI,AGL,CE,Federal Contract Tower,0,6,13,0,19,0,0,20,0,20,0,6,33,0,39,0,0,0,39
12/19/2014,DET,MI,AGL,CE,Federal Contract Tower,0,5,12,0,17,0,0,48,0,48,0,5,60,0,65,98,0,98,163
12/21/2014,DET,MI,AGL,CE,Federal Contract Tower,0,7,12,0,19,0,0,22,0,22,0,7,34,0,41,42,0,42,83
12/22/2014,DET,MI,AGL,CE,Federal Contract Tower,0,11,10,0,21,0,0,41,0,41,0,11,51,0,62,92,0,92,154
12/23/2014,DET,MI,AGL,CE,Federal Contract Tower,0,4,7,0,11,0,0,23,0,23,0,4,30,0,34,76,0,76,110
12/24/2014,DET,MI,AGL,CE,Federal Contract Tower,0,1,0,0,1,0,0,0,0,0,0,1,0,0,1,0,0,0,1
12/25/2014,DET,MI,AGL,CE,Federal Contract Tower,0,1,3,0,4,0,0,1,0,1,0,1,4,0,5,4,0,4,9
12/26/2014,DET,MI,AGL,CE,Federal Contract Tower,0,7,16,0,23,0,0,46,0,46,0,7,62,0,69,106,0,106,175
12/27/2014,DET,MI,AGL,CE,Federal Contract Tower,0,5,12,0,17,0,0,10,0,10,0,5,22,0,27,0,0,0,27
12/28/2014,DET,MI,AGL,CE,Federal Contract Tower,0,2,12,0,14,0,0,23,0,23,0,2,35,0,37,56,22,78,115
12/29/2014,DET,MI,AGL,CE,Federal Contract Tower,0,4,10,0,14,0,0,30,0,30,0,4,40,0,44,114,0,114,158
12/30/2014,DET,MI,AGL,CE,Federal Contract Tower,0,5,4,0,9,0,0,26,2,28,0,5,30,2,37,28,0,28,65
12/31/2014,DET,MI,AGL,CE,Federal Contract Tower,0,2,5,0,7,0,0,30,0,30,0,2,35,0,37,58,0,58,95
01/01/2015,DET,MI,AGL,CE,Federal Contract Tower,0,3,0,0,3,0,0,13,0,13,0,3,13,0,16,20,0,20,36
01/02/2015,DET,MI,AGL,CE,Federal Contract Tower,0,2,7,0,9,0,0,41,0,41,0,2,48,0,50,98,0,98,148
01/03/2015,DET,MI,AGL,CE,Federal Contract Tower,0,2,7,0,9,0,0,0,0,0,0,2,7,0,9,0,0,0,9
01/04/2015,DET,MI,AGL,CE,Federal Contract Tower,0,4,18,0,22,0,0,0,0,0,0,4,18,0,22,0,0,0,22
01/05/2015,DET,MI,AGL,CE,Federal Contract Tower,0,4,12,0,16,0,0,5,0,5,0,4,17,0,21,38,0,38,59
01/06/2015,DET,MI,AGL,CE,Federal Contract Tower,0,0,12,0,12,0,0,21,0,21,0,0,33,0,33,86,0,86,119
01/07/2015,DET,MI,AGL,CE,Federal Contract Tower,0,9,6,0,15,0,0,52,0,52,0,9,58,0,67,84,0,84,151
01/08/2015,DET,MI,AGL,CE,Federal Contract Tower,0,2,14,0,16,0,0,21,0,21,0,2,35,0,37,76,0,76,113
01/09/2015,DET,MI,AGL,CE,Federal Contract Tower,0,1,10,0,11,0,0,14,0,14,0,1,24,0,25,36,0,36,61
01/10/2015,DET,MI,AGL,CE,Federal Contract Tower,0,7,12,0,19,0,0,25,0,25,0,7,37,0,44,52,0,52,96
01/11/2015,DET,MI,AGL,CE,Federal Contract Tower,0,4,21,0,25,0,0,18,0,18,0,4,39,0,43,28,0,28,71
01/12/2015,DET,MI,AGL,CE,Federal Contract Tower,0,3,19,0,22,0,0,5,0,5,0,3,24,0,27,0,0,0,27
01/13/2015,DET,MI,AGL,CE,Federal Contract Tower,0,15,20,0,35,0,0,38,0,38,0,15,58,0,73,98,0,98,171
01/14/2015,DET,MI,AGL,CE,Federal Contract Tower,0,6,42,0,48,0,2,20,0,22,0,8,62,0,70,0,0,0,70
01/15/2015,DET,MI,AGL,CE,Federal Contract Tower,0,9,50,0,59,0,0,15,0,15,0,9,65,0,74,10,0,10,84
01/16/2015,DET,MI,AGL,CE,Federal Contract Tower,0,6,23,0,29,0,0,34,0,34,0,6,57,0,63,96,0,96,159
01/17/2015,DET,MI,AGL,CE,Federal Contract Tower,0,8,19,0,27,0,0,32,0,32,0,8,51,0,59,76,0,76,135
01/18/2015,DET,MI,AGL,CE,Federal Contract Tower,0,1,6,0,7,0,0,0,0,0,0,1,6,0,7,0,0,0,7
01/19/2015,DET,MI,AGL,CE,Federal Contract Tower,0,0,23,0,23,0,0,17,0,17,0,0,40,0,40,54,0,54,94
01/20/2015,DET,MI,AGL,CE,Federal Contract Tower,0,0,11,0,11,0,0,0,0,0,0,0,11,0,11,0,0,0,11
01/21/2015,DET,MI,AGL,CE,Federal Contract Tower,0,2,11,0,13,0,0,4,0,4,0,2,15,0,17,0,0,0,17
01/22/2015,DET,MI,AGL,CE,Federal Contract Tower,0,1,22,0,23,0,0,34,0,34,0,1,56,0,57,78,0,78,135
01/23/2015,DET,MI,AGL,CE,Federal Contract Tower,0,1,12,0,13,0,0,7,0,7,0,1,19,0,20,30,0,30,50
01/24/2015,DET,MI,AGL,CE,Federal Contract Tower,0,2,4,0,6,0,0,6,0,6,0,2,10,0,12,0,0,0,12
01/25/2015,DET,MI,AGL,CE,Federal Contract Tower,0,0,10,0,10,0,0,13,0,13,0,0,23,0,23,42,0,42,65
01/26/2015,DET,MI,AGL,CE,Federal Contract Tower,0,5,9,0,14,0,0,27,0,27,0,5,36,0,41,112,0,112,153
01/27/2015,DET,MI,AGL,CE,Federal Contract Tower,0,4,10,0,14,0,0,27,0,27,0,4,37,0,41,34,0,34,75
01/28/2015,DET,MI,AGL,CE,Federal Contract Tower,0,3,14,0,17,0,0,35,0,35,0,3,49,0,52,42,0,42,94
01/29/2015,DET,MI,AGL,CE,Federal Contract Tower,0,8,14,0,22,0,0,14,0,14,0,8,28,0,36,8,0,8,44
01/30/2015,DET,MI,AGL,CE,Federal Contract Tower,0,6,11,0,17,0,0,24,0,24,0,6,35,0,41,10,0,10,51
01/31/2015,DET,MI,AGL,CE,Federal Contract Tower,0,1,4,0,5,0,0,24,0,24,0,1,28,0,29,50,0,50,79
02/01/2015,DET,MI,AGL,CE,Federal Contract Tower,0,0,3,0,3,0,0,0,0,0,0,0,3,0,3,0,0,0,3
02/02/2015,DET,MI,AGL,CE,Federal Contract Tower,0,0,11,0,11,0,0,3,2,5,0,0,14,2,16,0,0,0,16
02/03/2015,DET,MI,AGL,CE,Federal Contract Tower,0,4,20,0,24,0,0,18,0,18,0,4,38,0,42,48,0,48,90
02/04/2015,DET,MI,AGL,CE,Federal Contract Tower,0,3,5,0,8,0,0,3,0,3,0,3,8,0,11,0,0,0,11
02/05/2015,DET,MI,AGL,CE,Federal Contract Tower,0,6,8,3,17,0,0,23,0,23,0,6,31,3,40,50,4,54,94
02/06/2015,DET,MI,AGL,CE,Federal Contract Tower,0,9,7,0,16,0,1,25,0,26,0,10,32,0,42,36,0,36,78
02/07/2015,DET,MI,AGL,CE,Federal Contract Tower,0,0,3,0,3,0,0,19,0,19,0,0,22,0,22,36,0,36,58
02/08/2015,DET,MI,AGL,CE,Federal Contract Tower,0,2,10,0,12,0,0,8,0,8,0,2,18,0,20,64,0,64,84
02/09/2015,DET,MI,AGL,CE,Federal Contract Tower,0,2,9,0,11,0,0,9,4,13,0,2,18,4,24,70,0,70,94
02/10/2015,DET,MI,AGL,CE,Federal Contract Tower,0,7,11,0,18,0,0,27,0,27,0,7,38,0,45,46,0,46,91
02/11/2015,DET,MI,AGL,CE,Federal Contract Tower,0,2,11,0,13,0,2,0,0,2,0,4,11,0,15,0,0,0,15
02/12/2015,DET,MI,AGL,CE,Federal Contract Tower,0,6,14,1,21,0,0,11,0,11,0,6,25,1,32,20,0,20,52
02/13/2015,DET,MI,AGL,CE,Federal Contract Tower,0,9,16,0,25,0,0,1,0,1,0,9,17,0,26,0,0,0,26
02/14/2015,DET,MI,AGL,CE,Federal Contract Tower,0,2,0,0,2,0,0,0,0,0,0,2,0,0,2,0,0,0,2
02/15/2015,DET,MI,AGL,CE,Federal Contract Tower,0,6,6,0,12,0,0,20,0,20,0,6,26,0,32,62,0,62,94
02/16/2015,DET,MI,AGL,CE,Federal Contract Tower,0,5,29,0,34,0,0,32,0,32,0,5,61,0,66,72,0,72,138
02/17/2015,DET,MI,AGL,CE,Federal Contract Tower,0,8,20,0,28,0,0,24,0,24,0,8,44,0,52,54,0,54,106
02/18/2015,DET,MI,AGL,CE,Federal Contract Tower,0,4,9,1,14,0,0,30,0,30,0,4,39,1,44,36,0,36,80
02/19/2015,DET,MI,AGL,CE,Federal Contract Tower,0,4,22,0,26,0,0,33,0,33,0,4,55,0,59,58,0,58,117
02/20/2015,DET,MI,AGL,CE,Federal Contract Tower,0,6,7,0,13,0,0,8,0,8,0,6,15,0,21,0,0,0,21
02/21/2015,DET,MI,AGL,CE,Federal Contract Tower,0,1,4,0,5,0,0,8,0,8,0,1,12,0,13,0,0,0,13
02/22/2015,DET,MI,AGL,CE,Federal Contract Tower,0,4,7,0,11,0,0,5,0,5,0,4,12,0,16,4,0,4,20
02/23/2015,DET,MI,AGL,CE,Federal Contract Tower,0,8,7,0,15,0,0,15,0,15,0,8,22,0,30,42,0,42,72
02/24/2015,DET,MI,AGL,CE,Federal Contract Tower,0,2,17,0,19,0,0,7,0,7,0,2,24,0,26,6,0,6,32
02/25/2015,DET,MI,AGL,CE,Federal Contract Tower,0,8,8,0,16,0,0,28,0,28,0,8,36,0,44,44,0,44,88
02/26/2015,DET,MI,AGL,CE,Federal Contract Tower,0,9,9,0,18,0,0,14,0,14,0,9,23,0,32,0,0,0,32
02/27/2015,DET,MI,AGL,CE,Federal Contract Tower,0,1,9,0,10,0,0,21,0,21,0,1,30,0,31,44,0,44,75
02/28/2015,DET,MI,AGL,CE,Federal Contract Tower,0,0,4,0,4,0,0,32,0,32,0,0,36,0,36,70,0,70,106
03/01/2015,DET,MI,AGL,CE,Federal Contract Tower,0,3,6,0,9,0,0,11,3,14,0,3,17,3,23,56,0,56,79
03/02/2015,DET,MI,AGL,CE,Federal Contract Tower,0,6,13,0,19,0,0,41,2,43,0,6,54,2,62,48,0,48,110
03/03/2015,DET,MI,AGL,CE,Federal Contract Tower,0,0,8,0,8,0,0,2,0,2,0,0,10,0,10,0,0,0,10
03/04/2015,DET,MI,AGL,CE,Federal Contract Tower,0,4,13,0,17,0,0,16,0,16,0,4,29,0,33,0,0,0,33
03/05/2015,DET,MI,AGL,CE,Federal Contract Tower,0,1,8,0,9,0,0,9,0,9,0,1,17,0,18,48,0,48,66
03/06/2015,DET,MI,AGL,CE,Federal Contract Tower,0,5,19,0,24,0,0,32,0,32,0,5,51,0,56,36,0,36,92
03/07/2015,DET,MI,AGL,CE,Federal Contract Tower,0,4,9,0,13,0,0,46,0,46,0,4,55,0,59,90,0,90,149
03/08/2015,DET,MI,AGL,CE,Federal Contract Tower,0,5,7,0,12,0,0,25,0,25,0,5,32,0,37,50,0,50,87
03/09/2015,DET,MI,AGL,CE,Federal Contract Tower,0,7,22,0,29,0,0,19,0,19,0,7,41,0,48,96,0,96,144
03/10/2015,DET,MI,AGL,CE,Federal Contract Tower,0,8,14,0,22,0,0,32,0,32,0,8,46,0,54,0,0,0,54
03/11/2015,DET,MI,AGL,CE,Federal Contract Tower,0,0,13,0,13,0,0,39,14,53,0,0,52,14,66,104,0,104,170
03/12/2015,DET,MI,AGL,CE,Federal Contract Tower,0,3,8,0,11,0,0,21,2,23,0,3,29,2,34,110,0,110,144
03/13/2015,DET,MI,AGL,CE,Federal Contract Tower,0,15,10,0,25,0,0,38,2,40,0,15,48,2,65,110,0,110,175
03/14/2015,DET,MI,AGL,CE,Federal Contract Tower,0,10,10,0,20,0,0,32,0,32,0,10,42,0,52,68,0,68,120
03/15/2015,DET,MI,AGL,CE,Federal Contract Tower,0,0,8,0,8,0,0,36,0,36,0,0,44,0,44,156,0,156,200
03/16/2015,DET,MI,AGL,CE,Federal Contract Tower,0,2,13,4,19,0,0,48,0,48,0,2,61,4,67,86,0,86,153
03/17/2015,DET,MI,AGL,CE,Federal Contract Tower,0,8,16,0,24,0,0,44,0,44,0,8,60,0,68,82,0,82,150
03/18/2015,DET,MI,AGL,CE,Federal Contract Tower,0,7,18,0,25,0,0,56,0,56,0,7,74,0,81,126,0,126,207
03/19/2015,DET,MI,AGL,CE,Federal Contract Tower,0,1,14,1,16,0,0,43,0,43,0,1,57,1,59,100,0,100,159
03/20/2015,DET,MI,AGL,CE,Federal Contract Tower,0,4,15,0,19,0,0,36,0,36,0,4,51,0,55,102,0,102,157
03/21/2015,DET,MI,AGL,CE,Federal Contract Tower,0,0,12,0,12,0,0,24,0,24,0,0,36,0,36,0,0,0,36
03/22/2015,DET,MI,AGL,CE,Federal Contract Tower,0,1,12,1,14,0,0,34,0,34,0,1,46,1,48,162,0,162,210
03/23/2015,DET,MI,AGL,CE,Federal Contract Tower,0,1,13,0,14,0,0,38,0,38,0,1,51,0,52,84,0,84,136
03/24/2015,DET,MI,AGL,CE,Federal Contract Tower,0,4,6,0,10,0,0,51,0,51,0,4,57,0,61,118,0,118,179
03/25/2015,DET,MI,AGL,CE,Federal Contract Tower,0,10,10,0,20,0,0,40,0,40,0,10,50,0,60,80,0,80,140
03/26/2015,DET,MI,AGL,CE,Federal Contract Tower,0,5,6,0,11,0,0,43,0,43,0,5,49,0,54,112,0,112,166
03/27/2015,DET,MI,AGL,CE,Federal Contract Tower,0,6,10,0,16,0,0,20,0,20,0,6,30,0,36,48,0,48,84
03/28/2015,DET,MI,AGL,CE,Federal Contract Tower,0,4,7,0,11,0,0,48,0,48,0,4,55,0,59,52,0,52,111
03/29/2015,DET,MI,AGL,CE,Federal Contract Tower,0,2,4,0,6,0,0,20,0,20,0,2,24,0,26,110,0,110,136
03/30/2015,DET,MI,AGL,CE,Federal Contract Tower,0,6,20,0,26,0,26,0,0,26,0,32,20,0,52,44,0,44,96
03/31/2015,DET,MI,AGL,CE,Federal Contract Tower,0,2,6,0,8,0,0,55,0,55,0,2,61,0,63,74,0,74,137
04/01/2015,DET,MI,AGL,CE,Federal Contract Tower,0,7,14,1,22,0,0,56,0,56,0,7,70,1,78,98,0,98,176
04/02/2015,DET,MI,AGL,CE,Federal Contract Tower,0,3,9,0,12,0,0,29,0,29,0,3,38,0,41,70,0,70,111
04/03/2015,DET,MI,AGL,CE,Federal Contract Tower,0,9,8,0,17,0,0,25,0,25,0,9,33,0,42,56,0,56,98
04/04/2015,DET,MI,AGL,CE,Federal Contract Tower,0,6,8,0,14,0,0,24,0,24,0,6,32,0,38,88,0,88,126
04/05/2015,DET,MI,AGL,CE,Federal Contract Tower,0,4,7,0,11,0,0,34,0,34,0,4,41,0,45,148,0,148,193
04/06/2015,DET,MI,AGL,CE,Federal Contract Tower,0,6,22,0,28,0,0,40,0,40,0,6,62,0,68,82,0,82,150
04/07/2015,DET,MI,AGL,CE,Federal Contract Tower,0,7,9,2,18,0,0,14,0,14,0,7,23,2,32,0,0,0,32
04/08/2015,DET,MI,AGL,CE,Federal Contract Tower,0,6,14,0,20,0,0,9,0,9,0,6,23,0,29,0,0,0,29
04/09/2015,DET,MI,AGL,CE,Federal Contract Tower,0,5,7,0,12,0,0,0,0,0,0,5,7,0,12,0,0,0,12
04/10/2015,DET,MI,AGL,CE,Federal Contract Tower,0,4,5,0,9,0,0,3,0,3,0,4,8,0,12,0,0,0,12
04/11/2015,DET,MI,AGL,CE,Federal Contract Tower,0,3,13,0,16,0,0,52,0,52,0,3,65,0,68,90,0,90,158
04/12/2015,DET,MI,AGL,CE,Federal Contract Tower,0,0,12,0,12,0,0,57,0,57,0,0,69,0,69,288,0,288,357
04/13/2015,DET,MI,AGL,CE,Federal Contract Tower,0,4,15,0,19,0,0,23,0,23,0,4,38,0,42,30,0,30,72
04/15/2015,DET,MI,AGL,CE,Federal Contract Tower,0,3,21,3,27,0,0,38,0,38,0,3,59,3,65,82,0,82,147
04/16/2015,DET,MI,AGL,CE,Federal Contract Tower,0,6,32,0,38,0,0,24,4,28,0,6,56,4,66,8,0,8,74
04/17/2015,DET,MI,AGL,CE,Federal Contract Tower,0,0,12,0,12,0,0,44,2,46,0,0,56,2,58,106,0,106,164
04/18/2015,DET,MI,AGL,CE,Federal Contract Tower,0,1,2,0,3,0,0,33,0,33,0,1,35,0,36,36,0,36,72
04/19/2015,DET,MI,AGL,CE,Federal Contract Tower,0,0,5,0,5,0,1,32,0,33,0,1,37,0,38,102,0,102,140
04/20/2015,DET,MI,AGL,CE,Federal Contract Tower,0,6,11,3,20,0,0,16,0,16,0,6,27,3,36,6,0,6,42
04/21/2015,DET,MI,AGL,CE,Federal Contract Tower,0,3,10,0,13,0,0,36,2,38,0,3,46,2,51,52,0,52,103
04/22/2015,DET,MI,AGL,CE,Federal Contract Tower,0,3,11,0,14,0,0,19,2,21,0,3,30,2,35,10,0,10,45
04/23/2015,DET,MI,AGL,CE,Federal Contract Tower,0,15,25,0,40,0,0,38,2,40,0,15,63,2,80,62,0,62,142
04/24/2015,DET,MI,AGL,CE,Federal Contract Tower,0,9,19,0,28,0,0,46,0,46,0,9,65,0,74,98,0,98,172
04/25/2015,DET,MI,AGL,CE,Federal Contract Tower,0,2,7,0,9,0,0,34,0,34,0,2,41,0,43,110,0,110,153
04/26/2015,DET,MI,AGL,CE,Federal Contract Tower,0,3,7,0,10,0,0,37,0,37,0,3,44,0,47,118,0,118,165
04/27/2015,DET,MI,AGL,CE,Federal Contract Tower,0,2,11,0,13,0,0,49,0,49,0,2,60,0,62,114,0,114,176
04/28/2015,DET,MI,AGL,CE,Federal Contract Tower,0,4,15,1,20,0,0,38,0,38,0,4,53,1,58,98,0,98,156
04/29/2015,DET,MI,AGL,CE,Federal Contract Tower,0,2,11,0,13,0,0,44,2,46,0,2,55,2,59,86,0,86,145
04/30/2015,DET,MI,AGL,CE,Federal Contract Tower,0,3,17,0,20,0,0,45,0,45,0,3,62,0,65,70,4,74,139
05/01/2015,DET,MI,AGL,CE,Federal Contract Tower,2,0,20,0,22,0,0,52,0,52,2,0,72,0,74,66,16,82,156
05/02/2015,DET,MI,AGL,CE,Federal Contract Tower,0,6,9,0,15,0,0,33,0,33,0,6,42,0,48,146,0,146,194
05/03/2015,DET,MI,AGL,CE,Federal Contract Tower,0,1,9,0,10,0,0,66,0,66,0,1,75,0,76,198,0,198,274
05/04/2015,DET,MI,AGL,CE,Federal Contract Tower,0,3,14,0,17,0,0,43,0,43,0,3,57,0,60,60,0,60,120
05/05/2015,DET,MI,AGL,CE,Federal Contract Tower,0,3,17,0,20,0,0,36,0,36,0,3,53,0,56,70,0,70,126
05/06/2015,DET,MI,AGL,CE,Federal Contract Tower,0,5,27,0,32,0,0,21,2,23,0,5,48,2,55,38,0,38,93
05/07/2015,DET,MI,AGL,CE,Federal Contract Tower,0,1,21,0,22,0,0,32,0,32,0,1,53,0,54,72,0,72,126
05/08/2015,DET,MI,AGL,CE,Federal Contract Tower,0,3,16,0,19,0,0,48,0,48,0,3,64,0,67,88,0,88,155
05/09/2015,DET,MI,AGL,CE,Federal Contract Tower,0,2,23,0,25,0,0,32,0,32,0,2,55,0,57,152,0,152,209
05/10/2015,DET,MI,AGL,CE,Federal Contract Tower,0,1,8,0,9,0,0,23,0,23,0,1,31,0,32,0,0,0,32
05/11/2015,DET,MI,AGL,CE,Federal Contract Tower,0,2,11,0,13,0,0,12,0,12,0,2,23,0,25,24,0,24,49
05/12/2015,DET,MI,AGL,CE,Federal Contract Tower,0,9,12,0,21,0,0,24,0,24,0,9,36,0,45,10,0,10,55
05/13/2015,DET,MI,AGL,CE,Federal Contract Tower,0,8,35,0,43,0,32,33,0,65,0,40,68,0,108,122,0,122,230
05/14/2015,DET,MI,AGL,CE,Federal Contract Tower,0,10,15,2,27,0,0,45,0,45,0,10,60,2,72,160,0,160,232
05/15/2015,DET,MI,AGL,CE,Federal Contract Tower,0,1,14,0,15,0,0,39,0,39,0,1,53,0,54,36,0,36,90
05/16/2015,DET,MI,AGL,CE,Federal Contract Tower,0,0,11,0,11,0,0,25,0,25,0,0,36,0,36,118,0,118,154
05/17/2015,DET,MI,AGL,CE,Federal Contract Tower,0,2,10,0,12,0,0,28,0,28,0,2,38,0,40,66,0,66,106
05/18/2015,DET,MI,AGL,CE,Federal Contract Tower,0,11,28,0,39,0,2,36,0,38,0,13,64,0,77,8,0,8,85
05/19/2015,DET,MI,AGL,CE,Federal Contract Tower,0,6,33,0,39,0,0,28,0,28,0,6,61,0,67,80,0,80,147
05/20/2015,DET,MI,AGL,CE,Federal Contract Tower,0,1,41,0,42,0,0,41,0,41,0,1,82,0,83,140,0,140,223
05/21/2015,DET,MI,AGL,CE,Federal Contract Tower,0,6,36,0,42,0,0,26,0,26,0,6,62,0,68,36,0,36,104
05/22/2015,DET,MI,AGL,CE,Federal Contract Tower,0,4,22,0,26,0,0,36,0,36,0,4,58,0,62,68,0,68,130
05/23/2015,DET,MI,AGL,CE,Federal Contract Tower,0,5,10,0,15,0,0,40,0,40,0,5,50,0,55,160,0,160,215
05/24/2015,DET,MI,AGL,CE,Federal Contract Tower,0,11,10,0,21,0,0,55,0,55,0,11,65,0,76,136,0,136,212
05/25/2015,DET,MI,AGL,CE,Federal Contract Tower,0,7,17,0,24,0,0,51,0,51,0,7,68,0,75,78,0,78,153
05/27/2015,DET,MI,AGL,CE,Federal Contract Tower,0,4,18,0,22,0,0,15,0,15,0,4,33,0,37,12,0,12,49
05/28/2015,DET,MI,AGL,CE,Federal Contract Tower,0,6,35,0,41,0,0,38,0,38,0,6,73,0,79,68,0,68,147
05/29/2015,DET,MI,AGL,CE,Federal Contract Tower,0,6,20,0,26,0,0,62,0,62,0,6,82,0,88,56,0,56,144
05/30/2015,DET,MI,AGL,CE,Federal Contract Tower,0,2,22,0,24,0,0,48,0,48,0,2,70,0,72,110,0,110,182
05/31/2015,DET,MI,AGL,CE,Federal Contract Tower,0,0,24,0,24,0,0,40,0,40,0,0,64,0,64,0,0,0,64
06/01/2015,DET,MI,AGL,CE,Federal Contract Tower,0,2,29,0,31,0,0,39,0,39,0,2,68,0,70,66,0,66,136
06/02/2015,DET,MI,AGL,CE,Federal Contract Tower,0,9,18,0,27,0,0,40,0,40,0,9,58,0,67,80,0,80,147
06/03/2015,DET,MI,AGL,CE,Federal Contract Tower,0,5,15,0,20,0,0,50,6,56,0,5,65,6,76,122,0,122,198
06/04/2015,DET,MI,AGL,CE,Federal Contract Tower,0,9,26,2,37,0,0,27,4,31,0,9,53,6,68,74,0,74,142
06/05/2015,DET,MI,AGL,CE,Federal Contract Tower,0,10,25,0,35,0,0,45,0,45,0,10,70,0,80,56,0,56,136
06/06/2015,DET,MI,AGL,CE,Federal Contract Tower,0,3,6,0,9,0,0,49,0,49,0,3,55,0,58,170,0,170,228
06/07/2015,DET,MI,AGL,CE,Federal Contract Tower,0,4,14,0,18,0,0,35,0,35,0,4,49,0,53,68,0,68,121
06/08/2015,DET,MI,AGL,CE,Federal Contract Tower,0,0,7,0,7,0,0,28,0,28,0,0,35,0,35,52,0,52,87
06/09/2015,DET,MI,AGL,CE,Federal Contract Tower,0,4,27,0,31,0,0,51,0,51,0,4,78,0,82,94,0,94,176
06/10/2015,DET,MI,AGL,CE,Federal Contract Tower,0,5,13,0,18,0,0,20,0,20,0,5,33,0,38,0,0,0,38
06/11/2015,DET,MI,AGL,CE,Federal Contract Tower,0,7,18,0,25,0,0,31,0,31,0,7,49,0,56,34,0,34,90
06/12/2015,DET,MI,AGL,CE,Federal Contract Tower,0,9,24,0,33,0,0,40,0,40,0,9,64,0,73,80,0,80,153
06/13/2015,DET,MI,AGL,CE,Federal Contract Tower,0,2,18,0,20,0,0,23,0,23,0,2,41,0,43,36,0,36,79
06/14/2015,DET,MI,AGL,CE,Federal Contract Tower,0,2,16,0,18,0,0,4,0,4,0,2,20,0,22,2,0,2,24
06/15/2015,DET,MI,AGL,CE,Federal Contract Tower,0,1,7,0,8,0,1,5,0,6,0,2,12,0,14,0,0,0,14
06/16/2015,DET,MI,AGL,CE,Federal Contract Tower,0,8,23,0,31,0,0,39,1,40,0,8,62,1,71,76,6,82,153
06/17/2015,DET,MI,AGL,CE,Federal Contract Tower,0,4,18,0,22,0,0,32,8,40,0,4,50,8,62,60,8,68,130
06/18/2015,DET,MI,AGL,CE,Federal Contract Tower,0,10,23,0,33,0,0,3,0,3,0,10,26,0,36,0,0,0,36
06/19/2015,DET,MI,AGL,CE,Federal Contract Tower,0,4,24,0,28,0,0,53,0,53,0,4,77,0,81,126,0,126,207
06/20/2015,DET,MI,AGL,CE,Federal Contract Tower,0,4,7,0,11,0,0,62,0,62,0,4,69,0,73,120,0,120,193
06/21/2015,DET,MI,AGL,CE,Federal Contract Tower,0,1,8,0,9,0,0,79,0,79,0,1,87,0,88,92,0,92,180
06/22/2015,DET,MI,AGL,CE,Federal Contract Tower,0,1,14,0,15,0,0,115,0,115,0,1,129,0,130,138,0,138,268
06/23/2015,DET,MI,AGL,CE,Federal Contract Tower,0,9,11,0,20,0,0,27,0,27,0,9,38,0,47,0,0,0,47
06/24/2015,DET,MI,AGL,CE,Federal Contract Tower,0,1,20,0,21,0,0,62,2,64,0,1,82,2,85,92,0,92,177
06/25/2015,DET,MI,AGL,CE,Federal Contract Tower,0,7,24,0,31,0,0,22,0,22,0,7,46,0,53,0,0,0,53
06/26/2015,DET,MI,AGL,CE,Federal Contract Tower,0,9,31,0,40,0,0,42,0,42,0,9,73,0,82,140,0,140,222
06/27/2015,DET,MI,AGL,CE,Federal Contract Tower,0,4,9,0,13,0,0,16,0,16,0,4,25,0,29,60,0,60,89
06/28/2015,DET,MI,AGL,CE,Federal Contract Tower,0,2,14,0,16,0,0,48,0,48,0,2,62,0,64,54,0,54,118
06/29/2015,DET,MI,AGL,CE,Federal Contract Tower,0,4,29,0,33,0,0,30,0,30,0,4,59,0,63,46,0,46,109
06/30/2015,DET,MI,AGL,CE,Federal Contract Tower,0,2,28,0,30,0,0,23,0,23,0,2,51,0,53,16,0,16,69
07/01/2015,DET,MI,AGL,CE,Federal Contract Tower,0,8,15,0,23,0,0,36,0,36,0,8,51,0,59,66,0,66,125
07/02/2015,DET,MI,AGL,CE,Federal Contract Tower,0,4,23,0,27,0,0,38,0,38,0,4,61,0,65,42,0,42,107
07/03/2015,DET,MI,AGL,CE,Federal Contract Tower,0,4,9,0,13,0,0,39,0,39,0,4,48,0,52,128,0,128,180
07/04/2015,DET,MI,AGL,CE,Federal Contract Tower,0,0,10,0,10,0,0,49,0,49,0,0,59,0,59,120,0,120,179
07/05/2015,DET,MI,AGL,CE,Federal Contract Tower,0,2,11,0,13,0,0,55,0,55,0,2,66,0,68,96,0,96,164
07/06/2015,DET,MI,AGL,CE,Federal Contract Tower,0,10,27,0,37,0,0,51,0,51,0,10,78,0,88,78,0,78,166
07/07/2015,DET,MI,AGL,CE,Federal Contract Tower,0,2,10,2,14,0,0,23,2,25,0,2,33,4,39,62,0,62,101
07/08/2015,DET,MI,AGL,CE,Federal Contract Tower,0,5,27,2,34,0,0,46,0,46,0,5,73,2,80,58,0,58,138
07/09/2015,DET,MI,AGL,CE,Federal Contract Tower,0,2,24,0,26,0,0,12,0,12,0,2,36,0,38,0,0,0,38
07/10/2015,DET,MI,AGL,CE,Federal Contract Tower,0,2,24,0,26,0,0,46,0,46,0,2,70,0,72,142,0,142,214
07/11/2015,DET,MI,AGL,CE,Federal Contract Tower,0,8,11,0,19,0,0,64,0,64,0,8,75,0,83,174,0,174,257
07/12/2015,DET,MI,AGL,CE,Federal Contract Tower,0,4,8,0,12,0,0,126,0,126,0,4,134,0,138,210,0,210,348
07/13/2015,DET,MI,AGL,CE,Federal Contract Tower,0,9,21,0,30,0,0,46,0,46,0,9,67,0,76,74,0,74,150
07/14/2015,DET,MI,AGL,CE,Federal Contract Tower,0,2,16,0,18,0,0,45,0,45,0,2,61,0,63,60,0,60,123
07/15/2015,DET,MI,AGL,CE,Federal Contract Tower,0,6,27,1,34,0,0,27,4,31,0,6,54,5,65,38,0,38,103
07/16/2015,DET,MI,AGL,CE,Federal Contract Tower,0,8,21,0,29,0,0,55,0,55,0,8,76,0,84,94,0,94,178
07/17/2015,DET,MI,AGL,CE,Federal Contract Tower,0,1,20,0,21,0,0,34,0,34,0,1,54,0,55,118,0,118,173
07/18/2015,DET,MI,AGL,CE,Federal Contract Tower,0,4,9,0,13,0,0,52,0,52,0,4,61,0,65,126,0,126,191
07/19/2015,DET,MI,AGL,CE,Federal Contract Tower,0,4,13,0,17,0,0,50,0,50,0,4,63,0,67,112,0,112,179
07/20/2015,DET,MI,AGL,CE,Federal Contract Tower,0,6,28,0,34,0,0,51,0,51,0,6,79,0,85,72,0,72,157
07/21/2015,DET,MI,AGL,CE,Federal Contract Tower,0,8,11,0,19,0,1,37,0,38,0,9,48,0,57,66,0,66,123
07/22/2015,DET,MI,AGL,CE,Federal Contract Tower,0,1,38,2,41,0,0,35,0,35,0,1,73,2,76,98,0,98,174
07/23/2015,DET,MI,AGL,CE,Federal Contract Tower,0,8,34,1,43,0,0,36,0,36,0,8,70,1,79,32,0,32,111
07/25/2015,DET,MI,AGL,CE,Federal Contract Tower,0,2,20,0,22,0,0,41,0,41,0,2,61,0,63,78,0,78,141
07/26/2015,DET,MI,AGL,CE,Federal Contract Tower,0,0,18,0,18,0,0,63,2,65,0,0,81,2,83,140,0,140,223
07/27/2015,DET,MI,AGL,CE,Federal Contract Tower,0,4,30,0,34,0,0,67,0,67,0,4,97,0,101,126,0,126,227
07/28/2015,DET,MI,AGL,CE,Federal Contract Tower,0,10,25,0,35,0,0,30,0,30,0,10,55,0,65,54,0,54,119
07/29/2015,DET,MI,AGL,CE,Federal Contract Tower,0,7,20,0,27,0,0,31,0,31,0,7,51,0,58,20,0,20,78
07/30/2015,DET,MI,AGL,CE,Federal Contract Tower,0,7,20,0,27,0,1,33,0,34,0,8,53,0,61,66,0,66,127
07/31/2015,DET,MI,AGL,CE,Federal Contract Tower,0,10,20,0,30,0,0,36,0,36,0,10,56,0,66,142,0,142,208
08/01/2015,DET,MI,AGL,CE,Federal Contract Tower,0,1,11,0,12,0,0,0,0,0,0,1,11,0,12,168,0,168,180
08/02/2015,DET,MI,AGL,CE,Federal Contract Tower,0,1,10,0,11,0,0,68,0,68,0,1,78,0,79,128,0,128,207
08/03/2015,DET,MI,AGL,CE,Federal Contract Tower,0,4,25,3,32,0,0,48,0,48,0,4,73,3,80,112,0,112,192
08/05/2015,DET,MI,AGL,CE,Federal Contract Tower,0,9,23,0,32,0,0,39,0,39,0,9,62,0,71,70,0,70,141
08/06/2015,DET,MI,AGL,CE,Federal Contract Tower,0,4,19,0,23,0,0,46,0,46,0,4,65,0,69,48,0,48,117
08/07/2015,DET,MI,AGL,CE,Federal Contract Tower,0,8,13,0,21,0,0,27,0,27,0,8,40,0,48,128,0,128,176
08/08/2015,DET,MI,AGL,CE,Federal Contract Tower,0,1,12,0,13,0,0,92,0,92,0,1,104,0,105,136,0,136,241
08/09/2015,DET,MI,AGL,CE,Federal Contract Tower,0,2,12,0,14,0,0,108,0,108,0,2,120,0,122,206,0,206,328
08/10/2015,DET,MI,AGL,CE,Federal Contract Tower,0,8,19,0,27,0,0,28,0,28,0,8,47,0,55,46,0,46,101
08/11/2015,DET,MI,AGL,CE,Federal Contract Tower,0,4,11,4,19,0,0,36,0,36,0,4,47,4,55,38,0,38,93
08/13/2015,DET,MI,AGL,CE,Federal Contract Tower,0,5,37,0,42,0,0,56,0,56,0,5,93,0,98,162,0,162,260
08/14/2015,DET,MI,AGL,CE,Federal Contract Tower,0,11,13,0,24,0,0,37,0,37,0,11,50,0,61,154,0,154,215
08/15/2015,DET,MI,AGL,CE,Federal Contract Tower,0,5,2,0,7,0,0,67,2,69,0,5,69,2,76,172,0,172,248
08/16/2015,DET,MI,AGL,CE,Federal Contract Tower,0,2,5,0,7,0,0,44,0,44,0,2,49,0,51,66,0,66,117
08/17/2015,DET,MI,AGL,CE,Federal Contract Tower,0,7,17,0,24,0,0,23,6,29,0,7,40,6,53,46,0,46,99
08/18/2015,DET,MI,AGL,CE,Federal Contract Tower,0,6,6,0,12,0,0,45,0,45,0,6,51,0,57,94,0,94,151
08/19/2015,DET,MI,AGL,CE,Federal Contract Tower,0,0,17,0,17,0,0,49,0,49,0,0,66,0,66,164,0,164,230
08/21/2015,DET,MI,AGL,CE,Federal Contract Tower,0,4,19,0,23,0,0,50,2,52,0,4,69,2,75,114,0,114,189
08/22/2015,DET,MI,AGL,CE,Federal Contract Tower,0,2,17,0,19,0,0,73,0,73,0,2,90,0,92,154,0,154,246
08/23/2015,DET,MI,AGL,CE,Federal Contract Tower,0,3,27,0,30,0,0,47,0,47,0,3,74,0,77,76,0,76,153
08/24/2015,DET,MI,AGL,CE,Federal Contract Tower,0,3,26,0,29,0,0,33,0,33,0,3,59,0,62,74,0,74,136
08/25/2015,DET,MI,AGL,CE,Federal Contract Tower,0,0,9,0,9,0,0,23,0,23,0,0,32,0,32,70,0,70,102
08/26/2015,DET,MI,AGL,CE,Federal Contract Tower,0,1,29,0,30,0,0,35,0,35,0,1,64,0,65,78,0,78,143
08/27/2015,DET,MI,AGL,CE,Federal Contract Tower,0,4,32,0,36,0,0,34,1,35,0,4,66,1,71,122,0,122,193
08/28/2015,DET,MI,AGL,CE,Federal Contract Tower,0,6,10,0,16,0,0,56,0,56,0,6,66,0,72,86,0,86,158
08/29/2015,DET,MI,AGL,CE,Federal Contract Tower,0,3,17,1,21,0,0,51,0,51,0,3,68,1,72,98,0,98,170
08/30/2015,DET,MI,AGL,CE,Federal Contract Tower,0,0,17,0,17,0,0,50,0,50,0,0,67,0,67,90,0,90,157
08/31/2015,DET,MI,AGL,CE,Federal Contract Tower,0,2,13,0,15,0,0,36,0,36,0,2,49,0,51,72,0,72,123
09/01/2015,DET,MI,AGL,CE,Federal Contract Tower,0,3,21,0,24,0,0,39,0,39,0,3,60,0,63,64,0,64,127
09/02/2015,DET,MI,AGL,CE,Federal Contract Tower,0,6,17,0,23,0,0,39,0,39,0,6,56,0,62,68,0,68,130
09/03/2015,DET,MI,AGL,CE,Federal Contract Tower,0,8,25,0,33,0,0,25,0,25,0,8,50,0,58,154,0,154,212
09/04/2015,DET,MI,AGL,CE,Federal Contract Tower,0,5,12,0,17,0,0,39,0,39,0,5,51,0,56,94,0,94,150
09/05/2015,DET,MI,AGL,CE,Federal Contract Tower,0,3,8,0,11,0,0,31,0,31,0,3,39,0,42,44,0,44,86
09/06/2015,DET,MI,AGL,CE,Federal Contract Tower,0,3,9,0,12,0,0,35,0,35,0,3,44,0,47,82,0,82,129
09/07/2015,DET,MI,AGL,CE,Federal Contract Tower,0,5,16,0,21,0,1,35,0,36,0,6,51,0,57,56,0,56,113
09/08/2015,DET,MI,AGL,CE,Federal Contract Tower,0,4,22,0,26,0,0,26,0,26,0,4,48,0,52,48,0,48,100
09/09/2015,DET,MI,AGL,CE,Federal Contract Tower,0,4,22,0,26,0,0,32,0,32,0,4,54,0,58,152,0,152,210
09/10/2015,DET,MI,AGL,CE,Federal Contract Tower,0,6,19,0,25,0,2,35,2,39,0,8,54,2,64,192,0,192,256
09/11/2015,DET,MI,AGL,CE,Federal Contract Tower,0,9,11,0,20,0,0,53,0,53,0,9,64,0,73,124,0,124,197
09/12/2015,DET,MI,AGL,CE,Federal Contract Tower,0,6,8,0,14,0,0,61,0,61,0,6,69,0,75,126,0,126,201
09/13/2015,DET,MI,AGL,CE,Federal Contract Tower,0,3,18,0,21,0,0,74,0,74,0,3,92,0,95,108,0,108,203
09/14/2015,DET,MI,AGL,CE,Federal Contract Tower,0,6,24,0,30,0,0,30,0,30,0,6,54,0,60,42,0,42,102
09/15/2015,DET,MI,AGL,CE,Federal Contract Tower,0,6,15,0,21,0,0,24,4,28,0,6,39,4,49,18,0,18,67
09/16/2015,DET,MI,AGL,CE,Federal Contract Tower,0,6,23,0,29,0,0,30,0,30,0,6,53,0,59,152,0,152,211
09/17/2015,DET,MI,AGL,CE,Federal Contract Tower,0,7,38,0,45,0,0,44,0,44,0,7,82,0,89,160,8,168,257
09/18/2015,DET,MI,AGL,CE,Federal Contract Tower,0,10,21,0,31,0,0,56,0,56,0,10,77,0,87,104,0,104,191
09/19/2015,DET,MI,AGL,CE,Federal Contract Tower,0,5,11,0,16,0,0,29,0,29,0,5,40,0,45,0,0,0,45
09/20/2015,DET,MI,AGL,CE,Federal Contract Tower,0,8,28,0,36,0,0,50,0,50,0,8,78,0,86,92,0,92,178
09/21/2015,DET,MI,AGL,CE,Federal Contract Tower,0,3,38,0,41,0,0,39,0,39,0,3,77,0,80,82,0,82,162
09/22/2015,DET,MI,AGL,CE,Federal Contract Tower,0,17,25,0,42,0,0,47,0,47,0,17,72,0,89,86,0,86,175
09/23/2015,DET,MI,AGL,CE,Federal Contract Tower,0,8,18,0,26,0,0,49,0,49,0,8,67,0,75,166,0,166,241
09/24/2015,DET,MI,AGL,CE,Federal Contract Tower,0,11,16,0,27,0,0,43,0,43,0,11,59,0,70,114,0,114,184
09/25/2015,DET,MI,AGL,CE,Federal Contract Tower,0,13,23,0,36,0,0,53,2,55,0,13,76,2,91,156,0,156,247
09/26/2015,DET,MI,AGL,CE,Federal Contract Tower,0,6,16,0,22,0,0,72,1,73,0,6,88,1,95,156,0,156,251
09/27/2015,DET,MI,AGL,CE,Federal Contract Tower,0,9,19,0,28,0,0,53,0,53,0,9,72,0,81,116,0,116,197
09/28/2015,DET,MI,AGL,CE,Federal Contract Tower,0,8,20,0,28,0,0,32,0,32,0,8,52,0,60,28,0,28,88
09/29/2015,DET,MI,AGL,CE,Federal Contract Tower,0,3,12,0,15,0,0,4,0,4,0,3,16,0,19,0,0,0,19
10/01/2015,DET,MI,AGL,CE,Federal Contract Tower,0,1,27,0,28,0,0,35,0,35,0,1,62,0,63,58,0,58,121
10/02/2015,DET,MI,AGL,CE,Federal Contract Tower,0,8,16,0,24,0,0,62,0,62,0,8,78,0,86,58,0,58,144
10/03/2015,DET,MI,AGL,CE,Federal Contract Tower,0,4,2,0,6,0,1,5,0,6,0,5,7,0,12,0,0,0,12
10/04/2015,DET,MI,AGL,CE,Federal Contract Tower,0,5,12,0,17,0,1,12,0,13,0,6,24,0,30,0,0,0,30
10/05/2015,DET,MI,AGL,CE,Federal Contract Tower,0,6,19,0,25,0,0,14,0,14,0,6,33,0,39,8,0,8,47
10/06/2015,DET,MI,AGL,CE,Federal Contract Tower,0,5,12,0,17,0,0,8,0,8,0,5,20,0,25,28,10,38,63
10/07/2015,DET,MI,AGL,CE,Federal Contract Tower,0,5,22,0,27,0,0,55,0,55,0,5,77,0,82,166,0,166,248
10/08/2015,DET,MI,AGL,CE,Federal Contract Tower,0,1,25,0,26,0,0,26,0,26,0,1,51,0,52,102,0,102,154
10/09/2015,DET,MI,AGL,CE,Federal Contract Tower,0,10,31,0,41,0,0,45,0,45,0,10,76,0,86,106,0,106,192
10/10/2015,DET,MI,AGL,CE,Federal Contract Tower,0,4,15,0,19,0,0,57,0,57,0,4,72,0,76,128,0,128,204
10/11/2015,DET,MI,AGL,CE,Federal Contract Tower,0,8,20,0,28,0,0,89,0,89,0,8,109,0,117,148,0,148,265
10/12/2015,DET,MI,AGL,CE,Federal Contract Tower,0,17,18,0,35,0,0,29,0,29,0,17,47,0,64,70,0,70,134
10/13/2015,DET,MI,AGL,CE,Federal Contract Tower,0,6,17,2,25,0,0,41,2,43,0,6,58,4,68,166,0,166,234
10/14/2015,DET,MI,AGL,CE,Federal Contract Tower,0,10,24,0,34,0,1,27,0,28,0,11,51,0,62,152,0,152,214
10/15/2015,DET,MI,AGL,CE,Federal Contract Tower,0,2,26,0,28,0,2,31,0,33,0,4,57,0,61,74,0,74,135
10/16/2015,DET,MI,AGL,CE,Federal Contract Tower,0,12,26,0,38,0,0,48,0,48,0,12,74,0,86,84,0,84,170
10/17/2015,DET,MI,AGL,CE,Federal Contract Tower,0,7,11,0,18,0,0,34,2,36,0,7,45,2,54,112,0,112,166
10/18/2015,DET,MI,AGL,CE,Federal Contract Tower,0,14,17,0,31,0,0,31,2,33,0,14,48,2,64,76,0,76,140
10/19/2015,DET,MI,AGL,CE,Federal Contract Tower,0,1,30,4,35,0,0,35,0,35,0,1,65,4,70,66,0,66,136
10/20/2015,DET,MI,AGL,CE,Federal Contract Tower,0,9,23,0,32,0,0,40,0,40,0,9,63,0,72,162,0,162,234
10/21/2015,DET,MI,AGL,CE,Federal Contract Tower,0,11,25,0,36,0,0,39,0,39,0,11,64,0,75,132,0,132,207
10/22/2015,DET,MI,AGL,CE,Federal Contract Tower,0,7,24,0,31,0,0,55,0,55,0,7,79,0,86,122,0,122,208
10/23/2015,DET,MI,AGL,CE,Federal Contract Tower,0,9,22,0,31,0,0,53,0,53,0,9,75,0,84,88,0,88,172
10/24/2015,DET,MI,AGL,CE,Federal Contract Tower,0,10,8,0,18,0,0,41,0,41,0,10,49,0,59,66,0,66,125
10/25/2015,DET,MI,AGL,CE,Federal Contract Tower,0,6,31,0,37,0,0,60,0,60,0,6,91,0,97,116,0,116,213
10/26/2015,DET,MI,AGL,CE,Federal Contract Tower,0,4,27,0,31,0,0,21,0,21,0,4,48,0,52,36,0,36,88
10/27/2015,DET,MI,AGL,CE,Federal Contract Tower,0,7,20,0,27,0,0,39,0,39,0,7,59,0,66,146,4,150,216
10/28/2015,DET,MI,AGL,CE,Federal Contract Tower,0,8,9,0,17,0,0,25,0,25,0,8,34,0,42,62,0,62,104
10/29/2015,DET,MI,AGL,CE,Federal Contract Tower,0,5,17,0,22,0,0,42,0,42,0,5,59,0,64,0,0,0,64
10/30/2015,DET,MI,AGL,CE,Federal Contract Tower,0,12,18,0,30,0,0,48,0,48,0,12,66,0,78,84,0,84,162
10/31/2015,DET,MI,AGL,CE,Federal Contract Tower,0,2,6,0,8,0,0,46,0,46,0,2,52,0,54,62,0,62,116
11/01/2015,DET,MI,AGL,CE,Federal Contract Tower,0,5,9,0,14,0,0,10,0,10,0,5,19,0,24,0,0,0,24
11/03/2015,DET,MI,AGL,CE,Federal Contract Tower,0,8,15,0,23,0,0,43,0,43,0,8,58,0,66,144,0,144,210
11/04/2015,DET,MI,AGL,CE,Federal Contract Tower,0,11,26,0,37,0,0,52,0,52,0,11,78,0,89,144,0,144,233
11/05/2015,DET,MI,AGL,CE,Federal Contract Tower,0,2,15,0,17,0,0,47,0,47,0,2,62,0,64,116,0,116,180
11/07/2015,DET,MI,AGL,CE,Federal Contract Tower,0,3,16,0,19,0,0,53,0,53,0,3,69,0,72,44,0,44,116
11/08/2015,DET,MI,AGL,CE,Federal Contract Tower,0,1,14,0,15,0,0,49,0,49,0,1,63,0,64,64,0,64,128
11/09/2015,DET,MI,AGL,CE,Federal Contract Tower,0,7,18,0,25,0,0,26,0,26,0,7,44,0,51,80,0,80,131
11/10/2015,DET,MI,AGL,CE,Federal Contract Tower,0,11,21,0,32,0,0,0,0,0,0,11,21,0,32,0,0,0,32
11/11/2015,DET,MI,AGL,CE,Federal Contract Tower,0,8,28,0,36,0,0,45,0,45,0,8,73,0,81,156,0,156,237
11/12/2015,DET,MI,AGL,CE,Federal Contract Tower,0,2,15,0,17,0,0,6,0,6,0,2,21,0,23,0,0,0,23
11/13/2015,DET,MI,AGL,CE,Federal Contract Tower,0,4,8,0,12,0,0,14,4,18,0,4,22,4,30,0,0,0,30
11/14/2015,DET,MI,AGL,CE,Federal Contract Tower,0,8,6,0,14,0,0,55,1,56,0,8,61,1,70,106,0,106,176
11/15/2015,DET,MI,AGL,CE,Federal Contract Tower,0,7,15,0,22,0,0,44,4,48,0,7,59,4,70,78,0,78,148
11/16/2015,DET,MI,AGL,CE,Federal Contract Tower,0,3,16,0,19,0,0,30,4,34,0,3,46,4,53,58,0,58,111
11/17/2015,DET,MI,AGL,CE,Federal Contract Tower,0,3,17,0,20,0,0,31,0,31,0,3,48,0,51,68,0,68,119
11/18/2015,DET,MI,AGL,CE,Federal Contract Tower,0,1,15,0,16,0,0,23,0,23,0,1,38,0,39,106,0,106,145
11/19/2015,DET,MI,AGL,CE,Federal Contract Tower,0,5,24,0,29,0,0,15,0,15,0,5,39,0,44,60,0,60,104
11/20/2015,DET,MI,AGL,CE,Federal Contract Tower,0,9,16,0,25,0,0,33,0,33,0,9,49,0,58,0,0,0,58
11/21/2015,DET,MI,AGL,CE,Federal Contract Tower,0,3,6,0,9,0,0,1,0,1,0,3,7,0,10,0,0,0,10
11/22/2015,DET,MI,AGL,CE,Federal Contract Tower,0,0,9,0,9,0,0,24,0,24,0,0,33,0,33,46,0,46,79
11/23/2015,DET,MI,AGL,CE,Federal Contract Tower,0,11,11,0,22,0,0,12,0,12,0,11,23,0,34,36,0,36,70
11/24/2015,DET,MI,AGL,CE,Federal Contract Tower,0,4,20,0,24,0,0,20,0,20,0,4,40,0,44,102,0,102,146
11/25/2015,DET,MI,AGL,CE,Federal Contract Tower,0,7,11,0,18,0,0,41,0,41,0,7,52,0,59,182,0,182,241
11/26/2015,DET,MI,AGL,CE,Federal Contract Tower,0,9,10,0,19,0,0,62,0,62,0,9,72,0,81,106,0,106,187
11/27/2015,DET,MI,AGL,CE,Federal Contract Tower,0,6,1,2,9,0,0,0,0,0,0,6,1,2,9,0,0,0,9
11/28/2015,DET,MI,AGL,CE,Federal Contract Tower,0,2,17,4,23,0,0,34,0,34,0,2,51,4,57,100,0,100,157
11/29/2015,DET,MI,AGL,CE,Federal Contract Tower,0,3,37,0,40,0,0,35,0,35,0,3,72,0,75,42,0,42,117
11/30/2015,DET,MI,AGL,CE,Federal Contract Tower,0,4,13,0,17,0,0,26,0,26,0,4,39,0,43,70,0,70,113
12/01/2015,DET,MI,AGL,CE,Federal Contract Tower,0,5,16,0,21,0,0,33,0,33,0,5,49,0,54,104,0,104,158
12/02/2015,DET,MI,AGL,CE,Federal Contract Tower,0,6,25,0,31,0,0,34,0,34,0,6,59,0,65,130,0,130,195
12/03/2015,DET,MI,AGL,CE,Federal Contract Tower,0,6,34,0,40,0,0,45,0,45,0,6,79,0,85,68,0,68,153
12/04/2015,DET,MI,AGL,CE,Federal Contract Tower,0,6,25,0,31,0,0,53,0,53,0,6,78,0,84,88,0,88,172
12/05/2015,DET,MI,AGL,CE,Federal Contract Tower,0,4,10,0,14,0,0,2,0,2,0,4,12,0,16,18,0,18,34
12/06/2015,DET,MI,AGL,CE,Federal Contract Tower,0,2,20,0,22,0,0,23,0,23,0,2,43,0,45,48,0,48,93
12/13/2015,DET,MI,AGL,CE,Federal Contract Tower,0,3,14,0,17,0,0,10,0,10,0,3,24,0,27,22,0,22,49
12/14/2015,DET,MI,AGL,CE,Federal Contract Tower,0,3,6,1,10,0,0,38,0,38,0,3,44,1,48,104,0,104,152
12/16/2015,DET,MI,AGL,CE,Federal Contract Tower,0,11,12,0,23,0,0,37,0,37,0,11,49,0,60,68,0,68,128
12/17/2015,DET,MI,AGL,CE,Federal Contract Tower,0,5,9,0,14,0,0,53,0,53,0,5,62,0,67,98,0,98,165
12/18/2015,DET,MI,AGL,CE,Federal Contract Tower,0,7,14,0,21,0,0,32,0,32,0,7,46,0,53,0,0,0,53
12/19/2015,DET,MI,AGL,CE,Federal Contract Tower,0,3,6,0,9,0,0,33,0,33,0,3,39,0,42,66,0,66,108
12/20/2015,DET,MI,AGL,CE,Federal Contract Tower,0,2,3,0,5,0,0,13,0,13,0,2,16,0,18,24,0,24,42
12/21/2015,DET,MI,AGL,CE,Federal Contract Tower,0,3,22,0,25,0,0,8,0,8,0,3,30,0,33,24,0,24,57
12/22/2015,DET,MI,AGL,CE,Federal Contract Tower,0,10,14,0,24,0,0,30,0,30,0,10,44,0,54,128,0,128,182
12/23/2015,DET,MI,AGL,CE,Federal Contract Tower,0,4,2,0,6,0,0,20,0,20,0,4,22,0,26,64,0,64,90
12/24/2015,DET,MI,AGL,CE,Federal Contract Tower,0,6,1,0,7,0,0,27,2,29,0,6,28,2,36,28,0,28,64
12/25/2015,DET,MI,AGL,CE,Federal Contract Tower,0,2,2,0,4,0,0,20,0,20,0,2,22,0,24,38,0,38,62
12/26/2015,DET,MI,AGL,CE,Federal Contract Tower,0,4,15,0,19,0,0,16,0,16,0,4,31,0,35,38,0,38,73
12/27/2015,DET,MI,AGL,CE,Federal Contract Tower,0,3,22,0,25,0,0,6,0,6,0,3,28,0,31,0,0,0,31
12/28/2015,DET,MI,AGL,CE,Federal Contract Tower,0,4,7,0,11,0,0,14,0,14,0,4,21,0,25,24,0,24,49
12/29/2015,DET,MI,AGL,CE,Federal Contract Tower,0,2,9,0,11,0,0,19,0,19,0,2,28,0,30,76,0,76,106
12/30/2015,DET,MI,AGL,CE,Federal Contract Tower,0,2,11,0,13,0,0,53,0,53,0,2,64,0,66,50,0,50,116
12/31/2015,DET,MI,AGL,CE,Federal Contract Tower,0,0,5,0,5,0,0,11,0,11,0,0,16,0,16,0,0,0,16
01/01/2016,DET,MI,AGL,CE,Federal Contract Tower,0,0,4,0,4,0,0,2,0,2,0,0,6,0,6,0,0,0,6
01/02/2016,DET,MI,AGL,CE,Federal Contract Tower,0,1,14,0,15,0,0,23,0,23,0,1,37,0,38,40,0,40,78
01/03/2016,DET,MI,AGL,CE,Federal Contract Tower,0,1,23,0,24,0,0,13,0,13,0,1,36,0,37,18,0,18,55
01/04/2016,DET,MI,AGL,CE,Federal Contract Tower,0,7,12,0,19,0,0,32,0,32,0,7,44,0,51,60,0,60,111
01/05/2016,DET,MI,AGL,CE,Federal Contract Tower,0,1,20,0,21,0,0,39,0,39,0,1,59,0,60,80,0,80,140
01/06/2016,DET,MI,AGL,CE,Federal Contract Tower,0,9,15,0,24,0,0,36,0,36,0,9,51,0,60,62,0,62,122
01/07/2016,DET,MI,AGL,CE,Federal Contract Tower,0,4,10,0,14,0,0,67,0,67,0,4,77,0,81,104,0,104,185
01/08/2016,DET,MI,AGL,CE,Federal Contract Tower,0,0,5,0,5,0,0,3,0,3,0,0,8,0,8,0,0,0,8
01/09/2016,DET,MI,AGL,CE,Federal Contract Tower,0,0,12,0,12,0,0,12,0,12,0,0,24,0,24,0,0,0,24
01/10/2016,DET,MI,AGL,CE,Federal Contract Tower,0,1,6,0,7,0,0,0,0,0,0,1,6,0,7,0,0,0,7
01/11/2016,DET,MI,AGL,CE,Federal Contract Tower,0,9,22,0,31,0,0,8,4,12,0,9,30,4,43,6,0,6,49
01/12/2016,DET,MI,AGL,CE,Federal Contract Tower,0,2,9,0,11,0,0,0,0,0,0,2,9,0,11,0,0,0,11
01/13/2016,DET,MI,AGL,CE,Federal Contract Tower,0,6,16,0,22,0,0,9,0,9,0,6,25,0,31,0,0,0,31
01/14/2016,DET,MI,AGL,CE,Federal Contract Tower,0,5,22,0,27,0,0,41,1,42,0,5,63,1,69,0,34,34,103
01/15/2016,DET,MI,AGL,CE,Federal Contract Tower,0,4,29,2,35,0,0,44,0,44,0,4,73,2,79,70,0,70,149
01/16/2016,DET,MI,AGL,CE,Federal Contract Tower,0,3,8,0,11,0,0,18,0,18,0,3,26,0,29,48,0,48,77
01/17/2016,DET,MI,AGL,CE,Federal Contract Tower,0,1,7,0,8,0,0,0,0,0,0,1,7,0,8,0,0,0,8
01/18/2016,DET,MI,AGL,CE,Federal Contract Tower,0,3,11,0,14,0,0,8,0,8,0,3,19,0,22,0,0,0,22
01/19/2016,DET,MI,AGL,CE,Federal Contract Tower,0,2,13,0,15,0,0,36,0,36,0,2,49,0,51,144,0,144,195
01/20/2016,DET,MI,AGL,CE,Federal Contract Tower,0,6,7,1,14,0,0,18,1,19,0,6,25,2,33,0,0,0,33
01/21/2016,DET,MI,AGL,CE,Federal Contract Tower,0,3,17,0,20,0,0,4,0,4,0,3,21,0,24,0,0,0,24
01/22/2016,DET,MI,AGL,CE,Federal Contract Tower,0,3,9,0,12,0,0,26,0,26,0,3,35,0,38,52,0,52,90
01/23/2016,DET,MI,AGL,CE,Federal Contract Tower,0,1,12,0,13,0,0,36,0,36,0,1,48,0,49,64,0,64,113
01/24/2016,DET,MI,AGL,CE,Federal Contract Tower,0,2,27,0,29,0,0,16,0,16,0,2,43,0,45,10,6,16,61
01/25/2016,DET,MI,AGL,CE,Federal Contract Tower,0,0,11,0,11,0,0,16,0,16,0,0,27,0,27,0,2,2,29
01/26/2016,DET,MI,AGL,CE,Federal Contract Tower,0,2,8,0,10,0,3,19,0,22,0,5,27,0,32,78,0,78,110
01/27/2016,DET,MI,AGL,CE,Federal Contract Tower,0,2,8,0,10,0,0,29,0,29,0,2,37,0,39,36,0,36,75
01/28/2016,DET,MI,AGL,CE,Federal Contract Tower,0,3,14,0,17,0,0,23,0,23,0,3,37,0,40,44,0,44,84
01/29/2016,DET,MI,AGL,CE,Federal Contract Tower,0,3,14,0,17,0,0,44,0,44,0,3,58,0,61,92,0,92,153
01/30/2016,DET,MI,AGL,CE,Federal Contract Tower,0,2,9,0,11,0,0,42,0,42,0,2,51,0,53,70,0,70,123
01/31/2016,DET,MI,AGL,CE,Federal Contract Tower,0,3,10,0,13,0,0,18,0,18,0,3,28,0,31,64,0,64,95
02/01/2016,DET,MI,AGL,CE,Federal Contract Tower,0,0,20,6,26,0,0,23,0,23,0,0,43,6,49,152,0,152,201
02/02/2016,DET,MI,AGL,CE,Federal Contract Tower,0,5,5,0,10,0,0,23,0,23,0,5,28,0,33,60,0,60,93
02/03/2016,DET,MI,AGL,CE,Federal Contract Tower,0,4,12,2,18,0,0,36,0,36,0,4,48,2,54,68,0,68,122
02/04/2016,DET,MI,AGL,CE,Federal Contract Tower,0,8,12,0,20,0,0,31,0,31,0,8,43,0,51,72,0,72,123
02/05/2016,DET,MI,AGL,CE,Federal Contract Tower,0,8,14,0,22,0,0,32,6,38,0,8,46,6,60,92,0,92,152
02/06/2016,DET,MI,AGL,CE,Federal Contract Tower,0,2,11,0,13,0,0,43,0,43,0,2,54,0,56,110,0,110,166
02/07/2016,DET,MI,AGL,CE,Federal Contract Tower,0,2,11,0,13,0,0,17,0,17,0,2,28,0,30,0,0,0,30
02/09/2016,DET,MI,AGL,CE,Federal Contract Tower,0,3,12,0,15,0,0,0,0,0,0,3,12,0,15,0,0,0,15
02/10/2016,DET,MI,AGL,CE,Federal Contract Tower,0,2,19,0,21,0,0,0,0,0,0,2,19,0,21,0,0,0,21
02/11/2016,DET,MI,AGL,CE,Federal Contract Tower,0,4,11,3,18,0,0,33,0,33,0,4,44,3,51,24,0,24,75
02/12/2016,DET,MI,AGL,CE,Federal Contract Tower,0,2,18,0,20,0,0,44,8,52,0,2,62,8,72,72,0,72,144
02/13/2016,DET,MI,AGL,CE,Federal Contract Tower,0,5,16,0,21,0,0,34,0,34,0,5,50,0,55,54,0,54,109
02/14/2016,DET,MI,AGL,CE,Federal Contract Tower,0,1,3,0,4,0,0,8,0,8,0,1,11,0,12,0,0,0,12
02/15/2016,DET,MI,AGL,CE,Federal Contract Tower,0,2,10,0,12,0,0,1,0,1,0,2,11,0,13,0,0,0,13
02/16/2016,DET,MI,AGL,CE,Federal Contract Tower,0,2,13,0,15,0,0,8,0,8,0,2,21,0,23,0,0,0,23
02/17/2016,DET,MI,AGL,CE,Federal Contract Tower,0,3,9,4,16,0,0,40,0,40,0,3,49,4,56,72,0,72,128
02/18/2016,DET,MI,AGL,CE,Federal Contract Tower,0,5,27,0,32,0,0,44,0,44,0,5,71,0,76,84,0,84,160
02/19/2016,DET,MI,AGL,CE,Federal Contract Tower,0,6,11,0,17,0,0,12,16,28,0,6,23,16,45,24,24,48,93
02/20/2016,DET,MI,AGL,CE,Federal Contract Tower,0,0,4,0,4,0,0,24,0,24,0,0,28,0,28,64,0,64,92
02/21/2016,DET,MI,AGL,CE,Federal Contract Tower,0,1,9,0,10,0,0,18,0,18,0,1,27,0,28,52,0,52,80
02/22/2016,DET,MI,AGL,CE,Federal Contract Tower,0,4,30,0,34,0,0,13,0,13,0,4,43,0,47,106,10,116,163
02/23/2016,DET,MI,AGL,CE,Federal Contract Tower,0,0,25,0,25,0,0,45,2,47,0,0,70,2,72,100,0,100,172
02/24/2016,DET,MI,AGL,CE,Federal Contract Tower,0,0,5,0,5,0,0,3,0,3,0,0,8,0,8,0,0,0,8
02/25/2016,DET,MI,AGL,CE,Federal Contract Tower,0,1,4,0,5,0,0,2,0,2,0,1,6,0,7,0,0,0,7
02/26/2016,DET,MI,AGL,CE,Federal Contract Tower,0,8,17,0,25,0,0,39,0,39,0,8,56,0,64,94,0,94,158
02/27/2016,DET,MI,AGL,CE,Federal Contract Tower,0,0,9,0,9,0,0,44,0,44,0,0,53,0,53,46,0,46,99
02/28/2016,DET,MI,AGL,CE,Federal Contract Tower,0,3,4,0,7,0,0,6,0,6,0,3,10,0,13,14,0,14,27
02/29/2016,DET,MI,AGL,CE,Federal Contract Tower,0,2,8,0,10,0,0,27,0,27,0,2,35,0,37,112,8,120,157
03/01/2016,DET,MI,AGL,CE,Federal Contract Tower,0,0,1,0,1,0,0,2,0,2,0,0,3,0,3,0,0,0,3
03/02/2016,DET,MI,AGL,CE,Federal Contract Tower,0,0,6,0,6,0,0,19,0,19,0,0,25,0,25,42,0,42,67
03/03/2016,DET,MI,AGL,CE,Federal Contract Tower,0,8,31,0,39,0,0,41,0,41,0,8,72,0,80,74,0,74,154
03/04/2016,DET,MI,AGL,CE,Federal Contract Tower,0,2,16,0,18,0,0,44,0,44,0,2,60,0,62,106,0,106,168
03/05/2016,DET,MI,AGL,CE,Federal Contract Tower,0,0,3,0,3,0,0,12,0,12,0,0,15,0,15,36,0,36,51
03/06/2016,DET,MI,AGL,CE,Federal Contract Tower,0,2,10,0,12,0,0,4,2,6,0,2,14,2,18,8,0,8,26
03/07/2016,DET,MI,AGL,CE,Federal Contract Tower,0,2,6,0,8,0,0,19,0,19,0,2,25,0,27,132,0,132,159
03/08/2016,DET,MI,AGL,CE,Federal Contract Tower,0,4,18,0,22,0,0,57,0,57,0,4,75,0,79,78,0,78,157
03/09/2016,DET,MI,AGL,CE,Federal Contract Tower,0,1,17,0,18,0,0,46,1,47,0,1,63,1,65,92,0,92,157
03/10/2016,DET,MI,AGL,CE,Federal Contract Tower,0,5,19,0,24,0,0,19,0,19,0,5,38,0,43,0,0,0,43
03/11/2016,DET,MI,AGL,CE,Federal Contract Tower,0,5,19,0,24,0,0,29,0,29,0,5,48,0,53,54,0,54,107
03/12/2016,DET,MI,AGL,CE,Federal Contract Tower,0,0,6,0,6,0,2,38,0,40,0,2,44,0,46,72,0,72,118
03/13/2016,DET,MI,AGL,CE,Federal Contract Tower,0,2,10,4,16,0,0,36,0,36,0,2,46,4,52,56,0,56,108
03/14/2016,DET,MI,AGL,CE,Federal Contract Tower,0,0,16,0,16,0,0,3,0,3,0,0,19,0,19,0,0,0,19
03/15/2016,DET,MI,AGL,CE,Federal Contract Tower,0,3,28,0,31,0,0,23,2,25,0,3,51,2,56,46,0,46,102
03/16/2016,DET,MI,AGL,CE,Federal Contract Tower,0,6,9,0,15,0,0,47,0,47,0,6,56,0,62,82,0,82,144
03/17/2016,DET,MI,AGL,CE,Federal Contract Tower,0,3,14,0,17,0,0,33,1,34,0,3,47,1,51,72,0,72,123
03/18/2016,DET,MI,AGL,CE,Federal Contract Tower,0,1,19,0,20,0,0,57,0,57,0,1,76,0,77,108,0,108,185
03/19/2016,DET,MI,AGL,CE,Federal Contract Tower,0,2,18,0,20,0,0,17,0,17,0,2,35,0,37,2,0,2,39
03/20/2016,DET,MI,AGL,CE,Federal Contract Tower,0,4,12,0,16,0,0,42,0,42,0,4,54,0,58,138,0,138,196
03/21/2016,DET,MI,AGL,CE,Federal Contract Tower,0,4,12,0,16,0,0,26,0,26,0,4,38,0,42,138,0,138,180
03/22/2016,DET,MI,AGL,CE,Federal Contract Tower,0,3,14,0,17,0,0,35,2,37,0,3,49,2,54,0,0,0,54
03/23/2016,DET,MI,AGL,CE,Federal Contract Tower,0,8,25,0,33,0,0,38,0,38,0,8,63,0,71,114,0,114,185
03/24/2016,DET,MI,AGL,CE,Federal Contract Tower,0,2,12,0,14,0,0,1,0,1,0,2,13,0,15,0,0,0,15
03/25/2016,DET,MI,AGL,CE,Federal Contract Tower,0,0,15,0,15,0,0,41,0,41,0,0,56,0,56,80,0,80,136
03/26/2016,DET,MI,AGL,CE,Federal Contract Tower,0,0,15,0,15,0,0,38,0,38,0,0,53,0,53,82,0,82,135
03/27/2016,DET,MI,AGL,CE,Federal Contract Tower,0,0,6,0,6,0,0,17,0,17,0,0,23,0,23,86,0,86,109
03/28/2016,DET,MI,AGL,CE,Federal Contract Tower,0,5,21,0,26,0,0,18,0,18,0,5,39,0,44,48,0,48,92
03/29/2016,DET,MI,AGL,CE,Federal Contract Tower,0,7,12,0,19,0,0,53,2,55,0,7,65,2,74,106,34,140,214
03/30/2016,DET,MI,AGL,CE,Federal Contract Tower,0,4,16,0,20,0,0,40,4,44,0,4,56,4,64,96,0,96,160
03/31/2016,DET,MI,AGL,CE,Federal Contract Tower,0,1,8,0,9,0,0,8,4,12,0,1,16,4,21,0,0,0,21
04/01/2016,DET,MI,AGL,CE,Federal Contract Tower,0,1,15,0,16,0,0,0,0,0,0,1,15,0,16,66,0,66,82
04/02/2016,DET,MI,AGL,CE,Federal Contract Tower,0,5,6,0,11,0,0,29,0,29,0,5,35,0,40,108,0,108,148
04/03/2016,DET,MI,AGL,CE,Federal Contract Tower,0,1,13,0,14,0,0,20,0,20,0,1,33,0,34,110,0,110,144
04/04/2016,DET,MI,AGL,CE,Federal Contract Tower,0,5,9,0,14,0,0,18,2,20,0,5,27,2,34,38,0,38,72
04/05/2016,DET,MI,AGL,CE,Federal Contract Tower,0,0,11,0,11,0,0,60,0,60,0,0,71,0,71,146,0,146,217
04/06/2016,DET,MI,AGL,CE,Federal Contract Tower,0,4,3,0,7,0,0,25,2,27,0,4,28,2,34,0,0,0,34
04/07/2016,DET,MI,AGL,CE,Federal Contract Tower,0,2,11,0,13,0,0,0,0,0,0,2,11,0,13,0,0,0,13
04/08/2016,DET,MI,AGL,CE,Federal Contract Tower,0,6,13,0,19,0,0,54,2,56,0,6,67,2,75,114,2,116,191
04/09/2016,DET,MI,AGL,CE,Federal Contract Tower,0,3,7,0,10,0,0,18,0,18,0,3,25,0,28,36,0,36,64
04/10/2016,DET,MI,AGL,CE,Federal Contract Tower,0,2,10,0,12,0,0,9,0,9,0,2,19,0,21,94,0,94,115
04/11/2016,DET,MI,AGL,CE,Federal Contract Tower,0,2,16,0,18,0,0,18,2,20,0,2,34,2,38,14,0,14,52
04/12/2016,DET,MI,AGL,CE,Federal Contract Tower,0,12,21,0,33,0,0,82,0,82,0,12,103,0,115,132,0,132,247
04/13/2016,DET,MI,AGL,CE,Federal Contract Tower,0,2,25,0,27,0,0,55,0,55,0,2,80,0,82,98,0,98,180
04/14/2016,DET,MI,AGL,CE,Federal Contract Tower,0,3,23,0,26,0,0,37,0,37,0,3,60,0,63,76,0,76,139
04/15/2016,DET,MI,AGL,CE,Federal Contract Tower,0,2,24,0,26,0,0,30,0,30,0,2,54,0,56,28,0,28,84
04/16/2016,DET,MI,AGL,CE,Federal Contract Tower,0,5,6,0,11,0,0,50,0,50,0,5,56,0,61,162,0,162,223
04/17/2016,DET,MI,AGL,CE,Federal Contract Tower,0,3,17,0,20,0,0,37,0,37,0,3,54,0,57,118,0,118,175
04/18/2016,DET,MI,AGL,CE,Federal Contract Tower,0,3,15,0,18,0,0,38,0,38,0,3,53,0,56,90,0,90,146
04/20/2016,DET,MI,AGL,CE,Federal Contract Tower,0,5,22,0,27,0,0,75,0,75,0,5,97,0,102,132,0,132,234
04/21/2016,DET,MI,AGL,CE,Federal Contract Tower,0,6,25,0,31,0,0,20,0,20,0,6,45,0,51,52,0,52,103
04/22/2016,DET,MI,AGL,CE,Federal Contract Tower,0,2,14,0,16,0,0,14,0,14,0,2,28,0,30,18,0,18,48
04/23/2016,DET,MI,AGL,CE,Federal Contract Tower,0,2,5,0,7,0,0,40,0,40,0,2,45,0,47,70,0,70,117
04/25/2016,DET,MI,AGL,CE,Federal Contract Tower,0,15,19,0,34,0,0,24,0,24,0,15,43,0,58,84,0,84,142
04/26/2016,DET,MI,AGL,CE,Federal Contract Tower,0,14,11,0,25,0,0,40,0,40,0,14,51,0,65,0,0,0,65
04/27/2016,DET,MI,AGL,CE,Federal Contract Tower,0,9,21,0,30,0,0,56,0,56,0,9,77,0,86,132,0,132,218
04/28/2016,DET,MI,AGL,CE,Federal Contract Tower,0,5,11,0,16,0,0,13,0,13,0,5,24,0,29,36,0,36,65
04/29/2016,DET,MI,AGL,CE,Federal Contract Tower,0,9,9,0,18,0,0,20,0,20,0,9,29,0,38,44,0,44,82
04/30/2016,DET,MI,AGL,CE,Federal Contract Tower,0,8,13,0,21,0,0,30,0,30,0,8,43,0,51,110,0,110,161
05/01/2016,DET,MI,AGL,CE,Federal Contract Tower,0,1,10,0,11,0,0,0,0,0,0,1,10,0,11,0,0,0,11
05/02/2016,DET,MI,AGL,CE,Federal Contract Tower,0,3,23,0,26,0,0,13,0,13,0,3,36,0,39,26,0,26,65
05/03/2016,DET,MI,AGL,CE,Federal Contract Tower,0,7,26,0,33,0,0,72,0,72,0,7,98,0,105,122,0,122,227
05/04/2016,DET,MI,AGL,CE,Federal Contract Tower,0,2,16,0,18,0,0,42,0,42,0,2,58,0,60,90,0,90,150
05/05/2016,DET,MI,AGL,CE,Federal Contract Tower,0,7,15,0,22,0,0,28,0,28,0,7,43,0,50,72,0,72,122
05/06/2016,DET,MI,AGL,CE,Federal Contract Tower,0,1,13,0,14,0,0,38,0,38,0,1,51,0,52,82,0,82,134
05/07/2016,DET,MI,AGL,CE,Federal Contract Tower,0,9,11,0,20,0,0,36,0,36,0,9,47,0,56,62,0,62,118
05/08/2016,DET,MI,AGL,CE,Federal Contract Tower,0,5,13,0,18,0,0,25,0,25,0,5,38,0,43,146,0,146,189
05/09/2016,DET,MI,AGL,CE,Federal Contract Tower,0,1,20,0,21,0,0,54,0,54,0,1,74,0,75,150,0,150,225
05/10/2016,DET,MI,AGL,CE,Federal Contract Tower,0,3,18,0,21,0,0,63,1,64,0,3,81,1,85,82,0,82,167
05/11/2016,DET,MI,AGL,CE,Federal Contract Tower,0,10,15,0,25,0,0,49,0,49,0,10,64,0,74,92,0,92,166
05/12/2016,DET,MI,AGL,CE,Federal Contract Tower,0,7,17,0,24,0,0,14,3,17,0,7,31,3,41,60,0,60,101
05/13/2016,DET,MI,AGL,CE,Federal Contract Tower,0,10,19,0,29,0,0,34,0,34,0,10,53,0,63,68,0,68,131
05/14/2016,DET,MI,AGL,CE,Federal Contract Tower,0,1,11,0,12,0,0,3,0,3,0,1,14,0,15,0,0,0,15
05/15/2016,DET,MI,AGL,CE,Federal Contract Tower,0,15,16,0,31,0,0,34,0,34,0,15,50,0,65,226,0,226,291
05/16/2016,DET,MI,AGL,CE,Federal Contract Tower,0,8,21,0,29,0,1,41,0,42,0,9,62,0,71,88,0,88,159
05/18/2016,DET,MI,AGL,CE,Federal Contract Tower,0,4,24,0,28,0,0,47,0,47,0,4,71,0,75,100,0,100,175
05/19/2016,DET,MI,AGL,CE,Federal Contract Tower,0,8,28,0,36,0,0,82,0,82,0,8,110,0,118,164,0,164,282
05/20/2016,DET,MI,AGL,CE,Federal Contract Tower,0,4,16,0,20,0,0,43,0,43,0,4,59,0,63,70,0,70,133
05/21/2016,DET,MI,AGL,CE,Federal Contract Tower,0,4,15,0,19,0,0,54,0,54,0,4,69,0,73,174,0,174,247
05/22/2016,DET,MI,AGL,CE,Federal Contract Tower,0,3,10,0,13,0,0,46,0,46,0,3,56,0,59,92,8,100,159
05/23/2016,DET,MI,AGL,CE,Federal Contract Tower,0,4,20,0,24,0,0,64,0,64,0,4,84,0,88,86,0,86,174
05/24/2016,DET,MI,AGL,CE,Federal Contract Tower,0,5,27,0,32,0,0,53,2,55,0,5,80,2,87,108,0,108,195
05/25/2016,DET,MI,AGL,CE,Federal Contract Tower,0,5,25,0,30,0,0,32,0,32,0,5,57,0,62,54,0,54,116
05/26/2016,DET,MI,AGL,CE,Federal Contract Tower,0,5,24,0,29,0,0,24,0,24,0,5,48,0,53,32,0,32,85
05/27/2016,DET,MI,AGL,CE,Federal Contract Tower,0,7,24,0,31,0,0,36,0,36,0,7,60,0,67,24,0,24,91
05/28/2016,DET,MI,AGL,CE,Federal Contract Tower,0,1,13,0,14,0,0,30,0,30,0,1,43,0,44,122,0,122,166
05/29/2016,DET,MI,AGL,CE,Federal Contract Tower,0,16,9,0,25,0,0,44,0,44,0,16,53,0,69,96,0,96,165
05/30/2016,DET,MI,AGL,CE,Federal Contract Tower,0,3,18,0,21,0,0,96,0,96,0,3,114,0,117,136,0,136,253
05/31/2016,DET,MI,AGL,CE,Federal Contract Tower,0,8,18,0,26,0,0,56,0,56,0,8,74,0,82,102,0,102,184
06/01/2016,DET,MI,AGL,CE,Federal Contract Tower,0,6,16,0,22,0,0,30,0,30,0,6,46,0,52,52,0,52,104
06/02/2016,DET,MI,AGL,CE,Federal Contract Tower,0,6,27,0,33,0,0,31,0,31,0,6,58,0,64,0,0,0,64
06/03/2016,DET,MI,AGL,CE,Federal Contract Tower,0,16,29,0,45,0,0,63,0,63,0,16,92,0,108,62,0,62,170
06/04/2016,DET,MI,AGL,CE,Federal Contract Tower,0,7,22,0,29,0,0,41,0,41,0,7,63,0,70,142,0,142,212
06/05/2016,DET,MI,AGL,CE,Federal Contract Tower,0,7,24,0,31,0,0,41,0,41,0,7,65,0,72,138,0,138,210
06/06/2016,DET,MI,AGL,CE,Federal Contract Tower,0,4,10,0,14,0,0,42,0,42,0,4,52,0,56,0,0,0,56
06/07/2016,DET,MI,AGL,CE,Federal Contract Tower,0,5,24,0,29,0,0,49,0,49,0,5,73,0,78,84,0,84,162
06/09/2016,DET,MI,AGL,CE,Federal Contract Tower,0,7,27,0,34,0,0,46,1,47,0,7,73,1,81,70,0,70,151
06/10/2016,DET,MI,AGL,CE,Federal Contract Tower,0,4,27,0,31,0,0,59,0,59,0,4,86,0,90,114,0,114,204
06/11/2016,DET,MI,AGL,CE,Federal Contract Tower,0,3,4,0,7,0,0,71,0,71,0,3,75,0,78,156,0,156,234
06/12/2016,DET,MI,AGL,CE,Federal Contract Tower,0,2,23,0,25,0,0,100,6,106,0,2,123,6,131,178,0,178,309
06/13/2016,DET,MI,AGL,CE,Federal Contract Tower,0,8,14,0,22,0,0,48,0,48,0,8,62,0,70,130,0,130,200
06/15/2016,DET,MI,AGL,CE,Federal Contract Tower,0,13,22,0,35,0,0,42,0,42,0,13,64,0,77,82,0,82,159
06/16/2016,DET,MI,AGL,CE,Federal Contract Tower,0,3,23,0,26,0,1,36,0,37,0,4,59,0,63,14,0,14,77
06/17/2016,DET,MI,AGL,CE,Federal Contract Tower,0,3,29,0,32,0,0,37,0,37,0,3,66,0,69,18,0,18,87
06/18/2016,DET,MI,AGL,CE,Federal Contract Tower,0,4,7,0,11,0,0,43,0,43,0,4,50,0,54,166,0,166,220
06/19/2016,DET,MI,AGL,CE,Federal Contract Tower,0,2,9,2,13,0,1,53,1,55,0,3,62,3,68,78,0,78,146
06/20/2016,DET,MI,AGL,CE,Federal Contract Tower,0,3,17,0,20,0,0,46,0,46,0,3,63,0,66,60,0,60,126
06/21/2016,DET,MI,AGL,CE,Federal Contract Tower,0,7,20,0,27,0,0,59,0,59,0,7,79,0,86,102,0,102,188
06/22/2016,DET,MI,AGL,CE,Federal Contract Tower,0,3,29,0,32,0,0,32,0,32,0,3,61,0,64,76,0,76,140
06/23/2016,DET,MI,AGL,CE,Federal Contract Tower,0,5,29,0,34,0,0,39,2,41,0,5,68,2,75,48,0,48,123
06/24/2016,DET,MI,AGL,CE,Federal Contract Tower,0,10,15,0,25,0,0,72,0,72,0,10,87,0,97,98,0,98,195
06/26/2016,DET,MI,AGL,CE,Federal Contract Tower,0,0,15,0,15,0,80,0,0,80,0,80,15,0,95,110,0,110,205
06/27/2016,DET,MI,AGL,CE,Federal Contract Tower,0,7,19,0,26,0,0,126,0,126,0,7,145,0,152,112,0,112,264
06/28/2016,DET,MI,AGL,CE,Federal Contract Tower,0,4,9,0,13,0,0,46,2,48,0,4,55,2,61,76,0,76,137
06/29/2016,DET,MI,AGL,CE,Federal Contract Tower,0,6,24,0,30,0,2,39,2,43,0,8,63,2,73,72,0,72,145
06/30/2016,DET,MI,AGL,CE,Federal Contract Tower,0,7,22,0,29,0,0,50,2,52,0,7,72,2,81,100,0,100,181
07/01/2016,DET,MI,AGL,CE,Federal Contract Tower,0,5,19,0,24,0,0,47,0,47,0,5,66,0,71,60,4,64,135
07/03/2016,DET,MI,AGL,CE,Federal Contract Tower,0,0,5,0,5,0,0,43,4,47,0,0,48,4,52,0,0,0,52
07/04/2016,DET,MI,AGL,CE,Federal Contract Tower,0,0,8,0,8,0,0,49,0,49,0,0,57,0,57,60,0,60,117
07/05/2016,DET,MI,AGL,CE,Federal Contract Tower,0,9,19,0,28,0,1,58,0,59,0,10,77,0,87,108,0,108,195
07/06/2016,DET,MI,AGL,CE,Federal Contract Tower,0,10,7,0,17,0,0,40,0,40,0,10,47,0,57,12,0,12,69
07/07/2016,DET,MI,AGL,CE,Federal Contract Tower,0,3,19,2,24,0,0,35,0,35,0,3,54,2,59,0,0,0,59
07/08/2016,DET,MI,AGL,CE,Federal Contract Tower,0,5,11,0,16,0,0,30,0,30,0,5,41,0,46,14,0,14,60
07/09/2016,DET,MI,AGL,CE,Federal Contract Tower,0,0,10,0,10,0,0,50,0,50,0,0,60,0,60,120,0,120,180
07/10/2016,DET,MI,AGL,CE,Federal Contract Tower,0,0,9,0,9,0,0,118,0,118,0,0,127,0,127,218,0,218,345
07/11/2016,DET,MI,AGL,CE,Federal Contract Tower,0,5,13,0,18,0,0,47,0,47,0,5,60,0,65,0,0,0,65
07/12/2016,DET,MI,AGL,CE,Federal Contract Tower,0,10,19,0,29,0,0,47,0,47,0,10,66,0,76,114,0,114,190
07/13/2016,DET,MI,AGL,CE,Federal Contract Tower,0,13,20,0,33,0,0,60,0,60,0,13,80,0,93,112,0,112,205
07/14/2016,DET,MI,AGL,CE,Federal Contract Tower,0,13,14,0,27,0,0,36,1,37,0,13,50,1,64,54,0,54,118
07/15/2016,DET,MI,AGL,CE,Federal Contract Tower,0,3,27,0,30,0,0,48,0,48,0,3,75,0,78,92,0,92,170
07/16/2016,DET,MI,AGL,CE,Federal Contract Tower,0,3,12,0,15,0,0,73,0,73,0,3,85,0,88,152,0,152,240
07/17/2016,DET,MI,AGL,CE,Federal Contract Tower,0,2,27,0,29,0,0,60,0,60,0,2,87,0,89,82,0,82,171
07/18/2016,DET,MI,AGL,CE,Federal Contract Tower,0,3,32,0,35,0,0,54,0,54,0,3,86,0,89,106,0,106,195
07/19/2016,DET,MI,AGL,CE,Federal Contract Tower,0,14,28,0,42,0,1,66,0,67,0,15,94,0,109,158,0,158,267
07/20/2016,DET,MI,AGL,CE,Federal Contract Tower,0,9,19,0,28,0,0,48,0,48,0,9,67,0,76,50,0,50,126
07/21/2016,DET,MI,AGL,CE,Federal Contract Tower,0,4,14,0,18,0,0,52,4,56,0,4,66,4,74,130,12,142,216
07/22/2016,DET,MI,AGL,CE,Federal Contract Tower,0,8,21,1,30,0,0,44,0,44,0,8,65,1,74,70,0,70,144
07/23/2016,DET,MI,AGL,CE,Federal Contract Tower,0,1,20,0,21,0,0,43,0,43,0,1,63,0,64,0,0,0,64
07/24/2016,DET,MI,AGL,CE,Federal Contract Tower,0,6,11,0,17,0,0,50,1,51,0,6,61,1,68,0,0,0,68
07/25/2016,DET,MI,AGL,CE,Federal Contract Tower,0,12,7,0,19,0,0,31,0,31,0,12,38,0,50,44,0,44,94
07/26/2016,DET,MI,AGL,CE,Federal Contract Tower,0,7,21,0,28,0,0,44,2,46,0,7,65,2,74,54,0,54,128
07/27/2016,DET,MI,AGL,CE,Federal Contract Tower,0,7,15,0,22,0,0,46,0,46,0,7,61,0,68,60,0,60,128
07/28/2016,DET,MI,AGL,CE,Federal Contract Tower,0,5,30,0,35,0,0,48,0,48,0,5,78,0,83,74,0,74,157
07/29/2016,DET,MI,AGL,CE,Federal Contract Tower,0,8,11,0,19,0,0,43,16,59,0,8,54,16,78,140,24,164,242
07/30/2016,DET,MI,AGL,CE,Federal Contract Tower,0,1,12,0,13,0,0,35,0,35,0,1,47,0,48,80,0,80,128
07/31/2016,DET,MI,AGL,CE,Federal Contract Tower,0,4,17,0,21,0,0,65,0,65,0,4,82,0,86,60,0,60,146
08/04/2016,DET,MI,AGL,CE,Federal Contract Tower,0,12,21,0,33,0,1,61,0,62,0,13,82,0,95,150,0,150,245
08/05/2016,DET,MI,AGL,CE,Federal Contract Tower,0,8,12,0,20,0,0,34,0,34,0,8,46,0,54,128,0,128,182
08/06/2016,DET,MI,AGL,CE,Federal Contract Tower,0,2,19,0,21,0,0,47,0,47,0,2,66,0,68,114,0,114,182
08/07/2016,DET,MI,AGL,CE,Federal Contract Tower,0,6,16,0,22,0,0,100,0,100,0,6,116,0,122,152,0,152,274
08/08/2016,DET,MI,AGL,CE,Federal Contract Tower,0,10,15,0,25,0,0,46,0,46,0,10,61,0,71,30,0,30,101
08/09/2016,DET,MI,AGL,CE,Federal Contract Tower,0,4,25,0,29,0,0,41,0,41,0,4,66,0,70,46,0,46,116
08/11/2016,DET,MI,AGL,CE,Federal Contract Tower,0,8,26,0,34,0,0,55,0,55,0,8,81,0,89,142,0,142,231
08/12/2016,DET,MI,AGL,CE,Federal Contract Tower,0,10,13,0,23,0,0,32,0,32,0,10,45,0,55,144,0,144,199
08/13/2016,DET,MI,AGL,CE,Federal Contract Tower,0,3,7,0,10,0,0,43,0,43,0,3,50,0,53,38,0,38,91
08/14/2016,DET,MI,AGL,CE,Federal Contract Tower,0,2,24,0,26,0,0,138,0,138,0,2,162,0,164,140,0,140,304
08/15/2016,DET,MI,AGL,CE,Federal Contract Tower,0,8,18,0,26,0,0,29,0,29,0,8,47,0,55,42,0,42,97
08/16/2016,DET,MI,AGL,CE,Federal Contract Tower,0,7,16,0,23,0,0,12,2,14,0,7,28,2,37,0,0,0,37
08/17/2016,DET,MI,AGL,CE,Federal Contract Tower,0,19,15,0,34,0,0,18,0,18,0,19,33,0,52,0,0,0,52
08/18/2016,DET,MI,AGL,CE,Federal Contract Tower,0,4,27,0,31,0,0,41,0,41,0,4,68,0,72,122,4,126,198
08/19/2016,DET,MI,AGL,CE,Federal Contract Tower,0,9,18,0,27,0,0,42,0,42,0,9,60,0,69,146,0,146,215
08/20/2016,DET,MI,AGL,CE,Federal Contract Tower,0,7,11,0,18,0,0,56,6,62,0,7,67,6,80,114,0,114,194
08/21/2016,DET,MI,AGL,CE,Federal Contract Tower,0,8,14,0,22,0,0,80,0,80,0,8,94,0,102,124,0,124,226
08/22/2016,DET,MI,AGL,CE,Federal Contract Tower,0,10,20,2,32,0,0,53,0,53,0,10,73,2,85,54,0,54,139
08/23/2016,DET,MI,AGL,CE,Federal Contract Tower,0,6,30,0,36,0,0,42,12,54,0,6,72,12,90,62,16,78,168
08/24/2016,DET,MI,AGL,CE,Federal Contract Tower,0,4,21,0,25,0,0,24,0,24,0,4,45,0,49,48,0,48,97
08/25/2016,DET,MI,AGL,CE,Federal Contract Tower,0,3,21,0,24,0,0,25,0,25,0,3,46,0,49,88,0,88,137
08/26/2016,DET,MI,AGL,CE,Federal Contract Tower,0,5,18,0,23,0,0,38,2,40,0,5,56,2,63,140,0,140,203
08/27/2016,DET,MI,AGL,CE,Federal Contract Tower,0,4,21,0,25,0,0,68,0,68,0,4,89,0,93,120,0,120,213
08/28/2016,DET,MI,AGL,CE,Federal Contract Tower,0,7,21,0,28,0,0,81,0,81,0,7,102,0,109,88,0,88,197
08/29/2016,DET,MI,AGL,CE,Federal Contract Tower,0,4,23,0,27,0,0,50,0,50,0,4,73,0,77,52,0,52,129
08/30/2016,DET,MI,AGL,CE,Federal Contract Tower,0,5,18,0,23,0,0,40,0,40,0,5,58,0,63,74,0,74,137
08/31/2016,DET,MI,AGL,CE,Federal Contract Tower,0,6,18,0,24,0,0,18,2,20,0,6,36,2,44,36,0,36,80
09/01/2016,DET,MI,AGL,CE,Federal Contract Tower,0,4,29,0,33,0,0,15,0,15,0,4,44,0,48,78,0,78,126
09/02/2016,DET,MI,AGL,CE,Federal Contract Tower,0,4,19,0,23,0,0,32,0,32,0,4,51,0,55,112,0,112,167
09/03/2016,DET,MI,AGL,CE,Federal Contract Tower,0,3,1,0,4,0,0,66,0,66,0,3,67,0,70,58,0,58,128
09/04/2016,DET,MI,AGL,CE,Federal Contract Tower,0,5,15,0,20,0,0,69,0,69,0,5,84,0,89,48,0,48,137
09/05/2016,DET,MI,AGL,CE,Federal Contract Tower,0,8,13,0,21,0,0,55,0,55,0,8,68,0,76,72,0,72,148
09/06/2016,DET,MI,AGL,CE,Federal Contract Tower,0,2,23,0,25,0,0,33,0,33,0,2,56,0,58,14,0,14,72
09/07/2016,DET,MI,AGL,CE,Federal Contract Tower,0,3,19,0,22,0,0,11,0,11,0,3,30,0,33,10,0,10,43
09/08/2016,DET,MI,AGL,CE,Federal Contract Tower,0,2,23,0,25,0,0,29,0,29,0,2,52,0,54,96,0,96,150
09/09/2016,DET,MI,AGL,CE,Federal Contract Tower,0,3,22,0,25,0,0,27,0,27,0,3,49,0,52,108,0,108,160
09/10/2016,DET,MI,AGL,CE,Federal Contract Tower,0,3,9,1,13,0,0,50,0,50,0,3,59,1,63,48,0,48,111
09/11/2016,DET,MI,AGL,CE,Federal Contract Tower,0,5,23,0,28,0,0,118,0,118,0,5,141,0,146,166,0,166,312
09/12/2016,DET,MI,AGL,CE,Federal Contract Tower,0,8,16,0,24,0,0,25,0,25,0,8,41,0,49,12,0,12,61
09/13/2016,DET,MI,AGL,CE,Federal Contract Tower,0,6,11,0,17,0,0,40,0,40,0,6,51,0,57,52,0,52,109
09/14/2016,DET,MI,AGL,CE,Federal Contract Tower,0,2,25,0,27,0,0,21,0,21,0,2,46,0,48,44,0,44,92
09/15/2016,DET,MI,AGL,CE,Federal Contract Tower,0,13,28,0,41,0,0,43,0,43,0,13,71,0,84,110,0,110,194
09/16/2016,DET,MI,AGL,CE,Federal Contract Tower,0,7,27,0,34,0,0,74,1,75,0,7,101,1,109,66,6,72,181
09/17/2016,DET,MI,AGL,CE,Federal Contract Tower,0,5,22,0,27,0,0,44,0,44,0,5,66,0,71,0,0,0,71
09/18/2016,DET,MI,AGL,CE,Federal Contract Tower,0,6,25,0,31,0,0,38,0,38,0,6,63,0,69,106,0,106,175
09/19/2016,DET,MI,AGL,CE,Federal Contract Tower,0,5,15,0,20,0,0,33,2,35,0,5,48,2,55,20,0,20,75
09/20/2016,DET,MI,AGL,CE,Federal Contract Tower,0,14,19,0,33,0,0,40,0,40,0,14,59,0,73,64,0,64,137
09/21/2016,DET,MI,AGL,CE,Federal Contract Tower,0,11,19,0,30,0,0,24,0,24,0,11,43,0,54,62,0,62,116
09/22/2016,DET,MI,AGL,CE,Federal Contract Tower,0,8,17,0,25,0,0,44,0,44,0,8,61,0,69,168,0,168,237
09/23/2016,DET,MI,AGL,CE,Federal Contract Tower,0,5,33,0,38,0,0,60,0,60,0,5,93,0,98,104,0,104,202
09/24/2016,DET,MI,AGL,CE,Federal Contract Tower,0,5,11,0,16,0,0,71,0,71,0,5,82,0,87,24,0,24,111
09/25/2016,DET,MI,AGL,CE,Federal Contract Tower,0,8,25,0,33,0,0,61,0,61,0,8,86,0,94,72,0,72,166
09/26/2016,DET,MI,AGL,CE,Federal Contract Tower,0,5,17,0,22,0,0,24,0,24,0,5,41,0,46,0,0,0,46
09/27/2016,DET,MI,AGL,CE,Federal Contract Tower,0,6,19,0,25,0,0,15,0,15,0,6,34,0,40,20,0,20,60
09/28/2016,DET,MI,AGL,CE,Federal Contract Tower,0,3,15,0,18,0,0,7,0,7,0,3,22,0,25,0,0,0,25
09/29/2016,DET,MI,AGL,CE,Federal Contract Tower,0,4,13,0,17,0,0,20,0,20,0,4,33,0,37,0,0,0,37
09/30/2016,DET,MI,AGL,CE,Federal Contract Tower,0,1,21,0,22,0,0,2,0,2,0,1,23,0,24,0,0,0,24
10/01/2016,DET,MI,AGL,CE,Federal Contract Tower,0,1,13,0,14,0,0,38,0,38,0,1,51,0,52,42,0,42,94
10/02/2016,DET,MI,AGL,CE,Federal Contract Tower,0,7,27,0,34,0,0,45,0,45,0,7,72,0,79,96,0,96,175
10/03/2016,DET,MI,AGL,CE,Federal Contract Tower,0,4,20,0,24,0,0,31,0,31,0,4,51,0,55,46,6,52,107
10/04/2016,DET,MI,AGL,CE,Federal Contract Tower,0,4,29,0,33,0,0,18,0,18,0,4,47,0,51,62,0,62,113
10/05/2016,DET,MI,AGL,CE,Federal Contract Tower,0,13,11,0,24,0,0,23,0,23,0,13,34,0,47,16,0,16,63
10/06/2016,DET,MI,AGL,CE,Federal Contract Tower,0,5,13,0,18,0,0,26,0,26,0,5,39,0,44,108,0,108,152
10/07/2016,DET,MI,AGL,CE,Federal Contract Tower,0,7,19,0,26,0,0,47,0,47,0,7,66,0,73,22,0,22,95
10/08/2016,DET,MI,AGL,CE,Federal Contract Tower,0,3,15,0,18,0,0,49,0,49,0,3,64,0,67,60,0,60,127
10/09/2016,DET,MI,AGL,CE,Federal Contract Tower,0,7,30,0,37,0,0,34,0,34,0,7,64,0,71,96,0,96,167
10/10/2016,DET,MI,AGL,CE,Federal Contract Tower,0,5,20,0,25,0,0,45,0,45,0,5,65,0,70,56,0,56,126
10/11/2016,DET,MI,AGL,CE,Federal Contract Tower,0,3,30,0,33,0,0,16,0,16,0,3,46,0,49,24,0,24,73
10/12/2016,DET,MI,AGL,CE,Federal Contract Tower,0,9,22,2,33,0,0,29,0,29,0,9,51,2,62,12,0,12,74
10/13/2016,DET,MI,AGL,CE,Federal Contract Tower,0,10,20,0,30,0,0,37,0,37,0,10,57,0,67,150,0,150,217
10/14/2016,DET,MI,AGL,CE,Federal Contract Tower,0,6,18,0,24,0,0,58,0,58,0,6,76,0,82,104,0,104,186
10/15/2016,DET,MI,AGL,CE,Federal Contract Tower,0,4,16,0,20,0,0,59,0,59,0,4,75,0,79,74,0,74,153
10/16/2016,DET,MI,AGL,CE,Federal Contract Tower,0,8,19,0,27,0,0,38,0,38,0,8,57,0,65,38,0,38,103
10/17/2016,DET,MI,AGL,CE,Federal Contract Tower,0,7,17,0,24,0,0,31,0,31,0,7,48,0,55,14,0,14,69
10/18/2016,DET,MI,AGL,CE,Federal Contract Tower,0,7,13,0,20,0,0,13,0,13,0,7,26,0,33,0,0,0,33
10/19/2016,DET,MI,AGL,CE,Federal Contract Tower,0,12,25,0,37,0,0,23,0,23,0,12,48,0,60,46,0,46,106
10/20/2016,DET,MI,AGL,CE,Federal Contract Tower,0,11,21,0,32,0,0,15,0,15,0,11,36,0,47,72,0,72,119
10/21/2016,DET,MI,AGL,CE,Federal Contract Tower,0,4,16,2,22,0,0,36,0,36,0,4,52,2,58,40,0,40,98
10/23/2016,DET,MI,AGL,CE,Federal Contract Tower,0,3,30,0,33,0,0,61,0,61,0,3,91,0,94,102,0,102,196
10/24/2016,DET,MI,AGL,CE,Federal Contract Tower,0,1,13,0,14,0,0,36,0,36,0,1,49,0,50,0,0,0,50
10/25/2016,DET,MI,AGL,CE,Federal Contract Tower,0,5,17,0,22,0,0,25,0,25,0,5,42,0,47,106,0,106,153
10/26/2016,DET,MI,AGL,CE,Federal Contract Tower,0,6,16,0,22,0,0,14,0,14,0,6,30,0,36,0,0,0,36
10/27/2016,DET,MI,AGL,CE,Federal Contract Tower,0,7,18,0,25,0,0,21,0,21,0,7,39,0,46,116,0,116,162
10/28/2016,DET,MI,AGL,CE,Federal Contract Tower,0,10,19,0,29,0,0,59,0,59,0,10,78,0,88,36,0,36,124
10/29/2016,DET,MI,AGL,CE,Federal Contract Tower,0,2,15,0,17,0,0,38,0,38,0,2,53,0,55,14,0,14,69
10/30/2016,DET,MI,AGL,CE,Federal Contract Tower,0,11,23,0,34,0,0,47,2,49,0,11,70,2,83,0,0,0,83
10/31/2016,DET,MI,AGL,CE,Federal Contract Tower,0,2,16,0,18,0,0,37,0,37,0,2,53,0,55,10,0,10,65
11/01/2016,DET,MI,AGL,CE,Federal Contract Tower,0,8,24,0,32,0,0,18,0,18,0,8,42,0,50,80,0,80,130
11/02/2016,DET,MI,AGL,CE,Federal Contract Tower,0,4,32,0,36,0,0,13,0,13,0,4,45,0,49,0,0,0,49
11/03/2016,DET,MI,AGL,CE,Federal Contract Tower,0,2,15,0,17,0,0,37,0,37,0,2,52,0,54,124,0,124,178
11/04/2016,DET,MI,AGL,CE,Federal Contract Tower,0,11,12,0,23,0,0,40,0,40,0,11,52,0,63,98,28,126,189
11/05/2016,DET,MI,AGL,CE,Federal Contract Tower,0,1,11,0,12,0,0,78,0,78,0,1,89,0,90,78,0,78,168
11/06/2016,DET,MI,AGL,CE,Federal Contract Tower,0,3,22,0,25,0,0,56,0,56,0,3,78,0,81,16,0,16,97
11/07/2016,DET,MI,AGL,CE,Federal Contract Tower,0,1,26,0,27,0,0,11,2,13,0,1,37,2,40,0,0,0,40
11/08/2016,DET,MI,AGL,CE,Federal Contract Tower,0,1,3,0,4,0,0,7,0,7,0,1,10,0,11,0,0,0,11
11/09/2016,DET,MI,AGL,CE,Federal Contract Tower,0,7,20,0,27,0,0,34,0,34,0,7,54,0,61,122,0,122,183
11/10/2016,DET,MI,AGL,CE,Federal Contract Tower,0,7,11,1,19,0,0,40,0,40,0,7,51,1,59,84,0,84,143
11/11/2016,DET,MI,AGL,CE,Federal Contract Tower,0,2,23,0,25,0,0,63,0,63,0,2,86,0,88,110,0,110,198
11/12/2016,DET,MI,AGL,CE,Federal Contract Tower,0,1,12,0,13,0,0,37,0,37,0,1,49,0,50,110,0,110,160
11/13/2016,DET,MI,AGL,CE,Federal Contract Tower,0,3,22,0,25,0,0,32,0,32,0,3,54,0,57,0,0,0,57
11/14/2016,DET,MI,AGL,CE,Federal Contract Tower,0,6,10,0,16,0,0,27,0,27,0,6,37,0,43,10,0,10,53
11/15/2016,DET,MI,AGL,CE,Federal Contract Tower,0,9,20,0,29,0,0,24,0,24,0,9,44,0,53,38,0,38,91
11/16/2016,DET,MI,AGL,CE,Federal Contract Tower,0,4,24,0,28,0,0,29,0,29,0,4,53,0,57,168,0,168,225
11/17/2016,DET,MI,AGL,CE,Federal Contract Tower,0,5,12,0,17,0,0,37,0,37,0,5,49,0,54,50,0,50,104
11/18/2016,DET,MI,AGL,CE,Federal Contract Tower,0,5,23,0,28,0,0,74,0,74,0,5,97,0,102,118,0,118,220
11/19/2016,DET,MI,AGL,CE,Federal Contract Tower,0,4,12,0,16,0,0,31,0,31,0,4,43,0,47,46,0,46,93
11/20/2016,DET,MI,AGL,CE,Federal Contract Tower,0,3,16,0,19,0,0,6,0,6,0,3,22,0,25,0,0,0,25
11/21/2016,DET,MI,AGL,CE,Federal Contract Tower,0,6,18,0,24,0,0,21,0,21,0,6,39,0,45,26,0,26,71
11/22/2016,DET,MI,AGL,CE,Federal Contract Tower,0,11,26,0,37,0,0,31,0,31,0,11,57,0,68,36,0,36,104
11/23/2016,DET,MI,AGL,CE,Federal Contract Tower,0,1,11,0,12,0,0,17,0,17,0,1,28,0,29,36,0,36,65
11/24/2016,DET,MI,AGL,CE,Federal Contract Tower,0,3,6,0,9,0,0,1,0,1,0,3,7,0,10,0,0,0,10
11/25/2016,DET,MI,AGL,CE,Federal Contract Tower,0,3,5,0,8,0,0,16,0,16,0,3,21,0,24,0,0,0,24
11/26/2016,DET,MI,AGL,CE,Federal Contract Tower,0,2,22,0,24,0,0,27,0,27,0,2,49,0,51,70,0,70,121
11/27/2016,DET,MI,AGL,CE,Federal Contract Tower,0,0,32,0,32,0,0,30,0,30,0,0,62,0,62,68,0,68,130
11/28/2016,DET,MI,AGL,CE,Federal Contract Tower,0,3,23,0,26,0,0,8,0,8,0,3,31,0,34,10,8,18,52
11/29/2016,DET,MI,AGL,CE,Federal Contract Tower,0,1,16,0,17,0,0,22,0,22,0,1,38,0,39,0,0,0,39
11/30/2016,DET,MI,AGL,CE,Federal Contract Tower,0,6,11,0,17,0,0,33,0,33,0,6,44,0,50,112,0,112,162
12/01/2016,DET,MI,AGL,CE,Federal Contract Tower,0,7,21,0,28,0,0,25,0,25,0,7,46,0,53,72,0,72,125
12/02/2016,DET,MI,AGL,CE,Federal Contract Tower,0,5,10,0,15,0,0,19,2,21,0,5,29,2,36,4,0,4,40
12/03/2016,DET,MI,AGL,CE,Federal Contract Tower,0,3,16,0,19,0,0,13,0,13,0,3,29,0,32,8,0,8,40
12/04/2016,DET,MI,AGL,CE,Federal Contract Tower,0,4,11,0,15,0,0,10,0,10,0,4,21,0,25,8,0,8,33
12/05/2016,DET,MI,AGL,CE,Federal Contract Tower,0,9,13,0,22,0,0,6,0,6,0,9,19,0,28,8,0,8,36
12/06/2016,DET,MI,AGL,CE,Federal Contract Tower,0,4,22,0,26,0,0,8,0,8,0,4,30,0,34,0,0,0,34
12/07/2016,DET,MI,AGL,CE,Federal Contract Tower,0,8,25,0,33,0,0,22,0,22,0,8,47,0,55,148,0,148,203
12/08/2016,DET,MI,AGL,CE,Federal Contract Tower,0,8,24,0,32,0,0,23,0,23,0,8,47,0,55,0,0,0,55
12/09/2016,DET,MI,AGL,CE,Federal Contract Tower,0,4,20,0,24,0,0,30,0,30,0,4,50,0,54,0,0,0,54
12/10/2016,DET,MI,AGL,CE,Federal Contract Tower,0,3,23,0,26,0,0,19,0,19,0,3,42,0,45,66,0,66,111
12/11/2016,DET,MI,AGL,CE,Federal Contract Tower,0,0,6,2,8,0,0,0,0,0,0,0,6,2,8,0,0,0,8
12/12/2016,DET,MI,AGL,CE,Federal Contract Tower,0,2,12,0,14,0,0,0,0,0,0,2,12,0,14,0,0,0,14
12/13/2016,DET,MI,AGL,CE,Federal Contract Tower,0,6,21,0,27,0,0,2,0,2,0,6,23,0,29,0,0,0,29
12/14/2016,DET,MI,AGL,CE,Federal Contract Tower,0,5,21,0,26,0,0,1,0,1,0,5,22,0,27,0,0,0,27
12/15/2016,DET,MI,AGL,CE,Federal Contract Tower,0,10,13,4,27,0,0,1,3,4,0,10,14,7,31,0,14,14,45
12/16/2016,DET,MI,AGL,CE,Federal Contract Tower,0,2,11,0,13,0,3,12,2,17,0,5,23,2,30,0,0,0,30
12/17/2016,DET,MI,AGL,CE,Federal Contract Tower,0,2,6,0,8,0,7,2,0,9,0,9,8,0,17,0,0,0,17
12/18/2016,DET,MI,AGL,CE,Federal Contract Tower,0,2,5,0,7,0,0,11,0,11,0,2,16,0,18,16,0,16,34
12/19/2016,DET,MI,AGL,CE,Federal Contract Tower,0,13,15,0,28,0,0,13,0,13,0,13,28,0,41,4,0,4,45
12/20/2016,DET,MI,AGL,CE,Federal Contract Tower,0,1,19,0,20,0,0,10,0,10,0,1,29,0,30,0,0,0,30
12/21/2016,DET,MI,AGL,CE,Federal Contract Tower,0,1,18,0,19,0,0,18,0,18,0,1,36,0,37,58,0,58,95
12/22/2016,DET,MI,AGL,CE,Federal Contract Tower,0,2,18,0,20,0,0,31,0,31,0,2,49,0,51,8,0,8,59
12/23/2016,DET,MI,AGL,CE,Federal Contract Tower,0,1,11,0,12,0,0,22,0,22,0,1,33,0,34,0,0,0,34
12/24/2016,DET,MI,AGL,CE,Federal Contract Tower,0,1,4,0,5,0,0,9,0,9,0,1,13,0,14,0,0,0,14
12/25/2016,DET,MI,AGL,CE,Federal Contract Tower,0,2,8,0,10,0,0,6,0,6,0,2,14,0,16,0,0,0,16
12/26/2016,DET,MI,AGL,CE,Federal Contract Tower,0,5,20,0,25,0,0,0,0,0,0,5,20,0,25,0,0,0,25
12/27/2016,DET,MI,AGL,CE,Federal Contract Tower,0,4,15,0,19,0,0,13,0,13,0,4,28,0,32,0,0,0,32
12/28/2016,DET,MI,AGL,CE,Federal Contract Tower,0,5,11,0,16,0,0,39,0,39,0,5,50,0,55,152,0,152,207
12/29/2016,DET,MI,AGL,CE,Federal Contract Tower,0,2,6,0,8,0,0,21,0,21,0,2,27,0,29,48,46,94,123
12/30/2016,DET,MI,AGL,CE,Federal Contract Tower,0,4,5,0,9,0,0,36,0,36,0,4,41,0,45,0,0,0,45
12/31/2016,DET,MI,AGL,CE,Federal Contract Tower,0,3,8,0,11,0,0,13,0,13,0,3,21,0,24,12,0,12,36
01/01/2017,DET,MI,AGL,CE,Federal Contract Tower,0,6,19,0,25,0,0,27,0,27,0,6,46,0,52,36,0,36,88
01/02/2017,DET,MI,AGL,CE,Federal Contract Tower,0,6,30,0,36,0,0,22,0,22,0,6,52,0,58,10,0,10,68
01/03/2017,DET,MI,AGL,CE,Federal Contract Tower,0,1,5,0,6,0,0,0,0,0,0,1,5,0,6,0,0,0,6
01/04/2017,DET,MI,AGL,CE,Federal Contract Tower,0,0,12,0,12,0,0,23,0,23,0,0,35,0,35,12,0,12,47
01/05/2017,DET,MI,AGL,CE,Federal Contract Tower,0,2,17,0,19,0,0,18,2,20,0,2,35,2,39,0,0,0,39
01/06/2017,DET,MI,AGL,CE,Federal Contract Tower,0,4,12,0,16,0,0,46,1,47,0,4,58,1,63,72,0,72,135
01/07/2017,DET,MI,AGL,CE,Federal Contract Tower,0,0,16,0,16,0,0,6,0,6,0,0,22,0,22,0,0,0,22
01/08/2017,DET,MI,AGL,CE,Federal Contract Tower,0,2,16,0,18,0,0,15,0,15,0,2,31,0,33,0,0,0,33
01/09/2017,DET,MI,AGL,CE,Federal Contract Tower,0,17,18,0,35,0,0,14,0,14,0,17,32,0,49,0,0,0,49
01/10/2017,DET,MI,AGL,CE,Federal Contract Tower,0,11,13,0,24,0,0,0,0,0,0,11,13,0,24,0,0,0,24
01/11/2017,DET,MI,AGL,CE,Federal Contract Tower,0,5,12,0,17,0,0,14,0,14,0,5,26,0,31,30,0,30,61
01/12/2017,DET,MI,AGL,CE,Federal Contract Tower,0,4,21,0,25,0,0,3,0,3,0,4,24,0,28,0,0,0,28
01/13/2017,DET,MI,AGL,CE,Federal Contract Tower,0,4,13,3,20,0,0,38,0,38,0,4,51,3,58,50,0,50,108
01/14/2017,DET,MI,AGL,CE,Federal Contract Tower,0,2,19,0,21,0,0,25,0,25,0,2,44,0,46,58,0,58,104
01/15/2017,DET,MI,AGL,CE,Federal Contract Tower,0,5,15,0,20,0,0,31,0,31,0,5,46,0,51,54,0,54,105
01/16/2017,DET,MI,AGL,CE,Federal Contract Tower,0,1,6,0,7,0,0,0,0,0,0,1,6,0,7,0,0,0,7
01/17/2017,DET,MI,AGL,CE,Federal Contract Tower,0,5,7,0,12,0,0,0,0,0,0,5,7,0,12,0,0,0,12
01/18/2017,DET,MI,AGL,CE,Federal Contract Tower,0,1,12,0,13,0,0,14,0,14,0,1,26,0,27,0,0,0,27
01/19/2017,DET,MI,AGL,CE,Federal Contract Tower,0,6,29,0,35,0,0,38,0,38,0,6,67,0,73,18,0,18,91
01/20/2017,DET,MI,AGL,CE,Federal Contract Tower,0,1,7,0,8,0,0,0,0,0,0,1,7,0,8,0,0,0,8
01/21/2017,DET,MI,AGL,CE,Federal Contract Tower,0,0,10,0,10,0,0,31,0,31,0,0,41,0,41,146,0,146,187
01/22/2017,DET,MI,AGL,CE,Federal Contract Tower,0,0,5,0,5,0,0,0,0,0,0,0,5,0,5,0,0,0,5
01/23/2017,DET,MI,AGL,CE,Federal Contract Tower,0,5,10,0,15,0,0,2,0,2,0,5,12,0,17,0,0,0,17
01/24/2017,DET,MI,AGL,CE,Federal Contract Tower,0,5,5,0,10,0,0,0,0,0,0,5,5,0,10,72,0,72,82
01/25/2017,DET,MI,AGL,CE,Federal Contract Tower,0,8,22,0,30,0,0,22,0,22,0,8,44,0,52,32,0,32,84
01/26/2017,DET,MI,AGL,CE,Federal Contract Tower,0,6,15,0,21,0,0,38,0,38,0,6,53,0,59,0,0,0,59
01/27/2017,DET,MI,AGL,CE,Federal Contract Tower,0,6,9,0,15,0,0,20,0,20,0,6,29,0,35,0,0,0,35
01/28/2017,DET,MI,AGL,CE,Federal Contract Tower,0,3,5,0,8,0,0,10,0,10,0,3,15,0,18,0,0,0,18
01/29/2017,DET,MI,AGL,CE,Federal Contract Tower,0,0,5,0,5,0,0,23,0,23,0,0,28,0,28,22,0,22,50
01/30/2017,DET,MI,AGL,CE,Federal Contract Tower,0,1,7,0,8,0,0,34,6,40,0,1,41,6,48,76,0,76,124
01/31/2017,DET,MI,AGL,CE,Federal Contract Tower,0,0,7,0,7,0,0,4,0,4,0,0,11,0,11,0,0,0,11
02/01/2017,DET,MI,AGL,CE,Federal Contract Tower,0,2,6,0,8,0,0,10,4,14,0,2,16,4,22,0,0,0,22
02/02/2017,DET,MI,AGL,CE,Federal Contract Tower,0,3,17,1,21,0,0,11,0,11,0,3,28,1,32,18,0,18,50
02/03/2017,DET,MI,AGL,CE,Federal Contract Tower,0,3,7,3,13,0,0,18,2,20,0,3,25,5,33,26,8,34,67
02/04/2017,DET,MI,AGL,CE,Federal Contract Tower,0,4,11,0,15,0,0,53,0,53,0,4,64,0,68,50,0,50,118
02/05/2017,DET,MI,AGL,CE,Federal Contract Tower,0,2,3,0,5,0,0,11,0,11,0,2,14,0,16,0,0,0,16
02/06/2017,DET,MI,AGL,CE,Federal Contract Tower,0,0,13,0,13,0,0,18,4,22,0,0,31,4,35,8,0,8,43
02/07/2017,DET,MI,AGL,CE,Federal Contract Tower,0,1,4,0,5,0,0,0,0,0,0,1,4,0,5,0,0,0,5
02/08/2017,DET,MI,AGL,CE,Federal Contract Tower,0,3,6,0,9,0,0,13,0,13,0,3,19,0,22,14,0,14,36
02/09/2017,DET,MI,AGL,CE,Federal Contract Tower,0,6,6,0,12,0,0,28,0,28,0,6,34,0,40,0,0,0,40
02/10/2017,DET,MI,AGL,CE,Federal Contract Tower,0,13,8,0,21,0,0,26,0,26,0,13,34,0,47,0,0,0,47
02/11/2017,DET,MI,AGL,CE,Federal Contract Tower,0,3,10,0,13,0,0,18,0,18,0,3,28,0,31,8,0,8,39
02/12/2017,DET,MI,AGL,CE,Federal Contract Tower,0,0,7,0,7,0,0,0,0,0,0,0,7,0,7,0,0,0,7
02/13/2017,DET,MI,AGL,CE,Federal Contract Tower,0,0,12,0,12,0,0,11,2,13,0,0,23,2,25,10,0,10,35
02/15/2017,DET,MI,AGL,CE,Federal Contract Tower,0,8,27,0,35,0,0,25,0,25,0,8,52,0,60,38,0,38,98
02/16/2017,DET,MI,AGL,CE,Federal Contract Tower,0,15,17,0,32,0,0,39,0,39,0,15,56,0,71,58,0,58,129
02/17/2017,DET,MI,AGL,CE,Federal Contract Tower,0,6,19,0,25,0,2,30,0,32,0,8,49,0,57,82,0,82,139
02/18/2017,DET,MI,AGL,CE,Federal Contract Tower,0,1,12,1,14,0,0,26,1,27,0,1,38,2,41,42,0,42,83
02/19/2017,DET,MI,AGL,CE,Federal Contract Tower,0,4,11,0,15,0,0,44,0,44,0,4,55,0,59,66,0,66,125
02/20/2017,DET,MI,AGL,CE,Federal Contract Tower,0,5,14,0,19,0,0,25,0,25,0,5,39,0,44,34,0,34,78
02/21/2017,DET,MI,AGL,CE,Federal Contract Tower,0,2,10,0,12,0,0,16,0,16,0,2,26,0,28,10,0,10,38
02/22/2017,DET,MI,AGL,CE,Federal Contract Tower,0,10,25,0,35,0,0,26,0,26,0,10,51,0,61,0,0,0,61
02/23/2017,DET,MI,AGL,CE,Federal Contract Tower,0,1,20,0,21,0,0,32,2,34,0,1,52,2,55,72,0,72,127
02/24/2017,DET,MI,AGL,CE,Federal Contract Tower,0,3,9,0,12,0,0,5,0,5,0,3,14,0,17,0,0,0,17
02/25/2017,DET,MI,AGL,CE,Federal Contract Tower,0,3,7,0,10,0,0,11,0,11,0,3,18,0,21,16,0,16,37
02/26/2017,DET,MI,AGL,CE,Federal Contract Tower,0,0,9,0,9,0,0,46,0,46,0,0,55,0,55,10,0,10,65
02/27/2017,DET,MI,AGL,CE,Federal Contract Tower,0,4,16,0,20,0,0,34,0,34,0,4,50,0,54,122,0,122,176
02/28/2017,DET,MI,AGL,CE,Federal Contract Tower,0,8,9,0,17,0,0,24,2,26,0,8,33,2,43,58,0,58,101
03/01/2017,DET,MI,AGL,CE,Federal Contract Tower,0,4,12,0,16,0,0,0,0,0,0,4,12,0,16,0,0,0,16
03/02/2017,DET,MI,AGL,CE,Federal Contract Tower,0,10,16,0,26,0,0,23,2,25,0,10,39,2,51,46,0,46,97
03/03/2017,DET,MI,AGL,CE,Federal Contract Tower,0,10,18,0,28,0,0,25,2,27,0,10,43,2,55,0,6,6,61
03/04/2017,DET,MI,AGL,CE,Federal Contract Tower,0,1,2,0,3,0,0,5,6,11,0,1,7,6,14,0,0,0,14
03/05/2017,DET,MI,AGL,CE,Federal Contract Tower,0,0,11,0,11,0,0,24,0,24,0,0,35,0,35,10,0,10,45
03/07/2017,DET,MI,AGL,CE,Federal Contract Tower,0,6,11,0,17,0,0,30,2,32,0,6,41,2,49,62,28,90,139
03/08/2017,DET,MI,AGL,CE,Federal Contract Tower,0,2,8,0,10,0,0,3,0,3,0,2,11,0,13,0,0,0,13
03/09/2017,DET,MI,AGL,CE,Federal Contract Tower,0,14,9,0,23,0,0,20,2,22,0,14,29,2,45,0,0,0,45
03/10/2017,DET,MI,AGL,CE,Federal Contract Tower,0,10,11,0,21,0,0,14,0,14,0,10,25,0,35,0,0,0,35
03/11/2017,DET,MI,AGL,CE,Federal Contract Tower,0,5,12,0,17,0,0,15,0,15,0,5,27,0,32,0,0,0,32
03/12/2017,DET,MI,AGL,CE,Federal Contract Tower,0,0,14,0,14,0,0,31,0,31,0,0,45,0,45,56,0,56,101
03/13/2017,DET,MI,AGL,CE,Federal Contract Tower,0,0,8,0,8,0,0,0,0,0,0,0,8,0,8,0,0,0,8
03/14/2017,DET,MI,AGL,CE,Federal Contract Tower,0,3,5,0,8,0,0,9,0,9,0,3,14,0,17,0,0,0,17
03/15/2017,DET,MI,AGL,CE,Federal Contract Tower,0,10,15,0,25,0,0,3,0,3,0,10,18,0,28,0,0,0,28
03/16/2017,DET,MI,AGL,CE,Federal Contract Tower,0,2,13,0,15,0,0,39,0,39,0,2,52,0,54,16,0,16,70
03/17/2017,DET,MI,AGL,CE,Federal Contract Tower,0,0,3,0,3,0,0,6,0,6,0,0,9,0,9,0,0,0,9
03/18/2017,DET,MI,AGL,CE,Federal Contract Tower,0,4,9,0,13,0,0,12,0,12,0,4,21,0,25,32,0,32,57
03/19/2017,DET,MI,AGL,CE,Federal Contract Tower,0,4,10,0,14,0,0,21,0,21,0,4,31,0,35,36,0,36,71
03/20/2017,DET,MI,AGL,CE,Federal Contract Tower,0,2,12,0,14,0,0,29,0,29,0,2,41,0,43,86,4,90,133
03/21/2017,DET,MI,AGL,CE,Federal Contract Tower,0,8,11,0,19,0,0,23,0,23,0,8,34,0,42,34,0,34,76
03/22/2017,DET,MI,AGL,CE,Federal Contract Tower,0,0,30,0,30,0,0,65,0,65,0,0,95,0,95,84,0,84,179
03/23/2017,DET,MI,AGL,CE,Federal Contract Tower,0,4,16,0,20,0,0,22,2,24,0,4,38,2,44,6,8,14,58
03/24/2017,DET,MI,AGL,CE,Federal Contract Tower,0,3,12,0,15,0,0,15,0,15,0,3,27,0,30,6,0,6,36
03/25/2017,DET,MI,AGL,CE,Federal Contract Tower,0,3,3,0,6,0,0,10,0,10,0,3,13,0,16,0,0,0,16
03/26/2017,DET,MI,AGL,CE,Federal Contract Tower,0,1,15,0,16,0,0,6,0,6,0,1,21,0,22,0,0,0,22
03/27/2017,DET,MI,AGL,CE,Federal Contract Tower,0,2,10,0,12,0,0,5,0,5,0,2,15,0,17,0,0,0,17
03/28/2017,DET,MI,AGL,CE,Federal Contract Tower,0,1,18,0,19,0,0,10,2,12,0,1,28,2,31,0,10,10,41
03/29/2017,DET,MI,AGL,CE,Federal Contract Tower,0,2,29,0,31,0,0,63,0,63,0,2,92,0,94,52,0,52,146
03/30/2017,DET,MI,AGL,CE,Federal Contract Tower,0,7,7,0,14,0,0,3,0,3,0,7,10,0,17,0,0,0,17
03/31/2017,DET,MI,AGL,CE,Federal Contract Tower,0,1,7,0,8,0,0,6,0,6,0,1,13,0,14,0,0,0,14
04/01/2017,DET,MI,AGL,CE,Federal Contract Tower,0,1,10,0,11,0,0,30,0,30,0,1,40,0,41,38,0,38,79
04/02/2017,DET,MI,AGL,CE,Federal Contract Tower,0,2,9,0,11,0,0,43,0,43,0,2,52,0,54,174,0,174,228
04/03/2017,DET,MI,AGL,CE,Federal Contract Tower,0,2,13,0,15,0,0,24,4,28,0,2,37,4,43,106,0,106,149
04/04/2017,DET,MI,AGL,CE,Federal Contract Tower,0,3,14,0,17,0,0,38,2,40,0,3,52,2,57,64,22,86,143
04/05/2017,DET,MI,AGL,CE,Federal Contract Tower,0,5,15,0,20,0,0,43,0,43,0,5,58,0,63,0,0,0,63
04/06/2017,DET,MI,AGL,CE,Federal Contract Tower,0,2,11,0,13,0,0,1,0,1,0,2,12,0,14,0,0,0,14
04/07/2017,DET,MI,AGL,CE,Federal Contract Tower,0,5,19,0,24,0,0,28,0,28,0,5,47,0,52,40,0,40,92
04/08/2017,DET,MI,AGL,CE,Federal Contract Tower,0,0,14,2,16,0,0,20,0,20,0,0,34,2,36,82,0,82,118
04/09/2017,DET,MI,AGL,CE,Federal Contract Tower,0,3,14,2,19,0,0,47,0,47,0,3,61,2,66,56,0,56,122
04/10/2017,DET,MI,AGL,CE,Federal Contract Tower,0,0,6,0,6,0,0,21,0,21,0,0,27,0,27,74,0,74,101
04/11/2017,DET,MI,AGL,CE,Federal Contract Tower,0,4,9,0,13,0,0,32,0,32,0,4,41,0,45,66,0,66,111
04/14/2017,DET,MI,AGL,CE,Federal Contract Tower,0,3,7,0,10,0,0,28,0,28,0,3,35,0,38,24,0,24,62
04/15/2017,DET,MI,AGL,CE,Federal Contract Tower,0,2,1,4,7,0,0,8,0,8,0,2,9,4,15,0,0,0,15
04/16/2017,DET,MI,AGL,CE,Federal Contract Tower,0,2,5,0,7,0,0,17,0,17,0,2,22,0,24,0,0,0,24
04/17/2017,DET,MI,AGL,CE,Federal Contract Tower,0,0,11,0,11,0,0,39,0,39,0,0,50,0,50,164,0,164,214
04/18/2017,DET,MI,AGL,CE,Federal Contract Tower,0,6,16,0,22,0,0,68,0,68,0,6,84,0,90,154,0,154,244
04/19/2017,DET,MI,AGL,CE,Federal Contract Tower,0,9,18,0,27,0,0,49,0,49,0,9,67,0,76,0,0,0,76
04/20/2017,DET,MI,AGL,CE,Federal Contract Tower,0,6,14,0,20,0,0,3,2,5,0,6,17,2,25,0,0,0,25
04/21/2017,DET,MI,AGL,CE,Federal Contract Tower,0,4,17,0,21,0,0,31,0,31,0,4,48,0,52,18,0,18,70
04/22/2017,DET,MI,AGL,CE,Federal Contract Tower,0,4,10,0,14,0,0,31,0,31,0,4,41,0,45,34,0,34,79
04/23/2017,DET,MI,AGL,CE,Federal Contract Tower,0,1,12,0,13,0,0,54,0,54,0,1,66,0,67,164,0,164,231
04/24/2017,DET,MI,AGL,CE,Federal Contract Tower,0,5,7,0,12,0,0,56,0,56,0,5,63,0,68,132,0,132,200
04/25/2017,DET,MI,AGL,CE,Federal Contract Tower,0,1,18,0,19,0,0,44,0,44,0,1,62,0,63,84,0,84,147
04/26/2017,DET,MI,AGL,CE,Federal Contract Tower,0,2,18,0,20,0,0,49,0,49,0,2,67,0,69,66,0,66,135
04/27/2017,DET,MI,AGL,CE,Federal Contract Tower,0,6,18,0,24,0,23,10,0,33,0,29,28,0,57,46,0,46,103
04/28/2017,DET,MI,AGL,CE,Federal Contract Tower,0,0,17,0,17,0,0,38,0,38,0,0,55,0,55,12,0,12,67
04/29/2017,DET,MI,AGL,CE,Federal Contract Tower,0,8,4,0,12,0,0,33,0,33,0,8,37,0,45,168,0,168,213
04/30/2017,DET,MI,AGL,CE,Federal Contract Tower,0,8,11,0,19,0,0,41,0,41,0,8,52,0,60,88,0,88,148
05/01/2017,DET,MI,AGL,CE,Federal Contract Tower,0,2,8,0,10,0,0,38,2,40,0,2,46,2,50,0,0,0,50
05/02/2017,DET,MI,AGL,CE,Federal Contract Tower,0,6,12,0,18,0,0,53,0,53,0,6,65,0,71,62,0,62,133
05/03/2017,DET,MI,AGL,CE,Federal Contract Tower,0,9,25,0,34,0,0,52,0,52,0,9,77,0,86,76,0,76,162
05/04/2017,DET,MI,AGL,CE,Federal Contract Tower,0,4,17,0,21,0,0,0,0,0,0,4,17,0,21,0,0,0,21
05/05/2017,DET,MI,AGL,CE,Federal Contract Tower,0,4,15,0,19,0,0,4,0,4,0,4,19,0,23,0,0,0,23
05/06/2017,DET,MI,AGL,CE,Federal Contract Tower,0,3,12,0,15,0,0,15,0,15,0,3,27,0,30,14,0,14,44
05/07/2017,DET,MI,AGL,CE,Federal Contract Tower,0,4,21,0,25,0,0,38,0,38,0,4,59,0,63,120,0,120,183
05/08/2017,DET,MI,AGL,CE,Federal Contract Tower,0,0,10,0,10,0,0,44,0,44,0,0,54,0,54,86,0,86,140
05/09/2017,DET,MI,AGL,CE,Federal Contract Tower,0,11,13,0,24,0,6,45,0,51,0,17,58,0,75,58,0,58,133
05/10/2017,DET,MI,AGL,CE,Federal Contract Tower,0,5,19,0,24,0,0,65,2,67,0,5,84,2,91,80,0,80,171
05/11/2017,DET,MI,AGL,CE,Federal Contract Tower,0,7,20,0,27,0,1,40,0,41,0,8,60,0,68,44,0,44,112
05/12/2017,DET,MI,AGL,CE,Federal Contract Tower,0,7,23,0,30,0,0,27,0,27,0,7,50,0,57,30,0,30,87
05/13/2017,DET,MI,AGL,CE,Federal Contract Tower,0,1,10,0,11,0,0,25,0,25,0,1,35,0,36,68,0,68,104
05/14/2017,DET,MI,AGL,CE,Federal Contract Tower,0,4,14,0,18,0,0,40,0,40,0,4,54,0,58,136,0,136,194
05/15/2017,DET,MI,AGL,CE,Federal Contract Tower,0,7,22,0,29,0,0,55,0,55,0,7,77,0,84,94,0,94,178
05/16/2017,DET,MI,AGL,CE,Federal Contract Tower,0,8,15,0,23,0,0,61,0,61,0,8,76,0,84,96,0,96,180
05/17/2017,DET,MI,AGL,CE,Federal Contract Tower,0,15,17,0,32,0,0,28,0,28,0,15,45,0,60,14,0,14,74
05/18/2017,DET,MI,AGL,CE,Federal Contract Tower,0,14,15,2,31,0,0,29,6,35,0,14,44,8,66,0,2,2,68
05/19/2017,DET,MI,AGL,CE,Federal Contract Tower,0,14,24,0,38,0,0,27,0,27,0,14,51,0,65,54,0,54,119
05/20/2017,DET,MI,AGL,CE,Federal Contract Tower,0,2,13,0,15,0,0,24,0,24,0,2,37,0,39,24,0,24,63
05/21/2017,DET,MI,AGL,CE,Federal Contract Tower,0,6,9,0,15,0,0,34,0,34,0,6,43,0,49,68,0,68,117
05/22/2017,DET,MI,AGL,CE,Federal Contract Tower,0,7,23,0,30,0,0,34,0,34,0,7,57,0,64,58,0,58,122
05/23/2017,DET,MI,AGL,CE,Federal Contract Tower,0,10,19,0,29,0,1,61,0,62,0,11,80,0,91,100,0,100,191
05/24/2017,DET,MI,AGL,CE,Federal Contract Tower,0,19,17,0,36,0,0,35,0,35,0,19,52,0,71,46,0,46,117
05/25/2017,DET,MI,AGL,CE,Federal Contract Tower,0,10,33,0,43,0,0,8,0,8,0,10,41,0,51,0,0,0,51
05/26/2017,DET,MI,AGL,CE,Federal Contract Tower,0,12,26,3,41,0,0,23,1,24,0,12,49,4,65,54,6,60,125
05/27/2017,DET,MI,AGL,CE,Federal Contract Tower,0,3,1,0,4,0,0,43,0,43,0,3,44,0,47,60,0,60,107
05/28/2017,DET,MI,AGL,CE,Federal Contract Tower,0,5,7,0,12,0,0,23,0,23,0,5,30,0,35,106,0,106,141
05/29/2017,DET,MI,AGL,CE,Federal Contract Tower,0,4,14,0,18,0,0,50,0,50,0,4,64,0,68,102,0,102,170
05/30/2017,DET,MI,AGL,CE,Federal Contract Tower,0,3,17,0,20,0,0,60,0,60,0,3,77,0,80,86,0,86,166
05/31/2017,DET,MI,AGL,CE,Federal Contract Tower,0,11,18,0,29,0,0,49,0,49,0,11,67,0,78,78,0,78,156
06/01/2017,DET,MI,AGL,CE,Federal Contract Tower,0,7,27,0,34,0,0,55,0,55,0,7,82,0,89,108,0,108,197
06/02/2017,DET,MI,AGL,CE,Federal Contract Tower,0,4,12,0,16,0,0,42,0,42,0,4,54,0,58,48,0,48,106
06/03/2017,DET,MI,AGL,CE,Federal Contract Tower,0,3,21,0,24,0,0,41,0,41,0,3,62,0,65,80,0,80,145
06/04/2017,DET,MI,AGL,CE,Federal Contract Tower,0,8,31,0,39,0,0,47,0,47,0,8,78,0,86,132,0,132,218
06/05/2017,DET,MI,AGL,CE,Federal Contract Tower,0,3,15,0,18,0,0,33,0,33,0,3,48,0,51,128,0,128,179
06/06/2017,DET,MI,AGL,CE,Federal Contract Tower,0,8,12,0,20,0,0,70,2,72,0,8,82,2,92,100,0,100,192
06/07/2017,DET,MI,AGL,CE,Federal Contract Tower,0,6,14,0,20,0,0,56,2,58,0,6,70,2,78,70,0,70,148
06/08/2017,DET,MI,AGL,CE,Federal Contract Tower,0,6,14,0,20,0,0,43,0,43,0,6,57,0,63,60,0,60,123
06/09/2017,DET,MI,AGL,CE,Federal Contract Tower,0,0,15,0,15,0,0,35,2,37,0,0,50,2,52,12,0,12,64
06/10/2017,DET,MI,AGL,CE,Federal Contract Tower,0,2,7,0,9,0,0,26,0,26,0,2,33,0,35,12,0,12,47
06/11/2017,DET,MI,AGL,CE,Federal Contract Tower,0,7,22,0,29,0,0,92,0,92,0,7,114,0,121,150,0,150,271
06/12/2017,DET,MI,AGL,CE,Federal Contract Tower,0,3,15,0,18,0,0,41,0,41,0,3,56,0,59,94,0,94,153
06/13/2017,DET,MI,AGL,CE,Federal Contract Tower,0,5,23,0,28,0,0,72,0,72,0,5,95,0,100,108,0,108,208
06/14/2017,DET,MI,AGL,CE,Federal Contract Tower,0,6,25,0,31,0,0,41,6,47,0,6,66,6,78,88,4,92,170
06/15/2017,DET,MI,AGL,CE,Federal Contract Tower,0,13,11,0,24,0,0,47,0,47,0,13,58,0,71,52,0,52,123
06/16/2017,DET,MI,AGL,CE,Federal Contract Tower,0,7,27,0,34,0,0,25,0,25,0,7,52,0,59,18,0,18,77
06/17/2017,DET,MI,AGL,CE,Federal Contract Tower,0,4,5,0,9,0,0,7,0,7,0,4,12,0,16,0,0,0,16
06/18/2017,DET,MI,AGL,CE,Federal Contract Tower,0,4,14,0,18,0,0,42,0,42,0,4,56,0,60,50,0,50,110
06/19/2017,DET,MI,AGL,CE,Federal Contract Tower,0,4,19,0,23,0,0,41,2,43,0,4,60,2,66,82,14,96,162
06/20/2017,DET,MI,AGL,CE,Federal Contract Tower,0,14,27,0,41,0,0,43,0,43,0,14,70,0,84,64,0,64,148
06/21/2017,DET,MI,AGL,CE,Federal Contract Tower,0,5,19,0,24,0,0,57,2,59,0,5,76,2,83,42,0,42,125
06/22/2017,DET,MI,AGL,CE,Federal Contract Tower,0,3,14,0,17,0,0,28,0,28,0,3,42,0,45,38,0,38,83
06/23/2017,DET,MI,AGL,CE,Federal Contract Tower,0,2,12,0,14,0,0,33,2,35,0,2,45,2,49,0,0,0,49
06/24/2017,DET,MI,AGL,CE,Federal Contract Tower,0,5,10,0,15,0,0,42,0,42,0,5,52,0,57,124,0,124,181
06/25/2017,DET,MI,AGL,CE,Federal Contract Tower,0,3,16,0,19,0,0,55,0,55,0,3,71,0,74,84,0,84,158
06/27/2017,DET,MI,AGL,CE,Federal Contract Tower,0,6,8,0,14,0,1,27,4,32,0,7,35,4,46,16,0,16,62
06/29/2017,DET,MI,AGL,CE,Federal Contract Tower,0,15,37,0,52,0,0,27,0,27,0,15,64,0,79,0,0,0,79
06/30/2017,DET,MI,AGL,CE,Federal Contract Tower,0,9,14,0,23,0,0,21,0,21,0,9,35,0,44,0,0,0,44
07/01/2017,DET,MI,AGL,CE,Federal Contract Tower,0,3,12,0,15,0,0,25,0,25,0,3,37,0,40,147,0,147,187
07/02/2017,DET,MI,AGL,CE,Federal Contract Tower,0,0,7,0,7,0,0,48,0,48,0,0,55,0,55,136,0,136,191
07/03/2017,DET,MI,AGL,CE,Federal Contract Tower,0,0,9,0,9,0,0,65,0,65,0,0,74,0,74,174,0,174,248
07/04/2017,DET,MI,AGL,CE,Federal Contract Tower,0,8,8,0,16,0,0,37,0,37,0,8,45,0,53,88,0,88,141
07/05/2017,DET,MI,AGL,CE,Federal Contract Tower,0,7,18,0,25,0,0,48,0,48,0,7,66,0,73,4,0,4,77
07/06/2017,DET,MI,AGL,CE,Federal Contract Tower,0,2,16,0,18,0,0,33,2,35,0,2,49,2,53,40,0,40,93
07/07/2017,DET,MI,AGL,CE,Federal Contract Tower,0,12,5,0,17,0,0,33,0,33,0,12,38,0,50,58,0,58,108
07/08/2017,DET,MI,AGL,CE,Federal Contract Tower,0,2,17,0,19,0,0,39,0,39,0,2,56,0,58,148,0,148,206
07/09/2017,DET,MI,AGL,CE,Federal Contract Tower,0,6,10,0,16,0,0,78,0,78,0,6,88,0,94,146,0,146,240
07/10/2017,DET,MI,AGL,CE,Federal Contract Tower,0,4,7,0,11,0,0,38,0,38,0,4,45,0,49,0,0,0,49
07/11/2017,DET,MI,AGL,CE,Federal Contract Tower,0,7,7,0,14,0,0,47,2,49,0,7,54,2,63,82,0,82,145
07/12/2017,DET,MI,AGL,CE,Federal Contract Tower,0,4,18,0,22,0,0,34,0,34,0,4,52,0,56,44,0,44,100
07/13/2017,DET,MI,AGL,CE,Federal Contract Tower,0,5,17,0,22,0,0,28,0,28,0,5,45,0,50,52,0,52,102
07/14/2017,DET,MI,AGL,CE,Federal Contract Tower,0,10,21,0,31,0,0,37,4,41,0,10,58,4,72,0,0,0,72
07/15/2017,DET,MI,AGL,CE,Federal Contract Tower,0,4,10,0,14,0,0,53,0,53,0,4,63,0,67,106,0,106,173
07/16/2017,DET,MI,AGL,CE,Federal Contract Tower,0,8,12,0,20,0,0,57,0,57,0,8,69,0,77,38,0,38,115
07/17/2017,DET,MI,AGL,CE,Federal Contract Tower,0,4,21,0,25,0,0,48,0,48,0,4,69,0,73,52,0,52,125
07/18/2017,DET,MI,AGL,CE,Federal Contract Tower,0,9,28,0,37,0,0,36,0,36,0,9,64,0,73,40,0,40,113
07/19/2017,DET,MI,AGL,CE,Federal Contract Tower,0,6,24,0,30,0,0,29,0,29,0,6,53,0,59,98,0,98,157
07/20/2017,DET,MI,AGL,CE,Federal Contract Tower,0,2,30,0,32,0,0,23,0,23,0,2,53,0,55,24,0,24,79
07/21/2017,DET,MI,AGL,CE,Federal Contract Tower,0,8,21,0,29,0,0,28,0,28,0,8,49,0,57,42,0,42,99
07/22/2017,DET,MI,AGL,CE,Federal Contract Tower,0,4,14,0,18,0,0,38,0,38,0,4,52,0,56,104,0,104,160
07/23/2017,DET,MI,AGL,CE,Federal Contract Tower,0,4,18,0,22,0,0,46,0,46,0,4,64,0,68,82,0,82,150
07/24/2017,DET,MI,AGL,CE,Federal Contract Tower,0,13,20,0,33,0,0,58,2,60,0,13,78,2,93,78,20,98,191
07/25/2017,DET,MI,AGL,CE,Federal Contract Tower,0,16,25,0,41,0,0,56,0,56,0,16,81,0,97,82,0,82,179
07/26/2017,DET,MI,AGL,CE,Federal Contract Tower,0,9,29,0,38,0,0,62,0,62,0,9,91,0,100,74,0,74,174
07/27/2017,DET,MI,AGL,CE,Federal Contract Tower,0,1,28,0,29,0,2,28,0,30,0,3,56,0,59,32,0,32,91
07/28/2017,DET,MI,AGL,CE,Federal Contract Tower,0,4,16,0,20,0,0,29,0,29,0,4,45,0,49,40,0,40,89
07/29/2017,DET,MI,AGL,CE,Federal Contract Tower,0,5,11,0,16,0,0,46,0,46,0,5,57,0,62,132,0,132,194
07/30/2017,DET,MI,AGL,CE,Federal Contract Tower,0,4,20,0,24,0,0,55,0,55,0,4,75,0,79,94,0,94,173
07/31/2017,DET,MI,AGL,CE,Federal Contract Tower,0,2,12,0,14,0,0,62,0,62,0,2,74,0,76,106,0,106,182
08/01/2017,DET,MI,AGL,CE,Federal Contract Tower,0,2,23,0,25,0,0,57,0,57,0,2,80,0,82,90,0,90,172
08/02/2017,DET,MI,AGL,CE,Federal Contract Tower,0,4,17,0,21,0,0,36,2,38,0,4,53,2,59,34,0,34,93
08/03/2017,DET,MI,AGL,CE,Federal Contract Tower,0,3,22,0,25,0,0,22,0,22,0,3,44,0,47,30,0,30,77
08/04/2017,DET,MI,AGL,CE,Federal Contract Tower,0,8,26,0,34,0,0,32,0,32,0,8,58,0,66,0,0,0,66
08/05/2017,DET,MI,AGL,CE,Federal Contract Tower,0,7,12,0,19,0,0,37,0,37,0,7,49,0,56,136,0,136,192
08/06/2017,DET,MI,AGL,CE,Federal Contract Tower,0,2,15,0,17,0,0,56,0,56,0,2,71,0,73,122,0,122,195
08/07/2017,DET,MI,AGL,CE,Federal Contract Tower,0,0,17,0,17,0,0,57,2,59,0,0,74,2,76,90,0,90,166
08/08/2017,DET,MI,AGL,CE,Federal Contract Tower,0,3,14,0,17,0,0,54,0,54,0,3,68,0,71,86,0,86,157
08/09/2017,DET,MI,AGL,CE,Federal Contract Tower,0,6,25,0,31,0,0,50,0,50,0,6,75,0,81,54,0,54,135
08/10/2017,DET,MI,AGL,CE,Federal Contract Tower,0,5,26,0,31,0,0,38,0,38,0,5,64,0,69,64,0,64,133
08/11/2017,DET,MI,AGL,CE,Federal Contract Tower,0,5,18,0,23,0,0,3,0,3,0,5,21,0,26,0,0,0,26
08/12/2017,DET,MI,AGL,CE,Federal Contract Tower,0,10,10,0,20,0,0,34,0,34,0,10,44,0,54,84,0,84,138
08/13/2017,DET,MI,AGL,CE,Federal Contract Tower,0,7,21,0,28,0,0,136,0,136,0,7,157,0,164,212,0,212,376
08/14/2017,DET,MI,AGL,CE,Federal Contract Tower,0,10,10,0,20,0,0,38,0,38,0,10,48,0,58,86,0,86,144
08/15/2017,DET,MI,AGL,CE,Federal Contract Tower,0,1,14,0,15,0,0,11,0,11,0,1,25,0,26,6,10,16,42
08/16/2017,DET,MI,AGL,CE,Federal Contract Tower,0,4,27,0,31,0,0,32,0,32,0,4,59,0,63,0,0,0,63
08/17/2017,DET,MI,AGL,CE,Federal Contract Tower,0,14,9,0,23,0,0,3,0,3,0,14,12,0,26,0,0,0,26
08/18/2017,DET,MI,AGL,CE,Federal Contract Tower,0,4,27,0,31,0,0,50,0,50,0,4,77,0,81,144,0,144,225
08/19/2017,DET,MI,AGL,CE,Federal Contract Tower,0,6,11,0,17,0,0,57,0,57,0,6,68,0,74,72,0,72,146
08/20/2017,DET,MI,AGL,CE,Federal Contract Tower,0,7,34,0,41,0,0,67,0,67,0,7,101,0,108,72,0,72,180
08/21/2017,DET,MI,AGL,CE,Federal Contract Tower,0,5,19,0,24,0,0,48,0,48,0,5,67,0,72,90,0,90,162
08/22/2017,DET,MI,AGL,CE,Federal Contract Tower,0,4,22,0,26,0,0,27,0,27,0,4,49,0,53,0,0,0,53
08/23/2017,DET,MI,AGL,CE,Federal Contract Tower,0,5,27,0,32,0,0,30,0,30,0,5,57,0,62,56,0,56,118
08/24/2017,DET,MI,AGL,CE,Federal Contract Tower,0,6,23,0,29,0,0,24,0,24,0,6,47,0,53,4,0,4,57
08/25/2017,DET,MI,AGL,CE,Federal Contract Tower,0,11,30,0,41,0,0,35,2,37,0,11,65,2,78,152,20,172,250
08/26/2017,DET,MI,AGL,CE,Federal Contract Tower,0,6,10,0,16,0,0,71,0,71,0,6,81,0,87,136,0,136,223
08/27/2017,DET,MI,AGL,CE,Federal Contract Tower,0,5,27,0,32,0,0,69,0,69,0,5,96,0,101,116,0,116,217
08/28/2017,DET,MI,AGL,CE,Federal Contract Tower,0,8,16,0,24,0,0,30,0,30,0,8,46,0,54,24,0,24,78
08/29/2017,DET,MI,AGL,CE,Federal Contract Tower,0,4,13,0,17,0,0,4,0,4,0,4,17,0,21,0,0,0,21
08/30/2017,DET,MI,AGL,CE,Federal Contract Tower,0,7,17,0,24,0,0,35,0,35,0,7,52,0,59,28,0,28,87
08/31/2017,DET,MI,AGL,CE,Federal Contract Tower,0,1,18,0,19,0,0,34,0,34,0,1,52,0,53,170,0,170,223
09/01/2017,DET,MI,AGL,CE,Federal Contract Tower,0,4,25,1,30,0,0,38,1,39,0,4,63,2,69,150,0,150,219
09/02/2017,DET,MI,AGL,CE,Federal Contract Tower,0,3,12,0,15,0,0,47,0,47,0,3,59,0,62,94,0,94,156
09/03/2017,DET,MI,AGL,CE,Federal Contract Tower,0,4,17,0,21,0,0,77,0,77,0,4,94,0,98,88,0,88,186
09/05/2017,DET,MI,AGL,CE,Federal Contract Tower,0,6,24,0,30,0,0,36,0,36,0,6,60,0,66,22,0,22,88
09/06/2017,DET,MI,AGL,CE,Federal Contract Tower,0,6,13,0,19,0,0,28,10,38,0,6,41,10,57,56,0,56,113
09/07/2017,DET,MI,AGL,CE,Federal Contract Tower,0,6,27,0,33,0,0,27,0,27,0,6,54,0,60,54,0,54,114
09/08/2017,DET,MI,AGL,CE,Federal Contract Tower,0,7,14,0,21,0,0,51,2,53,0,7,65,2,74,108,0,108,182
09/09/2017,DET,MI,AGL,CE,Federal Contract Tower,0,13,12,0,25,0,0,76,0,76,0,13,88,0,101,92,0,92,193
09/10/2017,DET,MI,AGL,CE,Federal Contract Tower,0,13,25,0,38,0,0,151,0,151,0,13,176,0,189,122,0,122,311
09/11/2017,DET,MI,AGL,CE,Federal Contract Tower,0,0,8,0,8,0,0,42,0,42,0,0,50,0,50,60,0,60,110
09/12/2017,DET,MI,AGL,CE,Federal Contract Tower,0,6,10,0,16,0,0,50,0,50,0,6,60,0,66,82,0,82,148
09/13/2017,DET,MI,AGL,CE,Federal Contract Tower,0,14,8,0,22,0,0,32,0,32,0,14,40,0,54,0,0,0,54
09/14/2017,DET,MI,AGL,CE,Federal Contract Tower,0,14,24,0,38,0,0,27,0,27,0,14,51,0,65,88,0,88,153
09/15/2017,DET,MI,AGL,CE,Federal Contract Tower,0,5,17,0,22,0,0,35,0,35,0,5,52,0,57,156,0,156,213
09/16/2017,DET,MI,AGL,CE,Federal Contract Tower,0,3,15,0,18,0,0,38,0,38,0,3,53,0,56,106,0,106,162
09/17/2017,DET,MI,AGL,CE,Federal Contract Tower,0,4,9,0,13,0,0,62,0,62,0,4,71,0,75,174,0,174,249
09/18/2017,DET,MI,AGL,CE,Federal Contract Tower,0,6,24,0,30,0,0,37,1,38,0,6,61,1,68,36,0,36,104
09/19/2017,DET,MI,AGL,CE,Federal Contract Tower,0,11,25,0,36,0,0,15,0,15,0,11,40,0,51,10,0,10,61
09/20/2017,DET,MI,AGL,CE,Federal Contract Tower,0,8,32,0,40,0,0,26,0,26,0,8,58,0,66,18,0,18,84
09/21/2017,DET,MI,AGL,CE,Federal Contract Tower,0,10,28,0,38,0,0,25,0,25,0,10,53,0,63,8,0,8,71
09/22/2017,DET,MI,AGL,CE,Federal Contract Tower,0,7,19,0,26,0,0,43,0,43,0,7,62,0,69,140,0,140,209
09/23/2017,DET,MI,AGL,CE,Federal Contract Tower,0,4,7,0,11,0,0,59,0,59,0,4,66,0,70,14,0,14,84
09/24/2017,DET,MI,AGL,CE,Federal Contract Tower,0,13,24,0,37,0,0,68,0,68,0,13,92,0,105,64,0,64,169
09/25/2017,DET,MI,AGL,CE,Federal Contract Tower,0,11,28,0,39,0,0,39,2,41,0,11,67,2,80,76,0,76,156
09/26/2017,DET,MI,AGL,CE,Federal Contract Tower,0,5,20,0,25,0,0,43,0,43,0,5,63,0,68,40,0,40,108
09/27/2017,DET,MI,AGL,CE,Federal Contract Tower,0,8,22,0,30,0,0,26,0,26,0,8,48,0,56,54,0,54,110
09/28/2017,DET,MI,AGL,CE,Federal Contract Tower,0,2,24,0,26,0,0,31,0,31,0,2,55,0,57,64,0,64,121
09/29/2017,DET,MI,AGL,CE,Federal Contract Tower,0,5,15,0,20,0,0,17,0,17,0,5,32,0,37,12,0,12,49
09/30/2017,DET,MI,AGL,CE,Federal Contract Tower,0,6,13,0,19,0,0,50,0,50,0,6,63,0,69,40,0,40,109
10/01/2017,DET,MI,AGL,CE,Federal Contract Tower,0,3,30,0,33,0,0,58,0,58,0,3,88,0,91,88,0,88,179
10/02/2017,DET,MI,AGL,CE,Federal Contract Tower,0,5,15,0,20,0,1,41,0,42,0,6,56,0,62,92,0,92,154
10/03/2017,DET,MI,AGL,CE,Federal Contract Tower,0,4,22,0,26,0,0,39,0,39,0,4,61,0,65,78,0,78,143
10/04/2017,DET,MI,AGL,CE,Federal Contract Tower,0,5,13,0,18,0,0,13,0,13,0,5,26,0,31,0,0,0,31
10/05/2017,DET,MI,AGL,CE,Federal Contract Tower,0,12,21,0,33,0,0,21,0,21,0,12,42,0,54,46,0,46,100
10/06/2017,DET,MI,AGL,CE,Federal Contract Tower,0,4,24,0,28,0,0,15,0,15,0,4,39,0,43,68,0,68,111
10/07/2017,DET,MI,AGL,CE,Federal Contract Tower,0,2,24,0,26,0,0,28,0,28,0,2,52,0,54,16,0,16,70
10/08/2017,DET,MI,AGL,CE,Federal Contract Tower,0,6,23,0,29,0,0,108,0,108,0,6,131,0,137,162,0,162,299
10/09/2017,DET,MI,AGL,CE,Federal Contract Tower,0,5,13,0,18,0,0,35,0,35,0,5,48,0,53,84,0,84,137
10/10/2017,DET,MI,AGL,CE,Federal Contract Tower,0,5,9,0,14,0,0,31,2,33,0,5,40,2,47,40,0,40,87
10/11/2017,DET,MI,AGL,CE,Federal Contract Tower,0,2,20,0,22,0,0,0,0,0,0,2,20,0,22,0,0,0,22
10/12/2017,DET,MI,AGL,CE,Federal Contract Tower,0,8,21,0,29,0,0,0,0,0,0,8,21,0,29,0,0,0,29
10/13/2017,DET,MI,AGL,CE,Federal Contract Tower,0,10,15,0,25,0,0,39,0,39,0,10,54,0,64,32,0,32,96
10/14/2017,DET,MI,AGL,CE,Federal Contract Tower,0,4,11,0,15,0,0,5,0,5,0,4,16,0,20,0,0,0,20
10/15/2017,DET,MI,AGL,CE,Federal Contract Tower,0,13,17,1,31,0,0,45,0,45,0,13,62,1,76,0,0,0,76
10/16/2017,DET,MI,AGL,CE,Federal Contract Tower,0,5,29,0,34,0,0,48,0,48,0,5,77,0,82,78,0,78,160
10/17/2017,DET,MI,AGL,CE,Federal Contract Tower,0,8,18,0,26,0,0,35,0,35,0,8,53,0,61,38,4,42,103
10/18/2017,DET,MI,AGL,CE,Federal Contract Tower,0,13,27,0,40,0,0,39,0,39,0,13,66,0,79,0,0,0,79
10/19/2017,DET,MI,AGL,CE,Federal Contract Tower,0,8,29,0,37,0,0,52,0,52,0,8,81,0,89,142,0,142,231
10/20/2017,DET,MI,AGL,CE,Federal Contract Tower,0,11,21,0,32,0,0,55,0,55,0,11,76,0,87,130,0,130,217
10/21/2017,DET,MI,AGL,CE,Federal Contract Tower,0,9,10,0,19,0,0,86,0,86,0,9,96,0,105,146,0,146,251
10/22/2017,DET,MI,AGL,CE,Federal Contract Tower,0,9,15,0,24,0,0,66,0,66,0,9,81,0,90,102,0,102,192
10/23/2017,DET,MI,AGL,CE,Federal Contract Tower,0,18,18,0,36,0,0,33,2,35,0,18,51,2,71,4,0,4,75
10/24/2017,DET,MI,AGL,CE,Federal Contract Tower,0,12,12,0,24,0,0,3,0,3,0,12,15,0,27,0,0,0,27
10/25/2017,DET,MI,AGL,CE,Federal Contract Tower,0,10,11,0,21,0,0,17,0,17,0,10,28,0,38,46,0,46,84
10/26/2017,DET,MI,AGL,CE,Federal Contract Tower,0,7,20,0,27,0,0,41,0,41,0,7,61,0,68,162,0,162,230
10/27/2017,DET,MI,AGL,CE,Federal Contract Tower,0,7,13,0,20,0,0,19,0,19,0,7,32,0,39,30,0,30,69
10/28/2017,DET,MI,AGL,CE,Federal Contract Tower,0,1,6,0,7,0,0,30,0,30,0,1,36,0,37,24,0,24,61
10/29/2017,DET,MI,AGL,CE,Federal Contract Tower,0,14,16,0,30,0,0,63,5,68,0,14,79,5,98,134,0,134,232
10/30/2017,DET,MI,AGL,CE,Federal Contract Tower,0,9,14,0,23,0,0,47,0,47,0,9,61,0,70,86,0,86,156
10/31/2017,DET,MI,AGL,CE,Federal Contract Tower,0,1,13,3,17,0,0,17,1,18,0,1,30,4,35,10,0,10,45
11/01/2017,DET,MI,AGL,CE,Federal Contract Tower,0,7,8,0,15,0,0,31,0,31,0,7,39,0,46,130,0,130,176
11/02/2017,DET,MI,AGL,CE,Federal Contract Tower,0,6,20,0,26,0,0,9,0,9,0,6,29,0,35,0,0,0,35
11/03/2017,DET,MI,AGL,CE,Federal Contract Tower,0,10,14,0,24,0,0,42,0,42,0,10,56,0,66,126,0,126,192
11/04/2017,DET,MI,AGL,CE,Federal Contract Tower,0,4,7,0,11,0,0,49,0,49,0,4,56,0,60,36,0,36,96
11/05/2017,DET,MI,AGL,CE,Federal Contract Tower,0,0,10,0,10,0,0,1,0,1,0,0,11,0,11,0,0,0,11
11/06/2017,DET,MI,AGL,CE,Federal Contract Tower,0,2,21,0,23,0,0,35,0,35,0,2,56,0,58,24,0,24,82
11/07/2017,DET,MI,AGL,CE,Federal Contract Tower,0,7,20,0,27,0,0,40,0,40,0,7,60,0,67,64,0,64,131
11/08/2017,DET,MI,AGL,CE,Federal Contract Tower,0,9,35,0,44,0,0,43,0,43,0,9,78,0,87,130,0,130,217
11/09/2017,DET,MI,AGL,CE,Federal Contract Tower,0,6,11,0,17,0,0,26,0,26,0,6,37,0,43,124,0,124,167
11/10/2017,DET,MI,AGL,CE,Federal Contract Tower,0,7,13,2,22,0,0,48,0,48,0,7,61,2,70,120,0,120,190
11/11/2017,DET,MI,AGL,CE,Federal Contract Tower,0,1,6,1,8,0,0,63,2,65,0,1,69,3,73,96,0,96,169
11/12/2017,DET,MI,AGL,CE,Federal Contract Tower,0,5,20,0,25,0,0,25,0,25,0,5,45,0,50,0,0,0,50
11/13/2017,DET,MI,AGL,CE,Federal Contract Tower,0,2,15,0,17,0,0,18,0,18,0,2,33,0,35,12,0,12,47
11/14/2017,DET,MI,AGL,CE,Federal Contract Tower,0,2,14,0,16,0,0,21,0,21,0,2,35,0,37,6,0,6,43
11/15/2017,DET,MI,AGL,CE,Federal Contract Tower,0,3,24,0,27,0,0,9,0,9,0,3,33,0,36,0,0,0,36
11/16/2017,DET,MI,AGL,CE,Federal Contract Tower,0,6,13,0,19,0,0,34,0,34,0,6,47,0,53,116,0,116,169
11/17/2017,DET,MI,AGL,CE,Federal Contract Tower,0,7,20,0,27,0,0,37,2,39,0,7,57,2,66,106,0,106,172
11/18/2017,DET,MI,AGL,CE,Federal Contract Tower,0,0,13,0,13,0,0,50,0,50,0,0,63,0,63,0,0,0,63
11/19/2017,DET,MI,AGL,CE,Federal Contract Tower,0,1,18,0,19,0,0,4,0,4,0,1,22,0,23,0,0,0,23
11/20/2017,DET,MI,AGL,CE,Federal Contract Tower,0,6,35,0,41,0,0,47,0,47,0,6,82,0,88,0,0,0,88
11/21/2017,DET,MI,AGL,CE,Federal Contract Tower,0,2,17,0,19,0,0,18,0,18,0,2,35,0,37,18,0,18,55
11/22/2017,DET,MI,AGL,CE,Federal Contract Tower,0,2,27,0,29,0,0,28,0,28,0,2,55,0,57,38,0,38,95
11/23/2017,DET,MI,AGL,CE,Federal Contract Tower,0,3,14,0,17,0,0,76,0,76,0,3,90,0,93,106,0,106,199
11/24/2017,DET,MI,AGL,CE,Federal Contract Tower,0,6,4,0,10,0,0,36,0,36,0,6,40,0,46,40,0,40,86
11/25/2017,DET,MI,AGL,CE,Federal Contract Tower,0,6,10,0,16,0,0,33,0,33,0,6,43,0,49,14,0,14,63
11/26/2017,DET,MI,AGL,CE,Federal Contract Tower,0,2,32,0,34,0,0,83,0,83,0,2,115,0,117,74,0,74,191
11/27/2017,DET,MI,AGL,CE,Federal Contract Tower,0,7,14,0,21,0,0,36,4,40,0,7,50,4,61,38,8,46,107
11/28/2017,DET,MI,AGL,CE,Federal Contract Tower,0,13,18,0,31,0,0,25,2,27,0,13,43,2,58,14,0,14,72
11/29/2017,DET,MI,AGL,CE,Federal Contract Tower,0,5,19,0,24,0,0,42,2,44,0,5,61,2,68,46,2,48,116
11/30/2017,DET,MI,AGL,CE,Federal Contract Tower,0,7,14,0,21,0,0,25,0,25,0,7,39,0,46,120,0,120,166
12/01/2017,DET,MI,AGL,CE,Federal Contract Tower,0,7,18,0,25,0,0,47,0,47,0,7,65,0,72,30,0,30,102
12/02/2017,DET,MI,AGL,CE,Federal Contract Tower,0,0,16,0,16,0,0,58,0,58,0,0,74,0,74,88,0,88,162
12/03/2017,DET,MI,AGL,CE,Federal Contract Tower,0,2,27,0,29,0,0,41,0,41,0,2,68,0,70,52,0,52,122
12/04/2017,DET,MI,AGL,CE,Federal Contract Tower,0,4,11,0,15,0,0,10,2,12,0,4,21,2,27,38,0,38,65
12/05/2017,DET,MI,AGL,CE,Federal Contract Tower,0,4,17,0,21,0,0,12,0,12,0,4,29,0,33,0,0,0,33
12/06/2017,DET,MI,AGL,CE,Federal Contract Tower,0,7,17,0,24,0,0,25,0,25,0,7,42,0,49,90,0,90,139
12/07/2017,DET,MI,AGL,CE,Federal Contract Tower,0,4,10,0,14,0,0,19,0,19,0,4,29,0,33,0,0,0,33
12/08/2017,DET,MI,AGL,CE,Federal Contract Tower,0,4,17,0,21,0,0,63,0,63,0,4,80,0,84,50,0,50,134
12/09/2017,DET,MI,AGL,CE,Federal Contract Tower,0,0,13,0,13,0,0,5,0,5,0,0,18,0,18,0,0,0,18
12/10/2017,DET,MI,AGL,CE,Federal Contract Tower,0,0,14,0,14,0,0,17,0,17,0,0,31,0,31,4,0,4,35
12/11/2017,DET,MI,AGL,CE,Federal Contract Tower,0,3,8,0,11,0,0,4,0,4,0,3,12,0,15,0,0,0,15
12/12/2017,DET,MI,AGL,CE,Federal Contract Tower,0,4,9,0,13,0,0,10,0,10,0,4,19,0,23,26,0,26,49
12/13/2017,DET,MI,AGL,CE,Federal Contract Tower,0,1,6,0,7,0,0,0,0,0,0,1,6,0,7,0,0,0,7
12/14/2017,DET,MI,AGL,CE,Federal Contract Tower,0,4,13,0,17,0,0,11,0,11,0,4,24,0,28,0,0,0,28
12/15/2017,DET,MI,AGL,CE,Federal Contract Tower,0,5,10,0,15,0,0,9,0,9,0,5,19,0,24,0,0,0,24
12/16/2017,DET,MI,AGL,CE,Federal Contract Tower,0,5,19,0,24,0,0,21,0,21,0,5,40,0,45,0,0,0,45
12/17/2017,DET,MI,AGL,CE,Federal Contract Tower,0,2,7,0,9,0,0,13,0,13,0,2,20,0,22,0,0,0,22
12/18/2017,DET,MI,AGL,CE,Federal Contract Tower,0,2,13,0,15,0,0,4,0,4,0,2,17,0,19,0,0,0,19
12/19/2017,DET,MI,AGL,CE,Federal Contract Tower,0,1,6,0,7,0,0,17,0,17,0,1,23,0,24,26,0,26,50
12/20/2017,DET,MI,AGL,CE,Federal Contract Tower,0,4,8,0,12,0,0,30,0,30,0,4,38,0,42,166,0,166,208
12/21/2017,DET,MI,AGL,CE,Federal Contract Tower,0,11,30,0,41,0,0,45,2,47,0,11,75,2,88,42,0,42,130
12/22/2017,DET,MI,AGL,CE,Federal Contract Tower,0,0,14,0,14,0,0,5,0,5,0,0,19,0,19,0,0,0,19
12/24/2017,DET,MI,AGL,CE,Federal Contract Tower,0,0,6,0,6,0,0,8,0,8,0,0,14,0,14,0,0,0,14
12/25/2017,DET,MI,AGL,CE,Federal Contract Tower,0,0,1,0,1,0,0,4,0,4,0,0,5,0,5,0,0,0,5
12/26/2017,DET,MI,AGL,CE,Federal Contract Tower,0,3,22,0,25,0,0,2,0,2,0,3,24,0,27,0,0,0,27
12/27/2017,DET,MI,AGL,CE,Federal Contract Tower,0,8,12,0,20,0,1,27,0,28,0,9,39,0,48,28,0,28,76
12/28/2017,DET,MI,AGL,CE,Federal Contract Tower,0,5,9,0,14,0,0,11,0,11,0,5,20,0,25,8,0,8,33
12/30/2017,DET,MI,AGL,CE,Federal Contract Tower,0,3,8,0,11,0,0,15,0,15,0,3,23,0,26,0,0,0,26
12/31/2017,DET,MI,AGL,CE,Federal Contract Tower,0,3,17,0,20,0,1,25,0,26,0,4,42,0,46,16,0,16,62
01/01/2018,DET,MI,AGL,CE,Federal Contract Tower,0,2,3,0,5,0,0,12,0,12,0,2,15,0,17,4,0,4,21
01/02/2018,DET,MI,AGL,CE,Federal Contract Tower,0,5,13,0,18,0,0,14,0,14,0,5,27,0,32,0,0,0,32
01/03/2018,DET,MI,AGL,CE,Federal Contract Tower,0,3,6,0,9,0,0,0,0,0,0,3,6,0,9,0,0,0,9
01/04/2018,DET,MI,AGL,CE,Federal Contract Tower,0,2,6,0,8,0,0,12,0,12,0,2,18,0,20,0,0,0,20
01/05/2018,DET,MI,AGL,CE,Federal Contract Tower,0,6,8,0,14,0,0,18,0,18,0,6,26,0,32,0,0,0,32
01/06/2018,DET,MI,AGL,CE,Federal Contract Tower,0,0,3,13,16,0,0,27,0,27,0,0,30,13,43,6,0,6,49
01/07/2018,DET,MI,AGL,CE,Federal Contract Tower,0,0,6,0,6,0,0,21,0,21,0,0,27,0,27,0,0,0,27
01/08/2018,DET,MI,AGL,CE,Federal Contract Tower,0,1,7,0,8,0,0,6,0,6,0,1,13,0,14,0,0,0,14
01/10/2018,DET,MI,AGL,CE,Federal Contract Tower,0,0,5,0,5,0,0,0,0,0,0,0,5,0,5,0,0,0,5
01/11/2018,DET,MI,AGL,CE,Federal Contract Tower,0,6,16,0,22,0,1,12,0,13,0,7,28,0,35,0,0,0,35
01/12/2018,DET,MI,AGL,CE,Federal Contract Tower,0,2,6,0,8,0,0,0,0,0,0,2,6,0,8,0,0,0,8
01/13/2018,DET,MI,AGL,CE,Federal Contract Tower,0,5,24,0,29,0,0,29,0,29,0,5,53,0,58,46,0,46,104
01/14/2018,DET,MI,AGL,CE,Federal Contract Tower,0,2,17,0,19,0,0,40,0,40,0,2,57,0,59,10,0,10,69
01/15/2018,DET,MI,AGL,CE,Federal Contract Tower,0,6,17,0,23,0,0,0,0,0,0,6,17,0,23,0,0,0,23
01/16/2018,DET,MI,AGL,CE,Federal Contract Tower,0,1,20,0,21,0,0,4,0,4,0,1,24,0,25,0,0,0,25
01/17/2018,DET,MI,AGL,CE,Federal Contract Tower,0,12,31,0,43,0,0,21,0,21,0,12,52,0,64,12,0,12,76
01/18/2018,DET,MI,AGL,CE,Federal Contract Tower,0,15,28,0,43,0,0,37,0,37,0,15,65,0,80,18,0,18,98
01/19/2018,DET,MI,AGL,CE,Federal Contract Tower,0,3,20,0,23,0,0,54,0,54,0,3,74,0,77,0,0,0,77
01/20/2018,DET,MI,AGL,CE,Federal Contract Tower,0,9,23,0,32,0,0,45,0,45,0,9,68,0,77,80,0,80,157
01/21/2018,DET,MI,AGL,CE,Federal Contract Tower,0,6,10,0,16,0,0,0,0,0,0,6,10,0,16,0,0,0,16
01/22/2018,DET,MI,AGL,CE,Federal Contract Tower,0,1,16,0,17,0,0,6,0,6,0,1,22,0,23,0,0,0,23
01/23/2018,DET,MI,AGL,CE,Federal Contract Tower,0,3,9,0,12,0,0,4,0,4,0,3,13,0,16,0,0,0,16
01/25/2018,DET,MI,AGL,CE,Federal Contract Tower,0,5,13,2,20,0,0,34,0,34,0,5,47,2,54,0,0,0,54
01/26/2018,DET,MI,AGL,CE,Federal Contract Tower,0,5,20,0,25,0,0,67,0,67,0,5,87,0,92,106,0,106,198
01/27/2018,DET,MI,AGL,CE,Federal Contract Tower,0,0,14,0,14,0,0,29,0,29,0,0,43,0,43,52,0,52,95
01/28/2018,DET,MI,AGL,CE,Federal Contract Tower,0,2,19,0,21,0,0,28,0,28,0,2,47,0,49,22,0,22,71
01/29/2018,DET,MI,AGL,CE,Federal Contract Tower,0,0,11,0,11,0,0,0,0,0,0,0,11,0,11,0,0,0,11
01/31/2018,DET,MI,AGL,CE,Federal Contract Tower,0,8,12,0,20,0,1,31,0,32,0,9,43,0,52,0,0,0,52
02/01/2018,DET,MI,AGL,CE,Federal Contract Tower,0,11,17,0,28,0,0,37,0,37,0,11,54,0,65,76,0,76,141
02/02/2018,DET,MI,AGL,CE,Federal Contract Tower,0,7,7,0,14,0,0,47,1,48,0,7,54,1,62,2,0,2,64
02/03/2018,DET,MI,AGL,CE,Federal Contract Tower,0,1,4,0,5,0,0,24,0,24,0,1,28,0,29,12,0,12,41
02/04/2018,DET,MI,AGL,CE,Federal Contract Tower,0,1,3,0,4,0,0,0,0,0,0,1,3,0,4,0,0,0,4
02/05/2018,DET,MI,AGL,CE,Federal Contract Tower,0,6,4,0,10,0,0,2,0,2,0,6,6,0,12,0,0,0,12
02/06/2018,DET,MI,AGL,CE,Federal Contract Tower,0,8,7,0,15,0,0,22,2,24,0,8,29,2,39,18,0,18,57
02/07/2018,DET,MI,AGL,CE,Federal Contract Tower,0,5,12,0,17,0,0,17,0,17,0,5,29,0,34,40,0,40,74
02/08/2018,DET,MI,AGL,CE,Federal Contract Tower,0,5,13,0,18,0,0,17,0,17,0,5,30,0,35,0,0,0,35
02/09/2018,DET,MI,AGL,CE,Federal Contract Tower,0,0,2,0,2,0,0,1,0,1,0,0,3,0,3,0,0,0,3
02/10/2018,DET,MI,AGL,CE,Federal Contract Tower,0,0,3,0,3,0,0,2,0,2,0,0,5,0,5,0,0,0,5
02/11/2018,DET,MI,AGL,CE,Federal Contract Tower,0,0,4,0,4,0,0,0,0,0,0,0,4,0,4,0,0,0,4
02/12/2018,DET,MI,AGL,CE,Federal Contract Tower,0,1,8,0,9,0,0,12,0,12,0,1,20,0,21,60,0,60,81
02/13/2018,DET,MI,AGL,CE,Federal Contract Tower,0,8,6,0,14,0,0,15,0,15,0,8,21,0,29,88,0,88,117
02/14/2018,DET,MI,AGL,CE,Federal Contract Tower,0,8,11,0,19,0,0,37,0,37,0,8,48,0,56,122,0,122,178
02/15/2018,DET,MI,AGL,CE,Federal Contract Tower,0,5,7,2,14,0,0,0,0,0,0,5,7,2,14,0,0,0,14
02/16/2018,DET,MI,AGL,CE,Federal Contract Tower,0,1,18,0,19,0,0,55,0,55,0,1,73,0,74,88,0,88,162
02/17/2018,DET,MI,AGL,CE,Federal Contract Tower,0,5,9,0,14,0,0,32,6,38,0,5,41,6,52,6,0,6,58
02/18/2018,DET,MI,AGL,CE,Federal Contract Tower,0,1,13,0,14,0,0,20,0,20,0,1,33,0,34,24,0,24,58
02/19/2018,DET,MI,AGL,CE,Federal Contract Tower,0,2,7,0,9,0,0,4,0,4,0,2,11,0,13,0,0,0,13
02/21/2018,DET,MI,AGL,CE,Federal Contract Tower,0,4,10,0,14,0,0,29,0,29,0,4,39,0,43,20,0,20,63
02/22/2018,DET,MI,AGL,CE,Federal Contract Tower,0,2,22,0,24,0,0,57,0,57,0,2,79,0,81,80,0,80,161
02/23/2018,DET,MI,AGL,CE,Federal Contract Tower,0,6,12,0,18,0,0,3,0,3,0,6,15,0,21,0,0,0,21
02/24/2018,DET,MI,AGL,CE,Federal Contract Tower,0,1,14,0,15,0,1,34,0,35,0,2,48,0,50,76,0,76,126
02/25/2018,DET,MI,AGL,CE,Federal Contract Tower,0,1,19,0,20,0,0,13,0,13,0,1,32,0,33,2,0,2,35
02/26/2018,DET,MI,AGL,CE,Federal Contract Tower,0,2,10,0,12,0,0,23,0,23,0,2,33,0,35,110,0,110,145
02/28/2018,DET,MI,AGL,CE,Federal Contract Tower,0,7,20,0,27,0,0,41,0,41,0,7,61,0,68,70,0,70,138
03/01/2018,DET,MI,AGL,CE,Federal Contract Tower,0,0,10,0,10,0,0,5,0,5,0,0,15,0,15,0,0,0,15
03/02/2018,DET,MI,AGL,CE,Federal Contract Tower,0,3,17,1,21,0,3,16,2,21,0,6,33,3,42,0,0,0,42
03/03/2018,DET,MI,AGL,CE,Federal Contract Tower,0,6,20,0,26,0,1,67,1,69,0,7,87,1,95,106,0,106,201
03/04/2018,DET,MI,AGL,CE,Federal Contract Tower,0,4,21,0,25,0,0,28,0,28,0,4,49,0,53,114,0,114,167
03/05/2018,DET,MI,AGL,CE,Federal Contract Tower,0,7,6,0,13,0,0,27,0,27,0,7,33,0,40,0,0,0,40
03/07/2018,DET,MI,AGL,CE,Federal Contract Tower,0,2,5,0,7,0,0,3,0,3,0,2,8,0,10,14,0,14,24
03/08/2018,DET,MI,AGL,CE,Federal Contract Tower,0,0,16,0,16,0,0,1,0,1,0,0,17,0,17,0,0,0,17
03/09/2018,DET,MI,AGL,CE,Federal Contract Tower,0,9,17,0,26,0,0,43,0,43,0,9,60,0,69,84,0,84,153
03/10/2018,DET,MI,AGL,CE,Federal Contract Tower,0,3,20,0,23,0,0,50,3,53,0,3,70,3,76,66,6,72,148
03/11/2018,DET,MI,AGL,CE,Federal Contract Tower,0,3,6,0,9,0,0,58,0,58,0,3,64,0,67,92,0,92,159
03/12/2018,DET,MI,AGL,CE,Federal Contract Tower,0,4,5,0,9,0,0,6,2,8,0,4,11,2,17,0,0,0,17
03/13/2018,DET,MI,AGL,CE,Federal Contract Tower,0,9,8,0,17,0,0,24,2,26,0,9,32,2,43,76,2,78,121
03/14/2018,DET,MI,AGL,CE,Federal Contract Tower,0,6,7,0,13,0,0,41,0,41,0,6,48,0,54,114,0,114,168
03/15/2018,DET,MI,AGL,CE,Federal Contract Tower,0,4,8,0,12,0,0,51,2,53,0,4,59,2,65,92,0,92,157
03/16/2018,DET,MI,AGL,CE,Federal Contract Tower,0,8,29,1,38,0,0,45,1,46,0,8,74,2,84,64,0,64,148
03/17/2018,DET,MI,AGL,CE,Federal Contract Tower,0,1,17,0,18,0,1,44,4,49,0,2,61,4,67,72,0,72,139
03/18/2018,DET,MI,AGL,CE,Federal Contract Tower,0,3,28,0,31,0,0,29,2,31,0,3,57,2,62,70,2,72,134
03/19/2018,DET,MI,AGL,CE,Federal Contract Tower,0,0,15,0,15,0,0,23,0,23,0,0,38,0,38,32,8,40,78
03/20/2018,DET,MI,AGL,CE,Federal Contract Tower,0,7,23,0,30,0,0,20,0,20,0,7,43,0,50,94,0,94,144
03/21/2018,DET,MI,AGL,CE,Federal Contract Tower,0,4,11,0,15,0,0,40,0,40,0,4,51,0,55,36,0,36,91
03/22/2018,DET,MI,AGL,CE,Federal Contract Tower,0,11,19,0,30,0,0,61,0,61,0,11,80,0,91,82,0,82,173
03/23/2018,DET,MI,AGL,CE,Federal Contract Tower,0,4,25,0,29,0,0,43,0,43,0,4,68,0,72,74,0,74,146
03/24/2018,DET,MI,AGL,CE,Federal Contract Tower,0,2,11,0,13,0,0,38,0,38,0,2,49,0,51,22,0,22,73
03/25/2018,DET,MI,AGL,CE,Federal Contract Tower,0,6,13,0,19,0,0,20,0,20,0,6,33,0,39,10,0,10,49
03/26/2018,DET,MI,AGL,CE,Federal Contract Tower,0,5,7,0,12,0,0,24,0,24,0,5,31,0,36,86,0,86,122
03/27/2018,DET,MI,AGL,CE,Federal Contract Tower,0,3,9,4,16,0,0,15,0,15,0,3,24,4,31,0,0,0,31
03/28/2018,DET,MI,AGL,CE,Federal Contract Tower,0,11,8,0,19,0,0,54,0,54,0,11,62,0,73,0,0,0,73
03/29/2018,DET,MI,AGL,CE,Federal Contract Tower,0,4,6,0,10,0,0,2,0,2,0,4,8,0,12,0,0,0,12
03/30/2018,DET,MI,AGL,CE,Federal Contract Tower,0,6,14,0,20,0,1,75,0,76,0,7,89,0,96,118,0,118,214
03/31/2018,DET,MI,AGL,CE,Federal Contract Tower,0,5,7,0,12,0,0,12,0,12,0,5,19,0,24,28,0,28,52
04/01/2018,DET,MI,AGL,CE,Federal Contract Tower,0,1,6,0,7,0,0,13,0,13,0,1,19,0,20,0,0,0,20
04/02/2018,DET,MI,AGL,CE,Federal Contract Tower,0,9,9,0,18,0,0,25,0,25,0,9,34,0,43,110,0,110,153
04/03/2018,DET,MI,AGL,CE,Federal Contract Tower,0,5,10,0,15,0,0,16,0,16,0,5,26,0,31,56,0,56,87
04/05/2018,DET,MI,AGL,CE,Federal Contract Tower,0,3,9,1,13,0,0,43,4,47,0,3,52,5,60,88,0,88,148
04/06/2018,DET,MI,AGL,CE,Federal Contract Tower,0,2,23,0,25,0,4,13,0,17,0,6,36,0,42,2,0,2,44
04/07/2018,DET,MI,AGL,CE,Federal Contract Tower,0,2,10,0,12,0,0,18,0,18,0,2,28,0,30,50,0,50,80
04/08/2018,DET,MI,AGL,CE,Federal Contract Tower,0,4,19,0,23,0,0,49,0,49,0,4,68,0,72,122,0,122,194
04/09/2018,DET,MI,AGL,CE,Federal Contract Tower,0,0,15,0,15,0,0,2,0,2,0,0,17,0,17,0,0,0,17
04/10/2018,DET,MI,AGL,CE,Federal Contract Tower,0,2,9,0,11,0,0,37,0,37,0,2,46,0,48,78,0,78,126
04/11/2018,DET,MI,AGL,CE,Federal Contract Tower,0,8,17,0,25,0,0,60,0,60,0,8,77,0,85,0,0,0,85
04/12/2018,DET,MI,AGL,CE,Federal Contract Tower,0,5,17,1,23,0,0,2,0,2,0,5,19,1,25,0,0,0,25
04/13/2018,DET,MI,AGL,CE,Federal Contract Tower,0,4,12,0,16,0,0,34,0,34,0,4,46,0,50,36,0,36,86
04/14/2018,DET,MI,AGL,CE,Federal Contract Tower,0,0,10,0,10,0,0,4,0,4,0,0,14,0,14,0,0,0,14
04/15/2018,DET,MI,AGL,CE,Federal Contract Tower,0,1,4,0,5,0,0,0,0,0,0,1,4,0,5,0,0,0,5
04/16/2018,DET,MI,AGL,CE,Federal Contract Tower,0,5,14,9,28,0,0,20,0,20,0,5,34,9,48,48,0,48,96
04/17/2018,DET,MI,AGL,CE,Federal Contract Tower,0,3,21,0,24,0,0,18,0,18,0,3,39,0,42,0,0,0,42
04/18/2018,DET,MI,AGL,CE,Federal Contract Tower,0,16,23,0,39,0,0,52,0,52,0,16,75,0,91,18,0,18,109
04/19/2018,DET,MI,AGL,CE,Federal Contract Tower,0,9,22,0,31,0,0,51,0,51,0,9,73,0,82,52,0,52,134
04/20/2018,DET,MI,AGL,CE,Federal Contract Tower,0,3,19,0,22,0,0,42,0,42,0,3,61,0,64,6,0,6,70
04/21/2018,DET,MI,AGL,CE,Federal Contract Tower,0,8,9,1,18,0,0,40,0,40,0,8,49,1,58,80,0,80,138
04/22/2018,DET,MI,AGL,CE,Federal Contract Tower,0,7,13,0,20,0,0,27,0,27,0,7,40,0,47,80,0,80,127
04/23/2018,DET,MI,AGL,CE,Federal Contract Tower,0,0,9,0,9,0,0,30,0,30,0,0,39,0,39,166,0,166,205
04/24/2018,DET,MI,AGL,CE,Federal Contract Tower,0,9,8,0,17,0,0,17,2,19,0,9,25,2,36,60,0,60,96
04/25/2018,DET,MI,AGL,CE,Federal Contract Tower,0,3,13,0,16,0,0,27,0,27,0,3,40,0,43,0,0,0,43
04/26/2018,DET,MI,AGL,CE,Federal Contract Tower,0,2,18,0,20,0,1,40,0,41,0,3,58,0,61,0,0,0,61
04/27/2018,DET,MI,AGL,CE,Federal Contract Tower,0,3,18,0,21,0,0,28,2,30,0,3,46,2,51,28,0,28,79
04/28/2018,DET,MI,AGL,CE,Federal Contract Tower,0,6,12,0,18,0,0,10,0,10,0,6,22,0,28,0,0,0,28
04/29/2018,DET,MI,AGL,CE,Federal Contract Tower,0,5,10,0,15,0,0,38,0,38,0,5,48,0,53,28,0,28,81
04/30/2018,DET,MI,AGL,CE,Federal Contract Tower,0,6,9,0,15,0,0,40,0,40,0,6,49,0,55,192,0,192,247
05/01/2018,DET,MI,AGL,CE,Federal Contract Tower,0,5,20,0,25,0,0,43,0,43,0,5,63,0,68,50,0,50,118
05/02/2018,DET,MI,AGL,CE,Federal Contract Tower,0,6,23,0,29,0,0,57,0,57,0,6,80,0,86,90,0,90,176
05/03/2018,DET,MI,AGL,CE,Federal Contract Tower,0,13,26,0,39,0,0,29,0,29,0,13,55,0,68,0,0,0,68
05/04/2018,DET,MI,AGL,CE,Federal Contract Tower,0,7,17,0,24,0,0,15,0,15,0,7,32,0,39,0,0,0,39
05/05/2018,DET,MI,AGL,CE,Federal Contract Tower,0,3,6,0,9,0,0,25,0,25,0,3,31,0,34,68,0,68,102
05/06/2018,DET,MI,AGL,CE,Federal Contract Tower,0,10,3,0,13,0,0,22,0,22,0,10,25,0,35,12,0,12,47
05/07/2018,DET,MI,AGL,CE,Federal Contract Tower,0,10,9,0,19,0,0,48,0,48,0,10,57,0,67,132,0,132,199
05/08/2018,DET,MI,AGL,CE,Federal Contract Tower,0,11,21,0,32,0,0,54,0,54,0,11,75,0,86,150,0,150,236
05/09/2018,DET,MI,AGL,CE,Federal Contract Tower,0,6,20,0,26,0,0,54,0,54,0,6,74,0,80,92,0,92,172
05/10/2018,DET,MI,AGL,CE,Federal Contract Tower,0,9,16,0,25,0,0,64,0,64,0,9,80,0,89,78,0,78,167
05/11/2018,DET,MI,AGL,CE,Federal Contract Tower,0,3,15,0,18,0,0,35,0,35,0,3,50,0,53,20,0,20,73
05/12/2018,DET,MI,AGL,CE,Federal Contract Tower,0,1,11,0,12,0,0,0,0,0,0,1,11,0,12,0,0,0,12
05/13/2018,DET,MI,AGL,CE,Federal Contract Tower,0,2,14,0,16,0,0,21,0,21,0,2,35,0,37,0,0,0,37
05/14/2018,DET,MI,AGL,CE,Federal Contract Tower,0,7,11,0,18,0,0,20,0,20,0,7,31,0,38,40,0,40,78
05/15/2018,DET,MI,AGL,CE,Federal Contract Tower,0,7,9,0,16,0,0,34,0,34,0,7,43,0,50,122,0,122,172
05/16/2018,DET,MI,AGL,CE,Federal Contract Tower,0,15,29,0,44,0,0,66,0,66,0,15,95,0,110,114,0,114,224
05/17/2018,DET,MI,AGL,CE,Federal Contract Tower,0,9,26,0,35,0,10,62,1,73,0,19,88,1,108,134,0,134,242
05/18/2018,DET,MI,AGL,CE,Federal Contract Tower,0,9,18,0,27,0,4,36,0,40,0,13,54,0,67,28,0,28,95
05/19/2018,DET,MI,AGL,CE,Federal Contract Tower,0,3,10,0,13,0,0,5,0,5,0,3,15,0,18,0,0,0,18
05/20/2018,DET,MI,AGL,CE,Federal Contract Tower,0,2,11,0,13,0,0,40,0,40,0,2,51,0,53,158,0,158,211
05/21/2018,DET,MI,AGL,CE,Federal Contract Tower,0,5,17,0,22,0,0,30,0,30,0,5,47,0,52,70,0,70,122
05/22/2018,DET,MI,AGL,CE,Federal Contract Tower,0,2,17,0,19,0,12,53,4,69,0,14,70,4,88,58,0,58,146
05/23/2018,DET,MI,AGL,CE,Federal Contract Tower,0,7,24,0,31,0,10,48,0,58,0,17,72,0,89,78,0,78,167
05/24/2018,DET,MI,AGL,CE,Federal Contract Tower,0,9,26,0,35,0,0,30,0,30,0,9,56,0,65,18,0,18,83
05/25/2018,DET,MI,AGL,CE,Federal Contract Tower,0,4,17,0,21,0,2,29,0,31,0,6,46,0,52,40,0,40,92
05/26/2018,DET,MI,AGL,CE,Federal Contract Tower,0,0,12,0,12,0,0,37,0,37,0,0,49,0,49,56,0,56,105
05/27/2018,DET,MI,AGL,CE,Federal Contract Tower,0,0,12,0,12,0,0,45,0,45,0,0,57,0,57,154,0,154,211
05/28/2018,DET,MI,AGL,CE,Federal Contract Tower,0,3,11,0,14,0,0,42,0,42,0,3,53,0,56,92,0,92,148
05/29/2018,DET,MI,AGL,CE,Federal Contract Tower,0,3,10,0,13,0,7,50,0,57,0,10,60,0,70,0,0,0,70
05/30/2018,DET,MI,AGL,CE,Federal Contract Tower,0,1,14,0,15,0,5,44,0,49,0,6,58,0,64,62,0,62,126
05/31/2018,DET,MI,AGL,CE,Federal Contract Tower,0,7,25,0,32,0,2,32,3,37,0,9,57,3,69,42,0,42,111
06/01/2018,DET,MI,AGL,CE,Federal Contract Tower,0,5,22,0,27,0,1,29,0,30,0,6,51,0,57,34,0,34,91
06/02/2018,DET,MI,AGL,CE,Federal Contract Tower,0,9,16,0,25,0,0,57,0,57,0,9,73,0,82,50,0,50,132
06/03/2018,DET,MI,AGL,CE,Federal Contract Tower,0,13,17,0,30,0,0,55,0,55,0,13,72,0,85,104,0,104,189
06/04/2018,DET,MI,AGL,CE,Federal Contract Tower,0,6,22,0,28,0,0,43,1,44,0,6,65,1,72,54,0,54,126
06/05/2018,DET,MI,AGL,CE,Federal Contract Tower,0,2,13,0,15,0,0,49,0,49,0,2,62,0,64,94,0,94,158
06/06/2018,DET,MI,AGL,CE,Federal Contract Tower,0,6,13,0,19,0,7,47,0,54,0,13,60,0,73,66,0,66,139
06/07/2018,DET,MI,AGL,CE,Federal Contract Tower,0,7,24,0,31,0,12,17,1,30,0,19,41,1,61,88,0,88,149
06/08/2018,DET,MI,AGL,CE,Federal Contract Tower,0,5,15,1,21,0,2,20,1,23,0,7,35,2,44,0,0,0,44
06/09/2018,DET,MI,AGL,CE,Federal Contract Tower,0,3,19,0,22,0,2,20,0,22,0,5,39,0,44,30,0,30,74
06/10/2018,DET,MI,AGL,CE,Federal Contract Tower,0,4,22,0,26,0,0,12,0,12,0,4,34,0,38,0,0,0,38
06/11/2018,DET,MI,AGL,CE,Federal Contract Tower,0,6,23,0,29,0,0,30,0,30,0,6,53,0,59,50,0,50,109
06/12/2018,DET,MI,AGL,CE,Federal Contract Tower,0,8,26,0,34,0,8,56,0,64,0,16,82,0,98,152,0,152,250
06/13/2018,DET,MI,AGL,CE,Federal Contract Tower,0,12,23,0,35,0,3,41,4,48,0,15,64,4,83,62,0,62,145
06/14/2018,DET,MI,AGL,CE,Federal Contract Tower,0,6,18,0,24,0,0,44,3,47,0,6,62,3,71,60,0,60,131
06/15/2018,DET,MI,AGL,CE,Federal Contract Tower,0,15,18,0,33,0,1,22,0,23,0,16,40,0,56,58,0,58,114
06/16/2018,DET,MI,AGL,CE,Federal Contract Tower,0,16,3,0,19,0,0,31,0,31,0,16,34,0,50,86,0,86,136
06/17/2018,DET,MI,AGL,CE,Federal Contract Tower,0,5,10,0,15,0,0,36,0,36,0,5,46,0,51,100,0,100,151
06/18/2018,DET,MI,AGL,CE,Federal Contract Tower,0,6,14,0,20,0,0,32,0,32,0,6,46,0,52,80,0,80,132
06/19/2018,DET,MI,AGL,CE,Federal Contract Tower,0,4,10,1,15,0,0,47,0,47,0,4,57,1,62,100,0,100,162
06/20/2018,DET,MI,AGL,CE,Federal Contract Tower,0,2,29,0,31,0,0,50,0,50,0,2,79,0,81,78,0,78,159
06/21/2018,DET,MI,AGL,CE,Federal Contract Tower,0,6,32,0,38,0,0,50,2,52,0,6,82,2,90,76,0,76,166
06/22/2018,DET,MI,AGL,CE,Federal Contract Tower,0,2,21,0,23,0,0,22,0,22,0,2,43,0,45,32,0,32,77
06/23/2018,DET,MI,AGL,CE,Federal Contract Tower,0,4,9,0,13,0,0,9,0,9,0,4,18,0,22,4,0,4,26
06/24/2018,DET,MI,AGL,CE,Federal Contract Tower,0,4,23,0,27,0,0,31,0,31,0,4,54,0,58,82,0,82,140
06/25/2018,DET,MI,AGL,CE,Federal Contract Tower,0,4,16,2,22,0,0,76,0,76,0,4,92,2,98,192,0,192,290
06/26/2018,DET,MI,AGL,CE,Federal Contract Tower,0,3,11,0,14,0,0,62,0,62,0,3,73,0,76,0,0,0,76
06/27/2018,DET,MI,AGL,CE,Federal Contract Tower,0,3,7,0,10,0,0,2,0,2,0,3,9,0,12,0,0,0,12
06/28/2018,DET,MI,AGL,CE,Federal Contract Tower,0,12,37,0,49,0,0,46,2,48,0,12,83,2,97,18,4,22,119
06/29/2018,DET,MI,AGL,CE,Federal Contract Tower,0,5,30,2,37,0,4,19,0,23,0,9,49,2,60,8,0,8,68
06/30/2018,DET,MI,AGL,CE,Federal Contract Tower,0,0,10,0,10,0,0,25,0,25,0,0,35,0,35,38,0,38,73
07/01/2018,DET,MI,AGL,CE,Federal Contract Tower,0,3,10,0,13,0,0,24,0,24,0,3,34,0,37,158,0,158,195
07/02/2018,DET,MI,AGL,CE,Federal Contract Tower,0,6,6,0,12,0,0,22,0,22,0,6,28,0,34,80,0,80,114
07/03/2018,DET,MI,AGL,CE,Federal Contract Tower,0,3,14,0,17,0,0,62,0,62,0,3,76,0,79,74,0,74,153
07/04/2018,DET,MI,AGL,CE,Federal Contract Tower,0,1,8,0,9,0,0,35,2,37,0,1,43,2,46,60,4,64,110
07/05/2018,DET,MI,AGL,CE,Federal Contract Tower,0,6,21,0,27,0,1,41,4,46,0,7,62,4,73,24,0,24,97
07/06/2018,DET,MI,AGL,CE,Federal Contract Tower,0,2,11,0,13,0,0,25,0,25,0,2,36,0,38,14,0,14,52
07/07/2018,DET,MI,AGL,CE,Federal Contract Tower,0,0,12,0,12,0,0,35,0,35,0,0,47,0,47,72,0,72,119
07/08/2018,DET,MI,AGL,CE,Federal Contract Tower,0,5,20,0,25,0,0,83,0,83,0,5,103,0,108,178,0,178,286
07/09/2018,DET,MI,AGL,CE,Federal Contract Tower,0,9,12,0,21,0,0,47,0,47,0,9,59,0,68,94,0,94,162
07/10/2018,DET,MI,AGL,CE,Federal Contract Tower,0,11,22,0,33,0,0,37,0,37,0,11,59,0,70,20,0,20,90
07/11/2018,DET,MI,AGL,CE,Federal Contract Tower,0,9,26,1,36,0,4,102,0,106,0,13,128,1,142,90,8,98,240
07/12/2018,DET,MI,AGL,CE,Federal Contract Tower,0,21,18,3,42,0,0,52,1,53,0,21,70,4,95,65,0,65,160
07/13/2018,DET,MI,AGL,CE,Federal Contract Tower,0,9,17,0,26,0,0,45,0,45,0,9,62,0,71,42,0,42,113
07/14/2018,DET,MI,AGL,CE,Federal Contract Tower,0,12,11,0,23,0,0,33,0,33,0,12,44,0,56,112,0,112,168
07/15/2018,DET,MI,AGL,CE,Federal Contract Tower,0,5,21,0,26,0,0,42,0,42,0,5,63,0,68,94,0,94,162
07/16/2018,DET,MI,AGL,CE,Federal Contract Tower,0,6,15,0,21,0,0,59,0,59,0,6,74,0,80,38,0,38,118
07/17/2018,DET,MI,AGL,CE,Federal Contract Tower,0,12,16,0,28,0,2,47,0,49,0,14,63,0,77,58,0,58,135
07/18/2018,DET,MI,AGL,CE,Federal Contract Tower,0,13,16,0,29,0,0,30,0,30,0,13,46,0,59,32,0,32,91
07/19/2018,DET,MI,AGL,CE,Federal Contract Tower,0,8,30,0,38,0,0,42,0,42,0,8,72,0,80,46,0,46,126
07/20/2018,DET,MI,AGL,CE,Federal Contract Tower,0,5,13,0,18,0,0,34,0,34,0,5,47,0,52,2,0,2,54
07/21/2018,DET,MI,AGL,CE,Federal Contract Tower,0,8,10,2,20,0,0,25,0,25,0,8,35,2,45,80,0,80,125
07/22/2018,DET,MI,AGL,CE,Federal Contract Tower,0,10,15,0,25,0,0,26,0,26,0,10,41,0,51,12,0,12,63
07/23/2018,DET,MI,AGL,CE,Federal Contract Tower,0,13,24,0,37,0,0,56,0,56,0,13,80,0,93,0,0,0,93
07/24/2018,DET,MI,AGL,CE,Federal Contract Tower,0,12,27,0,39,0,1,30,0,31,0,13,57,0,70,44,0,44,114
07/25/2018,DET,MI,AGL,CE,Federal Contract Tower,0,18,16,0,34,0,0,37,4,41,0,18,53,4,75,34,0,34,109
07/26/2018,DET,MI,AGL,CE,Federal Contract Tower,0,2,26,0,28,0,2,14,0,16,0,4,40,0,44,0,0,0,44
07/27/2018,DET,MI,AGL,CE,Federal Contract Tower,0,5,16,0,21,0,0,36,0,36,0,5,52,0,57,0,0,0,57
07/28/2018,DET,MI,AGL,CE,Federal Contract Tower,0,5,14,0,19,0,0,42,0,42,0,5,56,0,61,132,0,132,193
07/29/2018,DET,MI,AGL,CE,Federal Contract Tower,0,11,10,0,21,0,0,58,0,58,0,11,68,0,79,146,0,146,225
07/30/2018,DET,MI,AGL,CE,Federal Contract Tower,0,6,13,0,19,0,0,63,0,63,0,6,76,0,82,84,0,84,166
07/31/2018,DET,MI,AGL,CE,Federal Contract Tower,0,5,20,0,25,0,0,47,2,49,0,5,67,2,74,68,0,68,142
08/01/2018,DET,MI,AGL,CE,Federal Contract Tower,0,17,17,4,38,0,0,43,0,43,0,17,60,4,81,36,0,36,117
08/02/2018,DET,MI,AGL,CE,Federal Contract Tower,0,7,20,0,27,0,0,22,0,22,0,7,42,0,49,26,0,26,75
08/03/2018,DET,MI,AGL,CE,Federal Contract Tower,2,1,29,0,32,0,12,35,0,47,2,13,64,0,79,26,0,26,105
08/04/2018,DET,MI,AGL,CE,Federal Contract Tower,0,3,21,0,24,0,0,28,0,28,0,3,49,0,52,118,0,118,170
08/05/2018,DET,MI,AGL,CE,Federal Contract Tower,0,10,17,0,27,0,0,46,0,46,0,10,63,0,73,82,0,82,155
08/06/2018,DET,MI,AGL,CE,Federal Contract Tower,0,8,17,0,25,0,0,46,0,46,0,8,63,0,71,8,0,8,79
08/07/2018,DET,MI,AGL,CE,Federal Contract Tower,0,7,17,0,24,0,2,33,0,35,0,9,50,0,59,16,0,16,75
08/08/2018,DET,MI,AGL,CE,Federal Contract Tower,0,11,21,0,32,0,2,24,0,26,0,13,45,0,58,30,0,30,88
08/09/2018,DET,MI,AGL,CE,Federal Contract Tower,0,8,24,0,32,0,0,34,0,34,0,8,58,0,66,20,0,20,86
08/10/2018,DET,MI,AGL,CE,Federal Contract Tower,0,4,33,0,37,0,0,35,0,35,0,4,68,0,72,54,0,54,126
08/11/2018,DET,MI,AGL,CE,Federal Contract Tower,0,2,6,0,8,0,0,32,0,32,0,2,38,0,40,28,0,28,68
08/12/2018,DET,MI,AGL,CE,Federal Contract Tower,0,4,20,0,24,0,0,72,0,72,0,4,92,0,96,54,0,54,150
08/13/2018,DET,MI,AGL,CE,Federal Contract Tower,0,10,19,0,29,0,0,52,0,52,0,10,71,0,81,98,0,98,179
08/14/2018,DET,MI,AGL,CE,Federal Contract Tower,0,17,16,0,33,0,0,55,0,55,0,17,71,0,88,86,0,86,174
08/15/2018,DET,MI,AGL,CE,Federal Contract Tower,0,7,25,0,32,0,0,45,0,45,0,7,70,0,77,31,0,31,108
08/16/2018,DET,MI,AGL,CE,Federal Contract Tower,0,6,20,0,26,0,0,18,0,18,0,6,38,0,44,18,0,18,62
08/17/2018,DET,MI,AGL,CE,Federal Contract Tower,0,8,23,0,31,0,0,32,0,32,0,8,55,0,63,28,0,28,91
08/18/2018,DET,MI,AGL,CE,Federal Contract Tower,0,2,12,0,14,0,0,26,0,26,0,2,38,0,40,154,0,154,194
08/19/2018,DET,MI,AGL,CE,Federal Contract Tower,0,5,24,0,29,0,0,53,0,53,0,5,77,0,82,72,0,72,154
08/20/2018,DET,MI,AGL,CE,Federal Contract Tower,0,5,19,0,24,0,0,57,0,57,0,5,76,0,81,94,0,94,175
08/21/2018,DET,MI,AGL,CE,Federal Contract Tower,0,5,22,0,27,0,0,45,0,45,0,5,67,0,72,50,0,50,122
08/22/2018,DET,MI,AGL,CE,Federal Contract Tower,0,4,14,0,18,0,1,45,0,46,0,5,59,0,64,22,20,42,106
08/23/2018,DET,MI,AGL,CE,Federal Contract Tower,0,4,26,0,30,0,0,27,0,27,0,4,53,0,57,66,0,66,123
08/24/2018,DET,MI,AGL,CE,Federal Contract Tower,0,5,15,0,20,0,0,33,0,33,0,5,48,0,53,40,0,40,93
08/25/2018,DET,MI,AGL,CE,Federal Contract Tower,0,5,6,0,11,0,0,10,0,10,0,5,16,0,21,46,0,46,67
08/26/2018,DET,MI,AGL,CE,Federal Contract Tower,0,4,13,0,17,0,0,39,0,39,0,4,52,0,56,56,0,56,112
08/27/2018,DET,MI,AGL,CE,Federal Contract Tower,0,0,14,0,14,0,0,53,0,53,0,0,67,0,67,0,0,0,67
08/28/2018,DET,MI,AGL,CE,Federal Contract Tower,0,7,25,0,32,0,0,23,0,23,0,7,48,0,55,0,0,0,55
08/29/2018,DET,MI,AGL,CE,Federal Contract Tower,0,8,20,0,28,0,2,21,0,23,0,10,41,0,51,0,0,0,51
08/30/2018,DET,MI,AGL,CE,Federal Contract Tower,0,11,16,0,27,0,0,40,0,40,0,11,56,0,67,54,0,54,121
08/31/2018,DET,MI,AGL,CE,Federal Contract Tower,0,6,21,0,27,0,0,46,0,46,0,6,67,0,73,48,0,48,121
09/02/2018,DET,MI,AGL,CE,Federal Contract Tower,0,4,6,0,10,0,0,34,0,34,0,4,40,0,44,82,0,82,126
09/03/2018,DET,MI,AGL,CE,Federal Contract Tower,0,6,14,0,20,0,0,40,0,40,0,6,54,0,60,0,0,0,60
09/04/2018,DET,MI,AGL,CE,Federal Contract Tower,2,11,16,0,29,0,0,14,0,14,2,11,30,0,43,16,0,16,59
09/05/2018,DET,MI,AGL,CE,Federal Contract Tower,0,8,8,0,16,0,1,13,0,14,0,9,21,0,30,10,0,10,40
09/06/2018,DET,MI,AGL,CE,Federal Contract Tower,0,12,17,0,29,0,0,21,0,21,0,12,38,0,50,52,0,52,102
09/07/2018,DET,MI,AGL,CE,Federal Contract Tower,0,14,9,0,23,0,0,30,2,32,0,14,39,2,55,10,0,10,65
09/08/2018,DET,MI,AGL,CE,Federal Contract Tower,0,8,13,0,21,0,0,28,4,32,0,8,41,4,53,124,0,124,177
09/09/2018,DET,MI,AGL,CE,Federal Contract Tower,0,8,9,0,17,0,0,30,0,30,0,8,39,0,47,0,0,0,47
09/10/2018,DET,MI,AGL,CE,Federal Contract Tower,0,12,28,0,40,0,1,32,0,33,0,13,60,0,73,0,0,0,73
09/11/2018,DET,MI,AGL,CE,Federal Contract Tower,0,1,19,0,20,0,0,37,0,37,0,1,56,0,57,34,0,34,91
09/12/2018,DET,MI,AGL,CE,Federal Contract Tower,0,10,23,0,33,0,0,28,0,28,0,10,51,0,61,72,0,72,133
09/13/2018,DET,MI,AGL,CE,Federal Contract Tower,0,9,29,0,38,0,0,13,0,13,0,9,42,0,51,0,0,0,51
09/14/2018,DET,MI,AGL,CE,Federal Contract Tower,0,8,22,0,30,0,0,39,0,39,0,8,61,0,69,140,0,140,209
09/15/2018,DET,MI,AGL,CE,Federal Contract Tower,0,1,11,0,12,0,0,112,0,112,0,1,123,0,124,128,0,128,252
09/16/2018,DET,MI,AGL,CE,Federal Contract Tower,0,4,17,0,21,0,0,59,1,60,0,4,76,1,81,76,0,76,157
09/17/2018,DET,MI,AGL,CE,Federal Contract Tower,0,9,23,0,32,0,0,49,0,49,0,9,72,0,81,132,0,132,213
09/18/2018,DET,MI,AGL,CE,Federal Contract Tower,0,5,12,0,17,0,0,22,1,23,0,5,34,1,40,0,0,0,40
09/19/2018,DET,MI,AGL,CE,Federal Contract Tower,0,8,16,0,24,0,0,21,2,23,0,8,37,2,47,26,0,26,73
09/20/2018,DET,MI,AGL,CE,Federal Contract Tower,0,10,14,0,24,0,0,16,0,16,0,10,30,0,40,28,0,28,68
09/22/2018,DET,MI,AGL,CE,Federal Contract Tower,0,4,18,0,22,0,0,35,0,35,0,4,53,0,57,18,0,18,75
09/23/2018,DET,MI,AGL,CE,Federal Contract Tower,0,8,21,0,29,0,0,64,0,64,0,8,85,0,93,78,0,78,171
09/24/2018,DET,MI,AGL,CE,Federal Contract Tower,0,12,26,0,38,0,0,30,0,30,0,12,56,0,68,0,0,0,68
09/25/2018,DET,MI,AGL,CE,Federal Contract Tower,0,9,11,0,20,0,0,7,0,7,0,9,18,0,27,0,0,0,27
09/26/2018,DET,MI,AGL,CE,Federal Contract Tower,0,4,13,0,17,0,1,9,0,10,0,5,22,0,27,0,0,0,27
09/27/2018,DET,MI,AGL,CE,Federal Contract Tower,0,6,13,0,19,0,0,40,0,40,0,6,53,0,59,110,0,110,169
09/28/2018,DET,MI,AGL,CE,Federal Contract Tower,0,4,16,0,20,0,0,27,0,27,0,4,43,0,47,138,0,138,185
09/29/2018,DET,MI,AGL,CE,Federal Contract Tower,0,3,4,0,7,0,0,36,0,36,0,3,40,0,43,14,0,14,57
09/30/2018,DET,MI,AGL,CE,Federal Contract Tower,0,6,18,0,24,0,0,12,0,12,0,6,30,0,36,0,0,0,36
10/01/2018,DET,MI,AGL,CE,Federal Contract Tower,0,2,9,0,11,0,0,11,0,11,0,2,20,0,22,0,0,0,22
10/02/2018,DET,MI,AGL,CE,Federal Contract Tower,0,0,6,0,6,0,0,6,0,6,0,0,12,0,12,8,0,8,20
10/03/2018,DET,MI,AGL,CE,Federal Contract Tower,0,9,19,0,28,0,0,41,0,41,0,9,60,0,69,34,0,34,103
10/04/2018,DET,MI,AGL,CE,Federal Contract Tower,0,15,36,0,51,0,0,17,0,17,0,15,53,0,68,54,0,54,122
10/06/2018,DET,MI,AGL,CE,Federal Contract Tower,0,7,5,0,12,0,0,0,0,0,0,7,5,0,12,0,0,0,12
10/07/2018,DET,MI,AGL,CE,Federal Contract Tower,0,6,21,0,27,0,0,47,0,47,0,6,68,0,74,30,0,30,104
10/08/2018,DET,MI,AGL,CE,Federal Contract Tower,0,4,14,0,18,0,1,47,0,48,0,5,61,0,66,54,0,54,120
10/09/2018,DET,MI,AGL,CE,Federal Contract Tower,0,4,23,0,27,0,0,48,0,48,0,4,71,0,75,76,0,76,151
10/10/2018,DET,MI,AGL,CE,Federal Contract Tower,0,12,15,0,27,0,0,13,0,13,0,12,28,0,40,18,0,18,58
10/11/2018,DET,MI,AGL,CE,Federal Contract Tower,0,6,20,0,26,0,0,6,0,6,0,6,26,0,32,0,0,0,32
10/12/2018,DET,MI,AGL,CE,Federal Contract Tower,0,9,14,0,23,0,0,26,0,26,0,9,40,0,49,120,0,120,169
10/13/2018,DET,MI,AGL,CE,Federal Contract Tower,0,2,16,0,18,0,0,44,0,44,0,2,60,0,62,78,0,78,140
10/14/2018,DET,MI,AGL,CE,Federal Contract Tower,0,6,10,0,16,0,0,112,0,112,0,6,122,0,128,160,0,160,288
10/15/2018,DET,MI,AGL,CE,Federal Contract Tower,0,10,19,0,29,0,0,40,0,40,0,10,59,0,69,76,0,76,145
10/16/2018,DET,MI,AGL,CE,Federal Contract Tower,0,5,25,0,30,0,0,46,0,46,0,5,71,0,76,36,0,36,112
10/17/2018,DET,MI,AGL,CE,Federal Contract Tower,0,13,17,0,30,0,0,12,0,12,0,13,29,0,42,4,0,4,46
10/18/2018,DET,MI,AGL,CE,Federal Contract Tower,0,13,20,0,33,0,0,39,0,39,0,13,59,0,72,104,0,104,176
10/19/2018,DET,MI,AGL,CE,Federal Contract Tower,0,6,15,0,21,0,0,27,0,27,0,6,42,0,48,92,0,92,140
10/20/2018,DET,MI,AGL,CE,Federal Contract Tower,0,3,10,0,13,0,0,5,0,5,0,3,15,0,18,56,0,56,74
10/21/2018,DET,MI,AGL,CE,Federal Contract Tower,0,4,12,0,16,0,0,62,0,62,0,4,74,0,78,62,0,62,140
10/22/2018,DET,MI,AGL,CE,Federal Contract Tower,0,7,13,0,20,0,0,36,2,38,0,7,49,2,58,68,8,76,134
10/23/2018,DET,MI,AGL,CE,Federal Contract Tower,0,13,24,0,37,0,1,31,1,33,0,14,55,1,70,0,0,0,70
10/24/2018,DET,MI,AGL,CE,Federal Contract Tower,0,15,12,0,27,0,0,22,1,23,0,15,34,1,50,68,0,68,118
10/25/2018,DET,MI,AGL,CE,Federal Contract Tower,0,12,16,0,28,0,0,24,0,24,0,12,40,0,52,22,0,22,74
10/26/2018,DET,MI,AGL,CE,Federal Contract Tower,0,3,18,0,21,0,0,26,0,26,0,3,44,0,47,26,0,26,73
10/27/2018,DET,MI,AGL,CE,Federal Contract Tower,0,9,10,0,19,0,0,2,0,2,0,9,12,0,21,32,0,32,53
10/28/2018,DET,MI,AGL,CE,Federal Contract Tower,0,8,17,0,25,0,0,42,0,42,0,8,59,0,67,0,0,0,67
10/29/2018,DET,MI,AGL,CE,Federal Contract Tower,0,4,13,0,17,0,0,49,0,49,0,4,62,0,66,8,0,8,74
10/30/2018,DET,MI,AGL,CE,Federal Contract Tower,0,18,26,0,44,0,0,38,0,38,0,18,64,0,82,10,0,10,92
10/31/2018,DET,MI,AGL,CE,Federal Contract Tower,0,11,13,0,24,0,0,16,4,20,0,11,29,4,44,0,6,6,50
11/01/2018,DET,MI,AGL,CE,Federal Contract Tower,0,8,12,0,20,0,0,0,0,0,0,8,12,0,20,0,0,0,20
11/02/2018,DET,MI,AGL,CE,Federal Contract Tower,0,5,22,0,27,0,0,18,0,18,0,5,40,0,45,76,0,76,121
11/03/2018,DET,MI,AGL,CE,Federal Contract Tower,0,4,2,0,6,0,0,34,0,34,0,4,36,0,40,82,0,82,122
11/04/2018,DET,MI,AGL,CE,Federal Contract Tower,0,6,18,0,24,0,0,45,0,45,0,6,63,0,69,82,0,82,151
11/05/2018,DET,MI,AGL,CE,Federal Contract Tower,0,5,8,0,13,0,0,25,0,25,0,5,33,0,38,22,0,22,60
11/06/2018,DET,MI,AGL,CE,Federal Contract Tower,0,1,15,0,16,0,0,12,0,12,0,1,27,0,28,18,0,18,46
11/07/2018,DET,MI,AGL,CE,Federal Contract Tower,0,3,15,0,18,0,1,22,0,23,0,4,37,0,41,52,0,52,93
11/08/2018,DET,MI,AGL,CE,Federal Contract Tower,0,11,14,0,25,0,0,46,0,46,0,11,60,0,71,118,0,118,189
11/09/2018,DET,MI,AGL,CE,Federal Contract Tower,0,1,13,0,14,0,0,0,0,0,0,1,13,0,14,0,0,0,14
11/10/2018,DET,MI,AGL,CE,Federal Contract Tower,0,4,8,0,12,0,0,39,0,39,0,4,47,0,51,18,0,18,69
11/11/2018,DET,MI,AGL,CE,Federal Contract Tower,0,2,17,0,19,0,0,30,0,30,0,2,47,0,49,64,0,64,113
11/12/2018,DET,MI,AGL,CE,Federal Contract Tower,0,3,15,0,18,0,0,11,0,11,0,3,26,0,29,22,0,22,51
11/13/2018,DET,MI,AGL,CE,Federal Contract Tower,0,3,18,0,21,0,0,4,0,4,0,3,22,0,25,0,0,0,25
11/14/2018,DET,MI,AGL,CE,Federal Contract Tower,0,5,8,0,13,0,0,27,0,27,0,5,35,0,40,42,0,42,82
11/15/2018,DET,MI,AGL,CE,Federal Contract Tower,0,0,9,0,9,0,0,2,0,2,0,0,11,0,11,0,0,0,11
11/16/2018,DET,MI,AGL,CE,Federal Contract Tower,0,2,10,0,12,0,0,0,2,2,0,2,10,2,14,0,0,0,14
11/19/2018,DET,MI,AGL,CE,Federal Contract Tower,0,4,14,0,18,0,0,24,0,24,0,4,38,0,42,24,0,24,66
11/20/2018,DET,MI,AGL,CE,Federal Contract Tower,0,2,15,0,17,0,0,16,0,16,0,2,31,0,33,0,0,0,33
11/21/2018,DET,MI,AGL,CE,Federal Contract Tower,0,2,16,0,18,0,0,22,0,22,0,2,38,0,40,0,0,0,40
11/22/2018,DET,MI,AGL,CE,Federal Contract Tower,0,3,13,0,16,0,0,43,0,43,0,3,56,0,59,78,0,78,137
11/23/2018,DET,MI,AGL,CE,Federal Contract Tower,0,1,9,0,10,0,0,38,0,38,0,1,47,0,48,64,0,64,112
11/24/2018,DET,MI,AGL,CE,Federal Contract Tower,0,0,18,0,18,0,0,9,2,11,0,0,27,2,29,0,24,24,53
11/25/2018,DET,MI,AGL,CE,Federal Contract Tower,0,8,28,0,36,0,0,45,0,45,0,8,73,0,81,96,0,96,177
11/26/2018,DET,MI,AGL,CE,Federal Contract Tower,0,4,5,0,9,0,0,6,0,6,0,4,11,0,15,6,0,6,21
11/28/2018,DET,MI,AGL,CE,Federal Contract Tower,0,12,11,1,24,0,0,29,0,29,0,12,40,1,53,98,0,98,151
11/29/2018,DET,MI,AGL,CE,Federal Contract Tower,0,4,11,0,15,0,0,16,0,16,0,4,27,0,31,76,0,76,107
11/30/2018,DET,MI,AGL,CE,Federal Contract Tower,0,8,19,0,27,0,0,39,0,39,0,8,58,0,66,0,12,12,78
12/01/2018,DET,MI,AGL,CE,Federal Contract Tower,0,5,12,0,17,0,0,2,0,2,0,5,14,0,19,0,0,0,19
12/02/2018,DET,MI,AGL,CE,Federal Contract Tower,0,11,12,0,23,0,0,30,0,30,0,11,42,0,53,72,0,72,125
12/03/2018,DET,MI,AGL,CE,Federal Contract Tower,0,0,19,0,19,0,0,11,0,11,0,0,30,0,30,0,0,0,30
12/04/2018,DET,MI,AGL,CE,Federal Contract Tower,0,4,15,0,19,0,0,28,0,28,0,4,43,0,47,14,0,14,61
12/05/2018,DET,MI,AGL,CE,Federal Contract Tower,0,6,22,0,28,0,0,10,0,10,0,6,32,0,38,14,0,14,52
12/06/2018,DET,MI,AGL,CE,Federal Contract Tower,0,3,21,0,24,0,0,2,0,2,0,3,23,0,26,0,0,0,26
12/07/2018,DET,MI,AGL,CE,Federal Contract Tower,0,16,19,0,35,0,0,32,0,32,0,16,51,0,67,70,0,70,137
12/08/2018,DET,MI,AGL,CE,Federal Contract Tower,0,10,10,0,20,0,0,51,0,51,0,10,61,0,71,4,0,4,75
12/09/2018,DET,MI,AGL,CE,Federal Contract Tower,0,3,28,0,31,0,0,50,1,51,0,3,78,1,82,74,0,74,156
12/10/2018,DET,MI,AGL,CE,Federal Contract Tower,0,3,21,0,24,0,0,16,0,16,0,3,37,0,40,40,0,40,80
12/11/2018,DET,MI,AGL,CE,Federal Contract Tower,0,8,12,0,20,0,0,8,0,8,0,8,20,0,28,0,0,0,28
12/12/2018,DET,MI,AGL,CE,Federal Contract Tower,0,8,14,0,22,0,0,6,0,6,0,8,20,0,28,0,0,0,28
12/13/2018,DET,MI,AGL,CE,Federal Contract Tower,0,3,16,0,19,0,0,29,0,29,0,3,45,0,48,94,0,94,142
12/14/2018,DET,MI,AGL,CE,Federal Contract Tower,0,1,14,0,15,0,0,10,0,10,0,1,24,0,25,18,0,18,43
12/15/2018,DET,MI,AGL,CE,Federal Contract Tower,0,0,11,0,11,0,0,50,0,50,0,0,61,0,61,98,0,98,159
12/16/2018,DET,MI,AGL,CE,Federal Contract Tower,0,3,23,0,26,0,3,49,0,52,0,6,72,0,78,80,0,80,158
12/17/2018,DET,MI,AGL,CE,Federal Contract Tower,0,6,18,0,24,0,0,24,5,29,0,6,42,5,53,38,6,44,97
12/18/2018,DET,MI,AGL,CE,Federal Contract Tower,0,4,16,0,20,0,0,19,0,19,0,4,35,0,39,24,0,24,63
12/19/2018,DET,MI,AGL,CE,Federal Contract Tower,0,4,8,0,12,0,0,19,4,23,0,4,27,4,35,18,0,18,53
12/20/2018,DET,MI,AGL,CE,Federal Contract Tower,0,2,14,0,16,0,0,9,0,9,0,2,23,0,25,0,0,0,25
12/21/2018,DET,MI,AGL,CE,Federal Contract Tower,0,6,16,1,23,0,0,20,2,22,0,6,36,3,45,20,14,34,79
12/22/2018,DET,MI,AGL,CE,Federal Contract Tower,0,2,5,0,7,0,0,33,0,33,0,2,38,0,40,0,0,0,40
12/23/2018,DET,MI,AGL,CE,Federal Contract Tower,0,4,21,0,25,0,0,25,0,25,0,4,46,0,50,36,0,36,86
12/24/2018,DET,MI,AGL,CE,Federal Contract Tower,0,3,4,0,7,0,0,42,0,42,0,3,46,0,49,8,0,8,57
12/25/2018,DET,MI,AGL,CE,Federal Contract Tower,0,5,3,0,8,0,1,14,0,15,0,6,17,0,23,60,0,60,83
12/26/2018,DET,MI,AGL,CE,Federal Contract Tower,0,7,19,0,26,0,0,30,0,30,0,7,49,0,56,42,0,42,98
12/27/2018,DET,MI,AGL,CE,Federal Contract Tower,0,4,13,0,17,0,0,3,0,3,0,4,16,0,20,0,0,0,20
12/28/2018,DET,MI,AGL,CE,Federal Contract Tower,0,6,5,0,11,0,0,16,0,16,0,6,21,0,27,44,0,44,71
12/29/2018,DET,MI,AGL,CE,Federal Contract Tower,0,5,10,0,15,0,0,31,0,31,0,5,41,0,46,0,0,0,46
12/30/2018,DET,MI,AGL,CE,Federal Contract Tower,0,0,20,0,20,0,1,29,0,30,0,1,49,0,50,0,0,0,50
12/31/2018,DET,MI,AGL,CE,Federal Contract Tower,0,0,4,0,4,0,0,0,0,0,0,0,4,0,4,0,0,0,4
01/01/2019,DET,MI,AGL,CE,Federal Contract Tower,0,4,6,0,10,0,0,1,0,1,0,4,7,0,11,0,0,0,11
01/02/2019,DET,MI,AGL,CE,Federal Contract Tower,0,2,10,0,12,0,0,0,0,0,0,2,10,0,12,0,0,0,12
01/03/2019,DET,MI,AGL,CE,Federal Contract Tower,0,1,16,1,18,0,0,26,4,30,0,1,42,5,48,0,0,0,48
01/04/2019,DET,MI,AGL,CE,Federal Contract Tower,0,2,5,0,7,0,0,65,0,65,0,2,70,0,72,0,0,0,72
01/05/2019,DET,MI,AGL,CE,Federal Contract Tower,0,3,15,0,18,0,1,69,0,70,0,4,84,0,88,110,0,110,198
01/06/2019,DET,MI,AGL,CE,Federal Contract Tower,0,3,15,0,18,0,0,38,0,38,0,3,53,0,56,50,0,50,106
01/07/2019,DET,MI,AGL,CE,Federal Contract Tower,0,2,9,0,11,0,0,4,0,4,0,2,13,0,15,0,0,0,15
01/08/2019,DET,MI,AGL,CE,Federal Contract Tower,0,4,18,0,22,0,0,0,0,0,0,4,18,0,22,0,0,0,22
01/09/2019,DET,MI,AGL,CE,Federal Contract Tower,0,2,16,0,18,0,0,8,0,8,0,2,24,0,26,60,0,60,86
01/10/2019,DET,MI,AGL,CE,Federal Contract Tower,0,1,7,0,8,0,0,14,0,14,0,1,21,0,22,0,0,0,22
01/11/2019,DET,MI,AGL,CE,Federal Contract Tower,0,2,11,1,14,0,0,61,0,61,0,2,72,1,75,72,0,72,147
01/12/2019,DET,MI,AGL,CE,Federal Contract Tower,0,2,5,6,13,0,0,32,0,32,0,2,37,6,45,68,0,68,113
01/13/2019,DET,MI,AGL,CE,Federal Contract Tower,0,2,15,0,17,0,0,31,1,32,0,2,46,1,49,0,0,0,49
01/14/2019,DET,MI,AGL,CE,Federal Contract Tower,0,6,21,0,27,0,0,7,5,12,0,6,28,5,39,14,4,18,57
01/15/2019,DET,MI,AGL,CE,Federal Contract Tower,0,6,14,0,20,0,0,14,0,14,0,6,28,0,34,0,0,0,34
01/16/2019,DET,MI,AGL,CE,Federal Contract Tower,0,2,17,0,19,0,0,25,0,25,0,2,42,0,44,110,0,110,154
01/17/2019,DET,MI,AGL,CE,Federal Contract Tower,0,3,19,0,22,0,0,16,0,16,0,3,35,0,38,30,0,30,68
01/18/2019,DET,MI,AGL,CE,Federal Contract Tower,0,0,11,0,11,0,0,42,2,44,0,0,53,2,55,22,0,22,77
01/19/2019,DET,MI,AGL,CE,Federal Contract Tower,0,0,3,0,3,0,0,2,0,2,0,0,5,0,5,0,0,0,5
01/20/2019,DET,MI,AGL,CE,Federal Contract Tower,0,0,9,0,9,0,0,10,0,10,0,0,19,0,19,0,0,0,19
01/21/2019,DET,MI,AGL,CE,Federal Contract Tower,0,2,14,0,16,0,0,14,2,16,0,2,28,2,32,0,0,0,32
01/22/2019,DET,MI,AGL,CE,Federal Contract Tower,0,0,25,0,25,0,0,0,0,0,0,0,25,0,25,0,0,0,25
01/23/2019,DET,MI,AGL,CE,Federal Contract Tower,0,4,8,0,12,0,0,0,0,0,0,4,8,0,12,0,0,0,12
01/24/2019,DET,MI,AGL,CE,Federal Contract Tower,0,0,12,0,12,0,0,26,0,26,0,0,38,0,38,22,0,22,60
01/25/2019,DET,MI,AGL,CE,Federal Contract Tower,0,5,8,0,13,0,0,34,0,34,0,5,42,0,47,76,0,76,123
01/26/2019,DET,MI,AGL,CE,Federal Contract Tower,0,2,12,0,14,0,0,36,0,36,0,2,48,0,50,62,0,62,112
01/27/2019,DET,MI,AGL,CE,Federal Contract Tower,0,3,7,0,10,0,0,6,0,6,0,3,13,0,16,0,0,0,16
01/28/2019,DET,MI,AGL,CE,Federal Contract Tower,0,0,4,0,4,0,0,0,0,0,0,0,4,0,4,0,0,0,4
01/29/2019,DET,MI,AGL,CE,Federal Contract Tower,0,0,2,0,2,0,0,0,0,0,0,0,2,0,2,0,0,0,2
01/30/2019,DET,MI,AGL,CE,Federal Contract Tower,0,1,0,0,1,0,0,0,0,0,0,1,0,0,1,0,0,0,1
01/31/2019,DET,MI,AGL,CE,Federal Contract Tower,0,2,5,0,7,0,0,8,0,8,0,2,13,0,15,0,0,0,15
02/01/2019,DET,MI,AGL,CE,Federal Contract Tower,0,0,11,0,11,0,0,38,2,40,0,0,49,2,51,0,0,0,51
02/02/2019,DET,MI,AGL,CE,Federal Contract Tower,0,6,10,0,16,0,0,34,0,34,0,6,44,0,50,52,0,52,102
02/03/2019,DET,MI,AGL,CE,Federal Contract Tower,0,7,5,0,12,0,0,0,0,0,0,7,5,0,12,0,0,0,12
02/04/2019,DET,MI,AGL,CE,Federal Contract Tower,0,7,5,0,12,0,0,5,0,5,0,7,10,0,17,0,0,0,17
02/05/2019,DET,MI,AGL,CE,Federal Contract Tower,0,6,9,0,15,0,0,3,0,3,0,6,12,0,18,22,0,22,40
02/06/2019,DET,MI,AGL,CE,Federal Contract Tower,0,1,2,0,3,0,0,0,0,0,0,1,2,0,3,0,0,0,3
02/07/2019,DET,MI,AGL,CE,Federal Contract Tower,0,1,3,0,4,0,0,0,0,0,0,1,3,0,4,0,0,0,4
02/08/2019,DET,MI,AGL,CE,Federal Contract Tower,0,0,5,0,5,0,0,6,0,6,0,0,11,0,11,0,4,4,15
02/09/2019,DET,MI,AGL,CE,Federal Contract Tower,0,0,3,0,3,0,0,48,0,48,0,0,51,0,51,122,0,122,173
02/10/2019,DET,MI,AGL,CE,Federal Contract Tower,0,0,6,2,8,0,0,9,0,9,0,0,15,2,17,2,0,2,19
02/11/2019,DET,MI,AGL,CE,Federal Contract Tower,0,0,15,0,15,0,0,6,0,6,0,0,21,0,21,20,0,20,41
02/12/2019,DET,MI,AGL,CE,Federal Contract Tower,0,0,0,0,0,0,0,0,0,0,0,0,0,0,0,0,0,0,0
02/13/2019,DET,MI,AGL,CE,Federal Contract Tower,0,3,6,0,9,0,0,3,0,3,0,3,9,0,12,0,0,0,12
02/14/2019,DET,MI,AGL,CE,Federal Contract Tower,0,5,13,0,18,0,0,13,0,13,0,5,26,0,31,58,0,58,89
02/15/2019,DET,MI,AGL,CE,Federal Contract Tower,0,7,13,0,20,0,0,0,0,0,0,7,13,0,20,0,0,0,20
02/16/2019,DET,MI,AGL,CE,Federal Contract Tower,0,0,11,1,12,0,0,40,0,40,0,0,51,1,52,102,0,102,154
02/17/2019,DET,MI,AGL,CE,Federal Contract Tower,0,1,7,0,8,0,0,5,0,5,0,1,12,0,13,0,0,0,13
02/18/2019,DET,MI,AGL,CE,Federal Contract Tower,0,7,16,0,23,0,0,10,0,10,0,7,26,0,33,30,0,30,63
02/19/2019,DET,MI,AGL,CE,Federal Contract Tower,0,4,6,0,10,0,0,16,0,16,0,4,22,0,26,48,0,48,74
02/20/2019,DET,MI,AGL,CE,Federal Contract Tower,0,6,1,0,7,0,0,3,0,3,0,6,4,0,10,0,0,0,10
02/21/2019,DET,MI,AGL,CE,Federal Contract Tower,0,6,17,0,23,0,0,23,0,23,0,6,40,0,46,8,0,8,54
02/22/2019,DET,MI,AGL,CE,Federal Contract Tower,0,4,22,0,26,0,0,70,0,70,0,4,92,0,96,140,0,140,236
02/23/2019,DET,MI,AGL,CE,Federal Contract Tower,0,0,5,0,5,0,0,30,0,30,0,0,35,0,35,24,0,24,59
02/24/2019,DET,MI,AGL,CE,Federal Contract Tower,0,0,2,0,2,0,0,0,0,0,0,0,2,0,2,0,0,0,2
02/25/2019,DET,MI,AGL,CE,Federal Contract Tower,0,5,16,0,21,0,0,8,0,8,0,5,24,0,29,0,0,0,29
02/26/2019,DET,MI,AGL,CE,Federal Contract Tower,0,5,16,0,21,0,0,0,0,0,0,5,16,0,21,88,4,92,113
02/27/2019,DET,MI,AGL,CE,Federal Contract Tower,0,7,5,0,12,0,0,2,8,10,0,7,7,8,22,0,0,0,22
02/28/2019,DET,MI,AGL,CE,Federal Contract Tower,0,3,21,0,24,0,0,32,0,32,0,3,53,0,56,32,0,32,88
03/01/2019,DET,MI,AGL,CE,Federal Contract Tower,0,3,13,0,16,0,1,37,0,38,0,4,50,0,54,74,0,74,128
03/02/2019,DET,MI,AGL,CE,Federal Contract Tower,0,4,6,0,10,0,1,25,0,26,0,5,31,0,36,30,0,30,66
03/03/2019,DET,MI,AGL,CE,Federal Contract Tower,0,1,11,0,12,0,0,13,0,13,0,1,24,0,25,0,0,0,25
03/04/2019,DET,MI,AGL,CE,Federal Contract Tower,0,5,10,0,15,0,0,4,0,4,0,5,14,0,19,24,0,24,43
03/05/2019,DET,MI,AGL,CE,Federal Contract Tower,0,3,9,0,12,0,4,10,0,14,0,7,19,0,26,70,0,70,96
03/06/2019,DET,MI,AGL,CE,Federal Contract Tower,0,3,30,0,33,0,0,25,0,25,0,3,55,0,58,26,0,26,84
03/07/2019,DET,MI,AGL,CE,Federal Contract Tower,0,4,12,4,20,0,0,48,2,50,0,4,60,6,70,0,0,0,70
03/08/2019,DET,MI,AGL,CE,Federal Contract Tower,0,2,10,0,12,0,0,27,0,27,0,2,37,0,39,20,0,20,59
03/09/2019,DET,MI,AGL,CE,Federal Contract Tower,0,0,13,0,13,0,0,29,0,29,0,0,42,0,42,90,0,90,132
03/10/2019,DET,MI,AGL,CE,Federal Contract Tower,0,2,8,0,10,0,0,4,0,4,0,2,12,0,14,0,0,0,14
03/11/2019,DET,MI,AGL,CE,Federal Contract Tower,0,5,9,0,14,0,1,8,0,9,0,6,17,0,23,8,0,8,31
03/12/2019,DET,MI,AGL,CE,Federal Contract Tower,0,3,19,0,22,0,0,31,0,31,0,3,50,0,53,154,32,186,239
03/13/2019,DET,MI,AGL,CE,Federal Contract Tower,0,2,15,0,17,0,0,35,0,35,0,2,50,0,52,68,0,68,120
03/14/2019,DET,MI,AGL,CE,Federal Contract Tower,0,2,11,0,13,0,0,28,0,28,0,2,39,0,41,0,0,0,41
03/15/2019,DET,MI,AGL,CE,Federal Contract Tower,0,0,14,0,14,0,0,8,0,8,0,0,22,0,22,0,0,0,22
03/16/2019,DET,MI,AGL,CE,Federal Contract Tower,0,2,11,0,13,0,0,29,0,29,0,2,40,0,42,0,0,0,42
03/17/2019,DET,MI,AGL,CE,Federal Contract Tower,0,8,13,0,21,0,0,22,0,22,0,8,35,0,43,18,0,18,61
03/18/2019,DET,MI,AGL,CE,Federal Contract Tower,0,3,10,0,13,0,0,25,0,25,0,3,35,0,38,44,0,44,82
03/19/2019,DET,MI,AGL,CE,Federal Contract Tower,0,5,14,0,19,0,0,21,0,21,0,5,35,0,40,68,0,68,108
03/20/2019,DET,MI,AGL,CE,Federal Contract Tower,0,8,9,0,17,0,0,25,2,27,0,8,34,2,44,42,0,42,86
03/21/2019,DET,MI,AGL,CE,Federal Contract Tower,0,6,18,0,24,0,0,49,0,49,0,6,67,0,73,116,0,116,189
03/22/2019,DET,MI,AGL,CE,Federal Contract Tower,0,3,14,0,17,0,0,50,0,50,0,3,64,0,67,70,0,70,137
03/23/2019,DET,MI,AGL,CE,Federal Contract Tower,0,2,16,0,18,0,0,43,0,43,0,2,59,0,61,102,0,102,163
03/24/2019,DET,MI,AGL,CE,Federal Contract Tower,0,3,13,0,16,0,0,25,0,25,0,3,38,0,41,52,10,62,103
03/25/2019,DET,MI,AGL,CE,Federal Contract Tower,0,2,14,0,16,0,0,12,0,12,0,2,26,0,28,70,0,70,98
03/26/2019,DET,MI,AGL,CE,Federal Contract Tower,0,15,9,0,24,0,1,32,0,33,0,16,41,0,57,150,2,152,209
03/27/2019,DET,MI,AGL,CE,Federal Contract Tower,0,6,10,0,16,0,0,54,0,54,0,6,64,0,70,122,4,126,196
03/28/2019,DET,MI,AGL,CE,Federal Contract Tower,0,9,13,0,22,0,0,70,0,70,0,9,83,0,92,98,0,98,190
03/29/2019,DET,MI,AGL,CE,Federal Contract Tower,0,19,7,0,26,0,0,56,0,56,0,19,63,0,82,76,0,76,158
03/30/2019,DET,MI,AGL,CE,Federal Contract Tower,0,2,8,0,10,0,0,27,0,27,0,2,35,0,37,10,0,10,47
03/31/2019,DET,MI,AGL,CE,Federal Contract Tower,0,2,5,0,7,0,0,14,0,14,0,2,19,0,21,12,0,12,33
04/01/2019,DET,MI,AGL,CE,Federal Contract Tower,0,3,8,0,11,0,0,20,0,20,0,3,28,0,31,150,0,150,181
04/02/2019,DET,MI,AGL,CE,Federal Contract Tower,0,2,17,0,19,0,0,20,0,20,0,2,37,0,39,0,0,0,39
04/03/2019,DET,MI,AGL,CE,Federal Contract Tower,0,4,8,0,12,0,0,21,0,21,0,4,29,0,33,50,0,50,83
04/04/2019,DET,MI,AGL,CE,Federal Contract Tower,0,4,16,0,20,0,0,48,0,48,0,4,64,0,68,68,0,68,136
04/05/2019,DET,MI,AGL,CE,Federal Contract Tower,0,8,13,0,21,0,0,30,2,32,0,8,43,2,53,72,6,78,131
04/06/2019,DET,MI,AGL,CE,Federal Contract Tower,0,4,21,0,25,0,0,49,1,50,0,4,70,1,75,112,0,112,187
04/07/2019,DET,MI,AGL,CE,Federal Contract Tower,0,3,11,0,14,0,0,30,0,30,0,3,41,0,44,36,0,36,80
04/09/2019,DET,MI,AGL,CE,Federal Contract Tower,0,7,14,1,22,0,0,22,0,22,0,7,36,1,44,0,0,0,44
04/10/2019,DET,MI,AGL,CE,Federal Contract Tower,0,8,15,0,23,0,0,29,0,29,0,8,44,0,52,112,0,112,164
04/11/2019,DET,MI,AGL,CE,Federal Contract Tower,0,12,16,0,28,0,0,73,0,73,0,12,89,0,101,78,0,78,179
04/12/2019,DET,MI,AGL,CE,Federal Contract Tower,0,5,19,0,24,0,7,27,4,38,0,12,46,4,62,0,0,0,62
04/13/2019,DET,MI,AGL,CE,Federal Contract Tower,0,5,7,0,12,0,0,28,0,28,0,5,35,0,40,24,0,24,64
04/14/2019,DET,MI,AGL,CE,Federal Contract Tower,0,3,5,0,8,0,0,0,0,0,0,3,5,0,8,0,10,10,18
04/15/2019,DET,MI,AGL,CE,Federal Contract Tower,0,2,25,0,27,0,0,26,0,26,0,2,51,0,53,26,0,26,79
04/16/2019,DET,MI,AGL,CE,Federal Contract Tower,0,5,17,0,22,0,0,9,0,9,0,5,26,0,31,46,0,46,77
04/17/2019,DET,MI,AGL,CE,Federal Contract Tower,0,6,22,0,28,0,0,39,0,39,0,6,61,0,67,46,0,46,113
04/18/2019,DET,MI,AGL,CE,Federal Contract Tower,0,8,10,0,18,0,0,57,0,57,0,8,67,0,75,70,0,70,145
04/19/2019,DET,MI,AGL,CE,Federal Contract Tower,0,0,8,0,8,0,0,23,0,23,0,0,31,0,31,0,0,0,31
04/20/2019,DET,MI,AGL,CE,Federal Contract Tower,0,1,10,0,11,0,0,2,0,2,0,1,12,0,13,0,0,0,13
04/21/2019,DET,MI,AGL,CE,Federal Contract Tower,0,5,10,0,15,0,0,31,0,31,0,5,41,0,46,76,0,76,122
04/22/2019,DET,MI,AGL,CE,Federal Contract Tower,0,9,10,0,19,0,0,29,0,29,0,9,39,0,48,118,0,118,166
04/23/2019,DET,MI,AGL,CE,Federal Contract Tower,0,0,17,0,17,0,0,22,0,22,0,0,39,0,39,38,0,38,77
04/24/2019,DET,MI,AGL,CE,Federal Contract Tower,0,6,12,0,18,0,0,37,0,37,0,6,49,0,55,0,0,0,55
04/25/2019,DET,MI,AGL,CE,Federal Contract Tower,0,10,23,0,33,0,4,52,0,56,0,14,75,0,89,152,0,152,241
04/26/2019,DET,MI,AGL,CE,Federal Contract Tower,0,3,12,0,15,0,0,21,3,24,0,3,33,3,39,12,0,12,51
04/27/2019,DET,MI,AGL,CE,Federal Contract Tower,0,6,17,0,23,0,0,21,0,21,0,6,38,0,44,66,0,66,110
04/28/2019,DET,MI,AGL,CE,Federal Contract Tower,0,4,14,0,18,0,0,30,0,30,0,4,44,0,48,42,0,42,90
04/29/2019,DET,MI,AGL,CE,Federal Contract Tower,0,4,16,0,20,0,0,11,0,11,0,4,27,0,31,62,0,62,93
04/30/2019,DET,MI,AGL,CE,Federal Contract Tower,0,4,16,0,20,0,0,16,0,16,0,4,32,0,36,0,0,0,36
05/01/2019,DET,MI,AGL,CE,Federal Contract Tower,0,0,14,0,14,0,0,51,0,51,0,0,65,0,65,0,0,0,65
05/02/2019,DET,MI,AGL,CE,Federal Contract Tower,0,3,24,0,27,0,0,67,0,67,0,3,91,0,94,84,0,84,178
05/03/2019,DET,MI,AGL,CE,Federal Contract Tower,0,0,19,0,19,0,0,17,0,17,0,0,36,0,36,0,0,0,36
05/04/2019,DET,MI,AGL,CE,Federal Contract Tower,0,0,16,0,16,0,0,31,0,31,0,0,47,0,47,44,0,44,91
05/05/2019,DET,MI,AGL,CE,Federal Contract Tower,0,4,16,0,20,0,2,54,0,56,0,6,70,0,76,132,0,132,208
05/07/2019,DET,MI,AGL,CE,Federal Contract Tower,0,4,10,0,14,0,0,27,0,27,0,4,37,0,41,76,0,76,117
05/08/2019,DET,MI,AGL,CE,Federal Contract Tower,0,15,16,0,31,0,0,57,0,57,0,15,73,0,88,96,0,96,184
05/09/2019,DET,MI,AGL,CE,Federal Contract Tower,0,3,11,0,14,0,0,16,0,16,0,3,27,0,30,34,0,34,64
05/10/2019,DET,MI,AGL,CE,Federal Contract Tower,0,7,18,0,25,0,1,14,4,19,0,8,32,4,44,6,6,12,56
05/12/2019,DET,MI,AGL,CE,Federal Contract Tower,0,2,7,0,9,0,4,10,0,14,0,6,17,0,23,10,0,10,33
05/13/2019,DET,MI,AGL,CE,Federal Contract Tower,0,2,11,0,13,0,0,21,0,21,0,2,32,0,34,66,0,66,100
05/14/2019,DET,MI,AGL,CE,Federal Contract Tower,0,10,15,0,25,0,0,51,0,51,0,10,66,0,76,114,0,114,190
05/15/2019,DET,MI,AGL,CE,Federal Contract Tower,0,6,21,0,27,0,0,51,0,51,0,6,72,0,78,90,0,90,168
05/16/2019,DET,MI,AGL,CE,Federal Contract Tower,0,6,16,0,22,0,0,42,2,44,0,6,58,2,66,88,0,88,154
05/17/2019,DET,MI,AGL,CE,Federal Contract Tower,0,8,17,0,25,0,0,36,8,44,0,8,53,8,69,34,2,36,105
05/18/2019,DET,MI,AGL,CE,Federal Contract Tower,0,0,0,0,0,0,0,0,0,0,0,0,0,0,0,0,0,0,0
05/19/2019,DET,MI,AGL,CE,Federal Contract Tower,0,0,0,0,0,0,0,2,0,2,0,0,2,0,2,0,0,0,2
05/21/2019,DET,MI,AGL,CE,Federal Contract Tower,0,0,0,0,0,0,0,6,0,6,0,0,6,0,6,36,0,36,42
05/22/2019,DET,MI,AGL,CE,Federal Contract Tower,0,1,9,0,10,0,0,44,0,44,0,1,53,0,54,54,0,54,108
05/23/2019,DET,MI,AGL,CE,Federal Contract Tower,0,5,24,0,29,0,0,43,0,43,0,5,67,0,72,0,76,76,148
05/24/2019,DET,MI,AGL,CE,Federal Contract Tower,0,7,21,0,28,0,0,43,0,43,0,7,64,0,71,8,0,8,79
05/25/2019,DET,MI,AGL,CE,Federal Contract Tower,0,0,17,0,17,0,0,22,0,22,0,0,39,0,39,26,0,26,65
05/26/2019,DET,MI,AGL,CE,Federal Contract Tower,0,8,10,0,18,0,0,12,0,12,0,8,22,0,30,12,0,12,42
05/27/2019,DET,MI,AGL,CE,Federal Contract Tower,0,9,17,0,26,0,0,32,0,32,0,9,49,0,58,144,0,144,202
05/28/2019,DET,MI,AGL,CE,Federal Contract Tower,0,3,19,0,22,0,0,16,0,16,0,3,35,0,38,26,0,26,64
05/29/2019,DET,MI,AGL,CE,Federal Contract Tower,0,7,23,0,30,0,0,12,0,12,0,7,35,0,42,28,0,28,70
05/30/2019,DET,MI,AGL,CE,Federal Contract Tower,0,9,31,0,40,0,0,49,2,51,0,9,80,2,91,110,0,110,201
05/31/2019,DET,MI,AGL,CE,Federal Contract Tower,0,5,22,0,27,0,0,61,1,62,0,5,83,1,89,58,0,58,147
06/01/2019,DET,MI,AGL,CE,Federal Contract Tower,0,7,7,0,14,0,0,29,2,31,0,7,36,2,45,78,0,78,123
06/02/2019,DET,MI,AGL,CE,Federal Contract Tower,0,6,21,0,27,0,0,42,6,48,0,6,63,6,75,78,0,78,153
06/03/2019,DET,MI,AGL,CE,Federal Contract Tower,0,2,31,0,33,0,0,0,0,0,0,2,31,0,33,124,0,124,157
06/04/2019,DET,MI,AGL,CE,Federal Contract Tower,0,7,21,0,28,0,0,21,0,21,0,7,42,0,49,68,0,68,117
06/05/2019,DET,MI,AGL,CE,Federal Contract Tower,0,6,21,0,27,0,0,25,0,25,0,6,46,0,52,0,0,0,52
06/06/2019,DET,MI,AGL,CE,Federal Contract Tower,0,5,19,0,24,0,2,69,2,73,0,7,88,2,97,74,12,86,183
06/07/2019,DET,MI,AGL,CE,Federal Contract Tower,0,7,24,0,31,0,4,43,6,53,0,11,67,6,84,84,0,84,168
06/08/2019,DET,MI,AGL,CE,Federal Contract Tower,0,5,15,0,20,0,6,62,0,68,0,11,77,0,88,74,0,74,162
06/09/2019,DET,MI,AGL,CE,Federal Contract Tower,0,5,26,0,31,0,0,99,0,99,0,5,125,0,130,72,0,72,202
06/10/2019,DET,MI,AGL,CE,Federal Contract Tower,0,3,22,4,29,0,0,12,0,12,0,3,34,4,41,0,0,0,41
06/11/2019,DET,MI,AGL,CE,Federal Contract Tower,0,7,17,0,24,0,0,47,0,47,0,7,64,0,71,154,0,154,225
06/12/2019,DET,MI,AGL,CE,Federal Contract Tower,0,7,21,0,28,0,0,76,0,76,0,7,97,0,104,114,0,114,218
06/13/2019,DET,MI,AGL,CE,Federal Contract Tower,0,7,24,0,31,0,0,51,2,53,0,7,75,2,84,70,0,70,154
06/14/2019,DET,MI,AGL,CE,Federal Contract Tower,0,6,12,3,21,0,0,41,8,49,0,6,53,11,70,66,12,78,148
06/15/2019,DET,MI,AGL,CE,Federal Contract Tower,0,2,5,0,7,0,0,15,7,22,0,2,20,7,29,16,44,60,89
06/16/2019,DET,MI,AGL,CE,Federal Contract Tower,0,4,6,0,10,0,0,0,0,0,0,4,6,0,10,0,0,0,10
06/17/2019,DET,MI,AGL,CE,Federal Contract Tower,0,8,16,0,24,0,0,49,0,49,0,8,65,0,73,172,0,172,245
06/18/2019,DET,MI,AGL,CE,Federal Contract Tower,0,4,24,0,28,0,0,58,2,60,0,4,82,2,88,76,2,78,166
06/19/2019,DET,MI,AGL,CE,Federal Contract Tower,0,8,15,0,23,0,1,55,16,72,0,9,70,16,95,152,60,212,307
06/20/2019,DET,MI,AGL,CE,Federal Contract Tower,0,10,15,0,25,0,0,23,0,23,0,10,38,0,48,48,6,54,102
06/21/2019,DET,MI,AGL,CE,Federal Contract Tower,0,5,13,0,18,0,0,30,0,30,0,5,43,0,48,76,0,76,124
06/22/2019,DET,MI,AGL,CE,Federal Contract Tower,0,3,21,0,24,0,0,57,0,57,0,3,78,0,81,88,0,88,169
06/23/2019,DET,MI,AGL,CE,Federal Contract Tower,0,5,15,0,20,0,0,56,0,56,0,5,71,0,76,102,0,102,178
06/24/2019,DET,MI,AGL,CE,Federal Contract Tower,0,4,8,0,12,0,0,86,0,86,0,4,94,0,98,230,0,230,328
06/25/2019,DET,MI,AGL,CE,Federal Contract Tower,0,12,16,0,28,0,0,52,26,78,0,12,68,26,106,6,4,10,116
06/26/2019,DET,MI,AGL,CE,Federal Contract Tower,0,8,25,0,33,0,0,110,0,110,0,8,135,0,143,108,0,108,251
06/27/2019,DET,MI,AGL,CE,Federal Contract Tower,0,8,23,0,31,0,0,29,6,35,0,8,52,6,66,28,10,38,104
06/28/2019,DET,MI,AGL,CE,Federal Contract Tower,0,9,12,0,21,0,0,22,0,22,0,9,34,0,43,20,0,20,63
06/29/2019,DET,MI,AGL,CE,Federal Contract Tower,0,2,7,0,9,0,0,26,0,26,0,2,33,0,35,52,0,52,87
06/30/2019,DET,MI,AGL,CE,Federal Contract Tower,0,9,22,0,31,0,0,18,0,18,0,9,40,0,49,128,0,128,177
07/01/2019,DET,MI,AGL,CE,Federal Contract Tower,0,1,7,0,8,0,0,30,0,30,0,1,37,0,38,72,0,72,110
07/02/2019,DET,MI,AGL,CE,Federal Contract Tower,0,8,10,0,18,0,0,41,0,41,0,8,51,0,59,110,6,116,175
07/03/2019,DET,MI,AGL,CE,Federal Contract Tower,0,0,15,0,15,0,2,20,0,22,0,2,35,0,37,20,0,20,57
07/04/2019,DET,MI,AGL,CE,Federal Contract Tower,0,0,1,0,1,0,0,50,0,50,0,0,51,0,51,50,0,50,101
07/05/2019,DET,MI,AGL,CE,Federal Contract Tower,0,0,7,0,7,0,0,16,0,16,0,0,23,0,23,10,0,10,33
07/06/2019,DET,MI,AGL,CE,Federal Contract Tower,0,0,8,0,8,0,0,14,0,14,0,0,22,0,22,0,0,0,22
07/08/2019,DET,MI,AGL,CE,Federal Contract Tower,0,3,8,0,11,0,0,68,0,68,0,3,76,0,79,198,0,198,277
07/09/2019,DET,MI,AGL,CE,Federal Contract Tower,0,2,18,0,20,0,0,35,0,35,0,2,53,0,55,84,0,84,139
07/10/2019,DET,MI,AGL,CE,Federal Contract Tower,0,2,21,1,24,0,0,80,0,80,0,2,101,1,104,172,0,172,276
07/11/2019,DET,MI,AGL,CE,Federal Contract Tower,0,4,11,2,17,0,0,42,0,42,0,4,53,2,59,50,0,50,109
07/12/2019,DET,MI,AGL,CE,Federal Contract Tower,0,10,19,0,29,0,0,37,0,37,0,10,56,0,66,70,0,70,136
07/13/2019,DET,MI,AGL,CE,Federal Contract Tower,0,2,10,0,12,0,0,30,0,30,0,2,40,0,42,50,0,50,92
07/14/2019,DET,MI,AGL,CE,Federal Contract Tower,0,3,18,0,21,0,0,104,0,104,0,3,122,0,125,152,0,152,277
07/15/2019,DET,MI,AGL,CE,Federal Contract Tower,0,4,18,0,22,0,0,30,0,30,0,4,48,0,52,56,0,56,108
07/16/2019,DET,MI,AGL,CE,Federal Contract Tower,0,1,23,0,24,0,0,40,0,40,0,1,63,0,64,0,0,0,64
07/17/2019,DET,MI,AGL,CE,Federal Contract Tower,0,4,20,0,24,0,0,40,2,42,0,4,60,2,66,72,0,72,138
07/18/2019,DET,MI,AGL,CE,Federal Contract Tower,0,5,12,0,17,0,0,48,0,48,0,5,60,0,65,32,0,32,97
07/19/2019,DET,MI,AGL,CE,Federal Contract Tower,0,6,25,0,31,0,0,8,4,12,0,6,33,4,43,2,0,2,45
07/20/2019,DET,MI,AGL,CE,Federal Contract Tower,0,4,17,0,21,0,0,30,0,30,0,4,47,0,51,24,0,24,75
07/21/2019,DET,MI,AGL,CE,Federal Contract Tower,0,7,28,0,35,0,0,29,0,29,0,7,57,0,64,132,0,132,196
07/22/2019,DET,MI,AGL,CE,Federal Contract Tower,0,8,8,0,16,0,0,41,0,41,0,8,49,0,57,66,0,66,123
07/23/2019,DET,MI,AGL,CE,Federal Contract Tower,0,10,19,0,29,0,0,51,3,54,0,10,70,3,83,94,0,94,177
07/24/2019,DET,MI,AGL,CE,Federal Contract Tower,0,10,14,0,24,0,0,54,0,54,0,10,68,0,78,90,0,90,168
07/25/2019,DET,MI,AGL,CE,Federal Contract Tower,0,9,25,0,34,0,0,62,0,62,0,9,87,0,96,94,0,94,190
07/26/2019,DET,MI,AGL,CE,Federal Contract Tower,0,7,17,0,24,0,0,44,0,44,0,7,61,0,68,0,0,0,68
07/27/2019,DET,MI,AGL,CE,Federal Contract Tower,0,1,12,0,13,0,0,47,0,47,0,1,59,0,60,40,0,40,100
07/28/2019,DET,MI,AGL,CE,Federal Contract Tower,0,6,20,0,26,0,0,23,0,23,0,6,43,0,49,98,12,110,159
07/29/2019,DET,MI,AGL,CE,Federal Contract Tower,0,5,8,0,13,0,0,27,0,27,0,5,35,0,40,50,0,50,90
07/30/2019,DET,MI,AGL,CE,Federal Contract Tower,0,11,20,0,31,0,0,69,2,71,0,11,89,2,102,170,0,170,272
07/31/2019,DET,MI,AGL,CE,Federal Contract Tower,0,9,37,0,46,0,0,65,0,65,0,9,102,0,111,158,0,158,269
08/01/2019,DET,MI,AGL,CE,Federal Contract Tower,0,11,20,2,33,0,0,50,2,52,0,11,70,4,85,68,10,78,163
08/02/2019,DET,MI,AGL,CE,Federal Contract Tower,0,5,10,0,15,0,0,32,0,32,0,5,42,0,47,14,0,14,61
08/03/2019,DET,MI,AGL,CE,Federal Contract Tower,0,2,11,0,13,0,0,28,0,28,0,2,39,0,41,32,0,32,73
08/04/2019,DET,MI,AGL,CE,Federal Contract Tower,0,11,19,0,30,0,0,21,0,21,0,11,40,0,51,4,0,4,55
08/05/2019,DET,MI,AGL,CE,Federal Contract Tower,0,6,11,0,17,0,0,44,0,44,0,6,55,0,61,82,0,82,143
08/06/2019,DET,MI,AGL,CE,Federal Contract Tower,0,4,29,0,33,0,0,56,0,56,0,4,85,0,89,102,0,102,191
08/07/2019,DET,MI,AGL,CE,Federal Contract Tower,0,9,24,0,33,0,0,27,0,27,0,9,51,0,60,8,0,8,68
08/08/2019,DET,MI,AGL,CE,Federal Contract Tower,0,14,30,0,44,0,0,40,0,40,0,14,70,0,84,12,0,12,96
08/09/2019,DET,MI,AGL,CE,Federal Contract Tower,0,9,18,0,27,0,0,34,0,34,0,9,52,0,61,12,0,12,73
08/10/2019,DET,MI,AGL,CE,Federal Contract Tower,0,7,19,0,26,0,0,38,0,38,0,7,57,0,64,94,0,94,158
08/11/2019,DET,MI,AGL,CE,Federal Contract Tower,0,6,18,0,24,0,0,74,0,74,0,6,92,0,98,176,0,176,274
08/13/2019,DET,MI,AGL,CE,Federal Contract Tower,0,2,29,0,31,0,0,49,0,49,0,2,78,0,80,116,0,116,196
08/14/2019,DET,MI,AGL,CE,Federal Contract Tower,0,5,23,0,28,0,0,30,0,30,0,5,53,0,58,40,0,40,98
08/15/2019,DET,MI,AGL,CE,Federal Contract Tower,0,4,12,0,16,0,0,37,1,38,0,4,49,1,54,10,0,10,64
08/16/2019,DET,MI,AGL,CE,Federal Contract Tower,0,6,12,0,18,0,0,37,0,37,0,6,49,0,55,122,0,122,177
08/17/2019,DET,MI,AGL,CE,Federal Contract Tower,0,7,7,0,14,0,0,34,0,34,0,7,41,0,48,118,0,118,166
08/18/2019,DET,MI,AGL,CE,Federal Contract Tower,0,4,13,0,17,0,0,34,0,34,0,4,47,0,51,106,0,106,157
08/19/2019,DET,MI,AGL,CE,Federal Contract Tower,0,11,14,0,25,0,0,61,0,61,0,11,75,0,86,104,0,104,190
08/20/2019,DET,MI,AGL,CE,Federal Contract Tower,0,3,12,0,15,0,0,45,0,45,0,3,57,0,60,60,0,60,120
08/21/2019,DET,MI,AGL,CE,Federal Contract Tower,0,8,14,0,22,0,0,46,0,46,0,8,60,0,68,80,0,80,148
08/22/2019,DET,MI,AGL,CE,Federal Contract Tower,0,5,17,5,27,0,0,36,6,42,0,5,53,11,69,68,12,80,149
08/23/2019,DET,MI,AGL,CE,Federal Contract Tower,0,6,16,0,22,0,0,40,2,42,0,6,56,2,64,30,0,30,94
08/24/2019,DET,MI,AGL,CE,Federal Contract Tower,0,1,9,0,10,0,0,20,0,20,0,1,29,0,30,198,6,204,234
08/25/2019,DET,MI,AGL,CE,Federal Contract Tower,0,10,24,2,36,0,0,71,0,71,0,10,95,2,107,146,0,146,253
08/26/2019,DET,MI,AGL,CE,Federal Contract Tower,0,10,16,0,26,0,0,65,1,66,0,10,81,1,92,202,0,202,294
08/27/2019,DET,MI,AGL,CE,Federal Contract Tower,0,3,25,0,28,0,0,69,2,71,0,3,94,2,99,114,0,114,213
08/28/2019,DET,MI,AGL,CE,Federal Contract Tower,0,3,27,0,30,0,0,51,0,51,0,3,78,0,81,50,0,50,131
08/29/2019,DET,MI,AGL,CE,Federal Contract Tower,0,6,9,0,15,0,0,36,0,36,0,6,45,0,51,32,0,32,83
08/30/2019,DET,MI,AGL,CE,Federal Contract Tower,0,9,27,0,36,0,0,47,0,47,0,9,74,0,83,74,0,74,157
08/31/2019,DET,MI,AGL,CE,Federal Contract Tower,0,1,17,0,18,0,0,34,0,34,0,1,51,0,52,142,0,142,194
09/01/2019,DET,MI,AGL,CE,Federal Contract Tower,0,4,12,0,16,0,0,28,0,28,0,4,40,0,44,64,0,64,108
09/02/2019,DET,MI,AGL,CE,Federal Contract Tower,0,2,24,0,26,0,0,99,0,99,0,2,123,0,125,176,0,176,301
09/03/2019,DET,MI,AGL,CE,Federal Contract Tower,0,9,8,0,17,0,0,52,0,52,0,9,60,0,69,82,0,82,151
09/04/2019,DET,MI,AGL,CE,Federal Contract Tower,0,12,15,0,27,0,0,58,0,58,0,12,73,0,85,84,8,92,177
09/05/2019,DET,MI,AGL,CE,Federal Contract Tower,0,3,23,0,26,0,0,47,0,47,0,3,70,0,73,76,0,76,149
09/06/2019,DET,MI,AGL,CE,Federal Contract Tower,0,12,11,0,23,0,0,21,0,21,0,12,32,0,44,102,0,102,146
09/07/2019,DET,MI,AGL,CE,Federal Contract Tower,0,10,13,0,23,0,0,37,0,37,0,10,50,0,60,142,0,142,202
09/08/2019,DET,MI,AGL,CE,Federal Contract Tower,0,5,15,0,20,0,0,68,0,68,0,5,83,0,88,116,0,116,204
09/09/2019,DET,MI,AGL,CE,Federal Contract Tower,0,9,14,0,23,0,0,52,0,52,0,9,66,0,75,0,0,0,75
09/11/2019,DET,MI,AGL,CE,Federal Contract Tower,0,6,7,0,13,0,0,31,0,31,0,6,38,0,44,14,0,14,58
09/12/2019,DET,MI,AGL,CE,Federal Contract Tower,0,10,17,0,27,0,0,0,0,0,0,10,17,0,27,0,0,0,27
09/13/2019,DET,MI,AGL,CE,Federal Contract Tower,0,6,12,0,18,0,0,4,0,4,0,6,16,0,22,0,0,0,22
09/14/2019,DET,MI,AGL,CE,Federal Contract Tower,0,3,15,0,18,0,0,72,0,72,0,3,87,0,90,206,0,206,296
09/15/2019,DET,MI,AGL,CE,Federal Contract Tower,0,4,18,0,22,0,0,38,0,38,0,4,56,0,60,56,0,56,116
09/16/2019,DET,MI,AGL,CE,Federal Contract Tower,0,4,20,4,28,0,0,52,0,52,0,4,72,4,80,96,0,96,176
09/17/2019,DET,MI,AGL,CE,Federal Contract Tower,0,6,29,0,35,0,0,59,8,67,0,6,88,8,102,76,0,76,178
09/18/2019,DET,MI,AGL,CE,Federal Contract Tower,0,8,11,0,19,0,0,45,0,45,0,8,56,0,64,0,0,0,64
09/19/2019,DET,MI,AGL,CE,Federal Contract Tower,0,3,22,0,25,0,0,32,0,32,0,3,54,0,57,96,0,96,153
09/20/2019,DET,MI,AGL,CE,Federal Contract Tower,0,3,26,0,29,0,0,44,0,44,0,3,70,0,73,24,0,24,97
09/21/2019,DET,MI,AGL,CE,Federal Contract Tower,0,3,14,0,17,0,0,36,0,36,0,3,50,0,53,144,0,144,197
09/22/2019,DET,MI,AGL,CE,Federal Contract Tower,0,8,19,0,27,0,0,46,0,46,0,8,65,0,73,108,0,108,181
09/23/2019,DET,MI,AGL,CE,Federal Contract Tower,0,8,25,0,33,0,0,60,0,60,0,8,85,0,93,72,0,72,165
09/25/2019,DET,MI,AGL,CE,Federal Contract Tower,0,7,18,0,25,0,0,53,0,53,0,7,71,0,78,28,0,28,106
09/26/2019,DET,MI,AGL,CE,Federal Contract Tower,0,10,19,0,29,0,0,34,0,34,0,10,53,0,63,33,10,43,106
09/27/2019,DET,MI,AGL,CE,Federal Contract Tower,0,6,22,0,28,0,0,25,4,29,0,6,47,4,57,10,22,32,89
09/28/2019,DET,MI,AGL,CE,Federal Contract Tower,0,4,7,0,11,0,0,18,0,18,0,4,25,0,29,168,0,168,197
09/29/2019,DET,MI,AGL,CE,Federal Contract Tower,0,10,16,0,26,0,0,22,0,22,0,10,38,0,48,52,0,52,100
09/30/2019,DET,MI,AGL,CE,Federal Contract Tower,0,2,8,0,10,0,0,29,2,31,0,2,37,2,41,54,66,120,161
10/01/2019,DET,MI,AGL,CE,Federal Contract Tower,0,10,11,0,21,0,0,58,0,58,0,10,69,0,79,190,0,190,269
10/02/2019,DET,MI,AGL,CE,Federal Contract Tower,0,4,11,0,15,0,0,17,0,17,0,4,28,0,32,0,0,0,32
10/03/2019,DET,MI,AGL,CE,Federal Contract Tower,0,8,16,0,24,0,0,0,0,0,0,8,16,0,24,12,0,12,36
10/04/2019,DET,MI,AGL,CE,Federal Contract Tower,0,6,20,0,26,0,0,30,0,30,0,6,50,0,56,20,0,20,76
10/05/2019,DET,MI,AGL,CE,Federal Contract Tower,0,4,12,0,16,0,0,43,0,43,0,4,55,0,59,130,0,130,189
10/08/2019,DET,MI,AGL,CE,Federal Contract Tower,0,4,22,0,26,0,0,65,0,65,0,4,87,0,91,70,0,70,161
10/09/2019,DET,MI,AGL,CE,Federal Contract Tower,0,5,32,0,37,0,0,31,0,31,0,5,63,0,68,82,0,82,150
10/10/2019,DET,MI,AGL,CE,Federal Contract Tower,0,7,9,0,16,0,0,14,0,14,0,7,23,0,30,52,14,66,96
10/11/2019,DET,MI,AGL,CE,Federal Contract Tower,0,9,28,0,37,0,0,15,0,15,0,9,43,0,52,126,0,126,178
10/12/2019,DET,MI,AGL,CE,Federal Contract Tower,0,11,12,0,23,0,0,36,0,36,0,11,48,0,59,96,0,96,155
10/13/2019,DET,MI,AGL,CE,Federal Contract Tower,0,8,12,0,20,0,0,120,0,120,0,8,132,0,140,128,0,128,268
10/16/2019,DET,MI,AGL,CE,Federal Contract Tower,0,2,23,0,25,0,0,4,0,4,0,2,27,0,29,0,10,10,39
10/17/2019,DET,MI,AGL,CE,Federal Contract Tower,0,3,27,0,30,0,1,26,0,27,0,4,53,0,57,92,0,92,149
10/18/2019,DET,MI,AGL,CE,Federal Contract Tower,0,4,12,0,16,0,0,38,2,40,0,4,50,2,56,160,0,160,216
10/19/2019,DET,MI,AGL,CE,Federal Contract Tower,0,9,17,0,26,0,0,42,0,42,0,9,59,0,68,92,0,92,160
10/20/2019,DET,MI,AGL,CE,Federal Contract Tower,0,1,26,0,27,0,0,77,0,77,0,1,103,0,104,192,0,192,296
10/21/2019,DET,MI,AGL,CE,Federal Contract Tower,0,3,11,0,14,0,0,38,1,39,0,3,49,1,53,66,18,84,137
10/22/2019,DET,MI,AGL,CE,Federal Contract Tower,0,5,7,0,12,0,0,29,0,29,0,5,36,0,41,26,0,26,67
10/23/2019,DET,MI,AGL,CE,Federal Contract Tower,0,4,21,0,25,0,0,20,0,20,0,4,41,0,45,8,0,8,53
10/24/2019,DET,MI,AGL,CE,Federal Contract Tower,0,6,16,0,22,0,0,20,0,20,0,6,36,0,42,52,0,52,94
10/25/2019,DET,MI,AGL,CE,Federal Contract Tower,0,8,16,0,24,0,0,34,0,34,0,8,50,0,58,132,0,132,190
10/26/2019,DET,MI,AGL,CE,Federal Contract Tower,0,4,9,0,13,0,0,19,0,19,0,4,28,0,32,136,0,136,168
10/27/2019,DET,MI,AGL,CE,Federal Contract Tower,0,9,20,0,29,0,0,61,0,61,0,9,81,0,90,82,0,82,172
10/28/2019,DET,MI,AGL,CE,Federal Contract Tower,0,6,24,0,30,0,0,55,0,55,0,6,79,0,85,108,0,108,193
10/29/2019,DET,MI,AGL,CE,Federal Contract Tower,0,6,16,0,22,0,0,40,0,40,0,6,56,0,62,28,0,28,90
10/30/2019,DET,MI,AGL,CE,Federal Contract Tower,0,8,17,0,25,0,0,5,2,7,0,8,22,2,32,0,0,0,32
10/31/2019,DET,MI,AGL,CE,Federal Contract Tower,0,9,9,0,18,0,0,10,0,10,0,9,19,0,28,0,0,0,28
11/02/2019,DET,MI,AGL,CE,Federal Contract Tower,0,1,7,0,8,0,0,27,0,27,0,1,34,0,35,72,0,72,107
11/03/2019,DET,MI,AGL,CE,Federal Contract Tower,0,2,16,0,18,0,0,83,0,83,0,2,99,0,101,170,0,170,271
11/04/2019,DET,MI,AGL,CE,Federal Contract Tower,0,2,14,2,18,0,0,12,0,12,0,2,26,2,30,0,0,0,30
11/06/2019,DET,MI,AGL,CE,Federal Contract Tower,0,4,18,0,22,0,0,9,0,9,0,4,27,0,31,0,0,0,31
11/07/2019,DET,MI,AGL,CE,Federal Contract Tower,0,3,19,0,22,0,0,12,0,12,0,3,31,0,34,30,0,30,64
11/08/2019,DET,MI,AGL,CE,Federal Contract Tower,0,5,21,0,26,0,0,34,0,34,0,5,55,0,60,134,0,134,194
11/09/2019,DET,MI,AGL,CE,Federal Contract Tower,0,1,7,0,8,0,2,17,0,19,0,3,24,0,27,84,0,84,111
11/10/2019,DET,MI,AGL,CE,Federal Contract Tower,0,2,17,0,19,0,0,52,0,52,0,2,69,0,71,134,0,134,205
11/11/2019,DET,MI,AGL,CE,Federal Contract Tower,0,4,8,0,12,0,0,2,0,2,0,4,10,0,14,0,0,0,14
11/12/2019,DET,MI,AGL,CE,Federal Contract Tower,0,3,16,0,19,0,0,27,0,27,0,3,43,0,46,6,0,6,52
11/13/2019,DET,MI,AGL,CE,Federal Contract Tower,0,2,15,0,17,0,0,16,0,16,0,2,31,0,33,54,0,54,87
11/14/2019,DET,MI,AGL,CE,Federal Contract Tower,0,4,16,0,20,0,0,8,2,10,0,4,24,2,30,0,2,2,32
11/15/2019,DET,MI,AGL,CE,Federal Contract Tower,0,6,17,1,24,0,0,13,0,13,0,6,30,1,37,0,0,0,37
11/16/2019,DET,MI,AGL,CE,Federal Contract Tower,0,2,8,0,10,0,0,27,0,27,0,2,35,0,37,102,0,102,139
11/17/2019,DET,MI,AGL,CE,Federal Contract Tower,0,2,20,0,22,0,0,48,0,48,0,2,68,0,70,78,0,78,148
11/19/2019,DET,MI,AGL,CE,Federal Contract Tower,0,1,15,0,16,0,0,17,0,17,0,1,32,0,33,0,0,0,33
11/20/2019,DET,MI,AGL,CE,Federal Contract Tower,0,6,15,0,21,0,8,17,0,25,0,14,32,0,46,0,0,0,46
11/21/2019,DET,MI,AGL,CE,Federal Contract Tower,0,6,10,0,16,0,0,6,0,6,0,6,16,0,22,0,0,0,22
11/22/2019,DET,MI,AGL,CE,Federal Contract Tower,0,6,21,0,27,0,0,33,0,33,0,6,54,0,60,134,0,134,194
11/23/2019,DET,MI,AGL,CE,Federal Contract Tower,0,6,15,0,21,0,0,32,0,32,0,6,47,0,53,122,0,122,175
11/24/2019,DET,MI,AGL,CE,Federal Contract Tower,0,0,20,0,20,0,0,98,0,98,0,0,118,0,118,152,0,152,270
11/25/2019,DET,MI,AGL,CE,Federal Contract Tower,0,2,11,0,13,0,0,54,0,54,0,2,65,0,67,140,0,140,207
11/26/2019,DET,MI,AGL,CE,Federal Contract Tower,0,2,19,0,21,0,0,26,0,26,0,2,45,0,47,80,0,80,127
11/27/2019,DET,MI,AGL,CE,Federal Contract Tower,0,2,2,0,4,0,0,0,0,0,0,2,2,0,4,0,0,0,4
11/28/2019,DET,MI,AGL,CE,Federal Contract Tower,0,9,6,0,15,0,0,81,0,81,0,9,87,0,96,100,0,100,196
11/29/2019,DET,MI,AGL,CE,Federal Contract Tower,0,2,9,0,11,0,0,22,0,22,0,2,31,0,33,112,0,112,145
11/30/2019,DET,MI,AGL,CE,Federal Contract Tower,0,4,8,0,12,0,0,31,0,31,0,4,39,0,43,118,0,118,161
12/02/2019,DET,MI,AGL,CE,Federal Contract Tower,0,0,6,0,6,0,0,12,0,12,0,0,18,0,18,0,0,0,18
12/03/2019,DET,MI,AGL,CE,Federal Contract Tower,0,0,5,0,5,0,0,1,0,1,0,0,6,0,6,0,0,0,6
12/04/2019,DET,MI,AGL,CE,Federal Contract Tower,0,2,22,0,24,0,0,8,0,8,0,2,30,0,32,0,0,0,32
12/05/2019,DET,MI,AGL,CE,Federal Contract Tower,0,4,16,0,20,0,0,31,0,31,0,4,47,0,51,164,0,164,215
12/06/2019,DET,MI,AGL,CE,Federal Contract Tower,0,7,20,0,27,0,0,42,0,42,0,7,62,0,69,70,0,70,139
12/09/2019,DET,MI,AGL,CE,Federal Contract Tower,0,0,17,0,17,0,0,0,0,0,0,0,17,0,17,0,0,0,17
12/10/2019,DET,MI,AGL,CE,Federal Contract Tower,0,3,30,0,33,0,0,12,0,12,0,3,42,0,45,0,0,0,45
12/11/2019,DET,MI,AGL,CE,Federal Contract Tower,0,12,24,0,36,0,0,18,0,18,0,12,42,0,54,0,0,0,54
12/12/2019,DET,MI,AGL,CE,Federal Contract Tower,0,7,8,0,15,0,0,13,0,13,0,7,21,0,28,0,0,0,28
12/13/2019,DET,MI,AGL,CE,Federal Contract Tower,0,5,7,0,12,0,0,29,0,29,0,5,36,0,41,56,0,56,97
12/14/2019,DET,MI,AGL,CE,Federal Contract Tower,0,1,6,0,7,0,0,47,0,47,0,1,53,0,54,96,0,96,150
12/16/2019,DET,MI,AGL,CE,Federal Contract Tower,0,5,15,0,20,0,0,36,2,38,0,5,51,2,58,34,12,46,104
12/17/2019,DET,MI,AGL,CE,Federal Contract Tower,0,4,8,0,12,0,0,36,2,38,0,4,44,2,50,34,0,34,84
12/18/2019,DET,MI,AGL,CE,Federal Contract Tower,0,7,18,0,25,0,0,27,0,27,0,7,45,0,52,48,0,48,100
12/19/2019,DET,MI,AGL,CE,Federal Contract Tower,0,5,12,0,17,0,0,19,0,19,0,5,31,0,36,26,0,26,62
12/20/2019,DET,MI,AGL,CE,Federal Contract Tower,0,1,19,0,20,0,1,28,0,29,0,2,47,0,49,32,0,32,81
12/21/2019,DET,MI,AGL,CE,Federal Contract Tower,0,1,14,0,15,0,0,79,0,79,0,1,93,0,94,142,0,142,236
12/22/2019,DET,MI,AGL,CE,Federal Contract Tower,0,3,16,0,19,0,0,46,0,46,0,3,62,0,65,104,0,104,169
12/23/2019,DET,MI,AGL,CE,Federal Contract Tower,0,0,8,0,8,0,0,31,0,31,0,0,39,0,39,94,0,94,133
12/24/2019,DET,MI,AGL,CE,Federal Contract Tower,0,2,2,0,4,0,44,30,0,74,0,46,32,0,78,98,0,98,176
12/25/2019,DET,MI,AGL,CE,Federal Contract Tower,0,0,1,0,1,0,0,21,0,21,0,0,22,0,22,96,0,96,118
12/26/2019,DET,MI,AGL,CE,Federal Contract Tower,0,3,28,0,31,0,0,35,0,35,0,3,63,0,66,132,0,132,198
12/27/2019,DET,MI,AGL,CE,Federal Contract Tower,0,2,11,0,13,0,0,37,0,37,0,2,48,0,50,54,0,54,104
12/28/2019,DET,MI,AGL,CE,Federal Contract Tower,0,6,16,0,22,0,0,52,0,52,0,6,68,0,74,96,0,96,170
12/29/2019,DET,MI,AGL,CE,Federal Contract Tower,0,0,2,0,2,0,0,4,0,4,0,0,6,0,6,0,0,0,6
12/30/2019,DET,MI,AGL,CE,Federal Contract Tower,0,1,6,0,7,0,0,15,0,15,0,1,21,0,22,0,0,0,22
12/31/2019,DET,MI,AGL,CE,Federal Contract Tower,0,3,8,0,11,0,0,0,0,0,0,3,8,0,11,0,0,0,11
01/01/2020,DET,MI,AGL,CE,Federal Contract Tower,0,2,5,0,7,0,0,10,0,10,0,2,15,0,17,20,0,20,37
01/02/2020,DET,MI,AGL,CE,Federal Contract Tower,0,0,6,0,6,0,0,17,0,17,0,0,23,0,23,14,0,14,37
01/03/2020,DET,MI,AGL,CE,Federal Contract Tower,0,2,7,0,9,0,0,61,0,61,0,2,68,0,70,68,0,68,138
01/04/2020,DET,MI,AGL,CE,Federal Contract Tower,0,2,10,0,12,0,0,38,0,38,0,2,48,0,50,0,0,0,50
01/06/2020,DET,MI,AGL,CE,Federal Contract Tower,0,5,12,0,17,0,0,13,0,13,0,5,25,0,30,14,0,14,44
01/07/2020,DET,MI,AGL,CE,Federal Contract Tower,0,0,2,0,2,0,0,26,0,26,0,0,28,0,28,22,0,22,50
01/08/2020,DET,MI,AGL,CE,Federal Contract Tower,0,3,8,0,11,0,0,10,0,10,0,3,18,0,21,0,0,0,21
01/09/2020,DET,MI,AGL,CE,Federal Contract Tower,0,1,9,0,10,0,0,24,0,24,0,1,33,0,34,116,0,116,150
01/10/2020,DET,MI,AGL,CE,Federal Contract Tower,0,3,9,0,12,0,0,7,0,7,0,3,16,0,19,0,0,0,19
01/11/2020,DET,MI,AGL,CE,Federal Contract Tower,0,4,3,0,7,0,0,0,0,0,0,4,3,0,7,0,0,0,7
01/13/2020,DET,MI,AGL,CE,Federal Contract Tower,0,4,9,0,13,0,0,8,0,8,0,4,17,0,21,0,0,0,21
01/14/2020,DET,MI,AGL,CE,Federal Contract Tower,0,3,10,0,13,0,0,14,0,14,0,3,24,0,27,0,0,0,27
01/15/2020,DET,MI,AGL,CE,Federal Contract Tower,0,1,11,0,12,0,0,17,0,17,0,1,28,0,29,0,0,0,29
01/17/2020,DET,MI,AGL,CE,Federal Contract Tower,0,3,17,0,20,0,0,40,0,40,0,3,57,0,60,22,0,22,82
01/18/2020,DET,MI,AGL,CE,Federal Contract Tower,0,0,1,0,1,0,0,0,0,0,0,0,1,0,1,0,0,0,1
01/20/2020,DET,MI,AGL,CE,Federal Contract Tower,0,2,10,0,12,0,0,25,0,25,0,2,35,0,37,12,0,12,49
01/21/2020,DET,MI,AGL,CE,Federal Contract Tower,0,3,29,0,32,0,0,11,0,11,0,3,40,0,43,8,0,8,51
01/22/2020,DET,MI,AGL,CE,Federal Contract Tower,0,7,12,0,19,0,0,15,0,15,0,7,27,0,34,34,0,34,68
01/23/2020,DET,MI,AGL,CE,Federal Contract Tower,0,3,10,0,13,0,0,18,0,18,0,3,28,0,31,90,0,90,121
01/24/2020,DET,MI,AGL,CE,Federal Contract Tower,0,4,9,0,13,0,0,6,0,6,0,4,15,0,19,66,0,66,85
01/25/2020,DET,MI,AGL,CE,Federal Contract Tower,0,8,4,0,12,0,0,0,0,0,0,8,4,0,12,0,0,0,12
01/26/2020,DET,MI,AGL,CE,Federal Contract Tower,0,7,9,0,16,0,0,10,0,10,0,7,19,0,26,0,0,0,26
01/27/2020,DET,MI,AGL,CE,Federal Contract Tower,0,0,7,0,7,0,0,10,2,12,0,0,17,2,19,32,0,32,51
01/28/2020,DET,MI,AGL,CE,Federal Contract Tower,0,6,6,0,12,0,0,8,0,8,0,6,14,0,20,0,0,0,20
01/30/2020,DET,MI,AGL,CE,Federal Contract Tower,0,7,11,0,18,0,0,35,6,41,0,7,46,6,59,58,22,80,139
01/31/2020,DET,MI,AGL,CE,Federal Contract Tower,0,15,5,0,20,0,0,29,0,29,0,15,34,0,49,60,0,60,109
02/02/2020,DET,MI,AGL,CE,Federal Contract Tower,0,2,7,0,9,0,0,22,0,22,0,2,29,0,31,28,0,28,59
02/03/2020,DET,MI,AGL,CE,Federal Contract Tower,0,0,16,0,16,0,0,27,0,27,0,0,43,0,43,68,2,70,113
02/04/2020,DET,MI,AGL,CE,Federal Contract Tower,0,7,19,0,26,0,0,9,0,9,0,7,28,0,35,30,0,30,65
02/05/2020,DET,MI,AGL,CE,Federal Contract Tower,0,4,14,0,18,0,0,26,2,28,0,4,40,2,46,94,2,96,142
02/06/2020,DET,MI,AGL,CE,Federal Contract Tower,0,1,14,0,15,0,0,0,0,0,0,1,14,0,15,0,0,0,15
02/07/2020,DET,MI,AGL,CE,Federal Contract Tower,0,3,12,0,15,0,0,24,0,24,0,3,36,0,39,0,0,0,39
02/08/2020,DET,MI,AGL,CE,Federal Contract Tower,0,1,10,0,11,0,0,26,0,26,0,1,36,0,37,60,0,60,97
02/09/2020,DET,MI,AGL,CE,Federal Contract Tower,0,1,8,0,9,0,0,6,0,6,0,1,14,0,15,30,0,30,45
02/10/2020,DET,MI,AGL,CE,Federal Contract Tower,0,1,14,0,15,0,0,20,0,20,0,1,34,0,35,48,0,48,83
02/11/2020,DET,MI,AGL,CE,Federal Contract Tower,0,5,7,0,12,0,0,18,0,18,0,5,25,0,30,38,0,38,68
02/13/2020,DET,MI,AGL,CE,Federal Contract Tower,0,0,8,0,8,0,0,8,0,8,0,0,16,0,16,0,0,0,16
02/14/2020,DET,MI,AGL,CE,Federal Contract Tower,0,0,16,0,16,0,0,16,0,16,0,0,32,0,32,8,0,8,40
02/16/2020,DET,MI,AGL,CE,Federal Contract Tower,0,0,3,0,3,0,0,42,0,42,0,0,45,0,45,74,0,74,119
02/17/2020,DET,MI,AGL,CE,Federal Contract Tower,0,4,8,0,12,0,0,23,0,23,0,4,31,0,35,32,0,32,67
02/18/2020,DET,MI,AGL,CE,Federal Contract Tower,0,0,22,0,22,0,0,11,0,11,0,0,33,0,33,0,0,0,33
02/19/2020,DET,MI,AGL,CE,Federal Contract Tower,0,5,10,0,15,0,0,27,0,27,0,5,37,0,42,118,0,118,160
02/20/2020,DET,MI,AGL,CE,Federal Contract Tower,0,8,19,2,29,0,0,54,0,54,0,8,73,2,83,82,0,82,165
02/21/2020,DET,MI,AGL,CE,Federal Contract Tower,0,3,28,0,31,0,0,43,0,43,0,3,71,0,74,110,0,110,184
02/23/2020,DET,MI,AGL,CE,Federal Contract Tower,0,1,14,0,15,0,0,44,0,44,0,1,58,0,59,146,0,146,205
02/24/2020,DET,MI,AGL,CE,Federal Contract Tower,0,3,11,0,14,0,0,18,0,18,0,3,29,0,32,12,0,12,44
02/25/2020,DET,MI,AGL,CE,Federal Contract Tower,0,5,9,0,14,0,0,2,0,2,0,5,11,0,16,0,0,0,16
02/26/2020,DET,MI,AGL,CE,Federal Contract Tower,0,1,8,0,9,0,0,2,0,2,0,1,10,0,11,0,0,0,11
02/27/2020,DET,MI,AGL,CE,Federal Contract Tower,0,0,1,0,1,0,0,4,0,4,0,0,5,0,5,0,0,0,5
02/28/2020,DET,MI,AGL,CE,Federal Contract Tower,0,3,9,0,12,0,0,64,0,64,0,3,73,0,76,0,0,0,76
02/29/2020,DET,MI,AGL,CE,Federal Contract Tower,0,6,4,0,10,0,0,56,0,56,0,6,60,0,66,80,0,80,146
03/01/2020,DET,MI,AGL,CE,Federal Contract Tower,0,0,13,0,13,0,0,39,0,39,0,0,52,0,52,54,0,54,106
03/02/2020,DET,MI,AGL,CE,Federal Contract Tower,0,9,9,0,18,0,0,10,0,10,0,9,19,0,28,18,0,18,46
03/03/2020,DET,MI,AGL,CE,Federal Contract Tower,0,5,13,0,18,0,0,10,0,10,0,5,23,0,28,36,0,36,64
03/04/2020,DET,MI,AGL,CE,Federal Contract Tower,0,10,12,0,22,0,0,25,0,25,0,10,37,0,47,124,0,124,171
03/05/2020,DET,MI,AGL,CE,Federal Contract Tower,0,4,15,0,19,0,0,38,0,38,0,4,53,0,57,68,0,68,125
03/06/2020,DET,MI,AGL,CE,Federal Contract Tower,0,1,5,0,6,0,0,8,0,8,0,1,13,0,14,0,0,0,14
03/07/2020,DET,MI,AGL,CE,Federal Contract Tower,0,0,7,0,7,0,0,90,0,90,0,0,97,0,97,158,0,158,255
03/08/2020,DET,MI,AGL,CE,Federal Contract Tower,0,2,7,0,9,0,0,59,0,59,0,2,66,0,68,106,0,106,174
03/09/2020,DET,MI,AGL,CE,Federal Contract Tower,0,4,7,0,11,0,0,19,2,21,0,4,26,2,32,0,0,0,32
03/10/2020,DET,MI,AGL,CE,Federal Contract Tower,0,3,14,0,17,0,0,14,0,14,0,3,28,0,31,0,0,0,31
03/11/2020,DET,MI,AGL,CE,Federal Contract Tower,0,2,13,0,15,0,0,19,0,19,0,2,32,0,34,124,0,124,158
03/12/2020,DET,MI,AGL,CE,Federal Contract Tower,0,5,18,0,23,0,0,38,0,38,0,5,56,0,61,148,24,172,233
03/13/2020,DET,MI,AGL,CE,Federal Contract Tower,0,3,19,0,22,0,0,8,12,20,0,3,27,12,42,0,0,0,42
03/14/2020,DET,MI,AGL,CE,Federal Contract Tower,0,4,13,0,17,0,0,41,0,41,0,4,54,0,58,106,0,106,164
03/15/2020,DET,MI,AGL,CE,Federal Contract Tower,0,1,11,0,12,0,0,26,0,26,0,1,37,0,38,56,0,56,94
03/16/2020,DET,MI,AGL,CE,Federal Contract Tower,0,2,7,0,9,0,0,20,0,20,0,2,27,0,29,44,0,44,73
03/17/2020,DET,MI,AGL,CE,Federal Contract Tower,0,1,7,0,8,0,0,16,0,16,0,1,23,0,24,88,0,88,112
03/18/2020,DET,MI,AGL,CE,Federal Contract Tower,0,1,13,0,14,0,0,16,0,16,0,1,29,0,30,68,0,68,98
03/19/2020,DET,MI,AGL,CE,Federal Contract Tower,0,2,7,0,9,0,0,5,0,5,0,2,12,0,14,20,0,20,34
03/20/2020,DET,MI,AGL,CE,Federal Contract Tower,0,2,3,0,5,0,0,2,2,4,0,2,5,2,9,0,0,0,9
03/21/2020,DET,MI,AGL,CE,Federal Contract Tower,0,3,9,0,12,0,0,19,0,19,0,3,28,0,31,30,0,30,61
03/22/2020,DET,MI,AGL,CE,Federal Contract Tower,0,0,5,0,5,0,0,13,0,13,0,0,18,0,18,34,0,34,52
03/23/2020,DET,MI,AGL,CE,Federal Contract Tower,0,0,6,0,6,0,0,4,0,4,0,0,10,0,10,2,0,2,12
03/24/2020,DET,MI,AGL,CE,Federal Contract Tower,0,0,3,0,3,0,0,13,0,13,0,0,16,0,16,88,0,88,104
03/25/2020,DET,MI,AGL,CE,Federal Contract Tower,0,0,5,0,5,0,0,33,0,33,0,0,38,0,38,46,0,46,84
03/26/2020,DET,MI,AGL,CE,Federal Contract Tower,0,0,3,0,3,0,0,27,0,27,0,0,30,0,30,0,0,0,30
03/27/2020,DET,MI,AGL,CE,Federal Contract Tower,0,0,5,0,5,0,0,17,0,17,0,0,22,0,22,42,0,42,64
03/28/2020,DET,MI,AGL,CE,Federal Contract Tower,0,0,2,0,2,0,0,0,0,0,0,0,2,0,2,0,0,0,2
03/29/2020,DET,MI,AGL,CE,Federal Contract Tower,0,0,0,0,0,0,0,4,0,4,0,0,4,0,4,0,0,0,4
03/30/2020,DET,MI,AGL,CE,Federal Contract Tower,0,2,1,0,3,0,0,8,0,8,0,2,9,0,11,0,0,0,11
03/31/2020,DET,MI,AGL,CE,Federal Contract Tower,0,0,0,0,0,0,0,0,0,0,0,0,0,0,0,0,0,0,0
04/01/2020,DET,MI,AGL,CE,Federal Contract Tower,0,2,0,2,4,0,0,13,0,13,0,2,13,2,17,0,0,0,17
04/02/2020,DET,MI,AGL,CE,Federal Contract Tower,0,0,6,0,6,0,0,22,0,22,0,0,28,0,28,4,20,24,52
04/04/2020,DET,MI,AGL,CE,Federal Contract Tower,0,0,0,0,0,0,0,6,0,6,0,0,6,0,6,4,0,4,10
04/05/2020,DET,MI,AGL,CE,Federal Contract Tower,0,0,2,0,2,0,0,8,0,8,0,0,10,0,10,0,0,0,10
04/06/2020,DET,MI,AGL,CE,Federal Contract Tower,0,0,2,0,2,0,2,13,0,15,0,2,15,0,17,98,0,98,115
04/08/2020,DET,MI,AGL,CE,Federal Contract Tower,0,2,4,0,6,0,0,23,0,23,0,2,27,0,29,88,0,88,117
04/09/2020,DET,MI,AGL,CE,Federal Contract Tower,0,2,0,0,2,0,0,8,0,8,0,2,8,0,10,20,0,20,30
04/10/2020,DET,MI,AGL,CE,Federal Contract Tower,0,6,3,0,9,0,0,15,0,15,0,6,18,0,24,0,0,0,24
04/12/2020,DET,MI,AGL,CE,Federal Contract Tower,0,0,1,0,1,0,0,26,0,26,0,0,27,0,27,76,0,76,103
04/13/2020,DET,MI,AGL,CE,Federal Contract Tower,0,0,0,0,0,0,0,4,0,4,0,0,4,0,4,6,0,6,10
04/14/2020,DET,MI,AGL,CE,Federal Contract Tower,0,0,4,0,4,0,0,25,0,25,0,0,29,0,29,0,0,0,29
04/15/2020,DET,MI,AGL,CE,Federal Contract Tower,0,0,0,0,0,0,2,0,2,4,0,2,0,2,4,0,0,0,4
04/16/2020,DET,MI,AGL,CE,Federal Contract Tower,0,0,2,0,2,0,0,14,0,14,0,0,16,0,16,68,0,68,84
04/17/2020,DET,MI,AGL,CE,Federal Contract Tower,0,0,0,0,0,0,0,8,0,8,0,0,8,0,8,26,0,26,34
04/19/2020,DET,MI,AGL,CE,Federal Contract Tower,0,0,3,0,3,0,0,6,0,6,0,0,9,0,9,4,0,4,13
04/20/2020,DET,MI,AGL,CE,Federal Contract Tower,0,1,1,0,2,0,0,17,0,17,0,1,18,0,19,78,0,78,97
04/21/2020,DET,MI,AGL,CE,Federal Contract Tower,0,0,4,0,4,0,0,10,0,10,0,0,14,0,14,16,0,16,30
04/22/2020,DET,MI,AGL,CE,Federal Contract Tower,0,0,3,0,3,0,0,0,0,0,0,0,3,0,3,0,0,0,3
04/23/2020,DET,MI,AGL,CE,Federal Contract Tower,0,0,4,0,4,0,0,0,0,0,0,0,4,0,4,0,0,0,4
04/24/2020,DET,MI,AGL,CE,Federal Contract Tower,0,0,0,0,0,0,0,6,0,6,0,0,6,0,6,98,0,98,104
04/25/2020,DET,MI,AGL,CE,Federal Contract Tower,0,0,1,0,1,0,0,27,0,27,0,0,28,0,28,26,0,26,54
04/26/2020,DET,MI,AGL,CE,Federal Contract Tower,0,0,1,0,1,0,0,2,0,2,0,0,3,0,3,0,0,0,3
04/27/2020,DET,MI,AGL,CE,Federal Contract Tower,0,0,8,0,8,0,0,16,0,16,0,0,24,0,24,10,0,10,34
04/28/2020,DET,MI,AGL,CE,Federal Contract Tower,0,0,3,0,3,0,0,16,0,16,0,0,19,0,19,92,0,92,111
04/29/2020,DET,MI,AGL,CE,Federal Contract Tower,0,0,3,0,3,0,0,8,0,8,0,0,11,0,11,18,0,18,29
04/30/2020,DET,MI,AGL,CE,Federal Contract Tower,0,0,5,0,5,0,0,2,0,2,0,0,7,0,7,0,0,0,7
05/01/2020,DET,MI,AGL,CE,Federal Contract Tower,0,2,4,0,6,0,0,3,0,3,0,2,7,0,9,8,0,8,17
05/02/2020,DET,MI,AGL,CE,Federal Contract Tower,0,0,6,0,6,0,0,28,0,28,0,0,34,0,34,62,0,62,96
05/03/2020,DET,MI,AGL,CE,Federal Contract Tower,0,3,4,0,7,0,0,23,0,23,0,3,27,0,30,52,0,52,82
05/04/2020,DET,MI,AGL,CE,Federal Contract Tower,0,2,5,0,7,0,0,8,0,8,0,2,13,0,15,64,0,64,79
05/05/2020,DET,MI,AGL,CE,Federal Contract Tower,0,2,3,0,5,0,0,4,0,4,0,2,7,0,9,16,0,16,25
05/06/2020,DET,MI,AGL,CE,Federal Contract Tower,0,0,5,0,5,0,0,29,0,29,0,0,34,0,34,66,0,66,100
05/07/2020,DET,MI,AGL,CE,Federal Contract Tower,0,0,3,0,3,0,0,28,0,28,0,0,31,0,31,72,0,72,103
05/08/2020,DET,MI,AGL,CE,Federal Contract Tower,0,0,9,0,9,0,0,28,0,28,0,0,37,0,37,78,0,78,115
05/09/2020,DET,MI,AGL,CE,Federal Contract Tower,0,0,7,0,7,0,0,41,0,41,0,0,48,0,48,62,0,62,110
05/10/2020,DET,MI,AGL,CE,Federal Contract Tower,0,2,5,0,7,0,0,12,0,12,0,2,17,0,19,26,0,26,45
05/11/2020,DET,MI,AGL,CE,Federal Contract Tower,0,3,5,0,8,0,0,10,0,10,0,3,15,0,18,36,0,36,54
05/13/2020,DET,MI,AGL,CE,Federal Contract Tower,0,0,10,0,10,0,0,45,0,45,0,0,55,0,55,116,0,116,171
05/14/2020,DET,MI,AGL,CE,Federal Contract Tower,0,2,1,0,3,0,0,27,0,27,0,2,28,0,30,8,0,8,38
05/15/2020,DET,MI,AGL,CE,Federal Contract Tower,0,4,4,0,8,0,0,43,0,43,0,4,47,0,51,78,0,78,129
05/16/2020,DET,MI,AGL,CE,Federal Contract Tower,0,1,4,0,5,0,0,45,0,45,0,1,49,0,50,86,0,86,136
05/17/2020,DET,MI,AGL,CE,Federal Contract Tower,0,4,6,0,10,0,0,9,0,9,0,4,15,0,19,0,0,0,19
05/18/2020,DET,MI,AGL,CE,Federal Contract Tower,0,2,3,0,5,0,0,9,0,9,0,2,12,0,14,0,0,0,14
05/19/2020,DET,MI,AGL,CE,Federal Contract Tower,0,3,14,0,17,0,0,16,0,16,0,3,30,0,33,48,0,48,81
05/20/2020,DET,MI,AGL,CE,Federal Contract Tower,0,0,13,0,13,0,0,52,0,52,0,0,65,0,65,100,0,100,165
05/21/2020,DET,MI,AGL,CE,Federal Contract Tower,0,3,12,0,15,0,0,35,2,37,0,3,47,2,52,42,0,42,94
05/22/2020,DET,MI,AGL,CE,Federal Contract Tower,0,0,2,0,2,0,0,8,0,8,0,0,10,0,10,10,0,10,20
05/23/2020,DET,MI,AGL,CE,Federal Contract Tower,0,0,1,0,1,0,0,21,0,21,0,0,22,0,22,58,18,76,98
05/25/2020,DET,MI,AGL,CE,Federal Contract Tower,0,2,2,0,4,0,0,16,0,16,0,2,18,0,20,6,0,6,26
05/26/2020,DET,MI,AGL,CE,Federal Contract Tower,0,2,11,0,13,0,0,32,0,32,0,2,43,0,45,60,0,60,105
05/27/2020,DET,MI,AGL,CE,Federal Contract Tower,0,2,7,0,9,0,0,47,0,47,0,2,54,0,56,110,0,110,166
05/28/2020,DET,MI,AGL,CE,Federal Contract Tower,0,3,4,0,7,0,0,50,0,50,0,3,54,0,57,84,0,84,141
05/29/2020,DET,MI,AGL,CE,Federal Contract Tower,0,3,4,0,7,0,0,30,0,30,0,3,34,0,37,40,0,40,77
05/30/2020,DET,MI,AGL,CE,Federal Contract Tower,0,2,4,0,6,0,0,43,0,43,0,2,47,0,49,62,0,62,111
05/31/2020,DET,MI,AGL,CE,Federal Contract Tower,0,2,9,0,11,0,0,29,0,29,0,2,38,0,40,122,0,122,162
06/01/2020,DET,MI,AGL,CE,Federal Contract Tower,0,8,13,0,21,0,0,26,0,26,0,8,39,0,47,118,0,118,165
06/02/2020,DET,MI,AGL,CE,Federal Contract Tower,0,3,12,0,15,0,0,51,0,51,0,3,63,0,66,100,0,100,166
06/03/2020,DET,MI,AGL,CE,Federal Contract Tower,0,2,7,0,9,0,0,38,0,38,0,2,45,0,47,0,0,0,47
06/04/2020,DET,MI,AGL,CE,Federal Contract Tower,0,3,8,0,11,0,0,60,0,60,0,3,68,0,71,158,0,158,229
06/05/2020,DET,MI,AGL,CE,Federal Contract Tower,0,2,6,0,8,0,0,52,0,52,0,2,58,0,60,60,0,60,120
06/06/2020,DET,MI,AGL,CE,Federal Contract Tower,0,2,1,0,3,0,0,53,0,53,0,2,54,0,56,90,0,90,146
06/07/2020,DET,MI,AGL,CE,Federal Contract Tower,0,0,2,0,2,0,0,21,12,33,0,0,23,12,35,116,0,116,151
06/08/2020,DET,MI,AGL,CE,Federal Contract Tower,0,2,6,0,8,0,0,31,0,31,0,2,37,0,39,118,0,118,157
06/09/2020,DET,MI,AGL,CE,Federal Contract Tower,0,3,8,0,11,0,0,42,2,44,0,3,50,2,55,98,0,98,153
06/10/2020,DET,MI,AGL,CE,Federal Contract Tower,0,1,7,0,8,0,0,27,0,27,0,1,34,0,35,84,0,84,119
06/12/2020,DET,MI,AGL,CE,Federal Contract Tower,0,2,8,0,10,0,0,44,0,44,0,2,52,0,54,98,0,98,152
06/13/2020,DET,MI,AGL,CE,Federal Contract Tower,0,0,4,0,4,0,2,28,0,30,0,2,32,0,34,36,0,36,70
06/14/2020,DET,MI,AGL,CE,Federal Contract Tower,0,2,5,0,7,0,0,37,0,37,0,2,42,0,44,62,0,62,106
06/15/2020,DET,MI,AGL,CE,Federal Contract Tower,0,2,7,0,9,0,0,26,0,26,0,2,33,0,35,90,0,90,125
06/16/2020,DET,MI,AGL,CE,Federal Contract Tower,0,2,3,0,5,0,0,59,0,59,0,2,62,0,64,94,0,94,158
06/17/2020,DET,MI,AGL,CE,Federal Contract Tower,0,4,8,0,12,0,0,66,0,66,0,4,74,0,78,158,0,158,236
06/18/2020,DET,MI,AGL,CE,Federal Contract Tower,0,2,22,0,24,0,0,63,0,63,0,2,85,0,87,134,0,134,221
06/19/2020,DET,MI,AGL,CE,Federal Contract Tower,0,2,7,0,9,0,0,25,0,25,0,2,32,0,34,16,0,16,50
06/20/2020,DET,MI,AGL,CE,Federal Contract Tower,0,7,3,0,10,0,0,51,0,51,0,7,54,0,61,72,0,72,133
06/21/2020,DET,MI,AGL,CE,Federal Contract Tower,0,4,6,0,10,0,0,30,0,30,0,4,36,0,40,36,0,36,76
06/22/2020,DET,MI,AGL,CE,Federal Contract Tower,0,7,17,0,24,0,0,32,0,32,0,7,49,0,56,100,0,100,156
06/23/2020,DET,MI,AGL,CE,Federal Contract Tower,0,2,10,0,12,0,0,10,0,10,0,2,20,0,22,0,0,0,22
06/24/2020,DET,MI,AGL,CE,Federal Contract Tower,0,7,21,0,28,0,0,77,0,77,0,7,98,0,105,152,0,152,257
06/25/2020,DET,MI,AGL,CE,Federal Contract Tower,0,2,15,0,17,0,0,69,0,69,0,2,84,0,86,160,0,160,246
06/26/2020,DET,MI,AGL,CE,Federal Contract Tower,0,6,5,0,11,0,0,45,0,45,0,6,50,0,56,68,0,68,124
06/27/2020,DET,MI,AGL,CE,Federal Contract Tower,0,4,14,0,18,0,0,27,0,27,0,4,41,0,45,6,0,6,51
06/28/2020,DET,MI,AGL,CE,Federal Contract Tower,0,8,12,0,20,0,0,46,0,46,0,8,58,0,66,128,0,128,194
06/29/2020,DET,MI,AGL,CE,Federal Contract Tower,0,3,14,0,17,0,0,28,0,28,0,3,42,0,45,140,0,140,185
06/30/2020,DET,MI,AGL,CE,Federal Contract Tower,0,5,15,0,20,0,0,35,4,39,0,5,50,4,59,118,0,118,177
07/01/2020,DET,MI,AGL,CE,Federal Contract Tower,0,0,17,0,17,0,0,66,1,67,0,0,83,1,84,116,0,116,200
07/02/2020,DET,MI,AGL,CE,Federal Contract Tower,0,8,7,0,15,0,0,59,0,59,0,8,66,0,74,130,0,130,204
07/03/2020,DET,MI,AGL,CE,Federal Contract Tower,0,1,7,0,8,0,0,46,0,46,0,1,53,0,54,26,0,26,80
07/04/2020,DET,MI,AGL,CE,Federal Contract Tower,0,2,7,0,9,0,0,30,0,30,0,2,37,0,39,26,0,26,65
07/05/2020,DET,MI,AGL,CE,Federal Contract Tower,0,7,4,0,11,0,0,27,0,27,0,7,31,0,38,14,0,14,52
07/06/2020,DET,MI,AGL,CE,Federal Contract Tower,0,0,14,0,14,0,0,34,0,34,0,0,48,0,48,128,0,128,176
07/07/2020,DET,MI,AGL,CE,Federal Contract Tower,0,1,17,0,18,0,0,21,0,21,0,1,38,0,39,72,0,72,111
07/08/2020,DET,MI,AGL,CE,Federal Contract Tower,0,0,9,0,9,0,0,21,0,21,0,0,30,0,30,22,0,22,52
07/09/2020,DET,MI,AGL,CE,Federal Contract Tower,0,0,9,0,9,0,0,29,0,29,0,0,38,0,38,46,0,46,84
07/10/2020,DET,MI,AGL,CE,Federal Contract Tower,0,2,13,0,15,0,0,12,0,12,0,2,25,0,27,0,0,0,27
07/11/2020,DET,MI,AGL,CE,Federal Contract Tower,0,3,11,0,14,0,0,39,0,39,0,3,50,0,53,96,0,96,149
07/13/2020,DET,MI,AGL,CE,Federal Contract Tower,0,4,20,0,24,0,0,37,0,37,0,4,57,0,61,68,0,68,129
07/14/2020,DET,MI,AGL,CE,Federal Contract Tower,0,2,19,0,21,0,0,33,0,33,0,2,52,0,54,98,0,98,152
07/15/2020,DET,MI,AGL,CE,Federal Contract Tower,0,2,15,0,17,0,0,36,0,36,0,2,51,0,53,108,0,108,161
07/16/2020,DET,MI,AGL,CE,Federal Contract Tower,0,12,16,0,28,0,0,6,0,6,0,12,22,0,34,10,0,10,44
07/17/2020,DET,MI,AGL,CE,Federal Contract Tower,0,5,9,0,14,0,0,26,0,26,0,5,35,0,40,28,0,28,68
07/18/2020,DET,MI,AGL,CE,Federal Contract Tower,0,6,6,0,12,0,0,41,0,41,0,6,47,0,53,134,0,134,187
07/19/2020,DET,MI,AGL,CE,Federal Contract Tower,0,3,16,0,19,0,0,31,0,31,0,3,47,0,50,131,0,131,181
07/20/2020,DET,MI,AGL,CE,Federal Contract Tower,0,4,4,0,8,0,0,60,0,60,0,4,64,0,68,164,0,164,232
07/22/2020,DET,MI,AGL,CE,Federal Contract Tower,0,1,8,0,9,0,0,73,0,73,0,1,81,0,82,208,0,208,290
07/23/2020,DET,MI,AGL,CE,Federal Contract Tower,0,2,18,0,20,0,0,49,0,49,0,2,67,0,69,86,0,86,155
07/24/2020,DET,MI,AGL,CE,Federal Contract Tower,0,3,13,0,16,0,0,32,0,32,0,3,45,0,48,72,0,72,120
07/25/2020,DET,MI,AGL,CE,Federal Contract Tower,0,1,9,0,10,0,0,42,0,42,0,1,51,0,52,100,0,100,152
07/26/2020,DET,MI,AGL,CE,Federal Contract Tower,0,0,9,0,9,0,0,37,0,37,0,0,46,0,46,120,0,120,166
07/27/2020,DET,MI,AGL,CE,Federal Contract Tower,0,4,9,0,13,0,0,27,0,27,0,4,36,0,40,88,0,88,128
07/28/2020,DET,MI,AGL,CE,Federal Contract Tower,0,11,8,0,19,0,0,60,0,60,0,11,68,0,79,102,0,102,181
07/29/2020,DET,MI,AGL,CE,Federal Contract Tower,5,16,0,0,21,0,56,0,0,56,5,72,0,0,77,176,0,176,253
07/30/2020,DET,MI,AGL,CE,Federal Contract Tower,0,7,4,0,11,0,0,31,0,31,0,7,35,0,42,46,0,46,88
07/31/2020,DET,MI,AGL,CE,Federal Contract Tower,0,2,7,0,9,0,0,33,0,33,0,2,40,0,42,4,0,4,46
08/01/2020,DET,MI,AGL,CE,Federal Contract Tower,0,8,7,0,15,0,0,30,0,30,0,8,37,0,45,32,0,32,77
08/02/2020,DET,MI,AGL,CE,Federal Contract Tower,0,2,7,0,9,0,0,15,0,15,0,2,22,0,24,74,0,74,98
08/03/2020,DET,MI,AGL,CE,Federal Contract Tower,0,8,14,0,22,0,0,39,0,39,0,8,53,0,61,52,0,52,113
08/04/2020,DET,MI,AGL,CE,Federal Contract Tower,0,3,6,0,9,0,0,30,0,30,0,3,36,0,39,42,0,42,81
08/05/2020,DET,MI,AGL,CE,Federal Contract Tower,0,6,13,0,19,0,0,40,0,40,0,6,53,0,59,122,0,122,181
08/06/2020,DET,MI,AGL,CE,Federal Contract Tower,0,5,17,0,22,0,0,25,0,25,0,5,42,0,47,32,0,32,79
08/07/2020,DET,MI,AGL,CE,Federal Contract Tower,0,6,9,0,15,0,0,33,2,35,0,6,42,2,50,78,0,78,128
08/08/2020,DET,MI,AGL,CE,Federal Contract Tower,0,0,11,0,11,0,0,37,0,37,0,0,48,0,48,50,0,50,98
08/09/2020,DET,MI,AGL,CE,Federal Contract Tower,0,4,6,0,10,0,0,33,0,33,0,4,39,0,43,152,0,152,195
08/10/2020,DET,MI,AGL,CE,Federal Contract Tower,0,4,6,0,10,0,0,40,0,40,0,4,46,0,50,28,0,28,78
08/11/2020,DET,MI,AGL,CE,Federal Contract Tower,0,2,3,0,5,0,0,55,0,55,0,2,58,0,60,130,0,130,190
08/12/2020,DET,MI,AGL,CE,Federal Contract Tower,0,3,14,0,17,0,0,50,0,50,0,3,64,0,67,128,0,128,195
08/13/2020,DET,MI,AGL,CE,Federal Contract Tower,0,3,12,0,15,0,0,22,0,22,0,3,34,0,37,28,0,28,65
08/14/2020,DET,MI,AGL,CE,Federal Contract Tower,0,4,21,0,25,0,0,31,0,31,0,4,52,0,56,16,0,16,72
08/15/2020,DET,MI,AGL,CE,Federal Contract Tower,0,0,6,0,6,0,0,48,0,48,0,0,54,0,54,78,0,78,132
08/17/2020,DET,MI,AGL,CE,Federal Contract Tower,0,8,13,0,21,0,0,38,0,38,0,8,51,0,59,108,0,108,167
08/18/2020,DET,MI,AGL,CE,Federal Contract Tower,0,3,16,0,19,0,0,77,0,77,0,3,93,0,96,224,0,224,320
08/19/2020,DET,MI,AGL,CE,Federal Contract Tower,0,10,7,0,17,0,0,34,0,34,0,10,41,0,51,178,0,178,229
08/20/2020,DET,MI,AGL,CE,Federal Contract Tower,0,9,11,0,20,0,0,26,0,26,0,9,37,0,46,40,0,40,86
08/21/2020,DET,MI,AGL,CE,Federal Contract Tower,0,1,14,0,15,0,0,37,0,37,0,1,51,0,52,66,0,66,118
08/22/2020,DET,MI,AGL,CE,Federal Contract Tower,0,4,9,0,13,0,0,45,0,45,0,4,54,0,58,120,0,120,178
08/23/2020,DET,MI,AGL,CE,Federal Contract Tower,0,7,11,0,18,0,0,30,0,30,0,7,41,0,48,90,0,90,138
08/24/2020,DET,MI,AGL,CE,Federal Contract Tower,0,10,13,0,23,0,0,43,0,43,0,10,56,0,66,50,0,50,116
08/25/2020,DET,MI,AGL,CE,Federal Contract Tower,0,6,13,0,19,0,0,59,0,59,0,6,72,0,78,104,0,104,182
08/26/2020,DET,MI,AGL,CE,Federal Contract Tower,0,2,13,0,15,0,0,55,0,55,0,2,68,0,70,142,0,142,212
08/27/2020,DET,MI,AGL,CE,Federal Contract Tower,0,0,17,0,17,0,0,44,0,44,0,0,61,0,61,28,0,28,89
08/28/2020,DET,MI,AGL,CE,Federal Contract Tower,0,2,11,0,13,0,0,0,0,0,0,2,11,0,13,0,0,0,13
08/29/2020,DET,MI,AGL,CE,Federal Contract Tower,0,2,14,0,16,0,0,27,0,27,0,2,41,0,43,116,10,126,169
08/30/2020,DET,MI,AGL,CE,Federal Contract Tower,0,2,16,0,18,0,0,33,0,33,0,2,49,0,51,134,0,134,185
08/31/2020,DET,MI,AGL,CE,Federal Contract Tower,0,3,13,0,16,0,0,50,2,52,0,3,63,2,68,120,0,120,188
09/02/2020,DET,MI,AGL,CE,Federal Contract Tower,0,2,9,0,11,0,0,36,0,36,0,2,45,0,47,110,0,110,157
09/03/2020,DET,MI,AGL,CE,Federal Contract Tower,0,7,19,0,26,0,0,11,0,11,0,7,30,0,37,40,0,40,77
09/04/2020,DET,MI,AGL,CE,Federal Contract Tower,0,7,15,0,22,0,0,34,2,36,0,7,49,2,58,46,6,52,110
09/05/2020,DET,MI,AGL,CE,Federal Contract Tower,0,4,11,0,15,0,0,23,0,23,0,4,34,0,38,88,0,88,126
09/06/2020,DET,MI,AGL,CE,Federal Contract Tower,0,2,15,0,17,0,0,52,0,52,0,2,67,0,69,180,0,180,249
09/07/2020,DET,MI,AGL,CE,Federal Contract Tower,0,8,5,0,13,0,0,64,0,64,0,8,69,0,77,134,0,134,211
09/08/2020,DET,MI,AGL,CE,Federal Contract Tower,0,10,18,0,28,0,0,2,0,2,0,10,20,0,30,0,0,0,30
09/09/2020,DET,MI,AGL,CE,Federal Contract Tower,0,0,21,0,21,0,0,2,0,2,0,0,23,0,23,12,0,12,35
09/10/2020,DET,MI,AGL,CE,Federal Contract Tower,0,4,9,0,13,0,0,14,0,14,0,4,23,0,27,14,0,14,41
09/11/2020,DET,MI,AGL,CE,Federal Contract Tower,0,10,12,0,22,0,0,29,0,29,0,10,41,0,51,34,0,34,85
09/12/2020,DET,MI,AGL,CE,Federal Contract Tower,0,2,10,0,12,0,0,37,0,37,0,2,47,0,49,194,0,194,243
09/13/2020,DET,MI,AGL,CE,Federal Contract Tower,0,6,16,0,22,0,0,42,0,42,0,6,58,0,64,86,0,86,150
09/14/2020,DET,MI,AGL,CE,Federal Contract Tower,0,2,14,0,16,0,0,62,0,62,0,2,76,0,78,126,0,126,204
09/15/2020,DET,MI,AGL,CE,Federal Contract Tower,0,4,14,0,18,0,0,32,0,32,0,4,46,0,50,146,0,146,196
09/16/2020,DET,MI,AGL,CE,Federal Contract Tower,0,2,22,0,24,0,0,34,0,34,0,2,56,0,58,140,0,140,198
09/17/2020,DET,MI,AGL,CE,Federal Contract Tower,0,2,21,0,23,0,0,26,0,26,0,2,47,0,49,8,0,8,57
09/18/2020,DET,MI,AGL,CE,Federal Contract Tower,0,2,18,0,20,0,0,36,0,36,0,2,54,0,56,30,0,30,86
09/20/2020,DET,MI,AGL,CE,Federal Contract Tower,0,15,0,0,15,0,0,58,0,58,0,15,58,0,73,148,0,148,221
09/21/2020,DET,MI,AGL,CE,Federal Contract Tower,0,3,6,0,9,0,0,53,0,53,0,3,59,0,62,126,0,126,188
09/22/2020,DET,MI,AGL,CE,Federal Contract Tower,0,2,13,0,15,0,0,43,0,43,0,2,56,0,58,94,0,94,152
09/23/2020,DET,MI,AGL,CE,Federal Contract Tower,0,7,11,0,18,0,0,28,0,28,0,7,39,0,46,10,2,12,58
09/24/2020,DET,MI,AGL,CE,Federal Contract Tower,0,0,17,0,17,0,0,29,0,29,0,0,46,0,46,32,0,32,78
09/25/2020,DET,MI,AGL,CE,Federal Contract Tower,0,3,8,0,11,0,0,30,0,30,0,3,38,0,41,72,0,72,113
09/27/2020,DET,MI,AGL,CE,Federal Contract Tower,0,4,17,0,21,0,0,44,0,44,0,4,61,0,65,142,0,142,207
09/28/2020,DET,MI,AGL,CE,Federal Contract Tower,0,0,12,0,12,0,0,3,0,3,0,0,15,0,15,0,0,0,15
09/29/2020,DET,MI,AGL,CE,Federal Contract Tower,0,4,11,0,15,0,0,42,0,42,0,4,53,0,57,134,0,134,191
09/30/2020,DET,MI,AGL,CE,Federal Contract Tower,0,4,12,0,16,0,0,14,0,14,0,4,26,0,30,64,0,64,94
10/01/2020,DET,MI,AGL,CE,Federal Contract Tower,0,3,21,0,24,0,0,14,0,14,0,3,35,0,38,68,0,68,106
10/02/2020,DET,MI,AGL,CE,Federal Contract Tower,0,6,13,0,19,0,0,14,0,14,0,6,27,0,33,132,0,132,165
10/03/2020,DET,MI,AGL,CE,Federal Contract Tower,0,2,6,0,8,0,0,37,0,37,0,2,43,0,45,118,0,118,163
10/04/2020,DET,MI,AGL,CE,Federal Contract Tower,0,3,16,0,19,0,0,19,0,19,0,3,35,0,38,52,0,52,90
10/05/2020,DET,MI,AGL,CE,Federal Contract Tower,0,4,13,0,17,0,0,55,0,55,0,4,68,0,72,138,0,138,210
10/06/2020,DET,MI,AGL,CE,Federal Contract Tower,0,1,15,0,16,0,0,61,0,61,0,1,76,0,77,94,0,94,171
10/07/2020,DET,MI,AGL,CE,Federal Contract Tower,0,6,20,0,26,0,0,53,0,53,0,6,73,0,79,86,0,86,165
10/08/2020,DET,MI,AGL,CE,Federal Contract Tower,0,10,17,0,27,0,0,37,0,37,0,10,54,0,64,136,0,136,200
10/09/2020,DET,MI,AGL,CE,Federal Contract Tower,0,9,16,0,25,0,0,37,0,37,0,9,53,0,62,62,0,62,124
10/10/2020,DET,MI,AGL,CE,Federal Contract Tower,0,0,12,0,12,0,0,29,0,29,0,0,41,0,41,0,0,0,41
10/11/2020,DET,MI,AGL,CE,Federal Contract Tower,0,5,13,0,18,0,0,35,0,35,0,5,48,0,53,114,0,114,167
10/12/2020,DET,MI,AGL,CE,Federal Contract Tower,0,8,7,0,15,0,0,43,0,43,0,8,50,0,58,124,0,124,182
10/13/2020,DET,MI,AGL,CE,Federal Contract Tower,0,3,21,0,24,0,0,46,0,46,0,3,67,0,70,102,0,102,172
10/14/2020,DET,MI,AGL,CE,Federal Contract Tower,0,3,25,0,28,0,0,36,0,36,0,3,61,0,64,74,0,74,138
10/15/2020,DET,MI,AGL,CE,Federal Contract Tower,0,5,19,0,24,0,0,14,0,14,0,5,33,0,38,12,0,12,50
10/16/2020,DET,MI,AGL,CE,Federal Contract Tower,0,1,16,0,17,0,0,17,4,21,0,1,33,4,38,36,14,50,88
10/17/2020,DET,MI,AGL,CE,Federal Contract Tower,0,3,11,0,14,0,0,22,0,22,0,3,33,0,36,122,0,122,158
10/18/2020,DET,MI,AGL,CE,Federal Contract Tower,0,1,19,0,20,0,0,37,0,37,0,1,56,0,57,76,0,76,133
10/19/2020,DET,MI,AGL,CE,Federal Contract Tower,0,2,15,1,18,0,0,4,0,4,0,2,19,1,22,32,0,32,54
10/20/2020,DET,MI,AGL,CE,Federal Contract Tower,0,2,12,0,14,0,0,49,0,49,0,2,61,0,63,130,0,130,193
10/21/2020,DET,MI,AGL,CE,Federal Contract Tower,0,1,14,0,15,0,0,40,0,40,0,1,54,0,55,14,16,30,85
10/22/2020,DET,MI,AGL,CE,Federal Contract Tower,0,2,9,0,11,0,0,3,0,3,0,2,12,0,14,0,0,0,14
10/23/2020,DET,MI,AGL,CE,Federal Contract Tower,0,3,8,0,11,0,0,26,0,26,0,3,34,0,37,36,0,36,73
10/24/2020,DET,MI,AGL,CE,Federal Contract Tower,0,2,8,0,10,0,0,23,0,23,0,2,31,0,33,130,0,130,163
10/25/2020,DET,MI,AGL,CE,Federal Contract Tower,0,2,8,0,10,0,0,32,0,32,0,2,40,0,42,96,0,96,138
10/26/2020,DET,MI,AGL,CE,Federal Contract Tower,0,0,18,0,18,0,0,47,0,47,0,0,65,0,65,106,0,106,171
10/27/2020,DET,MI,AGL,CE,Federal Contract Tower,0,2,18,0,20,0,0,11,0,11,0,2,29,0,31,22,0,22,53
10/28/2020,DET,MI,AGL,CE,Federal Contract Tower,0,10,18,0,28,0,0,39,0,39,0,10,57,0,67,36,0,36,103
10/29/2020,DET,MI,AGL,CE,Federal Contract Tower,0,6,16,0,22,0,0,15,0,15,0,6,31,0,37,10,6,16,53
10/30/2020,DET,MI,AGL,CE,Federal Contract Tower,0,6,10,0,16,0,0,17,0,17,0,6,27,0,33,0,0,0,33
10/31/2020,DET,MI,AGL,CE,Federal Contract Tower,0,1,15,0,16,0,0,33,0,33,0,1,48,0,49,94,0,94,143
11/01/2020,DET,MI,AGL,CE,Federal Contract Tower,0,2,14,0,16,0,0,4,0,4,0,2,18,0,20,0,0,0,20
11/02/2020,DET,MI,AGL,CE,Federal Contract Tower,0,5,14,0,19,0,0,30,0,30,0,5,44,0,49,98,0,98,147
11/03/2020,DET,MI,AGL,CE,Federal Contract Tower,0,8,5,0,13,0,0,52,0,52,0,8,57,0,65,108,0,108,173
11/04/2020,DET,MI,AGL,CE,Federal Contract Tower,0,11,6,0,17,0,0,32,2,34,0,11,38,2,51,50,12,62,113
11/05/2020,DET,MI,AGL,CE,Federal Contract Tower,0,6,4,0,10,0,0,20,0,20,0,6,24,0,30,124,0,124,154
11/06/2020,DET,MI,AGL,CE,Federal Contract Tower,0,4,12,0,16,0,0,39,0,39,0,4,51,0,55,164,0,164,219
11/07/2020,DET,MI,AGL,CE,Federal Contract Tower,0,3,6,0,9,0,0,73,0,73,0,3,79,0,82,166,0,166,248
11/08/2020,DET,MI,AGL,CE,Federal Contract Tower,0,3,9,0,12,0,0,64,0,64,0,3,73,0,76,170,0,170,246
11/09/2020,DET,MI,AGL,CE,Federal Contract Tower,0,4,10,0,14,0,0,66,0,66,0,4,76,0,80,166,0,166,246
11/10/2020,DET,MI,AGL,CE,Federal Contract Tower,0,2,8,0,10,0,0,36,0,36,0,2,44,0,46,90,0,90,136
11/11/2020,DET,MI,AGL,CE,Federal Contract Tower,0,2,13,0,15,0,0,32,0,32,0,2,45,0,47,160,0,160,207
11/12/2020,DET,MI,AGL,CE,Federal Contract Tower,0,4,11,0,15,0,0,28,0,28,0,4,39,0,43,114,0,114,157
11/13/2020,DET,MI,AGL,CE,Federal Contract Tower,0,2,12,0,14,0,0,32,0,32,0,2,44,0,46,140,0,140,186
11/14/2020,DET,MI,AGL,CE,Federal Contract Tower,0,0,3,0,3,0,0,44,2,46,0,0,47,2,49,134,0,134,183
11/16/2020,DET,MI,AGL,CE,Federal Contract Tower,0,2,11,0,13,0,0,25,0,25,0,2,36,0,38,66,0,66,104
11/17/2020,DET,MI,AGL,CE,Federal Contract Tower,0,4,2,3,9,0,0,27,0,27,0,4,29,3,36,0,0,0,36
11/18/2020,DET,MI,AGL,CE,Federal Contract Tower,0,3,11,0,14,0,0,31,0,31,0,3,42,0,45,50,0,50,95
11/19/2020,DET,MI,AGL,CE,Federal Contract Tower,0,1,4,0,5,0,0,8,0,8,0,1,12,0,13,0,0,0,13
11/20/2020,DET,MI,AGL,CE,Federal Contract Tower,0,4,15,1,20,0,0,24,0,24,0,4,39,1,44,76,0,76,120
11/21/2020,DET,MI,AGL,CE,Federal Contract Tower,0,0,6,0,6,0,0,47,0,47,0,0,53,0,53,100,0,100,153
11/22/2020,DET,MI,AGL,CE,Federal Contract Tower,0,1,6,0,7,0,0,3,0,3,0,1,9,0,10,0,0,0,10
11/23/2020,DET,MI,AGL,CE,Federal Contract Tower,0,2,12,0,14,0,0,34,0,34,0,2,46,0,48,74,0,74,122
11/24/2020,DET,MI,AGL,CE,Federal Contract Tower,0,3,7,0,10,0,0,0,0,0,0,3,7,0,10,0,0,0,10
11/25/2020,DET,MI,AGL,CE,Federal Contract Tower,0,0,7,0,7,0,0,0,0,0,0,0,7,0,7,0,0,0,7
11/26/2020,DET,MI,AGL,CE,Federal Contract Tower,0,3,5,0,8,0,0,14,0,14,0,3,19,0,22,0,0,0,22
11/27/2020,DET,MI,AGL,CE,Federal Contract Tower,0,7,9,0,16,0,0,23,0,23,0,7,32,0,39,70,0,70,109
11/28/2020,DET,MI,AGL,CE,Federal Contract Tower,0,7,12,0,19,0,0,52,0,52,0,7,64,0,71,222,0,222,293
11/29/2020,DET,MI,AGL,CE,Federal Contract Tower,0,0,19,0,19,0,0,66,0,66,0,0,85,0,85,148,0,148,233
11/30/2020,DET,MI,AGL,CE,Federal Contract Tower,0,2,5,0,7,0,0,1,0,1,0,2,6,0,8,0,0,0,8
12/01/2020,DET,MI,AGL,CE,Federal Contract Tower,0,0,6,0,6,0,9,8,0,17,0,9,14,0,23,0,0,0,23
12/02/2020,DET,MI,AGL,CE,Federal Contract Tower,0,7,2,0,9,0,0,16,0,16,0,7,18,0,25,0,0,0,25
12/03/2020,DET,MI,AGL,CE,Federal Contract Tower,0,4,6,0,10,0,0,20,0,20,0,4,26,0,30,18,0,18,48
12/04/2020,DET,MI,AGL,CE,Federal Contract Tower,0,1,3,0,4,0,0,24,0,24,0,1,27,0,28,78,0,78,106
12/05/2020,DET,MI,AGL,CE,Federal Contract Tower,0,2,2,0,4,0,0,30,0,30,0,2,32,0,34,112,0,112,146
12/07/2020,DET,MI,AGL,CE,Federal Contract Tower,0,3,11,0,14,0,0,39,0,39,0,3,50,0,53,80,0,80,133
12/08/2020,DET,MI,AGL,CE,Federal Contract Tower,0,2,6,0,8,0,0,10,0,10,0,2,16,0,18,0,0,0,18
12/09/2020,DET,MI,AGL,CE,Federal Contract Tower,0,3,5,0,8,0,0,4,0,4,0,3,9,0,12,30,0,30,42
12/10/2020,DET,MI,AGL,CE,Federal Contract Tower,0,2,15,0,17,0,0,9,0,9,0,2,24,0,26,42,0,42,68
12/11/2020,DET,MI,AGL,CE,Federal Contract Tower,0,6,4,0,10,0,0,15,0,15,0,6,19,0,25,36,0,36,61
12/12/2020,DET,MI,AGL,CE,Federal Contract Tower,0,2,2,0,4,0,0,2,0,2,0,2,4,0,6,0,0,0,6
12/13/2020,DET,MI,AGL,CE,Federal Contract Tower,0,1,6,0,7,0,0,46,0,46,0,1,52,0,53,150,0,150,203
12/14/2020,DET,MI,AGL,CE,Federal Contract Tower,0,0,4,0,4,0,0,2,0,2,0,0,6,0,6,30,0,30,36
12/15/2020,DET,MI,AGL,CE,Federal Contract Tower,0,0,10,0,10,0,0,25,0,25,0,0,35,0,35,74,0,74,109
12/16/2020,DET,MI,AGL,CE,Federal Contract Tower,0,1,4,0,5,0,0,0,0,0,0,1,4,0,5,0,0,0,5
12/17/2020,DET,MI,AGL,CE,Federal Contract Tower,0,1,6,0,7,0,0,4,0,4,0,1,10,0,11,30,0,30,41
12/18/2020,DET,MI,AGL,CE,Federal Contract Tower,0,3,6,0,9,0,0,17,0,17,0,3,23,0,26,138,0,138,164
12/19/2020,DET,MI,AGL,CE,Federal Contract Tower,0,1,9,0,10,0,0,16,0,16,0,1,25,0,26,72,0,72,98
12/20/2020,DET,MI,AGL,CE,Federal Contract Tower,0,0,2,0,2,0,0,48,0,48,0,0,50,0,50,180,0,180,230
12/21/2020,DET,MI,AGL,CE,Federal Contract Tower,0,0,9,0,9,0,0,31,0,31,0,0,40,0,40,156,0,156,196
12/22/2020,DET,MI,AGL,CE,Federal Contract Tower,0,2,15,0,17,0,0,26,0,26,0,2,41,0,43,104,0,104,147
12/23/2020,DET,MI,AGL,CE,Federal Contract Tower,0,6,10,0,16,0,2,26,0,28,0,8,36,0,44,40,0,40,84
12/24/2020,DET,MI,AGL,CE,Federal Contract Tower,0,0,4,0,4,0,0,15,0,15,0,0,19,0,19,102,0,102,121
12/25/2020,DET,MI,AGL,CE,Federal Contract Tower,0,0,1,0,1,0,0,0,0,0,0,0,1,0,1,0,0,0,1
12/26/2020,DET,MI,AGL,CE,Federal Contract Tower,0,2,7,0,9,0,0,5,0,5,0,2,12,0,14,0,0,0,14
12/27/2020,DET,MI,AGL,CE,Federal Contract Tower,0,1,13,0,14,0,0,31,0,31,0,1,44,0,45,168,0,168,213
12/28/2020,DET,MI,AGL,CE,Federal Contract Tower,0,3,11,0,14,0,0,28,0,28,0,3,39,0,42,102,0,102,144
12/29/2020,DET,MI,AGL,CE,Federal Contract Tower,0,7,14,0,21,0,0,38,0,38,0,7,52,0,59,90,0,90,149
12/30/2020,DET,MI,AGL,CE,Federal Contract Tower,0,1,6,0,7,0,0,0,0,0,0,1,6,0,7,0,0,0,7
12/31/2020,DET,MI,AGL,CE,Federal Contract Tower,0,2,3,0,5,0,0,16,0,16,0,2,19,0,21,156,0,156,177
01/01/2021,DET,MI,AGL,CE,Federal Contract Tower,0,1,3,0,4,0,0,0,0,0,0,1,3,0,4,0,0,0,4
01/02/2021,DET,MI,AGL,CE,Federal Contract Tower,0,0,3,0,3,0,0,0,0,0,0,0,3,0,3,0,0,0,3
01/03/2021,DET,MI,AGL,CE,Federal Contract Tower,0,0,2,0,2,0,0,3,0,3,0,0,5,0,5,0,0,0,5
01/04/2021,DET,MI,AGL,CE,Federal Contract Tower,0,2,1,0,3,0,0,4,0,4,0,2,5,0,7,0,0,0,7
01/05/2021,DET,MI,AGL,CE,Federal Contract Tower,0,2,8,0,10,0,0,0,0,0,0,2,8,0,10,0,0,0,10
01/06/2021,DET,MI,AGL,CE,Federal Contract Tower,0,0,5,0,5,0,0,4,0,4,0,0,9,0,9,0,0,0,9
01/07/2021,DET,MI,AGL,CE,Federal Contract Tower,0,2,12,0,14,0,0,7,0,7,0,2,19,0,21,78,0,78,99
01/08/2021,DET,MI,AGL,CE,Federal Contract Tower,0,4,7,0,11,0,0,16,0,16,0,4,23,0,27,34,0,34,61
01/09/2021,DET,MI,AGL,CE,Federal Contract Tower,0,0,7,0,7,0,0,37,0,37,0,0,44,0,44,158,0,158,202
01/10/2021,DET,MI,AGL,CE,Federal Contract Tower,0,4,7,0,11,0,0,36,0,36,0,4,43,0,47,96,0,96,143
01/11/2021,DET,MI,AGL,CE,Federal Contract Tower,0,0,7,0,7,0,0,4,0,4,0,0,11,0,11,26,0,26,37
01/12/2021,DET,MI,AGL,CE,Federal Contract Tower,0,3,4,0,7,0,0,0,0,0,0,3,4,0,7,0,0,0,7
01/13/2021,DET,MI,AGL,CE,Federal Contract Tower,0,6,8,0,14,0,0,16,2,18,0,6,24,2,32,82,0,82,114
01/14/2021,DET,MI,AGL,CE,Federal Contract Tower,0,4,14,0,18,0,0,16,0,16,0,4,30,0,34,46,0,46,80
01/15/2021,DET,MI,AGL,CE,Federal Contract Tower,0,6,9,0,15,0,0,0,0,0,0,6,9,0,15,0,0,0,15
01/16/2021,DET,MI,AGL,CE,Federal Contract Tower,0,0,9,0,9,0,0,24,0,24,0,0,33,0,33,16,0,16,49
01/17/2021,DET,MI,AGL,CE,Federal Contract Tower,0,0,4,0,4,0,0,11,0,11,0,0,15,0,15,0,0,0,15
01/18/2021,DET,MI,AGL,CE,Federal Contract Tower,0,3,5,0,8,0,0,17,0,17,0,3,22,0,25,14,0,14,39
01/19/2021,DET,MI,AGL,CE,Federal Contract Tower,0,5,10,0,15,0,0,24,0,24,0,5,34,0,39,12,0,12,51
01/20/2021,DET,MI,AGL,CE,Federal Contract Tower,0,0,3,0,3,0,0,7,2,9,0,0,10,2,12,0,6,6,18
01/22/2021,DET,MI,AGL,CE,Federal Contract Tower,0,2,3,0,5,0,2,8,0,10,0,4,11,0,15,22,0,22,37
01/23/2021,DET,MI,AGL,CE,Federal Contract Tower,0,2,6,0,8,0,0,64,0,64,0,2,70,0,72,198,0,198,270
01/24/2021,DET,MI,AGL,CE,Federal Contract Tower,0,2,11,0,13,0,0,24,0,24,0,2,35,0,37,0,0,0,37
01/25/2021,DET,MI,AGL,CE,Federal Contract Tower,0,0,8,0,8,0,0,9,0,9,0,0,17,0,17,10,0,10,27
01/26/2021,DET,MI,AGL,CE,Federal Contract Tower,0,2,2,0,4,0,0,0,0,0,0,2,2,0,4,0,0,0,4
01/27/2021,DET,MI,AGL,CE,Federal Contract Tower,0,3,15,0,18,0,0,25,0,25,0,3,40,0,43,62,0,62,105
01/28/2021,DET,MI,AGL,CE,Federal Contract Tower,0,3,7,0,10,0,0,3,0,3,0,3,10,0,13,0,0,0,13
01/29/2021,DET,MI,AGL,CE,Federal Contract Tower,0,7,9,0,16,0,0,23,0,23,0,7,32,0,39,40,0,40,79
01/30/2021,DET,MI,AGL,CE,Federal Contract Tower,0,1,0,0,1,0,0,42,0,42,0,1,42,0,43,50,0,50,93
01/31/2021,DET,MI,AGL,CE,Federal Contract Tower,0,1,3,0,4,0,0,11,0,11,0,1,14,0,15,0,0,0,15
02/01/2021,DET,MI,AGL,CE,Federal Contract Tower,0,0,5,0,5,0,0,0,0,0,0,0,5,0,5,0,0,0,5
02/02/2021,DET,MI,AGL,CE,Federal Contract Tower,0,5,14,0,19,0,0,22,2,24,0,5,36,2,43,20,0,20,63
02/03/2021,DET,MI,AGL,CE,Federal Contract Tower,0,3,14,0,17,0,0,20,0,20,0,3,34,0,37,94,0,94,131
02/04/2021,DET,MI,AGL,CE,Federal Contract Tower,0,2,8,0,10,0,0,18,2,20,0,2,26,2,30,106,0,106,136
02/05/2021,DET,MI,AGL,CE,Federal Contract Tower,0,0,1,0,1,0,0,0,0,0,0,0,1,0,1,0,0,0,1
02/06/2021,DET,MI,AGL,CE,Federal Contract Tower,0,2,14,0,16,0,0,35,0,35,0,2,49,0,51,84,0,84,135
02/07/2021,DET,MI,AGL,CE,Federal Contract Tower,0,2,11,0,13,0,0,30,0,30,0,2,41,0,43,60,0,60,103
02/08/2021,DET,MI,AGL,CE,Federal Contract Tower,0,0,5,0,5,0,0,8,0,8,0,0,13,0,13,27,0,27,40
02/09/2021,DET,MI,AGL,CE,Federal Contract Tower,0,5,10,0,15,0,0,17,0,17,0,5,27,0,32,0,0,0,32
02/10/2021,DET,MI,AGL,CE,Federal Contract Tower,0,2,7,0,9,0,2,6,0,8,0,4,13,0,17,16,0,16,33
02/11/2021,DET,MI,AGL,CE,Federal Contract Tower,0,2,10,0,12,0,0,17,0,17,0,2,27,0,29,34,0,34,63
02/12/2021,DET,MI,AGL,CE,Federal Contract Tower,0,3,7,0,10,0,0,18,0,18,0,3,25,0,28,38,0,38,66
02/13/2021,DET,MI,AGL,CE,Federal Contract Tower,0,0,7,0,7,0,0,27,0,27,0,0,34,0,34,32,0,32,66
02/14/2021,DET,MI,AGL,CE,Federal Contract Tower,0,2,3,0,5,0,0,24,0,24,0,2,27,0,29,0,0,0,29
02/15/2021,DET,MI,AGL,CE,Federal Contract Tower,0,0,1,0,1,0,0,0,0,0,0,0,1,0,1,0,0,0,1
02/16/2021,DET,MI,AGL,CE,Federal Contract Tower,0,0,0,0,0,0,0,6,0,6,0,0,6,0,6,0,0,0,6
02/17/2021,DET,MI,AGL,CE,Federal Contract Tower,0,9,15,0,24,0,0,13,0,13,0,9,28,0,37,0,0,0,37
02/18/2021,DET,MI,AGL,CE,Federal Contract Tower,0,1,3,0,4,0,0,0,0,0,0,1,3,0,4,0,0,0,4
02/19/2021,DET,MI,AGL,CE,Federal Contract Tower,0,4,15,0,19,0,0,13,0,13,0,4,28,0,32,0,0,0,32
02/20/2021,DET,MI,AGL,CE,Federal Contract Tower,0,2,11,0,13,0,0,45,0,45,0,2,56,0,58,114,0,114,172
02/21/2021,DET,MI,AGL,CE,Federal Contract Tower,0,2,4,0,6,0,0,46,0,46,0,2,50,0,52,0,0,0,52
02/22/2021,DET,MI,AGL,CE,Federal Contract Tower,0,2,19,0,21,0,0,16,0,16,0,2,35,0,37,0,0,0,37
02/23/2021,DET,MI,AGL,CE,Federal Contract Tower,0,11,13,0,24,0,0,5,0,5,0,11,18,0,29,0,0,0,29
02/24/2021,DET,MI,AGL,CE,Federal Contract Tower,0,5,12,0,17,0,0,6,0,6,0,5,18,0,23,48,0,48,71
02/25/2021,DET,MI,AGL,CE,Federal Contract Tower,0,5,13,0,18,0,0,30,0,30,0,5,43,0,48,82,0,82,130
02/26/2021,DET,MI,AGL,CE,Federal Contract Tower,0,3,13,0,16,0,0,48,0,48,0,3,61,0,64,112,0,112,176
02/27/2021,DET,MI,AGL,CE,Federal Contract Tower,0,2,10,0,12,0,0,63,0,63,0,2,73,0,75,194,0,194,269
02/28/2021,DET,MI,AGL,CE,Federal Contract Tower,0,2,11,0,13,0,0,43,0,43,0,2,54,0,56,40,0,40,96
03/01/2021,DET,MI,AGL,CE,Federal Contract Tower,0,6,6,0,12,0,0,21,0,21,0,6,27,0,33,24,16,40,73
03/02/2021,DET,MI,AGL,CE,Federal Contract Tower,0,2,7,0,9,0,0,14,0,14,0,2,21,0,23,46,0,46,69
03/03/2021,DET,MI,AGL,CE,Federal Contract Tower,0,10,11,0,21,0,0,29,0,29,0,10,40,0,50,76,0,76,126
03/04/2021,DET,MI,AGL,CE,Federal Contract Tower,0,2,6,0,8,0,0,6,0,6,0,2,12,0,14,0,0,0,14
03/05/2021,DET,MI,AGL,CE,Federal Contract Tower,0,10,15,0,25,0,0,48,0,48,0,10,63,0,73,130,0,130,203
03/06/2021,DET,MI,AGL,CE,Federal Contract Tower,0,2,13,0,15,0,0,140,0,140,0,2,153,0,155,176,0,176,331
03/07/2021,DET,MI,AGL,CE,Federal Contract Tower,0,5,7,0,12,0,0,140,0,140,0,5,147,0,152,180,0,180,332
03/08/2021,DET,MI,AGL,CE,Federal Contract Tower,0,0,7,0,7,0,0,24,2,26,0,0,31,2,33,26,8,34,67
03/09/2021,DET,MI,AGL,CE,Federal Contract Tower,0,0,9,0,9,0,0,9,0,9,0,0,18,0,18,42,0,42,60
03/10/2021,DET,MI,AGL,CE,Federal Contract Tower,0,5,16,0,21,0,0,13,0,13,0,5,29,0,34,44,0,44,78
03/11/2021,DET,MI,AGL,CE,Federal Contract Tower,0,6,6,0,12,0,0,6,0,6,0,6,12,0,18,0,0,0,18
03/12/2021,DET,MI,AGL,CE,Federal Contract Tower,0,8,10,0,18,0,0,47,0,47,0,8,57,0,65,102,0,102,167
03/13/2021,DET,MI,AGL,CE,Federal Contract Tower,0,1,0,0,1,0,0,110,0,110,0,1,110,0,111,178,0,178,289
03/14/2021,DET,MI,AGL,CE,Federal Contract Tower,0,4,14,0,18,0,0,141,0,141,0,4,155,0,159,112,0,112,271
03/15/2021,DET,MI,AGL,CE,Federal Contract Tower,0,4,12,0,16,0,0,35,0,35,0,4,47,0,51,12,0,12,63
03/16/2021,DET,MI,AGL,CE,Federal Contract Tower,0,4,14,0,18,0,0,20,0,20,0,4,34,0,38,72,0,72,110
03/17/2021,DET,MI,AGL,CE,Federal Contract Tower,0,3,12,0,15,0,0,13,0,13,0,3,25,0,28,42,0,42,70
03/18/2021,DET,MI,AGL,CE,Federal Contract Tower,0,6,11,0,17,0,0,4,1,5,0,6,15,1,22,0,0,0,22
03/19/2021,DET,MI,AGL,CE,Federal Contract Tower,0,5,17,0,22,0,0,36,0,36,0,5,53,0,58,88,0,88,146
03/20/2021,DET,MI,AGL,CE,Federal Contract Tower,0,6,20,0,26,0,0,148,0,148,0,6,168,0,174,164,0,164,338
03/21/2021,DET,MI,AGL,CE,Federal Contract Tower,0,0,14,0,14,0,0,74,0,74,0,0,88,0,88,66,0,66,154
03/22/2021,DET,MI,AGL,CE,Federal Contract Tower,0,5,9,0,14,0,0,22,0,22,0,5,31,0,36,22,0,22,58
03/23/2021,DET,MI,AGL,CE,Federal Contract Tower,0,2,8,0,10,0,0,24,0,24,0,2,32,0,34,34,0,34,68
03/24/2021,DET,MI,AGL,CE,Federal Contract Tower,0,4,14,0,18,0,0,14,0,14,0,4,28,0,32,34,0,34,66
03/25/2021,DET,MI,AGL,CE,Federal Contract Tower,0,3,4,0,7,0,0,18,0,18,0,3,22,0,25,10,0,10,35
03/26/2021,DET,MI,AGL,CE,Federal Contract Tower,0,0,17,0,17,0,0,6,0,6,0,0,23,0,23,0,0,0,23
03/27/2021,DET,MI,AGL,CE,Federal Contract Tower,0,0,16,0,16,0,0,178,0,178,0,0,194,0,194,238,0,238,432
03/28/2021,DET,MI,AGL,CE,Federal Contract Tower,0,0,5,0,5,0,0,34,0,34,0,0,39,0,39,0,0,0,39
03/29/2021,DET,MI,AGL,CE,Federal Contract Tower,0,6,16,0,22,0,0,18,0,18,0,6,34,0,40,0,0,0,40
04/01/2021,DET,MI,AGL,CE,Federal Contract Tower,0,0,10,0,10,0,4,4,0,8,0,4,14,0,18,0,22,22,40
04/02/2021,DET,MI,AGL,CE,Federal Contract Tower,0,5,7,1,13,0,0,47,0,47,0,5,54,1,60,134,0,134,194
04/03/2021,DET,MI,AGL,CE,Federal Contract Tower,0,1,8,0,9,0,0,102,0,102,0,1,110,0,111,52,0,52,163
04/04/2021,DET,MI,AGL,CE,Federal Contract Tower,0,2,4,0,6,0,0,166,0,166,0,2,170,0,172,8,0,8,180
04/05/2021,DET,MI,AGL,CE,Federal Contract Tower,0,1,16,0,17,0,0,10,0,10,0,1,26,0,27,26,0,26,53
04/15/2021,DET,MI,AGL,CE,Federal Contract Tower,0,4,11,0,15,0,0,67,0,67,0,4,78,0,82,0,0,0,82
04/16/2021,DET,MI,AGL,CE,Federal Contract Tower,0,0,16,0,16,0,0,48,0,48,0,0,64,0,64,148,0,148,212
04/18/2021,DET,MI,AGL,CE,Federal Contract Tower,0,6,11,0,17,0,0,116,0,116,0,6,127,0,133,144,0,144,277
04/19/2021,DET,MI,AGL,CE,Federal Contract Tower,0,9,19,0,28,0,0,11,0,11,0,9,30,0,39,0,0,0,39
04/20/2021,DET,MI,AGL,CE,Federal Contract Tower,0,9,5,0,14,0,0,8,0,8,0,9,13,0,22,0,0,0,22
04/21/2021,DET,MI,AGL,CE,Federal Contract Tower,0,6,18,0,24,0,0,36,20,56,0,6,54,20,80,142,0,142,222
04/22/2021,DET,MI,AGL,CE,Federal Contract Tower,0,3,17,0,20,0,0,65,0,65,0,3,82,0,85,164,0,164,249
04/23/2021,DET,MI,AGL,CE,Federal Contract Tower,0,2,22,0,24,0,0,62,0,62,0,2,84,0,86,176,0,176,262
04/24/2021,DET,MI,AGL,CE,Federal Contract Tower,0,3,6,0,9,0,0,93,0,93,0,3,99,0,102,148,0,148,250
04/25/2021,DET,MI,AGL,CE,Federal Contract Tower,0,2,9,0,11,0,0,118,0,118,0,2,127,0,129,64,0,64,193
04/26/2021,DET,MI,AGL,CE,Federal Contract Tower,0,0,12,0,12,0,0,21,0,21,0,0,33,0,33,24,0,24,57
04/27/2021,DET,MI,AGL,CE,Federal Contract Tower,0,2,9,0,11,0,0,13,0,13,0,2,22,0,24,50,0,50,74
04/28/2021,DET,MI,AGL,CE,Federal Contract Tower,0,8,13,0,21,0,0,30,0,30,0,8,43,0,51,96,0,96,147
04/29/2021,DET,MI,AGL,CE,Federal Contract Tower,0,6,20,0,26,0,0,2,0,2,0,6,22,0,28,0,0,0,28
04/30/2021,DET,MI,AGL,CE,Federal Contract Tower,0,3,14,0,17,0,0,91,0,91,0,3,105,0,108,186,0,186,294
05/01/2021,DET,MI,AGL,CE,Federal Contract Tower,0,10,13,0,23,0,0,132,0,132,0,10,145,0,155,124,0,124,279
05/02/2021,DET,MI,AGL,CE,Federal Contract Tower,0,6,14,0,20,0,0,122,0,122,0,6,136,0,142,74,0,74,216
05/03/2021,DET,MI,AGL,CE,Federal Contract Tower,0,4,12,0,16,0,0,0,0,0,0,4,12,0,16,0,0,0,16
05/04/2021,DET,MI,AGL,CE,Federal Contract Tower,0,0,11,0,11,0,0,11,0,11,0,0,22,0,22,30,0,30,52
05/05/2021,DET,MI,AGL,CE,Federal Contract Tower,0,7,23,0,30,0,0,43,0,43,0,7,66,0,73,76,0,76,149
05/06/2021,DET,MI,AGL,CE,Federal Contract Tower,0,0,10,0,10,0,0,53,0,53,0,0,63,0,63,104,0,104,167
05/07/2021,DET,MI,AGL,CE,Federal Contract Tower,0,0,17,0,17,0,0,36,0,36,0,0,53,0,53,78,0,78,131
05/08/2021,DET,MI,AGL,CE,Federal Contract Tower,0,3,6,0,9,0,0,150,0,150,0,3,156,0,159,154,0,154,313
05/09/2021,DET,MI,AGL,CE,Federal Contract Tower,0,0,10,0,10,0,0,11,0,11,0,0,21,0,21,0,0,0,21
05/10/2021,DET,MI,AGL,CE,Federal Contract Tower,0,0,5,0,5,0,0,12,0,12,0,0,17,0,17,22,0,22,39
05/12/2021,DET,MI,AGL,CE,Federal Contract Tower,0,9,13,0,22,0,0,118,0,118,0,9,131,0,140,100,0,100,240
05/14/2021,DET,MI,AGL,CE,Federal Contract Tower,0,5,24,0,29,0,0,122,0,122,0,5,146,0,151,264,0,264,415
05/15/2021,DET,MI,AGL,CE,Federal Contract Tower,0,4,8,0,12,0,0,82,0,82,0,4,90,0,94,200,0,200,294
05/16/2021,DET,MI,AGL,CE,Federal Contract Tower,0,4,9,0,13,0,0,95,0,95,0,4,104,0,108,80,0,80,188
05/17/2021,DET,MI,AGL,CE,Federal Contract Tower,0,2,16,0,18,0,0,19,6,25,0,2,35,6,43,24,0,24,67
05/18/2021,DET,MI,AGL,CE,Federal Contract Tower,0,5,14,0,19,0,0,28,0,28,0,5,42,0,47,0,0,0,47
05/19/2021,DET,MI,AGL,CE,Federal Contract Tower,0,4,29,0,33,0,0,93,0,93,0,4,122,0,126,164,0,164,290
05/20/2021,DET,MI,AGL,CE,Federal Contract Tower,0,8,6,0,14,0,0,82,0,82,0,8,88,0,96,174,0,174,270
05/21/2021,DET,MI,AGL,CE,Federal Contract Tower,0,5,19,0,24,0,0,92,0,92,0,5,111,0,116,168,0,168,284
05/22/2021,DET,MI,AGL,CE,Federal Contract Tower,0,7,6,0,13,0,0,197,0,197,0,7,203,0,210,136,0,136,346
05/23/2021,DET,MI,AGL,CE,Federal Contract Tower,0,4,19,0,23,0,0,80,0,80,0,4,99,0,103,94,0,94,197
05/24/2021,DET,MI,AGL,CE,Federal Contract Tower,0,6,11,0,17,0,0,16,0,16,0,6,27,0,33,0,0,0,33
05/25/2021,DET,MI,AGL,CE,Federal Contract Tower,0,12,21,0,33,0,0,29,0,29,0,12,50,0,62,0,0,0,62
05/26/2021,DET,MI,AGL,CE,Federal Contract Tower,0,8,15,0,23,0,0,84,0,84,0,8,99,0,107,6,0,6,113
05/27/2021,DET,MI,AGL,CE,Federal Contract Tower,0,3,19,0,22,0,0,68,0,68,0,3,87,0,90,112,0,112,202
05/28/2021,DET,MI,AGL,CE,Federal Contract Tower,0,0,14,0,14,0,0,42,0,42,0,0,56,0,56,0,0,0,56
05/29/2021,DET,MI,AGL,CE,Federal Contract Tower,0,2,8,0,10,0,0,128,0,128,0,2,136,0,138,8,0,8,146
05/30/2021,DET,MI,AGL,CE,Federal Contract Tower,0,0,0,0,0,0,0,134,0,134,0,0,134,0,134,54,0,54,188
05/31/2021,DET,MI,AGL,CE,Federal Contract Tower,0,5,17,0,22,0,0,66,0,66,0,5,83,0,88,38,0,38,126
06/01/2021,DET,MI,AGL,CE,Federal Contract Tower,0,5,16,0,21,0,0,15,0,15,0,5,31,0,36,60,0,60,96
06/02/2021,DET,MI,AGL,CE,Federal Contract Tower,0,8,17,0,25,0,0,15,4,19,0,8,32,4,44,10,0,10,54
06/03/2021,DET,MI,AGL,CE,Federal Contract Tower,0,11,22,0,33,0,0,79,0,79,0,11,101,0,112,152,0,152,264
06/04/2021,DET,MI,AGL,CE,Federal Contract Tower,0,7,25,0,32,0,0,139,2,141,0,7,164,2,173,140,0,140,313
06/05/2021,DET,MI,AGL,CE,Federal Contract Tower,0,6,13,0,19,0,0,163,0,163,0,6,176,0,182,92,0,92,274
06/06/2021,DET,MI,AGL,CE,Federal Contract Tower,0,4,11,0,15,0,0,120,0,120,0,4,131,0,135,108,0,108,243
06/07/2021,DET,MI,AGL,CE,Federal Contract Tower,0,5,12,0,17,0,6,23,0,29,0,11,35,0,46,18,0,18,64
06/08/2021,DET,MI,AGL,CE,Federal Contract Tower,0,3,10,0,13,0,0,16,0,16,0,3,26,0,29,50,0,50,79
06/09/2021,DET,MI,AGL,CE,Federal Contract Tower,0,7,8,0,15,0,0,44,0,44,0,7,52,0,59,48,0,48,107
06/10/2021,DET,MI,AGL,CE,Federal Contract Tower,0,13,29,0,42,0,0,61,0,61,0,13,90,0,103,112,0,112,215
06/11/2021,DET,MI,AGL,CE,Federal Contract Tower,0,4,32,0,36,0,0,68,0,68,0,4,100,0,104,120,0,120,224
06/12/2021,DET,MI,AGL,CE,Federal Contract Tower,0,3,22,0,25,0,0,100,0,100,0,3,122,0,125,2,0,2,127
06/13/2021,DET,MI,AGL,CE,Federal Contract Tower,0,10,19,0,29,0,0,37,0,37,0,10,56,0,66,34,0,34,100
06/14/2021,DET,MI,AGL,CE,Federal Contract Tower,0,4,14,0,18,0,0,22,0,22,0,4,36,0,40,36,0,36,76
06/15/2021,DET,MI,AGL,CE,Federal Contract Tower,0,2,10,0,12,0,0,33,0,33,0,2,43,0,45,40,0,40,85
06/16/2021,DET,MI,AGL,CE,Federal Contract Tower,0,7,12,0,19,0,0,68,0,68,0,7,80,0,87,66,0,66,153
06/17/2021,DET,MI,AGL,CE,Federal Contract Tower,0,10,6,0,16,0,0,78,0,78,0,10,84,0,94,26,0,26,120
06/18/2021,DET,MI,AGL,CE,Federal Contract Tower,0,9,17,0,26,0,0,84,0,84,0,9,101,0,110,40,0,40,150
06/19/2021,DET,MI,AGL,CE,Federal Contract Tower,0,10,9,0,19,0,0,172,0,172,0,10,181,0,191,38,0,38,229
06/20/2021,DET,MI,AGL,CE,Federal Contract Tower,0,5,17,0,22,0,0,167,0,167,0,5,184,0,189,46,0,46,235
06/21/2021,DET,MI,AGL,CE,Federal Contract Tower,0,4,29,0,33,0,0,8,0,8,0,4,37,0,41,0,0,0,41
06/22/2021,DET,MI,AGL,CE,Federal Contract Tower,0,2,15,0,17,0,15,32,0,47,0,17,47,0,64,28,0,28,92
06/23/2021,DET,MI,AGL,CE,Federal Contract Tower,0,3,32,0,35,0,0,69,0,69,0,3,101,0,104,146,0,146,250
06/24/2021,DET,MI,AGL,CE,Federal Contract Tower,0,11,18,0,29,0,0,109,0,109,0,11,127,0,138,116,0,116,254
06/25/2021,DET,MI,AGL,CE,Federal Contract Tower,0,10,9,0,19,0,0,2,0,2,0,10,11,0,21,0,0,0,21
06/26/2021,DET,MI,AGL,CE,Federal Contract Tower,0,8,17,0,25,0,0,80,0,80,0,8,97,0,105,52,0,52,157
06/27/2021,DET,MI,AGL,CE,Federal Contract Tower,0,22,19,0,41,0,0,103,0,103,0,22,122,0,144,0,0,0,144
06/28/2021,DET,MI,AGL,CE,Federal Contract Tower,0,13,11,0,24,0,0,22,0,22,0,13,33,0,46,22,0,22,68
06/29/2021,DET,MI,AGL,CE,Federal Contract Tower,0,6,13,0,19,0,0,28,0,28,0,6,41,0,47,12,0,12,59
06/30/2021,DET,MI,AGL,CE,Federal Contract Tower,0,11,17,0,28,0,0,91,0,91,0,11,108,0,119,186,0,186,305
07/01/2021,DET,MI,AGL,CE,Federal Contract Tower,0,6,28,0,34,0,0,86,0,86,0,6,114,0,120,160,0,160,280
07/02/2021,DET,MI,AGL,CE,Federal Contract Tower,0,11,18,0,29,0,0,118,0,118,0,11,136,0,147,92,0,92,239
07/03/2021,DET,MI,AGL,CE,Federal Contract Tower,0,7,8,0,15,0,0,132,0,132,0,7,140,0,147,18,0,18,165
07/04/2021,DET,MI,AGL,CE,Federal Contract Tower,0,7,7,0,14,0,0,89,0,89,0,7,96,0,103,24,0,24,127
07/05/2021,DET,MI,AGL,CE,Federal Contract Tower,0,12,15,0,27,0,0,32,0,32,0,12,47,0,59,0,0,0,59
07/06/2021,DET,MI,AGL,CE,Federal Contract Tower,0,5,15,0,20,0,0,17,0,17,0,5,32,0,37,84,0,84,121
07/07/2021,DET,MI,AGL,CE,Federal Contract Tower,0,11,8,0,19,0,0,77,0,77,0,11,85,0,96,0,0,0,96
07/08/2021,DET,MI,AGL,CE,Federal Contract Tower,0,12,18,0,30,0,0,93,0,93,0,12,111,0,123,12,0,12,135
07/09/2021,DET,MI,AGL,CE,Federal Contract Tower,0,11,29,0,40,0,0,157,0,157,0,11,186,0,197,106,0,106,303
07/10/2021,DET,MI,AGL,CE,Federal Contract Tower,0,12,15,0,27,0,0,153,0,153,0,12,168,0,180,86,0,86,266
07/11/2021,DET,MI,AGL,CE,Federal Contract Tower,0,4,14,0,18,0,0,0,0,0,0,4,14,0,18,4,0,4,22
07/12/2021,DET,MI,AGL,CE,Federal Contract Tower,0,6,12,0,18,0,0,3,0,3,0,6,15,0,21,2,0,2,23
07/13/2021,DET,MI,AGL,CE,Federal Contract Tower,0,9,8,0,17,0,0,47,0,47,0,9,55,0,64,108,0,108,172
07/14/2021,DET,MI,AGL,CE,Federal Contract Tower,0,6,20,0,26,0,0,103,0,103,0,6,123,0,129,186,0,186,315
07/15/2021,DET,MI,AGL,CE,Federal Contract Tower,0,6,23,0,29,0,0,102,1,103,0,6,125,1,132,176,0,176,308
07/16/2021,DET,MI,AGL,CE,Federal Contract Tower,0,1,19,0,20,0,0,13,0,13,0,1,32,0,33,0,0,0,33
07/17/2021,DET,MI,AGL,CE,Federal Contract Tower,0,4,5,0,9,0,0,151,0,151,0,4,156,0,160,50,0,50,210
07/18/2021,DET,MI,AGL,CE,Federal Contract Tower,0,5,13,0,18,0,0,160,0,160,0,5,173,0,178,30,0,30,208
07/19/2021,DET,MI,AGL,CE,Federal Contract Tower,0,12,11,0,23,0,0,23,0,23,0,12,34,0,46,22,0,22,68
07/20/2021,DET,MI,AGL,CE,Federal Contract Tower,0,7,18,0,25,0,0,27,2,29,0,7,45,2,54,44,0,44,98
07/21/2021,DET,MI,AGL,CE,Federal Contract Tower,0,12,28,0,40,0,0,69,0,69,0,12,97,0,109,106,0,106,215
07/22/2021,DET,MI,AGL,CE,Federal Contract Tower,0,11,19,0,30,0,1,118,0,119,0,12,137,0,149,184,0,184,333
07/23/2021,DET,MI,AGL,CE,Federal Contract Tower,0,16,20,0,36,0,0,123,0,123,0,16,143,0,159,62,0,62,221
07/24/2021,DET,MI,AGL,CE,Federal Contract Tower,0,6,14,0,20,0,0,98,0,98,0,6,112,0,118,68,0,68,186
07/25/2021,DET,MI,AGL,CE,Federal Contract Tower,0,6,16,0,22,0,0,88,0,88,0,6,104,0,110,46,0,46,156
07/26/2021,DET,MI,AGL,CE,Federal Contract Tower,0,7,24,0,31,0,0,99,0,99,0,7,123,0,130,68,0,68,198
07/27/2021,DET,MI,AGL,CE,Federal Contract Tower,0,15,28,0,43,0,0,42,0,42,0,15,70,0,85,102,0,102,187
07/28/2021,DET,MI,AGL,CE,Federal Contract Tower,0,9,12,0,21,0,6,72,0,78,0,15,84,0,99,134,0,134,233
07/29/2021,DET,MI,AGL,CE,Federal Contract Tower,0,5,21,0,26,0,0,130,0,130,0,5,151,0,156,182,0,182,338
07/30/2021,DET,MI,AGL,CE,Federal Contract Tower,0,5,17,0,22,0,0,194,0,194,0,5,211,0,216,56,0,56,272
07/31/2021,DET,MI,AGL,CE,Federal Contract Tower,0,13,16,0,29,0,0,179,0,179,0,13,195,0,208,92,0,92,300
08/01/2021,DET,MI,AGL,CE,Federal Contract Tower,0,6,7,0,13,0,0,118,0,118,0,6,125,0,131,20,0,20,151
08/02/2021,DET,MI,AGL,CE,Federal Contract Tower,0,13,8,0,21,0,0,29,0,29,0,13,37,0,50,30,0,30,80
08/03/2021,DET,MI,AGL,CE,Federal Contract Tower,0,3,16,0,19,0,0,40,0,40,0,3,56,0,59,46,0,46,105
08/04/2021,DET,MI,AGL,CE,Federal Contract Tower,0,7,13,0,20,0,0,98,0,98,0,7,111,0,118,168,0,168,286
08/05/2021,DET,MI,AGL,CE,Federal Contract Tower,0,13,22,0,35,0,0,95,0,95,0,13,117,0,130,186,0,186,316
08/06/2021,DET,MI,AGL,CE,Federal Contract Tower,0,7,12,0,19,0,0,123,0,123,0,7,135,0,142,60,0,60,202
08/07/2021,DET,MI,AGL,CE,Federal Contract Tower,0,6,6,0,12,0,0,198,2,200,0,6,204,2,212,0,0,0,212
08/08/2021,DET,MI,AGL,CE,Federal Contract Tower,0,5,10,0,15,0,0,211,0,211,0,5,221,0,226,78,0,78,304
08/09/2021,DET,MI,AGL,CE,Federal Contract Tower,0,10,15,0,25,0,0,35,0,35,0,10,50,0,60,0,0,0,60
08/10/2021,DET,MI,AGL,CE,Federal Contract Tower,0,10,17,2,29,0,0,56,0,56,0,10,73,2,85,92,0,92,177
08/11/2021,DET,MI,AGL,CE,Federal Contract Tower,0,6,14,0,20,0,0,75,0,75,0,6,89,0,95,0,0,0,95
08/12/2021,DET,MI,AGL,CE,Federal Contract Tower,0,16,13,0,29,0,0,125,0,125,0,16,138,0,154,62,0,62,216
08/13/2021,DET,MI,AGL,CE,Federal Contract Tower,0,3,17,1,21,0,0,100,0,100,0,3,117,1,121,24,0,24,145
08/14/2021,DET,MI,AGL,CE,Federal Contract Tower,0,4,12,0,16,0,0,97,0,97,0,4,109,0,113,42,0,42,155
08/15/2021,DET,MI,AGL,CE,Federal Contract Tower,0,9,15,0,24,0,0,138,0,138,0,9,153,0,162,14,0,14,176
08/16/2021,DET,MI,AGL,CE,Federal Contract Tower,0,11,18,0,29,0,0,13,0,13,0,11,31,0,42,4,0,4,46
08/17/2021,DET,MI,AGL,CE,Federal Contract Tower,0,5,19,0,24,0,0,62,0,62,0,5,81,0,86,178,0,178,264
08/18/2021,DET,MI,AGL,CE,Federal Contract Tower,0,7,14,0,21,0,0,88,0,88,0,7,102,0,109,152,0,152,261
08/19/2021,DET,MI,AGL,CE,Federal Contract Tower,0,13,13,0,26,0,0,76,0,76,0,13,89,0,102,54,0,54,156
08/20/2021,DET,MI,AGL,CE,Federal Contract Tower,0,0,21,0,21,0,0,103,0,103,0,0,124,0,124,56,0,56,180
08/21/2021,DET,MI,AGL,CE,Federal Contract Tower,0,6,4,0,10,0,0,136,0,136,0,6,140,0,146,8,0,8,154
08/22/2021,DET,MI,AGL,CE,Federal Contract Tower,0,9,6,0,15,0,0,133,0,133,0,9,139,0,148,18,0,18,166
08/23/2021,DET,MI,AGL,CE,Federal Contract Tower,0,5,19,0,24,0,0,55,0,55,0,5,74,0,79,96,0,96,175
08/24/2021,DET,MI,AGL,CE,Federal Contract Tower,0,6,18,0,24,0,0,70,0,70,0,6,88,0,94,138,0,138,232
08/25/2021,DET,MI,AGL,CE,Federal Contract Tower,0,3,21,0,24,0,0,88,0,88,0,3,109,0,112,170,0,170,282
08/26/2021,DET,MI,AGL,CE,Federal Contract Tower,0,10,27,0,37,0,0,81,0,81,0,10,108,0,118,46,0,46,164
08/27/2021,DET,MI,AGL,CE,Federal Contract Tower,0,3,12,0,15,0,0,78,0,78,0,3,90,0,93,52,0,52,145
08/28/2021,DET,MI,AGL,CE,Federal Contract Tower,0,4,11,0,15,0,0,112,0,112,0,4,123,0,127,6,0,6,133
08/29/2021,DET,MI,AGL,CE,Federal Contract Tower,0,3,10,0,13,0,0,75,0,75,0,3,85,0,88,4,0,4,92
08/30/2021,DET,MI,AGL,CE,Federal Contract Tower,0,6,17,0,23,0,2,31,0,33,0,8,48,0,56,16,0,16,72
08/31/2021,DET,MI,AGL,CE,Federal Contract Tower,0,4,19,0,23,0,0,70,0,70,0,4,89,0,93,128,0,128,221
09/01/2021,DET,MI,AGL,CE,Federal Contract Tower,0,12,13,0,25,0,0,99,0,99,0,12,112,0,124,118,0,118,242
09/02/2021,DET,MI,AGL,CE,Federal Contract Tower,0,4,23,0,27,0,0,93,0,93,0,4,116,0,120,16,0,16,136
09/03/2021,DET,MI,AGL,CE,Federal Contract Tower,0,7,23,0,30,0,0,128,0,128,0,7,151,0,158,66,0,66,224
09/04/2021,DET,MI,AGL,CE,Federal Contract Tower,0,4,18,0,22,0,0,191,0,191,0,4,209,0,213,10,0,10,223
09/05/2021,DET,MI,AGL,CE,Federal Contract Tower,0,7,5,0,12,0,0,170,0,170,0,7,175,0,182,84,0,84,266
09/06/2021,DET,MI,AGL,CE,Federal Contract Tower,0,4,14,0,18,0,0,37,0,37,0,4,51,0,55,60,0,60,115
09/07/2021,DET,MI,AGL,CE,Federal Contract Tower,0,2,12,0,14,0,0,5,0,5,0,2,17,0,19,0,0,0,19
09/08/2021,DET,MI,AGL,CE,Federal Contract Tower,0,12,21,0,33,0,0,66,0,66,0,12,87,0,99,0,0,0,99
09/09/2021,DET,MI,AGL,CE,Federal Contract Tower,0,4,25,0,29,0,0,69,0,69,0,4,94,0,98,26,0,26,124
09/10/2021,DET,MI,AGL,CE,Federal Contract Tower,0,4,27,0,31,0,0,138,0,138,0,4,165,0,169,46,0,46,215
09/11/2021,DET,MI,AGL,CE,Federal Contract Tower,0,4,13,0,17,0,0,172,0,172,0,4,185,0,189,0,0,0,189
09/12/2021,DET,MI,AGL,CE,Federal Contract Tower,0,12,28,0,40,0,0,211,0,211,0,12,239,0,251,68,0,68,319
09/13/2021,DET,MI,AGL,CE,Federal Contract Tower,0,7,13,2,22,0,0,31,14,45,0,7,44,16,67,40,0,40,107
09/14/2021,DET,MI,AGL,CE,Federal Contract Tower,0,5,23,0,28,0,0,7,0,7,0,5,30,0,35,0,0,0,35
09/15/2021,DET,MI,AGL,CE,Federal Contract Tower,0,9,13,0,22,0,0,95,0,95,0,9,108,0,117,0,0,0,117
09/16/2021,DET,MI,AGL,CE,Federal Contract Tower,0,2,33,0,35,0,0,100,0,100,0,2,133,0,135,38,0,38,173
09/17/2021,DET,MI,AGL,CE,Federal Contract Tower,0,5,23,0,28,0,0,137,0,137,0,5,160,0,165,152,0,152,317
09/18/2021,DET,MI,AGL,CE,Federal Contract Tower,0,9,8,0,17,0,0,212,0,212,0,9,220,0,229,0,0,0,229
09/19/2021,DET,MI,AGL,CE,Federal Contract Tower,0,4,10,0,14,0,0,235,0,235,0,4,245,0,249,50,0,50,299
09/20/2021,DET,MI,AGL,CE,Federal Contract Tower,0,2,14,0,16,0,0,28,0,28,0,2,42,0,44,0,0,0,44
09/21/2021,DET,MI,AGL,CE,Federal Contract Tower,0,6,15,0,21,0,0,1,0,1,0,6,16,0,22,0,0,0,22
09/22/2021,DET,MI,AGL,CE,Federal Contract Tower,0,9,24,0,33,0,0,0,0,0,0,9,24,0,33,0,0,0,33
09/23/2021,DET,MI,AGL,CE,Federal Contract Tower,0,4,12,0,16,0,0,0,0,0,0,4,12,0,16,0,0,0,16
09/24/2021,DET,MI,AGL,CE,Federal Contract Tower,0,5,24,0,29,0,0,122,0,122,0,5,146,0,151,54,0,54,205
09/25/2021,DET,MI,AGL,CE,Federal Contract Tower,0,6,8,0,14,0,0,151,0,151,0,6,159,0,165,20,8,28,193
09/26/2021,DET,MI,AGL,CE,Federal Contract Tower,0,22,16,0,38,0,0,188,0,188,0,22,204,0,226,72,0,72,298
09/27/2021,DET,MI,AGL,CE,Federal Contract Tower,0,7,32,0,39,0,0,35,0,35,0,7,67,0,74,16,0,16,90
09/28/2021,DET,MI,AGL,CE,Federal Contract Tower,0,6,11,0,17,0,0,68,0,68,0,6,79,0,85,118,0,118,203
09/29/2021,DET,MI,AGL,CE,Federal Contract Tower,0,4,17,3,24,0,0,85,0,85,0,4,102,3,109,108,0,108,217
09/30/2021,DET,MI,AGL,CE,Federal Contract Tower,0,3,15,2,20,0,0,66,0,66,0,3,81,2,86,28,0,28,114
10/01/2021,DET,MI,AGL,CE,Federal Contract Tower,0,5,23,0,28,0,0,134,0,134,0,5,157,0,162,0,0,0,162
10/02/2021,DET,MI,AGL,CE,Federal Contract Tower,0,0,15,0,15,0,0,155,0,155,0,0,170,0,170,10,0,10,180
10/03/2021,DET,MI,AGL,CE,Federal Contract Tower,0,7,19,0,26,0,0,0,0,0,0,7,19,0,26,0,0,0,26
10/04/2021,DET,MI,AGL,CE,Federal Contract Tower,0,3,12,0,15,0,0,43,0,43,0,3,55,0,58,0,0,0,58
10/05/2021,DET,MI,AGL,CE,Federal Contract Tower,0,9,14,0,23,0,0,2,0,2,0,9,16,0,25,0,0,0,25
10/06/2021,DET,MI,AGL,CE,Federal Contract Tower,0,4,26,0,30,0,0,39,0,39,0,4,65,0,69,0,0,0,69
10/07/2021,DET,MI,AGL,CE,Federal Contract Tower,0,7,14,0,21,0,0,70,0,70,0,7,84,0,91,0,0,0,91
10/08/2021,DET,MI,AGL,CE,Federal Contract Tower,0,9,14,0,23,0,0,95,0,95,0,9,109,0,118,0,0,0,118
10/09/2021,DET,MI,AGL,CE,Federal Contract Tower,0,7,18,0,25,0,0,194,0,194,0,7,212,0,219,92,0,92,311
10/10/2021,DET,MI,AGL,CE,Federal Contract Tower,0,3,19,0,22,0,0,239,0,239,0,3,258,0,261,40,0,40,301
10/11/2021,DET,MI,AGL,CE,Federal Contract Tower,0,8,26,0,34,0,0,53,0,53,0,8,79,0,87,132,0,132,219
10/12/2021,DET,MI,AGL,CE,Federal Contract Tower,0,2,11,0,13,0,0,6,0,6,0,2,17,0,19,0,0,0,19
10/13/2021,DET,MI,AGL,CE,Federal Contract Tower,0,9,17,0,26,0,0,78,0,78,0,9,95,0,104,104,0,104,208
10/14/2021,DET,MI,AGL,CE,Federal Contract Tower,0,6,15,0,21,0,0,64,0,64,0,6,79,0,85,26,10,36,121
10/15/2021,DET,MI,AGL,CE,Federal Contract Tower,0,6,16,0,22,0,0,187,2,189,0,6,203,2,211,0,0,0,211
10/16/2021,DET,MI,AGL,CE,Federal Contract Tower,0,3,17,0,20,0,0,424,0,424,0,3,441,0,444,36,0,36,480
10/17/2021,DET,MI,AGL,CE,Federal Contract Tower,0,7,28,0,35,0,0,397,0,397,0,7,425,0,432,12,0,12,444
10/18/2021,DET,MI,AGL,CE,Federal Contract Tower,0,6,23,0,29,0,0,62,0,62,0,6,85,0,91,98,0,98,189
10/19/2021,DET,MI,AGL,CE,Federal Contract Tower,0,7,19,0,26,0,0,78,0,78,0,7,97,0,104,156,0,156,260
10/20/2021,DET,MI,AGL,CE,Federal Contract Tower,0,9,17,0,26,0,0,87,0,87,0,9,104,0,113,64,0,64,177
10/21/2021,DET,MI,AGL,CE,Federal Contract Tower,0,1,9,0,10,0,0,94,0,94,0,1,103,0,104,0,0,0,104
10/22/2021,DET,MI,AGL,CE,Federal Contract Tower,0,5,17,0,22,0,4,130,0,134,0,9,147,0,156,22,0,22,178
10/23/2021,DET,MI,AGL,CE,Federal Contract Tower,0,0,16,0,16,0,0,257,0,257,0,0,273,0,273,22,0,22,295
10/24/2021,DET,MI,AGL,CE,Federal Contract Tower,0,4,22,0,26,0,0,91,0,91,0,4,113,0,117,0,0,0,117
10/25/2021,DET,MI,AGL,CE,Federal Contract Tower,0,9,9,0,18,0,0,0,0,0,0,9,9,0,18,0,0,0,18
10/26/2021,DET,MI,AGL,CE,Federal Contract Tower,0,12,7,0,19,0,0,41,0,41,0,12,48,0,60,116,0,116,176
10/27/2021,DET,MI,AGL,CE,Federal Contract Tower,0,17,14,0,31,0,0,4,0,4,0,17,18,0,35,6,0,6,41
10/28/2021,DET,MI,AGL,CE,Federal Contract Tower,0,14,18,0,32,0,0,69,2,71,0,14,87,2,103,34,0,34,137
10/29/2021,DET,MI,AGL,CE,Federal Contract Tower,0,4,24,0,28,0,0,0,0,0,0,4,24,0,28,0,0,0,28
10/30/2021,DET,MI,AGL,CE,Federal Contract Tower,0,5,11,0,16,0,0,78,0,78,0,5,89,0,94,0,0,0,94
10/31/2021,DET,MI,AGL,CE,Federal Contract Tower,0,9,23,0,32,0,0,213,0,213,0,9,236,0,245,30,0,30,275
11/01/2021,DET,MI,AGL,CE,Federal Contract Tower,0,9,15,0,24,0,0,51,0,51,0,9,66,0,75,104,0,104,179
11/02/2021,DET,MI,AGL,CE,Federal Contract Tower,0,13,20,0,33,0,0,53,0,53,0,13,73,0,86,74,0,74,160
11/03/2021,DET,MI,AGL,CE,Federal Contract Tower,0,8,26,0,34,0,0,126,0,126,0,8,152,0,160,140,8,148,308
11/04/2021,DET,MI,AGL,CE,Federal Contract Tower,0,7,19,0,26,0,0,43,0,43,0,7,62,0,69,32,0,32,101
11/05/2021,DET,MI,AGL,CE,Federal Contract Tower,0,7,37,0,44,0,0,136,0,136,0,7,173,0,180,38,0,38,218
11/06/2021,DET,MI,AGL,CE,Federal Contract Tower,0,5,17,0,22,0,0,251,0,251,0,5,268,0,273,76,0,76,349
11/07/2021,DET,MI,AGL,CE,Federal Contract Tower,0,6,31,0,37,0,0,185,0,185,0,6,216,0,222,64,0,64,286
11/08/2021,DET,MI,AGL,CE,Federal Contract Tower,0,5,14,1,20,0,0,43,0,43,0,5,57,1,63,6,0,6,69
11/09/2021,DET,MI,AGL,CE,Federal Contract Tower,0,5,18,0,23,0,0,31,0,31,0,5,49,0,54,0,0,0,54
11/10/2021,DET,MI,AGL,CE,Federal Contract Tower,0,0,15,0,15,0,0,67,0,67,0,0,82,0,82,16,0,16,98
11/11/2021,DET,MI,AGL,CE,Federal Contract Tower,0,6,12,0,18,0,0,50,0,50,0,6,62,0,68,34,0,34,102
11/12/2021,DET,MI,AGL,CE,Federal Contract Tower,0,2,12,0,14,0,0,105,0,105,0,2,117,0,119,16,0,16,135
11/13/2021,DET,MI,AGL,CE,Federal Contract Tower,0,3,17,0,20,0,0,319,0,319,0,3,336,0,339,28,0,28,367
11/14/2021,DET,MI,AGL,CE,Federal Contract Tower,0,6,3,0,9,0,0,2,0,2,0,6,5,0,11,0,0,0,11
11/15/2021,DET,MI,AGL,CE,Federal Contract Tower,0,13,19,0,32,0,0,36,0,36,0,13,55,0,68,72,2,74,142
11/16/2021,DET,MI,AGL,CE,Federal Contract Tower,0,12,21,0,33,0,0,45,0,45,0,12,66,0,78,102,0,102,180
11/17/2021,DET,MI,AGL,CE,Federal Contract Tower,0,6,6,0,12,0,0,23,0,23,0,6,29,0,35,0,0,0,35
11/18/2021,DET,MI,AGL,CE,Federal Contract Tower,0,12,15,0,27,0,0,58,0,58,0,12,73,0,85,26,0,26,111
11/19/2021,DET,MI,AGL,CE,Federal Contract Tower,0,3,20,0,23,0,0,117,0,117,0,3,137,0,140,66,0,66,206
11/20/2021,DET,MI,AGL,CE,Federal Contract Tower,0,4,10,0,14,0,0,265,0,265,0,4,275,0,279,162,0,162,441
11/21/2021,DET,MI,AGL,CE,Federal Contract Tower,0,3,15,0,18,0,0,145,0,145,0,3,160,0,163,0,0,0,163
11/23/2021,DET,MI,AGL,CE,Federal Contract Tower,0,0,21,0,21,0,0,66,0,66,0,0,87,0,87,124,0,124,211
11/24/2021,DET,MI,AGL,CE,Federal Contract Tower,0,7,22,0,29,0,0,36,0,36,0,7,58,0,65,24,16,40,105
11/25/2021,DET,MI,AGL,CE,Federal Contract Tower,0,15,0,0,15,0,0,0,0,0,0,15,0,0,15,0,0,0,15
11/26/2021,DET,MI,AGL,CE,Federal Contract Tower,0,11,17,0,28,0,0,19,0,19,0,11,36,0,47,0,0,0,47
11/27/2021,DET,MI,AGL,CE,Federal Contract Tower,0,3,11,0,14,0,0,18,0,18,0,3,29,0,32,26,0,26,58
11/28/2021,DET,MI,AGL,CE,Federal Contract Tower,0,3,15,0,18,0,0,15,0,15,0,3,30,0,33,42,0,42,75
11/29/2021,DET,MI,AGL,CE,Federal Contract Tower,0,1,13,0,14,0,0,25,0,25,0,1,38,0,39,50,0,50,89
11/30/2021,DET,MI,AGL,CE,Federal Contract Tower,0,2,17,0,19,0,0,41,0,41,0,2,58,0,60,64,0,64,124
12/01/2021,DET,MI,AGL,CE,Federal Contract Tower,0,6,18,0,24,0,0,62,0,62,0,6,80,0,86,0,0,0,86
12/02/2021,DET,MI,AGL,CE,Federal Contract Tower,0,2,11,0,13,0,0,58,0,58,0,2,69,0,71,0,0,0,71
12/03/2021,DET,MI,AGL,CE,Federal Contract Tower,0,6,22,0,28,0,0,12,0,12,0,6,34,0,40,116,0,116,156
12/04/2021,DET,MI,AGL,CE,Federal Contract Tower,0,8,23,0,31,0,0,170,0,170,0,8,193,0,201,64,0,64,265
12/05/2021,DET,MI,AGL,CE,Federal Contract Tower,0,7,21,0,28,0,0,136,0,136,0,7,157,0,164,108,0,108,272
12/06/2021,DET,MI,AGL,CE,Federal Contract Tower,0,5,9,0,14,0,0,4,0,4,0,5,13,0,18,0,0,0,18
12/07/2021,DET,MI,AGL,CE,Federal Contract Tower,0,4,27,0,31,0,0,33,0,33,0,4,60,0,64,34,0,34,98
12/08/2021,DET,MI,AGL,CE,Federal Contract Tower,0,6,16,0,22,0,0,81,0,81,0,6,97,0,103,14,0,14,117
12/09/2021,DET,MI,AGL,CE,Federal Contract Tower,0,14,8,0,22,0,0,75,0,75,0,14,83,0,97,0,0,0,97
12/11/2021,DET,MI,AGL,CE,Federal Contract Tower,0,0,6,0,6,0,0,0,0,0,0,0,6,0,6,0,0,0,6
12/12/2021,DET,MI,AGL,CE,Federal Contract Tower,0,2,8,0,10,0,0,137,0,137,0,2,145,0,147,28,0,28,175
12/13/2021,DET,MI,AGL,CE,Federal Contract Tower,0,0,16,0,16,0,0,27,0,27,0,0,43,0,43,20,6,26,69
12/14/2021,DET,MI,AGL,CE,Federal Contract Tower,0,8,16,0,24,0,0,34,0,34,0,8,50,0,58,94,0,94,152
12/15/2021,DET,MI,AGL,CE,Federal Contract Tower,0,5,5,0,10,0,1,43,0,44,0,6,48,0,54,0,0,0,54
12/16/2021,DET,MI,AGL,CE,Federal Contract Tower,0,0,6,0,6,0,0,0,0,0,0,0,6,0,6,0,0,0,6
12/17/2021,DET,MI,AGL,CE,Federal Contract Tower,0,6,19,0,25,0,0,135,0,135,0,6,154,0,160,106,0,106,266
12/18/2021,DET,MI,AGL,CE,Federal Contract Tower,0,4,7,0,11,0,0,208,0,208,0,4,215,0,219,0,0,0,219
12/19/2021,DET,MI,AGL,CE,Federal Contract Tower,0,6,19,0,25,0,0,246,0,246,0,6,265,0,271,234,0,234,505
12/20/2021,DET,MI,AGL,CE,Federal Contract Tower,0,0,11,0,11,0,0,2,0,2,0,0,13,0,13,0,0,0,13
12/21/2021,DET,MI,AGL,CE,Federal Contract Tower,0,1,28,0,29,0,0,41,0,41,0,1,69,0,70,100,0,100,170
12/22/2021,DET,MI,AGL,CE,Federal Contract Tower,0,2,9,0,11,0,0,13,0,13,0,2,22,0,24,18,0,18,42
12/23/2021,DET,MI,AGL,CE,Federal Contract Tower,0,9,9,0,18,0,0,9,0,9,0,9,18,0,27,26,0,26,53
12/24/2021,DET,MI,AGL,CE,Federal Contract Tower,0,2,9,0,11,0,0,7,0,7,0,2,16,0,18,10,0,10,28
12/25/2021,DET,MI,AGL,CE,Federal Contract Tower,0,1,7,0,8,0,0,2,0,2,0,1,9,0,10,0,0,0,10
12/26/2021,DET,MI,AGL,CE,Federal Contract Tower,0,2,16,0,18,0,0,75,0,75,0,2,91,0,93,112,0,112,205
12/27/2021,DET,MI,AGL,CE,Federal Contract Tower,0,1,10,0,11,0,0,0,0,0,0,1,10,0,11,0,0,0,11
12/28/2021,DET,MI,AGL,CE,Federal Contract Tower,0,5,10,0,15,0,0,6,0,6,0,5,16,0,21,78,0,78,99
12/29/2021,DET,MI,AGL,CE,Federal Contract Tower,0,8,6,0,14,0,0,6,0,6,0,8,12,0,20,0,0,0,20
12/30/2021,DET,MI,AGL,CE,Federal Contract Tower,0,3,10,0,13,0,4,13,0,17,0,7,23,0,30,64,0,64,94
12/31/2021,DET,MI,AGL,CE,Federal Contract Tower,0,0,5,0,5,0,0,21,0,21,0,0,26,0,26,64,0,64,90
01/01/2022,DET,MI,AGL,CE,Federal Contract Tower,0,2,3,0,5,0,0,0,0,0,0,2,3,0,5,0,0,0,5
01/02/2022,DET,MI,AGL,CE,Federal Contract Tower,0,4,6,0,10,0,0,10,0,10,0,4,16,0,20,0,0,0,20
01/03/2022,DET,MI,AGL,CE,Federal Contract Tower,0,2,13,0,15,0,0,47,0,47,0,2,60,0,62,126,0,126,188
01/04/2022,DET,MI,AGL,CE,Federal Contract Tower,0,1,13,0,14,0,0,28,0,28,0,1,41,0,42,42,0,42,84
01/05/2022,DET,MI,AGL,CE,Federal Contract Tower,0,1,3,0,4,0,0,0,0,0,0,1,3,0,4,0,0,0,4
01/06/2022,DET,MI,AGL,CE,Federal Contract Tower,0,0,4,0,4,0,0,32,0,32,0,0,36,0,36,0,0,0,36
01/07/2022,DET,MI,AGL,CE,Federal Contract Tower,0,1,4,0,5,0,0,84,4,88,0,1,88,4,93,20,0,20,113
01/08/2022,DET,MI,AGL,CE,Federal Contract Tower,0,3,11,0,14,0,0,176,0,176,0,3,187,0,190,32,0,32,222
01/09/2022,DET,MI,AGL,CE,Federal Contract Tower,0,0,3,0,3,0,0,112,0,112,0,0,115,0,115,160,0,160,275
01/10/2022,DET,MI,AGL,CE,Federal Contract Tower,0,1,14,0,15,0,0,23,0,23,0,1,37,0,38,36,0,36,74
01/11/2022,DET,MI,AGL,CE,Federal Contract Tower,0,5,7,0,12,0,0,40,0,40,0,5,47,0,52,56,0,56,108
01/12/2022,DET,MI,AGL,CE,Federal Contract Tower,0,4,6,0,10,0,0,43,0,43,0,4,49,0,53,10,0,10,63
01/13/2022,DET,MI,AGL,CE,Federal Contract Tower,0,8,11,0,19,0,0,28,0,28,0,8,39,0,47,0,14,14,61
01/14/2022,DET,MI,AGL,CE,Federal Contract Tower,0,3,16,0,19,0,0,79,0,79,0,3,95,0,98,0,16,16,114
01/15/2022,DET,MI,AGL,CE,Federal Contract Tower,0,4,3,0,7,0,0,191,0,191,0,4,194,0,198,100,4,104,302
01/16/2022,DET,MI,AGL,CE,Federal Contract Tower,0,0,8,0,8,0,0,123,0,123,0,0,131,0,131,188,0,188,319
01/17/2022,DET,MI,AGL,CE,Federal Contract Tower,0,0,10,0,10,0,0,38,0,38,0,0,48,0,48,48,0,48,96
01/18/2022,DET,MI,AGL,CE,Federal Contract Tower,0,2,5,0,7,0,0,20,0,20,0,2,25,0,27,40,0,40,67
01/19/2022,DET,MI,AGL,CE,Federal Contract Tower,0,3,10,0,13,0,0,50,2,52,0,3,60,2,65,0,0,0,65
01/20/2022,DET,MI,AGL,CE,Federal Contract Tower,0,5,12,0,17,0,0,50,0,50,0,5,62,0,67,26,0,26,93
01/21/2022,DET,MI,AGL,CE,Federal Contract Tower,0,2,3,0,5,0,0,99,2,101,0,2,102,2,106,118,10,128,234
01/22/2022,DET,MI,AGL,CE,Federal Contract Tower,0,4,4,0,8,0,0,161,0,161,0,4,165,0,169,8,0,8,177
01/23/2022,DET,MI,AGL,CE,Federal Contract Tower,0,0,3,0,3,0,0,108,0,108,0,0,111,0,111,0,0,0,111
01/24/2022,DET,MI,AGL,CE,Federal Contract Tower,0,0,10,0,10,0,0,0,0,0,0,0,10,0,10,0,0,0,10
01/25/2022,DET,MI,AGL,CE,Federal Contract Tower,0,0,4,0,4,0,0,29,0,29,0,0,33,0,33,34,0,34,67
01/26/2022,DET,MI,AGL,CE,Federal Contract Tower,0,1,15,3,19,0,0,62,0,62,0,1,77,3,81,50,0,50,131
01/27/2022,DET,MI,AGL,CE,Federal Contract Tower,0,0,5,0,5,0,0,19,0,19,0,0,24,0,24,60,0,60,84
01/28/2022,DET,MI,AGL,CE,Federal Contract Tower,0,7,6,0,13,0,0,69,0,69,0,7,75,0,82,38,0,38,120
01/29/2022,DET,MI,AGL,CE,Federal Contract Tower,0,3,7,0,10,0,0,139,0,139,0,3,146,0,149,88,0,88,237
01/30/2022,DET,MI,AGL,CE,Federal Contract Tower,0,2,10,0,12,0,0,73,0,73,0,2,83,0,85,98,0,98,183
01/31/2022,DET,MI,AGL,CE,Federal Contract Tower,0,5,18,0,23,0,0,51,0,51,0,5,69,0,74,54,0,54,128
02/01/2022,DET,MI,AGL,CE,Federal Contract Tower,0,3,9,0,12,0,0,20,0,20,0,3,29,0,32,28,0,28,60
02/02/2022,DET,MI,AGL,CE,Federal Contract Tower,0,1,2,0,3,0,0,0,0,0,0,1,2,0,3,0,0,0,3
02/03/2022,DET,MI,AGL,CE,Federal Contract Tower,0,0,1,0,1,0,0,0,0,0,0,0,1,0,1,0,0,0,1
02/04/2022,DET,MI,AGL,CE,Federal Contract Tower,0,0,8,0,8,0,0,78,0,78,0,0,86,0,86,26,0,26,112
02/05/2022,DET,MI,AGL,CE,Federal Contract Tower,0,0,3,0,3,0,0,178,0,178,0,0,181,0,181,142,0,142,323
02/06/2022,DET,MI,AGL,CE,Federal Contract Tower,0,1,5,0,6,0,0,98,0,98,0,1,103,0,104,76,0,76,180
02/07/2022,DET,MI,AGL,CE,Federal Contract Tower,0,2,16,0,18,0,0,21,2,23,0,2,37,2,41,8,10,18,59
02/08/2022,DET,MI,AGL,CE,Federal Contract Tower,0,6,12,0,18,0,0,28,0,28,0,6,40,0,46,28,0,28,74
02/09/2022,DET,MI,AGL,CE,Federal Contract Tower,0,2,14,0,16,0,0,36,0,36,0,2,50,0,52,0,0,0,52
02/10/2022,DET,MI,AGL,CE,Federal Contract Tower,0,7,6,0,13,0,0,39,0,39,0,7,45,0,52,8,8,16,68
02/11/2022,DET,MI,AGL,CE,Federal Contract Tower,0,0,11,0,11,0,0,172,0,172,0,0,183,0,183,0,0,0,183
02/12/2022,DET,MI,AGL,CE,Federal Contract Tower,0,9,11,0,20,0,0,216,0,216,0,9,227,0,236,0,0,0,236
02/13/2022,DET,MI,AGL,CE,Federal Contract Tower,0,1,7,0,8,0,0,31,0,31,0,1,38,0,39,102,0,102,141
02/14/2022,DET,MI,AGL,CE,Federal Contract Tower,0,0,14,0,14,0,0,330,0,330,0,0,344,0,344,78,0,78,422
02/15/2022,DET,MI,AGL,CE,Federal Contract Tower,0,8,9,0,17,0,0,24,0,24,0,8,33,0,41,50,0,50,91
02/16/2022,DET,MI,AGL,CE,Federal Contract Tower,0,4,13,0,17,0,0,12,0,12,0,4,25,0,29,0,8,8,37
02/17/2022,DET,MI,AGL,CE,Federal Contract Tower,0,7,2,0,9,0,0,0,0,0,0,7,2,0,9,0,0,0,9
02/18/2022,DET,MI,AGL,CE,Federal Contract Tower,0,0,4,0,4,0,1,132,0,133,0,1,136,0,137,0,0,0,137
02/19/2022,DET,MI,AGL,CE,Federal Contract Tower,0,2,3,0,5,0,0,254,0,254,0,2,257,0,259,0,0,0,259
02/20/2022,DET,MI,AGL,CE,Federal Contract Tower,0,0,9,0,9,0,0,56,0,56,0,0,65,0,65,0,0,0,65
02/21/2022,DET,MI,AGL,CE,Federal Contract Tower,0,0,15,0,15,0,0,33,0,33,0,0,48,0,48,14,0,14,62
02/22/2022,DET,MI,AGL,CE,Federal Contract Tower,0,2,1,0,3,0,0,2,0,2,0,2,3,0,5,0,0,0,5
02/23/2022,DET,MI,AGL,CE,Federal Contract Tower,3,2,13,0,18,42,0,79,4,125,45,2,92,4,143,40,6,46,189
02/24/2022,DET,MI,AGL,CE,Federal Contract Tower,2,2,7,0,11,0,2,65,0,67,2,4,72,0,78,50,0,50,128
02/25/2022,DET,MI,AGL,CE,Federal Contract Tower,0,2,6,0,8,0,0,93,0,93,0,2,99,0,101,2,0,2,103
02/26/2022,DET,MI,AGL,CE,Federal Contract Tower,0,6,6,0,12,0,0,100,0,100,0,6,106,0,112,2,0,2,114
02/27/2022,DET,MI,AGL,CE,Federal Contract Tower,0,9,7,0,16,0,0,112,0,112,0,9,119,0,128,60,0,60,188
02/28/2022,DET,MI,AGL,CE,Federal Contract Tower,0,4,12,0,16,0,0,47,0,47,0,4,59,0,63,88,0,88,151
03/01/2022,DET,MI,AGL,CE,Federal Contract Tower,0,6,9,0,15,0,0,45,0,45,0,6,54,0,60,62,10,72,132
03/02/2022,DET,MI,AGL,CE,Federal Contract Tower,0,2,8,0,10,0,0,74,0,74,0,2,82,0,84,54,0,54,138
03/03/2022,DET,MI,AGL,CE,Federal Contract Tower,0,0,13,0,13,0,0,88,0,88,0,0,101,0,101,70,18,88,189
03/04/2022,DET,MI,AGL,CE,Federal Contract Tower,0,0,12,0,12,0,0,119,0,119,0,0,131,0,131,108,0,108,239
03/05/2022,DET,MI,AGL,CE,Federal Contract Tower,0,3,17,0,20,0,0,197,0,197,0,3,214,0,217,232,0,232,449
03/06/2022,DET,MI,AGL,CE,Federal Contract Tower,0,2,6,0,8,0,0,73,0,73,0,2,79,0,81,0,0,0,81
03/07/2022,DET,MI,AGL,CE,Federal Contract Tower,0,0,11,0,11,0,0,0,0,0,0,0,11,0,11,0,0,0,11
03/08/2022,DET,MI,AGL,CE,Federal Contract Tower,0,9,11,0,20,0,0,35,0,35,0,9,46,0,55,30,10,40,95
03/09/2022,DET,MI,AGL,CE,Federal Contract Tower,0,3,15,0,18,0,0,89,0,89,0,3,104,0,107,8,0,8,115
03/10/2022,DET,MI,AGL,CE,Federal Contract Tower,0,6,8,0,14,0,0,44,0,44,0,6,52,0,58,52,0,52,110
03/11/2022,DET,MI,AGL,CE,Federal Contract Tower,0,3,7,0,10,0,0,83,0,83,0,3,90,0,93,0,0,0,93
03/12/2022,DET,MI,AGL,CE,Federal Contract Tower,0,1,8,0,9,0,0,243,0,243,0,1,251,0,252,0,0,0,252
03/13/2022,DET,MI,AGL,CE,Federal Contract Tower,0,6,8,0,14,0,0,87,0,87,0,6,95,0,101,0,0,0,101
03/14/2022,DET,MI,AGL,CE,Federal Contract Tower,0,2,15,0,17,0,0,27,0,27,0,2,42,0,44,22,0,22,66
03/15/2022,DET,MI,AGL,CE,Federal Contract Tower,0,9,15,0,24,0,0,31,0,31,0,9,46,0,55,52,0,52,107
03/16/2022,DET,MI,AGL,CE,Federal Contract Tower,0,7,32,0,39,0,0,69,0,69,0,7,101,0,108,42,0,42,150
03/17/2022,DET,MI,AGL,CE,Federal Contract Tower,0,7,12,0,19,0,0,95,0,95,0,7,107,0,114,26,0,26,140
03/18/2022,DET,MI,AGL,CE,Federal Contract Tower,0,1,14,0,15,0,0,67,0,67,0,1,81,0,82,14,0,14,96
03/19/2022,DET,MI,AGL,CE,Federal Contract Tower,0,2,14,0,16,0,0,0,0,0,0,2,14,0,16,0,0,0,16
03/20/2022,DET,MI,AGL,CE,Federal Contract Tower,0,10,22,0,32,0,0,125,0,125,0,10,147,0,157,56,0,56,213
03/21/2022,DET,MI,AGL,CE,Federal Contract Tower,0,4,12,0,16,0,0,29,0,29,0,4,41,0,45,10,0,10,55
03/22/2022,DET,MI,AGL,CE,Federal Contract Tower,0,5,8,0,13,0,0,6,0,6,0,5,14,0,19,0,0,0,19
03/23/2022,DET,MI,AGL,CE,Federal Contract Tower,0,2,14,0,16,0,0,10,0,10,0,2,24,0,26,0,0,0,26
03/24/2022,DET,MI,AGL,CE,Federal Contract Tower,0,2,10,0,12,0,2,67,2,71,0,4,77,2,83,6,0,6,89
03/25/2022,DET,MI,AGL,CE,Federal Contract Tower,0,4,12,0,16,0,0,126,0,126,0,4,138,0,142,70,0,70,212
03/26/2022,DET,MI,AGL,CE,Federal Contract Tower,0,2,8,0,10,0,0,82,0,82,0,2,90,0,92,0,0,0,92
03/27/2022,DET,MI,AGL,CE,Federal Contract Tower,0,5,5,0,10,0,0,78,0,78,0,5,83,0,88,0,0,0,88
03/28/2022,DET,MI,AGL,CE,Federal Contract Tower,0,5,4,0,9,0,0,31,0,31,0,5,35,0,40,44,12,56,96
03/29/2022,DET,MI,AGL,CE,Federal Contract Tower,0,11,12,0,23,0,0,48,0,48,0,11,60,0,71,72,0,72,143
03/30/2022,DET,MI,AGL,CE,Federal Contract Tower,0,6,10,0,16,0,0,50,0,50,0,6,60,0,66,0,0,0,66
03/31/2022,DET,MI,AGL,CE,Federal Contract Tower,0,0,10,0,10,0,0,40,0,40,0,0,50,0,50,0,0,0,50
04/01/2022,DET,MI,AGL,CE,Federal Contract Tower,0,6,9,0,15,0,0,107,0,107,0,6,116,0,122,96,0,96,218
04/02/2022,DET,MI,AGL,CE,Federal Contract Tower,0,1,11,0,12,0,0,114,0,114,0,1,125,0,126,132,0,132,258
04/03/2022,DET,MI,AGL,CE,Federal Contract Tower,0,0,10,0,10,0,0,100,0,100,0,0,110,0,110,28,0,28,138
04/04/2022,DET,MI,AGL,CE,Federal Contract Tower,0,9,16,0,25,0,0,10,0,10,0,9,26,0,35,0,8,8,43
04/05/2022,DET,MI,AGL,CE,Federal Contract Tower,0,8,0,0,8,0,0,18,0,18,0,8,18,0,26,26,0,26,52
04/06/2022,DET,MI,AGL,CE,Federal Contract Tower,0,12,9,0,21,0,0,29,0,29,0,12,38,0,50,0,0,0,50
04/07/2022,DET,MI,AGL,CE,Federal Contract Tower,0,4,6,0,10,0,0,44,8,52,0,4,50,8,62,32,0,32,94
04/08/2022,DET,MI,AGL,CE,Federal Contract Tower,0,5,13,0,18,0,0,115,0,115,0,5,128,0,133,8,0,8,141
04/09/2022,DET,MI,AGL,CE,Federal Contract Tower,0,4,7,0,11,0,0,104,0,104,0,4,111,0,115,162,0,162,277
04/10/2022,DET,MI,AGL,CE,Federal Contract Tower,0,5,13,0,18,0,0,161,0,161,0,5,174,0,179,108,0,108,287
04/11/2022,DET,MI,AGL,CE,Federal Contract Tower,0,2,14,0,16,0,0,26,0,26,0,2,40,0,42,0,4,4,46
04/12/2022,DET,MI,AGL,CE,Federal Contract Tower,0,10,16,0,26,0,0,43,0,43,0,10,59,0,69,72,0,72,141
04/13/2022,DET,MI,AGL,CE,Federal Contract Tower,0,6,11,0,17,0,0,35,0,35,0,6,46,0,52,0,0,0,52
04/14/2022,DET,MI,AGL,CE,Federal Contract Tower,0,2,14,0,16,0,0,7,0,7,0,2,21,0,23,0,0,0,23
04/15/2022,DET,MI,AGL,CE,Federal Contract Tower,0,2,11,0,13,0,0,1,0,1,0,2,12,0,14,0,0,0,14
04/16/2022,DET,MI,AGL,CE,Federal Contract Tower,0,3,11,0,14,0,0,223,0,223,0,3,234,0,237,160,0,160,397
04/17/2022,DET,MI,AGL,CE,Federal Contract Tower,0,0,8,0,8,0,0,48,0,48,0,0,56,0,56,0,0,0,56
04/18/2022,DET,MI,AGL,CE,Federal Contract Tower,0,0,11,0,11,0,0,5,0,5,0,0,16,0,16,0,0,0,16
04/19/2022,DET,MI,AGL,CE,Federal Contract Tower,0,8,16,0,24,0,0,4,0,4,0,8,20,0,28,0,0,0,28
04/20/2022,DET,MI,AGL,CE,Federal Contract Tower,0,2,8,0,10,0,0,66,0,66,0,2,74,0,76,48,0,48,124
04/21/2022,DET,MI,AGL,CE,Federal Contract Tower,0,2,9,0,11,0,0,32,0,32,0,2,41,0,43,0,0,0,43
04/22/2022,DET,MI,AGL,CE,Federal Contract Tower,0,3,10,0,13,0,4,89,0,93,0,7,99,0,106,4,0,4,110
04/23/2022,DET,MI,AGL,CE,Federal Contract Tower,0,2,6,0,8,0,0,167,0,167,0,2,173,0,175,142,0,142,317
04/24/2022,DET,MI,AGL,CE,Federal Contract Tower,0,1,14,0,15,0,0,51,0,51,0,1,65,0,66,0,0,0,66
04/25/2022,DET,MI,AGL,CE,Federal Contract Tower,0,4,13,0,17,0,0,2,0,2,0,4,15,0,19,14,0,14,33
04/26/2022,DET,MI,AGL,CE,Federal Contract Tower,0,6,12,0,18,0,0,20,0,20,0,6,32,0,38,0,0,0,38
04/27/2022,DET,MI,AGL,CE,Federal Contract Tower,0,4,16,0,20,0,0,31,0,31,0,4,47,0,51,24,0,24,75
04/28/2022,DET,MI,AGL,CE,Federal Contract Tower,0,3,23,0,26,0,0,107,2,109,0,3,130,2,135,148,0,148,283
04/29/2022,DET,MI,AGL,CE,Federal Contract Tower,0,9,5,0,14,0,0,117,0,117,0,9,122,0,131,0,0,0,131
04/30/2022,DET,MI,AGL,CE,Federal Contract Tower,0,4,9,0,13,0,0,135,0,135,0,4,144,0,148,64,0,64,212
05/01/2022,DET,MI,AGL,CE,Federal Contract Tower,0,5,14,0,19,0,0,91,0,91,0,5,105,0,110,10,0,10,120
05/02/2022,DET,MI,AGL,CE,Federal Contract Tower,0,1,12,0,13,0,0,15,0,15,0,1,27,0,28,6,0,6,34
05/03/2022,DET,MI,AGL,CE,Federal Contract Tower,0,4,8,1,13,0,0,2,0,2,0,4,10,1,15,0,0,0,15
05/04/2022,DET,MI,AGL,CE,Federal Contract Tower,0,0,10,0,10,0,0,51,0,51,0,0,61,0,61,62,0,62,123
05/05/2022,DET,MI,AGL,CE,Federal Contract Tower,0,8,17,0,25,0,0,75,0,75,0,8,92,0,100,122,0,122,222
05/06/2022,DET,MI,AGL,CE,Federal Contract Tower,0,5,7,0,12,0,0,71,0,71,0,5,78,0,83,0,0,0,83
05/07/2022,DET,MI,AGL,CE,Federal Contract Tower,0,3,8,0,11,0,0,169,0,169,0,3,177,0,180,92,0,92,272
05/08/2022,DET,MI,AGL,CE,Federal Contract Tower,0,11,6,0,17,0,0,303,0,303,0,11,309,0,320,72,0,72,392
05/09/2022,DET,MI,AGL,CE,Federal Contract Tower,0,6,17,0,23,0,0,19,0,19,0,6,36,0,42,76,0,76,118
05/10/2022,DET,MI,AGL,CE,Federal Contract Tower,0,2,15,0,17,0,0,18,0,18,0,2,33,0,35,0,0,0,35
05/11/2022,DET,MI,AGL,CE,Federal Contract Tower,0,8,19,0,27,0,0,114,2,116,0,8,133,2,143,34,0,34,177
05/12/2022,DET,MI,AGL,CE,Federal Contract Tower,0,8,11,0,19,0,0,119,2,121,0,8,130,2,140,78,0,78,218
05/13/2022,DET,MI,AGL,CE,Federal Contract Tower,0,4,18,0,22,0,0,160,0,160,0,4,178,0,182,146,0,146,328
05/14/2022,DET,MI,AGL,CE,Federal Contract Tower,0,1,18,0,19,0,0,110,0,110,0,1,128,0,129,18,0,18,147
05/15/2022,DET,MI,AGL,CE,Federal Contract Tower,0,3,13,0,16,0,0,170,0,170,0,3,183,0,186,18,0,18,204
05/16/2022,DET,MI,AGL,CE,Federal Contract Tower,0,7,5,0,12,0,0,17,0,17,0,7,22,0,29,36,0,36,65
05/17/2022,DET,MI,AGL,CE,Federal Contract Tower,0,3,19,0,22,0,0,32,0,32,0,3,51,0,54,54,0,54,108
05/18/2022,DET,MI,AGL,CE,Federal Contract Tower,0,3,19,0,22,0,0,7,0,7,0,3,26,0,29,0,0,0,29
05/19/2022,DET,MI,AGL,CE,Federal Contract Tower,0,2,9,0,11,0,0,113,0,113,0,2,122,0,124,176,0,176,300
05/20/2022,DET,MI,AGL,CE,Federal Contract Tower,0,13,12,0,25,0,0,85,0,85,0,13,97,0,110,104,0,104,214
05/21/2022,DET,MI,AGL,CE,Federal Contract Tower,0,1,13,0,14,0,0,102,0,102,0,1,115,0,116,0,0,0,116
05/22/2022,DET,MI,AGL,CE,Federal Contract Tower,0,3,8,0,11,0,0,128,0,128,0,3,136,0,139,0,0,0,139
05/23/2022,DET,MI,AGL,CE,Federal Contract Tower,0,16,19,0,35,0,0,18,0,18,0,16,37,0,53,30,0,30,83
05/24/2022,DET,MI,AGL,CE,Federal Contract Tower,0,9,23,0,32,0,2,26,0,28,0,11,49,0,60,12,0,12,72
05/25/2022,DET,MI,AGL,CE,Federal Contract Tower,0,15,4,0,19,0,0,123,0,123,0,15,127,0,142,32,0,32,174
05/26/2022,DET,MI,AGL,CE,Federal Contract Tower,0,5,8,0,13,0,0,65,0,65,0,5,73,0,78,12,0,12,90
05/27/2022,DET,MI,AGL,CE,Federal Contract Tower,0,12,6,0,18,0,0,22,0,22,0,12,28,0,40,0,0,0,40
05/28/2022,DET,MI,AGL,CE,Federal Contract Tower,0,4,14,0,18,0,0,155,0,155,0,4,169,0,173,32,0,32,205
05/29/2022,DET,MI,AGL,CE,Federal Contract Tower,0,0,9,0,9,0,0,138,0,138,0,0,147,0,147,26,0,26,173
05/30/2022,DET,MI,AGL,CE,Federal Contract Tower,0,7,10,0,17,0,0,16,0,16,0,7,26,0,33,8,0,8,41
05/31/2022,DET,MI,AGL,CE,Federal Contract Tower,0,8,7,0,15,0,0,26,0,26,0,8,33,0,41,24,0,24,65
06/01/2022,DET,MI,AGL,CE,Federal Contract Tower,0,3,13,0,16,0,0,88,0,88,0,3,101,0,104,108,0,108,212
06/02/2022,DET,MI,AGL,CE,Federal Contract Tower,0,15,28,0,43,0,0,126,0,126,0,15,154,0,169,168,0,168,337
06/03/2022,DET,MI,AGL,CE,Federal Contract Tower,0,5,20,0,25,0,0,111,0,111,0,5,131,0,136,118,0,118,254
06/04/2022,DET,MI,AGL,CE,Federal Contract Tower,0,2,11,0,13,0,0,112,0,112,0,2,123,0,125,64,0,64,189
06/05/2022,DET,MI,AGL,CE,Federal Contract Tower,0,13,27,0,40,0,0,97,0,97,0,13,124,0,137,0,0,0,137
06/06/2022,DET,MI,AGL,CE,Federal Contract Tower,0,8,23,0,31,0,0,20,0,20,0,8,43,0,51,4,0,4,55
06/07/2022,DET,MI,AGL,CE,Federal Contract Tower,0,6,16,0,22,0,0,33,0,33,0,6,49,0,55,30,0,30,85
06/08/2022,DET,MI,AGL,CE,Federal Contract Tower,0,5,22,0,27,0,0,51,0,51,0,5,73,0,78,0,0,0,78
06/09/2022,DET,MI,AGL,CE,Federal Contract Tower,0,12,13,0,25,0,0,53,0,53,0,12,66,0,78,108,0,108,186
06/10/2022,DET,MI,AGL,CE,Federal Contract Tower,0,8,15,0,23,0,0,74,0,74,0,8,89,0,97,0,0,0,97
06/11/2022,DET,MI,AGL,CE,Federal Contract Tower,0,3,8,0,11,0,0,136,0,136,0,3,144,0,147,0,0,0,147
06/12/2022,DET,MI,AGL,CE,Federal Contract Tower,0,1,13,0,14,0,0,126,0,126,0,1,139,0,140,0,0,0,140
06/13/2022,DET,MI,AGL,CE,Federal Contract Tower,0,4,7,0,11,0,0,0,0,0,0,4,7,0,11,6,0,6,17
06/14/2022,DET,MI,AGL,CE,Federal Contract Tower,0,8,17,0,25,0,0,26,0,26,0,8,43,0,51,64,0,64,115
06/15/2022,DET,MI,AGL,CE,Federal Contract Tower,0,0,19,0,19,0,0,93,0,93,0,0,112,0,112,14,0,14,126
06/16/2022,DET,MI,AGL,CE,Federal Contract Tower,0,0,12,0,12,0,0,53,0,53,0,0,65,0,65,0,0,0,65
06/17/2022,DET,MI,AGL,CE,Federal Contract Tower,0,4,9,0,13,0,0,92,0,92,0,4,101,0,105,136,0,136,241
06/18/2022,DET,MI,AGL,CE,Federal Contract Tower,0,0,9,0,9,0,0,214,0,214,0,0,223,0,223,0,0,0,223
06/19/2022,DET,MI,AGL,CE,Federal Contract Tower,0,2,8,0,10,0,0,345,0,345,0,2,353,0,355,32,0,32,387
06/20/2022,DET,MI,AGL,CE,Federal Contract Tower,0,1,5,0,6,0,0,30,0,30,0,1,35,0,36,6,0,6,42
06/21/2022,DET,MI,AGL,CE,Federal Contract Tower,0,5,22,0,27,0,0,28,0,28,0,5,50,0,55,14,0,14,69
06/22/2022,DET,MI,AGL,CE,Federal Contract Tower,0,2,16,0,18,0,0,129,0,129,0,2,145,0,147,88,0,88,235
06/23/2022,DET,MI,AGL,CE,Federal Contract Tower,0,18,12,0,30,0,0,128,0,128,0,18,140,0,158,186,0,186,344
06/24/2022,DET,MI,AGL,CE,Federal Contract Tower,0,7,14,0,21,0,0,131,0,131,0,7,145,0,152,134,0,134,286
06/25/2022,DET,MI,AGL,CE,Federal Contract Tower,0,2,14,0,16,0,0,136,0,136,0,2,150,0,152,74,6,80,232
06/26/2022,DET,MI,AGL,CE,Federal Contract Tower,0,10,11,0,21,0,0,160,0,160,0,10,171,0,181,38,0,38,219
06/27/2022,DET,MI,AGL,CE,Federal Contract Tower,0,0,12,0,12,0,0,44,2,46,0,0,56,2,58,44,0,44,102
06/28/2022,DET,MI,AGL,CE,Federal Contract Tower,0,5,19,0,24,0,0,48,0,48,0,5,67,0,72,150,0,150,222
06/29/2022,DET,MI,AGL,CE,Federal Contract Tower,0,10,25,0,35,0,0,80,0,80,0,10,105,0,115,62,0,62,177
06/30/2022,DET,MI,AGL,CE,Federal Contract Tower,0,2,21,0,23,0,0,88,0,88,0,2,109,0,111,162,0,162,273
07/01/2022,DET,MI,AGL,CE,Federal Contract Tower,0,3,16,0,19,0,0,72,0,72,0,3,88,0,91,60,0,60,151
07/02/2022,DET,MI,AGL,CE,Federal Contract Tower,0,7,5,0,12,0,0,100,0,100,0,7,105,0,112,2,0,2,114
07/03/2022,DET,MI,AGL,CE,Federal Contract Tower,0,1,5,0,6,0,0,95,0,95,0,1,100,0,101,16,0,16,117
07/04/2022,DET,MI,AGL,CE,Federal Contract Tower,0,2,4,0,6,0,0,27,0,27,0,2,31,0,33,30,0,30,63
07/05/2022,DET,MI,AGL,CE,Federal Contract Tower,0,2,8,0,10,0,0,16,0,16,0,2,24,0,26,0,0,0,26
07/06/2022,DET,MI,AGL,CE,Federal Contract Tower,0,2,12,0,14,0,0,65,0,65,0,2,77,0,79,26,0,26,105
07/07/2022,DET,MI,AGL,CE,Federal Contract Tower,0,3,16,0,19,0,0,72,0,72,0,3,88,0,91,138,0,138,229
07/08/2022,DET,MI,AGL,CE,Federal Contract Tower,0,6,22,0,28,0,0,129,0,129,0,6,151,0,157,160,0,160,317
07/09/2022,DET,MI,AGL,CE,Federal Contract Tower,0,3,8,0,11,0,0,124,0,124,0,3,132,0,135,8,0,8,143
07/10/2022,DET,MI,AGL,CE,Federal Contract Tower,0,4,15,0,19,0,0,107,0,107,0,4,122,0,126,0,0,0,126
07/11/2022,DET,MI,AGL,CE,Federal Contract Tower,0,1,6,0,7,0,0,17,0,17,0,1,23,0,24,36,0,36,60
07/12/2022,DET,MI,AGL,CE,Federal Contract Tower,0,9,17,0,26,0,0,38,0,38,0,9,55,0,64,66,0,66,130
07/13/2022,DET,MI,AGL,CE,Federal Contract Tower,0,2,13,0,15,0,0,87,0,87,0,2,100,0,102,38,0,38,140
07/14/2022,DET,MI,AGL,CE,Federal Contract Tower,0,5,19,0,24,0,0,88,0,88,0,5,107,0,112,8,0,8,120
07/15/2022,DET,MI,AGL,CE,Federal Contract Tower,0,5,14,0,19,0,0,99,0,99,0,5,113,0,118,12,0,12,130
07/16/2022,DET,MI,AGL,CE,Federal Contract Tower,0,4,12,0,16,0,0,156,0,156,0,4,168,0,172,68,0,68,240
07/17/2022,DET,MI,AGL,CE,Federal Contract Tower,0,6,11,0,17,0,0,107,0,107,0,6,118,0,124,14,0,14,138
07/18/2022,DET,MI,AGL,CE,Federal Contract Tower,0,9,16,0,25,0,0,30,2,32,0,9,46,2,57,86,0,86,143
07/19/2022,DET,MI,AGL,CE,Federal Contract Tower,0,3,16,0,19,0,0,26,0,26,0,3,42,0,45,42,0,42,87
07/20/2022,DET,MI,AGL,CE,Federal Contract Tower,0,3,19,1,23,0,0,67,0,67,0,3,86,1,90,156,0,156,246
07/21/2022,DET,MI,AGL,CE,Federal Contract Tower,0,7,18,0,25,0,0,104,0,104,0,7,122,0,129,0,0,0,129
07/22/2022,DET,MI,AGL,CE,Federal Contract Tower,0,6,17,0,23,0,0,116,0,116,0,6,133,0,139,26,0,26,165
07/23/2022,DET,MI,AGL,CE,Federal Contract Tower,0,2,5,0,7,0,0,158,0,158,0,2,163,0,165,18,0,18,183
07/24/2022,DET,MI,AGL,CE,Federal Contract Tower,0,5,19,0,24,0,0,87,0,87,0,5,106,0,111,8,0,8,119
07/25/2022,DET,MI,AGL,CE,Federal Contract Tower,0,5,18,0,23,0,0,30,0,30,0,5,48,0,53,38,0,38,91
07/26/2022,DET,MI,AGL,CE,Federal Contract Tower,0,8,19,1,28,0,0,45,0,45,0,8,64,1,73,10,0,10,83
07/27/2022,DET,MI,AGL,CE,Federal Contract Tower,0,8,24,0,32,0,0,40,0,40,0,8,64,0,72,8,0,8,80
07/28/2022,DET,MI,AGL,CE,Federal Contract Tower,0,6,21,0,27,0,0,76,4,80,0,6,97,4,107,0,0,0,107
07/29/2022,DET,MI,AGL,CE,Federal Contract Tower,0,7,12,0,19,0,0,129,0,129,0,7,141,0,148,32,0,32,180
07/30/2022,DET,MI,AGL,CE,Federal Contract Tower,0,4,10,0,14,0,0,158,0,158,0,4,168,0,172,0,0,0,172
07/31/2022,DET,MI,AGL,CE,Federal Contract Tower,0,14,10,0,24,0,0,132,0,132,0,14,142,0,156,18,0,18,174
08/01/2022,DET,MI,AGL,CE,Federal Contract Tower,0,7,31,0,38,0,0,22,0,22,0,7,53,0,60,18,0,18,78
08/02/2022,DET,MI,AGL,CE,Federal Contract Tower,0,7,15,0,22,0,0,47,0,47,0,7,62,0,69,40,0,40,109
08/03/2022,DET,MI,AGL,CE,Federal Contract Tower,0,4,11,0,15,0,0,57,0,57,0,4,68,0,72,0,0,0,72
08/04/2022,DET,MI,AGL,CE,Federal Contract Tower,0,6,21,0,27,0,0,44,0,44,0,6,65,0,71,76,0,76,147
08/05/2022,DET,MI,AGL,CE,Federal Contract Tower,0,7,14,0,21,0,0,131,0,131,0,7,145,0,152,81,0,81,233
08/06/2022,DET,MI,AGL,CE,Federal Contract Tower,0,4,16,0,20,0,0,139,0,139,0,4,155,0,159,8,0,8,167
08/07/2022,DET,MI,AGL,CE,Federal Contract Tower,0,5,16,0,21,0,0,100,0,100,0,5,116,0,121,0,0,0,121
08/08/2022,DET,MI,AGL,CE,Federal Contract Tower,0,2,13,0,15,0,0,5,0,5,0,2,18,0,20,0,0,0,20
08/09/2022,DET,MI,AGL,CE,Federal Contract Tower,0,7,23,0,30,0,0,37,0,37,0,7,60,0,67,0,0,0,67
08/10/2022,DET,MI,AGL,CE,Federal Contract Tower,0,12,14,0,26,0,0,119,0,119,0,12,133,0,145,130,0,130,275
08/11/2022,DET,MI,AGL,CE,Federal Contract Tower,0,3,25,0,28,0,0,73,0,73,0,3,98,0,101,54,0,54,155
08/12/2022,DET,MI,AGL,CE,Federal Contract Tower,0,2,20,0,22,0,0,94,0,94,0,2,114,0,116,34,0,34,150
08/13/2022,DET,MI,AGL,CE,Federal Contract Tower,0,7,13,0,20,0,0,118,0,118,0,7,131,0,138,22,0,22,160
08/14/2022,DET,MI,AGL,CE,Federal Contract Tower,0,6,16,0,22,0,0,172,0,172,0,6,188,0,194,24,0,24,218
08/15/2022,DET,MI,AGL,CE,Federal Contract Tower,0,1,12,0,13,0,0,17,0,17,0,1,29,0,30,16,0,16,46
08/16/2022,DET,MI,AGL,CE,Federal Contract Tower,0,3,13,0,16,0,0,23,0,23,0,3,36,0,39,64,0,64,103
08/17/2022,DET,MI,AGL,CE,Federal Contract Tower,0,8,12,0,20,0,0,82,0,82,0,8,94,0,102,136,0,136,238
08/18/2022,DET,MI,AGL,CE,Federal Contract Tower,0,1,13,0,14,0,0,96,0,96,0,1,109,0,110,90,0,90,200
08/19/2022,DET,MI,AGL,CE,Federal Contract Tower,0,11,14,0,25,0,0,104,0,104,0,11,118,0,129,10,0,10,139
08/20/2022,DET,MI,AGL,CE,Federal Contract Tower,0,1,4,0,5,0,0,116,0,116,0,1,120,0,121,0,0,0,121
08/21/2022,DET,MI,AGL,CE,Federal Contract Tower,0,9,12,0,21,0,0,33,0,33,0,9,45,0,54,0,0,0,54
08/22/2022,DET,MI,AGL,CE,Federal Contract Tower,0,14,15,1,30,0,0,15,1,16,0,14,30,2,46,0,0,0,46
08/23/2022,DET,MI,AGL,CE,Federal Contract Tower,0,0,20,0,20,0,0,45,0,45,0,0,65,0,65,122,0,122,187
08/24/2022,DET,MI,AGL,CE,Federal Contract Tower,0,5,15,0,20,0,0,85,0,85,0,5,100,0,105,132,0,132,237
08/25/2022,DET,MI,AGL,CE,Federal Contract Tower,0,5,14,0,19,0,0,67,0,67,0,5,81,0,86,94,0,94,180
08/26/2022,DET,MI,AGL,CE,Federal Contract Tower,0,2,14,0,16,0,0,74,0,74,0,2,88,0,90,20,0,20,110
08/27/2022,DET,MI,AGL,CE,Federal Contract Tower,0,3,10,0,13,0,0,172,0,172,0,3,182,0,185,14,0,14,199
08/28/2022,DET,MI,AGL,CE,Federal Contract Tower,0,9,14,0,23,0,0,148,0,148,0,9,162,0,171,2,0,2,173
08/29/2022,DET,MI,AGL,CE,Federal Contract Tower,0,2,11,0,13,0,0,9,0,9,0,2,20,0,22,0,0,0,22
08/30/2022,DET,MI,AGL,CE,Federal Contract Tower,0,5,16,0,21,0,0,34,0,34,0,5,50,0,55,46,0,46,101
08/31/2022,DET,MI,AGL,CE,Federal Contract Tower,0,5,13,0,18,0,0,82,0,82,0,5,95,0,100,0,0,0,100
09/01/2022,DET,MI,AGL,CE,Federal Contract Tower,0,1,17,0,18,0,0,79,0,79,0,1,96,0,97,100,0,100,197
09/02/2022,DET,MI,AGL,CE,Federal Contract Tower,0,7,16,0,23,0,0,118,0,118,0,7,134,0,141,76,0,76,217
09/03/2022,DET,MI,AGL,CE,Federal Contract Tower,0,2,9,0,11,0,0,137,0,137,0,2,146,0,148,8,0,8,156
09/04/2022,DET,MI,AGL,CE,Federal Contract Tower,0,0,6,0,6,0,0,52,0,52,0,0,58,0,58,0,0,0,58
09/05/2022,DET,MI,AGL,CE,Federal Contract Tower,0,3,6,0,9,0,0,0,0,0,0,3,6,0,9,0,0,0,9
09/06/2022,DET,MI,AGL,CE,Federal Contract Tower,0,4,17,0,21,0,0,50,0,50,0,4,67,0,71,146,0,146,217
09/07/2022,DET,MI,AGL,CE,Federal Contract Tower,0,9,19,0,28,0,0,75,0,75,0,9,94,0,103,138,0,138,241
09/08/2022,DET,MI,AGL,CE,Federal Contract Tower,0,11,16,0,27,0,0,111,0,111,0,11,127,0,138,64,0,64,202
09/09/2022,DET,MI,AGL,CE,Federal Contract Tower,0,7,12,0,19,0,0,116,0,116,0,7,128,0,135,30,0,30,165
09/10/2022,DET,MI,AGL,CE,Federal Contract Tower,0,7,11,0,18,0,0,175,0,175,0,7,186,0,193,76,0,76,269
09/11/2022,DET,MI,AGL,CE,Federal Contract Tower,0,10,21,0,31,0,0,99,0,99,0,10,120,0,130,0,0,0,130
09/12/2022,DET,MI,AGL,CE,Federal Contract Tower,0,8,27,0,35,0,0,33,0,33,0,8,60,0,68,86,0,86,154
09/13/2022,DET,MI,AGL,CE,Federal Contract Tower,0,3,15,0,18,0,0,64,0,64,0,3,79,0,82,104,0,104,186
09/14/2022,DET,MI,AGL,CE,Federal Contract Tower,0,0,9,0,9,0,0,55,2,57,0,0,64,2,66,26,0,26,92
09/15/2022,DET,MI,AGL,CE,Federal Contract Tower,0,5,29,0,34,0,0,99,0,99,0,5,128,0,133,30,0,30,163
09/16/2022,DET,MI,AGL,CE,Federal Contract Tower,0,18,29,0,47,0,0,116,0,116,0,18,145,0,163,50,0,50,213
09/17/2022,DET,MI,AGL,CE,Federal Contract Tower,0,6,14,0,20,0,0,185,0,185,0,6,199,0,205,46,0,46,251
09/18/2022,DET,MI,AGL,CE,Federal Contract Tower,0,8,32,0,40,0,0,102,0,102,0,8,134,0,142,8,0,8,150
09/19/2022,DET,MI,AGL,CE,Federal Contract Tower,0,4,8,0,12,0,0,24,0,24,0,4,32,0,36,80,0,80,116
09/20/2022,DET,MI,AGL,CE,Federal Contract Tower,0,9,17,0,26,0,0,25,0,25,0,9,42,0,51,26,0,26,77
09/21/2022,DET,MI,AGL,CE,Federal Contract Tower,0,11,19,0,30,0,0,68,0,68,0,11,87,0,98,72,0,72,170
09/22/2022,DET,MI,AGL,CE,Federal Contract Tower,0,6,17,0,23,0,0,69,0,69,0,6,86,0,92,0,0,0,92
09/23/2022,DET,MI,AGL,CE,Federal Contract Tower,0,6,13,0,19,0,0,123,0,123,0,6,136,0,142,34,0,34,176
09/24/2022,DET,MI,AGL,CE,Federal Contract Tower,0,6,19,0,25,0,0,174,0,174,0,6,193,0,199,20,0,20,219
09/25/2022,DET,MI,AGL,CE,Federal Contract Tower,0,0,17,0,17,0,0,45,0,45,0,0,62,0,62,0,0,0,62
09/26/2022,DET,MI,AGL,CE,Federal Contract Tower,0,3,8,0,11,0,0,0,0,0,0,3,8,0,11,0,0,0,11
09/27/2022,DET,MI,AGL,CE,Federal Contract Tower,0,3,15,0,18,0,0,46,0,46,0,3,61,0,64,0,0,0,64
09/28/2022,DET,MI,AGL,CE,Federal Contract Tower,0,0,8,0,8,0,0,28,1,29,0,0,36,1,37,52,0,52,89
09/29/2022,DET,MI,AGL,CE,Federal Contract Tower,0,4,12,0,16,0,0,60,0,60,0,4,72,0,76,18,0,18,94
09/30/2022,DET,MI,AGL,CE,Federal Contract Tower,0,6,18,0,24,0,0,114,0,114,0,6,132,0,138,42,0,42,180
10/01/2022,DET,MI,AGL,CE,Federal Contract Tower,0,2,9,0,11,0,0,146,0,146,0,2,155,0,157,18,0,18,175
10/02/2022,DET,MI,AGL,CE,Federal Contract Tower,0,5,12,0,17,0,0,87,0,87,0,5,99,0,104,0,0,0,104
10/03/2022,DET,MI,AGL,CE,Federal Contract Tower,0,8,15,0,23,0,0,18,0,18,0,8,33,0,41,0,0,0,41
10/04/2022,DET,MI,AGL,CE,Federal Contract Tower,0,1,21,0,22,0,0,36,0,36,0,1,57,0,58,0,0,0,58
10/05/2022,DET,MI,AGL,CE,Federal Contract Tower,0,5,19,0,24,0,0,60,0,60,0,5,79,0,84,102,0,102,186
10/06/2022,DET,MI,AGL,CE,Federal Contract Tower,5,11,0,0,16,0,0,53,0,53,5,11,53,0,69,46,0,46,115
10/07/2022,DET,MI,AGL,CE,Federal Contract Tower,0,3,15,0,18,0,0,104,0,104,0,3,119,0,122,38,0,38,160
10/08/2022,DET,MI,AGL,CE,Federal Contract Tower,0,11,8,0,19,0,0,146,0,146,0,11,154,0,165,0,0,0,165
10/09/2022,DET,MI,AGL,CE,Federal Contract Tower,0,5,20,0,25,0,0,142,0,142,0,5,162,0,167,6,0,6,173
10/10/2022,DET,MI,AGL,CE,Federal Contract Tower,0,5,11,0,16,0,0,43,0,43,0,5,54,0,59,122,0,122,181
10/11/2022,DET,MI,AGL,CE,Federal Contract Tower,0,2,10,0,12,0,0,28,0,28,0,2,38,0,40,2,0,2,42
10/13/2022,DET,MI,AGL,CE,Federal Contract Tower,0,6,4,0,10,0,0,11,0,11,0,6,15,0,21,0,0,0,21
10/14/2022,DET,MI,AGL,CE,Federal Contract Tower,0,8,9,0,17,0,0,122,0,122,0,8,131,0,139,0,0,0,139
10/15/2022,DET,MI,AGL,CE,Federal Contract Tower,0,8,4,0,12,0,0,413,0,413,0,8,417,0,425,16,0,16,441
10/16/2022,DET,MI,AGL,CE,Federal Contract Tower,0,5,7,0,12,0,0,295,2,297,0,5,302,2,309,18,0,18,327
10/17/2022,DET,MI,AGL,CE,Federal Contract Tower,0,4,11,0,15,0,0,7,0,7,0,4,18,0,22,0,0,0,22
10/19/2022,DET,MI,AGL,CE,Federal Contract Tower,0,23,10,0,33,0,0,32,0,32,0,23,42,0,65,0,0,0,65
10/20/2022,DET,MI,AGL,CE,Federal Contract Tower,0,15,16,2,33,0,0,67,0,67,0,15,83,2,100,8,0,8,108
10/21/2022,DET,MI,AGL,CE,Federal Contract Tower,0,13,14,2,29,0,0,100,0,100,0,13,114,2,129,36,0,36,165
10/22/2022,DET,MI,AGL,CE,Federal Contract Tower,0,0,13,0,13,0,0,177,0,177,0,0,190,0,190,0,0,0,190
10/23/2022,DET,MI,AGL,CE,Federal Contract Tower,0,9,14,0,23,0,0,123,0,123,0,9,137,0,146,0,0,0,146
10/24/2022,DET,MI,AGL,CE,Federal Contract Tower,0,2,13,0,15,0,0,57,0,57,0,2,70,0,72,46,0,46,118
10/25/2022,DET,MI,AGL,CE,Federal Contract Tower,0,3,24,0,27,0,0,35,0,35,0,3,59,0,62,144,0,144,206
10/26/2022,DET,MI,AGL,CE,Federal Contract Tower,0,8,9,0,17,0,0,24,0,24,0,8,33,0,41,0,0,0,41
10/27/2022,DET,MI,AGL,CE,Federal Contract Tower,0,8,22,0,30,0,0,79,0,79,0,8,101,0,109,28,0,28,137
10/28/2022,DET,MI,AGL,CE,Federal Contract Tower,0,11,12,0,23,0,0,118,0,118,0,11,130,0,141,8,0,8,149
10/29/2022,DET,MI,AGL,CE,Federal Contract Tower,0,7,17,0,24,0,0,177,0,177,0,7,194,0,201,8,0,8,209
10/30/2022,DET,MI,AGL,CE,Federal Contract Tower,0,18,15,0,33,0,0,80,0,80,0,18,95,0,113,32,0,32,145
10/31/2022,DET,MI,AGL,CE,Federal Contract Tower,0,4,11,0,15,0,0,0,0,0,0,4,11,0,15,0,0,0,15
11/01/2022,DET,MI,AGL,CE,Federal Contract Tower,0,7,9,0,16,0,0,44,0,44,0,7,53,0,60,78,0,78,138
11/02/2022,DET,MI,AGL,CE,Federal Contract Tower,0,4,13,0,17,0,0,65,0,65,0,4,78,0,82,0,0,0,82
11/03/2022,DET,MI,AGL,CE,Federal Contract Tower,0,6,13,0,19,0,0,38,0,38,0,6,51,0,57,82,0,82,139
11/04/2022,DET,MI,AGL,CE,Federal Contract Tower,0,1,22,0,23,0,0,114,0,114,0,1,136,0,137,0,0,0,137
11/05/2022,DET,MI,AGL,CE,Federal Contract Tower,0,1,8,0,9,0,0,5,0,5,0,1,13,0,14,0,0,0,14
11/06/2022,DET,MI,AGL,CE,Federal Contract Tower,0,7,20,0,27,0,0,146,0,146,0,7,166,0,173,12,0,12,185
11/07/2022,DET,MI,AGL,CE,Federal Contract Tower,0,0,15,0,15,0,0,22,0,22,0,0,37,0,37,0,0,0,37
11/08/2022,DET,MI,AGL,CE,Federal Contract Tower,0,2,8,0,10,0,0,28,0,28,0,2,36,0,38,50,0,50,88
11/09/2022,DET,MI,AGL,CE,Federal Contract Tower,0,8,6,0,14,0,0,43,0,43,0,8,49,0,57,32,0,32,89
11/10/2022,DET,MI,AGL,CE,Federal Contract Tower,0,11,13,0,24,0,0,66,0,66,0,11,79,0,90,24,0,24,114
11/11/2022,DET,MI,AGL,CE,Federal Contract Tower,0,8,7,0,15,0,0,115,0,115,0,8,122,0,130,58,0,58,188
11/12/2022,DET,MI,AGL,CE,Federal Contract Tower,0,3,4,0,7,0,0,8,0,8,0,3,12,0,15,0,0,0,15
11/13/2022,DET,MI,AGL,CE,Federal Contract Tower,0,3,5,0,8,0,0,118,0,118,0,3,123,0,126,10,0,10,136
11/14/2022,DET,MI,AGL,CE,Federal Contract Tower,0,3,8,0,11,0,0,57,0,57,0,3,65,0,68,82,0,82,150
11/15/2022,DET,MI,AGL,CE,Federal Contract Tower,0,0,4,0,4,0,0,1,0,1,0,0,5,0,5,0,0,0,5
11/16/2022,DET,MI,AGL,CE,Federal Contract Tower,0,2,2,0,4,0,0,20,0,20,0,2,22,0,24,0,0,0,24
11/17/2022,DET,MI,AGL,CE,Federal Contract Tower,0,6,9,0,15,0,0,42,0,42,0,6,51,0,57,4,0,4,61
11/18/2022,DET,MI,AGL,CE,Federal Contract Tower,0,3,15,0,18,0,0,72,0,72,0,3,87,0,90,0,0,0,90
11/19/2022,DET,MI,AGL,CE,Federal Contract Tower,0,0,3,0,3,0,0,26,0,26,0,0,29,0,29,0,0,0,29
11/20/2022,DET,MI,AGL,CE,Federal Contract Tower,0,4,12,0,16,0,0,105,0,105,0,4,117,0,121,0,0,0,121
11/22/2022,DET,MI,AGL,CE,Federal Contract Tower,0,3,19,0,22,0,0,37,2,39,0,3,56,2,61,78,0,78,139
11/23/2022,DET,MI,AGL,CE,Federal Contract Tower,0,6,12,0,18,0,0,80,0,80,0,6,92,0,98,4,0,4,102
11/24/2022,DET,MI,AGL,CE,Federal Contract Tower,0,5,7,0,12,0,0,13,4,17,0,5,20,4,29,6,0,6,35
11/25/2022,DET,MI,AGL,CE,Federal Contract Tower,0,9,8,0,17,0,0,20,0,20,0,9,28,0,37,30,0,30,67
11/26/2022,DET,MI,AGL,CE,Federal Contract Tower,0,3,8,0,11,0,0,116,0,116,0,3,124,0,127,16,0,16,143
11/27/2022,DET,MI,AGL,CE,Federal Contract Tower,0,1,16,0,17,0,0,0,0,0,0,1,16,0,17,0,0,0,17
11/28/2022,DET,MI,AGL,CE,Federal Contract Tower,0,2,8,0,10,0,0,43,2,45,0,2,51,2,55,66,22,88,143
11/29/2022,DET,MI,AGL,CE,Federal Contract Tower,0,4,12,0,16,0,0,24,0,24,0,4,36,0,40,0,0,0,40
11/30/2022,DET,MI,AGL,CE,Federal Contract Tower,0,0,5,0,5,0,0,8,0,8,0,0,13,0,13,0,0,0,13
12/01/2022,DET,MI,AGL,CE,Federal Contract Tower,0,7,8,0,15,0,0,81,0,81,0,7,89,0,96,66,10,76,172
12/02/2022,DET,MI,AGL,CE,Federal Contract Tower,0,3,7,0,10,0,0,116,0,116,0,3,123,0,126,18,0,18,144
12/03/2022,DET,MI,AGL,CE,Federal Contract Tower,0,6,7,0,13,0,0,129,0,129,0,6,136,0,142,0,0,0,142
12/04/2022,DET,MI,AGL,CE,Federal Contract Tower,0,5,18,0,23,0,0,76,0,76,0,5,94,0,99,28,0,28,127
12/05/2022,DET,MI,AGL,CE,Federal Contract Tower,0,5,13,0,18,0,0,27,0,27,0,5,40,0,45,0,0,0,45
12/06/2022,DET,MI,AGL,CE,Federal Contract Tower,0,0,9,0,9,0,0,23,0,23,0,0,32,0,32,0,0,0,32
12/07/2022,DET,MI,AGL,CE,Federal Contract Tower,0,1,15,0,16,0,0,28,0,28,0,1,43,0,44,0,0,0,44
12/08/2022,DET,MI,AGL,CE,Federal Contract Tower,0,5,11,0,16,0,0,50,0,50,0,5,61,0,66,72,0,72,138
12/09/2022,DET,MI,AGL,CE,Federal Contract Tower,0,10,16,0,26,0,0,90,0,90,0,10,106,0,116,12,0,12,128
12/10/2022,DET,MI,AGL,CE,Federal Contract Tower,0,4,3,0,7,0,0,96,0,96,0,4,99,0,103,34,0,34,137
12/11/2022,DET,MI,AGL,CE,Federal Contract Tower,0,6,23,0,29,0,0,98,0,98,0,6,121,0,127,30,0,30,157
12/12/2022,DET,MI,AGL,CE,Federal Contract Tower,0,8,13,0,21,0,0,43,0,43,0,8,56,0,64,0,0,0,64
12/13/2022,DET,MI,AGL,CE,Federal Contract Tower,0,16,15,0,31,0,0,54,0,54,0,16,69,0,85,54,0,54,139
12/14/2022,DET,MI,AGL,CE,Federal Contract Tower,0,7,9,0,16,0,0,44,0,44,0,7,53,0,60,10,0,10,70
12/15/2022,DET,MI,AGL,CE,Federal Contract Tower,0,6,23,0,29,0,0,66,0,66,0,6,89,0,95,8,0,8,103
12/16/2022,DET,MI,AGL,CE,Federal Contract Tower,0,2,8,0,10,0,2,84,0,86,0,4,92,0,96,0,0,0,96
12/17/2022,DET,MI,AGL,CE,Federal Contract Tower,0,2,8,0,10,0,0,91,0,91,0,2,99,0,101,20,0,20,121
12/18/2022,DET,MI,AGL,CE,Federal Contract Tower,0,2,6,0,8,0,0,87,0,87,0,2,93,0,95,0,0,0,95
12/19/2022,DET,MI,AGL,CE,Federal Contract Tower,0,4,11,0,15,0,0,30,0,30,0,4,41,0,45,0,0,0,45
12/20/2022,DET,MI,AGL,CE,Federal Contract Tower,0,1,15,0,16,0,0,74,0,74,0,1,89,0,90,128,0,128,218
12/21/2022,DET,MI,AGL,CE,Federal Contract Tower,0,4,11,0,15,0,0,148,0,148,0,4,159,0,163,98,0,98,261
12/22/2022,DET,MI,AGL,CE,Federal Contract Tower,0,1,13,0,14,0,0,16,0,16,0,1,29,0,30,12,0,12,42
12/23/2022,DET,MI,AGL,CE,Federal Contract Tower,0,0,0,0,0,0,0,0,0,0,0,0,0,0,0,0,0,0,0
12/24/2022,DET,MI,AGL,CE,Federal Contract Tower,0,0,2,0,2,0,0,0,0,0,0,0,2,0,2,0,0,0,2
12/25/2022,DET,MI,AGL,CE,Federal Contract Tower,0,0,3,0,3,0,0,0,0,0,0,0,3,0,3,0,0,0,3
12/26/2022,DET,MI,AGL,CE,Federal Contract Tower,0,0,13,0,13,0,0,18,0,18,0,0,31,0,31,50,0,50,81
12/27/2022,DET,MI,AGL,CE,Federal Contract Tower,0,8,8,0,16,0,0,33,0,33,0,8,41,0,49,0,0,0,49
12/28/2022,DET,MI,AGL,CE,Federal Contract Tower,0,7,15,0,22,0,0,23,0,23,0,7,38,0,45,8,0,8,53
12/29/2022,DET,MI,AGL,CE,Federal Contract Tower,0,5,3,0,8,0,0,13,0,13,0,5,16,0,21,10,0,10,31
12/30/2022,DET,MI,AGL,CE,Federal Contract Tower,0,1,4,0,5,0,0,4,0,4,0,1,8,0,9,0,0,0,9
12/31/2022,DET,MI,AGL,CE,Federal Contract Tower,0,4,7,0,11,0,0,3,0,3,0,4,10,0,14,0,0,0,14
01/01/2023,DET,MI,AGL,CE,Federal Contract Tower,0,1,7,0,8,0,0,0,0,0,0,1,7,0,8,0,0,0,8
01/02/2023,DET,MI,AGL,CE,Federal Contract Tower,0,1,17,0,18,0,0,0,0,0,0,1,17,0,18,0,0,0,18
01/03/2023,DET,MI,AGL,CE,Federal Contract Tower,0,2,2,0,4,0,0,0,0,0,0,2,2,0,4,0,0,0,4
01/04/2023,DET,MI,AGL,CE,Federal Contract Tower,0,1,6,0,7,0,0,42,0,42,0,1,48,0,49,0,0,0,49
01/05/2023,DET,MI,AGL,CE,Federal Contract Tower,0,1,8,0,9,0,0,15,0,15,0,1,23,0,24,0,0,0,24
01/06/2023,DET,MI,AGL,CE,Federal Contract Tower,0,3,6,0,9,0,0,59,0,59,0,3,65,0,68,0,0,0,68
01/07/2023,DET,MI,AGL,CE,Federal Contract Tower,0,5,6,0,11,0,0,156,0,156,0,5,162,0,167,22,0,22,189
01/08/2023,DET,MI,AGL,CE,Federal Contract Tower,0,6,7,0,13,0,0,81,0,81,0,6,88,0,94,104,0,104,198
01/09/2023,DET,MI,AGL,CE,Federal Contract Tower,1,2,15,0,18,0,0,71,0,71,1,2,86,0,89,88,0,88,177
01/10/2023,DET,MI,AGL,CE,Federal Contract Tower,0,5,12,0,17,0,0,33,0,33,0,5,45,0,50,0,0,0,50
01/11/2023,DET,MI,AGL,CE,Federal Contract Tower,0,8,11,0,19,0,0,31,0,31,0,8,42,0,50,0,0,0,50
01/12/2023,DET,MI,AGL,CE,Federal Contract Tower,0,10,11,0,21,0,0,0,0,0,0,10,11,0,21,0,0,0,21
01/13/2023,DET,MI,AGL,CE,Federal Contract Tower,0,5,12,0,17,0,0,30,0,30,0,5,42,0,47,0,0,0,47
01/14/2023,DET,MI,AGL,CE,Federal Contract Tower,0,8,8,0,16,0,0,184,0,184,0,8,192,0,200,26,0,26,226
01/15/2023,DET,MI,AGL,CE,Federal Contract Tower,0,8,6,0,14,0,0,70,0,70,0,8,76,0,84,86,0,86,170
01/16/2023,DET,MI,AGL,CE,Federal Contract Tower,0,0,0,0,0,0,0,32,0,32,0,0,32,0,32,96,0,96,128
01/17/2023,DET,MI,AGL,CE,Federal Contract Tower,0,5,3,0,8,0,0,2,0,2,0,5,5,0,10,0,0,0,10
01/18/2023,DET,MI,AGL,CE,Federal Contract Tower,0,3,4,0,7,0,0,33,0,33,0,3,37,0,40,28,0,28,68
01/19/2023,DET,MI,AGL,CE,Federal Contract Tower,0,3,11,0,14,0,0,6,0,6,0,3,17,0,20,0,0,0,20
01/20/2023,DET,MI,AGL,CE,Federal Contract Tower,0,1,7,0,8,0,0,40,0,40,0,1,47,0,48,0,0,0,48
01/21/2023,DET,MI,AGL,CE,Federal Contract Tower,0,3,5,0,8,0,0,99,0,99,0,3,104,0,107,50,0,50,157
01/22/2023,DET,MI,AGL,CE,Federal Contract Tower,0,0,10,0,10,0,0,6,0,6,0,0,16,0,16,0,0,0,16
01/23/2023,DET,MI,AGL,CE,Federal Contract Tower,0,0,3,0,3,0,0,0,0,0,0,0,3,0,3,0,10,10,13
01/24/2023,DET,MI,AGL,CE,Federal Contract Tower,0,5,15,0,20,0,0,33,0,33,0,5,48,0,53,24,0,24,77
01/25/2023,DET,MI,AGL,CE,Federal Contract Tower,0,2,0,0,2,0,0,0,0,0,0,2,0,0,2,0,0,0,2
01/26/2023,DET,MI,AGL,CE,Federal Contract Tower,0,2,3,0,5,0,0,6,0,6,0,2,9,0,11,0,0,0,11
01/27/2023,DET,MI,AGL,CE,Federal Contract Tower,0,0,7,0,7,0,0,0,0,0,0,0,7,0,7,0,0,0,7
01/28/2023,DET,MI,AGL,CE,Federal Contract Tower,0,1,5,0,6,0,0,76,0,76,0,1,81,0,82,0,0,0,82
01/29/2023,DET,MI,AGL,CE,Federal Contract Tower,0,1,4,0,5,0,0,15,0,15,0,1,19,0,20,0,0,0,20
01/30/2023,DET,MI,AGL,CE,Federal Contract Tower,0,0,8,0,8,0,0,30,0,30,0,0,38,0,38,86,0,86,124
01/31/2023,DET,MI,AGL,CE,Federal Contract Tower,0,2,8,0,10,0,0,20,0,20,0,2,28,0,30,0,0,0,30
02/01/2023,DET,MI,AGL,CE,Federal Contract Tower,0,2,8,0,10,0,0,53,0,53,0,2,61,0,63,4,0,4,67
02/02/2023,DET,MI,AGL,CE,Federal Contract Tower,0,6,11,0,17,0,0,21,0,21,0,6,32,0,38,0,0,0,38
02/03/2023,DET,MI,AGL,CE,Federal Contract Tower,0,6,8,0,14,0,0,70,0,70,0,6,78,0,84,0,0,0,84
02/04/2023,DET,MI,AGL,CE,Federal Contract Tower,0,4,6,0,10,0,0,105,0,105,0,4,111,0,115,36,0,36,151
02/05/2023,DET,MI,AGL,CE,Federal Contract Tower,0,5,7,0,12,0,0,101,0,101,0,5,108,0,113,0,14,14,127
02/06/2023,DET,MI,AGL,CE,Federal Contract Tower,0,4,13,0,17,0,0,44,0,44,0,4,57,0,61,70,0,70,131
02/07/2023,DET,MI,AGL,CE,Federal Contract Tower,0,0,8,0,8,0,0,21,0,21,0,0,29,0,29,0,0,0,29
02/08/2023,DET,MI,AGL,CE,Federal Contract Tower,0,1,11,0,12,0,0,63,0,63,0,1,74,0,75,66,0,66,141
02/09/2023,DET,MI,AGL,CE,Federal Contract Tower,0,0,9,0,9,0,0,8,0,8,0,0,17,0,17,8,0,8,25
02/10/2023,DET,MI,AGL,CE,Federal Contract Tower,0,9,12,0,21,0,0,66,0,66,0,9,78,0,87,30,0,30,117
02/11/2023,DET,MI,AGL,CE,Federal Contract Tower,0,0,3,0,3,0,0,168,0,168,0,0,171,0,171,64,0,64,235
02/12/2023,DET,MI,AGL,CE,Federal Contract Tower,0,6,6,0,12,0,0,155,0,155,0,6,161,0,167,188,0,188,355
02/13/2023,DET,MI,AGL,CE,Federal Contract Tower,0,2,12,0,14,0,0,34,0,34,0,2,46,0,48,122,0,122,170
02/14/2023,DET,MI,AGL,CE,Federal Contract Tower,0,0,16,0,16,0,0,338,0,338,0,0,354,0,354,94,0,94,448
02/15/2023,DET,MI,AGL,CE,Federal Contract Tower,0,2,5,0,7,0,0,4,0,4,0,2,9,0,11,0,0,0,11
02/16/2023,DET,MI,AGL,CE,Federal Contract Tower,0,2,2,0,4,0,0,0,0,0,0,2,2,0,4,0,0,0,4
02/17/2023,DET,MI,AGL,CE,Federal Contract Tower,0,2,15,1,18,0,0,82,1,83,0,2,97,2,101,0,0,0,101
02/18/2023,DET,MI,AGL,CE,Federal Contract Tower,0,1,8,0,9,0,0,202,0,202,0,1,210,0,211,42,0,42,253
02/19/2023,DET,MI,AGL,CE,Federal Contract Tower,0,3,13,0,16,0,0,105,0,105,0,3,118,0,121,0,0,0,121
02/20/2023,DET,MI,AGL,CE,Federal Contract Tower,0,3,6,0,9,0,0,67,0,67,0,3,73,0,76,84,0,84,160
02/21/2023,DET,MI,AGL,CE,Federal Contract Tower,0,1,6,0,7,0,0,13,0,13,0,1,19,0,20,0,0,0,20
02/22/2023,DET,MI,AGL,CE,Federal Contract Tower,0,2,3,0,5,0,0,2,0,2,0,2,5,0,7,0,0,0,7
02/23/2023,DET,MI,AGL,CE,Federal Contract Tower,0,2,3,0,5,0,0,2,2,4,0,2,5,2,9,0,22,22,31
02/24/2023,DET,MI,AGL,CE,Federal Contract Tower,0,2,11,0,13,0,0,105,0,105,0,2,116,0,118,22,0,22,140
02/25/2023,DET,MI,AGL,CE,Federal Contract Tower,0,0,7,0,7,0,0,122,0,122,0,0,129,0,129,38,0,38,167
02/26/2023,DET,MI,AGL,CE,Federal Contract Tower,0,2,4,0,6,0,0,103,0,103,0,2,107,0,109,0,0,0,109
02/27/2023,DET,MI,AGL,CE,Federal Contract Tower,0,0,5,0,5,0,0,4,0,4,0,0,9,0,9,0,0,0,9
02/28/2023,DET,MI,AGL,CE,Federal Contract Tower,0,2,11,0,13,0,0,8,0,8,0,2,19,0,21,16,0,16,37
03/01/2023,DET,MI,AGL,CE,Federal Contract Tower,0,2,5,0,7,0,0,41,0,41,0,2,46,0,48,14,0,14,62
03/02/2023,DET,MI,AGL,CE,Federal Contract Tower,0,7,7,0,14,0,0,45,0,45,0,7,52,0,59,0,0,0,59
03/03/2023,DET,MI,AGL,CE,Federal Contract Tower,0,2,5,0,7,0,0,4,0,4,0,2,9,0,11,0,0,0,11
03/04/2023,DET,MI,AGL,CE,Federal Contract Tower,0,0,4,0,4,0,0,116,0,116,0,0,120,0,120,134,0,134,254
03/05/2023,DET,MI,AGL,CE,Federal Contract Tower,0,5,7,0,12,0,0,68,0,68,0,5,75,0,80,58,0,58,138
03/06/2023,DET,MI,AGL,CE,Federal Contract Tower,0,3,5,0,8,0,0,0,0,0,0,3,5,0,8,0,0,0,8
03/07/2023,DET,MI,AGL,CE,Federal Contract Tower,0,7,6,0,13,0,0,7,0,7,0,7,13,0,20,42,0,42,62
03/08/2023,DET,MI,AGL,CE,Federal Contract Tower,0,8,11,0,19,0,0,38,0,38,0,8,49,0,57,8,0,8,65
03/09/2023,DET,MI,AGL,CE,Federal Contract Tower,0,12,18,0,30,0,0,68,0,68,0,12,86,0,98,58,0,58,156
03/10/2023,DET,MI,AGL,CE,Federal Contract Tower,0,0,1,0,1,0,0,6,0,6,0,0,7,0,7,0,0,0,7
03/11/2023,DET,MI,AGL,CE,Federal Contract Tower,0,9,9,0,18,0,0,128,0,128,0,9,137,0,146,78,0,78,224
03/12/2023,DET,MI,AGL,CE,Federal Contract Tower,0,0,10,2,12,0,0,56,0,56,0,0,66,2,68,0,0,0,68
03/13/2023,DET,MI,AGL,CE,Federal Contract Tower,0,6,2,0,8,0,0,2,0,2,0,6,4,0,10,0,0,0,10
03/14/2023,DET,MI,AGL,CE,Federal Contract Tower,0,3,7,0,10,0,0,37,0,37,0,3,44,0,47,80,20,100,147
03/15/2023,DET,MI,AGL,CE,Federal Contract Tower,0,6,12,0,18,0,0,64,2,66,0,6,76,2,84,16,0,16,100
03/16/2023,DET,MI,AGL,CE,Federal Contract Tower,0,0,5,0,5,0,0,45,0,45,0,0,50,0,50,20,0,20,70
03/17/2023,DET,MI,AGL,CE,Federal Contract Tower,0,2,10,0,12,0,0,4,0,4,0,2,14,0,16,0,0,0,16
03/18/2023,DET,MI,AGL,CE,Federal Contract Tower,0,0,8,0,8,0,0,0,0,0,0,0,8,0,8,0,0,0,8
03/19/2023,DET,MI,AGL,CE,Federal Contract Tower,0,4,13,0,17,0,0,121,0,121,0,4,134,0,138,124,0,124,262
03/20/2023,DET,MI,AGL,CE,Federal Contract Tower,0,2,18,0,20,0,0,51,0,51,0,2,69,0,71,40,0,40,111
03/21/2023,DET,MI,AGL,CE,Federal Contract Tower,0,3,14,0,17,0,0,30,0,30,0,3,44,0,47,26,4,30,77
03/22/2023,DET,MI,AGL,CE,Federal Contract Tower,0,11,9,0,20,0,0,0,0,0,0,11,9,0,20,0,0,0,20
03/23/2023,DET,MI,AGL,CE,Federal Contract Tower,0,6,8,0,14,0,0,7,0,7,0,6,15,0,21,0,0,0,21
03/24/2023,DET,MI,AGL,CE,Federal Contract Tower,0,2,9,0,11,0,0,114,0,114,0,2,123,0,125,36,0,36,161
03/25/2023,DET,MI,AGL,CE,Federal Contract Tower,0,5,4,0,9,0,0,0,0,0,0,5,4,0,9,0,0,0,9
03/26/2023,DET,MI,AGL,CE,Federal Contract Tower,0,4,11,0,15,0,0,96,0,96,0,4,107,0,111,88,0,88,199
03/27/2023,DET,MI,AGL,CE,Federal Contract Tower,0,5,9,0,14,0,0,8,0,8,0,5,17,0,22,0,0,0,22
03/28/2023,DET,MI,AGL,CE,Federal Contract Tower,0,4,19,0,23,0,0,24,0,24,0,4,43,0,47,34,12,46,93
03/29/2023,DET,MI,AGL,CE,Federal Contract Tower,0,4,6,0,10,0,0,68,2,70,0,4,74,2,80,4,0,4,84
03/30/2023,DET,MI,AGL,CE,Federal Contract Tower,0,4,12,0,16,0,0,57,0,57,0,4,69,0,73,20,0,20,93
03/31/2023,DET,MI,AGL,CE,Federal Contract Tower,0,0,8,0,8,0,0,4,0,4,0,0,12,0,12,0,0,0,12
04/01/2023,DET,MI,AGL,CE,Federal Contract Tower,0,0,4,0,4,0,0,0,0,0,0,0,4,0,4,0,0,0,4
04/02/2023,DET,MI,AGL,CE,Federal Contract Tower,0,4,18,0,22,0,0,113,0,113,0,4,131,0,135,156,0,156,291
04/03/2023,DET,MI,AGL,CE,Federal Contract Tower,0,5,8,0,13,0,0,28,0,28,0,5,36,0,41,0,0,0,41
04/04/2023,DET,MI,AGL,CE,Federal Contract Tower,0,12,13,0,25,0,0,14,0,14,0,12,27,0,39,0,0,0,39
04/05/2023,DET,MI,AGL,CE,Federal Contract Tower,0,0,4,0,4,0,0,0,0,0,0,0,4,0,4,0,0,0,4
04/06/2023,DET,MI,AGL,CE,Federal Contract Tower,0,0,17,0,17,0,0,46,0,46,0,0,63,0,63,38,0,38,101
04/07/2023,DET,MI,AGL,CE,Federal Contract Tower,0,2,7,0,9,0,0,121,0,121,0,2,128,0,130,38,0,38,168
04/08/2023,DET,MI,AGL,CE,Federal Contract Tower,0,0,9,0,9,0,0,170,0,170,0,0,179,0,179,132,0,132,311
04/09/2023,DET,MI,AGL,CE,Federal Contract Tower,0,0,4,0,4,0,0,50,0,50,0,0,54,0,54,0,40,40,94
04/10/2023,DET,MI,AGL,CE,Federal Contract Tower,0,2,5,1,8,0,0,34,0,34,0,2,39,1,42,22,0,22,64
04/11/2023,DET,MI,AGL,CE,Federal Contract Tower,0,4,4,0,8,0,0,16,2,18,0,4,20,2,26,26,6,32,58
04/12/2023,DET,MI,AGL,CE,Federal Contract Tower,0,9,5,0,14,0,0,25,0,25,0,9,30,0,39,12,0,12,51
04/13/2023,DET,MI,AGL,CE,Federal Contract Tower,0,10,11,0,21,0,0,55,2,57,0,10,66,2,78,48,14,62,140
04/14/2023,DET,MI,AGL,CE,Federal Contract Tower,0,5,11,0,16,0,0,160,0,160,0,5,171,0,176,72,0,72,248
04/15/2023,DET,MI,AGL,CE,Federal Contract Tower,0,6,11,0,17,0,0,145,0,145,0,6,156,0,162,68,0,68,230
04/16/2023,DET,MI,AGL,CE,Federal Contract Tower,0,2,7,0,9,0,0,75,0,75,0,2,82,0,84,54,0,54,138
04/17/2023,DET,MI,AGL,CE,Federal Contract Tower,0,1,12,0,13,0,0,3,0,3,0,1,15,0,16,0,0,0,16
04/18/2023,DET,MI,AGL,CE,Federal Contract Tower,0,1,3,0,4,0,0,2,0,2,0,1,5,0,6,0,0,0,6
04/19/2023,DET,MI,AGL,CE,Federal Contract Tower,0,8,18,0,26,0,0,38,0,38,0,8,56,0,64,96,28,124,188
04/20/2023,DET,MI,AGL,CE,Federal Contract Tower,0,6,12,0,18,0,0,88,2,90,0,6,100,2,108,72,2,74,182
04/21/2023,DET,MI,AGL,CE,Federal Contract Tower,0,3,10,0,13,0,0,0,0,0,0,3,10,0,13,0,0,0,13
04/22/2023,DET,MI,AGL,CE,Federal Contract Tower,0,7,5,0,12,0,0,77,0,77,0,7,82,0,89,90,0,90,179
04/23/2023,DET,MI,AGL,CE,Federal Contract Tower,0,5,9,0,14,0,0,111,0,111,0,5,120,0,125,50,0,50,175
04/24/2023,DET,MI,AGL,CE,Federal Contract Tower,0,9,13,0,22,0,0,4,0,4,0,9,17,0,26,0,0,0,26
04/25/2023,DET,MI,AGL,CE,Federal Contract Tower,0,7,7,0,14,0,0,12,6,18,0,7,19,6,32,12,0,12,44
04/26/2023,DET,MI,AGL,CE,Federal Contract Tower,0,4,13,0,17,0,0,89,0,89,0,4,102,0,106,18,0,18,124
04/27/2023,DET,MI,AGL,CE,Federal Contract Tower,0,8,9,0,17,0,0,73,0,73,0,8,82,0,90,32,0,32,122
04/28/2023,DET,MI,AGL,CE,Federal Contract Tower,0,2,10,0,12,0,0,0,0,0,0,2,10,0,12,0,0,0,12
04/29/2023,DET,MI,AGL,CE,Federal Contract Tower,0,2,14,0,16,0,0,75,0,75,0,2,89,0,91,104,0,104,195
04/30/2023,DET,MI,AGL,CE,Federal Contract Tower,0,7,5,0,12,0,0,46,0,46,0,7,51,0,58,22,0,22,80
05/01/2023,DET,MI,AGL,CE,Federal Contract Tower,0,2,7,0,9,0,0,0,0,0,0,2,7,0,9,0,0,0,9
05/02/2023,DET,MI,AGL,CE,Federal Contract Tower,0,2,1,0,3,0,0,0,0,0,0,2,1,0,3,0,8,8,11
05/03/2023,DET,MI,AGL,CE,Federal Contract Tower,0,6,10,0,16,0,0,13,0,13,0,6,23,0,29,0,0,0,29
05/04/2023,DET,MI,AGL,CE,Federal Contract Tower,0,2,8,0,10,0,0,94,0,94,0,2,102,0,104,20,30,50,154
05/05/2023,DET,MI,AGL,CE,Federal Contract Tower,0,9,8,0,17,0,0,104,0,104,0,9,112,0,121,140,0,140,261
05/06/2023,DET,MI,AGL,CE,Federal Contract Tower,0,4,10,0,14,0,0,121,0,121,0,4,131,0,135,150,0,150,285
05/07/2023,DET,MI,AGL,CE,Federal Contract Tower,0,8,11,0,19,0,0,115,0,115,0,8,126,0,134,0,0,0,134
05/08/2023,DET,MI,AGL,CE,Federal Contract Tower,0,4,8,0,12,0,0,5,0,5,0,4,13,0,17,14,0,14,31
05/09/2023,DET,MI,AGL,CE,Federal Contract Tower,0,3,7,0,10,0,0,12,0,12,0,3,19,0,22,30,0,30,52
05/10/2023,DET,MI,AGL,CE,Federal Contract Tower,0,6,22,0,28,0,0,32,0,32,0,6,54,0,60,28,0,28,88
05/11/2023,DET,MI,AGL,CE,Federal Contract Tower,0,4,18,0,22,0,0,82,0,82,0,4,100,0,104,106,0,106,210
05/12/2023,DET,MI,AGL,CE,Federal Contract Tower,0,2,15,0,17,0,0,63,0,63,0,2,78,0,80,0,0,0,80
05/13/2023,DET,MI,AGL,CE,Federal Contract Tower,0,2,7,0,9,0,0,110,0,110,0,2,117,0,119,50,0,50,169
05/14/2023,DET,MI,AGL,CE,Federal Contract Tower,0,10,11,0,21,0,0,186,0,186,0,10,197,0,207,40,0,40,247
05/15/2023,DET,MI,AGL,CE,Federal Contract Tower,0,11,10,0,21,0,0,47,0,47,0,11,57,0,68,46,0,46,114
05/16/2023,DET,MI,AGL,CE,Federal Contract Tower,0,10,13,0,23,0,0,25,5,30,0,10,38,5,53,10,0,10,63
05/17/2023,DET,MI,AGL,CE,Federal Contract Tower,0,5,10,0,15,0,0,98,0,98,0,5,108,0,113,26,0,26,139
05/18/2023,DET,MI,AGL,CE,Federal Contract Tower,0,7,17,0,24,0,0,62,0,62,0,7,79,0,86,0,0,0,86
05/19/2023,DET,MI,AGL,CE,Federal Contract Tower,0,6,15,0,21,0,0,86,0,86,0,6,101,0,107,136,0,136,243
05/20/2023,DET,MI,AGL,CE,Federal Contract Tower,0,7,12,0,19,0,0,111,0,111,0,7,123,0,130,172,0,172,302
05/21/2023,DET,MI,AGL,CE,Federal Contract Tower,0,3,12,0,15,0,0,108,0,108,0,3,120,0,123,88,0,88,211
05/22/2023,DET,MI,AGL,CE,Federal Contract Tower,0,4,31,0,35,0,0,42,0,42,0,4,73,0,77,78,6,84,161
05/23/2023,DET,MI,AGL,CE,Federal Contract Tower,0,19,14,0,33,0,0,22,0,22,0,19,36,0,55,142,0,142,197
05/24/2023,DET,MI,AGL,CE,Federal Contract Tower,0,9,15,0,24,0,0,16,0,16,0,9,31,0,40,0,0,0,40
05/25/2023,DET,MI,AGL,CE,Federal Contract Tower,0,4,23,0,27,0,0,100,0,100,0,4,123,0,127,66,0,66,193
05/26/2023,DET,MI,AGL,CE,Federal Contract Tower,0,3,16,0,19,0,0,128,2,130,0,3,144,2,149,140,0,140,289
05/27/2023,DET,MI,AGL,CE,Federal Contract Tower,0,5,10,0,15,0,0,113,0,113,0,5,123,0,128,186,0,186,314
05/28/2023,DET,MI,AGL,CE,Federal Contract Tower,0,2,7,0,9,0,4,74,0,78,0,6,81,0,87,44,0,44,131
05/29/2023,DET,MI,AGL,CE,Federal Contract Tower,0,6,11,0,17,0,0,56,0,56,0,6,67,0,73,60,0,60,133
05/30/2023,DET,MI,AGL,CE,Federal Contract Tower,0,8,12,0,20,0,0,26,0,26,0,8,38,0,46,24,0,24,70
05/31/2023,DET,MI,AGL,CE,Federal Contract Tower,0,7,13,0,20,0,0,36,0,36,0,7,49,0,56,42,0,42,98
06/01/2023,DET,MI,AGL,CE,Federal Contract Tower,0,19,36,0,55,0,0,75,0,75,0,19,111,0,130,116,0,116,246
06/02/2023,DET,MI,AGL,CE,Federal Contract Tower,0,9,19,0,28,0,0,120,0,120,0,9,139,0,148,112,0,112,260
06/03/2023,DET,MI,AGL,CE,Federal Contract Tower,0,5,11,0,16,0,0,158,0,158,0,5,169,0,174,150,0,150,324
06/04/2023,DET,MI,AGL,CE,Federal Contract Tower,0,10,29,0,39,0,0,115,0,115,0,10,144,0,154,40,0,40,194
06/05/2023,DET,MI,AGL,CE,Federal Contract Tower,0,7,17,0,24,0,0,27,0,27,0,7,44,0,51,10,0,10,61
06/06/2023,DET,MI,AGL,CE,Federal Contract Tower,0,7,19,0,26,0,0,26,2,28,0,7,45,2,54,38,0,38,92
06/07/2023,DET,MI,AGL,CE,Federal Contract Tower,0,5,21,0,26,0,0,37,0,37,0,5,58,0,63,0,0,0,63
06/08/2023,DET,MI,AGL,CE,Federal Contract Tower,0,17,16,0,33,0,0,75,0,75,0,17,91,0,108,50,0,50,158
06/09/2023,DET,MI,AGL,CE,Federal Contract Tower,0,14,10,0,24,0,0,95,0,95,0,14,105,0,119,156,0,156,275
06/10/2023,DET,MI,AGL,CE,Federal Contract Tower,0,15,22,0,37,0,0,155,0,155,0,15,177,0,192,6,0,6,198
06/11/2023,DET,MI,AGL,CE,Federal Contract Tower,0,9,17,0,26,0,0,47,0,47,0,9,64,0,73,14,0,14,87
06/12/2023,DET,MI,AGL,CE,Federal Contract Tower,0,12,8,0,20,0,0,10,0,10,0,12,18,0,30,0,0,0,30
06/13/2023,DET,MI,AGL,CE,Federal Contract Tower,0,6,7,0,13,0,0,34,0,34,0,6,41,0,47,58,0,58,105
06/14/2023,DET,MI,AGL,CE,Federal Contract Tower,0,8,10,0,18,0,0,83,0,83,0,8,93,0,101,52,0,52,153
06/15/2023,DET,MI,AGL,CE,Federal Contract Tower,0,3,19,0,22,0,2,38,0,40,0,5,57,0,62,76,0,76,138
06/16/2023,DET,MI,AGL,CE,Federal Contract Tower,0,1,16,0,17,0,0,123,0,123,0,1,139,0,140,96,0,96,236
06/17/2023,DET,MI,AGL,CE,Federal Contract Tower,0,9,13,0,22,0,0,160,0,160,0,9,173,0,182,70,0,70,252
06/18/2023,DET,MI,AGL,CE,Federal Contract Tower,0,6,11,0,17,0,0,300,0,300,0,6,311,0,317,12,0,12,329
06/19/2023,DET,MI,AGL,CE,Federal Contract Tower,0,2,17,0,19,0,0,23,0,23,0,2,40,0,42,0,0,0,42
06/20/2023,DET,MI,AGL,CE,Federal Contract Tower,0,4,17,0,21,0,0,20,0,20,0,4,37,0,41,0,0,0,41
06/21/2023,DET,MI,AGL,CE,Federal Contract Tower,0,1,13,0,14,0,0,95,0,95,0,1,108,0,109,0,0,0,109
06/22/2023,DET,MI,AGL,CE,Federal Contract Tower,0,5,8,0,13,0,0,93,0,93,0,5,101,0,106,124,0,124,230
06/23/2023,DET,MI,AGL,CE,Federal Contract Tower,0,2,9,0,11,0,0,0,0,0,0,2,9,0,11,0,0,0,11
06/24/2023,DET,MI,AGL,CE,Federal Contract Tower,0,8,14,0,22,0,0,126,0,126,0,8,140,0,148,38,0,38,186
06/25/2023,DET,MI,AGL,CE,Federal Contract Tower,0,6,4,0,10,0,0,51,0,51,0,6,55,0,61,18,0,18,79
06/26/2023,DET,MI,AGL,CE,Federal Contract Tower,0,14,11,3,28,0,0,19,0,19,0,14,30,3,47,0,0,0,47
06/27/2023,DET,MI,AGL,CE,Federal Contract Tower,0,15,14,2,31,0,0,0,0,0,0,15,14,2,31,0,0,0,31
06/28/2023,DET,MI,AGL,CE,Federal Contract Tower,0,10,22,0,32,0,0,11,0,11,0,10,33,0,43,60,0,60,103
06/29/2023,DET,MI,AGL,CE,Federal Contract Tower,0,11,20,0,31,0,0,2,0,2,0,11,22,0,33,0,0,0,33
06/30/2023,DET,MI,AGL,CE,Federal Contract Tower,0,9,20,0,29,0,0,80,0,80,0,9,100,0,109,112,0,112,221
07/01/2023,DET,MI,AGL,CE,Federal Contract Tower,0,14,14,0,28,0,0,100,0,100,0,14,114,0,128,46,0,46,174
07/02/2023,DET,MI,AGL,CE,Federal Contract Tower,0,3,8,0,11,0,0,1,0,1,0,3,9,0,12,0,0,0,12
07/03/2023,DET,MI,AGL,CE,Federal Contract Tower,0,5,7,0,12,0,0,0,0,0,0,5,7,0,12,30,0,30,42
07/04/2023,DET,MI,AGL,CE,Federal Contract Tower,0,8,5,0,13,0,0,17,0,17,0,8,22,0,30,22,0,22,52
07/05/2023,DET,MI,AGL,CE,Federal Contract Tower,0,8,9,0,17,0,0,54,0,54,0,8,63,0,71,76,0,76,147
07/06/2023,DET,MI,AGL,CE,Federal Contract Tower,0,2,9,0,11,0,0,113,0,113,0,2,122,0,124,136,0,136,260
07/07/2023,DET,MI,AGL,CE,Federal Contract Tower,0,3,15,0,18,0,0,79,0,79,0,3,94,0,97,142,0,142,239
07/08/2023,DET,MI,AGL,CE,Federal Contract Tower,0,0,14,0,14,0,0,90,0,90,0,0,104,0,104,0,0,0,104
07/09/2023,DET,MI,AGL,CE,Federal Contract Tower,0,11,16,0,27,0,0,190,0,190,0,11,206,0,217,0,0,0,217
07/10/2023,DET,MI,AGL,CE,Federal Contract Tower,0,1,8,0,9,0,2,18,0,20,0,3,26,0,29,48,0,48,77
07/11/2023,DET,MI,AGL,CE,Federal Contract Tower,0,13,11,0,24,0,4,18,0,22,0,17,29,0,46,0,0,0,46
07/12/2023,DET,MI,AGL,CE,Federal Contract Tower,0,10,6,0,16,0,0,93,0,93,0,10,99,0,109,72,0,72,181
07/13/2023,DET,MI,AGL,CE,Federal Contract Tower,0,1,10,0,11,0,0,44,0,44,0,1,54,0,55,50,0,50,105
07/14/2023,DET,MI,AGL,CE,Federal Contract Tower,0,8,16,0,24,0,0,122,0,122,0,8,138,0,146,140,0,140,286
07/15/2023,DET,MI,AGL,CE,Federal Contract Tower,0,3,15,0,18,0,0,65,0,65,0,3,80,0,83,0,0,0,83
07/16/2023,DET,MI,AGL,CE,Federal Contract Tower,0,8,22,0,30,0,0,82,0,82,0,8,104,0,112,46,0,46,158
07/17/2023,DET,MI,AGL,CE,Federal Contract Tower,0,7,11,0,18,0,0,16,0,16,0,7,27,0,34,24,0,24,58
07/18/2023,DET,MI,AGL,CE,Federal Contract Tower,0,2,7,0,9,0,0,43,0,43,0,2,50,0,52,62,0,62,114
07/19/2023,DET,MI,AGL,CE,Federal Contract Tower,0,5,23,0,28,0,0,66,0,66,0,5,89,0,94,110,0,110,204
07/20/2023,DET,MI,AGL,CE,Federal Contract Tower,0,3,10,0,13,0,0,49,2,51,0,3,59,2,64,16,14,30,94
07/21/2023,DET,MI,AGL,CE,Federal Contract Tower,0,6,17,0,23,0,0,78,0,78,0,6,95,0,101,132,0,132,233
07/22/2023,DET,MI,AGL,CE,Federal Contract Tower,0,5,11,0,16,0,0,180,0,180,0,5,191,0,196,38,0,38,234
07/23/2023,DET,MI,AGL,CE,Federal Contract Tower,0,2,11,0,13,0,0,157,0,157,0,2,168,0,170,0,6,6,176
07/24/2023,DET,MI,AGL,CE,Federal Contract Tower,0,1,7,0,8,0,0,8,2,10,0,1,15,2,18,18,0,18,36
07/25/2023,DET,MI,AGL,CE,Federal Contract Tower,0,10,8,0,18,0,0,17,0,17,0,10,25,0,35,52,2,54,89
07/26/2023,DET,MI,AGL,CE,Federal Contract Tower,0,3,5,0,8,0,0,18,0,18,0,3,23,0,26,0,0,0,26
07/27/2023,DET,MI,AGL,CE,Federal Contract Tower,0,2,7,0,9,0,0,54,2,56,0,2,61,2,65,150,0,150,215
07/28/2023,DET,MI,AGL,CE,Federal Contract Tower,0,0,12,0,12,0,0,83,0,83,0,0,95,0,95,40,0,40,135
07/29/2023,DET,MI,AGL,CE,Federal Contract Tower,0,8,7,0,15,0,0,91,0,91,0,8,98,0,106,0,0,0,106
07/30/2023,DET,MI,AGL,CE,Federal Contract Tower,0,3,11,0,14,0,0,132,0,132,0,3,143,0,146,34,0,34,180
07/31/2023,DET,MI,AGL,CE,Federal Contract Tower,0,4,9,0,13,0,0,41,0,41,0,4,50,0,54,18,0,18,72
08/01/2023,DET,MI,AGL,CE,Federal Contract Tower,0,0,16,0,16,0,0,24,0,24,0,0,40,0,40,58,0,58,98
08/02/2023,DET,MI,AGL,CE,Federal Contract Tower,0,5,5,0,10,0,0,102,0,102,0,5,107,0,112,48,0,48,160
08/03/2023,DET,MI,AGL,CE,Federal Contract Tower,0,7,7,0,14,0,0,68,0,68,0,7,75,0,82,134,0,134,216
08/04/2023,DET,MI,AGL,CE,Federal Contract Tower,0,5,22,0,27,0,0,101,0,101,0,5,123,0,128,122,0,122,250
08/05/2023,DET,MI,AGL,CE,Federal Contract Tower,0,6,17,0,23,0,0,157,0,157,0,6,174,0,180,36,0,36,216
08/06/2023,DET,MI,AGL,CE,Federal Contract Tower,0,7,16,0,23,0,0,33,0,33,0,7,49,0,56,10,0,10,66
08/07/2023,DET,MI,AGL,CE,Federal Contract Tower,0,7,7,0,14,0,0,9,1,10,0,7,16,1,24,28,0,28,52
08/08/2023,DET,MI,AGL,CE,Federal Contract Tower,0,6,14,0,20,0,0,39,2,41,0,6,53,2,61,56,0,56,117
08/09/2023,DET,MI,AGL,CE,Federal Contract Tower,0,6,19,0,25,0,0,50,3,53,0,6,69,3,78,10,0,10,88
08/10/2023,DET,MI,AGL,CE,Federal Contract Tower,0,9,8,0,17,0,0,76,0,76,0,9,84,0,93,84,0,84,177
08/11/2023,DET,MI,AGL,CE,Federal Contract Tower,0,6,14,0,20,0,0,108,0,108,0,6,122,0,128,46,0,46,174
08/12/2023,DET,MI,AGL,CE,Federal Contract Tower,0,5,4,0,9,0,0,161,0,161,0,5,165,0,170,0,0,0,170
08/13/2023,DET,MI,AGL,CE,Federal Contract Tower,0,6,16,0,22,0,0,189,0,189,0,6,205,0,211,0,0,0,211
08/14/2023,DET,MI,AGL,CE,Federal Contract Tower,0,2,13,0,15,0,0,17,0,17,0,2,30,0,32,8,0,8,40
08/15/2023,DET,MI,AGL,CE,Federal Contract Tower,0,3,11,0,14,0,0,7,0,7,0,3,18,0,21,42,0,42,63
08/16/2023,DET,MI,AGL,CE,Federal Contract Tower,0,0,16,0,16,0,0,107,0,107,0,0,123,0,123,168,0,168,291
08/17/2023,DET,MI,AGL,CE,Federal Contract Tower,0,0,20,0,20,0,0,36,0,36,0,0,56,0,56,0,0,0,56
08/18/2023,DET,MI,AGL,CE,Federal Contract Tower,0,4,12,0,16,0,0,115,0,115,0,4,127,0,131,34,0,34,165
08/19/2023,DET,MI,AGL,CE,Federal Contract Tower,0,8,9,0,17,0,0,138,0,138,0,8,147,0,155,0,0,0,155
08/20/2023,DET,MI,AGL,CE,Federal Contract Tower,0,8,12,0,20,0,0,161,0,161,0,8,173,0,181,10,0,10,191
08/21/2023,DET,MI,AGL,CE,Federal Contract Tower,0,9,17,0,26,0,0,25,2,27,0,9,42,2,53,34,0,34,87
08/22/2023,DET,MI,AGL,CE,Federal Contract Tower,0,8,16,0,24,0,0,59,0,59,0,8,75,0,83,78,0,78,161
08/23/2023,DET,MI,AGL,CE,Federal Contract Tower,0,19,30,0,49,0,0,97,0,97,0,19,127,0,146,0,0,0,146
08/24/2023,DET,MI,AGL,CE,Federal Contract Tower,0,10,17,0,27,0,0,33,0,33,0,10,50,0,60,0,0,0,60
08/25/2023,DET,MI,AGL,CE,Federal Contract Tower,0,5,24,0,29,0,0,96,0,96,0,5,120,0,125,46,0,46,171
08/26/2023,DET,MI,AGL,CE,Federal Contract Tower,0,6,12,0,18,0,0,163,0,163,0,6,175,0,181,36,0,36,217
08/27/2023,DET,MI,AGL,CE,Federal Contract Tower,0,5,12,0,17,0,0,144,2,146,0,5,156,2,163,60,0,60,223
08/28/2023,DET,MI,AGL,CE,Federal Contract Tower,0,3,13,0,16,0,0,28,2,30,0,3,41,2,46,60,8,68,114
08/29/2023,DET,MI,AGL,CE,Federal Contract Tower,0,3,10,0,13,0,0,37,0,37,0,3,47,0,50,108,0,108,158
08/30/2023,DET,MI,AGL,CE,Federal Contract Tower,0,5,10,0,15,0,0,58,0,58,0,5,68,0,73,162,0,162,235
08/31/2023,DET,MI,AGL,CE,Federal Contract Tower,0,2,13,0,15,0,0,130,0,130,0,2,143,0,145,142,0,142,287
