01/01/2000,DHN,AL,ASO,ES,Federal Contract Tower,0,4,5,0,9,1,7,7,0,15,1,11,12,0,24,0,0,0,24
01/02/2000,DHN,AL,ASO,ES,Federal Contract Tower,2,7,10,0,19,0,7,29,0,36,2,14,39,0,55,32,0,32,87
01/03/2000,DHN,AL,ASO,ES,Federal Contract Tower,5,23,35,36,99,0,0,20,53,73,5,23,55,89,172,42,62,104,276
01/04/2000,DHN,AL,ASO,ES,Federal Contract Tower,5,23,35,36,99,1,8,24,27,60,6,31,59,63,159,40,132,172,331
01/05/2000,DHN,AL,ASO,ES,Federal Contract Tower,4,26,39,40,109,0,0,41,52,93,4,26,80,92,202,68,104,172,374
01/06/2000,DHN,AL,ASO,ES,Federal Contract Tower,4,22,35,35,96,0,0,47,20,67,4,22,82,55,163,62,104,166,329
01/07/2000,DHN,AL,ASO,ES,Federal Contract Tower,4,24,38,37,103,0,3,79,52,134,4,27,117,89,237,50,136,186,423
01/08/2000,DHN,AL,ASO,ES,Federal Contract Tower,2,11,17,5,35,2,2,39,0,43,4,13,56,5,78,12,0,12,90
01/09/2000,DHN,AL,ASO,ES,Federal Contract Tower,2,8,12,0,22,0,1,24,0,25,2,9,36,0,47,0,0,0,47
01/10/2000,DHN,AL,ASO,ES,Federal Contract Tower,4,22,44,42,112,0,0,37,47,84,4,22,81,89,196,70,66,136,332
01/11/2000,DHN,AL,ASO,ES,Federal Contract Tower,5,23,42,41,111,0,0,52,47,99,5,23,94,88,210,36,160,196,406
01/12/2000,DHN,AL,ASO,ES,Federal Contract Tower,4,33,57,55,149,0,0,37,63,100,4,33,94,118,249,50,124,174,423
01/13/2000,DHN,AL,ASO,ES,Federal Contract Tower,4,26,50,49,129,0,0,28,48,76,4,26,78,97,205,38,20,58,263
01/14/2000,DHN,AL,ASO,ES,Federal Contract Tower,2,29,49,46,126,0,0,59,68,127,2,29,108,114,253,102,46,148,401
01/15/2000,DHN,AL,ASO,ES,Federal Contract Tower,2,10,17,0,29,2,2,59,0,63,4,12,76,0,92,6,0,6,98
01/16/2000,DHN,AL,ASO,ES,Federal Contract Tower,0,8,15,6,29,0,5,46,0,51,0,13,61,6,80,12,2,14,94
01/17/2000,DHN,AL,ASO,ES,Federal Contract Tower,3,13,22,8,46,1,5,70,0,76,4,18,92,8,122,10,6,16,138
01/18/2000,DHN,AL,ASO,ES,Federal Contract Tower,4,26,46,43,119,0,0,36,36,72,4,26,82,79,191,26,28,54,245
01/19/2000,DHN,AL,ASO,ES,Federal Contract Tower,3,25,47,44,119,0,0,31,23,54,3,25,78,67,173,38,80,118,291
01/20/2000,DHN,AL,ASO,ES,Federal Contract Tower,4,24,48,47,123,0,0,54,35,89,4,24,102,82,212,76,62,138,350
01/21/2000,DHN,AL,ASO,ES,Federal Contract Tower,4,25,42,40,111,0,0,44,46,90,4,25,86,86,201,70,100,170,371
01/22/2000,DHN,AL,ASO,ES,Federal Contract Tower,1,8,15,9,33,1,4,44,0,49,2,12,59,9,82,18,30,48,130
01/23/2000,DHN,AL,ASO,ES,Federal Contract Tower,1,6,12,2,21,4,5,5,0,14,5,11,17,2,35,0,0,0,35
01/24/2000,DHN,AL,ASO,ES,Federal Contract Tower,4,25,42,40,111,0,0,9,30,39,4,25,51,70,150,20,30,50,200
01/25/2000,DHN,AL,ASO,ES,Federal Contract Tower,3,20,34,33,90,1,7,55,60,123,4,27,89,93,213,78,42,120,333
01/26/2000,DHN,AL,ASO,ES,Federal Contract Tower,4,23,38,37,102,4,0,38,39,81,8,23,76,76,183,40,82,122,305
01/27/2000,DHN,AL,ASO,ES,Federal Contract Tower,4,22,42,41,109,0,0,55,30,85,4,22,97,71,194,52,8,60,254
01/28/2000,DHN,AL,ASO,ES,Federal Contract Tower,0,11,18,17,46,0,3,29,9,41,0,14,47,26,87,14,80,94,181
01/29/2000,DHN,AL,ASO,ES,Federal Contract Tower,0,0,0,2,2,0,2,0,0,2,0,2,0,2,4,0,0,0,4
01/30/2000,DHN,AL,ASO,ES,Federal Contract Tower,1,8,13,5,27,1,3,20,0,24,2,11,33,5,51,10,0,10,61
01/31/2000,DHN,AL,ASO,ES,Federal Contract Tower,4,21,44,43,112,2,0,31,68,101,6,21,75,111,213,68,46,114,327
02/01/2000,DHN,AL,ASO,ES,Federal Contract Tower,2,22,38,45,107,0,3,56,56,115,2,25,94,101,222,106,124,230,452
02/02/2000,DHN,AL,ASO,ES,Federal Contract Tower,2,25,43,50,120,0,1,58,68,127,2,26,101,118,247,70,86,156,403
02/03/2000,DHN,AL,ASO,ES,Federal Contract Tower,2,25,42,49,118,0,0,65,57,122,2,25,107,106,240,50,132,182,422
02/04/2000,DHN,AL,ASO,ES,Federal Contract Tower,4,20,52,60,136,0,0,42,69,111,4,20,94,129,247,54,119,173,420
02/05/2000,DHN,AL,ASO,ES,Federal Contract Tower,2,6,11,2,21,3,4,50,0,57,5,10,61,2,78,46,0,46,124
02/06/2000,DHN,AL,ASO,ES,Federal Contract Tower,2,11,18,14,45,0,5,66,0,71,2,16,84,14,116,46,6,52,168
02/07/2000,DHN,AL,ASO,ES,Federal Contract Tower,4,21,36,42,103,0,3,43,67,113,4,24,79,109,216,100,126,226,442
02/08/2000,DHN,AL,ASO,ES,Federal Contract Tower,5,25,44,51,125,0,0,80,42,122,5,25,124,93,247,68,190,258,505
02/09/2000,DHN,AL,ASO,ES,Federal Contract Tower,3,21,36,42,102,0,4,61,30,95,3,25,97,72,197,72,148,220,417
02/10/2000,DHN,AL,ASO,ES,Federal Contract Tower,4,20,34,39,97,1,5,64,49,119,5,25,98,88,216,114,140,254,470
02/11/2000,DHN,AL,ASO,ES,Federal Contract Tower,4,23,45,53,125,0,0,35,48,83,4,23,80,101,208,88,112,200,408
02/12/2000,DHN,AL,ASO,ES,Federal Contract Tower,2,6,11,12,31,0,9,21,0,30,2,15,32,12,61,24,2,26,87
02/13/2000,DHN,AL,ASO,ES,Federal Contract Tower,0,3,4,2,9,0,6,10,0,16,0,9,14,2,25,0,0,0,25
02/14/2000,DHN,AL,ASO,ES,Federal Contract Tower,4,20,43,48,115,0,0,54,44,98,4,20,97,92,213,18,76,94,307
02/15/2000,DHN,AL,ASO,ES,Federal Contract Tower,5,23,44,49,121,1,0,55,67,123,6,23,99,116,244,58,136,194,438
02/16/2000,DHN,AL,ASO,ES,Federal Contract Tower,5,26,53,59,143,1,0,71,58,130,6,26,124,117,273,100,228,328,601
02/17/2000,DHN,AL,ASO,ES,Federal Contract Tower,3,24,45,50,122,0,0,21,18,39,3,24,66,68,161,38,64,102,263
02/18/2000,DHN,AL,ASO,ES,Federal Contract Tower,4,24,42,48,118,0,0,32,45,77,4,24,74,93,195,78,98,176,371
02/19/2000,DHN,AL,ASO,ES,Federal Contract Tower,1,8,14,0,23,3,5,46,0,54,4,13,60,0,77,20,0,20,97
02/20/2000,DHN,AL,ASO,ES,Federal Contract Tower,1,7,12,0,20,1,3,50,0,54,2,10,62,0,74,6,0,6,80
02/21/2000,DHN,AL,ASO,ES,Federal Contract Tower,3,17,27,0,47,1,3,82,0,86,4,20,109,0,133,34,0,34,167
02/22/2000,DHN,AL,ASO,ES,Federal Contract Tower,4,22,38,43,107,4,0,78,43,125,8,22,116,86,232,28,100,128,360
02/23/2000,DHN,AL,ASO,ES,Federal Contract Tower,4,25,44,49,122,0,0,61,29,90,4,25,105,78,212,60,100,160,372
02/24/2000,DHN,AL,ASO,ES,Federal Contract Tower,4,20,42,46,112,1,0,57,68,126,5,20,99,114,238,56,108,164,402
02/25/2000,DHN,AL,ASO,ES,Federal Contract Tower,4,26,42,47,119,0,1,45,50,96,4,27,87,97,215,56,98,154,369
02/26/2000,DHN,AL,ASO,ES,Federal Contract Tower,1,9,16,11,37,3,3,36,0,42,4,12,52,11,79,26,2,28,107
02/27/2000,DHN,AL,ASO,ES,Federal Contract Tower,0,5,8,2,15,2,13,0,0,15,2,18,8,2,30,6,0,6,36
02/28/2000,DHN,AL,ASO,ES,Federal Contract Tower,2,23,40,45,110,0,0,28,86,114,2,23,68,131,224,66,140,206,430
02/29/2000,DHN,AL,ASO,ES,Federal Contract Tower,4,23,41,47,115,0,1,60,51,112,4,24,101,98,227,96,102,198,425
03/01/2000,DHN,AL,ASO,ES,Federal Contract Tower,4,25,51,61,141,0,0,62,44,106,4,25,113,105,247,58,130,188,435
03/02/2000,DHN,AL,ASO,ES,Federal Contract Tower,2,26,43,51,122,0,0,36,56,92,2,26,79,107,214,72,102,174,388
03/03/2000,DHN,AL,ASO,ES,Federal Contract Tower,4,25,45,54,128,0,0,59,41,100,4,25,104,95,228,90,88,178,406
03/04/2000,DHN,AL,ASO,ES,Federal Contract Tower,2,6,10,0,18,2,6,45,0,53,4,12,55,0,71,26,0,26,97
03/05/2000,DHN,AL,ASO,ES,Federal Contract Tower,1,7,11,4,23,0,5,45,0,50,1,12,56,4,73,24,0,24,97
03/06/2000,DHN,AL,ASO,ES,Federal Contract Tower,5,20,36,44,105,1,0,82,43,126,6,20,118,87,231,86,150,236,467
03/07/2000,DHN,AL,ASO,ES,Federal Contract Tower,4,20,33,41,98,0,0,66,21,87,4,20,99,62,185,80,138,218,403
03/08/2000,DHN,AL,ASO,ES,Federal Contract Tower,5,21,35,43,104,1,0,36,43,80,6,21,71,86,184,40,178,218,402
03/09/2000,DHN,AL,ASO,ES,Federal Contract Tower,5,26,48,55,134,0,0,22,26,48,5,26,70,81,182,64,70,134,316
03/10/2000,DHN,AL,ASO,ES,Federal Contract Tower,6,25,48,55,134,2,0,39,59,100,8,25,87,114,234,52,130,182,416
03/11/2000,DHN,AL,ASO,ES,Federal Contract Tower,2,5,9,0,16,0,7,7,0,14,2,12,16,0,30,0,0,0,30
03/12/2000,DHN,AL,ASO,ES,Federal Contract Tower,2,8,13,4,27,0,2,57,0,59,2,10,70,4,86,20,0,20,106
03/13/2000,DHN,AL,ASO,ES,Federal Contract Tower,4,20,34,39,97,0,2,60,30,92,4,22,94,69,189,94,126,220,409
03/14/2000,DHN,AL,ASO,ES,Federal Contract Tower,4,25,47,54,130,0,0,53,79,132,4,25,100,133,262,42,136,178,440
03/15/2000,DHN,AL,ASO,ES,Federal Contract Tower,4,25,49,56,134,0,0,42,73,115,4,25,91,129,249,36,168,204,453
03/16/2000,DHN,AL,ASO,ES,Federal Contract Tower,2,16,18,29,65,2,6,0,14,22,4,22,18,43,87,0,2,2,89
03/17/2000,DHN,AL,ASO,ES,Federal Contract Tower,2,23,63,73,161,0,0,35,12,47,2,23,98,85,208,72,96,168,376
03/18/2000,DHN,AL,ASO,ES,Federal Contract Tower,2,11,18,14,45,2,1,27,0,30,4,12,45,14,75,8,0,8,83
03/19/2000,DHN,AL,ASO,ES,Federal Contract Tower,0,5,7,0,12,0,8,0,0,8,0,13,7,0,20,0,0,0,20
03/20/2000,DHN,AL,ASO,ES,Federal Contract Tower,2,12,19,8,41,2,6,48,0,56,4,18,67,8,97,6,0,6,103
03/21/2000,DHN,AL,ASO,ES,Federal Contract Tower,4,27,44,50,125,0,0,72,63,135,4,27,116,113,260,44,122,166,426
03/22/2000,DHN,AL,ASO,ES,Federal Contract Tower,4,23,38,43,108,0,1,72,39,112,4,24,110,82,220,92,106,198,418
03/23/2000,DHN,AL,ASO,ES,Federal Contract Tower,4,24,38,44,110,0,1,61,33,95,4,25,99,77,205,32,56,88,293
03/24/2000,DHN,AL,ASO,ES,Federal Contract Tower,3,21,34,39,97,1,0,41,31,73,4,21,75,70,170,46,120,166,336
03/25/2000,DHN,AL,ASO,ES,Federal Contract Tower,2,11,18,12,43,2,2,30,0,34,4,13,48,12,77,22,8,30,107
03/26/2000,DHN,AL,ASO,ES,Federal Contract Tower,1,5,10,0,16,0,9,11,0,20,1,14,21,0,36,0,0,0,36
03/27/2000,DHN,AL,ASO,ES,Federal Contract Tower,3,19,32,38,92,1,6,9,27,43,4,25,41,65,135,34,24,58,193
03/28/2000,DHN,AL,ASO,ES,Federal Contract Tower,4,21,40,46,111,0,0,46,49,95,4,21,86,95,206,42,102,144,350
03/29/2000,DHN,AL,ASO,ES,Federal Contract Tower,4,20,35,40,99,0,7,55,19,81,4,27,90,59,180,42,70,112,292
03/30/2000,DHN,AL,ASO,ES,Federal Contract Tower,4,23,48,57,132,0,0,20,31,51,4,23,68,88,183,34,94,128,311
03/31/2000,DHN,AL,ASO,ES,Federal Contract Tower,3,19,31,36,89,3,3,26,24,56,6,22,57,60,145,20,44,64,209
04/01/2000,DHN,AL,ASO,ES,Federal Contract Tower,2,7,14,6,29,4,7,42,0,53,6,14,56,6,82,46,4,50,132
04/02/2000,DHN,AL,ASO,ES,Federal Contract Tower,2,6,12,4,24,0,2,19,0,21,2,8,31,4,45,0,0,0,45
04/03/2000,DHN,AL,ASO,ES,Federal Contract Tower,2,18,41,47,108,0,0,1,54,55,2,18,42,101,163,34,106,140,303
04/04/2000,DHN,AL,ASO,ES,Federal Contract Tower,4,22,49,56,131,0,0,55,58,113,4,22,104,114,244,80,96,176,420
04/05/2000,DHN,AL,ASO,ES,Federal Contract Tower,2,20,47,54,123,0,0,47,47,94,2,20,94,101,217,50,114,164,381
04/06/2000,DHN,AL,ASO,ES,Federal Contract Tower,4,21,44,50,119,0,0,81,13,94,4,21,125,63,213,60,136,196,409
04/07/2000,DHN,AL,ASO,ES,Federal Contract Tower,5,19,40,44,108,3,1,66,22,92,8,20,106,66,200,68,192,260,460
04/08/2000,DHN,AL,ASO,ES,Federal Contract Tower,3,9,19,7,38,1,3,33,0,37,4,12,52,7,75,6,0,6,81
04/09/2000,DHN,AL,ASO,ES,Federal Contract Tower,2,5,11,1,19,0,6,53,0,59,2,11,64,1,78,20,0,20,98
04/10/2000,DHN,AL,ASO,ES,Federal Contract Tower,3,16,35,38,92,0,2,47,18,67,3,18,82,56,159,98,100,198,357
04/11/2000,DHN,AL,ASO,ES,Federal Contract Tower,4,22,55,59,140,0,0,49,103,152,4,22,104,162,292,48,180,228,520
04/12/2000,DHN,AL,ASO,ES,Federal Contract Tower,4,21,46,49,120,0,0,46,55,101,4,21,92,104,221,60,128,188,409
04/13/2000,DHN,AL,ASO,ES,Federal Contract Tower,4,18,37,40,99,0,2,17,29,48,4,20,54,69,147,78,108,186,333
04/14/2000,DHN,AL,ASO,ES,Federal Contract Tower,4,21,45,49,119,0,0,42,16,58,4,21,87,65,177,0,0,0,177
04/15/2000,DHN,AL,ASO,ES,Federal Contract Tower,1,9,17,13,40,3,2,44,0,49,4,11,61,13,89,12,18,30,119
04/16/2000,DHN,AL,ASO,ES,Federal Contract Tower,1,7,14,4,26,1,1,65,0,67,2,8,79,4,93,4,2,6,99
04/17/2000,DHN,AL,ASO,ES,Federal Contract Tower,4,18,49,53,124,0,0,40,81,121,4,18,89,134,245,50,72,122,367
04/18/2000,DHN,AL,ASO,ES,Federal Contract Tower,4,20,45,49,118,0,0,46,68,114,4,20,91,117,232,40,130,170,402
04/19/2000,DHN,AL,ASO,ES,Federal Contract Tower,4,20,45,48,117,0,0,70,66,136,4,20,115,114,253,58,158,216,469
04/20/2000,DHN,AL,ASO,ES,Federal Contract Tower,4,21,49,53,127,0,0,36,39,75,4,21,85,92,202,28,68,96,298
04/21/2000,DHN,AL,ASO,ES,Federal Contract Tower,4,20,39,43,106,0,0,27,54,81,4,20,66,97,187,56,192,248,435
04/22/2000,DHN,AL,ASO,ES,Federal Contract Tower,1,8,15,0,24,3,3,46,0,52,4,11,61,0,76,28,0,28,104
04/23/2000,DHN,AL,ASO,ES,Federal Contract Tower,0,5,9,0,14,0,8,17,0,25,0,13,26,0,39,42,0,42,81
04/24/2000,DHN,AL,ASO,ES,Federal Contract Tower,3,17,35,39,94,1,4,5,19,29,4,21,40,58,123,0,104,104,227
04/25/2000,DHN,AL,ASO,ES,Federal Contract Tower,5,23,47,53,128,0,0,39,53,92,5,23,86,106,220,70,180,250,470
04/26/2000,DHN,AL,ASO,ES,Federal Contract Tower,2,21,48,54,125,0,0,64,37,101,2,21,112,91,226,66,122,188,414
04/27/2000,DHN,AL,ASO,ES,Federal Contract Tower,4,21,49,55,129,0,0,93,46,139,4,21,142,101,268,78,76,154,422
04/28/2000,DHN,AL,ASO,ES,Federal Contract Tower,4,22,48,54,128,0,0,49,42,91,4,22,97,96,219,58,76,134,353
04/29/2000,DHN,AL,ASO,ES,Federal Contract Tower,1,7,15,16,39,2,4,32,4,42,3,11,47,20,81,0,0,0,81
04/30/2000,DHN,AL,ASO,ES,Federal Contract Tower,1,5,12,2,20,6,6,23,0,35,7,11,35,2,55,4,0,4,59
05/01/2000,DHN,AL,ASO,ES,Federal Contract Tower,4,18,45,52,119,0,0,53,95,148,4,18,98,147,267,94,144,238,505
05/02/2000,DHN,AL,ASO,ES,Federal Contract Tower,4,24,51,59,138,0,0,33,95,128,4,24,84,154,266,84,200,284,550
05/03/2000,DHN,AL,ASO,ES,Federal Contract Tower,4,21,37,43,105,0,2,32,66,100,4,23,69,109,205,88,222,310,515
05/04/2000,DHN,AL,ASO,ES,Federal Contract Tower,4,22,49,58,133,0,0,73,58,131,4,22,122,116,264,66,180,246,510
05/05/2000,DHN,AL,ASO,ES,Federal Contract Tower,6,21,46,53,126,0,0,84,47,131,6,21,130,100,257,96,148,244,501
05/06/2000,DHN,AL,ASO,ES,Federal Contract Tower,3,9,15,10,37,1,0,40,0,41,4,9,55,10,78,2,0,2,80
05/07/2000,DHN,AL,ASO,ES,Federal Contract Tower,2,6,11,3,22,0,4,36,0,40,2,10,47,3,62,12,0,12,74
05/08/2000,DHN,AL,ASO,ES,Federal Contract Tower,5,18,35,40,98,1,2,44,25,72,6,20,79,65,170,52,12,64,234
05/09/2000,DHN,AL,ASO,ES,Federal Contract Tower,4,19,35,41,99,0,2,43,43,88,4,21,78,84,187,52,128,180,367
05/10/2000,DHN,AL,ASO,ES,Federal Contract Tower,4,21,40,44,109,0,0,35,45,80,4,21,75,89,189,20,72,92,281
05/11/2000,DHN,AL,ASO,ES,Federal Contract Tower,7,24,53,59,143,0,0,27,34,61,7,24,80,93,204,20,80,100,304
05/12/2000,DHN,AL,ASO,ES,Federal Contract Tower,5,22,55,61,143,0,0,29,66,95,5,22,84,127,238,22,114,136,374
05/13/2000,DHN,AL,ASO,ES,Federal Contract Tower,2,5,11,1,19,2,5,32,0,39,4,10,43,1,58,4,6,10,68
05/14/2000,DHN,AL,ASO,ES,Federal Contract Tower,2,5,10,7,24,0,5,29,0,34,2,10,39,7,58,12,6,18,76
05/15/2000,DHN,AL,ASO,ES,Federal Contract Tower,4,23,41,46,114,0,0,24,76,100,4,23,65,122,214,42,134,176,390
05/16/2000,DHN,AL,ASO,ES,Federal Contract Tower,4,20,41,46,111,0,0,34,67,101,4,20,75,113,212,40,164,204,416
05/17/2000,DHN,AL,ASO,ES,Federal Contract Tower,4,22,39,44,109,0,2,31,50,83,4,24,70,94,192,48,140,188,380
05/18/2000,DHN,AL,ASO,ES,Federal Contract Tower,4,22,39,44,109,0,1,37,45,83,4,23,76,89,192,32,82,114,306
05/19/2000,DHN,AL,ASO,ES,Federal Contract Tower,4,20,37,40,101,0,2,28,32,62,4,22,65,72,163,68,72,140,303
05/20/2000,DHN,AL,ASO,ES,Federal Contract Tower,1,6,10,2,19,3,4,15,0,22,4,10,25,2,41,2,0,2,43
05/21/2000,DHN,AL,ASO,ES,Federal Contract Tower,1,6,11,2,20,0,3,34,0,37,1,9,45,2,57,6,0,6,63
05/22/2000,DHN,AL,ASO,ES,Federal Contract Tower,4,21,50,55,130,0,0,46,64,110,4,21,96,119,240,14,54,68,308
05/23/2000,DHN,AL,ASO,ES,Federal Contract Tower,4,19,43,47,113,0,0,50,25,75,4,19,93,72,188,40,76,116,304
05/24/2000,DHN,AL,ASO,ES,Federal Contract Tower,4,20,43,47,114,0,0,64,18,82,4,20,107,65,196,34,72,106,302
05/25/2000,DHN,AL,ASO,ES,Federal Contract Tower,4,20,39,44,107,0,0,49,33,82,4,20,88,77,189,46,80,126,315
05/26/2000,DHN,AL,ASO,ES,Federal Contract Tower,2,11,23,14,50,1,9,26,0,36,3,20,49,14,86,0,6,6,92
05/27/2000,DHN,AL,ASO,ES,Federal Contract Tower,1,6,13,0,20,3,5,43,0,51,4,11,56,0,71,14,0,14,85
05/28/2000,DHN,AL,ASO,ES,Federal Contract Tower,0,5,8,0,13,2,6,21,0,29,2,11,29,0,42,0,0,0,42
05/29/2000,DHN,AL,ASO,ES,Federal Contract Tower,1,6,12,6,25,3,10,22,0,35,4,16,34,6,60,8,4,12,72
05/30/2000,DHN,AL,ASO,ES,Federal Contract Tower,4,20,37,43,104,0,1,28,74,103,4,21,65,117,207,62,140,202,409
05/31/2000,DHN,AL,ASO,ES,Federal Contract Tower,4,20,40,45,109,3,0,47,41,91,7,20,87,86,200,36,106,142,342
06/01/2000,DHN,AL,ASO,ES,Federal Contract Tower,5,21,38,49,113,0,0,33,57,90,5,21,71,106,203,70,150,220,423
06/02/2000,DHN,AL,ASO,ES,Federal Contract Tower,4,22,32,43,101,0,1,33,50,84,4,23,65,93,185,50,80,130,315
06/03/2000,DHN,AL,ASO,ES,Federal Contract Tower,2,7,11,2,22,2,8,37,0,47,4,15,48,2,69,18,100,118,187
06/04/2000,DHN,AL,ASO,ES,Federal Contract Tower,2,6,10,4,22,0,8,31,0,39,2,14,41,4,61,42,0,42,103
06/05/2000,DHN,AL,ASO,ES,Federal Contract Tower,4,20,31,40,95,1,0,19,30,50,5,20,50,70,145,50,50,100,245
06/06/2000,DHN,AL,ASO,ES,Federal Contract Tower,2,22,32,43,99,0,3,60,15,78,2,25,92,58,177,86,42,128,305
06/07/2000,DHN,AL,ASO,ES,Federal Contract Tower,4,27,42,52,125,0,3,69,44,116,4,30,111,96,241,42,86,128,369
06/08/2000,DHN,AL,ASO,ES,Federal Contract Tower,2,22,34,42,100,0,0,51,32,83,2,22,85,74,183,102,204,306,489
06/09/2000,DHN,AL,ASO,ES,Federal Contract Tower,3,24,38,47,112,0,4,53,62,119,3,28,91,109,231,84,148,232,463
06/10/2000,DHN,AL,ASO,ES,Federal Contract Tower,2,5,9,3,19,1,11,25,0,37,3,16,34,3,56,12,0,12,68
06/11/2000,DHN,AL,ASO,ES,Federal Contract Tower,2,8,13,10,33,0,7,29,0,36,2,15,42,10,69,14,0,14,83
06/12/2000,DHN,AL,ASO,ES,Federal Contract Tower,2,26,45,54,127,0,0,28,71,99,2,26,73,125,226,100,176,276,502
06/13/2000,DHN,AL,ASO,ES,Federal Contract Tower,4,23,37,45,109,0,0,20,53,73,4,23,57,98,182,74,124,198,380
06/14/2000,DHN,AL,ASO,ES,Federal Contract Tower,4,23,39,48,114,0,0,17,46,63,4,23,56,94,177,38,66,104,281
06/15/2000,DHN,AL,ASO,ES,Federal Contract Tower,3,23,34,41,101,1,0,33,30,64,4,23,67,71,165,132,90,222,387
06/16/2000,DHN,AL,ASO,ES,Federal Contract Tower,4,24,39,48,115,0,0,34,20,54,4,24,73,68,169,60,108,168,337
06/17/2000,DHN,AL,ASO,ES,Federal Contract Tower,1,9,12,8,30,1,6,13,0,20,2,15,25,8,50,18,4,22,72
06/18/2000,DHN,AL,ASO,ES,Federal Contract Tower,1,8,11,2,22,1,7,26,0,34,2,15,37,2,56,10,0,10,66
06/19/2000,DHN,AL,ASO,ES,Federal Contract Tower,4,22,39,47,112,1,0,23,45,69,5,22,62,92,181,56,92,148,329
06/20/2000,DHN,AL,ASO,ES,Federal Contract Tower,3,21,31,38,93,1,1,81,27,110,4,22,112,65,203,74,130,204,407
06/21/2000,DHN,AL,ASO,ES,Federal Contract Tower,4,21,51,62,138,0,0,45,94,139,4,21,96,156,277,58,118,176,453
06/22/2000,DHN,AL,ASO,ES,Federal Contract Tower,5,22,46,57,130,0,0,48,37,85,5,22,94,94,215,60,114,174,389
06/23/2000,DHN,AL,ASO,ES,Federal Contract Tower,4,21,35,44,104,0,0,51,30,81,4,21,86,74,185,62,132,194,379
06/24/2000,DHN,AL,ASO,ES,Federal Contract Tower,1,8,13,5,27,3,6,29,0,38,4,14,42,5,65,28,0,28,93
06/25/2000,DHN,AL,ASO,ES,Federal Contract Tower,1,5,9,3,18,1,10,26,0,37,2,15,35,3,55,26,0,26,81
06/26/2000,DHN,AL,ASO,ES,Federal Contract Tower,3,18,29,36,86,3,0,36,39,78,6,18,65,75,164,80,76,156,320
06/27/2000,DHN,AL,ASO,ES,Federal Contract Tower,5,22,51,65,143,0,0,78,67,145,5,22,129,132,288,102,60,162,450
06/28/2000,DHN,AL,ASO,ES,Federal Contract Tower,3,20,34,42,99,1,0,24,25,50,4,20,58,67,149,64,86,150,299
06/29/2000,DHN,AL,ASO,ES,Federal Contract Tower,4,23,40,50,117,0,0,32,35,67,4,23,72,85,184,42,4,46,230
06/30/2000,DHN,AL,ASO,ES,Federal Contract Tower,4,21,36,44,105,0,0,79,34,113,4,21,115,78,218,90,34,124,342
07/01/2000,DHN,AL,ASO,ES,Federal Contract Tower,2,9,15,5,31,1,4,39,0,44,3,13,54,5,75,14,8,22,97
07/02/2000,DHN,AL,ASO,ES,Federal Contract Tower,2,6,10,2,20,0,10,18,0,28,2,16,28,2,48,0,0,0,48
07/03/2000,DHN,AL,ASO,ES,Federal Contract Tower,2,9,15,3,29,0,12,33,0,45,2,21,48,3,74,6,0,6,80
07/04/2000,DHN,AL,ASO,ES,Federal Contract Tower,1,6,9,3,19,1,8,16,0,25,2,14,25,3,44,0,0,0,44
07/05/2000,DHN,AL,ASO,ES,Federal Contract Tower,4,21,37,36,98,1,0,35,44,80,5,21,72,80,178,78,144,222,400
07/06/2000,DHN,AL,ASO,ES,Federal Contract Tower,4,20,40,38,102,0,0,57,33,90,4,20,97,71,192,66,128,194,386
07/07/2000,DHN,AL,ASO,ES,Federal Contract Tower,2,21,48,46,117,0,0,42,54,96,2,21,90,100,213,70,126,196,409
07/08/2000,DHN,AL,ASO,ES,Federal Contract Tower,2,11,17,10,40,3,3,33,0,39,5,14,50,10,79,6,2,8,87
07/09/2000,DHN,AL,ASO,ES,Federal Contract Tower,3,13,20,2,38,1,2,52,0,55,4,15,72,2,93,14,0,14,107
07/10/2000,DHN,AL,ASO,ES,Federal Contract Tower,4,22,48,47,121,0,0,45,62,107,4,22,93,109,228,46,116,162,390
07/11/2000,DHN,AL,ASO,ES,Federal Contract Tower,4,22,39,38,103,0,0,71,44,115,4,22,110,82,218,56,151,207,425
07/12/2000,DHN,AL,ASO,ES,Federal Contract Tower,5,23,39,38,105,1,0,50,37,88,6,23,89,75,193,46,62,108,301
07/13/2000,DHN,AL,ASO,ES,Federal Contract Tower,2,27,44,42,115,0,0,53,53,106,2,27,97,95,221,118,68,186,407
07/14/2000,DHN,AL,ASO,ES,Federal Contract Tower,2,28,53,51,134,0,0,55,53,108,2,28,108,104,242,56,140,196,438
07/15/2000,DHN,AL,ASO,ES,Federal Contract Tower,2,9,15,2,28,2,9,39,0,50,4,18,54,2,78,12,0,12,90
07/16/2000,DHN,AL,ASO,ES,Federal Contract Tower,2,8,14,6,30,0,7,43,0,50,2,15,57,6,80,32,0,32,112
07/17/2000,DHN,AL,ASO,ES,Federal Contract Tower,4,24,45,42,115,0,0,4,55,59,4,24,49,97,174,56,130,186,360
07/18/2000,DHN,AL,ASO,ES,Federal Contract Tower,0,27,55,51,133,0,0,71,71,142,0,27,126,122,275,103,134,237,512
07/19/2000,DHN,AL,ASO,ES,Federal Contract Tower,4,20,44,41,109,0,0,32,61,93,4,20,76,102,202,70,152,222,424
07/20/2000,DHN,AL,ASO,ES,Federal Contract Tower,3,14,34,31,82,2,0,62,48,112,5,14,96,79,194,52,94,146,340
07/21/2000,DHN,AL,ASO,ES,Federal Contract Tower,3,22,34,32,91,3,2,26,20,51,6,24,60,52,142,32,70,102,244
07/22/2000,DHN,AL,ASO,ES,Federal Contract Tower,1,7,12,2,22,3,6,25,0,34,4,13,37,2,56,4,0,4,60
07/23/2000,DHN,AL,ASO,ES,Federal Contract Tower,0,6,9,0,15,0,6,18,0,24,0,12,27,0,39,20,0,20,59
07/24/2000,DHN,AL,ASO,ES,Federal Contract Tower,3,23,36,34,96,1,1,38,56,96,4,24,74,90,192,38,154,192,384
07/25/2000,DHN,AL,ASO,ES,Federal Contract Tower,4,24,52,49,129,0,0,40,20,60,4,24,92,69,189,84,42,126,315
07/26/2000,DHN,AL,ASO,ES,Federal Contract Tower,4,23,47,44,118,0,0,64,41,105,4,23,111,85,223,74,104,178,401
07/27/2000,DHN,AL,ASO,ES,Federal Contract Tower,3,20,37,34,94,1,0,42,56,99,4,20,79,90,193,86,98,184,377
07/28/2000,DHN,AL,ASO,ES,Federal Contract Tower,3,23,37,34,97,1,2,47,43,93,4,25,84,77,190,32,150,182,372
07/29/2000,DHN,AL,ASO,ES,Federal Contract Tower,1,11,19,18,49,1,3,27,10,41,2,14,46,28,90,2,0,2,92
07/30/2000,DHN,AL,ASO,ES,Federal Contract Tower,1,6,11,7,25,2,9,8,0,19,3,15,19,7,44,0,0,0,44
07/31/2000,DHN,AL,ASO,ES,Federal Contract Tower,3,22,36,34,95,1,2,13,57,73,4,24,49,91,168,90,212,302,470
08/01/2000,DHN,AL,ASO,ES,Federal Contract Tower,4,22,34,42,102,0,0,18,14,32,4,22,52,56,134,80,142,222,356
08/02/2000,DHN,AL,ASO,ES,Federal Contract Tower,4,21,32,38,95,0,1,11,0,12,4,22,43,38,107,62,22,84,191
08/03/2000,DHN,AL,ASO,ES,Federal Contract Tower,5,25,39,48,117,0,4,24,22,50,5,29,63,70,167,32,30,62,229
08/04/2000,DHN,AL,ASO,ES,Federal Contract Tower,4,24,36,44,108,0,1,78,17,96,4,25,114,61,204,70,104,174,378
08/05/2000,DHN,AL,ASO,ES,Federal Contract Tower,1,8,13,1,23,0,6,44,0,50,1,14,57,1,73,18,0,18,91
08/06/2000,DHN,AL,ASO,ES,Federal Contract Tower,2,6,9,1,18,0,8,32,0,40,2,14,41,1,58,26,0,26,84
08/07/2000,DHN,AL,ASO,ES,Federal Contract Tower,0,21,32,40,93,0,3,37,31,71,0,24,69,71,164,72,64,136,300
08/08/2000,DHN,AL,ASO,ES,Federal Contract Tower,4,22,50,61,137,0,0,70,51,121,4,22,120,112,258,99,120,219,477
08/09/2000,DHN,AL,ASO,ES,Federal Contract Tower,2,23,47,56,128,0,0,84,55,139,2,23,131,111,267,76,32,108,375
08/10/2000,DHN,AL,ASO,ES,Federal Contract Tower,2,23,42,49,116,0,0,37,18,55,2,23,79,67,171,100,77,177,348
08/11/2000,DHN,AL,ASO,ES,Federal Contract Tower,4,22,40,48,114,0,0,110,25,135,4,22,150,73,249,104,118,222,471
08/12/2000,DHN,AL,ASO,ES,Federal Contract Tower,2,7,12,3,24,2,6,41,0,49,4,13,53,3,73,8,4,12,85
08/13/2000,DHN,AL,ASO,ES,Federal Contract Tower,2,8,12,0,22,0,5,57,0,62,2,13,69,0,84,10,0,10,94
08/14/2000,DHN,AL,ASO,ES,Federal Contract Tower,4,24,43,51,122,0,0,50,60,110,4,24,93,111,232,104,99,203,435
08/15/2000,DHN,AL,ASO,ES,Federal Contract Tower,4,22,48,56,130,0,0,69,74,143,4,22,117,130,273,88,110,198,471
08/16/2000,DHN,AL,ASO,ES,Federal Contract Tower,4,21,45,53,123,0,0,69,71,140,4,21,114,124,263,68,152,220,483
08/17/2000,DHN,AL,ASO,ES,Federal Contract Tower,3,23,38,44,108,1,0,42,47,90,4,23,80,91,198,40,130,170,368
08/18/2000,DHN,AL,ASO,ES,Federal Contract Tower,3,23,36,43,105,1,0,38,20,59,4,23,74,63,164,30,56,86,250
08/19/2000,DHN,AL,ASO,ES,Federal Contract Tower,1,11,16,18,46,3,2,43,0,48,4,13,59,18,94,16,0,16,110
08/20/2000,DHN,AL,ASO,ES,Federal Contract Tower,1,8,11,3,23,1,7,20,0,28,2,15,31,3,51,2,0,2,53
08/21/2000,DHN,AL,ASO,ES,Federal Contract Tower,0,28,43,50,121,0,0,29,41,70,0,28,72,91,191,26,102,128,319
08/22/2000,DHN,AL,ASO,ES,Federal Contract Tower,3,23,35,41,102,1,0,30,34,65,4,23,65,75,167,90,55,145,312
08/23/2000,DHN,AL,ASO,ES,Federal Contract Tower,3,24,36,43,106,1,1,35,41,78,4,25,71,84,184,62,82,144,328
08/24/2000,DHN,AL,ASO,ES,Federal Contract Tower,3,23,36,42,104,1,0,31,47,79,4,23,67,89,183,48,112,160,343
08/25/2000,DHN,AL,ASO,ES,Federal Contract Tower,4,25,41,49,119,2,0,17,27,46,6,25,58,76,165,60,40,100,265
08/26/2000,DHN,AL,ASO,ES,Federal Contract Tower,1,9,16,11,37,4,4,52,0,60,5,13,68,11,97,12,24,36,133
08/27/2000,DHN,AL,ASO,ES,Federal Contract Tower,1,7,12,6,26,1,9,19,0,29,2,16,31,6,55,12,0,12,67
08/28/2000,DHN,AL,ASO,ES,Federal Contract Tower,4,25,45,54,128,0,0,37,52,89,4,25,82,106,217,72,68,140,357
08/29/2000,DHN,AL,ASO,ES,Federal Contract Tower,3,22,35,42,102,1,0,28,45,74,4,22,63,87,176,70,160,230,406
08/30/2000,DHN,AL,ASO,ES,Federal Contract Tower,4,25,41,49,119,0,0,27,49,76,4,25,68,98,195,78,132,210,405
08/31/2000,DHN,AL,ASO,ES,Federal Contract Tower,3,19,31,37,90,1,5,34,23,63,4,24,65,60,153,58,136,194,347
09/01/2000,DHN,AL,ASO,ES,Federal Contract Tower,4,16,22,23,65,0,9,20,0,29,4,25,42,23,94,56,50,106,200
09/02/2000,DHN,AL,ASO,ES,Federal Contract Tower,2,6,8,0,16,2,5,15,0,22,4,11,23,0,38,4,0,4,42
09/03/2000,DHN,AL,ASO,ES,Federal Contract Tower,1,5,6,0,12,0,6,9,0,15,1,11,15,0,27,14,0,14,41
09/04/2000,DHN,AL,ASO,ES,Federal Contract Tower,2,11,14,0,27,0,9,32,0,41,2,20,46,0,68,20,0,20,88
09/05/2000,DHN,AL,ASO,ES,Federal Contract Tower,4,23,32,36,95,0,3,16,24,43,4,26,48,60,138,22,70,92,230
09/06/2000,DHN,AL,ASO,ES,Federal Contract Tower,5,22,18,40,85,0,0,0,43,43,5,22,18,83,128,0,0,0,128
09/07/2000,DHN,AL,ASO,ES,Federal Contract Tower,4,19,57,65,145,0,0,0,56,56,4,19,57,121,201,0,30,30,231
09/08/2000,DHN,AL,ASO,ES,Federal Contract Tower,4,23,41,46,114,0,0,22,4,26,4,23,63,50,140,16,54,70,210
09/09/2000,DHN,AL,ASO,ES,Federal Contract Tower,2,8,10,1,21,2,7,22,0,31,4,15,32,1,52,24,0,24,76
09/10/2000,DHN,AL,ASO,ES,Federal Contract Tower,2,10,14,16,42,0,6,21,1,28,2,16,35,17,70,76,0,76,146
09/11/2000,DHN,AL,ASO,ES,Federal Contract Tower,4,26,42,45,117,0,0,34,74,108,4,26,76,119,225,128,78,206,431
09/12/2000,DHN,AL,ASO,ES,Federal Contract Tower,4,21,38,41,104,0,0,54,35,89,4,21,92,76,193,116,58,174,367
09/13/2000,DHN,AL,ASO,ES,Federal Contract Tower,5,26,49,52,132,0,0,62,31,93,5,26,111,83,225,68,64,132,357
09/14/2000,DHN,AL,ASO,ES,Federal Contract Tower,4,21,29,23,77,0,15,34,0,49,4,36,63,23,126,58,26,84,210
09/15/2000,DHN,AL,ASO,ES,Federal Contract Tower,6,23,45,48,122,0,0,49,45,94,6,23,94,93,216,78,44,122,338
09/16/2000,DHN,AL,ASO,ES,Federal Contract Tower,3,12,17,0,32,2,1,73,0,76,5,13,90,0,108,16,0,16,124
09/17/2000,DHN,AL,ASO,ES,Federal Contract Tower,1,9,11,0,21,1,9,4,0,14,2,18,15,0,35,0,0,0,35
09/18/2000,DHN,AL,ASO,ES,Federal Contract Tower,4,24,36,38,102,0,0,41,69,110,4,24,77,107,212,92,76,168,380
09/19/2000,DHN,AL,ASO,ES,Federal Contract Tower,4,25,44,46,119,0,0,52,62,114,4,25,96,108,233,94,80,174,407
09/20/2000,DHN,AL,ASO,ES,Federal Contract Tower,4,24,32,34,94,0,1,44,51,96,4,25,76,85,190,96,106,202,392
09/21/2000,DHN,AL,ASO,ES,Federal Contract Tower,4,21,34,35,94,2,0,6,12,20,6,21,40,47,114,32,26,58,172
09/22/2000,DHN,AL,ASO,ES,Federal Contract Tower,2,11,12,16,41,0,5,0,6,11,2,16,12,22,52,0,2,2,54
09/23/2000,DHN,AL,ASO,ES,Federal Contract Tower,1,8,11,0,20,5,6,18,0,29,6,14,29,0,49,20,0,20,69
09/24/2000,DHN,AL,ASO,ES,Federal Contract Tower,2,13,17,4,36,0,5,29,0,34,2,18,46,4,70,30,0,30,100
09/25/2000,DHN,AL,ASO,ES,Federal Contract Tower,4,21,43,46,114,0,0,30,54,84,4,21,73,100,198,56,104,160,358
09/26/2000,DHN,AL,ASO,ES,Federal Contract Tower,4,25,35,37,101,0,0,63,13,76,4,25,98,50,177,86,153,239,416
09/27/2000,DHN,AL,ASO,ES,Federal Contract Tower,3,21,30,32,86,4,4,39,1,48,7,25,69,33,134,123,130,253,387
09/28/2000,DHN,AL,ASO,ES,Federal Contract Tower,4,24,40,43,111,0,0,50,1,51,4,24,90,44,162,74,82,156,318
09/29/2000,DHN,AL,ASO,ES,Federal Contract Tower,4,24,34,37,99,1,1,54,25,81,5,25,88,62,180,50,108,158,338
09/30/2000,DHN,AL,ASO,ES,Federal Contract Tower,1,5,8,2,16,2,9,22,0,33,3,14,30,2,49,6,0,6,55
10/01/2000,DHN,AL,ASO,ES,Federal Contract Tower,2,5,8,0,15,2,9,40,0,51,4,14,48,0,66,20,0,20,86
10/02/2000,DHN,AL,ASO,ES,Federal Contract Tower,6,21,28,42,97,0,1,38,10,49,6,22,66,52,146,46,108,154,300
10/03/2000,DHN,AL,ASO,ES,Federal Contract Tower,8,23,30,44,105,0,1,49,64,114,8,24,79,108,219,48,110,158,377
10/04/2000,DHN,AL,ASO,ES,Federal Contract Tower,4,24,32,47,107,0,2,50,45,97,4,26,82,92,204,47,132,179,383
10/05/2000,DHN,AL,ASO,ES,Federal Contract Tower,6,21,29,44,100,0,0,46,52,98,6,21,75,96,198,52,140,192,390
10/06/2000,DHN,AL,ASO,ES,Federal Contract Tower,7,21,40,57,125,0,0,27,42,69,7,21,67,99,194,20,36,56,250
10/07/2000,DHN,AL,ASO,ES,Federal Contract Tower,3,10,13,9,35,2,2,51,0,55,5,12,64,9,90,12,0,12,102
10/08/2000,DHN,AL,ASO,ES,Federal Contract Tower,3,7,10,5,25,3,7,25,0,35,6,14,35,5,60,0,0,0,60
10/09/2000,DHN,AL,ASO,ES,Federal Contract Tower,4,12,17,6,39,2,7,59,0,68,6,19,76,6,107,40,2,42,149
10/10/2000,DHN,AL,ASO,ES,Federal Contract Tower,7,23,37,51,118,0,0,52,48,100,7,23,89,99,218,86,144,230,448
10/11/2000,DHN,AL,ASO,ES,Federal Contract Tower,4,21,33,45,103,0,0,57,45,102,4,21,90,90,205,50,118,168,373
10/12/2000,DHN,AL,ASO,ES,Federal Contract Tower,6,20,32,43,101,0,0,51,16,67,6,20,83,59,168,134,90,224,392
10/13/2000,DHN,AL,ASO,ES,Federal Contract Tower,7,22,30,41,100,0,0,57,19,76,7,22,87,60,176,52,72,124,300
10/14/2000,DHN,AL,ASO,ES,Federal Contract Tower,2,7,10,2,21,3,9,30,0,42,5,16,40,2,63,4,0,4,67
10/15/2000,DHN,AL,ASO,ES,Federal Contract Tower,1,7,9,4,21,3,8,25,0,36,4,15,34,4,57,0,0,0,57
10/16/2000,DHN,AL,ASO,ES,Federal Contract Tower,5,20,28,38,91,2,1,20,50,73,7,21,48,88,164,56,100,156,320
10/17/2000,DHN,AL,ASO,ES,Federal Contract Tower,8,24,37,51,120,1,0,44,46,91,9,24,81,97,211,24,80,104,315
10/18/2000,DHN,AL,ASO,ES,Federal Contract Tower,6,23,36,48,113,0,0,34,26,60,6,23,70,74,173,70,92,162,335
10/19/2000,DHN,AL,ASO,ES,Federal Contract Tower,6,21,37,51,115,0,0,17,38,55,6,21,54,89,170,68,120,188,358
10/20/2000,DHN,AL,ASO,ES,Federal Contract Tower,6,21,37,50,114,0,0,44,23,67,6,21,81,73,181,36,92,128,309
10/21/2000,DHN,AL,ASO,ES,Federal Contract Tower,1,8,9,2,20,6,6,29,0,41,7,14,38,2,61,4,0,4,65
10/22/2000,DHN,AL,ASO,ES,Federal Contract Tower,2,8,12,2,24,2,6,21,0,29,4,14,33,2,53,0,0,0,53
10/23/2000,DHN,AL,ASO,ES,Federal Contract Tower,6,22,31,43,102,0,0,22,56,78,6,22,53,99,180,34,82,116,296
10/24/2000,DHN,AL,ASO,ES,Federal Contract Tower,7,22,36,49,114,0,0,41,25,66,7,22,77,74,180,58,100,158,338
10/25/2000,DHN,AL,ASO,ES,Federal Contract Tower,6,22,37,51,116,0,0,33,29,62,6,22,70,80,178,44,134,178,356
10/26/2000,DHN,AL,ASO,ES,Federal Contract Tower,6,21,30,41,98,0,0,38,39,77,6,21,68,80,175,47,80,127,302
10/27/2000,DHN,AL,ASO,ES,Federal Contract Tower,6,21,36,49,112,0,0,46,42,88,6,21,82,91,200,80,88,168,368
10/28/2000,DHN,AL,ASO,ES,Federal Contract Tower,3,11,16,17,47,2,1,33,0,36,5,12,49,17,83,30,2,32,115
10/29/2000,DHN,AL,ASO,ES,Federal Contract Tower,2,7,10,6,25,2,7,38,0,47,4,14,48,6,72,10,0,10,82
10/30/2000,DHN,AL,ASO,ES,Federal Contract Tower,6,27,38,53,124,0,2,42,42,86,6,29,80,95,210,61,139,200,410
10/31/2000,DHN,AL,ASO,ES,Federal Contract Tower,7,23,32,45,107,0,0,40,33,73,7,23,72,78,180,64,92,156,336
11/01/2000,DHN,AL,ASO,ES,Federal Contract Tower,4,27,42,41,114,0,0,42,11,53,4,27,84,52,167,40,114,154,321
11/02/2000,DHN,AL,ASO,ES,Federal Contract Tower,4,24,56,55,139,0,0,35,54,89,4,24,91,109,228,32,80,112,340
11/03/2000,DHN,AL,ASO,ES,Federal Contract Tower,4,25,45,43,117,0,0,42,44,86,4,25,87,87,203,58,90,148,351
11/04/2000,DHN,AL,ASO,ES,Federal Contract Tower,2,9,15,8,34,3,5,34,0,42,5,14,49,8,76,20,0,20,96
11/05/2000,DHN,AL,ASO,ES,Federal Contract Tower,2,10,15,6,33,0,4,19,0,23,2,14,34,6,56,2,2,4,60
11/06/2000,DHN,AL,ASO,ES,Federal Contract Tower,4,23,49,41,117,0,0,5,0,5,4,23,54,41,122,32,84,116,238
11/07/2000,DHN,AL,ASO,ES,Federal Contract Tower,4,23,35,35,97,0,4,7,27,38,4,27,42,62,135,48,104,152,287
11/08/2000,DHN,AL,ASO,ES,Federal Contract Tower,3,22,33,32,90,0,5,6,29,40,3,27,39,61,130,50,62,112,242
11/09/2000,DHN,AL,ASO,ES,Federal Contract Tower,4,18,27,26,75,1,3,4,2,10,5,21,31,28,85,8,46,54,139
11/10/2000,DHN,AL,ASO,ES,Federal Contract Tower,4,20,30,26,80,0,3,46,0,49,4,23,76,26,129,78,86,164,293
11/11/2000,DHN,AL,ASO,ES,Federal Contract Tower,2,9,14,4,29,3,6,36,0,45,5,15,50,4,74,28,0,28,102
11/12/2000,DHN,AL,ASO,ES,Federal Contract Tower,2,10,16,6,34,0,4,38,0,42,2,14,54,6,76,4,0,4,80
11/13/2000,DHN,AL,ASO,ES,Federal Contract Tower,5,25,38,38,106,0,3,8,35,46,5,28,46,73,152,62,94,156,308
11/14/2000,DHN,AL,ASO,ES,Federal Contract Tower,4,27,40,39,110,0,0,14,43,57,4,27,54,82,167,76,74,150,317
11/15/2000,DHN,AL,ASO,ES,Federal Contract Tower,5,23,38,37,103,0,0,39,25,64,5,23,77,62,167,50,104,154,321
11/16/2000,DHN,AL,ASO,ES,Federal Contract Tower,4,21,43,40,108,0,0,18,23,41,4,21,61,63,149,54,64,118,267
11/17/2000,DHN,AL,ASO,ES,Federal Contract Tower,4,35,58,54,151,0,0,13,38,51,4,35,71,92,202,12,52,64,266
11/18/2000,DHN,AL,ASO,ES,Federal Contract Tower,1,9,14,2,26,2,7,8,0,17,3,16,22,2,43,0,0,0,43
11/19/2000,DHN,AL,ASO,ES,Federal Contract Tower,1,7,10,0,18,1,8,2,0,11,2,15,12,0,29,0,0,0,29
11/20/2000,DHN,AL,ASO,ES,Federal Contract Tower,4,30,54,51,139,0,0,65,27,92,4,30,119,78,231,74,98,172,403
11/21/2000,DHN,AL,ASO,ES,Federal Contract Tower,4,29,46,42,121,0,0,37,52,89,4,29,83,94,210,86,120,206,416
11/22/2000,DHN,AL,ASO,ES,Federal Contract Tower,4,24,42,38,108,0,0,43,25,68,4,24,85,63,176,76,56,132,308
11/23/2000,DHN,AL,ASO,ES,Federal Contract Tower,0,7,9,0,16,3,8,17,0,28,3,15,26,0,44,16,0,16,60
11/24/2000,DHN,AL,ASO,ES,Federal Contract Tower,1,11,15,0,27,1,10,19,0,30,2,21,34,0,57,6,0,6,63
11/25/2000,DHN,AL,ASO,ES,Federal Contract Tower,1,7,11,0,19,3,5,31,0,39,4,12,42,0,58,0,0,0,58
11/26/2000,DHN,AL,ASO,ES,Federal Contract Tower,1,7,12,2,22,1,9,34,0,44,2,16,46,2,66,34,0,34,100
11/27/2000,DHN,AL,ASO,ES,Federal Contract Tower,4,27,42,39,112,0,2,44,37,83,4,29,86,76,195,76,104,180,375
11/28/2000,DHN,AL,ASO,ES,Federal Contract Tower,4,28,47,45,124,0,0,35,39,74,4,28,82,84,198,88,150,238,436
11/29/2000,DHN,AL,ASO,ES,Federal Contract Tower,4,26,43,41,114,0,0,70,25,95,4,26,113,66,209,70,68,138,347
11/30/2000,DHN,AL,ASO,ES,Federal Contract Tower,4,28,47,45,124,0,0,56,36,92,4,28,103,81,216,63,92,155,371
12/01/2000,DHN,AL,ASO,ES,Federal Contract Tower,4,24,32,42,102,0,0,21,60,81,4,24,53,102,183,24,68,92,275
12/02/2000,DHN,AL,ASO,ES,Federal Contract Tower,2,11,10,4,27,1,1,43,0,45,3,12,53,4,72,4,0,4,76
12/03/2000,DHN,AL,ASO,ES,Federal Contract Tower,3,12,11,4,30,0,6,20,0,26,3,18,31,4,56,6,0,6,62
12/04/2000,DHN,AL,ASO,ES,Federal Contract Tower,4,24,29,39,96,0,0,14,59,73,4,24,43,98,169,36,97,133,302
12/05/2000,DHN,AL,ASO,ES,Federal Contract Tower,4,25,35,46,110,0,0,34,36,70,4,25,69,82,180,42,70,112,292
12/06/2000,DHN,AL,ASO,ES,Federal Contract Tower,4,27,41,54,126,0,0,52,47,99,4,27,93,101,225,66,58,124,349
12/07/2000,DHN,AL,ASO,ES,Federal Contract Tower,6,30,37,49,122,0,0,25,48,73,6,30,62,97,195,62,90,152,347
12/08/2000,DHN,AL,ASO,ES,Federal Contract Tower,4,25,31,41,101,0,0,15,24,39,4,25,46,65,140,64,84,148,288
12/09/2000,DHN,AL,ASO,ES,Federal Contract Tower,2,9,9,6,26,1,4,23,0,28,3,13,32,6,54,6,0,6,60
12/10/2000,DHN,AL,ASO,ES,Federal Contract Tower,2,10,10,8,30,0,6,2,0,8,2,16,12,8,38,0,0,0,38
12/11/2000,DHN,AL,ASO,ES,Federal Contract Tower,4,24,18,43,89,0,0,0,28,28,4,24,18,71,117,6,24,30,147
12/12/2000,DHN,AL,ASO,ES,Federal Contract Tower,6,21,41,52,120,0,0,37,30,67,6,21,78,82,187,61,86,147,334
12/13/2000,DHN,AL,ASO,ES,Federal Contract Tower,4,16,40,50,110,0,0,3,68,71,4,16,43,118,181,16,86,102,283
12/14/2000,DHN,AL,ASO,ES,Federal Contract Tower,5,22,44,54,125,0,0,23,26,49,5,22,67,80,174,36,84,120,294
12/15/2000,DHN,AL,ASO,ES,Federal Contract Tower,4,25,29,35,93,0,0,11,10,21,4,25,40,45,114,0,0,0,114
12/16/2000,DHN,AL,ASO,ES,Federal Contract Tower,0,2,0,0,2,0,3,0,0,3,0,5,0,0,5,0,0,0,5
12/17/2000,DHN,AL,ASO,ES,Federal Contract Tower,0,9,9,0,18,0,4,32,0,36,0,13,41,0,54,0,0,0,54
12/18/2000,DHN,AL,ASO,ES,Federal Contract Tower,5,27,29,37,98,0,0,62,50,112,5,27,91,87,210,86,104,190,400
12/19/2000,DHN,AL,ASO,ES,Federal Contract Tower,3,22,27,32,84,0,0,16,9,25,3,22,43,41,109,74,116,190,299
12/20/2000,DHN,AL,ASO,ES,Federal Contract Tower,3,20,21,23,67,1,3,45,0,49,4,23,66,23,116,60,20,80,196
12/21/2000,DHN,AL,ASO,ES,Federal Contract Tower,2,12,13,12,39,2,10,11,0,23,4,22,24,12,62,10,16,26,88
12/22/2000,DHN,AL,ASO,ES,Federal Contract Tower,2,13,14,2,31,4,9,38,0,51,6,22,52,2,82,20,0,20,102
12/23/2000,DHN,AL,ASO,ES,Federal Contract Tower,1,9,9,0,19,2,7,37,0,46,3,16,46,0,65,6,0,6,71
12/24/2000,DHN,AL,ASO,ES,Federal Contract Tower,0,5,6,0,11,0,10,24,0,34,0,15,30,0,45,0,4,4,49
12/25/2000,DHN,AL,ASO,ES,Federal Contract Tower,0,6,6,0,12,4,4,9,0,17,4,10,15,0,29,0,0,0,29
12/26/2000,DHN,AL,ASO,ES,Federal Contract Tower,2,16,16,0,34,2,8,20,0,30,4,24,36,0,64,12,2,14,78
12/27/2000,DHN,AL,ASO,ES,Federal Contract Tower,3,22,22,18,65,2,1,17,0,20,5,23,39,18,85,14,52,66,151
12/28/2000,DHN,AL,ASO,ES,Federal Contract Tower,2,11,9,2,24,2,15,0,0,17,4,26,9,2,41,0,0,0,41
12/29/2000,DHN,AL,ASO,ES,Federal Contract Tower,2,13,15,4,34,4,8,6,0,18,6,21,21,4,52,12,0,12,64
12/30/2000,DHN,AL,ASO,ES,Federal Contract Tower,1,9,11,0,21,3,5,32,0,40,4,14,43,0,61,8,0,8,69
12/31/2000,DHN,AL,ASO,ES,Federal Contract Tower,0,6,8,0,14,0,8,18,0,26,0,14,26,0,40,14,0,14,54
01/01/2001,DHN,AL,ASO,ES,Federal Contract Tower,2,5,7,0,14,0,12,18,0,30,2,17,25,0,44,6,0,6,50
01/02/2001,DHN,AL,ASO,ES,Federal Contract Tower,4,14,15,3,36,0,7,25,0,32,4,21,40,3,68,14,0,14,82
01/03/2001,DHN,AL,ASO,ES,Federal Contract Tower,5,18,21,28,72,1,6,24,11,42,6,24,45,39,114,46,58,104,218
01/04/2001,DHN,AL,ASO,ES,Federal Contract Tower,4,19,21,30,74,0,6,29,10,45,4,25,50,40,119,64,48,112,231
01/05/2001,DHN,AL,ASO,ES,Federal Contract Tower,5,22,26,35,88,0,0,46,28,74,5,22,72,63,162,34,78,112,274
01/06/2001,DHN,AL,ASO,ES,Federal Contract Tower,2,7,7,4,20,1,8,55,0,64,3,15,62,4,84,68,0,68,152
01/07/2001,DHN,AL,ASO,ES,Federal Contract Tower,2,11,11,3,27,2,8,32,0,42,4,19,43,3,69,22,0,22,91
01/08/2001,DHN,AL,ASO,ES,Federal Contract Tower,4,25,34,43,106,0,0,11,23,34,4,25,45,66,140,52,64,116,256
01/09/2001,DHN,AL,ASO,ES,Federal Contract Tower,5,22,37,45,109,0,0,43,26,69,5,22,80,71,178,50,116,166,344
01/10/2001,DHN,AL,ASO,ES,Federal Contract Tower,4,25,30,35,94,0,1,20,30,51,4,26,50,65,145,22,150,172,317
01/11/2001,DHN,AL,ASO,ES,Federal Contract Tower,3,25,32,39,99,0,0,8,13,21,3,25,40,52,120,22,74,96,216
01/12/2001,DHN,AL,ASO,ES,Federal Contract Tower,4,25,38,46,113,0,0,14,22,36,4,25,52,68,149,18,24,42,191
01/13/2001,DHN,AL,ASO,ES,Federal Contract Tower,1,11,12,4,28,4,4,45,0,53,5,15,57,4,81,42,0,42,123
01/14/2001,DHN,AL,ASO,ES,Federal Contract Tower,1,8,9,0,18,1,8,24,0,33,2,16,33,0,51,8,0,8,59
01/15/2001,DHN,AL,ASO,ES,Federal Contract Tower,2,15,18,8,43,2,2,43,0,47,4,17,61,8,90,34,6,40,130
01/16/2001,DHN,AL,ASO,ES,Federal Contract Tower,4,26,33,41,104,0,0,25,2,27,4,26,58,43,131,56,38,94,225
01/17/2001,DHN,AL,ASO,ES,Federal Contract Tower,4,22,40,50,116,0,0,24,84,108,4,22,64,134,224,72,88,160,384
01/18/2001,DHN,AL,ASO,ES,Federal Contract Tower,6,28,43,54,131,3,0,37,30,70,9,28,80,84,201,40,96,136,337
01/19/2001,DHN,AL,ASO,ES,Federal Contract Tower,2,10,13,4,29,0,12,3,0,15,2,22,16,4,44,0,4,4,48
01/20/2001,DHN,AL,ASO,ES,Federal Contract Tower,1,5,8,2,16,2,6,42,0,50,3,11,50,2,66,40,0,40,106
01/21/2001,DHN,AL,ASO,ES,Federal Contract Tower,1,9,12,1,23,1,7,58,0,66,2,16,70,1,89,18,0,18,107
01/22/2001,DHN,AL,ASO,ES,Federal Contract Tower,5,26,32,42,105,1,0,54,35,90,6,26,86,77,195,84,147,231,426
01/23/2001,DHN,AL,ASO,ES,Federal Contract Tower,5,28,35,44,112,0,0,60,16,76,5,28,95,60,188,84,88,172,360
01/24/2001,DHN,AL,ASO,ES,Federal Contract Tower,6,24,49,63,142,0,0,75,23,98,6,24,124,86,240,76,62,138,378
01/25/2001,DHN,AL,ASO,ES,Federal Contract Tower,4,23,37,46,110,0,0,39,27,66,4,23,76,73,176,52,96,148,324
01/26/2001,DHN,AL,ASO,ES,Federal Contract Tower,4,23,35,43,105,0,0,46,64,110,4,23,81,107,215,84,92,176,391
01/27/2001,DHN,AL,ASO,ES,Federal Contract Tower,1,6,9,4,20,3,7,74,0,84,4,13,83,4,104,40,0,40,144
01/28/2001,DHN,AL,ASO,ES,Federal Contract Tower,1,8,11,2,22,1,8,42,0,51,2,16,53,2,73,22,0,22,95
01/29/2001,DHN,AL,ASO,ES,Federal Contract Tower,5,22,31,41,99,0,0,0,35,35,5,22,31,76,134,20,106,126,260
01/30/2001,DHN,AL,ASO,ES,Federal Contract Tower,5,25,35,44,109,0,0,32,58,90,5,25,67,102,199,72,78,150,349
01/31/2001,DHN,AL,ASO,ES,Federal Contract Tower,4,23,42,52,121,0,0,51,26,77,4,23,93,78,198,65,82,147,345
02/01/2001,DHN,AL,ASO,ES,Federal Contract Tower,4,24,41,41,110,0,0,39,22,61,4,24,80,63,171,60,118,178,349
02/02/2001,DHN,AL,ASO,ES,Federal Contract Tower,5,25,48,47,125,1,0,71,14,86,6,25,119,61,211,98,98,196,407
02/03/2001,DHN,AL,ASO,ES,Federal Contract Tower,2,9,15,11,37,2,6,83,0,91,4,15,98,11,128,6,4,10,138
02/04/2001,DHN,AL,ASO,ES,Federal Contract Tower,2,10,17,4,33,0,4,65,0,69,2,14,82,4,102,8,6,14,116
02/05/2001,DHN,AL,ASO,ES,Federal Contract Tower,4,27,46,46,123,0,0,53,57,110,4,27,99,103,233,44,64,108,341
02/06/2001,DHN,AL,ASO,ES,Federal Contract Tower,4,25,40,40,109,0,0,54,27,81,4,25,94,67,190,36,50,86,276
02/07/2001,DHN,AL,ASO,ES,Federal Contract Tower,4,18,30,29,81,0,7,59,17,83,4,25,89,46,164,94,62,156,320
02/08/2001,DHN,AL,ASO,ES,Federal Contract Tower,3,17,27,27,74,1,6,67,14,88,4,23,94,41,162,44,76,120,282
02/09/2001,DHN,AL,ASO,ES,Federal Contract Tower,4,22,36,36,98,0,3,31,19,53,4,25,67,55,151,78,36,114,265
02/10/2001,DHN,AL,ASO,ES,Federal Contract Tower,2,9,16,1,28,4,4,72,0,80,6,13,88,1,108,16,0,16,124
02/11/2001,DHN,AL,ASO,ES,Federal Contract Tower,2,9,14,0,25,0,5,58,0,63,2,14,72,0,88,8,0,8,96
02/12/2001,DHN,AL,ASO,ES,Federal Contract Tower,4,27,56,56,143,0,0,14,32,46,4,27,70,88,189,10,8,18,207
02/13/2001,DHN,AL,ASO,ES,Federal Contract Tower,4,20,17,34,75,0,4,0,20,24,4,24,17,54,99,0,24,24,123
02/14/2001,DHN,AL,ASO,ES,Federal Contract Tower,2,23,37,37,99,0,3,21,3,27,2,26,58,40,126,44,72,116,242
02/15/2001,DHN,AL,ASO,ES,Federal Contract Tower,2,24,52,52,130,0,0,10,15,25,2,24,62,67,155,60,82,142,297
02/16/2001,DHN,AL,ASO,ES,Federal Contract Tower,4,21,35,33,93,1,5,10,4,20,5,26,45,37,113,24,60,84,197
02/17/2001,DHN,AL,ASO,ES,Federal Contract Tower,1,8,12,0,21,3,8,28,0,39,4,16,40,0,60,16,0,16,76
02/18/2001,DHN,AL,ASO,ES,Federal Contract Tower,1,12,19,0,32,1,2,68,0,71,2,14,87,0,103,0,0,0,103
02/19/2001,DHN,AL,ASO,ES,Federal Contract Tower,2,12,20,3,37,2,4,41,0,47,4,16,61,3,84,36,0,36,120
02/20/2001,DHN,AL,ASO,ES,Federal Contract Tower,4,26,44,40,114,0,0,39,0,39,4,26,83,40,153,140,130,270,423
02/21/2001,DHN,AL,ASO,ES,Federal Contract Tower,4,28,53,51,136,0,0,12,15,27,4,28,65,66,163,62,78,140,303
02/22/2001,DHN,AL,ASO,ES,Federal Contract Tower,3,27,45,43,118,0,0,35,11,46,3,27,80,54,164,48,46,94,258
02/23/2001,DHN,AL,ASO,ES,Federal Contract Tower,4,24,48,46,122,0,0,32,49,81,4,24,80,95,203,68,84,152,355
02/24/2001,DHN,AL,ASO,ES,Federal Contract Tower,2,13,21,4,40,2,2,10,0,14,4,15,31,4,54,14,0,14,68
02/25/2001,DHN,AL,ASO,ES,Federal Contract Tower,0,5,8,6,19,0,6,6,0,12,0,11,14,6,31,0,0,0,31
02/26/2001,DHN,AL,ASO,ES,Federal Contract Tower,2,18,45,44,109,0,0,10,38,48,2,18,55,82,157,90,132,222,379
02/27/2001,DHN,AL,ASO,ES,Federal Contract Tower,4,21,43,42,110,0,0,50,63,113,4,21,93,105,223,88,110,198,421
02/28/2001,DHN,AL,ASO,ES,Federal Contract Tower,4,21,59,56,140,0,0,26,64,90,4,21,85,120,230,63,136,199,429
03/01/2001,DHN,AL,ASO,ES,Federal Contract Tower,5,15,31,36,87,0,7,17,7,31,5,22,48,43,118,90,88,178,296
03/02/2001,DHN,AL,ASO,ES,Federal Contract Tower,6,17,38,45,106,0,0,35,15,50,6,17,73,60,156,74,68,142,298
03/03/2001,DHN,AL,ASO,ES,Federal Contract Tower,1,1,0,0,2,4,4,0,0,8,5,5,0,0,10,0,0,0,10
03/04/2001,DHN,AL,ASO,ES,Federal Contract Tower,2,3,7,10,22,0,4,18,0,22,2,7,25,10,44,0,16,16,60
03/05/2001,DHN,AL,ASO,ES,Federal Contract Tower,4,11,23,17,55,0,8,58,0,66,4,19,81,17,121,16,26,42,163
03/06/2001,DHN,AL,ASO,ES,Federal Contract Tower,4,19,41,49,113,0,0,47,23,70,4,19,88,72,183,28,138,166,349
03/07/2001,DHN,AL,ASO,ES,Federal Contract Tower,4,14,29,35,82,0,3,40,23,66,4,17,69,58,148,46,84,130,278
03/08/2001,DHN,AL,ASO,ES,Federal Contract Tower,4,18,37,44,103,0,0,69,27,96,4,18,106,71,199,136,70,206,405
03/09/2001,DHN,AL,ASO,ES,Federal Contract Tower,4,16,32,36,88,0,0,25,0,25,4,16,57,36,113,84,32,116,229
03/10/2001,DHN,AL,ASO,ES,Federal Contract Tower,2,5,10,5,22,1,2,59,0,62,3,7,69,5,84,26,0,26,110
03/11/2001,DHN,AL,ASO,ES,Federal Contract Tower,2,3,7,1,13,0,5,44,0,49,2,8,51,1,62,26,0,26,88
03/12/2001,DHN,AL,ASO,ES,Federal Contract Tower,2,3,8,3,16,2,8,4,0,14,4,11,12,3,30,6,6,12,42
03/13/2001,DHN,AL,ASO,ES,Federal Contract Tower,6,16,36,41,99,0,0,41,19,60,6,16,77,60,159,106,38,144,303
03/14/2001,DHN,AL,ASO,ES,Federal Contract Tower,5,17,38,43,103,0,0,25,18,43,5,17,63,61,146,79,90,169,315
03/15/2001,DHN,AL,ASO,ES,Federal Contract Tower,4,16,33,37,90,1,0,18,14,33,5,16,51,51,123,66,98,164,287
03/16/2001,DHN,AL,ASO,ES,Federal Contract Tower,5,16,35,39,95,0,0,68,17,85,5,16,103,56,180,74,126,200,380
03/17/2001,DHN,AL,ASO,ES,Federal Contract Tower,2,7,14,7,30,1,3,50,0,54,3,10,64,7,84,18,2,20,104
03/18/2001,DHN,AL,ASO,ES,Federal Contract Tower,1,5,9,4,19,1,3,23,0,27,2,8,32,4,46,8,0,8,54
03/19/2001,DHN,AL,ASO,ES,Federal Contract Tower,4,16,16,35,71,0,1,0,30,31,4,17,16,65,102,4,78,82,184
03/20/2001,DHN,AL,ASO,ES,Federal Contract Tower,4,12,20,32,68,0,0,0,33,33,4,12,20,65,101,108,26,134,235
03/21/2001,DHN,AL,ASO,ES,Federal Contract Tower,4,16,48,54,122,0,0,30,46,76,4,16,78,100,198,142,90,232,430
03/22/2001,DHN,AL,ASO,ES,Federal Contract Tower,4,12,40,46,102,0,0,47,16,63,4,12,87,62,165,124,134,258,423
03/23/2001,DHN,AL,ASO,ES,Federal Contract Tower,4,16,34,39,93,3,0,49,19,71,7,16,83,58,164,118,84,202,366
03/24/2001,DHN,AL,ASO,ES,Federal Contract Tower,2,8,16,4,30,2,0,79,0,81,4,8,95,4,111,40,0,40,151
03/25/2001,DHN,AL,ASO,ES,Federal Contract Tower,1,7,12,0,20,1,1,39,0,41,2,8,51,0,61,14,0,14,75
03/26/2001,DHN,AL,ASO,ES,Federal Contract Tower,4,17,36,42,99,0,0,29,52,81,4,17,65,94,180,76,124,200,380
03/27/2001,DHN,AL,ASO,ES,Federal Contract Tower,2,20,40,45,107,0,1,49,45,95,2,21,89,90,202,76,94,170,372
03/28/2001,DHN,AL,ASO,ES,Federal Contract Tower,3,19,56,63,141,0,0,5,69,74,3,19,61,132,215,28,79,107,322
03/29/2001,DHN,AL,ASO,ES,Federal Contract Tower,4,14,24,35,77,0,4,0,10,14,4,18,24,45,91,0,4,4,95
03/30/2001,DHN,AL,ASO,ES,Federal Contract Tower,5,20,41,47,113,1,2,4,17,24,6,22,45,64,137,56,66,122,259
03/31/2001,DHN,AL,ASO,ES,Federal Contract Tower,2,9,20,6,37,2,0,48,0,50,4,9,68,6,87,22,0,22,109
04/01/2001,DHN,AL,ASO,ES,Federal Contract Tower,0,0,0,0,0,1,9,60,0,70,1,9,60,0,70,28,0,28,98
04/02/2001,DHN,AL,ASO,ES,Federal Contract Tower,2,20,42,46,110,0,0,65,10,75,2,20,107,56,185,74,80,154,339
04/03/2001,DHN,AL,ASO,ES,Federal Contract Tower,1,15,36,39,91,0,0,48,6,54,1,15,84,45,145,148,94,242,387
04/04/2001,DHN,AL,ASO,ES,Federal Contract Tower,2,12,25,21,60,0,10,28,0,38,2,22,53,21,98,126,30,156,254
04/05/2001,DHN,AL,ASO,ES,Federal Contract Tower,2,19,44,48,113,0,0,33,11,44,2,19,77,59,157,126,68,194,351
04/06/2001,DHN,AL,ASO,ES,Federal Contract Tower,2,21,44,49,116,0,0,41,25,66,2,21,85,74,182,136,94,230,412
04/07/2001,DHN,AL,ASO,ES,Federal Contract Tower,0,7,14,2,23,1,4,36,0,41,1,11,50,2,64,38,6,44,108
04/08/2001,DHN,AL,ASO,ES,Federal Contract Tower,0,7,11,0,18,0,4,36,0,40,0,11,47,0,58,14,0,14,72
04/09/2001,DHN,AL,ASO,ES,Federal Contract Tower,2,21,42,46,111,0,3,42,35,80,2,24,84,81,191,52,54,106,297
04/10/2001,DHN,AL,ASO,ES,Federal Contract Tower,2,20,51,55,128,0,0,44,34,78,2,20,95,89,206,80,22,102,308
04/11/2001,DHN,AL,ASO,ES,Federal Contract Tower,2,20,43,46,111,0,0,48,40,88,2,20,91,86,199,72,58,130,329
04/12/2001,DHN,AL,ASO,ES,Federal Contract Tower,3,19,54,56,132,0,0,5,27,32,3,19,59,83,164,110,72,182,346
04/13/2001,DHN,AL,ASO,ES,Federal Contract Tower,2,18,40,41,101,0,0,17,27,44,2,18,57,68,145,34,56,90,235
04/14/2001,DHN,AL,ASO,ES,Federal Contract Tower,0,7,12,2,21,2,3,59,0,64,2,10,71,2,85,18,0,18,103
04/15/2001,DHN,AL,ASO,ES,Federal Contract Tower,0,4,7,0,11,0,5,8,0,13,0,9,15,0,24,8,0,8,32
04/16/2001,DHN,AL,ASO,ES,Federal Contract Tower,2,16,34,35,87,0,4,24,48,76,2,20,58,83,163,2,26,28,191
04/17/2001,DHN,AL,ASO,ES,Federal Contract Tower,1,18,38,40,97,0,5,27,18,50,1,23,65,58,147,58,176,234,381
04/18/2001,DHN,AL,ASO,ES,Federal Contract Tower,2,22,46,48,118,0,0,66,41,107,2,22,112,89,225,126,162,288,513
04/19/2001,DHN,AL,ASO,ES,Federal Contract Tower,2,20,49,51,122,2,0,37,39,78,4,20,86,90,200,113,134,247,447
04/20/2001,DHN,AL,ASO,ES,Federal Contract Tower,1,19,38,40,98,2,1,48,26,77,3,20,86,66,175,118,112,230,405
04/21/2001,DHN,AL,ASO,ES,Federal Contract Tower,0,6,12,11,29,2,4,25,18,49,2,10,37,29,78,24,10,34,112
04/22/2001,DHN,AL,ASO,ES,Federal Contract Tower,0,6,12,2,20,0,1,35,0,36,0,7,47,2,56,10,10,20,76
04/23/2001,DHN,AL,ASO,ES,Federal Contract Tower,2,20,49,52,123,0,0,43,35,78,2,20,92,87,201,84,76,160,361
04/24/2001,DHN,AL,ASO,ES,Federal Contract Tower,2,19,59,63,143,0,0,17,32,49,2,19,76,95,192,80,126,206,398
04/25/2001,DHN,AL,ASO,ES,Federal Contract Tower,2,21,67,71,161,0,0,33,27,60,2,21,100,98,221,92,66,158,379
04/26/2001,DHN,AL,ASO,ES,Federal Contract Tower,2,20,47,50,119,0,0,68,41,109,2,20,115,91,228,50,90,140,368
04/27/2001,DHN,AL,ASO,ES,Federal Contract Tower,2,20,47,42,111,0,0,57,0,57,2,20,104,42,168,88,98,186,354
04/28/2001,DHN,AL,ASO,ES,Federal Contract Tower,0,9,18,5,32,0,1,54,0,55,0,10,72,5,87,44,0,44,131
04/29/2001,DHN,AL,ASO,ES,Federal Contract Tower,0,6,12,13,31,1,4,29,0,34,1,10,41,13,65,18,0,18,83
04/30/2001,DHN,AL,ASO,ES,Federal Contract Tower,1,16,34,36,87,0,4,34,9,47,1,20,68,45,134,94,6,100,234
05/01/2001,DHN,AL,ASO,ES,Federal Contract Tower,2,18,34,38,92,1,2,44,11,58,3,20,78,49,150,98,82,180,330
05/02/2001,DHN,AL,ASO,ES,Federal Contract Tower,2,15,27,31,75,0,4,31,23,58,2,19,58,54,133,90,120,210,343
05/03/2001,DHN,AL,ASO,ES,Federal Contract Tower,2,22,42,47,113,0,0,73,11,84,2,22,115,58,197,77,168,245,442
05/04/2001,DHN,AL,ASO,ES,Federal Contract Tower,0,19,39,45,103,0,0,42,27,69,0,19,81,72,172,84,167,251,423
05/05/2001,DHN,AL,ASO,ES,Federal Contract Tower,1,7,12,2,22,0,4,39,0,43,1,11,51,2,65,6,0,6,71
05/06/2001,DHN,AL,ASO,ES,Federal Contract Tower,1,7,12,7,27,0,2,42,0,44,1,9,54,7,71,10,0,10,81
05/07/2001,DHN,AL,ASO,ES,Federal Contract Tower,2,19,38,43,102,0,0,21,15,36,2,19,59,58,138,78,114,192,330
05/08/2001,DHN,AL,ASO,ES,Federal Contract Tower,2,20,42,47,111,0,0,32,32,64,2,20,74,79,175,66,142,208,383
05/09/2001,DHN,AL,ASO,ES,Federal Contract Tower,2,19,39,44,104,0,0,33,62,95,2,19,72,106,199,152,176,328,527
05/10/2001,DHN,AL,ASO,ES,Federal Contract Tower,2,26,67,75,170,0,0,33,32,65,2,26,100,107,235,64,98,162,397
05/11/2001,DHN,AL,ASO,ES,Federal Contract Tower,1,18,34,38,91,0,2,39,29,70,1,20,73,67,161,58,156,214,375
05/12/2001,DHN,AL,ASO,ES,Federal Contract Tower,1,8,15,2,26,2,6,32,0,40,3,14,47,2,66,26,0,26,92
05/13/2001,DHN,AL,ASO,ES,Federal Contract Tower,1,6,14,5,26,0,3,58,0,61,1,9,72,5,87,8,0,8,95
05/14/2001,DHN,AL,ASO,ES,Federal Contract Tower,2,19,37,40,98,0,3,34,6,43,2,22,71,46,141,106,130,236,377
05/15/2001,DHN,AL,ASO,ES,Federal Contract Tower,2,21,45,48,116,0,0,46,50,96,2,21,91,98,212,78,128,206,418
05/16/2001,DHN,AL,ASO,ES,Federal Contract Tower,2,20,45,48,115,0,0,51,39,90,2,20,96,87,205,46,82,128,333
05/17/2001,DHN,AL,ASO,ES,Federal Contract Tower,1,23,51,55,130,0,0,39,19,58,1,23,90,74,188,80,170,250,438
05/18/2001,DHN,AL,ASO,ES,Federal Contract Tower,2,19,68,73,162,0,0,21,49,70,2,19,89,122,232,52,132,184,416
05/19/2001,DHN,AL,ASO,ES,Federal Contract Tower,0,4,7,0,11,1,6,9,0,16,1,10,16,0,27,36,0,36,63
05/20/2001,DHN,AL,ASO,ES,Federal Contract Tower,0,7,12,2,21,2,2,19,0,23,2,9,31,2,44,0,0,0,44
05/21/2001,DHN,AL,ASO,ES,Federal Contract Tower,2,16,35,39,92,2,0,6,46,54,4,16,41,85,146,36,96,132,278
05/22/2001,DHN,AL,ASO,ES,Federal Contract Tower,0,17,35,37,89,0,0,8,23,31,0,17,43,60,120,66,68,134,254
05/23/2001,DHN,AL,ASO,ES,Federal Contract Tower,1,17,32,35,85,3,2,14,16,35,4,19,46,51,120,48,70,118,238
05/24/2001,DHN,AL,ASO,ES,Federal Contract Tower,2,19,47,52,120,0,0,37,24,61,2,19,84,76,181,100,118,218,399
05/25/2001,DHN,AL,ASO,ES,Federal Contract Tower,1,16,33,11,61,2,7,42,0,51,3,23,75,11,112,40,46,86,198
05/26/2001,DHN,AL,ASO,ES,Federal Contract Tower,0,5,12,0,17,2,6,37,0,45,2,11,49,0,62,8,0,8,70
05/27/2001,DHN,AL,ASO,ES,Federal Contract Tower,0,6,13,1,20,1,4,38,0,43,1,10,51,1,63,12,2,14,77
05/28/2001,DHN,AL,ASO,ES,Federal Contract Tower,0,6,12,3,21,2,3,22,0,27,2,9,34,3,48,12,0,12,60
05/29/2001,DHN,AL,ASO,ES,Federal Contract Tower,2,19,36,41,98,0,1,22,44,67,2,20,58,85,165,40,106,146,311
05/30/2001,DHN,AL,ASO,ES,Federal Contract Tower,2,19,37,41,99,0,1,38,11,50,2,20,75,52,149,82,130,212,361
05/31/2001,DHN,AL,ASO,ES,Federal Contract Tower,2,19,37,42,100,0,0,43,33,76,2,19,80,75,176,126,162,288,464
06/01/2001,DHN,AL,ASO,ES,Federal Contract Tower,1,5,10,12,28,0,18,54,68,140,1,23,64,80,168,34,32,66,234
06/02/2001,DHN,AL,ASO,ES,Federal Contract Tower,1,9,41,5,56,0,0,58,0,58,1,9,99,5,114,10,0,10,124
06/03/2001,DHN,AL,ASO,ES,Federal Contract Tower,0,8,29,4,41,0,0,42,0,42,0,8,71,4,83,22,0,22,105
06/04/2001,DHN,AL,ASO,ES,Federal Contract Tower,0,4,8,9,21,0,22,70,38,130,0,26,78,47,151,66,62,128,279
06/05/2001,DHN,AL,ASO,ES,Federal Contract Tower,2,16,33,35,86,0,3,53,10,66,2,19,86,45,152,100,106,206,358
06/06/2001,DHN,AL,ASO,ES,Federal Contract Tower,0,20,58,61,139,0,0,16,7,23,0,20,74,68,162,122,96,218,380
06/07/2001,DHN,AL,ASO,ES,Federal Contract Tower,2,12,25,27,66,0,7,24,49,80,2,19,49,76,146,78,184,262,408
06/08/2001,DHN,AL,ASO,ES,Federal Contract Tower,1,4,8,9,22,1,15,38,63,117,2,19,46,72,139,78,30,108,247
06/09/2001,DHN,AL,ASO,ES,Federal Contract Tower,1,14,13,4,32,0,0,0,0,0,1,14,13,4,32,18,0,18,50
06/10/2001,DHN,AL,ASO,ES,Federal Contract Tower,0,10,23,8,41,0,0,0,0,0,0,10,23,8,41,0,0,0,41
06/11/2001,DHN,AL,ASO,ES,Federal Contract Tower,2,18,36,36,92,0,0,0,0,0,2,18,36,36,92,8,0,8,100
06/12/2001,DHN,AL,ASO,ES,Federal Contract Tower,2,19,46,46,113,0,0,30,34,64,2,19,76,80,177,32,84,116,293
06/13/2001,DHN,AL,ASO,ES,Federal Contract Tower,2,20,57,58,137,0,0,22,27,49,2,20,79,85,186,96,118,214,400
06/14/2001,DHN,AL,ASO,ES,Federal Contract Tower,0,10,21,21,52,0,9,45,77,131,0,19,66,98,183,30,102,132,315
06/15/2001,DHN,AL,ASO,ES,Federal Contract Tower,1,11,22,23,57,1,7,84,96,188,2,18,106,119,245,66,196,262,507
06/16/2001,DHN,AL,ASO,ES,Federal Contract Tower,1,12,44,4,61,0,0,27,0,27,1,12,71,4,88,18,0,18,106
06/17/2001,DHN,AL,ASO,ES,Federal Contract Tower,1,9,44,1,55,0,0,25,0,25,1,9,69,1,80,32,0,32,112
06/18/2001,DHN,AL,ASO,ES,Federal Contract Tower,2,19,44,44,109,0,0,22,26,48,2,19,66,70,157,52,164,216,373
06/19/2001,DHN,AL,ASO,ES,Federal Contract Tower,1,19,38,38,96,2,1,32,21,56,3,20,70,59,152,70,132,202,354
06/20/2001,DHN,AL,ASO,ES,Federal Contract Tower,1,19,40,40,100,1,1,45,33,80,2,20,85,73,180,96,36,132,312
06/21/2001,DHN,AL,ASO,ES,Federal Contract Tower,0,7,13,12,32,2,16,74,73,165,2,23,87,85,197,116,81,197,394
06/22/2001,DHN,AL,ASO,ES,Federal Contract Tower,0,4,7,7,18,0,14,47,64,125,0,18,54,71,143,80,48,128,271
06/23/2001,DHN,AL,ASO,ES,Federal Contract Tower,1,12,38,5,56,0,0,20,0,20,1,12,58,5,76,10,0,10,86
06/24/2001,DHN,AL,ASO,ES,Federal Contract Tower,1,9,36,0,46,0,0,0,0,0,1,9,36,0,46,0,0,0,46
06/25/2001,DHN,AL,ASO,ES,Federal Contract Tower,2,18,40,41,101,0,0,39,50,89,2,18,79,91,190,46,50,96,286
06/26/2001,DHN,AL,ASO,ES,Federal Contract Tower,2,18,42,45,107,0,0,39,14,53,2,18,81,59,160,78,118,196,356
06/27/2001,DHN,AL,ASO,ES,Federal Contract Tower,2,19,41,43,105,3,5,32,50,90,5,24,73,93,195,38,114,152,347
06/28/2001,DHN,AL,ASO,ES,Federal Contract Tower,0,8,17,18,43,6,13,66,73,158,6,21,83,91,201,144,78,222,423
06/29/2001,DHN,AL,ASO,ES,Federal Contract Tower,0,7,15,16,38,3,11,57,81,152,3,18,72,97,190,76,122,198,388
06/30/2001,DHN,AL,ASO,ES,Federal Contract Tower,0,13,30,2,45,0,1,3,0,4,0,14,33,2,49,0,0,0,49
07/01/2001,DHN,AL,ASO,ES,Federal Contract Tower,0,5,10,3,18,0,5,21,0,26,0,10,31,3,44,12,0,12,56
07/02/2001,DHN,AL,ASO,ES,Federal Contract Tower,3,18,41,44,106,0,0,40,28,68,3,18,81,72,174,70,138,208,382
07/03/2001,DHN,AL,ASO,ES,Federal Contract Tower,1,14,30,31,76,0,7,45,3,55,1,21,75,34,131,72,100,172,303
07/04/2001,DHN,AL,ASO,ES,Federal Contract Tower,0,5,8,0,13,0,2,17,0,19,0,7,25,0,32,0,0,0,32
07/05/2001,DHN,AL,ASO,ES,Federal Contract Tower,0,15,33,36,84,0,1,30,59,90,0,16,63,95,174,58,100,158,332
07/06/2001,DHN,AL,ASO,ES,Federal Contract Tower,3,19,57,61,140,1,0,39,14,54,4,19,96,75,194,70,126,196,390
07/07/2001,DHN,AL,ASO,ES,Federal Contract Tower,0,11,25,2,38,0,0,57,0,57,0,11,82,2,95,18,0,18,113
07/08/2001,DHN,AL,ASO,ES,Federal Contract Tower,0,4,8,3,15,0,5,26,0,31,0,9,34,3,46,20,0,20,66
07/09/2001,DHN,AL,ASO,ES,Federal Contract Tower,2,16,38,41,97,0,0,58,36,94,2,16,96,77,191,70,166,236,427
07/10/2001,DHN,AL,ASO,ES,Federal Contract Tower,1,19,45,48,113,0,0,42,16,58,1,19,87,64,171,74,70,144,315
07/11/2001,DHN,AL,ASO,ES,Federal Contract Tower,2,24,52,56,134,0,3,31,19,53,2,27,83,75,187,108,114,222,409
07/12/2001,DHN,AL,ASO,ES,Federal Contract Tower,1,20,45,47,113,0,0,71,83,154,1,20,116,130,267,60,126,186,453
07/13/2001,DHN,AL,ASO,ES,Federal Contract Tower,3,20,57,59,139,0,0,46,31,77,3,20,103,90,216,58,100,158,374
07/14/2001,DHN,AL,ASO,ES,Federal Contract Tower,0,9,21,0,30,0,1,70,0,71,0,10,91,0,101,34,0,34,135
07/15/2001,DHN,AL,ASO,ES,Federal Contract Tower,1,11,22,22,56,0,1,46,0,47,1,12,68,22,103,12,2,14,117
07/16/2001,DHN,AL,ASO,ES,Federal Contract Tower,2,18,43,45,108,0,0,48,21,69,2,18,91,66,177,96,88,184,361
07/17/2001,DHN,AL,ASO,ES,Federal Contract Tower,2,20,44,45,111,0,0,39,20,59,2,20,83,65,170,106,98,204,374
07/18/2001,DHN,AL,ASO,ES,Federal Contract Tower,2,21,43,45,111,0,2,25,18,45,2,23,68,63,156,72,111,183,339
07/19/2001,DHN,AL,ASO,ES,Federal Contract Tower,1,16,38,39,94,3,0,37,43,83,4,16,75,82,177,48,142,190,367
07/20/2001,DHN,AL,ASO,ES,Federal Contract Tower,0,20,39,40,99,0,1,8,42,51,0,21,47,82,150,40,80,120,270
07/21/2001,DHN,AL,ASO,ES,Federal Contract Tower,0,6,13,3,22,1,5,15,0,21,1,11,28,3,43,12,0,12,55
07/22/2001,DHN,AL,ASO,ES,Federal Contract Tower,0,4,7,4,15,1,6,30,0,37,1,10,37,4,52,22,8,30,82
07/23/2001,DHN,AL,ASO,ES,Federal Contract Tower,1,18,38,39,96,9,0,24,40,73,10,18,62,79,169,46,124,170,339
07/24/2001,DHN,AL,ASO,ES,Federal Contract Tower,2,20,53,56,131,5,0,9,24,38,7,20,62,80,169,12,0,12,181
07/25/2001,DHN,AL,ASO,ES,Federal Contract Tower,0,18,40,42,100,0,0,36,36,72,0,18,76,78,172,54,154,208,380
07/26/2001,DHN,AL,ASO,ES,Federal Contract Tower,2,17,42,45,106,0,0,34,29,63,2,17,76,74,169,44,112,156,325
07/27/2001,DHN,AL,ASO,ES,Federal Contract Tower,2,19,41,43,105,1,2,35,14,52,3,21,76,57,157,66,96,162,319
07/28/2001,DHN,AL,ASO,ES,Federal Contract Tower,0,8,17,2,27,0,3,22,0,25,0,11,39,2,52,30,0,30,82
07/29/2001,DHN,AL,ASO,ES,Federal Contract Tower,0,7,15,4,26,0,0,21,0,21,0,7,36,4,47,20,0,20,67
07/30/2001,DHN,AL,ASO,ES,Federal Contract Tower,1,13,30,31,75,0,4,47,12,63,1,17,77,43,138,76,108,184,322
07/31/2001,DHN,AL,ASO,ES,Federal Contract Tower,2,21,47,52,122,0,0,0,13,13,2,21,47,65,135,18,88,106,241
08/01/2001,DHN,AL,ASO,ES,Federal Contract Tower,1,19,41,38,99,0,0,29,34,63,1,19,70,72,162,64,122,186,348
08/02/2001,DHN,AL,ASO,ES,Federal Contract Tower,2,19,41,38,100,2,0,67,3,72,4,19,108,41,172,68,36,104,276
08/03/2001,DHN,AL,ASO,ES,Federal Contract Tower,2,22,56,52,132,0,0,18,20,38,2,22,74,72,170,60,70,130,300
08/04/2001,DHN,AL,ASO,ES,Federal Contract Tower,1,10,33,0,44,0,0,73,0,73,1,10,106,0,117,14,0,14,131
08/05/2001,DHN,AL,ASO,ES,Federal Contract Tower,0,5,13,5,23,0,4,22,0,26,0,9,35,5,49,4,0,4,53
08/06/2001,DHN,AL,ASO,ES,Federal Contract Tower,1,4,9,0,14,2,7,6,0,15,3,11,15,0,29,0,0,0,29
08/07/2001,DHN,AL,ASO,ES,Federal Contract Tower,2,20,46,42,110,0,1,37,0,38,2,21,83,42,148,66,60,126,274
08/08/2001,DHN,AL,ASO,ES,Federal Contract Tower,2,21,49,46,118,0,1,28,12,41,2,22,77,58,159,94,144,238,397
08/09/2001,DHN,AL,ASO,ES,Federal Contract Tower,3,19,57,53,132,2,0,30,8,40,5,19,87,61,172,68,102,170,342
08/10/2001,DHN,AL,ASO,ES,Federal Contract Tower,2,18,48,44,112,0,0,7,2,9,2,18,55,46,121,154,96,250,371
08/11/2001,DHN,AL,ASO,ES,Federal Contract Tower,0,4,10,2,16,0,6,12,0,18,0,10,22,2,34,38,0,38,72
08/12/2001,DHN,AL,ASO,ES,Federal Contract Tower,0,9,20,4,33,0,2,30,0,32,0,11,50,4,65,78,0,78,143
08/13/2001,DHN,AL,ASO,ES,Federal Contract Tower,1,16,47,42,106,0,0,21,47,68,1,16,68,89,174,94,64,158,332
08/14/2001,DHN,AL,ASO,ES,Federal Contract Tower,2,19,45,40,106,0,1,22,36,59,2,20,67,76,165,82,106,188,353
08/15/2001,DHN,AL,ASO,ES,Federal Contract Tower,2,18,41,36,97,1,1,63,44,109,3,19,104,80,206,120,74,194,400
08/16/2001,DHN,AL,ASO,ES,Federal Contract Tower,3,19,56,50,128,3,0,26,17,46,6,19,82,67,174,102,94,196,370
08/17/2001,DHN,AL,ASO,ES,Federal Contract Tower,2,19,69,62,152,0,0,7,15,22,2,19,76,77,174,56,126,182,356
08/18/2001,DHN,AL,ASO,ES,Federal Contract Tower,0,6,11,0,17,0,6,30,0,36,0,12,41,0,53,6,0,6,59
08/19/2001,DHN,AL,ASO,ES,Federal Contract Tower,0,6,13,2,21,0,5,19,0,24,0,11,32,2,45,16,0,16,61
08/20/2001,DHN,AL,ASO,ES,Federal Contract Tower,1,16,36,31,84,1,1,8,37,47,2,17,44,68,131,100,96,196,327
08/21/2001,DHN,AL,ASO,ES,Federal Contract Tower,2,22,54,47,125,0,0,29,27,56,2,22,83,74,181,62,110,172,353
08/22/2001,DHN,AL,ASO,ES,Federal Contract Tower,1,20,46,41,108,1,0,36,63,100,2,20,82,104,208,92,148,240,448
08/23/2001,DHN,AL,ASO,ES,Federal Contract Tower,2,21,49,43,115,0,0,26,41,67,2,21,75,84,182,114,78,192,374
08/24/2001,DHN,AL,ASO,ES,Federal Contract Tower,2,21,49,43,115,0,1,60,34,95,2,22,109,77,210,156,72,228,438
08/25/2001,DHN,AL,ASO,ES,Federal Contract Tower,0,6,13,3,22,1,5,34,0,40,1,11,47,3,62,36,8,44,106
08/26/2001,DHN,AL,ASO,ES,Federal Contract Tower,0,5,12,5,22,1,5,26,0,32,1,10,38,5,54,10,0,10,64
08/27/2001,DHN,AL,ASO,ES,Federal Contract Tower,0,18,42,38,98,0,0,21,62,83,0,18,63,100,181,86,134,220,401
08/28/2001,DHN,AL,ASO,ES,Federal Contract Tower,1,18,41,37,97,1,3,40,38,82,2,21,81,75,179,96,92,188,367
08/29/2001,DHN,AL,ASO,ES,Federal Contract Tower,0,21,73,66,160,0,0,11,8,19,0,21,84,74,179,122,118,240,419
08/30/2001,DHN,AL,ASO,ES,Federal Contract Tower,1,19,45,41,106,1,0,54,41,96,2,19,99,82,202,95,72,167,369
08/31/2001,DHN,AL,ASO,ES,Federal Contract Tower,0,12,29,25,66,0,9,39,8,56,0,21,68,33,122,42,22,64,186
09/01/2001,DHN,AL,ASO,ES,Federal Contract Tower,2,6,11,2,21,1,6,37,0,44,3,12,48,2,65,4,0,4,69
09/02/2001,DHN,AL,ASO,ES,Federal Contract Tower,1,3,3,0,7,0,3,20,0,23,1,6,23,0,30,0,0,0,30
09/03/2001,DHN,AL,ASO,ES,Federal Contract Tower,1,6,7,2,16,3,7,16,0,26,4,13,23,2,42,4,0,4,46
09/04/2001,DHN,AL,ASO,ES,Federal Contract Tower,3,17,31,45,96,0,0,7,34,41,3,17,38,79,137,54,16,70,207
09/05/2001,DHN,AL,ASO,ES,Federal Contract Tower,1,18,30,44,93,0,1,42,24,67,1,19,72,68,160,90,52,142,302
09/06/2001,DHN,AL,ASO,ES,Federal Contract Tower,3,18,27,40,88,1,0,35,30,66,4,18,62,70,154,64,28,92,246
09/07/2001,DHN,AL,ASO,ES,Federal Contract Tower,3,18,32,48,101,0,0,60,8,68,3,18,92,56,169,26,34,60,229
09/08/2001,DHN,AL,ASO,ES,Federal Contract Tower,1,6,9,0,16,0,5,35,0,40,1,11,44,0,56,20,0,20,76
09/09/2001,DHN,AL,ASO,ES,Federal Contract Tower,1,7,12,10,30,0,3,54,0,57,1,10,66,10,87,38,0,38,125
09/10/2001,DHN,AL,ASO,ES,Federal Contract Tower,3,14,23,34,74,0,1,26,32,59,3,15,49,66,133,80,58,138,271
09/11/2001,DHN,AL,ASO,ES,Federal Contract Tower,1,4,6,10,21,1,1,7,1,10,2,5,13,11,31,10,26,36,67
09/12/2001,DHN,AL,ASO,ES,Federal Contract Tower,0,0,0,0,0,0,0,0,0,0,0,0,0,0,0,0,0,0,0
09/13/2001,DHN,AL,ASO,ES,Federal Contract Tower,1,6,1,15,23,0,2,0,24,26,1,8,1,39,49,0,46,46,95
09/14/2001,DHN,AL,ASO,ES,Federal Contract Tower,3,21,2,46,72,0,1,0,99,100,3,22,2,145,172,0,108,108,280
09/15/2001,DHN,AL,ASO,ES,Federal Contract Tower,0,7,11,8,26,0,7,5,0,12,0,14,16,8,38,0,0,0,38
09/16/2001,DHN,AL,ASO,ES,Federal Contract Tower,1,7,11,1,20,1,3,22,0,26,2,10,33,1,46,0,0,0,46
09/17/2001,DHN,AL,ASO,ES,Federal Contract Tower,3,17,42,59,121,0,0,34,39,73,3,17,76,98,194,0,68,68,262
09/18/2001,DHN,AL,ASO,ES,Federal Contract Tower,2,19,40,65,126,0,0,0,62,62,2,19,40,127,188,6,202,208,396
09/19/2001,DHN,AL,ASO,ES,Federal Contract Tower,3,25,40,69,137,0,0,0,83,83,3,25,40,152,220,0,170,170,390
09/20/2001,DHN,AL,ASO,ES,Federal Contract Tower,3,20,40,56,119,0,0,8,62,70,3,20,48,118,189,0,130,130,319
09/21/2001,DHN,AL,ASO,ES,Federal Contract Tower,3,18,31,44,96,0,0,24,48,72,3,18,55,92,168,6,178,184,352
09/22/2001,DHN,AL,ASO,ES,Federal Contract Tower,1,13,20,28,62,1,1,50,5,57,2,14,70,33,119,16,136,152,271
09/23/2001,DHN,AL,ASO,ES,Federal Contract Tower,1,7,12,4,24,0,4,25,0,29,1,11,37,4,53,24,0,24,77
09/24/2001,DHN,AL,ASO,ES,Federal Contract Tower,3,17,29,59,108,0,0,0,59,59,3,17,29,118,167,0,58,58,225
09/25/2001,DHN,AL,ASO,ES,Federal Contract Tower,2,18,30,43,93,2,0,55,12,69,4,18,85,55,162,142,152,294,456
09/26/2001,DHN,AL,ASO,ES,Federal Contract Tower,3,20,34,49,106,0,1,45,16,62,3,21,79,65,168,142,142,284,452
09/27/2001,DHN,AL,ASO,ES,Federal Contract Tower,2,18,30,42,92,2,2,38,26,68,4,20,68,68,160,62,76,138,298
09/28/2001,DHN,AL,ASO,ES,Federal Contract Tower,3,18,32,46,99,1,0,48,40,89,4,18,80,86,188,84,64,148,336
09/29/2001,DHN,AL,ASO,ES,Federal Contract Tower,1,6,11,1,19,1,4,51,0,56,2,10,62,1,75,10,0,10,85
09/30/2001,DHN,AL,ASO,ES,Federal Contract Tower,0,2,4,0,6,2,7,64,0,73,2,9,68,0,79,16,0,16,95
10/01/2001,DHN,AL,ASO,ES,Federal Contract Tower,2,11,27,31,71,4,3,32,3,42,6,14,59,34,113,90,2,92,205
10/02/2001,DHN,AL,ASO,ES,Federal Contract Tower,2,12,26,24,64,2,5,54,0,61,4,17,80,24,125,106,32,138,263
10/03/2001,DHN,AL,ASO,ES,Federal Contract Tower,3,13,32,37,85,2,1,37,45,85,5,14,69,82,170,170,124,294,464
10/04/2001,DHN,AL,ASO,ES,Federal Contract Tower,3,17,44,50,114,0,0,48,67,115,3,17,92,117,229,80,58,138,367
10/05/2001,DHN,AL,ASO,ES,Federal Contract Tower,3,12,44,50,109,0,0,26,15,41,3,12,70,65,150,132,92,224,374
10/06/2001,DHN,AL,ASO,ES,Federal Contract Tower,1,4,9,0,14,0,3,27,0,30,1,7,36,0,44,6,0,6,50
10/07/2001,DHN,AL,ASO,ES,Federal Contract Tower,1,3,8,0,12,0,3,41,0,44,1,6,49,0,56,44,0,44,100
10/08/2001,DHN,AL,ASO,ES,Federal Contract Tower,2,8,19,11,40,3,1,58,0,62,5,9,77,11,102,38,10,48,150
10/09/2001,DHN,AL,ASO,ES,Federal Contract Tower,3,12,35,39,89,0,0,30,31,61,3,12,65,70,150,80,100,180,330
10/10/2001,DHN,AL,ASO,ES,Federal Contract Tower,1,13,32,36,82,0,9,24,35,68,1,22,56,71,150,165,94,259,409
10/11/2001,DHN,AL,ASO,ES,Federal Contract Tower,4,13,47,64,128,0,0,0,39,39,4,13,47,103,167,98,132,230,397
10/12/2001,DHN,AL,ASO,ES,Federal Contract Tower,3,15,45,49,112,1,0,46,30,77,4,15,91,79,189,112,86,198,387
10/13/2001,DHN,AL,ASO,ES,Federal Contract Tower,1,2,6,2,11,0,7,4,0,11,1,9,10,2,22,24,0,24,46
10/14/2001,DHN,AL,ASO,ES,Federal Contract Tower,0,6,14,7,27,0,0,50,0,50,0,6,64,7,77,16,0,16,93
10/15/2001,DHN,AL,ASO,ES,Federal Contract Tower,3,14,44,48,109,0,0,54,41,95,3,14,98,89,204,92,86,178,382
10/16/2001,DHN,AL,ASO,ES,Federal Contract Tower,2,12,28,30,72,1,2,23,35,61,3,14,51,65,133,52,64,116,249
10/17/2001,DHN,AL,ASO,ES,Federal Contract Tower,3,14,44,47,108,0,0,46,37,83,3,14,90,84,191,58,54,112,303
10/18/2001,DHN,AL,ASO,ES,Federal Contract Tower,3,15,39,42,99,0,0,29,12,41,3,15,68,54,140,80,110,190,330
10/19/2001,DHN,AL,ASO,ES,Federal Contract Tower,3,15,45,49,112,1,0,70,48,119,4,15,115,97,231,138,124,262,493
10/20/2001,DHN,AL,ASO,ES,Federal Contract Tower,0,5,10,0,15,0,2,60,0,62,0,7,70,0,77,42,0,42,119
10/21/2001,DHN,AL,ASO,ES,Federal Contract Tower,0,4,9,4,17,0,2,28,0,30,0,6,37,4,47,32,0,32,79
10/22/2001,DHN,AL,ASO,ES,Federal Contract Tower,2,14,45,49,110,2,0,44,41,87,4,14,89,90,197,62,106,168,365
10/23/2001,DHN,AL,ASO,ES,Federal Contract Tower,3,16,46,50,115,0,0,28,7,35,3,16,74,57,150,54,78,132,282
10/24/2001,DHN,AL,ASO,ES,Federal Contract Tower,2,14,43,46,105,2,0,8,26,36,4,14,51,72,141,8,16,24,165
10/25/2001,DHN,AL,ASO,ES,Federal Contract Tower,2,14,36,40,92,1,0,37,35,73,3,14,73,75,165,44,42,86,251
10/26/2001,DHN,AL,ASO,ES,Federal Contract Tower,2,13,34,38,87,4,0,8,31,43,6,13,42,69,130,34,120,154,284
10/27/2001,DHN,AL,ASO,ES,Federal Contract Tower,0,3,7,3,13,1,4,16,0,21,1,7,23,3,34,18,0,18,52
10/28/2001,DHN,AL,ASO,ES,Federal Contract Tower,0,3,7,5,15,0,5,22,0,27,0,8,29,5,42,14,0,14,56
10/29/2001,DHN,AL,ASO,ES,Federal Contract Tower,2,12,38,42,94,5,0,32,45,82,7,12,70,87,176,52,74,126,302
10/30/2001,DHN,AL,ASO,ES,Federal Contract Tower,2,14,35,39,90,1,2,44,41,88,3,16,79,80,178,106,126,232,410
10/31/2001,DHN,AL,ASO,ES,Federal Contract Tower,2,14,34,38,88,3,2,37,6,48,5,16,71,44,136,96,92,188,324
11/01/2001,DHN,AL,ASO,ES,Federal Contract Tower,3,12,32,30,77,0,2,37,35,74,3,14,69,65,151,104,96,200,351
11/02/2001,DHN,AL,ASO,ES,Federal Contract Tower,4,14,37,36,91,0,0,35,36,71,4,14,72,72,162,86,122,208,370
11/03/2001,DHN,AL,ASO,ES,Federal Contract Tower,2,6,16,5,29,1,2,66,0,69,3,8,82,5,98,18,0,18,116
11/04/2001,DHN,AL,ASO,ES,Federal Contract Tower,1,4,11,0,16,0,2,39,0,41,1,6,50,0,57,46,0,46,103
11/05/2001,DHN,AL,ASO,ES,Federal Contract Tower,4,11,37,35,87,0,0,48,43,91,4,11,85,78,178,28,106,134,312
11/06/2001,DHN,AL,ASO,ES,Federal Contract Tower,5,16,44,42,107,2,0,46,19,67,7,16,90,61,174,64,98,162,336
11/07/2001,DHN,AL,ASO,ES,Federal Contract Tower,3,16,40,38,97,0,1,52,19,72,3,17,92,57,169,60,162,222,391
11/08/2001,DHN,AL,ASO,ES,Federal Contract Tower,3,14,42,41,100,0,0,22,14,36,3,14,64,55,136,74,72,146,282
11/09/2001,DHN,AL,ASO,ES,Federal Contract Tower,3,14,57,54,128,0,0,43,62,105,3,14,100,116,233,78,122,200,433
11/10/2001,DHN,AL,ASO,ES,Federal Contract Tower,1,9,27,26,63,0,0,53,15,68,1,9,80,41,131,10,80,90,221
11/11/2001,DHN,AL,ASO,ES,Federal Contract Tower,1,5,13,13,32,0,1,43,12,56,1,6,56,25,88,0,90,90,178
11/12/2001,DHN,AL,ASO,ES,Federal Contract Tower,3,9,24,23,59,0,2,86,28,116,3,11,110,51,175,106,76,182,357
11/13/2001,DHN,AL,ASO,ES,Federal Contract Tower,3,13,48,46,110,0,0,38,36,74,3,13,86,82,184,92,124,216,400
11/14/2001,DHN,AL,ASO,ES,Federal Contract Tower,4,16,44,42,106,0,0,38,28,66,4,16,82,70,172,40,108,148,320
11/15/2001,DHN,AL,ASO,ES,Federal Contract Tower,5,16,45,43,109,0,0,46,22,68,5,16,91,65,177,50,106,156,333
11/16/2001,DHN,AL,ASO,ES,Federal Contract Tower,3,14,60,57,134,0,0,31,36,67,3,14,91,93,201,66,146,212,413
11/17/2001,DHN,AL,ASO,ES,Federal Contract Tower,0,5,9,6,20,4,2,33,0,39,4,7,42,6,59,12,0,12,71
11/18/2001,DHN,AL,ASO,ES,Federal Contract Tower,0,4,9,8,21,2,2,13,20,37,2,6,22,28,58,4,0,4,62
11/19/2001,DHN,AL,ASO,ES,Federal Contract Tower,2,10,25,22,59,1,3,24,15,43,3,13,49,37,102,72,18,90,192
11/20/2001,DHN,AL,ASO,ES,Federal Contract Tower,1,14,35,32,82,0,0,7,30,37,1,14,42,62,119,62,52,114,233
11/21/2001,DHN,AL,ASO,ES,Federal Contract Tower,2,11,27,24,64,1,6,37,6,50,3,17,64,30,114,70,18,88,202
11/22/2001,DHN,AL,ASO,ES,Federal Contract Tower,0,4,9,0,13,2,2,16,0,20,2,6,25,0,33,0,0,0,33
11/23/2001,DHN,AL,ASO,ES,Federal Contract Tower,1,5,11,0,17,0,10,0,0,10,1,15,11,0,27,0,0,0,27
11/24/2001,DHN,AL,ASO,ES,Federal Contract Tower,0,5,10,0,15,1,2,13,0,16,1,7,23,0,31,0,0,0,31
11/25/2001,DHN,AL,ASO,ES,Federal Contract Tower,0,5,11,0,16,0,1,40,0,41,0,6,51,0,57,10,0,10,67
11/26/2001,DHN,AL,ASO,ES,Federal Contract Tower,3,12,34,32,81,1,0,37,11,49,4,12,71,43,130,86,6,92,222
11/27/2001,DHN,AL,ASO,ES,Federal Contract Tower,4,16,44,41,105,2,0,12,13,27,6,16,56,54,132,82,80,162,294
11/28/2001,DHN,AL,ASO,ES,Federal Contract Tower,3,15,40,37,95,0,1,20,38,59,3,16,60,75,154,90,168,258,412
11/29/2001,DHN,AL,ASO,ES,Federal Contract Tower,2,12,31,29,74,2,4,32,25,63,4,16,63,54,137,30,104,134,271
11/30/2001,DHN,AL,ASO,ES,Federal Contract Tower,3,16,41,38,98,0,0,16,43,59,3,16,57,81,157,84,110,194,351
12/01/2001,DHN,AL,ASO,ES,Federal Contract Tower,3,5,17,11,36,0,1,52,24,77,3,6,69,35,113,26,132,158,271
12/02/2001,DHN,AL,ASO,ES,Federal Contract Tower,5,0,15,7,27,4,0,41,0,45,9,0,56,7,72,12,2,14,86
12/03/2001,DHN,AL,ASO,ES,Federal Contract Tower,6,9,33,22,70,0,0,43,31,74,6,9,76,53,144,134,98,232,376
12/04/2001,DHN,AL,ASO,ES,Federal Contract Tower,8,8,35,24,75,0,0,20,25,45,8,8,55,49,120,76,78,154,274
12/05/2001,DHN,AL,ASO,ES,Federal Contract Tower,5,11,37,25,78,0,3,22,6,31,5,14,59,31,109,18,76,94,203
12/06/2001,DHN,AL,ASO,ES,Federal Contract Tower,8,10,37,25,80,0,0,51,22,73,8,10,88,47,153,80,84,164,317
12/07/2001,DHN,AL,ASO,ES,Federal Contract Tower,8,12,41,27,88,0,1,35,16,52,8,13,76,43,140,84,66,150,290
12/08/2001,DHN,AL,ASO,ES,Federal Contract Tower,5,3,22,15,45,0,0,53,2,55,5,3,75,17,100,46,24,70,170
12/09/2001,DHN,AL,ASO,ES,Federal Contract Tower,6,2,17,9,34,2,0,31,0,33,8,2,48,9,67,2,0,2,69
12/10/2001,DHN,AL,ASO,ES,Federal Contract Tower,4,9,30,20,63,0,3,5,13,21,4,12,35,33,84,2,4,6,90
12/11/2001,DHN,AL,ASO,ES,Federal Contract Tower,6,10,28,25,69,0,0,0,22,22,6,10,28,47,91,2,8,10,101
12/12/2001,DHN,AL,ASO,ES,Federal Contract Tower,4,3,10,0,17,0,4,5,0,9,4,7,15,0,26,0,0,0,26
12/13/2001,DHN,AL,ASO,ES,Federal Contract Tower,8,14,51,33,106,0,0,16,80,96,8,14,67,113,202,110,132,242,444
12/14/2001,DHN,AL,ASO,ES,Federal Contract Tower,14,8,44,31,97,0,0,0,37,37,14,8,44,68,134,44,70,114,248
12/15/2001,DHN,AL,ASO,ES,Federal Contract Tower,5,1,19,13,38,4,0,90,2,96,9,1,109,15,134,86,60,146,280
12/16/2001,DHN,AL,ASO,ES,Federal Contract Tower,3,4,10,0,17,3,2,8,0,13,6,6,18,0,30,2,0,2,32
12/17/2001,DHN,AL,ASO,ES,Federal Contract Tower,7,7,38,27,79,0,0,0,34,34,7,7,38,61,113,12,0,12,125
12/18/2001,DHN,AL,ASO,ES,Federal Contract Tower,5,11,40,26,82,0,0,75,34,109,5,11,115,60,191,84,102,186,377
12/19/2001,DHN,AL,ASO,ES,Federal Contract Tower,9,8,32,20,69,0,0,76,16,92,9,8,108,36,161,72,32,104,265
12/20/2001,DHN,AL,ASO,ES,Federal Contract Tower,5,6,20,6,37,6,2,48,0,56,11,8,68,6,93,20,2,22,115
12/21/2001,DHN,AL,ASO,ES,Federal Contract Tower,4,4,14,5,27,6,3,39,0,48,10,7,53,5,75,54,2,56,131
12/22/2001,DHN,AL,ASO,ES,Federal Contract Tower,4,1,14,0,19,4,0,36,0,40,8,1,50,0,59,0,0,0,59
12/23/2001,DHN,AL,ASO,ES,Federal Contract Tower,3,4,14,0,21,0,0,24,0,24,3,4,38,0,45,0,0,0,45
12/24/2001,DHN,AL,ASO,ES,Federal Contract Tower,2,2,8,2,14,0,10,17,0,27,2,12,25,2,41,2,0,2,43
12/25/2001,DHN,AL,ASO,ES,Federal Contract Tower,1,1,4,0,6,6,0,3,0,9,7,1,7,0,15,0,0,0,15
12/26/2001,DHN,AL,ASO,ES,Federal Contract Tower,3,3,12,4,22,6,5,21,0,32,9,8,33,4,54,12,0,12,66
12/27/2001,DHN,AL,ASO,ES,Federal Contract Tower,5,6,20,12,43,3,3,25,0,31,8,9,45,12,74,22,22,44,118
12/28/2001,DHN,AL,ASO,ES,Federal Contract Tower,3,4,12,6,25,5,4,14,0,23,8,8,26,6,48,10,0,10,58
12/29/2001,DHN,AL,ASO,ES,Federal Contract Tower,3,3,11,0,17,3,0,38,0,41,6,3,49,0,58,8,0,8,66
12/30/2001,DHN,AL,ASO,ES,Federal Contract Tower,3,2,12,0,17,5,0,40,0,45,8,2,52,0,62,22,0,22,84
12/31/2001,DHN,AL,ASO,ES,Federal Contract Tower,3,4,14,0,21,0,8,21,0,29,3,12,35,0,50,0,0,0,50
01/01/2002,DHN,AL,ASO,ES,Federal Contract Tower,2,1,5,0,8,3,0,10,0,13,5,1,15,0,21,0,0,0,21
01/02/2002,DHN,AL,ASO,ES,Federal Contract Tower,1,1,1,0,3,0,9,0,0,9,1,10,1,0,12,0,0,0,12
01/03/2002,DHN,AL,ASO,ES,Federal Contract Tower,3,3,11,13,30,0,5,6,0,11,3,8,17,13,41,0,0,0,41
01/04/2002,DHN,AL,ASO,ES,Federal Contract Tower,2,9,30,29,70,0,1,12,37,50,2,10,42,66,120,60,40,100,220
01/05/2002,DHN,AL,ASO,ES,Federal Contract Tower,3,3,8,0,14,2,2,44,0,48,5,5,52,0,62,18,0,18,80
01/06/2002,DHN,AL,ASO,ES,Federal Contract Tower,2,0,4,6,12,3,0,1,0,4,5,0,5,6,16,0,0,0,16
01/07/2002,DHN,AL,ASO,ES,Federal Contract Tower,5,3,21,20,49,0,0,1,26,27,5,3,22,46,76,152,58,210,286
01/08/2002,DHN,AL,ASO,ES,Federal Contract Tower,11,10,42,39,102,0,0,4,57,61,11,10,46,96,163,86,154,240,403
01/09/2002,DHN,AL,ASO,ES,Federal Contract Tower,6,8,29,27,70,0,4,31,38,73,6,12,60,65,143,58,88,146,289
01/10/2002,DHN,AL,ASO,ES,Federal Contract Tower,7,10,40,36,93,0,0,37,15,52,7,10,77,51,145,92,70,162,307
01/11/2002,DHN,AL,ASO,ES,Federal Contract Tower,9,8,32,27,76,0,0,19,28,47,9,8,51,55,123,116,104,220,343
01/12/2002,DHN,AL,ASO,ES,Federal Contract Tower,5,3,17,3,28,0,0,63,0,63,5,3,80,3,91,100,0,100,191
01/13/2002,DHN,AL,ASO,ES,Federal Contract Tower,4,3,13,9,29,3,1,33,0,37,7,4,46,9,66,26,16,42,108
01/14/2002,DHN,AL,ASO,ES,Federal Contract Tower,9,8,47,46,110,0,0,0,24,24,9,8,47,70,134,98,156,254,388
01/15/2002,DHN,AL,ASO,ES,Federal Contract Tower,8,8,34,32,82,1,1,20,35,57,9,9,54,67,139,124,118,242,381
01/16/2002,DHN,AL,ASO,ES,Federal Contract Tower,7,8,30,28,73,2,0,41,37,80,9,8,71,65,153,60,92,152,305
01/17/2002,DHN,AL,ASO,ES,Federal Contract Tower,7,7,28,25,67,1,7,20,5,33,8,14,48,30,100,76,58,134,234
01/18/2002,DHN,AL,ASO,ES,Federal Contract Tower,8,9,35,33,85,0,9,13,24,46,8,18,48,57,131,26,42,68,199
01/19/2002,DHN,AL,ASO,ES,Federal Contract Tower,1,1,8,0,10,5,0,14,0,19,6,1,22,0,29,6,0,6,35
01/20/2002,DHN,AL,ASO,ES,Federal Contract Tower,3,1,13,0,17,1,0,56,0,57,4,1,69,0,74,56,0,56,130
01/21/2002,DHN,AL,ASO,ES,Federal Contract Tower,5,5,21,9,40,2,0,23,0,25,7,5,44,9,65,56,22,78,143
01/22/2002,DHN,AL,ASO,ES,Federal Contract Tower,10,8,43,39,100,0,0,24,22,46,10,8,67,61,146,108,90,198,344
01/23/2002,DHN,AL,ASO,ES,Federal Contract Tower,4,9,35,32,80,0,6,10,9,25,4,15,45,41,105,74,35,109,214
01/24/2002,DHN,AL,ASO,ES,Federal Contract Tower,7,10,26,36,79,0,1,0,21,22,7,11,26,57,101,76,34,110,211
01/25/2002,DHN,AL,ASO,ES,Federal Contract Tower,5,10,38,36,89,0,2,23,41,66,5,12,61,77,155,58,100,158,313
01/26/2002,DHN,AL,ASO,ES,Federal Contract Tower,3,3,13,4,23,4,0,70,0,74,7,3,83,4,97,20,0,20,117
01/27/2002,DHN,AL,ASO,ES,Federal Contract Tower,2,1,11,5,19,4,0,25,0,29,6,1,36,5,48,22,0,22,70
01/28/2002,DHN,AL,ASO,ES,Federal Contract Tower,8,8,29,31,76,1,0,0,38,39,9,8,29,69,115,44,64,108,223
01/29/2002,DHN,AL,ASO,ES,Federal Contract Tower,10,8,42,39,99,0,0,10,38,48,10,8,52,77,147,44,36,80,227
01/30/2002,DHN,AL,ASO,ES,Federal Contract Tower,11,10,43,40,104,5,0,23,9,37,16,10,66,49,141,97,106,203,344
01/31/2002,DHN,AL,ASO,ES,Federal Contract Tower,8,8,34,32,82,0,0,24,40,64,8,8,58,72,146,106,66,172,318
02/01/2002,DHN,AL,ASO,ES,Federal Contract Tower,10,8,45,50,113,0,0,21,28,49,10,8,66,78,162,90,62,152,314
02/02/2002,DHN,AL,ASO,ES,Federal Contract Tower,3,2,7,0,12,4,0,47,0,51,7,2,54,0,63,24,0,24,87
02/03/2002,DHN,AL,ASO,ES,Federal Contract Tower,2,0,4,6,12,5,0,30,0,35,7,0,34,6,47,6,0,6,53
02/04/2002,DHN,AL,ASO,ES,Federal Contract Tower,10,6,31,35,82,0,0,34,27,61,10,6,65,62,143,90,134,224,367
02/05/2002,DHN,AL,ASO,ES,Federal Contract Tower,13,7,39,44,103,0,0,46,35,81,13,7,85,79,184,148,130,278,462
02/06/2002,DHN,AL,ASO,ES,Federal Contract Tower,4,6,13,20,43,0,5,0,6,11,4,11,13,26,54,2,2,4,58
02/07/2002,DHN,AL,ASO,ES,Federal Contract Tower,9,9,47,53,118,0,0,11,27,38,9,9,58,80,156,88,60,148,304
02/08/2002,DHN,AL,ASO,ES,Federal Contract Tower,8,8,56,48,120,0,0,20,0,20,8,8,76,48,140,106,126,232,372
02/09/2002,DHN,AL,ASO,ES,Federal Contract Tower,4,4,12,4,24,1,0,104,0,105,5,4,116,4,129,146,126,272,401
02/10/2002,DHN,AL,ASO,ES,Federal Contract Tower,2,2,8,4,16,0,1,30,0,31,2,3,38,4,47,22,0,22,69
02/11/2002,DHN,AL,ASO,ES,Federal Contract Tower,8,9,27,30,74,0,1,36,39,76,8,10,63,69,150,104,124,228,378
02/12/2002,DHN,AL,ASO,ES,Federal Contract Tower,7,11,33,36,87,0,3,57,31,91,7,14,90,67,178,126,124,250,428
02/13/2002,DHN,AL,ASO,ES,Federal Contract Tower,8,12,37,39,96,0,4,60,36,100,8,16,97,75,196,70,76,146,342
02/14/2002,DHN,AL,ASO,ES,Federal Contract Tower,8,10,29,31,78,1,2,53,4,60,9,12,82,35,138,102,52,154,292
02/15/2002,DHN,AL,ASO,ES,Federal Contract Tower,9,10,33,36,88,0,0,47,21,68,9,10,80,57,156,152,60,212,368
02/16/2002,DHN,AL,ASO,ES,Federal Contract Tower,2,2,6,0,10,5,0,23,0,28,7,2,29,0,38,4,0,4,42
02/17/2002,DHN,AL,ASO,ES,Federal Contract Tower,1,2,6,0,9,4,0,27,0,31,5,2,33,0,40,0,0,0,40
02/18/2002,DHN,AL,ASO,ES,Federal Contract Tower,3,2,11,0,16,6,0,36,0,42,9,2,47,0,58,2,0,2,60
02/19/2002,DHN,AL,ASO,ES,Federal Contract Tower,7,8,25,26,66,1,0,53,49,103,8,8,78,75,169,148,188,336,505
02/20/2002,DHN,AL,ASO,ES,Federal Contract Tower,9,10,30,43,92,0,0,0,16,16,9,10,30,59,108,14,24,38,146
02/21/2002,DHN,AL,ASO,ES,Federal Contract Tower,9,10,33,35,87,2,0,21,24,47,11,10,54,59,134,58,66,124,258
02/22/2002,DHN,AL,ASO,ES,Federal Contract Tower,9,11,29,32,81,1,3,30,29,63,10,14,59,61,144,75,47,122,266
02/23/2002,DHN,AL,ASO,ES,Federal Contract Tower,2,3,8,0,13,2,0,19,0,21,4,3,27,0,34,6,0,6,40
02/24/2002,DHN,AL,ASO,ES,Federal Contract Tower,5,6,17,20,48,2,6,37,6,51,7,12,54,26,99,2,8,10,109
02/25/2002,DHN,AL,ASO,ES,Federal Contract Tower,8,9,28,31,76,4,0,28,25,57,12,9,56,56,133,86,37,123,256
02/26/2002,DHN,AL,ASO,ES,Federal Contract Tower,9,10,29,43,91,0,0,0,29,29,9,10,29,72,120,22,66,88,208
02/27/2002,DHN,AL,ASO,ES,Federal Contract Tower,9,8,30,33,80,0,0,27,26,53,9,8,57,59,133,48,29,77,210
02/28/2002,DHN,AL,ASO,ES,Federal Contract Tower,7,8,25,27,67,3,3,33,14,53,10,11,58,41,120,90,28,118,238
03/01/2002,DHN,AL,ASO,ES,Federal Contract Tower,9,8,28,27,72,0,2,44,43,89,9,10,72,70,161,38,64,102,263
03/02/2002,DHN,AL,ASO,ES,Federal Contract Tower,2,1,3,0,6,0,3,8,0,11,2,4,11,0,17,8,0,8,25
03/03/2002,DHN,AL,ASO,ES,Federal Contract Tower,2,0,4,1,7,3,0,2,0,5,5,0,6,1,12,0,0,0,12
03/04/2002,DHN,AL,ASO,ES,Federal Contract Tower,6,3,12,9,30,3,4,14,0,21,9,7,26,9,51,16,10,26,77
03/05/2002,DHN,AL,ASO,ES,Federal Contract Tower,6,5,17,16,44,2,4,35,8,49,8,9,52,24,93,88,42,130,223
03/06/2002,DHN,AL,ASO,ES,Federal Contract Tower,6,4,16,16,42,1,6,26,11,44,7,10,42,27,86,74,20,94,180
03/07/2002,DHN,AL,ASO,ES,Federal Contract Tower,9,6,22,22,59,0,6,40,33,79,9,12,62,55,138,101,60,161,299
03/08/2002,DHN,AL,ASO,ES,Federal Contract Tower,7,4,16,16,43,3,6,33,8,50,10,10,49,24,93,102,40,142,235
03/09/2002,DHN,AL,ASO,ES,Federal Contract Tower,3,1,5,0,9,5,0,9,0,14,8,1,14,0,23,2,0,2,25
03/10/2002,DHN,AL,ASO,ES,Federal Contract Tower,2,0,7,2,11,5,0,23,0,28,7,0,30,2,39,4,0,4,43
03/11/2002,DHN,AL,ASO,ES,Federal Contract Tower,9,9,27,26,71,0,0,25,20,45,9,9,52,46,116,28,54,82,198
03/12/2002,DHN,AL,ASO,ES,Federal Contract Tower,9,11,35,21,76,0,1,17,0,18,9,12,52,21,94,56,50,106,200
03/13/2002,DHN,AL,ASO,ES,Federal Contract Tower,7,7,33,31,78,0,0,25,28,53,7,7,58,59,131,80,69,149,280
03/14/2002,DHN,AL,ASO,ES,Federal Contract Tower,9,8,28,27,72,0,0,57,8,65,9,8,85,35,137,88,86,174,311
03/15/2002,DHN,AL,ASO,ES,Federal Contract Tower,5,10,33,31,79,0,2,26,16,44,5,12,59,47,123,66,36,102,225
03/16/2002,DHN,AL,ASO,ES,Federal Contract Tower,3,1,8,5,17,5,0,11,0,16,8,1,19,5,33,18,0,18,51
03/17/2002,DHN,AL,ASO,ES,Federal Contract Tower,2,0,9,2,13,7,0,39,0,46,9,0,48,2,59,19,0,19,78
03/18/2002,DHN,AL,ASO,ES,Federal Contract Tower,9,7,28,25,69,1,0,52,14,67,10,7,80,39,136,104,76,180,316
03/19/2002,DHN,AL,ASO,ES,Federal Contract Tower,7,12,41,37,97,0,1,41,23,65,7,13,82,60,162,130,70,200,362
03/20/2002,DHN,AL,ASO,ES,Federal Contract Tower,7,8,27,24,66,0,4,29,19,52,7,12,56,43,118,90,34,124,242
03/21/2002,DHN,AL,ASO,ES,Federal Contract Tower,9,8,32,29,78,0,0,7,40,47,9,8,39,69,125,66,156,222,347
03/22/2002,DHN,AL,ASO,ES,Federal Contract Tower,10,10,37,33,90,0,0,52,30,82,10,10,89,63,172,96,70,166,338
03/23/2002,DHN,AL,ASO,ES,Federal Contract Tower,3,1,10,2,16,4,0,31,0,35,7,1,41,2,51,30,0,30,81
03/24/2002,DHN,AL,ASO,ES,Federal Contract Tower,3,2,11,10,26,6,0,34,2,42,9,2,45,12,68,0,0,0,68
03/25/2002,DHN,AL,ASO,ES,Federal Contract Tower,13,10,37,34,94,0,0,21,26,47,13,10,58,60,141,102,54,156,297
03/26/2002,DHN,AL,ASO,ES,Federal Contract Tower,11,8,48,50,117,0,0,0,9,9,11,8,48,59,126,58,42,100,226
03/27/2002,DHN,AL,ASO,ES,Federal Contract Tower,5,13,46,42,106,0,2,35,45,82,5,15,81,87,188,114,174,288,476
03/28/2002,DHN,AL,ASO,ES,Federal Contract Tower,7,10,37,34,88,0,2,60,21,83,7,12,97,55,171,90,200,290,461
03/29/2002,DHN,AL,ASO,ES,Federal Contract Tower,9,10,37,35,91,0,0,21,39,60,9,10,58,74,151,114,100,214,365
03/30/2002,DHN,AL,ASO,ES,Federal Contract Tower,3,2,9,0,14,2,2,21,0,25,5,4,30,0,39,12,0,12,51
03/31/2002,DHN,AL,ASO,ES,Federal Contract Tower,1,0,6,0,7,5,0,2,0,7,6,0,8,0,14,0,0,0,14
04/01/2002,DHN,AL,ASO,ES,Federal Contract Tower,10,8,37,39,94,1,1,20,38,60,11,9,57,77,154,92,116,208,362
04/02/2002,DHN,AL,ASO,ES,Federal Contract Tower,8,6,29,30,73,1,4,61,32,98,9,10,90,62,171,140,68,208,379
04/03/2002,DHN,AL,ASO,ES,Federal Contract Tower,9,8,36,38,91,0,2,45,39,86,9,10,81,77,177,82,68,150,327
04/04/2002,DHN,AL,ASO,ES,Federal Contract Tower,11,9,50,52,122,0,0,2,3,5,11,9,52,55,127,144,66,210,337
04/05/2002,DHN,AL,ASO,ES,Federal Contract Tower,9,8,44,45,106,0,0,39,24,63,9,8,83,69,169,110,70,180,349
04/06/2002,DHN,AL,ASO,ES,Federal Contract Tower,4,2,13,4,23,3,0,64,0,67,7,2,77,4,90,32,0,32,122
04/07/2002,DHN,AL,ASO,ES,Federal Contract Tower,5,0,17,15,37,5,0,39,0,44,10,0,56,15,81,6,0,6,87
04/08/2002,DHN,AL,ASO,ES,Federal Contract Tower,8,7,32,33,80,2,3,32,44,81,10,10,64,77,161,110,78,188,349
04/09/2002,DHN,AL,ASO,ES,Federal Contract Tower,6,11,52,54,123,0,0,11,8,19,6,11,63,62,142,30,44,74,216
04/10/2002,DHN,AL,ASO,ES,Federal Contract Tower,11,7,42,44,104,1,0,21,31,53,12,7,63,75,157,26,42,68,225
04/11/2002,DHN,AL,ASO,ES,Federal Contract Tower,8,10,44,46,108,0,2,31,5,38,8,12,75,51,146,78,52,130,276
04/12/2002,DHN,AL,ASO,ES,Federal Contract Tower,7,9,38,36,90,0,2,27,0,29,7,11,65,36,119,72,56,128,247
04/13/2002,DHN,AL,ASO,ES,Federal Contract Tower,3,3,13,5,24,3,0,28,0,31,6,3,41,5,55,4,2,6,61
04/14/2002,DHN,AL,ASO,ES,Federal Contract Tower,1,0,6,2,9,6,0,13,0,19,7,0,19,2,28,0,0,0,28
04/15/2002,DHN,AL,ASO,ES,Federal Contract Tower,8,8,34,33,83,1,0,32,21,54,9,8,66,54,137,52,12,64,201
04/16/2002,DHN,AL,ASO,ES,Federal Contract Tower,7,8,28,32,75,4,5,0,12,21,11,13,28,44,96,62,48,110,206
04/17/2002,DHN,AL,ASO,ES,Federal Contract Tower,8,8,33,33,82,1,2,62,30,95,9,10,95,63,177,104,30,134,311
04/18/2002,DHN,AL,ASO,ES,Federal Contract Tower,8,8,35,35,86,1,2,39,44,86,9,10,74,79,172,84,34,118,290
04/19/2002,DHN,AL,ASO,ES,Federal Contract Tower,8,9,38,38,93,0,7,47,26,80,8,16,85,64,173,114,84,198,371
04/20/2002,DHN,AL,ASO,ES,Federal Contract Tower,3,1,17,4,25,5,0,39,0,44,8,1,56,4,69,40,0,40,109
04/21/2002,DHN,AL,ASO,ES,Federal Contract Tower,3,2,12,5,22,5,0,25,0,30,8,2,37,5,52,16,0,16,68
04/22/2002,DHN,AL,ASO,ES,Federal Contract Tower,11,7,45,45,108,1,0,2,62,65,12,7,47,107,173,114,34,148,321
04/23/2002,DHN,AL,ASO,ES,Federal Contract Tower,9,10,60,60,139,0,0,30,57,87,9,10,90,117,226,76,20,96,322
04/24/2002,DHN,AL,ASO,ES,Federal Contract Tower,7,11,67,68,153,0,0,8,6,14,7,11,75,74,167,140,90,230,397
04/25/2002,DHN,AL,ASO,ES,Federal Contract Tower,9,11,45,45,110,0,3,28,22,53,9,14,73,67,163,68,54,122,285
04/26/2002,DHN,AL,ASO,ES,Federal Contract Tower,9,9,40,40,98,1,2,42,13,58,10,11,82,53,156,140,121,261,417
04/27/2002,DHN,AL,ASO,ES,Federal Contract Tower,3,1,12,12,28,6,0,29,6,41,9,1,41,18,69,44,0,44,113
04/28/2002,DHN,AL,ASO,ES,Federal Contract Tower,2,0,11,2,15,5,0,20,0,25,7,0,31,2,40,6,0,6,46
04/29/2002,DHN,AL,ASO,ES,Federal Contract Tower,8,9,40,42,99,0,3,71,12,86,8,12,111,54,185,102,78,180,365
04/30/2002,DHN,AL,ASO,ES,Federal Contract Tower,7,12,69,70,158,0,0,25,26,51,7,12,94,96,209,108,74,182,391
05/01/2002,DHN,AL,ASO,ES,Federal Contract Tower,12,10,45,37,104,0,0,40,15,55,12,10,85,52,159,122,52,174,333
05/02/2002,DHN,AL,ASO,ES,Federal Contract Tower,11,10,58,49,128,0,0,17,28,45,11,10,75,77,173,88,76,164,337
05/03/2002,DHN,AL,ASO,ES,Federal Contract Tower,9,8,39,33,89,0,2,25,33,60,9,10,64,66,149,112,68,180,329
05/04/2002,DHN,AL,ASO,ES,Federal Contract Tower,5,3,18,0,26,0,0,63,0,63,5,3,81,0,89,40,0,40,129
05/05/2002,DHN,AL,ASO,ES,Federal Contract Tower,5,0,15,6,26,4,0,35,0,39,9,0,50,6,65,14,0,14,79
05/06/2002,DHN,AL,ASO,ES,Federal Contract Tower,11,7,34,29,81,0,2,3,23,28,11,9,37,52,109,38,4,42,151
05/07/2002,DHN,AL,ASO,ES,Federal Contract Tower,8,10,67,56,141,0,0,14,30,44,8,10,81,86,185,132,62,194,379
05/08/2002,DHN,AL,ASO,ES,Federal Contract Tower,7,10,49,42,108,0,0,36,43,79,7,10,85,85,187,118,64,182,369
05/09/2002,DHN,AL,ASO,ES,Federal Contract Tower,9,11,50,43,113,0,1,26,32,59,9,12,76,75,172,114,74,188,360
05/10/2002,DHN,AL,ASO,ES,Federal Contract Tower,9,8,38,32,87,0,6,55,43,104,9,14,93,75,191,80,90,170,361
05/11/2002,DHN,AL,ASO,ES,Federal Contract Tower,2,1,7,4,14,5,0,23,0,28,7,1,30,4,42,38,0,38,80
05/12/2002,DHN,AL,ASO,ES,Federal Contract Tower,2,0,9,5,16,5,0,13,0,18,7,0,22,5,34,2,0,2,36
05/13/2002,DHN,AL,ASO,ES,Federal Contract Tower,6,5,22,19,52,5,2,9,3,19,11,7,31,22,71,78,34,112,183
05/14/2002,DHN,AL,ASO,ES,Federal Contract Tower,8,9,39,33,89,0,2,44,43,89,8,11,83,76,178,182,38,220,398
05/15/2002,DHN,AL,ASO,ES,Federal Contract Tower,8,8,33,28,77,1,0,44,27,72,9,8,77,55,149,182,62,244,393
05/16/2002,DHN,AL,ASO,ES,Federal Contract Tower,10,10,42,33,95,0,0,43,31,74,10,10,85,64,169,170,64,234,403
05/17/2002,DHN,AL,ASO,ES,Federal Contract Tower,7,10,43,34,94,0,0,29,44,73,7,10,72,78,167,146,90,236,403
05/18/2002,DHN,AL,ASO,ES,Federal Contract Tower,5,2,20,10,37,2,0,5,0,7,7,2,25,10,44,8,0,8,52
05/19/2002,DHN,AL,ASO,ES,Federal Contract Tower,3,1,14,11,29,4,0,28,2,34,7,1,42,13,63,12,0,12,75
05/20/2002,DHN,AL,ASO,ES,Federal Contract Tower,8,10,45,36,99,0,1,20,66,87,8,11,65,102,186,118,68,186,372
05/21/2002,DHN,AL,ASO,ES,Federal Contract Tower,9,10,42,34,95,0,4,28,41,73,9,14,70,75,168,164,90,254,422
05/22/2002,DHN,AL,ASO,ES,Federal Contract Tower,11,8,42,33,94,0,0,49,30,79,11,8,91,63,173,98,30,128,301
05/23/2002,DHN,AL,ASO,ES,Federal Contract Tower,10,9,39,31,89,1,1,40,28,70,11,10,79,59,159,114,66,180,339
05/24/2002,DHN,AL,ASO,ES,Federal Contract Tower,7,7,28,4,46,3,3,44,0,50,10,10,72,4,96,18,6,24,120
05/25/2002,DHN,AL,ASO,ES,Federal Contract Tower,2,2,11,2,17,6,0,44,0,50,8,2,55,2,67,4,0,4,71
05/26/2002,DHN,AL,ASO,ES,Federal Contract Tower,2,1,8,4,15,5,0,13,0,18,7,1,21,4,33,16,0,16,49
05/27/2002,DHN,AL,ASO,ES,Federal Contract Tower,2,0,8,2,12,7,0,18,0,25,9,0,26,2,37,6,0,6,43
05/28/2002,DHN,AL,ASO,ES,Federal Contract Tower,9,8,37,30,84,0,0,18,56,74,9,8,55,86,158,88,138,226,384
05/29/2002,DHN,AL,ASO,ES,Federal Contract Tower,9,7,36,30,82,0,0,39,35,74,9,7,75,65,156,112,92,204,360
05/30/2002,DHN,AL,ASO,ES,Federal Contract Tower,9,8,39,31,87,0,2,37,33,72,9,10,76,64,159,102,114,216,375
05/31/2002,DHN,AL,ASO,ES,Federal Contract Tower,10,8,44,36,98,0,0,52,40,92,10,8,96,76,190,114,98,212,402
06/01/2002,DHN,AL,ASO,ES,Federal Contract Tower,4,3,16,7,30,4,0,36,0,40,8,3,52,7,70,32,0,32,102
06/02/2002,DHN,AL,ASO,ES,Federal Contract Tower,3,0,11,0,14,4,0,43,0,47,7,0,54,0,61,18,0,18,79
06/03/2002,DHN,AL,ASO,ES,Federal Contract Tower,8,9,45,35,97,0,0,27,31,58,8,9,72,66,155,90,88,178,333
06/04/2002,DHN,AL,ASO,ES,Federal Contract Tower,8,7,37,28,80,0,4,13,54,71,8,11,50,82,151,84,34,118,269
06/05/2002,DHN,AL,ASO,ES,Federal Contract Tower,12,10,52,40,114,0,0,34,49,83,12,10,86,89,197,70,132,202,399
06/06/2002,DHN,AL,ASO,ES,Federal Contract Tower,7,8,43,33,91,0,4,9,30,43,7,12,52,63,134,62,62,124,258
06/07/2002,DHN,AL,ASO,ES,Federal Contract Tower,9,7,38,30,84,0,2,21,33,56,9,9,59,63,140,110,44,154,294
06/08/2002,DHN,AL,ASO,ES,Federal Contract Tower,3,2,11,2,18,5,1,26,0,32,8,3,37,2,50,0,0,0,50
06/09/2002,DHN,AL,ASO,ES,Federal Contract Tower,3,1,11,0,15,5,0,36,0,41,8,1,47,0,56,10,0,10,66
06/10/2002,DHN,AL,ASO,ES,Federal Contract Tower,9,7,37,28,81,3,0,35,23,61,12,7,72,51,142,114,36,150,292
06/11/2002,DHN,AL,ASO,ES,Federal Contract Tower,9,8,41,31,89,0,0,46,25,71,9,8,87,56,160,90,84,174,334
06/12/2002,DHN,AL,ASO,ES,Federal Contract Tower,7,9,43,34,93,0,0,30,23,53,7,9,73,57,146,128,106,234,380
06/13/2002,DHN,AL,ASO,ES,Federal Contract Tower,7,8,42,31,88,0,0,25,24,49,7,8,67,55,137,112,72,184,321
06/14/2002,DHN,AL,ASO,ES,Federal Contract Tower,5,9,40,30,84,0,1,19,20,40,5,10,59,50,124,98,52,150,274
06/15/2002,DHN,AL,ASO,ES,Federal Contract Tower,2,3,11,2,18,5,1,27,0,33,7,4,38,2,51,51,24,75,126
06/16/2002,DHN,AL,ASO,ES,Federal Contract Tower,2,0,11,6,19,5,0,27,0,32,7,0,38,6,51,46,16,62,113
06/17/2002,DHN,AL,ASO,ES,Federal Contract Tower,9,9,47,34,99,0,0,43,42,85,9,9,90,76,184,94,80,174,358
06/18/2002,DHN,AL,ASO,ES,Federal Contract Tower,8,8,39,29,84,3,0,42,36,81,11,8,81,65,165,68,74,142,307
06/19/2002,DHN,AL,ASO,ES,Federal Contract Tower,8,11,51,37,107,0,0,38,20,58,8,11,89,57,165,108,34,142,307
06/20/2002,DHN,AL,ASO,ES,Federal Contract Tower,8,9,42,31,90,0,1,38,35,74,8,10,80,66,164,142,78,220,384
06/21/2002,DHN,AL,ASO,ES,Federal Contract Tower,10,9,55,40,114,0,0,17,12,29,10,9,72,52,143,72,54,126,269
06/22/2002,DHN,AL,ASO,ES,Federal Contract Tower,2,1,12,0,15,6,0,27,0,33,8,1,39,0,48,18,0,18,66
06/23/2002,DHN,AL,ASO,ES,Federal Contract Tower,3,0,14,4,21,5,0,26,0,31,8,0,40,4,52,30,0,30,82
06/24/2002,DHN,AL,ASO,ES,Federal Contract Tower,10,9,61,45,125,0,0,8,24,32,10,9,69,69,157,90,122,212,369
06/25/2002,DHN,AL,ASO,ES,Federal Contract Tower,4,11,52,39,106,0,1,48,26,75,4,12,100,65,181,86,44,130,311
06/26/2002,DHN,AL,ASO,ES,Federal Contract Tower,8,8,46,35,97,0,0,22,18,40,8,8,68,53,137,98,38,136,273
06/27/2002,DHN,AL,ASO,ES,Federal Contract Tower,6,10,50,37,103,0,1,43,13,57,6,11,93,50,160,80,36,116,276
06/28/2002,DHN,AL,ASO,ES,Federal Contract Tower,9,7,45,34,95,0,0,40,18,58,9,7,85,52,153,58,40,98,251
06/29/2002,DHN,AL,ASO,ES,Federal Contract Tower,5,1,23,4,33,2,0,56,0,58,7,1,79,4,91,36,0,36,127
06/30/2002,DHN,AL,ASO,ES,Federal Contract Tower,3,0,17,2,22,4,0,41,0,45,7,0,58,2,67,0,0,0,67
07/01/2002,DHN,AL,ASO,ES,Federal Contract Tower,6,8,37,39,90,0,0,17,39,56,6,8,54,78,146,54,44,98,244
07/02/2002,DHN,AL,ASO,ES,Federal Contract Tower,7,8,33,34,82,0,0,27,27,54,7,8,60,61,136,52,96,148,284
07/03/2002,DHN,AL,ASO,ES,Federal Contract Tower,6,5,19,21,51,1,4,31,14,50,7,9,50,35,101,66,12,78,179
07/04/2002,DHN,AL,ASO,ES,Federal Contract Tower,2,1,4,0,7,3,0,13,0,16,5,1,17,0,23,18,0,18,41
07/05/2002,DHN,AL,ASO,ES,Federal Contract Tower,5,4,14,0,23,1,5,15,0,21,6,9,29,0,44,30,0,30,74
07/06/2002,DHN,AL,ASO,ES,Federal Contract Tower,3,2,9,0,14,5,3,27,0,35,8,5,36,0,49,14,0,14,63
07/07/2002,DHN,AL,ASO,ES,Federal Contract Tower,3,1,6,0,10,4,1,13,0,18,7,2,19,0,28,8,0,8,36
07/08/2002,DHN,AL,ASO,ES,Federal Contract Tower,9,8,32,34,83,0,4,27,30,61,9,12,59,64,144,80,74,154,298
07/09/2002,DHN,AL,ASO,ES,Federal Contract Tower,9,8,32,34,83,0,1,57,54,112,9,9,89,88,195,100,116,216,411
07/10/2002,DHN,AL,ASO,ES,Federal Contract Tower,9,7,34,34,84,0,0,48,41,89,9,7,82,75,173,90,60,150,323
07/11/2002,DHN,AL,ASO,ES,Federal Contract Tower,5,8,32,31,76,0,1,37,35,73,5,9,69,66,149,98,64,162,311
07/12/2002,DHN,AL,ASO,ES,Federal Contract Tower,9,10,43,43,105,0,0,18,45,63,9,10,61,88,168,52,152,204,372
07/13/2002,DHN,AL,ASO,ES,Federal Contract Tower,4,3,13,8,28,3,3,21,0,27,7,6,34,8,55,20,14,34,89
07/14/2002,DHN,AL,ASO,ES,Federal Contract Tower,2,0,8,4,14,4,0,30,0,34,6,0,38,4,48,24,2,26,74
07/15/2002,DHN,AL,ASO,ES,Federal Contract Tower,9,9,45,46,109,0,0,39,23,62,9,9,84,69,171,86,32,118,289
07/16/2002,DHN,AL,ASO,ES,Federal Contract Tower,9,10,39,39,97,0,0,57,8,65,9,10,96,47,162,78,64,142,304
07/17/2002,DHN,AL,ASO,ES,Federal Contract Tower,9,10,41,40,100,0,0,64,30,94,9,10,105,70,194,102,104,206,400
07/18/2002,DHN,AL,ASO,ES,Federal Contract Tower,9,10,42,41,102,0,0,52,40,92,9,10,94,81,194,108,76,184,378
07/19/2002,DHN,AL,ASO,ES,Federal Contract Tower,9,8,38,37,92,0,0,55,21,76,9,8,93,58,168,74,68,142,310
07/20/2002,DHN,AL,ASO,ES,Federal Contract Tower,4,3,17,16,40,3,0,35,9,47,7,3,52,25,87,2,20,22,109
07/21/2002,DHN,AL,ASO,ES,Federal Contract Tower,2,2,10,6,20,4,0,14,0,18,6,2,24,6,38,2,0,2,40
07/22/2002,DHN,AL,ASO,ES,Federal Contract Tower,10,10,40,40,100,0,0,24,40,64,10,10,64,80,164,70,64,134,298
07/23/2002,DHN,AL,ASO,ES,Federal Contract Tower,7,7,38,39,91,0,0,0,44,44,7,7,38,83,135,34,68,102,237
07/24/2002,DHN,AL,ASO,ES,Federal Contract Tower,11,11,39,39,100,0,0,23,23,46,11,11,62,62,146,72,76,148,294
07/25/2002,DHN,AL,ASO,ES,Federal Contract Tower,10,8,38,37,93,0,0,21,25,46,10,8,59,62,139,100,56,156,295
07/26/2002,DHN,AL,ASO,ES,Federal Contract Tower,11,6,38,38,93,1,0,23,34,58,12,6,61,72,151,84,114,198,349
07/27/2002,DHN,AL,ASO,ES,Federal Contract Tower,2,0,11,9,22,4,0,7,0,11,6,0,18,9,33,18,26,44,77
07/28/2002,DHN,AL,ASO,ES,Federal Contract Tower,4,1,13,13,31,3,0,6,3,12,7,1,19,16,43,28,30,58,101
07/29/2002,DHN,AL,ASO,ES,Federal Contract Tower,7,7,27,28,69,4,0,8,41,53,11,7,35,69,122,76,74,150,272
07/30/2002,DHN,AL,ASO,ES,Federal Contract Tower,8,1,30,30,69,3,0,31,11,45,11,1,61,41,114,106,38,144,258
07/31/2002,DHN,AL,ASO,ES,Federal Contract Tower,9,8,39,40,96,0,0,43,12,55,9,8,82,52,151,116,96,212,363
08/01/2002,DHN,AL,ASO,ES,Federal Contract Tower,7,8,45,47,107,0,0,56,45,101,7,8,101,92,208,70,68,138,346
08/02/2002,DHN,AL,ASO,ES,Federal Contract Tower,9,8,43,44,104,0,2,32,35,69,9,10,75,79,173,108,52,160,333
08/03/2002,DHN,AL,ASO,ES,Federal Contract Tower,4,2,11,6,23,1,0,28,0,29,5,2,39,6,52,26,12,38,90
08/04/2002,DHN,AL,ASO,ES,Federal Contract Tower,5,2,13,13,33,3,0,29,0,32,8,2,42,13,65,28,4,32,97
08/05/2002,DHN,AL,ASO,ES,Federal Contract Tower,9,9,49,51,118,0,2,31,43,76,9,11,80,94,194,102,82,184,378
08/06/2002,DHN,AL,ASO,ES,Federal Contract Tower,9,7,36,38,90,0,4,60,5,69,9,11,96,43,159,90,66,156,315
08/07/2002,DHN,AL,ASO,ES,Federal Contract Tower,9,6,32,33,80,2,3,62,7,74,11,9,94,40,154,54,88,142,296
08/08/2002,DHN,AL,ASO,ES,Federal Contract Tower,9,7,40,41,97,0,0,31,30,61,9,7,71,71,158,62,50,112,270
08/09/2002,DHN,AL,ASO,ES,Federal Contract Tower,7,8,40,42,97,0,0,58,35,93,7,8,98,77,190,66,96,162,352
08/10/2002,DHN,AL,ASO,ES,Federal Contract Tower,4,1,14,11,30,4,0,97,0,101,8,1,111,11,131,28,36,64,195
08/11/2002,DHN,AL,ASO,ES,Federal Contract Tower,4,0,12,3,19,4,0,77,0,81,8,0,89,3,100,26,18,44,144
08/12/2002,DHN,AL,ASO,ES,Federal Contract Tower,9,6,37,37,89,0,0,27,31,58,9,6,64,68,147,92,140,232,379
08/13/2002,DHN,AL,ASO,ES,Federal Contract Tower,9,7,37,37,90,0,1,21,37,59,9,8,58,74,149,130,92,222,371
08/14/2002,DHN,AL,ASO,ES,Federal Contract Tower,9,7,38,37,91,0,3,15,61,79,9,10,53,98,170,84,88,172,342
08/15/2002,DHN,AL,ASO,ES,Federal Contract Tower,9,8,41,40,98,0,1,9,30,40,9,9,50,70,138,70,60,130,268
08/16/2002,DHN,AL,ASO,ES,Federal Contract Tower,8,8,49,48,113,0,0,12,41,53,8,8,61,89,166,108,108,216,382
08/17/2002,DHN,AL,ASO,ES,Federal Contract Tower,1,1,6,4,12,5,0,17,0,22,6,1,23,4,34,10,0,10,44
08/18/2002,DHN,AL,ASO,ES,Federal Contract Tower,2,0,11,9,22,4,0,15,0,19,6,0,26,9,41,22,4,26,67
08/19/2002,DHN,AL,ASO,ES,Federal Contract Tower,8,7,37,37,89,0,0,56,41,97,8,7,93,78,186,132,122,254,440
08/20/2002,DHN,AL,ASO,ES,Federal Contract Tower,9,8,38,37,92,0,0,40,16,56,9,8,78,53,148,102,82,184,332
08/21/2002,DHN,AL,ASO,ES,Federal Contract Tower,10,8,41,41,100,0,3,54,43,100,10,11,95,84,200,70,140,210,410
08/22/2002,DHN,AL,ASO,ES,Federal Contract Tower,8,6,29,28,71,4,2,33,41,80,12,8,62,69,151,90,110,200,351
08/23/2002,DHN,AL,ASO,ES,Federal Contract Tower,9,8,37,37,91,0,1,25,23,49,9,9,62,60,140,140,68,208,348
08/24/2002,DHN,AL,ASO,ES,Federal Contract Tower,3,2,11,8,24,7,0,48,0,55,10,2,59,8,79,8,2,10,89
08/25/2002,DHN,AL,ASO,ES,Federal Contract Tower,1,0,8,6,15,6,0,23,0,29,7,0,31,6,44,26,0,26,70
08/26/2002,DHN,AL,ASO,ES,Federal Contract Tower,10,7,41,41,99,0,0,10,39,49,10,7,51,80,148,30,48,78,226
08/27/2002,DHN,AL,ASO,ES,Federal Contract Tower,9,9,43,43,104,0,0,8,16,24,9,9,51,59,128,86,32,118,246
08/28/2002,DHN,AL,ASO,ES,Federal Contract Tower,10,8,59,60,137,0,0,10,36,46,10,8,69,96,183,66,84,150,333
08/29/2002,DHN,AL,ASO,ES,Federal Contract Tower,11,10,52,52,125,0,2,8,19,29,11,12,60,71,154,42,40,82,236
08/30/2002,DHN,AL,ASO,ES,Federal Contract Tower,9,6,33,12,60,0,3,48,0,51,9,9,81,12,111,28,8,36,147
08/31/2002,DHN,AL,ASO,ES,Federal Contract Tower,3,2,13,3,21,6,0,12,0,18,9,2,25,3,39,4,0,4,43
09/01/2002,DHN,AL,ASO,ES,Federal Contract Tower,1,0,7,0,8,5,0,16,0,21,6,0,23,0,29,2,0,2,31
09/02/2002,DHN,AL,ASO,ES,Federal Contract Tower,3,0,9,2,14,4,0,39,0,43,7,0,48,2,57,0,0,0,57
09/03/2002,DHN,AL,ASO,ES,Federal Contract Tower,7,8,30,33,78,0,3,26,51,80,7,11,56,84,158,78,154,232,390
09/04/2002,DHN,AL,ASO,ES,Federal Contract Tower,10,9,36,40,95,0,1,43,44,88,10,10,79,84,183,160,148,308,491
09/05/2002,DHN,AL,ASO,ES,Federal Contract Tower,7,8,31,34,80,0,0,30,37,67,7,8,61,71,147,100,124,224,371
09/06/2002,DHN,AL,ASO,ES,Federal Contract Tower,9,8,40,43,100,0,0,29,25,54,9,8,69,68,154,66,116,182,336
09/07/2002,DHN,AL,ASO,ES,Federal Contract Tower,6,2,19,21,48,1,0,18,17,36,7,2,37,38,84,2,30,32,116
09/08/2002,DHN,AL,ASO,ES,Federal Contract Tower,3,0,10,10,23,4,0,38,0,42,7,0,48,10,65,36,32,68,133
09/09/2002,DHN,AL,ASO,ES,Federal Contract Tower,9,9,43,44,105,0,0,19,52,71,9,9,62,96,176,132,196,328,504
09/10/2002,DHN,AL,ASO,ES,Federal Contract Tower,5,8,34,34,81,0,0,47,20,67,5,8,81,54,148,90,66,156,304
09/11/2002,DHN,AL,ASO,ES,Federal Contract Tower,5,11,48,47,111,0,2,21,53,76,5,13,69,100,187,88,124,212,399
09/12/2002,DHN,AL,ASO,ES,Federal Contract Tower,7,10,49,49,115,0,0,52,23,75,7,10,101,72,190,114,96,210,400
09/13/2002,DHN,AL,ASO,ES,Federal Contract Tower,7,9,36,37,89,0,0,0,25,25,7,9,36,62,114,22,4,26,140
09/14/2002,DHN,AL,ASO,ES,Federal Contract Tower,2,1,6,0,9,6,0,0,0,6,8,1,6,0,15,0,0,0,15
09/15/2002,DHN,AL,ASO,ES,Federal Contract Tower,4,0,12,4,20,3,0,23,0,26,7,0,35,4,46,16,0,16,62
09/16/2002,DHN,AL,ASO,ES,Federal Contract Tower,7,6,27,23,63,2,3,50,0,55,9,9,77,23,118,92,40,132,250
09/17/2002,DHN,AL,ASO,ES,Federal Contract Tower,8,9,39,34,90,0,0,20,0,20,8,9,59,34,110,56,118,174,284
09/18/2002,DHN,AL,ASO,ES,Federal Contract Tower,9,8,38,39,94,0,1,24,38,63,9,9,62,77,157,80,110,190,347
09/19/2002,DHN,AL,ASO,ES,Federal Contract Tower,8,7,42,43,100,0,0,26,31,57,8,7,68,74,157,72,44,116,273
09/20/2002,DHN,AL,ASO,ES,Federal Contract Tower,11,10,50,51,122,0,0,8,36,44,11,10,58,87,166,26,50,76,242
09/21/2002,DHN,AL,ASO,ES,Federal Contract Tower,2,1,10,4,17,6,0,8,0,14,8,1,18,4,31,0,0,0,31
09/22/2002,DHN,AL,ASO,ES,Federal Contract Tower,3,2,14,9,28,4,0,18,0,22,7,2,32,9,50,12,0,12,62
09/23/2002,DHN,AL,ASO,ES,Federal Contract Tower,9,9,50,52,120,0,0,43,48,91,9,9,93,100,211,62,104,166,377
09/24/2002,DHN,AL,ASO,ES,Federal Contract Tower,7,9,42,43,101,0,0,15,3,18,7,9,57,46,119,68,18,86,205
09/25/2002,DHN,AL,ASO,ES,Federal Contract Tower,7,9,31,43,90,0,3,0,17,20,7,12,31,60,110,12,36,48,158
09/26/2002,DHN,AL,ASO,ES,Federal Contract Tower,2,2,9,0,13,5,7,0,0,12,7,9,9,0,25,0,0,0,25
09/27/2002,DHN,AL,ASO,ES,Federal Contract Tower,12,8,49,50,119,0,0,38,18,56,12,8,87,68,175,96,116,212,387
09/28/2002,DHN,AL,ASO,ES,Federal Contract Tower,4,1,17,17,39,3,0,37,1,41,7,1,54,18,80,110,34,144,224
09/29/2002,DHN,AL,ASO,ES,Federal Contract Tower,1,0,8,0,9,7,0,10,0,17,8,0,18,0,26,6,0,6,32
09/30/2002,DHN,AL,ASO,ES,Federal Contract Tower,10,9,40,41,100,1,0,16,26,43,11,9,56,67,143,110,78,188,331
10/01/2002,DHN,AL,ASO,ES,Federal Contract Tower,9,6,40,44,99,0,1,0,10,11,9,7,40,54,110,92,96,188,298
10/02/2002,DHN,AL,ASO,ES,Federal Contract Tower,10,9,66,74,159,0,0,0,14,14,10,9,66,88,173,156,188,344,517
10/03/2002,DHN,AL,ASO,ES,Federal Contract Tower,9,7,45,50,111,0,1,26,31,58,9,8,71,81,169,118,118,236,405
10/04/2002,DHN,AL,ASO,ES,Federal Contract Tower,7,5,29,33,74,2,2,0,22,26,9,7,29,55,100,92,120,212,312
10/05/2002,DHN,AL,ASO,ES,Federal Contract Tower,4,1,13,3,21,4,0,9,0,13,8,1,22,3,34,12,6,18,52
10/06/2002,DHN,AL,ASO,ES,Federal Contract Tower,3,0,11,13,27,4,0,33,0,37,7,0,44,13,64,12,6,18,82
10/07/2002,DHN,AL,ASO,ES,Federal Contract Tower,9,9,54,60,132,0,0,30,54,84,9,9,84,114,216,113,128,241,457
10/08/2002,DHN,AL,ASO,ES,Federal Contract Tower,10,8,47,53,118,0,2,21,4,27,10,10,68,57,145,85,126,211,356
10/09/2002,DHN,AL,ASO,ES,Federal Contract Tower,7,9,59,65,140,0,0,17,21,38,7,9,76,86,178,8,20,28,206
10/10/2002,DHN,AL,ASO,ES,Federal Contract Tower,10,8,67,73,158,0,0,2,27,29,10,8,69,100,187,34,14,48,235
10/11/2002,DHN,AL,ASO,ES,Federal Contract Tower,9,10,63,69,151,0,4,26,25,55,9,14,89,94,206,68,120,188,394
10/12/2002,DHN,AL,ASO,ES,Federal Contract Tower,4,1,16,0,21,4,0,35,0,39,8,1,51,0,60,10,0,10,70
10/13/2002,DHN,AL,ASO,ES,Federal Contract Tower,2,0,9,0,11,5,0,23,0,28,7,0,32,0,39,20,0,20,59
10/14/2002,DHN,AL,ASO,ES,Federal Contract Tower,3,1,18,2,24,7,0,35,0,42,10,1,53,2,66,2,0,2,68
10/15/2002,DHN,AL,ASO,ES,Federal Contract Tower,7,8,40,46,101,0,4,0,25,29,7,12,40,71,130,6,4,10,140
10/16/2002,DHN,AL,ASO,ES,Federal Contract Tower,9,8,44,47,108,0,4,44,17,65,9,12,88,64,173,100,80,180,353
10/17/2002,DHN,AL,ASO,ES,Federal Contract Tower,9,8,44,46,107,0,5,46,33,84,9,13,90,79,191,108,96,204,395
10/18/2002,DHN,AL,ASO,ES,Federal Contract Tower,8,7,39,42,96,2,2,55,19,78,10,9,94,61,174,94,90,184,358
10/19/2002,DHN,AL,ASO,ES,Federal Contract Tower,1,1,9,6,17,5,0,55,0,60,6,1,64,6,77,14,0,14,91
10/20/2002,DHN,AL,ASO,ES,Federal Contract Tower,1,0,10,4,15,5,0,39,0,44,6,0,49,4,59,2,0,2,61
10/21/2002,DHN,AL,ASO,ES,Federal Contract Tower,6,7,40,43,96,0,0,3,6,9,6,7,43,49,105,72,92,164,269
10/22/2002,DHN,AL,ASO,ES,Federal Contract Tower,7,10,72,78,167,0,0,40,76,116,7,10,112,154,283,84,150,234,517
10/23/2002,DHN,AL,ASO,ES,Federal Contract Tower,8,6,57,61,132,0,0,18,0,18,8,6,75,61,150,26,18,44,194
10/24/2002,DHN,AL,ASO,ES,Federal Contract Tower,8,8,49,44,109,0,0,16,0,16,8,8,65,44,125,10,20,30,155
10/25/2002,DHN,AL,ASO,ES,Federal Contract Tower,8,7,41,43,99,0,2,16,7,25,8,9,57,50,124,12,8,20,144
10/26/2002,DHN,AL,ASO,ES,Federal Contract Tower,2,1,9,2,14,6,0,4,0,10,8,1,13,2,24,0,0,0,24
10/27/2002,DHN,AL,ASO,ES,Federal Contract Tower,3,1,11,4,19,3,0,8,0,11,6,1,19,4,30,0,0,0,30
10/28/2002,DHN,AL,ASO,ES,Federal Contract Tower,8,6,39,42,95,0,1,26,10,37,8,7,65,52,132,100,122,222,354
10/29/2002,DHN,AL,ASO,ES,Federal Contract Tower,11,10,59,64,144,0,0,23,41,64,11,10,82,105,208,62,36,98,306
10/30/2002,DHN,AL,ASO,ES,Federal Contract Tower,8,7,46,49,110,0,1,49,40,90,8,8,95,89,200,88,76,164,364
10/31/2002,DHN,AL,ASO,ES,Federal Contract Tower,7,7,42,46,102,0,1,66,10,77,7,8,108,56,179,160,104,264,443
11/01/2002,DHN,AL,ASO,ES,Federal Contract Tower,9,8,27,31,75,0,0,58,33,91,9,8,85,64,166,110,120,230,396
11/02/2002,DHN,AL,ASO,ES,Federal Contract Tower,7,5,14,0,26,0,0,47,0,47,7,5,61,0,73,40,0,40,113
11/03/2002,DHN,AL,ASO,ES,Federal Contract Tower,7,0,26,3,36,0,0,31,1,32,7,0,57,4,68,28,0,28,96
11/04/2002,DHN,AL,ASO,ES,Federal Contract Tower,7,7,47,50,111,0,0,4,0,4,7,7,51,50,115,32,22,54,169
11/05/2002,DHN,AL,ASO,ES,Federal Contract Tower,5,8,59,25,97,0,0,3,16,19,5,8,62,41,116,62,98,160,276
11/06/2002,DHN,AL,ASO,ES,Federal Contract Tower,9,10,62,49,130,0,0,50,21,71,9,10,112,70,201,98,138,236,437
11/07/2002,DHN,AL,ASO,ES,Federal Contract Tower,10,9,37,32,88,0,0,67,34,101,10,9,104,66,189,57,48,105,294
11/08/2002,DHN,AL,ASO,ES,Federal Contract Tower,8,10,22,41,81,0,0,55,31,86,8,10,77,72,167,90,32,122,289
11/09/2002,DHN,AL,ASO,ES,Federal Contract Tower,7,1,24,3,35,0,0,61,5,66,7,1,85,8,101,14,0,14,115
11/10/2002,DHN,AL,ASO,ES,Federal Contract Tower,7,0,15,2,24,0,0,5,1,6,7,0,20,3,30,16,0,16,46
11/11/2002,DHN,AL,ASO,ES,Federal Contract Tower,11,1,6,2,20,0,0,1,1,2,11,1,7,3,22,0,0,0,22
11/12/2002,DHN,AL,ASO,ES,Federal Contract Tower,10,9,39,78,136,0,0,33,28,61,10,9,72,106,197,62,118,180,377
11/13/2002,DHN,AL,ASO,ES,Federal Contract Tower,9,8,41,32,90,0,0,64,38,102,9,8,105,70,192,148,20,168,360
11/14/2002,DHN,AL,ASO,ES,Federal Contract Tower,8,8,25,38,79,0,0,35,37,72,8,8,60,75,151,78,96,174,325
11/15/2002,DHN,AL,ASO,ES,Federal Contract Tower,11,8,38,48,105,0,1,27,22,50,11,9,65,70,155,120,234,354,509
11/16/2002,DHN,AL,ASO,ES,Federal Contract Tower,7,2,15,3,27,0,1,12,0,13,7,3,27,3,40,0,0,0,40
11/17/2002,DHN,AL,ASO,ES,Federal Contract Tower,7,3,22,6,38,0,0,23,0,23,7,3,45,6,61,24,0,24,85
11/18/2002,DHN,AL,ASO,ES,Federal Contract Tower,9,11,27,57,104,0,0,52,29,81,9,11,79,86,185,106,106,212,397
11/19/2002,DHN,AL,ASO,ES,Federal Contract Tower,11,12,42,65,130,0,0,45,53,98,11,12,87,118,228,78,76,154,382
11/20/2002,DHN,AL,ASO,ES,Federal Contract Tower,7,8,41,47,103,0,0,52,62,114,7,8,93,109,217,90,118,208,425
11/21/2002,DHN,AL,ASO,ES,Federal Contract Tower,7,10,51,64,132,0,0,34,48,82,7,10,85,112,214,134,116,250,464
11/22/2002,DHN,AL,ASO,ES,Federal Contract Tower,9,6,29,50,94,0,2,49,41,92,9,8,78,91,186,78,94,172,358
11/23/2002,DHN,AL,ASO,ES,Federal Contract Tower,7,1,32,15,55,0,2,21,3,26,7,3,53,18,81,8,12,20,101
11/24/2002,DHN,AL,ASO,ES,Federal Contract Tower,7,0,11,1,19,0,0,27,3,30,7,0,38,4,49,20,0,20,69
11/25/2002,DHN,AL,ASO,ES,Federal Contract Tower,9,7,36,48,100,0,0,44,28,72,9,7,80,76,172,104,102,206,378
11/26/2002,DHN,AL,ASO,ES,Federal Contract Tower,11,8,53,81,153,0,0,52,29,81,11,8,105,110,234,124,126,250,484
11/27/2002,DHN,AL,ASO,ES,Federal Contract Tower,9,11,61,34,115,0,0,43,21,64,9,11,104,55,179,18,20,38,217
11/28/2002,DHN,AL,ASO,ES,Federal Contract Tower,4,2,15,0,21,5,4,5,0,14,9,6,20,0,35,0,0,0,35
11/29/2002,DHN,AL,ASO,ES,Federal Contract Tower,8,9,14,0,31,0,0,43,0,43,8,9,57,0,74,16,0,16,90
11/30/2002,DHN,AL,ASO,ES,Federal Contract Tower,8,3,20,0,31,0,0,17,0,17,8,3,37,0,48,20,0,20,68
12/01/2002,DHN,AL,ASO,ES,Federal Contract Tower,6,0,11,2,19,1,0,38,1,40,7,0,49,3,59,44,0,44,103
12/02/2002,DHN,AL,ASO,ES,Federal Contract Tower,9,8,31,50,98,0,0,34,28,62,9,8,65,78,160,74,54,128,288
12/03/2002,DHN,AL,ASO,ES,Federal Contract Tower,8,8,51,49,116,0,0,39,28,67,8,8,90,77,183,98,88,186,369
12/04/2002,DHN,AL,ASO,ES,Federal Contract Tower,8,10,51,69,138,0,0,37,52,89,8,10,88,121,227,106,74,180,407
12/05/2002,DHN,AL,ASO,ES,Federal Contract Tower,8,8,43,40,99,0,0,33,30,63,8,8,76,70,162,8,0,8,170
12/06/2002,DHN,AL,ASO,ES,Federal Contract Tower,9,8,37,51,105,0,8,35,53,96,9,16,72,104,201,65,14,79,280
12/07/2002,DHN,AL,ASO,ES,Federal Contract Tower,8,1,30,2,41,0,0,29,4,33,8,1,59,6,74,0,0,0,74
12/08/2002,DHN,AL,ASO,ES,Federal Contract Tower,9,0,24,0,33,0,0,32,5,37,9,0,56,5,70,32,0,32,102
12/09/2002,DHN,AL,ASO,ES,Federal Contract Tower,9,13,30,47,99,0,0,27,57,84,9,13,57,104,183,76,104,180,363
12/10/2002,DHN,AL,ASO,ES,Federal Contract Tower,9,12,36,33,90,0,0,13,1,14,9,12,49,34,104,22,0,22,126
12/11/2002,DHN,AL,ASO,ES,Federal Contract Tower,8,8,58,91,165,0,0,35,35,70,8,8,93,126,235,54,6,60,295
12/12/2002,DHN,AL,ASO,ES,Federal Contract Tower,8,9,53,63,133,0,0,33,43,76,8,9,86,106,209,74,50,124,333
12/13/2002,DHN,AL,ASO,ES,Federal Contract Tower,8,8,29,50,95,0,0,11,23,34,8,8,40,73,129,0,36,36,165
12/14/2002,DHN,AL,ASO,ES,Federal Contract Tower,7,1,19,23,50,0,0,24,25,49,7,1,43,48,99,0,20,20,119
12/15/2002,DHN,AL,ASO,ES,Federal Contract Tower,7,0,20,6,33,0,0,48,4,52,7,0,68,10,85,12,0,12,97
12/16/2002,DHN,AL,ASO,ES,Federal Contract Tower,7,8,29,54,98,0,0,54,43,97,7,8,83,97,195,140,76,216,411
12/17/2002,DHN,AL,ASO,ES,Federal Contract Tower,9,10,37,74,130,0,0,58,34,92,9,10,95,108,222,144,54,198,420
12/18/2002,DHN,AL,ASO,ES,Federal Contract Tower,8,10,42,70,130,0,0,38,36,74,8,10,80,106,204,70,14,84,288
12/19/2002,DHN,AL,ASO,ES,Federal Contract Tower,6,9,39,39,93,0,0,49,26,75,6,9,88,65,168,62,34,96,264
12/20/2002,DHN,AL,ASO,ES,Federal Contract Tower,10,8,39,13,70,1,0,23,16,40,11,8,62,29,110,12,20,32,142
12/21/2002,DHN,AL,ASO,ES,Federal Contract Tower,8,1,14,1,24,0,0,35,1,36,8,1,49,2,60,10,0,10,70
12/22/2002,DHN,AL,ASO,ES,Federal Contract Tower,7,0,4,0,11,0,0,20,2,22,7,0,24,2,33,2,0,2,35
12/23/2002,DHN,AL,ASO,ES,Federal Contract Tower,8,6,29,4,47,0,0,30,4,34,8,6,59,8,81,0,0,0,81
12/24/2002,DHN,AL,ASO,ES,Federal Contract Tower,4,7,10,0,21,0,0,2,0,2,4,7,12,0,23,0,0,0,23
12/25/2002,DHN,AL,ASO,ES,Federal Contract Tower,1,0,6,0,7,0,0,3,0,3,1,0,9,0,10,0,0,0,10
12/26/2002,DHN,AL,ASO,ES,Federal Contract Tower,6,6,34,3,49,0,0,13,1,14,6,6,47,4,63,2,0,2,65
12/27/2002,DHN,AL,ASO,ES,Federal Contract Tower,7,5,37,9,58,1,0,23,1,25,8,5,60,10,83,18,0,18,101
12/28/2002,DHN,AL,ASO,ES,Federal Contract Tower,10,3,14,2,29,0,0,42,3,45,10,3,56,5,74,24,8,32,106
12/29/2002,DHN,AL,ASO,ES,Federal Contract Tower,3,0,16,0,19,5,0,42,0,47,8,0,58,0,66,10,0,10,76
12/30/2002,DHN,AL,ASO,ES,Federal Contract Tower,8,0,18,0,26,1,3,46,2,52,9,3,64,2,78,38,0,38,116
12/31/2002,DHN,AL,ASO,ES,Federal Contract Tower,5,4,16,0,25,0,0,1,0,1,5,4,17,0,26,0,0,0,26
01/01/2003,DHN,AL,ASO,ES,Federal Contract Tower,3,0,18,0,21,1,0,15,0,16,4,0,33,0,37,18,0,18,55
01/02/2003,DHN,AL,ASO,ES,Federal Contract Tower,4,4,29,6,43,2,0,26,4,32,6,4,55,10,75,16,16,32,107
01/03/2003,DHN,AL,ASO,ES,Federal Contract Tower,9,7,41,25,82,2,0,38,10,50,11,7,79,35,132,120,68,188,320
01/04/2003,DHN,AL,ASO,ES,Federal Contract Tower,6,1,39,3,49,2,0,47,3,52,8,1,86,6,101,28,0,28,129
01/05/2003,DHN,AL,ASO,ES,Federal Contract Tower,8,0,14,2,24,1,0,38,0,39,9,0,52,2,63,6,0,6,69
01/06/2003,DHN,AL,ASO,ES,Federal Contract Tower,7,4,40,57,108,1,0,48,50,99,8,4,88,107,207,83,60,143,350
01/07/2003,DHN,AL,ASO,ES,Federal Contract Tower,11,3,35,100,149,1,1,54,45,101,12,4,89,145,250,92,140,232,482
01/08/2003,DHN,AL,ASO,ES,Federal Contract Tower,9,3,49,76,137,0,2,87,73,162,9,5,136,149,299,114,92,206,505
01/09/2003,DHN,AL,ASO,ES,Federal Contract Tower,7,5,35,51,98,0,0,57,41,98,7,5,92,92,196,62,50,112,308
01/10/2003,DHN,AL,ASO,ES,Federal Contract Tower,7,4,55,80,146,0,0,38,43,81,7,4,93,123,227,30,72,102,329
01/11/2003,DHN,AL,ASO,ES,Federal Contract Tower,7,1,15,9,32,0,1,30,5,36,7,2,45,14,68,10,0,10,78
01/12/2003,DHN,AL,ASO,ES,Federal Contract Tower,10,0,14,5,29,0,0,15,0,15,10,0,29,5,44,0,0,0,44
01/13/2003,DHN,AL,ASO,ES,Federal Contract Tower,8,7,45,90,150,0,0,57,58,115,8,7,102,148,265,80,96,176,441
01/14/2003,DHN,AL,ASO,ES,Federal Contract Tower,8,4,75,92,179,0,0,33,51,84,8,4,108,143,263,76,130,206,469
01/15/2003,DHN,AL,ASO,ES,Federal Contract Tower,8,4,28,65,105,0,0,44,24,68,8,4,72,89,173,62,82,144,317
01/16/2003,DHN,AL,ASO,ES,Federal Contract Tower,10,4,17,60,91,0,0,31,23,54,10,4,48,83,145,122,57,179,324
01/17/2003,DHN,AL,ASO,ES,Federal Contract Tower,8,4,37,36,85,0,1,27,22,50,8,5,64,58,135,128,54,182,317
01/18/2003,DHN,AL,ASO,ES,Federal Contract Tower,7,3,5,5,20,0,0,24,4,28,7,3,29,9,48,0,12,12,60
01/19/2003,DHN,AL,ASO,ES,Federal Contract Tower,6,0,7,5,18,0,2,21,6,29,6,2,28,11,47,10,6,16,63
01/20/2003,DHN,AL,ASO,ES,Federal Contract Tower,9,1,17,3,30,0,0,38,2,40,9,1,55,5,70,34,12,46,116
01/21/2003,DHN,AL,ASO,ES,Federal Contract Tower,8,4,43,77,132,0,0,28,20,48,8,4,71,97,180,50,118,168,348
01/22/2003,DHN,AL,ASO,ES,Federal Contract Tower,8,4,58,74,144,0,0,25,29,54,8,4,83,103,198,54,44,98,296
01/23/2003,DHN,AL,ASO,ES,Federal Contract Tower,10,5,21,73,109,0,1,44,37,82,10,6,65,110,191,50,81,131,322
01/24/2003,DHN,AL,ASO,ES,Federal Contract Tower,10,4,30,44,88,0,0,56,32,88,10,4,86,76,176,84,72,156,332
01/25/2003,DHN,AL,ASO,ES,Federal Contract Tower,7,3,14,8,32,0,9,28,6,43,7,12,42,14,75,10,4,14,89
01/26/2003,DHN,AL,ASO,ES,Federal Contract Tower,8,0,12,4,24,0,0,20,0,20,8,0,32,4,44,0,0,0,44
01/27/2003,DHN,AL,ASO,ES,Federal Contract Tower,8,3,27,44,82,0,0,37,35,72,8,3,64,79,154,126,24,150,304
01/28/2003,DHN,AL,ASO,ES,Federal Contract Tower,9,4,48,74,135,0,0,54,67,121,9,4,102,141,256,134,96,230,486
01/29/2003,DHN,AL,ASO,ES,Federal Contract Tower,10,4,45,59,118,20,0,28,63,111,30,4,73,122,229,46,86,132,361
01/30/2003,DHN,AL,ASO,ES,Federal Contract Tower,10,4,46,32,92,0,0,14,42,56,10,4,60,74,148,26,0,26,174
01/31/2003,DHN,AL,ASO,ES,Federal Contract Tower,13,4,56,89,162,18,0,55,22,95,31,4,111,111,257,54,94,148,405
02/01/2003,DHN,AL,ASO,ES,Federal Contract Tower,10,1,18,11,40,0,0,34,5,39,10,1,52,16,79,22,0,22,101
02/02/2003,DHN,AL,ASO,ES,Federal Contract Tower,9,0,5,17,31,1,0,28,14,43,10,0,33,31,74,20,6,26,100
02/03/2003,DHN,AL,ASO,ES,Federal Contract Tower,9,5,44,47,105,0,0,30,43,73,9,5,74,90,178,22,74,96,274
02/04/2003,DHN,AL,ASO,ES,Federal Contract Tower,9,5,36,45,95,0,1,63,45,109,9,6,99,90,204,126,164,290,494
02/05/2003,DHN,AL,ASO,ES,Federal Contract Tower,8,8,44,45,105,0,0,49,39,88,8,8,93,84,193,70,83,153,346
02/06/2003,DHN,AL,ASO,ES,Federal Contract Tower,11,7,53,70,141,0,0,30,39,69,11,7,83,109,210,68,80,148,358
02/07/2003,DHN,AL,ASO,ES,Federal Contract Tower,9,4,57,73,143,0,0,21,21,42,9,4,78,94,185,39,25,64,249
02/08/2003,DHN,AL,ASO,ES,Federal Contract Tower,7,1,29,2,39,0,0,54,12,66,7,1,83,14,105,60,44,104,209
02/09/2003,DHN,AL,ASO,ES,Federal Contract Tower,8,2,14,5,29,0,0,20,0,20,8,2,34,5,49,24,0,24,73
02/10/2003,DHN,AL,ASO,ES,Federal Contract Tower,9,3,44,44,100,2,3,52,45,102,11,6,96,89,202,44,41,85,287
02/11/2003,DHN,AL,ASO,ES,Federal Contract Tower,10,5,23,45,83,0,0,47,31,78,10,5,70,76,161,78,164,242,403
02/12/2003,DHN,AL,ASO,ES,Federal Contract Tower,8,5,37,44,94,0,0,45,53,98,8,5,82,97,192,66,62,128,320
02/13/2003,DHN,AL,ASO,ES,Federal Contract Tower,9,8,35,27,79,0,1,66,16,83,9,9,101,43,162,93,12,105,267
02/14/2003,DHN,AL,ASO,ES,Federal Contract Tower,11,4,21,60,96,0,0,64,71,135,11,4,85,131,231,100,50,150,381
02/15/2003,DHN,AL,ASO,ES,Federal Contract Tower,6,1,20,2,29,0,0,18,2,20,6,1,38,4,49,8,8,16,65
02/16/2003,DHN,AL,ASO,ES,Federal Contract Tower,6,2,4,2,14,0,0,0,0,0,6,2,4,2,14,0,0,0,14
02/17/2003,DHN,AL,ASO,ES,Federal Contract Tower,6,1,34,2,43,0,0,14,0,14,6,1,48,2,57,0,0,0,57
02/18/2003,DHN,AL,ASO,ES,Federal Contract Tower,12,4,58,91,165,0,0,52,13,65,12,4,110,104,230,112,72,184,414
02/19/2003,DHN,AL,ASO,ES,Federal Contract Tower,11,4,40,43,98,0,0,22,44,66,11,4,62,87,164,88,91,179,343
02/20/2003,DHN,AL,ASO,ES,Federal Contract Tower,9,4,28,73,114,0,0,26,59,85,9,4,54,132,199,94,118,212,411
02/21/2003,DHN,AL,ASO,ES,Federal Contract Tower,8,4,39,78,129,0,0,17,41,58,8,4,56,119,187,18,34,52,239
02/22/2003,DHN,AL,ASO,ES,Federal Contract Tower,6,1,5,2,14,0,2,0,0,2,6,3,5,2,16,0,0,0,16
02/23/2003,DHN,AL,ASO,ES,Federal Contract Tower,7,0,9,3,19,0,0,42,0,42,7,0,51,3,61,26,0,26,87
02/24/2003,DHN,AL,ASO,ES,Federal Contract Tower,8,3,52,46,109,0,0,44,65,109,8,3,96,111,218,106,84,190,408
02/25/2003,DHN,AL,ASO,ES,Federal Contract Tower,7,4,55,68,134,0,0,27,62,89,7,4,82,130,223,92,68,160,383
02/26/2003,DHN,AL,ASO,ES,Federal Contract Tower,8,6,37,80,131,0,2,33,47,82,8,8,70,127,213,76,98,174,387
02/27/2003,DHN,AL,ASO,ES,Federal Contract Tower,8,4,35,64,111,0,0,4,23,27,8,4,39,87,138,16,38,54,192
02/28/2003,DHN,AL,ASO,ES,Federal Contract Tower,8,4,46,61,119,0,0,14,21,35,8,4,60,82,154,16,34,50,204
03/01/2003,DHN,AL,ASO,ES,Federal Contract Tower,5,2,4,0,11,1,0,0,0,1,6,2,4,0,12,0,0,0,12
03/02/2003,DHN,AL,ASO,ES,Federal Contract Tower,5,0,11,6,22,0,0,20,0,20,5,0,31,6,42,18,0,18,60
03/03/2003,DHN,AL,ASO,ES,Federal Contract Tower,6,4,30,16,56,1,0,29,17,47,7,4,59,33,103,36,38,74,177
03/04/2003,DHN,AL,ASO,ES,Federal Contract Tower,8,6,32,32,78,1,0,7,5,13,9,6,39,37,91,0,0,0,91
03/05/2003,DHN,AL,ASO,ES,Federal Contract Tower,4,5,46,33,88,1,0,25,28,54,5,5,71,61,142,96,60,156,298
03/06/2003,DHN,AL,ASO,ES,Federal Contract Tower,10,4,53,82,149,1,0,19,51,71,11,4,72,133,220,58,88,146,366
03/07/2003,DHN,AL,ASO,ES,Federal Contract Tower,8,5,55,61,129,0,1,27,60,88,8,6,82,121,217,52,42,94,311
03/08/2003,DHN,AL,ASO,ES,Federal Contract Tower,7,1,14,4,26,0,0,20,2,22,7,1,34,6,48,12,0,12,60
03/09/2003,DHN,AL,ASO,ES,Federal Contract Tower,6,4,18,5,33,0,0,16,1,17,6,4,34,6,50,4,0,4,54
03/10/2003,DHN,AL,ASO,ES,Federal Contract Tower,12,3,41,66,122,1,0,47,28,76,13,3,88,94,198,93,22,115,313
03/11/2003,DHN,AL,ASO,ES,Federal Contract Tower,9,6,48,48,111,0,0,52,54,106,9,6,100,102,217,116,108,224,441
03/12/2003,DHN,AL,ASO,ES,Federal Contract Tower,10,4,33,52,99,0,0,35,60,95,10,4,68,112,194,54,56,110,304
03/13/2003,DHN,AL,ASO,ES,Federal Contract Tower,8,4,30,35,77,0,0,29,36,65,8,4,59,71,142,82,46,128,270
03/14/2003,DHN,AL,ASO,ES,Federal Contract Tower,10,8,43,37,98,0,0,36,45,81,10,8,79,82,179,76,78,154,333
03/15/2003,DHN,AL,ASO,ES,Federal Contract Tower,8,1,30,0,39,0,0,19,0,19,8,1,49,0,58,2,0,2,60
03/16/2003,DHN,AL,ASO,ES,Federal Contract Tower,7,0,40,0,47,0,0,22,0,22,7,0,62,0,69,20,0,20,89
03/17/2003,DHN,AL,ASO,ES,Federal Contract Tower,7,4,39,52,102,0,0,14,38,52,7,4,53,90,154,52,0,52,206
03/18/2003,DHN,AL,ASO,ES,Federal Contract Tower,9,5,58,70,142,0,0,45,35,80,9,5,103,105,222,80,28,108,330
03/19/2003,DHN,AL,ASO,ES,Federal Contract Tower,8,4,59,70,141,0,0,44,33,77,8,4,103,103,218,92,30,122,340
03/20/2003,DHN,AL,ASO,ES,Federal Contract Tower,8,4,40,48,100,0,0,22,32,54,8,4,62,80,154,76,36,112,266
03/21/2003,DHN,AL,ASO,ES,Federal Contract Tower,9,6,33,56,104,0,4,50,49,103,9,10,83,105,207,148,106,254,461
03/22/2003,DHN,AL,ASO,ES,Federal Contract Tower,7,2,15,2,26,0,0,34,1,35,7,2,49,3,61,20,0,20,81
03/23/2003,DHN,AL,ASO,ES,Federal Contract Tower,7,0,25,3,35,0,0,13,1,14,7,0,38,4,49,0,6,6,55
03/24/2003,DHN,AL,ASO,ES,Federal Contract Tower,7,5,29,37,78,1,0,48,43,92,8,5,77,80,170,106,154,260,430
03/25/2003,DHN,AL,ASO,ES,Federal Contract Tower,10,5,27,54,96,0,1,31,69,101,10,6,58,123,197,54,112,166,363
03/26/2003,DHN,AL,ASO,ES,Federal Contract Tower,8,5,40,47,100,0,0,51,65,116,8,5,91,112,216,82,110,192,408
03/27/2003,DHN,AL,ASO,ES,Federal Contract Tower,8,4,42,72,126,0,0,39,42,81,8,4,81,114,207,94,174,268,475
03/28/2003,DHN,AL,ASO,ES,Federal Contract Tower,8,4,39,64,115,0,0,35,30,65,8,4,74,94,180,92,96,188,368
03/29/2003,DHN,AL,ASO,ES,Federal Contract Tower,7,1,17,4,29,0,0,25,2,27,7,1,42,6,56,4,0,4,60
03/30/2003,DHN,AL,ASO,ES,Federal Contract Tower,7,0,12,0,19,0,0,23,4,27,7,0,35,4,46,6,0,6,52
03/31/2003,DHN,AL,ASO,ES,Federal Contract Tower,9,3,43,54,109,0,0,43,50,93,9,3,86,104,202,110,56,166,368
04/01/2003,DHN,AL,ASO,ES,Federal Contract Tower,9,4,31,56,100,0,0,34,44,78,9,4,65,100,178,58,134,192,370
04/02/2003,DHN,AL,ASO,ES,Federal Contract Tower,8,4,39,44,95,0,0,54,30,84,8,4,93,74,179,92,66,158,337
04/03/2003,DHN,AL,ASO,ES,Federal Contract Tower,9,6,28,64,107,0,0,50,52,102,9,6,78,116,209,64,78,142,351
04/04/2003,DHN,AL,ASO,ES,Federal Contract Tower,12,4,34,55,105,0,0,28,41,69,12,4,62,96,174,30,168,198,372
04/05/2003,DHN,AL,ASO,ES,Federal Contract Tower,7,1,2,6,16,0,0,23,11,34,7,1,25,17,50,4,32,36,86
04/06/2003,DHN,AL,ASO,ES,Federal Contract Tower,6,0,12,7,25,0,0,9,0,9,6,0,21,7,34,0,0,0,34
04/07/2003,DHN,AL,ASO,ES,Federal Contract Tower,9,3,21,70,103,0,0,16,35,51,9,3,37,105,154,29,10,39,193
04/08/2003,DHN,AL,ASO,ES,Federal Contract Tower,9,6,10,5,30,0,0,4,1,5,9,6,14,6,35,0,0,0,35
04/09/2003,DHN,AL,ASO,ES,Federal Contract Tower,8,7,50,75,140,0,0,20,25,45,8,7,70,100,185,28,0,28,213
04/10/2003,DHN,AL,ASO,ES,Federal Contract Tower,10,8,38,30,86,0,0,33,33,66,10,8,71,63,152,72,46,118,270
04/11/2003,DHN,AL,ASO,ES,Federal Contract Tower,8,6,29,47,90,0,0,54,43,97,8,6,83,90,187,62,98,160,347
04/12/2003,DHN,AL,ASO,ES,Federal Contract Tower,8,1,17,6,32,0,0,48,6,54,8,1,65,12,86,106,2,108,194
04/13/2003,DHN,AL,ASO,ES,Federal Contract Tower,7,1,19,3,30,0,0,26,3,29,7,1,45,6,59,0,0,0,59
04/14/2003,DHN,AL,ASO,ES,Federal Contract Tower,10,3,25,44,82,0,0,48,39,87,10,3,73,83,169,104,80,184,353
04/15/2003,DHN,AL,ASO,ES,Federal Contract Tower,9,4,36,72,121,0,0,54,48,102,9,4,90,120,223,96,50,146,369
04/16/2003,DHN,AL,ASO,ES,Federal Contract Tower,8,4,32,41,85,0,0,65,43,108,8,4,97,84,193,74,76,150,343
04/17/2003,DHN,AL,ASO,ES,Federal Contract Tower,8,4,44,57,113,0,0,43,21,64,8,4,87,78,177,52,38,90,267
04/18/2003,DHN,AL,ASO,ES,Federal Contract Tower,8,6,35,38,87,0,0,60,34,94,8,6,95,72,181,126,72,198,379
04/19/2003,DHN,AL,ASO,ES,Federal Contract Tower,7,2,14,0,23,0,0,13,0,13,7,2,27,0,36,6,0,6,42
04/20/2003,DHN,AL,ASO,ES,Federal Contract Tower,7,1,7,9,24,0,0,22,8,30,7,1,29,17,54,4,0,4,58
04/21/2003,DHN,AL,ASO,ES,Federal Contract Tower,8,3,34,74,119,0,0,24,40,64,8,3,58,114,183,12,10,22,205
04/22/2003,DHN,AL,ASO,ES,Federal Contract Tower,8,6,34,73,121,0,0,40,91,131,8,6,74,164,252,40,95,135,387
04/23/2003,DHN,AL,ASO,ES,Federal Contract Tower,8,8,37,87,140,0,0,43,69,112,8,8,80,156,252,36,46,82,334
04/24/2003,DHN,AL,ASO,ES,Federal Contract Tower,8,6,43,34,91,0,0,36,32,68,8,6,79,66,159,74,70,144,303
04/25/2003,DHN,AL,ASO,ES,Federal Contract Tower,12,4,27,44,87,0,0,10,17,27,12,4,37,61,114,48,18,66,180
04/26/2003,DHN,AL,ASO,ES,Federal Contract Tower,12,1,12,2,27,0,0,36,0,36,12,1,48,2,63,4,0,4,67
04/27/2003,DHN,AL,ASO,ES,Federal Contract Tower,7,0,11,4,22,0,0,44,2,46,7,0,55,6,68,6,0,6,74
04/28/2003,DHN,AL,ASO,ES,Federal Contract Tower,10,5,30,55,100,0,0,45,49,94,10,5,75,104,194,62,54,116,310
04/29/2003,DHN,AL,ASO,ES,Federal Contract Tower,9,5,34,33,81,0,0,48,63,111,9,5,82,96,192,48,76,124,316
04/30/2003,DHN,AL,ASO,ES,Federal Contract Tower,10,6,27,44,87,0,1,36,40,77,10,7,63,84,164,100,86,186,350
05/01/2003,DHN,AL,ASO,ES,Federal Contract Tower,8,4,34,46,92,0,0,34,39,73,8,4,68,85,165,62,60,122,287
05/02/2003,DHN,AL,ASO,ES,Federal Contract Tower,10,4,23,50,87,0,2,41,50,93,10,6,64,100,180,122,54,176,356
05/03/2003,DHN,AL,ASO,ES,Federal Contract Tower,9,1,4,3,17,0,0,11,2,13,9,1,15,5,30,2,0,2,32
05/04/2003,DHN,AL,ASO,ES,Federal Contract Tower,10,0,13,8,31,0,0,17,10,27,10,0,30,18,58,14,6,20,78
05/05/2003,DHN,AL,ASO,ES,Federal Contract Tower,6,3,38,86,133,0,0,30,22,52,6,3,68,108,185,58,48,106,291
05/06/2003,DHN,AL,ASO,ES,Federal Contract Tower,6,4,37,43,90,0,0,30,34,64,6,4,67,77,154,56,130,186,340
05/07/2003,DHN,AL,ASO,ES,Federal Contract Tower,7,4,24,55,90,0,0,41,36,77,7,4,65,91,167,112,64,176,343
05/08/2003,DHN,AL,ASO,ES,Federal Contract Tower,9,4,41,42,96,0,0,33,39,72,9,4,74,81,168,64,58,122,290
05/09/2003,DHN,AL,ASO,ES,Federal Contract Tower,8,5,36,68,117,0,0,36,51,87,8,5,72,119,204,82,104,186,390
05/10/2003,DHN,AL,ASO,ES,Federal Contract Tower,7,1,13,1,22,0,0,20,0,20,7,1,33,1,42,22,0,22,64
05/11/2003,DHN,AL,ASO,ES,Federal Contract Tower,7,0,11,10,28,0,0,1,1,2,7,0,12,11,30,0,0,0,30
05/12/2003,DHN,AL,ASO,ES,Federal Contract Tower,8,4,54,52,118,0,0,31,71,102,8,4,85,123,220,126,158,284,504
05/13/2003,DHN,AL,ASO,ES,Federal Contract Tower,8,4,38,41,91,0,0,43,26,69,8,4,81,67,160,104,66,170,330
05/14/2003,DHN,AL,ASO,ES,Federal Contract Tower,8,4,36,52,100,1,0,41,55,97,9,4,77,107,197,104,108,212,409
05/15/2003,DHN,AL,ASO,ES,Federal Contract Tower,8,5,45,46,104,0,0,16,35,51,8,5,61,81,155,72,110,182,337
05/16/2003,DHN,AL,ASO,ES,Federal Contract Tower,8,3,43,70,124,0,0,30,20,50,8,3,73,90,174,72,18,90,264
05/17/2003,DHN,AL,ASO,ES,Federal Contract Tower,6,1,9,5,21,0,0,18,7,25,6,1,27,12,46,12,0,12,58
05/18/2003,DHN,AL,ASO,ES,Federal Contract Tower,6,2,8,0,16,0,0,5,0,5,6,2,13,0,21,0,0,0,21
05/19/2003,DHN,AL,ASO,ES,Federal Contract Tower,9,5,30,65,109,0,0,36,49,85,9,5,66,114,194,80,54,134,328
05/20/2003,DHN,AL,ASO,ES,Federal Contract Tower,8,8,56,75,147,0,0,26,50,76,8,8,82,125,223,18,28,46,269
05/21/2003,DHN,AL,ASO,ES,Federal Contract Tower,8,6,39,50,103,0,2,34,22,58,8,8,73,72,161,122,68,190,351
05/22/2003,DHN,AL,ASO,ES,Federal Contract Tower,8,6,70,53,137,0,0,22,24,46,8,6,92,77,183,0,4,4,187
05/23/2003,DHN,AL,ASO,ES,Federal Contract Tower,7,9,33,0,49,0,3,21,0,24,7,12,54,0,73,2,0,2,75
05/24/2003,DHN,AL,ASO,ES,Federal Contract Tower,8,1,7,0,16,0,0,17,0,17,8,1,24,0,33,8,0,8,41
05/25/2003,DHN,AL,ASO,ES,Federal Contract Tower,7,0,4,1,12,0,0,10,3,13,7,0,14,4,25,0,2,2,27
05/26/2003,DHN,AL,ASO,ES,Federal Contract Tower,8,0,17,0,25,0,0,11,0,11,8,0,28,0,36,0,0,0,36
05/27/2003,DHN,AL,ASO,ES,Federal Contract Tower,7,5,41,48,101,0,0,39,39,78,7,5,80,87,179,68,104,172,351
05/28/2003,DHN,AL,ASO,ES,Federal Contract Tower,9,4,34,61,108,6,10,45,46,107,15,14,79,107,215,82,134,216,431
05/29/2003,DHN,AL,ASO,ES,Federal Contract Tower,8,4,46,44,102,0,0,50,21,71,8,4,96,65,173,70,58,128,301
05/30/2003,DHN,AL,ASO,ES,Federal Contract Tower,8,10,44,43,105,0,4,75,53,132,8,14,119,96,237,82,44,126,363
05/31/2003,DHN,AL,ASO,ES,Federal Contract Tower,7,5,34,5,51,0,2,40,9,51,7,7,74,14,102,10,0,10,112
06/01/2003,DHN,AL,ASO,ES,Federal Contract Tower,7,0,7,3,17,0,0,33,2,35,7,0,40,5,52,32,0,32,84
06/02/2003,DHN,AL,ASO,ES,Federal Contract Tower,8,5,32,50,95,0,0,23,28,51,8,5,55,78,146,46,82,128,274
06/03/2003,DHN,AL,ASO,ES,Federal Contract Tower,8,5,48,77,138,0,1,47,16,64,8,6,95,93,202,22,144,166,368
06/04/2003,DHN,AL,ASO,ES,Federal Contract Tower,9,6,51,88,154,0,0,37,44,81,9,6,88,132,235,40,42,82,317
06/05/2003,DHN,AL,ASO,ES,Federal Contract Tower,8,4,31,70,113,0,0,29,29,58,8,4,60,99,171,86,70,156,327
06/06/2003,DHN,AL,ASO,ES,Federal Contract Tower,8,7,38,66,119,0,0,15,21,36,8,7,53,87,155,12,2,14,169
06/07/2003,DHN,AL,ASO,ES,Federal Contract Tower,7,1,14,0,22,0,0,8,0,8,7,1,22,0,30,0,0,0,30
06/08/2003,DHN,AL,ASO,ES,Federal Contract Tower,7,0,9,2,18,0,0,13,0,13,7,0,22,2,31,24,0,24,55
06/09/2003,DHN,AL,ASO,ES,Federal Contract Tower,9,5,34,60,108,0,0,33,38,71,9,5,67,98,179,61,50,111,290
06/10/2003,DHN,AL,ASO,ES,Federal Contract Tower,8,6,36,43,93,1,0,36,35,72,9,6,72,78,165,66,54,120,285
06/11/2003,DHN,AL,ASO,ES,Federal Contract Tower,7,6,58,35,106,0,0,33,42,75,7,6,91,77,181,70,80,150,331
06/12/2003,DHN,AL,ASO,ES,Federal Contract Tower,8,3,48,48,107,0,0,50,49,99,8,3,98,97,206,127,188,315,521
06/13/2003,DHN,AL,ASO,ES,Federal Contract Tower,8,6,34,54,102,0,0,21,40,61,8,6,55,94,163,72,54,126,289
06/14/2003,DHN,AL,ASO,ES,Federal Contract Tower,5,2,5,0,12,0,0,7,0,7,5,2,12,0,19,8,0,8,27
06/15/2003,DHN,AL,ASO,ES,Federal Contract Tower,8,3,13,1,25,0,0,26,3,29,8,3,39,4,54,0,0,0,54
06/16/2003,DHN,AL,ASO,ES,Federal Contract Tower,9,4,32,43,88,0,0,42,28,70,9,4,74,71,158,106,104,210,368
06/17/2003,DHN,AL,ASO,ES,Federal Contract Tower,7,4,34,44,89,0,0,21,32,53,7,4,55,76,142,98,100,198,340
06/18/2003,DHN,AL,ASO,ES,Federal Contract Tower,9,4,40,46,99,0,1,17,29,47,9,5,57,75,146,52,42,94,240
06/19/2003,DHN,AL,ASO,ES,Federal Contract Tower,9,4,46,53,112,0,0,21,32,53,9,4,67,85,165,12,80,92,257
06/20/2003,DHN,AL,ASO,ES,Federal Contract Tower,7,4,60,71,142,0,0,38,32,70,7,4,98,103,212,56,88,144,356
06/21/2003,DHN,AL,ASO,ES,Federal Contract Tower,7,1,15,3,26,0,0,34,1,35,7,1,49,4,61,8,0,8,69
06/22/2003,DHN,AL,ASO,ES,Federal Contract Tower,6,0,18,4,28,0,0,44,0,44,6,0,62,4,72,26,0,26,98
06/23/2003,DHN,AL,ASO,ES,Federal Contract Tower,8,7,28,50,93,0,0,41,51,92,8,7,69,101,185,96,36,132,317
06/24/2003,DHN,AL,ASO,ES,Federal Contract Tower,8,5,40,40,93,0,1,29,29,59,8,6,69,69,152,72,26,98,250
06/25/2003,DHN,AL,ASO,ES,Federal Contract Tower,9,6,37,35,87,0,0,90,30,120,9,6,127,65,207,140,44,184,391
06/26/2003,DHN,AL,ASO,ES,Federal Contract Tower,10,6,58,49,123,0,0,42,29,71,10,6,100,78,194,86,78,164,358
06/27/2003,DHN,AL,ASO,ES,Federal Contract Tower,8,4,36,43,91,0,0,35,40,75,8,4,71,83,166,92,64,156,322
06/28/2003,DHN,AL,ASO,ES,Federal Contract Tower,7,1,24,3,35,0,0,36,1,37,7,1,60,4,72,8,0,8,80
06/29/2003,DHN,AL,ASO,ES,Federal Contract Tower,7,2,9,0,18,0,0,11,0,11,7,2,20,0,29,22,0,22,51
06/30/2003,DHN,AL,ASO,ES,Federal Contract Tower,8,3,29,31,71,0,0,18,16,34,8,3,47,47,105,42,32,74,179
07/01/2003,DHN,AL,ASO,ES,Federal Contract Tower,6,7,22,12,47,1,1,16,5,23,7,8,38,17,70,28,12,40,110
07/02/2003,DHN,AL,ASO,ES,Federal Contract Tower,7,8,42,65,122,1,0,34,15,50,8,8,76,80,172,74,50,124,296
07/03/2003,DHN,AL,ASO,ES,Federal Contract Tower,9,4,14,2,29,1,0,10,0,11,10,4,24,2,40,4,0,4,44
07/04/2003,DHN,AL,ASO,ES,Federal Contract Tower,8,3,3,0,14,0,0,4,0,4,8,3,7,0,18,0,0,0,18
07/05/2003,DHN,AL,ASO,ES,Federal Contract Tower,7,0,10,0,17,0,0,18,0,18,7,0,28,0,35,6,0,6,41
07/06/2003,DHN,AL,ASO,ES,Federal Contract Tower,6,0,14,1,21,0,0,22,3,25,6,0,36,4,46,0,0,0,46
07/07/2003,DHN,AL,ASO,ES,Federal Contract Tower,7,4,21,64,96,0,0,60,40,100,7,4,81,104,196,136,144,280,476
07/08/2003,DHN,AL,ASO,ES,Federal Contract Tower,3,7,32,68,110,0,69,36,87,192,3,76,68,155,302,56,110,166,468
07/09/2003,DHN,AL,ASO,ES,Federal Contract Tower,9,6,47,51,113,0,0,55,59,114,9,6,102,110,227,78,102,180,407
07/10/2003,DHN,AL,ASO,ES,Federal Contract Tower,6,4,60,43,113,0,0,40,31,71,6,4,100,74,184,104,42,146,330
07/11/2003,DHN,AL,ASO,ES,Federal Contract Tower,8,6,33,36,83,0,0,62,40,102,8,6,95,76,185,92,70,162,347
07/12/2003,DHN,AL,ASO,ES,Federal Contract Tower,7,4,23,3,37,0,0,50,4,54,7,4,73,7,91,6,0,6,97
07/13/2003,DHN,AL,ASO,ES,Federal Contract Tower,6,1,13,2,22,0,0,7,2,9,6,1,20,4,31,2,0,2,33
07/14/2003,DHN,AL,ASO,ES,Federal Contract Tower,6,6,47,59,118,0,0,41,53,94,6,6,88,112,212,89,92,181,393
07/15/2003,DHN,AL,ASO,ES,Federal Contract Tower,7,4,41,83,135,0,0,45,67,112,7,4,86,150,247,104,96,200,447
07/16/2003,DHN,AL,ASO,ES,Federal Contract Tower,7,4,56,28,95,0,0,59,29,88,7,4,115,57,183,84,20,104,287
07/17/2003,DHN,AL,ASO,ES,Federal Contract Tower,3,4,30,38,75,0,72,38,117,227,3,76,68,155,302,56,110,166,468
07/18/2003,DHN,AL,ASO,ES,Federal Contract Tower,6,4,33,45,88,0,0,51,51,102,6,4,84,96,190,129,74,203,393
07/19/2003,DHN,AL,ASO,ES,Federal Contract Tower,5,1,21,0,27,0,0,19,0,19,5,1,40,0,46,2,0,2,48
07/20/2003,DHN,AL,ASO,ES,Federal Contract Tower,7,0,18,8,33,0,0,20,2,22,7,0,38,10,55,8,0,8,63
07/21/2003,DHN,AL,ASO,ES,Federal Contract Tower,7,3,47,52,109,0,0,26,17,43,7,3,73,69,152,102,70,172,324
07/22/2003,DHN,AL,ASO,ES,Federal Contract Tower,7,3,45,65,120,0,0,16,46,62,7,3,61,111,182,38,56,94,276
07/23/2003,DHN,AL,ASO,ES,Federal Contract Tower,8,5,46,52,111,0,1,25,25,51,8,6,71,77,162,62,78,140,302
07/24/2003,DHN,AL,ASO,ES,Federal Contract Tower,8,6,47,58,119,0,0,38,36,74,8,6,85,94,193,70,80,150,343
07/25/2003,DHN,AL,ASO,ES,Federal Contract Tower,8,7,52,61,128,0,0,31,42,73,8,7,83,103,201,58,138,196,397
07/26/2003,DHN,AL,ASO,ES,Federal Contract Tower,7,1,23,3,34,0,0,32,0,32,7,1,55,3,66,40,0,40,106
07/27/2003,DHN,AL,ASO,ES,Federal Contract Tower,7,0,9,8,24,0,0,47,11,58,7,0,56,19,82,14,0,14,96
07/28/2003,DHN,AL,ASO,ES,Federal Contract Tower,8,3,16,42,69,0,0,24,47,71,8,3,40,89,140,77,126,203,343
07/29/2003,DHN,AL,ASO,ES,Federal Contract Tower,7,4,26,50,87,0,0,33,56,89,7,4,59,106,176,78,146,224,400
07/30/2003,DHN,AL,ASO,ES,Federal Contract Tower,8,4,30,54,96,0,0,17,60,77,8,4,47,114,173,52,114,166,339
07/31/2003,DHN,AL,ASO,ES,Federal Contract Tower,5,10,49,49,113,0,0,47,42,89,5,10,96,91,202,56,84,140,342
08/01/2003,DHN,AL,ASO,ES,Federal Contract Tower,7,7,40,47,101,1,0,41,24,66,8,7,81,71,167,62,70,132,299
08/02/2003,DHN,AL,ASO,ES,Federal Contract Tower,8,1,21,0,30,0,0,14,0,14,8,1,35,0,44,18,0,18,62
08/03/2003,DHN,AL,ASO,ES,Federal Contract Tower,6,0,21,2,29,0,0,35,0,35,6,0,56,2,64,12,0,12,76
08/04/2003,DHN,AL,ASO,ES,Federal Contract Tower,8,3,42,61,114,0,0,32,43,75,8,3,74,104,189,54,60,114,303
08/05/2003,DHN,AL,ASO,ES,Federal Contract Tower,7,10,39,63,119,0,0,28,69,97,7,10,67,132,216,58,62,120,336
08/06/2003,DHN,AL,ASO,ES,Federal Contract Tower,8,6,37,51,102,0,0,17,39,56,8,6,54,90,158,82,132,214,372
08/07/2003,DHN,AL,ASO,ES,Federal Contract Tower,7,4,49,54,114,0,0,22,16,38,7,4,71,70,152,50,34,84,236
08/08/2003,DHN,AL,ASO,ES,Federal Contract Tower,8,5,41,60,114,0,0,51,65,116,8,5,92,125,230,88,78,166,396
08/09/2003,DHN,AL,ASO,ES,Federal Contract Tower,7,1,22,0,30,0,0,30,0,30,7,1,52,0,60,12,0,12,72
08/10/2003,DHN,AL,ASO,ES,Federal Contract Tower,6,0,15,0,21,0,0,23,2,25,6,0,38,2,46,0,24,24,70
08/11/2003,DHN,AL,ASO,ES,Federal Contract Tower,8,7,45,32,92,0,0,25,23,48,8,7,70,55,140,36,72,108,248
08/12/2003,DHN,AL,ASO,ES,Federal Contract Tower,8,4,41,44,97,0,0,12,31,43,8,4,53,75,140,26,36,62,202
08/13/2003,DHN,AL,ASO,ES,Federal Contract Tower,8,4,41,44,97,0,0,37,49,86,8,4,78,93,183,46,78,124,307
08/14/2003,DHN,AL,ASO,ES,Federal Contract Tower,9,5,34,47,95,0,0,52,27,79,9,5,86,74,174,110,28,138,312
08/15/2003,DHN,AL,ASO,ES,Federal Contract Tower,7,5,43,34,89,0,0,61,54,115,7,5,104,88,204,100,60,160,364
08/16/2003,DHN,AL,ASO,ES,Federal Contract Tower,6,4,24,2,36,0,0,37,2,39,6,4,61,4,75,24,0,24,99
08/17/2003,DHN,AL,ASO,ES,Federal Contract Tower,7,2,6,4,19,0,0,15,0,15,7,2,21,4,34,8,0,8,42
08/18/2003,DHN,AL,ASO,ES,Federal Contract Tower,7,5,45,50,107,0,0,24,32,56,7,5,69,82,163,95,82,177,340
08/19/2003,DHN,AL,ASO,ES,Federal Contract Tower,8,8,40,49,105,0,0,22,50,72,8,8,62,99,177,78,142,220,397
08/20/2003,DHN,AL,ASO,ES,Federal Contract Tower,9,5,39,42,95,0,1,20,3,24,9,6,59,45,119,52,52,104,223
08/21/2003,DHN,AL,ASO,ES,Federal Contract Tower,8,5,47,38,98,0,0,44,51,95,8,5,91,89,193,34,90,124,317
08/22/2003,DHN,AL,ASO,ES,Federal Contract Tower,8,4,41,74,127,0,0,57,42,99,8,4,98,116,226,52,86,138,364
08/23/2003,DHN,AL,ASO,ES,Federal Contract Tower,7,2,20,2,31,0,1,26,0,27,7,3,46,2,58,6,0,6,64
08/24/2003,DHN,AL,ASO,ES,Federal Contract Tower,7,0,11,4,22,0,0,27,7,34,7,0,38,11,56,32,10,42,98
08/25/2003,DHN,AL,ASO,ES,Federal Contract Tower,8,3,19,52,82,0,0,39,48,87,8,3,58,100,169,68,110,178,347
08/26/2003,DHN,AL,ASO,ES,Federal Contract Tower,8,4,46,41,99,0,0,44,45,89,8,4,90,86,188,80,132,212,400
08/27/2003,DHN,AL,ASO,ES,Federal Contract Tower,8,5,39,53,105,0,0,56,85,141,8,5,95,138,246,90,126,216,462
08/28/2003,DHN,AL,ASO,ES,Federal Contract Tower,8,4,33,52,97,0,0,35,58,93,8,4,68,110,190,56,96,152,342
08/29/2003,DHN,AL,ASO,ES,Federal Contract Tower,8,6,19,6,39,0,0,15,5,20,8,6,34,11,59,20,18,38,97
08/30/2003,DHN,AL,ASO,ES,Federal Contract Tower,7,1,11,0,19,0,0,9,0,9,7,1,20,0,28,26,0,26,54
08/31/2003,DHN,AL,ASO,ES,Federal Contract Tower,7,3,1,2,13,0,0,3,0,3,7,3,4,2,16,0,0,0,16
09/01/2003,DHN,AL,ASO,ES,Federal Contract Tower,7,0,21,4,32,1,0,9,0,10,8,0,30,4,42,0,0,0,42
09/02/2003,DHN,AL,ASO,ES,Federal Contract Tower,9,5,36,61,111,0,0,19,78,97,9,5,55,139,208,90,114,204,412
09/03/2003,DHN,AL,ASO,ES,Federal Contract Tower,8,4,39,59,110,0,0,32,60,92,8,4,71,119,202,40,182,222,424
09/04/2003,DHN,AL,ASO,ES,Federal Contract Tower,8,8,39,62,117,0,0,42,61,103,8,8,81,123,220,82,116,198,418
09/05/2003,DHN,AL,ASO,ES,Federal Contract Tower,7,4,35,81,127,0,0,17,55,72,7,4,52,136,199,16,61,77,276
09/06/2003,DHN,AL,ASO,ES,Federal Contract Tower,7,2,18,2,29,0,0,7,0,7,7,2,25,2,36,0,0,0,36
09/07/2003,DHN,AL,ASO,ES,Federal Contract Tower,7,0,15,3,25,0,0,11,8,19,7,0,26,11,44,12,16,28,72
09/08/2003,DHN,AL,ASO,ES,Federal Contract Tower,8,5,25,33,71,0,0,35,41,76,8,5,60,74,147,62,60,122,269
09/09/2003,DHN,AL,ASO,ES,Federal Contract Tower,9,3,19,50,81,0,1,41,37,79,9,4,60,87,160,120,24,144,304
09/10/2003,DHN,AL,ASO,ES,Federal Contract Tower,8,6,36,41,91,0,0,31,20,51,8,6,67,61,142,64,64,128,270
09/11/2003,DHN,AL,ASO,ES,Federal Contract Tower,7,4,43,35,89,0,0,48,31,79,7,4,91,66,168,64,74,138,306
09/12/2003,DHN,AL,ASO,ES,Federal Contract Tower,8,4,35,34,81,0,0,54,51,105,8,4,89,85,186,90,100,190,376
09/13/2003,DHN,AL,ASO,ES,Federal Contract Tower,7,3,26,2,38,0,2,67,0,69,7,5,93,2,107,14,0,14,121
09/14/2003,DHN,AL,ASO,ES,Federal Contract Tower,7,0,10,2,19,0,0,30,2,32,7,0,40,4,51,46,0,46,97
09/15/2003,DHN,AL,ASO,ES,Federal Contract Tower,11,5,35,57,108,3,1,29,46,79,14,6,64,103,187,60,72,132,319
09/16/2003,DHN,AL,ASO,ES,Federal Contract Tower,8,9,41,53,111,0,0,41,49,90,8,9,82,102,201,72,42,114,315
09/17/2003,DHN,AL,ASO,ES,Federal Contract Tower,11,11,44,46,112,0,0,38,39,77,11,11,82,85,189,55,76,131,320
09/18/2003,DHN,AL,ASO,ES,Federal Contract Tower,8,15,50,44,117,0,4,20,35,59,8,19,70,79,176,46,98,144,320
09/19/2003,DHN,AL,ASO,ES,Federal Contract Tower,10,11,45,43,109,1,8,56,48,113,11,19,101,91,222,50,78,128,350
09/20/2003,DHN,AL,ASO,ES,Federal Contract Tower,7,1,26,1,35,0,0,45,1,46,7,1,71,2,81,10,0,10,91
09/21/2003,DHN,AL,ASO,ES,Federal Contract Tower,9,0,25,8,42,0,0,16,0,16,9,0,41,8,58,8,0,8,66
09/22/2003,DHN,AL,ASO,ES,Federal Contract Tower,9,5,56,79,149,0,0,23,23,46,9,5,79,102,195,8,28,36,231
09/23/2003,DHN,AL,ASO,ES,Federal Contract Tower,12,4,45,57,118,0,0,37,53,90,12,4,82,110,208,30,96,126,334
09/24/2003,DHN,AL,ASO,ES,Federal Contract Tower,8,6,33,53,100,0,0,59,29,88,8,6,92,82,188,119,96,215,403
09/25/2003,DHN,AL,ASO,ES,Federal Contract Tower,9,4,47,60,120,0,0,28,10,38,9,4,75,70,158,42,36,78,236
09/26/2003,DHN,AL,ASO,ES,Federal Contract Tower,10,4,31,64,109,0,0,42,36,78,10,4,73,100,187,54,92,146,333
09/27/2003,DHN,AL,ASO,ES,Federal Contract Tower,6,1,15,6,28,0,0,30,23,53,6,1,45,29,81,4,0,4,85
09/28/2003,DHN,AL,ASO,ES,Federal Contract Tower,7,0,10,4,21,1,0,29,0,30,8,0,39,4,51,8,0,8,59
09/29/2003,DHN,AL,ASO,ES,Federal Contract Tower,8,5,50,55,118,0,0,69,42,111,8,5,119,97,229,90,134,224,453
09/30/2003,DHN,AL,ASO,ES,Federal Contract Tower,8,4,42,36,90,0,0,39,25,64,8,4,81,61,154,78,82,160,314
10/01/2003,DHN,AL,ASO,ES,Federal Contract Tower,8,4,36,40,88,0,0,52,48,100,8,4,88,88,188,38,54,92,280
10/02/2003,DHN,AL,ASO,ES,Federal Contract Tower,8,3,25,29,65,0,1,57,14,72,8,4,82,43,137,58,52,110,247
10/03/2003,DHN,AL,ASO,ES,Federal Contract Tower,8,3,28,31,70,0,12,46,36,94,8,15,74,67,164,80,20,100,264
10/04/2003,DHN,AL,ASO,ES,Federal Contract Tower,4,1,10,13,28,2,1,36,0,39,6,2,46,13,67,4,0,4,71
10/05/2003,DHN,AL,ASO,ES,Federal Contract Tower,3,1,8,10,22,4,0,3,8,15,7,1,11,18,37,4,6,10,47
10/06/2003,DHN,AL,ASO,ES,Federal Contract Tower,7,2,22,24,55,1,7,29,27,64,8,9,51,51,119,92,54,146,265
10/07/2003,DHN,AL,ASO,ES,Federal Contract Tower,11,4,46,50,111,0,0,44,20,64,11,4,90,70,175,38,28,66,241
10/08/2003,DHN,AL,ASO,ES,Federal Contract Tower,7,6,59,64,136,0,0,25,36,61,7,6,84,100,197,22,74,96,293
10/09/2003,DHN,AL,ASO,ES,Federal Contract Tower,8,5,49,53,115,0,6,45,42,93,8,11,94,95,208,54,58,112,320
10/10/2003,DHN,AL,ASO,ES,Federal Contract Tower,8,7,53,58,126,0,1,46,17,64,8,8,99,75,190,14,44,58,248
10/11/2003,DHN,AL,ASO,ES,Federal Contract Tower,3,1,11,0,15,4,0,16,0,20,7,1,27,0,35,0,0,0,35
10/12/2003,DHN,AL,ASO,ES,Federal Contract Tower,2,0,8,0,10,5,0,14,0,19,7,0,22,0,29,0,0,0,29
10/13/2003,DHN,AL,ASO,ES,Federal Contract Tower,5,1,20,5,31,5,0,47,0,52,10,1,67,5,83,8,16,24,107
10/14/2003,DHN,AL,ASO,ES,Federal Contract Tower,10,4,39,41,94,4,0,49,48,101,14,4,88,89,195,30,73,103,298
10/15/2003,DHN,AL,ASO,ES,Federal Contract Tower,8,4,29,30,71,2,2,60,42,106,10,6,89,72,177,128,144,272,449
10/16/2003,DHN,AL,ASO,ES,Federal Contract Tower,8,4,32,33,77,8,2,50,20,80,16,6,82,53,157,66,94,160,317
10/17/2003,DHN,AL,ASO,ES,Federal Contract Tower,8,4,41,42,95,0,0,72,38,110,8,4,113,80,205,124,66,190,395
10/18/2003,DHN,AL,ASO,ES,Federal Contract Tower,2,1,10,4,17,7,0,27,0,34,9,1,37,4,51,22,0,22,73
10/19/2003,DHN,AL,ASO,ES,Federal Contract Tower,2,0,7,3,12,5,0,27,0,32,7,0,34,3,44,34,0,34,78
10/20/2003,DHN,AL,ASO,ES,Federal Contract Tower,10,4,39,40,93,2,0,17,55,74,12,4,56,95,167,60,82,142,309
10/21/2003,DHN,AL,ASO,ES,Federal Contract Tower,11,6,44,45,106,1,0,30,46,77,12,6,74,91,183,60,88,148,331
10/22/2003,DHN,AL,ASO,ES,Federal Contract Tower,10,6,46,48,110,0,0,27,57,84,10,6,73,105,194,66,81,147,341
10/23/2003,DHN,AL,ASO,ES,Federal Contract Tower,11,3,43,45,102,1,0,54,32,87,12,3,97,77,189,64,56,120,309
10/24/2003,DHN,AL,ASO,ES,Federal Contract Tower,8,4,39,41,92,0,0,64,39,103,8,4,103,80,195,62,78,140,335
10/25/2003,DHN,AL,ASO,ES,Federal Contract Tower,4,1,14,4,23,3,0,62,0,65,7,1,76,4,88,26,0,26,114
10/26/2003,DHN,AL,ASO,ES,Federal Contract Tower,3,0,14,0,17,3,0,30,0,33,6,0,44,0,50,10,0,10,60
10/27/2003,DHN,AL,ASO,ES,Federal Contract Tower,8,7,65,69,149,0,2,21,58,81,8,9,86,127,230,0,6,6,236
10/28/2003,DHN,AL,ASO,ES,Federal Contract Tower,8,4,49,52,113,0,0,3,10,13,8,4,52,62,126,0,4,4,130
10/29/2003,DHN,AL,ASO,ES,Federal Contract Tower,8,3,34,36,81,0,3,52,41,96,8,6,86,77,177,108,32,140,317
10/30/2003,DHN,AL,ASO,ES,Federal Contract Tower,8,4,42,45,99,0,3,38,47,88,8,7,80,92,187,86,64,150,337
10/31/2003,DHN,AL,ASO,ES,Federal Contract Tower,8,4,36,39,87,0,5,42,50,97,8,9,78,89,184,104,42,146,330
11/01/2003,DHN,AL,ASO,ES,Federal Contract Tower,4,1,12,2,19,3,2,46,0,51,7,3,58,2,70,16,0,16,86
11/02/2003,DHN,AL,ASO,ES,Federal Contract Tower,4,0,9,1,14,3,0,35,0,38,7,0,44,1,52,32,0,32,84
11/03/2003,DHN,AL,ASO,ES,Federal Contract Tower,8,4,31,31,74,0,1,47,60,108,8,5,78,91,182,44,60,104,286
11/04/2003,DHN,AL,ASO,ES,Federal Contract Tower,8,6,49,48,111,0,0,36,59,95,8,6,85,107,206,86,38,124,330
11/05/2003,DHN,AL,ASO,ES,Federal Contract Tower,8,6,62,60,136,0,0,16,41,57,8,6,78,101,193,98,50,148,341
11/06/2003,DHN,AL,ASO,ES,Federal Contract Tower,8,8,65,62,143,0,1,56,74,131,8,9,121,136,274,142,82,224,498
11/07/2003,DHN,AL,ASO,ES,Federal Contract Tower,8,6,47,46,107,0,2,45,49,96,8,8,92,95,203,70,18,88,291
11/08/2003,DHN,AL,ASO,ES,Federal Contract Tower,5,1,13,13,32,2,0,41,0,43,7,1,54,13,75,108,10,118,193
11/09/2003,DHN,AL,ASO,ES,Federal Contract Tower,4,0,11,4,19,6,0,22,0,28,10,0,33,4,47,0,0,0,47
11/10/2003,DHN,AL,ASO,ES,Federal Contract Tower,8,5,40,39,92,0,0,59,17,76,8,5,99,56,168,141,56,197,365
11/11/2003,DHN,AL,ASO,ES,Federal Contract Tower,7,3,26,2,38,7,3,79,0,89,14,6,105,2,127,0,172,172,299
11/12/2003,DHN,AL,ASO,ES,Federal Contract Tower,13,6,47,46,112,1,0,28,47,76,14,6,75,93,188,46,138,184,372
11/13/2003,DHN,AL,ASO,ES,Federal Contract Tower,9,5,36,33,83,3,1,26,23,53,12,6,62,56,136,60,122,182,318
11/14/2003,DHN,AL,ASO,ES,Federal Contract Tower,14,7,53,50,124,1,0,46,70,117,15,7,99,120,241,116,104,220,461
11/15/2003,DHN,AL,ASO,ES,Federal Contract Tower,4,1,19,15,39,6,0,19,0,25,10,1,38,15,64,60,8,68,132
11/16/2003,DHN,AL,ASO,ES,Federal Contract Tower,2,0,11,10,23,7,0,52,2,61,9,0,63,12,84,10,0,10,94
11/17/2003,DHN,AL,ASO,ES,Federal Contract Tower,8,7,47,44,106,0,1,18,74,93,8,8,65,118,199,70,82,152,351
11/18/2003,DHN,AL,ASO,ES,Federal Contract Tower,6,7,47,42,102,0,0,15,28,43,6,7,62,70,145,16,32,48,193
11/19/2003,DHN,AL,ASO,ES,Federal Contract Tower,8,7,48,45,108,0,1,40,26,67,8,8,88,71,175,24,94,118,293
11/20/2003,DHN,AL,ASO,ES,Federal Contract Tower,8,6,47,42,103,0,0,69,22,91,8,6,116,64,194,122,74,196,390
11/21/2003,DHN,AL,ASO,ES,Federal Contract Tower,8,6,45,42,101,0,0,49,57,106,8,6,94,99,207,40,110,150,357
11/22/2003,DHN,AL,ASO,ES,Federal Contract Tower,2,1,9,2,14,5,0,2,0,7,7,1,11,2,21,18,0,18,39
11/23/2003,DHN,AL,ASO,ES,Federal Contract Tower,2,0,9,0,11,5,0,28,0,33,7,0,37,0,44,0,0,0,44
11/24/2003,DHN,AL,ASO,ES,Federal Contract Tower,8,7,52,49,116,0,1,10,35,46,8,8,62,84,162,50,30,80,242
11/25/2003,DHN,AL,ASO,ES,Federal Contract Tower,11,8,58,54,131,0,0,37,62,99,11,8,95,116,230,106,50,156,386
11/26/2003,DHN,AL,ASO,ES,Federal Contract Tower,10,5,44,42,101,0,2,33,42,77,10,7,77,84,178,136,0,136,314
11/27/2003,DHN,AL,ASO,ES,Federal Contract Tower,1,0,7,0,8,5,0,10,0,15,6,0,17,0,23,2,0,2,25
11/28/2003,DHN,AL,ASO,ES,Federal Contract Tower,2,1,11,0,14,2,5,8,0,15,4,6,19,0,29,0,0,0,29
11/29/2003,DHN,AL,ASO,ES,Federal Contract Tower,1,0,7,0,8,6,1,30,0,37,7,1,37,0,45,14,0,14,59
11/30/2003,DHN,AL,ASO,ES,Federal Contract Tower,4,2,18,4,28,7,1,41,0,49,11,3,59,4,77,10,0,10,87
12/01/2003,DHN,AL,ASO,ES,Federal Contract Tower,9,5,36,32,82,0,0,13,79,92,9,5,49,111,174,102,52,154,328
12/02/2003,DHN,AL,ASO,ES,Federal Contract Tower,8,5,32,28,73,0,3,30,35,68,8,8,62,63,141,50,58,108,249
12/03/2003,DHN,AL,ASO,ES,Federal Contract Tower,8,7,49,43,107,0,0,34,58,92,8,7,83,101,199,66,52,118,317
12/04/2003,DHN,AL,ASO,ES,Federal Contract Tower,8,7,50,43,108,0,0,20,27,47,8,7,70,70,155,0,0,0,155
12/05/2003,DHN,AL,ASO,ES,Federal Contract Tower,11,7,57,50,125,0,0,46,20,66,11,7,103,70,191,112,46,158,349
12/06/2003,DHN,AL,ASO,ES,Federal Contract Tower,4,1,11,6,22,3,0,20,0,23,7,1,31,6,45,14,4,18,63
12/07/2003,DHN,AL,ASO,ES,Federal Contract Tower,5,0,13,4,22,2,0,53,0,55,7,0,66,4,77,40,0,40,117
12/08/2003,DHN,AL,ASO,ES,Federal Contract Tower,9,7,44,39,99,0,0,39,55,94,9,7,83,94,193,142,94,236,429
12/09/2003,DHN,AL,ASO,ES,Federal Contract Tower,8,8,48,42,106,0,2,32,38,72,8,10,80,80,178,60,90,150,328
12/10/2003,DHN,AL,ASO,ES,Federal Contract Tower,5,8,49,47,109,0,0,0,61,61,5,8,49,108,170,52,94,146,316
12/11/2003,DHN,AL,ASO,ES,Federal Contract Tower,8,6,42,37,93,0,0,34,46,80,8,6,76,83,173,86,50,136,309
12/12/2003,DHN,AL,ASO,ES,Federal Contract Tower,7,6,37,32,82,0,0,36,57,93,7,6,73,89,175,72,68,140,315
12/13/2003,DHN,AL,ASO,ES,Federal Contract Tower,2,1,7,2,12,4,0,16,0,20,6,1,23,2,32,18,0,18,50
12/14/2003,DHN,AL,ASO,ES,Federal Contract Tower,3,3,11,8,25,3,1,3,0,7,6,4,14,8,32,0,0,0,32
12/15/2003,DHN,AL,ASO,ES,Federal Contract Tower,8,5,41,35,89,0,0,78,45,123,8,5,119,80,212,108,88,196,408
12/16/2003,DHN,AL,ASO,ES,Federal Contract Tower,8,6,41,36,91,0,0,47,36,83,8,6,88,72,174,90,78,168,342
12/17/2003,DHN,AL,ASO,ES,Federal Contract Tower,8,9,45,37,99,0,4,33,36,73,8,13,78,73,172,104,118,222,394
12/18/2003,DHN,AL,ASO,ES,Federal Contract Tower,8,6,42,34,90,0,0,47,38,85,8,6,89,72,175,40,104,144,319
12/19/2003,DHN,AL,ASO,ES,Federal Contract Tower,8,6,32,27,73,0,0,16,53,69,8,6,48,80,142,44,70,114,256
12/20/2003,DHN,AL,ASO,ES,Federal Contract Tower,3,1,9,0,13,6,0,34,0,40,9,1,43,0,53,2,0,2,55
12/21/2003,DHN,AL,ASO,ES,Federal Contract Tower,1,0,6,0,7,6,0,18,0,24,7,0,24,0,31,0,44,44,75
12/22/2003,DHN,AL,ASO,ES,Federal Contract Tower,6,5,24,19,54,3,0,35,3,41,9,5,59,22,95,40,6,46,141
12/23/2003,DHN,AL,ASO,ES,Federal Contract Tower,5,4,18,13,40,5,2,13,13,33,10,6,31,26,73,14,40,54,127
12/24/2003,DHN,AL,ASO,ES,Federal Contract Tower,5,3,16,0,24,8,9,16,0,33,13,12,32,0,57,0,0,0,57
12/25/2003,DHN,AL,ASO,ES,Federal Contract Tower,1,0,5,0,6,7,0,2,0,9,8,0,7,0,15,0,0,0,15
12/26/2003,DHN,AL,ASO,ES,Federal Contract Tower,4,3,17,0,24,4,4,41,0,49,8,7,58,0,73,14,0,14,87
12/27/2003,DHN,AL,ASO,ES,Federal Contract Tower,1,0,6,0,7,6,1,17,0,24,7,1,23,0,31,14,0,14,45
12/28/2003,DHN,AL,ASO,ES,Federal Contract Tower,2,1,9,0,12,7,1,29,0,37,9,2,38,0,49,18,0,18,67
12/29/2003,DHN,AL,ASO,ES,Federal Contract Tower,5,2,17,10,34,7,3,7,0,17,12,5,24,10,51,4,0,4,55
12/30/2003,DHN,AL,ASO,ES,Federal Contract Tower,6,4,23,20,53,3,2,32,0,37,9,6,55,20,90,8,14,22,112
12/31/2003,DHN,AL,ASO,ES,Federal Contract Tower,4,3,17,9,33,5,6,44,0,55,9,9,61,9,88,16,8,24,112
01/01/2004,DHN,AL,ASO,ES,Federal Contract Tower,4,0,9,0,13,4,0,26,0,30,8,0,35,0,43,0,0,0,43
01/02/2004,DHN,AL,ASO,ES,Federal Contract Tower,6,1,10,0,17,2,7,16,0,25,8,8,26,0,42,18,0,18,60
01/03/2004,DHN,AL,ASO,ES,Federal Contract Tower,4,1,6,0,11,2,0,15,0,17,6,1,21,0,28,6,0,6,34
01/04/2004,DHN,AL,ASO,ES,Federal Contract Tower,4,1,7,4,16,3,1,12,0,16,7,2,19,4,32,12,0,12,44
01/05/2004,DHN,AL,ASO,ES,Federal Contract Tower,8,7,43,50,108,0,2,21,20,43,8,9,64,70,151,38,34,72,223
01/06/2004,DHN,AL,ASO,ES,Federal Contract Tower,8,5,29,34,76,0,1,23,34,58,8,6,52,68,134,90,68,158,292
01/07/2004,DHN,AL,ASO,ES,Federal Contract Tower,7,4,32,37,80,0,0,41,36,77,7,4,73,73,157,55,88,143,300
01/08/2004,DHN,AL,ASO,ES,Federal Contract Tower,8,6,30,34,78,1,0,17,30,48,9,6,47,64,126,44,78,122,248
01/09/2004,DHN,AL,ASO,ES,Federal Contract Tower,8,8,58,66,140,0,0,15,41,56,8,8,73,107,196,16,2,18,214
01/10/2004,DHN,AL,ASO,ES,Federal Contract Tower,2,1,10,0,13,5,0,43,0,48,7,1,53,0,61,8,0,8,69
01/11/2004,DHN,AL,ASO,ES,Federal Contract Tower,2,0,7,4,13,5,0,28,0,33,7,0,35,4,46,12,0,12,58
01/12/2004,DHN,AL,ASO,ES,Federal Contract Tower,9,5,33,37,84,0,0,26,59,85,9,5,59,96,169,64,114,178,347
01/13/2004,DHN,AL,ASO,ES,Federal Contract Tower,8,7,41,46,102,0,0,8,49,57,8,7,49,95,159,52,134,186,345
01/14/2004,DHN,AL,ASO,ES,Federal Contract Tower,8,6,40,44,98,0,0,23,38,61,8,6,63,82,159,60,80,140,299
01/15/2004,DHN,AL,ASO,ES,Federal Contract Tower,8,6,43,47,104,0,0,22,54,76,8,6,65,101,180,54,94,148,328
01/16/2004,DHN,AL,ASO,ES,Federal Contract Tower,8,6,31,33,78,2,2,43,47,94,10,8,74,80,172,100,82,182,354
01/17/2004,DHN,AL,ASO,ES,Federal Contract Tower,3,2,12,6,23,4,0,22,0,26,7,2,34,6,49,8,0,8,57
01/18/2004,DHN,AL,ASO,ES,Federal Contract Tower,1,0,7,6,14,6,0,1,0,7,7,0,8,6,21,0,0,0,21
01/19/2004,DHN,AL,ASO,ES,Federal Contract Tower,3,2,11,11,27,5,1,5,2,13,8,3,16,13,40,10,4,14,54
01/20/2004,DHN,AL,ASO,ES,Federal Contract Tower,8,6,32,36,82,0,2,34,46,82,8,8,66,82,164,64,158,222,386
01/21/2004,DHN,AL,ASO,ES,Federal Contract Tower,8,5,42,46,101,0,0,42,50,92,8,5,84,96,193,102,156,258,451
01/22/2004,DHN,AL,ASO,ES,Federal Contract Tower,8,5,41,46,100,0,0,33,53,86,8,5,74,99,186,46,124,170,356
01/23/2004,DHN,AL,ASO,ES,Federal Contract Tower,7,6,41,46,100,0,0,30,44,74,7,6,71,90,174,88,100,188,362
01/24/2004,DHN,AL,ASO,ES,Federal Contract Tower,3,1,13,13,30,4,0,25,0,29,7,1,38,13,59,6,0,6,65
01/25/2004,DHN,AL,ASO,ES,Federal Contract Tower,2,0,7,4,13,4,0,8,0,12,6,0,15,4,25,4,0,4,29
01/26/2004,DHN,AL,ASO,ES,Federal Contract Tower,6,4,27,23,60,0,1,22,0,23,6,5,49,23,83,26,4,30,113
01/27/2004,DHN,AL,ASO,ES,Federal Contract Tower,8,6,37,42,93,0,1,36,37,74,8,7,73,79,167,102,76,178,345
01/28/2004,DHN,AL,ASO,ES,Federal Contract Tower,12,7,52,59,130,0,0,62,41,103,12,7,114,100,233,56,94,150,383
01/29/2004,DHN,AL,ASO,ES,Federal Contract Tower,11,7,44,50,112,0,6,42,60,108,11,13,86,110,220,28,54,82,302
01/30/2004,DHN,AL,ASO,ES,Federal Contract Tower,9,5,31,35,80,2,1,6,53,62,11,6,37,88,142,54,96,150,292
01/31/2004,DHN,AL,ASO,ES,Federal Contract Tower,2,1,9,0,12,5,0,30,0,35,7,1,39,0,47,12,0,12,59
02/01/2004,DHN,AL,ASO,ES,Federal Contract Tower,3,0,5,0,8,4,0,3,0,7,7,0,8,0,15,0,0,0,15
02/02/2004,DHN,AL,ASO,ES,Federal Contract Tower,6,5,38,46,95,0,0,23,18,41,6,5,61,64,136,18,22,40,176
02/03/2004,DHN,AL,ASO,ES,Federal Contract Tower,8,5,35,43,91,0,1,45,20,66,8,6,80,63,157,104,82,186,343
02/04/2004,DHN,AL,ASO,ES,Federal Contract Tower,8,6,35,41,90,0,2,43,25,70,8,8,78,66,160,90,44,134,294
02/05/2004,DHN,AL,ASO,ES,Federal Contract Tower,7,7,56,65,135,0,0,15,81,96,7,7,71,146,231,50,100,150,381
02/06/2004,DHN,AL,ASO,ES,Federal Contract Tower,8,5,31,36,80,0,3,23,12,38,8,8,54,48,118,50,30,80,198
02/07/2004,DHN,AL,ASO,ES,Federal Contract Tower,3,1,10,5,19,7,0,28,0,35,10,1,38,5,54,40,26,66,120
02/08/2004,DHN,AL,ASO,ES,Federal Contract Tower,4,0,14,7,25,1,0,35,0,36,5,0,49,7,61,14,0,14,75
02/09/2004,DHN,AL,ASO,ES,Federal Contract Tower,8,5,32,35,80,0,0,24,43,67,8,5,56,78,147,108,128,236,383
02/10/2004,DHN,AL,ASO,ES,Federal Contract Tower,9,6,49,56,120,0,0,19,65,84,9,6,68,121,204,66,80,146,350
02/11/2004,DHN,AL,ASO,ES,Federal Contract Tower,8,8,51,67,134,0,0,0,34,34,8,8,51,101,168,20,66,86,254
02/12/2004,DHN,AL,ASO,ES,Federal Contract Tower,10,6,40,63,119,0,0,0,56,56,10,6,40,119,175,0,0,0,175
02/13/2004,DHN,AL,ASO,ES,Federal Contract Tower,13,6,57,66,142,3,0,28,50,81,16,6,85,116,223,78,134,212,435
02/14/2004,DHN,AL,ASO,ES,Federal Contract Tower,1,1,8,0,10,7,3,6,0,16,8,4,14,0,26,0,0,0,26
02/15/2004,DHN,AL,ASO,ES,Federal Contract Tower,2,0,13,0,15,4,0,25,0,29,6,0,38,0,44,0,0,0,44
02/16/2004,DHN,AL,ASO,ES,Federal Contract Tower,4,2,17,6,29,5,3,21,0,29,9,5,38,6,58,18,0,18,76
02/17/2004,DHN,AL,ASO,ES,Federal Contract Tower,8,6,43,50,107,0,1,31,52,84,8,7,74,102,191,72,136,208,399
02/18/2004,DHN,AL,ASO,ES,Federal Contract Tower,8,5,38,45,96,0,3,37,46,86,8,8,75,91,182,80,120,200,382
02/19/2004,DHN,AL,ASO,ES,Federal Contract Tower,10,6,43,50,109,3,6,34,36,79,13,12,77,86,188,78,96,174,362
02/20/2004,DHN,AL,ASO,ES,Federal Contract Tower,8,6,56,65,135,0,0,35,78,113,8,6,91,143,248,132,150,282,530
02/21/2004,DHN,AL,ASO,ES,Federal Contract Tower,2,1,12,1,16,5,0,58,0,63,7,1,70,1,79,72,0,72,151
02/22/2004,DHN,AL,ASO,ES,Federal Contract Tower,2,0,10,1,13,7,0,30,0,37,9,0,40,1,50,10,0,10,60
02/23/2004,DHN,AL,ASO,ES,Federal Contract Tower,7,5,45,52,109,0,0,11,38,49,7,5,56,90,158,38,90,128,286
02/24/2004,DHN,AL,ASO,ES,Federal Contract Tower,8,7,50,59,124,0,1,9,25,35,8,8,59,84,159,54,40,94,253
02/25/2004,DHN,AL,ASO,ES,Federal Contract Tower,5,5,39,43,92,0,1,24,0,25,5,6,63,43,117,0,2,2,119
02/26/2004,DHN,AL,ASO,ES,Federal Contract Tower,8,6,44,52,110,0,0,23,18,41,8,6,67,70,151,0,0,0,151
02/27/2004,DHN,AL,ASO,ES,Federal Contract Tower,0,0,0,0,0,0,0,0,0,0,0,0,0,0,0,0,0,0,0
02/28/2004,DHN,AL,ASO,ES,Federal Contract Tower,0,0,0,0,0,0,0,0,0,0,0,0,0,0,0,0,0,0,0
02/29/2004,DHN,AL,ASO,ES,Federal Contract Tower,0,0,0,0,0,0,0,0,0,0,0,0,0,0,0,0,0,0,0
03/01/2004,DHN,AL,ASO,ES,Federal Contract Tower,5,3,16,6,30,4,4,26,0,34,9,7,42,6,64,18,0,18,82
03/02/2004,DHN,AL,ASO,ES,Federal Contract Tower,8,6,36,30,80,0,0,27,46,73,8,6,63,76,153,138,93,231,384
03/03/2004,DHN,AL,ASO,ES,Federal Contract Tower,8,6,37,31,82,0,2,45,43,90,8,8,82,74,172,106,114,220,392
03/04/2004,DHN,AL,ASO,ES,Federal Contract Tower,8,5,30,25,68,0,1,54,40,95,8,6,84,65,163,76,66,142,305
03/05/2004,DHN,AL,ASO,ES,Federal Contract Tower,8,7,44,37,96,0,0,28,14,42,8,7,72,51,138,60,50,110,248
03/06/2004,DHN,AL,ASO,ES,Federal Contract Tower,4,1,11,3,19,5,0,18,0,23,9,1,29,3,42,0,0,0,42
03/07/2004,DHN,AL,ASO,ES,Federal Contract Tower,5,0,13,6,24,2,0,60,0,62,7,0,73,6,86,66,0,66,152
03/08/2004,DHN,AL,ASO,ES,Federal Contract Tower,6,3,20,17,46,2,2,38,25,67,8,5,58,42,113,74,68,142,255
03/09/2004,DHN,AL,ASO,ES,Federal Contract Tower,8,4,26,22,60,0,6,49,19,74,8,10,75,41,134,52,80,132,266
03/10/2004,DHN,AL,ASO,ES,Federal Contract Tower,8,4,26,22,60,0,2,48,35,85,8,6,74,57,145,144,86,230,375
03/11/2004,DHN,AL,ASO,ES,Federal Contract Tower,8,6,31,26,71,0,2,73,33,108,8,8,104,59,179,133,126,259,438
03/12/2004,DHN,AL,ASO,ES,Federal Contract Tower,8,6,32,27,73,0,4,51,25,80,8,10,83,52,153,136,55,191,344
03/13/2004,DHN,AL,ASO,ES,Federal Contract Tower,2,1,8,0,11,5,0,30,0,35,7,1,38,0,46,48,0,48,94
03/14/2004,DHN,AL,ASO,ES,Federal Contract Tower,3,1,11,6,21,4,0,20,0,24,7,1,31,6,45,24,0,24,69
03/15/2004,DHN,AL,ASO,ES,Federal Contract Tower,9,5,32,27,73,0,0,37,41,78,9,5,69,68,151,88,92,180,331
03/16/2004,DHN,AL,ASO,ES,Federal Contract Tower,8,6,55,44,113,0,0,35,39,74,8,6,90,83,187,18,98,116,303
03/17/2004,DHN,AL,ASO,ES,Federal Contract Tower,8,6,37,29,80,0,0,43,75,118,8,6,80,104,198,94,100,194,392
03/18/2004,DHN,AL,ASO,ES,Federal Contract Tower,8,7,35,28,78,0,5,53,48,106,8,12,88,76,184,76,46,122,306
03/19/2004,DHN,AL,ASO,ES,Federal Contract Tower,8,6,39,30,83,0,0,51,68,119,8,6,90,98,202,50,112,162,364
03/20/2004,DHN,AL,ASO,ES,Federal Contract Tower,2,1,9,6,18,4,0,35,0,39,6,1,44,6,57,10,6,16,73
03/21/2004,DHN,AL,ASO,ES,Federal Contract Tower,3,2,13,4,22,4,0,27,0,31,7,2,40,4,53,0,0,0,53
03/22/2004,DHN,AL,ASO,ES,Federal Contract Tower,8,5,33,26,72,0,0,51,49,100,8,5,84,75,172,80,182,262,434
03/23/2004,DHN,AL,ASO,ES,Federal Contract Tower,9,6,33,26,74,1,4,48,62,115,10,10,81,88,189,72,158,230,419
03/24/2004,DHN,AL,ASO,ES,Federal Contract Tower,9,6,33,26,74,1,2,64,25,92,10,8,97,51,166,58,122,180,346
03/25/2004,DHN,AL,ASO,ES,Federal Contract Tower,10,7,39,31,87,0,0,43,34,77,10,7,82,65,164,52,90,142,306
03/26/2004,DHN,AL,ASO,ES,Federal Contract Tower,8,6,32,25,71,0,0,21,41,62,8,6,53,66,133,64,64,128,261
03/27/2004,DHN,AL,ASO,ES,Federal Contract Tower,2,1,7,0,10,5,0,33,0,38,7,1,40,0,48,36,0,36,84
03/28/2004,DHN,AL,ASO,ES,Federal Contract Tower,3,1,13,7,24,4,0,26,0,30,7,1,39,7,54,8,0,8,62
03/29/2004,DHN,AL,ASO,ES,Federal Contract Tower,8,6,35,28,77,0,2,11,69,82,8,8,46,97,159,68,132,200,359
03/30/2004,DHN,AL,ASO,ES,Federal Contract Tower,12,6,45,36,99,0,0,27,57,84,12,6,72,93,183,78,86,164,347
03/31/2004,DHN,AL,ASO,ES,Federal Contract Tower,11,7,40,32,90,1,0,43,42,86,12,7,83,74,176,64,146,210,386
04/01/2004,DHN,AL,ASO,ES,Federal Contract Tower,9,4,28,29,70,0,6,28,34,68,9,10,56,63,138,81,118,199,337
04/02/2004,DHN,AL,ASO,ES,Federal Contract Tower,11,5,32,32,80,1,1,23,58,83,12,6,55,90,163,66,160,226,389
04/03/2004,DHN,AL,ASO,ES,Federal Contract Tower,4,1,11,5,21,3,0,31,0,34,7,1,42,5,55,20,0,20,75
04/04/2004,DHN,AL,ASO,ES,Federal Contract Tower,4,0,10,0,14,4,0,26,0,30,8,0,36,0,44,24,0,24,68
04/05/2004,DHN,AL,ASO,ES,Federal Contract Tower,8,3,23,24,58,2,2,38,31,73,10,5,61,55,131,58,82,140,271
04/06/2004,DHN,AL,ASO,ES,Federal Contract Tower,11,4,29,30,74,1,3,40,60,104,12,7,69,90,178,36,114,150,328
04/07/2004,DHN,AL,ASO,ES,Federal Contract Tower,13,5,34,35,87,2,1,30,15,48,15,6,64,50,135,60,118,178,313
04/08/2004,DHN,AL,ASO,ES,Federal Contract Tower,10,5,32,33,80,0,5,51,6,62,10,10,83,39,142,20,88,108,250
04/09/2004,DHN,AL,ASO,ES,Federal Contract Tower,9,5,27,27,68,1,3,58,30,92,10,8,85,57,160,76,106,182,342
04/10/2004,DHN,AL,ASO,ES,Federal Contract Tower,2,1,7,0,10,7,0,16,0,23,9,1,23,0,33,28,0,28,61
04/11/2004,DHN,AL,ASO,ES,Federal Contract Tower,3,2,9,6,20,5,0,6,0,11,8,2,15,6,31,0,0,0,31
04/12/2004,DHN,AL,ASO,ES,Federal Contract Tower,8,6,33,33,80,0,1,28,54,83,8,7,61,87,163,86,116,202,365
04/13/2004,DHN,AL,ASO,ES,Federal Contract Tower,13,6,54,54,127,0,0,33,37,70,13,6,87,91,197,30,86,116,313
04/14/2004,DHN,AL,ASO,ES,Federal Contract Tower,10,7,38,39,94,0,3,52,35,90,10,10,90,74,184,48,58,106,290
04/15/2004,DHN,AL,ASO,ES,Federal Contract Tower,11,6,43,44,104,0,0,55,34,89,11,6,98,78,193,102,88,190,383
04/16/2004,DHN,AL,ASO,ES,Federal Contract Tower,11,6,38,39,94,0,0,37,63,100,11,6,75,102,194,72,84,156,350
04/17/2004,DHN,AL,ASO,ES,Federal Contract Tower,3,2,9,0,14,6,2,31,0,39,9,4,40,0,53,38,0,38,91
04/18/2004,DHN,AL,ASO,ES,Federal Contract Tower,2,0,9,7,18,7,0,32,11,50,9,0,41,18,68,24,4,28,96
04/19/2004,DHN,AL,ASO,ES,Federal Contract Tower,10,5,33,31,79,0,0,39,41,80,10,5,72,72,159,68,50,118,277
04/20/2004,DHN,AL,ASO,ES,Federal Contract Tower,10,6,35,33,84,0,0,47,38,85,10,6,82,71,169,98,30,128,297
04/21/2004,DHN,AL,ASO,ES,Federal Contract Tower,10,7,39,38,94,0,0,43,30,73,10,7,82,68,167,128,38,166,333
04/22/2004,DHN,AL,ASO,ES,Federal Contract Tower,11,6,33,32,82,1,1,56,39,97,12,7,89,71,179,60,116,176,355
04/23/2004,DHN,AL,ASO,ES,Federal Contract Tower,10,6,36,35,87,0,2,62,25,89,10,8,98,60,176,66,68,134,310
04/24/2004,DHN,AL,ASO,ES,Federal Contract Tower,3,0,9,2,14,6,0,36,0,42,9,0,45,2,56,128,0,128,184
04/25/2004,DHN,AL,ASO,ES,Federal Contract Tower,5,2,16,14,37,4,0,31,1,36,9,2,47,15,73,44,0,44,117
04/26/2004,DHN,AL,ASO,ES,Federal Contract Tower,11,5,53,53,122,0,0,10,40,50,11,5,63,93,172,20,6,26,198
04/27/2004,DHN,AL,ASO,ES,Federal Contract Tower,10,7,44,44,105,0,2,36,47,85,10,9,80,91,190,114,110,224,414
04/28/2004,DHN,AL,ASO,ES,Federal Contract Tower,10,6,39,39,94,0,0,78,27,105,10,6,117,66,199,102,10,112,311
04/29/2004,DHN,AL,ASO,ES,Federal Contract Tower,10,5,33,33,81,0,5,33,61,99,10,10,66,94,180,59,98,157,337
04/30/2004,DHN,AL,ASO,ES,Federal Contract Tower,10,6,56,59,131,0,0,0,23,23,10,6,56,82,154,12,2,14,168
05/01/2004,DHN,AL,ASO,ES,Federal Contract Tower,7,1,19,18,45,2,0,1,28,31,9,1,20,46,76,12,22,34,110
05/02/2004,DHN,AL,ASO,ES,Federal Contract Tower,6,0,15,4,25,3,0,22,0,25,9,0,37,4,50,4,0,4,54
05/03/2004,DHN,AL,ASO,ES,Federal Contract Tower,10,6,39,37,92,0,2,57,57,116,10,8,96,94,208,76,114,190,398
05/04/2004,DHN,AL,ASO,ES,Federal Contract Tower,10,5,40,38,93,0,0,57,37,94,10,5,97,75,187,96,128,224,411
05/05/2004,DHN,AL,ASO,ES,Federal Contract Tower,11,8,51,48,118,0,0,44,60,104,11,8,95,108,222,108,152,260,482
05/06/2004,DHN,AL,ASO,ES,Federal Contract Tower,11,6,49,46,112,0,0,44,62,106,11,6,93,108,218,86,128,214,432
05/07/2004,DHN,AL,ASO,ES,Federal Contract Tower,10,6,40,38,94,0,1,44,55,100,10,7,84,93,194,50,134,184,378
05/08/2004,DHN,AL,ASO,ES,Federal Contract Tower,6,2,15,1,24,3,0,46,0,49,9,2,61,1,73,32,0,32,105
05/09/2004,DHN,AL,ASO,ES,Federal Contract Tower,6,2,16,5,29,5,0,26,0,31,11,2,42,5,60,16,0,16,76
05/10/2004,DHN,AL,ASO,ES,Federal Contract Tower,17,6,47,44,114,4,0,41,68,113,21,6,88,112,227,50,144,194,421
05/11/2004,DHN,AL,ASO,ES,Federal Contract Tower,15,7,44,41,107,3,0,50,35,88,18,7,94,76,195,28,194,222,417
05/12/2004,DHN,AL,ASO,ES,Federal Contract Tower,11,4,46,44,105,0,0,30,61,91,11,4,76,105,196,46,120,166,362
05/13/2004,DHN,AL,ASO,ES,Federal Contract Tower,12,6,43,41,102,0,0,33,40,73,12,6,76,81,175,38,68,106,281
05/14/2004,DHN,AL,ASO,ES,Federal Contract Tower,12,7,38,37,94,0,1,13,40,54,12,8,51,77,148,62,42,104,252
05/15/2004,DHN,AL,ASO,ES,Federal Contract Tower,4,3,15,11,33,5,0,29,0,34,9,3,44,11,67,8,4,12,79
05/16/2004,DHN,AL,ASO,ES,Federal Contract Tower,4,1,13,1,19,4,0,17,0,21,8,1,30,1,40,14,0,14,54
05/17/2004,DHN,AL,ASO,ES,Federal Contract Tower,10,4,31,28,73,0,0,34,25,59,10,4,65,53,132,110,45,155,287
05/18/2004,DHN,AL,ASO,ES,Federal Contract Tower,10,8,44,39,101,0,4,36,64,104,10,12,80,103,205,78,92,170,375
05/19/2004,DHN,AL,ASO,ES,Federal Contract Tower,11,9,49,45,114,0,4,34,34,72,11,13,83,79,186,72,112,184,370
05/20/2004,DHN,AL,ASO,ES,Federal Contract Tower,9,8,56,51,124,0,0,19,66,85,9,8,75,117,209,84,126,210,419
05/21/2004,DHN,AL,ASO,ES,Federal Contract Tower,10,6,34,31,81,0,2,25,32,59,10,8,59,63,140,66,84,150,290
05/22/2004,DHN,AL,ASO,ES,Federal Contract Tower,4,2,11,0,17,4,0,34,0,38,8,2,45,0,55,44,0,44,99
05/23/2004,DHN,AL,ASO,ES,Federal Contract Tower,4,2,13,2,21,4,0,56,0,60,8,2,69,2,81,36,0,36,117
05/24/2004,DHN,AL,ASO,ES,Federal Contract Tower,12,7,39,36,94,0,1,43,55,99,12,8,82,91,193,92,76,168,361
05/25/2004,DHN,AL,ASO,ES,Federal Contract Tower,10,6,32,29,77,8,4,58,28,98,18,10,90,57,175,84,76,160,335
05/26/2004,DHN,AL,ASO,ES,Federal Contract Tower,11,6,36,32,85,0,2,54,33,89,11,8,90,65,174,80,122,202,376
05/27/2004,DHN,AL,ASO,ES,Federal Contract Tower,10,7,39,35,91,0,4,41,25,70,10,11,80,60,161,82,50,132,293
05/28/2004,DHN,AL,ASO,ES,Federal Contract Tower,6,2,18,14,40,3,8,18,0,29,9,10,36,14,69,0,2,2,71
05/29/2004,DHN,AL,ASO,ES,Federal Contract Tower,4,1,12,0,17,5,0,23,0,28,9,1,35,0,45,12,0,12,57
05/30/2004,DHN,AL,ASO,ES,Federal Contract Tower,2,0,8,2,12,7,0,14,0,21,9,0,22,2,33,14,0,14,47
05/31/2004,DHN,AL,ASO,ES,Federal Contract Tower,3,1,10,0,14,8,1,4,0,13,11,2,14,0,27,0,0,0,27
06/01/2004,DHN,AL,ASO,ES,Federal Contract Tower,7,3,23,22,55,1,5,23,12,41,8,8,46,34,96,48,62,110,206
06/02/2004,DHN,AL,ASO,ES,Federal Contract Tower,10,6,44,43,103,0,0,4,49,53,10,6,48,92,156,70,126,196,352
06/03/2004,DHN,AL,ASO,ES,Federal Contract Tower,10,6,48,47,111,0,0,31,43,74,10,6,79,90,185,78,98,176,361
06/04/2004,DHN,AL,ASO,ES,Federal Contract Tower,10,6,56,55,127,0,0,18,68,86,10,6,74,123,213,20,102,122,335
06/05/2004,DHN,AL,ASO,ES,Federal Contract Tower,4,1,13,14,32,5,0,17,18,40,9,1,30,32,72,18,28,46,118
06/06/2004,DHN,AL,ASO,ES,Federal Contract Tower,4,1,14,7,26,5,1,11,0,17,9,2,25,7,43,0,0,0,43
06/07/2004,DHN,AL,ASO,ES,Federal Contract Tower,8,6,51,50,115,0,0,34,65,99,8,6,85,115,214,48,200,248,462
06/08/2004,DHN,AL,ASO,ES,Federal Contract Tower,10,5,44,43,102,0,5,29,56,90,10,10,73,99,192,60,188,248,440
06/09/2004,DHN,AL,ASO,ES,Federal Contract Tower,10,7,51,50,118,0,0,55,21,76,10,7,106,71,194,96,102,198,392
06/10/2004,DHN,AL,ASO,ES,Federal Contract Tower,10,5,41,40,96,0,3,37,17,57,10,8,78,57,153,92,48,140,293
06/11/2004,DHN,AL,ASO,ES,Federal Contract Tower,8,5,32,32,77,0,3,55,8,66,8,8,87,40,143,88,90,178,321
06/12/2004,DHN,AL,ASO,ES,Federal Contract Tower,3,0,14,7,24,6,0,44,0,50,9,0,58,7,74,18,0,18,92
06/13/2004,DHN,AL,ASO,ES,Federal Contract Tower,3,0,12,2,17,4,0,28,0,32,7,0,40,2,49,22,0,22,71
06/14/2004,DHN,AL,ASO,ES,Federal Contract Tower,10,6,46,43,105,0,0,44,35,79,10,6,90,78,184,98,96,194,378
06/15/2004,DHN,AL,ASO,ES,Federal Contract Tower,10,7,52,48,117,0,1,12,52,65,10,8,64,100,182,86,90,176,358
06/16/2004,DHN,AL,ASO,ES,Federal Contract Tower,10,6,50,47,113,0,0,30,49,79,10,6,80,96,192,42,200,242,434
06/17/2004,DHN,AL,ASO,ES,Federal Contract Tower,10,6,46,42,104,0,0,25,57,82,10,6,71,99,186,42,136,178,364
06/18/2004,DHN,AL,ASO,ES,Federal Contract Tower,11,6,44,42,103,1,0,41,69,111,12,6,85,111,214,45,156,201,415
06/19/2004,DHN,AL,ASO,ES,Federal Contract Tower,4,0,17,10,31,6,0,36,0,42,10,0,53,10,73,36,0,36,109
06/20/2004,DHN,AL,ASO,ES,Federal Contract Tower,3,0,14,2,19,8,0,37,0,45,11,0,51,2,64,70,0,70,134
06/21/2004,DHN,AL,ASO,ES,Federal Contract Tower,6,6,40,37,89,0,1,62,68,131,6,7,102,105,220,114,110,224,444
06/22/2004,DHN,AL,ASO,ES,Federal Contract Tower,11,6,46,44,107,6,0,62,18,86,17,6,108,62,193,110,90,200,393
06/23/2004,DHN,AL,ASO,ES,Federal Contract Tower,7,8,60,57,132,0,0,50,46,96,7,8,110,103,228,96,128,224,452
06/24/2004,DHN,AL,ASO,ES,Federal Contract Tower,8,6,57,55,126,0,0,41,51,92,8,6,98,106,218,56,88,144,362
06/25/2004,DHN,AL,ASO,ES,Federal Contract Tower,11,6,47,45,109,2,0,47,38,87,13,6,94,83,196,44,80,124,320
06/26/2004,DHN,AL,ASO,ES,Federal Contract Tower,2,1,11,2,16,4,0,20,0,24,6,1,31,2,40,22,0,22,62
06/27/2004,DHN,AL,ASO,ES,Federal Contract Tower,4,2,18,2,26,3,1,35,0,39,7,3,53,2,65,20,0,20,85
06/28/2004,DHN,AL,ASO,ES,Federal Contract Tower,8,4,32,31,75,2,1,46,47,96,10,5,78,78,171,108,80,188,359
06/29/2004,DHN,AL,ASO,ES,Federal Contract Tower,11,6,45,43,105,3,0,40,29,72,14,6,85,72,177,50,102,152,329
06/30/2004,DHN,AL,ASO,ES,Federal Contract Tower,10,5,43,41,99,1,3,36,26,66,11,8,79,67,165,64,100,164,329
07/01/2004,DHN,AL,ASO,ES,Federal Contract Tower,10,6,42,41,99,0,2,16,34,52,10,8,58,75,151,20,62,82,233
07/02/2004,DHN,AL,ASO,ES,Federal Contract Tower,5,2,16,2,25,5,9,19,0,33,10,11,35,2,58,16,4,20,78
07/03/2004,DHN,AL,ASO,ES,Federal Contract Tower,4,1,9,0,14,4,0,19,0,23,8,1,28,0,37,28,0,28,65
07/04/2004,DHN,AL,ASO,ES,Federal Contract Tower,4,0,12,8,24,5,0,17,0,22,9,0,29,8,46,10,0,10,56
07/05/2004,DHN,AL,ASO,ES,Federal Contract Tower,6,0,17,8,31,4,0,42,0,46,10,0,59,8,77,18,0,18,95
07/06/2004,DHN,AL,ASO,ES,Federal Contract Tower,10,5,32,31,78,4,3,45,15,67,14,8,77,46,145,42,36,78,223
07/07/2004,DHN,AL,ASO,ES,Federal Contract Tower,10,4,31,30,75,0,2,50,19,71,10,6,81,49,146,44,52,96,242
07/08/2004,DHN,AL,ASO,ES,Federal Contract Tower,9,5,34,32,80,0,3,43,25,71,9,8,77,57,151,68,90,158,309
07/09/2004,DHN,AL,ASO,ES,Federal Contract Tower,10,4,32,31,77,0,2,23,45,70,10,6,55,76,147,60,90,150,297
07/10/2004,DHN,AL,ASO,ES,Federal Contract Tower,4,3,15,3,25,3,0,32,0,35,7,3,47,3,60,30,0,30,90
07/11/2004,DHN,AL,ASO,ES,Federal Contract Tower,4,0,12,8,24,5,0,19,0,24,9,0,31,8,48,10,0,10,58
07/12/2004,DHN,AL,ASO,ES,Federal Contract Tower,10,6,35,34,85,0,0,39,43,82,10,6,74,77,167,58,102,160,327
07/13/2004,DHN,AL,ASO,ES,Federal Contract Tower,10,6,35,34,85,0,3,42,32,77,10,9,77,66,162,58,100,158,320
07/14/2004,DHN,AL,ASO,ES,Federal Contract Tower,10,6,35,34,85,0,0,48,31,79,10,6,83,65,164,76,110,186,350
07/15/2004,DHN,AL,ASO,ES,Federal Contract Tower,15,8,49,48,120,1,0,31,39,71,16,8,80,87,191,80,150,230,421
07/16/2004,DHN,AL,ASO,ES,Federal Contract Tower,10,6,48,45,109,0,0,39,49,88,10,6,87,94,197,76,182,258,455
07/17/2004,DHN,AL,ASO,ES,Federal Contract Tower,2,1,8,1,12,5,0,12,0,17,7,1,20,1,29,0,0,0,29
07/18/2004,DHN,AL,ASO,ES,Federal Contract Tower,4,0,14,2,20,7,0,20,0,27,11,0,34,2,47,12,0,12,59
07/19/2004,DHN,AL,ASO,ES,Federal Contract Tower,10,7,51,47,115,0,0,31,73,104,10,7,82,120,219,62,154,216,435
07/20/2004,DHN,AL,ASO,ES,Federal Contract Tower,10,5,55,52,122,0,0,46,81,127,10,5,101,133,249,96,162,258,507
07/21/2004,DHN,AL,ASO,ES,Federal Contract Tower,10,7,54,50,121,0,0,35,55,90,10,7,89,105,211,52,106,158,369
07/22/2004,DHN,AL,ASO,ES,Federal Contract Tower,10,8,49,46,113,0,3,47,51,101,10,11,96,97,214,79,112,191,405
07/23/2004,DHN,AL,ASO,ES,Federal Contract Tower,10,6,45,41,102,0,0,46,54,100,10,6,91,95,202,94,148,242,444
07/24/2004,DHN,AL,ASO,ES,Federal Contract Tower,4,1,15,7,27,3,0,42,0,45,7,1,57,7,72,48,0,48,120
07/25/2004,DHN,AL,ASO,ES,Federal Contract Tower,4,0,13,1,18,5,0,17,0,22,9,0,30,1,40,12,0,12,52
07/26/2004,DHN,AL,ASO,ES,Federal Contract Tower,12,6,40,38,96,0,0,11,54,65,12,6,51,92,161,80,124,204,365
07/27/2004,DHN,AL,ASO,ES,Federal Contract Tower,10,6,45,43,104,0,2,23,25,50,10,8,68,68,154,62,136,198,352
07/28/2004,DHN,AL,ASO,ES,Federal Contract Tower,10,8,54,50,122,0,1,25,48,74,10,9,79,98,196,36,98,134,330
07/29/2004,DHN,AL,ASO,ES,Federal Contract Tower,10,6,42,39,97,0,2,2,50,54,10,8,44,89,151,26,98,124,275
07/30/2004,DHN,AL,ASO,ES,Federal Contract Tower,10,7,49,46,112,0,1,31,50,82,10,8,80,96,194,66,76,142,336
07/31/2004,DHN,AL,ASO,ES,Federal Contract Tower,3,1,10,0,14,4,1,35,0,40,7,2,45,0,54,56,0,56,110
08/01/2004,DHN,AL,ASO,ES,Federal Contract Tower,4,1,10,2,17,4,1,21,0,26,8,2,31,2,43,18,0,18,61
08/02/2004,DHN,AL,ASO,ES,Federal Contract Tower,9,4,28,28,69,0,2,62,20,84,9,6,90,48,153,60,54,114,267
08/03/2004,DHN,AL,ASO,ES,Federal Contract Tower,10,5,31,29,75,0,5,55,20,80,10,10,86,49,155,92,34,126,281
08/04/2004,DHN,AL,ASO,ES,Federal Contract Tower,10,7,41,40,98,0,4,50,20,74,10,11,91,60,172,68,74,142,314
08/05/2004,DHN,AL,ASO,ES,Federal Contract Tower,10,8,42,40,100,0,2,51,52,105,10,10,93,92,205,120,108,228,433
08/06/2004,DHN,AL,ASO,ES,Federal Contract Tower,10,8,41,39,98,0,0,72,33,105,10,8,113,72,203,80,90,170,373
08/07/2004,DHN,AL,ASO,ES,Federal Contract Tower,7,3,21,0,31,3,0,112,0,115,10,3,133,0,146,64,0,64,210
08/08/2004,DHN,AL,ASO,ES,Federal Contract Tower,2,0,9,0,11,8,0,32,0,40,10,0,41,0,51,56,0,56,107
08/09/2004,DHN,AL,ASO,ES,Federal Contract Tower,9,6,39,36,90,1,0,42,46,89,10,6,81,82,179,140,104,244,423
08/10/2004,DHN,AL,ASO,ES,Federal Contract Tower,10,10,70,65,155,0,0,18,64,82,10,10,88,129,237,38,48,86,323
08/11/2004,DHN,AL,ASO,ES,Federal Contract Tower,10,8,59,55,132,0,0,25,53,78,10,8,84,108,210,48,108,156,366
08/12/2004,DHN,AL,ASO,ES,Federal Contract Tower,10,9,52,46,117,0,5,17,49,71,10,14,69,95,188,54,114,168,356
08/13/2004,DHN,AL,ASO,ES,Federal Contract Tower,9,7,37,33,86,1,0,38,73,112,10,7,75,106,198,78,172,250,448
08/14/2004,DHN,AL,ASO,ES,Federal Contract Tower,4,3,16,5,28,3,0,101,0,104,7,3,117,5,132,38,2,40,172
08/15/2004,DHN,AL,ASO,ES,Federal Contract Tower,3,3,13,5,24,6,0,74,0,80,9,3,87,5,104,24,2,26,130
08/16/2004,DHN,AL,ASO,ES,Federal Contract Tower,12,6,55,48,121,0,0,16,46,62,12,6,71,94,183,64,92,156,339
08/17/2004,DHN,AL,ASO,ES,Federal Contract Tower,10,5,61,53,129,0,0,64,34,98,10,5,125,87,227,54,64,118,345
08/18/2004,DHN,AL,ASO,ES,Federal Contract Tower,10,10,58,52,130,0,0,61,37,98,10,10,119,89,228,108,102,210,438
08/19/2004,DHN,AL,ASO,ES,Federal Contract Tower,11,8,54,48,121,0,0,44,43,87,11,8,98,91,208,52,154,206,414
08/20/2004,DHN,AL,ASO,ES,Federal Contract Tower,13,8,60,55,136,0,0,35,45,80,13,8,95,100,216,58,80,138,354
08/21/2004,DHN,AL,ASO,ES,Federal Contract Tower,2,1,10,0,13,5,2,26,0,33,7,3,36,0,46,10,0,10,56
08/22/2004,DHN,AL,ASO,ES,Federal Contract Tower,3,2,13,6,24,6,4,32,0,42,9,6,45,6,66,16,0,16,82
08/23/2004,DHN,AL,ASO,ES,Federal Contract Tower,9,8,52,47,116,0,4,38,52,94,9,12,90,99,210,76,122,198,408
08/24/2004,DHN,AL,ASO,ES,Federal Contract Tower,9,8,49,44,110,0,1,20,60,81,9,9,69,104,191,36,80,116,307
08/25/2004,DHN,AL,ASO,ES,Federal Contract Tower,9,7,46,42,104,0,3,36,30,69,9,10,82,72,173,92,76,168,341
08/26/2004,DHN,AL,ASO,ES,Federal Contract Tower,10,8,49,45,112,0,1,51,45,97,10,9,100,90,209,72,136,208,417
08/27/2004,DHN,AL,ASO,ES,Federal Contract Tower,8,5,36,33,82,2,2,40,43,87,10,7,76,76,169,68,70,138,307
08/28/2004,DHN,AL,ASO,ES,Federal Contract Tower,4,1,18,2,25,3,0,48,0,51,7,1,66,2,76,10,0,10,86
08/29/2004,DHN,AL,ASO,ES,Federal Contract Tower,3,0,11,0,14,3,0,18,0,21,6,0,29,0,35,10,0,10,45
08/30/2004,DHN,AL,ASO,ES,Federal Contract Tower,9,6,38,34,87,1,0,27,56,84,10,6,65,90,171,66,92,158,329
08/31/2004,DHN,AL,ASO,ES,Federal Contract Tower,9,9,55,49,122,0,2,54,36,92,9,11,109,85,214,67,150,217,431
09/01/2004,DHN,AL,ASO,ES,Federal Contract Tower,8,8,64,42,122,0,4,24,52,80,8,12,88,94,202,106,122,228,430
09/02/2004,DHN,AL,ASO,ES,Federal Contract Tower,10,7,87,46,150,0,0,85,0,85,10,7,172,46,235,46,28,74,309
09/03/2004,DHN,AL,ASO,ES,Federal Contract Tower,7,4,31,3,45,4,11,36,0,51,11,15,67,3,96,16,0,16,112
09/04/2004,DHN,AL,ASO,ES,Federal Contract Tower,4,2,18,0,24,5,0,31,0,36,9,2,49,0,60,38,0,38,98
09/05/2004,DHN,AL,ASO,ES,Federal Contract Tower,3,1,14,0,18,5,0,32,0,37,8,1,46,0,55,4,0,4,59
09/06/2004,DHN,AL,ASO,ES,Federal Contract Tower,0,0,0,0,0,0,0,1,0,1,0,0,1,0,1,0,0,0,1
09/07/2004,DHN,AL,ASO,ES,Federal Contract Tower,10,8,63,41,122,0,2,6,38,46,10,10,69,79,168,0,4,4,172
09/08/2004,DHN,AL,ASO,ES,Federal Contract Tower,10,6,64,42,122,0,0,45,15,60,10,6,109,57,182,34,90,124,306
09/09/2004,DHN,AL,ASO,ES,Federal Contract Tower,11,6,62,40,119,0,0,51,54,105,11,6,113,94,224,134,154,288,512
09/10/2004,DHN,AL,ASO,ES,Federal Contract Tower,8,8,75,48,139,0,0,38,84,122,8,8,113,132,261,92,98,190,451
09/11/2004,DHN,AL,ASO,ES,Federal Contract Tower,3,2,13,1,19,4,0,31,0,35,7,2,44,1,54,14,0,14,68
09/12/2004,DHN,AL,ASO,ES,Federal Contract Tower,4,0,23,8,35,5,0,34,0,39,9,0,57,8,74,12,0,12,86
09/13/2004,DHN,AL,ASO,ES,Federal Contract Tower,10,5,77,50,142,0,0,38,37,75,10,5,115,87,217,8,0,8,225
09/14/2004,DHN,AL,ASO,ES,Federal Contract Tower,5,4,27,0,36,5,5,17,0,27,10,9,44,0,63,0,0,0,63
09/15/2004,DHN,AL,ASO,ES,Federal Contract Tower,1,2,7,2,12,4,2,0,0,6,5,4,7,2,18,0,0,0,18
09/16/2004,DHN,AL,ASO,ES,Federal Contract Tower,0,0,0,0,0,0,0,0,0,0,0,0,0,0,0,0,0,0,0
09/17/2004,DHN,AL,ASO,ES,Federal Contract Tower,5,4,25,15,49,6,4,22,13,45,11,8,47,28,94,0,0,0,94
09/18/2004,DHN,AL,ASO,ES,Federal Contract Tower,4,2,25,15,46,4,0,51,53,108,8,2,76,68,154,66,128,194,348
09/19/2004,DHN,AL,ASO,ES,Federal Contract Tower,5,4,29,18,56,4,0,46,50,100,9,4,75,68,156,58,108,166,322
09/20/2004,DHN,AL,ASO,ES,Federal Contract Tower,10,7,50,31,98,0,3,19,121,143,10,10,69,152,241,44,182,226,467
09/21/2004,DHN,AL,ASO,ES,Federal Contract Tower,8,7,51,32,98,0,3,50,58,111,8,10,101,90,209,60,100,160,369
09/22/2004,DHN,AL,ASO,ES,Federal Contract Tower,10,9,64,40,123,0,1,60,45,106,10,10,124,85,229,50,92,142,371
09/23/2004,DHN,AL,ASO,ES,Federal Contract Tower,8,5,37,23,73,2,5,69,25,101,10,10,106,48,174,88,52,140,314
09/24/2004,DHN,AL,ASO,ES,Federal Contract Tower,9,6,70,43,128,0,0,97,16,113,9,6,167,59,241,82,10,92,333
09/25/2004,DHN,AL,ASO,ES,Federal Contract Tower,6,3,30,19,58,3,0,28,21,52,9,3,58,40,110,40,0,40,150
09/26/2004,DHN,AL,ASO,ES,Federal Contract Tower,3,2,15,3,23,6,0,13,0,19,9,2,28,3,42,0,0,0,42
09/27/2004,DHN,AL,ASO,ES,Federal Contract Tower,6,4,35,23,68,0,2,17,34,53,6,6,52,57,121,24,32,56,177
09/28/2004,DHN,AL,ASO,ES,Federal Contract Tower,10,7,84,54,155,0,0,144,18,162,10,7,228,72,317,68,60,128,445
09/29/2004,DHN,AL,ASO,ES,Federal Contract Tower,10,6,60,39,115,0,0,24,71,95,10,6,84,110,210,66,158,224,434
09/30/2004,DHN,AL,ASO,ES,Federal Contract Tower,10,7,64,41,122,0,0,33,61,94,10,7,97,102,216,72,90,162,378
10/01/2004,DHN,AL,ASO,ES,Federal Contract Tower,11,5,57,58,131,1,1,33,48,83,12,6,90,106,214,74,100,174,388
10/02/2004,DHN,AL,ASO,ES,Federal Contract Tower,11,1,27,2,41,0,0,25,3,28,11,1,52,5,69,18,6,24,93
10/03/2004,DHN,AL,ASO,ES,Federal Contract Tower,13,0,29,6,48,0,0,26,2,28,13,0,55,8,76,12,0,12,88
10/04/2004,DHN,AL,ASO,ES,Federal Contract Tower,10,6,28,67,111,0,0,42,61,103,10,6,70,128,214,74,164,238,452
10/06/2004,DHN,AL,ASO,ES,Federal Contract Tower,10,9,60,33,112,0,3,37,35,75,10,12,97,68,187,34,180,214,401
10/07/2004,DHN,AL,ASO,ES,Federal Contract Tower,10,8,50,43,111,0,1,39,53,93,10,9,89,96,204,48,178,226,430
10/08/2004,DHN,AL,ASO,ES,Federal Contract Tower,10,5,50,36,101,0,3,45,44,92,10,8,95,80,193,95,186,281,474
10/09/2004,DHN,AL,ASO,ES,Federal Contract Tower,6,0,22,0,28,0,0,19,0,19,6,0,41,0,47,2,0,2,49
10/10/2004,DHN,AL,ASO,ES,Federal Contract Tower,9,0,17,4,30,0,0,4,0,4,9,0,21,4,34,14,0,14,48
10/11/2004,DHN,AL,ASO,ES,Federal Contract Tower,11,3,34,5,53,0,0,3,2,5,11,3,37,7,58,0,0,0,58
10/12/2004,DHN,AL,ASO,ES,Federal Contract Tower,11,5,50,54,120,0,0,47,46,93,11,5,97,100,213,116,186,302,515
10/13/2004,DHN,AL,ASO,ES,Federal Contract Tower,14,10,39,67,130,0,0,45,46,91,14,10,84,113,221,85,111,196,417
10/14/2004,DHN,AL,ASO,ES,Federal Contract Tower,9,7,46,58,120,0,0,52,55,107,9,7,98,113,227,56,120,176,403
10/15/2004,DHN,AL,ASO,ES,Federal Contract Tower,12,6,45,43,106,0,0,44,56,100,12,6,89,99,206,48,112,160,366
10/16/2004,DHN,AL,ASO,ES,Federal Contract Tower,11,0,24,2,37,1,0,35,5,41,12,0,59,7,78,14,8,22,100
10/17/2004,DHN,AL,ASO,ES,Federal Contract Tower,9,0,25,8,42,0,0,20,1,21,9,0,45,9,63,38,0,38,101
10/18/2004,DHN,AL,ASO,ES,Federal Contract Tower,10,8,21,47,86,0,1,23,41,65,10,9,44,88,151,30,99,129,280
10/19/2004,DHN,AL,ASO,ES,Federal Contract Tower,7,8,47,25,87,0,0,2,14,16,7,8,49,39,103,14,0,14,117
10/20/2004,DHN,AL,ASO,ES,Federal Contract Tower,10,6,46,31,93,0,1,25,17,43,10,7,71,48,136,118,67,185,321
10/21/2004,DHN,AL,ASO,ES,Federal Contract Tower,10,9,45,35,99,0,0,13,15,28,10,9,58,50,127,50,27,77,204
10/22/2004,DHN,AL,ASO,ES,Federal Contract Tower,11,10,61,50,132,0,3,33,29,65,11,13,94,79,197,26,20,46,243
10/23/2004,DHN,AL,ASO,ES,Federal Contract Tower,8,1,22,0,31,0,0,22,4,26,8,1,44,4,57,20,0,20,77
10/24/2004,DHN,AL,ASO,ES,Federal Contract Tower,9,0,34,2,45,0,0,36,20,56,9,0,70,22,101,22,0,22,123
10/25/2004,DHN,AL,ASO,ES,Federal Contract Tower,10,9,53,58,130,0,0,47,54,101,10,9,100,112,231,116,114,230,461
10/26/2004,DHN,AL,ASO,ES,Federal Contract Tower,11,7,35,67,120,0,0,67,57,124,11,7,102,124,244,76,154,230,474
10/27/2004,DHN,AL,ASO,ES,Federal Contract Tower,10,10,32,46,98,0,0,49,54,103,10,10,81,100,201,148,104,252,453
10/28/2004,DHN,AL,ASO,ES,Federal Contract Tower,7,8,48,48,111,0,0,34,26,60,7,8,82,74,171,58,84,142,313
10/29/2004,DHN,AL,ASO,ES,Federal Contract Tower,9,11,30,50,100,0,0,44,49,93,9,11,74,99,193,119,94,213,406
10/30/2004,DHN,AL,ASO,ES,Federal Contract Tower,7,2,15,0,24,0,0,35,0,35,7,2,50,0,59,54,0,54,113
10/31/2004,DHN,AL,ASO,ES,Federal Contract Tower,6,0,8,0,14,0,0,17,0,17,6,0,25,0,31,12,0,12,43
11/01/2004,DHN,AL,ASO,ES,Federal Contract Tower,12,5,42,50,109,0,1,42,53,96,12,6,84,103,205,93,127,220,425
11/02/2004,DHN,AL,ASO,ES,Federal Contract Tower,10,8,40,45,103,0,0,28,50,78,10,8,68,95,181,60,78,138,319
11/03/2004,DHN,AL,ASO,ES,Federal Contract Tower,10,9,37,41,97,0,4,23,32,59,10,13,60,73,156,68,70,138,294
11/04/2004,DHN,AL,ASO,ES,Federal Contract Tower,10,10,49,45,114,1,12,28,31,72,11,22,77,76,186,34,48,82,268
11/05/2004,DHN,AL,ASO,ES,Federal Contract Tower,10,9,41,48,108,0,1,51,56,108,10,10,92,104,216,84,129,213,429
11/06/2004,DHN,AL,ASO,ES,Federal Contract Tower,9,0,9,6,24,1,0,29,6,36,10,0,38,12,60,30,10,40,100
11/07/2004,DHN,AL,ASO,ES,Federal Contract Tower,9,0,15,6,30,0,0,64,2,66,9,0,79,8,96,16,0,16,112
11/08/2004,DHN,AL,ASO,ES,Federal Contract Tower,8,6,42,69,125,0,8,54,55,117,8,14,96,124,242,76,102,178,420
11/09/2004,DHN,AL,ASO,ES,Federal Contract Tower,14,10,38,63,125,0,4,52,50,106,14,14,90,113,231,40,212,252,483
11/10/2004,DHN,AL,ASO,ES,Federal Contract Tower,11,14,42,62,129,0,3,42,58,103,11,17,84,120,232,36,112,148,380
11/11/2004,DHN,AL,ASO,ES,Federal Contract Tower,10,4,42,20,76,1,0,19,15,35,11,4,61,35,111,8,18,26,137
11/12/2004,DHN,AL,ASO,ES,Federal Contract Tower,8,10,42,55,115,1,0,21,40,62,9,10,63,95,177,96,106,202,379
11/13/2004,DHN,AL,ASO,ES,Federal Contract Tower,9,6,25,12,52,0,0,7,4,11,9,6,32,16,63,0,0,0,63
11/14/2004,DHN,AL,ASO,ES,Federal Contract Tower,8,0,15,5,28,0,0,18,1,19,8,0,33,6,47,40,0,40,87
11/15/2004,DHN,AL,ASO,ES,Federal Contract Tower,10,11,24,38,83,0,0,33,35,68,10,11,57,73,151,60,88,148,299
11/16/2004,DHN,AL,ASO,ES,Federal Contract Tower,15,6,38,22,81,0,0,43,53,96,15,6,81,75,177,78,58,136,313
11/17/2004,DHN,AL,ASO,ES,Federal Contract Tower,9,9,25,61,104,0,0,58,59,117,9,9,83,120,221,90,124,214,435
11/18/2004,DHN,AL,ASO,ES,Federal Contract Tower,10,11,48,54,123,0,1,30,83,114,10,12,78,137,237,74,148,222,459
11/19/2004,DHN,AL,ASO,ES,Federal Contract Tower,13,11,39,83,146,0,1,23,33,57,13,12,62,116,203,28,78,106,309
11/20/2004,DHN,AL,ASO,ES,Federal Contract Tower,9,2,13,2,26,0,0,1,4,5,9,2,14,6,31,0,2,2,33
11/21/2004,DHN,AL,ASO,ES,Federal Contract Tower,9,0,25,3,37,0,0,8,3,11,9,0,33,6,48,10,4,14,62
11/22/2004,DHN,AL,ASO,ES,Federal Contract Tower,10,9,44,33,96,0,0,22,14,36,10,9,66,47,132,60,48,108,240
11/23/2004,DHN,AL,ASO,ES,Federal Contract Tower,13,9,47,55,124,1,0,17,43,61,14,9,64,98,185,42,64,106,291
11/24/2004,DHN,AL,ASO,ES,Federal Contract Tower,9,7,23,19,58,0,0,0,8,8,9,7,23,27,66,0,0,0,66
11/25/2004,DHN,AL,ASO,ES,Federal Contract Tower,9,3,18,0,30,0,0,6,0,6,9,3,24,0,36,0,0,0,36
11/26/2004,DHN,AL,ASO,ES,Federal Contract Tower,10,6,18,0,34,0,0,39,0,39,10,6,57,0,73,4,0,4,77
11/27/2004,DHN,AL,ASO,ES,Federal Contract Tower,6,2,19,0,27,0,0,8,0,8,6,2,27,0,35,0,0,0,35
11/28/2004,DHN,AL,ASO,ES,Federal Contract Tower,10,0,34,2,46,0,0,45,0,45,10,0,79,2,91,26,0,26,117
11/29/2004,DHN,AL,ASO,ES,Federal Contract Tower,9,6,36,57,108,0,1,53,79,133,9,7,89,136,241,84,134,218,459
11/30/2004,DHN,AL,ASO,ES,Federal Contract Tower,7,4,59,59,129,0,0,9,57,66,7,4,68,116,195,42,130,172,367
12/01/2004,DHN,AL,ASO,ES,Federal Contract Tower,9,5,46,49,109,0,0,26,30,56,9,5,72,79,165,44,112,156,321
12/02/2004,DHN,AL,ASO,ES,Federal Contract Tower,10,6,48,57,121,0,0,51,44,95,10,6,99,101,216,62,148,210,426
12/03/2004,DHN,AL,ASO,ES,Federal Contract Tower,9,7,30,58,104,0,0,43,44,87,9,7,73,102,191,26,156,182,373
12/04/2004,DHN,AL,ASO,ES,Federal Contract Tower,9,0,27,1,37,0,0,45,1,46,9,0,72,2,83,32,0,32,115
12/05/2004,DHN,AL,ASO,ES,Federal Contract Tower,9,0,23,2,34,0,0,11,0,11,9,0,34,2,45,6,0,6,51
12/06/2004,DHN,AL,ASO,ES,Federal Contract Tower,8,10,47,76,141,0,1,31,58,90,8,11,78,134,231,48,103,151,382
12/07/2004,DHN,AL,ASO,ES,Federal Contract Tower,8,6,43,73,130,0,0,14,30,44,8,6,57,103,174,12,20,32,206
12/08/2004,DHN,AL,ASO,ES,Federal Contract Tower,10,8,43,58,119,0,0,24,63,87,10,8,67,121,206,106,176,282,488
12/09/2004,DHN,AL,ASO,ES,Federal Contract Tower,11,6,41,59,117,0,0,11,21,32,11,6,52,80,149,54,42,96,245
12/10/2004,DHN,AL,ASO,ES,Federal Contract Tower,10,3,30,39,82,0,3,45,42,90,10,6,75,81,172,48,54,102,274
12/11/2004,DHN,AL,ASO,ES,Federal Contract Tower,11,3,27,2,43,0,0,36,2,38,11,3,63,4,81,18,2,20,101
12/12/2004,DHN,AL,ASO,ES,Federal Contract Tower,12,0,38,4,54,0,0,33,2,35,12,0,71,6,89,10,0,10,99
12/13/2004,DHN,AL,ASO,ES,Federal Contract Tower,8,5,20,34,67,0,1,36,35,72,8,6,56,69,139,112,80,192,331
12/14/2004,DHN,AL,ASO,ES,Federal Contract Tower,8,7,31,54,100,0,0,34,62,96,8,7,65,116,196,62,82,144,340
12/15/2004,DHN,AL,ASO,ES,Federal Contract Tower,9,6,20,25,60,0,0,38,33,71,9,6,58,58,131,140,66,206,337
12/16/2004,DHN,AL,ASO,ES,Federal Contract Tower,10,7,36,24,77,0,0,46,39,85,10,7,82,63,162,104,148,252,414
12/17/2004,DHN,AL,ASO,ES,Federal Contract Tower,9,9,24,44,86,0,0,32,36,68,9,9,56,80,154,108,144,252,406
12/18/2004,DHN,AL,ASO,ES,Federal Contract Tower,11,2,21,0,34,0,0,40,0,40,11,2,61,0,74,120,0,120,194
12/19/2004,DHN,AL,ASO,ES,Federal Contract Tower,8,0,7,0,15,0,0,24,0,24,8,0,31,0,39,8,0,8,47
12/20/2004,DHN,AL,ASO,ES,Federal Contract Tower,10,13,22,5,50,0,0,38,3,41,10,13,60,8,91,50,2,52,143
12/21/2004,DHN,AL,ASO,ES,Federal Contract Tower,10,8,27,4,49,0,0,45,2,47,10,8,72,6,96,74,4,78,174
12/22/2004,DHN,AL,ASO,ES,Federal Contract Tower,11,10,20,16,57,0,0,23,11,34,11,10,43,27,91,38,8,46,137
12/23/2004,DHN,AL,ASO,ES,Federal Contract Tower,8,5,16,0,29,0,2,1,0,3,8,7,17,0,32,0,0,0,32
12/24/2004,DHN,AL,ASO,ES,Federal Contract Tower,10,5,8,0,23,0,0,6,2,8,10,5,14,2,31,0,0,0,31
12/25/2004,DHN,AL,ASO,ES,Federal Contract Tower,9,4,8,0,21,0,0,3,0,3,9,4,11,0,24,0,0,0,24
12/26/2004,DHN,AL,ASO,ES,Federal Contract Tower,7,3,17,0,27,0,0,26,0,26,7,3,43,0,53,6,0,6,59
12/27/2004,DHN,AL,ASO,ES,Federal Contract Tower,8,7,14,2,31,0,1,43,2,46,8,8,57,4,77,34,0,34,111
12/28/2004,DHN,AL,ASO,ES,Federal Contract Tower,13,10,19,5,47,0,0,28,12,40,13,10,47,17,87,26,18,44,131
12/29/2004,DHN,AL,ASO,ES,Federal Contract Tower,11,6,12,2,31,0,0,34,2,36,11,6,46,4,67,36,2,38,105
12/30/2004,DHN,AL,ASO,ES,Federal Contract Tower,10,5,23,0,38,0,1,32,0,33,10,6,55,0,71,20,0,20,91
12/31/2004,DHN,AL,ASO,ES,Federal Contract Tower,12,4,7,0,23,0,0,25,0,25,12,4,32,0,48,16,0,16,64
01/01/2005,DHN,AL,ASO,ES,Federal Contract Tower,9,0,10,0,19,0,0,14,0,14,9,0,24,0,33,24,0,24,57
01/02/2005,DHN,AL,ASO,ES,Federal Contract Tower,10,0,24,0,34,0,0,34,0,34,10,0,58,0,68,12,0,12,80
01/03/2005,DHN,AL,ASO,ES,Federal Contract Tower,10,8,26,20,64,0,0,44,44,88,10,8,70,64,152,66,78,144,296
01/04/2005,DHN,AL,ASO,ES,Federal Contract Tower,10,8,31,41,90,0,2,50,63,115,10,10,81,104,205,116,86,202,407
01/05/2005,DHN,AL,ASO,ES,Federal Contract Tower,10,10,35,50,105,0,0,45,27,72,10,10,80,77,177,56,88,144,321
01/06/2005,DHN,AL,ASO,ES,Federal Contract Tower,9,8,43,48,108,0,0,25,39,64,9,8,68,87,172,44,108,152,324
01/07/2005,DHN,AL,ASO,ES,Federal Contract Tower,10,6,35,65,116,0,0,17,34,51,10,6,52,99,167,8,42,50,217
01/08/2005,DHN,AL,ASO,ES,Federal Contract Tower,7,2,19,0,28,0,0,16,0,16,7,2,35,0,44,20,0,20,64
01/09/2005,DHN,AL,ASO,ES,Federal Contract Tower,11,0,24,4,39,0,0,11,1,12,11,0,35,5,51,0,0,0,51
01/10/2005,DHN,AL,ASO,ES,Federal Contract Tower,14,5,46,39,104,0,2,46,73,121,14,7,92,112,225,56,130,186,411
01/11/2005,DHN,AL,ASO,ES,Federal Contract Tower,10,8,26,46,90,0,0,27,42,69,10,8,53,88,159,82,122,204,363
01/12/2005,DHN,AL,ASO,ES,Federal Contract Tower,11,6,42,52,111,0,0,50,48,98,11,6,92,100,209,34,108,142,351
01/13/2005,DHN,AL,ASO,ES,Federal Contract Tower,6,6,34,36,82,0,0,16,16,32,6,6,50,52,114,16,20,36,150
01/14/2005,DHN,AL,ASO,ES,Federal Contract Tower,10,7,58,65,140,0,1,43,37,81,10,8,101,102,221,48,98,146,367
01/15/2005,DHN,AL,ASO,ES,Federal Contract Tower,9,3,48,5,65,0,0,61,5,66,9,3,109,10,131,12,4,16,147
01/16/2005,DHN,AL,ASO,ES,Federal Contract Tower,7,0,16,2,25,0,0,36,0,36,7,0,52,2,61,24,0,24,85
01/17/2005,DHN,AL,ASO,ES,Federal Contract Tower,10,4,25,5,44,0,1,52,8,61,10,5,77,13,105,60,8,68,173
01/18/2005,DHN,AL,ASO,ES,Federal Contract Tower,9,7,35,41,92,0,1,43,53,97,9,8,78,94,189,44,122,166,355
01/19/2005,DHN,AL,ASO,ES,Federal Contract Tower,10,10,38,53,111,0,0,67,48,115,10,10,105,101,226,38,108,146,372
01/20/2005,DHN,AL,ASO,ES,Federal Contract Tower,10,10,42,41,103,0,0,58,38,96,10,10,100,79,199,66,152,218,417
01/21/2005,DHN,AL,ASO,ES,Federal Contract Tower,9,8,38,53,108,0,0,32,27,59,9,8,70,80,167,42,100,142,309
01/22/2005,DHN,AL,ASO,ES,Federal Contract Tower,9,2,11,1,23,0,0,8,1,9,9,2,19,2,32,10,12,22,54
01/23/2005,DHN,AL,ASO,ES,Federal Contract Tower,9,0,25,7,41,0,0,28,3,31,9,0,53,10,72,2,4,6,78
01/24/2005,DHN,AL,ASO,ES,Federal Contract Tower,14,8,23,39,84,0,0,45,46,91,14,8,68,85,175,78,146,224,399
01/25/2005,DHN,AL,ASO,ES,Federal Contract Tower,10,8,33,25,76,0,0,50,57,107,10,8,83,82,183,84,85,169,352
01/26/2005,DHN,AL,ASO,ES,Federal Contract Tower,10,10,52,43,115,1,0,29,48,78,11,10,81,91,193,40,110,150,343
01/27/2005,DHN,AL,ASO,ES,Federal Contract Tower,8,8,29,45,90,0,0,48,41,89,8,8,77,86,179,54,94,148,327
01/28/2005,DHN,AL,ASO,ES,Federal Contract Tower,12,9,27,66,114,0,0,8,33,41,12,9,35,99,155,2,88,90,245
01/29/2005,DHN,AL,ASO,ES,Federal Contract Tower,2,2,8,1,13,0,1,1,3,5,2,3,9,4,18,0,0,0,18
01/30/2005,DHN,AL,ASO,ES,Federal Contract Tower,6,0,28,7,41,0,0,14,1,15,6,0,42,8,56,2,0,2,58
01/31/2005,DHN,AL,ASO,ES,Federal Contract Tower,9,8,39,63,119,0,0,38,78,116,9,8,77,141,235,86,186,272,507
02/01/2005,DHN,AL,ASO,ES,Federal Contract Tower,9,6,54,78,147,2,0,19,46,67,11,6,73,124,214,40,164,204,418
02/02/2005,DHN,AL,ASO,ES,Federal Contract Tower,6,7,62,45,120,0,0,15,12,27,6,7,77,57,147,14,16,30,177
02/03/2005,DHN,AL,ASO,ES,Federal Contract Tower,8,8,61,81,158,0,2,22,31,55,8,10,83,112,213,36,69,105,318
02/04/2005,DHN,AL,ASO,ES,Federal Contract Tower,9,5,35,51,100,0,2,75,54,131,9,7,110,105,231,86,122,208,439
02/05/2005,DHN,AL,ASO,ES,Federal Contract Tower,6,2,11,1,20,0,0,49,2,51,6,2,60,3,71,60,0,60,131
02/06/2005,DHN,AL,ASO,ES,Federal Contract Tower,8,2,16,1,27,0,0,20,1,21,8,2,36,2,48,4,0,4,52
02/07/2005,DHN,AL,ASO,ES,Federal Contract Tower,9,6,29,30,74,0,0,41,61,102,9,6,70,91,176,96,136,232,408
02/08/2005,DHN,AL,ASO,ES,Federal Contract Tower,7,4,34,37,82,0,0,61,49,110,7,4,95,86,192,68,134,202,394
02/09/2005,DHN,AL,ASO,ES,Federal Contract Tower,10,8,37,72,127,0,0,14,8,22,10,8,51,80,149,4,4,8,157
02/10/2005,DHN,AL,ASO,ES,Federal Contract Tower,13,7,34,39,93,0,0,30,20,50,13,7,64,59,143,50,124,174,317
02/11/2005,DHN,AL,ASO,ES,Federal Contract Tower,16,6,39,44,105,0,0,75,45,120,16,6,114,89,225,50,78,128,353
02/12/2005,DHN,AL,ASO,ES,Federal Contract Tower,8,6,17,3,34,0,3,34,8,45,8,9,51,11,79,72,0,72,151
02/13/2005,DHN,AL,ASO,ES,Federal Contract Tower,8,1,16,10,35,0,0,25,17,42,8,1,41,27,77,20,16,36,113
02/14/2005,DHN,AL,ASO,ES,Federal Contract Tower,9,7,24,47,87,0,0,30,14,44,9,7,54,61,131,70,6,76,207
02/15/2005,DHN,AL,ASO,ES,Federal Contract Tower,8,7,26,31,72,0,0,28,24,52,8,7,54,55,124,60,112,172,296
02/16/2005,DHN,AL,ASO,ES,Federal Contract Tower,7,8,52,39,106,0,0,26,26,52,7,8,78,65,158,80,120,200,358
02/17/2005,DHN,AL,ASO,ES,Federal Contract Tower,10,6,46,43,105,0,1,34,48,83,10,7,80,91,188,66,118,184,372
02/18/2005,DHN,AL,ASO,ES,Federal Contract Tower,9,8,39,45,101,0,0,47,49,96,9,8,86,94,197,40,88,128,325
02/19/2005,DHN,AL,ASO,ES,Federal Contract Tower,10,2,27,1,40,0,0,40,0,40,10,2,67,1,80,80,0,80,160
02/20/2005,DHN,AL,ASO,ES,Federal Contract Tower,6,0,22,1,29,0,0,36,0,36,6,0,58,1,65,22,0,22,87
02/21/2005,DHN,AL,ASO,ES,Federal Contract Tower,3,2,17,1,23,0,1,14,1,16,3,3,31,2,39,2,0,2,41
02/22/2005,DHN,AL,ASO,ES,Federal Contract Tower,9,6,50,65,130,0,0,33,42,75,9,6,83,107,205,48,92,140,345
02/23/2005,DHN,AL,ASO,ES,Federal Contract Tower,8,10,37,43,98,1,0,9,14,24,9,10,46,57,122,8,0,8,130
02/24/2005,DHN,AL,ASO,ES,Federal Contract Tower,10,6,43,66,125,0,0,17,46,63,10,6,60,112,188,36,138,174,362
02/25/2005,DHN,AL,ASO,ES,Federal Contract Tower,9,8,35,100,152,1,0,33,58,92,10,8,68,158,244,40,110,150,394
02/26/2005,DHN,AL,ASO,ES,Federal Contract Tower,4,3,17,11,35,0,0,18,8,26,4,3,35,19,61,22,12,34,95
02/27/2005,DHN,AL,ASO,ES,Federal Contract Tower,4,0,11,5,20,0,0,3,0,3,4,0,14,5,23,0,0,0,23
02/28/2005,DHN,AL,ASO,ES,Federal Contract Tower,9,9,39,70,127,0,0,28,71,99,9,9,67,141,226,26,116,142,368
03/01/2005,DHN,AL,ASO,ES,Federal Contract Tower,7,5,33,51,96,0,0,35,57,92,7,5,68,108,188,36,114,150,338
03/02/2005,DHN,AL,ASO,ES,Federal Contract Tower,9,5,28,43,85,0,1,35,44,80,9,6,63,87,165,108,152,260,425
03/03/2005,DHN,AL,ASO,ES,Federal Contract Tower,10,7,42,43,102,0,0,32,45,77,10,7,74,88,179,62,102,164,343
03/04/2005,DHN,AL,ASO,ES,Federal Contract Tower,13,8,37,69,127,1,2,45,46,94,14,10,82,115,221,69,92,161,382
03/05/2005,DHN,AL,ASO,ES,Federal Contract Tower,6,2,12,4,24,0,0,53,2,55,6,2,65,6,79,22,0,22,101
03/06/2005,DHN,AL,ASO,ES,Federal Contract Tower,8,0,33,7,48,0,0,25,0,25,8,0,58,7,73,50,0,50,123
03/07/2005,DHN,AL,ASO,ES,Federal Contract Tower,9,5,18,11,43,0,0,24,3,27,9,5,42,14,70,14,0,14,84
03/08/2005,DHN,AL,ASO,ES,Federal Contract Tower,7,11,53,70,141,0,0,49,64,113,7,11,102,134,254,80,78,158,412
03/09/2005,DHN,AL,ASO,ES,Federal Contract Tower,9,8,42,48,107,0,0,46,45,91,9,8,88,93,198,64,132,196,394
03/10/2005,DHN,AL,ASO,ES,Federal Contract Tower,8,8,65,46,127,0,2,62,69,133,8,10,127,115,260,80,148,228,488
03/11/2005,DHN,AL,ASO,ES,Federal Contract Tower,9,9,49,41,108,0,1,43,22,66,9,10,92,63,174,42,76,118,292
03/12/2005,DHN,AL,ASO,ES,Federal Contract Tower,6,2,8,3,19,0,0,13,2,15,6,2,21,5,34,0,6,6,40
03/13/2005,DHN,AL,ASO,ES,Federal Contract Tower,8,3,22,0,33,0,0,29,2,31,8,3,51,2,64,14,0,14,78
03/14/2005,DHN,AL,ASO,ES,Federal Contract Tower,9,13,26,37,85,0,1,24,30,55,9,14,50,67,140,50,60,110,250
03/15/2005,DHN,AL,ASO,ES,Federal Contract Tower,9,8,33,33,83,1,0,21,22,44,10,8,54,55,127,90,38,128,255
03/16/2005,DHN,AL,ASO,ES,Federal Contract Tower,9,8,48,17,82,0,0,8,2,10,9,8,56,19,92,0,0,0,92
03/17/2005,DHN,AL,ASO,ES,Federal Contract Tower,9,8,64,87,168,0,0,19,8,27,9,8,83,95,195,2,2,4,199
03/18/2005,DHN,AL,ASO,ES,Federal Contract Tower,9,9,40,47,105,0,1,32,41,74,9,10,72,88,179,90,166,256,435
03/19/2005,DHN,AL,ASO,ES,Federal Contract Tower,7,2,31,3,43,0,1,42,2,45,7,3,73,5,88,20,0,20,108
03/20/2005,DHN,AL,ASO,ES,Federal Contract Tower,10,4,26,5,45,0,5,21,6,32,10,9,47,11,77,32,12,44,121
03/21/2005,DHN,AL,ASO,ES,Federal Contract Tower,13,6,24,41,84,1,1,35,55,92,14,7,59,96,176,58,162,220,396
03/22/2005,DHN,AL,ASO,ES,Federal Contract Tower,6,6,24,29,65,0,0,16,6,22,6,6,40,35,87,46,74,120,207
03/23/2005,DHN,AL,ASO,ES,Federal Contract Tower,13,10,42,60,125,0,0,37,52,89,13,10,79,112,214,56,204,260,474
03/24/2005,DHN,AL,ASO,ES,Federal Contract Tower,10,8,54,68,140,0,2,53,70,125,10,10,107,138,265,66,286,352,617
03/25/2005,DHN,AL,ASO,ES,Federal Contract Tower,9,6,56,52,123,0,0,44,25,69,9,6,100,77,192,76,83,159,351
03/26/2005,DHN,AL,ASO,ES,Federal Contract Tower,4,1,12,3,20,0,0,6,1,7,4,1,18,4,27,4,0,4,31
03/27/2005,DHN,AL,ASO,ES,Federal Contract Tower,4,0,6,2,12,0,0,0,0,0,4,0,6,2,12,0,0,0,12
03/28/2005,DHN,AL,ASO,ES,Federal Contract Tower,7,4,33,74,118,0,0,25,65,90,7,4,58,139,208,38,116,154,362
03/29/2005,DHN,AL,ASO,ES,Federal Contract Tower,8,5,46,71,130,0,0,58,46,104,8,5,104,117,234,60,190,250,484
03/30/2005,DHN,AL,ASO,ES,Federal Contract Tower,9,6,33,49,97,0,0,45,50,95,9,6,78,99,192,64,140,204,396
03/31/2005,DHN,AL,ASO,ES,Federal Contract Tower,6,8,45,47,106,0,0,1,17,18,6,8,46,64,124,8,26,34,158
04/01/2005,DHN,AL,ASO,ES,Federal Contract Tower,11,8,28,17,64,0,0,11,16,27,11,8,39,33,91,44,42,86,177
04/02/2005,DHN,AL,ASO,ES,Federal Contract Tower,5,0,25,17,47,0,1,22,18,41,5,1,47,35,88,4,52,56,144
04/03/2005,DHN,AL,ASO,ES,Federal Contract Tower,8,0,22,2,32,0,0,30,0,30,8,0,52,2,62,26,0,26,88
04/04/2005,DHN,AL,ASO,ES,Federal Contract Tower,10,6,48,81,145,0,0,51,108,159,10,6,99,189,304,90,210,300,604
04/05/2005,DHN,AL,ASO,ES,Federal Contract Tower,8,8,56,58,130,0,0,45,60,105,8,8,101,118,235,68,128,196,431
04/06/2005,DHN,AL,ASO,ES,Federal Contract Tower,9,11,39,36,95,0,1,26,40,67,9,12,65,76,162,28,95,123,285
04/07/2005,DHN,AL,ASO,ES,Federal Contract Tower,9,8,46,31,94,0,0,41,22,63,9,8,87,53,157,60,26,86,243
04/08/2005,DHN,AL,ASO,ES,Federal Contract Tower,9,7,68,35,119,0,0,37,16,53,9,7,105,51,172,64,18,82,254
04/09/2005,DHN,AL,ASO,ES,Federal Contract Tower,6,1,23,7,37,0,0,47,6,53,6,1,70,13,90,72,4,76,166
04/10/2005,DHN,AL,ASO,ES,Federal Contract Tower,9,0,33,4,46,0,0,63,2,65,9,0,96,6,111,22,0,22,133
04/11/2005,DHN,AL,ASO,ES,Federal Contract Tower,8,5,23,43,79,0,0,45,18,63,8,5,68,61,142,81,66,147,289
04/12/2005,DHN,AL,ASO,ES,Federal Contract Tower,11,6,27,56,100,0,0,25,50,75,11,6,52,106,175,22,68,90,265
04/13/2005,DHN,AL,ASO,ES,Federal Contract Tower,11,8,37,70,126,0,1,56,84,141,11,9,93,154,267,70,118,188,455
04/14/2005,DHN,AL,ASO,ES,Federal Contract Tower,9,6,56,56,127,0,0,35,49,84,9,6,91,105,211,60,88,148,359
04/15/2005,DHN,AL,ASO,ES,Federal Contract Tower,9,7,42,54,112,0,1,43,36,80,9,8,85,90,192,84,102,186,378
04/16/2005,DHN,AL,ASO,ES,Federal Contract Tower,6,1,15,1,23,0,0,20,1,21,6,1,35,2,44,22,0,22,66
04/17/2005,DHN,AL,ASO,ES,Federal Contract Tower,8,0,23,4,35,0,0,20,2,22,8,0,43,6,57,10,6,16,73
04/18/2005,DHN,AL,ASO,ES,Federal Contract Tower,10,6,41,38,95,0,0,60,68,128,10,6,101,106,223,76,130,206,429
04/19/2005,DHN,AL,ASO,ES,Federal Contract Tower,8,9,40,26,83,0,0,45,50,95,8,9,85,76,178,160,108,268,446
04/20/2005,DHN,AL,ASO,ES,Federal Contract Tower,9,9,35,31,84,0,1,55,40,96,9,10,90,71,180,112,132,244,424
04/21/2005,DHN,AL,ASO,ES,Federal Contract Tower,8,11,42,39,100,0,4,39,42,85,8,15,81,81,185,84,112,196,381
04/22/2005,DHN,AL,ASO,ES,Federal Contract Tower,5,7,55,35,102,0,0,30,55,85,5,7,85,90,187,82,130,212,399
04/23/2005,DHN,AL,ASO,ES,Federal Contract Tower,6,0,19,1,26,0,1,7,0,8,6,1,26,1,34,2,0,2,36
04/24/2005,DHN,AL,ASO,ES,Federal Contract Tower,6,0,12,1,19,3,0,54,2,59,9,0,66,3,78,50,0,50,128
04/25/2005,DHN,AL,ASO,ES,Federal Contract Tower,8,7,37,32,84,0,3,31,54,88,8,10,68,86,172,86,112,198,370
04/26/2005,DHN,AL,ASO,ES,Federal Contract Tower,7,5,50,71,133,0,2,6,40,48,7,7,56,111,181,56,32,88,269
04/27/2005,DHN,AL,ASO,ES,Federal Contract Tower,9,10,28,65,112,0,1,52,64,117,9,11,80,129,229,86,146,232,461
04/28/2005,DHN,AL,ASO,ES,Federal Contract Tower,9,9,41,67,126,0,1,78,73,152,9,10,119,140,278,90,118,208,486
04/29/2005,DHN,AL,ASO,ES,Federal Contract Tower,9,8,47,46,110,0,0,53,51,104,9,8,100,97,214,34,76,110,324
04/30/2005,DHN,AL,ASO,ES,Federal Contract Tower,7,1,8,0,16,0,0,0,0,0,7,1,8,0,16,0,0,0,16
05/01/2005,DHN,AL,ASO,ES,Federal Contract Tower,8,0,21,6,35,0,0,31,0,31,8,0,52,6,66,24,0,24,90
05/02/2005,DHN,AL,ASO,ES,Federal Contract Tower,13,11,36,37,97,0,6,52,38,96,13,17,88,75,193,34,80,114,307
05/03/2005,DHN,AL,ASO,ES,Federal Contract Tower,11,6,41,36,94,0,0,51,36,87,11,6,92,72,181,72,60,132,313
05/04/2005,DHN,AL,ASO,ES,Federal Contract Tower,9,10,35,45,99,0,0,56,54,110,9,10,91,99,209,54,156,210,419
05/05/2005,DHN,AL,ASO,ES,Federal Contract Tower,8,10,41,33,92,0,0,32,44,76,8,10,73,77,168,58,56,114,282
05/06/2005,DHN,AL,ASO,ES,Federal Contract Tower,9,12,33,69,123,0,1,47,70,118,9,13,80,139,241,92,124,216,457
05/07/2005,DHN,AL,ASO,ES,Federal Contract Tower,6,2,17,0,25,0,0,19,3,22,6,2,36,3,47,6,0,6,53
05/08/2005,DHN,AL,ASO,ES,Federal Contract Tower,8,0,24,6,38,0,0,21,4,25,8,0,45,10,63,14,0,14,77
05/09/2005,DHN,AL,ASO,ES,Federal Contract Tower,10,6,29,42,87,0,0,42,80,122,10,6,71,122,209,40,150,190,399
05/10/2005,DHN,AL,ASO,ES,Federal Contract Tower,12,7,60,51,130,0,0,29,50,79,12,7,89,101,209,32,70,102,311
05/11/2005,DHN,AL,ASO,ES,Federal Contract Tower,8,10,45,64,127,0,0,55,63,118,8,10,100,127,245,88,118,206,451
05/12/2005,DHN,AL,ASO,ES,Federal Contract Tower,9,6,31,64,110,0,0,47,73,120,9,6,78,137,230,76,200,276,506
05/13/2005,DHN,AL,ASO,ES,Federal Contract Tower,11,8,35,65,119,0,2,43,74,119,11,10,78,139,238,116,118,234,472
05/14/2005,DHN,AL,ASO,ES,Federal Contract Tower,6,2,22,1,31,0,0,34,0,34,6,2,56,1,65,68,0,68,133
05/15/2005,DHN,AL,ASO,ES,Federal Contract Tower,8,2,12,3,25,0,0,14,0,14,8,2,26,3,39,14,0,14,53
05/16/2005,DHN,AL,ASO,ES,Federal Contract Tower,7,8,29,47,91,0,0,47,57,104,7,8,76,104,195,114,186,300,495
05/17/2005,DHN,AL,ASO,ES,Federal Contract Tower,9,11,36,35,91,0,2,61,44,107,9,13,97,79,198,99,124,223,421
05/18/2005,DHN,AL,ASO,ES,Federal Contract Tower,9,10,50,50,119,0,0,46,66,112,9,10,96,116,231,54,166,220,451
05/19/2005,DHN,AL,ASO,ES,Federal Contract Tower,8,6,46,49,109,0,0,36,43,79,8,6,82,92,188,31,82,113,301
05/20/2005,DHN,AL,ASO,ES,Federal Contract Tower,11,8,48,45,112,1,0,27,27,55,12,8,75,72,167,24,38,62,229
05/21/2005,DHN,AL,ASO,ES,Federal Contract Tower,9,1,17,0,27,0,0,37,0,37,9,1,54,0,64,14,0,14,78
05/22/2005,DHN,AL,ASO,ES,Federal Contract Tower,8,0,17,13,38,0,0,24,6,30,8,0,41,19,68,28,0,28,96
05/23/2005,DHN,AL,ASO,ES,Federal Contract Tower,9,6,43,51,109,0,0,39,43,82,9,6,82,94,191,84,110,194,385
05/24/2005,DHN,AL,ASO,ES,Federal Contract Tower,9,8,47,49,113,0,0,47,50,97,9,8,94,99,210,74,100,174,384
05/25/2005,DHN,AL,ASO,ES,Federal Contract Tower,9,9,43,51,112,0,1,45,50,96,9,10,88,101,208,68,120,188,396
05/26/2005,DHN,AL,ASO,ES,Federal Contract Tower,10,8,40,48,106,0,0,60,47,107,10,8,100,95,213,72,68,140,353
05/27/2005,DHN,AL,ASO,ES,Federal Contract Tower,9,5,29,4,47,0,1,37,2,40,9,6,66,6,87,14,0,14,101
05/28/2005,DHN,AL,ASO,ES,Federal Contract Tower,8,1,15,0,24,0,0,27,0,27,8,1,42,0,51,4,0,4,55
05/29/2005,DHN,AL,ASO,ES,Federal Contract Tower,6,0,15,1,22,0,0,16,0,16,6,0,31,1,38,8,0,8,46
05/30/2005,DHN,AL,ASO,ES,Federal Contract Tower,8,0,29,2,39,0,0,10,0,10,8,0,39,2,49,0,0,0,49
05/31/2005,DHN,AL,ASO,ES,Federal Contract Tower,14,12,31,57,114,0,0,6,36,42,14,12,37,93,156,14,14,28,184
06/01/2005,DHN,AL,ASO,ES,Federal Contract Tower,9,7,57,49,122,1,0,20,18,39,10,7,77,67,161,14,18,32,193
06/02/2005,DHN,AL,ASO,ES,Federal Contract Tower,9,7,43,30,89,0,0,24,30,54,9,7,67,60,143,58,54,112,255
06/03/2005,DHN,AL,ASO,ES,Federal Contract Tower,6,4,46,73,129,0,0,15,41,56,6,4,61,114,185,68,58,126,311
06/04/2005,DHN,AL,ASO,ES,Federal Contract Tower,6,1,14,4,25,0,0,25,3,28,6,1,39,7,53,22,10,32,85
06/05/2005,DHN,AL,ASO,ES,Federal Contract Tower,7,0,36,2,45,0,0,42,0,42,7,0,78,2,87,80,0,80,167
06/06/2005,DHN,AL,ASO,ES,Federal Contract Tower,7,6,46,39,98,0,0,22,60,82,7,6,68,99,180,42,104,146,326
06/07/2005,DHN,AL,ASO,ES,Federal Contract Tower,9,9,38,49,105,2,1,22,70,95,11,10,60,119,200,66,102,168,368
06/08/2005,DHN,AL,ASO,ES,Federal Contract Tower,10,8,43,58,119,0,0,34,65,99,10,8,77,123,218,72,118,190,408
06/09/2005,DHN,AL,ASO,ES,Federal Contract Tower,7,7,46,78,138,0,0,36,54,90,7,7,82,132,228,76,146,222,450
06/10/2005,DHN,AL,ASO,ES,Federal Contract Tower,8,10,61,68,147,0,0,15,36,51,8,10,76,104,198,46,82,128,326
06/11/2005,DHN,AL,ASO,ES,Federal Contract Tower,6,3,0,0,9,0,0,0,0,0,6,3,0,0,9,0,0,0,9
06/12/2005,DHN,AL,ASO,ES,Federal Contract Tower,6,0,12,0,18,0,0,13,0,13,6,0,25,0,31,12,0,12,43
06/13/2005,DHN,AL,ASO,ES,Federal Contract Tower,8,10,47,37,102,0,2,24,32,58,8,12,71,69,160,52,64,116,276
06/14/2005,DHN,AL,ASO,ES,Federal Contract Tower,6,8,44,26,84,0,0,42,29,71,6,8,86,55,155,39,86,125,280
06/15/2005,DHN,AL,ASO,ES,Federal Contract Tower,9,7,31,48,95,0,0,54,56,110,9,7,85,104,205,74,148,222,427
06/16/2005,DHN,AL,ASO,ES,Federal Contract Tower,12,6,33,39,90,0,0,45,56,101,12,6,78,95,191,78,121,199,390
06/17/2005,DHN,AL,ASO,ES,Federal Contract Tower,16,6,42,28,92,0,0,70,45,115,16,6,112,73,207,64,112,176,383
06/18/2005,DHN,AL,ASO,ES,Federal Contract Tower,7,3,15,0,25,0,0,30,6,36,7,3,45,6,61,62,0,62,123
06/19/2005,DHN,AL,ASO,ES,Federal Contract Tower,8,0,20,4,32,0,0,31,0,31,8,0,51,4,63,30,0,30,93
06/20/2005,DHN,AL,ASO,ES,Federal Contract Tower,8,5,32,34,79,0,4,42,37,83,8,9,74,71,162,58,84,142,304
06/21/2005,DHN,AL,ASO,ES,Federal Contract Tower,10,7,30,58,105,0,1,51,68,120,10,8,81,126,225,62,108,170,395
06/22/2005,DHN,AL,ASO,ES,Federal Contract Tower,10,9,55,40,114,0,1,67,47,115,10,10,122,87,229,48,60,108,337
06/23/2005,DHN,AL,ASO,ES,Federal Contract Tower,10,13,40,32,95,0,2,38,18,58,10,15,78,50,153,58,18,76,229
06/24/2005,DHN,AL,ASO,ES,Federal Contract Tower,10,7,38,24,79,0,0,43,13,56,10,7,81,37,135,74,20,94,229
06/25/2005,DHN,AL,ASO,ES,Federal Contract Tower,5,2,9,4,20,0,0,23,5,28,5,2,32,9,48,14,12,26,74
06/26/2005,DHN,AL,ASO,ES,Federal Contract Tower,7,0,21,1,29,0,0,32,0,32,7,0,53,1,61,6,0,6,67
06/27/2005,DHN,AL,ASO,ES,Federal Contract Tower,11,10,26,46,93,0,0,32,22,54,11,10,58,68,147,70,22,92,239
06/28/2005,DHN,AL,ASO,ES,Federal Contract Tower,9,7,52,69,137,0,0,21,41,62,9,7,73,110,199,38,40,78,277
06/29/2005,DHN,AL,ASO,ES,Federal Contract Tower,10,8,40,64,122,0,0,20,22,42,10,8,60,86,164,44,92,136,300
06/30/2005,DHN,AL,ASO,ES,Federal Contract Tower,12,8,47,4,71,0,3,19,0,22,12,11,66,4,93,8,0,8,101
07/01/2005,DHN,AL,ASO,ES,Federal Contract Tower,9,7,34,49,99,0,0,36,46,82,9,7,70,95,181,52,108,160,341
07/02/2005,DHN,AL,ASO,ES,Federal Contract Tower,5,1,8,0,14,0,0,20,0,20,5,1,28,0,34,40,0,40,74
07/03/2005,DHN,AL,ASO,ES,Federal Contract Tower,7,0,14,2,23,0,0,24,3,27,7,0,38,5,50,10,2,12,62
07/04/2005,DHN,AL,ASO,ES,Federal Contract Tower,9,0,15,0,24,0,0,14,0,14,9,0,29,0,38,66,0,66,104
07/05/2005,DHN,AL,ASO,ES,Federal Contract Tower,10,8,28,4,50,0,5,41,4,50,10,13,69,8,100,52,4,56,156
07/06/2005,DHN,AL,ASO,ES,Federal Contract Tower,8,9,19,56,92,0,0,19,52,71,8,9,38,108,163,54,96,150,313
07/07/2005,DHN,AL,ASO,ES,Federal Contract Tower,7,10,37,42,96,1,0,24,22,47,8,10,61,64,143,66,120,186,329
07/08/2005,DHN,AL,ASO,ES,Federal Contract Tower,9,13,30,21,73,0,1,57,33,91,9,14,87,54,164,98,134,232,396
07/09/2005,DHN,AL,ASO,ES,Federal Contract Tower,4,2,16,0,22,0,0,11,0,11,4,2,27,0,33,0,0,0,33
07/10/2005,DHN,AL,ASO,ES,Federal Contract Tower,0,0,0,0,0,0,0,0,0,0,0,0,0,0,0,0,0,0,0
07/11/2005,DHN,AL,ASO,ES,Federal Contract Tower,2,5,24,24,55,0,1,13,28,42,2,6,37,52,97,42,198,240,337
07/12/2005,DHN,AL,ASO,ES,Federal Contract Tower,11,7,32,30,80,0,2,14,35,51,11,9,46,65,131,22,82,104,235
07/13/2005,DHN,AL,ASO,ES,Federal Contract Tower,9,10,40,61,120,1,0,29,43,73,10,10,69,104,193,24,64,88,281
07/14/2005,DHN,AL,ASO,ES,Federal Contract Tower,9,9,42,62,122,0,1,27,41,69,9,10,69,103,191,36,80,116,307
07/15/2005,DHN,AL,ASO,ES,Federal Contract Tower,8,7,42,47,104,0,0,21,38,59,8,7,63,85,163,50,66,116,279
07/16/2005,DHN,AL,ASO,ES,Federal Contract Tower,4,2,40,33,79,0,0,48,20,68,4,2,88,53,147,22,0,22,169
07/17/2005,DHN,AL,ASO,ES,Federal Contract Tower,8,0,19,0,27,0,0,21,0,21,8,0,40,0,48,34,0,34,82
07/18/2005,DHN,AL,ASO,ES,Federal Contract Tower,10,10,42,40,102,0,0,55,41,96,10,10,97,81,198,108,138,246,444
07/19/2005,DHN,AL,ASO,ES,Federal Contract Tower,9,8,35,38,90,0,1,41,48,90,9,9,76,86,180,60,146,206,386
07/20/2005,DHN,AL,ASO,ES,Federal Contract Tower,10,11,43,48,112,1,0,33,37,71,11,11,76,85,183,36,46,82,265
07/21/2005,DHN,AL,ASO,ES,Federal Contract Tower,8,10,46,33,97,0,1,27,25,53,8,11,73,58,150,44,10,54,204
07/22/2005,DHN,AL,ASO,ES,Federal Contract Tower,8,10,30,43,91,0,1,30,30,61,8,11,60,73,152,56,14,70,222
07/23/2005,DHN,AL,ASO,ES,Federal Contract Tower,6,2,25,8,41,2,0,28,4,34,8,2,53,12,75,22,0,22,97
07/24/2005,DHN,AL,ASO,ES,Federal Contract Tower,8,0,20,3,31,0,0,23,0,23,8,0,43,3,54,14,0,14,68
07/25/2005,DHN,AL,ASO,ES,Federal Contract Tower,10,5,28,55,98,0,4,38,28,70,10,9,66,83,168,62,22,84,252
07/26/2005,DHN,AL,ASO,ES,Federal Contract Tower,9,7,34,46,96,0,0,31,50,81,9,7,65,96,177,74,132,206,383
07/27/2005,DHN,AL,ASO,ES,Federal Contract Tower,11,7,35,49,102,0,2,32,40,74,11,9,67,89,176,92,56,148,324
07/28/2005,DHN,AL,ASO,ES,Federal Contract Tower,11,5,40,45,101,0,1,28,30,59,11,6,68,75,160,44,64,108,268
07/29/2005,DHN,AL,ASO,ES,Federal Contract Tower,9,7,33,46,95,0,0,39,36,75,9,7,72,82,170,76,56,132,302
07/30/2005,DHN,AL,ASO,ES,Federal Contract Tower,7,2,9,0,18,0,0,4,0,4,7,2,13,0,22,12,0,12,34
07/31/2005,DHN,AL,ASO,ES,Federal Contract Tower,7,0,19,7,33,0,0,17,0,17,7,0,36,7,50,32,0,32,82
08/01/2005,DHN,AL,ASO,ES,Federal Contract Tower,12,6,37,46,101,0,0,26,42,68,12,6,63,88,169,36,88,124,293
08/02/2005,DHN,AL,ASO,ES,Federal Contract Tower,9,7,49,61,126,0,1,13,39,53,9,8,62,100,179,56,120,176,355
08/03/2005,DHN,AL,ASO,ES,Federal Contract Tower,9,8,43,64,124,0,0,25,44,69,9,8,68,108,193,40,82,122,315
08/04/2005,DHN,AL,ASO,ES,Federal Contract Tower,9,10,34,66,119,0,0,39,49,88,9,10,73,115,207,42,122,164,371
08/05/2005,DHN,AL,ASO,ES,Federal Contract Tower,8,6,45,46,105,0,0,28,26,54,8,6,73,72,159,44,20,64,223
08/06/2005,DHN,AL,ASO,ES,Federal Contract Tower,6,5,13,2,26,0,0,5,2,7,6,5,18,4,33,18,0,18,51
08/07/2005,DHN,AL,ASO,ES,Federal Contract Tower,8,1,16,2,27,0,0,12,2,14,8,1,28,4,41,24,0,24,65
08/08/2005,DHN,AL,ASO,ES,Federal Contract Tower,9,5,41,53,108,0,0,23,39,62,9,5,64,92,170,72,84,156,326
08/09/2005,DHN,AL,ASO,ES,Federal Contract Tower,6,6,43,61,116,0,1,21,28,50,6,7,64,89,166,58,60,118,284
08/10/2005,DHN,AL,ASO,ES,Federal Contract Tower,7,9,48,46,110,0,0,3,32,35,7,9,51,78,145,54,64,118,263
08/11/2005,DHN,AL,ASO,ES,Federal Contract Tower,9,9,71,62,151,0,0,26,34,60,9,9,97,96,211,34,90,124,335
08/12/2005,DHN,AL,ASO,ES,Federal Contract Tower,8,12,43,78,141,1,0,14,51,66,9,12,57,129,207,16,80,96,303
08/13/2005,DHN,AL,ASO,ES,Federal Contract Tower,4,2,17,2,25,0,0,25,0,25,4,2,42,2,50,36,0,36,86
08/14/2005,DHN,AL,ASO,ES,Federal Contract Tower,8,0,27,0,35,0,0,28,2,30,8,0,55,2,65,16,0,16,81
08/15/2005,DHN,AL,ASO,ES,Federal Contract Tower,13,8,21,42,84,0,1,36,32,69,13,9,57,74,153,66,44,110,263
08/16/2005,DHN,AL,ASO,ES,Federal Contract Tower,6,8,29,14,57,0,1,58,13,72,6,9,87,27,129,66,20,86,215
08/17/2005,DHN,AL,ASO,ES,Federal Contract Tower,7,9,30,24,70,0,0,41,25,66,7,9,71,49,136,78,18,96,232
08/18/2005,DHN,AL,ASO,ES,Federal Contract Tower,7,10,39,54,110,0,0,52,59,111,7,10,91,113,221,52,56,108,329
08/19/2005,DHN,AL,ASO,ES,Federal Contract Tower,9,8,49,38,104,0,0,24,40,64,9,8,73,78,168,54,91,145,313
08/20/2005,DHN,AL,ASO,ES,Federal Contract Tower,7,4,9,13,33,0,0,33,18,51,7,4,42,31,84,12,20,32,116
08/21/2005,DHN,AL,ASO,ES,Federal Contract Tower,7,0,18,4,29,0,2,32,5,39,7,2,50,9,68,14,0,14,82
08/22/2005,DHN,AL,ASO,ES,Federal Contract Tower,8,8,37,53,106,0,2,47,46,95,8,10,84,99,201,48,72,120,321
08/23/2005,DHN,AL,ASO,ES,Federal Contract Tower,8,13,53,64,138,0,2,30,46,78,8,15,83,110,216,84,33,117,333
08/24/2005,DHN,AL,ASO,ES,Federal Contract Tower,9,8,78,60,155,0,0,58,36,94,9,8,136,96,249,62,70,132,381
08/25/2005,DHN,AL,ASO,ES,Federal Contract Tower,7,9,61,51,128,0,0,39,62,101,7,9,100,113,229,70,134,204,433
08/26/2005,DHN,AL,ASO,ES,Federal Contract Tower,7,9,43,31,90,0,1,60,45,106,7,10,103,76,196,60,108,168,364
08/27/2005,DHN,AL,ASO,ES,Federal Contract Tower,8,4,17,0,29,0,2,30,2,34,8,6,47,2,63,12,0,12,75
08/28/2005,DHN,AL,ASO,ES,Federal Contract Tower,6,2,15,0,23,0,0,11,0,11,6,2,26,0,34,16,0,16,50
08/29/2005,DHN,AL,ASO,ES,Federal Contract Tower,5,4,17,39,65,0,0,9,12,21,5,4,26,51,86,8,2,10,96
08/30/2005,DHN,AL,ASO,ES,Federal Contract Tower,9,6,36,69,120,0,0,20,31,51,9,6,56,100,171,42,90,132,303
08/31/2005,DHN,AL,ASO,ES,Federal Contract Tower,9,13,57,43,122,0,0,27,36,63,9,13,84,79,185,48,50,98,283
09/01/2005,DHN,AL,ASO,ES,Federal Contract Tower,10,8,70,50,138,0,1,51,63,115,10,9,121,113,253,68,184,252,505
09/02/2005,DHN,AL,ASO,ES,Federal Contract Tower,8,7,34,2,51,0,3,49,2,54,8,10,83,4,105,26,0,26,131
09/03/2005,DHN,AL,ASO,ES,Federal Contract Tower,6,2,36,0,44,0,3,54,0,57,6,5,90,0,101,52,0,52,153
09/04/2005,DHN,AL,ASO,ES,Federal Contract Tower,8,0,16,0,24,0,0,24,0,24,8,0,40,0,48,24,0,24,72
09/05/2005,DHN,AL,ASO,ES,Federal Contract Tower,8,2,26,5,41,0,2,28,0,30,8,4,54,5,71,0,2,2,73
09/06/2005,DHN,AL,ASO,ES,Federal Contract Tower,8,7,27,68,110,0,2,42,47,91,8,9,69,115,201,72,88,160,361
09/07/2005,DHN,AL,ASO,ES,Federal Contract Tower,8,8,37,92,145,0,2,43,66,111,8,10,80,158,256,34,120,154,410
09/08/2005,DHN,AL,ASO,ES,Federal Contract Tower,8,7,42,65,122,0,1,41,75,117,8,8,83,140,239,20,112,132,371
09/09/2005,DHN,AL,ASO,ES,Federal Contract Tower,6,9,63,51,129,0,0,38,51,89,6,9,101,102,218,22,62,84,302
09/10/2005,DHN,AL,ASO,ES,Federal Contract Tower,6,1,25,9,41,0,0,47,8,55,6,1,72,17,96,22,6,28,124
09/11/2005,DHN,AL,ASO,ES,Federal Contract Tower,8,1,24,12,45,0,0,34,0,34,8,1,58,12,79,14,6,20,99
09/12/2005,DHN,AL,ASO,ES,Federal Contract Tower,8,7,37,48,100,0,0,25,41,66,8,7,62,89,166,80,70,150,316
09/13/2005,DHN,AL,ASO,ES,Federal Contract Tower,8,7,41,64,120,0,1,29,47,77,8,8,70,111,197,94,68,162,359
09/14/2005,DHN,AL,ASO,ES,Federal Contract Tower,8,7,48,60,123,0,1,35,53,89,8,8,83,113,212,58,72,130,342
09/15/2005,DHN,AL,ASO,ES,Federal Contract Tower,8,12,41,33,94,0,0,45,43,88,8,12,86,76,182,90,64,154,336
09/16/2005,DHN,AL,ASO,ES,Federal Contract Tower,8,12,50,86,156,0,2,54,74,130,8,14,104,160,286,104,98,202,488
09/17/2005,DHN,AL,ASO,ES,Federal Contract Tower,5,1,27,0,33,0,0,24,0,24,5,1,51,0,57,14,0,14,71
09/18/2005,DHN,AL,ASO,ES,Federal Contract Tower,8,0,22,7,37,0,0,19,0,19,8,0,41,7,56,28,0,28,84
09/19/2005,DHN,AL,ASO,ES,Federal Contract Tower,8,7,25,24,64,0,1,45,53,99,8,8,70,77,163,54,84,138,301
09/20/2005,DHN,AL,ASO,ES,Federal Contract Tower,7,7,46,45,105,0,1,31,43,75,7,8,77,88,180,44,74,118,298
09/21/2005,DHN,AL,ASO,ES,Federal Contract Tower,8,14,38,34,94,0,0,42,28,70,8,14,80,62,164,66,102,168,332
09/22/2005,DHN,AL,ASO,ES,Federal Contract Tower,8,8,46,52,114,0,0,26,32,58,8,8,72,84,172,24,136,160,332
09/23/2005,DHN,AL,ASO,ES,Federal Contract Tower,8,8,40,48,104,0,0,18,47,65,8,8,58,95,169,58,78,136,305
09/24/2005,DHN,AL,ASO,ES,Federal Contract Tower,6,1,15,0,22,0,0,9,0,9,6,1,24,0,31,14,0,14,45
09/25/2005,DHN,AL,ASO,ES,Federal Contract Tower,9,2,12,0,23,0,0,16,0,16,9,2,28,0,39,62,0,62,101
09/26/2005,DHN,AL,ASO,ES,Federal Contract Tower,8,7,48,55,118,0,0,11,28,39,8,7,59,83,157,26,26,52,209
09/27/2005,DHN,AL,ASO,ES,Federal Contract Tower,8,7,64,59,138,1,0,11,28,40,9,7,75,87,178,18,8,26,204
09/28/2005,DHN,AL,ASO,ES,Federal Contract Tower,9,9,50,47,115,1,0,51,38,90,10,9,101,85,205,118,62,180,385
09/29/2005,DHN,AL,ASO,ES,Federal Contract Tower,8,7,59,47,121,0,0,48,23,71,8,7,107,70,192,84,106,190,382
09/30/2005,DHN,AL,ASO,ES,Federal Contract Tower,8,8,38,50,104,0,0,46,50,96,8,8,84,100,200,56,104,160,360
10/01/2005,DHN,AL,ASO,ES,Federal Contract Tower,6,1,19,4,30,0,1,21,0,22,6,2,40,4,52,18,0,18,70
10/02/2005,DHN,AL,ASO,ES,Federal Contract Tower,8,0,22,5,35,0,0,21,0,21,8,0,43,5,56,4,0,4,60
10/03/2005,DHN,AL,ASO,ES,Federal Contract Tower,10,8,43,43,104,0,0,55,31,86,10,8,98,74,190,32,46,78,268
10/04/2005,DHN,AL,ASO,ES,Federal Contract Tower,8,7,27,42,84,0,1,23,36,60,8,8,50,78,144,6,64,70,214
10/05/2005,DHN,AL,ASO,ES,Federal Contract Tower,8,7,31,31,77,0,1,11,16,28,8,8,42,47,105,0,8,8,113
10/06/2005,DHN,AL,ASO,ES,Federal Contract Tower,9,8,20,40,77,0,0,11,17,28,9,8,31,57,105,2,0,2,107
10/07/2005,DHN,AL,ASO,ES,Federal Contract Tower,6,8,38,5,57,0,0,6,1,7,6,8,44,6,64,4,0,4,68
10/08/2005,DHN,AL,ASO,ES,Federal Contract Tower,6,1,19,3,29,0,0,33,2,35,6,1,52,5,64,2,0,2,66
10/09/2005,DHN,AL,ASO,ES,Federal Contract Tower,6,1,32,2,41,0,0,18,2,20,6,1,50,4,61,18,4,22,83
10/10/2005,DHN,AL,ASO,ES,Federal Contract Tower,8,5,40,10,63,0,0,42,6,48,8,5,82,16,111,40,2,42,153
10/11/2005,DHN,AL,ASO,ES,Federal Contract Tower,10,8,36,56,110,0,0,22,51,73,10,8,58,107,183,18,56,74,257
10/12/2005,DHN,AL,ASO,ES,Federal Contract Tower,7,12,38,57,114,0,0,14,44,58,7,12,52,101,172,68,58,126,298
10/13/2005,DHN,AL,ASO,ES,Federal Contract Tower,7,7,41,44,99,0,0,20,32,52,7,7,61,76,151,46,28,74,225
10/14/2005,DHN,AL,ASO,ES,Federal Contract Tower,6,7,46,36,95,0,1,15,43,59,6,8,61,79,154,38,152,190,344
10/15/2005,DHN,AL,ASO,ES,Federal Contract Tower,7,1,13,0,21,0,0,32,0,32,7,1,45,0,53,6,0,6,59
10/16/2005,DHN,AL,ASO,ES,Federal Contract Tower,7,2,23,6,38,0,2,39,0,41,7,4,62,6,79,12,0,12,91
10/17/2005,DHN,AL,ASO,ES,Federal Contract Tower,9,7,46,49,111,0,1,47,65,113,9,8,93,114,224,66,158,224,448
10/18/2005,DHN,AL,ASO,ES,Federal Contract Tower,8,16,26,49,99,0,0,43,55,98,8,16,69,104,197,76,106,182,379
10/19/2005,DHN,AL,ASO,ES,Federal Contract Tower,8,8,25,53,94,0,1,42,43,86,8,9,67,96,180,44,116,160,340
10/20/2005,DHN,AL,ASO,ES,Federal Contract Tower,8,7,35,49,99,0,7,37,32,76,8,14,72,81,175,42,218,260,435
10/21/2005,DHN,AL,ASO,ES,Federal Contract Tower,9,8,37,43,97,0,0,18,38,56,9,8,55,81,153,74,72,146,299
10/22/2005,DHN,AL,ASO,ES,Federal Contract Tower,6,1,12,13,32,0,0,33,6,39,6,1,45,19,71,54,6,60,131
10/23/2005,DHN,AL,ASO,ES,Federal Contract Tower,8,0,124,4,136,0,0,57,0,57,8,0,181,4,193,0,0,0,193
10/24/2005,DHN,AL,ASO,ES,Federal Contract Tower,7,8,35,56,106,0,0,12,41,53,7,8,47,97,159,76,184,260,419
10/25/2005,DHN,AL,ASO,ES,Federal Contract Tower,8,9,45,37,99,0,0,84,30,114,8,9,129,67,213,48,66,114,327
10/26/2005,DHN,AL,ASO,ES,Federal Contract Tower,7,9,42,39,97,0,1,46,48,95,7,10,88,87,192,86,156,242,434
10/27/2005,DHN,AL,ASO,ES,Federal Contract Tower,8,9,29,37,83,0,2,31,47,80,8,11,60,84,163,58,128,186,349
10/28/2005,DHN,AL,ASO,ES,Federal Contract Tower,8,8,28,53,97,0,0,43,35,78,8,8,71,88,175,30,108,138,313
10/29/2005,DHN,AL,ASO,ES,Federal Contract Tower,5,3,14,0,22,0,0,39,2,41,5,3,53,2,63,18,0,18,81
10/30/2005,DHN,AL,ASO,ES,Federal Contract Tower,10,0,19,0,29,0,0,23,0,23,10,0,42,0,52,6,0,6,58
10/31/2005,DHN,AL,ASO,ES,Federal Contract Tower,6,6,32,57,101,0,1,43,55,99,6,7,75,112,200,36,134,170,370
11/01/2005,DHN,AL,ASO,ES,Federal Contract Tower,8,9,28,51,96,1,0,18,46,65,9,9,46,97,161,14,42,56,217
11/02/2005,DHN,AL,ASO,ES,Federal Contract Tower,6,7,35,40,88,0,1,36,40,77,6,8,71,80,165,52,30,82,247
11/03/2005,DHN,AL,ASO,ES,Federal Contract Tower,8,7,40,17,72,0,7,26,13,46,8,14,66,30,118,22,24,46,164
11/04/2005,DHN,AL,ASO,ES,Federal Contract Tower,7,7,30,17,61,0,0,44,41,85,7,7,74,58,146,58,100,158,304
11/05/2005,DHN,AL,ASO,ES,Federal Contract Tower,6,1,15,2,24,0,0,29,0,29,6,1,44,2,53,12,0,12,65
11/06/2005,DHN,AL,ASO,ES,Federal Contract Tower,8,0,17,7,32,0,0,19,2,21,8,0,36,9,53,6,0,6,59
11/07/2005,DHN,AL,ASO,ES,Federal Contract Tower,8,7,41,32,88,0,0,45,58,103,8,7,86,90,191,70,130,200,391
11/08/2005,DHN,AL,ASO,ES,Federal Contract Tower,6,8,22,17,53,0,0,46,42,88,6,8,68,59,141,74,164,238,379
11/09/2005,DHN,AL,ASO,ES,Federal Contract Tower,6,10,40,22,78,0,0,51,30,81,6,10,91,52,159,98,118,216,375
11/10/2005,DHN,AL,ASO,ES,Federal Contract Tower,7,8,44,29,88,0,1,34,46,81,7,9,78,75,169,38,64,102,271
11/11/2005,DHN,AL,ASO,ES,Federal Contract Tower,8,4,22,3,37,0,0,22,3,25,8,4,44,6,62,12,2,14,76
11/12/2005,DHN,AL,ASO,ES,Federal Contract Tower,6,1,19,0,26,0,0,26,1,27,6,1,45,1,53,6,0,6,59
11/13/2005,DHN,AL,ASO,ES,Federal Contract Tower,8,0,23,14,45,0,0,22,4,26,8,0,45,18,71,4,6,10,81
11/14/2005,DHN,AL,ASO,ES,Federal Contract Tower,8,6,23,24,61,0,0,39,47,86,8,6,62,71,147,92,94,186,333
11/15/2005,DHN,AL,ASO,ES,Federal Contract Tower,7,9,43,49,108,0,1,26,48,75,7,10,69,97,183,36,102,138,321
11/16/2005,DHN,AL,ASO,ES,Federal Contract Tower,6,10,42,43,101,0,1,12,27,40,6,11,54,70,141,42,74,116,257
11/17/2005,DHN,AL,ASO,ES,Federal Contract Tower,8,8,29,41,86,0,1,36,63,100,8,9,65,104,186,82,122,204,390
11/18/2005,DHN,AL,ASO,ES,Federal Contract Tower,9,7,28,52,96,0,1,38,37,76,9,8,66,89,172,140,130,270,442
11/19/2005,DHN,AL,ASO,ES,Federal Contract Tower,5,1,15,5,26,0,1,28,11,40,5,2,43,16,66,6,12,18,84
11/20/2005,DHN,AL,ASO,ES,Federal Contract Tower,8,0,11,2,21,0,0,4,0,4,8,0,15,2,25,0,0,0,25
11/21/2005,DHN,AL,ASO,ES,Federal Contract Tower,5,8,47,27,87,0,0,5,14,19,5,8,52,41,106,4,20,24,130
11/22/2005,DHN,AL,ASO,ES,Federal Contract Tower,7,10,37,45,99,0,0,38,54,92,7,10,75,99,191,68,134,202,393
11/23/2005,DHN,AL,ASO,ES,Federal Contract Tower,11,8,27,24,70,0,1,32,41,74,11,9,59,65,144,76,94,170,314
11/24/2005,DHN,AL,ASO,ES,Federal Contract Tower,7,0,6,0,13,0,0,19,0,19,7,0,25,0,32,0,0,0,32
11/25/2005,DHN,AL,ASO,ES,Federal Contract Tower,8,10,12,0,30,0,0,25,0,25,8,10,37,0,55,0,0,0,55
11/26/2005,DHN,AL,ASO,ES,Federal Contract Tower,6,1,14,0,21,0,0,18,0,18,6,1,32,0,39,0,0,0,39
11/27/2005,DHN,AL,ASO,ES,Federal Contract Tower,7,0,34,1,42,0,0,2,0,2,7,0,36,1,44,0,0,0,44
11/28/2005,DHN,AL,ASO,ES,Federal Contract Tower,8,7,42,51,108,0,0,9,18,27,8,7,51,69,135,0,2,2,137
11/29/2005,DHN,AL,ASO,ES,Federal Contract Tower,10,8,30,60,108,0,1,23,45,69,10,9,53,105,177,88,68,156,333
11/30/2005,DHN,AL,ASO,ES,Federal Contract Tower,6,8,48,41,103,0,0,47,33,80,6,8,95,74,183,46,72,118,301
12/01/2005,DHN,AL,ASO,ES,Federal Contract Tower,10,8,27,38,83,0,0,35,24,59,10,8,62,62,142,40,0,40,182
12/02/2005,DHN,AL,ASO,ES,Federal Contract Tower,10,8,33,48,99,0,0,17,21,38,10,8,50,69,137,78,2,80,217
12/03/2005,DHN,AL,ASO,ES,Federal Contract Tower,7,1,16,9,33,0,0,13,6,19,7,1,29,15,52,10,12,22,74
12/04/2005,DHN,AL,ASO,ES,Federal Contract Tower,6,0,14,0,20,0,2,3,1,6,6,2,17,1,26,8,0,8,34
12/05/2005,DHN,AL,ASO,ES,Federal Contract Tower,8,7,26,59,100,0,0,9,11,20,8,7,35,70,120,0,0,0,120
12/06/2005,DHN,AL,ASO,ES,Federal Contract Tower,6,7,29,34,76,0,1,31,54,86,6,8,60,88,162,58,126,184,346
12/07/2005,DHN,AL,ASO,ES,Federal Contract Tower,9,11,33,30,83,0,0,25,37,62,9,11,58,67,145,32,112,144,289
12/08/2005,DHN,AL,ASO,ES,Federal Contract Tower,7,6,27,20,60,4,1,9,5,19,11,7,36,25,79,0,0,0,79
12/09/2005,DHN,AL,ASO,ES,Federal Contract Tower,10,8,42,25,85,1,0,35,49,85,11,8,77,74,170,98,140,238,408
12/10/2005,DHN,AL,ASO,ES,Federal Contract Tower,7,3,15,4,29,0,0,20,1,21,7,3,35,5,50,28,0,28,78
12/11/2005,DHN,AL,ASO,ES,Federal Contract Tower,8,0,8,2,18,0,0,12,2,14,8,0,20,4,32,24,6,30,62
12/12/2005,DHN,AL,ASO,ES,Federal Contract Tower,11,5,22,28,66,0,2,67,53,122,11,7,89,81,188,112,150,262,450
12/13/2005,DHN,AL,ASO,ES,Federal Contract Tower,7,9,23,8,47,0,1,27,9,37,7,10,50,17,84,60,82,142,226
12/14/2005,DHN,AL,ASO,ES,Federal Contract Tower,9,7,45,37,98,1,1,44,38,84,10,8,89,75,182,82,96,178,360
12/15/2005,DHN,AL,ASO,ES,Federal Contract Tower,7,7,45,35,94,0,1,14,21,36,7,8,59,56,130,36,58,94,224
12/16/2005,DHN,AL,ASO,ES,Federal Contract Tower,10,9,36,23,78,0,2,41,26,69,10,11,77,49,147,64,80,144,291
12/17/2005,DHN,AL,ASO,ES,Federal Contract Tower,8,2,13,0,23,0,0,11,0,11,8,2,24,0,34,22,0,22,56
12/18/2005,DHN,AL,ASO,ES,Federal Contract Tower,7,3,13,9,32,0,2,9,5,16,7,5,22,14,48,12,0,12,60
12/19/2005,DHN,AL,ASO,ES,Federal Contract Tower,13,8,35,2,58,0,1,17,4,22,13,9,52,6,80,14,0,14,94
12/20/2005,DHN,AL,ASO,ES,Federal Contract Tower,7,11,22,5,45,0,1,34,7,42,7,12,56,12,87,40,6,46,133
12/21/2005,DHN,AL,ASO,ES,Federal Contract Tower,10,9,29,3,51,0,0,30,8,38,10,9,59,11,89,14,10,24,113
12/22/2005,DHN,AL,ASO,ES,Federal Contract Tower,12,8,19,2,41,0,0,17,5,22,12,8,36,7,63,10,4,14,77
12/23/2005,DHN,AL,ASO,ES,Federal Contract Tower,12,8,15,1,36,0,0,20,2,22,12,8,35,3,58,16,10,26,84
12/24/2005,DHN,AL,ASO,ES,Federal Contract Tower,7,2,3,0,12,1,0,1,0,2,8,2,4,0,14,0,0,0,14
12/25/2005,DHN,AL,ASO,ES,Federal Contract Tower,6,0,4,0,10,0,0,2,0,2,6,0,6,0,12,0,0,0,12
12/26/2005,DHN,AL,ASO,ES,Federal Contract Tower,11,2,31,0,44,0,0,29,0,29,11,2,60,0,73,24,0,24,97
12/27/2005,DHN,AL,ASO,ES,Federal Contract Tower,11,8,32,7,58,0,3,21,8,32,11,11,53,15,90,12,10,22,112
12/28/2005,DHN,AL,ASO,ES,Federal Contract Tower,8,7,17,5,37,0,1,1,2,4,8,8,18,7,41,4,4,8,49
12/29/2005,DHN,AL,ASO,ES,Federal Contract Tower,10,9,21,5,45,0,1,19,8,28,10,10,40,13,73,14,4,18,91
12/30/2005,DHN,AL,ASO,ES,Federal Contract Tower,11,8,19,0,38,1,2,24,5,32,12,10,43,5,70,44,12,56,126
12/31/2005,DHN,AL,ASO,ES,Federal Contract Tower,7,1,14,0,22,0,0,10,0,10,7,1,24,0,32,6,0,6,38
01/01/2006,DHN,AL,ASO,ES,Federal Contract Tower,3,0,5,0,8,0,0,0,0,0,3,0,5,0,8,0,0,0,8
01/02/2006,DHN,AL,ASO,ES,Federal Contract Tower,4,0,13,0,17,0,0,3,0,3,4,0,16,0,20,0,0,0,20
01/03/2006,DHN,AL,ASO,ES,Federal Contract Tower,10,8,44,20,82,0,0,33,25,58,10,8,77,45,140,53,74,127,267
01/04/2006,DHN,AL,ASO,ES,Federal Contract Tower,8,8,27,16,59,0,0,45,39,84,8,8,72,55,143,66,170,236,379
01/05/2006,DHN,AL,ASO,ES,Federal Contract Tower,11,11,24,17,63,0,1,34,45,80,11,12,58,62,143,72,100,172,315
01/06/2006,DHN,AL,ASO,ES,Federal Contract Tower,12,6,32,21,71,0,2,31,33,66,12,8,63,54,137,54,102,156,293
01/07/2006,DHN,AL,ASO,ES,Federal Contract Tower,7,5,9,0,21,0,0,12,2,14,7,5,21,2,35,16,0,16,51
01/08/2006,DHN,AL,ASO,ES,Federal Contract Tower,9,0,17,2,28,0,0,34,0,34,9,0,51,2,62,36,0,36,98
01/09/2006,DHN,AL,ASO,ES,Federal Contract Tower,9,6,26,28,69,0,1,37,52,90,9,7,63,80,159,76,112,188,347
01/10/2006,DHN,AL,ASO,ES,Federal Contract Tower,7,6,22,36,71,0,2,31,63,96,7,8,53,99,167,42,126,168,335
01/11/2006,DHN,AL,ASO,ES,Federal Contract Tower,7,9,33,39,88,0,3,30,54,87,7,12,63,93,175,36,82,118,293
01/12/2006,DHN,AL,ASO,ES,Federal Contract Tower,10,7,31,39,87,0,1,31,35,67,10,8,62,74,154,50,70,120,274
01/13/2006,DHN,AL,ASO,ES,Federal Contract Tower,11,11,10,34,66,0,0,6,29,35,11,11,16,63,101,26,48,74,175
01/14/2006,DHN,AL,ASO,ES,Federal Contract Tower,9,3,19,3,34,0,0,15,3,18,9,3,34,6,52,10,8,18,70
01/15/2006,DHN,AL,ASO,ES,Federal Contract Tower,8,2,18,2,30,0,0,12,5,17,8,2,30,7,47,20,2,22,69
01/16/2006,DHN,AL,ASO,ES,Federal Contract Tower,11,3,34,1,49,0,0,29,2,31,11,3,63,3,80,34,0,34,114
01/17/2006,DHN,AL,ASO,ES,Federal Contract Tower,5,7,18,14,44,0,0,10,18,28,5,7,28,32,72,18,32,50,122
01/18/2006,DHN,AL,ASO,ES,Federal Contract Tower,10,7,32,21,70,0,1,45,58,104,10,8,77,79,174,78,128,206,380
01/19/2006,DHN,AL,ASO,ES,Federal Contract Tower,10,7,20,25,62,0,1,27,52,80,10,8,47,77,142,64,172,236,378
01/20/2006,DHN,AL,ASO,ES,Federal Contract Tower,11,7,28,28,74,0,1,31,38,70,11,8,59,66,144,110,146,256,400
01/21/2006,DHN,AL,ASO,ES,Federal Contract Tower,8,1,37,3,49,0,0,14,1,15,8,1,51,4,64,52,0,52,116
01/22/2006,DHN,AL,ASO,ES,Federal Contract Tower,4,2,8,2,16,0,0,5,2,7,4,2,13,4,23,0,0,0,23
01/23/2006,DHN,AL,ASO,ES,Federal Contract Tower,11,7,36,28,82,0,0,25,22,47,11,7,61,50,129,50,66,116,245
01/24/2006,DHN,AL,ASO,ES,Federal Contract Tower,6,11,43,51,111,0,1,23,38,62,6,12,66,89,173,40,68,108,281
01/25/2006,DHN,AL,ASO,ES,Federal Contract Tower,8,6,37,17,68,0,2,37,33,72,8,8,74,50,140,100,106,206,346
01/26/2006,DHN,AL,ASO,ES,Federal Contract Tower,10,9,33,36,88,0,1,53,63,117,10,10,86,99,205,102,168,270,475
01/27/2006,DHN,AL,ASO,ES,Federal Contract Tower,12,7,26,44,89,0,1,63,50,114,12,8,89,94,203,108,106,214,417
01/28/2006,DHN,AL,ASO,ES,Federal Contract Tower,7,1,16,1,25,0,0,32,1,33,7,1,48,2,58,20,0,20,78
01/29/2006,DHN,AL,ASO,ES,Federal Contract Tower,11,0,10,19,40,0,0,14,0,14,11,0,24,19,54,20,0,20,74
01/30/2006,DHN,AL,ASO,ES,Federal Contract Tower,6,7,38,65,116,0,0,19,31,50,6,7,57,96,166,58,70,128,294
01/31/2006,DHN,AL,ASO,ES,Federal Contract Tower,9,6,26,38,79,1,2,58,43,104,10,8,84,81,183,60,98,158,341
02/01/2006,DHN,AL,ASO,ES,Federal Contract Tower,7,9,27,31,74,0,1,40,43,84,7,10,67,74,158,60,108,168,326
02/02/2006,DHN,AL,ASO,ES,Federal Contract Tower,3,4,17,9,33,1,7,5,5,18,4,11,22,14,51,10,38,48,99
02/03/2006,DHN,AL,ASO,ES,Federal Contract Tower,9,8,38,34,89,0,0,10,24,34,9,8,48,58,123,24,30,54,177
02/04/2006,DHN,AL,ASO,ES,Federal Contract Tower,9,1,10,0,20,1,0,21,2,24,10,1,31,2,44,12,0,12,56
02/05/2006,DHN,AL,ASO,ES,Federal Contract Tower,9,0,14,2,25,0,0,33,0,33,9,0,47,2,58,36,0,36,94
02/06/2006,DHN,AL,ASO,ES,Federal Contract Tower,12,6,26,41,85,0,1,15,46,62,12,7,41,87,147,40,74,114,261
02/07/2006,DHN,AL,ASO,ES,Federal Contract Tower,9,7,29,30,75,0,0,41,42,83,9,7,70,72,158,56,56,112,270
02/08/2006,DHN,AL,ASO,ES,Federal Contract Tower,8,7,27,24,66,0,0,48,32,80,8,7,75,56,146,124,114,238,384
02/09/2006,DHN,AL,ASO,ES,Federal Contract Tower,9,7,33,35,84,0,1,40,45,86,9,8,73,80,170,122,48,170,340
02/10/2006,DHN,AL,ASO,ES,Federal Contract Tower,11,6,37,35,89,0,1,43,42,86,11,7,80,77,175,100,54,154,329
02/11/2006,DHN,AL,ASO,ES,Federal Contract Tower,6,2,8,0,16,0,0,0,0,0,6,2,8,0,16,0,0,0,16
02/12/2006,DHN,AL,ASO,ES,Federal Contract Tower,8,0,14,3,25,0,0,23,0,23,8,0,37,3,48,64,0,64,112
02/13/2006,DHN,AL,ASO,ES,Federal Contract Tower,11,6,30,42,89,0,1,33,52,86,11,7,63,94,175,74,84,158,333
02/14/2006,DHN,AL,ASO,ES,Federal Contract Tower,8,8,42,42,100,0,2,18,56,76,8,10,60,98,176,66,128,194,370
02/15/2006,DHN,AL,ASO,ES,Federal Contract Tower,8,9,25,32,74,0,1,34,40,75,8,10,59,72,149,53,106,159,308
02/16/2006,DHN,AL,ASO,ES,Federal Contract Tower,10,6,29,29,74,0,1,32,60,93,10,7,61,89,167,40,144,184,351
02/17/2006,DHN,AL,ASO,ES,Federal Contract Tower,11,10,34,44,99,0,2,36,68,106,11,12,70,112,205,74,140,214,419
02/18/2006,DHN,AL,ASO,ES,Federal Contract Tower,7,1,14,2,24,0,0,19,4,23,7,1,33,6,47,0,0,0,47
02/19/2006,DHN,AL,ASO,ES,Federal Contract Tower,6,0,16,2,24,0,0,25,0,25,6,0,41,2,49,12,0,12,61
02/20/2006,DHN,AL,ASO,ES,Federal Contract Tower,2,2,9,1,14,0,0,4,1,5,2,2,13,2,19,0,0,0,19
02/21/2006,DHN,AL,ASO,ES,Federal Contract Tower,5,8,31,39,83,0,0,6,26,32,5,8,37,65,115,0,34,34,149
02/22/2006,DHN,AL,ASO,ES,Federal Contract Tower,9,7,25,46,87,0,1,23,31,55,9,8,48,77,142,20,48,68,210
02/23/2006,DHN,AL,ASO,ES,Federal Contract Tower,9,8,40,45,102,0,1,33,60,94,9,9,73,105,196,72,132,204,400
02/24/2006,DHN,AL,ASO,ES,Federal Contract Tower,9,6,29,26,70,0,1,53,51,105,9,7,82,77,175,68,136,204,379
02/25/2006,DHN,AL,ASO,ES,Federal Contract Tower,5,1,4,3,13,0,0,1,1,2,5,1,5,4,15,0,0,0,15
02/26/2006,DHN,AL,ASO,ES,Federal Contract Tower,9,2,22,4,37,0,0,34,0,34,9,2,56,4,71,18,0,18,89
02/27/2006,DHN,AL,ASO,ES,Federal Contract Tower,9,6,39,32,86,0,3,18,69,90,9,9,57,101,176,74,118,192,368
02/28/2006,DHN,AL,ASO,ES,Federal Contract Tower,8,7,24,29,68,1,1,42,40,84,9,8,66,69,152,140,80,220,372
03/01/2006,DHN,AL,ASO,ES,Federal Contract Tower,8,7,36,33,84,0,0,26,25,51,8,7,62,58,135,84,36,120,255
03/02/2006,DHN,AL,ASO,ES,Federal Contract Tower,9,10,41,36,96,0,0,21,26,47,9,10,62,62,143,54,48,102,245
03/03/2006,DHN,AL,ASO,ES,Federal Contract Tower,11,7,24,21,63,0,1,52,47,100,11,8,76,68,163,54,100,154,317
03/04/2006,DHN,AL,ASO,ES,Federal Contract Tower,8,1,15,1,25,0,0,47,0,47,8,1,62,1,72,28,0,28,100
03/05/2006,DHN,AL,ASO,ES,Federal Contract Tower,9,0,18,0,27,0,0,40,0,40,9,0,58,0,67,44,0,44,111
03/06/2006,DHN,AL,ASO,ES,Federal Contract Tower,11,5,35,27,78,0,2,48,29,79,11,7,83,56,157,78,38,116,273
03/07/2006,DHN,AL,ASO,ES,Federal Contract Tower,9,8,29,24,70,0,3,50,45,98,9,11,79,69,168,118,68,186,354
03/08/2006,DHN,AL,ASO,ES,Federal Contract Tower,9,9,30,35,83,0,1,39,36,76,9,10,69,71,159,90,56,146,305
03/09/2006,DHN,AL,ASO,ES,Federal Contract Tower,10,7,40,43,100,0,1,24,21,46,10,8,64,64,146,76,106,182,328
03/10/2006,DHN,AL,ASO,ES,Federal Contract Tower,11,7,52,52,122,0,1,8,16,25,11,8,60,68,147,44,40,84,231
03/11/2006,DHN,AL,ASO,ES,Federal Contract Tower,7,1,28,1,37,0,0,30,4,34,7,1,58,5,71,48,0,48,119
03/12/2006,DHN,AL,ASO,ES,Federal Contract Tower,9,2,22,2,35,0,0,33,0,33,9,2,55,2,68,54,0,54,122
03/13/2006,DHN,AL,ASO,ES,Federal Contract Tower,9,7,36,65,117,0,0,17,42,59,9,7,53,107,176,56,104,160,336
03/14/2006,DHN,AL,ASO,ES,Federal Contract Tower,8,10,32,72,122,0,0,20,46,66,8,10,52,118,188,94,98,192,380
03/15/2006,DHN,AL,ASO,ES,Federal Contract Tower,9,7,49,35,100,0,3,48,43,94,9,10,97,78,194,98,98,196,390
03/16/2006,DHN,AL,ASO,ES,Federal Contract Tower,11,7,44,33,95,0,1,47,78,126,11,8,91,111,221,88,172,260,481
03/17/2006,DHN,AL,ASO,ES,Federal Contract Tower,14,7,44,40,105,0,1,53,25,79,14,8,97,65,184,102,100,202,386
03/18/2006,DHN,AL,ASO,ES,Federal Contract Tower,5,1,23,10,39,0,0,45,10,55,5,1,68,20,94,26,16,42,136
03/19/2006,DHN,AL,ASO,ES,Federal Contract Tower,10,0,24,4,38,0,0,32,2,34,10,0,56,6,72,34,2,36,108
03/20/2006,DHN,AL,ASO,ES,Federal Contract Tower,6,8,20,20,54,0,1,40,36,77,6,9,60,56,131,86,98,184,315
03/21/2006,DHN,AL,ASO,ES,Federal Contract Tower,6,9,58,43,116,0,1,34,43,78,6,10,92,86,194,58,132,190,384
03/22/2006,DHN,AL,ASO,ES,Federal Contract Tower,8,7,43,53,111,0,7,41,38,86,8,14,84,91,197,50,78,128,325
03/23/2006,DHN,AL,ASO,ES,Federal Contract Tower,11,8,44,56,119,0,2,30,59,91,11,10,74,115,210,66,74,140,350
03/24/2006,DHN,AL,ASO,ES,Federal Contract Tower,11,8,46,68,133,0,1,27,54,82,11,9,73,122,215,72,144,216,431
03/25/2006,DHN,AL,ASO,ES,Federal Contract Tower,4,3,23,0,30,0,0,31,0,31,4,3,54,0,61,32,0,32,93
03/26/2006,DHN,AL,ASO,ES,Federal Contract Tower,9,1,22,4,36,0,0,49,0,49,9,1,71,4,85,52,0,52,137
03/27/2006,DHN,AL,ASO,ES,Federal Contract Tower,11,7,27,46,91,0,0,37,40,77,11,7,64,86,168,60,74,134,302
03/28/2006,DHN,AL,ASO,ES,Federal Contract Tower,9,7,42,36,94,0,1,37,54,92,9,8,79,90,186,74,88,162,348
03/29/2006,DHN,AL,ASO,ES,Federal Contract Tower,8,6,39,37,90,0,3,34,39,76,8,9,73,76,166,50,116,166,332
03/30/2006,DHN,AL,ASO,ES,Federal Contract Tower,15,8,33,35,91,0,1,24,60,85,15,9,57,95,176,24,110,134,310
03/31/2006,DHN,AL,ASO,ES,Federal Contract Tower,11,9,28,28,76,0,1,53,45,99,11,10,81,73,175,68,58,126,301
04/01/2006,DHN,AL,ASO,ES,Federal Contract Tower,4,3,19,1,27,0,0,27,0,27,4,3,46,1,54,18,0,18,72
04/02/2006,DHN,AL,ASO,ES,Federal Contract Tower,9,0,19,5,33,0,0,16,4,20,9,0,35,9,53,26,0,26,79
04/03/2006,DHN,AL,ASO,ES,Federal Contract Tower,6,8,19,42,75,0,1,23,22,46,6,9,42,64,121,34,14,48,169
04/04/2006,DHN,AL,ASO,ES,Federal Contract Tower,15,7,40,45,107,0,0,50,40,90,15,7,90,85,197,126,2,128,325
04/05/2006,DHN,AL,ASO,ES,Federal Contract Tower,9,10,40,46,105,2,0,46,49,97,11,10,86,95,202,114,58,172,374
04/06/2006,DHN,AL,ASO,ES,Federal Contract Tower,11,8,46,50,115,0,1,49,43,93,11,9,95,93,208,90,62,152,360
04/07/2006,DHN,AL,ASO,ES,Federal Contract Tower,11,9,43,57,120,0,1,24,29,54,11,10,67,86,174,44,8,52,226
04/08/2006,DHN,AL,ASO,ES,Federal Contract Tower,5,3,22,0,30,0,0,11,2,13,5,3,33,2,43,0,0,0,43
04/09/2006,DHN,AL,ASO,ES,Federal Contract Tower,8,0,44,4,56,0,0,42,4,46,8,0,86,8,102,24,0,24,126
04/10/2006,DHN,AL,ASO,ES,Federal Contract Tower,15,6,17,43,81,0,0,33,38,71,15,6,50,81,152,66,58,124,276
04/11/2006,DHN,AL,ASO,ES,Federal Contract Tower,10,9,17,23,59,0,0,47,43,90,10,9,64,66,149,98,90,188,337
04/12/2006,DHN,AL,ASO,ES,Federal Contract Tower,9,10,28,18,65,0,1,43,36,80,9,11,71,54,145,70,126,196,341
04/13/2006,DHN,AL,ASO,ES,Federal Contract Tower,14,9,41,23,87,0,2,49,68,119,14,11,90,91,206,74,122,196,402
04/14/2006,DHN,AL,ASO,ES,Federal Contract Tower,12,7,40,25,84,0,3,80,47,130,12,10,120,72,214,106,120,226,440
04/15/2006,DHN,AL,ASO,ES,Federal Contract Tower,5,4,22,0,31,0,0,32,0,32,5,4,54,0,63,22,0,22,85
04/16/2006,DHN,AL,ASO,ES,Federal Contract Tower,8,0,13,0,21,2,0,19,0,21,10,0,32,0,42,0,0,0,42
04/17/2006,DHN,AL,ASO,ES,Federal Contract Tower,13,8,51,47,119,0,0,26,27,53,13,8,77,74,172,46,54,100,272
04/18/2006,DHN,AL,ASO,ES,Federal Contract Tower,10,10,42,36,98,0,2,24,39,65,10,12,66,75,163,74,88,162,325
04/19/2006,DHN,AL,ASO,ES,Federal Contract Tower,8,9,67,56,140,0,3,31,52,86,8,12,98,108,226,68,120,188,414
04/20/2006,DHN,AL,ASO,ES,Federal Contract Tower,12,7,46,39,104,0,1,47,43,91,12,8,93,82,195,68,100,168,363
04/21/2006,DHN,AL,ASO,ES,Federal Contract Tower,11,7,46,70,134,0,1,21,33,55,11,8,67,103,189,48,92,140,329
04/22/2006,DHN,AL,ASO,ES,Federal Contract Tower,7,1,19,3,30,0,0,42,0,42,7,1,61,3,72,40,0,40,112
04/23/2006,DHN,AL,ASO,ES,Federal Contract Tower,9,0,29,2,40,2,0,39,2,43,11,0,68,4,83,54,0,54,137
04/24/2006,DHN,AL,ASO,ES,Federal Contract Tower,13,5,27,69,114,0,2,45,61,108,13,7,72,130,222,46,114,160,382
04/25/2006,DHN,AL,ASO,ES,Federal Contract Tower,9,6,35,39,89,0,2,25,13,40,9,8,60,52,129,40,58,98,227
04/26/2006,DHN,AL,ASO,ES,Federal Contract Tower,9,11,32,17,69,0,1,40,28,69,9,12,72,45,138,124,92,216,354
04/27/2006,DHN,AL,ASO,ES,Federal Contract Tower,13,9,33,35,90,0,1,50,37,88,13,10,83,72,178,54,154,208,386
04/28/2006,DHN,AL,ASO,ES,Federal Contract Tower,11,8,30,31,80,1,2,57,48,108,12,10,87,79,188,102,120,222,410
04/29/2006,DHN,AL,ASO,ES,Federal Contract Tower,5,6,32,2,45,0,0,0,0,0,5,6,32,2,45,24,0,24,69
04/30/2006,DHN,AL,ASO,ES,Federal Contract Tower,6,3,14,4,27,0,0,9,1,10,6,3,23,5,37,24,0,24,61
05/01/2006,DHN,AL,ASO,ES,Federal Contract Tower,11,9,34,30,84,0,1,33,34,68,11,10,67,64,152,88,110,198,350
05/02/2006,DHN,AL,ASO,ES,Federal Contract Tower,8,9,24,32,73,0,0,27,47,74,8,9,51,79,147,96,108,204,351
05/03/2006,DHN,AL,ASO,ES,Federal Contract Tower,10,7,34,43,94,0,1,23,35,59,10,8,57,78,153,64,88,152,305
05/04/2006,DHN,AL,ASO,ES,Federal Contract Tower,10,8,35,53,106,0,2,50,57,109,10,10,85,110,215,78,116,194,409
05/05/2006,DHN,AL,ASO,ES,Federal Contract Tower,14,8,29,58,109,0,2,33,53,88,14,10,62,111,197,48,116,164,361
05/06/2006,DHN,AL,ASO,ES,Federal Contract Tower,7,3,9,2,21,0,0,16,0,16,7,3,25,2,37,14,0,14,51
05/07/2006,DHN,AL,ASO,ES,Federal Contract Tower,7,1,11,0,19,0,0,4,0,4,7,1,15,0,23,8,0,8,31
05/08/2006,DHN,AL,ASO,ES,Federal Contract Tower,11,8,29,63,111,0,0,31,48,79,11,8,60,111,190,38,132,170,360
05/09/2006,DHN,AL,ASO,ES,Federal Contract Tower,8,7,47,61,123,0,1,21,34,56,8,8,68,95,179,70,100,170,349
05/10/2006,DHN,AL,ASO,ES,Federal Contract Tower,8,8,65,27,108,1,0,21,11,33,9,8,86,38,141,54,30,84,225
05/11/2006,DHN,AL,ASO,ES,Federal Contract Tower,9,6,67,40,122,0,0,37,49,86,9,6,104,89,208,116,100,216,424
05/12/2006,DHN,AL,ASO,ES,Federal Contract Tower,12,9,30,25,76,0,1,52,39,92,12,10,82,64,168,72,100,172,340
05/13/2006,DHN,AL,ASO,ES,Federal Contract Tower,5,1,9,6,21,0,0,27,6,33,5,1,36,12,54,28,20,48,102
05/14/2006,DHN,AL,ASO,ES,Federal Contract Tower,9,2,13,2,26,0,0,20,0,20,9,2,33,2,46,24,0,24,70
05/15/2006,DHN,AL,ASO,ES,Federal Contract Tower,10,7,38,33,88,0,2,34,25,61,10,9,72,58,149,62,20,82,231
05/16/2006,DHN,AL,ASO,ES,Federal Contract Tower,9,11,39,52,111,0,1,63,39,103,9,12,102,91,214,154,76,230,444
05/17/2006,DHN,AL,ASO,ES,Federal Contract Tower,12,7,37,35,91,0,2,57,49,108,12,9,94,84,199,104,84,188,387
05/18/2006,DHN,AL,ASO,ES,Federal Contract Tower,11,7,36,19,73,0,1,39,43,83,11,8,75,62,156,90,74,164,320
05/19/2006,DHN,AL,ASO,ES,Federal Contract Tower,11,8,18,47,84,0,2,27,63,92,11,10,45,110,176,35,114,149,325
05/20/2006,DHN,AL,ASO,ES,Federal Contract Tower,6,1,11,0,18,0,0,29,0,29,6,1,40,0,47,36,0,36,83
05/21/2006,DHN,AL,ASO,ES,Federal Contract Tower,9,2,22,4,37,0,0,22,0,22,9,2,44,4,59,24,0,24,83
05/22/2006,DHN,AL,ASO,ES,Federal Contract Tower,10,6,35,45,96,0,1,44,46,91,10,7,79,91,187,46,94,140,327
05/23/2006,DHN,AL,ASO,ES,Federal Contract Tower,13,9,24,47,93,0,1,45,26,72,13,10,69,73,165,70,54,124,289
05/24/2006,DHN,AL,ASO,ES,Federal Contract Tower,11,10,47,53,121,0,1,71,34,106,11,11,118,87,227,98,52,150,377
05/25/2006,DHN,AL,ASO,ES,Federal Contract Tower,15,13,47,34,109,0,0,65,46,111,15,13,112,80,220,92,58,150,370
05/26/2006,DHN,AL,ASO,ES,Federal Contract Tower,14,7,21,1,43,2,0,34,4,40,16,7,55,5,83,36,0,36,119
05/27/2006,DHN,AL,ASO,ES,Federal Contract Tower,7,1,12,4,24,0,0,58,1,59,7,1,70,5,83,18,18,36,119
05/28/2006,DHN,AL,ASO,ES,Federal Contract Tower,9,0,18,0,27,0,0,17,0,17,9,0,35,0,44,12,0,12,56
05/29/2006,DHN,AL,ASO,ES,Federal Contract Tower,11,1,26,2,40,0,0,19,2,21,11,1,45,4,61,14,0,14,75
05/30/2006,DHN,AL,ASO,ES,Federal Contract Tower,9,5,25,33,72,0,4,40,42,86,9,9,65,75,158,96,160,256,414
05/31/2006,DHN,AL,ASO,ES,Federal Contract Tower,11,10,35,34,90,0,1,52,34,87,11,11,87,68,177,78,98,176,353
06/01/2006,DHN,AL,ASO,ES,Federal Contract Tower,11,7,56,63,137,0,2,42,47,91,11,9,98,110,228,76,116,192,420
06/02/2006,DHN,AL,ASO,ES,Federal Contract Tower,12,10,40,35,97,0,1,43,57,101,12,11,83,92,198,72,111,183,381
06/03/2006,DHN,AL,ASO,ES,Federal Contract Tower,6,2,9,2,19,0,0,8,0,8,6,2,17,2,27,14,0,14,41
06/04/2006,DHN,AL,ASO,ES,Federal Contract Tower,7,0,24,2,33,0,0,35,0,35,7,0,59,2,68,34,0,34,102
06/05/2006,DHN,AL,ASO,ES,Federal Contract Tower,12,5,30,30,77,0,2,31,31,64,12,7,61,61,141,48,94,142,283
06/06/2006,DHN,AL,ASO,ES,Federal Contract Tower,10,6,28,37,81,0,2,31,27,60,10,8,59,64,141,62,40,102,243
06/07/2006,DHN,AL,ASO,ES,Federal Contract Tower,13,8,33,47,101,0,0,40,55,95,13,8,73,102,196,42,166,208,404
06/08/2006,DHN,AL,ASO,ES,Federal Contract Tower,9,8,28,55,100,0,2,36,51,89,9,10,64,106,189,54,110,164,353
06/09/2006,DHN,AL,ASO,ES,Federal Contract Tower,8,6,22,47,83,0,2,55,52,109,8,8,77,99,192,80,102,182,374
06/10/2006,DHN,AL,ASO,ES,Federal Contract Tower,6,1,17,2,26,0,0,33,0,33,6,1,50,2,59,22,0,22,81
06/11/2006,DHN,AL,ASO,ES,Federal Contract Tower,8,0,21,5,34,0,0,25,1,26,8,0,46,6,60,20,6,26,86
06/12/2006,DHN,AL,ASO,ES,Federal Contract Tower,6,12,21,5,44,0,1,8,9,18,6,13,29,14,62,26,0,26,88
06/13/2006,DHN,AL,ASO,ES,Federal Contract Tower,8,12,39,35,94,0,2,27,43,72,8,14,66,78,166,80,82,162,328
06/14/2006,DHN,AL,ASO,ES,Federal Contract Tower,8,7,52,37,104,0,2,39,34,75,8,9,91,71,179,76,102,178,357
06/15/2006,DHN,AL,ASO,ES,Federal Contract Tower,11,9,53,43,116,0,1,43,33,77,11,10,96,76,193,70,82,152,345
06/16/2006,DHN,AL,ASO,ES,Federal Contract Tower,10,8,32,33,83,0,2,32,22,56,10,10,64,55,139,30,56,86,225
06/17/2006,DHN,AL,ASO,ES,Federal Contract Tower,8,1,8,0,17,0,0,19,2,21,8,1,27,2,38,8,0,8,46
06/18/2006,DHN,AL,ASO,ES,Federal Contract Tower,9,0,12,8,29,0,0,23,9,32,9,0,35,17,61,16,24,40,101
06/19/2006,DHN,AL,ASO,ES,Federal Contract Tower,9,7,20,31,67,0,2,30,45,77,9,9,50,76,144,80,60,140,284
06/20/2006,DHN,AL,ASO,ES,Federal Contract Tower,9,7,27,23,66,0,2,23,31,56,9,9,50,54,122,52,60,112,234
06/21/2006,DHN,AL,ASO,ES,Federal Contract Tower,7,7,34,53,101,0,1,44,43,88,7,8,78,96,189,64,70,134,323
06/22/2006,DHN,AL,ASO,ES,Federal Contract Tower,9,9,29,43,90,0,3,30,38,71,9,12,59,81,161,84,58,142,303
06/23/2006,DHN,AL,ASO,ES,Federal Contract Tower,9,7,30,47,93,0,1,29,51,81,9,8,59,98,174,76,88,164,338
06/24/2006,DHN,AL,ASO,ES,Federal Contract Tower,8,1,12,2,23,0,2,26,11,39,8,3,38,13,62,36,0,36,98
06/25/2006,DHN,AL,ASO,ES,Federal Contract Tower,6,0,19,3,28,0,0,13,1,14,6,0,32,4,42,18,0,18,60
06/26/2006,DHN,AL,ASO,ES,Federal Contract Tower,7,6,33,69,115,0,2,11,57,70,7,8,44,126,185,28,154,182,367
06/27/2006,DHN,AL,ASO,ES,Federal Contract Tower,7,11,36,44,98,0,0,25,45,70,7,11,61,89,168,60,152,212,380
06/28/2006,DHN,AL,ASO,ES,Federal Contract Tower,8,8,44,40,100,0,2,48,46,96,8,10,92,86,196,96,68,164,360
06/29/2006,DHN,AL,ASO,ES,Federal Contract Tower,8,8,58,39,113,0,0,60,33,93,8,8,118,72,206,100,54,154,360
06/30/2006,DHN,AL,ASO,ES,Federal Contract Tower,8,7,35,29,79,0,1,38,30,69,8,8,73,59,148,66,64,130,278
07/01/2006,DHN,AL,ASO,ES,Federal Contract Tower,6,4,9,2,21,0,0,24,0,24,6,4,33,2,45,26,0,26,71
07/02/2006,DHN,AL,ASO,ES,Federal Contract Tower,5,0,15,1,21,0,0,7,0,7,5,0,22,1,28,20,0,20,48
07/03/2006,DHN,AL,ASO,ES,Federal Contract Tower,7,5,6,2,20,0,2,10,0,12,7,7,16,2,32,0,0,0,32
07/04/2006,DHN,AL,ASO,ES,Federal Contract Tower,7,0,11,0,18,0,0,17,0,17,7,0,28,0,35,4,0,4,39
07/05/2006,DHN,AL,ASO,ES,Federal Contract Tower,6,9,21,36,72,0,3,37,42,82,6,12,58,78,154,52,142,194,348
07/06/2006,DHN,AL,ASO,ES,Federal Contract Tower,7,7,29,33,76,0,1,29,36,66,7,8,58,69,142,110,116,226,368
07/07/2006,DHN,AL,ASO,ES,Federal Contract Tower,11,8,30,32,81,0,2,37,37,76,11,10,67,69,157,94,108,202,359
07/08/2006,DHN,AL,ASO,ES,Federal Contract Tower,6,3,10,1,20,0,0,30,1,31,6,3,40,2,51,24,8,32,83
07/09/2006,DHN,AL,ASO,ES,Federal Contract Tower,6,0,23,5,34,0,0,31,1,32,6,0,54,6,66,20,0,20,86
07/10/2006,DHN,AL,ASO,ES,Federal Contract Tower,9,5,24,33,71,0,2,35,41,78,9,7,59,74,149,66,94,160,309
07/11/2006,DHN,AL,ASO,ES,Federal Contract Tower,8,9,25,37,79,0,1,27,31,59,8,10,52,68,138,44,142,186,324
07/12/2006,DHN,AL,ASO,ES,Federal Contract Tower,8,6,40,31,85,0,2,30,27,59,8,8,70,58,144,36,144,180,324
07/13/2006,DHN,AL,ASO,ES,Federal Contract Tower,7,9,32,45,93,0,1,56,20,77,7,10,88,65,170,118,74,192,362
07/14/2006,DHN,AL,ASO,ES,Federal Contract Tower,10,7,38,36,91,0,2,50,37,89,10,9,88,73,180,110,54,164,344
07/15/2006,DHN,AL,ASO,ES,Federal Contract Tower,6,1,11,4,22,0,0,26,3,29,6,1,37,7,51,12,8,20,71
07/16/2006,DHN,AL,ASO,ES,Federal Contract Tower,6,0,18,0,24,0,0,11,0,11,6,0,29,0,35,0,0,0,35
07/17/2006,DHN,AL,ASO,ES,Federal Contract Tower,9,6,27,23,65,0,1,23,29,53,9,7,50,52,118,60,26,86,204
07/18/2006,DHN,AL,ASO,ES,Federal Contract Tower,17,8,54,32,111,2,1,13,38,54,19,9,67,70,165,58,74,132,297
07/19/2006,DHN,AL,ASO,ES,Federal Contract Tower,9,7,41,30,87,0,1,50,55,106,9,8,91,85,193,96,122,218,411
07/20/2006,DHN,AL,ASO,ES,Federal Contract Tower,9,9,30,43,91,0,1,35,39,75,9,10,65,82,166,78,138,216,382
07/21/2006,DHN,AL,ASO,ES,Federal Contract Tower,10,9,42,48,109,0,1,45,57,103,10,10,87,105,212,96,166,262,474
07/22/2006,DHN,AL,ASO,ES,Federal Contract Tower,6,1,24,0,31,0,0,26,1,27,6,1,50,1,58,34,0,34,92
07/23/2006,DHN,AL,ASO,ES,Federal Contract Tower,9,0,24,1,34,0,0,15,1,16,9,0,39,2,50,18,0,18,68
07/24/2006,DHN,AL,ASO,ES,Federal Contract Tower,9,7,27,33,76,0,0,33,37,70,9,7,60,70,146,88,70,158,304
07/25/2006,DHN,AL,ASO,ES,Federal Contract Tower,9,8,28,50,95,0,2,42,68,112,9,10,70,118,207,98,156,254,461
07/26/2006,DHN,AL,ASO,ES,Federal Contract Tower,7,8,39,41,95,0,1,18,33,52,7,9,57,74,147,80,84,164,311
07/27/2006,DHN,AL,ASO,ES,Federal Contract Tower,8,9,30,40,87,0,0,50,48,98,8,9,80,88,185,84,90,174,359
07/28/2006,DHN,AL,ASO,ES,Federal Contract Tower,14,9,32,44,99,0,0,48,47,95,14,9,80,91,194,52,90,142,336
07/29/2006,DHN,AL,ASO,ES,Federal Contract Tower,5,1,9,5,20,0,0,23,2,25,5,1,32,7,45,6,0,6,51
07/30/2006,DHN,AL,ASO,ES,Federal Contract Tower,4,0,23,4,31,0,0,19,0,19,4,0,42,4,50,28,0,28,78
07/31/2006,DHN,AL,ASO,ES,Federal Contract Tower,8,8,42,20,78,0,0,40,24,64,8,8,82,44,142,80,70,150,292
08/01/2006,DHN,AL,ASO,ES,Federal Contract Tower,10,10,45,36,101,0,1,56,58,115,10,11,101,94,216,64,136,200,416
08/02/2006,DHN,AL,ASO,ES,Federal Contract Tower,5,9,54,80,148,0,1,45,71,117,5,10,99,151,265,92,72,164,429
08/03/2006,DHN,AL,ASO,ES,Federal Contract Tower,9,8,22,74,113,0,1,44,65,110,9,9,66,139,223,64,106,170,393
08/04/2006,DHN,AL,ASO,ES,Federal Contract Tower,9,9,27,42,87,0,0,40,53,93,9,9,67,95,180,78,96,174,354
08/05/2006,DHN,AL,ASO,ES,Federal Contract Tower,5,1,18,2,26,0,0,37,0,37,5,1,55,2,63,26,0,26,89
08/06/2006,DHN,AL,ASO,ES,Federal Contract Tower,6,0,9,8,23,0,0,18,0,18,6,0,27,8,41,44,0,44,85
08/07/2006,DHN,AL,ASO,ES,Federal Contract Tower,7,7,27,41,82,0,1,21,61,83,7,8,48,102,165,22,80,102,267
08/08/2006,DHN,AL,ASO,ES,Federal Contract Tower,8,11,36,26,81,0,3,36,35,74,8,14,72,61,155,20,48,68,223
08/09/2006,DHN,AL,ASO,ES,Federal Contract Tower,6,8,45,32,91,0,2,50,22,74,6,10,95,54,165,50,16,66,231
08/10/2006,DHN,AL,ASO,ES,Federal Contract Tower,8,9,41,26,84,0,2,50,19,71,8,11,91,45,155,88,14,102,257
08/11/2006,DHN,AL,ASO,ES,Federal Contract Tower,10,7,27,37,81,2,1,29,60,92,12,8,56,97,173,42,76,118,291
08/12/2006,DHN,AL,ASO,ES,Federal Contract Tower,7,4,17,2,30,0,0,24,0,24,7,4,41,2,54,16,0,16,70
08/13/2006,DHN,AL,ASO,ES,Federal Contract Tower,7,2,19,2,30,0,0,17,0,17,7,2,36,2,47,12,0,12,59
08/14/2006,DHN,AL,ASO,ES,Federal Contract Tower,9,6,30,26,71,0,1,36,34,71,9,7,66,60,142,58,64,122,264
08/15/2006,DHN,AL,ASO,ES,Federal Contract Tower,9,10,36,49,104,0,0,38,45,83,9,10,74,94,187,72,82,154,341
08/16/2006,DHN,AL,ASO,ES,Federal Contract Tower,7,7,54,32,100,0,3,58,26,87,7,10,112,58,187,110,102,212,399
08/17/2006,DHN,AL,ASO,ES,Federal Contract Tower,11,8,34,45,98,0,2,37,63,102,11,10,71,108,200,90,120,210,410
08/18/2006,DHN,AL,ASO,ES,Federal Contract Tower,16,6,20,51,93,2,2,46,54,104,18,8,66,105,197,68,118,186,383
08/19/2006,DHN,AL,ASO,ES,Federal Contract Tower,6,1,14,0,21,0,0,25,0,25,6,1,39,0,46,14,0,14,60
08/20/2006,DHN,AL,ASO,ES,Federal Contract Tower,7,0,15,5,27,0,0,36,4,40,7,0,51,9,67,30,0,30,97
08/21/2006,DHN,AL,ASO,ES,Federal Contract Tower,7,6,31,30,74,0,0,35,65,100,7,6,66,95,174,52,186,238,412
08/22/2006,DHN,AL,ASO,ES,Federal Contract Tower,8,9,29,36,82,1,0,28,37,66,9,9,57,73,148,52,92,144,292
08/23/2006,DHN,AL,ASO,ES,Federal Contract Tower,7,9,41,58,115,0,1,28,70,99,7,10,69,128,214,84,150,234,448
08/24/2006,DHN,AL,ASO,ES,Federal Contract Tower,10,8,37,61,116,0,0,32,61,93,10,8,69,122,209,46,120,166,375
08/25/2006,DHN,AL,ASO,ES,Federal Contract Tower,9,10,49,47,115,0,1,23,43,67,9,11,72,90,182,50,142,192,374
08/26/2006,DHN,AL,ASO,ES,Federal Contract Tower,9,1,17,9,36,0,0,26,5,31,9,1,43,14,67,14,2,16,83
08/27/2006,DHN,AL,ASO,ES,Federal Contract Tower,8,0,13,0,21,0,0,9,0,9,8,0,22,0,30,14,0,14,44
08/28/2006,DHN,AL,ASO,ES,Federal Contract Tower,8,4,39,49,100,0,3,52,84,139,8,7,91,133,239,82,180,262,501
08/29/2006,DHN,AL,ASO,ES,Federal Contract Tower,9,7,48,53,117,0,2,40,61,103,9,9,88,114,220,54,122,176,396
08/30/2006,DHN,AL,ASO,ES,Federal Contract Tower,7,8,67,55,137,0,2,35,39,76,7,10,102,94,213,44,94,138,351
08/31/2006,DHN,AL,ASO,ES,Federal Contract Tower,9,6,43,43,101,0,2,30,31,63,9,8,73,74,164,48,52,100,264
09/01/2006,DHN,AL,ASO,ES,Federal Contract Tower,7,7,22,2,38,1,1,29,0,31,8,8,51,2,69,54,0,54,123
09/02/2006,DHN,AL,ASO,ES,Federal Contract Tower,6,1,24,0,31,0,0,26,0,26,6,1,50,0,57,20,0,20,77
09/03/2006,DHN,AL,ASO,ES,Federal Contract Tower,3,3,14,0,20,0,0,16,0,16,3,3,30,0,36,12,0,12,48
09/04/2006,DHN,AL,ASO,ES,Federal Contract Tower,5,0,16,0,21,0,0,23,0,23,5,0,39,0,44,26,0,26,70
09/05/2006,DHN,AL,ASO,ES,Federal Contract Tower,8,7,21,25,61,0,3,37,21,61,8,10,58,46,122,56,10,66,188
09/06/2006,DHN,AL,ASO,ES,Federal Contract Tower,9,9,41,28,87,0,2,22,10,34,9,11,63,38,121,64,0,64,185
09/07/2006,DHN,AL,ASO,ES,Federal Contract Tower,12,9,33,30,84,0,1,24,45,70,12,10,57,75,154,116,74,190,344
09/08/2006,DHN,AL,ASO,ES,Federal Contract Tower,9,8,46,51,114,0,2,7,27,36,9,10,53,78,150,10,48,58,208
09/09/2006,DHN,AL,ASO,ES,Federal Contract Tower,8,2,5,0,15,0,0,29,4,33,8,2,34,4,48,60,0,60,108
09/10/2006,DHN,AL,ASO,ES,Federal Contract Tower,8,1,10,9,28,0,0,25,3,28,8,1,35,12,56,34,14,48,104
09/11/2006,DHN,AL,ASO,ES,Federal Contract Tower,8,5,30,21,64,0,2,15,29,46,8,7,45,50,110,30,94,124,234
09/12/2006,DHN,AL,ASO,ES,Federal Contract Tower,8,8,30,30,76,0,0,27,36,63,8,8,57,66,139,70,64,134,273
09/13/2006,DHN,AL,ASO,ES,Federal Contract Tower,8,9,59,32,108,0,3,16,41,60,8,12,75,73,168,48,86,134,302
09/14/2006,DHN,AL,ASO,ES,Federal Contract Tower,9,7,59,42,117,0,1,41,44,86,9,8,100,86,203,36,96,132,335
09/15/2006,DHN,AL,ASO,ES,Federal Contract Tower,7,6,41,65,119,0,4,53,66,123,7,10,94,131,242,56,168,224,466
09/16/2006,DHN,AL,ASO,ES,Federal Contract Tower,7,1,22,5,35,0,0,32,3,35,7,1,54,8,70,26,8,34,104
09/17/2006,DHN,AL,ASO,ES,Federal Contract Tower,14,2,12,1,29,0,0,21,3,24,14,2,33,4,53,30,14,44,97
09/18/2006,DHN,AL,ASO,ES,Federal Contract Tower,6,7,29,40,82,0,1,26,40,67,6,8,55,80,149,70,108,178,327
09/19/2006,DHN,AL,ASO,ES,Federal Contract Tower,10,7,44,41,102,0,0,8,12,20,10,7,52,53,122,8,76,84,206
09/20/2006,DHN,AL,ASO,ES,Federal Contract Tower,8,6,30,31,75,0,3,65,47,115,8,9,95,78,190,42,94,136,326
09/21/2006,DHN,AL,ASO,ES,Federal Contract Tower,9,9,28,37,83,0,2,54,38,94,9,11,82,75,177,82,116,198,375
09/22/2006,DHN,AL,ASO,ES,Federal Contract Tower,12,9,34,69,124,1,1,36,51,89,13,10,70,120,213,76,105,181,394
09/23/2006,DHN,AL,ASO,ES,Federal Contract Tower,7,1,16,0,24,0,0,25,3,28,7,1,41,3,52,32,0,32,84
09/24/2006,DHN,AL,ASO,ES,Federal Contract Tower,5,0,22,0,27,0,0,13,0,13,5,0,35,0,40,22,0,22,62
09/25/2006,DHN,AL,ASO,ES,Federal Contract Tower,8,7,30,53,98,0,2,43,41,86,8,9,73,94,184,135,86,221,405
09/26/2006,DHN,AL,ASO,ES,Federal Contract Tower,9,9,25,59,102,0,1,49,74,124,9,10,74,133,226,62,204,266,492
09/27/2006,DHN,AL,ASO,ES,Federal Contract Tower,9,7,43,47,106,1,1,50,47,99,10,8,93,94,205,80,112,192,397
09/28/2006,DHN,AL,ASO,ES,Federal Contract Tower,8,7,26,50,91,0,2,32,56,90,8,9,58,106,181,76,94,170,351
09/29/2006,DHN,AL,ASO,ES,Federal Contract Tower,8,8,31,54,101,0,3,45,44,92,8,11,76,98,193,84,64,148,341
09/30/2006,DHN,AL,ASO,ES,Federal Contract Tower,5,1,5,2,13,0,0,21,2,23,5,1,26,4,36,50,0,50,86
10/01/2006,DHN,AL,ASO,ES,Federal Contract Tower,6,0,19,1,26,0,0,20,0,20,6,0,39,1,46,36,0,36,82
10/02/2006,DHN,AL,ASO,ES,Federal Contract Tower,13,6,17,41,77,0,1,45,37,83,13,7,62,78,160,76,78,154,314
10/03/2006,DHN,AL,ASO,ES,Federal Contract Tower,9,6,38,31,84,0,2,34,52,88,9,8,72,83,172,32,110,142,314
10/04/2006,DHN,AL,ASO,ES,Federal Contract Tower,8,6,62,25,101,0,4,58,47,109,8,10,120,72,210,50,112,162,372
10/05/2006,DHN,AL,ASO,ES,Federal Contract Tower,8,9,33,37,87,0,2,25,49,76,8,11,58,86,163,58,112,170,333
10/06/2006,DHN,AL,ASO,ES,Federal Contract Tower,9,6,21,23,59,0,1,49,36,86,9,7,70,59,145,58,114,172,317
10/07/2006,DHN,AL,ASO,ES,Federal Contract Tower,5,6,17,12,40,0,0,21,8,29,5,6,38,20,69,30,6,36,105
10/08/2006,DHN,AL,ASO,ES,Federal Contract Tower,7,0,21,2,30,0,0,17,0,17,7,0,38,2,47,20,0,20,67
10/09/2006,DHN,AL,ASO,ES,Federal Contract Tower,8,3,30,1,42,0,0,12,1,13,8,3,42,2,55,14,0,14,69
10/10/2006,DHN,AL,ASO,ES,Federal Contract Tower,10,10,27,35,82,0,2,46,40,88,10,12,73,75,170,86,74,160,330
10/11/2006,DHN,AL,ASO,ES,Federal Contract Tower,10,7,44,26,87,0,1,54,22,77,10,8,98,48,164,116,66,182,346
10/12/2006,DHN,AL,ASO,ES,Federal Contract Tower,9,11,44,56,120,0,2,48,63,113,9,13,92,119,233,62,124,186,419
10/13/2006,DHN,AL,ASO,ES,Federal Contract Tower,9,7,37,50,103,0,1,43,37,81,9,8,80,87,184,78,68,146,330
10/14/2006,DHN,AL,ASO,ES,Federal Contract Tower,9,1,15,2,27,0,0,38,0,38,9,1,53,2,65,30,0,30,95
10/15/2006,DHN,AL,ASO,ES,Federal Contract Tower,7,0,20,3,30,0,0,25,1,26,7,0,45,4,56,18,0,18,74
10/16/2006,DHN,AL,ASO,ES,Federal Contract Tower,9,7,33,21,70,0,1,20,35,56,9,8,53,56,126,80,80,160,286
10/17/2006,DHN,AL,ASO,ES,Federal Contract Tower,7,8,26,36,77,0,0,22,14,36,7,8,48,50,113,56,14,70,183
10/18/2006,DHN,AL,ASO,ES,Federal Contract Tower,10,10,72,64,156,0,1,36,41,78,10,11,108,105,234,30,54,84,318
10/19/2006,DHN,AL,ASO,ES,Federal Contract Tower,8,11,31,46,96,0,1,45,46,92,8,12,76,92,188,76,169,245,433
10/20/2006,DHN,AL,ASO,ES,Federal Contract Tower,8,8,34,68,118,0,1,23,52,76,8,9,57,120,194,68,127,195,389
10/21/2006,DHN,AL,ASO,ES,Federal Contract Tower,6,2,15,4,27,0,0,23,1,24,6,2,38,5,51,16,0,16,67
10/22/2006,DHN,AL,ASO,ES,Federal Contract Tower,7,0,17,3,27,0,0,7,0,7,7,0,24,3,34,8,0,8,42
10/23/2006,DHN,AL,ASO,ES,Federal Contract Tower,11,5,54,53,123,0,3,71,49,123,11,8,125,102,246,82,164,246,492
10/24/2006,DHN,AL,ASO,ES,Federal Contract Tower,7,9,55,38,109,0,1,71,43,115,7,10,126,81,224,60,82,142,366
10/25/2006,DHN,AL,ASO,ES,Federal Contract Tower,11,12,47,38,108,0,0,56,44,100,11,12,103,82,208,93,80,173,381
10/26/2006,DHN,AL,ASO,ES,Federal Contract Tower,9,7,41,47,104,0,1,30,51,82,9,8,71,98,186,48,58,106,292
10/27/2006,DHN,AL,ASO,ES,Federal Contract Tower,5,9,19,44,77,0,0,18,16,34,5,9,37,60,111,12,46,58,169
10/28/2006,DHN,AL,ASO,ES,Federal Contract Tower,8,1,29,6,44,0,0,16,5,21,8,1,45,11,65,34,16,50,115
10/29/2006,DHN,AL,ASO,ES,Federal Contract Tower,7,0,29,2,38,0,0,36,0,36,7,0,65,2,74,26,0,26,100
10/30/2006,DHN,AL,ASO,ES,Federal Contract Tower,8,5,19,47,79,0,2,49,50,101,8,7,68,97,180,88,84,172,352
10/31/2006,DHN,AL,ASO,ES,Federal Contract Tower,9,6,34,60,109,0,2,52,60,114,9,8,86,120,223,50,114,164,387
11/01/2006,DHN,AL,ASO,ES,Federal Contract Tower,11,9,36,52,108,0,2,41,55,98,11,11,77,107,206,64,106,170,376
11/02/2006,DHN,AL,ASO,ES,Federal Contract Tower,12,6,55,47,120,0,2,23,37,62,12,8,78,84,182,18,56,74,256
11/03/2006,DHN,AL,ASO,ES,Federal Contract Tower,9,7,37,28,81,0,1,49,42,92,9,8,86,70,173,52,168,220,393
11/04/2006,DHN,AL,ASO,ES,Federal Contract Tower,5,1,20,1,27,0,0,31,0,31,5,1,51,1,58,22,0,22,80
11/05/2006,DHN,AL,ASO,ES,Federal Contract Tower,4,0,22,3,29,0,0,28,23,51,4,0,50,26,80,16,18,34,114
11/06/2006,DHN,AL,ASO,ES,Federal Contract Tower,7,7,36,27,77,0,2,34,49,85,7,9,70,76,162,44,112,156,318
11/07/2006,DHN,AL,ASO,ES,Federal Contract Tower,9,8,49,52,118,0,2,30,7,39,9,10,79,59,157,26,64,90,247
11/08/2006,DHN,AL,ASO,ES,Federal Contract Tower,8,9,59,52,128,0,2,34,46,82,8,11,93,98,210,66,134,200,410
11/09/2006,DHN,AL,ASO,ES,Federal Contract Tower,9,7,36,38,90,0,2,64,59,125,9,9,100,97,215,60,130,190,405
11/10/2006,DHN,AL,ASO,ES,Federal Contract Tower,11,7,29,10,57,0,2,26,16,44,11,9,55,26,101,40,8,48,149
11/11/2006,DHN,AL,ASO,ES,Federal Contract Tower,8,3,14,16,41,0,0,19,19,38,8,3,33,35,79,18,0,18,97
11/12/2006,DHN,AL,ASO,ES,Federal Contract Tower,8,2,27,0,37,0,0,37,0,37,8,2,64,0,74,36,0,36,110
11/13/2006,DHN,AL,ASO,ES,Federal Contract Tower,9,7,40,10,66,0,1,42,57,100,9,8,82,67,166,52,144,196,362
11/14/2006,DHN,AL,ASO,ES,Federal Contract Tower,11,8,35,41,95,0,1,49,56,106,11,9,84,97,201,80,124,204,405
11/15/2006,DHN,AL,ASO,ES,Federal Contract Tower,3,9,21,27,60,0,0,1,10,11,3,9,22,37,71,0,6,6,77
11/16/2006,DHN,AL,ASO,ES,Federal Contract Tower,8,7,55,54,124,0,1,41,50,92,8,8,96,104,216,58,68,126,342
11/17/2006,DHN,AL,ASO,ES,Federal Contract Tower,10,8,49,50,117,0,1,59,41,101,10,9,108,91,218,66,54,120,338
11/18/2006,DHN,AL,ASO,ES,Federal Contract Tower,5,1,10,0,16,1,0,32,2,35,6,1,42,2,51,0,0,0,51
11/19/2006,DHN,AL,ASO,ES,Federal Contract Tower,6,2,24,0,32,0,0,24,0,24,6,2,48,0,56,40,0,40,96
11/20/2006,DHN,AL,ASO,ES,Federal Contract Tower,9,6,39,44,98,0,1,35,39,75,9,7,74,83,173,44,58,102,275
11/21/2006,DHN,AL,ASO,ES,Federal Contract Tower,9,7,35,53,104,0,1,28,53,82,9,8,63,106,186,46,38,84,270
11/22/2006,DHN,AL,ASO,ES,Federal Contract Tower,9,10,31,7,57,1,0,38,9,48,10,10,69,16,105,92,2,94,199
11/23/2006,DHN,AL,ASO,ES,Federal Contract Tower,5,0,7,0,12,0,0,8,0,8,5,0,15,0,20,0,0,0,20
11/24/2006,DHN,AL,ASO,ES,Federal Contract Tower,5,6,12,0,23,0,0,17,0,17,5,6,29,0,40,2,0,2,42
11/25/2006,DHN,AL,ASO,ES,Federal Contract Tower,8,1,6,0,15,0,0,36,0,36,8,1,42,0,51,42,0,42,93
11/26/2006,DHN,AL,ASO,ES,Federal Contract Tower,8,0,23,4,35,0,0,33,0,33,8,0,56,4,68,28,0,28,96
11/27/2006,DHN,AL,ASO,ES,Federal Contract Tower,11,6,19,28,64,0,1,24,44,69,11,7,43,72,133,70,74,144,277
11/28/2006,DHN,AL,ASO,ES,Federal Contract Tower,9,9,38,59,115,0,1,21,22,44,9,10,59,81,159,38,40,78,237
11/29/2006,DHN,AL,ASO,ES,Federal Contract Tower,9,9,37,70,125,0,0,14,40,54,9,9,51,110,179,18,28,46,225
11/30/2006,DHN,AL,ASO,ES,Federal Contract Tower,9,7,33,64,113,0,1,24,44,69,9,8,57,108,182,62,120,182,364
12/01/2006,DHN,AL,ASO,ES,Federal Contract Tower,10,6,42,43,101,0,2,22,62,86,10,8,64,105,187,52,216,268,455
12/02/2006,DHN,AL,ASO,ES,Federal Contract Tower,5,1,14,2,22,0,0,21,3,24,5,1,35,5,46,14,0,14,60
12/03/2006,DHN,AL,ASO,ES,Federal Contract Tower,7,0,28,4,39,0,0,24,0,24,7,0,52,4,63,10,0,10,73
12/04/2006,DHN,AL,ASO,ES,Federal Contract Tower,8,8,28,53,97,1,2,37,61,101,9,10,65,114,198,78,138,216,414
12/05/2006,DHN,AL,ASO,ES,Federal Contract Tower,12,10,36,51,109,0,2,53,71,126,12,12,89,122,235,78,104,182,417
12/06/2006,DHN,AL,ASO,ES,Federal Contract Tower,9,8,44,34,95,0,2,45,51,98,9,10,89,85,193,63,124,187,380
12/07/2006,DHN,AL,ASO,ES,Federal Contract Tower,9,8,36,37,90,0,1,39,80,120,9,9,75,117,210,38,146,184,394
12/08/2006,DHN,AL,ASO,ES,Federal Contract Tower,9,6,40,36,91,0,2,33,45,80,9,8,73,81,171,52,126,178,349
12/09/2006,DHN,AL,ASO,ES,Federal Contract Tower,5,3,16,2,26,0,0,68,4,72,5,3,84,6,98,12,0,12,110
12/10/2006,DHN,AL,ASO,ES,Federal Contract Tower,4,2,14,4,24,0,0,26,0,26,4,2,40,4,50,30,0,30,80
12/11/2006,DHN,AL,ASO,ES,Federal Contract Tower,11,5,16,6,38,0,1,18,10,29,11,6,34,16,67,8,0,8,75
12/12/2006,DHN,AL,ASO,ES,Federal Contract Tower,7,7,28,32,74,0,4,38,53,95,7,11,66,85,169,62,126,188,357
12/13/2006,DHN,AL,ASO,ES,Federal Contract Tower,10,7,58,60,135,0,2,28,90,120,10,9,86,150,255,58,166,224,479
12/14/2006,DHN,AL,ASO,ES,Federal Contract Tower,10,13,59,85,167,0,2,19,63,84,10,15,78,148,251,74,82,156,407
12/15/2006,DHN,AL,ASO,ES,Federal Contract Tower,13,8,45,53,119,0,1,40,68,109,13,9,85,121,228,52,118,170,398
12/16/2006,DHN,AL,ASO,ES,Federal Contract Tower,8,1,22,0,31,0,0,44,0,44,8,1,66,0,75,50,0,50,125
12/17/2006,DHN,AL,ASO,ES,Federal Contract Tower,4,0,10,0,14,0,0,37,0,37,4,0,47,0,51,18,0,18,69
12/18/2006,DHN,AL,ASO,ES,Federal Contract Tower,7,5,16,27,55,0,2,51,28,81,7,7,67,55,136,86,66,152,288
12/19/2006,DHN,AL,ASO,ES,Federal Contract Tower,9,9,41,15,74,0,1,55,5,61,9,10,96,20,135,126,6,132,267
12/20/2006,DHN,AL,ASO,ES,Federal Contract Tower,9,8,31,4,52,0,1,36,4,41,9,9,67,8,93,22,4,26,119
12/21/2006,DHN,AL,ASO,ES,Federal Contract Tower,9,8,35,6,58,0,0,5,8,13,9,8,40,14,71,0,0,0,71
12/22/2006,DHN,AL,ASO,ES,Federal Contract Tower,11,12,7,0,30,0,2,1,6,9,11,14,8,6,39,0,0,0,39
12/23/2006,DHN,AL,ASO,ES,Federal Contract Tower,4,1,9,0,14,2,0,11,0,13,6,1,20,0,27,12,0,12,39
12/24/2006,DHN,AL,ASO,ES,Federal Contract Tower,4,0,8,0,12,0,0,5,0,5,4,0,13,0,17,0,0,0,17
12/25/2006,DHN,AL,ASO,ES,Federal Contract Tower,6,0,3,0,9,0,2,2,0,4,6,2,5,0,13,0,0,0,13
12/26/2006,DHN,AL,ASO,ES,Federal Contract Tower,8,6,37,0,51,0,1,2,0,3,8,7,39,0,54,12,0,12,66
12/27/2006,DHN,AL,ASO,ES,Federal Contract Tower,6,7,13,1,27,1,1,60,5,67,7,8,73,6,94,38,0,38,132
12/28/2006,DHN,AL,ASO,ES,Federal Contract Tower,7,6,16,2,31,0,2,52,5,59,7,8,68,7,90,54,0,54,144
12/29/2006,DHN,AL,ASO,ES,Federal Contract Tower,6,9,24,2,41,0,0,22,0,22,6,9,46,2,63,0,0,0,63
12/30/2006,DHN,AL,ASO,ES,Federal Contract Tower,5,1,8,0,14,0,0,2,0,2,5,1,10,0,16,10,0,10,26
12/31/2006,DHN,AL,ASO,ES,Federal Contract Tower,5,0,2,0,7,0,0,0,0,0,5,0,2,0,7,0,0,0,7
01/01/2007,DHN,AL,ASO,ES,Federal Contract Tower,6,0,5,0,11,0,0,13,0,13,6,0,18,0,24,2,0,2,26
01/02/2007,DHN,AL,ASO,ES,Federal Contract Tower,9,6,23,0,38,0,1,29,0,30,9,7,52,0,68,50,0,50,118
01/03/2007,DHN,AL,ASO,ES,Federal Contract Tower,9,7,51,43,110,0,0,21,17,38,9,7,72,60,148,84,42,126,274
01/04/2007,DHN,AL,ASO,ES,Federal Contract Tower,6,13,37,29,85,0,1,15,14,30,6,14,52,43,115,32,0,32,147
01/05/2007,DHN,AL,ASO,ES,Federal Contract Tower,7,7,14,17,45,0,2,14,18,34,7,9,28,35,79,8,26,34,113
01/06/2007,DHN,AL,ASO,ES,Federal Contract Tower,8,1,28,0,37,0,0,13,0,13,8,1,41,0,50,16,0,16,66
01/07/2007,DHN,AL,ASO,ES,Federal Contract Tower,6,0,7,3,16,0,0,8,1,9,6,0,15,4,25,12,0,12,37
01/08/2007,DHN,AL,ASO,ES,Federal Contract Tower,6,10,32,22,70,0,0,24,63,87,6,10,56,85,157,96,102,198,355
01/09/2007,DHN,AL,ASO,ES,Federal Contract Tower,7,6,35,25,73,0,2,31,65,98,7,8,66,90,171,60,112,172,343
01/10/2007,DHN,AL,ASO,ES,Federal Contract Tower,9,7,34,38,88,0,1,52,48,101,9,8,86,86,189,80,124,204,393
01/11/2007,DHN,AL,ASO,ES,Federal Contract Tower,11,9,32,34,86,0,1,47,53,101,11,10,79,87,187,102,182,284,471
01/12/2007,DHN,AL,ASO,ES,Federal Contract Tower,16,7,24,15,62,0,1,18,19,38,16,8,42,34,100,44,18,62,162
01/13/2007,DHN,AL,ASO,ES,Federal Contract Tower,6,1,8,0,15,0,0,15,4,19,6,1,23,4,34,24,0,24,58
01/14/2007,DHN,AL,ASO,ES,Federal Contract Tower,7,0,14,2,23,0,0,16,1,17,7,0,30,3,40,12,0,12,52
01/15/2007,DHN,AL,ASO,ES,Federal Contract Tower,7,3,23,1,34,0,1,7,7,15,7,4,30,8,49,0,26,26,75
01/16/2007,DHN,AL,ASO,ES,Federal Contract Tower,7,9,50,56,122,1,1,29,63,94,8,10,79,119,216,32,112,144,360
01/17/2007,DHN,AL,ASO,ES,Federal Contract Tower,9,6,49,32,96,0,1,63,45,109,9,7,112,77,205,202,130,332,537
01/18/2007,DHN,AL,ASO,ES,Federal Contract Tower,11,14,52,30,107,0,2,27,36,65,11,16,79,66,172,142,72,214,386
01/19/2007,DHN,AL,ASO,ES,Federal Contract Tower,16,6,48,56,126,0,2,41,60,103,16,8,89,116,229,190,158,348,577
01/20/2007,DHN,AL,ASO,ES,Federal Contract Tower,7,1,11,8,27,0,0,37,2,39,7,1,48,10,66,28,0,28,94
01/21/2007,DHN,AL,ASO,ES,Federal Contract Tower,6,0,23,4,33,0,0,5,0,5,6,0,28,4,38,10,0,10,48
01/22/2007,DHN,AL,ASO,ES,Federal Contract Tower,13,8,27,52,100,0,0,15,43,58,13,8,42,95,158,44,86,130,288
01/23/2007,DHN,AL,ASO,ES,Federal Contract Tower,11,8,31,45,95,0,2,41,52,95,11,10,72,97,190,68,114,182,372
01/24/2007,DHN,AL,ASO,ES,Federal Contract Tower,12,9,33,41,95,2,0,37,59,98,14,9,70,100,193,52,120,172,365
01/25/2007,DHN,AL,ASO,ES,Federal Contract Tower,9,6,35,42,92,0,2,33,61,96,9,8,68,103,188,48,88,136,324
01/26/2007,DHN,AL,ASO,ES,Federal Contract Tower,9,7,38,29,83,0,2,61,51,114,9,9,99,80,197,54,78,132,329
01/27/2007,DHN,AL,ASO,ES,Federal Contract Tower,9,1,15,0,25,0,0,19,0,19,9,1,34,0,44,12,0,12,56
01/28/2007,DHN,AL,ASO,ES,Federal Contract Tower,7,2,14,5,28,0,0,13,2,15,7,2,27,7,43,14,2,16,59
01/29/2007,DHN,AL,ASO,ES,Federal Contract Tower,10,6,46,33,95,0,3,37,27,67,10,9,83,60,162,104,42,146,308
01/30/2007,DHN,AL,ASO,ES,Federal Contract Tower,7,8,40,31,86,0,2,48,24,74,7,10,88,55,160,136,46,182,342
01/31/2007,DHN,AL,ASO,ES,Federal Contract Tower,8,6,19,37,70,0,3,37,80,120,8,9,56,117,190,66,148,214,404
02/01/2007,DHN,AL,ASO,ES,Federal Contract Tower,9,11,24,17,61,0,0,1,1,2,9,11,25,18,63,14,0,14,77
02/02/2007,DHN,AL,ASO,ES,Federal Contract Tower,15,8,59,78,160,2,1,12,32,47,17,9,71,110,207,10,46,56,263
02/03/2007,DHN,AL,ASO,ES,Federal Contract Tower,4,1,22,3,30,0,0,25,6,31,4,1,47,9,61,0,0,0,61
02/04/2007,DHN,AL,ASO,ES,Federal Contract Tower,4,0,14,2,20,0,0,17,0,17,4,0,31,2,37,22,0,22,59
02/05/2007,DHN,AL,ASO,ES,Federal Contract Tower,8,8,45,28,89,0,1,55,69,125,8,9,100,97,214,114,170,284,498
02/06/2007,DHN,AL,ASO,ES,Federal Contract Tower,9,7,35,48,99,0,1,56,74,131,9,8,91,122,230,32,172,204,434
02/07/2007,DHN,AL,ASO,ES,Federal Contract Tower,8,7,31,65,111,0,1,40,52,93,8,8,71,117,204,48,208,256,460
02/08/2007,DHN,AL,ASO,ES,Federal Contract Tower,9,10,53,68,140,0,1,70,69,140,9,11,123,137,280,68,136,204,484
02/09/2007,DHN,AL,ASO,ES,Federal Contract Tower,9,7,40,69,125,0,1,39,62,102,9,8,79,131,227,92,180,272,499
02/10/2007,DHN,AL,ASO,ES,Federal Contract Tower,4,1,14,11,30,0,0,50,10,60,4,1,64,21,90,34,8,42,132
02/11/2007,DHN,AL,ASO,ES,Federal Contract Tower,7,2,12,0,21,0,0,38,2,40,7,2,50,2,61,22,0,22,83
02/12/2007,DHN,AL,ASO,ES,Federal Contract Tower,8,8,34,41,91,0,1,36,62,99,8,9,70,103,190,74,242,316,506
02/13/2007,DHN,AL,ASO,ES,Federal Contract Tower,6,9,38,60,113,0,1,10,43,54,6,10,48,103,167,24,128,152,319
02/14/2007,DHN,AL,ASO,ES,Federal Contract Tower,9,10,48,62,129,1,1,29,51,82,10,11,77,113,211,81,164,245,456
02/15/2007,DHN,AL,ASO,ES,Federal Contract Tower,9,8,33,69,119,0,2,49,72,123,9,10,82,141,242,56,86,142,384
02/16/2007,DHN,AL,ASO,ES,Federal Contract Tower,11,8,31,3,53,0,0,41,2,43,11,8,72,5,96,22,0,22,118
02/17/2007,DHN,AL,ASO,ES,Federal Contract Tower,6,1,9,0,16,1,0,28,0,29,7,1,37,0,45,32,0,32,77
02/18/2007,DHN,AL,ASO,ES,Federal Contract Tower,7,0,15,0,22,0,0,26,0,26,7,0,41,0,48,16,0,16,64
02/19/2007,DHN,AL,ASO,ES,Federal Contract Tower,7,5,22,1,35,0,0,29,1,30,7,5,51,2,65,30,2,32,97
02/20/2007,DHN,AL,ASO,ES,Federal Contract Tower,7,7,39,35,88,0,1,30,52,83,7,8,69,87,171,64,74,138,309
02/21/2007,DHN,AL,ASO,ES,Federal Contract Tower,8,6,45,35,94,0,2,21,23,46,8,8,66,58,140,36,36,72,212
02/22/2007,DHN,AL,ASO,ES,Federal Contract Tower,8,6,21,55,90,0,2,44,47,93,8,8,65,102,183,34,56,90,273
02/23/2007,DHN,AL,ASO,ES,Federal Contract Tower,11,6,33,49,99,0,2,75,30,107,11,8,108,79,206,90,8,98,304
02/24/2007,DHN,AL,ASO,ES,Federal Contract Tower,6,3,11,1,21,0,0,26,1,27,6,3,37,2,48,10,0,10,58
02/25/2007,DHN,AL,ASO,ES,Federal Contract Tower,7,0,16,4,27,0,0,15,0,15,7,0,31,4,42,16,0,16,58
02/26/2007,DHN,AL,ASO,ES,Federal Contract Tower,8,8,32,27,75,0,2,49,20,71,8,10,81,47,146,84,10,94,240
02/27/2007,DHN,AL,ASO,ES,Federal Contract Tower,9,9,29,22,69,1,1,49,30,81,10,10,78,52,150,82,64,146,296
02/28/2007,DHN,AL,ASO,ES,Federal Contract Tower,9,8,35,20,72,0,2,45,31,78,9,10,80,51,150,72,134,206,356
03/01/2007,DHN,AL,ASO,ES,Federal Contract Tower,10,8,13,12,43,0,0,1,19,20,10,8,14,31,63,36,66,102,165
03/02/2007,DHN,AL,ASO,ES,Federal Contract Tower,14,9,40,52,115,0,1,48,62,111,14,10,88,114,226,78,108,186,412
03/03/2007,DHN,AL,ASO,ES,Federal Contract Tower,6,1,21,8,36,0,0,14,8,22,6,1,35,16,58,24,0,24,82
03/04/2007,DHN,AL,ASO,ES,Federal Contract Tower,8,0,16,0,24,0,1,31,8,40,8,1,47,8,64,28,0,28,92
03/05/2007,DHN,AL,ASO,ES,Federal Contract Tower,9,5,29,49,92,0,3,56,80,139,9,8,85,129,231,58,150,208,439
03/06/2007,DHN,AL,ASO,ES,Federal Contract Tower,15,6,42,47,110,0,2,45,58,105,15,8,87,105,215,96,134,230,445
03/07/2007,DHN,AL,ASO,ES,Federal Contract Tower,9,8,41,38,96,0,1,40,46,87,9,9,81,84,183,38,114,152,335
03/08/2007,DHN,AL,ASO,ES,Federal Contract Tower,9,6,38,44,97,0,2,57,67,126,9,8,95,111,223,74,150,224,447
03/09/2007,DHN,AL,ASO,ES,Federal Contract Tower,7,6,29,47,89,0,2,40,56,98,7,8,69,103,187,84,158,242,429
03/10/2007,DHN,AL,ASO,ES,Federal Contract Tower,5,1,6,0,12,0,0,34,0,34,5,1,40,0,46,28,0,28,74
03/11/2007,DHN,AL,ASO,ES,Federal Contract Tower,8,3,14,3,28,0,0,20,4,24,8,3,34,7,52,62,0,62,114
03/12/2007,DHN,AL,ASO,ES,Federal Contract Tower,9,4,30,48,91,0,2,43,42,87,9,6,73,90,178,68,124,192,370
03/13/2007,DHN,AL,ASO,ES,Federal Contract Tower,9,7,26,34,76,0,2,44,57,103,9,9,70,91,179,92,102,194,373
03/14/2007,DHN,AL,ASO,ES,Federal Contract Tower,8,8,52,47,115,0,1,42,37,80,8,9,94,84,195,98,156,254,449
03/15/2007,DHN,AL,ASO,ES,Federal Contract Tower,7,8,42,52,109,0,0,15,24,39,7,8,57,76,148,28,40,68,216
03/16/2007,DHN,AL,ASO,ES,Federal Contract Tower,11,8,50,73,142,0,2,27,46,75,11,10,77,119,217,30,58,88,305
03/17/2007,DHN,AL,ASO,ES,Federal Contract Tower,4,1,19,0,24,0,0,34,0,34,4,1,53,0,58,20,0,20,78
03/18/2007,DHN,AL,ASO,ES,Federal Contract Tower,7,0,22,1,30,0,0,28,1,29,7,0,50,2,59,12,0,12,71
03/19/2007,DHN,AL,ASO,ES,Federal Contract Tower,8,5,31,42,86,0,2,42,59,103,8,7,73,101,189,88,102,190,379
03/20/2007,DHN,AL,ASO,ES,Federal Contract Tower,9,9,18,30,66,0,1,34,42,77,9,10,52,72,143,16,72,88,231
03/21/2007,DHN,AL,ASO,ES,Federal Contract Tower,8,9,21,30,68,0,1,37,20,58,8,10,58,50,126,76,76,152,278
03/22/2007,DHN,AL,ASO,ES,Federal Contract Tower,9,11,28,32,80,0,1,35,43,79,9,12,63,75,159,74,86,160,319
03/23/2007,DHN,AL,ASO,ES,Federal Contract Tower,7,10,31,22,70,0,1,36,38,75,7,11,67,60,145,50,138,188,333
03/24/2007,DHN,AL,ASO,ES,Federal Contract Tower,5,1,16,0,22,1,2,22,0,25,6,3,38,0,47,0,0,0,47
03/25/2007,DHN,AL,ASO,ES,Federal Contract Tower,8,0,18,4,30,0,0,26,2,28,8,0,44,6,58,18,2,20,78
03/26/2007,DHN,AL,ASO,ES,Federal Contract Tower,9,9,21,24,63,0,3,55,45,103,9,12,76,69,166,66,138,204,370
03/27/2007,DHN,AL,ASO,ES,Federal Contract Tower,9,10,35,24,78,0,0,24,44,68,9,10,59,68,146,64,130,194,340
03/28/2007,DHN,AL,ASO,ES,Federal Contract Tower,11,8,41,36,96,0,1,39,34,74,11,9,80,70,170,126,88,214,384
03/29/2007,DHN,AL,ASO,ES,Federal Contract Tower,9,9,18,41,77,0,1,52,48,101,9,10,70,89,178,114,98,212,390
03/30/2007,DHN,AL,ASO,ES,Federal Contract Tower,9,9,41,59,118,0,1,27,49,77,9,10,68,108,195,88,118,206,401
03/31/2007,DHN,AL,ASO,ES,Federal Contract Tower,5,1,20,4,30,0,0,14,0,14,5,1,34,4,44,32,0,32,76
04/01/2007,DHN,AL,ASO,ES,Federal Contract Tower,5,0,9,0,14,0,0,1,0,1,5,0,10,0,15,0,0,0,15
04/02/2007,DHN,AL,ASO,ES,Federal Contract Tower,9,5,24,18,56,0,2,22,54,78,9,7,46,72,134,54,64,118,252
04/03/2007,DHN,AL,ASO,ES,Federal Contract Tower,7,12,47,49,115,0,0,37,40,77,7,12,84,89,192,74,44,118,310
04/04/2007,DHN,AL,ASO,ES,Federal Contract Tower,13,9,39,29,90,2,1,32,47,82,15,10,71,76,172,90,114,204,376
04/05/2007,DHN,AL,ASO,ES,Federal Contract Tower,8,8,25,60,101,0,2,40,51,93,8,10,65,111,194,72,110,182,376
04/06/2007,DHN,AL,ASO,ES,Federal Contract Tower,12,9,31,45,97,0,3,49,47,99,12,12,80,92,196,50,104,154,350
04/07/2007,DHN,AL,ASO,ES,Federal Contract Tower,6,3,10,0,19,0,2,24,0,26,6,5,34,0,45,12,0,12,57
04/08/2007,DHN,AL,ASO,ES,Federal Contract Tower,7,0,4,0,11,0,0,21,0,21,7,0,25,0,32,16,0,16,48
04/09/2007,DHN,AL,ASO,ES,Federal Contract Tower,13,11,36,25,85,0,2,52,78,132,13,13,88,103,217,98,162,260,477
04/10/2007,DHN,AL,ASO,ES,Federal Contract Tower,8,7,46,25,86,0,5,53,61,119,8,12,99,86,205,72,108,180,385
04/11/2007,DHN,AL,ASO,ES,Federal Contract Tower,8,9,46,58,121,0,0,9,29,38,8,9,55,87,159,22,42,64,223
04/12/2007,DHN,AL,ASO,ES,Federal Contract Tower,9,4,36,35,84,0,3,52,36,91,9,7,88,71,175,88,80,168,343
04/13/2007,DHN,AL,ASO,ES,Federal Contract Tower,9,7,31,26,73,0,1,34,32,67,9,8,65,58,140,32,68,100,240
04/14/2007,DHN,AL,ASO,ES,Federal Contract Tower,3,3,11,1,18,0,0,4,1,5,3,3,15,2,23,2,0,2,25
04/15/2007,DHN,AL,ASO,ES,Federal Contract Tower,7,0,13,8,28,0,0,4,3,7,7,0,17,11,35,0,4,4,39
04/16/2007,DHN,AL,ASO,ES,Federal Contract Tower,9,4,25,25,63,0,3,34,32,69,9,7,59,57,132,76,42,118,250
04/17/2007,DHN,AL,ASO,ES,Federal Contract Tower,9,7,28,42,86,0,3,48,42,93,9,10,76,84,179,102,136,238,417
04/18/2007,DHN,AL,ASO,ES,Federal Contract Tower,9,7,42,37,95,0,2,37,48,87,9,9,79,85,182,82,150,232,414
04/19/2007,DHN,AL,ASO,ES,Federal Contract Tower,9,7,24,43,83,0,2,52,68,122,9,9,76,111,205,46,142,188,393
04/20/2007,DHN,AL,ASO,ES,Federal Contract Tower,14,5,37,53,109,0,3,52,58,113,14,8,89,111,222,52,120,172,394
04/21/2007,DHN,AL,ASO,ES,Federal Contract Tower,7,3,10,0,20,0,0,29,0,29,7,3,39,0,49,0,0,0,49
04/22/2007,DHN,AL,ASO,ES,Federal Contract Tower,7,0,25,0,32,0,0,53,2,55,7,0,78,2,87,96,0,96,183
04/23/2007,DHN,AL,ASO,ES,Federal Contract Tower,9,4,27,44,84,1,4,39,67,111,10,8,66,111,195,36,134,170,365
04/24/2007,DHN,AL,ASO,ES,Federal Contract Tower,9,8,38,51,106,0,6,34,50,90,9,14,72,101,196,30,134,164,360
04/25/2007,DHN,AL,ASO,ES,Federal Contract Tower,13,8,27,46,94,0,0,25,65,90,13,8,52,111,184,42,146,188,372
04/26/2007,DHN,AL,ASO,ES,Federal Contract Tower,13,9,34,52,108,0,0,18,67,85,13,9,52,119,193,48,186,234,427
04/27/2007,DHN,AL,ASO,ES,Federal Contract Tower,11,5,49,65,130,0,3,54,74,131,11,8,103,139,261,52,152,204,465
04/28/2007,DHN,AL,ASO,ES,Federal Contract Tower,7,1,9,2,19,0,0,100,5,105,7,1,109,7,124,42,0,42,166
04/29/2007,DHN,AL,ASO,ES,Federal Contract Tower,8,0,26,7,41,0,0,39,0,39,8,0,65,7,80,24,0,24,104
04/30/2007,DHN,AL,ASO,ES,Federal Contract Tower,10,7,32,21,70,0,1,48,52,101,10,8,80,73,171,90,118,208,379
05/01/2007,DHN,AL,ASO,ES,Federal Contract Tower,10,7,32,35,84,0,1,62,49,112,10,8,94,84,196,120,106,226,422
05/02/2007,DHN,AL,ASO,ES,Federal Contract Tower,9,7,35,38,89,0,0,55,70,125,9,7,90,108,214,62,138,200,414
05/03/2007,DHN,AL,ASO,ES,Federal Contract Tower,9,10,39,51,109,0,2,52,75,129,9,12,91,126,238,104,198,302,540
05/04/2007,DHN,AL,ASO,ES,Federal Contract Tower,9,6,27,56,98,0,2,51,43,96,9,8,78,99,194,64,126,190,384
05/05/2007,DHN,AL,ASO,ES,Federal Contract Tower,5,1,14,5,25,0,0,22,0,22,5,1,36,5,47,14,0,14,61
05/06/2007,DHN,AL,ASO,ES,Federal Contract Tower,9,0,18,0,27,0,0,14,0,14,9,0,32,0,41,24,0,24,65
05/07/2007,DHN,AL,ASO,ES,Federal Contract Tower,8,8,22,29,67,0,1,31,43,75,8,9,53,72,142,26,182,208,350
05/08/2007,DHN,AL,ASO,ES,Federal Contract Tower,10,8,41,38,97,0,1,41,65,107,10,9,82,103,204,30,128,158,362
05/09/2007,DHN,AL,ASO,ES,Federal Contract Tower,10,11,23,39,83,0,2,17,43,62,10,13,40,82,145,14,68,82,227
05/10/2007,DHN,AL,ASO,ES,Federal Contract Tower,11,7,38,29,85,0,1,44,22,67,11,8,82,51,152,40,66,106,258
05/11/2007,DHN,AL,ASO,ES,Federal Contract Tower,12,8,30,29,79,3,3,38,25,69,15,11,68,54,148,76,10,86,234
05/12/2007,DHN,AL,ASO,ES,Federal Contract Tower,6,1,15,0,22,0,2,23,0,25,6,3,38,0,47,32,0,32,79
05/13/2007,DHN,AL,ASO,ES,Federal Contract Tower,13,0,14,3,30,0,0,13,3,16,13,0,27,6,46,16,0,16,62
05/14/2007,DHN,AL,ASO,ES,Federal Contract Tower,13,4,36,20,73,0,3,25,21,49,13,7,61,41,122,56,72,128,250
05/15/2007,DHN,AL,ASO,ES,Federal Contract Tower,11,8,54,31,104,0,1,24,30,55,11,9,78,61,159,52,118,170,329
05/16/2007,DHN,AL,ASO,ES,Federal Contract Tower,9,9,32,47,97,0,1,46,46,93,9,10,78,93,190,92,146,238,428
05/17/2007,DHN,AL,ASO,ES,Federal Contract Tower,9,7,39,62,117,0,1,58,53,112,9,8,97,115,229,82,144,226,455
05/18/2007,DHN,AL,ASO,ES,Federal Contract Tower,11,13,27,41,92,0,1,51,53,105,11,14,78,94,197,80,114,194,391
05/19/2007,DHN,AL,ASO,ES,Federal Contract Tower,5,1,15,0,21,0,0,35,6,41,5,1,50,6,62,18,0,18,80
05/20/2007,DHN,AL,ASO,ES,Federal Contract Tower,7,0,10,4,21,0,0,22,0,22,7,0,32,4,43,18,0,18,61
05/21/2007,DHN,AL,ASO,ES,Federal Contract Tower,15,4,29,22,70,1,2,52,61,116,16,6,81,83,186,44,118,162,348
05/22/2007,DHN,AL,ASO,ES,Federal Contract Tower,9,7,37,27,80,0,3,56,69,128,9,10,93,96,208,58,224,282,490
05/23/2007,DHN,AL,ASO,ES,Federal Contract Tower,8,8,41,42,99,0,2,28,43,73,8,10,69,85,172,34,142,176,348
05/24/2007,DHN,AL,ASO,ES,Federal Contract Tower,9,7,38,58,112,0,1,42,88,131,9,8,80,146,243,26,222,248,491
05/25/2007,DHN,AL,ASO,ES,Federal Contract Tower,9,7,45,58,119,0,1,29,45,75,9,8,74,103,194,16,100,116,310
05/26/2007,DHN,AL,ASO,ES,Federal Contract Tower,3,1,14,0,18,0,0,36,0,36,3,1,50,0,54,38,0,38,92
05/27/2007,DHN,AL,ASO,ES,Federal Contract Tower,3,0,10,0,13,0,0,15,0,15,3,0,25,0,28,16,0,16,44
05/28/2007,DHN,AL,ASO,ES,Federal Contract Tower,8,0,17,3,28,0,0,32,4,36,8,0,49,7,64,0,0,0,64
05/29/2007,DHN,AL,ASO,ES,Federal Contract Tower,8,8,41,13,70,0,1,23,11,35,8,9,64,24,105,8,2,10,115
05/30/2007,DHN,AL,ASO,ES,Federal Contract Tower,11,8,34,29,82,0,1,32,39,72,11,9,66,68,154,64,166,230,384
05/31/2007,DHN,AL,ASO,ES,Federal Contract Tower,9,8,41,33,91,0,2,33,56,91,9,10,74,89,182,46,108,154,336
06/01/2007,DHN,AL,ASO,ES,Federal Contract Tower,9,9,33,61,112,0,2,27,54,83,9,11,60,115,195,40,142,182,377
06/02/2007,DHN,AL,ASO,ES,Federal Contract Tower,4,1,10,2,17,0,0,14,0,14,4,1,24,2,31,8,0,8,39
06/03/2007,DHN,AL,ASO,ES,Federal Contract Tower,6,0,15,3,24,0,0,37,2,39,6,0,52,5,63,28,0,28,91
06/04/2007,DHN,AL,ASO,ES,Federal Contract Tower,9,6,34,69,118,0,1,33,42,76,9,7,67,111,194,40,102,142,336
06/05/2007,DHN,AL,ASO,ES,Federal Contract Tower,9,6,43,72,130,0,3,25,40,68,9,9,68,112,198,30,76,106,304
06/06/2007,DHN,AL,ASO,ES,Federal Contract Tower,13,6,34,41,94,0,2,30,25,57,13,8,64,66,151,24,78,102,253
06/07/2007,DHN,AL,ASO,ES,Federal Contract Tower,10,6,39,33,88,0,2,32,29,63,10,8,71,62,151,68,86,154,305
06/08/2007,DHN,AL,ASO,ES,Federal Contract Tower,7,10,26,28,71,0,0,39,33,72,7,10,65,61,143,46,46,92,235
06/09/2007,DHN,AL,ASO,ES,Federal Contract Tower,7,1,16,1,25,0,0,34,9,43,7,1,50,10,68,22,0,22,90
06/10/2007,DHN,AL,ASO,ES,Federal Contract Tower,13,0,19,0,32,0,0,24,4,28,13,0,43,4,60,18,0,18,78
06/11/2007,DHN,AL,ASO,ES,Federal Contract Tower,8,11,16,6,41,0,3,21,9,33,8,14,37,15,74,40,20,60,134
06/12/2007,DHN,AL,ASO,ES,Federal Contract Tower,7,11,45,46,109,0,1,27,55,83,7,12,72,101,192,48,134,182,374
06/13/2007,DHN,AL,ASO,ES,Federal Contract Tower,8,8,42,37,95,0,1,42,49,92,8,9,84,86,187,76,62,138,325
06/14/2007,DHN,AL,ASO,ES,Federal Contract Tower,11,8,36,16,71,0,2,48,37,87,11,10,84,53,158,58,104,162,320
06/15/2007,DHN,AL,ASO,ES,Federal Contract Tower,9,9,28,20,66,0,3,35,33,71,9,12,63,53,137,70,102,172,309
06/16/2007,DHN,AL,ASO,ES,Federal Contract Tower,7,1,6,3,17,0,0,13,3,16,7,1,19,6,33,24,0,24,57
06/17/2007,DHN,AL,ASO,ES,Federal Contract Tower,7,0,5,0,12,0,0,12,0,12,7,0,17,0,24,40,0,40,64
06/18/2007,DHN,AL,ASO,ES,Federal Contract Tower,10,8,20,32,70,1,1,54,44,100,11,9,74,76,170,72,82,154,324
06/19/2007,DHN,AL,ASO,ES,Federal Contract Tower,8,6,38,54,106,0,0,12,30,42,8,6,50,84,148,32,46,78,226
06/20/2007,DHN,AL,ASO,ES,Federal Contract Tower,8,6,60,58,132,0,3,53,73,129,8,9,113,131,261,66,80,146,407
06/21/2007,DHN,AL,ASO,ES,Federal Contract Tower,9,7,39,24,79,0,1,59,42,102,9,8,98,66,181,64,114,178,359
06/22/2007,DHN,AL,ASO,ES,Federal Contract Tower,9,6,38,32,85,0,2,67,44,113,9,8,105,76,198,72,142,214,412
06/23/2007,DHN,AL,ASO,ES,Federal Contract Tower,5,1,9,0,15,0,0,47,0,47,5,1,56,0,62,62,0,62,124
06/24/2007,DHN,AL,ASO,ES,Federal Contract Tower,7,0,17,2,26,0,0,16,0,16,7,0,33,2,42,58,0,58,100
06/25/2007,DHN,AL,ASO,ES,Federal Contract Tower,8,5,42,50,105,0,3,43,70,116,8,8,85,120,221,44,174,218,439
06/26/2007,DHN,AL,ASO,ES,Federal Contract Tower,9,9,35,17,70,0,0,54,43,97,9,9,89,60,167,84,130,214,381
06/27/2007,DHN,AL,ASO,ES,Federal Contract Tower,9,7,37,26,79,0,1,45,52,98,9,8,82,78,177,60,80,140,317
06/28/2007,DHN,AL,ASO,ES,Federal Contract Tower,9,8,31,28,76,0,2,59,64,125,9,10,90,92,201,56,116,172,373
06/29/2007,DHN,AL,ASO,ES,Federal Contract Tower,7,7,52,26,92,0,1,39,31,71,7,8,91,57,163,60,52,112,275
06/30/2007,DHN,AL,ASO,ES,Federal Contract Tower,5,1,15,2,23,0,0,25,2,27,5,1,40,4,50,14,0,14,64
07/01/2007,DHN,AL,ASO,ES,Federal Contract Tower,9,2,7,1,19,0,0,9,2,11,9,2,16,3,30,0,0,0,30
07/02/2007,DHN,AL,ASO,ES,Federal Contract Tower,7,7,47,60,121,0,0,17,24,41,7,7,64,84,162,44,10,54,216
07/03/2007,DHN,AL,ASO,ES,Federal Contract Tower,8,5,29,41,83,1,0,16,34,51,9,5,45,75,134,16,30,46,180
07/04/2007,DHN,AL,ASO,ES,Federal Contract Tower,8,0,9,0,17,0,0,15,0,15,8,0,24,0,32,14,0,14,46
07/05/2007,DHN,AL,ASO,ES,Federal Contract Tower,10,6,23,3,42,0,1,34,2,37,10,7,57,5,79,30,0,30,109
07/06/2007,DHN,AL,ASO,ES,Federal Contract Tower,11,5,33,51,100,0,2,33,48,83,11,7,66,99,183,66,130,196,379
07/07/2007,DHN,AL,ASO,ES,Federal Contract Tower,6,1,11,2,20,0,0,20,1,21,6,1,31,3,41,40,0,40,81
07/08/2007,DHN,AL,ASO,ES,Federal Contract Tower,8,2,11,7,28,0,0,22,1,23,8,2,33,8,51,12,4,16,67
07/09/2007,DHN,AL,ASO,ES,Federal Contract Tower,6,3,21,57,87,0,2,31,51,84,6,5,52,108,171,58,72,130,301
07/10/2007,DHN,AL,ASO,ES,Federal Contract Tower,6,4,41,84,135,0,1,28,36,65,6,5,69,120,200,36,174,210,410
07/11/2007,DHN,AL,ASO,ES,Federal Contract Tower,6,6,35,63,110,0,2,25,66,93,6,8,60,129,203,44,178,222,425
07/12/2007,DHN,AL,ASO,ES,Federal Contract Tower,9,5,29,60,103,0,1,49,82,132,9,6,78,142,235,48,204,252,487
07/13/2007,DHN,AL,ASO,ES,Federal Contract Tower,9,11,27,61,108,0,1,39,60,100,9,12,66,121,208,58,144,202,410
07/14/2007,DHN,AL,ASO,ES,Federal Contract Tower,6,1,4,3,14,0,0,20,2,22,6,1,24,5,36,42,0,42,78
07/15/2007,DHN,AL,ASO,ES,Federal Contract Tower,7,0,13,0,20,0,0,18,1,19,7,0,31,1,39,18,0,18,57
07/16/2007,DHN,AL,ASO,ES,Federal Contract Tower,9,4,41,63,117,0,1,36,66,103,9,5,77,129,220,44,168,212,432
07/17/2007,DHN,AL,ASO,ES,Federal Contract Tower,9,7,61,97,174,0,2,33,42,77,9,9,94,139,251,32,124,156,407
07/18/2007,DHN,AL,ASO,ES,Federal Contract Tower,9,4,48,52,113,0,2,39,56,97,9,6,87,108,210,44,166,210,420
07/19/2007,DHN,AL,ASO,ES,Federal Contract Tower,8,5,42,70,125,0,3,44,84,131,8,8,86,154,256,60,142,202,458
07/20/2007,DHN,AL,ASO,ES,Federal Contract Tower,10,5,37,43,95,0,1,32,54,87,10,6,69,97,182,70,90,160,342
07/21/2007,DHN,AL,ASO,ES,Federal Contract Tower,6,1,16,5,28,0,0,12,7,19,6,1,28,12,47,14,2,16,63
07/22/2007,DHN,AL,ASO,ES,Federal Contract Tower,7,2,20,3,32,0,2,22,17,41,7,4,42,20,73,2,4,6,79
07/23/2007,DHN,AL,ASO,ES,Federal Contract Tower,7,4,34,45,90,0,0,0,0,0,7,4,34,45,90,26,102,128,218
07/24/2007,DHN,AL,ASO,ES,Federal Contract Tower,9,5,41,38,93,0,3,36,52,91,9,8,77,90,184,100,130,230,414
07/25/2007,DHN,AL,ASO,ES,Federal Contract Tower,8,6,51,45,110,0,2,30,50,82,8,8,81,95,192,86,116,202,394
07/26/2007,DHN,AL,ASO,ES,Federal Contract Tower,9,4,39,35,87,0,2,38,38,78,9,6,77,73,165,42,80,122,287
07/27/2007,DHN,AL,ASO,ES,Federal Contract Tower,8,4,26,22,60,0,2,58,30,90,8,6,84,52,150,76,54,130,280
07/28/2007,DHN,AL,ASO,ES,Federal Contract Tower,6,1,17,0,24,0,0,24,2,26,6,1,41,2,50,8,0,8,58
07/29/2007,DHN,AL,ASO,ES,Federal Contract Tower,10,0,13,2,25,0,0,21,1,22,10,0,34,3,47,8,0,8,55
07/30/2007,DHN,AL,ASO,ES,Federal Contract Tower,8,6,30,71,115,1,1,53,41,96,9,7,83,112,211,66,30,96,307
07/31/2007,DHN,AL,ASO,ES,Federal Contract Tower,11,6,35,61,113,1,0,30,25,56,12,6,65,86,169,70,14,84,253
08/01/2007,DHN,AL,ASO,ES,Federal Contract Tower,10,8,32,31,81,0,2,50,60,112,10,10,82,91,193,86,118,204,397
08/02/2007,DHN,AL,ASO,ES,Federal Contract Tower,9,5,41,22,77,0,1,38,34,73,9,6,79,56,150,70,60,130,280
08/03/2007,DHN,AL,ASO,ES,Federal Contract Tower,9,6,36,40,91,0,2,29,28,59,9,8,65,68,150,40,84,124,274
08/04/2007,DHN,AL,ASO,ES,Federal Contract Tower,6,1,5,0,12,0,0,25,0,25,6,1,30,0,37,26,0,26,63
08/05/2007,DHN,AL,ASO,ES,Federal Contract Tower,4,0,10,0,14,0,0,35,2,37,4,0,45,2,51,10,0,10,61
08/06/2007,DHN,AL,ASO,ES,Federal Contract Tower,7,3,35,28,73,0,2,50,44,96,7,5,85,72,169,48,98,146,315
08/07/2007,DHN,AL,ASO,ES,Federal Contract Tower,8,5,33,36,82,0,2,28,38,68,8,7,61,74,150,52,126,178,328
08/08/2007,DHN,AL,ASO,ES,Federal Contract Tower,10,7,48,37,102,0,1,82,64,147,10,8,130,101,249,48,144,192,441
08/09/2007,DHN,AL,ASO,ES,Federal Contract Tower,9,4,36,39,88,0,3,69,54,126,9,7,105,93,214,40,98,138,352
08/10/2007,DHN,AL,ASO,ES,Federal Contract Tower,9,4,41,46,100,0,2,28,58,88,9,6,69,104,188,38,148,186,374
08/11/2007,DHN,AL,ASO,ES,Federal Contract Tower,8,1,13,4,26,0,0,15,0,15,8,1,28,4,41,12,0,12,53
08/12/2007,DHN,AL,ASO,ES,Federal Contract Tower,6,0,18,0,24,0,0,13,0,13,6,0,31,0,37,20,0,20,57
08/13/2007,DHN,AL,ASO,ES,Federal Contract Tower,9,3,35,50,97,0,2,41,69,112,9,5,76,119,209,40,168,208,417
08/14/2007,DHN,AL,ASO,ES,Federal Contract Tower,10,7,39,51,107,0,2,39,60,101,10,9,78,111,208,34,116,150,358
08/15/2007,DHN,AL,ASO,ES,Federal Contract Tower,9,5,39,42,95,0,1,45,42,88,9,6,84,84,183,62,80,142,325
08/16/2007,DHN,AL,ASO,ES,Federal Contract Tower,9,7,48,31,95,0,1,32,39,72,9,8,80,70,167,24,84,108,275
08/17/2007,DHN,AL,ASO,ES,Federal Contract Tower,10,6,34,49,99,0,2,69,55,126,10,8,103,104,225,64,116,180,405
08/18/2007,DHN,AL,ASO,ES,Federal Contract Tower,7,3,0,10,20,0,0,0,7,7,7,3,0,17,27,30,9,39,66
08/19/2007,DHN,AL,ASO,ES,Federal Contract Tower,7,0,20,1,28,0,0,26,3,29,7,0,46,4,57,10,0,10,67
08/20/2007,DHN,AL,ASO,ES,Federal Contract Tower,9,4,27,21,61,0,4,32,59,95,9,8,59,80,156,34,88,122,278
08/21/2007,DHN,AL,ASO,ES,Federal Contract Tower,9,6,28,31,74,0,6,23,72,101,9,12,51,103,175,8,86,94,269
08/22/2007,DHN,AL,ASO,ES,Federal Contract Tower,9,3,41,25,78,0,3,62,17,82,9,6,103,42,160,46,14,60,220
08/23/2007,DHN,AL,ASO,ES,Federal Contract Tower,10,5,29,14,58,0,0,67,19,86,10,5,96,33,144,36,36,72,216
08/24/2007,DHN,AL,ASO,ES,Federal Contract Tower,6,5,32,4,47,0,2,35,13,50,6,7,67,17,97,86,36,122,219
08/25/2007,DHN,AL,ASO,ES,Federal Contract Tower,7,3,4,0,14,0,0,17,0,17,7,3,21,0,31,12,0,12,43
08/26/2007,DHN,AL,ASO,ES,Federal Contract Tower,2,0,11,0,13,0,0,18,0,18,2,0,29,0,31,14,0,14,45
08/27/2007,DHN,AL,ASO,ES,Federal Contract Tower,8,2,27,50,87,0,3,28,62,93,8,5,55,112,180,56,96,152,332
08/28/2007,DHN,AL,ASO,ES,Federal Contract Tower,9,9,44,66,128,0,2,12,46,60,9,11,56,112,188,22,96,118,306
08/29/2007,DHN,AL,ASO,ES,Federal Contract Tower,8,9,35,79,131,0,3,37,82,122,8,12,72,161,253,44,178,222,475
08/30/2007,DHN,AL,ASO,ES,Federal Contract Tower,8,12,40,51,111,0,5,50,58,113,8,17,90,109,224,56,90,146,370
08/31/2007,DHN,AL,ASO,ES,Federal Contract Tower,10,7,47,46,110,0,1,11,30,42,10,8,58,76,152,40,52,92,244
09/01/2007,DHN,AL,ASO,ES,Federal Contract Tower,5,1,15,0,21,0,0,21,0,21,5,1,36,0,42,34,0,34,76
09/02/2007,DHN,AL,ASO,ES,Federal Contract Tower,5,0,8,0,13,0,0,7,0,7,5,0,15,0,20,0,0,0,20
09/03/2007,DHN,AL,ASO,ES,Federal Contract Tower,8,1,17,2,28,0,0,25,2,27,8,1,42,4,55,2,0,2,57
09/04/2007,DHN,AL,ASO,ES,Federal Contract Tower,9,6,44,12,71,0,3,42,21,66,9,9,86,33,137,86,50,136,273
09/05/2007,DHN,AL,ASO,ES,Federal Contract Tower,9,4,36,37,86,1,2,21,60,84,10,6,57,97,170,58,122,180,350
09/06/2007,DHN,AL,ASO,ES,Federal Contract Tower,9,4,35,27,75,0,6,61,32,99,9,10,96,59,174,44,134,178,352
09/07/2007,DHN,AL,ASO,ES,Federal Contract Tower,9,4,27,27,67,2,4,38,47,91,11,8,65,74,158,76,142,218,376
09/08/2007,DHN,AL,ASO,ES,Federal Contract Tower,6,1,10,2,19,0,0,21,2,23,6,1,31,4,42,24,0,24,66
09/09/2007,DHN,AL,ASO,ES,Federal Contract Tower,6,0,17,6,29,0,0,32,9,41,6,0,49,15,70,10,8,18,88
09/10/2007,DHN,AL,ASO,ES,Federal Contract Tower,6,4,34,37,81,0,2,50,57,109,6,6,84,94,190,68,128,196,386
09/11/2007,DHN,AL,ASO,ES,Federal Contract Tower,10,5,34,29,78,0,3,40,47,90,10,8,74,76,168,22,96,118,286
09/12/2007,DHN,AL,ASO,ES,Federal Contract Tower,8,9,46,25,88,0,2,29,43,74,8,11,75,68,162,42,96,138,300
09/13/2007,DHN,AL,ASO,ES,Federal Contract Tower,11,7,42,39,99,0,2,46,51,99,11,9,88,90,198,88,134,222,420
09/14/2007,DHN,AL,ASO,ES,Federal Contract Tower,9,8,38,55,110,0,2,18,34,54,9,10,56,89,164,22,130,152,316
09/15/2007,DHN,AL,ASO,ES,Federal Contract Tower,8,1,11,0,20,0,0,20,2,22,8,1,31,2,42,24,0,24,66
09/16/2007,DHN,AL,ASO,ES,Federal Contract Tower,8,0,19,2,29,0,0,49,0,49,8,0,68,2,78,8,0,8,86
09/17/2007,DHN,AL,ASO,ES,Federal Contract Tower,8,3,38,46,95,0,2,44,56,102,8,5,82,102,197,76,132,208,405
09/18/2007,DHN,AL,ASO,ES,Federal Contract Tower,12,6,32,43,93,0,2,34,35,71,12,8,66,78,164,48,148,196,360
09/19/2007,DHN,AL,ASO,ES,Federal Contract Tower,9,6,44,62,121,0,0,59,38,97,9,6,103,100,218,64,74,138,356
09/20/2007,DHN,AL,ASO,ES,Federal Contract Tower,8,5,57,47,117,0,1,24,51,76,8,6,81,98,193,36,78,114,307
09/21/2007,DHN,AL,ASO,ES,Federal Contract Tower,9,8,40,49,106,3,4,3,14,24,12,12,43,63,130,20,32,52,182
09/22/2007,DHN,AL,ASO,ES,Federal Contract Tower,8,1,12,0,21,0,0,15,0,15,8,1,27,0,36,16,4,20,56
09/23/2007,DHN,AL,ASO,ES,Federal Contract Tower,7,2,15,0,24,0,0,24,0,24,7,2,39,0,48,16,0,16,64
09/24/2007,DHN,AL,ASO,ES,Federal Contract Tower,10,3,22,41,76,0,2,41,38,81,10,5,63,79,157,64,97,161,318
09/25/2007,DHN,AL,ASO,ES,Federal Contract Tower,9,6,36,52,103,0,2,68,45,115,9,8,104,97,218,76,80,156,374
09/26/2007,DHN,AL,ASO,ES,Federal Contract Tower,8,7,55,33,103,0,2,2,80,84,8,9,57,113,187,30,122,152,339
09/27/2007,DHN,AL,ASO,ES,Federal Contract Tower,9,6,42,54,111,0,1,47,57,105,9,7,89,111,216,100,184,284,500
09/28/2007,DHN,AL,ASO,ES,Federal Contract Tower,9,4,38,49,100,0,2,43,62,107,9,6,81,111,207,72,184,256,463
09/29/2007,DHN,AL,ASO,ES,Federal Contract Tower,6,1,15,0,22,0,0,17,0,17,6,1,32,0,39,28,0,28,67
09/30/2007,DHN,AL,ASO,ES,Federal Contract Tower,6,0,16,2,24,0,0,32,2,34,6,0,48,4,58,6,0,6,64
10/01/2007,DHN,AL,ASO,ES,Federal Contract Tower,8,5,27,31,71,0,1,40,74,115,8,6,67,105,186,36,174,210,396
10/02/2007,DHN,AL,ASO,ES,Federal Contract Tower,10,4,23,44,81,1,2,20,45,68,11,6,43,89,149,10,68,78,227
10/03/2007,DHN,AL,ASO,ES,Federal Contract Tower,10,4,59,57,130,0,2,8,40,50,10,6,67,97,180,12,62,74,254
10/04/2007,DHN,AL,ASO,ES,Federal Contract Tower,7,5,42,25,79,0,1,15,30,46,7,6,57,55,125,30,56,86,211
10/05/2007,DHN,AL,ASO,ES,Federal Contract Tower,10,4,45,46,105,0,2,21,36,59,10,6,66,82,164,22,68,90,254
10/06/2007,DHN,AL,ASO,ES,Federal Contract Tower,6,1,23,0,30,0,0,16,0,16,6,1,39,0,46,10,0,10,56
10/07/2007,DHN,AL,ASO,ES,Federal Contract Tower,6,0,23,0,29,0,0,17,0,17,6,0,40,0,46,0,0,0,46
10/08/2007,DHN,AL,ASO,ES,Federal Contract Tower,7,3,28,0,38,0,2,24,0,26,7,5,52,0,64,22,0,22,86
10/09/2007,DHN,AL,ASO,ES,Federal Contract Tower,9,6,39,46,100,0,0,22,12,34,9,6,61,58,134,24,20,44,178
10/10/2007,DHN,AL,ASO,ES,Federal Contract Tower,8,7,48,89,152,0,4,34,30,68,8,11,82,119,220,58,110,168,388
10/11/2007,DHN,AL,ASO,ES,Federal Contract Tower,7,9,53,87,156,0,1,52,37,90,7,10,105,124,246,68,116,184,430
10/12/2007,DHN,AL,ASO,ES,Federal Contract Tower,8,5,69,80,162,0,1,43,27,71,8,6,112,107,233,74,84,158,391
10/13/2007,DHN,AL,ASO,ES,Federal Contract Tower,9,1,28,4,42,1,0,32,0,33,10,1,60,4,75,26,0,26,101
10/14/2007,DHN,AL,ASO,ES,Federal Contract Tower,6,2,24,0,32,0,0,29,0,29,6,2,53,0,61,14,0,14,75
10/15/2007,DHN,AL,ASO,ES,Federal Contract Tower,8,5,35,42,90,0,2,66,27,95,8,7,101,69,185,76,78,154,339
10/16/2007,DHN,AL,ASO,ES,Federal Contract Tower,6,5,16,33,60,0,2,24,35,61,6,7,40,68,121,62,118,180,301
10/17/2007,DHN,AL,ASO,ES,Federal Contract Tower,8,5,43,44,100,0,1,42,17,60,8,6,85,61,160,74,46,120,280
10/18/2007,DHN,AL,ASO,ES,Federal Contract Tower,7,5,28,47,87,0,0,2,1,3,7,5,30,48,90,6,0,6,96
10/19/2007,DHN,AL,ASO,ES,Federal Contract Tower,7,10,48,67,132,0,1,3,5,9,7,11,51,72,141,14,12,26,167
10/20/2007,DHN,AL,ASO,ES,Federal Contract Tower,6,1,30,0,37,0,0,29,0,29,6,1,59,0,66,22,0,22,88
10/21/2007,DHN,AL,ASO,ES,Federal Contract Tower,5,0,25,4,34,0,0,32,0,32,5,0,57,4,66,28,0,28,94
10/22/2007,DHN,AL,ASO,ES,Federal Contract Tower,7,5,27,53,92,0,0,0,0,0,7,5,27,53,92,2,0,2,94
10/23/2007,DHN,AL,ASO,ES,Federal Contract Tower,7,6,32,104,149,0,0,4,11,15,7,6,36,115,164,8,70,78,242
10/24/2007,DHN,AL,ASO,ES,Federal Contract Tower,7,4,32,135,178,0,2,10,15,27,7,6,42,150,205,10,102,112,317
10/25/2007,DHN,AL,ASO,ES,Federal Contract Tower,7,6,54,105,172,0,2,41,41,84,7,8,95,146,256,44,244,288,544
10/26/2007,DHN,AL,ASO,ES,Federal Contract Tower,7,4,40,88,139,0,4,29,28,61,7,8,69,116,200,94,108,202,402
10/27/2007,DHN,AL,ASO,ES,Federal Contract Tower,6,3,27,4,40,0,0,35,0,35,6,3,62,4,75,40,2,42,117
10/28/2007,DHN,AL,ASO,ES,Federal Contract Tower,9,0,33,0,42,1,0,20,0,21,10,0,53,0,63,2,0,2,65
10/29/2007,DHN,AL,ASO,ES,Federal Contract Tower,8,5,31,54,98,0,2,35,39,76,8,7,66,93,174,22,140,162,336
10/30/2007,DHN,AL,ASO,ES,Federal Contract Tower,9,6,23,58,96,0,2,51,13,66,9,8,74,71,162,68,120,188,350
10/31/2007,DHN,AL,ASO,ES,Federal Contract Tower,6,4,34,45,89,0,2,44,49,95,6,6,78,94,184,86,152,238,422
11/01/2007,DHN,AL,ASO,ES,Federal Contract Tower,8,4,38,80,130,0,1,51,47,99,8,5,89,127,229,46,194,240,469
11/02/2007,DHN,AL,ASO,ES,Federal Contract Tower,11,4,53,73,141,0,2,32,37,71,11,6,85,110,212,50,160,210,422
11/03/2007,DHN,AL,ASO,ES,Federal Contract Tower,6,1,14,0,21,0,2,27,0,29,6,3,41,0,50,26,0,26,76
11/04/2007,DHN,AL,ASO,ES,Federal Contract Tower,4,0,21,5,30,0,0,76,3,79,4,0,97,8,109,18,0,18,127
11/05/2007,DHN,AL,ASO,ES,Federal Contract Tower,10,3,43,75,131,0,2,30,38,70,10,5,73,113,201,54,136,190,391
11/06/2007,DHN,AL,ASO,ES,Federal Contract Tower,8,4,42,101,155,0,1,24,17,42,8,5,66,118,197,38,22,60,257
11/07/2007,DHN,AL,ASO,ES,Federal Contract Tower,9,4,44,113,170,0,2,27,33,62,9,6,71,146,232,28,124,152,384
11/08/2007,DHN,AL,ASO,ES,Federal Contract Tower,9,8,34,122,173,0,2,38,24,64,9,10,72,146,237,22,130,152,389
11/09/2007,DHN,AL,ASO,ES,Federal Contract Tower,9,4,30,51,94,0,2,45,5,52,9,6,75,56,146,58,26,84,230
11/10/2007,DHN,AL,ASO,ES,Federal Contract Tower,6,1,17,0,24,0,0,24,0,24,6,1,41,0,48,8,0,8,56
11/11/2007,DHN,AL,ASO,ES,Federal Contract Tower,5,0,23,3,31,0,0,20,1,21,5,0,43,4,52,14,8,22,74
11/12/2007,DHN,AL,ASO,ES,Federal Contract Tower,9,3,29,5,46,0,0,51,0,51,9,3,80,5,97,48,0,48,145
11/13/2007,DHN,AL,ASO,ES,Federal Contract Tower,10,7,39,45,101,0,0,41,27,68,10,7,80,72,169,62,66,128,297
11/14/2007,DHN,AL,ASO,ES,Federal Contract Tower,9,6,52,64,131,0,1,50,31,82,9,7,102,95,213,54,60,114,327
11/15/2007,DHN,AL,ASO,ES,Federal Contract Tower,9,5,57,79,150,0,2,25,18,45,9,7,82,97,195,56,74,130,325
11/16/2007,DHN,AL,ASO,ES,Federal Contract Tower,9,5,62,91,167,0,1,74,40,115,9,6,136,131,282,102,130,232,514
11/17/2007,DHN,AL,ASO,ES,Federal Contract Tower,6,1,24,3,34,0,0,25,0,25,6,1,49,3,59,40,0,40,99
11/18/2007,DHN,AL,ASO,ES,Federal Contract Tower,5,9,23,0,37,0,0,14,0,14,5,9,37,0,51,6,0,6,57
11/19/2007,DHN,AL,ASO,ES,Federal Contract Tower,9,5,38,42,94,0,1,32,22,55,9,6,70,64,149,54,152,206,355
11/20/2007,DHN,AL,ASO,ES,Federal Contract Tower,8,8,41,44,101,0,3,36,32,71,8,11,77,76,172,40,146,186,358
11/21/2007,DHN,AL,ASO,ES,Federal Contract Tower,9,5,46,100,160,0,1,22,17,40,9,6,68,117,200,36,78,114,314
11/22/2007,DHN,AL,ASO,ES,Federal Contract Tower,4,0,7,0,11,0,0,0,0,0,4,0,7,0,11,0,0,0,11
11/23/2007,DHN,AL,ASO,ES,Federal Contract Tower,5,4,6,0,15,0,1,17,0,18,5,5,23,0,33,10,0,10,43
11/24/2007,DHN,AL,ASO,ES,Federal Contract Tower,5,1,26,7,39,0,4,12,0,16,5,5,38,7,55,10,10,20,75
11/25/2007,DHN,AL,ASO,ES,Federal Contract Tower,6,1,12,3,22,0,0,0,0,0,6,1,12,3,22,0,0,0,22
11/26/2007,DHN,AL,ASO,ES,Federal Contract Tower,13,5,25,23,66,0,2,7,27,36,13,7,32,50,102,18,94,112,214
11/27/2007,DHN,AL,ASO,ES,Federal Contract Tower,11,10,46,85,152,0,2,38,29,69,11,12,84,114,221,48,122,170,391
11/28/2007,DHN,AL,ASO,ES,Federal Contract Tower,9,6,68,53,136,0,1,44,39,84,9,7,112,92,220,36,118,154,374
11/29/2007,DHN,AL,ASO,ES,Federal Contract Tower,10,8,64,50,132,0,1,47,38,86,10,9,111,88,218,84,158,242,460
11/30/2007,DHN,AL,ASO,ES,Federal Contract Tower,9,5,49,92,155,0,1,46,36,83,9,6,95,128,238,72,114,186,424
12/01/2007,DHN,AL,ASO,ES,Federal Contract Tower,0,0,39,0,39,0,0,6,0,6,0,0,45,0,45,34,0,34,79
12/02/2007,DHN,AL,ASO,ES,Federal Contract Tower,0,0,15,0,15,0,0,0,0,0,0,0,15,0,15,30,0,30,45
12/03/2007,DHN,AL,ASO,ES,Federal Contract Tower,9,3,47,107,166,0,1,27,20,48,9,4,74,127,214,34,141,175,389
12/04/2007,DHN,AL,ASO,ES,Federal Contract Tower,7,3,59,43,112,0,2,44,57,103,7,5,103,100,215,48,160,208,423
12/05/2007,DHN,AL,ASO,ES,Federal Contract Tower,6,5,33,43,87,0,2,41,51,94,6,7,74,94,181,26,118,144,325
12/06/2007,DHN,AL,ASO,ES,Federal Contract Tower,9,5,37,47,98,0,1,45,58,104,9,6,82,105,202,58,62,120,322
12/07/2007,DHN,AL,ASO,ES,Federal Contract Tower,9,6,28,51,94,0,3,41,45,89,9,9,69,96,183,56,2,58,241
12/08/2007,DHN,AL,ASO,ES,Federal Contract Tower,6,1,16,2,25,0,0,24,2,26,6,1,40,4,51,50,0,50,101
12/09/2007,DHN,AL,ASO,ES,Federal Contract Tower,6,0,29,0,35,0,0,41,0,41,6,0,70,0,76,46,0,46,122
12/10/2007,DHN,AL,ASO,ES,Federal Contract Tower,10,3,19,2,34,0,2,27,2,31,10,5,46,4,65,30,0,30,95
12/11/2007,DHN,AL,ASO,ES,Federal Contract Tower,11,3,39,35,88,0,3,53,28,84,11,6,92,63,172,43,59,102,274
12/12/2007,DHN,AL,ASO,ES,Federal Contract Tower,7,5,39,24,75,0,1,48,40,89,7,6,87,64,164,30,58,88,252
12/13/2007,DHN,AL,ASO,ES,Federal Contract Tower,10,8,53,61,132,0,0,25,46,71,10,8,78,107,203,24,130,154,357
12/14/2007,DHN,AL,ASO,ES,Federal Contract Tower,10,4,45,59,118,1,2,28,26,57,11,6,73,85,175,21,34,55,230
12/15/2007,DHN,AL,ASO,ES,Federal Contract Tower,6,1,37,0,44,0,0,12,0,12,6,1,49,0,56,2,0,2,58
12/16/2007,DHN,AL,ASO,ES,Federal Contract Tower,5,0,11,5,21,0,0,8,2,10,5,0,19,7,31,6,6,12,43
12/17/2007,DHN,AL,ASO,ES,Federal Contract Tower,9,5,24,31,69,0,0,71,38,109,9,5,95,69,178,86,126,212,390
12/18/2007,DHN,AL,ASO,ES,Federal Contract Tower,13,11,45,22,91,0,1,58,45,104,13,12,103,67,195,72,112,184,379
12/19/2007,DHN,AL,ASO,ES,Federal Contract Tower,12,7,40,18,77,0,0,49,42,91,12,7,89,60,168,69,104,173,341
12/20/2007,DHN,AL,ASO,ES,Federal Contract Tower,15,6,20,4,45,0,0,18,24,42,15,6,38,28,87,14,54,68,155
12/21/2007,DHN,AL,ASO,ES,Federal Contract Tower,8,5,18,8,39,0,1,8,11,20,8,6,26,19,59,0,16,16,75
12/22/2007,DHN,AL,ASO,ES,Federal Contract Tower,6,1,23,0,30,0,0,5,0,5,6,1,28,0,35,0,0,0,35
12/23/2007,DHN,AL,ASO,ES,Federal Contract Tower,6,2,10,0,18,2,0,11,0,13,8,2,21,0,31,0,0,0,31
12/24/2007,DHN,AL,ASO,ES,Federal Contract Tower,3,1,7,0,11,0,1,25,0,26,3,2,32,0,37,0,0,0,37
12/25/2007,DHN,AL,ASO,ES,Federal Contract Tower,4,0,1,0,5,0,0,0,0,0,4,0,1,0,5,0,0,0,5
12/26/2007,DHN,AL,ASO,ES,Federal Contract Tower,8,7,20,3,38,0,0,2,3,5,8,7,22,6,43,1,0,1,44
12/27/2007,DHN,AL,ASO,ES,Federal Contract Tower,9,8,22,1,40,0,2,7,0,9,9,10,29,1,49,0,0,0,49
12/28/2007,DHN,AL,ASO,ES,Federal Contract Tower,9,8,9,1,27,0,0,5,1,6,9,8,14,2,33,2,0,2,35
12/29/2007,DHN,AL,ASO,ES,Federal Contract Tower,5,4,11,2,22,0,0,0,0,0,5,4,11,2,22,0,0,0,22
12/30/2007,DHN,AL,ASO,ES,Federal Contract Tower,5,0,3,0,8,0,0,2,0,2,5,0,5,0,10,0,0,0,10
12/31/2007,DHN,AL,ASO,ES,Federal Contract Tower,3,3,19,0,25,0,2,35,0,37,3,5,54,0,62,46,0,46,108
01/01/2008,DHN,AL,ASO,ES,Federal Contract Tower,3,0,10,0,13,0,0,8,0,8,3,0,18,0,21,0,0,0,21
01/02/2008,DHN,AL,ASO,ES,Federal Contract Tower,8,5,15,5,33,0,1,7,3,11,8,6,22,8,44,0,4,4,48
01/03/2008,DHN,AL,ASO,ES,Federal Contract Tower,8,6,23,23,60,0,2,35,30,67,8,8,58,53,127,42,30,72,199
01/04/2008,DHN,AL,ASO,ES,Federal Contract Tower,9,6,34,38,87,0,4,50,57,111,9,10,84,95,198,60,146,206,404
01/05/2008,DHN,AL,ASO,ES,Federal Contract Tower,5,1,11,2,19,0,0,57,0,57,5,1,68,2,76,32,0,32,108
01/06/2008,DHN,AL,ASO,ES,Federal Contract Tower,6,0,17,2,25,0,0,32,0,32,6,0,49,2,57,46,0,46,103
01/07/2008,DHN,AL,ASO,ES,Federal Contract Tower,6,4,29,38,77,0,1,53,53,107,6,5,82,91,184,82,68,150,334
01/08/2008,DHN,AL,ASO,ES,Federal Contract Tower,5,8,23,33,69,0,2,6,31,39,5,10,29,64,108,14,82,96,204
01/09/2008,DHN,AL,ASO,ES,Federal Contract Tower,10,7,34,47,98,0,0,17,43,60,10,7,51,90,158,28,94,122,280
01/10/2008,DHN,AL,ASO,ES,Federal Contract Tower,9,5,32,56,102,0,2,16,54,72,9,7,48,110,174,6,148,154,328
01/11/2008,DHN,AL,ASO,ES,Federal Contract Tower,7,7,34,47,95,0,1,47,44,92,7,8,81,91,187,72,152,224,411
01/12/2008,DHN,AL,ASO,ES,Federal Contract Tower,5,1,7,2,15,0,0,38,2,40,5,1,45,4,55,40,8,48,103
01/13/2008,DHN,AL,ASO,ES,Federal Contract Tower,8,2,16,1,27,0,0,31,6,37,8,2,47,7,64,18,0,18,82
01/14/2008,DHN,AL,ASO,ES,Federal Contract Tower,12,5,37,52,106,0,1,45,101,147,12,6,82,153,253,62,138,200,453
01/15/2008,DHN,AL,ASO,ES,Federal Contract Tower,10,5,34,54,103,0,1,56,38,95,10,6,90,92,198,56,82,138,336
01/16/2008,DHN,AL,ASO,ES,Federal Contract Tower,7,6,52,30,95,0,0,15,21,36,7,6,67,51,131,20,56,76,207
01/17/2008,DHN,AL,ASO,ES,Federal Contract Tower,10,5,38,17,70,0,1,5,7,13,10,6,43,24,83,16,0,16,99
01/18/2008,DHN,AL,ASO,ES,Federal Contract Tower,10,4,32,43,89,0,2,35,36,73,10,6,67,79,162,58,20,78,240
01/19/2008,DHN,AL,ASO,ES,Federal Contract Tower,5,1,1,0,7,0,0,0,0,0,5,1,1,0,7,0,0,0,7
01/20/2008,DHN,AL,ASO,ES,Federal Contract Tower,4,0,22,4,30,1,0,33,4,38,5,0,55,8,68,12,2,14,82
01/21/2008,DHN,AL,ASO,ES,Federal Contract Tower,7,4,23,1,35,0,1,41,5,47,7,5,64,6,82,14,22,36,118
01/22/2008,DHN,AL,ASO,ES,Federal Contract Tower,11,8,51,50,120,0,1,19,81,101,11,9,70,131,221,68,98,166,387
01/23/2008,DHN,AL,ASO,ES,Federal Contract Tower,7,5,68,62,142,0,0,14,40,54,7,5,82,102,196,28,32,60,256
01/24/2008,DHN,AL,ASO,ES,Federal Contract Tower,8,5,66,63,142,0,1,27,38,66,8,6,93,101,208,30,24,54,262
01/25/2008,DHN,AL,ASO,ES,Federal Contract Tower,22,5,29,42,98,2,1,82,49,134,24,6,111,91,232,68,154,222,454
01/26/2008,DHN,AL,ASO,ES,Federal Contract Tower,8,1,8,1,18,0,0,0,0,0,8,1,8,1,18,0,0,0,18
01/27/2008,DHN,AL,ASO,ES,Federal Contract Tower,8,0,18,4,30,0,0,48,0,48,8,0,66,4,78,12,0,12,90
01/28/2008,DHN,AL,ASO,ES,Federal Contract Tower,9,5,24,47,85,1,2,55,49,107,10,7,79,96,192,64,82,146,338
01/29/2008,DHN,AL,ASO,ES,Federal Contract Tower,10,4,30,33,77,1,1,33,47,82,11,5,63,80,159,60,184,244,403
01/30/2008,DHN,AL,ASO,ES,Federal Contract Tower,7,5,34,14,60,1,3,54,48,106,8,8,88,62,166,80,92,172,338
01/31/2008,DHN,AL,ASO,ES,Federal Contract Tower,7,5,46,49,107,0,2,23,41,66,7,7,69,90,173,32,78,110,283
02/01/2008,DHN,AL,ASO,ES,Federal Contract Tower,8,4,44,57,113,0,2,56,63,121,8,6,100,120,234,114,148,262,496
02/02/2008,DHN,AL,ASO,ES,Federal Contract Tower,5,1,6,0,12,0,0,15,4,19,5,1,21,4,31,78,0,78,109
02/03/2008,DHN,AL,ASO,ES,Federal Contract Tower,6,0,11,3,20,0,0,46,9,55,6,0,57,12,75,44,2,46,121
02/04/2008,DHN,AL,ASO,ES,Federal Contract Tower,8,4,38,46,96,0,1,42,41,84,8,5,80,87,180,72,120,192,372
02/05/2008,DHN,AL,ASO,ES,Federal Contract Tower,4,6,27,45,82,0,1,17,25,43,4,7,44,70,125,24,72,96,221
02/06/2008,DHN,AL,ASO,ES,Federal Contract Tower,7,7,32,18,64,0,1,9,22,32,7,8,41,40,96,38,122,160,256
02/07/2008,DHN,AL,ASO,ES,Federal Contract Tower,7,5,38,38,88,1,1,47,56,105,8,6,85,94,193,90,142,232,425
02/08/2008,DHN,AL,ASO,ES,Federal Contract Tower,9,12,40,45,106,0,0,53,69,122,9,12,93,114,228,90,180,270,498
02/09/2008,DHN,AL,ASO,ES,Federal Contract Tower,4,1,33,2,40,2,0,70,6,78,6,1,103,8,118,104,20,124,242
02/10/2008,DHN,AL,ASO,ES,Federal Contract Tower,5,0,17,1,23,1,0,47,0,48,6,0,64,1,71,34,0,34,105
02/11/2008,DHN,AL,ASO,ES,Federal Contract Tower,8,3,21,43,75,0,2,38,63,103,8,5,59,106,178,14,168,182,360
02/12/2008,DHN,AL,ASO,ES,Federal Contract Tower,7,5,24,47,83,0,2,37,56,95,7,7,61,103,178,28,114,142,320
02/13/2008,DHN,AL,ASO,ES,Federal Contract Tower,7,6,59,29,101,0,2,18,16,36,7,8,77,45,137,10,28,38,175
02/14/2008,DHN,AL,ASO,ES,Federal Contract Tower,5,5,38,29,77,0,1,41,31,73,5,6,79,60,150,46,26,72,222
02/15/2008,DHN,AL,ASO,ES,Federal Contract Tower,6,2,30,50,88,0,3,62,62,127,6,5,92,112,215,70,92,162,377
02/16/2008,DHN,AL,ASO,ES,Federal Contract Tower,4,1,26,0,31,0,0,66,0,66,4,1,92,0,97,46,0,46,143
02/17/2008,DHN,AL,ASO,ES,Federal Contract Tower,5,0,11,0,16,0,0,7,0,7,5,0,18,0,23,0,0,0,23
02/18/2008,DHN,AL,ASO,ES,Federal Contract Tower,7,6,33,0,46,0,0,19,0,19,7,6,52,0,65,16,0,16,81
02/19/2008,DHN,AL,ASO,ES,Federal Contract Tower,7,7,38,63,115,0,3,29,42,74,7,10,67,105,189,22,12,34,223
02/20/2008,DHN,AL,ASO,ES,Federal Contract Tower,8,9,42,39,98,0,2,53,60,115,8,11,95,99,213,50,66,116,329
02/21/2008,DHN,AL,ASO,ES,Federal Contract Tower,8,7,33,52,100,1,0,7,28,36,9,7,40,80,136,8,12,20,156
02/22/2008,DHN,AL,ASO,ES,Federal Contract Tower,9,6,13,5,33,0,0,1,1,2,9,6,14,6,35,2,0,2,37
02/23/2008,DHN,AL,ASO,ES,Federal Contract Tower,6,3,26,4,39,0,0,39,2,41,6,3,65,6,80,100,0,100,180
02/24/2008,DHN,AL,ASO,ES,Federal Contract Tower,7,0,33,6,46,0,1,43,2,46,7,1,76,8,92,22,0,22,114
02/25/2008,DHN,AL,ASO,ES,Federal Contract Tower,9,6,35,29,79,0,1,60,64,125,9,7,95,93,204,82,164,246,450
02/26/2008,DHN,AL,ASO,ES,Federal Contract Tower,8,6,41,43,98,0,1,34,46,81,8,7,75,89,179,42,56,98,277
02/27/2008,DHN,AL,ASO,ES,Federal Contract Tower,7,6,55,58,126,0,1,75,63,139,7,7,130,121,265,58,110,168,433
02/28/2008,DHN,AL,ASO,ES,Federal Contract Tower,7,11,51,32,101,0,0,45,43,88,7,11,96,75,189,46,132,178,367
02/29/2008,DHN,AL,ASO,ES,Federal Contract Tower,7,6,46,40,99,0,1,64,48,113,7,7,110,88,212,70,144,214,426
03/01/2008,DHN,AL,ASO,ES,Federal Contract Tower,4,1,27,2,34,0,0,45,0,45,4,1,72,2,79,80,0,80,159
03/02/2008,DHN,AL,ASO,ES,Federal Contract Tower,6,1,11,0,18,0,1,61,3,65,6,2,72,3,83,36,0,36,119
03/03/2008,DHN,AL,ASO,ES,Federal Contract Tower,7,4,35,45,91,0,1,54,77,132,7,5,89,122,223,100,128,228,451
03/04/2008,DHN,AL,ASO,ES,Federal Contract Tower,10,7,18,28,63,0,0,5,53,58,10,7,23,81,121,6,62,68,189
03/05/2008,DHN,AL,ASO,ES,Federal Contract Tower,7,9,48,59,123,0,0,57,62,119,7,9,105,121,242,94,164,258,500
03/06/2008,DHN,AL,ASO,ES,Federal Contract Tower,8,5,51,35,99,0,0,67,53,120,8,5,118,88,219,114,148,262,481
03/07/2008,DHN,AL,ASO,ES,Federal Contract Tower,9,6,30,45,90,0,0,19,34,53,9,6,49,79,143,60,54,114,257
03/08/2008,DHN,AL,ASO,ES,Federal Contract Tower,4,1,7,4,16,0,0,2,0,2,4,1,9,4,18,0,2,2,20
03/09/2008,DHN,AL,ASO,ES,Federal Contract Tower,6,0,16,0,22,0,0,39,0,39,6,0,55,0,61,38,0,38,99
03/10/2008,DHN,AL,ASO,ES,Federal Contract Tower,6,8,31,26,71,0,2,33,52,87,6,10,64,78,158,38,146,184,342
03/11/2008,DHN,AL,ASO,ES,Federal Contract Tower,7,5,51,49,112,0,2,46,60,108,7,7,97,109,220,56,198,254,474
03/12/2008,DHN,AL,ASO,ES,Federal Contract Tower,7,7,39,44,97,0,1,66,50,117,7,8,105,94,214,108,82,190,404
03/13/2008,DHN,AL,ASO,ES,Federal Contract Tower,7,10,53,21,91,0,0,66,45,111,7,10,119,66,202,67,56,123,325
03/14/2008,DHN,AL,ASO,ES,Federal Contract Tower,7,7,43,54,111,0,1,17,37,55,7,8,60,91,166,36,50,86,252
03/15/2008,DHN,AL,ASO,ES,Federal Contract Tower,4,4,17,0,25,0,4,2,0,6,4,8,19,0,31,0,0,0,31
03/16/2008,DHN,AL,ASO,ES,Federal Contract Tower,6,0,14,2,22,0,0,45,0,45,6,0,59,2,67,32,0,32,99
03/17/2008,DHN,AL,ASO,ES,Federal Contract Tower,7,3,25,46,81,0,3,44,57,104,7,6,69,103,185,54,74,128,313
03/18/2008,DHN,AL,ASO,ES,Federal Contract Tower,12,6,37,78,133,0,1,22,56,79,12,7,59,134,212,50,102,152,364
03/19/2008,DHN,AL,ASO,ES,Federal Contract Tower,8,8,21,36,73,1,0,4,18,23,9,8,25,54,96,10,40,50,146
03/20/2008,DHN,AL,ASO,ES,Federal Contract Tower,11,5,43,62,121,0,1,55,91,147,11,6,98,153,268,60,114,174,442
03/21/2008,DHN,AL,ASO,ES,Federal Contract Tower,8,6,18,27,59,0,3,44,61,108,8,9,62,88,167,56,124,180,347
03/22/2008,DHN,AL,ASO,ES,Federal Contract Tower,6,1,13,2,22,0,0,24,0,24,6,1,37,2,46,30,0,30,76
03/23/2008,DHN,AL,ASO,ES,Federal Contract Tower,8,2,8,0,18,0,0,30,0,30,8,2,38,0,48,10,0,10,58
03/24/2008,DHN,AL,ASO,ES,Federal Contract Tower,10,5,51,23,89,0,8,42,62,112,10,13,93,85,201,52,170,222,423
03/25/2008,DHN,AL,ASO,ES,Federal Contract Tower,9,5,45,40,99,0,1,62,74,137,9,6,107,114,236,68,104,172,408
03/26/2008,DHN,AL,ASO,ES,Federal Contract Tower,8,7,55,38,108,0,0,60,58,118,8,7,115,96,226,60,88,148,374
03/27/2008,DHN,AL,ASO,ES,Federal Contract Tower,9,9,63,26,107,0,0,66,41,107,9,9,129,67,214,60,56,116,330
03/28/2008,DHN,AL,ASO,ES,Federal Contract Tower,7,8,59,45,119,0,1,74,48,123,7,9,133,93,242,82,102,184,426
03/29/2008,DHN,AL,ASO,ES,Federal Contract Tower,4,1,23,2,30,0,0,28,2,30,4,1,51,4,60,42,0,42,102
03/30/2008,DHN,AL,ASO,ES,Federal Contract Tower,6,0,8,15,29,0,0,12,7,19,6,0,20,22,48,0,26,26,74
03/31/2008,DHN,AL,ASO,ES,Federal Contract Tower,7,3,84,55,149,0,2,29,36,67,7,5,113,91,216,36,72,108,324
04/01/2008,DHN,AL,ASO,ES,Federal Contract Tower,8,6,33,58,105,0,2,26,39,67,8,8,59,97,172,34,42,76,248
04/02/2008,DHN,AL,ASO,ES,Federal Contract Tower,5,6,37,45,93,1,2,42,59,104,6,8,79,104,197,48,122,170,367
04/03/2008,DHN,AL,ASO,ES,Federal Contract Tower,7,8,31,25,71,0,2,39,34,75,7,10,70,59,146,40,88,128,274
04/04/2008,DHN,AL,ASO,ES,Federal Contract Tower,6,5,33,36,80,0,1,9,33,43,6,6,42,69,123,12,36,48,171
04/05/2008,DHN,AL,ASO,ES,Federal Contract Tower,8,4,3,0,15,0,0,0,0,0,8,4,3,0,15,0,0,0,15
04/06/2008,DHN,AL,ASO,ES,Federal Contract Tower,8,2,25,2,37,0,0,8,4,12,8,2,33,6,49,4,0,4,53
04/07/2008,DHN,AL,ASO,ES,Federal Contract Tower,9,5,48,31,93,0,3,22,17,42,9,8,70,48,135,46,28,74,209
04/08/2008,DHN,AL,ASO,ES,Federal Contract Tower,12,9,46,51,118,0,1,34,51,86,12,10,80,102,204,42,88,130,334
04/09/2008,DHN,AL,ASO,ES,Federal Contract Tower,8,6,40,41,95,0,3,20,44,67,8,9,60,85,162,44,68,112,274
04/10/2008,DHN,AL,ASO,ES,Federal Contract Tower,7,5,43,45,100,0,1,36,45,82,7,6,79,90,182,58,118,176,358
04/11/2008,DHN,AL,ASO,ES,Federal Contract Tower,9,8,43,23,83,0,1,42,48,91,9,9,85,71,174,32,137,169,343
04/12/2008,DHN,AL,ASO,ES,Federal Contract Tower,4,1,12,0,17,0,0,14,0,14,4,1,26,0,31,16,0,16,47
04/13/2008,DHN,AL,ASO,ES,Federal Contract Tower,6,0,25,5,36,0,0,45,3,48,6,0,70,8,84,24,2,26,110
04/14/2008,DHN,AL,ASO,ES,Federal Contract Tower,7,4,50,64,125,0,1,73,63,137,7,5,123,127,262,62,90,152,414
04/15/2008,DHN,AL,ASO,ES,Federal Contract Tower,10,6,49,60,125,0,1,71,60,132,10,7,120,120,257,58,94,152,409
04/16/2008,DHN,AL,ASO,ES,Federal Contract Tower,8,7,39,45,99,0,0,62,51,113,8,7,101,96,212,52,112,164,376
04/17/2008,DHN,AL,ASO,ES,Federal Contract Tower,10,9,42,27,88,0,0,68,52,120,10,9,110,79,208,70,168,238,446
04/18/2008,DHN,AL,ASO,ES,Federal Contract Tower,7,6,36,29,78,1,1,49,54,105,8,7,85,83,183,62,158,220,403
04/19/2008,DHN,AL,ASO,ES,Federal Contract Tower,4,2,9,3,18,0,0,20,3,23,4,2,29,6,41,18,8,26,67
04/20/2008,DHN,AL,ASO,ES,Federal Contract Tower,6,1,21,5,33,0,0,23,5,28,6,1,44,10,61,20,8,28,89
04/21/2008,DHN,AL,ASO,ES,Federal Contract Tower,8,3,30,32,73,0,1,56,51,108,8,4,86,83,181,46,118,164,345
04/22/2008,DHN,AL,ASO,ES,Federal Contract Tower,9,6,52,41,108,0,1,37,69,107,9,7,89,110,215,34,156,190,405
04/23/2008,DHN,AL,ASO,ES,Federal Contract Tower,7,3,44,41,95,0,2,41,55,98,7,5,85,96,193,36,136,172,365
04/24/2008,DHN,AL,ASO,ES,Federal Contract Tower,7,11,55,37,110,0,0,45,66,111,7,11,100,103,221,24,118,142,363
04/25/2008,DHN,AL,ASO,ES,Federal Contract Tower,8,8,24,22,62,0,0,32,39,71,8,8,56,61,133,40,72,112,245
04/26/2008,DHN,AL,ASO,ES,Federal Contract Tower,4,1,23,0,28,0,2,42,0,44,4,3,65,0,72,16,0,16,88
04/27/2008,DHN,AL,ASO,ES,Federal Contract Tower,7,0,11,5,23,0,0,1,2,3,7,0,12,7,26,8,6,14,40
04/28/2008,DHN,AL,ASO,ES,Federal Contract Tower,9,7,33,94,143,0,2,20,61,83,9,9,53,155,226,42,106,148,374
04/29/2008,DHN,AL,ASO,ES,Federal Contract Tower,7,5,27,59,98,0,1,44,72,117,7,6,71,131,215,60,108,168,383
04/30/2008,DHN,AL,ASO,ES,Federal Contract Tower,7,4,26,39,76,0,1,62,39,102,7,5,88,78,178,79,48,127,305
05/01/2008,DHN,AL,ASO,ES,Federal Contract Tower,7,5,22,28,62,0,1,40,47,88,7,6,62,75,150,76,94,170,320
05/02/2008,DHN,AL,ASO,ES,Federal Contract Tower,7,6,26,30,69,0,5,34,46,85,7,11,60,76,154,50,142,192,346
05/03/2008,DHN,AL,ASO,ES,Federal Contract Tower,4,1,0,1,6,0,0,10,0,10,4,1,10,1,16,46,0,46,62
05/04/2008,DHN,AL,ASO,ES,Federal Contract Tower,7,2,21,1,31,0,0,42,10,52,7,2,63,11,83,22,0,22,105
05/05/2008,DHN,AL,ASO,ES,Federal Contract Tower,7,3,30,41,81,0,2,44,44,90,7,5,74,85,171,58,130,188,359
05/06/2008,DHN,AL,ASO,ES,Federal Contract Tower,8,10,30,36,84,0,0,65,40,105,8,10,95,76,189,88,88,176,365
05/07/2008,DHN,AL,ASO,ES,Federal Contract Tower,7,5,27,13,52,0,2,40,33,75,7,7,67,46,127,90,120,210,337
05/08/2008,DHN,AL,ASO,ES,Federal Contract Tower,7,6,45,18,76,0,0,23,30,53,7,6,68,48,129,26,60,86,215
05/09/2008,DHN,AL,ASO,ES,Federal Contract Tower,7,4,39,65,115,0,2,34,56,92,7,6,73,121,207,24,82,106,313
05/10/2008,DHN,AL,ASO,ES,Federal Contract Tower,4,4,10,0,18,0,0,6,0,6,4,4,16,0,24,0,0,0,24
05/11/2008,DHN,AL,ASO,ES,Federal Contract Tower,6,2,14,0,22,0,0,6,0,6,6,2,20,0,28,0,0,0,28
05/12/2008,DHN,AL,ASO,ES,Federal Contract Tower,7,3,20,6,36,0,0,14,0,14,7,3,34,6,50,24,2,26,76
05/13/2008,DHN,AL,ASO,ES,Federal Contract Tower,10,5,38,48,101,0,1,47,55,103,10,6,85,103,204,58,106,164,368
05/14/2008,DHN,AL,ASO,ES,Federal Contract Tower,7,5,51,47,110,0,3,59,43,105,7,8,110,90,215,74,100,174,389
05/15/2008,DHN,AL,ASO,ES,Federal Contract Tower,7,3,40,49,99,0,2,18,33,53,7,5,58,82,152,26,66,92,244
05/16/2008,DHN,AL,ASO,ES,Federal Contract Tower,7,3,41,33,84,0,2,7,12,21,7,5,48,45,105,14,36,50,155
05/17/2008,DHN,AL,ASO,ES,Federal Contract Tower,4,1,20,3,28,0,0,48,3,51,4,1,68,6,79,38,0,38,117
05/18/2008,DHN,AL,ASO,ES,Federal Contract Tower,6,4,26,0,36,0,0,37,1,38,6,4,63,1,74,20,0,20,94
05/19/2008,DHN,AL,ASO,ES,Federal Contract Tower,10,3,33,40,86,4,4,51,55,114,14,7,84,95,200,74,136,210,410
05/20/2008,DHN,AL,ASO,ES,Federal Contract Tower,8,5,42,30,85,0,0,45,59,104,8,5,87,89,189,14,98,112,301
05/21/2008,DHN,AL,ASO,ES,Federal Contract Tower,7,8,44,83,142,0,4,22,57,83,7,12,66,140,225,44,138,182,407
05/22/2008,DHN,AL,ASO,ES,Federal Contract Tower,8,8,53,49,118,0,1,15,47,63,8,9,68,96,181,12,72,84,265
05/23/2008,DHN,AL,ASO,ES,Federal Contract Tower,7,9,32,41,89,2,2,35,36,75,9,11,67,77,164,38,144,182,346
05/24/2008,DHN,AL,ASO,ES,Federal Contract Tower,4,1,22,0,27,0,0,21,2,23,4,1,43,2,50,8,0,8,58
05/25/2008,DHN,AL,ASO,ES,Federal Contract Tower,3,0,17,0,20,0,0,24,0,24,3,0,41,0,44,38,0,38,82
05/26/2008,DHN,AL,ASO,ES,Federal Contract Tower,6,2,25,2,35,0,1,30,14,45,6,3,55,16,80,44,0,44,124
05/27/2008,DHN,AL,ASO,ES,Federal Contract Tower,7,7,30,6,50,0,1,17,12,30,7,8,47,18,80,2,0,2,82
05/28/2008,DHN,AL,ASO,ES,Federal Contract Tower,7,5,50,55,117,0,1,50,79,130,7,6,100,134,247,42,174,216,463
05/29/2008,DHN,AL,ASO,ES,Federal Contract Tower,8,4,35,65,112,0,4,58,67,129,8,8,93,132,241,64,174,238,479
05/30/2008,DHN,AL,ASO,ES,Federal Contract Tower,7,7,22,72,108,0,1,51,90,142,7,8,73,162,250,50,148,198,448
05/31/2008,DHN,AL,ASO,ES,Federal Contract Tower,4,1,27,2,34,0,0,27,0,27,4,1,54,2,61,16,4,20,81
06/01/2008,DHN,AL,ASO,ES,Federal Contract Tower,6,0,11,2,19,0,0,18,0,18,6,0,29,2,37,10,0,10,47
06/02/2008,DHN,AL,ASO,ES,Federal Contract Tower,7,4,32,42,85,0,0,44,44,88,7,4,76,86,173,31,100,131,304
06/03/2008,DHN,AL,ASO,ES,Federal Contract Tower,10,6,33,27,76,0,1,38,47,86,10,7,71,74,162,30,126,156,318
06/04/2008,DHN,AL,ASO,ES,Federal Contract Tower,8,6,39,32,85,0,1,46,54,101,8,7,85,86,186,24,94,118,304
06/05/2008,DHN,AL,ASO,ES,Federal Contract Tower,7,9,31,30,77,0,3,50,74,127,7,12,81,104,204,62,150,212,416
06/06/2008,DHN,AL,ASO,ES,Federal Contract Tower,8,5,27,29,69,0,6,64,46,116,8,11,91,75,185,62,158,220,405
06/07/2008,DHN,AL,ASO,ES,Federal Contract Tower,8,0,9,1,18,0,1,39,0,40,8,1,48,1,58,26,0,26,84
06/08/2008,DHN,AL,ASO,ES,Federal Contract Tower,5,2,12,4,23,1,0,23,4,28,6,2,35,8,51,26,2,28,79
06/09/2008,DHN,AL,ASO,ES,Federal Contract Tower,7,4,29,31,71,0,2,41,59,102,7,6,70,90,173,74,112,186,359
06/10/2008,DHN,AL,ASO,ES,Federal Contract Tower,7,6,43,34,90,0,1,46,50,97,7,7,89,84,187,52,86,138,325
06/11/2008,DHN,AL,ASO,ES,Federal Contract Tower,8,9,27,42,86,0,2,52,37,91,8,11,79,79,177,50,98,148,325
06/12/2008,DHN,AL,ASO,ES,Federal Contract Tower,6,6,42,58,112,1,1,44,46,92,7,7,86,104,204,58,68,126,330
06/13/2008,DHN,AL,ASO,ES,Federal Contract Tower,8,8,27,51,94,0,0,47,66,113,8,8,74,117,207,46,57,103,310
06/14/2008,DHN,AL,ASO,ES,Federal Contract Tower,12,3,11,2,28,0,0,20,4,24,12,3,31,6,52,12,14,26,78
06/15/2008,DHN,AL,ASO,ES,Federal Contract Tower,9,0,11,6,26,0,0,18,10,28,9,0,29,16,54,12,72,84,138
06/16/2008,DHN,AL,ASO,ES,Federal Contract Tower,9,6,38,30,83,0,11,39,49,99,9,17,77,79,182,90,68,158,340
06/17/2008,DHN,AL,ASO,ES,Federal Contract Tower,8,4,35,42,89,1,2,51,39,93,9,6,86,81,182,53,108,161,343
06/18/2008,DHN,AL,ASO,ES,Federal Contract Tower,7,5,82,46,140,1,1,15,62,79,8,6,97,108,219,62,76,138,357
06/19/2008,DHN,AL,ASO,ES,Federal Contract Tower,7,7,31,47,92,0,1,64,43,108,7,8,95,90,200,114,50,164,364
06/20/2008,DHN,AL,ASO,ES,Federal Contract Tower,10,5,35,18,68,0,1,65,10,76,10,6,100,28,144,112,12,124,268
06/21/2008,DHN,AL,ASO,ES,Federal Contract Tower,6,1,16,1,24,0,0,8,0,8,6,1,24,1,32,16,0,16,48
06/22/2008,DHN,AL,ASO,ES,Federal Contract Tower,6,0,11,0,17,0,0,8,0,8,6,0,19,0,25,0,0,0,25
06/23/2008,DHN,AL,ASO,ES,Federal Contract Tower,11,3,20,19,53,0,2,51,55,108,11,5,71,74,161,58,101,159,320
06/24/2008,DHN,AL,ASO,ES,Federal Contract Tower,7,8,34,42,91,0,3,41,55,99,7,11,75,97,190,90,101,191,381
06/25/2008,DHN,AL,ASO,ES,Federal Contract Tower,5,4,33,55,97,0,3,43,66,112,5,7,76,121,209,50,184,234,443
06/26/2008,DHN,AL,ASO,ES,Federal Contract Tower,6,4,26,52,88,0,0,54,49,103,6,4,80,101,191,64,112,176,367
06/27/2008,DHN,AL,ASO,ES,Federal Contract Tower,7,6,13,69,95,0,1,67,64,132,7,7,80,133,227,120,188,308,535
06/28/2008,DHN,AL,ASO,ES,Federal Contract Tower,7,4,13,0,24,0,0,20,0,20,7,4,33,0,44,42,0,42,86
06/29/2008,DHN,AL,ASO,ES,Federal Contract Tower,5,0,16,1,22,0,0,8,2,10,5,0,24,3,32,8,6,14,46
06/30/2008,DHN,AL,ASO,ES,Federal Contract Tower,7,3,41,39,90,0,1,35,52,88,7,4,76,91,178,38,86,124,302
07/01/2008,DHN,AL,ASO,ES,Federal Contract Tower,0,1,65,61,127,7,5,43,41,96,7,6,108,102,223,28,124,152,375
07/02/2008,DHN,AL,ASO,ES,Federal Contract Tower,0,1,75,30,106,5,9,49,56,119,5,10,124,86,225,86,156,242,467
07/03/2008,DHN,AL,ASO,ES,Federal Contract Tower,6,4,27,3,40,0,2,31,1,34,6,6,58,4,74,24,6,30,104
07/04/2008,DHN,AL,ASO,ES,Federal Contract Tower,4,1,17,0,22,0,0,28,0,28,4,1,45,0,50,0,0,0,50
07/05/2008,DHN,AL,ASO,ES,Federal Contract Tower,9,0,7,0,16,2,0,13,0,15,11,0,20,0,31,0,0,0,31
07/06/2008,DHN,AL,ASO,ES,Federal Contract Tower,6,0,8,0,14,0,0,16,0,16,6,0,24,0,30,0,0,0,30
07/07/2008,DHN,AL,ASO,ES,Federal Contract Tower,7,2,49,86,144,3,5,28,33,69,10,7,77,119,213,58,148,206,419
07/08/2008,DHN,AL,ASO,ES,Federal Contract Tower,9,3,80,55,147,1,2,51,30,84,10,5,131,85,231,47,156,203,434
07/09/2008,DHN,AL,ASO,ES,Federal Contract Tower,4,2,44,48,98,0,2,42,33,77,4,4,86,81,175,60,120,180,355
07/10/2008,DHN,AL,ASO,ES,Federal Contract Tower,7,8,49,101,165,0,2,37,31,70,7,10,86,132,235,32,98,130,365
07/11/2008,DHN,AL,ASO,ES,Federal Contract Tower,8,2,51,56,117,0,1,25,27,53,8,3,76,83,170,46,68,114,284
07/12/2008,DHN,AL,ASO,ES,Federal Contract Tower,6,0,13,0,19,3,0,33,1,37,9,0,46,1,56,8,0,8,64
07/13/2008,DHN,AL,ASO,ES,Federal Contract Tower,4,1,14,2,21,0,0,16,0,16,4,1,30,2,37,14,0,14,51
07/14/2008,DHN,AL,ASO,ES,Federal Contract Tower,6,4,47,92,149,0,1,32,24,57,6,5,79,116,206,56,58,114,320
07/15/2008,DHN,AL,ASO,ES,Federal Contract Tower,8,1,32,87,128,0,3,38,38,79,8,4,70,125,207,26,146,172,379
07/16/2008,DHN,AL,ASO,ES,Federal Contract Tower,5,4,49,62,120,0,1,35,17,53,5,5,84,79,173,14,104,118,291
07/17/2008,DHN,AL,ASO,ES,Federal Contract Tower,6,5,30,55,96,0,5,44,17,66,6,10,74,72,162,44,84,128,290
07/18/2008,DHN,AL,ASO,ES,Federal Contract Tower,7,4,32,49,92,0,1,28,9,38,7,5,60,58,130,66,30,96,226
07/19/2008,DHN,AL,ASO,ES,Federal Contract Tower,7,0,14,0,21,0,0,28,0,28,7,0,42,0,49,14,0,14,63
07/20/2008,DHN,AL,ASO,ES,Federal Contract Tower,6,0,8,0,14,0,0,34,0,34,6,0,42,0,48,14,0,14,62
07/21/2008,DHN,AL,ASO,ES,Federal Contract Tower,8,2,34,54,98,0,2,47,36,85,8,4,81,90,183,100,70,170,353
07/22/2008,DHN,AL,ASO,ES,Federal Contract Tower,7,3,48,63,121,0,2,44,34,80,7,5,92,97,201,60,58,118,319
07/23/2008,DHN,AL,ASO,ES,Federal Contract Tower,3,2,45,36,86,0,1,30,14,45,3,3,75,50,131,58,64,122,253
07/24/2008,DHN,AL,ASO,ES,Federal Contract Tower,5,3,57,60,125,0,2,16,6,24,5,5,73,66,149,44,26,70,219
07/25/2008,DHN,AL,ASO,ES,Federal Contract Tower,5,3,33,102,143,0,2,46,22,70,5,5,79,124,213,54,132,186,399
07/26/2008,DHN,AL,ASO,ES,Federal Contract Tower,6,0,24,2,32,0,0,47,0,47,6,0,71,2,79,20,0,20,99
07/27/2008,DHN,AL,ASO,ES,Federal Contract Tower,6,0,12,9,27,0,0,21,0,21,6,0,33,9,48,4,0,4,52
07/28/2008,DHN,AL,ASO,ES,Federal Contract Tower,6,3,50,44,103,1,1,34,31,67,7,4,84,75,170,26,94,120,290
07/29/2008,DHN,AL,ASO,ES,Federal Contract Tower,8,3,44,39,94,0,1,36,29,66,8,4,80,68,160,10,132,142,302
07/30/2008,DHN,AL,ASO,ES,Federal Contract Tower,7,5,74,54,140,0,1,36,17,54,7,6,110,71,194,28,82,110,304
07/31/2008,DHN,AL,ASO,ES,Federal Contract Tower,13,3,31,67,114,0,2,36,32,70,13,5,67,99,184,30,132,162,346
08/01/2008,DHN,AL,ASO,ES,Federal Contract Tower,7,4,46,67,124,0,0,31,20,51,7,4,77,87,175,50,90,140,315
08/02/2008,DHN,AL,ASO,ES,Federal Contract Tower,7,1,20,0,28,0,2,20,0,22,7,3,40,0,50,6,0,6,56
08/03/2008,DHN,AL,ASO,ES,Federal Contract Tower,11,1,15,3,30,0,0,23,0,23,11,1,38,3,53,6,0,6,59
08/04/2008,DHN,AL,ASO,ES,Federal Contract Tower,6,2,49,57,114,0,2,46,49,97,6,4,95,106,211,50,132,182,393
08/05/2008,DHN,AL,ASO,ES,Federal Contract Tower,6,3,63,73,145,0,1,28,33,62,6,4,91,106,207,50,152,202,409
08/06/2008,DHN,AL,ASO,ES,Federal Contract Tower,6,3,72,70,151,0,2,27,22,51,6,5,99,92,202,24,114,138,340
08/07/2008,DHN,AL,ASO,ES,Federal Contract Tower,6,8,38,97,149,0,1,28,39,68,6,9,66,136,217,36,78,114,331
08/08/2008,DHN,AL,ASO,ES,Federal Contract Tower,7,3,33,115,158,0,3,10,32,45,7,6,43,147,203,14,72,86,289
08/09/2008,DHN,AL,ASO,ES,Federal Contract Tower,5,0,22,15,42,0,0,25,6,31,5,0,47,21,73,34,4,38,111
08/10/2008,DHN,AL,ASO,ES,Federal Contract Tower,5,0,15,2,22,0,0,17,0,17,5,0,32,2,39,12,0,12,51
08/11/2008,DHN,AL,ASO,ES,Federal Contract Tower,7,2,35,57,101,0,2,36,32,70,7,4,71,89,171,69,122,191,362
08/12/2008,DHN,AL,ASO,ES,Federal Contract Tower,9,4,54,58,125,0,1,2,4,7,9,5,56,62,132,8,22,30,162
08/13/2008,DHN,AL,ASO,ES,Federal Contract Tower,5,3,33,52,93,0,2,30,19,51,5,5,63,71,144,46,90,136,280
08/14/2008,DHN,AL,ASO,ES,Federal Contract Tower,11,4,40,97,152,0,3,38,36,77,11,7,78,133,229,50,124,174,403
08/15/2008,DHN,AL,ASO,ES,Federal Contract Tower,7,6,55,78,146,0,1,36,30,67,7,7,91,108,213,62,90,152,365
08/16/2008,DHN,AL,ASO,ES,Federal Contract Tower,6,2,2,14,24,0,0,15,5,20,6,2,17,19,44,14,2,16,60
08/17/2008,DHN,AL,ASO,ES,Federal Contract Tower,6,0,25,1,32,0,0,19,2,21,6,0,44,3,53,12,0,12,65
08/18/2008,DHN,AL,ASO,ES,Federal Contract Tower,7,5,76,59,147,0,1,14,29,44,7,6,90,88,191,44,88,132,323
08/19/2008,DHN,AL,ASO,ES,Federal Contract Tower,7,5,53,52,117,0,2,19,20,41,7,7,72,72,158,56,68,124,282
08/20/2008,DHN,AL,ASO,ES,Federal Contract Tower,6,3,60,62,131,0,0,42,36,78,6,3,102,98,209,73,134,207,416
08/21/2008,DHN,AL,ASO,ES,Federal Contract Tower,6,2,42,102,152,0,2,7,43,52,6,4,49,145,204,22,164,186,390
08/22/2008,DHN,AL,ASO,ES,Federal Contract Tower,7,3,45,38,93,0,1,16,36,53,7,4,61,74,146,50,96,146,292
08/23/2008,DHN,AL,ASO,ES,Federal Contract Tower,2,0,0,0,2,0,0,0,0,0,2,0,0,0,2,0,0,0,2
08/24/2008,DHN,AL,ASO,ES,Federal Contract Tower,5,1,1,6,13,0,0,0,6,6,5,1,1,12,19,0,0,0,19
08/25/2008,DHN,AL,ASO,ES,Federal Contract Tower,7,3,20,25,55,0,1,10,29,40,7,4,30,54,95,28,108,136,231
08/26/2008,DHN,AL,ASO,ES,Federal Contract Tower,6,4,45,99,154,0,1,13,6,20,6,5,58,105,174,38,64,102,276
08/27/2008,DHN,AL,ASO,ES,Federal Contract Tower,4,5,63,65,137,0,2,35,23,60,4,7,98,88,197,32,110,142,339
08/28/2008,DHN,AL,ASO,ES,Federal Contract Tower,4,1,74,54,133,0,2,57,28,87,4,3,131,82,220,58,104,162,382
08/29/2008,DHN,AL,ASO,ES,Federal Contract Tower,7,4,54,24,89,0,1,43,11,55,7,5,97,35,144,6,46,52,196
08/30/2008,DHN,AL,ASO,ES,Federal Contract Tower,7,0,32,0,39,0,0,25,0,25,7,0,57,0,64,0,0,0,64
08/31/2008,DHN,AL,ASO,ES,Federal Contract Tower,7,0,18,0,25,0,0,47,0,47,7,0,65,0,72,2,0,2,74
09/01/2008,DHN,AL,ASO,ES,Federal Contract Tower,5,0,4,0,9,0,0,0,0,0,5,0,4,0,9,0,0,0,9
09/02/2008,DHN,AL,ASO,ES,Federal Contract Tower,9,4,50,73,136,0,1,19,12,32,9,5,69,85,168,32,52,84,252
09/03/2008,DHN,AL,ASO,ES,Federal Contract Tower,11,4,50,67,132,0,0,41,43,84,11,4,91,110,216,70,156,226,442
09/04/2008,DHN,AL,ASO,ES,Federal Contract Tower,7,2,59,62,130,0,2,38,27,67,7,4,97,89,197,46,66,112,309
09/05/2008,DHN,AL,ASO,ES,Federal Contract Tower,9,3,29,70,111,0,1,35,19,55,9,4,64,89,166,22,82,104,270
09/06/2008,DHN,AL,ASO,ES,Federal Contract Tower,5,0,16,0,21,0,0,27,0,27,5,0,43,0,48,14,0,14,62
09/07/2008,DHN,AL,ASO,ES,Federal Contract Tower,5,0,9,12,26,0,0,24,0,24,5,0,33,12,50,10,0,10,60
09/08/2008,DHN,AL,ASO,ES,Federal Contract Tower,8,4,25,83,120,0,4,34,34,72,8,8,59,117,192,46,92,138,330
09/09/2008,DHN,AL,ASO,ES,Federal Contract Tower,7,4,44,86,141,0,2,31,6,39,7,6,75,92,180,20,62,82,262
09/10/2008,DHN,AL,ASO,ES,Federal Contract Tower,8,2,43,57,110,0,9,26,14,49,8,11,69,71,159,26,44,70,229
09/11/2008,DHN,AL,ASO,ES,Federal Contract Tower,7,5,49,55,116,0,1,11,8,20,7,6,60,63,136,16,56,72,208
09/12/2008,DHN,AL,ASO,ES,Federal Contract Tower,7,3,47,72,129,0,1,30,25,56,7,4,77,97,185,48,104,152,337
09/13/2008,DHN,AL,ASO,ES,Federal Contract Tower,5,0,13,4,22,0,2,13,0,15,5,2,26,4,37,30,0,30,67
09/14/2008,DHN,AL,ASO,ES,Federal Contract Tower,6,2,12,24,44,0,0,15,4,19,6,2,27,28,63,8,10,18,81
09/15/2008,DHN,AL,ASO,ES,Federal Contract Tower,7,5,43,68,123,0,1,10,15,26,7,6,53,83,149,16,68,84,233
09/16/2008,DHN,AL,ASO,ES,Federal Contract Tower,7,8,37,65,117,0,1,41,31,73,7,9,78,96,190,60,90,150,340
09/17/2008,DHN,AL,ASO,ES,Federal Contract Tower,12,3,51,69,135,0,1,27,23,51,12,4,78,92,186,62,124,186,372
09/18/2008,DHN,AL,ASO,ES,Federal Contract Tower,7,7,66,56,136,0,3,24,26,53,7,10,90,82,189,44,128,172,361
09/19/2008,DHN,AL,ASO,ES,Federal Contract Tower,11,3,33,87,134,0,2,56,50,108,11,5,89,137,242,86,122,208,450
09/20/2008,DHN,AL,ASO,ES,Federal Contract Tower,7,0,30,0,37,0,0,17,0,17,7,0,47,0,54,16,0,16,70
09/21/2008,DHN,AL,ASO,ES,Federal Contract Tower,6,2,35,2,45,0,0,40,0,40,6,2,75,2,85,0,0,0,85
09/22/2008,DHN,AL,ASO,ES,Federal Contract Tower,7,4,57,78,146,0,1,43,43,87,7,5,100,121,233,54,188,242,475
09/23/2008,DHN,AL,ASO,ES,Federal Contract Tower,9,1,45,66,121,16,2,50,34,102,25,3,95,100,223,31,164,195,418
09/24/2008,DHN,AL,ASO,ES,Federal Contract Tower,6,3,44,83,136,0,1,47,29,77,6,4,91,112,213,20,130,150,363
09/25/2008,DHN,AL,ASO,ES,Federal Contract Tower,12,4,44,51,111,0,1,55,34,90,12,5,99,85,201,38,88,126,327
09/26/2008,DHN,AL,ASO,ES,Federal Contract Tower,13,4,51,56,124,0,2,56,39,97,13,6,107,95,221,50,124,174,395
09/27/2008,DHN,AL,ASO,ES,Federal Contract Tower,5,0,27,0,32,0,2,19,1,22,5,2,46,1,54,10,0,10,64
09/28/2008,DHN,AL,ASO,ES,Federal Contract Tower,7,0,8,1,16,0,0,36,4,40,7,0,44,5,56,22,0,22,78
09/29/2008,DHN,AL,ASO,ES,Federal Contract Tower,7,4,39,76,126,0,2,19,18,39,7,6,58,94,165,62,70,132,297
09/30/2008,DHN,AL,ASO,ES,Federal Contract Tower,12,4,62,72,150,0,1,33,22,56,12,5,95,94,206,42,116,158,364
10/01/2008,DHN,AL,ASO,ES,Federal Contract Tower,7,2,34,113,156,1,2,16,21,40,8,4,50,134,196,22,74,96,292
10/02/2008,DHN,AL,ASO,ES,Federal Contract Tower,7,3,47,55,112,0,2,43,15,60,7,5,90,70,172,44,58,102,274
10/03/2008,DHN,AL,ASO,ES,Federal Contract Tower,7,4,44,86,141,0,1,46,13,60,7,5,90,99,201,62,76,138,339
10/04/2008,DHN,AL,ASO,ES,Federal Contract Tower,5,0,8,0,13,0,0,20,0,20,5,0,28,0,33,0,0,0,33
10/05/2008,DHN,AL,ASO,ES,Federal Contract Tower,6,0,13,19,38,0,0,23,8,31,6,0,36,27,69,14,40,54,123
10/06/2008,DHN,AL,ASO,ES,Federal Contract Tower,12,2,23,85,122,0,2,34,36,72,12,4,57,121,194,26,108,134,328
10/07/2008,DHN,AL,ASO,ES,Federal Contract Tower,7,2,37,65,111,0,2,21,16,39,7,4,58,81,150,42,118,160,310
10/08/2008,DHN,AL,ASO,ES,Federal Contract Tower,5,2,46,48,101,0,2,6,6,14,5,4,52,54,115,14,28,42,157
10/09/2008,DHN,AL,ASO,ES,Federal Contract Tower,6,3,76,77,162,0,1,29,14,44,6,4,105,91,206,34,66,100,306
10/10/2008,DHN,AL,ASO,ES,Federal Contract Tower,7,4,57,12,80,0,1,15,4,20,7,5,72,16,100,8,6,14,114
10/11/2008,DHN,AL,ASO,ES,Federal Contract Tower,5,0,2,0,7,0,0,6,0,6,5,0,8,0,13,6,0,6,19
10/12/2008,DHN,AL,ASO,ES,Federal Contract Tower,6,0,14,0,20,0,0,0,0,0,6,0,14,0,20,0,0,0,20
10/13/2008,DHN,AL,ASO,ES,Federal Contract Tower,7,2,34,8,51,0,0,9,0,9,7,2,43,8,60,4,0,4,64
10/14/2008,DHN,AL,ASO,ES,Federal Contract Tower,8,4,54,70,136,0,1,32,6,39,8,5,86,76,175,36,108,144,319
10/15/2008,DHN,AL,ASO,ES,Federal Contract Tower,7,5,57,56,125,0,1,50,29,80,7,6,107,85,205,66,124,190,395
10/16/2008,DHN,AL,ASO,ES,Federal Contract Tower,12,4,37,63,116,0,2,40,35,77,12,6,77,98,193,46,120,166,359
10/17/2008,DHN,AL,ASO,ES,Federal Contract Tower,7,4,68,58,137,0,1,44,21,66,7,5,112,79,203,64,88,152,355
10/18/2008,DHN,AL,ASO,ES,Federal Contract Tower,5,4,15,1,25,0,0,16,1,17,5,4,31,2,42,6,0,6,48
10/19/2008,DHN,AL,ASO,ES,Federal Contract Tower,6,0,14,4,24,0,0,23,0,23,6,0,37,4,47,6,0,6,53
10/20/2008,DHN,AL,ASO,ES,Federal Contract Tower,8,4,29,86,127,0,5,48,38,91,8,9,77,124,218,52,172,224,442
10/21/2008,DHN,AL,ASO,ES,Federal Contract Tower,6,6,34,62,108,0,1,39,32,72,6,7,73,94,180,36,52,88,268
10/22/2008,DHN,AL,ASO,ES,Federal Contract Tower,8,4,36,86,134,0,1,46,17,64,8,5,82,103,198,28,104,132,330
10/23/2008,DHN,AL,ASO,ES,Federal Contract Tower,7,7,56,55,125,0,0,16,11,27,7,7,72,66,152,10,70,80,232
10/24/2008,DHN,AL,ASO,ES,Federal Contract Tower,9,6,54,35,104,0,2,7,7,16,9,8,61,42,120,10,18,28,148
10/25/2008,DHN,AL,ASO,ES,Federal Contract Tower,5,1,10,0,16,0,0,42,14,56,5,1,52,14,72,12,0,12,84
10/26/2008,DHN,AL,ASO,ES,Federal Contract Tower,6,0,12,10,28,0,0,50,3,53,6,0,62,13,81,40,4,44,125
10/27/2008,DHN,AL,ASO,ES,Federal Contract Tower,8,7,54,67,136,0,1,42,35,78,8,8,96,102,214,62,158,220,434
10/28/2008,DHN,AL,ASO,ES,Federal Contract Tower,7,7,77,58,149,0,1,23,31,55,7,8,100,89,204,48,152,200,404
10/29/2008,DHN,AL,ASO,ES,Federal Contract Tower,8,4,30,62,104,0,2,43,27,72,8,6,73,89,176,47,130,177,353
10/30/2008,DHN,AL,ASO,ES,Federal Contract Tower,7,7,32,46,92,0,1,40,16,57,7,8,72,62,149,32,120,152,301
10/31/2008,DHN,AL,ASO,ES,Federal Contract Tower,7,4,53,56,120,0,4,52,15,71,7,8,105,71,191,94,60,154,345
11/01/2008,DHN,AL,ASO,ES,Federal Contract Tower,5,0,10,0,15,0,0,28,0,28,5,0,38,0,43,26,0,26,69
11/02/2008,DHN,AL,ASO,ES,Federal Contract Tower,6,0,22,2,30,0,0,21,0,21,6,0,43,2,51,6,0,6,57
11/03/2008,DHN,AL,ASO,ES,Federal Contract Tower,9,4,31,95,139,0,2,44,37,83,9,6,75,132,222,54,136,190,412
11/04/2008,DHN,AL,ASO,ES,Federal Contract Tower,7,3,49,97,156,0,2,15,18,35,7,5,64,115,191,46,206,252,443
11/05/2008,DHN,AL,ASO,ES,Federal Contract Tower,6,2,35,66,109,0,0,39,24,63,6,2,74,90,172,48,166,214,386
11/06/2008,DHN,AL,ASO,ES,Federal Contract Tower,6,4,41,85,136,0,2,62,28,92,6,6,103,113,228,52,78,130,358
11/07/2008,DHN,AL,ASO,ES,Federal Contract Tower,7,3,38,88,136,0,1,45,23,69,7,4,83,111,205,50,120,170,375
11/08/2008,DHN,AL,ASO,ES,Federal Contract Tower,6,0,23,13,42,0,0,34,4,38,6,0,57,17,80,14,4,18,98
11/09/2008,DHN,AL,ASO,ES,Federal Contract Tower,5,1,23,1,30,0,0,35,0,35,5,1,58,1,65,12,0,12,77
11/10/2008,DHN,AL,ASO,ES,Federal Contract Tower,7,3,34,37,81,0,1,34,17,52,7,4,68,54,133,34,56,90,223
11/11/2008,DHN,AL,ASO,ES,Federal Contract Tower,10,2,14,4,30,0,0,25,1,26,10,2,39,5,56,10,0,10,66
11/12/2008,DHN,AL,ASO,ES,Federal Contract Tower,8,5,53,136,202,0,2,20,28,50,8,7,73,164,252,42,200,242,494
11/13/2008,DHN,AL,ASO,ES,Federal Contract Tower,8,2,68,111,189,0,2,27,27,56,8,4,95,138,245,32,98,130,375
11/14/2008,DHN,AL,ASO,ES,Federal Contract Tower,7,3,40,83,133,0,2,21,22,45,7,5,61,105,178,8,94,102,280
11/15/2008,DHN,AL,ASO,ES,Federal Contract Tower,5,0,15,25,45,0,0,12,6,18,5,0,27,31,63,0,2,2,65
11/16/2008,DHN,AL,ASO,ES,Federal Contract Tower,7,0,17,7,31,0,0,31,0,31,7,0,48,7,62,10,0,10,72
11/17/2008,DHN,AL,ASO,ES,Federal Contract Tower,9,5,43,61,118,0,2,37,46,85,9,7,80,107,203,54,170,224,427
11/18/2008,DHN,AL,ASO,ES,Federal Contract Tower,8,14,65,56,143,0,2,23,32,57,8,16,88,88,200,18,138,156,356
11/19/2008,DHN,AL,ASO,ES,Federal Contract Tower,7,4,50,64,125,0,3,29,34,66,7,7,79,98,191,26,108,134,325
11/20/2008,DHN,AL,ASO,ES,Federal Contract Tower,7,5,57,76,145,0,1,39,32,72,7,6,96,108,217,30,146,176,393
11/21/2008,DHN,AL,ASO,ES,Federal Contract Tower,6,3,57,77,143,0,1,36,20,57,6,4,93,97,200,42,94,136,336
11/22/2008,DHN,AL,ASO,ES,Federal Contract Tower,8,0,16,1,25,0,0,22,0,22,8,0,38,1,47,14,0,14,61
11/23/2008,DHN,AL,ASO,ES,Federal Contract Tower,5,0,10,22,37,0,0,35,0,35,5,0,45,22,72,58,0,58,130
11/24/2008,DHN,AL,ASO,ES,Federal Contract Tower,8,3,39,67,117,0,1,15,27,43,8,4,54,94,160,12,122,134,294
11/25/2008,DHN,AL,ASO,ES,Federal Contract Tower,8,3,21,77,109,0,1,26,19,46,8,4,47,96,155,24,88,112,267
11/26/2008,DHN,AL,ASO,ES,Federal Contract Tower,7,3,39,39,88,0,2,41,10,53,7,5,80,49,141,88,18,106,247
11/27/2008,DHN,AL,ASO,ES,Federal Contract Tower,4,0,6,0,10,0,0,15,0,15,4,0,21,0,25,0,0,0,25
11/28/2008,DHN,AL,ASO,ES,Federal Contract Tower,4,4,13,0,21,0,0,0,0,0,4,4,13,0,21,0,0,0,21
11/29/2008,DHN,AL,ASO,ES,Federal Contract Tower,6,0,8,0,14,0,0,4,0,4,6,0,12,0,18,0,0,0,18
11/30/2008,DHN,AL,ASO,ES,Federal Contract Tower,9,2,16,0,27,0,0,3,0,3,9,2,19,0,30,6,0,6,36
12/01/2008,DHN,AL,ASO,ES,Federal Contract Tower,10,3,31,61,105,0,1,34,24,59,10,4,65,85,164,24,44,68,232
12/02/2008,DHN,AL,ASO,ES,Federal Contract Tower,8,3,42,41,94,0,1,45,30,76,8,4,87,71,170,86,110,196,366
12/03/2008,DHN,AL,ASO,ES,Federal Contract Tower,6,3,36,43,88,0,2,44,21,67,6,5,80,64,155,54,120,174,329
12/04/2008,DHN,AL,ASO,ES,Federal Contract Tower,8,3,47,88,146,0,1,31,18,50,8,4,78,106,196,40,90,130,326
12/05/2008,DHN,AL,ASO,ES,Federal Contract Tower,7,10,48,84,149,0,3,36,29,68,7,13,84,113,217,78,118,196,413
12/06/2008,DHN,AL,ASO,ES,Federal Contract Tower,5,0,19,0,24,0,0,11,0,11,5,0,30,0,35,0,0,0,35
12/07/2008,DHN,AL,ASO,ES,Federal Contract Tower,6,0,21,6,33,0,0,29,5,34,6,0,50,11,67,14,8,22,89
12/08/2008,DHN,AL,ASO,ES,Federal Contract Tower,11,9,37,67,124,0,3,39,41,83,11,12,76,108,207,34,178,212,419
12/09/2008,DHN,AL,ASO,ES,Federal Contract Tower,6,4,33,63,106,0,1,34,48,83,6,5,67,111,189,56,223,279,468
12/10/2008,DHN,AL,ASO,ES,Federal Contract Tower,6,5,14,12,37,0,0,0,0,0,6,5,14,12,37,2,0,2,39
12/11/2008,DHN,AL,ASO,ES,Federal Contract Tower,7,6,20,59,92,0,1,1,2,4,7,7,21,61,96,0,0,0,96
12/12/2008,DHN,AL,ASO,ES,Federal Contract Tower,7,3,59,62,131,0,2,50,23,75,7,5,109,85,206,76,146,222,428
12/13/2008,DHN,AL,ASO,ES,Federal Contract Tower,5,0,49,31,85,0,0,42,27,69,5,0,91,58,154,50,108,158,312
12/14/2008,DHN,AL,ASO,ES,Federal Contract Tower,6,0,20,3,29,0,0,23,9,32,6,0,43,12,61,6,12,18,79
12/15/2008,DHN,AL,ASO,ES,Federal Contract Tower,6,3,18,24,51,0,1,13,8,22,6,4,31,32,73,6,20,26,99
12/16/2008,DHN,AL,ASO,ES,Federal Contract Tower,7,3,59,51,120,0,1,15,22,38,7,4,74,73,158,24,140,164,322
12/17/2008,DHN,AL,ASO,ES,Federal Contract Tower,6,3,50,60,119,0,1,23,21,45,6,4,73,81,164,6,56,62,226
12/18/2008,DHN,AL,ASO,ES,Federal Contract Tower,7,3,41,59,110,0,2,27,24,53,7,5,68,83,163,36,98,134,297
12/19/2008,DHN,AL,ASO,ES,Federal Contract Tower,7,12,50,48,117,0,1,18,21,40,7,13,68,69,157,34,70,104,261
12/20/2008,DHN,AL,ASO,ES,Federal Contract Tower,4,0,20,2,26,0,0,12,0,12,4,0,32,2,38,0,0,0,38
12/21/2008,DHN,AL,ASO,ES,Federal Contract Tower,4,1,14,0,19,0,0,2,0,2,4,1,16,0,21,10,0,10,31
12/22/2008,DHN,AL,ASO,ES,Federal Contract Tower,5,4,22,9,40,0,3,13,1,17,5,7,35,10,57,0,4,4,61
12/23/2008,DHN,AL,ASO,ES,Federal Contract Tower,7,3,16,22,48,0,2,10,4,16,7,5,26,26,64,0,16,16,80
12/24/2008,DHN,AL,ASO,ES,Federal Contract Tower,6,2,5,0,13,0,1,6,0,7,6,3,11,0,20,0,0,0,20
12/25/2008,DHN,AL,ASO,ES,Federal Contract Tower,3,0,3,0,6,0,0,0,0,0,3,0,3,0,6,0,0,0,6
12/26/2008,DHN,AL,ASO,ES,Federal Contract Tower,3,4,21,0,28,0,0,10,0,10,3,4,31,0,38,0,0,0,38
12/27/2008,DHN,AL,ASO,ES,Federal Contract Tower,4,0,30,0,34,0,0,7,0,7,4,0,37,0,41,20,0,20,61
12/28/2008,DHN,AL,ASO,ES,Federal Contract Tower,6,0,6,0,12,0,0,6,0,6,6,0,12,0,18,0,0,0,18
12/29/2008,DHN,AL,ASO,ES,Federal Contract Tower,8,2,16,4,30,0,2,12,4,18,8,4,28,8,48,0,26,26,74
12/30/2008,DHN,AL,ASO,ES,Federal Contract Tower,8,2,33,0,43,0,2,16,3,21,8,4,49,3,64,6,0,6,70
12/31/2008,DHN,AL,ASO,ES,Federal Contract Tower,9,1,19,2,31,0,1,15,0,16,9,2,34,2,47,12,0,12,59
01/01/2009,DHN,AL,ASO,ES,Federal Contract Tower,3,0,7,0,10,0,0,6,0,6,3,0,13,0,16,0,0,0,16
01/02/2009,DHN,AL,ASO,ES,Federal Contract Tower,7,4,14,0,25,0,0,21,0,21,7,4,35,0,46,18,0,18,64
01/03/2009,DHN,AL,ASO,ES,Federal Contract Tower,4,0,20,3,27,0,0,9,4,13,4,0,29,7,40,2,0,2,42
01/04/2009,DHN,AL,ASO,ES,Federal Contract Tower,6,0,6,5,17,0,0,15,2,17,6,0,21,7,34,4,0,4,38
01/05/2009,DHN,AL,ASO,ES,Federal Contract Tower,6,2,15,71,94,0,2,1,14,17,6,4,16,85,111,0,22,22,133
01/06/2009,DHN,AL,ASO,ES,Federal Contract Tower,7,4,17,84,112,0,1,7,8,16,7,5,24,92,128,4,30,34,162
01/07/2009,DHN,AL,ASO,ES,Federal Contract Tower,7,4,26,71,108,0,3,13,25,41,7,7,39,96,149,12,54,66,215
01/08/2009,DHN,AL,ASO,ES,Federal Contract Tower,6,1,28,103,138,0,1,35,29,65,6,2,63,132,203,38,38,76,279
01/09/2009,DHN,AL,ASO,ES,Federal Contract Tower,9,4,39,72,124,0,1,49,41,91,9,5,88,113,215,62,192,254,469
01/10/2009,DHN,AL,ASO,ES,Federal Contract Tower,5,1,12,9,27,0,0,8,12,20,5,1,20,21,47,4,2,6,53
01/11/2009,DHN,AL,ASO,ES,Federal Contract Tower,8,0,30,4,42,0,0,2,0,2,8,0,32,4,44,6,0,6,50
01/12/2009,DHN,AL,ASO,ES,Federal Contract Tower,8,3,30,74,115,0,1,39,19,59,8,4,69,93,174,40,108,148,322
01/13/2009,DHN,AL,ASO,ES,Federal Contract Tower,7,3,36,94,140,0,1,40,16,57,7,4,76,110,197,76,108,184,381
01/14/2009,DHN,AL,ASO,ES,Federal Contract Tower,7,3,30,77,117,0,1,38,32,71,7,4,68,109,188,74,94,168,356
01/15/2009,DHN,AL,ASO,ES,Federal Contract Tower,7,1,30,133,171,0,3,44,19,66,7,4,74,152,237,84,92,176,413
01/16/2009,DHN,AL,ASO,ES,Federal Contract Tower,7,3,47,122,179,0,2,32,26,60,7,5,79,148,239,49,62,111,350
01/17/2009,DHN,AL,ASO,ES,Federal Contract Tower,5,0,6,17,28,0,0,23,11,34,5,0,29,28,62,6,8,14,76
01/18/2009,DHN,AL,ASO,ES,Federal Contract Tower,5,1,14,0,20,0,0,12,4,16,5,1,26,4,36,2,0,2,38
01/19/2009,DHN,AL,ASO,ES,Federal Contract Tower,7,1,24,3,35,0,1,12,5,18,7,2,36,8,53,0,6,6,59
01/20/2009,DHN,AL,ASO,ES,Federal Contract Tower,8,2,34,108,152,1,2,38,42,83,9,4,72,150,235,22,124,146,381
01/21/2009,DHN,AL,ASO,ES,Federal Contract Tower,7,4,36,104,151,0,1,40,26,67,7,5,76,130,218,80,166,246,464
01/22/2009,DHN,AL,ASO,ES,Federal Contract Tower,6,7,41,47,101,0,1,43,22,66,6,8,84,69,167,56,93,149,316
01/23/2009,DHN,AL,ASO,ES,Federal Contract Tower,5,2,52,95,154,0,2,34,32,68,5,4,86,127,222,56,140,196,418
01/24/2009,DHN,AL,ASO,ES,Federal Contract Tower,4,0,7,0,11,0,0,9,0,9,4,0,16,0,20,6,0,6,26
01/25/2009,DHN,AL,ASO,ES,Federal Contract Tower,6,0,12,7,25,0,0,3,0,3,6,0,15,7,28,0,0,0,28
01/26/2009,DHN,AL,ASO,ES,Federal Contract Tower,7,4,30,105,146,0,1,14,19,34,7,5,44,124,180,32,82,114,294
01/27/2009,DHN,AL,ASO,ES,Federal Contract Tower,10,4,53,78,145,0,2,31,51,84,10,6,84,129,229,54,158,212,441
01/28/2009,DHN,AL,ASO,ES,Federal Contract Tower,13,16,62,108,199,0,1,4,31,36,13,17,66,139,235,45,136,181,416
01/29/2009,DHN,AL,ASO,ES,Federal Contract Tower,7,2,64,114,187,0,2,27,36,65,7,4,91,150,252,50,90,140,392
01/30/2009,DHN,AL,ASO,ES,Federal Contract Tower,7,2,36,89,134,0,2,41,25,68,7,4,77,114,202,38,88,126,328
01/31/2009,DHN,AL,ASO,ES,Federal Contract Tower,4,1,20,2,27,0,0,23,3,26,4,1,43,5,53,26,0,26,79
02/01/2009,DHN,AL,ASO,ES,Federal Contract Tower,6,0,6,0,12,0,2,32,0,34,6,2,38,0,46,18,0,18,64
02/02/2009,DHN,AL,ASO,ES,Federal Contract Tower,6,5,59,37,107,0,0,20,14,34,6,5,79,51,141,48,58,106,247
02/03/2009,DHN,AL,ASO,ES,Federal Contract Tower,6,4,49,32,91,0,2,45,31,78,6,6,94,63,169,56,74,130,299
02/04/2009,DHN,AL,ASO,ES,Federal Contract Tower,6,2,31,72,111,0,2,27,29,58,6,4,58,101,169,4,96,100,269
02/05/2009,DHN,AL,ASO,ES,Federal Contract Tower,7,3,9,57,76,0,1,44,31,76,7,4,53,88,152,26,138,164,316
02/06/2009,DHN,AL,ASO,ES,Federal Contract Tower,7,3,23,79,112,0,0,56,35,91,7,3,79,114,203,48,184,232,435
02/07/2009,DHN,AL,ASO,ES,Federal Contract Tower,4,0,19,26,49,0,0,42,6,48,4,0,61,32,97,42,6,48,145
02/08/2009,DHN,AL,ASO,ES,Federal Contract Tower,6,0,25,9,40,0,0,27,0,27,6,0,52,9,67,4,0,4,71
02/09/2009,DHN,AL,ASO,ES,Federal Contract Tower,7,3,25,34,69,0,0,46,24,70,7,3,71,58,139,80,100,180,319
02/10/2009,DHN,AL,ASO,ES,Federal Contract Tower,6,4,36,81,127,0,0,39,21,60,6,4,75,102,187,39,64,103,290
02/11/2009,DHN,AL,ASO,ES,Federal Contract Tower,7,3,34,51,95,0,0,14,3,17,7,3,48,54,112,4,18,22,134
02/12/2009,DHN,AL,ASO,ES,Federal Contract Tower,10,6,46,80,142,0,0,42,41,83,10,6,88,121,225,33,136,169,394
02/13/2009,DHN,AL,ASO,ES,Federal Contract Tower,6,2,48,54,110,0,0,40,35,75,6,2,88,89,185,58,142,200,385
02/14/2009,DHN,AL,ASO,ES,Federal Contract Tower,9,0,11,0,20,0,0,0,0,0,9,0,11,0,20,0,0,0,20
02/15/2009,DHN,AL,ASO,ES,Federal Contract Tower,7,0,14,2,23,0,0,0,4,4,7,0,14,6,27,0,0,0,27
02/16/2009,DHN,AL,ASO,ES,Federal Contract Tower,8,1,32,2,43,0,1,23,0,24,8,2,55,2,67,0,0,0,67
02/17/2009,DHN,AL,ASO,ES,Federal Contract Tower,12,1,39,55,107,0,1,39,38,78,12,2,78,93,185,46,162,208,393
02/18/2009,DHN,AL,ASO,ES,Federal Contract Tower,7,4,28,33,72,0,0,3,12,15,7,4,31,45,87,0,52,52,139
02/19/2009,DHN,AL,ASO,ES,Federal Contract Tower,7,2,45,101,155,0,0,26,34,60,7,2,71,135,215,36,192,228,443
02/20/2009,DHN,AL,ASO,ES,Federal Contract Tower,7,5,38,61,111,0,0,36,45,81,7,5,74,106,192,58,166,224,416
02/21/2009,DHN,AL,ASO,ES,Federal Contract Tower,5,0,26,2,33,0,0,38,8,46,5,0,64,10,79,62,16,78,157
02/22/2009,DHN,AL,ASO,ES,Federal Contract Tower,5,0,10,0,15,0,0,16,2,18,5,0,26,2,33,10,0,10,43
02/23/2009,DHN,AL,ASO,ES,Federal Contract Tower,8,4,38,91,141,0,0,23,24,47,8,4,61,115,188,60,72,132,320
02/24/2009,DHN,AL,ASO,ES,Federal Contract Tower,6,2,49,45,102,0,0,25,15,40,6,2,74,60,142,24,58,82,224
02/25/2009,DHN,AL,ASO,ES,Federal Contract Tower,6,1,33,64,104,0,1,19,32,52,6,2,52,96,156,14,108,122,278
02/26/2009,DHN,AL,ASO,ES,Federal Contract Tower,7,1,33,73,114,0,0,26,29,55,7,1,59,102,169,48,98,146,315
02/27/2009,DHN,AL,ASO,ES,Federal Contract Tower,11,2,52,97,162,0,0,34,27,61,11,2,86,124,223,28,82,110,333
02/28/2009,DHN,AL,ASO,ES,Federal Contract Tower,5,0,6,2,13,0,0,3,0,3,5,0,9,2,16,0,0,0,16
03/01/2009,DHN,AL,ASO,ES,Federal Contract Tower,0,2,13,2,17,0,0,3,4,7,0,2,16,6,24,0,0,0,24
03/02/2009,DHN,AL,ASO,ES,Federal Contract Tower,9,2,60,132,203,0,0,56,23,79,9,2,116,155,282,84,68,152,434
03/03/2009,DHN,AL,ASO,ES,Federal Contract Tower,6,2,34,81,123,0,0,48,23,71,6,2,82,104,194,44,100,144,338
03/04/2009,DHN,AL,ASO,ES,Federal Contract Tower,8,0,39,91,138,0,2,62,13,77,8,2,101,104,215,64,22,86,301
03/05/2009,DHN,AL,ASO,ES,Federal Contract Tower,7,1,22,62,92,0,1,37,18,56,7,2,59,80,148,114,60,174,322
03/06/2009,DHN,AL,ASO,ES,Federal Contract Tower,7,3,36,98,144,0,1,45,23,69,7,4,81,121,213,111,68,179,392
03/07/2009,DHN,AL,ASO,ES,Federal Contract Tower,5,0,14,7,26,0,0,52,0,52,5,0,66,7,78,6,0,6,84
03/08/2009,DHN,AL,ASO,ES,Federal Contract Tower,6,0,12,4,22,0,0,15,1,16,6,0,27,5,38,20,0,20,58
03/09/2009,DHN,AL,ASO,ES,Federal Contract Tower,7,2,28,26,63,0,0,14,12,26,7,2,42,38,89,0,0,0,89
03/10/2009,DHN,AL,ASO,ES,Federal Contract Tower,9,3,55,83,150,0,1,42,36,79,9,4,97,119,229,22,128,150,379
03/11/2009,DHN,AL,ASO,ES,Federal Contract Tower,8,2,21,95,126,0,2,32,20,54,8,4,53,115,180,32,102,134,314
03/12/2009,DHN,AL,ASO,ES,Federal Contract Tower,7,2,46,43,98,0,1,40,29,70,7,3,86,72,168,70,116,186,354
03/13/2009,DHN,AL,ASO,ES,Federal Contract Tower,8,1,55,69,133,0,3,41,46,90,8,4,96,115,223,114,176,290,513
03/14/2009,DHN,AL,ASO,ES,Federal Contract Tower,5,1,14,0,20,0,0,12,0,12,5,1,26,0,32,14,0,14,46
03/15/2009,DHN,AL,ASO,ES,Federal Contract Tower,7,2,18,0,27,0,0,2,0,2,7,2,20,0,29,0,0,0,29
03/16/2009,DHN,AL,ASO,ES,Federal Contract Tower,7,2,56,74,139,0,0,9,5,14,7,2,65,79,153,40,52,92,245
03/17/2009,DHN,AL,ASO,ES,Federal Contract Tower,6,4,37,124,171,0,0,46,19,65,6,4,83,143,236,60,82,142,378
03/18/2009,DHN,AL,ASO,ES,Federal Contract Tower,7,1,43,94,145,0,1,47,56,104,7,2,90,150,249,52,230,282,531
03/19/2009,DHN,AL,ASO,ES,Federal Contract Tower,7,1,43,79,130,0,1,30,46,77,7,2,73,125,207,76,190,266,473
03/20/2009,DHN,AL,ASO,ES,Federal Contract Tower,8,1,44,76,129,0,1,65,39,105,8,2,109,115,234,80,150,230,464
03/21/2009,DHN,AL,ASO,ES,Federal Contract Tower,4,0,43,2,49,0,0,37,0,37,4,0,80,2,86,26,0,26,112
03/22/2009,DHN,AL,ASO,ES,Federal Contract Tower,10,0,15,4,29,0,0,27,0,27,10,0,42,4,56,18,0,18,74
03/23/2009,DHN,AL,ASO,ES,Federal Contract Tower,7,3,46,118,174,0,1,31,50,82,7,4,77,168,256,58,192,250,506
03/24/2009,DHN,AL,ASO,ES,Federal Contract Tower,7,2,57,84,150,0,1,35,37,73,7,3,92,121,223,42,120,162,385
03/25/2009,DHN,AL,ASO,ES,Federal Contract Tower,5,1,53,58,117,0,1,26,44,71,5,2,79,102,188,48,162,210,398
03/26/2009,DHN,AL,ASO,ES,Federal Contract Tower,9,4,77,65,155,0,0,3,8,11,9,4,80,73,166,12,6,18,184
03/27/2009,DHN,AL,ASO,ES,Federal Contract Tower,9,2,39,72,122,0,0,2,0,2,9,2,41,72,124,0,0,0,124
03/28/2009,DHN,AL,ASO,ES,Federal Contract Tower,5,2,3,1,11,0,0,0,0,0,5,2,3,1,11,0,0,0,11
03/29/2009,DHN,AL,ASO,ES,Federal Contract Tower,6,1,14,4,25,0,0,41,0,41,6,1,55,4,66,14,0,14,80
03/30/2009,DHN,AL,ASO,ES,Federal Contract Tower,9,4,25,98,136,0,2,45,44,91,9,6,70,142,227,38,178,216,443
03/31/2009,DHN,AL,ASO,ES,Federal Contract Tower,6,2,23,48,79,0,0,17,16,33,6,2,40,64,112,32,86,118,230
04/01/2009,DHN,AL,ASO,ES,Federal Contract Tower,6,2,51,77,136,0,0,2,0,2,6,2,53,77,138,0,8,8,146
04/02/2009,DHN,AL,ASO,ES,Federal Contract Tower,6,2,13,4,25,0,2,0,0,2,6,4,13,4,27,4,10,14,41
04/03/2009,DHN,AL,ASO,ES,Federal Contract Tower,7,2,56,113,178,0,0,44,41,85,7,2,100,154,263,76,188,264,527
04/04/2009,DHN,AL,ASO,ES,Federal Contract Tower,6,0,13,2,21,0,0,29,0,29,6,0,42,2,50,16,0,16,66
04/05/2009,DHN,AL,ASO,ES,Federal Contract Tower,5,0,11,7,23,0,0,0,0,0,5,0,11,7,23,0,0,0,23
04/06/2009,DHN,AL,ASO,ES,Federal Contract Tower,7,3,41,112,163,0,1,39,31,71,7,4,80,143,234,60,182,242,476
04/07/2009,DHN,AL,ASO,ES,Federal Contract Tower,8,1,51,72,132,0,1,46,19,66,8,2,97,91,198,104,80,184,382
04/08/2009,DHN,AL,ASO,ES,Federal Contract Tower,7,1,37,50,95,0,1,45,37,83,7,2,82,87,178,48,100,148,326
04/09/2009,DHN,AL,ASO,ES,Federal Contract Tower,8,1,35,74,118,2,0,38,55,95,10,1,73,129,213,46,192,238,451
04/10/2009,DHN,AL,ASO,ES,Federal Contract Tower,6,1,47,113,167,0,1,21,29,51,6,2,68,142,218,24,162,186,404
04/11/2009,DHN,AL,ASO,ES,Federal Contract Tower,5,2,22,20,49,0,0,28,1,29,5,2,50,21,78,20,0,20,98
04/12/2009,DHN,AL,ASO,ES,Federal Contract Tower,6,0,14,12,32,0,0,15,4,19,6,0,29,16,51,16,4,20,71
04/13/2009,DHN,AL,ASO,ES,Federal Contract Tower,7,2,26,48,83,0,0,0,0,0,7,2,26,48,83,0,0,0,83
04/14/2009,DHN,AL,ASO,ES,Federal Contract Tower,7,5,30,108,150,0,1,26,54,81,7,6,56,162,231,32,132,164,395
04/15/2009,DHN,AL,ASO,ES,Federal Contract Tower,7,0,35,47,89,0,2,44,36,82,7,2,79,83,171,56,120,176,347
04/16/2009,DHN,AL,ASO,ES,Federal Contract Tower,7,2,47,65,121,0,0,50,23,73,7,2,97,88,194,60,124,184,378
04/17/2009,DHN,AL,ASO,ES,Federal Contract Tower,13,3,44,67,127,0,0,28,46,74,13,3,72,113,201,66,140,206,407
04/18/2009,DHN,AL,ASO,ES,Federal Contract Tower,6,0,19,0,25,0,0,71,8,79,6,0,90,8,104,34,0,34,138
04/19/2009,DHN,AL,ASO,ES,Federal Contract Tower,7,0,7,2,16,0,0,4,0,4,7,0,11,2,20,0,0,0,20
04/20/2009,DHN,AL,ASO,ES,Federal Contract Tower,7,1,49,83,140,5,1,31,17,54,12,2,80,100,194,58,174,232,426
04/21/2009,DHN,AL,ASO,ES,Federal Contract Tower,6,4,42,42,94,0,0,27,27,54,6,4,69,69,148,40,110,150,298
04/22/2009,DHN,AL,ASO,ES,Federal Contract Tower,7,1,58,65,131,0,1,48,38,87,7,2,106,103,218,48,98,146,364
04/23/2009,DHN,AL,ASO,ES,Federal Contract Tower,8,1,30,77,116,0,1,37,40,78,8,2,67,117,194,38,84,122,316
04/24/2009,DHN,AL,ASO,ES,Federal Contract Tower,8,1,28,86,123,0,1,34,18,53,8,2,62,104,176,24,62,86,262
04/25/2009,DHN,AL,ASO,ES,Federal Contract Tower,5,0,18,5,28,0,0,19,2,21,5,0,37,7,49,20,0,20,69
04/26/2009,DHN,AL,ASO,ES,Federal Contract Tower,8,0,7,1,16,0,0,21,0,21,8,0,28,1,37,10,0,10,47
04/27/2009,DHN,AL,ASO,ES,Federal Contract Tower,9,2,20,83,114,0,0,30,20,50,9,2,50,103,164,94,50,144,308
04/28/2009,DHN,AL,ASO,ES,Federal Contract Tower,9,1,48,93,151,0,1,44,30,75,9,2,92,123,226,84,92,176,402
04/29/2009,DHN,AL,ASO,ES,Federal Contract Tower,6,0,30,88,124,0,0,45,38,83,6,0,75,126,207,60,181,241,448
04/30/2009,DHN,AL,ASO,ES,Federal Contract Tower,7,1,48,80,136,0,1,41,29,71,7,2,89,109,207,32,148,180,387
05/01/2009,DHN,AL,ASO,ES,Federal Contract Tower,8,5,45,115,173,0,1,33,34,68,8,6,78,149,241,34,170,204,445
05/02/2009,DHN,AL,ASO,ES,Federal Contract Tower,5,0,21,0,26,0,0,20,0,20,5,0,41,0,46,8,0,8,54
05/03/2009,DHN,AL,ASO,ES,Federal Contract Tower,2,0,18,1,21,0,0,9,0,9,2,0,27,1,30,4,0,4,34
05/04/2009,DHN,AL,ASO,ES,Federal Contract Tower,9,1,43,50,103,0,1,4,16,21,9,2,47,66,124,8,78,86,210
05/05/2009,DHN,AL,ASO,ES,Federal Contract Tower,5,4,49,73,131,0,1,9,15,25,5,5,58,88,156,20,76,96,252
05/06/2009,DHN,AL,ASO,ES,Federal Contract Tower,9,4,45,91,149,0,0,21,31,52,9,4,66,122,201,22,198,220,421
05/07/2009,DHN,AL,ASO,ES,Federal Contract Tower,6,2,42,99,149,0,0,17,12,29,6,2,59,111,178,26,60,86,264
05/08/2009,DHN,AL,ASO,ES,Federal Contract Tower,7,1,70,88,166,0,1,34,30,65,7,2,104,118,231,12,122,134,365
05/09/2009,DHN,AL,ASO,ES,Federal Contract Tower,6,0,17,4,27,0,0,20,0,20,6,0,37,4,47,14,0,14,61
05/10/2009,DHN,AL,ASO,ES,Federal Contract Tower,6,0,28,0,34,0,0,21,2,23,6,0,49,2,57,34,0,34,91
05/11/2009,DHN,AL,ASO,ES,Federal Contract Tower,9,4,38,84,135,0,0,36,38,74,9,4,74,122,209,68,124,192,401
05/12/2009,DHN,AL,ASO,ES,Federal Contract Tower,9,4,77,106,196,0,0,25,18,43,9,4,102,124,239,54,74,128,367
05/13/2009,DHN,AL,ASO,ES,Federal Contract Tower,6,2,74,103,185,0,0,27,23,50,6,2,101,126,235,54,92,146,381
05/14/2009,DHN,AL,ASO,ES,Federal Contract Tower,7,1,28,108,144,0,1,42,26,69,7,2,70,134,213,68,150,218,431
05/15/2009,DHN,AL,ASO,ES,Federal Contract Tower,7,2,48,86,143,0,0,39,32,71,7,2,87,118,214,68,176,244,458
05/16/2009,DHN,AL,ASO,ES,Federal Contract Tower,5,0,7,2,14,0,0,21,0,21,5,0,28,2,35,8,0,8,43
05/17/2009,DHN,AL,ASO,ES,Federal Contract Tower,11,0,7,0,18,0,0,6,0,6,11,0,13,0,24,0,0,0,24
05/18/2009,DHN,AL,ASO,ES,Federal Contract Tower,8,4,31,89,132,0,1,12,27,40,8,5,43,116,172,8,126,134,306
05/19/2009,DHN,AL,ASO,ES,Federal Contract Tower,7,3,26,39,75,6,1,32,38,77,13,4,58,77,152,8,68,76,228
05/20/2009,DHN,AL,ASO,ES,Federal Contract Tower,9,1,23,47,80,0,1,7,9,17,9,2,30,56,97,2,6,8,105
05/21/2009,DHN,AL,ASO,ES,Federal Contract Tower,7,6,61,75,149,0,0,5,5,10,7,6,66,80,159,12,0,12,171
05/22/2009,DHN,AL,ASO,ES,Federal Contract Tower,7,1,83,117,208,0,2,15,5,22,7,3,98,122,230,34,26,60,290
05/23/2009,DHN,AL,ASO,ES,Federal Contract Tower,5,0,11,0,16,0,0,0,3,3,5,0,11,3,19,0,0,0,19
05/24/2009,DHN,AL,ASO,ES,Federal Contract Tower,4,2,7,0,13,0,0,15,0,15,4,2,22,0,28,6,0,6,34
05/25/2009,DHN,AL,ASO,ES,Federal Contract Tower,6,0,16,0,22,0,0,5,2,7,6,0,21,2,29,8,0,8,37
05/26/2009,DHN,AL,ASO,ES,Federal Contract Tower,6,2,66,90,164,0,0,13,7,20,6,2,79,97,184,28,30,58,242
05/27/2009,DHN,AL,ASO,ES,Federal Contract Tower,8,3,46,76,133,0,0,21,19,40,8,3,67,95,173,22,108,130,303
05/28/2009,DHN,AL,ASO,ES,Federal Contract Tower,7,1,40,115,163,0,1,29,20,50,7,2,69,135,213,38,102,140,353
05/29/2009,DHN,AL,ASO,ES,Federal Contract Tower,7,3,43,119,172,0,1,48,58,107,7,4,91,177,279,38,186,224,503
05/30/2009,DHN,AL,ASO,ES,Federal Contract Tower,7,0,11,1,19,0,0,41,11,52,7,0,52,12,71,8,0,8,79
05/31/2009,DHN,AL,ASO,ES,Federal Contract Tower,6,0,9,4,19,0,2,41,6,49,6,2,50,10,68,12,8,20,88
06/01/2009,DHN,AL,ASO,ES,Federal Contract Tower,6,1,43,65,115,0,1,44,35,80,6,2,87,100,195,52,76,128,323
06/02/2009,DHN,AL,ASO,ES,Federal Contract Tower,8,4,41,142,195,0,1,34,43,78,8,5,75,185,273,74,178,252,525
06/03/2009,DHN,AL,ASO,ES,Federal Contract Tower,8,1,40,83,132,0,1,30,22,53,8,2,70,105,185,38,122,160,345
06/04/2009,DHN,AL,ASO,ES,Federal Contract Tower,6,5,69,84,164,0,0,3,16,19,6,5,72,100,183,14,110,124,307
06/05/2009,DHN,AL,ASO,ES,Federal Contract Tower,8,4,59,158,229,0,0,6,3,9,8,4,65,161,238,32,82,114,352
06/06/2009,DHN,AL,ASO,ES,Federal Contract Tower,5,2,15,4,26,0,0,37,1,38,5,2,52,5,64,4,10,14,78
06/07/2009,DHN,AL,ASO,ES,Federal Contract Tower,4,1,15,6,26,0,0,13,0,13,4,1,28,6,39,12,0,12,51
06/08/2009,DHN,AL,ASO,ES,Federal Contract Tower,8,1,40,94,143,0,1,56,33,90,8,2,96,127,233,52,186,238,471
06/09/2009,DHN,AL,ASO,ES,Federal Contract Tower,9,1,31,104,145,0,1,36,31,68,9,2,67,135,213,48,190,238,451
06/10/2009,DHN,AL,ASO,ES,Federal Contract Tower,5,1,40,106,152,0,1,35,27,63,5,2,75,133,215,50,110,160,375
06/11/2009,DHN,AL,ASO,ES,Federal Contract Tower,8,0,61,91,160,0,2,48,40,90,8,2,109,131,250,50,130,180,430
06/12/2009,DHN,AL,ASO,ES,Federal Contract Tower,9,2,33,98,142,0,0,46,33,79,9,2,79,131,221,32,148,180,401
06/13/2009,DHN,AL,ASO,ES,Federal Contract Tower,5,0,8,19,32,0,4,14,6,24,5,4,22,25,56,10,0,10,66
06/14/2009,DHN,AL,ASO,ES,Federal Contract Tower,4,0,8,6,18,0,0,17,0,17,4,0,25,6,35,4,0,4,39
06/15/2009,DHN,AL,ASO,ES,Federal Contract Tower,6,1,31,86,124,0,1,55,23,79,6,2,86,109,203,46,114,160,363
06/16/2009,DHN,AL,ASO,ES,Federal Contract Tower,5,1,24,60,90,0,1,47,18,66,5,2,71,78,156,36,50,86,242
06/17/2009,DHN,AL,ASO,ES,Federal Contract Tower,5,2,45,40,92,0,0,35,3,38,5,2,80,43,130,82,24,106,236
06/18/2009,DHN,AL,ASO,ES,Federal Contract Tower,7,1,52,46,106,0,0,39,34,73,7,1,91,80,179,68,94,162,341
06/19/2009,DHN,AL,ASO,ES,Federal Contract Tower,8,5,47,93,153,0,0,42,26,68,8,5,89,119,221,58,120,178,399
06/20/2009,DHN,AL,ASO,ES,Federal Contract Tower,5,0,12,0,17,0,0,15,0,15,5,0,27,0,32,6,0,6,38
06/21/2009,DHN,AL,ASO,ES,Federal Contract Tower,5,0,9,3,17,0,0,25,0,25,5,0,34,3,42,0,0,0,42
06/22/2009,DHN,AL,ASO,ES,Federal Contract Tower,3,3,33,101,140,0,0,40,23,63,3,3,73,124,203,46,98,144,347
06/23/2009,DHN,AL,ASO,ES,Federal Contract Tower,7,7,46,90,150,0,0,32,19,51,7,7,78,109,201,64,116,180,381
06/24/2009,DHN,AL,ASO,ES,Federal Contract Tower,6,3,67,96,172,0,1,47,28,76,6,4,114,124,248,66,104,170,418
06/25/2009,DHN,AL,ASO,ES,Federal Contract Tower,7,8,61,70,146,0,0,43,32,75,7,8,104,102,221,42,148,190,411
06/26/2009,DHN,AL,ASO,ES,Federal Contract Tower,10,4,41,61,116,0,1,47,41,89,10,5,88,102,205,40,156,196,401
06/27/2009,DHN,AL,ASO,ES,Federal Contract Tower,6,0,19,0,25,0,0,27,4,31,6,0,46,4,56,8,0,8,64
06/28/2009,DHN,AL,ASO,ES,Federal Contract Tower,8,0,16,4,28,0,0,30,0,30,8,0,46,4,58,0,0,0,58
06/29/2009,DHN,AL,ASO,ES,Federal Contract Tower,6,2,46,92,146,0,0,33,23,56,6,2,79,115,202,54,100,154,356
06/30/2009,DHN,AL,ASO,ES,Federal Contract Tower,6,1,44,96,147,0,1,45,36,82,6,2,89,132,229,50,130,180,409
07/01/2009,DHN,AL,ASO,ES,Federal Contract Tower,5,4,36,84,129,0,0,49,40,89,5,4,85,124,218,60,116,176,394
07/02/2009,DHN,AL,ASO,ES,Federal Contract Tower,7,1,45,74,127,0,1,42,32,75,7,2,87,106,202,16,126,142,344
07/03/2009,DHN,AL,ASO,ES,Federal Contract Tower,10,0,33,0,43,0,0,49,0,49,10,0,82,0,92,18,0,18,110
07/04/2009,DHN,AL,ASO,ES,Federal Contract Tower,8,2,13,0,23,0,0,13,0,13,8,2,26,0,36,0,0,0,36
07/05/2009,DHN,AL,ASO,ES,Federal Contract Tower,5,4,7,2,18,0,0,44,1,45,5,4,51,3,63,0,0,0,63
07/06/2009,DHN,AL,ASO,ES,Federal Contract Tower,9,2,49,99,159,0,0,7,9,16,9,2,56,108,175,16,20,36,211
07/07/2009,DHN,AL,ASO,ES,Federal Contract Tower,9,2,53,129,193,0,0,14,9,23,9,2,67,138,216,20,40,60,276
07/08/2009,DHN,AL,ASO,ES,Federal Contract Tower,4,2,72,111,189,0,0,26,14,40,4,2,98,125,229,48,98,146,375
07/09/2009,DHN,AL,ASO,ES,Federal Contract Tower,6,2,26,112,146,0,0,53,42,95,6,2,79,154,241,28,144,172,413
07/10/2009,DHN,AL,ASO,ES,Federal Contract Tower,7,2,43,17,69,0,0,26,5,31,7,2,69,22,100,4,0,4,104
07/11/2009,DHN,AL,ASO,ES,Federal Contract Tower,5,2,18,0,25,0,0,12,0,12,5,2,30,0,37,0,0,0,37
07/12/2009,DHN,AL,ASO,ES,Federal Contract Tower,5,2,10,9,26,0,0,27,2,29,5,2,37,11,55,4,0,4,59
07/13/2009,DHN,AL,ASO,ES,Federal Contract Tower,6,1,24,74,105,0,1,20,14,35,6,2,44,88,140,12,100,112,252
07/14/2009,DHN,AL,ASO,ES,Federal Contract Tower,6,4,36,90,136,0,1,27,6,34,6,5,63,96,170,82,68,150,320
07/15/2009,DHN,AL,ASO,ES,Federal Contract Tower,6,3,56,81,146,0,0,23,7,30,6,3,79,88,176,48,54,102,278
07/16/2009,DHN,AL,ASO,ES,Federal Contract Tower,7,4,52,72,135,0,4,15,20,39,7,8,67,92,174,34,70,104,278
07/17/2009,DHN,AL,ASO,ES,Federal Contract Tower,4,5,47,55,111,0,0,38,33,71,4,5,85,88,182,58,112,170,352
07/18/2009,DHN,AL,ASO,ES,Federal Contract Tower,6,0,9,0,15,0,0,22,0,22,6,0,31,0,37,8,0,8,45
07/19/2009,DHN,AL,ASO,ES,Federal Contract Tower,7,0,12,0,19,0,0,20,2,22,7,0,32,2,41,0,0,0,41
07/20/2009,DHN,AL,ASO,ES,Federal Contract Tower,6,1,32,79,118,0,1,48,38,87,6,2,80,117,205,52,150,202,407
07/21/2009,DHN,AL,ASO,ES,Federal Contract Tower,8,1,32,92,133,0,1,37,39,77,8,2,69,131,210,78,122,200,410
07/22/2009,DHN,AL,ASO,ES,Federal Contract Tower,6,2,47,123,178,0,1,43,29,73,6,3,90,152,251,56,108,164,415
07/23/2009,DHN,AL,ASO,ES,Federal Contract Tower,5,5,48,91,149,0,0,31,19,50,5,5,79,110,199,68,148,216,415
07/24/2009,DHN,AL,ASO,ES,Federal Contract Tower,6,2,32,67,107,0,2,45,40,87,6,4,77,107,194,40,196,236,430
07/25/2009,DHN,AL,ASO,ES,Federal Contract Tower,7,0,18,17,42,0,0,29,3,32,7,0,47,20,74,24,0,24,98
07/26/2009,DHN,AL,ASO,ES,Federal Contract Tower,5,0,15,5,25,0,0,19,1,20,5,0,34,6,45,8,0,8,53
07/27/2009,DHN,AL,ASO,ES,Federal Contract Tower,5,1,49,61,116,0,5,33,37,75,5,6,82,98,191,44,126,170,361
07/28/2009,DHN,AL,ASO,ES,Federal Contract Tower,6,2,58,68,134,0,0,36,27,63,6,2,94,95,197,36,106,142,339
07/29/2009,DHN,AL,ASO,ES,Federal Contract Tower,5,1,39,106,151,0,1,23,27,51,5,2,62,133,202,24,90,114,316
07/30/2009,DHN,AL,ASO,ES,Federal Contract Tower,3,2,61,64,130,0,1,25,21,47,3,3,86,85,177,36,84,120,297
07/31/2009,DHN,AL,ASO,ES,Federal Contract Tower,7,2,63,39,111,0,0,30,34,64,7,2,93,73,175,84,152,236,411
08/01/2009,DHN,AL,ASO,ES,Federal Contract Tower,5,0,28,21,54,0,0,10,10,20,5,0,38,31,74,6,0,6,80
08/02/2009,DHN,AL,ASO,ES,Federal Contract Tower,4,0,15,7,26,0,0,23,2,25,4,0,38,9,51,0,6,6,57
08/03/2009,DHN,AL,ASO,ES,Federal Contract Tower,5,1,39,65,110,0,1,29,32,62,5,2,68,97,172,50,122,172,344
08/04/2009,DHN,AL,ASO,ES,Federal Contract Tower,6,6,38,105,155,0,1,30,38,69,6,7,68,143,224,42,130,172,396
08/05/2009,DHN,AL,ASO,ES,Federal Contract Tower,7,2,32,64,105,0,0,37,30,67,7,2,69,94,172,24,122,146,318
08/06/2009,DHN,AL,ASO,ES,Federal Contract Tower,5,1,38,99,143,0,1,28,23,52,5,2,66,122,195,36,104,140,335
08/07/2009,DHN,AL,ASO,ES,Federal Contract Tower,7,2,32,68,109,0,0,51,16,67,7,2,83,84,176,98,56,154,330
08/08/2009,DHN,AL,ASO,ES,Federal Contract Tower,5,1,9,2,17,0,0,35,2,37,5,1,44,4,54,20,12,32,86
08/09/2009,DHN,AL,ASO,ES,Federal Contract Tower,5,0,3,29,37,0,0,19,13,32,5,0,22,42,69,12,16,28,97
08/10/2009,DHN,AL,ASO,ES,Federal Contract Tower,6,2,37,95,140,0,0,47,45,92,6,2,84,140,232,66,164,230,462
08/11/2009,DHN,AL,ASO,ES,Federal Contract Tower,6,2,38,87,133,0,0,46,31,77,6,2,84,118,210,74,102,176,386
08/12/2009,DHN,AL,ASO,ES,Federal Contract Tower,7,2,29,92,130,0,0,25,35,60,7,2,54,127,190,40,128,168,358
08/13/2009,DHN,AL,ASO,ES,Federal Contract Tower,8,4,53,81,146,0,2,28,20,50,8,6,81,101,196,32,70,102,298
08/14/2009,DHN,AL,ASO,ES,Federal Contract Tower,10,2,44,42,98,0,0,41,68,109,10,2,85,110,207,38,164,202,409
08/15/2009,DHN,AL,ASO,ES,Federal Contract Tower,7,0,9,8,24,0,0,37,8,45,7,0,46,16,69,16,10,26,95
08/16/2009,DHN,AL,ASO,ES,Federal Contract Tower,5,0,8,2,15,0,0,14,2,16,5,0,22,4,31,12,0,12,43
08/17/2009,DHN,AL,ASO,ES,Federal Contract Tower,6,2,54,88,150,0,0,24,10,34,6,2,78,98,184,70,86,156,340
08/18/2009,DHN,AL,ASO,ES,Federal Contract Tower,7,2,48,111,168,0,0,52,20,72,7,2,100,131,240,30,108,138,378
08/19/2009,DHN,AL,ASO,ES,Federal Contract Tower,7,1,49,43,100,0,1,20,18,39,7,2,69,61,139,30,76,106,245
08/20/2009,DHN,AL,ASO,ES,Federal Contract Tower,6,3,48,103,160,0,0,26,24,50,6,3,74,127,210,20,123,143,353
08/21/2009,DHN,AL,ASO,ES,Federal Contract Tower,7,6,73,77,163,0,0,35,22,57,7,6,108,99,220,42,112,154,374
08/22/2009,DHN,AL,ASO,ES,Federal Contract Tower,5,0,37,0,42,0,0,17,0,17,5,0,54,0,59,24,0,24,83
08/23/2009,DHN,AL,ASO,ES,Federal Contract Tower,4,2,9,0,15,0,0,43,0,43,4,2,52,0,58,20,0,20,78
08/24/2009,DHN,AL,ASO,ES,Federal Contract Tower,6,4,49,76,135,0,1,51,46,98,6,5,100,122,233,68,166,234,467
08/25/2009,DHN,AL,ASO,ES,Federal Contract Tower,6,2,40,105,153,0,0,34,44,78,6,2,74,149,231,48,158,206,437
08/26/2009,DHN,AL,ASO,ES,Federal Contract Tower,13,2,77,107,199,0,0,32,24,56,13,2,109,131,255,40,128,168,423
08/27/2009,DHN,AL,ASO,ES,Federal Contract Tower,9,4,63,88,164,0,0,13,8,21,9,4,76,96,185,20,46,66,251
08/28/2009,DHN,AL,ASO,ES,Federal Contract Tower,9,1,29,91,130,0,1,9,14,24,9,2,38,105,154,4,64,68,222
08/29/2009,DHN,AL,ASO,ES,Federal Contract Tower,7,0,26,2,35,0,0,18,0,18,7,0,44,2,53,14,0,14,67
08/30/2009,DHN,AL,ASO,ES,Federal Contract Tower,4,0,14,0,18,0,0,19,4,23,4,0,33,4,41,20,0,20,61
08/31/2009,DHN,AL,ASO,ES,Federal Contract Tower,7,4,48,117,176,0,0,25,17,42,7,4,73,134,218,22,94,116,334
09/01/2009,DHN,AL,ASO,ES,Federal Contract Tower,5,6,50,78,139,0,0,24,4,28,5,6,74,82,167,76,48,124,291
09/02/2009,DHN,AL,ASO,ES,Federal Contract Tower,9,2,48,78,137,0,0,0,1,1,9,2,48,79,138,0,22,22,160
09/03/2009,DHN,AL,ASO,ES,Federal Contract Tower,5,1,43,88,137,0,2,44,18,64,5,3,87,106,201,56,84,140,341
09/04/2009,DHN,AL,ASO,ES,Federal Contract Tower,6,1,38,99,144,0,1,44,28,73,6,2,82,127,217,40,158,198,415
09/05/2009,DHN,AL,ASO,ES,Federal Contract Tower,5,2,10,0,17,0,0,28,0,28,5,2,38,0,45,16,0,16,61
09/06/2009,DHN,AL,ASO,ES,Federal Contract Tower,3,0,2,2,7,0,0,19,2,21,3,0,21,4,28,28,0,28,56
09/07/2009,DHN,AL,ASO,ES,Federal Contract Tower,5,0,22,0,27,0,3,15,0,18,5,3,37,0,45,4,0,4,49
09/08/2009,DHN,AL,ASO,ES,Federal Contract Tower,6,2,35,70,113,6,2,75,101,184,12,4,110,171,297,66,136,202,499
09/09/2009,DHN,AL,ASO,ES,Federal Contract Tower,6,1,43,124,174,0,1,38,34,73,6,2,81,158,247,54,170,224,471
09/10/2009,DHN,AL,ASO,ES,Federal Contract Tower,9,1,38,170,218,0,0,31,19,50,9,1,69,189,268,40,104,144,412
09/11/2009,DHN,AL,ASO,ES,Federal Contract Tower,7,1,53,100,161,0,1,39,41,81,7,2,92,141,242,48,152,200,442
09/12/2009,DHN,AL,ASO,ES,Federal Contract Tower,5,0,32,0,37,0,0,10,0,10,5,0,42,0,47,8,0,8,55
09/13/2009,DHN,AL,ASO,ES,Federal Contract Tower,5,0,12,12,29,0,0,12,6,18,5,0,24,18,47,18,4,22,69
09/14/2009,DHN,AL,ASO,ES,Federal Contract Tower,6,3,63,133,205,0,0,27,14,41,6,3,90,147,246,16,78,94,340
09/15/2009,DHN,AL,ASO,ES,Federal Contract Tower,6,1,74,121,202,0,1,10,15,26,6,2,84,136,228,16,92,108,336
09/16/2009,DHN,AL,ASO,ES,Federal Contract Tower,6,2,52,112,172,0,0,9,10,19,6,2,61,122,191,20,74,94,285
09/17/2009,DHN,AL,ASO,ES,Federal Contract Tower,7,2,70,125,204,0,0,27,21,48,7,2,97,146,252,36,64,100,352
09/18/2009,DHN,AL,ASO,ES,Federal Contract Tower,7,3,59,149,218,0,0,24,36,60,7,3,83,185,278,34,96,130,408
09/19/2009,DHN,AL,ASO,ES,Federal Contract Tower,5,0,14,9,28,0,0,11,2,13,5,0,25,11,41,20,10,30,71
09/20/2009,DHN,AL,ASO,ES,Federal Contract Tower,4,2,18,0,24,0,0,29,3,32,4,2,47,3,56,22,0,22,78
09/21/2009,DHN,AL,ASO,ES,Federal Contract Tower,4,1,67,55,127,0,1,6,22,29,4,2,73,77,156,34,74,108,264
09/22/2009,DHN,AL,ASO,ES,Federal Contract Tower,6,1,77,77,161,0,0,13,15,28,6,1,90,92,189,16,80,96,285
09/23/2009,DHN,AL,ASO,ES,Federal Contract Tower,6,2,60,38,106,0,0,47,48,95,6,2,107,86,201,60,190,250,451
09/24/2009,DHN,AL,ASO,ES,Federal Contract Tower,8,2,27,89,126,0,0,30,34,64,8,2,57,123,190,38,112,150,340
09/25/2009,DHN,AL,ASO,ES,Federal Contract Tower,7,2,41,70,120,0,0,65,36,101,7,2,106,106,221,88,158,246,467
09/26/2009,DHN,AL,ASO,ES,Federal Contract Tower,6,0,19,0,25,0,0,14,1,15,6,0,33,1,40,20,26,46,86
09/27/2009,DHN,AL,ASO,ES,Federal Contract Tower,7,0,22,2,31,0,0,30,3,33,7,0,52,5,64,18,0,18,82
09/28/2009,DHN,AL,ASO,ES,Federal Contract Tower,6,2,27,66,101,0,0,52,14,66,6,2,79,80,167,32,78,110,277
09/29/2009,DHN,AL,ASO,ES,Federal Contract Tower,5,1,21,67,94,0,1,51,25,77,5,2,72,92,171,68,84,152,323
09/30/2009,DHN,AL,ASO,ES,Federal Contract Tower,8,2,45,114,169,0,0,49,28,77,8,2,94,142,246,56,106,162,408
10/01/2009,DHN,AL,ASO,ES,Federal Contract Tower,7,1,33,57,98,0,1,47,41,89,7,2,80,98,187,54,168,222,409
10/02/2009,DHN,AL,ASO,ES,Federal Contract Tower,6,2,36,76,120,0,2,44,36,82,6,4,80,112,202,50,182,232,434
10/03/2009,DHN,AL,ASO,ES,Federal Contract Tower,6,0,21,0,27,0,0,26,0,26,6,0,47,0,53,14,0,14,67
10/04/2009,DHN,AL,ASO,ES,Federal Contract Tower,5,1,13,13,32,0,0,22,4,26,5,1,35,17,58,10,0,10,68
10/05/2009,DHN,AL,ASO,ES,Federal Contract Tower,6,1,44,100,151,0,1,8,24,33,6,2,52,124,184,34,116,150,334
10/06/2009,DHN,AL,ASO,ES,Federal Contract Tower,7,4,47,76,134,0,0,11,21,32,7,4,58,97,166,8,68,76,242
10/07/2009,DHN,AL,ASO,ES,Federal Contract Tower,9,3,52,89,153,0,1,22,28,51,9,4,74,117,204,22,186,208,412
10/08/2009,DHN,AL,ASO,ES,Federal Contract Tower,10,1,40,75,126,1,1,26,52,80,11,2,66,127,206,30,278,308,514
10/09/2009,DHN,AL,ASO,ES,Federal Contract Tower,9,2,60,86,157,0,0,17,33,50,9,2,77,119,207,12,184,196,403
10/10/2009,DHN,AL,ASO,ES,Federal Contract Tower,6,0,6,5,17,0,0,15,0,15,6,0,21,5,32,6,0,6,38
10/11/2009,DHN,AL,ASO,ES,Federal Contract Tower,5,1,16,3,25,0,0,20,6,26,5,1,36,9,51,6,16,22,73
10/12/2009,DHN,AL,ASO,ES,Federal Contract Tower,6,4,11,3,24,0,0,9,0,9,6,4,20,3,33,14,0,14,47
10/13/2009,DHN,AL,ASO,ES,Federal Contract Tower,7,4,53,98,162,0,0,3,3,6,7,4,56,101,168,28,24,52,220
10/14/2009,DHN,AL,ASO,ES,Federal Contract Tower,7,2,35,122,166,0,0,15,15,30,7,2,50,137,196,22,62,84,280
10/15/2009,DHN,AL,ASO,ES,Federal Contract Tower,4,3,47,75,129,0,0,25,9,34,4,3,72,84,163,22,68,90,253
10/16/2009,DHN,AL,ASO,ES,Federal Contract Tower,9,6,68,94,177,0,0,10,13,23,9,6,78,107,200,38,56,94,294
10/17/2009,DHN,AL,ASO,ES,Federal Contract Tower,5,2,16,9,32,0,0,18,0,18,5,2,34,9,50,0,0,0,50
10/18/2009,DHN,AL,ASO,ES,Federal Contract Tower,3,1,13,1,18,0,0,23,0,23,3,1,36,1,41,18,0,18,59
10/19/2009,DHN,AL,ASO,ES,Federal Contract Tower,6,1,39,67,113,0,1,47,37,85,6,2,86,104,198,42,196,238,436
10/20/2009,DHN,AL,ASO,ES,Federal Contract Tower,5,2,42,70,119,0,0,46,34,80,5,2,88,104,199,52,108,160,359
10/21/2009,DHN,AL,ASO,ES,Federal Contract Tower,7,1,32,66,106,0,1,46,26,73,7,2,78,92,179,52,84,136,315
10/22/2009,DHN,AL,ASO,ES,Federal Contract Tower,11,1,33,96,141,0,1,48,37,86,11,2,81,133,227,44,108,152,379
10/23/2009,DHN,AL,ASO,ES,Federal Contract Tower,9,2,48,71,130,0,0,6,7,13,9,2,54,78,143,14,10,24,167
10/24/2009,DHN,AL,ASO,ES,Federal Contract Tower,5,0,44,0,49,0,0,32,2,34,5,0,76,2,83,24,0,24,107
10/25/2009,DHN,AL,ASO,ES,Federal Contract Tower,7,0,23,4,34,0,0,41,2,43,7,0,64,6,77,46,0,46,123
10/26/2009,DHN,AL,ASO,ES,Federal Contract Tower,5,1,32,67,105,0,1,43,21,65,5,2,75,88,170,108,26,134,304
10/27/2009,DHN,AL,ASO,ES,Federal Contract Tower,8,1,41,19,69,0,1,2,1,4,8,2,43,20,73,6,8,14,87
10/28/2009,DHN,AL,ASO,ES,Federal Contract Tower,5,3,60,107,175,0,1,14,6,21,5,4,74,113,196,26,36,62,258
10/29/2009,DHN,AL,ASO,ES,Federal Contract Tower,9,4,32,75,120,0,1,42,42,85,9,5,74,117,205,82,170,252,457
10/30/2009,DHN,AL,ASO,ES,Federal Contract Tower,7,3,50,110,170,0,0,18,10,28,7,3,68,120,198,36,88,124,322
10/31/2009,DHN,AL,ASO,ES,Federal Contract Tower,7,0,11,0,18,0,0,1,0,1,7,0,12,0,19,0,0,0,19
11/01/2009,DHN,AL,ASO,ES,Federal Contract Tower,5,0,27,2,34,0,0,39,2,41,5,0,66,4,75,28,0,28,103
11/02/2009,DHN,AL,ASO,ES,Federal Contract Tower,7,1,25,63,96,0,1,33,24,58,7,2,58,87,154,44,108,152,306
11/03/2009,DHN,AL,ASO,ES,Federal Contract Tower,6,2,46,47,101,0,1,51,50,102,6,3,97,97,203,30,116,146,349
11/04/2009,DHN,AL,ASO,ES,Federal Contract Tower,7,8,35,48,98,0,0,52,26,78,7,8,87,74,176,50,32,82,258
11/05/2009,DHN,AL,ASO,ES,Federal Contract Tower,6,6,35,58,105,0,0,54,64,118,6,6,89,122,223,76,82,158,381
11/06/2009,DHN,AL,ASO,ES,Federal Contract Tower,6,3,34,71,114,0,1,38,57,96,6,4,72,128,210,30,80,110,320
11/07/2009,DHN,AL,ASO,ES,Federal Contract Tower,6,2,14,0,22,0,0,19,2,21,6,2,33,2,43,2,0,2,45
11/08/2009,DHN,AL,ASO,ES,Federal Contract Tower,6,0,18,0,24,0,0,20,4,24,6,0,38,4,48,0,0,0,48
11/09/2009,DHN,AL,ASO,ES,Federal Contract Tower,5,5,20,60,90,0,0,25,30,55,5,5,45,90,145,6,54,60,205
11/10/2009,DHN,AL,ASO,ES,Federal Contract Tower,4,3,1,14,22,0,0,0,9,9,4,3,1,23,31,0,10,10,41
11/11/2009,DHN,AL,ASO,ES,Federal Contract Tower,6,7,20,2,35,0,0,8,3,11,6,7,28,5,46,4,2,6,52
11/12/2009,DHN,AL,ASO,ES,Federal Contract Tower,9,5,32,40,86,0,1,38,54,93,9,6,70,94,179,30,108,138,317
11/13/2009,DHN,AL,ASO,ES,Federal Contract Tower,8,2,30,82,122,0,0,29,51,80,8,2,59,133,202,66,94,160,362
11/14/2009,DHN,AL,ASO,ES,Federal Contract Tower,5,0,22,0,27,0,0,24,4,28,5,0,46,4,55,4,0,4,59
11/15/2009,DHN,AL,ASO,ES,Federal Contract Tower,5,0,10,2,17,0,0,20,0,20,5,0,30,2,37,0,0,0,37
11/16/2009,DHN,AL,ASO,ES,Federal Contract Tower,6,4,32,77,119,0,0,29,40,69,6,4,61,117,188,51,48,99,287
11/17/2009,DHN,AL,ASO,ES,Federal Contract Tower,6,1,37,73,117,0,1,5,8,14,6,2,42,81,131,12,22,34,165
11/18/2009,DHN,AL,ASO,ES,Federal Contract Tower,5,2,42,40,89,0,1,55,24,80,5,3,97,64,169,28,42,70,239
11/19/2009,DHN,AL,ASO,ES,Federal Contract Tower,7,3,39,54,103,0,1,38,26,65,7,4,77,80,168,36,20,56,224
11/20/2009,DHN,AL,ASO,ES,Federal Contract Tower,7,4,25,41,77,0,0,27,25,52,7,4,52,66,129,46,14,60,189
11/21/2009,DHN,AL,ASO,ES,Federal Contract Tower,5,0,8,0,13,0,0,12,0,12,5,0,20,0,25,4,0,4,29
11/22/2009,DHN,AL,ASO,ES,Federal Contract Tower,1,0,4,0,5,0,0,0,0,0,1,0,4,0,5,0,0,0,5
11/23/2009,DHN,AL,ASO,ES,Federal Contract Tower,2,2,19,44,67,0,0,0,0,0,2,2,19,44,67,0,0,0,67
11/24/2009,DHN,AL,ASO,ES,Federal Contract Tower,5,2,26,70,103,0,1,12,17,30,5,3,38,87,133,22,28,50,183
11/25/2009,DHN,AL,ASO,ES,Federal Contract Tower,8,2,41,66,117,0,0,50,35,85,8,2,91,101,202,72,54,126,328
11/26/2009,DHN,AL,ASO,ES,Federal Contract Tower,3,0,7,0,10,0,0,12,0,12,3,0,19,0,22,0,0,0,22
11/27/2009,DHN,AL,ASO,ES,Federal Contract Tower,2,0,10,0,12,0,0,1,0,1,2,0,11,0,13,0,0,0,13
11/28/2009,DHN,AL,ASO,ES,Federal Contract Tower,7,0,19,0,26,0,0,17,0,17,7,0,36,0,43,6,0,6,49
11/29/2009,DHN,AL,ASO,ES,Federal Contract Tower,6,0,16,0,22,0,0,23,0,23,6,0,39,0,45,14,0,14,59
11/30/2009,DHN,AL,ASO,ES,Federal Contract Tower,6,5,23,56,90,0,0,21,31,52,6,5,44,87,142,22,79,101,243
12/01/2009,DHN,AL,ASO,ES,Federal Contract Tower,6,10,51,79,146,0,0,21,29,50,6,10,72,108,196,22,26,48,244
12/02/2009,DHN,AL,ASO,ES,Federal Contract Tower,2,7,22,46,77,0,0,6,32,38,2,7,28,78,115,20,74,94,209
12/03/2009,DHN,AL,ASO,ES,Federal Contract Tower,8,4,48,92,152,0,0,24,11,35,8,4,72,103,187,28,22,50,237
12/04/2009,DHN,AL,ASO,ES,Federal Contract Tower,8,3,40,55,106,0,0,54,35,89,8,3,94,90,195,42,82,124,319
12/05/2009,DHN,AL,ASO,ES,Federal Contract Tower,7,0,29,12,48,0,0,32,9,41,7,0,61,21,89,34,30,64,153
12/06/2009,DHN,AL,ASO,ES,Federal Contract Tower,5,1,11,4,21,0,0,26,0,26,5,1,37,4,47,8,0,8,55
12/07/2009,DHN,AL,ASO,ES,Federal Contract Tower,9,1,36,69,115,0,2,35,13,50,9,3,71,82,165,29,22,51,216
12/08/2009,DHN,AL,ASO,ES,Federal Contract Tower,2,4,27,38,71,0,0,1,0,1,2,4,28,38,72,0,0,0,72
12/09/2009,DHN,AL,ASO,ES,Federal Contract Tower,7,3,28,77,115,0,0,22,24,46,7,3,50,101,161,12,56,68,229
12/10/2009,DHN,AL,ASO,ES,Federal Contract Tower,4,2,33,60,99,0,0,41,53,94,4,2,74,113,193,66,120,186,379
12/11/2009,DHN,AL,ASO,ES,Federal Contract Tower,6,3,41,67,117,0,0,39,46,85,6,3,80,113,202,62,94,156,358
12/12/2009,DHN,AL,ASO,ES,Federal Contract Tower,2,3,9,0,14,0,0,1,0,1,2,3,10,0,15,0,0,0,15
12/13/2009,DHN,AL,ASO,ES,Federal Contract Tower,0,1,1,0,2,0,0,0,0,0,0,1,1,0,2,0,0,0,2
12/14/2009,DHN,AL,ASO,ES,Federal Contract Tower,0,2,15,1,18,0,0,0,0,0,0,2,15,1,18,0,0,0,18
12/15/2009,DHN,AL,ASO,ES,Federal Contract Tower,6,2,35,55,98,0,0,8,4,12,6,2,43,59,110,2,18,20,130
12/16/2009,DHN,AL,ASO,ES,Federal Contract Tower,10,2,24,53,89,2,1,32,28,63,12,3,56,81,152,16,44,60,212
12/17/2009,DHN,AL,ASO,ES,Federal Contract Tower,7,1,32,32,72,0,1,25,21,47,7,2,57,53,119,6,22,28,147
12/18/2009,DHN,AL,ASO,ES,Federal Contract Tower,1,2,25,17,45,0,0,1,0,1,1,2,26,17,46,0,0,0,46
12/19/2009,DHN,AL,ASO,ES,Federal Contract Tower,6,0,11,2,19,0,0,20,0,20,6,0,31,2,39,18,0,18,57
12/20/2009,DHN,AL,ASO,ES,Federal Contract Tower,6,0,7,0,13,0,0,42,0,42,6,0,49,0,55,34,0,34,89
12/21/2009,DHN,AL,ASO,ES,Federal Contract Tower,6,3,22,2,33,0,1,18,0,19,6,4,40,2,52,12,0,12,64
12/22/2009,DHN,AL,ASO,ES,Federal Contract Tower,7,4,14,6,31,0,0,27,0,27,7,4,41,6,58,0,0,0,58
12/23/2009,DHN,AL,ASO,ES,Federal Contract Tower,7,3,7,8,25,0,0,17,1,18,7,3,24,9,43,4,0,4,47
12/24/2009,DHN,AL,ASO,ES,Federal Contract Tower,4,5,0,0,9,0,0,0,0,0,4,5,0,0,9,0,0,0,9
12/25/2009,DHN,AL,ASO,ES,Federal Contract Tower,3,1,0,0,4,0,0,0,0,0,3,1,0,0,4,0,0,0,4
12/26/2009,DHN,AL,ASO,ES,Federal Contract Tower,6,0,25,0,31,0,0,24,0,24,6,0,49,0,55,8,0,8,63
12/27/2009,DHN,AL,ASO,ES,Federal Contract Tower,6,2,3,0,11,0,0,13,0,13,6,2,16,0,24,8,0,8,32
12/28/2009,DHN,AL,ASO,ES,Federal Contract Tower,6,3,20,2,31,0,0,35,6,41,6,3,55,8,72,10,2,12,84
12/29/2009,DHN,AL,ASO,ES,Federal Contract Tower,5,6,18,8,37,0,1,19,2,22,5,7,37,10,59,14,0,14,73
12/30/2009,DHN,AL,ASO,ES,Federal Contract Tower,9,3,22,6,40,0,1,20,3,24,9,4,42,9,64,20,22,42,106
12/31/2009,DHN,AL,ASO,ES,Federal Contract Tower,4,2,4,0,10,0,0,0,0,0,4,2,4,0,10,0,0,0,10
01/01/2010,DHN,AL,ASO,ES,Federal Contract Tower,4,4,13,0,21,0,0,2,0,2,4,4,15,0,23,0,0,0,23
01/02/2010,DHN,AL,ASO,ES,Federal Contract Tower,6,0,11,1,18,0,0,16,0,16,6,0,27,1,34,0,0,0,34
01/03/2010,DHN,AL,ASO,ES,Federal Contract Tower,5,0,10,2,17,0,0,37,0,37,5,0,47,2,54,20,0,20,74
01/04/2010,DHN,AL,ASO,ES,Federal Contract Tower,7,1,27,44,79,0,1,42,30,73,7,2,69,74,152,26,36,62,214
01/05/2010,DHN,AL,ASO,ES,Federal Contract Tower,7,6,20,34,67,0,0,38,28,66,7,6,58,62,133,56,24,80,213
01/06/2010,DHN,AL,ASO,ES,Federal Contract Tower,8,2,24,66,100,0,0,55,25,80,8,2,79,91,180,54,38,92,272
01/07/2010,DHN,AL,ASO,ES,Federal Contract Tower,4,4,14,32,54,0,0,36,42,78,4,4,50,74,132,42,64,106,238
01/08/2010,DHN,AL,ASO,ES,Federal Contract Tower,5,2,25,50,82,0,0,34,48,82,5,2,59,98,164,14,72,86,250
01/09/2010,DHN,AL,ASO,ES,Federal Contract Tower,5,0,8,0,13,0,0,4,8,12,5,0,12,8,25,0,0,0,25
01/10/2010,DHN,AL,ASO,ES,Federal Contract Tower,5,0,13,3,21,0,0,23,5,28,5,0,36,8,49,0,0,0,49
01/11/2010,DHN,AL,ASO,ES,Federal Contract Tower,5,2,30,62,99,0,0,36,38,74,5,2,66,100,173,12,36,48,221
01/12/2010,DHN,AL,ASO,ES,Federal Contract Tower,7,2,25,69,103,0,0,36,42,78,7,2,61,111,181,26,92,118,299
01/13/2010,DHN,AL,ASO,ES,Federal Contract Tower,5,2,25,79,111,0,0,39,27,66,5,2,64,106,177,42,64,106,283
01/14/2010,DHN,AL,ASO,ES,Federal Contract Tower,6,4,23,62,95,0,0,36,33,69,6,4,59,95,164,70,63,133,297
01/15/2010,DHN,AL,ASO,ES,Federal Contract Tower,6,4,38,37,85,0,0,28,32,60,6,4,66,69,145,56,54,110,255
01/16/2010,DHN,AL,ASO,ES,Federal Contract Tower,5,0,9,0,14,0,0,0,0,0,5,0,9,0,14,0,0,0,14
01/17/2010,DHN,AL,ASO,ES,Federal Contract Tower,4,0,13,0,17,0,0,0,0,0,4,0,13,0,17,0,0,0,17
01/18/2010,DHN,AL,ASO,ES,Federal Contract Tower,8,1,26,10,45,0,1,24,2,27,8,2,50,12,72,6,0,6,78
01/19/2010,DHN,AL,ASO,ES,Federal Contract Tower,6,3,45,45,99,0,0,36,22,58,6,3,81,67,157,44,32,76,233
01/20/2010,DHN,AL,ASO,ES,Federal Contract Tower,7,3,28,50,88,0,0,18,17,35,7,3,46,67,123,24,68,92,215
01/21/2010,DHN,AL,ASO,ES,Federal Contract Tower,8,5,86,99,198,0,0,8,21,29,8,5,94,120,227,34,48,82,309
01/22/2010,DHN,AL,ASO,ES,Federal Contract Tower,7,4,52,58,121,0,1,26,37,64,7,5,78,95,185,42,72,114,299
01/23/2010,DHN,AL,ASO,ES,Federal Contract Tower,8,0,22,3,33,0,0,6,1,7,8,0,28,4,40,0,0,0,40
01/24/2010,DHN,AL,ASO,ES,Federal Contract Tower,0,1,8,6,15,0,0,0,0,0,0,1,8,6,15,0,0,0,15
01/25/2010,DHN,AL,ASO,ES,Federal Contract Tower,7,1,14,51,73,0,1,48,39,88,7,2,62,90,161,2,68,70,231
01/26/2010,DHN,AL,ASO,ES,Federal Contract Tower,6,4,19,64,93,0,0,42,36,78,6,4,61,100,171,6,52,58,229
01/27/2010,DHN,AL,ASO,ES,Federal Contract Tower,6,3,16,67,92,0,0,50,18,68,6,3,66,85,160,38,54,92,252
01/28/2010,DHN,AL,ASO,ES,Federal Contract Tower,6,2,29,50,87,0,0,45,32,77,6,2,74,82,164,44,64,108,272
01/29/2010,DHN,AL,ASO,ES,Federal Contract Tower,7,2,16,79,104,0,1,40,22,63,7,3,56,101,167,52,102,154,321
01/30/2010,DHN,AL,ASO,ES,Federal Contract Tower,5,1,5,5,16,0,0,4,0,4,5,1,9,5,20,0,0,0,20
01/31/2010,DHN,AL,ASO,ES,Federal Contract Tower,5,1,5,12,23,0,0,17,4,21,5,1,22,16,44,0,0,0,44
02/01/2010,DHN,AL,ASO,ES,Federal Contract Tower,6,2,22,37,67,0,0,25,24,49,6,2,47,61,116,34,72,106,222
02/02/2010,DHN,AL,ASO,ES,Federal Contract Tower,6,4,32,45,87,0,0,14,39,53,6,4,46,84,140,16,86,102,242
02/03/2010,DHN,AL,ASO,ES,Federal Contract Tower,8,1,34,39,82,0,1,47,45,93,8,2,81,84,175,28,79,107,282
02/04/2010,DHN,AL,ASO,ES,Federal Contract Tower,7,2,32,70,111,0,0,14,49,63,7,2,46,119,174,10,124,134,308
02/05/2010,DHN,AL,ASO,ES,Federal Contract Tower,7,3,21,24,55,0,0,3,12,15,7,3,24,36,70,0,34,34,104
02/06/2010,DHN,AL,ASO,ES,Federal Contract Tower,6,0,9,4,19,0,0,5,0,5,6,0,14,4,24,6,0,6,30
02/07/2010,DHN,AL,ASO,ES,Federal Contract Tower,4,0,5,5,14,0,0,25,1,26,4,0,30,6,40,10,0,10,50
02/08/2010,DHN,AL,ASO,ES,Federal Contract Tower,8,1,28,45,82,0,1,42,34,77,8,2,70,79,159,56,50,106,265
02/09/2010,DHN,AL,ASO,ES,Federal Contract Tower,7,3,39,55,104,0,0,1,3,4,7,3,40,58,108,4,6,10,118
02/10/2010,DHN,AL,ASO,ES,Federal Contract Tower,5,3,32,64,104,0,0,30,38,68,5,3,62,102,172,54,80,134,306
02/11/2010,DHN,AL,ASO,ES,Federal Contract Tower,6,3,20,62,91,0,1,26,36,63,6,4,46,98,154,48,78,126,280
02/12/2010,DHN,AL,ASO,ES,Federal Contract Tower,0,0,1,0,1,0,0,0,0,0,0,0,1,0,1,0,0,0,1
02/13/2010,DHN,AL,ASO,ES,Federal Contract Tower,2,6,9,10,27,0,0,28,2,30,2,6,37,12,57,8,0,8,65
02/14/2010,DHN,AL,ASO,ES,Federal Contract Tower,7,1,16,0,24,0,0,24,0,24,7,1,40,0,48,6,0,6,54
02/15/2010,DHN,AL,ASO,ES,Federal Contract Tower,4,2,18,0,24,0,1,6,0,7,4,3,24,0,31,2,0,2,33
02/16/2010,DHN,AL,ASO,ES,Federal Contract Tower,6,4,39,38,87,0,0,35,39,74,6,4,74,77,161,46,72,118,279
02/17/2010,DHN,AL,ASO,ES,Federal Contract Tower,7,2,28,27,64,0,0,27,47,74,7,2,55,74,138,32,118,150,288
02/18/2010,DHN,AL,ASO,ES,Federal Contract Tower,8,2,41,32,83,0,0,38,52,90,8,2,79,84,173,52,66,118,291
02/19/2010,DHN,AL,ASO,ES,Federal Contract Tower,8,3,16,81,108,0,1,38,45,84,8,4,54,126,192,52,72,124,316
02/20/2010,DHN,AL,ASO,ES,Federal Contract Tower,5,0,23,7,35,0,0,27,2,29,5,0,50,9,64,38,2,40,104
02/21/2010,DHN,AL,ASO,ES,Federal Contract Tower,6,0,7,4,17,0,0,34,2,36,6,0,41,6,53,18,4,22,75
02/22/2010,DHN,AL,ASO,ES,Federal Contract Tower,8,2,30,39,79,0,0,6,9,15,8,2,36,48,94,12,28,40,134
02/23/2010,DHN,AL,ASO,ES,Federal Contract Tower,6,3,46,22,77,0,0,20,7,27,6,3,66,29,104,64,4,68,172
02/24/2010,DHN,AL,ASO,ES,Federal Contract Tower,7,3,29,30,69,0,1,25,8,34,7,4,54,38,103,62,26,88,191
02/25/2010,DHN,AL,ASO,ES,Federal Contract Tower,9,4,42,68,123,0,1,44,39,84,9,5,86,107,207,74,52,126,333
02/26/2010,DHN,AL,ASO,ES,Federal Contract Tower,7,1,15,67,90,0,2,30,29,61,7,3,45,96,151,40,64,104,255
02/27/2010,DHN,AL,ASO,ES,Federal Contract Tower,5,0,10,0,15,0,0,15,0,15,5,0,25,0,30,4,0,4,34
02/28/2010,DHN,AL,ASO,ES,Federal Contract Tower,6,4,1,17,28,0,0,13,0,13,6,4,14,17,41,18,0,18,59
03/01/2010,DHN,AL,ASO,ES,Federal Contract Tower,6,1,19,49,75,0,1,30,35,66,6,2,49,84,141,44,56,100,241
03/02/2010,DHN,AL,ASO,ES,Federal Contract Tower,0,4,21,18,43,0,0,0,0,0,0,4,21,18,43,0,2,2,45
03/03/2010,DHN,AL,ASO,ES,Federal Contract Tower,6,6,45,57,114,0,0,22,27,49,6,6,67,84,163,18,38,56,219
03/04/2010,DHN,AL,ASO,ES,Federal Contract Tower,8,3,38,66,115,0,1,35,39,75,8,4,73,105,190,30,70,100,290
03/05/2010,DHN,AL,ASO,ES,Federal Contract Tower,7,2,26,50,85,0,0,28,33,61,7,2,54,83,146,48,102,150,296
03/06/2010,DHN,AL,ASO,ES,Federal Contract Tower,5,0,2,6,13,0,0,13,0,13,5,0,15,6,26,8,0,8,34
03/07/2010,DHN,AL,ASO,ES,Federal Contract Tower,6,0,17,13,36,0,0,20,4,24,6,0,37,17,60,14,4,18,78
03/08/2010,DHN,AL,ASO,ES,Federal Contract Tower,9,2,31,72,114,0,0,34,40,74,9,2,65,112,188,44,218,262,450
03/09/2010,DHN,AL,ASO,ES,Federal Contract Tower,6,2,21,86,115,0,0,31,34,65,6,2,52,120,180,28,118,146,326
03/10/2010,DHN,AL,ASO,ES,Federal Contract Tower,8,2,46,84,140,0,0,22,27,49,8,2,68,111,189,38,110,148,337
03/11/2010,DHN,AL,ASO,ES,Federal Contract Tower,6,4,35,113,158,0,0,22,28,50,6,4,57,141,208,34,100,134,342
03/12/2010,DHN,AL,ASO,ES,Federal Contract Tower,5,3,43,100,151,0,1,4,9,14,5,4,47,109,165,8,88,96,261
03/13/2010,DHN,AL,ASO,ES,Federal Contract Tower,5,0,10,8,23,0,0,25,6,31,5,0,35,14,54,10,18,28,82
03/14/2010,DHN,AL,ASO,ES,Federal Contract Tower,7,0,18,9,34,0,0,24,2,26,7,0,42,11,60,0,8,8,68
03/15/2010,DHN,AL,ASO,ES,Federal Contract Tower,5,2,35,120,162,0,0,9,15,24,5,2,44,135,186,28,158,186,372
03/16/2010,DHN,AL,ASO,ES,Federal Contract Tower,6,1,29,46,82,0,1,19,31,51,6,2,48,77,133,22,80,102,235
03/17/2010,DHN,AL,ASO,ES,Federal Contract Tower,5,2,41,84,132,0,0,4,4,8,5,2,45,88,140,0,8,8,148
03/18/2010,DHN,AL,ASO,ES,Federal Contract Tower,7,1,43,86,137,0,1,16,9,26,7,2,59,95,163,18,40,58,221
03/19/2010,DHN,AL,ASO,ES,Federal Contract Tower,6,3,20,93,122,0,1,57,42,100,6,4,77,135,222,80,116,196,418
03/20/2010,DHN,AL,ASO,ES,Federal Contract Tower,5,2,24,17,48,0,0,36,9,45,5,2,60,26,93,32,6,38,131
03/21/2010,DHN,AL,ASO,ES,Federal Contract Tower,6,0,13,13,32,0,0,5,0,5,6,0,18,13,37,0,8,8,45
03/22/2010,DHN,AL,ASO,ES,Federal Contract Tower,7,2,20,52,81,0,1,38,40,79,7,3,58,92,160,34,112,146,306
03/23/2010,DHN,AL,ASO,ES,Federal Contract Tower,6,5,29,85,125,0,0,22,48,70,6,5,51,133,195,64,150,214,409
03/24/2010,DHN,AL,ASO,ES,Federal Contract Tower,6,4,31,114,155,18,0,28,43,89,24,4,59,157,244,58,166,224,468
03/25/2010,DHN,AL,ASO,ES,Federal Contract Tower,8,2,60,92,162,0,0,27,24,51,8,2,87,116,213,62,130,192,405
03/26/2010,DHN,AL,ASO,ES,Federal Contract Tower,6,2,46,87,141,0,1,30,43,74,6,3,76,130,215,78,144,222,437
03/27/2010,DHN,AL,ASO,ES,Federal Contract Tower,6,0,6,3,15,0,0,17,4,21,6,0,23,7,36,8,2,10,46
03/28/2010,DHN,AL,ASO,ES,Federal Contract Tower,6,0,14,8,28,0,0,23,6,29,6,0,37,14,57,6,0,6,63
03/29/2010,DHN,AL,ASO,ES,Federal Contract Tower,6,1,33,86,126,0,1,14,40,55,6,2,47,126,181,40,178,218,399
03/30/2010,DHN,AL,ASO,ES,Federal Contract Tower,6,1,54,50,111,0,1,41,42,84,6,2,95,92,195,40,174,214,409
03/31/2010,DHN,AL,ASO,ES,Federal Contract Tower,6,3,46,62,117,0,0,35,11,46,6,3,81,73,163,52,64,116,279
04/01/2010,DHN,AL,ASO,ES,Federal Contract Tower,9,2,41,49,101,0,0,26,31,57,9,2,67,80,158,52,156,208,366
04/02/2010,DHN,AL,ASO,ES,Federal Contract Tower,10,2,30,30,72,0,0,19,15,34,10,2,49,45,106,44,112,156,262
04/03/2010,DHN,AL,ASO,ES,Federal Contract Tower,7,0,8,4,19,0,0,31,4,35,7,0,39,8,54,8,10,18,72
04/04/2010,DHN,AL,ASO,ES,Federal Contract Tower,7,2,5,2,16,0,0,15,0,15,7,2,20,2,31,0,0,0,31
04/05/2010,DHN,AL,ASO,ES,Federal Contract Tower,6,3,34,88,131,0,0,23,29,52,6,3,57,117,183,74,64,138,321
04/06/2010,DHN,AL,ASO,ES,Federal Contract Tower,5,1,31,75,112,0,1,27,22,50,5,2,58,97,162,64,60,124,286
04/07/2010,DHN,AL,ASO,ES,Federal Contract Tower,5,2,61,76,144,0,0,30,25,55,5,2,91,101,199,22,62,84,283
04/08/2010,DHN,AL,ASO,ES,Federal Contract Tower,4,2,57,99,162,0,0,18,16,34,4,2,75,115,196,38,60,98,294
04/09/2010,DHN,AL,ASO,ES,Federal Contract Tower,7,9,23,80,119,0,0,30,23,53,7,9,53,103,172,0,128,128,300
04/10/2010,DHN,AL,ASO,ES,Federal Contract Tower,5,0,9,15,29,0,0,20,6,26,5,0,29,21,55,14,4,18,73
04/11/2010,DHN,AL,ASO,ES,Federal Contract Tower,6,2,8,2,18,0,0,36,2,38,6,2,44,4,56,10,0,10,66
04/12/2010,DHN,AL,ASO,ES,Federal Contract Tower,6,1,23,59,89,0,1,41,28,70,6,2,64,87,159,16,90,106,265
04/13/2010,DHN,AL,ASO,ES,Federal Contract Tower,9,0,29,48,86,0,1,37,16,54,9,1,66,64,140,40,48,88,228
04/14/2010,DHN,AL,ASO,ES,Federal Contract Tower,6,2,37,36,81,0,2,42,14,58,6,4,79,50,139,26,58,84,223
04/15/2010,DHN,AL,ASO,ES,Federal Contract Tower,6,0,31,37,74,0,2,32,26,60,6,2,63,63,134,30,72,102,236
04/16/2010,DHN,AL,ASO,ES,Federal Contract Tower,6,0,29,71,106,0,2,49,52,103,6,2,78,123,209,30,186,216,425
04/17/2010,DHN,AL,ASO,ES,Federal Contract Tower,8,0,8,6,22,0,0,13,2,15,8,0,21,8,37,12,6,18,55
04/18/2010,DHN,AL,ASO,ES,Federal Contract Tower,6,0,16,5,27,0,0,28,7,35,6,0,44,12,62,18,2,20,82
04/19/2010,DHN,AL,ASO,ES,Federal Contract Tower,8,2,26,55,91,0,0,26,24,50,8,2,52,79,141,28,184,212,353
04/20/2010,DHN,AL,ASO,ES,Federal Contract Tower,6,3,42,96,147,0,0,12,18,30,6,3,54,114,177,16,124,140,317
04/21/2010,DHN,AL,ASO,ES,Federal Contract Tower,5,3,51,89,148,0,0,39,26,65,5,3,90,115,213,62,86,148,361
04/22/2010,DHN,AL,ASO,ES,Federal Contract Tower,6,2,28,81,117,0,0,47,32,79,6,2,75,113,196,62,104,166,362
04/23/2010,DHN,AL,ASO,ES,Federal Contract Tower,6,3,35,71,115,0,0,15,33,48,6,3,50,104,163,42,120,162,325
04/24/2010,DHN,AL,ASO,ES,Federal Contract Tower,5,0,2,3,10,0,0,1,0,1,5,0,3,3,11,0,0,0,11
04/25/2010,DHN,AL,ASO,ES,Federal Contract Tower,6,0,6,4,16,0,0,14,5,19,6,0,20,9,35,0,0,0,35
04/26/2010,DHN,AL,ASO,ES,Federal Contract Tower,6,2,43,59,110,0,0,14,33,47,6,2,57,92,157,28,98,126,283
04/27/2010,DHN,AL,ASO,ES,Federal Contract Tower,6,5,31,49,91,11,0,19,47,77,17,5,50,96,168,40,208,248,416
04/28/2010,DHN,AL,ASO,ES,Federal Contract Tower,8,3,50,30,91,0,1,29,46,76,8,4,79,76,167,42,74,116,283
04/29/2010,DHN,AL,ASO,ES,Federal Contract Tower,8,5,42,59,114,0,0,33,28,61,8,5,75,87,175,56,120,176,351
04/30/2010,DHN,AL,ASO,ES,Federal Contract Tower,6,2,21,71,100,0,0,16,32,48,6,2,37,103,148,30,158,188,336
05/01/2010,DHN,AL,ASO,ES,Federal Contract Tower,7,0,2,16,25,0,0,1,9,10,7,0,3,25,35,0,6,6,41
05/02/2010,DHN,AL,ASO,ES,Federal Contract Tower,8,4,19,5,36,0,0,13,1,14,8,4,32,6,50,0,0,0,50
05/03/2010,DHN,AL,ASO,ES,Federal Contract Tower,4,2,22,56,84,0,0,3,2,5,4,2,25,58,89,6,26,32,121
05/04/2010,DHN,AL,ASO,ES,Federal Contract Tower,6,3,48,131,188,0,0,7,24,31,6,3,55,155,219,30,94,124,343
05/05/2010,DHN,AL,ASO,ES,Federal Contract Tower,8,6,47,98,159,0,0,16,30,46,8,6,63,128,205,6,120,126,331
05/06/2010,DHN,AL,ASO,ES,Federal Contract Tower,6,3,34,108,151,0,0,25,16,41,6,3,59,124,192,22,52,74,266
05/07/2010,DHN,AL,ASO,ES,Federal Contract Tower,5,4,26,64,99,0,0,43,11,54,5,4,69,75,153,40,46,86,239
05/08/2010,DHN,AL,ASO,ES,Federal Contract Tower,5,0,8,2,15,0,2,14,0,16,5,2,22,2,31,16,0,16,47
05/09/2010,DHN,AL,ASO,ES,Federal Contract Tower,6,0,11,0,17,0,0,42,2,44,6,0,53,2,61,22,0,22,83
05/10/2010,DHN,AL,ASO,ES,Federal Contract Tower,6,2,27,4,39,0,0,18,2,20,6,2,45,6,59,38,0,38,97
05/11/2010,DHN,AL,ASO,ES,Federal Contract Tower,6,6,27,86,125,0,0,29,26,55,6,6,56,112,180,62,74,136,316
05/12/2010,DHN,AL,ASO,ES,Federal Contract Tower,5,3,42,70,120,0,0,35,26,61,5,3,77,96,181,44,174,218,399
05/13/2010,DHN,AL,ASO,ES,Federal Contract Tower,6,2,40,73,121,0,0,46,44,90,6,2,86,117,211,60,166,226,437
05/14/2010,DHN,AL,ASO,ES,Federal Contract Tower,9,2,43,49,103,0,2,52,37,91,9,4,95,86,194,86,196,282,476
05/15/2010,DHN,AL,ASO,ES,Federal Contract Tower,8,0,12,0,20,0,0,25,0,25,8,0,37,0,45,16,0,16,61
05/16/2010,DHN,AL,ASO,ES,Federal Contract Tower,6,0,6,2,14,0,0,17,0,17,6,0,23,2,31,4,0,4,35
05/17/2010,DHN,AL,ASO,ES,Federal Contract Tower,6,3,49,106,164,0,0,24,16,40,6,3,73,122,204,42,98,140,344
05/18/2010,DHN,AL,ASO,ES,Federal Contract Tower,8,6,49,118,181,0,0,52,35,87,8,6,101,153,268,72,148,220,488
05/19/2010,DHN,AL,ASO,ES,Federal Contract Tower,6,2,64,101,173,0,0,47,52,99,6,2,111,153,272,42,168,210,482
05/20/2010,DHN,AL,ASO,ES,Federal Contract Tower,7,2,29,81,119,0,0,51,27,78,7,2,80,108,197,42,86,128,325
05/21/2010,DHN,AL,ASO,ES,Federal Contract Tower,7,2,57,85,151,0,0,31,18,49,7,2,88,103,200,28,96,124,324
05/22/2010,DHN,AL,ASO,ES,Federal Contract Tower,5,0,15,2,22,0,0,21,0,21,5,0,36,2,43,22,0,22,65
05/23/2010,DHN,AL,ASO,ES,Federal Contract Tower,6,0,8,0,14,0,0,53,4,57,6,0,61,4,71,44,0,44,115
05/24/2010,DHN,AL,ASO,ES,Federal Contract Tower,6,5,46,71,128,0,0,30,41,71,6,5,76,112,199,42,202,244,443
05/25/2010,DHN,AL,ASO,ES,Federal Contract Tower,9,2,55,95,161,0,0,40,30,70,9,2,95,125,231,60,108,168,399
05/26/2010,DHN,AL,ASO,ES,Federal Contract Tower,11,5,40,74,130,0,0,29,34,63,11,5,69,108,193,44,114,158,351
05/27/2010,DHN,AL,ASO,ES,Federal Contract Tower,9,2,42,102,155,0,1,41,30,72,9,3,83,132,227,70,124,194,421
05/28/2010,DHN,AL,ASO,ES,Federal Contract Tower,7,2,49,43,101,0,0,31,30,61,7,2,80,73,162,56,178,234,396
05/29/2010,DHN,AL,ASO,ES,Federal Contract Tower,5,0,5,0,10,0,0,9,0,9,5,0,14,0,19,4,0,4,23
05/30/2010,DHN,AL,ASO,ES,Federal Contract Tower,5,4,2,0,11,0,0,9,0,9,5,4,11,0,20,0,0,0,20
05/31/2010,DHN,AL,ASO,ES,Federal Contract Tower,9,0,18,0,27,0,0,1,0,1,9,0,19,0,28,0,0,0,28
06/01/2010,DHN,AL,ASO,ES,Federal Contract Tower,4,4,22,91,121,0,0,4,22,26,4,4,26,113,147,0,110,110,257
06/02/2010,DHN,AL,ASO,ES,Federal Contract Tower,6,3,23,73,105,0,0,25,27,52,6,3,48,100,157,26,98,124,281
06/03/2010,DHN,AL,ASO,ES,Federal Contract Tower,6,4,27,74,111,0,0,26,11,37,6,4,53,85,148,50,38,88,236
06/04/2010,DHN,AL,ASO,ES,Federal Contract Tower,7,1,32,80,120,0,1,15,13,29,7,2,47,93,149,48,64,112,261
06/05/2010,DHN,AL,ASO,ES,Federal Contract Tower,6,0,10,0,16,0,0,8,0,8,6,0,18,0,24,0,0,0,24
06/06/2010,DHN,AL,ASO,ES,Federal Contract Tower,8,0,12,2,22,0,0,16,0,16,8,0,28,2,38,4,0,4,42
06/07/2010,DHN,AL,ASO,ES,Federal Contract Tower,6,2,32,63,103,0,0,30,31,61,6,2,62,94,164,50,76,126,290
06/08/2010,DHN,AL,ASO,ES,Federal Contract Tower,7,2,26,76,111,0,0,44,36,80,7,2,70,112,191,48,122,170,361
06/09/2010,DHN,AL,ASO,ES,Federal Contract Tower,7,3,39,70,119,0,0,37,28,65,7,3,76,98,184,60,156,216,400
06/10/2010,DHN,AL,ASO,ES,Federal Contract Tower,9,2,31,61,103,0,0,40,43,83,9,2,71,104,186,58,194,252,438
06/11/2010,DHN,AL,ASO,ES,Federal Contract Tower,7,4,37,63,111,0,0,28,35,63,7,4,65,98,174,28,172,200,374
06/12/2010,DHN,AL,ASO,ES,Federal Contract Tower,5,0,5,6,16,0,0,14,4,18,5,0,19,10,34,4,0,4,38
06/13/2010,DHN,AL,ASO,ES,Federal Contract Tower,5,0,10,4,19,0,0,36,0,36,5,0,46,4,55,8,0,8,63
06/14/2010,DHN,AL,ASO,ES,Federal Contract Tower,6,2,40,99,147,0,0,17,34,51,6,2,57,133,198,30,144,174,372
06/15/2010,DHN,AL,ASO,ES,Federal Contract Tower,6,2,31,47,86,0,0,13,44,57,6,2,44,91,143,20,166,186,329
06/16/2010,DHN,AL,ASO,ES,Federal Contract Tower,5,2,32,64,103,0,0,14,13,27,5,2,46,77,130,36,50,86,216
06/17/2010,DHN,AL,ASO,ES,Federal Contract Tower,5,2,30,61,98,0,0,27,31,58,5,2,57,92,156,20,166,186,342
06/18/2010,DHN,AL,ASO,ES,Federal Contract Tower,9,2,45,93,149,0,0,26,29,55,9,2,71,122,204,32,156,188,392
06/19/2010,DHN,AL,ASO,ES,Federal Contract Tower,3,0,8,2,13,0,0,14,0,14,3,0,22,2,27,16,0,16,43
06/20/2010,DHN,AL,ASO,ES,Federal Contract Tower,6,0,7,0,13,0,0,15,4,19,6,0,22,4,32,0,0,0,32
06/21/2010,DHN,AL,ASO,ES,Federal Contract Tower,5,2,32,55,94,0,0,27,16,43,5,2,59,71,137,42,78,120,257
06/22/2010,DHN,AL,ASO,ES,Federal Contract Tower,6,3,45,62,116,0,0,29,29,58,6,3,74,91,174,56,96,152,326
06/23/2010,DHN,AL,ASO,ES,Federal Contract Tower,7,2,43,58,110,0,0,33,19,52,7,2,76,77,162,36,108,144,306
06/24/2010,DHN,AL,ASO,ES,Federal Contract Tower,7,2,40,90,139,0,0,31,33,64,7,2,71,123,203,32,144,176,379
06/25/2010,DHN,AL,ASO,ES,Federal Contract Tower,7,2,35,88,132,0,0,34,30,64,7,2,69,118,196,24,82,106,302
06/26/2010,DHN,AL,ASO,ES,Federal Contract Tower,6,1,18,3,28,0,0,27,2,29,6,1,45,5,57,6,0,6,63
06/27/2010,DHN,AL,ASO,ES,Federal Contract Tower,6,0,12,0,18,0,0,20,3,23,6,0,32,3,41,20,0,20,61
06/28/2010,DHN,AL,ASO,ES,Federal Contract Tower,6,2,25,98,131,0,0,42,14,56,6,2,67,112,187,24,58,82,269
06/29/2010,DHN,AL,ASO,ES,Federal Contract Tower,6,3,23,110,142,0,0,26,10,36,6,3,49,120,178,40,20,60,238
06/30/2010,DHN,AL,ASO,ES,Federal Contract Tower,7,2,29,59,97,0,0,24,6,30,7,2,53,65,127,32,30,62,189
07/01/2010,DHN,AL,ASO,ES,Federal Contract Tower,9,3,54,110,176,0,0,13,10,23,9,3,67,120,199,20,52,72,271
07/02/2010,DHN,AL,ASO,ES,Federal Contract Tower,6,4,35,74,119,0,0,14,15,29,6,4,49,89,148,18,84,102,250
07/03/2010,DHN,AL,ASO,ES,Federal Contract Tower,5,2,8,2,17,0,0,12,4,16,5,2,20,6,33,18,0,18,51
07/04/2010,DHN,AL,ASO,ES,Federal Contract Tower,4,2,5,0,11,0,0,13,0,13,4,2,18,0,24,6,0,6,30
07/05/2010,DHN,AL,ASO,ES,Federal Contract Tower,5,0,12,0,17,0,0,25,0,25,5,0,37,0,42,10,0,10,52
07/06/2010,DHN,AL,ASO,ES,Federal Contract Tower,7,2,17,54,80,0,0,41,19,60,7,2,58,73,140,46,114,160,300
07/07/2010,DHN,AL,ASO,ES,Federal Contract Tower,7,3,38,78,126,0,0,37,43,80,7,3,75,121,206,44,170,214,420
07/08/2010,DHN,AL,ASO,ES,Federal Contract Tower,6,4,26,30,66,0,0,51,41,92,6,4,77,71,158,78,148,226,384
07/09/2010,DHN,AL,ASO,ES,Federal Contract Tower,6,3,30,39,78,0,0,35,45,80,6,3,65,84,158,46,126,172,330
07/10/2010,DHN,AL,ASO,ES,Federal Contract Tower,5,0,12,15,32,0,2,16,4,22,5,2,28,19,54,2,22,24,78
07/11/2010,DHN,AL,ASO,ES,Federal Contract Tower,5,0,8,1,14,0,0,27,3,30,5,0,35,4,44,26,0,26,70
07/12/2010,DHN,AL,ASO,ES,Federal Contract Tower,4,3,42,80,129,0,0,19,20,39,4,3,61,100,168,22,104,126,294
07/13/2010,DHN,AL,ASO,ES,Federal Contract Tower,6,3,37,69,115,0,0,29,15,44,6,3,66,84,159,40,114,154,313
07/14/2010,DHN,AL,ASO,ES,Federal Contract Tower,6,3,34,113,156,0,0,22,33,55,6,3,56,146,211,36,148,184,395
07/15/2010,DHN,AL,ASO,ES,Federal Contract Tower,6,2,29,130,167,0,0,19,43,62,6,2,48,173,229,10,164,174,403
07/16/2010,DHN,AL,ASO,ES,Federal Contract Tower,7,2,55,106,170,0,0,12,16,28,7,2,67,122,198,34,106,140,338
07/17/2010,DHN,AL,ASO,ES,Federal Contract Tower,5,2,12,0,19,0,0,11,0,11,5,2,23,0,30,28,0,28,58
07/18/2010,DHN,AL,ASO,ES,Federal Contract Tower,5,2,11,8,26,0,0,21,2,23,5,2,32,10,49,12,14,26,75
07/19/2010,DHN,AL,ASO,ES,Federal Contract Tower,6,4,37,38,85,0,0,35,18,53,6,4,72,56,138,46,84,130,268
07/20/2010,DHN,AL,ASO,ES,Federal Contract Tower,6,4,32,38,80,0,0,43,33,76,6,4,75,71,156,34,92,126,282
07/21/2010,DHN,AL,ASO,ES,Federal Contract Tower,7,3,41,41,92,0,0,35,23,58,7,3,76,64,150,26,122,148,298
07/22/2010,DHN,AL,ASO,ES,Federal Contract Tower,6,3,33,45,87,0,0,53,41,94,6,3,86,86,181,28,124,152,333
07/23/2010,DHN,AL,ASO,ES,Federal Contract Tower,6,7,7,69,89,0,0,9,29,38,6,7,16,98,127,20,104,124,251
07/24/2010,DHN,AL,ASO,ES,Federal Contract Tower,5,2,14,6,27,0,2,39,9,50,5,4,53,15,77,42,54,96,173
07/25/2010,DHN,AL,ASO,ES,Federal Contract Tower,4,2,10,3,19,0,0,7,3,10,4,2,17,6,29,8,0,8,37
07/26/2010,DHN,AL,ASO,ES,Federal Contract Tower,6,2,14,71,93,0,0,31,8,39,6,2,45,79,132,50,28,78,210
07/27/2010,DHN,AL,ASO,ES,Federal Contract Tower,6,5,33,82,126,0,0,29,9,38,6,5,62,91,164,90,44,134,298
07/28/2010,DHN,AL,ASO,ES,Federal Contract Tower,6,4,41,81,132,0,0,28,16,44,6,4,69,97,176,58,58,116,292
07/29/2010,DHN,AL,ASO,ES,Federal Contract Tower,6,2,32,56,96,0,0,35,16,51,6,2,67,72,147,60,92,152,299
07/30/2010,DHN,AL,ASO,ES,Federal Contract Tower,7,2,43,50,102,0,0,41,15,56,7,2,84,65,158,74,76,150,308
07/31/2010,DHN,AL,ASO,ES,Federal Contract Tower,7,0,6,0,13,0,0,17,0,17,7,0,23,0,30,10,0,10,40
08/01/2010,DHN,AL,ASO,ES,Federal Contract Tower,5,0,7,2,14,0,0,13,0,13,5,0,20,2,27,6,0,6,33
08/02/2010,DHN,AL,ASO,ES,Federal Contract Tower,6,2,32,53,93,0,0,11,11,22,6,2,43,64,115,38,42,80,195
08/03/2010,DHN,AL,ASO,ES,Federal Contract Tower,7,3,41,53,104,0,0,35,23,58,7,3,76,76,162,62,92,154,316
08/04/2010,DHN,AL,ASO,ES,Federal Contract Tower,6,5,29,68,108,0,0,40,28,68,6,5,69,96,176,72,152,224,400
08/05/2010,DHN,AL,ASO,ES,Federal Contract Tower,6,2,47,75,130,0,0,29,21,50,6,2,76,96,180,38,68,106,286
08/06/2010,DHN,AL,ASO,ES,Federal Contract Tower,4,4,36,41,85,0,0,35,32,67,4,4,71,73,152,40,190,230,382
08/07/2010,DHN,AL,ASO,ES,Federal Contract Tower,5,0,7,0,12,0,0,12,4,16,5,0,19,4,28,0,0,0,28
08/08/2010,DHN,AL,ASO,ES,Federal Contract Tower,5,0,4,2,11,0,0,20,7,27,5,0,24,9,38,2,0,2,40
08/09/2010,DHN,AL,ASO,ES,Federal Contract Tower,6,2,31,61,100,0,0,29,40,69,6,2,60,101,169,32,112,144,313
08/10/2010,DHN,AL,ASO,ES,Federal Contract Tower,6,3,32,81,122,0,0,27,25,52,6,3,59,106,174,26,108,134,308
08/11/2010,DHN,AL,ASO,ES,Federal Contract Tower,10,2,36,81,129,0,0,35,22,57,10,2,71,103,186,16,86,102,288
08/12/2010,DHN,AL,ASO,ES,Federal Contract Tower,6,2,48,132,188,0,0,19,14,33,6,2,67,146,221,22,86,108,329
08/13/2010,DHN,AL,ASO,ES,Federal Contract Tower,6,3,34,88,131,0,0,7,21,28,6,3,41,109,159,22,90,112,271
08/14/2010,DHN,AL,ASO,ES,Federal Contract Tower,5,0,17,0,22,0,0,13,0,13,5,0,30,0,35,6,0,6,41
08/15/2010,DHN,AL,ASO,ES,Federal Contract Tower,5,0,10,0,15,0,0,3,0,3,5,0,13,0,18,0,0,0,18
08/16/2010,DHN,AL,ASO,ES,Federal Contract Tower,6,5,45,73,129,0,0,12,12,24,6,5,57,85,153,12,108,120,273
08/17/2010,DHN,AL,ASO,ES,Federal Contract Tower,6,3,16,86,111,0,0,7,16,23,6,3,23,102,134,0,96,96,230
08/18/2010,DHN,AL,ASO,ES,Federal Contract Tower,9,4,35,68,116,0,0,22,11,33,9,4,57,79,149,18,52,70,219
08/19/2010,DHN,AL,ASO,ES,Federal Contract Tower,5,4,44,32,85,0,0,31,24,55,5,4,75,56,140,76,120,196,336
08/20/2010,DHN,AL,ASO,ES,Federal Contract Tower,11,3,54,52,120,0,0,21,8,29,11,3,75,60,149,40,38,78,227
08/21/2010,DHN,AL,ASO,ES,Federal Contract Tower,5,2,6,0,13,0,0,26,0,26,5,2,32,0,39,26,0,26,65
08/22/2010,DHN,AL,ASO,ES,Federal Contract Tower,7,0,8,4,19,0,0,11,2,13,7,0,19,6,32,18,0,18,50
08/23/2010,DHN,AL,ASO,ES,Federal Contract Tower,6,2,19,73,100,0,0,34,37,71,6,2,53,110,171,68,110,178,349
08/24/2010,DHN,AL,ASO,ES,Federal Contract Tower,6,5,24,86,121,0,0,45,26,71,6,5,69,112,192,62,86,148,340
08/25/2010,DHN,AL,ASO,ES,Federal Contract Tower,7,2,33,91,133,0,0,35,28,63,7,2,68,119,196,58,94,152,348
08/26/2010,DHN,AL,ASO,ES,Federal Contract Tower,7,0,39,69,115,0,0,28,23,51,7,0,67,92,166,40,100,140,306
08/27/2010,DHN,AL,ASO,ES,Federal Contract Tower,6,3,54,51,114,0,0,23,21,44,6,3,77,72,158,36,106,142,300
08/28/2010,DHN,AL,ASO,ES,Federal Contract Tower,5,0,12,0,17,0,0,32,0,32,5,0,44,0,49,12,0,12,61
08/29/2010,DHN,AL,ASO,ES,Federal Contract Tower,6,0,21,3,30,0,0,10,0,10,6,0,31,3,40,10,0,10,50
08/30/2010,DHN,AL,ASO,ES,Federal Contract Tower,6,2,35,56,99,0,0,19,25,44,6,2,54,81,143,58,146,204,347
08/31/2010,DHN,AL,ASO,ES,Federal Contract Tower,5,2,41,68,116,0,0,19,21,40,5,2,60,89,156,34,90,124,280
09/01/2010,DHN,AL,ASO,ES,Federal Contract Tower,9,3,38,64,114,0,0,22,35,57,9,3,60,99,171,34,118,152,323
09/02/2010,DHN,AL,ASO,ES,Federal Contract Tower,6,5,34,38,83,0,0,25,18,43,6,5,59,56,126,62,106,168,294
09/03/2010,DHN,AL,ASO,ES,Federal Contract Tower,4,2,52,39,97,0,0,28,27,55,4,2,80,66,152,44,108,152,304
09/04/2010,DHN,AL,ASO,ES,Federal Contract Tower,5,2,8,20,35,0,0,19,8,27,5,2,27,28,62,18,10,28,90
09/05/2010,DHN,AL,ASO,ES,Federal Contract Tower,5,2,8,0,15,0,0,28,4,32,5,2,36,4,47,10,0,10,57
09/06/2010,DHN,AL,ASO,ES,Federal Contract Tower,6,0,14,0,20,0,0,12,0,12,6,0,26,0,32,0,0,0,32
09/07/2010,DHN,AL,ASO,ES,Federal Contract Tower,6,2,22,70,100,0,0,12,30,42,6,2,34,100,142,28,128,156,298
09/08/2010,DHN,AL,ASO,ES,Federal Contract Tower,5,3,40,54,102,0,0,15,13,28,5,3,55,67,130,23,52,75,205
09/09/2010,DHN,AL,ASO,ES,Federal Contract Tower,6,5,67,58,136,0,0,38,22,60,6,5,105,80,196,80,126,206,402
09/10/2010,DHN,AL,ASO,ES,Federal Contract Tower,8,3,57,74,142,0,0,33,40,73,8,3,90,114,215,80,110,190,405
09/11/2010,DHN,AL,ASO,ES,Federal Contract Tower,4,0,7,0,11,0,0,32,6,38,4,0,39,6,49,4,0,4,53
09/12/2010,DHN,AL,ASO,ES,Federal Contract Tower,6,0,11,14,31,0,0,30,2,32,6,0,41,16,63,4,0,4,67
09/13/2010,DHN,AL,ASO,ES,Federal Contract Tower,6,2,12,38,58,0,0,16,26,42,6,2,28,64,100,6,108,114,214
09/14/2010,DHN,AL,ASO,ES,Federal Contract Tower,6,2,28,62,98,0,0,31,27,58,6,2,59,89,156,22,94,116,272
09/15/2010,DHN,AL,ASO,ES,Federal Contract Tower,6,3,33,53,95,0,0,24,19,43,6,3,57,72,138,79,68,147,285
09/16/2010,DHN,AL,ASO,ES,Federal Contract Tower,7,6,38,46,97,0,0,33,20,53,7,6,71,66,150,56,88,144,294
09/17/2010,DHN,AL,ASO,ES,Federal Contract Tower,6,2,28,63,99,0,0,39,42,81,6,2,67,105,180,34,118,152,332
09/18/2010,DHN,AL,ASO,ES,Federal Contract Tower,2,0,9,10,21,0,0,22,4,26,2,0,31,14,47,26,2,28,75
09/19/2010,DHN,AL,ASO,ES,Federal Contract Tower,6,0,6,0,12,0,0,38,2,40,6,0,44,2,52,42,0,42,94
09/20/2010,DHN,AL,ASO,ES,Federal Contract Tower,6,2,23,63,94,0,0,40,38,78,6,2,63,101,172,52,124,176,348
09/21/2010,DHN,AL,ASO,ES,Federal Contract Tower,6,3,22,74,105,0,0,40,24,64,6,3,62,98,169,58,138,196,365
09/22/2010,DHN,AL,ASO,ES,Federal Contract Tower,5,2,34,105,146,0,0,32,27,59,5,2,66,132,205,46,149,195,400
09/23/2010,DHN,AL,ASO,ES,Federal Contract Tower,6,2,32,69,109,0,0,37,38,75,6,2,69,107,184,70,206,276,460
09/24/2010,DHN,AL,ASO,ES,Federal Contract Tower,5,7,37,102,151,0,0,45,38,83,5,7,82,140,234,62,178,240,474
09/25/2010,DHN,AL,ASO,ES,Federal Contract Tower,4,0,11,0,15,0,0,21,0,21,4,0,32,0,36,0,0,0,36
09/26/2010,DHN,AL,ASO,ES,Federal Contract Tower,6,0,15,2,23,0,0,6,0,6,6,0,21,2,29,6,0,6,35
09/27/2010,DHN,AL,ASO,ES,Federal Contract Tower,7,2,45,57,111,0,0,9,18,27,7,2,54,75,138,10,112,122,260
09/28/2010,DHN,AL,ASO,ES,Federal Contract Tower,6,3,45,69,123,0,0,29,42,71,6,3,74,111,194,44,168,212,406
09/29/2010,DHN,AL,ASO,ES,Federal Contract Tower,6,3,45,62,116,0,0,43,31,74,6,3,88,93,190,48,136,184,374
09/30/2010,DHN,AL,ASO,ES,Federal Contract Tower,7,4,55,78,144,0,0,56,20,76,7,4,111,98,220,78,100,178,398
10/01/2010,DHN,AL,ASO,ES,Federal Contract Tower,6,1,43,53,103,0,1,32,19,52,6,2,75,72,155,52,124,176,331
10/02/2010,DHN,AL,ASO,ES,Federal Contract Tower,5,0,26,2,33,0,0,20,0,20,5,0,46,2,53,22,0,22,75
10/03/2010,DHN,AL,ASO,ES,Federal Contract Tower,6,0,6,6,18,0,0,45,2,47,6,0,51,8,65,12,0,12,77
10/04/2010,DHN,AL,ASO,ES,Federal Contract Tower,4,4,35,95,138,0,0,21,51,72,4,4,56,146,210,46,162,208,418
10/05/2010,DHN,AL,ASO,ES,Federal Contract Tower,6,3,41,51,101,0,0,43,32,75,6,3,84,83,176,72,140,212,388
10/06/2010,DHN,AL,ASO,ES,Federal Contract Tower,5,4,44,73,126,0,0,9,28,37,5,4,53,101,163,16,144,160,323
10/07/2010,DHN,AL,ASO,ES,Federal Contract Tower,6,3,22,73,104,0,0,22,40,62,6,3,44,113,166,38,108,146,312
10/08/2010,DHN,AL,ASO,ES,Federal Contract Tower,9,3,24,100,136,0,0,27,21,48,9,3,51,121,184,24,82,106,290
10/09/2010,DHN,AL,ASO,ES,Federal Contract Tower,5,0,8,0,13,0,0,24,0,24,5,0,32,0,37,18,0,18,55
10/10/2010,DHN,AL,ASO,ES,Federal Contract Tower,7,0,14,0,21,0,0,32,0,32,7,0,46,0,53,4,0,4,57
10/11/2010,DHN,AL,ASO,ES,Federal Contract Tower,6,2,12,1,21,0,0,17,1,18,6,2,29,2,39,14,4,18,57
10/12/2010,DHN,AL,ASO,ES,Federal Contract Tower,5,2,33,70,110,0,0,21,17,38,5,2,54,87,148,52,68,120,268
10/13/2010,DHN,AL,ASO,ES,Federal Contract Tower,6,3,40,79,128,0,0,37,10,47,6,3,77,89,175,100,66,166,341
10/14/2010,DHN,AL,ASO,ES,Federal Contract Tower,7,3,36,57,103,0,0,31,31,62,7,3,67,88,165,74,72,146,311
10/15/2010,DHN,AL,ASO,ES,Federal Contract Tower,7,3,30,33,73,0,2,52,25,79,7,5,82,58,152,78,100,178,330
10/16/2010,DHN,AL,ASO,ES,Federal Contract Tower,5,0,10,0,15,0,0,21,0,21,5,0,31,0,36,12,0,12,48
10/17/2010,DHN,AL,ASO,ES,Federal Contract Tower,7,0,11,0,18,0,0,26,0,26,7,0,37,0,44,2,0,2,46
10/18/2010,DHN,AL,ASO,ES,Federal Contract Tower,6,2,27,37,72,0,0,31,23,54,6,2,58,60,126,60,104,164,290
10/19/2010,DHN,AL,ASO,ES,Federal Contract Tower,4,5,29,53,91,0,0,33,32,65,4,5,62,85,156,44,120,164,320
10/20/2010,DHN,AL,ASO,ES,Federal Contract Tower,7,3,26,51,87,0,0,44,37,81,7,3,70,88,168,58,98,156,324
10/21/2010,DHN,AL,ASO,ES,Federal Contract Tower,6,3,56,83,148,0,0,47,33,80,6,3,103,116,228,54,162,216,444
10/22/2010,DHN,AL,ASO,ES,Federal Contract Tower,6,2,54,101,163,0,0,37,40,77,6,2,91,141,240,48,170,218,458
10/23/2010,DHN,AL,ASO,ES,Federal Contract Tower,5,1,16,2,24,0,0,30,0,30,5,1,46,2,54,50,0,50,104
10/24/2010,DHN,AL,ASO,ES,Federal Contract Tower,9,0,22,8,39,0,0,36,0,36,9,0,58,8,75,16,0,16,91
10/25/2010,DHN,AL,ASO,ES,Federal Contract Tower,9,3,42,76,130,0,0,18,40,58,9,3,60,116,188,16,150,166,354
10/26/2010,DHN,AL,ASO,ES,Federal Contract Tower,7,4,39,93,143,0,0,18,7,25,7,4,57,100,168,14,46,60,228
10/27/2010,DHN,AL,ASO,ES,Federal Contract Tower,2,2,50,92,146,0,0,17,23,40,2,2,67,115,186,16,114,130,316
10/28/2010,DHN,AL,ASO,ES,Federal Contract Tower,6,3,71,92,172,0,0,12,2,14,6,3,83,94,186,36,58,94,280
10/29/2010,DHN,AL,ASO,ES,Federal Contract Tower,6,3,38,83,130,0,0,42,22,64,6,3,80,105,194,72,142,214,408
10/30/2010,DHN,AL,ASO,ES,Federal Contract Tower,5,2,20,0,27,0,0,25,0,25,5,2,45,0,52,16,0,16,68
10/31/2010,DHN,AL,ASO,ES,Federal Contract Tower,6,0,6,7,19,0,0,37,0,37,6,0,43,7,56,20,0,20,76
11/01/2010,DHN,AL,ASO,ES,Federal Contract Tower,6,2,66,86,160,0,0,38,53,91,6,2,104,139,251,46,242,288,539
11/02/2010,DHN,AL,ASO,ES,Federal Contract Tower,6,2,51,58,117,0,0,23,32,55,6,2,74,90,172,22,126,148,320
11/03/2010,DHN,AL,ASO,ES,Federal Contract Tower,4,3,14,107,128,0,0,8,14,22,4,3,22,121,150,2,92,94,244
11/04/2010,DHN,AL,ASO,ES,Federal Contract Tower,8,3,35,132,178,0,0,30,11,41,8,3,65,143,219,46,58,104,323
11/05/2010,DHN,AL,ASO,ES,Federal Contract Tower,8,3,31,82,124,0,0,34,19,53,8,3,65,101,177,40,72,112,289
11/06/2010,DHN,AL,ASO,ES,Federal Contract Tower,4,0,8,1,13,0,0,27,1,28,4,0,35,2,41,8,0,8,49
11/07/2010,DHN,AL,ASO,ES,Federal Contract Tower,6,0,16,6,28,0,0,52,2,54,6,0,68,8,82,10,0,10,92
11/08/2010,DHN,AL,ASO,ES,Federal Contract Tower,6,2,33,66,107,0,0,32,21,53,6,2,65,87,160,74,68,142,302
11/09/2010,DHN,AL,ASO,ES,Federal Contract Tower,10,3,27,49,89,0,0,46,32,78,10,3,73,81,167,82,110,192,359
11/10/2010,DHN,AL,ASO,ES,Federal Contract Tower,6,3,42,53,104,0,0,37,30,67,6,3,79,83,171,44,120,164,335
11/11/2010,DHN,AL,ASO,ES,Federal Contract Tower,6,2,21,6,35,0,0,31,2,33,6,2,52,8,68,28,0,28,96
11/12/2010,DHN,AL,ASO,ES,Federal Contract Tower,6,1,19,14,40,0,0,11,2,13,6,1,30,16,53,0,2,2,55
11/13/2010,DHN,AL,ASO,ES,Federal Contract Tower,4,0,10,9,23,0,0,19,2,21,4,0,29,11,44,16,6,22,66
11/14/2010,DHN,AL,ASO,ES,Federal Contract Tower,5,0,21,12,38,0,0,30,4,34,5,0,51,16,72,8,0,8,80
11/15/2010,DHN,AL,ASO,ES,Federal Contract Tower,6,2,36,74,118,0,0,20,27,47,6,2,56,101,165,72,104,176,341
11/16/2010,DHN,AL,ASO,ES,Federal Contract Tower,6,1,52,68,127,1,0,20,25,46,7,1,72,93,173,6,86,92,265
11/17/2010,DHN,AL,ASO,ES,Federal Contract Tower,6,2,33,81,122,1,0,35,76,112,7,2,68,157,234,70,214,284,518
11/18/2010,DHN,AL,ASO,ES,Federal Contract Tower,6,3,41,105,155,0,0,44,41,85,6,3,85,146,240,66,162,228,468
11/19/2010,DHN,AL,ASO,ES,Federal Contract Tower,6,0,36,71,113,0,0,25,49,74,6,0,61,120,187,56,182,238,425
11/20/2010,DHN,AL,ASO,ES,Federal Contract Tower,4,0,13,4,21,0,0,17,0,17,4,0,30,4,38,14,0,14,52
11/21/2010,DHN,AL,ASO,ES,Federal Contract Tower,6,0,13,2,21,0,0,23,0,23,6,0,36,2,44,20,0,20,64
11/22/2010,DHN,AL,ASO,ES,Federal Contract Tower,6,2,29,62,99,0,0,33,28,61,6,2,62,90,160,46,86,132,292
11/23/2010,DHN,AL,ASO,ES,Federal Contract Tower,7,7,44,54,112,0,0,19,33,52,7,7,63,87,164,26,116,142,306
11/24/2010,DHN,AL,ASO,ES,Federal Contract Tower,6,3,55,80,144,0,0,17,20,37,6,3,72,100,181,36,88,124,305
11/25/2010,DHN,AL,ASO,ES,Federal Contract Tower,3,0,6,0,9,0,0,11,0,11,3,0,17,0,20,0,0,0,20
11/26/2010,DHN,AL,ASO,ES,Federal Contract Tower,2,0,11,0,13,0,0,2,0,2,2,0,13,0,15,0,0,0,15
11/27/2010,DHN,AL,ASO,ES,Federal Contract Tower,6,4,6,0,16,0,0,12,0,12,6,4,18,0,28,6,0,6,34
11/28/2010,DHN,AL,ASO,ES,Federal Contract Tower,6,0,13,0,19,0,0,16,0,16,6,0,29,0,35,12,0,12,47
11/29/2010,DHN,AL,ASO,ES,Federal Contract Tower,6,2,52,99,159,0,0,4,4,8,6,2,56,103,167,22,18,40,207
11/30/2010,DHN,AL,ASO,ES,Federal Contract Tower,4,3,44,55,106,0,0,6,9,15,4,3,50,64,121,12,52,64,185
12/01/2010,DHN,AL,ASO,ES,Federal Contract Tower,6,2,39,55,102,0,0,38,29,67,6,2,77,84,169,92,120,212,381
12/02/2010,DHN,AL,ASO,ES,Federal Contract Tower,6,2,43,76,127,0,0,38,32,70,6,2,81,108,197,40,140,180,377
12/03/2010,DHN,AL,ASO,ES,Federal Contract Tower,8,5,20,102,135,0,0,27,40,67,8,5,47,142,202,12,176,188,390
12/04/2010,DHN,AL,ASO,ES,Federal Contract Tower,4,0,18,8,30,0,0,12,2,14,4,0,30,10,44,4,32,36,80
12/05/2010,DHN,AL,ASO,ES,Federal Contract Tower,6,0,7,5,18,0,0,16,0,16,6,0,23,5,34,10,0,10,44
12/06/2010,DHN,AL,ASO,ES,Federal Contract Tower,6,2,22,74,104,0,0,30,25,55,6,2,52,99,159,50,132,182,341
12/07/2010,DHN,AL,ASO,ES,Federal Contract Tower,6,3,25,67,101,0,0,25,13,38,6,3,50,80,139,74,120,194,333
12/08/2010,DHN,AL,ASO,ES,Federal Contract Tower,6,1,49,50,106,0,0,24,32,56,6,1,73,82,162,68,144,212,374
12/09/2010,DHN,AL,ASO,ES,Federal Contract Tower,6,3,43,77,129,0,0,29,21,50,6,3,72,98,179,52,114,166,345
12/10/2010,DHN,AL,ASO,ES,Federal Contract Tower,6,3,50,101,160,0,0,30,20,50,6,3,80,121,210,24,138,162,372
12/11/2010,DHN,AL,ASO,ES,Federal Contract Tower,4,0,17,2,23,0,0,39,2,41,4,0,56,4,64,66,0,66,130
12/12/2010,DHN,AL,ASO,ES,Federal Contract Tower,4,0,10,4,18,0,0,18,4,22,4,0,28,8,40,8,0,8,48
12/13/2010,DHN,AL,ASO,ES,Federal Contract Tower,6,4,25,45,80,0,0,26,30,56,6,4,51,75,136,54,106,160,296
12/14/2010,DHN,AL,ASO,ES,Federal Contract Tower,6,2,32,56,96,0,0,30,48,78,6,2,62,104,174,44,138,182,356
12/15/2010,DHN,AL,ASO,ES,Federal Contract Tower,5,2,34,71,112,0,0,27,46,73,5,2,61,117,185,66,130,196,381
12/16/2010,DHN,AL,ASO,ES,Federal Contract Tower,9,4,57,77,147,0,0,20,18,38,9,4,77,95,185,36,74,110,295
12/17/2010,DHN,AL,ASO,ES,Federal Contract Tower,7,3,57,72,139,0,0,5,2,7,7,3,62,74,146,6,8,14,160
12/18/2010,DHN,AL,ASO,ES,Federal Contract Tower,6,0,15,0,21,0,0,1,0,1,6,0,16,0,22,0,0,0,22
12/19/2010,DHN,AL,ASO,ES,Federal Contract Tower,5,1,24,10,40,0,0,27,6,33,5,1,51,16,73,0,0,0,73
12/20/2010,DHN,AL,ASO,ES,Federal Contract Tower,6,2,25,3,36,0,0,19,11,30,6,2,44,14,66,32,16,48,114
12/21/2010,DHN,AL,ASO,ES,Federal Contract Tower,7,2,31,5,45,0,0,33,3,36,7,2,64,8,81,32,0,32,113
12/22/2010,DHN,AL,ASO,ES,Federal Contract Tower,6,3,39,1,49,0,0,24,8,32,6,3,63,9,81,18,10,28,109
12/23/2010,DHN,AL,ASO,ES,Federal Contract Tower,6,5,19,0,30,0,0,23,0,23,6,5,42,0,53,54,0,54,107
12/24/2010,DHN,AL,ASO,ES,Federal Contract Tower,5,0,6,0,11,0,0,16,0,16,5,0,22,0,27,4,0,4,31
12/25/2010,DHN,AL,ASO,ES,Federal Contract Tower,0,0,2,0,2,0,0,1,0,1,0,0,3,0,3,0,0,0,3
12/26/2010,DHN,AL,ASO,ES,Federal Contract Tower,4,0,12,0,16,0,0,2,0,2,4,0,14,0,18,0,0,0,18
12/27/2010,DHN,AL,ASO,ES,Federal Contract Tower,5,2,14,0,21,0,0,32,6,38,5,2,46,6,59,74,0,74,133
12/28/2010,DHN,AL,ASO,ES,Federal Contract Tower,7,3,17,0,27,0,0,23,0,23,7,3,40,0,50,70,0,70,120
12/29/2010,DHN,AL,ASO,ES,Federal Contract Tower,6,3,21,12,42,0,0,39,5,44,6,3,60,17,86,46,10,56,142
12/30/2010,DHN,AL,ASO,ES,Federal Contract Tower,6,3,25,0,34,0,0,18,1,19,6,3,43,1,53,24,12,36,89
12/31/2010,DHN,AL,ASO,ES,Federal Contract Tower,6,1,16,0,23,0,0,4,0,4,6,1,20,0,27,2,0,2,29
01/01/2011,DHN,AL,ASO,ES,Federal Contract Tower,3,0,3,0,6,0,0,1,0,1,3,0,4,0,7,0,0,0,7
01/02/2011,DHN,AL,ASO,ES,Federal Contract Tower,8,0,12,1,21,0,0,20,0,20,8,0,32,1,41,30,0,30,71
01/03/2011,DHN,AL,ASO,ES,Federal Contract Tower,6,2,39,59,106,0,0,42,36,78,6,2,81,95,184,74,132,206,390
01/04/2011,DHN,AL,ASO,ES,Federal Contract Tower,8,4,41,56,109,0,0,33,35,68,8,4,74,91,177,48,112,160,337
01/05/2011,DHN,AL,ASO,ES,Federal Contract Tower,8,1,46,40,95,0,0,0,0,0,8,1,46,40,95,0,2,2,97
01/06/2011,DHN,AL,ASO,ES,Federal Contract Tower,9,3,49,79,140,1,0,34,42,77,10,3,83,121,217,54,130,184,401
01/07/2011,DHN,AL,ASO,ES,Federal Contract Tower,8,2,38,110,158,0,0,21,41,62,8,2,59,151,220,14,126,140,360
01/08/2011,DHN,AL,ASO,ES,Federal Contract Tower,4,0,17,0,21,0,0,26,0,26,4,0,43,0,47,28,0,28,75
01/09/2011,DHN,AL,ASO,ES,Federal Contract Tower,5,0,13,10,28,0,0,11,6,17,5,0,24,16,45,0,10,10,55
01/10/2011,DHN,AL,ASO,ES,Federal Contract Tower,0,0,4,2,6,0,0,0,0,0,0,0,4,2,6,0,0,0,6
01/11/2011,DHN,AL,ASO,ES,Federal Contract Tower,3,3,48,33,87,0,0,4,7,11,3,3,52,40,98,12,66,78,176
01/12/2011,DHN,AL,ASO,ES,Federal Contract Tower,2,1,74,99,176,0,0,40,37,77,2,1,114,136,253,50,184,234,487
01/13/2011,DHN,AL,ASO,ES,Federal Contract Tower,5,3,38,99,145,0,0,41,29,70,5,3,79,128,215,50,96,146,361
01/14/2011,DHN,AL,ASO,ES,Federal Contract Tower,6,5,31,135,177,0,0,33,48,81,6,5,64,183,258,72,96,168,426
01/15/2011,DHN,AL,ASO,ES,Federal Contract Tower,8,0,15,0,23,0,0,30,0,30,8,0,45,0,53,50,0,50,103
01/16/2011,DHN,AL,ASO,ES,Federal Contract Tower,4,2,8,5,19,0,0,37,4,41,4,2,45,9,60,42,0,42,102
01/17/2011,DHN,AL,ASO,ES,Federal Contract Tower,6,4,28,2,40,0,0,2,0,2,6,4,30,2,42,0,0,0,42
01/18/2011,DHN,AL,ASO,ES,Federal Contract Tower,6,4,32,48,90,0,0,12,7,19,6,4,44,55,109,28,38,66,175
01/19/2011,DHN,AL,ASO,ES,Federal Contract Tower,6,1,47,88,142,0,0,14,12,26,6,1,61,100,168,50,52,102,270
01/20/2011,DHN,AL,ASO,ES,Federal Contract Tower,6,4,57,145,212,0,0,27,19,46,6,4,84,164,258,106,164,270,528
01/21/2011,DHN,AL,ASO,ES,Federal Contract Tower,6,2,31,98,137,0,4,36,44,84,6,6,67,142,221,45,194,239,460
01/22/2011,DHN,AL,ASO,ES,Federal Contract Tower,4,0,7,4,15,0,0,42,2,44,4,0,49,6,59,0,18,18,77
01/23/2011,DHN,AL,ASO,ES,Federal Contract Tower,10,0,9,5,24,0,0,27,0,27,10,0,36,5,51,28,0,28,79
01/24/2011,DHN,AL,ASO,ES,Federal Contract Tower,6,2,47,97,152,0,0,33,46,79,6,2,80,143,231,58,186,244,475
01/25/2011,DHN,AL,ASO,ES,Federal Contract Tower,5,2,11,5,23,0,0,0,0,0,5,2,11,5,23,0,0,0,23
01/26/2011,DHN,AL,ASO,ES,Federal Contract Tower,6,2,50,124,182,0,0,26,45,71,6,2,76,169,253,38,201,239,492
01/27/2011,DHN,AL,ASO,ES,Federal Contract Tower,8,0,28,62,98,0,0,38,58,96,8,0,66,120,194,60,182,242,436
01/28/2011,DHN,AL,ASO,ES,Federal Contract Tower,6,0,21,94,121,0,0,26,22,48,6,0,47,116,169,24,166,190,359
01/29/2011,DHN,AL,ASO,ES,Federal Contract Tower,4,1,13,10,28,0,0,19,2,21,4,1,32,12,49,8,2,10,59
01/30/2011,DHN,AL,ASO,ES,Federal Contract Tower,6,0,16,14,36,0,0,12,0,12,6,0,28,14,48,0,0,0,48
01/31/2011,DHN,AL,ASO,ES,Federal Contract Tower,6,3,43,155,207,0,0,6,10,16,6,3,49,165,223,16,76,92,315
02/01/2011,DHN,AL,ASO,ES,Federal Contract Tower,4,2,55,83,144,0,0,25,29,54,4,2,80,112,198,48,104,152,350
02/02/2011,DHN,AL,ASO,ES,Federal Contract Tower,5,3,53,106,167,0,0,28,23,51,5,3,81,129,218,80,48,128,346
02/03/2011,DHN,AL,ASO,ES,Federal Contract Tower,5,3,40,74,122,0,0,18,24,42,5,3,58,98,164,54,114,168,332
02/04/2011,DHN,AL,ASO,ES,Federal Contract Tower,6,4,21,12,43,0,0,0,0,0,6,4,21,12,43,0,0,0,43
02/05/2011,DHN,AL,ASO,ES,Federal Contract Tower,4,0,17,0,21,0,0,20,0,20,4,0,37,0,41,22,0,22,63
02/06/2011,DHN,AL,ASO,ES,Federal Contract Tower,7,2,9,4,22,0,0,34,2,36,7,2,43,6,58,36,0,36,94
02/07/2011,DHN,AL,ASO,ES,Federal Contract Tower,6,2,36,55,99,0,0,1,6,7,6,2,37,61,106,4,12,16,122
02/08/2011,DHN,AL,ASO,ES,Federal Contract Tower,5,2,50,58,115,0,0,45,32,77,5,2,95,90,192,106,112,218,410
02/09/2011,DHN,AL,ASO,ES,Federal Contract Tower,10,4,20,70,104,4,0,31,30,65,14,4,51,100,169,32,122,154,323
02/10/2011,DHN,AL,ASO,ES,Federal Contract Tower,6,3,42,111,162,0,0,13,15,28,6,3,55,126,190,50,54,104,294
02/11/2011,DHN,AL,ASO,ES,Federal Contract Tower,8,2,42,69,121,0,0,43,13,56,8,2,85,82,177,138,38,176,353
02/12/2011,DHN,AL,ASO,ES,Federal Contract Tower,4,0,18,0,22,0,0,14,0,14,4,0,32,0,36,0,0,0,36
02/13/2011,DHN,AL,ASO,ES,Federal Contract Tower,6,0,18,2,26,0,0,51,0,51,6,0,69,2,77,19,0,19,96
02/14/2011,DHN,AL,ASO,ES,Federal Contract Tower,6,6,31,81,124,0,0,30,48,78,6,6,61,129,202,32,158,190,392
02/15/2011,DHN,AL,ASO,ES,Federal Contract Tower,7,2,30,79,118,0,0,24,32,56,7,2,54,111,174,58,134,192,366
02/16/2011,DHN,AL,ASO,ES,Federal Contract Tower,5,2,25,99,131,0,0,23,39,62,5,2,48,138,193,52,128,180,373
02/17/2011,DHN,AL,ASO,ES,Federal Contract Tower,9,4,33,120,166,0,0,41,33,74,9,4,74,153,240,66,160,226,466
02/18/2011,DHN,AL,ASO,ES,Federal Contract Tower,6,3,27,100,136,0,0,27,38,65,6,3,54,138,201,64,142,206,407
02/19/2011,DHN,AL,ASO,ES,Federal Contract Tower,5,1,5,4,15,0,2,32,0,34,5,3,37,4,49,20,0,20,69
02/20/2011,DHN,AL,ASO,ES,Federal Contract Tower,5,0,10,0,15,0,0,24,0,24,5,0,34,0,39,6,0,6,45
02/21/2011,DHN,AL,ASO,ES,Federal Contract Tower,6,2,18,7,33,0,0,8,0,8,6,2,26,7,41,0,2,2,43
02/22/2011,DHN,AL,ASO,ES,Federal Contract Tower,6,3,32,62,103,0,0,20,34,54,6,3,52,96,157,30,222,252,409
02/23/2011,DHN,AL,ASO,ES,Federal Contract Tower,7,2,32,72,113,0,0,42,47,89,7,2,74,119,202,82,222,304,506
02/24/2011,DHN,AL,ASO,ES,Federal Contract Tower,7,2,52,89,150,0,0,34,39,73,7,2,86,128,223,106,188,294,517
02/25/2011,DHN,AL,ASO,ES,Federal Contract Tower,7,3,55,84,149,0,0,31,31,62,7,3,86,115,211,36,142,178,389
02/26/2011,DHN,AL,ASO,ES,Federal Contract Tower,5,0,20,0,25,0,0,30,17,47,5,0,50,17,72,12,68,80,152
02/27/2011,DHN,AL,ASO,ES,Federal Contract Tower,6,0,18,4,28,0,0,23,19,42,6,0,41,23,70,14,74,88,158
02/28/2011,DHN,AL,ASO,ES,Federal Contract Tower,9,2,68,103,182,0,0,16,34,50,9,2,84,137,232,14,28,42,274
03/01/2011,DHN,AL,ASO,ES,Federal Contract Tower,6,3,48,101,158,0,0,49,39,88,6,3,97,140,246,38,152,190,436
03/02/2011,DHN,AL,ASO,ES,Federal Contract Tower,7,2,47,100,156,0,2,30,42,74,7,4,77,142,230,56,120,176,406
03/03/2011,DHN,AL,ASO,ES,Federal Contract Tower,7,4,58,128,197,0,0,49,38,87,7,4,107,166,284,50,162,212,496
03/04/2011,DHN,AL,ASO,ES,Federal Contract Tower,7,2,39,178,226,0,0,15,19,34,7,2,54,197,260,16,140,156,416
03/05/2011,DHN,AL,ASO,ES,Federal Contract Tower,5,0,8,5,18,0,0,3,1,4,5,0,11,6,22,0,0,0,22
03/06/2011,DHN,AL,ASO,ES,Federal Contract Tower,6,0,13,6,25,0,0,9,0,9,6,0,22,6,34,12,0,12,46
03/07/2011,DHN,AL,ASO,ES,Federal Contract Tower,6,2,19,66,93,0,0,18,25,43,6,2,37,91,136,20,84,104,240
03/08/2011,DHN,AL,ASO,ES,Federal Contract Tower,6,3,47,82,138,0,0,44,15,59,6,3,91,97,197,56,60,116,313
03/09/2011,DHN,AL,ASO,ES,Federal Contract Tower,7,3,20,4,34,0,0,3,0,3,7,3,23,4,37,2,0,2,39
03/10/2011,DHN,AL,ASO,ES,Federal Contract Tower,7,2,49,90,148,0,0,36,23,59,7,2,85,113,207,96,62,158,365
03/11/2011,DHN,AL,ASO,ES,Federal Contract Tower,7,2,38,71,118,0,0,52,30,82,7,2,90,101,200,106,138,244,444
03/12/2011,DHN,AL,ASO,ES,Federal Contract Tower,5,0,18,5,28,0,0,18,4,22,5,0,36,9,50,28,24,52,102
03/13/2011,DHN,AL,ASO,ES,Federal Contract Tower,5,2,16,0,23,0,0,32,4,36,5,2,48,4,59,22,0,22,81
03/14/2011,DHN,AL,ASO,ES,Federal Contract Tower,6,2,30,83,121,0,0,33,36,69,6,2,63,119,190,42,102,144,334
03/15/2011,DHN,AL,ASO,ES,Federal Contract Tower,7,2,35,96,140,0,0,9,11,20,7,2,44,107,160,14,56,70,230
03/16/2011,DHN,AL,ASO,ES,Federal Contract Tower,5,4,50,87,146,0,0,36,46,82,5,4,86,133,228,86,182,268,496
03/17/2011,DHN,AL,ASO,ES,Federal Contract Tower,6,4,32,80,122,0,0,52,49,101,6,4,84,129,223,76,194,270,493
03/18/2011,DHN,AL,ASO,ES,Federal Contract Tower,8,2,32,84,126,0,0,35,32,67,8,2,67,116,193,60,148,208,401
03/19/2011,DHN,AL,ASO,ES,Federal Contract Tower,8,2,33,6,49,0,0,30,2,32,8,2,63,8,81,20,0,20,101
03/20/2011,DHN,AL,ASO,ES,Federal Contract Tower,6,0,5,0,11,0,0,41,8,49,6,0,46,8,60,20,0,20,80
03/21/2011,DHN,AL,ASO,ES,Federal Contract Tower,5,5,12,17,39,0,0,50,47,97,5,5,62,64,136,46,132,178,314
03/22/2011,DHN,AL,ASO,ES,Federal Contract Tower,6,3,29,26,64,0,0,33,66,99,6,3,62,92,163,34,106,140,303
03/23/2011,DHN,AL,ASO,ES,Federal Contract Tower,6,4,35,77,122,0,0,12,18,30,6,4,47,95,152,22,114,136,288
03/24/2011,DHN,AL,ASO,ES,Federal Contract Tower,6,4,38,94,142,0,0,28,28,56,6,4,66,122,198,46,100,146,344
03/25/2011,DHN,AL,ASO,ES,Federal Contract Tower,6,2,32,78,118,0,0,32,27,59,6,2,64,105,177,44,154,198,375
03/26/2011,DHN,AL,ASO,ES,Federal Contract Tower,4,0,8,8,20,0,0,20,2,22,4,0,28,10,42,14,0,14,56
03/27/2011,DHN,AL,ASO,ES,Federal Contract Tower,5,0,8,3,16,0,0,0,0,0,5,0,8,3,16,0,0,0,16
03/28/2011,DHN,AL,ASO,ES,Federal Contract Tower,7,2,27,52,88,0,0,5,9,14,7,2,32,61,102,22,86,108,210
03/29/2011,DHN,AL,ASO,ES,Federal Contract Tower,6,4,59,90,159,0,0,7,10,17,6,4,66,100,176,4,100,104,280
03/30/2011,DHN,AL,ASO,ES,Federal Contract Tower,5,6,31,84,126,0,0,2,3,5,5,6,33,87,131,2,58,60,191
03/31/2011,DHN,AL,ASO,ES,Federal Contract Tower,6,2,23,113,144,0,22,12,0,34,6,24,35,113,178,14,40,54,232
04/01/2011,DHN,AL,ASO,ES,Federal Contract Tower,6,3,33,92,134,0,0,30,20,50,6,3,63,112,184,40,88,128,312
04/02/2011,DHN,AL,ASO,ES,Federal Contract Tower,9,0,10,2,21,0,0,20,4,24,9,0,30,6,45,8,0,8,53
04/03/2011,DHN,AL,ASO,ES,Federal Contract Tower,6,2,10,0,18,0,0,29,4,33,6,2,39,4,51,16,0,16,67
04/04/2011,DHN,AL,ASO,ES,Federal Contract Tower,9,4,20,109,142,0,0,14,27,41,9,4,34,136,183,18,84,102,285
04/05/2011,DHN,AL,ASO,ES,Federal Contract Tower,7,2,40,95,144,0,0,32,45,77,7,2,72,140,221,44,78,122,343
04/06/2011,DHN,AL,ASO,ES,Federal Contract Tower,4,2,17,106,129,0,0,31,33,64,4,2,48,139,193,64,128,192,385
04/07/2011,DHN,AL,ASO,ES,Federal Contract Tower,7,2,40,65,114,0,0,45,20,65,7,2,85,85,179,54,90,144,323
04/08/2011,DHN,AL,ASO,ES,Federal Contract Tower,12,3,23,81,119,0,0,9,23,32,12,3,32,104,151,18,114,132,283
04/09/2011,DHN,AL,ASO,ES,Federal Contract Tower,4,0,20,9,33,0,0,18,2,20,4,0,38,11,53,12,18,30,83
04/10/2011,DHN,AL,ASO,ES,Federal Contract Tower,6,0,10,2,18,0,0,17,0,17,6,0,27,2,35,16,0,16,51
04/11/2011,DHN,AL,ASO,ES,Federal Contract Tower,6,2,26,79,113,0,0,27,32,59,6,2,53,111,172,10,134,144,316
04/12/2011,DHN,AL,ASO,ES,Federal Contract Tower,6,4,29,84,123,0,0,43,24,67,6,4,72,108,190,34,92,126,316
04/13/2011,DHN,AL,ASO,ES,Federal Contract Tower,6,2,22,63,93,0,0,46,19,65,6,2,68,82,158,24,60,84,242
04/14/2011,DHN,AL,ASO,ES,Federal Contract Tower,6,2,22,67,97,0,0,23,49,72,6,2,45,116,169,20,206,226,395
04/15/2011,DHN,AL,ASO,ES,Federal Contract Tower,7,3,11,86,107,0,0,31,42,73,7,3,42,128,180,60,128,188,368
04/16/2011,DHN,AL,ASO,ES,Federal Contract Tower,4,0,8,2,14,0,0,11,0,11,4,0,19,2,25,8,0,8,33
04/17/2011,DHN,AL,ASO,ES,Federal Contract Tower,6,0,21,0,27,0,0,31,2,33,6,0,52,2,60,6,0,6,66
04/18/2011,DHN,AL,ASO,ES,Federal Contract Tower,6,2,17,96,121,0,0,27,31,58,6,2,44,127,179,40,178,218,397
04/19/2011,DHN,AL,ASO,ES,Federal Contract Tower,8,4,38,73,123,0,0,21,21,42,8,4,59,94,165,48,100,148,313
04/20/2011,DHN,AL,ASO,ES,Federal Contract Tower,7,5,34,85,131,0,0,30,9,39,7,5,64,94,170,48,34,82,252
04/21/2011,DHN,AL,ASO,ES,Federal Contract Tower,9,2,36,95,142,0,0,34,11,45,9,2,70,106,187,80,66,146,333
04/22/2011,DHN,AL,ASO,ES,Federal Contract Tower,6,4,40,39,89,0,0,38,41,79,6,4,78,80,168,48,176,224,392
04/23/2011,DHN,AL,ASO,ES,Federal Contract Tower,4,0,11,4,19,0,0,23,0,23,4,0,34,4,42,32,0,32,74
04/24/2011,DHN,AL,ASO,ES,Federal Contract Tower,5,0,6,2,13,0,0,17,0,17,5,0,23,2,30,12,0,12,42
04/25/2011,DHN,AL,ASO,ES,Federal Contract Tower,5,2,17,57,81,0,0,17,18,35,5,2,34,75,116,10,60,70,186
04/26/2011,DHN,AL,ASO,ES,Federal Contract Tower,7,3,39,102,151,0,0,18,11,29,7,3,57,113,180,32,94,126,306
04/27/2011,DHN,AL,ASO,ES,Federal Contract Tower,6,2,31,97,136,0,0,7,7,14,6,2,38,104,150,22,30,52,202
04/28/2011,DHN,AL,ASO,ES,Federal Contract Tower,8,4,26,78,116,0,0,31,15,46,8,4,57,93,162,28,54,82,244
04/29/2011,DHN,AL,ASO,ES,Federal Contract Tower,7,2,18,82,109,0,0,58,26,84,7,2,76,108,193,58,78,136,329
04/30/2011,DHN,AL,ASO,ES,Federal Contract Tower,5,0,31,2,38,0,0,15,0,15,5,0,46,2,53,24,0,24,77
05/01/2011,DHN,AL,ASO,ES,Federal Contract Tower,4,2,17,3,26,0,0,30,0,30,4,2,47,3,56,2,0,2,58
05/02/2011,DHN,AL,ASO,ES,Federal Contract Tower,9,2,20,92,123,0,0,35,41,76,9,2,55,133,199,30,114,144,343
05/03/2011,DHN,AL,ASO,ES,Federal Contract Tower,19,4,12,85,120,0,0,34,41,75,19,4,46,126,195,48,142,190,385
05/04/2011,DHN,AL,ASO,ES,Federal Contract Tower,7,7,41,70,125,2,0,31,36,69,9,7,72,106,194,58,138,196,390
05/05/2011,DHN,AL,ASO,ES,Federal Contract Tower,7,2,29,72,110,0,0,33,37,70,7,2,62,109,180,44,152,196,376
05/06/2011,DHN,AL,ASO,ES,Federal Contract Tower,6,2,32,70,110,0,0,33,37,70,6,2,65,107,180,32,132,164,344
05/07/2011,DHN,AL,ASO,ES,Federal Contract Tower,4,0,16,12,32,0,0,17,2,19,4,0,33,14,51,26,0,26,77
05/08/2011,DHN,AL,ASO,ES,Federal Contract Tower,7,0,16,0,23,0,0,28,0,28,7,0,44,0,51,6,0,6,57
05/09/2011,DHN,AL,ASO,ES,Federal Contract Tower,5,4,27,61,97,0,0,31,37,68,5,4,58,98,165,26,156,182,347
05/10/2011,DHN,AL,ASO,ES,Federal Contract Tower,7,2,30,73,112,0,0,37,30,67,7,2,67,103,179,40,160,200,379
05/11/2011,DHN,AL,ASO,ES,Federal Contract Tower,6,1,34,130,171,0,0,42,36,78,6,1,76,166,249,8,216,224,473
05/12/2011,DHN,AL,ASO,ES,Federal Contract Tower,7,7,36,96,146,0,0,34,32,66,7,7,70,128,212,20,140,160,372
05/13/2011,DHN,AL,ASO,ES,Federal Contract Tower,7,2,23,119,151,0,0,25,26,51,7,2,48,145,202,42,116,158,360
05/14/2011,DHN,AL,ASO,ES,Federal Contract Tower,4,0,14,0,18,0,0,17,0,17,4,0,31,0,35,46,0,46,81
05/15/2011,DHN,AL,ASO,ES,Federal Contract Tower,5,0,8,0,13,0,0,16,4,20,5,0,24,4,33,12,0,12,45
05/16/2011,DHN,AL,ASO,ES,Federal Contract Tower,7,2,19,72,100,0,0,28,25,53,7,2,47,97,153,90,188,278,431
05/17/2011,DHN,AL,ASO,ES,Federal Contract Tower,6,2,36,63,107,0,0,29,38,67,6,2,65,101,174,66,174,240,414
05/18/2011,DHN,AL,ASO,ES,Federal Contract Tower,6,4,41,66,117,0,0,44,29,73,6,4,85,95,190,92,170,262,452
05/19/2011,DHN,AL,ASO,ES,Federal Contract Tower,6,5,32,132,175,0,0,35,35,70,6,5,67,167,245,58,132,190,435
05/20/2011,DHN,AL,ASO,ES,Federal Contract Tower,6,4,42,48,100,0,0,41,16,57,6,4,83,64,157,78,74,152,309
05/21/2011,DHN,AL,ASO,ES,Federal Contract Tower,4,2,10,2,18,0,0,21,0,21,4,2,31,2,39,28,0,28,67
05/22/2011,DHN,AL,ASO,ES,Federal Contract Tower,4,2,6,6,18,0,0,25,4,29,4,2,31,10,47,24,0,24,71
05/23/2011,DHN,AL,ASO,ES,Federal Contract Tower,7,2,28,69,106,0,0,25,10,35,7,2,53,79,141,58,92,150,291
05/24/2011,DHN,AL,ASO,ES,Federal Contract Tower,6,2,45,72,125,0,0,18,11,29,6,2,63,83,154,16,36,52,206
05/25/2011,DHN,AL,ASO,ES,Federal Contract Tower,6,3,33,57,99,0,0,8,7,15,6,3,41,64,114,12,40,52,166
05/26/2011,DHN,AL,ASO,ES,Federal Contract Tower,5,3,30,23,61,0,0,20,1,21,5,3,50,24,82,10,8,18,100
05/27/2011,DHN,AL,ASO,ES,Federal Contract Tower,9,3,26,4,42,0,2,16,0,18,9,5,42,4,60,12,0,12,72
05/28/2011,DHN,AL,ASO,ES,Federal Contract Tower,3,0,3,0,6,0,0,19,0,19,3,0,22,0,25,24,0,24,49
05/29/2011,DHN,AL,ASO,ES,Federal Contract Tower,3,0,3,0,6,0,0,7,0,7,3,0,10,0,13,0,0,0,13
05/30/2011,DHN,AL,ASO,ES,Federal Contract Tower,5,0,13,0,18,0,0,26,0,26,5,0,39,0,44,6,0,6,50
05/31/2011,DHN,AL,ASO,ES,Federal Contract Tower,6,2,18,39,65,0,0,31,8,39,6,2,49,47,104,54,30,84,188
06/01/2011,DHN,AL,ASO,ES,Federal Contract Tower,9,2,27,74,112,0,0,20,33,53,9,2,47,107,165,44,84,128,293
06/02/2011,DHN,AL,ASO,ES,Federal Contract Tower,6,1,35,92,134,0,1,33,19,53,6,2,68,111,187,80,114,194,381
06/03/2011,DHN,AL,ASO,ES,Federal Contract Tower,6,5,38,61,110,0,0,35,20,55,6,5,73,81,165,76,88,164,329
06/04/2011,DHN,AL,ASO,ES,Federal Contract Tower,4,1,2,3,10,0,0,18,2,20,4,1,20,5,30,22,18,40,70
06/05/2011,DHN,AL,ASO,ES,Federal Contract Tower,4,0,9,6,19,0,0,16,4,20,4,0,25,10,39,12,0,12,51
06/06/2011,DHN,AL,ASO,ES,Federal Contract Tower,6,2,28,70,106,0,0,24,15,39,6,2,52,85,145,66,96,162,307
06/07/2011,DHN,AL,ASO,ES,Federal Contract Tower,7,2,23,76,108,0,0,25,15,40,7,2,48,91,148,46,102,148,296
06/08/2011,DHN,AL,ASO,ES,Federal Contract Tower,6,4,25,75,110,0,0,38,18,56,6,4,63,93,166,56,98,154,320
06/09/2011,DHN,AL,ASO,ES,Federal Contract Tower,6,3,32,93,134,0,0,28,20,48,6,3,60,113,182,28,96,124,306
06/10/2011,DHN,AL,ASO,ES,Federal Contract Tower,7,2,20,96,125,0,0,40,18,58,7,2,60,114,183,56,96,152,335
06/11/2011,DHN,AL,ASO,ES,Federal Contract Tower,2,0,14,4,20,0,0,16,2,18,2,0,30,6,38,8,0,8,46
06/12/2011,DHN,AL,ASO,ES,Federal Contract Tower,3,0,6,6,15,0,0,22,0,22,3,0,28,6,37,14,0,14,51
06/13/2011,DHN,AL,ASO,ES,Federal Contract Tower,6,2,27,72,107,0,0,28,23,51,6,2,55,95,158,52,106,158,316
06/14/2011,DHN,AL,ASO,ES,Federal Contract Tower,3,2,36,98,139,0,0,39,11,50,3,2,75,109,189,72,148,220,409
06/15/2011,DHN,AL,ASO,ES,Federal Contract Tower,5,3,32,77,117,0,0,43,12,55,5,3,75,89,172,102,60,162,334
06/16/2011,DHN,AL,ASO,ES,Federal Contract Tower,5,3,39,94,141,0,0,34,16,50,5,3,73,110,191,44,156,200,391
06/17/2011,DHN,AL,ASO,ES,Federal Contract Tower,6,3,52,80,141,0,0,34,11,45,6,3,86,91,186,72,168,240,426
06/18/2011,DHN,AL,ASO,ES,Federal Contract Tower,2,0,15,0,17,0,0,18,0,18,2,0,33,0,35,6,0,6,41
06/19/2011,DHN,AL,ASO,ES,Federal Contract Tower,5,0,15,2,22,0,0,18,0,18,5,0,33,2,40,14,0,14,54
06/20/2011,DHN,AL,ASO,ES,Federal Contract Tower,6,1,33,41,81,0,3,26,16,45,6,4,59,57,126,62,138,200,326
06/21/2011,DHN,AL,ASO,ES,Federal Contract Tower,5,5,32,60,102,0,0,28,14,42,5,5,60,74,144,72,82,154,298
06/22/2011,DHN,AL,ASO,ES,Federal Contract Tower,3,1,28,99,131,0,3,32,16,51,3,4,60,115,182,36,116,152,334
06/23/2011,DHN,AL,ASO,ES,Federal Contract Tower,7,2,22,107,138,0,0,20,13,33,7,2,42,120,171,2,104,106,277
06/24/2011,DHN,AL,ASO,ES,Federal Contract Tower,5,4,30,101,140,0,1,34,8,43,5,5,64,109,183,46,92,138,321
06/25/2011,DHN,AL,ASO,ES,Federal Contract Tower,2,1,21,0,24,0,0,25,0,25,2,1,46,0,49,2,0,2,51
06/26/2011,DHN,AL,ASO,ES,Federal Contract Tower,4,1,10,0,15,0,0,28,0,28,4,1,38,0,43,12,0,12,55
06/27/2011,DHN,AL,ASO,ES,Federal Contract Tower,7,2,26,50,85,0,2,43,4,49,7,4,69,54,134,92,48,140,274
06/28/2011,DHN,AL,ASO,ES,Federal Contract Tower,4,3,34,95,136,0,0,29,8,37,4,3,63,103,173,52,50,102,275
06/29/2011,DHN,AL,ASO,ES,Federal Contract Tower,5,2,60,62,129,0,0,22,7,29,5,2,82,69,158,90,6,96,254
06/30/2011,DHN,AL,ASO,ES,Federal Contract Tower,6,3,28,63,100,0,0,40,22,62,6,3,68,85,162,100,142,242,404
07/01/2011,DHN,AL,ASO,ES,Federal Contract Tower,7,3,26,0,36,0,0,15,0,15,7,3,41,0,51,0,0,0,51
07/02/2011,DHN,AL,ASO,ES,Federal Contract Tower,2,0,6,0,8,0,0,10,0,10,2,0,16,0,18,8,0,8,26
07/03/2011,DHN,AL,ASO,ES,Federal Contract Tower,5,0,3,0,8,0,0,8,0,8,5,0,11,0,16,0,0,0,16
07/04/2011,DHN,AL,ASO,ES,Federal Contract Tower,3,0,2,0,5,0,0,7,0,7,3,0,9,0,12,0,0,0,12
07/05/2011,DHN,AL,ASO,ES,Federal Contract Tower,6,4,25,52,87,0,0,28,20,48,6,4,53,72,135,70,125,195,330
07/06/2011,DHN,AL,ASO,ES,Federal Contract Tower,6,10,34,44,94,0,0,24,18,42,6,10,58,62,136,78,64,142,278
07/07/2011,DHN,AL,ASO,ES,Federal Contract Tower,7,4,29,68,108,0,0,31,23,54,7,4,60,91,162,62,66,128,290
07/08/2011,DHN,AL,ASO,ES,Federal Contract Tower,7,2,18,97,124,0,2,30,19,51,7,4,48,116,175,22,32,54,229
07/09/2011,DHN,AL,ASO,ES,Federal Contract Tower,2,2,11,0,15,0,0,12,2,14,2,2,23,2,29,12,0,12,41
07/10/2011,DHN,AL,ASO,ES,Federal Contract Tower,4,5,16,6,31,0,0,8,0,8,4,5,24,6,39,4,0,4,43
07/11/2011,DHN,AL,ASO,ES,Federal Contract Tower,6,4,25,98,133,0,1,37,29,67,6,5,62,127,200,60,64,124,324
07/12/2011,DHN,AL,ASO,ES,Federal Contract Tower,6,8,19,66,99,0,0,13,3,16,6,8,32,69,115,28,18,46,161
07/13/2011,DHN,AL,ASO,ES,Federal Contract Tower,7,8,32,54,101,0,0,26,16,42,7,8,58,70,143,78,64,142,285
07/14/2011,DHN,AL,ASO,ES,Federal Contract Tower,6,5,39,67,117,0,2,44,24,70,6,7,83,91,187,70,66,136,323
07/15/2011,DHN,AL,ASO,ES,Federal Contract Tower,5,4,70,120,199,0,0,12,4,16,5,4,82,124,215,90,28,118,333
07/16/2011,DHN,AL,ASO,ES,Federal Contract Tower,2,0,15,0,17,0,0,0,0,0,2,0,15,0,17,0,0,0,17
07/17/2011,DHN,AL,ASO,ES,Federal Contract Tower,4,2,15,3,24,0,0,6,1,7,4,2,21,4,31,6,0,6,37
07/18/2011,DHN,AL,ASO,ES,Federal Contract Tower,6,5,37,79,127,0,0,48,37,85,6,5,85,116,212,82,174,256,468
07/19/2011,DHN,AL,ASO,ES,Federal Contract Tower,6,9,22,56,93,0,0,47,30,77,6,9,69,86,170,70,190,260,430
07/20/2011,DHN,AL,ASO,ES,Federal Contract Tower,6,5,23,60,94,0,0,40,21,61,6,5,63,81,155,71,124,195,350
07/21/2011,DHN,AL,ASO,ES,Federal Contract Tower,7,4,34,94,139,0,0,40,34,74,7,4,74,128,213,52,208,260,473
07/22/2011,DHN,AL,ASO,ES,Federal Contract Tower,6,5,18,67,96,0,0,37,30,67,6,5,55,97,163,18,140,158,321
07/23/2011,DHN,AL,ASO,ES,Federal Contract Tower,3,0,16,2,21,0,0,23,0,23,3,0,39,2,44,8,0,8,52
07/24/2011,DHN,AL,ASO,ES,Federal Contract Tower,5,2,12,0,19,0,0,22,0,22,5,2,34,0,41,12,0,12,53
07/25/2011,DHN,AL,ASO,ES,Federal Contract Tower,6,3,33,129,171,0,1,43,8,52,6,4,76,137,223,54,52,106,329
07/26/2011,DHN,AL,ASO,ES,Federal Contract Tower,7,4,49,30,90,0,0,12,6,18,7,4,61,36,108,18,32,50,158
07/27/2011,DHN,AL,ASO,ES,Federal Contract Tower,7,2,33,64,106,0,0,12,13,25,7,2,45,77,131,52,50,102,233
07/28/2011,DHN,AL,ASO,ES,Federal Contract Tower,7,4,38,118,167,0,1,26,13,40,7,5,64,131,207,72,34,106,313
07/29/2011,DHN,AL,ASO,ES,Federal Contract Tower,7,6,38,105,156,0,0,46,21,67,7,6,84,126,223,80,86,166,389
07/30/2011,DHN,AL,ASO,ES,Federal Contract Tower,2,0,11,0,13,0,0,18,0,18,2,0,29,0,31,22,0,22,53
07/31/2011,DHN,AL,ASO,ES,Federal Contract Tower,3,2,16,5,26,0,0,20,0,20,3,2,36,5,46,10,0,10,56
08/01/2011,DHN,AL,ASO,ES,Federal Contract Tower,6,4,27,63,100,0,1,44,28,73,6,5,71,91,173,76,64,140,313
08/02/2011,DHN,AL,ASO,ES,Federal Contract Tower,7,4,45,77,133,0,0,17,10,27,7,4,62,87,160,52,52,104,264
08/03/2011,DHN,AL,ASO,ES,Federal Contract Tower,7,6,38,65,116,0,0,34,24,58,7,6,72,89,174,80,90,170,344
08/04/2011,DHN,AL,ASO,ES,Federal Contract Tower,7,4,30,75,116,0,0,21,20,41,7,4,51,95,157,38,92,130,287
08/05/2011,DHN,AL,ASO,ES,Federal Contract Tower,4,5,20,63,92,0,0,14,27,41,4,5,34,90,133,20,98,118,251
08/06/2011,DHN,AL,ASO,ES,Federal Contract Tower,2,2,22,0,26,0,0,8,0,8,2,2,30,0,34,0,0,0,34
08/07/2011,DHN,AL,ASO,ES,Federal Contract Tower,4,0,8,3,15,0,0,21,0,21,4,0,29,3,36,0,0,0,36
08/08/2011,DHN,AL,ASO,ES,Federal Contract Tower,5,3,10,86,104,0,1,34,10,45,5,4,44,96,149,44,32,76,225
08/09/2011,DHN,AL,ASO,ES,Federal Contract Tower,7,4,29,57,97,0,0,39,0,39,7,4,68,57,136,46,10,56,192
08/10/2011,DHN,AL,ASO,ES,Federal Contract Tower,7,6,40,76,129,0,0,27,21,48,7,6,67,97,177,76,66,142,319
08/11/2011,DHN,AL,ASO,ES,Federal Contract Tower,6,8,35,65,114,0,0,40,14,54,6,8,75,79,168,82,66,148,316
08/12/2011,DHN,AL,ASO,ES,Federal Contract Tower,6,7,34,98,145,0,0,49,21,70,6,7,83,119,215,100,64,164,379
08/13/2011,DHN,AL,ASO,ES,Federal Contract Tower,2,0,8,6,16,0,0,26,2,28,2,0,34,8,44,14,0,14,58
08/14/2011,DHN,AL,ASO,ES,Federal Contract Tower,5,0,14,2,21,0,0,21,4,25,5,0,35,6,46,12,0,12,58
08/15/2011,DHN,AL,ASO,ES,Federal Contract Tower,6,4,29,77,116,0,0,32,19,51,6,4,61,96,167,68,68,136,303
08/16/2011,DHN,AL,ASO,ES,Federal Contract Tower,5,4,30,49,88,0,0,30,32,62,5,4,60,81,150,54,97,151,301
08/17/2011,DHN,AL,ASO,ES,Federal Contract Tower,5,6,38,66,115,0,0,41,25,66,5,6,79,91,181,58,112,170,351
08/18/2011,DHN,AL,ASO,ES,Federal Contract Tower,6,16,20,77,119,0,0,27,27,54,6,16,47,104,173,22,128,150,323
08/19/2011,DHN,AL,ASO,ES,Federal Contract Tower,6,4,14,50,74,0,0,35,7,42,6,4,49,57,116,40,46,86,202
08/20/2011,DHN,AL,ASO,ES,Federal Contract Tower,5,2,9,12,28,0,0,19,0,19,5,2,28,12,47,4,0,4,51
08/21/2011,DHN,AL,ASO,ES,Federal Contract Tower,5,0,22,4,31,0,0,20,0,20,5,0,42,4,51,16,0,16,67
08/22/2011,DHN,AL,ASO,ES,Federal Contract Tower,6,7,26,68,107,0,0,45,17,62,6,7,71,85,169,94,46,140,309
08/23/2011,DHN,AL,ASO,ES,Federal Contract Tower,5,4,29,95,133,0,0,39,13,52,5,4,68,108,185,80,20,100,285
08/24/2011,DHN,AL,ASO,ES,Federal Contract Tower,5,4,42,108,159,0,0,41,30,71,5,4,83,138,230,94,92,186,416
08/25/2011,DHN,AL,ASO,ES,Federal Contract Tower,7,4,30,90,131,0,0,44,19,63,7,4,74,109,194,108,100,208,402
08/26/2011,DHN,AL,ASO,ES,Federal Contract Tower,7,4,30,98,139,0,0,39,26,65,7,4,69,124,204,74,114,188,392
08/27/2011,DHN,AL,ASO,ES,Federal Contract Tower,5,0,9,0,14,0,0,26,4,30,5,0,35,4,44,10,0,10,54
08/28/2011,DHN,AL,ASO,ES,Federal Contract Tower,7,0,11,7,25,0,0,29,2,31,7,0,40,9,56,4,0,4,60
08/29/2011,DHN,AL,ASO,ES,Federal Contract Tower,6,2,21,59,88,0,1,39,39,79,6,3,60,98,167,62,100,162,329
08/30/2011,DHN,AL,ASO,ES,Federal Contract Tower,6,4,19,50,79,0,0,27,23,50,6,4,46,73,129,76,132,208,337
08/31/2011,DHN,AL,ASO,ES,Federal Contract Tower,6,6,33,113,158,0,0,33,27,60,6,6,66,140,218,56,114,170,388
09/01/2011,DHN,AL,ASO,ES,Federal Contract Tower,7,6,43,91,147,0,0,15,29,44,7,6,58,120,191,16,88,104,295
09/02/2011,DHN,AL,ASO,ES,Federal Contract Tower,6,4,27,0,37,0,2,15,2,19,6,6,42,2,56,24,0,24,80
09/03/2011,DHN,AL,ASO,ES,Federal Contract Tower,4,0,10,0,14,0,0,16,0,16,4,0,26,0,30,6,0,6,36
09/04/2011,DHN,AL,ASO,ES,Federal Contract Tower,2,0,5,0,7,0,0,0,0,0,2,0,5,0,7,0,0,0,7
09/05/2011,DHN,AL,ASO,ES,Federal Contract Tower,6,0,2,0,8,0,0,1,0,1,6,0,3,0,9,0,0,0,9
09/06/2011,DHN,AL,ASO,ES,Federal Contract Tower,6,3,38,81,128,0,1,23,1,25,6,4,61,82,153,36,66,102,255
09/07/2011,DHN,AL,ASO,ES,Federal Contract Tower,5,7,29,74,115,0,0,44,9,53,5,7,73,83,168,96,82,178,346
09/08/2011,DHN,AL,ASO,ES,Federal Contract Tower,7,4,38,60,109,0,0,46,23,69,7,4,84,83,178,54,164,218,396
09/09/2011,DHN,AL,ASO,ES,Federal Contract Tower,6,6,39,94,145,0,0,43,20,63,6,6,82,114,208,86,208,294,502
09/10/2011,DHN,AL,ASO,ES,Federal Contract Tower,2,0,17,0,19,0,0,15,0,15,2,0,32,0,34,10,0,10,44
09/11/2011,DHN,AL,ASO,ES,Federal Contract Tower,6,1,14,2,23,0,2,26,4,32,6,3,40,6,55,18,0,18,73
09/12/2011,DHN,AL,ASO,ES,Federal Contract Tower,6,3,26,74,109,0,3,28,27,58,6,6,54,101,167,72,132,204,371
09/13/2011,DHN,AL,ASO,ES,Federal Contract Tower,4,2,35,78,119,0,2,26,27,55,4,4,61,105,174,108,114,222,396
09/14/2011,DHN,AL,ASO,ES,Federal Contract Tower,4,3,28,61,96,0,1,37,29,67,4,4,65,90,163,100,110,210,373
09/15/2011,DHN,AL,ASO,ES,Federal Contract Tower,10,5,34,56,105,0,0,23,30,53,10,5,57,86,158,120,120,240,398
09/16/2011,DHN,AL,ASO,ES,Federal Contract Tower,9,2,31,51,93,0,2,39,21,62,9,4,70,72,155,76,106,182,337
09/17/2011,DHN,AL,ASO,ES,Federal Contract Tower,5,0,17,0,22,0,0,13,0,13,5,0,30,0,35,12,0,12,47
09/18/2011,DHN,AL,ASO,ES,Federal Contract Tower,6,0,24,6,36,0,0,14,0,14,6,0,38,6,50,4,0,4,54
09/19/2011,DHN,AL,ASO,ES,Federal Contract Tower,6,4,6,67,83,0,0,29,14,43,6,4,35,81,126,28,26,54,180
09/20/2011,DHN,AL,ASO,ES,Federal Contract Tower,4,4,43,57,108,0,2,12,0,14,4,6,55,57,122,22,0,22,144
09/21/2011,DHN,AL,ASO,ES,Federal Contract Tower,4,2,26,123,155,0,2,17,7,26,4,4,43,130,181,52,18,70,251
09/22/2011,DHN,AL,ASO,ES,Federal Contract Tower,6,4,49,47,106,0,2,24,4,30,6,6,73,51,136,78,8,86,222
09/23/2011,DHN,AL,ASO,ES,Federal Contract Tower,7,4,34,96,141,0,1,19,16,36,7,5,53,112,177,62,68,130,307
09/24/2011,DHN,AL,ASO,ES,Federal Contract Tower,6,0,11,6,23,0,2,20,0,22,6,2,31,6,45,8,0,8,53
09/25/2011,DHN,AL,ASO,ES,Federal Contract Tower,6,2,11,5,24,0,0,24,8,32,6,2,35,13,56,6,0,6,62
09/26/2011,DHN,AL,ASO,ES,Federal Contract Tower,6,3,33,91,133,0,3,40,21,64,6,6,73,112,197,104,66,170,367
09/27/2011,DHN,AL,ASO,ES,Federal Contract Tower,5,5,27,69,106,0,2,31,20,53,5,7,58,89,159,70,76,146,305
09/28/2011,DHN,AL,ASO,ES,Federal Contract Tower,4,3,34,45,86,0,2,45,19,66,4,5,79,64,152,74,84,158,310
09/29/2011,DHN,AL,ASO,ES,Federal Contract Tower,9,4,26,53,92,0,2,47,22,71,9,6,73,75,163,84,110,194,357
09/30/2011,DHN,AL,ASO,ES,Federal Contract Tower,6,2,34,54,96,0,2,46,27,75,6,4,80,81,171,90,126,216,387
10/01/2011,DHN,AL,ASO,ES,Federal Contract Tower,4,0,12,11,27,0,0,13,0,13,4,0,25,11,40,0,0,0,40
10/02/2011,DHN,AL,ASO,ES,Federal Contract Tower,6,0,11,7,24,0,0,18,0,18,6,0,29,7,42,6,0,6,48
10/03/2011,DHN,AL,ASO,ES,Federal Contract Tower,7,4,22,79,112,0,1,13,31,45,7,5,35,110,157,2,84,86,243
10/04/2011,DHN,AL,ASO,ES,Federal Contract Tower,5,2,25,107,139,0,2,23,9,34,5,4,48,116,173,6,50,56,229
10/05/2011,DHN,AL,ASO,ES,Federal Contract Tower,6,5,24,103,138,0,1,29,19,49,6,6,53,122,187,60,52,112,299
10/06/2011,DHN,AL,ASO,ES,Federal Contract Tower,7,5,23,51,86,0,0,34,25,59,7,5,57,76,145,98,106,204,349
10/07/2011,DHN,AL,ASO,ES,Federal Contract Tower,7,3,43,4,57,0,2,48,2,52,7,5,91,6,109,34,2,36,145
10/08/2011,DHN,AL,ASO,ES,Federal Contract Tower,4,0,10,0,14,0,2,18,2,22,4,2,28,2,36,6,0,6,42
10/09/2011,DHN,AL,ASO,ES,Federal Contract Tower,6,0,8,0,14,0,1,8,0,9,6,1,16,0,23,0,0,0,23
10/10/2011,DHN,AL,ASO,ES,Federal Contract Tower,7,5,18,0,30,0,0,2,0,2,7,5,20,0,32,0,0,0,32
10/11/2011,DHN,AL,ASO,ES,Federal Contract Tower,5,4,41,67,117,0,0,0,0,0,5,4,41,67,117,0,0,0,117
10/12/2011,DHN,AL,ASO,ES,Federal Contract Tower,5,2,77,80,164,0,0,7,6,13,5,2,84,86,177,62,2,64,241
10/13/2011,DHN,AL,ASO,ES,Federal Contract Tower,6,4,36,98,144,0,2,46,51,99,6,6,82,149,243,136,208,344,587
10/14/2011,DHN,AL,ASO,ES,Federal Contract Tower,7,3,34,69,113,0,2,60,28,90,7,5,94,97,203,130,118,248,451
10/15/2011,DHN,AL,ASO,ES,Federal Contract Tower,4,2,13,2,21,0,0,23,4,27,4,2,36,6,48,20,0,20,68
10/16/2011,DHN,AL,ASO,ES,Federal Contract Tower,5,1,13,2,21,0,0,36,0,36,5,1,49,2,57,32,0,32,89
10/17/2011,DHN,AL,ASO,ES,Federal Contract Tower,7,2,29,76,114,0,2,58,37,97,7,4,87,113,211,102,118,220,431
10/18/2011,DHN,AL,ASO,ES,Federal Contract Tower,5,6,37,79,127,0,0,18,12,30,5,6,55,91,157,54,40,94,251
10/19/2011,DHN,AL,ASO,ES,Federal Contract Tower,4,3,32,86,125,0,2,15,4,21,4,5,47,90,146,30,38,68,214
10/20/2011,DHN,AL,ASO,ES,Federal Contract Tower,8,2,27,76,113,0,4,32,9,45,8,6,59,85,158,18,56,74,232
10/21/2011,DHN,AL,ASO,ES,Federal Contract Tower,8,2,21,66,97,0,4,56,21,81,8,6,77,87,178,84,22,106,284
10/22/2011,DHN,AL,ASO,ES,Federal Contract Tower,2,0,21,4,27,0,0,34,0,34,2,0,55,4,61,12,0,12,73
10/23/2011,DHN,AL,ASO,ES,Federal Contract Tower,8,0,14,2,24,0,0,42,0,42,8,0,56,2,66,16,0,16,82
10/24/2011,DHN,AL,ASO,ES,Federal Contract Tower,9,2,24,91,126,0,2,43,19,64,9,4,67,110,190,90,86,176,366
10/25/2011,DHN,AL,ASO,ES,Federal Contract Tower,5,2,19,86,112,0,2,36,13,51,5,4,55,99,163,106,74,180,343
10/26/2011,DHN,AL,ASO,ES,Federal Contract Tower,3,2,29,73,107,0,2,47,18,67,3,4,76,91,174,110,74,184,358
10/27/2011,DHN,AL,ASO,ES,Federal Contract Tower,8,4,48,79,139,0,2,31,21,54,8,6,79,100,193,108,98,206,399
10/28/2011,DHN,AL,ASO,ES,Federal Contract Tower,7,5,39,76,127,0,2,48,31,81,7,7,87,107,208,98,114,212,420
10/29/2011,DHN,AL,ASO,ES,Federal Contract Tower,2,0,9,0,11,0,0,25,0,25,2,0,34,0,36,4,0,4,40
10/30/2011,DHN,AL,ASO,ES,Federal Contract Tower,7,0,12,3,22,0,0,35,2,37,7,0,47,5,59,22,0,22,81
10/31/2011,DHN,AL,ASO,ES,Federal Contract Tower,6,4,24,79,113,0,2,37,25,64,6,6,61,104,177,58,166,224,401
11/01/2011,DHN,AL,ASO,ES,Federal Contract Tower,5,6,24,64,99,0,2,37,20,59,5,8,61,84,158,58,82,140,298
11/02/2011,DHN,AL,ASO,ES,Federal Contract Tower,6,2,26,73,107,0,2,26,15,43,6,4,52,88,150,46,72,118,268
11/03/2011,DHN,AL,ASO,ES,Federal Contract Tower,7,3,21,80,111,0,2,28,20,50,7,5,49,100,161,42,58,100,261
11/04/2011,DHN,AL,ASO,ES,Federal Contract Tower,9,2,47,37,95,0,2,40,16,58,9,4,87,53,153,86,88,174,327
11/05/2011,DHN,AL,ASO,ES,Federal Contract Tower,2,0,8,2,12,0,0,14,0,14,2,0,22,2,26,20,0,20,46
11/06/2011,DHN,AL,ASO,ES,Federal Contract Tower,6,0,17,1,24,0,0,18,0,18,6,0,35,1,42,6,0,6,48
11/07/2011,DHN,AL,ASO,ES,Federal Contract Tower,6,2,27,49,84,0,2,33,19,54,6,4,60,68,138,96,28,124,262
11/08/2011,DHN,AL,ASO,ES,Federal Contract Tower,4,3,29,54,90,0,2,43,24,69,4,5,72,78,159,86,90,176,335
11/09/2011,DHN,AL,ASO,ES,Federal Contract Tower,4,2,34,57,97,0,2,33,29,64,4,4,67,86,161,106,124,230,391
11/10/2011,DHN,AL,ASO,ES,Federal Contract Tower,6,3,42,39,90,0,2,34,37,73,6,5,76,76,163,84,192,276,439
11/11/2011,DHN,AL,ASO,ES,Federal Contract Tower,6,2,26,9,43,0,0,36,0,36,6,2,62,9,79,28,0,28,107
11/12/2011,DHN,AL,ASO,ES,Federal Contract Tower,5,0,16,4,25,0,0,20,2,22,5,0,36,6,47,0,0,0,47
11/13/2011,DHN,AL,ASO,ES,Federal Contract Tower,6,0,15,5,26,0,0,21,4,25,6,0,36,9,51,8,0,8,59
11/14/2011,DHN,AL,ASO,ES,Federal Contract Tower,6,4,30,64,104,0,2,25,19,46,6,6,55,83,150,76,100,176,326
11/15/2011,DHN,AL,ASO,ES,Federal Contract Tower,5,5,30,72,112,0,2,24,27,53,5,7,54,99,165,62,144,206,371
11/16/2011,DHN,AL,ASO,ES,Federal Contract Tower,4,4,57,59,124,0,2,15,12,29,4,6,72,71,153,38,82,120,273
11/17/2011,DHN,AL,ASO,ES,Federal Contract Tower,7,3,20,89,119,2,21,31,0,54,9,24,51,89,173,16,78,94,267
11/18/2011,DHN,AL,ASO,ES,Federal Contract Tower,7,7,14,85,113,0,2,26,17,45,7,9,40,102,158,2,46,48,206
11/19/2011,DHN,AL,ASO,ES,Federal Contract Tower,3,0,6,12,21,1,0,5,4,10,4,0,11,16,31,0,0,0,31
11/20/2011,DHN,AL,ASO,ES,Federal Contract Tower,4,2,16,7,29,0,0,16,3,19,4,2,32,10,48,44,0,44,92
11/21/2011,DHN,AL,ASO,ES,Federal Contract Tower,6,4,23,73,106,0,2,49,14,65,6,6,72,87,171,66,50,116,287
11/22/2011,DHN,AL,ASO,ES,Federal Contract Tower,6,3,32,81,122,0,2,7,4,13,6,5,39,85,135,24,14,38,173
11/23/2011,DHN,AL,ASO,ES,Federal Contract Tower,9,6,37,77,129,0,2,29,19,50,9,8,66,96,179,68,116,184,363
11/24/2011,DHN,AL,ASO,ES,Federal Contract Tower,3,0,5,0,8,0,0,7,6,13,3,0,12,6,21,0,0,0,21
11/25/2011,DHN,AL,ASO,ES,Federal Contract Tower,3,0,15,0,18,0,2,21,0,23,3,2,36,0,41,10,0,10,51
11/26/2011,DHN,AL,ASO,ES,Federal Contract Tower,5,2,16,0,23,0,0,20,0,20,5,2,36,0,43,20,0,20,63
11/27/2011,DHN,AL,ASO,ES,Federal Contract Tower,6,3,6,0,15,0,0,10,0,10,6,3,16,0,25,0,0,0,25
11/28/2011,DHN,AL,ASO,ES,Federal Contract Tower,6,3,36,44,89,0,2,7,7,16,6,5,43,51,105,48,48,96,201
11/29/2011,DHN,AL,ASO,ES,Federal Contract Tower,8,3,23,55,89,0,1,22,22,45,8,4,45,77,134,38,138,176,310
11/30/2011,DHN,AL,ASO,ES,Federal Contract Tower,9,5,43,54,111,0,3,21,13,37,9,8,64,67,148,122,100,222,370
12/01/2011,DHN,AL,ASO,ES,Federal Contract Tower,9,6,39,73,127,0,2,37,17,56,9,8,76,90,183,122,78,200,383
12/02/2011,DHN,AL,ASO,ES,Federal Contract Tower,9,3,36,114,162,1,2,44,22,69,10,5,80,136,231,56,80,136,367
12/03/2011,DHN,AL,ASO,ES,Federal Contract Tower,3,0,4,0,7,0,0,25,0,25,3,0,29,0,32,26,0,26,58
12/04/2011,DHN,AL,ASO,ES,Federal Contract Tower,9,0,12,1,22,0,0,18,0,18,9,0,30,1,40,30,0,30,70
12/05/2011,DHN,AL,ASO,ES,Federal Contract Tower,7,4,19,60,90,0,2,19,8,29,7,6,38,68,119,30,42,72,191
12/06/2011,DHN,AL,ASO,ES,Federal Contract Tower,5,5,33,80,123,0,2,14,0,16,5,7,47,80,139,22,32,54,193
12/07/2011,DHN,AL,ASO,ES,Federal Contract Tower,8,4,20,72,104,0,2,14,6,22,8,6,34,78,126,14,24,38,164
12/08/2011,DHN,AL,ASO,ES,Federal Contract Tower,7,4,43,83,137,0,2,40,22,64,7,6,83,105,201,70,78,148,349
12/09/2011,DHN,AL,ASO,ES,Federal Contract Tower,10,3,38,70,121,0,1,30,21,52,10,4,68,91,173,76,100,176,349
12/10/2011,DHN,AL,ASO,ES,Federal Contract Tower,3,2,17,3,25,0,0,17,4,21,3,2,34,7,46,32,0,32,78
12/11/2011,DHN,AL,ASO,ES,Federal Contract Tower,6,0,24,4,34,0,0,23,4,27,6,0,47,8,61,16,0,16,77
12/12/2011,DHN,AL,ASO,ES,Federal Contract Tower,8,2,48,73,131,0,2,5,16,23,8,4,53,89,154,62,32,94,248
12/13/2011,DHN,AL,ASO,ES,Federal Contract Tower,8,2,28,52,90,0,2,49,19,70,8,4,77,71,160,92,80,172,332
12/14/2011,DHN,AL,ASO,ES,Federal Contract Tower,7,5,35,55,102,0,2,41,26,69,7,7,76,81,171,90,88,178,349
12/15/2011,DHN,AL,ASO,ES,Federal Contract Tower,7,3,30,99,139,0,2,46,25,73,7,5,76,124,212,80,94,174,386
12/16/2011,DHN,AL,ASO,ES,Federal Contract Tower,7,7,27,76,117,0,1,44,32,77,7,8,71,108,194,76,88,164,358
12/17/2011,DHN,AL,ASO,ES,Federal Contract Tower,7,0,15,0,22,0,0,12,0,12,7,0,27,0,34,16,0,16,50
12/18/2011,DHN,AL,ASO,ES,Federal Contract Tower,5,0,11,0,16,0,0,19,0,19,5,0,30,0,35,24,0,24,59
12/19/2011,DHN,AL,ASO,ES,Federal Contract Tower,7,4,15,4,30,0,1,32,3,36,7,5,47,7,66,44,12,56,122
12/20/2011,DHN,AL,ASO,ES,Federal Contract Tower,6,4,19,20,49,0,0,22,0,22,6,4,41,20,71,4,4,8,79
12/21/2011,DHN,AL,ASO,ES,Federal Contract Tower,6,3,12,0,21,0,1,0,7,8,6,4,12,7,29,0,0,0,29
12/22/2011,DHN,AL,ASO,ES,Federal Contract Tower,7,2,25,8,42,0,2,7,0,9,7,4,32,8,51,0,0,0,51
12/23/2011,DHN,AL,ASO,ES,Federal Contract Tower,3,7,10,0,20,0,4,6,0,10,3,11,16,0,30,10,0,10,40
12/24/2011,DHN,AL,ASO,ES,Federal Contract Tower,2,2,18,0,22,0,0,24,0,24,2,2,42,0,46,20,0,20,66
12/25/2011,DHN,AL,ASO,ES,Federal Contract Tower,2,0,0,0,2,0,0,0,0,0,2,0,0,0,2,0,0,0,2
12/26/2011,DHN,AL,ASO,ES,Federal Contract Tower,5,0,15,0,20,0,0,8,0,8,5,0,23,0,28,2,0,2,30
12/27/2011,DHN,AL,ASO,ES,Federal Contract Tower,4,2,8,8,22,0,2,8,2,12,4,4,16,10,34,0,0,0,34
12/28/2011,DHN,AL,ASO,ES,Federal Contract Tower,7,3,18,0,28,0,0,26,2,28,7,3,44,2,56,34,0,34,90
12/29/2011,DHN,AL,ASO,ES,Federal Contract Tower,7,6,18,10,41,0,2,20,6,28,7,8,38,16,69,24,0,24,93
12/30/2011,DHN,AL,ASO,ES,Federal Contract Tower,7,2,16,6,31,0,2,9,1,12,7,4,25,7,43,6,4,10,53
12/31/2011,DHN,AL,ASO,ES,Federal Contract Tower,3,0,9,0,12,0,0,26,0,26,3,0,35,0,38,14,0,14,52
01/01/2012,DHN,AL,ASO,ES,Federal Contract Tower,2,0,12,0,14,0,0,13,0,13,2,0,25,0,27,10,0,10,37
01/02/2012,DHN,AL,ASO,ES,Federal Contract Tower,7,2,17,0,26,0,0,8,0,8,7,2,25,0,34,12,0,12,46
01/03/2012,DHN,AL,ASO,ES,Federal Contract Tower,5,5,6,66,82,0,2,16,17,35,5,7,22,83,117,22,30,52,169
01/04/2012,DHN,AL,ASO,ES,Federal Contract Tower,5,5,21,64,95,0,2,48,14,64,5,7,69,78,159,48,44,92,251
01/05/2012,DHN,AL,ASO,ES,Federal Contract Tower,7,2,24,77,110,0,2,52,14,68,7,4,76,91,178,60,38,98,276
01/06/2012,DHN,AL,ASO,ES,Federal Contract Tower,7,6,22,78,113,0,2,43,15,60,7,8,65,93,173,70,50,120,293
01/07/2012,DHN,AL,ASO,ES,Federal Contract Tower,5,0,13,0,18,0,0,22,0,22,5,0,35,0,40,28,0,28,68
01/08/2012,DHN,AL,ASO,ES,Federal Contract Tower,6,2,10,7,25,0,0,18,0,18,6,2,28,7,43,4,0,4,47
01/09/2012,DHN,AL,ASO,ES,Federal Contract Tower,8,2,21,52,83,0,2,27,8,37,8,4,48,60,120,48,50,98,218
01/10/2012,DHN,AL,ASO,ES,Federal Contract Tower,5,5,57,88,155,0,0,19,8,27,5,5,76,96,182,62,62,124,306
01/11/2012,DHN,AL,ASO,ES,Federal Contract Tower,5,3,44,68,120,0,2,17,26,45,5,5,61,94,165,28,84,112,277
01/12/2012,DHN,AL,ASO,ES,Federal Contract Tower,7,3,32,45,87,0,2,23,25,50,7,5,55,70,137,54,94,148,285
01/13/2012,DHN,AL,ASO,ES,Federal Contract Tower,7,3,21,124,155,0,2,31,37,70,7,5,52,161,225,64,118,182,407
01/14/2012,DHN,AL,ASO,ES,Federal Contract Tower,5,5,6,0,16,0,2,16,0,18,5,7,22,0,34,16,0,16,50
01/15/2012,DHN,AL,ASO,ES,Federal Contract Tower,4,2,2,0,8,0,0,27,0,27,4,2,29,0,35,10,0,10,45
01/16/2012,DHN,AL,ASO,ES,Federal Contract Tower,5,2,13,0,20,0,0,26,1,27,5,2,39,1,47,24,0,24,71
01/17/2012,DHN,AL,ASO,ES,Federal Contract Tower,5,3,19,78,105,0,2,12,16,30,5,5,31,94,135,8,68,76,211
01/18/2012,DHN,AL,ASO,ES,Federal Contract Tower,5,4,33,98,140,0,2,20,16,38,5,6,53,114,178,48,52,100,278
01/19/2012,DHN,AL,ASO,ES,Federal Contract Tower,7,2,30,82,121,0,2,30,18,50,7,4,60,100,171,44,76,120,291
01/20/2012,DHN,AL,ASO,ES,Federal Contract Tower,8,4,23,90,125,0,2,14,12,28,8,6,37,102,153,14,54,68,221
01/21/2012,DHN,AL,ASO,ES,Federal Contract Tower,4,0,10,0,14,0,0,0,0,0,4,0,10,0,14,0,0,0,14
01/22/2012,DHN,AL,ASO,ES,Federal Contract Tower,6,0,7,6,19,0,0,5,0,5,6,0,12,6,24,6,0,6,30
01/23/2012,DHN,AL,ASO,ES,Federal Contract Tower,7,6,11,86,110,0,1,14,10,25,7,7,25,96,135,26,20,46,181
01/24/2012,DHN,AL,ASO,ES,Federal Contract Tower,3,6,26,76,111,0,3,38,13,54,3,9,64,89,165,58,114,172,337
01/25/2012,DHN,AL,ASO,ES,Federal Contract Tower,5,3,30,54,92,0,2,49,20,71,5,5,79,74,163,88,68,156,319
01/26/2012,DHN,AL,ASO,ES,Federal Contract Tower,6,8,35,48,97,0,0,3,7,10,6,8,38,55,107,16,2,18,125
01/27/2012,DHN,AL,ASO,ES,Federal Contract Tower,8,2,18,97,125,0,4,37,31,72,8,6,55,128,197,26,78,104,301
01/28/2012,DHN,AL,ASO,ES,Federal Contract Tower,8,0,4,0,12,0,0,27,0,27,8,0,31,0,39,12,0,12,51
01/29/2012,DHN,AL,ASO,ES,Federal Contract Tower,7,0,6,7,20,0,0,15,0,15,7,0,21,7,35,0,0,0,35
01/30/2012,DHN,AL,ASO,ES,Federal Contract Tower,7,3,24,110,144,0,2,39,20,61,7,5,63,130,205,106,70,176,381
01/31/2012,DHN,AL,ASO,ES,Federal Contract Tower,5,4,39,97,145,0,2,48,24,74,5,6,87,121,219,84,40,124,343
02/01/2012,DHN,AL,ASO,ES,Federal Contract Tower,5,9,29,27,70,0,0,21,6,27,5,9,50,33,97,132,18,150,247
02/02/2012,DHN,AL,ASO,ES,Federal Contract Tower,6,4,42,66,118,0,2,20,1,23,6,6,62,67,141,96,0,96,237
02/03/2012,DHN,AL,ASO,ES,Federal Contract Tower,8,4,34,96,142,0,2,33,23,58,8,6,67,119,200,64,56,120,320
02/04/2012,DHN,AL,ASO,ES,Federal Contract Tower,5,0,20,0,25,0,0,33,1,34,5,0,53,1,59,44,0,44,103
02/05/2012,DHN,AL,ASO,ES,Federal Contract Tower,7,0,10,12,29,0,0,14,0,14,7,0,24,12,43,0,0,0,43
02/06/2012,DHN,AL,ASO,ES,Federal Contract Tower,7,4,21,68,100,0,0,14,12,26,7,4,35,80,126,28,70,98,224
02/07/2012,DHN,AL,ASO,ES,Federal Contract Tower,5,7,42,62,116,0,0,25,12,37,5,7,67,74,153,68,40,108,261
02/08/2012,DHN,AL,ASO,ES,Federal Contract Tower,5,7,23,77,112,0,0,49,14,63,5,7,72,91,175,84,48,132,307
02/09/2012,DHN,AL,ASO,ES,Federal Contract Tower,7,4,28,87,126,0,0,29,34,63,7,4,57,121,189,120,96,216,405
02/10/2012,DHN,AL,ASO,ES,Federal Contract Tower,7,4,43,97,151,0,0,32,32,64,7,4,75,129,215,64,110,174,389
02/11/2012,DHN,AL,ASO,ES,Federal Contract Tower,5,0,7,16,28,0,0,12,4,16,5,0,19,20,44,0,2,2,46
02/12/2012,DHN,AL,ASO,ES,Federal Contract Tower,7,2,7,10,26,0,0,24,6,30,7,2,31,16,56,10,0,10,66
02/13/2012,DHN,AL,ASO,ES,Federal Contract Tower,7,4,35,45,91,0,0,32,29,61,7,4,67,74,152,96,132,228,380
02/14/2012,DHN,AL,ASO,ES,Federal Contract Tower,6,5,44,72,127,0,0,5,0,5,6,5,49,72,132,40,0,40,172
02/15/2012,DHN,AL,ASO,ES,Federal Contract Tower,5,4,58,127,194,0,0,30,12,42,5,4,88,139,236,80,68,148,384
02/16/2012,DHN,AL,ASO,ES,Federal Contract Tower,7,6,59,99,171,0,0,12,24,36,7,6,71,123,207,66,114,180,387
02/17/2012,DHN,AL,ASO,ES,Federal Contract Tower,7,2,18,63,90,0,0,31,27,58,7,2,49,90,148,40,120,160,308
02/18/2012,DHN,AL,ASO,ES,Federal Contract Tower,4,0,10,0,14,0,0,4,0,4,4,0,14,0,18,0,0,0,18
02/19/2012,DHN,AL,ASO,ES,Federal Contract Tower,4,0,9,4,17,0,0,0,0,0,4,0,9,4,17,0,0,0,17
02/20/2012,DHN,AL,ASO,ES,Federal Contract Tower,5,4,22,0,31,0,0,33,0,33,5,4,55,0,64,30,0,30,94
02/21/2012,DHN,AL,ASO,ES,Federal Contract Tower,4,2,26,73,105,0,2,37,1,40,4,4,63,74,145,58,8,66,211
02/22/2012,DHN,AL,ASO,ES,Federal Contract Tower,5,4,53,58,120,0,0,24,21,45,5,4,77,79,165,86,116,202,367
02/23/2012,DHN,AL,ASO,ES,Federal Contract Tower,7,4,47,81,139,0,0,14,10,24,7,4,61,91,163,34,38,72,235
02/24/2012,DHN,AL,ASO,ES,Federal Contract Tower,8,4,21,59,92,0,0,10,14,24,8,4,31,73,116,12,54,66,182
02/25/2012,DHN,AL,ASO,ES,Federal Contract Tower,4,0,16,0,20,0,0,30,0,30,4,0,46,0,50,30,0,30,80
02/26/2012,DHN,AL,ASO,ES,Federal Contract Tower,6,0,9,10,25,0,0,18,8,26,6,0,27,18,51,18,0,18,69
02/27/2012,DHN,AL,ASO,ES,Federal Contract Tower,7,3,47,85,142,0,1,3,1,5,7,4,50,86,147,4,14,18,165
02/28/2012,DHN,AL,ASO,ES,Federal Contract Tower,5,5,41,54,105,0,0,11,4,15,5,5,52,58,120,24,44,68,188
02/29/2012,DHN,AL,ASO,ES,Federal Contract Tower,5,5,56,99,165,0,0,22,10,32,5,5,78,109,197,78,58,136,333
03/01/2012,DHN,AL,ASO,ES,Federal Contract Tower,8,4,31,48,91,0,0,37,18,55,8,4,68,66,146,66,114,180,326
03/02/2012,DHN,AL,ASO,ES,Federal Contract Tower,7,4,38,93,142,0,0,31,22,53,7,4,69,115,195,38,97,135,330
03/03/2012,DHN,AL,ASO,ES,Federal Contract Tower,5,1,2,0,8,0,0,3,0,3,5,1,5,0,11,0,0,0,11
03/04/2012,DHN,AL,ASO,ES,Federal Contract Tower,6,0,14,8,28,0,0,34,2,36,6,0,48,10,64,42,2,44,108
03/05/2012,DHN,AL,ASO,ES,Federal Contract Tower,7,2,31,88,128,0,3,35,22,60,7,5,66,110,188,30,90,120,308
03/06/2012,DHN,AL,ASO,ES,Federal Contract Tower,5,4,19,67,95,0,2,25,9,36,5,6,44,76,131,16,40,56,187
03/07/2012,DHN,AL,ASO,ES,Federal Contract Tower,6,4,22,54,86,0,0,45,3,48,6,4,67,57,134,68,0,68,202
03/08/2012,DHN,AL,ASO,ES,Federal Contract Tower,6,7,42,81,136,0,2,41,12,55,6,9,83,93,191,106,30,136,327
03/09/2012,DHN,AL,ASO,ES,Federal Contract Tower,8,5,42,79,134,0,1,8,3,12,8,6,50,82,146,12,16,28,174
03/10/2012,DHN,AL,ASO,ES,Federal Contract Tower,5,2,15,14,36,0,0,25,6,31,5,2,40,20,67,10,0,10,77
03/11/2012,DHN,AL,ASO,ES,Federal Contract Tower,7,0,9,0,16,0,0,20,0,20,7,0,29,0,36,20,0,20,56
03/12/2012,DHN,AL,ASO,ES,Federal Contract Tower,7,2,25,121,155,0,0,56,11,67,7,2,81,132,222,98,80,178,400
03/13/2012,DHN,AL,ASO,ES,Federal Contract Tower,4,2,51,99,156,0,2,35,19,56,4,4,86,118,212,66,80,146,358
03/14/2012,DHN,AL,ASO,ES,Federal Contract Tower,8,2,28,87,125,0,2,41,34,77,8,4,69,121,202,54,124,178,380
03/15/2012,DHN,AL,ASO,ES,Federal Contract Tower,7,6,27,68,108,0,2,54,31,87,7,8,81,99,195,66,110,176,371
03/16/2012,DHN,AL,ASO,ES,Federal Contract Tower,8,2,20,80,110,0,2,37,30,69,8,4,57,110,179,54,152,206,385
03/17/2012,DHN,AL,ASO,ES,Federal Contract Tower,7,0,6,0,13,0,0,26,0,26,7,0,32,0,39,6,0,6,45
03/18/2012,DHN,AL,ASO,ES,Federal Contract Tower,7,4,9,0,20,0,0,13,4,17,7,4,22,4,37,0,0,0,37
03/19/2012,DHN,AL,ASO,ES,Federal Contract Tower,7,4,14,55,80,0,2,26,23,51,7,6,40,78,131,18,66,84,215
03/20/2012,DHN,AL,ASO,ES,Federal Contract Tower,6,6,30,52,94,0,2,31,15,48,6,8,61,67,142,46,48,94,236
03/21/2012,DHN,AL,ASO,ES,Federal Contract Tower,7,3,30,43,83,0,2,55,24,81,7,5,85,67,164,72,60,132,296
03/22/2012,DHN,AL,ASO,ES,Federal Contract Tower,7,3,38,56,104,0,1,31,28,60,7,4,69,84,164,106,95,201,365
03/23/2012,DHN,AL,ASO,ES,Federal Contract Tower,7,2,21,32,62,0,0,12,1,13,7,2,33,33,75,30,6,36,111
03/24/2012,DHN,AL,ASO,ES,Federal Contract Tower,5,2,16,0,23,0,0,23,0,23,5,2,39,0,46,2,0,2,48
03/25/2012,DHN,AL,ASO,ES,Federal Contract Tower,7,0,12,3,22,0,0,37,0,37,7,0,49,3,59,14,0,14,73
03/26/2012,DHN,AL,ASO,ES,Federal Contract Tower,7,4,28,70,109,0,2,44,20,66,7,6,72,90,175,95,48,143,318
03/27/2012,DHN,AL,ASO,ES,Federal Contract Tower,5,5,43,80,133,0,2,27,19,48,5,7,70,99,181,92,102,194,375
03/28/2012,DHN,AL,ASO,ES,Federal Contract Tower,7,3,39,86,135,0,2,50,27,79,7,5,89,113,214,88,104,192,406
03/29/2012,DHN,AL,ASO,ES,Federal Contract Tower,7,2,33,88,130,0,2,35,31,68,7,4,68,119,198,80,94,174,372
03/30/2012,DHN,AL,ASO,ES,Federal Contract Tower,7,2,38,48,95,0,2,4,7,13,7,4,42,55,108,34,32,66,174
03/31/2012,DHN,AL,ASO,ES,Federal Contract Tower,5,0,14,0,19,0,0,5,0,5,5,0,19,0,24,18,0,18,42
04/01/2012,DHN,AL,ASO,ES,Federal Contract Tower,7,0,14,5,26,0,0,14,2,16,7,0,28,7,42,10,2,12,54
04/02/2012,DHN,AL,ASO,ES,Federal Contract Tower,6,1,18,70,95,0,3,25,14,42,6,4,43,84,137,30,60,90,227
04/03/2012,DHN,AL,ASO,ES,Federal Contract Tower,6,4,21,40,71,0,2,15,9,26,6,6,36,49,97,36,82,118,215
04/04/2012,DHN,AL,ASO,ES,Federal Contract Tower,7,2,22,27,58,0,2,45,12,59,7,4,67,39,117,48,40,88,205
04/05/2012,DHN,AL,ASO,ES,Federal Contract Tower,7,4,36,24,71,0,2,40,15,57,7,6,76,39,128,80,36,116,244
04/06/2012,DHN,AL,ASO,ES,Federal Contract Tower,7,2,43,79,131,0,2,27,10,39,7,4,70,89,170,88,82,170,340
04/07/2012,DHN,AL,ASO,ES,Federal Contract Tower,3,0,8,0,11,0,0,28,0,28,3,0,36,0,39,12,0,12,51
04/08/2012,DHN,AL,ASO,ES,Federal Contract Tower,6,0,7,0,13,0,0,19,0,19,6,0,26,0,32,2,0,2,34
04/09/2012,DHN,AL,ASO,ES,Federal Contract Tower,7,2,22,80,111,0,2,29,16,47,7,4,51,96,158,82,104,186,344
04/10/2012,DHN,AL,ASO,ES,Federal Contract Tower,5,3,31,54,93,0,2,39,30,71,5,5,70,84,164,112,96,208,372
04/11/2012,DHN,AL,ASO,ES,Federal Contract Tower,7,2,52,89,150,0,2,41,15,58,7,4,93,104,208,98,56,154,362
04/12/2012,DHN,AL,ASO,ES,Federal Contract Tower,7,2,52,68,129,0,2,39,17,58,7,4,91,85,187,94,66,160,347
04/13/2012,DHN,AL,ASO,ES,Federal Contract Tower,8,4,40,63,115,0,2,46,19,67,8,6,86,82,182,116,82,198,380
04/14/2012,DHN,AL,ASO,ES,Federal Contract Tower,5,0,14,0,19,0,0,26,0,26,5,0,40,0,45,30,0,30,75
04/15/2012,DHN,AL,ASO,ES,Federal Contract Tower,7,0,10,2,19,0,0,6,0,6,7,0,16,2,25,0,0,0,25
04/16/2012,DHN,AL,ASO,ES,Federal Contract Tower,7,2,16,103,128,0,2,16,12,30,7,4,32,115,158,34,40,74,232
04/17/2012,DHN,AL,ASO,ES,Federal Contract Tower,5,4,20,64,93,0,2,19,6,27,5,6,39,70,120,14,2,16,136
04/18/2012,DHN,AL,ASO,ES,Federal Contract Tower,7,2,45,28,82,0,2,6,0,8,7,4,51,28,90,22,0,22,112
04/19/2012,DHN,AL,ASO,ES,Federal Contract Tower,7,2,34,43,86,0,2,22,4,28,7,4,56,47,114,86,0,86,200
04/20/2012,DHN,AL,ASO,ES,Federal Contract Tower,8,2,49,74,133,0,2,17,8,27,8,4,66,82,160,56,36,92,252
04/21/2012,DHN,AL,ASO,ES,Federal Contract Tower,5,2,8,0,15,0,0,14,0,14,5,2,22,0,29,10,0,10,39
04/22/2012,DHN,AL,ASO,ES,Federal Contract Tower,7,0,12,4,23,0,0,8,0,8,7,0,20,4,31,0,0,0,31
04/23/2012,DHN,AL,ASO,ES,Federal Contract Tower,7,1,18,72,98,0,4,41,24,69,7,5,59,96,167,96,94,190,357
04/24/2012,DHN,AL,ASO,ES,Federal Contract Tower,5,1,29,92,127,0,3,32,30,65,5,4,61,122,192,92,110,202,394
04/25/2012,DHN,AL,ASO,ES,Federal Contract Tower,8,3,26,78,115,0,2,63,28,93,8,5,89,106,208,114,106,220,428
04/26/2012,DHN,AL,ASO,ES,Federal Contract Tower,7,4,35,73,119,0,2,65,15,82,7,6,100,88,201,58,44,102,303
04/27/2012,DHN,AL,ASO,ES,Federal Contract Tower,7,2,37,120,166,0,2,28,23,53,7,4,65,143,219,62,100,162,381
04/28/2012,DHN,AL,ASO,ES,Federal Contract Tower,5,0,26,8,39,0,2,24,0,26,5,2,50,8,65,22,8,30,95
04/29/2012,DHN,AL,ASO,ES,Federal Contract Tower,5,2,14,8,29,0,0,31,2,33,5,2,45,10,62,22,2,24,86
04/30/2012,DHN,AL,ASO,ES,Federal Contract Tower,7,3,21,69,100,0,2,43,31,76,7,5,64,100,176,22,110,132,308
05/01/2012,DHN,AL,ASO,ES,Federal Contract Tower,4,4,20,45,73,0,0,32,27,59,4,4,52,72,132,22,84,106,238
05/02/2012,DHN,AL,ASO,ES,Federal Contract Tower,7,2,28,16,53,0,2,41,15,58,7,4,69,31,111,72,52,124,235
05/03/2012,DHN,AL,ASO,ES,Federal Contract Tower,7,2,42,62,113,0,2,38,9,49,7,4,80,71,162,112,48,160,322
05/04/2012,DHN,AL,ASO,ES,Federal Contract Tower,8,3,26,52,89,0,2,35,32,69,8,5,61,84,158,64,150,214,372
05/05/2012,DHN,AL,ASO,ES,Federal Contract Tower,5,1,11,3,20,0,0,22,0,22,5,1,33,3,42,19,1,20,62
05/06/2012,DHN,AL,ASO,ES,Federal Contract Tower,7,0,16,2,25,0,0,7,0,7,7,0,23,2,32,0,0,0,32
05/07/2012,DHN,AL,ASO,ES,Federal Contract Tower,7,2,26,77,112,0,2,36,13,51,7,4,62,90,163,64,74,138,301
05/08/2012,DHN,AL,ASO,ES,Federal Contract Tower,5,4,24,57,90,0,2,26,21,49,5,6,50,78,139,70,126,196,335
05/09/2012,DHN,AL,ASO,ES,Federal Contract Tower,6,2,25,87,120,0,2,30,25,57,6,4,55,112,177,80,148,228,405
05/10/2012,DHN,AL,ASO,ES,Federal Contract Tower,7,3,46,61,117,0,2,56,24,82,7,5,102,85,199,84,66,150,349
05/11/2012,DHN,AL,ASO,ES,Federal Contract Tower,7,2,38,81,128,0,2,25,29,56,7,4,63,110,184,66,108,174,358
05/12/2012,DHN,AL,ASO,ES,Federal Contract Tower,5,0,12,6,23,0,0,20,0,20,5,0,32,6,43,14,0,14,57
05/13/2012,DHN,AL,ASO,ES,Federal Contract Tower,5,0,11,4,20,0,0,2,0,2,5,0,13,4,22,0,0,0,22
05/14/2012,DHN,AL,ASO,ES,Federal Contract Tower,7,4,25,57,93,0,2,12,4,18,7,6,37,61,111,20,32,52,163
05/15/2012,DHN,AL,ASO,ES,Federal Contract Tower,5,2,25,50,82,0,2,23,15,40,5,4,48,65,122,52,60,112,234
05/16/2012,DHN,AL,ASO,ES,Federal Contract Tower,7,2,30,36,75,0,2,39,17,58,7,4,69,53,133,72,46,118,251
05/17/2012,DHN,AL,ASO,ES,Federal Contract Tower,7,3,37,76,123,0,2,39,17,58,7,5,76,93,181,58,56,114,295
05/18/2012,DHN,AL,ASO,ES,Federal Contract Tower,7,3,38,43,91,0,2,39,23,64,7,5,77,66,155,82,50,132,287
05/19/2012,DHN,AL,ASO,ES,Federal Contract Tower,5,0,7,10,22,0,0,19,2,21,5,0,26,12,43,34,0,34,77
05/20/2012,DHN,AL,ASO,ES,Federal Contract Tower,7,1,5,6,19,0,0,29,2,31,7,1,34,8,50,0,0,0,50
05/21/2012,DHN,AL,ASO,ES,Federal Contract Tower,7,2,21,66,96,0,2,40,14,56,7,4,61,80,152,62,64,126,278
05/22/2012,DHN,AL,ASO,ES,Federal Contract Tower,5,2,36,61,104,0,2,24,18,44,5,4,60,79,148,54,84,138,286
05/23/2012,DHN,AL,ASO,ES,Federal Contract Tower,9,3,35,65,112,0,2,43,15,60,9,5,78,80,172,74,58,132,304
05/24/2012,DHN,AL,ASO,ES,Federal Contract Tower,7,3,38,57,105,0,2,39,4,45,7,5,77,61,150,98,32,130,280
05/25/2012,DHN,AL,ASO,ES,Federal Contract Tower,7,2,13,2,24,0,2,22,0,24,7,4,35,2,48,8,0,8,56
05/26/2012,DHN,AL,ASO,ES,Federal Contract Tower,5,2,9,0,16,0,0,24,0,24,5,2,33,0,40,24,0,24,64
05/27/2012,DHN,AL,ASO,ES,Federal Contract Tower,6,0,11,8,25,0,0,14,0,14,6,0,25,8,39,20,0,20,59
05/28/2012,DHN,AL,ASO,ES,Federal Contract Tower,6,0,10,0,16,0,0,13,0,13,6,0,23,0,29,0,0,0,29
05/29/2012,DHN,AL,ASO,ES,Federal Contract Tower,4,4,20,57,85,0,2,9,16,27,4,6,29,73,112,20,92,112,224
05/30/2012,DHN,AL,ASO,ES,Federal Contract Tower,7,7,19,53,86,0,2,23,27,52,7,9,42,80,138,22,120,142,280
05/31/2012,DHN,AL,ASO,ES,Federal Contract Tower,7,2,37,32,78,0,2,41,16,59,7,4,78,48,137,82,78,160,297
06/01/2012,DHN,AL,ASO,ES,Federal Contract Tower,7,3,31,54,95,0,2,25,16,43,7,5,56,70,138,84,48,132,270
06/02/2012,DHN,AL,ASO,ES,Federal Contract Tower,5,0,5,0,10,0,0,22,0,22,5,0,27,0,32,6,0,6,38
06/03/2012,DHN,AL,ASO,ES,Federal Contract Tower,6,0,11,2,19,0,0,14,0,14,6,0,25,2,33,8,0,8,41
06/04/2012,DHN,AL,ASO,ES,Federal Contract Tower,9,2,34,60,105,0,2,24,32,58,9,4,58,92,163,48,106,154,317
06/05/2012,DHN,AL,ASO,ES,Federal Contract Tower,5,2,32,62,101,0,2,14,9,25,5,4,46,71,126,58,40,98,224
06/06/2012,DHN,AL,ASO,ES,Federal Contract Tower,7,3,41,63,114,0,2,21,14,37,7,5,62,77,151,60,112,172,323
06/07/2012,DHN,AL,ASO,ES,Federal Contract Tower,7,3,82,116,208,0,2,5,7,14,7,5,87,123,222,6,22,28,250
06/08/2012,DHN,AL,ASO,ES,Federal Contract Tower,7,4,22,72,105,0,2,46,25,73,7,6,68,97,178,58,102,160,338
06/09/2012,DHN,AL,ASO,ES,Federal Contract Tower,7,0,14,0,21,0,0,6,2,8,7,0,20,2,29,0,0,0,29
06/10/2012,DHN,AL,ASO,ES,Federal Contract Tower,6,1,6,0,13,0,0,0,0,0,6,1,6,0,13,0,0,0,13
06/11/2012,DHN,AL,ASO,ES,Federal Contract Tower,7,3,14,63,87,0,2,19,11,32,7,5,33,74,119,20,86,106,225
06/12/2012,DHN,AL,ASO,ES,Federal Contract Tower,7,3,15,48,73,0,2,20,21,43,7,5,35,69,116,22,64,86,202
06/13/2012,DHN,AL,ASO,ES,Federal Contract Tower,6,3,32,67,108,0,3,36,22,61,6,6,68,89,169,30,42,72,241
06/14/2012,DHN,AL,ASO,ES,Federal Contract Tower,8,6,25,41,80,0,1,42,6,49,8,7,67,47,129,24,22,46,175
06/15/2012,DHN,AL,ASO,ES,Federal Contract Tower,7,2,29,80,118,0,2,41,5,48,7,4,70,85,166,48,12,60,226
06/16/2012,DHN,AL,ASO,ES,Federal Contract Tower,5,0,8,4,17,0,0,23,2,25,5,0,31,6,42,18,6,24,66
06/17/2012,DHN,AL,ASO,ES,Federal Contract Tower,5,0,15,6,26,0,0,26,0,26,5,0,41,6,52,10,0,10,62
06/18/2012,DHN,AL,ASO,ES,Federal Contract Tower,7,4,29,78,118,0,2,36,24,62,7,6,65,102,180,68,40,108,288
06/19/2012,DHN,AL,ASO,ES,Federal Contract Tower,7,2,23,79,111,0,2,39,18,59,7,4,62,97,170,40,86,126,296
06/20/2012,DHN,AL,ASO,ES,Federal Contract Tower,7,4,26,95,132,0,2,42,11,55,7,6,68,106,187,40,46,86,273
06/21/2012,DHN,AL,ASO,ES,Federal Contract Tower,7,4,30,111,152,0,4,39,24,67,7,8,69,135,219,68,106,174,393
06/22/2012,DHN,AL,ASO,ES,Federal Contract Tower,7,5,25,90,127,0,2,34,15,51,7,7,59,105,178,30,72,102,280
06/23/2012,DHN,AL,ASO,ES,Federal Contract Tower,5,0,17,0,22,0,0,9,0,9,5,0,26,0,31,2,0,2,33
06/24/2012,DHN,AL,ASO,ES,Federal Contract Tower,6,0,14,0,20,0,0,10,0,10,6,0,24,0,30,0,0,0,30
06/25/2012,DHN,AL,ASO,ES,Federal Contract Tower,6,2,20,70,98,0,2,0,1,3,6,4,20,71,101,0,2,2,103
06/26/2012,DHN,AL,ASO,ES,Federal Contract Tower,6,4,21,43,74,0,2,19,15,36,6,6,40,58,110,12,50,62,172
06/27/2012,DHN,AL,ASO,ES,Federal Contract Tower,7,3,31,67,108,0,2,33,10,45,7,5,64,77,153,42,40,82,235
06/28/2012,DHN,AL,ASO,ES,Federal Contract Tower,8,4,22,49,83,0,4,65,15,84,8,8,87,64,167,118,12,130,297
06/29/2012,DHN,AL,ASO,ES,Federal Contract Tower,7,4,25,38,74,0,3,40,11,54,7,7,65,49,128,70,10,80,208
06/30/2012,DHN,AL,ASO,ES,Federal Contract Tower,5,1,11,0,17,0,0,22,3,25,5,1,33,3,42,20,0,20,62
07/01/2012,DHN,AL,ASO,ES,Federal Contract Tower,6,0,8,0,14,0,0,7,2,9,6,0,15,2,23,2,0,2,25
07/02/2012,DHN,AL,ASO,ES,Federal Contract Tower,7,2,27,60,96,0,2,34,4,40,7,4,61,64,136,96,18,114,250
07/03/2012,DHN,AL,ASO,ES,Federal Contract Tower,6,2,13,3,24,0,2,12,4,18,6,4,25,7,42,16,8,24,66
07/04/2012,DHN,AL,ASO,ES,Federal Contract Tower,3,0,15,0,18,0,0,4,0,4,3,0,19,0,22,0,0,0,22
07/05/2012,DHN,AL,ASO,ES,Federal Contract Tower,7,3,18,87,115,0,2,28,18,48,7,5,46,105,163,52,28,80,243
07/06/2012,DHN,AL,ASO,ES,Federal Contract Tower,8,3,29,74,114,0,2,29,5,36,8,5,58,79,150,56,36,92,242
07/07/2012,DHN,AL,ASO,ES,Federal Contract Tower,5,0,6,0,11,0,0,13,0,13,5,0,19,0,24,18,0,18,42
07/08/2012,DHN,AL,ASO,ES,Federal Contract Tower,6,0,9,0,15,0,0,18,0,18,6,0,27,0,33,22,0,22,55
07/09/2012,DHN,AL,ASO,ES,Federal Contract Tower,9,2,18,60,89,0,2,34,12,48,9,4,52,72,137,70,52,122,259
07/10/2012,DHN,AL,ASO,ES,Federal Contract Tower,5,3,22,85,115,0,2,24,26,52,5,5,46,111,167,66,120,186,353
07/11/2012,DHN,AL,ASO,ES,Federal Contract Tower,8,4,24,44,80,0,2,39,26,67,8,6,63,70,147,54,74,128,275
07/12/2012,DHN,AL,ASO,ES,Federal Contract Tower,7,3,28,56,94,0,2,13,24,39,7,5,41,80,133,18,78,96,229
07/13/2012,DHN,AL,ASO,ES,Federal Contract Tower,8,4,25,53,90,0,2,33,22,57,8,6,58,75,147,60,76,136,283
07/14/2012,DHN,AL,ASO,ES,Federal Contract Tower,4,0,8,4,16,0,0,18,0,18,4,0,26,4,34,10,0,10,44
07/15/2012,DHN,AL,ASO,ES,Federal Contract Tower,5,0,13,18,36,0,0,11,2,13,5,0,24,20,49,6,0,6,55
07/16/2012,DHN,AL,ASO,ES,Federal Contract Tower,7,2,17,58,84,0,2,39,8,49,7,4,56,66,133,80,16,96,229
07/17/2012,DHN,AL,ASO,ES,Federal Contract Tower,7,4,22,48,81,0,2,41,12,55,7,6,63,60,136,54,68,122,258
07/18/2012,DHN,AL,ASO,ES,Federal Contract Tower,7,4,41,106,158,0,2,33,18,53,7,6,74,124,211,52,74,126,337
07/19/2012,DHN,AL,ASO,ES,Federal Contract Tower,7,2,43,103,155,0,2,24,23,49,7,4,67,126,204,66,126,192,396
07/20/2012,DHN,AL,ASO,ES,Federal Contract Tower,7,2,40,102,151,0,2,19,23,44,7,4,59,125,195,36,112,148,343
07/21/2012,DHN,AL,ASO,ES,Federal Contract Tower,5,0,11,1,17,0,0,17,1,18,5,0,28,2,35,8,0,8,43
07/22/2012,DHN,AL,ASO,ES,Federal Contract Tower,6,2,12,2,22,0,0,16,1,17,6,2,28,3,39,8,0,8,47
07/23/2012,DHN,AL,ASO,ES,Federal Contract Tower,5,2,21,42,70,0,2,48,12,62,5,4,69,54,132,100,32,132,264
07/24/2012,DHN,AL,ASO,ES,Federal Contract Tower,7,3,31,38,79,0,2,37,24,63,7,5,68,62,142,34,80,114,256
07/25/2012,DHN,AL,ASO,ES,Federal Contract Tower,7,2,10,54,73,0,2,21,33,56,7,4,31,87,129,12,114,126,255
07/26/2012,DHN,AL,ASO,ES,Federal Contract Tower,6,2,22,46,76,0,2,25,28,55,6,4,47,74,131,26,64,90,221
07/27/2012,DHN,AL,ASO,ES,Federal Contract Tower,7,2,19,65,93,0,0,41,7,48,7,2,60,72,141,32,40,72,213
07/28/2012,DHN,AL,ASO,ES,Federal Contract Tower,5,0,12,2,19,0,0,16,0,16,5,0,28,2,35,6,0,6,41
07/29/2012,DHN,AL,ASO,ES,Federal Contract Tower,9,0,9,4,22,0,0,20,2,22,9,0,29,6,44,32,0,32,76
07/30/2012,DHN,AL,ASO,ES,Federal Contract Tower,7,2,28,34,71,0,0,24,3,27,7,2,52,37,98,44,50,94,192
07/31/2012,DHN,AL,ASO,ES,Federal Contract Tower,7,2,30,68,107,0,2,32,7,41,7,4,62,75,148,82,46,128,276
08/01/2012,DHN,AL,ASO,ES,Federal Contract Tower,6,2,50,75,133,0,2,20,11,33,6,4,70,86,166,66,66,132,298
08/02/2012,DHN,AL,ASO,ES,Federal Contract Tower,7,2,22,85,116,0,2,31,23,56,7,4,53,108,172,66,84,150,322
08/03/2012,DHN,AL,ASO,ES,Federal Contract Tower,7,4,35,69,115,0,2,25,28,55,7,6,60,97,170,74,96,170,340
08/04/2012,DHN,AL,ASO,ES,Federal Contract Tower,5,2,14,4,25,0,4,16,0,20,5,6,30,4,45,6,0,6,51
08/05/2012,DHN,AL,ASO,ES,Federal Contract Tower,7,0,12,9,28,0,0,14,0,14,7,0,26,9,42,36,0,36,78
08/06/2012,DHN,AL,ASO,ES,Federal Contract Tower,6,4,21,38,69,0,2,0,5,7,6,6,21,43,76,0,8,8,84
08/07/2012,DHN,AL,ASO,ES,Federal Contract Tower,7,4,39,58,108,0,2,5,6,13,7,6,44,64,121,18,48,66,187
08/08/2012,DHN,AL,ASO,ES,Federal Contract Tower,7,2,32,57,98,0,2,28,19,49,7,4,60,76,147,30,96,126,273
08/09/2012,DHN,AL,ASO,ES,Federal Contract Tower,7,2,28,33,70,0,2,23,7,32,7,4,51,40,102,12,32,44,146
08/10/2012,DHN,AL,ASO,ES,Federal Contract Tower,5,2,26,33,66,0,0,31,1,32,5,2,57,34,98,46,6,52,150
08/11/2012,DHN,AL,ASO,ES,Federal Contract Tower,5,0,10,0,15,0,0,11,0,11,5,0,21,0,26,8,0,8,34
08/12/2012,DHN,AL,ASO,ES,Federal Contract Tower,7,0,4,12,23,0,2,16,0,18,7,2,20,12,41,12,0,12,53
08/13/2012,DHN,AL,ASO,ES,Federal Contract Tower,6,2,27,61,96,0,2,48,1,51,6,4,75,62,147,80,18,98,245
08/14/2012,DHN,AL,ASO,ES,Federal Contract Tower,8,2,27,71,108,0,2,21,13,36,8,4,48,84,144,78,42,120,264
08/15/2012,DHN,AL,ASO,ES,Federal Contract Tower,9,3,30,100,142,0,2,33,29,64,9,5,63,129,206,76,108,184,390
08/16/2012,DHN,AL,ASO,ES,Federal Contract Tower,10,6,20,72,108,0,2,40,37,79,10,8,60,109,187,70,132,202,389
08/17/2012,DHN,AL,ASO,ES,Federal Contract Tower,8,2,34,74,118,0,2,34,36,72,8,4,68,110,190,88,94,182,372
08/18/2012,DHN,AL,ASO,ES,Federal Contract Tower,5,0,7,0,12,0,0,29,0,29,5,0,36,0,41,40,0,40,81
08/19/2012,DHN,AL,ASO,ES,Federal Contract Tower,7,0,9,2,18,0,0,2,0,2,7,0,11,2,20,0,0,0,20
08/20/2012,DHN,AL,ASO,ES,Federal Contract Tower,7,3,41,123,174,0,2,11,7,20,7,5,52,130,194,58,47,105,299
08/21/2012,DHN,AL,ASO,ES,Federal Contract Tower,7,2,50,99,158,0,2,34,9,45,7,4,84,108,203,44,48,92,295
08/22/2012,DHN,AL,ASO,ES,Federal Contract Tower,7,3,18,63,91,0,2,39,30,71,7,5,57,93,162,22,120,142,304
08/23/2012,DHN,AL,ASO,ES,Federal Contract Tower,7,4,17,62,90,0,4,38,27,69,7,8,55,89,159,14,80,94,253
08/24/2012,DHN,AL,ASO,ES,Federal Contract Tower,7,2,44,59,112,0,2,50,11,63,7,4,94,70,175,76,40,116,291
08/25/2012,DHN,AL,ASO,ES,Federal Contract Tower,5,2,14,0,21,0,0,29,2,31,5,2,43,2,52,10,0,10,62
08/26/2012,DHN,AL,ASO,ES,Federal Contract Tower,7,0,11,4,22,0,0,25,2,27,7,0,36,6,49,12,0,12,61
08/27/2012,DHN,AL,ASO,ES,Federal Contract Tower,7,1,21,6,35,0,3,19,13,35,7,4,40,19,70,32,34,66,136
08/28/2012,DHN,AL,ASO,ES,Federal Contract Tower,7,4,7,2,20,0,2,1,0,3,7,6,8,2,23,0,0,0,23
08/29/2012,DHN,AL,ASO,ES,Federal Contract Tower,8,6,43,62,119,0,0,12,11,23,8,6,55,73,142,94,74,168,310
08/30/2012,DHN,AL,ASO,ES,Federal Contract Tower,7,2,42,64,115,0,2,2,13,17,7,4,44,77,132,6,88,94,226
08/31/2012,DHN,AL,ASO,ES,Federal Contract Tower,6,2,46,63,117,0,2,21,6,29,6,4,67,69,146,10,30,40,186
09/01/2012,DHN,AL,ASO,ES,Federal Contract Tower,7,1,6,0,14,0,0,27,10,37,7,1,33,10,51,4,0,4,55
09/02/2012,DHN,AL,ASO,ES,Federal Contract Tower,4,0,1,2,7,0,0,11,0,11,4,0,12,2,18,10,0,10,28
09/03/2012,DHN,AL,ASO,ES,Federal Contract Tower,7,2,8,0,17,0,0,5,7,12,7,2,13,7,29,0,0,0,29
09/04/2012,DHN,AL,ASO,ES,Federal Contract Tower,9,2,44,52,107,0,2,4,1,7,9,4,48,53,114,14,6,20,134
09/05/2012,DHN,AL,ASO,ES,Federal Contract Tower,7,2,47,120,176,0,2,15,13,30,7,4,62,133,206,22,96,118,324
09/06/2012,DHN,AL,ASO,ES,Federal Contract Tower,7,2,18,131,158,0,2,44,26,72,7,4,62,157,230,34,84,118,348
09/07/2012,DHN,AL,ASO,ES,Federal Contract Tower,6,5,26,141,178,0,2,32,36,70,6,7,58,177,248,32,120,152,400
09/08/2012,DHN,AL,ASO,ES,Federal Contract Tower,5,1,10,0,16,0,0,28,0,28,5,1,38,0,44,0,0,0,44
09/09/2012,DHN,AL,ASO,ES,Federal Contract Tower,7,0,5,2,14,0,0,19,0,19,7,0,24,2,33,12,0,12,45
09/10/2012,DHN,AL,ASO,ES,Federal Contract Tower,7,2,13,92,114,0,2,48,18,68,7,4,61,110,182,48,66,114,296
09/11/2012,DHN,AL,ASO,ES,Federal Contract Tower,7,2,29,48,86,0,2,39,15,56,7,4,68,63,142,72,58,130,272
09/12/2012,DHN,AL,ASO,ES,Federal Contract Tower,7,4,21,73,105,0,2,46,25,73,7,6,67,98,178,54,114,168,346
09/13/2012,DHN,AL,ASO,ES,Federal Contract Tower,7,2,29,46,84,0,2,36,22,60,7,4,65,68,144,66,134,200,344
09/14/2012,DHN,AL,ASO,ES,Federal Contract Tower,7,2,39,74,122,0,2,43,17,62,7,4,82,91,184,106,114,220,404
09/15/2012,DHN,AL,ASO,ES,Federal Contract Tower,5,0,8,0,13,0,4,9,0,13,5,4,17,0,26,10,0,10,36
09/16/2012,DHN,AL,ASO,ES,Federal Contract Tower,7,0,12,0,19,0,0,21,0,21,7,0,33,0,40,16,0,16,56
09/17/2012,DHN,AL,ASO,ES,Federal Contract Tower,7,2,27,55,91,0,2,12,3,17,7,4,39,58,108,46,14,60,168
09/18/2012,DHN,AL,ASO,ES,Federal Contract Tower,7,2,46,80,135,0,2,14,8,24,7,4,60,88,159,38,28,66,225
09/19/2012,DHN,AL,ASO,ES,Federal Contract Tower,7,2,20,73,102,0,2,52,32,86,7,4,72,105,188,78,138,216,404
09/20/2012,DHN,AL,ASO,ES,Federal Contract Tower,7,4,25,77,113,0,4,42,30,76,7,8,67,107,189,42,92,134,323
09/21/2012,DHN,AL,ASO,ES,Federal Contract Tower,10,6,27,61,104,0,2,33,10,45,10,8,60,71,149,14,58,72,221
09/22/2012,DHN,AL,ASO,ES,Federal Contract Tower,4,0,10,0,14,0,0,17,0,17,4,0,27,0,31,10,0,10,41
09/23/2012,DHN,AL,ASO,ES,Federal Contract Tower,5,0,22,4,31,0,0,35,0,35,5,0,57,4,66,16,0,16,82
09/24/2012,DHN,AL,ASO,ES,Federal Contract Tower,7,2,15,36,60,0,2,49,15,66,7,4,64,51,126,54,42,96,222
09/25/2012,DHN,AL,ASO,ES,Federal Contract Tower,7,2,20,50,79,0,2,39,17,58,7,4,59,67,137,66,48,114,251
09/26/2012,DHN,AL,ASO,ES,Federal Contract Tower,7,2,24,75,108,0,2,47,25,74,7,4,71,100,182,98,100,198,380
09/27/2012,DHN,AL,ASO,ES,Federal Contract Tower,7,3,43,109,162,0,2,13,13,28,7,5,56,122,190,62,76,138,328
09/28/2012,DHN,AL,ASO,ES,Federal Contract Tower,7,2,34,74,117,0,3,33,37,73,7,5,67,111,190,72,132,204,394
09/29/2012,DHN,AL,ASO,ES,Federal Contract Tower,5,0,14,22,41,0,0,26,4,30,5,0,40,26,71,0,6,6,77
09/30/2012,DHN,AL,ASO,ES,Federal Contract Tower,6,2,7,9,24,0,0,4,0,4,6,2,11,9,28,0,0,0,28
10/01/2012,DHN,AL,ASO,ES,Federal Contract Tower,8,2,29,46,85,0,2,2,4,8,8,4,31,50,93,20,12,32,125
10/02/2012,DHN,AL,ASO,ES,Federal Contract Tower,6,2,45,60,113,0,2,33,29,64,6,4,78,89,177,108,172,280,457
10/03/2012,DHN,AL,ASO,ES,Federal Contract Tower,6,2,32,67,107,0,2,55,33,90,6,4,87,100,197,80,108,188,385
10/04/2012,DHN,AL,ASO,ES,Federal Contract Tower,8,4,18,47,77,0,2,26,19,47,8,6,44,66,124,30,118,148,272
10/05/2012,DHN,AL,ASO,ES,Federal Contract Tower,7,6,14,7,34,0,2,4,0,6,7,8,18,7,40,0,0,0,40
10/06/2012,DHN,AL,ASO,ES,Federal Contract Tower,5,2,6,0,13,0,2,47,2,51,5,4,53,2,64,34,0,34,98
10/07/2012,DHN,AL,ASO,ES,Federal Contract Tower,7,0,9,2,18,0,0,33,0,33,7,0,42,2,51,10,0,10,61
10/08/2012,DHN,AL,ASO,ES,Federal Contract Tower,7,2,13,2,24,0,2,33,3,38,7,4,46,5,62,16,2,18,80
10/09/2012,DHN,AL,ASO,ES,Federal Contract Tower,6,3,33,44,86,0,2,16,1,19,6,5,49,45,105,6,114,120,225
10/10/2012,DHN,AL,ASO,ES,Federal Contract Tower,7,2,36,56,101,0,2,48,19,69,7,4,84,75,170,80,54,134,304
10/11/2012,DHN,AL,ASO,ES,Federal Contract Tower,7,2,35,60,104,0,2,25,23,50,7,4,60,83,154,72,132,204,358
10/12/2012,DHN,AL,ASO,ES,Federal Contract Tower,7,4,31,117,159,0,2,36,17,55,7,6,67,134,214,82,128,210,424
10/13/2012,DHN,AL,ASO,ES,Federal Contract Tower,5,0,6,0,11,0,0,17,0,17,5,0,23,0,28,12,0,12,40
10/14/2012,DHN,AL,ASO,ES,Federal Contract Tower,7,0,14,2,23,0,0,15,0,15,7,0,29,2,38,14,0,14,52
10/15/2012,DHN,AL,ASO,ES,Federal Contract Tower,6,2,33,81,122,0,2,10,15,27,6,4,43,96,149,20,66,86,235
10/16/2012,DHN,AL,ASO,ES,Federal Contract Tower,7,2,26,76,111,0,2,33,27,62,7,4,59,103,173,42,116,158,331
10/17/2012,DHN,AL,ASO,ES,Federal Contract Tower,7,2,28,55,92,0,2,46,27,75,7,4,74,82,167,82,168,250,417
10/18/2012,DHN,AL,ASO,ES,Federal Contract Tower,8,3,47,76,134,0,2,13,12,27,8,5,60,88,161,34,56,90,251
10/19/2012,DHN,AL,ASO,ES,Federal Contract Tower,7,2,23,72,104,0,2,31,21,54,7,4,54,93,158,46,104,150,308
10/20/2012,DHN,AL,ASO,ES,Federal Contract Tower,5,0,16,0,21,0,0,21,0,21,5,0,37,0,42,12,0,12,54
10/21/2012,DHN,AL,ASO,ES,Federal Contract Tower,6,0,8,8,22,0,0,18,2,20,6,0,26,10,42,16,0,16,58
10/22/2012,DHN,AL,ASO,ES,Federal Contract Tower,7,2,17,30,56,0,2,35,1,38,7,4,52,31,94,38,22,60,154
10/23/2012,DHN,AL,ASO,ES,Federal Contract Tower,7,4,15,34,60,0,2,52,4,58,7,6,67,38,118,46,16,62,180
10/24/2012,DHN,AL,ASO,ES,Federal Contract Tower,7,2,17,50,76,0,2,39,3,44,7,4,56,53,120,46,8,54,174
10/25/2012,DHN,AL,ASO,ES,Federal Contract Tower,7,2,33,65,107,0,2,49,6,57,7,4,82,71,164,64,12,76,240
10/26/2012,DHN,AL,ASO,ES,Federal Contract Tower,9,2,23,66,100,0,2,40,36,78,9,4,63,102,178,48,110,158,336
10/27/2012,DHN,AL,ASO,ES,Federal Contract Tower,5,0,11,2,18,0,0,50,0,50,5,0,61,2,68,26,0,26,94
10/28/2012,DHN,AL,ASO,ES,Federal Contract Tower,7,0,21,0,28,0,0,5,1,6,7,0,26,1,34,0,0,0,34
10/29/2012,DHN,AL,ASO,ES,Federal Contract Tower,7,2,29,84,122,0,2,36,17,55,7,4,65,101,177,124,64,188,365
10/30/2012,DHN,AL,ASO,ES,Federal Contract Tower,7,2,25,84,118,0,2,39,28,69,7,4,64,112,187,66,110,176,363
10/31/2012,DHN,AL,ASO,ES,Federal Contract Tower,3,2,17,51,73,0,2,41,17,60,3,4,58,68,133,76,82,158,291
11/01/2012,DHN,AL,ASO,ES,Federal Contract Tower,7,3,28,79,117,0,2,51,31,84,7,5,79,110,201,60,154,214,415
11/02/2012,DHN,AL,ASO,ES,Federal Contract Tower,7,3,16,43,69,0,2,32,33,67,7,5,48,76,136,24,158,182,318
11/03/2012,DHN,AL,ASO,ES,Federal Contract Tower,5,0,9,6,20,0,0,16,0,16,5,0,25,6,36,8,0,8,44
11/04/2012,DHN,AL,ASO,ES,Federal Contract Tower,7,2,10,7,26,0,0,20,0,20,7,2,30,7,46,10,0,10,56
11/05/2012,DHN,AL,ASO,ES,Federal Contract Tower,7,5,8,41,61,0,2,16,24,42,7,7,24,65,103,24,74,98,201
11/06/2012,DHN,AL,ASO,ES,Federal Contract Tower,7,8,37,57,109,0,2,5,1,8,7,10,42,58,117,0,0,0,117
11/07/2012,DHN,AL,ASO,ES,Federal Contract Tower,7,3,24,87,121,0,2,41,23,66,7,5,65,110,187,58,86,144,331
11/08/2012,DHN,AL,ASO,ES,Federal Contract Tower,7,3,23,63,96,0,2,42,22,66,7,5,65,85,162,62,114,176,338
11/09/2012,DHN,AL,ASO,ES,Federal Contract Tower,7,3,50,75,135,0,2,42,32,76,7,5,92,107,211,98,126,224,435
11/10/2012,DHN,AL,ASO,ES,Federal Contract Tower,5,0,10,1,16,0,0,22,3,25,5,0,32,4,41,20,0,20,61
11/11/2012,DHN,AL,ASO,ES,Federal Contract Tower,7,2,8,0,17,0,0,17,0,17,7,2,25,0,34,8,0,8,42
11/12/2012,DHN,AL,ASO,ES,Federal Contract Tower,7,4,21,4,36,0,0,2,0,2,7,4,23,4,38,0,0,0,38
11/13/2012,DHN,AL,ASO,ES,Federal Contract Tower,7,4,36,75,122,0,2,49,20,71,7,6,85,95,193,92,66,158,351
11/14/2012,DHN,AL,ASO,ES,Federal Contract Tower,7,6,45,87,145,0,0,9,2,11,7,6,54,89,156,64,10,74,230
11/15/2012,DHN,AL,ASO,ES,Federal Contract Tower,6,3,49,72,130,0,2,6,4,12,6,5,55,76,142,12,18,30,172
11/16/2012,DHN,AL,ASO,ES,Federal Contract Tower,6,3,49,32,90,0,2,28,13,43,6,5,77,45,133,44,76,120,253
11/17/2012,DHN,AL,ASO,ES,Federal Contract Tower,5,0,1,2,8,0,0,11,2,13,5,0,12,4,21,16,0,16,37
11/18/2012,DHN,AL,ASO,ES,Federal Contract Tower,5,0,6,14,25,0,0,30,0,30,5,0,36,14,55,34,0,34,89
11/19/2012,DHN,AL,ASO,ES,Federal Contract Tower,5,3,16,53,77,0,2,20,30,52,5,5,36,83,129,8,56,64,193
11/20/2012,DHN,AL,ASO,ES,Federal Contract Tower,7,3,17,44,71,0,2,28,8,38,7,5,45,52,109,38,34,72,181
11/21/2012,DHN,AL,ASO,ES,Federal Contract Tower,7,8,16,64,95,0,2,54,13,69,7,10,70,77,164,54,58,112,276
11/22/2012,DHN,AL,ASO,ES,Federal Contract Tower,3,0,10,0,13,0,0,10,0,10,3,0,20,0,23,0,0,0,23
11/23/2012,DHN,AL,ASO,ES,Federal Contract Tower,4,2,11,0,17,0,2,31,0,33,4,4,42,0,50,20,0,20,70
11/24/2012,DHN,AL,ASO,ES,Federal Contract Tower,6,3,21,0,30,0,0,13,0,13,6,3,34,0,43,14,0,14,57
11/25/2012,DHN,AL,ASO,ES,Federal Contract Tower,7,1,22,0,30,0,0,17,0,17,7,1,39,0,47,12,0,12,59
11/26/2012,DHN,AL,ASO,ES,Federal Contract Tower,7,2,27,49,85,0,2,32,26,60,7,4,59,75,145,78,96,174,319
11/27/2012,DHN,AL,ASO,ES,Federal Contract Tower,6,9,39,49,103,0,0,5,4,9,6,9,44,53,112,36,16,52,164
11/28/2012,DHN,AL,ASO,ES,Federal Contract Tower,7,5,46,97,155,0,7,29,27,63,7,12,75,124,218,84,112,196,414
11/29/2012,DHN,AL,ASO,ES,Federal Contract Tower,7,3,43,56,109,0,2,19,15,36,7,5,62,71,145,52,32,84,229
11/30/2012,DHN,AL,ASO,ES,Federal Contract Tower,7,5,24,33,69,0,2,38,16,56,7,7,62,49,125,94,82,176,301
12/01/2012,DHN,AL,ASO,ES,Federal Contract Tower,5,0,11,2,18,0,0,13,6,19,5,0,24,8,37,6,0,6,43
12/02/2012,DHN,AL,ASO,ES,Federal Contract Tower,7,0,12,2,21,0,0,17,0,17,7,0,29,2,38,12,0,12,50
12/03/2012,DHN,AL,ASO,ES,Federal Contract Tower,6,3,23,37,69,0,2,25,22,49,6,5,48,59,118,54,90,144,262
12/04/2012,DHN,AL,ASO,ES,Federal Contract Tower,7,2,21,62,92,0,2,17,11,30,7,4,38,73,122,14,34,48,170
12/05/2012,DHN,AL,ASO,ES,Federal Contract Tower,7,3,18,46,74,0,0,26,3,29,7,3,44,49,103,26,0,26,129
12/06/2012,DHN,AL,ASO,ES,Federal Contract Tower,7,5,14,66,92,0,2,39,8,49,7,7,53,74,141,38,12,50,191
12/07/2012,DHN,AL,ASO,ES,Federal Contract Tower,7,6,54,84,151,0,2,2,2,6,7,8,56,86,157,0,48,48,205
12/08/2012,DHN,AL,ASO,ES,Federal Contract Tower,5,0,9,0,14,0,0,6,0,6,5,0,15,0,20,10,0,10,30
12/09/2012,DHN,AL,ASO,ES,Federal Contract Tower,7,2,8,19,36,0,0,4,4,8,7,2,12,23,44,4,0,4,48
12/10/2012,DHN,AL,ASO,ES,Federal Contract Tower,7,7,39,51,104,0,1,15,32,48,7,8,54,83,152,42,14,56,208
12/11/2012,DHN,AL,ASO,ES,Federal Contract Tower,7,3,44,69,123,0,5,13,14,32,7,8,57,83,155,66,64,130,285
12/12/2012,DHN,AL,ASO,ES,Federal Contract Tower,8,6,37,69,120,0,2,11,2,15,8,8,48,71,135,38,40,78,213
12/13/2012,DHN,AL,ASO,ES,Federal Contract Tower,7,5,44,70,126,0,2,13,10,25,7,7,57,80,151,40,66,106,257
12/14/2012,DHN,AL,ASO,ES,Federal Contract Tower,7,5,41,83,136,0,2,30,19,51,7,7,71,102,187,44,88,132,319
12/15/2012,DHN,AL,ASO,ES,Federal Contract Tower,5,0,14,6,25,0,0,15,0,15,5,0,29,6,40,26,0,26,66
12/16/2012,DHN,AL,ASO,ES,Federal Contract Tower,7,0,21,14,42,0,0,13,2,15,7,0,34,16,57,4,6,10,67
12/17/2012,DHN,AL,ASO,ES,Federal Contract Tower,6,4,27,53,90,0,0,5,3,8,6,4,32,56,98,18,28,46,144
12/18/2012,DHN,AL,ASO,ES,Federal Contract Tower,8,2,31,53,94,0,2,44,29,75,8,4,75,82,169,30,114,144,313
12/19/2012,DHN,AL,ASO,ES,Federal Contract Tower,6,3,22,47,78,0,2,34,22,58,6,5,56,69,136,9,75,84,220
12/20/2012,DHN,AL,ASO,ES,Federal Contract Tower,7,6,15,0,28,0,3,3,0,6,7,9,18,0,34,2,0,2,36
12/21/2012,DHN,AL,ASO,ES,Federal Contract Tower,6,2,16,8,32,0,2,22,0,24,6,4,38,8,56,12,0,12,68
12/22/2012,DHN,AL,ASO,ES,Federal Contract Tower,7,2,8,0,17,0,0,7,0,7,7,2,15,0,24,6,0,6,30
12/23/2012,DHN,AL,ASO,ES,Federal Contract Tower,7,0,8,0,15,0,0,3,0,3,7,0,11,0,18,0,0,0,18
12/24/2012,DHN,AL,ASO,ES,Federal Contract Tower,6,1,3,0,10,0,2,5,0,7,6,3,8,0,17,8,0,8,25
12/25/2012,DHN,AL,ASO,ES,Federal Contract Tower,6,0,4,0,10,0,0,0,0,0,6,0,4,0,10,0,0,0,10
12/26/2012,DHN,AL,ASO,ES,Federal Contract Tower,7,2,16,0,25,0,2,3,0,5,7,4,19,0,30,0,0,0,30
12/27/2012,DHN,AL,ASO,ES,Federal Contract Tower,8,3,10,1,22,0,2,18,1,21,8,5,28,2,43,22,0,22,65
12/28/2012,DHN,AL,ASO,ES,Federal Contract Tower,10,2,9,2,23,0,2,16,0,18,10,4,25,2,41,10,0,10,51
12/29/2012,DHN,AL,ASO,ES,Federal Contract Tower,7,0,13,0,20,0,0,0,0,0,7,0,13,0,20,0,0,0,20
12/30/2012,DHN,AL,ASO,ES,Federal Contract Tower,8,0,5,0,13,0,0,4,0,4,8,0,9,0,17,6,0,6,23
12/31/2012,DHN,AL,ASO,ES,Federal Contract Tower,7,2,3,0,12,0,2,6,0,8,7,4,9,0,20,4,0,4,24
01/01/2013,DHN,AL,ASO,ES,Federal Contract Tower,6,0,6,0,12,0,0,6,0,6,6,0,12,0,18,0,0,0,18
01/02/2013,DHN,AL,ASO,ES,Federal Contract Tower,6,2,12,2,22,0,2,6,0,8,6,4,18,2,30,6,0,6,36
01/03/2013,DHN,AL,ASO,ES,Federal Contract Tower,8,2,28,28,66,0,2,7,5,14,8,4,35,33,80,14,12,26,106
01/04/2013,DHN,AL,ASO,ES,Federal Contract Tower,7,3,10,51,71,0,2,32,19,53,7,5,42,70,124,54,76,130,254
01/05/2013,DHN,AL,ASO,ES,Federal Contract Tower,5,0,17,0,22,0,4,13,0,17,5,4,30,0,39,6,0,6,45
01/06/2013,DHN,AL,ASO,ES,Federal Contract Tower,7,0,8,9,24,0,0,10,0,10,7,0,18,9,34,6,0,6,40
01/07/2013,DHN,AL,ASO,ES,Federal Contract Tower,7,2,13,73,95,0,2,43,25,70,7,4,56,98,165,54,60,114,279
01/08/2013,DHN,AL,ASO,ES,Federal Contract Tower,9,2,42,74,127,0,2,30,24,56,9,4,72,98,183,72,154,226,409
01/09/2013,DHN,AL,ASO,ES,Federal Contract Tower,6,3,35,114,158,0,1,0,3,4,6,4,35,117,162,0,28,28,190
01/10/2013,DHN,AL,ASO,ES,Federal Contract Tower,8,2,47,76,133,0,2,21,14,37,8,4,68,90,170,46,108,154,324
01/11/2013,DHN,AL,ASO,ES,Federal Contract Tower,7,2,34,61,104,0,2,45,34,81,7,4,79,95,185,60,106,166,351
01/12/2013,DHN,AL,ASO,ES,Federal Contract Tower,5,0,9,2,16,0,0,9,0,9,5,0,18,2,25,6,0,6,31
01/13/2013,DHN,AL,ASO,ES,Federal Contract Tower,7,0,9,7,23,0,0,6,0,6,7,0,15,7,29,12,0,12,41
01/14/2013,DHN,AL,ASO,ES,Federal Contract Tower,7,2,30,97,136,0,2,13,6,21,7,4,43,103,157,22,40,62,219
01/15/2013,DHN,AL,ASO,ES,Federal Contract Tower,8,6,35,90,139,0,0,3,7,10,8,6,38,97,149,12,62,74,223
01/16/2013,DHN,AL,ASO,ES,Federal Contract Tower,7,4,30,47,88,0,0,3,5,8,7,4,33,52,96,46,54,100,196
01/17/2013,DHN,AL,ASO,ES,Federal Contract Tower,5,4,22,17,48,0,2,5,0,7,5,6,27,17,55,6,14,20,75
01/18/2013,DHN,AL,ASO,ES,Federal Contract Tower,7,4,20,96,127,0,2,52,18,72,7,6,72,114,199,40,58,98,297
01/19/2013,DHN,AL,ASO,ES,Federal Contract Tower,5,0,2,8,15,0,0,17,0,17,5,0,19,8,32,30,0,30,62
01/20/2013,DHN,AL,ASO,ES,Federal Contract Tower,4,2,7,0,13,0,0,28,0,28,4,2,35,0,41,16,0,16,57
01/21/2013,DHN,AL,ASO,ES,Federal Contract Tower,5,3,21,0,29,0,0,20,0,20,5,3,41,0,49,10,0,10,59
01/22/2013,DHN,AL,ASO,ES,Federal Contract Tower,7,3,11,62,83,0,2,43,22,67,7,5,54,84,150,18,70,88,238
01/23/2013,DHN,AL,ASO,ES,Federal Contract Tower,7,4,19,84,114,0,2,45,23,70,7,6,64,107,184,54,62,116,300
01/24/2013,DHN,AL,ASO,ES,Federal Contract Tower,7,2,27,94,130,0,2,37,20,59,7,4,64,114,189,82,52,134,323
01/25/2013,DHN,AL,ASO,ES,Federal Contract Tower,6,5,34,82,127,0,1,36,29,66,6,6,70,111,193,92,94,186,379
01/26/2013,DHN,AL,ASO,ES,Federal Contract Tower,6,0,20,0,26,0,0,8,0,8,6,0,28,0,34,30,0,30,64
01/27/2013,DHN,AL,ASO,ES,Federal Contract Tower,7,0,15,4,26,0,0,21,2,23,7,0,36,6,49,28,4,32,81
01/28/2013,DHN,AL,ASO,ES,Federal Contract Tower,6,4,33,92,135,0,2,27,4,33,6,6,60,96,168,70,40,110,278
01/29/2013,DHN,AL,ASO,ES,Federal Contract Tower,7,3,25,96,131,0,1,27,27,55,7,4,52,123,186,82,114,196,382
01/30/2013,DHN,AL,ASO,ES,Federal Contract Tower,6,6,3,2,17,0,2,1,2,5,6,8,4,4,22,0,12,12,34
01/31/2013,DHN,AL,ASO,ES,Federal Contract Tower,8,4,40,64,116,0,3,30,17,50,8,7,70,81,166,72,22,94,260
02/01/2013,DHN,AL,ASO,ES,Federal Contract Tower,7,4,42,44,97,0,2,66,10,78,7,6,108,54,175,108,48,156,331
02/02/2013,DHN,AL,ASO,ES,Federal Contract Tower,5,0,6,3,14,0,0,24,0,24,5,0,30,3,38,48,0,48,86
02/03/2013,DHN,AL,ASO,ES,Federal Contract Tower,7,0,18,2,27,0,0,37,1,38,7,0,55,3,65,32,4,36,101
02/04/2013,DHN,AL,ASO,ES,Federal Contract Tower,8,4,26,40,78,0,3,34,9,46,8,7,60,49,124,52,38,90,214
02/05/2013,DHN,AL,ASO,ES,Federal Contract Tower,7,4,29,73,113,0,2,12,8,22,7,6,41,81,135,20,22,42,177
02/06/2013,DHN,AL,ASO,ES,Federal Contract Tower,9,4,28,51,92,0,2,33,5,40,9,6,61,56,132,29,22,51,183
02/07/2013,DHN,AL,ASO,ES,Federal Contract Tower,7,4,18,51,80,0,0,6,9,15,7,4,24,60,95,6,28,34,129
02/08/2013,DHN,AL,ASO,ES,Federal Contract Tower,7,2,50,78,137,0,2,24,24,50,7,4,74,102,187,66,78,144,331
02/09/2013,DHN,AL,ASO,ES,Federal Contract Tower,5,0,22,0,27,0,0,45,0,45,5,0,67,0,72,50,0,50,122
02/10/2013,DHN,AL,ASO,ES,Federal Contract Tower,6,0,10,2,18,0,0,3,0,3,6,0,13,2,21,0,0,0,21
02/11/2013,DHN,AL,ASO,ES,Federal Contract Tower,6,4,6,42,58,0,1,2,1,4,6,5,8,43,62,20,28,48,110
02/12/2013,DHN,AL,ASO,ES,Federal Contract Tower,6,12,42,97,157,0,0,1,2,3,6,12,43,99,160,28,34,62,222
02/13/2013,DHN,AL,ASO,ES,Federal Contract Tower,7,2,37,36,82,0,2,26,29,57,7,4,63,65,139,68,112,180,319
02/14/2013,DHN,AL,ASO,ES,Federal Contract Tower,7,2,28,62,99,0,2,41,36,79,7,4,69,98,178,72,116,188,366
02/15/2013,DHN,AL,ASO,ES,Federal Contract Tower,7,4,44,41,96,0,2,45,30,77,7,6,89,71,173,102,102,204,377
02/16/2013,DHN,AL,ASO,ES,Federal Contract Tower,5,0,9,1,15,0,0,4,0,4,5,0,13,1,19,4,0,4,23
02/17/2013,DHN,AL,ASO,ES,Federal Contract Tower,2,0,16,10,28,0,0,17,0,17,2,0,33,10,45,12,0,12,57
02/18/2013,DHN,AL,ASO,ES,Federal Contract Tower,7,5,13,1,26,0,2,17,1,20,7,7,30,2,46,10,2,12,58
02/19/2013,DHN,AL,ASO,ES,Federal Contract Tower,7,3,32,93,135,0,2,14,5,21,7,5,46,98,156,30,48,78,234
02/20/2013,DHN,AL,ASO,ES,Federal Contract Tower,7,2,24,74,107,0,2,30,3,35,7,4,54,77,142,24,2,26,168
02/21/2013,DHN,AL,ASO,ES,Federal Contract Tower,6,6,18,69,99,0,2,49,15,66,6,8,67,84,165,46,50,96,261
02/22/2013,DHN,AL,ASO,ES,Federal Contract Tower,5,8,25,0,38,0,0,0,0,0,5,8,25,0,38,0,0,0,38
02/23/2013,DHN,AL,ASO,ES,Federal Contract Tower,5,2,4,1,12,0,0,0,0,0,5,2,4,1,12,0,0,0,12
02/24/2013,DHN,AL,ASO,ES,Federal Contract Tower,7,0,10,6,23,0,0,7,0,7,7,0,17,6,30,10,0,10,40
02/25/2013,DHN,AL,ASO,ES,Federal Contract Tower,9,4,8,44,65,0,0,2,0,2,9,4,10,44,67,12,0,12,79
02/26/2013,DHN,AL,ASO,ES,Federal Contract Tower,7,7,19,50,83,0,2,29,31,62,7,9,48,81,145,14,162,176,321
02/27/2013,DHN,AL,ASO,ES,Federal Contract Tower,7,2,31,55,95,0,2,46,40,88,7,4,77,95,183,100,228,328,511
02/28/2013,DHN,AL,ASO,ES,Federal Contract Tower,8,4,32,71,115,0,2,39,43,84,8,6,71,114,199,62,198,260,459
03/01/2013,DHN,AL,ASO,ES,Federal Contract Tower,5,3,29,87,124,0,1,27,40,68,5,4,56,127,192,100,182,282,474
03/02/2013,DHN,AL,ASO,ES,Federal Contract Tower,5,0,12,1,18,0,0,6,0,6,5,0,18,1,24,2,0,2,26
03/03/2013,DHN,AL,ASO,ES,Federal Contract Tower,7,0,13,6,26,0,0,20,7,27,7,0,33,13,53,20,0,20,73
03/04/2013,DHN,AL,ASO,ES,Federal Contract Tower,7,2,16,55,80,0,2,39,36,77,7,4,55,91,157,68,162,230,387
03/05/2013,DHN,AL,ASO,ES,Federal Contract Tower,7,4,38,49,98,0,1,15,15,31,7,5,53,64,129,38,52,90,219
03/06/2013,DHN,AL,ASO,ES,Federal Contract Tower,7,2,20,69,98,0,2,31,12,45,7,4,51,81,143,26,48,74,217
03/07/2013,DHN,AL,ASO,ES,Federal Contract Tower,11,2,23,77,113,0,2,59,11,72,11,4,82,88,185,70,56,126,311
03/08/2013,DHN,AL,ASO,ES,Federal Contract Tower,7,2,27,64,100,0,4,35,11,50,7,6,62,75,150,104,60,164,314
03/09/2013,DHN,AL,ASO,ES,Federal Contract Tower,5,0,10,6,21,0,2,23,3,28,5,2,33,9,49,8,0,8,57
03/10/2013,DHN,AL,ASO,ES,Federal Contract Tower,7,4,12,3,26,0,0,20,0,20,7,4,32,3,46,8,0,8,54
03/11/2013,DHN,AL,ASO,ES,Federal Contract Tower,7,4,19,40,70,0,0,24,12,36,7,4,43,52,106,64,74,138,244
03/12/2013,DHN,AL,ASO,ES,Federal Contract Tower,7,3,27,50,87,0,2,40,35,77,7,5,67,85,164,58,128,186,350
03/13/2013,DHN,AL,ASO,ES,Federal Contract Tower,7,2,36,84,129,0,2,38,37,77,7,4,74,121,206,82,130,212,418
03/14/2013,DHN,AL,ASO,ES,Federal Contract Tower,7,4,60,73,144,0,3,36,28,67,7,7,96,101,211,88,152,240,451
03/15/2013,DHN,AL,ASO,ES,Federal Contract Tower,7,4,26,51,88,0,2,46,30,78,7,6,72,81,166,104,106,210,376
03/16/2013,DHN,AL,ASO,ES,Federal Contract Tower,5,1,18,3,27,0,1,7,1,9,5,2,25,4,36,20,0,20,56
03/17/2013,DHN,AL,ASO,ES,Federal Contract Tower,7,1,13,4,25,0,0,2,0,2,7,1,15,4,27,2,0,2,29
03/18/2013,DHN,AL,ASO,ES,Federal Contract Tower,6,4,53,82,145,0,0,4,12,16,6,4,57,94,161,36,58,94,255
03/19/2013,DHN,AL,ASO,ES,Federal Contract Tower,8,4,33,61,106,0,0,29,21,50,8,4,62,82,156,24,104,128,284
03/20/2013,DHN,AL,ASO,ES,Federal Contract Tower,7,4,22,89,122,0,0,38,20,58,7,4,60,109,180,26,72,98,278
03/21/2013,DHN,AL,ASO,ES,Federal Contract Tower,7,5,30,55,97,0,0,42,16,58,7,5,72,71,155,58,80,138,293
03/22/2013,DHN,AL,ASO,ES,Federal Contract Tower,7,4,30,80,121,0,0,32,16,48,7,4,62,96,169,48,50,98,267
03/23/2013,DHN,AL,ASO,ES,Federal Contract Tower,5,0,7,0,12,0,0,6,0,6,5,0,13,0,18,14,0,14,32
03/24/2013,DHN,AL,ASO,ES,Federal Contract Tower,6,0,16,0,22,0,0,12,0,12,6,0,28,0,34,0,0,0,34
03/25/2013,DHN,AL,ASO,ES,Federal Contract Tower,7,2,27,82,118,0,2,30,16,48,7,4,57,98,166,62,34,96,262
03/26/2013,DHN,AL,ASO,ES,Federal Contract Tower,6,2,33,55,96,0,0,36,13,49,6,2,69,68,145,128,62,190,335
03/27/2013,DHN,AL,ASO,ES,Federal Contract Tower,7,2,39,54,102,0,2,36,29,67,7,4,75,83,169,112,122,234,403
03/28/2013,DHN,AL,ASO,ES,Federal Contract Tower,7,2,32,55,96,0,2,36,20,58,7,4,68,75,154,80,96,176,330
03/29/2013,DHN,AL,ASO,ES,Federal Contract Tower,7,2,22,52,83,0,2,38,29,69,7,4,60,81,152,80,84,164,316
03/30/2013,DHN,AL,ASO,ES,Federal Contract Tower,5,0,15,2,22,0,0,26,0,26,5,0,41,2,48,14,0,14,62
03/31/2013,DHN,AL,ASO,ES,Federal Contract Tower,7,0,10,0,17,0,0,9,0,9,7,0,19,0,26,0,0,0,26
04/01/2013,DHN,AL,ASO,ES,Federal Contract Tower,8,4,26,42,80,0,0,26,19,45,8,4,52,61,125,58,146,204,329
04/02/2013,DHN,AL,ASO,ES,Federal Contract Tower,7,5,26,59,97,0,0,27,22,49,7,5,53,81,146,24,92,116,262
04/03/2013,DHN,AL,ASO,ES,Federal Contract Tower,7,4,19,43,73,0,0,13,13,26,7,4,32,56,99,16,46,62,161
04/04/2013,DHN,AL,ASO,ES,Federal Contract Tower,7,4,50,72,133,0,0,0,0,0,7,4,50,72,133,0,14,14,147
04/05/2013,DHN,AL,ASO,ES,Federal Contract Tower,6,4,56,76,142,0,0,17,0,17,6,4,73,76,159,32,8,40,199
04/06/2013,DHN,AL,ASO,ES,Federal Contract Tower,5,0,6,2,13,0,0,22,0,22,5,0,28,2,35,12,0,12,47
04/07/2013,DHN,AL,ASO,ES,Federal Contract Tower,7,1,10,0,18,0,0,24,0,24,7,1,34,0,42,12,0,12,54
04/08/2013,DHN,AL,ASO,ES,Federal Contract Tower,7,2,20,85,114,0,2,46,30,78,7,4,66,115,192,42,94,136,328
04/09/2013,DHN,AL,ASO,ES,Federal Contract Tower,7,2,27,42,78,0,2,39,17,58,7,4,66,59,136,74,108,182,318
04/10/2013,DHN,AL,ASO,ES,Federal Contract Tower,7,4,41,69,121,8,2,32,35,77,15,6,73,104,198,106,116,222,420
04/11/2013,DHN,AL,ASO,ES,Federal Contract Tower,7,7,37,45,96,0,0,13,4,17,7,7,50,49,113,44,6,50,163
04/12/2013,DHN,AL,ASO,ES,Federal Contract Tower,7,5,58,55,125,0,0,46,4,50,7,5,104,59,175,76,12,88,263
04/13/2013,DHN,AL,ASO,ES,Federal Contract Tower,5,0,7,8,20,0,0,9,4,13,5,0,16,12,33,0,0,0,33
04/14/2013,DHN,AL,ASO,ES,Federal Contract Tower,7,0,4,0,11,0,0,4,0,4,7,0,8,0,15,6,0,6,21
04/15/2013,DHN,AL,ASO,ES,Federal Contract Tower,7,4,26,45,82,0,0,34,16,50,7,4,60,61,132,48,72,120,252
04/16/2013,DHN,AL,ASO,ES,Federal Contract Tower,7,2,25,52,86,0,2,18,17,37,7,4,43,69,123,12,54,66,189
04/17/2013,DHN,AL,ASO,ES,Federal Contract Tower,7,2,20,44,73,0,2,29,3,34,7,4,49,47,107,18,28,46,153
04/18/2013,DHN,AL,ASO,ES,Federal Contract Tower,7,2,26,101,136,0,2,43,18,63,7,4,69,119,199,76,52,128,327
04/19/2013,DHN,AL,ASO,ES,Federal Contract Tower,7,4,25,59,95,0,0,4,4,8,7,4,29,63,103,0,0,0,103
04/20/2013,DHN,AL,ASO,ES,Federal Contract Tower,5,2,15,0,22,0,0,18,2,20,5,2,33,2,42,20,0,20,62
04/21/2013,DHN,AL,ASO,ES,Federal Contract Tower,7,0,8,0,15,0,0,19,0,19,7,0,27,0,34,12,0,12,46
04/22/2013,DHN,AL,ASO,ES,Federal Contract Tower,7,3,40,82,132,0,2,20,12,34,7,5,60,94,166,68,42,110,276
04/23/2013,DHN,AL,ASO,ES,Federal Contract Tower,7,4,40,54,105,0,2,42,23,67,7,6,82,77,172,72,120,192,364
04/24/2013,DHN,AL,ASO,ES,Federal Contract Tower,7,4,28,79,118,0,2,28,40,70,7,6,56,119,188,100,100,200,388
04/25/2013,DHN,AL,ASO,ES,Federal Contract Tower,7,4,52,90,153,0,2,17,19,38,7,6,69,109,191,56,64,120,311
04/26/2013,DHN,AL,ASO,ES,Federal Contract Tower,7,4,30,56,97,0,0,64,36,100,7,4,94,92,197,64,146,210,407
04/27/2013,DHN,AL,ASO,ES,Federal Contract Tower,5,0,7,0,12,0,2,20,0,22,5,2,27,0,34,20,0,20,54
04/28/2013,DHN,AL,ASO,ES,Federal Contract Tower,6,0,14,2,22,0,0,10,1,11,6,0,24,3,33,8,4,12,45
04/29/2013,DHN,AL,ASO,ES,Federal Contract Tower,8,2,39,49,98,0,2,7,9,18,8,4,46,58,116,8,44,52,168
04/30/2013,DHN,AL,ASO,ES,Federal Contract Tower,7,2,24,52,85,0,2,28,20,50,7,4,52,72,135,18,86,104,239
05/01/2013,DHN,AL,ASO,ES,Federal Contract Tower,8,2,13,81,104,3,2,21,26,52,11,4,34,107,156,8,114,122,278
05/02/2013,DHN,AL,ASO,ES,Federal Contract Tower,8,4,41,110,163,0,2,7,2,11,8,6,48,112,174,12,0,12,186
05/03/2013,DHN,AL,ASO,ES,Federal Contract Tower,7,4,26,83,120,0,0,10,12,22,7,4,36,95,142,20,38,58,200
05/04/2013,DHN,AL,ASO,ES,Federal Contract Tower,5,0,8,0,13,0,0,3,0,3,5,0,11,0,16,4,0,4,20
05/05/2013,DHN,AL,ASO,ES,Federal Contract Tower,6,2,9,0,17,0,0,14,0,14,6,2,23,0,31,16,0,16,47
05/06/2013,DHN,AL,ASO,ES,Federal Contract Tower,7,3,23,94,127,0,1,37,18,56,7,4,60,112,183,60,52,112,295
05/07/2013,DHN,AL,ASO,ES,Federal Contract Tower,7,8,47,59,121,0,2,34,19,55,7,10,81,78,176,68,148,216,392
05/08/2013,DHN,AL,ASO,ES,Federal Contract Tower,7,5,24,70,106,0,0,51,35,86,7,5,75,105,192,64,114,178,370
05/09/2013,DHN,AL,ASO,ES,Federal Contract Tower,7,3,19,48,77,0,2,53,39,94,7,5,72,87,171,64,120,184,355
05/10/2013,DHN,AL,ASO,ES,Federal Contract Tower,7,4,34,66,111,0,2,19,24,45,7,6,53,90,156,28,56,84,240
05/11/2013,DHN,AL,ASO,ES,Federal Contract Tower,5,0,17,2,24,0,0,4,0,4,5,0,21,2,28,12,0,12,40
05/12/2013,DHN,AL,ASO,ES,Federal Contract Tower,7,0,17,0,24,0,0,15,0,15,7,0,32,0,39,34,0,34,73
05/13/2013,DHN,AL,ASO,ES,Federal Contract Tower,7,2,24,35,68,0,0,23,28,51,7,2,47,63,119,68,74,142,261
05/14/2013,DHN,AL,ASO,ES,Federal Contract Tower,7,2,29,76,114,0,2,23,27,52,7,4,52,103,166,14,88,102,268
05/15/2013,DHN,AL,ASO,ES,Federal Contract Tower,7,3,21,93,124,0,1,22,19,42,7,4,43,112,166,54,34,88,254
05/16/2013,DHN,AL,ASO,ES,Federal Contract Tower,7,2,31,105,145,0,2,49,19,70,7,4,80,124,215,92,56,148,363
05/17/2013,DHN,AL,ASO,ES,Federal Contract Tower,7,2,31,54,94,0,2,66,13,81,7,4,97,67,175,80,50,130,305
05/18/2013,DHN,AL,ASO,ES,Federal Contract Tower,5,0,7,0,12,0,0,15,0,15,5,0,22,0,27,26,0,26,53
05/19/2013,DHN,AL,ASO,ES,Federal Contract Tower,6,0,24,2,32,0,0,15,0,15,6,0,39,2,47,10,0,10,57
05/20/2013,DHN,AL,ASO,ES,Federal Contract Tower,6,2,22,51,81,0,2,44,25,71,6,4,66,76,152,70,78,148,300
05/21/2013,DHN,AL,ASO,ES,Federal Contract Tower,8,2,30,67,107,0,2,41,24,67,8,4,71,91,174,88,110,198,372
05/22/2013,DHN,AL,ASO,ES,Federal Contract Tower,7,2,19,83,111,0,3,31,9,43,7,5,50,92,154,60,58,118,272
05/23/2013,DHN,AL,ASO,ES,Federal Contract Tower,7,2,34,93,136,0,2,29,14,45,7,4,63,107,181,94,48,142,323
05/24/2013,DHN,AL,ASO,ES,Federal Contract Tower,5,4,16,0,25,0,6,17,0,23,5,10,33,0,48,0,0,0,48
05/25/2013,DHN,AL,ASO,ES,Federal Contract Tower,5,0,9,0,14,0,0,20,0,20,5,0,29,0,34,20,0,20,54
05/26/2013,DHN,AL,ASO,ES,Federal Contract Tower,4,0,5,0,9,0,0,18,2,20,4,0,23,2,29,10,0,10,39
05/27/2013,DHN,AL,ASO,ES,Federal Contract Tower,6,2,5,0,13,0,0,10,0,10,6,2,15,0,23,0,0,0,23
05/28/2013,DHN,AL,ASO,ES,Federal Contract Tower,7,4,25,38,74,0,1,30,15,46,7,5,55,53,120,74,60,134,254
05/29/2013,DHN,AL,ASO,ES,Federal Contract Tower,7,5,17,80,109,0,0,34,18,52,7,5,51,98,161,52,62,114,275
05/30/2013,DHN,AL,ASO,ES,Federal Contract Tower,7,5,17,90,119,0,2,14,21,37,7,7,31,111,156,28,32,60,216
05/31/2013,DHN,AL,ASO,ES,Federal Contract Tower,7,6,39,86,138,0,0,37,11,48,7,6,76,97,186,46,50,96,282
06/01/2013,DHN,AL,ASO,ES,Federal Contract Tower,8,0,26,0,34,0,0,30,0,30,8,0,56,0,64,12,0,12,76
06/02/2013,DHN,AL,ASO,ES,Federal Contract Tower,5,0,21,7,33,0,0,16,2,18,5,0,37,9,51,16,0,16,67
06/03/2013,DHN,AL,ASO,ES,Federal Contract Tower,8,5,40,70,123,0,0,13,4,17,8,5,53,74,140,40,0,40,180
06/04/2013,DHN,AL,ASO,ES,Federal Contract Tower,7,4,30,111,152,0,2,30,12,44,7,6,60,123,196,88,82,170,366
06/05/2013,DHN,AL,ASO,ES,Federal Contract Tower,6,3,21,69,99,0,2,19,8,29,6,5,40,77,128,32,68,100,228
06/06/2013,DHN,AL,ASO,ES,Federal Contract Tower,7,4,43,69,123,0,2,20,9,31,7,6,63,78,154,82,72,154,308
06/07/2013,DHN,AL,ASO,ES,Federal Contract Tower,7,8,21,60,96,0,0,44,24,68,7,8,65,84,164,86,132,218,382
06/08/2013,DHN,AL,ASO,ES,Federal Contract Tower,5,0,14,2,21,0,0,26,0,26,5,0,40,2,47,42,0,42,89
06/09/2013,DHN,AL,ASO,ES,Federal Contract Tower,7,1,7,0,15,0,0,2,0,2,7,1,9,0,17,8,0,8,25
06/10/2013,DHN,AL,ASO,ES,Federal Contract Tower,7,4,30,31,72,0,2,9,11,22,7,6,39,42,94,26,62,88,182
06/11/2013,DHN,AL,ASO,ES,Federal Contract Tower,7,4,50,65,126,0,2,27,24,53,7,6,77,89,179,49,140,189,368
06/12/2013,DHN,AL,ASO,ES,Federal Contract Tower,7,2,16,76,101,0,2,36,17,55,7,4,52,93,156,8,98,106,262
06/13/2013,DHN,AL,ASO,ES,Federal Contract Tower,6,3,26,70,105,0,3,49,7,59,6,6,75,77,164,46,10,56,220
06/14/2013,DHN,AL,ASO,ES,Federal Contract Tower,10,5,34,62,111,0,0,57,1,58,10,5,91,63,169,88,2,90,259
06/15/2013,DHN,AL,ASO,ES,Federal Contract Tower,5,0,6,1,12,0,4,22,4,30,5,4,28,5,42,38,0,38,80
06/16/2013,DHN,AL,ASO,ES,Federal Contract Tower,6,1,15,0,22,0,2,18,0,20,6,3,33,0,42,38,0,38,80
06/17/2013,DHN,AL,ASO,ES,Federal Contract Tower,7,3,33,75,118,2,1,36,4,43,9,4,69,79,161,66,22,88,249
06/18/2013,DHN,AL,ASO,ES,Federal Contract Tower,6,3,28,60,97,0,1,29,3,33,6,4,57,63,130,68,36,104,234
06/19/2013,DHN,AL,ASO,ES,Federal Contract Tower,8,2,24,84,118,0,2,32,15,49,8,4,56,99,167,54,60,114,281
06/20/2013,DHN,AL,ASO,ES,Federal Contract Tower,7,2,22,63,94,0,4,45,17,66,7,6,67,80,160,110,96,206,366
06/21/2013,DHN,AL,ASO,ES,Federal Contract Tower,7,5,49,72,133,0,1,42,16,59,7,6,91,88,192,66,68,134,326
06/22/2013,DHN,AL,ASO,ES,Federal Contract Tower,5,3,9,0,17,0,0,18,0,18,5,3,27,0,35,18,0,18,53
06/23/2013,DHN,AL,ASO,ES,Federal Contract Tower,7,1,6,0,14,0,0,3,0,3,7,1,9,0,17,10,0,10,27
06/24/2013,DHN,AL,ASO,ES,Federal Contract Tower,7,4,20,0,31,0,2,20,4,26,7,6,40,4,57,26,2,28,85
06/25/2013,DHN,AL,ASO,ES,Federal Contract Tower,7,5,50,0,62,0,2,28,28,58,7,7,78,28,120,96,88,184,304
06/26/2013,DHN,AL,ASO,ES,Federal Contract Tower,7,2,19,62,90,0,2,38,26,66,7,4,57,88,156,50,138,188,344
06/27/2013,DHN,AL,ASO,ES,Federal Contract Tower,7,2,13,52,74,0,2,28,23,53,7,4,41,75,127,34,66,100,227
06/28/2013,DHN,AL,ASO,ES,Federal Contract Tower,7,2,23,48,80,0,2,50,22,74,7,4,73,70,154,66,14,80,234
06/29/2013,DHN,AL,ASO,ES,Federal Contract Tower,5,0,20,0,25,0,0,14,0,14,5,0,34,0,39,12,0,12,51
06/30/2013,DHN,AL,ASO,ES,Federal Contract Tower,7,0,4,0,11,0,0,8,0,8,7,0,12,0,19,0,0,0,19
07/01/2013,DHN,AL,ASO,ES,Federal Contract Tower,5,4,31,50,90,0,2,28,7,37,5,6,59,57,127,66,54,120,247
07/02/2013,DHN,AL,ASO,ES,Federal Contract Tower,5,2,33,34,74,0,2,25,11,38,5,4,58,45,112,62,36,98,210
07/03/2013,DHN,AL,ASO,ES,Federal Contract Tower,7,4,11,26,48,0,0,0,0,0,7,4,11,26,48,0,0,0,48
07/04/2013,DHN,AL,ASO,ES,Federal Contract Tower,4,0,2,0,6,0,0,0,0,0,4,0,2,0,6,0,0,0,6
07/05/2013,DHN,AL,ASO,ES,Federal Contract Tower,6,4,3,0,13,0,0,1,0,1,6,4,4,0,14,2,0,2,16
07/06/2013,DHN,AL,ASO,ES,Federal Contract Tower,3,2,10,0,15,0,0,0,0,0,3,2,10,0,15,0,0,0,15
07/07/2013,DHN,AL,ASO,ES,Federal Contract Tower,6,3,6,0,15,0,0,9,2,11,6,3,15,2,26,10,0,10,36
07/08/2013,DHN,AL,ASO,ES,Federal Contract Tower,5,4,28,89,126,0,2,34,26,62,5,6,62,115,188,112,104,216,404
07/09/2013,DHN,AL,ASO,ES,Federal Contract Tower,4,2,30,84,120,0,2,44,23,69,4,4,74,107,189,96,124,220,409
07/10/2013,DHN,AL,ASO,ES,Federal Contract Tower,7,4,22,38,71,0,0,42,15,57,7,4,64,53,128,92,72,164,292
07/11/2013,DHN,AL,ASO,ES,Federal Contract Tower,6,2,18,41,67,0,2,21,16,39,6,4,39,57,106,42,70,112,218
07/12/2013,DHN,AL,ASO,ES,Federal Contract Tower,5,4,19,69,97,0,2,24,9,35,5,6,43,78,132,24,40,64,196
07/13/2013,DHN,AL,ASO,ES,Federal Contract Tower,5,2,11,1,19,0,0,32,0,32,5,2,43,1,51,24,0,24,75
07/14/2013,DHN,AL,ASO,ES,Federal Contract Tower,7,1,13,2,23,0,0,7,0,7,7,1,20,2,30,4,0,4,34
07/15/2013,DHN,AL,ASO,ES,Federal Contract Tower,6,2,27,33,68,0,2,34,15,51,6,4,61,48,119,46,56,102,221
07/16/2013,DHN,AL,ASO,ES,Federal Contract Tower,7,2,38,33,80,0,2,15,6,23,7,4,53,39,103,62,44,106,209
07/17/2013,DHN,AL,ASO,ES,Federal Contract Tower,8,3,17,44,72,0,1,51,28,80,8,4,68,72,152,34,90,124,276
07/18/2013,DHN,AL,ASO,ES,Federal Contract Tower,7,6,21,39,73,0,2,53,38,93,7,8,74,77,166,72,196,268,434
07/19/2013,DHN,AL,ASO,ES,Federal Contract Tower,7,6,22,42,77,0,0,37,37,74,7,6,59,79,151,114,80,194,345
07/20/2013,DHN,AL,ASO,ES,Federal Contract Tower,5,1,13,2,21,0,0,2,0,2,5,1,15,2,23,0,0,0,23
07/21/2013,DHN,AL,ASO,ES,Federal Contract Tower,7,0,12,2,21,0,0,8,0,8,7,0,20,2,29,2,0,2,31
07/22/2013,DHN,AL,ASO,ES,Federal Contract Tower,7,6,23,24,60,0,0,28,11,39,7,6,51,35,99,52,48,100,199
07/23/2013,DHN,AL,ASO,ES,Federal Contract Tower,6,5,37,49,97,0,0,17,11,28,6,5,54,60,125,58,36,94,219
07/24/2013,DHN,AL,ASO,ES,Federal Contract Tower,7,7,36,71,121,0,1,37,11,49,7,8,73,82,170,44,112,156,326
07/25/2013,DHN,AL,ASO,ES,Federal Contract Tower,7,6,6,89,108,0,0,23,19,42,7,6,29,108,150,24,122,146,296
07/26/2013,DHN,AL,ASO,ES,Federal Contract Tower,9,6,36,48,99,0,0,58,14,72,9,6,94,62,171,82,34,116,287
07/27/2013,DHN,AL,ASO,ES,Federal Contract Tower,4,2,19,4,29,0,0,18,3,21,4,2,37,7,50,52,0,52,102
07/28/2013,DHN,AL,ASO,ES,Federal Contract Tower,7,4,10,0,21,0,0,18,0,18,7,4,28,0,39,64,0,64,103
07/29/2013,DHN,AL,ASO,ES,Federal Contract Tower,7,6,38,57,108,0,0,28,2,30,7,6,66,59,138,22,48,70,208
07/30/2013,DHN,AL,ASO,ES,Federal Contract Tower,6,5,15,45,71,0,0,49,9,58,6,5,64,54,129,56,58,114,243
07/31/2013,DHN,AL,ASO,ES,Federal Contract Tower,7,6,28,47,88,0,0,35,20,55,7,6,63,67,143,78,52,130,273
08/01/2013,DHN,AL,ASO,ES,Federal Contract Tower,7,4,37,89,137,0,0,30,15,45,7,4,67,104,182,72,42,114,296
08/02/2013,DHN,AL,ASO,ES,Federal Contract Tower,7,4,22,82,115,0,0,23,21,44,7,4,45,103,159,20,66,86,245
08/03/2013,DHN,AL,ASO,ES,Federal Contract Tower,5,0,4,2,11,0,0,17,0,17,5,0,21,2,28,24,0,24,52
08/04/2013,DHN,AL,ASO,ES,Federal Contract Tower,7,0,8,0,15,0,0,14,1,15,7,0,22,1,30,14,0,14,44
08/05/2013,DHN,AL,ASO,ES,Federal Contract Tower,7,4,31,76,118,0,0,40,25,65,7,4,71,101,183,66,94,160,343
08/06/2013,DHN,AL,ASO,ES,Federal Contract Tower,7,7,26,59,99,0,0,40,25,65,7,7,66,84,164,96,104,200,364
08/07/2013,DHN,AL,ASO,ES,Federal Contract Tower,5,5,24,78,112,0,0,45,20,65,5,5,69,98,177,60,100,160,337
08/08/2013,DHN,AL,ASO,ES,Federal Contract Tower,7,4,21,66,98,0,0,16,22,38,7,4,37,88,136,32,48,80,216
08/09/2013,DHN,AL,ASO,ES,Federal Contract Tower,7,4,24,74,109,0,0,20,5,25,7,4,44,79,134,24,18,42,176
08/10/2013,DHN,AL,ASO,ES,Federal Contract Tower,5,0,5,0,10,0,0,20,0,20,5,0,25,0,30,32,0,32,62
08/11/2013,DHN,AL,ASO,ES,Federal Contract Tower,7,0,17,8,32,0,0,24,6,30,7,0,41,14,62,12,2,14,76
08/12/2013,DHN,AL,ASO,ES,Federal Contract Tower,5,4,12,53,74,0,0,48,2,50,5,4,60,55,124,60,50,110,234
08/13/2013,DHN,AL,ASO,ES,Federal Contract Tower,7,5,29,27,68,0,1,39,3,43,7,6,68,30,111,52,15,67,178
08/14/2013,DHN,AL,ASO,ES,Federal Contract Tower,7,7,36,103,153,0,0,20,8,28,7,7,56,111,181,44,36,80,261
08/15/2013,DHN,AL,ASO,ES,Federal Contract Tower,7,3,38,55,103,0,1,15,5,21,7,4,53,60,124,54,48,102,226
08/16/2013,DHN,AL,ASO,ES,Federal Contract Tower,7,7,34,55,103,0,0,8,1,9,7,7,42,56,112,14,6,20,132
08/17/2013,DHN,AL,ASO,ES,Federal Contract Tower,5,1,3,0,9,0,0,0,0,0,5,1,3,0,9,0,0,0,9
08/18/2013,DHN,AL,ASO,ES,Federal Contract Tower,7,0,4,1,12,0,0,2,0,2,7,0,6,1,14,0,0,0,14
08/19/2013,DHN,AL,ASO,ES,Federal Contract Tower,6,3,44,91,144,0,1,18,11,30,6,4,62,102,174,44,110,154,328
08/20/2013,DHN,AL,ASO,ES,Federal Contract Tower,8,4,33,84,129,0,0,23,6,29,8,4,56,90,158,48,54,102,260
08/21/2013,DHN,AL,ASO,ES,Federal Contract Tower,7,5,24,79,115,0,1,30,15,46,7,6,54,94,161,44,86,130,291
08/22/2013,DHN,AL,ASO,ES,Federal Contract Tower,7,2,32,74,115,0,2,35,19,56,7,4,67,93,171,50,70,120,291
08/23/2013,DHN,AL,ASO,ES,Federal Contract Tower,7,4,19,75,105,0,0,36,24,60,7,4,55,99,165,24,96,120,285
08/24/2013,DHN,AL,ASO,ES,Federal Contract Tower,5,0,11,0,16,0,0,16,10,26,5,0,27,10,42,30,4,34,76
08/25/2013,DHN,AL,ASO,ES,Federal Contract Tower,7,0,16,2,25,0,0,23,2,25,7,0,39,4,50,30,0,30,80
08/26/2013,DHN,AL,ASO,ES,Federal Contract Tower,7,2,24,76,109,0,2,54,13,69,7,4,78,89,178,68,30,98,276
08/27/2013,DHN,AL,ASO,ES,Federal Contract Tower,7,2,23,93,125,0,2,39,9,50,7,4,62,102,175,42,36,78,253
08/28/2013,DHN,AL,ASO,ES,Federal Contract Tower,7,6,17,70,100,0,0,48,26,74,7,6,65,96,174,36,114,150,324
08/29/2013,DHN,AL,ASO,ES,Federal Contract Tower,7,6,28,108,149,0,6,36,19,61,7,12,64,127,210,68,58,126,336
08/30/2013,DHN,AL,ASO,ES,Federal Contract Tower,7,2,38,83,130,0,2,42,28,72,7,4,80,111,202,44,108,152,354
08/31/2013,DHN,AL,ASO,ES,Federal Contract Tower,3,0,6,2,11,0,0,20,0,20,3,0,26,2,31,22,0,22,53
09/01/2013,DHN,AL,ASO,ES,Federal Contract Tower,4,0,1,0,5,0,2,15,0,17,4,2,16,0,22,14,0,14,36
09/02/2013,DHN,AL,ASO,ES,Federal Contract Tower,6,0,8,0,14,0,0,4,2,6,6,0,12,2,20,2,0,2,22
09/03/2013,DHN,AL,ASO,ES,Federal Contract Tower,8,4,28,61,101,0,0,14,17,31,8,4,42,78,132,46,70,116,248
09/04/2013,DHN,AL,ASO,ES,Federal Contract Tower,7,7,27,106,147,0,1,29,18,48,7,8,56,124,195,48,88,136,331
09/05/2013,DHN,AL,ASO,ES,Federal Contract Tower,6,6,21,49,82,0,2,28,39,69,6,8,49,88,151,54,136,190,341
09/06/2013,DHN,AL,ASO,ES,Federal Contract Tower,7,4,17,29,57,0,0,45,27,72,7,4,62,56,129,36,116,152,281
09/07/2013,DHN,AL,ASO,ES,Federal Contract Tower,5,0,8,0,13,0,0,11,0,11,5,0,19,0,24,18,0,18,42
09/08/2013,DHN,AL,ASO,ES,Federal Contract Tower,9,0,16,20,45,0,0,19,1,20,9,0,35,21,65,6,2,8,73
09/09/2013,DHN,AL,ASO,ES,Federal Contract Tower,7,4,23,52,86,0,2,27,6,35,7,6,50,58,121,34,66,100,221
09/10/2013,DHN,AL,ASO,ES,Federal Contract Tower,7,4,15,43,69,0,0,53,8,61,7,4,68,51,130,40,38,78,208
09/11/2013,DHN,AL,ASO,ES,Federal Contract Tower,4,4,25,76,109,0,0,42,21,63,4,4,67,97,172,32,52,84,256
09/12/2013,DHN,AL,ASO,ES,Federal Contract Tower,8,4,20,48,80,0,0,57,40,97,8,4,77,88,177,82,158,240,417
09/13/2013,DHN,AL,ASO,ES,Federal Contract Tower,7,4,27,76,114,0,0,51,29,80,7,4,78,105,194,92,160,252,446
09/14/2013,DHN,AL,ASO,ES,Federal Contract Tower,5,0,11,0,16,0,0,28,0,28,5,0,39,0,44,10,0,10,54
09/15/2013,DHN,AL,ASO,ES,Federal Contract Tower,7,0,12,0,19,0,2,18,2,22,7,2,30,2,41,32,0,32,73
09/16/2013,DHN,AL,ASO,ES,Federal Contract Tower,7,4,29,68,108,0,0,35,26,61,7,4,64,94,169,50,132,182,351
09/17/2013,DHN,AL,ASO,ES,Federal Contract Tower,7,4,22,81,114,0,3,21,24,48,7,7,43,105,162,61,84,145,307
09/18/2013,DHN,AL,ASO,ES,Federal Contract Tower,7,4,24,66,101,0,2,28,14,44,7,6,52,80,145,88,76,164,309
09/19/2013,DHN,AL,ASO,ES,Federal Contract Tower,7,5,16,45,73,0,0,41,23,64,7,5,57,68,137,62,104,166,303
09/20/2013,DHN,AL,ASO,ES,Federal Contract Tower,7,6,18,52,83,0,2,41,18,61,7,8,59,70,144,48,58,106,250
09/21/2013,DHN,AL,ASO,ES,Federal Contract Tower,5,0,4,0,9,0,0,7,0,7,5,0,11,0,16,18,0,18,34
09/22/2013,DHN,AL,ASO,ES,Federal Contract Tower,7,0,7,0,14,0,0,14,0,14,7,0,21,0,28,24,0,24,52
09/23/2013,DHN,AL,ASO,ES,Federal Contract Tower,8,4,8,73,93,0,0,0,2,2,8,4,8,75,95,0,0,0,95
09/24/2013,DHN,AL,ASO,ES,Federal Contract Tower,7,3,22,44,76,0,1,8,5,14,7,4,30,49,90,20,30,50,140
09/25/2013,DHN,AL,ASO,ES,Federal Contract Tower,7,4,22,64,97,0,0,31,12,43,7,4,53,76,140,62,42,104,244
09/26/2013,DHN,AL,ASO,ES,Federal Contract Tower,7,4,43,77,131,0,0,31,13,44,7,4,74,90,175,62,48,110,285
09/27/2013,DHN,AL,ASO,ES,Federal Contract Tower,9,4,20,59,92,0,0,52,25,77,9,4,72,84,169,70,94,164,333
09/28/2013,DHN,AL,ASO,ES,Federal Contract Tower,5,0,14,0,19,0,0,23,0,23,5,0,37,0,42,18,2,20,62
09/29/2013,DHN,AL,ASO,ES,Federal Contract Tower,6,0,6,0,12,0,0,21,0,21,6,0,27,0,33,40,0,40,73
09/30/2013,DHN,AL,ASO,ES,Federal Contract Tower,8,4,14,34,60,0,0,47,29,76,8,4,61,63,136,60,120,180,316
10/01/2013,DHN,AL,ASO,ES,Federal Contract Tower,7,4,29,58,98,0,0,40,28,68,7,4,69,86,166,58,130,188,354
10/02/2013,DHN,AL,ASO,ES,Federal Contract Tower,7,8,23,54,92,0,0,34,30,64,7,8,57,84,156,68,122,190,346
10/03/2013,DHN,AL,ASO,ES,Federal Contract Tower,6,6,22,60,94,0,2,40,31,73,6,8,62,91,167,62,136,198,365
10/04/2013,DHN,AL,ASO,ES,Federal Contract Tower,7,4,22,20,53,0,0,31,29,60,7,4,53,49,113,12,82,94,207
10/05/2013,DHN,AL,ASO,ES,Federal Contract Tower,7,1,3,0,11,0,0,10,0,10,7,1,13,0,21,0,0,0,21
10/06/2013,DHN,AL,ASO,ES,Federal Contract Tower,6,0,3,0,9,0,0,6,0,6,6,0,9,0,15,0,0,0,15
10/07/2013,DHN,AL,ASO,ES,Federal Contract Tower,7,4,19,25,55,0,0,2,0,2,7,4,21,25,57,0,0,0,57
10/08/2013,DHN,AL,ASO,ES,Federal Contract Tower,7,4,17,42,70,0,0,23,5,28,7,4,40,47,98,10,26,36,134
10/09/2013,DHN,AL,ASO,ES,Federal Contract Tower,8,4,19,67,98,0,2,8,1,11,8,6,27,68,109,0,0,0,109
10/10/2013,DHN,AL,ASO,ES,Federal Contract Tower,7,6,14,33,60,0,0,32,10,42,7,6,46,43,102,14,22,36,138
10/11/2013,DHN,AL,ASO,ES,Federal Contract Tower,7,4,29,49,89,0,0,32,7,39,7,4,61,56,128,52,16,68,196
10/12/2013,DHN,AL,ASO,ES,Federal Contract Tower,4,0,6,0,10,0,0,23,0,23,4,0,29,0,33,4,0,4,37
10/13/2013,DHN,AL,ASO,ES,Federal Contract Tower,5,0,12,0,17,0,0,16,0,16,5,0,28,0,33,0,0,0,33
10/14/2013,DHN,AL,ASO,ES,Federal Contract Tower,7,4,13,10,34,0,1,27,24,52,7,5,40,34,86,32,62,94,180
10/15/2013,DHN,AL,ASO,ES,Federal Contract Tower,7,10,36,71,124,0,0,5,34,39,7,10,41,105,163,0,136,136,299
10/16/2013,DHN,AL,ASO,ES,Federal Contract Tower,8,9,24,50,91,0,0,31,32,63,8,9,55,82,154,60,122,182,336
10/17/2013,DHN,AL,ASO,ES,Federal Contract Tower,7,4,23,72,106,0,0,18,39,57,7,4,41,111,163,20,154,174,337
10/18/2013,DHN,AL,ASO,ES,Federal Contract Tower,7,4,17,71,99,0,0,15,12,27,7,4,32,83,126,50,50,100,226
10/19/2013,DHN,AL,ASO,ES,Federal Contract Tower,6,0,6,0,12,0,0,3,0,3,6,0,9,0,15,6,0,6,21
10/20/2013,DHN,AL,ASO,ES,Federal Contract Tower,7,0,12,6,25,0,0,22,0,22,7,0,34,6,47,24,0,24,71
10/21/2013,DHN,AL,ASO,ES,Federal Contract Tower,7,4,22,49,82,0,0,21,30,51,7,4,43,79,133,10,66,76,209
10/22/2013,DHN,AL,ASO,ES,Federal Contract Tower,7,7,14,71,99,0,0,5,1,6,7,7,19,72,105,8,28,36,141
10/23/2013,DHN,AL,ASO,ES,Federal Contract Tower,7,4,24,36,71,0,0,46,10,56,7,4,70,46,127,28,26,54,181
10/24/2013,DHN,AL,ASO,ES,Federal Contract Tower,7,6,21,82,116,0,3,43,24,70,7,9,64,106,186,42,46,88,274
10/25/2013,DHN,AL,ASO,ES,Federal Contract Tower,7,4,18,50,79,0,0,38,7,45,7,4,56,57,124,72,18,90,214
10/26/2013,DHN,AL,ASO,ES,Federal Contract Tower,6,0,15,2,23,0,0,22,0,22,6,0,37,2,45,2,0,2,47
10/27/2013,DHN,AL,ASO,ES,Federal Contract Tower,7,1,10,2,20,0,0,27,0,27,7,1,37,2,47,24,0,24,71
10/28/2013,DHN,AL,ASO,ES,Federal Contract Tower,6,4,24,79,113,0,0,35,5,40,6,4,59,84,153,78,12,90,243
10/29/2013,DHN,AL,ASO,ES,Federal Contract Tower,7,6,27,53,93,0,0,33,8,41,7,6,60,61,134,68,12,80,214
10/30/2013,DHN,AL,ASO,ES,Federal Contract Tower,7,4,32,59,102,0,0,20,8,28,7,4,52,67,130,70,10,80,210
10/31/2013,DHN,AL,ASO,ES,Federal Contract Tower,5,5,44,57,111,0,0,16,5,21,5,5,60,62,132,56,10,66,198
11/01/2013,DHN,AL,ASO,ES,Federal Contract Tower,7,4,34,63,108,0,0,2,3,5,7,4,36,66,113,0,0,0,113
11/02/2013,DHN,AL,ASO,ES,Federal Contract Tower,5,0,14,0,19,0,0,22,0,22,5,0,36,0,41,34,0,34,75
11/03/2013,DHN,AL,ASO,ES,Federal Contract Tower,7,0,21,0,28,0,0,17,0,17,7,0,38,0,45,10,0,10,55
11/04/2013,DHN,AL,ASO,ES,Federal Contract Tower,7,4,9,55,75,0,0,43,11,54,7,4,52,66,129,22,60,82,211
11/05/2013,DHN,AL,ASO,ES,Federal Contract Tower,7,8,10,32,57,0,0,32,14,46,7,8,42,46,103,8,56,64,167
11/06/2013,DHN,AL,ASO,ES,Federal Contract Tower,7,4,20,63,94,0,0,10,3,13,7,4,30,66,107,10,32,42,149
11/07/2013,DHN,AL,ASO,ES,Federal Contract Tower,7,4,42,74,127,0,0,32,23,55,7,4,74,97,182,50,50,100,282
11/08/2013,DHN,AL,ASO,ES,Federal Contract Tower,6,4,24,44,78,0,0,60,45,105,6,4,84,89,183,68,116,184,367
11/09/2013,DHN,AL,ASO,ES,Federal Contract Tower,5,0,9,0,14,0,0,18,2,20,5,0,27,2,34,8,0,8,42
11/10/2013,DHN,AL,ASO,ES,Federal Contract Tower,7,0,19,4,30,0,0,25,0,25,7,0,44,4,55,18,0,18,73
11/11/2013,DHN,AL,ASO,ES,Federal Contract Tower,7,2,18,0,27,0,0,18,0,18,7,2,36,0,45,4,0,4,49
11/12/2013,DHN,AL,ASO,ES,Federal Contract Tower,7,4,36,86,133,0,0,69,20,89,7,4,105,106,222,82,102,184,406
11/13/2013,DHN,AL,ASO,ES,Federal Contract Tower,7,4,22,58,91,0,0,42,26,68,7,4,64,84,159,30,84,114,273
11/14/2013,DHN,AL,ASO,ES,Federal Contract Tower,8,6,37,49,100,0,0,46,25,71,8,6,83,74,171,92,80,172,343
11/15/2013,DHN,AL,ASO,ES,Federal Contract Tower,7,4,28,52,91,0,0,42,28,70,7,4,70,80,161,60,108,168,329
11/16/2013,DHN,AL,ASO,ES,Federal Contract Tower,6,0,2,0,8,0,0,12,0,12,6,0,14,0,20,10,0,10,30
11/17/2013,DHN,AL,ASO,ES,Federal Contract Tower,7,0,30,20,57,0,0,7,2,9,7,0,37,22,66,4,0,4,70
11/18/2013,DHN,AL,ASO,ES,Federal Contract Tower,7,3,27,57,94,0,2,30,28,60,7,5,57,85,154,58,140,198,352
11/19/2013,DHN,AL,ASO,ES,Federal Contract Tower,8,7,21,58,94,0,2,31,17,50,8,9,52,75,144,66,90,156,300
11/20/2013,DHN,AL,ASO,ES,Federal Contract Tower,6,2,22,58,88,0,2,20,22,44,6,4,42,80,132,8,86,94,226
11/21/2013,DHN,AL,ASO,ES,Federal Contract Tower,7,4,35,52,98,0,0,16,13,29,7,4,51,65,127,10,62,72,199
11/22/2013,DHN,AL,ASO,ES,Federal Contract Tower,6,3,46,77,132,0,0,15,4,19,6,3,61,81,151,26,20,46,197
11/23/2013,DHN,AL,ASO,ES,Federal Contract Tower,5,0,14,0,19,0,0,2,0,2,5,0,16,0,21,18,0,18,39
11/24/2013,DHN,AL,ASO,ES,Federal Contract Tower,5,0,11,4,20,0,0,9,0,9,5,0,20,4,29,0,0,0,29
11/25/2013,DHN,AL,ASO,ES,Federal Contract Tower,7,5,36,65,113,0,0,45,26,71,7,5,81,91,184,78,74,152,336
11/26/2013,DHN,AL,ASO,ES,Federal Contract Tower,5,4,24,41,74,0,0,0,0,0,5,4,24,41,74,0,0,0,74
11/27/2013,DHN,AL,ASO,ES,Federal Contract Tower,7,2,43,32,84,0,2,20,11,33,7,4,63,43,117,58,84,142,259
11/28/2013,DHN,AL,ASO,ES,Federal Contract Tower,3,0,3,0,6,0,0,7,0,7,3,0,10,0,13,2,0,2,15
11/29/2013,DHN,AL,ASO,ES,Federal Contract Tower,4,2,12,0,18,0,0,23,2,25,4,2,35,2,43,18,0,18,61
11/30/2013,DHN,AL,ASO,ES,Federal Contract Tower,6,0,11,0,17,0,0,25,0,25,6,0,36,0,42,6,0,6,48
12/01/2013,DHN,AL,ASO,ES,Federal Contract Tower,8,2,13,4,27,0,0,12,0,12,8,2,25,4,39,18,0,18,57
12/02/2013,DHN,AL,ASO,ES,Federal Contract Tower,7,4,19,85,115,0,0,28,23,51,7,4,47,108,166,58,130,188,354
12/03/2013,DHN,AL,ASO,ES,Federal Contract Tower,7,6,28,67,108,0,0,26,30,56,7,6,54,97,164,34,112,146,310
12/04/2013,DHN,AL,ASO,ES,Federal Contract Tower,8,10,46,44,108,0,0,26,29,55,8,10,72,73,163,34,82,116,279
12/05/2013,DHN,AL,ASO,ES,Federal Contract Tower,8,6,46,79,139,0,0,25,10,35,8,6,71,89,174,30,16,46,220
12/06/2013,DHN,AL,ASO,ES,Federal Contract Tower,7,7,39,58,111,0,0,13,4,17,7,7,52,62,128,40,0,40,168
12/07/2013,DHN,AL,ASO,ES,Federal Contract Tower,5,4,15,2,26,0,0,3,0,3,5,4,18,2,29,0,0,0,29
12/08/2013,DHN,AL,ASO,ES,Federal Contract Tower,7,2,17,2,28,0,0,16,4,20,7,2,33,6,48,16,6,22,70
12/09/2013,DHN,AL,ASO,ES,Federal Contract Tower,7,10,30,39,86,0,0,8,2,10,7,10,38,41,96,34,0,34,130
12/10/2013,DHN,AL,ASO,ES,Federal Contract Tower,7,7,38,45,97,0,0,17,0,17,7,7,55,45,114,30,0,30,144
12/11/2013,DHN,AL,ASO,ES,Federal Contract Tower,7,6,25,52,90,0,0,49,13,62,7,6,74,65,152,80,22,102,254
12/12/2013,DHN,AL,ASO,ES,Federal Contract Tower,7,8,27,41,83,0,3,53,27,83,7,11,80,68,166,86,50,136,302
12/13/2013,DHN,AL,ASO,ES,Federal Contract Tower,6,16,22,53,97,0,0,50,18,68,6,16,72,71,165,86,60,146,311
12/14/2013,DHN,AL,ASO,ES,Federal Contract Tower,4,17,8,2,31,0,0,0,0,0,4,17,8,2,31,0,0,0,31
12/15/2013,DHN,AL,ASO,ES,Federal Contract Tower,7,3,9,0,19,0,0,8,0,8,7,3,17,0,27,0,0,0,27
12/16/2013,DHN,AL,ASO,ES,Federal Contract Tower,6,14,23,60,103,0,0,40,22,62,6,14,63,82,165,78,70,148,313
12/17/2013,DHN,AL,ASO,ES,Federal Contract Tower,7,10,26,58,101,0,0,36,33,69,7,10,62,91,170,58,102,160,330
12/18/2013,DHN,AL,ASO,ES,Federal Contract Tower,8,25,29,62,124,0,0,51,23,74,8,25,80,85,198,80,60,140,338
12/19/2013,DHN,AL,ASO,ES,Federal Contract Tower,7,17,32,21,77,0,6,58,11,75,7,23,90,32,152,12,40,52,204
12/20/2013,DHN,AL,ASO,ES,Federal Contract Tower,7,18,28,5,58,0,5,25,7,37,7,23,53,12,95,40,34,74,169
12/21/2013,DHN,AL,ASO,ES,Federal Contract Tower,7,11,6,0,24,0,0,1,0,1,7,11,7,0,25,4,0,4,29
12/22/2013,DHN,AL,ASO,ES,Federal Contract Tower,5,0,3,0,8,0,0,1,0,1,5,0,4,0,9,0,0,0,9
12/23/2013,DHN,AL,ASO,ES,Federal Contract Tower,6,6,17,0,29,0,0,0,0,0,6,6,17,0,29,0,0,0,29
12/24/2013,DHN,AL,ASO,ES,Federal Contract Tower,4,2,4,0,10,0,0,7,2,9,4,2,11,2,19,0,0,0,19
12/25/2013,DHN,AL,ASO,ES,Federal Contract Tower,4,0,4,0,8,0,0,16,0,16,4,0,20,0,24,6,0,6,30
12/26/2013,DHN,AL,ASO,ES,Federal Contract Tower,7,6,19,0,32,0,0,23,0,23,7,6,42,0,55,8,0,8,63
12/27/2013,DHN,AL,ASO,ES,Federal Contract Tower,8,9,22,0,39,0,2,18,2,22,8,11,40,2,61,16,0,16,77
12/28/2013,DHN,AL,ASO,ES,Federal Contract Tower,7,0,6,0,13,0,0,0,0,0,7,0,6,0,13,0,0,0,13
12/29/2013,DHN,AL,ASO,ES,Federal Contract Tower,5,0,12,0,17,0,0,2,0,2,5,0,14,0,19,0,0,0,19
12/30/2013,DHN,AL,ASO,ES,Federal Contract Tower,5,5,23,0,33,0,0,10,2,12,5,5,33,2,45,8,8,16,61
12/31/2013,DHN,AL,ASO,ES,Federal Contract Tower,4,4,11,1,20,0,0,5,1,6,4,4,16,2,26,4,0,4,30
01/01/2014,DHN,AL,ASO,ES,Federal Contract Tower,4,0,4,0,8,0,0,9,0,9,4,0,13,0,17,0,0,0,17
01/02/2014,DHN,AL,ASO,ES,Federal Contract Tower,7,5,9,1,22,0,2,3,0,5,7,7,12,1,27,0,0,0,27
01/03/2014,DHN,AL,ASO,ES,Federal Contract Tower,7,7,20,26,60,0,0,27,15,42,7,7,47,41,102,34,48,82,184
01/04/2014,DHN,AL,ASO,ES,Federal Contract Tower,7,2,14,0,23,0,2,12,0,14,7,4,26,0,37,22,0,22,59
01/05/2014,DHN,AL,ASO,ES,Federal Contract Tower,7,0,6,4,17,0,0,8,0,8,7,0,14,4,25,10,0,10,35
01/06/2014,DHN,AL,ASO,ES,Federal Contract Tower,4,4,11,20,39,0,0,34,5,39,4,4,45,25,78,10,40,50,128
01/07/2014,DHN,AL,ASO,ES,Federal Contract Tower,8,6,12,25,51,0,0,23,15,38,8,6,35,40,89,8,82,90,179
01/08/2014,DHN,AL,ASO,ES,Federal Contract Tower,7,6,17,78,108,0,0,47,38,85,7,6,64,116,193,84,122,206,399
01/09/2014,DHN,AL,ASO,ES,Federal Contract Tower,8,7,42,59,116,0,0,7,12,19,8,7,49,71,135,14,46,60,195
01/10/2014,DHN,AL,ASO,ES,Federal Contract Tower,4,2,5,2,13,0,0,0,0,0,4,2,5,2,13,0,0,0,13
01/11/2014,DHN,AL,ASO,ES,Federal Contract Tower,5,0,3,0,8,0,0,0,0,0,5,0,3,0,8,0,0,0,8
01/12/2014,DHN,AL,ASO,ES,Federal Contract Tower,7,2,14,7,30,0,1,32,0,33,7,3,46,7,63,32,0,32,95
01/13/2014,DHN,AL,ASO,ES,Federal Contract Tower,7,6,28,100,141,0,2,27,21,50,7,8,55,121,191,48,122,170,361
01/14/2014,DHN,AL,ASO,ES,Federal Contract Tower,6,4,28,78,116,0,1,29,28,58,6,5,57,106,174,68,128,196,370
01/15/2014,DHN,AL,ASO,ES,Federal Contract Tower,7,4,26,65,102,0,0,33,34,67,7,4,59,99,169,68,152,220,389
01/16/2014,DHN,AL,ASO,ES,Federal Contract Tower,8,4,34,38,84,0,0,41,56,97,8,4,75,94,181,48,178,226,407
01/17/2014,DHN,AL,ASO,ES,Federal Contract Tower,7,4,20,28,59,0,0,29,28,57,7,4,49,56,116,36,74,110,226
01/18/2014,DHN,AL,ASO,ES,Federal Contract Tower,5,0,17,1,23,0,1,18,0,19,5,1,35,1,42,20,0,20,62
01/19/2014,DHN,AL,ASO,ES,Federal Contract Tower,4,3,8,3,18,0,1,18,1,20,4,4,26,4,38,0,0,0,38
01/20/2014,DHN,AL,ASO,ES,Federal Contract Tower,4,3,14,0,21,0,2,26,0,28,4,5,40,0,49,30,0,30,79
01/21/2014,DHN,AL,ASO,ES,Federal Contract Tower,7,5,27,67,106,0,0,12,14,26,7,5,39,81,132,36,30,66,198
01/22/2014,DHN,AL,ASO,ES,Federal Contract Tower,7,4,32,65,108,0,0,23,15,38,7,4,55,80,146,38,66,104,250
01/23/2014,DHN,AL,ASO,ES,Federal Contract Tower,7,6,32,46,91,0,0,21,22,43,7,6,53,68,134,32,64,96,230
01/24/2014,DHN,AL,ASO,ES,Federal Contract Tower,7,6,29,61,103,0,0,39,33,72,7,6,68,94,175,32,56,88,263
01/25/2014,DHN,AL,ASO,ES,Federal Contract Tower,5,0,3,0,8,0,0,17,0,17,5,0,20,0,25,8,0,8,33
01/26/2014,DHN,AL,ASO,ES,Federal Contract Tower,7,0,7,11,25,0,2,20,0,22,7,2,27,11,47,38,0,38,85
01/27/2014,DHN,AL,ASO,ES,Federal Contract Tower,9,5,26,117,157,0,0,21,12,33,9,5,47,129,190,34,52,86,276
01/28/2014,DHN,AL,ASO,ES,Federal Contract Tower,0,0,3,2,5,0,0,3,4,7,0,0,6,6,12,0,0,0,12
01/29/2014,DHN,AL,ASO,ES,Federal Contract Tower,0,0,4,0,4,0,0,3,0,3,0,0,7,0,7,0,0,0,7
01/30/2014,DHN,AL,ASO,ES,Federal Contract Tower,7,4,29,8,48,0,0,7,5,12,7,4,36,13,60,0,0,0,60
01/31/2014,DHN,AL,ASO,ES,Federal Contract Tower,4,5,37,57,103,0,0,21,24,45,4,5,58,81,148,24,100,124,272
02/01/2014,DHN,AL,ASO,ES,Federal Contract Tower,3,0,32,12,47,0,1,11,0,12,3,1,43,12,59,38,6,44,103
02/02/2014,DHN,AL,ASO,ES,Federal Contract Tower,5,0,8,2,15,0,0,13,0,13,5,0,21,2,28,20,0,20,48
02/03/2014,DHN,AL,ASO,ES,Federal Contract Tower,7,10,48,69,134,0,0,5,2,7,7,10,53,71,141,22,6,28,169
02/04/2014,DHN,AL,ASO,ES,Federal Contract Tower,7,4,43,42,96,0,0,4,5,9,7,4,47,47,105,56,26,82,187
02/05/2014,DHN,AL,ASO,ES,Federal Contract Tower,6,4,33,69,112,0,0,40,17,57,6,4,73,86,169,112,20,132,301
02/06/2014,DHN,AL,ASO,ES,Federal Contract Tower,7,5,35,54,101,0,0,48,15,63,7,5,83,69,164,86,22,108,272
02/07/2014,DHN,AL,ASO,ES,Federal Contract Tower,7,4,39,59,109,0,0,31,28,59,7,4,70,87,168,52,94,146,314
02/08/2014,DHN,AL,ASO,ES,Federal Contract Tower,6,0,17,0,23,0,6,28,0,34,6,6,45,0,57,34,0,34,91
02/09/2014,DHN,AL,ASO,ES,Federal Contract Tower,5,1,18,2,26,0,2,44,0,46,5,3,62,2,72,52,0,52,124
02/10/2014,DHN,AL,ASO,ES,Federal Contract Tower,7,6,37,59,109,0,0,26,17,43,7,6,63,76,152,58,94,152,304
02/11/2014,DHN,AL,ASO,ES,Federal Contract Tower,4,4,41,77,126,0,0,1,0,1,4,4,42,77,127,0,0,0,127
02/12/2014,DHN,AL,ASO,ES,Federal Contract Tower,1,4,8,2,15,0,0,0,0,0,1,4,8,2,15,0,0,0,15
02/13/2014,DHN,AL,ASO,ES,Federal Contract Tower,2,4,40,72,118,0,0,39,27,66,2,4,79,99,184,136,122,258,442
02/14/2014,DHN,AL,ASO,ES,Federal Contract Tower,8,4,29,63,104,0,0,62,31,93,8,4,91,94,197,82,122,204,401
02/15/2014,DHN,AL,ASO,ES,Federal Contract Tower,5,0,12,8,25,0,0,10,0,10,5,0,22,8,35,0,0,0,35
02/16/2014,DHN,AL,ASO,ES,Federal Contract Tower,4,0,7,0,11,0,0,19,0,19,4,0,26,0,30,20,0,20,50
02/17/2014,DHN,AL,ASO,ES,Federal Contract Tower,7,4,20,0,31,0,0,18,0,18,7,4,38,0,49,8,0,8,57
02/18/2014,DHN,AL,ASO,ES,Federal Contract Tower,7,3,27,77,114,0,0,7,10,17,7,3,34,87,131,26,62,88,219
02/19/2014,DHN,AL,ASO,ES,Federal Contract Tower,7,6,19,73,105,0,0,32,21,53,7,6,51,94,158,60,100,160,318
02/20/2014,DHN,AL,ASO,ES,Federal Contract Tower,7,9,52,83,151,0,4,25,20,49,7,13,77,103,200,20,74,94,294
02/21/2014,DHN,AL,ASO,ES,Federal Contract Tower,8,4,12,39,63,0,0,35,30,65,8,4,47,69,128,34,72,106,234
02/22/2014,DHN,AL,ASO,ES,Federal Contract Tower,6,2,11,0,19,0,0,13,4,17,6,2,24,4,36,26,2,28,64
02/23/2014,DHN,AL,ASO,ES,Federal Contract Tower,7,0,7,2,16,0,0,2,0,2,7,0,9,2,18,0,0,0,18
02/24/2014,DHN,AL,ASO,ES,Federal Contract Tower,7,4,32,52,95,0,0,41,4,45,7,4,73,56,140,66,24,90,230
02/25/2014,DHN,AL,ASO,ES,Federal Contract Tower,7,5,37,55,104,0,0,30,15,45,7,5,67,70,149,70,48,118,267
02/26/2014,DHN,AL,ASO,ES,Federal Contract Tower,7,6,41,117,171,0,0,2,8,10,7,6,43,125,181,24,20,44,225
02/27/2014,DHN,AL,ASO,ES,Federal Contract Tower,7,5,18,57,87,0,0,53,31,84,7,5,71,88,171,96,142,238,409
02/28/2014,DHN,AL,ASO,ES,Federal Contract Tower,7,6,12,33,58,0,0,55,25,80,7,6,67,58,138,112,108,220,358
03/01/2014,DHN,AL,ASO,ES,Federal Contract Tower,5,0,10,0,15,0,0,17,8,25,5,0,27,8,40,12,0,12,52
03/02/2014,DHN,AL,ASO,ES,Federal Contract Tower,7,0,7,4,18,0,0,16,0,16,7,0,23,4,34,10,0,10,44
03/03/2014,DHN,AL,ASO,ES,Federal Contract Tower,10,7,32,65,114,0,0,19,12,31,10,7,51,77,145,32,100,132,277
03/04/2014,DHN,AL,ASO,ES,Federal Contract Tower,7,4,48,65,124,0,0,1,16,17,7,4,49,81,141,10,116,126,267
03/05/2014,DHN,AL,ASO,ES,Federal Contract Tower,7,4,52,53,116,0,0,22,17,39,7,4,74,70,155,26,68,94,249
03/06/2014,DHN,AL,ASO,ES,Federal Contract Tower,6,6,22,56,90,0,0,0,0,0,6,6,22,56,90,0,0,0,90
03/07/2014,DHN,AL,ASO,ES,Federal Contract Tower,6,6,25,67,104,0,0,29,13,42,6,6,54,80,146,26,102,128,274
03/08/2014,DHN,AL,ASO,ES,Federal Contract Tower,5,0,13,10,28,0,2,58,0,60,5,2,71,10,88,66,0,66,154
03/09/2014,DHN,AL,ASO,ES,Federal Contract Tower,7,0,13,14,34,0,0,34,4,38,7,0,47,18,72,32,6,38,110
03/10/2014,DHN,AL,ASO,ES,Federal Contract Tower,7,2,13,74,96,0,2,35,16,53,7,4,48,90,149,34,88,122,271
03/11/2014,DHN,AL,ASO,ES,Federal Contract Tower,8,2,25,77,112,0,0,43,11,54,8,2,68,88,166,46,46,92,258
03/12/2014,DHN,AL,ASO,ES,Federal Contract Tower,8,2,41,91,142,0,0,13,19,32,8,2,54,110,174,34,46,80,254
03/13/2014,DHN,AL,ASO,ES,Federal Contract Tower,7,6,37,62,112,0,2,51,33,86,7,8,88,95,198,92,96,188,386
03/14/2014,DHN,AL,ASO,ES,Federal Contract Tower,7,2,24,49,82,0,4,32,31,67,7,6,56,80,149,82,86,168,317
03/15/2014,DHN,AL,ASO,ES,Federal Contract Tower,5,1,18,0,24,0,0,19,2,21,5,1,37,2,45,26,0,26,71
03/16/2014,DHN,AL,ASO,ES,Federal Contract Tower,6,0,11,0,17,0,0,1,0,1,6,0,12,0,18,0,0,0,18
03/17/2014,DHN,AL,ASO,ES,Federal Contract Tower,6,5,11,24,46,0,0,0,0,0,6,5,11,24,46,0,0,0,46
03/18/2014,DHN,AL,ASO,ES,Federal Contract Tower,7,5,38,50,100,0,0,10,18,28,7,5,48,68,128,6,72,78,206
03/19/2014,DHN,AL,ASO,ES,Federal Contract Tower,7,3,27,71,108,0,0,46,28,74,7,3,73,99,182,70,124,194,376
03/20/2014,DHN,AL,ASO,ES,Federal Contract Tower,7,4,36,52,99,0,6,33,32,71,7,10,69,84,170,50,114,164,334
03/21/2014,DHN,AL,ASO,ES,Federal Contract Tower,6,7,14,64,91,0,0,39,13,52,6,7,53,77,143,52,106,158,301
03/22/2014,DHN,AL,ASO,ES,Federal Contract Tower,5,1,12,1,19,0,0,23,4,27,5,1,35,5,46,12,0,12,58
03/23/2014,DHN,AL,ASO,ES,Federal Contract Tower,5,0,11,2,18,0,0,6,0,6,5,0,17,2,24,2,0,2,26
03/24/2014,DHN,AL,ASO,ES,Federal Contract Tower,7,2,15,65,89,0,2,39,21,62,7,4,54,86,151,38,78,116,267
03/25/2014,DHN,AL,ASO,ES,Federal Contract Tower,7,4,21,78,110,0,0,22,16,38,7,4,43,94,148,26,58,84,232
03/26/2014,DHN,AL,ASO,ES,Federal Contract Tower,7,4,21,85,117,0,0,34,43,77,7,4,55,128,194,58,90,148,342
03/27/2014,DHN,AL,ASO,ES,Federal Contract Tower,7,5,33,38,83,0,1,41,32,74,7,6,74,70,157,84,166,250,407
03/28/2014,DHN,AL,ASO,ES,Federal Contract Tower,7,5,8,21,41,0,0,0,0,0,7,5,8,21,41,0,0,0,41
03/29/2014,DHN,AL,ASO,ES,Federal Contract Tower,5,0,7,0,12,0,0,11,4,15,5,0,18,4,27,8,0,8,35
03/30/2014,DHN,AL,ASO,ES,Federal Contract Tower,7,1,14,4,26,0,0,13,1,14,7,1,27,5,40,6,4,10,50
03/31/2014,DHN,AL,ASO,ES,Federal Contract Tower,7,3,25,45,80,0,2,56,24,82,7,5,81,69,162,62,102,164,326
04/01/2014,DHN,AL,ASO,ES,Federal Contract Tower,5,2,29,56,92,0,0,37,35,72,5,2,66,91,164,66,148,214,378
04/02/2014,DHN,AL,ASO,ES,Federal Contract Tower,7,2,21,46,76,0,0,34,40,74,7,2,55,86,150,12,244,256,406
04/03/2014,DHN,AL,ASO,ES,Federal Contract Tower,7,2,26,53,88,0,2,13,16,31,7,4,39,69,119,2,68,70,189
04/04/2014,DHN,AL,ASO,ES,Federal Contract Tower,7,2,15,63,87,0,0,16,11,27,7,2,31,74,114,12,64,76,190
04/05/2014,DHN,AL,ASO,ES,Federal Contract Tower,5,0,7,4,16,0,4,18,0,22,5,4,25,4,38,0,0,0,38
04/06/2014,DHN,AL,ASO,ES,Federal Contract Tower,4,0,7,1,12,0,0,1,0,1,4,0,8,1,13,0,0,0,13
04/07/2014,DHN,AL,ASO,ES,Federal Contract Tower,9,6,2,22,39,0,0,0,0,0,9,6,2,22,39,0,0,0,39
04/08/2014,DHN,AL,ASO,ES,Federal Contract Tower,7,4,18,64,93,0,0,50,29,79,7,4,68,93,172,68,116,184,356
04/09/2014,DHN,AL,ASO,ES,Federal Contract Tower,7,4,26,52,89,0,0,53,22,75,7,4,79,74,164,77,74,151,315
04/10/2014,DHN,AL,ASO,ES,Federal Contract Tower,7,4,21,40,72,0,0,50,33,83,7,4,71,73,155,62,144,206,361
04/11/2014,DHN,AL,ASO,ES,Federal Contract Tower,7,5,26,49,87,0,0,46,30,76,7,5,72,79,163,90,194,284,447
04/12/2014,DHN,AL,ASO,ES,Federal Contract Tower,5,0,26,13,44,0,0,22,2,24,5,0,48,15,68,26,0,26,94
04/13/2014,DHN,AL,ASO,ES,Federal Contract Tower,7,0,13,0,20,0,0,15,0,15,7,0,28,0,35,22,0,22,57
04/14/2014,DHN,AL,ASO,ES,Federal Contract Tower,6,8,24,72,110,0,0,38,28,66,6,8,62,100,176,94,158,252,428
04/15/2014,DHN,AL,ASO,ES,Federal Contract Tower,7,3,50,53,113,0,0,6,12,18,7,3,56,65,131,34,74,108,239
04/16/2014,DHN,AL,ASO,ES,Federal Contract Tower,8,2,29,60,99,0,4,37,36,77,8,6,66,96,176,40,108,148,324
04/17/2014,DHN,AL,ASO,ES,Federal Contract Tower,10,4,26,44,84,0,2,17,22,41,10,6,43,66,125,24,54,78,203
04/18/2014,DHN,AL,ASO,ES,Federal Contract Tower,8,6,5,38,57,0,0,0,0,0,8,6,5,38,57,0,0,0,57
04/19/2014,DHN,AL,ASO,ES,Federal Contract Tower,4,0,5,0,9,0,0,3,0,3,4,0,8,0,12,0,0,0,12
04/20/2014,DHN,AL,ASO,ES,Federal Contract Tower,7,3,8,0,18,0,0,10,2,12,7,3,18,2,30,6,0,6,36
04/21/2014,DHN,AL,ASO,ES,Federal Contract Tower,7,2,14,42,65,0,2,53,5,60,7,4,67,47,125,54,12,66,191
04/22/2014,DHN,AL,ASO,ES,Federal Contract Tower,8,2,16,96,122,0,0,52,3,55,8,2,68,99,177,46,6,52,229
04/23/2014,DHN,AL,ASO,ES,Federal Contract Tower,7,2,29,75,113,0,0,49,16,65,7,2,78,91,178,70,42,112,290
04/24/2014,DHN,AL,ASO,ES,Federal Contract Tower,7,2,37,35,81,0,0,53,20,73,7,2,90,55,154,96,90,186,340
04/25/2014,DHN,AL,ASO,ES,Federal Contract Tower,7,2,51,74,134,0,0,24,17,41,7,2,75,91,175,46,61,107,282
04/26/2014,DHN,AL,ASO,ES,Federal Contract Tower,5,1,18,2,26,0,0,35,0,35,5,1,53,2,61,12,0,12,73
04/27/2014,DHN,AL,ASO,ES,Federal Contract Tower,6,2,13,7,28,0,0,48,1,49,6,2,61,8,77,46,0,46,123
04/28/2014,DHN,AL,ASO,ES,Federal Contract Tower,7,2,42,48,99,0,0,11,24,35,7,2,53,72,134,68,70,138,272
04/29/2014,DHN,AL,ASO,ES,Federal Contract Tower,7,5,25,11,48,0,0,41,27,68,7,5,66,38,116,126,98,224,340
04/30/2014,DHN,AL,ASO,ES,Federal Contract Tower,7,3,38,25,73,0,0,11,13,24,7,3,49,38,97,28,48,76,173
05/01/2014,DHN,AL,ASO,ES,Federal Contract Tower,8,4,24,30,66,0,0,34,36,70,8,4,58,66,136,24,140,164,300
05/02/2014,DHN,AL,ASO,ES,Federal Contract Tower,8,6,15,44,73,0,1,32,27,60,8,7,47,71,133,36,78,114,247
05/03/2014,DHN,AL,ASO,ES,Federal Contract Tower,6,1,20,32,59,0,0,21,0,21,6,1,41,32,80,24,0,24,104
05/04/2014,DHN,AL,ASO,ES,Federal Contract Tower,5,2,16,0,23,0,0,15,4,19,5,2,31,4,42,26,0,26,68
05/05/2014,DHN,AL,ASO,ES,Federal Contract Tower,6,4,12,69,91,0,1,50,16,67,6,5,62,85,158,48,64,112,270
05/06/2014,DHN,AL,ASO,ES,Federal Contract Tower,7,4,22,80,113,0,0,51,17,68,7,4,73,97,181,58,64,122,303
05/07/2014,DHN,AL,ASO,ES,Federal Contract Tower,8,3,13,109,133,0,5,54,54,113,8,8,67,163,246,80,116,196,442
05/08/2014,DHN,AL,ASO,ES,Federal Contract Tower,7,4,13,92,116,0,0,37,47,84,7,4,50,139,200,60,204,264,464
05/09/2014,DHN,AL,ASO,ES,Federal Contract Tower,7,6,20,85,118,0,0,40,38,78,7,6,60,123,196,84,136,220,416
05/10/2014,DHN,AL,ASO,ES,Federal Contract Tower,4,0,1,3,8,0,0,9,1,10,4,0,10,4,18,12,0,12,30
05/11/2014,DHN,AL,ASO,ES,Federal Contract Tower,7,0,4,2,13,0,0,9,0,9,7,0,13,2,22,2,0,2,24
05/12/2014,DHN,AL,ASO,ES,Federal Contract Tower,7,7,22,41,77,0,0,29,26,55,7,7,51,67,132,90,102,192,324
05/13/2014,DHN,AL,ASO,ES,Federal Contract Tower,7,4,23,51,85,0,0,38,32,70,7,4,61,83,155,58,150,208,363
05/14/2014,DHN,AL,ASO,ES,Federal Contract Tower,6,4,29,50,89,0,0,35,38,73,6,4,64,88,162,36,120,156,318
05/15/2014,DHN,AL,ASO,ES,Federal Contract Tower,7,3,48,59,117,0,1,8,18,27,7,4,56,77,144,2,46,48,192
05/16/2014,DHN,AL,ASO,ES,Federal Contract Tower,7,2,25,52,86,0,2,44,20,66,7,4,69,72,152,60,90,150,302
05/17/2014,DHN,AL,ASO,ES,Federal Contract Tower,6,1,9,1,17,0,2,27,5,34,6,3,36,6,51,24,0,24,75
05/18/2014,DHN,AL,ASO,ES,Federal Contract Tower,6,0,15,7,28,0,0,10,0,10,6,0,25,7,38,2,0,2,40
05/19/2014,DHN,AL,ASO,ES,Federal Contract Tower,6,4,23,38,71,0,0,39,25,64,6,4,62,63,135,50,84,134,269
05/20/2014,DHN,AL,ASO,ES,Federal Contract Tower,7,2,19,52,80,0,0,36,13,49,7,2,55,65,129,76,60,136,265
05/21/2014,DHN,AL,ASO,ES,Federal Contract Tower,7,2,29,75,113,0,1,49,30,80,7,3,78,105,193,40,122,162,355
05/22/2014,DHN,AL,ASO,ES,Federal Contract Tower,7,2,31,36,76,0,2,42,37,81,7,4,73,73,157,52,152,204,361
05/23/2014,DHN,AL,ASO,ES,Federal Contract Tower,5,3,24,35,67,0,0,38,36,74,5,3,62,71,141,56,158,214,355
05/24/2014,DHN,AL,ASO,ES,Federal Contract Tower,6,0,12,2,20,0,0,15,3,18,6,0,27,5,38,18,10,28,66
05/25/2014,DHN,AL,ASO,ES,Federal Contract Tower,4,0,11,3,18,0,0,21,0,21,4,0,32,3,39,12,2,14,53
05/26/2014,DHN,AL,ASO,ES,Federal Contract Tower,6,0,9,0,15,0,0,12,0,12,6,0,21,0,27,2,0,2,29
05/27/2014,DHN,AL,ASO,ES,Federal Contract Tower,9,3,48,72,132,0,0,26,14,40,9,3,74,86,172,58,38,96,268
05/28/2014,DHN,AL,ASO,ES,Federal Contract Tower,7,4,27,68,106,0,0,47,27,74,7,4,74,95,180,94,76,170,350
05/29/2014,DHN,AL,ASO,ES,Federal Contract Tower,7,4,22,46,79,0,3,17,18,38,7,7,39,64,117,32,48,80,197
05/30/2014,DHN,AL,ASO,ES,Federal Contract Tower,8,3,19,22,52,0,0,25,15,40,8,3,44,37,92,18,30,48,140
05/31/2014,DHN,AL,ASO,ES,Federal Contract Tower,5,0,10,2,17,0,0,17,2,19,5,0,27,4,36,34,0,34,70
06/01/2014,DHN,AL,ASO,ES,Federal Contract Tower,7,2,11,4,24,0,0,12,0,12,7,2,23,4,36,26,0,26,62
06/02/2014,DHN,AL,ASO,ES,Federal Contract Tower,7,4,17,54,82,0,0,23,3,26,7,4,40,57,108,48,26,74,182
06/03/2014,DHN,AL,ASO,ES,Federal Contract Tower,7,4,31,28,70,0,0,44,3,47,7,4,75,31,117,84,6,90,207
06/04/2014,DHN,AL,ASO,ES,Federal Contract Tower,7,5,35,39,86,0,0,31,4,35,7,5,66,43,121,66,0,66,187
06/05/2014,DHN,AL,ASO,ES,Federal Contract Tower,5,5,38,54,102,0,1,31,11,43,5,6,69,65,145,34,60,94,239
06/06/2014,DHN,AL,ASO,ES,Federal Contract Tower,9,6,14,53,82,0,0,33,25,58,9,6,47,78,140,24,114,138,278
06/07/2014,DHN,AL,ASO,ES,Federal Contract Tower,5,0,12,0,17,0,0,21,2,23,5,0,33,2,40,38,0,38,78
06/08/2014,DHN,AL,ASO,ES,Federal Contract Tower,7,5,9,4,25,0,0,9,0,9,7,5,18,4,34,4,0,4,38
06/09/2014,DHN,AL,ASO,ES,Federal Contract Tower,6,4,11,39,60,0,0,37,47,84,6,4,48,86,144,54,140,194,338
06/10/2014,DHN,AL,ASO,ES,Federal Contract Tower,5,4,28,49,86,0,0,26,19,45,5,4,54,68,131,24,136,160,291
06/11/2014,DHN,AL,ASO,ES,Federal Contract Tower,8,6,17,39,70,0,0,38,31,69,8,6,55,70,139,70,98,168,307
06/12/2014,DHN,AL,ASO,ES,Federal Contract Tower,7,4,19,69,99,0,0,35,33,68,7,4,54,102,167,34,108,142,309
06/13/2014,DHN,AL,ASO,ES,Federal Contract Tower,6,5,23,44,78,0,5,14,20,39,6,10,37,64,117,32,70,102,219
06/14/2014,DHN,AL,ASO,ES,Federal Contract Tower,5,0,17,0,22,0,0,27,2,29,5,0,44,2,51,46,0,46,97
06/15/2014,DHN,AL,ASO,ES,Federal Contract Tower,7,2,14,0,23,0,0,8,2,10,7,2,22,2,33,14,0,14,47
06/16/2014,DHN,AL,ASO,ES,Federal Contract Tower,7,4,7,58,76,0,0,14,8,22,7,4,21,66,98,46,44,90,188
06/17/2014,DHN,AL,ASO,ES,Federal Contract Tower,8,6,13,52,79,0,0,51,16,67,8,6,64,68,146,46,56,102,248
06/18/2014,DHN,AL,ASO,ES,Federal Contract Tower,8,4,24,66,102,0,0,56,23,79,8,4,80,89,181,46,70,116,297
06/19/2014,DHN,AL,ASO,ES,Federal Contract Tower,7,4,24,56,91,0,0,38,23,61,7,4,62,79,152,58,130,188,340
06/20/2014,DHN,AL,ASO,ES,Federal Contract Tower,7,4,19,29,59,0,0,50,8,58,7,4,69,37,117,140,22,162,279
06/21/2014,DHN,AL,ASO,ES,Federal Contract Tower,4,2,6,0,12,0,0,13,0,13,4,2,19,0,25,10,0,10,35
06/22/2014,DHN,AL,ASO,ES,Federal Contract Tower,6,0,8,18,32,0,0,12,2,14,6,0,20,20,46,14,0,14,60
06/23/2014,DHN,AL,ASO,ES,Federal Contract Tower,9,4,15,44,72,0,0,53,17,70,9,4,68,61,142,76,108,184,326
06/24/2014,DHN,AL,ASO,ES,Federal Contract Tower,6,8,43,51,108,0,0,11,8,19,6,8,54,59,127,96,58,154,281
06/25/2014,DHN,AL,ASO,ES,Federal Contract Tower,7,6,18,66,97,0,0,36,25,61,7,6,54,91,158,88,100,188,346
06/26/2014,DHN,AL,ASO,ES,Federal Contract Tower,7,6,48,85,146,0,0,39,26,65,7,6,87,111,211,70,98,168,379
06/27/2014,DHN,AL,ASO,ES,Federal Contract Tower,7,8,24,42,81,0,1,23,34,58,7,9,47,76,139,38,68,106,245
06/28/2014,DHN,AL,ASO,ES,Federal Contract Tower,5,0,14,12,31,0,0,20,2,22,5,0,34,14,53,44,2,46,99
06/29/2014,DHN,AL,ASO,ES,Federal Contract Tower,5,0,13,5,23,0,0,19,4,23,5,0,32,9,46,6,0,6,52
06/30/2014,DHN,AL,ASO,ES,Federal Contract Tower,5,5,18,69,97,0,0,24,23,47,5,5,42,92,144,34,62,96,240
07/01/2014,DHN,AL,ASO,ES,Federal Contract Tower,7,6,18,73,104,0,0,54,10,64,7,6,72,83,168,66,32,98,266
07/02/2014,DHN,AL,ASO,ES,Federal Contract Tower,6,4,23,99,132,0,0,43,20,63,6,4,66,119,195,92,94,186,381
07/03/2014,DHN,AL,ASO,ES,Federal Contract Tower,7,5,23,67,102,0,1,35,31,67,7,6,58,98,169,88,142,230,399
07/04/2014,DHN,AL,ASO,ES,Federal Contract Tower,3,0,5,0,8,0,0,6,0,6,3,0,11,0,14,4,0,4,18
07/05/2014,DHN,AL,ASO,ES,Federal Contract Tower,5,0,2,0,7,0,0,15,0,15,5,0,17,0,22,8,0,8,30
07/06/2014,DHN,AL,ASO,ES,Federal Contract Tower,6,2,10,0,18,0,4,6,0,10,6,6,16,0,28,0,0,0,28
07/07/2014,DHN,AL,ASO,ES,Federal Contract Tower,7,4,21,3,35,0,0,22,5,27,7,4,43,8,62,8,6,14,76
07/08/2014,DHN,AL,ASO,ES,Federal Contract Tower,7,5,41,25,78,0,0,44,23,67,7,5,85,48,145,110,62,172,317
07/09/2014,DHN,AL,ASO,ES,Federal Contract Tower,7,4,41,67,119,0,0,40,15,55,7,4,81,82,174,86,42,128,302
07/10/2014,DHN,AL,ASO,ES,Federal Contract Tower,7,4,27,46,84,0,0,41,29,70,7,4,68,75,154,104,68,172,326
07/11/2014,DHN,AL,ASO,ES,Federal Contract Tower,7,4,29,50,90,0,0,16,14,30,7,4,45,64,120,26,42,68,188
07/12/2014,DHN,AL,ASO,ES,Federal Contract Tower,5,0,22,0,27,0,0,39,0,39,5,0,61,0,66,10,0,10,76
07/13/2014,DHN,AL,ASO,ES,Federal Contract Tower,6,0,17,6,29,0,0,15,0,15,6,0,32,6,44,34,0,34,78
07/14/2014,DHN,AL,ASO,ES,Federal Contract Tower,6,4,16,39,65,0,0,20,16,36,6,4,36,55,101,30,74,104,205
07/15/2014,DHN,AL,ASO,ES,Federal Contract Tower,7,7,11,14,39,0,0,10,3,13,7,7,21,17,52,6,28,34,86
07/16/2014,DHN,AL,ASO,ES,Federal Contract Tower,8,5,35,47,95,0,0,38,7,45,8,5,73,54,140,36,2,38,178
07/17/2014,DHN,AL,ASO,ES,Federal Contract Tower,7,3,23,56,89,0,1,58,16,75,7,4,81,72,164,48,68,116,280
07/18/2014,DHN,AL,ASO,ES,Federal Contract Tower,7,4,15,92,118,0,0,44,25,69,7,4,59,117,187,72,138,210,397
07/19/2014,DHN,AL,ASO,ES,Federal Contract Tower,4,0,11,0,15,0,0,1,4,5,4,0,12,4,20,0,0,0,20
07/20/2014,DHN,AL,ASO,ES,Federal Contract Tower,7,0,15,2,24,0,0,3,0,3,7,0,18,2,27,18,0,18,45
07/21/2014,DHN,AL,ASO,ES,Federal Contract Tower,7,6,39,105,157,0,0,12,18,30,7,6,51,123,187,44,130,174,361
07/22/2014,DHN,AL,ASO,ES,Federal Contract Tower,7,6,26,64,103,0,0,26,22,48,7,6,52,86,151,62,156,218,369
07/23/2014,DHN,AL,ASO,ES,Federal Contract Tower,5,4,21,55,85,0,0,39,22,61,5,4,60,77,146,68,160,228,374
07/24/2014,DHN,AL,ASO,ES,Federal Contract Tower,5,4,35,60,104,0,0,47,47,94,5,4,82,107,198,82,152,234,432
07/25/2014,DHN,AL,ASO,ES,Federal Contract Tower,7,7,17,58,89,0,0,37,26,63,7,7,54,84,152,44,82,126,278
07/26/2014,DHN,AL,ASO,ES,Federal Contract Tower,5,0,17,16,38,0,0,32,128,160,5,0,49,144,198,2,10,12,210
07/27/2014,DHN,AL,ASO,ES,Federal Contract Tower,5,0,12,6,23,0,0,21,2,23,5,0,33,8,46,22,0,22,68
07/28/2014,DHN,AL,ASO,ES,Federal Contract Tower,7,8,8,44,67,0,0,19,21,40,7,8,27,65,107,20,108,128,235
07/29/2014,DHN,AL,ASO,ES,Federal Contract Tower,7,2,9,40,58,0,3,35,19,57,7,5,44,59,115,18,70,88,203
07/30/2014,DHN,AL,ASO,ES,Federal Contract Tower,7,2,16,38,63,0,2,29,23,54,7,4,45,61,117,38,132,170,287
07/31/2014,DHN,AL,ASO,ES,Federal Contract Tower,7,4,18,41,70,0,0,48,24,72,7,4,66,65,142,54,62,116,258
08/01/2014,DHN,AL,ASO,ES,Federal Contract Tower,7,4,14,53,78,0,0,54,33,87,7,4,68,86,165,58,160,218,383
08/02/2014,DHN,AL,ASO,ES,Federal Contract Tower,5,0,9,2,16,0,0,10,0,10,5,0,19,2,26,0,0,0,26
08/03/2014,DHN,AL,ASO,ES,Federal Contract Tower,7,0,12,7,26,0,0,14,1,15,7,0,26,8,41,0,0,0,41
08/04/2014,DHN,AL,ASO,ES,Federal Contract Tower,7,6,28,36,77,0,0,40,19,59,7,6,68,55,136,32,98,130,266
08/05/2014,DHN,AL,ASO,ES,Federal Contract Tower,7,4,16,37,64,0,0,36,19,55,7,4,52,56,119,34,138,172,291
08/06/2014,DHN,AL,ASO,ES,Federal Contract Tower,7,9,20,57,93,0,0,31,24,55,7,9,51,81,148,76,68,144,292
08/07/2014,DHN,AL,ASO,ES,Federal Contract Tower,7,5,34,69,115,0,0,25,26,51,7,5,59,95,166,66,84,150,316
08/08/2014,DHN,AL,ASO,ES,Federal Contract Tower,4,4,30,57,95,0,0,31,32,63,4,4,61,89,158,44,200,244,402
08/09/2014,DHN,AL,ASO,ES,Federal Contract Tower,5,2,4,0,11,0,0,24,4,28,5,2,28,4,39,2,0,2,41
08/10/2014,DHN,AL,ASO,ES,Federal Contract Tower,7,2,8,3,20,0,0,17,3,20,7,2,25,6,40,42,0,42,82
08/11/2014,DHN,AL,ASO,ES,Federal Contract Tower,7,6,20,77,110,0,0,21,15,36,7,6,41,92,146,24,40,64,210
08/12/2014,DHN,AL,ASO,ES,Federal Contract Tower,7,4,31,51,93,0,0,22,11,33,7,4,53,62,126,82,88,170,296
08/13/2014,DHN,AL,ASO,ES,Federal Contract Tower,7,4,18,71,100,0,0,30,23,53,7,4,48,94,153,22,78,100,253
08/14/2014,DHN,AL,ASO,ES,Federal Contract Tower,7,4,31,71,113,0,0,40,16,56,7,4,71,87,169,52,84,136,305
08/15/2014,DHN,AL,ASO,ES,Federal Contract Tower,7,4,21,68,100,0,0,52,12,64,7,4,73,80,164,78,64,142,306
08/16/2014,DHN,AL,ASO,ES,Federal Contract Tower,5,1,20,5,31,0,0,24,5,29,5,1,44,10,60,12,0,12,72
08/17/2014,DHN,AL,ASO,ES,Federal Contract Tower,6,1,10,4,21,0,0,10,4,14,6,1,20,8,35,0,0,0,35
08/18/2014,DHN,AL,ASO,ES,Federal Contract Tower,7,4,39,65,115,0,0,29,8,37,7,4,68,73,152,86,42,128,280
08/19/2014,DHN,AL,ASO,ES,Federal Contract Tower,7,4,42,53,106,0,0,32,11,43,7,4,74,64,149,68,42,110,259
08/20/2014,DHN,AL,ASO,ES,Federal Contract Tower,7,4,22,29,62,0,0,42,15,57,7,4,64,44,119,80,48,128,247
08/21/2014,DHN,AL,ASO,ES,Federal Contract Tower,7,6,26,59,98,0,0,33,20,53,7,6,59,79,151,74,92,166,317
08/22/2014,DHN,AL,ASO,ES,Federal Contract Tower,5,5,29,44,83,0,0,33,12,45,5,5,62,56,128,86,34,120,248
08/23/2014,DHN,AL,ASO,ES,Federal Contract Tower,5,0,12,7,24,0,0,21,0,21,5,0,33,7,45,16,0,16,61
08/24/2014,DHN,AL,ASO,ES,Federal Contract Tower,7,0,8,0,15,0,0,19,0,19,7,0,27,0,34,10,0,10,44
08/25/2014,DHN,AL,ASO,ES,Federal Contract Tower,7,6,24,62,99,0,0,45,29,74,7,6,69,91,173,32,160,192,365
08/26/2014,DHN,AL,ASO,ES,Federal Contract Tower,7,4,19,53,83,0,0,24,34,58,7,4,43,87,141,18,100,118,259
08/27/2014,DHN,AL,ASO,ES,Federal Contract Tower,7,5,23,61,96,0,0,21,19,40,7,5,44,80,136,14,44,58,194
08/28/2014,DHN,AL,ASO,ES,Federal Contract Tower,6,6,26,74,112,0,0,66,17,83,6,6,92,91,195,46,48,94,289
08/29/2014,DHN,AL,ASO,ES,Federal Contract Tower,7,8,21,10,46,0,0,24,19,43,7,8,45,29,89,38,58,96,185
08/30/2014,DHN,AL,ASO,ES,Federal Contract Tower,3,0,7,0,10,0,0,20,0,20,3,0,27,0,30,8,0,8,38
08/31/2014,DHN,AL,ASO,ES,Federal Contract Tower,3,0,3,0,6,0,0,10,2,12,3,0,13,2,18,6,0,6,24
09/01/2014,DHN,AL,ASO,ES,Federal Contract Tower,6,0,18,0,24,0,0,27,5,32,6,0,45,5,56,12,0,12,68
09/02/2014,DHN,AL,ASO,ES,Federal Contract Tower,6,4,27,66,103,0,0,22,38,60,6,4,49,104,163,33,146,179,342
09/03/2014,DHN,AL,ASO,ES,Federal Contract Tower,8,4,28,60,100,0,0,35,23,58,8,4,63,83,158,106,114,220,378
09/04/2014,DHN,AL,ASO,ES,Federal Contract Tower,7,6,30,66,109,0,0,29,30,59,7,6,59,96,168,56,142,198,366
09/05/2014,DHN,AL,ASO,ES,Federal Contract Tower,7,4,40,48,99,0,0,33,14,47,7,4,73,62,146,66,90,156,302
09/06/2014,DHN,AL,ASO,ES,Federal Contract Tower,5,1,5,0,11,0,0,16,2,18,5,1,21,2,29,8,0,8,37
09/07/2014,DHN,AL,ASO,ES,Federal Contract Tower,6,0,14,0,20,0,0,11,2,13,6,0,25,2,33,24,0,24,57
09/08/2014,DHN,AL,ASO,ES,Federal Contract Tower,6,4,42,56,108,0,0,16,23,39,6,4,58,79,147,86,82,168,315
09/09/2014,DHN,AL,ASO,ES,Federal Contract Tower,6,5,45,38,94,0,0,18,16,34,6,5,63,54,128,80,110,190,318
09/10/2014,DHN,AL,ASO,ES,Federal Contract Tower,7,4,41,77,129,0,0,11,11,22,7,4,52,88,151,52,68,120,271
09/11/2014,DHN,AL,ASO,ES,Federal Contract Tower,7,5,17,61,90,0,0,48,10,58,7,5,65,71,148,62,26,88,236
09/12/2014,DHN,AL,ASO,ES,Federal Contract Tower,7,7,11,75,100,0,2,33,14,49,7,9,44,89,149,42,46,88,237
09/13/2014,DHN,AL,ASO,ES,Federal Contract Tower,4,0,7,4,15,0,0,20,0,20,4,0,27,4,35,22,0,22,57
09/14/2014,DHN,AL,ASO,ES,Federal Contract Tower,7,0,11,0,18,0,0,10,0,10,7,0,21,0,28,8,0,8,36
09/15/2014,DHN,AL,ASO,ES,Federal Contract Tower,7,3,13,68,91,0,0,40,20,60,7,3,53,88,151,52,116,168,319
09/16/2014,DHN,AL,ASO,ES,Federal Contract Tower,7,5,28,41,81,0,0,25,21,46,7,5,53,62,127,42,132,174,301
09/17/2014,DHN,AL,ASO,ES,Federal Contract Tower,7,6,61,46,120,0,0,54,13,67,7,6,115,59,187,76,58,134,321
09/18/2014,DHN,AL,ASO,ES,Federal Contract Tower,7,8,27,71,113,0,2,45,29,76,7,10,72,100,189,28,94,122,311
09/19/2014,DHN,AL,ASO,ES,Federal Contract Tower,7,4,38,36,85,0,0,45,23,68,7,4,83,59,153,100,140,240,393
09/20/2014,DHN,AL,ASO,ES,Federal Contract Tower,4,0,16,0,20,0,0,38,48,86,4,0,54,48,106,8,0,8,114
09/21/2014,DHN,AL,ASO,ES,Federal Contract Tower,7,2,15,2,26,0,0,20,4,24,7,2,35,6,50,8,0,8,58
09/22/2014,DHN,AL,ASO,ES,Federal Contract Tower,6,4,20,73,103,0,2,38,26,66,6,6,58,99,169,96,126,222,391
09/23/2014,DHN,AL,ASO,ES,Federal Contract Tower,8,6,35,52,101,0,0,11,20,31,8,6,46,72,132,16,106,122,254
09/24/2014,DHN,AL,ASO,ES,Federal Contract Tower,8,4,29,37,78,0,0,27,26,53,8,4,56,63,131,10,66,76,207
09/25/2014,DHN,AL,ASO,ES,Federal Contract Tower,8,4,18,54,84,0,0,10,10,20,8,4,28,64,104,40,8,48,152
09/26/2014,DHN,AL,ASO,ES,Federal Contract Tower,8,4,30,37,79,0,0,8,1,9,8,4,38,38,88,10,0,10,98
09/27/2014,DHN,AL,ASO,ES,Federal Contract Tower,5,0,6,2,13,0,0,9,0,9,5,0,15,2,22,10,0,10,32
09/28/2014,DHN,AL,ASO,ES,Federal Contract Tower,6,0,8,0,14,0,0,0,0,0,6,0,8,0,14,0,0,0,14
09/29/2014,DHN,AL,ASO,ES,Federal Contract Tower,5,5,28,23,61,0,0,5,11,16,5,5,33,34,77,2,0,2,79
09/30/2014,DHN,AL,ASO,ES,Federal Contract Tower,7,4,37,26,74,0,0,14,1,15,7,4,51,27,89,38,30,68,157
10/01/2014,DHN,AL,ASO,ES,Federal Contract Tower,9,4,30,52,95,0,0,45,6,51,9,4,75,58,146,84,66,150,296
10/02/2014,DHN,AL,ASO,ES,Federal Contract Tower,8,4,24,71,107,0,0,43,22,65,8,4,67,93,172,62,84,146,318
10/03/2014,DHN,AL,ASO,ES,Federal Contract Tower,7,4,40,27,78,0,0,12,0,12,7,4,52,27,90,24,0,24,114
10/04/2014,DHN,AL,ASO,ES,Federal Contract Tower,5,0,6,0,11,0,0,9,2,11,5,0,15,2,22,16,2,18,40
10/05/2014,DHN,AL,ASO,ES,Federal Contract Tower,6,0,7,0,13,0,0,34,0,34,6,0,41,0,47,14,0,14,61
10/06/2014,DHN,AL,ASO,ES,Federal Contract Tower,7,6,21,59,93,0,0,48,17,65,7,6,69,76,158,82,86,168,326
10/07/2014,DHN,AL,ASO,ES,Federal Contract Tower,7,5,16,84,112,0,0,22,30,52,7,5,38,114,164,42,142,184,348
10/08/2014,DHN,AL,ASO,ES,Federal Contract Tower,7,4,27,53,91,0,0,32,29,61,7,4,59,82,152,52,148,200,352
10/09/2014,DHN,AL,ASO,ES,Federal Contract Tower,7,8,28,68,111,0,0,38,32,70,7,8,66,100,181,40,98,138,319
10/10/2014,DHN,AL,ASO,ES,Federal Contract Tower,7,8,18,80,113,0,0,31,12,43,7,8,49,92,156,14,52,66,222
10/11/2014,DHN,AL,ASO,ES,Federal Contract Tower,5,0,15,0,20,0,0,18,0,18,5,0,33,0,38,6,0,6,44
10/12/2014,DHN,AL,ASO,ES,Federal Contract Tower,6,4,13,2,25,0,0,10,0,10,6,4,23,2,35,0,0,0,35
10/13/2014,DHN,AL,ASO,ES,Federal Contract Tower,4,6,8,0,18,0,0,10,0,10,4,6,18,0,28,16,0,16,44
10/14/2014,DHN,AL,ASO,ES,Federal Contract Tower,6,4,17,59,86,0,0,37,2,39,6,4,54,61,125,26,4,30,155
10/15/2014,DHN,AL,ASO,ES,Federal Contract Tower,9,4,15,35,63,0,0,56,27,83,9,4,71,62,146,60,98,158,304
10/16/2014,DHN,AL,ASO,ES,Federal Contract Tower,7,5,36,44,92,0,0,50,34,84,7,5,86,78,176,106,134,240,416
10/17/2014,DHN,AL,ASO,ES,Federal Contract Tower,7,4,29,49,89,0,0,32,29,61,7,4,61,78,150,92,102,194,344
10/18/2014,DHN,AL,ASO,ES,Federal Contract Tower,4,0,9,1,14,0,0,20,1,21,4,0,29,2,35,54,0,54,89
10/19/2014,DHN,AL,ASO,ES,Federal Contract Tower,5,1,7,2,15,0,1,24,2,27,5,2,31,4,42,4,0,4,46
10/20/2014,DHN,AL,ASO,ES,Federal Contract Tower,7,4,22,70,103,0,0,43,29,72,7,4,65,99,175,94,86,180,355
10/21/2014,DHN,AL,ASO,ES,Federal Contract Tower,7,6,27,37,77,0,0,47,17,64,7,6,74,54,141,60,78,138,279
10/22/2014,DHN,AL,ASO,ES,Federal Contract Tower,7,4,16,40,67,0,0,29,23,52,7,4,45,63,119,48,96,144,263
10/23/2014,DHN,AL,ASO,ES,Federal Contract Tower,7,7,23,83,120,0,0,28,36,64,7,7,51,119,184,34,158,192,376
10/24/2014,DHN,AL,ASO,ES,Federal Contract Tower,7,5,23,88,123,0,3,23,13,39,7,8,46,101,162,16,116,132,294
10/25/2014,DHN,AL,ASO,ES,Federal Contract Tower,5,0,8,8,21,0,0,30,8,38,5,0,38,16,59,36,0,36,95
10/26/2014,DHN,AL,ASO,ES,Federal Contract Tower,7,2,11,3,23,0,0,10,1,11,7,2,21,4,34,0,0,0,34
10/27/2014,DHN,AL,ASO,ES,Federal Contract Tower,7,4,18,65,94,0,0,16,33,49,7,4,34,98,143,14,164,178,321
10/28/2014,DHN,AL,ASO,ES,Federal Contract Tower,7,5,23,51,86,0,0,38,14,52,7,5,61,65,138,34,120,154,292
10/29/2014,DHN,AL,ASO,ES,Federal Contract Tower,7,4,20,69,100,0,0,45,20,65,7,4,65,89,165,62,162,224,389
10/30/2014,DHN,AL,ASO,ES,Federal Contract Tower,7,4,17,60,88,0,0,34,13,47,7,4,51,73,135,72,106,178,313
10/31/2014,DHN,AL,ASO,ES,Federal Contract Tower,6,6,26,30,68,0,0,45,13,58,6,6,71,43,126,84,110,194,320
11/01/2014,DHN,AL,ASO,ES,Federal Contract Tower,5,0,8,2,15,0,0,15,0,15,5,0,23,2,30,14,0,14,44
11/02/2014,DHN,AL,ASO,ES,Federal Contract Tower,7,2,17,15,41,0,2,18,2,22,7,4,35,17,63,36,0,36,99
11/03/2014,DHN,AL,ASO,ES,Federal Contract Tower,7,4,19,50,80,0,0,35,26,61,7,4,54,76,141,72,130,202,343
11/04/2014,DHN,AL,ASO,ES,Federal Contract Tower,7,4,27,43,81,0,0,20,28,48,7,4,47,71,129,52,154,206,335
11/05/2014,DHN,AL,ASO,ES,Federal Contract Tower,11,6,23,54,94,0,0,15,35,50,11,6,38,89,144,52,98,150,294
11/06/2014,DHN,AL,ASO,ES,Federal Contract Tower,6,4,40,55,105,0,0,32,25,57,6,4,72,80,162,86,64,150,312
11/07/2014,DHN,AL,ASO,ES,Federal Contract Tower,8,7,10,65,90,0,2,23,8,33,8,9,33,73,123,4,50,54,177
11/08/2014,DHN,AL,ASO,ES,Federal Contract Tower,5,0,4,6,15,0,0,33,0,33,5,0,37,6,48,14,0,14,62
11/09/2014,DHN,AL,ASO,ES,Federal Contract Tower,7,1,9,0,17,0,0,13,0,13,7,1,22,0,30,14,0,14,44
11/10/2014,DHN,AL,ASO,ES,Federal Contract Tower,7,4,9,66,86,0,0,21,7,28,7,4,30,73,114,24,0,24,138
11/11/2014,DHN,AL,ASO,ES,Federal Contract Tower,7,2,23,0,32,0,0,18,0,18,7,2,41,0,50,0,0,0,50
11/12/2014,DHN,AL,ASO,ES,Federal Contract Tower,6,9,20,50,85,0,0,42,6,48,6,9,62,56,133,38,42,80,213
11/13/2014,DHN,AL,ASO,ES,Federal Contract Tower,9,4,41,31,85,0,0,2,4,6,9,4,43,35,91,24,18,42,133
11/14/2014,DHN,AL,ASO,ES,Federal Contract Tower,7,4,25,82,118,0,0,38,33,71,7,4,63,115,189,72,44,116,305
11/15/2014,DHN,AL,ASO,ES,Federal Contract Tower,5,0,6,0,11,0,0,23,7,30,5,0,29,7,41,22,6,28,69
11/16/2014,DHN,AL,ASO,ES,Federal Contract Tower,7,0,15,9,31,0,0,7,2,9,7,0,22,11,40,0,0,0,40
11/17/2014,DHN,AL,ASO,ES,Federal Contract Tower,9,4,44,43,100,0,0,16,16,32,9,4,60,59,132,68,62,130,262
11/18/2014,DHN,AL,ASO,ES,Federal Contract Tower,6,6,33,71,116,0,0,53,24,77,6,6,86,95,193,110,102,212,405
11/19/2014,DHN,AL,ASO,ES,Federal Contract Tower,7,6,13,65,91,0,0,32,30,62,7,6,45,95,153,64,116,180,333
11/20/2014,DHN,AL,ASO,ES,Federal Contract Tower,7,6,27,81,121,0,2,36,26,64,7,8,63,107,185,64,90,154,339
11/21/2014,DHN,AL,ASO,ES,Federal Contract Tower,7,7,18,39,71,0,0,36,31,67,7,7,54,70,138,58,158,216,354
11/22/2014,DHN,AL,ASO,ES,Federal Contract Tower,5,0,10,8,23,0,0,8,6,14,5,0,18,14,37,0,0,0,37
11/23/2014,DHN,AL,ASO,ES,Federal Contract Tower,5,2,3,0,10,0,0,0,0,0,5,2,3,0,10,0,0,0,10
11/24/2014,DHN,AL,ASO,ES,Federal Contract Tower,4,8,29,61,102,0,0,23,90,113,4,8,52,151,215,28,104,132,347
11/25/2014,DHN,AL,ASO,ES,Federal Contract Tower,7,4,25,58,94,0,0,25,9,34,7,4,50,67,128,22,32,54,182
11/26/2014,DHN,AL,ASO,ES,Federal Contract Tower,7,5,20,52,84,0,0,37,12,49,7,5,57,64,133,44,48,92,225
11/27/2014,DHN,AL,ASO,ES,Federal Contract Tower,2,0,2,0,4,0,0,2,0,2,2,0,4,0,6,0,0,0,6
11/28/2014,DHN,AL,ASO,ES,Federal Contract Tower,4,2,12,0,18,0,0,6,0,6,4,2,18,0,24,0,0,0,24
11/29/2014,DHN,AL,ASO,ES,Federal Contract Tower,7,0,5,0,12,0,0,15,0,15,7,0,20,0,27,10,0,10,37
11/30/2014,DHN,AL,ASO,ES,Federal Contract Tower,6,0,12,0,18,0,0,33,4,37,6,0,45,4,55,18,0,18,73
12/01/2014,DHN,AL,ASO,ES,Federal Contract Tower,7,4,17,40,68,0,0,13,13,26,7,4,30,53,94,8,80,88,182
12/02/2014,DHN,AL,ASO,ES,Federal Contract Tower,7,4,15,30,56,0,0,38,12,50,7,4,53,42,106,40,54,94,200
12/03/2014,DHN,AL,ASO,ES,Federal Contract Tower,8,4,28,47,87,0,0,48,23,71,8,4,76,70,158,70,146,216,374
12/04/2014,DHN,AL,ASO,ES,Federal Contract Tower,7,4,27,42,80,0,0,16,25,41,7,4,43,67,121,16,176,192,313
12/05/2014,DHN,AL,ASO,ES,Federal Contract Tower,7,5,35,53,100,0,0,29,28,57,7,5,64,81,157,56,172,228,385
12/06/2014,DHN,AL,ASO,ES,Federal Contract Tower,5,0,12,4,21,0,0,0,0,0,5,0,12,4,21,0,0,0,21
12/07/2014,DHN,AL,ASO,ES,Federal Contract Tower,7,2,26,4,39,0,0,22,0,22,7,2,48,4,61,8,0,8,69
12/08/2014,DHN,AL,ASO,ES,Federal Contract Tower,8,4,28,48,88,0,4,9,13,26,8,8,37,61,114,36,114,150,264
12/09/2014,DHN,AL,ASO,ES,Federal Contract Tower,6,4,23,60,93,0,0,25,23,48,6,4,48,83,141,32,174,206,347
12/10/2014,DHN,AL,ASO,ES,Federal Contract Tower,5,7,32,73,117,0,0,33,23,56,5,7,65,96,173,54,72,126,299
12/11/2014,DHN,AL,ASO,ES,Federal Contract Tower,7,4,29,51,91,0,0,30,11,41,7,4,59,62,132,92,70,162,294
12/12/2014,DHN,AL,ASO,ES,Federal Contract Tower,7,6,19,58,90,0,0,21,13,34,7,6,40,71,124,78,48,126,250
12/13/2014,DHN,AL,ASO,ES,Federal Contract Tower,5,0,20,2,27,0,0,15,4,19,5,0,35,6,46,36,0,36,82
12/14/2014,DHN,AL,ASO,ES,Federal Contract Tower,8,0,16,4,28,0,0,13,0,13,8,0,29,4,41,36,0,36,77
12/15/2014,DHN,AL,ASO,ES,Federal Contract Tower,6,8,21,65,100,0,2,25,18,45,6,10,46,83,145,46,64,110,255
12/16/2014,DHN,AL,ASO,ES,Federal Contract Tower,7,4,12,65,88,0,0,20,4,24,7,4,32,69,112,34,6,40,152
12/17/2014,DHN,AL,ASO,ES,Federal Contract Tower,10,4,11,45,70,0,0,20,24,44,10,4,31,69,114,16,80,96,210
12/18/2014,DHN,AL,ASO,ES,Federal Contract Tower,7,4,16,68,95,0,0,52,16,68,7,4,68,84,163,34,94,128,291
12/19/2014,DHN,AL,ASO,ES,Federal Contract Tower,7,7,18,36,68,0,0,26,14,40,7,7,44,50,108,22,100,122,230
12/20/2014,DHN,AL,ASO,ES,Federal Contract Tower,6,0,13,2,21,0,0,5,0,5,6,0,18,2,26,0,0,0,26
12/21/2014,DHN,AL,ASO,ES,Federal Contract Tower,7,1,12,0,20,0,0,0,0,0,7,1,12,0,20,0,0,0,20
12/22/2014,DHN,AL,ASO,ES,Federal Contract Tower,5,4,9,0,18,0,0,0,0,0,5,4,9,0,18,0,0,0,18
12/23/2014,DHN,AL,ASO,ES,Federal Contract Tower,7,4,1,0,12,0,0,0,0,0,7,4,1,0,12,0,0,0,12
12/24/2014,DHN,AL,ASO,ES,Federal Contract Tower,3,8,4,0,15,0,0,0,0,0,3,8,4,0,15,0,0,0,15
12/25/2014,DHN,AL,ASO,ES,Federal Contract Tower,6,0,1,0,7,0,2,6,0,8,6,2,7,0,15,2,0,2,17
12/26/2014,DHN,AL,ASO,ES,Federal Contract Tower,7,3,9,0,19,0,1,17,0,18,7,4,26,0,37,22,0,22,59
12/27/2014,DHN,AL,ASO,ES,Federal Contract Tower,5,0,7,0,12,0,0,13,0,13,5,0,20,0,25,14,0,14,39
12/28/2014,DHN,AL,ASO,ES,Federal Contract Tower,6,1,10,0,17,0,0,3,0,3,6,1,13,0,20,2,0,2,22
12/29/2014,DHN,AL,ASO,ES,Federal Contract Tower,6,5,7,4,22,0,0,0,0,0,6,5,7,4,22,0,0,0,22
12/30/2014,DHN,AL,ASO,ES,Federal Contract Tower,7,4,20,4,35,0,0,5,0,5,7,4,25,4,40,2,0,2,42
12/31/2014,DHN,AL,ASO,ES,Federal Contract Tower,4,4,7,0,15,0,0,0,0,0,4,4,7,0,15,0,0,0,15
01/01/2015,DHN,AL,ASO,ES,Federal Contract Tower,4,0,11,1,16,0,0,9,0,9,4,0,20,1,25,0,0,0,25
01/02/2015,DHN,AL,ASO,ES,Federal Contract Tower,6,4,10,0,20,0,0,2,0,2,6,4,12,0,22,0,0,0,22
01/03/2015,DHN,AL,ASO,ES,Federal Contract Tower,5,0,10,0,15,0,0,0,0,0,5,0,10,0,15,0,0,0,15
01/04/2015,DHN,AL,ASO,ES,Federal Contract Tower,6,6,6,0,18,0,0,8,0,8,6,6,14,0,26,10,0,10,36
01/05/2015,DHN,AL,ASO,ES,Federal Contract Tower,7,8,18,50,83,0,0,20,10,30,7,8,38,60,113,20,66,86,199
01/06/2015,DHN,AL,ASO,ES,Federal Contract Tower,9,4,35,64,112,0,0,45,17,62,9,4,80,81,174,52,76,128,302
01/07/2015,DHN,AL,ASO,ES,Federal Contract Tower,6,2,23,55,86,0,0,28,17,45,6,2,51,72,131,46,52,98,229
01/08/2015,DHN,AL,ASO,ES,Federal Contract Tower,7,4,16,35,62,0,1,41,16,58,7,5,57,51,120,84,62,146,266
01/09/2015,DHN,AL,ASO,ES,Federal Contract Tower,7,4,29,13,53,0,0,30,2,32,7,4,59,15,85,126,4,130,215
01/10/2015,DHN,AL,ASO,ES,Federal Contract Tower,4,0,15,3,22,0,0,17,4,21,4,0,32,7,43,2,12,14,57
01/11/2015,DHN,AL,ASO,ES,Federal Contract Tower,7,0,15,2,24,0,0,19,0,19,7,0,34,2,43,14,0,14,57
01/12/2015,DHN,AL,ASO,ES,Federal Contract Tower,8,4,7,16,35,0,0,0,0,0,8,4,7,16,35,0,0,0,35
01/13/2015,DHN,AL,ASO,ES,Federal Contract Tower,7,4,47,34,92,0,0,3,0,3,7,4,50,34,95,16,0,16,111
01/14/2015,DHN,AL,ASO,ES,Federal Contract Tower,7,5,68,32,112,0,0,9,4,13,7,5,77,36,125,50,0,50,175
01/15/2015,DHN,AL,ASO,ES,Federal Contract Tower,7,4,40,25,76,0,0,7,1,8,7,4,47,26,84,18,0,18,102
01/16/2015,DHN,AL,ASO,ES,Federal Contract Tower,7,4,25,42,78,0,0,18,12,30,7,4,43,54,108,50,10,60,168
01/17/2015,DHN,AL,ASO,ES,Federal Contract Tower,5,2,16,0,23,0,0,18,0,18,5,2,34,0,41,12,0,12,53
01/18/2015,DHN,AL,ASO,ES,Federal Contract Tower,5,0,6,8,19,0,0,26,4,30,5,0,32,12,49,8,0,8,57
01/19/2015,DHN,AL,ASO,ES,Federal Contract Tower,6,2,18,0,26,0,0,20,0,20,6,2,38,0,46,10,0,10,56
01/20/2015,DHN,AL,ASO,ES,Federal Contract Tower,8,5,23,68,104,0,0,32,3,35,8,5,55,71,139,50,46,96,235
01/21/2015,DHN,AL,ASO,ES,Federal Contract Tower,6,5,18,27,56,0,2,29,10,41,6,7,47,37,97,64,46,110,207
01/22/2015,DHN,AL,ASO,ES,Federal Contract Tower,7,8,17,61,93,0,0,22,15,37,7,8,39,76,130,44,110,154,284
01/23/2015,DHN,AL,ASO,ES,Federal Contract Tower,6,4,8,19,37,0,0,0,0,0,6,4,8,19,37,0,0,0,37
01/24/2015,DHN,AL,ASO,ES,Federal Contract Tower,5,0,14,0,19,0,0,16,4,20,5,0,30,4,39,30,0,30,69
01/25/2015,DHN,AL,ASO,ES,Federal Contract Tower,7,0,11,0,18,0,4,27,0,31,7,4,38,0,49,42,0,42,91
01/26/2015,DHN,AL,ASO,ES,Federal Contract Tower,7,4,21,96,128,0,0,32,15,47,7,4,53,111,175,112,112,224,399
01/27/2015,DHN,AL,ASO,ES,Federal Contract Tower,7,4,14,58,83,0,0,31,17,48,7,4,45,75,131,70,114,184,315
01/28/2015,DHN,AL,ASO,ES,Federal Contract Tower,7,4,21,81,113,0,0,47,31,78,7,4,68,112,191,104,134,238,429
01/29/2015,DHN,AL,ASO,ES,Federal Contract Tower,7,4,21,41,73,0,1,35,20,56,7,5,56,61,129,88,124,212,341
01/30/2015,DHN,AL,ASO,ES,Federal Contract Tower,7,4,32,58,101,0,0,25,24,49,7,4,57,82,150,92,80,172,322
01/31/2015,DHN,AL,ASO,ES,Federal Contract Tower,6,3,12,0,21,0,0,18,0,18,6,3,30,0,39,14,0,14,53
02/01/2015,DHN,AL,ASO,ES,Federal Contract Tower,5,0,5,4,14,0,0,0,0,0,5,0,5,4,14,0,0,0,14
02/02/2015,DHN,AL,ASO,ES,Federal Contract Tower,7,4,33,30,74,0,0,33,9,42,7,4,66,39,116,110,42,152,268
02/03/2015,DHN,AL,ASO,ES,Federal Contract Tower,7,4,30,40,81,0,0,34,10,44,7,4,64,50,125,84,34,118,243
02/04/2015,DHN,AL,ASO,ES,Federal Contract Tower,7,4,29,58,98,0,0,19,11,30,7,4,48,69,128,34,60,94,222
02/05/2015,DHN,AL,ASO,ES,Federal Contract Tower,7,6,36,57,106,0,0,30,17,47,7,6,66,74,153,48,52,100,253
02/06/2015,DHN,AL,ASO,ES,Federal Contract Tower,6,4,36,54,100,0,0,24,12,36,6,4,60,66,136,26,50,76,212
02/07/2015,DHN,AL,ASO,ES,Federal Contract Tower,5,0,14,2,21,0,2,16,0,18,5,2,30,2,39,14,0,14,53
02/08/2015,DHN,AL,ASO,ES,Federal Contract Tower,7,0,17,6,30,0,0,29,2,31,7,0,46,8,61,2,0,2,63
02/09/2015,DHN,AL,ASO,ES,Federal Contract Tower,8,4,19,35,66,0,0,29,17,46,8,4,48,52,112,70,104,174,286
02/10/2015,DHN,AL,ASO,ES,Federal Contract Tower,7,7,35,46,95,0,2,23,15,40,7,9,58,61,135,110,30,140,275
02/11/2015,DHN,AL,ASO,ES,Federal Contract Tower,7,4,15,47,73,0,0,49,10,59,7,4,64,57,132,70,40,110,242
02/12/2015,DHN,AL,ASO,ES,Federal Contract Tower,7,5,17,52,81,0,0,42,9,51,7,5,59,61,132,96,44,140,272
02/13/2015,DHN,AL,ASO,ES,Federal Contract Tower,9,4,23,24,60,0,0,41,19,60,9,4,64,43,120,94,114,208,328
02/14/2015,DHN,AL,ASO,ES,Federal Contract Tower,5,0,10,0,15,0,0,57,0,57,5,0,67,0,72,26,0,26,98
02/15/2015,DHN,AL,ASO,ES,Federal Contract Tower,5,2,8,0,15,0,0,16,0,16,5,2,24,0,31,0,0,0,31
02/16/2015,DHN,AL,ASO,ES,Federal Contract Tower,6,4,12,0,22,0,0,3,0,3,6,4,15,0,25,0,0,0,25
02/17/2015,DHN,AL,ASO,ES,Federal Contract Tower,7,4,45,35,91,0,0,24,11,35,7,4,69,46,126,88,80,168,294
02/18/2015,DHN,AL,ASO,ES,Federal Contract Tower,7,5,22,57,91,0,2,27,18,47,7,7,49,75,138,98,90,188,326
02/19/2015,DHN,AL,ASO,ES,Federal Contract Tower,7,4,24,83,118,0,0,25,15,40,7,4,49,98,158,88,82,170,328
02/20/2015,DHN,AL,ASO,ES,Federal Contract Tower,1,5,20,40,66,0,0,23,14,37,1,5,43,54,103,20,44,64,167
02/21/2015,DHN,AL,ASO,ES,Federal Contract Tower,1,2,13,1,17,0,0,21,3,24,1,2,34,4,41,0,0,0,41
02/22/2015,DHN,AL,ASO,ES,Federal Contract Tower,8,0,9,4,21,0,0,16,0,16,8,0,25,4,37,4,0,4,41
02/23/2015,DHN,AL,ASO,ES,Federal Contract Tower,7,8,21,41,77,0,0,2,1,3,7,8,23,42,80,0,0,0,80
02/24/2015,DHN,AL,ASO,ES,Federal Contract Tower,7,4,37,6,54,0,0,1,0,1,7,4,38,6,55,0,32,32,87
02/25/2015,DHN,AL,ASO,ES,Federal Contract Tower,4,4,15,34,57,0,0,15,10,25,4,4,30,44,82,16,56,72,154
02/26/2015,DHN,AL,ASO,ES,Federal Contract Tower,6,6,42,70,124,0,0,14,8,22,6,6,56,78,146,84,36,120,266
02/27/2015,DHN,AL,ASO,ES,Federal Contract Tower,7,4,35,52,98,1,1,51,28,81,8,5,86,80,179,86,178,264,443
02/28/2015,DHN,AL,ASO,ES,Federal Contract Tower,5,0,18,0,23,0,0,12,2,14,5,0,30,2,37,6,0,6,43
03/01/2015,DHN,AL,ASO,ES,Federal Contract Tower,10,0,15,0,25,0,0,0,0,0,10,0,15,0,25,0,0,0,25
03/02/2015,DHN,AL,ASO,ES,Federal Contract Tower,7,4,73,52,136,0,0,11,0,11,7,4,84,52,147,54,2,56,203
03/03/2015,DHN,AL,ASO,ES,Federal Contract Tower,7,5,18,42,72,0,0,41,18,59,7,5,59,60,131,100,95,195,326
03/04/2015,DHN,AL,ASO,ES,Federal Contract Tower,9,7,34,62,112,0,0,16,13,29,9,7,50,75,141,34,64,98,239
03/05/2015,DHN,AL,ASO,ES,Federal Contract Tower,6,4,42,62,114,0,1,14,2,17,6,5,56,64,131,18,32,50,181
03/06/2015,DHN,AL,ASO,ES,Federal Contract Tower,7,6,52,67,132,0,0,12,15,27,7,6,64,82,159,18,160,178,337
03/07/2015,DHN,AL,ASO,ES,Federal Contract Tower,5,0,19,2,26,0,2,32,0,34,5,2,51,2,60,38,0,38,98
03/08/2015,DHN,AL,ASO,ES,Federal Contract Tower,7,0,18,0,25,0,0,19,0,19,7,0,37,0,44,32,0,32,76
03/09/2015,DHN,AL,ASO,ES,Federal Contract Tower,7,4,26,89,126,0,0,26,4,30,7,4,52,93,156,14,134,148,304
03/10/2015,DHN,AL,ASO,ES,Federal Contract Tower,7,4,28,48,87,0,0,36,16,52,7,4,64,64,139,36,99,135,274
03/11/2015,DHN,AL,ASO,ES,Federal Contract Tower,7,4,24,27,62,0,0,21,2,23,7,4,45,29,85,56,52,108,193
03/12/2015,DHN,AL,ASO,ES,Federal Contract Tower,7,7,21,55,90,0,0,44,36,80,7,7,65,91,170,76,194,270,440
03/13/2015,DHN,AL,ASO,ES,Federal Contract Tower,7,5,10,6,28,0,0,3,2,5,7,5,13,8,33,0,0,0,33
03/14/2015,DHN,AL,ASO,ES,Federal Contract Tower,5,0,12,0,17,0,2,17,2,21,5,2,29,2,38,4,2,6,44
03/15/2015,DHN,AL,ASO,ES,Federal Contract Tower,7,1,25,2,35,0,0,28,0,28,7,1,53,2,63,28,0,28,91
03/16/2015,DHN,AL,ASO,ES,Federal Contract Tower,6,3,9,59,77,0,1,50,29,80,6,4,59,88,157,68,140,208,365
03/17/2015,DHN,AL,ASO,ES,Federal Contract Tower,7,3,27,43,80,0,1,42,31,74,7,4,69,74,154,52,186,238,392
03/18/2015,DHN,AL,ASO,ES,Federal Contract Tower,7,4,33,37,81,0,0,52,26,78,7,4,85,63,159,62,172,234,393
03/19/2015,DHN,AL,ASO,ES,Federal Contract Tower,7,4,29,67,107,0,0,30,23,53,7,4,59,90,160,86,136,222,382
03/20/2015,DHN,AL,ASO,ES,Federal Contract Tower,7,3,39,48,97,0,0,30,11,41,7,3,69,59,138,46,36,82,220
03/21/2015,DHN,AL,ASO,ES,Federal Contract Tower,5,0,20,1,26,0,0,19,0,19,5,0,39,1,45,8,0,8,53
03/22/2015,DHN,AL,ASO,ES,Federal Contract Tower,7,0,5,2,14,0,0,0,0,0,7,0,5,2,14,0,0,0,14
03/23/2015,DHN,AL,ASO,ES,Federal Contract Tower,7,4,39,59,109,0,0,0,0,0,7,4,39,59,109,0,0,0,109
03/24/2015,DHN,AL,ASO,ES,Federal Contract Tower,8,4,37,66,115,0,0,20,0,20,8,4,57,66,135,12,10,22,157
03/25/2015,DHN,AL,ASO,ES,Federal Contract Tower,7,4,22,47,80,0,0,81,8,89,7,4,103,55,169,82,76,158,327
03/26/2015,DHN,AL,ASO,ES,Federal Contract Tower,8,4,33,25,70,0,0,46,9,55,8,4,79,34,125,69,130,199,324
03/27/2015,DHN,AL,ASO,ES,Federal Contract Tower,7,2,33,45,87,0,1,31,18,50,7,3,64,63,137,76,76,152,289
03/28/2015,DHN,AL,ASO,ES,Federal Contract Tower,5,0,16,14,35,0,0,39,2,41,5,0,55,16,76,52,4,56,132
03/29/2015,DHN,AL,ASO,ES,Federal Contract Tower,7,0,11,6,24,0,0,49,0,49,7,0,60,6,73,24,0,24,97
03/30/2015,DHN,AL,ASO,ES,Federal Contract Tower,7,7,18,48,80,0,0,30,28,58,7,7,48,76,138,62,200,262,400
03/31/2015,DHN,AL,ASO,ES,Federal Contract Tower,7,2,44,61,114,0,1,34,17,52,7,3,78,78,166,62,80,142,308
04/01/2015,DHN,AL,ASO,ES,Federal Contract Tower,7,2,15,44,68,0,1,43,14,58,7,3,58,58,126,104,138,242,368
04/02/2015,DHN,AL,ASO,ES,Federal Contract Tower,7,7,23,48,85,0,0,36,22,58,7,7,59,70,143,72,154,226,369
04/03/2015,DHN,AL,ASO,ES,Federal Contract Tower,7,4,11,79,101,0,2,28,15,45,7,6,39,94,146,0,108,108,254
04/04/2015,DHN,AL,ASO,ES,Federal Contract Tower,5,0,12,0,17,0,0,4,0,4,5,0,16,0,21,24,0,24,45
04/05/2015,DHN,AL,ASO,ES,Federal Contract Tower,6,0,11,0,17,0,0,19,0,19,6,0,30,0,36,44,0,44,80
04/06/2015,DHN,AL,ASO,ES,Federal Contract Tower,7,4,15,54,80,0,2,21,4,27,7,6,36,58,107,68,30,98,205
04/07/2015,DHN,AL,ASO,ES,Federal Contract Tower,7,3,26,43,79,0,1,49,10,60,7,4,75,53,139,78,32,110,249
04/08/2015,DHN,AL,ASO,ES,Federal Contract Tower,5,2,24,35,66,0,1,42,2,45,5,3,66,37,111,64,52,116,227
04/09/2015,DHN,AL,ASO,ES,Federal Contract Tower,7,4,27,74,112,0,0,53,16,69,7,4,80,90,181,94,62,156,337
04/10/2015,DHN,AL,ASO,ES,Federal Contract Tower,7,5,33,40,85,0,0,19,11,30,7,5,52,51,115,74,30,104,219
04/11/2015,DHN,AL,ASO,ES,Federal Contract Tower,5,0,4,1,10,0,0,14,0,14,5,0,18,1,24,28,0,28,52
04/12/2015,DHN,AL,ASO,ES,Federal Contract Tower,6,0,6,4,16,0,0,6,0,6,6,0,12,4,22,12,0,12,34
04/13/2015,DHN,AL,ASO,ES,Federal Contract Tower,7,9,51,56,123,0,0,11,2,13,7,9,62,58,136,56,14,70,206
04/14/2015,DHN,AL,ASO,ES,Federal Contract Tower,7,8,21,61,97,0,0,6,13,19,7,8,27,74,116,34,92,126,242
04/15/2015,DHN,AL,ASO,ES,Federal Contract Tower,6,3,38,53,100,0,1,13,5,19,6,4,51,58,119,70,106,176,295
04/16/2015,DHN,AL,ASO,ES,Federal Contract Tower,6,4,43,58,111,0,0,0,0,0,6,4,43,58,111,0,24,24,135
04/17/2015,DHN,AL,ASO,ES,Federal Contract Tower,7,3,33,53,96,0,1,2,2,5,7,4,35,55,101,0,0,0,101
04/18/2015,DHN,AL,ASO,ES,Federal Contract Tower,6,0,14,2,22,0,0,6,2,8,6,0,20,4,30,6,0,6,36
04/19/2015,DHN,AL,ASO,ES,Federal Contract Tower,7,0,7,0,14,0,0,1,0,1,7,0,8,0,15,0,0,0,15
04/20/2015,DHN,AL,ASO,ES,Federal Contract Tower,7,3,24,63,97,0,1,13,6,20,7,4,37,69,117,10,6,16,133
04/21/2015,DHN,AL,ASO,ES,Federal Contract Tower,7,3,32,35,77,0,1,64,16,81,7,4,96,51,158,88,102,190,348
04/22/2015,DHN,AL,ASO,ES,Federal Contract Tower,7,3,25,59,94,0,0,44,21,65,7,3,69,80,159,54,106,160,319
04/23/2015,DHN,AL,ASO,ES,Federal Contract Tower,7,3,33,44,87,0,1,36,32,69,7,4,69,76,156,102,120,222,378
04/24/2015,DHN,AL,ASO,ES,Federal Contract Tower,7,4,15,57,83,0,0,39,22,61,7,4,54,79,144,68,108,176,320
04/25/2015,DHN,AL,ASO,ES,Federal Contract Tower,5,0,8,0,13,0,0,1,2,3,5,0,9,2,16,0,0,0,16
04/26/2015,DHN,AL,ASO,ES,Federal Contract Tower,6,0,17,0,23,0,0,33,0,33,6,0,50,0,56,22,0,22,78
04/27/2015,DHN,AL,ASO,ES,Federal Contract Tower,7,6,32,35,80,2,0,43,35,80,9,6,75,70,160,68,170,238,398
04/28/2015,DHN,AL,ASO,ES,Federal Contract Tower,7,5,36,73,121,0,0,25,9,34,7,5,61,82,155,17,44,61,216
04/29/2015,DHN,AL,ASO,ES,Federal Contract Tower,7,3,32,50,92,0,1,15,15,31,7,4,47,65,123,84,66,150,273
04/30/2015,DHN,AL,ASO,ES,Federal Contract Tower,7,4,40,66,117,0,1,39,19,59,7,5,79,85,176,68,72,140,316
05/01/2015,DHN,AL,ASO,ES,Federal Contract Tower,7,3,14,76,100,0,1,44,7,52,7,4,58,83,152,28,112,140,292
05/02/2015,DHN,AL,ASO,ES,Federal Contract Tower,5,0,8,2,15,0,0,25,2,27,5,0,33,4,42,28,0,28,70
05/03/2015,DHN,AL,ASO,ES,Federal Contract Tower,10,0,12,0,22,0,2,26,0,28,10,2,38,0,50,20,0,20,70
05/04/2015,DHN,AL,ASO,ES,Federal Contract Tower,7,4,14,63,88,0,0,36,2,38,7,4,50,65,126,52,40,92,218
05/05/2015,DHN,AL,ASO,ES,Federal Contract Tower,7,5,23,43,78,0,1,48,7,56,7,6,71,50,134,42,150,192,326
05/06/2015,DHN,AL,ASO,ES,Federal Contract Tower,7,3,32,56,98,0,0,34,6,40,7,3,66,62,138,78,80,158,296
05/07/2015,DHN,AL,ASO,ES,Federal Contract Tower,7,4,32,49,92,0,1,44,24,69,7,5,76,73,161,84,58,142,303
05/08/2015,DHN,AL,ASO,ES,Federal Contract Tower,7,3,28,32,70,0,3,60,39,102,7,6,88,71,172,140,246,386,558
05/09/2015,DHN,AL,ASO,ES,Federal Contract Tower,5,0,21,0,26,0,0,19,0,19,5,0,40,0,45,26,0,26,71
05/10/2015,DHN,AL,ASO,ES,Federal Contract Tower,9,0,17,0,26,0,0,24,0,24,9,0,41,0,50,16,0,16,66
05/11/2015,DHN,AL,ASO,ES,Federal Contract Tower,8,3,39,34,84,0,1,43,24,68,8,4,82,58,152,148,156,304,456
05/12/2015,DHN,AL,ASO,ES,Federal Contract Tower,7,4,29,70,110,0,0,16,16,32,7,4,45,86,142,54,86,140,282
05/13/2015,DHN,AL,ASO,ES,Federal Contract Tower,7,5,38,43,93,0,0,34,23,57,7,5,72,66,150,82,99,181,331
05/14/2015,DHN,AL,ASO,ES,Federal Contract Tower,7,8,23,57,95,0,4,34,17,55,7,12,57,74,150,86,100,186,336
05/15/2015,DHN,AL,ASO,ES,Federal Contract Tower,7,3,33,78,121,0,0,4,40,44,7,3,37,118,165,8,32,40,205
05/16/2015,DHN,AL,ASO,ES,Federal Contract Tower,5,0,13,0,18,0,0,11,2,13,5,0,24,2,31,26,0,26,57
05/17/2015,DHN,AL,ASO,ES,Federal Contract Tower,7,0,16,4,27,0,0,14,2,16,7,0,30,6,43,14,8,22,65
05/18/2015,DHN,AL,ASO,ES,Federal Contract Tower,7,4,32,66,109,0,0,22,6,28,7,4,54,72,137,34,62,96,233
05/19/2015,DHN,AL,ASO,ES,Federal Contract Tower,7,7,25,49,88,0,0,48,13,61,7,7,73,62,149,100,32,132,281
05/20/2015,DHN,AL,ASO,ES,Federal Contract Tower,7,4,31,53,95,0,0,56,7,63,7,4,87,60,158,108,116,224,382
05/21/2015,DHN,AL,ASO,ES,Federal Contract Tower,7,6,37,77,127,0,0,49,7,56,7,6,86,84,183,104,66,170,353
05/22/2015,DHN,AL,ASO,ES,Federal Contract Tower,7,6,28,73,114,0,0,42,32,74,7,6,70,105,188,118,150,268,456
05/23/2015,DHN,AL,ASO,ES,Federal Contract Tower,5,0,5,0,10,0,0,20,0,20,5,0,25,0,30,12,0,12,42
05/24/2015,DHN,AL,ASO,ES,Federal Contract Tower,3,0,13,0,16,0,0,14,0,14,3,0,27,0,30,14,0,14,44
05/25/2015,DHN,AL,ASO,ES,Federal Contract Tower,6,1,7,0,14,0,0,2,0,2,6,1,9,0,16,6,0,6,22
05/26/2015,DHN,AL,ASO,ES,Federal Contract Tower,6,4,29,38,77,0,0,13,2,15,6,4,42,40,92,54,46,100,192
05/27/2015,DHN,AL,ASO,ES,Federal Contract Tower,6,6,42,56,110,0,0,12,14,26,6,6,54,70,136,30,104,134,270
05/28/2015,DHN,AL,ASO,ES,Federal Contract Tower,7,4,28,85,124,0,0,45,18,63,7,4,73,103,187,92,142,234,421
05/29/2015,DHN,AL,ASO,ES,Federal Contract Tower,7,3,27,52,89,0,0,60,18,78,7,3,87,70,167,92,110,202,369
05/30/2015,DHN,AL,ASO,ES,Federal Contract Tower,5,0,13,18,36,0,0,22,8,30,5,0,35,26,66,26,114,140,206
05/31/2015,DHN,AL,ASO,ES,Federal Contract Tower,5,0,3,0,8,0,0,15,0,15,5,0,18,0,23,12,0,12,35
06/01/2015,DHN,AL,ASO,ES,Federal Contract Tower,11,4,32,48,95,0,0,31,13,44,11,4,63,61,139,30,40,70,209
06/02/2015,DHN,AL,ASO,ES,Federal Contract Tower,7,4,20,42,73,0,0,26,15,41,7,4,46,57,114,14,58,72,186
06/03/2015,DHN,AL,ASO,ES,Federal Contract Tower,7,3,22,16,48,0,0,33,6,39,7,3,55,22,87,18,14,32,119
06/04/2015,DHN,AL,ASO,ES,Federal Contract Tower,7,7,23,54,91,0,0,44,7,51,7,7,67,61,142,54,76,130,272
06/05/2015,DHN,AL,ASO,ES,Federal Contract Tower,6,3,15,52,76,0,0,30,18,48,6,3,45,70,124,68,108,176,300
06/06/2015,DHN,AL,ASO,ES,Federal Contract Tower,6,0,8,0,14,0,0,26,0,26,6,0,34,0,40,32,0,32,72
06/07/2015,DHN,AL,ASO,ES,Federal Contract Tower,6,0,24,0,30,0,0,20,0,20,6,0,44,0,50,28,0,28,78
06/08/2015,DHN,AL,ASO,ES,Federal Contract Tower,7,6,30,32,75,0,0,15,12,27,7,6,45,44,102,70,62,132,234
06/09/2015,DHN,AL,ASO,ES,Federal Contract Tower,4,4,21,37,66,0,0,31,17,48,4,4,52,54,114,94,108,202,316
06/10/2015,DHN,AL,ASO,ES,Federal Contract Tower,7,3,29,68,107,0,0,22,20,42,7,3,51,88,149,54,168,222,371
06/11/2015,DHN,AL,ASO,ES,Federal Contract Tower,7,9,34,69,119,0,1,31,26,58,7,10,65,95,177,16,156,172,349
06/12/2015,DHN,AL,ASO,ES,Federal Contract Tower,7,3,20,62,92,0,1,31,22,54,7,4,51,84,146,36,136,172,318
06/13/2015,DHN,AL,ASO,ES,Federal Contract Tower,6,0,16,1,23,0,0,66,0,66,6,0,82,1,89,12,0,12,101
06/14/2015,DHN,AL,ASO,ES,Federal Contract Tower,6,0,6,12,24,0,1,15,4,20,6,1,21,16,44,22,0,22,66
06/15/2015,DHN,AL,ASO,ES,Federal Contract Tower,7,6,26,39,78,0,0,25,25,50,7,6,51,64,128,8,92,100,228
06/16/2015,DHN,AL,ASO,ES,Federal Contract Tower,7,4,11,35,57,0,0,25,13,38,7,4,36,48,95,16,46,62,157
06/17/2015,DHN,AL,ASO,ES,Federal Contract Tower,9,3,26,71,109,0,10,47,12,69,9,13,73,83,178,72,24,96,274
06/18/2015,DHN,AL,ASO,ES,Federal Contract Tower,5,2,20,27,54,0,0,42,19,61,5,2,62,46,115,64,104,168,283
06/19/2015,DHN,AL,ASO,ES,Federal Contract Tower,8,4,35,34,81,0,0,37,24,61,8,4,72,58,142,92,148,240,382
06/20/2015,DHN,AL,ASO,ES,Federal Contract Tower,6,2,8,3,19,0,0,24,3,27,6,2,32,6,46,12,4,16,62
06/21/2015,DHN,AL,ASO,ES,Federal Contract Tower,6,2,8,0,16,0,0,16,0,16,6,2,24,0,32,12,0,12,44
06/22/2015,DHN,AL,ASO,ES,Federal Contract Tower,7,5,24,36,72,0,0,37,11,48,7,5,61,47,120,74,62,136,256
06/23/2015,DHN,AL,ASO,ES,Federal Contract Tower,7,8,38,45,98,0,2,33,17,52,7,10,71,62,150,90,112,202,352
06/24/2015,DHN,AL,ASO,ES,Federal Contract Tower,10,3,52,36,101,0,0,18,13,31,10,3,70,49,132,72,46,118,250
06/25/2015,DHN,AL,ASO,ES,Federal Contract Tower,7,9,52,63,131,0,0,32,15,47,7,9,84,78,178,104,84,188,366
06/26/2015,DHN,AL,ASO,ES,Federal Contract Tower,7,2,31,67,107,0,0,29,17,46,7,2,60,84,153,68,112,180,333
06/27/2015,DHN,AL,ASO,ES,Federal Contract Tower,6,2,15,7,30,0,0,12,4,16,6,2,27,11,46,4,2,6,52
06/28/2015,DHN,AL,ASO,ES,Federal Contract Tower,6,0,20,0,26,0,0,17,0,17,6,0,37,0,43,16,0,16,59
06/29/2015,DHN,AL,ASO,ES,Federal Contract Tower,7,2,27,81,117,0,0,33,16,49,7,2,60,97,166,16,98,114,280
06/30/2015,DHN,AL,ASO,ES,Federal Contract Tower,7,2,32,46,87,0,0,9,6,15,7,2,41,52,102,10,38,48,150
07/01/2015,DHN,AL,ASO,ES,Federal Contract Tower,7,2,34,44,87,0,0,59,1,60,7,2,93,45,147,88,32,120,267
07/02/2015,DHN,AL,ASO,ES,Federal Contract Tower,7,3,23,30,63,0,2,40,31,73,7,5,63,61,136,46,192,238,374
07/03/2015,DHN,AL,ASO,ES,Federal Contract Tower,5,0,2,0,7,0,0,6,0,6,5,0,8,0,13,0,0,0,13
07/04/2015,DHN,AL,ASO,ES,Federal Contract Tower,4,0,3,0,7,0,0,4,0,4,4,0,7,0,11,6,0,6,17
07/05/2015,DHN,AL,ASO,ES,Federal Contract Tower,10,0,7,0,17,0,0,0,0,0,10,0,7,0,17,0,0,0,17
07/06/2015,DHN,AL,ASO,ES,Federal Contract Tower,8,4,22,2,36,0,0,23,0,23,8,4,45,2,59,24,0,24,83
07/07/2015,DHN,AL,ASO,ES,Federal Contract Tower,7,2,31,44,84,0,0,30,36,66,7,2,61,80,150,34,184,218,368
07/08/2015,DHN,AL,ASO,ES,Federal Contract Tower,7,2,26,61,96,0,0,43,34,77,7,2,69,95,173,66,180,246,419
07/09/2015,DHN,AL,ASO,ES,Federal Contract Tower,7,2,32,47,88,0,0,47,24,71,7,2,79,71,159,48,204,252,411
07/10/2015,DHN,AL,ASO,ES,Federal Contract Tower,7,2,28,46,83,0,0,36,35,71,7,2,64,81,154,96,166,262,416
07/11/2015,DHN,AL,ASO,ES,Federal Contract Tower,6,2,8,8,24,0,0,26,0,26,6,2,34,8,50,6,0,6,56
07/12/2015,DHN,AL,ASO,ES,Federal Contract Tower,6,0,13,9,28,0,0,17,13,30,6,0,30,22,58,10,20,30,88
07/13/2015,DHN,AL,ASO,ES,Federal Contract Tower,7,2,19,54,82,0,0,26,21,47,7,2,45,75,129,62,160,222,351
07/14/2015,DHN,AL,ASO,ES,Federal Contract Tower,7,2,22,63,94,0,1,32,26,59,7,3,54,89,153,60,176,236,389
07/15/2015,DHN,AL,ASO,ES,Federal Contract Tower,7,2,23,56,88,0,0,28,13,41,7,2,51,69,129,26,92,118,247
07/16/2015,DHN,AL,ASO,ES,Federal Contract Tower,7,2,23,40,72,0,0,48,16,64,7,2,71,56,136,62,92,154,290
07/17/2015,DHN,AL,ASO,ES,Federal Contract Tower,7,2,20,41,70,0,0,36,12,48,7,2,56,53,118,78,140,218,336
07/18/2015,DHN,AL,ASO,ES,Federal Contract Tower,5,1,20,0,26,0,0,19,0,19,5,1,39,0,45,16,0,16,61
07/19/2015,DHN,AL,ASO,ES,Federal Contract Tower,5,0,11,6,22,0,0,13,12,25,5,0,24,18,47,0,0,0,47
07/20/2015,DHN,AL,ASO,ES,Federal Contract Tower,7,2,13,49,71,0,0,31,29,60,7,2,44,78,131,36,146,182,313
07/21/2015,DHN,AL,ASO,ES,Federal Contract Tower,7,2,12,43,64,0,0,40,35,75,7,2,52,78,139,36,158,194,333
07/22/2015,DHN,AL,ASO,ES,Federal Contract Tower,7,4,29,34,74,0,0,40,23,63,7,4,69,57,137,54,144,198,335
07/23/2015,DHN,AL,ASO,ES,Federal Contract Tower,7,2,21,48,78,0,0,31,35,66,7,2,52,83,144,80,146,226,370
07/24/2015,DHN,AL,ASO,ES,Federal Contract Tower,8,2,33,54,97,0,0,44,37,81,8,2,77,91,178,72,146,218,396
07/25/2015,DHN,AL,ASO,ES,Federal Contract Tower,6,0,9,2,17,0,0,22,0,22,6,0,31,2,39,4,0,4,43
07/26/2015,DHN,AL,ASO,ES,Federal Contract Tower,6,0,11,0,17,0,0,12,0,12,6,0,23,0,29,30,0,30,59
07/27/2015,DHN,AL,ASO,ES,Federal Contract Tower,6,2,18,68,94,0,0,35,13,48,6,2,53,81,142,52,76,128,270
07/28/2015,DHN,AL,ASO,ES,Federal Contract Tower,7,6,22,59,94,0,0,31,11,42,7,6,53,70,136,26,92,118,254
07/29/2015,DHN,AL,ASO,ES,Federal Contract Tower,7,2,21,78,108,0,0,33,6,39,7,2,54,84,147,58,76,134,281
07/30/2015,DHN,AL,ASO,ES,Federal Contract Tower,9,4,38,58,109,0,0,42,17,59,9,4,80,75,168,24,126,150,318
07/31/2015,DHN,AL,ASO,ES,Federal Contract Tower,7,2,10,49,68,0,0,41,11,52,7,2,51,60,120,16,68,84,204
08/01/2015,DHN,AL,ASO,ES,Federal Contract Tower,6,0,4,0,10,0,0,12,0,12,6,0,16,0,22,0,0,0,22
08/02/2015,DHN,AL,ASO,ES,Federal Contract Tower,6,0,14,10,30,0,0,12,0,12,6,0,26,10,42,10,0,10,52
08/03/2015,DHN,AL,ASO,ES,Federal Contract Tower,7,2,17,60,86,0,0,24,31,55,7,2,41,91,141,8,130,138,279
08/04/2015,DHN,AL,ASO,ES,Federal Contract Tower,7,2,17,68,94,0,0,26,19,45,7,2,43,87,139,12,118,130,269
08/05/2015,DHN,AL,ASO,ES,Federal Contract Tower,7,1,23,72,103,0,0,29,15,44,7,1,52,87,147,20,82,102,249
08/06/2015,DHN,AL,ASO,ES,Federal Contract Tower,7,2,17,46,72,0,0,42,14,56,7,2,59,60,128,68,128,196,324
08/07/2015,DHN,AL,ASO,ES,Federal Contract Tower,7,4,41,48,100,0,0,33,10,43,7,4,74,58,143,46,48,94,237
08/08/2015,DHN,AL,ASO,ES,Federal Contract Tower,6,0,8,0,14,0,0,37,4,41,6,0,45,4,55,32,0,32,87
08/09/2015,DHN,AL,ASO,ES,Federal Contract Tower,6,0,8,6,20,0,0,18,0,18,6,0,26,6,38,2,0,2,40
08/10/2015,DHN,AL,ASO,ES,Federal Contract Tower,7,4,38,55,104,0,0,40,21,61,7,4,78,76,165,94,78,172,337
08/11/2015,DHN,AL,ASO,ES,Federal Contract Tower,7,2,31,75,115,0,7,33,10,50,7,9,64,85,165,66,106,172,337
08/12/2015,DHN,AL,ASO,ES,Federal Contract Tower,7,5,49,119,180,0,0,43,9,52,7,5,92,128,232,132,102,234,466
08/13/2015,DHN,AL,ASO,ES,Federal Contract Tower,7,4,16,39,66,0,2,43,2,47,7,6,59,41,113,104,16,120,233
08/14/2015,DHN,AL,ASO,ES,Federal Contract Tower,7,4,34,47,92,0,0,36,12,48,7,4,70,59,140,124,88,212,352
08/15/2015,DHN,AL,ASO,ES,Federal Contract Tower,6,0,6,1,13,0,0,25,1,26,6,0,31,2,39,48,2,50,89
08/16/2015,DHN,AL,ASO,ES,Federal Contract Tower,6,2,7,0,15,0,0,11,4,15,6,2,18,4,30,12,0,12,42
08/17/2015,DHN,AL,ASO,ES,Federal Contract Tower,7,2,37,30,76,0,0,17,5,22,7,2,54,35,98,36,40,76,174
08/18/2015,DHN,AL,ASO,ES,Federal Contract Tower,8,2,28,56,94,0,0,18,10,28,8,2,46,66,122,28,40,68,190
08/19/2015,DHN,AL,ASO,ES,Federal Contract Tower,7,0,21,41,69,0,0,20,4,24,7,0,41,45,93,38,78,116,209
08/20/2015,DHN,AL,ASO,ES,Federal Contract Tower,7,2,21,62,92,0,0,48,13,61,7,2,69,75,153,76,8,84,237
08/21/2015,DHN,AL,ASO,ES,Federal Contract Tower,7,2,18,74,101,0,0,46,16,62,7,2,64,90,163,88,66,154,317
08/22/2015,DHN,AL,ASO,ES,Federal Contract Tower,5,0,8,14,27,0,0,16,6,22,5,0,24,20,49,24,14,38,87
08/23/2015,DHN,AL,ASO,ES,Federal Contract Tower,6,4,10,0,20,0,0,11,0,11,6,4,21,0,31,20,0,20,51
08/24/2015,DHN,AL,ASO,ES,Federal Contract Tower,7,4,15,85,111,0,0,48,24,72,7,4,63,109,183,92,150,242,425
08/25/2015,DHN,AL,ASO,ES,Federal Contract Tower,8,2,27,83,120,0,0,31,20,51,8,2,58,103,171,62,148,210,381
08/26/2015,DHN,AL,ASO,ES,Federal Contract Tower,6,4,30,69,109,0,0,50,31,81,6,4,80,100,190,62,152,214,404
08/27/2015,DHN,AL,ASO,ES,Federal Contract Tower,8,2,32,45,87,0,0,42,15,57,8,2,74,60,144,108,144,252,396
08/28/2015,DHN,AL,ASO,ES,Federal Contract Tower,6,4,37,39,86,0,0,34,17,51,6,4,71,56,137,102,108,210,347
08/29/2015,DHN,AL,ASO,ES,Federal Contract Tower,5,0,6,0,11,0,0,10,0,10,5,0,16,0,21,24,0,24,45
08/30/2015,DHN,AL,ASO,ES,Federal Contract Tower,6,0,6,4,16,0,2,11,0,13,6,2,17,4,29,8,0,8,37
08/31/2015,DHN,AL,ASO,ES,Federal Contract Tower,8,2,20,59,89,0,0,29,27,56,8,2,49,86,145,56,108,164,309
09/01/2015,DHN,AL,ASO,ES,Federal Contract Tower,7,3,15,31,56,0,0,32,33,65,7,3,47,64,121,20,130,150,271
09/02/2015,DHN,AL,ASO,ES,Federal Contract Tower,7,2,23,31,63,0,0,24,5,29,7,2,47,36,92,36,106,142,234
09/03/2015,DHN,AL,ASO,ES,Federal Contract Tower,7,4,35,44,90,0,0,35,10,45,7,4,70,54,135,72,64,136,271
09/04/2015,DHN,AL,ASO,ES,Federal Contract Tower,12,4,19,0,35,0,0,22,0,22,12,4,41,0,57,4,0,4,61
09/05/2015,DHN,AL,ASO,ES,Federal Contract Tower,3,0,5,0,8,0,0,8,0,8,3,0,13,0,16,8,0,8,24
09/06/2015,DHN,AL,ASO,ES,Federal Contract Tower,3,0,4,2,9,0,0,8,0,8,3,0,12,2,17,0,0,0,17
09/07/2015,DHN,AL,ASO,ES,Federal Contract Tower,7,3,7,0,17,0,0,16,0,16,7,3,23,0,33,0,0,0,33
09/08/2015,DHN,AL,ASO,ES,Federal Contract Tower,7,3,41,67,118,0,0,21,4,25,7,3,62,71,143,54,30,84,227
09/09/2015,DHN,AL,ASO,ES,Federal Contract Tower,5,2,18,59,84,0,0,41,21,62,5,2,59,80,146,58,159,217,363
09/10/2015,DHN,AL,ASO,ES,Federal Contract Tower,4,2,19,31,56,0,0,41,21,62,4,2,60,52,118,94,106,200,318
09/11/2015,DHN,AL,ASO,ES,Federal Contract Tower,5,3,50,91,149,0,0,5,6,11,5,3,55,97,160,10,66,76,236
09/12/2015,DHN,AL,ASO,ES,Federal Contract Tower,3,0,5,0,8,0,0,7,0,7,3,0,12,0,15,0,0,0,15
09/13/2015,DHN,AL,ASO,ES,Federal Contract Tower,7,0,8,3,18,0,0,20,0,20,7,0,28,3,38,4,0,4,42
09/14/2015,DHN,AL,ASO,ES,Federal Contract Tower,7,6,22,111,146,0,4,37,33,74,7,10,59,144,220,50,146,196,416
09/15/2015,DHN,AL,ASO,ES,Federal Contract Tower,7,2,19,59,87,0,0,34,31,65,7,2,53,90,152,56,102,158,310
09/16/2015,DHN,AL,ASO,ES,Federal Contract Tower,7,2,28,43,80,0,0,26,13,39,7,2,54,56,119,76,58,134,253
09/17/2015,DHN,AL,ASO,ES,Federal Contract Tower,7,2,12,72,93,0,2,37,5,44,7,4,49,77,137,22,10,32,169
09/18/2015,DHN,AL,ASO,ES,Federal Contract Tower,9,2,29,42,82,0,2,54,2,58,9,4,83,44,140,56,20,76,216
09/19/2015,DHN,AL,ASO,ES,Federal Contract Tower,5,1,24,8,38,0,0,13,1,14,5,1,37,9,52,10,12,22,74
09/20/2015,DHN,AL,ASO,ES,Federal Contract Tower,7,0,15,2,24,0,0,22,0,22,7,0,37,2,46,16,0,16,62
09/21/2015,DHN,AL,ASO,ES,Federal Contract Tower,9,2,24,46,81,0,2,35,3,40,9,4,59,49,121,102,20,122,243
09/22/2015,DHN,AL,ASO,ES,Federal Contract Tower,7,2,41,63,113,0,0,26,13,39,7,2,67,76,152,58,42,100,252
09/23/2015,DHN,AL,ASO,ES,Federal Contract Tower,6,2,26,44,78,0,0,29,19,48,6,2,55,63,126,26,82,108,234
09/24/2015,DHN,AL,ASO,ES,Federal Contract Tower,7,2,38,83,130,0,4,34,17,55,7,6,72,100,185,92,104,196,381
09/25/2015,DHN,AL,ASO,ES,Federal Contract Tower,7,2,53,96,158,0,0,22,9,31,7,2,75,105,189,60,30,90,279
09/26/2015,DHN,AL,ASO,ES,Federal Contract Tower,5,0,11,2,18,0,2,12,0,14,5,2,23,2,32,24,0,24,56
09/27/2015,DHN,AL,ASO,ES,Federal Contract Tower,7,0,14,10,31,0,0,5,4,9,7,0,19,14,40,22,0,22,62
09/28/2015,DHN,AL,ASO,ES,Federal Contract Tower,8,5,45,67,125,0,0,0,0,0,8,5,45,67,125,0,0,0,125
09/29/2015,DHN,AL,ASO,ES,Federal Contract Tower,7,4,40,77,128,0,0,13,13,26,7,4,53,90,154,24,80,104,258
09/30/2015,DHN,AL,ASO,ES,Federal Contract Tower,7,2,26,44,79,0,0,13,12,25,7,2,39,56,104,4,70,74,178
10/01/2015,DHN,AL,ASO,ES,Federal Contract Tower,7,6,12,73,98,0,0,8,4,12,7,6,20,77,110,6,30,36,146
10/02/2015,DHN,AL,ASO,ES,Federal Contract Tower,7,2,21,36,66,0,0,5,5,10,7,2,26,41,76,2,0,2,78
10/03/2015,DHN,AL,ASO,ES,Federal Contract Tower,5,1,7,0,13,0,0,2,0,2,5,1,9,0,15,0,0,0,15
10/04/2015,DHN,AL,ASO,ES,Federal Contract Tower,7,1,15,2,25,0,0,3,2,5,7,1,18,4,30,8,0,8,38
10/05/2015,DHN,AL,ASO,ES,Federal Contract Tower,7,6,44,57,114,0,0,17,7,24,7,6,61,64,138,30,82,112,250
10/06/2015,DHN,AL,ASO,ES,Federal Contract Tower,7,4,43,62,116,0,0,15,18,33,7,4,58,80,149,34,78,112,261
10/07/2015,DHN,AL,ASO,ES,Federal Contract Tower,7,3,38,68,116,0,0,42,43,85,7,3,80,111,201,54,174,228,429
10/08/2015,DHN,AL,ASO,ES,Federal Contract Tower,7,4,36,110,157,0,4,47,29,80,7,8,83,139,237,66,130,196,433
10/09/2015,DHN,AL,ASO,ES,Federal Contract Tower,7,2,34,48,91,0,0,53,25,78,7,2,87,73,169,82,120,202,371
10/10/2015,DHN,AL,ASO,ES,Federal Contract Tower,5,0,10,0,15,0,0,21,0,21,5,0,31,0,36,10,0,10,46
10/11/2015,DHN,AL,ASO,ES,Federal Contract Tower,7,0,18,0,25,0,0,25,0,25,7,0,43,0,50,26,0,26,76
10/12/2015,DHN,AL,ASO,ES,Federal Contract Tower,6,2,9,0,17,0,1,18,1,20,6,3,27,1,37,10,0,10,47
10/13/2015,DHN,AL,ASO,ES,Federal Contract Tower,6,3,14,36,59,0,0,27,23,50,6,3,41,59,109,50,148,198,307
10/14/2015,DHN,AL,ASO,ES,Federal Contract Tower,7,2,36,35,80,0,0,44,11,55,7,2,80,46,135,78,74,152,287
10/15/2015,DHN,AL,ASO,ES,Federal Contract Tower,7,2,24,38,71,0,0,50,16,66,7,2,74,54,137,104,156,260,397
10/16/2015,DHN,AL,ASO,ES,Federal Contract Tower,9,2,34,28,73,0,0,38,11,49,9,2,72,39,122,40,140,180,302
10/17/2015,DHN,AL,ASO,ES,Federal Contract Tower,5,0,13,0,18,0,2,20,0,22,5,2,33,0,40,16,0,16,56
10/18/2015,DHN,AL,ASO,ES,Federal Contract Tower,8,0,14,6,28,0,0,16,4,20,8,0,30,10,48,22,0,22,70
10/19/2015,DHN,AL,ASO,ES,Federal Contract Tower,7,2,3,44,56,0,0,32,8,40,7,2,35,52,96,10,50,60,156
10/20/2015,DHN,AL,ASO,ES,Federal Contract Tower,7,2,14,64,87,0,0,16,18,34,7,2,30,82,121,34,96,130,251
10/21/2015,DHN,AL,ASO,ES,Federal Contract Tower,7,2,24,86,119,0,0,37,34,71,7,2,61,120,190,40,116,156,346
10/22/2015,DHN,AL,ASO,ES,Federal Contract Tower,7,4,25,88,124,0,2,50,16,68,7,6,75,104,192,104,148,252,444
10/23/2015,DHN,AL,ASO,ES,Federal Contract Tower,10,4,21,72,107,0,0,54,41,95,10,4,75,113,202,74,160,234,436
10/24/2015,DHN,AL,ASO,ES,Federal Contract Tower,5,0,10,8,23,0,0,24,6,30,5,0,34,14,53,8,0,8,61
10/25/2015,DHN,AL,ASO,ES,Federal Contract Tower,8,0,3,10,21,0,0,10,4,14,8,0,13,14,35,6,0,6,41
10/26/2015,DHN,AL,ASO,ES,Federal Contract Tower,6,4,19,55,84,0,0,9,17,26,6,4,28,72,110,22,108,130,240
10/27/2015,DHN,AL,ASO,ES,Federal Contract Tower,7,2,59,55,123,0,0,1,2,3,7,2,60,57,126,0,6,6,132
10/28/2015,DHN,AL,ASO,ES,Federal Contract Tower,7,2,36,49,94,0,0,23,27,50,7,2,59,76,144,34,124,158,302
10/29/2015,DHN,AL,ASO,ES,Federal Contract Tower,7,2,29,34,72,0,0,30,12,42,7,2,59,46,114,72,82,154,268
10/30/2015,DHN,AL,ASO,ES,Federal Contract Tower,7,3,45,41,96,0,0,39,3,42,7,3,84,44,138,108,56,164,302
10/31/2015,DHN,AL,ASO,ES,Federal Contract Tower,5,0,5,0,10,0,0,7,2,9,5,0,12,2,19,0,0,0,19
11/01/2015,DHN,AL,ASO,ES,Federal Contract Tower,8,0,7,3,18,0,0,0,0,0,8,0,7,3,18,0,0,0,18
11/02/2015,DHN,AL,ASO,ES,Federal Contract Tower,6,5,10,17,38,0,0,9,0,9,6,5,19,17,47,26,0,26,73
11/03/2015,DHN,AL,ASO,ES,Federal Contract Tower,7,4,44,49,104,0,0,26,7,33,7,4,70,56,137,44,60,104,241
11/04/2015,DHN,AL,ASO,ES,Federal Contract Tower,7,4,19,54,84,0,0,5,4,9,7,4,24,58,93,0,20,20,113
11/05/2015,DHN,AL,ASO,ES,Federal Contract Tower,10,4,64,87,165,0,0,16,10,26,10,4,80,97,191,40,90,130,321
11/06/2015,DHN,AL,ASO,ES,Federal Contract Tower,7,2,41,144,194,0,2,18,16,36,7,4,59,160,230,56,106,162,392
11/07/2015,DHN,AL,ASO,ES,Federal Contract Tower,5,0,14,0,19,0,0,12,0,12,5,0,26,0,31,20,0,20,51
11/08/2015,DHN,AL,ASO,ES,Federal Contract Tower,7,0,14,2,23,0,0,0,0,0,7,0,14,2,23,0,0,0,23
11/09/2015,DHN,AL,ASO,ES,Federal Contract Tower,7,2,40,49,98,0,0,0,0,0,7,2,40,49,98,0,0,0,98
11/10/2015,DHN,AL,ASO,ES,Federal Contract Tower,7,4,61,64,136,0,0,5,5,10,7,4,66,69,146,14,82,96,242
11/11/2015,DHN,AL,ASO,ES,Federal Contract Tower,7,1,16,1,25,0,1,25,0,26,7,2,41,1,51,14,0,14,65
11/12/2015,DHN,AL,ASO,ES,Federal Contract Tower,7,3,32,62,104,0,2,61,24,87,7,5,93,86,191,70,188,258,449
11/13/2015,DHN,AL,ASO,ES,Federal Contract Tower,8,4,36,42,90,0,0,57,30,87,8,4,93,72,177,82,180,262,439
11/14/2015,DHN,AL,ASO,ES,Federal Contract Tower,5,0,16,2,23,0,0,58,2,60,5,0,74,4,83,32,2,34,117
11/15/2015,DHN,AL,ASO,ES,Federal Contract Tower,7,2,13,3,25,0,0,24,0,24,7,2,37,3,49,16,0,16,65
11/16/2015,DHN,AL,ASO,ES,Federal Contract Tower,7,4,33,52,96,0,0,59,25,84,7,4,92,77,180,92,194,286,466
11/17/2015,DHN,AL,ASO,ES,Federal Contract Tower,7,3,21,63,94,0,1,43,18,62,7,4,64,81,156,92,82,174,330
11/18/2015,DHN,AL,ASO,ES,Federal Contract Tower,7,4,44,35,90,0,0,9,1,10,7,4,53,36,100,22,8,30,130
11/19/2015,DHN,AL,ASO,ES,Federal Contract Tower,6,2,31,75,114,0,0,44,4,48,6,2,75,79,162,32,44,76,238
11/20/2015,DHN,AL,ASO,ES,Federal Contract Tower,7,2,16,63,88,0,0,31,8,39,7,2,47,71,127,44,100,144,271
11/21/2015,DHN,AL,ASO,ES,Federal Contract Tower,5,0,13,0,18,0,0,16,0,16,5,0,29,0,34,96,0,96,130
11/22/2015,DHN,AL,ASO,ES,Federal Contract Tower,5,0,10,2,17,0,0,23,2,25,5,0,33,4,42,66,0,66,108
11/23/2015,DHN,AL,ASO,ES,Federal Contract Tower,5,4,25,69,103,0,1,45,16,62,5,5,70,85,165,92,90,182,347
11/24/2015,DHN,AL,ASO,ES,Federal Contract Tower,7,2,24,70,103,0,2,45,12,59,7,4,69,82,162,62,66,128,290
11/25/2015,DHN,AL,ASO,ES,Federal Contract Tower,5,3,26,43,77,8,0,34,21,63,13,3,60,64,140,46,72,118,258
11/26/2015,DHN,AL,ASO,ES,Federal Contract Tower,4,0,3,0,7,0,0,10,0,10,4,0,13,0,17,22,0,22,39
11/27/2015,DHN,AL,ASO,ES,Federal Contract Tower,4,3,10,0,17,0,2,11,0,13,4,5,21,0,30,0,0,0,30
11/28/2015,DHN,AL,ASO,ES,Federal Contract Tower,7,1,13,0,21,0,0,22,0,22,7,1,35,0,43,14,0,14,57
11/29/2015,DHN,AL,ASO,ES,Federal Contract Tower,8,1,12,2,23,0,0,16,0,16,8,1,28,2,39,8,0,8,47
11/30/2015,DHN,AL,ASO,ES,Federal Contract Tower,7,2,28,41,78,0,0,32,14,46,7,2,60,55,124,138,86,224,348
12/01/2015,DHN,AL,ASO,ES,Federal Contract Tower,7,8,27,75,117,0,0,30,24,54,7,8,57,99,171,96,121,217,388
12/02/2015,DHN,AL,ASO,ES,Federal Contract Tower,7,5,52,96,160,0,0,3,5,8,7,5,55,101,168,2,44,46,214
12/03/2015,DHN,AL,ASO,ES,Federal Contract Tower,7,5,21,45,78,0,0,50,33,83,7,5,71,78,161,104,154,258,419
12/04/2015,DHN,AL,ASO,ES,Federal Contract Tower,7,2,23,72,104,0,0,43,27,70,7,2,66,99,174,52,112,164,338
12/05/2015,DHN,AL,ASO,ES,Federal Contract Tower,5,2,11,6,24,0,2,12,1,15,5,4,23,7,39,20,12,32,71
12/06/2015,DHN,AL,ASO,ES,Federal Contract Tower,7,0,5,0,12,0,4,12,0,16,7,4,17,0,28,0,0,0,28
12/07/2015,DHN,AL,ASO,ES,Federal Contract Tower,7,2,18,87,114,0,0,17,11,28,7,2,35,98,142,20,40,60,202
12/08/2015,DHN,AL,ASO,ES,Federal Contract Tower,7,2,11,56,76,0,5,50,4,59,7,7,61,60,135,140,18,158,293
12/09/2015,DHN,AL,ASO,ES,Federal Contract Tower,6,4,27,66,103,0,0,40,14,54,6,4,67,80,157,108,73,181,338
12/10/2015,DHN,AL,ASO,ES,Federal Contract Tower,7,6,16,49,78,0,0,46,11,57,7,6,62,60,135,76,110,186,321
12/11/2015,DHN,AL,ASO,ES,Federal Contract Tower,7,3,39,34,83,0,0,44,15,59,7,3,83,49,142,140,94,234,376
12/12/2015,DHN,AL,ASO,ES,Federal Contract Tower,6,0,10,2,18,0,0,33,0,33,6,0,43,2,51,50,0,50,101
12/13/2015,DHN,AL,ASO,ES,Federal Contract Tower,7,1,10,3,21,0,0,16,0,16,7,1,26,3,37,24,0,24,61
12/14/2015,DHN,AL,ASO,ES,Federal Contract Tower,8,2,19,61,90,0,0,2,3,5,8,2,21,64,95,8,24,32,127
12/15/2015,DHN,AL,ASO,ES,Federal Contract Tower,7,2,38,42,89,0,2,41,16,59,7,4,79,58,148,71,110,181,329
12/16/2015,DHN,AL,ASO,ES,Federal Contract Tower,7,3,38,46,94,0,0,25,13,38,7,3,63,59,132,62,76,138,270
12/17/2015,DHN,AL,ASO,ES,Federal Contract Tower,7,2,44,53,106,0,0,9,7,16,7,2,53,60,122,32,46,78,200
12/18/2015,DHN,AL,ASO,ES,Federal Contract Tower,7,2,15,51,75,0,0,48,20,68,7,2,63,71,143,74,98,172,315
12/19/2015,DHN,AL,ASO,ES,Federal Contract Tower,5,1,10,0,16,0,0,13,0,13,5,1,23,0,29,30,0,30,59
12/20/2015,DHN,AL,ASO,ES,Federal Contract Tower,7,0,11,0,18,0,0,19,1,20,7,0,30,1,38,18,0,18,56
12/21/2015,DHN,AL,ASO,ES,Federal Contract Tower,7,4,17,5,33,0,0,7,2,9,7,4,24,7,42,4,4,8,50
12/22/2015,DHN,AL,ASO,ES,Federal Contract Tower,8,2,4,0,14,0,0,0,0,0,8,2,4,0,14,0,0,0,14
12/23/2015,DHN,AL,ASO,ES,Federal Contract Tower,6,4,13,0,23,0,0,1,0,1,6,4,14,0,24,0,0,0,24
12/24/2015,DHN,AL,ASO,ES,Federal Contract Tower,3,2,1,0,6,0,0,1,0,1,3,2,2,0,7,0,0,0,7
12/25/2015,DHN,AL,ASO,ES,Federal Contract Tower,4,0,2,0,6,0,0,4,0,4,4,0,6,0,10,0,0,0,10
12/26/2015,DHN,AL,ASO,ES,Federal Contract Tower,4,0,5,0,9,0,0,7,0,7,4,0,12,0,16,14,0,14,30
12/27/2015,DHN,AL,ASO,ES,Federal Contract Tower,7,2,8,0,17,0,0,5,0,5,7,2,13,0,22,6,0,6,28
12/28/2015,DHN,AL,ASO,ES,Federal Contract Tower,7,2,1,0,10,0,0,1,4,5,7,2,2,4,15,0,12,12,27
12/29/2015,DHN,AL,ASO,ES,Federal Contract Tower,7,2,10,2,21,0,0,4,4,8,7,2,14,6,29,12,26,38,67
12/30/2015,DHN,AL,ASO,ES,Federal Contract Tower,7,2,4,0,13,0,0,0,0,0,7,2,4,0,13,0,0,0,13
12/31/2015,DHN,AL,ASO,ES,Federal Contract Tower,4,2,4,0,10,0,0,0,0,0,4,2,4,0,10,0,0,0,10
01/01/2016,DHN,AL,ASO,ES,Federal Contract Tower,6,2,3,0,11,0,0,11,0,11,6,2,14,0,22,12,0,12,34
01/02/2016,DHN,AL,ASO,ES,Federal Contract Tower,5,0,21,0,26,0,0,13,0,13,5,0,34,0,39,18,0,18,57
01/03/2016,DHN,AL,ASO,ES,Federal Contract Tower,7,1,9,0,17,0,0,26,0,26,7,1,35,0,43,4,0,4,47
01/04/2016,DHN,AL,ASO,ES,Federal Contract Tower,8,3,16,35,62,0,0,44,21,65,8,3,60,56,127,24,100,124,251
01/05/2016,DHN,AL,ASO,ES,Federal Contract Tower,7,2,14,72,95,0,3,32,15,50,7,5,46,87,145,28,44,72,217
01/06/2016,DHN,AL,ASO,ES,Federal Contract Tower,7,6,16,60,89,0,5,44,19,68,7,11,60,79,157,50,56,106,263
01/07/2016,DHN,AL,ASO,ES,Federal Contract Tower,7,2,18,44,71,0,0,28,24,52,7,2,46,68,123,22,76,98,221
01/08/2016,DHN,AL,ASO,ES,Federal Contract Tower,7,4,61,101,173,0,0,2,0,2,7,4,63,101,175,0,0,0,175
01/09/2016,DHN,AL,ASO,ES,Federal Contract Tower,5,0,1,0,6,0,0,0,0,0,5,0,1,0,6,0,0,0,6
01/10/2016,DHN,AL,ASO,ES,Federal Contract Tower,7,1,9,2,19,0,0,8,2,10,7,1,17,4,29,16,0,16,45
01/11/2016,DHN,AL,ASO,ES,Federal Contract Tower,7,6,19,45,77,0,0,56,24,80,7,6,75,69,157,112,142,254,411
01/12/2016,DHN,AL,ASO,ES,Federal Contract Tower,7,2,23,48,80,0,0,48,34,82,7,2,71,82,162,108,246,354,516
01/13/2016,DHN,AL,ASO,ES,Federal Contract Tower,6,2,23,62,93,0,0,32,30,62,6,2,55,92,155,68,100,168,323
01/14/2016,DHN,AL,ASO,ES,Federal Contract Tower,6,2,27,49,84,0,0,49,24,73,6,2,76,73,157,80,170,250,407
01/15/2016,DHN,AL,ASO,ES,Federal Contract Tower,7,4,39,97,147,0,0,8,4,12,7,4,47,101,159,6,22,28,187
01/16/2016,DHN,AL,ASO,ES,Federal Contract Tower,4,0,7,1,12,0,0,19,3,22,4,0,26,4,34,14,0,14,48
01/17/2016,DHN,AL,ASO,ES,Federal Contract Tower,3,0,9,0,12,0,2,19,8,29,3,2,28,8,41,0,0,0,41
01/18/2016,DHN,AL,ASO,ES,Federal Contract Tower,8,2,12,1,23,0,0,17,0,17,8,2,29,1,40,10,0,10,50
01/19/2016,DHN,AL,ASO,ES,Federal Contract Tower,8,3,12,74,97,0,0,33,6,39,8,3,45,80,136,52,10,62,198
01/20/2016,DHN,AL,ASO,ES,Federal Contract Tower,10,2,21,91,124,0,0,39,12,51,10,2,60,103,175,50,54,104,279
01/21/2016,DHN,AL,ASO,ES,Federal Contract Tower,7,2,21,26,56,0,0,5,3,8,7,2,26,29,64,10,14,24,88
01/22/2016,DHN,AL,ASO,ES,Federal Contract Tower,7,8,26,42,83,0,0,14,12,26,7,8,40,54,109,16,50,66,175
01/23/2016,DHN,AL,ASO,ES,Federal Contract Tower,5,0,3,4,12,0,0,8,0,8,5,0,11,4,20,22,0,22,42
01/24/2016,DHN,AL,ASO,ES,Federal Contract Tower,7,0,10,2,19,0,0,39,0,39,7,0,49,2,58,46,0,46,104
01/25/2016,DHN,AL,ASO,ES,Federal Contract Tower,8,5,30,77,120,0,0,42,23,65,8,5,72,100,185,56,160,216,401
01/26/2016,DHN,AL,ASO,ES,Federal Contract Tower,7,2,26,50,85,0,0,43,32,75,7,2,69,82,160,60,170,230,390
01/27/2016,DHN,AL,ASO,ES,Federal Contract Tower,8,4,27,99,138,0,0,3,9,12,8,4,30,108,150,10,48,58,208
01/28/2016,DHN,AL,ASO,ES,Federal Contract Tower,7,4,39,59,109,0,0,8,5,13,7,4,47,64,122,24,18,42,164
01/29/2016,DHN,AL,ASO,ES,Federal Contract Tower,7,2,18,68,95,0,0,41,12,53,7,2,59,80,148,72,68,140,288
01/30/2016,DHN,AL,ASO,ES,Federal Contract Tower,3,5,20,1,29,0,0,22,4,26,3,5,42,5,55,32,0,32,87
01/31/2016,DHN,AL,ASO,ES,Federal Contract Tower,7,0,12,3,22,0,0,13,0,13,7,0,25,3,35,36,0,36,71
02/01/2016,DHN,AL,ASO,ES,Federal Contract Tower,7,4,20,104,135,0,0,28,10,38,7,4,48,114,173,24,26,50,223
02/02/2016,DHN,AL,ASO,ES,Federal Contract Tower,7,5,38,80,130,0,0,9,2,11,7,5,47,82,141,20,0,20,161
02/03/2016,DHN,AL,ASO,ES,Federal Contract Tower,7,2,16,32,57,0,0,1,0,1,7,2,17,32,58,0,0,0,58
02/04/2016,DHN,AL,ASO,ES,Federal Contract Tower,7,5,23,147,182,0,0,30,7,37,7,5,53,154,219,74,12,86,305
02/05/2016,DHN,AL,ASO,ES,Federal Contract Tower,7,2,25,62,96,0,0,48,22,70,7,2,73,84,166,76,62,138,304
02/06/2016,DHN,AL,ASO,ES,Federal Contract Tower,5,2,4,8,19,0,0,29,0,29,5,2,33,8,48,46,0,46,94
02/07/2016,DHN,AL,ASO,ES,Federal Contract Tower,6,1,9,2,18,0,0,18,4,22,6,1,27,6,40,20,0,20,60
02/08/2016,DHN,AL,ASO,ES,Federal Contract Tower,7,2,23,48,80,0,0,31,15,46,7,2,54,63,126,32,60,92,218
02/09/2016,DHN,AL,ASO,ES,Federal Contract Tower,7,2,15,46,70,0,0,31,23,54,7,2,46,69,124,22,132,154,278
02/10/2016,DHN,AL,ASO,ES,Federal Contract Tower,7,2,25,65,99,0,2,42,30,74,7,4,67,95,173,52,120,172,345
02/11/2016,DHN,AL,ASO,ES,Federal Contract Tower,7,1,27,45,80,0,4,39,19,62,7,5,66,64,142,40,128,168,310
02/12/2016,DHN,AL,ASO,ES,Federal Contract Tower,7,2,36,49,94,0,2,15,26,43,7,4,51,75,137,76,122,198,335
02/13/2016,DHN,AL,ASO,ES,Federal Contract Tower,1,0,8,0,9,0,0,20,0,20,1,0,28,0,29,2,0,2,31
02/14/2016,DHN,AL,ASO,ES,Federal Contract Tower,3,0,13,0,16,0,0,21,0,21,3,0,34,0,37,0,0,0,37
02/15/2016,DHN,AL,ASO,ES,Federal Contract Tower,6,4,8,0,18,0,0,2,0,2,6,4,10,0,20,0,0,0,20
02/16/2016,DHN,AL,ASO,ES,Federal Contract Tower,7,4,29,60,100,0,0,33,25,58,7,4,62,85,158,66,140,206,364
02/17/2016,DHN,AL,ASO,ES,Federal Contract Tower,7,6,26,77,116,0,1,33,16,50,7,7,59,93,166,50,112,162,328
02/18/2016,DHN,AL,ASO,ES,Federal Contract Tower,7,2,30,43,82,0,0,34,21,55,7,2,64,64,137,58,110,168,305
02/19/2016,DHN,AL,ASO,ES,Federal Contract Tower,6,2,12,36,56,0,3,33,9,45,6,5,45,45,101,54,76,130,231
02/20/2016,DHN,AL,ASO,ES,Federal Contract Tower,5,0,25,1,31,0,0,18,4,22,5,0,43,5,53,30,4,34,87
02/21/2016,DHN,AL,ASO,ES,Federal Contract Tower,7,0,20,5,32,0,0,20,0,20,7,0,40,5,52,34,0,34,86
02/22/2016,DHN,AL,ASO,ES,Federal Contract Tower,7,2,23,25,57,0,0,5,6,11,7,2,28,31,68,32,0,32,100
02/23/2016,DHN,AL,ASO,ES,Federal Contract Tower,7,4,22,11,44,0,0,14,7,21,7,4,36,18,65,48,102,150,215
02/24/2016,DHN,AL,ASO,ES,Federal Contract Tower,6,4,12,19,41,0,0,1,6,7,6,4,13,25,48,0,32,32,80
02/25/2016,DHN,AL,ASO,ES,Federal Contract Tower,5,2,20,35,62,0,4,38,24,66,5,6,58,59,128,66,134,200,328
02/26/2016,DHN,AL,ASO,ES,Federal Contract Tower,5,2,19,31,57,0,0,33,26,59,5,2,52,57,116,100,112,212,328
02/27/2016,DHN,AL,ASO,ES,Federal Contract Tower,2,4,14,0,20,0,2,33,0,35,2,6,47,0,55,30,0,30,85
02/28/2016,DHN,AL,ASO,ES,Federal Contract Tower,5,1,14,0,20,0,0,48,2,50,5,1,62,2,70,14,0,14,84
02/29/2016,DHN,AL,ASO,ES,Federal Contract Tower,5,2,16,22,45,0,2,52,9,63,5,4,68,31,108,96,56,152,260
03/01/2016,DHN,AL,ASO,ES,Federal Contract Tower,5,5,32,86,128,0,0,42,24,66,5,5,74,110,194,66,112,178,372
03/02/2016,DHN,AL,ASO,ES,Federal Contract Tower,7,2,29,47,85,0,0,43,30,73,7,2,72,77,158,82,88,170,328
03/03/2016,DHN,AL,ASO,ES,Federal Contract Tower,6,3,27,31,67,0,0,20,8,28,6,3,47,39,95,64,72,136,231
03/04/2016,DHN,AL,ASO,ES,Federal Contract Tower,7,2,38,49,96,0,0,18,5,23,7,2,56,54,119,52,64,116,235
03/05/2016,DHN,AL,ASO,ES,Federal Contract Tower,4,0,13,4,21,0,0,20,4,24,4,0,33,8,45,14,0,14,59
03/06/2016,DHN,AL,ASO,ES,Federal Contract Tower,7,0,20,0,27,0,2,42,2,46,7,2,62,2,73,34,0,34,107
03/07/2016,DHN,AL,ASO,ES,Federal Contract Tower,7,4,9,68,88,0,0,26,20,46,7,4,35,88,134,12,48,60,194
03/08/2016,DHN,AL,ASO,ES,Federal Contract Tower,7,6,23,70,106,0,0,55,9,64,7,6,78,79,170,96,28,124,294
03/09/2016,DHN,AL,ASO,ES,Federal Contract Tower,7,2,24,34,67,0,0,52,2,54,7,2,76,36,121,100,8,108,229
03/10/2016,DHN,AL,ASO,ES,Federal Contract Tower,7,10,41,86,144,0,0,35,23,58,7,10,76,109,202,94,68,162,364
03/11/2016,DHN,AL,ASO,ES,Federal Contract Tower,7,3,40,71,121,0,0,34,16,50,7,3,74,87,171,84,134,218,389
03/12/2016,DHN,AL,ASO,ES,Federal Contract Tower,5,0,21,0,26,0,0,41,0,41,5,0,62,0,67,16,0,16,83
03/13/2016,DHN,AL,ASO,ES,Federal Contract Tower,7,2,12,6,27,0,4,29,2,35,7,6,41,8,62,28,0,28,90
03/14/2016,DHN,AL,ASO,ES,Federal Contract Tower,7,2,30,61,100,0,0,29,31,60,7,2,59,92,160,20,104,124,284
03/15/2016,DHN,AL,ASO,ES,Federal Contract Tower,7,4,30,67,108,0,0,20,22,42,7,4,50,89,150,66,118,184,334
03/16/2016,DHN,AL,ASO,ES,Federal Contract Tower,7,3,51,105,166,0,2,29,84,115,7,5,80,189,281,36,72,108,389
03/17/2016,DHN,AL,ASO,ES,Federal Contract Tower,7,3,38,41,89,0,0,4,14,18,7,3,42,55,107,8,94,102,209
03/18/2016,DHN,AL,ASO,ES,Federal Contract Tower,7,4,23,33,67,0,0,27,15,42,7,4,50,48,109,16,134,150,259
03/19/2016,DHN,AL,ASO,ES,Federal Contract Tower,4,0,12,5,21,0,0,16,0,16,4,0,28,5,37,10,0,10,47
03/20/2016,DHN,AL,ASO,ES,Federal Contract Tower,7,0,13,0,20,0,0,6,0,6,7,0,19,0,26,34,0,34,60
03/21/2016,DHN,AL,ASO,ES,Federal Contract Tower,7,2,9,56,74,0,0,19,15,34,7,2,28,71,108,4,58,62,170
03/22/2016,DHN,AL,ASO,ES,Federal Contract Tower,8,3,25,72,108,0,0,38,16,54,8,3,63,88,162,36,94,130,292
03/23/2016,DHN,AL,ASO,ES,Federal Contract Tower,9,5,23,76,113,0,0,28,12,40,9,5,51,88,153,34,92,126,279
03/24/2016,DHN,AL,ASO,ES,Federal Contract Tower,7,2,23,52,84,0,0,25,11,36,7,2,48,63,120,92,64,156,276
03/25/2016,DHN,AL,ASO,ES,Federal Contract Tower,7,6,58,108,179,0,0,1,0,1,7,6,59,108,180,0,0,0,180
03/26/2016,DHN,AL,ASO,ES,Federal Contract Tower,6,0,13,0,19,0,0,2,0,2,6,0,15,0,21,0,0,0,21
03/27/2016,DHN,AL,ASO,ES,Federal Contract Tower,8,2,1,0,11,0,0,0,0,0,8,2,1,0,11,0,0,0,11
03/28/2016,DHN,AL,ASO,ES,Federal Contract Tower,8,6,32,56,102,0,0,32,24,56,8,6,64,80,158,58,124,182,340
03/29/2016,DHN,AL,ASO,ES,Federal Contract Tower,8,2,45,45,100,0,0,38,21,59,8,2,83,66,159,62,144,206,365
03/30/2016,DHN,AL,ASO,ES,Federal Contract Tower,8,4,33,66,111,0,0,23,27,50,8,4,56,93,161,82,146,228,389
03/31/2016,DHN,AL,ASO,ES,Federal Contract Tower,8,3,18,11,40,0,0,23,15,38,8,3,41,26,78,42,62,104,182
04/01/2016,DHN,AL,ASO,ES,Federal Contract Tower,7,2,15,26,50,0,0,7,4,11,7,2,22,30,61,16,8,24,85
04/02/2016,DHN,AL,ASO,ES,Federal Contract Tower,5,2,16,0,23,0,0,24,6,30,5,2,40,6,53,24,0,24,77
04/03/2016,DHN,AL,ASO,ES,Federal Contract Tower,7,0,17,0,24,0,0,24,2,26,7,0,41,2,50,10,0,10,60
04/04/2016,DHN,AL,ASO,ES,Federal Contract Tower,7,2,21,56,86,0,0,30,19,49,7,2,51,75,135,56,108,164,299
04/05/2016,DHN,AL,ASO,ES,Federal Contract Tower,7,2,18,42,69,0,0,24,13,37,7,2,42,55,106,34,126,160,266
04/06/2016,DHN,AL,ASO,ES,Federal Contract Tower,7,2,20,71,100,0,0,16,7,23,7,2,36,78,123,0,84,84,207
04/07/2016,DHN,AL,ASO,ES,Federal Contract Tower,7,2,14,98,121,0,0,51,25,76,7,2,65,123,197,92,106,198,395
04/08/2016,DHN,AL,ASO,ES,Federal Contract Tower,8,2,30,14,54,0,0,32,16,48,8,2,62,30,102,78,98,176,278
04/09/2016,DHN,AL,ASO,ES,Federal Contract Tower,5,0,6,5,16,0,0,25,1,26,5,0,31,6,42,18,0,18,60
04/10/2016,DHN,AL,ASO,ES,Federal Contract Tower,7,0,9,9,25,0,0,26,7,33,7,0,35,16,58,6,20,26,84
04/11/2016,DHN,AL,ASO,ES,Federal Contract Tower,7,2,34,95,138,0,0,37,19,56,7,2,71,114,194,104,98,202,396
04/12/2016,DHN,AL,ASO,ES,Federal Contract Tower,7,2,58,48,115,0,0,5,6,11,7,2,63,54,126,46,38,84,210
04/13/2016,DHN,AL,ASO,ES,Federal Contract Tower,6,5,37,23,71,0,0,28,20,48,6,5,65,43,119,76,90,166,285
04/14/2016,DHN,AL,ASO,ES,Federal Contract Tower,7,5,36,54,102,0,0,1,0,1,7,5,37,54,103,0,0,0,103
04/15/2016,DHN,AL,ASO,ES,Federal Contract Tower,7,4,27,22,60,0,0,14,14,28,7,4,41,36,88,34,82,116,204
04/16/2016,DHN,AL,ASO,ES,Federal Contract Tower,5,2,10,8,25,0,0,2,1,3,5,2,12,9,28,0,2,2,30
04/17/2016,DHN,AL,ASO,ES,Federal Contract Tower,7,0,16,6,29,0,6,21,0,27,7,6,37,6,56,34,0,34,90
04/18/2016,DHN,AL,ASO,ES,Federal Contract Tower,7,2,18,32,59,0,0,47,19,66,7,2,65,51,125,106,92,198,323
04/19/2016,DHN,AL,ASO,ES,Federal Contract Tower,6,4,20,43,73,0,0,41,14,55,6,4,61,57,128,98,116,214,342
04/20/2016,DHN,AL,ASO,ES,Federal Contract Tower,7,4,20,27,58,0,0,41,15,56,7,4,61,42,114,62,68,130,244
04/21/2016,DHN,AL,ASO,ES,Federal Contract Tower,7,3,24,35,69,0,0,36,17,53,7,3,60,52,122,52,100,152,274
04/22/2016,DHN,AL,ASO,ES,Federal Contract Tower,6,3,12,9,30,0,0,13,6,19,6,3,25,15,49,20,44,64,113
04/23/2016,DHN,AL,ASO,ES,Federal Contract Tower,5,0,32,0,37,0,0,30,0,30,5,0,62,0,67,16,0,16,83
04/24/2016,DHN,AL,ASO,ES,Federal Contract Tower,10,2,13,0,25,0,0,31,0,31,10,2,44,0,56,28,0,28,84
04/25/2016,DHN,AL,ASO,ES,Federal Contract Tower,7,3,13,51,74,0,0,48,32,80,7,3,61,83,154,64,136,200,354
04/26/2016,DHN,AL,ASO,ES,Federal Contract Tower,7,4,45,50,106,0,0,31,25,56,7,4,76,75,162,74,188,262,424
04/27/2016,DHN,AL,ASO,ES,Federal Contract Tower,6,2,45,38,91,0,0,12,30,42,6,2,57,68,133,40,70,110,243
04/28/2016,DHN,AL,ASO,ES,Federal Contract Tower,7,2,35,62,106,0,0,23,27,50,7,2,58,89,156,76,244,320,476
04/29/2016,DHN,AL,ASO,ES,Federal Contract Tower,7,2,26,37,72,0,2,50,13,65,7,4,76,50,137,120,126,246,383
04/30/2016,DHN,AL,ASO,ES,Federal Contract Tower,3,0,14,2,19,0,0,19,2,21,3,0,33,4,40,20,0,20,60
05/01/2016,DHN,AL,ASO,ES,Federal Contract Tower,6,2,12,6,26,0,0,15,6,21,6,2,27,12,47,26,0,26,73
05/02/2016,DHN,AL,ASO,ES,Federal Contract Tower,7,2,20,97,126,0,0,42,17,59,7,2,62,114,185,88,74,162,347
05/03/2016,DHN,AL,ASO,ES,Federal Contract Tower,6,2,57,81,146,0,0,39,20,59,6,2,96,101,205,78,126,204,409
05/04/2016,DHN,AL,ASO,ES,Federal Contract Tower,5,2,26,63,96,0,0,53,11,64,5,2,79,74,160,116,86,202,362
05/05/2016,DHN,AL,ASO,ES,Federal Contract Tower,7,2,33,91,133,0,0,39,11,50,7,2,72,102,183,64,68,132,315
05/06/2016,DHN,AL,ASO,ES,Federal Contract Tower,7,2,22,57,88,0,0,32,15,47,7,2,54,72,135,58,64,122,257
05/07/2016,DHN,AL,ASO,ES,Federal Contract Tower,5,0,28,0,33,0,2,18,0,20,5,2,46,0,53,10,0,10,63
05/08/2016,DHN,AL,ASO,ES,Federal Contract Tower,7,0,4,2,13,0,0,22,0,22,7,0,26,2,35,10,0,10,45
05/09/2016,DHN,AL,ASO,ES,Federal Contract Tower,6,2,12,47,67,0,0,11,16,27,6,2,23,63,94,0,86,86,180
05/10/2016,DHN,AL,ASO,ES,Federal Contract Tower,7,4,15,73,99,0,2,32,24,58,7,6,47,97,157,16,94,110,267
05/11/2016,DHN,AL,ASO,ES,Federal Contract Tower,7,3,31,39,80,0,0,43,28,71,7,3,74,67,151,36,82,118,269
05/12/2016,DHN,AL,ASO,ES,Federal Contract Tower,7,3,32,39,81,0,0,34,34,68,7,3,66,73,149,64,164,228,377
05/13/2016,DHN,AL,ASO,ES,Federal Contract Tower,7,6,28,66,107,0,0,39,17,56,7,6,67,83,163,104,136,240,403
05/14/2016,DHN,AL,ASO,ES,Federal Contract Tower,5,1,9,4,19,0,0,35,0,35,5,1,44,4,54,38,0,38,92
05/15/2016,DHN,AL,ASO,ES,Federal Contract Tower,7,0,7,0,14,0,0,28,0,28,7,0,35,0,42,32,0,32,74
05/16/2016,DHN,AL,ASO,ES,Federal Contract Tower,7,2,16,121,146,0,0,33,33,66,7,2,49,154,212,76,138,214,426
05/17/2016,DHN,AL,ASO,ES,Federal Contract Tower,7,4,23,88,122,0,0,13,10,23,7,4,36,98,145,80,64,144,289
05/18/2016,DHN,AL,ASO,ES,Federal Contract Tower,7,2,37,106,152,0,4,25,6,35,7,6,62,112,187,68,46,114,301
05/19/2016,DHN,AL,ASO,ES,Federal Contract Tower,7,2,38,45,92,0,0,17,6,23,7,2,55,51,115,54,44,98,213
05/20/2016,DHN,AL,ASO,ES,Federal Contract Tower,7,2,19,55,83,0,2,15,7,24,7,4,34,62,107,26,40,66,173
05/21/2016,DHN,AL,ASO,ES,Federal Contract Tower,6,2,6,6,20,0,0,10,0,10,6,2,16,6,30,0,0,0,30
05/22/2016,DHN,AL,ASO,ES,Federal Contract Tower,6,0,16,8,30,0,0,20,1,21,6,0,36,9,51,14,0,14,65
05/23/2016,DHN,AL,ASO,ES,Federal Contract Tower,7,4,15,76,102,0,0,45,16,61,7,4,60,92,163,86,36,122,285
05/24/2016,DHN,AL,ASO,ES,Federal Contract Tower,7,2,20,54,83,0,2,47,2,51,7,4,67,56,134,30,0,30,164
05/25/2016,DHN,AL,ASO,ES,Federal Contract Tower,6,4,21,50,81,0,0,42,8,50,6,4,63,58,131,28,0,28,159
05/26/2016,DHN,AL,ASO,ES,Federal Contract Tower,7,2,25,60,94,0,0,47,24,71,7,2,72,84,165,48,86,134,299
05/27/2016,DHN,AL,ASO,ES,Federal Contract Tower,7,4,30,42,83,0,2,45,27,74,7,6,75,69,157,80,148,228,385
05/28/2016,DHN,AL,ASO,ES,Federal Contract Tower,5,0,7,0,12,0,2,19,0,21,5,2,26,0,33,54,0,54,87
05/29/2016,DHN,AL,ASO,ES,Federal Contract Tower,5,0,15,0,20,0,0,16,0,16,5,0,31,0,36,14,0,14,50
05/30/2016,DHN,AL,ASO,ES,Federal Contract Tower,6,0,15,0,21,0,0,23,0,23,6,0,38,0,44,6,0,6,50
05/31/2016,DHN,AL,ASO,ES,Federal Contract Tower,6,2,26,48,82,0,0,27,18,45,6,2,53,66,127,88,84,172,299
06/01/2016,DHN,AL,ASO,ES,Federal Contract Tower,7,1,27,90,125,0,0,42,27,69,7,1,69,117,194,72,132,204,398
06/02/2016,DHN,AL,ASO,ES,Federal Contract Tower,7,2,24,100,133,0,2,28,25,55,7,4,52,125,188,98,154,252,440
06/03/2016,DHN,AL,ASO,ES,Federal Contract Tower,7,2,26,97,132,0,0,39,28,67,7,2,65,125,199,148,116,264,463
06/04/2016,DHN,AL,ASO,ES,Federal Contract Tower,5,0,3,0,8,0,2,3,2,7,5,2,6,2,15,0,0,0,15
06/05/2016,DHN,AL,ASO,ES,Federal Contract Tower,7,1,6,4,18,0,0,4,2,6,7,1,10,6,24,0,0,0,24
06/06/2016,DHN,AL,ASO,ES,Federal Contract Tower,7,2,4,10,23,0,0,2,0,2,7,2,6,10,25,0,0,0,25
06/07/2016,DHN,AL,ASO,ES,Federal Contract Tower,6,2,17,66,91,0,0,25,29,54,6,2,42,95,145,80,120,200,345
06/08/2016,DHN,AL,ASO,ES,Federal Contract Tower,7,3,25,50,85,0,2,34,9,45,7,5,59,59,130,74,68,142,272
06/09/2016,DHN,AL,ASO,ES,Federal Contract Tower,7,4,20,38,69,0,0,25,19,44,7,4,45,57,113,32,74,106,219
06/10/2016,DHN,AL,ASO,ES,Federal Contract Tower,7,4,27,33,71,0,4,33,14,51,7,8,60,47,122,56,50,106,228
06/11/2016,DHN,AL,ASO,ES,Federal Contract Tower,5,0,4,2,11,0,0,35,0,35,5,0,39,2,46,16,0,16,62
06/12/2016,DHN,AL,ASO,ES,Federal Contract Tower,5,0,11,4,20,0,2,8,0,10,5,2,19,4,30,22,0,22,52
06/13/2016,DHN,AL,ASO,ES,Federal Contract Tower,7,2,15,16,40,0,0,51,13,64,7,2,66,29,104,78,92,170,274
06/14/2016,DHN,AL,ASO,ES,Federal Contract Tower,6,2,26,13,47,3,0,26,24,53,9,2,52,37,100,38,94,132,232
06/15/2016,DHN,AL,ASO,ES,Federal Contract Tower,6,2,15,35,58,0,0,16,6,22,6,2,31,41,80,42,10,52,132
06/16/2016,DHN,AL,ASO,ES,Federal Contract Tower,7,4,29,32,72,0,2,8,6,16,7,6,37,38,88,12,14,26,114
06/17/2016,DHN,AL,ASO,ES,Federal Contract Tower,7,4,25,53,89,0,0,39,24,63,7,4,64,77,152,76,136,212,364
06/18/2016,DHN,AL,ASO,ES,Federal Contract Tower,5,4,18,0,27,0,2,23,2,27,5,6,41,2,54,28,0,28,82
06/19/2016,DHN,AL,ASO,ES,Federal Contract Tower,6,1,5,2,14,0,2,33,0,35,6,3,38,2,49,8,0,8,57
06/20/2016,DHN,AL,ASO,ES,Federal Contract Tower,7,2,10,55,74,0,0,25,28,53,7,2,35,83,127,58,132,190,317
06/21/2016,DHN,AL,ASO,ES,Federal Contract Tower,7,3,21,40,71,0,0,34,24,58,7,3,55,64,129,50,98,148,277
06/22/2016,DHN,AL,ASO,ES,Federal Contract Tower,8,4,25,35,72,0,0,36,12,48,8,4,61,47,120,62,62,124,244
06/23/2016,DHN,AL,ASO,ES,Federal Contract Tower,7,6,21,40,74,0,2,37,16,55,7,8,58,56,129,52,34,86,215
06/24/2016,DHN,AL,ASO,ES,Federal Contract Tower,7,3,17,33,60,0,2,17,6,25,7,5,34,39,85,6,40,46,131
06/25/2016,DHN,AL,ASO,ES,Federal Contract Tower,5,0,8,2,15,1,0,19,4,24,6,0,27,6,39,16,0,16,55
06/26/2016,DHN,AL,ASO,ES,Federal Contract Tower,6,1,13,4,24,0,2,9,0,11,6,3,22,4,35,6,0,6,41
06/27/2016,DHN,AL,ASO,ES,Federal Contract Tower,8,2,17,37,64,0,2,35,7,44,8,4,52,44,108,50,58,108,216
06/28/2016,DHN,AL,ASO,ES,Federal Contract Tower,7,4,23,74,108,0,0,27,10,37,7,4,50,84,145,40,30,70,215
06/29/2016,DHN,AL,ASO,ES,Federal Contract Tower,7,4,18,94,123,0,0,37,18,55,7,4,55,112,178,62,134,196,374
06/30/2016,DHN,AL,ASO,ES,Federal Contract Tower,7,6,29,38,80,0,0,25,5,30,7,6,54,43,110,72,50,122,232
07/01/2016,DHN,AL,ASO,ES,Federal Contract Tower,7,2,37,58,104,0,0,23,20,43,7,2,60,78,147,70,134,204,351
07/02/2016,DHN,AL,ASO,ES,Federal Contract Tower,6,0,11,0,17,0,0,12,4,16,6,0,23,4,33,18,0,18,51
07/03/2016,DHN,AL,ASO,ES,Federal Contract Tower,3,4,8,0,15,0,0,5,0,5,3,4,13,0,20,0,0,0,20
07/04/2016,DHN,AL,ASO,ES,Federal Contract Tower,4,0,3,2,9,0,0,9,0,9,4,0,12,2,18,0,0,0,18
07/05/2016,DHN,AL,ASO,ES,Federal Contract Tower,3,2,14,3,22,0,0,10,1,11,3,2,24,4,33,2,0,2,35
07/06/2016,DHN,AL,ASO,ES,Federal Contract Tower,5,4,15,33,57,0,0,27,22,49,5,4,42,55,106,76,144,220,326
07/07/2016,DHN,AL,ASO,ES,Federal Contract Tower,7,4,29,74,114,0,0,24,17,41,7,4,53,91,155,20,156,176,331
07/08/2016,DHN,AL,ASO,ES,Federal Contract Tower,7,4,22,60,93,0,0,35,25,60,7,4,57,85,153,74,132,206,359
07/09/2016,DHN,AL,ASO,ES,Federal Contract Tower,3,0,7,3,13,0,0,13,0,13,3,0,20,3,26,12,0,12,38
07/10/2016,DHN,AL,ASO,ES,Federal Contract Tower,6,1,17,4,28,0,0,11,0,11,6,1,28,4,39,8,0,8,47
07/11/2016,DHN,AL,ASO,ES,Federal Contract Tower,9,6,21,24,60,0,0,24,5,29,9,6,45,29,89,32,48,80,169
07/12/2016,DHN,AL,ASO,ES,Federal Contract Tower,7,2,12,26,47,0,0,27,10,37,7,2,39,36,84,14,98,112,196
07/13/2016,DHN,AL,ASO,ES,Federal Contract Tower,7,3,24,42,76,0,0,38,16,54,7,3,62,58,130,38,134,172,302
07/14/2016,DHN,AL,ASO,ES,Federal Contract Tower,7,5,17,76,105,0,0,38,34,72,7,5,55,110,177,46,66,112,289
07/15/2016,DHN,AL,ASO,ES,Federal Contract Tower,7,4,17,83,111,0,0,37,19,56,7,4,54,102,167,70,152,222,389
07/16/2016,DHN,AL,ASO,ES,Federal Contract Tower,4,0,2,0,6,0,0,13,0,13,4,0,15,0,19,14,0,14,33
07/17/2016,DHN,AL,ASO,ES,Federal Contract Tower,7,0,10,2,19,0,0,1,0,1,7,0,11,2,20,0,0,0,20
07/18/2016,DHN,AL,ASO,ES,Federal Contract Tower,7,2,14,54,77,0,0,21,13,34,7,2,35,67,111,56,78,134,245
07/19/2016,DHN,AL,ASO,ES,Federal Contract Tower,7,2,18,81,108,0,0,23,22,45,7,2,41,103,153,58,124,182,335
07/20/2016,DHN,AL,ASO,ES,Federal Contract Tower,6,4,26,42,78,0,0,25,26,51,6,4,51,68,129,50,120,170,299
07/21/2016,DHN,AL,ASO,ES,Federal Contract Tower,5,2,34,63,104,0,0,24,21,45,5,2,58,84,149,48,146,194,343
07/22/2016,DHN,AL,ASO,ES,Federal Contract Tower,6,2,23,82,113,0,0,29,22,51,6,2,52,104,164,60,130,190,354
07/23/2016,DHN,AL,ASO,ES,Federal Contract Tower,6,4,25,0,35,0,0,17,0,17,6,4,42,0,52,8,0,8,60
07/24/2016,DHN,AL,ASO,ES,Federal Contract Tower,7,0,9,4,20,0,0,17,0,17,7,0,26,4,37,4,0,4,41
07/25/2016,DHN,AL,ASO,ES,Federal Contract Tower,7,2,21,56,86,0,0,23,4,27,7,2,44,60,113,72,32,104,217
07/26/2016,DHN,AL,ASO,ES,Federal Contract Tower,7,2,11,50,70,0,0,11,10,21,7,2,22,60,91,9,90,99,190
07/27/2016,DHN,AL,ASO,ES,Federal Contract Tower,8,6,17,67,98,0,0,24,18,42,8,6,41,85,140,28,66,94,234
07/28/2016,DHN,AL,ASO,ES,Federal Contract Tower,7,4,14,91,116,0,0,34,8,42,7,4,48,99,158,44,50,94,252
07/29/2016,DHN,AL,ASO,ES,Federal Contract Tower,6,2,26,83,117,0,0,50,19,69,6,2,76,102,186,40,136,176,362
07/30/2016,DHN,AL,ASO,ES,Federal Contract Tower,6,0,9,0,15,0,0,15,0,15,6,0,24,0,30,16,0,16,46
07/31/2016,DHN,AL,ASO,ES,Federal Contract Tower,4,2,8,0,14,0,0,11,0,11,4,2,19,0,25,34,0,34,59
08/01/2016,DHN,AL,ASO,ES,Federal Contract Tower,5,2,23,78,108,0,0,33,21,54,5,2,56,99,162,94,108,202,364
08/02/2016,DHN,AL,ASO,ES,Federal Contract Tower,8,2,30,62,102,0,0,25,21,46,8,2,55,83,148,76,164,240,388
08/03/2016,DHN,AL,ASO,ES,Federal Contract Tower,6,4,31,69,110,0,1,17,9,27,6,5,48,78,137,14,54,68,205
08/04/2016,DHN,AL,ASO,ES,Federal Contract Tower,7,4,23,94,128,0,0,32,15,47,7,4,55,109,175,56,46,102,277
08/05/2016,DHN,AL,ASO,ES,Federal Contract Tower,7,5,26,45,83,0,0,22,16,38,7,5,48,61,121,68,60,128,249
08/06/2016,DHN,AL,ASO,ES,Federal Contract Tower,5,0,8,1,14,0,0,7,0,7,5,0,15,1,21,12,0,12,33
08/07/2016,DHN,AL,ASO,ES,Federal Contract Tower,7,3,5,2,17,0,0,12,0,12,7,3,17,2,29,2,0,2,31
08/08/2016,DHN,AL,ASO,ES,Federal Contract Tower,4,2,35,35,76,0,4,30,27,61,4,6,65,62,137,60,54,114,251
08/09/2016,DHN,AL,ASO,ES,Federal Contract Tower,7,2,42,18,69,0,0,7,5,12,7,2,49,23,81,10,0,10,91
08/10/2016,DHN,AL,ASO,ES,Federal Contract Tower,7,5,21,4,37,0,16,1,0,17,7,21,22,4,54,2,0,2,56
08/11/2016,DHN,AL,ASO,ES,Federal Contract Tower,7,9,39,13,68,0,0,7,14,21,7,9,46,27,89,17,84,101,190
08/12/2016,DHN,AL,ASO,ES,Federal Contract Tower,7,2,30,12,51,0,0,14,9,23,7,2,44,21,74,4,52,56,130
08/13/2016,DHN,AL,ASO,ES,Federal Contract Tower,5,0,11,2,18,0,0,9,0,9,5,0,20,2,27,14,0,14,41
08/14/2016,DHN,AL,ASO,ES,Federal Contract Tower,6,1,16,1,24,0,0,7,0,7,6,1,23,1,31,8,0,8,39
08/15/2016,DHN,AL,ASO,ES,Federal Contract Tower,7,2,18,52,79,0,0,63,35,98,7,2,81,87,177,52,202,254,431
08/16/2016,DHN,AL,ASO,ES,Federal Contract Tower,6,2,19,32,59,0,0,46,22,68,6,2,65,54,127,52,118,170,297
08/17/2016,DHN,AL,ASO,ES,Federal Contract Tower,8,4,19,52,83,0,0,41,27,68,8,4,60,79,151,34,181,215,366
08/18/2016,DHN,AL,ASO,ES,Federal Contract Tower,7,4,32,91,134,0,0,44,20,64,7,4,76,111,198,56,130,186,384
08/19/2016,DHN,AL,ASO,ES,Federal Contract Tower,7,2,14,53,76,0,0,59,22,81,7,2,73,75,157,74,184,258,415
08/20/2016,DHN,AL,ASO,ES,Federal Contract Tower,5,3,11,3,22,0,1,10,1,12,5,4,21,4,34,10,0,10,44
08/21/2016,DHN,AL,ASO,ES,Federal Contract Tower,6,0,9,0,15,0,0,8,1,9,6,0,17,1,24,6,0,6,30
08/22/2016,DHN,AL,ASO,ES,Federal Contract Tower,8,2,15,39,64,0,2,21,22,45,8,4,36,61,109,12,158,170,279
08/23/2016,DHN,AL,ASO,ES,Federal Contract Tower,7,2,18,40,67,0,0,21,28,49,7,2,39,68,116,22,164,186,302
08/24/2016,DHN,AL,ASO,ES,Federal Contract Tower,7,6,29,68,110,0,0,13,12,25,7,6,42,80,135,30,78,108,243
08/25/2016,DHN,AL,ASO,ES,Federal Contract Tower,7,3,29,73,112,0,1,41,25,67,7,4,70,98,179,50,176,226,405
08/26/2016,DHN,AL,ASO,ES,Federal Contract Tower,7,2,27,51,87,0,0,43,26,69,7,2,70,77,156,48,132,180,336
08/27/2016,DHN,AL,ASO,ES,Federal Contract Tower,5,0,9,0,14,0,0,26,0,26,5,0,35,0,40,36,0,36,76
08/28/2016,DHN,AL,ASO,ES,Federal Contract Tower,7,0,7,6,20,0,0,15,2,17,7,0,22,8,37,28,6,34,71
08/29/2016,DHN,AL,ASO,ES,Federal Contract Tower,7,2,36,91,136,0,0,44,13,57,7,2,80,104,193,68,50,118,311
08/30/2016,DHN,AL,ASO,ES,Federal Contract Tower,7,2,36,80,125,0,0,25,39,64,7,2,61,119,189,38,274,312,501
08/31/2016,DHN,AL,ASO,ES,Federal Contract Tower,7,2,25,54,88,0,0,28,26,54,7,2,53,80,142,64,192,256,398
09/01/2016,DHN,AL,ASO,ES,Federal Contract Tower,6,2,32,69,109,0,0,2,16,18,6,2,34,85,127,12,66,78,205
09/02/2016,DHN,AL,ASO,ES,Federal Contract Tower,7,2,12,0,21,0,0,11,2,13,7,2,23,2,34,12,0,12,46
09/03/2016,DHN,AL,ASO,ES,Federal Contract Tower,3,0,17,0,20,0,0,10,0,10,3,0,27,0,30,0,0,0,30
09/04/2016,DHN,AL,ASO,ES,Federal Contract Tower,3,1,12,0,16,0,0,5,0,5,3,1,17,0,21,0,0,0,21
09/05/2016,DHN,AL,ASO,ES,Federal Contract Tower,8,1,10,0,19,0,0,7,0,7,8,1,17,0,26,6,0,6,32
09/06/2016,DHN,AL,ASO,ES,Federal Contract Tower,7,2,30,23,62,0,0,23,0,23,7,2,53,23,85,64,0,64,149
09/07/2016,DHN,AL,ASO,ES,Federal Contract Tower,7,4,35,19,65,0,0,49,8,57,7,4,84,27,122,80,8,88,210
09/08/2016,DHN,AL,ASO,ES,Federal Contract Tower,7,5,15,57,84,0,2,28,10,40,7,7,43,67,124,34,62,96,220
09/09/2016,DHN,AL,ASO,ES,Federal Contract Tower,7,6,25,71,109,0,0,36,15,51,7,6,61,86,160,20,124,144,304
09/10/2016,DHN,AL,ASO,ES,Federal Contract Tower,4,0,11,2,17,0,0,20,0,20,4,0,31,2,37,12,0,12,49
09/11/2016,DHN,AL,ASO,ES,Federal Contract Tower,7,1,7,14,29,0,1,11,3,15,7,2,18,17,44,4,2,6,50
09/12/2016,DHN,AL,ASO,ES,Federal Contract Tower,8,5,17,61,91,0,0,7,14,21,8,5,24,75,112,4,46,50,162
09/13/2016,DHN,AL,ASO,ES,Federal Contract Tower,6,7,37,90,140,0,0,9,7,16,6,7,46,97,156,10,32,42,198
09/14/2016,DHN,AL,ASO,ES,Federal Contract Tower,7,2,31,59,99,0,0,18,20,38,7,2,49,79,137,28,50,78,215
09/15/2016,DHN,AL,ASO,ES,Federal Contract Tower,7,4,27,62,100,0,2,32,25,59,7,6,59,87,159,24,46,70,229
09/16/2016,DHN,AL,ASO,ES,Federal Contract Tower,6,2,18,71,97,0,0,22,29,51,6,2,40,100,148,24,58,82,230
09/17/2016,DHN,AL,ASO,ES,Federal Contract Tower,5,1,8,4,18,0,0,11,0,11,5,1,19,4,29,8,0,8,37
09/18/2016,DHN,AL,ASO,ES,Federal Contract Tower,7,1,12,0,20,0,0,7,0,7,7,1,19,0,27,8,0,8,35
09/19/2016,DHN,AL,ASO,ES,Federal Contract Tower,5,2,14,48,69,0,0,35,4,39,5,2,49,52,108,6,6,12,120
09/20/2016,DHN,AL,ASO,ES,Federal Contract Tower,7,2,24,42,75,0,0,20,16,36,7,2,44,58,111,32,74,106,217
09/21/2016,DHN,AL,ASO,ES,Federal Contract Tower,7,2,22,23,54,0,0,21,13,34,7,2,43,36,88,35,58,93,181
09/22/2016,DHN,AL,ASO,ES,Federal Contract Tower,7,5,27,53,92,0,2,33,7,42,7,7,60,60,134,44,50,94,228
09/23/2016,DHN,AL,ASO,ES,Federal Contract Tower,7,5,21,59,92,0,0,14,5,19,7,5,35,64,111,6,0,6,117
09/24/2016,DHN,AL,ASO,ES,Federal Contract Tower,5,0,16,1,22,0,1,39,1,41,5,1,55,2,63,14,0,14,77
09/25/2016,DHN,AL,ASO,ES,Federal Contract Tower,7,1,7,1,16,0,0,24,5,29,7,1,31,6,45,8,0,8,53
09/26/2016,DHN,AL,ASO,ES,Federal Contract Tower,7,4,8,54,73,0,0,10,7,17,7,4,18,61,90,8,32,40,130
09/27/2016,DHN,AL,ASO,ES,Federal Contract Tower,6,3,21,63,93,0,2,14,2,18,6,5,35,65,111,20,4,24,135
09/28/2016,DHN,AL,ASO,ES,Federal Contract Tower,6,7,14,89,116,0,0,33,23,56,6,7,47,112,172,18,18,36,208
09/29/2016,DHN,AL,ASO,ES,Federal Contract Tower,9,2,17,82,110,0,0,14,24,38,9,2,31,106,148,18,82,100,248
09/30/2016,DHN,AL,ASO,ES,Federal Contract Tower,7,6,22,58,93,0,1,13,12,26,7,7,35,70,119,20,54,74,193
10/01/2016,DHN,AL,ASO,ES,Federal Contract Tower,5,0,11,2,18,0,0,14,0,14,5,0,25,2,32,6,0,6,38
10/02/2016,DHN,AL,ASO,ES,Federal Contract Tower,7,0,7,0,14,0,0,29,2,31,7,0,36,2,45,16,0,16,61
10/03/2016,DHN,AL,ASO,ES,Federal Contract Tower,7,2,37,31,77,0,0,27,24,51,7,2,64,55,128,34,56,90,218
10/04/2016,DHN,AL,ASO,ES,Federal Contract Tower,6,2,21,54,83,0,0,22,7,29,6,2,43,61,112,24,42,66,178
10/05/2016,DHN,AL,ASO,ES,Federal Contract Tower,5,2,31,38,76,0,0,15,1,16,5,2,46,39,92,18,22,40,132
10/06/2016,DHN,AL,ASO,ES,Federal Contract Tower,10,2,23,45,80,0,0,0,8,8,10,2,23,53,88,0,46,46,134
10/07/2016,DHN,AL,ASO,ES,Federal Contract Tower,7,2,28,51,88,0,0,15,0,15,7,2,43,51,103,24,4,28,131
10/08/2016,DHN,AL,ASO,ES,Federal Contract Tower,5,0,34,1,40,0,0,16,0,16,5,0,50,1,56,20,0,20,76
10/09/2016,DHN,AL,ASO,ES,Federal Contract Tower,7,0,7,0,14,0,0,12,0,12,7,0,19,0,26,6,0,6,32
10/10/2016,DHN,AL,ASO,ES,Federal Contract Tower,7,2,13,0,22,0,2,15,0,17,7,4,28,0,39,10,0,10,49
10/11/2016,DHN,AL,ASO,ES,Federal Contract Tower,7,2,16,36,61,0,0,32,3,35,7,2,48,39,96,52,38,90,186
10/12/2016,DHN,AL,ASO,ES,Federal Contract Tower,6,2,24,28,60,0,0,32,4,36,6,2,56,32,96,58,34,92,188
10/13/2016,DHN,AL,ASO,ES,Federal Contract Tower,7,2,29,49,87,0,3,33,2,38,7,5,62,51,125,72,18,90,215
10/14/2016,DHN,AL,ASO,ES,Federal Contract Tower,7,2,27,27,63,0,0,32,5,37,7,2,59,32,100,136,26,162,262
10/15/2016,DHN,AL,ASO,ES,Federal Contract Tower,4,0,20,8,32,0,0,8,3,11,4,0,28,11,43,8,0,8,51
10/16/2016,DHN,AL,ASO,ES,Federal Contract Tower,8,0,16,4,28,0,0,7,0,7,8,0,23,4,35,0,0,0,35
10/17/2016,DHN,AL,ASO,ES,Federal Contract Tower,7,4,12,13,36,0,0,20,4,24,7,4,32,17,60,24,2,26,86
10/18/2016,DHN,AL,ASO,ES,Federal Contract Tower,7,3,12,45,67,0,4,22,10,36,7,7,34,55,103,46,90,136,239
10/19/2016,DHN,AL,ASO,ES,Federal Contract Tower,7,3,25,20,55,0,0,19,6,25,7,3,44,26,80,32,16,48,128
10/20/2016,DHN,AL,ASO,ES,Federal Contract Tower,7,2,37,44,90,0,2,45,5,52,7,4,82,49,142,64,42,106,248
10/21/2016,DHN,AL,ASO,ES,Federal Contract Tower,8,2,19,79,108,0,1,49,5,55,8,3,68,84,163,66,12,78,241
10/22/2016,DHN,AL,ASO,ES,Federal Contract Tower,5,0,15,0,20,0,0,17,0,17,5,0,32,0,37,14,0,14,51
10/23/2016,DHN,AL,ASO,ES,Federal Contract Tower,7,0,18,14,39,0,0,27,0,27,7,0,45,14,66,8,0,8,74
10/24/2016,DHN,AL,ASO,ES,Federal Contract Tower,7,4,25,80,116,0,2,40,1,43,7,6,65,81,159,64,2,66,225
10/25/2016,DHN,AL,ASO,ES,Federal Contract Tower,7,4,20,45,76,0,0,43,2,45,7,4,63,47,121,104,12,116,237
10/26/2016,DHN,AL,ASO,ES,Federal Contract Tower,8,5,39,81,133,0,0,14,1,15,8,5,53,82,148,36,2,38,186
10/27/2016,DHN,AL,ASO,ES,Federal Contract Tower,7,2,25,32,66,0,0,38,3,41,7,2,63,35,107,60,0,60,167
10/28/2016,DHN,AL,ASO,ES,Federal Contract Tower,7,2,27,39,75,0,0,27,4,31,7,2,54,43,106,64,0,64,170
10/29/2016,DHN,AL,ASO,ES,Federal Contract Tower,5,0,15,2,22,0,0,13,0,13,5,0,28,2,35,4,0,4,39
10/30/2016,DHN,AL,ASO,ES,Federal Contract Tower,7,0,20,0,27,0,0,10,0,10,7,0,30,0,37,12,0,12,49
10/31/2016,DHN,AL,ASO,ES,Federal Contract Tower,8,0,19,42,69,0,2,20,0,22,8,2,39,42,91,52,0,52,143
11/01/2016,DHN,AL,ASO,ES,Federal Contract Tower,8,7,25,29,69,0,0,48,3,51,8,7,73,32,120,52,0,52,172
11/02/2016,DHN,AL,ASO,ES,Federal Contract Tower,6,6,36,44,92,0,0,16,0,16,6,6,52,44,108,6,6,12,120
11/03/2016,DHN,AL,ASO,ES,Federal Contract Tower,7,8,31,35,81,0,2,8,3,13,7,10,39,38,94,16,2,18,112
11/04/2016,DHN,AL,ASO,ES,Federal Contract Tower,5,4,34,76,119,0,0,52,12,64,5,4,86,88,183,64,54,118,301
11/05/2016,DHN,AL,ASO,ES,Federal Contract Tower,5,0,5,4,14,0,0,12,0,12,5,0,17,4,26,0,0,0,26
11/06/2016,DHN,AL,ASO,ES,Federal Contract Tower,9,0,11,2,22,0,0,18,0,18,9,0,29,2,40,8,0,8,48
11/07/2016,DHN,AL,ASO,ES,Federal Contract Tower,5,2,21,96,124,0,0,43,21,64,5,2,64,117,188,36,116,152,340
11/08/2016,DHN,AL,ASO,ES,Federal Contract Tower,5,4,26,130,165,0,1,47,18,66,5,5,73,148,231,72,104,176,407
11/09/2016,DHN,AL,ASO,ES,Federal Contract Tower,7,3,31,85,126,0,0,44,18,62,7,3,75,103,188,60,162,222,410
11/10/2016,DHN,AL,ASO,ES,Federal Contract Tower,7,2,32,49,90,0,0,38,15,53,7,2,70,64,143,66,142,208,351
11/11/2016,DHN,AL,ASO,ES,Federal Contract Tower,7,5,27,7,46,0,2,28,0,30,7,7,55,7,76,26,0,26,102
11/12/2016,DHN,AL,ASO,ES,Federal Contract Tower,5,0,7,2,14,0,0,23,0,23,5,0,30,2,37,0,0,0,37
11/13/2016,DHN,AL,ASO,ES,Federal Contract Tower,7,1,20,0,28,0,0,6,0,6,7,1,26,0,34,14,0,14,48
11/14/2016,DHN,AL,ASO,ES,Federal Contract Tower,7,2,17,68,94,0,0,25,16,41,7,2,42,84,135,62,140,202,337
11/15/2016,DHN,AL,ASO,ES,Federal Contract Tower,7,3,29,48,87,0,0,23,18,41,7,3,52,66,128,72,186,258,386
11/16/2016,DHN,AL,ASO,ES,Federal Contract Tower,7,4,28,63,102,0,0,31,26,57,7,4,59,89,159,106,138,244,403
11/17/2016,DHN,AL,ASO,ES,Federal Contract Tower,6,2,19,96,123,0,2,17,21,40,6,4,36,117,163,18,154,172,335
11/18/2016,DHN,AL,ASO,ES,Federal Contract Tower,7,6,21,53,87,0,0,31,14,45,7,6,52,67,132,0,96,96,228
11/19/2016,DHN,AL,ASO,ES,Federal Contract Tower,5,0,12,13,30,0,0,8,0,8,5,0,20,13,38,8,0,8,46
11/20/2016,DHN,AL,ASO,ES,Federal Contract Tower,5,1,16,2,24,0,0,17,2,19,5,1,33,4,43,0,0,0,43
11/21/2016,DHN,AL,ASO,ES,Federal Contract Tower,5,5,14,88,112,0,0,40,18,58,5,5,54,106,170,48,114,162,332
11/22/2016,DHN,AL,ASO,ES,Federal Contract Tower,7,2,22,49,80,0,0,40,15,55,7,2,62,64,135,48,122,170,305
11/23/2016,DHN,AL,ASO,ES,Federal Contract Tower,6,4,11,80,101,0,0,35,23,58,6,4,46,103,159,76,78,154,313
11/24/2016,DHN,AL,ASO,ES,Federal Contract Tower,3,0,1,0,4,0,0,4,0,4,3,0,5,0,8,0,0,0,8
11/25/2016,DHN,AL,ASO,ES,Federal Contract Tower,5,4,9,0,18,0,0,18,0,18,5,4,27,0,36,0,0,0,36
11/26/2016,DHN,AL,ASO,ES,Federal Contract Tower,6,1,13,0,20,0,2,11,0,13,6,3,24,0,33,6,0,6,39
11/27/2016,DHN,AL,ASO,ES,Federal Contract Tower,6,0,15,8,29,0,0,16,0,16,6,0,31,8,45,4,0,4,49
11/28/2016,DHN,AL,ASO,ES,Federal Contract Tower,7,2,30,68,107,0,0,23,18,41,7,2,53,86,148,82,52,134,282
11/29/2016,DHN,AL,ASO,ES,Federal Contract Tower,7,2,31,87,127,0,0,5,15,20,7,2,36,102,147,34,142,176,323
11/30/2016,DHN,AL,ASO,ES,Federal Contract Tower,7,5,15,31,58,0,0,5,6,11,7,5,20,37,69,16,20,36,105
12/01/2016,DHN,AL,ASO,ES,Federal Contract Tower,7,3,27,41,78,0,0,40,32,72,7,3,67,73,150,50,214,264,414
12/02/2016,DHN,AL,ASO,ES,Federal Contract Tower,8,6,24,30,68,0,2,28,28,58,8,8,52,58,126,38,156,194,320
12/03/2016,DHN,AL,ASO,ES,Federal Contract Tower,7,0,15,16,38,0,0,11,0,11,7,0,26,16,49,18,0,18,67
12/04/2016,DHN,AL,ASO,ES,Federal Contract Tower,7,0,4,0,11,0,0,2,0,2,7,0,6,0,13,0,0,0,13
12/05/2016,DHN,AL,ASO,ES,Federal Contract Tower,6,0,7,16,29,0,0,0,0,0,6,0,7,16,29,0,0,0,29
12/06/2016,DHN,AL,ASO,ES,Federal Contract Tower,7,5,23,55,90,0,0,16,13,29,7,5,39,68,119,0,94,94,213
12/07/2016,DHN,AL,ASO,ES,Federal Contract Tower,8,4,34,43,89,0,0,6,5,11,8,4,40,48,100,16,10,26,126
12/08/2016,DHN,AL,ASO,ES,Federal Contract Tower,10,2,23,48,83,0,0,22,26,48,10,2,45,74,131,32,84,116,247
12/09/2016,DHN,AL,ASO,ES,Federal Contract Tower,8,3,19,68,98,0,0,33,20,53,8,3,52,88,151,24,54,78,229
12/10/2016,DHN,AL,ASO,ES,Federal Contract Tower,5,2,12,2,21,0,2,14,0,16,5,4,26,2,37,8,0,8,45
12/11/2016,DHN,AL,ASO,ES,Federal Contract Tower,7,3,8,12,30,0,1,21,2,24,7,4,29,14,54,10,0,10,64
12/12/2016,DHN,AL,ASO,ES,Federal Contract Tower,8,8,29,42,87,0,0,12,7,19,8,8,41,49,106,10,26,36,142
12/13/2016,DHN,AL,ASO,ES,Federal Contract Tower,7,5,18,22,52,0,0,0,4,4,7,5,18,26,56,6,36,42,98
12/14/2016,DHN,AL,ASO,ES,Federal Contract Tower,6,4,21,32,63,0,0,1,2,3,6,4,22,34,66,0,12,12,78
12/15/2016,DHN,AL,ASO,ES,Federal Contract Tower,7,2,27,32,68,0,3,22,29,54,7,5,49,61,122,22,182,204,326
12/16/2016,DHN,AL,ASO,ES,Federal Contract Tower,7,4,25,40,76,0,0,24,35,59,7,4,49,75,135,20,180,200,335
12/17/2016,DHN,AL,ASO,ES,Federal Contract Tower,3,1,16,0,20,0,0,4,0,4,3,1,20,0,24,0,0,0,24
12/18/2016,DHN,AL,ASO,ES,Federal Contract Tower,7,6,5,3,21,0,0,4,0,4,7,6,9,3,25,0,0,0,25
12/19/2016,DHN,AL,ASO,ES,Federal Contract Tower,7,4,9,6,26,0,0,0,0,0,7,4,9,6,26,0,0,0,26
12/20/2016,DHN,AL,ASO,ES,Federal Contract Tower,7,6,22,4,39,0,0,0,0,0,7,6,22,4,39,0,0,0,39
12/21/2016,DHN,AL,ASO,ES,Federal Contract Tower,7,6,30,7,50,0,0,15,5,20,7,6,45,12,70,58,20,78,148
12/22/2016,DHN,AL,ASO,ES,Federal Contract Tower,7,3,16,27,53,0,4,3,6,13,7,7,19,33,66,6,34,40,106
12/23/2016,DHN,AL,ASO,ES,Federal Contract Tower,7,3,10,0,20,0,0,8,0,8,7,3,18,0,28,12,0,12,40
12/24/2016,DHN,AL,ASO,ES,Federal Contract Tower,3,2,1,0,6,0,0,10,0,10,3,2,11,0,16,10,0,10,26
12/25/2016,DHN,AL,ASO,ES,Federal Contract Tower,3,0,2,0,5,0,0,6,0,6,3,0,8,0,11,0,0,0,11
12/26/2016,DHN,AL,ASO,ES,Federal Contract Tower,7,4,19,0,30,0,0,18,0,18,7,4,37,0,48,6,0,6,54
12/27/2016,DHN,AL,ASO,ES,Federal Contract Tower,7,2,20,0,29,0,0,5,0,5,7,2,25,0,34,0,0,0,34
12/28/2016,DHN,AL,ASO,ES,Federal Contract Tower,5,2,27,6,40,0,0,3,0,3,5,2,30,6,43,22,0,22,65
12/29/2016,DHN,AL,ASO,ES,Federal Contract Tower,7,2,14,0,23,0,0,1,0,1,7,2,15,0,24,0,0,0,24
12/30/2016,DHN,AL,ASO,ES,Federal Contract Tower,7,6,21,0,34,0,2,23,0,25,7,8,44,0,59,6,0,6,65
12/31/2016,DHN,AL,ASO,ES,Federal Contract Tower,2,2,7,0,11,0,0,7,0,7,2,2,14,0,18,10,0,10,28
01/01/2017,DHN,AL,ASO,ES,Federal Contract Tower,3,2,3,0,8,0,0,0,0,0,3,2,3,0,8,0,0,0,8
01/02/2017,DHN,AL,ASO,ES,Federal Contract Tower,3,0,10,0,13,0,0,1,0,1,3,0,11,0,14,0,0,0,14
01/03/2017,DHN,AL,ASO,ES,Federal Contract Tower,7,2,17,65,91,0,0,20,9,29,7,2,37,74,120,16,66,82,202
01/04/2017,DHN,AL,ASO,ES,Federal Contract Tower,7,2,19,90,118,0,0,6,6,12,7,2,25,96,130,16,78,94,224
01/05/2017,DHN,AL,ASO,ES,Federal Contract Tower,7,8,17,75,107,0,0,41,15,56,7,8,58,90,163,28,112,140,303
01/06/2017,DHN,AL,ASO,ES,Federal Contract Tower,5,2,5,29,41,0,0,0,0,0,5,2,5,29,41,0,0,0,41
01/07/2017,DHN,AL,ASO,ES,Federal Contract Tower,6,2,1,0,9,0,0,4,0,4,6,2,5,0,13,6,0,6,19
01/08/2017,DHN,AL,ASO,ES,Federal Contract Tower,5,2,16,1,24,0,1,27,1,29,5,3,43,2,53,10,0,10,63
01/09/2017,DHN,AL,ASO,ES,Federal Contract Tower,9,4,21,83,117,0,1,20,15,36,9,5,41,98,153,28,110,138,291
01/10/2017,DHN,AL,ASO,ES,Federal Contract Tower,8,3,33,81,125,0,2,26,15,43,8,5,59,96,168,42,128,170,338
01/11/2017,DHN,AL,ASO,ES,Federal Contract Tower,6,4,20,79,109,0,0,22,15,37,6,4,42,94,146,6,94,100,246
01/12/2017,DHN,AL,ASO,ES,Federal Contract Tower,6,4,22,47,79,0,0,36,20,56,6,4,58,67,135,70,122,192,327
01/13/2017,DHN,AL,ASO,ES,Federal Contract Tower,7,8,40,70,125,0,0,23,17,40,7,8,63,87,165,38,86,124,289
01/14/2017,DHN,AL,ASO,ES,Federal Contract Tower,3,0,9,2,14,0,0,26,0,26,3,0,35,2,40,20,0,20,60
01/15/2017,DHN,AL,ASO,ES,Federal Contract Tower,2,0,10,2,14,0,0,16,6,22,2,0,26,8,36,34,0,34,70
01/16/2017,DHN,AL,ASO,ES,Federal Contract Tower,7,7,24,1,39,0,0,26,0,26,7,7,50,1,65,8,0,8,73
01/17/2017,DHN,AL,ASO,ES,Federal Contract Tower,9,5,19,46,79,0,0,8,4,12,9,5,27,50,91,12,18,30,121
01/18/2017,DHN,AL,ASO,ES,Federal Contract Tower,7,4,27,19,57,0,0,7,0,7,7,4,34,19,64,18,0,18,82
01/19/2017,DHN,AL,ASO,ES,Federal Contract Tower,8,2,24,33,67,0,1,10,16,27,8,3,34,49,94,34,140,174,268
01/20/2017,DHN,AL,ASO,ES,Federal Contract Tower,5,6,16,71,98,0,0,1,12,13,5,6,17,83,111,0,78,78,189
01/21/2017,DHN,AL,ASO,ES,Federal Contract Tower,5,2,3,0,10,0,0,2,0,2,5,2,5,0,12,0,0,0,12
01/22/2017,DHN,AL,ASO,ES,Federal Contract Tower,4,0,5,0,9,0,0,0,0,0,4,0,5,0,9,0,0,0,9
01/23/2017,DHN,AL,ASO,ES,Federal Contract Tower,7,5,23,64,99,0,0,11,9,20,7,5,34,73,119,0,18,18,137
01/24/2017,DHN,AL,ASO,ES,Federal Contract Tower,8,2,22,109,141,0,0,38,23,61,8,2,60,132,202,6,90,96,298
01/25/2017,DHN,AL,ASO,ES,Federal Contract Tower,7,4,18,54,83,0,0,30,23,53,7,4,48,77,136,8,122,130,266
01/26/2017,DHN,AL,ASO,ES,Federal Contract Tower,7,2,26,87,122,0,0,29,10,39,7,2,55,97,161,12,90,102,263
01/27/2017,DHN,AL,ASO,ES,Federal Contract Tower,7,5,20,100,132,0,2,18,15,35,7,7,38,115,167,16,68,84,251
01/28/2017,DHN,AL,ASO,ES,Federal Contract Tower,5,0,15,3,23,0,0,27,1,28,5,0,42,4,51,42,0,42,93
01/29/2017,DHN,AL,ASO,ES,Federal Contract Tower,6,0,13,4,23,0,0,20,2,22,6,0,33,6,45,26,0,26,71
01/30/2017,DHN,AL,ASO,ES,Federal Contract Tower,7,4,20,119,150,0,0,10,26,36,7,4,30,145,186,2,148,150,336
01/31/2017,DHN,AL,ASO,ES,Federal Contract Tower,7,5,23,58,93,0,2,22,28,52,7,7,45,86,145,12,110,122,267
02/01/2017,DHN,AL,ASO,ES,Federal Contract Tower,6,4,21,71,102,0,0,20,3,23,6,4,41,74,125,30,2,32,157
02/02/2017,DHN,AL,ASO,ES,Federal Contract Tower,7,5,26,19,57,0,2,14,9,25,7,7,40,28,82,32,32,64,146
02/03/2017,DHN,AL,ASO,ES,Federal Contract Tower,8,5,24,57,94,0,0,2,2,4,8,5,26,59,98,0,0,0,98
02/04/2017,DHN,AL,ASO,ES,Federal Contract Tower,3,2,15,1,21,0,0,18,1,19,3,2,33,2,40,22,0,22,62
02/05/2017,DHN,AL,ASO,ES,Federal Contract Tower,2,1,4,14,21,0,0,21,6,27,2,1,25,20,48,16,0,16,64
02/06/2017,DHN,AL,ASO,ES,Federal Contract Tower,7,4,16,97,124,0,2,21,15,38,7,6,37,112,162,16,68,84,246
02/07/2017,DHN,AL,ASO,ES,Federal Contract Tower,6,4,18,35,63,0,0,2,1,3,6,4,20,36,66,10,0,10,76
02/08/2017,DHN,AL,ASO,ES,Federal Contract Tower,7,2,30,62,101,0,0,2,1,3,7,2,32,63,104,0,12,12,116
02/09/2017,DHN,AL,ASO,ES,Federal Contract Tower,6,2,28,65,101,0,0,18,3,21,6,2,46,68,122,32,24,56,178
02/10/2017,DHN,AL,ASO,ES,Federal Contract Tower,7,3,30,52,92,0,0,14,5,19,7,3,44,57,111,4,60,64,175
02/11/2017,DHN,AL,ASO,ES,Federal Contract Tower,5,0,12,2,19,0,0,14,0,14,5,0,26,2,33,40,0,40,73
02/12/2017,DHN,AL,ASO,ES,Federal Contract Tower,7,0,17,9,33,0,1,20,0,21,7,1,37,9,54,36,6,42,96
02/13/2017,DHN,AL,ASO,ES,Federal Contract Tower,7,4,30,32,73,0,0,22,21,43,7,4,52,53,116,14,114,128,244
02/14/2017,DHN,AL,ASO,ES,Federal Contract Tower,7,4,18,68,97,0,0,40,22,62,7,4,58,90,159,24,100,124,283
02/15/2017,DHN,AL,ASO,ES,Federal Contract Tower,7,5,19,28,59,0,0,12,0,12,7,5,31,28,71,0,18,18,89
02/16/2017,DHN,AL,ASO,ES,Federal Contract Tower,6,6,19,22,53,0,2,28,4,34,6,8,47,26,87,16,92,108,195
02/17/2017,DHN,AL,ASO,ES,Federal Contract Tower,7,2,14,21,44,0,0,18,11,29,7,2,32,32,73,4,134,138,211
02/18/2017,DHN,AL,ASO,ES,Federal Contract Tower,3,0,5,1,9,0,0,5,0,5,3,0,10,1,14,0,0,0,14
02/19/2017,DHN,AL,ASO,ES,Federal Contract Tower,3,0,9,0,12,0,0,22,2,24,3,0,31,2,36,18,0,18,54
02/20/2017,DHN,AL,ASO,ES,Federal Contract Tower,7,5,22,0,34,0,2,62,0,64,7,7,84,0,98,74,0,74,172
02/21/2017,DHN,AL,ASO,ES,Federal Contract Tower,7,4,21,10,42,0,0,4,2,6,7,4,25,12,48,12,14,26,74
02/22/2017,DHN,AL,ASO,ES,Federal Contract Tower,7,4,20,19,50,0,0,5,1,6,7,4,25,20,56,4,32,36,92
02/23/2017,DHN,AL,ASO,ES,Federal Contract Tower,7,3,25,47,82,0,0,15,4,19,7,3,40,51,101,20,60,80,181
02/24/2017,DHN,AL,ASO,ES,Federal Contract Tower,6,2,22,61,91,0,0,25,13,38,6,2,47,74,129,58,72,130,259
02/25/2017,DHN,AL,ASO,ES,Federal Contract Tower,5,0,6,3,14,0,0,12,1,13,5,0,18,4,27,26,0,26,53
02/26/2017,DHN,AL,ASO,ES,Federal Contract Tower,4,1,20,11,36,0,0,18,1,19,4,1,38,12,55,28,0,28,83
02/27/2017,DHN,AL,ASO,ES,Federal Contract Tower,9,6,20,62,97,0,0,19,19,38,9,6,39,81,135,40,68,108,243
02/28/2017,DHN,AL,ASO,ES,Federal Contract Tower,7,4,20,42,73,0,0,9,7,16,7,4,29,49,89,44,38,82,171
03/01/2017,DHN,AL,ASO,ES,Federal Contract Tower,6,4,27,61,98,0,0,24,10,34,6,4,51,71,132,38,12,50,182
03/02/2017,DHN,AL,ASO,ES,Federal Contract Tower,8,2,29,67,106,0,0,41,2,43,8,2,70,69,149,60,18,78,227
03/03/2017,DHN,AL,ASO,ES,Federal Contract Tower,8,4,26,33,71,0,0,48,3,51,8,4,74,36,122,162,10,172,294
03/04/2017,DHN,AL,ASO,ES,Federal Contract Tower,5,0,4,2,11,0,0,22,0,22,5,0,26,2,33,24,0,24,57
03/05/2017,DHN,AL,ASO,ES,Federal Contract Tower,6,0,14,0,20,0,0,12,0,12,6,0,26,0,32,38,0,38,70
03/06/2017,DHN,AL,ASO,ES,Federal Contract Tower,7,4,22,61,94,0,0,33,4,37,7,4,55,65,131,120,6,126,257
03/07/2017,DHN,AL,ASO,ES,Federal Contract Tower,7,2,27,42,78,0,0,40,7,47,7,2,67,49,125,52,8,60,185
03/08/2017,DHN,AL,ASO,ES,Federal Contract Tower,6,2,39,59,106,0,0,27,6,33,6,2,66,65,139,56,40,96,235
03/09/2017,DHN,AL,ASO,ES,Federal Contract Tower,7,4,18,35,64,0,0,19,5,24,7,4,37,40,88,12,48,60,148
03/10/2017,DHN,AL,ASO,ES,Federal Contract Tower,7,2,21,27,57,0,0,23,7,30,7,2,44,34,87,34,18,52,139
03/11/2017,DHN,AL,ASO,ES,Federal Contract Tower,5,0,19,18,42,0,0,47,0,47,5,0,66,18,89,18,0,18,107
03/12/2017,DHN,AL,ASO,ES,Federal Contract Tower,7,2,11,1,21,0,0,0,1,1,7,2,11,2,22,0,0,0,22
03/13/2017,DHN,AL,ASO,ES,Federal Contract Tower,7,3,25,32,67,0,0,0,0,0,7,3,25,32,67,0,0,0,67
03/14/2017,DHN,AL,ASO,ES,Federal Contract Tower,8,2,22,6,38,0,0,44,5,49,8,2,66,11,87,72,20,92,179
03/15/2017,DHN,AL,ASO,ES,Federal Contract Tower,8,3,15,21,47,0,0,60,8,68,8,3,75,29,115,106,10,116,231
03/16/2017,DHN,AL,ASO,ES,Federal Contract Tower,7,2,28,33,70,0,0,64,0,64,7,2,92,33,134,80,0,80,214
03/17/2017,DHN,AL,ASO,ES,Federal Contract Tower,9,4,24,62,99,0,2,60,26,88,9,6,84,88,187,38,60,98,285
03/18/2017,DHN,AL,ASO,ES,Federal Contract Tower,5,1,23,9,38,0,0,11,3,14,5,1,34,12,52,0,0,0,52
03/19/2017,DHN,AL,ASO,ES,Federal Contract Tower,6,0,14,9,29,0,0,13,0,13,6,0,27,9,42,0,0,0,42
03/20/2017,DHN,AL,ASO,ES,Federal Contract Tower,7,4,29,55,95,0,0,39,9,48,7,4,68,64,143,36,148,184,327
03/21/2017,DHN,AL,ASO,ES,Federal Contract Tower,7,4,42,53,106,0,2,46,4,52,7,6,88,57,158,40,24,64,222
03/22/2017,DHN,AL,ASO,ES,Federal Contract Tower,7,4,24,27,62,0,0,26,9,35,7,4,50,36,97,42,22,64,161
03/23/2017,DHN,AL,ASO,ES,Federal Contract Tower,7,4,42,35,88,0,0,20,10,30,7,4,62,45,118,54,62,116,234
03/24/2017,DHN,AL,ASO,ES,Federal Contract Tower,6,4,33,73,116,0,0,31,15,46,6,4,64,88,162,76,58,134,296
03/25/2017,DHN,AL,ASO,ES,Federal Contract Tower,5,0,9,7,21,0,4,5,4,13,5,4,14,11,34,10,0,10,44
03/26/2017,DHN,AL,ASO,ES,Federal Contract Tower,7,2,5,1,15,0,0,9,0,9,7,2,14,1,24,16,0,16,40
03/27/2017,DHN,AL,ASO,ES,Federal Contract Tower,7,3,28,48,86,0,0,37,17,54,7,3,65,65,140,54,58,112,252
03/28/2017,DHN,AL,ASO,ES,Federal Contract Tower,7,3,38,38,86,0,0,30,4,34,7,3,68,42,120,16,48,64,184
03/29/2017,DHN,AL,ASO,ES,Federal Contract Tower,7,4,23,60,94,0,4,35,13,52,7,8,58,73,146,62,96,158,304
03/30/2017,DHN,AL,ASO,ES,Federal Contract Tower,7,2,24,44,77,0,0,40,8,48,7,2,64,52,125,28,64,92,217
03/31/2017,DHN,AL,ASO,ES,Federal Contract Tower,7,5,15,52,79,0,0,33,16,49,7,5,48,68,128,12,62,74,202
04/01/2017,DHN,AL,ASO,ES,Federal Contract Tower,5,0,12,6,23,0,0,24,2,26,5,0,36,8,49,14,0,14,63
04/02/2017,DHN,AL,ASO,ES,Federal Contract Tower,7,1,11,8,27,0,0,14,1,15,7,1,25,9,42,32,0,32,74
04/03/2017,DHN,AL,ASO,ES,Federal Contract Tower,7,2,7,8,24,0,0,2,1,3,7,2,9,9,27,0,2,2,29
04/04/2017,DHN,AL,ASO,ES,Federal Contract Tower,7,3,28,43,81,0,0,34,10,44,7,3,62,53,125,20,52,72,197
04/05/2017,DHN,AL,ASO,ES,Federal Contract Tower,0,4,5,0,9,0,0,1,0,1,0,4,6,0,10,0,0,0,10
04/06/2017,DHN,AL,ASO,ES,Federal Contract Tower,6,2,30,44,82,0,0,34,19,53,6,2,64,63,135,46,164,210,345
04/07/2017,DHN,AL,ASO,ES,Federal Contract Tower,7,4,30,61,102,0,2,34,19,55,7,6,64,80,157,104,118,222,379
04/08/2017,DHN,AL,ASO,ES,Federal Contract Tower,5,0,12,4,21,0,0,21,0,21,5,0,33,4,42,50,6,56,98
04/09/2017,DHN,AL,ASO,ES,Federal Contract Tower,7,3,6,5,21,0,0,22,3,25,7,3,28,8,46,66,0,66,112
04/10/2017,DHN,AL,ASO,ES,Federal Contract Tower,7,2,26,40,75,0,0,44,14,58,7,2,70,54,133,86,68,154,287
04/11/2017,DHN,AL,ASO,ES,Federal Contract Tower,7,2,23,25,57,0,0,34,15,49,7,2,57,40,106,82,102,184,290
04/12/2017,DHN,AL,ASO,ES,Federal Contract Tower,7,2,34,30,73,0,0,39,13,52,7,2,73,43,125,114,34,148,273
04/13/2017,DHN,AL,ASO,ES,Federal Contract Tower,6,2,24,16,48,0,0,50,17,67,6,2,74,33,115,68,54,122,237
04/14/2017,DHN,AL,ASO,ES,Federal Contract Tower,7,3,31,18,59,0,0,41,18,59,7,3,72,36,118,54,68,122,240
04/15/2017,DHN,AL,ASO,ES,Federal Contract Tower,5,0,13,1,19,0,1,19,0,20,5,1,32,1,39,68,0,68,107
04/16/2017,DHN,AL,ASO,ES,Federal Contract Tower,7,0,9,0,16,0,0,13,0,13,7,0,22,0,29,0,0,0,29
04/17/2017,DHN,AL,ASO,ES,Federal Contract Tower,7,6,19,38,70,0,0,46,11,57,7,6,65,49,127,82,76,158,285
04/18/2017,DHN,AL,ASO,ES,Federal Contract Tower,7,6,24,33,70,0,0,56,13,69,7,6,80,46,139,30,70,100,239
04/19/2017,DHN,AL,ASO,ES,Federal Contract Tower,7,4,37,26,74,0,0,37,4,41,7,4,74,30,115,16,0,16,131
04/20/2017,DHN,AL,ASO,ES,Federal Contract Tower,7,2,33,32,74,0,0,24,8,32,7,2,57,40,106,54,52,106,212
04/21/2017,DHN,AL,ASO,ES,Federal Contract Tower,7,2,17,47,73,0,0,35,53,88,7,2,52,100,161,44,116,160,321
04/22/2017,DHN,AL,ASO,ES,Federal Contract Tower,6,0,6,2,14,0,0,18,12,30,6,0,24,14,44,26,0,26,70
04/23/2017,DHN,AL,ASO,ES,Federal Contract Tower,7,0,5,3,15,0,0,23,0,23,7,0,28,3,38,8,0,8,46
04/24/2017,DHN,AL,ASO,ES,Federal Contract Tower,8,7,37,90,142,0,0,21,7,28,8,7,58,97,170,62,64,126,296
04/25/2017,DHN,AL,ASO,ES,Federal Contract Tower,7,3,21,40,71,0,0,31,23,54,7,3,52,63,125,14,88,102,227
04/26/2017,DHN,AL,ASO,ES,Federal Contract Tower,7,4,24,26,61,0,1,40,25,66,7,5,64,51,127,28,132,160,287
04/27/2017,DHN,AL,ASO,ES,Federal Contract Tower,7,5,14,38,64,0,2,2,16,20,7,7,16,54,84,0,108,108,192
04/28/2017,DHN,AL,ASO,ES,Federal Contract Tower,8,4,49,72,133,0,3,22,24,49,8,7,71,96,182,50,82,132,314
04/29/2017,DHN,AL,ASO,ES,Federal Contract Tower,5,0,20,0,25,0,0,13,0,13,5,0,33,0,38,12,0,12,50
04/30/2017,DHN,AL,ASO,ES,Federal Contract Tower,7,1,9,7,24,0,0,5,3,8,7,1,14,10,32,0,0,0,32
05/01/2017,DHN,AL,ASO,ES,Federal Contract Tower,7,2,8,75,92,0,0,23,6,29,7,2,31,81,121,40,44,84,205
05/02/2017,DHN,AL,ASO,ES,Federal Contract Tower,7,4,32,66,109,0,0,31,17,48,7,4,63,83,157,48,68,116,273
05/03/2017,DHN,AL,ASO,ES,Federal Contract Tower,6,2,24,81,113,0,0,46,19,65,6,2,70,100,178,68,96,164,342
05/04/2017,DHN,AL,ASO,ES,Federal Contract Tower,7,3,21,92,123,0,0,2,4,6,7,3,23,96,129,10,32,42,171
05/05/2017,DHN,AL,ASO,ES,Federal Contract Tower,7,2,38,114,161,0,8,22,17,47,7,10,60,131,208,42,66,108,316
05/06/2017,DHN,AL,ASO,ES,Federal Contract Tower,5,1,20,1,27,0,0,27,9,36,5,1,47,10,63,32,0,32,95
05/07/2017,DHN,AL,ASO,ES,Federal Contract Tower,6,1,11,6,24,0,0,13,1,14,6,1,24,7,38,28,2,30,68
05/08/2017,DHN,AL,ASO,ES,Federal Contract Tower,10,4,23,67,104,0,0,42,35,77,10,4,65,102,181,70,158,228,409
05/09/2017,DHN,AL,ASO,ES,Federal Contract Tower,7,5,29,47,88,0,2,26,41,69,7,7,55,88,157,48,142,190,347
05/10/2017,DHN,AL,ASO,ES,Federal Contract Tower,7,2,41,28,78,0,0,45,34,79,7,2,86,62,157,50,170,220,377
05/11/2017,DHN,AL,ASO,ES,Federal Contract Tower,7,2,26,50,85,0,0,19,22,41,7,2,45,72,126,26,216,242,368
05/12/2017,DHN,AL,ASO,ES,Federal Contract Tower,7,3,30,45,85,0,0,10,23,33,7,3,40,68,118,4,100,104,222
05/13/2017,DHN,AL,ASO,ES,Federal Contract Tower,5,0,8,2,15,0,0,13,2,15,5,0,21,4,30,30,0,30,60
05/14/2017,DHN,AL,ASO,ES,Federal Contract Tower,7,0,9,4,20,0,0,24,0,24,7,0,33,4,44,26,0,26,70
05/15/2017,DHN,AL,ASO,ES,Federal Contract Tower,7,2,10,37,56,0,0,31,31,62,7,2,41,68,118,18,174,192,310
05/16/2017,DHN,AL,ASO,ES,Federal Contract Tower,7,3,22,49,81,0,0,35,24,59,7,3,57,73,140,14,106,120,260
05/17/2017,DHN,AL,ASO,ES,Federal Contract Tower,7,3,22,13,45,0,0,27,18,45,7,3,49,31,90,44,70,114,204
05/18/2017,DHN,AL,ASO,ES,Federal Contract Tower,7,5,32,54,98,0,1,29,11,41,7,6,61,65,139,76,52,128,267
05/19/2017,DHN,AL,ASO,ES,Federal Contract Tower,7,4,36,38,85,0,2,27,22,51,7,6,63,60,136,68,68,136,272
05/20/2017,DHN,AL,ASO,ES,Federal Contract Tower,5,2,5,0,12,0,0,5,2,7,5,2,10,2,19,14,0,14,33
05/21/2017,DHN,AL,ASO,ES,Federal Contract Tower,7,1,7,5,20,0,0,10,1,11,7,1,17,6,31,0,0,0,31
05/22/2017,DHN,AL,ASO,ES,Federal Contract Tower,7,4,36,86,133,0,0,15,15,30,7,4,51,101,163,42,86,128,291
05/23/2017,DHN,AL,ASO,ES,Federal Contract Tower,7,2,26,20,55,0,0,7,11,18,7,2,33,31,73,32,28,60,133
05/24/2017,DHN,AL,ASO,ES,Federal Contract Tower,7,4,42,64,117,0,0,17,19,36,7,4,59,83,153,46,100,146,299
05/25/2017,DHN,AL,ASO,ES,Federal Contract Tower,7,2,26,51,86,0,0,31,24,55,7,2,57,75,141,50,116,166,307
05/26/2017,DHN,AL,ASO,ES,Federal Contract Tower,8,5,21,60,94,0,2,46,42,90,8,7,67,102,184,84,232,316,500
05/27/2017,DHN,AL,ASO,ES,Federal Contract Tower,5,0,5,0,10,0,0,7,0,7,5,0,12,0,17,12,0,12,29
05/28/2017,DHN,AL,ASO,ES,Federal Contract Tower,4,0,1,0,5,0,0,10,0,10,4,0,11,0,15,20,0,20,35
05/29/2017,DHN,AL,ASO,ES,Federal Contract Tower,6,0,7,0,13,0,0,13,0,13,6,0,20,0,26,14,0,14,40
05/30/2017,DHN,AL,ASO,ES,Federal Contract Tower,6,2,37,74,119,0,0,30,49,79,6,2,67,123,198,58,186,244,442
05/31/2017,DHN,AL,ASO,ES,Federal Contract Tower,7,4,19,103,133,0,0,53,45,98,7,4,72,148,231,106,184,290,521
06/01/2017,DHN,AL,ASO,ES,Federal Contract Tower,7,3,13,88,111,0,0,44,52,96,7,3,57,140,207,50,208,258,465
06/02/2017,DHN,AL,ASO,ES,Federal Contract Tower,7,2,23,48,80,0,0,44,24,68,7,2,67,72,148,72,162,234,382
06/03/2017,DHN,AL,ASO,ES,Federal Contract Tower,4,2,4,7,17,0,0,18,3,21,4,2,22,10,38,70,0,70,108
06/04/2017,DHN,AL,ASO,ES,Federal Contract Tower,7,0,16,7,30,0,2,17,6,25,7,2,33,13,55,64,0,64,119
06/05/2017,DHN,AL,ASO,ES,Federal Contract Tower,7,4,28,64,103,0,0,17,31,48,7,4,45,95,151,62,158,220,371
06/06/2017,DHN,AL,ASO,ES,Federal Contract Tower,7,2,50,90,149,0,0,18,8,26,7,2,68,98,175,62,70,132,307
06/07/2017,DHN,AL,ASO,ES,Federal Contract Tower,7,3,34,35,79,0,0,2,2,4,7,3,36,37,83,0,0,0,83
06/08/2017,DHN,AL,ASO,ES,Federal Contract Tower,7,2,41,38,88,0,0,57,14,71,7,2,98,52,159,90,116,206,365
06/09/2017,DHN,AL,ASO,ES,Federal Contract Tower,6,2,18,45,71,3,0,52,16,71,9,2,70,61,142,56,216,272,414
06/10/2017,DHN,AL,ASO,ES,Federal Contract Tower,5,0,10,25,40,0,2,32,2,36,5,2,42,27,76,34,6,40,116
06/11/2017,DHN,AL,ASO,ES,Federal Contract Tower,7,0,13,0,20,0,0,4,6,10,7,0,17,6,30,0,0,0,30
06/12/2017,DHN,AL,ASO,ES,Federal Contract Tower,8,3,44,41,96,0,0,15,15,30,8,3,59,56,126,44,108,152,278
06/13/2017,DHN,AL,ASO,ES,Federal Contract Tower,7,2,50,75,134,0,0,29,8,37,7,2,79,83,171,110,98,208,379
06/14/2017,DHN,AL,ASO,ES,Federal Contract Tower,4,2,28,52,86,0,0,34,16,50,4,2,62,68,136,88,114,202,338
06/15/2017,DHN,AL,ASO,ES,Federal Contract Tower,4,4,37,81,126,0,0,31,17,48,4,4,68,98,174,112,94,206,380
06/16/2017,DHN,AL,ASO,ES,Federal Contract Tower,6,6,44,81,137,0,0,37,37,74,6,6,81,118,211,98,162,260,471
06/17/2017,DHN,AL,ASO,ES,Federal Contract Tower,4,5,6,0,15,0,2,11,0,13,4,7,17,0,28,60,0,60,88
06/18/2017,DHN,AL,ASO,ES,Federal Contract Tower,4,0,9,2,15,0,0,11,10,21,4,0,20,12,36,16,0,16,52
06/19/2017,DHN,AL,ASO,ES,Federal Contract Tower,6,2,19,85,112,0,0,34,35,69,6,2,53,120,181,54,120,174,355
06/20/2017,DHN,AL,ASO,ES,Federal Contract Tower,7,7,60,103,177,0,0,0,1,1,7,7,60,104,178,0,6,6,184
06/21/2017,DHN,AL,ASO,ES,Federal Contract Tower,6,8,27,116,157,0,0,0,0,0,6,8,27,116,157,0,0,0,157
06/22/2017,DHN,AL,ASO,ES,Federal Contract Tower,5,2,33,65,105,0,0,22,11,33,5,2,55,76,138,0,34,34,172
06/23/2017,DHN,AL,ASO,ES,Federal Contract Tower,6,9,49,99,163,0,0,28,20,48,6,9,77,119,211,30,118,148,359
06/24/2017,DHN,AL,ASO,ES,Federal Contract Tower,5,0,12,2,19,0,0,11,1,12,5,0,23,3,31,36,14,50,81
06/25/2017,DHN,AL,ASO,ES,Federal Contract Tower,6,0,11,0,17,0,0,14,0,14,6,0,25,0,31,2,0,2,33
06/26/2017,DHN,AL,ASO,ES,Federal Contract Tower,7,2,15,67,91,0,0,43,45,88,7,2,58,112,179,10,80,90,269
06/27/2017,DHN,AL,ASO,ES,Federal Contract Tower,7,2,26,48,83,0,0,35,24,59,7,2,61,72,142,16,98,114,256
06/28/2017,DHN,AL,ASO,ES,Federal Contract Tower,7,4,12,68,91,0,0,33,18,51,7,4,45,86,142,26,118,144,286
06/29/2017,DHN,AL,ASO,ES,Federal Contract Tower,6,3,52,80,141,0,0,9,0,9,6,3,61,80,150,28,26,54,204
06/30/2017,DHN,AL,ASO,ES,Federal Contract Tower,6,2,28,55,91,0,0,25,6,31,6,2,53,61,122,38,62,100,222
07/01/2017,DHN,AL,ASO,ES,Federal Contract Tower,4,0,5,0,9,0,0,21,2,23,4,0,26,2,32,68,2,70,102
07/02/2017,DHN,AL,ASO,ES,Federal Contract Tower,4,1,5,0,10,0,0,10,0,10,4,1,15,0,20,12,0,12,32
07/03/2017,DHN,AL,ASO,ES,Federal Contract Tower,4,6,10,0,20,0,0,5,0,5,4,6,15,0,25,2,0,2,27
07/04/2017,DHN,AL,ASO,ES,Federal Contract Tower,4,0,8,0,12,0,0,4,0,4,4,0,12,0,16,0,0,0,16
07/05/2017,DHN,AL,ASO,ES,Federal Contract Tower,4,3,17,62,86,0,1,24,44,69,4,4,41,106,155,36,212,248,403
07/06/2017,DHN,AL,ASO,ES,Federal Contract Tower,5,2,28,76,111,0,0,26,30,56,5,2,54,106,167,54,164,218,385
07/07/2017,DHN,AL,ASO,ES,Federal Contract Tower,4,7,15,60,86,0,1,24,37,62,4,8,39,97,148,28,222,250,398
07/08/2017,DHN,AL,ASO,ES,Federal Contract Tower,4,1,14,0,19,0,0,26,0,26,4,1,40,0,45,30,0,30,75
07/09/2017,DHN,AL,ASO,ES,Federal Contract Tower,6,0,15,2,23,0,0,25,4,29,6,0,40,6,52,24,0,24,76
07/10/2017,DHN,AL,ASO,ES,Federal Contract Tower,7,2,23,36,68,0,0,25,26,51,7,2,48,62,119,48,174,222,341
07/11/2017,DHN,AL,ASO,ES,Federal Contract Tower,7,2,26,42,77,0,0,33,21,54,7,2,59,63,131,12,130,142,273
07/12/2017,DHN,AL,ASO,ES,Federal Contract Tower,6,2,21,53,82,0,0,43,40,83,6,2,64,93,165,62,180,242,407
07/13/2017,DHN,AL,ASO,ES,Federal Contract Tower,5,1,26,55,87,0,0,39,32,71,5,1,65,87,158,74,136,210,368
07/14/2017,DHN,AL,ASO,ES,Federal Contract Tower,4,3,26,38,71,0,2,34,33,69,4,5,60,71,140,52,158,210,350
07/15/2017,DHN,AL,ASO,ES,Federal Contract Tower,4,0,11,0,15,0,2,16,0,18,4,2,27,0,33,20,0,20,53
07/16/2017,DHN,AL,ASO,ES,Federal Contract Tower,6,0,10,2,18,0,0,6,0,6,6,0,16,2,24,2,0,2,26
07/17/2017,DHN,AL,ASO,ES,Federal Contract Tower,6,4,50,42,102,0,0,20,20,40,6,4,70,62,142,76,110,186,328
07/18/2017,DHN,AL,ASO,ES,Federal Contract Tower,7,2,41,61,111,0,0,52,43,95,7,2,93,104,206,76,218,294,500
07/19/2017,DHN,AL,ASO,ES,Federal Contract Tower,9,2,32,56,99,0,0,41,24,65,9,2,73,80,164,86,192,278,442
07/20/2017,DHN,AL,ASO,ES,Federal Contract Tower,7,2,31,54,94,0,0,59,23,82,7,2,90,77,176,88,126,214,390
07/21/2017,DHN,AL,ASO,ES,Federal Contract Tower,6,3,25,58,92,0,0,52,46,98,6,3,77,104,190,96,146,242,432
07/22/2017,DHN,AL,ASO,ES,Federal Contract Tower,4,0,12,1,17,0,2,14,1,17,4,2,26,2,34,44,0,44,78
07/23/2017,DHN,AL,ASO,ES,Federal Contract Tower,5,0,23,4,32,0,0,20,8,28,5,0,43,12,60,34,0,34,94
07/24/2017,DHN,AL,ASO,ES,Federal Contract Tower,7,4,21,75,107,0,0,32,25,57,7,4,53,100,164,56,138,194,358
07/25/2017,DHN,AL,ASO,ES,Federal Contract Tower,6,4,38,91,139,0,0,25,14,39,6,4,63,105,178,58,60,118,296
07/26/2017,DHN,AL,ASO,ES,Federal Contract Tower,9,3,41,87,140,0,0,35,8,43,9,3,76,95,183,78,72,150,333
07/27/2017,DHN,AL,ASO,ES,Federal Contract Tower,6,2,19,89,116,0,0,45,27,72,6,2,64,116,188,48,132,180,368
07/28/2017,DHN,AL,ASO,ES,Federal Contract Tower,4,2,22,49,77,0,0,41,32,73,4,2,63,81,150,14,156,170,320
07/29/2017,DHN,AL,ASO,ES,Federal Contract Tower,4,0,3,1,8,0,0,1,1,2,4,0,4,2,10,0,0,0,10
07/30/2017,DHN,AL,ASO,ES,Federal Contract Tower,6,0,17,1,24,0,2,20,3,25,6,2,37,4,49,10,0,10,59
07/31/2017,DHN,AL,ASO,ES,Federal Contract Tower,7,2,23,60,92,0,0,64,33,97,7,2,87,93,189,36,128,164,353
08/01/2017,DHN,AL,ASO,ES,Federal Contract Tower,6,2,13,43,64,0,0,56,34,90,6,2,69,77,154,22,198,220,374
08/02/2017,DHN,AL,ASO,ES,Federal Contract Tower,7,2,20,47,76,0,0,38,37,75,7,2,58,84,151,52,208,260,411
08/03/2017,DHN,AL,ASO,ES,Federal Contract Tower,7,2,31,57,97,0,0,14,31,45,7,2,45,88,142,50,124,174,316
08/04/2017,DHN,AL,ASO,ES,Federal Contract Tower,8,2,25,31,66,0,0,1,13,14,8,2,26,44,80,0,92,92,172
08/05/2017,DHN,AL,ASO,ES,Federal Contract Tower,4,1,17,2,24,0,0,5,0,5,4,1,22,2,29,10,0,10,39
08/06/2017,DHN,AL,ASO,ES,Federal Contract Tower,5,2,11,7,25,0,0,17,3,20,5,2,28,10,45,16,0,16,61
08/07/2017,DHN,AL,ASO,ES,Federal Contract Tower,9,2,15,40,66,0,0,23,25,48,9,2,38,65,114,12,98,110,224
08/08/2017,DHN,AL,ASO,ES,Federal Contract Tower,7,2,35,64,108,0,0,20,5,25,7,2,55,69,133,16,54,70,203
08/09/2017,DHN,AL,ASO,ES,Federal Contract Tower,7,2,32,75,116,0,0,23,28,51,7,2,55,103,167,16,238,254,421
08/10/2017,DHN,AL,ASO,ES,Federal Contract Tower,7,4,34,70,115,0,0,31,41,72,7,4,65,111,187,38,210,248,435
08/11/2017,DHN,AL,ASO,ES,Federal Contract Tower,7,2,31,32,72,0,0,18,30,48,7,2,49,62,120,36,170,206,326
08/12/2017,DHN,AL,ASO,ES,Federal Contract Tower,4,0,20,0,24,0,0,11,0,11,4,0,31,0,35,10,0,10,45
08/13/2017,DHN,AL,ASO,ES,Federal Contract Tower,6,0,18,0,24,0,2,27,0,29,6,2,45,0,53,46,0,46,99
08/14/2017,DHN,AL,ASO,ES,Federal Contract Tower,10,6,27,68,111,0,0,36,37,73,10,6,63,105,184,72,126,198,382
08/15/2017,DHN,AL,ASO,ES,Federal Contract Tower,7,2,23,51,83,0,0,32,39,71,7,2,55,90,154,38,220,258,412
08/16/2017,DHN,AL,ASO,ES,Federal Contract Tower,7,2,26,49,84,0,0,61,38,99,7,2,87,87,183,22,174,196,379
08/17/2017,DHN,AL,ASO,ES,Federal Contract Tower,7,2,25,74,108,0,0,42,30,72,7,2,67,104,180,2,162,164,344
08/18/2017,DHN,AL,ASO,ES,Federal Contract Tower,7,2,26,44,79,0,0,55,36,91,7,2,81,80,170,68,168,236,406
08/19/2017,DHN,AL,ASO,ES,Federal Contract Tower,4,2,12,2,20,0,0,18,1,19,4,2,30,3,39,22,0,22,61
08/20/2017,DHN,AL,ASO,ES,Federal Contract Tower,6,2,10,0,18,0,0,16,0,16,6,2,26,0,34,28,0,28,62
08/21/2017,DHN,AL,ASO,ES,Federal Contract Tower,5,2,21,90,118,0,1,33,29,63,5,3,54,119,181,50,140,190,371
08/22/2017,DHN,AL,ASO,ES,Federal Contract Tower,7,2,31,74,114,0,0,51,28,79,7,2,82,102,193,70,114,184,377
08/23/2017,DHN,AL,ASO,ES,Federal Contract Tower,9,3,35,93,140,0,0,70,12,82,9,3,105,105,222,70,98,168,390
08/24/2017,DHN,AL,ASO,ES,Federal Contract Tower,7,2,39,52,100,0,0,34,26,60,7,2,73,78,160,40,148,188,348
08/25/2017,DHN,AL,ASO,ES,Federal Contract Tower,6,2,24,41,73,0,0,16,39,55,6,2,40,80,128,6,228,234,362
08/26/2017,DHN,AL,ASO,ES,Federal Contract Tower,4,0,28,3,35,0,0,8,13,21,4,0,36,16,56,30,0,30,86
08/27/2017,DHN,AL,ASO,ES,Federal Contract Tower,6,0,24,8,38,0,1,22,1,24,6,1,46,9,62,40,0,40,102
08/28/2017,DHN,AL,ASO,ES,Federal Contract Tower,7,2,23,42,74,0,0,50,38,88,7,2,73,80,162,46,200,246,408
08/29/2017,DHN,AL,ASO,ES,Federal Contract Tower,6,4,14,34,58,0,0,46,18,64,6,4,60,52,122,48,144,192,314
08/30/2017,DHN,AL,ASO,ES,Federal Contract Tower,7,2,39,38,86,0,0,23,21,44,7,2,62,59,130,20,106,126,256
08/31/2017,DHN,AL,ASO,ES,Federal Contract Tower,7,2,12,15,36,0,0,16,13,29,7,2,28,28,65,28,68,96,161
09/01/2017,DHN,AL,ASO,ES,Federal Contract Tower,9,2,15,0,26,0,2,5,0,7,9,4,20,0,33,28,0,28,61
09/02/2017,DHN,AL,ASO,ES,Federal Contract Tower,2,2,12,2,18,0,2,8,0,10,2,4,20,2,28,0,0,0,28
09/03/2017,DHN,AL,ASO,ES,Federal Contract Tower,4,0,9,13,26,0,0,10,3,13,4,0,19,16,39,16,0,16,55
09/04/2017,DHN,AL,ASO,ES,Federal Contract Tower,5,0,28,0,33,0,0,16,7,23,5,0,44,7,56,10,0,10,66
09/05/2017,DHN,AL,ASO,ES,Federal Contract Tower,6,2,23,47,78,0,0,21,21,42,6,2,44,68,120,34,178,212,332
09/06/2017,DHN,AL,ASO,ES,Federal Contract Tower,6,2,28,53,89,0,0,7,7,14,6,2,35,60,103,2,20,22,125
09/07/2017,DHN,AL,ASO,ES,Federal Contract Tower,6,2,17,30,55,0,0,27,31,58,6,2,44,61,113,10,228,238,351
09/08/2017,DHN,AL,ASO,ES,Federal Contract Tower,7,4,41,59,111,0,2,79,32,113,7,6,120,91,224,18,160,178,402
09/09/2017,DHN,AL,ASO,ES,Federal Contract Tower,2,0,10,4,16,0,0,20,6,26,2,0,30,10,42,20,0,20,62
09/10/2017,DHN,AL,ASO,ES,Federal Contract Tower,6,2,5,5,18,0,0,0,0,0,6,2,5,5,18,0,0,0,18
09/11/2017,DHN,AL,ASO,ES,Federal Contract Tower,0,0,0,0,0,0,0,0,0,0,0,0,0,0,0,0,0,0,0
09/12/2017,DHN,AL,ASO,ES,Federal Contract Tower,8,6,22,32,68,0,0,17,29,46,8,6,39,61,114,12,94,106,220
09/13/2017,DHN,AL,ASO,ES,Federal Contract Tower,8,3,33,27,71,0,0,30,32,62,8,3,63,59,133,36,242,278,411
09/14/2017,DHN,AL,ASO,ES,Federal Contract Tower,7,2,36,77,122,0,2,33,24,59,7,4,69,101,181,46,178,224,405
09/15/2017,DHN,AL,ASO,ES,Federal Contract Tower,8,5,25,66,104,0,0,29,31,60,8,5,54,97,164,50,190,240,404
09/16/2017,DHN,AL,ASO,ES,Federal Contract Tower,4,0,15,9,28,0,0,8,0,8,4,0,23,9,36,6,0,6,42
09/17/2017,DHN,AL,ASO,ES,Federal Contract Tower,7,0,12,4,23,0,0,4,0,4,7,0,16,4,27,14,0,14,41
09/18/2017,DHN,AL,ASO,ES,Federal Contract Tower,7,2,43,71,123,0,0,37,43,80,7,2,80,114,203,72,130,202,405
09/19/2017,DHN,AL,ASO,ES,Federal Contract Tower,7,2,48,58,115,0,0,36,35,71,7,2,84,93,186,84,182,266,452
09/20/2017,DHN,AL,ASO,ES,Federal Contract Tower,7,2,27,71,107,0,0,24,16,40,7,2,51,87,147,50,86,136,283
09/21/2017,DHN,AL,ASO,ES,Federal Contract Tower,7,3,44,38,92,0,1,39,29,69,7,4,83,67,161,60,200,260,421
09/22/2017,DHN,AL,ASO,ES,Federal Contract Tower,8,2,17,101,128,0,3,38,27,68,8,5,55,128,196,34,116,150,346
09/23/2017,DHN,AL,ASO,ES,Federal Contract Tower,5,0,8,4,17,0,0,28,0,28,5,0,36,4,45,56,0,56,101
09/24/2017,DHN,AL,ASO,ES,Federal Contract Tower,6,0,12,16,34,0,0,13,8,21,6,0,25,24,55,30,0,30,85
09/25/2017,DHN,AL,ASO,ES,Federal Contract Tower,7,2,28,58,95,0,2,22,46,70,7,4,50,104,165,18,186,204,369
09/26/2017,DHN,AL,ASO,ES,Federal Contract Tower,7,2,41,81,131,0,0,44,38,82,7,2,85,119,213,62,226,288,501
09/27/2017,DHN,AL,ASO,ES,Federal Contract Tower,7,3,37,93,140,0,0,55,57,112,7,3,92,150,252,28,283,311,563
09/28/2017,DHN,AL,ASO,ES,Federal Contract Tower,7,2,19,80,108,0,0,41,23,64,7,2,60,103,172,0,164,164,336
09/29/2017,DHN,AL,ASO,ES,Federal Contract Tower,5,2,31,65,103,0,0,32,22,54,5,2,63,87,157,24,170,194,351
09/30/2017,DHN,AL,ASO,ES,Federal Contract Tower,3,0,6,0,9,0,0,14,16,30,3,0,20,16,39,44,0,44,83
10/01/2017,DHN,AL,ASO,ES,Federal Contract Tower,6,2,15,0,23,0,0,2,0,2,6,2,17,0,25,0,0,0,25
10/02/2017,DHN,AL,ASO,ES,Federal Contract Tower,6,2,14,53,75,0,0,38,14,52,6,2,52,67,127,46,98,144,271
10/03/2017,DHN,AL,ASO,ES,Federal Contract Tower,7,4,21,29,61,0,0,54,8,62,7,4,75,37,123,4,52,56,179
10/04/2017,DHN,AL,ASO,ES,Federal Contract Tower,7,2,21,70,100,0,0,34,16,50,7,2,55,86,150,12,90,102,252
10/05/2017,DHN,AL,ASO,ES,Federal Contract Tower,5,2,27,40,74,0,0,23,17,40,5,2,50,57,114,20,114,134,248
10/06/2017,DHN,AL,ASO,ES,Federal Contract Tower,6,2,23,55,86,0,0,21,43,64,6,2,44,98,150,26,174,200,350
10/07/2017,DHN,AL,ASO,ES,Federal Contract Tower,4,0,5,0,9,0,0,0,0,0,4,0,5,0,9,0,0,0,9
10/08/2017,DHN,AL,ASO,ES,Federal Contract Tower,6,2,3,0,11,0,0,0,0,0,6,2,3,0,11,0,0,0,11
10/09/2017,DHN,AL,ASO,ES,Federal Contract Tower,6,6,14,0,26,0,0,7,0,7,6,6,21,0,33,0,0,0,33
10/10/2017,DHN,AL,ASO,ES,Federal Contract Tower,8,2,24,37,71,0,0,35,22,57,8,2,59,59,128,20,130,150,278
10/11/2017,DHN,AL,ASO,ES,Federal Contract Tower,6,2,36,47,91,1,2,30,17,50,7,4,66,64,141,58,70,128,269
10/12/2017,DHN,AL,ASO,ES,Federal Contract Tower,6,2,17,75,100,0,0,26,22,48,6,2,43,97,148,30,235,265,413
10/13/2017,DHN,AL,ASO,ES,Federal Contract Tower,8,2,24,50,84,0,0,34,25,59,8,2,58,75,143,50,204,254,397
10/14/2017,DHN,AL,ASO,ES,Federal Contract Tower,4,0,23,0,27,0,0,8,0,8,4,0,31,0,35,0,0,0,35
10/15/2017,DHN,AL,ASO,ES,Federal Contract Tower,5,1,22,4,32,0,0,22,2,24,5,1,44,6,56,28,0,28,84
10/16/2017,DHN,AL,ASO,ES,Federal Contract Tower,7,2,39,39,87,0,0,9,4,13,7,2,48,43,100,10,50,60,160
10/17/2017,DHN,AL,ASO,ES,Federal Contract Tower,6,4,13,33,56,0,0,53,42,95,6,4,66,75,151,16,184,200,351
10/18/2017,DHN,AL,ASO,ES,Federal Contract Tower,7,2,25,28,62,0,0,44,39,83,7,2,69,67,145,18,116,134,279
10/19/2017,DHN,AL,ASO,ES,Federal Contract Tower,7,3,31,41,82,0,3,28,31,62,7,6,59,72,144,30,144,174,318
10/20/2017,DHN,AL,ASO,ES,Federal Contract Tower,7,5,29,53,94,0,0,24,39,63,7,5,53,92,157,12,174,186,343
10/21/2017,DHN,AL,ASO,ES,Federal Contract Tower,4,0,18,11,33,0,0,13,1,14,4,0,31,12,47,0,2,2,49
10/22/2017,DHN,AL,ASO,ES,Federal Contract Tower,6,2,13,3,24,0,0,10,0,10,6,2,23,3,34,8,0,8,42
10/23/2017,DHN,AL,ASO,ES,Federal Contract Tower,7,2,17,56,82,0,0,13,16,29,7,2,30,72,111,12,104,116,227
10/24/2017,DHN,AL,ASO,ES,Federal Contract Tower,4,6,19,27,56,0,3,33,16,52,4,9,52,43,108,10,88,98,206
10/25/2017,DHN,AL,ASO,ES,Federal Contract Tower,5,4,29,42,80,0,0,39,45,84,5,4,68,87,164,50,173,223,387
10/26/2017,DHN,AL,ASO,ES,Federal Contract Tower,7,2,16,42,67,0,0,32,23,55,7,2,48,65,122,18,156,174,296
10/27/2017,DHN,AL,ASO,ES,Federal Contract Tower,8,2,19,40,69,0,0,35,24,59,8,2,54,64,128,44,170,214,342
10/28/2017,DHN,AL,ASO,ES,Federal Contract Tower,3,0,15,2,20,0,0,0,0,0,3,0,15,2,20,0,0,0,20
10/29/2017,DHN,AL,ASO,ES,Federal Contract Tower,4,1,11,8,24,0,0,10,0,10,4,1,21,8,34,32,0,32,66
10/30/2017,DHN,AL,ASO,ES,Federal Contract Tower,4,3,38,47,92,0,1,24,24,49,4,4,62,71,141,40,174,214,355
10/31/2017,DHN,AL,ASO,ES,Federal Contract Tower,4,7,20,51,82,0,1,27,31,59,4,8,47,82,141,34,234,268,409
11/01/2017,DHN,AL,ASO,ES,Federal Contract Tower,5,5,30,37,77,0,0,23,20,43,5,5,53,57,120,68,156,224,344
11/02/2017,DHN,AL,ASO,ES,Federal Contract Tower,5,6,34,69,114,0,0,31,27,58,5,6,65,96,172,64,124,188,360
11/03/2017,DHN,AL,ASO,ES,Federal Contract Tower,5,4,18,45,72,0,0,40,27,67,5,4,58,72,139,18,142,160,299
11/04/2017,DHN,AL,ASO,ES,Federal Contract Tower,4,2,14,15,35,0,2,15,8,25,4,4,29,23,60,30,0,30,90
11/05/2017,DHN,AL,ASO,ES,Federal Contract Tower,4,0,12,9,25,0,0,16,4,20,4,0,28,13,45,16,0,16,61
11/06/2017,DHN,AL,ASO,ES,Federal Contract Tower,4,2,16,99,121,0,0,22,38,60,4,2,38,137,181,12,222,234,415
11/07/2017,DHN,AL,ASO,ES,Federal Contract Tower,5,3,37,50,95,0,2,43,26,71,5,5,80,76,166,73,178,251,417
11/08/2017,DHN,AL,ASO,ES,Federal Contract Tower,6,5,42,58,111,0,0,16,5,21,6,5,58,63,132,4,52,56,188
11/09/2017,DHN,AL,ASO,ES,Federal Contract Tower,7,4,33,101,145,0,0,7,0,7,7,4,40,101,152,60,16,76,228
11/10/2017,DHN,AL,ASO,ES,Federal Contract Tower,9,2,23,0,34,0,2,22,0,24,9,4,45,0,58,28,0,28,86
11/11/2017,DHN,AL,ASO,ES,Federal Contract Tower,4,3,10,0,17,0,2,20,0,22,4,5,30,0,39,6,0,6,45
11/12/2017,DHN,AL,ASO,ES,Federal Contract Tower,6,1,11,3,21,0,1,4,0,5,6,2,15,3,26,0,0,0,26
11/13/2017,DHN,AL,ASO,ES,Federal Contract Tower,7,2,21,72,102,0,0,61,28,89,7,2,82,100,191,66,220,286,477
11/14/2017,DHN,AL,ASO,ES,Federal Contract Tower,7,1,27,33,68,0,2,58,16,76,7,3,85,49,144,38,148,186,330
11/15/2017,DHN,AL,ASO,ES,Federal Contract Tower,7,2,18,62,89,0,0,47,20,67,7,2,65,82,156,8,102,110,266
11/16/2017,DHN,AL,ASO,ES,Federal Contract Tower,7,2,22,72,103,0,0,43,22,65,7,2,65,94,168,18,124,142,310
11/17/2017,DHN,AL,ASO,ES,Federal Contract Tower,6,2,17,61,86,0,0,40,25,65,6,2,57,86,151,16,162,178,329
11/18/2017,DHN,AL,ASO,ES,Federal Contract Tower,4,0,6,0,10,0,0,8,0,8,4,0,14,0,18,4,0,4,22
11/19/2017,DHN,AL,ASO,ES,Federal Contract Tower,4,0,13,0,17,0,11,7,0,18,4,11,20,0,35,20,0,20,55
11/20/2017,DHN,AL,ASO,ES,Federal Contract Tower,4,4,33,64,105,0,0,21,31,52,4,4,54,95,157,28,192,220,377
11/21/2017,DHN,AL,ASO,ES,Federal Contract Tower,6,3,26,70,105,0,0,19,27,46,6,3,45,97,151,62,154,216,367
11/22/2017,DHN,AL,ASO,ES,Federal Contract Tower,7,3,18,58,86,1,2,11,47,61,8,5,29,105,147,4,168,172,319
11/23/2017,DHN,AL,ASO,ES,Federal Contract Tower,3,0,2,0,5,0,1,1,0,2,3,1,3,0,7,0,0,0,7
11/24/2017,DHN,AL,ASO,ES,Federal Contract Tower,4,4,11,0,19,0,4,22,0,26,4,8,33,0,45,48,0,48,93
11/25/2017,DHN,AL,ASO,ES,Federal Contract Tower,6,3,13,0,22,0,4,13,0,17,6,7,26,0,39,0,0,0,39
11/26/2017,DHN,AL,ASO,ES,Federal Contract Tower,6,3,17,0,26,0,0,20,0,20,6,3,37,0,46,22,0,22,68
11/27/2017,DHN,AL,ASO,ES,Federal Contract Tower,7,2,17,86,112,0,0,38,22,60,7,2,55,108,172,48,174,222,394
11/28/2017,DHN,AL,ASO,ES,Federal Contract Tower,6,3,25,66,100,0,0,33,35,68,6,3,58,101,168,26,220,246,414
11/29/2017,DHN,AL,ASO,ES,Federal Contract Tower,6,2,26,53,87,0,0,19,43,62,6,2,45,96,149,22,186,208,357
11/30/2017,DHN,AL,ASO,ES,Federal Contract Tower,5,5,32,49,91,0,0,37,26,63,5,5,69,75,154,6,174,180,334
12/01/2017,DHN,AL,ASO,ES,Federal Contract Tower,8,3,31,73,115,0,1,17,32,50,8,4,48,105,165,50,54,104,269
12/02/2017,DHN,AL,ASO,ES,Federal Contract Tower,4,6,19,0,29,0,2,12,0,14,4,8,31,0,43,4,0,4,47
12/03/2017,DHN,AL,ASO,ES,Federal Contract Tower,6,0,11,5,22,0,0,10,0,10,6,0,21,5,32,10,0,10,42
12/04/2017,DHN,AL,ASO,ES,Federal Contract Tower,7,2,38,59,106,0,0,9,1,10,7,2,47,60,116,20,18,38,154
12/05/2017,DHN,AL,ASO,ES,Federal Contract Tower,7,7,31,58,103,0,0,27,14,41,7,7,58,72,144,48,130,178,322
12/06/2017,DHN,AL,ASO,ES,Federal Contract Tower,6,2,41,74,123,0,0,6,4,10,6,2,47,78,133,4,68,72,205
12/07/2017,DHN,AL,ASO,ES,Federal Contract Tower,6,3,30,43,82,6,0,14,18,38,12,3,44,61,120,18,150,168,288
12/08/2017,DHN,AL,ASO,ES,Federal Contract Tower,2,5,19,0,26,0,0,0,0,0,2,5,19,0,26,0,0,0,26
12/09/2017,DHN,AL,ASO,ES,Federal Contract Tower,2,0,16,1,19,0,0,18,6,24,2,0,34,7,43,16,0,16,59
12/10/2017,DHN,AL,ASO,ES,Federal Contract Tower,6,0,13,4,23,0,0,35,0,35,6,0,48,4,58,8,0,8,66
12/11/2017,DHN,AL,ASO,ES,Federal Contract Tower,7,2,35,50,94,0,0,34,22,56,7,2,69,72,150,10,140,150,300
12/12/2017,DHN,AL,ASO,ES,Federal Contract Tower,7,4,26,63,100,0,0,33,19,52,7,4,59,82,152,54,120,174,326
12/13/2017,DHN,AL,ASO,ES,Federal Contract Tower,7,6,35,66,114,0,2,39,25,66,7,8,74,91,180,30,96,126,306
12/14/2017,DHN,AL,ASO,ES,Federal Contract Tower,9,8,25,55,97,0,0,53,32,85,9,8,78,87,182,10,218,228,410
12/15/2017,DHN,AL,ASO,ES,Federal Contract Tower,7,2,23,30,62,0,0,34,28,62,7,2,57,58,124,50,162,212,336
12/16/2017,DHN,AL,ASO,ES,Federal Contract Tower,4,0,16,11,31,0,4,13,0,17,4,4,29,11,48,40,4,44,92
12/17/2017,DHN,AL,ASO,ES,Federal Contract Tower,3,1,7,4,15,0,0,8,0,8,3,1,15,4,23,10,0,10,33
12/18/2017,DHN,AL,ASO,ES,Federal Contract Tower,5,6,33,62,106,0,0,0,0,0,5,6,33,62,106,0,0,0,106
12/19/2017,DHN,AL,ASO,ES,Federal Contract Tower,8,2,22,72,104,0,0,0,7,7,8,2,22,79,111,0,8,8,119
12/20/2017,DHN,AL,ASO,ES,Federal Contract Tower,7,2,16,36,61,0,0,0,4,4,7,2,16,40,65,0,0,0,65
12/21/2017,DHN,AL,ASO,ES,Federal Contract Tower,7,1,18,9,35,0,0,13,2,15,7,1,31,11,50,2,24,26,76
12/22/2017,DHN,AL,ASO,ES,Federal Contract Tower,8,1,9,4,22,0,0,15,1,16,8,1,24,5,38,34,0,34,72
12/23/2017,DHN,AL,ASO,ES,Federal Contract Tower,6,0,9,0,15,0,0,6,0,6,6,0,15,0,21,0,0,0,21
12/24/2017,DHN,AL,ASO,ES,Federal Contract Tower,5,0,0,0,5,0,0,5,0,5,5,0,5,0,10,12,0,12,22
12/25/2017,DHN,AL,ASO,ES,Federal Contract Tower,3,0,3,0,6,0,0,7,0,7,3,0,10,0,13,0,0,0,13
12/26/2017,DHN,AL,ASO,ES,Federal Contract Tower,7,2,16,0,25,0,2,25,0,27,7,4,41,0,52,8,0,8,60
12/27/2017,DHN,AL,ASO,ES,Federal Contract Tower,7,4,10,0,21,0,0,0,0,0,7,4,10,0,21,0,0,0,21
12/28/2017,DHN,AL,ASO,ES,Federal Contract Tower,6,0,7,11,24,0,0,0,2,2,6,0,7,13,26,0,14,14,40
12/29/2017,DHN,AL,ASO,ES,Federal Contract Tower,6,0,22,1,29,0,0,22,8,30,6,0,44,9,59,6,16,22,81
12/30/2017,DHN,AL,ASO,ES,Federal Contract Tower,6,1,20,0,27,0,0,28,0,28,6,1,48,0,55,26,0,26,81
12/31/2017,DHN,AL,ASO,ES,Federal Contract Tower,4,0,1,0,5,0,0,0,0,0,4,0,1,0,5,0,0,0,5
01/01/2018,DHN,AL,ASO,ES,Federal Contract Tower,5,0,1,0,6,0,2,21,0,23,5,2,22,0,29,22,0,22,51
01/02/2018,DHN,AL,ASO,ES,Federal Contract Tower,6,3,16,0,25,0,0,9,0,9,6,3,25,0,34,0,0,0,34
01/03/2018,DHN,AL,ASO,ES,Federal Contract Tower,9,2,37,21,69,0,0,10,32,42,9,2,47,53,111,36,178,214,325
01/04/2018,DHN,AL,ASO,ES,Federal Contract Tower,6,0,29,35,70,0,0,40,46,86,6,0,69,81,156,54,220,274,430
01/05/2018,DHN,AL,ASO,ES,Federal Contract Tower,7,0,18,44,69,0,0,21,33,54,7,0,39,77,123,14,144,158,281
01/06/2018,DHN,AL,ASO,ES,Federal Contract Tower,5,0,8,11,24,0,0,26,0,26,5,0,34,11,50,50,0,50,100
01/07/2018,DHN,AL,ASO,ES,Federal Contract Tower,6,4,19,14,43,0,0,25,0,25,6,4,44,14,68,22,0,22,90
01/08/2018,DHN,AL,ASO,ES,Federal Contract Tower,5,0,9,61,75,0,0,13,36,49,5,0,22,97,124,4,240,244,368
01/09/2018,DHN,AL,ASO,ES,Federal Contract Tower,3,2,25,17,47,0,0,0,8,8,3,2,25,25,55,0,36,36,91
01/10/2018,DHN,AL,ASO,ES,Federal Contract Tower,7,2,36,83,128,0,0,9,8,17,7,2,45,91,145,22,86,108,253
01/11/2018,DHN,AL,ASO,ES,Federal Contract Tower,7,0,35,61,103,0,0,14,16,30,7,0,49,77,133,50,160,210,343
01/12/2018,DHN,AL,ASO,ES,Federal Contract Tower,6,0,19,64,89,0,0,2,14,16,6,0,21,78,105,0,80,80,185
01/13/2018,DHN,AL,ASO,ES,Federal Contract Tower,7,0,12,3,22,0,0,21,0,21,7,0,33,3,43,18,2,20,63
01/14/2018,DHN,AL,ASO,ES,Federal Contract Tower,4,0,14,9,27,0,2,26,9,37,4,2,40,18,64,22,6,28,92
01/15/2018,DHN,AL,ASO,ES,Federal Contract Tower,6,0,32,1,39,0,0,21,0,21,6,0,53,1,60,10,0,10,70
01/16/2018,DHN,AL,ASO,ES,Federal Contract Tower,5,4,26,27,62,0,3,23,44,70,5,7,49,71,132,16,182,198,330
01/17/2018,DHN,AL,ASO,ES,Federal Contract Tower,4,2,14,26,46,0,3,20,10,33,4,5,34,36,79,20,106,126,205
01/18/2018,DHN,AL,ASO,ES,Federal Contract Tower,8,0,28,47,83,0,0,27,31,58,8,0,55,78,141,4,188,192,333
01/19/2018,DHN,AL,ASO,ES,Federal Contract Tower,8,1,21,44,74,0,0,47,49,96,8,1,68,93,170,38,206,244,414
01/20/2018,DHN,AL,ASO,ES,Federal Contract Tower,5,2,24,4,35,0,0,40,6,46,5,2,64,10,81,18,0,18,99
01/21/2018,DHN,AL,ASO,ES,Federal Contract Tower,8,0,27,22,57,0,0,32,2,34,8,0,59,24,91,38,0,38,129
01/22/2018,DHN,AL,ASO,ES,Federal Contract Tower,7,2,16,48,73,0,0,6,18,24,7,2,22,66,97,0,90,90,187
01/23/2018,DHN,AL,ASO,ES,Federal Contract Tower,7,3,33,66,109,0,0,34,30,64,7,3,67,96,173,4,168,172,345
01/24/2018,DHN,AL,ASO,ES,Federal Contract Tower,7,7,40,76,130,0,0,27,40,67,7,7,67,116,197,30,232,262,459
01/25/2018,DHN,AL,ASO,ES,Federal Contract Tower,7,0,29,53,89,0,0,44,23,67,7,0,73,76,156,36,178,214,370
01/26/2018,DHN,AL,ASO,ES,Federal Contract Tower,7,0,22,36,65,0,0,34,33,67,7,0,56,69,132,34,154,188,320
01/27/2018,DHN,AL,ASO,ES,Federal Contract Tower,6,2,7,0,15,0,1,19,0,20,6,3,26,0,35,14,0,14,49
01/28/2018,DHN,AL,ASO,ES,Federal Contract Tower,6,2,6,6,20,0,0,0,4,4,6,2,6,10,24,0,0,0,24
01/29/2018,DHN,AL,ASO,ES,Federal Contract Tower,6,0,32,60,98,0,0,19,29,48,6,0,51,89,146,42,88,130,276
01/30/2018,DHN,AL,ASO,ES,Federal Contract Tower,7,2,23,86,118,0,0,10,26,36,7,2,33,112,154,12,114,126,280
01/31/2018,DHN,AL,ASO,ES,Federal Contract Tower,7,2,20,84,113,0,1,26,12,39,7,3,46,96,152,42,42,84,236
02/01/2018,DHN,AL,ASO,ES,Federal Contract Tower,7,0,16,119,142,0,0,20,22,42,7,0,36,141,184,90,174,264,448
02/02/2018,DHN,AL,ASO,ES,Federal Contract Tower,7,2,37,85,131,0,8,20,20,48,7,10,57,105,179,18,72,90,269
02/03/2018,DHN,AL,ASO,ES,Federal Contract Tower,5,0,10,0,15,0,0,32,0,32,5,0,42,0,47,36,0,36,83
02/04/2018,DHN,AL,ASO,ES,Federal Contract Tower,5,1,7,2,15,0,0,0,0,0,5,1,7,2,15,0,0,0,15
02/05/2018,DHN,AL,ASO,ES,Federal Contract Tower,7,5,18,94,124,0,0,18,47,65,7,5,36,141,189,0,216,216,405
02/06/2018,DHN,AL,ASO,ES,Federal Contract Tower,7,2,25,77,111,0,0,33,39,72,7,2,58,116,183,9,150,159,342
02/07/2018,DHN,AL,ASO,ES,Federal Contract Tower,6,3,17,9,35,0,0,0,4,4,6,3,17,13,39,0,4,4,43
02/08/2018,DHN,AL,ASO,ES,Federal Contract Tower,8,1,28,53,90,0,0,44,25,69,8,1,72,78,159,46,142,188,347
02/09/2018,DHN,AL,ASO,ES,Federal Contract Tower,8,0,46,42,96,0,0,10,7,17,8,0,56,49,113,4,132,136,249
02/10/2018,DHN,AL,ASO,ES,Federal Contract Tower,4,3,16,6,29,0,0,0,0,0,4,3,16,6,29,0,0,0,29
02/11/2018,DHN,AL,ASO,ES,Federal Contract Tower,7,2,4,0,13,0,0,0,0,0,7,2,4,0,13,0,0,0,13
02/12/2018,DHN,AL,ASO,ES,Federal Contract Tower,9,0,34,37,80,0,0,5,11,16,9,0,39,48,96,20,42,62,158
02/13/2018,DHN,AL,ASO,ES,Federal Contract Tower,7,2,53,51,113,0,0,0,0,0,7,2,53,51,113,0,0,0,113
02/14/2018,DHN,AL,ASO,ES,Federal Contract Tower,7,2,34,84,127,0,0,10,9,19,7,2,44,93,146,16,30,46,192
02/15/2018,DHN,AL,ASO,ES,Federal Contract Tower,6,0,45,65,116,0,0,9,7,16,6,0,54,72,132,24,14,38,170
02/16/2018,DHN,AL,ASO,ES,Federal Contract Tower,7,1,29,66,103,0,0,23,24,47,7,1,52,90,150,24,78,102,252
02/17/2018,DHN,AL,ASO,ES,Federal Contract Tower,4,0,14,4,22,0,0,6,1,7,4,0,20,5,29,24,0,24,53
02/18/2018,DHN,AL,ASO,ES,Federal Contract Tower,5,1,6,3,15,0,0,9,9,18,5,1,15,12,33,30,0,30,63
02/19/2018,DHN,AL,ASO,ES,Federal Contract Tower,6,2,33,2,43,0,0,34,0,34,6,2,67,2,77,46,0,46,123
02/20/2018,DHN,AL,ASO,ES,Federal Contract Tower,7,4,25,69,105,0,0,14,17,31,7,4,39,86,136,50,116,166,302
02/21/2018,DHN,AL,ASO,ES,Federal Contract Tower,5,2,34,70,111,0,0,22,26,48,5,2,56,96,159,62,132,194,353
02/22/2018,DHN,AL,ASO,ES,Federal Contract Tower,7,0,41,79,127,0,2,28,26,56,7,2,69,105,183,54,262,316,499
02/23/2018,DHN,AL,ASO,ES,Federal Contract Tower,5,1,33,78,117,0,2,27,28,57,5,3,60,106,174,48,176,224,398
02/24/2018,DHN,AL,ASO,ES,Federal Contract Tower,4,0,9,0,13,0,0,11,0,11,4,0,20,0,24,60,0,60,84
02/25/2018,DHN,AL,ASO,ES,Federal Contract Tower,7,0,5,0,12,0,0,3,0,3,7,0,8,0,15,10,0,10,25
02/26/2018,DHN,AL,ASO,ES,Federal Contract Tower,8,0,8,48,64,0,0,1,15,16,8,0,9,63,80,2,48,50,130
02/27/2018,DHN,AL,ASO,ES,Federal Contract Tower,7,2,22,14,45,0,0,36,13,49,7,2,58,27,94,48,72,120,214
02/28/2018,DHN,AL,ASO,ES,Federal Contract Tower,7,2,33,63,105,0,0,21,23,44,7,2,54,86,149,28,120,148,297
03/01/2018,DHN,AL,ASO,ES,Federal Contract Tower,7,0,25,33,65,0,0,20,0,20,7,0,45,33,85,44,2,46,131
03/02/2018,DHN,AL,ASO,ES,Federal Contract Tower,8,0,41,63,112,0,0,34,33,67,8,0,75,96,179,24,198,222,401
03/03/2018,DHN,AL,ASO,ES,Federal Contract Tower,5,0,26,0,31,0,0,49,0,49,5,0,75,0,80,66,0,66,146
03/04/2018,DHN,AL,ASO,ES,Federal Contract Tower,6,0,18,11,35,0,0,30,0,30,6,0,48,11,65,12,0,12,77
03/05/2018,DHN,AL,ASO,ES,Federal Contract Tower,7,12,24,24,67,0,2,30,41,73,7,14,54,65,140,56,198,254,394
03/06/2018,DHN,AL,ASO,ES,Federal Contract Tower,7,4,45,48,104,0,0,25,19,44,7,4,70,67,148,28,94,122,270
03/07/2018,DHN,AL,ASO,ES,Federal Contract Tower,7,2,34,46,89,0,0,33,27,60,7,2,67,73,149,22,182,204,353
03/08/2018,DHN,AL,ASO,ES,Federal Contract Tower,7,0,43,50,100,0,0,52,14,66,7,0,95,64,166,34,114,148,314
03/09/2018,DHN,AL,ASO,ES,Federal Contract Tower,7,1,24,37,69,0,0,47,30,77,7,1,71,67,146,102,176,278,424
03/10/2018,DHN,AL,ASO,ES,Federal Contract Tower,4,2,27,12,45,0,0,30,6,36,4,2,57,18,81,72,20,92,173
03/11/2018,DHN,AL,ASO,ES,Federal Contract Tower,4,4,3,0,11,0,0,0,0,0,4,4,3,0,11,0,0,0,11
03/12/2018,DHN,AL,ASO,ES,Federal Contract Tower,5,5,29,29,68,0,0,29,16,45,5,5,58,45,113,48,30,78,191
03/13/2018,DHN,AL,ASO,ES,Federal Contract Tower,9,3,25,34,71,0,0,40,42,82,9,3,65,76,153,68,139,207,360
03/14/2018,DHN,AL,ASO,ES,Federal Contract Tower,7,4,16,31,58,0,0,16,28,44,7,4,32,59,102,0,112,112,214
03/15/2018,DHN,AL,ASO,ES,Federal Contract Tower,7,0,32,28,67,0,0,33,29,62,7,0,65,57,129,26,168,194,323
03/16/2018,DHN,AL,ASO,ES,Federal Contract Tower,6,2,31,31,70,0,2,44,23,69,6,4,75,54,139,46,118,164,303
03/17/2018,DHN,AL,ASO,ES,Federal Contract Tower,5,0,12,0,17,0,0,6,0,6,5,0,18,0,23,12,0,12,35
03/18/2018,DHN,AL,ASO,ES,Federal Contract Tower,4,0,6,9,19,0,1,4,1,6,4,1,10,10,25,0,0,0,25
03/19/2018,DHN,AL,ASO,ES,Federal Contract Tower,7,0,7,8,22,0,1,0,10,11,7,1,7,18,33,0,28,28,61
03/20/2018,DHN,AL,ASO,ES,Federal Contract Tower,6,4,38,69,117,0,0,26,15,41,6,4,64,84,158,10,68,78,236
03/21/2018,DHN,AL,ASO,ES,Federal Contract Tower,7,5,25,77,114,0,0,37,24,61,7,5,62,101,175,34,96,130,305
03/22/2018,DHN,AL,ASO,ES,Federal Contract Tower,6,0,32,73,111,0,0,42,42,84,6,0,74,115,195,14,184,198,393
03/23/2018,DHN,AL,ASO,ES,Federal Contract Tower,7,0,36,52,95,0,0,41,36,77,7,0,77,88,172,64,149,213,385
03/24/2018,DHN,AL,ASO,ES,Federal Contract Tower,4,0,19,2,25,0,1,26,0,27,4,1,45,2,52,24,0,24,76
03/25/2018,DHN,AL,ASO,ES,Federal Contract Tower,7,0,30,0,37,0,0,19,0,19,7,0,49,0,56,22,0,22,78
03/26/2018,DHN,AL,ASO,ES,Federal Contract Tower,8,0,55,78,141,0,0,0,4,4,8,0,55,82,145,2,16,18,163
03/27/2018,DHN,AL,ASO,ES,Federal Contract Tower,8,3,36,77,124,0,0,8,11,19,8,3,44,88,143,52,56,108,251
03/28/2018,DHN,AL,ASO,ES,Federal Contract Tower,7,3,23,86,119,0,2,42,16,60,7,5,65,102,179,34,104,138,317
03/29/2018,DHN,AL,ASO,ES,Federal Contract Tower,6,1,29,80,116,0,0,29,30,59,6,1,58,110,175,8,138,146,321
03/30/2018,DHN,AL,ASO,ES,Federal Contract Tower,7,2,20,100,129,0,0,37,15,52,7,2,57,115,181,60,88,148,329
04/01/2018,DHN,AL,ASO,ES,Federal Contract Tower,7,2,13,0,22,0,0,21,0,21,7,2,34,0,43,40,0,40,83
04/02/2018,DHN,AL,ASO,ES,Federal Contract Tower,8,3,43,54,108,0,0,28,14,42,8,3,71,68,150,22,88,110,260
04/03/2018,DHN,AL,ASO,ES,Federal Contract Tower,8,2,30,112,152,0,0,14,16,30,8,2,44,128,182,8,88,96,278
04/04/2018,DHN,AL,ASO,ES,Federal Contract Tower,7,6,29,93,135,0,0,12,14,26,7,6,41,107,161,22,58,80,241
04/05/2018,DHN,AL,ASO,ES,Federal Contract Tower,6,6,35,70,117,0,0,34,28,62,6,6,69,98,179,12,116,128,307
04/06/2018,DHN,AL,ASO,ES,Federal Contract Tower,5,0,20,40,65,0,0,23,18,41,5,0,43,58,106,6,130,136,242
04/07/2018,DHN,AL,ASO,ES,Federal Contract Tower,5,0,12,0,17,0,0,0,0,0,5,0,12,0,17,0,0,0,17
04/08/2018,DHN,AL,ASO,ES,Federal Contract Tower,7,1,9,13,30,0,0,5,3,8,7,1,14,16,38,0,10,10,48
04/09/2018,DHN,AL,ASO,ES,Federal Contract Tower,7,0,29,19,55,0,0,4,4,8,7,0,33,23,63,2,8,10,73
04/10/2018,DHN,AL,ASO,ES,Federal Contract Tower,7,2,23,29,61,0,0,19,33,52,7,2,42,62,113,16,158,174,287
04/11/2018,DHN,AL,ASO,ES,Federal Contract Tower,7,2,23,26,58,0,0,18,22,40,7,2,41,48,98,8,52,60,158
04/12/2018,DHN,AL,ASO,ES,Federal Contract Tower,7,0,22,34,63,0,0,26,29,55,7,0,48,63,118,12,122,134,252
04/13/2018,DHN,AL,ASO,ES,Federal Contract Tower,7,0,31,69,107,0,0,21,9,30,7,0,52,78,137,10,102,112,249
04/14/2018,DHN,AL,ASO,ES,Federal Contract Tower,5,1,15,8,29,0,0,0,0,0,5,1,15,8,29,10,0,10,39
04/15/2018,DHN,AL,ASO,ES,Federal Contract Tower,7,0,9,1,17,0,0,8,0,8,7,0,17,1,25,8,0,8,33
04/16/2018,DHN,AL,ASO,ES,Federal Contract Tower,7,1,25,47,80,0,2,26,39,67,7,3,51,86,147,6,166,172,319
04/17/2018,DHN,AL,ASO,ES,Federal Contract Tower,7,3,30,52,92,0,0,45,16,61,7,3,75,68,153,12,98,110,263
04/18/2018,DHN,AL,ASO,ES,Federal Contract Tower,9,7,30,59,105,0,0,45,15,60,9,7,75,74,165,8,28,36,201
04/19/2018,DHN,AL,ASO,ES,Federal Contract Tower,8,0,52,73,133,0,0,27,29,56,8,0,79,102,189,24,86,110,299
04/20/2018,DHN,AL,ASO,ES,Federal Contract Tower,7,2,22,47,78,0,0,44,39,83,7,2,66,86,161,46,172,218,379
04/21/2018,DHN,AL,ASO,ES,Federal Contract Tower,5,1,8,8,22,0,0,2,2,4,5,1,10,10,26,14,0,14,40
04/22/2018,DHN,AL,ASO,ES,Federal Contract Tower,4,0,12,1,17,0,0,0,0,0,4,0,12,1,17,0,0,0,17
04/23/2018,DHN,AL,ASO,ES,Federal Contract Tower,7,1,31,42,81,0,0,18,30,48,7,1,49,72,129,16,92,108,237
04/24/2018,DHN,AL,ASO,ES,Federal Contract Tower,8,8,28,36,80,0,0,21,19,40,8,8,49,55,120,4,166,170,290
04/25/2018,DHN,AL,ASO,ES,Federal Contract Tower,8,3,32,52,95,0,2,36,30,68,8,5,68,82,163,40,222,262,425
04/26/2018,DHN,AL,ASO,ES,Federal Contract Tower,10,2,16,36,64,0,0,32,13,45,10,2,48,49,109,104,116,220,329
04/27/2018,DHN,AL,ASO,ES,Federal Contract Tower,7,0,49,86,142,0,0,30,19,49,7,0,79,105,191,60,100,160,351
04/28/2018,DHN,AL,ASO,ES,Federal Contract Tower,5,1,16,0,22,0,0,12,2,14,5,1,28,2,36,14,2,16,52
04/29/2018,DHN,AL,ASO,ES,Federal Contract Tower,5,1,12,6,24,0,0,23,0,23,5,1,35,6,47,0,0,0,47
04/30/2018,DHN,AL,ASO,ES,Federal Contract Tower,7,0,27,28,62,0,0,38,30,68,7,0,65,58,130,38,262,300,430
05/01/2018,DHN,AL,ASO,ES,Federal Contract Tower,7,2,27,51,87,0,1,31,45,77,7,3,58,96,164,44,204,248,412
05/02/2018,DHN,AL,ASO,ES,Federal Contract Tower,7,4,11,71,93,0,0,29,38,67,7,4,40,109,160,26,180,206,366
05/03/2018,DHN,AL,ASO,ES,Federal Contract Tower,5,0,8,47,60,0,0,35,39,74,5,0,43,86,134,2,272,274,408
05/04/2018,DHN,AL,ASO,ES,Federal Contract Tower,7,1,19,83,110,0,0,41,29,70,7,1,60,112,180,34,174,208,388
05/05/2018,DHN,AL,ASO,ES,Federal Contract Tower,3,2,18,0,23,0,0,5,0,5,3,2,23,0,28,8,0,8,36
05/06/2018,DHN,AL,ASO,ES,Federal Contract Tower,4,3,10,24,41,0,0,18,3,21,4,3,28,27,62,14,2,16,78
05/07/2018,DHN,AL,ASO,ES,Federal Contract Tower,6,0,16,40,62,0,0,38,25,63,6,0,54,65,125,44,146,190,315
05/08/2018,DHN,AL,ASO,ES,Federal Contract Tower,6,3,24,34,67,0,0,36,34,70,6,3,60,68,137,20,214,234,371
05/09/2018,DHN,AL,ASO,ES,Federal Contract Tower,7,2,28,37,74,0,0,25,31,56,7,2,53,68,130,16,102,118,248
05/10/2018,DHN,AL,ASO,ES,Federal Contract Tower,7,3,40,47,97,0,0,26,30,56,7,3,66,77,153,12,186,198,351
05/11/2018,DHN,AL,ASO,ES,Federal Contract Tower,6,0,20,59,85,8,0,11,32,51,14,0,31,91,136,2,182,184,320
05/12/2018,DHN,AL,ASO,ES,Federal Contract Tower,5,0,7,2,14,0,0,9,1,10,5,0,16,3,24,16,0,16,40
05/13/2018,DHN,AL,ASO,ES,Federal Contract Tower,6,0,11,1,18,0,0,3,2,5,6,0,14,3,23,0,0,0,23
05/14/2018,DHN,AL,ASO,ES,Federal Contract Tower,8,0,28,49,85,0,0,15,37,52,8,0,43,86,137,20,224,244,381
05/15/2018,DHN,AL,ASO,ES,Federal Contract Tower,6,2,41,111,160,0,0,22,15,37,6,2,63,126,197,73,90,163,360
05/16/2018,DHN,AL,ASO,ES,Federal Contract Tower,7,3,39,56,105,0,0,12,7,19,7,3,51,63,124,0,62,62,186
05/17/2018,DHN,AL,ASO,ES,Federal Contract Tower,6,0,35,106,147,0,0,30,11,41,6,0,65,117,188,86,86,172,360
05/18/2018,DHN,AL,ASO,ES,Federal Contract Tower,7,2,25,59,93,0,0,15,22,37,7,2,40,81,130,12,126,138,268
05/19/2018,DHN,AL,ASO,ES,Federal Contract Tower,5,3,11,0,19,0,0,6,0,6,5,3,17,0,25,12,0,12,37
05/20/2018,DHN,AL,ASO,ES,Federal Contract Tower,6,2,7,3,18,0,0,2,2,4,6,2,9,5,22,0,0,0,22
05/21/2018,DHN,AL,ASO,ES,Federal Contract Tower,7,0,36,43,86,0,0,26,17,43,7,0,62,60,129,128,172,300,429
05/22/2018,DHN,AL,ASO,ES,Federal Contract Tower,8,3,27,56,94,0,0,21,8,29,8,3,48,64,123,80,32,112,235
05/23/2018,DHN,AL,ASO,ES,Federal Contract Tower,9,5,15,78,107,0,0,20,15,35,9,5,35,93,142,102,104,206,348
05/24/2018,DHN,AL,ASO,ES,Federal Contract Tower,7,5,36,91,139,0,0,25,18,43,7,5,61,109,182,24,60,84,266
05/25/2018,DHN,AL,ASO,ES,Federal Contract Tower,6,3,30,92,131,0,3,30,13,46,6,6,60,105,177,38,118,156,333
05/26/2018,DHN,AL,ASO,ES,Federal Contract Tower,5,1,8,0,14,0,0,21,0,21,5,1,29,0,35,64,0,64,99
05/27/2018,DHN,AL,ASO,ES,Federal Contract Tower,6,0,2,0,8,0,0,1,0,1,6,0,3,0,9,0,0,0,9
05/29/2018,DHN,AL,ASO,ES,Federal Contract Tower,7,8,23,64,102,0,0,8,8,16,7,8,31,72,118,14,68,82,200
05/30/2018,DHN,AL,ASO,ES,Federal Contract Tower,6,2,28,100,136,0,0,20,21,41,6,2,48,121,177,24,172,196,373
05/31/2018,DHN,AL,ASO,ES,Federal Contract Tower,6,3,35,82,126,0,0,22,12,34,6,3,57,94,160,22,92,114,274
06/01/2018,DHN,AL,ASO,ES,Federal Contract Tower,4,2,47,85,138,0,0,5,17,22,4,2,52,102,160,4,148,152,312
06/02/2018,DHN,AL,ASO,ES,Federal Contract Tower,5,4,12,7,28,0,0,9,0,9,5,4,21,7,37,0,0,0,37
06/03/2018,DHN,AL,ASO,ES,Federal Contract Tower,6,2,32,17,57,0,2,24,2,28,6,4,56,19,85,8,0,8,93
06/04/2018,DHN,AL,ASO,ES,Federal Contract Tower,7,0,32,69,108,0,0,44,44,88,7,0,76,113,196,36,224,260,456
06/05/2018,DHN,AL,ASO,ES,Federal Contract Tower,7,5,18,25,55,0,0,24,36,60,7,5,42,61,115,28,164,192,307
06/06/2018,DHN,AL,ASO,ES,Federal Contract Tower,8,3,21,40,72,0,0,22,41,63,8,3,43,81,135,22,192,214,349
06/07/2018,DHN,AL,ASO,ES,Federal Contract Tower,7,0,39,51,97,0,0,21,35,56,7,0,60,86,153,16,186,202,355
06/08/2018,DHN,AL,ASO,ES,Federal Contract Tower,6,0,20,53,79,0,0,16,28,44,6,0,36,81,123,6,160,166,289
06/09/2018,DHN,AL,ASO,ES,Federal Contract Tower,5,0,14,0,19,0,0,22,0,22,5,0,36,0,41,0,0,0,41
06/10/2018,DHN,AL,ASO,ES,Federal Contract Tower,5,0,11,14,30,0,0,7,2,9,5,0,18,16,39,12,0,12,51
06/11/2018,DHN,AL,ASO,ES,Federal Contract Tower,4,3,24,86,117,0,0,15,23,38,4,3,39,109,155,10,134,144,299
06/12/2018,DHN,AL,ASO,ES,Federal Contract Tower,7,3,20,78,108,0,0,19,14,33,7,3,39,92,141,32,70,102,243
06/13/2018,DHN,AL,ASO,ES,Federal Contract Tower,6,2,20,60,88,0,0,37,28,65,6,2,57,88,153,10,138,148,301
06/14/2018,DHN,AL,ASO,ES,Federal Contract Tower,7,0,31,71,109,0,0,18,16,34,7,0,49,87,143,16,42,58,201
06/15/2018,DHN,AL,ASO,ES,Federal Contract Tower,6,2,27,79,114,0,0,20,16,36,6,2,47,95,150,28,138,166,316
06/16/2018,DHN,AL,ASO,ES,Federal Contract Tower,5,0,6,0,11,0,0,1,0,1,5,0,7,0,12,4,0,4,16
06/17/2018,DHN,AL,ASO,ES,Federal Contract Tower,7,0,17,2,26,0,0,13,3,16,7,0,30,5,42,12,0,12,54
06/18/2018,DHN,AL,ASO,ES,Federal Contract Tower,7,5,68,42,122,0,0,42,37,79,7,5,110,79,201,10,198,208,409
06/19/2018,DHN,AL,ASO,ES,Federal Contract Tower,7,3,36,31,77,0,0,49,27,76,7,3,85,58,153,30,136,166,319
06/20/2018,DHN,AL,ASO,ES,Federal Contract Tower,7,3,18,15,43,0,0,38,19,57,7,3,56,34,100,22,102,124,224
06/21/2018,DHN,AL,ASO,ES,Federal Contract Tower,6,1,40,54,101,0,0,40,18,58,6,1,80,72,159,28,90,118,277
06/22/2018,DHN,AL,ASO,ES,Federal Contract Tower,7,0,41,46,94,0,0,39,27,66,7,0,80,73,160,58,124,182,342
06/23/2018,DHN,AL,ASO,ES,Federal Contract Tower,5,3,17,0,25,0,0,12,0,12,5,3,29,0,37,14,0,14,51
06/24/2018,DHN,AL,ASO,ES,Federal Contract Tower,7,2,11,30,50,0,0,29,9,38,7,2,40,39,88,16,8,24,112
06/25/2018,DHN,AL,ASO,ES,Federal Contract Tower,7,0,15,34,56,1,0,35,13,49,8,0,50,47,105,14,52,66,171
06/26/2018,DHN,AL,ASO,ES,Federal Contract Tower,6,2,24,21,53,0,0,31,13,44,6,2,55,34,97,10,64,74,171
06/27/2018,DHN,AL,ASO,ES,Federal Contract Tower,7,4,40,51,102,0,0,37,17,54,7,4,77,68,156,46,96,142,298
06/28/2018,DHN,AL,ASO,ES,Federal Contract Tower,5,1,34,43,83,0,0,18,22,40,5,1,52,65,123,0,92,92,215
06/29/2018,DHN,AL,ASO,ES,Federal Contract Tower,6,0,30,46,82,0,0,13,15,28,6,0,43,61,110,8,86,94,204
06/30/2018,DHN,AL,ASO,ES,Federal Contract Tower,4,0,6,0,10,0,0,10,0,10,4,0,16,0,20,10,0,10,30
07/01/2018,DHN,AL,ASO,ES,Federal Contract Tower,6,1,18,0,25,0,0,4,0,4,6,1,22,0,29,0,0,0,29
07/02/2018,DHN,AL,ASO,ES,Federal Contract Tower,5,0,32,32,69,0,0,12,16,28,5,0,44,48,97,16,110,126,223
07/03/2018,DHN,AL,ASO,ES,Federal Contract Tower,5,3,18,19,45,0,0,12,26,38,5,3,30,45,83,18,86,104,187
07/04/2018,DHN,AL,ASO,ES,Federal Contract Tower,5,1,5,2,13,0,0,7,2,9,5,1,12,4,22,12,0,12,34
07/05/2018,DHN,AL,ASO,ES,Federal Contract Tower,8,1,16,7,32,0,0,12,8,20,8,1,28,15,52,2,20,22,74
07/06/2018,DHN,AL,ASO,ES,Federal Contract Tower,5,2,13,30,50,0,2,15,31,48,5,4,28,61,98,0,134,134,232
07/07/2018,DHN,AL,ASO,ES,Federal Contract Tower,5,1,18,0,24,0,0,13,0,13,5,1,31,0,37,4,0,4,41
07/08/2018,DHN,AL,ASO,ES,Federal Contract Tower,8,1,14,6,29,0,0,11,1,12,8,1,25,7,41,10,0,10,51
07/09/2018,DHN,AL,ASO,ES,Federal Contract Tower,7,0,10,37,54,0,0,11,28,39,7,0,21,65,93,0,104,104,197
07/10/2018,DHN,AL,ASO,ES,Federal Contract Tower,7,2,19,11,39,0,0,10,48,58,7,2,29,59,97,2,130,132,229
07/11/2018,DHN,AL,ASO,ES,Federal Contract Tower,7,4,27,33,71,0,0,10,41,51,7,4,37,74,122,8,108,116,238
07/12/2018,DHN,AL,ASO,ES,Federal Contract Tower,7,1,36,52,96,0,0,34,15,49,7,1,70,67,145,6,98,104,249
07/13/2018,DHN,AL,ASO,ES,Federal Contract Tower,7,0,16,66,89,0,1,25,18,44,7,1,41,84,133,6,66,72,205
07/14/2018,DHN,AL,ASO,ES,Federal Contract Tower,4,0,12,0,16,0,0,13,0,13,4,0,25,0,29,2,0,2,31
07/15/2018,DHN,AL,ASO,ES,Federal Contract Tower,6,0,16,0,22,0,0,7,0,7,6,0,23,0,29,14,0,14,43
07/16/2018,DHN,AL,ASO,ES,Federal Contract Tower,7,1,38,72,118,0,0,11,47,58,7,1,49,119,176,0,150,150,326
07/17/2018,DHN,AL,ASO,ES,Federal Contract Tower,8,4,28,113,153,0,0,33,26,59,8,4,61,139,212,32,144,176,388
07/18/2018,DHN,AL,ASO,ES,Federal Contract Tower,7,2,39,50,98,0,0,23,21,44,7,2,62,71,142,34,126,160,302
07/19/2018,DHN,AL,ASO,ES,Federal Contract Tower,5,1,17,23,46,4,0,23,23,50,9,1,40,46,96,12,70,82,178
07/20/2018,DHN,AL,ASO,ES,Federal Contract Tower,7,2,34,69,112,0,0,19,31,50,7,2,53,100,162,50,124,174,336
07/21/2018,DHN,AL,ASO,ES,Federal Contract Tower,5,1,11,0,17,0,0,13,0,13,5,1,24,0,30,2,0,2,32
07/22/2018,DHN,AL,ASO,ES,Federal Contract Tower,7,0,11,0,18,0,0,25,0,25,7,0,36,0,43,30,0,30,73
07/23/2018,DHN,AL,ASO,ES,Federal Contract Tower,7,3,33,70,113,0,0,42,6,48,7,3,75,76,161,30,10,40,201
07/24/2018,DHN,AL,ASO,ES,Federal Contract Tower,7,2,23,57,89,0,0,33,15,48,7,2,56,72,137,50,48,98,235
07/25/2018,DHN,AL,ASO,ES,Federal Contract Tower,8,2,33,65,108,0,1,32,14,47,8,3,65,79,155,10,46,56,211
07/26/2018,DHN,AL,ASO,ES,Federal Contract Tower,5,4,28,60,97,0,0,39,10,49,5,4,67,70,146,78,60,138,284
07/27/2018,DHN,AL,ASO,ES,Federal Contract Tower,7,0,31,67,105,0,0,31,34,65,7,0,62,101,170,32,90,122,292
07/28/2018,DHN,AL,ASO,ES,Federal Contract Tower,5,0,6,0,11,0,0,8,0,8,5,0,14,0,19,4,0,4,23
07/29/2018,DHN,AL,ASO,ES,Federal Contract Tower,4,0,17,8,29,0,0,11,5,16,4,0,28,13,45,8,0,8,53
07/30/2018,DHN,AL,ASO,ES,Federal Contract Tower,7,0,17,64,88,0,0,37,29,66,7,0,54,93,154,16,88,104,258
07/31/2018,DHN,AL,ASO,ES,Federal Contract Tower,5,2,19,57,83,0,0,28,30,58,5,2,47,87,141,10,142,152,293
08/01/2018,DHN,AL,ASO,ES,Federal Contract Tower,7,2,18,90,117,0,0,0,0,0,7,2,18,90,117,0,0,0,117
08/02/2018,DHN,AL,ASO,ES,Federal Contract Tower,6,0,20,47,73,0,0,0,0,0,6,0,20,47,73,0,14,14,87
08/03/2018,DHN,AL,ASO,ES,Federal Contract Tower,8,2,28,38,76,0,0,12,22,34,8,2,40,60,110,24,120,144,254
08/04/2018,DHN,AL,ASO,ES,Federal Contract Tower,5,0,9,0,14,0,0,24,0,24,5,0,33,0,38,60,0,60,98
08/05/2018,DHN,AL,ASO,ES,Federal Contract Tower,6,2,16,2,26,0,0,25,3,28,6,2,41,5,54,22,12,34,88
08/06/2018,DHN,AL,ASO,ES,Federal Contract Tower,6,6,24,43,79,0,0,20,37,57,6,6,44,80,136,24,152,176,312
08/07/2018,DHN,AL,ASO,ES,Federal Contract Tower,7,2,27,50,86,0,0,16,22,38,7,2,43,72,124,22,82,104,228
08/08/2018,DHN,AL,ASO,ES,Federal Contract Tower,7,2,6,35,50,0,0,17,29,46,7,2,23,64,96,18,60,78,174
08/09/2018,DHN,AL,ASO,ES,Federal Contract Tower,7,0,17,37,61,0,0,13,38,51,7,0,30,75,112,8,88,96,208
08/10/2018,DHN,AL,ASO,ES,Federal Contract Tower,7,0,30,65,102,0,0,21,21,42,7,0,51,86,144,20,110,130,274
08/11/2018,DHN,AL,ASO,ES,Federal Contract Tower,5,0,8,15,28,0,0,15,1,16,5,0,23,16,44,28,0,28,72
08/12/2018,DHN,AL,ASO,ES,Federal Contract Tower,7,0,12,39,58,0,2,16,8,26,7,2,28,47,84,8,0,8,92
08/13/2018,DHN,AL,ASO,ES,Federal Contract Tower,7,1,30,36,74,0,0,20,17,37,7,1,50,53,111,12,64,76,187
08/14/2018,DHN,AL,ASO,ES,Federal Contract Tower,7,4,15,17,43,1,0,25,34,60,8,4,40,51,103,20,148,168,271
08/15/2018,DHN,AL,ASO,ES,Federal Contract Tower,7,4,18,11,40,0,0,37,21,58,7,4,55,32,98,20,106,126,224
08/16/2018,DHN,AL,ASO,ES,Federal Contract Tower,7,0,28,16,51,0,0,40,15,55,7,0,68,31,106,144,57,201,307
08/17/2018,DHN,AL,ASO,ES,Federal Contract Tower,8,0,27,63,98,0,0,35,18,53,8,0,62,81,151,58,182,240,391
08/18/2018,DHN,AL,ASO,ES,Federal Contract Tower,5,1,3,10,19,0,0,12,0,12,5,1,15,10,31,30,0,30,61
08/19/2018,DHN,AL,ASO,ES,Federal Contract Tower,6,2,2,11,21,0,2,6,2,10,6,4,8,13,31,6,0,6,37
08/20/2018,DHN,AL,ASO,ES,Federal Contract Tower,5,0,24,51,80,0,0,24,30,54,5,0,48,81,134,66,154,220,354
08/21/2018,DHN,AL,ASO,ES,Federal Contract Tower,8,2,16,30,56,0,2,30,15,47,8,4,46,45,103,28,62,90,193
08/22/2018,DHN,AL,ASO,ES,Federal Contract Tower,7,4,33,51,95,0,0,36,9,45,7,4,69,60,140,16,82,98,238
08/23/2018,DHN,AL,ASO,ES,Federal Contract Tower,6,0,44,50,100,0,0,36,24,60,6,0,80,74,160,42,96,138,298
08/24/2018,DHN,AL,ASO,ES,Federal Contract Tower,6,0,51,47,104,0,0,18,12,30,6,0,69,59,134,16,86,102,236
08/25/2018,DHN,AL,ASO,ES,Federal Contract Tower,5,0,6,7,18,0,0,7,3,10,5,0,13,10,28,54,6,60,88
08/26/2018,DHN,AL,ASO,ES,Federal Contract Tower,5,0,15,3,23,0,0,30,2,32,5,0,45,5,55,24,0,24,79
08/27/2018,DHN,AL,ASO,ES,Federal Contract Tower,7,1,30,52,90,0,0,47,22,69,7,1,77,74,159,40,150,190,349
08/28/2018,DHN,AL,ASO,ES,Federal Contract Tower,7,5,18,28,58,0,2,33,17,52,7,7,51,45,110,44,56,100,210
08/29/2018,DHN,AL,ASO,ES,Federal Contract Tower,6,2,10,60,78,0,0,23,6,29,6,2,33,66,107,24,52,76,183
08/30/2018,DHN,AL,ASO,ES,Federal Contract Tower,6,0,23,47,76,0,0,6,13,19,6,0,29,60,95,8,56,64,159
08/31/2018,DHN,AL,ASO,ES,Federal Contract Tower,6,2,18,6,32,0,0,1,0,1,6,2,19,6,33,0,0,0,33
09/01/2018,DHN,AL,ASO,ES,Federal Contract Tower,3,0,9,0,12,0,0,5,0,5,3,0,14,0,17,0,0,0,17
09/02/2018,DHN,AL,ASO,ES,Federal Contract Tower,3,0,2,0,5,0,0,11,0,11,3,0,13,0,16,10,0,10,26
09/03/2018,DHN,AL,ASO,ES,Federal Contract Tower,4,0,13,0,17,0,0,2,0,2,4,0,15,0,19,10,0,10,29
09/04/2018,DHN,AL,ASO,ES,Federal Contract Tower,6,3,8,68,85,0,0,0,11,11,6,3,8,79,96,0,80,80,176
09/05/2018,DHN,AL,ASO,ES,Federal Contract Tower,5,2,11,70,88,0,0,0,23,23,5,2,11,93,111,2,60,62,173
09/06/2018,DHN,AL,ASO,ES,Federal Contract Tower,5,1,21,51,78,0,0,17,34,51,5,1,38,85,129,4,182,186,315
09/07/2018,DHN,AL,ASO,ES,Federal Contract Tower,5,0,22,67,94,0,0,27,24,51,5,0,49,91,145,34,122,156,301
09/08/2018,DHN,AL,ASO,ES,Federal Contract Tower,3,2,21,4,30,0,0,22,0,22,3,2,43,4,52,44,0,44,96
09/09/2018,DHN,AL,ASO,ES,Federal Contract Tower,7,1,16,11,35,0,0,7,0,7,7,1,23,11,42,0,6,6,48
09/10/2018,DHN,AL,ASO,ES,Federal Contract Tower,7,1,34,44,86,0,0,26,26,52,7,1,60,70,138,16,118,134,272
09/11/2018,DHN,AL,ASO,ES,Federal Contract Tower,7,2,19,88,116,0,0,21,36,57,7,2,40,124,173,12,146,158,331
09/12/2018,DHN,AL,ASO,ES,Federal Contract Tower,7,2,20,51,80,0,0,29,32,61,7,2,49,83,141,6,142,148,289
09/13/2018,DHN,AL,ASO,ES,Federal Contract Tower,7,2,25,29,63,0,0,19,19,38,7,2,44,48,101,10,122,132,233
09/14/2018,DHN,AL,ASO,ES,Federal Contract Tower,8,1,27,47,83,0,2,28,25,55,8,3,55,72,138,28,92,120,258
09/15/2018,DHN,AL,ASO,ES,Federal Contract Tower,4,1,20,8,33,0,0,25,0,25,4,1,45,8,58,10,0,10,68
09/16/2018,DHN,AL,ASO,ES,Federal Contract Tower,7,0,19,28,54,0,0,10,2,12,7,0,29,30,66,8,0,8,74
09/17/2018,DHN,AL,ASO,ES,Federal Contract Tower,6,3,22,66,97,0,0,15,29,44,6,3,37,95,141,30,142,172,313
09/18/2018,DHN,AL,ASO,ES,Federal Contract Tower,7,5,21,90,123,0,0,32,31,63,7,5,53,121,186,16,136,152,338
09/19/2018,DHN,AL,ASO,ES,Federal Contract Tower,6,3,34,100,143,0,0,31,22,53,6,3,65,122,196,48,68,116,312
09/20/2018,DHN,AL,ASO,ES,Federal Contract Tower,6,0,28,60,94,0,0,30,24,54,6,0,58,84,148,18,140,158,306
09/21/2018,DHN,AL,ASO,ES,Federal Contract Tower,8,3,27,95,133,0,0,26,18,44,8,3,53,113,177,22,112,134,311
09/22/2018,DHN,AL,ASO,ES,Federal Contract Tower,7,0,18,0,25,0,0,42,0,42,7,0,60,0,67,24,0,24,91
09/23/2018,DHN,AL,ASO,ES,Federal Contract Tower,7,0,9,0,16,0,0,44,5,49,7,0,53,5,65,20,6,26,91
09/24/2018,DHN,AL,ASO,ES,Federal Contract Tower,7,3,17,103,130,0,0,32,18,50,7,3,49,121,180,12,60,72,252
09/25/2018,DHN,AL,ASO,ES,Federal Contract Tower,7,4,34,77,122,0,0,15,13,28,7,4,49,90,150,14,52,66,216
09/26/2018,DHN,AL,ASO,ES,Federal Contract Tower,7,2,28,52,89,0,0,32,21,53,7,2,60,73,142,42,110,152,294
09/27/2018,DHN,AL,ASO,ES,Federal Contract Tower,6,1,46,40,93,0,0,4,14,18,6,1,50,54,111,26,66,92,203
09/28/2018,DHN,AL,ASO,ES,Federal Contract Tower,8,1,15,31,55,0,2,21,17,40,8,3,36,48,95,28,36,64,159
09/29/2018,DHN,AL,ASO,ES,Federal Contract Tower,5,0,18,1,24,0,0,18,0,18,5,0,36,1,42,42,0,42,84
09/30/2018,DHN,AL,ASO,ES,Federal Contract Tower,8,0,31,2,41,0,0,27,0,27,8,0,58,2,68,24,0,24,92
10/01/2018,DHN,AL,ASO,ES,Federal Contract Tower,7,0,20,52,79,0,0,16,6,22,7,0,36,58,101,26,16,42,143
10/02/2018,DHN,AL,ASO,ES,Federal Contract Tower,6,3,30,39,78,0,0,18,25,43,6,3,48,64,121,12,108,120,241
10/03/2018,DHN,AL,ASO,ES,Federal Contract Tower,9,4,15,50,78,0,0,13,23,36,9,4,28,73,114,6,102,108,222
10/04/2018,DHN,AL,ASO,ES,Federal Contract Tower,6,0,31,34,71,0,0,14,24,38,6,0,45,58,109,14,140,154,263
10/05/2018,DHN,AL,ASO,ES,Federal Contract Tower,7,0,37,92,136,0,0,17,13,30,7,0,54,105,166,12,144,156,322
10/06/2018,DHN,AL,ASO,ES,Federal Contract Tower,6,0,9,0,15,0,0,32,0,32,6,0,41,0,47,6,0,6,53
10/07/2018,DHN,AL,ASO,ES,Federal Contract Tower,8,0,19,0,27,0,0,23,0,23,8,0,42,0,50,8,0,8,58
10/08/2018,DHN,AL,ASO,ES,Federal Contract Tower,7,2,34,0,43,0,0,1,0,1,7,2,35,0,44,0,0,0,44
10/09/2018,DHN,AL,ASO,ES,Federal Contract Tower,6,5,19,52,82,0,0,12,3,15,6,5,31,55,97,8,14,22,119
10/10/2018,DHN,AL,ASO,ES,Federal Contract Tower,2,0,0,0,2,0,0,0,0,0,2,0,0,0,2,0,0,0,2
10/11/2018,DHN,AL,ASO,ES,Federal Contract Tower,6,0,10,0,16,0,0,6,4,10,6,0,16,4,26,10,0,10,36
10/12/2018,DHN,AL,ASO,ES,Federal Contract Tower,8,0,33,54,95,0,0,52,9,61,8,0,85,63,156,68,102,170,326
10/13/2018,DHN,AL,ASO,ES,Federal Contract Tower,6,0,8,26,40,0,0,32,0,32,6,0,40,26,72,4,0,4,76
10/14/2018,DHN,AL,ASO,ES,Federal Contract Tower,6,0,13,6,25,0,0,22,0,22,6,0,35,6,47,26,0,26,73
10/15/2018,DHN,AL,ASO,ES,Federal Contract Tower,7,0,27,62,96,0,0,21,19,40,7,0,48,81,136,36,144,180,316
10/16/2018,DHN,AL,ASO,ES,Federal Contract Tower,6,2,20,40,68,0,1,22,12,35,6,3,42,52,103,14,92,106,209
10/17/2018,DHN,AL,ASO,ES,Federal Contract Tower,6,2,18,32,58,0,0,16,8,24,6,2,34,40,82,32,72,104,186
10/18/2018,DHN,AL,ASO,ES,Federal Contract Tower,7,3,32,38,80,0,0,31,7,38,7,3,63,45,118,24,42,66,184
10/19/2018,DHN,AL,ASO,ES,Federal Contract Tower,7,0,37,48,92,0,0,14,7,21,7,0,51,55,113,46,118,164,277
10/20/2018,DHN,AL,ASO,ES,Federal Contract Tower,4,0,15,12,31,0,0,4,0,4,4,0,19,12,35,6,0,6,41
10/21/2018,DHN,AL,ASO,ES,Federal Contract Tower,5,2,23,10,40,0,0,22,0,22,5,2,45,10,62,2,0,2,64
10/22/2018,DHN,AL,ASO,ES,Federal Contract Tower,5,1,30,20,56,0,1,34,11,46,5,2,64,31,102,56,102,158,260
10/23/2018,DHN,AL,ASO,ES,Federal Contract Tower,7,3,22,42,74,0,2,37,24,63,7,5,59,66,137,58,124,182,319
10/24/2018,DHN,AL,ASO,ES,Federal Contract Tower,9,4,19,26,58,0,0,31,24,55,9,4,50,50,113,32,74,106,219
10/25/2018,DHN,AL,ASO,ES,Federal Contract Tower,7,3,27,48,85,0,0,27,11,38,7,3,54,59,123,2,12,14,137
10/26/2018,DHN,AL,ASO,ES,Federal Contract Tower,4,0,39,43,86,0,0,13,8,21,4,0,52,51,107,50,40,90,197
10/27/2018,DHN,AL,ASO,ES,Federal Contract Tower,5,0,23,0,28,0,3,21,0,24,5,3,44,0,52,36,0,36,88
10/28/2018,DHN,AL,ASO,ES,Federal Contract Tower,4,0,13,2,19,0,0,33,0,33,4,0,46,2,52,14,0,14,66
10/29/2018,DHN,AL,ASO,ES,Federal Contract Tower,5,0,25,31,61,0,1,41,22,64,5,1,66,53,125,36,122,158,283
10/30/2018,DHN,AL,ASO,ES,Federal Contract Tower,4,2,18,50,74,0,0,39,43,82,4,2,57,93,156,62,144,206,362
10/31/2018,DHN,AL,ASO,ES,Federal Contract Tower,5,4,27,64,100,0,0,41,38,79,5,4,68,102,179,16,194,210,389
11/01/2018,DHN,AL,ASO,ES,Federal Contract Tower,4,0,31,58,93,0,0,8,9,17,4,0,39,67,110,0,74,74,184
11/02/2018,DHN,AL,ASO,ES,Federal Contract Tower,5,0,22,43,70,0,0,16,14,30,5,0,38,57,100,46,112,158,258
11/03/2018,DHN,AL,ASO,ES,Federal Contract Tower,5,2,17,0,24,0,0,27,2,29,5,2,44,2,53,54,0,54,107
11/04/2018,DHN,AL,ASO,ES,Federal Contract Tower,7,0,24,7,38,0,0,20,6,26,7,0,44,13,64,14,0,14,78
11/05/2018,DHN,AL,ASO,ES,Federal Contract Tower,7,0,37,60,104,0,0,13,12,25,7,0,50,72,129,10,74,84,213
11/06/2018,DHN,AL,ASO,ES,Federal Contract Tower,7,2,32,67,108,0,1,16,23,40,7,3,48,90,148,48,118,166,314
11/07/2018,DHN,AL,ASO,ES,Federal Contract Tower,8,2,30,29,69,0,0,3,5,8,8,2,33,34,77,16,32,48,125
11/08/2018,DHN,AL,ASO,ES,Federal Contract Tower,4,0,25,98,127,0,0,22,28,50,4,0,47,126,177,16,172,188,365
11/09/2018,DHN,AL,ASO,ES,Federal Contract Tower,6,1,29,34,70,0,0,12,4,16,6,1,41,38,86,0,48,48,134
11/10/2018,DHN,AL,ASO,ES,Federal Contract Tower,5,0,16,2,23,0,0,8,0,8,5,0,24,2,31,42,0,42,73
11/11/2018,DHN,AL,ASO,ES,Federal Contract Tower,5,1,25,10,41,0,3,20,9,32,5,4,45,19,73,26,0,26,99
11/12/2018,DHN,AL,ASO,ES,Federal Contract Tower,7,0,5,0,12,0,0,0,0,0,7,0,5,0,12,0,0,0,12
11/13/2018,DHN,AL,ASO,ES,Federal Contract Tower,8,2,48,75,133,0,0,0,0,0,8,2,48,75,133,0,0,0,133
11/14/2018,DHN,AL,ASO,ES,Federal Contract Tower,7,5,35,82,129,0,0,0,0,0,7,5,35,82,129,0,0,0,129
11/15/2018,DHN,AL,ASO,ES,Federal Contract Tower,7,2,42,55,106,0,0,3,2,5,7,2,45,57,111,4,12,16,127
11/16/2018,DHN,AL,ASO,ES,Federal Contract Tower,7,2,58,65,132,0,0,37,30,67,7,2,95,95,199,40,140,180,379
11/17/2018,DHN,AL,ASO,ES,Federal Contract Tower,5,0,19,41,65,0,0,44,4,48,5,0,63,45,113,62,10,72,185
11/18/2018,DHN,AL,ASO,ES,Federal Contract Tower,4,0,26,4,34,0,0,29,5,34,4,0,55,9,68,10,0,10,78
11/19/2018,DHN,AL,ASO,ES,Federal Contract Tower,5,2,18,69,94,0,0,9,26,35,5,2,27,95,129,6,112,118,247
11/20/2018,DHN,AL,ASO,ES,Federal Contract Tower,7,4,10,82,103,0,0,35,24,59,7,4,45,106,162,40,128,168,330
11/21/2018,DHN,AL,ASO,ES,Federal Contract Tower,5,4,17,21,47,0,0,40,31,71,5,4,57,52,118,38,158,196,314
11/22/2018,DHN,AL,ASO,ES,Federal Contract Tower,6,0,0,0,6,0,0,4,0,4,6,0,4,0,10,0,0,0,10
11/23/2018,DHN,AL,ASO,ES,Federal Contract Tower,6,2,16,0,24,0,0,7,0,7,6,2,23,0,31,18,0,18,49
11/24/2018,DHN,AL,ASO,ES,Federal Contract Tower,5,0,12,0,17,0,0,2,0,2,5,0,14,0,19,0,0,0,19
11/25/2018,DHN,AL,ASO,ES,Federal Contract Tower,5,1,21,5,32,0,0,8,0,8,5,1,29,5,40,12,0,12,52
11/26/2018,DHN,AL,ASO,ES,Federal Contract Tower,6,2,15,56,79,0,0,15,39,54,6,2,30,95,133,28,199,227,360
11/27/2018,DHN,AL,ASO,ES,Federal Contract Tower,7,2,31,40,80,0,0,27,36,63,7,2,58,76,143,54,196,250,393
11/28/2018,DHN,AL,ASO,ES,Federal Contract Tower,6,2,24,47,79,0,0,35,32,67,6,2,59,79,146,20,108,128,274
11/29/2018,DHN,AL,ASO,ES,Federal Contract Tower,9,1,15,63,88,0,2,38,35,75,9,3,53,98,163,60,172,232,395
11/30/2018,DHN,AL,ASO,ES,Federal Contract Tower,7,2,30,24,63,0,2,38,28,68,7,4,68,52,131,60,148,208,339
12/01/2018,DHN,AL,ASO,ES,Federal Contract Tower,5,0,10,28,43,0,0,0,0,0,5,0,10,28,43,0,0,0,43
12/02/2018,DHN,AL,ASO,ES,Federal Contract Tower,5,0,6,3,14,0,0,3,2,5,5,0,9,5,19,0,0,0,19
12/03/2018,DHN,AL,ASO,ES,Federal Contract Tower,7,0,16,30,53,0,2,24,25,51,7,2,40,55,104,58,136,194,298
12/04/2018,DHN,AL,ASO,ES,Federal Contract Tower,7,3,18,20,48,0,0,43,14,57,7,3,61,34,105,58,48,106,211
12/05/2018,DHN,AL,ASO,ES,Federal Contract Tower,8,2,25,15,50,0,0,13,3,16,8,2,38,18,66,10,0,10,76
12/06/2018,DHN,AL,ASO,ES,Federal Contract Tower,10,2,27,34,73,0,0,42,14,56,10,2,69,48,129,42,86,128,257
12/07/2018,DHN,AL,ASO,ES,Federal Contract Tower,7,0,24,52,83,0,0,29,15,44,7,0,53,67,127,50,92,142,269
12/08/2018,DHN,AL,ASO,ES,Federal Contract Tower,5,0,8,5,18,0,0,4,2,6,5,0,12,7,24,2,0,2,26
12/09/2018,DHN,AL,ASO,ES,Federal Contract Tower,4,4,10,3,21,0,0,0,0,0,4,4,10,3,21,0,0,0,21
12/10/2018,DHN,AL,ASO,ES,Federal Contract Tower,6,2,39,20,67,0,0,0,0,0,6,2,39,20,67,0,0,0,67
12/11/2018,DHN,AL,ASO,ES,Federal Contract Tower,6,4,30,70,110,0,0,32,14,46,6,4,62,84,156,16,94,110,266
12/12/2018,DHN,AL,ASO,ES,Federal Contract Tower,5,5,23,55,88,0,0,10,19,29,5,5,33,74,117,0,90,90,207
12/13/2018,DHN,AL,ASO,ES,Federal Contract Tower,7,1,34,59,101,0,0,10,37,47,7,1,44,96,148,20,230,250,398
12/14/2018,DHN,AL,ASO,ES,Federal Contract Tower,6,1,19,44,70,0,0,0,2,2,6,1,19,46,72,0,0,0,72
12/15/2018,DHN,AL,ASO,ES,Federal Contract Tower,5,0,32,20,57,0,0,9,7,16,5,0,41,27,73,42,0,42,115
12/16/2018,DHN,AL,ASO,ES,Federal Contract Tower,7,1,18,6,32,0,0,11,1,12,7,1,29,7,44,15,6,21,65
12/17/2018,DHN,AL,ASO,ES,Federal Contract Tower,6,2,25,69,102,0,0,15,36,51,6,2,40,105,153,8,164,172,325
12/18/2018,DHN,AL,ASO,ES,Federal Contract Tower,7,2,31,72,112,0,0,31,44,75,7,2,62,116,187,20,166,186,373
12/19/2018,DHN,AL,ASO,ES,Federal Contract Tower,7,2,27,53,89,0,0,32,35,67,7,2,59,88,156,4,206,210,366
12/20/2018,DHN,AL,ASO,ES,Federal Contract Tower,6,0,9,0,15,0,0,0,0,0,6,0,9,0,15,0,0,0,15
12/21/2018,DHN,AL,ASO,ES,Federal Contract Tower,8,0,16,2,26,0,0,0,2,2,8,0,16,4,28,0,4,4,32
12/22/2018,DHN,AL,ASO,ES,Federal Contract Tower,7,0,19,0,26,0,0,40,0,40,7,0,59,0,66,56,0,56,122
12/23/2018,DHN,AL,ASO,ES,Federal Contract Tower,6,1,27,0,34,0,0,10,0,10,6,1,37,0,44,26,0,26,70
12/24/2018,DHN,AL,ASO,ES,Federal Contract Tower,4,0,6,0,10,0,0,18,0,18,4,0,24,0,28,28,0,28,56
12/25/2018,DHN,AL,ASO,ES,Federal Contract Tower,3,0,4,0,7,0,0,6,0,6,3,0,10,0,13,8,0,8,21
12/26/2018,DHN,AL,ASO,ES,Federal Contract Tower,6,2,19,8,35,0,0,15,3,18,6,2,34,11,53,20,26,46,99
12/27/2018,DHN,AL,ASO,ES,Federal Contract Tower,6,1,25,3,35,0,0,1,9,10,6,1,26,12,45,0,32,32,77
12/28/2018,DHN,AL,ASO,ES,Federal Contract Tower,7,3,6,0,16,0,0,0,0,0,7,3,6,0,16,0,0,0,16
12/29/2018,DHN,AL,ASO,ES,Federal Contract Tower,6,0,8,0,14,0,0,0,0,0,6,0,8,0,14,0,0,0,14
12/30/2018,DHN,AL,ASO,ES,Federal Contract Tower,6,2,14,0,22,0,0,1,0,1,6,2,15,0,23,0,0,0,23
12/31/2018,DHN,AL,ASO,ES,Federal Contract Tower,4,2,9,2,17,0,0,2,0,2,4,2,11,2,19,0,0,0,19
01/01/2019,DHN,AL,ASO,ES,Federal Contract Tower,3,1,12,0,16,0,0,2,0,2,3,1,14,0,18,4,0,4,22
01/02/2019,DHN,AL,ASO,ES,Federal Contract Tower,7,5,39,6,57,0,0,2,0,2,7,5,41,6,59,10,0,10,69
01/03/2019,DHN,AL,ASO,ES,Federal Contract Tower,5,4,22,64,95,0,0,2,11,13,5,4,24,75,108,0,92,92,200
01/04/2019,DHN,AL,ASO,ES,Federal Contract Tower,5,0,24,88,117,0,0,10,10,20,5,0,34,98,137,4,102,106,243
01/05/2019,DHN,AL,ASO,ES,Federal Contract Tower,4,0,24,14,42,0,0,35,0,35,4,0,59,14,77,42,4,46,123
01/06/2019,DHN,AL,ASO,ES,Federal Contract Tower,6,0,25,20,51,0,2,31,1,34,6,2,56,21,85,12,0,12,97
01/07/2019,DHN,AL,ASO,ES,Federal Contract Tower,7,3,12,45,67,0,0,25,48,73,7,3,37,93,140,14,242,256,396
01/08/2019,DHN,AL,ASO,ES,Federal Contract Tower,7,3,16,67,93,0,0,24,29,53,7,3,40,96,146,12,258,270,416
01/09/2019,DHN,AL,ASO,ES,Federal Contract Tower,6,3,29,64,102,0,0,25,38,63,6,3,54,102,165,20,182,202,367
01/10/2019,DHN,AL,ASO,ES,Federal Contract Tower,7,0,20,26,53,0,4,22,32,58,7,4,42,58,111,0,190,190,301
01/11/2019,DHN,AL,ASO,ES,Federal Contract Tower,7,0,16,49,72,0,0,38,40,78,7,0,54,89,150,7,158,165,315
01/12/2019,DHN,AL,ASO,ES,Federal Contract Tower,5,0,10,0,15,0,1,0,2,3,5,1,10,2,18,0,0,0,18
01/13/2019,DHN,AL,ASO,ES,Federal Contract Tower,4,0,14,3,21,0,0,9,0,9,4,0,23,3,30,2,0,2,32
01/14/2019,DHN,AL,ASO,ES,Federal Contract Tower,7,0,24,77,108,0,0,8,25,33,7,0,32,102,141,26,140,166,307
01/15/2019,DHN,AL,ASO,ES,Federal Contract Tower,7,2,25,38,72,0,0,13,39,52,7,2,38,77,124,2,198,200,324
01/16/2019,DHN,AL,ASO,ES,Federal Contract Tower,7,2,18,83,110,0,0,34,28,62,7,2,52,111,172,14,114,128,300
01/17/2019,DHN,AL,ASO,ES,Federal Contract Tower,6,2,25,58,91,0,0,20,39,59,6,2,45,97,150,14,136,150,300
01/18/2019,DHN,AL,ASO,ES,Federal Contract Tower,6,2,23,35,66,0,0,13,6,19,6,2,36,41,85,70,48,118,203
01/19/2019,DHN,AL,ASO,ES,Federal Contract Tower,5,0,4,0,9,0,0,0,0,0,5,0,4,0,9,0,0,0,9
01/20/2019,DHN,AL,ASO,ES,Federal Contract Tower,5,0,9,16,30,0,0,5,1,6,5,0,14,17,36,2,6,8,44
01/21/2019,DHN,AL,ASO,ES,Federal Contract Tower,7,0,19,0,26,0,0,29,0,29,7,0,48,0,55,22,0,22,77
01/22/2019,DHN,AL,ASO,ES,Federal Contract Tower,7,4,13,79,103,0,0,32,29,61,7,4,45,108,164,14,140,154,318
01/23/2019,DHN,AL,ASO,ES,Federal Contract Tower,9,3,19,67,98,0,0,17,17,34,9,3,36,84,132,10,84,94,226
01/24/2019,DHN,AL,ASO,ES,Federal Contract Tower,7,1,52,54,114,0,0,13,8,21,7,1,65,62,135,42,56,98,233
01/25/2019,DHN,AL,ASO,ES,Federal Contract Tower,7,1,19,68,95,0,2,33,31,66,7,3,52,99,161,94,118,212,373
01/26/2019,DHN,AL,ASO,ES,Federal Contract Tower,5,2,23,30,60,0,4,38,0,42,5,6,61,30,102,18,0,18,120
01/27/2019,DHN,AL,ASO,ES,Federal Contract Tower,7,0,4,26,37,0,2,8,2,12,7,2,12,28,49,0,10,10,59
01/28/2019,DHN,AL,ASO,ES,Federal Contract Tower,6,0,21,98,125,0,0,38,30,68,6,0,59,128,193,40,110,150,343
01/29/2019,DHN,AL,ASO,ES,Federal Contract Tower,5,3,38,44,90,0,0,22,4,26,5,3,60,48,116,26,58,84,200
01/30/2019,DHN,AL,ASO,ES,Federal Contract Tower,7,4,29,68,108,0,0,60,31,91,7,4,89,99,199,52,150,202,401
01/31/2019,DHN,AL,ASO,ES,Federal Contract Tower,9,0,33,52,94,0,0,32,16,48,9,0,65,68,142,32,52,84,226
02/01/2019,DHN,AL,ASO,ES,Federal Contract Tower,6,2,18,52,78,0,0,22,10,32,6,2,40,62,110,0,106,106,216
02/02/2019,DHN,AL,ASO,ES,Federal Contract Tower,5,1,12,0,18,0,0,0,0,0,5,1,12,0,18,0,0,0,18
02/03/2019,DHN,AL,ASO,ES,Federal Contract Tower,5,0,15,14,34,0,0,4,3,7,5,0,19,17,41,0,0,0,41
02/04/2019,DHN,AL,ASO,ES,Federal Contract Tower,6,0,56,46,108,0,0,4,14,18,6,0,60,60,126,0,72,72,198
02/05/2019,DHN,AL,ASO,ES,Federal Contract Tower,7,3,52,35,97,0,0,18,7,25,7,3,70,42,122,36,26,62,184
02/06/2019,DHN,AL,ASO,ES,Federal Contract Tower,7,7,28,61,103,0,0,4,15,19,7,7,32,76,122,10,118,128,250
02/07/2019,DHN,AL,ASO,ES,Federal Contract Tower,6,1,36,76,119,0,2,9,24,35,6,3,45,100,154,10,114,124,278
02/08/2019,DHN,AL,ASO,ES,Federal Contract Tower,7,0,18,70,95,0,0,5,24,29,7,0,23,94,124,2,176,178,302
02/09/2019,DHN,AL,ASO,ES,Federal Contract Tower,5,0,37,2,44,0,0,18,0,18,5,0,55,2,62,10,0,10,72
02/10/2019,DHN,AL,ASO,ES,Federal Contract Tower,6,5,15,13,39,0,0,0,9,9,6,5,15,22,48,0,0,0,48
02/11/2019,DHN,AL,ASO,ES,Federal Contract Tower,7,2,32,70,111,0,0,7,10,17,7,2,39,80,128,0,108,108,236
02/12/2019,DHN,AL,ASO,ES,Federal Contract Tower,5,4,34,59,102,0,0,0,4,4,5,4,34,63,106,2,10,12,118
02/13/2019,DHN,AL,ASO,ES,Federal Contract Tower,6,2,30,86,124,0,0,27,42,69,6,2,57,128,193,14,208,222,415
02/14/2019,DHN,AL,ASO,ES,Federal Contract Tower,7,0,27,98,132,0,0,36,16,52,7,0,63,114,184,8,140,148,332
02/15/2019,DHN,AL,ASO,ES,Federal Contract Tower,6,3,25,78,112,0,0,23,34,57,6,3,48,112,169,50,282,332,501
02/16/2019,DHN,AL,ASO,ES,Federal Contract Tower,5,0,8,0,13,0,0,15,0,15,5,0,23,0,28,12,0,12,40
02/17/2019,DHN,AL,ASO,ES,Federal Contract Tower,5,0,11,16,32,0,0,2,2,4,5,0,13,18,36,8,2,10,46
02/18/2019,DHN,AL,ASO,ES,Federal Contract Tower,7,4,21,0,32,0,0,6,0,6,7,4,27,0,38,2,0,2,40
02/19/2019,DHN,AL,ASO,ES,Federal Contract Tower,7,2,22,69,100,0,0,31,19,50,7,2,53,88,150,70,136,206,356
02/20/2019,DHN,AL,ASO,ES,Federal Contract Tower,4,2,40,56,102,0,0,6,2,8,4,2,46,58,110,16,18,34,144
02/21/2019,DHN,AL,ASO,ES,Federal Contract Tower,7,0,29,89,125,0,0,21,26,47,7,0,50,115,172,6,72,78,250
02/22/2019,DHN,AL,ASO,ES,Federal Contract Tower,7,0,34,101,142,0,0,16,13,29,7,0,50,114,171,32,54,86,257
02/23/2019,DHN,AL,ASO,ES,Federal Contract Tower,5,6,24,51,86,0,2,17,1,20,5,8,41,52,106,16,30,46,152
02/24/2019,DHN,AL,ASO,ES,Federal Contract Tower,6,4,19,12,41,0,0,4,0,4,6,4,23,12,45,12,0,12,57
02/25/2019,DHN,AL,ASO,ES,Federal Contract Tower,7,0,19,90,116,0,0,45,25,70,7,0,64,115,186,14,142,156,342
02/26/2019,DHN,AL,ASO,ES,Federal Contract Tower,7,2,21,67,97,0,1,31,18,50,7,3,52,85,147,38,126,164,311
02/27/2019,DHN,AL,ASO,ES,Federal Contract Tower,7,6,29,80,122,0,0,10,9,19,7,6,39,89,141,32,70,102,243
02/28/2019,DHN,AL,ASO,ES,Federal Contract Tower,7,2,29,62,100,0,0,12,12,24,7,2,41,74,124,18,66,84,208
03/01/2019,DHN,AL,ASO,ES,Federal Contract Tower,7,0,36,68,111,0,0,19,12,31,7,0,55,80,142,46,132,178,320
03/02/2019,DHN,AL,ASO,ES,Federal Contract Tower,5,0,22,0,27,0,0,4,0,4,5,0,26,0,31,20,0,20,51
03/03/2019,DHN,AL,ASO,ES,Federal Contract Tower,6,1,1,0,8,0,0,0,0,0,6,1,1,0,8,0,0,0,8
03/04/2019,DHN,AL,ASO,ES,Federal Contract Tower,7,0,32,61,100,0,1,16,19,36,7,1,48,80,136,114,102,216,352
03/05/2019,DHN,AL,ASO,ES,Federal Contract Tower,7,2,20,64,93,0,0,53,34,87,7,2,73,98,180,34,116,150,330
03/06/2019,DHN,AL,ASO,ES,Federal Contract Tower,7,2,46,35,90,0,0,45,33,78,7,2,91,68,168,34,122,156,324
03/07/2019,DHN,AL,ASO,ES,Federal Contract Tower,7,0,34,38,79,0,0,44,31,75,7,0,78,69,154,34,106,140,294
03/08/2019,DHN,AL,ASO,ES,Federal Contract Tower,8,4,15,89,116,0,0,33,25,58,8,4,48,114,174,2,112,114,288
03/09/2019,DHN,AL,ASO,ES,Federal Contract Tower,5,0,29,0,34,0,0,16,1,17,5,0,45,1,51,20,0,20,71
03/10/2019,DHN,AL,ASO,ES,Federal Contract Tower,7,0,8,16,31,0,0,4,4,8,7,0,12,20,39,20,2,22,61
03/11/2019,DHN,AL,ASO,ES,Federal Contract Tower,7,3,8,49,67,0,0,0,0,0,7,3,8,49,67,0,0,0,67
03/12/2019,DHN,AL,ASO,ES,Federal Contract Tower,8,4,31,65,108,0,0,30,31,61,8,4,61,96,169,8,122,130,299
03/13/2019,DHN,AL,ASO,ES,Federal Contract Tower,7,2,32,77,118,0,0,14,32,46,7,2,46,109,164,8,140,148,312
03/14/2019,DHN,AL,ASO,ES,Federal Contract Tower,7,1,30,102,140,0,0,17,10,27,7,1,47,112,167,0,64,64,231
03/15/2019,DHN,AL,ASO,ES,Federal Contract Tower,7,0,37,67,111,0,0,10,9,19,7,0,47,76,130,28,92,120,250
03/16/2019,DHN,AL,ASO,ES,Federal Contract Tower,5,0,22,0,27,0,0,28,0,28,5,0,50,0,55,4,0,4,59
03/17/2019,DHN,AL,ASO,ES,Federal Contract Tower,6,0,22,21,49,0,2,11,3,16,6,2,33,24,65,8,0,8,73
03/18/2019,DHN,AL,ASO,ES,Federal Contract Tower,7,0,14,33,54,0,0,38,44,82,7,0,52,77,136,12,150,162,298
03/19/2019,DHN,AL,ASO,ES,Federal Contract Tower,7,3,16,79,105,0,0,15,30,45,7,3,31,109,150,8,154,162,312
03/20/2019,DHN,AL,ASO,ES,Federal Contract Tower,5,2,21,96,124,0,0,44,32,76,5,2,65,128,200,28,116,144,344
03/21/2019,DHN,AL,ASO,ES,Federal Contract Tower,6,0,20,132,158,0,0,18,24,42,6,0,38,156,200,40,112,152,352
03/22/2019,DHN,AL,ASO,ES,Federal Contract Tower,7,0,20,34,61,0,0,26,36,62,7,0,46,70,123,30,200,230,353
03/23/2019,DHN,AL,ASO,ES,Federal Contract Tower,5,1,22,12,40,0,0,28,0,28,5,1,50,12,68,10,0,10,78
03/24/2019,DHN,AL,ASO,ES,Federal Contract Tower,7,0,25,20,52,0,0,33,4,37,7,0,58,24,89,16,6,22,111
03/25/2019,DHN,AL,ASO,ES,Federal Contract Tower,7,3,15,104,129,0,2,28,10,40,7,5,43,114,169,12,36,48,217
03/26/2019,DHN,AL,ASO,ES,Federal Contract Tower,7,2,21,67,97,0,1,31,33,65,7,3,52,100,162,52,110,162,324
03/27/2019,DHN,AL,ASO,ES,Federal Contract Tower,7,2,18,78,105,0,0,30,19,49,7,2,48,97,154,0,150,150,304
03/28/2019,DHN,AL,ASO,ES,Federal Contract Tower,7,0,31,61,99,0,0,33,49,82,7,0,64,110,181,6,184,190,371
03/29/2019,DHN,AL,ASO,ES,Federal Contract Tower,7,0,20,64,91,0,0,38,41,79,7,0,58,105,170,12,192,204,374
03/30/2019,DHN,AL,ASO,ES,Federal Contract Tower,5,0,22,14,41,0,0,21,2,23,5,0,43,16,64,36,0,36,100
03/31/2019,DHN,AL,ASO,ES,Federal Contract Tower,7,0,18,16,41,0,0,0,5,5,7,0,18,21,46,0,0,0,46
04/01/2019,DHN,AL,ASO,ES,Federal Contract Tower,7,2,23,40,72,0,0,24,30,54,7,2,47,70,126,12,104,116,242
04/02/2019,DHN,AL,ASO,ES,Federal Contract Tower,7,2,24,43,76,0,0,27,19,46,7,2,51,62,122,26,78,104,226
04/03/2019,DHN,AL,ASO,ES,Federal Contract Tower,6,3,22,45,76,0,0,35,49,84,6,3,57,94,160,18,210,228,388
04/04/2019,DHN,AL,ASO,ES,Federal Contract Tower,7,2,28,42,79,0,0,18,22,40,7,2,46,64,119,14,182,196,315
04/05/2019,DHN,AL,ASO,ES,Federal Contract Tower,7,0,42,87,136,0,0,4,17,21,7,0,46,104,157,2,104,106,263
04/06/2019,DHN,AL,ASO,ES,Federal Contract Tower,5,2,5,0,12,0,0,4,0,4,5,2,9,0,16,0,0,0,16
04/07/2019,DHN,AL,ASO,ES,Federal Contract Tower,6,2,19,29,56,0,0,6,2,8,6,2,25,31,64,0,10,10,74
04/08/2019,DHN,AL,ASO,ES,Federal Contract Tower,7,2,21,86,116,0,0,0,4,4,7,2,21,90,120,0,22,22,142
04/09/2019,DHN,AL,ASO,ES,Federal Contract Tower,5,2,23,90,120,0,0,18,28,46,5,2,41,118,166,6,148,154,320
04/10/2019,DHN,AL,ASO,ES,Federal Contract Tower,7,5,37,52,101,0,2,30,25,57,7,7,67,77,158,4,96,100,258
04/11/2019,DHN,AL,ASO,ES,Federal Contract Tower,6,1,28,43,78,0,2,28,13,43,6,3,56,56,121,2,92,94,215
04/12/2019,DHN,AL,ASO,ES,Federal Contract Tower,7,0,24,56,87,0,0,25,4,29,7,0,49,60,116,18,100,118,234
04/13/2019,DHN,AL,ASO,ES,Federal Contract Tower,5,0,18,25,48,0,0,14,3,17,5,0,32,28,65,37,24,61,126
04/14/2019,DHN,AL,ASO,ES,Federal Contract Tower,5,0,14,10,29,0,0,1,0,1,5,0,15,10,30,0,0,0,30
04/15/2019,DHN,AL,ASO,ES,Federal Contract Tower,7,0,27,46,80,0,2,43,26,71,7,2,70,72,151,92,92,184,335
04/16/2019,DHN,AL,ASO,ES,Federal Contract Tower,7,3,28,49,87,0,0,37,16,53,7,3,65,65,140,44,62,106,246
04/17/2019,DHN,AL,ASO,ES,Federal Contract Tower,6,2,28,43,79,0,0,42,13,55,6,2,70,56,134,68,88,156,290
04/18/2019,DHN,AL,ASO,ES,Federal Contract Tower,7,0,38,73,118,0,0,26,39,65,7,0,64,112,183,64,268,332,515
04/19/2019,DHN,AL,ASO,ES,Federal Contract Tower,7,2,20,53,82,0,0,7,5,12,7,2,27,58,94,10,32,42,136
04/20/2019,DHN,AL,ASO,ES,Federal Contract Tower,5,0,13,6,24,0,0,4,2,6,5,0,17,8,30,0,0,0,30
04/21/2019,DHN,AL,ASO,ES,Federal Contract Tower,7,0,26,0,33,0,0,19,0,19,7,0,45,0,52,14,0,14,66
04/22/2019,DHN,AL,ASO,ES,Federal Contract Tower,7,0,25,30,62,0,0,36,24,60,7,0,61,54,122,58,146,204,326
04/23/2019,DHN,AL,ASO,ES,Federal Contract Tower,7,10,26,72,115,0,0,38,45,83,7,10,64,117,198,64,126,190,388
04/24/2019,DHN,AL,ASO,ES,Federal Contract Tower,7,2,34,47,90,0,0,27,24,51,7,2,61,71,141,41,90,131,272
04/25/2019,DHN,AL,ASO,ES,Federal Contract Tower,7,2,31,54,94,0,0,21,33,54,7,2,52,87,148,112,186,298,446
04/26/2019,DHN,AL,ASO,ES,Federal Contract Tower,7,13,43,67,130,0,3,24,12,39,7,16,67,79,169,54,44,98,267
04/27/2019,DHN,AL,ASO,ES,Federal Contract Tower,5,2,22,2,31,0,0,39,0,39,5,2,61,2,70,32,0,32,102
04/28/2019,DHN,AL,ASO,ES,Federal Contract Tower,7,2,46,20,75,0,0,28,5,33,7,2,74,25,108,18,0,18,126
04/29/2019,DHN,AL,ASO,ES,Federal Contract Tower,7,2,33,38,80,0,0,21,35,56,7,2,54,73,136,14,206,220,356
04/30/2019,DHN,AL,ASO,ES,Federal Contract Tower,7,2,27,47,83,0,0,24,30,54,7,2,51,77,137,0,162,162,299
05/01/2019,DHN,AL,ASO,ES,Federal Contract Tower,7,2,15,52,76,0,0,19,27,46,7,2,34,79,122,12,126,138,260
05/02/2019,DHN,AL,ASO,ES,Federal Contract Tower,7,1,23,73,104,0,0,14,29,43,7,1,37,102,147,32,242,274,421
05/03/2019,DHN,AL,ASO,ES,Federal Contract Tower,7,2,15,54,78,0,0,5,16,21,7,2,20,70,99,8,100,108,207
05/04/2019,DHN,AL,ASO,ES,Federal Contract Tower,5,1,11,0,17,0,0,6,0,6,5,1,17,0,23,18,0,18,41
05/05/2019,DHN,AL,ASO,ES,Federal Contract Tower,8,0,17,16,41,0,0,3,1,4,8,0,20,17,45,12,4,16,61
05/06/2019,DHN,AL,ASO,ES,Federal Contract Tower,6,1,25,48,80,0,0,21,29,50,6,1,46,77,130,8,166,174,304
05/07/2019,DHN,AL,ASO,ES,Federal Contract Tower,7,2,30,61,100,0,0,26,38,64,7,2,56,99,164,10,158,168,332
05/08/2019,DHN,AL,ASO,ES,Federal Contract Tower,7,6,29,71,113,0,0,10,35,45,7,6,39,106,158,4,190,194,352
05/09/2019,DHN,AL,ASO,ES,Federal Contract Tower,7,2,24,77,110,0,0,16,35,51,7,2,40,112,161,10,188,198,359
05/10/2019,DHN,AL,ASO,ES,Federal Contract Tower,7,4,29,136,176,0,0,25,21,46,7,4,54,157,222,20,172,192,414
05/11/2019,DHN,AL,ASO,ES,Federal Contract Tower,6,2,17,2,27,0,0,4,0,4,6,2,21,2,31,10,0,10,41
05/12/2019,DHN,AL,ASO,ES,Federal Contract Tower,7,0,3,0,10,0,0,0,0,0,7,0,3,0,10,0,0,0,10
05/13/2019,DHN,AL,ASO,ES,Federal Contract Tower,7,0,48,133,188,0,3,39,34,76,7,3,87,167,264,22,132,154,418
05/14/2019,DHN,AL,ASO,ES,Federal Contract Tower,7,2,27,45,81,0,0,44,35,79,7,2,71,80,160,26,148,174,334
05/15/2019,DHN,AL,ASO,ES,Federal Contract Tower,6,2,29,59,96,0,0,49,24,73,6,2,78,83,169,52,70,122,291
05/16/2019,DHN,AL,ASO,ES,Federal Contract Tower,7,2,37,49,95,0,1,54,21,76,7,3,91,70,171,74,86,160,331
05/17/2019,DHN,AL,ASO,ES,Federal Contract Tower,7,0,18,58,83,0,0,44,13,57,7,0,62,71,140,22,140,162,302
05/18/2019,DHN,AL,ASO,ES,Federal Contract Tower,5,0,38,12,55,0,0,35,0,35,5,0,73,12,90,20,0,20,110
05/19/2019,DHN,AL,ASO,ES,Federal Contract Tower,7,0,8,2,17,0,0,23,2,25,7,0,31,4,42,16,0,16,58
05/20/2019,DHN,AL,ASO,ES,Federal Contract Tower,7,0,19,103,129,0,0,34,13,47,7,0,53,116,176,50,62,112,288
05/21/2019,DHN,AL,ASO,ES,Federal Contract Tower,7,2,22,66,97,0,0,25,11,36,7,2,47,77,133,22,76,98,231
05/22/2019,DHN,AL,ASO,ES,Federal Contract Tower,8,5,19,83,115,0,0,25,11,36,8,5,44,94,151,88,46,134,285
05/23/2019,DHN,AL,ASO,ES,Federal Contract Tower,7,2,26,61,96,0,0,24,25,49,7,2,50,86,145,74,106,180,325
05/24/2019,DHN,AL,ASO,ES,Federal Contract Tower,7,3,45,25,80,0,0,35,21,56,7,3,80,46,136,28,108,136,272
05/25/2019,DHN,AL,ASO,ES,Federal Contract Tower,5,0,10,0,15,0,0,18,0,18,5,0,28,0,33,16,0,16,49
05/26/2019,DHN,AL,ASO,ES,Federal Contract Tower,7,0,7,0,14,0,0,10,0,10,7,0,17,0,24,14,0,14,38
05/27/2019,DHN,AL,ASO,ES,Federal Contract Tower,7,0,22,0,29,0,2,18,0,20,7,2,40,0,49,12,0,12,61
05/28/2019,DHN,AL,ASO,ES,Federal Contract Tower,7,5,27,42,81,0,0,37,41,78,7,5,64,83,159,20,146,166,325
05/29/2019,DHN,AL,ASO,ES,Federal Contract Tower,7,2,21,68,98,0,0,38,34,72,7,2,59,102,170,0,118,118,288
05/30/2019,DHN,AL,ASO,ES,Federal Contract Tower,7,2,32,64,105,0,0,27,24,51,7,2,59,88,156,36,184,220,376
05/31/2019,DHN,AL,ASO,ES,Federal Contract Tower,7,0,40,48,95,0,1,17,21,39,7,1,57,69,134,32,106,138,272
06/01/2019,DHN,AL,ASO,ES,Federal Contract Tower,6,0,8,2,16,0,0,17,3,20,6,0,25,5,36,22,0,22,58
06/02/2019,DHN,AL,ASO,ES,Federal Contract Tower,6,0,21,1,28,0,0,14,0,14,6,0,35,1,42,32,0,32,74
06/03/2019,DHN,AL,ASO,ES,Federal Contract Tower,7,0,22,43,72,0,2,21,29,52,7,2,43,72,124,30,142,172,296
06/04/2019,DHN,AL,ASO,ES,Federal Contract Tower,7,2,20,53,82,0,0,37,23,60,7,2,57,76,142,38,140,178,320
06/05/2019,DHN,AL,ASO,ES,Federal Contract Tower,7,3,17,68,95,0,0,23,30,53,7,3,40,98,148,26,182,208,356
06/06/2019,DHN,AL,ASO,ES,Federal Contract Tower,7,0,34,66,107,0,0,20,23,43,7,0,54,89,150,22,144,166,316
06/07/2019,DHN,AL,ASO,ES,Federal Contract Tower,7,1,12,47,67,0,0,11,21,32,7,1,23,68,99,0,120,120,219
06/08/2019,DHN,AL,ASO,ES,Federal Contract Tower,5,0,7,16,28,0,0,1,0,1,5,0,8,16,29,0,0,0,29
06/09/2019,DHN,AL,ASO,ES,Federal Contract Tower,6,0,13,2,21,0,0,0,0,0,6,0,13,2,21,0,0,0,21
06/10/2019,DHN,AL,ASO,ES,Federal Contract Tower,7,0,19,22,48,0,0,15,6,21,7,0,34,28,69,6,30,36,105
06/11/2019,DHN,AL,ASO,ES,Federal Contract Tower,7,2,18,69,96,0,0,42,32,74,7,2,60,101,170,24,170,194,364
06/12/2019,DHN,AL,ASO,ES,Federal Contract Tower,8,4,19,65,96,0,0,13,11,24,8,4,32,76,120,28,104,132,252
06/13/2019,DHN,AL,ASO,ES,Federal Contract Tower,7,1,17,67,92,0,0,22,20,42,7,1,39,87,134,20,142,162,296
06/14/2019,DHN,AL,ASO,ES,Federal Contract Tower,7,0,28,47,82,0,0,42,41,83,7,0,70,88,165,10,108,118,283
06/15/2019,DHN,AL,ASO,ES,Federal Contract Tower,5,0,15,13,33,0,0,26,0,26,5,0,41,13,59,4,0,4,63
06/16/2019,DHN,AL,ASO,ES,Federal Contract Tower,6,1,5,10,22,0,0,17,4,21,6,1,22,14,43,20,6,26,69
06/17/2019,DHN,AL,ASO,ES,Federal Contract Tower,7,1,26,76,110,0,0,30,27,57,7,1,56,103,167,66,64,130,297
06/18/2019,DHN,AL,ASO,ES,Federal Contract Tower,7,3,21,49,80,0,0,23,19,42,7,3,44,68,122,18,48,66,188
06/19/2019,DHN,AL,ASO,ES,Federal Contract Tower,7,3,37,41,88,0,0,20,19,39,7,3,57,60,127,4,100,104,231
06/20/2019,DHN,AL,ASO,ES,Federal Contract Tower,7,1,36,46,90,0,0,24,17,41,7,1,60,63,131,38,68,106,237
06/21/2019,DHN,AL,ASO,ES,Federal Contract Tower,7,0,39,23,69,0,0,29,13,42,7,0,68,36,111,38,86,124,235
06/22/2019,DHN,AL,ASO,ES,Federal Contract Tower,4,0,10,6,20,0,0,15,0,15,4,0,25,6,35,4,0,4,39
06/23/2019,DHN,AL,ASO,ES,Federal Contract Tower,6,1,20,6,33,0,0,14,4,18,6,1,34,10,51,30,0,30,81
06/24/2019,DHN,AL,ASO,ES,Federal Contract Tower,7,0,21,53,81,2,0,42,22,66,9,0,63,75,147,18,86,104,251
06/25/2019,DHN,AL,ASO,ES,Federal Contract Tower,7,2,27,46,82,0,0,38,36,74,7,2,65,82,156,84,136,220,376
06/26/2019,DHN,AL,ASO,ES,Federal Contract Tower,7,4,21,23,55,0,0,41,34,75,7,4,62,57,130,46,168,214,344
06/27/2019,DHN,AL,ASO,ES,Federal Contract Tower,7,4,57,31,99,0,1,42,10,53,7,5,99,41,152,32,88,120,272
06/28/2019,DHN,AL,ASO,ES,Federal Contract Tower,9,2,19,47,77,0,1,32,20,53,9,3,51,67,130,22,134,156,286
06/29/2019,DHN,AL,ASO,ES,Federal Contract Tower,5,0,19,38,62,0,0,8,1,9,5,0,27,39,71,26,0,26,97
06/30/2019,DHN,AL,ASO,ES,Federal Contract Tower,5,0,10,0,15,0,0,21,0,21,5,0,31,0,36,10,0,10,46
07/01/2019,DHN,AL,ASO,ES,Federal Contract Tower,5,2,22,83,112,0,0,22,29,51,5,2,44,112,163,32,160,192,355
07/02/2019,DHN,AL,ASO,ES,Federal Contract Tower,5,2,13,56,76,0,0,9,18,27,5,2,22,74,103,0,104,104,207
07/03/2019,DHN,AL,ASO,ES,Federal Contract Tower,7,2,17,63,89,0,0,5,28,33,7,2,22,91,122,14,112,126,248
07/04/2019,DHN,AL,ASO,ES,Federal Contract Tower,5,0,11,0,16,0,0,8,0,8,5,0,19,0,24,10,0,10,34
07/05/2019,DHN,AL,ASO,ES,Federal Contract Tower,6,2,24,0,32,0,0,14,0,14,6,2,38,0,46,10,0,10,56
07/06/2019,DHN,AL,ASO,ES,Federal Contract Tower,5,4,6,0,15,0,0,10,0,10,5,4,16,0,25,28,0,28,53
07/07/2019,DHN,AL,ASO,ES,Federal Contract Tower,7,0,16,0,23,0,0,13,0,13,7,0,29,0,36,12,0,12,48
07/08/2019,DHN,AL,ASO,ES,Federal Contract Tower,7,1,19,78,105,0,0,7,38,45,7,1,26,116,150,0,144,144,294
07/09/2019,DHN,AL,ASO,ES,Federal Contract Tower,7,2,24,79,112,0,0,29,26,55,7,2,53,105,167,20,108,128,295
07/10/2019,DHN,AL,ASO,ES,Federal Contract Tower,11,3,43,76,133,0,0,11,21,32,11,3,54,97,165,24,60,84,249
07/11/2019,DHN,AL,ASO,ES,Federal Contract Tower,7,2,31,75,115,0,0,18,32,50,7,2,49,107,165,28,102,130,295
07/12/2019,DHN,AL,ASO,ES,Federal Contract Tower,7,0,25,51,83,0,0,22,24,46,7,0,47,75,129,38,190,228,357
07/13/2019,DHN,AL,ASO,ES,Federal Contract Tower,5,0,17,63,85,0,0,3,0,3,5,0,20,63,88,0,0,0,88
07/14/2019,DHN,AL,ASO,ES,Federal Contract Tower,6,0,10,11,27,0,0,7,2,9,6,0,17,13,36,6,0,6,42
07/15/2019,DHN,AL,ASO,ES,Federal Contract Tower,7,1,31,64,103,0,0,20,22,42,7,1,51,86,145,2,54,56,201
07/16/2019,DHN,AL,ASO,ES,Federal Contract Tower,7,2,23,44,76,0,0,38,31,69,7,2,61,75,145,14,150,164,309
07/17/2019,DHN,AL,ASO,ES,Federal Contract Tower,4,4,37,80,125,0,0,40,38,78,4,4,77,118,203,42,114,156,359
07/18/2019,DHN,AL,ASO,ES,Federal Contract Tower,6,0,19,54,79,0,0,28,32,60,6,0,47,86,139,18,130,148,287
07/19/2019,DHN,AL,ASO,ES,Federal Contract Tower,5,0,33,51,89,0,0,20,24,44,5,0,53,75,133,30,98,128,261
07/20/2019,DHN,AL,ASO,ES,Federal Contract Tower,5,0,27,10,42,0,0,3,0,3,5,0,30,10,45,0,0,0,45
07/21/2019,DHN,AL,ASO,ES,Federal Contract Tower,7,0,21,7,35,0,0,15,1,16,7,0,36,8,51,10,0,10,61
07/22/2019,DHN,AL,ASO,ES,Federal Contract Tower,7,1,29,33,70,0,0,29,23,52,7,1,58,56,122,28,142,170,292
07/23/2019,DHN,AL,ASO,ES,Federal Contract Tower,7,2,16,33,58,0,0,31,22,53,7,2,47,55,111,10,112,122,233
07/24/2019,DHN,AL,ASO,ES,Federal Contract Tower,7,2,40,74,123,0,0,14,13,27,7,2,54,87,150,4,80,84,234
07/25/2019,DHN,AL,ASO,ES,Federal Contract Tower,7,0,43,60,110,0,0,30,44,74,7,0,73,104,184,14,196,210,394
07/26/2019,DHN,AL,ASO,ES,Federal Contract Tower,7,0,15,54,76,0,0,28,42,70,7,0,43,96,146,8,188,196,342
07/27/2019,DHN,AL,ASO,ES,Federal Contract Tower,5,2,21,19,47,0,0,16,0,16,5,2,37,19,63,6,0,6,69
07/28/2019,DHN,AL,ASO,ES,Federal Contract Tower,7,2,25,8,42,0,0,20,8,28,7,2,45,16,70,6,0,6,76
07/29/2019,DHN,AL,ASO,ES,Federal Contract Tower,7,3,14,42,66,0,0,18,41,59,7,3,32,83,125,28,172,200,325
07/30/2019,DHN,AL,ASO,ES,Federal Contract Tower,7,2,27,74,110,0,0,31,28,59,7,2,58,102,169,32,168,200,369
07/31/2019,DHN,AL,ASO,ES,Federal Contract Tower,7,4,22,73,106,0,0,18,37,55,7,4,40,110,161,0,198,198,359
08/01/2019,DHN,AL,ASO,ES,Federal Contract Tower,4,1,34,59,98,0,0,31,25,56,4,1,65,84,154,42,146,188,342
08/02/2019,DHN,AL,ASO,ES,Federal Contract Tower,9,2,21,69,101,0,0,23,28,51,9,2,44,97,152,0,206,206,358
08/03/2019,DHN,AL,ASO,ES,Federal Contract Tower,5,0,16,0,21,0,0,6,2,8,5,0,22,2,29,18,0,18,47
08/04/2019,DHN,AL,ASO,ES,Federal Contract Tower,6,1,19,6,32,0,0,7,7,14,6,1,26,13,46,6,8,14,60
08/05/2019,DHN,AL,ASO,ES,Federal Contract Tower,7,2,20,69,98,0,0,11,8,19,7,2,31,77,117,34,76,110,227
08/06/2019,DHN,AL,ASO,ES,Federal Contract Tower,7,2,24,72,105,0,0,20,21,41,7,2,44,93,146,32,150,182,328
08/07/2019,DHN,AL,ASO,ES,Federal Contract Tower,7,3,22,41,73,0,0,25,23,48,7,3,47,64,121,38,80,118,239
08/08/2019,DHN,AL,ASO,ES,Federal Contract Tower,7,0,28,65,100,0,0,14,13,27,7,0,42,78,127,44,156,200,327
08/09/2019,DHN,AL,ASO,ES,Federal Contract Tower,7,2,29,42,80,0,0,31,18,49,7,2,60,60,129,10,104,114,243
08/10/2019,DHN,AL,ASO,ES,Federal Contract Tower,5,0,7,31,43,0,0,11,2,13,5,0,18,33,56,18,0,18,74
08/11/2019,DHN,AL,ASO,ES,Federal Contract Tower,7,0,9,33,49,0,0,2,9,11,7,0,11,42,60,4,8,12,72
08/12/2019,DHN,AL,ASO,ES,Federal Contract Tower,7,0,15,55,77,0,0,28,4,32,7,0,43,59,109,50,44,94,203
08/13/2019,DHN,AL,ASO,ES,Federal Contract Tower,7,6,21,25,59,0,2,24,18,44,7,8,45,43,103,34,90,124,227
08/14/2019,DHN,AL,ASO,ES,Federal Contract Tower,7,2,28,26,63,0,0,27,4,31,7,2,55,30,94,30,66,96,190
08/15/2019,DHN,AL,ASO,ES,Federal Contract Tower,7,0,17,46,70,0,0,6,20,26,7,0,23,66,96,46,90,136,232
08/16/2019,DHN,AL,ASO,ES,Federal Contract Tower,7,0,21,19,47,0,0,40,16,56,7,0,61,35,103,60,100,160,263
08/17/2019,DHN,AL,ASO,ES,Federal Contract Tower,4,0,10,18,32,0,0,21,4,25,4,0,31,22,57,46,10,56,113
08/18/2019,DHN,AL,ASO,ES,Federal Contract Tower,6,0,3,11,20,0,0,3,1,4,6,0,6,12,24,2,0,2,26
08/19/2019,DHN,AL,ASO,ES,Federal Contract Tower,7,1,13,39,60,0,0,25,20,45,7,1,38,59,105,29,76,105,210
08/20/2019,DHN,AL,ASO,ES,Federal Contract Tower,7,5,30,41,83,0,0,15,10,25,7,5,45,51,108,78,70,148,256
08/21/2019,DHN,AL,ASO,ES,Federal Contract Tower,8,2,32,50,92,0,2,15,18,35,8,4,47,68,127,42,102,144,271
08/22/2019,DHN,AL,ASO,ES,Federal Contract Tower,7,3,33,22,65,0,0,50,12,62,7,3,83,34,127,32,78,110,237
08/23/2019,DHN,AL,ASO,ES,Federal Contract Tower,6,2,27,26,61,0,0,29,21,50,6,2,56,47,111,32,94,126,237
08/24/2019,DHN,AL,ASO,ES,Federal Contract Tower,6,0,16,13,35,0,0,12,12,24,6,0,28,25,59,42,12,54,113
08/25/2019,DHN,AL,ASO,ES,Federal Contract Tower,6,0,8,16,30,0,2,12,0,14,6,2,20,16,44,12,0,12,56
08/26/2019,DHN,AL,ASO,ES,Federal Contract Tower,7,3,27,41,78,0,0,1,5,6,7,3,28,46,84,0,75,75,159
08/27/2019,DHN,AL,ASO,ES,Federal Contract Tower,7,2,24,35,68,0,0,1,3,4,7,2,25,38,72,8,26,34,106
08/28/2019,DHN,AL,ASO,ES,Federal Contract Tower,7,2,36,82,127,0,0,21,10,31,7,2,57,92,158,40,110,150,308
08/29/2019,DHN,AL,ASO,ES,Federal Contract Tower,7,5,39,61,112,0,0,22,19,41,7,5,61,80,153,12,182,194,347
08/30/2019,DHN,AL,ASO,ES,Federal Contract Tower,7,2,36,2,47,0,0,26,2,28,7,2,62,4,75,40,0,40,115
08/31/2019,DHN,AL,ASO,ES,Federal Contract Tower,4,2,8,1,15,0,0,17,0,17,4,2,25,1,32,48,0,48,80
09/01/2019,DHN,AL,ASO,ES,Federal Contract Tower,3,3,2,0,8,0,0,6,0,6,3,3,8,0,14,22,0,22,36
09/02/2019,DHN,AL,ASO,ES,Federal Contract Tower,5,1,18,1,25,0,0,21,0,21,5,1,39,1,46,8,0,8,54
09/03/2019,DHN,AL,ASO,ES,Federal Contract Tower,5,7,20,40,72,0,0,14,19,33,5,7,34,59,105,16,96,112,217
09/04/2019,DHN,AL,ASO,ES,Federal Contract Tower,5,6,44,41,96,0,2,21,6,29,5,8,65,47,125,4,58,62,187
09/05/2019,DHN,AL,ASO,ES,Federal Contract Tower,7,5,27,66,105,0,0,37,11,48,7,5,64,77,153,12,100,112,265
09/06/2019,DHN,AL,ASO,ES,Federal Contract Tower,7,4,34,40,85,0,0,13,10,23,7,4,47,50,108,8,82,90,198
09/07/2019,DHN,AL,ASO,ES,Federal Contract Tower,3,0,11,27,41,0,0,19,1,20,3,0,30,28,61,10,0,10,71
09/08/2019,DHN,AL,ASO,ES,Federal Contract Tower,6,2,14,7,29,0,0,11,8,19,6,2,25,15,48,12,0,12,60
09/09/2019,DHN,AL,ASO,ES,Federal Contract Tower,7,0,13,48,68,0,0,11,6,17,7,0,24,54,85,16,98,114,199
09/10/2019,DHN,AL,ASO,ES,Federal Contract Tower,7,2,18,30,57,0,0,29,16,45,7,2,47,46,102,34,88,122,224
09/11/2019,DHN,AL,ASO,ES,Federal Contract Tower,7,3,28,58,96,0,0,47,42,89,7,3,75,100,185,16,96,112,297
09/12/2019,DHN,AL,ASO,ES,Federal Contract Tower,7,2,42,32,83,0,0,30,18,48,7,2,72,50,131,34,84,118,249
09/13/2019,DHN,AL,ASO,ES,Federal Contract Tower,7,0,19,42,68,0,0,31,20,51,7,0,50,62,119,72,92,164,283
09/14/2019,DHN,AL,ASO,ES,Federal Contract Tower,7,0,15,7,29,0,0,26,0,26,7,0,41,7,55,6,0,6,61
09/15/2019,DHN,AL,ASO,ES,Federal Contract Tower,8,0,24,8,40,0,0,10,1,11,8,0,34,9,51,20,0,20,71
09/16/2019,DHN,AL,ASO,ES,Federal Contract Tower,8,0,25,53,86,0,0,28,16,44,8,0,53,69,130,46,36,82,212
09/17/2019,DHN,AL,ASO,ES,Federal Contract Tower,9,6,30,37,82,0,0,26,10,36,9,6,56,47,118,30,30,60,178
09/18/2019,DHN,AL,ASO,ES,Federal Contract Tower,7,4,29,97,137,0,0,34,30,64,7,4,63,127,201,16,96,112,313
09/19/2019,DHN,AL,ASO,ES,Federal Contract Tower,7,2,29,37,75,0,26,17,0,43,7,28,46,37,118,24,70,94,212
09/20/2019,DHN,AL,ASO,ES,Federal Contract Tower,11,6,28,57,102,0,0,21,25,46,11,6,49,82,148,44,94,138,286
09/21/2019,DHN,AL,ASO,ES,Federal Contract Tower,4,0,11,4,19,0,0,11,0,11,4,0,22,4,30,2,0,2,32
09/22/2019,DHN,AL,ASO,ES,Federal Contract Tower,7,0,20,16,43,0,0,14,2,16,7,0,34,18,59,10,0,10,69
09/23/2019,DHN,AL,ASO,ES,Federal Contract Tower,7,2,25,40,74,0,0,27,11,38,7,2,52,51,112,36,108,144,256
09/24/2019,DHN,AL,ASO,ES,Federal Contract Tower,7,0,27,16,50,0,0,18,18,36,7,0,45,34,86,4,78,82,168
09/25/2019,DHN,AL,ASO,ES,Federal Contract Tower,7,2,23,78,110,0,0,28,9,37,7,2,51,87,147,2,22,24,171
09/26/2019,DHN,AL,ASO,ES,Federal Contract Tower,6,0,32,61,99,0,0,29,12,41,6,0,61,73,140,11,68,79,219
09/27/2019,DHN,AL,ASO,ES,Federal Contract Tower,11,0,33,63,107,0,1,32,20,53,11,1,65,83,160,24,90,114,274
09/28/2019,DHN,AL,ASO,ES,Federal Contract Tower,6,0,18,20,44,0,0,33,1,34,6,0,51,21,78,32,0,32,110
09/29/2019,DHN,AL,ASO,ES,Federal Contract Tower,7,0,14,5,26,0,0,12,1,13,7,0,26,6,39,2,0,2,41
09/30/2019,DHN,AL,ASO,ES,Federal Contract Tower,7,2,23,37,69,0,0,19,18,37,7,2,42,55,106,6,52,58,164
10/01/2019,DHN,AL,ASO,ES,Federal Contract Tower,7,1,26,29,63,0,0,18,20,38,7,1,44,49,101,30,70,100,201
10/02/2019,DHN,AL,ASO,ES,Federal Contract Tower,7,0,25,18,50,0,0,38,8,46,7,0,63,26,96,48,30,78,174
10/03/2019,DHN,AL,ASO,ES,Federal Contract Tower,7,0,24,42,73,0,2,30,5,37,7,2,54,47,110,20,22,42,152
10/04/2019,DHN,AL,ASO,ES,Federal Contract Tower,9,2,11,32,54,0,0,29,22,51,9,2,40,54,105,8,98,106,211
10/05/2019,DHN,AL,ASO,ES,Federal Contract Tower,4,0,25,5,34,0,0,20,0,20,4,0,45,5,54,4,2,6,60
10/06/2019,DHN,AL,ASO,ES,Federal Contract Tower,6,0,18,1,25,0,0,13,2,15,6,0,31,3,40,6,0,6,46
10/07/2019,DHN,AL,ASO,ES,Federal Contract Tower,8,2,10,22,42,0,0,28,16,44,8,2,38,38,86,32,40,72,158
10/08/2019,DHN,AL,ASO,ES,Federal Contract Tower,7,2,13,35,57,0,0,31,12,43,7,2,44,47,100,26,140,166,266
10/09/2019,DHN,AL,ASO,ES,Federal Contract Tower,7,4,21,28,60,0,0,16,10,26,7,4,37,38,86,0,58,58,144
10/10/2019,DHN,AL,ASO,ES,Federal Contract Tower,7,4,39,23,73,0,0,33,10,43,7,4,72,33,116,16,66,82,198
10/11/2019,DHN,AL,ASO,ES,Federal Contract Tower,5,2,16,52,75,0,0,17,7,24,5,2,33,59,99,8,64,72,171
10/12/2019,DHN,AL,ASO,ES,Federal Contract Tower,4,0,18,0,22,0,0,26,0,26,4,0,44,0,48,54,0,54,102
10/13/2019,DHN,AL,ASO,ES,Federal Contract Tower,6,0,19,3,28,0,0,46,0,46,6,0,65,3,74,12,0,12,86
10/14/2019,DHN,AL,ASO,ES,Federal Contract Tower,7,4,17,9,37,0,0,6,2,8,7,4,23,11,45,6,4,10,55
10/15/2019,DHN,AL,ASO,ES,Federal Contract Tower,7,5,16,18,46,0,0,0,0,0,7,5,16,18,46,0,0,0,46
10/16/2019,DHN,AL,ASO,ES,Federal Contract Tower,7,0,35,19,61,0,0,7,8,15,7,0,42,27,76,20,16,36,112
10/17/2019,DHN,AL,ASO,ES,Federal Contract Tower,6,5,21,11,43,0,0,36,5,41,6,5,57,16,84,8,54,62,146
10/18/2019,DHN,AL,ASO,ES,Federal Contract Tower,7,2,18,55,82,0,2,33,29,64,7,4,51,84,146,18,122,140,286
10/19/2019,DHN,AL,ASO,ES,Federal Contract Tower,5,0,4,0,9,0,0,0,0,0,5,0,4,0,9,0,0,0,9
10/20/2019,DHN,AL,ASO,ES,Federal Contract Tower,7,0,7,7,21,0,0,10,0,10,7,0,17,7,31,0,0,0,31
10/21/2019,DHN,AL,ASO,ES,Federal Contract Tower,8,1,25,71,105,0,0,5,2,7,8,1,30,73,112,16,88,104,216
10/22/2019,DHN,AL,ASO,ES,Federal Contract Tower,7,1,37,69,114,0,0,47,25,72,7,1,84,94,186,36,80,116,302
10/23/2019,DHN,AL,ASO,ES,Federal Contract Tower,7,1,32,48,88,0,0,28,15,43,7,1,60,63,131,6,118,124,255
10/24/2019,DHN,AL,ASO,ES,Federal Contract Tower,6,4,24,53,87,0,0,30,20,50,6,4,54,73,137,24,120,144,281
10/25/2019,DHN,AL,ASO,ES,Federal Contract Tower,8,2,42,92,144,0,0,5,8,13,8,2,47,100,157,0,40,40,197
10/26/2019,DHN,AL,ASO,ES,Federal Contract Tower,7,1,3,4,15,0,0,1,0,1,7,1,4,4,16,0,0,0,16
10/27/2019,DHN,AL,ASO,ES,Federal Contract Tower,9,1,16,20,46,0,0,9,6,15,9,1,25,26,61,4,0,4,65
10/28/2019,DHN,AL,ASO,ES,Federal Contract Tower,4,2,21,56,83,0,0,16,17,33,4,2,37,73,116,14,106,120,236
10/29/2019,DHN,AL,ASO,ES,Federal Contract Tower,7,0,44,37,88,0,0,2,1,3,7,0,46,38,91,28,0,28,119
10/30/2019,DHN,AL,ASO,ES,Federal Contract Tower,5,1,38,39,83,0,0,0,0,0,5,1,38,39,83,0,0,0,83
10/31/2019,DHN,AL,ASO,ES,Federal Contract Tower,5,2,25,39,71,0,0,0,1,1,5,2,25,40,72,0,0,0,72
11/01/2019,DHN,AL,ASO,ES,Federal Contract Tower,5,7,40,51,103,0,0,33,25,58,5,7,73,76,161,62,168,230,391
11/02/2019,DHN,AL,ASO,ES,Federal Contract Tower,4,0,19,0,23,0,0,66,0,66,4,0,85,0,89,40,0,40,129
11/03/2019,DHN,AL,ASO,ES,Federal Contract Tower,6,0,14,11,31,0,0,15,0,15,6,0,29,11,46,0,0,0,46
11/04/2019,DHN,AL,ASO,ES,Federal Contract Tower,7,2,32,67,108,0,2,24,25,51,7,4,56,92,159,12,176,188,347
11/05/2019,DHN,AL,ASO,ES,Federal Contract Tower,7,2,43,114,166,0,0,14,7,21,7,2,57,121,187,38,36,74,261
11/06/2019,DHN,AL,ASO,ES,Federal Contract Tower,7,2,35,103,147,0,4,27,27,58,7,6,62,130,205,58,226,284,489
11/07/2019,DHN,AL,ASO,ES,Federal Contract Tower,7,5,21,42,75,0,0,0,0,0,7,5,21,42,75,0,2,2,77
11/08/2019,DHN,AL,ASO,ES,Federal Contract Tower,7,4,39,71,121,0,0,20,15,35,7,4,59,86,156,34,140,174,330
11/09/2019,DHN,AL,ASO,ES,Federal Contract Tower,5,2,18,13,38,0,0,18,0,18,5,2,36,13,56,16,22,38,94
11/10/2019,DHN,AL,ASO,ES,Federal Contract Tower,6,4,20,0,30,0,0,47,0,47,6,4,67,0,77,4,0,4,81
11/11/2019,DHN,AL,ASO,ES,Federal Contract Tower,7,2,11,4,24,0,0,7,2,9,7,2,18,6,33,2,6,8,41
11/12/2019,DHN,AL,ASO,ES,Federal Contract Tower,7,2,33,44,86,0,0,13,20,33,7,2,46,64,119,0,26,26,145
11/13/2019,DHN,AL,ASO,ES,Federal Contract Tower,7,2,29,58,96,0,2,11,31,44,7,4,40,89,140,26,158,184,324
11/14/2019,DHN,AL,ASO,ES,Federal Contract Tower,7,2,34,52,95,0,0,9,30,39,7,2,43,82,134,46,176,222,356
11/15/2019,DHN,AL,ASO,ES,Federal Contract Tower,7,2,11,62,82,0,0,0,0,0,7,2,11,62,82,0,0,0,82
11/16/2019,DHN,AL,ASO,ES,Federal Contract Tower,5,2,22,24,53,0,0,9,2,11,5,2,31,26,64,6,8,14,78
11/17/2019,DHN,AL,ASO,ES,Federal Contract Tower,6,0,21,12,39,0,0,10,3,13,6,0,31,15,52,14,12,26,78
11/18/2019,DHN,AL,ASO,ES,Federal Contract Tower,7,1,20,62,90,0,0,23,40,63,7,1,43,102,153,32,164,196,349
11/19/2019,DHN,AL,ASO,ES,Federal Contract Tower,7,3,31,47,88,0,0,30,44,74,7,3,61,91,162,32,192,224,386
11/20/2019,DHN,AL,ASO,ES,Federal Contract Tower,7,3,30,59,99,0,0,32,34,66,7,3,62,93,165,6,146,152,317
11/21/2019,DHN,AL,ASO,ES,Federal Contract Tower,6,3,41,53,103,0,0,23,36,59,6,3,64,89,162,8,208,216,378
11/22/2019,DHN,AL,ASO,ES,Federal Contract Tower,7,2,33,72,114,0,0,22,21,43,7,2,55,93,157,14,196,210,367
11/23/2019,DHN,AL,ASO,ES,Federal Contract Tower,4,3,6,0,13,0,0,5,0,5,4,3,11,0,18,6,0,6,24
11/24/2019,DHN,AL,ASO,ES,Federal Contract Tower,5,2,15,3,25,0,0,13,6,19,5,2,28,9,44,6,0,6,50
11/25/2019,DHN,AL,ASO,ES,Federal Contract Tower,5,2,11,67,85,0,0,40,33,73,5,2,51,100,158,33,188,221,379
11/26/2019,DHN,AL,ASO,ES,Federal Contract Tower,7,0,32,55,94,0,0,39,44,83,7,0,71,99,177,44,104,148,325
11/27/2019,DHN,AL,ASO,ES,Federal Contract Tower,7,2,31,44,84,0,0,12,11,23,7,2,43,55,107,12,58,70,177
11/28/2019,DHN,AL,ASO,ES,Federal Contract Tower,5,0,3,0,8,0,0,3,0,3,5,0,6,0,11,0,0,0,11
11/29/2019,DHN,AL,ASO,ES,Federal Contract Tower,5,4,16,0,25,0,0,38,0,38,5,4,54,0,63,4,0,4,67
11/30/2019,DHN,AL,ASO,ES,Federal Contract Tower,6,0,15,0,21,0,0,27,0,27,6,0,42,0,48,2,0,2,50
12/01/2019,DHN,AL,ASO,ES,Federal Contract Tower,6,0,20,0,26,0,0,8,0,8,6,0,28,0,34,6,0,6,40
12/02/2019,DHN,AL,ASO,ES,Federal Contract Tower,6,6,20,16,48,0,0,23,12,35,6,6,43,28,83,38,60,98,181
12/03/2019,DHN,AL,ASO,ES,Federal Contract Tower,7,1,32,66,106,0,9,53,34,96,7,10,85,100,202,82,192,274,476
12/04/2019,DHN,AL,ASO,ES,Federal Contract Tower,7,0,33,69,109,0,0,44,28,72,7,0,77,97,181,58,124,182,363
12/05/2019,DHN,AL,ASO,ES,Federal Contract Tower,7,3,43,37,90,0,2,35,6,43,7,5,78,43,133,60,18,78,211
12/06/2019,DHN,AL,ASO,ES,Federal Contract Tower,7,7,15,32,61,0,0,15,16,31,7,7,30,48,92,22,82,104,196
12/07/2019,DHN,AL,ASO,ES,Federal Contract Tower,5,0,12,34,51,0,0,0,8,8,5,0,12,42,59,0,14,14,73
12/08/2019,DHN,AL,ASO,ES,Federal Contract Tower,7,0,22,34,63,0,0,9,11,20,7,0,31,45,83,14,12,26,109
12/09/2019,DHN,AL,ASO,ES,Federal Contract Tower,8,2,36,11,57,0,0,4,10,14,8,2,40,21,71,0,46,46,117
12/10/2019,DHN,AL,ASO,ES,Federal Contract Tower,6,2,20,20,48,0,0,4,6,10,6,2,24,26,58,6,22,28,86
12/11/2019,DHN,AL,ASO,ES,Federal Contract Tower,7,2,26,17,52,0,2,27,21,50,7,4,53,38,102,0,76,76,178
12/12/2019,DHN,AL,ASO,ES,Federal Contract Tower,7,2,28,41,78,0,0,1,12,13,7,2,29,53,91,0,36,36,127
12/13/2019,DHN,AL,ASO,ES,Federal Contract Tower,8,4,17,0,29,0,0,0,0,0,8,4,17,0,29,0,0,0,29
12/14/2019,DHN,AL,ASO,ES,Federal Contract Tower,6,0,28,7,41,0,0,6,7,13,6,0,34,14,54,0,0,0,54
12/15/2019,DHN,AL,ASO,ES,Federal Contract Tower,6,0,17,10,33,0,0,15,8,23,6,0,32,18,56,4,0,4,60
12/16/2019,DHN,AL,ASO,ES,Federal Contract Tower,7,2,28,67,104,0,0,9,15,24,7,2,37,82,128,0,78,78,206
12/17/2019,DHN,AL,ASO,ES,Federal Contract Tower,8,1,20,20,49,0,0,0,0,0,8,1,20,20,49,0,0,0,49
12/18/2019,DHN,AL,ASO,ES,Federal Contract Tower,7,5,24,47,83,0,0,21,31,52,7,5,45,78,135,12,150,162,297
12/19/2019,DHN,AL,ASO,ES,Federal Contract Tower,7,3,36,61,107,0,0,34,18,52,7,3,70,79,159,32,76,108,267
12/20/2019,DHN,AL,ASO,ES,Federal Contract Tower,8,4,26,3,41,0,0,19,12,31,8,4,45,15,72,14,80,94,166
12/21/2019,DHN,AL,ASO,ES,Federal Contract Tower,8,3,5,0,16,0,0,3,1,4,8,3,8,1,20,0,0,0,20
12/22/2019,DHN,AL,ASO,ES,Federal Contract Tower,7,1,0,0,8,0,0,0,0,0,7,1,0,0,8,0,0,0,8
12/23/2019,DHN,AL,ASO,ES,Federal Contract Tower,7,6,9,5,27,0,0,0,0,0,7,6,9,5,27,0,0,0,27
12/24/2019,DHN,AL,ASO,ES,Federal Contract Tower,4,1,11,0,16,0,0,11,0,11,4,1,22,0,27,18,0,18,45
12/25/2019,DHN,AL,ASO,ES,Federal Contract Tower,4,0,3,0,7,0,0,4,0,4,4,0,7,0,11,6,0,6,17
12/26/2019,DHN,AL,ASO,ES,Federal Contract Tower,6,4,10,6,26,0,0,13,0,13,6,4,23,6,39,12,0,12,51
12/27/2019,DHN,AL,ASO,ES,Federal Contract Tower,8,7,31,3,49,0,0,15,2,17,8,7,46,5,66,14,42,56,122
12/28/2019,DHN,AL,ASO,ES,Federal Contract Tower,8,2,28,0,38,0,0,0,0,0,8,2,28,0,38,0,0,0,38
12/29/2019,DHN,AL,ASO,ES,Federal Contract Tower,4,1,16,0,21,0,0,5,0,5,4,1,21,0,26,6,0,6,32
12/30/2019,DHN,AL,ASO,ES,Federal Contract Tower,6,3,13,1,23,0,0,13,6,19,6,3,26,7,42,20,10,30,72
12/31/2019,DHN,AL,ASO,ES,Federal Contract Tower,4,4,14,0,22,0,0,8,0,8,4,4,22,0,30,4,0,4,34
01/01/2020,DHN,AL,ASO,ES,Federal Contract Tower,4,1,9,0,14,0,0,6,0,6,4,1,15,0,20,4,0,4,24
01/02/2020,DHN,AL,ASO,ES,Federal Contract Tower,5,0,23,0,28,0,0,11,8,19,5,0,34,8,47,14,0,14,61
01/03/2020,DHN,AL,ASO,ES,Federal Contract Tower,4,5,3,2,14,0,0,6,0,6,4,5,9,2,20,10,0,10,30
01/04/2020,DHN,AL,ASO,ES,Federal Contract Tower,4,2,24,0,30,0,0,3,0,3,4,2,27,0,33,0,0,0,33
01/05/2020,DHN,AL,ASO,ES,Federal Contract Tower,7,0,5,0,12,0,0,35,0,35,7,0,40,0,47,16,0,16,63
01/06/2020,DHN,AL,ASO,ES,Federal Contract Tower,6,2,31,27,66,0,0,50,34,84,6,2,81,61,150,66,230,296,446
01/07/2020,DHN,AL,ASO,ES,Federal Contract Tower,7,0,28,45,80,0,2,37,31,70,7,2,65,76,150,30,202,232,382
01/08/2020,DHN,AL,ASO,ES,Federal Contract Tower,7,1,28,57,93,0,0,47,33,80,7,1,75,90,173,20,182,202,375
01/09/2020,DHN,AL,ASO,ES,Federal Contract Tower,7,5,49,60,121,0,0,34,26,60,7,5,83,86,181,42,108,150,331
01/10/2020,DHN,AL,ASO,ES,Federal Contract Tower,10,0,28,92,130,0,0,33,27,60,10,0,61,119,190,38,190,228,418
01/11/2020,DHN,AL,ASO,ES,Federal Contract Tower,5,2,4,0,11,0,0,0,0,0,5,2,4,0,11,0,0,0,11
01/12/2020,DHN,AL,ASO,ES,Federal Contract Tower,6,0,33,21,60,0,0,2,1,3,6,0,35,22,63,0,0,0,63
01/13/2020,DHN,AL,ASO,ES,Federal Contract Tower,7,2,29,58,96,0,0,12,11,23,7,2,41,69,119,28,68,96,215
01/14/2020,DHN,AL,ASO,ES,Federal Contract Tower,6,1,31,133,171,0,0,11,26,37,6,1,42,159,208,36,86,122,330
01/15/2020,DHN,AL,ASO,ES,Federal Contract Tower,7,0,30,94,131,0,0,3,10,13,7,0,33,104,144,12,150,162,306
01/16/2020,DHN,AL,ASO,ES,Federal Contract Tower,7,2,29,96,134,0,0,2,16,18,7,2,31,112,152,2,154,156,308
01/17/2020,DHN,AL,ASO,ES,Federal Contract Tower,6,3,26,86,121,0,0,15,28,43,6,3,41,114,164,22,206,228,392
01/18/2020,DHN,AL,ASO,ES,Federal Contract Tower,5,0,18,0,23,0,0,4,0,4,5,0,22,0,27,16,0,16,43
01/19/2020,DHN,AL,ASO,ES,Federal Contract Tower,5,1,18,28,52,0,0,4,6,10,5,1,22,34,62,0,0,0,62
01/20/2020,DHN,AL,ASO,ES,Federal Contract Tower,7,3,10,8,28,0,0,14,4,18,7,3,24,12,46,14,8,22,68
01/21/2020,DHN,AL,ASO,ES,Federal Contract Tower,6,4,23,53,86,0,0,14,26,40,6,4,37,79,126,0,132,132,258
01/22/2020,DHN,AL,ASO,ES,Federal Contract Tower,7,2,23,43,75,0,0,21,37,58,7,2,44,80,133,20,156,176,309
01/23/2020,DHN,AL,ASO,ES,Federal Contract Tower,7,3,30,47,87,0,0,10,6,16,7,3,40,53,103,28,58,86,189
01/24/2020,DHN,AL,ASO,ES,Federal Contract Tower,6,4,19,40,69,0,0,6,27,33,6,4,25,67,102,10,40,50,152
01/25/2020,DHN,AL,ASO,ES,Federal Contract Tower,5,0,9,8,22,0,0,19,1,20,5,0,28,9,42,9,0,9,51
01/26/2020,DHN,AL,ASO,ES,Federal Contract Tower,6,2,14,23,45,0,0,13,2,15,6,2,27,25,60,38,0,38,98
01/27/2020,DHN,AL,ASO,ES,Federal Contract Tower,7,3,35,37,82,0,0,7,11,18,7,3,42,48,100,76,42,118,218
01/28/2020,DHN,AL,ASO,ES,Federal Contract Tower,7,2,24,48,81,0,0,33,24,57,7,2,57,72,138,40,84,124,262
01/29/2020,DHN,AL,ASO,ES,Federal Contract Tower,8,7,23,60,98,0,0,30,18,48,8,7,53,78,146,20,56,76,222
01/30/2020,DHN,AL,ASO,ES,Federal Contract Tower,7,7,29,78,121,0,0,38,22,60,7,7,67,100,181,4,80,84,265
01/31/2020,DHN,AL,ASO,ES,Federal Contract Tower,8,2,40,45,95,0,0,0,3,3,8,2,40,48,98,0,0,0,98
02/01/2020,DHN,AL,ASO,ES,Federal Contract Tower,5,3,11,0,19,0,0,0,7,7,5,3,11,7,26,0,0,0,26
02/02/2020,DHN,AL,ASO,ES,Federal Contract Tower,4,2,21,0,27,0,0,38,0,38,4,2,59,0,65,28,0,28,93
02/03/2020,DHN,AL,ASO,ES,Federal Contract Tower,7,6,39,62,114,0,0,44,22,66,7,6,83,84,180,0,118,118,298
02/04/2020,DHN,AL,ASO,ES,Federal Contract Tower,7,2,37,69,115,0,0,35,16,51,7,2,72,85,166,0,96,96,262
02/05/2020,DHN,AL,ASO,ES,Federal Contract Tower,7,3,31,25,66,0,0,6,0,6,7,3,37,25,72,0,20,20,92
02/06/2020,DHN,AL,ASO,ES,Federal Contract Tower,3,2,8,0,13,0,0,0,0,0,3,2,8,0,13,0,0,0,13
02/07/2020,DHN,AL,ASO,ES,Federal Contract Tower,9,7,24,56,96,0,0,32,26,58,9,7,56,82,154,76,88,164,318
02/08/2020,DHN,AL,ASO,ES,Federal Contract Tower,5,0,16,0,21,0,1,27,0,28,5,1,43,0,49,16,0,16,65
02/09/2020,DHN,AL,ASO,ES,Federal Contract Tower,6,2,15,44,67,0,0,35,3,38,6,2,50,47,105,6,16,22,127
02/10/2020,DHN,AL,ASO,ES,Federal Contract Tower,6,0,21,45,72,0,0,19,29,48,6,0,40,74,120,6,168,174,294
02/11/2020,DHN,AL,ASO,ES,Federal Contract Tower,7,0,32,73,112,0,0,14,16,30,7,0,46,89,142,0,86,86,228
02/12/2020,DHN,AL,ASO,ES,Federal Contract Tower,7,2,47,60,116,0,0,13,5,18,7,2,60,65,134,36,100,136,270
02/13/2020,DHN,AL,ASO,ES,Federal Contract Tower,8,3,25,49,85,0,0,2,18,20,8,3,27,67,105,28,94,122,227
02/14/2020,DHN,AL,ASO,ES,Federal Contract Tower,8,4,19,48,79,0,0,53,37,90,8,4,72,85,169,2,180,182,351
02/15/2020,DHN,AL,ASO,ES,Federal Contract Tower,5,0,12,3,20,0,0,33,0,33,5,0,45,3,53,62,6,68,121
02/16/2020,DHN,AL,ASO,ES,Federal Contract Tower,4,3,15,0,22,0,0,0,0,0,4,3,15,0,22,0,0,0,22
02/17/2020,DHN,AL,ASO,ES,Federal Contract Tower,8,2,14,0,24,0,0,0,0,0,8,2,14,0,24,0,0,0,24
02/18/2020,DHN,AL,ASO,ES,Federal Contract Tower,6,2,39,30,77,0,0,5,11,16,6,2,44,41,93,8,74,82,175
02/19/2020,DHN,AL,ASO,ES,Federal Contract Tower,7,2,25,70,104,0,0,21,38,59,7,2,46,108,163,116,236,352,515
02/20/2020,DHN,AL,ASO,ES,Federal Contract Tower,7,5,8,2,22,0,0,0,0,0,7,5,8,2,22,0,0,0,22
02/21/2020,DHN,AL,ASO,ES,Federal Contract Tower,8,2,53,36,99,0,0,38,36,74,8,2,91,72,173,40,136,176,349
02/22/2020,DHN,AL,ASO,ES,Federal Contract Tower,5,1,12,3,21,0,0,54,2,56,5,1,66,5,77,76,0,76,153
02/23/2020,DHN,AL,ASO,ES,Federal Contract Tower,6,1,16,20,43,0,6,48,2,56,6,7,64,22,99,48,18,66,165
02/24/2020,DHN,AL,ASO,ES,Federal Contract Tower,8,3,32,90,133,3,4,15,29,51,11,7,47,119,184,4,146,150,334
02/25/2020,DHN,AL,ASO,ES,Federal Contract Tower,7,2,34,65,108,0,1,5,15,21,7,3,39,80,129,0,98,98,227
02/26/2020,DHN,AL,ASO,ES,Federal Contract Tower,7,0,35,62,104,0,0,38,30,68,7,0,73,92,172,30,160,190,362
02/27/2020,DHN,AL,ASO,ES,Federal Contract Tower,7,2,34,57,100,0,0,42,24,66,7,2,76,81,166,16,172,188,354
02/28/2020,DHN,AL,ASO,ES,Federal Contract Tower,6,2,31,83,122,0,0,39,21,60,6,2,70,104,182,10,130,140,322
02/29/2020,DHN,AL,ASO,ES,Federal Contract Tower,4,2,9,11,26,0,0,38,1,39,4,2,47,12,65,74,0,74,139
03/01/2020,DHN,AL,ASO,ES,Federal Contract Tower,6,3,17,24,50,0,0,45,4,49,6,3,62,28,99,64,0,64,163
03/02/2020,DHN,AL,ASO,ES,Federal Contract Tower,7,3,28,61,99,0,0,22,28,50,7,3,50,89,149,72,110,182,331
03/03/2020,DHN,AL,ASO,ES,Federal Contract Tower,7,1,51,66,125,0,0,15,24,39,7,1,66,90,164,14,48,62,226
03/04/2020,DHN,AL,ASO,ES,Federal Contract Tower,7,2,14,0,23,0,0,0,0,0,7,2,14,0,23,0,0,0,23
03/05/2020,DHN,AL,ASO,ES,Federal Contract Tower,7,6,32,57,102,0,0,0,0,0,7,6,32,57,102,0,0,0,102
03/06/2020,DHN,AL,ASO,ES,Federal Contract Tower,6,3,35,44,88,0,0,47,20,67,6,3,82,64,155,62,106,168,323
03/07/2020,DHN,AL,ASO,ES,Federal Contract Tower,5,0,21,24,50,0,0,28,4,32,5,0,49,28,82,16,0,16,98
03/08/2020,DHN,AL,ASO,ES,Federal Contract Tower,7,0,20,26,53,0,0,18,2,20,7,0,38,28,73,36,0,36,109
03/09/2020,DHN,AL,ASO,ES,Federal Contract Tower,8,2,25,34,69,0,0,49,16,65,8,2,74,50,134,152,88,240,374
03/10/2020,DHN,AL,ASO,ES,Federal Contract Tower,7,1,26,76,110,0,0,43,15,58,7,1,69,91,168,120,92,212,380
03/11/2020,DHN,AL,ASO,ES,Federal Contract Tower,7,0,56,63,126,0,0,35,29,64,7,0,91,92,190,42,118,160,350
03/12/2020,DHN,AL,ASO,ES,Federal Contract Tower,7,3,29,68,107,0,0,29,30,59,7,3,58,98,166,29,117,146,312
03/13/2020,DHN,AL,ASO,ES,Federal Contract Tower,7,2,35,64,108,0,0,29,22,51,7,2,64,86,159,42,70,112,271
03/14/2020,DHN,AL,ASO,ES,Federal Contract Tower,5,0,13,0,18,0,0,23,0,23,5,0,36,0,41,36,0,36,77
03/15/2020,DHN,AL,ASO,ES,Federal Contract Tower,7,0,14,23,44,0,0,21,1,22,7,0,35,24,66,30,8,38,104
03/16/2020,DHN,AL,ASO,ES,Federal Contract Tower,7,2,16,59,84,0,0,29,30,59,7,2,45,89,143,36,156,192,335
03/17/2020,DHN,AL,ASO,ES,Federal Contract Tower,7,1,9,58,75,7,0,32,16,55,14,1,41,74,130,62,122,184,314
03/18/2020,DHN,AL,ASO,ES,Federal Contract Tower,7,2,11,45,65,0,0,33,24,57,7,2,44,69,122,2,74,76,198
03/19/2020,DHN,AL,ASO,ES,Federal Contract Tower,7,4,19,72,102,0,0,17,30,47,7,4,36,102,149,12,178,190,339
03/20/2020,DHN,AL,ASO,ES,Federal Contract Tower,4,2,9,68,83,0,0,7,19,26,4,2,16,87,109,24,92,116,225
03/21/2020,DHN,AL,ASO,ES,Federal Contract Tower,4,4,17,0,25,0,0,4,0,4,4,4,21,0,29,32,0,32,61
03/22/2020,DHN,AL,ASO,ES,Federal Contract Tower,6,0,11,4,21,0,0,9,0,9,6,0,20,4,30,46,0,46,76
03/23/2020,DHN,AL,ASO,ES,Federal Contract Tower,3,2,5,62,72,0,0,2,3,5,3,2,7,65,77,0,58,58,135
03/24/2020,DHN,AL,ASO,ES,Federal Contract Tower,4,0,9,78,91,0,0,2,40,42,4,0,11,118,133,0,140,140,273
03/25/2020,DHN,AL,ASO,ES,Federal Contract Tower,5,2,14,83,104,0,0,31,41,72,5,2,45,124,176,48,188,236,412
03/26/2020,DHN,AL,ASO,ES,Federal Contract Tower,5,6,13,31,55,0,0,35,29,64,5,6,48,60,119,18,228,246,365
03/27/2020,DHN,AL,ASO,ES,Federal Contract Tower,4,2,14,64,84,0,0,23,20,43,4,2,37,84,127,34,62,96,223
03/28/2020,DHN,AL,ASO,ES,Federal Contract Tower,5,2,5,17,29,0,0,15,2,17,5,2,20,19,46,54,0,54,100
03/29/2020,DHN,AL,ASO,ES,Federal Contract Tower,3,2,11,7,23,0,0,21,0,21,3,2,32,7,44,30,0,30,74
03/30/2020,DHN,AL,ASO,ES,Federal Contract Tower,3,2,21,39,65,0,0,20,28,48,3,2,41,67,113,16,102,118,231
03/31/2020,DHN,AL,ASO,ES,Federal Contract Tower,3,0,28,34,65,0,0,3,20,23,3,0,31,54,88,2,100,102,190
04/01/2020,DHN,AL,ASO,ES,Federal Contract Tower,3,1,9,68,81,0,0,30,54,84,3,1,39,122,165,36,210,246,411
04/02/2020,DHN,AL,ASO,ES,Federal Contract Tower,4,3,7,57,71,0,0,36,27,63,4,3,43,84,134,52,200,252,386
04/03/2020,DHN,AL,ASO,ES,Federal Contract Tower,4,4,20,30,58,0,0,17,34,51,4,4,37,64,109,36,158,194,303
04/04/2020,DHN,AL,ASO,ES,Federal Contract Tower,4,1,25,0,30,0,0,10,0,10,4,1,35,0,40,30,4,34,74
04/05/2020,DHN,AL,ASO,ES,Federal Contract Tower,2,0,10,2,14,0,0,13,0,13,2,0,23,2,27,14,0,14,41
04/06/2020,DHN,AL,ASO,ES,Federal Contract Tower,1,2,22,30,55,0,0,30,15,45,1,2,52,45,100,110,82,192,292
04/07/2020,DHN,AL,ASO,ES,Federal Contract Tower,4,0,17,15,36,0,0,17,40,57,4,0,34,55,93,12,150,162,255
04/08/2020,DHN,AL,ASO,ES,Federal Contract Tower,4,2,14,26,46,0,0,5,12,17,4,2,19,38,63,8,88,96,159
04/09/2020,DHN,AL,ASO,ES,Federal Contract Tower,4,4,17,64,89,1,0,9,37,47,5,4,26,101,136,8,180,188,324
04/10/2020,DHN,AL,ASO,ES,Federal Contract Tower,3,2,3,17,25,0,0,13,30,43,3,2,16,47,68,0,172,172,240
04/11/2020,DHN,AL,ASO,ES,Federal Contract Tower,4,2,13,0,19,0,0,18,0,18,4,2,31,0,37,24,0,24,61
04/12/2020,DHN,AL,ASO,ES,Federal Contract Tower,3,0,0,0,3,0,0,0,0,0,3,0,0,0,3,0,0,0,3
04/13/2020,DHN,AL,ASO,ES,Federal Contract Tower,5,2,17,19,43,0,0,41,42,83,5,2,58,61,126,58,164,222,348
04/14/2020,DHN,AL,ASO,ES,Federal Contract Tower,2,2,12,35,51,0,0,29,46,75,2,2,41,81,126,52,216,268,394
04/15/2020,DHN,AL,ASO,ES,Federal Contract Tower,2,0,10,22,34,0,0,31,44,75,2,0,41,66,109,18,218,236,345
04/16/2020,DHN,AL,ASO,ES,Federal Contract Tower,1,2,8,46,57,0,0,31,21,52,1,2,39,67,109,20,136,156,265
04/17/2020,DHN,AL,ASO,ES,Federal Contract Tower,2,2,14,13,31,0,0,30,31,61,2,2,44,44,92,2,152,154,246
04/18/2020,DHN,AL,ASO,ES,Federal Contract Tower,2,0,7,0,9,0,0,4,3,7,2,0,11,3,16,22,2,24,40
04/19/2020,DHN,AL,ASO,ES,Federal Contract Tower,2,0,0,0,2,0,0,0,0,0,2,0,0,0,2,0,0,0,2
04/20/2020,DHN,AL,ASO,ES,Federal Contract Tower,2,2,26,52,82,0,4,21,18,43,2,6,47,70,125,14,68,82,207
04/21/2020,DHN,AL,ASO,ES,Federal Contract Tower,2,2,13,75,92,0,0,22,32,54,2,2,35,107,146,18,182,200,346
04/22/2020,DHN,AL,ASO,ES,Federal Contract Tower,4,0,17,14,35,0,0,38,27,65,4,0,55,41,100,62,90,152,252
04/23/2020,DHN,AL,ASO,ES,Federal Contract Tower,4,4,0,0,8,0,0,0,0,0,4,4,0,0,8,0,0,0,8
04/24/2020,DHN,AL,ASO,ES,Federal Contract Tower,2,2,23,42,69,0,0,44,18,62,2,2,67,60,131,100,84,184,315
04/25/2020,DHN,AL,ASO,ES,Federal Contract Tower,3,0,14,0,17,0,0,15,0,15,3,0,29,0,32,32,0,32,64
04/26/2020,DHN,AL,ASO,ES,Federal Contract Tower,1,0,4,6,11,0,0,3,1,4,1,0,7,7,15,4,12,16,31
04/27/2020,DHN,AL,ASO,ES,Federal Contract Tower,3,2,6,41,52,0,0,32,22,54,3,2,38,63,106,22,186,208,314
04/28/2020,DHN,AL,ASO,ES,Federal Contract Tower,1,0,17,76,94,0,0,22,8,30,1,0,39,84,124,46,96,142,266
04/29/2020,DHN,AL,ASO,ES,Federal Contract Tower,2,0,13,16,31,0,0,7,7,14,2,0,20,23,45,60,80,140,185
04/30/2020,DHN,AL,ASO,ES,Federal Contract Tower,2,2,12,57,73,0,0,20,29,49,2,2,32,86,122,18,220,238,360
05/01/2020,DHN,AL,ASO,ES,Federal Contract Tower,2,6,12,52,72,0,0,33,17,50,2,6,45,69,122,56,90,146,268
05/02/2020,DHN,AL,ASO,ES,Federal Contract Tower,1,0,12,11,24,0,0,16,1,17,1,0,28,12,41,34,0,34,75
05/03/2020,DHN,AL,ASO,ES,Federal Contract Tower,2,1,5,6,14,0,1,17,0,18,2,2,22,6,32,54,0,54,86
05/04/2020,DHN,AL,ASO,ES,Federal Contract Tower,2,2,12,16,32,0,0,24,20,44,2,2,36,36,76,24,140,164,240
05/05/2020,DHN,AL,ASO,ES,Federal Contract Tower,3,1,10,40,54,0,0,27,16,43,3,1,37,56,97,2,96,98,195
05/06/2020,DHN,AL,ASO,ES,Federal Contract Tower,2,3,10,65,80,0,0,21,24,45,2,3,31,89,125,14,70,84,209
05/07/2020,DHN,AL,ASO,ES,Federal Contract Tower,1,3,16,71,91,0,0,32,27,59,1,3,48,98,150,66,82,148,298
05/08/2020,DHN,AL,ASO,ES,Federal Contract Tower,2,3,7,56,68,0,0,14,31,45,2,3,21,87,113,4,98,102,215
05/09/2020,DHN,AL,ASO,ES,Federal Contract Tower,2,1,8,7,18,0,0,16,6,22,2,1,24,13,40,38,0,38,78
05/10/2020,DHN,AL,ASO,ES,Federal Contract Tower,2,0,7,4,13,0,0,17,4,21,2,0,24,8,34,44,12,56,90
05/11/2020,DHN,AL,ASO,ES,Federal Contract Tower,2,2,13,38,55,0,0,26,26,52,2,2,39,64,107,18,104,122,229
05/12/2020,DHN,AL,ASO,ES,Federal Contract Tower,2,2,10,78,92,0,0,31,23,54,2,2,41,101,146,36,112,148,294
05/13/2020,DHN,AL,ASO,ES,Federal Contract Tower,2,1,12,92,107,0,0,29,26,55,2,1,41,118,162,8,112,120,282
05/14/2020,DHN,AL,ASO,ES,Federal Contract Tower,2,2,17,96,117,0,0,20,34,54,2,2,37,130,171,10,88,98,269
05/15/2020,DHN,AL,ASO,ES,Federal Contract Tower,2,4,6,52,64,0,0,20,36,56,2,4,26,88,120,8,116,124,244
05/16/2020,DHN,AL,ASO,ES,Federal Contract Tower,1,2,0,19,22,0,0,15,0,15,1,2,15,19,37,20,0,20,57
05/17/2020,DHN,AL,ASO,ES,Federal Contract Tower,2,2,8,23,35,0,0,7,0,7,2,2,15,23,42,26,0,26,68
05/18/2020,DHN,AL,ASO,ES,Federal Contract Tower,2,4,12,57,75,0,0,7,17,24,2,4,19,74,99,4,70,74,173
05/19/2020,DHN,AL,ASO,ES,Federal Contract Tower,1,0,8,78,87,0,0,33,26,59,1,0,41,104,146,36,142,178,324
05/20/2020,DHN,AL,ASO,ES,Federal Contract Tower,2,0,40,72,114,0,0,22,14,36,2,0,62,86,150,62,72,134,284
05/21/2020,DHN,AL,ASO,ES,Federal Contract Tower,2,4,27,43,76,0,0,18,9,27,2,4,45,52,103,40,86,126,229
05/22/2020,DHN,AL,ASO,ES,Federal Contract Tower,1,2,29,42,74,0,0,11,7,18,1,2,40,49,92,8,10,18,110
05/23/2020,DHN,AL,ASO,ES,Federal Contract Tower,5,0,22,0,27,0,0,17,0,17,5,0,39,0,44,52,0,52,96
05/24/2020,DHN,AL,ASO,ES,Federal Contract Tower,2,1,4,0,7,0,0,7,0,7,2,1,11,0,14,14,0,14,28
05/25/2020,DHN,AL,ASO,ES,Federal Contract Tower,2,1,8,0,11,0,0,14,0,14,2,1,22,0,25,0,0,0,25
05/26/2020,DHN,AL,ASO,ES,Federal Contract Tower,2,7,18,27,54,0,0,10,15,25,2,7,28,42,79,8,58,66,145
05/27/2020,DHN,AL,ASO,ES,Federal Contract Tower,1,0,41,50,92,0,0,8,19,27,1,0,49,69,119,6,50,56,175
05/28/2020,DHN,AL,ASO,ES,Federal Contract Tower,2,4,37,45,88,0,1,45,15,61,2,5,82,60,149,28,60,88,237
05/29/2020,DHN,AL,ASO,ES,Federal Contract Tower,4,3,31,48,86,0,1,32,20,53,4,4,63,68,139,44,128,172,311
05/30/2020,DHN,AL,ASO,ES,Federal Contract Tower,2,0,21,17,40,0,0,13,0,13,2,0,34,17,53,32,0,32,85
05/31/2020,DHN,AL,ASO,ES,Federal Contract Tower,2,0,14,18,34,0,0,17,1,18,2,0,31,19,52,28,0,28,80
06/01/2020,DHN,AL,ASO,ES,Federal Contract Tower,1,2,20,22,45,0,0,31,21,52,1,2,51,43,97,40,58,98,195
06/02/2020,DHN,AL,ASO,ES,Federal Contract Tower,2,0,34,57,93,0,0,15,1,16,2,0,49,58,109,70,4,74,183
06/03/2020,DHN,AL,ASO,ES,Federal Contract Tower,2,0,16,59,77,0,0,49,36,85,2,0,65,95,162,96,82,178,340
06/04/2020,DHN,AL,ASO,ES,Federal Contract Tower,2,2,36,67,107,0,0,42,8,50,2,2,78,75,157,30,22,52,209
06/05/2020,DHN,AL,ASO,ES,Federal Contract Tower,2,3,27,56,88,0,0,33,30,63,2,3,60,86,151,38,158,196,347
06/06/2020,DHN,AL,ASO,ES,Federal Contract Tower,2,1,4,0,7,0,0,7,0,7,2,1,11,0,14,4,0,4,18
06/07/2020,DHN,AL,ASO,ES,Federal Contract Tower,2,2,0,0,4,0,0,0,0,0,2,2,0,0,4,2,0,2,6
06/08/2020,DHN,AL,ASO,ES,Federal Contract Tower,2,2,23,57,84,0,0,11,16,27,2,2,34,73,111,2,48,50,161
06/09/2020,DHN,AL,ASO,ES,Federal Contract Tower,2,0,16,44,62,0,0,0,2,2,2,0,16,46,64,0,8,8,72
06/10/2020,DHN,AL,ASO,ES,Federal Contract Tower,2,3,23,59,87,0,0,29,25,54,2,3,52,84,141,76,136,212,353
06/11/2020,DHN,AL,ASO,ES,Federal Contract Tower,1,2,23,92,118,0,0,35,49,84,1,2,58,141,202,30,272,302,504
06/12/2020,DHN,AL,ASO,ES,Federal Contract Tower,2,2,17,49,70,0,1,51,39,91,2,3,68,88,161,102,188,290,451
06/13/2020,DHN,AL,ASO,ES,Federal Contract Tower,2,3,13,2,20,0,0,11,0,11,2,3,24,2,31,32,0,32,63
06/14/2020,DHN,AL,ASO,ES,Federal Contract Tower,2,1,14,4,21,0,0,12,0,12,2,1,26,4,33,44,4,48,81
06/15/2020,DHN,AL,ASO,ES,Federal Contract Tower,2,2,9,48,61,0,0,28,42,70,2,2,37,90,131,22,204,226,357
06/16/2020,DHN,AL,ASO,ES,Federal Contract Tower,2,0,27,61,90,0,0,24,34,58,2,0,51,95,148,40,130,170,318
06/17/2020,DHN,AL,ASO,ES,Federal Contract Tower,2,1,17,39,59,0,0,63,38,101,2,1,80,77,160,108,214,322,482
06/18/2020,DHN,AL,ASO,ES,Federal Contract Tower,2,8,18,38,66,0,0,42,42,84,2,8,60,80,150,62,164,226,376
06/19/2020,DHN,AL,ASO,ES,Federal Contract Tower,2,3,21,33,59,0,0,37,31,68,2,3,58,64,127,27,124,151,278
06/20/2020,DHN,AL,ASO,ES,Federal Contract Tower,2,1,16,6,25,0,0,21,0,21,2,1,37,6,46,34,0,34,80
06/21/2020,DHN,AL,ASO,ES,Federal Contract Tower,2,1,6,5,14,0,0,10,1,11,2,1,16,6,25,8,0,8,33
06/22/2020,DHN,AL,ASO,ES,Federal Contract Tower,2,8,21,43,74,0,0,34,14,48,2,8,55,57,122,46,32,78,200
06/23/2020,DHN,AL,ASO,ES,Federal Contract Tower,2,5,40,17,64,0,0,41,13,54,2,5,81,30,118,70,18,88,206
06/24/2020,DHN,AL,ASO,ES,Federal Contract Tower,2,0,45,13,60,0,0,48,21,69,2,0,93,34,129,86,112,198,327
06/25/2020,DHN,AL,ASO,ES,Federal Contract Tower,2,4,32,28,66,0,0,28,7,35,2,4,60,35,101,32,104,136,237
06/26/2020,DHN,AL,ASO,ES,Federal Contract Tower,2,5,39,16,62,0,0,28,15,43,2,5,67,31,105,42,114,156,261
06/27/2020,DHN,AL,ASO,ES,Federal Contract Tower,2,0,16,5,23,0,0,8,1,9,2,0,24,6,32,6,0,6,38
06/28/2020,DHN,AL,ASO,ES,Federal Contract Tower,2,3,14,11,30,0,0,19,3,22,2,3,33,14,52,12,0,12,64
06/29/2020,DHN,AL,ASO,ES,Federal Contract Tower,2,2,12,58,74,0,0,39,10,49,2,2,51,68,123,40,28,68,191
06/30/2020,DHN,AL,ASO,ES,Federal Contract Tower,1,2,31,67,101,0,0,37,26,63,1,2,68,93,164,28,98,126,290
07/01/2020,DHN,AL,ASO,ES,Federal Contract Tower,2,0,15,27,44,0,0,20,17,37,2,0,35,44,81,10,96,106,187
07/02/2020,DHN,AL,ASO,ES,Federal Contract Tower,2,0,11,84,97,0,0,26,27,53,2,0,37,111,150,26,172,198,348
07/03/2020,DHN,AL,ASO,ES,Federal Contract Tower,2,0,13,0,15,0,0,7,0,7,2,0,20,0,22,10,0,10,32
07/04/2020,DHN,AL,ASO,ES,Federal Contract Tower,2,2,5,0,9,0,0,4,0,4,2,2,9,0,13,0,0,0,13
07/05/2020,DHN,AL,ASO,ES,Federal Contract Tower,2,2,5,0,9,0,0,2,0,2,2,2,7,0,11,4,0,4,15
07/06/2020,DHN,AL,ASO,ES,Federal Contract Tower,2,2,17,4,25,0,0,0,0,0,2,2,17,4,25,0,0,0,25
07/07/2020,DHN,AL,ASO,ES,Federal Contract Tower,2,4,18,54,78,0,0,4,22,26,2,4,22,76,104,0,142,142,246
07/08/2020,DHN,AL,ASO,ES,Federal Contract Tower,2,2,38,76,118,0,0,14,18,32,2,2,52,94,150,12,78,90,240
07/09/2020,DHN,AL,ASO,ES,Federal Contract Tower,2,5,17,71,95,0,0,27,15,42,2,5,44,86,137,40,82,122,259
07/10/2020,DHN,AL,ASO,ES,Federal Contract Tower,2,2,11,79,94,0,0,47,16,63,2,2,58,95,157,50,132,182,339
07/11/2020,DHN,AL,ASO,ES,Federal Contract Tower,2,0,15,34,51,0,1,9,4,14,2,1,24,38,65,10,6,16,81
07/12/2020,DHN,AL,ASO,ES,Federal Contract Tower,2,0,11,0,13,0,0,20,2,22,2,0,31,2,35,6,0,6,41
07/13/2020,DHN,AL,ASO,ES,Federal Contract Tower,2,7,18,87,114,0,0,42,27,69,2,7,60,114,183,104,120,224,407
07/14/2020,DHN,AL,ASO,ES,Federal Contract Tower,1,3,28,76,108,0,0,27,16,43,1,3,55,92,151,20,82,102,253
07/15/2020,DHN,AL,ASO,ES,Federal Contract Tower,1,4,16,44,65,0,0,35,15,50,1,4,51,59,115,50,82,132,247
07/16/2020,DHN,AL,ASO,ES,Federal Contract Tower,2,5,19,73,99,0,0,40,29,69,2,5,59,102,168,40,160,200,368
07/17/2020,DHN,AL,ASO,ES,Federal Contract Tower,1,1,19,83,104,0,0,55,19,74,1,1,74,102,178,50,112,162,340
07/18/2020,DHN,AL,ASO,ES,Federal Contract Tower,2,1,13,6,22,0,0,9,4,13,2,1,22,10,35,16,0,16,51
07/19/2020,DHN,AL,ASO,ES,Federal Contract Tower,2,2,12,27,43,0,0,24,4,28,2,2,36,31,71,36,0,36,107
07/20/2020,DHN,AL,ASO,ES,Federal Contract Tower,2,3,18,29,52,0,0,54,28,82,2,3,72,57,134,30,130,160,294
07/21/2020,DHN,AL,ASO,ES,Federal Contract Tower,2,1,7,36,46,0,0,57,9,66,2,1,64,45,112,50,44,94,206
07/22/2020,DHN,AL,ASO,ES,Federal Contract Tower,2,1,28,61,92,0,0,51,19,70,2,1,79,80,162,50,128,178,340
07/23/2020,DHN,AL,ASO,ES,Federal Contract Tower,2,2,13,35,52,0,0,35,20,55,2,2,48,55,107,56,122,178,285
07/24/2020,DHN,AL,ASO,ES,Federal Contract Tower,0,4,15,81,100,0,0,26,33,59,0,4,41,114,159,50,168,218,377
07/25/2020,DHN,AL,ASO,ES,Federal Contract Tower,2,0,11,15,28,0,0,20,4,24,2,0,31,19,52,30,0,30,82
07/26/2020,DHN,AL,ASO,ES,Federal Contract Tower,2,0,12,9,23,0,0,17,3,20,2,0,29,12,43,14,0,14,57
07/27/2020,DHN,AL,ASO,ES,Federal Contract Tower,2,3,10,57,72,0,0,33,29,62,2,3,43,86,134,28,148,176,310
07/28/2020,DHN,AL,ASO,ES,Federal Contract Tower,2,6,26,42,76,0,0,33,17,50,2,6,59,59,126,96,74,170,296
07/29/2020,DHN,AL,ASO,ES,Federal Contract Tower,2,1,33,48,84,0,0,11,10,21,2,1,44,58,105,36,44,80,185
07/30/2020,DHN,AL,ASO,ES,Federal Contract Tower,2,3,33,85,123,0,0,24,17,41,2,3,57,102,164,16,122,138,302
07/31/2020,DHN,AL,ASO,ES,Federal Contract Tower,2,2,25,96,125,0,1,44,30,75,2,3,69,126,200,32,82,114,314
08/01/2020,DHN,AL,ASO,ES,Federal Contract Tower,2,4,13,11,30,0,0,23,1,24,2,4,36,12,54,30,0,30,84
08/02/2020,DHN,AL,ASO,ES,Federal Contract Tower,3,0,16,19,38,0,0,15,0,15,3,0,31,19,53,38,0,38,91
08/03/2020,DHN,AL,ASO,ES,Federal Contract Tower,7,2,2,52,63,0,0,38,25,63,7,2,40,77,126,63,60,123,249
08/04/2020,DHN,AL,ASO,ES,Federal Contract Tower,4,3,13,51,71,0,0,55,34,89,4,3,68,85,160,8,152,160,320
08/05/2020,DHN,AL,ASO,ES,Federal Contract Tower,4,0,15,58,77,0,0,49,38,87,4,0,64,96,164,54,180,234,398
08/06/2020,DHN,AL,ASO,ES,Federal Contract Tower,3,3,28,39,73,0,0,31,28,59,3,3,59,67,132,19,140,159,291
08/07/2020,DHN,AL,ASO,ES,Federal Contract Tower,2,0,15,27,44,0,0,34,45,79,2,0,49,72,123,36,200,236,359
08/08/2020,DHN,AL,ASO,ES,Federal Contract Tower,3,0,3,3,9,0,0,33,2,35,3,0,36,5,44,48,0,48,92
08/09/2020,DHN,AL,ASO,ES,Federal Contract Tower,3,0,5,5,13,0,0,34,1,35,3,0,39,6,48,46,0,46,94
08/10/2020,DHN,AL,ASO,ES,Federal Contract Tower,4,2,19,14,39,0,0,26,24,50,4,2,45,38,89,38,156,194,283
08/11/2020,DHN,AL,ASO,ES,Federal Contract Tower,4,0,19,23,46,0,0,19,15,34,4,0,38,38,80,2,76,78,158
08/12/2020,DHN,AL,ASO,ES,Federal Contract Tower,3,3,24,90,120,0,1,38,49,88,3,4,62,139,208,8,196,204,412
08/13/2020,DHN,AL,ASO,ES,Federal Contract Tower,3,3,15,24,45,0,1,15,15,31,3,4,30,39,76,4,98,102,178
08/14/2020,DHN,AL,ASO,ES,Federal Contract Tower,4,3,23,33,63,0,0,18,10,28,4,3,41,43,91,12,92,104,195
08/15/2020,DHN,AL,ASO,ES,Federal Contract Tower,3,2,1,8,14,0,0,15,0,15,3,2,16,8,29,82,0,82,111
08/16/2020,DHN,AL,ASO,ES,Federal Contract Tower,3,0,12,8,23,0,0,23,2,25,3,0,35,10,48,58,2,60,108
08/17/2020,DHN,AL,ASO,ES,Federal Contract Tower,4,2,12,36,54,0,0,23,36,59,4,2,35,72,113,42,152,194,307
08/18/2020,DHN,AL,ASO,ES,Federal Contract Tower,4,2,31,32,69,0,0,48,36,84,4,2,79,68,153,88,120,208,361
08/19/2020,DHN,AL,ASO,ES,Federal Contract Tower,4,3,20,55,82,0,0,41,20,61,4,3,61,75,143,30,134,164,307
08/20/2020,DHN,AL,ASO,ES,Federal Contract Tower,4,2,15,22,43,0,0,32,20,52,4,2,47,42,95,130,100,230,325
08/21/2020,DHN,AL,ASO,ES,Federal Contract Tower,4,3,29,37,73,0,4,22,10,36,4,7,51,47,109,36,108,144,253
08/22/2020,DHN,AL,ASO,ES,Federal Contract Tower,3,2,7,2,14,0,0,11,1,12,3,2,18,3,26,72,0,72,98
08/23/2020,DHN,AL,ASO,ES,Federal Contract Tower,3,0,11,0,14,0,0,15,0,15,3,0,26,0,29,46,0,46,75
08/24/2020,DHN,AL,ASO,ES,Federal Contract Tower,3,2,43,48,96,0,0,0,0,0,3,2,43,48,96,0,0,0,96
08/25/2020,DHN,AL,ASO,ES,Federal Contract Tower,4,0,55,78,137,0,0,32,20,52,4,0,87,98,189,14,44,58,247
08/26/2020,DHN,AL,ASO,ES,Federal Contract Tower,6,0,36,74,116,0,0,42,25,67,6,0,78,99,183,52,50,102,285
08/27/2020,DHN,AL,ASO,ES,Federal Contract Tower,4,2,38,82,126,0,0,28,15,43,4,2,66,97,169,66,100,166,335
08/28/2020,DHN,AL,ASO,ES,Federal Contract Tower,3,5,31,94,133,0,1,44,14,59,3,6,75,108,192,48,66,114,306
08/29/2020,DHN,AL,ASO,ES,Federal Contract Tower,3,1,0,0,4,0,0,4,0,4,3,1,4,0,8,18,0,18,26
08/30/2020,DHN,AL,ASO,ES,Federal Contract Tower,2,0,9,0,11,0,0,3,8,11,2,0,12,8,22,42,0,42,64
08/31/2020,DHN,AL,ASO,ES,Federal Contract Tower,4,2,35,87,128,0,0,29,13,42,4,2,64,100,170,14,64,78,248
09/01/2020,DHN,AL,ASO,ES,Federal Contract Tower,4,0,21,53,78,0,0,29,11,40,4,0,50,64,118,24,48,72,190
09/02/2020,DHN,AL,ASO,ES,Federal Contract Tower,4,0,31,105,140,0,0,34,23,57,4,0,65,128,197,42,90,132,329
09/03/2020,DHN,AL,ASO,ES,Federal Contract Tower,3,1,9,69,82,0,0,38,57,95,3,1,47,126,177,32,190,222,399
09/04/2020,DHN,AL,ASO,ES,Federal Contract Tower,4,2,42,1,49,0,0,56,3,59,4,2,98,4,108,84,0,84,192
09/05/2020,DHN,AL,ASO,ES,Federal Contract Tower,3,0,26,1,30,0,0,66,1,67,3,0,92,2,97,42,0,42,139
09/06/2020,DHN,AL,ASO,ES,Federal Contract Tower,3,0,3,0,6,0,0,12,0,12,3,0,15,0,18,2,0,2,20
09/07/2020,DHN,AL,ASO,ES,Federal Contract Tower,5,4,8,9,26,0,0,15,8,23,5,4,23,17,49,20,4,24,73
09/08/2020,DHN,AL,ASO,ES,Federal Contract Tower,4,2,35,96,137,0,2,34,38,74,4,4,69,134,211,30,186,216,427
09/09/2020,DHN,AL,ASO,ES,Federal Contract Tower,4,0,34,83,121,0,0,35,46,81,4,0,69,129,202,30,292,322,524
09/10/2020,DHN,AL,ASO,ES,Federal Contract Tower,5,8,9,72,94,0,0,9,15,24,5,8,18,87,118,4,104,108,226
09/11/2020,DHN,AL,ASO,ES,Federal Contract Tower,5,7,28,54,94,0,0,16,19,35,5,7,44,73,129,14,138,152,281
09/12/2020,DHN,AL,ASO,ES,Federal Contract Tower,2,0,12,25,39,0,0,8,4,12,2,0,20,29,51,26,0,26,77
09/13/2020,DHN,AL,ASO,ES,Federal Contract Tower,2,0,6,0,8,0,0,11,0,11,2,0,17,0,19,12,0,12,31
09/14/2020,DHN,AL,ASO,ES,Federal Contract Tower,4,2,13,46,65,0,0,1,23,24,4,2,14,69,89,0,158,158,247
09/15/2020,DHN,AL,ASO,ES,Federal Contract Tower,2,0,20,33,55,0,0,0,4,4,2,0,20,37,59,0,18,18,77
09/16/2020,DHN,AL,ASO,ES,Federal Contract Tower,3,0,1,0,4,0,0,0,0,0,3,0,1,0,4,0,0,0,4
09/17/2020,DHN,AL,ASO,ES,Federal Contract Tower,2,3,31,33,69,0,0,2,1,3,2,3,33,34,72,2,30,32,104
09/18/2020,DHN,AL,ASO,ES,Federal Contract Tower,4,2,41,42,89,0,0,73,29,102,4,2,114,71,191,46,186,232,423
09/19/2020,DHN,AL,ASO,ES,Federal Contract Tower,2,0,16,1,19,0,0,21,2,23,2,0,37,3,42,66,0,66,108
09/20/2020,DHN,AL,ASO,ES,Federal Contract Tower,2,2,11,0,15,0,0,14,0,14,2,2,25,0,29,32,0,32,61
09/21/2020,DHN,AL,ASO,ES,Federal Contract Tower,3,2,18,35,58,0,0,67,25,92,3,2,85,60,150,22,94,116,266
09/22/2020,DHN,AL,ASO,ES,Federal Contract Tower,4,10,25,80,119,0,0,56,42,98,4,10,81,122,217,24,204,228,445
09/23/2020,DHN,AL,ASO,ES,Federal Contract Tower,4,0,33,134,171,0,0,47,41,88,4,0,80,175,259,30,212,242,501
09/24/2020,DHN,AL,ASO,ES,Federal Contract Tower,5,2,38,101,146,0,0,11,5,16,5,2,49,106,162,10,16,26,188
09/25/2020,DHN,AL,ASO,ES,Federal Contract Tower,4,2,32,71,109,0,0,64,14,78,4,2,96,85,187,17,92,109,296
09/26/2020,DHN,AL,ASO,ES,Federal Contract Tower,2,2,18,3,25,0,0,40,0,40,2,2,58,3,65,124,0,124,189
09/27/2020,DHN,AL,ASO,ES,Federal Contract Tower,2,0,13,0,15,0,0,2,2,4,2,0,15,2,19,0,0,0,19
09/28/2020,DHN,AL,ASO,ES,Federal Contract Tower,2,1,19,36,58,0,0,27,28,55,2,1,46,64,113,12,154,166,279
09/29/2020,DHN,AL,ASO,ES,Federal Contract Tower,4,3,50,93,150,0,0,18,18,36,4,3,68,111,186,32,104,136,322
09/30/2020,DHN,AL,ASO,ES,Federal Contract Tower,4,4,24,70,102,0,1,57,52,110,4,5,81,122,212,24,172,196,408
10/01/2020,DHN,AL,ASO,ES,Federal Contract Tower,6,3,23,58,90,0,0,51,38,89,6,3,74,96,179,40,98,138,317
10/02/2020,DHN,AL,ASO,ES,Federal Contract Tower,6,2,28,55,91,0,0,56,34,90,6,2,84,89,181,46,192,238,419
10/03/2020,DHN,AL,ASO,ES,Federal Contract Tower,5,0,17,4,26,0,1,43,0,44,5,1,60,4,70,94,0,94,164
10/04/2020,DHN,AL,ASO,ES,Federal Contract Tower,4,2,9,12,27,0,0,25,1,26,4,2,34,13,53,18,0,18,71
10/05/2020,DHN,AL,ASO,ES,Federal Contract Tower,7,4,21,47,79,0,0,32,43,75,7,4,53,90,154,4,144,148,302
10/06/2020,DHN,AL,ASO,ES,Federal Contract Tower,5,0,56,66,127,0,0,13,28,41,5,0,69,94,168,2,104,106,274
10/07/2020,DHN,AL,ASO,ES,Federal Contract Tower,5,1,17,47,70,0,0,49,33,82,5,1,66,80,152,26,140,166,318
10/08/2020,DHN,AL,ASO,ES,Federal Contract Tower,4,2,27,19,52,0,0,50,24,74,4,2,77,43,126,62,212,274,400
10/09/2020,DHN,AL,ASO,ES,Federal Contract Tower,5,4,24,64,97,0,0,10,19,29,5,4,34,83,126,40,142,182,308
10/10/2020,DHN,AL,ASO,ES,Federal Contract Tower,4,0,7,0,11,0,0,0,0,0,4,0,7,0,11,0,0,0,11
10/11/2020,DHN,AL,ASO,ES,Federal Contract Tower,4,1,5,6,16,0,0,10,0,10,4,1,15,6,26,24,0,24,50
10/12/2020,DHN,AL,ASO,ES,Federal Contract Tower,5,5,16,0,26,0,0,28,0,28,5,5,44,0,54,48,0,48,102
10/13/2020,DHN,AL,ASO,ES,Federal Contract Tower,6,3,37,51,97,0,1,50,31,82,6,4,87,82,179,34,150,184,363
10/14/2020,DHN,AL,ASO,ES,Federal Contract Tower,6,3,31,37,77,0,0,57,25,82,6,3,88,62,159,38,26,64,223
10/15/2020,DHN,AL,ASO,ES,Federal Contract Tower,5,2,27,58,92,0,0,65,22,87,5,2,92,80,179,48,104,152,331
10/16/2020,DHN,AL,ASO,ES,Federal Contract Tower,6,3,36,49,94,0,0,53,49,102,6,3,89,98,196,84,132,216,412
10/17/2020,DHN,AL,ASO,ES,Federal Contract Tower,4,3,19,15,41,0,0,31,1,32,4,3,50,16,73,40,0,40,113
10/18/2020,DHN,AL,ASO,ES,Federal Contract Tower,4,0,15,7,26,0,1,33,1,35,4,1,48,8,61,44,0,44,105
10/19/2020,DHN,AL,ASO,ES,Federal Contract Tower,6,2,11,39,58,0,0,65,22,87,6,2,76,61,145,38,96,134,279
10/20/2020,DHN,AL,ASO,ES,Federal Contract Tower,5,0,41,70,116,0,0,44,28,72,5,0,85,98,188,58,170,228,416
10/21/2020,DHN,AL,ASO,ES,Federal Contract Tower,6,3,37,67,113,0,0,19,12,31,6,3,56,79,144,16,82,98,242
10/22/2020,DHN,AL,ASO,ES,Federal Contract Tower,5,4,51,62,122,0,0,20,14,34,5,4,71,76,156,28,44,72,228
10/23/2020,DHN,AL,ASO,ES,Federal Contract Tower,5,0,42,59,106,0,0,29,13,42,5,0,71,72,148,94,34,128,276
10/24/2020,DHN,AL,ASO,ES,Federal Contract Tower,4,0,9,0,13,0,0,1,0,1,4,0,10,0,14,2,0,2,16
10/25/2020,DHN,AL,ASO,ES,Federal Contract Tower,3,0,21,13,37,0,0,24,0,24,3,0,45,13,61,24,0,24,85
10/26/2020,DHN,AL,ASO,ES,Federal Contract Tower,6,2,20,64,92,0,0,34,30,64,6,2,54,94,156,24,178,202,358
10/27/2020,DHN,AL,ASO,ES,Federal Contract Tower,6,0,26,111,143,0,0,0,0,0,6,0,26,111,143,0,0,0,143
10/28/2020,DHN,AL,ASO,ES,Federal Contract Tower,5,3,29,29,66,0,0,6,19,25,5,3,35,48,91,0,104,104,195
10/29/2020,DHN,AL,ASO,ES,Federal Contract Tower,6,3,20,41,70,0,0,17,17,34,6,3,37,58,104,16,28,44,148
10/30/2020,DHN,AL,ASO,ES,Federal Contract Tower,5,5,43,56,109,0,0,40,23,63,5,5,83,79,172,56,172,228,400
10/31/2020,DHN,AL,ASO,ES,Federal Contract Tower,4,0,6,1,11,0,0,74,1,75,4,0,80,2,86,110,4,114,200
11/01/2020,DHN,AL,ASO,ES,Federal Contract Tower,4,0,17,0,21,0,0,22,0,22,4,0,39,0,43,28,0,28,71
11/02/2020,DHN,AL,ASO,ES,Federal Contract Tower,4,3,22,49,78,0,0,31,38,69,4,3,53,87,147,4,194,198,345
11/03/2020,DHN,AL,ASO,ES,Federal Contract Tower,3,2,22,71,98,0,0,39,33,72,3,2,61,104,170,72,162,234,404
11/04/2020,DHN,AL,ASO,ES,Federal Contract Tower,6,1,15,69,91,0,0,29,32,61,6,1,44,101,152,52,202,254,406
11/05/2020,DHN,AL,ASO,ES,Federal Contract Tower,6,3,24,63,96,0,2,25,39,66,6,5,49,102,162,20,214,234,396
11/06/2020,DHN,AL,ASO,ES,Federal Contract Tower,7,3,26,38,74,0,0,45,25,70,7,3,71,63,144,8,200,208,352
11/07/2020,DHN,AL,ASO,ES,Federal Contract Tower,4,2,13,9,28,0,0,12,0,12,4,2,25,9,40,26,0,26,66
11/08/2020,DHN,AL,ASO,ES,Federal Contract Tower,4,2,8,6,20,0,0,4,0,4,4,2,12,6,24,0,0,0,24
11/09/2020,DHN,AL,ASO,ES,Federal Contract Tower,6,4,44,80,134,0,0,29,22,51,6,4,73,102,185,0,164,164,349
11/10/2020,DHN,AL,ASO,ES,Federal Contract Tower,5,2,40,57,104,0,0,3,4,7,5,2,43,61,111,10,2,12,123
11/11/2020,DHN,AL,ASO,ES,Federal Contract Tower,5,0,15,0,20,0,2,23,0,25,5,2,38,0,45,50,0,50,95
11/12/2020,DHN,AL,ASO,ES,Federal Contract Tower,6,0,34,88,128,0,0,19,20,39,6,0,53,108,167,66,58,124,291
11/13/2020,DHN,AL,ASO,ES,Federal Contract Tower,5,2,22,58,87,0,0,46,37,83,5,2,68,95,170,76,166,242,412
11/14/2020,DHN,AL,ASO,ES,Federal Contract Tower,4,0,10,27,41,0,0,91,0,91,4,0,101,27,132,54,6,60,192
11/15/2020,DHN,AL,ASO,ES,Federal Contract Tower,4,1,22,12,39,0,0,13,0,13,4,1,35,12,52,34,0,34,86
11/16/2020,DHN,AL,ASO,ES,Federal Contract Tower,6,4,28,97,135,0,0,42,39,81,6,4,70,136,216,54,212,266,482
11/17/2020,DHN,AL,ASO,ES,Federal Contract Tower,6,0,26,51,83,0,0,35,36,71,6,0,61,87,154,90,162,252,406
11/18/2020,DHN,AL,ASO,ES,Federal Contract Tower,6,0,40,69,115,0,0,49,44,93,6,0,89,113,208,20,216,236,444
11/19/2020,DHN,AL,ASO,ES,Federal Contract Tower,4,2,23,45,74,0,0,31,48,79,4,2,54,93,153,38,188,226,379
11/20/2020,DHN,AL,ASO,ES,Federal Contract Tower,8,2,24,51,85,0,2,56,44,102,8,4,80,95,187,30,260,290,477
11/21/2020,DHN,AL,ASO,ES,Federal Contract Tower,6,0,18,4,28,0,0,51,0,51,6,0,69,4,79,128,0,128,207
11/22/2020,DHN,AL,ASO,ES,Federal Contract Tower,5,0,22,2,29,0,0,21,2,23,5,0,43,4,52,34,0,34,86
11/23/2020,DHN,AL,ASO,ES,Federal Contract Tower,7,2,26,54,89,0,0,18,33,51,7,2,44,87,140,54,156,210,350
11/24/2020,DHN,AL,ASO,ES,Federal Contract Tower,8,0,23,44,75,0,0,57,18,75,8,0,80,62,150,70,80,150,300
11/25/2020,DHN,AL,ASO,ES,Federal Contract Tower,7,0,6,33,46,0,0,45,25,70,7,0,51,58,116,68,88,156,272
11/26/2020,DHN,AL,ASO,ES,Federal Contract Tower,6,0,0,0,6,0,0,2,0,2,6,0,2,0,8,0,0,0,8
11/27/2020,DHN,AL,ASO,ES,Federal Contract Tower,6,0,11,0,17,0,0,0,0,0,6,0,11,0,17,0,0,0,17
11/28/2020,DHN,AL,ASO,ES,Federal Contract Tower,6,1,16,0,23,0,0,19,0,19,6,1,35,0,42,18,0,18,60
11/29/2020,DHN,AL,ASO,ES,Federal Contract Tower,6,1,0,0,7,0,0,0,0,0,6,1,0,0,7,0,0,0,7
11/30/2020,DHN,AL,ASO,ES,Federal Contract Tower,6,3,29,67,105,0,0,19,23,42,6,3,48,90,147,18,136,154,301
12/01/2020,DHN,AL,ASO,ES,Federal Contract Tower,9,0,24,42,75,0,0,52,23,75,9,0,76,65,150,84,220,304,454
12/02/2020,DHN,AL,ASO,ES,Federal Contract Tower,5,6,23,61,95,0,0,29,33,62,5,6,52,94,157,30,206,236,393
12/03/2020,DHN,AL,ASO,ES,Federal Contract Tower,6,2,38,28,74,0,0,36,25,61,6,2,74,53,135,106,118,224,359
12/04/2020,DHN,AL,ASO,ES,Federal Contract Tower,6,2,17,41,66,0,0,8,14,22,6,2,25,55,88,31,62,93,181
12/05/2020,DHN,AL,ASO,ES,Federal Contract Tower,4,0,5,7,16,0,0,30,0,30,4,0,35,7,46,18,0,18,64
12/06/2020,DHN,AL,ASO,ES,Federal Contract Tower,4,1,13,0,18,0,0,54,1,55,4,1,67,1,73,18,0,18,91
12/07/2020,DHN,AL,ASO,ES,Federal Contract Tower,6,7,25,62,100,0,0,7,8,15,6,7,32,70,115,0,80,80,195
12/08/2020,DHN,AL,ASO,ES,Federal Contract Tower,6,0,27,25,58,0,0,63,26,89,6,0,90,51,147,108,154,262,409
12/09/2020,DHN,AL,ASO,ES,Federal Contract Tower,6,0,18,21,45,0,0,49,33,82,6,0,67,54,127,18,188,206,333
12/10/2020,DHN,AL,ASO,ES,Federal Contract Tower,6,2,42,32,82,0,0,58,34,92,6,2,100,66,174,56,112,168,342
12/11/2020,DHN,AL,ASO,ES,Federal Contract Tower,6,2,29,38,75,0,0,26,18,44,6,2,55,56,119,26,172,198,317
12/12/2020,DHN,AL,ASO,ES,Federal Contract Tower,4,0,7,23,34,0,0,24,8,32,4,0,31,31,66,54,2,56,122
12/13/2020,DHN,AL,ASO,ES,Federal Contract Tower,5,5,6,7,23,0,0,0,1,1,5,5,6,8,24,0,0,0,24
12/14/2020,DHN,AL,ASO,ES,Federal Contract Tower,6,1,28,27,62,0,0,20,9,29,6,1,48,36,91,62,36,98,189
12/15/2020,DHN,AL,ASO,ES,Federal Contract Tower,5,0,24,55,84,0,0,29,26,55,5,0,53,81,139,18,96,114,253
12/16/2020,DHN,AL,ASO,ES,Federal Contract Tower,6,0,31,18,55,0,0,0,0,0,6,0,31,18,55,0,0,0,55
12/17/2020,DHN,AL,ASO,ES,Federal Contract Tower,5,2,37,61,105,0,0,26,3,29,5,2,63,64,134,110,24,134,268
12/18/2020,DHN,AL,ASO,ES,Federal Contract Tower,6,2,22,47,77,0,0,40,24,64,6,2,62,71,141,36,106,142,283
12/19/2020,DHN,AL,ASO,ES,Federal Contract Tower,7,8,26,7,48,0,0,31,0,31,7,8,57,7,79,56,0,56,135
12/20/2020,DHN,AL,ASO,ES,Federal Contract Tower,7,6,3,4,20,0,0,0,0,0,7,6,3,4,20,0,0,0,20
12/21/2020,DHN,AL,ASO,ES,Federal Contract Tower,9,3,25,15,52,0,0,21,0,21,9,3,46,15,73,56,12,68,141
12/22/2020,DHN,AL,ASO,ES,Federal Contract Tower,9,0,20,16,45,0,0,41,1,42,9,0,61,17,87,46,2,48,135
12/23/2020,DHN,AL,ASO,ES,Federal Contract Tower,9,0,17,6,32,0,0,10,0,10,9,0,27,6,42,0,6,6,48
12/25/2020,DHN,AL,ASO,ES,Federal Contract Tower,4,0,2,0,6,0,0,2,0,2,4,0,4,0,8,0,0,0,8
12/26/2020,DHN,AL,ASO,ES,Federal Contract Tower,8,0,14,0,22,0,0,7,0,7,8,0,21,0,29,22,0,22,51
12/27/2020,DHN,AL,ASO,ES,Federal Contract Tower,8,1,23,0,32,0,0,18,0,18,8,1,41,0,50,24,0,24,74
12/28/2020,DHN,AL,ASO,ES,Federal Contract Tower,9,5,6,3,23,0,0,5,2,7,9,5,11,5,30,10,20,30,60
12/29/2020,DHN,AL,ASO,ES,Federal Contract Tower,9,1,24,8,42,0,0,24,0,24,9,1,48,8,66,0,0,0,66
12/30/2020,DHN,AL,ASO,ES,Federal Contract Tower,10,5,17,8,40,0,0,17,4,21,10,5,34,12,61,16,36,52,113
12/31/2020,DHN,AL,ASO,ES,Federal Contract Tower,5,2,9,0,16,0,0,0,0,0,5,2,9,0,16,0,0,0,16
01/01/2021,DHN,AL,ASO,ES,Federal Contract Tower,4,0,1,0,5,0,0,0,0,0,4,0,1,0,5,0,0,0,5
01/02/2021,DHN,AL,ASO,ES,Federal Contract Tower,8,2,9,0,19,0,0,13,0,13,8,2,22,0,32,8,0,8,40
01/03/2021,DHN,AL,ASO,ES,Federal Contract Tower,8,0,10,2,20,0,0,17,0,17,8,0,27,2,37,0,0,0,37
01/05/2021,DHN,AL,ASO,ES,Federal Contract Tower,6,1,22,34,63,0,0,27,6,33,6,1,49,40,96,16,34,50,146
01/06/2021,DHN,AL,ASO,ES,Federal Contract Tower,5,0,25,23,53,0,0,44,1,45,5,0,69,24,98,92,0,92,190
01/07/2021,DHN,AL,ASO,ES,Federal Contract Tower,5,0,12,2,19,0,0,0,0,0,5,0,12,2,19,0,0,0,19
01/08/2021,DHN,AL,ASO,ES,Federal Contract Tower,5,0,13,35,53,0,0,0,12,12,5,0,13,47,65,0,0,0,65
01/09/2021,DHN,AL,ASO,ES,Federal Contract Tower,0,0,3,0,3,0,0,24,0,24,0,0,27,0,27,20,0,20,47
01/10/2021,DHN,AL,ASO,ES,Federal Contract Tower,4,0,13,19,36,0,0,30,24,54,4,0,43,43,90,48,0,48,138
01/11/2021,DHN,AL,ASO,ES,Federal Contract Tower,4,2,23,40,69,0,0,6,12,18,4,2,29,52,87,0,66,66,153
01/12/2021,DHN,AL,ASO,ES,Federal Contract Tower,5,0,41,41,87,0,0,4,13,17,5,0,45,54,104,6,80,86,190
01/14/2021,DHN,AL,ASO,ES,Federal Contract Tower,5,10,22,75,112,0,0,20,43,63,5,10,42,118,175,2,260,262,437
01/15/2021,DHN,AL,ASO,ES,Federal Contract Tower,4,3,16,58,81,0,0,17,30,47,4,3,33,88,128,24,134,158,286
01/16/2021,DHN,AL,ASO,ES,Federal Contract Tower,3,0,12,35,50,1,0,22,0,23,4,0,34,35,73,12,0,12,85
01/17/2021,DHN,AL,ASO,ES,Federal Contract Tower,2,4,25,0,31,0,0,40,0,40,2,4,65,0,71,56,0,56,127
01/18/2021,DHN,AL,ASO,ES,Federal Contract Tower,5,2,12,0,19,0,0,25,0,25,5,2,37,0,44,14,0,14,58
01/19/2021,DHN,AL,ASO,ES,Federal Contract Tower,5,2,26,86,119,0,0,17,20,37,5,2,43,106,156,4,246,250,406
01/20/2021,DHN,AL,ASO,ES,Federal Contract Tower,5,6,47,53,111,0,0,49,20,69,5,6,96,73,180,28,198,226,406
01/21/2021,DHN,AL,ASO,ES,Federal Contract Tower,5,4,23,75,107,0,0,19,14,33,5,4,42,89,140,12,138,150,290
01/22/2021,DHN,AL,ASO,ES,Federal Contract Tower,3,5,38,13,59,0,0,0,0,0,3,5,38,13,59,0,0,0,59
01/23/2021,DHN,AL,ASO,ES,Federal Contract Tower,4,0,12,24,40,0,0,37,0,37,4,0,49,24,77,52,0,52,129
01/24/2021,DHN,AL,ASO,ES,Federal Contract Tower,4,1,6,24,35,0,0,6,1,7,4,1,12,25,42,26,0,26,68
01/25/2021,DHN,AL,ASO,ES,Federal Contract Tower,2,3,19,92,116,0,0,6,33,39,2,3,25,125,155,8,136,144,299
01/26/2021,DHN,AL,ASO,ES,Federal Contract Tower,5,0,28,69,102,0,0,5,8,13,5,0,33,77,115,38,52,90,205
01/27/2021,DHN,AL,ASO,ES,Federal Contract Tower,4,4,49,81,138,0,0,2,0,2,4,4,51,81,140,8,0,8,148
01/28/2021,DHN,AL,ASO,ES,Federal Contract Tower,4,2,19,74,99,0,1,49,44,94,4,3,68,118,193,58,292,350,543
01/29/2021,DHN,AL,ASO,ES,Federal Contract Tower,5,2,15,58,80,0,7,61,16,84,5,9,76,74,164,58,122,180,344
01/30/2021,DHN,AL,ASO,ES,Federal Contract Tower,3,0,18,0,21,0,0,37,2,39,3,0,55,2,60,42,0,42,102
01/31/2021,DHN,AL,ASO,ES,Federal Contract Tower,4,2,10,0,16,0,0,1,0,1,4,2,11,0,17,0,0,0,17
02/01/2021,DHN,AL,ASO,ES,Federal Contract Tower,5,4,17,38,64,0,0,29,14,43,5,4,46,52,107,190,80,270,377
02/02/2021,DHN,AL,ASO,ES,Federal Contract Tower,5,0,26,52,83,0,0,51,16,67,5,0,77,68,150,108,58,166,316
02/03/2021,DHN,AL,ASO,ES,Federal Contract Tower,4,1,35,79,119,0,0,48,13,61,4,1,83,92,180,46,124,170,350
02/04/2021,DHN,AL,ASO,ES,Federal Contract Tower,5,2,20,56,83,0,0,36,33,69,5,2,56,89,152,44,274,318,470
02/05/2021,DHN,AL,ASO,ES,Federal Contract Tower,4,0,23,55,82,0,0,9,11,20,4,0,32,66,102,18,94,112,214
02/06/2021,DHN,AL,ASO,ES,Federal Contract Tower,2,0,2,0,4,0,1,0,0,1,2,1,2,0,5,0,0,0,5
02/07/2021,DHN,AL,ASO,ES,Federal Contract Tower,2,1,8,23,34,0,1,17,2,20,2,2,25,25,54,36,2,38,92
02/08/2021,DHN,AL,ASO,ES,Federal Contract Tower,5,2,23,36,66,0,0,42,37,79,5,2,65,73,145,50,144,194,339
02/09/2021,DHN,AL,ASO,ES,Federal Contract Tower,5,2,36,15,58,0,0,1,0,1,5,2,37,15,59,6,0,6,65
02/10/2021,DHN,AL,ASO,ES,Federal Contract Tower,5,0,29,57,91,0,0,0,0,0,5,0,29,57,91,8,20,28,119
02/11/2021,DHN,AL,ASO,ES,Federal Contract Tower,5,0,19,30,54,0,0,11,5,16,5,0,30,35,70,20,58,78,148
02/12/2021,DHN,AL,ASO,ES,Federal Contract Tower,4,3,42,106,155,0,0,0,5,5,4,3,42,111,160,6,8,14,174
02/13/2021,DHN,AL,ASO,ES,Federal Contract Tower,2,0,7,0,9,0,0,0,0,0,2,0,7,0,9,0,0,0,9
02/14/2021,DHN,AL,ASO,ES,Federal Contract Tower,2,0,8,0,10,0,0,0,0,0,2,0,8,0,10,0,0,0,10
02/15/2021,DHN,AL,ASO,ES,Federal Contract Tower,5,2,6,0,13,0,0,0,0,0,5,2,6,0,13,0,0,0,13
02/16/2021,DHN,AL,ASO,ES,Federal Contract Tower,2,2,22,30,56,1,24,5,0,30,3,26,27,30,86,96,4,100,186
02/17/2021,DHN,AL,ASO,ES,Federal Contract Tower,5,12,24,56,97,0,0,34,17,51,5,12,58,73,148,22,168,190,338
02/18/2021,DHN,AL,ASO,ES,Federal Contract Tower,4,1,11,9,25,0,0,0,0,0,4,1,11,9,25,0,0,0,25
02/19/2021,DHN,AL,ASO,ES,Federal Contract Tower,4,2,49,88,143,0,2,32,19,53,4,4,81,107,196,48,136,184,380
02/20/2021,DHN,AL,ASO,ES,Federal Contract Tower,2,0,19,12,33,0,0,53,0,53,2,0,72,12,86,88,0,88,174
02/21/2021,DHN,AL,ASO,ES,Federal Contract Tower,4,2,18,24,48,0,0,46,4,50,4,2,64,28,98,40,4,44,142
02/22/2021,DHN,AL,ASO,ES,Federal Contract Tower,6,3,18,71,98,0,0,23,20,43,6,3,41,91,141,16,114,130,271
02/23/2021,DHN,AL,ASO,ES,Federal Contract Tower,4,0,26,63,93,0,0,56,27,83,4,0,82,90,176,88,180,268,444
02/24/2021,DHN,AL,ASO,ES,Federal Contract Tower,7,3,25,63,98,0,0,59,35,94,7,3,84,98,192,58,130,188,380
02/25/2021,DHN,AL,ASO,ES,Federal Contract Tower,5,2,21,52,80,0,0,44,53,97,5,2,65,105,177,82,178,260,437
02/26/2021,DHN,AL,ASO,ES,Federal Contract Tower,4,4,23,80,111,0,0,10,18,28,4,4,33,98,139,21,70,91,230
02/27/2021,DHN,AL,ASO,ES,Federal Contract Tower,2,2,9,9,22,0,0,5,0,5,2,2,14,9,27,54,0,54,81
02/28/2021,DHN,AL,ASO,ES,Federal Contract Tower,6,0,7,29,42,0,0,10,7,17,6,0,17,36,59,18,0,18,77
03/01/2021,DHN,AL,ASO,ES,Federal Contract Tower,7,5,14,70,96,0,2,6,9,17,7,7,20,79,113,2,24,26,139
03/02/2021,DHN,AL,ASO,ES,Federal Contract Tower,6,3,45,76,130,0,0,0,4,4,6,3,45,80,134,0,24,24,158
03/03/2021,DHN,AL,ASO,ES,Federal Contract Tower,7,1,41,83,132,0,0,22,19,41,7,1,63,102,173,0,94,94,267
03/04/2021,DHN,AL,ASO,ES,Federal Contract Tower,6,7,46,40,99,0,0,38,16,54,6,7,84,56,153,48,50,98,251
03/05/2021,DHN,AL,ASO,ES,Federal Contract Tower,4,2,23,59,88,0,0,52,29,81,4,2,75,88,169,68,116,184,353
03/06/2021,DHN,AL,ASO,ES,Federal Contract Tower,2,0,15,8,25,0,0,28,1,29,2,0,43,9,54,50,0,50,104
03/07/2021,DHN,AL,ASO,ES,Federal Contract Tower,4,1,9,13,27,0,0,26,3,29,4,1,35,16,56,8,0,8,64
03/08/2021,DHN,AL,ASO,ES,Federal Contract Tower,6,2,16,49,73,0,0,41,32,73,6,2,57,81,146,40,132,172,318
03/09/2021,DHN,AL,ASO,ES,Federal Contract Tower,6,6,26,47,85,0,0,42,24,66,6,6,68,71,151,38,78,116,267
03/10/2021,DHN,AL,ASO,ES,Federal Contract Tower,6,0,27,77,110,0,0,56,39,95,6,0,83,116,205,50,158,208,413
03/11/2021,DHN,AL,ASO,ES,Federal Contract Tower,6,3,26,66,101,0,0,40,14,54,6,3,66,80,155,90,68,158,313
03/12/2021,DHN,AL,ASO,ES,Federal Contract Tower,5,8,28,83,124,0,0,55,39,94,5,8,83,122,218,54,188,242,460
03/13/2021,DHN,AL,ASO,ES,Federal Contract Tower,1,2,33,0,36,0,0,68,0,68,1,2,101,0,104,30,0,30,134
03/14/2021,DHN,AL,ASO,ES,Federal Contract Tower,4,3,19,20,46,0,0,24,1,25,4,3,43,21,71,42,0,42,113
03/15/2021,DHN,AL,ASO,ES,Federal Contract Tower,7,3,17,80,107,0,0,46,40,86,7,3,63,120,193,12,242,254,447
03/16/2021,DHN,AL,ASO,ES,Federal Contract Tower,6,4,21,62,93,0,0,8,10,18,6,4,29,72,111,0,36,36,147
03/17/2021,DHN,AL,ASO,ES,Federal Contract Tower,6,0,44,78,128,0,0,23,47,70,6,0,67,125,198,8,138,146,344
03/18/2021,DHN,AL,ASO,ES,Federal Contract Tower,6,9,10,54,79,0,0,25,13,38,6,9,35,67,117,6,28,34,151
03/19/2021,DHN,AL,ASO,ES,Federal Contract Tower,5,2,48,50,105,0,0,22,28,50,5,2,70,78,155,26,152,178,333
03/20/2021,DHN,AL,ASO,ES,Federal Contract Tower,2,2,10,0,14,4,0,0,0,4,6,2,10,0,18,0,0,0,18
03/21/2021,DHN,AL,ASO,ES,Federal Contract Tower,4,1,10,13,28,0,0,16,19,35,4,1,26,32,63,36,0,36,99
03/22/2021,DHN,AL,ASO,ES,Federal Contract Tower,5,4,39,58,106,0,0,63,49,112,5,4,102,107,218,42,180,222,440
03/23/2021,DHN,AL,ASO,ES,Federal Contract Tower,8,4,27,91,130,0,0,28,26,54,8,4,55,117,184,20,132,152,336
03/24/2021,DHN,AL,ASO,ES,Federal Contract Tower,6,2,47,97,152,0,0,4,12,16,6,2,51,109,168,18,46,64,232
03/25/2021,DHN,AL,ASO,ES,Federal Contract Tower,8,6,13,75,102,0,0,32,22,54,8,6,45,97,156,109,106,215,371
03/26/2021,DHN,AL,ASO,ES,Federal Contract Tower,6,7,47,86,146,0,0,13,22,35,6,7,60,108,181,4,64,68,249
03/27/2021,DHN,AL,ASO,ES,Federal Contract Tower,2,5,14,2,23,0,0,0,0,0,2,5,14,2,23,8,0,8,31
03/28/2021,DHN,AL,ASO,ES,Federal Contract Tower,4,0,9,9,22,0,0,6,1,7,4,0,15,10,29,8,0,8,37
03/29/2021,DHN,AL,ASO,ES,Federal Contract Tower,6,9,21,57,93,0,0,45,34,79,6,9,66,91,172,60,146,206,378
03/30/2021,DHN,AL,ASO,ES,Federal Contract Tower,7,2,57,60,126,0,0,25,12,37,7,2,82,72,163,70,60,130,293
03/31/2021,DHN,AL,ASO,ES,Federal Contract Tower,4,2,50,55,111,0,0,14,7,21,4,2,64,62,132,30,80,110,242
04/01/2021,DHN,AL,ASO,ES,Federal Contract Tower,6,3,25,81,115,0,0,18,16,34,6,3,43,97,149,8,140,148,297
04/02/2021,DHN,AL,ASO,ES,Federal Contract Tower,6,5,20,22,53,0,0,0,0,0,6,5,20,22,53,10,140,150,203
04/03/2021,DHN,AL,ASO,ES,Federal Contract Tower,2,3,11,0,16,0,0,25,0,25,2,3,36,0,41,42,0,42,83
04/04/2021,DHN,AL,ASO,ES,Federal Contract Tower,4,7,3,0,14,0,0,40,0,40,4,7,43,0,54,2,0,2,56
04/05/2021,DHN,AL,ASO,ES,Federal Contract Tower,6,2,6,43,57,0,0,40,24,64,6,2,46,67,121,34,134,168,289
04/06/2021,DHN,AL,ASO,ES,Federal Contract Tower,5,2,18,52,77,0,0,41,29,70,5,2,59,81,147,30,136,166,313
04/07/2021,DHN,AL,ASO,ES,Federal Contract Tower,5,0,36,62,103,0,0,29,15,44,5,0,65,77,147,10,76,86,233
04/08/2021,DHN,AL,ASO,ES,Federal Contract Tower,6,2,32,71,111,0,0,5,5,10,6,2,37,76,121,4,56,60,181
04/09/2021,DHN,AL,ASO,ES,Federal Contract Tower,6,5,7,15,33,0,0,0,6,6,6,5,7,21,39,0,36,36,75
04/10/2021,DHN,AL,ASO,ES,Federal Contract Tower,2,2,0,0,4,0,0,0,0,0,2,2,0,0,4,2,0,2,6
04/11/2021,DHN,AL,ASO,ES,Federal Contract Tower,3,0,11,0,14,0,1,10,0,11,3,1,21,0,25,2,0,2,27
04/12/2021,DHN,AL,ASO,ES,Federal Contract Tower,6,3,27,105,141,0,0,26,49,75,6,3,53,154,216,24,222,246,462
04/13/2021,DHN,AL,ASO,ES,Federal Contract Tower,6,3,32,50,91,0,3,23,44,70,6,6,55,94,161,32,136,168,329
04/14/2021,DHN,AL,ASO,ES,Federal Contract Tower,5,2,25,82,114,0,0,15,47,62,5,2,40,129,176,8,158,166,342
04/15/2021,DHN,AL,ASO,ES,Federal Contract Tower,4,5,60,48,117,0,0,1,4,5,4,5,61,52,122,18,16,34,156
04/16/2021,DHN,AL,ASO,ES,Federal Contract Tower,5,2,12,83,102,0,0,16,27,43,5,2,28,110,145,42,122,164,309
04/17/2021,DHN,AL,ASO,ES,Federal Contract Tower,2,1,12,0,15,0,0,7,0,7,2,1,19,0,22,0,0,0,22
04/18/2021,DHN,AL,ASO,ES,Federal Contract Tower,5,0,13,27,45,0,0,25,13,38,5,0,38,40,83,20,0,20,103
04/19/2021,DHN,AL,ASO,ES,Federal Contract Tower,5,5,26,62,98,0,0,40,37,77,5,5,66,99,175,72,160,232,407
04/20/2021,DHN,AL,ASO,ES,Federal Contract Tower,5,0,22,71,98,0,0,53,32,85,5,0,75,103,183,40,107,147,330
04/21/2021,DHN,AL,ASO,ES,Federal Contract Tower,3,0,25,115,143,0,0,72,32,104,3,0,97,147,247,128,64,192,439
04/22/2021,DHN,AL,ASO,ES,Federal Contract Tower,4,4,15,93,116,0,0,50,23,73,4,4,65,116,189,70,54,124,313
04/23/2021,DHN,AL,ASO,ES,Federal Contract Tower,6,2,13,65,86,0,0,51,19,70,6,2,64,84,156,34,56,90,246
04/24/2021,DHN,AL,ASO,ES,Federal Contract Tower,2,0,3,0,5,0,0,0,0,0,2,0,3,0,5,0,0,0,5
04/25/2021,DHN,AL,ASO,ES,Federal Contract Tower,4,0,34,11,49,0,1,31,4,36,4,1,65,15,85,32,6,38,123
04/26/2021,DHN,AL,ASO,ES,Federal Contract Tower,4,2,10,60,76,0,0,40,21,61,4,2,50,81,137,42,88,130,267
04/27/2021,DHN,AL,ASO,ES,Federal Contract Tower,5,0,16,52,73,0,0,45,21,66,5,0,61,73,139,72,88,160,299
04/28/2021,DHN,AL,ASO,ES,Federal Contract Tower,5,0,34,78,117,0,0,42,10,52,5,0,76,88,169,32,44,76,245
04/29/2021,DHN,AL,ASO,ES,Federal Contract Tower,4,2,44,77,127,0,0,28,14,42,4,2,72,91,169,42,86,128,297
04/30/2021,DHN,AL,ASO,ES,Federal Contract Tower,5,6,39,113,163,1,0,9,14,24,6,6,48,127,187,10,72,82,269
05/01/2021,DHN,AL,ASO,ES,Federal Contract Tower,2,0,18,11,31,0,4,34,3,41,2,4,52,14,72,36,6,42,114
05/02/2021,DHN,AL,ASO,ES,Federal Contract Tower,4,4,10,6,24,0,0,18,2,20,4,4,28,8,44,18,0,18,62
05/03/2021,DHN,AL,ASO,ES,Federal Contract Tower,4,2,24,50,80,0,0,3,2,5,4,2,27,52,85,16,2,18,103
05/04/2021,DHN,AL,ASO,ES,Federal Contract Tower,4,0,24,127,155,0,1,9,9,19,4,1,33,136,174,0,22,22,196
05/05/2021,DHN,AL,ASO,ES,Federal Contract Tower,5,6,29,92,132,0,1,16,22,39,5,7,45,114,171,4,132,136,307
05/06/2021,DHN,AL,ASO,ES,Federal Contract Tower,5,5,31,99,140,0,0,47,37,84,5,5,78,136,224,38,172,210,434
05/07/2021,DHN,AL,ASO,ES,Federal Contract Tower,5,4,24,52,85,0,0,45,40,85,5,4,69,92,170,36,136,172,342
05/08/2021,DHN,AL,ASO,ES,Federal Contract Tower,4,0,20,2,26,0,0,30,0,30,4,0,50,2,56,14,0,14,70
05/09/2021,DHN,AL,ASO,ES,Federal Contract Tower,4,0,11,43,58,0,0,17,5,22,4,0,28,48,80,14,4,18,98
05/10/2021,DHN,AL,ASO,ES,Federal Contract Tower,4,6,41,54,105,0,0,26,6,32,4,6,67,60,137,102,94,196,333
05/11/2021,DHN,AL,ASO,ES,Federal Contract Tower,4,0,22,93,119,0,0,41,40,81,4,0,63,133,200,46,276,322,522
05/12/2021,DHN,AL,ASO,ES,Federal Contract Tower,4,4,37,90,135,0,0,21,27,48,4,4,58,117,183,26,135,161,344
05/13/2021,DHN,AL,ASO,ES,Federal Contract Tower,4,2,56,63,125,0,0,27,14,41,4,2,83,77,166,6,86,92,258
05/14/2021,DHN,AL,ASO,ES,Federal Contract Tower,6,2,22,25,55,0,1,46,45,92,6,3,68,70,147,80,162,242,389
05/15/2021,DHN,AL,ASO,ES,Federal Contract Tower,4,0,7,2,13,0,0,11,3,14,4,0,18,5,27,34,0,34,61
05/16/2021,DHN,AL,ASO,ES,Federal Contract Tower,3,0,13,13,29,0,0,32,5,37,3,0,45,18,66,66,12,78,144
05/17/2021,DHN,AL,ASO,ES,Federal Contract Tower,4,4,13,130,151,0,0,71,37,108,4,4,84,167,259,68,147,215,474
05/18/2021,DHN,AL,ASO,ES,Federal Contract Tower,5,0,29,193,227,0,0,29,29,58,5,0,58,222,285,42,158,200,485
05/19/2021,DHN,AL,ASO,ES,Federal Contract Tower,4,0,37,149,190,0,0,42,30,72,4,0,79,179,262,52,96,148,410
05/20/2021,DHN,AL,ASO,ES,Federal Contract Tower,5,2,28,123,158,0,0,29,31,60,5,2,57,154,218,60,132,192,410
05/21/2021,DHN,AL,ASO,ES,Federal Contract Tower,5,2,17,131,155,0,0,37,33,70,5,2,54,164,225,46,98,144,369
05/22/2021,DHN,AL,ASO,ES,Federal Contract Tower,4,3,10,0,17,0,0,14,0,14,4,3,24,0,31,22,0,22,53
05/23/2021,DHN,AL,ASO,ES,Federal Contract Tower,5,0,18,31,54,0,0,20,5,25,5,0,38,36,79,34,2,36,115
05/24/2021,DHN,AL,ASO,ES,Federal Contract Tower,5,5,23,73,106,0,0,52,23,75,5,5,75,96,181,48,94,142,323
05/25/2021,DHN,AL,ASO,ES,Federal Contract Tower,5,0,21,50,76,6,3,74,62,145,11,3,95,112,221,60,78,138,359
05/26/2021,DHN,AL,ASO,ES,Federal Contract Tower,5,0,25,66,96,0,0,38,28,66,5,0,63,94,162,24,158,182,344
05/27/2021,DHN,AL,ASO,ES,Federal Contract Tower,6,2,38,41,87,0,0,55,13,68,6,2,93,54,155,62,60,122,277
05/28/2021,DHN,AL,ASO,ES,Federal Contract Tower,4,1,46,28,79,0,0,34,3,37,4,1,80,31,116,80,0,80,196
05/29/2021,DHN,AL,ASO,ES,Federal Contract Tower,4,3,18,0,25,0,0,4,0,4,4,3,22,0,29,20,0,20,49
05/30/2021,DHN,AL,ASO,ES,Federal Contract Tower,4,0,5,2,11,0,0,5,0,5,4,0,10,2,16,58,0,58,74
05/31/2021,DHN,AL,ASO,ES,Federal Contract Tower,5,2,26,0,33,0,0,15,0,15,5,2,41,0,48,32,0,32,80
06/01/2021,DHN,AL,ASO,ES,Federal Contract Tower,5,0,26,54,85,0,2,61,21,84,5,2,87,75,169,114,72,186,355
06/02/2021,DHN,AL,ASO,ES,Federal Contract Tower,4,2,33,145,184,0,1,69,45,115,4,3,102,190,299,52,148,200,499
06/03/2021,DHN,AL,ASO,ES,Federal Contract Tower,5,8,32,116,161,0,0,33,27,60,5,8,65,143,221,60,122,182,403
06/04/2021,DHN,AL,ASO,ES,Federal Contract Tower,5,7,52,81,145,0,4,27,37,68,5,11,79,118,213,76,62,138,351
06/05/2021,DHN,AL,ASO,ES,Federal Contract Tower,4,1,27,22,54,0,0,27,0,27,4,1,54,22,81,36,0,36,117
06/06/2021,DHN,AL,ASO,ES,Federal Contract Tower,4,1,8,39,52,0,0,11,14,25,4,1,19,53,77,10,0,10,87
06/07/2021,DHN,AL,ASO,ES,Federal Contract Tower,4,2,18,26,50,0,0,0,1,1,4,2,18,27,51,0,0,0,51
06/08/2021,DHN,AL,ASO,ES,Federal Contract Tower,5,2,25,55,87,2,2,17,31,52,7,4,42,86,139,18,86,104,243
06/09/2021,DHN,AL,ASO,ES,Federal Contract Tower,4,1,37,146,188,0,0,61,18,79,4,1,98,164,267,68,122,190,457
06/10/2021,DHN,AL,ASO,ES,Federal Contract Tower,6,3,33,61,103,0,0,30,13,43,6,3,63,74,146,28,56,84,230
06/11/2021,DHN,AL,ASO,ES,Federal Contract Tower,5,12,30,43,90,0,0,9,5,14,5,12,39,48,104,6,22,28,132
06/12/2021,DHN,AL,ASO,ES,Federal Contract Tower,3,3,7,2,15,0,0,1,0,1,3,3,8,2,16,10,0,10,26
06/13/2021,DHN,AL,ASO,ES,Federal Contract Tower,4,5,11,2,22,0,0,20,0,20,4,5,31,2,42,12,0,12,54
06/14/2021,DHN,AL,ASO,ES,Federal Contract Tower,6,3,23,75,107,0,0,58,21,79,6,3,81,96,186,54,28,82,268
06/15/2021,DHN,AL,ASO,ES,Federal Contract Tower,6,0,17,71,94,0,0,56,53,109,6,0,73,124,203,86,158,244,447
06/16/2021,DHN,AL,ASO,ES,Federal Contract Tower,7,1,15,101,124,0,0,92,47,139,7,1,107,148,263,64,160,224,487
06/17/2021,DHN,AL,ASO,ES,Federal Contract Tower,5,6,24,74,109,0,0,43,35,78,5,6,67,109,187,54,164,218,405
06/18/2021,DHN,AL,ASO,ES,Federal Contract Tower,5,5,23,7,40,0,0,17,0,17,5,5,40,7,57,58,0,58,115
06/19/2021,DHN,AL,ASO,ES,Federal Contract Tower,4,0,9,0,13,0,0,0,0,0,4,0,9,0,13,0,0,0,13
06/20/2021,DHN,AL,ASO,ES,Federal Contract Tower,4,1,3,2,10,0,0,2,0,2,4,1,5,2,12,0,0,0,12
06/21/2021,DHN,AL,ASO,ES,Federal Contract Tower,4,5,15,55,79,0,0,37,35,72,4,5,52,90,151,68,128,196,347
06/22/2021,DHN,AL,ASO,ES,Federal Contract Tower,4,4,57,92,157,0,0,12,10,22,4,4,69,102,179,18,60,78,257
06/23/2021,DHN,AL,ASO,ES,Federal Contract Tower,6,5,63,43,117,0,9,57,50,116,6,14,120,93,233,130,124,254,487
06/24/2021,DHN,AL,ASO,ES,Federal Contract Tower,6,6,28,78,118,0,0,18,16,34,6,6,46,94,152,64,90,154,306
06/25/2021,DHN,AL,ASO,ES,Federal Contract Tower,5,4,23,73,105,0,0,57,35,92,5,4,80,108,197,78,156,234,431
06/26/2021,DHN,AL,ASO,ES,Federal Contract Tower,4,1,25,0,30,0,0,35,2,37,4,1,60,2,67,74,0,74,141
06/27/2021,DHN,AL,ASO,ES,Federal Contract Tower,4,0,11,12,27,0,0,15,5,20,4,0,26,17,47,34,0,34,81
06/28/2021,DHN,AL,ASO,ES,Federal Contract Tower,4,3,22,107,136,0,0,46,32,78,4,3,68,139,214,94,94,188,402
06/29/2021,DHN,AL,ASO,ES,Federal Contract Tower,5,0,20,52,77,0,0,66,31,97,5,0,86,83,174,90,148,238,412
06/30/2021,DHN,AL,ASO,ES,Federal Contract Tower,4,0,47,68,119,0,1,18,13,32,4,1,65,81,151,8,48,56,207
07/01/2021,DHN,AL,ASO,ES,Federal Contract Tower,5,2,21,66,94,0,0,29,19,48,5,2,50,85,142,66,56,122,264
07/02/2021,DHN,AL,ASO,ES,Federal Contract Tower,6,2,17,0,25,0,0,6,0,6,6,2,23,0,31,14,0,14,45
07/03/2021,DHN,AL,ASO,ES,Federal Contract Tower,4,0,18,0,22,0,0,6,0,6,4,0,24,0,28,14,0,14,42
07/04/2021,DHN,AL,ASO,ES,Federal Contract Tower,4,0,10,0,14,0,0,17,0,17,4,0,27,0,31,28,0,28,59
07/05/2021,DHN,AL,ASO,ES,Federal Contract Tower,6,4,4,0,14,0,0,2,0,2,6,4,6,0,16,40,0,40,56
07/06/2021,DHN,AL,ASO,ES,Federal Contract Tower,4,3,13,65,85,0,0,27,22,49,4,3,40,87,134,22,134,156,290
07/07/2021,DHN,AL,ASO,ES,Federal Contract Tower,6,1,47,48,102,0,0,14,31,45,6,1,61,79,147,30,132,162,309
07/08/2021,DHN,AL,ASO,ES,Federal Contract Tower,6,2,13,74,95,0,0,19,11,30,6,2,32,85,125,32,106,138,263
07/09/2021,DHN,AL,ASO,ES,Federal Contract Tower,5,2,31,83,121,0,0,10,25,35,5,2,41,108,156,4,126,130,286
07/10/2021,DHN,AL,ASO,ES,Federal Contract Tower,4,1,12,24,41,0,0,26,2,28,4,1,38,26,69,60,10,70,139
07/11/2021,DHN,AL,ASO,ES,Federal Contract Tower,4,4,18,6,32,0,0,20,0,20,4,4,38,6,52,82,12,94,146
07/12/2021,DHN,AL,ASO,ES,Federal Contract Tower,5,2,23,40,70,0,0,38,22,60,5,2,61,62,130,24,124,148,278
07/13/2021,DHN,AL,ASO,ES,Federal Contract Tower,5,4,39,96,144,0,0,46,43,89,5,4,85,139,233,82,146,228,461
07/14/2021,DHN,AL,ASO,ES,Federal Contract Tower,6,2,24,78,110,0,0,63,43,106,6,2,87,121,216,66,130,196,412
07/15/2021,DHN,AL,ASO,ES,Federal Contract Tower,3,2,18,40,63,0,1,35,9,45,3,3,53,49,108,26,22,48,156
07/16/2021,DHN,AL,ASO,ES,Federal Contract Tower,6,5,28,59,98,0,0,48,24,72,6,5,76,83,170,10,144,154,324
07/17/2021,DHN,AL,ASO,ES,Federal Contract Tower,4,0,25,18,47,0,0,34,0,34,4,0,59,18,81,110,0,110,191
07/18/2021,DHN,AL,ASO,ES,Federal Contract Tower,4,2,9,17,32,0,0,18,3,21,4,2,27,20,53,30,0,30,83
07/19/2021,DHN,AL,ASO,ES,Federal Contract Tower,4,2,25,55,86,0,0,37,15,52,4,2,62,70,138,118,92,210,348
07/20/2021,DHN,AL,ASO,ES,Federal Contract Tower,4,7,46,64,121,0,0,29,18,47,4,7,75,82,168,40,60,100,268
07/21/2021,DHN,AL,ASO,ES,Federal Contract Tower,4,2,40,78,124,0,0,52,13,65,4,2,92,91,189,118,38,156,345
07/22/2021,DHN,AL,ASO,ES,Federal Contract Tower,4,3,33,57,97,0,0,39,6,45,4,3,72,63,142,94,14,108,250
07/23/2021,DHN,AL,ASO,ES,Federal Contract Tower,5,2,15,47,69,0,0,45,29,74,5,2,60,76,143,54,102,156,299
07/24/2021,DHN,AL,ASO,ES,Federal Contract Tower,4,0,18,25,47,0,0,23,11,34,4,0,41,36,81,2,0,2,83
07/25/2021,DHN,AL,ASO,ES,Federal Contract Tower,3,5,28,17,53,0,0,29,6,35,3,5,57,23,88,24,0,24,112
07/26/2021,DHN,AL,ASO,ES,Federal Contract Tower,7,0,15,56,78,0,0,75,34,109,7,0,90,90,187,60,116,176,363
07/27/2021,DHN,AL,ASO,ES,Federal Contract Tower,6,2,24,75,107,0,0,60,25,85,6,2,84,100,192,54,118,172,364
07/28/2021,DHN,AL,ASO,ES,Federal Contract Tower,4,0,30,80,114,0,0,50,27,77,4,0,80,107,191,48,122,170,361
07/29/2021,DHN,AL,ASO,ES,Federal Contract Tower,6,1,33,81,121,0,0,57,25,82,6,1,90,106,203,64,116,180,383
07/30/2021,DHN,AL,ASO,ES,Federal Contract Tower,5,2,33,88,128,0,0,42,33,75,5,2,75,121,203,44,138,182,385
07/31/2021,DHN,AL,ASO,ES,Federal Contract Tower,4,1,3,0,8,0,0,22,0,22,4,1,25,0,30,40,0,40,70
08/01/2021,DHN,AL,ASO,ES,Federal Contract Tower,4,4,7,35,50,0,0,23,16,39,4,4,30,51,89,48,0,48,137
08/02/2021,DHN,AL,ASO,ES,Federal Contract Tower,4,3,4,44,55,0,0,29,35,64,4,3,33,79,119,8,190,198,317
08/03/2021,DHN,AL,ASO,ES,Federal Contract Tower,5,1,44,77,127,0,0,18,10,28,5,1,62,87,155,48,58,106,261
08/04/2021,DHN,AL,ASO,ES,Federal Contract Tower,5,0,32,69,106,0,1,33,17,51,5,1,65,86,157,134,102,236,393
08/05/2021,DHN,AL,ASO,ES,Federal Contract Tower,6,2,12,57,77,0,1,54,36,91,6,3,66,93,168,98,160,258,426
08/06/2021,DHN,AL,ASO,ES,Federal Contract Tower,6,2,30,86,124,0,0,34,35,69,6,2,64,121,193,80,166,246,439
08/07/2021,DHN,AL,ASO,ES,Federal Contract Tower,4,0,13,3,20,0,0,15,0,15,4,0,28,3,35,50,0,50,85
08/08/2021,DHN,AL,ASO,ES,Federal Contract Tower,4,4,16,10,34,0,0,28,2,30,4,4,44,12,64,32,0,32,96
08/09/2021,DHN,AL,ASO,ES,Federal Contract Tower,5,3,18,84,110,0,1,61,27,89,5,4,79,111,199,82,134,216,415
08/10/2021,DHN,AL,ASO,ES,Federal Contract Tower,7,0,29,78,114,0,1,35,35,71,7,1,64,113,185,42,162,204,389
08/11/2021,DHN,AL,ASO,ES,Federal Contract Tower,4,0,25,106,135,0,0,41,52,93,4,0,66,158,228,124,156,280,508
08/12/2021,DHN,AL,ASO,ES,Federal Contract Tower,5,3,22,73,103,0,0,41,40,81,5,3,63,113,184,124,180,304,488
08/13/2021,DHN,AL,ASO,ES,Federal Contract Tower,7,5,24,57,93,0,0,58,28,86,7,5,82,85,179,84,158,242,421
08/14/2021,DHN,AL,ASO,ES,Federal Contract Tower,4,2,14,1,21,0,0,14,0,14,4,2,28,1,35,36,0,36,71
08/15/2021,DHN,AL,ASO,ES,Federal Contract Tower,5,2,17,4,28,0,0,23,0,23,5,2,40,4,51,12,0,12,63
08/16/2021,DHN,AL,ASO,ES,Federal Contract Tower,5,1,30,9,45,0,0,6,18,24,5,1,36,27,69,4,70,74,143
08/17/2021,DHN,AL,ASO,ES,Federal Contract Tower,4,0,38,45,87,0,0,29,14,43,4,0,67,59,130,20,80,100,230
08/18/2021,DHN,AL,ASO,ES,Federal Contract Tower,4,0,37,41,82,0,0,53,30,83,4,0,90,71,165,82,134,216,381
08/19/2021,DHN,AL,ASO,ES,Federal Contract Tower,4,5,40,54,103,0,0,38,25,63,4,5,78,79,166,86,100,186,352
08/20/2021,DHN,AL,ASO,ES,Federal Contract Tower,5,3,32,38,78,0,0,24,12,36,5,3,56,50,114,40,78,118,232
08/21/2021,DHN,AL,ASO,ES,Federal Contract Tower,3,0,11,3,17,0,0,15,4,19,3,0,26,7,36,60,0,60,96
08/22/2021,DHN,AL,ASO,ES,Federal Contract Tower,4,0,9,0,13,0,0,23,0,23,4,0,32,0,36,28,0,28,64
08/23/2021,DHN,AL,ASO,ES,Federal Contract Tower,6,1,42,68,117,0,1,71,13,85,6,2,113,81,202,110,18,128,330
08/24/2021,DHN,AL,ASO,ES,Federal Contract Tower,5,1,34,64,104,0,1,27,1,29,5,2,61,65,133,58,16,74,207
08/25/2021,DHN,AL,ASO,ES,Federal Contract Tower,5,1,39,53,98,0,0,39,16,55,5,1,78,69,153,112,14,126,279
08/26/2021,DHN,AL,ASO,ES,Federal Contract Tower,6,5,36,112,159,0,1,40,20,61,6,6,76,132,220,48,24,72,292
08/27/2021,DHN,AL,ASO,ES,Federal Contract Tower,4,2,72,94,172,0,0,26,16,42,4,2,98,110,214,52,44,96,310
08/28/2021,DHN,AL,ASO,ES,Federal Contract Tower,4,0,7,1,12,0,0,9,0,9,4,0,16,1,21,0,0,0,21
08/29/2021,DHN,AL,ASO,ES,Federal Contract Tower,4,0,4,0,8,0,0,6,0,6,4,0,10,0,14,0,0,0,14
08/30/2021,DHN,AL,ASO,ES,Federal Contract Tower,4,3,28,45,80,0,0,27,14,41,4,3,55,59,121,58,116,174,295
08/31/2021,DHN,AL,ASO,ES,Federal Contract Tower,6,0,12,13,31,0,0,4,0,4,6,0,16,13,35,6,0,6,41
09/01/2021,DHN,AL,ASO,ES,Federal Contract Tower,5,1,27,72,105,0,0,39,32,71,5,1,66,104,176,60,120,180,356
09/02/2021,DHN,AL,ASO,ES,Federal Contract Tower,6,4,43,56,109,0,0,15,25,40,6,4,58,81,149,4,106,110,259
09/03/2021,DHN,AL,ASO,ES,Federal Contract Tower,6,2,17,2,27,0,2,25,0,27,6,4,42,2,54,92,0,92,146
09/04/2021,DHN,AL,ASO,ES,Federal Contract Tower,4,0,11,0,15,0,1,32,0,33,4,1,43,0,48,32,0,32,80
09/05/2021,DHN,AL,ASO,ES,Federal Contract Tower,3,2,4,0,9,0,0,13,0,13,3,2,17,0,22,20,0,20,42
09/06/2021,DHN,AL,ASO,ES,Federal Contract Tower,6,1,21,0,28,0,0,19,0,19,6,1,40,0,47,88,0,88,135
09/07/2021,DHN,AL,ASO,ES,Federal Contract Tower,5,0,36,57,98,0,0,49,21,70,5,0,85,78,168,74,158,232,400
09/08/2021,DHN,AL,ASO,ES,Federal Contract Tower,6,0,34,41,81,0,0,15,9,24,6,0,49,50,105,56,50,106,211
09/09/2021,DHN,AL,ASO,ES,Federal Contract Tower,5,6,20,121,152,0,1,32,28,61,5,7,52,149,213,78,228,306,519
09/10/2021,DHN,AL,ASO,ES,Federal Contract Tower,5,4,38,65,112,0,0,48,28,76,5,4,86,93,188,70,130,200,388
09/11/2021,DHN,AL,ASO,ES,Federal Contract Tower,4,0,14,18,36,0,0,19,4,23,4,0,33,22,59,72,0,72,131
09/12/2021,DHN,AL,ASO,ES,Federal Contract Tower,4,0,31,15,50,0,0,14,4,18,4,0,45,19,68,0,0,0,68
09/13/2021,DHN,AL,ASO,ES,Federal Contract Tower,6,5,11,95,117,0,0,28,31,59,6,5,39,126,176,80,144,224,400
09/14/2021,DHN,AL,ASO,ES,Federal Contract Tower,5,1,33,140,179,0,0,46,27,73,5,1,79,167,252,82,170,252,504
09/15/2021,DHN,AL,ASO,ES,Federal Contract Tower,6,1,36,68,111,0,0,21,23,44,6,1,57,91,155,18,84,102,257
09/16/2021,DHN,AL,ASO,ES,Federal Contract Tower,6,4,39,82,131,0,0,14,6,20,6,4,53,88,151,56,28,84,235
09/17/2021,DHN,AL,ASO,ES,Federal Contract Tower,6,3,51,86,146,0,0,8,18,26,6,3,59,104,172,18,48,66,238
09/18/2021,DHN,AL,ASO,ES,Federal Contract Tower,5,2,11,0,18,0,0,0,0,0,5,2,11,0,18,0,0,0,18
09/19/2021,DHN,AL,ASO,ES,Federal Contract Tower,4,0,13,8,25,0,0,3,1,4,4,0,16,9,29,0,0,0,29
09/20/2021,DHN,AL,ASO,ES,Federal Contract Tower,6,3,37,77,123,0,0,28,1,29,6,3,65,78,152,140,2,142,294
09/21/2021,DHN,AL,ASO,ES,Federal Contract Tower,6,0,35,71,112,0,0,40,20,60,6,0,75,91,172,60,64,124,296
09/22/2021,DHN,AL,ASO,ES,Federal Contract Tower,6,0,40,85,131,0,0,39,27,66,6,0,79,112,197,126,154,280,477
09/23/2021,DHN,AL,ASO,ES,Federal Contract Tower,6,3,40,59,108,0,0,69,50,119,6,3,109,109,227,98,138,236,463
09/24/2021,DHN,AL,ASO,ES,Federal Contract Tower,6,4,33,23,66,0,0,69,34,103,6,4,102,57,169,66,112,178,347
09/25/2021,DHN,AL,ASO,ES,Federal Contract Tower,5,0,4,7,16,0,1,61,4,66,5,1,65,11,82,42,0,42,124
09/26/2021,DHN,AL,ASO,ES,Federal Contract Tower,5,0,22,0,27,0,1,32,2,35,5,1,54,2,62,42,0,42,104
09/27/2021,DHN,AL,ASO,ES,Federal Contract Tower,6,4,19,70,99,0,0,68,35,103,6,4,87,105,202,82,168,250,452
09/28/2021,DHN,AL,ASO,ES,Federal Contract Tower,4,1,24,110,139,0,0,60,54,114,4,1,84,164,253,20,106,126,379
09/29/2021,DHN,AL,ASO,ES,Federal Contract Tower,6,1,30,90,127,0,0,70,132,202,6,1,100,222,329,82,192,274,603
09/30/2021,DHN,AL,ASO,ES,Federal Contract Tower,6,4,27,98,135,0,0,49,32,81,6,4,76,130,216,46,88,134,350
10/01/2021,DHN,AL,ASO,ES,Federal Contract Tower,6,2,29,100,137,0,0,44,29,73,6,2,73,129,210,90,86,176,386
10/02/2021,DHN,AL,ASO,ES,Federal Contract Tower,5,1,22,8,36,0,0,14,0,14,5,1,36,8,50,4,0,4,54
10/03/2021,DHN,AL,ASO,ES,Federal Contract Tower,5,1,9,24,39,0,0,11,9,20,5,1,20,33,59,6,0,6,65
10/04/2021,DHN,AL,ASO,ES,Federal Contract Tower,5,2,28,145,180,0,0,36,36,72,5,2,64,181,252,72,68,140,392
10/05/2021,DHN,AL,ASO,ES,Federal Contract Tower,5,1,73,88,167,0,0,25,9,34,5,1,98,97,201,10,64,74,275
10/06/2021,DHN,AL,ASO,ES,Federal Contract Tower,6,3,25,94,128,0,0,23,7,30,6,3,48,101,158,46,42,88,246
10/07/2021,DHN,AL,ASO,ES,Federal Contract Tower,7,2,57,81,147,0,0,9,2,11,7,2,66,83,158,28,2,30,188
10/08/2021,DHN,AL,ASO,ES,Federal Contract Tower,6,3,45,66,120,0,0,33,6,39,6,3,78,72,159,20,12,32,191
10/09/2021,DHN,AL,ASO,ES,Federal Contract Tower,5,0,12,0,17,0,0,26,0,26,5,0,38,0,43,14,0,14,57
10/10/2021,DHN,AL,ASO,ES,Federal Contract Tower,5,0,21,1,27,0,0,23,2,25,5,0,44,3,52,20,0,20,72
10/11/2021,DHN,AL,ASO,ES,Federal Contract Tower,5,4,23,0,32,0,0,31,0,31,5,4,54,0,63,60,0,60,123
10/12/2021,DHN,AL,ASO,ES,Federal Contract Tower,6,0,27,66,99,0,0,42,20,62,6,0,69,86,161,62,54,116,277
10/13/2021,DHN,AL,ASO,ES,Federal Contract Tower,5,2,18,40,65,0,0,57,36,93,5,2,75,76,158,54,88,142,300
10/14/2021,DHN,AL,ASO,ES,Federal Contract Tower,7,0,24,64,95,0,0,49,18,67,7,0,73,82,162,74,40,114,276
10/15/2021,DHN,AL,ASO,ES,Federal Contract Tower,5,0,30,66,101,0,1,56,25,82,5,1,86,91,183,64,94,158,341
10/16/2021,DHN,AL,ASO,ES,Federal Contract Tower,4,0,12,27,43,0,0,18,1,19,4,0,30,28,62,20,0,20,82
10/17/2021,DHN,AL,ASO,ES,Federal Contract Tower,5,1,18,17,41,0,0,18,12,30,5,1,36,29,71,2,6,8,79
10/18/2021,DHN,AL,ASO,ES,Federal Contract Tower,6,4,31,80,121,0,2,50,32,84,6,6,81,112,205,166,140,306,511
10/19/2021,DHN,AL,ASO,ES,Federal Contract Tower,6,0,35,106,147,0,0,50,30,80,6,0,85,136,227,88,140,228,455
10/20/2021,DHN,AL,ASO,ES,Federal Contract Tower,6,0,38,98,142,0,0,34,20,54,6,0,72,118,196,80,136,216,412
10/21/2021,DHN,AL,ASO,ES,Federal Contract Tower,5,3,24,56,88,0,0,34,38,72,5,3,58,94,160,74,202,276,436
10/22/2021,DHN,AL,ASO,ES,Federal Contract Tower,6,2,31,58,97,0,0,42,15,57,6,2,73,73,154,142,134,276,430
10/23/2021,DHN,AL,ASO,ES,Federal Contract Tower,5,0,22,0,27,0,0,37,2,39,5,0,59,2,66,48,2,50,116
10/24/2021,DHN,AL,ASO,ES,Federal Contract Tower,5,1,26,24,56,0,1,38,6,45,5,2,64,30,101,66,0,66,167
10/25/2021,DHN,AL,ASO,ES,Federal Contract Tower,6,3,43,75,127,0,1,27,10,38,6,4,70,85,165,86,28,114,279
10/26/2021,DHN,AL,ASO,ES,Federal Contract Tower,6,1,34,114,155,0,0,53,31,84,6,1,87,145,239,64,136,200,439
10/27/2021,DHN,AL,ASO,ES,Federal Contract Tower,4,0,18,83,105,0,0,39,22,61,4,0,57,105,166,59,150,209,375
10/28/2021,DHN,AL,ASO,ES,Federal Contract Tower,6,2,21,43,72,0,2,15,21,38,6,4,36,64,110,4,16,20,130
10/29/2021,DHN,AL,ASO,ES,Federal Contract Tower,5,2,8,68,83,0,0,32,22,54,5,2,40,90,137,28,118,146,283
10/30/2021,DHN,AL,ASO,ES,Federal Contract Tower,5,0,5,0,10,0,0,13,0,13,5,0,18,0,23,44,0,44,67
10/31/2021,DHN,AL,ASO,ES,Federal Contract Tower,5,2,19,8,34,0,0,24,0,24,5,2,43,8,58,48,0,48,106
11/01/2021,DHN,AL,ASO,ES,Federal Contract Tower,6,3,23,98,130,0,0,39,28,67,6,3,62,126,197,34,118,152,349
11/02/2021,DHN,AL,ASO,ES,Federal Contract Tower,5,0,21,87,113,0,0,50,43,93,5,0,71,130,206,22,177,199,405
11/03/2021,DHN,AL,ASO,ES,Federal Contract Tower,6,1,27,68,102,0,0,29,35,64,6,1,56,103,166,0,144,144,310
11/04/2021,DHN,AL,ASO,ES,Federal Contract Tower,5,3,38,112,158,0,0,17,17,34,5,3,55,129,192,12,78,90,282
11/05/2021,DHN,AL,ASO,ES,Federal Contract Tower,6,2,26,59,93,0,0,17,20,37,6,2,43,79,130,6,80,86,216
11/06/2021,DHN,AL,ASO,ES,Federal Contract Tower,7,0,6,2,15,0,0,16,2,18,7,0,22,4,33,24,6,30,63
11/07/2021,DHN,AL,ASO,ES,Federal Contract Tower,7,0,18,14,39,0,0,42,5,47,7,0,60,19,86,34,0,34,120
11/08/2021,DHN,AL,ASO,ES,Federal Contract Tower,4,3,11,70,88,0,0,32,14,46,4,3,43,84,134,50,62,112,246
11/09/2021,DHN,AL,ASO,ES,Federal Contract Tower,5,0,45,59,109,0,0,36,29,65,5,0,81,88,174,18,132,150,324
11/10/2021,DHN,AL,ASO,ES,Federal Contract Tower,4,0,23,57,84,0,2,35,26,63,4,2,58,83,147,66,110,176,323
11/11/2021,DHN,AL,ASO,ES,Federal Contract Tower,5,2,11,8,26,0,0,3,0,3,5,2,14,8,29,16,0,16,45
11/12/2021,DHN,AL,ASO,ES,Federal Contract Tower,4,5,26,45,80,0,0,51,19,70,4,5,77,64,150,48,94,142,292
11/13/2021,DHN,AL,ASO,ES,Federal Contract Tower,3,0,9,27,39,0,0,20,2,22,3,0,29,29,61,16,0,16,77
11/14/2021,DHN,AL,ASO,ES,Federal Contract Tower,5,0,22,5,32,0,0,46,0,46,5,0,68,5,78,40,0,40,118
11/15/2021,DHN,AL,ASO,ES,Federal Contract Tower,6,3,16,66,91,0,2,46,17,65,6,5,62,83,156,72,46,118,274
11/16/2021,DHN,AL,ASO,ES,Federal Contract Tower,6,0,27,64,97,0,0,44,19,63,6,0,71,83,160,50,48,98,258
11/17/2021,DHN,AL,ASO,ES,Federal Contract Tower,6,0,21,68,95,0,0,43,27,70,6,0,64,95,165,22,116,138,303
11/18/2021,DHN,AL,ASO,ES,Federal Contract Tower,5,4,18,83,110,0,0,36,32,68,5,4,54,115,178,4,118,122,300
11/19/2021,DHN,AL,ASO,ES,Federal Contract Tower,6,2,15,29,52,0,0,30,39,69,6,2,45,68,121,36,142,178,299
11/20/2021,DHN,AL,ASO,ES,Federal Contract Tower,3,0,7,10,20,0,0,20,5,25,3,0,27,15,45,110,6,116,161
11/21/2021,DHN,AL,ASO,ES,Federal Contract Tower,4,2,14,17,37,0,0,29,9,38,4,2,43,26,75,66,0,66,141
11/22/2021,DHN,AL,ASO,ES,Federal Contract Tower,4,2,53,73,132,0,0,18,27,45,4,2,71,100,177,8,176,184,361
11/23/2021,DHN,AL,ASO,ES,Federal Contract Tower,4,0,15,43,62,0,0,49,41,90,4,0,64,84,152,50,138,188,340
11/24/2021,DHN,AL,ASO,ES,Federal Contract Tower,6,1,16,39,62,0,2,65,30,97,6,3,81,69,159,38,88,126,285
11/25/2021,DHN,AL,ASO,ES,Federal Contract Tower,4,0,0,0,4,0,0,2,0,2,4,0,2,0,6,0,0,0,6
11/26/2021,DHN,AL,ASO,ES,Federal Contract Tower,4,4,11,0,19,0,0,16,0,16,4,4,27,0,35,0,0,0,35
11/27/2021,DHN,AL,ASO,ES,Federal Contract Tower,6,0,22,0,28,0,0,17,0,17,6,0,39,0,45,40,0,40,85
11/28/2021,DHN,AL,ASO,ES,Federal Contract Tower,5,1,18,0,24,0,1,13,0,14,5,2,31,0,38,22,0,22,60
11/29/2021,DHN,AL,ASO,ES,Federal Contract Tower,5,2,21,60,88,0,0,46,31,77,5,2,67,91,165,32,190,222,387
11/30/2021,DHN,AL,ASO,ES,Federal Contract Tower,4,1,16,94,115,0,0,20,29,49,4,1,36,123,164,14,202,216,380
12/01/2021,DHN,AL,ASO,ES,Federal Contract Tower,3,1,13,108,125,0,0,22,33,55,3,1,35,141,180,46,242,288,468
12/02/2021,DHN,AL,ASO,ES,Federal Contract Tower,6,8,30,86,130,0,0,17,13,30,6,8,47,99,160,16,94,110,270
12/03/2021,DHN,AL,ASO,ES,Federal Contract Tower,5,2,33,87,127,1,0,34,29,64,6,2,67,116,191,6,114,120,311
12/04/2021,DHN,AL,ASO,ES,Federal Contract Tower,3,1,13,27,44,0,0,20,1,21,3,1,33,28,65,62,0,62,127
12/05/2021,DHN,AL,ASO,ES,Federal Contract Tower,6,5,13,10,34,0,0,12,2,14,6,5,25,12,48,10,0,10,58
12/06/2021,DHN,AL,ASO,ES,Federal Contract Tower,7,2,33,97,139,0,0,14,25,39,7,2,47,122,178,48,134,182,360
12/07/2021,DHN,AL,ASO,ES,Federal Contract Tower,3,0,20,55,78,0,0,0,0,0,3,0,20,55,78,0,0,0,78
12/08/2021,DHN,AL,ASO,ES,Federal Contract Tower,4,3,35,63,105,0,0,6,0,6,4,3,41,63,111,24,0,24,135
12/09/2021,DHN,AL,ASO,ES,Federal Contract Tower,5,2,19,28,54,0,0,0,0,0,5,2,19,28,54,0,0,0,54
12/10/2021,DHN,AL,ASO,ES,Federal Contract Tower,6,2,23,51,82,0,0,10,12,22,6,2,33,63,104,40,38,78,182
12/11/2021,DHN,AL,ASO,ES,Federal Contract Tower,4,0,8,1,13,0,0,6,0,6,4,0,14,1,19,20,0,20,39
12/12/2021,DHN,AL,ASO,ES,Federal Contract Tower,5,3,17,9,34,0,2,15,4,21,5,5,32,13,55,24,0,24,79
12/13/2021,DHN,AL,ASO,ES,Federal Contract Tower,7,2,24,81,114,0,0,22,8,30,7,2,46,89,144,20,68,88,232
12/14/2021,DHN,AL,ASO,ES,Federal Contract Tower,4,1,49,95,149,0,0,28,19,47,4,1,77,114,196,57,110,167,363
12/15/2021,DHN,AL,ASO,ES,Federal Contract Tower,4,0,22,56,82,0,0,11,9,20,4,0,33,65,102,15,62,77,179
12/16/2021,DHN,AL,ASO,ES,Federal Contract Tower,6,4,34,106,150,0,0,22,19,41,6,4,56,125,191,116,86,202,393
12/17/2021,DHN,AL,ASO,ES,Federal Contract Tower,6,5,25,36,72,0,0,3,12,15,6,5,28,48,87,12,42,54,141
12/18/2021,DHN,AL,ASO,ES,Federal Contract Tower,4,0,17,0,21,0,0,8,0,8,4,0,25,0,29,26,0,26,55
12/19/2021,DHN,AL,ASO,ES,Federal Contract Tower,5,2,14,0,21,0,0,2,0,2,5,2,16,0,23,0,0,0,23
12/20/2021,DHN,AL,ASO,ES,Federal Contract Tower,6,2,13,0,21,0,0,6,0,6,6,2,19,0,27,0,0,0,27
12/21/2021,DHN,AL,ASO,ES,Federal Contract Tower,5,7,13,7,32,0,0,0,0,0,5,7,13,7,32,0,0,0,32
12/22/2021,DHN,AL,ASO,ES,Federal Contract Tower,6,2,19,17,44,0,0,40,8,48,6,2,59,25,92,96,14,110,202
12/23/2021,DHN,AL,ASO,ES,Federal Contract Tower,6,7,14,1,28,0,0,18,7,25,6,7,32,8,53,24,26,50,103
12/24/2021,DHN,AL,ASO,ES,Federal Contract Tower,4,0,7,0,11,0,0,10,0,10,4,0,17,0,21,4,0,4,25
12/25/2021,DHN,AL,ASO,ES,Federal Contract Tower,3,0,2,0,5,0,3,3,0,6,3,3,5,0,11,0,0,0,11
12/26/2021,DHN,AL,ASO,ES,Federal Contract Tower,5,0,25,0,30,0,0,8,0,8,5,0,33,0,38,6,0,6,44
12/27/2021,DHN,AL,ASO,ES,Federal Contract Tower,6,2,10,0,18,0,0,3,0,3,6,2,13,0,21,0,0,0,21
12/28/2021,DHN,AL,ASO,ES,Federal Contract Tower,6,4,10,16,36,0,0,2,5,7,6,4,12,21,43,0,32,32,75
12/29/2021,DHN,AL,ASO,ES,Federal Contract Tower,5,0,19,2,26,0,0,2,0,2,5,0,21,2,28,0,0,0,28
12/30/2021,DHN,AL,ASO,ES,Federal Contract Tower,5,4,19,2,30,0,0,0,2,2,5,4,19,4,32,0,0,0,32
12/31/2021,DHN,AL,ASO,ES,Federal Contract Tower,4,0,7,0,11,0,0,1,0,1,4,0,8,0,12,0,0,0,12
01/01/2022,DHN,AL,ASO,ES,Federal Contract Tower,3,1,17,0,21,0,0,5,0,5,3,1,22,0,26,4,0,4,30
01/02/2022,DHN,AL,ASO,ES,Federal Contract Tower,4,0,2,0,6,0,0,0,0,0,4,0,2,0,6,0,0,0,6
01/03/2022,DHN,AL,ASO,ES,Federal Contract Tower,6,4,13,7,30,0,0,36,7,43,6,4,49,14,73,134,48,182,255
01/04/2022,DHN,AL,ASO,ES,Federal Contract Tower,6,1,20,65,92,0,0,35,30,65,6,1,55,95,157,18,110,128,285
01/05/2022,DHN,AL,ASO,ES,Federal Contract Tower,7,0,22,85,114,0,0,46,29,75,7,0,68,114,189,38,106,144,333
01/06/2022,DHN,AL,ASO,ES,Federal Contract Tower,4,2,16,34,56,0,0,25,35,60,4,2,41,69,116,12,113,125,241
01/07/2022,DHN,AL,ASO,ES,Federal Contract Tower,4,4,22,56,86,0,0,48,28,76,4,4,70,84,162,90,92,182,344
01/08/2022,DHN,AL,ASO,ES,Federal Contract Tower,3,1,7,4,15,0,0,70,1,71,3,1,77,5,86,60,10,70,156
01/09/2022,DHN,AL,ASO,ES,Federal Contract Tower,3,1,3,11,18,0,0,3,0,3,3,1,6,11,21,0,0,0,21
01/10/2022,DHN,AL,ASO,ES,Federal Contract Tower,6,6,24,79,115,1,2,23,38,64,7,8,47,117,179,32,160,192,371
01/11/2022,DHN,AL,ASO,ES,Federal Contract Tower,4,0,19,106,129,0,0,59,35,94,4,0,78,141,223,68,132,200,423
01/12/2022,DHN,AL,ASO,ES,Federal Contract Tower,4,0,30,68,102,0,0,64,47,111,4,0,94,115,213,52,162,214,427
01/13/2022,DHN,AL,ASO,ES,Federal Contract Tower,6,4,22,72,104,0,0,41,28,69,6,4,63,100,173,24,94,118,291
01/14/2022,DHN,AL,ASO,ES,Federal Contract Tower,4,2,27,69,102,0,0,44,28,72,4,2,71,97,174,64,100,164,338
01/15/2022,DHN,AL,ASO,ES,Federal Contract Tower,4,0,10,0,14,0,0,8,0,8,4,0,18,0,22,20,0,20,42
01/16/2022,DHN,AL,ASO,ES,Federal Contract Tower,2,0,5,0,7,0,0,0,0,0,2,0,5,0,7,0,0,0,7
01/17/2022,DHN,AL,ASO,ES,Federal Contract Tower,6,2,11,4,23,0,0,13,0,13,6,2,24,4,36,16,0,16,52
01/18/2022,DHN,AL,ASO,ES,Federal Contract Tower,4,4,29,24,61,0,0,47,16,63,4,4,76,40,124,132,104,236,360
01/19/2022,DHN,AL,ASO,ES,Federal Contract Tower,4,1,40,94,139,0,0,40,31,71,4,1,80,125,210,66,78,144,354
01/20/2022,DHN,AL,ASO,ES,Federal Contract Tower,5,2,53,85,145,0,0,1,0,1,5,2,54,85,146,0,0,0,146
01/21/2022,DHN,AL,ASO,ES,Federal Contract Tower,6,7,31,15,59,0,0,0,0,0,6,7,31,15,59,0,0,0,59
01/22/2022,DHN,AL,ASO,ES,Federal Contract Tower,3,0,9,6,18,0,0,2,0,2,3,0,11,6,20,24,0,24,44
01/23/2022,DHN,AL,ASO,ES,Federal Contract Tower,7,2,6,9,24,0,2,30,2,34,7,4,36,11,58,74,0,74,132
01/24/2022,DHN,AL,ASO,ES,Federal Contract Tower,3,2,25,70,100,0,0,63,17,80,3,2,88,87,180,94,112,206,386
01/25/2022,DHN,AL,ASO,ES,Federal Contract Tower,4,0,60,73,137,0,0,15,3,18,4,0,75,76,155,64,26,90,245
01/26/2022,DHN,AL,ASO,ES,Federal Contract Tower,4,0,31,70,105,0,0,48,13,61,4,0,79,83,166,44,104,148,314
01/27/2022,DHN,AL,ASO,ES,Federal Contract Tower,6,4,23,73,106,0,0,44,15,59,6,4,67,88,165,22,34,56,221
01/28/2022,DHN,AL,ASO,ES,Federal Contract Tower,4,2,18,43,67,0,0,40,10,50,4,2,58,53,117,8,66,74,191
01/29/2022,DHN,AL,ASO,ES,Federal Contract Tower,3,0,9,8,20,0,0,26,0,26,3,0,35,8,46,18,0,18,64
01/30/2022,DHN,AL,ASO,ES,Federal Contract Tower,6,0,10,5,21,0,0,12,5,17,6,0,22,10,38,2,0,2,40
01/31/2022,DHN,AL,ASO,ES,Federal Contract Tower,5,7,22,37,71,0,0,51,17,68,5,7,73,54,139,40,46,86,225
02/01/2022,DHN,AL,ASO,ES,Federal Contract Tower,5,2,39,57,103,0,0,42,32,74,5,2,81,89,177,62,104,166,343
02/02/2022,DHN,AL,ASO,ES,Federal Contract Tower,4,0,25,74,103,0,4,44,32,80,4,4,69,106,183,32,164,196,379
02/03/2022,DHN,AL,ASO,ES,Federal Contract Tower,6,3,24,63,96,0,0,11,15,26,6,3,35,78,122,10,44,54,176
02/04/2022,DHN,AL,ASO,ES,Federal Contract Tower,5,4,11,25,45,0,0,0,0,0,5,4,11,25,45,0,0,0,45
02/05/2022,DHN,AL,ASO,ES,Federal Contract Tower,3,0,26,3,32,0,1,18,2,21,3,1,44,5,53,44,0,44,97
02/06/2022,DHN,AL,ASO,ES,Federal Contract Tower,4,2,15,5,26,0,0,9,0,9,4,2,24,5,35,20,0,20,55
02/07/2022,DHN,AL,ASO,ES,Federal Contract Tower,6,2,31,73,112,0,0,8,6,14,6,2,39,79,126,46,0,46,172
02/08/2022,DHN,AL,ASO,ES,Federal Contract Tower,4,0,17,138,159,0,1,54,50,105,4,1,71,188,264,56,142,198,462
02/09/2022,DHN,AL,ASO,ES,Federal Contract Tower,4,0,35,79,118,0,0,55,33,88,4,0,90,112,206,78,82,160,366
02/10/2022,DHN,AL,ASO,ES,Federal Contract Tower,6,4,24,54,88,0,0,39,22,61,6,4,63,76,149,96,104,200,349
02/11/2022,DHN,AL,ASO,ES,Federal Contract Tower,6,2,21,45,74,0,2,35,25,62,6,4,56,70,136,34,150,184,320
02/12/2022,DHN,AL,ASO,ES,Federal Contract Tower,3,1,8,12,24,0,0,63,2,65,3,1,71,14,89,18,20,38,127
02/13/2022,DHN,AL,ASO,ES,Federal Contract Tower,3,0,15,33,51,0,0,16,21,37,3,0,31,54,88,14,4,18,106
02/14/2022,DHN,AL,ASO,ES,Federal Contract Tower,4,4,13,64,85,0,1,45,26,72,4,5,58,90,157,46,94,140,297
02/15/2022,DHN,AL,ASO,ES,Federal Contract Tower,4,0,30,60,94,0,0,54,34,88,4,0,84,94,182,26,154,180,362
02/16/2022,DHN,AL,ASO,ES,Federal Contract Tower,4,1,33,54,92,0,1,61,39,101,4,2,94,93,193,88,116,204,397
02/17/2022,DHN,AL,ASO,ES,Federal Contract Tower,6,2,27,79,114,0,0,2,4,6,6,2,29,83,120,6,62,68,188
02/18/2022,DHN,AL,ASO,ES,Federal Contract Tower,6,3,58,70,137,0,0,21,17,38,6,3,79,87,175,26,44,70,245
02/19/2022,DHN,AL,ASO,ES,Federal Contract Tower,3,1,7,0,11,0,0,23,0,23,3,1,30,0,34,20,0,20,54
02/20/2022,DHN,AL,ASO,ES,Federal Contract Tower,3,1,23,0,27,0,0,2,43,45,3,1,25,43,72,8,0,8,80
02/21/2022,DHN,AL,ASO,ES,Federal Contract Tower,7,4,23,6,40,0,0,39,0,39,7,4,62,6,79,56,0,56,135
02/22/2022,DHN,AL,ASO,ES,Federal Contract Tower,4,6,26,128,164,0,0,27,18,45,4,6,53,146,209,20,60,80,289
02/23/2022,DHN,AL,ASO,ES,Federal Contract Tower,4,6,25,92,127,0,0,31,19,50,4,6,56,111,177,36,42,78,255
02/24/2022,DHN,AL,ASO,ES,Federal Contract Tower,6,2,22,72,102,0,0,30,30,60,6,2,52,102,162,66,88,154,316
02/25/2022,DHN,AL,ASO,ES,Federal Contract Tower,6,4,37,128,175,0,5,32,22,59,6,9,69,150,234,40,40,80,314
02/26/2022,DHN,AL,ASO,ES,Federal Contract Tower,3,0,18,10,31,0,0,26,5,31,3,0,44,15,62,8,0,8,70
02/27/2022,DHN,AL,ASO,ES,Federal Contract Tower,5,3,21,29,58,0,0,27,1,28,5,3,48,30,86,12,0,12,98
02/28/2022,DHN,AL,ASO,ES,Federal Contract Tower,6,6,24,56,92,0,0,21,22,43,6,6,45,78,135,32,48,80,215
03/01/2022,DHN,AL,ASO,ES,Federal Contract Tower,6,2,12,41,61,0,0,45,13,58,6,2,57,54,119,54,56,110,229
03/02/2022,DHN,AL,ASO,ES,Federal Contract Tower,4,0,15,60,79,0,0,39,19,58,4,0,54,79,137,8,114,122,259
03/03/2022,DHN,AL,ASO,ES,Federal Contract Tower,6,2,32,69,109,0,0,55,25,80,6,2,87,94,189,66,110,176,365
03/04/2022,DHN,AL,ASO,ES,Federal Contract Tower,6,3,25,42,76,0,1,65,36,102,6,4,90,78,178,60,126,186,364
03/05/2022,DHN,AL,ASO,ES,Federal Contract Tower,3,1,19,2,25,0,0,2,37,39,3,1,21,39,64,8,0,8,72
03/06/2022,DHN,AL,ASO,ES,Federal Contract Tower,5,2,11,21,39,0,0,22,5,27,5,2,33,26,66,16,4,20,86
03/07/2022,DHN,AL,ASO,ES,Federal Contract Tower,6,2,19,114,141,0,0,28,20,48,6,2,47,134,189,54,94,148,337
03/08/2022,DHN,AL,ASO,ES,Federal Contract Tower,6,3,33,112,154,0,0,29,15,44,6,3,62,127,198,0,34,34,232
03/09/2022,DHN,AL,ASO,ES,Federal Contract Tower,4,0,56,65,125,0,0,0,0,0,4,0,56,65,125,0,0,0,125
03/10/2022,DHN,AL,ASO,ES,Federal Contract Tower,5,2,43,71,121,0,0,14,5,19,5,2,57,76,140,8,26,34,174
03/11/2022,DHN,AL,ASO,ES,Federal Contract Tower,6,4,16,7,33,0,0,0,0,0,6,4,16,7,33,0,0,0,33
03/12/2022,DHN,AL,ASO,ES,Federal Contract Tower,3,0,13,3,19,0,0,1,1,2,3,0,14,4,21,0,0,0,21
03/13/2022,DHN,AL,ASO,ES,Federal Contract Tower,4,0,9,20,33,0,0,84,4,88,4,0,93,24,121,52,14,66,187
03/14/2022,DHN,AL,ASO,ES,Federal Contract Tower,7,6,28,44,85,0,0,64,29,93,7,6,92,73,178,40,80,120,298
03/15/2022,DHN,AL,ASO,ES,Federal Contract Tower,4,7,34,49,94,0,3,14,9,26,4,10,48,58,120,26,64,90,210
03/16/2022,DHN,AL,ASO,ES,Federal Contract Tower,6,1,36,46,89,0,4,48,24,76,6,5,84,70,165,54,52,106,271
03/17/2022,DHN,AL,ASO,ES,Federal Contract Tower,7,4,37,60,108,0,0,50,43,93,7,4,87,103,201,130,118,248,449
03/18/2022,DHN,AL,ASO,ES,Federal Contract Tower,6,5,18,0,29,0,0,0,0,0,6,5,18,0,29,0,0,0,29
03/19/2022,DHN,AL,ASO,ES,Federal Contract Tower,5,2,16,14,37,0,0,14,2,16,5,2,30,16,53,34,0,34,87
03/20/2022,DHN,AL,ASO,ES,Federal Contract Tower,5,6,32,23,66,0,0,19,0,19,5,6,51,23,85,30,0,30,115
03/21/2022,DHN,AL,ASO,ES,Federal Contract Tower,7,5,18,86,116,0,2,47,37,86,7,7,65,123,202,44,144,188,390
03/22/2022,DHN,AL,ASO,ES,Federal Contract Tower,4,1,32,69,106,0,0,42,39,81,4,1,74,108,187,72,56,128,315
03/23/2022,DHN,AL,ASO,ES,Federal Contract Tower,4,0,25,106,135,0,0,24,21,45,4,0,49,127,180,60,54,114,294
03/24/2022,DHN,AL,ASO,ES,Federal Contract Tower,6,2,26,82,116,2,0,44,29,75,8,2,70,111,191,64,152,216,407
03/25/2022,DHN,AL,ASO,ES,Federal Contract Tower,7,8,42,52,109,0,9,40,20,69,7,17,82,72,178,26,112,138,316
03/26/2022,DHN,AL,ASO,ES,Federal Contract Tower,4,1,12,0,17,0,0,10,2,12,4,1,22,2,29,22,0,22,51
03/27/2022,DHN,AL,ASO,ES,Federal Contract Tower,5,2,13,18,38,0,0,35,5,40,5,2,48,23,78,38,0,38,116
03/28/2022,DHN,AL,ASO,ES,Federal Contract Tower,4,2,25,54,85,0,0,59,30,89,4,2,84,84,174,62,99,161,335
03/29/2022,DHN,AL,ASO,ES,Federal Contract Tower,5,0,30,88,123,0,0,39,16,55,5,0,69,104,178,24,62,86,264
03/30/2022,DHN,AL,ASO,ES,Federal Contract Tower,3,1,20,30,54,0,0,39,29,68,3,1,59,59,122,8,60,68,190
03/31/2022,DHN,AL,ASO,ES,Federal Contract Tower,6,3,24,52,85,0,0,44,31,75,6,3,68,83,160,60,252,312,472
04/01/2022,DHN,AL,ASO,ES,Federal Contract Tower,7,2,25,59,93,0,0,64,44,108,7,2,89,103,201,44,144,188,389
04/02/2022,DHN,AL,ASO,ES,Federal Contract Tower,4,0,13,1,18,0,0,23,0,23,4,0,36,1,41,26,0,26,67
04/03/2022,DHN,AL,ASO,ES,Federal Contract Tower,5,4,10,10,29,0,0,25,1,26,5,4,35,11,55,46,0,46,101
04/04/2022,DHN,AL,ASO,ES,Federal Contract Tower,6,2,26,99,133,0,0,28,22,50,6,2,54,121,183,82,96,178,361
04/05/2022,DHN,AL,ASO,ES,Federal Contract Tower,4,1,31,53,89,0,0,0,1,1,4,1,31,54,90,0,2,2,92
04/06/2022,DHN,AL,ASO,ES,Federal Contract Tower,4,1,21,87,113,0,0,13,43,56,4,1,34,130,169,4,48,52,221
04/07/2022,DHN,AL,ASO,ES,Federal Contract Tower,6,2,22,87,117,0,2,26,36,64,6,4,48,123,181,24,120,144,325
04/08/2022,DHN,AL,ASO,ES,Federal Contract Tower,6,2,18,42,68,0,0,32,17,49,6,2,50,59,117,26,58,84,201
04/09/2022,DHN,AL,ASO,ES,Federal Contract Tower,3,0,6,1,10,0,0,11,0,11,3,0,17,1,21,32,0,32,53
04/10/2022,DHN,AL,ASO,ES,Federal Contract Tower,4,1,19,6,30,0,0,78,2,80,4,1,97,8,110,44,0,44,154
04/11/2022,DHN,AL,ASO,ES,Federal Contract Tower,5,4,17,63,89,0,0,45,14,59,5,4,62,77,148,90,72,162,310
04/12/2022,DHN,AL,ASO,ES,Federal Contract Tower,8,1,26,113,148,0,1,36,25,62,8,2,62,138,210,60,66,126,336
04/13/2022,DHN,AL,ASO,ES,Federal Contract Tower,6,0,26,112,144,0,2,38,17,57,6,2,64,129,201,46,48,94,295
04/14/2022,DHN,AL,ASO,ES,Federal Contract Tower,5,6,45,39,95,0,0,22,8,30,5,6,67,47,125,38,0,38,163
04/15/2022,DHN,AL,ASO,ES,Federal Contract Tower,6,2,30,54,92,0,0,29,17,46,6,2,59,71,138,30,56,86,224
04/16/2022,DHN,AL,ASO,ES,Federal Contract Tower,3,2,5,0,10,0,0,3,0,3,3,2,8,0,13,0,0,0,13
04/17/2022,DHN,AL,ASO,ES,Federal Contract Tower,7,0,7,0,14,0,0,2,0,2,7,0,9,0,16,4,0,4,20
04/18/2022,DHN,AL,ASO,ES,Federal Contract Tower,5,5,27,62,99,0,0,16,8,24,5,5,43,70,123,30,4,34,157
04/19/2022,DHN,AL,ASO,ES,Federal Contract Tower,5,0,24,81,110,0,0,65,21,86,5,0,89,102,196,64,45,109,305
04/20/2022,DHN,AL,ASO,ES,Federal Contract Tower,5,1,36,63,105,0,0,65,28,93,5,1,101,91,198,94,96,190,388
04/21/2022,DHN,AL,ASO,ES,Federal Contract Tower,6,3,16,56,81,0,0,50,17,67,6,3,66,73,148,66,56,122,270
04/22/2022,DHN,AL,ASO,ES,Federal Contract Tower,4,2,43,64,113,0,0,79,16,95,4,2,122,80,208,96,62,158,366
04/23/2022,DHN,AL,ASO,ES,Federal Contract Tower,4,0,14,4,22,0,0,31,4,35,4,0,45,8,57,34,0,34,91
04/24/2022,DHN,AL,ASO,ES,Federal Contract Tower,5,0,15,39,59,0,2,30,10,42,5,2,45,49,101,50,0,50,151
04/25/2022,DHN,AL,ASO,ES,Federal Contract Tower,6,3,36,69,114,0,0,67,57,124,6,3,103,126,238,78,42,120,358
04/26/2022,DHN,AL,ASO,ES,Federal Contract Tower,6,2,39,63,110,0,2,20,12,34,6,4,59,75,144,28,33,61,205
04/27/2022,DHN,AL,ASO,ES,Federal Contract Tower,5,2,41,44,92,0,0,48,28,76,5,2,89,72,168,34,90,124,292
04/28/2022,DHN,AL,ASO,ES,Federal Contract Tower,5,6,27,40,78,0,1,36,20,57,5,7,63,60,135,36,56,92,227
04/29/2022,DHN,AL,ASO,ES,Federal Contract Tower,5,2,40,33,80,0,0,39,27,66,5,2,79,60,146,54,109,163,309
04/30/2022,DHN,AL,ASO,ES,Federal Contract Tower,3,1,13,0,17,0,0,18,0,18,3,1,31,0,35,2,0,2,37
05/01/2022,DHN,AL,ASO,ES,Federal Contract Tower,5,0,14,26,45,0,0,12,7,19,5,0,26,33,64,0,10,10,74
05/02/2022,DHN,AL,ASO,ES,Federal Contract Tower,6,5,25,66,102,0,0,23,14,37,6,5,48,80,139,52,58,110,249
05/03/2022,DHN,AL,ASO,ES,Federal Contract Tower,5,0,47,104,156,0,0,41,40,81,5,0,88,144,237,16,132,148,385
05/04/2022,DHN,AL,ASO,ES,Federal Contract Tower,6,7,46,68,127,0,4,20,22,46,6,11,66,90,173,40,120,160,333
05/05/2022,DHN,AL,ASO,ES,Federal Contract Tower,5,5,19,86,115,0,0,26,31,57,5,5,45,117,172,42,114,156,328
05/06/2022,DHN,AL,ASO,ES,Federal Contract Tower,6,6,4,23,39,0,0,7,1,8,6,6,11,24,47,0,14,14,61
05/07/2022,DHN,AL,ASO,ES,Federal Contract Tower,5,0,6,0,11,0,0,17,0,17,5,0,23,0,28,18,0,18,46
05/08/2022,DHN,AL,ASO,ES,Federal Contract Tower,5,1,10,2,18,0,0,27,5,32,5,1,37,7,50,48,0,48,98
05/09/2022,DHN,AL,ASO,ES,Federal Contract Tower,4,4,15,63,86,0,0,37,30,67,4,4,52,93,153,50,60,110,263
05/10/2022,DHN,AL,ASO,ES,Federal Contract Tower,7,0,22,60,89,0,1,43,27,71,7,1,65,87,160,84,54,138,298
05/11/2022,DHN,AL,ASO,ES,Federal Contract Tower,6,1,24,88,119,0,4,46,21,71,6,5,70,109,190,36,74,110,300
05/12/2022,DHN,AL,ASO,ES,Federal Contract Tower,6,2,35,91,134,0,0,42,37,79,6,2,77,128,213,80,130,210,423
05/13/2022,DHN,AL,ASO,ES,Federal Contract Tower,6,3,22,81,112,0,0,38,28,66,6,3,60,109,178,80,92,172,350
05/14/2022,DHN,AL,ASO,ES,Federal Contract Tower,5,0,18,2,25,0,0,36,2,38,5,0,54,4,63,14,0,14,77
05/15/2022,DHN,AL,ASO,ES,Federal Contract Tower,5,2,13,10,30,0,0,9,5,14,5,2,22,15,44,8,0,8,52
05/16/2022,DHN,AL,ASO,ES,Federal Contract Tower,6,2,19,134,161,0,1,63,23,87,6,3,82,157,248,20,82,102,350
05/17/2022,DHN,AL,ASO,ES,Federal Contract Tower,6,1,27,121,155,0,0,70,41,111,6,1,97,162,266,64,96,160,426
05/18/2022,DHN,AL,ASO,ES,Federal Contract Tower,5,6,32,156,199,0,0,84,53,137,5,6,116,209,336,62,132,194,530
05/19/2022,DHN,AL,ASO,ES,Federal Contract Tower,5,5,41,97,148,0,0,42,18,60,5,5,83,115,208,86,70,156,364
05/20/2022,DHN,AL,ASO,ES,Federal Contract Tower,6,4,36,54,100,0,0,60,16,76,6,4,96,70,176,26,104,130,306
05/21/2022,DHN,AL,ASO,ES,Federal Contract Tower,5,1,6,0,12,0,0,10,5,15,5,1,16,5,27,0,0,0,27
05/22/2022,DHN,AL,ASO,ES,Federal Contract Tower,4,2,8,1,15,0,0,5,1,6,4,2,13,2,21,0,0,0,21
05/23/2022,DHN,AL,ASO,ES,Federal Contract Tower,6,4,46,81,137,0,0,25,12,37,6,4,71,93,174,28,58,86,260
05/24/2022,DHN,AL,ASO,ES,Federal Contract Tower,6,2,36,103,147,0,0,54,27,81,6,2,90,130,228,6,156,162,390
05/25/2022,DHN,AL,ASO,ES,Federal Contract Tower,5,0,38,61,104,0,0,20,24,44,5,0,58,85,148,28,110,138,286
05/26/2022,DHN,AL,ASO,ES,Federal Contract Tower,6,8,16,32,62,0,0,29,21,50,6,8,45,53,112,94,106,200,312
05/27/2022,DHN,AL,ASO,ES,Federal Contract Tower,6,4,32,58,100,0,2,34,27,63,6,6,66,85,163,8,88,96,259
05/28/2022,DHN,AL,ASO,ES,Federal Contract Tower,3,0,22,0,25,0,0,23,0,23,3,0,45,0,48,28,0,28,76
05/29/2022,DHN,AL,ASO,ES,Federal Contract Tower,3,1,7,0,11,0,0,7,0,7,3,1,14,0,18,2,0,2,20
05/30/2022,DHN,AL,ASO,ES,Federal Contract Tower,6,4,27,0,37,0,0,15,0,15,6,4,42,0,52,8,0,8,60
05/31/2022,DHN,AL,ASO,ES,Federal Contract Tower,6,1,18,76,101,0,0,32,35,67,6,1,50,111,168,22,192,214,382
06/01/2022,DHN,AL,ASO,ES,Federal Contract Tower,7,1,34,129,171,0,2,47,39,88,7,3,81,168,259,78,98,176,435
06/02/2022,DHN,AL,ASO,ES,Federal Contract Tower,5,3,16,84,108,0,0,31,21,52,5,3,47,105,160,20,92,112,272
06/03/2022,DHN,AL,ASO,ES,Federal Contract Tower,5,2,18,66,91,0,1,29,30,60,5,3,47,96,151,62,96,158,309
06/04/2022,DHN,AL,ASO,ES,Federal Contract Tower,3,0,13,20,36,0,2,22,6,30,3,2,35,26,66,48,0,48,114
06/05/2022,DHN,AL,ASO,ES,Federal Contract Tower,6,5,6,7,24,0,0,24,2,26,6,5,30,9,50,80,0,80,130
06/06/2022,DHN,AL,ASO,ES,Federal Contract Tower,5,3,11,37,56,0,2,22,27,51,5,5,33,64,107,78,66,144,251
06/07/2022,DHN,AL,ASO,ES,Federal Contract Tower,6,1,51,77,135,0,0,26,23,49,6,1,77,100,184,38,48,86,270
06/08/2022,DHN,AL,ASO,ES,Federal Contract Tower,5,0,18,68,91,0,0,37,19,56,5,0,55,87,147,28,98,126,273
06/09/2022,DHN,AL,ASO,ES,Federal Contract Tower,5,13,34,33,85,0,1,25,13,39,5,14,59,46,124,88,112,200,324
06/10/2022,DHN,AL,ASO,ES,Federal Contract Tower,6,4,38,43,91,0,0,34,16,50,6,4,72,59,141,32,86,118,259
06/11/2022,DHN,AL,ASO,ES,Federal Contract Tower,5,0,8,9,22,0,0,15,7,22,5,0,23,16,44,22,0,22,66
06/12/2022,DHN,AL,ASO,ES,Federal Contract Tower,5,1,11,20,37,0,0,12,4,16,5,1,23,24,53,12,0,12,65
06/13/2022,DHN,AL,ASO,ES,Federal Contract Tower,8,2,22,77,109,0,0,19,16,35,8,2,41,93,144,22,72,94,238
06/14/2022,DHN,AL,ASO,ES,Federal Contract Tower,8,1,24,82,115,0,1,30,8,39,8,2,54,90,154,16,46,62,216
06/15/2022,DHN,AL,ASO,ES,Federal Contract Tower,9,0,35,102,146,0,0,46,9,55,9,0,81,111,201,50,20,70,271
06/16/2022,DHN,AL,ASO,ES,Federal Contract Tower,7,3,16,71,97,0,1,31,37,69,7,4,47,108,166,68,138,206,372
06/17/2022,DHN,AL,ASO,ES,Federal Contract Tower,4,2,14,42,62,0,0,40,18,58,4,2,54,60,120,50,44,94,214
06/18/2022,DHN,AL,ASO,ES,Federal Contract Tower,5,0,13,9,27,0,0,20,3,23,5,0,33,12,50,30,0,30,80
06/19/2022,DHN,AL,ASO,ES,Federal Contract Tower,4,1,9,0,14,0,0,9,0,9,4,1,18,0,23,14,0,14,37
06/20/2022,DHN,AL,ASO,ES,Federal Contract Tower,5,6,20,8,39,0,0,26,0,26,5,6,46,8,65,90,0,90,155
06/21/2022,DHN,AL,ASO,ES,Federal Contract Tower,6,6,23,76,111,0,2,34,39,75,6,8,57,115,186,28,82,110,296
06/22/2022,DHN,AL,ASO,ES,Federal Contract Tower,6,3,23,61,93,0,0,50,41,91,6,3,73,102,184,26,170,196,380
06/23/2022,DHN,AL,ASO,ES,Federal Contract Tower,5,1,29,55,90,0,0,38,25,63,5,1,67,80,153,7,90,97,250
06/24/2022,DHN,AL,ASO,ES,Federal Contract Tower,5,2,25,64,96,0,0,41,23,64,5,2,66,87,160,50,100,150,310
06/25/2022,DHN,AL,ASO,ES,Federal Contract Tower,5,0,7,0,12,0,0,11,0,11,5,0,18,0,23,4,0,4,27
06/26/2022,DHN,AL,ASO,ES,Federal Contract Tower,4,1,15,33,53,0,0,19,9,28,4,1,34,42,81,34,2,36,117
06/27/2022,DHN,AL,ASO,ES,Federal Contract Tower,6,3,18,78,105,0,0,45,40,85,6,3,63,118,190,18,168,186,376
06/28/2022,DHN,AL,ASO,ES,Federal Contract Tower,6,0,24,90,120,0,0,42,25,67,6,0,66,115,187,22,108,130,317
06/29/2022,DHN,AL,ASO,ES,Federal Contract Tower,7,0,15,86,108,0,0,34,21,55,7,0,49,107,163,18,84,102,265
06/30/2022,DHN,AL,ASO,ES,Federal Contract Tower,6,6,30,109,151,0,0,21,31,52,6,6,51,140,203,20,100,120,323
07/01/2022,DHN,AL,ASO,ES,Federal Contract Tower,6,3,21,0,30,0,0,18,0,18,6,3,39,0,48,50,0,50,98
07/02/2022,DHN,AL,ASO,ES,Federal Contract Tower,5,0,5,0,10,0,0,9,0,9,5,0,14,0,19,6,0,6,25
07/03/2022,DHN,AL,ASO,ES,Federal Contract Tower,3,1,9,0,13,0,0,1,0,1,3,1,10,0,14,16,0,16,30
07/04/2022,DHN,AL,ASO,ES,Federal Contract Tower,4,0,9,0,13,0,0,12,0,12,4,0,21,0,25,16,0,16,41
07/05/2022,DHN,AL,ASO,ES,Federal Contract Tower,6,2,28,67,103,0,0,5,26,31,6,2,33,93,134,36,130,166,300
07/06/2022,DHN,AL,ASO,ES,Federal Contract Tower,4,0,16,198,218,0,0,38,39,77,4,0,54,237,295,30,186,216,511
07/07/2022,DHN,AL,ASO,ES,Federal Contract Tower,4,3,9,84,100,0,0,36,30,66,4,3,45,114,166,50,62,112,278
07/08/2022,DHN,AL,ASO,ES,Federal Contract Tower,4,2,13,81,100,0,0,27,46,73,4,2,40,127,173,34,122,156,329
07/09/2022,DHN,AL,ASO,ES,Federal Contract Tower,4,1,13,25,43,0,0,42,3,45,4,1,55,28,88,12,0,12,100
07/10/2022,DHN,AL,ASO,ES,Federal Contract Tower,4,2,6,17,29,0,0,11,1,12,4,2,17,18,41,14,0,14,55
07/11/2022,DHN,AL,ASO,ES,Federal Contract Tower,6,6,16,50,78,0,0,16,28,44,6,6,32,78,122,62,118,180,302
07/12/2022,DHN,AL,ASO,ES,Federal Contract Tower,6,3,23,68,100,0,0,3,2,5,6,3,26,70,105,12,0,12,117
07/13/2022,DHN,AL,ASO,ES,Federal Contract Tower,6,2,28,85,121,0,0,21,19,40,6,2,49,104,161,62,80,142,303
07/14/2022,DHN,AL,ASO,ES,Federal Contract Tower,6,3,10,85,104,0,0,9,8,17,6,3,19,93,121,14,40,54,175
07/15/2022,DHN,AL,ASO,ES,Federal Contract Tower,5,3,27,60,95,0,2,33,14,49,5,5,60,74,144,18,40,58,202
07/16/2022,DHN,AL,ASO,ES,Federal Contract Tower,5,1,14,0,20,0,0,21,0,21,5,1,35,0,41,32,0,32,73
07/17/2022,DHN,AL,ASO,ES,Federal Contract Tower,6,3,22,18,49,0,0,26,3,29,6,3,48,21,78,6,0,6,84
07/18/2022,DHN,AL,ASO,ES,Federal Contract Tower,6,7,31,98,142,0,0,37,9,46,6,7,68,107,188,60,46,106,294
07/19/2022,DHN,AL,ASO,ES,Federal Contract Tower,6,0,29,53,88,0,0,45,11,56,6,0,74,64,144,50,74,124,268
07/20/2022,DHN,AL,ASO,ES,Federal Contract Tower,7,0,24,51,82,0,0,46,18,64,7,0,70,69,146,46,38,84,230
07/21/2022,DHN,AL,ASO,ES,Federal Contract Tower,5,2,22,68,97,0,0,44,17,61,5,2,66,85,158,58,53,111,269
07/22/2022,DHN,AL,ASO,ES,Federal Contract Tower,4,2,18,49,73,0,0,47,26,73,4,2,65,75,146,52,76,128,274
07/23/2022,DHN,AL,ASO,ES,Federal Contract Tower,5,3,4,0,12,0,0,21,0,21,5,3,25,0,33,38,0,38,71
07/24/2022,DHN,AL,ASO,ES,Federal Contract Tower,5,0,27,62,94,0,0,9,13,22,5,0,36,75,116,0,0,0,116
07/25/2022,DHN,AL,ASO,ES,Federal Contract Tower,6,3,15,111,135,0,0,50,10,60,6,3,65,121,195,28,28,56,251
07/26/2022,DHN,AL,ASO,ES,Federal Contract Tower,6,2,41,115,164,0,2,48,38,88,6,4,89,153,252,26,78,104,356
07/27/2022,DHN,AL,ASO,ES,Federal Contract Tower,6,2,15,78,101,0,0,36,9,45,6,2,51,87,146,14,40,54,200
07/28/2022,DHN,AL,ASO,ES,Federal Contract Tower,7,2,10,90,109,0,0,33,14,47,7,2,43,104,156,74,72,146,302
07/29/2022,DHN,AL,ASO,ES,Federal Contract Tower,5,2,25,71,103,0,0,44,27,71,5,2,69,98,174,78,108,186,360
07/30/2022,DHN,AL,ASO,ES,Federal Contract Tower,5,0,18,9,32,0,0,20,2,22,5,0,38,11,54,10,0,10,64
07/31/2022,DHN,AL,ASO,ES,Federal Contract Tower,5,0,13,5,23,0,0,38,5,43,5,0,51,10,66,28,0,28,94
08/01/2022,DHN,AL,ASO,ES,Federal Contract Tower,6,0,29,58,93,0,2,49,35,86,6,2,78,93,179,46,102,148,327
08/02/2022,DHN,AL,ASO,ES,Federal Contract Tower,6,2,24,79,111,0,0,37,37,74,6,2,61,116,185,30,116,146,331
08/03/2022,DHN,AL,ASO,ES,Federal Contract Tower,7,1,34,89,131,0,0,41,33,74,7,1,75,122,205,52,48,100,305
08/04/2022,DHN,AL,ASO,ES,Federal Contract Tower,4,2,25,80,111,0,0,31,38,69,4,2,56,118,180,44,136,180,360
08/05/2022,DHN,AL,ASO,ES,Federal Contract Tower,5,3,25,74,107,0,0,38,47,85,5,3,63,121,192,36,153,189,381
08/06/2022,DHN,AL,ASO,ES,Federal Contract Tower,5,0,7,0,12,0,0,15,2,17,5,0,22,2,29,52,0,52,81
08/07/2022,DHN,AL,ASO,ES,Federal Contract Tower,5,1,14,12,32,0,0,29,4,33,5,1,43,16,65,36,0,36,101
08/08/2022,DHN,AL,ASO,ES,Federal Contract Tower,5,5,24,125,159,0,0,29,24,53,5,5,53,149,212,20,102,122,334
08/09/2022,DHN,AL,ASO,ES,Federal Contract Tower,6,5,21,91,123,0,0,32,24,56,6,5,53,115,179,66,142,208,387
08/10/2022,DHN,AL,ASO,ES,Federal Contract Tower,5,1,27,97,130,0,0,38,30,68,5,1,65,127,198,54,144,198,396
08/11/2022,DHN,AL,ASO,ES,Federal Contract Tower,5,4,13,92,114,0,0,23,24,47,5,4,36,116,161,72,128,200,361
08/12/2022,DHN,AL,ASO,ES,Federal Contract Tower,6,3,14,78,101,0,0,6,14,20,6,3,20,92,121,0,56,56,177
08/13/2022,DHN,AL,ASO,ES,Federal Contract Tower,5,2,12,4,23,0,0,13,0,13,5,2,25,4,36,34,0,34,70
08/14/2022,DHN,AL,ASO,ES,Federal Contract Tower,5,2,16,10,33,0,2,30,4,36,5,4,46,14,69,50,2,52,121
08/15/2022,DHN,AL,ASO,ES,Federal Contract Tower,6,3,12,40,61,0,0,28,12,40,6,3,40,52,101,36,86,122,223
08/16/2022,DHN,AL,ASO,ES,Federal Contract Tower,6,0,30,63,99,0,0,40,14,54,6,0,70,77,153,20,58,78,231
08/17/2022,DHN,AL,ASO,ES,Federal Contract Tower,6,0,25,34,65,0,0,39,42,81,6,0,64,76,146,50,126,176,322
08/18/2022,DHN,AL,ASO,ES,Federal Contract Tower,5,6,31,48,90,0,0,7,2,9,5,6,38,50,99,42,8,50,149
08/19/2022,DHN,AL,ASO,ES,Federal Contract Tower,5,2,26,60,93,0,0,24,26,50,5,2,50,86,143,12,148,160,303
08/20/2022,DHN,AL,ASO,ES,Federal Contract Tower,4,1,15,7,27,0,0,16,17,33,4,1,31,24,60,74,10,84,144
08/21/2022,DHN,AL,ASO,ES,Federal Contract Tower,5,0,17,8,30,0,0,13,9,22,5,0,30,17,52,34,8,42,94
08/22/2022,DHN,AL,ASO,ES,Federal Contract Tower,6,2,12,100,120,0,0,18,18,36,6,2,30,118,156,58,92,150,306
08/23/2022,DHN,AL,ASO,ES,Federal Contract Tower,6,2,39,117,164,0,0,39,25,64,6,2,78,142,228,68,118,186,414
08/24/2022,DHN,AL,ASO,ES,Federal Contract Tower,4,1,22,68,95,0,0,21,14,35,4,1,43,82,130,58,66,124,254
08/25/2022,DHN,AL,ASO,ES,Federal Contract Tower,5,6,35,108,154,0,0,3,0,3,5,6,38,108,157,10,0,10,167
08/26/2022,DHN,AL,ASO,ES,Federal Contract Tower,6,5,9,63,83,0,0,37,26,63,6,5,46,89,146,68,80,148,294
08/27/2022,DHN,AL,ASO,ES,Federal Contract Tower,5,2,9,1,17,0,0,8,0,8,5,2,17,1,25,112,0,112,137
08/28/2022,DHN,AL,ASO,ES,Federal Contract Tower,5,0,6,7,18,0,0,15,2,17,5,0,21,9,35,6,2,8,43
08/29/2022,DHN,AL,ASO,ES,Federal Contract Tower,6,4,28,99,137,0,0,16,31,47,6,4,44,130,184,32,64,96,280
08/30/2022,DHN,AL,ASO,ES,Federal Contract Tower,5,0,18,85,108,0,0,38,56,94,5,0,56,141,202,21,204,225,427
09/01/2022,DHN,AL,ASO,ES,Federal Contract Tower,5,6,24,62,97,0,0,35,44,79,5,6,59,106,176,44,128,172,348
09/02/2022,DHN,AL,ASO,ES,Federal Contract Tower,6,3,23,5,37,0,0,22,0,22,6,3,45,5,59,36,0,36,95
09/03/2022,DHN,AL,ASO,ES,Federal Contract Tower,3,0,8,0,11,0,0,9,2,11,3,0,17,2,22,22,0,22,44
09/04/2022,DHN,AL,ASO,ES,Federal Contract Tower,3,0,1,5,9,0,0,12,1,13,3,0,13,6,22,8,0,8,30
09/05/2022,DHN,AL,ASO,ES,Federal Contract Tower,6,2,16,0,24,0,0,11,0,11,6,2,27,0,35,2,0,2,37
09/06/2022,DHN,AL,ASO,ES,Federal Contract Tower,4,1,29,131,165,0,0,71,37,108,4,1,100,168,273,36,200,236,509
09/07/2022,DHN,AL,ASO,ES,Federal Contract Tower,6,3,28,182,219,0,0,71,45,116,6,3,99,227,335,58,160,218,553
09/08/2022,DHN,AL,ASO,ES,Federal Contract Tower,4,3,22,87,116,0,0,44,31,75,4,3,66,118,191,124,100,224,415
09/09/2022,DHN,AL,ASO,ES,Federal Contract Tower,4,2,46,107,159,0,0,9,10,19,4,2,55,117,178,42,36,78,256
09/10/2022,DHN,AL,ASO,ES,Federal Contract Tower,3,0,6,0,9,0,0,0,0,0,3,0,6,0,9,0,0,0,9
09/11/2022,DHN,AL,ASO,ES,Federal Contract Tower,5,1,14,8,28,0,0,12,0,12,5,1,26,8,40,0,0,0,40
09/12/2022,DHN,AL,ASO,ES,Federal Contract Tower,6,3,24,67,100,0,0,32,14,46,6,3,56,81,146,84,52,136,282
09/13/2022,DHN,AL,ASO,ES,Federal Contract Tower,6,1,38,136,181,0,2,46,34,82,6,3,84,170,263,76,144,220,483
09/14/2022,DHN,AL,ASO,ES,Federal Contract Tower,4,2,36,65,107,0,0,58,38,96,4,2,94,103,203,46,150,196,399
09/15/2022,DHN,AL,ASO,ES,Federal Contract Tower,3,5,35,59,102,0,0,43,35,78,3,5,78,94,180,8,132,140,320
09/16/2022,DHN,AL,ASO,ES,Federal Contract Tower,7,4,11,72,94,0,1,43,47,91,7,5,54,119,185,38,186,224,409
09/17/2022,DHN,AL,ASO,ES,Federal Contract Tower,3,0,18,0,21,0,2,16,2,20,3,2,34,2,41,42,0,42,83
09/18/2022,DHN,AL,ASO,ES,Federal Contract Tower,4,2,16,15,37,0,1,7,6,14,4,3,23,21,51,28,0,28,79
09/19/2022,DHN,AL,ASO,ES,Federal Contract Tower,6,3,20,73,102,6,0,28,33,67,12,3,48,106,169,28,204,232,401
09/20/2022,DHN,AL,ASO,ES,Federal Contract Tower,6,0,35,131,172,0,0,65,30,95,6,0,100,161,267,52,138,190,457
09/21/2022,DHN,AL,ASO,ES,Federal Contract Tower,6,0,34,114,154,0,0,46,46,92,6,0,80,160,246,70,162,232,478
09/22/2022,DHN,AL,ASO,ES,Federal Contract Tower,7,2,28,113,150,0,0,47,23,70,7,2,75,136,220,26,126,152,372
09/23/2022,DHN,AL,ASO,ES,Federal Contract Tower,6,2,17,88,113,0,0,32,28,60,6,2,49,116,173,10,134,144,317
09/24/2022,DHN,AL,ASO,ES,Federal Contract Tower,5,0,34,2,41,0,0,54,1,55,5,0,88,3,96,56,0,56,152
09/25/2022,DHN,AL,ASO,ES,Federal Contract Tower,6,0,15,15,36,0,3,28,1,32,6,3,43,16,68,6,0,6,74
09/26/2022,DHN,AL,ASO,ES,Federal Contract Tower,5,2,22,59,88,0,1,41,18,60,5,3,63,77,148,38,124,162,310
09/27/2022,DHN,AL,ASO,ES,Federal Contract Tower,6,1,65,31,103,0,0,48,22,70,6,1,113,53,173,30,116,146,319
09/28/2022,DHN,AL,ASO,ES,Federal Contract Tower,6,0,39,34,79,0,0,47,36,83,6,0,86,70,162,6,24,30,192
09/29/2022,DHN,AL,ASO,ES,Federal Contract Tower,6,3,27,35,71,0,0,24,26,50,6,3,51,61,121,6,90,96,217
09/30/2022,DHN,AL,ASO,ES,Federal Contract Tower,4,2,21,34,61,0,2,38,29,69,4,4,59,63,130,26,155,181,311
10/01/2022,DHN,AL,ASO,ES,Federal Contract Tower,4,2,18,0,24,0,0,33,3,36,4,2,51,3,60,80,0,80,140
10/02/2022,DHN,AL,ASO,ES,Federal Contract Tower,5,0,22,9,36,0,2,21,1,24,5,2,43,10,60,52,0,52,112
10/03/2022,DHN,AL,ASO,ES,Federal Contract Tower,4,2,17,68,91,0,2,41,15,58,4,4,58,83,149,72,140,212,361
10/04/2022,DHN,AL,ASO,ES,Federal Contract Tower,4,2,20,88,114,0,0,43,46,89,4,2,63,134,203,44,176,220,423
10/05/2022,DHN,AL,ASO,ES,Federal Contract Tower,4,4,25,83,116,0,0,55,40,95,4,4,80,123,211,74,162,236,447
10/06/2022,DHN,AL,ASO,ES,Federal Contract Tower,7,5,31,70,113,0,0,64,54,118,7,5,95,124,231,46,242,288,519
10/07/2022,DHN,AL,ASO,ES,Federal Contract Tower,5,3,28,37,73,0,0,56,35,91,5,3,84,72,164,96,154,250,414
10/08/2022,DHN,AL,ASO,ES,Federal Contract Tower,2,1,24,0,27,0,0,54,0,54,2,1,78,0,81,32,0,32,113
10/09/2022,DHN,AL,ASO,ES,Federal Contract Tower,4,5,14,8,31,0,0,24,0,24,4,5,38,8,55,0,0,0,55
10/10/2022,DHN,AL,ASO,ES,Federal Contract Tower,4,4,18,0,26,0,0,33,0,33,4,4,51,0,59,28,0,28,87
10/11/2022,DHN,AL,ASO,ES,Federal Contract Tower,4,2,25,63,94,0,0,34,12,46,4,2,59,75,140,64,20,84,224
10/12/2022,DHN,AL,ASO,ES,Federal Contract Tower,4,3,46,96,149,0,0,19,2,21,4,3,65,98,170,2,30,32,202
10/13/2022,DHN,AL,ASO,ES,Federal Contract Tower,4,5,25,46,80,0,0,58,34,92,4,5,83,80,172,36,118,154,326
10/14/2022,DHN,AL,ASO,ES,Federal Contract Tower,4,3,19,40,66,0,0,67,23,90,4,3,86,63,156,54,82,136,292
10/15/2022,DHN,AL,ASO,ES,Federal Contract Tower,4,5,15,28,52,0,0,60,9,69,4,5,75,37,121,80,2,82,203
10/16/2022,DHN,AL,ASO,ES,Federal Contract Tower,4,5,21,24,54,0,0,61,13,74,4,5,82,37,128,18,30,48,176
10/17/2022,DHN,AL,ASO,ES,Federal Contract Tower,4,7,23,75,109,0,2,46,34,82,4,9,69,109,191,66,98,164,355
10/18/2022,DHN,AL,ASO,ES,Federal Contract Tower,9,3,27,63,102,0,0,47,24,71,9,3,74,87,173,64,70,134,307
10/19/2022,DHN,AL,ASO,ES,Federal Contract Tower,4,5,38,78,125,0,0,51,19,70,4,5,89,97,195,28,64,92,287
10/20/2022,DHN,AL,ASO,ES,Federal Contract Tower,9,3,31,43,86,0,0,62,21,83,9,3,93,64,169,102,82,184,353
10/21/2022,DHN,AL,ASO,ES,Federal Contract Tower,4,2,24,39,69,0,0,33,21,54,4,2,57,60,123,22,106,128,251
10/22/2022,DHN,AL,ASO,ES,Federal Contract Tower,4,2,30,0,36,0,0,44,2,46,4,2,74,2,82,54,0,54,136
10/23/2022,DHN,AL,ASO,ES,Federal Contract Tower,4,0,16,17,37,0,0,43,5,48,4,0,59,22,85,14,0,14,99
10/24/2022,DHN,AL,ASO,ES,Federal Contract Tower,4,2,11,96,113,0,0,33,44,77,4,2,44,140,190,50,160,210,400
10/25/2022,DHN,AL,ASO,ES,Federal Contract Tower,4,2,31,63,100,0,0,28,35,63,4,2,59,98,163,38,122,160,323
10/26/2022,DHN,AL,ASO,ES,Federal Contract Tower,4,2,41,72,119,0,0,54,33,87,4,2,95,105,206,30,148,178,384
10/27/2022,DHN,AL,ASO,ES,Federal Contract Tower,4,2,35,83,124,0,0,32,29,61,4,2,67,112,185,26,218,244,429
10/28/2022,DHN,AL,ASO,ES,Federal Contract Tower,4,5,23,73,105,0,0,26,12,38,4,5,49,85,143,26,82,108,251
10/29/2022,DHN,AL,ASO,ES,Federal Contract Tower,4,2,17,0,23,0,0,19,0,19,4,2,36,0,42,22,0,22,64
10/30/2022,DHN,AL,ASO,ES,Federal Contract Tower,4,0,13,0,17,0,0,2,0,2,4,0,15,0,19,0,0,0,19
10/31/2022,DHN,AL,ASO,ES,Federal Contract Tower,4,2,38,96,140,0,0,19,17,36,4,2,57,113,176,20,116,136,312
11/01/2022,DHN,AL,ASO,ES,Federal Contract Tower,4,2,18,53,77,0,0,16,30,46,4,2,34,83,123,30,160,190,313
11/02/2022,DHN,AL,ASO,ES,Federal Contract Tower,5,2,16,84,107,1,0,29,26,56,6,2,45,110,163,44,148,192,355
11/04/2022,DHN,AL,ASO,ES,Federal Contract Tower,4,2,24,79,109,0,0,23,37,60,4,2,47,116,169,14,203,217,386
11/05/2022,DHN,AL,ASO,ES,Federal Contract Tower,6,0,19,19,44,0,0,41,6,47,6,0,60,25,91,102,6,108,199
11/06/2022,DHN,AL,ASO,ES,Federal Contract Tower,4,4,24,26,58,0,0,23,8,31,4,4,47,34,89,64,18,82,171
11/07/2022,DHN,AL,ASO,ES,Federal Contract Tower,4,2,26,60,92,0,0,26,22,48,4,2,52,82,140,36,64,100,240
11/08/2022,DHN,AL,ASO,ES,Federal Contract Tower,4,4,24,69,101,0,0,21,33,54,4,4,45,102,155,30,138,168,323
11/09/2022,DHN,AL,ASO,ES,Federal Contract Tower,4,2,43,43,92,0,0,17,41,58,4,2,60,84,150,10,74,84,234
11/10/2022,DHN,AL,ASO,ES,Federal Contract Tower,4,5,31,40,80,0,0,5,14,19,4,5,36,54,99,2,66,68,167
11/11/2022,DHN,AL,ASO,ES,Federal Contract Tower,4,7,27,0,38,0,0,7,0,7,4,7,34,0,45,38,0,38,83
11/12/2022,DHN,AL,ASO,ES,Federal Contract Tower,4,2,9,18,33,0,0,27,8,35,4,2,36,26,68,12,0,12,80
11/13/2022,DHN,AL,ASO,ES,Federal Contract Tower,4,0,31,0,35,0,0,23,0,23,4,0,54,0,58,88,0,88,146
11/14/2022,DHN,AL,ASO,ES,Federal Contract Tower,4,3,19,43,69,0,1,39,26,66,4,4,58,69,135,56,130,186,321
11/15/2022,DHN,AL,ASO,ES,Federal Contract Tower,4,2,29,101,136,0,0,6,15,21,4,2,35,116,157,2,48,50,207
11/16/2022,DHN,AL,ASO,ES,Federal Contract Tower,5,5,38,96,144,1,6,29,32,68,6,11,67,128,212,90,164,254,466
11/17/2022,DHN,AL,ASO,ES,Federal Contract Tower,4,0,16,88,108,0,1,48,39,88,4,1,64,127,196,60,182,242,438
11/18/2022,DHN,AL,ASO,ES,Federal Contract Tower,4,3,30,56,93,0,0,38,50,88,4,3,68,106,181,38,172,210,391
11/19/2022,DHN,AL,ASO,ES,Federal Contract Tower,4,1,15,24,44,0,0,25,0,25,4,1,40,24,69,28,0,28,97
11/20/2022,DHN,AL,ASO,ES,Federal Contract Tower,4,0,9,13,26,0,0,19,7,26,4,0,28,20,52,4,0,4,56
11/21/2022,DHN,AL,ASO,ES,Federal Contract Tower,4,2,12,79,97,0,0,49,35,84,4,2,61,114,181,38,118,156,337
11/22/2022,DHN,AL,ASO,ES,Federal Contract Tower,6,2,46,92,146,0,0,23,4,27,6,2,69,96,173,50,18,68,241
11/23/2022,DHN,AL,ASO,ES,Federal Contract Tower,4,3,29,31,67,0,0,55,32,87,4,3,84,63,154,54,140,194,348
11/24/2022,DHN,AL,ASO,ES,Federal Contract Tower,2,1,2,0,5,0,0,0,0,0,2,1,2,0,5,0,0,0,5
11/25/2022,DHN,AL,ASO,ES,Federal Contract Tower,4,2,15,0,21,0,0,0,0,0,4,2,15,0,21,0,0,0,21
11/26/2022,DHN,AL,ASO,ES,Federal Contract Tower,4,1,15,0,20,0,0,0,0,0,4,1,15,0,20,0,0,0,20
11/27/2022,DHN,AL,ASO,ES,Federal Contract Tower,4,1,12,3,20,0,3,8,0,11,4,4,20,3,31,4,0,4,35
11/28/2022,DHN,AL,ASO,ES,Federal Contract Tower,7,0,33,47,87,0,2,35,20,57,7,2,68,67,144,16,84,100,244
11/29/2022,DHN,AL,ASO,ES,Federal Contract Tower,4,2,25,80,111,0,0,41,31,72,4,2,66,111,183,10,154,164,347
11/30/2022,DHN,AL,ASO,ES,Federal Contract Tower,5,3,32,85,125,0,0,22,16,38,5,3,54,101,163,22,76,98,261
12/01/2022,DHN,AL,ASO,ES,Federal Contract Tower,4,6,21,93,124,0,0,33,18,51,4,6,54,111,175,15,94,109,284
12/02/2022,DHN,AL,ASO,ES,Federal Contract Tower,4,2,21,113,140,0,0,36,26,62,4,2,57,139,202,68,130,198,400
12/03/2022,DHN,AL,ASO,ES,Federal Contract Tower,4,0,14,21,39,0,0,33,4,37,4,0,47,25,76,38,0,38,114
12/04/2022,DHN,AL,ASO,ES,Federal Contract Tower,4,2,21,9,36,0,0,11,0,11,4,2,32,9,47,22,0,22,69
12/05/2022,DHN,AL,ASO,ES,Federal Contract Tower,4,0,24,115,143,0,0,21,21,42,4,0,45,136,185,20,134,154,339
12/06/2022,DHN,AL,ASO,ES,Federal Contract Tower,4,2,22,54,82,0,0,19,13,32,4,2,41,67,114,32,83,115,229
12/07/2022,DHN,AL,ASO,ES,Federal Contract Tower,4,2,20,112,138,0,0,25,20,45,4,2,45,132,183,16,102,118,301
12/08/2022,DHN,AL,ASO,ES,Federal Contract Tower,4,5,17,90,116,0,1,28,20,49,4,6,45,110,165,20,128,148,313
12/09/2022,DHN,AL,ASO,ES,Federal Contract Tower,4,2,28,64,98,0,0,31,28,59,4,2,59,92,157,42,164,206,363
12/10/2022,DHN,AL,ASO,ES,Federal Contract Tower,4,0,17,5,26,0,0,0,0,0,4,0,17,5,26,0,0,0,26
12/11/2022,DHN,AL,ASO,ES,Federal Contract Tower,4,0,9,19,32,0,0,1,0,1,4,0,10,19,33,0,6,6,39
12/12/2022,DHN,AL,ASO,ES,Federal Contract Tower,6,0,47,81,134,0,0,0,0,0,6,0,47,81,134,0,0,0,134
12/13/2022,DHN,AL,ASO,ES,Federal Contract Tower,4,6,41,108,159,0,0,10,28,38,4,6,51,136,197,10,100,110,307
12/14/2022,DHN,AL,ASO,ES,Federal Contract Tower,4,2,30,64,100,0,0,0,0,0,4,2,30,64,100,0,0,0,100
12/15/2022,DHN,AL,ASO,ES,Federal Contract Tower,4,2,24,71,101,0,2,40,35,77,4,4,64,106,178,48,202,250,428
12/16/2022,DHN,AL,ASO,ES,Federal Contract Tower,5,4,28,66,103,0,0,46,29,75,5,4,74,95,178,50,138,188,366
12/17/2022,DHN,AL,ASO,ES,Federal Contract Tower,4,2,11,4,21,0,0,22,0,22,4,2,33,4,43,15,0,15,58
12/18/2022,DHN,AL,ASO,ES,Federal Contract Tower,4,2,31,22,59,0,0,16,1,17,4,2,47,23,76,12,0,12,88
12/19/2022,DHN,AL,ASO,ES,Federal Contract Tower,3,4,17,8,32,0,0,9,1,10,3,4,26,9,42,30,0,30,72
12/20/2022,DHN,AL,ASO,ES,Federal Contract Tower,4,3,4,13,24,0,0,0,0,0,4,3,4,13,24,0,0,0,24
12/21/2022,DHN,AL,ASO,ES,Federal Contract Tower,3,3,9,4,19,0,0,0,0,0,3,3,9,4,19,0,0,0,19
12/22/2022,DHN,AL,ASO,ES,Federal Contract Tower,4,8,4,2,18,0,0,0,0,0,4,8,4,2,18,0,0,0,18
12/23/2022,DHN,AL,ASO,ES,Federal Contract Tower,4,3,4,0,11,0,0,2,0,2,4,3,6,0,13,0,0,0,13
12/24/2022,DHN,AL,ASO,ES,Federal Contract Tower,2,2,1,0,5,0,0,0,0,0,2,2,1,0,5,0,0,0,5
12/25/2022,DHN,AL,ASO,ES,Federal Contract Tower,4,2,1,0,7,0,0,0,0,0,4,2,1,0,7,0,0,0,7
12/26/2022,DHN,AL,ASO,ES,Federal Contract Tower,4,1,9,0,14,0,0,17,0,17,4,1,26,0,31,4,0,4,35
12/27/2022,DHN,AL,ASO,ES,Federal Contract Tower,4,3,24,10,41,0,0,28,0,28,4,3,52,10,69,60,0,60,129
12/28/2022,DHN,AL,ASO,ES,Federal Contract Tower,5,3,19,20,47,0,0,20,2,22,5,3,39,22,69,26,2,28,97
12/29/2022,DHN,AL,ASO,ES,Federal Contract Tower,4,3,10,14,31,0,0,35,1,36,4,3,45,15,67,30,6,36,103
12/30/2022,DHN,AL,ASO,ES,Federal Contract Tower,3,3,14,5,25,0,0,9,0,9,3,3,23,5,34,0,0,0,34
12/31/2022,DHN,AL,ASO,ES,Federal Contract Tower,2,0,3,0,5,0,0,2,0,2,2,0,5,0,7,0,0,0,7
01/01/2023,DHN,AL,ASO,ES,Federal Contract Tower,4,0,15,0,19,0,0,11,0,11,4,0,26,0,30,22,0,22,52
01/02/2023,DHN,AL,ASO,ES,Federal Contract Tower,4,1,15,0,20,0,0,2,0,2,4,1,17,0,22,0,0,0,22
01/03/2023,DHN,AL,ASO,ES,Federal Contract Tower,6,3,26,62,97,0,0,1,9,10,6,3,27,71,107,2,54,56,163
01/04/2023,DHN,AL,ASO,ES,Federal Contract Tower,4,3,17,24,48,0,3,26,16,45,4,6,43,40,93,72,86,158,251
01/05/2023,DHN,AL,ASO,ES,Federal Contract Tower,4,5,17,74,100,0,0,41,22,63,4,5,58,96,163,14,130,144,307
01/06/2023,DHN,AL,ASO,ES,Federal Contract Tower,4,3,23,101,131,0,1,39,24,64,4,4,62,125,195,24,186,210,405
01/07/2023,DHN,AL,ASO,ES,Federal Contract Tower,4,1,21,10,36,0,0,33,0,33,4,1,54,10,69,20,2,22,91
01/08/2023,DHN,AL,ASO,ES,Federal Contract Tower,4,0,7,9,20,0,0,11,7,18,4,0,18,16,38,44,0,44,82
01/09/2023,DHN,AL,ASO,ES,Federal Contract Tower,4,3,24,45,76,0,0,24,23,47,4,3,48,68,123,20,126,146,269
01/10/2023,DHN,AL,ASO,ES,Federal Contract Tower,7,6,24,71,108,0,1,54,34,89,7,7,78,105,197,4,178,182,379
01/11/2023,DHN,AL,ASO,ES,Federal Contract Tower,4,2,26,92,124,0,0,49,40,89,4,2,75,132,213,38,156,194,407
01/12/2023,DHN,AL,ASO,ES,Federal Contract Tower,4,2,17,46,69,0,0,23,10,33,4,2,40,56,102,26,20,46,148
01/13/2023,DHN,AL,ASO,ES,Federal Contract Tower,6,0,18,24,48,2,0,14,20,36,8,0,32,44,84,66,126,192,276
01/14/2023,DHN,AL,ASO,ES,Federal Contract Tower,4,0,8,7,19,0,0,30,1,31,4,0,38,8,50,20,0,20,70
01/15/2023,DHN,AL,ASO,ES,Federal Contract Tower,4,0,22,11,37,0,0,29,1,30,4,0,51,12,67,44,0,44,111
01/16/2023,DHN,AL,ASO,ES,Federal Contract Tower,4,0,16,0,20,0,0,28,0,28,4,0,44,0,48,48,0,48,96
01/17/2023,DHN,AL,ASO,ES,Federal Contract Tower,4,3,21,96,124,0,0,21,27,48,4,3,42,123,172,48,140,188,360
01/18/2023,DHN,AL,ASO,ES,Federal Contract Tower,4,2,17,35,58,0,0,16,16,32,4,2,33,51,90,36,44,80,170
01/19/2023,DHN,AL,ASO,ES,Federal Contract Tower,4,10,49,88,151,0,0,27,24,51,4,10,76,112,202,50,134,184,386
01/20/2023,DHN,AL,ASO,ES,Federal Contract Tower,4,2,24,32,62,0,0,51,18,69,4,2,75,50,131,68,94,162,293
01/21/2023,DHN,AL,ASO,ES,Federal Contract Tower,4,0,5,43,52,0,0,12,0,12,4,0,17,43,64,8,0,8,72
01/22/2023,DHN,AL,ASO,ES,Federal Contract Tower,4,0,21,6,31,0,0,0,0,0,4,0,21,6,31,0,0,0,31
01/23/2023,DHN,AL,ASO,ES,Federal Contract Tower,5,2,39,89,135,0,0,38,11,49,5,2,77,100,184,58,38,96,280
01/24/2023,DHN,AL,ASO,ES,Federal Contract Tower,4,2,27,109,142,0,0,50,26,76,4,2,77,135,218,36,76,112,330
01/25/2023,DHN,AL,ASO,ES,Federal Contract Tower,5,5,34,57,101,0,0,41,11,52,5,5,75,68,153,120,44,164,317
01/26/2023,DHN,AL,ASO,ES,Federal Contract Tower,4,4,24,104,136,0,0,43,17,60,4,4,67,121,196,22,108,130,326
01/27/2023,DHN,AL,ASO,ES,Federal Contract Tower,4,3,12,76,95,0,0,50,33,83,4,3,62,109,178,34,108,142,320
01/28/2023,DHN,AL,ASO,ES,Federal Contract Tower,4,0,18,11,33,0,0,72,1,73,4,0,90,12,106,40,10,50,156
01/29/2023,DHN,AL,ASO,ES,Federal Contract Tower,4,0,11,2,17,0,0,0,0,0,4,0,11,2,17,0,0,0,17
01/30/2023,DHN,AL,ASO,ES,Federal Contract Tower,4,1,37,66,108,0,0,13,7,20,4,1,50,73,128,28,14,42,170
01/31/2023,DHN,AL,ASO,ES,Federal Contract Tower,4,2,19,116,141,0,0,14,28,42,4,2,33,144,183,2,140,142,325
02/01/2023,DHN,AL,ASO,ES,Federal Contract Tower,6,6,25,76,113,0,0,24,20,44,6,6,49,96,157,12,74,86,243
02/02/2023,DHN,AL,ASO,ES,Federal Contract Tower,4,2,37,83,126,0,0,0,0,0,4,2,37,83,126,0,0,0,126
02/03/2023,DHN,AL,ASO,ES,Federal Contract Tower,4,2,38,61,105,0,0,35,47,82,4,2,73,108,187,44,158,202,389
02/04/2023,DHN,AL,ASO,ES,Federal Contract Tower,4,2,36,2,44,0,0,29,0,29,4,2,65,2,73,46,0,46,119
02/05/2023,DHN,AL,ASO,ES,Federal Contract Tower,4,0,20,6,30,0,0,36,4,40,4,0,56,10,70,122,0,122,192
02/06/2023,DHN,AL,ASO,ES,Federal Contract Tower,4,2,13,73,92,0,0,22,24,46,4,2,35,97,138,30,154,184,322
02/07/2023,DHN,AL,ASO,ES,Federal Contract Tower,4,3,25,54,86,0,0,37,46,83,4,3,62,100,169,24,108,132,301
02/08/2023,DHN,AL,ASO,ES,Federal Contract Tower,6,3,17,102,128,0,1,41,51,93,6,4,58,153,221,52,216,268,489
02/09/2023,DHN,AL,ASO,ES,Federal Contract Tower,6,2,10,75,93,0,0,6,23,29,6,2,16,98,122,0,102,102,224
02/10/2023,DHN,AL,ASO,ES,Federal Contract Tower,4,2,44,98,148,0,0,5,18,23,4,2,49,116,171,0,92,92,263
02/11/2023,DHN,AL,ASO,ES,Federal Contract Tower,3,2,7,0,12,0,0,0,0,0,3,2,7,0,12,0,0,0,12
02/12/2023,DHN,AL,ASO,ES,Federal Contract Tower,4,0,15,0,19,0,0,10,8,18,4,0,25,8,37,42,0,42,79
02/13/2023,DHN,AL,ASO,ES,Federal Contract Tower,4,3,43,35,85,0,0,29,24,53,4,3,72,59,138,60,108,168,306
02/14/2023,DHN,AL,ASO,ES,Federal Contract Tower,4,2,22,57,85,0,0,37,41,78,4,2,59,98,163,40,100,140,303
02/15/2023,DHN,AL,ASO,ES,Federal Contract Tower,4,4,31,85,124,0,0,34,43,77,4,4,65,128,201,32,210,242,443
02/16/2023,DHN,AL,ASO,ES,Federal Contract Tower,4,2,42,96,144,0,2,14,31,47,4,4,56,127,191,44,150,194,385
02/17/2023,DHN,AL,ASO,ES,Federal Contract Tower,4,2,24,31,61,0,0,7,14,21,4,2,31,45,82,34,86,120,202
02/18/2023,DHN,AL,ASO,ES,Federal Contract Tower,4,0,24,0,28,0,0,30,0,30,4,0,54,0,58,22,0,22,80
02/19/2023,DHN,AL,ASO,ES,Federal Contract Tower,4,1,17,0,22,0,0,37,0,37,4,1,54,0,59,18,0,18,77
02/20/2023,DHN,AL,ASO,ES,Federal Contract Tower,4,2,21,0,27,0,0,20,0,20,4,2,41,0,47,52,0,52,99
02/21/2023,DHN,AL,ASO,ES,Federal Contract Tower,4,6,44,101,155,0,0,24,11,35,4,6,68,112,190,70,4,74,264
02/22/2023,DHN,AL,ASO,ES,Federal Contract Tower,4,3,33,96,136,0,0,22,11,33,4,3,55,107,169,6,68,74,243
02/23/2023,DHN,AL,ASO,ES,Federal Contract Tower,5,6,41,99,151,0,0,29,20,49,5,6,70,119,200,32,104,136,336
02/24/2023,DHN,AL,ASO,ES,Federal Contract Tower,5,3,24,73,105,0,0,37,24,61,5,3,61,97,166,38,102,140,306
02/25/2023,DHN,AL,ASO,ES,Federal Contract Tower,4,2,17,19,42,0,0,31,0,31,4,2,48,19,73,42,0,42,115
02/26/2023,DHN,AL,ASO,ES,Federal Contract Tower,4,1,22,33,60,0,0,29,1,30,4,1,51,34,90,52,0,52,142
02/27/2023,DHN,AL,ASO,ES,Federal Contract Tower,4,0,34,63,101,0,0,21,11,32,4,0,55,74,133,2,16,18,151
02/28/2023,DHN,AL,ASO,ES,Federal Contract Tower,4,2,34,107,147,0,0,40,31,71,4,2,74,138,218,8,126,134,352
03/01/2023,DHN,AL,ASO,ES,Federal Contract Tower,5,3,36,61,105,0,0,37,19,56,5,3,73,80,161,38,54,92,253
03/02/2023,DHN,AL,ASO,ES,Federal Contract Tower,5,3,40,78,126,0,0,25,11,36,5,3,65,89,162,24,28,52,214
03/03/2023,DHN,AL,ASO,ES,Federal Contract Tower,4,3,19,51,77,0,0,8,7,15,4,3,27,58,92,4,10,14,106
03/04/2023,DHN,AL,ASO,ES,Federal Contract Tower,5,0,22,4,31,0,0,62,1,63,5,0,84,5,94,74,0,74,168
03/05/2023,DHN,AL,ASO,ES,Federal Contract Tower,4,0,20,3,27,0,0,22,7,29,4,0,42,10,56,34,0,34,90
03/06/2023,DHN,AL,ASO,ES,Federal Contract Tower,7,3,37,86,133,0,0,61,27,88,7,3,98,113,221,86,110,196,417
03/07/2023,DHN,AL,ASO,ES,Federal Contract Tower,4,1,31,132,168,0,0,32,13,45,4,1,63,145,213,73,70,143,356
03/08/2023,DHN,AL,ASO,ES,Federal Contract Tower,4,4,30,131,169,0,0,45,41,86,4,4,75,172,255,44,122,166,421
03/09/2023,DHN,AL,ASO,ES,Federal Contract Tower,4,5,32,114,155,0,0,17,45,62,4,5,49,159,217,24,216,240,457
03/10/2023,DHN,AL,ASO,ES,Federal Contract Tower,4,5,31,75,115,0,0,16,15,31,4,5,47,90,146,2,68,70,216
03/11/2023,DHN,AL,ASO,ES,Federal Contract Tower,4,7,19,0,30,0,0,56,0,56,4,7,75,0,86,112,0,112,198
03/12/2023,DHN,AL,ASO,ES,Federal Contract Tower,4,0,8,0,12,0,0,0,0,0,4,0,8,0,12,0,0,0,12
03/13/2023,DHN,AL,ASO,ES,Federal Contract Tower,5,6,37,75,123,0,0,18,25,43,5,6,55,100,166,34,122,156,322
03/14/2023,DHN,AL,ASO,ES,Federal Contract Tower,4,4,34,59,101,0,0,40,41,81,4,4,74,100,182,6,114,120,302
03/15/2023,DHN,AL,ASO,ES,Federal Contract Tower,4,5,38,86,133,0,0,41,41,82,4,5,79,127,215,62,104,166,381
03/16/2023,DHN,AL,ASO,ES,Federal Contract Tower,4,2,27,60,93,0,0,33,31,64,4,2,60,91,157,70,108,178,335
03/17/2023,DHN,AL,ASO,ES,Federal Contract Tower,3,8,9,65,85,0,0,7,25,32,3,8,16,90,117,2,108,110,227
03/18/2023,DHN,AL,ASO,ES,Federal Contract Tower,4,0,10,6,20,0,0,30,1,31,4,0,40,7,51,14,2,16,67
03/19/2023,DHN,AL,ASO,ES,Federal Contract Tower,4,0,17,7,28,0,0,17,3,20,4,0,34,10,48,18,0,18,66
03/20/2023,DHN,AL,ASO,ES,Federal Contract Tower,4,5,11,99,119,0,0,27,31,58,4,5,38,130,177,76,178,254,431
03/21/2023,DHN,AL,ASO,ES,Federal Contract Tower,4,4,23,85,116,0,2,42,32,76,4,6,65,117,192,28,166,194,386
03/22/2023,DHN,AL,ASO,ES,Federal Contract Tower,7,5,30,95,137,0,0,22,28,50,7,5,52,123,187,22,100,122,309
03/23/2023,DHN,AL,ASO,ES,Federal Contract Tower,4,8,27,35,74,0,2,28,20,50,4,10,55,55,124,14,78,92,216
03/24/2023,DHN,AL,ASO,ES,Federal Contract Tower,4,5,26,36,71,0,0,21,15,36,4,5,47,51,107,20,138,158,265
03/25/2023,DHN,AL,ASO,ES,Federal Contract Tower,4,2,10,0,16,0,0,4,0,4,4,2,14,0,20,0,0,0,20
03/26/2023,DHN,AL,ASO,ES,Federal Contract Tower,4,0,23,0,27,0,0,2,2,4,4,0,25,2,31,56,0,56,87
03/27/2023,DHN,AL,ASO,ES,Federal Contract Tower,4,5,18,24,51,0,0,0,0,0,4,5,18,24,51,0,0,0,51
03/28/2023,DHN,AL,ASO,ES,Federal Contract Tower,4,2,16,43,65,0,0,8,9,17,4,2,24,52,82,58,20,78,160
03/29/2023,DHN,AL,ASO,ES,Federal Contract Tower,4,2,28,76,110,0,0,40,26,66,4,2,68,102,176,56,166,222,398
03/30/2023,DHN,AL,ASO,ES,Federal Contract Tower,4,2,19,64,89,0,0,46,34,80,4,2,65,98,169,40,128,168,337
03/31/2023,DHN,AL,ASO,ES,Federal Contract Tower,4,2,19,87,112,0,0,33,38,71,4,2,52,125,183,36,128,164,347
04/01/2023,DHN,AL,ASO,ES,Federal Contract Tower,4,1,10,0,15,0,0,6,0,6,4,1,16,0,21,6,0,6,27
04/02/2023,DHN,AL,ASO,ES,Federal Contract Tower,4,1,26,1,32,0,0,42,8,50,4,1,68,9,82,126,0,126,208
04/03/2023,DHN,AL,ASO,ES,Federal Contract Tower,8,5,23,61,97,0,0,10,7,17,8,5,33,68,114,6,46,52,166
04/04/2023,DHN,AL,ASO,ES,Federal Contract Tower,4,2,36,102,144,0,0,37,32,69,4,2,73,134,213,72,104,176,389
04/05/2023,DHN,AL,ASO,ES,Federal Contract Tower,4,6,17,125,152,0,0,38,32,70,4,6,55,157,222,96,106,202,424
04/06/2023,DHN,AL,ASO,ES,Federal Contract Tower,4,4,24,122,154,0,0,37,40,77,4,4,61,162,231,24,214,238,469
04/07/2023,DHN,AL,ASO,ES,Federal Contract Tower,5,3,20,51,79,0,0,32,32,64,5,3,52,83,143,70,160,230,373
04/08/2023,DHN,AL,ASO,ES,Federal Contract Tower,4,1,4,1,10,0,0,0,0,0,4,1,4,1,10,0,0,0,10
04/09/2023,DHN,AL,ASO,ES,Federal Contract Tower,4,0,7,0,11,0,0,3,0,3,4,0,10,0,14,4,0,4,18
04/10/2023,DHN,AL,ASO,ES,Federal Contract Tower,4,2,29,61,96,0,0,27,29,56,4,2,56,90,152,26,134,160,312
04/11/2023,DHN,AL,ASO,ES,Federal Contract Tower,4,3,29,55,91,0,0,49,41,90,4,3,78,96,181,36,108,144,325
04/12/2023,DHN,AL,ASO,ES,Federal Contract Tower,4,2,32,69,107,0,0,50,35,85,4,2,82,104,192,44,100,144,336
04/13/2023,DHN,AL,ASO,ES,Federal Contract Tower,4,2,28,67,101,0,0,21,25,46,4,2,49,92,147,10,82,92,239
04/14/2023,DHN,AL,ASO,ES,Federal Contract Tower,4,2,32,80,118,0,0,37,28,65,4,2,69,108,183,52,112,164,347
04/15/2023,DHN,AL,ASO,ES,Federal Contract Tower,4,0,19,1,24,0,0,36,1,37,4,0,55,2,61,70,0,70,131
04/16/2023,DHN,AL,ASO,ES,Federal Contract Tower,4,0,27,15,46,0,0,14,6,20,4,0,41,21,66,64,0,64,130
04/17/2023,DHN,AL,ASO,ES,Federal Contract Tower,4,3,33,67,107,0,0,46,15,61,4,3,79,82,168,58,72,130,298
04/18/2023,DHN,AL,ASO,ES,Federal Contract Tower,4,4,40,70,118,0,0,27,22,49,4,4,67,92,167,46,62,108,275
04/19/2023,DHN,AL,ASO,ES,Federal Contract Tower,5,3,38,67,113,0,0,48,18,66,5,3,86,85,179,38,50,88,267
04/20/2023,DHN,AL,ASO,ES,Federal Contract Tower,5,4,27,51,87,0,0,57,17,74,5,4,84,68,161,64,60,124,285
04/21/2023,DHN,AL,ASO,ES,Federal Contract Tower,4,6,19,76,105,0,0,46,27,73,4,6,65,103,178,96,128,224,402
04/22/2023,DHN,AL,ASO,ES,Federal Contract Tower,4,0,30,0,34,0,0,36,0,36,4,0,66,0,70,50,0,50,120
04/23/2023,DHN,AL,ASO,ES,Federal Contract Tower,4,0,14,3,21,0,0,40,9,49,4,0,54,12,70,70,0,70,140
04/24/2023,DHN,AL,ASO,ES,Federal Contract Tower,4,4,18,33,59,0,1,38,7,46,4,5,56,40,105,70,44,114,219
04/25/2023,DHN,AL,ASO,ES,Federal Contract Tower,5,3,25,88,121,0,0,44,19,63,5,3,69,107,184,80,122,202,386
04/26/2023,DHN,AL,ASO,ES,Federal Contract Tower,5,11,18,61,95,0,0,32,29,61,5,11,50,90,156,94,116,210,366
04/27/2023,DHN,AL,ASO,ES,Federal Contract Tower,4,4,26,49,83,0,0,0,0,0,4,4,26,49,83,0,0,0,83
04/28/2023,DHN,AL,ASO,ES,Federal Contract Tower,4,2,54,97,157,0,0,17,11,28,4,2,71,108,185,28,58,86,271
04/29/2023,DHN,AL,ASO,ES,Federal Contract Tower,4,0,12,0,16,0,0,22,0,22,4,0,34,0,38,40,0,40,78
04/30/2023,DHN,AL,ASO,ES,Federal Contract Tower,4,2,14,0,20,0,0,13,0,13,4,2,27,0,33,34,0,34,67
05/01/2023,DHN,AL,ASO,ES,Federal Contract Tower,4,2,25,20,51,0,0,24,8,32,4,2,49,28,83,42,60,102,185
05/02/2023,DHN,AL,ASO,ES,Federal Contract Tower,3,2,20,79,104,0,0,31,20,51,3,2,51,99,155,46,178,224,379
05/03/2023,DHN,AL,ASO,ES,Federal Contract Tower,4,3,34,118,159,0,0,42,43,85,4,3,76,161,244,36,178,214,458
05/04/2023,DHN,AL,ASO,ES,Federal Contract Tower,4,4,21,62,91,0,0,28,32,60,4,4,49,94,151,8,140,148,299
05/05/2023,DHN,AL,ASO,ES,Federal Contract Tower,4,8,22,79,113,0,0,18,36,54,4,8,40,115,167,12,170,182,349
05/06/2023,DHN,AL,ASO,ES,Federal Contract Tower,4,0,10,4,18,0,0,41,0,41,4,0,51,4,59,58,0,58,117
05/07/2023,DHN,AL,ASO,ES,Federal Contract Tower,4,0,18,19,41,0,0,37,4,41,4,0,55,23,82,86,0,86,168
05/08/2023,DHN,AL,ASO,ES,Federal Contract Tower,5,4,25,83,117,0,0,16,8,24,5,4,41,91,141,18,52,70,211
05/09/2023,DHN,AL,ASO,ES,Federal Contract Tower,6,2,24,93,125,0,0,13,51,64,6,2,37,144,189,16,160,176,365
05/10/2023,DHN,AL,ASO,ES,Federal Contract Tower,4,4,22,61,91,0,0,46,40,86,4,4,68,101,177,62,156,218,395
05/11/2023,DHN,AL,ASO,ES,Federal Contract Tower,4,2,18,126,150,0,0,11,17,28,4,2,29,143,178,38,80,118,296
05/12/2023,DHN,AL,ASO,ES,Federal Contract Tower,4,3,13,80,100,0,0,14,32,46,4,3,27,112,146,2,88,90,236
05/13/2023,DHN,AL,ASO,ES,Federal Contract Tower,5,4,19,10,38,0,0,34,0,34,5,4,53,10,72,44,0,44,116
05/14/2023,DHN,AL,ASO,ES,Federal Contract Tower,4,0,9,15,28,0,0,26,3,29,4,0,35,18,57,46,0,46,103
05/15/2023,DHN,AL,ASO,ES,Federal Contract Tower,4,4,13,49,70,0,0,25,8,33,4,4,38,57,103,22,42,64,167
05/16/2023,DHN,AL,ASO,ES,Federal Contract Tower,4,6,27,95,132,0,0,10,12,22,4,6,37,107,154,16,84,100,254
05/17/2023,DHN,AL,ASO,ES,Federal Contract Tower,4,3,48,99,154,0,0,11,26,37,4,3,59,125,191,16,86,102,293
05/18/2023,DHN,AL,ASO,ES,Federal Contract Tower,4,6,25,79,114,0,0,26,21,47,4,6,51,100,161,56,58,114,275
05/19/2023,DHN,AL,ASO,ES,Federal Contract Tower,4,4,38,124,170,0,0,5,3,8,4,4,43,127,178,34,26,60,238
05/20/2023,DHN,AL,ASO,ES,Federal Contract Tower,5,0,15,2,22,0,0,56,0,56,5,0,71,2,78,54,0,54,132
05/21/2023,DHN,AL,ASO,ES,Federal Contract Tower,4,0,24,19,47,0,0,20,7,27,4,0,44,26,74,38,0,38,112
05/22/2023,DHN,AL,ASO,ES,Federal Contract Tower,4,2,32,45,83,0,0,10,4,14,4,2,42,49,97,50,58,108,205
05/23/2023,DHN,AL,ASO,ES,Federal Contract Tower,4,2,34,75,115,0,0,3,0,3,4,2,37,75,118,0,12,12,130
05/24/2023,DHN,AL,ASO,ES,Federal Contract Tower,5,4,32,124,165,0,1,39,26,66,5,5,71,150,231,108,102,210,441
05/25/2023,DHN,AL,ASO,ES,Federal Contract Tower,5,2,20,63,90,0,0,69,45,114,5,2,89,108,204,66,166,232,436
05/26/2023,DHN,AL,ASO,ES,Federal Contract Tower,5,3,26,86,120,0,0,34,20,54,5,3,60,106,174,18,92,110,284
05/27/2023,DHN,AL,ASO,ES,Federal Contract Tower,4,0,4,1,9,0,0,22,2,24,4,0,26,3,33,0,0,0,33
05/28/2023,DHN,AL,ASO,ES,Federal Contract Tower,4,0,23,2,29,0,0,34,0,34,4,0,57,2,63,68,0,68,131
05/29/2023,DHN,AL,ASO,ES,Federal Contract Tower,4,1,11,0,16,0,0,16,0,16,4,1,27,0,32,40,0,40,72
05/30/2023,DHN,AL,ASO,ES,Federal Contract Tower,5,2,23,112,142,0,0,52,27,79,5,2,75,139,221,106,158,264,485
05/31/2023,DHN,AL,ASO,ES,Federal Contract Tower,4,2,22,105,133,0,0,20,32,52,4,2,42,137,185,10,118,128,313
06/01/2023,DHN,AL,ASO,ES,Federal Contract Tower,5,3,31,113,152,0,0,36,21,57,5,3,67,134,209,56,90,146,355
06/02/2023,DHN,AL,ASO,ES,Federal Contract Tower,4,2,22,63,91,0,0,61,33,94,4,2,83,96,185,24,84,108,293
06/03/2023,DHN,AL,ASO,ES,Federal Contract Tower,4,0,14,24,42,0,0,34,0,34,4,0,48,24,76,70,0,70,146
06/04/2023,DHN,AL,ASO,ES,Federal Contract Tower,5,0,7,42,54,0,0,27,5,32,5,0,34,47,86,60,0,60,146
06/05/2023,DHN,AL,ASO,ES,Federal Contract Tower,4,4,8,108,124,0,0,39,19,58,4,4,47,127,182,42,160,202,384
06/06/2023,DHN,AL,ASO,ES,Federal Contract Tower,4,3,44,68,119,0,0,30,30,60,4,3,74,98,179,40,128,168,347
06/07/2023,DHN,AL,ASO,ES,Federal Contract Tower,4,6,34,61,105,0,0,48,27,75,4,6,82,88,180,12,84,96,276
06/08/2023,DHN,AL,ASO,ES,Federal Contract Tower,4,3,21,105,133,0,0,57,38,95,4,3,78,143,228,36,126,162,390
06/09/2023,DHN,AL,ASO,ES,Federal Contract Tower,4,2,35,107,148,0,0,62,31,93,4,2,97,138,241,42,100,142,383
06/10/2023,DHN,AL,ASO,ES,Federal Contract Tower,6,0,11,3,20,0,0,37,0,37,6,0,48,3,57,106,0,106,163
06/11/2023,DHN,AL,ASO,ES,Federal Contract Tower,4,2,8,10,24,0,0,9,8,17,4,2,17,18,41,40,0,40,81
06/12/2023,DHN,AL,ASO,ES,Federal Contract Tower,4,2,21,46,73,0,0,18,21,39,4,2,39,67,112,10,120,130,242
06/13/2023,DHN,AL,ASO,ES,Federal Contract Tower,4,4,20,74,102,0,0,33,21,54,4,4,53,95,156,76,80,156,312
06/14/2023,DHN,AL,ASO,ES,Federal Contract Tower,3,3,26,49,81,0,0,15,1,16,3,3,41,50,97,48,4,52,149
06/15/2023,DHN,AL,ASO,ES,Federal Contract Tower,7,4,10,14,35,0,0,4,10,14,7,4,14,24,49,18,74,92,141
06/16/2023,DHN,AL,ASO,ES,Federal Contract Tower,4,5,52,75,136,0,0,21,3,24,4,5,73,78,160,42,6,48,208
06/17/2023,DHN,AL,ASO,ES,Federal Contract Tower,4,7,9,1,21,0,0,54,0,54,4,7,63,1,75,32,0,32,107
06/18/2023,DHN,AL,ASO,ES,Federal Contract Tower,3,0,7,0,10,0,0,20,0,20,3,0,27,0,30,96,0,96,126
06/19/2023,DHN,AL,ASO,ES,Federal Contract Tower,4,2,16,0,22,0,0,1,0,1,4,2,17,0,23,0,0,0,23
06/20/2023,DHN,AL,ASO,ES,Federal Contract Tower,4,5,37,144,190,0,0,39,21,60,4,5,76,165,250,24,138,162,412
06/21/2023,DHN,AL,ASO,ES,Federal Contract Tower,6,6,38,45,95,0,0,8,10,18,6,6,46,55,113,28,50,78,191
06/22/2023,DHN,AL,ASO,ES,Federal Contract Tower,7,7,27,81,122,0,0,41,38,79,7,7,68,119,201,36,138,174,375
06/23/2023,DHN,AL,ASO,ES,Federal Contract Tower,5,2,24,76,107,0,0,39,27,66,5,2,63,103,173,88,158,246,419
06/24/2023,DHN,AL,ASO,ES,Federal Contract Tower,4,1,18,13,36,0,0,36,3,39,4,1,54,16,75,68,12,80,155
06/25/2023,DHN,AL,ASO,ES,Federal Contract Tower,4,0,12,17,33,0,0,56,0,56,4,0,68,17,89,38,0,38,127
06/26/2023,DHN,AL,ASO,ES,Federal Contract Tower,4,6,37,122,169,0,0,49,20,69,4,6,86,142,238,36,40,76,314
06/27/2023,DHN,AL,ASO,ES,Federal Contract Tower,5,7,33,83,128,0,3,49,29,81,5,10,82,112,209,46,144,190,399
06/28/2023,DHN,AL,ASO,ES,Federal Contract Tower,4,8,38,111,161,0,0,51,29,80,4,8,89,140,241,36,172,208,449
06/29/2023,DHN,AL,ASO,ES,Federal Contract Tower,6,7,14,82,109,0,1,55,20,76,6,8,69,102,185,112,108,220,405
06/30/2023,DHN,AL,ASO,ES,Federal Contract Tower,5,4,24,87,120,0,0,56,29,85,5,4,80,116,205,54,122,176,381
07/01/2023,DHN,AL,ASO,ES,Federal Contract Tower,4,7,26,0,37,0,0,41,0,41,4,7,67,0,78,70,0,70,148
07/02/2023,DHN,AL,ASO,ES,Federal Contract Tower,4,1,5,2,12,0,0,21,2,23,4,1,26,4,35,40,0,40,75
07/03/2023,DHN,AL,ASO,ES,Federal Contract Tower,4,3,8,0,15,0,0,23,0,23,4,3,31,0,38,70,24,94,132
07/04/2023,DHN,AL,ASO,ES,Federal Contract Tower,3,0,3,0,6,0,0,7,0,7,3,0,10,0,13,0,0,0,13
07/05/2023,DHN,AL,ASO,ES,Federal Contract Tower,4,4,20,55,83,0,0,32,31,63,4,4,52,86,146,44,150,194,340
07/06/2023,DHN,AL,ASO,ES,Federal Contract Tower,7,3,17,107,134,0,0,47,40,87,7,3,64,147,221,10,176,186,407
07/07/2023,DHN,AL,ASO,ES,Federal Contract Tower,4,6,19,55,84,0,0,52,34,86,4,6,71,89,170,60,108,168,338
07/08/2023,DHN,AL,ASO,ES,Federal Contract Tower,4,1,10,24,39,0,0,21,1,22,4,1,31,25,61,52,0,52,113
07/09/2023,DHN,AL,ASO,ES,Federal Contract Tower,4,0,10,49,63,0,0,16,13,29,4,0,26,62,92,0,0,0,92
07/10/2023,DHN,AL,ASO,ES,Federal Contract Tower,4,3,21,91,119,0,0,22,12,34,4,3,43,103,153,18,110,128,281
07/11/2023,DHN,AL,ASO,ES,Federal Contract Tower,5,6,33,160,204,0,1,58,39,98,5,7,91,199,302,46,164,210,512
07/12/2023,DHN,AL,ASO,ES,Federal Contract Tower,4,4,22,145,175,0,0,28,53,81,4,4,50,198,256,22,178,200,456
07/13/2023,DHN,AL,ASO,ES,Federal Contract Tower,4,5,26,57,92,0,0,6,14,20,4,5,32,71,112,34,26,60,172
07/14/2023,DHN,AL,ASO,ES,Federal Contract Tower,4,6,22,124,156,0,0,6,30,36,4,6,28,154,192,30,136,166,358
07/15/2023,DHN,AL,ASO,ES,Federal Contract Tower,4,1,11,5,21,0,0,8,1,9,4,1,19,6,30,0,0,0,30
07/16/2023,DHN,AL,ASO,ES,Federal Contract Tower,4,2,14,2,22,0,0,4,6,10,4,2,18,8,32,10,0,10,42
07/17/2023,DHN,AL,ASO,ES,Federal Contract Tower,4,3,22,54,83,0,1,38,19,58,4,4,60,73,141,50,96,146,287
07/18/2023,DHN,AL,ASO,ES,Federal Contract Tower,4,4,25,58,91,0,0,46,26,72,4,4,71,84,163,92,84,176,339
07/19/2023,DHN,AL,ASO,ES,Federal Contract Tower,4,1,25,82,112,0,0,45,28,73,4,1,70,110,185,28,98,126,311
07/20/2023,DHN,AL,ASO,ES,Federal Contract Tower,4,4,17,62,87,0,0,68,38,106,4,4,85,100,193,26,104,130,323
07/21/2023,DHN,AL,ASO,ES,Federal Contract Tower,5,4,33,81,123,0,0,52,27,79,5,4,85,108,202,24,134,158,360
07/22/2023,DHN,AL,ASO,ES,Federal Contract Tower,4,3,9,0,16,0,0,4,6,10,4,3,13,6,26,4,12,16,42
07/23/2023,DHN,AL,ASO,ES,Federal Contract Tower,4,0,9,1,14,0,0,7,4,11,4,0,16,5,25,6,0,6,31
07/24/2023,DHN,AL,ASO,ES,Federal Contract Tower,5,8,31,58,102,0,0,51,15,66,5,8,82,73,168,48,116,164,332
07/25/2023,DHN,AL,ASO,ES,Federal Contract Tower,4,4,20,88,116,0,0,54,13,67,4,4,74,101,183,40,48,88,271
07/26/2023,DHN,AL,ASO,ES,Federal Contract Tower,4,5,26,87,122,0,0,57,22,79,4,5,83,109,201,34,74,108,309
07/27/2023,DHN,AL,ASO,ES,Federal Contract Tower,4,6,20,61,91,0,0,63,12,75,4,6,83,73,166,52,68,120,286
07/28/2023,DHN,AL,ASO,ES,Federal Contract Tower,4,2,32,50,88,0,0,49,28,77,4,2,81,78,165,64,116,180,345
07/29/2023,DHN,AL,ASO,ES,Federal Contract Tower,4,0,31,8,43,0,0,22,0,22,4,0,53,8,65,48,0,48,113
07/30/2023,DHN,AL,ASO,ES,Federal Contract Tower,2,5,23,16,46,0,0,23,6,29,2,5,46,22,75,2,0,2,77
07/31/2023,DHN,AL,ASO,ES,Federal Contract Tower,3,2,13,70,88,0,0,38,31,69,3,2,51,101,157,22,140,162,319
08/01/2023,DHN,AL,ASO,ES,Federal Contract Tower,5,2,23,29,59,0,1,38,32,71,5,3,61,61,130,32,122,154,284
08/02/2023,DHN,AL,ASO,ES,Federal Contract Tower,4,4,25,97,130,0,0,47,42,89,4,4,72,139,219,60,128,188,407
08/03/2023,DHN,AL,ASO,ES,Federal Contract Tower,4,4,26,79,113,0,0,34,41,75,4,4,60,120,188,36,172,208,396
08/04/2023,DHN,AL,ASO,ES,Federal Contract Tower,4,2,24,51,81,0,0,27,26,53,4,2,51,77,134,26,154,180,314
08/05/2023,DHN,AL,ASO,ES,Federal Contract Tower,4,2,7,0,13,0,0,13,0,13,4,2,20,0,26,30,0,30,56
08/06/2023,DHN,AL,ASO,ES,Federal Contract Tower,3,0,9,0,12,0,0,16,2,18,3,0,25,2,30,0,0,0,30
08/07/2023,DHN,AL,ASO,ES,Federal Contract Tower,3,3,12,82,100,0,0,29,26,55,3,3,41,108,155,22,130,152,307
08/08/2023,DHN,AL,ASO,ES,Federal Contract Tower,5,4,35,80,124,0,0,13,15,28,5,4,48,95,152,16,52,68,220
08/09/2023,DHN,AL,ASO,ES,Federal Contract Tower,6,6,30,86,128,0,0,28,23,51,6,6,58,109,179,30,110,140,319
08/10/2023,DHN,AL,ASO,ES,Federal Contract Tower,4,8,27,60,99,0,0,60,34,94,4,8,87,94,193,40,166,206,399
08/11/2023,DHN,AL,ASO,ES,Federal Contract Tower,4,1,23,61,89,0,0,18,45,63,4,1,41,106,152,30,114,144,296
08/12/2023,DHN,AL,ASO,ES,Federal Contract Tower,4,0,10,10,24,0,0,19,0,19,4,0,29,10,43,30,0,30,73
08/13/2023,DHN,AL,ASO,ES,Federal Contract Tower,4,0,11,14,29,0,0,10,1,11,4,0,21,15,40,28,0,28,68
08/14/2023,DHN,AL,ASO,ES,Federal Contract Tower,4,2,15,45,66,0,0,27,37,64,4,2,42,82,130,26,184,210,340
08/15/2023,DHN,AL,ASO,ES,Federal Contract Tower,3,3,41,74,121,0,0,24,22,46,3,3,65,96,167,12,104,116,283
08/16/2023,DHN,AL,ASO,ES,Federal Contract Tower,4,2,21,68,95,0,1,23,18,42,4,3,44,86,137,24,102,126,263
08/17/2023,DHN,AL,ASO,ES,Federal Contract Tower,4,3,26,87,120,0,0,29,28,57,4,3,55,115,177,18,164,182,359
08/18/2023,DHN,AL,ASO,ES,Federal Contract Tower,4,0,13,55,72,0,7,35,32,74,4,7,48,87,146,74,90,164,310
08/19/2023,DHN,AL,ASO,ES,Federal Contract Tower,4,4,7,3,18,0,0,27,1,28,4,4,34,4,46,30,0,30,76
08/20/2023,DHN,AL,ASO,ES,Federal Contract Tower,4,0,5,19,28,0,0,21,7,28,4,0,26,26,56,10,18,28,84
08/21/2023,DHN,AL,ASO,ES,Federal Contract Tower,4,10,25,91,130,0,4,42,21,67,4,14,67,112,197,56,110,166,363
08/22/2023,DHN,AL,ASO,ES,Federal Contract Tower,4,4,27,136,171,0,0,44,33,77,4,4,71,169,248,40,146,186,434
08/23/2023,DHN,AL,ASO,ES,Federal Contract Tower,4,5,35,74,118,0,0,24,27,51,4,5,59,101,169,18,138,156,325
08/24/2023,DHN,AL,ASO,ES,Federal Contract Tower,4,7,11,63,85,0,0,28,18,46,4,7,39,81,131,34,94,128,259
08/25/2023,DHN,AL,ASO,ES,Federal Contract Tower,4,4,20,54,82,0,0,66,26,92,4,4,86,80,174,54,142,196,370
08/26/2023,DHN,AL,ASO,ES,Federal Contract Tower,4,0,16,22,42,0,0,40,3,43,4,0,56,25,85,66,24,90,175
08/27/2023,DHN,AL,ASO,ES,Federal Contract Tower,4,2,9,25,40,0,0,25,5,30,4,2,34,30,70,30,0,30,100
08/28/2023,DHN,AL,ASO,ES,Federal Contract Tower,4,3,20,81,108,0,0,39,13,52,4,3,59,94,160,66,12,78,238
08/29/2023,DHN,AL,ASO,ES,Federal Contract Tower,4,4,31,45,84,0,0,29,11,40,4,4,60,56,124,34,88,122,246
08/30/2023,DHN,AL,ASO,ES,Federal Contract Tower,5,5,38,66,114,0,0,18,9,27,5,5,56,75,141,20,14,34,175
08/31/2023,DHN,AL,ASO,ES,Federal Contract Tower,5,4,24,60,93,0,0,67,31,98,5,4,91,91,191,82,158,240,431
